01/01/2000,LEX,KY,ASO,CE,Towers with Radar,14,24,30,0,68,5,4,10,0,19,19,28,40,0,87,1,1,2,89
01/02/2000,LEX,KY,ASO,CE,Towers with Radar,25,42,52,0,119,5,4,17,0,26,30,46,69,0,145,6,0,6,151
01/03/2000,LEX,KY,ASO,CE,Towers with Radar,20,33,34,1,88,8,11,0,0,19,28,44,34,1,107,0,1,1,108
01/04/2000,LEX,KY,ASO,CE,Towers with Radar,29,50,65,1,145,0,0,17,0,17,29,50,82,1,162,1,1,2,164
01/05/2000,LEX,KY,ASO,CE,Towers with Radar,32,48,80,3,163,0,0,49,9,58,32,48,129,12,221,6,8,14,235
01/06/2000,LEX,KY,ASO,CE,Towers with Radar,32,53,69,0,154,0,0,62,0,62,32,53,131,0,216,2,4,6,222
01/07/2000,LEX,KY,ASO,CE,Towers with Radar,33,49,75,3,160,0,0,89,1,90,33,49,164,4,250,2,1,3,253
01/08/2000,LEX,KY,ASO,CE,Towers with Radar,27,33,55,0,115,0,0,118,0,118,27,33,173,0,233,2,0,2,235
01/09/2000,LEX,KY,ASO,CE,Towers with Radar,22,36,41,0,99,9,13,0,0,22,31,49,41,0,121,0,0,0,121
01/10/2000,LEX,KY,ASO,CE,Towers with Radar,33,51,67,0,151,0,0,45,0,45,33,51,112,0,196,3,5,8,204
01/11/2000,LEX,KY,ASO,CE,Towers with Radar,30,57,82,3,172,0,0,46,6,52,30,57,128,9,224,5,5,10,234
01/12/2000,LEX,KY,ASO,CE,Towers with Radar,32,56,88,3,179,0,0,107,0,107,32,56,195,3,286,2,1,3,289
01/13/2000,LEX,KY,ASO,CE,Towers with Radar,32,55,87,3,177,0,0,53,8,61,32,55,140,11,238,0,2,2,240
01/14/2000,LEX,KY,ASO,CE,Towers with Radar,29,50,72,0,151,0,0,89,0,89,29,50,161,0,240,1,2,3,243
01/15/2000,LEX,KY,ASO,CE,Towers with Radar,22,31,45,1,99,10,0,39,0,49,32,31,84,1,148,0,0,0,148
01/16/2000,LEX,KY,ASO,CE,Towers with Radar,27,41,53,0,121,2,11,50,0,63,29,52,103,0,184,8,2,10,194
01/17/2000,LEX,KY,ASO,CE,Towers with Radar,32,49,63,0,144,2,3,63,0,68,34,52,126,0,212,5,0,5,217
01/18/2000,LEX,KY,ASO,CE,Towers with Radar,32,47,52,0,131,5,0,0,0,5,37,47,52,0,136,2,0,2,138
01/19/2000,LEX,KY,ASO,CE,Towers with Radar,23,51,75,2,151,0,0,27,4,31,23,51,102,6,182,3,2,5,187
01/20/2000,LEX,KY,ASO,CE,Towers with Radar,31,45,62,2,140,2,0,21,0,23,33,45,83,2,163,3,0,3,166
01/21/2000,LEX,KY,ASO,CE,Towers with Radar,34,55,72,1,162,0,0,72,0,72,34,55,144,1,234,1,6,7,241
01/22/2000,LEX,KY,ASO,CE,Towers with Radar,15,23,16,0,54,7,11,0,0,18,22,34,16,0,72,0,0,0,72
01/23/2000,LEX,KY,ASO,CE,Towers with Radar,20,30,37,0,87,6,17,0,0,23,26,47,37,0,110,1,0,1,111
01/24/2000,LEX,KY,ASO,CE,Towers with Radar,30,46,62,1,139,0,0,46,0,46,30,46,108,1,185,1,3,4,189
01/25/2000,LEX,KY,ASO,CE,Towers with Radar,30,51,68,2,151,0,3,15,0,18,30,54,83,2,169,4,4,8,177
01/26/2000,LEX,KY,ASO,CE,Towers with Radar,27,56,76,2,161,0,0,41,10,51,27,56,117,12,212,6,2,8,220
01/27/2000,LEX,KY,ASO,CE,Towers with Radar,29,54,71,0,154,0,3,65,0,68,29,57,136,0,222,4,5,9,231
01/28/2000,LEX,KY,ASO,CE,Towers with Radar,30,52,71,0,153,0,0,59,0,59,30,52,130,0,212,3,0,3,215
01/29/2000,LEX,KY,ASO,CE,Towers with Radar,11,17,14,0,42,14,0,0,0,14,25,17,14,0,56,0,1,1,57
01/30/2000,LEX,KY,ASO,CE,Towers with Radar,14,21,16,0,51,18,11,0,0,29,32,32,16,0,80,0,0,0,80
01/31/2000,LEX,KY,ASO,CE,Towers with Radar,28,42,55,0,125,4,16,10,0,30,32,58,65,0,155,3,2,5,160
02/01/2000,LEX,KY,ASO,CE,Towers with Radar,30,58,72,2,162,0,0,21,0,21,30,58,93,2,183,1,2,3,186
02/02/2000,LEX,KY,ASO,CE,Towers with Radar,34,57,82,0,173,0,0,69,0,69,34,57,151,0,242,8,7,15,257
02/03/2000,LEX,KY,ASO,CE,Towers with Radar,33,59,75,1,168,0,10,44,0,54,33,69,119,1,222,7,2,9,231
02/04/2000,LEX,KY,ASO,CE,Towers with Radar,30,53,65,2,150,0,7,0,0,7,30,60,65,2,157,0,0,0,157
02/05/2000,LEX,KY,ASO,CE,Towers with Radar,21,38,47,2,108,7,1,78,4,90,28,39,125,6,198,1,1,2,200
02/06/2000,LEX,KY,ASO,CE,Towers with Radar,23,40,50,2,115,5,9,103,0,117,28,49,153,2,232,1,2,3,235
02/07/2000,LEX,KY,ASO,CE,Towers with Radar,28,49,61,1,139,9,5,48,0,62,37,54,109,1,201,9,5,14,215
02/08/2000,LEX,KY,ASO,CE,Towers with Radar,29,48,74,1,152,0,0,84,0,84,29,48,158,1,236,13,14,27,263
02/09/2000,LEX,KY,ASO,CE,Towers with Radar,34,53,79,3,169,0,0,70,8,78,34,53,149,11,247,7,5,12,259
02/10/2000,LEX,KY,ASO,CE,Towers with Radar,30,59,76,3,168,0,0,47,6,53,30,59,123,9,221,7,2,9,230
02/11/2000,LEX,KY,ASO,CE,Towers with Radar,32,53,68,3,156,0,0,0,3,3,32,53,68,6,159,2,2,4,163
02/12/2000,LEX,KY,ASO,CE,Towers with Radar,20,33,43,0,96,10,5,64,0,79,30,38,107,0,175,0,3,3,178
02/13/2000,LEX,KY,ASO,CE,Towers with Radar,17,26,24,0,67,16,8,0,0,24,33,34,24,0,91,0,0,0,91
02/14/2000,LEX,KY,ASO,CE,Towers with Radar,28,43,59,2,132,9,0,8,0,17,37,43,67,2,149,4,0,4,153
02/15/2000,LEX,KY,ASO,CE,Towers with Radar,31,59,86,4,180,0,0,54,7,61,31,59,140,11,241,3,6,9,250
02/16/2000,LEX,KY,ASO,CE,Towers with Radar,32,53,80,2,167,0,0,68,0,68,32,53,148,2,235,4,3,7,242
02/17/2000,LEX,KY,ASO,CE,Towers with Radar,35,61,83,2,181,0,0,40,0,40,35,61,123,2,221,7,5,12,233
02/18/2000,LEX,KY,ASO,CE,Towers with Radar,21,34,41,0,96,5,2,0,0,7,26,36,41,0,103,3,0,3,106
02/19/2000,LEX,KY,ASO,CE,Towers with Radar,24,39,49,0,112,5,8,0,0,13,29,47,49,0,125,0,1,1,126
02/20/2000,LEX,KY,ASO,CE,Towers with Radar,28,46,60,0,134,3,2,36,0,41,31,48,96,0,175,0,2,2,177
02/21/2000,LEX,KY,ASO,CE,Towers with Radar,31,50,72,0,153,0,0,94,0,94,31,50,166,0,247,10,2,12,259
02/22/2000,LEX,KY,ASO,CE,Towers with Radar,32,58,77,2,169,0,0,20,0,20,32,58,97,2,189,1,0,1,190
02/23/2000,LEX,KY,ASO,CE,Towers with Radar,31,62,81,2,176,0,5,60,3,68,31,67,141,5,244,12,5,17,261
02/24/2000,LEX,KY,ASO,CE,Towers with Radar,31,53,73,0,157,0,0,21,0,21,31,53,94,0,178,8,4,12,190
02/25/2000,LEX,KY,ASO,CE,Towers with Radar,26,64,90,3,183,0,0,86,4,90,26,64,176,7,273,6,7,13,286
02/26/2000,LEX,KY,ASO,CE,Towers with Radar,22,37,46,1,106,5,4,40,0,49,27,41,86,1,155,0,2,2,157
02/27/2000,LEX,KY,ASO,CE,Towers with Radar,23,40,50,0,113,6,5,25,0,36,29,45,75,0,149,3,2,5,154
02/28/2000,LEX,KY,ASO,CE,Towers with Radar,27,48,60,2,137,0,5,87,0,92,27,53,147,2,229,3,8,11,240
02/29/2000,LEX,KY,ASO,CE,Towers with Radar,29,49,69,2,149,0,0,83,1,84,29,49,152,3,233,13,9,22,255
03/01/2000,LEX,KY,ASO,CE,Towers with Radar,31,58,75,1,165,0,2,39,0,41,31,60,114,1,206,2,11,13,219
03/02/2000,LEX,KY,ASO,CE,Towers with Radar,34,49,74,2,159,0,0,94,5,99,34,49,168,7,258,2,3,5,263
03/03/2000,LEX,KY,ASO,CE,Towers with Radar,29,50,75,3,157,0,0,58,2,60,29,50,133,5,217,5,8,13,230
03/04/2000,LEX,KY,ASO,CE,Towers with Radar,25,42,54,0,121,5,5,116,0,126,30,47,170,0,247,7,6,13,260
03/05/2000,LEX,KY,ASO,CE,Towers with Radar,23,38,49,2,112,8,6,126,0,140,31,44,175,2,252,1,4,5,257
03/06/2000,LEX,KY,ASO,CE,Towers with Radar,29,48,62,2,141,4,3,83,0,90,33,51,145,2,231,0,6,6,237
03/07/2000,LEX,KY,ASO,CE,Towers with Radar,27,48,79,2,156,0,0,116,0,116,27,48,195,2,272,9,3,12,284
03/08/2000,LEX,KY,ASO,CE,Towers with Radar,32,53,76,3,164,0,0,92,6,98,32,53,168,9,262,0,2,2,264
03/09/2000,LEX,KY,ASO,CE,Towers with Radar,33,51,70,2,156,0,0,30,0,30,33,51,100,2,186,1,5,6,192
03/10/2000,LEX,KY,ASO,CE,Towers with Radar,34,54,71,2,161,0,3,67,8,78,34,57,138,10,239,1,2,3,242
03/11/2000,LEX,KY,ASO,CE,Towers with Radar,15,23,24,0,62,9,13,0,0,22,24,36,24,0,84,0,0,0,84
03/12/2000,LEX,KY,ASO,CE,Towers with Radar,26,41,54,0,121,5,1,78,0,84,31,42,132,0,205,6,0,6,211
03/13/2000,LEX,KY,ASO,CE,Towers with Radar,33,55,72,2,162,0,0,33,1,34,33,55,105,3,196,0,0,0,196
03/14/2000,LEX,KY,ASO,CE,Towers with Radar,30,53,76,1,160,0,0,97,0,97,30,53,173,1,257,6,8,14,271
03/15/2000,LEX,KY,ASO,CE,Towers with Radar,35,54,76,2,167,0,0,95,2,97,35,54,171,4,264,1,2,3,267
03/16/2000,LEX,KY,ASO,CE,Towers with Radar,28,47,77,1,153,0,0,34,0,34,28,47,111,1,187,6,0,6,193
03/17/2000,LEX,KY,ASO,CE,Towers with Radar,33,51,71,1,156,4,0,58,1,63,37,51,129,2,219,0,7,7,226
03/18/2000,LEX,KY,ASO,CE,Towers with Radar,22,34,46,0,102,10,4,72,0,86,32,38,118,0,188,1,7,8,196
03/19/2000,LEX,KY,ASO,CE,Towers with Radar,22,34,43,0,99,5,2,0,0,7,27,36,43,0,106,2,1,3,109
03/20/2000,LEX,KY,ASO,CE,Towers with Radar,28,45,60,1,134,7,7,21,1,36,35,52,81,2,170,3,1,4,174
03/21/2000,LEX,KY,ASO,CE,Towers with Radar,32,50,80,0,162,0,0,57,0,57,32,50,137,0,219,9,0,9,228
03/22/2000,LEX,KY,ASO,CE,Towers with Radar,28,61,81,2,172,0,1,68,2,71,28,62,149,4,243,5,2,7,250
03/23/2000,LEX,KY,ASO,CE,Towers with Radar,38,46,82,0,166,0,0,113,0,113,38,46,195,0,279,6,8,14,293
03/24/2000,LEX,KY,ASO,CE,Towers with Radar,32,50,75,1,158,0,0,60,1,61,32,50,135,2,219,0,1,1,220
03/25/2000,LEX,KY,ASO,CE,Towers with Radar,22,35,47,0,104,7,6,65,0,78,29,41,112,0,182,1,1,2,184
03/26/2000,LEX,KY,ASO,CE,Towers with Radar,28,37,58,1,124,2,0,107,1,110,30,37,165,2,234,1,3,4,238
03/27/2000,LEX,KY,ASO,CE,Towers with Radar,30,49,63,0,142,2,0,32,0,34,32,49,95,0,176,1,5,6,182
03/28/2000,LEX,KY,ASO,CE,Towers with Radar,32,60,78,0,170,0,13,46,0,59,32,73,124,0,229,3,2,5,234
03/29/2000,LEX,KY,ASO,CE,Towers with Radar,33,66,85,2,186,0,7,83,11,101,33,73,168,13,287,2,3,5,292
03/30/2000,LEX,KY,ASO,CE,Towers with Radar,32,55,71,0,158,0,1,120,0,121,32,56,191,0,279,3,12,15,294
03/31/2000,LEX,KY,ASO,CE,Towers with Radar,31,51,65,0,147,2,31,25,0,58,33,82,90,0,205,2,5,7,212
04/01/2000,LEX,KY,ASO,CE,Towers with Radar,26,50,72,0,148,2,15,51,0,68,28,65,123,0,216,1,4,5,221
04/02/2000,LEX,KY,ASO,CE,Towers with Radar,25,48,64,1,138,4,3,0,0,7,29,51,64,1,145,3,1,4,149
04/03/2000,LEX,KY,ASO,CE,Towers with Radar,27,51,60,3,141,6,18,0,1,25,33,69,60,4,166,4,5,9,175
04/04/2000,LEX,KY,ASO,CE,Towers with Radar,28,52,76,3,159,9,17,12,6,44,37,69,88,9,203,0,3,3,206
04/05/2000,LEX,KY,ASO,CE,Towers with Radar,31,69,101,4,205,0,9,83,1,93,31,78,184,5,298,5,4,9,307
04/06/2000,LEX,KY,ASO,CE,Towers with Radar,28,69,101,4,202,0,21,59,3,83,28,90,160,7,285,9,5,14,299
04/07/2000,LEX,KY,ASO,CE,Towers with Radar,33,58,97,4,192,0,0,34,1,35,33,58,131,5,227,4,6,10,237
04/08/2000,LEX,KY,ASO,CE,Towers with Radar,21,40,58,0,119,7,7,17,0,31,28,47,75,0,150,0,0,0,150
04/09/2000,LEX,KY,ASO,CE,Towers with Radar,29,46,80,2,157,2,0,96,0,98,31,46,176,2,255,4,3,7,262
04/10/2000,LEX,KY,ASO,CE,Towers with Radar,32,51,88,2,173,0,0,108,0,108,32,51,196,2,281,7,7,14,295
04/11/2000,LEX,KY,ASO,CE,Towers with Radar,32,57,87,1,177,1,0,6,0,7,33,57,93,1,184,0,0,0,184
04/12/2000,LEX,KY,ASO,CE,Towers with Radar,29,64,105,0,198,0,0,72,0,72,29,64,177,0,270,3,6,9,279
04/13/2000,LEX,KY,ASO,CE,Towers with Radar,34,63,111,4,212,0,0,131,1,132,34,63,242,5,344,7,8,15,359
04/14/2000,LEX,KY,ASO,CE,Towers with Radar,35,57,113,4,209,0,0,131,5,136,35,57,244,9,345,1,5,6,351
04/15/2000,LEX,KY,ASO,CE,Towers with Radar,29,48,80,3,160,0,0,113,0,113,29,48,193,3,273,2,1,3,276
04/16/2000,LEX,KY,ASO,CE,Towers with Radar,29,51,77,0,157,1,3,72,0,76,30,54,149,0,233,1,3,4,237
04/17/2000,LEX,KY,ASO,CE,Towers with Radar,28,50,75,0,153,5,4,1,0,10,33,54,76,0,163,0,0,0,163
04/18/2000,LEX,KY,ASO,CE,Towers with Radar,30,68,102,3,203,0,3,19,0,22,30,71,121,3,225,4,8,12,237
04/19/2000,LEX,KY,ASO,CE,Towers with Radar,33,69,110,3,215,0,0,79,5,84,33,69,189,8,299,2,6,8,307
04/20/2000,LEX,KY,ASO,CE,Towers with Radar,30,49,81,2,162,0,0,13,10,23,30,49,94,12,185,2,1,3,188
04/21/2000,LEX,KY,ASO,CE,Towers with Radar,31,52,76,2,161,5,0,0,9,14,36,52,76,11,175,4,2,6,181
04/22/2000,LEX,KY,ASO,CE,Towers with Radar,27,37,72,0,136,5,0,69,0,74,32,37,141,0,210,2,4,6,216
04/23/2000,LEX,KY,ASO,CE,Towers with Radar,21,37,56,0,114,11,10,70,0,91,32,47,126,0,205,2,1,3,208
04/24/2000,LEX,KY,ASO,CE,Towers with Radar,30,53,81,0,164,2,0,6,0,8,32,53,87,0,172,4,3,7,179
04/25/2000,LEX,KY,ASO,CE,Towers with Radar,34,63,94,1,192,0,0,64,0,64,34,63,158,1,256,5,12,17,273
04/26/2000,LEX,KY,ASO,CE,Towers with Radar,29,69,106,3,207,0,0,141,3,144,29,69,247,6,351,3,9,12,363
04/27/2000,LEX,KY,ASO,CE,Towers with Radar,29,61,89,1,180,0,8,101,0,109,29,69,190,1,289,3,13,16,305
04/28/2000,LEX,KY,ASO,CE,Towers with Radar,32,60,102,2,196,0,0,126,0,126,32,60,228,2,322,1,4,5,327
04/29/2000,LEX,KY,ASO,CE,Towers with Radar,27,49,72,2,150,6,1,93,2,102,33,50,165,4,252,0,3,3,255
04/30/2000,LEX,KY,ASO,CE,Towers with Radar,24,43,63,0,130,8,0,102,0,110,32,43,165,0,240,4,1,5,245
05/01/2000,LEX,KY,ASO,CE,Towers with Radar,28,49,74,0,151,0,0,39,0,39,28,49,113,0,190,5,5,10,200
05/02/2000,LEX,KY,ASO,CE,Towers with Radar,32,56,85,3,176,0,0,73,2,75,32,56,158,5,251,7,7,14,265
05/03/2000,LEX,KY,ASO,CE,Towers with Radar,31,57,83,2,173,1,0,107,0,108,32,57,190,2,281,3,10,13,294
05/04/2000,LEX,KY,ASO,CE,Towers with Radar,36,55,95,1,187,0,0,54,0,54,36,55,149,1,241,0,2,2,243
05/05/2000,LEX,KY,ASO,CE,Towers with Radar,30,59,98,0,187,0,0,124,0,124,30,59,222,0,311,0,12,12,323
05/06/2000,LEX,KY,ASO,CE,Towers with Radar,26,60,85,0,171,0,9,80,0,89,26,69,165,0,260,5,4,9,269
05/07/2000,LEX,KY,ASO,CE,Towers with Radar,32,50,85,3,170,0,0,93,0,93,32,50,178,3,263,2,6,8,271
05/08/2000,LEX,KY,ASO,CE,Towers with Radar,32,60,86,3,181,2,5,64,2,73,34,65,150,5,254,13,4,17,271
05/09/2000,LEX,KY,ASO,CE,Towers with Radar,29,50,80,3,162,0,0,51,4,55,29,50,131,7,217,0,0,0,217
05/10/2000,LEX,KY,ASO,CE,Towers with Radar,29,58,82,1,170,0,2,71,0,73,29,60,153,1,243,4,3,7,250
05/11/2000,LEX,KY,ASO,CE,Towers with Radar,27,54,92,0,173,0,0,112,0,112,27,54,204,0,285,2,4,6,291
05/12/2000,LEX,KY,ASO,CE,Towers with Radar,31,63,90,0,184,0,0,62,0,62,31,63,152,0,246,1,7,8,254
05/13/2000,LEX,KY,ASO,CE,Towers with Radar,19,37,53,2,111,9,3,29,7,48,28,40,82,9,159,2,1,3,162
05/14/2000,LEX,KY,ASO,CE,Towers with Radar,19,36,51,0,106,11,4,101,0,116,30,40,152,0,222,6,3,9,231
05/15/2000,LEX,KY,ASO,CE,Towers with Radar,31,61,88,3,183,0,9,79,9,97,31,70,167,12,280,3,2,5,285
05/16/2000,LEX,KY,ASO,CE,Towers with Radar,33,59,95,3,190,0,0,103,1,104,33,59,198,4,294,2,7,9,303
05/17/2000,LEX,KY,ASO,CE,Towers with Radar,35,59,105,3,202,0,0,37,0,37,35,59,142,3,239,6,1,7,246
05/18/2000,LEX,KY,ASO,CE,Towers with Radar,30,50,87,2,169,0,0,51,2,53,30,50,138,4,222,5,1,6,228
05/19/2000,LEX,KY,ASO,CE,Towers with Radar,32,56,84,2,174,3,0,39,0,42,35,56,123,2,216,2,7,9,225
05/20/2000,LEX,KY,ASO,CE,Towers with Radar,27,47,69,2,145,4,10,24,6,44,31,57,93,8,189,1,5,6,195
05/21/2000,LEX,KY,ASO,CE,Towers with Radar,30,42,77,0,149,0,0,44,0,44,30,42,121,0,193,1,3,4,197
05/22/2000,LEX,KY,ASO,CE,Towers with Radar,29,54,79,0,162,3,16,67,0,86,32,70,146,0,248,1,4,5,253
05/23/2000,LEX,KY,ASO,CE,Towers with Radar,27,49,71,2,149,2,18,20,0,40,29,67,91,2,189,2,2,4,193
05/24/2000,LEX,KY,ASO,CE,Towers with Radar,31,56,82,2,171,2,11,57,0,70,33,67,139,2,241,3,4,7,248
05/25/2000,LEX,KY,ASO,CE,Towers with Radar,28,61,95,2,186,0,0,52,2,54,28,61,147,4,240,4,6,10,250
05/26/2000,LEX,KY,ASO,CE,Towers with Radar,31,48,80,2,161,0,0,50,1,51,31,48,130,3,212,3,8,11,223
05/27/2000,LEX,KY,ASO,CE,Towers with Radar,18,31,32,0,81,9,25,0,0,34,27,56,32,0,115,1,1,2,117
05/28/2000,LEX,KY,ASO,CE,Towers with Radar,16,28,41,0,85,11,2,9,0,22,27,30,50,0,107,0,0,0,107
05/29/2000,LEX,KY,ASO,CE,Towers with Radar,30,46,78,0,154,1,0,39,0,40,31,46,117,0,194,8,4,12,206
05/30/2000,LEX,KY,ASO,CE,Towers with Radar,31,67,95,2,195,0,14,70,4,88,31,81,165,6,283,0,7,7,290
05/31/2000,LEX,KY,ASO,CE,Towers with Radar,33,59,87,2,181,0,0,69,1,70,33,59,156,3,251,2,6,8,259
06/01/2000,LEX,KY,ASO,CE,Towers with Radar,33,55,90,3,181,0,0,95,0,95,33,55,185,3,276,0,4,4,280
06/02/2000,LEX,KY,ASO,CE,Towers with Radar,30,54,79,0,163,4,0,65,0,69,34,54,144,0,232,1,6,7,239
06/03/2000,LEX,KY,ASO,CE,Towers with Radar,25,49,66,0,140,4,36,55,0,95,29,85,121,0,235,5,5,10,245
06/04/2000,LEX,KY,ASO,CE,Towers with Radar,20,40,53,0,113,12,12,61,0,85,32,52,114,0,198,5,6,11,209
06/05/2000,LEX,KY,ASO,CE,Towers with Radar,28,55,73,2,158,5,2,30,1,38,33,57,103,3,196,2,0,2,198
06/06/2000,LEX,KY,ASO,CE,Towers with Radar,34,47,92,3,176,3,0,110,3,116,37,47,202,6,292,1,6,7,299
06/07/2000,LEX,KY,ASO,CE,Towers with Radar,34,58,95,3,190,0,0,138,7,145,34,58,233,10,335,0,7,7,342
06/08/2000,LEX,KY,ASO,CE,Towers with Radar,31,58,92,3,184,0,0,134,5,139,31,58,226,8,323,2,3,5,328
06/09/2000,LEX,KY,ASO,CE,Towers with Radar,31,57,82,3,173,0,0,78,7,85,31,57,160,10,258,1,0,1,259
06/10/2000,LEX,KY,ASO,CE,Towers with Radar,22,41,56,2,121,9,0,65,0,74,31,41,121,2,195,1,2,3,198
06/11/2000,LEX,KY,ASO,CE,Towers with Radar,26,47,65,2,140,3,2,66,0,71,29,49,131,2,211,7,4,11,222
06/12/2000,LEX,KY,ASO,CE,Towers with Radar,29,47,74,0,150,3,0,68,0,71,32,47,142,0,221,4,6,10,231
06/13/2000,LEX,KY,ASO,CE,Towers with Radar,29,66,90,3,188,0,1,75,1,77,29,67,165,4,265,8,7,15,280
06/14/2000,LEX,KY,ASO,CE,Towers with Radar,23,61,84,0,168,0,4,57,0,61,23,65,141,0,229,7,8,15,244
06/15/2000,LEX,KY,ASO,CE,Towers with Radar,30,71,97,0,198,0,13,45,0,58,30,84,142,0,256,4,1,5,261
06/16/2000,LEX,KY,ASO,CE,Towers with Radar,39,65,100,3,207,0,0,60,1,61,39,65,160,4,268,2,5,7,275
06/17/2000,LEX,KY,ASO,CE,Towers with Radar,22,41,56,0,119,9,0,11,0,20,31,41,67,0,139,0,0,0,139
06/18/2000,LEX,KY,ASO,CE,Towers with Radar,23,43,59,1,126,10,2,0,0,12,33,45,59,1,138,7,0,7,145
06/19/2000,LEX,KY,ASO,CE,Towers with Radar,30,75,103,2,210,0,7,32,0,39,30,82,135,2,249,4,0,4,253
06/20/2000,LEX,KY,ASO,CE,Towers with Radar,33,63,86,2,184,2,2,56,1,61,35,65,142,3,245,0,0,0,245
06/21/2000,LEX,KY,ASO,CE,Towers with Radar,29,55,76,2,162,0,17,31,5,53,29,72,107,7,215,1,7,8,223
06/22/2000,LEX,KY,ASO,CE,Towers with Radar,35,71,101,2,209,0,0,110,2,112,35,71,211,4,321,3,4,7,328
06/23/2000,LEX,KY,ASO,CE,Towers with Radar,28,61,102,2,193,0,0,123,0,123,28,61,225,2,316,2,10,12,328
06/24/2000,LEX,KY,ASO,CE,Towers with Radar,27,48,67,1,143,6,0,102,2,110,33,48,169,3,253,0,6,6,259
06/25/2000,LEX,KY,ASO,CE,Towers with Radar,23,43,56,1,123,8,1,59,0,68,31,44,115,1,191,7,1,8,199
06/26/2000,LEX,KY,ASO,CE,Towers with Radar,28,52,69,0,149,7,1,48,0,56,35,53,117,0,205,0,3,3,208
06/27/2000,LEX,KY,ASO,CE,Towers with Radar,33,79,106,2,220,0,6,16,1,23,33,85,122,3,243,1,0,1,244
06/28/2000,LEX,KY,ASO,CE,Towers with Radar,31,73,98,2,204,0,10,49,2,61,31,83,147,4,265,1,4,5,270
06/29/2000,LEX,KY,ASO,CE,Towers with Radar,37,74,101,1,213,0,0,63,0,63,37,74,164,1,276,3,6,9,285
06/30/2000,LEX,KY,ASO,CE,Towers with Radar,33,64,100,2,199,0,0,87,0,87,33,64,187,2,286,2,5,7,293
07/01/2000,LEX,KY,ASO,CE,Towers with Radar,28,68,70,3,169,5,7,94,0,106,33,75,164,3,275,0,8,8,283
07/02/2000,LEX,KY,ASO,CE,Towers with Radar,23,57,59,0,139,12,0,74,0,86,35,57,133,0,225,0,3,3,228
07/03/2000,LEX,KY,ASO,CE,Towers with Radar,22,53,55,0,130,7,0,60,0,67,29,53,115,0,197,6,4,10,207
07/04/2000,LEX,KY,ASO,CE,Towers with Radar,21,39,54,0,114,7,0,39,0,46,28,39,93,0,160,3,3,6,166
07/05/2000,LEX,KY,ASO,CE,Towers with Radar,25,56,63,4,148,6,0,13,5,24,31,56,76,9,172,2,0,2,174
07/06/2000,LEX,KY,ASO,CE,Towers with Radar,31,82,93,5,211,0,0,74,3,77,31,82,167,8,288,5,2,7,295
07/07/2000,LEX,KY,ASO,CE,Towers with Radar,30,69,77,4,180,3,0,86,0,89,33,69,163,4,269,3,4,7,276
07/08/2000,LEX,KY,ASO,CE,Towers with Radar,25,58,63,0,146,7,0,76,0,83,32,58,139,0,229,1,2,3,232
07/09/2000,LEX,KY,ASO,CE,Towers with Radar,22,41,57,0,120,11,0,70,0,81,33,41,127,0,201,1,1,2,203
07/10/2000,LEX,KY,ASO,CE,Towers with Radar,27,65,68,2,162,5,11,39,0,55,32,76,107,2,217,2,6,8,225
07/11/2000,LEX,KY,ASO,CE,Towers with Radar,28,69,73,3,173,3,0,36,0,39,31,69,109,3,212,1,4,5,217
07/12/2000,LEX,KY,ASO,CE,Towers with Radar,29,78,98,4,209,0,0,27,0,27,29,78,125,4,236,3,7,10,246
07/13/2000,LEX,KY,ASO,CE,Towers with Radar,35,65,95,2,197,0,0,55,0,55,35,65,150,2,252,1,6,7,259
07/14/2000,LEX,KY,ASO,CE,Towers with Radar,29,77,82,1,189,0,21,59,0,80,29,98,141,1,269,3,9,12,281
07/15/2000,LEX,KY,ASO,CE,Towers with Radar,29,84,89,3,205,0,68,91,2,161,29,152,180,5,366,1,2,3,369
07/16/2000,LEX,KY,ASO,CE,Towers with Radar,30,64,78,3,175,4,0,105,10,119,34,64,183,13,294,8,5,13,307
07/17/2000,LEX,KY,ASO,CE,Towers with Radar,32,55,79,3,169,1,0,110,5,116,33,55,189,8,285,4,7,11,296
07/18/2000,LEX,KY,ASO,CE,Towers with Radar,33,82,87,3,205,0,0,46,3,49,33,82,133,6,254,5,9,14,268
07/19/2000,LEX,KY,ASO,CE,Towers with Radar,32,56,93,0,181,0,0,37,0,37,32,56,130,0,218,0,0,0,218
07/20/2000,LEX,KY,ASO,CE,Towers with Radar,30,77,99,4,210,0,0,83,10,93,30,77,182,14,303,6,6,12,315
07/21/2000,LEX,KY,ASO,CE,Towers with Radar,32,89,95,4,220,0,7,46,5,58,32,96,141,9,278,2,3,5,283
07/22/2000,LEX,KY,ASO,CE,Towers with Radar,29,69,73,3,174,3,13,76,1,93,32,82,149,4,267,1,2,3,270
07/23/2000,LEX,KY,ASO,CE,Towers with Radar,26,45,63,2,136,7,0,82,0,89,33,45,145,2,225,2,5,7,232
07/24/2000,LEX,KY,ASO,CE,Towers with Radar,37,84,92,4,217,0,0,50,1,51,37,84,142,5,268,10,15,25,293
07/25/2000,LEX,KY,ASO,CE,Towers with Radar,29,109,113,5,256,0,41,45,6,92,29,150,158,11,348,12,14,26,374
07/26/2000,LEX,KY,ASO,CE,Towers with Radar,30,113,117,5,265,0,22,78,15,115,30,135,195,20,380,8,5,13,393
07/27/2000,LEX,KY,ASO,CE,Towers with Radar,28,89,92,0,209,0,5,77,0,82,28,94,169,0,291,3,10,13,304
07/28/2000,LEX,KY,ASO,CE,Towers with Radar,31,81,87,3,202,0,0,29,1,30,31,81,116,4,232,5,4,9,241
07/29/2000,LEX,KY,ASO,CE,Towers with Radar,23,55,36,0,114,7,11,0,0,18,30,66,36,0,132,1,1,2,134
07/30/2000,LEX,KY,ASO,CE,Towers with Radar,23,48,56,0,127,9,0,21,0,30,32,48,77,0,157,4,1,5,162
07/31/2000,LEX,KY,ASO,CE,Towers with Radar,32,67,79,0,178,5,0,27,0,32,37,67,106,0,210,6,3,9,219
08/01/2000,LEX,KY,ASO,CE,Towers with Radar,31,76,85,2,194,0,6,31,6,43,31,82,116,8,237,0,5,5,242
08/02/2000,LEX,KY,ASO,CE,Towers with Radar,31,57,88,2,178,0,0,59,0,59,31,57,147,2,237,5,5,10,247
08/03/2000,LEX,KY,ASO,CE,Towers with Radar,29,73,84,2,188,0,0,55,0,55,29,73,139,2,243,6,7,13,256
08/04/2000,LEX,KY,ASO,CE,Towers with Radar,35,84,96,3,218,0,24,35,2,61,35,108,131,5,279,1,3,4,283
08/05/2000,LEX,KY,ASO,CE,Towers with Radar,27,62,71,0,160,7,13,90,0,110,34,75,161,0,270,3,12,15,285
08/06/2000,LEX,KY,ASO,CE,Towers with Radar,22,51,59,0,132,7,16,36,0,59,29,67,95,0,191,9,2,11,202
08/07/2000,LEX,KY,ASO,CE,Towers with Radar,30,71,81,2,184,2,11,22,0,35,32,82,103,2,219,7,4,11,230
08/08/2000,LEX,KY,ASO,CE,Towers with Radar,26,70,80,0,176,0,17,19,0,36,26,87,99,0,212,4,0,4,216
08/09/2000,LEX,KY,ASO,CE,Towers with Radar,24,76,87,2,189,0,16,60,0,76,24,92,147,2,265,3,5,8,273
08/10/2000,LEX,KY,ASO,CE,Towers with Radar,33,65,89,2,189,0,0,78,0,78,33,65,167,2,267,2,1,3,270
08/11/2000,LEX,KY,ASO,CE,Towers with Radar,33,75,86,0,194,0,0,110,0,110,33,75,196,0,304,2,10,12,316
08/12/2000,LEX,KY,ASO,CE,Towers with Radar,23,56,64,0,143,8,25,87,0,120,31,81,151,0,263,2,6,8,271
08/13/2000,LEX,KY,ASO,CE,Towers with Radar,23,55,63,2,143,9,1,111,3,124,32,56,174,5,267,3,5,8,275
08/14/2000,LEX,KY,ASO,CE,Towers with Radar,31,57,82,1,171,2,0,89,0,91,33,57,171,1,262,3,7,10,272
08/15/2000,LEX,KY,ASO,CE,Towers with Radar,29,69,83,0,181,0,0,100,0,100,29,69,183,0,281,10,13,23,304
08/16/2000,LEX,KY,ASO,CE,Towers with Radar,31,49,92,2,174,0,0,105,0,105,31,49,197,2,279,5,4,9,288
08/17/2000,LEX,KY,ASO,CE,Towers with Radar,26,82,92,0,200,0,3,26,0,29,26,85,118,0,229,4,8,12,241
08/18/2000,LEX,KY,ASO,CE,Towers with Radar,32,80,102,3,217,0,0,24,0,24,32,80,126,3,241,3,8,11,252
08/19/2000,LEX,KY,ASO,CE,Towers with Radar,31,73,81,0,185,0,14,76,0,90,31,87,157,0,275,5,9,14,289
08/20/2000,LEX,KY,ASO,CE,Towers with Radar,27,46,70,1,144,5,0,122,1,128,32,46,192,2,272,11,5,16,288
08/21/2000,LEX,KY,ASO,CE,Towers with Radar,29,69,77,1,176,5,3,66,1,75,34,72,143,2,251,0,1,1,252
08/22/2000,LEX,KY,ASO,CE,Towers with Radar,33,61,87,1,182,0,0,60,5,65,33,61,147,6,247,7,12,19,266
08/23/2000,LEX,KY,ASO,CE,Towers with Radar,34,85,95,1,215,0,22,36,0,58,34,107,131,1,273,4,3,7,280
08/24/2000,LEX,KY,ASO,CE,Towers with Radar,28,71,97,2,198,0,0,48,2,50,28,71,145,4,248,8,3,11,259
08/25/2000,LEX,KY,ASO,CE,Towers with Radar,29,88,98,2,217,0,18,65,0,83,29,106,163,2,300,2,8,10,310
08/26/2000,LEX,KY,ASO,CE,Towers with Radar,23,54,60,0,137,8,17,55,0,80,31,71,115,0,217,1,7,8,225
08/27/2000,LEX,KY,ASO,CE,Towers with Radar,20,47,52,0,119,12,1,44,0,57,32,48,96,0,176,2,5,7,183
08/28/2000,LEX,KY,ASO,CE,Towers with Radar,30,48,78,1,157,2,0,69,3,74,32,48,147,4,231,5,3,8,239
08/29/2000,LEX,KY,ASO,CE,Towers with Radar,33,74,93,2,202,0,0,66,7,73,33,74,159,9,275,8,5,13,288
08/30/2000,LEX,KY,ASO,CE,Towers with Radar,29,77,86,1,193,0,15,77,3,95,29,92,163,4,288,4,21,25,313
08/31/2000,LEX,KY,ASO,CE,Towers with Radar,29,52,87,1,169,0,0,111,3,114,29,52,198,4,283,5,15,20,303
09/01/2000,LEX,KY,ASO,CE,Towers with Radar,31,56,89,4,180,0,0,34,0,34,31,56,123,4,214,0,7,7,221
09/02/2000,LEX,KY,ASO,CE,Towers with Radar,24,52,65,0,141,0,36,12,0,48,24,88,77,0,189,1,3,4,193
09/03/2000,LEX,KY,ASO,CE,Towers with Radar,19,42,52,0,113,2,13,19,0,34,21,55,71,0,147,4,1,5,152
09/04/2000,LEX,KY,ASO,CE,Towers with Radar,27,44,72,2,145,0,0,54,0,54,27,44,126,2,199,4,8,12,211
09/05/2000,LEX,KY,ASO,CE,Towers with Radar,32,55,88,4,179,16,0,14,0,30,48,55,102,4,209,6,3,9,218
09/06/2000,LEX,KY,ASO,CE,Towers with Radar,33,79,99,4,215,0,6,79,2,87,33,85,178,6,302,6,5,11,313
09/07/2000,LEX,KY,ASO,CE,Towers with Radar,29,65,98,5,197,0,0,101,17,118,29,65,199,22,315,3,5,8,323
09/08/2000,LEX,KY,ASO,CE,Towers with Radar,38,70,103,2,213,8,0,3,0,11,46,70,106,2,224,2,1,3,227
09/09/2000,LEX,KY,ASO,CE,Towers with Radar,27,60,75,0,162,2,6,56,0,64,29,66,131,0,226,14,1,15,241
09/10/2000,LEX,KY,ASO,CE,Towers with Radar,27,52,74,0,153,3,0,83,0,86,30,52,157,0,239,8,2,10,249
09/11/2000,LEX,KY,ASO,CE,Towers with Radar,29,55,78,2,164,4,0,10,0,14,33,55,88,2,178,5,3,8,186
09/12/2000,LEX,KY,ASO,CE,Towers with Radar,35,78,98,4,215,0,5,43,6,54,35,83,141,10,269,2,2,4,273
09/13/2000,LEX,KY,ASO,CE,Towers with Radar,33,79,124,5,241,0,0,94,4,98,33,79,218,9,339,9,5,14,353
09/14/2000,LEX,KY,ASO,CE,Towers with Radar,36,85,114,5,240,0,0,73,5,78,36,85,187,10,318,6,6,12,330
09/15/2000,LEX,KY,ASO,CE,Towers with Radar,34,83,106,4,227,0,10,51,3,64,34,93,157,7,291,4,23,27,318
09/16/2000,LEX,KY,ASO,CE,Towers with Radar,29,59,78,3,169,3,0,141,4,148,32,59,219,7,317,5,11,16,333
09/17/2000,LEX,KY,ASO,CE,Towers with Radar,24,51,66,0,141,8,0,154,0,162,32,51,220,0,303,0,6,6,309
09/18/2000,LEX,KY,ASO,CE,Towers with Radar,33,77,99,4,213,0,42,93,0,135,33,119,192,4,348,1,0,1,349
09/19/2000,LEX,KY,ASO,CE,Towers with Radar,38,78,101,3,220,0,24,95,5,124,38,102,196,8,344,4,6,10,354
09/20/2000,LEX,KY,ASO,CE,Towers with Radar,37,56,99,0,192,5,0,48,0,53,42,56,147,0,245,3,6,9,254
09/21/2000,LEX,KY,ASO,CE,Towers with Radar,36,59,106,3,204,0,0,89,4,93,36,59,195,7,297,0,1,1,298
09/22/2000,LEX,KY,ASO,CE,Towers with Radar,34,91,116,4,245,0,40,52,0,92,34,131,168,4,337,1,8,9,346
09/23/2000,LEX,KY,ASO,CE,Towers with Radar,29,60,77,2,168,7,6,11,0,24,36,66,88,2,192,2,5,7,199
09/24/2000,LEX,KY,ASO,CE,Towers with Radar,25,53,68,2,148,6,7,5,4,22,31,60,73,6,170,0,0,0,170
09/25/2000,LEX,KY,ASO,CE,Towers with Radar,26,58,71,0,155,0,5,0,0,5,26,63,71,0,160,0,0,0,160
09/26/2000,LEX,KY,ASO,CE,Towers with Radar,35,59,94,3,191,1,0,63,0,64,36,59,157,3,255,4,2,6,261
09/27/2000,LEX,KY,ASO,CE,Towers with Radar,33,58,91,3,185,0,0,106,1,107,33,58,197,4,292,1,8,9,301
09/28/2000,LEX,KY,ASO,CE,Towers with Radar,31,71,106,0,208,0,0,90,0,90,31,71,196,0,298,8,5,13,311
09/29/2000,LEX,KY,ASO,CE,Towers with Radar,33,59,90,0,182,0,0,107,0,107,33,59,197,0,289,0,4,4,293
09/30/2000,LEX,KY,ASO,CE,Towers with Radar,27,58,72,0,157,3,16,95,0,114,30,74,167,0,271,1,16,17,288
10/01/2000,LEX,KY,ASO,CE,Towers with Radar,24,52,68,0,144,12,0,118,0,130,36,52,186,0,274,9,4,13,287
10/02/2000,LEX,KY,ASO,CE,Towers with Radar,31,68,87,0,186,4,9,96,0,109,35,77,183,0,295,5,7,12,307
10/03/2000,LEX,KY,ASO,CE,Towers with Radar,30,70,101,0,201,0,0,128,0,128,30,70,229,0,329,3,8,11,340
10/04/2000,LEX,KY,ASO,CE,Towers with Radar,32,83,107,3,225,0,18,72,1,91,32,101,179,4,316,4,5,9,325
10/05/2000,LEX,KY,ASO,CE,Towers with Radar,37,88,119,0,244,0,0,63,0,63,37,88,182,0,307,5,8,13,320
10/06/2000,LEX,KY,ASO,CE,Towers with Radar,36,66,102,0,204,3,0,55,0,58,39,66,157,0,262,0,9,9,271
10/07/2000,LEX,KY,ASO,CE,Towers with Radar,25,55,70,0,150,5,3,90,0,98,30,58,160,0,248,0,13,13,261
10/08/2000,LEX,KY,ASO,CE,Towers with Radar,26,58,74,0,158,6,7,53,0,66,32,65,127,0,224,1,3,4,228
10/09/2000,LEX,KY,ASO,CE,Towers with Radar,28,62,80,0,170,6,5,44,0,55,34,67,124,0,225,6,5,11,236
10/10/2000,LEX,KY,ASO,CE,Towers with Radar,33,70,92,2,197,0,0,52,4,56,33,70,144,6,253,6,3,9,262
10/11/2000,LEX,KY,ASO,CE,Towers with Radar,33,80,102,3,218,0,10,110,2,122,33,90,212,5,340,2,7,9,349
10/12/2000,LEX,KY,ASO,CE,Towers with Radar,30,75,101,2,208,0,0,138,0,138,30,75,239,2,346,0,5,5,351
10/13/2000,LEX,KY,ASO,CE,Towers with Radar,34,83,108,3,228,0,32,72,1,105,34,115,180,4,333,5,6,11,344
10/14/2000,LEX,KY,ASO,CE,Towers with Radar,30,67,87,2,186,0,19,137,0,156,30,86,224,2,342,6,12,18,360
10/15/2000,LEX,KY,ASO,CE,Towers with Radar,31,62,85,2,180,5,0,93,0,98,36,62,178,2,278,7,3,10,288
10/16/2000,LEX,KY,ASO,CE,Towers with Radar,36,73,99,1,209,1,0,48,0,49,37,73,147,1,258,10,3,13,271
10/17/2000,LEX,KY,ASO,CE,Towers with Radar,35,74,98,0,207,5,1,13,0,19,40,75,111,0,226,0,0,0,226
10/18/2000,LEX,KY,ASO,CE,Towers with Radar,34,55,99,1,189,0,0,91,1,92,34,55,190,2,281,4,10,14,295
10/19/2000,LEX,KY,ASO,CE,Towers with Radar,34,60,107,2,203,0,0,117,1,118,34,60,224,3,321,5,10,15,336
10/20/2000,LEX,KY,ASO,CE,Towers with Radar,36,69,101,1,207,1,0,104,4,109,37,69,205,5,316,0,10,10,326
10/21/2000,LEX,KY,ASO,CE,Towers with Radar,29,60,79,0,168,0,7,74,0,81,29,67,153,0,249,2,3,5,254
10/22/2000,LEX,KY,ASO,CE,Towers with Radar,29,43,80,0,152,4,0,60,0,64,33,43,140,0,216,6,4,10,226
10/23/2000,LEX,KY,ASO,CE,Towers with Radar,33,70,92,1,196,1,3,37,1,42,34,73,129,2,238,11,5,16,254
10/24/2000,LEX,KY,ASO,CE,Towers with Radar,32,73,98,1,204,0,0,19,4,23,32,73,117,5,227,0,2,2,229
10/25/2000,LEX,KY,ASO,CE,Towers with Radar,25,63,114,2,204,0,0,67,6,73,25,63,181,8,277,4,9,13,290
10/26/2000,LEX,KY,ASO,CE,Towers with Radar,30,72,111,2,215,0,0,83,7,90,30,72,194,9,305,2,2,4,309
10/27/2000,LEX,KY,ASO,CE,Towers with Radar,32,78,102,2,214,0,16,31,7,54,32,94,133,9,268,2,4,6,274
10/28/2000,LEX,KY,ASO,CE,Towers with Radar,34,72,95,0,201,1,31,59,0,91,35,103,154,0,292,3,3,6,298
10/29/2000,LEX,KY,ASO,CE,Towers with Radar,25,52,67,0,144,7,0,109,0,116,32,52,176,0,260,0,5,5,265
10/30/2000,LEX,KY,ASO,CE,Towers with Radar,31,61,83,1,176,4,0,61,2,67,35,61,144,3,243,0,3,3,246
10/31/2000,LEX,KY,ASO,CE,Towers with Radar,26,48,72,0,146,6,0,52,0,58,32,48,124,0,204,0,8,8,212
11/01/2000,LEX,KY,ASO,CE,Towers with Radar,34,55,95,4,188,0,0,99,0,99,34,55,194,4,287,3,10,13,300
11/02/2000,LEX,KY,ASO,CE,Towers with Radar,32,85,110,2,229,0,0,38,0,38,32,85,148,2,267,4,2,6,273
11/03/2000,LEX,KY,ASO,CE,Towers with Radar,33,67,104,0,204,0,0,62,0,62,33,67,166,0,266,2,5,7,273
11/04/2000,LEX,KY,ASO,CE,Towers with Radar,25,61,69,2,157,2,7,93,0,102,27,68,162,2,259,0,3,3,262
11/05/2000,LEX,KY,ASO,CE,Towers with Radar,25,47,69,0,141,10,0,132,0,142,35,47,201,0,283,3,6,9,292
11/06/2000,LEX,KY,ASO,CE,Towers with Radar,30,50,83,5,168,3,0,32,10,45,33,50,115,15,213,1,7,8,221
11/07/2000,LEX,KY,ASO,CE,Towers with Radar,29,74,88,5,196,0,0,45,0,45,29,74,133,5,241,6,2,8,249
11/08/2000,LEX,KY,ASO,CE,Towers with Radar,33,86,88,2,209,0,14,0,0,14,33,100,88,2,223,4,0,4,227
11/09/2000,LEX,KY,ASO,CE,Towers with Radar,31,77,88,3,199,2,17,0,0,19,33,94,88,3,218,3,2,5,223
11/10/2000,LEX,KY,ASO,CE,Towers with Radar,30,62,88,1,181,0,0,28,0,28,30,62,116,1,209,0,0,0,209
11/11/2000,LEX,KY,ASO,CE,Towers with Radar,28,65,76,2,171,1,26,99,0,126,29,91,175,2,297,4,10,14,311
11/12/2000,LEX,KY,ASO,CE,Towers with Radar,26,51,68,1,146,10,0,106,0,116,36,51,174,1,262,3,5,8,270
11/13/2000,LEX,KY,ASO,CE,Towers with Radar,31,61,84,3,179,1,0,68,0,69,32,61,152,3,248,1,5,6,254
11/14/2000,LEX,KY,ASO,CE,Towers with Radar,32,72,91,5,200,0,0,43,8,51,32,72,134,13,251,8,1,9,260
11/15/2000,LEX,KY,ASO,CE,Towers with Radar,33,84,98,5,220,0,3,71,0,74,33,87,169,5,294,1,4,5,299
11/16/2000,LEX,KY,ASO,CE,Towers with Radar,32,78,93,4,207,0,0,34,22,56,32,78,127,26,263,8,4,12,275
11/17/2000,LEX,KY,ASO,CE,Towers with Radar,28,63,90,0,181,0,0,61,0,61,28,63,151,0,242,11,5,16,258
11/18/2000,LEX,KY,ASO,CE,Towers with Radar,23,60,70,0,153,0,15,94,0,109,23,75,164,0,262,2,2,4,266
11/19/2000,LEX,KY,ASO,CE,Towers with Radar,20,45,53,0,118,7,12,72,0,91,27,57,125,0,209,0,7,7,216
11/20/2000,LEX,KY,ASO,CE,Towers with Radar,28,67,78,4,177,0,12,32,14,58,28,79,110,18,235,0,3,3,238
11/21/2000,LEX,KY,ASO,CE,Towers with Radar,32,73,89,4,198,0,0,40,4,44,32,73,129,8,242,0,1,1,243
11/22/2000,LEX,KY,ASO,CE,Towers with Radar,35,84,109,5,233,0,0,80,2,82,35,84,189,7,315,2,7,9,324
11/23/2000,LEX,KY,ASO,CE,Towers with Radar,15,33,39,0,87,8,11,26,0,45,23,44,65,0,132,2,1,3,135
11/24/2000,LEX,KY,ASO,CE,Towers with Radar,18,40,53,0,111,0,0,51,0,51,18,40,104,0,162,5,9,14,176
11/25/2000,LEX,KY,ASO,CE,Towers with Radar,19,44,52,0,115,6,20,17,0,43,25,64,69,0,158,2,2,4,162
11/26/2000,LEX,KY,ASO,CE,Towers with Radar,31,66,86,0,183,0,0,18,0,18,31,66,104,0,201,4,0,4,205
11/27/2000,LEX,KY,ASO,CE,Towers with Radar,32,74,87,4,197,4,12,12,6,34,36,86,99,10,231,5,6,11,242
11/28/2000,LEX,KY,ASO,CE,Towers with Radar,31,92,106,5,234,0,27,61,0,88,31,119,167,5,322,2,5,7,329
11/29/2000,LEX,KY,ASO,CE,Towers with Radar,29,70,80,4,183,0,9,11,7,27,29,79,91,11,210,4,0,4,214
11/30/2000,LEX,KY,ASO,CE,Towers with Radar,35,87,100,2,224,0,0,30,0,30,35,87,130,2,254,1,2,3,257
12/01/2000,LEX,KY,ASO,CE,Towers with Radar,35,80,66,3,184,1,0,72,1,74,36,80,138,4,258,11,10,21,279
12/02/2000,LEX,KY,ASO,CE,Towers with Radar,23,58,34,1,116,1,1,0,0,2,24,59,34,1,118,2,0,2,120
12/03/2000,LEX,KY,ASO,CE,Towers with Radar,22,53,41,2,118,7,3,62,1,73,29,56,103,3,191,4,3,7,198
12/04/2000,LEX,KY,ASO,CE,Towers with Radar,32,77,57,2,168,2,32,0,1,35,34,109,57,3,203,4,0,4,207
12/05/2000,LEX,KY,ASO,CE,Towers with Radar,28,79,66,3,176,0,0,65,0,65,28,79,131,3,241,6,11,17,258
12/06/2000,LEX,KY,ASO,CE,Towers with Radar,32,91,71,3,197,0,0,54,3,57,32,91,125,6,254,9,6,15,269
12/07/2000,LEX,KY,ASO,CE,Towers with Radar,26,96,75,3,200,0,10,32,1,43,26,106,107,4,243,4,5,9,252
12/08/2000,LEX,KY,ASO,CE,Towers with Radar,26,91,71,3,191,0,32,30,1,63,26,123,101,4,254,8,2,10,264
12/09/2000,LEX,KY,ASO,CE,Towers with Radar,22,71,55,0,148,0,44,97,0,141,22,115,152,0,289,5,8,13,302
12/10/2000,LEX,KY,ASO,CE,Towers with Radar,23,56,44,1,124,11,0,50,0,61,34,56,94,1,185,1,1,2,187
12/11/2000,LEX,KY,ASO,CE,Towers with Radar,21,54,42,0,117,5,3,7,0,15,26,57,49,0,132,6,2,8,140
12/12/2000,LEX,KY,ASO,CE,Towers with Radar,24,69,61,2,156,0,0,16,7,23,24,69,77,9,179,8,1,9,188
12/13/2000,LEX,KY,ASO,CE,Towers with Radar,18,59,46,0,123,0,6,5,0,11,18,65,51,0,134,0,0,0,134
12/14/2000,LEX,KY,ASO,CE,Towers with Radar,27,66,60,2,155,0,0,6,0,6,27,66,66,2,161,5,4,9,170
12/15/2000,LEX,KY,ASO,CE,Towers with Radar,30,70,74,2,176,0,0,80,0,80,30,70,154,2,256,3,10,13,269
12/16/2000,LEX,KY,ASO,CE,Towers with Radar,14,33,21,0,68,8,13,0,0,21,22,46,21,0,89,0,0,0,89
12/17/2000,LEX,KY,ASO,CE,Towers with Radar,14,31,21,1,67,12,5,0,3,20,26,36,21,4,87,0,0,0,87
12/18/2000,LEX,KY,ASO,CE,Towers with Radar,28,54,51,0,133,2,0,55,0,57,30,54,106,0,190,2,4,6,196
12/19/2000,LEX,KY,ASO,CE,Towers with Radar,26,52,46,2,126,0,0,0,1,1,26,52,46,3,127,2,2,4,131
12/20/2000,LEX,KY,ASO,CE,Towers with Radar,29,63,69,2,163,0,0,29,1,30,29,63,98,3,193,6,3,9,202
12/21/2000,LEX,KY,ASO,CE,Towers with Radar,21,55,52,0,128,0,0,13,0,13,21,55,65,0,141,1,0,1,142
12/22/2000,LEX,KY,ASO,CE,Towers with Radar,26,65,58,0,149,0,0,16,0,16,26,65,74,0,165,2,2,4,169
12/23/2000,LEX,KY,ASO,CE,Towers with Radar,23,46,47,0,116,0,0,53,0,53,23,46,100,0,169,3,5,8,177
12/24/2000,LEX,KY,ASO,CE,Towers with Radar,10,26,15,0,51,12,15,0,0,27,22,41,15,0,78,0,1,1,79
12/25/2000,LEX,KY,ASO,CE,Towers with Radar,8,9,15,0,32,17,0,17,0,34,25,9,32,0,66,0,0,0,66
12/26/2000,LEX,KY,ASO,CE,Towers with Radar,26,58,47,0,131,0,0,27,0,27,26,58,74,0,158,2,5,7,165
12/27/2000,LEX,KY,ASO,CE,Towers with Radar,26,48,48,1,123,5,0,22,4,31,31,48,70,5,154,6,0,6,160
12/28/2000,LEX,KY,ASO,CE,Towers with Radar,27,52,51,1,131,0,0,75,3,78,27,52,126,4,209,3,8,11,220
12/29/2000,LEX,KY,ASO,CE,Towers with Radar,26,62,49,0,137,6,6,26,0,38,32,68,75,0,175,2,2,4,179
12/30/2000,LEX,KY,ASO,CE,Towers with Radar,22,49,29,0,100,0,1,0,0,1,22,50,29,0,101,0,0,0,101
12/31/2000,LEX,KY,ASO,CE,Towers with Radar,15,36,29,0,80,8,8,1,0,17,23,44,30,0,97,0,2,2,99
01/01/2001,LEX,KY,ASO,CE,Towers with Radar,23,42,24,0,89,1,2,0,0,3,24,44,24,0,92,1,0,1,93
01/02/2001,LEX,KY,ASO,CE,Towers with Radar,28,62,65,2,157,1,0,16,0,17,29,62,81,2,174,2,3,5,179
01/03/2001,LEX,KY,ASO,CE,Towers with Radar,26,67,69,2,164,0,13,27,5,45,26,80,96,7,209,5,4,9,218
01/04/2001,LEX,KY,ASO,CE,Towers with Radar,29,65,67,2,163,2,1,9,3,15,31,66,76,5,178,2,1,3,181
01/05/2001,LEX,KY,ASO,CE,Towers with Radar,28,63,65,2,158,4,16,24,1,45,32,79,89,3,203,4,8,12,215
01/06/2001,LEX,KY,ASO,CE,Towers with Radar,26,59,61,1,147,2,17,93,0,112,28,76,154,1,259,1,3,4,263
01/07/2001,LEX,KY,ASO,CE,Towers with Radar,27,61,61,0,149,6,2,114,0,122,33,63,175,0,271,4,3,7,278
01/08/2001,LEX,KY,ASO,CE,Towers with Radar,26,60,52,0,138,7,31,0,0,38,33,91,52,0,176,1,1,2,178
01/09/2001,LEX,KY,ASO,CE,Towers with Radar,28,61,72,0,161,0,0,54,0,54,28,61,126,0,215,2,7,9,224
01/10/2001,LEX,KY,ASO,CE,Towers with Radar,30,73,79,0,182,0,0,87,0,87,30,73,166,0,269,17,3,20,289
01/11/2001,LEX,KY,ASO,CE,Towers with Radar,30,63,75,3,171,0,0,79,0,79,30,63,154,3,250,5,5,10,260
01/12/2001,LEX,KY,ASO,CE,Towers with Radar,31,72,71,4,178,0,3,64,4,71,31,75,135,8,249,3,6,9,258
01/13/2001,LEX,KY,ASO,CE,Towers with Radar,27,48,58,2,135,0,0,136,0,136,27,48,194,2,271,0,4,4,275
01/14/2001,LEX,KY,ASO,CE,Towers with Radar,21,47,47,0,115,9,8,11,0,28,30,55,58,0,143,0,0,0,143
01/15/2001,LEX,KY,ASO,CE,Towers with Radar,30,66,65,0,161,0,7,45,0,52,30,73,110,0,213,0,2,2,215
01/16/2001,LEX,KY,ASO,CE,Towers with Radar,27,67,80,4,178,0,0,56,0,56,27,67,136,4,234,1,0,1,235
01/17/2001,LEX,KY,ASO,CE,Towers with Radar,30,65,71,1,167,0,0,34,0,34,30,65,105,1,201,2,7,9,210
01/18/2001,LEX,KY,ASO,CE,Towers with Radar,30,64,62,0,156,1,0,0,0,1,31,64,62,0,157,0,0,0,157
01/19/2001,LEX,KY,ASO,CE,Towers with Radar,32,55,52,0,139,1,0,0,0,1,33,55,52,0,140,4,0,4,144
01/20/2001,LEX,KY,ASO,CE,Towers with Radar,27,38,26,2,93,1,1,1,0,3,28,39,27,2,96,0,0,0,96
01/21/2001,LEX,KY,ASO,CE,Towers with Radar,24,52,54,0,130,7,3,62,0,72,31,55,116,0,202,3,3,6,208
01/22/2001,LEX,KY,ASO,CE,Towers with Radar,26,56,58,3,143,5,0,45,1,51,31,56,103,4,194,1,3,4,198
01/23/2001,LEX,KY,ASO,CE,Towers with Radar,30,61,73,4,168,0,0,71,7,78,30,61,144,11,246,8,4,12,258
01/24/2001,LEX,KY,ASO,CE,Towers with Radar,32,64,75,3,174,0,0,47,7,54,32,64,122,10,228,8,3,11,239
01/25/2001,LEX,KY,ASO,CE,Towers with Radar,30,61,77,3,171,0,0,46,6,52,30,61,123,9,223,5,6,11,234
01/26/2001,LEX,KY,ASO,CE,Towers with Radar,31,56,66,1,154,2,0,23,0,25,33,56,89,1,179,3,5,8,187
01/27/2001,LEX,KY,ASO,CE,Towers with Radar,25,50,53,2,130,3,10,25,3,41,28,60,78,5,171,7,3,10,181
01/28/2001,LEX,KY,ASO,CE,Towers with Radar,23,47,49,1,120,10,4,59,0,73,33,51,108,1,193,5,3,8,201
01/29/2001,LEX,KY,ASO,CE,Towers with Radar,24,63,69,2,158,0,0,25,5,30,24,63,94,7,188,3,2,5,193
01/30/2001,LEX,KY,ASO,CE,Towers with Radar,22,61,66,2,151,0,0,6,5,11,22,61,72,7,162,5,1,6,168
01/31/2001,LEX,KY,ASO,CE,Towers with Radar,31,65,72,0,168,0,0,23,0,23,31,65,95,0,191,0,4,4,195
02/01/2001,LEX,KY,ASO,CE,Towers with Radar,30,60,60,4,154,1,0,49,1,51,31,60,109,5,205,1,5,6,211
02/02/2001,LEX,KY,ASO,CE,Towers with Radar,34,76,69,2,181,0,0,51,0,51,34,76,120,2,232,4,7,11,243
02/03/2001,LEX,KY,ASO,CE,Towers with Radar,23,54,45,3,125,2,2,107,0,111,25,56,152,3,236,1,7,8,244
02/04/2001,LEX,KY,ASO,CE,Towers with Radar,22,54,46,0,122,11,8,62,0,81,33,62,108,0,203,7,2,9,212
02/05/2001,LEX,KY,ASO,CE,Towers with Radar,27,66,56,2,151,1,17,1,0,19,28,83,57,2,170,8,0,8,178
02/06/2001,LEX,KY,ASO,CE,Towers with Radar,32,67,65,5,169,1,0,71,9,81,33,67,136,14,250,3,8,11,261
02/07/2001,LEX,KY,ASO,CE,Towers with Radar,30,77,76,6,189,0,0,71,10,81,30,77,147,16,270,5,10,15,285
02/08/2001,LEX,KY,ASO,CE,Towers with Radar,30,59,63,1,153,5,0,59,0,64,35,59,122,1,217,1,6,7,224
02/09/2001,LEX,KY,ASO,CE,Towers with Radar,25,52,52,0,129,6,0,1,0,7,31,52,53,0,136,0,0,0,136
02/10/2001,LEX,KY,ASO,CE,Towers with Radar,22,52,48,1,123,0,0,60,0,60,22,52,108,1,183,2,5,7,190
02/11/2001,LEX,KY,ASO,CE,Towers with Radar,23,57,48,4,132,2,3,127,0,132,25,60,175,4,264,8,14,22,286
02/12/2001,LEX,KY,ASO,CE,Towers with Radar,30,73,62,5,170,3,17,32,4,56,33,90,94,9,226,3,7,10,236
02/13/2001,LEX,KY,ASO,CE,Towers with Radar,27,64,64,1,156,0,0,26,0,26,27,64,90,1,182,2,0,2,184
02/14/2001,LEX,KY,ASO,CE,Towers with Radar,26,72,35,0,133,0,19,0,0,19,26,91,35,0,152,2,0,2,154
02/15/2001,LEX,KY,ASO,CE,Towers with Radar,27,59,63,1,150,0,0,8,0,8,27,59,71,1,158,4,1,5,163
02/16/2001,LEX,KY,ASO,CE,Towers with Radar,26,62,63,5,156,0,0,23,1,24,26,62,86,6,180,0,0,0,180
02/17/2001,LEX,KY,ASO,CE,Towers with Radar,22,58,47,4,131,0,7,50,0,57,22,65,97,4,188,0,1,1,189
02/18/2001,LEX,KY,ASO,CE,Towers with Radar,22,52,45,0,119,8,0,112,0,120,30,52,157,0,239,1,0,1,240
02/19/2001,LEX,KY,ASO,CE,Towers with Radar,32,80,66,0,178,3,5,70,0,78,35,85,136,0,256,3,0,3,259
02/20/2001,LEX,KY,ASO,CE,Towers with Radar,29,79,69,4,181,0,0,41,5,46,29,79,110,9,227,3,0,3,230
02/21/2001,LEX,KY,ASO,CE,Towers with Radar,28,68,56,3,155,2,9,18,10,39,30,77,74,13,194,7,2,9,203
02/22/2001,LEX,KY,ASO,CE,Towers with Radar,24,68,56,0,148,0,5,4,0,9,24,73,60,0,157,3,0,3,160
02/23/2001,LEX,KY,ASO,CE,Towers with Radar,31,64,80,5,180,0,0,82,2,84,31,64,162,7,264,0,5,5,269
02/24/2001,LEX,KY,ASO,CE,Towers with Radar,22,54,45,0,121,3,26,4,0,33,25,80,49,0,154,1,1,2,156
02/25/2001,LEX,KY,ASO,CE,Towers with Radar,18,44,34,0,96,14,24,0,0,38,32,68,34,0,134,0,1,1,135
02/26/2001,LEX,KY,ASO,CE,Towers with Radar,31,85,70,4,190,0,11,76,2,89,31,96,146,6,279,5,5,10,289
02/27/2001,LEX,KY,ASO,CE,Towers with Radar,30,95,78,5,208,0,0,77,6,83,30,95,155,11,291,1,3,4,295
02/28/2001,LEX,KY,ASO,CE,Towers with Radar,29,82,68,4,183,0,0,75,10,85,29,82,143,14,268,8,5,13,281
03/01/2001,LEX,KY,ASO,CE,Towers with Radar,33,78,75,4,190,0,1,75,4,80,33,79,150,8,270,5,3,8,278
03/02/2001,LEX,KY,ASO,CE,Towers with Radar,31,74,72,3,180,0,6,30,0,36,31,80,102,3,216,3,12,15,231
03/03/2001,LEX,KY,ASO,CE,Towers with Radar,26,59,57,1,143,2,10,44,0,56,28,69,101,1,199,2,2,4,203
03/04/2001,LEX,KY,ASO,CE,Towers with Radar,17,39,19,1,76,16,36,0,0,52,33,75,19,1,128,1,0,1,129
03/05/2001,LEX,KY,ASO,CE,Towers with Radar,27,59,58,2,146,3,7,21,0,31,30,66,79,2,177,3,2,5,182
03/06/2001,LEX,KY,ASO,CE,Towers with Radar,27,53,58,2,140,2,0,26,0,28,29,53,84,2,168,0,6,6,174
03/07/2001,LEX,KY,ASO,CE,Towers with Radar,28,82,80,4,194,0,6,76,5,87,28,88,156,9,281,0,2,2,283
03/08/2001,LEX,KY,ASO,CE,Towers with Radar,30,78,83,4,195,0,0,73,5,78,30,78,156,9,273,3,16,19,292
03/09/2001,LEX,KY,ASO,CE,Towers with Radar,33,76,74,4,187,1,9,67,0,77,34,85,141,4,264,5,9,14,278
03/10/2001,LEX,KY,ASO,CE,Towers with Radar,24,54,54,0,132,0,5,107,0,112,24,59,161,0,244,0,6,6,250
03/11/2001,LEX,KY,ASO,CE,Towers with Radar,26,57,57,0,140,3,5,94,0,102,29,62,151,0,242,2,7,9,251
03/12/2001,LEX,KY,ASO,CE,Towers with Radar,24,55,54,0,133,6,4,4,0,14,30,59,58,0,147,1,1,2,149
03/13/2001,LEX,KY,ASO,CE,Towers with Radar,28,50,60,3,141,5,0,31,4,40,33,50,91,7,181,0,1,1,182
03/14/2001,LEX,KY,ASO,CE,Towers with Radar,30,82,80,1,193,0,0,102,0,102,30,82,182,1,295,1,17,18,313
03/15/2001,LEX,KY,ASO,CE,Towers with Radar,27,74,73,3,177,0,7,26,0,33,27,81,99,3,210,2,10,12,222
03/16/2001,LEX,KY,ASO,CE,Towers with Radar,28,70,71,0,169,0,0,26,0,26,28,70,97,0,195,2,5,7,202
03/17/2001,LEX,KY,ASO,CE,Towers with Radar,22,48,47,0,117,5,4,8,0,17,27,52,55,0,134,0,4,4,138
03/18/2001,LEX,KY,ASO,CE,Towers with Radar,24,54,51,2,131,7,6,112,5,130,31,60,163,7,261,4,6,10,271
03/19/2001,LEX,KY,ASO,CE,Towers with Radar,27,56,58,2,143,4,0,68,6,78,31,56,126,8,221,5,7,12,233
03/20/2001,LEX,KY,ASO,CE,Towers with Radar,29,64,61,2,156,0,4,9,0,13,29,68,70,2,169,5,7,12,181
03/21/2001,LEX,KY,ASO,CE,Towers with Radar,28,73,73,3,177,0,0,5,0,5,28,73,78,3,182,2,2,4,186
03/22/2001,LEX,KY,ASO,CE,Towers with Radar,31,80,76,3,190,0,8,75,0,83,31,88,151,3,273,7,15,22,295
03/23/2001,LEX,KY,ASO,CE,Towers with Radar,32,81,78,3,194,0,4,98,7,109,32,85,176,10,303,3,11,14,317
03/24/2001,LEX,KY,ASO,CE,Towers with Radar,22,51,48,0,121,3,2,38,0,43,25,53,86,0,164,3,2,5,169
03/25/2001,LEX,KY,ASO,CE,Towers with Radar,27,53,58,0,138,4,0,105,0,109,31,53,163,0,247,3,4,7,254
03/26/2001,LEX,KY,ASO,CE,Towers with Radar,26,55,58,0,139,1,0,77,0,78,27,55,135,0,217,1,13,14,231
03/27/2001,LEX,KY,ASO,CE,Towers with Radar,29,62,67,2,160,0,0,92,14,106,29,62,159,16,266,2,6,8,274
03/28/2001,LEX,KY,ASO,CE,Towers with Radar,27,69,77,0,173,0,0,110,0,110,27,69,187,0,283,6,7,13,296
03/29/2001,LEX,KY,ASO,CE,Towers with Radar,31,54,72,3,160,0,0,37,0,37,31,54,109,3,197,8,4,12,209
03/30/2001,LEX,KY,ASO,CE,Towers with Radar,29,49,67,0,145,0,0,67,0,67,29,49,134,0,212,4,12,16,228
03/31/2001,LEX,KY,ASO,CE,Towers with Radar,25,62,61,0,148,0,0,24,0,24,25,62,85,0,172,9,0,9,181
04/01/2001,LEX,KY,ASO,CE,Towers with Radar,24,57,63,0,144,6,23,20,0,49,30,80,83,0,193,1,1,2,195
04/02/2001,LEX,KY,ASO,CE,Towers with Radar,29,70,77,1,177,4,18,54,0,76,33,88,131,1,253,2,7,9,262
04/03/2001,LEX,KY,ASO,CE,Towers with Radar,26,52,70,2,150,8,0,14,1,23,34,52,84,3,173,3,4,7,180
04/04/2001,LEX,KY,ASO,CE,Towers with Radar,31,61,84,3,179,3,0,66,1,70,34,61,150,4,249,5,11,16,265
04/05/2001,LEX,KY,ASO,CE,Towers with Radar,34,82,93,0,209,0,0,54,0,54,34,82,147,0,263,5,4,9,272
04/06/2001,LEX,KY,ASO,CE,Towers with Radar,30,88,96,0,214,0,0,75,0,75,30,88,171,0,289,3,6,9,298
04/07/2001,LEX,KY,ASO,CE,Towers with Radar,24,67,74,1,166,0,10,54,0,64,24,77,128,1,230,2,6,8,238
04/08/2001,LEX,KY,ASO,CE,Towers with Radar,23,56,61,0,140,7,12,59,0,78,30,68,120,0,218,4,1,5,223
04/09/2001,LEX,KY,ASO,CE,Towers with Radar,29,71,79,3,182,2,31,54,2,89,31,102,133,5,271,1,6,7,278
04/10/2001,LEX,KY,ASO,CE,Towers with Radar,29,73,81,0,183,0,7,37,0,44,29,80,118,0,227,10,11,21,248
04/11/2001,LEX,KY,ASO,CE,Towers with Radar,33,75,92,3,203,0,0,60,0,60,33,75,152,3,263,1,11,12,275
04/12/2001,LEX,KY,ASO,CE,Towers with Radar,32,76,84,2,194,0,4,12,0,16,32,80,96,2,210,2,8,10,220
04/13/2001,LEX,KY,ASO,CE,Towers with Radar,31,81,90,0,202,0,11,87,0,98,31,92,177,0,300,4,14,18,318
04/14/2001,LEX,KY,ASO,CE,Towers with Radar,22,63,71,1,157,0,13,99,0,112,22,76,170,1,269,12,5,17,286
04/15/2001,LEX,KY,ASO,CE,Towers with Radar,22,49,57,1,129,9,0,5,0,14,31,49,62,1,143,4,0,4,147
04/16/2001,LEX,KY,ASO,CE,Towers with Radar,27,52,69,2,150,6,0,40,0,46,33,52,109,2,196,3,6,9,205
04/17/2001,LEX,KY,ASO,CE,Towers with Radar,30,60,79,3,172,0,0,20,13,33,30,60,99,16,205,1,4,5,210
04/18/2001,LEX,KY,ASO,CE,Towers with Radar,31,76,94,0,201,0,0,102,0,102,31,76,196,0,303,3,4,7,310
04/19/2001,LEX,KY,ASO,CE,Towers with Radar,32,78,93,0,203,0,0,140,0,140,32,78,233,0,343,6,8,14,357
04/20/2001,LEX,KY,ASO,CE,Towers with Radar,32,60,87,0,179,0,0,55,0,55,32,60,142,0,234,4,9,13,247
04/21/2001,LEX,KY,ASO,CE,Towers with Radar,20,56,63,0,139,0,4,40,0,44,20,60,103,0,183,0,5,5,188
04/22/2001,LEX,KY,ASO,CE,Towers with Radar,28,63,72,0,163,2,0,123,0,125,30,63,195,0,288,1,1,2,290
04/23/2001,LEX,KY,ASO,CE,Towers with Radar,28,64,72,1,165,3,3,49,4,59,31,67,121,5,224,3,4,7,231
04/24/2001,LEX,KY,ASO,CE,Towers with Radar,30,65,84,2,181,0,0,93,5,98,30,65,177,7,279,5,13,18,297
04/25/2001,LEX,KY,ASO,CE,Towers with Radar,32,71,92,2,197,0,0,127,2,129,32,71,219,4,326,5,16,21,347
04/26/2001,LEX,KY,ASO,CE,Towers with Radar,30,72,99,2,203,0,0,132,7,139,30,72,231,9,342,0,6,6,348
04/27/2001,LEX,KY,ASO,CE,Towers with Radar,31,58,91,2,182,0,0,122,3,125,31,58,213,5,307,3,3,6,313
04/28/2001,LEX,KY,ASO,CE,Towers with Radar,24,59,65,1,149,0,18,94,1,113,24,77,159,2,262,0,3,3,265
04/29/2001,LEX,KY,ASO,CE,Towers with Radar,24,55,61,0,140,5,0,140,0,145,29,55,201,0,285,0,6,6,291
04/30/2001,LEX,KY,ASO,CE,Towers with Radar,26,61,67,1,155,5,6,83,8,102,31,67,150,9,257,6,13,19,276
05/01/2001,LEX,KY,ASO,CE,Towers with Radar,31,60,78,2,171,2,0,64,6,72,33,60,142,8,243,3,6,9,252
05/02/2001,LEX,KY,ASO,CE,Towers with Radar,30,88,93,3,214,0,4,119,5,128,30,92,212,8,342,4,14,18,360
05/03/2001,LEX,KY,ASO,CE,Towers with Radar,35,111,117,3,266,0,1,79,1,81,35,112,196,4,347,2,3,5,352
05/04/2001,LEX,KY,ASO,CE,Towers with Radar,34,87,104,3,228,0,0,111,2,113,34,87,215,5,341,2,3,5,346
05/05/2001,LEX,KY,ASO,CE,Towers with Radar,23,69,73,0,165,0,16,52,0,68,23,85,125,0,233,0,3,3,236
05/06/2001,LEX,KY,ASO,CE,Towers with Radar,34,56,84,2,176,0,0,75,0,75,34,56,159,2,251,10,11,21,272
05/07/2001,LEX,KY,ASO,CE,Towers with Radar,28,63,71,2,164,0,0,43,2,45,28,63,114,4,209,5,3,8,217
05/08/2001,LEX,KY,ASO,CE,Towers with Radar,31,69,78,0,178,2,0,42,0,44,33,69,120,0,222,6,8,14,236
05/09/2001,LEX,KY,ASO,CE,Towers with Radar,33,83,87,3,206,0,1,40,4,45,33,84,127,7,251,4,4,8,259
05/10/2001,LEX,KY,ASO,CE,Towers with Radar,34,59,88,1,182,0,0,90,0,90,34,59,178,1,272,0,7,7,279
05/11/2001,LEX,KY,ASO,CE,Towers with Radar,36,81,88,3,208,2,16,67,0,85,38,97,155,3,293,2,7,9,302
05/12/2001,LEX,KY,ASO,CE,Towers with Radar,24,61,67,0,152,0,0,70,0,70,24,61,137,0,222,5,6,11,233
05/13/2001,LEX,KY,ASO,CE,Towers with Radar,23,52,57,0,132,7,19,58,0,84,30,71,115,0,216,0,3,3,219
05/14/2001,LEX,KY,ASO,CE,Towers with Radar,32,73,79,2,186,3,17,83,0,103,35,90,162,2,289,0,1,1,290
05/15/2001,LEX,KY,ASO,CE,Towers with Radar,29,78,85,2,194,0,3,85,3,91,29,81,170,5,285,0,20,20,305
05/16/2001,LEX,KY,ASO,CE,Towers with Radar,32,77,84,2,195,0,15,36,3,54,32,92,120,5,249,0,8,8,257
05/17/2001,LEX,KY,ASO,CE,Towers with Radar,30,67,82,0,179,0,0,35,0,35,30,67,117,0,214,5,10,15,229
05/18/2001,LEX,KY,ASO,CE,Towers with Radar,31,66,75,2,174,0,0,27,2,29,31,66,102,4,203,1,4,5,208
05/19/2001,LEX,KY,ASO,CE,Towers with Radar,20,42,48,1,111,10,0,2,2,14,30,42,50,3,125,0,0,0,125
05/20/2001,LEX,KY,ASO,CE,Towers with Radar,32,74,80,1,187,0,7,53,2,62,32,81,133,3,249,2,1,3,252
05/21/2001,LEX,KY,ASO,CE,Towers with Radar,23,51,52,0,126,12,14,0,0,26,35,65,52,0,152,1,0,1,153
05/22/2001,LEX,KY,ASO,CE,Towers with Radar,29,66,72,0,167,3,13,20,0,36,32,79,92,0,203,1,5,6,209
05/23/2001,LEX,KY,ASO,CE,Towers with Radar,28,85,92,2,207,0,11,33,3,47,28,96,125,5,254,7,14,21,275
05/24/2001,LEX,KY,ASO,CE,Towers with Radar,34,84,95,2,215,0,0,23,7,30,34,84,118,9,245,2,4,6,251
05/25/2001,LEX,KY,ASO,CE,Towers with Radar,33,58,85,1,177,0,0,88,1,89,33,58,173,2,266,7,10,17,283
05/26/2001,LEX,KY,ASO,CE,Towers with Radar,19,52,59,0,130,0,0,75,0,75,19,52,134,0,205,1,2,3,208
05/27/2001,LEX,KY,ASO,CE,Towers with Radar,17,40,41,0,98,14,5,59,0,78,31,45,100,0,176,4,5,9,185
05/28/2001,LEX,KY,ASO,CE,Towers with Radar,25,58,61,0,144,3,5,90,0,98,28,63,151,0,242,6,3,9,251
05/29/2001,LEX,KY,ASO,CE,Towers with Radar,28,66,69,0,163,1,2,98,0,101,29,68,167,0,264,0,10,10,274
05/30/2001,LEX,KY,ASO,CE,Towers with Radar,33,72,80,1,186,2,0,80,0,82,35,72,160,1,268,7,2,9,277
05/31/2001,LEX,KY,ASO,CE,Towers with Radar,28,51,71,0,150,5,0,43,0,48,33,51,114,0,198,7,5,12,210
06/01/2001,LEX,KY,ASO,CE,Towers with Radar,29,61,73,0,163,0,0,37,0,37,29,61,110,0,200,26,0,26,226
06/02/2001,LEX,KY,ASO,CE,Towers with Radar,22,50,53,0,125,1,32,0,0,33,23,82,53,0,158,74,0,74,232
06/03/2001,LEX,KY,ASO,CE,Towers with Radar,24,56,59,3,142,3,11,74,4,92,27,67,133,7,234,28,2,30,264
06/04/2001,LEX,KY,ASO,CE,Towers with Radar,24,55,59,1,139,7,15,4,0,26,31,70,63,1,165,26,0,26,191
06/05/2001,LEX,KY,ASO,CE,Towers with Radar,27,58,67,2,154,5,0,58,0,63,32,58,125,2,217,44,0,44,261
06/06/2001,LEX,KY,ASO,CE,Towers with Radar,29,66,70,3,168,5,5,38,2,50,34,71,108,5,218,90,26,116,334
06/07/2001,LEX,KY,ASO,CE,Towers with Radar,34,69,82,1,186,0,0,2,0,2,34,69,84,1,188,4,0,4,192
06/08/2001,LEX,KY,ASO,CE,Towers with Radar,33,55,85,3,176,0,0,52,0,52,33,55,137,3,228,35,0,35,263
06/09/2001,LEX,KY,ASO,CE,Towers with Radar,21,48,52,0,121,2,0,124,0,126,23,48,176,0,247,68,0,68,315
06/10/2001,LEX,KY,ASO,CE,Towers with Radar,24,53,61,0,138,8,0,97,0,105,32,53,158,0,243,26,0,26,269
06/11/2001,LEX,KY,ASO,CE,Towers with Radar,31,75,81,3,190,0,15,89,10,114,31,90,170,13,304,52,6,58,362
06/12/2001,LEX,KY,ASO,CE,Towers with Radar,28,87,94,4,213,0,13,69,8,90,28,100,163,12,303,87,12,99,402
06/13/2001,LEX,KY,ASO,CE,Towers with Radar,30,67,83,2,182,0,0,56,0,56,30,67,139,2,238,18,0,18,256
06/14/2001,LEX,KY,ASO,CE,Towers with Radar,25,84,93,2,204,0,21,66,0,87,25,105,159,2,291,50,0,50,341
06/15/2001,LEX,KY,ASO,CE,Towers with Radar,30,67,74,2,173,0,0,62,0,62,30,67,136,2,235,26,0,26,261
06/16/2001,LEX,KY,ASO,CE,Towers with Radar,28,61,67,1,157,0,8,72,0,80,28,69,139,1,237,62,0,62,299
06/17/2001,LEX,KY,ASO,CE,Towers with Radar,22,47,52,1,122,5,7,117,0,129,27,54,169,1,251,42,0,42,293
06/18/2001,LEX,KY,ASO,CE,Towers with Radar,29,59,72,2,162,3,0,113,1,117,32,59,185,3,279,44,0,44,323
06/19/2001,LEX,KY,ASO,CE,Towers with Radar,28,71,78,1,178,0,7,101,0,108,28,78,179,1,286,44,0,44,330
06/20/2001,LEX,KY,ASO,CE,Towers with Radar,30,64,80,2,176,0,0,68,2,70,30,64,148,4,246,74,0,74,320
06/21/2001,LEX,KY,ASO,CE,Towers with Radar,36,60,86,2,184,1,0,50,0,51,37,60,136,2,235,36,0,36,271
06/22/2001,LEX,KY,ASO,CE,Towers with Radar,31,75,82,2,190,0,1,26,1,28,31,76,108,3,218,0,0,0,218
06/23/2001,LEX,KY,ASO,CE,Towers with Radar,23,46,56,1,126,3,0,85,2,90,26,46,141,3,216,56,2,58,274
06/24/2001,LEX,KY,ASO,CE,Towers with Radar,24,44,56,1,125,7,0,69,12,88,31,44,125,13,213,22,14,36,249
06/25/2001,LEX,KY,ASO,CE,Towers with Radar,26,56,62,0,144,2,9,60,0,71,28,65,122,0,215,50,0,50,265
06/26/2001,LEX,KY,ASO,CE,Towers with Radar,32,62,77,0,171,2,0,56,0,58,34,62,133,0,229,24,0,24,253
06/27/2001,LEX,KY,ASO,CE,Towers with Radar,33,72,84,0,189,0,0,59,0,59,33,72,143,0,248,27,0,27,275
06/28/2001,LEX,KY,ASO,CE,Towers with Radar,35,70,83,0,188,0,0,79,0,79,35,70,162,0,267,68,1,69,336
06/29/2001,LEX,KY,ASO,CE,Towers with Radar,33,60,85,2,180,0,0,46,3,49,33,60,131,5,229,38,2,40,269
06/30/2001,LEX,KY,ASO,CE,Towers with Radar,24,54,60,0,138,0,0,64,0,64,24,54,124,0,202,42,0,42,244
07/01/2001,LEX,KY,ASO,CE,Towers with Radar,22,53,48,1,124,2,0,25,0,27,24,53,73,1,151,56,0,56,207
07/02/2001,LEX,KY,ASO,CE,Towers with Radar,31,56,61,0,148,0,0,86,2,88,31,56,147,2,236,23,0,23,259
07/03/2001,LEX,KY,ASO,CE,Towers with Radar,28,68,61,1,158,0,4,80,1,85,28,72,141,2,243,37,0,37,280
07/04/2001,LEX,KY,ASO,CE,Towers with Radar,17,40,39,0,96,10,12,13,0,35,27,52,52,0,131,23,0,23,154
07/05/2001,LEX,KY,ASO,CE,Towers with Radar,34,64,61,2,161,0,0,46,0,46,34,64,107,2,207,46,0,46,253
07/06/2001,LEX,KY,ASO,CE,Towers with Radar,32,56,43,2,133,0,0,118,0,118,32,56,161,2,251,29,6,35,286
07/07/2001,LEX,KY,ASO,CE,Towers with Radar,26,51,42,0,119,0,0,69,0,69,26,51,111,0,188,49,0,49,237
07/08/2001,LEX,KY,ASO,CE,Towers with Radar,28,52,58,0,138,0,0,28,0,28,28,52,86,0,166,8,0,8,174
07/09/2001,LEX,KY,ASO,CE,Towers with Radar,30,74,63,0,167,0,0,48,0,48,30,74,111,0,215,28,0,28,243
07/10/2001,LEX,KY,ASO,CE,Towers with Radar,33,74,77,0,184,1,0,49,0,50,34,74,126,0,234,16,0,16,250
07/11/2001,LEX,KY,ASO,CE,Towers with Radar,41,81,71,0,193,0,0,88,0,88,41,81,159,0,281,19,0,19,300
07/12/2001,LEX,KY,ASO,CE,Towers with Radar,31,94,95,2,222,0,1,69,4,74,31,95,164,6,296,42,0,42,338
07/13/2001,LEX,KY,ASO,CE,Towers with Radar,31,79,77,5,192,0,0,106,0,106,31,79,183,5,298,47,0,47,345
07/14/2001,LEX,KY,ASO,CE,Towers with Radar,25,61,62,0,148,0,0,116,0,116,25,61,178,0,264,34,0,34,298
07/15/2001,LEX,KY,ASO,CE,Towers with Radar,25,58,58,0,141,5,12,116,0,133,30,70,174,0,274,13,0,13,287
07/16/2001,LEX,KY,ASO,CE,Towers with Radar,32,88,87,2,209,1,0,103,0,104,33,88,190,2,313,53,0,53,366
07/17/2001,LEX,KY,ASO,CE,Towers with Radar,27,77,75,2,181,1,0,48,0,49,28,77,123,2,230,27,0,27,257
07/18/2001,LEX,KY,ASO,CE,Towers with Radar,28,86,124,10,248,1,0,8,5,14,29,86,132,15,262,20,5,25,287
07/19/2001,LEX,KY,ASO,CE,Towers with Radar,32,64,115,5,216,1,0,30,0,31,33,64,145,5,247,20,3,23,270
07/20/2001,LEX,KY,ASO,CE,Towers with Radar,32,62,78,4,176,1,0,20,1,22,33,62,98,5,198,10,0,10,208
07/21/2001,LEX,KY,ASO,CE,Towers with Radar,32,51,47,0,130,0,0,67,0,67,32,51,114,0,197,61,0,61,258
07/22/2001,LEX,KY,ASO,CE,Towers with Radar,27,63,71,2,163,0,0,19,0,19,27,63,90,2,182,6,0,6,188
07/23/2001,LEX,KY,ASO,CE,Towers with Radar,29,64,65,1,159,3,4,26,0,33,32,68,91,1,192,66,0,66,258
07/24/2001,LEX,KY,ASO,CE,Towers with Radar,31,72,68,0,171,0,0,46,2,48,31,72,114,2,219,21,17,38,257
07/25/2001,LEX,KY,ASO,CE,Towers with Radar,33,70,74,2,179,0,0,37,1,38,33,70,111,3,217,44,0,44,261
07/26/2001,LEX,KY,ASO,CE,Towers with Radar,34,73,74,0,181,0,0,5,0,5,34,73,79,0,186,1,0,1,187
07/27/2001,LEX,KY,ASO,CE,Towers with Radar,31,91,101,2,225,0,0,82,1,83,31,91,183,3,308,41,1,42,350
07/28/2001,LEX,KY,ASO,CE,Towers with Radar,25,48,47,0,120,0,0,2,0,2,25,48,49,0,122,1,2,3,125
07/29/2001,LEX,KY,ASO,CE,Towers with Radar,26,62,64,0,152,0,0,29,0,29,26,62,93,0,181,63,0,63,244
07/30/2001,LEX,KY,ASO,CE,Towers with Radar,35,69,69,8,181,0,0,66,1,67,35,69,135,9,248,46,29,75,323
07/31/2001,LEX,KY,ASO,CE,Towers with Radar,29,68,69,3,169,0,0,74,0,74,29,68,143,3,243,26,0,26,269
08/01/2001,LEX,KY,ASO,CE,Towers with Radar,33,60,73,4,170,0,0,80,2,82,33,60,153,6,252,17,0,17,269
08/02/2001,LEX,KY,ASO,CE,Towers with Radar,32,64,77,4,177,0,0,56,8,64,32,64,133,12,241,5,13,18,259
08/03/2001,LEX,KY,ASO,CE,Towers with Radar,30,61,58,2,151,0,0,5,0,5,30,61,63,2,156,0,0,0,156
08/04/2001,LEX,KY,ASO,CE,Towers with Radar,23,47,45,0,115,0,0,43,0,43,23,47,88,0,158,44,0,44,202
08/05/2001,LEX,KY,ASO,CE,Towers with Radar,32,64,49,1,146,0,0,94,0,94,32,64,143,1,240,0,0,0,240
08/06/2001,LEX,KY,ASO,CE,Towers with Radar,31,74,62,2,169,0,0,52,0,52,31,74,114,2,221,70,0,70,291
08/07/2001,LEX,KY,ASO,CE,Towers with Radar,32,70,84,7,193,0,0,77,3,80,32,70,161,10,273,46,0,46,319
08/08/2001,LEX,KY,ASO,CE,Towers with Radar,29,72,71,3,175,0,7,74,5,86,29,79,145,8,261,36,2,38,299
08/09/2001,LEX,KY,ASO,CE,Towers with Radar,33,79,98,4,214,0,0,66,0,66,33,79,164,4,280,33,0,33,313
08/10/2001,LEX,KY,ASO,CE,Towers with Radar,36,84,63,1,184,0,0,80,0,80,36,84,143,1,264,107,3,110,374
08/11/2001,LEX,KY,ASO,CE,Towers with Radar,24,51,52,8,135,0,0,71,0,71,24,51,123,8,206,77,4,81,287
08/12/2001,LEX,KY,ASO,CE,Towers with Radar,25,60,54,1,140,0,0,101,1,102,25,60,155,2,242,52,0,52,294
08/13/2001,LEX,KY,ASO,CE,Towers with Radar,35,74,72,14,195,0,0,81,0,81,35,74,153,14,276,31,10,41,317
08/14/2001,LEX,KY,ASO,CE,Towers with Radar,31,73,87,7,198,0,0,94,1,95,31,73,181,8,293,41,0,41,334
08/15/2001,LEX,KY,ASO,CE,Towers with Radar,33,74,66,4,177,0,0,97,0,97,33,74,163,4,274,81,0,81,355
08/16/2001,LEX,KY,ASO,CE,Towers with Radar,35,65,59,5,164,0,0,35,7,42,35,65,94,12,206,26,21,47,253
08/17/2001,LEX,KY,ASO,CE,Towers with Radar,34,74,74,3,185,4,6,59,0,69,38,80,133,3,254,40,0,40,294
08/18/2001,LEX,KY,ASO,CE,Towers with Radar,27,56,46,2,131,0,0,50,0,50,27,56,96,2,181,37,0,37,218
08/19/2001,LEX,KY,ASO,CE,Towers with Radar,25,56,56,2,139,5,7,68,0,80,30,63,124,2,219,29,0,29,248
08/20/2001,LEX,KY,ASO,CE,Towers with Radar,28,65,69,6,168,0,0,82,0,82,28,65,151,6,250,39,8,47,297
08/21/2001,LEX,KY,ASO,CE,Towers with Radar,33,66,87,2,188,0,0,118,0,118,33,66,205,2,306,41,0,41,347
08/22/2001,LEX,KY,ASO,CE,Towers with Radar,30,70,75,1,176,0,0,78,0,78,30,70,153,1,254,24,0,24,278
08/23/2001,LEX,KY,ASO,CE,Towers with Radar,31,73,70,2,176,0,0,57,0,57,31,73,127,2,233,52,0,52,285
08/24/2001,LEX,KY,ASO,CE,Towers with Radar,27,64,73,0,164,0,0,64,2,66,27,64,137,2,230,35,0,35,265
08/25/2001,LEX,KY,ASO,CE,Towers with Radar,25,51,36,0,112,0,0,75,0,75,25,51,111,0,187,75,0,75,262
08/26/2001,LEX,KY,ASO,CE,Towers with Radar,32,57,56,0,145,0,0,40,0,40,32,57,96,0,185,35,0,35,220
08/27/2001,LEX,KY,ASO,CE,Towers with Radar,30,64,67,8,169,0,0,34,2,36,30,64,101,10,205,13,4,17,222
08/28/2001,LEX,KY,ASO,CE,Towers with Radar,30,67,49,0,146,0,0,55,0,55,30,67,104,0,201,34,0,34,235
08/29/2001,LEX,KY,ASO,CE,Towers with Radar,32,63,72,4,171,0,0,30,1,31,32,63,102,5,202,0,0,0,202
08/30/2001,LEX,KY,ASO,CE,Towers with Radar,31,63,80,4,178,0,0,79,0,79,31,63,159,4,257,28,11,39,296
08/31/2001,LEX,KY,ASO,CE,Towers with Radar,27,57,60,2,146,0,0,12,0,12,27,57,72,2,158,1,0,1,159
09/01/2001,LEX,KY,ASO,CE,Towers with Radar,17,51,60,1,129,3,0,54,7,64,20,51,114,8,193,83,4,87,280
09/02/2001,LEX,KY,ASO,CE,Towers with Radar,17,51,38,0,106,1,0,91,2,94,18,51,129,2,200,12,0,12,212
09/03/2001,LEX,KY,ASO,CE,Towers with Radar,25,67,63,3,158,1,0,21,2,24,26,67,84,5,182,56,0,56,238
09/04/2001,LEX,KY,ASO,CE,Towers with Radar,31,67,61,1,160,0,1,68,0,69,31,68,129,1,229,50,0,50,279
09/05/2001,LEX,KY,ASO,CE,Towers with Radar,34,74,105,0,213,0,1,83,0,84,34,75,188,0,297,51,0,51,348
09/06/2001,LEX,KY,ASO,CE,Towers with Radar,31,72,82,5,190,0,3,94,0,97,31,75,176,5,287,54,0,54,341
09/07/2001,LEX,KY,ASO,CE,Towers with Radar,32,73,88,0,193,0,1,67,0,68,32,74,155,0,261,17,0,17,278
09/08/2001,LEX,KY,ASO,CE,Towers with Radar,29,59,62,0,150,0,1,100,0,101,29,60,162,0,251,19,0,19,270
09/09/2001,LEX,KY,ASO,CE,Towers with Radar,23,80,106,2,211,0,1,42,0,43,23,81,148,2,254,38,0,38,292
09/10/2001,LEX,KY,ASO,CE,Towers with Radar,33,83,123,5,244,0,0,52,0,52,33,83,175,5,296,29,0,29,325
09/11/2001,LEX,KY,ASO,CE,Towers with Radar,8,14,31,0,53,0,0,15,0,15,8,14,46,0,68,0,0,0,68
09/12/2001,LEX,KY,ASO,CE,Towers with Radar,0,0,0,0,0,0,2,0,0,2,0,2,0,0,2,0,0,0,2
09/13/2001,LEX,KY,ASO,CE,Towers with Radar,4,43,8,1,56,0,1,1,0,2,4,44,9,1,58,0,0,0,58
09/14/2001,LEX,KY,ASO,CE,Towers with Radar,15,74,49,0,138,0,6,0,0,6,15,80,49,0,144,0,0,0,144
09/15/2001,LEX,KY,ASO,CE,Towers with Radar,15,65,73,0,153,0,4,9,0,13,15,69,82,0,166,3,0,3,169
09/16/2001,LEX,KY,ASO,CE,Towers with Radar,24,58,49,0,131,0,2,2,0,4,24,60,51,0,135,3,0,3,138
09/17/2001,LEX,KY,ASO,CE,Towers with Radar,27,82,76,0,185,0,2,0,0,2,27,84,76,0,187,0,0,0,187
09/18/2001,LEX,KY,ASO,CE,Towers with Radar,25,86,86,2,199,0,0,0,0,0,25,86,86,2,199,5,0,5,204
09/19/2001,LEX,KY,ASO,CE,Towers with Radar,24,108,75,0,207,0,4,0,0,4,24,112,75,0,211,2,0,2,213
09/20/2001,LEX,KY,ASO,CE,Towers with Radar,33,81,116,2,232,0,0,27,0,27,33,81,143,2,259,1,5,6,265
09/21/2001,LEX,KY,ASO,CE,Towers with Radar,29,110,115,1,255,0,1,40,0,41,29,111,155,1,296,4,0,4,300
09/22/2001,LEX,KY,ASO,CE,Towers with Radar,23,64,74,1,162,4,0,113,2,119,27,64,187,3,281,23,0,23,304
09/23/2001,LEX,KY,ASO,CE,Towers with Radar,25,63,85,0,173,0,0,71,0,71,25,63,156,0,244,12,0,12,256
09/24/2001,LEX,KY,ASO,CE,Towers with Radar,24,88,49,4,165,0,0,1,0,1,24,88,50,4,166,19,8,27,193
09/25/2001,LEX,KY,ASO,CE,Towers with Radar,27,77,111,7,222,0,0,33,0,33,27,77,144,7,255,3,2,5,260
09/26/2001,LEX,KY,ASO,CE,Towers with Radar,27,84,78,8,197,0,0,95,2,97,27,84,173,10,294,36,2,38,332
09/27/2001,LEX,KY,ASO,CE,Towers with Radar,30,76,111,3,220,0,2,72,0,74,30,78,183,3,294,32,0,32,326
09/28/2001,LEX,KY,ASO,CE,Towers with Radar,31,78,115,4,228,0,1,98,0,99,31,79,213,4,327,14,0,14,341
09/29/2001,LEX,KY,ASO,CE,Towers with Radar,23,65,111,0,199,0,0,94,0,94,23,65,205,0,293,56,0,56,349
09/30/2001,LEX,KY,ASO,CE,Towers with Radar,22,73,65,0,160,0,0,101,0,101,22,73,166,0,261,55,0,55,316
10/01/2001,LEX,KY,ASO,CE,Towers with Radar,23,77,81,0,181,1,1,65,4,71,24,78,146,4,252,12,0,12,264
10/02/2001,LEX,KY,ASO,CE,Towers with Radar,23,77,83,0,183,1,2,82,0,85,24,79,165,0,268,65,0,65,333
10/03/2001,LEX,KY,ASO,CE,Towers with Radar,27,75,91,1,194,0,0,81,2,83,27,75,172,3,277,38,0,38,315
10/04/2001,LEX,KY,ASO,CE,Towers with Radar,25,81,88,0,194,1,1,76,0,78,26,82,164,0,272,14,0,14,286
10/05/2001,LEX,KY,ASO,CE,Towers with Radar,28,89,107,0,224,1,1,18,0,20,29,90,125,0,244,1,0,1,245
10/06/2001,LEX,KY,ASO,CE,Towers with Radar,21,74,58,0,153,1,1,50,0,52,22,75,108,0,205,8,0,8,213
10/07/2001,LEX,KY,ASO,CE,Towers with Radar,24,84,74,0,182,1,5,90,0,96,25,89,164,0,278,104,0,104,382
10/08/2001,LEX,KY,ASO,CE,Towers with Radar,26,83,78,2,189,0,3,71,0,74,26,86,149,2,263,37,0,37,300
10/09/2001,LEX,KY,ASO,CE,Towers with Radar,26,93,84,0,203,0,1,72,0,73,26,94,156,0,276,37,0,37,313
10/10/2001,LEX,KY,ASO,CE,Towers with Radar,27,92,104,2,225,0,1,73,0,74,27,93,177,2,299,15,0,15,314
10/11/2001,LEX,KY,ASO,CE,Towers with Radar,24,85,90,1,200,0,0,44,0,44,24,85,134,1,244,21,0,21,265
10/12/2001,LEX,KY,ASO,CE,Towers with Radar,30,82,81,21,214,0,1,5,4,10,30,83,86,25,224,3,0,3,227
10/13/2001,LEX,KY,ASO,CE,Towers with Radar,22,71,51,11,155,0,1,6,1,8,22,72,57,12,163,13,22,35,198
10/14/2001,LEX,KY,ASO,CE,Towers with Radar,22,84,56,2,164,0,1,11,0,12,22,85,67,2,176,15,0,15,191
10/15/2001,LEX,KY,ASO,CE,Towers with Radar,27,76,68,0,171,0,2,71,0,73,27,78,139,0,244,37,0,37,281
10/16/2001,LEX,KY,ASO,CE,Towers with Radar,26,73,84,2,185,0,1,6,1,8,26,74,90,3,193,0,0,0,193
10/17/2001,LEX,KY,ASO,CE,Towers with Radar,30,90,81,3,204,0,2,90,5,97,30,92,171,8,301,52,0,52,353
10/18/2001,LEX,KY,ASO,CE,Towers with Radar,26,113,100,4,243,0,1,87,0,88,26,114,187,4,331,9,0,9,340
10/19/2001,LEX,KY,ASO,CE,Towers with Radar,26,84,79,2,191,5,2,88,1,96,31,86,167,3,287,27,0,27,314
10/20/2001,LEX,KY,ASO,CE,Towers with Radar,25,65,53,2,145,0,1,103,0,104,25,66,156,2,249,51,0,51,300
10/21/2001,LEX,KY,ASO,CE,Towers with Radar,24,71,62,0,157,0,2,93,0,95,24,73,155,0,252,21,0,21,273
10/22/2001,LEX,KY,ASO,CE,Towers with Radar,24,77,75,1,177,0,7,47,1,55,24,84,122,2,232,68,0,68,300
10/23/2001,LEX,KY,ASO,CE,Towers with Radar,28,69,64,0,161,0,1,16,0,17,28,70,80,0,178,14,0,14,192
10/24/2001,LEX,KY,ASO,CE,Towers with Radar,31,78,75,2,186,0,7,19,0,26,31,85,94,2,212,18,0,18,230
10/25/2001,LEX,KY,ASO,CE,Towers with Radar,27,105,60,1,193,0,8,29,0,37,27,113,89,1,230,9,0,9,239
10/26/2001,LEX,KY,ASO,CE,Towers with Radar,28,90,78,0,196,0,8,34,0,42,28,98,112,0,238,23,0,23,261
10/27/2001,LEX,KY,ASO,CE,Towers with Radar,20,65,61,0,146,0,5,79,0,84,20,70,140,0,230,48,0,48,278
10/28/2001,LEX,KY,ASO,CE,Towers with Radar,27,88,57,0,172,0,1,102,0,103,27,89,159,0,275,53,0,53,328
10/29/2001,LEX,KY,ASO,CE,Towers with Radar,25,77,60,1,163,0,1,65,0,66,25,78,125,1,229,62,0,62,291
10/30/2001,LEX,KY,ASO,CE,Towers with Radar,26,70,106,7,209,0,1,98,0,99,26,71,204,7,308,70,0,70,378
10/31/2001,LEX,KY,ASO,CE,Towers with Radar,21,81,98,9,209,0,1,73,0,74,21,82,171,9,283,8,5,13,296
11/01/2001,LEX,KY,ASO,CE,Towers with Radar,21,89,86,1,197,1,3,34,1,39,22,92,120,2,236,29,0,29,265
11/02/2001,LEX,KY,ASO,CE,Towers with Radar,31,92,91,7,221,1,0,26,2,29,32,92,117,9,250,12,0,12,262
11/03/2001,LEX,KY,ASO,CE,Towers with Radar,24,67,53,1,145,1,0,79,0,80,25,67,132,1,225,26,0,26,251
11/04/2001,LEX,KY,ASO,CE,Towers with Radar,19,82,77,1,179,1,0,116,0,117,20,82,193,1,296,37,0,37,333
11/05/2001,LEX,KY,ASO,CE,Towers with Radar,19,95,77,5,196,1,0,60,1,62,20,95,137,6,258,59,5,64,322
11/06/2001,LEX,KY,ASO,CE,Towers with Radar,27,109,74,3,213,1,0,76,0,77,28,109,150,3,290,96,0,96,386
11/07/2001,LEX,KY,ASO,CE,Towers with Radar,23,108,82,3,216,1,0,81,0,82,24,108,163,3,298,29,0,29,327
11/08/2001,LEX,KY,ASO,CE,Towers with Radar,24,101,81,5,211,1,0,63,0,64,25,101,144,5,275,20,0,20,295
11/09/2001,LEX,KY,ASO,CE,Towers with Radar,21,74,77,1,173,0,0,116,1,117,21,74,193,2,290,24,0,24,314
11/10/2001,LEX,KY,ASO,CE,Towers with Radar,18,64,48,0,130,0,1,78,0,79,18,65,126,0,209,28,0,28,237
11/11/2001,LEX,KY,ASO,CE,Towers with Radar,20,80,53,2,155,0,2,71,0,73,20,82,124,2,228,25,0,25,253
11/12/2001,LEX,KY,ASO,CE,Towers with Radar,21,88,76,0,185,0,1,81,0,82,21,89,157,0,267,48,0,48,315
11/13/2001,LEX,KY,ASO,CE,Towers with Radar,28,80,67,0,175,0,1,81,0,82,28,81,148,0,257,22,0,22,279
11/14/2001,LEX,KY,ASO,CE,Towers with Radar,24,83,86,2,195,0,1,68,0,69,24,84,154,2,264,62,6,68,332
11/15/2001,LEX,KY,ASO,CE,Towers with Radar,23,80,108,4,215,0,5,77,3,85,23,85,185,7,300,4,0,4,304
11/16/2001,LEX,KY,ASO,CE,Towers with Radar,12,86,112,1,211,0,1,63,0,64,12,87,175,1,275,39,0,39,314
11/17/2001,LEX,KY,ASO,CE,Towers with Radar,18,70,62,1,151,0,0,76,0,76,18,70,138,1,227,14,0,14,241
11/18/2001,LEX,KY,ASO,CE,Towers with Radar,22,72,51,4,149,0,1,60,0,61,22,73,111,4,210,38,0,38,248
11/19/2001,LEX,KY,ASO,CE,Towers with Radar,23,80,52,2,157,0,2,11,0,13,23,82,63,2,170,9,0,9,179
11/20/2001,LEX,KY,ASO,CE,Towers with Radar,25,77,104,5,211,0,2,87,2,91,25,79,191,7,302,41,0,41,343
11/21/2001,LEX,KY,ASO,CE,Towers with Radar,23,80,70,0,173,0,1,134,0,135,23,81,204,0,308,6,0,6,314
11/22/2001,LEX,KY,ASO,CE,Towers with Radar,12,56,18,0,86,0,1,28,0,29,12,57,46,0,115,0,0,0,115
11/23/2001,LEX,KY,ASO,CE,Towers with Radar,10,56,48,0,114,0,2,46,0,48,10,58,94,0,162,11,0,11,173
11/24/2001,LEX,KY,ASO,CE,Towers with Radar,16,68,20,0,104,0,1,4,0,5,16,69,24,0,109,0,0,0,109
11/25/2001,LEX,KY,ASO,CE,Towers with Radar,21,81,83,0,185,0,1,52,3,56,21,82,135,3,241,28,0,28,269
11/26/2001,LEX,KY,ASO,CE,Towers with Radar,22,71,80,0,173,0,1,60,0,61,22,72,140,0,234,14,0,14,248
11/27/2001,LEX,KY,ASO,CE,Towers with Radar,21,70,50,2,143,0,1,7,0,8,21,71,57,2,151,0,0,0,151
11/28/2001,LEX,KY,ASO,CE,Towers with Radar,23,86,58,0,167,0,0,2,0,2,23,86,60,0,169,4,0,4,173
11/29/2001,LEX,KY,ASO,CE,Towers with Radar,26,87,56,0,169,0,0,8,0,8,26,87,64,0,177,16,0,16,193
11/30/2001,LEX,KY,ASO,CE,Towers with Radar,21,90,63,0,174,0,0,18,1,19,21,90,81,1,193,53,0,53,246
12/01/2001,LEX,KY,ASO,CE,Towers with Radar,19,70,40,6,135,1,1,25,0,27,20,71,65,6,162,0,0,0,162
12/02/2001,LEX,KY,ASO,CE,Towers with Radar,19,70,66,0,155,0,0,101,0,101,19,70,167,0,256,33,0,33,289
12/03/2001,LEX,KY,ASO,CE,Towers with Radar,18,78,65,0,161,0,0,75,0,75,18,78,140,0,236,17,0,17,253
12/04/2001,LEX,KY,ASO,CE,Towers with Radar,23,84,47,3,157,0,0,75,1,76,23,84,122,4,233,31,0,31,264
12/05/2001,LEX,KY,ASO,CE,Towers with Radar,20,86,62,2,170,0,0,96,2,98,20,86,158,4,268,24,0,24,292
12/06/2001,LEX,KY,ASO,CE,Towers with Radar,21,88,84,5,198,0,0,8,0,8,21,88,92,5,206,0,0,0,206
12/07/2001,LEX,KY,ASO,CE,Towers with Radar,23,85,77,6,191,0,0,37,0,37,23,85,114,6,228,51,0,51,279
12/08/2001,LEX,KY,ASO,CE,Towers with Radar,17,61,29,1,108,0,0,0,0,0,17,61,29,1,108,1,0,1,109
12/09/2001,LEX,KY,ASO,CE,Towers with Radar,20,77,54,0,151,0,0,33,0,33,20,77,87,0,184,4,0,4,188
12/10/2001,LEX,KY,ASO,CE,Towers with Radar,16,81,59,2,158,0,0,34,0,34,16,81,93,2,192,36,0,36,228
12/11/2001,LEX,KY,ASO,CE,Towers with Radar,18,84,121,2,225,0,1,59,0,60,18,85,180,2,285,50,0,50,335
12/12/2001,LEX,KY,ASO,CE,Towers with Radar,19,90,81,0,190,0,1,26,0,27,19,91,107,0,217,3,0,3,220
12/13/2001,LEX,KY,ASO,CE,Towers with Radar,20,81,91,6,198,0,0,6,0,6,20,81,97,6,204,14,3,17,221
12/14/2001,LEX,KY,ASO,CE,Towers with Radar,19,87,52,1,159,0,1,7,1,9,19,88,59,2,168,0,0,0,168
12/15/2001,LEX,KY,ASO,CE,Towers with Radar,17,74,50,2,143,0,3,68,1,72,17,77,118,3,215,47,0,47,262
12/16/2001,LEX,KY,ASO,CE,Towers with Radar,21,79,32,1,133,0,0,21,0,21,21,79,53,1,154,20,0,20,174
12/17/2001,LEX,KY,ASO,CE,Towers with Radar,19,79,37,0,135,0,0,8,0,8,19,79,45,0,143,0,0,0,143
12/18/2001,LEX,KY,ASO,CE,Towers with Radar,20,74,67,4,165,0,0,57,0,57,20,74,124,4,222,25,0,25,247
12/19/2001,LEX,KY,ASO,CE,Towers with Radar,20,89,79,3,191,0,0,40,0,40,20,89,119,3,231,10,0,10,241
12/20/2001,LEX,KY,ASO,CE,Towers with Radar,17,100,76,6,199,0,2,77,0,79,17,102,153,6,278,9,38,47,325
12/21/2001,LEX,KY,ASO,CE,Towers with Radar,16,83,47,1,147,0,0,87,1,88,16,83,134,2,235,38,2,40,275
12/22/2001,LEX,KY,ASO,CE,Towers with Radar,16,68,45,0,129,0,0,60,0,60,16,68,105,0,189,36,0,36,225
12/23/2001,LEX,KY,ASO,CE,Towers with Radar,17,83,27,0,127,0,0,5,0,5,17,83,32,0,132,1,0,1,133
12/24/2001,LEX,KY,ASO,CE,Towers with Radar,11,60,24,4,99,0,0,24,0,24,11,60,48,4,123,1,0,1,124
12/25/2001,LEX,KY,ASO,CE,Towers with Radar,10,68,16,0,94,0,0,8,0,8,10,68,24,0,102,0,0,0,102
12/26/2001,LEX,KY,ASO,CE,Towers with Radar,14,87,58,9,168,0,0,37,0,37,14,87,95,9,205,29,0,29,234
12/27/2001,LEX,KY,ASO,CE,Towers with Radar,19,93,39,2,153,0,0,32,0,32,19,93,71,2,185,40,0,40,225
12/28/2001,LEX,KY,ASO,CE,Towers with Radar,30,76,37,0,143,0,2,57,0,59,30,78,94,0,202,30,0,30,232
12/29/2001,LEX,KY,ASO,CE,Towers with Radar,16,74,36,0,126,0,0,6,0,6,16,74,42,0,132,0,0,0,132
12/30/2001,LEX,KY,ASO,CE,Towers with Radar,17,68,21,0,106,0,0,34,1,35,17,68,55,1,141,0,0,0,141
12/31/2001,LEX,KY,ASO,CE,Towers with Radar,20,63,29,0,112,0,0,37,0,37,20,63,66,0,149,42,0,42,191
01/01/2002,LEX,KY,ASO,CE,Towers with Radar,17,69,25,0,111,1,0,49,0,50,18,69,74,0,161,17,0,17,178
01/02/2002,LEX,KY,ASO,CE,Towers with Radar,10,71,39,1,121,0,0,57,1,58,10,71,96,2,179,8,0,8,187
01/03/2002,LEX,KY,ASO,CE,Towers with Radar,11,74,48,6,139,0,0,55,1,56,11,74,103,7,195,16,4,20,215
01/04/2002,LEX,KY,ASO,CE,Towers with Radar,20,82,49,6,157,1,0,76,0,77,21,82,125,6,234,41,4,45,279
01/05/2002,LEX,KY,ASO,CE,Towers with Radar,21,74,29,0,124,1,0,57,1,59,22,74,86,1,183,0,0,0,183
01/06/2002,LEX,KY,ASO,CE,Towers with Radar,17,86,18,0,121,1,0,0,0,1,18,86,18,0,122,12,0,12,134
01/07/2002,LEX,KY,ASO,CE,Towers with Radar,19,75,55,0,149,0,2,18,0,20,19,77,73,0,169,0,7,7,176
01/08/2002,LEX,KY,ASO,CE,Towers with Radar,18,82,57,3,160,0,1,54,0,55,18,83,111,3,215,15,0,15,230
01/09/2002,LEX,KY,ASO,CE,Towers with Radar,19,87,61,2,169,0,1,66,2,69,19,88,127,4,238,6,0,6,244
01/10/2002,LEX,KY,ASO,CE,Towers with Radar,19,98,87,0,204,0,1,14,0,15,19,99,101,0,219,13,0,13,232
01/11/2002,LEX,KY,ASO,CE,Towers with Radar,19,83,72,0,174,0,1,42,0,43,19,84,114,0,217,6,0,6,223
01/12/2002,LEX,KY,ASO,CE,Towers with Radar,13,66,42,2,123,0,1,87,0,88,13,67,129,2,211,28,0,28,239
01/13/2002,LEX,KY,ASO,CE,Towers with Radar,18,77,68,1,164,0,1,89,1,91,18,78,157,2,255,17,0,17,272
01/14/2002,LEX,KY,ASO,CE,Towers with Radar,17,82,38,0,137,0,1,28,0,29,17,83,66,0,166,2,0,2,168
01/15/2002,LEX,KY,ASO,CE,Towers with Radar,14,90,73,5,182,0,2,54,1,57,14,92,127,6,239,9,1,10,249
01/16/2002,LEX,KY,ASO,CE,Towers with Radar,16,87,78,6,187,0,1,74,1,76,16,88,152,7,263,26,1,27,290
01/17/2002,LEX,KY,ASO,CE,Towers with Radar,17,81,67,1,166,0,0,79,0,79,17,81,146,1,245,59,0,59,304
01/18/2002,LEX,KY,ASO,CE,Towers with Radar,20,68,49,2,139,0,3,41,0,44,20,71,90,2,183,12,2,14,197
01/19/2002,LEX,KY,ASO,CE,Towers with Radar,15,56,28,0,99,0,1,1,0,2,15,57,29,0,101,0,0,0,101
01/20/2002,LEX,KY,ASO,CE,Towers with Radar,19,71,58,0,148,0,1,32,1,34,19,72,90,1,182,32,0,32,214
01/21/2002,LEX,KY,ASO,CE,Towers with Radar,15,79,64,0,158,0,1,41,0,42,15,80,105,0,200,10,0,10,210
01/22/2002,LEX,KY,ASO,CE,Towers with Radar,23,102,65,0,190,0,1,77,0,78,23,103,142,0,268,16,0,16,284
01/23/2002,LEX,KY,ASO,CE,Towers with Radar,17,90,55,0,162,0,1,0,0,1,17,91,55,0,163,4,0,4,167
01/24/2002,LEX,KY,ASO,CE,Towers with Radar,18,79,71,12,180,0,0,7,4,11,18,79,78,16,191,0,0,0,191
01/25/2002,LEX,KY,ASO,CE,Towers with Radar,18,85,50,6,159,0,0,87,1,88,18,85,137,7,247,43,0,43,290
01/26/2002,LEX,KY,ASO,CE,Towers with Radar,13,77,62,0,152,0,0,113,1,114,13,77,175,1,266,61,0,61,327
01/27/2002,LEX,KY,ASO,CE,Towers with Radar,23,73,42,4,142,0,2,100,4,106,23,75,142,8,248,22,0,22,270
01/28/2002,LEX,KY,ASO,CE,Towers with Radar,20,88,46,5,159,0,0,55,0,55,20,88,101,5,214,14,3,17,231
01/29/2002,LEX,KY,ASO,CE,Towers with Radar,16,89,69,0,174,0,0,10,0,10,16,89,79,0,184,12,0,12,196
01/30/2002,LEX,KY,ASO,CE,Towers with Radar,21,83,82,0,186,0,0,1,0,1,21,83,83,0,187,0,0,0,187
01/31/2002,LEX,KY,ASO,CE,Towers with Radar,17,92,50,2,161,0,0,6,0,6,17,92,56,2,167,26,0,26,193
02/01/2002,LEX,KY,ASO,CE,Towers with Radar,20,82,50,3,155,1,0,11,1,13,21,82,61,4,168,0,0,0,168
02/02/2002,LEX,KY,ASO,CE,Towers with Radar,21,71,41,4,137,0,0,76,4,80,21,71,117,8,217,36,0,36,253
02/03/2002,LEX,KY,ASO,CE,Towers with Radar,15,75,41,1,132,0,0,56,0,56,15,75,97,1,188,29,0,29,217
02/04/2002,LEX,KY,ASO,CE,Towers with Radar,17,80,64,2,163,0,0,30,0,30,17,80,94,2,193,2,0,2,195
02/05/2002,LEX,KY,ASO,CE,Towers with Radar,19,85,68,5,177,1,0,59,0,60,20,85,127,5,237,16,0,16,253
02/06/2002,LEX,KY,ASO,CE,Towers with Radar,18,81,70,1,170,0,2,24,0,26,18,83,94,1,196,14,0,14,210
02/07/2002,LEX,KY,ASO,CE,Towers with Radar,20,91,72,5,188,0,0,29,2,31,20,91,101,7,219,16,3,19,238
02/08/2002,LEX,KY,ASO,CE,Towers with Radar,20,81,81,2,184,0,0,102,2,104,20,81,183,4,288,56,0,56,344
02/09/2002,LEX,KY,ASO,CE,Towers with Radar,17,74,48,0,139,0,0,109,0,109,17,74,157,0,248,25,0,25,273
02/10/2002,LEX,KY,ASO,CE,Towers with Radar,22,91,27,0,140,0,0,9,0,9,22,91,36,0,149,0,0,0,149
02/11/2002,LEX,KY,ASO,CE,Towers with Radar,18,86,57,2,163,0,1,31,3,35,18,87,88,5,198,9,8,17,215
02/12/2002,LEX,KY,ASO,CE,Towers with Radar,19,93,52,3,167,0,0,34,0,34,19,93,86,3,201,40,0,40,241
02/13/2002,LEX,KY,ASO,CE,Towers with Radar,18,98,70,5,191,0,0,61,0,61,18,98,131,5,252,32,0,32,284
02/14/2002,LEX,KY,ASO,CE,Towers with Radar,20,92,93,1,206,0,0,68,0,68,20,92,161,1,274,24,0,24,298
02/15/2002,LEX,KY,ASO,CE,Towers with Radar,21,109,43,1,174,0,1,37,0,38,21,110,80,1,212,30,0,30,242
02/16/2002,LEX,KY,ASO,CE,Towers with Radar,16,70,39,0,125,0,0,49,0,49,16,70,88,0,174,8,0,8,182
02/17/2002,LEX,KY,ASO,CE,Towers with Radar,18,80,53,0,151,0,0,36,0,36,18,80,89,0,187,18,0,18,205
02/18/2002,LEX,KY,ASO,CE,Towers with Radar,17,79,64,0,160,0,1,73,0,74,17,80,137,0,234,40,0,40,274
02/19/2002,LEX,KY,ASO,CE,Towers with Radar,19,90,53,8,170,0,0,25,1,26,19,90,78,9,196,23,0,23,219
02/20/2002,LEX,KY,ASO,CE,Towers with Radar,21,84,63,1,169,2,0,29,0,31,23,84,92,1,200,6,0,6,206
02/21/2002,LEX,KY,ASO,CE,Towers with Radar,18,90,60,2,170,0,14,35,4,53,18,104,95,6,223,4,0,4,227
02/22/2002,LEX,KY,ASO,CE,Towers with Radar,18,88,63,0,169,0,0,42,0,42,18,88,105,0,211,28,0,28,239
02/23/2002,LEX,KY,ASO,CE,Towers with Radar,15,69,47,1,132,0,3,113,1,117,15,72,160,2,249,32,0,32,281
02/24/2002,LEX,KY,ASO,CE,Towers with Radar,15,73,49,0,137,4,6,93,0,103,19,79,142,0,240,20,0,20,260
02/25/2002,LEX,KY,ASO,CE,Towers with Radar,16,79,57,1,153,0,0,38,0,38,16,79,95,1,191,32,1,33,224
02/26/2002,LEX,KY,ASO,CE,Towers with Radar,15,66,32,0,113,3,11,0,0,14,18,77,32,0,127,0,0,0,127
02/27/2002,LEX,KY,ASO,CE,Towers with Radar,17,86,58,2,163,0,2,5,0,7,17,88,63,2,170,0,1,1,171
02/28/2002,LEX,KY,ASO,CE,Towers with Radar,21,104,74,2,201,0,0,55,7,62,21,104,129,9,263,31,1,32,295
03/01/2002,LEX,KY,ASO,CE,Towers with Radar,18,80,62,1,161,0,0,79,1,80,18,80,141,2,241,5,0,5,246
03/02/2002,LEX,KY,ASO,CE,Towers with Radar,13,52,40,0,105,7,11,0,0,18,20,63,40,0,123,0,0,0,123
03/03/2002,LEX,KY,ASO,CE,Towers with Radar,11,50,28,0,89,7,23,0,0,30,18,73,28,0,119,0,0,0,119
03/04/2002,LEX,KY,ASO,CE,Towers with Radar,14,79,60,2,155,0,1,35,0,36,14,80,95,2,191,2,0,2,193
03/05/2002,LEX,KY,ASO,CE,Towers with Radar,18,86,65,2,171,0,6,50,4,60,18,92,115,6,231,25,0,25,256
03/06/2002,LEX,KY,ASO,CE,Towers with Radar,19,90,68,2,179,0,6,79,8,93,19,96,147,10,272,2,1,3,275
03/07/2002,LEX,KY,ASO,CE,Towers with Radar,20,83,65,2,170,0,0,63,0,63,20,83,128,2,233,28,0,28,261
03/08/2002,LEX,KY,ASO,CE,Towers with Radar,18,91,73,2,184,0,0,60,0,60,18,91,133,2,244,17,0,17,261
03/09/2002,LEX,KY,ASO,CE,Towers with Radar,10,44,21,0,75,8,18,0,0,26,18,62,21,0,101,0,0,0,101
03/10/2002,LEX,KY,ASO,CE,Towers with Radar,15,63,48,2,128,1,17,36,0,54,16,80,84,2,182,0,0,0,182
03/11/2002,LEX,KY,ASO,CE,Towers with Radar,19,88,67,1,175,0,0,86,0,86,19,88,153,1,261,49,0,49,310
03/12/2002,LEX,KY,ASO,CE,Towers with Radar,18,77,60,0,155,7,0,19,0,26,25,77,79,0,181,47,0,47,228
03/13/2002,LEX,KY,ASO,CE,Towers with Radar,20,87,81,2,190,0,0,78,1,79,20,87,159,3,269,48,0,48,317
03/14/2002,LEX,KY,ASO,CE,Towers with Radar,22,88,79,2,191,0,0,56,2,58,22,88,135,4,249,36,0,36,285
03/15/2002,LEX,KY,ASO,CE,Towers with Radar,18,76,59,2,155,1,0,17,2,20,19,76,76,4,175,0,0,0,175
03/16/2002,LEX,KY,ASO,CE,Towers with Radar,15,67,50,0,132,3,0,2,0,5,18,67,52,0,137,19,0,19,156
03/17/2002,LEX,KY,ASO,CE,Towers with Radar,13,53,39,0,105,3,14,1,2,20,16,67,40,2,125,0,0,0,125
03/18/2002,LEX,KY,ASO,CE,Towers with Radar,19,83,68,1,171,0,0,9,1,10,19,83,77,2,181,9,0,9,190
03/19/2002,LEX,KY,ASO,CE,Towers with Radar,15,75,55,0,145,0,5,3,0,8,15,80,58,0,153,0,0,0,153
03/20/2002,LEX,KY,ASO,CE,Towers with Radar,19,83,62,1,165,0,0,11,1,12,19,83,73,2,177,18,0,18,195
03/21/2002,LEX,KY,ASO,CE,Towers with Radar,15,99,84,0,198,0,0,72,0,72,15,99,156,0,270,14,0,14,284
03/22/2002,LEX,KY,ASO,CE,Towers with Radar,19,88,73,1,181,0,0,87,0,87,19,88,160,1,268,30,0,30,298
03/23/2002,LEX,KY,ASO,CE,Towers with Radar,19,74,62,0,155,3,0,131,0,134,22,74,193,0,289,39,0,39,328
03/24/2002,LEX,KY,ASO,CE,Towers with Radar,16,70,51,0,137,5,7,90,0,102,21,77,141,0,239,28,0,28,267
03/25/2002,LEX,KY,ASO,CE,Towers with Radar,17,70,51,1,139,1,5,29,4,39,18,75,80,5,178,10,1,11,189
03/26/2002,LEX,KY,ASO,CE,Towers with Radar,16,71,50,0,137,2,0,0,0,2,18,71,50,0,139,1,0,1,140
03/27/2002,LEX,KY,ASO,CE,Towers with Radar,21,90,68,1,180,0,0,27,1,28,21,90,95,2,208,58,0,58,266
03/28/2002,LEX,KY,ASO,CE,Towers with Radar,16,88,76,1,181,0,0,63,1,64,16,88,139,2,245,7,0,7,252
03/29/2002,LEX,KY,ASO,CE,Towers with Radar,19,84,62,1,166,0,0,31,1,32,19,84,93,2,198,28,0,28,226
03/30/2002,LEX,KY,ASO,CE,Towers with Radar,17,62,53,0,132,1,0,78,0,79,18,62,131,0,211,0,0,0,211
03/31/2002,LEX,KY,ASO,CE,Towers with Radar,13,53,36,0,102,4,35,0,0,39,17,88,36,0,141,16,0,16,157
04/01/2002,LEX,KY,ASO,CE,Towers with Radar,17,86,78,0,181,0,0,108,0,108,17,86,186,0,289,21,0,21,310
04/02/2002,LEX,KY,ASO,CE,Towers with Radar,20,87,78,2,187,0,1,54,3,58,20,88,132,5,245,6,0,6,251
04/03/2002,LEX,KY,ASO,CE,Towers with Radar,20,80,72,0,172,1,21,6,0,28,21,101,78,0,200,17,0,17,217
04/04/2002,LEX,KY,ASO,CE,Towers with Radar,22,93,85,3,203,0,5,84,0,89,22,98,169,3,292,36,0,36,328
04/05/2002,LEX,KY,ASO,CE,Towers with Radar,22,85,81,2,190,2,0,74,1,77,24,85,155,3,267,17,3,20,287
04/06/2002,LEX,KY,ASO,CE,Towers with Radar,17,71,77,0,165,0,0,97,0,97,17,71,174,0,262,30,0,30,292
04/07/2002,LEX,KY,ASO,CE,Towers with Radar,19,73,66,0,158,0,6,93,0,99,19,79,159,0,257,9,0,9,266
04/08/2002,LEX,KY,ASO,CE,Towers with Radar,19,72,66,0,157,0,10,15,0,25,19,82,81,0,182,1,0,1,183
04/09/2002,LEX,KY,ASO,CE,Towers with Radar,19,77,53,2,151,3,4,0,2,9,22,81,53,4,160,0,0,0,160
04/10/2002,LEX,KY,ASO,CE,Towers with Radar,20,80,88,3,191,0,0,89,3,92,20,80,177,6,283,42,2,44,327
04/11/2002,LEX,KY,ASO,CE,Towers with Radar,18,77,89,1,185,0,0,110,0,110,18,77,199,1,295,29,6,35,330
04/12/2002,LEX,KY,ASO,CE,Towers with Radar,19,84,80,0,183,0,0,61,0,61,19,84,141,0,244,24,0,24,268
04/13/2002,LEX,KY,ASO,CE,Towers with Radar,18,69,67,0,154,0,0,52,0,52,18,69,119,0,206,69,0,69,275
04/14/2002,LEX,KY,ASO,CE,Towers with Radar,17,64,59,0,140,5,20,21,0,46,22,84,80,0,186,10,0,10,196
04/15/2002,LEX,KY,ASO,CE,Towers with Radar,19,74,69,2,164,2,0,100,3,105,21,74,169,5,269,16,0,16,285
04/16/2002,LEX,KY,ASO,CE,Towers with Radar,21,84,76,1,182,5,7,98,0,110,26,91,174,1,292,22,0,22,314
04/17/2002,LEX,KY,ASO,CE,Towers with Radar,22,74,77,2,175,2,0,55,3,60,24,74,132,5,235,14,0,14,249
04/18/2002,LEX,KY,ASO,CE,Towers with Radar,20,82,78,2,182,0,0,80,2,82,20,82,158,4,264,6,0,6,270
04/19/2002,LEX,KY,ASO,CE,Towers with Radar,20,83,74,1,178,0,0,30,17,47,20,83,104,18,225,12,0,12,237
04/20/2002,LEX,KY,ASO,CE,Towers with Radar,16,64,56,1,137,1,3,40,1,45,17,67,96,2,182,48,2,50,232
04/21/2002,LEX,KY,ASO,CE,Towers with Radar,16,63,55,0,134,5,19,21,0,45,21,82,76,0,179,4,0,4,183
04/22/2002,LEX,KY,ASO,CE,Towers with Radar,21,84,75,0,180,1,6,37,0,44,22,90,112,0,224,24,0,24,248
04/23/2002,LEX,KY,ASO,CE,Towers with Radar,23,84,88,2,197,0,0,82,0,82,23,84,170,2,279,10,0,10,289
04/24/2002,LEX,KY,ASO,CE,Towers with Radar,22,87,78,1,188,1,3,54,6,64,23,90,132,7,252,27,0,27,279
04/25/2002,LEX,KY,ASO,CE,Towers with Radar,18,91,81,1,191,0,7,61,3,71,18,98,142,4,262,11,0,11,273
04/26/2002,LEX,KY,ASO,CE,Towers with Radar,21,77,89,2,189,0,0,127,2,129,21,77,216,4,318,7,0,7,325
04/27/2002,LEX,KY,ASO,CE,Towers with Radar,13,55,48,0,116,4,7,11,0,22,17,62,59,0,138,52,0,52,190
04/28/2002,LEX,KY,ASO,CE,Towers with Radar,14,53,47,0,114,6,22,23,0,51,20,75,70,0,165,0,0,0,165
04/29/2002,LEX,KY,ASO,CE,Towers with Radar,20,79,74,1,174,1,0,47,2,50,21,79,121,3,224,15,0,15,239
04/30/2002,LEX,KY,ASO,CE,Towers with Radar,23,89,80,1,193,1,0,51,6,58,24,89,131,7,251,9,0,9,260
05/01/2002,LEX,KY,ASO,CE,Towers with Radar,21,71,77,1,170,0,0,35,0,35,21,71,112,1,205,29,0,29,234
05/02/2002,LEX,KY,ASO,CE,Towers with Radar,21,76,73,2,172,0,10,18,0,28,21,86,91,2,200,10,0,10,210
05/03/2002,LEX,KY,ASO,CE,Towers with Radar,21,87,93,3,204,0,0,85,7,92,21,87,178,10,296,25,0,25,321
05/04/2002,LEX,KY,ASO,CE,Towers with Radar,19,67,65,0,151,0,0,47,0,47,19,67,112,0,198,15,0,15,213
05/05/2002,LEX,KY,ASO,CE,Towers with Radar,22,79,96,0,197,0,0,128,0,128,22,79,224,0,325,14,0,14,339
05/06/2002,LEX,KY,ASO,CE,Towers with Radar,18,61,59,2,140,0,28,14,1,43,18,89,73,3,183,0,0,0,183
05/07/2002,LEX,KY,ASO,CE,Towers with Radar,19,67,66,0,152,8,0,17,0,25,27,67,83,0,177,20,0,20,197
05/08/2002,LEX,KY,ASO,CE,Towers with Radar,20,80,78,2,180,0,0,26,13,39,20,80,104,15,219,8,3,11,230
05/09/2002,LEX,KY,ASO,CE,Towers with Radar,21,72,71,0,164,0,0,16,0,16,21,72,87,0,180,3,1,4,184
05/10/2002,LEX,KY,ASO,CE,Towers with Radar,21,84,88,0,193,0,0,108,0,108,21,84,196,0,301,30,0,30,331
05/11/2002,LEX,KY,ASO,CE,Towers with Radar,17,56,54,1,128,3,3,65,6,77,20,59,119,7,205,12,0,12,217
05/12/2002,LEX,KY,ASO,CE,Towers with Radar,13,48,47,0,108,5,20,27,0,52,18,68,74,0,160,20,0,20,180
05/13/2002,LEX,KY,ASO,CE,Towers with Radar,16,57,56,0,129,1,19,7,0,27,17,76,63,0,156,6,0,6,162
05/14/2002,LEX,KY,ASO,CE,Towers with Radar,20,82,79,0,181,0,13,64,0,77,20,95,143,0,258,35,0,35,293
05/15/2002,LEX,KY,ASO,CE,Towers with Radar,19,94,91,4,208,0,0,126,2,128,19,94,217,6,336,22,1,23,359
05/16/2002,LEX,KY,ASO,CE,Towers with Radar,21,96,91,4,212,0,1,27,0,28,21,97,118,4,240,0,0,0,240
05/17/2002,LEX,KY,ASO,CE,Towers with Radar,18,69,65,0,152,1,3,17,0,21,19,72,82,0,173,1,0,1,174
05/18/2002,LEX,KY,ASO,CE,Towers with Radar,18,62,64,3,147,1,0,33,14,48,19,62,97,17,195,8,8,16,211
05/19/2002,LEX,KY,ASO,CE,Towers with Radar,15,58,55,0,128,6,20,113,0,139,21,78,168,0,267,21,0,21,288
05/20/2002,LEX,KY,ASO,CE,Towers with Radar,17,65,61,2,145,5,8,38,0,51,22,73,99,2,196,20,1,21,217
05/21/2002,LEX,KY,ASO,CE,Towers with Radar,22,76,87,3,188,0,0,60,0,60,22,76,147,3,248,20,0,20,268
05/22/2002,LEX,KY,ASO,CE,Towers with Radar,21,68,73,3,165,4,0,95,4,103,25,68,168,7,268,48,0,48,316
05/23/2002,LEX,KY,ASO,CE,Towers with Radar,22,75,85,0,182,0,0,87,0,87,22,75,172,0,269,25,0,25,294
05/24/2002,LEX,KY,ASO,CE,Towers with Radar,21,71,81,0,173,0,0,60,0,60,21,71,141,0,233,38,0,38,271
05/25/2002,LEX,KY,ASO,CE,Towers with Radar,14,52,49,0,115,6,10,36,0,52,20,62,85,0,167,41,0,41,208
05/26/2002,LEX,KY,ASO,CE,Towers with Radar,12,46,43,0,101,7,13,16,0,36,19,59,59,0,137,41,0,41,178
05/27/2002,LEX,KY,ASO,CE,Towers with Radar,18,63,59,2,142,3,2,51,0,56,21,65,110,2,198,16,0,16,214
05/28/2002,LEX,KY,ASO,CE,Towers with Radar,18,65,62,2,147,3,0,61,1,65,21,65,123,3,212,62,0,62,274
05/29/2002,LEX,KY,ASO,CE,Towers with Radar,21,87,84,2,194,0,0,62,8,70,21,87,146,10,264,24,4,28,292
05/30/2002,LEX,KY,ASO,CE,Towers with Radar,20,74,82,2,178,0,0,58,11,69,20,74,140,13,247,17,10,27,274
05/31/2002,LEX,KY,ASO,CE,Towers with Radar,20,66,74,2,162,0,0,77,0,77,20,66,151,2,239,44,1,45,284
06/01/2002,LEX,KY,ASO,CE,Towers with Radar,12,58,51,1,122,0,2,88,2,92,12,60,139,3,214,0,0,0,214
06/02/2002,LEX,KY,ASO,CE,Towers with Radar,13,58,51,1,123,0,22,55,2,79,13,80,106,3,202,36,0,36,238
06/03/2002,LEX,KY,ASO,CE,Towers with Radar,15,69,62,2,148,2,0,77,3,82,17,69,139,5,230,14,0,14,244
06/04/2002,LEX,KY,ASO,CE,Towers with Radar,15,67,73,2,157,0,0,79,6,85,15,67,152,8,242,29,0,29,271
06/05/2002,LEX,KY,ASO,CE,Towers with Radar,14,74,69,1,158,0,0,61,0,61,14,74,130,1,219,9,0,9,228
06/06/2002,LEX,KY,ASO,CE,Towers with Radar,17,86,75,0,178,0,2,10,0,12,17,88,85,0,190,5,2,7,197
06/07/2002,LEX,KY,ASO,CE,Towers with Radar,18,79,91,2,190,0,0,78,0,78,18,79,169,2,268,22,0,22,290
06/08/2002,LEX,KY,ASO,CE,Towers with Radar,14,65,57,2,138,0,0,97,0,97,14,65,154,2,235,39,0,39,274
06/09/2002,LEX,KY,ASO,CE,Towers with Radar,14,65,57,1,137,1,11,81,0,93,15,76,138,1,230,12,2,14,244
06/10/2002,LEX,KY,ASO,CE,Towers with Radar,16,76,66,0,158,4,10,92,0,106,20,86,158,0,264,25,0,25,289
06/11/2002,LEX,KY,ASO,CE,Towers with Radar,17,91,80,2,190,0,5,75,4,84,17,96,155,6,274,31,2,33,307
06/12/2002,LEX,KY,ASO,CE,Towers with Radar,18,86,78,0,182,0,0,72,0,72,18,86,150,0,254,17,0,17,271
06/13/2002,LEX,KY,ASO,CE,Towers with Radar,16,82,72,3,173,0,8,8,1,17,16,90,80,4,190,7,0,7,197
06/14/2002,LEX,KY,ASO,CE,Towers with Radar,13,96,87,0,196,0,0,65,0,65,13,96,152,0,261,20,0,20,281
06/15/2002,LEX,KY,ASO,CE,Towers with Radar,11,58,49,1,119,3,9,67,0,79,14,67,116,1,198,6,0,6,204
06/16/2002,LEX,KY,ASO,CE,Towers with Radar,11,60,51,2,124,6,16,14,4,40,17,76,65,6,164,16,0,16,180
06/17/2002,LEX,KY,ASO,CE,Towers with Radar,15,76,65,3,159,4,4,102,9,119,19,80,167,12,278,35,0,35,313
06/18/2002,LEX,KY,ASO,CE,Towers with Radar,16,87,74,3,180,0,0,99,6,105,16,87,173,9,285,38,8,46,331
06/19/2002,LEX,KY,ASO,CE,Towers with Radar,17,83,82,4,186,0,0,93,2,95,17,83,175,6,281,40,0,40,321
06/20/2002,LEX,KY,ASO,CE,Towers with Radar,18,81,80,0,179,0,0,99,0,99,18,81,179,0,278,16,0,16,294
06/21/2002,LEX,KY,ASO,CE,Towers with Radar,15,84,78,1,178,0,0,93,0,93,15,84,171,1,271,28,0,28,299
06/22/2002,LEX,KY,ASO,CE,Towers with Radar,12,57,54,2,125,1,0,77,4,82,13,57,131,6,207,20,0,20,227
06/23/2002,LEX,KY,ASO,CE,Towers with Radar,13,66,56,0,135,0,6,72,0,78,13,72,128,0,213,18,0,18,231
06/24/2002,LEX,KY,ASO,CE,Towers with Radar,13,70,60,3,146,4,6,61,1,72,17,76,121,4,218,12,0,12,230
06/25/2002,LEX,KY,ASO,CE,Towers with Radar,17,90,77,3,187,0,1,41,3,45,17,91,118,6,232,49,0,49,281
06/26/2002,LEX,KY,ASO,CE,Towers with Radar,18,92,78,3,191,0,1,41,2,44,18,93,119,5,235,14,0,14,249
06/27/2002,LEX,KY,ASO,CE,Towers with Radar,13,80,68,3,164,0,3,42,1,46,13,83,110,4,210,12,0,12,222
06/28/2002,LEX,KY,ASO,CE,Towers with Radar,18,93,85,4,200,0,0,29,4,33,18,93,114,8,233,23,18,41,274
06/29/2002,LEX,KY,ASO,CE,Towers with Radar,11,66,61,3,141,0,0,43,2,45,11,66,104,5,186,10,0,10,196
06/30/2002,LEX,KY,ASO,CE,Towers with Radar,12,62,54,0,128,4,9,48,0,61,16,71,102,0,189,18,0,18,207
07/01/2002,LEX,KY,ASO,CE,Towers with Radar,14,68,62,2,146,4,11,47,1,63,18,79,109,3,209,20,9,29,238
07/02/2002,LEX,KY,ASO,CE,Towers with Radar,17,81,74,0,172,0,1,47,0,48,17,82,121,0,220,33,0,33,253
07/03/2002,LEX,KY,ASO,CE,Towers with Radar,20,77,88,3,188,1,0,89,13,103,21,77,177,16,291,34,18,52,343
07/04/2002,LEX,KY,ASO,CE,Towers with Radar,10,46,43,1,100,5,15,44,1,65,15,61,87,2,165,34,0,34,199
07/05/2002,LEX,KY,ASO,CE,Towers with Radar,13,56,51,0,120,1,17,49,0,67,14,73,100,0,187,21,0,21,208
07/06/2002,LEX,KY,ASO,CE,Towers with Radar,12,53,49,0,114,1,3,61,0,65,13,56,110,0,179,47,0,47,226
07/07/2002,LEX,KY,ASO,CE,Towers with Radar,14,69,63,0,146,2,8,96,0,106,16,77,159,0,252,31,0,31,283
07/08/2002,LEX,KY,ASO,CE,Towers with Radar,15,71,65,0,151,1,4,80,0,85,16,75,145,0,236,0,0,0,236
07/09/2002,LEX,KY,ASO,CE,Towers with Radar,17,72,74,2,165,3,0,89,5,97,20,72,163,7,262,4,0,4,266
07/10/2002,LEX,KY,ASO,CE,Towers with Radar,19,80,83,3,185,5,0,27,9,41,24,80,110,12,226,40,8,48,274
07/11/2002,LEX,KY,ASO,CE,Towers with Radar,17,106,100,4,227,0,0,109,2,111,17,106,209,6,338,32,1,33,371
07/12/2002,LEX,KY,ASO,CE,Towers with Radar,15,92,85,4,196,0,0,77,4,81,15,92,162,8,277,24,0,24,301
07/13/2002,LEX,KY,ASO,CE,Towers with Radar,11,58,53,2,124,2,5,11,0,18,13,63,64,2,142,0,0,0,142
07/14/2002,LEX,KY,ASO,CE,Towers with Radar,12,74,66,0,152,0,8,57,0,65,12,82,123,0,217,10,0,10,227
07/15/2002,LEX,KY,ASO,CE,Towers with Radar,14,92,82,3,191,0,9,113,0,122,14,101,195,3,313,29,0,29,342
07/16/2002,LEX,KY,ASO,CE,Towers with Radar,15,92,86,2,195,0,0,110,0,110,15,92,196,2,305,39,0,39,344
07/17/2002,LEX,KY,ASO,CE,Towers with Radar,14,101,90,4,209,0,3,22,0,25,14,104,112,4,234,11,0,11,245
07/18/2002,LEX,KY,ASO,CE,Towers with Radar,17,92,100,4,213,0,0,60,1,61,17,92,160,5,274,0,1,1,275
07/19/2002,LEX,KY,ASO,CE,Towers with Radar,19,87,88,4,198,0,0,65,0,65,19,87,153,4,263,26,0,26,289
07/20/2002,LEX,KY,ASO,CE,Towers with Radar,11,60,53,0,124,3,3,40,0,46,14,63,93,0,170,40,0,40,210
07/21/2002,LEX,KY,ASO,CE,Towers with Radar,13,69,61,3,146,1,8,68,0,77,14,77,129,3,223,9,0,9,232
07/22/2002,LEX,KY,ASO,CE,Towers with Radar,14,73,65,0,152,0,9,52,0,61,14,82,117,0,213,25,0,25,238
07/23/2002,LEX,KY,ASO,CE,Towers with Radar,17,79,79,3,178,3,0,7,0,10,20,79,86,3,188,14,0,14,202
07/24/2002,LEX,KY,ASO,CE,Towers with Radar,16,84,93,4,197,0,0,61,0,61,16,84,154,4,258,62,3,65,323
07/25/2002,LEX,KY,ASO,CE,Towers with Radar,18,84,85,4,191,0,0,85,3,88,18,84,170,7,279,6,0,6,285
07/26/2002,LEX,KY,ASO,CE,Towers with Radar,18,83,81,3,185,0,0,92,1,93,18,83,173,4,278,43,0,43,321
07/27/2002,LEX,KY,ASO,CE,Towers with Radar,12,63,56,0,131,0,9,47,0,56,12,72,103,0,187,24,2,26,213
07/28/2002,LEX,KY,ASO,CE,Towers with Radar,13,66,58,0,137,6,13,47,0,66,19,79,105,0,203,14,0,14,217
07/29/2002,LEX,KY,ASO,CE,Towers with Radar,15,76,68,2,161,1,8,33,4,46,16,84,101,6,207,17,5,22,229
07/30/2002,LEX,KY,ASO,CE,Towers with Radar,17,93,83,3,196,0,3,55,1,59,17,96,138,4,255,51,16,67,322
07/31/2002,LEX,KY,ASO,CE,Towers with Radar,17,93,84,3,197,0,0,54,5,59,17,93,138,8,256,36,0,36,292
08/01/2002,LEX,KY,ASO,CE,Towers with Radar,20,89,80,1,190,0,0,96,6,102,20,89,176,7,292,3,11,14,306
08/02/2002,LEX,KY,ASO,CE,Towers with Radar,17,86,72,0,175,0,0,88,0,88,17,86,160,0,263,36,0,36,299
08/03/2002,LEX,KY,ASO,CE,Towers with Radar,11,68,54,0,133,0,0,58,0,58,11,68,112,0,191,21,0,21,212
08/04/2002,LEX,KY,ASO,CE,Towers with Radar,12,58,37,0,107,5,20,0,0,25,17,78,37,0,132,1,0,1,133
08/05/2002,LEX,KY,ASO,CE,Towers with Radar,15,76,60,0,151,3,5,79,0,87,18,81,139,0,238,22,0,22,260
08/06/2002,LEX,KY,ASO,CE,Towers with Radar,17,102,85,1,205,0,0,103,3,106,17,102,188,4,311,22,0,22,333
08/07/2002,LEX,KY,ASO,CE,Towers with Radar,16,92,72,1,181,0,2,147,1,150,16,94,219,2,331,17,0,17,348
08/08/2002,LEX,KY,ASO,CE,Towers with Radar,18,95,88,1,202,0,0,155,1,156,18,95,243,2,358,35,0,35,393
08/09/2002,LEX,KY,ASO,CE,Towers with Radar,19,97,76,0,192,1,7,108,0,116,20,104,184,0,308,36,0,36,344
08/10/2002,LEX,KY,ASO,CE,Towers with Radar,12,57,45,0,114,1,15,68,1,85,13,72,113,1,199,13,0,13,212
08/11/2002,LEX,KY,ASO,CE,Towers with Radar,12,65,51,0,128,2,17,29,0,48,14,82,80,0,176,56,0,56,232
08/12/2002,LEX,KY,ASO,CE,Towers with Radar,17,93,73,2,185,0,15,72,0,87,17,108,145,2,272,69,2,71,343
08/13/2002,LEX,KY,ASO,CE,Towers with Radar,17,90,70,0,177,2,16,43,0,61,19,106,113,0,238,47,0,47,285
08/14/2002,LEX,KY,ASO,CE,Towers with Radar,16,84,66,2,168,1,6,47,5,59,17,90,113,7,227,57,7,64,291
08/15/2002,LEX,KY,ASO,CE,Towers with Radar,17,100,86,2,205,0,0,71,2,73,17,100,157,4,278,23,0,23,301
08/16/2002,LEX,KY,ASO,CE,Towers with Radar,17,95,78,2,192,0,0,57,0,57,17,95,135,2,249,65,0,65,314
08/17/2002,LEX,KY,ASO,CE,Towers with Radar,12,61,46,1,120,0,13,11,0,24,12,74,57,1,144,68,0,68,212
08/18/2002,LEX,KY,ASO,CE,Towers with Radar,10,58,44,1,113,6,6,33,2,47,16,64,77,3,160,15,1,16,176
08/19/2002,LEX,KY,ASO,CE,Towers with Radar,14,86,66,2,168,0,14,27,0,41,14,100,93,2,209,12,0,12,221
08/20/2002,LEX,KY,ASO,CE,Towers with Radar,16,98,75,0,189,0,2,48,0,50,16,100,123,0,239,60,0,60,299
08/21/2002,LEX,KY,ASO,CE,Towers with Radar,17,107,82,2,208,0,1,78,2,81,17,108,160,4,289,21,0,21,310
08/22/2002,LEX,KY,ASO,CE,Towers with Radar,14,103,80,0,197,0,0,89,0,89,14,103,169,0,286,36,0,36,322
08/23/2002,LEX,KY,ASO,CE,Towers with Radar,13,84,81,2,180,0,0,48,2,50,13,84,129,4,230,48,0,48,278
08/24/2002,LEX,KY,ASO,CE,Towers with Radar,11,59,49,0,119,2,0,65,0,67,13,59,114,0,186,36,0,36,222
08/25/2002,LEX,KY,ASO,CE,Towers with Radar,12,68,52,2,134,5,1,65,2,73,17,69,117,4,207,4,0,4,211
08/26/2002,LEX,KY,ASO,CE,Towers with Radar,14,78,60,2,154,5,0,37,2,44,19,78,97,4,198,12,0,12,210
08/27/2002,LEX,KY,ASO,CE,Towers with Radar,17,88,70,0,175,3,0,32,0,35,20,88,102,0,210,3,0,3,213
08/28/2002,LEX,KY,ASO,CE,Towers with Radar,17,94,73,2,186,1,0,39,2,42,18,94,112,4,228,12,0,12,240
08/29/2002,LEX,KY,ASO,CE,Towers with Radar,17,89,78,1,185,0,0,72,8,80,17,89,150,9,265,49,0,49,314
08/30/2002,LEX,KY,ASO,CE,Towers with Radar,18,82,74,1,175,1,0,72,1,74,19,82,146,2,249,2,1,3,252
08/31/2002,LEX,KY,ASO,CE,Towers with Radar,8,58,44,0,110,0,11,63,0,74,8,69,107,0,184,46,0,46,230
09/01/2002,LEX,KY,ASO,CE,Towers with Radar,9,52,40,0,101,0,8,61,1,70,9,60,101,1,171,84,0,84,255
09/02/2002,LEX,KY,ASO,CE,Towers with Radar,14,75,58,0,147,0,0,61,0,61,14,75,119,0,208,60,0,60,268
09/03/2002,LEX,KY,ASO,CE,Towers with Radar,19,93,73,1,186,1,0,78,4,83,20,93,151,5,269,39,0,39,308
09/04/2002,LEX,KY,ASO,CE,Towers with Radar,19,92,78,0,189,0,0,61,0,61,19,92,139,0,250,2,0,2,252
09/05/2002,LEX,KY,ASO,CE,Towers with Radar,18,94,79,0,191,0,0,73,0,73,18,94,152,0,264,14,0,14,278
09/06/2002,LEX,KY,ASO,CE,Towers with Radar,16,91,70,0,177,0,4,59,0,63,16,95,129,0,240,76,0,76,316
09/07/2002,LEX,KY,ASO,CE,Towers with Radar,15,79,61,0,155,0,0,101,0,101,15,79,162,0,256,64,0,64,320
09/08/2002,LEX,KY,ASO,CE,Towers with Radar,14,80,61,1,156,0,20,115,1,136,14,100,176,2,292,59,0,59,351
09/09/2002,LEX,KY,ASO,CE,Towers with Radar,18,96,73,2,189,2,22,46,0,70,20,118,119,2,259,6,0,6,265
09/10/2002,LEX,KY,ASO,CE,Towers with Radar,19,96,80,2,197,0,0,87,2,89,19,96,167,4,286,49,10,59,345
09/11/2002,LEX,KY,ASO,CE,Towers with Radar,14,100,83,2,199,0,0,98,2,100,14,100,181,4,299,61,0,61,360
09/12/2002,LEX,KY,ASO,CE,Towers with Radar,19,111,91,2,223,0,0,81,0,81,19,111,172,2,304,44,0,44,348
09/13/2002,LEX,KY,ASO,CE,Towers with Radar,15,91,75,1,182,0,0,115,0,115,15,91,190,1,297,64,0,64,361
09/14/2002,LEX,KY,ASO,CE,Towers with Radar,11,59,45,1,116,1,12,30,2,45,12,71,75,3,161,9,0,9,170
09/15/2002,LEX,KY,ASO,CE,Towers with Radar,13,70,54,2,139,10,17,10,0,37,23,87,64,2,176,0,0,0,176
09/16/2002,LEX,KY,ASO,CE,Towers with Radar,18,87,73,2,180,4,0,33,1,38,22,87,106,3,218,6,0,6,224
09/17/2002,LEX,KY,ASO,CE,Towers with Radar,18,92,77,2,189,0,0,30,3,33,18,92,107,5,222,18,0,18,240
09/18/2002,LEX,KY,ASO,CE,Towers with Radar,18,91,83,2,194,0,0,74,0,74,18,91,157,2,268,49,0,49,317
09/19/2002,LEX,KY,ASO,CE,Towers with Radar,19,83,79,2,183,2,0,46,2,50,21,83,125,4,233,55,0,55,288
09/20/2002,LEX,KY,ASO,CE,Towers with Radar,17,83,73,2,175,0,0,22,6,28,17,83,95,8,203,11,12,23,226
09/21/2002,LEX,KY,ASO,CE,Towers with Radar,14,76,57,0,147,1,0,50,0,51,15,76,107,0,198,39,0,39,237
09/22/2002,LEX,KY,ASO,CE,Towers with Radar,14,78,58,1,151,1,26,54,0,81,15,104,112,1,232,55,0,55,287
09/23/2002,LEX,KY,ASO,CE,Towers with Radar,18,92,69,2,181,3,6,86,2,97,21,98,155,4,278,12,5,17,295
09/24/2002,LEX,KY,ASO,CE,Towers with Radar,14,111,84,2,211,0,12,105,0,117,14,123,189,2,328,52,0,52,380
09/25/2002,LEX,KY,ASO,CE,Towers with Radar,17,114,89,0,220,0,0,57,0,57,17,114,146,0,277,43,0,43,320
09/26/2002,LEX,KY,ASO,CE,Towers with Radar,17,96,61,0,174,3,8,0,0,11,20,104,61,0,185,12,0,12,197
09/27/2002,LEX,KY,ASO,CE,Towers with Radar,17,94,69,0,180,3,3,0,0,6,20,97,69,0,186,18,0,18,204
09/28/2002,LEX,KY,ASO,CE,Towers with Radar,14,66,56,0,136,5,0,75,0,80,19,66,131,0,216,16,0,16,232
09/29/2002,LEX,KY,ASO,CE,Towers with Radar,15,81,60,0,156,1,15,75,0,91,16,96,135,0,247,26,0,26,273
09/30/2002,LEX,KY,ASO,CE,Towers with Radar,16,89,66,0,171,2,12,80,0,94,18,101,146,0,265,55,0,55,320
10/01/2002,LEX,KY,ASO,CE,Towers with Radar,17,84,59,2,162,1,0,38,0,39,18,84,97,2,201,10,0,10,211
10/02/2002,LEX,KY,ASO,CE,Towers with Radar,21,94,54,0,169,1,0,34,0,35,22,94,88,0,204,0,14,14,218
10/03/2002,LEX,KY,ASO,CE,Towers with Radar,16,95,94,1,206,0,0,56,0,56,16,95,150,1,262,8,0,8,270
10/04/2002,LEX,KY,ASO,CE,Towers with Radar,20,81,61,0,162,0,1,19,0,20,20,82,80,0,182,0,0,0,182
10/05/2002,LEX,KY,ASO,CE,Towers with Radar,17,70,58,0,145,0,0,56,0,56,17,70,114,0,201,25,0,25,226
10/06/2002,LEX,KY,ASO,CE,Towers with Radar,16,89,63,0,168,0,0,82,1,83,16,89,145,1,251,20,0,20,271
10/07/2002,LEX,KY,ASO,CE,Towers with Radar,15,80,65,1,161,4,9,64,0,77,19,89,129,1,238,39,0,39,277
10/08/2002,LEX,KY,ASO,CE,Towers with Radar,17,94,82,2,195,0,0,73,0,73,17,94,155,2,268,7,0,7,275
10/09/2002,LEX,KY,ASO,CE,Towers with Radar,18,96,105,6,225,0,0,80,0,80,18,96,185,6,305,40,0,40,345
10/10/2002,LEX,KY,ASO,CE,Towers with Radar,24,89,100,0,213,0,0,1,0,1,24,89,101,0,214,5,0,5,219
10/11/2002,LEX,KY,ASO,CE,Towers with Radar,17,97,86,4,204,0,0,1,0,1,17,97,87,4,205,0,0,0,205
10/12/2002,LEX,KY,ASO,CE,Towers with Radar,16,76,87,0,179,0,0,27,0,27,16,76,114,0,206,41,0,41,247
10/13/2002,LEX,KY,ASO,CE,Towers with Radar,20,98,97,0,215,0,0,52,0,52,20,98,149,0,267,5,0,5,272
10/14/2002,LEX,KY,ASO,CE,Towers with Radar,17,84,65,0,166,0,0,94,0,94,17,84,159,0,260,8,0,8,268
10/15/2002,LEX,KY,ASO,CE,Towers with Radar,16,97,78,10,201,0,0,10,0,10,16,97,88,10,211,2,5,7,218
10/16/2002,LEX,KY,ASO,CE,Towers with Radar,22,96,75,3,196,0,0,16,0,16,22,96,91,3,212,15,0,15,227
10/17/2002,LEX,KY,ASO,CE,Towers with Radar,15,102,93,2,212,0,0,73,0,73,15,102,166,2,285,28,0,28,313
10/18/2002,LEX,KY,ASO,CE,Towers with Radar,19,121,73,11,224,0,0,86,0,86,19,121,159,11,310,17,5,22,332
10/19/2002,LEX,KY,ASO,CE,Towers with Radar,17,82,54,3,156,0,0,7,2,9,17,82,61,5,165,3,0,3,168
10/20/2002,LEX,KY,ASO,CE,Towers with Radar,18,99,77,3,197,0,0,41,1,42,18,99,118,4,239,9,0,9,248
10/21/2002,LEX,KY,ASO,CE,Towers with Radar,18,97,96,9,220,0,1,73,1,75,18,98,169,10,295,8,2,10,305
10/22/2002,LEX,KY,ASO,CE,Towers with Radar,17,82,71,2,172,0,0,109,1,110,17,82,180,3,282,32,0,32,314
10/23/2002,LEX,KY,ASO,CE,Towers with Radar,18,108,87,1,214,0,0,85,2,87,18,108,172,3,301,22,0,22,323
10/24/2002,LEX,KY,ASO,CE,Towers with Radar,19,97,91,1,208,0,0,67,0,67,19,97,158,1,275,15,0,15,290
10/25/2002,LEX,KY,ASO,CE,Towers with Radar,20,110,90,0,220,0,18,21,0,39,20,128,111,0,259,5,0,5,264
10/26/2002,LEX,KY,ASO,CE,Towers with Radar,16,91,101,0,208,0,0,32,0,32,16,91,133,0,240,13,0,13,253
10/27/2002,LEX,KY,ASO,CE,Towers with Radar,17,96,84,0,197,0,0,42,2,44,17,96,126,2,241,8,0,8,249
10/28/2002,LEX,KY,ASO,CE,Towers with Radar,19,89,67,5,180,0,0,11,0,11,19,89,78,5,191,11,0,11,202
10/29/2002,LEX,KY,ASO,CE,Towers with Radar,18,91,45,2,156,0,0,3,0,3,18,91,48,2,159,0,0,0,159
10/30/2002,LEX,KY,ASO,CE,Towers with Radar,14,96,74,5,189,0,0,13,0,13,14,96,87,5,202,0,1,1,203
10/31/2002,LEX,KY,ASO,CE,Towers with Radar,16,101,82,2,201,0,0,0,4,4,16,101,82,6,205,20,0,20,225
11/01/2002,LEX,KY,ASO,CE,Towers with Radar,19,88,63,1,171,1,1,48,6,56,20,89,111,7,227,56,0,56,283
11/02/2002,LEX,KY,ASO,CE,Towers with Radar,17,80,69,0,166,0,0,94,0,94,17,80,163,0,260,4,0,4,264
11/03/2002,LEX,KY,ASO,CE,Towers with Radar,17,101,80,2,200,0,1,51,1,53,17,102,131,3,253,11,16,27,280
11/04/2002,LEX,KY,ASO,CE,Towers with Radar,17,103,66,3,189,0,0,10,0,10,17,103,76,3,199,30,0,30,229
11/05/2002,LEX,KY,ASO,CE,Towers with Radar,18,113,95,0,226,0,0,4,0,4,18,113,99,0,230,0,0,0,230
11/06/2002,LEX,KY,ASO,CE,Towers with Radar,16,87,77,5,185,0,0,21,2,23,16,87,98,7,208,4,0,4,212
11/07/2002,LEX,KY,ASO,CE,Towers with Radar,20,90,110,6,226,0,0,89,4,93,20,90,199,10,319,28,8,36,355
11/08/2002,LEX,KY,ASO,CE,Towers with Radar,22,91,95,0,208,0,1,100,0,101,22,92,195,0,309,25,0,25,334
11/09/2002,LEX,KY,ASO,CE,Towers with Radar,14,91,72,0,177,0,2,82,0,84,14,93,154,0,261,9,0,9,270
11/10/2002,LEX,KY,ASO,CE,Towers with Radar,12,72,50,0,134,0,2,14,0,16,12,74,64,0,150,13,0,13,163
11/11/2002,LEX,KY,ASO,CE,Towers with Radar,17,75,46,4,142,0,0,57,0,57,17,75,103,4,199,30,2,32,231
11/12/2002,LEX,KY,ASO,CE,Towers with Radar,18,97,85,4,204,0,0,43,0,43,18,97,128,4,247,23,0,23,270
11/13/2002,LEX,KY,ASO,CE,Towers with Radar,18,103,72,8,201,0,3,92,0,95,18,106,164,8,296,17,6,23,319
11/14/2002,LEX,KY,ASO,CE,Towers with Radar,18,108,77,6,209,0,0,79,2,81,18,108,156,8,290,37,0,37,327
11/15/2002,LEX,KY,ASO,CE,Towers with Radar,18,109,39,1,167,0,1,17,0,18,18,110,56,1,185,0,0,0,185
11/16/2002,LEX,KY,ASO,CE,Towers with Radar,17,84,29,2,132,0,0,0,0,0,17,84,29,2,132,0,0,0,132
11/17/2002,LEX,KY,ASO,CE,Towers with Radar,16,79,30,0,125,0,0,12,0,12,16,79,42,0,137,7,0,7,144
11/18/2002,LEX,KY,ASO,CE,Towers with Radar,16,84,64,2,166,0,0,56,1,57,16,84,120,3,223,20,0,20,243
11/19/2002,LEX,KY,ASO,CE,Towers with Radar,16,78,77,1,172,0,0,43,1,44,16,78,120,2,216,21,0,21,237
11/20/2002,LEX,KY,ASO,CE,Towers with Radar,19,80,71,1,171,0,1,48,2,51,19,81,119,3,222,36,0,36,258
11/21/2002,LEX,KY,ASO,CE,Towers with Radar,22,89,87,3,201,0,1,19,1,21,22,90,106,4,222,8,0,8,230
11/22/2002,LEX,KY,ASO,CE,Towers with Radar,20,93,66,3,182,0,2,11,6,19,20,95,77,9,201,0,4,4,205
11/23/2002,LEX,KY,ASO,CE,Towers with Radar,17,75,39,0,131,0,0,95,0,95,17,75,134,0,226,27,0,27,253
11/24/2002,LEX,KY,ASO,CE,Towers with Radar,23,75,41,0,139,0,0,86,0,86,23,75,127,0,225,30,0,30,255
11/25/2002,LEX,KY,ASO,CE,Towers with Radar,22,88,41,0,151,0,3,21,0,24,22,91,62,0,175,4,0,4,179
11/26/2002,LEX,KY,ASO,CE,Towers with Radar,28,76,46,0,150,0,0,10,0,10,28,76,56,0,160,0,0,0,160
11/27/2002,LEX,KY,ASO,CE,Towers with Radar,21,81,71,0,173,0,0,30,0,30,21,81,101,0,203,7,0,7,210
11/28/2002,LEX,KY,ASO,CE,Towers with Radar,12,58,14,2,86,0,0,35,0,35,12,58,49,2,121,0,0,0,121
11/29/2002,LEX,KY,ASO,CE,Towers with Radar,15,60,34,0,109,0,0,35,0,35,15,60,69,0,144,5,0,5,149
11/30/2002,LEX,KY,ASO,CE,Towers with Radar,14,64,40,0,118,0,1,18,0,19,14,65,58,0,137,0,0,0,137
12/01/2002,LEX,KY,ASO,CE,Towers with Radar,20,79,72,0,171,1,1,65,0,67,21,80,137,0,238,16,0,16,254
12/02/2002,LEX,KY,ASO,CE,Towers with Radar,17,84,68,0,169,0,1,43,0,44,17,85,111,0,213,16,0,16,229
12/03/2002,LEX,KY,ASO,CE,Towers with Radar,18,91,63,0,172,0,0,62,1,63,18,91,125,1,235,24,0,24,259
12/04/2002,LEX,KY,ASO,CE,Towers with Radar,18,88,34,2,142,0,0,10,3,13,18,88,44,5,155,0,10,10,165
12/05/2002,LEX,KY,ASO,CE,Towers with Radar,19,77,39,2,137,0,0,5,0,5,19,77,44,2,142,0,0,0,142
12/06/2002,LEX,KY,ASO,CE,Towers with Radar,19,88,70,0,177,1,0,42,0,43,20,88,112,0,220,7,0,7,227
12/07/2002,LEX,KY,ASO,CE,Towers with Radar,15,65,45,0,125,1,0,51,0,52,16,65,96,0,177,29,0,29,206
12/08/2002,LEX,KY,ASO,CE,Towers with Radar,20,73,49,3,145,1,2,44,0,47,21,75,93,3,192,22,0,22,214
12/09/2002,LEX,KY,ASO,CE,Towers with Radar,19,85,54,4,162,1,0,72,1,74,20,85,126,5,236,26,13,39,275
12/10/2002,LEX,KY,ASO,CE,Towers with Radar,17,85,90,5,197,0,1,44,0,45,17,86,134,5,242,50,4,54,296
12/11/2002,LEX,KY,ASO,CE,Towers with Radar,22,99,50,0,171,0,1,0,0,1,22,100,50,0,172,0,0,0,172
12/12/2002,LEX,KY,ASO,CE,Towers with Radar,17,84,54,1,156,0,1,1,0,2,17,85,55,1,158,4,0,4,162
12/13/2002,LEX,KY,ASO,CE,Towers with Radar,17,81,42,0,140,0,1,0,0,1,17,82,42,0,141,0,0,0,141
12/14/2002,LEX,KY,ASO,CE,Towers with Radar,18,74,36,0,128,0,2,8,0,10,18,76,44,0,138,15,0,15,153
12/15/2002,LEX,KY,ASO,CE,Towers with Radar,17,72,39,3,131,0,2,85,1,88,17,74,124,4,219,52,3,55,274
12/16/2002,LEX,KY,ASO,CE,Towers with Radar,20,78,52,0,150,0,2,43,2,47,20,80,95,2,197,50,0,50,247
12/17/2002,LEX,KY,ASO,CE,Towers with Radar,17,92,56,11,176,0,1,14,2,17,17,93,70,13,193,15,12,27,220
12/18/2002,LEX,KY,ASO,CE,Towers with Radar,13,91,60,1,165,0,1,67,2,70,13,92,127,3,235,26,0,26,261
12/19/2002,LEX,KY,ASO,CE,Towers with Radar,15,84,53,3,155,0,1,13,2,16,15,85,66,5,171,4,0,4,175
12/20/2002,LEX,KY,ASO,CE,Towers with Radar,14,78,51,2,145,0,1,48,0,49,14,79,99,2,194,12,0,12,206
12/21/2002,LEX,KY,ASO,CE,Towers with Radar,14,69,45,0,128,0,1,77,0,78,14,70,122,0,206,20,0,20,226
12/22/2002,LEX,KY,ASO,CE,Towers with Radar,17,60,20,0,97,0,2,17,0,19,17,62,37,0,116,2,0,2,118
12/23/2002,LEX,KY,ASO,CE,Towers with Radar,14,91,59,1,165,0,1,62,0,63,14,92,121,1,228,52,0,52,280
12/24/2002,LEX,KY,ASO,CE,Towers with Radar,8,51,11,0,70,0,1,2,0,3,8,52,13,0,73,0,0,0,73
12/25/2002,LEX,KY,ASO,CE,Towers with Radar,14,62,12,0,88,0,3,3,0,6,14,65,15,0,94,0,0,0,94
12/26/2002,LEX,KY,ASO,CE,Towers with Radar,15,83,42,1,141,0,2,23,0,25,15,85,65,1,166,20,0,20,186
12/27/2002,LEX,KY,ASO,CE,Towers with Radar,17,76,64,0,157,0,1,61,0,62,17,77,125,0,219,16,0,16,235
12/28/2002,LEX,KY,ASO,CE,Towers with Radar,14,63,46,0,123,0,1,28,0,29,14,64,74,0,152,21,0,21,173
12/29/2002,LEX,KY,ASO,CE,Towers with Radar,17,77,36,2,132,0,1,79,2,82,17,78,115,4,214,56,0,56,270
12/30/2002,LEX,KY,ASO,CE,Towers with Radar,16,78,50,0,144,0,1,26,0,27,16,79,76,0,171,19,0,19,190
12/31/2002,LEX,KY,ASO,CE,Towers with Radar,12,52,39,0,103,0,0,11,0,11,12,52,50,0,114,10,0,10,124
01/01/2003,LEX,KY,ASO,CE,Towers with Radar,13,50,12,0,75,1,0,0,0,1,14,50,12,0,76,0,0,0,76
01/02/2003,LEX,KY,ASO,CE,Towers with Radar,13,75,26,0,114,0,0,0,0,0,13,75,26,0,114,0,0,0,114
01/03/2003,LEX,KY,ASO,CE,Towers with Radar,16,75,25,0,116,1,0,8,0,9,17,75,33,0,125,0,0,0,125
01/04/2003,LEX,KY,ASO,CE,Towers with Radar,15,67,53,0,135,0,4,85,0,89,15,71,138,0,224,64,0,64,288
01/05/2003,LEX,KY,ASO,CE,Towers with Radar,13,75,38,1,127,0,1,3,4,8,13,76,41,5,135,2,0,2,137
01/06/2003,LEX,KY,ASO,CE,Towers with Radar,17,91,44,1,153,0,1,8,0,9,17,92,52,1,162,0,1,1,163
01/07/2003,LEX,KY,ASO,CE,Towers with Radar,18,87,60,3,168,0,1,42,0,43,18,88,102,3,211,32,0,32,243
01/08/2003,LEX,KY,ASO,CE,Towers with Radar,15,90,68,5,178,0,1,47,1,49,15,91,115,6,227,0,0,0,227
01/09/2003,LEX,KY,ASO,CE,Towers with Radar,20,96,83,1,200,0,1,76,4,81,20,97,159,5,281,11,0,11,292
01/10/2003,LEX,KY,ASO,CE,Towers with Radar,18,84,54,0,156,0,3,65,0,68,18,87,119,0,224,26,0,26,250
01/11/2003,LEX,KY,ASO,CE,Towers with Radar,17,66,38,0,121,0,1,75,0,76,17,67,113,0,197,39,0,39,236
01/12/2003,LEX,KY,ASO,CE,Towers with Radar,16,76,54,2,148,0,1,72,0,73,16,77,126,2,221,35,0,35,256
01/13/2003,LEX,KY,ASO,CE,Towers with Radar,15,92,44,2,153,0,7,38,1,46,15,99,82,3,199,4,1,5,204
01/14/2003,LEX,KY,ASO,CE,Towers with Radar,12,88,32,1,133,0,1,29,1,31,12,89,61,2,164,23,0,23,187
01/15/2003,LEX,KY,ASO,CE,Towers with Radar,18,92,57,1,168,0,0,64,9,73,18,92,121,10,241,19,0,19,260
01/16/2003,LEX,KY,ASO,CE,Towers with Radar,16,74,44,0,134,0,8,5,0,13,16,82,49,0,147,0,0,0,147
01/17/2003,LEX,KY,ASO,CE,Towers with Radar,20,89,41,2,152,0,3,30,0,33,20,92,71,2,185,8,2,10,195
01/18/2003,LEX,KY,ASO,CE,Towers with Radar,20,63,55,0,138,0,1,19,0,20,20,64,74,0,158,0,0,0,158
01/19/2003,LEX,KY,ASO,CE,Towers with Radar,17,66,34,0,117,0,0,27,0,27,17,66,61,0,144,8,0,8,152
01/20/2003,LEX,KY,ASO,CE,Towers with Radar,18,84,49,0,151,2,0,95,0,97,20,84,144,0,248,5,0,5,253
01/21/2003,LEX,KY,ASO,CE,Towers with Radar,11,81,63,3,158,0,0,40,0,40,11,81,103,3,198,4,0,4,202
01/22/2003,LEX,KY,ASO,CE,Towers with Radar,13,95,63,1,172,0,0,29,2,31,13,95,92,3,203,9,0,9,212
01/23/2003,LEX,KY,ASO,CE,Towers with Radar,14,83,55,1,153,0,0,25,6,31,14,83,80,7,184,0,0,0,184
01/24/2003,LEX,KY,ASO,CE,Towers with Radar,25,89,62,11,187,0,2,40,0,42,25,91,102,11,229,17,4,21,250
01/25/2003,LEX,KY,ASO,CE,Towers with Radar,14,67,39,0,120,5,1,69,0,75,19,68,108,0,195,33,0,33,228
01/26/2003,LEX,KY,ASO,CE,Towers with Radar,19,75,16,0,110,0,0,14,0,14,19,75,30,0,124,0,0,0,124
01/27/2003,LEX,KY,ASO,CE,Towers with Radar,14,81,61,2,158,0,0,49,1,50,14,81,110,3,208,23,0,23,231
01/28/2003,LEX,KY,ASO,CE,Towers with Radar,15,85,46,2,148,0,0,48,1,49,15,85,94,3,197,32,0,32,229
01/29/2003,LEX,KY,ASO,CE,Towers with Radar,19,80,58,0,157,0,0,0,0,0,19,80,58,0,157,8,0,8,165
01/30/2003,LEX,KY,ASO,CE,Towers with Radar,15,92,47,4,158,0,0,5,0,5,15,92,52,4,163,6,0,6,169
01/31/2003,LEX,KY,ASO,CE,Towers with Radar,21,80,44,0,145,0,0,19,2,21,21,80,63,2,166,12,0,12,178
02/01/2003,LEX,KY,ASO,CE,Towers with Radar,21,63,19,0,103,0,1,5,0,6,21,64,24,0,109,0,0,0,109
02/02/2003,LEX,KY,ASO,CE,Towers with Radar,16,68,55,0,139,0,1,89,0,90,16,69,144,0,229,64,0,64,293
02/03/2003,LEX,KY,ASO,CE,Towers with Radar,13,86,33,6,138,0,3,19,0,22,13,89,52,6,160,10,14,24,184
02/04/2003,LEX,KY,ASO,CE,Towers with Radar,18,93,63,2,176,0,2,25,1,28,18,95,88,3,204,10,4,14,218
02/05/2003,LEX,KY,ASO,CE,Towers with Radar,15,102,54,0,171,0,1,100,1,102,15,103,154,1,273,54,0,54,327
02/06/2003,LEX,KY,ASO,CE,Towers with Radar,18,84,39,4,145,0,1,20,2,23,18,85,59,6,168,10,2,12,180
02/07/2003,LEX,KY,ASO,CE,Towers with Radar,21,86,57,1,165,4,0,12,2,18,25,86,69,3,183,18,0,18,201
02/08/2003,LEX,KY,ASO,CE,Towers with Radar,21,66,50,0,137,0,3,60,1,64,21,69,110,1,201,34,0,34,235
02/09/2003,LEX,KY,ASO,CE,Towers with Radar,16,74,57,0,147,0,1,58,0,59,16,75,115,0,206,22,0,22,228
02/10/2003,LEX,KY,ASO,CE,Towers with Radar,16,86,40,0,142,0,2,2,0,4,16,88,42,0,146,7,0,7,153
02/11/2003,LEX,KY,ASO,CE,Towers with Radar,18,98,74,1,191,0,1,31,0,32,18,99,105,1,223,0,0,0,223
02/12/2003,LEX,KY,ASO,CE,Towers with Radar,17,104,70,2,193,0,1,72,0,73,17,105,142,2,266,7,0,7,273
02/13/2003,LEX,KY,ASO,CE,Towers with Radar,22,90,70,11,193,0,1,71,1,73,22,91,141,12,266,27,4,31,297
02/14/2003,LEX,KY,ASO,CE,Towers with Radar,23,91,38,3,155,0,2,19,0,21,23,93,57,3,176,0,5,5,181
02/15/2003,LEX,KY,ASO,CE,Towers with Radar,14,66,33,0,113,0,1,0,0,1,14,67,33,0,114,0,0,0,114
02/16/2003,LEX,KY,ASO,CE,Towers with Radar,6,20,10,0,36,0,1,0,0,1,6,21,10,0,37,0,0,0,37
02/17/2003,LEX,KY,ASO,CE,Towers with Radar,16,82,34,0,132,0,1,15,0,16,16,83,49,0,148,0,0,0,148
02/18/2003,LEX,KY,ASO,CE,Towers with Radar,18,88,48,3,157,0,1,0,0,1,18,89,48,3,158,0,0,0,158
02/19/2003,LEX,KY,ASO,CE,Towers with Radar,22,99,56,3,180,0,0,2,0,2,22,99,58,3,182,0,0,0,182
02/20/2003,LEX,KY,ASO,CE,Towers with Radar,20,91,72,0,183,0,0,26,0,26,20,91,98,0,209,2,0,2,211
02/21/2003,LEX,KY,ASO,CE,Towers with Radar,21,105,62,0,188,0,0,3,0,3,21,105,65,0,191,0,0,0,191
02/22/2003,LEX,KY,ASO,CE,Towers with Radar,19,93,16,2,130,0,0,0,0,0,19,93,16,2,130,0,0,0,130
02/23/2003,LEX,KY,ASO,CE,Towers with Radar,16,97,31,0,144,0,0,4,1,5,16,97,35,1,149,0,0,0,149
02/24/2003,LEX,KY,ASO,CE,Towers with Radar,18,92,56,0,166,0,0,29,0,29,18,92,85,0,195,2,0,2,197
02/25/2003,LEX,KY,ASO,CE,Towers with Radar,19,101,49,0,169,0,0,28,5,33,19,101,77,5,202,22,0,22,224
02/26/2003,LEX,KY,ASO,CE,Towers with Radar,24,103,49,7,183,0,0,23,0,23,24,103,72,7,206,15,6,21,227
02/27/2003,LEX,KY,ASO,CE,Towers with Radar,17,92,32,0,141,0,0,1,0,1,17,92,33,0,142,0,0,0,142
02/28/2003,LEX,KY,ASO,CE,Towers with Radar,25,88,51,2,166,0,0,2,0,2,25,88,53,2,168,0,0,0,168
03/01/2003,LEX,KY,ASO,CE,Towers with Radar,15,67,50,0,132,1,0,15,0,16,16,67,65,0,148,21,0,21,169
03/02/2003,LEX,KY,ASO,CE,Towers with Radar,18,72,32,2,124,1,0,5,0,6,19,72,37,2,130,0,0,0,130
03/03/2003,LEX,KY,ASO,CE,Towers with Radar,19,85,51,0,155,0,0,89,0,89,19,85,140,0,244,51,0,51,295
03/04/2003,LEX,KY,ASO,CE,Towers with Radar,14,94,47,0,155,0,0,89,3,92,14,94,136,3,247,14,0,14,261
03/05/2003,LEX,KY,ASO,CE,Towers with Radar,17,86,84,0,187,0,1,18,0,19,17,87,102,0,206,3,0,3,209
03/06/2003,LEX,KY,ASO,CE,Towers with Radar,20,82,68,0,170,0,0,8,0,8,20,82,76,0,178,6,0,6,184
03/07/2003,LEX,KY,ASO,CE,Towers with Radar,19,85,90,2,196,0,2,90,0,92,19,87,180,2,288,37,0,37,325
03/08/2003,LEX,KY,ASO,CE,Towers with Radar,16,63,45,0,124,0,3,91,1,95,16,66,136,1,219,18,0,18,237
03/09/2003,LEX,KY,ASO,CE,Towers with Radar,17,78,43,0,138,0,0,73,0,73,17,78,116,0,211,1,0,1,212
03/10/2003,LEX,KY,ASO,CE,Towers with Radar,24,81,39,0,144,0,1,77,2,80,24,82,116,2,224,20,0,20,244
03/11/2003,LEX,KY,ASO,CE,Towers with Radar,21,92,68,9,190,0,1,67,2,70,21,93,135,11,260,33,3,36,296
03/12/2003,LEX,KY,ASO,CE,Towers with Radar,21,84,67,2,174,0,2,34,0,36,21,86,101,2,210,12,0,12,222
03/13/2003,LEX,KY,ASO,CE,Towers with Radar,22,87,57,4,170,0,0,21,2,23,22,87,78,6,193,12,0,12,205
03/14/2003,LEX,KY,ASO,CE,Towers with Radar,19,96,72,0,187,0,0,61,0,61,19,96,133,0,248,28,0,28,276
03/15/2003,LEX,KY,ASO,CE,Towers with Radar,18,61,36,1,116,0,1,67,0,68,18,62,103,1,184,32,0,32,216
03/16/2003,LEX,KY,ASO,CE,Towers with Radar,22,73,66,0,161,0,0,79,1,80,22,73,145,1,241,8,0,8,249
03/17/2003,LEX,KY,ASO,CE,Towers with Radar,21,78,61,0,160,0,0,74,0,74,21,78,135,0,234,21,0,21,255
03/18/2003,LEX,KY,ASO,CE,Towers with Radar,17,77,64,0,158,0,0,40,0,40,17,77,104,0,198,15,0,15,213
03/19/2003,LEX,KY,ASO,CE,Towers with Radar,21,87,47,0,155,0,0,19,4,23,21,87,66,4,178,0,0,0,178
03/20/2003,LEX,KY,ASO,CE,Towers with Radar,18,84,62,1,165,0,2,32,1,35,18,86,94,2,200,5,0,5,205
03/21/2003,LEX,KY,ASO,CE,Towers with Radar,21,86,57,2,166,0,0,15,2,17,21,86,72,4,183,20,0,20,203
03/22/2003,LEX,KY,ASO,CE,Towers with Radar,16,68,47,0,131,0,0,68,3,71,16,68,115,3,202,37,2,39,241
03/23/2003,LEX,KY,ASO,CE,Towers with Radar,18,79,56,0,153,0,0,83,0,83,18,79,139,0,236,27,0,27,263
03/24/2003,LEX,KY,ASO,CE,Towers with Radar,15,87,69,0,171,0,0,85,0,85,15,87,154,0,256,22,0,22,278
03/25/2003,LEX,KY,ASO,CE,Towers with Radar,18,91,34,0,143,0,0,58,0,58,18,91,92,0,201,4,0,4,205
03/26/2003,LEX,KY,ASO,CE,Towers with Radar,14,93,83,4,194,0,1,63,2,66,14,94,146,6,260,30,1,31,291
03/27/2003,LEX,KY,ASO,CE,Towers with Radar,36,99,53,1,189,0,1,85,2,88,36,100,138,3,277,43,0,43,320
03/28/2003,LEX,KY,ASO,CE,Towers with Radar,22,92,46,0,160,0,0,55,0,55,22,92,101,0,215,16,0,16,231
03/29/2003,LEX,KY,ASO,CE,Towers with Radar,14,67,38,0,119,0,0,20,0,20,14,67,58,0,139,0,0,0,139
03/30/2003,LEX,KY,ASO,CE,Towers with Radar,14,92,46,0,152,0,0,35,0,35,14,92,81,0,187,6,0,6,193
03/31/2003,LEX,KY,ASO,CE,Towers with Radar,16,96,65,0,177,0,0,47,0,47,16,96,112,0,224,8,0,8,232
04/01/2003,LEX,KY,ASO,CE,Towers with Radar,19,81,44,0,144,1,1,45,1,48,20,82,89,1,192,6,0,6,198
04/02/2003,LEX,KY,ASO,CE,Towers with Radar,16,87,83,0,186,1,1,80,0,82,17,88,163,0,268,0,0,0,268
04/03/2003,LEX,KY,ASO,CE,Towers with Radar,22,88,70,0,180,1,0,70,0,71,23,88,140,0,251,10,2,12,263
04/04/2003,LEX,KY,ASO,CE,Towers with Radar,16,84,84,2,186,1,0,46,2,49,17,84,130,4,235,5,0,5,240
04/05/2003,LEX,KY,ASO,CE,Towers with Radar,14,75,74,3,166,1,0,26,2,29,15,75,100,5,195,23,0,23,218
04/06/2003,LEX,KY,ASO,CE,Towers with Radar,16,80,66,0,162,1,0,41,1,43,17,80,107,1,205,0,0,0,205
04/07/2003,LEX,KY,ASO,CE,Towers with Radar,12,87,64,1,164,0,2,19,0,21,12,89,83,1,185,18,0,18,203
04/08/2003,LEX,KY,ASO,CE,Towers with Radar,17,98,59,4,178,0,1,9,0,10,17,99,68,4,188,2,2,4,192
04/09/2003,LEX,KY,ASO,CE,Towers with Radar,18,93,40,0,151,0,1,0,0,1,18,94,40,0,152,0,0,0,152
04/10/2003,LEX,KY,ASO,CE,Towers with Radar,21,99,68,10,198,0,1,9,0,10,21,100,77,10,208,3,8,11,219
04/11/2003,LEX,KY,ASO,CE,Towers with Radar,14,89,81,2,186,0,2,86,1,89,14,91,167,3,275,0,0,0,275
04/12/2003,LEX,KY,ASO,CE,Towers with Radar,16,73,82,0,171,0,1,124,0,125,16,74,206,0,296,42,0,42,338
04/13/2003,LEX,KY,ASO,CE,Towers with Radar,12,103,94,0,209,0,1,115,0,116,12,104,209,0,325,67,0,67,392
04/14/2003,LEX,KY,ASO,CE,Towers with Radar,13,102,56,0,171,0,1,92,0,93,13,103,148,0,264,36,0,36,300
04/15/2003,LEX,KY,ASO,CE,Towers with Radar,16,103,92,3,214,0,1,64,0,65,16,104,156,3,279,0,0,0,279
04/16/2003,LEX,KY,ASO,CE,Towers with Radar,15,106,84,0,205,0,0,64,0,64,15,106,148,0,269,6,0,6,275
04/17/2003,LEX,KY,ASO,CE,Towers with Radar,17,91,80,1,189,0,0,28,5,33,17,91,108,6,222,3,0,3,225
04/18/2003,LEX,KY,ASO,CE,Towers with Radar,23,100,89,0,212,0,0,40,0,40,23,100,129,0,252,29,6,35,287
04/19/2003,LEX,KY,ASO,CE,Towers with Radar,9,70,58,0,137,0,12,119,0,131,9,82,177,0,268,20,0,20,288
04/20/2003,LEX,KY,ASO,CE,Towers with Radar,14,77,52,3,146,0,1,26,0,27,14,78,78,3,173,10,1,11,184
04/21/2003,LEX,KY,ASO,CE,Towers with Radar,16,90,66,1,173,0,0,52,1,53,16,90,118,2,226,14,0,14,240
04/22/2003,LEX,KY,ASO,CE,Towers with Radar,13,104,78,6,201,0,2,29,0,31,13,106,107,6,232,6,3,9,241
04/23/2003,LEX,KY,ASO,CE,Towers with Radar,17,102,94,2,215,0,0,137,0,137,17,102,231,2,352,10,0,10,362
04/24/2003,LEX,KY,ASO,CE,Towers with Radar,20,109,85,0,214,0,0,67,0,67,20,109,152,0,281,15,4,19,300
04/25/2003,LEX,KY,ASO,CE,Towers with Radar,15,91,83,0,189,0,3,23,0,26,15,94,106,0,215,19,0,19,234
04/26/2003,LEX,KY,ASO,CE,Towers with Radar,14,71,70,2,157,0,0,59,0,59,14,71,129,2,216,5,0,5,221
04/27/2003,LEX,KY,ASO,CE,Towers with Radar,14,82,77,5,178,0,2,118,0,120,14,84,195,5,298,19,1,20,318
04/28/2003,LEX,KY,ASO,CE,Towers with Radar,21,84,63,1,169,0,3,67,3,73,21,87,130,4,242,20,0,20,262
04/29/2003,LEX,KY,ASO,CE,Towers with Radar,11,91,59,2,163,0,8,51,1,60,11,99,110,3,223,2,0,2,225
04/30/2003,LEX,KY,ASO,CE,Towers with Radar,20,86,105,3,214,0,2,70,1,73,20,88,175,4,287,20,14,34,321
05/01/2003,LEX,KY,ASO,CE,Towers with Radar,18,102,98,1,219,0,0,77,0,77,18,102,175,1,296,20,0,20,316
05/02/2003,LEX,KY,ASO,CE,Towers with Radar,19,113,96,1,229,0,0,11,2,13,19,113,107,3,242,16,12,28,270
05/03/2003,LEX,KY,ASO,CE,Towers with Radar,13,86,70,1,170,1,0,38,1,40,14,86,108,2,210,12,16,28,238
05/04/2003,LEX,KY,ASO,CE,Towers with Radar,23,91,126,0,240,0,1,54,3,58,23,92,180,3,298,13,0,13,311
05/05/2003,LEX,KY,ASO,CE,Towers with Radar,12,91,34,0,137,0,1,13,0,14,12,92,47,0,151,0,0,0,151
05/06/2003,LEX,KY,ASO,CE,Towers with Radar,12,96,73,2,183,0,1,58,1,60,12,97,131,3,243,23,2,25,268
05/07/2003,LEX,KY,ASO,CE,Towers with Radar,16,98,61,2,177,0,2,21,0,23,16,100,82,2,200,0,0,0,200
05/08/2003,LEX,KY,ASO,CE,Towers with Radar,15,105,75,7,202,0,1,61,0,62,15,106,136,7,264,2,7,9,273
05/09/2003,LEX,KY,ASO,CE,Towers with Radar,17,98,78,1,194,3,9,34,0,46,20,107,112,1,240,0,0,0,240
05/10/2003,LEX,KY,ASO,CE,Towers with Radar,16,72,43,0,131,0,1,28,0,29,16,73,71,0,160,4,0,4,164
05/11/2003,LEX,KY,ASO,CE,Towers with Radar,12,83,46,0,141,0,1,24,0,25,12,84,70,0,166,4,0,4,170
05/12/2003,LEX,KY,ASO,CE,Towers with Radar,15,94,72,0,181,0,1,20,0,21,15,95,92,0,202,0,0,0,202
05/13/2003,LEX,KY,ASO,CE,Towers with Radar,13,99,85,0,197,0,1,128,0,129,13,100,213,0,326,15,0,15,341
05/14/2003,LEX,KY,ASO,CE,Towers with Radar,17,91,91,5,204,0,4,108,2,114,17,95,199,7,318,11,0,11,329
05/15/2003,LEX,KY,ASO,CE,Towers with Radar,21,97,62,1,181,0,8,40,0,48,21,105,102,1,229,13,0,13,242
05/16/2003,LEX,KY,ASO,CE,Towers with Radar,17,101,79,5,202,0,4,78,0,82,17,105,157,5,284,21,0,21,305
05/17/2003,LEX,KY,ASO,CE,Towers with Radar,13,81,55,0,149,0,3,11,0,14,13,84,66,0,163,11,0,11,174
05/18/2003,LEX,KY,ASO,CE,Towers with Radar,16,89,75,0,180,0,1,31,0,32,16,90,106,0,212,5,0,5,217
05/19/2003,LEX,KY,ASO,CE,Towers with Radar,18,98,69,2,187,0,5,45,0,50,18,103,114,2,237,27,0,27,264
05/20/2003,LEX,KY,ASO,CE,Towers with Radar,18,84,75,5,182,0,1,24,0,25,18,85,99,5,207,12,0,12,219
05/21/2003,LEX,KY,ASO,CE,Towers with Radar,13,97,82,1,193,0,1,30,0,31,13,98,112,1,224,33,0,33,257
05/22/2003,LEX,KY,ASO,CE,Towers with Radar,21,91,108,1,221,0,1,64,0,65,21,92,172,1,286,6,0,6,292
05/23/2003,LEX,KY,ASO,CE,Towers with Radar,17,102,92,0,211,0,2,89,0,91,17,104,181,0,302,16,0,16,318
05/24/2003,LEX,KY,ASO,CE,Towers with Radar,11,65,54,0,130,0,1,83,0,84,11,66,137,0,214,14,0,14,228
05/25/2003,LEX,KY,ASO,CE,Towers with Radar,15,64,34,0,113,0,1,27,0,28,15,65,61,0,141,8,0,8,149
05/26/2003,LEX,KY,ASO,CE,Towers with Radar,15,84,65,0,164,0,1,76,0,77,15,85,141,0,241,40,0,40,281
05/27/2003,LEX,KY,ASO,CE,Towers with Radar,16,97,76,0,189,0,0,69,1,70,16,97,145,1,259,35,0,35,294
05/28/2003,LEX,KY,ASO,CE,Towers with Radar,15,97,77,0,189,0,0,73,0,73,15,97,150,0,262,9,0,9,271
05/29/2003,LEX,KY,ASO,CE,Towers with Radar,19,103,92,1,215,0,0,20,2,22,19,103,112,3,237,9,0,9,246
05/30/2003,LEX,KY,ASO,CE,Towers with Radar,22,100,91,1,214,0,0,86,0,86,22,100,177,1,300,23,0,23,323
05/31/2003,LEX,KY,ASO,CE,Towers with Radar,12,69,32,0,113,0,0,25,0,25,12,69,57,0,138,0,0,0,138
06/01/2003,LEX,KY,ASO,CE,Towers with Radar,15,76,51,1,143,1,3,94,0,98,16,79,145,1,241,32,0,32,273
06/02/2003,LEX,KY,ASO,CE,Towers with Radar,18,99,74,1,192,1,0,57,1,59,19,99,131,2,251,24,0,24,275
06/03/2003,LEX,KY,ASO,CE,Towers with Radar,15,94,71,1,181,0,0,26,2,28,15,94,97,3,209,0,1,1,210
06/04/2003,LEX,KY,ASO,CE,Towers with Radar,18,99,79,1,197,1,0,22,4,27,19,99,101,5,224,31,2,33,257
06/05/2003,LEX,KY,ASO,CE,Towers with Radar,21,97,88,2,208,0,0,103,7,110,21,97,191,9,318,40,1,41,359
06/06/2003,LEX,KY,ASO,CE,Towers with Radar,17,97,87,2,203,1,3,83,3,90,18,100,170,5,293,30,0,30,323
06/07/2003,LEX,KY,ASO,CE,Towers with Radar,17,68,65,0,150,0,2,17,0,19,17,70,82,0,169,10,0,10,179
06/08/2003,LEX,KY,ASO,CE,Towers with Radar,15,84,45,0,144,0,4,18,0,22,15,88,63,0,166,43,0,43,209
06/09/2003,LEX,KY,ASO,CE,Towers with Radar,16,101,47,0,164,0,2,102,0,104,16,103,149,0,268,30,0,30,298
06/10/2003,LEX,KY,ASO,CE,Towers with Radar,18,91,54,2,165,0,2,74,1,77,18,93,128,3,242,28,1,29,271
06/11/2003,LEX,KY,ASO,CE,Towers with Radar,19,95,73,1,188,0,2,22,0,24,19,97,95,1,212,2,0,2,214
06/12/2003,LEX,KY,ASO,CE,Towers with Radar,20,97,72,1,190,0,5,32,1,38,20,102,104,2,228,10,0,10,238
06/13/2003,LEX,KY,ASO,CE,Towers with Radar,16,89,93,5,203,0,2,29,0,31,16,91,122,5,234,23,0,23,257
06/14/2003,LEX,KY,ASO,CE,Towers with Radar,16,68,52,0,136,0,2,19,0,21,16,70,71,0,157,12,0,12,169
06/15/2003,LEX,KY,ASO,CE,Towers with Radar,18,75,66,2,161,0,2,10,0,12,18,77,76,2,173,6,0,6,179
06/16/2003,LEX,KY,ASO,CE,Towers with Radar,20,89,60,0,169,0,3,16,0,19,20,92,76,0,188,18,0,18,206
06/17/2003,LEX,KY,ASO,CE,Towers with Radar,15,98,61,0,174,0,2,35,0,37,15,100,96,0,211,53,0,53,264
06/18/2003,LEX,KY,ASO,CE,Towers with Radar,16,94,74,2,186,0,2,56,0,58,16,96,130,2,244,46,0,46,290
06/19/2003,LEX,KY,ASO,CE,Towers with Radar,22,96,75,1,194,0,4,57,2,63,22,100,132,3,257,17,0,17,274
06/20/2003,LEX,KY,ASO,CE,Towers with Radar,19,103,83,1,206,0,0,135,0,135,19,103,218,1,341,46,0,46,387
06/21/2003,LEX,KY,ASO,CE,Towers with Radar,16,69,48,0,133,0,2,99,1,102,16,71,147,1,235,34,0,34,269
06/22/2003,LEX,KY,ASO,CE,Towers with Radar,14,86,46,0,146,0,3,94,1,98,14,89,140,1,244,62,0,62,306
06/23/2003,LEX,KY,ASO,CE,Towers with Radar,15,97,67,1,180,0,3,98,0,101,15,100,165,1,281,23,0,23,304
06/24/2003,LEX,KY,ASO,CE,Towers with Radar,15,88,77,0,180,0,2,127,0,129,15,90,204,0,309,13,0,13,322
06/25/2003,LEX,KY,ASO,CE,Towers with Radar,16,101,64,3,184,0,1,86,0,87,16,102,150,3,271,49,1,50,321
06/26/2003,LEX,KY,ASO,CE,Towers with Radar,18,104,77,3,202,0,2,55,0,57,18,106,132,3,259,4,0,4,263
06/27/2003,LEX,KY,ASO,CE,Towers with Radar,17,92,76,4,189,0,2,80,0,82,17,94,156,4,271,18,0,18,289
06/28/2003,LEX,KY,ASO,CE,Towers with Radar,14,77,48,3,142,0,1,114,0,115,14,78,162,3,257,37,0,37,294
06/29/2003,LEX,KY,ASO,CE,Towers with Radar,15,84,67,4,170,0,1,87,0,88,15,85,154,4,258,23,0,23,281
06/30/2003,LEX,KY,ASO,CE,Towers with Radar,21,99,63,0,183,0,1,98,0,99,21,100,161,0,282,41,0,41,323
07/01/2003,LEX,KY,ASO,CE,Towers with Radar,16,106,53,4,179,1,1,83,0,85,17,107,136,4,264,28,0,28,292
07/02/2003,LEX,KY,ASO,CE,Towers with Radar,18,111,108,1,238,0,0,72,0,72,18,111,180,1,310,33,0,33,343
07/03/2003,LEX,KY,ASO,CE,Towers with Radar,19,93,75,0,187,0,0,105,0,105,19,93,180,0,292,23,0,23,315
07/04/2003,LEX,KY,ASO,CE,Towers with Radar,13,71,42,1,127,0,2,68,3,73,13,73,110,4,200,38,0,38,238
07/05/2003,LEX,KY,ASO,CE,Towers with Radar,15,71,34,0,120,0,0,59,0,59,15,71,93,0,179,22,0,22,201
07/06/2003,LEX,KY,ASO,CE,Towers with Radar,15,78,50,0,143,0,0,42,0,42,15,78,92,0,185,32,0,32,217
07/07/2003,LEX,KY,ASO,CE,Towers with Radar,15,95,60,0,170,0,3,66,0,69,15,98,126,0,239,2,0,2,241
07/08/2003,LEX,KY,ASO,CE,Towers with Radar,18,94,77,0,189,0,1,99,0,100,18,95,176,0,289,19,0,19,308
07/09/2003,LEX,KY,ASO,CE,Towers with Radar,18,87,59,0,164,0,3,36,0,39,18,90,95,0,203,10,0,10,213
07/10/2003,LEX,KY,ASO,CE,Towers with Radar,14,102,69,0,185,0,0,39,0,39,14,102,108,0,224,38,0,38,262
07/11/2003,LEX,KY,ASO,CE,Towers with Radar,20,112,102,5,239,0,2,96,0,98,20,114,198,5,337,34,4,38,375
07/12/2003,LEX,KY,ASO,CE,Towers with Radar,16,75,55,2,148,0,0,74,0,74,16,75,129,2,222,10,0,10,232
07/13/2003,LEX,KY,ASO,CE,Towers with Radar,17,88,84,3,192,0,0,70,0,70,17,88,154,3,262,20,1,21,283
07/14/2003,LEX,KY,ASO,CE,Towers with Radar,15,86,68,1,170,0,9,85,1,95,15,95,153,2,265,65,0,65,330
07/15/2003,LEX,KY,ASO,CE,Towers with Radar,16,95,68,6,185,0,2,52,0,54,16,97,120,6,239,4,0,4,243
07/16/2003,LEX,KY,ASO,CE,Towers with Radar,18,101,99,4,222,0,0,84,0,84,18,101,183,4,306,14,0,14,320
07/17/2003,LEX,KY,ASO,CE,Towers with Radar,19,97,83,2,201,0,0,112,3,115,19,97,195,5,316,76,0,76,392
07/18/2003,LEX,KY,ASO,CE,Towers with Radar,18,94,69,0,181,0,0,69,0,69,18,94,138,0,250,53,0,53,303
07/19/2003,LEX,KY,ASO,CE,Towers with Radar,15,73,74,0,162,0,0,48,0,48,15,73,122,0,210,6,0,6,216
07/20/2003,LEX,KY,ASO,CE,Towers with Radar,20,75,68,0,163,0,0,59,0,59,20,75,127,0,222,20,0,20,242
07/21/2003,LEX,KY,ASO,CE,Towers with Radar,22,79,39,0,140,0,4,30,1,35,22,83,69,1,175,13,0,13,188
07/22/2003,LEX,KY,ASO,CE,Towers with Radar,17,106,93,6,222,0,1,33,0,34,17,107,126,6,256,14,0,14,270
07/23/2003,LEX,KY,ASO,CE,Towers with Radar,18,97,72,0,187,0,0,40,0,40,18,97,112,0,227,20,0,20,247
07/24/2003,LEX,KY,ASO,CE,Towers with Radar,19,96,92,8,215,0,2,109,0,111,19,98,201,8,326,25,5,30,356
07/25/2003,LEX,KY,ASO,CE,Towers with Radar,18,89,76,0,183,0,2,123,2,127,18,91,199,2,310,5,0,5,315
07/26/2003,LEX,KY,ASO,CE,Towers with Radar,15,78,59,1,153,0,0,95,1,96,15,78,154,2,249,25,0,25,274
07/27/2003,LEX,KY,ASO,CE,Towers with Radar,14,89,66,1,170,0,0,61,0,61,14,89,127,1,231,35,0,35,266
07/28/2003,LEX,KY,ASO,CE,Towers with Radar,17,86,74,0,177,0,0,17,0,17,17,86,91,0,194,27,0,27,221
07/29/2003,LEX,KY,ASO,CE,Towers with Radar,17,95,90,2,204,0,0,54,1,55,17,95,144,3,259,19,0,19,278
07/30/2003,LEX,KY,ASO,CE,Towers with Radar,19,89,83,3,194,0,0,92,1,93,19,89,175,4,287,32,0,32,319
07/31/2003,LEX,KY,ASO,CE,Towers with Radar,21,93,61,2,177,0,0,28,2,30,21,93,89,4,207,32,0,32,239
08/01/2003,LEX,KY,ASO,CE,Towers with Radar,15,86,83,0,184,1,2,85,0,88,16,88,168,0,272,12,0,12,284
08/02/2003,LEX,KY,ASO,CE,Towers with Radar,16,82,32,2,132,0,2,129,2,133,16,84,161,4,265,24,0,24,289
08/03/2003,LEX,KY,ASO,CE,Towers with Radar,16,92,73,1,182,0,1,105,1,107,16,93,178,2,289,0,0,0,289
08/04/2003,LEX,KY,ASO,CE,Towers with Radar,20,79,49,1,149,0,1,35,1,37,20,80,84,2,186,0,0,0,186
08/05/2003,LEX,KY,ASO,CE,Towers with Radar,17,91,70,10,188,0,1,78,20,99,17,92,148,30,287,35,0,35,322
08/06/2003,LEX,KY,ASO,CE,Towers with Radar,19,94,68,0,181,0,0,62,0,62,19,94,130,0,243,5,0,5,248
08/07/2003,LEX,KY,ASO,CE,Towers with Radar,29,89,64,10,192,0,3,34,0,37,29,92,98,10,229,23,20,43,272
08/08/2003,LEX,KY,ASO,CE,Towers with Radar,19,94,81,0,194,0,2,54,0,56,19,96,135,0,250,33,0,33,283
08/09/2003,LEX,KY,ASO,CE,Towers with Radar,16,90,46,0,152,0,0,43,1,44,16,90,89,1,196,24,0,24,220
08/10/2003,LEX,KY,ASO,CE,Towers with Radar,17,82,64,0,163,0,0,27,1,28,17,82,91,1,191,12,0,12,203
08/11/2003,LEX,KY,ASO,CE,Towers with Radar,15,88,59,2,164,0,0,33,4,37,15,88,92,6,201,30,4,34,235
08/12/2003,LEX,KY,ASO,CE,Towers with Radar,16,95,75,3,189,0,1,71,1,73,16,96,146,4,262,36,0,36,298
08/13/2003,LEX,KY,ASO,CE,Towers with Radar,16,95,64,2,177,0,0,56,1,57,16,95,120,3,234,46,0,46,280
08/14/2003,LEX,KY,ASO,CE,Towers with Radar,17,89,61,1,168,0,3,73,0,76,17,92,134,1,244,36,0,36,280
08/15/2003,LEX,KY,ASO,CE,Towers with Radar,21,91,82,0,194,0,2,56,0,58,21,93,138,0,252,10,0,10,262
08/16/2003,LEX,KY,ASO,CE,Towers with Radar,17,67,40,1,125,0,1,60,1,62,17,68,100,2,187,46,0,46,233
08/17/2003,LEX,KY,ASO,CE,Towers with Radar,12,94,37,1,144,0,0,62,0,62,12,94,99,1,206,22,0,22,228
08/18/2003,LEX,KY,ASO,CE,Towers with Radar,15,98,63,2,178,0,0,90,1,91,15,98,153,3,269,51,0,51,320
08/19/2003,LEX,KY,ASO,CE,Towers with Radar,16,104,79,0,199,0,2,102,0,104,16,106,181,0,303,44,0,44,347
08/20/2003,LEX,KY,ASO,CE,Towers with Radar,16,100,78,0,194,0,1,60,0,61,16,101,138,0,255,9,0,9,264
08/21/2003,LEX,KY,ASO,CE,Towers with Radar,20,100,78,0,198,0,2,49,0,51,20,102,127,0,249,31,0,31,280
08/22/2003,LEX,KY,ASO,CE,Towers with Radar,17,95,79,3,194,0,0,25,1,26,17,95,104,4,220,2,0,2,222
08/23/2003,LEX,KY,ASO,CE,Towers with Radar,16,77,37,1,131,0,2,97,0,99,16,79,134,1,230,63,0,63,293
08/24/2003,LEX,KY,ASO,CE,Towers with Radar,19,92,46,0,157,0,2,89,0,91,19,94,135,0,248,26,0,26,274
08/25/2003,LEX,KY,ASO,CE,Towers with Radar,19,91,60,0,170,0,1,87,2,90,19,92,147,2,260,19,2,21,281
08/26/2003,LEX,KY,ASO,CE,Towers with Radar,14,94,70,0,178,0,1,71,0,72,14,95,141,0,250,13,0,13,263
08/27/2003,LEX,KY,ASO,CE,Towers with Radar,19,92,67,3,181,0,1,46,0,47,19,93,113,3,228,45,1,46,274
08/28/2003,LEX,KY,ASO,CE,Towers with Radar,19,96,77,3,195,0,0,62,3,65,19,96,139,6,260,56,1,57,317
08/29/2003,LEX,KY,ASO,CE,Towers with Radar,17,86,59,2,164,0,0,47,0,47,17,86,106,2,211,18,0,18,229
08/30/2003,LEX,KY,ASO,CE,Towers with Radar,13,69,22,0,104,0,0,4,0,4,13,69,26,0,108,22,0,22,130
08/31/2003,LEX,KY,ASO,CE,Towers with Radar,12,67,29,0,108,0,0,27,0,27,12,67,56,0,135,10,0,10,145
09/01/2003,LEX,KY,ASO,CE,Towers with Radar,14,87,61,0,162,0,2,32,0,34,14,89,93,0,196,50,0,50,246
09/02/2003,LEX,KY,ASO,CE,Towers with Radar,19,95,41,0,155,0,0,4,0,4,19,95,45,0,159,0,0,0,159
09/03/2003,LEX,KY,ASO,CE,Towers with Radar,16,96,79,0,191,0,0,9,0,9,16,96,88,0,200,12,0,12,212
09/04/2003,LEX,KY,ASO,CE,Towers with Radar,16,93,73,2,184,0,0,51,2,53,16,93,124,4,237,46,0,46,283
09/05/2003,LEX,KY,ASO,CE,Towers with Radar,17,121,105,1,244,0,0,93,0,93,17,121,198,1,337,43,0,43,380
09/06/2003,LEX,KY,ASO,CE,Towers with Radar,14,89,69,1,173,0,0,137,0,137,14,89,206,1,310,25,0,25,335
09/07/2003,LEX,KY,ASO,CE,Towers with Radar,15,113,78,1,207,0,0,68,3,71,15,113,146,4,278,81,0,81,359
09/08/2003,LEX,KY,ASO,CE,Towers with Radar,15,117,75,0,207,0,0,57,0,57,15,117,132,0,264,32,0,32,296
09/09/2003,LEX,KY,ASO,CE,Towers with Radar,17,118,84,3,222,0,0,57,0,57,17,118,141,3,279,10,0,10,289
09/10/2003,LEX,KY,ASO,CE,Towers with Radar,13,123,102,2,240,0,3,76,1,80,13,126,178,3,320,27,0,27,347
09/11/2003,LEX,KY,ASO,CE,Towers with Radar,20,117,120,0,257,0,0,91,1,92,20,117,211,1,349,71,0,71,420
09/12/2003,LEX,KY,ASO,CE,Towers with Radar,18,112,71,3,204,0,0,90,0,90,18,112,161,3,294,34,0,34,328
09/13/2003,LEX,KY,ASO,CE,Towers with Radar,12,76,58,0,146,0,12,91,0,103,12,88,149,0,249,17,0,17,266
09/14/2003,LEX,KY,ASO,CE,Towers with Radar,17,97,68,0,182,0,0,24,0,24,17,97,92,0,206,0,0,0,206
09/15/2003,LEX,KY,ASO,CE,Towers with Radar,15,94,74,2,185,0,1,56,1,58,15,95,130,3,243,29,9,38,281
09/16/2003,LEX,KY,ASO,CE,Towers with Radar,17,102,80,4,203,0,0,84,1,85,17,102,164,5,288,39,0,39,327
09/17/2003,LEX,KY,ASO,CE,Towers with Radar,15,100,114,2,231,0,0,117,2,119,15,100,231,4,350,27,0,27,377
09/18/2003,LEX,KY,ASO,CE,Towers with Radar,16,101,79,0,196,0,0,113,0,113,16,101,192,0,309,64,0,64,373
09/19/2003,LEX,KY,ASO,CE,Towers with Radar,18,103,105,1,227,0,0,45,0,45,18,103,150,1,272,15,0,15,287
09/20/2003,LEX,KY,ASO,CE,Towers with Radar,13,68,67,0,148,0,0,110,0,110,13,68,177,0,258,52,0,52,310
09/21/2003,LEX,KY,ASO,CE,Towers with Radar,16,84,68,2,170,0,0,96,0,96,16,84,164,2,266,47,0,47,313
09/22/2003,LEX,KY,ASO,CE,Towers with Radar,16,104,50,2,172,0,0,13,2,15,16,104,63,4,187,0,2,2,189
09/23/2003,LEX,KY,ASO,CE,Towers with Radar,16,89,71,0,176,0,0,81,0,81,16,89,152,0,257,31,0,31,288
09/24/2003,LEX,KY,ASO,CE,Towers with Radar,13,106,71,2,192,0,0,103,2,105,13,106,174,4,297,11,0,11,308
09/25/2003,LEX,KY,ASO,CE,Towers with Radar,16,93,82,2,193,0,1,75,2,78,16,94,157,4,271,5,0,5,276
09/26/2003,LEX,KY,ASO,CE,Towers with Radar,18,95,88,1,202,0,0,58,3,61,18,95,146,4,263,34,0,34,297
09/27/2003,LEX,KY,ASO,CE,Towers with Radar,10,65,50,0,125,5,18,78,0,101,15,83,128,0,226,34,0,34,260
09/28/2003,LEX,KY,ASO,CE,Towers with Radar,15,80,60,0,155,0,0,54,1,55,15,80,114,1,210,84,0,84,294
09/29/2003,LEX,KY,ASO,CE,Towers with Radar,21,86,60,4,171,0,4,70,3,77,21,90,130,7,248,16,0,16,264
09/30/2003,LEX,KY,ASO,CE,Towers with Radar,16,106,52,3,177,0,0,58,2,60,16,106,110,5,237,32,0,32,269
10/01/2003,LEX,KY,ASO,CE,Towers with Radar,18,96,79,0,193,1,8,46,0,55,19,104,125,0,248,36,0,36,284
10/02/2003,LEX,KY,ASO,CE,Towers with Radar,18,94,78,1,191,3,4,85,1,93,21,98,163,2,284,0,0,0,284
10/03/2003,LEX,KY,ASO,CE,Towers with Radar,19,104,86,1,210,0,4,40,1,45,19,108,126,2,255,10,0,10,265
10/04/2003,LEX,KY,ASO,CE,Towers with Radar,14,65,54,0,133,0,11,60,0,71,14,76,114,0,204,21,0,21,225
10/05/2003,LEX,KY,ASO,CE,Towers with Radar,15,82,68,0,165,0,22,89,0,111,15,104,157,0,276,20,0,20,296
10/06/2003,LEX,KY,ASO,CE,Towers with Radar,17,93,77,1,188,0,11,97,1,109,17,104,174,2,297,0,0,0,297
10/07/2003,LEX,KY,ASO,CE,Towers with Radar,20,99,87,1,207,0,0,100,0,100,20,99,187,1,307,12,0,12,319
10/08/2003,LEX,KY,ASO,CE,Towers with Radar,20,106,87,1,214,5,7,76,1,89,25,113,163,2,303,33,4,37,340
10/09/2003,LEX,KY,ASO,CE,Towers with Radar,19,105,87,1,212,0,2,7,6,15,19,107,94,7,227,0,2,2,229
10/10/2003,LEX,KY,ASO,CE,Towers with Radar,22,103,94,1,220,2,0,67,1,70,24,103,161,2,290,16,0,16,306
10/11/2003,LEX,KY,ASO,CE,Towers with Radar,14,73,60,1,148,1,3,86,1,91,15,76,146,2,239,28,0,28,267
10/12/2003,LEX,KY,ASO,CE,Towers with Radar,16,83,75,1,175,0,0,52,0,52,16,83,127,1,227,52,0,52,279
10/13/2003,LEX,KY,ASO,CE,Towers with Radar,17,94,77,2,190,2,2,70,0,74,19,96,147,2,264,39,0,39,303
10/14/2003,LEX,KY,ASO,CE,Towers with Radar,15,83,68,0,166,3,3,5,0,11,18,86,73,0,177,0,0,0,177
10/15/2003,LEX,KY,ASO,CE,Towers with Radar,19,92,86,0,197,0,0,103,0,103,19,92,189,0,300,32,0,32,332
10/16/2003,LEX,KY,ASO,CE,Towers with Radar,17,110,92,2,221,0,0,110,3,113,17,110,202,5,334,13,0,13,347
10/17/2003,LEX,KY,ASO,CE,Towers with Radar,20,94,101,0,215,0,0,70,0,70,20,94,171,0,285,13,0,13,298
10/18/2003,LEX,KY,ASO,CE,Towers with Radar,14,75,63,2,154,0,0,94,1,95,14,75,157,3,249,33,0,33,282
10/19/2003,LEX,KY,ASO,CE,Towers with Radar,13,74,60,0,147,3,13,109,0,125,16,87,169,0,272,30,0,30,302
10/20/2003,LEX,KY,ASO,CE,Towers with Radar,14,96,77,0,187,0,1,81,0,82,14,97,158,0,269,3,0,3,272
10/21/2003,LEX,KY,ASO,CE,Towers with Radar,12,101,81,2,196,0,6,38,1,45,12,107,119,3,241,19,0,19,260
10/22/2003,LEX,KY,ASO,CE,Towers with Radar,16,115,96,2,229,0,0,70,1,71,16,115,166,3,300,26,0,26,326
10/23/2003,LEX,KY,ASO,CE,Towers with Radar,17,108,90,1,216,0,0,105,0,105,17,108,195,1,321,28,0,28,349
10/24/2003,LEX,KY,ASO,CE,Towers with Radar,19,109,88,2,218,0,1,99,5,105,19,110,187,7,323,28,0,28,351
10/25/2003,LEX,KY,ASO,CE,Towers with Radar,12,67,54,0,133,4,15,44,0,63,16,82,98,0,196,0,0,0,196
10/26/2003,LEX,KY,ASO,CE,Towers with Radar,14,81,65,0,160,0,10,16,0,26,14,91,81,0,186,3,0,3,189
10/27/2003,LEX,KY,ASO,CE,Towers with Radar,15,91,73,1,180,0,12,69,4,85,15,103,142,5,265,8,19,27,292
10/28/2003,LEX,KY,ASO,CE,Towers with Radar,18,93,80,0,191,2,0,32,0,34,20,93,112,0,225,18,0,18,243
10/29/2003,LEX,KY,ASO,CE,Towers with Radar,15,95,76,1,187,0,0,60,5,65,15,95,136,6,252,53,0,53,305
10/30/2003,LEX,KY,ASO,CE,Towers with Radar,19,95,86,1,201,0,0,82,1,83,19,95,168,2,284,13,0,13,297
10/31/2003,LEX,KY,ASO,CE,Towers with Radar,19,102,83,1,205,4,0,59,0,63,23,102,142,1,268,0,0,0,268
11/01/2003,LEX,KY,ASO,CE,Towers with Radar,17,77,57,1,152,1,0,93,2,96,18,77,150,3,248,32,0,32,280
11/02/2003,LEX,KY,ASO,CE,Towers with Radar,16,95,67,0,178,0,19,104,0,123,16,114,171,0,301,18,0,18,319
11/03/2003,LEX,KY,ASO,CE,Towers with Radar,16,100,72,2,190,0,8,100,0,108,16,108,172,2,298,21,0,21,319
11/04/2003,LEX,KY,ASO,CE,Towers with Radar,17,115,90,1,223,0,0,96,0,96,17,115,186,1,319,25,0,25,344
11/05/2003,LEX,KY,ASO,CE,Towers with Radar,16,110,78,2,206,0,5,4,5,14,16,115,82,7,220,0,0,0,220
11/06/2003,LEX,KY,ASO,CE,Towers with Radar,19,105,77,2,203,0,0,7,1,8,19,105,84,3,211,4,0,4,215
11/07/2003,LEX,KY,ASO,CE,Towers with Radar,20,95,75,2,192,0,0,54,4,58,20,95,129,6,250,61,3,64,314
11/08/2003,LEX,KY,ASO,CE,Towers with Radar,15,74,53,2,144,3,1,82,0,86,18,75,135,2,230,17,0,17,247
11/09/2003,LEX,KY,ASO,CE,Towers with Radar,17,84,60,2,163,0,6,109,0,115,17,90,169,2,278,41,1,42,320
11/10/2003,LEX,KY,ASO,CE,Towers with Radar,18,82,67,2,169,5,0,72,0,77,23,82,139,2,246,28,0,28,274
11/11/2003,LEX,KY,ASO,CE,Towers with Radar,16,97,71,1,185,0,0,31,0,31,16,97,102,1,216,4,0,4,220
11/12/2003,LEX,KY,ASO,CE,Towers with Radar,18,82,62,1,163,2,0,6,0,8,20,82,68,1,171,0,0,0,171
11/13/2003,LEX,KY,ASO,CE,Towers with Radar,21,110,78,0,209,2,4,57,0,63,23,114,135,0,272,6,0,6,278
11/14/2003,LEX,KY,ASO,CE,Towers with Radar,19,94,75,0,188,0,0,98,0,98,19,94,173,0,286,33,0,33,319
11/15/2003,LEX,KY,ASO,CE,Towers with Radar,13,64,44,1,122,3,12,6,0,21,16,76,50,1,143,26,0,26,169
11/16/2003,LEX,KY,ASO,CE,Towers with Radar,14,70,47,1,132,5,9,0,1,15,19,79,47,2,147,0,0,0,147
11/17/2003,LEX,KY,ASO,CE,Towers with Radar,16,89,62,1,168,0,8,55,8,71,16,97,117,9,239,61,17,78,317
11/18/2003,LEX,KY,ASO,CE,Towers with Radar,14,80,56,0,150,0,11,3,0,14,14,91,59,0,164,0,0,0,164
11/19/2003,LEX,KY,ASO,CE,Towers with Radar,18,90,65,0,173,2,0,29,0,31,20,90,94,0,204,4,0,4,208
11/20/2003,LEX,KY,ASO,CE,Towers with Radar,20,98,74,1,193,1,0,99,2,102,21,98,173,3,295,30,2,32,327
11/21/2003,LEX,KY,ASO,CE,Towers with Radar,21,93,75,1,190,0,0,94,0,94,21,93,169,1,284,53,2,55,339
11/22/2003,LEX,KY,ASO,CE,Towers with Radar,16,82,57,0,155,0,0,81,0,81,16,82,138,0,236,17,0,17,253
11/23/2003,LEX,KY,ASO,CE,Towers with Radar,14,74,51,0,139,5,12,70,0,87,19,86,121,0,226,8,0,8,234
11/24/2003,LEX,KY,ASO,CE,Towers with Radar,15,76,53,1,145,3,23,6,3,35,18,99,59,4,180,0,0,0,180
11/25/2003,LEX,KY,ASO,CE,Towers with Radar,19,100,80,1,200,0,0,74,3,77,19,100,154,4,277,50,0,50,327
11/26/2003,LEX,KY,ASO,CE,Towers with Radar,16,102,79,1,198,0,0,42,3,45,16,102,121,4,243,17,0,17,260
11/27/2003,LEX,KY,ASO,CE,Towers with Radar,8,40,16,0,64,4,15,0,0,19,12,55,16,0,83,0,0,0,83
11/28/2003,LEX,KY,ASO,CE,Towers with Radar,10,53,26,0,89,6,20,0,0,26,16,73,26,0,115,0,0,0,115
11/29/2003,LEX,KY,ASO,CE,Towers with Radar,17,81,63,0,161,0,0,75,0,75,17,81,138,0,236,13,0,13,249
11/30/2003,LEX,KY,ASO,CE,Towers with Radar,17,88,67,0,172,0,0,59,0,59,17,88,126,0,231,42,0,42,273
12/01/2003,LEX,KY,ASO,CE,Towers with Radar,17,84,48,1,150,0,13,31,0,44,17,97,79,1,194,24,0,24,218
12/02/2003,LEX,KY,ASO,CE,Towers with Radar,14,106,61,2,183,0,3,65,1,69,14,109,126,3,252,38,0,38,290
12/03/2003,LEX,KY,ASO,CE,Towers with Radar,18,103,65,0,186,0,0,77,0,77,18,103,142,0,263,40,0,40,303
12/04/2003,LEX,KY,ASO,CE,Towers with Radar,21,101,59,2,183,6,3,23,5,37,27,104,82,7,220,0,0,0,220
12/05/2003,LEX,KY,ASO,CE,Towers with Radar,16,80,47,1,144,0,11,3,1,15,16,91,50,2,159,3,0,3,162
12/06/2003,LEX,KY,ASO,CE,Towers with Radar,12,69,41,1,123,0,5,37,0,42,12,74,78,1,165,7,0,7,172
12/07/2003,LEX,KY,ASO,CE,Towers with Radar,16,71,43,1,131,9,0,59,0,68,25,71,102,1,199,22,0,22,221
12/08/2003,LEX,KY,ASO,CE,Towers with Radar,17,91,54,2,164,0,4,65,3,72,17,95,119,5,236,22,0,22,258
12/09/2003,LEX,KY,ASO,CE,Towers with Radar,21,97,67,2,187,0,0,40,5,45,21,97,107,7,232,5,6,11,243
12/10/2003,LEX,KY,ASO,CE,Towers with Radar,21,88,55,0,164,6,0,23,0,29,27,88,78,0,193,8,0,8,201
12/11/2003,LEX,KY,ASO,CE,Towers with Radar,20,94,63,0,177,0,0,27,0,27,20,94,90,0,204,11,0,11,215
12/12/2003,LEX,KY,ASO,CE,Towers with Radar,19,96,68,0,183,0,0,117,0,117,19,96,185,0,300,31,0,31,331
12/13/2003,LEX,KY,ASO,CE,Towers with Radar,14,65,39,0,118,0,16,30,0,46,14,81,69,0,164,14,0,14,178
12/14/2003,LEX,KY,ASO,CE,Towers with Radar,10,47,26,0,83,3,26,0,0,29,13,73,26,0,112,0,0,0,112
12/15/2003,LEX,KY,ASO,CE,Towers with Radar,18,91,53,0,162,0,1,38,0,39,18,92,91,0,201,2,0,2,203
12/16/2003,LEX,KY,ASO,CE,Towers with Radar,14,103,60,0,177,0,0,5,0,5,14,103,65,0,182,0,0,0,182
12/17/2003,LEX,KY,ASO,CE,Towers with Radar,20,86,63,1,170,0,0,49,1,50,20,86,112,2,220,18,0,18,238
12/18/2003,LEX,KY,ASO,CE,Towers with Radar,19,91,42,0,152,3,4,0,0,7,22,95,42,0,159,0,0,0,159
12/19/2003,LEX,KY,ASO,CE,Towers with Radar,18,85,50,1,154,0,0,1,1,2,18,85,51,2,156,2,0,2,158
12/20/2003,LEX,KY,ASO,CE,Towers with Radar,16,79,45,0,140,0,1,42,2,45,16,80,87,2,185,24,0,24,209
12/21/2003,LEX,KY,ASO,CE,Towers with Radar,12,57,32,0,101,8,11,64,2,85,20,68,96,2,186,40,0,40,226
12/22/2003,LEX,KY,ASO,CE,Towers with Radar,17,94,55,1,167,0,0,32,2,34,17,94,87,3,201,20,0,20,221
12/23/2003,LEX,KY,ASO,CE,Towers with Radar,17,91,32,1,141,0,1,0,3,4,17,92,32,4,145,0,0,0,145
12/24/2003,LEX,KY,ASO,CE,Towers with Radar,16,70,33,0,119,1,0,0,1,2,17,70,33,1,121,0,0,0,121
12/25/2003,LEX,KY,ASO,CE,Towers with Radar,10,45,25,0,80,6,20,5,0,31,16,65,30,0,111,0,0,0,111
12/26/2003,LEX,KY,ASO,CE,Towers with Radar,19,91,52,0,162,1,0,97,0,98,20,91,149,0,260,7,0,7,267
12/27/2003,LEX,KY,ASO,CE,Towers with Radar,15,70,39,0,124,1,0,91,0,92,16,70,130,0,216,28,0,28,244
12/28/2003,LEX,KY,ASO,CE,Towers with Radar,15,69,39,0,123,1,8,57,0,66,16,77,96,0,189,0,0,0,189
12/29/2003,LEX,KY,ASO,CE,Towers with Radar,17,78,45,0,140,4,11,32,5,52,21,89,77,5,192,19,0,19,211
12/30/2003,LEX,KY,ASO,CE,Towers with Radar,19,75,52,1,147,9,0,32,4,45,28,75,84,5,192,4,8,12,204
12/31/2003,LEX,KY,ASO,CE,Towers with Radar,16,72,43,0,131,0,0,80,2,82,16,72,123,2,213,2,2,4,217
01/01/2004,LEX,KY,ASO,CE,Towers with Radar,11,62,33,0,106,7,1,60,0,68,18,63,93,0,174,4,0,4,178
01/02/2004,LEX,KY,ASO,CE,Towers with Radar,13,76,35,0,124,6,12,0,0,18,19,88,35,0,142,0,0,0,142
01/03/2004,LEX,KY,ASO,CE,Towers with Radar,17,75,49,0,141,1,0,24,0,25,18,75,73,0,166,8,0,8,174
01/04/2004,LEX,KY,ASO,CE,Towers with Radar,14,80,43,0,137,0,11,17,0,28,14,91,60,0,165,16,0,16,181
01/05/2004,LEX,KY,ASO,CE,Towers with Radar,12,69,37,0,118,5,14,2,0,21,17,83,39,0,139,12,0,12,151
01/06/2004,LEX,KY,ASO,CE,Towers with Radar,10,96,55,0,161,0,0,22,0,22,10,96,77,0,183,5,0,5,188
01/07/2004,LEX,KY,ASO,CE,Towers with Radar,14,96,51,0,161,0,2,69,0,71,14,98,120,0,232,24,0,24,256
01/08/2004,LEX,KY,ASO,CE,Towers with Radar,14,94,51,1,160,0,0,3,0,3,14,94,54,1,163,0,0,0,163
01/09/2004,LEX,KY,ASO,CE,Towers with Radar,15,87,48,1,151,3,0,23,1,27,18,87,71,2,178,0,0,0,178
01/10/2004,LEX,KY,ASO,CE,Towers with Radar,9,66,36,0,111,0,0,47,4,51,9,66,83,4,162,12,0,12,174
01/11/2004,LEX,KY,ASO,CE,Towers with Radar,12,80,43,1,136,0,7,81,4,92,12,87,124,5,228,12,0,12,240
01/12/2004,LEX,KY,ASO,CE,Towers with Radar,14,86,47,0,147,1,0,39,0,40,15,86,86,0,187,12,0,12,199
01/13/2004,LEX,KY,ASO,CE,Towers with Radar,13,99,59,2,173,0,0,68,1,69,13,99,127,3,242,20,0,20,262
01/14/2004,LEX,KY,ASO,CE,Towers with Radar,16,120,68,2,206,0,0,28,1,29,16,120,96,3,235,16,2,18,253
01/15/2004,LEX,KY,ASO,CE,Towers with Radar,16,100,62,2,180,0,0,70,0,70,16,100,132,2,250,16,0,16,266
01/16/2004,LEX,KY,ASO,CE,Towers with Radar,19,96,61,2,178,0,0,67,7,74,19,96,128,9,252,23,5,28,280
01/17/2004,LEX,KY,ASO,CE,Towers with Radar,9,60,31,1,101,1,18,17,1,37,10,78,48,2,138,0,0,0,138
01/18/2004,LEX,KY,ASO,CE,Towers with Radar,8,55,28,0,91,6,24,5,0,35,14,79,33,0,126,0,0,0,126
01/19/2004,LEX,KY,ASO,CE,Towers with Radar,15,87,48,0,150,2,0,24,0,26,17,87,72,0,176,5,0,5,181
01/20/2004,LEX,KY,ASO,CE,Towers with Radar,12,102,59,2,175,0,0,44,1,45,12,102,103,3,220,28,0,28,248
01/21/2004,LEX,KY,ASO,CE,Towers with Radar,14,98,57,2,171,0,0,70,3,73,14,98,127,5,244,4,0,4,248
01/22/2004,LEX,KY,ASO,CE,Towers with Radar,14,98,56,2,170,0,0,34,6,40,14,98,90,8,210,3,0,3,213
01/23/2004,LEX,KY,ASO,CE,Towers with Radar,17,90,54,2,163,1,0,41,0,42,18,90,95,2,205,22,0,22,227
01/24/2004,LEX,KY,ASO,CE,Towers with Radar,10,63,33,0,106,1,7,41,0,49,11,70,74,0,155,32,0,32,187
01/25/2004,LEX,KY,ASO,CE,Towers with Radar,3,23,11,0,37,1,8,3,0,12,4,31,14,0,49,0,0,0,49
01/26/2004,LEX,KY,ASO,CE,Towers with Radar,12,75,38,1,126,4,34,32,2,72,16,109,70,3,198,8,1,9,207
01/27/2004,LEX,KY,ASO,CE,Towers with Radar,16,103,45,0,164,1,48,0,0,49,17,151,45,0,213,0,0,0,213
01/28/2004,LEX,KY,ASO,CE,Towers with Radar,13,101,54,0,168,0,0,80,0,80,13,101,134,0,248,35,0,35,283
01/29/2004,LEX,KY,ASO,CE,Towers with Radar,16,91,57,1,165,0,0,60,0,60,16,91,117,1,225,35,0,35,260
01/30/2004,LEX,KY,ASO,CE,Towers with Radar,14,88,47,1,150,5,0,21,1,27,19,88,68,2,177,6,0,6,183
01/31/2004,LEX,KY,ASO,CE,Towers with Radar,11,68,36,0,115,3,0,65,0,68,14,68,101,0,183,16,0,16,199
02/01/2004,LEX,KY,ASO,CE,Towers with Radar,10,56,36,0,102,2,28,38,0,68,12,84,74,0,170,15,0,15,185
02/02/2004,LEX,KY,ASO,CE,Towers with Radar,14,76,48,0,138,1,15,16,0,32,15,91,64,0,170,12,0,12,182
02/03/2004,LEX,KY,ASO,CE,Towers with Radar,14,86,47,1,148,0,6,0,0,6,14,92,47,1,154,1,0,1,155
02/04/2004,LEX,KY,ASO,CE,Towers with Radar,14,104,68,2,188,0,0,77,0,77,14,104,145,2,265,39,0,39,304
02/05/2004,LEX,KY,ASO,CE,Towers with Radar,14,76,40,2,132,5,13,0,0,18,19,89,40,2,150,0,0,0,150
02/06/2004,LEX,KY,ASO,CE,Towers with Radar,15,82,53,3,153,5,0,11,0,16,20,82,64,3,169,0,0,0,169
02/07/2004,LEX,KY,ASO,CE,Towers with Radar,10,56,26,0,92,2,18,0,0,20,12,74,26,0,112,0,0,0,112
02/08/2004,LEX,KY,ASO,CE,Towers with Radar,12,66,42,2,122,0,10,70,3,83,12,76,112,5,205,49,0,49,254
02/09/2004,LEX,KY,ASO,CE,Towers with Radar,12,78,50,1,141,0,10,17,0,27,12,88,67,1,168,1,0,1,169
02/10/2004,LEX,KY,ASO,CE,Towers with Radar,11,94,63,4,172,0,0,63,0,63,11,94,126,4,235,8,0,8,243
02/11/2004,LEX,KY,ASO,CE,Towers with Radar,13,99,72,4,188,0,0,97,0,97,13,99,169,4,285,34,2,36,321
02/12/2004,LEX,KY,ASO,CE,Towers with Radar,17,100,64,4,185,1,6,41,0,48,18,106,105,4,233,10,12,22,255
02/13/2004,LEX,KY,ASO,CE,Towers with Radar,18,80,70,5,173,2,0,51,0,53,20,80,121,5,226,18,1,19,245
02/14/2004,LEX,KY,ASO,CE,Towers with Radar,13,74,47,0,134,3,1,103,0,107,16,75,150,0,241,34,0,34,275
02/15/2004,LEX,KY,ASO,CE,Towers with Radar,12,70,45,0,127,3,13,38,0,54,15,83,83,0,181,13,0,13,194
02/16/2004,LEX,KY,ASO,CE,Towers with Radar,16,91,61,0,168,1,0,86,0,87,17,91,147,0,255,7,0,7,262
02/17/2004,LEX,KY,ASO,CE,Towers with Radar,17,98,64,4,183,1,0,54,34,89,18,98,118,38,272,21,1,22,294
02/18/2004,LEX,KY,ASO,CE,Towers with Radar,17,92,71,5,185,0,0,145,9,154,17,92,216,14,339,44,0,44,383
02/19/2004,LEX,KY,ASO,CE,Towers with Radar,14,92,72,5,183,0,0,87,10,97,14,92,159,15,280,33,0,33,313
02/20/2004,LEX,KY,ASO,CE,Towers with Radar,17,96,62,2,177,4,0,18,0,22,21,96,80,2,199,4,0,4,203
02/21/2004,LEX,KY,ASO,CE,Towers with Radar,11,67,41,2,121,2,10,35,0,47,13,77,76,2,168,46,0,46,214
02/22/2004,LEX,KY,ASO,CE,Towers with Radar,11,75,46,0,132,0,15,103,0,118,11,90,149,0,250,86,0,86,336
02/23/2004,LEX,KY,ASO,CE,Towers with Radar,14,95,59,4,172,0,0,45,6,51,14,95,104,10,223,4,8,12,235
02/24/2004,LEX,KY,ASO,CE,Towers with Radar,13,100,63,4,180,0,0,17,4,21,13,100,80,8,201,4,0,4,205
02/25/2004,LEX,KY,ASO,CE,Towers with Radar,18,104,68,4,194,0,0,75,0,75,18,104,143,4,269,43,0,43,312
02/26/2004,LEX,KY,ASO,CE,Towers with Radar,14,103,66,3,186,0,0,53,4,57,14,103,119,7,243,10,12,22,265
02/27/2004,LEX,KY,ASO,CE,Towers with Radar,17,96,67,1,181,0,0,110,0,110,17,96,177,1,291,25,0,25,316
02/28/2004,LEX,KY,ASO,CE,Towers with Radar,12,71,44,0,127,2,2,97,0,101,14,73,141,0,228,4,0,4,232
02/29/2004,LEX,KY,ASO,CE,Towers with Radar,13,82,51,1,147,6,5,83,0,94,19,87,134,1,241,8,0,8,249
03/01/2004,LEX,KY,ASO,CE,Towers with Radar,14,72,49,0,135,0,18,11,0,29,14,90,60,0,164,0,0,0,164
03/02/2004,LEX,KY,ASO,CE,Towers with Radar,15,89,60,0,164,0,4,56,0,60,15,93,116,0,224,18,1,19,243
03/03/2004,LEX,KY,ASO,CE,Towers with Radar,15,107,72,0,194,0,0,39,0,39,15,107,111,0,233,8,0,8,241
03/04/2004,LEX,KY,ASO,CE,Towers with Radar,17,102,69,1,189,0,1,29,3,33,17,103,98,4,222,12,0,12,234
03/05/2004,LEX,KY,ASO,CE,Towers with Radar,14,77,52,0,143,3,10,16,0,29,17,87,68,0,172,0,0,0,172
03/06/2004,LEX,KY,ASO,CE,Towers with Radar,12,65,44,0,121,1,21,40,1,63,13,86,84,1,184,36,0,36,220
03/07/2004,LEX,KY,ASO,CE,Towers with Radar,11,62,42,0,115,5,16,52,1,74,16,78,94,1,189,6,0,6,195
03/08/2004,LEX,KY,ASO,CE,Towers with Radar,14,84,57,0,155,0,6,40,0,46,14,90,97,0,201,21,0,21,222
03/09/2004,LEX,KY,ASO,CE,Towers with Radar,15,85,57,1,158,0,12,12,1,25,15,97,69,2,183,0,0,0,183
03/10/2004,LEX,KY,ASO,CE,Towers with Radar,17,93,72,2,184,0,0,103,4,107,17,93,175,6,291,34,0,34,325
03/11/2004,LEX,KY,ASO,CE,Towers with Radar,17,97,70,2,186,1,0,42,1,44,18,97,112,3,230,6,0,6,236
03/12/2004,LEX,KY,ASO,CE,Towers with Radar,16,94,63,2,175,1,3,68,5,77,17,97,131,7,252,52,5,57,309
03/13/2004,LEX,KY,ASO,CE,Towers with Radar,12,72,49,0,133,1,5,114,0,120,13,77,163,0,253,20,0,20,273
03/14/2004,LEX,KY,ASO,CE,Towers with Radar,13,78,53,0,144,2,8,35,0,45,15,86,88,0,189,60,1,61,250
03/15/2004,LEX,KY,ASO,CE,Towers with Radar,13,91,62,2,168,0,4,68,0,72,13,95,130,2,240,42,20,62,302
03/16/2004,LEX,KY,ASO,CE,Towers with Radar,13,75,36,1,125,0,3,0,2,5,13,78,36,3,130,0,0,0,130
03/17/2004,LEX,KY,ASO,CE,Towers with Radar,18,100,72,2,192,3,0,36,6,45,21,100,108,8,237,4,0,4,241
03/18/2004,LEX,KY,ASO,CE,Towers with Radar,16,98,65,1,180,1,0,34,0,35,17,98,99,1,215,8,0,8,223
03/19/2004,LEX,KY,ASO,CE,Towers with Radar,19,97,79,0,195,0,0,145,0,145,19,97,224,0,340,4,0,4,344
03/20/2004,LEX,KY,ASO,CE,Towers with Radar,9,55,36,0,100,3,17,18,0,38,12,72,54,0,138,15,0,15,153
03/21/2004,LEX,KY,ASO,CE,Towers with Radar,13,75,50,0,138,1,0,64,0,65,14,75,114,0,203,20,0,20,223
03/22/2004,LEX,KY,ASO,CE,Towers with Radar,17,98,66,2,183,0,0,73,9,82,17,98,139,11,265,31,1,32,297
03/23/2004,LEX,KY,ASO,CE,Towers with Radar,14,94,64,2,174,0,0,117,0,117,14,94,181,2,291,75,0,75,366
03/24/2004,LEX,KY,ASO,CE,Towers with Radar,15,103,75,0,193,0,0,67,0,67,15,103,142,0,260,13,0,13,273
03/25/2004,LEX,KY,ASO,CE,Towers with Radar,16,91,76,0,183,0,0,64,0,64,16,91,140,0,247,18,0,18,265
03/26/2004,LEX,KY,ASO,CE,Towers with Radar,17,98,71,1,187,0,0,77,1,78,17,98,148,2,265,13,0,13,278
03/27/2004,LEX,KY,ASO,CE,Towers with Radar,11,77,50,0,138,0,3,49,0,52,11,80,99,0,190,20,0,20,210
03/28/2004,LEX,KY,ASO,CE,Towers with Radar,14,80,59,1,154,0,0,102,1,103,14,80,161,2,257,46,0,46,303
03/29/2004,LEX,KY,ASO,CE,Towers with Radar,14,85,52,0,151,0,7,0,0,7,14,92,52,0,158,0,0,0,158
03/30/2004,LEX,KY,ASO,CE,Towers with Radar,14,85,57,1,157,3,0,27,0,30,17,85,84,1,187,4,0,4,191
03/31/2004,LEX,KY,ASO,CE,Towers with Radar,14,86,58,1,159,0,0,16,1,17,14,86,74,2,176,28,0,28,204
04/01/2004,LEX,KY,ASO,CE,Towers with Radar,16,79,65,2,162,2,12,14,0,28,18,91,79,2,190,16,0,16,206
04/02/2004,LEX,KY,ASO,CE,Towers with Radar,15,101,84,0,200,0,0,25,0,25,15,101,109,0,225,8,0,8,233
04/03/2004,LEX,KY,ASO,CE,Towers with Radar,11,84,70,0,165,0,1,124,0,125,11,85,194,0,290,6,0,6,296
04/04/2004,LEX,KY,ASO,CE,Towers with Radar,16,78,65,2,161,0,24,38,1,63,16,102,103,3,224,70,1,71,295
04/05/2004,LEX,KY,ASO,CE,Towers with Radar,16,87,72,0,175,4,4,101,0,109,20,91,173,0,284,107,0,107,391
04/06/2004,LEX,KY,ASO,CE,Towers with Radar,18,86,77,3,184,2,0,75,0,77,20,86,152,3,261,34,0,34,295
04/07/2004,LEX,KY,ASO,CE,Towers with Radar,19,107,89,0,215,0,13,95,0,108,19,120,184,0,323,56,0,56,379
04/08/2004,LEX,KY,ASO,CE,Towers with Radar,16,108,92,0,216,0,0,116,0,116,16,108,208,0,332,48,0,48,380
04/09/2004,LEX,KY,ASO,CE,Towers with Radar,21,90,89,0,200,3,0,107,0,110,24,90,196,0,310,6,0,6,316
04/10/2004,LEX,KY,ASO,CE,Towers with Radar,15,77,64,0,156,2,16,64,0,82,17,93,128,0,238,36,0,36,274
04/11/2004,LEX,KY,ASO,CE,Towers with Radar,15,78,65,0,158,2,12,28,0,42,17,90,93,0,200,10,0,10,210
04/12/2004,LEX,KY,ASO,CE,Towers with Radar,15,82,68,0,165,5,8,6,0,19,20,90,74,0,184,0,0,0,184
04/13/2004,LEX,KY,ASO,CE,Towers with Radar,17,85,65,0,167,0,16,0,0,16,17,101,65,0,183,0,0,0,183
04/14/2004,LEX,KY,ASO,CE,Towers with Radar,16,100,96,3,215,0,0,106,0,106,16,100,202,3,321,32,0,32,353
04/15/2004,LEX,KY,ASO,CE,Towers with Radar,20,121,98,4,243,0,2,129,2,133,20,123,227,6,376,28,0,28,404
04/16/2004,LEX,KY,ASO,CE,Towers with Radar,21,112,91,4,228,0,4,121,0,125,21,116,212,4,353,18,0,18,371
04/17/2004,LEX,KY,ASO,CE,Towers with Radar,12,78,63,0,153,0,2,89,0,91,12,80,152,0,244,26,0,26,270
04/18/2004,LEX,KY,ASO,CE,Towers with Radar,17,90,73,2,182,0,7,110,4,121,17,97,183,6,303,34,0,34,337
04/19/2004,LEX,KY,ASO,CE,Towers with Radar,16,87,70,2,175,0,20,60,0,80,16,107,130,2,255,2,0,2,257
04/20/2004,LEX,KY,ASO,CE,Towers with Radar,20,90,81,2,193,3,0,66,7,76,23,90,147,9,269,30,3,33,302
04/21/2004,LEX,KY,ASO,CE,Towers with Radar,20,92,84,3,199,1,0,27,9,37,21,92,111,12,236,2,0,2,238
04/22/2004,LEX,KY,ASO,CE,Towers with Radar,19,94,82,2,197,7,0,24,3,34,26,94,106,5,231,18,0,18,249
04/23/2004,LEX,KY,ASO,CE,Towers with Radar,18,95,77,0,190,3,7,4,0,14,21,102,81,0,204,14,0,14,218
04/24/2004,LEX,KY,ASO,CE,Towers with Radar,13,72,58,0,143,5,4,76,0,85,18,76,134,0,228,16,0,16,244
04/25/2004,LEX,KY,ASO,CE,Towers with Radar,13,69,55,0,137,6,12,28,0,46,19,81,83,0,183,22,0,22,205
04/26/2004,LEX,KY,ASO,CE,Towers with Radar,16,84,68,1,169,3,3,64,0,70,19,87,132,1,239,0,0,0,239
04/27/2004,LEX,KY,ASO,CE,Towers with Radar,20,99,88,3,210,0,0,75,12,87,20,99,163,15,297,25,12,37,334
04/28/2004,LEX,KY,ASO,CE,Towers with Radar,17,102,90,3,212,0,0,110,12,122,17,102,200,15,334,23,58,81,415
04/29/2004,LEX,KY,ASO,CE,Towers with Radar,20,112,111,3,246,0,0,67,2,69,20,112,178,5,315,0,0,0,315
04/30/2004,LEX,KY,ASO,CE,Towers with Radar,23,112,104,3,242,0,0,20,6,26,23,112,124,9,268,22,12,34,302
05/01/2004,LEX,KY,ASO,CE,Towers with Radar,17,89,67,1,174,0,1,18,1,20,17,90,85,2,194,29,2,31,225
05/02/2004,LEX,KY,ASO,CE,Towers with Radar,19,113,90,1,223,0,0,49,1,50,19,113,139,2,273,20,0,20,293
05/03/2004,LEX,KY,ASO,CE,Towers with Radar,15,95,72,1,183,0,4,65,1,70,15,99,137,2,253,0,0,0,253
05/04/2004,LEX,KY,ASO,CE,Towers with Radar,20,92,86,1,199,0,0,107,4,111,20,92,193,5,310,17,26,43,353
05/05/2004,LEX,KY,ASO,CE,Towers with Radar,23,114,85,1,223,0,0,96,2,98,23,114,181,3,321,32,0,32,353
05/06/2004,LEX,KY,ASO,CE,Towers with Radar,21,115,91,1,228,0,0,100,0,100,21,115,191,1,328,11,1,12,340
05/07/2004,LEX,KY,ASO,CE,Towers with Radar,20,108,81,1,210,0,9,49,2,60,20,117,130,3,270,23,0,23,293
05/08/2004,LEX,KY,ASO,CE,Towers with Radar,17,82,61,1,161,10,3,63,0,76,27,85,124,1,237,41,0,41,278
05/09/2004,LEX,KY,ASO,CE,Towers with Radar,15,74,56,0,145,2,22,69,0,93,17,96,125,0,238,12,0,12,250
05/10/2004,LEX,KY,ASO,CE,Towers with Radar,19,98,74,2,193,0,6,72,2,80,19,104,146,4,273,9,0,9,282
05/11/2004,LEX,KY,ASO,CE,Towers with Radar,18,103,82,2,205,0,0,73,4,77,18,103,155,6,282,20,2,22,304
05/12/2004,LEX,KY,ASO,CE,Towers with Radar,19,106,83,1,209,0,0,49,0,49,19,106,132,1,258,26,0,26,284
05/13/2004,LEX,KY,ASO,CE,Towers with Radar,21,103,87,2,213,0,0,45,0,45,21,103,132,2,258,46,0,46,304
05/14/2004,LEX,KY,ASO,CE,Towers with Radar,20,106,80,2,208,0,0,29,3,32,20,106,109,5,240,4,0,4,244
05/15/2004,LEX,KY,ASO,CE,Towers with Radar,15,73,48,0,136,7,10,0,0,17,22,83,48,0,153,1,0,1,154
05/16/2004,LEX,KY,ASO,CE,Towers with Radar,17,91,67,2,177,0,16,75,0,91,17,107,142,2,268,35,0,35,303
05/17/2004,LEX,KY,ASO,CE,Towers with Radar,21,97,75,2,195,3,0,57,1,61,24,97,132,3,256,14,8,22,278
05/18/2004,LEX,KY,ASO,CE,Towers with Radar,20,100,83,2,205,0,0,43,2,45,20,100,126,4,250,25,0,25,275
05/19/2004,LEX,KY,ASO,CE,Towers with Radar,17,111,83,0,211,0,0,12,0,12,17,111,95,0,223,2,0,2,225
05/20/2004,LEX,KY,ASO,CE,Towers with Radar,18,103,86,0,207,0,0,83,0,83,18,103,169,0,290,0,0,0,290
05/21/2004,LEX,KY,ASO,CE,Towers with Radar,21,109,80,2,212,1,3,83,3,90,22,112,163,5,302,2,0,2,304
05/22/2004,LEX,KY,ASO,CE,Towers with Radar,14,69,50,0,133,2,9,68,0,79,16,78,118,0,212,0,0,0,212
05/23/2004,LEX,KY,ASO,CE,Towers with Radar,17,85,62,0,164,2,17,55,0,74,19,102,117,0,238,28,0,28,266
05/24/2004,LEX,KY,ASO,CE,Towers with Radar,16,79,58,0,153,6,11,18,0,35,22,90,76,0,188,40,0,40,228
05/25/2004,LEX,KY,ASO,CE,Towers with Radar,19,85,69,1,174,0,0,73,0,73,19,85,142,1,247,19,0,19,266
05/26/2004,LEX,KY,ASO,CE,Towers with Radar,18,100,73,0,191,0,1,32,0,33,18,101,105,0,224,6,0,6,230
05/27/2004,LEX,KY,ASO,CE,Towers with Radar,18,91,67,1,177,4,2,42,0,48,22,93,109,1,225,10,0,10,235
05/28/2004,LEX,KY,ASO,CE,Towers with Radar,22,106,81,0,209,2,0,73,0,75,24,106,154,0,284,38,0,38,322
05/29/2004,LEX,KY,ASO,CE,Towers with Radar,14,64,50,0,128,7,0,108,0,115,21,64,158,0,243,2,0,2,245
05/30/2004,LEX,KY,ASO,CE,Towers with Radar,8,44,33,0,85,4,26,6,0,36,12,70,39,0,121,18,0,18,139
05/31/2004,LEX,KY,ASO,CE,Towers with Radar,14,71,52,0,137,5,7,0,0,12,19,78,52,0,149,18,0,18,167
06/01/2004,LEX,KY,ASO,CE,Towers with Radar,18,75,55,0,148,5,17,46,0,68,23,92,101,0,216,25,0,25,241
06/02/2004,LEX,KY,ASO,CE,Towers with Radar,22,89,68,1,180,0,0,102,2,104,22,89,170,3,284,43,0,43,327
06/03/2004,LEX,KY,ASO,CE,Towers with Radar,24,99,74,1,198,0,0,112,4,116,24,99,186,5,314,49,0,49,363
06/04/2004,LEX,KY,ASO,CE,Towers with Radar,20,105,75,1,201,0,3,64,3,70,20,108,139,4,271,34,4,38,309
06/05/2004,LEX,KY,ASO,CE,Towers with Radar,16,60,47,0,123,6,0,113,0,119,22,60,160,0,242,38,0,38,280
06/06/2004,LEX,KY,ASO,CE,Towers with Radar,17,71,52,0,140,5,10,72,0,87,22,81,124,0,227,32,0,32,259
06/07/2004,LEX,KY,ASO,CE,Towers with Radar,18,84,61,1,164,0,3,74,5,82,18,87,135,6,246,24,2,26,272
06/08/2004,LEX,KY,ASO,CE,Towers with Radar,20,83,60,1,164,1,0,65,3,69,21,83,125,4,233,11,4,15,248
06/09/2004,LEX,KY,ASO,CE,Towers with Radar,23,99,71,1,194,0,7,74,2,83,23,106,145,3,277,24,0,24,301
06/10/2004,LEX,KY,ASO,CE,Towers with Radar,22,87,70,1,180,0,0,63,0,63,22,87,133,1,243,21,4,25,268
06/11/2004,LEX,KY,ASO,CE,Towers with Radar,21,83,70,0,174,0,0,96,0,96,21,83,166,0,270,13,0,13,283
06/12/2004,LEX,KY,ASO,CE,Towers with Radar,13,52,38,0,103,1,16,20,0,37,14,68,58,0,140,13,0,13,153
06/13/2004,LEX,KY,ASO,CE,Towers with Radar,16,71,52,0,139,0,2,77,0,79,16,73,129,0,218,19,0,19,237
06/14/2004,LEX,KY,ASO,CE,Towers with Radar,19,83,60,2,164,0,1,75,4,80,19,84,135,6,244,35,15,50,294
06/15/2004,LEX,KY,ASO,CE,Towers with Radar,20,91,67,2,180,0,0,44,0,44,20,91,111,2,224,8,0,8,232
06/16/2004,LEX,KY,ASO,CE,Towers with Radar,22,96,69,1,188,0,15,34,0,49,22,111,103,1,237,17,0,17,254
06/17/2004,LEX,KY,ASO,CE,Towers with Radar,20,95,69,1,185,0,0,72,0,72,20,95,141,1,257,16,0,16,273
06/18/2004,LEX,KY,ASO,CE,Towers with Radar,22,87,70,2,181,0,0,39,3,42,22,87,109,5,223,34,2,36,259
06/19/2004,LEX,KY,ASO,CE,Towers with Radar,15,63,45,0,123,2,0,44,0,46,17,63,89,0,169,5,0,5,174
06/20/2004,LEX,KY,ASO,CE,Towers with Radar,17,75,52,2,146,5,10,117,2,134,22,85,169,4,280,50,0,50,330
06/21/2004,LEX,KY,ASO,CE,Towers with Radar,16,86,60,2,164,0,10,130,2,142,16,96,190,4,306,25,0,25,331
06/22/2004,LEX,KY,ASO,CE,Towers with Radar,16,92,65,2,175,0,5,40,1,46,16,97,105,3,221,2,10,12,233
06/23/2004,LEX,KY,ASO,CE,Towers with Radar,21,84,67,2,174,0,0,103,3,106,21,84,170,5,280,57,0,57,337
06/24/2004,LEX,KY,ASO,CE,Towers with Radar,22,102,72,2,198,0,1,108,1,110,22,103,180,3,308,13,0,13,321
06/25/2004,LEX,KY,ASO,CE,Towers with Radar,20,88,62,1,171,2,3,18,0,23,22,91,80,1,194,16,0,16,210
06/26/2004,LEX,KY,ASO,CE,Towers with Radar,15,61,46,0,122,4,0,83,0,87,19,61,129,0,209,68,0,68,277
06/27/2004,LEX,KY,ASO,CE,Towers with Radar,15,64,45,0,124,2,7,72,0,81,17,71,117,0,205,50,0,50,255
06/28/2004,LEX,KY,ASO,CE,Towers with Radar,18,79,55,1,153,3,2,84,1,90,21,81,139,2,243,32,0,32,275
06/29/2004,LEX,KY,ASO,CE,Towers with Radar,21,86,66,1,174,0,0,65,2,67,21,86,131,3,241,30,0,30,271
06/30/2004,LEX,KY,ASO,CE,Towers with Radar,18,81,65,0,164,0,0,77,0,77,18,81,142,0,241,12,0,12,253
07/01/2004,LEX,KY,ASO,CE,Towers with Radar,18,93,83,0,194,0,0,43,0,43,18,93,126,0,237,8,0,8,245
07/02/2004,LEX,KY,ASO,CE,Towers with Radar,23,89,73,0,185,0,0,11,0,11,23,89,84,0,196,2,0,2,198
07/03/2004,LEX,KY,ASO,CE,Towers with Radar,15,55,43,0,113,3,2,50,1,56,18,57,93,1,169,22,0,22,191
07/04/2004,LEX,KY,ASO,CE,Towers with Radar,13,46,36,0,95,6,15,17,1,39,19,61,53,1,134,17,0,17,151
07/05/2004,LEX,KY,ASO,CE,Towers with Radar,19,71,55,0,145,5,10,32,0,47,24,81,87,0,192,8,8,16,208
07/06/2004,LEX,KY,ASO,CE,Towers with Radar,19,70,55,1,145,3,13,57,1,74,22,83,112,2,219,16,4,20,239
07/07/2004,LEX,KY,ASO,CE,Towers with Radar,22,83,65,0,170,1,2,49,0,52,23,85,114,0,222,21,0,21,243
07/08/2004,LEX,KY,ASO,CE,Towers with Radar,22,93,81,1,197,0,0,113,1,114,22,93,194,2,311,29,0,29,340
07/09/2004,LEX,KY,ASO,CE,Towers with Radar,22,83,66,1,172,0,0,47,3,50,22,83,113,4,222,72,0,72,294
07/10/2004,LEX,KY,ASO,CE,Towers with Radar,14,53,41,0,108,7,5,25,0,37,21,58,66,0,145,14,0,14,159
07/11/2004,LEX,KY,ASO,CE,Towers with Radar,19,71,56,1,147,2,13,29,2,46,21,84,85,3,193,18,1,19,212
07/12/2004,LEX,KY,ASO,CE,Towers with Radar,19,80,62,1,162,0,6,42,1,49,19,86,104,2,211,14,0,14,225
07/13/2004,LEX,KY,ASO,CE,Towers with Radar,20,91,76,0,187,0,0,74,0,74,20,91,150,0,261,25,0,25,286
07/14/2004,LEX,KY,ASO,CE,Towers with Radar,16,88,68,2,174,0,12,65,3,80,16,100,133,5,254,26,5,31,285
07/15/2004,LEX,KY,ASO,CE,Towers with Radar,20,90,82,2,194,0,0,94,5,99,20,90,176,7,293,59,0,59,352
07/16/2004,LEX,KY,ASO,CE,Towers with Radar,23,86,72,2,183,0,0,79,5,84,23,86,151,7,267,52,0,52,319
07/17/2004,LEX,KY,ASO,CE,Towers with Radar,16,63,47,0,126,3,13,40,0,56,19,76,87,0,182,50,0,50,232
07/18/2004,LEX,KY,ASO,CE,Towers with Radar,20,79,60,2,161,3,7,43,1,54,23,86,103,3,215,10,0,10,225
07/19/2004,LEX,KY,ASO,CE,Towers with Radar,22,94,71,2,189,0,17,55,5,77,22,111,126,7,266,68,0,68,334
07/20/2004,LEX,KY,ASO,CE,Towers with Radar,19,94,71,2,186,0,4,80,0,84,19,98,151,2,270,41,0,41,311
07/21/2004,LEX,KY,ASO,CE,Towers with Radar,22,92,74,2,190,0,0,78,1,79,22,92,152,3,269,20,0,20,289
07/22/2004,LEX,KY,ASO,CE,Towers with Radar,23,90,70,2,185,5,0,18,3,26,28,90,88,5,211,30,0,30,241
07/23/2004,LEX,KY,ASO,CE,Towers with Radar,25,87,80,2,194,0,0,33,4,37,25,87,113,6,231,24,0,24,255
07/24/2004,LEX,KY,ASO,CE,Towers with Radar,16,61,49,1,127,4,0,70,0,74,20,61,119,1,201,0,21,21,222
07/25/2004,LEX,KY,ASO,CE,Towers with Radar,17,69,52,1,139,4,4,27,0,35,21,73,79,1,174,22,0,22,196
07/26/2004,LEX,KY,ASO,CE,Towers with Radar,20,78,59,2,159,7,13,8,1,29,27,91,67,3,188,0,0,0,188
07/27/2004,LEX,KY,ASO,CE,Towers with Radar,21,85,73,0,179,0,0,59,0,59,21,85,132,0,238,38,0,38,276
07/28/2004,LEX,KY,ASO,CE,Towers with Radar,25,88,82,2,197,0,0,71,1,72,25,88,153,3,269,32,0,32,301
07/29/2004,LEX,KY,ASO,CE,Towers with Radar,22,94,85,0,201,0,0,106,0,106,22,94,191,0,307,18,0,18,325
07/30/2004,LEX,KY,ASO,CE,Towers with Radar,22,88,68,0,178,2,4,21,0,27,24,92,89,0,205,0,0,0,205
07/31/2004,LEX,KY,ASO,CE,Towers with Radar,14,54,42,0,110,8,12,21,0,41,22,66,63,0,151,14,0,14,165
08/01/2004,LEX,KY,ASO,CE,Towers with Radar,21,78,67,1,167,1,0,72,0,73,22,78,139,1,240,12,0,12,252
08/02/2004,LEX,KY,ASO,CE,Towers with Radar,21,84,69,2,176,3,6,80,0,89,24,90,149,2,265,34,0,34,299
08/03/2004,LEX,KY,ASO,CE,Towers with Radar,18,84,72,3,177,0,0,89,6,95,18,84,161,9,272,32,0,32,304
08/04/2004,LEX,KY,ASO,CE,Towers with Radar,22,86,72,3,183,0,0,66,0,66,22,86,138,3,249,49,8,57,306
08/05/2004,LEX,KY,ASO,CE,Towers with Radar,23,77,75,3,178,1,0,34,2,37,24,77,109,5,215,44,8,52,267
08/06/2004,LEX,KY,ASO,CE,Towers with Radar,26,93,84,4,207,1,0,87,0,88,27,93,171,4,295,38,1,39,334
08/07/2004,LEX,KY,ASO,CE,Towers with Radar,17,65,54,2,138,1,0,186,14,201,18,65,240,16,339,25,4,29,368
08/08/2004,LEX,KY,ASO,CE,Towers with Radar,18,77,63,3,161,0,16,113,5,134,18,93,176,8,295,30,0,30,325
08/09/2004,LEX,KY,ASO,CE,Towers with Radar,18,87,71,3,179,0,6,81,1,88,18,93,152,4,267,60,0,60,327
08/10/2004,LEX,KY,ASO,CE,Towers with Radar,21,85,74,3,183,0,0,75,2,77,21,85,149,5,260,37,0,37,297
08/11/2004,LEX,KY,ASO,CE,Towers with Radar,18,82,73,1,174,0,0,94,0,94,18,82,167,1,268,21,12,33,301
08/12/2004,LEX,KY,ASO,CE,Towers with Radar,22,77,73,3,175,1,0,67,4,72,23,77,140,7,247,46,10,56,303
08/13/2004,LEX,KY,ASO,CE,Towers with Radar,21,76,68,2,167,0,0,93,0,93,21,76,161,2,260,43,0,43,303
08/14/2004,LEX,KY,ASO,CE,Towers with Radar,15,61,50,2,128,0,11,90,0,101,15,72,140,2,229,28,0,28,257
08/15/2004,LEX,KY,ASO,CE,Towers with Radar,15,63,52,0,130,2,16,94,0,112,17,79,146,0,242,68,0,68,310
08/16/2004,LEX,KY,ASO,CE,Towers with Radar,19,78,64,4,165,2,16,85,7,110,21,94,149,11,275,49,0,49,324
08/17/2004,LEX,KY,ASO,CE,Towers with Radar,18,78,77,4,177,0,0,89,17,106,18,78,166,21,283,42,3,45,328
08/18/2004,LEX,KY,ASO,CE,Towers with Radar,21,88,70,2,181,0,5,69,0,74,21,93,139,2,255,12,0,12,267
08/19/2004,LEX,KY,ASO,CE,Towers with Radar,23,95,78,4,200,0,0,74,0,74,23,95,152,4,274,10,2,12,286
08/20/2004,LEX,KY,ASO,CE,Towers with Radar,20,83,66,4,173,4,1,24,0,29,24,84,90,4,202,4,0,4,206
08/21/2004,LEX,KY,ASO,CE,Towers with Radar,16,66,53,2,137,4,0,50,0,54,20,66,103,2,191,33,0,33,224
08/22/2004,LEX,KY,ASO,CE,Towers with Radar,18,78,62,4,162,0,8,94,0,102,18,86,156,4,264,43,0,43,307
08/23/2004,LEX,KY,ASO,CE,Towers with Radar,18,87,69,0,174,0,1,61,0,62,18,88,130,0,236,45,0,45,281
08/24/2004,LEX,KY,ASO,CE,Towers with Radar,20,83,66,0,169,2,16,43,0,61,22,99,109,0,230,20,0,20,250
08/25/2004,LEX,KY,ASO,CE,Towers with Radar,21,83,71,0,175,2,0,34,0,36,23,83,105,0,211,9,0,9,220
08/26/2004,LEX,KY,ASO,CE,Towers with Radar,21,89,71,0,181,0,1,9,0,10,21,90,80,0,191,0,0,0,191
08/27/2004,LEX,KY,ASO,CE,Towers with Radar,24,85,80,3,192,4,0,56,0,60,28,85,136,3,252,22,0,22,274
08/28/2004,LEX,KY,ASO,CE,Towers with Radar,14,59,46,0,119,0,8,55,0,63,14,67,101,0,182,10,0,10,192
08/29/2004,LEX,KY,ASO,CE,Towers with Radar,17,73,58,1,149,2,9,17,0,28,19,82,75,1,177,0,0,0,177
08/30/2004,LEX,KY,ASO,CE,Towers with Radar,19,80,63,0,162,1,7,11,0,19,20,87,74,0,181,2,0,2,183
08/31/2004,LEX,KY,ASO,CE,Towers with Radar,19,95,78,3,195,0,0,88,2,90,19,95,166,5,285,63,2,65,350
09/01/2004,LEX,KY,ASO,CE,Towers with Radar,23,87,87,2,199,0,0,84,6,90,23,87,171,8,289,16,0,16,305
09/02/2004,LEX,KY,ASO,CE,Towers with Radar,29,89,87,2,207,2,0,27,3,32,31,89,114,5,239,28,0,28,267
09/03/2004,LEX,KY,ASO,CE,Towers with Radar,26,86,94,0,206,0,0,71,0,71,26,86,165,0,277,33,0,33,310
09/04/2004,LEX,KY,ASO,CE,Towers with Radar,18,69,56,0,143,1,7,26,0,34,19,76,82,0,177,31,0,31,208
09/05/2004,LEX,KY,ASO,CE,Towers with Radar,14,54,45,2,115,6,2,64,2,74,20,56,109,4,189,55,0,55,244
09/06/2004,LEX,KY,ASO,CE,Towers with Radar,17,67,55,2,141,5,7,84,3,99,22,74,139,5,240,31,2,33,273
09/07/2004,LEX,KY,ASO,CE,Towers with Radar,20,74,60,2,156,2,10,10,0,22,22,84,70,2,178,1,0,1,179
09/08/2004,LEX,KY,ASO,CE,Towers with Radar,21,88,69,2,180,0,9,0,0,9,21,97,69,2,189,2,0,2,191
09/09/2004,LEX,KY,ASO,CE,Towers with Radar,24,95,83,2,204,0,0,17,0,17,24,95,100,2,221,22,0,22,243
09/10/2004,LEX,KY,ASO,CE,Towers with Radar,27,107,89,1,224,0,0,44,0,44,27,107,133,1,268,10,6,16,284
09/11/2004,LEX,KY,ASO,CE,Towers with Radar,16,72,59,2,149,0,25,76,0,101,16,97,135,2,250,17,0,17,267
09/12/2004,LEX,KY,ASO,CE,Towers with Radar,20,96,78,0,194,0,26,78,0,104,20,122,156,0,298,14,0,14,312
09/13/2004,LEX,KY,ASO,CE,Towers with Radar,22,88,70,3,183,0,10,86,0,96,22,98,156,3,279,4,0,4,283
09/14/2004,LEX,KY,ASO,CE,Towers with Radar,23,105,84,2,214,0,5,89,0,94,23,110,173,2,308,2,0,2,310
09/15/2004,LEX,KY,ASO,CE,Towers with Radar,23,115,92,2,232,0,0,109,0,109,23,115,201,2,341,8,4,12,353
09/16/2004,LEX,KY,ASO,CE,Towers with Radar,18,93,74,0,185,0,11,44,0,55,18,104,118,0,240,2,4,6,246
09/17/2004,LEX,KY,ASO,CE,Towers with Radar,19,73,58,0,150,9,11,3,0,23,28,84,61,0,173,0,0,0,173
09/18/2004,LEX,KY,ASO,CE,Towers with Radar,16,65,51,0,132,3,13,93,0,109,19,78,144,0,241,6,0,6,247
09/19/2004,LEX,KY,ASO,CE,Towers with Radar,19,73,58,1,151,3,12,100,2,117,22,85,158,3,268,43,2,45,313
09/20/2004,LEX,KY,ASO,CE,Towers with Radar,22,84,67,1,174,5,3,56,4,68,27,87,123,5,242,2,0,2,244
09/21/2004,LEX,KY,ASO,CE,Towers with Radar,26,101,81,2,210,1,1,92,3,97,27,102,173,5,307,51,0,51,358
09/22/2004,LEX,KY,ASO,CE,Towers with Radar,27,92,83,2,204,0,0,103,0,103,27,92,186,2,307,28,0,28,335
09/23/2004,LEX,KY,ASO,CE,Towers with Radar,28,104,87,2,221,0,0,86,4,90,28,104,173,6,311,26,0,26,337
09/24/2004,LEX,KY,ASO,CE,Towers with Radar,27,89,85,2,203,0,0,85,0,85,27,89,170,2,288,16,0,16,304
09/25/2004,LEX,KY,ASO,CE,Towers with Radar,20,74,60,1,155,4,0,48,4,56,24,74,108,5,211,5,3,8,219
09/26/2004,LEX,KY,ASO,CE,Towers with Radar,21,78,62,1,162,2,10,138,2,152,23,88,200,3,314,76,0,76,390
09/27/2004,LEX,KY,ASO,CE,Towers with Radar,19,79,63,1,162,0,20,51,2,73,19,99,114,3,235,8,8,16,251
09/28/2004,LEX,KY,ASO,CE,Towers with Radar,20,85,72,1,178,0,0,40,0,40,20,85,112,1,218,5,0,5,223
09/29/2004,LEX,KY,ASO,CE,Towers with Radar,29,86,88,0,203,0,0,31,0,31,29,86,119,0,234,17,0,17,251
09/30/2004,LEX,KY,ASO,CE,Towers with Radar,28,93,87,2,210,10,0,38,6,54,38,93,125,8,264,17,0,17,281
10/01/2004,LEX,KY,ASO,CE,Towers with Radar,23,84,80,3,190,0,0,99,0,99,23,84,179,3,289,30,0,30,319
10/02/2004,LEX,KY,ASO,CE,Towers with Radar,20,64,50,2,136,0,0,15,2,17,20,64,65,4,153,26,0,26,179
10/03/2004,LEX,KY,ASO,CE,Towers with Radar,27,84,82,0,193,0,0,89,0,89,27,84,171,0,282,41,0,41,323
10/04/2004,LEX,KY,ASO,CE,Towers with Radar,27,87,57,0,171,0,0,71,0,71,27,87,128,0,242,8,0,8,250
10/05/2004,LEX,KY,ASO,CE,Towers with Radar,23,89,63,4,179,0,0,65,4,69,23,89,128,8,248,0,0,0,248
10/06/2004,LEX,KY,ASO,CE,Towers with Radar,23,95,108,1,227,0,0,112,2,114,23,95,220,3,341,40,0,40,381
10/07/2004,LEX,KY,ASO,CE,Towers with Radar,24,120,102,2,248,0,2,97,0,99,24,122,199,2,347,35,0,35,382
10/08/2004,LEX,KY,ASO,CE,Towers with Radar,28,99,112,0,239,0,0,66,3,69,28,99,178,3,308,12,0,12,320
10/09/2004,LEX,KY,ASO,CE,Towers with Radar,22,82,102,0,206,0,0,85,0,85,22,82,187,0,291,30,0,30,321
10/10/2004,LEX,KY,ASO,CE,Towers with Radar,22,83,107,0,212,0,1,85,0,86,22,84,192,0,298,40,0,40,338
10/11/2004,LEX,KY,ASO,CE,Towers with Radar,22,90,53,3,168,0,0,76,0,76,22,90,129,3,244,9,1,10,254
10/12/2004,LEX,KY,ASO,CE,Towers with Radar,27,86,72,0,185,0,0,29,0,29,27,86,101,0,214,5,0,5,219
10/13/2004,LEX,KY,ASO,CE,Towers with Radar,23,102,77,2,204,0,0,6,0,6,23,102,83,2,210,0,0,0,210
10/14/2004,LEX,KY,ASO,CE,Towers with Radar,25,92,73,0,190,0,0,23,0,23,25,92,96,0,213,22,0,22,235
10/15/2004,LEX,KY,ASO,CE,Towers with Radar,25,93,112,2,232,0,4,21,2,27,25,97,133,4,259,16,0,16,275
10/16/2004,LEX,KY,ASO,CE,Towers with Radar,21,79,53,0,153,0,2,57,0,59,21,81,110,0,212,20,0,20,232
10/17/2004,LEX,KY,ASO,CE,Towers with Radar,19,87,81,0,187,0,0,90,0,90,19,87,171,0,277,12,0,12,289
10/18/2004,LEX,KY,ASO,CE,Towers with Radar,26,88,47,0,161,0,1,12,0,13,26,89,59,0,174,0,0,0,174
10/19/2004,LEX,KY,ASO,CE,Towers with Radar,24,86,75,1,186,0,2,24,0,26,24,88,99,1,212,30,0,30,242
10/20/2004,LEX,KY,ASO,CE,Towers with Radar,27,102,95,6,230,0,0,23,1,24,27,102,118,7,254,4,0,4,258
10/21/2004,LEX,KY,ASO,CE,Towers with Radar,24,89,101,1,215,0,0,2,0,2,24,89,103,1,217,11,0,11,228
10/22/2004,LEX,KY,ASO,CE,Towers with Radar,30,99,125,3,257,0,1,39,0,40,30,100,164,3,297,9,0,9,306
10/23/2004,LEX,KY,ASO,CE,Towers with Radar,26,68,61,0,155,0,1,21,0,22,26,69,82,0,177,1,2,3,180
10/24/2004,LEX,KY,ASO,CE,Towers with Radar,27,74,76,0,177,0,0,116,0,116,27,74,192,0,293,14,0,14,307
10/25/2004,LEX,KY,ASO,CE,Towers with Radar,21,84,71,2,178,0,0,83,1,84,21,84,154,3,262,24,0,24,286
10/26/2004,LEX,KY,ASO,CE,Towers with Radar,23,80,67,8,178,0,0,57,0,57,23,80,124,8,235,10,2,12,247
10/27/2004,LEX,KY,ASO,CE,Towers with Radar,29,96,79,1,205,0,1,23,0,24,29,97,102,1,229,7,0,7,236
10/28/2004,LEX,KY,ASO,CE,Towers with Radar,25,97,96,2,220,0,0,11,0,11,25,97,107,2,231,39,0,39,270
10/29/2004,LEX,KY,ASO,CE,Towers with Radar,28,95,97,3,223,0,0,41,0,41,28,95,138,3,264,25,0,25,289
10/30/2004,LEX,KY,ASO,CE,Towers with Radar,22,69,47,0,138,0,1,29,0,30,22,70,76,0,168,31,0,31,199
10/31/2004,LEX,KY,ASO,CE,Towers with Radar,23,76,54,0,153,0,0,84,0,84,23,76,138,0,237,52,0,52,289
11/01/2004,LEX,KY,ASO,CE,Combined TRACON& Tower with Radar,25,82,48,2,157,0,1,44,0,45,25,83,92,2,202,26,0,26,228
11/02/2004,LEX,KY,ASO,CE,Combined TRACON& Tower with Radar,28,69,29,0,126,0,2,8,0,10,28,71,37,0,136,5,0,5,141
11/03/2004,LEX,KY,ASO,CE,Combined TRACON& Tower with Radar,27,68,57,4,156,0,1,7,0,8,27,69,64,4,164,1,0,1,165
11/04/2004,LEX,KY,ASO,CE,Combined TRACON& Tower with Radar,27,96,51,1,175,0,0,21,1,22,27,96,72,2,197,34,0,34,231
11/05/2004,LEX,KY,ASO,CE,Combined TRACON& Tower with Radar,40,82,70,2,194,0,1,81,3,85,40,83,151,5,279,44,0,44,323
11/06/2004,LEX,KY,ASO,CE,Combined TRACON& Tower with Radar,24,63,83,1,171,0,0,104,3,107,24,63,187,4,278,74,0,74,352
11/07/2004,LEX,KY,ASO,CE,Combined TRACON& Tower with Radar,27,68,78,0,173,0,0,101,0,101,27,68,179,0,274,8,0,8,282
11/08/2004,LEX,KY,ASO,CE,Combined TRACON& Tower with Radar,21,79,68,0,168,0,0,79,0,79,21,79,147,0,247,30,0,30,277
11/09/2004,LEX,KY,ASO,CE,Combined TRACON& Tower with Radar,22,77,71,6,176,0,0,72,4,76,22,77,143,10,252,14,1,15,267
11/10/2004,LEX,KY,ASO,CE,Combined TRACON& Tower with Radar,27,82,93,2,204,0,1,63,1,65,27,83,156,3,269,2,0,2,271
11/11/2004,LEX,KY,ASO,CE,Combined TRACON& Tower with Radar,23,84,77,0,184,0,0,8,0,8,23,84,85,0,192,20,0,20,212
11/12/2004,LEX,KY,ASO,CE,Combined TRACON& Tower with Radar,32,70,75,0,177,0,0,17,0,17,32,70,92,0,194,12,0,12,206
11/13/2004,LEX,KY,ASO,CE,Combined TRACON& Tower with Radar,21,56,47,0,124,0,0,98,0,98,21,56,145,0,222,48,0,48,270
11/14/2004,LEX,KY,ASO,CE,Combined TRACON& Tower with Radar,26,63,58,0,147,0,0,109,0,109,26,63,167,0,256,50,0,50,306
11/15/2004,LEX,KY,ASO,CE,Combined TRACON& Tower with Radar,24,68,47,3,142,0,0,66,1,67,24,68,113,4,209,26,0,26,235
11/16/2004,LEX,KY,ASO,CE,Combined TRACON& Tower with Radar,22,75,58,0,155,0,0,45,0,45,22,75,103,0,200,25,0,25,225
11/17/2004,LEX,KY,ASO,CE,Combined TRACON& Tower with Radar,28,77,81,4,190,0,2,11,0,13,28,79,92,4,203,2,3,5,208
11/18/2004,LEX,KY,ASO,CE,Combined TRACON& Tower with Radar,27,59,76,3,165,0,0,40,0,40,27,59,116,3,205,9,0,9,214
11/19/2004,LEX,KY,ASO,CE,Combined TRACON& Tower with Radar,30,65,66,0,161,0,0,19,1,20,30,65,85,1,181,16,0,16,197
11/20/2004,LEX,KY,ASO,CE,Combined TRACON& Tower with Radar,21,49,64,0,134,0,0,8,1,9,21,49,72,1,143,11,0,11,154
11/21/2004,LEX,KY,ASO,CE,Combined TRACON& Tower with Radar,21,58,62,2,143,0,0,6,2,8,21,58,68,4,151,8,0,8,159
11/22/2004,LEX,KY,ASO,CE,Combined TRACON& Tower with Radar,23,70,66,2,161,0,0,2,0,2,23,70,68,2,163,11,0,11,174
11/23/2004,LEX,KY,ASO,CE,Combined TRACON& Tower with Radar,24,70,82,8,184,0,0,5,0,5,24,70,87,8,189,5,2,7,196
11/24/2004,LEX,KY,ASO,CE,Combined TRACON& Tower with Radar,24,70,51,0,145,0,1,9,0,10,24,71,60,0,155,38,0,38,193
11/25/2004,LEX,KY,ASO,CE,Combined TRACON& Tower with Radar,25,53,18,0,96,0,0,3,0,3,25,53,21,0,99,0,0,0,99
11/26/2004,LEX,KY,ASO,CE,Combined TRACON& Tower with Radar,24,49,36,0,109,0,1,76,1,78,24,50,112,1,187,24,0,24,211
11/27/2004,LEX,KY,ASO,CE,Combined TRACON& Tower with Radar,21,51,26,2,100,0,0,21,3,24,21,51,47,5,124,8,0,8,132
11/28/2004,LEX,KY,ASO,CE,Combined TRACON& Tower with Radar,24,60,76,0,160,0,0,45,0,45,24,60,121,0,205,41,1,42,247
11/29/2004,LEX,KY,ASO,CE,Combined TRACON& Tower with Radar,29,75,42,1,147,0,0,37,0,37,29,75,79,1,184,28,0,28,212
11/30/2004,LEX,KY,ASO,CE,Combined TRACON& Tower with Radar,26,85,55,8,174,0,0,4,0,4,26,85,59,8,178,1,0,1,179
12/01/2004,LEX,KY,ASO,CE,Combined TRACON& Tower with Radar,29,71,63,0,163,0,0,59,0,59,29,71,122,0,222,18,0,18,240
12/02/2004,LEX,KY,ASO,CE,Combined TRACON& Tower with Radar,27,82,81,2,192,0,1,64,1,66,27,83,145,3,258,27,0,27,285
12/03/2004,LEX,KY,ASO,CE,Combined TRACON& Tower with Radar,33,80,46,6,165,0,0,67,3,70,33,80,113,9,235,25,6,31,266
12/04/2004,LEX,KY,ASO,CE,Combined TRACON& Tower with Radar,24,51,62,6,143,0,0,81,0,81,24,51,143,6,224,59,0,59,283
12/05/2004,LEX,KY,ASO,CE,Combined TRACON& Tower with Radar,24,59,44,0,127,0,0,51,0,51,24,59,95,0,178,98,0,98,276
12/06/2004,LEX,KY,ASO,CE,Combined TRACON& Tower with Radar,25,67,55,7,154,0,0,1,0,1,25,67,56,7,155,0,0,0,155
12/07/2004,LEX,KY,ASO,CE,Combined TRACON& Tower with Radar,27,73,40,0,140,0,0,11,4,15,27,73,51,4,155,0,0,0,155
12/08/2004,LEX,KY,ASO,CE,Combined TRACON& Tower with Radar,26,65,52,0,143,0,0,72,2,74,26,65,124,2,217,71,0,71,288
12/09/2004,LEX,KY,ASO,CE,Combined TRACON& Tower with Radar,23,65,52,4,144,0,0,10,0,10,23,65,62,4,154,4,0,4,158
12/10/2004,LEX,KY,ASO,CE,Combined TRACON& Tower with Radar,30,66,56,8,160,0,0,22,0,22,30,66,78,8,182,3,2,5,187
12/11/2004,LEX,KY,ASO,CE,Combined TRACON& Tower with Radar,20,54,23,1,98,0,0,11,0,11,20,54,34,1,109,15,0,15,124
12/12/2004,LEX,KY,ASO,CE,Combined TRACON& Tower with Radar,23,52,27,3,105,0,0,25,0,25,23,52,52,3,130,1,0,1,131
12/13/2004,LEX,KY,ASO,CE,Combined TRACON& Tower with Radar,27,85,43,0,155,0,1,10,3,14,27,86,53,3,169,4,0,4,173
12/14/2004,LEX,KY,ASO,CE,Combined TRACON& Tower with Radar,29,69,33,5,136,0,0,15,5,20,29,69,48,10,156,1,0,1,157
12/15/2004,LEX,KY,ASO,CE,Combined TRACON& Tower with Radar,33,66,85,0,184,0,1,108,0,109,33,67,193,0,293,27,0,27,320
12/16/2004,LEX,KY,ASO,CE,Combined TRACON& Tower with Radar,27,72,86,0,185,0,0,62,1,63,27,72,148,1,248,30,0,30,278
12/17/2004,LEX,KY,ASO,CE,Combined TRACON& Tower with Radar,26,64,55,1,146,0,0,48,4,52,26,64,103,5,198,11,0,11,209
12/18/2004,LEX,KY,ASO,CE,Combined TRACON& Tower with Radar,24,37,39,0,100,0,353,74,1,428,24,390,113,1,528,34,0,34,562
12/19/2004,LEX,KY,ASO,CE,Combined TRACON& Tower with Radar,25,53,10,0,88,0,0,6,0,6,25,53,16,0,94,0,0,0,94
12/20/2004,LEX,KY,ASO,CE,Combined TRACON& Tower with Radar,29,62,50,0,141,0,3,42,2,47,29,65,92,2,188,7,0,7,195
12/21/2004,LEX,KY,ASO,CE,Combined TRACON& Tower with Radar,22,76,49,2,149,0,0,19,0,19,22,76,68,2,168,14,0,14,182
12/22/2004,LEX,KY,ASO,CE,Combined TRACON& Tower with Radar,17,60,29,0,106,0,0,1,0,1,17,60,30,0,107,0,0,0,107
12/23/2004,LEX,KY,ASO,CE,Combined TRACON& Tower with Radar,15,57,28,0,100,0,0,2,0,2,15,57,30,0,102,0,0,0,102
12/24/2004,LEX,KY,ASO,CE,Combined TRACON& Tower with Radar,19,42,27,0,88,0,2,9,0,11,19,44,36,0,99,0,0,0,99
12/25/2004,LEX,KY,ASO,CE,Combined TRACON& Tower with Radar,19,32,12,0,63,0,0,14,0,14,19,32,26,0,77,0,0,0,77
12/26/2004,LEX,KY,ASO,CE,Combined TRACON& Tower with Radar,21,43,42,0,106,0,0,15,2,17,21,43,57,2,123,4,0,4,127
12/27/2004,LEX,KY,ASO,CE,Combined TRACON& Tower with Radar,24,53,29,1,107,0,0,37,1,38,24,53,66,2,145,26,0,26,171
12/28/2004,LEX,KY,ASO,CE,Combined TRACON& Tower with Radar,29,64,50,8,151,0,0,53,0,53,29,64,103,8,204,14,0,14,218
12/29/2004,LEX,KY,ASO,CE,Combined TRACON& Tower with Radar,27,67,37,0,131,0,1,40,0,41,27,68,77,0,172,10,0,10,182
12/30/2004,LEX,KY,ASO,CE,Combined TRACON& Tower with Radar,28,53,40,0,121,0,0,43,0,43,28,53,83,0,164,14,0,14,178
12/31/2004,LEX,KY,ASO,CE,Combined TRACON& Tower with Radar,31,53,22,0,106,0,0,14,0,14,31,53,36,0,120,46,0,46,166
01/01/2005,LEX,KY,ASO,CE,Combined TRACON& Tower with Radar,20,40,19,0,79,0,0,24,0,24,20,40,43,0,103,6,0,6,109
01/02/2005,LEX,KY,ASO,CE,Combined TRACON& Tower with Radar,20,62,50,0,132,0,0,1,0,1,20,62,51,0,133,1,0,1,134
01/03/2005,LEX,KY,ASO,CE,Combined TRACON& Tower with Radar,22,68,42,0,132,0,0,11,0,11,22,68,53,0,143,0,0,0,143
01/04/2005,LEX,KY,ASO,CE,Combined TRACON& Tower with Radar,26,66,40,0,132,0,0,0,0,0,26,66,40,0,132,0,0,0,132
01/05/2005,LEX,KY,ASO,CE,Combined TRACON& Tower with Radar,25,91,44,3,163,0,1,5,0,6,25,92,49,3,169,0,0,0,169
01/06/2005,LEX,KY,ASO,CE,Combined TRACON& Tower with Radar,25,68,36,0,129,0,0,7,0,7,25,68,43,0,136,0,0,0,136
01/07/2005,LEX,KY,ASO,CE,Combined TRACON& Tower with Radar,31,62,34,1,128,0,3,17,1,21,31,65,51,2,149,32,0,32,181
01/08/2005,LEX,KY,ASO,CE,Combined TRACON& Tower with Radar,26,61,49,2,138,0,0,5,0,5,26,61,54,2,143,6,0,6,149
01/09/2005,LEX,KY,ASO,CE,Combined TRACON& Tower with Radar,24,82,103,0,209,0,0,80,0,80,24,82,183,0,289,34,0,34,323
01/10/2005,LEX,KY,ASO,CE,Combined TRACON& Tower with Radar,27,74,67,2,170,0,2,14,0,16,27,76,81,2,186,10,4,14,200
01/11/2005,LEX,KY,ASO,CE,Combined TRACON& Tower with Radar,25,74,69,3,171,0,0,10,0,10,25,74,79,3,181,4,0,4,185
01/12/2005,LEX,KY,ASO,CE,Combined TRACON& Tower with Radar,25,74,55,4,158,0,1,29,0,30,25,75,84,4,188,16,0,16,204
01/13/2005,LEX,KY,ASO,CE,Combined TRACON& Tower with Radar,34,63,37,0,134,0,1,5,0,6,34,64,42,0,140,0,0,0,140
01/14/2005,LEX,KY,ASO,CE,Combined TRACON& Tower with Radar,28,66,49,2,145,0,0,37,0,37,28,66,86,2,182,12,0,12,194
01/15/2005,LEX,KY,ASO,CE,Combined TRACON& Tower with Radar,23,46,39,4,112,0,2,75,0,77,23,48,114,4,189,14,0,14,203
01/16/2005,LEX,KY,ASO,CE,Combined TRACON& Tower with Radar,26,63,11,0,100,0,1,2,0,3,26,64,13,0,103,0,0,0,103
01/17/2005,LEX,KY,ASO,CE,Combined TRACON& Tower with Radar,29,71,64,0,164,0,0,53,0,53,29,71,117,0,217,34,0,34,251
01/18/2005,LEX,KY,ASO,CE,Combined TRACON& Tower with Radar,30,66,39,1,136,0,0,28,2,30,30,66,67,3,166,12,1,13,179
01/19/2005,LEX,KY,ASO,CE,Combined TRACON& Tower with Radar,30,67,56,1,154,0,0,23,1,24,30,67,79,2,178,6,0,6,184
01/20/2005,LEX,KY,ASO,CE,Combined TRACON& Tower with Radar,24,69,45,2,140,0,0,4,3,7,24,69,49,5,147,0,0,0,147
01/21/2005,LEX,KY,ASO,CE,Combined TRACON& Tower with Radar,30,63,53,0,146,0,0,19,4,23,30,63,72,4,169,5,0,5,174
01/22/2005,LEX,KY,ASO,CE,Combined TRACON& Tower with Radar,14,35,11,0,60,0,0,0,0,0,14,35,11,0,60,0,0,0,60
01/23/2005,LEX,KY,ASO,CE,Combined TRACON& Tower with Radar,27,51,36,1,115,0,2,34,1,37,27,53,70,2,152,0,0,0,152
01/24/2005,LEX,KY,ASO,CE,Combined TRACON& Tower with Radar,31,70,55,2,158,0,0,33,2,35,31,70,88,4,193,14,0,14,207
01/25/2005,LEX,KY,ASO,CE,Combined TRACON& Tower with Radar,27,63,51,1,142,0,0,56,0,56,27,63,107,1,198,38,0,38,236
01/26/2005,LEX,KY,ASO,CE,Combined TRACON& Tower with Radar,28,65,39,2,134,0,0,26,0,26,28,65,65,2,160,18,0,18,178
01/27/2005,LEX,KY,ASO,CE,Combined TRACON& Tower with Radar,28,69,40,8,145,0,0,52,5,57,28,69,92,13,202,36,0,36,238
01/28/2005,LEX,KY,ASO,CE,Combined TRACON& Tower with Radar,27,68,50,0,145,0,0,56,0,56,27,68,106,0,201,25,0,25,226
01/29/2005,LEX,KY,ASO,CE,Combined TRACON& Tower with Radar,16,31,8,0,55,0,0,1,0,1,16,31,9,0,56,0,0,0,56
01/30/2005,LEX,KY,ASO,CE,Combined TRACON& Tower with Radar,18,48,19,0,85,0,0,0,0,0,18,48,19,0,85,0,0,0,85
01/31/2005,LEX,KY,ASO,CE,Combined TRACON& Tower with Radar,20,65,56,2,143,0,0,7,0,7,20,65,63,2,150,10,0,10,160
02/01/2005,LEX,KY,ASO,CE,Combined TRACON& Tower with Radar,19,71,67,1,158,0,1,28,0,29,19,72,95,1,187,33,3,36,223
02/02/2005,LEX,KY,ASO,CE,Combined TRACON& Tower with Radar,20,70,42,4,136,0,1,16,2,19,20,71,58,6,155,2,0,2,157
02/03/2005,LEX,KY,ASO,CE,Combined TRACON& Tower with Radar,22,67,51,4,144,0,0,16,0,16,22,67,67,4,160,0,0,0,160
02/04/2005,LEX,KY,ASO,CE,Combined TRACON& Tower with Radar,24,71,65,6,166,0,0,72,0,72,24,71,137,6,238,42,0,42,280
02/05/2005,LEX,KY,ASO,CE,Combined TRACON& Tower with Radar,15,49,51,0,115,0,0,114,0,114,15,49,165,0,229,38,0,38,267
02/06/2005,LEX,KY,ASO,CE,Combined TRACON& Tower with Radar,21,68,31,0,120,0,1,74,0,75,21,69,105,0,195,49,0,49,244
02/07/2005,LEX,KY,ASO,CE,Combined TRACON& Tower with Radar,20,82,64,4,170,0,0,20,0,20,20,82,84,4,190,12,0,12,202
02/08/2005,LEX,KY,ASO,CE,Combined TRACON& Tower with Radar,23,70,50,2,145,0,0,0,0,0,23,70,50,2,145,0,0,0,145
02/09/2005,LEX,KY,ASO,CE,Combined TRACON& Tower with Radar,20,85,44,0,149,0,0,0,0,0,20,85,44,0,149,0,0,0,149
02/10/2005,LEX,KY,ASO,CE,Combined TRACON& Tower with Radar,20,78,42,4,144,0,0,6,0,6,20,78,48,4,150,2,0,2,152
02/11/2005,LEX,KY,ASO,CE,Combined TRACON& Tower with Radar,21,82,70,3,176,0,0,41,5,46,21,82,111,8,222,10,0,10,232
02/12/2005,LEX,KY,ASO,CE,Combined TRACON& Tower with Radar,21,61,57,0,139,0,2,82,0,84,21,63,139,0,223,7,0,7,230
02/13/2005,LEX,KY,ASO,CE,Combined TRACON& Tower with Radar,22,61,23,1,107,0,0,1,0,1,22,61,24,1,108,0,0,0,108
02/14/2005,LEX,KY,ASO,CE,Combined TRACON& Tower with Radar,24,72,42,0,138,0,1,11,0,12,24,73,53,0,150,0,0,0,150
02/15/2005,LEX,KY,ASO,CE,Combined TRACON& Tower with Radar,19,83,71,1,174,0,2,72,2,76,19,85,143,3,250,21,0,21,271
02/16/2005,LEX,KY,ASO,CE,Combined TRACON& Tower with Radar,22,79,61,3,165,0,0,36,0,36,22,79,97,3,201,4,1,5,206
02/17/2005,LEX,KY,ASO,CE,Combined TRACON& Tower with Radar,19,77,61,3,160,0,0,51,0,51,19,77,112,3,211,2,0,2,213
02/18/2005,LEX,KY,ASO,CE,Combined TRACON& Tower with Radar,20,81,88,4,193,0,2,45,1,48,20,83,133,5,241,10,0,10,251
02/19/2005,LEX,KY,ASO,CE,Combined TRACON& Tower with Radar,21,45,51,1,118,0,3,69,0,72,21,48,120,1,190,30,0,30,220
02/20/2005,LEX,KY,ASO,CE,Combined TRACON& Tower with Radar,17,65,50,0,132,0,0,2,2,4,17,65,52,2,136,1,0,1,137
02/21/2005,LEX,KY,ASO,CE,Combined TRACON& Tower with Radar,22,64,27,0,113,0,0,4,0,4,22,64,31,0,117,0,0,0,117
02/22/2005,LEX,KY,ASO,CE,Combined TRACON& Tower with Radar,23,69,54,0,146,0,0,9,4,13,23,69,63,4,159,27,0,27,186
02/23/2005,LEX,KY,ASO,CE,Combined TRACON& Tower with Radar,23,82,78,4,187,0,0,44,6,50,23,82,122,10,237,1,0,1,238
02/24/2005,LEX,KY,ASO,CE,Combined TRACON& Tower with Radar,18,74,43,2,137,0,0,0,0,0,18,74,43,2,137,0,0,0,137
02/25/2005,LEX,KY,ASO,CE,Combined TRACON& Tower with Radar,19,75,68,2,164,0,3,62,2,67,19,78,130,4,231,10,0,10,241
02/26/2005,LEX,KY,ASO,CE,Combined TRACON& Tower with Radar,32,51,50,0,133,0,0,104,0,104,32,51,154,0,237,51,0,51,288
02/27/2005,LEX,KY,ASO,CE,Combined TRACON& Tower with Radar,17,66,58,0,141,0,0,91,0,91,17,66,149,0,232,79,0,79,311
02/28/2005,LEX,KY,ASO,CE,Combined TRACON& Tower with Radar,19,74,41,0,134,0,0,1,0,1,19,74,42,0,135,4,0,4,139
03/01/2005,LEX,KY,ASO,CE,Combined TRACON& Tower with Radar,19,75,41,0,135,0,0,0,0,0,19,75,41,0,135,0,0,0,135
03/02/2005,LEX,KY,ASO,CE,Combined TRACON& Tower with Radar,16,89,74,0,179,0,0,37,0,37,16,89,111,0,216,4,0,4,220
03/03/2005,LEX,KY,ASO,CE,Combined TRACON& Tower with Radar,18,74,50,3,145,0,3,66,1,70,18,77,116,4,215,4,6,10,225
03/04/2005,LEX,KY,ASO,CE,Combined TRACON& Tower with Radar,23,74,57,0,154,0,0,24,2,26,23,74,81,2,180,10,0,10,190
03/05/2005,LEX,KY,ASO,CE,Combined TRACON& Tower with Radar,19,54,36,0,109,0,0,13,0,13,19,54,49,0,122,9,0,9,131
03/06/2005,LEX,KY,ASO,CE,Combined TRACON& Tower with Radar,19,68,64,1,152,0,2,80,5,87,19,70,144,6,239,31,0,31,270
03/07/2005,LEX,KY,ASO,CE,Combined TRACON& Tower with Radar,16,78,53,4,151,0,2,14,0,16,16,80,67,4,167,3,2,5,172
03/08/2005,LEX,KY,ASO,CE,Combined TRACON& Tower with Radar,23,81,33,0,137,0,0,13,2,15,23,81,46,2,152,5,0,5,157
03/09/2005,LEX,KY,ASO,CE,Combined TRACON& Tower with Radar,18,85,68,0,171,0,0,63,0,63,18,85,131,0,234,0,0,0,234
03/10/2005,LEX,KY,ASO,CE,Combined TRACON& Tower with Radar,19,79,67,0,165,0,0,62,0,62,19,79,129,0,227,6,0,6,233
03/11/2005,LEX,KY,ASO,CE,Combined TRACON& Tower with Radar,16,74,44,0,134,0,0,0,0,0,16,74,44,0,134,18,0,18,152
03/12/2005,LEX,KY,ASO,CE,Combined TRACON& Tower with Radar,17,50,31,0,98,0,2,26,1,29,17,52,57,1,127,0,2,2,129
03/13/2005,LEX,KY,ASO,CE,Combined TRACON& Tower with Radar,16,61,54,0,131,0,0,30,2,32,16,61,84,2,163,5,0,5,168
03/14/2005,LEX,KY,ASO,CE,Combined TRACON& Tower with Radar,24,81,58,0,163,0,1,61,0,62,24,82,119,0,225,44,0,44,269
03/15/2005,LEX,KY,ASO,CE,Combined TRACON& Tower with Radar,20,70,11,0,101,0,0,0,0,0,20,70,11,0,101,3,0,3,104
03/16/2005,LEX,KY,ASO,CE,Combined TRACON& Tower with Radar,18,76,42,5,141,0,0,32,0,32,18,76,74,5,173,16,0,16,189
03/17/2005,LEX,KY,ASO,CE,Combined TRACON& Tower with Radar,20,77,66,6,169,0,0,69,0,69,20,77,135,6,238,0,2,2,240
03/18/2005,LEX,KY,ASO,CE,Combined TRACON& Tower with Radar,18,72,73,1,164,0,0,92,0,92,18,72,165,1,256,42,0,42,298
03/19/2005,LEX,KY,ASO,CE,Combined TRACON& Tower with Radar,18,58,44,0,120,0,2,19,0,21,18,60,63,0,141,18,0,18,159
03/20/2005,LEX,KY,ASO,CE,Combined TRACON& Tower with Radar,17,67,76,0,160,0,0,64,0,64,17,67,140,0,224,24,0,24,248
03/21/2005,LEX,KY,ASO,CE,Combined TRACON& Tower with Radar,17,74,50,5,146,0,0,55,5,60,17,74,105,10,206,0,0,0,206
03/22/2005,LEX,KY,ASO,CE,Combined TRACON& Tower with Radar,15,72,54,0,141,0,2,23,0,25,15,74,77,0,166,5,0,5,171
03/23/2005,LEX,KY,ASO,CE,Combined TRACON& Tower with Radar,21,92,81,0,194,0,2,0,0,2,21,94,81,0,196,0,0,0,196
03/24/2005,LEX,KY,ASO,CE,Combined TRACON& Tower with Radar,19,90,91,0,200,0,0,9,0,9,19,90,100,0,209,12,0,12,221
03/25/2005,LEX,KY,ASO,CE,Combined TRACON& Tower with Radar,19,78,62,0,159,0,4,58,0,62,19,82,120,0,221,81,0,81,302
03/26/2005,LEX,KY,ASO,CE,Combined TRACON& Tower with Radar,19,49,34,0,102,0,0,24,0,24,19,49,58,0,126,14,0,14,140
03/27/2005,LEX,KY,ASO,CE,Combined TRACON& Tower with Radar,14,64,19,0,97,0,0,1,0,1,14,64,20,0,98,0,0,0,98
03/28/2005,LEX,KY,ASO,CE,Combined TRACON& Tower with Radar,20,80,61,3,164,0,0,3,0,3,20,80,64,3,167,0,0,0,167
03/29/2005,LEX,KY,ASO,CE,Combined TRACON& Tower with Radar,24,83,78,10,195,0,0,90,5,95,24,83,168,15,290,19,0,19,309
03/30/2005,LEX,KY,ASO,CE,Combined TRACON& Tower with Radar,16,81,72,6,175,0,2,85,2,89,16,83,157,8,264,13,7,20,284
03/31/2005,LEX,KY,ASO,CE,Combined TRACON& Tower with Radar,14,87,70,0,171,0,0,63,1,64,14,87,133,1,235,27,0,27,262
04/01/2005,LEX,KY,ASO,CE,Combined TRACON& Tower with Radar,15,75,57,0,147,0,0,16,0,16,15,75,73,0,163,2,0,2,165
04/02/2005,LEX,KY,ASO,CE,Combined TRACON& Tower with Radar,17,57,47,0,121,0,0,3,0,3,17,57,50,0,124,0,0,0,124
04/03/2005,LEX,KY,ASO,CE,Combined TRACON& Tower with Radar,20,73,57,0,150,0,0,72,0,72,20,73,129,0,222,22,0,22,244
04/04/2005,LEX,KY,ASO,CE,Combined TRACON& Tower with Radar,19,73,58,0,150,0,1,92,2,95,19,74,150,2,245,88,0,88,333
04/05/2005,LEX,KY,ASO,CE,Combined TRACON& Tower with Radar,18,84,43,2,147,0,1,82,2,85,18,85,125,4,232,48,0,48,280
04/06/2005,LEX,KY,ASO,CE,Combined TRACON& Tower with Radar,19,73,53,0,145,0,2,41,0,43,19,75,94,0,188,0,0,0,188
04/07/2005,LEX,KY,ASO,CE,Combined TRACON& Tower with Radar,24,75,38,0,137,0,0,15,0,15,24,75,53,0,152,0,0,0,152
04/08/2005,LEX,KY,ASO,CE,Combined TRACON& Tower with Radar,20,94,90,3,207,0,1,42,0,43,20,95,132,3,250,13,3,16,266
04/09/2005,LEX,KY,ASO,CE,Combined TRACON& Tower with Radar,19,63,92,0,174,0,0,121,0,121,19,63,213,0,295,32,0,32,327
04/10/2005,LEX,KY,ASO,CE,Combined TRACON& Tower with Radar,19,84,80,1,184,0,1,112,0,113,19,85,192,1,297,59,0,59,356
04/11/2005,LEX,KY,ASO,CE,Combined TRACON& Tower with Radar,18,79,52,2,151,0,0,52,1,53,18,79,104,3,204,14,0,14,218
04/12/2005,LEX,KY,ASO,CE,Combined TRACON& Tower with Radar,15,86,56,0,157,0,0,8,0,8,15,86,64,0,165,24,0,24,189
04/13/2005,LEX,KY,ASO,CE,Combined TRACON& Tower with Radar,18,88,59,7,172,0,0,4,0,4,18,88,63,7,176,0,0,0,176
04/14/2005,LEX,KY,ASO,CE,Combined TRACON& Tower with Radar,20,75,88,4,187,0,2,83,7,92,20,77,171,11,279,19,5,24,303
04/15/2005,LEX,KY,ASO,CE,Combined TRACON& Tower with Radar,18,96,105,8,227,0,2,95,0,97,18,98,200,8,324,26,0,26,350
04/16/2005,LEX,KY,ASO,CE,Combined TRACON& Tower with Radar,18,59,66,0,143,0,0,92,0,92,18,59,158,0,235,58,0,58,293
04/17/2005,LEX,KY,ASO,CE,Combined TRACON& Tower with Radar,19,78,87,0,184,0,0,125,0,125,19,78,212,0,309,0,0,0,309
04/18/2005,LEX,KY,ASO,CE,Combined TRACON& Tower with Radar,23,86,66,0,175,0,0,81,0,81,23,86,147,0,256,25,0,25,281
04/19/2005,LEX,KY,ASO,CE,Combined TRACON& Tower with Radar,16,99,66,0,181,0,0,76,0,76,16,99,142,0,257,33,0,33,290
04/20/2005,LEX,KY,ASO,CE,Combined TRACON& Tower with Radar,19,95,92,0,206,0,0,52,0,52,19,95,144,0,258,40,0,40,298
04/21/2005,LEX,KY,ASO,CE,Combined TRACON& Tower with Radar,19,92,93,0,204,0,0,28,0,28,19,92,121,0,232,15,0,15,247
04/22/2005,LEX,KY,ASO,CE,Combined TRACON& Tower with Radar,18,80,62,0,160,0,0,15,0,15,18,80,77,0,175,4,0,4,179
04/23/2005,LEX,KY,ASO,CE,Combined TRACON& Tower with Radar,22,64,25,0,111,0,0,2,0,2,22,64,27,0,113,0,0,0,113
04/24/2005,LEX,KY,ASO,CE,Combined TRACON& Tower with Radar,19,85,40,0,144,0,1,13,0,14,19,86,53,0,158,20,0,20,178
04/25/2005,LEX,KY,ASO,CE,Combined TRACON& Tower with Radar,20,84,56,1,161,0,0,85,0,85,20,84,141,1,246,28,0,28,274
04/26/2005,LEX,KY,ASO,CE,Combined TRACON& Tower with Radar,16,81,59,1,157,0,0,16,3,19,16,81,75,4,176,0,0,0,176
04/27/2005,LEX,KY,ASO,CE,Combined TRACON& Tower with Radar,19,81,93,8,201,0,0,73,3,76,19,81,166,11,277,44,0,44,321
04/28/2005,LEX,KY,ASO,CE,Combined TRACON& Tower with Radar,20,92,89,2,203,0,0,36,4,40,20,92,125,6,243,7,2,9,252
04/29/2005,LEX,KY,ASO,CE,Combined TRACON& Tower with Radar,21,100,68,3,192,0,0,2,0,2,21,100,70,3,194,0,0,0,194
04/30/2005,LEX,KY,ASO,CE,Combined TRACON& Tower with Radar,20,53,53,0,126,0,0,9,0,9,20,53,62,0,135,0,0,0,135
05/01/2005,LEX,KY,ASO,CE,Combined TRACON& Tower with Radar,20,86,81,1,188,0,0,69,0,69,20,86,150,1,257,24,0,24,281
05/02/2005,LEX,KY,ASO,CE,Combined TRACON& Tower with Radar,12,96,66,7,181,0,0,56,3,59,12,96,122,10,240,34,0,34,274
05/03/2005,LEX,KY,ASO,CE,Combined TRACON& Tower with Radar,13,95,69,0,177,0,1,59,0,60,13,96,128,0,237,16,0,16,253
05/04/2005,LEX,KY,ASO,CE,Combined TRACON& Tower with Radar,12,97,98,1,208,0,0,75,1,76,12,97,173,2,284,47,0,47,331
05/05/2005,LEX,KY,ASO,CE,Combined TRACON& Tower with Radar,13,128,133,2,276,0,0,72,0,72,13,128,205,2,348,36,0,36,384
05/06/2005,LEX,KY,ASO,CE,Combined TRACON& Tower with Radar,13,106,108,13,240,0,0,115,0,115,13,106,223,13,355,24,5,29,384
05/07/2005,LEX,KY,ASO,CE,Combined TRACON& Tower with Radar,15,87,54,6,162,0,0,62,0,62,15,87,116,6,224,6,0,6,230
05/08/2005,LEX,KY,ASO,CE,Combined TRACON& Tower with Radar,15,131,146,1,293,0,0,88,0,88,15,131,234,1,381,4,0,4,385
05/09/2005,LEX,KY,ASO,CE,Combined TRACON& Tower with Radar,12,97,68,0,177,0,0,54,0,54,12,97,122,0,231,87,0,87,318
05/10/2005,LEX,KY,ASO,CE,Combined TRACON& Tower with Radar,12,95,56,5,168,0,1,48,4,53,12,96,104,9,221,0,0,0,221
05/11/2005,LEX,KY,ASO,CE,Combined TRACON& Tower with Radar,11,82,77,4,174,0,0,65,0,65,11,82,142,4,239,34,24,58,297
05/12/2005,LEX,KY,ASO,CE,Combined TRACON& Tower with Radar,14,105,74,0,193,0,0,30,0,30,14,105,104,0,223,4,20,24,247
05/13/2005,LEX,KY,ASO,CE,Combined TRACON& Tower with Radar,17,111,89,0,217,0,1,56,0,57,17,112,145,0,274,36,0,36,310
05/14/2005,LEX,KY,ASO,CE,Combined TRACON& Tower with Radar,15,81,40,0,136,0,0,5,0,5,15,81,45,0,141,0,0,0,141
05/15/2005,LEX,KY,ASO,CE,Combined TRACON& Tower with Radar,16,103,102,0,221,0,1,70,0,71,16,104,172,0,292,0,0,0,292
05/16/2005,LEX,KY,ASO,CE,Combined TRACON& Tower with Radar,11,104,46,2,163,0,0,53,0,53,11,104,99,2,216,28,1,29,245
05/17/2005,LEX,KY,ASO,CE,Combined TRACON& Tower with Radar,12,100,71,0,183,0,0,72,1,73,12,100,143,1,256,16,0,16,272
05/18/2005,LEX,KY,ASO,CE,Combined TRACON& Tower with Radar,20,108,71,4,203,0,0,63,1,64,20,108,134,5,267,14,12,26,293
05/19/2005,LEX,KY,ASO,CE,Combined TRACON& Tower with Radar,14,106,61,0,181,0,1,27,1,29,14,107,88,1,210,2,4,6,216
05/20/2005,LEX,KY,ASO,CE,Combined TRACON& Tower with Radar,13,106,70,2,191,0,0,21,0,21,13,106,91,2,212,2,0,2,214
05/21/2005,LEX,KY,ASO,CE,Combined TRACON& Tower with Radar,16,75,73,2,166,0,0,69,2,71,16,75,142,4,237,37,0,37,274
05/22/2005,LEX,KY,ASO,CE,Combined TRACON& Tower with Radar,13,113,85,3,214,0,0,62,0,62,13,113,147,3,276,12,1,13,289
05/23/2005,LEX,KY,ASO,CE,Combined TRACON& Tower with Radar,15,93,59,4,171,0,0,44,2,46,15,93,103,6,217,19,6,25,242
05/24/2005,LEX,KY,ASO,CE,Combined TRACON& Tower with Radar,12,90,64,2,168,0,0,45,1,46,12,90,109,3,214,12,0,12,226
05/25/2005,LEX,KY,ASO,CE,Combined TRACON& Tower with Radar,12,88,78,0,178,0,0,59,0,59,12,88,137,0,237,14,0,14,251
05/26/2005,LEX,KY,ASO,CE,Combined TRACON& Tower with Radar,14,98,79,11,202,0,1,73,6,80,14,99,152,17,282,61,15,76,358
05/27/2005,LEX,KY,ASO,CE,Combined TRACON& Tower with Radar,13,94,63,1,171,0,0,77,1,78,13,94,140,2,249,16,0,16,265
05/28/2005,LEX,KY,ASO,CE,Combined TRACON& Tower with Radar,15,62,33,0,110,0,1,57,0,58,15,63,90,0,168,0,0,0,168
05/29/2005,LEX,KY,ASO,CE,Combined TRACON& Tower with Radar,17,72,36,0,125,0,1,61,0,62,17,73,97,0,187,12,0,12,199
05/30/2005,LEX,KY,ASO,CE,Combined TRACON& Tower with Radar,11,82,45,1,139,0,0,50,6,56,11,82,95,7,195,16,0,16,211
05/31/2005,LEX,KY,ASO,CE,Combined TRACON& Tower with Radar,15,83,50,0,148,0,0,66,1,67,15,83,116,1,215,32,0,32,247
06/01/2005,LEX,KY,ASO,CE,Combined TRACON& Tower with Radar,13,100,65,1,179,0,0,34,1,35,13,100,99,2,214,0,0,0,214
06/02/2005,LEX,KY,ASO,CE,Combined TRACON& Tower with Radar,14,100,71,2,187,0,1,15,1,17,14,101,86,3,204,0,0,0,204
06/03/2005,LEX,KY,ASO,CE,Combined TRACON& Tower with Radar,15,99,68,0,182,0,1,16,0,17,15,100,84,0,199,2,0,2,201
06/04/2005,LEX,KY,ASO,CE,Combined TRACON& Tower with Radar,15,72,32,0,119,0,28,52,0,80,15,100,84,0,199,2,0,2,201
06/05/2005,LEX,KY,ASO,CE,Combined TRACON& Tower with Radar,17,95,54,6,172,0,0,49,0,49,17,95,103,6,221,74,7,81,302
06/06/2005,LEX,KY,ASO,CE,Combined TRACON& Tower with Radar,14,98,47,0,159,0,0,60,1,61,14,98,107,1,220,6,0,6,226
06/07/2005,LEX,KY,ASO,CE,Combined TRACON& Tower with Radar,15,96,59,2,172,0,0,68,3,71,15,96,127,5,243,15,0,15,258
06/08/2005,LEX,KY,ASO,CE,Combined TRACON& Tower with Radar,17,116,84,5,222,0,0,62,3,65,17,116,146,8,287,6,12,18,305
06/09/2005,LEX,KY,ASO,CE,Combined TRACON& Tower with Radar,13,112,90,0,215,0,0,47,1,48,13,112,137,1,263,30,0,30,293
06/10/2005,LEX,KY,ASO,CE,Combined TRACON& Tower with Radar,22,103,76,0,201,0,0,43,3,46,22,103,119,3,247,34,0,34,281
06/11/2005,LEX,KY,ASO,CE,Combined TRACON& Tower with Radar,17,73,47,0,137,0,1,35,0,36,17,74,82,0,173,8,0,8,181
06/12/2005,LEX,KY,ASO,CE,Combined TRACON& Tower with Radar,17,99,41,0,157,0,0,21,2,23,17,99,62,2,180,2,0,2,182
06/13/2005,LEX,KY,ASO,CE,Combined TRACON& Tower with Radar,19,100,57,4,180,0,0,36,1,37,19,100,93,5,217,22,0,22,239
06/14/2005,LEX,KY,ASO,CE,Combined TRACON& Tower with Radar,16,101,74,0,191,0,0,45,0,45,16,101,119,0,236,6,0,6,242
06/15/2005,LEX,KY,ASO,CE,Combined TRACON& Tower with Radar,14,128,91,5,238,0,0,96,7,103,14,128,187,12,341,9,6,15,356
06/16/2005,LEX,KY,ASO,CE,Combined TRACON& Tower with Radar,17,116,90,0,223,0,0,71,1,72,17,116,161,1,295,21,0,21,316
06/17/2005,LEX,KY,ASO,CE,Combined TRACON& Tower with Radar,15,100,61,0,176,0,0,102,0,102,15,100,163,0,278,4,0,4,282
06/18/2005,LEX,KY,ASO,CE,Combined TRACON& Tower with Radar,14,67,50,0,131,0,0,142,0,142,14,67,192,0,273,26,0,26,299
06/19/2005,LEX,KY,ASO,CE,Combined TRACON& Tower with Radar,19,94,50,0,163,0,0,105,0,105,19,94,155,0,268,12,0,12,280
06/20/2005,LEX,KY,ASO,CE,Combined TRACON& Tower with Radar,19,100,55,5,179,0,0,70,2,72,19,100,125,7,251,0,3,3,254
06/21/2005,LEX,KY,ASO,CE,Combined TRACON& Tower with Radar,21,99,52,3,175,0,0,80,0,80,21,99,132,3,255,28,0,28,283
06/22/2005,LEX,KY,ASO,CE,Combined TRACON& Tower with Radar,16,100,69,0,185,0,0,69,0,69,16,100,138,0,254,42,0,42,296
06/23/2005,LEX,KY,ASO,CE,Combined TRACON& Tower with Radar,16,104,62,2,184,0,4,88,0,92,16,108,150,2,276,61,0,61,337
06/24/2005,LEX,KY,ASO,CE,Combined TRACON& Tower with Radar,14,119,70,0,203,0,0,89,0,89,14,119,159,0,292,49,0,49,341
06/25/2005,LEX,KY,ASO,CE,Combined TRACON& Tower with Radar,22,77,58,0,157,0,0,86,2,88,22,77,144,2,245,7,0,7,252
06/26/2005,LEX,KY,ASO,CE,Combined TRACON& Tower with Radar,13,107,68,0,188,0,0,83,0,83,13,107,151,0,271,56,0,56,327
06/27/2005,LEX,KY,ASO,CE,Combined TRACON& Tower with Radar,15,94,84,0,193,0,0,42,2,44,15,94,126,2,237,2,0,2,239
06/28/2005,LEX,KY,ASO,CE,Combined TRACON& Tower with Radar,17,99,75,4,195,0,1,52,3,56,17,100,127,7,251,2,2,4,255
06/29/2005,LEX,KY,ASO,CE,Combined TRACON& Tower with Radar,18,100,70,12,200,0,0,34,5,39,18,100,104,17,239,0,0,0,239
06/30/2005,LEX,KY,ASO,CE,Combined TRACON& Tower with Radar,18,100,89,4,211,0,0,35,2,37,18,100,124,6,248,6,0,6,254
07/01/2005,LEX,KY,ASO,CE,Combined TRACON& Tower with Radar,14,114,72,0,200,0,0,58,0,58,14,114,130,0,258,38,0,38,296
07/02/2005,LEX,KY,ASO,CE,Combined TRACON& Tower with Radar,11,70,39,0,120,0,0,78,0,78,11,70,117,0,198,4,0,4,202
07/03/2005,LEX,KY,ASO,CE,Combined TRACON& Tower with Radar,10,86,22,0,118,0,2,45,0,47,10,88,67,0,165,2,0,2,167
07/04/2005,LEX,KY,ASO,CE,Combined TRACON& Tower with Radar,12,97,29,0,138,0,0,50,4,54,12,97,79,4,192,10,0,10,202
07/05/2005,LEX,KY,ASO,CE,Combined TRACON& Tower with Radar,15,101,52,0,168,0,0,33,1,34,15,101,85,1,202,12,0,12,214
07/06/2005,LEX,KY,ASO,CE,Combined TRACON& Tower with Radar,12,107,63,0,182,0,4,61,0,65,12,111,124,0,247,0,19,19,266
07/07/2005,LEX,KY,ASO,CE,Combined TRACON& Tower with Radar,17,107,59,2,185,0,0,51,1,52,17,107,110,3,237,16,0,16,253
07/08/2005,LEX,KY,ASO,CE,Combined TRACON& Tower with Radar,12,112,55,1,180,0,0,42,0,42,12,112,97,1,222,20,0,20,242
07/09/2005,LEX,KY,ASO,CE,Combined TRACON& Tower with Radar,13,78,46,0,137,0,0,72,0,72,13,78,118,0,209,4,0,4,213
07/10/2005,LEX,KY,ASO,CE,Combined TRACON& Tower with Radar,11,98,43,0,152,0,1,66,0,67,11,99,109,0,219,0,0,0,219
07/11/2005,LEX,KY,ASO,CE,Combined TRACON& Tower with Radar,14,100,38,5,157,0,0,43,1,44,14,100,81,6,201,12,0,12,213
07/12/2005,LEX,KY,ASO,CE,Combined TRACON& Tower with Radar,12,97,63,2,174,0,0,25,1,26,12,97,88,3,200,1,0,1,201
07/13/2005,LEX,KY,ASO,CE,Combined TRACON& Tower with Radar,13,101,84,7,205,0,0,0,1,1,13,101,84,8,206,2,0,2,208
07/14/2005,LEX,KY,ASO,CE,Combined TRACON& Tower with Radar,16,104,76,0,196,0,0,8,1,9,16,104,84,1,205,0,0,0,205
07/15/2005,LEX,KY,ASO,CE,Combined TRACON& Tower with Radar,15,110,63,0,188,0,1,30,0,31,15,111,93,0,219,12,0,12,231
07/16/2005,LEX,KY,ASO,CE,Combined TRACON& Tower with Radar,12,93,50,0,155,0,1,11,0,12,12,94,61,0,167,1,0,1,168
07/17/2005,LEX,KY,ASO,CE,Combined TRACON& Tower with Radar,14,101,67,0,182,0,1,21,0,22,14,102,88,0,204,16,0,16,220
07/18/2005,LEX,KY,ASO,CE,Combined TRACON& Tower with Radar,15,104,58,0,177,0,0,34,0,34,15,104,92,0,211,28,0,28,239
07/19/2005,LEX,KY,ASO,CE,Combined TRACON& Tower with Radar,14,117,76,0,207,0,0,44,0,44,14,117,120,0,251,12,0,12,263
07/20/2005,LEX,KY,ASO,CE,Combined TRACON& Tower with Radar,17,111,93,4,225,0,0,27,2,29,17,111,120,6,254,8,2,10,264
07/21/2005,LEX,KY,ASO,CE,Combined TRACON& Tower with Radar,14,109,70,0,193,0,0,65,2,67,14,109,135,2,260,7,0,7,267
07/22/2005,LEX,KY,ASO,CE,Combined TRACON& Tower with Radar,10,109,60,0,179,0,0,40,2,42,10,109,100,2,221,6,0,6,227
07/23/2005,LEX,KY,ASO,CE,Combined TRACON& Tower with Radar,15,85,42,0,142,0,0,69,0,69,15,85,111,0,211,18,0,18,229
07/24/2005,LEX,KY,ASO,CE,Combined TRACON& Tower with Radar,16,103,38,0,157,0,0,51,0,51,16,103,89,0,208,33,0,33,241
07/25/2005,LEX,KY,ASO,CE,Combined TRACON& Tower with Radar,15,95,59,8,177,0,0,53,1,54,15,95,112,9,231,22,32,54,285
07/26/2005,LEX,KY,ASO,CE,Combined TRACON& Tower with Radar,13,95,48,7,163,0,0,43,1,44,13,95,91,8,207,11,42,53,260
07/27/2005,LEX,KY,ASO,CE,Combined TRACON& Tower with Radar,13,100,81,0,194,0,0,27,0,27,13,100,108,0,221,16,0,16,237
07/28/2005,LEX,KY,ASO,CE,Combined TRACON& Tower with Radar,15,130,87,0,232,0,2,47,0,49,15,132,134,0,281,28,0,28,309
07/29/2005,LEX,KY,ASO,CE,Combined TRACON& Tower with Radar,10,115,70,2,197,0,0,72,1,73,10,115,142,3,270,6,1,7,277
07/30/2005,LEX,KY,ASO,CE,Combined TRACON& Tower with Radar,13,75,44,0,132,0,0,94,0,94,13,75,138,0,226,4,26,30,256
07/31/2005,LEX,KY,ASO,CE,Combined TRACON& Tower with Radar,12,118,82,0,212,0,0,68,0,68,12,118,150,0,280,18,0,18,298
08/01/2005,LEX,KY,ASO,CE,Combined TRACON& Tower with Radar,14,112,54,2,182,0,0,61,2,63,14,112,115,4,245,8,0,8,253
08/02/2005,LEX,KY,ASO,CE,Combined TRACON& Tower with Radar,15,101,58,0,174,0,2,66,1,69,15,103,124,1,243,18,0,18,261
08/03/2005,LEX,KY,ASO,CE,Combined TRACON& Tower with Radar,10,110,82,2,204,0,0,69,0,69,10,110,151,2,273,11,0,11,284
08/04/2005,LEX,KY,ASO,CE,Combined TRACON& Tower with Radar,13,106,80,0,199,0,1,46,0,47,13,107,126,0,246,21,0,21,267
08/05/2005,LEX,KY,ASO,CE,Combined TRACON& Tower with Radar,14,106,60,2,182,0,1,33,0,34,14,107,93,2,216,0,0,0,216
08/06/2005,LEX,KY,ASO,CE,Combined TRACON& Tower with Radar,11,86,43,10,150,0,0,77,0,77,11,86,120,10,227,0,0,0,227
08/07/2005,LEX,KY,ASO,CE,Combined TRACON& Tower with Radar,14,93,47,5,159,0,4,43,0,47,14,97,90,5,206,0,0,0,206
08/08/2005,LEX,KY,ASO,CE,Combined TRACON& Tower with Radar,14,100,39,3,156,0,0,41,1,42,14,100,80,4,198,0,0,0,198
08/09/2005,LEX,KY,ASO,CE,Combined TRACON& Tower with Radar,14,101,42,2,159,0,0,51,0,51,14,101,93,2,210,38,0,38,248
08/10/2005,LEX,KY,ASO,CE,Combined TRACON& Tower with Radar,11,112,56,0,179,0,0,51,0,51,11,112,107,0,230,0,0,0,230
08/11/2005,LEX,KY,ASO,CE,Combined TRACON& Tower with Radar,18,103,58,7,186,0,1,52,0,53,18,104,110,7,239,12,0,12,251
08/12/2005,LEX,KY,ASO,CE,Combined TRACON& Tower with Radar,16,114,54,0,184,0,3,58,0,61,16,117,112,0,245,23,0,23,268
08/13/2005,LEX,KY,ASO,CE,Combined TRACON& Tower with Radar,11,100,45,3,159,0,1,43,0,44,11,101,88,3,203,76,1,77,280
08/14/2005,LEX,KY,ASO,CE,Combined TRACON& Tower with Radar,15,100,34,1,150,0,3,64,0,67,15,103,98,1,217,8,0,8,225
08/15/2005,LEX,KY,ASO,CE,Combined TRACON& Tower with Radar,14,101,46,2,163,0,0,36,1,37,14,101,82,3,200,12,0,12,212
08/16/2005,LEX,KY,ASO,CE,Combined TRACON& Tower with Radar,12,100,53,3,168,0,0,13,0,13,12,100,66,3,181,0,12,12,193
08/17/2005,LEX,KY,ASO,CE,Combined TRACON& Tower with Radar,15,109,86,0,210,0,0,36,0,36,15,109,122,0,246,6,0,6,252
08/18/2005,LEX,KY,ASO,CE,Combined TRACON& Tower with Radar,15,105,72,1,193,0,0,18,1,19,15,105,90,2,212,2,0,2,214
08/19/2005,LEX,KY,ASO,CE,Combined TRACON& Tower with Radar,11,100,60,1,172,0,0,44,0,44,11,100,104,1,216,0,0,0,216
08/20/2005,LEX,KY,ASO,CE,Combined TRACON& Tower with Radar,11,80,29,0,120,0,0,50,0,50,11,80,79,0,170,28,0,28,198
08/21/2005,LEX,KY,ASO,CE,Combined TRACON& Tower with Radar,10,93,49,0,152,0,6,83,0,89,10,99,132,0,241,31,0,31,272
08/22/2005,LEX,KY,ASO,CE,Combined TRACON& Tower with Radar,9,100,60,2,171,0,1,72,0,73,9,101,132,2,244,14,0,14,258
08/23/2005,LEX,KY,ASO,CE,Combined TRACON& Tower with Radar,9,101,63,4,177,0,0,61,0,61,9,101,124,4,238,23,12,35,273
08/24/2005,LEX,KY,ASO,CE,Combined TRACON& Tower with Radar,9,109,63,0,181,0,0,74,0,74,9,109,137,0,255,4,0,4,259
08/25/2005,LEX,KY,ASO,CE,Combined TRACON& Tower with Radar,12,117,61,0,190,0,0,70,0,70,12,117,131,0,260,28,0,28,288
08/26/2005,LEX,KY,ASO,CE,Combined TRACON& Tower with Radar,10,106,58,0,174,0,1,7,0,8,10,107,65,0,182,7,0,7,189
08/27/2005,LEX,KY,ASO,CE,Combined TRACON& Tower with Radar,11,85,50,0,146,0,1,9,0,10,11,86,59,0,156,8,0,8,164
08/28/2005,LEX,KY,ASO,CE,Combined TRACON& Tower with Radar,10,99,48,0,157,0,0,14,0,14,10,99,62,0,171,24,0,24,195
08/29/2005,LEX,KY,ASO,CE,Combined TRACON& Tower with Radar,11,105,42,8,166,0,0,4,0,4,11,105,46,8,170,24,6,30,200
08/30/2005,LEX,KY,ASO,CE,Combined TRACON& Tower with Radar,16,104,17,2,139,0,0,0,0,0,16,104,17,2,139,2,0,2,141
08/31/2005,LEX,KY,ASO,CE,Combined TRACON& Tower with Radar,11,94,36,0,141,0,0,32,2,34,11,94,68,2,175,0,0,0,175
09/01/2005,LEX,KY,ASO,CE,Combined TRACON& Tower with Radar,9,95,83,1,188,0,1,77,0,78,9,96,160,1,266,21,0,21,287
09/02/2005,LEX,KY,ASO,CE,Combined TRACON& Tower with Radar,10,100,60,1,171,0,0,85,0,85,10,100,145,1,256,8,0,8,264
09/03/2005,LEX,KY,ASO,CE,Combined TRACON& Tower with Radar,9,68,25,0,102,0,0,78,2,80,9,68,103,2,182,50,0,50,232
09/04/2005,LEX,KY,ASO,CE,Combined TRACON& Tower with Radar,9,74,32,0,115,0,0,84,0,84,9,74,116,0,199,17,0,17,216
09/05/2005,LEX,KY,ASO,CE,Combined TRACON& Tower with Radar,10,90,43,1,144,0,0,82,0,82,10,90,125,1,226,24,0,24,250
09/06/2005,LEX,KY,ASO,CE,Combined TRACON& Tower with Radar,10,95,44,0,149,0,0,43,0,43,10,95,87,0,192,8,0,8,200
09/07/2005,LEX,KY,ASO,CE,Combined TRACON& Tower with Radar,10,103,76,8,197,0,2,47,8,57,10,105,123,16,254,67,0,67,321
09/08/2005,LEX,KY,ASO,CE,Combined TRACON& Tower with Radar,9,96,61,0,166,0,0,60,0,60,9,96,121,0,226,21,0,21,247
09/09/2005,LEX,KY,ASO,CE,Combined TRACON& Tower with Radar,11,98,85,1,195,0,0,41,1,42,11,98,126,2,237,12,0,12,249
09/10/2005,LEX,KY,ASO,CE,Combined TRACON& Tower with Radar,12,101,65,3,181,0,0,85,3,88,12,101,150,6,269,30,18,48,317
09/11/2005,LEX,KY,ASO,CE,Combined TRACON& Tower with Radar,10,114,64,2,190,0,0,65,1,66,10,114,129,3,256,10,0,10,266
09/12/2005,LEX,KY,ASO,CE,Combined TRACON& Tower with Radar,13,118,76,2,209,0,0,50,1,51,13,118,126,3,260,28,0,28,288
09/13/2005,LEX,KY,ASO,CE,Combined TRACON& Tower with Radar,13,137,80,0,230,0,2,55,3,60,13,139,135,3,290,19,0,19,309
09/14/2005,LEX,KY,ASO,CE,Combined TRACON& Tower with Radar,12,116,95,0,223,0,0,35,2,37,12,116,130,2,260,24,0,24,284
09/15/2005,LEX,KY,ASO,CE,Combined TRACON& Tower with Radar,12,146,104,0,262,0,1,32,0,33,12,147,136,0,295,8,0,8,303
09/16/2005,LEX,KY,ASO,CE,Combined TRACON& Tower with Radar,12,111,105,0,228,0,1,26,0,27,12,112,131,0,255,14,0,14,269
09/17/2005,LEX,KY,ASO,CE,Combined TRACON& Tower with Radar,10,94,71,2,177,0,0,25,3,28,10,94,96,5,205,2,0,2,207
09/18/2005,LEX,KY,ASO,CE,Combined TRACON& Tower with Radar,11,115,64,0,190,0,0,79,0,79,11,115,143,0,269,29,0,29,298
09/19/2005,LEX,KY,ASO,CE,Combined TRACON& Tower with Radar,12,100,89,0,201,0,1,64,0,65,12,101,153,0,266,8,0,8,274
09/20/2005,LEX,KY,ASO,CE,Combined TRACON& Tower with Radar,10,105,51,2,168,0,0,22,0,22,10,105,73,2,190,1,0,1,191
09/21/2005,LEX,KY,ASO,CE,Combined TRACON& Tower with Radar,12,107,84,0,203,0,0,78,0,78,12,107,162,0,281,10,0,10,291
09/22/2005,LEX,KY,ASO,CE,Combined TRACON& Tower with Radar,9,121,78,10,218,0,0,65,2,67,9,121,143,12,285,54,0,54,339
09/23/2005,LEX,KY,ASO,CE,Combined TRACON& Tower with Radar,11,116,104,2,233,0,0,48,1,49,11,116,152,3,282,5,0,5,287
09/24/2005,LEX,KY,ASO,CE,Combined TRACON& Tower with Radar,11,77,55,1,144,0,0,71,0,71,11,77,126,1,215,3,0,3,218
09/25/2005,LEX,KY,ASO,CE,Combined TRACON& Tower with Radar,12,92,67,1,172,0,0,24,0,24,12,92,91,1,196,15,0,15,211
09/26/2005,LEX,KY,ASO,CE,Combined TRACON& Tower with Radar,13,105,67,0,185,0,0,7,0,7,13,105,74,0,192,0,0,0,192
09/27/2005,LEX,KY,ASO,CE,Combined TRACON& Tower with Radar,11,98,78,4,191,0,0,45,0,45,11,98,123,4,236,66,0,66,302
09/28/2005,LEX,KY,ASO,CE,Combined TRACON& Tower with Radar,13,101,58,2,174,0,0,56,0,56,13,101,114,2,230,28,0,28,258
09/29/2005,LEX,KY,ASO,CE,Combined TRACON& Tower with Radar,11,117,81,1,210,0,0,57,1,58,11,117,138,2,268,2,0,2,270
09/30/2005,LEX,KY,ASO,CE,Combined TRACON& Tower with Radar,13,94,84,2,193,0,0,90,1,91,13,94,174,3,284,14,0,14,298
10/01/2005,LEX,KY,ASO,CE,Combined TRACON& Tower with Radar,10,71,45,0,126,0,1,63,0,64,10,72,108,0,190,32,0,32,222
10/02/2005,LEX,KY,ASO,CE,Combined TRACON& Tower with Radar,11,85,61,0,157,0,0,43,0,43,11,85,104,0,200,14,0,14,214
10/03/2005,LEX,KY,ASO,CE,Combined TRACON& Tower with Radar,13,95,67,0,175,0,0,58,1,59,13,95,125,1,234,2,0,2,236
10/04/2005,LEX,KY,ASO,CE,Combined TRACON& Tower with Radar,11,96,54,0,161,0,0,62,0,62,11,96,116,0,223,26,0,26,249
10/05/2005,LEX,KY,ASO,CE,Combined TRACON& Tower with Radar,15,105,66,1,187,0,0,52,1,53,15,105,118,2,240,18,6,24,264
10/06/2005,LEX,KY,ASO,CE,Combined TRACON& Tower with Radar,5,98,54,4,161,0,1,41,0,42,5,99,95,4,203,12,8,20,223
10/07/2005,LEX,KY,ASO,CE,Combined TRACON& Tower with Radar,11,108,121,6,246,0,0,0,0,0,11,108,121,6,246,2,0,2,248
10/08/2005,LEX,KY,ASO,CE,Combined TRACON& Tower with Radar,11,74,58,0,143,0,0,29,0,29,11,74,87,0,172,28,0,28,200
10/09/2005,LEX,KY,ASO,CE,Combined TRACON& Tower with Radar,12,93,71,2,178,0,0,7,0,7,12,93,78,2,185,11,0,11,196
10/10/2005,LEX,KY,ASO,CE,Combined TRACON& Tower with Radar,11,88,78,0,177,0,0,6,0,6,11,88,84,0,183,29,0,29,212
10/11/2005,LEX,KY,ASO,CE,Combined TRACON& Tower with Radar,13,94,42,0,149,0,0,28,2,30,13,94,70,2,179,48,0,48,227
10/12/2005,LEX,KY,ASO,CE,Combined TRACON& Tower with Radar,10,113,110,6,239,0,0,28,0,28,10,113,138,6,267,11,0,11,278
10/13/2005,LEX,KY,ASO,CE,Combined TRACON& Tower with Radar,9,107,71,2,189,0,0,45,0,45,9,107,116,2,234,12,0,12,246
10/14/2005,LEX,KY,ASO,CE,Combined TRACON& Tower with Radar,10,102,81,3,196,0,0,51,0,51,10,102,132,3,247,16,0,16,263
10/15/2005,LEX,KY,ASO,CE,Combined TRACON& Tower with Radar,12,70,79,0,161,0,0,109,0,109,12,70,188,0,270,6,0,6,276
10/16/2005,LEX,KY,ASO,CE,Combined TRACON& Tower with Radar,9,88,93,0,190,0,0,100,0,100,9,88,193,0,290,38,0,38,328
10/17/2005,LEX,KY,ASO,CE,Combined TRACON& Tower with Radar,12,95,85,0,192,0,0,61,0,61,12,95,146,0,253,10,4,14,267
10/18/2005,LEX,KY,ASO,CE,Combined TRACON& Tower with Radar,11,92,80,0,183,0,2,38,0,40,11,94,118,0,223,22,0,22,245
10/19/2005,LEX,KY,ASO,CE,Combined TRACON& Tower with Radar,10,108,82,0,200,0,0,79,0,79,10,108,161,0,279,19,0,19,298
10/20/2005,LEX,KY,ASO,CE,Combined TRACON& Tower with Radar,14,147,79,6,246,0,0,60,0,60,14,147,139,6,306,0,12,12,318
10/21/2005,LEX,KY,ASO,CE,Combined TRACON& Tower with Radar,11,128,87,0,226,0,0,5,0,5,11,128,92,0,231,0,0,0,231
10/22/2005,LEX,KY,ASO,CE,Combined TRACON& Tower with Radar,11,85,58,0,154,0,0,24,0,24,11,85,82,0,178,13,0,13,191
10/23/2005,LEX,KY,ASO,CE,Combined TRACON& Tower with Radar,14,89,44,0,147,0,0,10,0,10,14,89,54,0,157,4,0,4,161
10/24/2005,LEX,KY,ASO,CE,Combined TRACON& Tower with Radar,10,94,66,0,170,0,0,4,0,4,10,94,70,0,174,6,0,6,180
10/25/2005,LEX,KY,ASO,CE,Combined TRACON& Tower with Radar,12,86,51,5,154,0,0,7,0,7,12,86,58,5,161,0,4,4,165
10/26/2005,LEX,KY,ASO,CE,Combined TRACON& Tower with Radar,11,105,71,0,187,0,0,75,0,75,11,105,146,0,262,19,0,19,281
10/27/2005,LEX,KY,ASO,CE,Combined TRACON& Tower with Radar,17,108,93,0,218,0,2,50,0,52,17,110,143,0,270,6,0,6,276
10/28/2005,LEX,KY,ASO,CE,Combined TRACON& Tower with Radar,12,99,98,2,211,0,0,79,0,79,12,99,177,2,290,33,0,33,323
10/29/2005,LEX,KY,ASO,CE,Combined TRACON& Tower with Radar,11,64,45,0,120,0,0,111,0,111,11,64,156,0,231,31,0,31,262
10/30/2005,LEX,KY,ASO,CE,Combined TRACON& Tower with Radar,9,94,52,0,155,0,2,98,0,100,9,96,150,0,255,4,0,4,259
10/31/2005,LEX,KY,ASO,CE,Combined TRACON& Tower with Radar,10,88,40,0,138,0,0,43,0,43,10,88,83,0,181,10,0,10,191
11/01/2005,LEX,KY,ASO,CE,Combined TRACON& Tower with Radar,8,87,73,0,168,0,0,15,0,15,8,87,88,0,183,2,0,2,185
11/02/2005,LEX,KY,ASO,CE,Combined TRACON& Tower with Radar,11,92,78,0,181,0,1,68,0,69,11,93,146,0,250,15,0,15,265
11/03/2005,LEX,KY,ASO,CE,Combined TRACON& Tower with Radar,8,98,83,0,189,0,0,67,0,67,8,98,150,0,256,26,0,26,282
11/04/2005,LEX,KY,ASO,CE,Combined TRACON& Tower with Radar,13,102,51,0,166,0,0,56,0,56,13,102,107,0,222,6,0,6,228
11/05/2005,LEX,KY,ASO,CE,Combined TRACON& Tower with Radar,10,74,76,0,160,0,2,40,0,42,10,76,116,0,202,26,0,26,228
11/06/2005,LEX,KY,ASO,CE,Combined TRACON& Tower with Radar,10,101,47,0,158,0,2,24,0,26,10,103,71,0,184,0,3,3,187
11/07/2005,LEX,KY,ASO,CE,Combined TRACON& Tower with Radar,10,106,68,2,186,0,0,70,0,70,10,106,138,2,256,6,0,6,262
11/08/2005,LEX,KY,ASO,CE,Combined TRACON& Tower with Radar,9,112,95,1,217,0,0,26,0,26,9,112,121,1,243,8,0,8,251
11/09/2005,LEX,KY,ASO,CE,Combined TRACON& Tower with Radar,9,100,86,0,195,0,0,22,0,22,9,100,108,0,217,0,0,0,217
11/10/2005,LEX,KY,ASO,CE,Combined TRACON& Tower with Radar,9,103,61,2,175,0,0,52,3,55,9,103,113,5,230,1,0,1,231
11/11/2005,LEX,KY,ASO,CE,Combined TRACON& Tower with Radar,8,104,76,0,188,0,0,77,0,77,8,104,153,0,265,11,0,11,276
11/12/2005,LEX,KY,ASO,CE,Combined TRACON& Tower with Radar,10,74,42,1,127,0,0,85,1,86,10,74,127,2,213,49,0,49,262
11/13/2005,LEX,KY,ASO,CE,Combined TRACON& Tower with Radar,6,82,46,1,135,0,0,11,0,11,6,82,57,1,146,24,0,24,170
11/14/2005,LEX,KY,ASO,CE,Combined TRACON& Tower with Radar,7,94,69,16,186,0,0,19,0,19,7,94,88,16,205,2,2,4,209
11/15/2005,LEX,KY,ASO,CE,Combined TRACON& Tower with Radar,11,78,27,0,116,0,0,9,0,9,11,78,36,0,125,0,0,0,125
11/16/2005,LEX,KY,ASO,CE,Combined TRACON& Tower with Radar,6,91,62,0,159,0,0,20,0,20,6,91,82,0,179,12,0,12,191
11/17/2005,LEX,KY,ASO,CE,Combined TRACON& Tower with Radar,6,94,68,4,172,0,0,66,0,66,6,94,134,4,238,4,2,6,244
11/18/2005,LEX,KY,ASO,CE,Combined TRACON& Tower with Radar,8,92,65,0,165,0,0,45,0,45,8,92,110,0,210,50,0,50,260
11/19/2005,LEX,KY,ASO,CE,Combined TRACON& Tower with Radar,9,63,59,0,131,0,0,90,0,90,9,63,149,0,221,22,0,22,243
11/20/2005,LEX,KY,ASO,CE,Combined TRACON& Tower with Radar,8,81,50,0,139,0,2,73,2,77,8,83,123,2,216,8,0,8,224
11/21/2005,LEX,KY,ASO,CE,Combined TRACON& Tower with Radar,6,93,64,0,163,0,0,40,0,40,6,93,104,0,203,14,0,14,217
11/22/2005,LEX,KY,ASO,CE,Combined TRACON& Tower with Radar,10,93,51,0,154,0,0,25,0,25,10,93,76,0,179,20,0,20,199
11/23/2005,LEX,KY,ASO,CE,Combined TRACON& Tower with Radar,12,105,59,0,176,0,0,17,0,17,12,105,76,0,193,0,0,0,193
11/24/2005,LEX,KY,ASO,CE,Combined TRACON& Tower with Radar,6,73,9,0,88,0,0,4,0,4,6,73,13,0,92,0,0,0,92
11/25/2005,LEX,KY,ASO,CE,Combined TRACON& Tower with Radar,3,82,39,0,124,0,0,49,0,49,3,82,88,0,173,7,0,7,180
11/26/2005,LEX,KY,ASO,CE,Combined TRACON& Tower with Radar,8,83,60,0,151,0,0,65,0,65,8,83,125,0,216,28,0,28,244
11/27/2005,LEX,KY,ASO,CE,Combined TRACON& Tower with Radar,7,82,69,0,158,0,0,20,0,20,7,82,89,0,178,19,0,19,197
11/28/2005,LEX,KY,ASO,CE,Combined TRACON& Tower with Radar,6,92,21,0,119,0,1,7,0,8,6,93,28,0,127,0,0,0,127
11/29/2005,LEX,KY,ASO,CE,Combined TRACON& Tower with Radar,7,93,52,0,152,0,0,34,0,34,7,93,86,0,186,1,0,1,187
11/30/2005,LEX,KY,ASO,CE,Combined TRACON& Tower with Radar,13,101,76,0,190,0,0,68,1,69,13,101,144,1,259,12,0,12,271
12/01/2005,LEX,KY,ASO,CE,Combined TRACON& Tower with Radar,9,95,42,0,146,0,0,15,0,15,9,95,57,0,161,18,0,18,179
12/02/2005,LEX,KY,ASO,CE,Combined TRACON& Tower with Radar,16,97,66,0,179,0,0,48,3,51,16,97,114,3,230,0,0,0,230
12/03/2005,LEX,KY,ASO,CE,Combined TRACON& Tower with Radar,10,67,43,0,120,0,0,17,2,19,10,67,60,2,139,3,0,3,142
12/04/2005,LEX,KY,ASO,CE,Combined TRACON& Tower with Radar,7,83,40,1,131,0,0,0,1,1,7,83,40,2,132,11,0,11,143
12/05/2005,LEX,KY,ASO,CE,Combined TRACON& Tower with Radar,9,93,53,1,156,0,0,4,0,4,9,93,57,1,160,0,0,0,160
12/06/2005,LEX,KY,ASO,CE,Combined TRACON& Tower with Radar,12,79,53,0,144,0,0,41,3,44,12,79,94,3,188,14,0,14,202
12/07/2005,LEX,KY,ASO,CE,Combined TRACON& Tower with Radar,11,95,74,0,180,0,0,75,0,75,11,95,149,0,255,19,0,19,274
12/08/2005,LEX,KY,ASO,CE,Combined TRACON& Tower with Radar,5,75,22,0,102,0,0,7,0,7,5,75,29,0,109,0,0,0,109
12/09/2005,LEX,KY,ASO,CE,Combined TRACON& Tower with Radar,11,93,52,0,156,0,0,8,0,8,11,93,60,0,164,0,4,4,168
12/10/2005,LEX,KY,ASO,CE,Combined TRACON& Tower with Radar,8,63,51,0,122,0,0,69,0,69,8,63,120,0,191,34,0,34,225
12/11/2005,LEX,KY,ASO,CE,Combined TRACON& Tower with Radar,8,72,22,0,102,0,0,5,0,5,8,72,27,0,107,16,0,16,123
12/12/2005,LEX,KY,ASO,CE,Combined TRACON& Tower with Radar,8,75,40,0,123,0,0,11,0,11,8,75,51,0,134,0,0,0,134
12/13/2005,LEX,KY,ASO,CE,Combined TRACON& Tower with Radar,9,97,88,0,194,0,1,53,0,54,9,98,141,0,248,14,0,14,262
12/14/2005,LEX,KY,ASO,CE,Combined TRACON& Tower with Radar,9,86,48,9,152,0,2,16,0,18,9,88,64,9,170,8,7,15,185
12/15/2005,LEX,KY,ASO,CE,Combined TRACON& Tower with Radar,6,77,45,0,128,0,0,2,1,3,6,77,47,1,131,0,0,0,131
12/16/2005,LEX,KY,ASO,CE,Combined TRACON& Tower with Radar,8,85,60,0,153,0,0,52,1,53,8,85,112,1,206,19,0,19,225
12/17/2005,LEX,KY,ASO,CE,Combined TRACON& Tower with Radar,11,75,38,1,125,0,0,75,0,75,11,75,113,1,200,6,3,9,209
12/18/2005,LEX,KY,ASO,CE,Combined TRACON& Tower with Radar,9,72,36,0,117,0,1,45,0,46,9,73,81,0,163,0,16,16,179
12/19/2005,LEX,KY,ASO,CE,Combined TRACON& Tower with Radar,10,88,45,2,145,0,1,43,0,44,10,89,88,2,189,0,0,0,189
12/20/2005,LEX,KY,ASO,CE,Combined TRACON& Tower with Radar,10,86,63,0,159,0,0,48,0,48,10,86,111,0,207,6,0,6,213
12/21/2005,LEX,KY,ASO,CE,Combined TRACON& Tower with Radar,11,76,57,1,145,0,2,72,2,76,11,78,129,3,221,0,1,1,222
12/22/2005,LEX,KY,ASO,CE,Combined TRACON& Tower with Radar,10,88,54,2,154,0,1,35,0,36,10,89,89,2,190,12,0,12,202
12/23/2005,LEX,KY,ASO,CE,Combined TRACON& Tower with Radar,10,89,41,3,143,0,4,53,1,58,10,93,94,4,201,4,0,4,205
12/24/2005,LEX,KY,ASO,CE,Combined TRACON& Tower with Radar,6,60,17,0,83,0,3,16,0,19,6,63,33,0,102,0,10,10,112
12/25/2005,LEX,KY,ASO,CE,Combined TRACON& Tower with Radar,6,73,12,0,91,0,0,2,0,2,6,73,14,0,93,0,0,0,93
12/26/2005,LEX,KY,ASO,CE,Combined TRACON& Tower with Radar,8,84,26,0,118,0,0,2,0,2,8,84,28,0,120,0,0,0,120
12/27/2005,LEX,KY,ASO,CE,Combined TRACON& Tower with Radar,9,101,43,1,154,0,0,58,0,58,9,101,101,1,212,16,0,16,228
12/28/2005,LEX,KY,ASO,CE,Combined TRACON& Tower with Radar,10,77,20,0,107,0,0,24,0,24,10,77,44,0,131,7,0,7,138
12/29/2005,LEX,KY,ASO,CE,Combined TRACON& Tower with Radar,12,94,18,0,124,0,0,1,0,1,12,94,19,0,125,0,0,0,125
12/30/2005,LEX,KY,ASO,CE,Combined TRACON& Tower with Radar,11,76,44,0,131,0,0,16,0,16,11,76,60,0,147,8,0,8,155
12/31/2005,LEX,KY,ASO,CE,Combined TRACON& Tower with Radar,7,62,17,0,86,0,1,32,0,33,7,63,49,0,119,10,0,10,129
01/01/2006,LEX,KY,ASO,CE,Combined TRACON& Tower with Radar,4,75,36,0,115,0,1,52,0,53,4,76,88,0,168,34,0,34,202
01/02/2006,LEX,KY,ASO,CE,Combined TRACON& Tower with Radar,9,71,33,0,113,0,1,4,0,5,9,72,37,0,118,0,0,0,118
01/03/2006,LEX,KY,ASO,CE,Combined TRACON& Tower with Radar,10,81,44,4,139,0,0,0,0,0,10,81,44,4,139,0,0,0,139
01/04/2006,LEX,KY,ASO,CE,Combined TRACON& Tower with Radar,15,86,36,0,137,0,0,42,0,42,15,86,78,0,179,18,0,18,197
01/05/2006,LEX,KY,ASO,CE,Combined TRACON& Tower with Radar,14,89,51,2,156,0,1,17,11,29,14,90,68,13,185,0,0,0,185
01/06/2006,LEX,KY,ASO,CE,Combined TRACON& Tower with Radar,13,81,34,4,132,0,0,11,0,11,13,81,45,4,143,0,2,2,145
01/07/2006,LEX,KY,ASO,CE,Combined TRACON& Tower with Radar,9,76,47,4,136,0,0,38,2,40,9,76,85,6,176,8,4,12,188
01/08/2006,LEX,KY,ASO,CE,Combined TRACON& Tower with Radar,10,83,31,6,130,0,2,36,1,39,10,85,67,7,169,0,3,3,172
01/09/2006,LEX,KY,ASO,CE,Combined TRACON& Tower with Radar,11,77,58,0,146,0,1,31,0,32,11,78,89,0,178,24,0,24,202
01/10/2006,LEX,KY,ASO,CE,Combined TRACON& Tower with Radar,9,81,55,0,145,0,2,2,0,4,9,83,57,0,149,0,0,0,149
01/11/2006,LEX,KY,ASO,CE,Combined TRACON& Tower with Radar,15,85,67,0,167,0,3,18,0,21,15,88,85,0,188,0,0,0,188
01/12/2006,LEX,KY,ASO,CE,Combined TRACON& Tower with Radar,15,83,74,2,174,0,0,77,0,77,15,83,151,2,251,14,0,14,265
01/13/2006,LEX,KY,ASO,CE,Combined TRACON& Tower with Radar,11,79,37,2,129,0,0,6,0,6,11,79,43,2,135,0,0,0,135
01/14/2006,LEX,KY,ASO,CE,Combined TRACON& Tower with Radar,9,59,21,0,89,0,2,21,0,23,9,61,42,0,112,0,0,0,112
01/15/2006,LEX,KY,ASO,CE,Combined TRACON& Tower with Radar,11,68,41,2,122,0,0,80,0,80,11,68,121,2,202,19,0,19,221
01/16/2006,LEX,KY,ASO,CE,Combined TRACON& Tower with Radar,15,76,49,0,140,0,1,29,0,30,15,77,78,0,170,10,0,10,180
01/17/2006,LEX,KY,ASO,CE,Combined TRACON& Tower with Radar,11,79,27,0,117,0,0,0,0,0,11,79,27,0,117,0,0,0,117
01/18/2006,LEX,KY,ASO,CE,Combined TRACON& Tower with Radar,14,84,52,2,152,0,1,15,1,17,14,85,67,3,169,0,0,0,169
01/19/2006,LEX,KY,ASO,CE,Combined TRACON& Tower with Radar,12,81,62,4,159,0,0,36,4,40,12,81,98,8,199,8,2,10,209
01/20/2006,LEX,KY,ASO,CE,Combined TRACON& Tower with Radar,9,88,61,0,158,0,0,54,0,54,9,88,115,0,212,47,0,47,259
01/21/2006,LEX,KY,ASO,CE,Combined TRACON& Tower with Radar,8,63,45,1,117,0,0,35,0,35,8,63,80,1,152,8,0,8,160
01/22/2006,LEX,KY,ASO,CE,Combined TRACON& Tower with Radar,9,63,38,3,113,0,1,21,0,22,9,64,59,3,135,4,2,6,141
01/23/2006,LEX,KY,ASO,CE,Combined TRACON& Tower with Radar,13,87,34,0,134,0,0,11,0,11,13,87,45,0,145,0,0,0,145
01/24/2006,LEX,KY,ASO,CE,Combined TRACON& Tower with Radar,13,92,47,0,152,0,1,39,0,40,13,93,86,0,192,4,0,4,196
01/25/2006,LEX,KY,ASO,CE,Combined TRACON& Tower with Radar,12,88,67,15,182,0,0,34,15,49,12,88,101,30,231,8,17,25,256
01/26/2006,LEX,KY,ASO,CE,Combined TRACON& Tower with Radar,11,84,65,1,161,0,2,69,2,73,11,86,134,3,234,26,0,26,260
01/27/2006,LEX,KY,ASO,CE,Combined TRACON& Tower with Radar,10,92,68,0,170,0,0,50,2,52,10,92,118,2,222,34,0,34,256
01/28/2006,LEX,KY,ASO,CE,Combined TRACON& Tower with Radar,8,64,36,0,108,0,9,60,0,69,8,73,96,0,177,18,0,18,195
01/29/2006,LEX,KY,ASO,CE,Combined TRACON& Tower with Radar,8,86,54,2,150,0,0,8,0,8,8,86,62,2,158,0,0,0,158
01/30/2006,LEX,KY,ASO,CE,Combined TRACON& Tower with Radar,10,78,42,2,132,0,0,19,1,20,10,78,61,3,152,22,0,22,174
01/31/2006,LEX,KY,ASO,CE,Combined TRACON& Tower with Radar,13,88,50,2,153,0,0,17,2,19,13,88,67,4,172,8,0,8,180
02/01/2006,LEX,KY,ASO,CE,Combined TRACON& Tower with Radar,7,87,63,2,159,0,0,55,0,55,7,87,118,2,214,15,6,21,235
02/02/2006,LEX,KY,ASO,CE,Combined TRACON& Tower with Radar,9,88,67,11,175,0,0,21,6,27,9,88,88,17,202,2,14,16,218
02/03/2006,LEX,KY,ASO,CE,Combined TRACON& Tower with Radar,11,87,67,6,171,0,0,22,0,22,11,87,89,6,193,6,12,18,211
02/04/2006,LEX,KY,ASO,CE,Combined TRACON& Tower with Radar,8,63,13,2,86,0,2,0,0,2,8,65,13,2,88,0,0,0,88
02/05/2006,LEX,KY,ASO,CE,Combined TRACON& Tower with Radar,12,72,33,0,117,0,1,14,0,15,12,73,47,0,132,0,0,0,132
02/06/2006,LEX,KY,ASO,CE,Combined TRACON& Tower with Radar,5,94,62,1,162,0,2,38,1,41,5,96,100,2,203,14,0,14,217
02/07/2006,LEX,KY,ASO,CE,Combined TRACON& Tower with Radar,20,91,54,6,171,0,0,55,15,70,20,91,109,21,241,6,0,6,247
02/08/2006,LEX,KY,ASO,CE,Combined TRACON& Tower with Radar,7,83,78,4,172,0,4,26,15,45,7,87,104,19,217,5,1,6,223
02/09/2006,LEX,KY,ASO,CE,Combined TRACON& Tower with Radar,14,83,77,4,178,0,0,35,0,35,14,83,112,4,213,1,7,8,221
02/10/2006,LEX,KY,ASO,CE,Combined TRACON& Tower with Radar,8,101,60,2,171,0,0,26,0,26,8,101,86,2,197,12,0,12,209
02/11/2006,LEX,KY,ASO,CE,Combined TRACON& Tower with Radar,8,67,19,2,96,0,0,0,0,0,8,67,19,2,96,0,0,0,96
02/12/2006,LEX,KY,ASO,CE,Combined TRACON& Tower with Radar,8,84,32,0,124,0,0,6,0,6,8,84,38,0,130,0,0,0,130
02/13/2006,LEX,KY,ASO,CE,Combined TRACON& Tower with Radar,9,82,42,14,147,0,0,28,6,34,9,82,70,20,181,7,0,7,188
02/14/2006,LEX,KY,ASO,CE,Combined TRACON& Tower with Radar,10,77,40,0,127,0,1,36,1,38,10,78,76,1,165,8,0,8,173
02/15/2006,LEX,KY,ASO,CE,Combined TRACON& Tower with Radar,8,82,79,4,173,0,0,48,1,49,8,82,127,5,222,4,0,4,226
02/16/2006,LEX,KY,ASO,CE,Combined TRACON& Tower with Radar,6,87,48,0,141,0,0,27,4,31,6,87,75,4,172,1,0,1,173
02/17/2006,LEX,KY,ASO,CE,Combined TRACON& Tower with Radar,11,99,79,1,190,0,0,28,1,29,11,99,107,2,219,40,0,40,259
02/18/2006,LEX,KY,ASO,CE,Combined TRACON& Tower with Radar,9,62,32,0,103,0,0,0,0,0,9,62,32,0,103,12,0,12,115
02/19/2006,LEX,KY,ASO,CE,Combined TRACON& Tower with Radar,8,76,58,0,142,0,3,58,0,61,8,79,116,0,203,33,0,33,236
02/20/2006,LEX,KY,ASO,CE,Combined TRACON& Tower with Radar,6,83,52,0,141,0,2,23,2,27,6,85,75,2,168,16,0,16,184
02/21/2006,LEX,KY,ASO,CE,Combined TRACON& Tower with Radar,6,80,78,1,165,0,3,40,0,43,6,83,118,1,208,8,0,8,216
02/22/2006,LEX,KY,ASO,CE,Combined TRACON& Tower with Radar,4,107,50,4,165,0,0,4,0,4,4,107,54,4,169,2,0,2,171
02/23/2006,LEX,KY,ASO,CE,Combined TRACON& Tower with Radar,6,100,62,5,173,0,0,46,2,48,6,100,108,7,221,29,4,33,254
02/24/2006,LEX,KY,ASO,CE,Combined TRACON& Tower with Radar,12,87,68,5,172,0,0,76,1,77,12,87,144,6,249,44,0,44,293
02/25/2006,LEX,KY,ASO,CE,Combined TRACON& Tower with Radar,10,68,28,0,106,0,0,52,0,52,10,68,80,0,158,22,0,22,180
02/26/2006,LEX,KY,ASO,CE,Combined TRACON& Tower with Radar,13,72,63,0,148,0,0,87,0,87,13,72,150,0,235,26,0,26,261
02/27/2006,LEX,KY,ASO,CE,Combined TRACON& Tower with Radar,18,94,40,1,153,0,2,44,1,47,18,96,84,2,200,26,0,26,226
02/28/2006,LEX,KY,ASO,CE,Combined TRACON& Tower with Radar,9,93,47,1,150,0,2,61,0,63,9,95,108,1,213,8,23,31,244
03/01/2006,LEX,KY,ASO,CE,Combined TRACON& Tower with Radar,11,87,65,4,167,0,0,36,0,36,11,87,101,4,203,43,15,58,261
03/02/2006,LEX,KY,ASO,CE,Combined TRACON& Tower with Radar,6,91,40,0,137,0,0,22,0,22,6,91,62,0,159,7,0,7,166
03/03/2006,LEX,KY,ASO,CE,Combined TRACON& Tower with Radar,8,87,76,1,172,0,2,40,2,44,8,89,116,3,216,24,0,24,240
03/04/2006,LEX,KY,ASO,CE,Combined TRACON& Tower with Radar,6,69,39,2,116,0,0,89,0,89,6,69,128,2,205,32,0,32,237
03/05/2006,LEX,KY,ASO,CE,Combined TRACON& Tower with Radar,10,83,59,0,152,0,0,63,0,63,10,83,122,0,215,19,0,19,234
03/06/2006,LEX,KY,ASO,CE,Combined TRACON& Tower with Radar,6,93,36,0,135,0,1,1,0,2,6,94,37,0,137,0,0,0,137
03/07/2006,LEX,KY,ASO,CE,Combined TRACON& Tower with Radar,7,79,70,9,165,0,0,75,3,78,7,79,145,12,243,7,8,15,258
03/08/2006,LEX,KY,ASO,CE,Combined TRACON& Tower with Radar,7,91,76,3,177,0,0,30,0,30,7,91,106,3,207,0,8,8,215
03/09/2006,LEX,KY,ASO,CE,Combined TRACON& Tower with Radar,8,89,57,0,154,0,2,17,1,20,8,91,74,1,174,3,0,3,177
03/10/2006,LEX,KY,ASO,CE,Combined TRACON& Tower with Radar,7,100,58,9,174,0,0,58,1,59,7,100,116,10,233,8,11,19,252
03/11/2006,LEX,KY,ASO,CE,Combined TRACON& Tower with Radar,5,70,36,1,112,0,3,14,0,17,5,73,50,1,129,0,0,0,129
03/12/2006,LEX,KY,ASO,CE,Combined TRACON& Tower with Radar,8,85,26,1,120,0,0,8,0,8,8,85,34,1,128,0,0,0,128
03/13/2006,LEX,KY,ASO,CE,Combined TRACON& Tower with Radar,8,91,35,0,134,0,2,10,0,12,8,93,45,0,146,0,0,0,146
03/14/2006,LEX,KY,ASO,CE,Combined TRACON& Tower with Radar,9,88,56,3,156,0,0,41,1,42,9,88,97,4,198,0,1,1,199
03/15/2006,LEX,KY,ASO,CE,Combined TRACON& Tower with Radar,9,92,83,9,193,0,0,77,0,77,9,92,160,9,270,19,8,27,297
03/16/2006,LEX,KY,ASO,CE,Combined TRACON& Tower with Radar,7,92,49,5,153,0,1,48,5,54,7,93,97,10,207,0,0,0,207
03/17/2006,LEX,KY,ASO,CE,Combined TRACON& Tower with Radar,7,89,68,3,167,0,2,42,0,44,7,91,110,3,211,6,5,11,222
03/18/2006,LEX,KY,ASO,CE,Combined TRACON& Tower with Radar,6,64,37,0,107,0,2,59,0,61,6,66,96,0,168,10,0,10,178
03/19/2006,LEX,KY,ASO,CE,Combined TRACON& Tower with Radar,9,83,51,4,147,0,3,74,1,78,9,86,125,5,225,0,0,0,225
03/20/2006,LEX,KY,ASO,CE,Combined TRACON& Tower with Radar,12,91,42,8,153,0,0,23,3,26,12,91,65,11,179,0,22,22,201
03/21/2006,LEX,KY,ASO,CE,Combined TRACON& Tower with Radar,8,87,26,0,121,0,0,0,0,0,8,87,26,0,121,0,0,0,121
03/22/2006,LEX,KY,ASO,CE,Combined TRACON& Tower with Radar,8,97,60,7,172,0,1,65,11,77,8,98,125,18,249,40,10,50,299
03/23/2006,LEX,KY,ASO,CE,Combined TRACON& Tower with Radar,7,93,57,0,157,0,1,47,0,48,7,94,104,0,205,5,0,5,210
03/24/2006,LEX,KY,ASO,CE,Combined TRACON& Tower with Radar,9,96,56,14,175,0,0,9,1,10,9,96,65,15,185,8,25,33,218
03/25/2006,LEX,KY,ASO,CE,Combined TRACON& Tower with Radar,8,71,20,2,101,0,0,9,4,13,8,71,29,6,114,0,0,0,114
03/26/2006,LEX,KY,ASO,CE,Combined TRACON& Tower with Radar,7,76,51,0,134,0,0,48,0,48,7,76,99,0,182,19,0,19,201
03/27/2006,LEX,KY,ASO,CE,Combined TRACON& Tower with Radar,8,89,61,2,160,0,0,42,1,43,8,89,103,3,203,6,4,10,213
03/28/2006,LEX,KY,ASO,CE,Combined TRACON& Tower with Radar,6,91,52,7,156,0,2,23,3,28,6,93,75,10,184,0,6,6,190
03/29/2006,LEX,KY,ASO,CE,Combined TRACON& Tower with Radar,6,93,74,0,173,0,0,51,0,51,6,93,125,0,224,29,0,29,253
03/30/2006,LEX,KY,ASO,CE,Combined TRACON& Tower with Radar,7,102,54,0,163,0,0,66,0,66,7,102,120,0,229,36,0,36,265
03/31/2006,LEX,KY,ASO,CE,Combined TRACON& Tower with Radar,12,97,74,0,183,0,0,8,0,8,12,97,82,0,191,0,0,0,191
04/01/2006,LEX,KY,ASO,CE,Combined TRACON& Tower with Radar,11,65,56,0,132,0,1,82,138,221,11,66,138,138,353,13,0,13,366
04/02/2006,LEX,KY,ASO,CE,Combined TRACON& Tower with Radar,8,77,38,0,123,0,0,31,0,31,8,77,69,0,154,17,0,17,171
04/03/2006,LEX,KY,ASO,CE,Combined TRACON& Tower with Radar,14,88,37,0,139,0,0,14,0,14,14,88,51,0,153,1,0,1,154
04/04/2006,LEX,KY,ASO,CE,Combined TRACON& Tower with Radar,7,84,52,5,148,0,0,38,2,40,7,84,90,7,188,0,0,0,188
04/05/2006,LEX,KY,ASO,CE,Combined TRACON& Tower with Radar,6,90,56,0,152,0,0,75,1,76,6,90,131,1,228,15,0,15,243
04/06/2006,LEX,KY,ASO,CE,Combined TRACON& Tower with Radar,8,105,49,3,165,0,0,20,2,22,8,105,69,5,187,8,0,8,195
04/07/2006,LEX,KY,ASO,CE,Combined TRACON& Tower with Radar,15,102,55,3,175,0,0,23,1,24,15,102,78,4,199,7,0,7,206
04/08/2006,LEX,KY,ASO,CE,Combined TRACON& Tower with Radar,6,81,57,0,144,0,0,26,1,27,6,81,83,1,171,12,0,12,183
04/09/2006,LEX,KY,ASO,CE,Combined TRACON& Tower with Radar,10,87,75,2,174,0,0,96,0,96,10,87,171,2,270,10,0,10,280
04/10/2006,LEX,KY,ASO,CE,Combined TRACON& Tower with Radar,9,88,47,9,153,0,0,66,10,76,9,88,113,19,229,0,0,0,229
04/11/2006,LEX,KY,ASO,CE,Combined TRACON& Tower with Radar,8,95,64,4,171,0,0,71,3,74,8,95,135,7,245,5,0,5,250
04/12/2006,LEX,KY,ASO,CE,Combined TRACON& Tower with Radar,6,103,76,0,185,0,1,41,1,43,6,104,117,1,228,2,0,2,230
04/13/2006,LEX,KY,ASO,CE,Combined TRACON& Tower with Radar,6,101,84,0,191,0,0,98,1,99,6,101,182,1,290,8,0,8,298
04/14/2006,LEX,KY,ASO,CE,Combined TRACON& Tower with Radar,6,104,81,9,200,0,2,60,1,63,6,106,141,10,263,2,14,16,279
04/15/2006,LEX,KY,ASO,CE,Combined TRACON& Tower with Radar,5,73,61,0,139,0,3,56,0,59,5,76,117,0,198,4,0,4,202
04/16/2006,LEX,KY,ASO,CE,Combined TRACON& Tower with Radar,9,84,36,0,129,0,4,27,4,35,9,88,63,4,164,30,0,30,194
04/17/2006,LEX,KY,ASO,CE,Combined TRACON& Tower with Radar,9,112,74,0,195,0,0,22,0,22,9,112,96,0,217,12,0,12,229
04/18/2006,LEX,KY,ASO,CE,Combined TRACON& Tower with Radar,7,116,62,0,185,0,0,87,0,87,7,116,149,0,272,5,6,11,283
04/19/2006,LEX,KY,ASO,CE,Combined TRACON& Tower with Radar,8,111,86,0,205,0,1,57,0,58,8,112,143,0,263,0,0,0,263
04/20/2006,LEX,KY,ASO,CE,Combined TRACON& Tower with Radar,6,103,76,4,189,0,0,29,0,29,6,103,105,4,218,4,0,4,222
04/21/2006,LEX,KY,ASO,CE,Combined TRACON& Tower with Radar,6,104,77,0,187,0,0,2,0,2,6,104,79,0,189,0,0,0,189
04/22/2006,LEX,KY,ASO,CE,Combined TRACON& Tower with Radar,6,65,87,0,158,0,2,66,0,68,6,67,153,0,226,19,0,19,245
04/23/2006,LEX,KY,ASO,CE,Combined TRACON& Tower with Radar,8,81,76,0,165,0,0,81,0,81,8,81,157,0,246,12,6,18,264
04/24/2006,LEX,KY,ASO,CE,Combined TRACON& Tower with Radar,7,92,66,2,167,0,0,49,0,49,7,92,115,2,216,11,0,11,227
04/25/2006,LEX,KY,ASO,CE,Combined TRACON& Tower with Radar,5,97,51,0,153,0,0,13,0,13,5,97,64,0,166,0,0,0,166
04/26/2006,LEX,KY,ASO,CE,Combined TRACON& Tower with Radar,8,91,95,16,210,0,0,26,0,26,8,91,121,16,236,0,22,22,258
04/27/2006,LEX,KY,ASO,CE,Combined TRACON& Tower with Radar,6,107,83,2,198,0,0,77,0,77,6,107,160,2,275,0,0,0,275
04/28/2006,LEX,KY,ASO,CE,Combined TRACON& Tower with Radar,8,90,66,2,166,0,0,85,1,86,8,90,151,3,252,13,0,13,265
04/29/2006,LEX,KY,ASO,CE,Combined TRACON& Tower with Radar,7,60,33,1,101,0,1,31,0,32,7,61,64,1,133,0,0,0,133
04/30/2006,LEX,KY,ASO,CE,Combined TRACON& Tower with Radar,7,87,63,0,157,0,1,19,0,20,7,88,82,0,177,0,0,0,177
05/01/2006,LEX,KY,ASO,CE,Combined TRACON& Tower with Radar,10,92,74,11,187,0,0,50,2,52,10,92,124,13,239,6,11,17,256
05/02/2006,LEX,KY,ASO,CE,Combined TRACON& Tower with Radar,3,95,54,0,152,0,0,26,0,26,3,95,80,0,178,8,0,8,186
05/03/2006,LEX,KY,ASO,CE,Combined TRACON& Tower with Radar,4,88,64,0,156,0,0,81,0,81,4,88,145,0,237,16,0,16,253
05/04/2006,LEX,KY,ASO,CE,Combined TRACON& Tower with Radar,8,110,92,2,212,0,0,59,0,59,8,110,151,2,271,4,2,6,277
05/05/2006,LEX,KY,ASO,CE,Combined TRACON& Tower with Radar,5,105,81,3,194,0,0,48,0,48,5,105,129,3,242,12,0,12,254
05/06/2006,LEX,KY,ASO,CE,Combined TRACON& Tower with Radar,2,85,37,0,124,0,0,68,0,68,2,85,105,0,192,0,0,0,192
05/07/2006,LEX,KY,ASO,CE,Combined TRACON& Tower with Radar,9,108,124,3,244,0,1,30,1,32,9,109,154,4,276,28,4,32,308
05/08/2006,LEX,KY,ASO,CE,Combined TRACON& Tower with Radar,2,105,91,0,198,0,3,55,0,58,2,108,146,0,256,15,0,15,271
05/09/2006,LEX,KY,ASO,CE,Combined TRACON& Tower with Radar,4,91,48,0,143,0,0,69,0,69,4,91,117,0,212,8,12,20,232
05/10/2006,LEX,KY,ASO,CE,Combined TRACON& Tower with Radar,3,109,70,11,193,0,0,6,0,6,3,109,76,11,199,0,5,5,204
05/11/2006,LEX,KY,ASO,CE,Combined TRACON& Tower with Radar,8,110,76,0,194,0,0,14,2,16,8,110,90,2,210,3,0,3,213
05/12/2006,LEX,KY,ASO,CE,Combined TRACON& Tower with Radar,15,98,82,2,197,0,0,28,0,28,15,98,110,2,225,9,0,9,234
05/13/2006,LEX,KY,ASO,CE,Combined TRACON& Tower with Radar,3,78,52,0,133,0,0,54,1,55,3,78,106,1,188,13,0,13,201
05/14/2006,LEX,KY,ASO,CE,Combined TRACON& Tower with Radar,8,88,41,0,137,0,0,14,0,14,8,88,55,0,151,20,0,20,171
05/15/2006,LEX,KY,ASO,CE,Combined TRACON& Tower with Radar,3,98,98,2,201,0,0,21,0,21,3,98,119,2,222,0,0,0,222
05/16/2006,LEX,KY,ASO,CE,Combined TRACON& Tower with Radar,4,87,76,5,172,0,1,32,0,33,4,88,108,5,205,13,0,13,218
05/17/2006,LEX,KY,ASO,CE,Combined TRACON& Tower with Radar,5,92,80,12,189,0,0,45,5,50,5,92,125,17,239,28,20,48,287
05/18/2006,LEX,KY,ASO,CE,Combined TRACON& Tower with Radar,4,97,95,1,197,0,0,21,0,21,4,97,116,1,218,10,0,10,228
05/19/2006,LEX,KY,ASO,CE,Combined TRACON& Tower with Radar,7,114,92,8,221,0,2,77,2,81,7,116,169,10,302,1,13,14,316
05/20/2006,LEX,KY,ASO,CE,Combined TRACON& Tower with Radar,6,76,79,0,161,0,0,123,4,127,6,76,202,4,288,18,0,18,306
05/21/2006,LEX,KY,ASO,CE,Combined TRACON& Tower with Radar,5,89,72,2,168,0,0,76,0,76,5,89,148,2,244,20,2,22,266
05/22/2006,LEX,KY,ASO,CE,Combined TRACON& Tower with Radar,5,103,68,9,185,0,1,74,3,78,5,104,142,12,263,17,0,17,280
05/23/2006,LEX,KY,ASO,CE,Combined TRACON& Tower with Radar,2,87,62,3,154,0,2,86,0,88,2,89,148,3,242,44,6,50,292
05/24/2006,LEX,KY,ASO,CE,Combined TRACON& Tower with Radar,5,103,83,1,192,0,0,105,0,105,5,103,188,1,297,95,0,95,392
05/25/2006,LEX,KY,ASO,CE,Combined TRACON& Tower with Radar,5,112,89,0,206,0,0,39,0,39,5,112,128,0,245,6,0,6,251
05/26/2006,LEX,KY,ASO,CE,Combined TRACON& Tower with Radar,5,102,75,0,182,0,0,35,0,35,5,102,110,0,217,6,0,6,223
05/27/2006,LEX,KY,ASO,CE,Combined TRACON& Tower with Radar,3,67,40,0,110,0,0,101,0,101,3,67,141,0,211,5,0,5,216
05/28/2006,LEX,KY,ASO,CE,Combined TRACON& Tower with Radar,4,68,28,0,100,0,0,68,0,68,4,68,96,0,168,25,0,25,193
05/29/2006,LEX,KY,ASO,CE,Combined TRACON& Tower with Radar,6,76,31,0,113,0,0,52,0,52,6,76,83,0,165,16,0,16,181
05/30/2006,LEX,KY,ASO,CE,Combined TRACON& Tower with Radar,5,108,64,2,179,0,0,47,0,47,5,108,111,2,226,27,0,27,253
05/31/2006,LEX,KY,ASO,CE,Combined TRACON& Tower with Radar,3,109,70,4,186,0,3,46,0,49,3,112,116,4,235,20,0,20,255
06/01/2006,LEX,KY,ASO,CE,Combined TRACON& Tower with Radar,5,100,44,4,153,0,0,32,3,35,5,100,76,7,188,15,2,17,205
06/02/2006,LEX,KY,ASO,CE,Combined TRACON& Tower with Radar,8,100,65,0,173,0,0,18,0,18,8,100,83,0,191,0,0,0,191
06/03/2006,LEX,KY,ASO,CE,Combined TRACON& Tower with Radar,4,73,48,0,125,0,1,69,1,71,4,74,117,1,196,22,0,22,218
06/04/2006,LEX,KY,ASO,CE,Combined TRACON& Tower with Radar,5,81,33,2,121,0,0,43,0,43,5,81,76,2,164,32,0,32,196
06/05/2006,LEX,KY,ASO,CE,Combined TRACON& Tower with Radar,2,98,81,9,190,0,0,68,3,71,2,98,149,12,261,38,16,54,315
06/06/2006,LEX,KY,ASO,CE,Combined TRACON& Tower with Radar,5,92,76,0,173,0,0,81,2,83,5,92,157,2,256,8,0,8,264
06/07/2006,LEX,KY,ASO,CE,Combined TRACON& Tower with Radar,4,93,63,12,172,0,0,46,0,46,4,93,109,12,218,23,2,25,243
06/08/2006,LEX,KY,ASO,CE,Combined TRACON& Tower with Radar,4,105,115,14,238,0,0,52,0,52,4,105,167,14,290,11,2,13,303
06/09/2006,LEX,KY,ASO,CE,Combined TRACON& Tower with Radar,4,106,102,8,220,0,0,69,0,69,4,106,171,8,289,40,0,40,329
06/10/2006,LEX,KY,ASO,CE,Combined TRACON& Tower with Radar,2,75,46,0,123,0,0,82,1,83,2,75,128,1,206,20,0,20,226
06/11/2006,LEX,KY,ASO,CE,Combined TRACON& Tower with Radar,3,93,77,2,175,0,0,18,0,18,3,93,95,2,193,8,0,8,201
06/12/2006,LEX,KY,ASO,CE,Combined TRACON& Tower with Radar,3,150,61,5,219,0,1,74,2,77,3,151,135,7,296,4,0,4,300
06/13/2006,LEX,KY,ASO,CE,Combined TRACON& Tower with Radar,2,105,51,4,162,0,2,85,0,87,2,107,136,4,249,23,0,23,272
06/14/2006,LEX,KY,ASO,CE,Combined TRACON& Tower with Radar,5,105,81,2,193,0,0,73,1,74,5,105,154,3,267,20,0,20,287
06/15/2006,LEX,KY,ASO,CE,Combined TRACON& Tower with Radar,4,105,71,0,180,0,2,81,2,85,4,107,152,2,265,6,0,6,271
06/16/2006,LEX,KY,ASO,CE,Combined TRACON& Tower with Radar,4,101,78,0,183,0,0,85,4,89,4,101,163,4,272,46,0,46,318
06/17/2006,LEX,KY,ASO,CE,Combined TRACON& Tower with Radar,2,76,50,2,130,0,3,60,0,63,2,79,110,2,193,6,0,6,199
06/18/2006,LEX,KY,ASO,CE,Combined TRACON& Tower with Radar,2,88,61,2,153,0,0,36,0,36,2,88,97,2,189,16,0,16,205
06/19/2006,LEX,KY,ASO,CE,Combined TRACON& Tower with Radar,1,110,56,2,169,0,0,39,2,41,1,110,95,4,210,15,4,19,229
06/20/2006,LEX,KY,ASO,CE,Combined TRACON& Tower with Radar,5,101,48,3,157,0,0,70,0,70,5,101,118,3,227,4,0,4,231
06/21/2006,LEX,KY,ASO,CE,Combined TRACON& Tower with Radar,4,99,84,1,188,0,0,76,1,77,4,99,160,2,265,11,0,11,276
06/22/2006,LEX,KY,ASO,CE,Combined TRACON& Tower with Radar,9,138,67,9,223,0,2,56,0,58,9,140,123,9,281,5,8,13,294
06/23/2006,LEX,KY,ASO,CE,Combined TRACON& Tower with Radar,4,106,73,3,186,0,0,32,0,32,4,106,105,3,218,12,0,12,230
06/24/2006,LEX,KY,ASO,CE,Combined TRACON& Tower with Radar,2,78,37,2,119,0,0,13,0,13,2,78,50,2,132,2,0,2,134
06/25/2006,LEX,KY,ASO,CE,Combined TRACON& Tower with Radar,2,90,53,0,145,0,0,39,0,39,2,90,92,0,184,10,0,10,194
06/26/2006,LEX,KY,ASO,CE,Combined TRACON& Tower with Radar,6,96,68,4,174,0,0,48,0,48,6,96,116,4,222,19,0,19,241
06/27/2006,LEX,KY,ASO,CE,Combined TRACON& Tower with Radar,1,103,51,4,159,0,0,74,4,78,1,103,125,8,237,12,0,12,249
06/28/2006,LEX,KY,ASO,CE,Combined TRACON& Tower with Radar,3,106,93,4,206,0,0,70,3,73,3,106,163,7,279,24,0,24,303
06/29/2006,LEX,KY,ASO,CE,Combined TRACON& Tower with Radar,1,103,76,7,187,0,0,80,0,80,1,103,156,7,267,18,7,25,292
06/30/2006,LEX,KY,ASO,CE,Combined TRACON& Tower with Radar,4,96,84,2,186,0,2,58,0,60,4,98,142,2,246,22,0,22,268
07/01/2006,LEX,KY,ASO,CE,Combined TRACON& Tower with Radar,2,77,39,3,121,0,0,48,0,48,2,77,87,3,169,6,0,6,175
07/02/2006,LEX,KY,ASO,CE,Combined TRACON& Tower with Radar,4,80,30,0,114,0,0,54,0,54,4,80,84,0,168,14,0,14,182
07/03/2006,LEX,KY,ASO,CE,Combined TRACON& Tower with Radar,3,85,36,2,126,0,1,50,0,51,3,86,86,2,177,8,0,8,185
07/04/2006,LEX,KY,ASO,CE,Combined TRACON& Tower with Radar,2,76,26,0,104,0,1,38,0,39,2,77,64,0,143,4,0,4,147
07/05/2006,LEX,KY,ASO,CE,Combined TRACON& Tower with Radar,2,108,48,5,163,0,0,12,4,16,2,108,60,9,179,0,4,4,183
07/06/2006,LEX,KY,ASO,CE,Combined TRACON& Tower with Radar,3,114,49,4,170,0,0,71,0,71,3,114,120,4,241,14,0,14,255
07/07/2006,LEX,KY,ASO,CE,Combined TRACON& Tower with Radar,8,91,59,2,160,0,0,84,0,84,8,91,143,2,244,22,0,22,266
07/08/2006,LEX,KY,ASO,CE,Combined TRACON& Tower with Radar,2,77,23,0,102,0,0,82,0,82,2,77,105,0,184,8,0,8,192
07/09/2006,LEX,KY,ASO,CE,Combined TRACON& Tower with Radar,3,87,53,0,143,0,0,56,0,56,3,87,109,0,199,22,0,22,221
07/10/2006,LEX,KY,ASO,CE,Combined TRACON& Tower with Radar,6,103,55,6,170,0,0,62,1,63,6,103,117,7,233,0,0,0,233
07/11/2006,LEX,KY,ASO,CE,Combined TRACON& Tower with Radar,2,93,56,2,153,0,0,19,1,20,2,93,75,3,173,4,0,4,177
07/12/2006,LEX,KY,ASO,CE,Combined TRACON& Tower with Radar,2,100,62,2,166,0,0,31,3,34,2,100,93,5,200,17,0,17,217
07/13/2006,LEX,KY,ASO,CE,Combined TRACON& Tower with Radar,5,106,70,10,191,0,0,22,2,24,5,106,92,12,215,59,2,61,276
07/14/2006,LEX,KY,ASO,CE,Combined TRACON& Tower with Radar,3,111,87,2,203,0,0,33,0,33,3,111,120,2,236,80,0,80,316
07/15/2006,LEX,KY,ASO,CE,Combined TRACON& Tower with Radar,1,81,42,0,124,0,0,52,0,52,1,81,94,0,176,102,0,102,278
07/16/2006,LEX,KY,ASO,CE,Combined TRACON& Tower with Radar,2,94,49,2,147,0,0,74,0,74,2,94,123,2,221,66,0,66,287
07/17/2006,LEX,KY,ASO,CE,Combined TRACON& Tower with Radar,3,108,80,8,199,0,0,63,4,67,3,108,143,12,266,14,4,18,284
07/18/2006,LEX,KY,ASO,CE,Combined TRACON& Tower with Radar,2,121,86,7,216,0,6,72,2,80,2,127,158,9,296,6,0,6,302
07/19/2006,LEX,KY,ASO,CE,Combined TRACON& Tower with Radar,4,109,57,3,173,0,0,49,3,52,4,109,106,6,225,12,0,12,237
07/20/2006,LEX,KY,ASO,CE,Combined TRACON& Tower with Radar,3,104,62,6,175,0,0,41,2,43,3,104,103,8,218,0,0,0,218
07/21/2006,LEX,KY,ASO,CE,Combined TRACON& Tower with Radar,5,105,46,2,158,0,0,13,0,13,5,105,59,2,171,0,0,0,171
07/22/2006,LEX,KY,ASO,CE,Combined TRACON& Tower with Radar,2,84,19,0,105,0,0,15,0,15,2,84,34,0,120,0,0,0,120
07/23/2006,LEX,KY,ASO,CE,Combined TRACON& Tower with Radar,2,93,45,5,145,0,3,70,2,75,2,96,115,7,220,22,3,25,245
07/24/2006,LEX,KY,ASO,CE,Combined TRACON& Tower with Radar,4,112,61,0,177,0,1,70,0,71,4,113,131,0,248,41,0,41,289
07/25/2006,LEX,KY,ASO,CE,Combined TRACON& Tower with Radar,2,102,63,2,169,0,0,88,2,90,2,102,151,4,259,6,0,6,265
07/26/2006,LEX,KY,ASO,CE,Combined TRACON& Tower with Radar,2,98,83,3,186,0,0,64,3,67,2,98,147,6,253,13,0,13,266
07/27/2006,LEX,KY,ASO,CE,Combined TRACON& Tower with Radar,14,104,77,9,204,0,4,36,0,40,14,108,113,9,244,2,0,2,246
07/28/2006,LEX,KY,ASO,CE,Combined TRACON& Tower with Radar,5,94,54,5,158,0,0,17,1,18,5,94,71,6,176,0,0,0,176
07/29/2006,LEX,KY,ASO,CE,Combined TRACON& Tower with Radar,4,90,33,2,129,0,0,23,0,23,4,90,56,2,152,0,0,0,152
07/30/2006,LEX,KY,ASO,CE,Combined TRACON& Tower with Radar,2,81,52,2,137,0,0,70,0,70,2,81,122,2,207,23,0,23,230
07/31/2006,LEX,KY,ASO,CE,Combined TRACON& Tower with Radar,2,111,45,2,160,0,1,64,0,65,2,112,109,2,225,16,0,16,241
08/01/2006,LEX,KY,ASO,CE,Combined TRACON& Tower with Radar,5,100,59,2,166,0,1,65,0,66,5,101,124,2,232,2,0,2,234
08/02/2006,LEX,KY,ASO,CE,Combined TRACON& Tower with Radar,14,96,77,7,194,0,0,77,0,77,14,96,154,7,271,16,11,27,298
08/03/2006,LEX,KY,ASO,CE,Combined TRACON& Tower with Radar,5,110,65,1,181,0,0,32,3,35,5,110,97,4,216,4,0,4,220
08/04/2006,LEX,KY,ASO,CE,Combined TRACON& Tower with Radar,7,106,79,2,194,0,0,36,4,40,7,106,115,6,234,11,0,11,245
08/05/2006,LEX,KY,ASO,CE,Combined TRACON& Tower with Radar,2,71,36,0,109,0,0,96,1,97,2,71,132,1,206,5,0,5,211
08/06/2006,LEX,KY,ASO,CE,Combined TRACON& Tower with Radar,4,86,41,7,138,0,3,55,0,58,4,89,96,7,196,9,0,9,205
08/07/2006,LEX,KY,ASO,CE,Combined TRACON& Tower with Radar,2,101,34,18,155,0,0,41,1,42,2,101,75,19,197,29,7,36,233
08/08/2006,LEX,KY,ASO,CE,Combined TRACON& Tower with Radar,2,101,67,3,173,0,0,25,0,25,2,101,92,3,198,7,1,8,206
08/09/2006,LEX,KY,ASO,CE,Combined TRACON& Tower with Radar,1,123,77,0,201,0,0,32,0,32,1,123,109,0,233,24,0,24,257
08/10/2006,LEX,KY,ASO,CE,Combined TRACON& Tower with Radar,0,106,92,0,198,0,1,38,0,39,0,107,130,0,237,11,0,11,248
08/11/2006,LEX,KY,ASO,CE,Combined TRACON& Tower with Radar,7,115,80,8,210,0,0,3,0,3,7,115,83,8,213,0,0,0,213
08/12/2006,LEX,KY,ASO,CE,Combined TRACON& Tower with Radar,2,86,39,2,129,0,0,52,0,52,2,86,91,2,181,15,0,15,196
08/13/2006,LEX,KY,ASO,CE,Combined TRACON& Tower with Radar,4,96,57,0,157,0,0,63,0,63,4,96,120,0,220,0,0,0,220
08/14/2006,LEX,KY,ASO,CE,Combined TRACON& Tower with Radar,3,101,55,5,164,0,0,22,0,22,3,101,77,5,186,0,0,0,186
08/15/2006,LEX,KY,ASO,CE,Combined TRACON& Tower with Radar,3,112,39,2,156,0,0,45,1,46,3,112,84,3,202,6,2,8,210
08/16/2006,LEX,KY,ASO,CE,Combined TRACON& Tower with Radar,4,104,68,4,180,0,0,100,1,101,4,104,168,5,281,7,0,7,288
08/17/2006,LEX,KY,ASO,CE,Combined TRACON& Tower with Radar,3,115,66,3,187,0,2,94,1,97,3,117,160,4,284,25,0,25,309
08/18/2006,LEX,KY,ASO,CE,Combined TRACON& Tower with Radar,3,85,50,3,141,0,0,45,2,47,3,85,95,5,188,38,10,48,236
08/19/2006,LEX,KY,ASO,CE,Combined TRACON& Tower with Radar,0,0,0,0,0,0,0,11,0,11,0,0,11,0,11,0,0,0,11
08/20/2006,LEX,KY,ASO,CE,Combined TRACON& Tower with Radar,0,25,21,0,46,0,0,21,0,21,0,25,42,0,67,10,0,10,77
08/21/2006,LEX,KY,ASO,CE,Combined TRACON& Tower with Radar,4,113,45,0,162,0,1,71,0,72,4,114,116,0,234,4,0,4,238
08/22/2006,LEX,KY,ASO,CE,Combined TRACON& Tower with Radar,2,105,58,4,169,0,1,70,2,73,2,106,128,6,242,43,3,46,288
08/23/2006,LEX,KY,ASO,CE,Combined TRACON& Tower with Radar,2,93,49,1,145,0,1,78,4,83,2,94,127,5,228,2,18,20,248
08/24/2006,LEX,KY,ASO,CE,Combined TRACON& Tower with Radar,2,105,64,0,171,0,1,85,2,88,2,106,149,2,259,40,2,42,301
08/25/2006,LEX,KY,ASO,CE,Combined TRACON& Tower with Radar,11,107,54,11,183,0,1,64,2,67,11,108,118,13,250,4,6,10,260
08/26/2006,LEX,KY,ASO,CE,Combined TRACON& Tower with Radar,1,76,50,0,127,0,0,67,0,67,1,76,117,0,194,12,0,12,206
08/27/2006,LEX,KY,ASO,CE,Combined TRACON& Tower with Radar,6,90,59,0,155,0,8,71,5,84,6,98,130,5,239,0,0,0,239
08/28/2006,LEX,KY,ASO,CE,Combined TRACON& Tower with Radar,5,110,74,2,191,0,0,18,0,18,5,110,92,2,209,4,0,4,213
08/29/2006,LEX,KY,ASO,CE,Combined TRACON& Tower with Radar,2,104,74,4,184,0,0,20,2,22,2,104,94,6,206,2,0,2,208
08/30/2006,LEX,KY,ASO,CE,Combined TRACON& Tower with Radar,2,102,65,6,175,0,0,8,0,8,2,102,73,6,183,0,0,0,183
08/31/2006,LEX,KY,ASO,CE,Combined TRACON& Tower with Radar,4,111,72,2,189,0,0,14,0,14,4,111,86,2,203,16,0,16,219
09/01/2006,LEX,KY,ASO,CE,Combined TRACON& Tower with Radar,4,113,73,0,190,0,0,1,0,1,4,113,74,0,191,12,0,12,203
09/02/2006,LEX,KY,ASO,CE,Combined TRACON& Tower with Radar,3,63,41,0,107,0,0,16,0,16,3,63,57,0,123,8,0,8,131
09/03/2006,LEX,KY,ASO,CE,Combined TRACON& Tower with Radar,2,70,47,0,119,0,0,51,0,51,2,70,98,0,170,24,0,24,194
09/04/2006,LEX,KY,ASO,CE,Combined TRACON& Tower with Radar,6,95,54,0,155,0,0,65,0,65,6,95,119,0,220,16,0,16,236
09/05/2006,LEX,KY,ASO,CE,Combined TRACON& Tower with Radar,4,105,58,3,170,0,0,27,2,29,4,105,85,5,199,0,0,0,199
09/06/2006,LEX,KY,ASO,CE,Combined TRACON& Tower with Radar,3,99,51,0,153,0,0,53,0,53,3,99,104,0,206,45,0,45,251
09/07/2006,LEX,KY,ASO,CE,Combined TRACON& Tower with Radar,4,100,70,3,177,0,0,67,1,68,4,100,137,4,245,23,0,23,268
09/08/2006,LEX,KY,ASO,CE,Combined TRACON& Tower with Radar,6,100,68,6,180,0,0,61,0,61,6,100,129,6,241,20,6,26,267
09/09/2006,LEX,KY,ASO,CE,Combined TRACON& Tower with Radar,10,98,68,2,178,0,1,65,2,68,10,99,133,4,246,16,0,16,262
09/10/2006,LEX,KY,ASO,CE,Combined TRACON& Tower with Radar,4,104,79,2,189,0,0,59,0,59,4,104,138,2,248,12,0,12,260
09/11/2006,LEX,KY,ASO,CE,Combined TRACON& Tower with Radar,6,104,63,3,176,0,0,15,1,16,6,104,78,4,192,2,0,2,194
09/12/2006,LEX,KY,ASO,CE,Combined TRACON& Tower with Radar,4,118,75,5,202,0,0,8,0,8,4,118,83,5,210,0,0,0,210
09/13/2006,LEX,KY,ASO,CE,Combined TRACON& Tower with Radar,6,110,97,4,217,0,0,25,0,25,6,110,122,4,242,2,0,2,244
09/14/2006,LEX,KY,ASO,CE,Combined TRACON& Tower with Radar,4,116,117,5,242,0,0,27,0,27,4,116,144,5,269,12,10,22,291
09/15/2006,LEX,KY,ASO,CE,Combined TRACON& Tower with Radar,9,122,117,5,253,0,0,32,0,32,9,122,149,5,285,8,0,8,293
09/16/2006,LEX,KY,ASO,CE,Combined TRACON& Tower with Radar,4,74,82,0,160,0,0,86,0,86,4,74,168,0,246,0,0,0,246
09/17/2006,LEX,KY,ASO,CE,Combined TRACON& Tower with Radar,6,96,77,4,183,0,0,93,4,97,6,96,170,8,280,17,0,17,297
09/18/2006,LEX,KY,ASO,CE,Combined TRACON& Tower with Radar,2,93,73,4,172,0,0,11,0,11,2,93,84,4,183,2,0,2,185
09/19/2006,LEX,KY,ASO,CE,Combined TRACON& Tower with Radar,5,105,87,3,200,0,0,34,0,34,5,105,121,3,234,6,12,18,252
09/20/2006,LEX,KY,ASO,CE,Combined TRACON& Tower with Radar,5,106,82,11,204,0,2,55,0,57,5,108,137,11,261,0,4,4,265
09/21/2006,LEX,KY,ASO,CE,Combined TRACON& Tower with Radar,7,124,98,4,233,0,1,114,0,115,7,125,212,4,348,24,14,38,386
09/22/2006,LEX,KY,ASO,CE,Combined TRACON& Tower with Radar,9,87,53,4,153,0,0,6,0,6,9,87,59,4,159,0,0,0,159
09/23/2006,LEX,KY,ASO,CE,Combined TRACON& Tower with Radar,4,61,28,0,93,0,0,5,0,5,4,61,33,0,98,0,0,0,98
09/24/2006,LEX,KY,ASO,CE,Combined TRACON& Tower with Radar,12,86,62,2,162,0,0,32,0,32,12,86,94,2,194,0,0,0,194
09/25/2006,LEX,KY,ASO,CE,Combined TRACON& Tower with Radar,6,97,61,0,164,0,0,73,0,73,6,97,134,0,237,46,0,46,283
09/26/2006,LEX,KY,ASO,CE,Combined TRACON& Tower with Radar,4,96,71,2,173,0,0,81,0,81,4,96,152,2,254,49,0,49,303
09/27/2006,LEX,KY,ASO,CE,Combined TRACON& Tower with Radar,6,90,77,7,180,0,0,83,1,84,6,90,160,8,264,1,8,9,273
09/28/2006,LEX,KY,ASO,CE,Combined TRACON& Tower with Radar,3,91,66,0,160,0,0,12,0,12,3,91,78,0,172,2,0,2,174
09/29/2006,LEX,KY,ASO,CE,Combined TRACON& Tower with Radar,8,101,99,6,214,0,2,79,0,81,8,103,178,6,295,28,0,28,323
09/30/2006,LEX,KY,ASO,CE,Combined TRACON& Tower with Radar,7,65,33,1,106,0,1,51,0,52,7,66,84,1,158,10,0,10,168
10/01/2006,LEX,KY,ASO,CE,Combined TRACON& Tower with Radar,6,84,61,0,151,0,0,103,0,103,6,84,164,0,254,46,0,46,300
10/02/2006,LEX,KY,ASO,CE,Combined TRACON& Tower with Radar,4,91,58,0,153,0,1,81,0,82,4,92,139,0,235,10,0,10,245
10/03/2006,LEX,KY,ASO,CE,Combined TRACON& Tower with Radar,4,86,71,2,163,0,0,51,2,53,4,86,122,4,216,12,16,28,244
10/04/2006,LEX,KY,ASO,CE,Combined TRACON& Tower with Radar,5,113,79,0,197,0,5,48,0,53,5,118,127,0,250,14,0,14,264
10/05/2006,LEX,KY,ASO,CE,Combined TRACON& Tower with Radar,8,100,84,0,192,0,0,14,0,14,8,100,98,0,206,10,0,10,216
10/06/2006,LEX,KY,ASO,CE,Combined TRACON& Tower with Radar,6,106,127,0,239,0,0,73,0,73,6,106,200,0,312,0,0,0,312
10/07/2006,LEX,KY,ASO,CE,Combined TRACON& Tower with Radar,7,85,73,0,165,0,0,74,0,74,7,85,147,0,239,7,0,7,246
10/08/2006,LEX,KY,ASO,CE,Combined TRACON& Tower with Radar,16,105,70,0,191,0,0,111,0,111,16,105,181,0,302,34,0,34,336
10/09/2006,LEX,KY,ASO,CE,Combined TRACON& Tower with Radar,9,94,65,5,173,0,0,78,2,80,9,94,143,7,253,24,0,24,277
10/10/2006,LEX,KY,ASO,CE,Combined TRACON& Tower with Radar,8,93,56,0,157,0,0,59,0,59,8,93,115,0,216,0,0,0,216
10/11/2006,LEX,KY,ASO,CE,Combined TRACON& Tower with Radar,8,110,80,3,201,0,0,10,0,10,8,110,90,3,211,2,13,15,226
10/12/2006,LEX,KY,ASO,CE,Combined TRACON& Tower with Radar,5,104,47,1,157,0,1,28,1,30,5,105,75,2,187,28,0,28,215
10/13/2006,LEX,KY,ASO,CE,Combined TRACON& Tower with Radar,6,99,69,0,174,0,0,68,0,68,6,99,137,0,242,42,0,42,284
10/14/2006,LEX,KY,ASO,CE,Combined TRACON& Tower with Radar,5,74,76,0,155,0,0,60,0,60,5,74,136,0,215,28,0,28,243
10/15/2006,LEX,KY,ASO,CE,Combined TRACON& Tower with Radar,6,84,57,2,149,0,0,87,0,87,6,84,144,2,236,1,0,1,237
10/16/2006,LEX,KY,ASO,CE,Combined TRACON& Tower with Radar,5,83,62,2,152,0,0,17,0,17,5,83,79,2,169,0,0,0,169
10/17/2006,LEX,KY,ASO,CE,Combined TRACON& Tower with Radar,5,84,47,0,136,0,0,9,0,9,5,84,56,0,145,0,0,0,145
10/18/2006,LEX,KY,ASO,CE,Combined TRACON& Tower with Radar,6,119,91,5,221,0,0,22,0,22,6,119,113,5,243,2,0,2,245
10/19/2006,LEX,KY,ASO,CE,Combined TRACON& Tower with Radar,3,111,65,0,179,0,0,3,0,3,3,111,68,0,182,10,0,10,192
10/20/2006,LEX,KY,ASO,CE,Combined TRACON& Tower with Radar,4,105,86,0,195,0,0,22,0,22,4,105,108,0,217,31,0,31,248
10/21/2006,LEX,KY,ASO,CE,Combined TRACON& Tower with Radar,4,81,53,0,138,0,2,108,0,110,4,83,161,0,248,6,0,6,254
10/22/2006,LEX,KY,ASO,CE,Combined TRACON& Tower with Radar,3,84,59,0,146,0,3,10,0,13,3,87,69,0,159,4,0,4,163
10/23/2006,LEX,KY,ASO,CE,Combined TRACON& Tower with Radar,2,98,50,2,152,0,0,29,2,31,2,98,79,4,183,2,0,2,185
10/24/2006,LEX,KY,ASO,CE,Combined TRACON& Tower with Radar,7,93,61,2,163,0,0,65,0,65,7,93,126,2,228,14,0,14,242
10/25/2006,LEX,KY,ASO,CE,Combined TRACON& Tower with Radar,4,101,93,4,202,0,1,84,2,87,4,102,177,6,289,26,0,26,315
10/26/2006,LEX,KY,ASO,CE,Combined TRACON& Tower with Radar,6,93,68,4,171,0,0,10,4,14,6,93,78,8,185,18,0,18,203
10/27/2006,LEX,KY,ASO,CE,Combined TRACON& Tower with Radar,3,111,44,8,166,0,0,0,0,0,3,111,44,8,166,0,0,0,166
10/28/2006,LEX,KY,ASO,CE,Combined TRACON& Tower with Radar,11,72,47,1,131,0,0,13,0,13,11,72,60,1,144,2,0,2,146
10/29/2006,LEX,KY,ASO,CE,Combined TRACON& Tower with Radar,5,82,57,0,144,0,0,82,0,82,5,82,139,0,226,18,35,53,279
10/30/2006,LEX,KY,ASO,CE,Combined TRACON& Tower with Radar,4,93,66,3,166,0,0,83,1,84,4,93,149,4,250,2,0,2,252
10/31/2006,LEX,KY,ASO,CE,Combined TRACON& Tower with Radar,6,93,62,0,161,0,0,3,0,3,6,93,65,0,164,0,0,0,164
11/01/2006,LEX,KY,ASO,CE,Combined TRACON& Tower with Radar,4,102,54,0,160,0,0,2,0,2,4,102,56,0,162,0,0,0,162
11/02/2006,LEX,KY,ASO,CE,Combined TRACON& Tower with Radar,7,113,69,0,189,0,1,80,1,82,7,114,149,1,271,17,0,17,288
11/03/2006,LEX,KY,ASO,CE,Combined TRACON& Tower with Radar,6,103,81,1,191,0,4,95,1,100,6,107,176,2,291,29,4,33,324
11/04/2006,LEX,KY,ASO,CE,Combined TRACON& Tower with Radar,6,81,71,1,159,0,1,82,1,84,6,82,153,2,243,0,0,0,243
11/05/2006,LEX,KY,ASO,CE,Combined TRACON& Tower with Radar,4,111,80,0,195,0,0,78,0,78,4,111,158,0,273,19,0,19,292
11/06/2006,LEX,KY,ASO,CE,Combined TRACON& Tower with Radar,3,91,63,0,157,0,2,30,0,32,3,93,93,0,189,30,0,30,219
11/07/2006,LEX,KY,ASO,CE,Combined TRACON& Tower with Radar,4,97,89,10,200,0,2,13,3,18,4,99,102,13,218,0,2,2,220
11/08/2006,LEX,KY,ASO,CE,Combined TRACON& Tower with Radar,3,106,75,2,186,0,0,14,0,14,3,106,89,2,200,3,0,3,203
11/09/2006,LEX,KY,ASO,CE,Combined TRACON& Tower with Radar,4,102,54,0,160,0,0,74,1,75,4,102,128,1,235,28,0,28,263
11/10/2006,LEX,KY,ASO,CE,Combined TRACON& Tower with Radar,4,101,74,1,180,0,0,85,0,85,4,101,159,1,265,14,0,14,279
11/11/2006,LEX,KY,ASO,CE,Combined TRACON& Tower with Radar,5,71,33,3,112,0,0,0,1,1,5,71,33,4,113,0,0,0,113
11/12/2006,LEX,KY,ASO,CE,Combined TRACON& Tower with Radar,5,84,52,3,144,0,0,23,0,23,5,84,75,3,167,32,0,32,199
11/13/2006,LEX,KY,ASO,CE,Combined TRACON& Tower with Radar,6,98,65,2,171,0,0,34,0,34,6,98,99,2,205,17,0,17,222
11/14/2006,LEX,KY,ASO,CE,Combined TRACON& Tower with Radar,3,88,57,2,150,0,0,56,2,58,3,88,113,4,208,14,0,14,222
11/15/2006,LEX,KY,ASO,CE,Combined TRACON& Tower with Radar,5,97,63,0,165,0,0,4,0,4,5,97,67,0,169,1,0,1,170
11/16/2006,LEX,KY,ASO,CE,Combined TRACON& Tower with Radar,4,92,63,3,162,0,0,10,0,10,4,92,73,3,172,0,0,0,172
11/17/2006,LEX,KY,ASO,CE,Combined TRACON& Tower with Radar,5,98,85,9,197,0,1,49,0,50,5,99,134,9,247,47,1,48,295
11/18/2006,LEX,KY,ASO,CE,Combined TRACON& Tower with Radar,7,68,47,0,122,0,0,111,0,111,7,68,158,0,233,24,0,24,257
11/19/2006,LEX,KY,ASO,CE,Combined TRACON& Tower with Radar,2,85,52,0,139,0,0,8,0,8,2,85,60,0,147,3,0,3,150
11/20/2006,LEX,KY,ASO,CE,Combined TRACON& Tower with Radar,5,84,56,1,146,0,0,41,1,42,5,84,97,2,188,4,1,5,193
11/21/2006,LEX,KY,ASO,CE,Combined TRACON& Tower with Radar,19,89,72,0,180,0,2,101,2,105,19,91,173,2,285,5,0,5,290
11/22/2006,LEX,KY,ASO,CE,Combined TRACON& Tower with Radar,3,103,73,3,182,0,0,72,1,73,3,103,145,4,255,39,0,39,294
11/23/2006,LEX,KY,ASO,CE,Combined TRACON& Tower with Radar,1,61,18,0,80,0,1,34,0,35,1,62,52,0,115,10,0,10,125
11/24/2006,LEX,KY,ASO,CE,Combined TRACON& Tower with Radar,5,71,46,0,122,0,1,91,0,92,5,72,137,0,214,6,0,6,220
11/25/2006,LEX,KY,ASO,CE,Combined TRACON& Tower with Radar,4,83,48,0,135,0,1,69,0,70,4,84,117,0,205,14,1,15,220
11/26/2006,LEX,KY,ASO,CE,Combined TRACON& Tower with Radar,4,96,68,0,168,0,3,89,0,92,4,99,157,0,260,51,0,51,311
11/27/2006,LEX,KY,ASO,CE,Combined TRACON& Tower with Radar,3,87,47,3,140,0,1,47,3,51,3,88,94,6,191,10,0,10,201
11/28/2006,LEX,KY,ASO,CE,Combined TRACON& Tower with Radar,5,94,76,0,175,0,0,46,0,46,5,94,122,0,221,0,0,0,221
11/29/2006,LEX,KY,ASO,CE,Combined TRACON& Tower with Radar,4,98,64,4,170,0,0,19,1,20,4,98,83,5,190,5,0,5,195
11/30/2006,LEX,KY,ASO,CE,Combined TRACON& Tower with Radar,4,86,59,2,151,0,0,27,0,27,4,86,86,2,178,11,0,11,189
12/01/2006,LEX,KY,ASO,CE,Combined TRACON& Tower with Radar,5,83,38,0,126,0,0,3,0,3,5,83,41,0,129,0,0,0,129
12/02/2006,LEX,KY,ASO,CE,Combined TRACON& Tower with Radar,9,72,52,0,133,0,1,78,0,79,9,73,130,0,212,47,0,47,259
12/03/2006,LEX,KY,ASO,CE,Combined TRACON& Tower with Radar,4,73,45,0,122,0,3,61,2,66,4,76,106,2,188,46,0,46,234
12/04/2006,LEX,KY,ASO,CE,Combined TRACON& Tower with Radar,2,99,53,6,160,0,1,37,5,43,2,100,90,11,203,3,0,3,206
12/05/2006,LEX,KY,ASO,CE,Combined TRACON& Tower with Radar,8,88,77,7,180,0,4,56,0,60,8,92,133,7,240,31,6,37,277
12/06/2006,LEX,KY,ASO,CE,Combined TRACON& Tower with Radar,4,91,65,1,161,0,0,48,1,49,4,91,113,2,210,5,0,5,215
12/07/2006,LEX,KY,ASO,CE,Combined TRACON& Tower with Radar,7,104,73,0,184,0,0,9,0,9,7,104,82,0,193,0,0,0,193
12/08/2006,LEX,KY,ASO,CE,Combined TRACON& Tower with Radar,5,106,46,2,159,0,0,62,0,62,5,106,108,2,221,12,0,12,233
12/09/2006,LEX,KY,ASO,CE,Combined TRACON& Tower with Radar,6,75,42,2,125,0,0,68,0,68,6,75,110,2,193,16,0,16,209
12/10/2006,LEX,KY,ASO,CE,Combined TRACON& Tower with Radar,9,81,31,0,121,0,0,62,0,62,9,81,93,0,183,10,0,10,193
12/11/2006,LEX,KY,ASO,CE,Combined TRACON& Tower with Radar,4,90,71,1,166,0,3,47,1,51,4,93,118,2,217,13,0,13,230
12/12/2006,LEX,KY,ASO,CE,Combined TRACON& Tower with Radar,4,86,59,3,152,0,7,21,2,30,4,93,80,5,182,12,0,12,194
12/13/2006,LEX,KY,ASO,CE,Combined TRACON& Tower with Radar,7,93,58,3,161,0,1,47,2,50,7,94,105,5,211,27,0,27,238
12/14/2006,LEX,KY,ASO,CE,Combined TRACON& Tower with Radar,6,96,49,4,155,0,1,57,4,62,6,97,106,8,217,0,0,0,217
12/15/2006,LEX,KY,ASO,CE,Combined TRACON& Tower with Radar,9,95,65,0,169,0,0,56,0,56,9,95,121,0,225,20,0,20,245
12/16/2006,LEX,KY,ASO,CE,Combined TRACON& Tower with Radar,4,68,35,0,107,0,2,69,2,73,4,70,104,2,180,31,0,31,211
12/17/2006,LEX,KY,ASO,CE,Combined TRACON& Tower with Radar,4,73,41,0,118,0,1,65,1,67,4,74,106,1,185,16,0,16,201
12/18/2006,LEX,KY,ASO,CE,Combined TRACON& Tower with Radar,4,96,57,10,167,0,0,15,5,20,4,96,72,15,187,6,7,13,200
12/19/2006,LEX,KY,ASO,CE,Combined TRACON& Tower with Radar,4,93,77,2,176,0,0,55,0,55,4,93,132,2,231,30,0,30,261
12/20/2006,LEX,KY,ASO,CE,Combined TRACON& Tower with Radar,4,97,73,1,175,0,5,77,1,83,4,102,150,2,258,18,0,18,276
12/21/2006,LEX,KY,ASO,CE,Combined TRACON& Tower with Radar,5,90,58,0,153,0,2,2,0,4,5,92,60,0,157,0,0,0,157
12/22/2006,LEX,KY,ASO,CE,Combined TRACON& Tower with Radar,5,89,35,0,129,0,0,3,0,3,5,89,38,0,132,0,0,0,132
12/23/2006,LEX,KY,ASO,CE,Combined TRACON& Tower with Radar,4,76,49,0,129,0,0,21,0,21,4,76,70,0,150,0,0,0,150
12/24/2006,LEX,KY,ASO,CE,Combined TRACON& Tower with Radar,0,64,26,0,90,0,0,6,0,6,0,64,32,0,96,17,0,17,113
12/25/2006,LEX,KY,ASO,CE,Combined TRACON& Tower with Radar,3,68,10,0,81,0,0,1,0,1,3,68,11,0,82,0,0,0,82
12/26/2006,LEX,KY,ASO,CE,Combined TRACON& Tower with Radar,5,94,29,0,128,0,0,1,0,1,5,94,30,0,129,0,0,0,129
12/27/2006,LEX,KY,ASO,CE,Combined TRACON& Tower with Radar,4,91,47,0,142,0,2,76,0,78,4,93,123,0,220,14,0,14,234
12/28/2006,LEX,KY,ASO,CE,Combined TRACON& Tower with Radar,5,90,50,5,150,0,0,76,3,79,5,90,126,8,229,0,2,2,231
12/29/2006,LEX,KY,ASO,CE,Combined TRACON& Tower with Radar,5,80,49,0,134,0,0,95,0,95,5,80,144,0,229,0,0,0,229
12/30/2006,LEX,KY,ASO,CE,Combined TRACON& Tower with Radar,6,78,45,0,129,0,2,52,0,54,6,80,97,0,183,23,0,23,206
12/31/2006,LEX,KY,ASO,CE,Combined TRACON& Tower with Radar,1,64,9,0,74,0,1,15,0,16,1,65,24,0,90,3,0,3,93
01/01/2007,LEX,KY,ASO,CE,Combined TRACON& Tower with Radar,5,71,23,0,99,0,0,12,0,12,5,71,35,0,111,0,0,0,111
01/02/2007,LEX,KY,ASO,CE,Combined TRACON& Tower with Radar,3,90,51,0,144,0,0,38,0,38,3,90,89,0,182,14,0,14,196
01/03/2007,LEX,KY,ASO,CE,Combined TRACON& Tower with Radar,6,97,42,1,146,0,1,89,0,90,6,98,131,1,236,8,0,8,244
01/04/2007,LEX,KY,ASO,CE,Combined TRACON& Tower with Radar,4,103,56,8,171,0,1,37,0,38,4,104,93,8,209,17,3,20,229
01/05/2007,LEX,KY,ASO,CE,Combined TRACON& Tower with Radar,6,95,30,0,131,0,0,13,0,13,6,95,43,0,144,0,0,0,144
01/06/2007,LEX,KY,ASO,CE,Combined TRACON& Tower with Radar,6,78,50,0,134,0,2,27,0,29,6,80,77,0,163,0,0,0,163
01/07/2007,LEX,KY,ASO,CE,Combined TRACON& Tower with Radar,7,81,42,0,130,0,0,6,0,6,7,81,48,0,136,4,0,4,140
01/08/2007,LEX,KY,ASO,CE,Combined TRACON& Tower with Radar,5,100,70,1,176,0,4,31,0,35,5,104,101,1,211,25,2,27,238
01/09/2007,LEX,KY,ASO,CE,Combined TRACON& Tower with Radar,4,93,53,2,152,0,2,13,0,15,4,95,66,2,167,0,8,8,175
01/10/2007,LEX,KY,ASO,CE,Combined TRACON& Tower with Radar,5,95,97,1,198,0,2,79,5,86,5,97,176,6,284,14,0,14,298
01/11/2007,LEX,KY,ASO,CE,Combined TRACON& Tower with Radar,4,98,65,0,167,0,3,74,3,80,4,101,139,3,247,1,0,1,248
01/12/2007,LEX,KY,ASO,CE,Combined TRACON& Tower with Radar,0,98,53,1,152,0,0,29,0,29,0,98,82,1,181,12,0,12,193
01/13/2007,LEX,KY,ASO,CE,Combined TRACON& Tower with Radar,5,70,29,0,104,0,0,4,0,4,5,70,33,0,108,0,0,0,108
01/14/2007,LEX,KY,ASO,CE,Combined TRACON& Tower with Radar,5,84,21,0,110,0,0,9,0,9,5,84,30,0,119,42,0,42,161
01/15/2007,LEX,KY,ASO,CE,Combined TRACON& Tower with Radar,9,82,35,0,126,0,0,0,0,0,9,82,35,0,126,0,0,0,126
01/16/2007,LEX,KY,ASO,CE,Combined TRACON& Tower with Radar,6,89,45,0,140,0,0,9,0,9,6,89,54,0,149,6,0,6,155
01/17/2007,LEX,KY,ASO,CE,Combined TRACON& Tower with Radar,8,96,55,7,166,0,1,76,1,78,8,97,131,8,244,39,1,40,284
01/18/2007,LEX,KY,ASO,CE,Combined TRACON& Tower with Radar,4,83,61,7,155,0,0,37,0,37,4,83,98,7,192,0,0,0,192
01/19/2007,LEX,KY,ASO,CE,Combined TRACON& Tower with Radar,6,97,55,1,159,0,1,36,1,38,6,98,91,2,197,2,0,2,199
01/20/2007,LEX,KY,ASO,CE,Combined TRACON& Tower with Radar,4,70,53,0,127,0,0,93,1,94,4,70,146,1,221,17,0,17,238
01/21/2007,LEX,KY,ASO,CE,Combined TRACON& Tower with Radar,6,69,13,0,88,0,0,1,0,1,6,69,14,0,89,0,0,0,89
01/22/2007,LEX,KY,ASO,CE,Combined TRACON& Tower with Radar,7,85,40,0,132,0,0,5,3,8,7,85,45,3,140,1,0,1,141
01/23/2007,LEX,KY,ASO,CE,Combined TRACON& Tower with Radar,4,93,43,1,141,0,2,25,2,29,4,95,68,3,170,3,0,3,173
01/24/2007,LEX,KY,ASO,CE,Combined TRACON& Tower with Radar,4,101,45,1,151,0,0,11,2,13,4,101,56,3,164,2,1,3,167
01/25/2007,LEX,KY,ASO,CE,Combined TRACON& Tower with Radar,6,106,68,2,182,0,0,24,0,24,6,106,92,2,206,2,0,2,208
01/26/2007,LEX,KY,ASO,CE,Combined TRACON& Tower with Radar,6,91,61,2,160,0,1,85,1,87,6,92,146,3,247,29,0,29,276
01/27/2007,LEX,KY,ASO,CE,Combined TRACON& Tower with Radar,5,70,25,0,100,0,3,39,0,42,5,73,64,0,142,5,0,5,147
01/28/2007,LEX,KY,ASO,CE,Combined TRACON& Tower with Radar,6,83,43,0,132,0,0,9,0,9,6,83,52,0,141,0,0,0,141
01/29/2007,LEX,KY,ASO,CE,Combined TRACON& Tower with Radar,6,89,31,3,129,0,1,41,1,43,6,90,72,4,172,0,0,0,172
01/30/2007,LEX,KY,ASO,CE,Combined TRACON& Tower with Radar,4,92,35,4,135,0,4,23,0,27,4,96,58,4,162,3,0,3,165
01/31/2007,LEX,KY,ASO,CE,Combined TRACON& Tower with Radar,7,97,58,0,162,0,4,49,0,53,7,101,107,0,215,12,0,12,227
02/01/2007,LEX,KY,ASO,CE,Combined TRACON& Tower with Radar,5,84,56,5,150,0,0,5,0,5,5,84,61,5,155,0,0,0,155
02/02/2007,LEX,KY,ASO,CE,Combined TRACON& Tower with Radar,12,82,37,4,135,0,0,8,0,8,12,82,45,4,143,12,0,12,155
02/03/2007,LEX,KY,ASO,CE,Combined TRACON& Tower with Radar,8,64,28,4,104,0,0,25,0,25,8,64,53,4,129,0,0,0,129
02/04/2007,LEX,KY,ASO,CE,Combined TRACON& Tower with Radar,6,78,27,0,111,0,0,21,0,21,6,78,48,0,132,6,0,6,138
02/05/2007,LEX,KY,ASO,CE,Combined TRACON& Tower with Radar,8,94,47,0,149,0,0,29,0,29,8,94,76,0,178,0,0,0,178
02/06/2007,LEX,KY,ASO,CE,Combined TRACON& Tower with Radar,5,84,44,2,135,0,0,9,0,9,5,84,53,2,144,0,0,0,144
02/07/2007,LEX,KY,ASO,CE,Combined TRACON& Tower with Radar,6,95,57,0,158,0,0,23,0,23,6,95,80,0,181,2,0,2,183
02/08/2007,LEX,KY,ASO,CE,Combined TRACON& Tower with Radar,7,95,57,0,159,0,1,44,0,45,7,96,101,0,204,2,0,2,206
02/09/2007,LEX,KY,ASO,CE,Combined TRACON& Tower with Radar,5,96,43,3,147,0,0,69,1,70,5,96,112,4,217,21,0,21,238
02/10/2007,LEX,KY,ASO,CE,Combined TRACON& Tower with Radar,5,77,36,3,121,0,4,72,1,77,5,81,108,4,198,0,0,0,198
02/11/2007,LEX,KY,ASO,CE,Combined TRACON& Tower with Radar,6,86,41,8,141,0,0,51,0,51,6,86,92,8,192,2,0,2,194
02/12/2007,LEX,KY,ASO,CE,Combined TRACON& Tower with Radar,7,85,38,1,131,0,0,15,1,16,7,85,53,2,147,0,0,0,147
02/13/2007,LEX,KY,ASO,CE,Combined TRACON& Tower with Radar,9,69,32,0,110,0,0,0,0,0,9,69,32,0,110,0,0,0,110
02/14/2007,LEX,KY,ASO,CE,Combined TRACON& Tower with Radar,7,105,42,0,154,0,0,6,0,6,7,105,48,0,160,0,0,0,160
02/15/2007,LEX,KY,ASO,CE,Combined TRACON& Tower with Radar,9,101,59,0,169,0,4,40,0,44,9,105,99,0,213,18,0,18,231
02/16/2007,LEX,KY,ASO,CE,Combined TRACON& Tower with Radar,8,93,68,1,170,0,0,45,2,47,8,93,113,3,217,14,0,14,231
02/17/2007,LEX,KY,ASO,CE,Combined TRACON& Tower with Radar,7,78,25,0,110,0,0,0,0,0,7,78,25,0,110,0,0,0,110
02/18/2007,LEX,KY,ASO,CE,Combined TRACON& Tower with Radar,6,84,44,1,135,0,1,21,0,22,6,85,65,1,157,0,0,0,157
02/19/2007,LEX,KY,ASO,CE,Combined TRACON& Tower with Radar,6,88,42,0,136,0,0,41,0,41,6,88,83,0,177,16,0,16,193
02/20/2007,LEX,KY,ASO,CE,Combined TRACON& Tower with Radar,4,98,62,0,164,0,0,19,0,19,4,98,81,0,183,10,0,10,193
02/21/2007,LEX,KY,ASO,CE,Combined TRACON& Tower with Radar,6,72,69,0,147,0,0,0,0,0,6,72,69,0,147,0,0,0,147
02/22/2007,LEX,KY,ASO,CE,Combined TRACON& Tower with Radar,11,100,80,1,192,0,0,40,0,40,11,100,120,1,232,6,0,6,238
02/23/2007,LEX,KY,ASO,CE,Combined TRACON& Tower with Radar,6,93,47,1,147,0,4,106,0,110,6,97,153,1,257,56,0,56,313
02/24/2007,LEX,KY,ASO,CE,Combined TRACON& Tower with Radar,7,72,30,0,109,0,0,60,0,60,7,72,90,0,169,10,0,10,179
02/25/2007,LEX,KY,ASO,CE,Combined TRACON& Tower with Radar,8,79,40,9,136,0,0,6,0,6,8,79,46,9,142,5,0,5,147
02/26/2007,LEX,KY,ASO,CE,Combined TRACON& Tower with Radar,4,95,49,2,150,0,0,42,2,44,4,95,91,4,194,12,0,12,206
02/27/2007,LEX,KY,ASO,CE,Combined TRACON& Tower with Radar,8,88,56,5,157,0,0,69,2,71,8,88,125,7,228,14,14,28,256
02/28/2007,LEX,KY,ASO,CE,Combined TRACON& Tower with Radar,7,95,90,1,193,0,5,77,1,83,7,100,167,2,276,8,0,8,284
03/01/2007,LEX,KY,ASO,CE,Combined TRACON& Tower with Radar,8,96,29,0,133,0,0,1,0,1,8,96,30,0,134,0,0,0,134
03/02/2007,LEX,KY,ASO,CE,Combined TRACON& Tower with Radar,9,100,64,0,173,0,3,37,1,41,9,103,101,1,214,0,0,0,214
03/03/2007,LEX,KY,ASO,CE,Combined TRACON& Tower with Radar,7,69,27,3,106,0,0,18,0,18,7,69,45,3,124,0,0,0,124
03/04/2007,LEX,KY,ASO,CE,Combined TRACON& Tower with Radar,4,81,51,3,139,0,1,50,0,51,4,82,101,3,190,0,0,0,190
03/05/2007,LEX,KY,ASO,CE,Combined TRACON& Tower with Radar,5,88,40,0,133,0,2,62,0,64,5,90,102,0,197,6,0,6,203
03/06/2007,LEX,KY,ASO,CE,Combined TRACON& Tower with Radar,3,98,61,5,167,0,2,78,3,83,3,100,139,8,250,39,0,39,289
03/07/2007,LEX,KY,ASO,CE,Combined TRACON& Tower with Radar,9,89,46,7,151,0,1,61,0,62,9,90,107,7,213,6,6,12,225
03/08/2007,LEX,KY,ASO,CE,Combined TRACON& Tower with Radar,7,95,74,2,178,0,0,62,2,64,7,95,136,4,242,4,0,4,246
03/09/2007,LEX,KY,ASO,CE,Combined TRACON& Tower with Radar,5,94,53,1,153,0,0,61,0,61,5,94,114,1,214,4,0,4,218
03/10/2007,LEX,KY,ASO,CE,Combined TRACON& Tower with Radar,6,70,27,0,103,0,2,18,0,20,6,72,45,0,123,13,0,13,136
03/11/2007,LEX,KY,ASO,CE,Combined TRACON& Tower with Radar,5,94,53,1,153,0,0,85,1,86,5,94,138,2,239,64,0,64,303
03/12/2007,LEX,KY,ASO,CE,Combined TRACON& Tower with Radar,5,89,50,0,144,0,2,62,0,64,5,91,112,0,208,0,38,38,246
03/13/2007,LEX,KY,ASO,CE,Combined TRACON& Tower with Radar,10,89,80,0,179,0,3,61,1,65,10,92,141,1,244,26,0,26,270
03/14/2007,LEX,KY,ASO,CE,Combined TRACON& Tower with Radar,8,93,52,2,155,0,1,24,1,26,8,94,76,3,181,1,0,1,182
03/15/2007,LEX,KY,ASO,CE,Combined TRACON& Tower with Radar,9,96,65,12,182,0,0,3,1,4,9,96,68,13,186,2,4,6,192
03/16/2007,LEX,KY,ASO,CE,Combined TRACON& Tower with Radar,15,95,69,0,179,0,0,33,0,33,15,95,102,0,212,33,0,33,245
03/17/2007,LEX,KY,ASO,CE,Combined TRACON& Tower with Radar,7,75,39,2,123,0,1,86,2,89,7,76,125,4,212,17,0,17,229
03/18/2007,LEX,KY,ASO,CE,Combined TRACON& Tower with Radar,6,87,61,0,154,0,0,94,0,94,6,87,155,0,248,24,0,24,272
03/19/2007,LEX,KY,ASO,CE,Combined TRACON& Tower with Radar,6,81,27,0,114,0,3,10,0,13,6,84,37,0,127,0,0,0,127
03/20/2007,LEX,KY,ASO,CE,Combined TRACON& Tower with Radar,5,105,89,0,199,0,0,5,1,6,5,105,94,1,205,5,0,5,210
03/21/2007,LEX,KY,ASO,CE,Combined TRACON& Tower with Radar,5,105,65,4,179,0,0,50,1,51,5,105,115,5,230,0,0,0,230
03/22/2007,LEX,KY,ASO,CE,Combined TRACON& Tower with Radar,6,96,83,0,185,0,2,31,0,33,6,98,114,0,218,6,0,6,224
03/23/2007,LEX,KY,ASO,CE,Combined TRACON& Tower with Radar,5,96,50,0,151,0,2,37,2,41,5,98,87,2,192,0,0,0,192
03/24/2007,LEX,KY,ASO,CE,Combined TRACON& Tower with Radar,6,81,40,0,127,0,0,76,0,76,6,81,116,0,203,26,0,26,229
03/25/2007,LEX,KY,ASO,CE,Combined TRACON& Tower with Radar,3,83,43,0,129,0,2,90,0,92,3,85,133,0,221,17,15,32,253
03/26/2007,LEX,KY,ASO,CE,Combined TRACON& Tower with Radar,8,88,61,8,165,0,0,43,0,43,8,88,104,8,208,18,0,18,226
03/27/2007,LEX,KY,ASO,CE,Combined TRACON& Tower with Radar,4,85,80,12,181,0,0,68,0,68,4,85,148,12,249,35,0,35,284
03/28/2007,LEX,KY,ASO,CE,Combined TRACON& Tower with Radar,6,90,43,0,139,0,0,12,0,12,6,90,55,0,151,0,0,0,151
03/29/2007,LEX,KY,ASO,CE,Combined TRACON& Tower with Radar,8,91,80,0,179,0,0,20,4,24,8,91,100,4,203,12,0,12,215
03/30/2007,LEX,KY,ASO,CE,Combined TRACON& Tower with Radar,7,103,75,5,190,0,0,73,0,73,7,103,148,5,263,46,0,46,309
03/31/2007,LEX,KY,ASO,CE,Combined TRACON& Tower with Radar,4,79,42,0,125,0,1,43,0,44,4,80,85,0,169,13,0,13,182
04/01/2007,LEX,KY,ASO,CE,Combined TRACON& Tower with Radar,6,76,44,0,126,0,3,33,0,36,6,79,77,0,162,22,0,22,184
04/02/2007,LEX,KY,ASO,CE,Combined TRACON& Tower with Radar,5,91,79,2,177,0,1,96,1,98,5,92,175,3,275,51,0,51,326
04/03/2007,LEX,KY,ASO,CE,Combined TRACON& Tower with Radar,8,94,53,3,158,0,1,42,0,43,8,95,95,3,201,20,1,21,222
04/04/2007,LEX,KY,ASO,CE,Combined TRACON& Tower with Radar,5,99,51,1,156,0,0,24,0,24,5,99,75,1,180,0,0,0,180
04/05/2007,LEX,KY,ASO,CE,Combined TRACON& Tower with Radar,5,103,71,1,180,0,0,41,0,41,5,103,112,1,221,0,0,0,221
04/06/2007,LEX,KY,ASO,CE,Combined TRACON& Tower with Radar,6,108,71,0,185,0,2,42,0,44,6,110,113,0,229,22,0,22,251
04/07/2007,LEX,KY,ASO,CE,Combined TRACON& Tower with Radar,8,72,51,0,131,0,0,35,0,35,8,72,86,0,166,52,0,52,218
04/08/2007,LEX,KY,ASO,CE,Combined TRACON& Tower with Radar,8,84,46,0,138,0,0,28,0,28,8,84,74,0,166,13,0,13,179
04/09/2007,LEX,KY,ASO,CE,Combined TRACON& Tower with Radar,8,98,50,1,157,0,1,72,1,74,8,99,122,2,231,22,0,22,253
04/10/2007,LEX,KY,ASO,CE,Combined TRACON& Tower with Radar,6,111,60,1,178,0,0,71,5,76,6,111,131,6,254,8,0,8,262
04/11/2007,LEX,KY,ASO,CE,Combined TRACON& Tower with Radar,8,106,62,0,176,0,0,5,0,5,8,106,67,0,181,0,0,0,181
04/12/2007,LEX,KY,ASO,CE,Combined TRACON& Tower with Radar,3,102,66,0,171,0,0,9,0,9,3,102,75,0,180,0,0,0,180
04/13/2007,LEX,KY,ASO,CE,Combined TRACON& Tower with Radar,8,98,105,1,212,0,0,83,1,84,8,98,188,2,296,20,0,20,316
04/14/2007,LEX,KY,ASO,CE,Combined TRACON& Tower with Radar,7,76,37,0,120,0,2,0,0,2,7,78,37,0,122,1,0,1,123
04/15/2007,LEX,KY,ASO,CE,Combined TRACON& Tower with Radar,4,91,55,2,152,0,0,4,1,5,4,91,59,3,157,0,2,2,159
04/16/2007,LEX,KY,ASO,CE,Combined TRACON& Tower with Radar,6,94,50,0,150,0,3,37,7,47,6,97,87,7,197,6,0,6,203
04/17/2007,LEX,KY,ASO,CE,Combined TRACON& Tower with Radar,4,106,104,0,214,0,1,91,0,92,4,107,195,0,306,56,0,56,362
04/18/2007,LEX,KY,ASO,CE,Combined TRACON& Tower with Radar,3,112,74,4,193,0,2,41,0,43,3,114,115,4,236,20,0,20,256
04/19/2007,LEX,KY,ASO,CE,Combined TRACON& Tower with Radar,2,102,92,3,199,0,0,15,0,15,2,102,107,3,214,3,0,3,217
04/20/2007,LEX,KY,ASO,CE,Combined TRACON& Tower with Radar,3,103,105,0,211,0,0,103,0,103,3,103,208,0,314,10,0,10,324
04/21/2007,LEX,KY,ASO,CE,Combined TRACON& Tower with Radar,2,77,75,0,154,0,0,113,0,113,2,77,188,0,267,7,0,7,274
04/22/2007,LEX,KY,ASO,CE,Combined TRACON& Tower with Radar,6,87,71,1,165,0,8,133,0,141,6,95,204,1,306,46,9,55,361
04/23/2007,LEX,KY,ASO,CE,Combined TRACON& Tower with Radar,3,93,63,0,159,0,0,17,2,19,3,93,80,2,178,0,0,0,178
04/24/2007,LEX,KY,ASO,CE,Combined TRACON& Tower with Radar,2,84,82,0,168,0,2,52,1,55,2,86,134,1,223,10,0,10,233
04/25/2007,LEX,KY,ASO,CE,Combined TRACON& Tower with Radar,3,103,67,0,173,0,0,39,5,44,3,103,106,5,217,0,0,0,217
04/26/2007,LEX,KY,ASO,CE,Combined TRACON& Tower with Radar,3,101,69,0,173,0,0,9,0,9,3,101,78,0,182,6,0,6,188
04/27/2007,LEX,KY,ASO,CE,Combined TRACON& Tower with Radar,6,113,77,0,196,0,2,31,1,34,6,115,108,1,230,4,0,4,234
04/28/2007,LEX,KY,ASO,CE,Combined TRACON& Tower with Radar,2,71,46,0,119,0,0,61,0,61,2,71,107,0,180,32,0,32,212
04/29/2007,LEX,KY,ASO,CE,Combined TRACON& Tower with Radar,3,96,71,0,170,0,8,101,0,109,3,104,172,0,279,71,0,71,350
04/30/2007,LEX,KY,ASO,CE,Combined TRACON& Tower with Radar,4,94,71,5,174,0,4,83,3,90,4,98,154,8,264,29,7,36,300
05/01/2007,LEX,KY,ASO,CE,Combined TRACON& Tower with Radar,2,93,54,0,149,0,4,68,1,73,2,97,122,1,222,12,0,12,234
05/02/2007,LEX,KY,ASO,CE,Combined TRACON& Tower with Radar,2,102,87,0,191,0,1,24,0,25,2,103,111,0,216,0,0,0,216
05/03/2007,LEX,KY,ASO,CE,Combined TRACON& Tower with Radar,2,123,140,2,267,0,0,1,0,1,2,123,141,2,268,0,0,0,268
05/04/2007,LEX,KY,ASO,CE,Combined TRACON& Tower with Radar,4,107,99,4,214,0,0,11,0,11,4,107,110,4,225,2,1,3,228
05/05/2007,LEX,KY,ASO,CE,Combined TRACON& Tower with Radar,2,81,43,0,126,0,0,11,2,13,2,81,54,2,139,0,0,0,139
05/06/2007,LEX,KY,ASO,CE,Combined TRACON& Tower with Radar,3,123,120,1,247,0,2,63,0,65,3,125,183,1,312,0,0,0,312
05/07/2007,LEX,KY,ASO,CE,Combined TRACON& Tower with Radar,3,96,68,2,169,0,1,74,2,77,3,97,142,4,246,24,0,24,270
05/08/2007,LEX,KY,ASO,CE,Combined TRACON& Tower with Radar,4,84,72,1,161,0,0,84,0,84,4,84,156,1,245,61,1,62,307
05/09/2007,LEX,KY,ASO,CE,Combined TRACON& Tower with Radar,5,106,74,1,186,0,1,84,3,88,5,107,158,4,274,47,0,47,321
05/10/2007,LEX,KY,ASO,CE,Combined TRACON& Tower with Radar,4,111,66,1,182,0,0,57,0,57,4,111,123,1,239,27,0,27,266
05/11/2007,LEX,KY,ASO,CE,Combined TRACON& Tower with Radar,13,104,72,1,190,0,1,58,1,60,13,105,130,2,250,11,0,11,261
05/12/2007,LEX,KY,ASO,CE,Combined TRACON& Tower with Radar,2,72,29,2,105,0,0,83,0,83,2,72,112,2,188,12,0,12,200
05/13/2007,LEX,KY,ASO,CE,Combined TRACON& Tower with Radar,3,95,57,2,157,0,0,72,2,74,3,95,129,4,231,0,6,6,237
05/14/2007,LEX,KY,ASO,CE,Combined TRACON& Tower with Radar,3,100,64,0,167,0,0,50,1,51,3,100,114,1,218,21,0,21,239
05/15/2007,LEX,KY,ASO,CE,Combined TRACON& Tower with Radar,2,93,58,0,153,0,6,44,0,50,2,99,102,0,203,0,2,2,205
05/16/2007,LEX,KY,ASO,CE,Combined TRACON& Tower with Radar,3,105,80,0,188,0,0,18,0,18,3,105,98,0,206,0,0,0,206
05/17/2007,LEX,KY,ASO,CE,Combined TRACON& Tower with Radar,3,104,92,1,200,0,0,46,1,47,3,104,138,2,247,2,0,2,249
05/18/2007,LEX,KY,ASO,CE,Combined TRACON& Tower with Radar,4,105,80,7,196,0,1,52,1,54,4,106,132,8,250,23,2,25,275
05/19/2007,LEX,KY,ASO,CE,Combined TRACON& Tower with Radar,7,72,44,0,123,0,2,78,1,81,7,74,122,1,204,34,0,34,238
05/20/2007,LEX,KY,ASO,CE,Combined TRACON& Tower with Radar,4,104,72,8,188,0,0,91,5,96,4,104,163,13,284,20,0,20,304
05/21/2007,LEX,KY,ASO,CE,Combined TRACON& Tower with Radar,4,103,71,4,182,0,2,58,0,60,4,105,129,4,242,39,0,39,281
05/22/2007,LEX,KY,ASO,CE,Combined TRACON& Tower with Radar,10,93,49,2,154,0,0,73,0,73,10,93,122,2,227,16,0,16,243
05/23/2007,LEX,KY,ASO,CE,Combined TRACON& Tower with Radar,1,101,72,4,178,0,0,76,0,76,1,101,148,4,254,23,3,26,280
05/24/2007,LEX,KY,ASO,CE,Combined TRACON& Tower with Radar,3,95,86,1,185,0,2,61,1,64,3,97,147,2,249,49,0,49,298
05/25/2007,LEX,KY,ASO,CE,Combined TRACON& Tower with Radar,6,100,62,1,169,0,0,71,0,71,6,100,133,1,240,4,0,4,244
05/26/2007,LEX,KY,ASO,CE,Combined TRACON& Tower with Radar,4,69,44,0,117,0,2,60,0,62,4,71,104,0,179,14,0,14,193
05/27/2007,LEX,KY,ASO,CE,Combined TRACON& Tower with Radar,3,65,37,1,106,0,2,42,0,44,3,67,79,1,150,13,0,13,163
05/28/2007,LEX,KY,ASO,CE,Combined TRACON& Tower with Radar,2,81,66,0,149,0,5,57,0,62,2,86,123,0,211,22,0,22,233
05/29/2007,LEX,KY,ASO,CE,Combined TRACON& Tower with Radar,5,98,63,0,166,0,0,45,0,45,5,98,108,0,211,12,0,12,223
05/30/2007,LEX,KY,ASO,CE,Combined TRACON& Tower with Radar,2,90,74,1,167,0,1,76,0,77,2,91,150,1,244,15,0,15,259
05/31/2007,LEX,KY,ASO,CE,Combined TRACON& Tower with Radar,3,96,84,2,185,0,3,54,0,57,3,99,138,2,242,0,2,2,244
06/01/2007,LEX,KY,ASO,CE,Combined TRACON& Tower with Radar,7,90,85,7,189,0,0,58,1,59,7,90,143,8,248,32,0,32,280
06/02/2007,LEX,KY,ASO,CE,Combined TRACON& Tower with Radar,2,65,34,0,101,0,0,38,1,39,2,65,72,1,140,15,0,15,155
06/03/2007,LEX,KY,ASO,CE,Combined TRACON& Tower with Radar,2,98,50,1,151,0,3,22,0,25,2,101,72,1,176,17,0,17,193
06/04/2007,LEX,KY,ASO,CE,Combined TRACON& Tower with Radar,2,92,53,0,147,0,1,18,0,19,2,93,71,0,166,2,0,2,168
06/05/2007,LEX,KY,ASO,CE,Combined TRACON& Tower with Radar,7,93,55,0,155,0,0,24,0,24,7,93,79,0,179,14,0,14,193
06/06/2007,LEX,KY,ASO,CE,Combined TRACON& Tower with Radar,2,99,74,1,176,0,2,98,0,100,2,101,172,1,276,39,0,39,315
06/07/2007,LEX,KY,ASO,CE,Combined TRACON& Tower with Radar,2,89,74,1,166,0,1,66,0,67,2,90,140,1,233,29,0,29,262
06/08/2007,LEX,KY,ASO,CE,Combined TRACON& Tower with Radar,3,89,45,1,138,0,0,49,0,49,3,89,94,1,187,10,0,10,197
06/09/2007,LEX,KY,ASO,CE,Combined TRACON& Tower with Radar,2,83,38,1,124,0,0,74,0,74,2,83,112,1,198,24,0,24,222
06/10/2007,LEX,KY,ASO,CE,Combined TRACON& Tower with Radar,2,89,60,0,151,0,0,89,0,89,2,89,149,0,240,50,0,50,290
06/11/2007,LEX,KY,ASO,CE,Combined TRACON& Tower with Radar,3,98,71,1,173,0,0,55,2,57,3,98,126,3,230,31,0,31,261
06/12/2007,LEX,KY,ASO,CE,Combined TRACON& Tower with Radar,2,92,53,1,148,0,1,60,0,61,2,93,113,1,209,0,0,0,209
06/13/2007,LEX,KY,ASO,CE,Combined TRACON& Tower with Radar,3,110,84,7,204,0,1,68,3,72,3,111,152,10,276,25,8,33,309
06/14/2007,LEX,KY,ASO,CE,Combined TRACON& Tower with Radar,1,99,79,9,188,0,0,52,4,56,1,99,131,13,244,15,8,23,267
06/15/2007,LEX,KY,ASO,CE,Combined TRACON& Tower with Radar,5,118,67,6,196,0,0,61,0,61,5,118,128,6,257,4,0,4,261
06/16/2007,LEX,KY,ASO,CE,Combined TRACON& Tower with Radar,7,80,37,3,127,0,0,76,1,77,7,80,113,4,204,26,0,26,230
06/17/2007,LEX,KY,ASO,CE,Combined TRACON& Tower with Radar,2,90,40,0,132,0,0,74,0,74,2,90,114,0,206,12,0,12,218
06/18/2007,LEX,KY,ASO,CE,Combined TRACON& Tower with Radar,2,100,69,0,171,0,1,41,0,42,2,101,110,0,213,14,0,14,227
06/19/2007,LEX,KY,ASO,CE,Combined TRACON& Tower with Radar,1,95,43,5,144,0,0,35,3,38,1,95,78,8,182,0,0,0,182
06/20/2007,LEX,KY,ASO,CE,Combined TRACON& Tower with Radar,1,120,78,2,201,0,0,61,1,62,1,120,139,3,263,8,1,9,272
06/21/2007,LEX,KY,ASO,CE,Combined TRACON& Tower with Radar,4,102,98,5,209,0,2,97,3,102,4,104,195,8,311,42,0,42,353
06/22/2007,LEX,KY,ASO,CE,Combined TRACON& Tower with Radar,4,105,48,8,165,0,0,19,1,20,4,105,67,9,185,4,1,5,190
06/23/2007,LEX,KY,ASO,CE,Combined TRACON& Tower with Radar,2,82,46,4,134,0,0,30,2,32,2,82,76,6,166,16,0,16,182
06/24/2007,LEX,KY,ASO,CE,Combined TRACON& Tower with Radar,2,90,48,5,145,0,0,28,0,28,2,90,76,5,173,39,0,39,212
06/25/2007,LEX,KY,ASO,CE,Combined TRACON& Tower with Radar,2,103,59,2,166,0,1,24,0,25,2,104,83,2,191,0,0,0,191
06/26/2007,LEX,KY,ASO,CE,Combined TRACON& Tower with Radar,3,103,48,10,164,0,3,50,1,54,3,106,98,11,218,23,0,23,241
06/27/2007,LEX,KY,ASO,CE,Combined TRACON& Tower with Radar,3,90,68,2,163,0,0,60,1,61,3,90,128,3,224,0,0,0,224
06/28/2007,LEX,KY,ASO,CE,Combined TRACON& Tower with Radar,1,104,66,0,171,0,2,16,1,19,1,106,82,1,190,18,0,18,208
06/29/2007,LEX,KY,ASO,CE,Combined TRACON& Tower with Radar,5,108,65,0,178,0,0,27,0,27,5,108,92,0,205,44,0,44,249
06/30/2007,LEX,KY,ASO,CE,Combined TRACON& Tower with Radar,2,69,39,4,114,0,2,63,0,65,2,71,102,4,179,14,0,14,193
07/01/2007,LEX,KY,ASO,CE,Combined TRACON& Tower with Radar,1,87,45,0,133,0,1,63,0,64,1,88,108,0,197,11,2,13,210
07/02/2007,LEX,KY,ASO,CE,Combined TRACON& Tower with Radar,3,85,52,1,141,0,0,69,0,69,3,85,121,1,210,16,0,16,226
07/03/2007,LEX,KY,ASO,CE,Combined TRACON& Tower with Radar,1,87,43,4,135,0,2,61,2,65,1,89,104,6,200,13,10,23,223
07/04/2007,LEX,KY,ASO,CE,Combined TRACON& Tower with Radar,4,73,34,0,111,0,0,15,0,15,4,73,49,0,126,0,0,0,126
07/05/2007,LEX,KY,ASO,CE,Combined TRACON& Tower with Radar,2,91,50,0,143,0,0,11,0,11,2,91,61,0,154,12,0,12,166
07/06/2007,LEX,KY,ASO,CE,Combined TRACON& Tower with Radar,2,91,84,0,177,0,0,72,0,72,2,91,156,0,249,8,0,8,257
07/07/2007,LEX,KY,ASO,CE,Combined TRACON& Tower with Radar,2,83,47,0,132,0,0,62,0,62,2,83,109,0,194,6,0,6,200
07/08/2007,LEX,KY,ASO,CE,Combined TRACON& Tower with Radar,4,89,51,8,152,0,1,67,5,73,4,90,118,13,225,8,0,8,233
07/09/2007,LEX,KY,ASO,CE,Combined TRACON& Tower with Radar,2,98,74,5,179,0,0,56,0,56,2,98,130,5,235,18,0,18,253
07/10/2007,LEX,KY,ASO,CE,Combined TRACON& Tower with Radar,7,97,61,0,165,0,5,17,1,23,7,102,78,1,188,6,0,6,194
07/11/2007,LEX,KY,ASO,CE,Combined TRACON& Tower with Radar,3,101,48,0,152,0,2,22,0,24,3,103,70,0,176,11,0,11,187
07/12/2007,LEX,KY,ASO,CE,Combined TRACON& Tower with Radar,2,95,74,5,176,0,0,67,2,69,2,95,141,7,245,4,10,14,259
07/13/2007,LEX,KY,ASO,CE,Combined TRACON& Tower with Radar,5,105,69,0,179,0,2,55,1,58,5,107,124,1,237,18,0,18,255
07/14/2007,LEX,KY,ASO,CE,Combined TRACON& Tower with Radar,2,80,48,0,130,0,0,61,0,61,2,80,109,0,191,4,0,4,195
07/15/2007,LEX,KY,ASO,CE,Combined TRACON& Tower with Radar,2,90,59,0,151,0,0,36,0,36,2,90,95,0,187,2,0,2,189
07/16/2007,LEX,KY,ASO,CE,Combined TRACON& Tower with Radar,3,108,66,0,177,0,0,43,0,43,3,108,109,0,220,44,0,44,264
07/17/2007,LEX,KY,ASO,CE,Combined TRACON& Tower with Radar,2,108,61,0,171,0,3,55,1,59,2,111,116,1,230,2,0,2,232
07/18/2007,LEX,KY,ASO,CE,Combined TRACON& Tower with Radar,3,107,63,2,175,0,0,33,2,35,3,107,96,4,210,1,1,2,212
07/19/2007,LEX,KY,ASO,CE,Combined TRACON& Tower with Radar,1,101,72,0,174,0,2,30,0,32,1,103,102,0,206,20,0,20,226
07/20/2007,LEX,KY,ASO,CE,Combined TRACON& Tower with Radar,4,101,78,3,186,0,0,45,1,46,4,101,123,4,232,28,2,30,262
07/21/2007,LEX,KY,ASO,CE,Combined TRACON& Tower with Radar,3,82,39,0,124,0,2,64,0,66,3,84,103,0,190,15,0,15,205
07/22/2007,LEX,KY,ASO,CE,Combined TRACON& Tower with Radar,2,88,75,0,165,0,0,80,0,80,2,88,155,0,245,0,0,0,245
07/23/2007,LEX,KY,ASO,CE,Combined TRACON& Tower with Radar,6,94,76,2,178,0,0,60,0,60,6,94,136,2,238,7,4,11,249
07/24/2007,LEX,KY,ASO,CE,Combined TRACON& Tower with Radar,3,106,52,0,161,0,0,38,1,39,3,106,90,1,200,18,0,18,218
07/25/2007,LEX,KY,ASO,CE,Combined TRACON& Tower with Radar,2,107,87,2,198,0,0,49,0,49,2,107,136,2,247,12,0,12,259
07/26/2007,LEX,KY,ASO,CE,Combined TRACON& Tower with Radar,3,103,67,4,177,0,0,25,4,29,3,103,92,8,206,13,0,13,219
07/27/2007,LEX,KY,ASO,CE,Combined TRACON& Tower with Radar,4,108,73,1,186,0,0,11,0,11,4,108,84,1,197,0,0,0,197
07/28/2007,LEX,KY,ASO,CE,Combined TRACON& Tower with Radar,3,75,30,1,109,0,0,10,0,10,3,75,40,1,119,10,0,10,129
07/29/2007,LEX,KY,ASO,CE,Combined TRACON& Tower with Radar,6,104,56,0,166,0,0,22,0,22,6,104,78,0,188,13,0,13,201
07/30/2007,LEX,KY,ASO,CE,Combined TRACON& Tower with Radar,3,95,53,7,158,0,0,48,5,53,3,95,101,12,211,6,2,8,219
07/31/2007,LEX,KY,ASO,CE,Combined TRACON& Tower with Radar,3,98,60,0,161,0,0,68,0,68,3,98,128,0,229,8,0,8,237
08/01/2007,LEX,KY,ASO,CE,Combined TRACON& Tower with Radar,5,105,63,0,173,0,0,63,1,64,5,105,126,1,237,24,0,24,261
08/02/2007,LEX,KY,ASO,CE,Combined TRACON& Tower with Radar,5,103,66,0,174,0,1,49,3,53,5,104,115,3,227,34,0,34,261
08/03/2007,LEX,KY,ASO,CE,Combined TRACON& Tower with Radar,13,102,67,0,182,0,3,21,0,24,13,105,88,0,206,19,0,19,225
08/04/2007,LEX,KY,ASO,CE,Combined TRACON& Tower with Radar,2,74,38,0,114,0,2,57,0,59,2,76,95,0,173,42,0,42,215
08/05/2007,LEX,KY,ASO,CE,Combined TRACON& Tower with Radar,2,98,51,0,151,0,0,21,0,21,2,98,72,0,172,7,0,7,179
08/06/2007,LEX,KY,ASO,CE,Combined TRACON& Tower with Radar,3,93,74,0,170,0,0,26,2,28,3,93,100,2,198,19,0,19,217
08/07/2007,LEX,KY,ASO,CE,Combined TRACON& Tower with Radar,3,107,49,7,166,0,0,38,2,40,3,107,87,9,206,15,9,24,230
08/08/2007,LEX,KY,ASO,CE,Combined TRACON& Tower with Radar,3,99,51,3,156,0,2,40,0,42,3,101,91,3,198,17,0,17,215
08/09/2007,LEX,KY,ASO,CE,Combined TRACON& Tower with Radar,5,110,30,0,145,0,0,38,3,41,5,110,68,3,186,2,0,2,188
08/10/2007,LEX,KY,ASO,CE,Combined TRACON& Tower with Radar,4,96,58,2,160,0,5,58,0,63,4,101,116,2,223,0,0,0,223
08/11/2007,LEX,KY,ASO,CE,Combined TRACON& Tower with Radar,5,83,33,0,121,0,2,83,1,86,5,85,116,1,207,16,14,30,237
08/12/2007,LEX,KY,ASO,CE,Combined TRACON& Tower with Radar,2,101,61,3,167,0,0,70,0,70,2,101,131,3,237,0,0,0,237
08/13/2007,LEX,KY,ASO,CE,Combined TRACON& Tower with Radar,3,100,62,1,166,0,1,50,2,53,3,101,112,3,219,0,0,0,219
08/14/2007,LEX,KY,ASO,CE,Combined TRACON& Tower with Radar,5,109,74,0,188,0,0,55,0,55,5,109,129,0,243,0,42,42,285
08/15/2007,LEX,KY,ASO,CE,Combined TRACON& Tower with Radar,5,121,58,6,190,0,0,99,3,102,5,121,157,9,292,12,0,12,304
08/16/2007,LEX,KY,ASO,CE,Combined TRACON& Tower with Radar,5,98,69,0,172,0,0,33,0,33,5,98,102,0,205,0,0,0,205
08/17/2007,LEX,KY,ASO,CE,Combined TRACON& Tower with Radar,12,102,76,0,190,0,0,31,1,32,12,102,107,1,222,14,0,14,236
08/18/2007,LEX,KY,ASO,CE,Combined TRACON& Tower with Radar,3,82,49,2,136,0,0,77,2,79,3,82,126,4,215,17,0,17,232
08/19/2007,LEX,KY,ASO,CE,Combined TRACON& Tower with Radar,2,110,65,7,184,0,0,49,2,51,2,110,114,9,235,8,0,8,243
08/20/2007,LEX,KY,ASO,CE,Combined TRACON& Tower with Radar,5,98,44,0,147,0,0,26,1,27,5,98,70,1,174,0,3,3,177
08/21/2007,LEX,KY,ASO,CE,Combined TRACON& Tower with Radar,12,96,58,0,166,0,0,28,1,29,12,96,86,1,195,0,8,8,203
08/22/2007,LEX,KY,ASO,CE,Combined TRACON& Tower with Radar,10,99,62,0,171,0,1,58,0,59,10,100,120,0,230,2,0,2,232
08/23/2007,LEX,KY,ASO,CE,Combined TRACON& Tower with Radar,7,106,70,8,191,0,3,52,3,58,7,109,122,11,249,8,14,22,271
08/24/2007,LEX,KY,ASO,CE,Combined TRACON& Tower with Radar,3,101,62,4,170,0,0,67,3,70,3,101,129,7,240,14,7,21,261
08/25/2007,LEX,KY,ASO,CE,Combined TRACON& Tower with Radar,3,64,42,0,109,0,0,59,0,59,3,64,101,0,168,40,0,40,208
08/26/2007,LEX,KY,ASO,CE,Combined TRACON& Tower with Radar,5,87,65,1,158,0,0,51,0,51,5,87,116,1,209,18,0,18,227
08/27/2007,LEX,KY,ASO,CE,Combined TRACON& Tower with Radar,3,97,72,4,176,0,0,68,2,70,3,97,140,6,246,17,0,17,263
08/28/2007,LEX,KY,ASO,CE,Combined TRACON& Tower with Radar,3,94,55,2,154,0,0,49,2,51,3,94,104,4,205,10,0,10,215
08/29/2007,LEX,KY,ASO,CE,Combined TRACON& Tower with Radar,1,93,61,7,162,0,0,42,0,42,1,93,103,7,204,21,18,39,243
08/30/2007,LEX,KY,ASO,CE,Combined TRACON& Tower with Radar,1,112,70,2,185,0,0,41,2,43,1,112,111,4,228,34,0,34,262
08/31/2007,LEX,KY,ASO,CE,Combined TRACON& Tower with Radar,3,106,73,0,182,0,0,66,3,69,3,106,139,3,251,44,14,58,309
09/01/2007,LEX,KY,ASO,CE,Combined TRACON& Tower with Radar,2,64,35,1,102,0,0,100,2,102,2,64,135,3,204,0,24,24,228
09/02/2007,LEX,KY,ASO,CE,Combined TRACON& Tower with Radar,1,70,42,0,113,0,2,54,0,56,1,72,96,0,169,2,0,2,171
09/03/2007,LEX,KY,ASO,CE,Combined TRACON& Tower with Radar,2,99,48,0,149,0,0,71,0,71,2,99,119,0,220,50,0,50,270
09/04/2007,LEX,KY,ASO,CE,Combined TRACON& Tower with Radar,5,91,62,1,159,0,0,53,2,55,5,91,115,3,214,10,0,10,224
09/05/2007,LEX,KY,ASO,CE,Combined TRACON& Tower with Radar,3,100,52,1,156,0,0,42,0,42,3,100,94,1,198,0,25,25,223
09/06/2007,LEX,KY,ASO,CE,Combined TRACON& Tower with Radar,7,112,91,0,210,0,2,32,0,34,7,114,123,0,244,0,0,0,244
09/07/2007,LEX,KY,ASO,CE,Combined TRACON& Tower with Radar,4,118,94,0,216,0,0,46,0,46,4,118,140,0,262,0,0,0,262
09/08/2007,LEX,KY,ASO,CE,Combined TRACON& Tower with Radar,4,70,63,0,137,0,1,61,0,62,4,71,124,0,199,0,0,0,199
09/09/2007,LEX,KY,ASO,CE,Combined TRACON& Tower with Radar,5,119,67,2,193,0,0,21,0,21,5,119,88,2,214,13,0,13,227
09/10/2007,LEX,KY,ASO,CE,Combined TRACON& Tower with Radar,5,100,77,2,184,0,0,3,0,3,5,100,80,2,187,0,0,0,187
09/11/2007,LEX,KY,ASO,CE,Combined TRACON& Tower with Radar,6,119,78,3,206,0,0,32,5,37,6,119,110,8,243,26,0,26,269
09/12/2007,LEX,KY,ASO,CE,Combined TRACON& Tower with Radar,4,123,106,3,236,0,0,82,3,85,4,123,188,6,321,2,0,2,323
09/13/2007,LEX,KY,ASO,CE,Combined TRACON& Tower with Radar,4,118,75,7,204,0,1,77,3,81,4,119,152,10,285,6,0,6,291
09/14/2007,LEX,KY,ASO,CE,Combined TRACON& Tower with Radar,3,114,56,0,173,0,0,53,0,53,3,114,109,0,226,22,0,22,248
09/15/2007,LEX,KY,ASO,CE,Combined TRACON& Tower with Radar,5,92,72,2,171,0,2,75,0,77,5,94,147,2,248,41,24,65,313
09/16/2007,LEX,KY,ASO,CE,Combined TRACON& Tower with Radar,4,99,86,2,191,0,0,69,0,69,4,99,155,2,260,13,4,17,277
09/17/2007,LEX,KY,ASO,CE,Combined TRACON& Tower with Radar,9,103,64,2,178,0,0,83,1,84,9,103,147,3,262,14,0,14,276
09/18/2007,LEX,KY,ASO,CE,Combined TRACON& Tower with Radar,5,98,75,0,178,0,2,65,0,67,5,100,140,0,245,12,0,12,257
09/19/2007,LEX,KY,ASO,CE,Combined TRACON& Tower with Radar,5,103,77,0,185,0,0,68,0,68,5,103,145,0,253,16,0,16,269
09/20/2007,LEX,KY,ASO,CE,Combined TRACON& Tower with Radar,3,98,64,2,167,0,0,76,1,77,3,98,140,3,244,38,0,38,282
09/21/2007,LEX,KY,ASO,CE,Combined TRACON& Tower with Radar,10,110,79,0,199,0,0,73,0,73,10,110,152,0,272,42,0,42,314
09/22/2007,LEX,KY,ASO,CE,Combined TRACON& Tower with Radar,2,74,37,2,115,0,0,47,0,47,2,74,84,2,162,28,0,28,190
09/23/2007,LEX,KY,ASO,CE,Combined TRACON& Tower with Radar,4,98,64,0,166,0,0,63,0,63,4,98,127,0,229,24,0,24,253
09/24/2007,LEX,KY,ASO,CE,Combined TRACON& Tower with Radar,4,100,62,3,169,0,0,61,3,64,4,100,123,6,233,30,0,30,263
09/25/2007,LEX,KY,ASO,CE,Combined TRACON& Tower with Radar,3,95,60,5,163,0,5,52,0,57,3,100,112,5,220,6,0,6,226
09/26/2007,LEX,KY,ASO,CE,Combined TRACON& Tower with Radar,4,101,81,7,193,0,1,20,0,21,4,102,101,7,214,14,24,38,252
09/27/2007,LEX,KY,ASO,CE,Combined TRACON& Tower with Radar,9,108,83,1,201,0,0,18,0,18,9,108,101,1,219,6,0,6,225
09/28/2007,LEX,KY,ASO,CE,Combined TRACON& Tower with Radar,4,104,78,1,187,0,1,95,1,97,4,105,173,2,284,35,4,39,323
09/29/2007,LEX,KY,ASO,CE,Combined TRACON& Tower with Radar,2,82,61,0,145,0,0,104,3,107,2,82,165,3,252,37,0,37,289
09/30/2007,LEX,KY,ASO,CE,Combined TRACON& Tower with Radar,4,92,50,1,147,0,1,63,0,64,4,93,113,1,211,28,0,28,239
10/01/2007,LEX,KY,ASO,CE,Combined TRACON& Tower with Radar,3,99,64,0,166,0,0,47,0,47,3,99,111,0,213,7,0,7,220
10/02/2007,LEX,KY,ASO,CE,Combined TRACON& Tower with Radar,5,95,81,0,181,0,1,67,0,68,5,96,148,0,249,13,0,13,262
10/03/2007,LEX,KY,ASO,CE,Combined TRACON& Tower with Radar,4,102,77,3,186,0,1,57,3,61,4,103,134,6,247,27,0,27,274
10/04/2007,LEX,KY,ASO,CE,Combined TRACON& Tower with Radar,2,96,87,0,185,0,0,75,0,75,2,96,162,0,260,5,0,5,265
10/05/2007,LEX,KY,ASO,CE,Combined TRACON& Tower with Radar,8,115,70,3,196,0,0,46,0,46,8,115,116,3,242,12,2,14,256
10/06/2007,LEX,KY,ASO,CE,Combined TRACON& Tower with Radar,2,86,83,0,171,0,0,85,0,85,2,86,168,0,256,0,0,0,256
10/07/2007,LEX,KY,ASO,CE,Combined TRACON& Tower with Radar,4,99,60,0,163,0,0,55,0,55,4,99,115,0,218,4,0,4,222
10/08/2007,LEX,KY,ASO,CE,Combined TRACON& Tower with Radar,2,97,69,0,168,0,5,74,0,79,2,102,143,0,247,18,0,18,265
10/09/2007,LEX,KY,ASO,CE,Combined TRACON& Tower with Radar,5,101,64,0,170,0,0,37,0,37,5,101,101,0,207,10,0,10,217
10/10/2007,LEX,KY,ASO,CE,Combined TRACON& Tower with Radar,7,102,86,0,195,0,0,57,0,57,7,102,143,0,252,10,0,10,262
10/11/2007,LEX,KY,ASO,CE,Combined TRACON& Tower with Radar,4,100,93,0,197,0,0,45,0,45,4,100,138,0,242,26,0,26,268
10/12/2007,LEX,KY,ASO,CE,Combined TRACON& Tower with Radar,8,118,94,0,220,0,0,67,0,67,8,118,161,0,287,2,0,2,289
10/13/2007,LEX,KY,ASO,CE,Combined TRACON& Tower with Radar,6,85,81,0,172,0,2,91,0,93,6,87,172,0,265,30,0,30,295
10/14/2007,LEX,KY,ASO,CE,Combined TRACON& Tower with Radar,9,100,84,0,193,0,0,80,0,80,9,100,164,0,273,58,0,58,331
10/15/2007,LEX,KY,ASO,CE,Combined TRACON& Tower with Radar,2,101,86,2,191,0,0,68,0,68,2,101,154,2,259,24,0,24,283
10/16/2007,LEX,KY,ASO,CE,Combined TRACON& Tower with Radar,6,99,56,2,163,0,0,25,0,25,6,99,81,2,188,16,0,16,204
10/17/2007,LEX,KY,ASO,CE,Combined TRACON& Tower with Radar,4,105,76,4,189,0,0,37,0,37,4,105,113,4,226,8,17,25,251
10/18/2007,LEX,KY,ASO,CE,Combined TRACON& Tower with Radar,2,122,87,0,211,0,0,11,0,11,2,122,98,0,222,0,0,0,222
10/19/2007,LEX,KY,ASO,CE,Combined TRACON& Tower with Radar,6,109,92,4,211,0,0,51,0,51,6,109,143,4,262,6,0,6,268
10/20/2007,LEX,KY,ASO,CE,Combined TRACON& Tower with Radar,5,89,84,0,178,0,0,96,0,96,5,89,180,0,274,27,0,27,301
10/21/2007,LEX,KY,ASO,CE,Combined TRACON& Tower with Radar,6,85,66,0,157,0,0,69,0,69,6,85,135,0,226,28,0,28,254
10/22/2007,LEX,KY,ASO,CE,Combined TRACON& Tower with Radar,5,98,45,0,148,0,0,25,0,25,5,98,70,0,173,0,0,0,173
10/23/2007,LEX,KY,ASO,CE,Combined TRACON& Tower with Radar,3,104,48,0,155,0,0,0,0,0,3,104,48,0,155,0,0,0,155
10/24/2007,LEX,KY,ASO,CE,Combined TRACON& Tower with Radar,5,113,56,5,179,0,0,3,1,4,5,113,59,6,183,0,10,10,193
10/25/2007,LEX,KY,ASO,CE,Combined TRACON& Tower with Radar,2,114,92,3,211,0,0,17,1,18,2,114,109,4,229,0,0,0,229
10/26/2007,LEX,KY,ASO,CE,Combined TRACON& Tower with Radar,5,107,81,5,198,0,2,41,4,47,5,109,122,9,245,10,16,26,271
10/27/2007,LEX,KY,ASO,CE,Combined TRACON& Tower with Radar,11,65,74,2,152,0,0,20,0,20,11,65,94,2,172,0,0,0,172
10/28/2007,LEX,KY,ASO,CE,Combined TRACON& Tower with Radar,3,97,73,0,173,0,0,62,0,62,3,97,135,0,235,10,0,10,245
10/29/2007,LEX,KY,ASO,CE,Combined TRACON& Tower with Radar,4,97,48,2,151,0,0,56,0,56,4,97,104,2,207,38,0,38,245
10/30/2007,LEX,KY,ASO,CE,Combined TRACON& Tower with Radar,4,99,72,0,175,0,0,85,2,87,4,99,157,2,262,22,0,22,284
10/31/2007,LEX,KY,ASO,CE,Combined TRACON& Tower with Radar,8,98,60,4,170,0,0,77,2,79,8,98,137,6,249,18,0,18,267
11/01/2007,LEX,KY,ASO,CE,Combined TRACON& Tower with Radar,3,109,66,5,183,0,0,58,1,59,3,109,124,6,242,20,0,20,262
11/02/2007,LEX,KY,ASO,CE,Combined TRACON& Tower with Radar,3,106,91,0,200,0,0,58,1,59,3,106,149,1,259,0,0,0,259
11/03/2007,LEX,KY,ASO,CE,Combined TRACON& Tower with Radar,4,64,48,5,121,0,0,77,0,77,4,64,125,5,198,15,0,15,213
11/04/2007,LEX,KY,ASO,CE,Combined TRACON& Tower with Radar,2,95,53,0,150,0,0,49,0,49,2,95,102,0,199,1,1,2,201
11/05/2007,LEX,KY,ASO,CE,Combined TRACON& Tower with Radar,3,105,79,2,189,0,0,12,2,14,3,105,91,4,203,6,0,6,209
11/06/2007,LEX,KY,ASO,CE,Combined TRACON& Tower with Radar,3,106,77,6,192,0,0,28,6,34,3,106,105,12,226,22,17,39,265
11/07/2007,LEX,KY,ASO,CE,Combined TRACON& Tower with Radar,4,114,81,7,206,0,0,57,0,57,4,114,138,7,263,30,22,52,315
11/08/2007,LEX,KY,ASO,CE,Combined TRACON& Tower with Radar,2,105,69,2,178,0,0,46,2,48,2,105,115,4,226,13,4,17,243
11/09/2007,LEX,KY,ASO,CE,Combined TRACON& Tower with Radar,2,102,71,4,179,0,1,54,1,56,2,103,125,5,235,21,0,21,256
11/10/2007,LEX,KY,ASO,CE,Combined TRACON& Tower with Radar,2,70,39,0,111,0,0,67,0,67,2,70,106,0,178,80,0,80,258
11/11/2007,LEX,KY,ASO,CE,Combined TRACON& Tower with Radar,6,77,50,0,133,0,1,34,0,35,6,78,84,0,168,24,0,24,192
11/12/2007,LEX,KY,ASO,CE,Combined TRACON& Tower with Radar,4,92,70,0,166,0,1,27,0,28,4,93,97,0,194,6,0,6,200
11/13/2007,LEX,KY,ASO,CE,Combined TRACON& Tower with Radar,4,93,58,0,155,0,0,4,0,4,4,93,62,0,159,0,0,0,159
11/14/2007,LEX,KY,ASO,CE,Combined TRACON& Tower with Radar,3,98,69,3,173,0,0,2,0,2,3,98,71,3,175,2,0,2,177
11/15/2007,LEX,KY,ASO,CE,Combined TRACON& Tower with Radar,7,118,46,0,171,0,1,17,3,21,7,119,63,3,192,0,0,0,192
11/16/2007,LEX,KY,ASO,CE,Combined TRACON& Tower with Radar,4,92,90,0,186,0,0,83,2,85,4,92,173,2,271,14,0,14,285
11/17/2007,LEX,KY,ASO,CE,Combined TRACON& Tower with Radar,5,63,55,0,123,0,0,73,0,73,5,63,128,0,196,0,0,0,196
11/18/2007,LEX,KY,ASO,CE,Combined TRACON& Tower with Radar,4,80,55,3,142,0,0,66,0,66,4,80,121,3,208,41,26,67,275
11/19/2007,LEX,KY,ASO,CE,Combined TRACON& Tower with Radar,2,92,74,2,170,0,0,4,0,4,2,92,78,2,174,0,0,0,174
11/20/2007,LEX,KY,ASO,CE,Combined TRACON& Tower with Radar,5,109,77,2,193,0,1,63,0,64,5,110,140,2,257,6,0,6,263
11/21/2007,LEX,KY,ASO,CE,Combined TRACON& Tower with Radar,4,96,38,0,138,0,0,20,0,20,4,96,58,0,158,4,0,4,162
11/22/2007,LEX,KY,ASO,CE,Combined TRACON& Tower with Radar,2,70,15,0,87,0,0,4,0,4,2,70,19,0,91,0,0,0,91
11/23/2007,LEX,KY,ASO,CE,Combined TRACON& Tower with Radar,3,74,40,0,117,0,1,32,0,33,3,75,72,0,150,49,0,49,199
11/24/2007,LEX,KY,ASO,CE,Combined TRACON& Tower with Radar,2,77,75,0,154,0,0,43,0,43,2,77,118,0,197,16,0,16,213
11/25/2007,LEX,KY,ASO,CE,Combined TRACON& Tower with Radar,11,92,79,0,182,0,0,20,1,21,11,92,99,1,203,21,0,21,224
11/26/2007,LEX,KY,ASO,CE,Combined TRACON& Tower with Radar,2,100,58,1,161,0,0,0,0,0,2,100,58,1,161,0,0,0,161
11/27/2007,LEX,KY,ASO,CE,Combined TRACON& Tower with Radar,5,97,67,0,169,0,0,64,2,66,5,97,131,2,235,34,0,34,269
11/28/2007,LEX,KY,ASO,CE,Combined TRACON& Tower with Radar,4,101,57,0,162,0,0,59,1,60,4,101,116,1,222,14,0,14,236
11/29/2007,LEX,KY,ASO,CE,Combined TRACON& Tower with Radar,2,103,72,1,178,0,0,44,1,45,2,103,116,2,223,12,0,12,235
11/30/2007,LEX,KY,ASO,CE,Combined TRACON& Tower with Radar,3,98,44,1,146,0,0,72,0,72,3,98,116,1,218,30,0,30,248
12/01/2007,LEX,KY,ASO,CE,Combined TRACON& Tower with Radar,2,70,58,0,130,0,0,47,0,47,2,70,105,0,177,0,0,0,177
12/02/2007,LEX,KY,ASO,CE,Combined TRACON& Tower with Radar,4,77,16,0,97,0,0,2,0,2,4,77,18,0,99,0,0,0,99
12/03/2007,LEX,KY,ASO,CE,Combined TRACON& Tower with Radar,2,91,48,2,143,0,1,15,1,17,2,92,63,3,160,4,0,4,164
12/04/2007,LEX,KY,ASO,CE,Combined TRACON& Tower with Radar,3,85,62,19,169,0,0,48,0,48,3,85,110,19,217,74,6,80,297
12/05/2007,LEX,KY,ASO,CE,Combined TRACON& Tower with Radar,3,103,39,1,146,0,0,18,1,19,3,103,57,2,165,0,0,0,165
12/06/2007,LEX,KY,ASO,CE,Combined TRACON& Tower with Radar,2,105,62,1,170,0,1,38,2,41,2,106,100,3,211,2,0,2,213
12/07/2007,LEX,KY,ASO,CE,Combined TRACON& Tower with Radar,5,102,58,0,165,0,0,15,0,15,5,102,73,0,180,38,0,38,218
12/08/2007,LEX,KY,ASO,CE,Combined TRACON& Tower with Radar,2,67,17,0,86,0,0,0,0,0,2,67,17,0,86,0,0,0,86
12/09/2007,LEX,KY,ASO,CE,Combined TRACON& Tower with Radar,4,64,29,0,97,0,0,0,0,0,4,64,29,0,97,0,0,0,97
12/10/2007,LEX,KY,ASO,CE,Combined TRACON& Tower with Radar,8,93,72,1,174,0,0,0,0,0,8,93,72,1,174,0,0,0,174
12/11/2007,LEX,KY,ASO,CE,Combined TRACON& Tower with Radar,1,88,93,0,182,0,0,44,2,46,1,88,137,2,228,4,26,30,258
12/12/2007,LEX,KY,ASO,CE,Combined TRACON& Tower with Radar,4,85,64,0,153,0,0,1,0,1,4,85,65,0,154,0,0,0,154
12/13/2007,LEX,KY,ASO,CE,Combined TRACON& Tower with Radar,3,92,67,8,170,0,0,1,0,1,3,92,68,8,171,0,0,0,171
12/14/2007,LEX,KY,ASO,CE,Combined TRACON& Tower with Radar,3,100,79,0,182,0,0,12,2,14,3,100,91,2,196,46,0,46,242
12/15/2007,LEX,KY,ASO,CE,Combined TRACON& Tower with Radar,2,72,11,0,85,0,0,3,0,3,2,72,14,0,88,0,0,0,88
12/16/2007,LEX,KY,ASO,CE,Combined TRACON& Tower with Radar,5,66,21,0,92,0,0,2,0,2,5,66,23,0,94,0,0,0,94
12/17/2007,LEX,KY,ASO,CE,Combined TRACON& Tower with Radar,6,92,62,7,167,0,2,23,2,27,6,94,85,9,194,0,0,0,194
12/18/2007,LEX,KY,ASO,CE,Combined TRACON& Tower with Radar,2,92,74,7,175,0,0,53,0,53,2,92,127,7,228,30,15,45,273
12/19/2007,LEX,KY,ASO,CE,Combined TRACON& Tower with Radar,3,93,57,1,154,0,1,37,1,39,3,94,94,2,193,20,0,20,213
12/20/2007,LEX,KY,ASO,CE,Combined TRACON& Tower with Radar,7,98,64,0,169,0,0,26,2,28,7,98,90,2,197,47,0,47,244
12/21/2007,LEX,KY,ASO,CE,Combined TRACON& Tower with Radar,2,91,61,4,158,0,0,9,0,9,2,91,70,4,167,34,0,34,201
12/22/2007,LEX,KY,ASO,CE,Combined TRACON& Tower with Radar,2,74,39,1,116,0,0,42,2,44,2,74,81,3,160,22,0,22,182
12/23/2007,LEX,KY,ASO,CE,Combined TRACON& Tower with Radar,3,74,14,0,91,0,0,6,1,7,3,74,20,1,98,0,0,0,98
12/24/2007,LEX,KY,ASO,CE,Combined TRACON& Tower with Radar,2,59,31,0,92,0,2,40,0,42,2,61,71,0,134,10,0,10,144
12/25/2007,LEX,KY,ASO,CE,Combined TRACON& Tower with Radar,5,51,18,0,74,0,0,29,0,29,5,51,47,0,103,0,0,0,103
12/26/2007,LEX,KY,ASO,CE,Combined TRACON& Tower with Radar,2,80,49,2,133,0,2,50,2,54,2,82,99,4,187,22,0,22,209
12/27/2007,LEX,KY,ASO,CE,Combined TRACON& Tower with Radar,2,86,56,3,147,0,1,13,4,18,2,87,69,7,165,0,0,0,165
12/28/2007,LEX,KY,ASO,CE,Combined TRACON& Tower with Radar,3,85,24,0,112,0,0,4,0,4,3,85,28,0,116,0,0,0,116
12/29/2007,LEX,KY,ASO,CE,Combined TRACON& Tower with Radar,3,72,44,0,119,0,3,57,0,60,3,75,101,0,179,44,0,44,223
12/30/2007,LEX,KY,ASO,CE,Combined TRACON& Tower with Radar,2,79,32,0,113,0,0,29,0,29,2,79,61,0,142,32,0,32,174
12/31/2007,LEX,KY,ASO,CE,Combined TRACON& Tower with Radar,2,63,35,0,100,0,0,44,0,44,2,63,79,0,144,6,0,6,150
01/01/2008,LEX,KY,ASO,CE,Combined TRACON& Tower with Radar,2,74,32,0,108,0,0,2,0,2,2,74,34,0,110,0,0,0,110
01/02/2008,LEX,KY,ASO,CE,Combined TRACON& Tower with Radar,2,95,39,0,136,0,0,4,0,4,2,95,43,0,140,0,0,0,140
01/03/2008,LEX,KY,ASO,CE,Combined TRACON& Tower with Radar,2,87,46,4,139,0,2,24,3,29,2,89,70,7,168,3,0,3,171
01/04/2008,LEX,KY,ASO,CE,Combined TRACON& Tower with Radar,4,88,50,12,154,0,0,60,1,61,4,88,110,13,215,35,0,35,250
01/05/2008,LEX,KY,ASO,CE,Combined TRACON& Tower with Radar,2,63,37,0,102,0,0,2,0,2,2,63,39,0,104,23,0,23,127
01/06/2008,LEX,KY,ASO,CE,Combined TRACON& Tower with Radar,4,93,41,0,138,0,0,9,0,9,4,93,50,0,147,0,0,0,147
01/07/2008,LEX,KY,ASO,CE,Combined TRACON& Tower with Radar,3,99,61,0,163,0,0,30,0,30,3,99,91,0,193,24,0,24,217
01/08/2008,LEX,KY,ASO,CE,Combined TRACON& Tower with Radar,3,85,53,0,141,0,0,8,0,8,3,85,61,0,149,0,0,0,149
01/09/2008,LEX,KY,ASO,CE,Combined TRACON& Tower with Radar,3,100,48,0,151,0,2,70,0,72,3,102,118,0,223,13,0,13,236
01/10/2008,LEX,KY,ASO,CE,Combined TRACON& Tower with Radar,2,93,67,3,165,0,0,2,0,2,2,93,69,3,167,0,0,0,167
01/11/2008,LEX,KY,ASO,CE,Combined TRACON& Tower with Radar,4,104,52,0,160,0,0,29,0,29,4,104,81,0,189,24,0,24,213
01/12/2008,LEX,KY,ASO,CE,Combined TRACON& Tower with Radar,2,56,35,0,93,0,1,89,0,90,2,57,124,0,183,20,0,20,203
01/13/2008,LEX,KY,ASO,CE,Combined TRACON& Tower with Radar,4,86,16,2,108,0,0,11,1,12,4,86,27,3,120,12,0,12,132
01/14/2008,LEX,KY,ASO,CE,Combined TRACON& Tower with Radar,8,91,30,3,132,0,0,11,0,11,8,91,41,3,143,2,0,2,145
01/15/2008,LEX,KY,ASO,CE,Combined TRACON& Tower with Radar,4,90,55,9,158,0,0,46,2,48,4,90,101,11,206,2,6,8,214
01/16/2008,LEX,KY,ASO,CE,Combined TRACON& Tower with Radar,5,98,53,2,158,0,0,42,0,42,5,98,95,2,200,63,0,63,263
01/17/2008,LEX,KY,ASO,CE,Combined TRACON& Tower with Radar,3,87,32,0,122,0,0,4,0,4,3,87,36,0,126,0,0,0,126
01/18/2008,LEX,KY,ASO,CE,Combined TRACON& Tower with Radar,3,100,60,0,163,0,0,52,0,52,3,100,112,0,215,23,0,23,238
01/19/2008,LEX,KY,ASO,CE,Combined TRACON& Tower with Radar,1,57,17,0,75,0,3,21,0,24,1,60,38,0,99,14,0,14,113
01/20/2008,LEX,KY,ASO,CE,Combined TRACON& Tower with Radar,6,76,28,0,110,0,0,40,0,40,6,76,68,0,150,0,0,0,150
01/21/2008,LEX,KY,ASO,CE,Combined TRACON& Tower with Radar,2,87,52,0,141,0,0,41,0,41,2,87,93,0,182,59,0,59,241
01/22/2008,LEX,KY,ASO,CE,Combined TRACON& Tower with Radar,2,90,55,0,147,0,0,0,0,0,2,90,55,0,147,0,0,0,147
01/23/2008,LEX,KY,ASO,CE,Combined TRACON& Tower with Radar,2,99,51,2,154,0,2,38,0,40,2,101,89,2,194,0,0,0,194
01/24/2008,LEX,KY,ASO,CE,Combined TRACON& Tower with Radar,2,98,34,3,137,0,1,17,0,18,2,99,51,3,155,0,16,16,171
01/25/2008,LEX,KY,ASO,CE,Combined TRACON& Tower with Radar,2,96,56,4,158,0,2,41,4,47,2,98,97,8,205,23,0,23,228
01/26/2008,LEX,KY,ASO,CE,Combined TRACON& Tower with Radar,0,23,0,0,23,0,0,0,0,0,0,23,0,0,23,58,0,58,81
01/27/2008,LEX,KY,ASO,CE,Combined TRACON& Tower with Radar,4,74,34,0,112,0,0,35,0,35,4,74,69,0,147,40,0,40,187
01/28/2008,LEX,KY,ASO,CE,Combined TRACON& Tower with Radar,3,84,53,0,140,0,0,27,0,27,3,84,80,0,167,27,0,27,194
01/29/2008,LEX,KY,ASO,CE,Combined TRACON& Tower with Radar,3,85,56,0,144,0,0,2,0,2,3,85,58,0,146,0,0,0,146
01/30/2008,LEX,KY,ASO,CE,Combined TRACON& Tower with Radar,2,96,47,8,153,0,0,40,0,40,2,96,87,8,193,25,0,25,218
01/31/2008,LEX,KY,ASO,CE,Combined TRACON& Tower with Radar,3,84,52,2,141,0,0,20,1,21,3,84,72,3,162,6,0,6,168
02/01/2008,LEX,KY,ASO,CE,Combined TRACON& Tower with Radar,2,91,34,0,127,0,2,7,1,10,2,93,41,1,137,0,0,0,137
02/02/2008,LEX,KY,ASO,CE,Combined TRACON& Tower with Radar,2,59,40,2,103,0,0,50,1,51,2,59,90,3,154,4,0,4,158
02/03/2008,LEX,KY,ASO,CE,Combined TRACON& Tower with Radar,3,84,36,0,123,0,0,42,1,43,3,84,78,1,166,18,0,18,184
02/04/2008,LEX,KY,ASO,CE,Combined TRACON& Tower with Radar,4,89,38,0,131,0,0,3,0,3,4,89,41,0,134,0,0,0,134
02/05/2008,LEX,KY,ASO,CE,Combined TRACON& Tower with Radar,5,82,34,0,121,0,0,4,0,4,5,82,38,0,125,0,0,0,125
02/06/2008,LEX,KY,ASO,CE,Combined TRACON& Tower with Radar,5,82,41,0,128,0,0,3,0,3,5,82,44,0,131,0,0,0,131
02/07/2008,LEX,KY,ASO,CE,Combined TRACON& Tower with Radar,7,101,60,0,168,0,0,11,3,14,7,101,71,3,182,0,0,0,182
02/08/2008,LEX,KY,ASO,CE,Combined TRACON& Tower with Radar,2,94,53,0,149,0,0,55,0,55,2,94,108,0,204,51,0,51,255
02/09/2008,LEX,KY,ASO,CE,Combined TRACON& Tower with Radar,2,65,43,0,110,0,0,38,0,38,2,65,81,0,148,2,0,2,150
02/10/2008,LEX,KY,ASO,CE,Combined TRACON& Tower with Radar,2,77,29,0,108,0,0,14,0,14,2,77,43,0,122,0,0,0,122
02/11/2008,LEX,KY,ASO,CE,Combined TRACON& Tower with Radar,2,75,61,3,141,0,0,17,1,18,2,75,78,4,159,10,0,10,169
02/12/2008,LEX,KY,ASO,CE,Combined TRACON& Tower with Radar,1,61,17,0,79,0,0,2,0,2,1,61,19,0,81,0,0,0,81
02/13/2008,LEX,KY,ASO,CE,Combined TRACON& Tower with Radar,2,92,54,3,151,0,0,8,0,8,2,92,62,3,159,0,0,0,159
02/14/2008,LEX,KY,ASO,CE,Combined TRACON& Tower with Radar,7,95,57,0,159,0,0,40,0,40,7,95,97,0,199,6,0,6,205
02/15/2008,LEX,KY,ASO,CE,Combined TRACON& Tower with Radar,7,104,47,0,158,0,2,35,0,37,7,106,82,0,195,28,0,28,223
02/16/2008,LEX,KY,ASO,CE,Combined TRACON& Tower with Radar,2,73,50,0,125,0,0,64,0,64,2,73,114,0,189,45,0,45,234
02/17/2008,LEX,KY,ASO,CE,Combined TRACON& Tower with Radar,1,82,32,0,115,0,0,4,0,4,1,82,36,0,119,0,0,0,119
02/18/2008,LEX,KY,ASO,CE,Combined TRACON& Tower with Radar,5,85,50,0,140,0,0,24,0,24,5,85,74,0,164,3,0,3,167
02/19/2008,LEX,KY,ASO,CE,Combined TRACON& Tower with Radar,3,97,63,3,166,0,1,33,3,37,3,98,96,6,203,2,0,2,205
02/20/2008,LEX,KY,ASO,CE,Combined TRACON& Tower with Radar,7,99,57,0,163,0,0,30,0,30,7,99,87,0,193,0,0,0,193
02/21/2008,LEX,KY,ASO,CE,Combined TRACON& Tower with Radar,5,82,38,0,125,0,1,7,0,8,5,83,45,0,133,3,0,3,136
02/22/2008,LEX,KY,ASO,CE,Combined TRACON& Tower with Radar,2,90,44,0,136,0,0,0,0,0,2,90,44,0,136,0,0,0,136
02/23/2008,LEX,KY,ASO,CE,Combined TRACON& Tower with Radar,1,68,32,0,101,0,0,8,0,8,1,68,40,0,109,0,0,0,109
02/24/2008,LEX,KY,ASO,CE,Combined TRACON& Tower with Radar,2,80,35,1,118,0,0,4,0,4,2,80,39,1,122,0,0,0,122
02/25/2008,LEX,KY,ASO,CE,Combined TRACON& Tower with Radar,3,87,63,1,154,0,0,13,0,13,3,87,76,1,167,54,0,54,221
02/26/2008,LEX,KY,ASO,CE,Combined TRACON& Tower with Radar,3,87,39,0,129,0,0,0,0,0,3,87,39,0,129,0,0,0,129
02/27/2008,LEX,KY,ASO,CE,Combined TRACON& Tower with Radar,3,96,76,0,175,0,0,7,0,7,3,96,83,0,182,0,0,0,182
02/28/2008,LEX,KY,ASO,CE,Combined TRACON& Tower with Radar,6,83,68,3,160,0,0,50,2,52,6,83,118,5,212,49,0,49,261
02/29/2008,LEX,KY,ASO,CE,Combined TRACON& Tower with Radar,5,90,35,0,130,0,0,5,1,6,5,90,40,1,136,0,0,0,136
03/01/2008,LEX,KY,ASO,CE,Combined TRACON& Tower with Radar,2,74,33,0,109,0,0,67,3,70,2,74,100,3,179,31,0,31,210
03/02/2008,LEX,KY,ASO,CE,Combined TRACON& Tower with Radar,5,81,44,0,130,0,0,67,0,67,5,81,111,0,197,31,0,31,228
03/03/2008,LEX,KY,ASO,CE,Combined TRACON& Tower with Radar,6,91,42,0,139,0,0,26,1,27,6,91,68,1,166,0,0,0,166
03/04/2008,LEX,KY,ASO,CE,Combined TRACON& Tower with Radar,4,88,38,0,130,0,1,4,0,5,4,89,42,0,135,18,0,18,153
03/05/2008,LEX,KY,ASO,CE,Combined TRACON& Tower with Radar,7,93,60,0,160,0,1,27,0,28,7,94,87,0,188,0,0,0,188
03/06/2008,LEX,KY,ASO,CE,Combined TRACON& Tower with Radar,6,93,91,1,191,0,1,63,1,65,6,94,154,2,256,22,0,22,278
03/07/2008,LEX,KY,ASO,CE,Combined TRACON& Tower with Radar,2,68,33,0,103,0,0,0,0,0,2,68,33,0,103,0,0,0,103
03/08/2008,LEX,KY,ASO,CE,Combined TRACON& Tower with Radar,2,54,20,0,76,0,0,6,0,6,2,54,26,0,82,0,0,0,82
03/09/2008,LEX,KY,ASO,CE,Combined TRACON& Tower with Radar,4,85,40,0,129,0,0,32,2,34,4,85,72,2,163,28,0,28,191
03/10/2008,LEX,KY,ASO,CE,Combined TRACON& Tower with Radar,5,88,48,0,141,0,2,25,2,29,5,90,73,2,170,32,0,32,202
03/11/2008,LEX,KY,ASO,CE,Combined TRACON& Tower with Radar,2,84,79,0,165,0,1,35,0,36,2,85,114,0,201,0,0,0,201
03/12/2008,LEX,KY,ASO,CE,Combined TRACON& Tower with Radar,4,105,63,4,176,0,0,80,5,85,4,105,143,9,261,24,0,24,285
03/13/2008,LEX,KY,ASO,CE,Combined TRACON& Tower with Radar,5,100,65,4,174,0,0,57,5,62,5,100,122,9,236,0,0,0,236
03/14/2008,LEX,KY,ASO,CE,Combined TRACON& Tower with Radar,4,97,76,2,179,0,0,6,0,6,4,97,82,2,185,0,2,2,187
03/15/2008,LEX,KY,ASO,CE,Combined TRACON& Tower with Radar,3,55,32,4,94,0,0,9,0,9,3,55,41,4,103,0,0,0,103
03/16/2008,LEX,KY,ASO,CE,Combined TRACON& Tower with Radar,4,75,38,0,117,0,0,50,0,50,4,75,88,0,167,8,0,8,175
03/17/2008,LEX,KY,ASO,CE,Combined TRACON& Tower with Radar,6,103,61,4,174,0,0,40,2,42,6,103,101,6,216,4,0,4,220
03/18/2008,LEX,KY,ASO,CE,Combined TRACON& Tower with Radar,8,84,43,2,137,0,0,7,0,7,8,84,50,2,144,1,0,1,145
03/19/2008,LEX,KY,ASO,CE,Combined TRACON& Tower with Radar,7,98,36,0,141,0,0,1,0,1,7,98,37,0,142,0,0,0,142
03/20/2008,LEX,KY,ASO,CE,Combined TRACON& Tower with Radar,8,95,94,5,202,0,0,74,0,74,8,95,168,5,276,30,0,30,306
03/21/2008,LEX,KY,ASO,CE,Combined TRACON& Tower with Radar,8,88,34,2,132,0,0,68,0,68,8,88,102,2,200,22,0,22,222
03/22/2008,LEX,KY,ASO,CE,Combined TRACON& Tower with Radar,3,64,29,0,96,0,0,20,0,20,3,64,49,0,116,0,0,0,116
03/23/2008,LEX,KY,ASO,CE,Combined TRACON& Tower with Radar,3,81,35,0,119,0,0,51,0,51,3,81,86,0,170,6,0,6,176
03/24/2008,LEX,KY,ASO,CE,Combined TRACON& Tower with Radar,3,90,65,0,158,0,0,24,2,26,3,90,89,2,184,8,6,14,198
03/25/2008,LEX,KY,ASO,CE,Combined TRACON& Tower with Radar,3,90,51,2,146,0,2,62,3,67,3,92,113,5,213,0,4,4,217
03/26/2008,LEX,KY,ASO,CE,Combined TRACON& Tower with Radar,1,96,57,12,166,0,0,61,0,61,1,96,118,12,227,0,0,0,227
03/27/2008,LEX,KY,ASO,CE,Combined TRACON& Tower with Radar,4,96,64,0,164,0,2,11,0,13,4,98,75,0,177,0,0,0,177
03/28/2008,LEX,KY,ASO,CE,Combined TRACON& Tower with Radar,6,95,102,8,211,0,0,9,0,9,6,95,111,8,220,4,0,4,224
03/29/2008,LEX,KY,ASO,CE,Combined TRACON& Tower with Radar,2,78,61,0,141,0,0,77,2,79,2,78,138,2,220,12,0,12,232
03/30/2008,LEX,KY,ASO,CE,Combined TRACON& Tower with Radar,7,88,37,2,134,0,0,15,0,15,7,88,52,2,149,26,0,26,175
03/31/2008,LEX,KY,ASO,CE,Combined TRACON& Tower with Radar,7,95,32,2,136,0,0,18,0,18,7,95,50,2,154,0,0,0,154
04/01/2008,LEX,KY,ASO,CE,Combined TRACON& Tower with Radar,4,98,37,0,139,0,0,11,2,13,4,98,48,2,152,6,0,6,158
04/02/2008,LEX,KY,ASO,CE,Combined TRACON& Tower with Radar,7,101,55,2,165,0,0,96,2,98,7,101,151,4,263,22,0,22,285
04/03/2008,LEX,KY,ASO,CE,Combined TRACON& Tower with Radar,6,85,44,1,136,0,0,1,1,2,6,85,45,2,138,2,0,2,140
04/04/2008,LEX,KY,ASO,CE,Combined TRACON& Tower with Radar,4,113,44,0,161,0,0,5,0,5,4,113,49,0,166,0,0,0,166
04/05/2008,LEX,KY,ASO,CE,Combined TRACON& Tower with Radar,3,76,64,0,143,0,0,47,0,47,3,76,111,0,190,34,0,34,224
04/06/2008,LEX,KY,ASO,CE,Combined TRACON& Tower with Radar,8,98,70,1,177,0,1,102,0,103,8,99,172,1,280,45,0,45,325
04/07/2008,LEX,KY,ASO,CE,Combined TRACON& Tower with Radar,6,95,43,3,147,0,0,64,3,67,6,95,107,6,214,8,0,8,222
04/08/2008,LEX,KY,ASO,CE,Combined TRACON& Tower with Radar,2,98,83,6,189,0,0,86,0,86,2,98,169,6,275,46,4,50,325
04/09/2008,LEX,KY,ASO,CE,Combined TRACON& Tower with Radar,4,114,75,2,195,0,0,12,0,12,4,114,87,2,207,25,8,33,240
04/10/2008,LEX,KY,ASO,CE,Combined TRACON& Tower with Radar,4,101,56,0,161,0,0,31,2,33,4,101,87,2,194,10,0,10,204
04/11/2008,LEX,KY,ASO,CE,Combined TRACON& Tower with Radar,8,98,59,0,165,0,0,7,0,7,8,98,66,0,172,6,0,6,178
04/12/2008,LEX,KY,ASO,CE,Combined TRACON& Tower with Radar,4,75,61,0,140,0,0,15,0,15,4,75,76,0,155,0,0,0,155
04/13/2008,LEX,KY,ASO,CE,Combined TRACON& Tower with Radar,3,101,42,0,146,0,0,8,0,8,3,101,50,0,154,0,0,0,154
04/14/2008,LEX,KY,ASO,CE,Combined TRACON& Tower with Radar,5,101,41,0,147,0,0,26,11,37,5,101,67,11,184,4,0,4,188
04/15/2008,LEX,KY,ASO,CE,Combined TRACON& Tower with Radar,3,92,69,2,166,0,0,76,6,82,3,92,145,8,248,75,0,75,323
04/16/2008,LEX,KY,ASO,CE,Combined TRACON& Tower with Radar,7,97,65,0,169,0,2,79,4,85,7,99,144,4,254,15,0,15,269
04/17/2008,LEX,KY,ASO,CE,Combined TRACON& Tower with Radar,6,101,106,2,215,0,0,44,2,46,6,101,150,4,261,31,0,31,292
04/18/2008,LEX,KY,ASO,CE,Combined TRACON& Tower with Radar,4,113,72,0,189,0,1,76,1,78,4,114,148,1,267,17,0,17,284
04/19/2008,LEX,KY,ASO,CE,Combined TRACON& Tower with Radar,3,71,60,0,134,0,0,13,0,13,3,71,73,0,147,0,0,0,147
04/20/2008,LEX,KY,ASO,CE,Combined TRACON& Tower with Radar,2,95,67,0,164,0,0,25,0,25,2,95,92,0,189,28,0,28,217
04/21/2008,LEX,KY,ASO,CE,Combined TRACON& Tower with Radar,5,99,61,0,165,0,0,50,0,50,5,99,111,0,215,40,0,40,255
04/22/2008,LEX,KY,ASO,CE,Combined TRACON& Tower with Radar,2,98,68,3,171,0,2,64,6,72,2,100,132,9,243,76,0,76,319
04/23/2008,LEX,KY,ASO,CE,Combined TRACON& Tower with Radar,6,106,95,1,208,0,0,83,4,87,6,106,178,5,295,38,0,38,333
04/24/2008,LEX,KY,ASO,CE,Combined TRACON& Tower with Radar,4,105,113,0,222,0,0,73,2,75,4,105,186,2,297,46,0,46,343
04/25/2008,LEX,KY,ASO,CE,Combined TRACON& Tower with Radar,5,108,85,4,202,0,0,42,1,43,5,108,127,5,245,18,0,18,263
04/26/2008,LEX,KY,ASO,CE,Combined TRACON& Tower with Radar,2,69,46,0,117,0,1,32,0,33,2,70,78,0,150,51,0,51,201
04/27/2008,LEX,KY,ASO,CE,Combined TRACON& Tower with Radar,2,97,52,1,152,0,0,50,0,50,2,97,102,1,202,26,0,26,228
04/28/2008,LEX,KY,ASO,CE,Combined TRACON& Tower with Radar,3,101,48,0,152,0,0,17,0,17,3,101,65,0,169,0,0,0,169
04/29/2008,LEX,KY,ASO,CE,Combined TRACON& Tower with Radar,2,98,61,0,161,0,0,33,1,34,2,98,94,1,195,0,0,0,195
04/30/2008,LEX,KY,ASO,CE,Combined TRACON& Tower with Radar,4,95,56,0,155,0,0,82,2,84,4,95,138,2,239,8,0,8,247
05/01/2008,LEX,KY,ASO,CE,Combined TRACON& Tower with Radar,4,100,97,0,201,0,1,52,0,53,4,101,149,0,254,33,0,33,287
05/02/2008,LEX,KY,ASO,CE,Combined TRACON& Tower with Radar,4,106,85,1,196,0,0,5,0,5,4,106,90,1,201,6,0,6,207
05/03/2008,LEX,KY,ASO,CE,Combined TRACON& Tower with Radar,3,77,32,0,112,0,0,18,0,18,3,77,50,0,130,6,0,6,136
05/04/2008,LEX,KY,ASO,CE,Combined TRACON& Tower with Radar,10,112,95,3,220,0,0,87,0,87,10,112,182,3,307,27,0,27,334
05/05/2008,LEX,KY,ASO,CE,Combined TRACON& Tower with Radar,9,98,51,4,162,0,0,60,0,60,9,98,111,4,222,24,0,24,246
05/06/2008,LEX,KY,ASO,CE,Combined TRACON& Tower with Radar,4,101,46,2,153,0,3,39,0,42,4,104,85,2,195,14,0,14,209
05/07/2008,LEX,KY,ASO,CE,Combined TRACON& Tower with Radar,6,103,65,6,180,0,0,21,0,21,6,103,86,6,201,2,2,4,205
05/08/2008,LEX,KY,ASO,CE,Combined TRACON& Tower with Radar,8,114,0,0,122,0,0,6,0,6,8,114,6,0,128,0,0,0,128
05/09/2008,LEX,KY,ASO,CE,Combined TRACON& Tower with Radar,4,98,83,2,187,0,0,8,1,9,4,98,91,3,196,1,0,1,197
05/10/2008,LEX,KY,ASO,CE,Combined TRACON& Tower with Radar,2,74,48,0,124,0,0,73,0,73,2,74,121,0,197,31,0,31,228
05/11/2008,LEX,KY,ASO,CE,Combined TRACON& Tower with Radar,0,0,2,0,2,0,0,0,0,0,0,0,2,0,2,0,0,0,2
05/12/2008,LEX,KY,ASO,CE,Combined TRACON& Tower with Radar,4,98,55,4,161,0,0,39,1,40,4,98,94,5,201,22,0,22,223
05/13/2008,LEX,KY,ASO,CE,Combined TRACON& Tower with Radar,5,97,42,4,148,0,0,81,2,83,5,97,123,6,231,24,0,24,255
05/14/2008,LEX,KY,ASO,CE,Combined TRACON& Tower with Radar,1,103,56,10,170,0,0,17,2,19,1,103,73,12,189,6,0,6,195
05/15/2008,LEX,KY,ASO,CE,Combined TRACON& Tower with Radar,6,105,74,2,187,0,0,3,0,3,6,105,77,2,190,0,0,0,190
05/16/2008,LEX,KY,ASO,CE,Combined TRACON& Tower with Radar,5,92,63,2,162,0,0,17,0,17,5,92,80,2,179,0,0,0,179
05/17/2008,LEX,KY,ASO,CE,Combined TRACON& Tower with Radar,4,79,42,1,126,0,6,37,0,43,4,85,79,1,169,40,0,40,209
05/18/2008,LEX,KY,ASO,CE,Combined TRACON& Tower with Radar,3,94,51,0,148,0,0,14,0,14,3,94,65,0,162,0,0,0,162
05/19/2008,LEX,KY,ASO,CE,Combined TRACON& Tower with Radar,4,100,61,5,170,0,0,40,1,41,4,100,101,6,211,5,0,5,216
05/20/2008,LEX,KY,ASO,CE,Combined TRACON& Tower with Radar,3,95,50,1,149,0,0,20,0,20,3,95,70,1,169,6,0,6,175
05/21/2008,LEX,KY,ASO,CE,Combined TRACON& Tower with Radar,6,95,58,11,170,0,2,37,2,41,6,97,95,13,211,9,14,23,234
05/22/2008,LEX,KY,ASO,CE,Combined TRACON& Tower with Radar,5,105,70,2,182,0,2,80,1,83,5,107,150,3,265,58,0,58,323
05/23/2008,LEX,KY,ASO,CE,Combined TRACON& Tower with Radar,4,100,73,7,184,0,0,70,3,73,4,100,143,10,257,4,0,4,261
05/24/2008,LEX,KY,ASO,CE,Combined TRACON& Tower with Radar,2,64,44,1,111,0,0,82,0,82,2,64,126,1,193,10,0,10,203
05/25/2008,LEX,KY,ASO,CE,Combined TRACON& Tower with Radar,5,63,61,2,131,0,0,98,0,98,5,63,159,2,229,10,0,10,239
05/26/2008,LEX,KY,ASO,CE,Combined TRACON& Tower with Radar,2,83,23,3,111,0,1,31,0,32,2,84,54,3,143,24,0,24,167
05/27/2008,LEX,KY,ASO,CE,Combined TRACON& Tower with Radar,6,98,45,1,150,0,0,10,0,10,6,98,55,1,160,0,0,0,160
05/28/2008,LEX,KY,ASO,CE,Combined TRACON& Tower with Radar,6,104,59,0,169,0,0,48,0,48,6,104,107,0,217,8,0,8,225
05/29/2008,LEX,KY,ASO,CE,Combined TRACON& Tower with Radar,8,96,51,2,157,0,1,75,0,76,8,97,126,2,233,38,0,38,271
05/30/2008,LEX,KY,ASO,CE,Combined TRACON& Tower with Radar,2,92,78,2,174,0,2,29,5,36,2,94,107,7,210,8,0,8,218
05/31/2008,LEX,KY,ASO,CE,Combined TRACON& Tower with Radar,3,65,21,0,89,0,0,17,0,17,3,65,38,0,106,0,0,0,106
06/01/2008,LEX,KY,ASO,CE,Combined TRACON& Tower with Radar,4,86,58,0,148,0,2,55,0,57,4,88,113,0,205,8,0,8,213
06/02/2008,LEX,KY,ASO,CE,Combined TRACON& Tower with Radar,4,103,45,0,152,0,0,52,0,52,4,103,97,0,204,20,0,20,224
06/03/2008,LEX,KY,ASO,CE,Combined TRACON& Tower with Radar,4,100,43,0,147,0,0,12,0,12,4,100,55,0,159,0,0,0,159
06/04/2008,LEX,KY,ASO,CE,Combined TRACON& Tower with Radar,10,96,41,2,149,0,0,35,6,41,10,96,76,8,190,18,0,18,208
06/05/2008,LEX,KY,ASO,CE,Combined TRACON& Tower with Radar,5,107,72,2,186,0,0,63,5,68,5,107,135,7,254,16,0,16,270
06/06/2008,LEX,KY,ASO,CE,Combined TRACON& Tower with Radar,9,92,51,0,152,0,0,62,2,64,9,92,113,2,216,2,0,2,218
06/07/2008,LEX,KY,ASO,CE,Combined TRACON& Tower with Radar,2,82,43,0,127,0,0,66,0,66,2,82,109,0,193,6,0,6,199
06/08/2008,LEX,KY,ASO,CE,Combined TRACON& Tower with Radar,2,90,47,0,139,0,0,65,0,65,2,90,112,0,204,36,0,36,240
06/09/2008,LEX,KY,ASO,CE,Combined TRACON& Tower with Radar,10,96,64,0,170,0,1,71,2,74,10,97,135,2,244,7,0,7,251
06/10/2008,LEX,KY,ASO,CE,Combined TRACON& Tower with Radar,5,99,73,0,177,0,0,36,0,36,5,99,109,0,213,33,0,33,246
06/11/2008,LEX,KY,ASO,CE,Combined TRACON& Tower with Radar,4,95,78,2,179,0,1,93,3,97,4,96,171,5,276,38,0,38,314
06/12/2008,LEX,KY,ASO,CE,Combined TRACON& Tower with Radar,4,109,85,0,198,0,0,51,0,51,4,109,136,0,249,24,0,24,273
06/13/2008,LEX,KY,ASO,CE,Combined TRACON& Tower with Radar,5,76,58,11,150,0,0,47,2,49,5,76,105,13,199,10,0,10,209
06/14/2008,LEX,KY,ASO,CE,Combined TRACON& Tower with Radar,3,75,34,0,112,0,0,39,2,41,3,75,73,2,153,10,0,10,163
06/15/2008,LEX,KY,ASO,CE,Combined TRACON& Tower with Radar,3,82,64,0,149,0,1,61,2,64,3,83,125,2,213,4,0,4,217
06/16/2008,LEX,KY,ASO,CE,Combined TRACON& Tower with Radar,7,106,48,0,161,0,1,31,1,33,7,107,79,1,194,19,0,19,213
06/17/2008,LEX,KY,ASO,CE,Combined TRACON& Tower with Radar,11,102,69,1,183,0,0,94,0,94,11,102,163,1,277,6,0,6,283
06/18/2008,LEX,KY,ASO,CE,Combined TRACON& Tower with Radar,11,112,139,2,264,0,0,70,0,70,11,112,209,2,334,0,0,0,334
06/19/2008,LEX,KY,ASO,CE,Combined TRACON& Tower with Radar,10,104,78,0,192,0,1,75,0,76,10,105,153,0,268,8,0,8,276
06/20/2008,LEX,KY,ASO,CE,Combined TRACON& Tower with Radar,8,103,67,0,178,0,1,38,1,40,8,104,105,1,218,18,8,26,244
06/21/2008,LEX,KY,ASO,CE,Combined TRACON& Tower with Radar,4,82,34,0,120,0,7,33,0,40,4,89,67,0,160,23,0,23,183
06/22/2008,LEX,KY,ASO,CE,Combined TRACON& Tower with Radar,3,93,59,0,155,0,0,56,0,56,3,93,115,0,211,23,0,23,234
06/23/2008,LEX,KY,ASO,CE,Combined TRACON& Tower with Radar,9,86,53,0,148,0,2,81,0,83,9,88,134,0,231,0,0,0,231
06/24/2008,LEX,KY,ASO,CE,Combined TRACON& Tower with Radar,9,104,70,8,191,0,1,95,2,98,9,105,165,10,289,0,0,0,289
06/25/2008,LEX,KY,ASO,CE,Combined TRACON& Tower with Radar,3,98,143,0,244,0,1,77,0,78,3,99,220,0,322,5,0,5,327
06/26/2008,LEX,KY,ASO,CE,Combined TRACON& Tower with Radar,10,109,57,0,176,0,1,31,1,33,10,110,88,1,209,4,0,4,213
06/27/2008,LEX,KY,ASO,CE,Combined TRACON& Tower with Radar,3,100,66,3,172,0,0,42,7,49,3,100,108,10,221,12,0,12,233
06/28/2008,LEX,KY,ASO,CE,Combined TRACON& Tower with Radar,3,80,13,0,96,0,1,25,1,27,3,81,38,1,123,15,0,15,138
06/29/2008,LEX,KY,ASO,CE,Combined TRACON& Tower with Radar,1,87,39,0,127,0,0,28,0,28,1,87,67,0,155,0,0,0,155
06/30/2008,LEX,KY,ASO,CE,Combined TRACON& Tower with Radar,5,95,56,0,156,0,0,30,2,32,5,95,86,2,188,0,0,0,188
07/01/2008,LEX,KY,ASO,CE,Combined TRACON& Tower with Radar,5,103,60,3,171,0,1,86,1,88,5,104,146,4,259,26,0,26,285
07/02/2008,LEX,KY,ASO,CE,Combined TRACON& Tower with Radar,3,98,72,0,173,0,0,60,0,60,3,98,132,0,233,2,0,2,235
07/03/2008,LEX,KY,ASO,CE,Combined TRACON& Tower with Radar,4,95,62,0,161,0,0,49,0,49,4,95,111,0,210,26,0,26,236
07/04/2008,LEX,KY,ASO,CE,Combined TRACON& Tower with Radar,1,59,10,0,70,0,0,22,0,22,1,59,32,0,92,0,0,0,92
07/05/2008,LEX,KY,ASO,CE,Combined TRACON& Tower with Radar,2,75,26,0,103,0,0,18,0,18,2,75,44,0,121,15,0,15,136
07/06/2008,LEX,KY,ASO,CE,Combined TRACON& Tower with Radar,3,33,14,0,50,0,1,18,0,19,3,34,32,0,69,0,0,0,69
07/07/2008,LEX,KY,ASO,CE,Combined TRACON& Tower with Radar,7,107,67,2,183,0,0,47,0,47,7,107,114,2,230,3,0,3,233
07/08/2008,LEX,KY,ASO,CE,Combined TRACON& Tower with Radar,7,92,51,2,152,0,0,32,1,33,7,92,83,3,185,10,0,10,195
07/09/2008,LEX,KY,ASO,CE,Combined TRACON& Tower with Radar,5,102,76,13,196,0,0,28,1,29,5,102,104,14,225,4,10,14,239
07/10/2008,LEX,KY,ASO,CE,Combined TRACON& Tower with Radar,8,103,73,8,192,0,0,82,0,82,8,103,155,8,274,48,0,48,322
07/11/2008,LEX,KY,ASO,CE,Combined TRACON& Tower with Radar,8,109,82,2,201,0,0,87,0,87,8,109,169,2,288,66,0,66,354
07/12/2008,LEX,KY,ASO,CE,Combined TRACON& Tower with Radar,7,82,43,0,132,0,0,41,1,42,7,82,84,1,174,30,2,32,206
07/13/2008,LEX,KY,ASO,CE,Combined TRACON& Tower with Radar,5,108,46,0,159,0,1,19,0,20,5,109,65,0,179,5,0,5,184
07/14/2008,LEX,KY,ASO,CE,Combined TRACON& Tower with Radar,7,103,47,2,159,0,0,79,0,79,7,103,126,2,238,0,0,0,238
07/15/2008,LEX,KY,ASO,CE,Combined TRACON& Tower with Radar,11,125,51,4,191,0,5,74,0,79,11,130,125,4,270,44,2,46,316
07/16/2008,LEX,KY,ASO,CE,Combined TRACON& Tower with Radar,8,103,60,3,174,0,0,73,2,75,8,103,133,5,249,27,0,27,276
07/17/2008,LEX,KY,ASO,CE,Combined TRACON& Tower with Radar,7,92,79,6,184,0,0,57,0,57,7,92,136,6,241,38,0,38,279
07/18/2008,LEX,KY,ASO,CE,Combined TRACON& Tower with Radar,7,102,76,8,193,0,0,55,0,55,7,102,131,8,248,41,0,41,289
07/19/2008,LEX,KY,ASO,CE,Combined TRACON& Tower with Radar,4,84,31,5,124,0,3,58,3,64,4,87,89,8,188,0,24,24,212
07/20/2008,LEX,KY,ASO,CE,Combined TRACON& Tower with Radar,7,96,51,0,154,0,0,23,0,23,7,96,74,0,177,4,0,4,181
07/21/2008,LEX,KY,ASO,CE,Combined TRACON& Tower with Radar,11,99,38,0,148,0,0,20,0,20,11,99,58,0,168,21,0,21,189
07/22/2008,LEX,KY,ASO,CE,Combined TRACON& Tower with Radar,7,94,57,2,160,0,0,44,0,44,7,94,101,2,204,16,0,16,220
07/23/2008,LEX,KY,ASO,CE,Combined TRACON& Tower with Radar,6,97,51,0,154,0,1,52,5,58,6,98,103,5,212,23,4,27,239
07/24/2008,LEX,KY,ASO,CE,Combined TRACON& Tower with Radar,10,96,80,8,194,0,2,77,2,81,10,98,157,10,275,31,12,43,318
07/25/2008,LEX,KY,ASO,CE,Combined TRACON& Tower with Radar,7,100,51,0,158,0,2,31,0,33,7,102,82,0,191,10,0,10,201
07/26/2008,LEX,KY,ASO,CE,Combined TRACON& Tower with Radar,3,78,39,0,120,0,1,35,0,36,3,79,74,0,156,18,0,18,174
07/27/2008,LEX,KY,ASO,CE,Combined TRACON& Tower with Radar,5,89,37,0,131,0,3,56,0,59,5,92,93,0,190,0,0,0,190
07/28/2008,LEX,KY,ASO,CE,Combined TRACON& Tower with Radar,6,89,51,9,155,0,1,37,0,38,6,90,88,9,193,20,0,20,213
07/29/2008,LEX,KY,ASO,CE,Combined TRACON& Tower with Radar,8,102,80,5,195,0,1,56,2,59,8,103,136,7,254,0,8,8,262
07/30/2008,LEX,KY,ASO,CE,Combined TRACON& Tower with Radar,7,108,64,3,182,0,2,30,0,32,7,110,94,3,214,14,0,14,228
07/31/2008,LEX,KY,ASO,CE,Combined TRACON& Tower with Radar,10,92,76,2,180,0,0,12,0,12,10,92,88,2,192,0,0,0,192
08/01/2008,LEX,KY,ASO,CE,Combined TRACON& Tower with Radar,7,97,45,0,149,0,5,77,1,83,7,102,122,1,232,8,0,8,240
08/02/2008,LEX,KY,ASO,CE,Combined TRACON& Tower with Radar,5,81,41,8,135,0,3,48,2,53,5,84,89,10,188,10,0,10,198
08/03/2008,LEX,KY,ASO,CE,Combined TRACON& Tower with Radar,5,91,41,0,137,0,0,68,0,68,5,91,109,0,205,0,0,0,205
08/04/2008,LEX,KY,ASO,CE,Combined TRACON& Tower with Radar,11,96,47,0,154,0,0,57,1,58,11,96,104,1,212,5,0,5,217
08/05/2008,LEX,KY,ASO,CE,Combined TRACON& Tower with Radar,10,86,59,6,161,0,0,30,0,30,10,86,89,6,191,14,20,34,225
08/06/2008,LEX,KY,ASO,CE,Combined TRACON& Tower with Radar,7,88,70,0,165,0,2,30,0,32,7,90,100,0,197,18,0,18,215
08/07/2008,LEX,KY,ASO,CE,Combined TRACON& Tower with Radar,6,86,79,0,171,0,5,70,0,75,6,91,149,0,246,0,0,0,246
08/08/2008,LEX,KY,ASO,CE,Combined TRACON& Tower with Radar,7,98,43,0,148,0,5,64,0,69,7,103,107,0,217,6,0,6,223
08/09/2008,LEX,KY,ASO,CE,Combined TRACON& Tower with Radar,4,77,31,0,112,0,1,72,2,75,4,78,103,2,187,0,0,0,187
08/10/2008,LEX,KY,ASO,CE,Combined TRACON& Tower with Radar,7,83,54,0,144,0,0,63,0,63,7,83,117,0,207,0,0,0,207
08/11/2008,LEX,KY,ASO,CE,Combined TRACON& Tower with Radar,10,91,60,2,163,0,3,73,0,76,10,94,133,2,239,13,0,13,252
08/12/2008,LEX,KY,ASO,CE,Combined TRACON& Tower with Radar,8,111,45,12,176,0,0,77,0,77,8,111,122,12,253,5,0,5,258
08/13/2008,LEX,KY,ASO,CE,Combined TRACON& Tower with Radar,10,105,53,2,170,0,1,72,4,77,10,106,125,6,247,0,0,0,247
08/14/2008,LEX,KY,ASO,CE,Combined TRACON& Tower with Radar,9,90,81,0,180,0,1,42,1,44,9,91,123,1,224,0,0,0,224
08/15/2008,LEX,KY,ASO,CE,Combined TRACON& Tower with Radar,8,98,62,0,168,0,0,42,0,42,8,98,104,0,210,14,0,14,224
08/16/2008,LEX,KY,ASO,CE,Combined TRACON& Tower with Radar,5,77,34,5,121,0,0,79,0,79,5,77,113,5,200,0,0,0,200
08/17/2008,LEX,KY,ASO,CE,Combined TRACON& Tower with Radar,5,89,56,0,150,0,4,63,0,67,5,93,119,0,217,24,0,24,241
08/18/2008,LEX,KY,ASO,CE,Combined TRACON& Tower with Radar,8,96,55,0,159,0,0,52,0,52,8,96,107,0,211,0,0,0,211
08/19/2008,LEX,KY,ASO,CE,Combined TRACON& Tower with Radar,8,92,56,1,157,0,3,81,3,87,8,95,137,4,244,4,0,4,248
08/20/2008,LEX,KY,ASO,CE,Combined TRACON& Tower with Radar,8,98,64,0,170,0,0,82,2,84,8,98,146,2,254,0,0,0,254
08/21/2008,LEX,KY,ASO,CE,Combined TRACON& Tower with Radar,4,101,89,2,196,0,1,68,0,69,4,102,157,2,265,0,0,0,265
08/22/2008,LEX,KY,ASO,CE,Combined TRACON& Tower with Radar,4,98,70,1,173,0,1,51,1,53,4,99,121,2,226,0,0,0,226
08/23/2008,LEX,KY,ASO,CE,Combined TRACON& Tower with Radar,3,79,34,2,118,0,1,53,2,56,3,80,87,4,174,0,0,0,174
08/24/2008,LEX,KY,ASO,CE,Combined TRACON& Tower with Radar,3,86,59,0,148,0,2,48,0,50,3,88,107,0,198,0,0,0,198
08/25/2008,LEX,KY,ASO,CE,Combined TRACON& Tower with Radar,7,96,67,0,170,0,0,26,0,26,7,96,93,0,196,12,0,12,208
08/26/2008,LEX,KY,ASO,CE,Combined TRACON& Tower with Radar,8,94,61,0,163,0,0,22,0,22,8,94,83,0,185,14,0,14,199
08/27/2008,LEX,KY,ASO,CE,Combined TRACON& Tower with Radar,6,96,63,0,165,0,0,8,0,8,6,96,71,0,173,0,0,0,173
08/28/2008,LEX,KY,ASO,CE,Combined TRACON& Tower with Radar,8,98,73,20,199,0,0,44,0,44,8,98,117,20,243,8,0,8,251
08/29/2008,LEX,KY,ASO,CE,Combined TRACON& Tower with Radar,7,96,54,0,157,0,2,57,0,59,7,98,111,0,216,8,0,8,224
08/30/2008,LEX,KY,ASO,CE,Combined TRACON& Tower with Radar,5,64,42,0,111,0,2,33,0,35,5,66,75,0,146,0,0,0,146
08/31/2008,LEX,KY,ASO,CE,Combined TRACON& Tower with Radar,4,62,37,0,103,0,1,31,2,34,4,63,68,2,137,0,0,0,137
09/01/2008,LEX,KY,ASO,CE,Combined TRACON& Tower with Radar,6,76,39,0,121,0,1,57,2,60,6,77,96,2,181,13,0,13,194
09/02/2008,LEX,KY,ASO,CE,Combined TRACON& Tower with Radar,10,96,52,2,160,0,0,35,2,37,10,96,87,4,197,0,0,0,197
09/03/2008,LEX,KY,ASO,CE,Combined TRACON& Tower with Radar,10,85,55,1,151,0,2,58,1,61,10,87,113,2,212,0,0,0,212
09/04/2008,LEX,KY,ASO,CE,Combined TRACON& Tower with Radar,10,89,54,0,153,0,1,51,1,53,10,90,105,1,206,0,0,0,206
09/05/2008,LEX,KY,ASO,CE,Combined TRACON& Tower with Radar,12,109,55,1,177,0,1,7,3,11,12,110,62,4,188,14,0,14,202
09/06/2008,LEX,KY,ASO,CE,Combined TRACON& Tower with Radar,10,69,55,0,134,0,3,39,0,42,10,72,94,0,176,2,0,2,178
09/07/2008,LEX,KY,ASO,CE,Combined TRACON& Tower with Radar,9,95,70,0,174,0,3,69,0,72,9,98,139,0,246,0,0,0,246
09/08/2008,LEX,KY,ASO,CE,Combined TRACON& Tower with Radar,13,94,63,2,172,0,2,46,0,48,13,96,109,2,220,13,0,13,233
09/09/2008,LEX,KY,ASO,CE,Combined TRACON& Tower with Radar,13,93,95,0,201,0,3,13,0,16,13,96,108,0,217,0,0,0,217
09/10/2008,LEX,KY,ASO,CE,Combined TRACON& Tower with Radar,9,97,77,14,197,0,0,37,3,40,9,97,114,17,237,0,0,0,237
09/11/2008,LEX,KY,ASO,CE,Combined TRACON& Tower with Radar,15,111,90,0,216,0,0,24,0,24,15,111,114,0,240,0,0,0,240
09/12/2008,LEX,KY,ASO,CE,Combined TRACON& Tower with Radar,8,103,83,4,198,0,3,38,0,41,8,106,121,4,239,0,0,0,239
09/13/2008,LEX,KY,ASO,CE,Combined TRACON& Tower with Radar,7,73,39,0,119,0,0,46,1,47,7,73,85,1,166,0,0,0,166
09/14/2008,LEX,KY,ASO,CE,Combined TRACON& Tower with Radar,9,87,23,0,119,0,0,14,0,14,9,87,37,0,133,0,0,0,133
09/15/2008,LEX,KY,ASO,CE,Combined TRACON& Tower with Radar,8,92,50,5,155,0,3,36,3,42,8,95,86,8,197,0,0,0,197
09/16/2008,LEX,KY,ASO,CE,Combined TRACON& Tower with Radar,10,91,75,7,183,0,0,36,1,37,10,91,111,8,220,0,8,8,228
09/17/2008,LEX,KY,ASO,CE,Combined TRACON& Tower with Radar,13,88,69,4,174,0,8,73,1,82,13,96,142,5,256,0,0,0,256
09/18/2008,LEX,KY,ASO,CE,Combined TRACON& Tower with Radar,13,89,64,4,170,0,1,60,1,62,13,90,124,5,232,0,0,0,232
09/19/2008,LEX,KY,ASO,CE,Combined TRACON& Tower with Radar,10,95,61,6,172,0,0,61,1,62,10,95,122,7,234,0,0,0,234
09/20/2008,LEX,KY,ASO,CE,Combined TRACON& Tower with Radar,7,60,36,0,103,0,4,61,1,66,7,64,97,1,169,0,0,0,169
09/21/2008,LEX,KY,ASO,CE,Combined TRACON& Tower with Radar,6,84,50,0,140,0,2,54,2,58,6,86,104,2,198,0,0,0,198
09/22/2008,LEX,KY,ASO,CE,Combined TRACON& Tower with Radar,13,81,61,2,157,0,0,47,2,49,13,81,108,4,206,0,0,0,206
09/23/2008,LEX,KY,ASO,CE,Combined TRACON& Tower with Radar,12,92,80,1,185,0,2,74,1,77,12,94,154,2,262,6,0,6,268
09/24/2008,LEX,KY,ASO,CE,Combined TRACON& Tower with Radar,14,87,140,0,241,0,6,82,0,88,14,93,222,0,329,10,0,10,339
09/25/2008,LEX,KY,ASO,CE,Combined TRACON& Tower with Radar,13,101,88,18,220,0,3,91,0,94,13,104,179,18,314,0,0,0,314
09/26/2008,LEX,KY,ASO,CE,Combined TRACON& Tower with Radar,10,91,75,10,186,0,5,67,3,75,10,96,142,13,261,26,0,26,287
09/27/2008,LEX,KY,ASO,CE,Combined TRACON& Tower with Radar,7,72,83,0,162,0,5,53,0,58,7,77,136,0,220,0,0,0,220
09/28/2008,LEX,KY,ASO,CE,Combined TRACON& Tower with Radar,9,78,196,0,283,0,1,60,0,61,9,79,256,0,344,0,0,0,344
09/29/2008,LEX,KY,ASO,CE,Combined TRACON& Tower with Radar,13,78,54,0,145,0,0,35,0,35,13,78,89,0,180,0,0,0,180
09/30/2008,LEX,KY,ASO,CE,Combined TRACON& Tower with Radar,11,82,51,1,145,0,1,29,1,31,11,83,80,2,176,0,0,0,176
10/01/2008,LEX,KY,ASO,CE,Combined TRACON& Tower with Radar,11,80,58,3,152,0,1,50,4,55,11,81,108,7,207,0,0,0,207
10/02/2008,LEX,KY,ASO,CE,Combined TRACON& Tower with Radar,12,85,74,9,180,0,0,50,1,51,12,85,124,10,231,0,0,0,231
10/03/2008,LEX,KY,ASO,CE,Combined TRACON& Tower with Radar,14,87,70,2,173,0,10,73,3,86,14,97,143,5,259,0,0,0,259
10/04/2008,LEX,KY,ASO,CE,Combined TRACON& Tower with Radar,14,63,55,0,132,0,6,69,0,75,14,69,124,0,207,0,0,0,207
10/05/2008,LEX,KY,ASO,CE,Combined TRACON& Tower with Radar,11,87,62,1,161,0,5,65,0,70,11,92,127,1,231,4,0,4,235
10/06/2008,LEX,KY,ASO,CE,Combined TRACON& Tower with Radar,9,82,27,1,119,0,3,46,1,50,9,85,73,2,169,0,0,0,169
10/07/2008,LEX,KY,ASO,CE,Combined TRACON& Tower with Radar,12,87,22,0,121,0,1,39,0,40,12,88,61,0,161,0,0,0,161
10/08/2008,LEX,KY,ASO,CE,Combined TRACON& Tower with Radar,10,87,80,0,177,0,2,14,0,16,10,89,94,0,193,0,0,0,193
10/09/2008,LEX,KY,ASO,CE,Combined TRACON& Tower with Radar,12,82,55,4,153,0,0,52,1,53,12,82,107,5,206,0,0,0,206
10/10/2008,LEX,KY,ASO,CE,Combined TRACON& Tower with Radar,14,91,97,0,202,0,5,77,0,82,14,96,174,0,284,10,0,10,294
10/11/2008,LEX,KY,ASO,CE,Combined TRACON& Tower with Radar,11,69,51,0,131,0,3,77,0,80,11,72,128,0,211,0,0,0,211
10/12/2008,LEX,KY,ASO,CE,Combined TRACON& Tower with Radar,5,94,66,0,165,0,0,53,0,53,5,94,119,0,218,0,0,0,218
10/13/2008,LEX,KY,ASO,CE,Combined TRACON& Tower with Radar,11,83,46,0,140,0,2,51,0,53,11,85,97,0,193,0,0,0,193
10/14/2008,LEX,KY,ASO,CE,Combined TRACON& Tower with Radar,12,81,39,2,134,0,3,42,2,47,12,84,81,4,181,0,0,0,181
10/15/2008,LEX,KY,ASO,CE,Combined TRACON& Tower with Radar,11,73,46,1,131,0,0,62,1,63,11,73,108,2,194,0,0,0,194
10/16/2008,LEX,KY,ASO,CE,Combined TRACON& Tower with Radar,11,84,62,0,157,0,0,6,0,6,11,84,68,0,163,0,0,0,163
10/17/2008,LEX,KY,ASO,CE,Combined TRACON& Tower with Radar,13,91,70,4,178,0,3,54,0,57,13,94,124,4,235,0,0,0,235
10/18/2008,LEX,KY,ASO,CE,Combined TRACON& Tower with Radar,11,63,39,0,113,0,1,56,3,60,11,64,95,3,173,0,0,0,173
10/19/2008,LEX,KY,ASO,CE,Combined TRACON& Tower with Radar,11,80,50,2,143,0,3,85,1,89,11,83,135,3,232,0,0,0,232
10/20/2008,LEX,KY,ASO,CE,Combined TRACON& Tower with Radar,13,78,52,0,143,0,0,48,0,48,13,78,100,0,191,0,0,0,191
10/21/2008,LEX,KY,ASO,CE,Combined TRACON& Tower with Radar,12,73,63,1,149,0,0,41,1,42,12,73,104,2,191,0,0,0,191
10/22/2008,LEX,KY,ASO,CE,Combined TRACON& Tower with Radar,11,90,76,9,186,0,0,46,0,46,11,90,122,9,232,0,0,0,232
10/23/2008,LEX,KY,ASO,CE,Combined TRACON& Tower with Radar,16,86,74,0,176,0,2,35,0,37,16,88,109,0,213,0,0,0,213
10/24/2008,LEX,KY,ASO,CE,Combined TRACON& Tower with Radar,10,77,49,0,136,0,0,1,0,1,10,77,50,0,137,0,0,0,137
10/25/2008,LEX,KY,ASO,CE,Combined TRACON& Tower with Radar,13,63,22,0,98,0,2,36,0,38,13,65,58,0,136,0,0,0,136
10/26/2008,LEX,KY,ASO,CE,Combined TRACON& Tower with Radar,7,78,34,0,119,0,2,38,0,40,7,80,72,0,159,0,0,0,159
10/27/2008,LEX,KY,ASO,CE,Combined TRACON& Tower with Radar,8,78,44,2,132,0,0,21,0,21,8,78,65,2,153,0,0,0,153
10/28/2008,LEX,KY,ASO,CE,Combined TRACON& Tower with Radar,11,75,61,0,147,0,0,34,0,34,11,75,95,0,181,0,0,0,181
10/29/2008,LEX,KY,ASO,CE,Combined TRACON& Tower with Radar,11,80,47,5,143,0,0,66,2,68,11,80,113,7,211,0,0,0,211
10/30/2008,LEX,KY,ASO,CE,Combined TRACON& Tower with Radar,12,84,68,16,180,0,0,76,1,77,12,84,144,17,257,6,0,6,263
10/31/2008,LEX,KY,ASO,CE,Combined TRACON& Tower with Radar,10,82,58,0,150,0,2,70,4,76,10,84,128,4,226,6,10,16,242
11/01/2008,LEX,KY,ASO,CE,Combined TRACON& Tower with Radar,7,64,47,0,118,0,0,73,0,73,7,64,120,0,191,8,0,8,199
11/02/2008,LEX,KY,ASO,CE,Combined TRACON& Tower with Radar,8,96,55,0,159,0,4,62,2,68,8,100,117,2,227,28,0,28,255
11/03/2008,LEX,KY,ASO,CE,Combined TRACON& Tower with Radar,12,92,36,3,143,0,2,49,1,52,12,94,85,4,195,25,0,25,220
11/04/2008,LEX,KY,ASO,CE,Combined TRACON& Tower with Radar,13,91,52,3,159,0,1,56,3,60,13,92,108,6,219,0,0,0,219
11/05/2008,LEX,KY,ASO,CE,Combined TRACON& Tower with Radar,9,87,48,2,146,0,0,66,2,68,9,87,114,4,214,6,0,6,220
11/06/2008,LEX,KY,ASO,CE,Combined TRACON& Tower with Radar,12,92,73,6,183,0,3,69,2,74,12,95,142,8,257,8,0,8,265
11/07/2008,LEX,KY,ASO,CE,Combined TRACON& Tower with Radar,17,84,70,2,173,0,0,14,2,16,17,84,84,4,189,10,0,10,199
11/08/2008,LEX,KY,ASO,CE,Combined TRACON& Tower with Radar,7,64,38,0,109,0,5,42,0,47,7,69,80,0,156,6,0,6,162
11/09/2008,LEX,KY,ASO,CE,Combined TRACON& Tower with Radar,4,87,37,0,128,0,4,31,0,35,4,91,68,0,163,28,0,28,191
11/10/2008,LEX,KY,ASO,CE,Combined TRACON& Tower with Radar,15,85,38,0,138,0,1,54,0,55,15,86,92,0,193,29,0,29,222
11/11/2008,LEX,KY,ASO,CE,Combined TRACON& Tower with Radar,12,86,34,0,132,0,0,15,2,17,12,86,49,2,149,0,0,0,149
11/12/2008,LEX,KY,ASO,CE,Combined TRACON& Tower with Radar,8,92,45,1,146,0,2,45,1,48,8,94,90,2,194,0,0,0,194
11/13/2008,LEX,KY,ASO,CE,Combined TRACON& Tower with Radar,12,88,72,3,175,0,3,10,1,14,12,91,82,4,189,0,0,0,189
11/14/2008,LEX,KY,ASO,CE,Combined TRACON& Tower with Radar,10,82,65,8,165,0,3,31,1,35,10,85,96,9,200,0,9,9,209
11/15/2008,LEX,KY,ASO,CE,Combined TRACON& Tower with Radar,4,61,15,0,80,0,0,2,0,2,4,61,17,0,82,0,0,0,82
11/16/2008,LEX,KY,ASO,CE,Combined TRACON& Tower with Radar,5,85,25,2,117,0,1,14,3,18,5,86,39,5,135,0,0,0,135
11/17/2008,LEX,KY,ASO,CE,Combined TRACON& Tower with Radar,14,83,36,0,133,0,1,29,3,33,14,84,65,3,166,0,0,0,166
11/18/2008,LEX,KY,ASO,CE,Combined TRACON& Tower with Radar,9,71,51,0,131,0,2,26,6,34,9,73,77,6,165,0,4,4,169
11/19/2008,LEX,KY,ASO,CE,Combined TRACON& Tower with Radar,13,86,40,12,151,0,1,56,5,62,13,87,96,17,213,0,3,3,216
11/20/2008,LEX,KY,ASO,CE,Combined TRACON& Tower with Radar,14,91,48,18,171,0,1,38,2,41,14,92,86,20,212,0,19,19,231
11/21/2008,LEX,KY,ASO,CE,Combined TRACON& Tower with Radar,12,85,51,0,148,0,2,36,0,38,12,87,87,0,186,9,0,9,195
11/22/2008,LEX,KY,ASO,CE,Combined TRACON& Tower with Radar,5,59,21,0,85,0,1,42,1,44,5,60,63,1,129,16,0,16,145
11/23/2008,LEX,KY,ASO,CE,Combined TRACON& Tower with Radar,7,78,24,0,109,0,2,50,1,53,7,80,74,1,162,6,0,6,168
11/24/2008,LEX,KY,ASO,CE,Combined TRACON& Tower with Radar,13,81,23,0,117,0,0,3,0,3,13,81,26,0,120,0,0,0,120
11/25/2008,LEX,KY,ASO,CE,Combined TRACON& Tower with Radar,11,92,43,4,150,0,7,46,2,55,11,99,89,6,205,6,0,6,211
11/26/2008,LEX,KY,ASO,CE,Combined TRACON& Tower with Radar,12,84,45,2,143,0,1,70,2,73,12,85,115,4,216,2,0,2,218
11/27/2008,LEX,KY,ASO,CE,Combined TRACON& Tower with Radar,4,43,11,0,58,0,6,32,0,38,4,49,43,0,96,8,0,8,104
11/28/2008,LEX,KY,ASO,CE,Combined TRACON& Tower with Radar,9,50,22,4,85,0,4,59,0,63,9,54,81,4,148,8,6,14,162
11/29/2008,LEX,KY,ASO,CE,Combined TRACON& Tower with Radar,11,67,47,0,125,0,5,43,0,48,11,72,90,0,173,66,0,66,239
11/30/2008,LEX,KY,ASO,CE,Combined TRACON& Tower with Radar,13,85,28,0,126,0,0,0,0,0,13,85,28,0,126,0,0,0,126
12/01/2008,LEX,KY,ASO,CE,Combined TRACON& Tower with Radar,10,86,36,0,132,0,0,2,0,2,10,86,38,0,134,0,0,0,134
12/02/2008,LEX,KY,ASO,CE,Combined TRACON& Tower with Radar,11,77,42,0,130,0,5,18,0,23,11,82,60,0,153,20,0,20,173
12/03/2008,LEX,KY,ASO,CE,Combined TRACON& Tower with Radar,10,87,35,2,134,0,1,25,0,26,10,88,60,2,160,0,0,0,160
12/04/2008,LEX,KY,ASO,CE,Combined TRACON& Tower with Radar,11,94,36,0,141,0,0,10,0,10,11,94,46,0,151,3,0,3,154
12/05/2008,LEX,KY,ASO,CE,Combined TRACON& Tower with Radar,12,77,47,18,154,0,0,69,0,69,12,77,116,18,223,20,18,38,261
12/06/2008,LEX,KY,ASO,CE,Combined TRACON& Tower with Radar,5,57,24,0,86,0,3,16,0,19,5,60,40,0,105,0,0,0,105
12/07/2008,LEX,KY,ASO,CE,Combined TRACON& Tower with Radar,7,82,37,0,126,0,1,43,0,44,7,83,80,0,170,28,0,28,198
12/08/2008,LEX,KY,ASO,CE,Combined TRACON& Tower with Radar,15,85,47,0,147,0,1,36,0,37,15,86,83,0,184,8,0,8,192
12/09/2008,LEX,KY,ASO,CE,Combined TRACON& Tower with Radar,10,82,19,0,111,0,1,9,0,10,10,83,28,0,121,0,0,0,121
12/10/2008,LEX,KY,ASO,CE,Combined TRACON& Tower with Radar,7,82,34,0,123,0,0,0,0,0,7,82,34,0,123,0,0,0,123
12/11/2008,LEX,KY,ASO,CE,Combined TRACON& Tower with Radar,10,92,40,0,142,0,0,7,0,7,10,92,47,0,149,0,0,0,149
12/12/2008,LEX,KY,ASO,CE,Combined TRACON& Tower with Radar,11,92,39,1,143,0,0,22,1,23,11,92,61,2,166,4,0,4,170
12/13/2008,LEX,KY,ASO,CE,Combined TRACON& Tower with Radar,5,63,41,0,109,0,4,67,0,71,5,67,108,0,180,20,0,20,200
12/14/2008,LEX,KY,ASO,CE,Combined TRACON& Tower with Radar,9,74,20,1,104,0,5,13,0,18,9,79,33,1,122,0,0,0,122
12/15/2008,LEX,KY,ASO,CE,Combined TRACON& Tower with Radar,13,69,20,1,103,0,6,2,0,8,13,75,22,1,111,0,0,0,111
12/16/2008,LEX,KY,ASO,CE,Combined TRACON& Tower with Radar,9,55,24,0,88,0,0,0,0,0,9,55,24,0,88,0,0,0,88
12/17/2008,LEX,KY,ASO,CE,Combined TRACON& Tower with Radar,7,94,61,0,162,0,0,0,0,0,7,94,61,0,162,0,0,0,162
12/18/2008,LEX,KY,ASO,CE,Combined TRACON& Tower with Radar,7,65,38,0,110,0,0,0,0,0,7,65,38,0,110,0,0,0,110
12/19/2008,LEX,KY,ASO,CE,Combined TRACON& Tower with Radar,10,81,34,0,125,0,4,13,0,17,10,85,47,0,142,0,0,0,142
12/20/2008,LEX,KY,ASO,CE,Combined TRACON& Tower with Radar,7,72,45,0,124,0,1,18,2,21,7,73,63,2,145,14,0,14,159
12/21/2008,LEX,KY,ASO,CE,Combined TRACON& Tower with Radar,8,71,18,0,97,0,2,16,0,18,8,73,34,0,115,0,0,0,115
12/22/2008,LEX,KY,ASO,CE,Combined TRACON& Tower with Radar,10,74,36,1,121,0,1,45,1,47,10,75,81,2,168,3,0,3,171
12/23/2008,LEX,KY,ASO,CE,Combined TRACON& Tower with Radar,8,83,24,2,117,0,1,15,0,16,8,84,39,2,133,0,0,0,133
12/24/2008,LEX,KY,ASO,CE,Combined TRACON& Tower with Radar,7,69,7,0,83,0,0,0,0,0,7,69,7,0,83,0,0,0,83
12/25/2008,LEX,KY,ASO,CE,Combined TRACON& Tower with Radar,8,50,19,0,77,0,3,33,0,36,8,53,52,0,113,0,0,0,113
12/26/2008,LEX,KY,ASO,CE,Combined TRACON& Tower with Radar,14,87,37,0,138,0,3,10,0,13,14,90,47,0,151,0,0,0,151
12/27/2008,LEX,KY,ASO,CE,Combined TRACON& Tower with Radar,9,76,21,0,106,0,1,17,0,18,9,77,38,0,124,0,0,0,124
12/28/2008,LEX,KY,ASO,CE,Combined TRACON& Tower with Radar,9,71,26,0,106,0,0,36,0,36,9,71,62,0,142,22,0,22,164
12/29/2008,LEX,KY,ASO,CE,Combined TRACON& Tower with Radar,10,75,25,0,110,0,4,59,0,63,10,79,84,0,173,22,0,22,195
12/30/2008,LEX,KY,ASO,CE,Combined TRACON& Tower with Radar,10,76,36,0,122,0,3,71,0,74,10,79,107,0,196,31,0,31,227
12/31/2008,LEX,KY,ASO,CE,Combined TRACON& Tower with Radar,7,60,12,0,79,0,0,27,0,27,7,60,39,0,106,0,0,0,106
01/01/2009,LEX,KY,ASO,CE,Combined TRACON& Tower with Radar,8,58,11,0,77,0,1,49,0,50,8,59,60,0,127,8,0,8,135
01/02/2009,LEX,KY,ASO,CE,Combined TRACON& Tower with Radar,9,82,22,0,113,0,6,38,0,44,9,88,60,0,157,16,0,16,173
01/03/2009,LEX,KY,ASO,CE,Combined TRACON& Tower with Radar,4,73,45,0,122,0,3,40,0,43,4,76,85,0,165,4,0,4,169
01/04/2009,LEX,KY,ASO,CE,Combined TRACON& Tower with Radar,10,83,27,0,120,0,1,2,0,3,10,84,29,0,123,4,0,4,127
01/05/2009,LEX,KY,ASO,CE,Combined TRACON& Tower with Radar,6,83,20,0,109,0,0,8,0,8,6,83,28,0,117,0,0,0,117
01/06/2009,LEX,KY,ASO,CE,Combined TRACON& Tower with Radar,5,80,28,3,116,0,0,0,0,0,5,80,28,3,116,0,0,0,116
01/07/2009,LEX,KY,ASO,CE,Combined TRACON& Tower with Radar,7,76,16,4,103,0,1,2,0,3,7,77,18,4,106,0,0,0,106
01/08/2009,LEX,KY,ASO,CE,Combined TRACON& Tower with Radar,8,85,26,4,123,0,0,16,4,20,8,85,42,8,143,0,0,0,143
01/09/2009,LEX,KY,ASO,CE,Combined TRACON& Tower with Radar,6,82,43,0,131,0,4,57,0,61,6,86,100,0,192,2,0,2,194
01/10/2009,LEX,KY,ASO,CE,Combined TRACON& Tower with Radar,6,56,9,4,75,0,0,4,0,4,6,56,13,4,79,0,0,0,79
01/11/2009,LEX,KY,ASO,CE,Combined TRACON& Tower with Radar,6,83,22,0,111,0,1,21,0,22,6,84,43,0,133,0,0,0,133
01/12/2009,LEX,KY,ASO,CE,Combined TRACON& Tower with Radar,8,81,36,8,133,0,0,26,0,26,8,81,62,8,159,0,4,4,163
01/13/2009,LEX,KY,ASO,CE,Combined TRACON& Tower with Radar,4,68,43,2,117,0,1,10,0,11,4,69,53,2,128,0,0,0,128
01/14/2009,LEX,KY,ASO,CE,Combined TRACON& Tower with Radar,4,84,35,16,139,0,1,13,0,14,4,85,48,16,153,0,22,22,175
01/15/2009,LEX,KY,ASO,CE,Combined TRACON& Tower with Radar,6,96,44,2,148,0,0,23,3,26,6,96,67,5,174,8,0,8,182
01/16/2009,LEX,KY,ASO,CE,Combined TRACON& Tower with Radar,6,82,38,1,127,0,0,30,4,34,6,82,68,5,161,25,0,25,186
01/17/2009,LEX,KY,ASO,CE,Combined TRACON& Tower with Radar,5,59,24,0,88,0,0,16,0,16,5,59,40,0,104,0,0,0,104
01/18/2009,LEX,KY,ASO,CE,Combined TRACON& Tower with Radar,5,78,10,0,93,0,1,5,0,6,5,79,15,0,99,0,0,0,99
01/19/2009,LEX,KY,ASO,CE,Combined TRACON& Tower with Radar,7,81,34,0,122,0,1,11,0,12,7,82,45,0,134,10,0,10,144
01/20/2009,LEX,KY,ASO,CE,Combined TRACON& Tower with Radar,4,82,38,0,124,0,3,4,0,7,4,85,42,0,131,0,0,0,131
01/21/2009,LEX,KY,ASO,CE,Combined TRACON& Tower with Radar,4,77,38,0,119,0,4,43,0,47,4,81,81,0,166,0,0,0,166
01/22/2009,LEX,KY,ASO,CE,Combined TRACON& Tower with Radar,8,92,42,2,144,0,0,57,2,59,8,92,99,4,203,4,0,4,207
01/23/2009,LEX,KY,ASO,CE,Combined TRACON& Tower with Radar,8,83,44,4,139,0,3,52,0,55,8,86,96,4,194,16,0,16,210
01/24/2009,LEX,KY,ASO,CE,Combined TRACON& Tower with Radar,6,52,13,2,73,0,3,37,0,40,6,55,50,2,113,63,0,63,176
01/25/2009,LEX,KY,ASO,CE,Combined TRACON& Tower with Radar,7,84,29,2,122,0,1,35,0,36,7,85,64,2,158,42,0,42,200
01/26/2009,LEX,KY,ASO,CE,Combined TRACON& Tower with Radar,8,87,39,14,148,0,1,11,0,12,8,88,50,14,160,8,10,18,178
01/27/2009,LEX,KY,ASO,CE,Combined TRACON& Tower with Radar,1,5,6,0,12,0,0,0,0,0,1,5,6,0,12,0,0,0,12
01/28/2009,LEX,KY,ASO,CE,Combined TRACON& Tower with Radar,2,12,15,0,29,0,0,4,0,4,2,12,19,0,33,0,0,0,33
01/29/2009,LEX,KY,ASO,CE,Combined TRACON& Tower with Radar,9,65,31,0,105,0,1,2,0,3,9,66,33,0,108,0,0,0,108
01/30/2009,LEX,KY,ASO,CE,Combined TRACON& Tower with Radar,6,87,30,2,125,0,2,3,0,5,6,89,33,2,130,0,0,0,130
01/31/2009,LEX,KY,ASO,CE,Combined TRACON& Tower with Radar,8,59,17,0,84,0,5,23,0,28,8,64,40,0,112,0,0,0,112
02/01/2009,LEX,KY,ASO,CE,Combined TRACON& Tower with Radar,4,80,27,4,115,0,2,48,2,52,4,82,75,6,167,8,0,8,175
02/02/2009,LEX,KY,ASO,CE,Combined TRACON& Tower with Radar,4,88,47,0,139,0,1,15,0,16,4,89,62,0,155,6,0,6,161
02/03/2009,LEX,KY,ASO,CE,Combined TRACON& Tower with Radar,6,80,22,0,108,0,0,0,0,0,6,80,22,0,108,0,0,0,108
02/04/2009,LEX,KY,ASO,CE,Combined TRACON& Tower with Radar,7,90,42,0,139,0,0,14,0,14,7,90,56,0,153,0,0,0,153
02/05/2009,LEX,KY,ASO,CE,Combined TRACON& Tower with Radar,7,84,44,0,135,0,0,38,0,38,7,84,82,0,173,24,0,24,197
02/06/2009,LEX,KY,ASO,CE,Combined TRACON& Tower with Radar,6,81,47,0,134,0,4,63,0,67,6,85,110,0,201,0,0,0,201
02/07/2009,LEX,KY,ASO,CE,Combined TRACON& Tower with Radar,6,55,17,0,78,0,1,16,2,19,6,56,33,2,97,0,0,0,97
02/08/2009,LEX,KY,ASO,CE,Combined TRACON& Tower with Radar,8,74,28,0,110,0,0,57,1,58,8,74,85,1,168,4,0,4,172
02/09/2009,LEX,KY,ASO,CE,Combined TRACON& Tower with Radar,4,82,29,2,117,0,0,34,3,37,4,82,63,5,154,16,0,16,170
02/10/2009,LEX,KY,ASO,CE,Combined TRACON& Tower with Radar,6,78,28,2,114,0,0,2,0,2,6,78,30,2,116,0,0,0,116
02/11/2009,LEX,KY,ASO,CE,Combined TRACON& Tower with Radar,6,88,13,0,107,0,0,4,0,4,6,88,17,0,111,4,0,4,115
02/12/2009,LEX,KY,ASO,CE,Combined TRACON& Tower with Radar,2,90,62,6,160,0,0,45,1,46,2,90,107,7,206,32,0,32,238
02/13/2009,LEX,KY,ASO,CE,Combined TRACON& Tower with Radar,6,88,52,5,151,0,1,55,0,56,6,89,107,5,207,6,0,6,213
02/14/2009,LEX,KY,ASO,CE,Combined TRACON& Tower with Radar,10,60,17,0,87,0,1,33,2,36,10,61,50,2,123,6,0,6,129
02/15/2009,LEX,KY,ASO,CE,Combined TRACON& Tower with Radar,6,79,32,0,117,0,1,63,2,66,6,80,95,2,183,20,0,20,203
02/16/2009,LEX,KY,ASO,CE,Combined TRACON& Tower with Radar,2,83,32,0,117,0,3,50,0,53,2,86,82,0,170,10,0,10,180
02/17/2009,LEX,KY,ASO,CE,Combined TRACON& Tower with Radar,4,85,37,4,130,0,3,56,3,62,4,88,93,7,192,12,0,12,204
02/18/2009,LEX,KY,ASO,CE,Combined TRACON& Tower with Radar,5,81,26,1,113,0,0,1,0,1,5,81,27,1,114,0,0,0,114
02/19/2009,LEX,KY,ASO,CE,Combined TRACON& Tower with Radar,5,94,26,5,130,0,0,8,1,9,5,94,34,6,139,0,0,0,139
02/20/2009,LEX,KY,ASO,CE,Combined TRACON& Tower with Radar,4,90,41,1,136,0,6,50,3,59,4,96,91,4,195,16,0,16,211
02/21/2009,LEX,KY,ASO,CE,Combined TRACON& Tower with Radar,8,57,15,0,80,0,4,17,0,21,8,61,32,0,101,0,0,0,101
02/22/2009,LEX,KY,ASO,CE,Combined TRACON& Tower with Radar,4,82,24,0,110,0,0,13,0,13,4,82,37,0,123,0,0,0,123
02/23/2009,LEX,KY,ASO,CE,Combined TRACON& Tower with Radar,3,85,42,0,130,0,3,36,0,39,3,88,78,0,169,10,0,10,179
02/24/2009,LEX,KY,ASO,CE,Combined TRACON& Tower with Radar,4,84,57,2,147,0,0,61,2,63,4,84,118,4,210,0,0,0,210
02/25/2009,LEX,KY,ASO,CE,Combined TRACON& Tower with Radar,4,86,42,0,132,0,3,53,1,57,4,89,95,1,189,5,0,5,194
02/26/2009,LEX,KY,ASO,CE,Combined TRACON& Tower with Radar,2,90,47,10,149,0,2,23,1,26,2,92,70,11,175,4,0,4,179
02/27/2009,LEX,KY,ASO,CE,Combined TRACON& Tower with Radar,11,92,50,2,155,0,0,10,0,10,11,92,60,2,165,16,0,16,181
02/28/2009,LEX,KY,ASO,CE,Combined TRACON& Tower with Radar,8,56,12,0,76,0,0,6,2,8,8,56,18,2,84,0,0,0,84
03/01/2009,LEX,KY,ASO,CE,Combined TRACON& Tower with Radar,3,67,36,0,106,0,1,31,1,33,3,68,67,1,139,0,0,0,139
03/02/2009,LEX,KY,ASO,CE,Combined TRACON& Tower with Radar,3,80,24,0,107,0,4,31,0,35,3,84,55,0,142,4,0,4,146
03/03/2009,LEX,KY,ASO,CE,Combined TRACON& Tower with Radar,7,80,32,0,119,0,6,47,0,53,7,86,79,0,172,18,0,18,190
03/04/2009,LEX,KY,ASO,CE,Combined TRACON& Tower with Radar,6,91,59,4,160,0,2,68,3,73,6,93,127,7,233,12,0,12,245
03/05/2009,LEX,KY,ASO,CE,Combined TRACON& Tower with Radar,7,84,46,4,141,0,0,35,1,36,7,84,81,5,177,0,0,0,177
03/06/2009,LEX,KY,ASO,CE,Combined TRACON& Tower with Radar,10,87,31,0,128,0,1,34,0,35,10,88,65,0,163,26,0,26,189
03/07/2009,LEX,KY,ASO,CE,Combined TRACON& Tower with Radar,6,60,26,0,92,0,2,30,0,32,6,62,56,0,124,22,0,22,146
03/08/2009,LEX,KY,ASO,CE,Combined TRACON& Tower with Radar,4,79,13,0,96,0,2,12,0,14,4,81,25,0,110,16,0,16,126
03/09/2009,LEX,KY,ASO,CE,Combined TRACON& Tower with Radar,5,82,32,11,130,0,0,62,0,62,5,82,94,11,192,29,15,44,236
03/10/2009,LEX,KY,ASO,CE,Combined TRACON& Tower with Radar,11,80,21,0,112,0,1,35,0,36,11,81,56,0,148,5,0,5,153
03/11/2009,LEX,KY,ASO,CE,Combined TRACON& Tower with Radar,5,85,35,6,131,0,2,25,0,27,5,87,60,6,158,0,0,0,158
03/12/2009,LEX,KY,ASO,CE,Combined TRACON& Tower with Radar,5,89,33,2,129,0,0,41,0,41,5,89,74,2,170,2,0,2,172
03/13/2009,LEX,KY,ASO,CE,Combined TRACON& Tower with Radar,12,85,37,2,136,0,0,24,0,24,12,85,61,2,160,16,0,16,176
03/14/2009,LEX,KY,ASO,CE,Combined TRACON& Tower with Radar,4,61,52,0,117,0,0,3,0,3,4,61,55,0,120,0,0,0,120
03/15/2009,LEX,KY,ASO,CE,Combined TRACON& Tower with Radar,4,77,35,0,116,0,0,0,0,0,4,77,35,0,116,0,0,0,116
03/16/2009,LEX,KY,ASO,CE,Combined TRACON& Tower with Radar,5,85,31,1,122,0,0,15,1,16,5,85,46,2,138,0,0,0,138
03/17/2009,LEX,KY,ASO,CE,Combined TRACON& Tower with Radar,6,82,58,4,150,0,2,62,4,68,6,84,120,8,218,10,0,10,228
03/18/2009,LEX,KY,ASO,CE,Combined TRACON& Tower with Radar,7,89,58,4,158,0,4,58,0,62,7,93,116,4,220,12,0,12,232
03/19/2009,LEX,KY,ASO,CE,Combined TRACON& Tower with Radar,8,90,42,4,144,0,1,38,0,39,8,91,80,4,183,0,0,0,183
03/20/2009,LEX,KY,ASO,CE,Combined TRACON& Tower with Radar,8,83,32,3,126,0,0,61,7,68,8,83,93,10,194,23,0,23,217
03/21/2009,LEX,KY,ASO,CE,Combined TRACON& Tower with Radar,4,63,35,0,102,0,2,86,1,89,4,65,121,1,191,46,0,46,237
03/22/2009,LEX,KY,ASO,CE,Combined TRACON& Tower with Radar,5,80,40,0,125,0,2,62,2,66,5,82,102,2,191,16,0,16,207
03/23/2009,LEX,KY,ASO,CE,Combined TRACON& Tower with Radar,5,83,39,0,127,0,0,50,0,50,5,83,89,0,177,6,0,6,183
03/24/2009,LEX,KY,ASO,CE,Combined TRACON& Tower with Radar,5,85,36,1,127,0,1,45,5,51,5,86,81,6,178,10,0,10,188
03/25/2009,LEX,KY,ASO,CE,Combined TRACON& Tower with Radar,10,84,44,12,150,0,1,7,2,10,10,85,51,14,160,0,24,24,184
03/26/2009,LEX,KY,ASO,CE,Combined TRACON& Tower with Radar,5,86,42,4,137,0,0,14,0,14,5,86,56,4,151,0,0,0,151
03/27/2009,LEX,KY,ASO,CE,Combined TRACON& Tower with Radar,8,90,47,4,149,0,4,18,4,26,8,94,65,8,175,12,0,12,187
03/28/2009,LEX,KY,ASO,CE,Combined TRACON& Tower with Radar,4,72,20,0,96,0,0,12,0,12,4,72,32,0,108,0,0,0,108
03/29/2009,LEX,KY,ASO,CE,Combined TRACON& Tower with Radar,7,74,11,0,92,0,3,10,0,13,7,77,21,0,105,0,0,0,105
03/30/2009,LEX,KY,ASO,CE,Combined TRACON& Tower with Radar,13,101,27,10,151,0,4,75,0,79,13,105,102,10,230,28,6,34,264
03/31/2009,LEX,KY,ASO,CE,Combined TRACON& Tower with Radar,10,104,34,3,151,0,1,28,0,29,10,105,62,3,180,0,4,4,184
04/01/2009,LEX,KY,ASO,CE,Combined TRACON& Tower with Radar,9,79,64,1,153,0,2,53,1,56,9,81,117,2,209,0,0,0,209
04/02/2009,LEX,KY,ASO,CE,Combined TRACON& Tower with Radar,8,93,32,14,147,0,1,32,0,33,8,94,64,14,180,0,0,0,180
04/03/2009,LEX,KY,ASO,CE,Combined TRACON& Tower with Radar,9,92,53,0,154,0,0,26,0,26,9,92,79,0,180,0,0,0,180
04/04/2009,LEX,KY,ASO,CE,Combined TRACON& Tower with Radar,8,73,37,2,120,0,5,114,0,119,8,78,151,2,239,0,0,0,239
04/05/2009,LEX,KY,ASO,CE,Combined TRACON& Tower with Radar,9,81,44,0,134,0,0,39,0,39,9,81,83,0,173,0,0,0,173
04/06/2009,LEX,KY,ASO,CE,Combined TRACON& Tower with Radar,7,80,23,2,112,0,0,2,0,2,7,80,25,2,114,0,0,0,114
04/07/2009,LEX,KY,ASO,CE,Combined TRACON& Tower with Radar,8,81,35,5,129,0,0,10,3,13,8,81,45,8,142,0,0,0,142
04/08/2009,LEX,KY,ASO,CE,Combined TRACON& Tower with Radar,6,81,67,0,154,0,2,77,0,79,6,83,144,0,233,62,4,66,299
04/09/2009,LEX,KY,ASO,CE,Combined TRACON& Tower with Radar,4,84,69,0,157,0,5,73,0,78,4,89,142,0,235,58,0,58,293
04/10/2009,LEX,KY,ASO,CE,Combined TRACON& Tower with Radar,5,80,24,0,109,0,4,1,0,5,5,84,25,0,114,6,0,6,120
04/11/2009,LEX,KY,ASO,CE,Combined TRACON& Tower with Radar,4,61,39,0,104,0,8,72,0,80,4,69,111,0,184,29,0,29,213
04/12/2009,LEX,KY,ASO,CE,Combined TRACON& Tower with Radar,7,78,32,6,123,0,2,43,0,45,7,80,75,6,168,2,6,8,176
04/13/2009,LEX,KY,ASO,CE,Combined TRACON& Tower with Radar,5,78,25,0,108,0,0,29,0,29,5,78,54,0,137,0,0,0,137
04/14/2009,LEX,KY,ASO,CE,Combined TRACON& Tower with Radar,6,81,42,0,129,0,2,18,2,22,6,83,60,2,151,16,0,16,167
04/15/2009,LEX,KY,ASO,CE,Combined TRACON& Tower with Radar,8,87,66,2,163,0,1,12,0,13,8,88,78,2,176,0,0,0,176
04/16/2009,LEX,KY,ASO,CE,Combined TRACON& Tower with Radar,10,88,81,1,180,0,0,51,3,54,10,88,132,4,234,12,0,12,246
04/17/2009,LEX,KY,ASO,CE,Combined TRACON& Tower with Radar,8,91,60,0,159,0,2,121,6,129,8,93,181,6,288,40,0,40,328
04/18/2009,LEX,KY,ASO,CE,Combined TRACON& Tower with Radar,4,63,39,0,106,0,2,89,0,91,4,65,128,0,197,32,0,32,229
04/19/2009,LEX,KY,ASO,CE,Combined TRACON& Tower with Radar,8,89,42,0,139,0,1,3,0,4,8,90,45,0,143,0,0,0,143
04/20/2009,LEX,KY,ASO,CE,Combined TRACON& Tower with Radar,7,78,35,0,120,0,0,16,0,16,7,78,51,0,136,10,0,10,146
04/21/2009,LEX,KY,ASO,CE,Combined TRACON& Tower with Radar,7,75,48,0,130,0,2,33,0,35,7,77,81,0,165,35,0,35,200
04/22/2009,LEX,KY,ASO,CE,Combined TRACON& Tower with Radar,4,84,74,1,163,0,2,66,3,71,4,86,140,4,234,4,0,4,238
04/23/2009,LEX,KY,ASO,CE,Combined TRACON& Tower with Radar,9,91,81,2,183,0,0,83,1,84,9,91,164,3,267,14,0,14,281
04/24/2009,LEX,KY,ASO,CE,Combined TRACON& Tower with Radar,10,83,64,4,161,0,4,69,0,73,10,87,133,4,234,15,0,15,249
04/25/2009,LEX,KY,ASO,CE,Combined TRACON& Tower with Radar,4,56,23,0,83,0,4,61,0,65,4,60,84,0,148,22,0,22,170
04/26/2009,LEX,KY,ASO,CE,Combined TRACON& Tower with Radar,7,88,63,0,158,0,5,85,0,90,7,93,148,0,248,16,0,16,264
04/27/2009,LEX,KY,ASO,CE,Combined TRACON& Tower with Radar,6,80,45,0,131,0,3,35,5,43,6,83,80,5,174,4,0,4,178
04/28/2009,LEX,KY,ASO,CE,Combined TRACON& Tower with Radar,6,87,33,8,134,0,0,19,3,22,6,87,52,11,156,0,14,14,170
04/29/2009,LEX,KY,ASO,CE,Combined TRACON& Tower with Radar,4,80,43,21,148,0,0,18,1,19,4,80,61,22,167,26,8,34,201
04/30/2009,LEX,KY,ASO,CE,Combined TRACON& Tower with Radar,7,93,68,0,168,0,4,23,0,27,7,97,91,0,195,0,0,0,195
05/01/2009,LEX,KY,ASO,CE,Combined TRACON& Tower with Radar,5,97,73,2,177,0,0,21,0,21,5,97,94,2,198,18,0,18,216
05/02/2009,LEX,KY,ASO,CE,Combined TRACON& Tower with Radar,5,64,27,0,96,0,1,16,0,17,5,65,43,0,113,0,0,0,113
05/03/2009,LEX,KY,ASO,CE,Combined TRACON& Tower with Radar,7,107,84,0,198,0,0,1,0,1,7,107,85,0,199,10,0,10,209
05/04/2009,LEX,KY,ASO,CE,Combined TRACON& Tower with Radar,4,94,42,2,142,0,0,21,2,23,4,94,63,4,165,4,0,4,169
05/05/2009,LEX,KY,ASO,CE,Combined TRACON& Tower with Radar,6,83,39,6,134,0,1,13,3,17,6,84,52,9,151,28,0,28,179
05/06/2009,LEX,KY,ASO,CE,Combined TRACON& Tower with Radar,4,82,29,1,116,0,0,4,0,4,4,82,33,1,120,0,0,0,120
05/07/2009,LEX,KY,ASO,CE,Combined TRACON& Tower with Radar,5,89,56,22,172,0,1,29,3,33,5,90,85,25,205,20,0,20,225
05/08/2009,LEX,KY,ASO,CE,Combined TRACON& Tower with Radar,2,86,34,0,122,0,1,24,1,26,2,87,58,1,148,4,0,4,152
05/09/2009,LEX,KY,ASO,CE,Combined TRACON& Tower with Radar,4,52,31,2,89,0,7,31,0,38,4,59,62,2,127,21,0,21,148
05/10/2009,LEX,KY,ASO,CE,Combined TRACON& Tower with Radar,6,77,37,0,120,0,3,55,0,58,6,80,92,0,178,0,0,0,178
05/11/2009,LEX,KY,ASO,CE,Combined TRACON& Tower with Radar,2,82,29,19,132,0,3,50,5,58,2,85,79,24,190,28,18,46,236
05/12/2009,LEX,KY,ASO,CE,Combined TRACON& Tower with Radar,5,79,53,2,139,0,5,76,6,87,5,84,129,8,226,13,0,13,239
05/13/2009,LEX,KY,ASO,CE,Combined TRACON& Tower with Radar,3,83,57,0,143,0,3,16,0,19,3,86,73,0,162,8,0,8,170
05/14/2009,LEX,KY,ASO,CE,Combined TRACON& Tower with Radar,6,82,43,1,132,0,1,14,2,17,6,83,57,3,149,30,0,30,179
05/15/2009,LEX,KY,ASO,CE,Combined TRACON& Tower with Radar,3,89,44,4,140,0,0,31,1,32,3,89,75,5,172,4,0,4,176
05/16/2009,LEX,KY,ASO,CE,Combined TRACON& Tower with Radar,4,58,33,7,102,0,0,19,3,22,4,58,52,10,124,0,14,14,138
05/17/2009,LEX,KY,ASO,CE,Combined TRACON& Tower with Radar,7,85,46,0,138,0,0,54,0,54,7,85,100,0,192,0,0,0,192
05/18/2009,LEX,KY,ASO,CE,Combined TRACON& Tower with Radar,7,80,47,5,139,0,1,71,7,79,7,81,118,12,218,20,0,20,238
05/19/2009,LEX,KY,ASO,CE,Combined TRACON& Tower with Radar,5,83,40,2,130,0,0,58,1,59,5,83,98,3,189,44,0,44,233
05/20/2009,LEX,KY,ASO,CE,Combined TRACON& Tower with Radar,12,73,81,4,170,0,2,73,3,78,12,75,154,7,248,43,0,43,291
05/21/2009,LEX,KY,ASO,CE,Combined TRACON& Tower with Radar,4,78,54,1,137,0,1,66,1,68,4,79,120,2,205,22,0,22,227
05/22/2009,LEX,KY,ASO,CE,Combined TRACON& Tower with Radar,4,82,53,6,145,0,4,68,0,72,4,86,121,6,217,24,0,24,241
05/23/2009,LEX,KY,ASO,CE,Combined TRACON& Tower with Radar,4,51,32,0,87,0,2,75,32,109,4,53,107,32,196,76,0,76,272
05/24/2009,LEX,KY,ASO,CE,Combined TRACON& Tower with Radar,6,48,29,0,83,0,5,45,32,82,6,53,74,32,165,64,0,64,229
05/25/2009,LEX,KY,ASO,CE,Combined TRACON& Tower with Radar,3,73,32,0,108,0,1,21,22,44,3,74,53,22,152,0,0,0,152
05/26/2009,LEX,KY,ASO,CE,Combined TRACON& Tower with Radar,6,87,42,2,137,0,0,28,1,29,6,87,70,3,166,0,0,0,166
05/27/2009,LEX,KY,ASO,CE,Combined TRACON& Tower with Radar,3,83,45,3,134,0,3,8,1,12,3,86,53,4,146,0,0,0,146
05/28/2009,LEX,KY,ASO,CE,Combined TRACON& Tower with Radar,6,85,43,0,134,0,4,25,0,29,6,89,68,0,163,0,0,0,163
05/29/2009,LEX,KY,ASO,CE,Combined TRACON& Tower with Radar,4,93,53,0,150,0,3,71,0,74,4,96,124,0,224,18,0,18,242
05/30/2009,LEX,KY,ASO,CE,Combined TRACON& Tower with Radar,4,53,34,0,91,0,1,50,0,51,4,54,84,0,142,6,0,6,148
05/31/2009,LEX,KY,ASO,CE,Combined TRACON& Tower with Radar,8,78,45,0,131,0,0,64,0,64,8,78,109,0,195,17,0,17,212
06/01/2009,LEX,KY,ASO,CE,Combined TRACON& Tower with Radar,2,76,32,2,112,0,1,49,4,54,2,77,81,6,166,6,0,6,172
06/02/2009,LEX,KY,ASO,CE,Combined TRACON& Tower with Radar,5,84,39,10,138,0,0,50,2,52,5,84,89,12,190,4,8,12,202
06/03/2009,LEX,KY,ASO,CE,Combined TRACON& Tower with Radar,4,78,44,0,126,0,0,22,0,22,4,78,66,0,148,0,0,0,148
06/04/2009,LEX,KY,ASO,CE,Combined TRACON& Tower with Radar,4,95,54,1,154,0,0,1,1,2,4,95,55,2,156,0,0,0,156
06/05/2009,LEX,KY,ASO,CE,Combined TRACON& Tower with Radar,2,90,60,1,153,0,9,98,2,109,2,99,158,3,262,8,0,8,270
06/06/2009,LEX,KY,ASO,CE,Combined TRACON& Tower with Radar,4,65,31,1,101,0,3,91,3,97,4,68,122,4,198,64,0,64,262
06/07/2009,LEX,KY,ASO,CE,Combined TRACON& Tower with Radar,4,81,37,2,124,0,5,38,0,43,4,86,75,2,167,6,0,6,173
06/08/2009,LEX,KY,ASO,CE,Combined TRACON& Tower with Radar,2,82,44,0,128,0,2,52,0,54,2,84,96,0,182,64,0,64,246
06/09/2009,LEX,KY,ASO,CE,Combined TRACON& Tower with Radar,7,87,54,16,164,0,2,66,1,69,7,89,120,17,233,0,14,14,247
06/10/2009,LEX,KY,ASO,CE,Combined TRACON& Tower with Radar,1,83,46,0,130,0,0,33,4,37,1,83,79,4,167,4,0,4,171
06/11/2009,LEX,KY,ASO,CE,Combined TRACON& Tower with Radar,2,92,50,0,144,0,1,14,0,15,2,93,64,0,159,0,0,0,159
06/12/2009,LEX,KY,ASO,CE,Combined TRACON& Tower with Radar,0,92,40,15,147,0,0,22,1,23,0,92,62,16,170,8,0,8,178
06/13/2009,LEX,KY,ASO,CE,Combined TRACON& Tower with Radar,3,67,43,0,113,0,2,59,0,61,3,69,102,0,174,11,0,11,185
06/14/2009,LEX,KY,ASO,CE,Combined TRACON& Tower with Radar,4,77,32,0,113,0,1,44,0,45,4,78,76,0,158,19,0,19,177
06/15/2009,LEX,KY,ASO,CE,Combined TRACON& Tower with Radar,2,85,39,2,128,0,0,4,0,4,2,85,43,2,132,23,0,23,155
06/16/2009,LEX,KY,ASO,CE,Combined TRACON& Tower with Radar,5,86,26,0,117,0,0,9,0,9,5,86,35,0,126,22,0,22,148
06/17/2009,LEX,KY,ASO,CE,Combined TRACON& Tower with Radar,2,81,56,3,142,0,1,64,0,65,2,82,120,3,207,0,0,0,207
06/18/2009,LEX,KY,ASO,CE,Combined TRACON& Tower with Radar,6,80,47,5,138,0,5,57,0,62,6,85,104,5,200,14,0,14,214
06/19/2009,LEX,KY,ASO,CE,Combined TRACON& Tower with Radar,3,87,45,3,138,0,2,78,3,83,3,89,123,6,221,22,0,22,243
06/20/2009,LEX,KY,ASO,CE,Combined TRACON& Tower with Radar,4,64,37,0,105,0,7,41,0,48,4,71,78,0,153,6,0,6,159
06/21/2009,LEX,KY,ASO,CE,Combined TRACON& Tower with Radar,4,81,32,0,117,0,5,54,0,59,4,86,86,0,176,15,0,15,191
06/22/2009,LEX,KY,ASO,CE,Combined TRACON& Tower with Radar,4,79,46,2,131,0,0,47,0,47,4,79,93,2,178,18,0,18,196
06/23/2009,LEX,KY,ASO,CE,Combined TRACON& Tower with Radar,3,84,43,0,130,0,5,75,0,80,3,89,118,0,210,30,0,30,240
06/24/2009,LEX,KY,ASO,CE,Combined TRACON& Tower with Radar,2,81,69,1,153,0,4,72,5,81,2,85,141,6,234,22,0,22,256
06/25/2009,LEX,KY,ASO,CE,Combined TRACON& Tower with Radar,4,86,46,2,138,0,5,48,0,53,4,91,94,2,191,16,0,16,207
06/26/2009,LEX,KY,ASO,CE,Combined TRACON& Tower with Radar,2,87,40,1,130,0,5,47,1,53,2,92,87,2,183,36,0,36,219
06/27/2009,LEX,KY,ASO,CE,Combined TRACON& Tower with Radar,4,57,23,2,86,0,3,84,2,89,4,60,107,4,175,17,0,17,192
06/28/2009,LEX,KY,ASO,CE,Combined TRACON& Tower with Radar,3,74,35,2,114,0,0,34,0,34,3,74,69,2,148,20,0,20,168
06/29/2009,LEX,KY,ASO,CE,Combined TRACON& Tower with Radar,2,87,42,0,131,0,1,64,2,67,2,88,106,2,198,14,0,14,212
06/30/2009,LEX,KY,ASO,CE,Combined TRACON& Tower with Radar,5,86,30,0,121,0,3,59,2,64,5,89,89,2,185,70,0,70,255
07/01/2009,LEX,KY,ASO,CE,Combined TRACON& Tower with Radar,2,80,37,0,119,0,4,41,0,45,2,84,78,0,164,0,0,0,164
07/02/2009,LEX,KY,ASO,CE,Combined TRACON& Tower with Radar,5,79,49,2,135,0,0,52,1,53,5,79,101,3,188,11,0,11,199
07/03/2009,LEX,KY,ASO,CE,Combined TRACON& Tower with Radar,0,81,20,0,101,0,8,65,1,74,0,89,85,1,175,72,0,72,247
07/04/2009,LEX,KY,ASO,CE,Combined TRACON& Tower with Radar,5,50,15,0,70,0,1,29,0,30,5,51,44,0,100,6,0,6,106
07/05/2009,LEX,KY,ASO,CE,Combined TRACON& Tower with Radar,6,73,26,0,105,0,1,5,0,6,6,74,31,0,111,6,0,6,117
07/06/2009,LEX,KY,ASO,CE,Combined TRACON& Tower with Radar,2,87,53,0,142,0,2,48,0,50,2,89,101,0,192,21,0,21,213
07/07/2009,LEX,KY,ASO,CE,Combined TRACON& Tower with Radar,4,86,41,4,135,0,3,80,4,87,4,89,121,8,222,14,0,14,236
07/08/2009,LEX,KY,ASO,CE,Combined TRACON& Tower with Radar,0,83,53,1,137,0,1,74,1,76,0,84,127,2,213,31,0,31,244
07/09/2009,LEX,KY,ASO,CE,Combined TRACON& Tower with Radar,5,99,47,2,153,0,4,84,2,90,5,103,131,4,243,0,0,0,243
07/10/2009,LEX,KY,ASO,CE,Combined TRACON& Tower with Radar,1,81,33,1,116,0,2,47,1,50,1,83,80,2,166,66,0,66,232
07/11/2009,LEX,KY,ASO,CE,Combined TRACON& Tower with Radar,4,64,25,0,93,0,2,39,2,43,4,66,64,2,136,15,0,15,151
07/12/2009,LEX,KY,ASO,CE,Combined TRACON& Tower with Radar,4,84,38,0,126,0,1,34,2,37,4,85,72,2,163,8,0,8,171
07/13/2009,LEX,KY,ASO,CE,Combined TRACON& Tower with Radar,1,87,39,0,127,0,1,62,1,64,1,88,101,1,191,0,0,0,191
07/14/2009,LEX,KY,ASO,CE,Combined TRACON& Tower with Radar,6,85,30,12,133,0,5,76,1,82,6,90,106,13,215,42,8,50,265
07/15/2009,LEX,KY,ASO,CE,Combined TRACON& Tower with Radar,3,86,34,0,123,0,3,18,2,23,3,89,52,2,146,6,0,6,152
07/16/2009,LEX,KY,ASO,CE,Combined TRACON& Tower with Radar,3,88,44,0,135,0,1,45,4,50,3,89,89,4,185,0,0,0,185
07/17/2009,LEX,KY,ASO,CE,Combined TRACON& Tower with Radar,1,96,51,2,150,0,7,24,4,35,1,103,75,6,185,8,0,8,193
07/18/2009,LEX,KY,ASO,CE,Combined TRACON& Tower with Radar,6,64,30,0,100,0,9,51,0,60,6,73,81,0,160,25,0,25,185
07/19/2009,LEX,KY,ASO,CE,Combined TRACON& Tower with Radar,5,84,44,2,135,0,8,49,0,57,5,92,93,2,192,0,0,0,192
07/20/2009,LEX,KY,ASO,CE,Combined TRACON& Tower with Radar,0,86,48,2,136,0,2,54,5,61,0,88,102,7,197,33,0,33,230
07/21/2009,LEX,KY,ASO,CE,Combined TRACON& Tower with Radar,4,98,55,2,159,0,1,86,3,90,4,99,141,5,249,29,0,29,278
07/22/2009,LEX,KY,ASO,CE,Combined TRACON& Tower with Radar,3,89,52,2,146,0,2,7,0,9,3,91,59,2,155,10,0,10,165
07/23/2009,LEX,KY,ASO,CE,Combined TRACON& Tower with Radar,7,90,53,6,156,0,0,59,1,60,7,90,112,7,216,14,0,14,230
07/24/2009,LEX,KY,ASO,CE,Combined TRACON& Tower with Radar,1,87,65,1,154,0,0,90,1,91,1,87,155,2,245,31,0,31,276
07/25/2009,LEX,KY,ASO,CE,Combined TRACON& Tower with Radar,5,73,38,4,120,0,1,40,0,41,5,74,78,4,161,4,0,4,165
07/26/2009,LEX,KY,ASO,CE,Combined TRACON& Tower with Radar,5,72,57,0,134,0,0,54,2,56,5,72,111,2,190,36,0,36,226
07/27/2009,LEX,KY,ASO,CE,Combined TRACON& Tower with Radar,5,78,45,6,134,0,0,67,0,67,5,78,112,6,201,12,10,22,223
07/28/2009,LEX,KY,ASO,CE,Combined TRACON& Tower with Radar,3,84,44,2,133,0,3,44,1,48,3,87,88,3,181,21,0,21,202
07/29/2009,LEX,KY,ASO,CE,Combined TRACON& Tower with Radar,1,90,49,0,140,0,1,19,1,21,1,91,68,1,161,18,0,18,179
07/30/2009,LEX,KY,ASO,CE,Combined TRACON& Tower with Radar,3,89,57,0,149,0,3,18,1,22,3,92,75,1,171,0,0,0,171
07/31/2009,LEX,KY,ASO,CE,Combined TRACON& Tower with Radar,0,97,64,3,164,0,0,46,1,47,0,97,110,4,211,5,0,5,216
08/01/2009,LEX,KY,ASO,CE,Combined TRACON& Tower with Radar,5,78,34,0,117,0,23,65,0,88,5,101,99,0,205,76,0,76,281
08/02/2009,LEX,KY,ASO,CE,Combined TRACON& Tower with Radar,5,77,43,2,127,0,3,55,2,60,5,80,98,4,187,51,0,51,238
08/03/2009,LEX,KY,ASO,CE,Combined TRACON& Tower with Radar,4,87,37,0,128,0,2,82,0,84,4,89,119,0,212,10,0,10,222
08/04/2009,LEX,KY,ASO,CE,Combined TRACON& Tower with Radar,6,89,38,0,133,0,1,7,0,8,6,90,45,0,141,0,0,0,141
08/05/2009,LEX,KY,ASO,CE,Combined TRACON& Tower with Radar,6,92,54,8,160,0,3,25,0,28,6,95,79,8,188,0,14,14,202
08/06/2009,LEX,KY,ASO,CE,Combined TRACON& Tower with Radar,4,95,75,0,174,0,3,35,0,38,4,98,110,0,212,28,0,28,240
08/07/2009,LEX,KY,ASO,CE,Combined TRACON& Tower with Radar,1,86,64,0,151,0,2,88,2,92,1,88,152,2,243,46,0,46,289
08/08/2009,LEX,KY,ASO,CE,Combined TRACON& Tower with Radar,3,76,36,0,115,0,2,67,0,69,3,78,103,0,184,26,0,26,210
08/09/2009,LEX,KY,ASO,CE,Combined TRACON& Tower with Radar,6,89,47,0,142,0,4,63,0,67,6,93,110,0,209,0,0,0,209
08/10/2009,LEX,KY,ASO,CE,Combined TRACON& Tower with Radar,1,91,25,0,117,0,1,31,0,32,1,92,56,0,149,15,0,15,164
08/11/2009,LEX,KY,ASO,CE,Combined TRACON& Tower with Radar,4,79,40,0,123,0,0,33,0,33,4,79,73,0,156,38,0,38,194
08/12/2009,LEX,KY,ASO,CE,Combined TRACON& Tower with Radar,2,87,73,2,164,0,2,57,2,61,2,89,130,4,225,37,0,37,262
08/13/2009,LEX,KY,ASO,CE,Combined TRACON& Tower with Radar,6,95,57,0,158,0,3,81,0,84,6,98,138,0,242,50,0,50,292
08/14/2009,LEX,KY,ASO,CE,Combined TRACON& Tower with Radar,1,88,47,1,137,0,3,66,1,70,1,91,113,2,207,22,0,22,229
08/15/2009,LEX,KY,ASO,CE,Combined TRACON& Tower with Radar,4,68,40,2,114,0,5,50,0,55,4,73,90,2,169,14,0,14,183
08/16/2009,LEX,KY,ASO,CE,Combined TRACON& Tower with Radar,3,82,55,2,142,0,4,73,0,77,3,86,128,2,219,29,0,29,248
08/17/2009,LEX,KY,ASO,CE,Combined TRACON& Tower with Radar,1,79,49,0,129,0,4,46,0,50,1,83,95,0,179,11,0,11,190
08/18/2009,LEX,KY,ASO,CE,Combined TRACON& Tower with Radar,3,79,43,20,145,0,6,16,2,24,3,85,59,22,169,8,6,14,183
08/19/2009,LEX,KY,ASO,CE,Combined TRACON& Tower with Radar,2,85,44,0,131,0,0,25,0,25,2,85,69,0,156,16,0,16,172
08/20/2009,LEX,KY,ASO,CE,Combined TRACON& Tower with Radar,4,92,31,0,127,0,0,18,0,18,4,92,49,0,145,0,0,0,145
08/21/2009,LEX,KY,ASO,CE,Combined TRACON& Tower with Radar,0,86,66,0,152,0,1,57,0,58,0,87,123,0,210,0,0,0,210
08/22/2009,LEX,KY,ASO,CE,Combined TRACON& Tower with Radar,5,53,35,0,93,0,4,47,0,51,5,57,82,0,144,56,0,56,200
08/23/2009,LEX,KY,ASO,CE,Combined TRACON& Tower with Radar,4,83,42,0,129,0,5,35,0,40,4,88,77,0,169,67,0,67,236
08/24/2009,LEX,KY,ASO,CE,Combined TRACON& Tower with Radar,2,82,55,3,142,0,1,64,2,67,2,83,119,5,209,17,0,17,226
08/25/2009,LEX,KY,ASO,CE,Combined TRACON& Tower with Radar,6,74,37,1,118,0,0,57,0,57,6,74,94,1,175,24,0,24,199
08/26/2009,LEX,KY,ASO,CE,Combined TRACON& Tower with Radar,4,77,49,0,130,0,1,51,5,57,4,78,100,5,187,8,0,8,195
08/27/2009,LEX,KY,ASO,CE,Combined TRACON& Tower with Radar,7,85,49,0,141,0,1,31,5,37,7,86,80,5,178,47,0,47,225
08/28/2009,LEX,KY,ASO,CE,Combined TRACON& Tower with Radar,1,83,54,0,138,0,5,16,1,22,1,88,70,1,160,36,0,36,196
08/29/2009,LEX,KY,ASO,CE,Combined TRACON& Tower with Radar,6,48,24,0,78,0,4,35,0,39,6,52,59,0,117,4,0,4,121
08/30/2009,LEX,KY,ASO,CE,Combined TRACON& Tower with Radar,4,71,36,0,111,0,1,81,0,82,4,72,117,0,193,45,0,45,238
08/31/2009,LEX,KY,ASO,CE,Combined TRACON& Tower with Radar,3,76,49,3,131,0,0,67,4,71,3,76,116,7,202,4,0,4,206
09/01/2009,LEX,KY,ASO,CE,Combined TRACON& Tower with Radar,6,73,47,3,129,0,1,73,2,76,6,74,120,5,205,18,0,18,223
09/02/2009,LEX,KY,ASO,CE,Combined TRACON& Tower with Radar,4,73,39,3,119,0,2,51,1,54,4,75,90,4,173,38,0,38,211
09/03/2009,LEX,KY,ASO,CE,Combined TRACON& Tower with Radar,6,72,55,4,137,0,1,62,1,64,6,73,117,5,201,14,0,14,215
09/04/2009,LEX,KY,ASO,CE,Combined TRACON& Tower with Radar,4,73,61,0,138,0,2,68,0,70,4,75,129,0,208,20,0,20,228
09/05/2009,LEX,KY,ASO,CE,Combined TRACON& Tower with Radar,4,46,13,0,63,0,0,58,0,58,4,46,71,0,121,34,0,34,155
09/06/2009,LEX,KY,ASO,CE,Combined TRACON& Tower with Radar,5,47,32,0,84,0,4,43,0,47,5,51,75,0,131,24,0,24,155
09/07/2009,LEX,KY,ASO,CE,Combined TRACON& Tower with Radar,5,77,27,0,109,0,0,17,0,17,5,77,44,0,126,0,0,0,126
09/08/2009,LEX,KY,ASO,CE,Combined TRACON& Tower with Radar,7,86,56,7,156,0,0,14,1,15,7,86,70,8,171,0,0,0,171
09/09/2009,LEX,KY,ASO,CE,Combined TRACON& Tower with Radar,5,70,66,0,141,0,1,16,0,17,5,71,82,0,158,0,0,0,158
09/10/2009,LEX,KY,ASO,CE,Combined TRACON& Tower with Radar,9,78,44,0,131,0,1,40,0,41,9,79,84,0,172,19,0,19,191
09/11/2009,LEX,KY,ASO,CE,Combined TRACON& Tower with Radar,3,77,68,1,149,0,3,73,0,76,3,80,141,1,225,10,0,10,235
09/12/2009,LEX,KY,ASO,CE,Combined TRACON& Tower with Radar,8,52,40,0,100,0,3,71,2,76,8,55,111,2,176,4,0,4,180
09/13/2009,LEX,KY,ASO,CE,Combined TRACON& Tower with Radar,8,83,57,0,148,0,3,67,0,70,8,86,124,0,218,11,0,11,229
09/14/2009,LEX,KY,ASO,CE,Combined TRACON& Tower with Radar,2,74,55,6,137,0,3,63,0,66,2,77,118,6,203,4,0,4,207
09/15/2009,LEX,KY,ASO,CE,Combined TRACON& Tower with Radar,5,83,54,1,143,0,0,41,1,42,5,83,95,2,185,0,0,0,185
09/16/2009,LEX,KY,ASO,CE,Combined TRACON& Tower with Radar,5,87,82,15,189,0,0,35,0,35,5,87,117,15,224,58,34,92,316
09/17/2009,LEX,KY,ASO,CE,Combined TRACON& Tower with Radar,6,88,79,10,183,0,2,43,2,47,6,90,122,12,230,53,10,63,293
09/18/2009,LEX,KY,ASO,CE,Combined TRACON& Tower with Radar,5,90,72,0,167,0,0,24,0,24,5,90,96,0,191,44,0,44,235
09/19/2009,LEX,KY,ASO,CE,Combined TRACON& Tower with Radar,7,58,48,1,114,0,2,60,0,62,7,60,108,1,176,20,11,31,207
09/20/2009,LEX,KY,ASO,CE,Combined TRACON& Tower with Radar,6,75,59,0,140,0,2,2,0,4,6,77,61,0,144,0,0,0,144
09/21/2009,LEX,KY,ASO,CE,Combined TRACON& Tower with Radar,5,65,54,2,126,0,1,1,0,2,5,66,55,2,128,0,0,0,128
09/22/2009,LEX,KY,ASO,CE,Combined TRACON& Tower with Radar,7,77,65,1,150,0,0,21,1,22,7,77,86,2,172,36,0,36,208
09/23/2009,LEX,KY,ASO,CE,Combined TRACON& Tower with Radar,4,79,43,0,126,0,4,12,0,16,4,83,55,0,142,0,0,0,142
09/24/2009,LEX,KY,ASO,CE,Combined TRACON& Tower with Radar,7,92,84,6,189,0,2,20,0,22,7,94,104,6,211,4,0,4,215
09/25/2009,LEX,KY,ASO,CE,Combined TRACON& Tower with Radar,5,74,69,2,150,0,0,1,0,1,5,74,70,2,151,0,0,0,151
09/26/2009,LEX,KY,ASO,CE,Combined TRACON& Tower with Radar,6,50,43,0,99,0,0,12,0,12,6,50,55,0,111,0,0,0,111
09/27/2009,LEX,KY,ASO,CE,Combined TRACON& Tower with Radar,7,73,63,0,143,0,0,47,0,47,7,73,110,0,190,59,0,59,249
09/28/2009,LEX,KY,ASO,CE,Combined TRACON& Tower with Radar,4,71,47,0,122,0,5,28,0,33,4,76,75,0,155,0,0,0,155
09/29/2009,LEX,KY,ASO,CE,Combined TRACON& Tower with Radar,4,74,52,2,132,0,4,38,2,44,4,78,90,4,176,18,0,18,194
09/30/2009,LEX,KY,ASO,CE,Combined TRACON& Tower with Radar,5,75,97,1,178,0,1,64,2,67,5,76,161,3,245,5,0,5,250
10/01/2009,LEX,KY,ASO,CE,Combined TRACON& Tower with Radar,10,81,67,0,158,0,0,63,2,65,10,81,130,2,223,30,12,42,265
10/02/2009,LEX,KY,ASO,CE,Combined TRACON& Tower with Radar,7,77,39,0,123,0,0,15,0,15,7,77,54,0,138,24,0,24,162
10/03/2009,LEX,KY,ASO,CE,Combined TRACON& Tower with Radar,7,54,78,0,139,0,1,54,0,55,7,55,132,0,194,12,0,12,206
10/04/2009,LEX,KY,ASO,CE,Combined TRACON& Tower with Radar,6,69,51,0,126,0,2,99,0,101,6,71,150,0,227,0,0,0,227
10/05/2009,LEX,KY,ASO,CE,Combined TRACON& Tower with Radar,8,70,51,6,135,0,1,70,0,71,8,71,121,6,206,27,0,27,233
10/06/2009,LEX,KY,ASO,CE,Combined TRACON& Tower with Radar,4,72,50,0,126,0,4,14,0,18,4,76,64,0,144,18,0,18,162
10/07/2009,LEX,KY,ASO,CE,Combined TRACON& Tower with Radar,10,91,52,4,157,0,1,82,1,84,10,92,134,5,241,4,0,4,245
10/08/2009,LEX,KY,ASO,CE,Combined TRACON& Tower with Radar,11,70,54,0,135,0,0,27,4,31,11,70,81,4,166,44,0,44,210
10/09/2009,LEX,KY,ASO,CE,Combined TRACON& Tower with Radar,8,87,60,0,155,0,0,6,2,8,8,87,66,2,163,2,0,2,165
10/10/2009,LEX,KY,ASO,CE,Combined TRACON& Tower with Radar,10,56,74,0,140,0,0,20,0,20,10,56,94,0,160,0,0,0,160
10/11/2009,LEX,KY,ASO,CE,Combined TRACON& Tower with Radar,7,83,74,6,170,0,5,74,0,79,7,88,148,6,249,33,0,33,282
10/12/2009,LEX,KY,ASO,CE,Combined TRACON& Tower with Radar,6,79,55,0,140,0,2,36,0,38,6,81,91,0,178,26,0,26,204
10/13/2009,LEX,KY,ASO,CE,Combined TRACON& Tower with Radar,7,76,70,1,154,0,4,37,1,42,7,80,107,2,196,30,0,30,226
10/14/2009,LEX,KY,ASO,CE,Combined TRACON& Tower with Radar,9,82,56,2,149,0,1,0,0,1,9,83,56,2,150,0,0,0,150
10/15/2009,LEX,KY,ASO,CE,Combined TRACON& Tower with Radar,13,97,48,0,158,0,0,2,0,2,13,97,50,0,160,0,0,0,160
10/16/2009,LEX,KY,ASO,CE,Combined TRACON& Tower with Radar,9,85,65,1,160,0,2,11,0,13,9,87,76,1,173,0,0,0,173
10/17/2009,LEX,KY,ASO,CE,Combined TRACON& Tower with Radar,8,55,51,0,114,0,1,22,2,25,8,56,73,2,139,4,0,4,143
10/18/2009,LEX,KY,ASO,CE,Combined TRACON& Tower with Radar,8,76,53,1,138,0,3,79,0,82,8,79,132,1,220,18,0,18,238
10/19/2009,LEX,KY,ASO,CE,Combined TRACON& Tower with Radar,7,69,36,0,112,0,0,56,0,56,7,69,92,0,168,6,0,6,174
10/20/2009,LEX,KY,ASO,CE,Combined TRACON& Tower with Radar,6,79,44,0,129,0,2,79,0,81,6,81,123,0,210,35,0,35,245
10/21/2009,LEX,KY,ASO,CE,Combined TRACON& Tower with Radar,9,75,56,0,140,0,1,82,1,84,9,76,138,1,224,43,0,43,267
10/22/2009,LEX,KY,ASO,CE,Combined TRACON& Tower with Radar,8,80,58,2,148,0,0,73,1,74,8,80,131,3,222,0,0,0,222
10/23/2009,LEX,KY,ASO,CE,Combined TRACON& Tower with Radar,8,89,61,7,165,0,2,5,0,7,8,91,66,7,172,0,0,0,172
10/24/2009,LEX,KY,ASO,CE,Combined TRACON& Tower with Radar,6,51,46,0,103,0,1,30,4,35,6,52,76,4,138,0,0,0,138
10/25/2009,LEX,KY,ASO,CE,Combined TRACON& Tower with Radar,9,76,68,2,155,0,0,98,0,98,9,76,166,2,253,25,0,25,278
10/26/2009,LEX,KY,ASO,CE,Combined TRACON& Tower with Radar,8,76,34,10,128,0,0,66,2,68,8,76,100,12,196,13,0,13,209
10/27/2009,LEX,KY,ASO,CE,Combined TRACON& Tower with Radar,4,73,50,0,127,0,0,6,0,6,4,73,56,0,133,38,0,38,171
10/28/2009,LEX,KY,ASO,CE,Combined TRACON& Tower with Radar,8,67,57,6,138,0,0,10,0,10,8,67,67,6,148,3,6,9,157
10/29/2009,LEX,KY,ASO,CE,Combined TRACON& Tower with Radar,12,80,57,5,154,0,3,72,4,79,12,83,129,9,233,16,0,16,249
10/30/2009,LEX,KY,ASO,CE,Combined TRACON& Tower with Radar,8,65,53,4,130,0,0,25,0,25,8,65,78,4,155,0,0,0,155
10/31/2009,LEX,KY,ASO,CE,Combined TRACON& Tower with Radar,7,54,36,0,97,0,0,12,0,12,7,54,48,0,109,0,0,0,109
11/01/2009,LEX,KY,ASO,CE,Combined TRACON& Tower with Radar,7,77,30,3,117,0,3,83,2,88,7,80,113,5,205,13,0,13,218
11/02/2009,LEX,KY,ASO,CE,Combined TRACON& Tower with Radar,2,74,36,1,113,0,0,66,2,68,2,74,102,3,181,28,0,28,209
11/03/2009,LEX,KY,ASO,CE,Combined TRACON& Tower with Radar,4,79,35,1,119,0,0,49,2,51,4,79,84,3,170,5,0,5,175
11/04/2009,LEX,KY,ASO,CE,Combined TRACON& Tower with Radar,4,80,61,6,151,0,0,50,1,51,4,80,111,7,202,0,12,12,214
11/05/2009,LEX,KY,ASO,CE,Combined TRACON& Tower with Radar,4,79,58,2,143,0,5,44,0,49,4,84,102,2,192,13,0,13,205
11/06/2009,LEX,KY,ASO,CE,Combined TRACON& Tower with Radar,1,80,51,1,133,0,4,52,5,61,1,84,103,6,194,14,4,18,212
11/07/2009,LEX,KY,ASO,CE,Combined TRACON& Tower with Radar,5,51,43,0,99,0,2,53,0,55,5,53,96,0,154,0,0,0,154
11/08/2009,LEX,KY,ASO,CE,Combined TRACON& Tower with Radar,6,68,61,0,135,0,2,90,2,94,6,70,151,2,229,26,0,26,255
11/09/2009,LEX,KY,ASO,CE,Combined TRACON& Tower with Radar,2,89,55,2,148,0,5,67,2,74,2,94,122,4,222,22,0,22,244
11/10/2009,LEX,KY,ASO,CE,Combined TRACON& Tower with Radar,6,78,31,4,119,0,4,35,0,39,6,82,66,4,158,0,4,4,162
11/11/2009,LEX,KY,ASO,CE,Combined TRACON& Tower with Radar,3,84,57,1,145,0,3,47,0,50,3,87,104,1,195,25,0,25,220
11/12/2009,LEX,KY,ASO,CE,Combined TRACON& Tower with Radar,6,80,47,13,146,0,1,51,1,53,6,81,98,14,199,0,0,0,199
11/13/2009,LEX,KY,ASO,CE,Combined TRACON& Tower with Radar,3,89,44,4,140,0,0,60,0,60,3,89,104,4,200,22,0,22,222
11/14/2009,LEX,KY,ASO,CE,Combined TRACON& Tower with Radar,8,52,40,2,102,0,3,78,0,81,8,55,118,2,183,32,0,32,215
11/15/2009,LEX,KY,ASO,CE,Combined TRACON& Tower with Radar,5,73,43,0,121,0,1,50,0,51,5,74,93,0,172,12,0,12,184
11/16/2009,LEX,KY,ASO,CE,Combined TRACON& Tower with Radar,3,85,37,0,125,0,0,36,0,36,3,85,73,0,161,49,0,49,210
11/17/2009,LEX,KY,ASO,CE,Combined TRACON& Tower with Radar,5,68,50,8,131,0,3,3,0,6,5,71,53,8,137,22,0,22,159
11/18/2009,LEX,KY,ASO,CE,Combined TRACON& Tower with Radar,4,89,51,2,146,0,2,1,0,3,4,91,52,2,149,0,0,0,149
11/19/2009,LEX,KY,ASO,CE,Combined TRACON& Tower with Radar,10,75,74,2,161,0,0,31,0,31,10,75,105,2,192,6,0,6,198
11/20/2009,LEX,KY,ASO,CE,Combined TRACON& Tower with Radar,11,85,45,0,141,0,3,52,0,55,11,88,97,0,196,32,0,32,228
11/21/2009,LEX,KY,ASO,CE,Combined TRACON& Tower with Radar,4,57,48,4,113,0,0,80,0,80,4,57,128,4,193,14,0,14,207
11/22/2009,LEX,KY,ASO,CE,Combined TRACON& Tower with Radar,7,76,47,0,130,0,1,54,0,55,7,77,101,0,185,0,0,0,185
11/23/2009,LEX,KY,ASO,CE,Combined TRACON& Tower with Radar,1,68,27,0,96,0,0,2,0,2,1,68,29,0,98,0,0,0,98
11/24/2009,LEX,KY,ASO,CE,Combined TRACON& Tower with Radar,6,80,68,10,164,0,0,18,0,18,6,80,86,10,182,27,10,37,219
11/25/2009,LEX,KY,ASO,CE,Combined TRACON& Tower with Radar,4,93,38,0,135,0,0,23,0,23,4,93,61,0,158,0,0,0,158
11/26/2009,LEX,KY,ASO,CE,Combined TRACON& Tower with Radar,0,34,10,0,44,0,3,6,0,9,0,37,16,0,53,0,0,0,53
11/27/2009,LEX,KY,ASO,CE,Combined TRACON& Tower with Radar,0,48,29,0,77,0,0,35,0,35,0,48,64,0,112,0,0,0,112
11/28/2009,LEX,KY,ASO,CE,Combined TRACON& Tower with Radar,6,65,47,0,118,0,0,79,2,81,6,65,126,2,199,4,0,4,203
11/29/2009,LEX,KY,ASO,CE,Combined TRACON& Tower with Radar,4,80,41,0,125,0,1,45,4,50,4,81,86,4,175,0,0,0,175
11/30/2009,LEX,KY,ASO,CE,Combined TRACON& Tower with Radar,4,81,48,2,135,0,0,12,0,12,4,81,60,2,147,0,0,0,147
12/01/2009,LEX,KY,ASO,CE,Combined TRACON& Tower with Radar,5,76,44,2,127,0,1,59,5,65,5,77,103,7,192,14,0,14,206
12/02/2009,LEX,KY,ASO,CE,Combined TRACON& Tower with Radar,4,76,16,1,97,0,0,3,1,4,4,76,19,2,101,0,0,0,101
12/03/2009,LEX,KY,ASO,CE,Combined TRACON& Tower with Radar,5,79,42,0,126,0,0,7,0,7,5,79,49,0,133,20,0,20,153
12/04/2009,LEX,KY,ASO,CE,Combined TRACON& Tower with Radar,2,81,73,0,156,0,6,64,2,72,2,87,137,2,228,22,0,22,250
12/05/2009,LEX,KY,ASO,CE,Combined TRACON& Tower with Radar,3,59,51,0,113,0,0,39,0,39,3,59,90,0,152,6,0,6,158
12/06/2009,LEX,KY,ASO,CE,Combined TRACON& Tower with Radar,5,71,36,0,112,0,5,62,0,67,5,76,98,0,179,16,0,16,195
12/07/2009,LEX,KY,ASO,CE,Combined TRACON& Tower with Radar,2,73,23,0,98,0,2,0,0,2,2,75,23,0,100,0,0,0,100
12/08/2009,LEX,KY,ASO,CE,Combined TRACON& Tower with Radar,6,68,37,4,115,0,0,4,0,4,6,68,41,4,119,0,0,0,119
12/09/2009,LEX,KY,ASO,CE,Combined TRACON& Tower with Radar,4,74,30,0,108,0,0,1,0,1,4,74,31,0,109,0,0,0,109
12/10/2009,LEX,KY,ASO,CE,Combined TRACON& Tower with Radar,10,77,51,0,138,0,2,12,0,14,10,79,63,0,152,0,0,0,152
12/11/2009,LEX,KY,ASO,CE,Combined TRACON& Tower with Radar,3,76,41,23,143,0,0,48,0,48,3,76,89,23,191,23,0,23,214
12/12/2009,LEX,KY,ASO,CE,Combined TRACON& Tower with Radar,7,52,26,0,85,0,3,53,0,56,7,55,79,0,141,10,0,10,151
12/13/2009,LEX,KY,ASO,CE,Combined TRACON& Tower with Radar,4,69,25,0,98,0,0,0,0,0,4,69,25,0,98,0,0,0,98
12/14/2009,LEX,KY,ASO,CE,Combined TRACON& Tower with Radar,4,67,39,4,114,0,1,12,1,14,4,68,51,5,128,0,0,0,128
12/15/2009,LEX,KY,ASO,CE,Combined TRACON& Tower with Radar,8,75,37,0,120,0,3,16,1,20,8,78,53,1,140,0,0,0,140
12/16/2009,LEX,KY,ASO,CE,Combined TRACON& Tower with Radar,2,79,54,3,138,0,0,45,0,45,2,79,99,3,183,0,0,0,183
12/17/2009,LEX,KY,ASO,CE,Combined TRACON& Tower with Radar,4,79,50,0,133,0,1,45,2,48,4,80,95,2,181,10,0,10,191
12/18/2009,LEX,KY,ASO,CE,Combined TRACON& Tower with Radar,1,72,33,0,106,0,2,13,0,15,1,74,46,0,121,7,0,7,128
12/19/2009,LEX,KY,ASO,CE,Combined TRACON& Tower with Radar,5,72,14,0,91,0,0,0,0,0,5,72,14,0,91,0,0,0,91
12/20/2009,LEX,KY,ASO,CE,Combined TRACON& Tower with Radar,4,69,11,4,88,0,0,2,0,2,4,69,13,4,90,0,0,0,90
12/21/2009,LEX,KY,ASO,CE,Combined TRACON& Tower with Radar,6,83,11,0,100,0,8,10,0,18,6,91,21,0,118,0,0,0,118
12/22/2009,LEX,KY,ASO,CE,Combined TRACON& Tower with Radar,7,78,45,1,131,0,0,34,0,34,7,78,79,1,165,10,0,10,175
12/23/2009,LEX,KY,ASO,CE,Combined TRACON& Tower with Radar,3,77,26,0,106,0,2,24,0,26,3,79,50,0,132,6,0,6,138
12/24/2009,LEX,KY,ASO,CE,Combined TRACON& Tower with Radar,3,48,14,0,65,0,0,25,0,25,3,48,39,0,90,20,0,20,110
12/25/2009,LEX,KY,ASO,CE,Combined TRACON& Tower with Radar,3,51,5,0,59,0,3,5,0,8,3,54,10,0,67,0,0,0,67
12/26/2009,LEX,KY,ASO,CE,Combined TRACON& Tower with Radar,6,57,31,0,94,0,2,31,0,33,6,59,62,0,127,0,0,0,127
12/27/2009,LEX,KY,ASO,CE,Combined TRACON& Tower with Radar,4,77,26,0,107,0,2,24,0,26,4,79,50,0,133,0,0,0,133
12/28/2009,LEX,KY,ASO,CE,Combined TRACON& Tower with Radar,4,72,25,0,101,0,2,17,0,19,4,74,42,0,120,0,0,0,120
12/29/2009,LEX,KY,ASO,CE,Combined TRACON& Tower with Radar,6,74,27,0,107,0,0,72,0,72,6,74,99,0,179,37,0,37,216
12/30/2009,LEX,KY,ASO,CE,Combined TRACON& Tower with Radar,1,87,20,10,118,0,1,32,0,33,1,88,52,10,151,11,0,11,162
12/31/2009,LEX,KY,ASO,CE,Combined TRACON& Tower with Radar,2,53,5,0,60,0,0,3,0,3,2,53,8,0,63,0,0,0,63
01/01/2010,LEX,KY,ASO,CE,Combined TRACON& Tower with Radar,3,49,8,0,60,0,1,20,1,22,3,50,28,1,82,0,0,0,82
01/02/2010,LEX,KY,ASO,CE,Combined TRACON& Tower with Radar,4,76,53,0,133,0,2,10,1,13,4,78,63,1,146,36,0,36,182
01/03/2010,LEX,KY,ASO,CE,Combined TRACON& Tower with Radar,4,72,45,0,121,0,3,30,0,33,4,75,75,0,154,0,0,0,154
01/04/2010,LEX,KY,ASO,CE,Combined TRACON& Tower with Radar,4,73,15,0,92,0,0,18,0,18,4,73,33,0,110,0,0,0,110
01/05/2010,LEX,KY,ASO,CE,Combined TRACON& Tower with Radar,3,73,18,0,94,0,2,13,2,17,3,75,31,2,111,0,0,0,111
01/06/2010,LEX,KY,ASO,CE,Combined TRACON& Tower with Radar,0,88,38,5,131,0,0,11,0,11,0,88,49,5,142,0,0,0,142
01/07/2010,LEX,KY,ASO,CE,Combined TRACON& Tower with Radar,4,70,26,0,100,0,0,2,0,2,4,70,28,0,102,0,0,0,102
01/08/2010,LEX,KY,ASO,CE,Combined TRACON& Tower with Radar,0,87,23,1,111,0,0,4,0,4,0,87,27,1,115,0,0,0,115
01/09/2010,LEX,KY,ASO,CE,Combined TRACON& Tower with Radar,2,57,20,0,79,0,1,17,0,18,2,58,37,0,97,6,0,6,103
01/10/2010,LEX,KY,ASO,CE,Combined TRACON& Tower with Radar,3,72,42,1,118,0,0,11,0,11,3,72,53,1,129,0,0,0,129
01/11/2010,LEX,KY,ASO,CE,Combined TRACON& Tower with Radar,3,77,28,7,115,0,0,21,1,22,3,77,49,8,137,12,6,18,155
01/12/2010,LEX,KY,ASO,CE,Combined TRACON& Tower with Radar,3,81,34,3,121,0,2,8,0,10,3,83,42,3,131,12,0,12,143
01/13/2010,LEX,KY,ASO,CE,Combined TRACON& Tower with Radar,2,99,40,2,143,0,2,35,2,39,2,101,75,4,182,8,0,8,190
01/14/2010,LEX,KY,ASO,CE,Combined TRACON& Tower with Radar,2,83,47,0,132,0,3,61,0,64,2,86,108,0,196,26,0,26,222
01/15/2010,LEX,KY,ASO,CE,Combined TRACON& Tower with Radar,1,89,43,0,133,0,0,44,0,44,1,89,87,0,177,16,0,16,193
01/16/2010,LEX,KY,ASO,CE,Combined TRACON& Tower with Radar,6,50,30,0,86,0,0,59,0,59,6,50,89,0,145,21,0,21,166
01/17/2010,LEX,KY,ASO,CE,Combined TRACON& Tower with Radar,4,63,14,0,81,0,0,1,0,1,4,63,15,0,82,0,0,0,82
01/18/2010,LEX,KY,ASO,CE,Combined TRACON& Tower with Radar,0,72,41,0,113,0,1,39,0,40,0,73,80,0,153,6,0,6,159
01/19/2010,LEX,KY,ASO,CE,Combined TRACON& Tower with Radar,2,78,52,0,132,0,3,9,2,14,2,81,61,2,146,34,0,34,180
01/20/2010,LEX,KY,ASO,CE,Combined TRACON& Tower with Radar,0,83,23,0,106,0,0,0,0,0,0,83,23,0,106,0,0,0,106
01/21/2010,LEX,KY,ASO,CE,Combined TRACON& Tower with Radar,2,77,27,0,106,0,0,0,0,0,2,77,27,0,106,0,0,0,106
01/22/2010,LEX,KY,ASO,CE,Combined TRACON& Tower with Radar,2,89,28,1,120,0,0,0,1,1,2,89,28,2,121,0,0,0,121
01/23/2010,LEX,KY,ASO,CE,Combined TRACON& Tower with Radar,3,51,42,2,98,0,1,34,0,35,3,52,76,2,133,58,0,58,191
01/24/2010,LEX,KY,ASO,CE,Combined TRACON& Tower with Radar,2,63,23,0,88,0,1,2,0,3,2,64,25,0,91,0,0,0,91
01/25/2010,LEX,KY,ASO,CE,Combined TRACON& Tower with Radar,2,75,30,2,109,0,0,11,0,11,2,75,41,2,120,0,0,0,120
01/26/2010,LEX,KY,ASO,CE,Combined TRACON& Tower with Radar,2,74,35,0,111,0,0,17,0,17,2,74,52,0,128,0,0,0,128
01/27/2010,LEX,KY,ASO,CE,Combined TRACON& Tower with Radar,2,81,57,7,147,0,1,52,0,53,2,82,109,7,200,28,12,40,240
01/28/2010,LEX,KY,ASO,CE,Combined TRACON& Tower with Radar,2,76,29,16,123,0,0,34,2,36,2,76,63,18,159,0,0,0,159
01/29/2010,LEX,KY,ASO,CE,Combined TRACON& Tower with Radar,0,72,24,4,100,0,0,17,1,18,0,72,41,5,118,6,0,6,124
01/30/2010,LEX,KY,ASO,CE,Combined TRACON& Tower with Radar,2,52,11,0,65,0,0,3,0,3,2,52,14,0,68,0,0,0,68
01/31/2010,LEX,KY,ASO,CE,Combined TRACON& Tower with Radar,2,71,39,2,114,0,0,53,2,55,2,71,92,4,169,0,0,0,169
02/01/2010,LEX,KY,ASO,CE,Combined TRACON& Tower with Radar,2,75,29,1,107,0,4,47,1,52,2,79,76,2,159,0,0,0,159
02/02/2010,LEX,KY,ASO,CE,Combined TRACON& Tower with Radar,4,74,54,9,141,0,0,13,2,15,4,74,67,11,156,0,6,6,162
02/03/2010,LEX,KY,ASO,CE,Combined TRACON& Tower with Radar,5,79,42,2,128,0,1,25,0,26,5,80,67,2,154,0,0,0,154
02/04/2010,LEX,KY,ASO,CE,Combined TRACON& Tower with Radar,2,77,58,4,141,0,0,30,0,30,2,77,88,4,171,4,0,4,175
02/05/2010,LEX,KY,ASO,CE,Combined TRACON& Tower with Radar,6,84,33,0,123,0,0,0,0,0,6,84,33,0,123,0,0,0,123
02/06/2010,LEX,KY,ASO,CE,Combined TRACON& Tower with Radar,2,53,4,0,59,0,0,2,0,2,2,53,6,0,61,0,0,0,61
02/07/2010,LEX,KY,ASO,CE,Combined TRACON& Tower with Radar,4,66,16,0,86,0,0,5,4,9,4,66,21,4,95,0,0,0,95
02/08/2010,LEX,KY,ASO,CE,Combined TRACON& Tower with Radar,7,75,43,6,131,0,0,34,0,34,7,75,77,6,165,8,8,16,181
02/09/2010,LEX,KY,ASO,CE,Combined TRACON& Tower with Radar,3,70,29,0,102,0,0,0,0,0,3,70,29,0,102,0,0,0,102
02/10/2010,LEX,KY,ASO,CE,Combined TRACON& Tower with Radar,7,80,22,0,109,0,2,5,0,7,7,82,27,0,116,0,0,0,116
02/11/2010,LEX,KY,ASO,CE,Combined TRACON& Tower with Radar,3,76,37,4,120,0,8,25,0,33,3,84,62,4,153,20,0,20,173
02/12/2010,LEX,KY,ASO,CE,Combined TRACON& Tower with Radar,4,70,48,0,122,0,2,61,3,66,4,72,109,3,188,34,0,34,222
02/13/2010,LEX,KY,ASO,CE,Combined TRACON& Tower with Radar,6,63,43,0,112,0,3,25,0,28,6,66,68,0,140,16,0,16,156
02/14/2010,LEX,KY,ASO,CE,Combined TRACON& Tower with Radar,9,66,28,0,103,0,0,11,0,11,9,66,39,0,114,36,0,36,150
02/15/2010,LEX,KY,ASO,CE,Combined TRACON& Tower with Radar,7,45,24,0,76,0,0,0,0,0,7,45,24,0,76,0,0,0,76
02/16/2010,LEX,KY,ASO,CE,Combined TRACON& Tower with Radar,6,71,39,4,120,0,4,3,0,7,6,75,42,4,127,0,0,0,127
02/17/2010,LEX,KY,ASO,CE,Combined TRACON& Tower with Radar,8,84,35,0,127,0,0,25,0,25,8,84,60,0,152,0,0,0,152
02/18/2010,LEX,KY,ASO,CE,Combined TRACON& Tower with Radar,7,82,56,1,146,0,2,26,1,29,7,84,82,2,175,0,0,0,175
02/19/2010,LEX,KY,ASO,CE,Combined TRACON& Tower with Radar,6,89,37,2,134,0,4,67,0,71,6,93,104,2,205,18,0,18,223
02/20/2010,LEX,KY,ASO,CE,Combined TRACON& Tower with Radar,9,57,26,0,92,0,0,48,0,48,9,57,74,0,140,40,0,40,180
02/21/2010,LEX,KY,ASO,CE,Combined TRACON& Tower with Radar,10,61,36,0,107,0,3,62,1,66,10,64,98,1,173,35,0,35,208
02/22/2010,LEX,KY,ASO,CE,Combined TRACON& Tower with Radar,7,74,40,4,125,0,0,0,0,0,7,74,40,4,125,0,0,0,125
02/23/2010,LEX,KY,ASO,CE,Combined TRACON& Tower with Radar,6,74,44,0,124,0,1,8,0,9,6,75,52,0,133,0,0,0,133
02/24/2010,LEX,KY,ASO,CE,Combined TRACON& Tower with Radar,7,79,29,1,116,0,0,7,1,8,7,79,36,2,124,0,0,0,124
02/25/2010,LEX,KY,ASO,CE,Combined TRACON& Tower with Radar,4,89,36,1,130,0,0,9,1,10,4,89,45,2,140,0,0,0,140
02/26/2010,LEX,KY,ASO,CE,Combined TRACON& Tower with Radar,7,80,58,2,147,0,3,31,2,36,7,83,89,4,183,0,0,0,183
02/27/2010,LEX,KY,ASO,CE,Combined TRACON& Tower with Radar,9,50,14,2,75,0,0,7,0,7,9,50,21,2,82,11,0,11,93
02/28/2010,LEX,KY,ASO,CE,Combined TRACON& Tower with Radar,7,68,15,0,90,0,2,11,0,13,7,70,26,0,103,46,0,46,149
03/01/2010,LEX,KY,ASO,CE,Combined TRACON& Tower with Radar,6,76,31,4,117,0,1,13,1,15,6,77,44,5,132,0,0,0,132
03/02/2010,LEX,KY,ASO,CE,Combined TRACON& Tower with Radar,8,61,30,4,103,0,2,16,2,20,8,63,46,6,123,0,0,0,123
03/03/2010,LEX,KY,ASO,CE,Combined TRACON& Tower with Radar,6,83,33,4,126,0,1,21,2,24,6,84,54,6,150,0,0,0,150
03/04/2010,LEX,KY,ASO,CE,Combined TRACON& Tower with Radar,7,71,49,4,131,0,1,47,4,52,7,72,96,8,183,30,0,30,213
03/05/2010,LEX,KY,ASO,CE,Combined TRACON& Tower with Radar,6,80,43,1,130,0,1,69,1,71,6,81,112,2,201,39,0,39,240
03/06/2010,LEX,KY,ASO,CE,Combined TRACON& Tower with Radar,8,61,41,0,110,0,1,120,4,125,8,62,161,4,235,22,0,22,257
03/07/2010,LEX,KY,ASO,CE,Combined TRACON& Tower with Radar,7,70,52,0,129,0,3,79,1,83,7,73,131,1,212,6,0,6,218
03/08/2010,LEX,KY,ASO,CE,Combined TRACON& Tower with Radar,7,73,32,7,119,0,4,51,3,58,7,77,83,10,177,18,0,18,195
03/09/2010,LEX,KY,ASO,CE,Combined TRACON& Tower with Radar,5,84,36,1,126,0,3,36,5,44,5,87,72,6,170,0,0,0,170
03/10/2010,LEX,KY,ASO,CE,Combined TRACON& Tower with Radar,8,81,56,6,151,0,0,40,0,40,8,81,96,6,191,0,0,0,191
03/11/2010,LEX,KY,ASO,CE,Combined TRACON& Tower with Radar,7,74,29,3,113,0,2,8,2,12,7,76,37,5,125,24,0,24,149
03/12/2010,LEX,KY,ASO,CE,Combined TRACON& Tower with Radar,5,78,42,1,126,0,0,11,0,11,5,78,53,1,137,10,0,10,147
03/13/2010,LEX,KY,ASO,CE,Combined TRACON& Tower with Radar,9,59,19,0,87,0,2,21,1,24,9,61,40,1,111,0,0,0,111
03/14/2010,LEX,KY,ASO,CE,Combined TRACON& Tower with Radar,8,73,41,0,122,0,1,0,0,1,8,74,41,0,123,0,0,0,123
03/15/2010,LEX,KY,ASO,CE,Combined TRACON& Tower with Radar,7,69,55,0,131,0,2,4,1,7,7,71,59,1,138,0,0,0,138
03/16/2010,LEX,KY,ASO,CE,Combined TRACON& Tower with Radar,8,72,39,8,127,0,1,56,0,57,8,73,95,8,184,40,38,78,262
03/17/2010,LEX,KY,ASO,CE,Combined TRACON& Tower with Radar,7,80,28,4,119,0,1,76,0,77,7,81,104,4,196,24,0,24,220
03/18/2010,LEX,KY,ASO,CE,Combined TRACON& Tower with Radar,7,80,36,0,123,0,2,97,1,100,7,82,133,1,223,46,0,46,269
03/19/2010,LEX,KY,ASO,CE,Combined TRACON& Tower with Radar,6,93,48,0,147,0,0,68,2,70,6,93,116,2,217,77,0,77,294
03/20/2010,LEX,KY,ASO,CE,Combined TRACON& Tower with Radar,12,51,29,0,92,0,0,94,0,94,12,51,123,0,186,40,0,40,226
03/21/2010,LEX,KY,ASO,CE,Combined TRACON& Tower with Radar,11,64,50,0,125,0,7,28,0,35,11,71,78,0,160,10,0,10,170
03/22/2010,LEX,KY,ASO,CE,Combined TRACON& Tower with Radar,10,76,23,0,109,0,0,7,0,7,10,76,30,0,116,0,0,0,116
03/23/2010,LEX,KY,ASO,CE,Combined TRACON& Tower with Radar,9,76,53,3,141,0,3,31,3,37,9,79,84,6,178,20,10,30,208
03/24/2010,LEX,KY,ASO,CE,Combined TRACON& Tower with Radar,8,83,56,0,147,0,1,43,0,44,8,84,99,0,191,6,0,6,197
03/25/2010,LEX,KY,ASO,CE,Combined TRACON& Tower with Radar,8,83,67,0,158,0,1,7,0,8,8,84,74,0,166,0,0,0,166
03/26/2010,LEX,KY,ASO,CE,Combined TRACON& Tower with Radar,6,91,63,1,161,0,4,46,3,53,6,95,109,4,214,21,0,21,235
03/27/2010,LEX,KY,ASO,CE,Combined TRACON& Tower with Radar,9,67,40,0,116,0,3,91,3,97,9,70,131,3,213,9,0,9,222
03/28/2010,LEX,KY,ASO,CE,Combined TRACON& Tower with Radar,13,69,40,0,122,0,2,9,0,11,13,71,49,0,133,0,0,0,133
03/29/2010,LEX,KY,ASO,CE,Combined TRACON& Tower with Radar,8,77,37,4,126,0,2,2,0,4,8,79,39,4,130,0,0,0,130
03/30/2010,LEX,KY,ASO,CE,Combined TRACON& Tower with Radar,9,70,27,3,109,0,0,50,2,52,9,70,77,5,161,35,0,35,196
03/31/2010,LEX,KY,ASO,CE,Combined TRACON& Tower with Radar,11,83,30,1,125,0,2,58,1,61,11,85,88,2,186,0,0,0,186
04/01/2010,LEX,KY,ASO,CE,Combined TRACON& Tower with Radar,8,84,34,1,127,0,1,65,1,67,8,85,99,2,194,20,0,20,214
04/02/2010,LEX,KY,ASO,CE,Combined TRACON& Tower with Radar,6,84,60,0,150,0,1,96,0,97,6,85,156,0,247,58,0,58,305
04/03/2010,LEX,KY,ASO,CE,Combined TRACON& Tower with Radar,9,68,30,0,107,0,5,29,0,34,9,73,59,0,141,18,0,18,159
04/04/2010,LEX,KY,ASO,CE,Combined TRACON& Tower with Radar,10,75,34,0,119,0,4,60,0,64,10,79,94,0,183,0,0,0,183
04/05/2010,LEX,KY,ASO,CE,Combined TRACON& Tower with Radar,7,85,70,0,162,0,2,29,2,33,7,87,99,2,195,13,0,13,208
04/06/2010,LEX,KY,ASO,CE,Combined TRACON& Tower with Radar,5,81,57,1,144,0,0,34,1,35,5,81,91,2,179,12,0,12,191
04/07/2010,LEX,KY,ASO,CE,Combined TRACON& Tower with Radar,10,91,58,0,159,0,2,30,2,34,10,93,88,2,193,0,0,0,193
04/08/2010,LEX,KY,ASO,CE,Combined TRACON& Tower with Radar,6,111,54,0,171,0,0,9,2,11,6,111,63,2,182,0,0,0,182
04/09/2010,LEX,KY,ASO,CE,Combined TRACON& Tower with Radar,6,106,58,0,170,0,5,67,0,72,6,111,125,0,242,8,0,8,250
04/10/2010,LEX,KY,ASO,CE,Combined TRACON& Tower with Radar,9,74,69,0,152,0,6,95,0,101,9,80,164,0,253,11,0,11,264
04/11/2010,LEX,KY,ASO,CE,Combined TRACON& Tower with Radar,10,87,54,0,151,0,11,65,0,76,10,98,119,0,227,12,0,12,239
04/12/2010,LEX,KY,ASO,CE,Combined TRACON& Tower with Radar,9,81,56,1,147,0,0,54,1,55,9,81,110,2,202,10,0,10,212
04/13/2010,LEX,KY,ASO,CE,Combined TRACON& Tower with Radar,6,87,53,1,147,0,2,62,1,65,6,89,115,2,212,6,0,6,218
04/14/2010,LEX,KY,ASO,CE,Combined TRACON& Tower with Radar,10,89,63,1,163,0,5,81,1,87,10,94,144,2,250,0,3,3,253
04/15/2010,LEX,KY,ASO,CE,Combined TRACON& Tower with Radar,7,95,47,2,151,0,0,73,17,90,7,95,120,19,241,26,0,26,267
04/16/2010,LEX,KY,ASO,CE,Combined TRACON& Tower with Radar,7,101,64,3,175,0,1,23,20,44,7,102,87,23,219,0,0,0,219
04/17/2010,LEX,KY,ASO,CE,Combined TRACON& Tower with Radar,5,65,56,0,126,0,0,54,4,58,5,65,110,4,184,12,0,12,196
04/18/2010,LEX,KY,ASO,CE,Combined TRACON& Tower with Radar,8,81,56,0,145,0,2,90,0,92,8,83,146,0,237,0,0,0,237
04/19/2010,LEX,KY,ASO,CE,Combined TRACON& Tower with Radar,10,80,43,2,135,0,0,59,1,60,10,80,102,3,195,6,0,6,201
04/20/2010,LEX,KY,ASO,CE,Combined TRACON& Tower with Radar,6,89,66,2,163,0,4,37,1,42,6,93,103,3,205,8,0,8,213
04/21/2010,LEX,KY,ASO,CE,Combined TRACON& Tower with Radar,6,98,57,0,161,0,6,49,2,57,6,104,106,2,218,24,0,24,242
04/22/2010,LEX,KY,ASO,CE,Combined TRACON& Tower with Radar,10,102,57,1,170,0,1,47,4,52,10,103,104,5,222,35,0,35,257
04/23/2010,LEX,KY,ASO,CE,Combined TRACON& Tower with Radar,5,92,65,0,162,0,5,25,0,30,5,97,90,0,192,2,0,2,194
04/24/2010,LEX,KY,ASO,CE,Combined TRACON& Tower with Radar,7,56,13,0,76,0,2,12,0,14,7,58,25,0,90,0,0,0,90
04/25/2010,LEX,KY,ASO,CE,Combined TRACON& Tower with Radar,9,89,39,6,143,0,1,8,0,9,9,90,47,6,152,0,0,0,152
04/26/2010,LEX,KY,ASO,CE,Combined TRACON& Tower with Radar,6,82,64,1,153,0,0,2,1,3,6,82,66,2,156,0,0,0,156
04/27/2010,LEX,KY,ASO,CE,Combined TRACON& Tower with Radar,6,85,75,5,171,0,0,21,1,22,6,85,96,6,193,0,0,0,193
04/28/2010,LEX,KY,ASO,CE,Combined TRACON& Tower with Radar,6,93,79,5,183,0,1,89,5,95,6,94,168,10,278,76,0,76,354
04/29/2010,LEX,KY,ASO,CE,Combined TRACON& Tower with Radar,12,104,90,2,208,0,2,72,1,75,12,106,162,3,283,3,0,3,286
04/30/2010,LEX,KY,ASO,CE,Combined TRACON& Tower with Radar,8,99,68,0,175,0,5,48,0,53,8,104,116,0,228,15,0,15,243
05/01/2010,LEX,KY,ASO,CE,Combined TRACON& Tower with Radar,6,60,14,0,80,0,1,1,0,2,6,61,15,0,82,0,0,0,82
05/02/2010,LEX,KY,ASO,CE,Combined TRACON& Tower with Radar,9,95,61,0,165,0,0,0,0,0,9,95,61,0,165,0,0,0,165
05/03/2010,LEX,KY,ASO,CE,Combined TRACON& Tower with Radar,5,100,45,4,154,0,2,45,0,47,5,102,90,4,201,32,0,32,233
05/04/2010,LEX,KY,ASO,CE,Combined TRACON& Tower with Radar,7,89,52,0,148,0,5,110,2,117,7,94,162,2,265,57,0,57,322
05/05/2010,LEX,KY,ASO,CE,Combined TRACON& Tower with Radar,9,88,48,0,145,0,4,74,2,80,9,92,122,2,225,44,0,44,269
05/06/2010,LEX,KY,ASO,CE,Combined TRACON& Tower with Radar,9,89,51,3,152,0,5,83,0,88,9,94,134,3,240,52,0,52,292
05/07/2010,LEX,KY,ASO,CE,Combined TRACON& Tower with Radar,4,90,52,0,146,0,1,34,1,36,4,91,86,1,182,4,0,4,186
05/08/2010,LEX,KY,ASO,CE,Combined TRACON& Tower with Radar,6,61,17,0,84,0,1,20,2,23,6,62,37,2,107,0,0,0,107
05/09/2010,LEX,KY,ASO,CE,Combined TRACON& Tower with Radar,10,78,32,0,120,0,0,39,2,41,10,78,71,2,161,27,0,27,188
05/10/2010,LEX,KY,ASO,CE,Combined TRACON& Tower with Radar,8,85,58,2,153,0,0,57,2,59,8,85,115,4,212,54,0,54,266
05/11/2010,LEX,KY,ASO,CE,Combined TRACON& Tower with Radar,9,87,33,0,129,0,2,4,0,6,9,89,37,0,135,0,0,0,135
05/12/2010,LEX,KY,ASO,CE,Combined TRACON& Tower with Radar,10,105,47,12,174,0,0,14,2,16,10,105,61,14,190,10,0,10,200
05/13/2010,LEX,KY,ASO,CE,Combined TRACON& Tower with Radar,8,93,56,2,159,0,9,57,2,68,8,102,113,4,227,16,0,16,243
05/14/2010,LEX,KY,ASO,CE,Combined TRACON& Tower with Radar,8,79,35,0,122,0,0,20,0,20,8,79,55,0,142,10,0,10,152
05/15/2010,LEX,KY,ASO,CE,Combined TRACON& Tower with Radar,6,59,31,0,96,0,0,58,2,60,6,59,89,2,156,14,0,14,170
05/16/2010,LEX,KY,ASO,CE,Combined TRACON& Tower with Radar,8,86,48,0,142,0,0,4,0,4,8,86,52,0,146,0,0,0,146
05/17/2010,LEX,KY,ASO,CE,Combined TRACON& Tower with Radar,7,84,69,4,164,0,0,6,0,6,7,84,75,4,170,0,0,0,170
05/18/2010,LEX,KY,ASO,CE,Combined TRACON& Tower with Radar,8,94,56,0,158,0,0,5,0,5,8,94,61,0,163,8,0,8,171
05/19/2010,LEX,KY,ASO,CE,Combined TRACON& Tower with Radar,6,89,75,6,176,0,0,21,2,23,6,89,96,8,199,30,0,30,229
05/20/2010,LEX,KY,ASO,CE,Combined TRACON& Tower with Radar,10,91,51,1,153,0,1,51,1,53,10,92,102,2,206,0,0,0,206
05/21/2010,LEX,KY,ASO,CE,Combined TRACON& Tower with Radar,4,87,50,3,144,0,3,28,1,32,4,90,78,4,176,4,0,4,180
05/22/2010,LEX,KY,ASO,CE,Combined TRACON& Tower with Radar,8,57,40,2,107,0,1,46,0,47,8,58,86,2,154,36,0,36,190
05/23/2010,LEX,KY,ASO,CE,Combined TRACON& Tower with Radar,8,86,54,0,148,0,1,67,0,68,8,87,121,0,216,28,0,28,244
05/24/2010,LEX,KY,ASO,CE,Combined TRACON& Tower with Radar,4,88,51,1,144,0,5,62,1,68,4,93,113,2,212,22,0,22,234
05/25/2010,LEX,KY,ASO,CE,Combined TRACON& Tower with Radar,6,90,51,2,149,0,3,82,0,85,6,93,133,2,234,12,0,12,246
05/26/2010,LEX,KY,ASO,CE,Combined TRACON& Tower with Radar,5,93,66,0,164,0,0,59,0,59,5,93,125,0,223,7,0,7,230
05/27/2010,LEX,KY,ASO,CE,Combined TRACON& Tower with Radar,13,92,47,0,152,0,1,55,2,58,13,93,102,2,210,10,0,10,220
05/28/2010,LEX,KY,ASO,CE,Combined TRACON& Tower with Radar,5,100,57,2,164,0,3,41,0,44,5,103,98,2,208,4,0,4,212
05/29/2010,LEX,KY,ASO,CE,Combined TRACON& Tower with Radar,7,63,41,0,111,0,3,86,0,89,7,66,127,0,200,22,0,22,222
05/30/2010,LEX,KY,ASO,CE,Combined TRACON& Tower with Radar,10,51,33,0,94,0,2,48,2,52,10,53,81,2,146,0,0,0,146
05/31/2010,LEX,KY,ASO,CE,Combined TRACON& Tower with Radar,4,82,23,0,109,0,0,30,0,30,4,82,53,0,139,26,0,26,165
06/01/2010,LEX,KY,ASO,CE,Combined TRACON& Tower with Radar,8,82,68,2,160,0,1,54,2,57,8,83,122,4,217,47,0,47,264
06/02/2010,LEX,KY,ASO,CE,Combined TRACON& Tower with Radar,4,103,52,0,159,0,3,42,4,49,4,106,94,4,208,18,0,18,226
06/03/2010,LEX,KY,ASO,CE,Combined TRACON& Tower with Radar,8,89,55,0,152,0,0,37,0,37,8,89,92,0,189,6,0,6,195
06/04/2010,LEX,KY,ASO,CE,Combined TRACON& Tower with Radar,4,87,63,0,154,0,1,59,0,60,4,88,122,0,214,20,0,20,234
06/05/2010,LEX,KY,ASO,CE,Combined TRACON& Tower with Radar,8,63,42,1,114,0,1,45,1,47,8,64,87,2,161,0,0,0,161
06/06/2010,LEX,KY,ASO,CE,Combined TRACON& Tower with Radar,8,82,42,0,132,0,4,25,0,29,8,86,67,0,161,8,0,8,169
06/07/2010,LEX,KY,ASO,CE,Combined TRACON& Tower with Radar,6,87,49,0,142,0,2,86,0,88,6,89,135,0,230,44,0,44,274
06/08/2010,LEX,KY,ASO,CE,Combined TRACON& Tower with Radar,6,93,48,15,162,0,2,69,3,74,6,95,117,18,236,11,0,11,247
06/09/2010,LEX,KY,ASO,CE,Combined TRACON& Tower with Radar,9,102,43,0,154,0,0,3,0,3,9,102,46,0,157,4,0,4,161
06/10/2010,LEX,KY,ASO,CE,Combined TRACON& Tower with Radar,12,90,71,3,176,0,3,65,1,69,12,93,136,4,245,34,0,34,279
06/11/2010,LEX,KY,ASO,CE,Combined TRACON& Tower with Radar,5,91,51,0,147,0,0,47,2,49,5,91,98,2,196,10,0,10,206
06/12/2010,LEX,KY,ASO,CE,Combined TRACON& Tower with Radar,9,56,24,0,89,0,1,39,0,40,9,57,63,0,129,0,0,0,129
06/13/2010,LEX,KY,ASO,CE,Combined TRACON& Tower with Radar,16,80,39,0,135,0,0,46,2,48,16,80,85,2,183,26,0,26,209
06/14/2010,LEX,KY,ASO,CE,Combined TRACON& Tower with Radar,5,91,38,3,137,0,1,47,1,49,5,92,85,4,186,14,0,14,200
06/15/2010,LEX,KY,ASO,CE,Combined TRACON& Tower with Radar,9,85,44,1,139,0,0,43,1,44,9,85,87,2,183,6,0,6,189
06/16/2010,LEX,KY,ASO,CE,Combined TRACON& Tower with Radar,12,99,35,2,148,0,3,55,2,60,12,102,90,4,208,0,0,0,208
06/17/2010,LEX,KY,ASO,CE,Combined TRACON& Tower with Radar,12,94,50,1,157,0,0,98,1,99,12,94,148,2,256,26,0,26,282
06/18/2010,LEX,KY,ASO,CE,Combined TRACON& Tower with Radar,9,79,44,0,132,0,3,83,2,88,9,82,127,2,220,20,0,20,240
06/19/2010,LEX,KY,ASO,CE,Combined TRACON& Tower with Radar,8,64,22,2,96,0,1,58,0,59,8,65,80,2,155,0,0,0,155
06/20/2010,LEX,KY,ASO,CE,Combined TRACON& Tower with Radar,10,89,43,2,144,0,0,41,0,41,10,89,84,2,185,0,0,0,185
06/21/2010,LEX,KY,ASO,CE,Combined TRACON& Tower with Radar,8,101,53,0,162,0,2,55,0,57,8,103,108,0,219,2,0,2,221
06/22/2010,LEX,KY,ASO,CE,Combined TRACON& Tower with Radar,10,97,44,1,152,0,1,64,2,67,10,98,108,3,219,8,0,8,227
06/23/2010,LEX,KY,ASO,CE,Combined TRACON& Tower with Radar,7,91,59,0,157,0,0,39,0,39,7,91,98,0,196,26,0,26,222
06/24/2010,LEX,KY,ASO,CE,Combined TRACON& Tower with Radar,11,78,62,1,152,0,2,31,0,33,11,80,93,1,185,24,0,24,209
06/25/2010,LEX,KY,ASO,CE,Combined TRACON& Tower with Radar,6,96,37,1,140,0,1,63,1,65,6,97,100,2,205,4,0,4,209
06/26/2010,LEX,KY,ASO,CE,Combined TRACON& Tower with Radar,9,63,27,0,99,0,4,64,0,68,9,67,91,0,167,5,0,5,172
06/27/2010,LEX,KY,ASO,CE,Combined TRACON& Tower with Radar,11,78,24,0,113,0,3,37,0,40,11,81,61,0,153,18,0,18,171
06/28/2010,LEX,KY,ASO,CE,Combined TRACON& Tower with Radar,8,80,38,0,126,0,0,26,0,26,8,80,64,0,152,0,0,0,152
06/29/2010,LEX,KY,ASO,CE,Combined TRACON& Tower with Radar,10,85,52,4,151,0,1,49,2,52,10,86,101,6,203,0,0,0,203
06/30/2010,LEX,KY,ASO,CE,Combined TRACON& Tower with Radar,9,93,59,0,161,0,2,83,0,85,9,95,142,0,246,34,0,34,280
07/01/2010,LEX,KY,ASO,CE,Combined TRACON& Tower with Radar,10,94,43,2,149,0,0,48,0,48,10,94,91,2,197,28,0,28,225
07/02/2010,LEX,KY,ASO,CE,Combined TRACON& Tower with Radar,6,90,34,0,130,0,0,75,1,76,6,90,109,1,206,16,0,16,222
07/03/2010,LEX,KY,ASO,CE,Combined TRACON& Tower with Radar,8,58,43,0,109,0,6,63,0,69,8,64,106,0,178,0,0,0,178
07/04/2010,LEX,KY,ASO,CE,Combined TRACON& Tower with Radar,10,60,20,2,92,0,4,39,0,43,10,64,59,2,135,14,0,14,149
07/05/2010,LEX,KY,ASO,CE,Combined TRACON& Tower with Radar,6,86,47,0,139,0,0,65,0,65,6,86,112,0,204,12,0,12,216
07/06/2010,LEX,KY,ASO,CE,Combined TRACON& Tower with Radar,11,88,69,4,172,0,0,56,0,56,11,88,125,4,228,14,0,14,242
07/07/2010,LEX,KY,ASO,CE,Combined TRACON& Tower with Radar,8,90,43,1,142,0,1,90,1,92,8,91,133,2,234,8,0,8,242
07/08/2010,LEX,KY,ASO,CE,Combined TRACON& Tower with Radar,12,86,36,0,134,0,0,39,0,39,12,86,75,0,173,6,0,6,179
07/09/2010,LEX,KY,ASO,CE,Combined TRACON& Tower with Radar,6,92,38,0,136,0,0,7,0,7,6,92,45,0,143,4,0,4,147
07/10/2010,LEX,KY,ASO,CE,Combined TRACON& Tower with Radar,11,61,38,0,110,0,2,44,0,46,11,63,82,0,156,112,0,112,268
07/11/2010,LEX,KY,ASO,CE,Combined TRACON& Tower with Radar,11,79,39,2,131,0,1,51,0,52,11,80,90,2,183,52,2,54,237
07/12/2010,LEX,KY,ASO,CE,Combined TRACON& Tower with Radar,6,88,42,0,136,0,0,24,0,24,6,88,66,0,160,24,0,24,184
07/13/2010,LEX,KY,ASO,CE,Combined TRACON& Tower with Radar,11,95,41,0,147,0,0,15,3,18,11,95,56,3,165,51,0,51,216
07/14/2010,LEX,KY,ASO,CE,Combined TRACON& Tower with Radar,11,98,61,1,171,0,0,63,3,66,11,98,124,4,237,16,0,16,253
07/15/2010,LEX,KY,ASO,CE,Combined TRACON& Tower with Radar,9,95,52,0,156,0,0,69,0,69,9,95,121,0,225,39,0,39,264
07/16/2010,LEX,KY,ASO,CE,Combined TRACON& Tower with Radar,5,98,57,0,160,0,5,41,0,46,5,103,98,0,206,7,0,7,213
07/17/2010,LEX,KY,ASO,CE,Combined TRACON& Tower with Radar,8,64,28,0,100,0,4,30,0,34,8,68,58,0,134,25,0,25,159
07/18/2010,LEX,KY,ASO,CE,Combined TRACON& Tower with Radar,9,84,33,0,126,0,1,26,0,27,9,85,59,0,153,1,0,1,154
07/19/2010,LEX,KY,ASO,CE,Combined TRACON& Tower with Radar,7,91,41,5,144,0,2,28,1,31,7,93,69,6,175,2,0,2,177
07/20/2010,LEX,KY,ASO,CE,Combined TRACON& Tower with Radar,10,90,23,2,125,0,3,27,0,30,10,93,50,2,155,24,0,24,179
07/21/2010,LEX,KY,ASO,CE,Combined TRACON& Tower with Radar,10,92,54,1,157,0,0,29,1,30,10,92,83,2,187,14,0,14,201
07/22/2010,LEX,KY,ASO,CE,Combined TRACON& Tower with Radar,10,85,53,1,149,0,0,43,1,44,10,85,96,2,193,4,0,4,197
07/23/2010,LEX,KY,ASO,CE,Combined TRACON& Tower with Radar,7,91,42,5,145,0,0,68,0,68,7,91,110,5,213,34,0,34,247
07/24/2010,LEX,KY,ASO,CE,Combined TRACON& Tower with Radar,12,59,23,0,94,0,0,61,0,61,12,59,84,0,155,46,0,46,201
07/25/2010,LEX,KY,ASO,CE,Combined TRACON& Tower with Radar,12,82,42,0,136,0,1,41,0,42,12,83,83,0,178,37,0,37,215
07/26/2010,LEX,KY,ASO,CE,Combined TRACON& Tower with Radar,7,84,43,2,136,0,0,41,1,42,7,84,84,3,178,2,0,2,180
07/27/2010,LEX,KY,ASO,CE,Combined TRACON& Tower with Radar,11,104,70,2,187,0,0,31,2,33,11,104,101,4,220,10,0,10,230
07/28/2010,LEX,KY,ASO,CE,Combined TRACON& Tower with Radar,8,90,47,3,148,0,0,25,1,26,8,90,72,4,174,22,0,22,196
07/29/2010,LEX,KY,ASO,CE,Combined TRACON& Tower with Radar,12,95,44,12,163,0,3,27,2,32,12,98,71,14,195,30,6,36,231
07/30/2010,LEX,KY,ASO,CE,Combined TRACON& Tower with Radar,6,93,66,0,165,0,1,74,2,77,6,94,140,2,242,48,0,48,290
07/31/2010,LEX,KY,ASO,CE,Combined TRACON& Tower with Radar,8,72,50,0,130,0,0,47,0,47,8,72,97,0,177,6,0,6,183
08/01/2010,LEX,KY,ASO,CE,Combined TRACON& Tower with Radar,14,107,82,0,203,0,27,67,0,94,14,134,149,0,297,0,0,0,297
08/02/2010,LEX,KY,ASO,CE,Combined TRACON& Tower with Radar,7,99,49,4,159,0,0,54,0,54,7,99,103,4,213,0,0,0,213
08/03/2010,LEX,KY,ASO,CE,Combined TRACON& Tower with Radar,13,87,59,0,159,0,1,48,0,49,13,88,107,0,208,36,0,36,244
08/04/2010,LEX,KY,ASO,CE,Combined TRACON& Tower with Radar,6,96,45,0,147,0,1,44,0,45,6,97,89,0,192,8,0,8,200
08/05/2010,LEX,KY,ASO,CE,Combined TRACON& Tower with Radar,11,99,42,2,154,0,1,40,0,41,11,100,82,2,195,10,0,10,205
08/06/2010,LEX,KY,ASO,CE,Combined TRACON& Tower with Radar,3,99,60,3,165,0,4,60,1,65,3,103,120,4,230,20,0,20,250
08/07/2010,LEX,KY,ASO,CE,Combined TRACON& Tower with Radar,8,66,37,0,111,0,1,41,0,42,8,67,78,0,153,16,0,16,169
08/08/2010,LEX,KY,ASO,CE,Combined TRACON& Tower with Radar,9,100,32,0,141,0,1,76,0,77,9,101,108,0,218,0,0,0,218
08/09/2010,LEX,KY,ASO,CE,Combined TRACON& Tower with Radar,7,90,36,2,135,0,2,51,0,53,7,92,87,2,188,13,0,13,201
08/10/2010,LEX,KY,ASO,CE,Combined TRACON& Tower with Radar,8,99,44,0,151,0,0,63,0,63,8,99,107,0,214,8,0,8,222
08/11/2010,LEX,KY,ASO,CE,Combined TRACON& Tower with Radar,6,97,41,2,146,0,0,37,0,37,6,97,78,2,183,28,0,28,211
08/12/2010,LEX,KY,ASO,CE,Combined TRACON& Tower with Radar,8,88,53,4,153,0,0,13,0,13,8,88,66,4,166,0,0,0,166
08/13/2010,LEX,KY,ASO,CE,Combined TRACON& Tower with Radar,8,97,48,5,158,0,2,51,0,53,8,99,99,5,211,43,0,43,254
08/14/2010,LEX,KY,ASO,CE,Combined TRACON& Tower with Radar,6,61,45,0,112,0,2,45,0,47,6,63,90,0,159,101,0,101,260
08/15/2010,LEX,KY,ASO,CE,Combined TRACON& Tower with Radar,10,93,41,1,145,0,0,26,0,26,10,93,67,1,171,22,0,22,193
08/16/2010,LEX,KY,ASO,CE,Combined TRACON& Tower with Radar,5,80,25,0,110,0,0,56,2,58,5,80,81,2,168,66,0,66,234
08/17/2010,LEX,KY,ASO,CE,Combined TRACON& Tower with Radar,14,78,38,1,131,0,3,80,3,86,14,81,118,4,217,20,0,20,237
08/18/2010,LEX,KY,ASO,CE,Combined TRACON& Tower with Radar,10,86,49,0,145,0,6,14,0,20,10,92,63,0,165,0,0,0,165
08/19/2010,LEX,KY,ASO,CE,Combined TRACON& Tower with Radar,7,84,55,4,150,0,0,30,1,31,7,84,85,5,181,0,0,0,181
08/20/2010,LEX,KY,ASO,CE,Combined TRACON& Tower with Radar,7,84,51,1,143,0,0,78,3,81,7,84,129,4,224,18,0,18,242
08/21/2010,LEX,KY,ASO,CE,Combined TRACON& Tower with Radar,10,57,19,0,86,0,0,11,0,11,10,57,30,0,97,32,0,32,129
08/22/2010,LEX,KY,ASO,CE,Combined TRACON& Tower with Radar,10,78,33,0,121,0,2,57,0,59,10,80,90,0,180,62,0,62,242
08/23/2010,LEX,KY,ASO,CE,Combined TRACON& Tower with Radar,8,78,33,0,119,0,1,58,0,59,8,79,91,0,178,0,0,0,178
08/24/2010,LEX,KY,ASO,CE,Combined TRACON& Tower with Radar,8,83,39,3,133,0,2,38,2,42,8,85,77,5,175,40,0,40,215
08/25/2010,LEX,KY,ASO,CE,Combined TRACON& Tower with Radar,10,85,35,12,142,0,1,50,1,52,10,86,85,13,194,20,18,38,232
08/26/2010,LEX,KY,ASO,CE,Combined TRACON& Tower with Radar,10,88,43,16,157,0,0,69,0,69,10,88,112,16,226,26,20,46,272
08/27/2010,LEX,KY,ASO,CE,Combined TRACON& Tower with Radar,8,83,44,2,137,0,0,56,0,56,8,83,100,2,193,16,0,16,209
08/28/2010,LEX,KY,ASO,CE,Combined TRACON& Tower with Radar,8,52,40,0,100,0,1,89,0,90,8,53,129,0,190,2,0,2,192
08/29/2010,LEX,KY,ASO,CE,Combined TRACON& Tower with Radar,11,83,37,3,134,0,2,71,0,73,11,85,108,3,207,23,0,23,230
08/30/2010,LEX,KY,ASO,CE,Combined TRACON& Tower with Radar,7,85,49,1,142,0,1,37,1,39,7,86,86,2,181,5,0,5,186
08/31/2010,LEX,KY,ASO,CE,Combined TRACON& Tower with Radar,10,77,32,0,119,2,6,49,0,57,12,83,81,0,176,30,0,30,206
09/01/2010,LEX,KY,ASO,CE,Combined TRACON& Tower with Radar,8,76,62,0,146,0,4,51,0,55,8,80,113,0,201,19,0,19,220
09/02/2010,LEX,KY,ASO,CE,Combined TRACON& Tower with Radar,10,76,49,2,137,0,0,83,0,83,10,76,132,2,220,11,8,19,239
09/03/2010,LEX,KY,ASO,CE,Combined TRACON& Tower with Radar,8,81,48,1,138,0,0,39,0,39,8,81,87,1,177,18,0,18,195
09/04/2010,LEX,KY,ASO,CE,Combined TRACON& Tower with Radar,6,45,33,0,84,0,0,50,0,50,6,45,83,0,134,25,0,25,159
09/05/2010,LEX,KY,ASO,CE,Combined TRACON& Tower with Radar,11,48,20,1,80,0,0,58,1,59,11,48,78,2,139,0,0,0,139
09/06/2010,LEX,KY,ASO,CE,Combined TRACON& Tower with Radar,8,68,39,0,115,0,0,61,0,61,8,68,100,0,176,20,0,20,196
09/07/2010,LEX,KY,ASO,CE,Combined TRACON& Tower with Radar,5,79,36,2,122,0,0,36,0,36,5,79,72,2,158,5,0,5,163
09/08/2010,LEX,KY,ASO,CE,Combined TRACON& Tower with Radar,7,89,59,2,157,0,1,43,0,44,7,90,102,2,201,0,0,0,201
09/09/2010,LEX,KY,ASO,CE,Combined TRACON& Tower with Radar,9,86,67,1,163,0,0,66,0,66,9,86,133,1,229,45,0,45,274
09/10/2010,LEX,KY,ASO,CE,Combined TRACON& Tower with Radar,5,89,74,8,176,0,0,24,2,26,5,89,98,10,202,20,0,20,222
09/11/2010,LEX,KY,ASO,CE,Combined TRACON& Tower with Radar,3,64,49,0,116,0,0,9,2,11,3,64,58,2,127,46,0,46,173
09/12/2010,LEX,KY,ASO,CE,Combined TRACON& Tower with Radar,8,91,69,5,173,0,5,75,5,85,8,96,144,10,258,0,0,0,258
09/13/2010,LEX,KY,ASO,CE,Combined TRACON& Tower with Radar,4,101,64,0,169,0,0,42,2,44,4,101,106,2,213,18,0,18,231
09/14/2010,LEX,KY,ASO,CE,Combined TRACON& Tower with Radar,6,99,75,7,187,0,0,62,0,62,6,99,137,7,249,16,0,16,265
09/15/2010,LEX,KY,ASO,CE,Combined TRACON& Tower with Radar,5,96,61,7,169,0,4,48,3,55,5,100,109,10,224,14,0,14,238
09/16/2010,LEX,KY,ASO,CE,Combined TRACON& Tower with Radar,7,95,73,0,175,0,0,18,0,18,7,95,91,0,193,2,0,2,195
09/17/2010,LEX,KY,ASO,CE,Combined TRACON& Tower with Radar,4,97,57,8,166,0,0,71,0,71,4,97,128,8,237,52,0,52,289
09/18/2010,LEX,KY,ASO,CE,Combined TRACON& Tower with Radar,2,60,29,0,91,0,1,50,0,51,2,61,79,0,142,2,0,2,144
09/19/2010,LEX,KY,ASO,CE,Combined TRACON& Tower with Radar,11,86,62,0,159,0,3,58,0,61,11,89,120,0,220,16,0,16,236
09/20/2010,LEX,KY,ASO,CE,Combined TRACON& Tower with Radar,4,86,44,1,135,0,0,45,1,46,4,86,89,2,181,4,0,4,185
09/21/2010,LEX,KY,ASO,CE,Combined TRACON& Tower with Radar,3,86,39,6,134,0,0,32,0,32,3,86,71,6,166,0,0,0,166
09/22/2010,LEX,KY,ASO,CE,Combined TRACON& Tower with Radar,6,89,46,4,145,0,2,37,0,39,6,91,83,4,184,0,0,0,184
09/23/2010,LEX,KY,ASO,CE,Combined TRACON& Tower with Radar,10,97,31,2,140,0,0,45,1,46,10,97,76,3,186,18,0,18,204
09/24/2010,LEX,KY,ASO,CE,Combined TRACON& Tower with Radar,14,88,58,1,161,0,0,26,2,28,14,88,84,3,189,0,0,0,189
09/25/2010,LEX,KY,ASO,CE,Combined TRACON& Tower with Radar,9,78,59,0,146,0,0,69,0,69,9,78,128,0,215,16,0,16,231
09/26/2010,LEX,KY,ASO,CE,Combined TRACON& Tower with Radar,23,92,59,0,174,0,1,46,0,47,23,93,105,0,221,16,0,16,237
09/27/2010,LEX,KY,ASO,CE,Combined TRACON& Tower with Radar,10,90,83,0,183,0,1,11,0,12,10,91,94,0,195,0,0,0,195
09/28/2010,LEX,KY,ASO,CE,Combined TRACON& Tower with Radar,6,97,70,2,175,0,2,41,0,43,6,99,111,2,218,39,0,39,257
09/29/2010,LEX,KY,ASO,CE,Combined TRACON& Tower with Radar,10,89,71,4,174,0,0,71,0,71,10,89,142,4,245,0,2,2,247
09/30/2010,LEX,KY,ASO,CE,Combined TRACON& Tower with Radar,8,84,73,1,166,0,2,50,3,55,8,86,123,4,221,6,0,6,227
10/01/2010,LEX,KY,ASO,CE,Combined TRACON& Tower with Radar,13,89,69,1,172,0,0,63,0,63,13,89,132,1,235,6,0,6,241
10/02/2010,LEX,KY,ASO,CE,Combined TRACON& Tower with Radar,9,77,69,0,155,0,3,63,0,66,9,80,132,0,221,28,0,28,249
10/03/2010,LEX,KY,ASO,CE,Combined TRACON& Tower with Radar,15,101,79,0,195,0,1,25,0,26,15,102,104,0,221,0,0,0,221
10/04/2010,LEX,KY,ASO,CE,Combined TRACON& Tower with Radar,15,85,52,2,154,0,2,34,1,37,15,87,86,3,191,18,0,18,209
10/05/2010,LEX,KY,ASO,CE,Combined TRACON& Tower with Radar,6,105,54,10,175,0,5,42,2,49,6,110,96,12,224,9,14,23,247
10/06/2010,LEX,KY,ASO,CE,Combined TRACON& Tower with Radar,8,108,81,1,198,0,0,58,2,60,8,108,139,3,258,0,0,0,258
10/07/2010,LEX,KY,ASO,CE,Combined TRACON& Tower with Radar,5,105,65,1,176,0,2,61,1,64,5,107,126,2,240,0,0,0,240
10/08/2010,LEX,KY,ASO,CE,Combined TRACON& Tower with Radar,8,110,93,0,211,0,3,79,0,82,8,113,172,0,293,36,0,36,329
10/09/2010,LEX,KY,ASO,CE,Combined TRACON& Tower with Radar,8,84,74,8,174,0,1,97,0,98,8,85,171,8,272,52,0,52,324
10/10/2010,LEX,KY,ASO,CE,Combined TRACON& Tower with Radar,21,117,122,0,260,0,2,99,0,101,21,119,221,0,361,38,0,38,399
10/11/2010,LEX,KY,ASO,CE,Combined TRACON& Tower with Radar,17,86,75,0,178,0,0,34,1,35,17,86,109,1,213,12,0,12,225
10/12/2010,LEX,KY,ASO,CE,Combined TRACON& Tower with Radar,7,81,55,2,145,0,0,39,0,39,7,81,94,2,184,20,0,20,204
10/13/2010,LEX,KY,ASO,CE,Combined TRACON& Tower with Radar,6,88,62,1,157,0,1,29,3,33,6,89,91,4,190,2,0,2,192
10/14/2010,LEX,KY,ASO,CE,Combined TRACON& Tower with Radar,3,91,67,7,168,0,2,54,1,57,3,93,121,8,225,20,0,20,245
10/15/2010,LEX,KY,ASO,CE,Combined TRACON& Tower with Radar,6,101,54,0,161,0,0,36,2,38,6,101,90,2,199,0,0,0,199
10/16/2010,LEX,KY,ASO,CE,Combined TRACON& Tower with Radar,3,67,57,0,127,0,0,61,2,63,3,67,118,2,190,28,0,28,218
10/17/2010,LEX,KY,ASO,CE,Combined TRACON& Tower with Radar,7,87,67,0,161,0,0,73,0,73,7,87,140,0,234,6,0,6,240
10/18/2010,LEX,KY,ASO,CE,Combined TRACON& Tower with Radar,4,88,29,2,123,0,2,43,0,45,4,90,72,2,168,16,0,16,184
10/19/2010,LEX,KY,ASO,CE,Combined TRACON& Tower with Radar,2,78,39,5,124,0,5,31,1,37,2,83,70,6,161,10,0,10,171
10/20/2010,LEX,KY,ASO,CE,Combined TRACON& Tower with Radar,8,102,67,4,181,0,1,61,2,64,8,103,128,6,245,14,0,14,259
10/21/2010,LEX,KY,ASO,CE,Combined TRACON& Tower with Radar,4,98,50,0,152,0,6,36,0,42,4,104,86,0,194,6,0,6,200
10/22/2010,LEX,KY,ASO,CE,Combined TRACON& Tower with Radar,4,109,83,0,196,0,2,71,0,73,4,111,154,0,269,4,0,4,273
10/23/2010,LEX,KY,ASO,CE,Combined TRACON& Tower with Radar,1,60,51,0,112,0,0,59,0,59,1,60,110,0,171,12,0,12,183
10/24/2010,LEX,KY,ASO,CE,Combined TRACON& Tower with Radar,8,92,71,0,171,0,3,33,0,36,8,95,104,0,207,0,0,0,207
10/25/2010,LEX,KY,ASO,CE,Combined TRACON& Tower with Radar,4,85,31,0,120,0,0,3,0,3,4,85,34,0,123,0,0,0,123
10/26/2010,LEX,KY,ASO,CE,Combined TRACON& Tower with Radar,3,85,28,0,116,0,0,0,0,0,3,85,28,0,116,0,0,0,116
10/27/2010,LEX,KY,ASO,CE,Combined TRACON& Tower with Radar,6,99,57,4,166,0,1,54,4,59,6,100,111,8,225,24,0,24,249
10/28/2010,LEX,KY,ASO,CE,Combined TRACON& Tower with Radar,5,89,48,3,145,0,0,35,1,36,5,89,83,4,181,0,0,0,181
10/29/2010,LEX,KY,ASO,CE,Combined TRACON& Tower with Radar,6,97,46,4,153,0,1,61,0,62,6,98,107,4,215,31,0,31,246
10/30/2010,LEX,KY,ASO,CE,Combined TRACON& Tower with Radar,3,59,41,0,103,0,0,55,0,55,3,59,96,0,158,0,0,0,158
10/31/2010,LEX,KY,ASO,CE,Combined TRACON& Tower with Radar,9,80,32,0,121,0,0,49,0,49,9,80,81,0,170,6,0,6,176
11/01/2010,LEX,KY,ASO,CE,Combined TRACON& Tower with Radar,2,82,59,0,143,0,0,44,0,44,2,82,103,0,187,2,0,2,189
11/02/2010,LEX,KY,ASO,CE,Combined TRACON& Tower with Radar,0,94,64,0,158,0,2,34,2,38,0,96,98,2,196,14,0,14,210
11/03/2010,LEX,KY,ASO,CE,Combined TRACON& Tower with Radar,6,85,46,2,139,0,0,13,0,13,6,85,59,2,152,4,0,4,156
11/04/2010,LEX,KY,ASO,CE,Combined TRACON& Tower with Radar,7,98,68,4,177,0,1,33,2,36,7,99,101,6,213,24,0,24,237
11/05/2010,LEX,KY,ASO,CE,Combined TRACON& Tower with Radar,3,95,28,8,134,0,1,29,0,30,3,96,57,8,164,0,0,0,164
11/06/2010,LEX,KY,ASO,CE,Combined TRACON& Tower with Radar,3,59,37,9,108,0,0,41,1,42,3,59,78,10,150,4,37,41,191
11/07/2010,LEX,KY,ASO,CE,Combined TRACON& Tower with Radar,10,97,59,1,167,0,2,39,0,41,10,99,98,1,208,17,0,17,225
11/08/2010,LEX,KY,ASO,CE,Combined TRACON& Tower with Radar,2,87,45,1,135,0,4,53,2,59,2,91,98,3,194,16,0,16,210
11/09/2010,LEX,KY,ASO,CE,Combined TRACON& Tower with Radar,6,89,51,4,150,0,0,58,0,58,6,89,109,4,208,34,0,34,242
11/10/2010,LEX,KY,ASO,CE,Combined TRACON& Tower with Radar,4,99,52,10,165,0,2,61,2,65,4,101,113,12,230,18,0,18,248
11/11/2010,LEX,KY,ASO,CE,Combined TRACON& Tower with Radar,4,87,64,1,156,0,1,61,0,62,4,88,125,1,218,0,0,0,218
11/12/2010,LEX,KY,ASO,CE,Combined TRACON& Tower with Radar,2,94,53,1,150,0,4,84,0,88,2,98,137,1,238,27,0,27,265
11/13/2010,LEX,KY,ASO,CE,Combined TRACON& Tower with Radar,2,61,30,0,93,0,3,51,0,54,2,64,81,0,147,24,0,24,171
11/14/2010,LEX,KY,ASO,CE,Combined TRACON& Tower with Radar,8,85,35,0,128,0,0,25,0,25,8,85,60,0,153,0,0,0,153
11/15/2010,LEX,KY,ASO,CE,Combined TRACON& Tower with Radar,2,84,34,0,120,0,0,25,2,27,2,84,59,2,147,4,0,4,151
11/16/2010,LEX,KY,ASO,CE,Combined TRACON& Tower with Radar,3,81,29,0,113,0,0,2,0,2,3,81,31,0,115,0,0,0,115
11/17/2010,LEX,KY,ASO,CE,Combined TRACON& Tower with Radar,7,103,55,0,165,0,1,27,0,28,7,104,82,0,193,0,0,0,193
11/18/2010,LEX,KY,ASO,CE,Combined TRACON& Tower with Radar,10,107,58,0,175,0,0,8,0,8,10,107,66,0,183,8,0,8,191
11/19/2010,LEX,KY,ASO,CE,Combined TRACON& Tower with Radar,4,92,58,0,154,0,4,54,2,60,4,96,112,2,214,23,0,23,237
11/20/2010,LEX,KY,ASO,CE,Combined TRACON& Tower with Radar,2,59,30,1,92,0,1,44,0,45,2,60,74,1,137,38,0,38,175
11/21/2010,LEX,KY,ASO,CE,Combined TRACON& Tower with Radar,11,80,51,1,143,0,1,55,0,56,11,81,106,1,199,8,0,8,207
11/22/2010,LEX,KY,ASO,CE,Combined TRACON& Tower with Radar,2,84,26,2,114,0,0,25,0,25,2,84,51,2,139,34,0,34,173
11/23/2010,LEX,KY,ASO,CE,Combined TRACON& Tower with Radar,6,92,43,0,141,0,0,30,0,30,6,92,73,0,171,2,0,2,173
11/24/2010,LEX,KY,ASO,CE,Combined TRACON& Tower with Radar,4,84,46,3,137,0,0,12,1,13,4,84,58,4,150,2,0,2,152
11/25/2010,LEX,KY,ASO,CE,Combined TRACON& Tower with Radar,6,46,5,0,57,0,0,0,0,0,6,46,5,0,57,0,0,0,57
11/26/2010,LEX,KY,ASO,CE,Combined TRACON& Tower with Radar,7,51,14,0,72,0,3,30,0,33,7,54,44,0,105,10,0,10,115
11/27/2010,LEX,KY,ASO,CE,Combined TRACON& Tower with Radar,5,79,41,0,125,0,0,37,0,37,5,79,78,0,162,12,0,12,174
11/28/2010,LEX,KY,ASO,CE,Combined TRACON& Tower with Radar,9,94,47,0,150,0,2,47,0,49,9,96,94,0,199,45,0,45,244
11/29/2010,LEX,KY,ASO,CE,Combined TRACON& Tower with Radar,5,91,32,4,132,0,3,27,4,34,5,94,59,8,166,14,0,14,180
11/30/2010,LEX,KY,ASO,CE,Combined TRACON& Tower with Radar,2,89,48,0,139,0,0,0,0,0,2,89,48,0,139,0,0,0,139
12/01/2010,LEX,KY,ASO,CE,Combined TRACON& Tower with Radar,4,99,50,0,153,0,0,7,0,7,4,99,57,0,160,0,0,0,160
12/02/2010,LEX,KY,ASO,CE,Combined TRACON& Tower with Radar,8,90,42,6,146,0,1,14,0,15,8,91,56,6,161,6,8,14,175
12/03/2010,LEX,KY,ASO,CE,Combined TRACON& Tower with Radar,5,83,59,0,147,0,1,20,0,21,5,84,79,0,168,3,0,3,171
12/04/2010,LEX,KY,ASO,CE,Combined TRACON& Tower with Radar,5,54,14,0,73,0,0,0,0,0,5,54,14,0,73,0,0,0,73
12/05/2010,LEX,KY,ASO,CE,Combined TRACON& Tower with Radar,10,79,23,0,112,0,0,5,0,5,10,79,28,0,117,0,0,0,117
12/06/2010,LEX,KY,ASO,CE,Combined TRACON& Tower with Radar,3,77,39,3,122,0,3,16,3,22,3,80,55,6,144,0,0,0,144
12/07/2010,LEX,KY,ASO,CE,Combined TRACON& Tower with Radar,2,84,40,8,134,0,0,24,4,28,2,84,64,12,162,0,0,0,162
12/08/2010,LEX,KY,ASO,CE,Combined TRACON& Tower with Radar,4,96,48,39,187,0,2,36,1,39,4,98,84,40,226,2,12,14,240
12/09/2010,LEX,KY,ASO,CE,Combined TRACON& Tower with Radar,6,84,59,1,150,0,3,35,1,39,6,87,94,2,189,12,0,12,201
12/10/2010,LEX,KY,ASO,CE,Combined TRACON& Tower with Radar,3,85,37,3,128,0,6,38,1,45,3,91,75,4,173,86,0,86,259
12/11/2010,LEX,KY,ASO,CE,Combined TRACON& Tower with Radar,3,60,31,0,94,0,0,13,0,13,3,60,44,0,107,6,0,6,113
12/12/2010,LEX,KY,ASO,CE,Combined TRACON& Tower with Radar,10,59,13,0,82,0,0,1,0,1,10,59,14,0,83,0,0,0,83
12/13/2010,LEX,KY,ASO,CE,Combined TRACON& Tower with Radar,2,74,43,6,125,0,0,0,0,0,2,74,43,6,125,0,0,0,125
12/14/2010,LEX,KY,ASO,CE,Combined TRACON& Tower with Radar,3,84,49,1,137,0,0,33,3,36,3,84,82,4,173,0,0,0,173
12/15/2010,LEX,KY,ASO,CE,Combined TRACON& Tower with Radar,4,82,36,0,122,0,0,20,0,20,4,82,56,0,142,0,0,0,142
12/16/2010,LEX,KY,ASO,CE,Combined TRACON& Tower with Radar,8,69,11,0,88,0,0,0,0,0,8,69,11,0,88,0,0,0,88
12/17/2010,LEX,KY,ASO,CE,Combined TRACON& Tower with Radar,5,91,43,2,141,0,0,4,0,4,5,91,47,2,145,0,0,0,145
12/18/2010,LEX,KY,ASO,CE,Combined TRACON& Tower with Radar,3,63,22,0,88,0,0,6,0,6,3,63,28,0,94,0,0,0,94
12/19/2010,LEX,KY,ASO,CE,Combined TRACON& Tower with Radar,9,75,29,0,113,0,0,26,0,26,9,75,55,0,139,0,0,0,139
12/20/2010,LEX,KY,ASO,CE,Combined TRACON& Tower with Radar,2,85,41,2,130,0,0,18,0,18,2,85,59,2,148,0,0,0,148
12/21/2010,LEX,KY,ASO,CE,Combined TRACON& Tower with Radar,4,74,21,0,99,0,0,0,0,0,4,74,21,0,99,0,0,0,99
12/22/2010,LEX,KY,ASO,CE,Combined TRACON& Tower with Radar,5,81,25,0,111,0,0,2,0,2,5,81,27,0,113,0,0,0,113
12/23/2010,LEX,KY,ASO,CE,Combined TRACON& Tower with Radar,9,87,59,0,155,0,3,31,0,34,9,90,90,0,189,8,0,8,197
12/24/2010,LEX,KY,ASO,CE,Combined TRACON& Tower with Radar,2,61,11,0,74,0,1,12,0,13,2,62,23,0,87,0,0,0,87
12/25/2010,LEX,KY,ASO,CE,Combined TRACON& Tower with Radar,2,46,7,0,55,0,0,0,0,0,2,46,7,0,55,0,0,0,55
12/26/2010,LEX,KY,ASO,CE,Combined TRACON& Tower with Radar,8,68,32,0,108,0,0,0,0,0,8,68,32,0,108,0,0,0,108
12/27/2010,LEX,KY,ASO,CE,Combined TRACON& Tower with Radar,2,70,21,0,93,0,0,15,0,15,2,70,36,0,108,0,0,0,108
12/28/2010,LEX,KY,ASO,CE,Combined TRACON& Tower with Radar,4,76,43,5,128,0,0,34,5,39,4,76,77,10,167,14,0,14,181
12/29/2010,LEX,KY,ASO,CE,Combined TRACON& Tower with Radar,4,78,23,2,107,0,0,20,0,20,4,78,43,2,127,0,0,0,127
12/30/2010,LEX,KY,ASO,CE,Combined TRACON& Tower with Radar,10,81,25,0,116,0,2,17,0,19,10,83,42,0,135,0,0,0,135
12/31/2010,LEX,KY,ASO,CE,Combined TRACON& Tower with Radar,2,59,12,0,73,0,3,18,0,21,2,62,30,0,94,6,0,6,100
01/01/2011,LEX,KY,ASO,CE,Combined TRACON& Tower with Radar,2,57,15,0,74,0,2,2,0,4,2,59,17,0,78,0,0,0,78
01/02/2011,LEX,KY,ASO,CE,Combined TRACON& Tower with Radar,8,77,49,0,134,0,0,38,0,38,8,77,87,0,172,0,0,0,172
01/03/2011,LEX,KY,ASO,CE,Combined TRACON& Tower with Radar,5,90,27,6,128,0,0,39,0,39,5,90,66,6,167,0,0,0,167
01/04/2011,LEX,KY,ASO,CE,Combined TRACON& Tower with Radar,5,82,36,0,123,0,0,28,0,28,5,82,64,0,151,0,0,0,151
01/05/2011,LEX,KY,ASO,CE,Combined TRACON& Tower with Radar,4,72,36,1,113,0,3,37,3,43,4,75,73,4,156,10,0,10,166
01/06/2011,LEX,KY,ASO,CE,Combined TRACON& Tower with Radar,8,76,36,2,122,0,0,38,0,38,8,76,74,2,160,0,0,0,160
01/07/2011,LEX,KY,ASO,CE,Combined TRACON& Tower with Radar,6,83,28,4,121,0,0,2,0,2,6,83,30,4,123,0,0,0,123
01/08/2011,LEX,KY,ASO,CE,Combined TRACON& Tower with Radar,4,64,39,1,108,0,2,9,1,12,4,66,48,2,120,0,0,0,120
01/09/2011,LEX,KY,ASO,CE,Combined TRACON& Tower with Radar,6,76,35,0,117,0,2,28,0,30,6,78,63,0,147,10,0,10,157
01/10/2011,LEX,KY,ASO,CE,Combined TRACON& Tower with Radar,4,64,27,1,96,0,2,13,1,16,4,66,40,2,112,0,0,0,112
01/11/2011,LEX,KY,ASO,CE,Combined TRACON& Tower with Radar,2,57,26,2,87,0,0,0,0,0,2,57,26,2,87,0,0,0,87
01/12/2011,LEX,KY,ASO,CE,Combined TRACON& Tower with Radar,2,72,33,0,107,0,0,2,2,4,2,72,35,2,111,0,0,0,111
01/13/2011,LEX,KY,ASO,CE,Combined TRACON& Tower with Radar,7,81,44,23,155,0,0,7,1,8,7,81,51,24,163,0,0,0,163
01/14/2011,LEX,KY,ASO,CE,Combined TRACON& Tower with Radar,6,81,47,6,140,0,4,38,2,44,6,85,85,8,184,42,0,42,226
01/15/2011,LEX,KY,ASO,CE,Combined TRACON& Tower with Radar,3,66,40,0,109,0,2,32,0,34,3,68,72,0,143,0,0,0,143
01/16/2011,LEX,KY,ASO,CE,Combined TRACON& Tower with Radar,8,77,25,0,110,0,0,11,0,11,8,77,36,0,121,0,0,0,121
01/17/2011,LEX,KY,ASO,CE,Combined TRACON& Tower with Radar,6,71,28,0,105,0,3,12,0,15,6,74,40,0,120,12,0,12,132
01/18/2011,LEX,KY,ASO,CE,Combined TRACON& Tower with Radar,2,80,34,0,116,0,0,0,0,0,2,80,34,0,116,0,0,0,116
01/19/2011,LEX,KY,ASO,CE,Combined TRACON& Tower with Radar,4,84,28,0,116,0,0,2,2,4,4,84,30,2,120,0,0,0,120
01/20/2011,LEX,KY,ASO,CE,Combined TRACON& Tower with Radar,6,75,20,1,102,0,0,0,0,0,6,75,20,1,102,0,0,0,102
01/21/2011,LEX,KY,ASO,CE,Combined TRACON& Tower with Radar,8,79,27,4,118,0,0,33,5,38,8,79,60,9,156,26,0,26,182
01/22/2011,LEX,KY,ASO,CE,Combined TRACON& Tower with Radar,4,61,23,0,88,0,1,37,0,38,4,62,60,0,126,0,0,0,126
01/23/2011,LEX,KY,ASO,CE,Combined TRACON& Tower with Radar,8,75,25,0,108,0,0,22,0,22,8,75,47,0,130,13,0,13,143
01/24/2011,LEX,KY,ASO,CE,Combined TRACON& Tower with Radar,5,78,39,4,126,0,1,20,0,21,5,79,59,4,147,0,0,0,147
01/25/2011,LEX,KY,ASO,CE,Combined TRACON& Tower with Radar,2,74,36,2,114,0,0,2,0,2,2,74,38,2,116,0,0,0,116
01/26/2011,LEX,KY,ASO,CE,Combined TRACON& Tower with Radar,2,82,34,0,118,0,0,1,0,1,2,82,35,0,119,0,0,0,119
01/27/2011,LEX,KY,ASO,CE,Combined TRACON& Tower with Radar,6,79,31,4,120,0,2,7,2,11,6,81,38,6,131,0,0,0,131
01/28/2011,LEX,KY,ASO,CE,Combined TRACON& Tower with Radar,4,79,24,4,111,0,1,14,0,15,4,80,38,4,126,22,0,22,148
01/29/2011,LEX,KY,ASO,CE,Combined TRACON& Tower with Radar,2,65,39,0,106,0,1,73,0,74,2,66,112,0,180,22,0,22,202
01/30/2011,LEX,KY,ASO,CE,Combined TRACON& Tower with Radar,6,78,27,2,113,0,1,59,0,60,6,79,86,2,173,0,2,2,175
01/31/2011,LEX,KY,ASO,CE,Combined TRACON& Tower with Radar,6,84,34,6,130,0,0,0,3,3,6,84,34,9,133,0,0,0,133
02/01/2011,LEX,KY,ASO,CE,Combined TRACON& Tower with Radar,4,69,24,0,97,0,0,2,0,2,4,69,26,0,99,0,0,0,99
02/02/2011,LEX,KY,ASO,CE,Combined TRACON& Tower with Radar,3,64,30,0,97,0,0,0,3,3,3,64,30,3,100,0,0,0,100
02/03/2011,LEX,KY,ASO,CE,Combined TRACON& Tower with Radar,6,75,31,1,113,0,0,33,1,34,6,75,64,2,147,44,0,44,191
02/04/2011,LEX,KY,ASO,CE,Combined TRACON& Tower with Radar,8,77,46,3,134,0,0,44,1,45,8,77,90,4,179,12,0,12,191
02/05/2011,LEX,KY,ASO,CE,Combined TRACON& Tower with Radar,2,55,7,2,66,0,0,3,0,3,2,55,10,2,69,0,0,0,69
02/06/2011,LEX,KY,ASO,CE,Combined TRACON& Tower with Radar,8,69,25,0,102,0,0,46,0,46,8,69,71,0,148,28,0,28,176
02/07/2011,LEX,KY,ASO,CE,Combined TRACON& Tower with Radar,5,79,28,0,112,0,0,2,0,2,5,79,30,0,114,0,0,0,114
02/08/2011,LEX,KY,ASO,CE,Combined TRACON& Tower with Radar,2,81,41,3,127,0,1,16,3,20,2,82,57,6,147,0,0,0,147
02/09/2011,LEX,KY,ASO,CE,Combined TRACON& Tower with Radar,2,82,46,0,130,0,0,32,0,32,2,82,78,0,162,0,0,0,162
02/10/2011,LEX,KY,ASO,CE,Combined TRACON& Tower with Radar,6,83,42,17,148,0,2,41,1,44,6,85,83,18,192,16,20,36,228
02/11/2011,LEX,KY,ASO,CE,Combined TRACON& Tower with Radar,4,82,33,0,119,0,4,40,0,44,4,86,73,0,163,12,0,12,175
02/12/2011,LEX,KY,ASO,CE,Combined TRACON& Tower with Radar,2,64,30,0,96,0,2,56,0,58,2,66,86,0,154,36,0,36,190
02/13/2011,LEX,KY,ASO,CE,Combined TRACON& Tower with Radar,7,75,22,0,104,0,2,27,0,29,7,77,49,0,133,2,0,2,135
02/14/2011,LEX,KY,ASO,CE,Combined TRACON& Tower with Radar,4,81,30,0,115,0,1,13,0,14,4,82,43,0,129,8,0,8,137
02/15/2011,LEX,KY,ASO,CE,Combined TRACON& Tower with Radar,2,89,48,5,144,0,0,47,1,48,2,89,95,6,192,10,0,10,202
02/16/2011,LEX,KY,ASO,CE,Combined TRACON& Tower with Radar,2,87,47,2,138,0,3,46,2,51,2,90,93,4,189,28,0,28,217
02/17/2011,LEX,KY,ASO,CE,Combined TRACON& Tower with Radar,8,88,44,0,140,0,0,20,0,20,8,88,64,0,160,0,0,0,160
02/18/2011,LEX,KY,ASO,CE,Combined TRACON& Tower with Radar,4,86,63,2,155,0,4,33,0,37,4,90,96,2,192,17,0,17,209
02/19/2011,LEX,KY,ASO,CE,Combined TRACON& Tower with Radar,2,61,35,0,98,0,2,73,0,75,2,63,108,0,173,14,0,14,187
02/20/2011,LEX,KY,ASO,CE,Combined TRACON& Tower with Radar,6,62,33,0,101,0,0,33,0,33,6,62,66,0,134,4,0,4,138
02/21/2011,LEX,KY,ASO,CE,Combined TRACON& Tower with Radar,4,64,29,2,99,0,0,6,0,6,4,64,35,2,105,10,0,10,115
02/22/2011,LEX,KY,ASO,CE,Combined TRACON& Tower with Radar,5,73,42,2,122,0,0,3,0,3,5,73,45,2,125,0,0,0,125
02/23/2011,LEX,KY,ASO,CE,Combined TRACON& Tower with Radar,2,91,81,7,181,0,0,61,5,66,2,91,142,12,247,30,0,30,277
02/24/2011,LEX,KY,ASO,CE,Combined TRACON& Tower with Radar,9,86,39,0,134,0,1,0,0,1,9,87,39,0,135,0,0,0,135
02/25/2011,LEX,KY,ASO,CE,Combined TRACON& Tower with Radar,5,88,38,0,131,0,2,20,0,22,5,90,58,0,153,4,0,4,157
02/26/2011,LEX,KY,ASO,CE,Combined TRACON& Tower with Radar,2,75,45,0,122,0,2,52,0,54,2,77,97,0,176,32,0,32,208
02/27/2011,LEX,KY,ASO,CE,Combined TRACON& Tower with Radar,8,74,34,6,122,0,1,5,0,6,8,75,39,6,128,30,0,30,158
02/28/2011,LEX,KY,ASO,CE,Combined TRACON& Tower with Radar,5,72,30,4,111,0,0,1,0,1,5,72,31,4,112,0,0,0,112
03/01/2011,LEX,KY,ASO,CE,Combined TRACON& Tower with Radar,3,86,53,0,142,0,2,43,2,47,3,88,96,2,189,4,0,4,193
03/02/2011,LEX,KY,ASO,CE,Combined TRACON& Tower with Radar,2,89,74,4,169,0,1,58,2,61,2,90,132,6,230,26,10,36,266
03/03/2011,LEX,KY,ASO,CE,Combined TRACON& Tower with Radar,8,92,53,4,157,0,0,62,0,62,8,92,115,4,219,17,0,17,236
03/04/2011,LEX,KY,ASO,CE,Combined TRACON& Tower with Radar,5,83,36,2,126,0,1,22,1,24,5,84,58,3,150,22,0,22,172
03/05/2011,LEX,KY,ASO,CE,Combined TRACON& Tower with Radar,3,57,19,0,79,0,0,1,0,1,3,57,20,0,80,0,0,0,80
03/06/2011,LEX,KY,ASO,CE,Combined TRACON& Tower with Radar,7,65,24,0,96,0,0,1,0,1,7,65,25,0,97,10,0,10,107
03/07/2011,LEX,KY,ASO,CE,Combined TRACON& Tower with Radar,4,85,43,2,134,0,0,37,0,37,4,85,80,2,171,47,0,47,218
03/08/2011,LEX,KY,ASO,CE,Combined TRACON& Tower with Radar,2,81,52,1,136,0,2,41,1,44,2,83,93,2,180,22,0,22,202
03/09/2011,LEX,KY,ASO,CE,Combined TRACON& Tower with Radar,5,77,39,2,123,0,1,5,0,6,5,78,44,2,129,0,0,0,129
03/10/2011,LEX,KY,ASO,CE,Combined TRACON& Tower with Radar,6,80,39,0,125,0,0,1,0,1,6,80,40,0,126,0,0,0,126
03/11/2011,LEX,KY,ASO,CE,Combined TRACON& Tower with Radar,4,81,41,2,128,0,4,39,2,45,4,85,80,4,173,14,0,14,187
03/12/2011,LEX,KY,ASO,CE,Combined TRACON& Tower with Radar,3,61,18,0,82,0,4,32,3,39,3,65,50,3,121,22,4,26,147
03/13/2011,LEX,KY,ASO,CE,Combined TRACON& Tower with Radar,10,68,32,0,110,0,3,63,0,66,10,71,95,0,176,10,0,10,186
03/14/2011,LEX,KY,ASO,CE,Combined TRACON& Tower with Radar,5,87,52,4,148,0,0,5,0,5,5,87,57,4,153,2,0,2,155
03/15/2011,LEX,KY,ASO,CE,Combined TRACON& Tower with Radar,8,83,31,2,124,0,0,12,0,12,8,83,43,2,136,0,0,0,136
03/16/2011,LEX,KY,ASO,CE,Combined TRACON& Tower with Radar,4,82,53,10,149,0,1,35,0,36,4,83,88,10,185,16,0,16,201
03/17/2011,LEX,KY,ASO,CE,Combined TRACON& Tower with Radar,8,84,58,9,159,0,5,76,3,84,8,89,134,12,243,0,0,0,243
03/18/2011,LEX,KY,ASO,CE,Combined TRACON& Tower with Radar,5,81,50,1,137,0,2,44,1,47,5,83,94,2,184,60,0,60,244
03/19/2011,LEX,KY,ASO,CE,Combined TRACON& Tower with Radar,5,57,26,0,88,0,0,59,0,59,5,57,85,0,147,21,0,21,168
03/20/2011,LEX,KY,ASO,CE,Combined TRACON& Tower with Radar,9,67,36,2,114,0,1,47,0,48,9,68,83,2,162,0,0,0,162
03/21/2011,LEX,KY,ASO,CE,Combined TRACON& Tower with Radar,5,87,42,2,136,0,1,27,0,28,5,88,69,2,164,28,0,28,192
03/22/2011,LEX,KY,ASO,CE,Combined TRACON& Tower with Radar,6,82,47,2,137,0,0,33,2,35,6,82,80,4,172,14,0,14,186
03/23/2011,LEX,KY,ASO,CE,Combined TRACON& Tower with Radar,6,90,40,0,136,0,0,13,0,13,6,90,53,0,149,0,0,0,149
03/24/2011,LEX,KY,ASO,CE,Combined TRACON& Tower with Radar,10,88,58,2,158,0,1,6,0,7,10,89,64,2,165,0,0,0,165
03/25/2011,LEX,KY,ASO,CE,Combined TRACON& Tower with Radar,4,88,30,1,123,0,0,39,0,39,4,88,69,1,162,64,0,64,226
03/26/2011,LEX,KY,ASO,CE,Combined TRACON& Tower with Radar,3,55,30,1,89,0,2,17,0,19,3,57,47,1,108,0,0,0,108
03/27/2011,LEX,KY,ASO,CE,Combined TRACON& Tower with Radar,9,83,46,0,138,0,0,26,0,26,9,83,72,0,164,0,0,0,164
03/28/2011,LEX,KY,ASO,CE,Combined TRACON& Tower with Radar,7,92,42,6,147,0,1,41,2,44,7,93,83,8,191,26,10,36,227
03/29/2011,LEX,KY,ASO,CE,Combined TRACON& Tower with Radar,2,88,58,1,149,0,2,37,2,41,2,90,95,3,190,30,0,30,220
03/30/2011,LEX,KY,ASO,CE,Combined TRACON& Tower with Radar,6,91,35,10,142,0,2,2,0,4,6,93,37,10,146,0,0,0,146
03/31/2011,LEX,KY,ASO,CE,Combined TRACON& Tower with Radar,7,85,38,12,142,0,0,30,0,30,7,85,68,12,172,52,0,52,224
04/01/2011,LEX,KY,ASO,CE,Combined TRACON& Tower with Radar,17,97,56,3,173,0,4,36,2,42,17,101,92,5,215,0,0,0,215
04/02/2011,LEX,KY,ASO,CE,Combined TRACON& Tower with Radar,3,61,28,1,93,0,0,33,0,33,3,61,61,1,126,2,0,2,128
04/03/2011,LEX,KY,ASO,CE,Combined TRACON& Tower with Radar,13,74,37,0,124,0,5,21,1,27,13,79,58,1,151,0,0,0,151
04/04/2011,LEX,KY,ASO,CE,Combined TRACON& Tower with Radar,10,92,23,0,125,0,1,5,0,6,10,93,28,0,131,0,0,0,131
04/05/2011,LEX,KY,ASO,CE,Combined TRACON& Tower with Radar,13,79,41,5,138,0,1,35,6,42,13,80,76,11,180,26,0,26,206
04/06/2011,LEX,KY,ASO,CE,Combined TRACON& Tower with Radar,9,86,40,4,139,0,0,31,3,34,9,86,71,7,173,0,0,0,173
04/07/2011,LEX,KY,ASO,CE,Combined TRACON& Tower with Radar,10,87,58,2,157,0,5,68,1,74,10,92,126,3,231,36,0,36,267
04/08/2011,LEX,KY,ASO,CE,Combined TRACON& Tower with Radar,5,91,66,8,170,0,3,22,2,27,5,94,88,10,197,6,9,15,212
04/09/2011,LEX,KY,ASO,CE,Combined TRACON& Tower with Radar,3,72,55,0,130,0,3,24,0,27,3,75,79,0,157,0,0,0,157
04/10/2011,LEX,KY,ASO,CE,Combined TRACON& Tower with Radar,10,87,57,2,156,0,6,49,0,55,10,93,106,2,211,2,0,2,213
04/11/2011,LEX,KY,ASO,CE,Combined TRACON& Tower with Radar,6,89,45,0,140,0,1,3,0,4,6,90,48,0,144,0,0,0,144
04/12/2011,LEX,KY,ASO,CE,Combined TRACON& Tower with Radar,9,88,29,6,132,0,1,16,6,23,9,89,45,12,155,0,0,0,155
04/13/2011,LEX,KY,ASO,CE,Combined TRACON& Tower with Radar,5,95,58,2,160,0,0,69,4,73,5,95,127,6,233,30,0,30,263
04/14/2011,LEX,KY,ASO,CE,Combined TRACON& Tower with Radar,8,105,76,7,196,0,0,73,3,76,8,105,149,10,272,38,0,38,310
04/15/2011,LEX,KY,ASO,CE,Combined TRACON& Tower with Radar,10,87,43,0,140,0,0,12,0,12,10,87,55,0,152,0,0,0,152
04/16/2011,LEX,KY,ASO,CE,Combined TRACON& Tower with Radar,3,83,44,0,130,0,0,6,0,6,3,83,50,0,136,0,0,0,136
04/17/2011,LEX,KY,ASO,CE,Combined TRACON& Tower with Radar,9,90,57,0,156,0,1,52,2,55,9,91,109,2,211,16,0,16,227
04/18/2011,LEX,KY,ASO,CE,Combined TRACON& Tower with Radar,8,86,45,1,140,0,0,44,1,45,8,86,89,2,185,6,0,6,191
04/19/2011,LEX,KY,ASO,CE,Combined TRACON& Tower with Radar,5,73,55,0,133,0,0,15,0,15,5,73,70,0,148,0,0,0,148
04/20/2011,LEX,KY,ASO,CE,Combined TRACON& Tower with Radar,5,91,67,0,163,0,0,13,0,13,5,91,80,0,176,10,0,10,186
04/21/2011,LEX,KY,ASO,CE,Combined TRACON& Tower with Radar,8,89,79,0,176,0,1,77,0,78,8,90,156,0,254,32,0,32,286
04/22/2011,LEX,KY,ASO,CE,Combined TRACON& Tower with Radar,4,82,50,0,136,0,2,12,0,14,4,84,62,0,150,34,0,34,184
04/23/2011,LEX,KY,ASO,CE,Combined TRACON& Tower with Radar,6,64,28,0,98,0,0,7,0,7,6,64,35,0,105,0,0,0,105
04/24/2011,LEX,KY,ASO,CE,Combined TRACON& Tower with Radar,9,69,23,0,101,0,0,3,0,3,9,69,26,0,104,0,0,0,104
04/25/2011,LEX,KY,ASO,CE,Combined TRACON& Tower with Radar,7,76,33,0,116,0,0,21,0,21,7,76,54,0,137,17,0,17,154
04/26/2011,LEX,KY,ASO,CE,Combined TRACON& Tower with Radar,7,83,45,0,135,0,0,8,0,8,7,83,53,0,143,8,0,8,151
04/27/2011,LEX,KY,ASO,CE,Combined TRACON& Tower with Radar,2,90,32,0,124,0,0,3,0,3,2,90,35,0,127,0,0,0,127
04/28/2011,LEX,KY,ASO,CE,Combined TRACON& Tower with Radar,12,99,70,0,181,0,1,37,0,38,12,100,107,0,219,42,0,42,261
04/29/2011,LEX,KY,ASO,CE,Combined TRACON& Tower with Radar,6,90,82,7,185,0,0,78,0,78,6,90,160,7,263,54,0,54,317
04/30/2011,LEX,KY,ASO,CE,Combined TRACON& Tower with Radar,7,62,45,0,114,0,3,94,0,97,7,65,139,0,211,45,24,69,280
05/01/2011,LEX,KY,ASO,CE,Combined TRACON& Tower with Radar,13,79,47,0,139,0,0,10,0,10,13,79,57,0,149,0,0,0,149
05/02/2011,LEX,KY,ASO,CE,Combined TRACON& Tower with Radar,8,89,37,1,135,0,0,10,1,11,8,89,47,2,146,18,0,18,164
05/03/2011,LEX,KY,ASO,CE,Combined TRACON& Tower with Radar,5,91,56,0,152,0,0,2,0,2,5,91,58,0,154,0,0,0,154
05/04/2011,LEX,KY,ASO,CE,Combined TRACON& Tower with Radar,7,100,62,4,173,0,0,18,2,20,7,100,80,6,193,42,0,42,235
05/05/2011,LEX,KY,ASO,CE,Combined TRACON& Tower with Radar,10,111,90,6,217,0,0,77,2,79,10,111,167,8,296,40,0,40,336
05/06/2011,LEX,KY,ASO,CE,Combined TRACON& Tower with Radar,10,92,78,0,180,0,2,46,1,49,10,94,124,1,229,28,0,28,257
05/07/2011,LEX,KY,ASO,CE,Combined TRACON& Tower with Radar,7,65,39,0,111,0,1,34,0,35,7,66,73,0,146,12,0,12,158
05/08/2011,LEX,KY,ASO,CE,Combined TRACON& Tower with Radar,13,96,77,0,186,0,1,35,0,36,13,97,112,0,222,0,0,0,222
05/09/2011,LEX,KY,ASO,CE,Combined TRACON& Tower with Radar,6,99,49,0,154,0,0,53,0,53,6,99,102,0,207,34,0,34,241
05/10/2011,LEX,KY,ASO,CE,Combined TRACON& Tower with Radar,4,95,42,2,143,0,4,25,2,31,4,99,67,4,174,0,0,0,174
05/11/2011,LEX,KY,ASO,CE,Combined TRACON& Tower with Radar,9,95,54,9,167,0,0,62,3,65,9,95,116,12,232,46,0,46,278
05/12/2011,LEX,KY,ASO,CE,Combined TRACON& Tower with Radar,7,94,54,3,158,0,0,56,1,57,7,94,110,4,215,12,0,12,227
05/13/2011,LEX,KY,ASO,CE,Combined TRACON& Tower with Radar,10,91,40,10,151,0,0,31,2,33,10,91,71,12,184,0,16,16,200
05/14/2011,LEX,KY,ASO,CE,Combined TRACON& Tower with Radar,6,59,21,6,92,0,0,4,0,4,6,59,25,6,96,8,0,8,104
05/15/2011,LEX,KY,ASO,CE,Combined TRACON& Tower with Radar,10,87,60,0,157,0,0,1,0,1,10,87,61,0,158,0,0,0,158
05/16/2011,LEX,KY,ASO,CE,Combined TRACON& Tower with Radar,9,83,58,2,152,0,0,21,0,21,9,83,79,2,173,0,0,0,173
05/17/2011,LEX,KY,ASO,CE,Combined TRACON& Tower with Radar,4,89,80,2,175,0,4,3,4,11,4,93,83,6,186,0,0,0,186
05/18/2011,LEX,KY,ASO,CE,Combined TRACON& Tower with Radar,7,91,70,2,170,0,1,6,0,7,7,92,76,2,177,6,0,6,183
05/19/2011,LEX,KY,ASO,CE,Combined TRACON& Tower with Radar,11,97,83,2,193,0,0,35,0,35,11,97,118,2,228,32,0,32,260
05/20/2011,LEX,KY,ASO,CE,Combined TRACON& Tower with Radar,10,92,66,2,170,0,2,48,2,52,10,94,114,4,222,8,0,8,230
05/21/2011,LEX,KY,ASO,CE,Combined TRACON& Tower with Radar,6,72,33,0,111,0,0,88,2,90,6,72,121,2,201,6,0,6,207
05/22/2011,LEX,KY,ASO,CE,Combined TRACON& Tower with Radar,9,73,41,3,126,0,7,40,0,47,9,80,81,3,173,18,0,18,191
05/23/2011,LEX,KY,ASO,CE,Combined TRACON& Tower with Radar,13,83,35,0,131,0,0,12,0,12,13,83,47,0,143,20,0,20,163
05/24/2011,LEX,KY,ASO,CE,Combined TRACON& Tower with Radar,6,85,29,4,124,0,5,20,0,25,6,90,49,4,149,32,4,36,185
05/25/2011,LEX,KY,ASO,CE,Combined TRACON& Tower with Radar,6,81,63,0,150,0,0,34,5,39,6,81,97,5,189,2,0,2,191
05/26/2011,LEX,KY,ASO,CE,Combined TRACON& Tower with Radar,12,87,50,8,157,0,0,22,2,24,12,87,72,10,181,0,0,0,181
05/27/2011,LEX,KY,ASO,CE,Combined TRACON& Tower with Radar,10,85,68,2,165,0,1,29,0,30,10,86,97,2,195,19,0,19,214
05/28/2011,LEX,KY,ASO,CE,Combined TRACON& Tower with Radar,9,68,30,0,107,0,0,117,0,117,9,68,147,0,224,42,0,42,266
05/29/2011,LEX,KY,ASO,CE,Combined TRACON& Tower with Radar,14,46,27,0,87,0,0,34,0,34,14,46,61,0,121,4,0,4,125
05/30/2011,LEX,KY,ASO,CE,Combined TRACON& Tower with Radar,10,77,35,0,122,0,0,80,0,80,10,77,115,0,202,28,0,28,230
05/31/2011,LEX,KY,ASO,CE,Combined TRACON& Tower with Radar,10,87,39,2,138,0,1,64,6,71,10,88,103,8,209,0,0,0,209
06/01/2011,LEX,KY,ASO,CE,Combined TRACON& Tower with Radar,4,89,44,2,139,0,0,24,0,24,4,89,68,2,163,5,0,5,168
06/02/2011,LEX,KY,ASO,CE,Combined TRACON& Tower with Radar,11,93,49,3,156,0,1,48,3,52,11,94,97,6,208,0,0,0,208
06/03/2011,LEX,KY,ASO,CE,Combined TRACON& Tower with Radar,9,89,59,0,157,0,0,62,0,62,9,89,121,0,219,32,0,32,251
06/04/2011,LEX,KY,ASO,CE,Combined TRACON& Tower with Radar,7,63,29,0,99,0,0,53,0,53,7,63,82,0,152,91,0,91,243
06/05/2011,LEX,KY,ASO,CE,Combined TRACON& Tower with Radar,11,66,32,0,109,0,2,40,2,44,11,68,72,2,153,52,0,52,205
06/06/2011,LEX,KY,ASO,CE,Combined TRACON& Tower with Radar,9,86,56,0,151,0,0,59,0,59,9,86,115,0,210,12,0,12,222
06/07/2011,LEX,KY,ASO,CE,Combined TRACON& Tower with Radar,6,84,42,16,148,0,0,85,0,85,6,84,127,16,233,35,20,55,288
06/08/2011,LEX,KY,ASO,CE,Combined TRACON& Tower with Radar,10,88,61,10,169,0,1,43,0,44,10,89,104,10,213,7,8,15,228
06/09/2011,LEX,KY,ASO,CE,Combined TRACON& Tower with Radar,11,71,69,0,151,0,0,53,3,56,11,71,122,3,207,30,0,30,237
06/10/2011,LEX,KY,ASO,CE,Combined TRACON& Tower with Radar,8,92,54,2,156,0,4,53,0,57,8,96,107,2,213,10,0,10,223
06/11/2011,LEX,KY,ASO,CE,Combined TRACON& Tower with Radar,6,66,26,2,100,0,0,38,2,40,6,66,64,4,140,6,0,6,146
06/12/2011,LEX,KY,ASO,CE,Combined TRACON& Tower with Radar,9,70,47,2,128,0,1,36,0,37,9,71,83,2,165,16,0,16,181
06/13/2011,LEX,KY,ASO,CE,Combined TRACON& Tower with Radar,9,91,51,3,154,0,0,78,1,79,9,91,129,4,233,12,0,12,245
06/14/2011,LEX,KY,ASO,CE,Combined TRACON& Tower with Radar,11,87,41,1,140,0,0,63,3,66,11,87,104,4,206,32,0,32,238
06/15/2011,LEX,KY,ASO,CE,Combined TRACON& Tower with Radar,7,94,23,2,126,0,1,11,0,12,7,95,34,2,138,0,0,0,138
06/16/2011,LEX,KY,ASO,CE,Combined TRACON& Tower with Radar,14,90,69,10,183,0,1,75,0,76,14,91,144,10,259,40,0,40,299
06/17/2011,LEX,KY,ASO,CE,Combined TRACON& Tower with Radar,16,86,51,2,155,0,1,56,2,59,16,87,107,4,214,16,0,16,230
06/18/2011,LEX,KY,ASO,CE,Combined TRACON& Tower with Radar,8,56,25,0,89,0,4,16,0,20,8,60,41,0,109,10,0,10,119
06/19/2011,LEX,KY,ASO,CE,Combined TRACON& Tower with Radar,12,64,31,0,107,0,0,8,0,8,12,64,39,0,115,0,0,0,115
06/20/2011,LEX,KY,ASO,CE,Combined TRACON& Tower with Radar,10,89,30,0,129,0,2,30,1,33,10,91,60,1,162,4,0,4,166
06/21/2011,LEX,KY,ASO,CE,Combined TRACON& Tower with Radar,15,85,37,2,139,0,1,60,2,63,15,86,97,4,202,18,0,18,220
06/22/2011,LEX,KY,ASO,CE,Combined TRACON& Tower with Radar,15,73,48,2,138,0,0,17,1,18,15,73,65,3,156,35,0,35,191
06/23/2011,LEX,KY,ASO,CE,Combined TRACON& Tower with Radar,12,104,49,4,169,0,3,30,3,36,12,107,79,7,205,2,0,2,207
06/24/2011,LEX,KY,ASO,CE,Combined TRACON& Tower with Radar,16,86,63,4,169,0,0,80,3,83,16,86,143,7,252,12,2,14,266
06/25/2011,LEX,KY,ASO,CE,Combined TRACON& Tower with Radar,14,62,21,0,97,0,1,75,1,77,14,63,96,1,174,55,0,55,229
06/26/2011,LEX,KY,ASO,CE,Combined TRACON& Tower with Radar,10,73,53,1,137,0,0,10,0,10,10,73,63,1,147,30,0,30,177
06/27/2011,LEX,KY,ASO,CE,Combined TRACON& Tower with Radar,12,79,32,0,123,0,1,21,2,24,12,80,53,2,147,10,0,10,157
06/28/2011,LEX,KY,ASO,CE,Combined TRACON& Tower with Radar,14,100,39,4,157,0,0,54,4,58,14,100,93,8,215,66,0,66,281
06/29/2011,LEX,KY,ASO,CE,Combined TRACON& Tower with Radar,10,93,65,4,172,0,1,87,5,93,10,94,152,9,265,64,0,64,329
06/30/2011,LEX,KY,ASO,CE,Combined TRACON& Tower with Radar,15,90,48,3,156,0,2,81,3,86,15,92,129,6,242,72,0,72,314
07/01/2011,LEX,KY,ASO,CE,Combined TRACON& Tower with Radar,7,77,52,2,138,0,7,62,0,69,7,84,114,2,207,40,0,40,247
07/02/2011,LEX,KY,ASO,CE,Combined TRACON& Tower with Radar,4,46,51,0,101,0,0,55,0,55,4,46,106,0,156,52,0,52,208
07/03/2011,LEX,KY,ASO,CE,Combined TRACON& Tower with Radar,8,54,18,0,80,0,0,19,0,19,8,54,37,0,99,18,0,18,117
07/04/2011,LEX,KY,ASO,CE,Combined TRACON& Tower with Radar,5,57,13,0,75,0,1,14,0,15,5,58,27,0,90,0,0,0,90
07/05/2011,LEX,KY,ASO,CE,Combined TRACON& Tower with Radar,8,73,39,1,121,0,1,34,1,36,8,74,73,2,157,49,0,49,206
07/06/2011,LEX,KY,ASO,CE,Combined TRACON& Tower with Radar,6,77,41,0,124,0,2,56,4,62,6,79,97,4,186,0,0,0,186
07/07/2011,LEX,KY,ASO,CE,Combined TRACON& Tower with Radar,8,77,42,2,129,0,1,43,2,46,8,78,85,4,175,0,0,0,175
07/08/2011,LEX,KY,ASO,CE,Combined TRACON& Tower with Radar,8,76,52,0,136,0,0,9,0,9,8,76,61,0,145,4,0,4,149
07/09/2011,LEX,KY,ASO,CE,Combined TRACON& Tower with Radar,4,59,33,1,97,0,0,46,2,48,4,59,79,3,145,4,0,4,149
07/10/2011,LEX,KY,ASO,CE,Combined TRACON& Tower with Radar,7,70,38,3,118,0,0,65,0,65,7,70,103,3,183,72,0,72,255
07/11/2011,LEX,KY,ASO,CE,Combined TRACON& Tower with Radar,7,84,42,1,134,28,1,39,2,70,35,85,81,3,204,10,0,10,214
07/12/2011,LEX,KY,ASO,CE,Combined TRACON& Tower with Radar,6,81,44,0,131,0,0,17,2,19,6,81,61,2,150,20,0,20,170
07/13/2011,LEX,KY,ASO,CE,Combined TRACON& Tower with Radar,6,89,53,6,154,0,0,52,0,52,6,89,105,6,206,22,0,22,228
07/14/2011,LEX,KY,ASO,CE,Combined TRACON& Tower with Radar,7,86,60,1,154,0,1,47,1,49,7,87,107,2,203,20,0,20,223
07/15/2011,LEX,KY,ASO,CE,Combined TRACON& Tower with Radar,7,86,63,0,156,0,5,66,0,71,7,91,129,0,227,10,0,10,237
07/16/2011,LEX,KY,ASO,CE,Combined TRACON& Tower with Radar,4,62,37,0,103,0,1,49,1,51,4,63,86,1,154,52,0,52,206
07/17/2011,LEX,KY,ASO,CE,Combined TRACON& Tower with Radar,8,71,30,2,111,0,0,13,0,13,8,71,43,2,124,0,0,0,124
07/18/2011,LEX,KY,ASO,CE,Combined TRACON& Tower with Radar,6,81,44,0,131,0,0,30,2,32,6,81,74,2,163,46,0,46,209
07/19/2011,LEX,KY,ASO,CE,Combined TRACON& Tower with Radar,5,75,41,0,121,0,0,19,2,21,5,75,60,2,142,62,0,62,204
07/20/2011,LEX,KY,ASO,CE,Combined TRACON& Tower with Radar,6,88,72,1,167,0,4,58,1,63,6,92,130,2,230,11,0,11,241
07/21/2011,LEX,KY,ASO,CE,Combined TRACON& Tower with Radar,13,86,42,0,141,0,2,36,0,38,13,88,78,0,179,0,0,0,179
07/22/2011,LEX,KY,ASO,CE,Combined TRACON& Tower with Radar,5,74,53,1,133,0,0,34,1,35,5,74,87,2,168,5,10,15,183
07/23/2011,LEX,KY,ASO,CE,Combined TRACON& Tower with Radar,5,47,33,0,85,0,0,55,0,55,5,47,88,0,140,26,0,26,166
07/24/2011,LEX,KY,ASO,CE,Combined TRACON& Tower with Radar,10,71,42,2,125,0,0,34,0,34,10,71,76,2,159,0,0,0,159
07/25/2011,LEX,KY,ASO,CE,Combined TRACON& Tower with Radar,6,84,46,3,139,0,0,16,3,19,6,84,62,6,158,28,4,32,190
07/26/2011,LEX,KY,ASO,CE,Combined TRACON& Tower with Radar,7,86,50,2,145,0,2,50,3,55,7,88,100,5,200,0,0,0,200
07/27/2011,LEX,KY,ASO,CE,Combined TRACON& Tower with Radar,6,84,63,1,154,0,1,37,2,40,6,85,100,3,194,6,0,6,200
07/28/2011,LEX,KY,ASO,CE,Combined TRACON& Tower with Radar,10,91,62,0,163,0,2,45,2,49,10,93,107,2,212,28,0,28,240
07/29/2011,LEX,KY,ASO,CE,Combined TRACON& Tower with Radar,6,77,52,1,136,0,0,39,5,44,6,77,91,6,180,2,0,2,182
07/30/2011,LEX,KY,ASO,CE,Combined TRACON& Tower with Radar,4,58,31,0,93,0,1,35,0,36,4,59,66,0,129,18,0,18,147
07/31/2011,LEX,KY,ASO,CE,Combined TRACON& Tower with Radar,10,79,62,0,151,0,1,36,0,37,10,80,98,0,188,31,0,31,219
08/01/2011,LEX,KY,ASO,CE,Combined TRACON& Tower with Radar,7,78,43,0,128,0,0,58,0,58,7,78,101,0,186,20,0,20,206
08/02/2011,LEX,KY,ASO,CE,Combined TRACON& Tower with Radar,8,74,55,4,141,0,3,47,8,58,8,77,102,12,199,6,0,6,205
08/03/2011,LEX,KY,ASO,CE,Combined TRACON& Tower with Radar,7,86,29,5,127,0,1,20,2,23,7,87,49,7,150,0,0,0,150
08/04/2011,LEX,KY,ASO,CE,Combined TRACON& Tower with Radar,15,83,81,2,181,0,0,59,2,61,15,83,140,4,242,10,0,10,252
08/05/2011,LEX,KY,ASO,CE,Combined TRACON& Tower with Radar,11,90,56,6,163,0,3,62,0,65,11,93,118,6,228,50,0,50,278
08/06/2011,LEX,KY,ASO,CE,Combined TRACON& Tower with Radar,6,61,22,0,89,0,1,45,0,46,6,62,67,0,135,12,0,12,147
08/07/2011,LEX,KY,ASO,CE,Combined TRACON& Tower with Radar,9,63,41,0,113,0,1,39,0,40,9,64,80,0,153,18,0,18,171
08/08/2011,LEX,KY,ASO,CE,Combined TRACON& Tower with Radar,6,74,24,0,104,0,0,27,0,27,6,74,51,0,131,0,0,0,131
08/09/2011,LEX,KY,ASO,CE,Combined TRACON& Tower with Radar,10,77,48,2,137,0,1,40,0,41,10,78,88,2,178,33,0,33,211
08/10/2011,LEX,KY,ASO,CE,Combined TRACON& Tower with Radar,6,79,53,1,139,0,3,53,1,57,6,82,106,2,196,8,0,8,204
08/11/2011,LEX,KY,ASO,CE,Combined TRACON& Tower with Radar,11,70,54,2,137,0,1,60,4,65,11,71,114,6,202,16,0,16,218
08/12/2011,LEX,KY,ASO,CE,Combined TRACON& Tower with Radar,12,78,53,16,159,0,0,61,1,62,12,78,114,17,221,40,0,40,261
08/13/2011,LEX,KY,ASO,CE,Combined TRACON& Tower with Radar,5,57,20,0,82,0,2,39,0,41,5,59,59,0,123,24,0,24,147
08/14/2011,LEX,KY,ASO,CE,Combined TRACON& Tower with Radar,8,68,53,0,129,0,2,22,0,24,8,70,75,0,153,24,0,24,177
08/15/2011,LEX,KY,ASO,CE,Combined TRACON& Tower with Radar,13,78,33,0,124,0,0,25,0,25,13,78,58,0,149,18,0,18,167
08/16/2011,LEX,KY,ASO,CE,Combined TRACON& Tower with Radar,4,83,32,0,119,0,0,48,0,48,4,83,80,0,167,38,0,38,205
08/17/2011,LEX,KY,ASO,CE,Combined TRACON& Tower with Radar,4,83,62,6,155,0,0,89,2,91,4,83,151,8,246,14,12,26,272
08/18/2011,LEX,KY,ASO,CE,Combined TRACON& Tower with Radar,8,82,52,2,144,0,2,45,6,53,8,84,97,8,197,22,0,22,219
08/19/2011,LEX,KY,ASO,CE,Combined TRACON& Tower with Radar,7,81,57,0,145,0,0,45,1,46,7,81,102,1,191,0,0,0,191
08/20/2011,LEX,KY,ASO,CE,Combined TRACON& Tower with Radar,4,63,29,0,96,0,1,49,0,50,4,64,78,0,146,71,0,71,217
08/21/2011,LEX,KY,ASO,CE,Combined TRACON& Tower with Radar,9,79,41,0,129,0,2,47,2,51,9,81,88,2,180,14,0,14,194
08/22/2011,LEX,KY,ASO,CE,Combined TRACON& Tower with Radar,6,85,55,0,146,0,1,79,0,80,6,86,134,0,226,24,0,24,250
08/23/2011,LEX,KY,ASO,CE,Combined TRACON& Tower with Radar,4,77,54,5,140,0,1,66,1,68,4,78,120,6,208,8,0,8,216
08/24/2011,LEX,KY,ASO,CE,Combined TRACON& Tower with Radar,2,87,38,2,129,0,2,40,0,42,2,89,78,2,171,20,0,20,191
08/25/2011,LEX,KY,ASO,CE,Combined TRACON& Tower with Radar,10,87,38,3,138,0,1,36,1,38,10,88,74,4,176,38,0,38,214
08/26/2011,LEX,KY,ASO,CE,Combined TRACON& Tower with Radar,8,86,54,4,152,0,7,78,0,85,8,93,132,4,237,1,0,1,238
08/27/2011,LEX,KY,ASO,CE,Combined TRACON& Tower with Radar,4,64,36,6,110,0,2,72,1,75,4,66,108,7,185,0,0,0,185
08/28/2011,LEX,KY,ASO,CE,Combined TRACON& Tower with Radar,8,63,24,3,98,0,2,56,0,58,8,65,80,3,156,33,0,33,189
08/29/2011,LEX,KY,ASO,CE,Combined TRACON& Tower with Radar,6,78,37,11,132,0,3,66,3,72,6,81,103,14,204,22,4,26,230
08/30/2011,LEX,KY,ASO,CE,Combined TRACON& Tower with Radar,2,79,40,0,121,0,0,51,0,51,2,79,91,0,172,6,0,6,178
08/31/2011,LEX,KY,ASO,CE,Combined TRACON& Tower with Radar,4,87,43,0,134,0,1,48,0,49,4,88,91,0,183,5,0,5,188
09/01/2011,LEX,KY,ASO,CE,Combined TRACON& Tower with Radar,10,78,35,2,125,0,0,65,2,67,10,78,100,4,192,0,0,0,192
09/02/2011,LEX,KY,ASO,CE,Combined TRACON& Tower with Radar,8,96,70,6,180,0,0,41,2,43,8,96,111,8,223,18,0,18,241
09/03/2011,LEX,KY,ASO,CE,Combined TRACON& Tower with Radar,8,51,19,0,78,0,2,60,0,62,8,53,79,0,140,8,0,8,148
09/04/2011,LEX,KY,ASO,CE,Combined TRACON& Tower with Radar,12,55,16,0,83,0,1,22,0,23,12,56,38,0,106,16,0,16,122
09/05/2011,LEX,KY,ASO,CE,Combined TRACON& Tower with Radar,6,73,41,0,120,0,0,5,0,5,6,73,46,0,125,0,0,0,125
09/06/2011,LEX,KY,ASO,CE,Combined TRACON& Tower with Radar,4,74,48,0,126,0,0,5,0,5,4,74,53,0,131,0,0,0,131
09/07/2011,LEX,KY,ASO,CE,Combined TRACON& Tower with Radar,6,84,41,6,137,0,0,0,0,0,6,84,41,6,137,0,0,0,137
09/08/2011,LEX,KY,ASO,CE,Combined TRACON& Tower with Radar,9,80,58,1,148,0,1,10,1,12,9,81,68,2,160,0,0,0,160
09/09/2011,LEX,KY,ASO,CE,Combined TRACON& Tower with Radar,11,92,92,3,198,0,4,18,1,23,11,96,110,4,221,14,0,14,235
09/10/2011,LEX,KY,ASO,CE,Combined TRACON& Tower with Radar,6,72,42,0,120,0,3,51,2,56,6,75,93,2,176,57,0,57,233
09/11/2011,LEX,KY,ASO,CE,Combined TRACON& Tower with Radar,15,85,45,1,146,0,2,33,0,35,15,87,78,1,181,18,0,18,199
09/12/2011,LEX,KY,ASO,CE,Combined TRACON& Tower with Radar,9,88,45,3,145,0,2,49,2,53,9,90,94,5,198,0,0,0,198
09/13/2011,LEX,KY,ASO,CE,Combined TRACON& Tower with Radar,3,80,74,2,159,0,2,71,2,75,3,82,145,4,234,14,0,14,248
09/14/2011,LEX,KY,ASO,CE,Combined TRACON& Tower with Radar,8,82,63,7,160,0,3,40,1,44,8,85,103,8,204,9,0,9,213
09/15/2011,LEX,KY,ASO,CE,Combined TRACON& Tower with Radar,12,96,65,3,176,0,0,10,5,15,12,96,75,8,191,0,0,0,191
09/16/2011,LEX,KY,ASO,CE,Combined TRACON& Tower with Radar,8,83,54,0,145,0,0,72,0,72,8,83,126,0,217,8,0,8,225
09/17/2011,LEX,KY,ASO,CE,Combined TRACON& Tower with Radar,2,63,54,0,119,0,1,73,0,74,2,64,127,0,193,38,0,38,231
09/18/2011,LEX,KY,ASO,CE,Combined TRACON& Tower with Radar,8,65,53,0,126,0,0,40,0,40,8,65,93,0,166,46,0,46,212
09/19/2011,LEX,KY,ASO,CE,Combined TRACON& Tower with Radar,9,86,35,6,136,0,0,2,1,3,9,86,37,7,139,0,6,6,145
09/20/2011,LEX,KY,ASO,CE,Combined TRACON& Tower with Radar,5,79,44,2,130,0,2,19,0,21,5,81,63,2,151,12,0,12,163
09/21/2011,LEX,KY,ASO,CE,Combined TRACON& Tower with Radar,6,84,50,0,140,0,0,20,2,22,6,84,70,2,162,12,0,12,174
09/22/2011,LEX,KY,ASO,CE,Combined TRACON& Tower with Radar,10,83,46,4,143,0,0,54,0,54,10,83,100,4,197,40,0,40,237
09/23/2011,LEX,KY,ASO,CE,Combined TRACON& Tower with Radar,10,88,75,8,181,0,0,9,0,9,10,88,84,8,190,0,0,0,190
09/24/2011,LEX,KY,ASO,CE,Combined TRACON& Tower with Radar,2,63,49,4,118,0,0,64,1,65,2,63,113,5,183,86,0,86,269
09/25/2011,LEX,KY,ASO,CE,Combined TRACON& Tower with Radar,12,87,43,0,142,0,1,44,0,45,12,88,87,0,187,26,0,26,213
09/26/2011,LEX,KY,ASO,CE,Combined TRACON& Tower with Radar,9,76,25,0,110,0,1,12,0,13,9,77,37,0,123,0,0,0,123
09/27/2011,LEX,KY,ASO,CE,Combined TRACON& Tower with Radar,2,78,59,4,143,0,1,35,1,37,2,79,94,5,180,12,0,12,192
09/28/2011,LEX,KY,ASO,CE,Combined TRACON& Tower with Radar,9,77,50,2,138,0,2,61,4,67,9,79,111,6,205,12,0,12,217
09/29/2011,LEX,KY,ASO,CE,Combined TRACON& Tower with Radar,10,81,35,2,128,0,1,58,1,60,10,82,93,3,188,31,0,31,219
09/30/2011,LEX,KY,ASO,CE,Combined TRACON& Tower with Radar,10,83,43,0,136,0,2,31,0,33,10,85,74,0,169,0,0,0,169
10/01/2011,LEX,KY,ASO,CE,Combined TRACON& Tower with Radar,6,54,27,0,87,0,0,32,0,32,6,54,59,0,119,0,0,0,119
10/02/2011,LEX,KY,ASO,CE,Combined TRACON& Tower with Radar,8,70,49,6,133,0,1,53,0,54,8,71,102,6,187,0,0,0,187
10/03/2011,LEX,KY,ASO,CE,Combined TRACON& Tower with Radar,8,77,26,9,120,0,1,47,2,50,8,78,73,11,170,28,0,28,198
10/04/2011,LEX,KY,ASO,CE,Combined TRACON& Tower with Radar,6,71,45,2,124,0,0,70,4,74,6,71,115,6,198,86,0,86,284
10/05/2011,LEX,KY,ASO,CE,Combined TRACON& Tower with Radar,7,76,53,6,142,0,0,89,2,91,7,76,142,8,233,86,0,86,319
10/06/2011,LEX,KY,ASO,CE,Combined TRACON& Tower with Radar,8,89,54,19,170,0,0,61,3,64,8,89,115,22,234,12,0,12,246
10/07/2011,LEX,KY,ASO,CE,Combined TRACON& Tower with Radar,9,83,66,2,160,0,0,68,1,69,9,83,134,3,229,54,0,54,283
10/08/2011,LEX,KY,ASO,CE,Combined TRACON& Tower with Radar,5,69,46,0,120,0,2,95,0,97,5,71,141,0,217,28,0,28,245
10/09/2011,LEX,KY,ASO,CE,Combined TRACON& Tower with Radar,9,84,50,0,143,0,1,53,0,54,9,85,103,0,197,14,0,14,211
10/10/2011,LEX,KY,ASO,CE,Combined TRACON& Tower with Radar,9,75,51,0,135,0,3,46,0,49,9,78,97,0,184,22,0,22,206
10/11/2011,LEX,KY,ASO,CE,Combined TRACON& Tower with Radar,8,64,44,1,117,0,1,28,1,30,8,65,72,2,147,16,0,16,163
10/12/2011,LEX,KY,ASO,CE,Combined TRACON& Tower with Radar,4,77,81,12,174,0,1,12,3,16,4,78,93,15,190,12,0,12,202
10/13/2011,LEX,KY,ASO,CE,Combined TRACON& Tower with Radar,8,81,70,0,159,0,0,5,1,6,8,81,75,1,165,0,0,0,165
10/14/2011,LEX,KY,ASO,CE,Combined TRACON& Tower with Radar,8,87,65,14,174,0,0,45,1,46,8,87,110,15,220,0,0,0,220
10/15/2011,LEX,KY,ASO,CE,Combined TRACON& Tower with Radar,2,61,35,0,98,0,2,60,0,62,2,63,95,0,160,4,0,4,164
10/16/2011,LEX,KY,ASO,CE,Combined TRACON& Tower with Radar,10,78,67,1,156,0,5,51,1,57,10,83,118,2,213,3,0,3,216
10/17/2011,LEX,KY,ASO,CE,Combined TRACON& Tower with Radar,8,77,40,3,128,0,1,56,6,63,8,78,96,9,191,13,0,13,204
10/18/2011,LEX,KY,ASO,CE,Combined TRACON& Tower with Radar,6,72,52,3,133,0,0,12,1,13,6,72,64,4,146,24,0,24,170
10/19/2011,LEX,KY,ASO,CE,Combined TRACON& Tower with Radar,4,76,47,0,127,0,0,1,0,1,4,76,48,0,128,0,0,0,128
10/20/2011,LEX,KY,ASO,CE,Combined TRACON& Tower with Radar,7,91,50,0,148,0,0,5,1,6,7,91,55,1,154,0,0,0,154
10/21/2011,LEX,KY,ASO,CE,Combined TRACON& Tower with Radar,6,91,71,2,170,0,1,67,3,71,6,92,138,5,241,0,0,0,241
10/22/2011,LEX,KY,ASO,CE,Combined TRACON& Tower with Radar,2,58,45,0,105,0,4,76,2,82,2,62,121,2,187,14,0,14,201
10/23/2011,LEX,KY,ASO,CE,Combined TRACON& Tower with Radar,9,73,49,0,131,0,2,72,0,74,9,75,121,0,205,12,0,12,217
10/24/2011,LEX,KY,ASO,CE,Combined TRACON& Tower with Radar,7,77,38,0,122,0,1,37,0,38,7,78,75,0,160,0,0,0,160
10/25/2011,LEX,KY,ASO,CE,Combined TRACON& Tower with Radar,2,71,43,6,122,0,0,70,2,72,2,71,113,8,194,22,0,22,216
10/26/2011,LEX,KY,ASO,CE,Combined TRACON& Tower with Radar,6,89,45,0,140,0,0,12,0,12,6,89,57,0,152,23,0,23,175
10/27/2011,LEX,KY,ASO,CE,Combined TRACON& Tower with Radar,8,90,64,0,162,0,0,2,2,4,8,90,66,2,166,0,0,0,166
10/28/2011,LEX,KY,ASO,CE,Combined TRACON& Tower with Radar,8,97,63,1,169,0,0,29,5,34,8,97,92,6,203,8,0,8,211
10/29/2011,LEX,KY,ASO,CE,Combined TRACON& Tower with Radar,3,56,49,2,110,0,0,50,2,52,3,56,99,4,162,44,0,44,206
10/30/2011,LEX,KY,ASO,CE,Combined TRACON& Tower with Radar,9,75,48,0,132,0,0,70,0,70,9,75,118,0,202,0,0,0,202
10/31/2011,LEX,KY,ASO,CE,Combined TRACON& Tower with Radar,6,70,47,0,123,0,0,26,0,26,6,70,73,0,149,0,0,0,149
11/01/2011,LEX,KY,ASO,CE,Combined TRACON& Tower with Radar,3,83,43,0,129,0,0,53,0,53,3,83,96,0,182,0,0,0,182
11/02/2011,LEX,KY,ASO,CE,Combined TRACON& Tower with Radar,6,78,61,2,147,0,0,67,4,71,6,78,128,6,218,6,0,6,224
11/03/2011,LEX,KY,ASO,CE,Combined TRACON& Tower with Radar,8,108,68,2,186,0,0,7,0,7,8,108,75,2,193,0,0,0,193
11/04/2011,LEX,KY,ASO,CE,Combined TRACON& Tower with Radar,10,95,79,1,185,0,0,14,1,15,10,95,93,2,200,0,0,0,200
11/05/2011,LEX,KY,ASO,CE,Combined TRACON& Tower with Radar,4,75,42,1,122,0,0,66,5,71,4,75,108,6,193,2,0,2,195
11/06/2011,LEX,KY,ASO,CE,Combined TRACON& Tower with Radar,11,92,68,1,172,0,0,71,0,71,11,92,139,1,243,8,0,8,251
11/07/2011,LEX,KY,ASO,CE,Combined TRACON& Tower with Radar,7,77,46,25,155,0,1,50,4,55,7,78,96,29,210,4,0,4,214
11/08/2011,LEX,KY,ASO,CE,Combined TRACON& Tower with Radar,11,79,58,6,154,0,0,57,1,58,11,79,115,7,212,42,0,42,254
11/09/2011,LEX,KY,ASO,CE,Combined TRACON& Tower with Radar,4,79,32,8,123,0,0,20,1,21,4,79,52,9,144,4,0,4,148
11/10/2011,LEX,KY,ASO,CE,Combined TRACON& Tower with Radar,12,76,49,0,137,0,0,41,0,41,12,76,90,0,178,0,0,0,178
11/11/2011,LEX,KY,ASO,CE,Combined TRACON& Tower with Radar,7,73,47,0,127,0,1,74,1,76,7,74,121,1,203,32,0,32,235
11/12/2011,LEX,KY,ASO,CE,Combined TRACON& Tower with Radar,7,60,20,0,87,0,3,40,2,45,7,63,60,2,132,8,0,8,140
11/13/2011,LEX,KY,ASO,CE,Combined TRACON& Tower with Radar,12,63,27,0,102,0,0,13,0,13,12,63,40,0,115,0,0,0,115
11/14/2011,LEX,KY,ASO,CE,Combined TRACON& Tower with Radar,8,80,40,2,130,0,3,8,2,13,8,83,48,4,143,4,0,4,147
11/15/2011,LEX,KY,ASO,CE,Combined TRACON& Tower with Radar,5,67,36,0,108,0,0,1,0,1,5,67,37,0,109,0,0,0,109
11/16/2011,LEX,KY,ASO,CE,Combined TRACON& Tower with Radar,7,75,55,2,139,0,1,4,0,5,7,76,59,2,144,0,0,0,144
11/17/2011,LEX,KY,ASO,CE,Combined TRACON& Tower with Radar,12,80,72,0,164,0,2,53,8,63,12,82,125,8,227,16,0,16,243
11/18/2011,LEX,KY,ASO,CE,Combined TRACON& Tower with Radar,8,84,58,2,152,0,2,56,3,61,8,86,114,5,213,25,0,25,238
11/19/2011,LEX,KY,ASO,CE,Combined TRACON& Tower with Radar,10,68,29,4,111,0,2,45,3,50,10,70,74,7,161,6,0,6,167
11/20/2011,LEX,KY,ASO,CE,Combined TRACON& Tower with Radar,13,74,36,1,124,0,0,2,1,3,13,74,38,2,127,16,0,16,143
11/21/2011,LEX,KY,ASO,CE,Combined TRACON& Tower with Radar,6,68,30,0,104,0,2,5,2,9,6,70,35,2,113,6,0,6,119
11/22/2011,LEX,KY,ASO,CE,Combined TRACON& Tower with Radar,10,84,29,0,123,0,0,0,0,0,10,84,29,0,123,0,0,0,123
11/23/2011,LEX,KY,ASO,CE,Combined TRACON& Tower with Radar,12,75,84,2,173,0,1,26,1,28,12,76,110,3,201,0,0,0,201
11/24/2011,LEX,KY,ASO,CE,Combined TRACON& Tower with Radar,6,37,20,0,63,0,2,11,0,13,6,39,31,0,76,0,0,0,76
11/25/2011,LEX,KY,ASO,CE,Combined TRACON& Tower with Radar,5,53,30,0,88,0,0,59,0,59,5,53,89,0,147,16,0,16,163
11/26/2011,LEX,KY,ASO,CE,Combined TRACON& Tower with Radar,17,58,72,0,147,0,1,30,0,31,17,59,102,0,178,6,0,6,184
11/27/2011,LEX,KY,ASO,CE,Combined TRACON& Tower with Radar,12,78,42,0,132,0,0,2,0,2,12,78,44,0,134,0,0,0,134
11/28/2011,LEX,KY,ASO,CE,Combined TRACON& Tower with Radar,7,74,29,0,110,0,0,0,0,0,7,74,29,0,110,0,0,0,110
11/29/2011,LEX,KY,ASO,CE,Combined TRACON& Tower with Radar,7,66,28,0,101,0,1,4,2,7,7,67,32,2,108,0,0,0,108
11/30/2011,LEX,KY,ASO,CE,Combined TRACON& Tower with Radar,6,77,58,5,146,0,0,36,4,40,6,77,94,9,186,14,0,14,200
12/01/2011,LEX,KY,ASO,CE,Combined TRACON& Tower with Radar,16,81,75,1,173,0,0,68,4,72,16,81,143,5,245,14,0,14,259
12/02/2011,LEX,KY,ASO,CE,Combined TRACON& Tower with Radar,10,81,55,7,153,0,1,53,3,57,10,82,108,10,210,31,0,31,241
12/03/2011,LEX,KY,ASO,CE,Combined TRACON& Tower with Radar,11,57,60,2,130,0,0,82,0,82,11,57,142,2,212,14,0,14,226
12/04/2011,LEX,KY,ASO,CE,Combined TRACON& Tower with Radar,12,65,41,0,118,0,0,13,0,13,12,65,54,0,131,0,0,0,131
12/05/2011,LEX,KY,ASO,CE,Combined TRACON& Tower with Radar,6,71,39,1,117,0,0,3,0,3,6,71,42,1,120,0,0,0,120
12/06/2011,LEX,KY,ASO,CE,Combined TRACON& Tower with Radar,6,64,40,0,110,0,0,0,0,0,6,64,40,0,110,0,0,0,110
12/07/2011,LEX,KY,ASO,CE,Combined TRACON& Tower with Radar,7,65,39,3,114,0,0,9,2,11,7,65,48,5,125,12,0,12,137
12/08/2011,LEX,KY,ASO,CE,Combined TRACON& Tower with Radar,17,68,53,8,146,0,0,74,10,84,17,68,127,18,230,30,0,30,260
12/09/2011,LEX,KY,ASO,CE,Combined TRACON& Tower with Radar,6,72,55,4,137,0,2,46,4,52,6,74,101,8,189,22,0,22,211
12/10/2011,LEX,KY,ASO,CE,Combined TRACON& Tower with Radar,9,51,30,0,90,0,0,49,0,49,9,51,79,0,139,4,0,4,143
12/11/2011,LEX,KY,ASO,CE,Combined TRACON& Tower with Radar,9,56,31,0,96,0,1,59,0,60,9,57,90,0,156,2,0,2,158
12/12/2011,LEX,KY,ASO,CE,Combined TRACON& Tower with Radar,8,67,42,4,121,0,1,34,2,37,8,68,76,6,158,42,0,42,200
12/13/2011,LEX,KY,ASO,CE,Combined TRACON& Tower with Radar,4,71,73,0,148,0,0,16,0,16,4,71,89,0,164,10,0,10,174
12/14/2011,LEX,KY,ASO,CE,Combined TRACON& Tower with Radar,6,93,50,9,158,0,0,41,1,42,6,93,91,10,200,4,0,4,204
12/15/2011,LEX,KY,ASO,CE,Combined TRACON& Tower with Radar,12,68,58,0,138,0,0,5,2,7,12,68,63,2,145,2,0,2,147
12/16/2011,LEX,KY,ASO,CE,Combined TRACON& Tower with Radar,6,84,55,2,147,0,0,21,3,24,6,84,76,5,171,6,0,6,177
12/17/2011,LEX,KY,ASO,CE,Combined TRACON& Tower with Radar,9,60,26,0,95,0,0,42,0,42,9,60,68,0,137,4,0,4,141
12/18/2011,LEX,KY,ASO,CE,Combined TRACON& Tower with Radar,9,50,34,1,94,0,0,54,0,54,9,50,88,1,148,15,0,15,163
12/19/2011,LEX,KY,ASO,CE,Combined TRACON& Tower with Radar,7,67,35,0,109,0,0,36,0,36,7,67,71,0,145,16,0,16,161
12/20/2011,LEX,KY,ASO,CE,Combined TRACON& Tower with Radar,7,78,45,9,139,0,4,17,2,23,7,82,62,11,162,0,5,5,167
12/21/2011,LEX,KY,ASO,CE,Combined TRACON& Tower with Radar,11,70,35,3,119,0,0,5,1,6,11,70,40,4,125,0,0,0,125
12/22/2011,LEX,KY,ASO,CE,Combined TRACON& Tower with Radar,11,79,35,3,128,0,0,4,0,4,11,79,39,3,132,0,0,0,132
12/23/2011,LEX,KY,ASO,CE,Combined TRACON& Tower with Radar,12,67,22,1,102,0,0,0,0,0,12,67,22,1,102,0,0,0,102
12/24/2011,LEX,KY,ASO,CE,Combined TRACON& Tower with Radar,10,47,18,0,75,0,0,35,0,35,10,47,53,0,110,12,0,12,122
12/25/2011,LEX,KY,ASO,CE,Combined TRACON& Tower with Radar,9,38,23,0,70,0,0,25,0,25,9,38,48,0,95,0,0,0,95
12/26/2011,LEX,KY,ASO,CE,Combined TRACON& Tower with Radar,7,68,27,0,102,0,1,79,0,80,7,69,106,0,182,3,0,3,185
12/27/2011,LEX,KY,ASO,CE,Combined TRACON& Tower with Radar,12,65,11,0,88,0,0,0,0,0,12,65,11,0,88,0,0,0,88
12/28/2011,LEX,KY,ASO,CE,Combined TRACON& Tower with Radar,11,71,53,0,135,0,0,66,4,70,11,71,119,4,205,0,0,0,205
12/29/2011,LEX,KY,ASO,CE,Combined TRACON& Tower with Radar,12,62,27,2,103,0,2,65,2,69,12,64,92,4,172,12,0,12,184
12/30/2011,LEX,KY,ASO,CE,Combined TRACON& Tower with Radar,8,72,30,0,110,2,0,20,0,22,10,72,50,0,132,8,0,8,140
12/31/2011,LEX,KY,ASO,CE,Combined TRACON& Tower with Radar,14,49,44,0,107,0,2,55,0,57,14,51,99,0,164,34,0,34,198
01/01/2012,LEX,KY,ASO,CE,Combined TRACON& Tower with Radar,11,42,23,0,76,0,0,5,0,5,11,42,28,0,81,0,0,0,81
01/02/2012,LEX,KY,ASO,CE,Combined TRACON& Tower with Radar,8,62,10,0,80,0,0,1,0,1,8,62,11,0,81,0,0,0,81
01/03/2012,LEX,KY,ASO,CE,Combined TRACON& Tower with Radar,10,62,41,0,113,0,0,18,0,18,10,62,59,0,131,0,0,0,131
01/04/2012,LEX,KY,ASO,CE,Combined TRACON& Tower with Radar,6,65,36,2,109,0,0,28,2,30,6,65,64,4,139,4,0,4,143
01/05/2012,LEX,KY,ASO,CE,Combined TRACON& Tower with Radar,15,59,40,21,135,0,0,61,3,64,15,59,101,24,199,58,26,84,283
01/06/2012,LEX,KY,ASO,CE,Combined TRACON& Tower with Radar,8,66,42,14,130,0,4,68,5,77,8,70,110,19,207,23,8,31,238
01/07/2012,LEX,KY,ASO,CE,Combined TRACON& Tower with Radar,4,54,18,8,84,0,0,60,0,60,4,54,78,8,144,38,6,44,188
01/08/2012,LEX,KY,ASO,CE,Combined TRACON& Tower with Radar,12,60,17,0,89,0,0,52,0,52,12,60,69,0,141,6,0,6,147
01/09/2012,LEX,KY,ASO,CE,Combined TRACON& Tower with Radar,9,64,44,3,120,0,0,42,2,44,9,64,86,5,164,7,0,7,171
01/10/2012,LEX,KY,ASO,CE,Combined TRACON& Tower with Radar,5,61,57,4,127,0,4,75,4,83,5,65,132,8,210,8,0,8,218
01/11/2012,LEX,KY,ASO,CE,Combined TRACON& Tower with Radar,8,58,48,0,114,0,0,2,0,2,8,58,50,0,116,0,0,0,116
01/12/2012,LEX,KY,ASO,CE,Combined TRACON& Tower with Radar,16,61,43,0,120,0,0,3,1,4,16,61,46,1,124,0,0,0,124
01/13/2012,LEX,KY,ASO,CE,Combined TRACON& Tower with Radar,6,66,37,6,115,0,1,7,1,9,6,67,44,7,124,0,0,0,124
01/14/2012,LEX,KY,ASO,CE,Combined TRACON& Tower with Radar,8,55,12,2,77,0,0,30,0,30,8,55,42,2,107,12,0,12,119
01/15/2012,LEX,KY,ASO,CE,Combined TRACON& Tower with Radar,14,47,29,0,90,0,0,27,0,27,14,47,56,0,117,0,0,0,117
01/16/2012,LEX,KY,ASO,CE,Combined TRACON& Tower with Radar,8,58,40,0,106,0,0,10,0,10,8,58,50,0,116,0,0,0,116
01/17/2012,LEX,KY,ASO,CE,Combined TRACON& Tower with Radar,6,70,31,0,107,0,0,8,0,8,6,70,39,0,115,0,0,0,115
01/18/2012,LEX,KY,ASO,CE,Combined TRACON& Tower with Radar,11,61,45,4,121,0,1,47,0,48,11,62,92,4,169,30,0,30,199
01/19/2012,LEX,KY,ASO,CE,Combined TRACON& Tower with Radar,9,66,50,5,130,0,1,41,5,47,9,67,91,10,177,0,0,0,177
01/20/2012,LEX,KY,ASO,CE,Combined TRACON& Tower with Radar,10,56,40,0,106,0,0,24,2,26,10,56,64,2,132,0,0,0,132
01/21/2012,LEX,KY,ASO,CE,Combined TRACON& Tower with Radar,5,55,23,0,83,0,0,0,0,0,5,55,23,0,83,0,0,0,83
01/22/2012,LEX,KY,ASO,CE,Combined TRACON& Tower with Radar,12,58,22,0,92,0,0,4,0,4,12,58,26,0,96,0,0,0,96
01/23/2012,LEX,KY,ASO,CE,Combined TRACON& Tower with Radar,8,62,22,2,94,0,0,11,3,14,8,62,33,5,108,0,0,0,108
01/24/2012,LEX,KY,ASO,CE,Combined TRACON& Tower with Radar,2,66,61,8,137,0,0,48,1,49,2,66,109,9,186,22,0,22,208
01/25/2012,LEX,KY,ASO,CE,Combined TRACON& Tower with Radar,9,70,43,18,140,0,2,14,1,17,9,72,57,19,157,24,24,48,205
01/26/2012,LEX,KY,ASO,CE,Combined TRACON& Tower with Radar,12,69,41,12,134,0,0,0,0,0,12,69,41,12,134,0,6,6,140
01/27/2012,LEX,KY,ASO,CE,Combined TRACON& Tower with Radar,10,71,31,4,116,0,1,1,0,2,10,72,32,4,118,28,0,28,146
01/28/2012,LEX,KY,ASO,CE,Combined TRACON& Tower with Radar,6,51,20,2,79,0,0,41,2,43,6,51,61,4,122,0,0,0,122
01/29/2012,LEX,KY,ASO,CE,Combined TRACON& Tower with Radar,12,61,20,0,93,0,0,28,0,28,12,61,48,0,121,4,0,4,125
01/30/2012,LEX,KY,ASO,CE,Combined TRACON& Tower with Radar,8,56,34,0,98,0,3,66,0,69,8,59,100,0,167,0,0,0,167
01/31/2012,LEX,KY,ASO,CE,Combined TRACON& Tower with Radar,4,70,43,0,117,0,3,42,0,45,4,73,85,0,162,6,0,6,168
02/01/2012,LEX,KY,ASO,CE,Combined TRACON& Tower with Radar,9,62,64,0,135,0,0,18,2,20,9,62,82,2,155,18,0,18,173
02/02/2012,LEX,KY,ASO,CE,Combined TRACON& Tower with Radar,12,77,46,2,137,0,0,39,4,43,12,77,85,6,180,18,0,18,198
02/03/2012,LEX,KY,ASO,CE,Combined TRACON& Tower with Radar,10,59,43,7,119,0,2,73,0,75,10,61,116,7,194,34,0,34,228
02/04/2012,LEX,KY,ASO,CE,Combined TRACON& Tower with Radar,6,61,18,1,86,0,0,0,0,0,6,61,18,1,86,0,0,0,86
02/05/2012,LEX,KY,ASO,CE,Combined TRACON& Tower with Radar,12,63,46,0,121,0,0,15,0,15,12,63,61,0,136,0,0,0,136
02/06/2012,LEX,KY,ASO,CE,Combined TRACON& Tower with Radar,8,68,49,5,130,0,0,44,1,45,8,68,93,6,175,32,0,32,207
02/07/2012,LEX,KY,ASO,CE,Combined TRACON& Tower with Radar,4,65,60,2,131,0,4,40,4,48,4,69,100,6,179,10,0,10,189
02/08/2012,LEX,KY,ASO,CE,Combined TRACON& Tower with Radar,8,56,30,0,94,0,0,1,0,1,8,56,31,0,95,0,0,0,95
02/09/2012,LEX,KY,ASO,CE,Combined TRACON& Tower with Radar,10,59,37,3,109,0,0,22,4,26,10,59,59,7,135,20,0,20,155
02/10/2012,LEX,KY,ASO,CE,Combined TRACON& Tower with Radar,8,70,29,0,107,0,0,20,1,21,8,70,49,1,128,0,0,0,128
02/11/2012,LEX,KY,ASO,CE,Combined TRACON& Tower with Radar,4,52,12,0,68,0,1,13,0,14,4,53,25,0,82,0,0,0,82
02/12/2012,LEX,KY,ASO,CE,Combined TRACON& Tower with Radar,10,59,34,0,103,0,4,57,0,61,10,63,91,0,164,0,0,0,164
02/13/2012,LEX,KY,ASO,CE,Combined TRACON& Tower with Radar,8,68,32,2,110,0,0,39,2,41,8,68,71,4,151,12,0,12,163
02/14/2012,LEX,KY,ASO,CE,Combined TRACON& Tower with Radar,7,60,29,0,96,0,0,2,0,2,7,60,31,0,98,0,0,0,98
02/15/2012,LEX,KY,ASO,CE,Combined TRACON& Tower with Radar,8,69,53,4,134,0,0,67,2,69,8,69,120,6,203,6,0,6,209
02/16/2012,LEX,KY,ASO,CE,Combined TRACON& Tower with Radar,12,64,50,4,130,0,0,9,4,13,12,64,59,8,143,0,0,0,143
02/17/2012,LEX,KY,ASO,CE,Combined TRACON& Tower with Radar,9,73,54,3,139,0,2,99,2,103,9,75,153,5,242,12,0,12,254
02/18/2012,LEX,KY,ASO,CE,Combined TRACON& Tower with Radar,8,53,41,0,102,0,0,75,0,75,8,53,116,0,177,0,0,0,177
02/19/2012,LEX,KY,ASO,CE,Combined TRACON& Tower with Radar,12,49,25,0,86,0,0,17,0,17,12,49,42,0,103,0,0,0,103
02/20/2012,LEX,KY,ASO,CE,Combined TRACON& Tower with Radar,12,64,37,0,113,0,5,61,0,66,12,69,98,0,179,6,0,6,185
02/21/2012,LEX,KY,ASO,CE,Combined TRACON& Tower with Radar,6,62,21,4,93,0,0,12,3,15,6,62,33,7,108,0,10,10,118
02/22/2012,LEX,KY,ASO,CE,Combined TRACON& Tower with Radar,10,79,45,0,134,0,3,45,1,49,10,82,90,1,183,12,0,12,195
02/23/2012,LEX,KY,ASO,CE,Combined TRACON& Tower with Radar,16,70,48,4,138,0,1,43,0,44,16,71,91,4,182,12,0,12,194
02/24/2012,LEX,KY,ASO,CE,Combined TRACON& Tower with Radar,11,62,29,2,104,0,0,9,1,10,11,62,38,3,114,0,0,0,114
02/25/2012,LEX,KY,ASO,CE,Combined TRACON& Tower with Radar,7,56,25,2,90,0,2,56,2,60,7,58,81,4,150,5,0,5,155
02/26/2012,LEX,KY,ASO,CE,Combined TRACON& Tower with Radar,14,66,50,0,130,0,1,87,0,88,14,67,137,0,218,20,0,20,238
02/27/2012,LEX,KY,ASO,CE,Combined TRACON& Tower with Radar,12,61,47,0,120,0,0,62,0,62,12,61,109,0,182,44,0,44,226
02/28/2012,LEX,KY,ASO,CE,Combined TRACON& Tower with Radar,6,61,35,5,107,0,0,57,1,58,6,61,92,6,165,10,6,16,181
02/29/2012,LEX,KY,ASO,CE,Combined TRACON& Tower with Radar,8,64,13,14,99,0,0,1,1,2,8,64,14,15,101,4,0,4,105
03/01/2012,LEX,KY,ASO,CE,Combined TRACON& Tower with Radar,14,78,69,0,161,0,1,85,1,87,14,79,154,1,248,22,0,22,270
03/02/2012,LEX,KY,ASO,CE,Combined TRACON& Tower with Radar,8,63,35,2,108,0,2,4,2,8,8,65,39,4,116,0,0,0,116
03/03/2012,LEX,KY,ASO,CE,Combined TRACON& Tower with Radar,11,45,17,0,73,0,1,54,1,56,11,46,71,1,129,72,0,72,201
03/04/2012,LEX,KY,ASO,CE,Combined TRACON& Tower with Radar,13,56,30,0,99,0,3,22,2,27,13,59,52,2,126,13,0,13,139
03/05/2012,LEX,KY,ASO,CE,Combined TRACON& Tower with Radar,10,72,39,0,121,0,0,11,2,13,10,72,50,2,134,0,0,0,134
03/06/2012,LEX,KY,ASO,CE,Combined TRACON& Tower with Radar,10,63,60,10,143,0,3,67,0,70,10,66,127,10,213,6,0,6,219
03/07/2012,LEX,KY,ASO,CE,Combined TRACON& Tower with Radar,12,69,35,4,120,0,0,38,0,38,12,69,73,4,158,0,0,0,158
03/08/2012,LEX,KY,ASO,CE,Combined TRACON& Tower with Radar,14,78,39,0,131,0,0,4,0,4,14,78,43,0,135,0,0,0,135
03/09/2012,LEX,KY,ASO,CE,Combined TRACON& Tower with Radar,10,68,50,5,133,0,5,72,1,78,10,73,122,6,211,8,0,8,219
03/10/2012,LEX,KY,ASO,CE,Combined TRACON& Tower with Radar,10,52,23,4,89,0,0,80,3,83,10,52,103,7,172,14,0,14,186
03/11/2012,LEX,KY,ASO,CE,Combined TRACON& Tower with Radar,16,68,30,4,118,0,0,68,1,69,16,68,98,5,187,28,0,28,215
03/12/2012,LEX,KY,ASO,CE,Combined TRACON& Tower with Radar,10,63,53,0,126,0,0,6,0,6,10,63,59,0,132,14,0,14,146
03/13/2012,LEX,KY,ASO,CE,Combined TRACON& Tower with Radar,8,63,51,0,122,0,0,53,0,53,8,63,104,0,175,4,0,4,179
03/14/2012,LEX,KY,ASO,CE,Combined TRACON& Tower with Radar,13,69,53,6,141,0,0,84,4,88,13,69,137,10,229,28,0,28,257
03/15/2012,LEX,KY,ASO,CE,Combined TRACON& Tower with Radar,19,71,45,2,137,0,0,27,0,27,19,71,72,2,164,4,0,4,168
03/16/2012,LEX,KY,ASO,CE,Combined TRACON& Tower with Radar,10,75,57,5,147,0,0,35,3,38,10,75,92,8,185,19,0,19,204
03/17/2012,LEX,KY,ASO,CE,Combined TRACON& Tower with Radar,10,44,20,0,74,0,0,48,0,48,10,44,68,0,122,0,0,0,122
03/18/2012,LEX,KY,ASO,CE,Combined TRACON& Tower with Radar,12,55,30,0,97,0,1,27,0,28,12,56,57,0,125,28,0,28,153
03/19/2012,LEX,KY,ASO,CE,Combined TRACON& Tower with Radar,10,64,39,2,115,0,2,53,2,57,10,66,92,4,172,10,0,10,182
03/20/2012,LEX,KY,ASO,CE,Combined TRACON& Tower with Radar,11,60,34,12,117,0,1,65,1,67,11,61,99,13,184,14,18,32,216
03/21/2012,LEX,KY,ASO,CE,Combined TRACON& Tower with Radar,14,61,33,2,110,0,0,50,1,51,14,61,83,3,161,28,0,28,189
03/22/2012,LEX,KY,ASO,CE,Combined TRACON& Tower with Radar,13,76,27,5,121,0,2,48,2,52,13,78,75,7,173,2,0,2,175
03/23/2012,LEX,KY,ASO,CE,Combined TRACON& Tower with Radar,12,76,39,0,127,0,0,5,0,5,12,76,44,0,132,0,0,0,132
03/24/2012,LEX,KY,ASO,CE,Combined TRACON& Tower with Radar,8,50,28,3,89,0,0,29,1,30,8,50,57,4,119,0,0,0,119
03/25/2012,LEX,KY,ASO,CE,Combined TRACON& Tower with Radar,14,64,40,4,122,0,0,38,1,39,14,64,78,5,161,4,0,4,165
03/26/2012,LEX,KY,ASO,CE,Combined TRACON& Tower with Radar,12,64,57,0,133,0,5,33,0,38,12,69,90,0,171,4,0,4,175
03/27/2012,LEX,KY,ASO,CE,Combined TRACON& Tower with Radar,9,61,46,6,122,0,3,60,4,67,9,64,106,10,189,19,6,25,214
03/28/2012,LEX,KY,ASO,CE,Combined TRACON& Tower with Radar,16,77,55,6,154,0,2,28,4,34,16,79,83,10,188,34,0,34,222
03/29/2012,LEX,KY,ASO,CE,Combined TRACON& Tower with Radar,13,67,61,0,141,0,0,89,4,93,13,67,150,4,234,60,0,60,294
03/30/2012,LEX,KY,ASO,CE,Combined TRACON& Tower with Radar,24,79,55,8,166,0,1,52,4,57,24,80,107,12,223,12,0,12,235
03/31/2012,LEX,KY,ASO,CE,Combined TRACON& Tower with Radar,8,56,37,2,103,0,1,18,0,19,8,57,55,2,122,6,0,6,128
04/01/2012,LEX,KY,ASO,CE,Combined TRACON& Tower with Radar,13,58,23,0,94,0,0,22,0,22,13,58,45,0,116,0,0,0,116
04/02/2012,LEX,KY,ASO,CE,Combined TRACON& Tower with Radar,10,76,43,9,138,0,1,30,0,31,10,77,73,9,169,14,0,14,183
04/03/2012,LEX,KY,ASO,CE,Combined TRACON& Tower with Radar,24,65,52,6,147,0,0,50,4,54,24,65,102,10,201,10,0,10,211
04/04/2012,LEX,KY,ASO,CE,Combined TRACON& Tower with Radar,10,62,34,4,110,0,0,15,0,15,10,62,49,4,125,16,0,16,141
04/05/2012,LEX,KY,ASO,CE,Combined TRACON& Tower with Radar,13,74,59,19,165,0,0,41,2,43,13,74,100,21,208,16,0,16,224
04/06/2012,LEX,KY,ASO,CE,Combined TRACON& Tower with Radar,9,82,52,0,143,0,0,61,0,61,9,82,113,0,204,8,0,8,212
04/07/2012,LEX,KY,ASO,CE,Combined TRACON& Tower with Radar,7,56,28,0,91,0,0,82,0,82,7,56,110,0,173,6,0,6,179
04/08/2012,LEX,KY,ASO,CE,Combined TRACON& Tower with Radar,14,63,24,0,101,0,0,37,0,37,14,63,61,0,138,0,0,0,138
04/09/2012,LEX,KY,ASO,CE,Combined TRACON& Tower with Radar,10,85,52,0,147,0,2,44,0,46,10,87,96,0,193,6,0,6,199
04/10/2012,LEX,KY,ASO,CE,Combined TRACON& Tower with Radar,8,71,44,4,127,0,0,37,6,43,8,71,81,10,170,20,0,20,190
04/11/2012,LEX,KY,ASO,CE,Combined TRACON& Tower with Radar,5,78,54,6,143,0,0,40,4,44,5,78,94,10,187,0,0,0,187
04/12/2012,LEX,KY,ASO,CE,Combined TRACON& Tower with Radar,13,85,70,2,170,0,3,73,0,76,13,88,143,2,246,16,0,16,262
04/13/2012,LEX,KY,ASO,CE,Combined TRACON& Tower with Radar,8,93,40,17,158,0,0,80,2,82,8,93,120,19,240,4,0,4,244
04/14/2012,LEX,KY,ASO,CE,Combined TRACON& Tower with Radar,4,70,59,12,145,0,1,44,0,45,4,71,103,12,190,6,0,6,196
04/15/2012,LEX,KY,ASO,CE,Combined TRACON& Tower with Radar,11,85,49,10,155,0,0,39,0,39,11,85,88,10,194,0,0,0,194
04/16/2012,LEX,KY,ASO,CE,Combined TRACON& Tower with Radar,10,80,25,0,115,0,2,18,0,20,10,82,43,0,135,0,8,8,143
04/17/2012,LEX,KY,ASO,CE,Combined TRACON& Tower with Radar,6,76,44,0,126,0,2,43,0,45,6,78,87,0,171,6,0,6,177
04/18/2012,LEX,KY,ASO,CE,Combined TRACON& Tower with Radar,4,77,68,0,149,0,4,49,0,53,4,81,117,0,202,6,0,6,208
04/19/2012,LEX,KY,ASO,CE,Combined TRACON& Tower with Radar,10,82,69,1,162,0,0,74,1,75,10,82,143,2,237,4,0,4,241
04/20/2012,LEX,KY,ASO,CE,Combined TRACON& Tower with Radar,6,82,61,0,149,0,2,49,0,51,6,84,110,0,200,18,0,18,218
04/21/2012,LEX,KY,ASO,CE,Combined TRACON& Tower with Radar,4,53,52,0,109,0,0,4,0,4,4,53,56,0,113,0,0,0,113
04/22/2012,LEX,KY,ASO,CE,Combined TRACON& Tower with Radar,10,75,77,2,164,0,0,32,1,33,10,75,109,3,197,20,0,20,217
04/23/2012,LEX,KY,ASO,CE,Combined TRACON& Tower with Radar,7,75,38,2,122,0,0,17,0,17,7,75,55,2,139,0,0,0,139
04/24/2012,LEX,KY,ASO,CE,Combined TRACON& Tower with Radar,4,69,45,1,119,0,0,51,4,55,4,69,96,5,174,6,0,6,180
04/25/2012,LEX,KY,ASO,CE,Combined TRACON& Tower with Radar,7,81,64,0,152,0,0,46,0,46,7,81,110,0,198,6,0,6,204
04/26/2012,LEX,KY,ASO,CE,Combined TRACON& Tower with Radar,12,76,56,0,144,0,4,22,0,26,12,80,78,0,170,4,0,4,174
04/27/2012,LEX,KY,ASO,CE,Combined TRACON& Tower with Radar,6,89,49,4,148,0,0,64,0,64,6,89,113,4,212,10,0,10,222
04/28/2012,LEX,KY,ASO,CE,Combined TRACON& Tower with Radar,4,52,27,3,86,0,4,33,0,37,4,56,60,3,123,6,0,6,129
04/29/2012,LEX,KY,ASO,CE,Combined TRACON& Tower with Radar,10,82,71,1,164,0,2,44,0,46,10,84,115,1,210,0,0,0,210
04/30/2012,LEX,KY,ASO,CE,Combined TRACON& Tower with Radar,8,74,44,10,136,0,2,23,2,27,8,76,67,12,163,8,6,14,177
05/01/2012,LEX,KY,ASO,CE,Combined TRACON& Tower with Radar,9,70,60,2,141,0,2,20,6,28,9,72,80,8,169,0,0,0,169
05/02/2012,LEX,KY,ASO,CE,Combined TRACON& Tower with Radar,10,74,72,3,159,0,4,70,1,75,10,78,142,4,234,18,0,18,252
05/03/2012,LEX,KY,ASO,CE,Combined TRACON& Tower with Radar,23,88,96,8,215,0,3,68,0,71,23,91,164,8,286,4,0,4,290
05/04/2012,LEX,KY,ASO,CE,Combined TRACON& Tower with Radar,26,76,89,9,200,0,0,34,0,34,26,76,123,9,234,2,0,2,236
05/05/2012,LEX,KY,ASO,CE,Combined TRACON& Tower with Radar,5,62,34,1,102,0,0,10,3,13,5,62,44,4,115,0,0,0,115
05/06/2012,LEX,KY,ASO,CE,Combined TRACON& Tower with Radar,19,104,94,0,217,0,2,66,0,68,19,106,160,0,285,0,0,0,285
05/07/2012,LEX,KY,ASO,CE,Combined TRACON& Tower with Radar,13,74,36,0,123,0,0,37,2,39,13,74,73,2,162,10,0,10,172
05/08/2012,LEX,KY,ASO,CE,Combined TRACON& Tower with Radar,10,77,61,7,155,0,0,23,3,26,10,77,84,10,181,0,0,0,181
05/09/2012,LEX,KY,ASO,CE,Combined TRACON& Tower with Radar,8,72,49,4,133,0,2,36,4,42,8,74,85,8,175,10,0,10,185
05/10/2012,LEX,KY,ASO,CE,Combined TRACON& Tower with Radar,18,73,50,1,142,0,2,63,1,66,18,75,113,2,208,10,0,10,218
05/11/2012,LEX,KY,ASO,CE,Combined TRACON& Tower with Radar,11,74,64,1,150,0,2,92,1,95,11,76,156,2,245,19,0,19,264
05/12/2012,LEX,KY,ASO,CE,Combined TRACON& Tower with Radar,5,55,32,0,92,0,1,39,0,40,5,56,71,0,132,32,0,32,164
05/13/2012,LEX,KY,ASO,CE,Combined TRACON& Tower with Radar,16,75,43,0,134,0,0,1,0,1,16,75,44,0,135,0,0,0,135
05/14/2012,LEX,KY,ASO,CE,Combined TRACON& Tower with Radar,12,70,69,6,157,0,0,11,0,11,12,70,80,6,168,14,0,14,182
05/15/2012,LEX,KY,ASO,CE,Combined TRACON& Tower with Radar,9,72,52,0,133,0,1,50,6,57,9,73,102,6,190,27,0,27,217
05/16/2012,LEX,KY,ASO,CE,Combined TRACON& Tower with Radar,10,68,68,0,146,0,2,75,2,79,10,70,143,2,225,23,0,23,248
05/17/2012,LEX,KY,ASO,CE,Combined TRACON& Tower with Radar,14,71,69,2,156,0,2,50,1,53,14,73,119,3,209,0,0,0,209
05/18/2012,LEX,KY,ASO,CE,Combined TRACON& Tower with Radar,13,72,59,3,147,0,0,96,1,97,13,72,155,4,244,24,0,24,268
05/19/2012,LEX,KY,ASO,CE,Combined TRACON& Tower with Radar,6,51,52,0,109,0,0,91,0,91,6,51,143,0,200,24,0,24,224
05/20/2012,LEX,KY,ASO,CE,Combined TRACON& Tower with Radar,15,71,44,0,130,0,0,63,0,63,15,71,107,0,193,14,4,18,211
05/21/2012,LEX,KY,ASO,CE,Combined TRACON& Tower with Radar,14,73,45,0,132,0,2,23,4,29,14,75,68,4,161,0,0,0,161
05/22/2012,LEX,KY,ASO,CE,Combined TRACON& Tower with Radar,13,58,56,2,129,0,0,31,0,31,13,58,87,2,160,18,0,18,178
05/23/2012,LEX,KY,ASO,CE,Combined TRACON& Tower with Radar,11,61,48,1,121,0,0,37,2,39,11,61,85,3,160,28,0,28,188
05/24/2012,LEX,KY,ASO,CE,Combined TRACON& Tower with Radar,16,78,54,6,154,0,0,74,4,78,16,78,128,10,232,30,0,30,262
05/25/2012,LEX,KY,ASO,CE,Combined TRACON& Tower with Radar,17,68,43,0,128,0,5,56,0,61,17,73,99,0,189,6,0,6,195
05/26/2012,LEX,KY,ASO,CE,Combined TRACON& Tower with Radar,4,45,32,0,81,0,0,45,0,45,4,45,77,0,126,63,0,63,189
05/27/2012,LEX,KY,ASO,CE,Combined TRACON& Tower with Radar,10,44,25,0,79,0,3,49,0,52,10,47,74,0,131,10,0,10,141
05/28/2012,LEX,KY,ASO,CE,Combined TRACON& Tower with Radar,15,57,27,0,99,0,0,33,0,33,15,57,60,0,132,17,0,17,149
05/29/2012,LEX,KY,ASO,CE,Combined TRACON& Tower with Radar,9,72,25,0,106,0,3,13,0,16,9,75,38,0,122,0,0,0,122
05/30/2012,LEX,KY,ASO,CE,Combined TRACON& Tower with Radar,11,73,60,7,151,0,0,63,1,64,11,73,123,8,215,0,0,0,215
05/31/2012,LEX,KY,ASO,CE,Combined TRACON& Tower with Radar,12,70,52,1,135,0,2,48,5,55,12,72,100,6,190,24,0,24,214
06/01/2012,LEX,KY,ASO,CE,Combined TRACON& Tower with Radar,13,80,42,12,147,0,0,3,1,4,13,80,45,13,151,19,0,19,170
06/02/2012,LEX,KY,ASO,CE,Combined TRACON& Tower with Radar,8,52,29,2,91,0,1,50,2,53,8,53,79,4,144,6,0,6,150
06/03/2012,LEX,KY,ASO,CE,Combined TRACON& Tower with Radar,15,64,27,0,106,0,4,55,0,59,15,68,82,0,165,0,0,0,165
06/04/2012,LEX,KY,ASO,CE,Combined TRACON& Tower with Radar,15,71,39,1,126,0,1,34,1,36,15,72,73,2,162,9,0,9,171
06/05/2012,LEX,KY,ASO,CE,Combined TRACON& Tower with Radar,10,68,67,0,145,0,4,44,1,49,10,72,111,1,194,6,0,6,200
06/06/2012,LEX,KY,ASO,CE,Combined TRACON& Tower with Radar,11,61,66,10,148,0,2,61,1,64,11,63,127,11,212,15,16,31,243
06/07/2012,LEX,KY,ASO,CE,Combined TRACON& Tower with Radar,14,81,46,3,144,0,0,74,0,74,14,81,120,3,218,59,0,59,277
06/08/2012,LEX,KY,ASO,CE,Combined TRACON& Tower with Radar,10,80,49,2,141,0,1,78,0,79,10,81,127,2,220,30,0,30,250
06/09/2012,LEX,KY,ASO,CE,Combined TRACON& Tower with Radar,4,63,47,0,114,0,4,76,0,80,4,67,123,0,194,26,0,26,220
06/10/2012,LEX,KY,ASO,CE,Combined TRACON& Tower with Radar,5,77,36,0,118,0,3,63,2,68,5,80,99,2,186,40,0,40,226
06/11/2012,LEX,KY,ASO,CE,Combined TRACON& Tower with Radar,17,72,37,2,128,0,2,21,0,23,17,74,58,2,151,8,0,8,159
06/12/2012,LEX,KY,ASO,CE,Combined TRACON& Tower with Radar,10,83,79,4,176,0,2,64,0,66,10,85,143,4,242,17,0,17,259
06/13/2012,LEX,KY,ASO,CE,Combined TRACON& Tower with Radar,7,72,48,4,131,0,3,127,2,132,7,75,175,6,263,10,4,14,277
06/14/2012,LEX,KY,ASO,CE,Combined TRACON& Tower with Radar,10,93,49,5,157,0,3,81,6,90,10,96,130,11,247,32,0,32,279
06/15/2012,LEX,KY,ASO,CE,Combined TRACON& Tower with Radar,18,73,44,2,137,0,0,73,0,73,18,73,117,2,210,4,0,4,214
06/16/2012,LEX,KY,ASO,CE,Combined TRACON& Tower with Radar,4,67,34,0,105,0,0,42,0,42,4,67,76,0,147,24,0,24,171
06/17/2012,LEX,KY,ASO,CE,Combined TRACON& Tower with Radar,8,84,39,7,138,0,0,22,1,23,8,84,61,8,161,6,0,6,167
06/18/2012,LEX,KY,ASO,CE,Combined TRACON& Tower with Radar,13,76,52,0,141,0,8,73,0,81,13,84,125,0,222,0,0,0,222
06/19/2012,LEX,KY,ASO,CE,Combined TRACON& Tower with Radar,8,77,35,3,123,0,3,67,2,72,8,80,102,5,195,26,0,26,221
06/20/2012,LEX,KY,ASO,CE,Combined TRACON& Tower with Radar,8,80,72,0,160,0,0,42,2,44,8,80,114,2,204,11,0,11,215
06/21/2012,LEX,KY,ASO,CE,Combined TRACON& Tower with Radar,12,76,60,2,150,0,1,75,0,76,12,77,135,2,226,24,0,24,250
06/22/2012,LEX,KY,ASO,CE,Combined TRACON& Tower with Radar,13,66,61,3,143,0,3,76,5,84,13,69,137,8,227,10,0,10,237
06/23/2012,LEX,KY,ASO,CE,Combined TRACON& Tower with Radar,5,63,16,0,84,0,4,69,1,74,5,67,85,1,158,11,0,11,169
06/24/2012,LEX,KY,ASO,CE,Combined TRACON& Tower with Radar,8,69,50,0,127,0,1,49,0,50,8,70,99,0,177,0,0,0,177
06/25/2012,LEX,KY,ASO,CE,Combined TRACON& Tower with Radar,12,76,33,0,121,0,0,41,0,41,12,76,74,0,162,10,0,10,172
06/26/2012,LEX,KY,ASO,CE,Combined TRACON& Tower with Radar,8,78,39,5,130,0,3,57,3,63,8,81,96,8,193,8,0,8,201
06/27/2012,LEX,KY,ASO,CE,Combined TRACON& Tower with Radar,6,88,57,5,156,0,0,79,1,80,6,88,136,6,236,59,0,59,295
06/28/2012,LEX,KY,ASO,CE,Combined TRACON& Tower with Radar,7,82,61,3,153,0,1,61,3,65,7,83,122,6,218,6,0,6,224
06/29/2012,LEX,KY,ASO,CE,Combined TRACON& Tower with Radar,11,93,63,3,170,0,4,54,2,60,11,97,117,5,230,16,0,16,246
06/30/2012,LEX,KY,ASO,CE,Combined TRACON& Tower with Radar,7,64,31,0,102,0,3,59,0,62,7,67,90,0,164,0,0,0,164
07/01/2012,LEX,KY,ASO,CE,Combined TRACON& Tower with Radar,8,57,17,0,82,0,2,28,0,30,8,59,45,0,112,32,0,32,144
07/02/2012,LEX,KY,ASO,CE,Combined TRACON& Tower with Radar,12,65,41,0,118,0,1,49,0,50,12,66,90,0,168,0,0,0,168
07/03/2012,LEX,KY,ASO,CE,Combined TRACON& Tower with Radar,11,57,35,0,103,0,3,55,1,59,11,60,90,1,162,0,0,0,162
07/04/2012,LEX,KY,ASO,CE,Combined TRACON& Tower with Radar,6,49,11,0,66,0,3,37,1,41,6,52,48,1,107,0,0,0,107
07/05/2012,LEX,KY,ASO,CE,Combined TRACON& Tower with Radar,10,52,37,0,99,0,2,37,0,39,10,54,74,0,138,41,0,41,179
07/06/2012,LEX,KY,ASO,CE,Combined TRACON& Tower with Radar,14,80,38,0,132,0,0,70,0,70,14,80,108,0,202,16,0,16,218
07/07/2012,LEX,KY,ASO,CE,Combined TRACON& Tower with Radar,8,68,29,0,105,0,0,44,0,44,8,68,73,0,149,40,0,40,189
07/08/2012,LEX,KY,ASO,CE,Combined TRACON& Tower with Radar,9,71,43,0,123,0,6,34,0,40,9,77,77,0,163,0,0,0,163
07/09/2012,LEX,KY,ASO,CE,Combined TRACON& Tower with Radar,14,77,44,4,139,0,0,34,2,36,14,77,78,6,175,33,0,33,208
07/10/2012,LEX,KY,ASO,CE,Combined TRACON& Tower with Radar,9,89,48,4,150,0,2,57,2,61,9,91,105,6,211,58,0,58,269
07/11/2012,LEX,KY,ASO,CE,Combined TRACON& Tower with Radar,10,83,48,2,143,0,1,51,1,53,10,84,99,3,196,38,0,38,234
07/12/2012,LEX,KY,ASO,CE,Combined TRACON& Tower with Radar,13,70,63,0,146,0,1,46,2,49,13,71,109,2,195,8,0,8,203
07/13/2012,LEX,KY,ASO,CE,Combined TRACON& Tower with Radar,13,67,58,0,138,0,0,9,0,9,13,67,67,0,147,0,0,0,147
07/14/2012,LEX,KY,ASO,CE,Combined TRACON& Tower with Radar,7,49,29,3,88,0,0,38,3,41,7,49,67,6,129,21,0,21,150
07/15/2012,LEX,KY,ASO,CE,Combined TRACON& Tower with Radar,9,75,46,2,132,0,1,28,4,33,9,76,74,6,165,28,0,28,193
07/16/2012,LEX,KY,ASO,CE,Combined TRACON& Tower with Radar,14,79,30,2,125,0,0,34,0,34,14,79,64,2,159,21,0,21,180
07/17/2012,LEX,KY,ASO,CE,Combined TRACON& Tower with Radar,8,84,50,1,143,0,0,51,1,52,8,84,101,2,195,44,0,44,239
07/18/2012,LEX,KY,ASO,CE,Combined TRACON& Tower with Radar,7,81,53,0,141,0,3,22,2,27,7,84,75,2,168,16,0,16,184
07/19/2012,LEX,KY,ASO,CE,Combined TRACON& Tower with Radar,10,81,65,0,156,0,0,27,0,27,10,81,92,0,183,2,0,2,185
07/20/2012,LEX,KY,ASO,CE,Combined TRACON& Tower with Radar,11,85,61,2,159,0,4,17,0,21,11,89,78,2,180,0,0,0,180
07/21/2012,LEX,KY,ASO,CE,Combined TRACON& Tower with Radar,7,66,50,0,123,0,2,55,0,57,7,68,105,0,180,6,0,6,186
07/22/2012,LEX,KY,ASO,CE,Combined TRACON& Tower with Radar,9,75,43,0,127,0,3,49,0,52,9,78,92,0,179,46,0,46,225
07/23/2012,LEX,KY,ASO,CE,Combined TRACON& Tower with Radar,9,78,57,3,147,0,3,41,1,45,9,81,98,4,192,6,0,6,198
07/24/2012,LEX,KY,ASO,CE,Combined TRACON& Tower with Radar,12,74,42,0,128,0,2,38,0,40,12,76,80,0,168,40,0,40,208
07/25/2012,LEX,KY,ASO,CE,Combined TRACON& Tower with Radar,6,86,45,3,140,0,0,49,9,58,6,86,94,12,198,12,0,12,210
07/26/2012,LEX,KY,ASO,CE,Combined TRACON& Tower with Radar,17,81,46,3,147,0,0,33,0,33,17,81,79,3,180,0,0,0,180
07/27/2012,LEX,KY,ASO,CE,Combined TRACON& Tower with Radar,12,78,32,2,124,0,0,28,0,28,12,78,60,2,152,14,0,14,166
07/28/2012,LEX,KY,ASO,CE,Combined TRACON& Tower with Radar,7,62,33,0,102,0,3,60,0,63,7,65,93,0,165,12,0,12,177
07/29/2012,LEX,KY,ASO,CE,Combined TRACON& Tower with Radar,10,74,51,0,135,0,2,77,0,79,10,76,128,0,214,12,0,12,226
07/30/2012,LEX,KY,ASO,CE,Combined TRACON& Tower with Radar,13,77,34,0,124,0,1,48,1,50,13,78,82,1,174,20,0,20,194
07/31/2012,LEX,KY,ASO,CE,Combined TRACON& Tower with Radar,7,85,46,0,138,0,2,44,0,46,7,87,90,0,184,2,0,2,186
08/01/2012,LEX,KY,ASO,CE,Combined TRACON& Tower with Radar,7,71,64,11,153,0,0,45,1,46,7,71,109,12,199,10,18,28,227
08/02/2012,LEX,KY,ASO,CE,Combined TRACON& Tower with Radar,14,74,53,2,143,0,0,66,4,70,14,74,119,6,213,36,0,36,249
08/03/2012,LEX,KY,ASO,CE,Combined TRACON& Tower with Radar,11,78,36,7,132,0,0,26,3,29,11,78,62,10,161,28,0,28,189
08/04/2012,LEX,KY,ASO,CE,Combined TRACON& Tower with Radar,8,65,28,0,101,0,0,11,0,11,8,65,39,0,112,14,0,14,126
08/05/2012,LEX,KY,ASO,CE,Combined TRACON& Tower with Radar,8,76,35,0,119,0,0,26,0,26,8,76,61,0,145,6,0,6,151
08/06/2012,LEX,KY,ASO,CE,Combined TRACON& Tower with Radar,12,82,40,0,134,0,0,51,2,53,12,82,91,2,187,8,0,8,195
08/07/2012,LEX,KY,ASO,CE,Combined TRACON& Tower with Radar,7,73,35,0,115,0,5,36,2,43,7,78,71,2,158,32,0,32,190
08/08/2012,LEX,KY,ASO,CE,Combined TRACON& Tower with Radar,8,76,44,5,133,0,0,52,1,53,8,76,96,6,186,38,0,38,224
08/09/2012,LEX,KY,ASO,CE,Combined TRACON& Tower with Radar,12,67,37,0,116,0,2,34,0,36,12,69,71,0,152,8,0,8,160
08/10/2012,LEX,KY,ASO,CE,Combined TRACON& Tower with Radar,15,76,44,6,141,0,4,29,0,33,15,80,73,6,174,14,6,20,194
08/11/2012,LEX,KY,ASO,CE,Combined TRACON& Tower with Radar,10,61,37,0,108,0,5,66,6,77,10,66,103,6,185,30,0,30,215
08/12/2012,LEX,KY,ASO,CE,Combined TRACON& Tower with Radar,10,85,32,0,127,0,3,75,0,78,10,88,107,0,205,0,0,0,205
08/13/2012,LEX,KY,ASO,CE,Combined TRACON& Tower with Radar,9,73,42,2,126,0,2,21,2,25,9,75,63,4,151,0,0,0,151
08/14/2012,LEX,KY,ASO,CE,Combined TRACON& Tower with Radar,8,72,50,11,141,0,0,34,2,36,8,72,84,13,177,36,0,36,213
08/15/2012,LEX,KY,ASO,CE,Combined TRACON& Tower with Radar,4,75,62,3,144,0,2,75,4,81,4,77,137,7,225,4,0,4,229
08/16/2012,LEX,KY,ASO,CE,Combined TRACON& Tower with Radar,13,88,35,16,152,0,4,54,3,61,13,92,89,19,213,16,14,30,243
08/17/2012,LEX,KY,ASO,CE,Combined TRACON& Tower with Radar,10,83,54,2,149,0,0,29,0,29,10,83,83,2,178,3,0,3,181
08/18/2012,LEX,KY,ASO,CE,Combined TRACON& Tower with Radar,3,49,35,0,87,0,2,59,0,61,3,51,94,0,148,44,0,44,192
08/19/2012,LEX,KY,ASO,CE,Combined TRACON& Tower with Radar,8,82,38,0,128,0,6,63,0,69,8,88,101,0,197,30,0,30,227
08/20/2012,LEX,KY,ASO,CE,Combined TRACON& Tower with Radar,10,81,42,6,139,0,1,44,0,45,10,82,86,6,184,18,0,18,202
08/21/2012,LEX,KY,ASO,CE,Combined TRACON& Tower with Radar,2,76,36,4,118,0,2,49,2,53,2,78,85,6,171,16,0,16,187
08/22/2012,LEX,KY,ASO,CE,Combined TRACON& Tower with Radar,8,81,36,4,129,0,1,60,2,63,8,82,96,6,192,16,0,16,208
08/23/2012,LEX,KY,ASO,CE,Combined TRACON& Tower with Radar,18,74,48,2,142,0,0,39,4,43,18,74,87,6,185,29,0,29,214
08/24/2012,LEX,KY,ASO,CE,Combined TRACON& Tower with Radar,25,84,48,0,157,0,0,51,0,51,25,84,99,0,208,15,0,15,223
08/25/2012,LEX,KY,ASO,CE,Combined TRACON& Tower with Radar,8,53,25,0,86,0,0,63,2,65,8,53,88,2,151,34,0,34,185
08/26/2012,LEX,KY,ASO,CE,Combined TRACON& Tower with Radar,6,70,45,0,121,0,0,54,0,54,6,70,99,0,175,44,0,44,219
08/27/2012,LEX,KY,ASO,CE,Combined TRACON& Tower with Radar,9,69,27,0,105,0,2,26,0,28,9,71,53,0,133,6,0,6,139
08/28/2012,LEX,KY,ASO,CE,Combined TRACON& Tower with Radar,2,75,48,0,125,0,1,33,0,34,2,76,81,0,159,17,0,17,176
08/29/2012,LEX,KY,ASO,CE,Combined TRACON& Tower with Radar,2,77,29,8,116,0,0,58,3,61,2,77,87,11,177,10,0,10,187
08/30/2012,LEX,KY,ASO,CE,Combined TRACON& Tower with Radar,11,75,65,4,155,0,1,65,1,67,11,76,130,5,222,18,0,18,240
08/31/2012,LEX,KY,ASO,CE,Combined TRACON& Tower with Radar,12,71,54,0,137,0,1,51,1,53,12,72,105,1,190,7,0,7,197
09/01/2012,LEX,KY,ASO,CE,Combined TRACON& Tower with Radar,4,48,20,0,72,0,2,23,0,25,4,50,43,0,97,0,0,0,97
09/02/2012,LEX,KY,ASO,CE,Combined TRACON& Tower with Radar,7,42,17,0,66,0,2,7,0,9,7,44,24,0,75,0,0,0,75
09/03/2012,LEX,KY,ASO,CE,Combined TRACON& Tower with Radar,7,75,39,0,121,0,2,6,0,8,7,77,45,0,129,0,0,0,129
09/04/2012,LEX,KY,ASO,CE,Combined TRACON& Tower with Radar,3,73,44,2,122,0,0,20,0,20,3,73,64,2,142,8,0,8,150
09/05/2012,LEX,KY,ASO,CE,Combined TRACON& Tower with Radar,7,77,54,2,140,0,0,28,2,30,7,77,82,4,170,8,0,8,178
09/06/2012,LEX,KY,ASO,CE,Combined TRACON& Tower with Radar,16,73,47,4,140,0,0,41,6,47,16,73,88,10,187,30,0,30,217
09/07/2012,LEX,KY,ASO,CE,Combined TRACON& Tower with Radar,19,88,46,4,157,0,2,44,4,50,19,90,90,8,207,0,14,14,221
09/08/2012,LEX,KY,ASO,CE,Combined TRACON& Tower with Radar,9,49,33,0,91,0,1,36,2,39,9,50,69,2,130,46,0,46,176
09/09/2012,LEX,KY,ASO,CE,Combined TRACON& Tower with Radar,14,80,52,4,150,0,1,83,0,84,14,81,135,4,234,0,0,0,234
09/10/2012,LEX,KY,ASO,CE,Combined TRACON& Tower with Radar,17,83,59,6,165,0,0,50,4,54,17,83,109,10,219,6,6,12,231
09/11/2012,LEX,KY,ASO,CE,Combined TRACON& Tower with Radar,10,82,46,1,139,0,4,64,3,71,10,86,110,4,210,43,0,43,253
09/12/2012,LEX,KY,ASO,CE,Combined TRACON& Tower with Radar,10,76,79,2,167,0,2,70,1,73,10,78,149,3,240,15,0,15,255
09/13/2012,LEX,KY,ASO,CE,Combined TRACON& Tower with Radar,19,92,47,8,166,0,0,49,6,55,19,92,96,14,221,0,0,0,221
09/14/2012,LEX,KY,ASO,CE,Combined TRACON& Tower with Radar,11,98,58,6,173,0,0,47,0,47,11,98,105,6,220,4,0,4,224
09/15/2012,LEX,KY,ASO,CE,Combined TRACON& Tower with Radar,9,60,48,0,117,0,3,67,0,70,9,63,115,0,187,4,0,4,191
09/16/2012,LEX,KY,ASO,CE,Combined TRACON& Tower with Radar,11,78,42,2,133,0,1,74,0,75,11,79,116,2,208,28,0,28,236
09/17/2012,LEX,KY,ASO,CE,Combined TRACON& Tower with Radar,14,66,44,0,124,0,4,9,0,13,14,70,53,0,137,0,4,4,141
09/18/2012,LEX,KY,ASO,CE,Combined TRACON& Tower with Radar,16,75,48,2,141,0,0,12,0,12,16,75,60,2,153,0,0,0,153
09/19/2012,LEX,KY,ASO,CE,Combined TRACON& Tower with Radar,10,86,65,0,161,0,2,89,0,91,10,88,154,0,252,28,0,28,280
09/20/2012,LEX,KY,ASO,CE,Combined TRACON& Tower with Radar,15,93,58,8,174,0,0,58,0,58,15,93,116,8,232,15,0,15,247
09/21/2012,LEX,KY,ASO,CE,Combined TRACON& Tower with Radar,17,89,60,6,172,0,2,48,3,53,17,91,108,9,225,2,8,10,235
09/22/2012,LEX,KY,ASO,CE,Combined TRACON& Tower with Radar,11,45,28,0,84,0,1,38,0,39,11,46,66,0,123,0,0,0,123
09/23/2012,LEX,KY,ASO,CE,Combined TRACON& Tower with Radar,11,79,45,0,135,0,2,81,0,83,11,81,126,0,218,8,0,8,226
09/24/2012,LEX,KY,ASO,CE,Combined TRACON& Tower with Radar,15,82,45,11,153,0,0,63,1,64,15,82,108,12,217,10,0,10,227
09/25/2012,LEX,KY,ASO,CE,Combined TRACON& Tower with Radar,8,67,57,2,134,0,0,9,2,11,8,67,66,4,145,18,0,18,163
09/26/2012,LEX,KY,ASO,CE,Combined TRACON& Tower with Radar,11,73,67,0,151,0,0,29,0,29,11,73,96,0,180,0,0,0,180
09/27/2012,LEX,KY,ASO,CE,Combined TRACON& Tower with Radar,15,77,62,0,154,0,0,25,0,25,15,77,87,0,179,6,0,6,185
09/28/2012,LEX,KY,ASO,CE,Combined TRACON& Tower with Radar,14,78,57,2,151,0,0,3,0,3,14,78,60,2,154,0,0,0,154
09/29/2012,LEX,KY,ASO,CE,Combined TRACON& Tower with Radar,11,49,36,1,97,0,5,31,0,36,11,54,67,1,133,0,0,0,133
09/30/2012,LEX,KY,ASO,CE,Combined TRACON& Tower with Radar,15,68,51,4,138,0,2,77,0,79,15,70,128,4,217,30,0,30,247
10/01/2012,LEX,KY,ASO,CE,Combined TRACON& Tower with Radar,19,66,47,3,135,0,0,1,0,1,19,66,48,3,136,0,0,0,136
10/02/2012,LEX,KY,ASO,CE,Combined TRACON& Tower with Radar,15,60,59,8,142,0,2,23,0,25,15,62,82,8,167,6,0,6,173
10/03/2012,LEX,KY,ASO,CE,Combined TRACON& Tower with Radar,12,65,74,13,164,0,0,51,2,53,12,65,125,15,217,8,10,18,235
10/04/2012,LEX,KY,ASO,CE,Combined TRACON& Tower with Radar,14,82,77,3,176,0,3,67,2,72,14,85,144,5,248,24,0,24,272
10/05/2012,LEX,KY,ASO,CE,Combined TRACON& Tower with Radar,16,82,68,3,169,0,0,36,1,37,16,82,104,4,206,5,0,5,211
10/06/2012,LEX,KY,ASO,CE,Combined TRACON& Tower with Radar,17,53,64,0,134,0,1,44,2,47,17,54,108,2,181,4,0,4,185
10/07/2012,LEX,KY,ASO,CE,Combined TRACON& Tower with Radar,13,71,59,1,144,0,2,62,0,64,13,73,121,1,208,8,0,8,216
10/08/2012,LEX,KY,ASO,CE,Combined TRACON& Tower with Radar,17,70,37,0,124,0,2,39,0,41,17,72,76,0,165,8,0,8,173
10/09/2012,LEX,KY,ASO,CE,Combined TRACON& Tower with Radar,13,61,49,0,123,0,0,60,2,62,13,61,109,2,185,32,0,32,217
10/10/2012,LEX,KY,ASO,CE,Combined TRACON& Tower with Radar,12,69,45,6,132,0,3,18,0,21,12,72,63,6,153,42,0,42,195
10/11/2012,LEX,KY,ASO,CE,Combined TRACON& Tower with Radar,18,73,60,2,153,0,3,36,1,40,18,76,96,3,193,0,0,0,193
10/12/2012,LEX,KY,ASO,CE,Combined TRACON& Tower with Radar,20,81,55,2,158,0,3,39,4,46,20,84,94,6,204,0,0,0,204
10/13/2012,LEX,KY,ASO,CE,Combined TRACON& Tower with Radar,12,38,63,0,113,0,0,55,0,55,12,38,118,0,168,15,0,15,183
10/14/2012,LEX,KY,ASO,CE,Combined TRACON& Tower with Radar,16,67,26,0,109,0,0,3,0,3,16,67,29,0,112,0,0,0,112
10/15/2012,LEX,KY,ASO,CE,Combined TRACON& Tower with Radar,20,70,38,2,130,0,0,36,4,40,20,70,74,6,170,20,0,20,190
10/16/2012,LEX,KY,ASO,CE,Combined TRACON& Tower with Radar,13,66,43,4,126,0,0,65,0,65,13,66,108,4,191,14,0,14,205
10/17/2012,LEX,KY,ASO,CE,Combined TRACON& Tower with Radar,10,69,41,2,122,0,0,36,4,40,10,69,77,6,162,0,0,0,162
10/18/2012,LEX,KY,ASO,CE,Combined TRACON& Tower with Radar,18,75,58,3,154,0,2,33,4,39,18,77,91,7,193,0,0,0,193
10/19/2012,LEX,KY,ASO,CE,Combined TRACON& Tower with Radar,20,81,79,2,182,0,4,37,1,42,20,85,116,3,224,6,0,6,230
10/20/2012,LEX,KY,ASO,CE,Combined TRACON& Tower with Radar,12,53,38,0,103,0,3,61,0,64,12,56,99,0,167,16,0,16,183
10/21/2012,LEX,KY,ASO,CE,Combined TRACON& Tower with Radar,14,81,57,0,152,0,4,81,0,85,14,85,138,0,237,34,0,34,271
10/22/2012,LEX,KY,ASO,CE,Combined TRACON& Tower with Radar,18,60,49,3,130,0,0,41,0,41,18,60,90,3,171,0,0,0,171
10/23/2012,LEX,KY,ASO,CE,Combined TRACON& Tower with Radar,13,72,54,2,141,0,1,65,3,69,13,73,119,5,210,20,0,20,230
10/24/2012,LEX,KY,ASO,CE,Combined TRACON& Tower with Radar,13,69,79,2,163,0,1,59,0,60,13,70,138,2,223,38,0,38,261
10/25/2012,LEX,KY,ASO,CE,Combined TRACON& Tower with Radar,20,66,60,3,149,0,2,55,9,66,20,68,115,12,215,8,0,8,223
10/26/2012,LEX,KY,ASO,CE,Combined TRACON& Tower with Radar,16,70,67,2,155,0,4,17,6,27,16,74,84,8,182,12,0,12,194
10/27/2012,LEX,KY,ASO,CE,Combined TRACON& Tower with Radar,14,44,39,4,101,0,2,2,0,4,14,46,41,4,105,0,0,0,105
10/28/2012,LEX,KY,ASO,CE,Combined TRACON& Tower with Radar,12,66,33,0,111,0,0,6,0,6,12,66,39,0,117,14,0,14,131
10/29/2012,LEX,KY,ASO,CE,Combined TRACON& Tower with Radar,20,62,29,0,111,0,1,7,0,8,20,63,36,0,119,10,0,10,129
10/30/2012,LEX,KY,ASO,CE,Combined TRACON& Tower with Radar,12,54,37,0,103,0,0,0,0,0,12,54,37,0,103,0,0,0,103
10/31/2012,LEX,KY,ASO,CE,Combined TRACON& Tower with Radar,13,62,46,2,123,0,1,10,0,11,13,63,56,2,134,0,0,0,134
11/01/2012,LEX,KY,ASO,CE,Combined TRACON& Tower with Radar,14,76,71,1,162,0,1,61,3,65,14,77,132,4,227,14,0,14,241
11/02/2012,LEX,KY,ASO,CE,Combined TRACON& Tower with Radar,18,82,59,3,162,0,9,72,1,82,18,91,131,4,244,22,0,22,266
11/03/2012,LEX,KY,ASO,CE,Combined TRACON& Tower with Radar,11,51,29,4,95,0,1,35,0,36,11,52,64,4,131,28,0,28,159
11/04/2012,LEX,KY,ASO,CE,Combined TRACON& Tower with Radar,17,81,64,3,165,0,1,61,0,62,17,82,125,3,227,6,0,6,233
11/05/2012,LEX,KY,ASO,CE,Combined TRACON& Tower with Radar,19,77,63,3,162,0,1,30,0,31,19,78,93,3,193,0,0,0,193
11/06/2012,LEX,KY,ASO,CE,Combined TRACON& Tower with Radar,8,65,31,3,107,0,1,38,1,40,8,66,69,4,147,10,0,10,157
11/07/2012,LEX,KY,ASO,CE,Combined TRACON& Tower with Radar,9,81,55,4,149,0,0,11,2,13,9,81,66,6,162,0,0,0,162
11/08/2012,LEX,KY,ASO,CE,Combined TRACON& Tower with Radar,12,78,59,11,160,0,0,51,1,52,12,78,110,12,212,22,32,54,266
11/09/2012,LEX,KY,ASO,CE,Combined TRACON& Tower with Radar,11,72,54,0,137,0,2,58,2,62,11,74,112,2,199,10,0,10,209
11/10/2012,LEX,KY,ASO,CE,Combined TRACON& Tower with Radar,9,44,23,0,76,0,2,56,1,59,9,46,79,1,135,24,0,24,159
11/11/2012,LEX,KY,ASO,CE,Combined TRACON& Tower with Radar,11,67,40,0,118,0,2,17,0,19,11,69,57,0,137,0,0,0,137
11/12/2012,LEX,KY,ASO,CE,Combined TRACON& Tower with Radar,20,78,22,0,120,0,0,1,0,1,20,78,23,0,121,0,0,0,121
11/13/2012,LEX,KY,ASO,CE,Combined TRACON& Tower with Radar,10,75,56,8,149,0,0,48,0,48,10,75,104,8,197,33,16,49,246
11/14/2012,LEX,KY,ASO,CE,Combined TRACON& Tower with Radar,13,76,63,15,167,0,4,46,1,51,13,80,109,16,218,2,0,2,220
11/15/2012,LEX,KY,ASO,CE,Combined TRACON& Tower with Radar,10,71,47,7,135,0,2,47,7,56,10,73,94,14,191,30,35,65,256
11/16/2012,LEX,KY,ASO,CE,Combined TRACON& Tower with Radar,10,79,60,4,153,0,0,58,0,58,10,79,118,4,211,24,0,24,235
11/17/2012,LEX,KY,ASO,CE,Combined TRACON& Tower with Radar,7,48,42,0,97,0,2,75,1,78,7,50,117,1,175,22,0,22,197
11/18/2012,LEX,KY,ASO,CE,Combined TRACON& Tower with Radar,8,54,54,2,118,0,0,73,0,73,8,54,127,2,191,61,0,61,252
11/19/2012,LEX,KY,ASO,CE,Combined TRACON& Tower with Radar,10,62,40,0,112,0,1,40,0,41,10,63,80,0,153,0,0,0,153
11/20/2012,LEX,KY,ASO,CE,Combined TRACON& Tower with Radar,17,69,43,2,131,0,3,57,0,60,17,72,100,2,191,32,0,32,223
11/21/2012,LEX,KY,ASO,CE,Combined TRACON& Tower with Radar,17,73,49,2,141,0,2,64,0,66,17,75,113,2,207,53,0,53,260
11/22/2012,LEX,KY,ASO,CE,Combined TRACON& Tower with Radar,8,28,14,0,50,0,0,37,0,37,8,28,51,0,87,0,0,0,87
11/23/2012,LEX,KY,ASO,CE,Combined TRACON& Tower with Radar,8,31,28,0,67,0,5,22,0,27,8,36,50,0,94,2,0,2,96
11/24/2012,LEX,KY,ASO,CE,Combined TRACON& Tower with Radar,15,61,52,4,132,0,0,43,0,43,15,61,95,4,175,16,0,16,191
11/25/2012,LEX,KY,ASO,CE,Combined TRACON& Tower with Radar,10,74,70,0,154,0,4,51,1,56,10,78,121,1,210,23,0,23,233
11/26/2012,LEX,KY,ASO,CE,Combined TRACON& Tower with Radar,11,61,42,5,119,0,6,46,1,53,11,67,88,6,172,0,0,0,172
11/27/2012,LEX,KY,ASO,CE,Combined TRACON& Tower with Radar,6,62,31,7,106,0,4,3,1,8,6,66,34,8,114,0,0,0,114
11/28/2012,LEX,KY,ASO,CE,Combined TRACON& Tower with Radar,10,66,43,7,126,0,0,52,3,55,10,66,95,10,181,30,0,30,211
11/29/2012,LEX,KY,ASO,CE,Combined TRACON& Tower with Radar,11,65,42,1,119,0,1,76,1,78,11,66,118,2,197,12,0,12,209
11/30/2012,LEX,KY,ASO,CE,Combined TRACON& Tower with Radar,10,61,53,2,126,0,4,58,2,64,10,65,111,4,190,0,0,0,190
12/01/2012,LEX,KY,ASO,CE,Combined TRACON& Tower with Radar,9,44,36,4,93,0,2,69,2,73,9,46,105,6,166,48,0,48,214
12/02/2012,LEX,KY,ASO,CE,Combined TRACON& Tower with Radar,8,58,26,0,92,0,2,3,2,7,8,60,29,2,99,0,0,0,99
12/03/2012,LEX,KY,ASO,CE,Combined TRACON& Tower with Radar,10,65,40,0,115,0,0,35,0,35,10,65,75,0,150,50,0,50,200
12/04/2012,LEX,KY,ASO,CE,Combined TRACON& Tower with Radar,8,54,28,0,90,0,1,10,0,11,8,55,38,0,101,0,0,0,101
12/05/2012,LEX,KY,ASO,CE,Combined TRACON& Tower with Radar,6,68,51,6,131,0,2,52,2,56,6,70,103,8,187,0,0,0,187
12/06/2012,LEX,KY,ASO,CE,Combined TRACON& Tower with Radar,14,66,51,2,133,0,0,20,0,20,14,66,71,2,153,4,0,4,157
12/07/2012,LEX,KY,ASO,CE,Combined TRACON& Tower with Radar,8,63,54,0,125,0,0,6,0,6,8,63,60,0,131,0,0,0,131
12/08/2012,LEX,KY,ASO,CE,Combined TRACON& Tower with Radar,8,41,41,0,90,0,0,1,0,1,8,41,42,0,91,6,0,6,97
12/09/2012,LEX,KY,ASO,CE,Combined TRACON& Tower with Radar,8,57,28,0,93,0,0,6,2,8,8,57,34,2,101,4,0,4,105
12/10/2012,LEX,KY,ASO,CE,Combined TRACON& Tower with Radar,8,49,37,0,94,0,0,0,0,0,8,49,37,0,94,0,0,0,94
12/11/2012,LEX,KY,ASO,CE,Combined TRACON& Tower with Radar,12,59,40,2,113,0,2,42,0,44,12,61,82,2,157,40,0,40,197
12/12/2012,LEX,KY,ASO,CE,Combined TRACON& Tower with Radar,8,75,43,12,138,0,7,55,0,62,8,82,98,12,200,19,12,31,231
12/13/2012,LEX,KY,ASO,CE,Combined TRACON& Tower with Radar,12,64,46,2,124,0,0,68,0,68,12,64,114,2,192,10,0,10,202
12/14/2012,LEX,KY,ASO,CE,Combined TRACON& Tower with Radar,11,57,62,0,130,0,3,89,0,92,11,60,151,0,222,26,0,26,248
12/15/2012,LEX,KY,ASO,CE,Combined TRACON& Tower with Radar,6,43,19,0,68,0,0,20,0,20,6,43,39,0,88,0,0,0,88
12/16/2012,LEX,KY,ASO,CE,Combined TRACON& Tower with Radar,9,62,44,3,118,0,2,15,0,17,9,64,59,3,135,0,0,0,135
12/17/2012,LEX,KY,ASO,CE,Combined TRACON& Tower with Radar,12,57,51,0,120,0,0,6,0,6,12,57,57,0,126,0,0,0,126
12/18/2012,LEX,KY,ASO,CE,Combined TRACON& Tower with Radar,6,56,49,9,120,0,4,24,2,30,6,60,73,11,150,25,0,25,175
12/19/2012,LEX,KY,ASO,CE,Combined TRACON& Tower with Radar,9,58,40,4,111,0,0,68,3,71,9,58,108,7,182,12,0,12,194
12/20/2012,LEX,KY,ASO,CE,Combined TRACON& Tower with Radar,11,50,23,0,84,0,2,1,0,3,11,52,24,0,87,0,0,0,87
12/21/2012,LEX,KY,ASO,CE,Combined TRACON& Tower with Radar,12,62,27,2,103,0,1,3,0,4,12,63,30,2,107,0,0,0,107
12/22/2012,LEX,KY,ASO,CE,Combined TRACON& Tower with Radar,14,48,27,0,89,0,0,46,0,46,14,48,73,0,135,14,0,14,149
12/23/2012,LEX,KY,ASO,CE,Combined TRACON& Tower with Radar,7,52,29,0,88,0,1,64,0,65,7,53,93,0,153,12,0,12,165
12/24/2012,LEX,KY,ASO,CE,Combined TRACON& Tower with Radar,14,41,10,0,65,0,0,0,0,0,14,41,10,0,65,0,0,0,65
12/25/2012,LEX,KY,ASO,CE,Combined TRACON& Tower with Radar,7,37,14,0,58,0,0,1,0,1,7,37,15,0,59,0,0,0,59
12/26/2012,LEX,KY,ASO,CE,Combined TRACON& Tower with Radar,13,61,21,0,95,0,0,0,0,0,13,61,21,0,95,0,0,0,95
12/27/2012,LEX,KY,ASO,CE,Combined TRACON& Tower with Radar,9,61,29,2,101,0,0,14,0,14,9,61,43,2,115,0,0,0,115
12/28/2012,LEX,KY,ASO,CE,Combined TRACON& Tower with Radar,12,62,25,0,99,0,0,26,0,26,12,62,51,0,125,20,0,20,145
12/29/2012,LEX,KY,ASO,CE,Combined TRACON& Tower with Radar,8,44,7,0,59,0,0,1,0,1,8,44,8,0,60,0,0,0,60
12/30/2012,LEX,KY,ASO,CE,Combined TRACON& Tower with Radar,9,50,26,0,85,0,6,37,0,43,9,56,63,0,128,26,0,26,154
12/31/2012,LEX,KY,ASO,CE,Combined TRACON& Tower with Radar,12,39,13,0,64,0,5,26,0,31,12,44,39,0,95,0,0,0,95
01/01/2013,LEX,KY,ASO,CE,Combined TRACON& Tower with Radar,8,39,3,0,50,0,0,0,0,0,8,39,3,0,50,0,0,0,50
01/02/2013,LEX,KY,ASO,CE,Combined TRACON& Tower with Radar,10,66,32,2,110,0,3,23,0,26,10,69,55,2,136,6,0,6,142
01/03/2013,LEX,KY,ASO,CE,Combined TRACON& Tower with Radar,10,57,18,10,95,0,3,43,4,50,10,60,61,14,145,51,14,65,210
01/04/2013,LEX,KY,ASO,CE,Combined TRACON& Tower with Radar,13,60,42,7,122,0,0,38,1,39,13,60,80,8,161,0,0,0,161
01/05/2013,LEX,KY,ASO,CE,Combined TRACON& Tower with Radar,7,45,26,0,78,0,2,71,0,73,7,47,97,0,151,12,0,12,163
01/06/2013,LEX,KY,ASO,CE,Combined TRACON& Tower with Radar,7,57,22,0,86,0,1,14,0,15,7,58,36,0,101,20,0,20,121
01/07/2013,LEX,KY,ASO,CE,Combined TRACON& Tower with Radar,14,64,33,2,113,0,5,39,1,45,14,69,72,3,158,36,0,36,194
01/08/2013,LEX,KY,ASO,CE,Combined TRACON& Tower with Radar,8,55,59,11,133,0,3,61,4,68,8,58,120,15,201,0,0,0,201
01/09/2013,LEX,KY,ASO,CE,Combined TRACON& Tower with Radar,8,61,32,2,103,0,6,30,0,36,8,67,62,2,139,5,0,5,144
01/10/2013,LEX,KY,ASO,CE,Combined TRACON& Tower with Radar,10,68,31,4,113,0,0,6,0,6,10,68,37,4,119,0,0,0,119
01/11/2013,LEX,KY,ASO,CE,Combined TRACON& Tower with Radar,13,74,33,8,128,0,4,14,2,20,13,78,47,10,148,0,0,0,148
01/12/2013,LEX,KY,ASO,CE,Combined TRACON& Tower with Radar,10,48,23,0,81,0,0,4,1,5,10,48,27,1,86,48,0,48,134
01/13/2013,LEX,KY,ASO,CE,Combined TRACON& Tower with Radar,10,52,24,0,86,0,0,1,0,1,10,52,25,0,87,0,0,0,87
01/14/2013,LEX,KY,ASO,CE,Combined TRACON& Tower with Radar,10,58,11,2,81,0,0,7,0,7,10,58,18,2,88,0,0,0,88
01/15/2013,LEX,KY,ASO,CE,Combined TRACON& Tower with Radar,7,48,28,4,87,0,3,0,3,6,7,51,28,7,93,18,0,18,111
01/16/2013,LEX,KY,ASO,CE,Combined TRACON& Tower with Radar,6,55,40,0,101,0,0,0,0,0,6,55,40,0,101,0,0,0,101
01/17/2013,LEX,KY,ASO,CE,Combined TRACON& Tower with Radar,8,61,27,6,102,0,0,34,1,35,8,61,61,7,137,12,6,18,155
01/18/2013,LEX,KY,ASO,CE,Combined TRACON& Tower with Radar,11,58,40,1,110,0,0,61,3,64,11,58,101,4,174,24,0,24,198
01/19/2013,LEX,KY,ASO,CE,Combined TRACON& Tower with Radar,9,44,19,0,72,0,0,25,0,25,9,44,44,0,97,0,0,0,97
01/20/2013,LEX,KY,ASO,CE,Combined TRACON& Tower with Radar,10,42,22,0,74,0,0,54,0,54,10,42,76,0,128,14,0,14,142
01/21/2013,LEX,KY,ASO,CE,Combined TRACON& Tower with Radar,13,53,22,0,88,0,0,34,0,34,13,53,56,0,122,14,0,14,136
01/22/2013,LEX,KY,ASO,CE,Combined TRACON& Tower with Radar,8,49,35,4,96,0,2,41,0,43,8,51,76,4,139,17,0,17,156
01/23/2013,LEX,KY,ASO,CE,Combined TRACON& Tower with Radar,8,59,25,4,96,0,0,21,3,24,8,59,46,7,120,18,0,18,138
01/24/2013,LEX,KY,ASO,CE,Combined TRACON& Tower with Radar,12,55,34,4,105,0,1,28,5,34,12,56,62,9,139,10,2,12,151
01/25/2013,LEX,KY,ASO,CE,Combined TRACON& Tower with Radar,14,55,24,0,93,0,0,0,0,0,14,55,24,0,93,0,0,0,93
01/26/2013,LEX,KY,ASO,CE,Combined TRACON& Tower with Radar,7,54,27,3,91,0,0,45,1,46,7,54,72,4,137,20,0,20,157
01/27/2013,LEX,KY,ASO,CE,Combined TRACON& Tower with Radar,9,54,24,0,87,0,0,38,0,38,9,54,62,0,125,0,0,0,125
01/28/2013,LEX,KY,ASO,CE,Combined TRACON& Tower with Radar,12,53,30,2,97,0,0,7,0,7,12,53,37,2,104,0,0,0,104
01/29/2013,LEX,KY,ASO,CE,Combined TRACON& Tower with Radar,11,56,45,6,118,0,2,12,4,18,11,58,57,10,136,4,0,4,140
01/30/2013,LEX,KY,ASO,CE,Combined TRACON& Tower with Radar,4,49,26,0,79,0,0,0,0,0,4,49,26,0,79,0,0,0,79
01/31/2013,LEX,KY,ASO,CE,Combined TRACON& Tower with Radar,6,55,22,4,87,0,0,7,4,11,6,55,29,8,98,0,0,0,98
02/01/2013,LEX,KY,ASO,CE,Combined TRACON& Tower with Radar,17,58,26,2,103,0,0,27,2,29,17,58,53,4,132,6,0,6,138
02/02/2013,LEX,KY,ASO,CE,Combined TRACON& Tower with Radar,10,48,12,0,70,0,0,3,0,3,10,48,15,0,73,0,0,0,73
02/03/2013,LEX,KY,ASO,CE,Combined TRACON& Tower with Radar,9,58,6,0,73,0,0,3,0,3,9,58,9,0,76,2,0,2,78
02/04/2013,LEX,KY,ASO,CE,Combined TRACON& Tower with Radar,7,59,24,1,91,0,2,18,1,21,7,61,42,2,112,10,0,10,122
02/05/2013,LEX,KY,ASO,CE,Combined TRACON& Tower with Radar,6,67,38,2,113,0,1,15,0,16,6,68,53,2,129,11,0,11,140
02/06/2013,LEX,KY,ASO,CE,Combined TRACON& Tower with Radar,6,68,47,7,128,0,3,58,1,62,6,71,105,8,190,34,0,34,224
02/07/2013,LEX,KY,ASO,CE,Combined TRACON& Tower with Radar,13,64,47,4,128,0,2,78,5,85,13,66,125,9,213,8,0,8,221
02/08/2013,LEX,KY,ASO,CE,Combined TRACON& Tower with Radar,15,58,35,0,108,0,3,14,2,19,15,61,49,2,127,0,0,0,127
02/09/2013,LEX,KY,ASO,CE,Combined TRACON& Tower with Radar,9,44,43,10,106,0,8,107,1,116,9,52,150,11,222,23,0,23,245
02/10/2013,LEX,KY,ASO,CE,Combined TRACON& Tower with Radar,9,50,20,2,81,0,3,16,0,19,9,53,36,2,100,20,0,20,120
02/11/2013,LEX,KY,ASO,CE,Combined TRACON& Tower with Radar,16,56,34,0,106,0,0,16,0,16,16,56,50,0,122,8,0,8,130
02/12/2013,LEX,KY,ASO,CE,Combined TRACON& Tower with Radar,8,56,53,16,133,0,1,60,1,62,8,57,113,17,195,8,10,18,213
02/13/2013,LEX,KY,ASO,CE,Combined TRACON& Tower with Radar,11,58,29,2,100,0,0,6,2,8,11,58,35,4,108,0,0,0,108
02/14/2013,LEX,KY,ASO,CE,Combined TRACON& Tower with Radar,11,63,34,18,126,0,1,13,0,14,11,64,47,18,140,6,17,23,163
02/15/2013,LEX,KY,ASO,CE,Combined TRACON& Tower with Radar,14,65,30,6,115,0,2,19,4,25,14,67,49,10,140,9,0,9,149
02/16/2013,LEX,KY,ASO,CE,Combined TRACON& Tower with Radar,9,46,16,0,71,0,0,29,0,29,9,46,45,0,100,10,0,10,110
02/17/2013,LEX,KY,ASO,CE,Combined TRACON& Tower with Radar,8,47,31,0,86,0,2,55,0,57,8,49,86,0,143,2,0,2,145
02/18/2013,LEX,KY,ASO,CE,Combined TRACON& Tower with Radar,13,56,29,2,100,0,1,20,0,21,13,57,49,2,121,0,0,0,121
02/19/2013,LEX,KY,ASO,CE,Combined TRACON& Tower with Radar,9,62,25,0,96,0,2,9,1,12,9,64,34,1,108,0,0,0,108
02/20/2013,LEX,KY,ASO,CE,Combined TRACON& Tower with Radar,6,71,55,1,133,0,1,46,1,48,6,72,101,2,181,22,0,22,203
02/21/2013,LEX,KY,ASO,CE,Combined TRACON& Tower with Radar,10,72,35,6,123,0,0,26,2,28,10,72,61,8,151,0,0,0,151
02/22/2013,LEX,KY,ASO,CE,Combined TRACON& Tower with Radar,12,63,37,0,112,0,0,15,2,17,12,63,52,2,129,0,0,0,129
02/23/2013,LEX,KY,ASO,CE,Combined TRACON& Tower with Radar,9,52,54,0,115,0,0,53,4,57,9,52,107,4,172,44,0,44,216
02/24/2013,LEX,KY,ASO,CE,Combined TRACON& Tower with Radar,11,63,54,2,130,0,2,84,2,88,11,65,138,4,218,14,0,14,232
02/25/2013,LEX,KY,ASO,CE,Combined TRACON& Tower with Radar,13,63,33,0,109,0,4,30,0,34,13,67,63,0,143,0,0,0,143
02/26/2013,LEX,KY,ASO,CE,Combined TRACON& Tower with Radar,8,63,15,10,96,0,1,10,0,11,8,64,25,10,107,0,0,0,107
02/27/2013,LEX,KY,ASO,CE,Combined TRACON& Tower with Radar,11,74,34,2,121,0,1,4,0,5,11,75,38,2,126,0,0,0,126
02/28/2013,LEX,KY,ASO,CE,Combined TRACON& Tower with Radar,12,76,22,0,110,0,0,3,2,5,12,76,25,2,115,6,0,6,121
03/01/2013,LEX,KY,ASO,CE,Combined TRACON& Tower with Radar,14,65,18,0,97,0,0,0,0,0,14,65,18,0,97,0,0,0,97
03/02/2013,LEX,KY,ASO,CE,Combined TRACON& Tower with Radar,12,52,13,1,78,0,2,2,0,4,12,54,15,1,82,0,0,0,82
03/03/2013,LEX,KY,ASO,CE,Combined TRACON& Tower with Radar,9,63,22,0,94,0,0,15,0,15,9,63,37,0,109,34,0,34,143
03/04/2013,LEX,KY,ASO,CE,Combined TRACON& Tower with Radar,14,66,35,2,117,0,0,56,2,58,14,66,91,4,175,6,0,6,181
03/05/2013,LEX,KY,ASO,CE,Combined TRACON& Tower with Radar,11,61,41,0,113,0,0,0,0,0,11,61,41,0,113,0,0,0,113
03/06/2013,LEX,KY,ASO,CE,Combined TRACON& Tower with Radar,13,61,26,10,110,0,5,2,2,9,13,66,28,12,119,0,0,0,119
03/07/2013,LEX,KY,ASO,CE,Combined TRACON& Tower with Radar,12,73,52,4,141,0,0,14,0,14,12,73,66,4,155,0,0,0,155
03/08/2013,LEX,KY,ASO,CE,Combined TRACON& Tower with Radar,12,69,48,8,137,0,4,69,4,77,12,73,117,12,214,15,0,15,229
03/09/2013,LEX,KY,ASO,CE,Combined TRACON& Tower with Radar,9,64,43,0,116,0,2,70,1,73,9,66,113,1,189,55,0,55,244
03/10/2013,LEX,KY,ASO,CE,Combined TRACON& Tower with Radar,10,57,16,0,83,0,2,13,4,19,10,59,29,4,102,20,0,20,122
03/11/2013,LEX,KY,ASO,CE,Combined TRACON& Tower with Radar,15,64,23,0,102,0,0,1,0,1,15,64,24,0,103,2,0,2,105
03/12/2013,LEX,KY,ASO,CE,Combined TRACON& Tower with Radar,11,65,44,1,121,0,1,25,1,27,11,66,69,2,148,0,0,0,148
03/13/2013,LEX,KY,ASO,CE,Combined TRACON& Tower with Radar,12,66,38,4,120,0,0,8,0,8,12,66,46,4,128,3,0,3,131
03/14/2013,LEX,KY,ASO,CE,Combined TRACON& Tower with Radar,16,64,56,3,139,0,3,45,5,53,16,67,101,8,192,14,0,14,206
03/15/2013,LEX,KY,ASO,CE,Combined TRACON& Tower with Radar,14,66,50,3,133,0,1,57,2,60,14,67,107,5,193,0,12,12,205
03/16/2013,LEX,KY,ASO,CE,Combined TRACON& Tower with Radar,9,51,35,0,95,0,7,38,2,47,9,58,73,2,142,10,0,10,152
03/17/2013,LEX,KY,ASO,CE,Combined TRACON& Tower with Radar,9,64,28,0,101,0,0,1,0,1,9,64,29,0,102,0,0,0,102
03/18/2013,LEX,KY,ASO,CE,Combined TRACON& Tower with Radar,15,58,17,0,90,0,0,2,0,2,15,58,19,0,92,0,0,0,92
03/19/2013,LEX,KY,ASO,CE,Combined TRACON& Tower with Radar,14,65,42,9,130,0,0,26,6,32,14,65,68,15,162,0,0,0,162
03/20/2013,LEX,KY,ASO,CE,Combined TRACON& Tower with Radar,13,67,60,3,143,0,1,25,9,35,13,68,85,12,178,0,0,0,178
03/21/2013,LEX,KY,ASO,CE,Combined TRACON& Tower with Radar,18,71,52,3,144,0,0,35,3,38,18,71,87,6,182,8,0,8,190
03/22/2013,LEX,KY,ASO,CE,Combined TRACON& Tower with Radar,17,73,39,3,132,0,2,63,1,66,17,75,102,4,198,22,0,22,220
03/23/2013,LEX,KY,ASO,CE,Combined TRACON& Tower with Radar,9,52,40,0,101,0,1,75,1,77,9,53,115,1,178,56,0,56,234
03/24/2013,LEX,KY,ASO,CE,Combined TRACON& Tower with Radar,9,65,22,0,96,0,0,1,0,1,9,65,23,0,97,0,0,0,97
03/25/2013,LEX,KY,ASO,CE,Combined TRACON& Tower with Radar,15,60,19,0,94,0,0,0,0,0,15,60,19,0,94,0,0,0,94
03/26/2013,LEX,KY,ASO,CE,Combined TRACON& Tower with Radar,11,81,41,8,141,0,0,1,0,1,11,81,42,8,142,0,0,0,142
03/27/2013,LEX,KY,ASO,CE,Combined TRACON& Tower with Radar,14,73,35,4,126,0,3,36,4,43,14,76,71,8,169,25,0,25,194
03/28/2013,LEX,KY,ASO,CE,Combined TRACON& Tower with Radar,10,76,64,4,154,0,3,74,4,81,10,79,138,8,235,22,4,26,261
03/29/2013,LEX,KY,ASO,CE,Combined TRACON& Tower with Radar,15,66,49,3,133,0,1,58,1,60,15,67,107,4,193,4,0,4,197
03/30/2013,LEX,KY,ASO,CE,Combined TRACON& Tower with Radar,13,50,31,0,94,0,5,47,0,52,13,55,78,0,146,28,0,28,174
03/31/2013,LEX,KY,ASO,CE,Combined TRACON& Tower with Radar,9,64,24,0,97,0,0,1,0,1,9,64,25,0,98,0,0,0,98
04/01/2013,LEX,KY,ASO,CE,Combined TRACON& Tower with Radar,15,62,19,1,97,0,2,23,1,26,15,64,42,2,123,0,0,0,123
04/02/2013,LEX,KY,ASO,CE,Combined TRACON& Tower with Radar,12,64,52,2,130,0,1,48,2,51,12,65,100,4,181,7,0,7,188
04/03/2013,LEX,KY,ASO,CE,Combined TRACON& Tower with Radar,13,62,37,1,113,0,1,72,1,74,13,63,109,2,187,10,0,10,197
04/04/2013,LEX,KY,ASO,CE,Combined TRACON& Tower with Radar,10,67,37,2,116,0,0,31,1,32,10,67,68,3,148,18,0,18,166
04/05/2013,LEX,KY,ASO,CE,Combined TRACON& Tower with Radar,14,71,53,1,139,0,5,81,3,89,14,76,134,4,228,19,0,19,247
04/06/2013,LEX,KY,ASO,CE,Combined TRACON& Tower with Radar,9,60,46,1,116,0,2,64,0,66,9,62,110,1,182,0,0,0,182
04/07/2013,LEX,KY,ASO,CE,Combined TRACON& Tower with Radar,7,81,54,0,142,0,0,27,0,27,7,81,81,0,169,9,0,9,178
04/08/2013,LEX,KY,ASO,CE,Combined TRACON& Tower with Radar,16,76,56,0,148,0,0,26,0,26,16,76,82,0,174,0,0,0,174
04/09/2013,LEX,KY,ASO,CE,Combined TRACON& Tower with Radar,8,71,63,4,146,0,4,30,0,34,8,75,93,4,180,0,0,0,180
04/10/2013,LEX,KY,ASO,CE,Combined TRACON& Tower with Radar,12,66,60,8,146,0,3,31,6,40,12,69,91,14,186,18,0,18,204
04/11/2013,LEX,KY,ASO,CE,Combined TRACON& Tower with Radar,12,85,40,8,145,0,0,8,0,8,12,85,48,8,153,0,0,0,153
04/12/2013,LEX,KY,ASO,CE,Combined TRACON& Tower with Radar,13,82,57,6,158,0,0,24,0,24,13,82,81,6,182,6,0,6,188
04/13/2013,LEX,KY,ASO,CE,Combined TRACON& Tower with Radar,7,64,60,0,131,0,2,79,0,81,7,66,139,0,212,26,0,26,238
04/14/2013,LEX,KY,ASO,CE,Combined TRACON& Tower with Radar,10,86,44,0,140,0,2,63,0,65,10,88,107,0,205,0,0,0,205
04/15/2013,LEX,KY,ASO,CE,Combined TRACON& Tower with Radar,12,71,25,6,114,0,0,25,0,25,12,71,50,6,139,36,0,36,175
04/16/2013,LEX,KY,ASO,CE,Combined TRACON& Tower with Radar,12,68,54,12,146,0,0,20,0,20,12,68,74,12,166,10,16,26,192
04/17/2013,LEX,KY,ASO,CE,Combined TRACON& Tower with Radar,10,66,76,8,160,0,0,25,0,25,10,66,101,8,185,0,0,0,185
04/18/2013,LEX,KY,ASO,CE,Combined TRACON& Tower with Radar,12,64,51,0,127,0,4,29,2,35,12,68,80,2,162,8,0,8,170
04/19/2013,LEX,KY,ASO,CE,Combined TRACON& Tower with Radar,13,65,51,0,129,0,0,9,0,9,13,65,60,0,138,0,0,0,138
04/20/2013,LEX,KY,ASO,CE,Combined TRACON& Tower with Radar,4,66,42,0,112,0,4,72,0,76,4,70,114,0,188,36,0,36,224
04/21/2013,LEX,KY,ASO,CE,Combined TRACON& Tower with Radar,9,76,51,0,136,0,2,61,0,63,9,78,112,0,199,20,0,20,219
04/22/2013,LEX,KY,ASO,CE,Combined TRACON& Tower with Radar,14,66,46,0,126,0,3,46,3,52,14,69,92,3,178,4,0,4,182
04/23/2013,LEX,KY,ASO,CE,Combined TRACON& Tower with Radar,6,74,52,4,136,0,2,32,2,36,6,76,84,6,172,28,8,36,208
04/24/2013,LEX,KY,ASO,CE,Combined TRACON& Tower with Radar,10,75,57,0,142,0,0,10,2,12,10,75,67,2,154,0,0,0,154
04/25/2013,LEX,KY,ASO,CE,Combined TRACON& Tower with Radar,14,68,75,2,159,0,3,47,0,50,14,71,122,2,209,29,0,29,238
04/26/2013,LEX,KY,ASO,CE,Combined TRACON& Tower with Radar,14,72,69,2,157,0,0,99,0,99,14,72,168,2,256,6,8,14,270
04/27/2013,LEX,KY,ASO,CE,Combined TRACON& Tower with Radar,6,54,38,12,110,0,1,32,2,35,6,55,70,14,145,4,0,4,149
04/28/2013,LEX,KY,ASO,CE,Combined TRACON& Tower with Radar,9,75,39,0,123,0,1,14,0,15,9,76,53,0,138,0,0,0,138
04/29/2013,LEX,KY,ASO,CE,Combined TRACON& Tower with Radar,15,66,54,3,138,0,0,11,2,13,15,66,65,5,151,10,0,10,161
04/30/2013,LEX,KY,ASO,CE,Combined TRACON& Tower with Radar,8,67,66,5,146,0,2,55,2,59,8,69,121,7,205,8,10,18,223
05/01/2013,LEX,KY,ASO,CE,Combined TRACON& Tower with Radar,10,74,68,2,154,0,5,61,6,72,10,79,129,8,226,10,0,10,236
05/02/2013,LEX,KY,ASO,CE,Combined TRACON& Tower with Radar,13,99,68,0,180,0,1,45,0,46,13,100,113,0,226,6,0,6,232
05/03/2013,LEX,KY,ASO,CE,Combined TRACON& Tower with Radar,12,83,73,2,170,0,1,53,0,54,12,84,126,2,224,2,0,2,226
05/04/2013,LEX,KY,ASO,CE,Combined TRACON& Tower with Radar,6,70,22,0,98,0,2,19,0,21,6,72,41,0,119,0,0,0,119
05/05/2013,LEX,KY,ASO,CE,Combined TRACON& Tower with Radar,21,96,99,0,216,0,0,3,0,3,21,96,102,0,219,0,0,0,219
05/06/2013,LEX,KY,ASO,CE,Combined TRACON& Tower with Radar,15,78,51,7,151,0,0,11,1,12,15,78,62,8,163,0,2,2,165
05/07/2013,LEX,KY,ASO,CE,Combined TRACON& Tower with Radar,6,85,45,18,154,0,6,30,0,36,6,91,75,18,190,14,0,14,204
05/08/2013,LEX,KY,ASO,CE,Combined TRACON& Tower with Radar,11,98,48,0,157,0,0,20,0,20,11,98,68,0,177,4,0,4,181
05/09/2013,LEX,KY,ASO,CE,Combined TRACON& Tower with Radar,10,82,54,9,155,0,4,55,0,59,10,86,109,9,214,38,0,38,252
05/10/2013,LEX,KY,ASO,CE,Combined TRACON& Tower with Radar,15,66,43,0,124,0,3,4,0,7,15,69,47,0,131,0,0,0,131
05/11/2013,LEX,KY,ASO,CE,Combined TRACON& Tower with Radar,5,53,43,2,103,0,0,15,0,15,5,53,58,2,118,18,0,18,136
05/12/2013,LEX,KY,ASO,CE,Combined TRACON& Tower with Radar,7,69,43,0,119,0,2,51,0,53,7,71,94,0,172,2,0,2,174
05/13/2013,LEX,KY,ASO,CE,Combined TRACON& Tower with Radar,12,77,36,0,125,0,1,60,0,61,12,78,96,0,186,14,0,14,200
05/14/2013,LEX,KY,ASO,CE,Combined TRACON& Tower with Radar,7,75,41,9,132,0,2,50,1,53,7,77,91,10,185,0,2,2,187
05/15/2013,LEX,KY,ASO,CE,Combined TRACON& Tower with Radar,8,87,65,6,166,0,8,57,3,68,8,95,122,9,234,24,0,24,258
05/16/2013,LEX,KY,ASO,CE,Combined TRACON& Tower with Radar,10,82,46,5,143,0,2,21,1,24,10,84,67,6,167,36,0,36,203
05/17/2013,LEX,KY,ASO,CE,Combined TRACON& Tower with Radar,12,75,50,8,145,0,4,53,0,57,12,79,103,8,202,12,0,12,214
05/18/2013,LEX,KY,ASO,CE,Combined TRACON& Tower with Radar,18,48,30,0,96,0,0,26,0,26,18,48,56,0,122,14,0,14,136
05/19/2013,LEX,KY,ASO,CE,Combined TRACON& Tower with Radar,19,79,40,2,140,0,3,28,0,31,19,82,68,2,171,34,0,34,205
05/20/2013,LEX,KY,ASO,CE,Combined TRACON& Tower with Radar,13,69,58,18,158,0,0,57,2,59,13,69,115,20,217,20,18,38,255
05/21/2013,LEX,KY,ASO,CE,Combined TRACON& Tower with Radar,8,58,42,2,110,0,5,30,0,35,8,63,72,2,145,2,0,2,147
05/22/2013,LEX,KY,ASO,CE,Combined TRACON& Tower with Radar,20,64,50,17,151,0,8,22,1,31,20,72,72,18,182,0,0,0,182
05/23/2013,LEX,KY,ASO,CE,Combined TRACON& Tower with Radar,17,62,71,2,152,0,0,24,0,24,17,62,95,2,176,0,0,0,176
05/24/2013,LEX,KY,ASO,CE,Combined TRACON& Tower with Radar,15,72,36,0,123,0,0,84,0,84,15,72,120,0,207,42,0,42,249
05/25/2013,LEX,KY,ASO,CE,Combined TRACON& Tower with Radar,9,50,31,2,92,0,0,73,0,73,9,50,104,2,165,20,0,20,185
05/26/2013,LEX,KY,ASO,CE,Combined TRACON& Tower with Radar,11,42,20,4,77,0,0,35,0,35,11,42,55,4,112,19,0,19,131
05/27/2013,LEX,KY,ASO,CE,Combined TRACON& Tower with Radar,15,64,25,0,104,0,3,44,2,49,15,67,69,2,153,6,0,6,159
05/28/2013,LEX,KY,ASO,CE,Combined TRACON& Tower with Radar,10,62,50,2,124,0,9,44,6,59,10,71,94,8,183,26,0,26,209
05/29/2013,LEX,KY,ASO,CE,Combined TRACON& Tower with Radar,10,72,46,1,129,0,4,54,2,60,10,76,100,3,189,4,0,4,193
05/30/2013,LEX,KY,ASO,CE,Combined TRACON& Tower with Radar,14,69,67,7,157,0,3,80,5,88,14,72,147,12,245,28,16,44,289
05/31/2013,LEX,KY,ASO,CE,Combined TRACON& Tower with Radar,11,73,69,5,158,0,0,33,1,34,11,73,102,6,192,0,2,2,194
06/01/2013,LEX,KY,ASO,CE,Combined TRACON& Tower with Radar,8,57,24,0,89,0,0,12,0,12,8,57,36,0,101,0,0,0,101
06/02/2013,LEX,KY,ASO,CE,Combined TRACON& Tower with Radar,7,73,34,0,114,0,2,17,0,19,7,75,51,0,133,18,0,18,151
06/03/2013,LEX,KY,ASO,CE,Combined TRACON& Tower with Radar,13,79,35,2,129,0,1,58,0,59,13,80,93,2,188,10,0,10,198
06/04/2013,LEX,KY,ASO,CE,Combined TRACON& Tower with Radar,9,69,48,3,129,0,0,72,1,73,9,69,120,4,202,24,0,24,226
06/05/2013,LEX,KY,ASO,CE,Combined TRACON& Tower with Radar,12,72,47,4,135,0,3,63,0,66,12,75,110,4,201,16,0,16,217
06/06/2013,LEX,KY,ASO,CE,Combined TRACON& Tower with Radar,8,82,41,0,131,0,1,18,0,19,8,83,59,0,150,4,0,4,154
06/07/2013,LEX,KY,ASO,CE,Combined TRACON& Tower with Radar,10,74,47,0,131,0,0,40,0,40,10,74,87,0,171,8,0,8,179
06/08/2013,LEX,KY,ASO,CE,Combined TRACON& Tower with Radar,12,60,41,0,113,0,4,55,2,61,12,64,96,2,174,41,0,41,215
06/09/2013,LEX,KY,ASO,CE,Combined TRACON& Tower with Radar,7,69,24,0,100,0,0,20,0,20,7,69,44,0,120,12,0,12,132
06/10/2013,LEX,KY,ASO,CE,Combined TRACON& Tower with Radar,13,65,44,1,123,0,1,20,1,22,13,66,64,2,145,22,0,22,167
06/11/2013,LEX,KY,ASO,CE,Combined TRACON& Tower with Radar,10,74,76,16,176,0,2,71,0,73,10,76,147,16,249,12,4,16,265
06/12/2013,LEX,KY,ASO,CE,Combined TRACON& Tower with Radar,12,66,45,1,124,0,0,61,5,66,12,66,106,6,190,11,0,11,201
06/13/2013,LEX,KY,ASO,CE,Combined TRACON& Tower with Radar,9,64,50,5,128,0,0,20,1,21,9,64,70,6,149,6,20,26,175
06/14/2013,LEX,KY,ASO,CE,Combined TRACON& Tower with Radar,14,80,57,3,154,0,1,104,2,107,14,81,161,5,261,51,0,51,312
06/15/2013,LEX,KY,ASO,CE,Combined TRACON& Tower with Radar,9,63,46,0,118,0,10,88,0,98,9,73,134,0,216,14,0,14,230
06/16/2013,LEX,KY,ASO,CE,Combined TRACON& Tower with Radar,6,80,25,0,111,0,4,18,0,22,6,84,43,0,133,0,0,0,133
06/17/2013,LEX,KY,ASO,CE,Combined TRACON& Tower with Radar,14,75,41,2,132,0,0,39,0,39,14,75,80,2,171,20,0,20,191
06/18/2013,LEX,KY,ASO,CE,Combined TRACON& Tower with Radar,10,76,31,2,119,0,2,32,6,40,10,78,63,8,159,25,0,25,184
06/19/2013,LEX,KY,ASO,CE,Combined TRACON& Tower with Radar,15,80,55,17,167,0,4,91,7,102,15,84,146,24,269,43,20,63,332
06/20/2013,LEX,KY,ASO,CE,Combined TRACON& Tower with Radar,10,79,58,0,147,0,0,85,2,87,10,79,143,2,234,10,0,10,244
06/21/2013,LEX,KY,ASO,CE,Combined TRACON& Tower with Radar,16,74,53,4,147,0,0,71,2,73,16,74,124,6,220,49,0,49,269
06/22/2013,LEX,KY,ASO,CE,Combined TRACON& Tower with Radar,13,59,33,0,105,0,0,71,0,71,13,59,104,0,176,20,0,20,196
06/23/2013,LEX,KY,ASO,CE,Combined TRACON& Tower with Radar,7,75,38,2,122,0,2,41,0,43,7,77,79,2,165,12,0,12,177
06/24/2013,LEX,KY,ASO,CE,Combined TRACON& Tower with Radar,12,73,41,9,135,0,0,40,1,41,12,73,81,10,176,26,0,26,202
06/25/2013,LEX,KY,ASO,CE,Combined TRACON& Tower with Radar,9,72,37,5,123,0,0,62,3,65,9,72,99,8,188,6,0,6,194
06/26/2013,LEX,KY,ASO,CE,Combined TRACON& Tower with Radar,12,66,45,4,127,0,0,38,0,38,12,66,83,4,165,7,0,7,172
06/27/2013,LEX,KY,ASO,CE,Combined TRACON& Tower with Radar,8,67,50,4,129,0,1,18,0,19,8,68,68,4,148,4,8,12,160
06/28/2013,LEX,KY,ASO,CE,Combined TRACON& Tower with Radar,12,73,42,2,129,0,0,41,0,41,12,73,83,2,170,48,0,48,218
06/29/2013,LEX,KY,ASO,CE,Combined TRACON& Tower with Radar,10,74,23,0,107,0,1,48,0,49,10,75,71,0,156,14,0,14,170
06/30/2013,LEX,KY,ASO,CE,Combined TRACON& Tower with Radar,7,69,30,0,106,0,0,43,0,43,7,69,73,0,149,26,0,26,175
07/01/2013,LEX,KY,ASO,CE,Combined TRACON& Tower with Radar,9,62,36,0,107,0,0,17,0,17,9,62,53,0,124,12,0,12,136
07/02/2013,LEX,KY,ASO,CE,Combined TRACON& Tower with Radar,11,65,45,4,125,0,1,45,2,48,11,66,90,6,173,2,0,2,175
07/03/2013,LEX,KY,ASO,CE,Combined TRACON& Tower with Radar,12,66,40,1,119,0,4,30,1,35,12,70,70,2,154,16,0,16,170
07/04/2013,LEX,KY,ASO,CE,Combined TRACON& Tower with Radar,12,39,9,0,60,0,0,1,0,1,12,39,10,0,61,0,0,0,61
07/05/2013,LEX,KY,ASO,CE,Combined TRACON& Tower with Radar,12,53,21,0,86,0,2,5,0,7,12,55,26,0,93,0,0,0,93
07/06/2013,LEX,KY,ASO,CE,Combined TRACON& Tower with Radar,11,52,27,0,90,0,0,8,0,8,11,52,35,0,98,0,0,0,98
07/07/2013,LEX,KY,ASO,CE,Combined TRACON& Tower with Radar,9,70,41,0,120,0,0,26,0,26,9,70,67,0,146,50,0,50,196
07/08/2013,LEX,KY,ASO,CE,Combined TRACON& Tower with Radar,11,74,65,2,152,0,1,57,0,58,11,75,122,2,210,33,0,33,243
07/09/2013,LEX,KY,ASO,CE,Combined TRACON& Tower with Radar,7,76,39,11,133,0,2,43,2,47,7,78,82,13,180,3,0,3,183
07/10/2013,LEX,KY,ASO,CE,Combined TRACON& Tower with Radar,10,71,31,1,113,0,0,30,2,32,10,71,61,3,145,6,0,6,151
07/11/2013,LEX,KY,ASO,CE,Combined TRACON& Tower with Radar,10,72,72,3,157,0,0,49,1,50,10,72,121,4,207,24,0,24,231
07/12/2013,LEX,KY,ASO,CE,Combined TRACON& Tower with Radar,9,74,48,4,135,0,2,85,0,87,9,76,133,4,222,17,0,17,239
07/13/2013,LEX,KY,ASO,CE,Combined TRACON& Tower with Radar,11,61,35,0,107,0,0,46,0,46,11,61,81,0,153,0,0,0,153
07/14/2013,LEX,KY,ASO,CE,Combined TRACON& Tower with Radar,8,80,39,7,134,0,0,53,0,53,8,80,92,7,187,53,0,53,240
07/15/2013,LEX,KY,ASO,CE,Combined TRACON& Tower with Radar,13,79,34,0,126,0,0,65,1,66,13,79,99,1,192,18,0,18,210
07/16/2013,LEX,KY,ASO,CE,Combined TRACON& Tower with Radar,9,86,60,3,158,0,0,55,5,60,9,86,115,8,218,8,0,8,226
07/17/2013,LEX,KY,ASO,CE,Combined TRACON& Tower with Radar,10,68,45,8,131,0,2,40,3,45,10,70,85,11,176,27,5,32,208
07/18/2013,LEX,KY,ASO,CE,Combined TRACON& Tower with Radar,11,76,69,4,160,0,2,34,3,39,11,78,103,7,199,16,2,18,217
07/19/2013,LEX,KY,ASO,CE,Combined TRACON& Tower with Radar,13,73,53,2,141,0,0,76,0,76,13,73,129,2,217,10,0,10,227
07/20/2013,LEX,KY,ASO,CE,Combined TRACON& Tower with Radar,9,64,15,0,88,0,0,66,0,66,9,64,81,0,154,15,0,15,169
07/21/2013,LEX,KY,ASO,CE,Combined TRACON& Tower with Radar,6,68,37,2,113,0,1,18,0,19,6,69,55,2,132,20,0,20,152
07/22/2013,LEX,KY,ASO,CE,Combined TRACON& Tower with Radar,15,78,24,0,117,0,0,12,0,12,15,78,36,0,129,4,0,4,133
07/23/2013,LEX,KY,ASO,CE,Combined TRACON& Tower with Radar,11,74,54,14,153,0,1,26,24,51,11,75,80,38,204,16,0,16,220
07/24/2013,LEX,KY,ASO,CE,Combined TRACON& Tower with Radar,11,77,55,4,147,0,0,59,0,59,11,77,114,4,206,31,0,31,237
07/25/2013,LEX,KY,ASO,CE,Combined TRACON& Tower with Radar,10,72,55,14,151,0,8,56,1,65,10,80,111,15,216,12,6,18,234
07/26/2013,LEX,KY,ASO,CE,Combined TRACON& Tower with Radar,11,75,60,5,151,0,2,78,3,83,11,77,138,8,234,42,0,42,276
07/27/2013,LEX,KY,ASO,CE,Combined TRACON& Tower with Radar,12,57,22,0,91,0,3,37,0,40,12,60,59,0,131,4,0,4,135
07/28/2013,LEX,KY,ASO,CE,Combined TRACON& Tower with Radar,7,69,47,0,123,0,4,71,1,76,7,73,118,1,199,20,0,20,219
07/29/2013,LEX,KY,ASO,CE,Combined TRACON& Tower with Radar,11,74,41,2,128,0,2,65,0,67,11,76,106,2,195,24,0,24,219
07/30/2013,LEX,KY,ASO,CE,Combined TRACON& Tower with Radar,12,65,44,6,127,1,0,47,2,50,13,65,91,8,177,2,0,2,179
07/31/2013,LEX,KY,ASO,CE,Combined TRACON& Tower with Radar,8,77,54,4,143,0,0,4,2,6,8,77,58,6,149,0,0,0,149
08/01/2013,LEX,KY,ASO,CE,Combined TRACON& Tower with Radar,13,74,41,2,130,0,2,36,0,38,13,76,77,2,168,34,0,34,202
08/02/2013,LEX,KY,ASO,CE,Combined TRACON& Tower with Radar,13,82,40,4,139,0,2,46,0,48,13,84,86,4,187,10,0,10,197
08/03/2013,LEX,KY,ASO,CE,Combined TRACON& Tower with Radar,6,70,29,0,105,0,1,19,0,20,6,71,48,0,125,44,0,44,169
08/04/2013,LEX,KY,ASO,CE,Combined TRACON& Tower with Radar,7,74,44,0,125,0,4,66,0,70,7,78,110,0,195,30,0,30,225
08/05/2013,LEX,KY,ASO,CE,Combined TRACON& Tower with Radar,12,69,42,1,124,0,2,52,4,58,12,71,94,5,182,25,0,25,207
08/06/2013,LEX,KY,ASO,CE,Combined TRACON& Tower with Radar,8,80,45,0,133,0,1,51,0,52,8,81,96,0,185,24,0,24,209
08/07/2013,LEX,KY,ASO,CE,Combined TRACON& Tower with Radar,7,77,42,0,126,0,0,14,0,14,7,77,56,0,140,28,0,28,168
08/08/2013,LEX,KY,ASO,CE,Combined TRACON& Tower with Radar,12,68,49,2,131,0,0,21,0,21,12,68,70,2,152,14,0,14,166
08/09/2013,LEX,KY,ASO,CE,Combined TRACON& Tower with Radar,13,82,50,12,157,0,0,9,1,10,13,82,59,13,167,0,16,16,183
08/10/2013,LEX,KY,ASO,CE,Combined TRACON& Tower with Radar,7,60,29,0,96,0,4,12,0,16,7,64,41,0,112,26,0,26,138
08/11/2013,LEX,KY,ASO,CE,Combined TRACON& Tower with Radar,7,81,49,0,137,0,4,34,0,38,7,85,83,0,175,14,0,14,189
08/12/2013,LEX,KY,ASO,CE,Combined TRACON& Tower with Radar,13,78,21,2,114,0,0,16,0,16,13,78,37,2,130,0,0,0,130
08/13/2013,LEX,KY,ASO,CE,Combined TRACON& Tower with Radar,8,86,46,2,142,0,0,38,3,41,8,86,84,5,183,1,0,1,184
08/14/2013,LEX,KY,ASO,CE,Combined TRACON& Tower with Radar,4,86,46,5,141,0,4,90,3,97,4,90,136,8,238,19,0,19,257
08/15/2013,LEX,KY,ASO,CE,Combined TRACON& Tower with Radar,10,70,40,2,122,0,0,71,3,74,10,70,111,5,196,36,0,36,232
08/16/2013,LEX,KY,ASO,CE,Combined TRACON& Tower with Radar,9,83,53,18,163,0,5,68,4,77,9,88,121,22,240,39,0,39,279
08/17/2013,LEX,KY,ASO,CE,Combined TRACON& Tower with Radar,6,64,37,0,107,0,3,46,0,49,6,67,83,0,156,42,0,42,198
08/18/2013,LEX,KY,ASO,CE,Combined TRACON& Tower with Radar,6,87,37,7,137,0,4,22,0,26,6,91,59,7,163,0,0,0,163
08/19/2013,LEX,KY,ASO,CE,Combined TRACON& Tower with Radar,11,73,38,1,123,0,0,19,0,19,11,73,57,1,142,26,0,26,168
08/20/2013,LEX,KY,ASO,CE,Combined TRACON& Tower with Radar,8,73,45,6,132,0,2,33,1,36,8,75,78,7,168,22,0,22,190
08/21/2013,LEX,KY,ASO,CE,Combined TRACON& Tower with Radar,6,70,51,0,127,0,0,18,0,18,6,70,69,0,145,0,0,0,145
08/22/2013,LEX,KY,ASO,CE,Combined TRACON& Tower with Radar,10,80,40,0,130,0,0,29,2,31,10,80,69,2,161,5,0,5,166
08/23/2013,LEX,KY,ASO,CE,Combined TRACON& Tower with Radar,10,81,44,2,137,0,5,33,0,38,10,86,77,2,175,36,0,36,211
08/24/2013,LEX,KY,ASO,CE,Combined TRACON& Tower with Radar,7,56,27,2,92,0,0,85,0,85,7,56,112,2,177,24,0,24,201
08/25/2013,LEX,KY,ASO,CE,Combined TRACON& Tower with Radar,7,83,40,0,130,0,7,55,1,63,7,90,95,1,193,29,0,29,222
08/26/2013,LEX,KY,ASO,CE,Combined TRACON& Tower with Radar,10,81,38,0,129,0,2,41,0,43,10,83,79,0,172,0,0,0,172
08/27/2013,LEX,KY,ASO,CE,Combined TRACON& Tower with Radar,8,73,39,5,125,0,0,43,6,49,8,73,82,11,174,4,6,10,184
08/28/2013,LEX,KY,ASO,CE,Combined TRACON& Tower with Radar,6,78,54,3,141,0,1,52,2,55,6,79,106,5,196,6,0,6,202
08/29/2013,LEX,KY,ASO,CE,Combined TRACON& Tower with Radar,10,93,56,1,160,0,1,37,1,39,10,94,93,2,199,4,0,4,203
08/30/2013,LEX,KY,ASO,CE,Combined TRACON& Tower with Radar,10,75,67,1,153,0,1,68,1,70,10,76,135,2,223,18,0,18,241
08/31/2013,LEX,KY,ASO,CE,Combined TRACON& Tower with Radar,12,42,11,0,65,0,2,19,0,21,12,44,30,0,86,24,0,24,110
09/01/2013,LEX,KY,ASO,CE,Combined TRACON& Tower with Radar,7,37,14,1,59,0,0,28,1,29,7,37,42,2,88,9,0,9,97
09/02/2013,LEX,KY,ASO,CE,Combined TRACON& Tower with Radar,10,62,31,0,103,0,1,21,0,22,10,63,52,0,125,0,0,0,125
09/03/2013,LEX,KY,ASO,CE,Combined TRACON& Tower with Radar,9,73,42,2,126,0,6,49,2,57,9,79,91,4,183,18,0,18,201
09/04/2013,LEX,KY,ASO,CE,Combined TRACON& Tower with Radar,9,68,54,4,135,0,3,70,2,75,9,71,124,6,210,13,0,13,223
09/05/2013,LEX,KY,ASO,CE,Combined TRACON& Tower with Radar,10,73,49,9,141,0,0,70,3,73,10,73,119,12,214,40,0,40,254
09/06/2013,LEX,KY,ASO,CE,Combined TRACON& Tower with Radar,13,78,35,2,128,0,5,56,2,63,13,83,91,4,191,56,0,56,247
09/07/2013,LEX,KY,ASO,CE,Combined TRACON& Tower with Radar,4,59,42,2,107,0,6,72,2,80,4,65,114,4,187,43,0,43,230
09/08/2013,LEX,KY,ASO,CE,Combined TRACON& Tower with Radar,8,83,65,0,156,0,0,50,0,50,8,83,115,0,206,34,0,34,240
09/09/2013,LEX,KY,ASO,CE,Combined TRACON& Tower with Radar,13,90,48,4,155,0,2,48,8,58,13,92,96,12,213,21,0,21,234
09/10/2013,LEX,KY,ASO,CE,Combined TRACON& Tower with Radar,6,82,67,4,159,0,6,54,0,60,6,88,121,4,219,0,0,0,219
09/11/2013,LEX,KY,ASO,CE,Combined TRACON& Tower with Radar,5,91,74,0,170,0,0,34,0,34,5,91,108,0,204,0,0,0,204
09/12/2013,LEX,KY,ASO,CE,Combined TRACON& Tower with Radar,11,82,71,0,164,0,0,22,0,22,11,82,93,0,186,18,0,18,204
09/13/2013,LEX,KY,ASO,CE,Combined TRACON& Tower with Radar,18,91,87,0,196,0,2,62,2,66,18,93,149,2,262,32,0,32,294
09/14/2013,LEX,KY,ASO,CE,Combined TRACON& Tower with Radar,6,61,41,0,108,0,2,74,7,83,6,63,115,7,191,24,0,24,215
09/15/2013,LEX,KY,ASO,CE,Combined TRACON& Tower with Radar,11,75,41,8,135,0,0,56,4,60,11,75,97,12,195,57,0,57,252
09/16/2013,LEX,KY,ASO,CE,Combined TRACON& Tower with Radar,13,77,60,0,150,0,0,43,2,45,13,77,103,2,195,24,0,24,219
09/17/2013,LEX,KY,ASO,CE,Combined TRACON& Tower with Radar,6,82,57,3,148,0,3,60,3,66,6,85,117,6,214,4,0,4,218
09/18/2013,LEX,KY,ASO,CE,Combined TRACON& Tower with Radar,6,81,59,1,147,0,2,19,1,22,6,83,78,2,169,39,0,39,208
09/19/2013,LEX,KY,ASO,CE,Combined TRACON& Tower with Radar,10,64,66,0,140,0,0,32,0,32,10,64,98,0,172,15,0,15,187
09/20/2013,LEX,KY,ASO,CE,Combined TRACON& Tower with Radar,12,73,48,11,144,0,3,54,3,60,12,76,102,14,204,14,10,24,228
09/21/2013,LEX,KY,ASO,CE,Combined TRACON& Tower with Radar,3,61,26,0,90,0,0,20,0,20,3,61,46,0,110,33,0,33,143
09/22/2013,LEX,KY,ASO,CE,Combined TRACON& Tower with Radar,8,69,40,0,117,0,1,71,2,74,8,70,111,2,191,22,0,22,213
09/23/2013,LEX,KY,ASO,CE,Combined TRACON& Tower with Radar,14,64,39,2,119,0,2,32,1,35,14,66,71,3,154,48,0,48,202
09/24/2013,LEX,KY,ASO,CE,Combined TRACON& Tower with Radar,6,77,50,1,134,0,0,57,5,62,6,77,107,6,196,9,0,9,205
09/25/2013,LEX,KY,ASO,CE,Combined TRACON& Tower with Radar,8,74,27,31,140,0,2,37,5,44,8,76,64,36,184,36,12,48,232
09/26/2013,LEX,KY,ASO,CE,Combined TRACON& Tower with Radar,10,76,57,3,146,0,0,45,3,48,10,76,102,6,194,19,0,19,213
09/27/2013,LEX,KY,ASO,CE,Combined TRACON& Tower with Radar,16,66,52,0,134,0,4,51,0,55,16,70,103,0,189,10,0,10,199
09/28/2013,LEX,KY,ASO,CE,Combined TRACON& Tower with Radar,6,59,44,0,109,0,1,65,0,66,6,60,109,0,175,20,0,20,195
09/29/2013,LEX,KY,ASO,CE,Combined TRACON& Tower with Radar,7,78,48,0,133,0,1,37,0,38,7,79,85,0,171,0,0,0,171
09/30/2013,LEX,KY,ASO,CE,Combined TRACON& Tower with Radar,12,72,44,0,128,0,5,44,0,49,12,77,88,0,177,0,0,0,177
10/01/2013,LEX,KY,ASO,CE,Combined TRACON& Tower with Radar,9,71,42,0,122,0,1,57,1,59,9,72,99,1,181,22,0,22,203
10/02/2013,LEX,KY,ASO,CE,Combined TRACON& Tower with Radar,8,64,48,0,120,0,0,53,0,53,8,64,101,0,173,4,0,4,177
10/03/2013,LEX,KY,ASO,CE,Combined TRACON& Tower with Radar,12,71,51,0,134,0,0,38,0,38,12,71,89,0,172,46,0,46,218
10/04/2013,LEX,KY,ASO,CE,Combined TRACON& Tower with Radar,14,84,70,0,168,0,4,63,1,68,14,88,133,1,236,19,0,19,255
10/05/2013,LEX,KY,ASO,CE,Combined TRACON& Tower with Radar,7,60,40,0,107,0,0,24,1,25,7,60,64,1,132,6,0,6,138
10/06/2013,LEX,KY,ASO,CE,Combined TRACON& Tower with Radar,12,81,30,0,123,0,0,1,0,1,12,81,31,0,124,0,0,0,124
10/07/2013,LEX,KY,ASO,CE,Combined TRACON& Tower with Radar,15,72,53,0,140,0,0,66,0,66,15,72,119,0,206,0,0,0,206
10/08/2013,LEX,KY,ASO,CE,Combined TRACON& Tower with Radar,11,77,55,0,143,0,2,52,0,54,11,79,107,0,197,20,0,20,217
10/09/2013,LEX,KY,ASO,CE,Combined TRACON& Tower with Radar,8,74,58,0,140,0,3,63,0,66,8,77,121,0,206,16,0,16,222
10/10/2013,LEX,KY,ASO,CE,Combined TRACON& Tower with Radar,12,81,62,0,155,0,2,66,0,68,12,83,128,0,223,18,0,18,241
10/11/2013,LEX,KY,ASO,CE,Combined TRACON& Tower with Radar,13,72,65,0,150,0,2,79,0,81,13,74,144,0,231,57,0,57,288
10/12/2013,LEX,KY,ASO,CE,Combined TRACON& Tower with Radar,9,55,65,0,129,0,0,76,1,77,9,55,141,1,206,16,0,16,222
10/13/2013,LEX,KY,ASO,CE,Combined TRACON& Tower with Radar,8,78,59,0,145,0,1,54,0,55,8,79,113,0,200,6,0,6,206
10/14/2013,LEX,KY,ASO,CE,Combined TRACON& Tower with Radar,13,66,41,0,120,0,2,61,0,63,13,68,102,0,183,28,0,28,211
10/15/2013,LEX,KY,ASO,CE,Combined TRACON& Tower with Radar,7,74,32,0,113,0,2,27,0,29,7,76,59,0,142,55,0,55,197
10/16/2013,LEX,KY,ASO,CE,Combined TRACON& Tower with Radar,5,79,63,0,147,0,0,4,0,4,5,79,67,0,151,0,0,0,151
10/17/2013,LEX,KY,ASO,CE,Combined TRACON& Tower with Radar,10,85,60,0,155,0,0,7,0,7,10,85,67,0,162,6,0,6,168
10/18/2013,LEX,KY,ASO,CE,Combined TRACON& Tower with Radar,16,86,67,0,169,0,0,62,0,62,16,86,129,0,231,66,0,66,297
10/19/2013,LEX,KY,ASO,CE,Combined TRACON& Tower with Radar,7,53,38,0,98,0,0,19,0,19,7,53,57,0,117,0,0,0,117
10/20/2013,LEX,KY,ASO,CE,Combined TRACON& Tower with Radar,12,77,48,4,141,0,0,50,0,50,12,77,98,4,191,10,0,10,201
10/21/2013,LEX,KY,ASO,CE,Combined TRACON& Tower with Radar,13,75,33,2,123,0,3,67,1,71,13,78,100,3,194,20,0,20,214
10/22/2013,LEX,KY,ASO,CE,Combined TRACON& Tower with Radar,7,78,45,3,133,0,5,40,0,45,7,83,85,3,178,28,0,28,206
10/23/2013,LEX,KY,ASO,CE,Combined TRACON& Tower with Radar,15,87,56,0,158,0,1,20,0,21,15,88,76,0,179,0,0,0,179
10/24/2013,LEX,KY,ASO,CE,Combined TRACON& Tower with Radar,16,95,41,1,153,0,1,29,3,33,16,96,70,4,186,62,0,62,248
10/25/2013,LEX,KY,ASO,CE,Combined TRACON& Tower with Radar,18,84,69,4,175,0,0,75,0,75,18,84,144,4,250,51,0,51,301
10/26/2013,LEX,KY,ASO,CE,Combined TRACON& Tower with Radar,10,52,25,6,93,0,2,49,0,51,10,54,74,6,144,29,0,29,173
10/27/2013,LEX,KY,ASO,CE,Combined TRACON& Tower with Radar,11,79,47,5,142,0,0,53,3,56,11,79,100,8,198,21,0,21,219
10/28/2013,LEX,KY,ASO,CE,Combined TRACON& Tower with Radar,13,80,63,0,156,0,0,35,0,35,13,80,98,0,191,28,0,28,219
10/29/2013,LEX,KY,ASO,CE,Combined TRACON& Tower with Radar,7,98,85,5,195,0,3,5,0,8,7,101,90,5,203,0,0,0,203
10/30/2013,LEX,KY,ASO,CE,Combined TRACON& Tower with Radar,8,77,56,8,149,0,0,15,0,15,8,77,71,8,164,0,0,0,164
10/31/2013,LEX,KY,ASO,CE,Combined TRACON& Tower with Radar,15,77,46,4,142,0,0,7,2,9,15,77,53,6,151,0,0,0,151
11/01/2013,LEX,KY,ASO,CE,Combined TRACON& Tower with Radar,16,80,57,10,163,0,0,45,0,45,16,80,102,10,208,34,0,34,242
11/02/2013,LEX,KY,ASO,CE,Combined TRACON& Tower with Radar,10,50,25,0,85,0,3,66,0,69,10,53,91,0,154,32,10,42,196
11/03/2013,LEX,KY,ASO,CE,Combined TRACON& Tower with Radar,16,91,60,0,167,0,4,68,2,74,16,95,128,2,241,4,0,4,245
11/04/2013,LEX,KY,ASO,CE,Combined TRACON& Tower with Radar,14,81,51,5,151,0,1,50,1,52,14,82,101,6,203,24,0,24,227
11/05/2013,LEX,KY,ASO,CE,Combined TRACON& Tower with Radar,14,74,65,0,153,0,8,44,0,52,14,82,109,0,205,0,0,0,205
11/06/2013,LEX,KY,ASO,CE,Combined TRACON& Tower with Radar,12,77,60,13,162,0,0,21,2,23,12,77,81,15,185,36,25,61,246
11/07/2013,LEX,KY,ASO,CE,Combined TRACON& Tower with Radar,12,70,66,10,158,0,2,34,3,39,12,72,100,13,197,17,0,17,214
11/08/2013,LEX,KY,ASO,CE,Combined TRACON& Tower with Radar,15,77,52,2,146,0,0,74,3,77,15,77,126,5,223,4,0,4,227
11/09/2013,LEX,KY,ASO,CE,Combined TRACON& Tower with Radar,9,46,41,0,96,0,1,56,0,57,9,47,97,0,153,0,0,0,153
11/10/2013,LEX,KY,ASO,CE,Combined TRACON& Tower with Radar,11,60,43,0,114,0,2,72,0,74,11,62,115,0,188,0,0,0,188
11/11/2013,LEX,KY,ASO,CE,Combined TRACON& Tower with Radar,16,64,47,0,127,0,3,46,0,49,16,67,93,0,176,0,0,0,176
11/12/2013,LEX,KY,ASO,CE,Combined TRACON& Tower with Radar,9,65,44,0,118,0,0,13,2,15,9,65,57,2,133,0,0,0,133
11/13/2013,LEX,KY,ASO,CE,Combined TRACON& Tower with Radar,15,74,41,12,142,0,0,47,0,47,15,74,88,12,189,0,0,0,189
11/14/2013,LEX,KY,ASO,CE,Combined TRACON& Tower with Radar,13,81,61,1,156,0,4,45,1,50,13,85,106,2,206,16,0,16,222
11/15/2013,LEX,KY,ASO,CE,Combined TRACON& Tower with Radar,15,70,38,0,123,0,5,48,0,53,15,75,86,0,176,0,0,0,176
11/16/2013,LEX,KY,ASO,CE,Combined TRACON& Tower with Radar,7,44,38,8,97,0,6,19,0,25,7,50,57,8,122,22,0,22,144
11/17/2013,LEX,KY,ASO,CE,Combined TRACON& Tower with Radar,11,62,17,0,90,0,1,0,0,1,11,63,17,0,91,0,0,0,91
11/18/2013,LEX,KY,ASO,CE,Combined TRACON& Tower with Radar,14,64,49,0,127,0,0,41,0,41,14,64,90,0,168,0,0,0,168
11/19/2013,LEX,KY,ASO,CE,Combined TRACON& Tower with Radar,7,65,50,11,133,0,2,28,4,34,7,67,78,15,167,0,0,0,167
11/20/2013,LEX,KY,ASO,CE,Combined TRACON& Tower with Radar,8,66,54,1,129,4,2,73,0,79,12,68,127,1,208,4,0,4,212
11/21/2013,LEX,KY,ASO,CE,Combined TRACON& Tower with Radar,15,71,39,2,127,0,1,33,2,36,15,72,72,4,163,19,0,19,182
11/22/2013,LEX,KY,ASO,CE,Combined TRACON& Tower with Radar,17,73,39,0,129,0,0,1,0,1,17,73,40,0,130,0,0,0,130
11/23/2013,LEX,KY,ASO,CE,Combined TRACON& Tower with Radar,9,48,21,0,78,0,2,31,0,33,9,50,52,0,111,4,0,4,115
11/24/2013,LEX,KY,ASO,CE,Combined TRACON& Tower with Radar,17,52,31,0,100,0,0,66,0,66,17,52,97,0,166,10,0,10,176
11/25/2013,LEX,KY,ASO,CE,Combined TRACON& Tower with Radar,17,63,32,0,112,0,0,33,0,33,17,63,65,0,145,0,0,0,145
11/26/2013,LEX,KY,ASO,CE,Combined TRACON& Tower with Radar,8,68,23,0,99,0,0,1,0,1,8,68,24,0,100,0,0,0,100
11/27/2013,LEX,KY,ASO,CE,Combined TRACON& Tower with Radar,20,83,43,0,146,0,0,12,0,12,20,83,55,0,158,0,0,0,158
11/28/2013,LEX,KY,ASO,CE,Combined TRACON& Tower with Radar,8,29,18,0,55,1,2,15,0,18,9,31,33,0,73,0,0,0,73
11/29/2013,LEX,KY,ASO,CE,Combined TRACON& Tower with Radar,10,31,37,0,78,0,4,35,0,39,10,35,72,0,117,19,0,19,136
11/30/2013,LEX,KY,ASO,CE,Combined TRACON& Tower with Radar,13,55,49,0,117,0,1,65,1,67,13,56,114,1,184,4,0,4,188
12/01/2013,LEX,KY,ASO,CE,Combined TRACON& Tower with Radar,11,82,54,0,147,0,4,45,1,50,11,86,99,1,197,8,0,8,205
12/02/2013,LEX,KY,ASO,CE,Combined TRACON& Tower with Radar,18,65,50,1,134,0,1,22,0,23,18,66,72,1,157,4,0,4,161
12/03/2013,LEX,KY,ASO,CE,Combined TRACON& Tower with Radar,10,65,43,2,120,0,2,26,3,31,10,67,69,5,151,0,0,0,151
12/04/2013,LEX,KY,ASO,CE,Combined TRACON& Tower with Radar,8,67,40,6,121,0,4,21,2,27,8,71,61,8,148,0,0,0,148
12/05/2013,LEX,KY,ASO,CE,Combined TRACON& Tower with Radar,18,58,37,4,117,0,1,1,0,2,18,59,38,4,119,0,0,0,119
12/06/2013,LEX,KY,ASO,CE,Combined TRACON& Tower with Radar,14,32,19,0,65,0,0,0,0,0,14,32,19,0,65,0,0,0,65
12/07/2013,LEX,KY,ASO,CE,Combined TRACON& Tower with Radar,8,44,21,2,75,0,0,2,0,2,8,44,23,2,77,0,0,0,77
12/08/2013,LEX,KY,ASO,CE,Combined TRACON& Tower with Radar,10,41,19,0,70,0,0,1,0,1,10,41,20,0,71,0,0,0,71
12/09/2013,LEX,KY,ASO,CE,Combined TRACON& Tower with Radar,14,66,29,2,111,0,0,5,0,5,14,66,34,2,116,0,0,0,116
12/10/2013,LEX,KY,ASO,CE,Combined TRACON& Tower with Radar,8,64,42,5,119,0,4,19,5,28,8,68,61,10,147,0,0,0,147
12/11/2013,LEX,KY,ASO,CE,Combined TRACON& Tower with Radar,7,67,45,17,136,0,4,55,2,61,7,71,100,19,197,23,18,41,238
12/12/2013,LEX,KY,ASO,CE,Combined TRACON& Tower with Radar,15,73,65,3,156,0,0,58,2,60,15,73,123,5,216,10,0,10,226
12/13/2013,LEX,KY,ASO,CE,Combined TRACON& Tower with Radar,17,73,43,1,134,0,1,35,4,40,17,74,78,5,174,0,0,0,174
12/14/2013,LEX,KY,ASO,CE,Combined TRACON& Tower with Radar,6,42,19,1,68,0,0,0,0,0,6,42,19,1,68,0,0,0,68
12/15/2013,LEX,KY,ASO,CE,Combined TRACON& Tower with Radar,13,67,23,0,103,0,0,3,0,3,13,67,26,0,106,0,0,0,106
12/16/2013,LEX,KY,ASO,CE,Combined TRACON& Tower with Radar,14,56,42,8,120,0,4,16,0,20,14,60,58,8,140,22,0,22,162
12/17/2013,LEX,KY,ASO,CE,Combined TRACON& Tower with Radar,10,51,29,4,94,0,0,16,0,16,10,51,45,4,110,0,0,0,110
12/18/2013,LEX,KY,ASO,CE,Combined TRACON& Tower with Radar,10,57,43,9,119,0,18,66,1,85,10,75,109,10,204,64,0,64,268
12/19/2013,LEX,KY,ASO,CE,Combined TRACON& Tower with Radar,10,54,45,1,110,0,2,61,1,64,10,56,106,2,174,14,0,14,188
12/20/2013,LEX,KY,ASO,CE,Combined TRACON& Tower with Radar,13,52,53,4,122,0,1,12,0,13,13,53,65,4,135,6,0,6,141
12/21/2013,LEX,KY,ASO,CE,Combined TRACON& Tower with Radar,9,59,18,0,86,0,2,6,0,8,9,61,24,0,94,0,0,0,94
12/22/2013,LEX,KY,ASO,CE,Combined TRACON& Tower with Radar,10,62,43,0,115,0,3,24,2,29,10,65,67,2,144,4,0,4,148
12/23/2013,LEX,KY,ASO,CE,Combined TRACON& Tower with Radar,12,45,37,0,94,0,0,29,0,29,12,45,66,0,123,26,0,26,149
12/24/2013,LEX,KY,ASO,CE,Combined TRACON& Tower with Radar,8,32,15,0,55,0,0,23,0,23,8,32,38,0,78,6,0,6,84
12/25/2013,LEX,KY,ASO,CE,Combined TRACON& Tower with Radar,10,33,4,0,47,0,1,27,0,28,10,34,31,0,75,0,0,0,75
12/26/2013,LEX,KY,ASO,CE,Combined TRACON& Tower with Radar,10,53,27,3,93,0,2,38,1,41,10,55,65,4,134,30,0,30,164
12/27/2013,LEX,KY,ASO,CE,Combined TRACON& Tower with Radar,14,54,32,8,108,0,2,71,0,73,14,56,103,8,181,16,0,16,197
12/28/2013,LEX,KY,ASO,CE,Combined TRACON& Tower with Radar,7,52,41,0,100,0,7,79,0,86,7,59,120,0,186,0,0,0,186
12/29/2013,LEX,KY,ASO,CE,Combined TRACON& Tower with Radar,12,54,26,0,92,0,0,8,0,8,12,54,34,0,100,10,0,10,110
12/30/2013,LEX,KY,ASO,CE,Combined TRACON& Tower with Radar,13,51,18,4,86,0,0,14,0,14,13,51,32,4,100,38,0,38,138
12/31/2013,LEX,KY,ASO,CE,Combined TRACON& Tower with Radar,8,41,18,0,67,0,6,37,0,43,8,47,55,0,110,16,0,16,126
01/01/2014,LEX,KY,ASO,CE,Combined TRACON& Tower with Radar,12,31,15,0,58,0,6,52,0,58,12,37,67,0,116,10,0,10,126
01/02/2014,LEX,KY,ASO,CE,Combined TRACON& Tower with Radar,12,54,21,0,87,0,0,0,0,0,12,54,21,0,87,0,0,0,87
01/03/2014,LEX,KY,ASO,CE,Combined TRACON& Tower with Radar,14,60,30,3,107,0,1,31,1,33,14,61,61,4,140,0,0,0,140
01/04/2014,LEX,KY,ASO,CE,Combined TRACON& Tower with Radar,6,51,29,2,88,0,4,58,0,62,6,55,87,2,150,32,0,32,182
01/05/2014,LEX,KY,ASO,CE,Combined TRACON& Tower with Radar,9,46,25,0,80,0,3,13,1,17,9,49,38,1,97,8,0,8,105
01/06/2014,LEX,KY,ASO,CE,Combined TRACON& Tower with Radar,13,38,27,2,80,0,0,5,0,5,13,38,32,2,85,0,0,0,85
01/07/2014,LEX,KY,ASO,CE,Combined TRACON& Tower with Radar,8,36,24,2,70,0,1,16,0,17,8,37,40,2,87,0,0,0,87
01/08/2014,LEX,KY,ASO,CE,Combined TRACON& Tower with Radar,6,48,40,8,102,0,4,34,4,42,6,52,74,12,144,20,0,20,164
01/09/2014,LEX,KY,ASO,CE,Combined TRACON& Tower with Radar,10,58,25,6,99,0,7,37,2,46,10,65,62,8,145,8,0,8,153
01/10/2014,LEX,KY,ASO,CE,Combined TRACON& Tower with Radar,12,61,38,4,115,0,0,4,0,4,12,61,42,4,119,5,0,5,124
01/11/2014,LEX,KY,ASO,CE,Combined TRACON& Tower with Radar,3,38,19,0,60,0,5,10,1,16,3,43,29,1,76,10,0,10,86
01/12/2014,LEX,KY,ASO,CE,Combined TRACON& Tower with Radar,9,55,25,2,91,0,2,87,2,91,9,57,112,4,182,53,0,53,235
01/13/2014,LEX,KY,ASO,CE,Combined TRACON& Tower with Radar,15,56,31,6,108,0,0,2,0,2,15,56,33,6,110,0,0,0,110
01/14/2014,LEX,KY,ASO,CE,Combined TRACON& Tower with Radar,7,59,45,3,114,0,0,42,1,43,7,59,87,4,157,42,0,42,199
01/15/2014,LEX,KY,ASO,CE,Combined TRACON& Tower with Radar,8,60,31,2,101,0,0,27,2,29,8,60,58,4,130,42,0,42,172
01/16/2014,LEX,KY,ASO,CE,Combined TRACON& Tower with Radar,8,65,39,3,115,0,0,17,1,18,8,65,56,4,133,0,0,0,133
01/17/2014,LEX,KY,ASO,CE,Combined TRACON& Tower with Radar,12,61,35,2,110,0,0,2,0,2,12,61,37,2,112,0,0,0,112
01/18/2014,LEX,KY,ASO,CE,Combined TRACON& Tower with Radar,3,37,28,0,68,0,1,39,0,40,3,38,67,0,108,34,0,34,142
01/19/2014,LEX,KY,ASO,CE,Combined TRACON& Tower with Radar,10,52,25,0,87,0,5,30,0,35,10,57,55,0,122,4,0,4,126
01/20/2014,LEX,KY,ASO,CE,Combined TRACON& Tower with Radar,12,58,47,0,117,0,2,88,0,90,12,60,135,0,207,40,0,40,247
01/21/2014,LEX,KY,ASO,CE,Combined TRACON& Tower with Radar,7,55,28,0,90,0,2,1,0,3,7,57,29,0,93,0,0,0,93
01/22/2014,LEX,KY,ASO,CE,Combined TRACON& Tower with Radar,6,56,49,7,118,0,1,31,1,33,6,57,80,8,151,16,0,16,167
01/23/2014,LEX,KY,ASO,CE,Combined TRACON& Tower with Radar,10,74,36,8,128,0,4,19,1,24,10,78,55,9,152,0,0,0,152
01/24/2014,LEX,KY,ASO,CE,Combined TRACON& Tower with Radar,13,67,46,5,131,0,2,27,9,38,13,69,73,14,169,0,0,0,169
01/25/2014,LEX,KY,ASO,CE,Combined TRACON& Tower with Radar,3,34,17,0,54,0,0,5,0,5,3,34,22,0,59,0,0,0,59
01/26/2014,LEX,KY,ASO,CE,Combined TRACON& Tower with Radar,11,58,31,1,101,0,6,15,2,23,11,64,46,3,124,4,0,4,128
01/27/2014,LEX,KY,ASO,CE,Combined TRACON& Tower with Radar,17,55,20,0,92,0,2,16,0,18,17,57,36,0,110,4,0,4,114
01/28/2014,LEX,KY,ASO,CE,Combined TRACON& Tower with Radar,6,44,36,4,90,0,4,20,3,27,6,48,56,7,117,0,0,0,117
01/29/2014,LEX,KY,ASO,CE,Combined TRACON& Tower with Radar,6,45,59,3,113,0,6,38,4,48,6,51,97,7,161,26,0,26,187
01/30/2014,LEX,KY,ASO,CE,Combined TRACON& Tower with Radar,6,67,52,3,128,0,6,39,7,52,6,73,91,10,180,2,0,2,182
01/31/2014,LEX,KY,ASO,CE,Combined TRACON& Tower with Radar,14,59,41,0,114,0,2,40,2,44,14,61,81,2,158,0,0,0,158
02/01/2014,LEX,KY,ASO,CE,Combined TRACON& Tower with Radar,7,44,36,0,87,0,0,47,2,49,7,44,83,2,136,4,0,4,140
02/02/2014,LEX,KY,ASO,CE,Combined TRACON& Tower with Radar,12,42,11,0,65,0,0,2,0,2,12,42,13,0,67,0,0,0,67
02/03/2014,LEX,KY,ASO,CE,Combined TRACON& Tower with Radar,13,74,27,0,114,0,0,5,0,5,13,74,32,0,119,0,0,0,119
02/04/2014,LEX,KY,ASO,CE,Combined TRACON& Tower with Radar,3,43,26,2,74,0,0,0,0,0,3,43,26,2,74,0,0,0,74
02/05/2014,LEX,KY,ASO,CE,Combined TRACON& Tower with Radar,6,53,29,0,88,0,0,1,0,1,6,53,30,0,89,0,0,0,89
02/06/2014,LEX,KY,ASO,CE,Combined TRACON& Tower with Radar,9,60,43,0,112,0,5,1,4,10,9,65,44,4,122,0,0,0,122
02/07/2014,LEX,KY,ASO,CE,Combined TRACON& Tower with Radar,15,63,51,0,129,0,6,32,0,38,15,69,83,0,167,34,0,34,201
02/08/2014,LEX,KY,ASO,CE,Combined TRACON& Tower with Radar,6,41,7,0,54,0,1,20,0,21,6,42,27,0,75,0,0,0,75
02/09/2014,LEX,KY,ASO,CE,Combined TRACON& Tower with Radar,9,64,22,0,95,0,0,4,0,4,9,64,26,0,99,0,0,0,99
02/10/2014,LEX,KY,ASO,CE,Combined TRACON& Tower with Radar,12,64,29,0,105,0,1,13,2,16,12,65,42,2,121,0,0,0,121
02/11/2014,LEX,KY,ASO,CE,Combined TRACON& Tower with Radar,6,49,43,7,105,0,0,33,1,34,6,49,76,8,139,28,0,28,167
02/12/2014,LEX,KY,ASO,CE,Combined TRACON& Tower with Radar,5,46,49,5,105,0,0,31,3,34,5,46,80,8,139,18,0,18,157
02/13/2014,LEX,KY,ASO,CE,Combined TRACON& Tower with Radar,10,46,48,3,107,0,0,38,1,39,10,46,86,4,146,58,0,58,204
02/14/2014,LEX,KY,ASO,CE,Combined TRACON& Tower with Radar,9,56,23,5,93,0,0,13,3,16,9,56,36,8,109,16,0,16,125
02/15/2014,LEX,KY,ASO,CE,Combined TRACON& Tower with Radar,11,48,29,0,88,0,0,28,0,28,11,48,57,0,116,20,0,20,136
02/16/2014,LEX,KY,ASO,CE,Combined TRACON& Tower with Radar,6,55,30,0,91,0,5,29,0,34,6,60,59,0,125,6,0,6,131
02/17/2014,LEX,KY,ASO,CE,Combined TRACON& Tower with Radar,10,59,25,0,94,0,0,6,0,6,10,59,31,0,100,0,0,0,100
02/18/2014,LEX,KY,ASO,CE,Combined TRACON& Tower with Radar,8,62,39,0,109,0,4,77,0,81,8,66,116,0,190,20,0,20,210
02/19/2014,LEX,KY,ASO,CE,Combined TRACON& Tower with Radar,8,70,47,1,126,0,14,42,8,64,8,84,89,9,190,46,0,46,236
02/20/2014,LEX,KY,ASO,CE,Combined TRACON& Tower with Radar,6,70,40,1,117,0,0,13,1,14,6,70,53,2,131,0,0,0,131
02/21/2014,LEX,KY,ASO,CE,Combined TRACON& Tower with Radar,8,67,24,4,103,0,2,36,0,38,8,69,60,4,141,0,0,0,141
02/22/2014,LEX,KY,ASO,CE,Combined TRACON& Tower with Radar,6,46,46,4,102,0,0,59,0,59,6,46,105,4,161,20,0,20,181
02/23/2014,LEX,KY,ASO,CE,Combined TRACON& Tower with Radar,5,67,30,0,102,0,4,20,2,26,5,71,50,2,128,6,0,6,134
02/24/2014,LEX,KY,ASO,CE,Combined TRACON& Tower with Radar,10,65,34,3,112,0,8,58,1,67,10,73,92,4,179,10,0,10,189
02/25/2014,LEX,KY,ASO,CE,Combined TRACON& Tower with Radar,4,72,50,5,131,0,3,27,4,34,4,75,77,9,165,0,10,10,175
02/26/2014,LEX,KY,ASO,CE,Combined TRACON& Tower with Radar,6,68,29,2,105,0,1,41,3,45,6,69,70,5,150,12,0,12,162
02/27/2014,LEX,KY,ASO,CE,Combined TRACON& Tower with Radar,7,76,49,3,135,0,1,44,5,50,7,77,93,8,185,14,0,14,199
02/28/2014,LEX,KY,ASO,CE,Combined TRACON& Tower with Radar,10,70,39,1,120,0,0,42,4,46,10,70,81,5,166,6,0,6,172
03/01/2014,LEX,KY,ASO,CE,Combined TRACON& Tower with Radar,11,40,41,2,94,0,2,73,2,77,11,42,114,4,171,20,0,20,191
03/02/2014,LEX,KY,ASO,CE,Combined TRACON& Tower with Radar,9,41,6,0,56,0,4,1,0,5,9,45,7,0,61,0,0,0,61
03/03/2014,LEX,KY,ASO,CE,Combined TRACON& Tower with Radar,8,43,15,0,66,0,2,7,1,10,8,45,22,1,76,0,0,0,76
03/04/2014,LEX,KY,ASO,CE,Combined TRACON& Tower with Radar,14,72,58,5,149,0,1,19,5,25,14,73,77,10,174,10,0,10,184
03/05/2014,LEX,KY,ASO,CE,Combined TRACON& Tower with Radar,9,64,34,4,111,0,2,17,2,21,9,66,51,6,132,8,0,8,140
03/06/2014,LEX,KY,ASO,CE,Combined TRACON& Tower with Radar,9,60,46,3,118,0,1,28,1,30,9,61,74,4,148,1,0,1,149
03/07/2014,LEX,KY,ASO,CE,Combined TRACON& Tower with Radar,13,66,37,6,122,0,7,63,1,71,13,73,100,7,193,65,0,65,258
03/08/2014,LEX,KY,ASO,CE,Combined TRACON& Tower with Radar,9,50,15,1,75,0,12,74,1,87,9,62,89,2,162,39,0,39,201
03/09/2014,LEX,KY,ASO,CE,Combined TRACON& Tower with Radar,9,59,37,4,109,0,6,47,1,54,9,65,84,5,163,30,0,30,193
03/10/2014,LEX,KY,ASO,CE,Combined TRACON& Tower with Radar,12,68,36,0,116,0,2,47,1,50,12,70,83,1,166,0,0,0,166
03/11/2014,LEX,KY,ASO,CE,Combined TRACON& Tower with Radar,9,62,43,7,121,0,10,37,5,52,9,72,80,12,173,53,0,53,226
03/12/2014,LEX,KY,ASO,CE,Combined TRACON& Tower with Radar,8,63,17,0,88,0,2,1,2,5,8,65,18,2,93,0,0,0,93
03/13/2014,LEX,KY,ASO,CE,Combined TRACON& Tower with Radar,9,66,42,3,120,0,0,55,1,56,9,66,97,4,176,20,0,20,196
03/14/2014,LEX,KY,ASO,CE,Combined TRACON& Tower with Radar,10,72,38,15,135,0,7,42,3,52,10,79,80,18,187,0,0,0,187
03/15/2014,LEX,KY,ASO,CE,Combined TRACON& Tower with Radar,6,44,28,2,80,0,1,93,4,98,6,45,121,6,178,4,0,4,182
03/16/2014,LEX,KY,ASO,CE,Combined TRACON& Tower with Radar,10,58,18,0,86,0,0,3,1,4,10,58,21,1,90,0,0,0,90
03/17/2014,LEX,KY,ASO,CE,Combined TRACON& Tower with Radar,11,67,28,0,106,0,2,6,0,8,11,69,34,0,114,18,0,18,132
03/18/2014,LEX,KY,ASO,CE,Combined TRACON& Tower with Radar,4,57,40,3,104,0,0,13,3,16,4,57,53,6,120,40,0,40,160
03/19/2014,LEX,KY,ASO,CE,Combined TRACON& Tower with Radar,13,68,45,3,129,0,1,14,7,22,13,69,59,10,151,6,0,6,157
03/20/2014,LEX,KY,ASO,CE,Combined TRACON& Tower with Radar,11,62,39,1,113,0,2,51,1,54,11,64,90,2,167,8,0,8,175
03/21/2014,LEX,KY,ASO,CE,Combined TRACON& Tower with Radar,14,68,40,0,122,0,1,40,0,41,14,69,80,0,163,22,0,22,185
03/22/2014,LEX,KY,ASO,CE,Combined TRACON& Tower with Radar,10,51,40,0,101,0,6,65,0,71,10,57,105,0,172,18,0,18,190
03/23/2014,LEX,KY,ASO,CE,Combined TRACON& Tower with Radar,9,64,37,4,114,0,4,37,0,41,9,68,74,4,155,26,0,26,181
03/24/2014,LEX,KY,ASO,CE,Combined TRACON& Tower with Radar,12,69,22,4,107,0,0,29,2,31,12,69,51,6,138,0,0,0,138
03/25/2014,LEX,KY,ASO,CE,Combined TRACON& Tower with Radar,5,64,22,2,93,0,1,1,2,4,5,65,23,4,97,0,19,19,116
03/26/2014,LEX,KY,ASO,CE,Combined TRACON& Tower with Radar,8,71,51,3,133,0,6,58,3,67,8,77,109,6,200,30,0,30,230
03/27/2014,LEX,KY,ASO,CE,Combined TRACON& Tower with Radar,6,74,41,1,122,0,4,24,2,30,6,78,65,3,152,4,0,4,156
03/28/2014,LEX,KY,ASO,CE,Combined TRACON& Tower with Radar,13,71,37,3,124,0,0,27,1,28,13,71,64,4,152,18,0,18,170
03/29/2014,LEX,KY,ASO,CE,Combined TRACON& Tower with Radar,8,45,26,0,79,0,2,2,0,4,8,47,28,0,83,0,0,0,83
03/30/2014,LEX,KY,ASO,CE,Combined TRACON& Tower with Radar,13,62,41,1,117,0,0,50,0,50,13,62,91,1,167,30,0,30,197
03/31/2014,LEX,KY,ASO,CE,Combined TRACON& Tower with Radar,13,66,39,5,123,0,1,55,2,58,13,67,94,7,181,20,0,20,201
04/01/2014,LEX,KY,ASO,CE,Combined TRACON& Tower with Radar,12,56,38,2,108,0,1,55,1,57,12,57,93,3,165,12,0,12,177
04/02/2014,LEX,KY,ASO,CE,Combined TRACON& Tower with Radar,23,62,39,2,126,0,0,31,2,33,23,62,70,4,159,16,0,16,175
04/03/2014,LEX,KY,ASO,CE,Combined TRACON& Tower with Radar,17,63,33,0,113,0,0,9,0,9,17,63,42,0,122,0,0,0,122
04/04/2014,LEX,KY,ASO,CE,Combined TRACON& Tower with Radar,29,73,47,0,149,0,3,20,2,25,29,76,67,2,174,0,0,0,174
04/05/2014,LEX,KY,ASO,CE,Combined TRACON& Tower with Radar,22,61,54,2,139,0,4,50,2,56,22,65,104,4,195,31,0,31,226
04/06/2014,LEX,KY,ASO,CE,Combined TRACON& Tower with Radar,14,79,59,0,152,0,2,60,0,62,14,81,119,0,214,22,0,22,236
04/07/2014,LEX,KY,ASO,CE,Combined TRACON& Tower with Radar,19,65,32,0,116,0,0,2,0,2,19,65,34,0,118,4,0,4,122
04/08/2014,LEX,KY,ASO,CE,Combined TRACON& Tower with Radar,30,67,68,9,174,0,4,27,5,36,30,71,95,14,210,16,8,24,234
04/09/2014,LEX,KY,ASO,CE,Combined TRACON& Tower with Radar,20,70,57,2,149,0,8,62,0,70,20,78,119,2,219,78,0,78,297
04/10/2014,LEX,KY,ASO,CE,Combined TRACON& Tower with Radar,15,60,57,0,132,0,1,30,0,31,15,61,87,0,163,18,0,18,181
04/11/2014,LEX,KY,ASO,CE,Combined TRACON& Tower with Radar,18,75,58,5,156,0,2,41,3,46,18,77,99,8,202,14,0,14,216
04/12/2014,LEX,KY,ASO,CE,Combined TRACON& Tower with Radar,15,45,64,0,124,0,4,83,2,89,15,49,147,2,213,24,0,24,237
04/13/2014,LEX,KY,ASO,CE,Combined TRACON& Tower with Radar,13,70,35,0,118,0,0,30,0,30,13,70,65,0,148,0,0,0,148
04/14/2014,LEX,KY,ASO,CE,Combined TRACON& Tower with Radar,23,62,24,0,109,0,2,11,0,13,23,64,35,0,122,2,0,2,124
04/15/2014,LEX,KY,ASO,CE,Combined TRACON& Tower with Radar,18,60,40,2,120,0,4,19,2,25,18,64,59,4,145,30,0,30,175
04/16/2014,LEX,KY,ASO,CE,Combined TRACON& Tower with Radar,17,57,58,5,137,0,7,80,1,88,17,64,138,6,225,19,0,19,244
04/17/2014,LEX,KY,ASO,CE,Combined TRACON& Tower with Radar,18,76,82,0,176,0,6,74,2,82,18,82,156,2,258,18,0,18,276
04/18/2014,LEX,KY,ASO,CE,Combined TRACON& Tower with Radar,17,66,72,4,159,0,0,73,2,75,17,66,145,6,234,12,0,12,246
04/19/2014,LEX,KY,ASO,CE,Combined TRACON& Tower with Radar,10,48,48,0,106,0,6,70,0,76,10,54,118,0,182,8,0,8,190
04/20/2014,LEX,KY,ASO,CE,Combined TRACON& Tower with Radar,11,55,36,0,102,0,6,50,0,56,11,61,86,0,158,28,0,28,186
04/21/2014,LEX,KY,ASO,CE,Combined TRACON& Tower with Radar,23,60,57,2,142,0,6,50,1,57,23,66,107,3,199,10,0,10,209
04/22/2014,LEX,KY,ASO,CE,Combined TRACON& Tower with Radar,15,66,53,4,138,0,2,16,2,20,15,68,69,6,158,10,0,10,168
04/23/2014,LEX,KY,ASO,CE,Combined TRACON& Tower with Radar,20,66,75,2,163,0,7,79,4,90,20,73,154,6,253,18,0,18,271
04/24/2014,LEX,KY,ASO,CE,Combined TRACON& Tower with Radar,16,74,69,0,159,0,0,58,0,58,16,74,127,0,217,6,0,6,223
04/25/2014,LEX,KY,ASO,CE,Combined TRACON& Tower with Radar,19,67,77,1,164,0,6,25,1,32,19,73,102,2,196,6,0,6,202
04/26/2014,LEX,KY,ASO,CE,Combined TRACON& Tower with Radar,14,42,50,0,106,0,3,85,0,88,14,45,135,0,194,0,0,0,194
04/27/2014,LEX,KY,ASO,CE,Combined TRACON& Tower with Radar,12,70,61,0,143,0,5,51,0,56,12,75,112,0,199,15,0,15,214
04/28/2014,LEX,KY,ASO,CE,Combined TRACON& Tower with Radar,21,58,25,0,104,0,2,3,0,5,21,60,28,0,109,7,0,7,116
04/29/2014,LEX,KY,ASO,CE,Combined TRACON& Tower with Radar,16,54,45,1,116,0,5,12,1,18,16,59,57,2,134,10,0,10,144
04/30/2014,LEX,KY,ASO,CE,Combined TRACON& Tower with Radar,21,60,48,12,141,0,2,23,4,29,21,62,71,16,170,34,0,34,204
05/01/2014,LEX,KY,ASO,CE,Combined TRACON& Tower with Radar,20,67,98,10,195,0,3,38,10,51,20,70,136,20,246,2,0,2,248
05/02/2014,LEX,KY,ASO,CE,Combined TRACON& Tower with Radar,27,65,68,7,167,0,7,58,2,67,27,72,126,9,234,0,0,0,234
05/03/2014,LEX,KY,ASO,CE,Combined TRACON& Tower with Radar,18,34,22,1,75,0,2,28,1,31,18,36,50,2,106,0,0,0,106
05/04/2014,LEX,KY,ASO,CE,Combined TRACON& Tower with Radar,30,63,95,6,194,0,8,65,0,73,30,71,160,6,267,4,0,4,271
05/05/2014,LEX,KY,ASO,CE,Combined TRACON& Tower with Radar,21,67,48,0,136,0,0,32,0,32,21,67,80,0,168,14,0,14,182
05/06/2014,LEX,KY,ASO,CE,Combined TRACON& Tower with Radar,19,70,41,7,137,0,2,42,1,45,19,72,83,8,182,10,8,18,200
05/07/2014,LEX,KY,ASO,CE,Combined TRACON& Tower with Radar,17,63,66,8,154,0,3,51,4,58,17,66,117,12,212,8,0,8,220
05/08/2014,LEX,KY,ASO,CE,Combined TRACON& Tower with Radar,16,67,45,0,128,0,6,61,2,69,16,73,106,2,197,0,0,0,197
05/09/2014,LEX,KY,ASO,CE,Combined TRACON& Tower with Radar,22,68,60,4,154,0,5,17,0,22,22,73,77,4,176,10,0,10,186
05/10/2014,LEX,KY,ASO,CE,Combined TRACON& Tower with Radar,14,50,20,0,84,0,4,11,0,15,14,54,31,0,99,0,0,0,99
05/11/2014,LEX,KY,ASO,CE,Combined TRACON& Tower with Radar,14,65,35,0,114,0,3,27,0,30,14,68,62,0,144,40,0,40,184
05/12/2014,LEX,KY,ASO,CE,Combined TRACON& Tower with Radar,21,71,38,0,130,0,6,47,0,53,21,77,85,0,183,12,0,12,195
05/13/2014,LEX,KY,ASO,CE,Combined TRACON& Tower with Radar,16,54,38,1,109,0,2,36,1,39,16,56,74,2,148,51,0,51,199
05/14/2014,LEX,KY,ASO,CE,Combined TRACON& Tower with Radar,20,68,42,1,131,0,4,13,0,17,20,72,55,1,148,16,0,16,164
05/15/2014,LEX,KY,ASO,CE,Combined TRACON& Tower with Radar,14,79,64,3,160,0,2,12,0,14,14,81,76,3,174,17,0,17,191
05/16/2014,LEX,KY,ASO,CE,Combined TRACON& Tower with Radar,20,70,53,7,150,0,0,39,5,44,20,70,92,12,194,36,0,36,230
05/17/2014,LEX,KY,ASO,CE,Combined TRACON& Tower with Radar,16,44,46,2,108,0,10,60,4,74,16,54,106,6,182,22,0,22,204
05/18/2014,LEX,KY,ASO,CE,Combined TRACON& Tower with Radar,15,73,54,8,150,0,2,62,4,68,15,75,116,12,218,0,0,0,218
05/19/2014,LEX,KY,ASO,CE,Combined TRACON& Tower with Radar,25,60,52,0,137,0,4,66,4,74,25,64,118,4,211,26,0,26,237
05/20/2014,LEX,KY,ASO,CE,Combined TRACON& Tower with Radar,19,55,40,2,116,0,5,49,1,55,19,60,89,3,171,20,0,20,191
05/21/2014,LEX,KY,ASO,CE,Combined TRACON& Tower with Radar,20,65,39,19,143,0,2,27,0,29,20,67,66,19,172,18,0,18,190
05/22/2014,LEX,KY,ASO,CE,Combined TRACON& Tower with Radar,14,78,58,4,154,0,2,61,0,63,14,80,119,4,217,8,0,8,225
05/23/2014,LEX,KY,ASO,CE,Combined TRACON& Tower with Radar,20,75,41,0,136,0,4,89,1,94,20,79,130,1,230,31,0,31,261
05/24/2014,LEX,KY,ASO,CE,Combined TRACON& Tower with Radar,16,46,26,0,88,0,4,80,0,84,16,50,106,0,172,17,0,17,189
05/25/2014,LEX,KY,ASO,CE,Combined TRACON& Tower with Radar,8,48,28,0,84,0,3,40,0,43,8,51,68,0,127,28,0,28,155
05/26/2014,LEX,KY,ASO,CE,Combined TRACON& Tower with Radar,17,73,27,0,117,0,1,39,2,42,17,74,66,2,159,24,0,24,183
05/27/2014,LEX,KY,ASO,CE,Combined TRACON& Tower with Radar,17,72,33,2,124,0,2,29,0,31,17,74,62,2,155,36,0,36,191
05/28/2014,LEX,KY,ASO,CE,Combined TRACON& Tower with Radar,22,74,47,0,143,0,10,45,0,55,22,84,92,0,198,37,0,37,235
05/29/2014,LEX,KY,ASO,CE,Combined TRACON& Tower with Radar,18,78,56,0,152,0,0,36,0,36,18,78,92,0,188,16,0,16,204
05/30/2014,LEX,KY,ASO,CE,Combined TRACON& Tower with Radar,21,74,43,0,138,0,5,72,0,77,21,79,115,0,215,46,0,46,261
05/31/2014,LEX,KY,ASO,CE,Combined TRACON& Tower with Radar,19,37,25,6,87,0,2,68,7,77,19,39,93,13,164,60,0,60,224
06/01/2014,LEX,KY,ASO,CE,Combined TRACON& Tower with Radar,18,60,39,0,117,0,3,28,1,32,18,63,67,1,149,42,0,42,191
06/02/2014,LEX,KY,ASO,CE,Combined TRACON& Tower with Radar,23,55,32,0,110,0,4,26,2,32,23,59,58,2,142,24,0,24,166
06/03/2014,LEX,KY,ASO,CE,Combined TRACON& Tower with Radar,22,62,63,0,147,0,3,18,0,21,22,65,81,0,168,50,0,50,218
06/04/2014,LEX,KY,ASO,CE,Combined TRACON& Tower with Radar,23,60,31,0,114,0,0,18,1,19,23,60,49,1,133,6,0,6,139
06/05/2014,LEX,KY,ASO,CE,Combined TRACON& Tower with Radar,20,66,66,0,152,0,1,46,4,51,20,67,112,4,203,10,0,10,213
06/06/2014,LEX,KY,ASO,CE,Combined TRACON& Tower with Radar,27,71,44,5,147,0,11,78,5,94,27,82,122,10,241,30,0,30,271
06/07/2014,LEX,KY,ASO,CE,Combined TRACON& Tower with Radar,14,52,34,0,100,0,11,44,0,55,14,63,78,0,155,38,0,38,193
06/08/2014,LEX,KY,ASO,CE,Combined TRACON& Tower with Radar,10,71,40,3,124,0,3,9,1,13,10,74,49,4,137,0,0,0,137
06/09/2014,LEX,KY,ASO,CE,Combined TRACON& Tower with Radar,20,66,52,11,149,0,3,38,1,42,20,69,90,12,191,68,0,68,259
06/10/2014,LEX,KY,ASO,CE,Combined TRACON& Tower with Radar,15,72,41,0,128,0,1,18,3,22,15,73,59,3,150,0,0,0,150
06/11/2014,LEX,KY,ASO,CE,Combined TRACON& Tower with Radar,18,73,54,0,145,0,4,15,0,19,18,77,69,0,164,4,0,4,168
06/12/2014,LEX,KY,ASO,CE,Combined TRACON& Tower with Radar,15,83,51,5,154,0,7,50,1,58,15,90,101,6,212,20,0,20,232
06/13/2014,LEX,KY,ASO,CE,Combined TRACON& Tower with Radar,30,81,62,3,176,0,7,45,1,53,30,88,107,4,229,27,0,27,256
06/14/2014,LEX,KY,ASO,CE,Combined TRACON& Tower with Radar,11,63,45,0,119,0,3,70,2,75,11,66,115,2,194,0,0,0,194
06/15/2014,LEX,KY,ASO,CE,Combined TRACON& Tower with Radar,10,62,46,0,118,0,0,58,2,60,10,62,104,2,178,24,0,24,202
06/16/2014,LEX,KY,ASO,CE,Combined TRACON& Tower with Radar,18,75,55,0,148,0,6,58,0,64,18,81,113,0,212,16,0,16,228
06/17/2014,LEX,KY,ASO,CE,Combined TRACON& Tower with Radar,17,83,55,0,155,0,9,94,2,105,17,92,149,2,260,5,0,5,265
06/18/2014,LEX,KY,ASO,CE,Combined TRACON& Tower with Radar,25,75,64,4,168,0,9,58,4,71,25,84,122,8,239,32,0,32,271
06/19/2014,LEX,KY,ASO,CE,Combined TRACON& Tower with Radar,33,70,60,3,166,0,2,39,0,41,33,72,99,3,207,34,0,34,241
06/20/2014,LEX,KY,ASO,CE,Combined TRACON& Tower with Radar,48,82,47,2,179,0,2,28,0,30,48,84,75,2,209,0,0,0,209
06/21/2014,LEX,KY,ASO,CE,Combined TRACON& Tower with Radar,23,49,15,0,87,0,4,60,0,64,23,53,75,0,151,0,0,0,151
06/22/2014,LEX,KY,ASO,CE,Combined TRACON& Tower with Radar,10,66,36,2,114,0,1,50,0,51,10,67,86,2,165,26,0,26,191
06/23/2014,LEX,KY,ASO,CE,Combined TRACON& Tower with Radar,18,67,37,0,122,0,3,65,0,68,18,70,102,0,190,10,0,10,200
06/24/2014,LEX,KY,ASO,CE,Combined TRACON& Tower with Radar,13,76,42,6,137,0,1,34,3,38,13,77,76,9,175,4,0,4,179
06/25/2014,LEX,KY,ASO,CE,Combined TRACON& Tower with Radar,13,77,54,2,146,0,2,29,0,31,13,79,83,2,177,38,0,38,215
06/26/2014,LEX,KY,ASO,CE,Combined TRACON& Tower with Radar,15,68,45,4,132,0,2,65,0,67,15,70,110,4,199,63,0,63,262
06/27/2014,LEX,KY,ASO,CE,Combined TRACON& Tower with Radar,19,66,55,5,145,0,4,63,2,69,19,70,118,7,214,20,0,20,234
06/28/2014,LEX,KY,ASO,CE,Combined TRACON& Tower with Radar,14,49,19,0,82,0,3,31,0,34,14,52,50,0,116,3,0,3,119
06/29/2014,LEX,KY,ASO,CE,Combined TRACON& Tower with Radar,11,56,35,0,102,0,6,27,0,33,11,62,62,0,135,50,0,50,185
06/30/2014,LEX,KY,ASO,CE,Combined TRACON& Tower with Radar,16,55,30,0,101,0,6,12,0,18,16,61,42,0,119,30,0,30,149
07/01/2014,LEX,KY,ASO,CE,Combined TRACON& Tower with Radar,15,50,49,7,121,0,10,46,1,57,15,60,95,8,178,16,0,16,194
07/02/2014,LEX,KY,ASO,CE,Combined TRACON& Tower with Radar,18,61,60,3,142,0,2,36,1,39,18,63,96,4,181,27,0,27,208
07/03/2014,LEX,KY,ASO,CE,Combined TRACON& Tower with Radar,20,62,53,0,135,0,3,54,2,59,20,65,107,2,194,0,0,0,194
07/04/2014,LEX,KY,ASO,CE,Combined TRACON& Tower with Radar,19,36,19,0,74,0,9,55,0,64,19,45,74,0,138,25,0,25,163
07/05/2014,LEX,KY,ASO,CE,Combined TRACON& Tower with Radar,14,46,25,0,85,0,8,54,0,62,14,54,79,0,147,24,0,24,171
07/06/2014,LEX,KY,ASO,CE,Combined TRACON& Tower with Radar,18,65,34,0,117,0,8,47,0,55,18,73,81,0,172,6,0,6,178
07/07/2014,LEX,KY,ASO,CE,Combined TRACON& Tower with Radar,24,60,47,6,137,0,9,47,0,56,24,69,94,6,193,0,12,12,205
07/08/2014,LEX,KY,ASO,CE,Combined TRACON& Tower with Radar,24,70,25,1,120,0,5,18,1,24,24,75,43,2,144,38,0,38,182
07/09/2014,LEX,KY,ASO,CE,Combined TRACON& Tower with Radar,22,59,54,10,145,0,0,49,2,51,22,59,103,12,196,16,0,16,212
07/10/2014,LEX,KY,ASO,CE,Combined TRACON& Tower with Radar,20,67,71,8,166,0,6,85,0,91,20,73,156,8,257,31,6,37,294
07/11/2014,LEX,KY,ASO,CE,Combined TRACON& Tower with Radar,26,67,49,2,144,0,5,95,0,100,26,72,144,2,244,30,0,30,274
07/12/2014,LEX,KY,ASO,CE,Combined TRACON& Tower with Radar,13,50,40,22,125,0,8,65,1,74,13,58,105,23,199,20,28,48,247
07/13/2014,LEX,KY,ASO,CE,Combined TRACON& Tower with Radar,15,70,34,0,119,0,4,33,0,37,15,74,67,0,156,0,0,0,156
07/14/2014,LEX,KY,ASO,CE,Combined TRACON& Tower with Radar,23,69,84,2,178,0,2,28,0,30,23,71,112,2,208,10,0,10,218
07/15/2014,LEX,KY,ASO,CE,Combined TRACON& Tower with Radar,21,64,51,2,138,0,3,78,0,81,21,67,129,2,219,22,0,22,241
07/16/2014,LEX,KY,ASO,CE,Combined TRACON& Tower with Radar,22,67,73,4,166,0,9,76,3,88,22,76,149,7,254,18,0,18,272
07/17/2014,LEX,KY,ASO,CE,Combined TRACON& Tower with Radar,19,62,75,5,161,0,2,83,1,86,19,64,158,6,247,72,0,72,319
07/18/2014,LEX,KY,ASO,CE,Combined TRACON& Tower with Radar,26,72,93,8,199,0,3,46,2,51,26,75,139,10,250,33,0,33,283
07/19/2014,LEX,KY,ASO,CE,Combined TRACON& Tower with Radar,12,51,49,2,114,0,0,12,0,12,12,51,61,2,126,4,0,4,130
07/20/2014,LEX,KY,ASO,CE,Combined TRACON& Tower with Radar,23,67,61,4,155,0,5,22,0,27,23,72,83,4,182,4,0,4,186
07/21/2014,LEX,KY,ASO,CE,Combined TRACON& Tower with Radar,27,68,50,11,156,2,4,55,3,64,29,72,105,14,220,52,0,52,272
07/22/2014,LEX,KY,ASO,CE,Combined TRACON& Tower with Radar,21,63,54,14,152,0,4,56,4,64,21,67,110,18,216,24,0,24,240
07/23/2014,LEX,KY,ASO,CE,Combined TRACON& Tower with Radar,20,71,53,5,149,0,6,41,5,52,20,77,94,10,201,19,0,19,220
07/24/2014,LEX,KY,ASO,CE,Combined TRACON& Tower with Radar,17,71,58,10,156,0,0,51,8,59,17,71,109,18,215,44,4,48,263
07/25/2014,LEX,KY,ASO,CE,Combined TRACON& Tower with Radar,28,67,59,8,162,0,7,80,2,89,28,74,139,10,251,30,2,32,283
07/26/2014,LEX,KY,ASO,CE,Combined TRACON& Tower with Radar,13,49,23,4,89,0,14,58,0,72,13,63,81,4,161,32,0,32,193
07/27/2014,LEX,KY,ASO,CE,Combined TRACON& Tower with Radar,18,66,31,0,115,0,1,6,0,7,18,67,37,0,122,0,0,0,122
07/28/2014,LEX,KY,ASO,CE,Combined TRACON& Tower with Radar,23,71,52,2,148,0,3,51,2,56,23,74,103,4,204,14,0,14,218
07/29/2014,LEX,KY,ASO,CE,Combined TRACON& Tower with Radar,19,56,28,1,104,0,4,60,1,65,19,60,88,2,169,84,2,86,255
07/30/2014,LEX,KY,ASO,CE,Combined TRACON& Tower with Radar,22,61,53,12,148,0,2,79,0,81,22,63,132,12,229,14,0,14,243
07/31/2014,LEX,KY,ASO,CE,Combined TRACON& Tower with Radar,20,66,50,3,139,0,1,69,3,73,20,67,119,6,212,30,0,30,242
08/01/2014,LEX,KY,ASO,CE,Combined TRACON& Tower with Radar,24,62,50,0,136,0,4,54,0,58,24,66,104,0,194,46,0,46,240
08/02/2014,LEX,KY,ASO,CE,Combined TRACON& Tower with Radar,15,53,40,0,108,0,7,40,2,49,15,60,80,2,157,18,0,18,175
08/03/2014,LEX,KY,ASO,CE,Combined TRACON& Tower with Radar,19,75,49,6,149,0,3,56,0,59,19,78,105,6,208,10,0,10,218
08/04/2014,LEX,KY,ASO,CE,Combined TRACON& Tower with Radar,28,58,39,0,125,0,7,48,1,56,28,65,87,1,181,18,0,18,199
08/05/2014,LEX,KY,ASO,CE,Combined TRACON& Tower with Radar,20,60,57,6,143,0,1,51,2,54,20,61,108,8,197,39,0,39,236
08/06/2014,LEX,KY,ASO,CE,Combined TRACON& Tower with Radar,18,74,65,3,160,0,4,55,1,60,18,78,120,4,220,11,0,11,231
08/07/2014,LEX,KY,ASO,CE,Combined TRACON& Tower with Radar,20,66,64,4,154,0,13,64,3,80,20,79,128,7,234,60,0,60,294
08/08/2014,LEX,KY,ASO,CE,Combined TRACON& Tower with Radar,16,72,61,7,156,0,0,16,1,17,16,72,77,8,173,6,12,18,191
08/09/2014,LEX,KY,ASO,CE,Combined TRACON& Tower with Radar,15,51,55,1,122,0,2,23,0,25,15,53,78,1,147,20,0,20,167
08/10/2014,LEX,KY,ASO,CE,Combined TRACON& Tower with Radar,19,74,40,0,133,0,0,30,0,30,19,74,70,0,163,38,0,38,201
08/11/2014,LEX,KY,ASO,CE,Combined TRACON& Tower with Radar,22,65,38,0,125,0,2,11,0,13,22,67,49,0,138,30,0,30,168
08/12/2014,LEX,KY,ASO,CE,Combined TRACON& Tower with Radar,21,59,44,3,127,0,0,36,1,37,21,59,80,4,164,16,0,16,180
08/13/2014,LEX,KY,ASO,CE,Combined TRACON& Tower with Radar,16,74,65,2,157,0,2,69,2,73,16,76,134,4,230,103,0,103,333
08/14/2014,LEX,KY,ASO,CE,Combined TRACON& Tower with Radar,20,68,62,4,154,0,2,75,0,77,20,70,137,4,231,6,0,6,237
08/15/2014,LEX,KY,ASO,CE,Combined TRACON& Tower with Radar,20,65,48,1,134,0,2,60,4,66,20,67,108,5,200,50,0,50,250
08/16/2014,LEX,KY,ASO,CE,Combined TRACON& Tower with Radar,11,52,36,0,99,0,10,79,2,91,11,62,115,2,190,84,0,84,274
08/17/2014,LEX,KY,ASO,CE,Combined TRACON& Tower with Radar,21,77,52,2,152,0,2,2,0,4,21,79,54,2,156,12,0,12,168
08/18/2014,LEX,KY,ASO,CE,Combined TRACON& Tower with Radar,22,77,42,0,141,0,6,11,0,17,22,83,53,0,158,28,0,28,186
08/19/2014,LEX,KY,ASO,CE,Combined TRACON& Tower with Radar,18,61,46,3,128,0,3,43,1,47,18,64,89,4,175,23,0,23,198
08/20/2014,LEX,KY,ASO,CE,Combined TRACON& Tower with Radar,14,61,62,0,137,0,3,45,2,50,14,64,107,2,187,21,0,21,208
08/21/2014,LEX,KY,ASO,CE,Combined TRACON& Tower with Radar,18,59,65,1,143,0,7,49,3,59,18,66,114,4,202,34,0,34,236
08/22/2014,LEX,KY,ASO,CE,Combined TRACON& Tower with Radar,17,76,44,0,137,0,6,53,1,60,17,82,97,1,197,32,0,32,229
08/23/2014,LEX,KY,ASO,CE,Combined TRACON& Tower with Radar,11,43,24,6,84,0,6,36,0,42,11,49,60,6,126,36,0,36,162
08/24/2014,LEX,KY,ASO,CE,Combined TRACON& Tower with Radar,13,75,59,11,158,0,0,34,1,35,13,75,93,12,193,10,6,16,209
08/25/2014,LEX,KY,ASO,CE,Combined TRACON& Tower with Radar,21,63,37,0,121,0,2,40,0,42,21,65,77,0,163,19,0,19,182
08/26/2014,LEX,KY,ASO,CE,Combined TRACON& Tower with Radar,16,59,46,1,122,0,6,78,3,87,16,65,124,4,209,35,0,35,244
08/27/2014,LEX,KY,ASO,CE,Combined TRACON& Tower with Radar,10,73,68,4,155,0,2,45,6,53,10,75,113,10,208,53,0,53,261
08/28/2014,LEX,KY,ASO,CE,Combined TRACON& Tower with Radar,29,76,57,2,164,0,6,39,1,46,29,82,96,3,210,65,0,65,275
08/29/2014,LEX,KY,ASO,CE,Combined TRACON& Tower with Radar,23,75,53,0,151,0,10,80,0,90,23,85,133,0,241,96,0,96,337
08/30/2014,LEX,KY,ASO,CE,Combined TRACON& Tower with Radar,9,42,45,0,96,0,2,55,2,59,9,44,100,2,155,14,0,14,169
08/31/2014,LEX,KY,ASO,CE,Combined TRACON& Tower with Radar,17,29,21,0,67,0,0,1,0,1,17,29,22,0,68,0,0,0,68
09/01/2014,LEX,KY,ASO,CE,Combined TRACON& Tower with Radar,24,53,63,0,140,0,7,17,0,24,24,60,80,0,164,22,0,22,186
09/02/2014,LEX,KY,ASO,CE,Combined TRACON& Tower with Radar,19,65,27,0,111,0,8,22,0,30,19,73,49,0,141,0,0,0,141
09/03/2014,LEX,KY,ASO,CE,Combined TRACON& Tower with Radar,12,66,55,4,137,0,4,43,2,49,12,70,98,6,186,12,0,12,198
09/04/2014,LEX,KY,ASO,CE,Combined TRACON& Tower with Radar,20,63,51,2,136,0,1,46,0,47,20,64,97,2,183,24,0,24,207
09/05/2014,LEX,KY,ASO,CE,Combined TRACON& Tower with Radar,20,65,42,0,127,0,4,59,3,66,20,69,101,3,193,32,0,32,225
09/06/2014,LEX,KY,ASO,CE,Combined TRACON& Tower with Radar,9,42,49,0,100,0,3,43,0,46,9,45,92,0,146,6,0,6,152
09/07/2014,LEX,KY,ASO,CE,Combined TRACON& Tower with Radar,11,89,63,12,175,0,4,53,0,57,11,93,116,12,232,30,0,30,262
09/08/2014,LEX,KY,ASO,CE,Combined TRACON& Tower with Radar,20,80,50,0,150,0,2,44,0,46,20,82,94,0,196,16,0,16,212
09/09/2014,LEX,KY,ASO,CE,Combined TRACON& Tower with Radar,15,74,70,1,160,0,3,33,1,37,15,77,103,2,197,6,0,6,203
09/10/2014,LEX,KY,ASO,CE,Combined TRACON& Tower with Radar,12,74,78,2,166,0,6,27,4,37,12,80,105,6,203,8,0,8,211
09/11/2014,LEX,KY,ASO,CE,Combined TRACON& Tower with Radar,16,68,61,4,149,0,3,5,0,8,16,71,66,4,157,0,0,0,157
09/12/2014,LEX,KY,ASO,CE,Combined TRACON& Tower with Radar,20,77,75,0,172,0,4,17,0,21,20,81,92,0,193,24,0,24,217
09/13/2014,LEX,KY,ASO,CE,Combined TRACON& Tower with Radar,12,52,46,8,118,0,2,35,2,39,12,54,81,10,157,34,4,38,195
09/14/2014,LEX,KY,ASO,CE,Combined TRACON& Tower with Radar,15,74,42,4,135,0,5,59,2,66,15,79,101,6,201,22,0,22,223
09/15/2014,LEX,KY,ASO,CE,Combined TRACON& Tower with Radar,19,86,56,6,167,0,1,67,0,68,19,87,123,6,235,16,0,16,251
09/16/2014,LEX,KY,ASO,CE,Combined TRACON& Tower with Radar,18,85,82,3,188,0,4,32,2,38,18,89,114,5,226,9,0,9,235
09/17/2014,LEX,KY,ASO,CE,Combined TRACON& Tower with Radar,12,74,77,1,164,0,0,61,3,64,12,74,138,4,228,26,0,26,254
09/18/2014,LEX,KY,ASO,CE,Combined TRACON& Tower with Radar,18,69,89,3,179,0,4,83,2,89,18,73,172,5,268,20,0,20,288
09/19/2014,LEX,KY,ASO,CE,Combined TRACON& Tower with Radar,19,70,54,3,146,0,9,86,1,96,19,79,140,4,242,28,0,28,270
09/20/2014,LEX,KY,ASO,CE,Combined TRACON& Tower with Radar,13,45,57,0,115,0,5,74,2,81,13,50,131,2,196,0,0,0,196
09/21/2014,LEX,KY,ASO,CE,Combined TRACON& Tower with Radar,15,81,55,0,151,0,8,26,0,34,15,89,81,0,185,11,0,11,196
09/22/2014,LEX,KY,ASO,CE,Combined TRACON& Tower with Radar,21,66,40,2,129,0,9,48,2,59,21,75,88,4,188,51,0,51,239
09/23/2014,LEX,KY,ASO,CE,Combined TRACON& Tower with Radar,13,71,36,2,122,0,5,59,0,64,13,76,95,2,186,56,0,56,242
09/24/2014,LEX,KY,ASO,CE,Combined TRACON& Tower with Radar,14,72,70,0,156,0,7,91,2,100,14,79,161,2,256,18,0,18,274
09/25/2014,LEX,KY,ASO,CE,Combined TRACON& Tower with Radar,17,77,66,2,162,0,2,70,2,74,17,79,136,4,236,14,0,14,250
09/26/2014,LEX,KY,ASO,CE,Combined TRACON& Tower with Radar,20,56,58,3,137,0,6,61,1,68,20,62,119,4,205,14,0,14,219
09/27/2014,LEX,KY,ASO,CE,Combined TRACON& Tower with Radar,14,37,36,0,87,0,8,64,2,74,14,45,100,2,161,0,4,4,165
09/28/2014,LEX,KY,ASO,CE,Combined TRACON& Tower with Radar,14,57,43,0,114,0,0,53,0,53,14,57,96,0,167,34,0,34,201
09/29/2014,LEX,KY,ASO,CE,Combined TRACON& Tower with Radar,22,72,49,3,146,0,3,41,1,45,22,75,90,4,191,25,0,25,216
09/30/2014,LEX,KY,ASO,CE,Combined TRACON& Tower with Radar,18,66,61,4,149,0,2,62,2,66,18,68,123,6,215,50,0,50,265
10/01/2014,LEX,KY,ASO,CE,Combined TRACON& Tower with Radar,21,62,41,3,127,0,0,42,2,44,21,62,83,5,171,18,0,18,189
10/02/2014,LEX,KY,ASO,CE,Combined TRACON& Tower with Radar,21,63,75,13,172,0,8,55,2,65,21,71,130,15,237,54,0,54,291
10/03/2014,LEX,KY,ASO,CE,Combined TRACON& Tower with Radar,20,73,64,4,161,0,3,26,0,29,20,76,90,4,190,0,0,0,190
10/04/2014,LEX,KY,ASO,CE,Combined TRACON& Tower with Radar,13,47,71,2,133,0,4,26,1,31,13,51,97,3,164,0,0,0,164
10/05/2014,LEX,KY,ASO,CE,Combined TRACON& Tower with Radar,18,79,73,0,170,0,0,48,5,53,18,79,121,5,223,0,0,0,223
10/06/2014,LEX,KY,ASO,CE,Combined TRACON& Tower with Radar,19,60,39,0,118,0,0,4,0,4,19,60,43,0,122,8,0,8,130
10/07/2014,LEX,KY,ASO,CE,Combined TRACON& Tower with Radar,17,60,27,0,104,0,1,6,0,7,17,61,33,0,111,22,0,22,133
10/08/2014,LEX,KY,ASO,CE,Combined TRACON& Tower with Radar,19,71,61,2,153,0,3,92,0,95,19,74,153,2,248,94,0,94,342
10/09/2014,LEX,KY,ASO,CE,Combined TRACON& Tower with Radar,21,71,64,0,156,0,2,51,0,53,21,73,115,0,209,70,0,70,279
10/10/2014,LEX,KY,ASO,CE,Combined TRACON& Tower with Radar,23,80,46,0,149,0,0,0,0,0,23,80,46,0,149,0,0,0,149
10/11/2014,LEX,KY,ASO,CE,Combined TRACON& Tower with Radar,17,51,36,0,104,0,1,7,0,8,17,52,43,0,112,10,0,10,122
10/12/2014,LEX,KY,ASO,CE,Combined TRACON& Tower with Radar,16,69,77,8,170,0,0,32,0,32,16,69,109,8,202,46,0,46,248
10/13/2014,LEX,KY,ASO,CE,Combined TRACON& Tower with Radar,19,68,42,0,129,0,0,15,0,15,19,68,57,0,144,4,0,4,148
10/14/2014,LEX,KY,ASO,CE,Combined TRACON& Tower with Radar,14,66,32,4,116,0,0,3,0,3,14,66,35,4,119,0,0,0,119
10/15/2014,LEX,KY,ASO,CE,Combined TRACON& Tower with Radar,18,80,76,12,186,0,0,8,1,9,18,80,84,13,195,12,0,12,207
10/16/2014,LEX,KY,ASO,CE,Combined TRACON& Tower with Radar,16,84,82,8,190,0,3,9,0,12,16,87,91,8,202,28,0,28,230
10/17/2014,LEX,KY,ASO,CE,Combined TRACON& Tower with Radar,18,84,71,8,181,0,3,50,1,54,18,87,121,9,235,6,0,6,241
10/18/2014,LEX,KY,ASO,CE,Combined TRACON& Tower with Radar,13,47,60,2,122,0,4,41,0,45,13,51,101,2,167,32,0,32,199
10/19/2014,LEX,KY,ASO,CE,Combined TRACON& Tower with Radar,19,67,54,0,140,0,5,58,1,64,19,72,112,1,204,28,0,28,232
10/20/2014,LEX,KY,ASO,CE,Combined TRACON& Tower with Radar,18,69,59,2,148,0,4,30,2,36,18,73,89,4,184,23,0,23,207
10/21/2014,LEX,KY,ASO,CE,Combined TRACON& Tower with Radar,17,71,64,8,160,0,6,44,2,52,17,77,108,10,212,68,22,90,302
10/22/2014,LEX,KY,ASO,CE,Combined TRACON& Tower with Radar,19,71,65,9,164,0,4,51,1,56,19,75,116,10,220,13,0,13,233
10/23/2014,LEX,KY,ASO,CE,Combined TRACON& Tower with Radar,16,74,69,8,167,0,2,59,3,64,16,76,128,11,231,50,0,50,281
10/24/2014,LEX,KY,ASO,CE,Combined TRACON& Tower with Radar,17,78,75,5,175,0,10,73,3,86,17,88,148,8,261,37,0,37,298
10/25/2014,LEX,KY,ASO,CE,Combined TRACON& Tower with Radar,18,44,57,0,119,0,5,78,2,85,18,49,135,2,204,30,0,30,234
10/26/2014,LEX,KY,ASO,CE,Combined TRACON& Tower with Radar,19,69,52,0,140,0,4,95,1,100,19,73,147,1,240,52,0,52,292
10/27/2014,LEX,KY,ASO,CE,Combined TRACON& Tower with Radar,19,76,42,0,137,0,4,42,0,46,19,80,84,0,183,20,0,20,203
10/28/2014,LEX,KY,ASO,CE,Combined TRACON& Tower with Radar,16,76,32,4,128,0,0,12,0,12,16,76,44,4,140,0,0,0,140
10/29/2014,LEX,KY,ASO,CE,Combined TRACON& Tower with Radar,15,68,44,1,128,0,4,57,2,63,15,72,101,3,191,24,0,24,215
10/30/2014,LEX,KY,ASO,CE,Combined TRACON& Tower with Radar,17,79,69,3,168,0,2,73,3,78,17,81,142,6,246,21,0,21,267
10/31/2014,LEX,KY,ASO,CE,Combined TRACON& Tower with Radar,19,62,50,0,131,0,3,5,0,8,19,65,55,0,139,0,0,0,139
11/01/2014,LEX,KY,ASO,CE,Combined TRACON& Tower with Radar,20,55,38,0,113,0,0,9,0,9,20,55,47,0,122,0,0,0,122
11/02/2014,LEX,KY,ASO,CE,Combined TRACON& Tower with Radar,20,82,70,0,172,0,1,60,0,61,20,83,130,0,233,18,0,18,251
11/03/2014,LEX,KY,ASO,CE,Combined TRACON& Tower with Radar,20,79,59,0,158,0,5,57,2,64,20,84,116,2,222,44,0,44,266
11/04/2014,LEX,KY,ASO,CE,Combined TRACON& Tower with Radar,14,67,57,4,142,0,0,48,0,48,14,67,105,4,190,39,0,39,229
11/05/2014,LEX,KY,ASO,CE,Combined TRACON& Tower with Radar,17,79,56,2,154,0,0,0,0,0,17,79,56,2,154,0,0,0,154
11/06/2014,LEX,KY,ASO,CE,Combined TRACON& Tower with Radar,16,69,58,6,149,0,1,19,3,23,16,70,77,9,172,0,0,0,172
11/07/2014,LEX,KY,ASO,CE,Combined TRACON& Tower with Radar,18,91,78,2,189,0,8,55,1,64,18,99,133,3,253,0,0,0,253
11/08/2014,LEX,KY,ASO,CE,Combined TRACON& Tower with Radar,10,51,46,1,108,0,9,68,1,78,10,60,114,2,186,4,0,4,190
11/09/2014,LEX,KY,ASO,CE,Combined TRACON& Tower with Radar,18,75,34,1,128,0,2,56,1,59,18,77,90,2,187,29,0,29,216
11/10/2014,LEX,KY,ASO,CE,Combined TRACON& Tower with Radar,19,72,49,0,140,0,8,68,0,76,19,80,117,0,216,25,0,25,241
11/11/2014,LEX,KY,ASO,CE,Combined TRACON& Tower with Radar,13,70,40,0,123,0,2,23,0,25,13,72,63,0,148,7,0,7,155
11/12/2014,LEX,KY,ASO,CE,Combined TRACON& Tower with Radar,16,75,46,4,141,0,2,11,3,16,16,77,57,7,157,49,0,49,206
11/13/2014,LEX,KY,ASO,CE,Combined TRACON& Tower with Radar,16,74,37,4,131,0,0,13,2,15,16,74,50,6,146,22,0,22,168
11/14/2014,LEX,KY,ASO,CE,Combined TRACON& Tower with Radar,17,86,48,0,151,0,4,43,0,47,17,90,91,0,198,24,0,24,222
11/15/2014,LEX,KY,ASO,CE,Combined TRACON& Tower with Radar,10,45,27,2,84,0,0,58,2,60,10,45,85,4,144,58,0,58,202
11/16/2014,LEX,KY,ASO,CE,Combined TRACON& Tower with Radar,18,71,23,0,112,0,0,8,0,8,18,71,31,0,120,0,0,0,120
11/17/2014,LEX,KY,ASO,CE,Combined TRACON& Tower with Radar,25,66,30,1,122,0,2,3,0,5,25,68,33,1,127,0,0,0,127
11/18/2014,LEX,KY,ASO,CE,Combined TRACON& Tower with Radar,14,68,49,5,136,0,2,12,0,14,14,70,61,5,150,0,0,0,150
11/19/2014,LEX,KY,ASO,CE,Combined TRACON& Tower with Radar,16,72,60,2,150,0,7,24,0,31,16,79,84,2,181,2,0,2,183
11/20/2014,LEX,KY,ASO,CE,Combined TRACON& Tower with Radar,17,79,31,2,129,0,12,50,2,64,17,91,81,4,193,49,0,49,242
11/21/2014,LEX,KY,ASO,CE,Combined TRACON& Tower with Radar,20,72,57,0,149,0,15,53,4,72,20,87,110,4,221,12,0,12,233
11/22/2014,LEX,KY,ASO,CE,Combined TRACON& Tower with Radar,15,51,20,0,86,0,14,69,0,83,15,65,89,0,169,6,0,6,175
11/23/2014,LEX,KY,ASO,CE,Combined TRACON& Tower with Radar,14,66,21,0,101,0,9,19,0,28,14,75,40,0,129,0,0,0,129
11/24/2014,LEX,KY,ASO,CE,Combined TRACON& Tower with Radar,20,47,27,0,94,0,0,6,0,6,20,47,33,0,100,0,0,0,100
11/25/2014,LEX,KY,ASO,CE,Combined TRACON& Tower with Radar,14,67,43,7,131,0,2,67,2,71,14,69,110,9,202,50,0,50,252
11/26/2014,LEX,KY,ASO,CE,Combined TRACON& Tower with Radar,25,77,31,0,133,0,5,55,0,60,25,82,86,0,193,39,0,39,232
11/27/2014,LEX,KY,ASO,CE,Combined TRACON& Tower with Radar,8,34,9,0,51,0,5,9,0,14,8,39,18,0,65,0,0,0,65
11/28/2014,LEX,KY,ASO,CE,Combined TRACON& Tower with Radar,10,36,35,0,81,0,3,63,2,68,10,39,98,2,149,16,0,16,165
11/29/2014,LEX,KY,ASO,CE,Combined TRACON& Tower with Radar,22,67,24,0,113,0,10,15,0,25,22,77,39,0,138,4,0,4,142
11/30/2014,LEX,KY,ASO,CE,Combined TRACON& Tower with Radar,18,80,48,0,146,0,7,13,0,20,18,87,61,0,166,0,0,0,166
12/01/2014,LEX,KY,ASO,CE,Combined TRACON& Tower with Radar,22,67,35,0,124,0,4,0,0,4,22,71,35,0,128,0,0,0,128
12/02/2014,LEX,KY,ASO,CE,Combined TRACON& Tower with Radar,12,66,42,0,120,0,0,4,0,4,12,66,46,0,124,0,0,0,124
12/03/2014,LEX,KY,ASO,CE,Combined TRACON& Tower with Radar,12,65,29,0,106,0,1,9,0,10,12,66,38,0,116,6,0,6,122
12/04/2014,LEX,KY,ASO,CE,Combined TRACON& Tower with Radar,18,66,50,6,140,0,0,5,0,5,18,66,55,6,145,0,0,0,145
12/05/2014,LEX,KY,ASO,CE,Combined TRACON& Tower with Radar,19,73,65,0,157,0,0,0,0,0,19,73,65,0,157,0,0,0,157
12/06/2014,LEX,KY,ASO,CE,Combined TRACON& Tower with Radar,8,41,23,0,72,0,0,0,0,0,8,41,23,0,72,0,0,0,72
12/07/2014,LEX,KY,ASO,CE,Combined TRACON& Tower with Radar,15,56,35,2,108,0,6,65,0,71,15,62,100,2,179,6,0,6,185
12/08/2014,LEX,KY,ASO,CE,Combined TRACON& Tower with Radar,19,59,36,2,116,0,6,33,0,39,19,65,69,2,155,33,0,33,188
12/09/2014,LEX,KY,ASO,CE,Combined TRACON& Tower with Radar,12,54,22,4,92,0,0,5,0,5,12,54,27,4,97,0,0,0,97
12/10/2014,LEX,KY,ASO,CE,Combined TRACON& Tower with Radar,14,52,49,6,121,0,4,19,0,23,14,56,68,6,144,24,0,24,168
12/11/2014,LEX,KY,ASO,CE,Combined TRACON& Tower with Radar,17,61,63,12,153,0,4,68,5,77,17,65,131,17,230,20,2,22,252
12/12/2014,LEX,KY,ASO,CE,Combined TRACON& Tower with Radar,20,72,50,9,151,0,0,71,1,72,20,72,121,10,223,14,0,14,237
12/13/2014,LEX,KY,ASO,CE,Combined TRACON& Tower with Radar,11,46,58,5,120,0,4,24,1,29,11,50,82,6,149,48,0,48,197
12/14/2014,LEX,KY,ASO,CE,Combined TRACON& Tower with Radar,13,59,22,0,94,0,2,14,0,16,13,61,36,0,110,0,0,0,110
12/15/2014,LEX,KY,ASO,CE,Combined TRACON& Tower with Radar,18,53,36,6,113,0,2,34,0,36,18,55,70,6,149,8,0,8,157
12/16/2014,LEX,KY,ASO,CE,Combined TRACON& Tower with Radar,12,59,49,2,122,0,1,5,0,6,12,60,54,2,128,10,0,10,138
12/17/2014,LEX,KY,ASO,CE,Combined TRACON& Tower with Radar,15,73,39,2,129,0,4,11,0,15,15,77,50,2,144,4,0,4,148
12/18/2014,LEX,KY,ASO,CE,Combined TRACON& Tower with Radar,19,62,45,14,140,0,2,20,0,22,19,64,65,14,162,15,7,22,184
12/19/2014,LEX,KY,ASO,CE,Combined TRACON& Tower with Radar,19,70,43,0,132,0,2,38,0,40,19,72,81,0,172,24,0,24,196
12/20/2014,LEX,KY,ASO,CE,Combined TRACON& Tower with Radar,14,47,33,0,94,0,8,36,0,44,14,55,69,0,138,43,0,43,181
12/21/2014,LEX,KY,ASO,CE,Combined TRACON& Tower with Radar,17,58,34,0,109,0,4,56,2,62,17,62,90,2,171,35,0,35,206
12/22/2014,LEX,KY,ASO,CE,Combined TRACON& Tower with Radar,17,54,30,10,111,0,1,39,4,44,17,55,69,14,155,15,32,47,202
12/23/2014,LEX,KY,ASO,CE,Combined TRACON& Tower with Radar,11,60,28,10,109,0,0,3,0,3,11,60,31,10,112,0,0,0,112
12/24/2014,LEX,KY,ASO,CE,Combined TRACON& Tower with Radar,12,37,12,0,61,0,0,0,0,0,12,37,12,0,61,0,0,0,61
12/25/2014,LEX,KY,ASO,CE,Combined TRACON& Tower with Radar,10,49,7,0,66,0,6,3,1,10,10,55,10,1,76,0,0,0,76
12/26/2014,LEX,KY,ASO,CE,Combined TRACON& Tower with Radar,16,67,43,0,126,0,4,68,0,72,16,71,111,0,198,8,0,8,206
12/27/2014,LEX,KY,ASO,CE,Combined TRACON& Tower with Radar,15,57,32,0,104,0,7,15,0,22,15,64,47,0,126,16,0,16,142
12/28/2014,LEX,KY,ASO,CE,Combined TRACON& Tower with Radar,16,55,12,0,83,0,0,0,0,0,16,55,12,0,83,0,0,0,83
12/29/2014,LEX,KY,ASO,CE,Combined TRACON& Tower with Radar,19,60,34,5,118,0,2,6,3,11,19,62,40,8,129,0,0,0,129
12/30/2014,LEX,KY,ASO,CE,Combined TRACON& Tower with Radar,14,55,26,5,100,0,3,66,3,72,14,58,92,8,172,20,17,37,209
12/31/2014,LEX,KY,ASO,CE,Combined TRACON& Tower with Radar,11,45,30,2,88,0,3,51,0,54,11,48,81,2,142,2,0,2,144
01/01/2015,LEX,KY,ASO,CE,Combined TRACON& Tower with Radar,11,40,16,0,67,0,8,34,0,42,11,48,50,0,109,34,0,34,143
01/02/2015,LEX,KY,ASO,CE,Combined TRACON& Tower with Radar,18,62,20,0,100,0,4,5,0,9,18,66,25,0,109,0,0,0,109
01/03/2015,LEX,KY,ASO,CE,Combined TRACON& Tower with Radar,13,51,22,0,86,0,0,4,0,4,13,51,26,0,90,6,0,6,96
01/04/2015,LEX,KY,ASO,CE,Combined TRACON& Tower with Radar,15,55,22,0,92,0,4,6,0,10,15,59,28,0,102,10,0,10,112
01/05/2015,LEX,KY,ASO,CE,Combined TRACON& Tower with Radar,13,61,28,4,106,0,2,30,1,33,13,63,58,5,139,22,0,22,161
01/06/2015,LEX,KY,ASO,CE,Combined TRACON& Tower with Radar,11,56,37,6,110,0,3,44,2,49,11,59,81,8,159,0,0,0,159
01/07/2015,LEX,KY,ASO,CE,Combined TRACON& Tower with Radar,8,62,37,0,107,0,7,3,0,10,8,69,40,0,117,0,0,0,117
01/08/2015,LEX,KY,ASO,CE,Combined TRACON& Tower with Radar,9,61,36,1,107,0,1,39,3,43,9,62,75,4,150,46,0,46,196
01/09/2015,LEX,KY,ASO,CE,Combined TRACON& Tower with Radar,16,65,28,1,110,0,10,41,1,52,16,75,69,2,162,2,0,2,164
01/10/2015,LEX,KY,ASO,CE,Combined TRACON& Tower with Radar,10,45,23,0,78,0,2,51,2,55,10,47,74,2,133,14,0,14,147
01/11/2015,LEX,KY,ASO,CE,Combined TRACON& Tower with Radar,13,57,25,2,97,0,9,24,4,37,13,66,49,6,134,22,0,22,156
01/12/2015,LEX,KY,ASO,CE,Combined TRACON& Tower with Radar,13,64,43,0,120,0,0,0,0,0,13,64,43,0,120,0,0,0,120
01/13/2015,LEX,KY,ASO,CE,Combined TRACON& Tower with Radar,8,64,57,4,133,0,1,15,2,18,8,65,72,6,151,8,0,8,159
01/14/2015,LEX,KY,ASO,CE,Combined TRACON& Tower with Radar,12,63,49,0,124,0,4,17,2,23,12,67,66,2,147,18,0,18,165
01/15/2015,LEX,KY,ASO,CE,Combined TRACON& Tower with Radar,12,76,43,1,132,0,0,31,1,32,12,76,74,2,164,6,0,6,170
01/16/2015,LEX,KY,ASO,CE,Combined TRACON& Tower with Radar,13,73,48,0,134,0,1,63,0,64,13,74,111,0,198,6,0,6,204
01/17/2015,LEX,KY,ASO,CE,Combined TRACON& Tower with Radar,8,49,20,0,77,0,10,46,0,56,8,59,66,0,133,0,0,0,133
01/18/2015,LEX,KY,ASO,CE,Combined TRACON& Tower with Radar,9,54,25,0,88,0,2,12,2,16,9,56,37,2,104,10,0,10,114
01/19/2015,LEX,KY,ASO,CE,Combined TRACON& Tower with Radar,12,56,44,0,112,0,7,76,0,83,12,63,120,0,195,22,0,22,217
01/20/2015,LEX,KY,ASO,CE,Combined TRACON& Tower with Radar,7,57,41,3,108,0,0,46,1,47,7,57,87,4,155,18,0,18,173
01/21/2015,LEX,KY,ASO,CE,Combined TRACON& Tower with Radar,6,55,51,4,116,0,6,41,7,54,6,61,92,11,170,6,0,6,176
01/22/2015,LEX,KY,ASO,CE,Combined TRACON& Tower with Radar,9,61,36,3,109,0,5,35,3,43,9,66,71,6,152,28,0,28,180
01/23/2015,LEX,KY,ASO,CE,Combined TRACON& Tower with Radar,13,59,28,0,100,0,0,10,0,10,13,59,38,0,110,0,0,0,110
01/24/2015,LEX,KY,ASO,CE,Combined TRACON& Tower with Radar,10,51,23,0,84,0,2,20,0,22,10,53,43,0,106,12,0,12,118
01/25/2015,LEX,KY,ASO,CE,Combined TRACON& Tower with Radar,9,51,20,0,80,0,11,24,0,35,9,62,44,0,115,6,0,6,121
01/26/2015,LEX,KY,ASO,CE,Combined TRACON& Tower with Radar,12,54,29,0,95,0,0,2,0,2,12,54,31,0,97,14,0,14,111
01/27/2015,LEX,KY,ASO,CE,Combined TRACON& Tower with Radar,10,55,34,0,99,0,6,47,0,53,10,61,81,0,152,20,0,20,172
01/28/2015,LEX,KY,ASO,CE,Combined TRACON& Tower with Radar,8,64,41,14,127,0,3,73,4,80,8,67,114,18,207,4,4,8,215
01/29/2015,LEX,KY,ASO,CE,Combined TRACON& Tower with Radar,9,60,35,1,105,0,4,9,2,15,9,64,44,3,120,0,0,0,120
01/30/2015,LEX,KY,ASO,CE,Combined TRACON& Tower with Radar,16,68,40,4,128,0,5,45,4,54,16,73,85,8,182,8,0,8,190
01/31/2015,LEX,KY,ASO,CE,Combined TRACON& Tower with Radar,7,46,51,0,104,0,0,72,2,74,7,46,123,2,178,24,0,24,202
02/01/2015,LEX,KY,ASO,CE,Combined TRACON& Tower with Radar,17,32,17,0,66,0,3,2,0,5,17,35,19,0,71,4,0,4,75
02/02/2015,LEX,KY,ASO,CE,Combined TRACON& Tower with Radar,13,57,22,0,92,0,7,8,0,15,13,64,30,0,107,24,0,24,131
02/03/2015,LEX,KY,ASO,CE,Combined TRACON& Tower with Radar,8,60,50,13,131,0,3,53,3,59,8,63,103,16,190,14,0,14,204
02/04/2015,LEX,KY,ASO,CE,Combined TRACON& Tower with Radar,8,63,51,8,130,0,6,52,2,60,8,69,103,10,190,25,0,25,215
02/05/2015,LEX,KY,ASO,CE,Combined TRACON& Tower with Radar,10,59,38,6,113,0,2,28,3,33,10,61,66,9,146,10,0,10,156
02/06/2015,LEX,KY,ASO,CE,Combined TRACON& Tower with Radar,14,64,52,8,138,0,4,70,0,74,14,68,122,8,212,0,0,0,212
02/07/2015,LEX,KY,ASO,CE,Combined TRACON& Tower with Radar,7,38,34,0,79,0,6,51,0,57,7,44,85,0,136,0,0,0,136
02/08/2015,LEX,KY,ASO,CE,Combined TRACON& Tower with Radar,10,60,27,0,97,0,9,5,2,16,10,69,32,2,113,0,0,0,113
02/09/2015,LEX,KY,ASO,CE,Combined TRACON& Tower with Radar,14,57,30,0,101,0,0,0,0,0,14,57,30,0,101,0,0,0,101
02/10/2015,LEX,KY,ASO,CE,Combined TRACON& Tower with Radar,6,55,29,1,91,0,2,23,3,28,6,57,52,4,119,0,0,0,119
02/11/2015,LEX,KY,ASO,CE,Combined TRACON& Tower with Radar,9,63,36,6,114,0,4,36,3,43,9,67,72,9,157,12,0,12,169
02/12/2015,LEX,KY,ASO,CE,Combined TRACON& Tower with Radar,9,70,31,16,126,0,0,3,3,6,9,70,34,19,132,0,8,8,140
02/13/2015,LEX,KY,ASO,CE,Combined TRACON& Tower with Radar,17,60,44,0,121,0,4,69,0,73,17,64,113,0,194,18,0,18,212
02/14/2015,LEX,KY,ASO,CE,Combined TRACON& Tower with Radar,12,42,17,0,71,0,0,7,0,7,12,42,24,0,78,6,0,6,84
02/15/2015,LEX,KY,ASO,CE,Combined TRACON& Tower with Radar,13,57,37,0,107,0,8,50,0,58,13,65,87,0,165,0,0,0,165
02/16/2015,LEX,KY,ASO,CE,Combined TRACON& Tower with Radar,2,8,1,0,11,0,0,0,0,0,2,8,1,0,11,0,0,0,11
02/17/2015,LEX,KY,ASO,CE,Combined TRACON& Tower with Radar,18,38,39,0,95,0,2,12,0,14,18,40,51,0,109,4,0,4,113
02/18/2015,LEX,KY,ASO,CE,Combined TRACON& Tower with Radar,10,71,18,0,99,0,0,0,0,0,10,71,18,0,99,0,0,0,99
02/19/2015,LEX,KY,ASO,CE,Combined TRACON& Tower with Radar,14,62,26,0,102,0,3,7,0,10,14,65,33,0,112,0,0,0,112
02/20/2015,LEX,KY,ASO,CE,Combined TRACON& Tower with Radar,11,62,28,5,106,0,8,18,1,27,11,70,46,6,133,0,0,0,133
02/21/2015,LEX,KY,ASO,CE,Combined TRACON& Tower with Radar,17,32,12,0,61,0,0,0,0,0,17,32,12,0,61,0,0,0,61
02/22/2015,LEX,KY,ASO,CE,Combined TRACON& Tower with Radar,16,63,24,0,103,0,2,12,0,14,16,65,36,0,117,0,0,0,117
02/23/2015,LEX,KY,ASO,CE,Combined TRACON& Tower with Radar,14,59,45,0,118,0,11,45,0,56,14,70,90,0,174,6,3,9,183
02/24/2015,LEX,KY,ASO,CE,Combined TRACON& Tower with Radar,15,59,32,10,116,0,6,39,1,46,15,65,71,11,162,4,2,6,168
02/25/2015,LEX,KY,ASO,CE,Combined TRACON& Tower with Radar,13,66,36,3,118,0,6,48,3,57,13,72,84,6,175,55,0,55,230
02/26/2015,LEX,KY,ASO,CE,Combined TRACON& Tower with Radar,19,68,31,0,118,0,5,35,0,40,19,73,66,0,158,13,0,13,171
02/27/2015,LEX,KY,ASO,CE,Combined TRACON& Tower with Radar,17,73,53,2,145,0,6,53,1,60,17,79,106,3,205,6,0,6,211
02/28/2015,LEX,KY,ASO,CE,Combined TRACON& Tower with Radar,18,52,41,0,111,0,10,40,3,53,18,62,81,3,164,4,0,4,168
03/01/2015,LEX,KY,ASO,CE,Combined TRACON& Tower with Radar,16,55,22,0,93,0,0,2,0,2,16,55,24,0,95,0,0,0,95
03/02/2015,LEX,KY,ASO,CE,Combined TRACON& Tower with Radar,21,64,41,1,127,0,2,53,1,56,21,66,94,2,183,22,0,22,205
03/03/2015,LEX,KY,ASO,CE,Combined TRACON& Tower with Radar,13,65,39,1,118,0,2,0,0,2,13,67,39,1,120,0,0,0,120
03/04/2015,LEX,KY,ASO,CE,Combined TRACON& Tower with Radar,12,49,36,0,97,0,0,0,0,0,12,49,36,0,97,0,0,0,97
03/05/2015,LEX,KY,ASO,CE,Combined TRACON& Tower with Radar,9,33,13,0,55,0,2,2,2,6,9,35,15,2,61,0,0,0,61
03/06/2015,LEX,KY,ASO,CE,Combined TRACON& Tower with Radar,19,65,31,3,118,0,0,35,3,38,19,65,66,6,156,0,0,0,156
03/07/2015,LEX,KY,ASO,CE,Combined TRACON& Tower with Radar,14,54,47,0,115,0,13,66,0,79,14,67,113,0,194,0,0,0,194
03/08/2015,LEX,KY,ASO,CE,Combined TRACON& Tower with Radar,14,65,42,4,125,0,7,62,0,69,14,72,104,4,194,21,0,21,215
03/09/2015,LEX,KY,ASO,CE,Combined TRACON& Tower with Radar,22,66,46,2,136,0,6,68,0,74,22,72,114,2,210,28,0,28,238
03/10/2015,LEX,KY,ASO,CE,Combined TRACON& Tower with Radar,13,67,33,0,113,0,5,0,0,5,13,72,33,0,118,0,0,0,118
03/11/2015,LEX,KY,ASO,CE,Combined TRACON& Tower with Radar,14,60,47,4,125,0,0,52,0,52,14,60,99,4,177,14,0,14,191
03/12/2015,LEX,KY,ASO,CE,Combined TRACON& Tower with Radar,16,66,62,11,155,0,0,38,1,39,16,66,100,12,194,18,4,22,216
03/13/2015,LEX,KY,ASO,CE,Combined TRACON& Tower with Radar,16,69,49,10,144,0,1,4,0,5,16,70,53,10,149,6,0,6,155
03/14/2015,LEX,KY,ASO,CE,Combined TRACON& Tower with Radar,14,46,30,0,90,0,1,11,0,12,14,47,41,0,102,0,0,0,102
03/15/2015,LEX,KY,ASO,CE,Combined TRACON& Tower with Radar,14,74,41,0,129,0,2,79,0,81,14,76,120,0,210,24,0,24,234
03/16/2015,LEX,KY,ASO,CE,Combined TRACON& Tower with Radar,14,74,53,1,142,0,12,64,1,77,14,86,117,2,219,42,0,42,261
03/17/2015,LEX,KY,ASO,CE,Combined TRACON& Tower with Radar,16,57,39,4,116,0,9,55,0,64,16,66,94,4,180,4,0,4,184
03/18/2015,LEX,KY,ASO,CE,Combined TRACON& Tower with Radar,14,63,54,3,134,0,7,61,3,71,14,70,115,6,205,42,0,42,247
03/19/2015,LEX,KY,ASO,CE,Combined TRACON& Tower with Radar,18,68,33,0,119,0,0,21,1,22,18,68,54,1,141,4,0,4,145
03/20/2015,LEX,KY,ASO,CE,Combined TRACON& Tower with Radar,14,64,63,0,141,0,0,8,0,8,14,64,71,0,149,4,0,4,153
03/21/2015,LEX,KY,ASO,CE,Combined TRACON& Tower with Radar,16,43,37,0,96,0,6,89,0,95,16,49,126,0,191,5,0,5,196
03/22/2015,LEX,KY,ASO,CE,Combined TRACON& Tower with Radar,16,69,21,0,106,0,6,70,0,76,16,75,91,0,182,47,0,47,229
03/23/2015,LEX,KY,ASO,CE,Combined TRACON& Tower with Radar,14,54,41,6,115,0,5,58,1,64,14,59,99,7,179,13,8,21,200
03/24/2015,LEX,KY,ASO,CE,Combined TRACON& Tower with Radar,20,68,47,8,143,0,8,25,1,34,20,76,72,9,177,48,0,48,225
03/25/2015,LEX,KY,ASO,CE,Combined TRACON& Tower with Radar,18,71,67,8,164,0,0,27,3,30,18,71,94,11,194,0,14,14,208
03/26/2015,LEX,KY,ASO,CE,Combined TRACON& Tower with Radar,19,65,59,2,145,0,3,4,0,7,19,68,63,2,152,0,0,0,152
03/27/2015,LEX,KY,ASO,CE,Combined TRACON& Tower with Radar,18,79,52,0,149,0,4,49,5,58,18,83,101,5,207,4,0,4,211
03/28/2015,LEX,KY,ASO,CE,Combined TRACON& Tower with Radar,15,53,40,0,108,0,0,61,2,63,15,53,101,2,171,22,0,22,193
03/29/2015,LEX,KY,ASO,CE,Combined TRACON& Tower with Radar,18,75,39,0,132,0,10,36,0,46,18,85,75,0,178,3,0,3,181
03/30/2015,LEX,KY,ASO,CE,Combined TRACON& Tower with Radar,14,69,46,1,130,0,13,36,1,50,14,82,82,2,180,18,0,18,198
03/31/2015,LEX,KY,ASO,CE,Combined TRACON& Tower with Radar,15,72,32,0,119,0,15,38,0,53,15,87,70,0,172,38,0,38,210
04/01/2015,LEX,KY,ASO,CE,Combined TRACON& Tower with Radar,20,74,45,0,139,0,6,66,3,75,20,80,111,3,214,8,0,8,222
04/02/2015,LEX,KY,ASO,CE,Combined TRACON& Tower with Radar,23,75,38,2,138,0,0,5,0,5,23,75,43,2,143,0,0,0,143
04/03/2015,LEX,KY,ASO,CE,Combined TRACON& Tower with Radar,20,72,36,0,128,0,1,0,0,1,20,73,36,0,129,0,0,0,129
04/04/2015,LEX,KY,ASO,CE,Combined TRACON& Tower with Radar,16,58,70,0,144,0,8,94,2,104,16,66,164,2,248,8,0,8,256
04/05/2015,LEX,KY,ASO,CE,Combined TRACON& Tower with Radar,21,68,46,2,137,0,1,46,1,48,21,69,92,3,185,18,0,18,203
04/06/2015,LEX,KY,ASO,CE,Combined TRACON& Tower with Radar,18,69,49,0,136,0,4,17,0,21,18,73,66,0,157,0,0,0,157
04/07/2015,LEX,KY,ASO,CE,Combined TRACON& Tower with Radar,18,61,31,2,112,0,0,9,0,9,18,61,40,2,121,0,0,0,121
04/08/2015,LEX,KY,ASO,CE,Combined TRACON& Tower with Radar,16,61,59,0,136,0,2,23,0,25,16,63,82,0,161,24,0,24,185
04/09/2015,LEX,KY,ASO,CE,Combined TRACON& Tower with Radar,22,56,40,0,118,0,5,26,5,36,22,61,66,5,154,4,10,14,168
04/10/2015,LEX,KY,ASO,CE,Combined TRACON& Tower with Radar,15,68,53,8,144,0,4,37,5,46,15,72,90,13,190,18,0,18,208
04/11/2015,LEX,KY,ASO,CE,Combined TRACON& Tower with Radar,18,50,54,2,124,0,6,88,1,95,18,56,142,3,219,41,0,41,260
04/12/2015,LEX,KY,ASO,CE,Combined TRACON& Tower with Radar,21,66,33,0,120,0,4,93,3,100,21,70,126,3,220,28,0,28,248
04/13/2015,LEX,KY,ASO,CE,Combined TRACON& Tower with Radar,17,72,27,2,118,0,3,24,0,27,17,75,51,2,145,20,0,20,165
04/14/2015,LEX,KY,ASO,CE,Combined TRACON& Tower with Radar,19,71,44,3,137,0,0,7,1,8,19,71,51,4,145,0,0,0,145
04/15/2015,LEX,KY,ASO,CE,Combined TRACON& Tower with Radar,17,61,49,6,133,0,5,13,0,18,17,66,62,6,151,4,0,4,155
04/16/2015,LEX,KY,ASO,CE,Combined TRACON& Tower with Radar,22,67,45,2,136,0,4,14,2,20,22,71,59,4,156,8,0,8,164
04/17/2015,LEX,KY,ASO,CE,Combined TRACON& Tower with Radar,19,64,63,25,171,0,9,27,0,36,19,73,90,25,207,11,0,11,218
04/18/2015,LEX,KY,ASO,CE,Combined TRACON& Tower with Radar,21,43,55,22,141,0,5,80,0,85,21,48,135,22,226,36,0,36,262
04/19/2015,LEX,KY,ASO,CE,Combined TRACON& Tower with Radar,21,77,40,0,138,0,4,2,0,6,21,81,42,0,144,0,0,0,144
04/20/2015,LEX,KY,ASO,CE,Combined TRACON& Tower with Radar,18,66,57,0,141,0,0,10,0,10,18,66,67,0,151,0,0,0,151
04/21/2015,LEX,KY,ASO,CE,Combined TRACON& Tower with Radar,16,83,56,4,159,0,4,23,5,32,16,87,79,9,191,10,0,10,201
04/22/2015,LEX,KY,ASO,CE,Combined TRACON& Tower with Radar,19,63,49,3,134,0,8,20,2,30,19,71,69,5,164,6,0,6,170
04/23/2015,LEX,KY,ASO,CE,Combined TRACON& Tower with Radar,25,64,93,6,188,0,1,69,3,73,25,65,162,9,261,0,0,0,261
04/24/2015,LEX,KY,ASO,CE,Combined TRACON& Tower with Radar,21,82,97,6,206,0,2,77,2,81,21,84,174,8,287,49,4,53,340
04/25/2015,LEX,KY,ASO,CE,Combined TRACON& Tower with Radar,17,58,43,0,118,0,3,1,0,4,17,61,44,0,122,0,0,0,122
04/26/2015,LEX,KY,ASO,CE,Combined TRACON& Tower with Radar,20,89,66,2,177,0,5,53,0,58,20,94,119,2,235,22,0,22,257
04/27/2015,LEX,KY,ASO,CE,Combined TRACON& Tower with Radar,22,56,45,4,127,0,6,57,0,63,22,62,102,4,190,10,4,14,204
04/28/2015,LEX,KY,ASO,CE,Combined TRACON& Tower with Radar,19,62,54,7,142,0,4,66,2,72,19,66,120,9,214,19,0,19,233
04/29/2015,LEX,KY,ASO,CE,Combined TRACON& Tower with Radar,17,60,65,11,153,0,9,72,1,82,17,69,137,12,235,47,27,74,309
04/30/2015,LEX,KY,ASO,CE,Combined TRACON& Tower with Radar,25,68,73,0,166,0,2,21,3,26,25,70,94,3,192,0,0,0,192
05/01/2015,LEX,KY,ASO,CE,Combined TRACON& Tower with Radar,21,74,61,9,165,0,4,76,9,89,21,78,137,18,254,12,4,16,270
05/02/2015,LEX,KY,ASO,CE,Combined TRACON& Tower with Radar,17,44,31,2,94,0,12,48,0,60,17,56,79,2,154,12,0,12,166
05/03/2015,LEX,KY,ASO,CE,Combined TRACON& Tower with Radar,24,65,90,3,182,0,9,63,2,74,24,74,153,5,256,33,0,33,289
05/04/2015,LEX,KY,ASO,CE,Combined TRACON& Tower with Radar,18,67,35,6,126,0,4,52,2,58,18,71,87,8,184,18,0,18,202
05/05/2015,LEX,KY,ASO,CE,Combined TRACON& Tower with Radar,16,66,45,5,132,0,11,67,3,81,16,77,112,8,213,22,0,22,235
05/06/2015,LEX,KY,ASO,CE,Combined TRACON& Tower with Radar,13,62,47,4,126,0,12,66,2,80,13,74,113,6,206,28,0,28,234
05/07/2015,LEX,KY,ASO,CE,Combined TRACON& Tower with Radar,22,61,47,2,132,0,12,58,2,72,22,73,105,4,204,0,0,0,204
05/08/2015,LEX,KY,ASO,CE,Combined TRACON& Tower with Radar,15,72,53,7,147,0,6,75,1,82,15,78,128,8,229,11,0,11,240
05/09/2015,LEX,KY,ASO,CE,Combined TRACON& Tower with Radar,16,49,37,3,105,0,14,78,1,93,16,63,115,4,198,8,0,8,206
05/10/2015,LEX,KY,ASO,CE,Combined TRACON& Tower with Radar,18,71,38,0,127,0,9,31,0,40,18,80,69,0,167,8,0,8,175
05/11/2015,LEX,KY,ASO,CE,Combined TRACON& Tower with Radar,17,69,30,1,117,0,10,26,1,37,17,79,56,2,154,2,0,2,156
05/12/2015,LEX,KY,ASO,CE,Combined TRACON& Tower with Radar,20,75,55,6,156,0,13,52,1,66,20,88,107,7,222,2,4,6,228
05/13/2015,LEX,KY,ASO,CE,Combined TRACON& Tower with Radar,15,71,48,1,135,0,8,96,2,106,15,79,144,3,241,0,0,0,241
05/14/2015,LEX,KY,ASO,CE,Combined TRACON& Tower with Radar,19,69,65,6,159,0,11,59,2,72,19,80,124,8,231,2,0,2,233
05/15/2015,LEX,KY,ASO,CE,Combined TRACON& Tower with Radar,16,70,40,2,128,0,7,40,1,48,16,77,80,3,176,24,0,24,200
05/16/2015,LEX,KY,ASO,CE,Combined TRACON& Tower with Radar,19,41,34,6,100,0,6,5,0,11,19,47,39,6,111,4,0,4,115
05/17/2015,LEX,KY,ASO,CE,Combined TRACON& Tower with Radar,17,67,56,1,141,0,4,18,1,23,17,71,74,2,164,0,0,0,164
05/18/2015,LEX,KY,ASO,CE,Combined TRACON& Tower with Radar,13,60,45,0,118,0,5,10,3,18,13,65,55,3,136,16,0,16,152
05/19/2015,LEX,KY,ASO,CE,Combined TRACON& Tower with Radar,19,60,43,3,125,0,4,60,1,65,19,64,103,4,190,23,0,23,213
05/20/2015,LEX,KY,ASO,CE,Combined TRACON& Tower with Radar,14,66,54,2,136,0,12,66,2,80,14,78,120,4,216,13,0,13,229
05/21/2015,LEX,KY,ASO,CE,Combined TRACON& Tower with Radar,17,71,71,2,161,0,2,29,0,31,17,73,100,2,192,12,0,12,204
05/22/2015,LEX,KY,ASO,CE,Combined TRACON& Tower with Radar,18,63,80,0,161,0,10,102,0,112,18,73,182,0,273,8,0,8,281
05/23/2015,LEX,KY,ASO,CE,Combined TRACON& Tower with Radar,18,46,32,0,96,0,9,66,2,77,18,55,98,2,173,27,0,27,200
05/24/2015,LEX,KY,ASO,CE,Combined TRACON& Tower with Radar,16,43,18,0,77,0,5,43,1,49,16,48,61,1,126,5,0,5,131
05/25/2015,LEX,KY,ASO,CE,Combined TRACON& Tower with Radar,16,60,33,0,109,0,13,15,0,28,16,73,48,0,137,0,0,0,137
05/26/2015,LEX,KY,ASO,CE,Combined TRACON& Tower with Radar,13,65,32,0,110,0,2,19,0,21,13,67,51,0,131,0,0,0,131
05/27/2015,LEX,KY,ASO,CE,Combined TRACON& Tower with Radar,14,64,47,1,126,0,6,15,3,24,14,70,62,4,150,42,0,42,192
05/28/2015,LEX,KY,ASO,CE,Combined TRACON& Tower with Radar,19,80,57,2,158,0,15,9,3,27,19,95,66,5,185,12,0,12,197
05/29/2015,LEX,KY,ASO,CE,Combined TRACON& Tower with Radar,15,69,38,17,139,0,7,50,1,58,15,76,88,18,197,0,6,6,203
05/30/2015,LEX,KY,ASO,CE,Combined TRACON& Tower with Radar,22,44,10,0,76,0,7,35,0,42,22,51,45,0,118,2,0,2,120
05/31/2015,LEX,KY,ASO,CE,Combined TRACON& Tower with Radar,17,55,33,0,105,0,11,28,1,40,17,66,61,1,145,33,0,33,178
06/01/2015,LEX,KY,ASO,CE,Combined TRACON& Tower with Radar,14,68,39,3,124,0,0,0,0,0,14,68,39,3,124,0,0,0,124
06/02/2015,LEX,KY,ASO,CE,Combined TRACON& Tower with Radar,21,65,68,7,161,0,0,4,0,4,21,65,72,7,165,2,0,2,167
06/03/2015,LEX,KY,ASO,CE,Combined TRACON& Tower with Radar,12,64,64,6,146,0,4,29,1,34,12,68,93,7,180,8,0,8,188
06/04/2015,LEX,KY,ASO,CE,Combined TRACON& Tower with Radar,27,63,71,1,162,0,9,84,3,96,27,72,155,4,258,12,0,12,270
06/05/2015,LEX,KY,ASO,CE,Combined TRACON& Tower with Radar,20,67,51,17,155,0,12,76,0,88,20,79,127,17,243,43,0,43,286
06/06/2015,LEX,KY,ASO,CE,Combined TRACON& Tower with Radar,26,41,58,2,127,0,10,40,1,51,26,51,98,3,178,2,0,2,180
06/07/2015,LEX,KY,ASO,CE,Combined TRACON& Tower with Radar,22,62,37,6,127,0,10,55,0,65,22,72,92,6,192,17,10,27,219
06/08/2015,LEX,KY,ASO,CE,Combined TRACON& Tower with Radar,25,58,28,0,111,0,2,10,0,12,25,60,38,0,123,4,0,4,127
06/09/2015,LEX,KY,ASO,CE,Combined TRACON& Tower with Radar,23,61,42,1,127,0,9,56,5,70,23,70,98,6,197,6,0,6,203
06/10/2015,LEX,KY,ASO,CE,Combined TRACON& Tower with Radar,16,73,54,2,145,0,1,69,2,72,16,74,123,4,217,26,0,26,243
06/11/2015,LEX,KY,ASO,CE,Combined TRACON& Tower with Radar,24,67,56,4,151,0,5,71,4,80,24,72,127,8,231,34,0,34,265
06/12/2015,LEX,KY,ASO,CE,Combined TRACON& Tower with Radar,20,70,41,5,136,0,6,57,1,64,20,76,98,6,200,12,0,12,212
06/13/2015,LEX,KY,ASO,CE,Combined TRACON& Tower with Radar,26,41,29,0,96,0,13,47,0,60,26,54,76,0,156,10,0,10,166
06/14/2015,LEX,KY,ASO,CE,Combined TRACON& Tower with Radar,20,59,36,6,121,0,14,51,0,65,20,73,87,6,186,19,0,19,205
06/15/2015,LEX,KY,ASO,CE,Combined TRACON& Tower with Radar,23,55,36,2,116,0,3,57,0,60,23,58,93,2,176,34,0,34,210
06/16/2015,LEX,KY,ASO,CE,Combined TRACON& Tower with Radar,21,53,44,0,118,0,0,12,0,12,21,53,56,0,130,0,0,0,130
06/17/2015,LEX,KY,ASO,CE,Combined TRACON& Tower with Radar,17,61,43,1,122,0,2,15,1,18,17,63,58,2,140,14,0,14,154
06/18/2015,LEX,KY,ASO,CE,Combined TRACON& Tower with Radar,27,50,48,2,127,0,8,28,0,36,27,58,76,2,163,27,0,27,190
06/19/2015,LEX,KY,ASO,CE,Combined TRACON& Tower with Radar,22,71,40,1,134,0,2,23,1,26,22,73,63,2,160,23,0,23,183
06/20/2015,LEX,KY,ASO,CE,Combined TRACON& Tower with Radar,26,41,16,0,83,0,2,9,0,11,26,43,25,0,94,0,0,0,94
06/21/2015,LEX,KY,ASO,CE,Combined TRACON& Tower with Radar,24,58,38,0,120,0,7,29,0,36,24,65,67,0,156,20,0,20,176
06/22/2015,LEX,KY,ASO,CE,Combined TRACON& Tower with Radar,22,45,32,2,101,0,6,75,0,81,22,51,107,2,182,38,0,38,220
06/23/2015,LEX,KY,ASO,CE,Combined TRACON& Tower with Radar,20,58,63,0,141,0,9,18,0,27,20,67,81,0,168,12,0,12,180
06/24/2015,LEX,KY,ASO,CE,Combined TRACON& Tower with Radar,15,62,66,1,144,0,10,122,4,136,15,72,188,5,280,33,0,33,313
06/25/2015,LEX,KY,ASO,CE,Combined TRACON& Tower with Radar,25,76,48,0,149,0,2,51,4,57,25,78,99,4,206,12,0,12,218
06/26/2015,LEX,KY,ASO,CE,Combined TRACON& Tower with Radar,22,65,38,0,125,0,3,40,0,43,22,68,78,0,168,42,0,42,210
06/27/2015,LEX,KY,ASO,CE,Combined TRACON& Tower with Radar,24,42,30,0,96,0,4,20,0,24,24,46,50,0,120,8,0,8,128
06/28/2015,LEX,KY,ASO,CE,Combined TRACON& Tower with Radar,22,60,34,0,116,0,3,73,2,78,22,63,107,2,194,34,0,34,228
06/29/2015,LEX,KY,ASO,CE,Combined TRACON& Tower with Radar,25,55,41,0,121,0,6,19,4,29,25,61,60,4,150,0,0,0,150
06/30/2015,LEX,KY,ASO,CE,Combined TRACON& Tower with Radar,25,49,49,2,125,0,8,38,5,51,25,57,87,7,176,8,4,12,188
07/01/2015,LEX,KY,ASO,CE,Combined TRACON& Tower with Radar,19,54,56,8,137,0,1,9,3,13,19,55,65,11,150,6,0,6,156
07/02/2015,LEX,KY,ASO,CE,Combined TRACON& Tower with Radar,24,62,37,0,123,0,2,10,0,12,24,64,47,0,135,0,0,0,135
07/03/2015,LEX,KY,ASO,CE,Combined TRACON& Tower with Radar,16,41,36,0,93,0,0,10,0,10,16,41,46,0,103,0,0,0,103
07/04/2015,LEX,KY,ASO,CE,Combined TRACON& Tower with Radar,17,35,28,0,80,0,8,25,0,33,17,43,53,0,113,0,0,0,113
07/05/2015,LEX,KY,ASO,CE,Combined TRACON& Tower with Radar,17,56,38,0,111,0,10,26,0,36,17,66,64,0,147,4,0,4,151
07/06/2015,LEX,KY,ASO,CE,Combined TRACON& Tower with Radar,22,64,63,2,151,0,8,76,0,84,22,72,139,2,235,30,0,30,265
07/07/2015,LEX,KY,ASO,CE,Combined TRACON& Tower with Radar,21,68,54,0,143,0,5,13,0,18,21,73,67,0,161,0,0,0,161
07/08/2015,LEX,KY,ASO,CE,Combined TRACON& Tower with Radar,24,65,55,9,153,0,0,13,1,14,24,65,68,10,167,10,0,10,177
07/09/2015,LEX,KY,ASO,CE,Combined TRACON& Tower with Radar,29,61,53,4,147,0,10,22,0,32,29,71,75,4,179,0,0,0,179
07/10/2015,LEX,KY,ASO,CE,Combined TRACON& Tower with Radar,21,57,59,4,141,0,4,20,0,24,21,61,79,4,165,16,0,16,181
07/11/2015,LEX,KY,ASO,CE,Combined TRACON& Tower with Radar,25,52,37,0,114,0,0,91,2,93,25,52,128,2,207,112,0,112,319
07/12/2015,LEX,KY,ASO,CE,Combined TRACON& Tower with Radar,21,55,24,4,104,0,7,44,0,51,21,62,68,4,155,8,0,8,163
07/13/2015,LEX,KY,ASO,CE,Combined TRACON& Tower with Radar,25,56,30,0,111,0,0,25,0,25,25,56,55,0,136,22,0,22,158
07/14/2015,LEX,KY,ASO,CE,Combined TRACON& Tower with Radar,19,67,62,7,155,0,0,14,1,15,19,67,76,8,170,12,8,20,190
07/15/2015,LEX,KY,ASO,CE,Combined TRACON& Tower with Radar,24,54,81,14,173,0,6,50,6,62,24,60,131,20,235,26,20,46,281
07/16/2015,LEX,KY,ASO,CE,Combined TRACON& Tower with Radar,24,58,70,3,155,0,3,80,2,85,24,61,150,5,240,10,0,10,250
07/17/2015,LEX,KY,ASO,CE,Combined TRACON& Tower with Radar,25,65,54,4,148,0,11,74,2,87,25,76,128,6,235,26,0,26,261
07/18/2015,LEX,KY,ASO,CE,Combined TRACON& Tower with Radar,23,44,40,0,107,0,13,69,0,82,23,57,109,0,189,12,0,12,201
07/19/2015,LEX,KY,ASO,CE,Combined TRACON& Tower with Radar,18,63,39,0,120,0,9,27,2,38,18,72,66,2,158,0,0,0,158
07/20/2015,LEX,KY,ASO,CE,Combined TRACON& Tower with Radar,23,55,43,2,123,0,5,34,0,39,23,60,77,2,162,20,0,20,182
07/21/2015,LEX,KY,ASO,CE,Combined TRACON& Tower with Radar,21,66,75,0,162,0,4,34,0,38,21,70,109,0,200,24,0,24,224
07/22/2015,LEX,KY,ASO,CE,Combined TRACON& Tower with Radar,22,61,65,3,151,0,8,97,3,108,22,69,162,6,259,28,0,28,287
07/23/2015,LEX,KY,ASO,CE,Combined TRACON& Tower with Radar,24,65,79,1,169,0,6,72,1,79,24,71,151,2,248,34,0,34,282
07/24/2015,LEX,KY,ASO,CE,Combined TRACON& Tower with Radar,20,69,49,2,140,0,5,83,0,88,20,74,132,2,228,2,0,2,230
07/25/2015,LEX,KY,ASO,CE,Combined TRACON& Tower with Radar,20,51,38,8,117,0,10,72,0,82,20,61,110,8,199,30,0,30,229
07/26/2015,LEX,KY,ASO,CE,Combined TRACON& Tower with Radar,18,68,52,0,138,0,11,62,0,73,18,79,114,0,211,6,0,6,217
07/27/2015,LEX,KY,ASO,CE,Combined TRACON& Tower with Radar,25,63,44,0,132,0,7,36,2,45,25,70,80,2,177,16,0,16,193
07/28/2015,LEX,KY,ASO,CE,Combined TRACON& Tower with Radar,19,73,49,5,146,0,0,37,1,38,19,73,86,6,184,24,0,24,208
07/29/2015,LEX,KY,ASO,CE,Combined TRACON& Tower with Radar,32,60,58,2,152,0,4,23,0,27,32,64,81,2,179,16,0,16,195
07/30/2015,LEX,KY,ASO,CE,Combined TRACON& Tower with Radar,26,61,75,10,172,0,6,97,2,105,26,67,172,12,277,34,12,46,323
07/31/2015,LEX,KY,ASO,CE,Combined TRACON& Tower with Radar,24,57,61,2,144,0,19,112,2,133,24,76,173,4,277,0,0,0,277
08/01/2015,LEX,KY,ASO,CE,Combined TRACON& Tower with Radar,19,48,25,0,92,0,28,50,0,78,19,76,75,0,170,12,0,12,182
08/02/2015,LEX,KY,ASO,CE,Combined TRACON& Tower with Radar,18,61,40,0,119,0,6,61,0,67,18,67,101,0,186,40,0,40,226
08/03/2015,LEX,KY,ASO,CE,Combined TRACON& Tower with Radar,25,70,48,0,143,0,8,49,2,59,25,78,97,2,202,8,0,8,210
08/04/2015,LEX,KY,ASO,CE,Combined TRACON& Tower with Radar,23,60,50,2,135,0,4,45,0,49,23,64,95,2,184,4,0,4,188
08/05/2015,LEX,KY,ASO,CE,Combined TRACON& Tower with Radar,20,62,43,0,125,0,8,40,0,48,20,70,83,0,173,14,0,14,187
08/06/2015,LEX,KY,ASO,CE,Combined TRACON& Tower with Radar,23,65,55,0,143,0,1,3,0,4,23,66,58,0,147,0,0,0,147
08/07/2015,LEX,KY,ASO,CE,Combined TRACON& Tower with Radar,23,58,52,10,143,0,0,28,2,30,23,58,80,12,173,36,0,36,209
08/08/2015,LEX,KY,ASO,CE,Combined TRACON& Tower with Radar,22,46,42,0,110,0,0,80,0,80,22,46,122,0,190,36,0,36,226
08/09/2015,LEX,KY,ASO,CE,Combined TRACON& Tower with Radar,20,64,46,8,138,0,8,69,0,77,20,72,115,8,215,6,0,6,221
08/10/2015,LEX,KY,ASO,CE,Combined TRACON& Tower with Radar,19,57,36,0,112,0,3,39,0,42,19,60,75,0,154,22,0,22,176
08/11/2015,LEX,KY,ASO,CE,Combined TRACON& Tower with Radar,21,61,42,0,124,0,3,34,0,37,21,64,76,0,161,16,0,16,177
08/12/2015,LEX,KY,ASO,CE,Combined TRACON& Tower with Radar,25,67,50,0,142,0,4,79,0,83,25,71,129,0,225,20,0,20,245
08/13/2015,LEX,KY,ASO,CE,Combined TRACON& Tower with Radar,25,62,57,3,147,0,6,74,1,81,25,68,131,4,228,17,0,17,245
08/14/2015,LEX,KY,ASO,CE,Combined TRACON& Tower with Radar,18,69,42,4,133,0,11,86,0,97,18,80,128,4,230,12,0,12,242
08/15/2015,LEX,KY,ASO,CE,Combined TRACON& Tower with Radar,20,46,28,0,94,0,3,82,0,85,20,49,110,0,179,10,0,10,189
08/16/2015,LEX,KY,ASO,CE,Combined TRACON& Tower with Radar,19,71,72,0,162,0,3,71,0,74,19,74,143,0,236,8,0,8,244
08/17/2015,LEX,KY,ASO,CE,Combined TRACON& Tower with Radar,22,57,40,0,119,0,5,15,0,20,22,62,55,0,139,0,0,0,139
08/18/2015,LEX,KY,ASO,CE,Combined TRACON& Tower with Radar,21,50,82,3,156,0,15,37,1,53,21,65,119,4,209,0,0,0,209
08/19/2015,LEX,KY,ASO,CE,Combined TRACON& Tower with Radar,11,67,54,5,137,0,0,11,0,11,11,67,65,5,148,0,0,0,148
08/20/2015,LEX,KY,ASO,CE,Combined TRACON& Tower with Radar,24,69,81,20,194,0,13,61,2,76,24,82,142,22,270,38,2,40,310
08/21/2015,LEX,KY,ASO,CE,Combined TRACON& Tower with Radar,18,66,55,3,142,0,11,85,0,96,18,77,140,3,238,22,4,26,264
08/22/2015,LEX,KY,ASO,CE,Combined TRACON& Tower with Radar,15,41,30,0,86,0,9,97,0,106,15,50,127,0,192,20,0,20,212
08/23/2015,LEX,KY,ASO,CE,Combined TRACON& Tower with Radar,12,57,50,0,119,0,12,59,0,71,12,69,109,0,190,24,0,24,214
08/24/2015,LEX,KY,ASO,CE,Combined TRACON& Tower with Radar,17,61,40,0,118,0,14,44,0,58,17,75,84,0,176,22,0,22,198
08/25/2015,LEX,KY,ASO,CE,Combined TRACON& Tower with Radar,25,67,45,3,140,0,15,63,2,80,25,82,108,5,220,16,0,16,236
08/26/2015,LEX,KY,ASO,CE,Combined TRACON& Tower with Radar,16,56,46,4,122,0,6,78,3,87,16,62,124,7,209,26,0,26,235
08/27/2015,LEX,KY,ASO,CE,Combined TRACON& Tower with Radar,21,53,50,2,126,0,13,68,8,89,21,66,118,10,215,38,8,46,261
08/28/2015,LEX,KY,ASO,CE,Combined TRACON& Tower with Radar,17,68,46,7,138,0,15,82,1,98,17,83,128,8,236,49,0,49,285
08/29/2015,LEX,KY,ASO,CE,Combined TRACON& Tower with Radar,15,31,26,0,72,0,9,61,1,71,15,40,87,1,143,38,0,38,181
08/30/2015,LEX,KY,ASO,CE,Combined TRACON& Tower with Radar,12,65,28,4,109,0,5,25,0,30,12,70,53,4,139,36,0,36,175
08/31/2015,LEX,KY,ASO,CE,Combined TRACON& Tower with Radar,18,63,34,0,115,0,13,72,1,86,18,76,106,1,201,54,0,54,255
09/01/2015,LEX,KY,ASO,CE,Combined TRACON& Tower with Radar,24,54,39,6,123,0,17,57,6,80,24,71,96,12,203,36,0,36,239
09/02/2015,LEX,KY,ASO,CE,Combined TRACON& Tower with Radar,19,56,59,9,143,0,5,67,2,74,19,61,126,11,217,14,0,14,231
09/03/2015,LEX,KY,ASO,CE,Combined TRACON& Tower with Radar,25,53,56,5,139,0,4,76,1,81,25,57,132,6,220,20,0,20,240
09/04/2015,LEX,KY,ASO,CE,Combined TRACON& Tower with Radar,25,50,38,0,113,0,10,67,0,77,25,60,105,0,190,10,0,10,200
09/05/2015,LEX,KY,ASO,CE,Combined TRACON& Tower with Radar,17,32,33,0,82,0,5,63,0,68,17,37,96,0,150,26,0,26,176
09/06/2015,LEX,KY,ASO,CE,Combined TRACON& Tower with Radar,20,39,35,0,94,0,5,41,0,46,20,44,76,0,140,34,0,34,174
09/07/2015,LEX,KY,ASO,CE,Combined TRACON& Tower with Radar,17,53,37,6,113,0,12,65,0,77,17,65,102,6,190,0,0,0,190
09/08/2015,LEX,KY,ASO,CE,Combined TRACON& Tower with Radar,25,38,46,5,114,0,12,59,1,72,25,50,105,6,186,14,6,20,206
09/09/2015,LEX,KY,ASO,CE,Combined TRACON& Tower with Radar,17,58,53,2,130,0,5,27,4,36,17,63,80,6,166,10,0,10,176
09/10/2015,LEX,KY,ASO,CE,Combined TRACON& Tower with Radar,20,69,57,1,147,0,1,16,3,20,20,70,73,4,167,32,0,32,199
09/11/2015,LEX,KY,ASO,CE,Combined TRACON& Tower with Radar,19,78,49,7,153,0,7,44,0,51,19,85,93,7,204,6,0,6,210
09/12/2015,LEX,KY,ASO,CE,Combined TRACON& Tower with Radar,18,47,49,13,127,0,11,39,0,50,18,58,88,13,177,34,0,34,211
09/13/2015,LEX,KY,ASO,CE,Combined TRACON& Tower with Radar,25,80,75,0,180,0,9,78,1,88,25,89,153,1,268,52,0,52,320
09/14/2015,LEX,KY,ASO,CE,Combined TRACON& Tower with Radar,21,69,84,1,175,0,14,58,1,73,21,83,142,2,248,36,12,48,296
09/15/2015,LEX,KY,ASO,CE,Combined TRACON& Tower with Radar,24,77,63,9,173,0,12,61,2,75,24,89,124,11,248,12,4,16,264
09/16/2015,LEX,KY,ASO,CE,Combined TRACON& Tower with Radar,20,74,71,12,177,0,6,71,3,80,20,80,142,15,257,36,6,42,299
09/17/2015,LEX,KY,ASO,CE,Combined TRACON& Tower with Radar,23,81,87,12,203,0,12,70,3,85,23,93,157,15,288,36,0,36,324
09/18/2015,LEX,KY,ASO,CE,Combined TRACON& Tower with Radar,21,66,97,0,184,0,9,97,1,107,21,75,194,1,291,35,0,35,326
09/19/2015,LEX,KY,ASO,CE,Combined TRACON& Tower with Radar,19,51,77,10,157,0,3,63,0,66,19,54,140,10,223,28,0,28,251
09/20/2015,LEX,KY,ASO,CE,Combined TRACON& Tower with Radar,23,74,80,0,177,0,2,59,0,61,23,76,139,0,238,57,0,57,295
09/21/2015,LEX,KY,ASO,CE,Combined TRACON& Tower with Radar,24,68,80,6,178,0,3,65,0,68,24,71,145,6,246,16,0,16,262
09/22/2015,LEX,KY,ASO,CE,Combined TRACON& Tower with Radar,24,64,63,2,153,0,7,63,2,72,24,71,126,4,225,6,0,6,231
09/23/2015,LEX,KY,ASO,CE,Combined TRACON& Tower with Radar,18,63,63,8,152,0,3,74,0,77,18,66,137,8,229,20,0,20,249
09/24/2015,LEX,KY,ASO,CE,Combined TRACON& Tower with Radar,23,60,50,12,145,0,7,58,4,69,23,67,108,16,214,30,0,30,244
09/25/2015,LEX,KY,ASO,CE,Combined TRACON& Tower with Radar,24,72,59,1,156,0,9,33,1,43,24,81,92,2,199,7,0,7,206
09/26/2015,LEX,KY,ASO,CE,Combined TRACON& Tower with Radar,28,36,58,0,122,0,2,10,2,14,28,38,68,2,136,0,0,0,136
09/27/2015,LEX,KY,ASO,CE,Combined TRACON& Tower with Radar,25,68,33,0,126,0,4,62,0,66,25,72,95,0,192,32,0,32,224
09/28/2015,LEX,KY,ASO,CE,Combined TRACON& Tower with Radar,19,69,63,0,151,0,8,76,0,84,19,77,139,0,235,30,0,30,265
09/29/2015,LEX,KY,ASO,CE,Combined TRACON& Tower with Radar,23,57,62,1,143,0,0,0,0,0,23,57,62,1,143,0,0,0,143
09/30/2015,LEX,KY,ASO,CE,Combined TRACON& Tower with Radar,22,63,67,0,152,0,0,6,1,7,22,63,73,1,159,0,0,0,159
10/01/2015,LEX,KY,ASO,CE,Combined TRACON& Tower with Radar,26,66,65,2,159,0,0,8,0,8,26,66,73,2,167,8,0,8,175
10/02/2015,LEX,KY,ASO,CE,Combined TRACON& Tower with Radar,23,75,41,0,139,0,2,1,2,5,23,77,42,2,144,0,0,0,144
10/03/2015,LEX,KY,ASO,CE,Combined TRACON& Tower with Radar,23,36,44,1,104,0,0,0,0,0,23,36,44,1,104,0,0,0,104
10/04/2015,LEX,KY,ASO,CE,Combined TRACON& Tower with Radar,27,63,51,7,148,0,5,49,1,55,27,68,100,8,203,24,0,24,227
10/05/2015,LEX,KY,ASO,CE,Combined TRACON& Tower with Radar,33,56,41,9,139,0,8,66,1,75,33,64,107,10,214,52,2,54,268
10/06/2015,LEX,KY,ASO,CE,Combined TRACON& Tower with Radar,31,54,45,8,138,0,3,79,6,88,31,57,124,14,226,24,4,28,254
10/07/2015,LEX,KY,ASO,CE,Combined TRACON& Tower with Radar,26,46,69,6,147,0,8,73,0,81,26,54,142,6,228,28,0,28,256
10/08/2015,LEX,KY,ASO,CE,Combined TRACON& Tower with Radar,32,53,66,3,154,0,8,62,1,71,32,61,128,4,225,12,0,12,237
10/09/2015,LEX,KY,ASO,CE,Combined TRACON& Tower with Radar,26,57,56,0,139,0,1,24,0,25,26,58,80,0,164,2,0,2,166
10/10/2015,LEX,KY,ASO,CE,Combined TRACON& Tower with Radar,23,45,54,0,122,0,8,67,0,75,23,53,121,0,197,33,0,33,230
10/11/2015,LEX,KY,ASO,CE,Combined TRACON& Tower with Radar,29,62,53,0,144,0,0,78,0,78,29,62,131,0,222,28,0,28,250
10/12/2015,LEX,KY,ASO,CE,Combined TRACON& Tower with Radar,33,57,47,0,137,0,4,32,0,36,33,61,79,0,173,0,0,0,173
10/13/2015,LEX,KY,ASO,CE,Combined TRACON& Tower with Radar,31,63,39,8,141,0,2,45,0,47,31,65,84,8,188,10,0,10,198
10/14/2015,LEX,KY,ASO,CE,Combined TRACON& Tower with Radar,31,52,83,1,167,0,5,81,1,87,31,57,164,2,254,0,0,0,254
10/15/2015,LEX,KY,ASO,CE,Combined TRACON& Tower with Radar,36,59,98,2,195,0,0,71,0,71,36,59,169,2,266,8,0,8,274
10/16/2015,LEX,KY,ASO,CE,Combined TRACON& Tower with Radar,34,59,71,5,169,0,10,56,1,67,34,69,127,6,236,0,8,8,244
10/17/2015,LEX,KY,ASO,CE,Combined TRACON& Tower with Radar,23,41,47,14,125,0,2,74,3,79,23,43,121,17,204,8,0,8,212
10/18/2015,LEX,KY,ASO,CE,Combined TRACON& Tower with Radar,35,56,46,1,138,0,11,61,0,72,35,67,107,1,210,18,0,18,228
10/19/2015,LEX,KY,ASO,CE,Combined TRACON& Tower with Radar,32,53,43,0,128,0,6,49,0,55,32,59,92,0,183,0,0,0,183
10/20/2015,LEX,KY,ASO,CE,Combined TRACON& Tower with Radar,33,40,61,0,134,0,6,56,0,62,33,46,117,0,196,4,0,4,200
10/21/2015,LEX,KY,ASO,CE,Combined TRACON& Tower with Radar,29,47,50,1,127,0,12,62,1,75,29,59,112,2,202,2,0,2,204
10/22/2015,LEX,KY,ASO,CE,Combined TRACON& Tower with Radar,32,55,91,5,183,0,0,59,3,62,32,55,150,8,245,34,0,34,279
10/23/2015,LEX,KY,ASO,CE,Combined TRACON& Tower with Radar,31,50,64,3,148,0,12,60,1,73,31,62,124,4,221,22,0,22,243
10/24/2015,LEX,KY,ASO,CE,Combined TRACON& Tower with Radar,25,35,26,0,86,0,6,19,0,25,25,41,45,0,111,0,0,0,111
10/25/2015,LEX,KY,ASO,CE,Combined TRACON& Tower with Radar,36,54,47,0,137,0,1,13,0,14,36,55,60,0,151,8,0,8,159
10/26/2015,LEX,KY,ASO,CE,Combined TRACON& Tower with Radar,35,50,35,0,120,0,7,31,0,38,35,57,66,0,158,0,0,0,158
10/27/2015,LEX,KY,ASO,CE,Combined TRACON& Tower with Radar,32,49,49,0,130,0,4,0,0,4,32,53,49,0,134,0,0,0,134
10/28/2015,LEX,KY,ASO,CE,Combined TRACON& Tower with Radar,25,55,81,6,167,0,0,2,0,2,25,55,83,6,169,0,0,0,169
10/29/2015,LEX,KY,ASO,CE,Combined TRACON& Tower with Radar,40,103,125,0,268,0,0,35,2,37,40,103,160,2,305,0,0,0,305
10/30/2015,LEX,KY,ASO,CE,Combined TRACON& Tower with Radar,24,111,100,0,235,0,2,64,0,66,24,113,164,0,301,0,0,0,301
10/31/2015,LEX,KY,ASO,CE,Combined TRACON& Tower with Radar,22,107,89,0,218,0,7,45,0,52,22,114,134,0,270,0,0,0,270
11/01/2015,LEX,KY,ASO,CE,Combined TRACON& Tower with Radar,44,130,138,0,312,0,2,15,0,17,44,132,153,0,329,0,0,0,329
11/02/2015,LEX,KY,ASO,CE,Combined TRACON& Tower with Radar,24,66,72,3,165,0,0,42,4,46,24,66,114,7,211,0,0,0,211
11/03/2015,LEX,KY,ASO,CE,Combined TRACON& Tower with Radar,30,60,66,7,163,0,6,68,4,78,30,66,134,11,241,42,0,42,283
11/04/2015,LEX,KY,ASO,CE,Combined TRACON& Tower with Radar,21,63,45,5,134,0,4,47,2,53,21,67,92,7,187,8,0,8,195
11/05/2015,LEX,KY,ASO,CE,Combined TRACON& Tower with Radar,29,69,65,6,169,0,8,56,0,64,29,77,121,6,233,2,0,2,235
11/06/2015,LEX,KY,ASO,CE,Combined TRACON& Tower with Radar,25,56,53,3,137,0,15,22,0,37,25,71,75,3,174,6,0,6,180
11/07/2015,LEX,KY,ASO,CE,Combined TRACON& Tower with Radar,20,41,44,1,106,0,6,54,0,60,20,47,98,1,166,47,6,53,219
11/08/2015,LEX,KY,ASO,CE,Combined TRACON& Tower with Radar,26,60,29,3,118,0,8,53,0,61,26,68,82,3,179,10,0,10,189
11/09/2015,LEX,KY,ASO,CE,Combined TRACON& Tower with Radar,26,58,45,6,135,0,4,9,0,13,26,62,54,6,148,7,0,7,155
11/10/2015,LEX,KY,ASO,CE,Combined TRACON& Tower with Radar,26,55,46,8,135,0,2,28,0,30,26,57,74,8,165,6,0,6,171
11/11/2015,LEX,KY,ASO,CE,Combined TRACON& Tower with Radar,25,58,49,2,134,0,0,52,4,56,25,58,101,6,190,3,0,3,193
11/12/2015,LEX,KY,ASO,CE,Combined TRACON& Tower with Radar,23,65,45,0,133,0,14,18,0,32,23,79,63,0,165,0,0,0,165
11/13/2015,LEX,KY,ASO,CE,Combined TRACON& Tower with Radar,22,62,37,18,139,0,9,56,6,71,22,71,93,24,210,25,10,35,245
11/14/2015,LEX,KY,ASO,CE,Combined TRACON& Tower with Radar,20,39,31,8,98,0,3,109,2,114,20,42,140,10,212,29,0,29,241
11/15/2015,LEX,KY,ASO,CE,Combined TRACON& Tower with Radar,23,49,36,3,111,0,13,83,0,96,23,62,119,3,207,16,0,16,223
11/16/2015,LEX,KY,ASO,CE,Combined TRACON& Tower with Radar,31,51,35,1,118,0,12,27,2,41,31,63,62,3,159,4,0,4,163
11/17/2015,LEX,KY,ASO,CE,Combined TRACON& Tower with Radar,25,50,45,0,120,0,8,42,3,53,25,58,87,3,173,8,8,16,189
11/18/2015,LEX,KY,ASO,CE,Combined TRACON& Tower with Radar,24,43,34,0,101,0,1,3,0,4,24,44,37,0,105,0,0,0,105
11/19/2015,LEX,KY,ASO,CE,Combined TRACON& Tower with Radar,26,49,49,9,133,0,6,45,5,56,26,55,94,14,189,4,10,14,203
11/20/2015,LEX,KY,ASO,CE,Combined TRACON& Tower with Radar,26,61,78,1,166,0,10,66,4,80,26,71,144,5,246,4,0,4,250
11/21/2015,LEX,KY,ASO,CE,Combined TRACON& Tower with Radar,24,29,32,2,87,0,6,30,2,38,24,35,62,4,125,32,0,32,157
11/22/2015,LEX,KY,ASO,CE,Combined TRACON& Tower with Radar,27,45,25,1,98,0,2,34,0,36,27,47,59,1,134,68,6,74,208
11/23/2015,LEX,KY,ASO,CE,Combined TRACON& Tower with Radar,23,43,34,4,104,0,8,45,4,57,23,51,79,8,161,28,0,28,189
11/24/2015,LEX,KY,ASO,CE,Combined TRACON& Tower with Radar,21,62,53,8,144,0,12,56,3,71,21,74,109,11,215,41,0,41,256
11/25/2015,LEX,KY,ASO,CE,Combined TRACON& Tower with Radar,29,46,36,0,111,0,2,66,1,69,29,48,102,1,180,8,0,8,188
11/26/2015,LEX,KY,ASO,CE,Combined TRACON& Tower with Radar,11,14,4,0,29,0,11,20,0,31,11,25,24,0,60,2,0,2,62
11/27/2015,LEX,KY,ASO,CE,Combined TRACON& Tower with Radar,16,38,29,0,83,0,11,50,0,61,16,49,79,0,144,34,0,34,178
11/28/2015,LEX,KY,ASO,CE,Combined TRACON& Tower with Radar,29,42,18,0,89,0,1,8,0,9,29,43,26,0,98,0,0,0,98
11/29/2015,LEX,KY,ASO,CE,Combined TRACON& Tower with Radar,26,56,44,0,126,0,0,0,0,0,26,56,44,0,126,0,0,0,126
11/30/2015,LEX,KY,ASO,CE,Combined TRACON& Tower with Radar,29,58,28,0,115,0,0,0,0,0,29,58,28,0,115,0,0,0,115
12/01/2015,LEX,KY,ASO,CE,Combined TRACON& Tower with Radar,19,61,46,0,126,0,0,3,0,3,19,61,49,0,129,14,0,14,143
12/02/2015,LEX,KY,ASO,CE,Combined TRACON& Tower with Radar,16,51,50,0,117,0,5,16,0,21,16,56,66,0,138,0,0,0,138
12/03/2015,LEX,KY,ASO,CE,Combined TRACON& Tower with Radar,26,58,46,25,155,0,9,39,1,49,26,67,85,26,204,45,0,45,249
12/04/2015,LEX,KY,ASO,CE,Combined TRACON& Tower with Radar,19,53,63,12,147,0,13,91,1,105,19,66,154,13,252,0,0,0,252
12/05/2015,LEX,KY,ASO,CE,Combined TRACON& Tower with Radar,21,39,34,3,97,0,8,50,1,59,21,47,84,4,156,45,6,51,207
12/06/2015,LEX,KY,ASO,CE,Combined TRACON& Tower with Radar,19,49,35,0,103,0,5,48,0,53,19,54,83,0,156,12,0,12,168
12/07/2015,LEX,KY,ASO,CE,Combined TRACON& Tower with Radar,19,56,34,4,113,0,8,8,0,16,19,64,42,4,129,0,0,0,129
12/08/2015,LEX,KY,ASO,CE,Combined TRACON& Tower with Radar,21,50,40,1,112,0,7,59,5,71,21,57,99,6,183,8,0,8,191
12/09/2015,LEX,KY,ASO,CE,Combined TRACON& Tower with Radar,13,57,47,0,117,0,13,25,0,38,13,70,72,0,155,4,0,4,159
12/10/2015,LEX,KY,ASO,CE,Combined TRACON& Tower with Radar,20,58,78,0,156,0,6,18,0,24,20,64,96,0,180,8,0,8,188
12/11/2015,LEX,KY,ASO,CE,Combined TRACON& Tower with Radar,19,55,37,2,113,0,2,12,0,14,19,57,49,2,127,0,0,0,127
12/12/2015,LEX,KY,ASO,CE,Combined TRACON& Tower with Radar,20,43,24,0,87,0,6,48,0,54,20,49,72,0,141,29,0,29,170
12/13/2015,LEX,KY,ASO,CE,Combined TRACON& Tower with Radar,20,44,36,0,100,0,6,35,0,41,20,50,71,0,141,0,0,0,141
12/14/2015,LEX,KY,ASO,CE,Combined TRACON& Tower with Radar,19,61,43,0,123,0,10,8,0,18,19,71,51,0,141,0,0,0,141
12/15/2015,LEX,KY,ASO,CE,Combined TRACON& Tower with Radar,11,53,53,3,120,1,12,38,1,52,12,65,91,4,172,18,0,18,190
12/16/2015,LEX,KY,ASO,CE,Combined TRACON& Tower with Radar,13,59,52,8,132,0,5,59,3,67,13,64,111,11,199,32,0,32,231
12/17/2015,LEX,KY,ASO,CE,Combined TRACON& Tower with Radar,22,53,45,9,129,0,4,43,0,47,22,57,88,9,176,14,6,20,196
12/18/2015,LEX,KY,ASO,CE,Combined TRACON& Tower with Radar,16,53,38,1,108,0,10,29,0,39,16,63,67,1,147,0,0,0,147
12/19/2015,LEX,KY,ASO,CE,Combined TRACON& Tower with Radar,16,43,21,0,80,0,6,69,0,75,16,49,90,0,155,24,0,24,179
12/20/2015,LEX,KY,ASO,CE,Combined TRACON& Tower with Radar,17,47,27,0,91,0,7,48,0,55,17,54,75,0,146,30,0,30,176
12/21/2015,LEX,KY,ASO,CE,Combined TRACON& Tower with Radar,15,48,37,0,100,0,3,1,0,4,15,51,38,0,104,0,0,0,104
12/22/2015,LEX,KY,ASO,CE,Combined TRACON& Tower with Radar,16,59,44,12,131,0,5,17,0,22,16,64,61,12,153,22,0,22,175
12/23/2015,LEX,KY,ASO,CE,Combined TRACON& Tower with Radar,16,45,20,0,81,0,8,16,0,24,16,53,36,0,105,0,0,0,105
12/24/2015,LEX,KY,ASO,CE,Combined TRACON& Tower with Radar,17,41,22,0,80,0,10,45,0,55,17,51,67,0,135,44,0,44,179
12/25/2015,LEX,KY,ASO,CE,Combined TRACON& Tower with Radar,12,32,1,0,45,0,0,0,0,0,12,32,1,0,45,0,0,0,45
12/26/2015,LEX,KY,ASO,CE,Combined TRACON& Tower with Radar,14,53,41,0,108,0,3,2,0,5,14,56,43,0,113,0,0,0,113
12/27/2015,LEX,KY,ASO,CE,Combined TRACON& Tower with Radar,12,48,34,0,94,0,2,2,0,4,12,50,36,0,98,0,0,0,98
12/28/2015,LEX,KY,ASO,CE,Combined TRACON& Tower with Radar,20,48,16,0,84,0,0,1,0,1,20,48,17,0,85,2,0,2,87
12/29/2015,LEX,KY,ASO,CE,Combined TRACON& Tower with Radar,15,44,53,0,112,0,14,15,0,29,15,58,68,0,141,52,0,52,193
12/30/2015,LEX,KY,ASO,CE,Combined TRACON& Tower with Radar,16,50,53,4,123,0,4,19,0,23,16,54,72,4,146,6,0,6,152
12/31/2015,LEX,KY,ASO,CE,Combined TRACON& Tower with Radar,19,38,20,0,77,0,4,4,0,8,19,42,24,0,85,0,0,0,85
01/01/2016,LEX,KY,ASO,CE,Combined TRACON& Tower with Radar,9,34,22,0,65,0,2,43,2,47,9,36,65,2,112,8,0,8,120
01/02/2016,LEX,KY,ASO,CE,Combined TRACON& Tower with Radar,10,43,47,0,100,0,6,80,3,89,10,49,127,3,189,18,0,18,207
01/03/2016,LEX,KY,ASO,CE,Combined TRACON& Tower with Radar,20,46,41,0,107,0,11,60,0,71,20,57,101,0,178,36,8,44,222
01/04/2016,LEX,KY,ASO,CE,Combined TRACON& Tower with Radar,22,48,30,0,100,0,7,20,0,27,22,55,50,0,127,6,0,6,133
01/05/2016,LEX,KY,ASO,CE,Combined TRACON& Tower with Radar,16,45,32,3,96,0,4,67,4,75,16,49,99,7,171,28,0,28,199
01/06/2016,LEX,KY,ASO,CE,Combined TRACON& Tower with Radar,17,53,40,4,114,0,8,66,2,76,17,61,106,6,190,6,0,6,196
01/07/2016,LEX,KY,ASO,CE,Combined TRACON& Tower with Radar,19,56,33,13,121,0,4,56,1,61,19,60,89,14,182,15,10,25,207
01/08/2016,LEX,KY,ASO,CE,Combined TRACON& Tower with Radar,17,54,48,0,119,0,3,8,0,11,17,57,56,0,130,0,0,0,130
01/09/2016,LEX,KY,ASO,CE,Combined TRACON& Tower with Radar,15,38,28,2,83,0,4,24,0,28,15,42,52,2,111,8,0,8,119
01/10/2016,LEX,KY,ASO,CE,Combined TRACON& Tower with Radar,19,49,27,0,95,0,2,0,0,2,19,51,27,0,97,0,0,0,97
01/11/2016,LEX,KY,ASO,CE,Combined TRACON& Tower with Radar,18,43,31,2,94,0,7,57,0,64,18,50,88,2,158,18,0,18,176
01/12/2016,LEX,KY,ASO,CE,Combined TRACON& Tower with Radar,19,51,31,1,102,0,2,3,2,7,19,53,34,3,109,0,0,0,109
01/13/2016,LEX,KY,ASO,CE,Combined TRACON& Tower with Radar,23,52,50,1,126,0,14,55,3,72,23,66,105,4,198,36,0,36,234
01/14/2016,LEX,KY,ASO,CE,Combined TRACON& Tower with Radar,23,54,52,7,136,0,12,53,4,69,23,66,105,11,205,11,0,11,216
01/15/2016,LEX,KY,ASO,CE,Combined TRACON& Tower with Radar,19,48,43,1,111,0,0,12,0,12,19,48,55,1,123,16,0,16,139
01/16/2016,LEX,KY,ASO,CE,Combined TRACON& Tower with Radar,12,43,13,1,69,0,0,3,0,3,12,43,16,1,72,0,0,0,72
01/17/2016,LEX,KY,ASO,CE,Combined TRACON& Tower with Radar,21,39,16,0,76,0,4,1,0,5,21,43,17,0,81,8,0,8,89
01/18/2016,LEX,KY,ASO,CE,Combined TRACON& Tower with Radar,17,46,50,0,113,0,3,29,0,32,17,49,79,0,145,0,0,0,145
01/19/2016,LEX,KY,ASO,CE,Combined TRACON& Tower with Radar,18,47,38,2,105,0,7,38,2,47,18,54,76,4,152,12,0,12,164
01/20/2016,LEX,KY,ASO,CE,Combined TRACON& Tower with Radar,21,54,26,2,103,0,2,0,0,2,21,56,26,2,105,0,0,0,105
01/21/2016,LEX,KY,ASO,CE,Combined TRACON& Tower with Radar,20,61,46,4,131,0,0,8,0,8,20,61,54,4,139,0,0,0,139
01/22/2016,LEX,KY,ASO,CE,Combined TRACON& Tower with Radar,11,19,2,0,32,0,0,0,0,0,11,19,2,0,32,0,0,0,32
01/23/2016,LEX,KY,ASO,CE,Combined TRACON& Tower with Radar,13,26,10,0,49,0,9,12,3,24,13,35,22,3,73,0,0,0,73
01/24/2016,LEX,KY,ASO,CE,Combined TRACON& Tower with Radar,22,35,18,0,75,0,1,20,0,21,22,36,38,0,96,12,0,12,108
01/25/2016,LEX,KY,ASO,CE,Combined TRACON& Tower with Radar,17,49,18,0,84,0,13,27,2,42,17,62,45,2,126,14,0,14,140
01/26/2016,LEX,KY,ASO,CE,Combined TRACON& Tower with Radar,19,56,32,14,121,0,1,0,1,2,19,57,32,15,123,0,0,0,123
01/27/2016,LEX,KY,ASO,CE,Combined TRACON& Tower with Radar,21,60,52,2,135,0,9,32,1,42,21,69,84,3,177,68,0,68,245
01/28/2016,LEX,KY,ASO,CE,Combined TRACON& Tower with Radar,26,57,41,4,128,0,9,31,7,47,26,66,72,11,175,5,0,5,180
01/29/2016,LEX,KY,ASO,CE,Combined TRACON& Tower with Radar,17,49,59,0,125,0,10,58,0,68,17,59,117,0,193,32,0,32,225
01/30/2016,LEX,KY,ASO,CE,Combined TRACON& Tower with Radar,13,40,15,3,71,0,9,66,4,79,13,49,81,7,150,10,0,10,160
01/31/2016,LEX,KY,ASO,CE,Combined TRACON& Tower with Radar,22,48,28,0,98,0,12,7,1,20,22,60,35,1,118,0,0,0,118
02/01/2016,LEX,KY,ASO,CE,Combined TRACON& Tower with Radar,18,44,46,2,110,0,5,26,0,31,18,49,72,2,141,20,0,20,161
02/02/2016,LEX,KY,ASO,CE,Combined TRACON& Tower with Radar,21,46,32,0,99,0,4,3,0,7,21,50,35,0,106,0,0,0,106
02/03/2016,LEX,KY,ASO,CE,Combined TRACON& Tower with Radar,22,48,20,4,94,0,6,23,2,31,22,54,43,6,125,26,0,26,151
02/04/2016,LEX,KY,ASO,CE,Combined TRACON& Tower with Radar,25,52,42,2,121,0,10,22,1,33,25,62,64,3,154,24,0,24,178
02/05/2016,LEX,KY,ASO,CE,Combined TRACON& Tower with Radar,20,56,57,2,135,0,2,67,1,70,20,58,124,3,205,8,8,16,221
02/06/2016,LEX,KY,ASO,CE,Combined TRACON& Tower with Radar,16,41,28,0,85,0,9,70,2,81,16,50,98,2,166,52,0,52,218
02/07/2016,LEX,KY,ASO,CE,Combined TRACON& Tower with Radar,19,34,20,2,75,0,4,55,0,59,19,38,75,2,134,10,0,10,144
02/08/2016,LEX,KY,ASO,CE,Combined TRACON& Tower with Radar,18,42,16,0,76,0,0,7,0,7,18,42,23,0,83,0,0,0,83
02/09/2016,LEX,KY,ASO,CE,Combined TRACON& Tower with Radar,17,47,39,0,103,0,0,0,0,0,17,47,39,0,103,0,0,0,103
02/10/2016,LEX,KY,ASO,CE,Combined TRACON& Tower with Radar,21,65,31,0,117,0,1,8,0,9,21,66,39,0,126,0,0,0,126
02/11/2016,LEX,KY,ASO,CE,Combined TRACON& Tower with Radar,23,49,57,3,132,0,4,50,5,59,23,53,107,8,191,6,0,6,197
02/12/2016,LEX,KY,ASO,CE,Combined TRACON& Tower with Radar,21,56,21,2,100,0,11,27,0,38,21,67,48,2,138,24,0,24,162
02/13/2016,LEX,KY,ASO,CE,Combined TRACON& Tower with Radar,23,31,24,0,78,0,6,52,0,58,23,37,76,0,136,29,0,29,165
02/14/2016,LEX,KY,ASO,CE,Combined TRACON& Tower with Radar,13,51,16,0,80,0,6,2,0,8,13,57,18,0,88,0,0,0,88
02/15/2016,LEX,KY,ASO,CE,Combined TRACON& Tower with Radar,16,49,20,0,85,0,0,0,0,0,16,49,20,0,85,0,0,0,85
02/16/2016,LEX,KY,ASO,CE,Combined TRACON& Tower with Radar,20,45,32,0,97,0,0,0,0,0,20,45,32,0,97,0,0,0,97
02/17/2016,LEX,KY,ASO,CE,Combined TRACON& Tower with Radar,22,69,29,0,120,0,0,0,0,0,22,69,29,0,120,0,0,0,120
02/18/2016,LEX,KY,ASO,CE,Combined TRACON& Tower with Radar,22,65,90,6,183,0,8,76,4,88,22,73,166,10,271,19,0,19,290
02/19/2016,LEX,KY,ASO,CE,Combined TRACON& Tower with Radar,22,51,33,2,108,0,6,10,4,20,22,57,43,6,128,0,0,0,128
02/20/2016,LEX,KY,ASO,CE,Combined TRACON& Tower with Radar,22,33,14,0,69,0,7,69,4,80,22,40,83,4,149,41,0,41,190
02/21/2016,LEX,KY,ASO,CE,Combined TRACON& Tower with Radar,17,47,48,0,112,0,4,6,0,10,17,51,54,0,122,0,0,0,122
02/22/2016,LEX,KY,ASO,CE,Combined TRACON& Tower with Radar,23,48,48,5,124,0,2,59,1,62,23,50,107,6,186,57,0,57,243
02/23/2016,LEX,KY,ASO,CE,Combined TRACON& Tower with Radar,23,53,48,2,126,0,4,32,6,42,23,57,80,8,168,36,0,36,204
02/24/2016,LEX,KY,ASO,CE,Combined TRACON& Tower with Radar,22,43,28,10,103,0,0,0,0,0,22,43,28,10,103,12,0,12,115
02/25/2016,LEX,KY,ASO,CE,Combined TRACON& Tower with Radar,21,54,47,4,126,0,4,6,0,10,21,58,53,4,136,0,0,0,136
02/26/2016,LEX,KY,ASO,CE,Combined TRACON& Tower with Radar,21,54,54,4,133,0,2,64,0,66,21,56,118,4,199,10,0,10,209
02/27/2016,LEX,KY,ASO,CE,Combined TRACON& Tower with Radar,22,37,50,16,125,0,9,97,0,106,22,46,147,16,231,34,10,44,275
02/28/2016,LEX,KY,ASO,CE,Combined TRACON& Tower with Radar,21,46,37,3,107,0,9,17,1,27,21,55,54,4,134,12,0,12,146
02/29/2016,LEX,KY,ASO,CE,Combined TRACON& Tower with Radar,23,45,31,3,102,0,6,73,1,80,23,51,104,4,182,14,0,14,196
03/01/2016,LEX,KY,ASO,CE,Combined TRACON& Tower with Radar,23,42,18,2,85,0,4,10,0,14,23,46,28,2,99,4,0,4,103
03/02/2016,LEX,KY,ASO,CE,Combined TRACON& Tower with Radar,26,44,39,5,114,0,13,49,7,69,26,57,88,12,183,22,0,22,205
03/03/2016,LEX,KY,ASO,CE,Combined TRACON& Tower with Radar,27,47,20,0,94,0,0,6,0,6,27,47,26,0,100,0,0,0,100
03/04/2016,LEX,KY,ASO,CE,Combined TRACON& Tower with Radar,33,48,29,4,114,0,0,10,2,12,33,48,39,6,126,12,0,12,138
03/05/2016,LEX,KY,ASO,CE,Combined TRACON& Tower with Radar,24,37,41,4,106,0,0,3,1,4,24,37,44,5,110,0,0,0,110
03/06/2016,LEX,KY,ASO,CE,Combined TRACON& Tower with Radar,27,29,38,0,94,0,6,73,2,81,27,35,111,2,175,14,0,14,189
03/07/2016,LEX,KY,ASO,CE,Combined TRACON& Tower with Radar,31,46,39,14,130,0,15,51,2,68,31,61,90,16,198,26,8,34,232
03/08/2016,LEX,KY,ASO,CE,Combined TRACON& Tower with Radar,25,46,36,2,109,0,6,57,2,65,25,52,93,4,174,16,0,16,190
03/09/2016,LEX,KY,ASO,CE,Combined TRACON& Tower with Radar,26,42,40,5,113,0,6,61,1,68,26,48,101,6,181,44,0,44,225
03/10/2016,LEX,KY,ASO,CE,Combined TRACON& Tower with Radar,28,45,33,3,109,0,0,14,1,15,28,45,47,4,124,1,0,1,125
03/11/2016,LEX,KY,ASO,CE,Combined TRACON& Tower with Radar,27,45,63,6,141,0,2,10,0,12,27,47,73,6,153,0,0,0,153
03/12/2016,LEX,KY,ASO,CE,Combined TRACON& Tower with Radar,26,33,30,0,89,0,3,65,0,68,26,36,95,0,157,29,0,29,186
03/13/2016,LEX,KY,ASO,CE,Combined TRACON& Tower with Radar,26,49,26,4,105,0,2,4,0,6,26,51,30,4,111,8,0,8,119
03/14/2016,LEX,KY,ASO,CE,Combined TRACON& Tower with Radar,27,40,24,0,91,0,4,21,0,25,27,44,45,0,116,18,0,18,134
03/15/2016,LEX,KY,ASO,CE,Combined TRACON& Tower with Radar,29,46,36,3,114,0,16,72,5,93,29,62,108,8,207,10,0,10,217
03/16/2016,LEX,KY,ASO,CE,Combined TRACON& Tower with Radar,28,57,30,4,119,0,9,23,2,34,28,66,53,6,153,0,0,0,153
03/17/2016,LEX,KY,ASO,CE,Combined TRACON& Tower with Radar,25,49,37,4,115,0,11,42,2,55,25,60,79,6,170,16,0,16,186
03/18/2016,LEX,KY,ASO,CE,Combined TRACON& Tower with Radar,27,48,39,9,123,0,15,77,0,92,27,63,116,9,215,28,0,28,243
03/19/2016,LEX,KY,ASO,CE,Combined TRACON& Tower with Radar,24,32,33,0,89,0,17,10,0,27,24,49,43,0,116,0,0,0,116
03/20/2016,LEX,KY,ASO,CE,Combined TRACON& Tower with Radar,33,31,32,1,97,0,9,54,1,64,33,40,86,2,161,20,0,20,181
03/21/2016,LEX,KY,ASO,CE,Combined TRACON& Tower with Radar,27,42,21,5,95,0,13,45,2,60,27,55,66,7,155,42,0,42,197
03/22/2016,LEX,KY,ASO,CE,Combined TRACON& Tower with Radar,30,54,26,3,113,0,14,59,3,76,30,68,85,6,189,20,0,20,209
03/23/2016,LEX,KY,ASO,CE,Combined TRACON& Tower with Radar,28,47,56,10,141,0,6,40,3,49,28,53,96,13,190,9,11,20,210
03/24/2016,LEX,KY,ASO,CE,Combined TRACON& Tower with Radar,28,41,30,1,100,0,3,7,0,10,28,44,37,1,110,0,0,0,110
03/25/2016,LEX,KY,ASO,CE,Combined TRACON& Tower with Radar,27,43,48,0,118,0,10,11,1,22,27,53,59,1,140,12,0,12,152
03/26/2016,LEX,KY,ASO,CE,Combined TRACON& Tower with Radar,35,29,55,0,119,0,9,120,1,130,35,38,175,1,249,30,0,30,279
03/27/2016,LEX,KY,ASO,CE,Combined TRACON& Tower with Radar,30,31,21,2,84,0,9,12,0,21,30,40,33,2,105,0,0,0,105
03/28/2016,LEX,KY,ASO,CE,Combined TRACON& Tower with Radar,27,46,60,4,137,0,12,45,0,57,27,58,105,4,194,26,0,26,220
03/29/2016,LEX,KY,ASO,CE,Combined TRACON& Tower with Radar,33,52,44,4,133,0,14,88,0,102,33,66,132,4,235,34,0,34,269
03/30/2016,LEX,KY,ASO,CE,Combined TRACON& Tower with Radar,29,38,43,5,115,0,8,70,5,83,29,46,113,10,198,6,0,6,204
03/31/2016,LEX,KY,ASO,CE,Combined TRACON& Tower with Radar,25,50,32,0,107,0,5,2,0,7,25,55,34,0,114,0,0,0,114
04/01/2016,LEX,KY,ASO,CE,Combined TRACON& Tower with Radar,24,51,55,1,131,0,10,66,0,76,24,61,121,1,207,49,0,49,256
04/02/2016,LEX,KY,ASO,CE,Combined TRACON& Tower with Radar,35,41,36,1,113,0,10,32,1,43,35,51,68,2,156,6,0,6,162
04/03/2016,LEX,KY,ASO,CE,Combined TRACON& Tower with Radar,26,45,46,0,117,0,2,68,0,70,26,47,114,0,187,46,0,46,233
04/04/2016,LEX,KY,ASO,CE,Combined TRACON& Tower with Radar,31,41,28,6,106,1,6,21,2,30,32,47,49,8,136,6,0,6,142
04/05/2016,LEX,KY,ASO,CE,Combined TRACON& Tower with Radar,42,43,72,4,161,0,4,50,5,59,42,47,122,9,220,16,0,16,236
04/06/2016,LEX,KY,ASO,CE,Combined TRACON& Tower with Radar,36,44,39,0,119,0,1,11,0,12,36,45,50,0,131,8,0,8,139
04/07/2016,LEX,KY,ASO,CE,Combined TRACON& Tower with Radar,33,46,44,2,125,0,4,10,7,21,33,50,54,9,146,0,0,0,146
04/08/2016,LEX,KY,ASO,CE,Combined TRACON& Tower with Radar,35,54,45,0,134,0,9,19,0,28,35,63,64,0,162,2,0,2,164
04/09/2016,LEX,KY,ASO,CE,Combined TRACON& Tower with Radar,25,54,35,0,114,0,8,41,1,50,25,62,76,1,164,0,0,0,164
04/10/2016,LEX,KY,ASO,CE,Combined TRACON& Tower with Radar,32,51,45,0,128,0,14,29,0,43,32,65,74,0,171,0,0,0,171
04/11/2016,LEX,KY,ASO,CE,Combined TRACON& Tower with Radar,37,38,35,0,110,0,4,3,0,7,37,42,38,0,117,0,0,0,117
04/12/2016,LEX,KY,ASO,CE,Combined TRACON& Tower with Radar,34,50,45,3,132,0,3,50,5,58,34,53,95,8,190,4,8,12,202
04/13/2016,LEX,KY,ASO,CE,Combined TRACON& Tower with Radar,35,42,42,10,129,0,9,49,2,60,35,51,91,12,189,0,0,0,189
04/14/2016,LEX,KY,ASO,CE,Combined TRACON& Tower with Radar,34,46,65,10,155,0,10,62,4,76,34,56,127,14,231,36,0,36,267
04/15/2016,LEX,KY,ASO,CE,Combined TRACON& Tower with Radar,34,58,59,20,171,0,4,84,1,89,34,62,143,21,260,24,0,24,284
04/16/2016,LEX,KY,ASO,CE,Combined TRACON& Tower with Radar,25,61,66,13,165,0,7,73,3,83,25,68,139,16,248,10,0,10,258
04/17/2016,LEX,KY,ASO,CE,Combined TRACON& Tower with Radar,29,55,71,21,176,0,6,75,2,83,29,61,146,23,259,0,0,0,259
04/18/2016,LEX,KY,ASO,CE,Combined TRACON& Tower with Radar,37,45,35,2,119,0,5,57,4,66,37,50,92,6,185,23,0,23,208
04/19/2016,LEX,KY,ASO,CE,Combined TRACON& Tower with Radar,34,41,58,7,140,0,4,67,7,78,34,45,125,14,218,7,2,9,227
04/20/2016,LEX,KY,ASO,CE,Combined TRACON& Tower with Radar,36,44,57,17,154,0,4,84,7,95,36,48,141,24,249,48,24,72,321
04/21/2016,LEX,KY,ASO,CE,Combined TRACON& Tower with Radar,31,60,48,7,146,0,5,17,1,23,31,65,65,8,169,6,0,6,175
04/22/2016,LEX,KY,ASO,CE,Combined TRACON& Tower with Radar,36,51,56,0,143,0,3,28,0,31,36,54,84,0,174,4,0,4,178
04/23/2016,LEX,KY,ASO,CE,Combined TRACON& Tower with Radar,26,41,60,0,127,0,6,65,0,71,26,47,125,0,198,46,0,46,244
04/24/2016,LEX,KY,ASO,CE,Combined TRACON& Tower with Radar,33,50,59,1,143,0,5,95,6,106,33,55,154,7,249,14,0,14,263
04/25/2016,LEX,KY,ASO,CE,Combined TRACON& Tower with Radar,34,40,43,4,121,0,9,52,3,64,34,49,95,7,185,9,2,11,196
04/26/2016,LEX,KY,ASO,CE,Combined TRACON& Tower with Radar,29,46,62,15,152,0,11,28,0,39,29,57,90,15,191,16,0,16,207
04/27/2016,LEX,KY,ASO,CE,Combined TRACON& Tower with Radar,34,52,50,1,137,0,0,14,1,15,34,52,64,2,152,0,0,0,152
04/28/2016,LEX,KY,ASO,CE,Combined TRACON& Tower with Radar,35,57,82,20,194,0,2,27,3,32,35,59,109,23,226,0,10,10,236
04/29/2016,LEX,KY,ASO,CE,Combined TRACON& Tower with Radar,35,71,72,15,193,0,2,59,0,61,35,73,131,15,254,28,0,28,282
04/30/2016,LEX,KY,ASO,CE,Combined TRACON& Tower with Radar,24,50,21,1,96,0,5,9,0,14,24,55,30,1,110,0,0,0,110
05/01/2016,LEX,KY,ASO,CE,Combined TRACON& Tower with Radar,28,57,81,1,167,0,6,16,0,22,28,63,97,1,189,0,0,0,189
05/02/2016,LEX,KY,ASO,CE,Combined TRACON& Tower with Radar,30,46,50,0,126,0,2,17,0,19,30,48,67,0,145,8,0,8,153
05/03/2016,LEX,KY,ASO,CE,Combined TRACON& Tower with Radar,34,38,62,11,145,0,3,46,3,52,34,41,108,14,197,18,0,18,215
05/04/2016,LEX,KY,ASO,CE,Combined TRACON& Tower with Radar,30,56,55,2,143,0,5,22,2,29,30,61,77,4,172,0,0,0,172
05/05/2016,LEX,KY,ASO,CE,Combined TRACON& Tower with Radar,38,70,93,7,208,0,4,25,1,30,38,74,118,8,238,0,0,0,238
05/06/2016,LEX,KY,ASO,CE,Combined TRACON& Tower with Radar,33,52,69,4,158,0,10,63,0,73,33,62,132,4,231,38,0,38,269
05/07/2016,LEX,KY,ASO,CE,Combined TRACON& Tower with Radar,22,61,42,0,125,0,2,38,2,42,22,63,80,2,167,20,0,20,187
05/08/2016,LEX,KY,ASO,CE,Combined TRACON& Tower with Radar,33,76,79,4,192,0,7,31,2,40,33,83,110,6,232,20,0,20,252
05/09/2016,LEX,KY,ASO,CE,Combined TRACON& Tower with Radar,29,52,38,1,120,0,6,45,3,54,29,58,83,4,174,12,0,12,186
05/10/2016,LEX,KY,ASO,CE,Combined TRACON& Tower with Radar,27,49,37,0,113,0,0,14,0,14,27,49,51,0,127,0,0,0,127
05/11/2016,LEX,KY,ASO,CE,Combined TRACON& Tower with Radar,29,58,52,4,143,0,6,33,0,39,29,64,85,4,182,30,0,30,212
05/12/2016,LEX,KY,ASO,CE,Combined TRACON& Tower with Radar,28,52,59,0,139,0,2,27,0,29,28,54,86,0,168,4,0,4,172
05/13/2016,LEX,KY,ASO,CE,Combined TRACON& Tower with Radar,32,58,58,6,154,0,11,84,0,95,32,69,142,6,249,56,0,56,305
05/14/2016,LEX,KY,ASO,CE,Combined TRACON& Tower with Radar,22,43,34,25,124,0,8,37,6,51,22,51,71,31,175,22,8,30,205
05/15/2016,LEX,KY,ASO,CE,Combined TRACON& Tower with Radar,24,63,57,0,144,0,11,72,1,84,24,74,129,1,228,67,0,67,295
05/16/2016,LEX,KY,ASO,CE,Combined TRACON& Tower with Radar,31,49,46,0,126,0,7,43,0,50,31,56,89,0,176,42,0,42,218
05/17/2016,LEX,KY,ASO,CE,Combined TRACON& Tower with Radar,28,53,51,2,134,0,0,3,0,3,28,53,54,2,137,0,0,0,137
05/18/2016,LEX,KY,ASO,CE,Combined TRACON& Tower with Radar,27,51,65,2,145,0,7,27,6,40,27,58,92,8,185,22,0,22,207
05/19/2016,LEX,KY,ASO,CE,Combined TRACON& Tower with Radar,30,59,79,1,169,0,15,81,9,105,30,74,160,10,274,4,0,4,278
05/20/2016,LEX,KY,ASO,CE,Combined TRACON& Tower with Radar,34,53,52,0,139,0,7,22,0,29,34,60,74,0,168,0,0,0,168
05/21/2016,LEX,KY,ASO,CE,Combined TRACON& Tower with Radar,26,37,39,8,110,0,0,1,0,1,26,37,40,8,111,0,0,0,111
05/22/2016,LEX,KY,ASO,CE,Combined TRACON& Tower with Radar,26,62,49,0,137,0,15,66,0,81,26,77,115,0,218,10,0,10,228
05/23/2016,LEX,KY,ASO,CE,Combined TRACON& Tower with Radar,35,46,32,2,115,0,10,76,0,86,35,56,108,2,201,31,0,31,232
05/24/2016,LEX,KY,ASO,CE,Combined TRACON& Tower with Radar,27,59,45,4,135,0,16,80,0,96,27,75,125,4,231,30,0,30,261
05/25/2016,LEX,KY,ASO,CE,Combined TRACON& Tower with Radar,28,52,55,1,136,0,12,50,3,65,28,64,105,4,201,6,0,6,207
05/26/2016,LEX,KY,ASO,CE,Combined TRACON& Tower with Radar,31,49,42,4,126,0,7,29,0,36,31,56,71,4,162,10,0,10,172
05/27/2016,LEX,KY,ASO,CE,Combined TRACON& Tower with Radar,34,52,58,0,144,0,5,50,0,55,34,57,108,0,199,6,0,6,205
05/28/2016,LEX,KY,ASO,CE,Combined TRACON& Tower with Radar,26,44,37,0,107,0,5,40,0,45,26,49,77,0,152,19,0,19,171
05/29/2016,LEX,KY,ASO,CE,Combined TRACON& Tower with Radar,20,33,38,0,91,0,6,56,1,63,20,39,94,1,154,24,0,24,178
05/30/2016,LEX,KY,ASO,CE,Combined TRACON& Tower with Radar,31,45,27,0,103,0,12,40,0,52,31,57,67,0,155,0,0,0,155
05/31/2016,LEX,KY,ASO,CE,Combined TRACON& Tower with Radar,27,41,59,11,138,0,14,67,1,82,27,55,126,12,220,5,0,5,225
06/01/2016,LEX,KY,ASO,CE,Combined TRACON& Tower with Radar,28,52,43,1,124,0,2,56,0,58,28,54,99,1,182,11,0,11,193
06/02/2016,LEX,KY,ASO,CE,Combined TRACON& Tower with Radar,34,48,34,1,117,0,3,20,2,25,34,51,54,3,142,14,0,14,156
06/03/2016,LEX,KY,ASO,CE,Combined TRACON& Tower with Radar,33,52,65,7,157,0,10,46,1,57,33,62,111,8,214,32,0,32,246
06/04/2016,LEX,KY,ASO,CE,Combined TRACON& Tower with Radar,31,35,14,0,80,0,1,17,0,18,31,36,31,0,98,4,0,4,102
06/05/2016,LEX,KY,ASO,CE,Combined TRACON& Tower with Radar,30,50,31,0,111,0,4,21,0,25,30,54,52,0,136,16,0,16,152
06/06/2016,LEX,KY,ASO,CE,Combined TRACON& Tower with Radar,33,53,37,3,126,0,7,56,3,66,33,60,93,6,192,0,0,0,192
06/07/2016,LEX,KY,ASO,CE,Combined TRACON& Tower with Radar,30,50,51,0,131,0,11,63,8,82,30,61,114,8,213,10,0,10,223
06/08/2016,LEX,KY,ASO,CE,Combined TRACON& Tower with Radar,27,52,43,2,124,0,4,84,1,89,27,56,127,3,213,0,0,0,213
06/09/2016,LEX,KY,ASO,CE,Combined TRACON& Tower with Radar,36,63,53,2,154,0,11,84,6,101,36,74,137,8,255,40,0,40,295
06/10/2016,LEX,KY,ASO,CE,Combined TRACON& Tower with Radar,36,63,52,18,169,0,5,77,0,82,36,68,129,18,251,31,25,56,307
06/11/2016,LEX,KY,ASO,CE,Combined TRACON& Tower with Radar,30,41,31,12,114,0,3,55,4,62,30,44,86,16,176,4,14,18,194
06/12/2016,LEX,KY,ASO,CE,Combined TRACON& Tower with Radar,29,59,36,3,127,0,8,30,0,38,29,67,66,3,165,8,0,8,173
06/13/2016,LEX,KY,ASO,CE,Combined TRACON& Tower with Radar,31,49,31,4,115,0,6,54,2,62,31,55,85,6,177,2,0,2,179
06/14/2016,LEX,KY,ASO,CE,Combined TRACON& Tower with Radar,29,59,40,2,130,0,10,48,0,58,29,69,88,2,188,6,0,6,194
06/15/2016,LEX,KY,ASO,CE,Combined TRACON& Tower with Radar,36,51,45,1,133,0,5,19,5,29,36,56,64,6,162,20,0,20,182
06/16/2016,LEX,KY,ASO,CE,Combined TRACON& Tower with Radar,37,64,67,2,170,0,11,73,3,87,37,75,140,5,257,6,0,6,263
06/17/2016,LEX,KY,ASO,CE,Combined TRACON& Tower with Radar,33,52,59,1,145,0,18,35,1,54,33,70,94,2,199,24,0,24,223
06/18/2016,LEX,KY,ASO,CE,Combined TRACON& Tower with Radar,28,41,54,0,123,0,19,49,3,71,28,60,103,3,194,28,0,28,222
06/19/2016,LEX,KY,ASO,CE,Combined TRACON& Tower with Radar,32,59,43,0,134,0,13,47,1,61,32,72,90,1,195,14,0,14,209
06/20/2016,LEX,KY,ASO,CE,Combined TRACON& Tower with Radar,35,57,38,0,130,0,12,77,0,89,35,69,115,0,219,22,0,22,241
06/21/2016,LEX,KY,ASO,CE,Combined TRACON& Tower with Radar,36,47,23,14,120,0,7,40,3,50,36,54,63,17,170,18,6,24,194
06/22/2016,LEX,KY,ASO,CE,Combined TRACON& Tower with Radar,29,46,43,0,118,0,4,20,0,24,29,50,63,0,142,14,0,14,156
06/23/2016,LEX,KY,ASO,CE,Combined TRACON& Tower with Radar,39,55,30,0,124,0,2,26,2,30,39,57,56,2,154,0,0,0,154
06/24/2016,LEX,KY,ASO,CE,Combined TRACON& Tower with Radar,35,54,89,6,184,0,2,46,2,50,35,56,135,8,234,4,6,10,244
06/25/2016,LEX,KY,ASO,CE,Combined TRACON& Tower with Radar,31,34,43,0,108,0,15,75,4,94,31,49,118,4,202,20,0,20,222
06/26/2016,LEX,KY,ASO,CE,Combined TRACON& Tower with Radar,30,42,37,6,115,0,12,44,0,56,30,54,81,6,171,20,0,20,191
06/27/2016,LEX,KY,ASO,CE,Combined TRACON& Tower with Radar,38,46,28,1,113,0,3,45,1,49,38,49,73,2,162,37,0,37,199
06/28/2016,LEX,KY,ASO,CE,Combined TRACON& Tower with Radar,34,51,53,6,144,0,2,46,2,50,34,53,99,8,194,36,0,36,230
06/29/2016,LEX,KY,ASO,CE,Combined TRACON& Tower with Radar,33,54,53,8,148,0,13,91,4,108,33,67,144,12,256,32,0,32,288
06/30/2016,LEX,KY,ASO,CE,Combined TRACON& Tower with Radar,39,55,60,3,157,0,10,95,0,105,39,65,155,3,262,27,0,27,289
07/01/2016,LEX,KY,ASO,CE,Combined TRACON& Tower with Radar,33,47,51,0,131,0,6,47,1,54,33,53,98,1,185,30,0,30,215
07/02/2016,LEX,KY,ASO,CE,Combined TRACON& Tower with Radar,32,35,43,0,110,0,8,51,0,59,32,43,94,0,169,10,0,10,179
07/03/2016,LEX,KY,ASO,CE,Combined TRACON& Tower with Radar,32,26,16,0,74,0,14,17,0,31,32,40,33,0,105,10,0,10,115
07/04/2016,LEX,KY,ASO,CE,Combined TRACON& Tower with Radar,28,30,7,0,65,0,1,5,0,6,28,31,12,0,71,0,0,0,71
07/05/2016,LEX,KY,ASO,CE,Combined TRACON& Tower with Radar,28,55,43,4,130,0,5,20,0,25,28,60,63,4,155,0,0,0,155
07/06/2016,LEX,KY,ASO,CE,Combined TRACON& Tower with Radar,27,56,38,0,121,0,6,16,2,24,27,62,54,2,145,9,0,9,154
07/07/2016,LEX,KY,ASO,CE,Combined TRACON& Tower with Radar,32,58,52,8,150,0,2,17,0,19,32,60,69,8,169,24,0,24,193
07/08/2016,LEX,KY,ASO,CE,Combined TRACON& Tower with Radar,30,48,41,4,123,0,2,22,13,37,30,50,63,17,160,32,12,44,204
07/09/2016,LEX,KY,ASO,CE,Combined TRACON& Tower with Radar,27,47,61,0,135,0,11,89,0,100,27,58,150,0,235,0,0,0,235
07/10/2016,LEX,KY,ASO,CE,Combined TRACON& Tower with Radar,31,55,72,3,161,0,18,61,0,79,31,73,133,3,240,38,0,38,278
07/11/2016,LEX,KY,ASO,CE,Combined TRACON& Tower with Radar,29,58,52,2,141,0,4,81,3,88,29,62,133,5,229,17,0,17,246
07/12/2016,LEX,KY,ASO,CE,Combined TRACON& Tower with Radar,32,58,48,0,138,0,2,21,2,25,32,60,69,2,163,16,0,16,179
07/13/2016,LEX,KY,ASO,CE,Combined TRACON& Tower with Radar,32,56,42,3,133,0,9,36,1,46,32,65,78,4,179,6,0,6,185
07/14/2016,LEX,KY,ASO,CE,Combined TRACON& Tower with Radar,37,53,53,0,143,0,4,27,0,31,37,57,80,0,174,13,0,13,187
07/15/2016,LEX,KY,ASO,CE,Combined TRACON& Tower with Radar,28,54,59,0,141,0,11,45,2,58,28,65,104,2,199,22,0,22,221
07/16/2016,LEX,KY,ASO,CE,Combined TRACON& Tower with Radar,32,37,38,0,107,0,9,58,4,71,32,46,96,4,178,51,0,51,229
07/17/2016,LEX,KY,ASO,CE,Combined TRACON& Tower with Radar,30,41,53,0,124,0,19,82,0,101,30,60,135,0,225,18,0,18,243
07/18/2016,LEX,KY,ASO,CE,Combined TRACON& Tower with Radar,27,56,33,0,116,0,16,34,0,50,27,72,67,0,166,9,0,9,175
07/19/2016,LEX,KY,ASO,CE,Combined TRACON& Tower with Radar,28,55,44,4,131,0,4,64,4,72,28,59,108,8,203,0,0,0,203
07/20/2016,LEX,KY,ASO,CE,Combined TRACON& Tower with Radar,34,49,41,18,142,0,12,72,7,91,34,61,113,25,233,0,10,10,243
07/21/2016,LEX,KY,ASO,CE,Combined TRACON& Tower with Radar,35,54,56,1,146,0,8,77,1,86,35,62,133,2,232,12,0,12,244
07/22/2016,LEX,KY,ASO,CE,Combined TRACON& Tower with Radar,36,47,77,0,160,0,7,67,0,74,36,54,144,0,234,0,0,0,234
07/23/2016,LEX,KY,ASO,CE,Combined TRACON& Tower with Radar,28,36,26,6,96,0,13,49,1,63,28,49,75,7,159,9,0,9,168
07/24/2016,LEX,KY,ASO,CE,Combined TRACON& Tower with Radar,29,51,41,7,128,0,14,52,0,66,29,65,93,7,194,31,0,31,225
07/25/2016,LEX,KY,ASO,CE,Combined TRACON& Tower with Radar,30,54,28,0,112,0,4,27,0,31,30,58,55,0,143,6,0,6,149
07/26/2016,LEX,KY,ASO,CE,Combined TRACON& Tower with Radar,34,52,51,3,140,0,5,36,3,44,34,57,87,6,184,14,0,14,198
07/27/2016,LEX,KY,ASO,CE,Combined TRACON& Tower with Radar,32,55,47,4,138,0,10,40,0,50,32,65,87,4,188,24,0,24,212
07/28/2016,LEX,KY,ASO,CE,Combined TRACON& Tower with Radar,37,49,47,0,133,0,2,2,0,4,37,51,49,0,137,0,0,0,137
07/29/2016,LEX,KY,ASO,CE,Combined TRACON& Tower with Radar,32,54,55,4,145,0,4,25,0,29,32,58,80,4,174,6,0,6,180
07/30/2016,LEX,KY,ASO,CE,Combined TRACON& Tower with Radar,26,36,30,0,92,0,5,22,0,27,26,41,52,0,119,4,0,4,123
07/31/2016,LEX,KY,ASO,CE,Combined TRACON& Tower with Radar,31,49,51,0,131,0,8,47,1,56,31,57,98,1,187,14,0,14,201
08/01/2016,LEX,KY,ASO,CE,Combined TRACON& Tower with Radar,33,53,45,0,131,0,5,26,0,31,33,58,71,0,162,26,0,26,188
08/02/2016,LEX,KY,ASO,CE,Combined TRACON& Tower with Radar,32,51,72,0,155,0,4,32,2,38,32,55,104,2,193,29,0,29,222
08/03/2016,LEX,KY,ASO,CE,Combined TRACON& Tower with Radar,33,57,45,0,135,0,4,51,1,56,33,61,96,1,191,24,0,24,215
08/04/2016,LEX,KY,ASO,CE,Combined TRACON& Tower with Radar,37,55,64,0,156,0,4,39,1,44,37,59,103,1,200,28,0,28,228
08/05/2016,LEX,KY,ASO,CE,Combined TRACON& Tower with Radar,32,60,42,4,138,0,6,37,0,43,32,66,79,4,181,14,0,14,195
08/06/2016,LEX,KY,ASO,CE,Combined TRACON& Tower with Radar,26,48,33,4,111,0,2,10,0,12,26,50,43,4,123,24,0,24,147
08/07/2016,LEX,KY,ASO,CE,Combined TRACON& Tower with Radar,31,50,56,0,137,0,15,76,0,91,31,65,132,0,228,12,0,12,240
08/08/2016,LEX,KY,ASO,CE,Combined TRACON& Tower with Radar,29,55,61,2,147,0,11,50,0,61,29,66,111,2,208,26,0,26,234
08/09/2016,LEX,KY,ASO,CE,Combined TRACON& Tower with Radar,28,60,73,0,161,0,3,32,4,39,28,63,105,4,200,49,0,49,249
08/10/2016,LEX,KY,ASO,CE,Combined TRACON& Tower with Radar,30,61,56,2,149,0,4,51,0,55,30,65,107,2,204,0,0,0,204
08/11/2016,LEX,KY,ASO,CE,Combined TRACON& Tower with Radar,35,57,59,2,153,0,11,43,4,58,35,68,102,6,211,19,0,19,230
08/12/2016,LEX,KY,ASO,CE,Combined TRACON& Tower with Radar,29,57,41,1,128,0,11,38,0,49,29,68,79,1,177,34,0,34,211
08/13/2016,LEX,KY,ASO,CE,Combined TRACON& Tower with Radar,26,44,35,8,113,0,12,50,0,62,26,56,85,8,175,10,0,10,185
08/14/2016,LEX,KY,ASO,CE,Combined TRACON& Tower with Radar,29,59,39,0,127,0,6,23,0,29,29,65,62,0,156,0,0,0,156
08/15/2016,LEX,KY,ASO,CE,Combined TRACON& Tower with Radar,32,58,42,0,132,0,2,34,0,36,32,60,76,0,168,27,0,27,195
08/16/2016,LEX,KY,ASO,CE,Combined TRACON& Tower with Radar,28,53,38,0,119,0,9,16,1,26,28,62,54,1,145,24,0,24,169
08/17/2016,LEX,KY,ASO,CE,Combined TRACON& Tower with Radar,27,57,55,2,141,0,1,2,0,3,27,58,57,2,144,0,0,0,144
08/18/2016,LEX,KY,ASO,CE,Combined TRACON& Tower with Radar,33,50,44,5,132,0,4,13,1,18,33,54,57,6,150,6,0,6,156
08/19/2016,LEX,KY,ASO,CE,Combined TRACON& Tower with Radar,25,55,58,9,147,0,5,30,0,35,25,60,88,9,182,0,0,0,182
08/20/2016,LEX,KY,ASO,CE,Combined TRACON& Tower with Radar,21,33,28,0,82,0,2,8,0,10,21,35,36,0,92,0,0,0,92
08/21/2016,LEX,KY,ASO,CE,Combined TRACON& Tower with Radar,24,50,43,4,121,0,2,47,1,50,24,52,90,5,171,8,0,8,179
08/22/2016,LEX,KY,ASO,CE,Combined TRACON& Tower with Radar,26,53,49,9,137,0,6,73,1,80,26,59,122,10,217,22,0,22,239
08/23/2016,LEX,KY,ASO,CE,Combined TRACON& Tower with Radar,24,52,40,6,122,0,8,72,5,85,24,60,112,11,207,19,0,19,226
08/24/2016,LEX,KY,ASO,CE,Combined TRACON& Tower with Radar,33,56,42,0,131,0,7,65,1,73,33,63,107,1,204,9,0,9,213
08/25/2016,LEX,KY,ASO,CE,Combined TRACON& Tower with Radar,34,54,55,1,144,0,9,40,1,50,34,63,95,2,194,6,0,6,200
08/26/2016,LEX,KY,ASO,CE,Combined TRACON& Tower with Radar,28,64,66,3,161,0,10,67,1,78,28,74,133,4,239,4,0,4,243
08/27/2016,LEX,KY,ASO,CE,Combined TRACON& Tower with Radar,23,37,39,0,99,0,10,63,0,73,23,47,102,0,172,15,0,15,187
08/28/2016,LEX,KY,ASO,CE,Combined TRACON& Tower with Radar,31,49,36,0,116,0,8,38,0,46,31,57,74,0,162,18,0,18,180
08/29/2016,LEX,KY,ASO,CE,Combined TRACON& Tower with Radar,36,42,27,1,106,0,4,54,3,61,36,46,81,4,167,15,0,15,182
08/30/2016,LEX,KY,ASO,CE,Combined TRACON& Tower with Radar,30,43,45,8,126,0,2,50,4,56,30,45,95,12,182,19,4,23,205
08/31/2016,LEX,KY,ASO,CE,Combined TRACON& Tower with Radar,30,54,44,1,129,0,8,41,1,50,30,62,85,2,179,4,0,4,183
09/01/2016,LEX,KY,ASO,CE,Combined TRACON& Tower with Radar,34,47,45,5,131,0,6,36,2,44,34,53,81,7,175,9,0,9,184
09/02/2016,LEX,KY,ASO,CE,Combined TRACON& Tower with Radar,34,53,68,0,155,0,5,63,0,68,34,58,131,0,223,12,0,12,235
09/03/2016,LEX,KY,ASO,CE,Combined TRACON& Tower with Radar,17,29,33,0,79,0,8,67,0,75,17,37,100,0,154,24,0,24,178
09/04/2016,LEX,KY,ASO,CE,Combined TRACON& Tower with Radar,24,34,32,0,90,0,8,42,0,50,24,42,74,0,140,0,0,0,140
09/05/2016,LEX,KY,ASO,CE,Combined TRACON& Tower with Radar,30,45,56,0,131,0,15,68,0,83,30,60,124,0,214,41,0,41,255
09/06/2016,LEX,KY,ASO,CE,Combined TRACON& Tower with Radar,28,46,46,2,122,0,10,49,0,59,28,56,95,2,181,8,0,8,189
09/07/2016,LEX,KY,ASO,CE,Combined TRACON& Tower with Radar,31,52,37,16,136,0,9,57,0,66,31,61,94,16,202,22,16,38,240
09/08/2016,LEX,KY,ASO,CE,Combined TRACON& Tower with Radar,34,65,56,5,160,0,3,48,3,54,34,68,104,8,214,16,0,16,230
09/09/2016,LEX,KY,ASO,CE,Combined TRACON& Tower with Radar,34,68,59,4,165,0,10,18,0,28,34,78,77,4,193,0,0,0,193
09/10/2016,LEX,KY,ASO,CE,Combined TRACON& Tower with Radar,16,41,42,0,99,0,7,13,1,21,16,48,55,1,120,0,0,0,120
09/11/2016,LEX,KY,ASO,CE,Combined TRACON& Tower with Radar,31,71,70,1,173,0,12,66,0,78,31,83,136,1,251,28,0,28,279
09/12/2016,LEX,KY,ASO,CE,Combined TRACON& Tower with Radar,32,68,51,0,151,0,15,43,0,58,32,83,94,0,209,8,0,8,217
09/13/2016,LEX,KY,ASO,CE,Combined TRACON& Tower with Radar,29,55,59,4,147,0,5,65,5,75,29,60,124,9,222,19,14,33,255
09/14/2016,LEX,KY,ASO,CE,Combined TRACON& Tower with Radar,29,66,84,4,183,0,3,77,3,83,29,69,161,7,266,11,0,11,277
09/15/2016,LEX,KY,ASO,CE,Combined TRACON& Tower with Radar,35,63,62,1,161,0,15,47,3,65,35,78,109,4,226,14,0,14,240
09/16/2016,LEX,KY,ASO,CE,Combined TRACON& Tower with Radar,37,55,81,5,178,0,4,77,3,84,37,59,158,8,262,2,0,2,264
09/17/2016,LEX,KY,ASO,CE,Combined TRACON& Tower with Radar,16,35,33,0,84,0,2,19,0,21,16,37,52,0,105,0,0,0,105
09/18/2016,LEX,KY,ASO,CE,Combined TRACON& Tower with Radar,31,57,54,6,148,0,0,21,0,21,31,57,75,6,169,40,0,40,209
09/19/2016,LEX,KY,ASO,CE,Combined TRACON& Tower with Radar,35,52,64,0,151,0,2,39,0,41,35,54,103,0,192,6,0,6,198
09/20/2016,LEX,KY,ASO,CE,Combined TRACON& Tower with Radar,29,60,84,1,174,0,4,71,3,78,29,64,155,4,252,16,6,22,274
09/21/2016,LEX,KY,ASO,CE,Combined TRACON& Tower with Radar,32,57,53,4,146,0,6,84,5,95,32,63,137,9,241,28,0,28,269
09/22/2016,LEX,KY,ASO,CE,Combined TRACON& Tower with Radar,35,52,60,5,152,0,6,71,6,83,35,58,131,11,235,12,0,12,247
09/23/2016,LEX,KY,ASO,CE,Combined TRACON& Tower with Radar,35,52,61,2,150,0,2,68,2,72,35,54,129,4,222,16,0,16,238
09/24/2016,LEX,KY,ASO,CE,Combined TRACON& Tower with Radar,17,48,41,0,106,0,14,46,1,61,17,62,87,1,167,16,0,16,183
09/25/2016,LEX,KY,ASO,CE,Combined TRACON& Tower with Radar,29,64,68,0,161,0,9,50,0,59,29,73,118,0,220,10,0,10,230
09/26/2016,LEX,KY,ASO,CE,Combined TRACON& Tower with Radar,33,49,45,0,127,0,7,15,4,26,33,56,60,4,153,6,0,6,159
09/27/2016,LEX,KY,ASO,CE,Combined TRACON& Tower with Radar,29,51,58,3,141,0,8,61,3,72,29,59,119,6,213,5,0,5,218
09/28/2016,LEX,KY,ASO,CE,Combined TRACON& Tower with Radar,29,58,64,3,154,0,3,23,4,30,29,61,87,7,184,26,0,26,210
09/29/2016,LEX,KY,ASO,CE,Combined TRACON& Tower with Radar,35,64,78,10,187,0,5,17,1,23,35,69,95,11,210,27,8,35,245
09/30/2016,LEX,KY,ASO,CE,Combined TRACON& Tower with Radar,37,64,82,6,189,0,8,18,0,26,37,72,100,6,215,49,0,49,264
10/01/2016,LEX,KY,ASO,CE,Combined TRACON& Tower with Radar,24,39,32,0,95,0,9,5,0,14,24,48,37,0,109,0,0,0,109
10/02/2016,LEX,KY,ASO,CE,Combined TRACON& Tower with Radar,36,51,50,0,137,0,11,15,0,26,36,62,65,0,163,0,0,0,163
10/03/2016,LEX,KY,ASO,CE,Combined TRACON& Tower with Radar,36,63,65,3,167,0,0,62,3,65,36,63,127,6,232,35,0,35,267
10/04/2016,LEX,KY,ASO,CE,Combined TRACON& Tower with Radar,26,49,58,6,139,0,10,62,1,73,26,59,120,7,212,14,0,14,226
10/05/2016,LEX,KY,ASO,CE,Combined TRACON& Tower with Radar,34,56,65,2,157,0,8,66,0,74,34,64,131,2,231,6,0,6,237
10/06/2016,LEX,KY,ASO,CE,Combined TRACON& Tower with Radar,32,59,56,2,149,0,1,52,0,53,32,60,108,2,202,44,0,44,246
10/07/2016,LEX,KY,ASO,CE,Combined TRACON& Tower with Radar,30,55,62,12,159,0,10,51,0,61,30,65,113,12,220,38,0,38,258
10/08/2016,LEX,KY,ASO,CE,Combined TRACON& Tower with Radar,16,55,60,2,133,0,5,49,0,54,16,60,109,2,187,30,0,30,217
10/09/2016,LEX,KY,ASO,CE,Combined TRACON& Tower with Radar,28,66,94,16,204,0,2,46,0,48,28,68,140,16,252,42,0,42,294
10/10/2016,LEX,KY,ASO,CE,Combined TRACON& Tower with Radar,32,45,46,1,124,0,6,53,0,59,32,51,99,1,183,40,0,40,223
10/11/2016,LEX,KY,ASO,CE,Combined TRACON& Tower with Radar,41,48,43,1,133,0,17,55,4,76,41,65,98,5,209,29,0,29,238
10/12/2016,LEX,KY,ASO,CE,Combined TRACON& Tower with Radar,32,56,68,8,164,0,13,56,6,75,32,69,124,14,239,14,16,30,269
10/13/2016,LEX,KY,ASO,CE,Combined TRACON& Tower with Radar,34,58,81,4,177,0,5,19,1,25,34,63,100,5,202,4,0,4,206
10/14/2016,LEX,KY,ASO,CE,Combined TRACON& Tower with Radar,35,68,71,0,174,0,4,52,0,56,35,72,123,0,230,14,0,14,244
10/15/2016,LEX,KY,ASO,CE,Combined TRACON& Tower with Radar,15,44,37,0,96,0,11,42,0,53,15,55,79,0,149,10,0,10,159
10/16/2016,LEX,KY,ASO,CE,Combined TRACON& Tower with Radar,27,60,50,0,137,0,6,39,16,61,27,66,89,16,198,5,0,5,203
10/17/2016,LEX,KY,ASO,CE,Combined TRACON& Tower with Radar,32,58,36,7,133,0,16,45,2,63,32,74,81,9,196,6,0,6,202
10/18/2016,LEX,KY,ASO,CE,Combined TRACON& Tower with Radar,36,59,52,6,153,0,9,35,0,44,36,68,87,6,197,0,0,0,197
10/19/2016,LEX,KY,ASO,CE,Combined TRACON& Tower with Radar,38,70,70,3,181,0,11,55,3,69,38,81,125,6,250,16,0,16,266
10/20/2016,LEX,KY,ASO,CE,Combined TRACON& Tower with Radar,34,62,58,0,154,0,8,2,1,11,34,70,60,1,165,0,0,0,165
10/21/2016,LEX,KY,ASO,CE,Combined TRACON& Tower with Radar,35,72,66,2,175,0,9,8,1,18,35,81,74,3,193,0,0,0,193
10/22/2016,LEX,KY,ASO,CE,Combined TRACON& Tower with Radar,16,35,43,4,98,0,15,82,0,97,16,50,125,4,195,0,0,0,195
10/23/2016,LEX,KY,ASO,CE,Combined TRACON& Tower with Radar,27,66,60,0,153,0,13,77,2,92,27,79,137,2,245,6,0,6,251
10/24/2016,LEX,KY,ASO,CE,Combined TRACON& Tower with Radar,36,58,26,11,131,0,11,75,1,87,36,69,101,12,218,22,0,22,240
10/25/2016,LEX,KY,ASO,CE,Combined TRACON& Tower with Radar,28,48,48,3,127,0,14,54,3,71,28,62,102,6,198,16,0,16,214
10/26/2016,LEX,KY,ASO,CE,Combined TRACON& Tower with Radar,26,53,68,3,150,0,6,49,7,62,26,59,117,10,212,0,0,0,212
10/27/2016,LEX,KY,ASO,CE,Combined TRACON& Tower with Radar,34,67,71,4,176,0,2,19,0,21,34,69,90,4,197,0,0,0,197
10/28/2016,LEX,KY,ASO,CE,Combined TRACON& Tower with Radar,35,54,56,10,155,0,10,66,0,76,35,64,122,10,231,16,0,16,247
10/29/2016,LEX,KY,ASO,CE,Combined TRACON& Tower with Radar,20,41,29,15,105,0,10,44,3,57,20,51,73,18,162,0,24,24,186
10/30/2016,LEX,KY,ASO,CE,Combined TRACON& Tower with Radar,28,51,37,8,124,0,8,56,0,64,28,59,93,8,188,26,0,26,214
10/31/2016,LEX,KY,ASO,CE,Combined TRACON& Tower with Radar,33,42,47,2,124,0,5,31,0,36,33,47,78,2,160,0,0,0,160
11/01/2016,LEX,KY,ASO,CE,Combined TRACON& Tower with Radar,29,59,40,3,131,0,8,43,4,55,29,67,83,7,186,16,0,16,202
11/02/2016,LEX,KY,ASO,CE,Combined TRACON& Tower with Radar,27,63,51,0,141,0,2,48,3,53,27,65,99,3,194,3,0,3,197
11/03/2016,LEX,KY,ASO,CE,Combined TRACON& Tower with Radar,34,68,80,0,182,0,5,30,0,35,34,73,110,0,217,6,0,6,223
11/04/2016,LEX,KY,ASO,CE,Combined TRACON& Tower with Radar,39,73,60,11,183,0,11,37,3,51,39,84,97,14,234,38,26,64,298
11/05/2016,LEX,KY,ASO,CE,Combined TRACON& Tower with Radar,18,57,43,0,118,0,13,65,4,82,18,70,108,4,200,0,0,0,200
11/06/2016,LEX,KY,ASO,CE,Combined TRACON& Tower with Radar,29,91,95,0,215,0,10,67,2,79,29,101,162,2,294,4,0,4,298
11/07/2016,LEX,KY,ASO,CE,Combined TRACON& Tower with Radar,29,65,57,0,151,0,5,44,0,49,29,70,101,0,200,18,0,18,218
11/08/2016,LEX,KY,ASO,CE,Combined TRACON& Tower with Radar,27,61,41,0,129,0,5,31,4,40,27,66,72,4,169,0,0,0,169
11/09/2016,LEX,KY,ASO,CE,Combined TRACON& Tower with Radar,27,56,42,2,127,0,7,21,0,28,27,63,63,2,155,14,0,14,169
11/10/2016,LEX,KY,ASO,CE,Combined TRACON& Tower with Radar,35,69,66,2,172,0,9,48,2,59,35,78,114,4,231,15,0,15,246
11/11/2016,LEX,KY,ASO,CE,Combined TRACON& Tower with Radar,30,56,50,0,136,0,11,73,0,84,30,67,123,0,220,28,0,28,248
11/12/2016,LEX,KY,ASO,CE,Combined TRACON& Tower with Radar,19,39,49,0,107,0,8,55,0,63,19,47,104,0,170,0,0,0,170
11/13/2016,LEX,KY,ASO,CE,Combined TRACON& Tower with Radar,30,57,38,0,125,0,4,55,0,59,30,61,93,0,184,16,0,16,200
11/14/2016,LEX,KY,ASO,CE,Combined TRACON& Tower with Radar,33,51,44,0,128,0,8,28,0,36,33,59,72,0,164,12,0,12,176
11/15/2016,LEX,KY,ASO,CE,Combined TRACON& Tower with Radar,29,60,53,1,143,0,6,45,1,52,29,66,98,2,195,2,0,2,197
11/16/2016,LEX,KY,ASO,CE,Combined TRACON& Tower with Radar,33,56,60,4,153,0,17,61,2,80,33,73,121,6,233,0,0,0,233
11/17/2016,LEX,KY,ASO,CE,Combined TRACON& Tower with Radar,32,53,48,0,133,0,14,67,2,83,32,67,115,2,216,0,0,0,216
11/18/2016,LEX,KY,ASO,CE,Combined TRACON& Tower with Radar,29,55,73,0,157,0,11,63,0,74,29,66,136,0,231,6,0,6,237
11/19/2016,LEX,KY,ASO,CE,Combined TRACON& Tower with Radar,21,45,45,0,111,0,20,9,2,31,21,65,54,2,142,6,0,6,148
11/20/2016,LEX,KY,ASO,CE,Combined TRACON& Tower with Radar,29,48,38,0,115,0,9,53,2,64,29,57,91,2,179,36,0,36,215
11/21/2016,LEX,KY,ASO,CE,Combined TRACON& Tower with Radar,31,38,28,1,98,0,12,42,7,61,31,50,70,8,159,8,0,8,167
11/22/2016,LEX,KY,ASO,CE,Combined TRACON& Tower with Radar,31,54,58,5,148,0,16,55,1,72,31,70,113,6,220,0,0,0,220
11/23/2016,LEX,KY,ASO,CE,Combined TRACON& Tower with Radar,28,48,41,0,117,0,11,21,0,32,28,59,62,0,149,3,0,3,152
11/24/2016,LEX,KY,ASO,CE,Combined TRACON& Tower with Radar,21,24,24,0,69,0,0,0,0,0,21,24,24,0,69,0,0,0,69
11/25/2016,LEX,KY,ASO,CE,Combined TRACON& Tower with Radar,21,41,37,0,99,0,4,6,0,10,21,45,43,0,109,13,0,13,122
11/26/2016,LEX,KY,ASO,CE,Combined TRACON& Tower with Radar,31,49,36,0,116,0,8,27,0,35,31,57,63,0,151,0,0,0,151
11/27/2016,LEX,KY,ASO,CE,Combined TRACON& Tower with Radar,30,59,55,0,144,0,16,42,2,60,30,75,97,2,204,0,0,0,204
11/28/2016,LEX,KY,ASO,CE,Combined TRACON& Tower with Radar,32,44,35,0,111,0,3,13,0,16,32,47,48,0,127,0,0,0,127
11/29/2016,LEX,KY,ASO,CE,Combined TRACON& Tower with Radar,28,51,31,0,110,0,11,47,0,58,28,62,78,0,168,24,0,24,192
11/30/2016,LEX,KY,ASO,CE,Combined TRACON& Tower with Radar,28,41,45,0,114,0,7,16,0,23,28,48,61,0,137,0,0,0,137
12/01/2016,LEX,KY,ASO,CE,Combined TRACON& Tower with Radar,34,57,46,3,140,0,2,62,5,69,34,59,108,8,209,4,0,4,213
12/02/2016,LEX,KY,ASO,CE,Combined TRACON& Tower with Radar,26,48,52,0,126,0,7,36,0,43,26,55,88,0,169,8,0,8,177
12/03/2016,LEX,KY,ASO,CE,Combined TRACON& Tower with Radar,20,33,35,0,88,0,7,52,0,59,20,40,87,0,147,8,0,8,155
12/04/2016,LEX,KY,ASO,CE,Combined TRACON& Tower with Radar,30,31,29,4,94,0,2,6,0,8,30,33,35,4,102,0,0,0,102
12/05/2016,LEX,KY,ASO,CE,Combined TRACON& Tower with Radar,26,46,39,0,111,0,8,13,0,21,26,54,52,0,132,0,0,0,132
12/06/2016,LEX,KY,ASO,CE,Combined TRACON& Tower with Radar,28,49,46,0,123,0,0,2,0,2,28,49,48,0,125,0,0,0,125
12/07/2016,LEX,KY,ASO,CE,Combined TRACON& Tower with Radar,28,49,70,7,154,0,4,70,1,75,28,53,140,8,229,16,0,16,245
12/08/2016,LEX,KY,ASO,CE,Combined TRACON& Tower with Radar,30,44,43,1,118,0,8,37,1,46,30,52,80,2,164,10,0,10,174
12/09/2016,LEX,KY,ASO,CE,Combined TRACON& Tower with Radar,25,46,40,12,123,0,4,19,1,24,25,50,59,13,147,0,0,0,147
12/10/2016,LEX,KY,ASO,CE,Combined TRACON& Tower with Radar,21,21,27,6,75,0,12,77,5,94,21,33,104,11,169,29,0,29,198
12/11/2016,LEX,KY,ASO,CE,Combined TRACON& Tower with Radar,31,22,33,0,86,0,8,13,0,21,31,30,46,0,107,4,0,4,111
12/12/2016,LEX,KY,ASO,CE,Combined TRACON& Tower with Radar,23,50,37,2,112,0,0,8,0,8,23,50,45,2,120,21,0,21,141
12/13/2016,LEX,KY,ASO,CE,Combined TRACON& Tower with Radar,27,50,42,2,121,0,2,26,0,28,27,52,68,2,149,6,0,6,155
12/14/2016,LEX,KY,ASO,CE,Combined TRACON& Tower with Radar,28,52,50,3,133,0,6,34,5,45,28,58,84,8,178,6,0,6,184
12/15/2016,LEX,KY,ASO,CE,Combined TRACON& Tower with Radar,34,47,34,20,135,0,6,60,1,67,34,53,94,21,202,12,12,24,226
12/16/2016,LEX,KY,ASO,CE,Combined TRACON& Tower with Radar,31,42,48,0,121,0,12,44,0,56,31,54,92,0,177,0,0,0,177
12/17/2016,LEX,KY,ASO,CE,Combined TRACON& Tower with Radar,23,37,18,0,78,0,0,0,0,0,23,37,18,0,78,0,0,0,78
12/18/2016,LEX,KY,ASO,CE,Combined TRACON& Tower with Radar,21,40,13,0,74,0,3,2,0,5,21,43,15,0,79,0,0,0,79
12/19/2016,LEX,KY,ASO,CE,Combined TRACON& Tower with Radar,19,47,30,3,99,0,4,17,1,22,19,51,47,4,121,42,0,42,163
12/20/2016,LEX,KY,ASO,CE,Combined TRACON& Tower with Radar,26,52,34,6,118,0,5,60,4,69,26,57,94,10,187,6,0,6,193
12/21/2016,LEX,KY,ASO,CE,Combined TRACON& Tower with Radar,21,44,27,1,93,0,8,52,0,60,21,52,79,1,153,6,0,6,159
12/22/2016,LEX,KY,ASO,CE,Combined TRACON& Tower with Radar,26,49,49,4,128,0,15,43,0,58,26,64,92,4,186,14,0,14,200
12/23/2016,LEX,KY,ASO,CE,Combined TRACON& Tower with Radar,22,38,38,0,98,0,8,46,0,54,22,46,84,0,152,20,0,20,172
12/24/2016,LEX,KY,ASO,CE,Combined TRACON& Tower with Radar,22,30,6,0,58,0,0,0,0,0,22,30,6,0,58,0,0,0,58
12/25/2016,LEX,KY,ASO,CE,Combined TRACON& Tower with Radar,29,37,4,0,70,0,2,0,0,2,29,39,4,0,72,0,0,0,72
12/26/2016,LEX,KY,ASO,CE,Combined TRACON& Tower with Radar,19,55,36,0,110,0,8,11,0,19,19,63,47,0,129,0,0,0,129
12/27/2016,LEX,KY,ASO,CE,Combined TRACON& Tower with Radar,27,51,48,4,130,0,7,55,2,64,27,58,103,6,194,8,0,8,202
12/28/2016,LEX,KY,ASO,CE,Combined TRACON& Tower with Radar,20,52,31,9,112,0,15,83,1,99,20,67,114,10,211,42,16,58,269
12/29/2016,LEX,KY,ASO,CE,Combined TRACON& Tower with Radar,27,43,18,0,88,0,5,30,0,35,27,48,48,0,123,0,0,0,123
12/30/2016,LEX,KY,ASO,CE,Combined TRACON& Tower with Radar,25,50,23,0,98,0,0,24,0,24,25,50,47,0,122,2,0,2,124
12/31/2016,LEX,KY,ASO,CE,Combined TRACON& Tower with Radar,23,33,15,0,71,0,0,7,0,7,23,33,22,0,78,0,0,0,78
01/01/2017,LEX,KY,ASO,CE,Combined TRACON& Tower with Radar,28,44,18,0,90,0,0,0,0,0,28,44,18,0,90,0,0,0,90
01/02/2017,LEX,KY,ASO,CE,Combined TRACON& Tower with Radar,20,51,33,0,104,0,0,1,0,1,20,51,34,0,105,0,0,0,105
01/03/2017,LEX,KY,ASO,CE,Combined TRACON& Tower with Radar,27,47,27,0,101,0,0,0,0,0,27,47,27,0,101,0,0,0,101
01/04/2017,LEX,KY,ASO,CE,Combined TRACON& Tower with Radar,26,40,59,4,129,0,18,59,3,80,26,58,118,7,209,5,0,5,214
01/05/2017,LEX,KY,ASO,CE,Combined TRACON& Tower with Radar,24,37,11,6,78,0,1,1,0,2,24,38,12,6,80,0,0,0,80
01/06/2017,LEX,KY,ASO,CE,Combined TRACON& Tower with Radar,18,43,23,0,84,0,4,20,0,24,18,47,43,0,108,0,0,0,108
01/07/2017,LEX,KY,ASO,CE,Combined TRACON& Tower with Radar,25,20,34,10,89,0,5,37,0,42,25,25,71,10,131,28,0,28,159
01/08/2017,LEX,KY,ASO,CE,Combined TRACON& Tower with Radar,33,40,27,1,101,0,17,33,1,51,33,57,60,2,152,0,0,0,152
01/09/2017,LEX,KY,ASO,CE,Combined TRACON& Tower with Radar,31,44,39,1,115,0,10,42,2,54,31,54,81,3,169,10,0,10,179
01/10/2017,LEX,KY,ASO,CE,Combined TRACON& Tower with Radar,30,46,26,0,102,0,0,3,0,3,30,46,29,0,105,0,0,0,105
01/11/2017,LEX,KY,ASO,CE,Combined TRACON& Tower with Radar,25,59,55,2,141,0,3,3,0,6,25,62,58,2,147,0,0,0,147
01/12/2017,LEX,KY,ASO,CE,Combined TRACON& Tower with Radar,31,45,29,2,107,0,0,1,0,1,31,45,30,2,108,0,0,0,108
01/13/2017,LEX,KY,ASO,CE,Combined TRACON& Tower with Radar,30,45,50,2,127,0,0,0,0,0,30,45,50,2,127,0,0,0,127
01/14/2017,LEX,KY,ASO,CE,Combined TRACON& Tower with Radar,22,42,12,0,76,0,0,0,0,0,22,42,12,0,76,0,0,0,76
01/15/2017,LEX,KY,ASO,CE,Combined TRACON& Tower with Radar,24,45,18,0,87,0,0,0,0,0,24,45,18,0,87,0,0,0,87
01/16/2017,LEX,KY,ASO,CE,Combined TRACON& Tower with Radar,28,39,48,0,115,0,2,25,0,27,28,41,73,0,142,30,0,30,172
01/17/2017,LEX,KY,ASO,CE,Combined TRACON& Tower with Radar,32,50,40,8,130,0,0,7,2,9,32,50,47,10,139,12,0,12,151
01/18/2017,LEX,KY,ASO,CE,Combined TRACON& Tower with Radar,26,47,52,9,134,0,2,9,1,12,26,49,61,10,146,0,0,0,146
01/19/2017,LEX,KY,ASO,CE,Combined TRACON& Tower with Radar,30,50,32,7,119,0,6,33,2,41,30,56,65,9,160,12,0,12,172
01/20/2017,LEX,KY,ASO,CE,Combined TRACON& Tower with Radar,30,50,40,2,122,0,4,21,1,26,30,54,61,3,148,30,0,30,178
01/21/2017,LEX,KY,ASO,CE,Combined TRACON& Tower with Radar,23,40,46,0,109,0,6,76,2,84,23,46,122,2,193,48,0,48,241
01/22/2017,LEX,KY,ASO,CE,Combined TRACON& Tower with Radar,24,43,31,1,99,0,4,21,1,26,24,47,52,2,125,43,0,43,168
01/23/2017,LEX,KY,ASO,CE,Combined TRACON& Tower with Radar,30,44,33,2,109,0,0,0,0,0,30,44,33,2,109,0,0,0,109
01/24/2017,LEX,KY,ASO,CE,Combined TRACON& Tower with Radar,28,51,45,4,128,0,2,15,0,17,28,53,60,4,145,24,0,24,169
01/25/2017,LEX,KY,ASO,CE,Combined TRACON& Tower with Radar,28,42,51,3,124,0,8,35,1,44,28,50,86,4,168,14,0,14,182
01/26/2017,LEX,KY,ASO,CE,Combined TRACON& Tower with Radar,31,43,32,0,106,0,2,12,0,14,31,45,44,0,120,0,0,0,120
01/27/2017,LEX,KY,ASO,CE,Combined TRACON& Tower with Radar,29,45,43,0,117,0,4,13,0,17,29,49,56,0,134,0,0,0,134
01/28/2017,LEX,KY,ASO,CE,Combined TRACON& Tower with Radar,23,31,73,1,128,0,14,43,3,60,23,45,116,4,188,93,0,93,281
01/29/2017,LEX,KY,ASO,CE,Combined TRACON& Tower with Radar,22,43,36,0,101,0,2,1,0,3,22,45,37,0,104,0,0,0,104
01/30/2017,LEX,KY,ASO,CE,Combined TRACON& Tower with Radar,37,43,33,1,114,0,0,53,1,54,37,43,86,2,168,30,0,30,198
01/31/2017,LEX,KY,ASO,CE,Combined TRACON& Tower with Radar,27,46,36,2,111,0,4,41,4,49,27,50,77,6,160,16,0,16,176
02/01/2017,LEX,KY,ASO,CE,Combined TRACON& Tower with Radar,16,37,41,2,96,0,4,61,0,65,16,41,102,2,161,28,0,28,189
02/02/2017,LEX,KY,ASO,CE,Combined TRACON& Tower with Radar,37,54,48,2,141,0,9,69,4,82,37,63,117,6,223,9,0,9,232
02/03/2017,LEX,KY,ASO,CE,Combined TRACON& Tower with Radar,29,54,31,3,117,0,12,47,0,59,29,66,78,3,176,0,0,0,176
02/04/2017,LEX,KY,ASO,CE,Combined TRACON& Tower with Radar,19,32,28,0,79,0,15,71,0,86,19,47,99,0,165,31,0,31,196
02/05/2017,LEX,KY,ASO,CE,Combined TRACON& Tower with Radar,23,38,18,2,81,0,6,28,0,34,23,44,46,2,115,20,6,26,141
02/06/2017,LEX,KY,ASO,CE,Combined TRACON& Tower with Radar,27,46,31,0,104,0,8,19,0,27,27,54,50,0,131,6,0,6,137
02/07/2017,LEX,KY,ASO,CE,Combined TRACON& Tower with Radar,27,45,28,0,100,0,2,0,0,2,27,47,28,0,102,6,0,6,108
02/08/2017,LEX,KY,ASO,CE,Combined TRACON& Tower with Radar,26,50,44,13,133,0,4,4,1,9,26,54,48,14,142,6,0,6,148
02/09/2017,LEX,KY,ASO,CE,Combined TRACON& Tower with Radar,32,44,38,3,117,0,10,35,2,47,32,54,73,5,164,30,0,30,194
02/10/2017,LEX,KY,ASO,CE,Combined TRACON& Tower with Radar,27,55,34,6,122,0,10,47,3,60,27,65,81,9,182,6,0,6,188
02/11/2017,LEX,KY,ASO,CE,Combined TRACON& Tower with Radar,22,30,17,1,70,0,10,19,2,31,22,40,36,3,101,20,0,20,121
02/12/2017,LEX,KY,ASO,CE,Combined TRACON& Tower with Radar,27,47,34,1,109,0,2,10,0,12,27,49,44,1,121,0,0,0,121
02/13/2017,LEX,KY,ASO,CE,Combined TRACON& Tower with Radar,26,46,33,0,105,0,5,66,0,71,26,51,99,0,176,0,0,0,176
02/14/2017,LEX,KY,ASO,CE,Combined TRACON& Tower with Radar,28,48,45,3,124,0,8,48,2,58,28,56,93,5,182,20,0,20,202
02/15/2017,LEX,KY,ASO,CE,Combined TRACON& Tower with Radar,27,48,38,0,113,0,14,29,1,44,27,62,67,1,157,4,0,4,161
02/16/2017,LEX,KY,ASO,CE,Combined TRACON& Tower with Radar,27,50,43,12,132,0,12,66,6,84,27,62,109,18,216,15,0,15,231
02/17/2017,LEX,KY,ASO,CE,Combined TRACON& Tower with Radar,36,53,62,8,159,0,8,54,1,63,36,61,116,9,222,24,0,24,246
02/18/2017,LEX,KY,ASO,CE,Combined TRACON& Tower with Radar,24,28,29,0,81,0,7,34,3,44,24,35,63,3,125,26,0,26,151
02/19/2017,LEX,KY,ASO,CE,Combined TRACON& Tower with Radar,22,48,34,0,104,0,13,21,0,34,22,61,55,0,138,15,0,15,153
02/20/2017,LEX,KY,ASO,CE,Combined TRACON& Tower with Radar,35,43,45,0,123,0,13,53,2,68,35,56,98,2,191,30,0,30,221
02/21/2017,LEX,KY,ASO,CE,Combined TRACON& Tower with Radar,31,39,44,2,116,0,3,35,6,44,31,42,79,8,160,44,0,44,204
02/22/2017,LEX,KY,ASO,CE,Combined TRACON& Tower with Radar,32,43,69,0,144,0,2,30,0,32,32,45,99,0,176,29,0,29,205
02/23/2017,LEX,KY,ASO,CE,Combined TRACON& Tower with Radar,34,45,28,11,118,0,7,38,3,48,34,52,66,14,166,37,8,45,211
02/24/2017,LEX,KY,ASO,CE,Combined TRACON& Tower with Radar,31,54,50,5,140,0,6,26,4,36,31,60,76,9,176,8,0,8,184
02/25/2017,LEX,KY,ASO,CE,Combined TRACON& Tower with Radar,20,40,34,6,100,0,6,10,1,17,20,46,44,7,117,0,0,0,117
02/26/2017,LEX,KY,ASO,CE,Combined TRACON& Tower with Radar,28,45,55,0,128,0,10,72,0,82,28,55,127,0,210,75,0,75,285
02/27/2017,LEX,KY,ASO,CE,Combined TRACON& Tower with Radar,28,49,34,2,113,0,5,37,1,43,28,54,71,3,156,10,0,10,166
02/28/2017,LEX,KY,ASO,CE,Combined TRACON& Tower with Radar,32,48,26,0,106,0,1,0,0,1,32,49,26,0,107,8,0,8,115
03/01/2017,LEX,KY,ASO,CE,Combined TRACON& Tower with Radar,26,43,36,1,106,0,1,5,2,8,26,44,41,3,114,0,0,0,114
03/02/2017,LEX,KY,ASO,CE,Combined TRACON& Tower with Radar,35,47,49,5,136,0,5,49,1,55,35,52,98,6,191,8,20,28,219
03/03/2017,LEX,KY,ASO,CE,Combined TRACON& Tower with Radar,32,43,42,3,120,0,7,57,0,64,32,50,99,3,184,8,0,8,192
03/04/2017,LEX,KY,ASO,CE,Combined TRACON& Tower with Radar,21,39,33,0,93,0,8,85,0,93,21,47,118,0,186,0,0,0,186
03/05/2017,LEX,KY,ASO,CE,Combined TRACON& Tower with Radar,28,39,24,0,91,0,10,65,1,76,28,49,89,1,167,65,0,65,232
03/06/2017,LEX,KY,ASO,CE,Combined TRACON& Tower with Radar,30,46,26,2,104,0,11,7,0,18,30,57,33,2,122,0,0,0,122
03/07/2017,LEX,KY,ASO,CE,Combined TRACON& Tower with Radar,35,44,33,2,114,0,0,2,0,2,35,44,35,2,116,10,0,10,126
03/08/2017,LEX,KY,ASO,CE,Combined TRACON& Tower with Radar,30,47,53,5,135,0,8,45,1,54,30,55,98,6,189,25,0,25,214
03/09/2017,LEX,KY,ASO,CE,Combined TRACON& Tower with Radar,32,45,54,4,135,0,8,76,4,88,32,53,130,8,223,24,0,24,247
03/10/2017,LEX,KY,ASO,CE,Combined TRACON& Tower with Radar,35,41,50,0,126,0,3,27,0,30,35,44,77,0,156,10,0,10,166
03/11/2017,LEX,KY,ASO,CE,Combined TRACON& Tower with Radar,29,28,23,3,83,0,10,27,3,40,29,38,50,6,123,26,0,26,149
03/12/2017,LEX,KY,ASO,CE,Combined TRACON& Tower with Radar,31,38,39,0,108,0,4,48,0,52,31,42,87,0,160,15,0,15,175
03/13/2017,LEX,KY,ASO,CE,Combined TRACON& Tower with Radar,32,45,28,0,105,0,10,24,0,34,32,55,52,0,139,6,0,6,145
03/14/2017,LEX,KY,ASO,CE,Combined TRACON& Tower with Radar,35,24,27,0,86,0,10,9,0,19,35,34,36,0,105,0,0,0,105
03/15/2017,LEX,KY,ASO,CE,Combined TRACON& Tower with Radar,30,38,41,0,109,0,1,28,0,29,30,39,69,0,138,0,0,0,138
03/16/2017,LEX,KY,ASO,CE,Combined TRACON& Tower with Radar,35,48,30,9,122,0,11,70,1,82,35,59,100,10,204,12,0,12,216
03/17/2017,LEX,KY,ASO,CE,Combined TRACON& Tower with Radar,33,41,37,3,114,0,8,7,1,16,33,49,44,4,130,6,0,6,136
03/18/2017,LEX,KY,ASO,CE,Combined TRACON& Tower with Radar,28,32,21,3,84,0,10,11,0,21,28,42,32,3,105,24,0,24,129
03/19/2017,LEX,KY,ASO,CE,Combined TRACON& Tower with Radar,30,45,47,0,122,0,11,45,0,56,30,56,92,0,178,47,0,47,225
03/20/2017,LEX,KY,ASO,CE,Combined TRACON& Tower with Radar,33,55,22,0,110,0,7,15,0,22,33,62,37,0,132,0,0,0,132
03/21/2017,LEX,KY,ASO,CE,Combined TRACON& Tower with Radar,37,44,41,0,122,0,5,25,0,30,37,49,66,0,152,0,0,0,152
03/22/2017,LEX,KY,ASO,CE,Combined TRACON& Tower with Radar,34,51,46,0,131,0,4,53,0,57,34,55,99,0,188,0,0,0,188
03/23/2017,LEX,KY,ASO,CE,Combined TRACON& Tower with Radar,33,51,51,1,136,0,17,65,2,84,33,68,116,3,220,40,0,40,260
03/24/2017,LEX,KY,ASO,CE,Combined TRACON& Tower with Radar,35,52,60,1,148,0,19,21,1,41,35,71,81,2,189,8,0,8,197
03/25/2017,LEX,KY,ASO,CE,Combined TRACON& Tower with Radar,29,28,34,0,91,0,14,31,0,45,29,42,65,0,136,10,0,10,146
03/26/2017,LEX,KY,ASO,CE,Combined TRACON& Tower with Radar,35,47,52,0,134,0,5,3,0,8,35,52,55,0,142,0,0,0,142
03/27/2017,LEX,KY,ASO,CE,Combined TRACON& Tower with Radar,34,38,20,0,92,0,3,22,0,25,34,41,42,0,117,0,0,0,117
03/28/2017,LEX,KY,ASO,CE,Combined TRACON& Tower with Radar,33,47,43,10,133,0,4,12,0,16,33,51,55,10,149,0,0,0,149
03/29/2017,LEX,KY,ASO,CE,Combined TRACON& Tower with Radar,35,52,60,5,152,0,10,60,0,70,35,62,120,5,222,28,0,28,250
03/30/2017,LEX,KY,ASO,CE,Combined TRACON& Tower with Radar,28,46,30,9,113,0,7,20,0,27,28,53,50,9,140,6,0,6,146
03/31/2017,LEX,KY,ASO,CE,Combined TRACON& Tower with Radar,32,43,50,6,131,0,0,3,0,3,32,43,53,6,134,0,0,0,134
04/01/2017,LEX,KY,ASO,CE,Combined TRACON& Tower with Radar,26,41,42,0,109,0,16,9,0,25,26,57,51,0,134,24,0,24,158
04/02/2017,LEX,KY,ASO,CE,Combined TRACON& Tower with Radar,28,42,48,6,124,0,13,75,1,89,28,55,123,7,213,24,0,24,237
04/03/2017,LEX,KY,ASO,CE,Combined TRACON& Tower with Radar,31,44,15,0,90,0,6,9,0,15,31,50,24,0,105,0,0,0,105
04/04/2017,LEX,KY,ASO,CE,Combined TRACON& Tower with Radar,40,47,24,6,117,0,16,27,0,43,40,63,51,6,160,30,0,30,190
04/05/2017,LEX,KY,ASO,CE,Combined TRACON& Tower with Radar,28,42,35,0,105,0,4,21,0,25,28,46,56,0,130,10,0,10,140
04/06/2017,LEX,KY,ASO,CE,Combined TRACON& Tower with Radar,29,52,37,2,120,0,2,1,1,4,29,54,38,3,124,0,0,0,124
04/07/2017,LEX,KY,ASO,CE,Combined TRACON& Tower with Radar,37,63,65,2,167,0,10,29,0,39,37,73,94,2,206,50,0,50,256
04/08/2017,LEX,KY,ASO,CE,Combined TRACON& Tower with Radar,23,50,60,0,133,0,9,67,0,76,23,59,127,0,209,4,0,4,213
04/09/2017,LEX,KY,ASO,CE,Combined TRACON& Tower with Radar,38,53,55,2,148,0,23,50,0,73,38,76,105,2,221,10,0,10,231
04/10/2017,LEX,KY,ASO,CE,Combined TRACON& Tower with Radar,38,38,24,5,105,0,19,28,1,48,38,57,52,6,153,0,0,0,153
04/11/2017,LEX,KY,ASO,CE,Combined TRACON& Tower with Radar,42,47,20,2,111,0,6,17,0,23,42,53,37,2,134,0,0,0,134
04/12/2017,LEX,KY,ASO,CE,Combined TRACON& Tower with Radar,39,53,78,3,173,0,20,103,2,125,39,73,181,5,298,6,0,6,304
04/13/2017,LEX,KY,ASO,CE,Combined TRACON& Tower with Radar,37,49,69,7,162,0,16,70,4,90,37,65,139,11,252,8,0,8,260
04/14/2017,LEX,KY,ASO,CE,Combined TRACON& Tower with Radar,42,51,65,0,158,0,15,83,0,98,42,66,148,0,256,52,0,52,308
04/15/2017,LEX,KY,ASO,CE,Combined TRACON& Tower with Radar,24,39,43,0,106,0,6,47,2,55,24,45,90,2,161,56,0,56,217
04/16/2017,LEX,KY,ASO,CE,Combined TRACON& Tower with Radar,35,32,21,0,88,0,6,1,0,7,35,38,22,0,95,0,0,0,95
04/17/2017,LEX,KY,ASO,CE,Combined TRACON& Tower with Radar,35,43,55,0,133,0,5,20,0,25,35,48,75,0,158,25,0,25,183
04/18/2017,LEX,KY,ASO,CE,Combined TRACON& Tower with Radar,43,48,57,0,148,0,7,42,0,49,43,55,99,0,197,13,0,13,210
04/19/2017,LEX,KY,ASO,CE,Combined TRACON& Tower with Radar,35,56,79,0,170,0,9,30,2,41,35,65,109,2,211,34,0,34,245
04/20/2017,LEX,KY,ASO,CE,Combined TRACON& Tower with Radar,43,52,77,0,172,0,9,56,2,67,43,61,133,2,239,23,0,23,262
04/21/2017,LEX,KY,ASO,CE,Combined TRACON& Tower with Radar,36,51,61,0,148,0,8,36,0,44,36,59,97,0,192,36,0,36,228
04/22/2017,LEX,KY,ASO,CE,Combined TRACON& Tower with Radar,32,43,25,0,100,0,0,1,0,1,32,43,26,0,101,0,0,0,101
04/23/2017,LEX,KY,ASO,CE,Combined TRACON& Tower with Radar,42,41,54,2,139,0,2,12,0,14,42,43,66,2,153,20,0,20,173
04/24/2017,LEX,KY,ASO,CE,Combined TRACON& Tower with Radar,40,53,40,0,133,0,7,54,0,61,40,60,94,0,194,9,0,9,203
04/25/2017,LEX,KY,ASO,CE,Combined TRACON& Tower with Radar,38,48,63,2,151,0,9,58,3,70,38,57,121,5,221,24,0,24,245
04/26/2017,LEX,KY,ASO,CE,Combined TRACON& Tower with Radar,35,59,66,3,163,0,10,74,1,85,35,69,140,4,248,18,0,18,266
04/27/2017,LEX,KY,ASO,CE,Combined TRACON& Tower with Radar,41,55,60,1,157,0,12,24,1,37,41,67,84,2,194,14,0,14,208
04/28/2017,LEX,KY,ASO,CE,Combined TRACON& Tower with Radar,41,50,70,1,162,0,9,75,1,85,41,59,145,2,247,70,0,70,317
04/29/2017,LEX,KY,ASO,CE,Combined TRACON& Tower with Radar,23,36,21,0,80,0,2,26,0,28,23,38,47,0,108,2,0,2,110
04/30/2017,LEX,KY,ASO,CE,Combined TRACON& Tower with Radar,38,44,36,9,127,0,12,2,0,14,38,56,38,9,141,0,16,16,157
05/01/2017,LEX,KY,ASO,CE,Combined TRACON& Tower with Radar,34,49,35,0,118,0,7,6,0,13,34,56,41,0,131,0,0,0,131
05/02/2017,LEX,KY,ASO,CE,Combined TRACON& Tower with Radar,39,54,44,2,139,0,4,17,0,21,39,58,61,2,160,0,0,0,160
05/03/2017,LEX,KY,ASO,CE,Combined TRACON& Tower with Radar,30,59,56,2,147,0,10,80,0,90,30,69,136,2,237,24,0,24,261
05/04/2017,LEX,KY,ASO,CE,Combined TRACON& Tower with Radar,47,55,71,0,173,0,6,5,0,11,47,61,76,0,184,3,0,3,187
05/05/2017,LEX,KY,ASO,CE,Combined TRACON& Tower with Radar,35,67,74,3,179,0,0,0,1,1,35,67,74,4,180,0,0,0,180
05/06/2017,LEX,KY,ASO,CE,Combined TRACON& Tower with Radar,24,36,54,0,114,0,6,23,0,29,24,42,77,0,143,0,0,0,143
05/07/2017,LEX,KY,ASO,CE,Combined TRACON& Tower with Radar,47,69,75,0,191,0,11,56,0,67,47,80,131,0,258,28,0,28,286
05/08/2017,LEX,KY,ASO,CE,Combined TRACON& Tower with Radar,35,55,40,0,130,0,13,87,4,104,35,68,127,4,234,25,0,25,259
05/09/2017,LEX,KY,ASO,CE,Combined TRACON& Tower with Radar,38,50,49,0,137,0,8,32,0,40,38,58,81,0,177,2,0,2,179
05/10/2017,LEX,KY,ASO,CE,Combined TRACON& Tower with Radar,34,48,56,13,151,0,7,63,5,75,34,55,119,18,226,71,0,71,297
05/11/2017,LEX,KY,ASO,CE,Combined TRACON& Tower with Radar,37,57,41,1,136,0,2,17,3,22,37,59,58,4,158,0,0,0,158
05/12/2017,LEX,KY,ASO,CE,Combined TRACON& Tower with Radar,33,64,63,2,162,0,0,1,0,1,33,64,64,2,163,0,0,0,163
05/13/2017,LEX,KY,ASO,CE,Combined TRACON& Tower with Radar,25,36,36,0,97,0,14,74,4,92,25,50,110,4,189,42,8,50,239
05/14/2017,LEX,KY,ASO,CE,Combined TRACON& Tower with Radar,37,54,37,1,129,0,13,51,0,64,37,67,88,1,193,4,0,4,197
05/15/2017,LEX,KY,ASO,CE,Combined TRACON& Tower with Radar,33,52,43,1,129,0,7,95,0,102,33,59,138,1,231,79,0,79,310
05/16/2017,LEX,KY,ASO,CE,Combined TRACON& Tower with Radar,35,51,46,2,134,0,6,68,2,76,35,57,114,4,210,46,0,46,256
05/17/2017,LEX,KY,ASO,CE,Combined TRACON& Tower with Radar,32,53,69,2,156,0,5,59,3,67,32,58,128,5,223,14,0,14,237
05/18/2017,LEX,KY,ASO,CE,Combined TRACON& Tower with Radar,36,54,49,6,145,0,16,30,3,49,36,70,79,9,194,14,0,14,208
05/19/2017,LEX,KY,ASO,CE,Combined TRACON& Tower with Radar,39,53,51,4,147,0,7,24,4,35,39,60,75,8,182,0,2,2,184
05/20/2017,LEX,KY,ASO,CE,Combined TRACON& Tower with Radar,33,37,36,1,107,0,0,34,8,42,33,37,70,9,149,0,0,0,149
05/21/2017,LEX,KY,ASO,CE,Combined TRACON& Tower with Radar,40,54,65,2,161,0,3,6,6,15,40,57,71,8,176,0,16,16,192
05/22/2017,LEX,KY,ASO,CE,Combined TRACON& Tower with Radar,40,50,51,0,141,0,8,81,0,89,40,58,132,0,230,26,0,26,256
05/23/2017,LEX,KY,ASO,CE,Combined TRACON& Tower with Radar,41,55,43,15,154,0,3,35,4,42,41,58,78,19,196,20,17,37,233
05/24/2017,LEX,KY,ASO,CE,Combined TRACON& Tower with Radar,29,53,62,2,146,0,1,9,0,10,29,54,71,2,156,12,0,12,168
05/25/2017,LEX,KY,ASO,CE,Combined TRACON& Tower with Radar,42,51,55,1,149,0,0,2,1,3,42,51,57,2,152,6,0,6,158
05/26/2017,LEX,KY,ASO,CE,Combined TRACON& Tower with Radar,39,52,72,0,163,0,6,104,0,110,39,58,176,0,273,42,0,42,315
05/27/2017,LEX,KY,ASO,CE,Combined TRACON& Tower with Radar,24,38,22,0,84,0,4,10,0,14,24,42,32,0,98,12,0,12,110
05/28/2017,LEX,KY,ASO,CE,Combined TRACON& Tower with Radar,32,34,20,1,87,0,4,9,0,13,32,38,29,1,100,20,0,20,120
05/29/2017,LEX,KY,ASO,CE,Combined TRACON& Tower with Radar,34,48,43,0,125,0,2,48,7,57,34,50,91,7,182,22,14,36,218
05/30/2017,LEX,KY,ASO,CE,Combined TRACON& Tower with Radar,38,60,47,4,149,0,4,82,5,91,38,64,129,9,240,44,0,44,284
05/31/2017,LEX,KY,ASO,CE,Combined TRACON& Tower with Radar,34,57,44,0,135,0,2,63,0,65,34,59,107,0,200,51,0,51,251
06/01/2017,LEX,KY,ASO,CE,Combined TRACON& Tower with Radar,39,50,56,5,150,0,7,79,1,87,39,57,135,6,237,22,0,22,259
06/02/2017,LEX,KY,ASO,CE,Combined TRACON& Tower with Radar,39,44,44,0,127,0,20,59,0,79,39,64,103,0,206,82,0,82,288
06/03/2017,LEX,KY,ASO,CE,Combined TRACON& Tower with Radar,22,40,38,4,104,0,17,87,0,104,22,57,125,4,208,33,0,33,241
06/04/2017,LEX,KY,ASO,CE,Combined TRACON& Tower with Radar,38,41,45,0,124,0,5,55,0,60,38,46,100,0,184,72,0,72,256
06/05/2017,LEX,KY,ASO,CE,Combined TRACON& Tower with Radar,42,49,43,0,134,0,0,5,0,5,42,49,48,0,139,0,0,0,139
06/06/2017,LEX,KY,ASO,CE,Combined TRACON& Tower with Radar,39,46,62,4,151,0,6,70,1,77,39,52,132,5,228,42,0,42,270
06/07/2017,LEX,KY,ASO,CE,Combined TRACON& Tower with Radar,35,53,73,4,165,0,12,43,1,56,35,65,116,5,221,16,0,16,237
06/08/2017,LEX,KY,ASO,CE,Combined TRACON& Tower with Radar,37,58,76,4,175,0,9,54,3,66,37,67,130,7,241,10,0,10,251
06/09/2017,LEX,KY,ASO,CE,Combined TRACON& Tower with Radar,39,53,66,33,191,0,8,97,6,111,39,61,163,39,302,14,6,20,322
06/10/2017,LEX,KY,ASO,CE,Combined TRACON& Tower with Radar,26,47,43,0,116,0,6,94,0,100,26,53,137,0,216,20,0,20,236
06/11/2017,LEX,KY,ASO,CE,Combined TRACON& Tower with Radar,37,57,62,2,158,0,12,71,2,85,37,69,133,4,243,86,0,86,329
06/12/2017,LEX,KY,ASO,CE,Combined TRACON& Tower with Radar,40,57,50,12,159,0,3,79,4,86,40,60,129,16,245,71,8,79,324
06/13/2017,LEX,KY,ASO,CE,Combined TRACON& Tower with Radar,40,53,37,8,138,0,2,60,1,63,40,55,97,9,201,14,0,14,215
06/14/2017,LEX,KY,ASO,CE,Combined TRACON& Tower with Radar,28,61,35,3,127,0,3,28,4,35,28,64,63,7,162,31,0,31,193
06/15/2017,LEX,KY,ASO,CE,Combined TRACON& Tower with Radar,35,53,49,1,138,0,5,32,1,38,35,58,81,2,176,14,0,14,190
06/16/2017,LEX,KY,ASO,CE,Combined TRACON& Tower with Radar,30,60,71,12,173,0,2,59,0,61,30,62,130,12,234,19,0,19,253
06/17/2017,LEX,KY,ASO,CE,Combined TRACON& Tower with Radar,22,37,42,0,101,0,13,56,0,69,22,50,98,0,170,30,0,30,200
06/18/2017,LEX,KY,ASO,CE,Combined TRACON& Tower with Radar,32,58,30,0,120,0,8,7,0,15,32,66,37,0,135,0,0,0,135
06/19/2017,LEX,KY,ASO,CE,Combined TRACON& Tower with Radar,31,46,55,0,132,0,6,70,7,83,31,52,125,7,215,27,2,29,244
06/20/2017,LEX,KY,ASO,CE,Combined TRACON& Tower with Radar,43,54,68,0,165,0,9,90,3,102,43,63,158,3,267,14,0,14,281
06/21/2017,LEX,KY,ASO,CE,Combined TRACON& Tower with Radar,29,53,53,8,143,0,8,82,0,90,29,61,135,8,233,88,0,88,321
06/22/2017,LEX,KY,ASO,CE,Combined TRACON& Tower with Radar,40,64,61,3,168,0,1,59,2,62,40,65,120,5,230,20,6,26,256
06/23/2017,LEX,KY,ASO,CE,Combined TRACON& Tower with Radar,34,65,28,0,127,0,4,3,1,8,34,69,31,1,135,0,0,0,135
06/24/2017,LEX,KY,ASO,CE,Combined TRACON& Tower with Radar,28,45,26,0,99,0,6,55,1,62,28,51,81,1,161,8,0,8,169
06/25/2017,LEX,KY,ASO,CE,Combined TRACON& Tower with Radar,32,60,32,0,124,0,8,59,2,69,32,68,91,2,193,28,0,28,221
06/26/2017,LEX,KY,ASO,CE,Combined TRACON& Tower with Radar,36,58,43,0,137,0,4,65,4,73,36,62,108,4,210,10,0,10,220
06/27/2017,LEX,KY,ASO,CE,Combined TRACON& Tower with Radar,38,49,55,2,144,0,3,105,3,111,38,52,160,5,255,28,0,28,283
06/28/2017,LEX,KY,ASO,CE,Combined TRACON& Tower with Radar,29,68,59,3,159,0,5,80,10,95,29,73,139,13,254,13,12,25,279
06/29/2017,LEX,KY,ASO,CE,Combined TRACON& Tower with Radar,34,58,49,5,146,0,15,52,3,70,34,73,101,8,216,24,0,24,240
06/30/2017,LEX,KY,ASO,CE,Combined TRACON& Tower with Radar,34,58,66,1,159,0,13,38,0,51,34,71,104,1,210,20,0,20,230
07/01/2017,LEX,KY,ASO,CE,Combined TRACON& Tower with Radar,35,37,34,0,106,0,7,15,0,22,35,44,49,0,128,4,0,4,132
07/02/2017,LEX,KY,ASO,CE,Combined TRACON& Tower with Radar,29,43,32,0,104,0,7,45,0,52,29,50,77,0,156,8,0,8,164
07/03/2017,LEX,KY,ASO,CE,Combined TRACON& Tower with Radar,33,28,34,0,95,0,9,46,1,56,33,37,80,1,151,39,0,39,190
07/04/2017,LEX,KY,ASO,CE,Combined TRACON& Tower with Radar,34,29,15,0,78,0,3,10,2,15,34,32,25,2,93,0,0,0,93
07/05/2017,LEX,KY,ASO,CE,Combined TRACON& Tower with Radar,32,40,34,2,108,0,6,7,0,13,32,46,41,2,121,0,0,0,121
07/06/2017,LEX,KY,ASO,CE,Combined TRACON& Tower with Radar,34,52,51,1,138,0,0,6,0,6,34,52,57,1,144,0,0,0,144
07/07/2017,LEX,KY,ASO,CE,Combined TRACON& Tower with Radar,36,41,53,1,131,0,4,28,4,36,36,45,81,5,167,0,0,0,167
07/08/2017,LEX,KY,ASO,CE,Combined TRACON& Tower with Radar,32,37,52,0,121,0,5,85,10,100,32,42,137,10,221,30,0,30,251
07/09/2017,LEX,KY,ASO,CE,Combined TRACON& Tower with Radar,42,43,42,0,127,0,5,107,12,124,42,48,149,12,251,41,0,41,292
07/10/2017,LEX,KY,ASO,CE,Combined TRACON& Tower with Radar,37,56,36,7,136,0,2,60,1,63,37,58,96,8,199,71,0,71,270
07/11/2017,LEX,KY,ASO,CE,Combined TRACON& Tower with Radar,40,58,63,6,167,0,10,45,2,57,40,68,108,8,224,18,0,18,242
07/12/2017,LEX,KY,ASO,CE,Combined TRACON& Tower with Radar,29,54,51,4,138,0,3,45,2,50,29,57,96,6,188,11,0,11,199
07/13/2017,LEX,KY,ASO,CE,Combined TRACON& Tower with Radar,39,50,64,6,159,0,9,49,4,62,39,59,113,10,221,34,0,34,255
07/14/2017,LEX,KY,ASO,CE,Combined TRACON& Tower with Radar,40,49,52,3,144,0,0,25,0,25,40,49,77,3,169,28,0,28,197
07/15/2017,LEX,KY,ASO,CE,Combined TRACON& Tower with Radar,33,34,55,4,126,0,10,89,0,99,33,44,144,4,225,58,0,58,283
07/16/2017,LEX,KY,ASO,CE,Combined TRACON& Tower with Radar,39,48,44,1,132,0,4,67,1,72,39,52,111,2,204,27,0,27,231
07/17/2017,LEX,KY,ASO,CE,Combined TRACON& Tower with Radar,44,45,38,2,129,0,10,63,1,74,44,55,101,3,203,66,0,66,269
07/18/2017,LEX,KY,ASO,CE,Combined TRACON& Tower with Radar,38,42,60,7,147,0,4,73,2,79,38,46,133,9,226,10,0,10,236
07/19/2017,LEX,KY,ASO,CE,Combined TRACON& Tower with Radar,29,56,71,1,157,0,2,70,0,72,29,58,141,1,229,22,0,22,251
07/20/2017,LEX,KY,ASO,CE,Combined TRACON& Tower with Radar,44,53,47,6,150,0,4,64,3,71,44,57,111,9,221,64,0,64,285
07/21/2017,LEX,KY,ASO,CE,Combined TRACON& Tower with Radar,42,51,46,2,141,0,5,37,0,42,42,56,83,2,183,0,0,0,183
07/22/2017,LEX,KY,ASO,CE,Combined TRACON& Tower with Radar,34,33,43,4,114,0,3,47,1,51,34,36,90,5,165,0,20,20,185
07/23/2017,LEX,KY,ASO,CE,Combined TRACON& Tower with Radar,36,46,39,2,123,0,3,19,0,22,36,49,58,2,145,0,0,0,145
07/24/2017,LEX,KY,ASO,CE,Combined TRACON& Tower with Radar,40,48,41,3,132,0,1,52,3,56,40,49,93,6,188,16,2,18,206
07/25/2017,LEX,KY,ASO,CE,Combined TRACON& Tower with Radar,41,54,53,2,150,0,5,60,1,66,41,59,113,3,216,38,0,38,254
07/26/2017,LEX,KY,ASO,CE,Combined TRACON& Tower with Radar,35,48,50,4,137,0,10,64,4,78,35,58,114,8,215,48,0,48,263
07/27/2017,LEX,KY,ASO,CE,Combined TRACON& Tower with Radar,43,46,49,2,140,0,0,12,0,12,43,46,61,2,152,0,0,0,152
07/28/2017,LEX,KY,ASO,CE,Combined TRACON& Tower with Radar,40,46,45,0,131,0,4,12,0,16,40,50,57,0,147,26,0,26,173
07/29/2017,LEX,KY,ASO,CE,Combined TRACON& Tower with Radar,27,42,65,8,142,0,5,44,6,55,27,47,109,14,197,6,0,6,203
07/30/2017,LEX,KY,ASO,CE,Combined TRACON& Tower with Radar,37,55,47,2,141,0,8,61,2,71,37,63,108,4,212,50,0,50,262
07/31/2017,LEX,KY,ASO,CE,Combined TRACON& Tower with Radar,40,52,31,0,123,0,11,71,0,82,40,63,102,0,205,23,0,23,228
08/01/2017,LEX,KY,ASO,CE,Combined TRACON& Tower with Radar,37,52,40,5,134,0,5,58,0,63,37,57,98,5,197,15,0,15,212
08/02/2017,LEX,KY,ASO,CE,Combined TRACON& Tower with Radar,31,48,55,0,134,0,2,31,3,36,31,50,86,3,170,26,0,26,196
08/03/2017,LEX,KY,ASO,CE,Combined TRACON& Tower with Radar,41,44,31,3,119,0,7,43,2,52,41,51,74,5,171,68,0,68,239
08/04/2017,LEX,KY,ASO,CE,Combined TRACON& Tower with Radar,38,41,60,0,139,0,8,26,0,34,38,49,86,0,173,6,0,6,179
08/05/2017,LEX,KY,ASO,CE,Combined TRACON& Tower with Radar,32,41,48,0,121,0,2,80,5,87,32,43,128,5,208,40,0,40,248
08/06/2017,LEX,KY,ASO,CE,Combined TRACON& Tower with Radar,36,51,37,1,125,0,6,37,0,43,36,57,74,1,168,23,0,23,191
08/07/2017,LEX,KY,ASO,CE,Combined TRACON& Tower with Radar,42,43,62,1,148,0,5,4,0,9,42,48,66,1,157,0,0,0,157
08/08/2017,LEX,KY,ASO,CE,Combined TRACON& Tower with Radar,35,49,54,2,140,0,6,81,3,90,35,55,135,5,230,46,0,46,276
08/09/2017,LEX,KY,ASO,CE,Combined TRACON& Tower with Radar,32,49,51,3,135,0,0,77,5,82,32,49,128,8,217,44,0,44,261
08/10/2017,LEX,KY,ASO,CE,Combined TRACON& Tower with Radar,35,57,54,7,153,0,8,35,4,47,35,65,89,11,200,45,0,45,245
08/11/2017,LEX,KY,ASO,CE,Combined TRACON& Tower with Radar,39,55,74,15,183,0,6,51,2,59,39,61,125,17,242,29,12,41,283
08/12/2017,LEX,KY,ASO,CE,Combined TRACON& Tower with Radar,21,43,46,12,122,0,11,46,1,58,21,54,92,13,180,12,0,12,192
08/13/2017,LEX,KY,ASO,CE,Combined TRACON& Tower with Radar,35,62,47,1,145,0,4,80,0,84,35,66,127,1,229,36,0,36,265
08/14/2017,LEX,KY,ASO,CE,Combined TRACON& Tower with Radar,42,44,38,5,129,0,7,17,0,24,42,51,55,5,153,18,0,18,171
08/15/2017,LEX,KY,ASO,CE,Combined TRACON& Tower with Radar,43,42,50,7,142,0,10,31,3,44,43,52,81,10,186,0,0,0,186
08/16/2017,LEX,KY,ASO,CE,Combined TRACON& Tower with Radar,35,37,45,2,119,0,1,49,2,52,35,38,94,4,171,41,0,41,212
08/17/2017,LEX,KY,ASO,CE,Combined TRACON& Tower with Radar,39,64,59,5,167,0,4,21,5,30,39,68,80,10,197,0,0,0,197
08/18/2017,LEX,KY,ASO,CE,Combined TRACON& Tower with Radar,42,66,66,12,186,0,1,48,2,51,42,67,114,14,237,0,0,0,237
08/19/2017,LEX,KY,ASO,CE,Combined TRACON& Tower with Radar,22,40,24,10,96,0,11,54,3,68,22,51,78,13,164,22,6,28,192
08/20/2017,LEX,KY,ASO,CE,Combined TRACON& Tower with Radar,32,52,44,6,134,0,4,47,2,53,32,56,91,8,187,2,0,2,189
08/21/2017,LEX,KY,ASO,CE,Combined TRACON& Tower with Radar,36,44,57,11,148,0,3,83,0,86,36,47,140,11,234,28,0,28,262
08/22/2017,LEX,KY,ASO,CE,Combined TRACON& Tower with Radar,29,35,36,0,100,0,6,21,0,27,29,41,57,0,127,14,0,14,141
08/23/2017,LEX,KY,ASO,CE,Combined TRACON& Tower with Radar,32,43,44,10,129,0,8,76,4,88,32,51,120,14,217,12,16,28,245
08/24/2017,LEX,KY,ASO,CE,Combined TRACON& Tower with Radar,36,41,62,5,144,0,17,58,3,78,36,58,120,8,222,0,0,0,222
08/25/2017,LEX,KY,ASO,CE,Combined TRACON& Tower with Radar,39,51,62,14,166,0,11,81,15,107,39,62,143,29,273,66,20,86,359
08/26/2017,LEX,KY,ASO,CE,Combined TRACON& Tower with Radar,17,32,36,12,97,0,16,62,0,78,17,48,98,12,175,6,0,6,181
08/27/2017,LEX,KY,ASO,CE,Combined TRACON& Tower with Radar,33,43,50,4,130,0,6,55,0,61,33,49,105,4,191,0,0,0,191
08/28/2017,LEX,KY,ASO,CE,Combined TRACON& Tower with Radar,39,40,46,7,132,0,8,7,0,15,39,48,53,7,147,50,0,50,197
08/29/2017,LEX,KY,ASO,CE,Combined TRACON& Tower with Radar,30,40,46,3,119,0,8,38,1,47,30,48,84,4,166,9,0,9,175
08/30/2017,LEX,KY,ASO,CE,Combined TRACON& Tower with Radar,38,41,57,2,138,0,2,71,0,73,38,43,128,2,211,49,0,49,260
08/31/2017,LEX,KY,ASO,CE,Combined TRACON& Tower with Radar,38,49,45,3,135,0,13,51,3,67,38,62,96,6,202,10,0,10,212
09/01/2017,LEX,KY,ASO,CE,Combined TRACON& Tower with Radar,48,43,32,0,123,0,0,1,0,1,48,43,33,0,124,0,0,0,124
09/02/2017,LEX,KY,ASO,CE,Combined TRACON& Tower with Radar,16,29,44,0,89,0,2,1,0,3,16,31,45,0,92,0,0,0,92
09/03/2017,LEX,KY,ASO,CE,Combined TRACON& Tower with Radar,27,38,28,0,93,0,7,47,0,54,27,45,75,0,147,6,0,6,153
09/04/2017,LEX,KY,ASO,CE,Combined TRACON& Tower with Radar,35,32,44,0,111,0,6,54,0,60,35,38,98,0,171,20,0,20,191
09/05/2017,LEX,KY,ASO,CE,Combined TRACON& Tower with Radar,28,45,35,4,112,0,0,11,0,11,28,45,46,4,123,31,0,31,154
09/06/2017,LEX,KY,ASO,CE,Combined TRACON& Tower with Radar,32,50,67,21,170,0,2,58,5,65,32,52,125,26,235,22,4,26,261
09/07/2017,LEX,KY,ASO,CE,Combined TRACON& Tower with Radar,35,47,55,2,139,0,6,60,0,66,35,53,115,2,205,18,0,18,223
09/08/2017,LEX,KY,ASO,CE,Combined TRACON& Tower with Radar,38,60,52,6,156,0,10,62,5,77,38,70,114,11,233,20,0,20,253
09/09/2017,LEX,KY,ASO,CE,Combined TRACON& Tower with Radar,19,39,56,2,116,0,12,65,7,84,19,51,121,9,200,44,0,44,244
09/10/2017,LEX,KY,ASO,CE,Combined TRACON& Tower with Radar,36,48,62,5,151,0,11,62,1,74,36,59,124,6,225,8,0,8,233
09/11/2017,LEX,KY,ASO,CE,Combined TRACON& Tower with Radar,28,40,51,3,122,0,4,51,1,56,28,44,102,4,178,24,0,24,202
09/12/2017,LEX,KY,ASO,CE,Combined TRACON& Tower with Radar,36,47,44,4,131,0,6,8,1,15,36,53,52,5,146,0,0,0,146
09/13/2017,LEX,KY,ASO,CE,Combined TRACON& Tower with Radar,37,50,69,8,164,0,0,3,0,3,37,50,72,8,167,0,0,0,167
09/14/2017,LEX,KY,ASO,CE,Combined TRACON& Tower with Radar,42,50,67,2,161,0,0,9,0,9,42,50,76,2,170,10,0,10,180
09/15/2017,LEX,KY,ASO,CE,Combined TRACON& Tower with Radar,45,53,85,34,217,0,5,47,6,58,45,58,132,40,275,33,10,43,318
09/16/2017,LEX,KY,ASO,CE,Combined TRACON& Tower with Radar,23,35,39,33,130,0,11,61,3,75,23,46,100,36,205,18,34,52,257
09/17/2017,LEX,KY,ASO,CE,Combined TRACON& Tower with Radar,39,44,54,17,154,0,7,75,0,82,39,51,129,17,236,8,0,8,244
09/18/2017,LEX,KY,ASO,CE,Combined TRACON& Tower with Radar,45,44,56,15,160,0,11,51,1,63,45,55,107,16,223,8,0,8,231
09/19/2017,LEX,KY,ASO,CE,Combined TRACON& Tower with Radar,36,40,52,8,136,0,4,23,0,27,36,44,75,8,163,0,0,0,163
09/20/2017,LEX,KY,ASO,CE,Combined TRACON& Tower with Radar,43,41,59,5,148,0,5,46,5,56,43,46,105,10,204,39,0,39,243
09/21/2017,LEX,KY,ASO,CE,Combined TRACON& Tower with Radar,44,51,83,7,185,0,8,56,1,65,44,59,139,8,250,18,0,18,268
09/22/2017,LEX,KY,ASO,CE,Combined TRACON& Tower with Radar,48,38,59,17,162,0,9,65,3,77,48,47,124,20,239,68,8,76,315
09/23/2017,LEX,KY,ASO,CE,Combined TRACON& Tower with Radar,24,30,39,0,93,0,18,80,3,101,24,48,119,3,194,6,0,6,200
09/24/2017,LEX,KY,ASO,CE,Combined TRACON& Tower with Radar,39,39,55,17,150,0,11,74,2,87,39,50,129,19,237,8,0,8,245
09/25/2017,LEX,KY,ASO,CE,Combined TRACON& Tower with Radar,44,38,36,4,122,0,9,65,0,74,44,47,101,4,196,40,0,40,236
09/26/2017,LEX,KY,ASO,CE,Combined TRACON& Tower with Radar,34,38,49,3,124,0,8,90,5,103,34,46,139,8,227,27,0,27,254
09/27/2017,LEX,KY,ASO,CE,Combined TRACON& Tower with Radar,38,42,63,5,148,0,6,76,4,86,38,48,139,9,234,38,0,38,272
09/28/2017,LEX,KY,ASO,CE,Combined TRACON& Tower with Radar,45,60,62,6,173,0,8,64,2,74,45,68,126,8,247,26,0,26,273
09/29/2017,LEX,KY,ASO,CE,Combined TRACON& Tower with Radar,44,48,78,0,170,0,1,65,0,66,44,49,143,0,236,35,0,35,271
09/30/2017,LEX,KY,ASO,CE,Combined TRACON& Tower with Radar,23,36,36,2,97,0,16,54,0,70,23,52,90,2,167,18,0,18,185
10/01/2017,LEX,KY,ASO,CE,Combined TRACON& Tower with Radar,41,35,39,0,115,0,10,63,0,73,41,45,102,0,188,35,0,35,223
10/02/2017,LEX,KY,ASO,CE,Combined TRACON& Tower with Radar,42,44,52,2,140,0,6,71,0,77,42,50,123,2,217,62,0,62,279
10/03/2017,LEX,KY,ASO,CE,Combined TRACON& Tower with Radar,36,39,18,8,101,0,19,59,12,90,36,58,77,20,191,56,0,56,247
10/04/2017,LEX,KY,ASO,CE,Combined TRACON& Tower with Radar,41,43,87,9,180,0,17,80,7,104,41,60,167,16,284,16,0,16,300
10/05/2017,LEX,KY,ASO,CE,Combined TRACON& Tower with Radar,43,53,44,9,149,0,15,59,7,81,43,68,103,16,230,25,0,25,255
10/06/2017,LEX,KY,ASO,CE,Combined TRACON& Tower with Radar,45,53,59,34,191,0,11,66,5,82,45,64,125,39,273,22,8,30,303
10/07/2017,LEX,KY,ASO,CE,Combined TRACON& Tower with Radar,22,50,63,0,135,0,2,21,0,23,22,52,84,0,158,10,0,10,168
10/08/2017,LEX,KY,ASO,CE,Combined TRACON& Tower with Radar,44,57,47,0,148,0,0,0,0,0,44,57,47,0,148,0,0,0,148
10/09/2017,LEX,KY,ASO,CE,Combined TRACON& Tower with Radar,41,37,40,4,122,0,7,5,0,12,41,44,45,4,134,8,0,8,142
10/10/2017,LEX,KY,ASO,CE,Combined TRACON& Tower with Radar,46,33,39,4,122,0,2,18,0,20,46,35,57,4,142,14,0,14,156
10/11/2017,LEX,KY,ASO,CE,Combined TRACON& Tower with Radar,40,55,64,4,163,0,6,8,0,14,40,61,72,4,177,0,0,0,177
10/12/2017,LEX,KY,ASO,CE,Combined TRACON& Tower with Radar,44,52,77,7,180,0,8,30,11,49,44,60,107,18,229,18,0,18,247
10/13/2017,LEX,KY,ASO,CE,Combined TRACON& Tower with Radar,46,46,58,7,157,0,4,75,1,80,46,50,133,8,237,21,0,21,258
10/14/2017,LEX,KY,ASO,CE,Combined TRACON& Tower with Radar,25,39,56,5,125,0,1,74,3,78,25,40,130,8,203,36,0,36,239
10/15/2017,LEX,KY,ASO,CE,Combined TRACON& Tower with Radar,45,52,49,0,146,0,4,8,0,12,45,56,57,0,158,16,0,16,174
10/16/2017,LEX,KY,ASO,CE,Combined TRACON& Tower with Radar,42,43,59,5,149,0,10,48,5,63,42,53,107,10,212,67,0,67,279
10/17/2017,LEX,KY,ASO,CE,Combined TRACON& Tower with Radar,41,45,56,4,146,0,5,71,3,79,41,50,127,7,225,25,0,25,250
10/18/2017,LEX,KY,ASO,CE,Combined TRACON& Tower with Radar,40,65,71,0,176,0,6,74,0,80,40,71,145,0,256,19,0,19,275
10/19/2017,LEX,KY,ASO,CE,Combined TRACON& Tower with Radar,44,48,84,7,183,0,17,76,3,96,44,65,160,10,279,12,8,20,299
10/20/2017,LEX,KY,ASO,CE,Combined TRACON& Tower with Radar,44,61,62,0,167,0,6,95,0,101,44,67,157,0,268,73,0,73,341
10/21/2017,LEX,KY,ASO,CE,Combined TRACON& Tower with Radar,23,31,33,1,88,0,2,80,1,83,23,33,113,2,171,7,0,7,178
10/22/2017,LEX,KY,ASO,CE,Combined TRACON& Tower with Radar,41,62,62,0,165,0,12,60,0,72,41,74,122,0,237,30,0,30,267
10/23/2017,LEX,KY,ASO,CE,Combined TRACON& Tower with Radar,40,40,32,0,112,0,4,3,0,7,40,44,35,0,119,0,0,0,119
10/24/2017,LEX,KY,ASO,CE,Combined TRACON& Tower with Radar,43,31,59,3,136,0,1,18,5,24,43,32,77,8,160,16,0,16,176
10/25/2017,LEX,KY,ASO,CE,Combined TRACON& Tower with Radar,41,39,66,0,146,0,13,49,0,62,41,52,115,0,208,40,0,40,248
10/26/2017,LEX,KY,ASO,CE,Combined TRACON& Tower with Radar,48,46,77,2,173,0,14,90,4,108,48,60,167,6,281,86,0,86,367
10/27/2017,LEX,KY,ASO,CE,Combined TRACON& Tower with Radar,44,48,47,1,140,0,0,45,3,48,44,48,92,4,188,6,0,6,194
10/28/2017,LEX,KY,ASO,CE,Combined TRACON& Tower with Radar,20,34,45,2,101,0,0,18,0,18,20,34,63,2,119,16,0,16,135
10/29/2017,LEX,KY,ASO,CE,Combined TRACON& Tower with Radar,30,60,38,0,128,0,6,17,0,23,30,66,55,0,151,20,0,20,171
10/30/2017,LEX,KY,ASO,CE,Combined TRACON& Tower with Radar,33,47,42,2,124,0,6,53,4,63,33,53,95,6,187,12,0,12,199
10/31/2017,LEX,KY,ASO,CE,Combined TRACON& Tower with Radar,27,38,23,13,101,0,5,70,0,75,27,43,93,13,176,6,10,16,192
11/01/2017,LEX,KY,ASO,CE,Combined TRACON& Tower with Radar,35,53,49,0,137,0,0,8,2,10,35,53,57,2,147,0,0,0,147
11/02/2017,LEX,KY,ASO,CE,Combined TRACON& Tower with Radar,36,51,88,0,175,0,10,24,2,36,36,61,112,2,211,0,0,0,211
11/03/2017,LEX,KY,ASO,CE,Combined TRACON& Tower with Radar,34,55,49,3,141,0,4,3,0,7,34,59,52,3,148,0,0,0,148
11/04/2017,LEX,KY,ASO,CE,Combined TRACON& Tower with Radar,23,43,59,0,125,0,5,10,0,15,23,48,69,0,140,0,0,0,140
11/05/2017,LEX,KY,ASO,CE,Combined TRACON& Tower with Radar,32,84,92,0,208,0,12,6,0,18,32,96,98,0,226,8,0,8,234
11/06/2017,LEX,KY,ASO,CE,Combined TRACON& Tower with Radar,32,61,52,6,151,0,0,3,0,3,32,61,55,6,154,0,0,0,154
11/07/2017,LEX,KY,ASO,CE,Combined TRACON& Tower with Radar,26,48,32,2,108,0,0,1,0,1,26,48,33,2,109,0,0,0,109
11/08/2017,LEX,KY,ASO,CE,Combined TRACON& Tower with Radar,36,45,71,2,154,0,8,63,3,74,36,53,134,5,228,8,0,8,236
11/09/2017,LEX,KY,ASO,CE,Combined TRACON& Tower with Radar,43,66,74,3,186,0,4,81,4,89,43,70,155,7,275,2,0,2,277
11/10/2017,LEX,KY,ASO,CE,Combined TRACON& Tower with Radar,37,49,63,0,149,0,0,63,0,63,37,49,126,0,212,0,0,0,212
11/11/2017,LEX,KY,ASO,CE,Combined TRACON& Tower with Radar,23,41,31,0,95,0,4,89,1,94,23,45,120,1,189,16,0,16,205
11/12/2017,LEX,KY,ASO,CE,Combined TRACON& Tower with Radar,36,43,56,0,135,0,1,25,1,27,36,44,81,1,162,5,0,5,167
11/13/2017,LEX,KY,ASO,CE,Combined TRACON& Tower with Radar,36,40,56,0,132,0,1,11,0,12,36,41,67,0,144,20,0,20,164
11/14/2017,LEX,KY,ASO,CE,Combined TRACON& Tower with Radar,33,48,40,8,129,0,5,40,3,48,33,53,80,11,177,19,0,19,196
11/15/2017,LEX,KY,ASO,CE,Combined TRACON& Tower with Radar,37,43,49,0,129,0,0,21,0,21,37,43,70,0,150,8,0,8,158
11/16/2017,LEX,KY,ASO,CE,Combined TRACON& Tower with Radar,37,38,57,4,136,0,5,15,0,20,37,43,72,4,156,10,0,10,166
11/17/2017,LEX,KY,ASO,CE,Combined TRACON& Tower with Radar,38,46,60,0,144,0,4,70,0,74,38,50,130,0,218,0,0,0,218
11/18/2017,LEX,KY,ASO,CE,Combined TRACON& Tower with Radar,21,34,28,0,83,0,0,1,0,1,21,34,29,0,84,0,0,0,84
11/19/2017,LEX,KY,ASO,CE,Combined TRACON& Tower with Radar,32,40,27,0,99,0,0,22,0,22,32,40,49,0,121,24,0,24,145
11/20/2017,LEX,KY,ASO,CE,Combined TRACON& Tower with Radar,35,41,66,0,142,0,0,70,0,70,35,41,136,0,212,42,0,42,254
11/21/2017,LEX,KY,ASO,CE,Combined TRACON& Tower with Radar,34,55,48,3,140,0,13,54,1,68,34,68,102,4,208,28,0,28,236
11/22/2017,LEX,KY,ASO,CE,Combined TRACON& Tower with Radar,37,44,30,2,113,0,13,53,0,66,37,57,83,2,179,13,0,13,192
11/23/2017,LEX,KY,ASO,CE,Combined TRACON& Tower with Radar,19,17,10,0,46,0,16,23,0,39,19,33,33,0,85,4,0,4,89
11/24/2017,LEX,KY,ASO,CE,Combined TRACON& Tower with Radar,27,23,25,0,75,0,10,65,0,75,27,33,90,0,150,38,0,38,188
11/25/2017,LEX,KY,ASO,CE,Combined TRACON& Tower with Radar,39,38,31,0,108,0,8,47,0,55,39,46,78,0,163,32,0,32,195
11/26/2017,LEX,KY,ASO,CE,Combined TRACON& Tower with Radar,41,50,58,0,149,0,10,67,0,77,41,60,125,0,226,24,0,24,250
11/27/2017,LEX,KY,ASO,CE,Combined TRACON& Tower with Radar,43,48,33,1,125,0,6,66,1,73,43,54,99,2,198,38,0,38,236
11/28/2017,LEX,KY,ASO,CE,Combined TRACON& Tower with Radar,29,42,49,1,121,0,2,60,6,68,29,44,109,7,189,27,0,27,216
11/29/2017,LEX,KY,ASO,CE,Combined TRACON& Tower with Radar,37,45,49,7,138,0,6,48,9,63,37,51,97,16,201,13,20,33,234
11/30/2017,LEX,KY,ASO,CE,Combined TRACON& Tower with Radar,39,41,45,5,130,0,7,38,1,46,39,48,83,6,176,17,0,17,193
12/01/2017,LEX,KY,ASO,CE,Combined TRACON& Tower with Radar,42,48,49,1,140,0,9,57,3,69,42,57,106,4,209,30,0,30,239
12/02/2017,LEX,KY,ASO,CE,Combined TRACON& Tower with Radar,22,30,38,0,90,0,10,78,0,88,22,40,116,0,178,44,0,44,222
12/03/2017,LEX,KY,ASO,CE,Combined TRACON& Tower with Radar,36,34,51,0,121,0,11,67,2,80,36,45,118,2,201,40,0,40,241
12/04/2017,LEX,KY,ASO,CE,Combined TRACON& Tower with Radar,37,34,25,3,99,0,13,28,3,44,37,47,53,6,143,24,0,24,167
12/05/2017,LEX,KY,ASO,CE,Combined TRACON& Tower with Radar,32,44,23,2,101,0,0,13,1,14,32,44,36,3,115,52,0,52,167
12/06/2017,LEX,KY,ASO,CE,Combined TRACON& Tower with Radar,38,49,62,3,152,0,12,46,5,63,38,61,108,8,215,8,0,8,223
12/07/2017,LEX,KY,ASO,CE,Combined TRACON& Tower with Radar,37,41,46,1,125,0,2,48,0,50,37,43,94,1,175,20,0,20,195
12/08/2017,LEX,KY,ASO,CE,Combined TRACON& Tower with Radar,34,46,43,4,127,0,13,55,0,68,34,59,98,4,195,28,0,28,223
12/09/2017,LEX,KY,ASO,CE,Combined TRACON& Tower with Radar,23,36,15,1,75,0,2,14,0,16,23,38,29,1,91,8,0,8,99
12/10/2017,LEX,KY,ASO,CE,Combined TRACON& Tower with Radar,38,37,24,1,100,0,11,31,0,42,38,48,55,1,142,2,0,2,144
12/11/2017,LEX,KY,ASO,CE,Combined TRACON& Tower with Radar,38,41,39,0,118,0,8,55,0,63,38,49,94,0,181,10,0,10,191
12/12/2017,LEX,KY,ASO,CE,Combined TRACON& Tower with Radar,32,35,27,1,95,0,0,16,3,19,32,35,43,4,114,0,0,0,114
12/13/2017,LEX,KY,ASO,CE,Combined TRACON& Tower with Radar,35,40,52,5,132,0,3,28,15,46,35,43,80,20,178,0,26,26,204
12/14/2017,LEX,KY,ASO,CE,Combined TRACON& Tower with Radar,39,49,56,3,147,0,14,50,0,64,39,63,106,3,211,6,0,6,217
12/15/2017,LEX,KY,ASO,CE,Combined TRACON& Tower with Radar,38,41,57,5,141,0,2,35,1,38,38,43,92,6,179,26,0,26,205
12/16/2017,LEX,KY,ASO,CE,Combined TRACON& Tower with Radar,27,32,48,0,107,0,4,43,0,47,27,36,91,0,154,15,0,15,169
12/17/2017,LEX,KY,ASO,CE,Combined TRACON& Tower with Radar,26,42,24,0,92,0,4,30,0,34,26,46,54,0,126,5,0,5,131
12/18/2017,LEX,KY,ASO,CE,Combined TRACON& Tower with Radar,36,35,37,0,108,0,1,1,0,2,36,36,38,0,110,0,0,0,110
12/19/2017,LEX,KY,ASO,CE,Combined TRACON& Tower with Radar,36,40,60,12,148,0,3,35,0,38,36,43,95,12,186,5,0,5,191
12/20/2017,LEX,KY,ASO,CE,Combined TRACON& Tower with Radar,44,33,46,1,124,0,7,43,6,56,44,40,89,7,180,0,8,8,188
12/21/2017,LEX,KY,ASO,CE,Combined TRACON& Tower with Radar,40,31,65,1,137,0,6,65,2,73,40,37,130,3,210,6,0,6,216
12/22/2017,LEX,KY,ASO,CE,Combined TRACON& Tower with Radar,30,39,58,0,127,0,1,1,0,2,30,40,59,0,129,0,0,0,129
12/23/2017,LEX,KY,ASO,CE,Combined TRACON& Tower with Radar,36,36,19,0,91,0,0,0,0,0,36,36,19,0,91,0,0,0,91
12/24/2017,LEX,KY,ASO,CE,Combined TRACON& Tower with Radar,28,27,3,0,58,0,0,0,0,0,28,27,3,0,58,0,0,0,58
12/25/2017,LEX,KY,ASO,CE,Combined TRACON& Tower with Radar,22,25,8,0,55,0,8,9,1,18,22,33,17,1,73,18,0,18,91
12/26/2017,LEX,KY,ASO,CE,Combined TRACON& Tower with Radar,34,33,49,0,116,0,16,46,0,62,34,49,95,0,178,26,0,26,204
12/27/2017,LEX,KY,ASO,CE,Combined TRACON& Tower with Radar,34,37,47,3,121,0,21,42,1,64,34,58,89,4,185,9,0,9,194
12/28/2017,LEX,KY,ASO,CE,Combined TRACON& Tower with Radar,36,29,23,4,92,0,1,74,4,79,36,30,97,8,171,28,0,28,199
12/29/2017,LEX,KY,ASO,CE,Combined TRACON& Tower with Radar,34,36,59,0,129,0,8,58,0,66,34,44,117,0,195,8,0,8,203
12/30/2017,LEX,KY,ASO,CE,Combined TRACON& Tower with Radar,33,27,20,0,80,0,8,1,0,9,33,35,21,0,89,14,0,14,103
12/31/2017,LEX,KY,ASO,CE,Combined TRACON& Tower with Radar,27,26,13,0,66,0,17,24,0,41,27,43,37,0,107,4,0,4,111
01/01/2018,LEX,KY,ASO,CE,Combined TRACON& Tower with Radar,27,22,15,0,64,0,2,12,0,14,27,24,27,0,78,25,0,25,103
01/02/2018,LEX,KY,ASO,CE,Combined TRACON& Tower with Radar,39,41,42,1,123,0,10,24,1,35,39,51,66,2,158,0,0,0,158
01/03/2018,LEX,KY,ASO,CE,Combined TRACON& Tower with Radar,38,33,27,0,98,0,4,40,0,44,38,37,67,0,142,25,0,25,167
01/04/2018,LEX,KY,ASO,CE,Combined TRACON& Tower with Radar,37,27,23,4,91,0,2,30,0,32,37,29,53,4,123,12,0,12,135
01/05/2018,LEX,KY,ASO,CE,Combined TRACON& Tower with Radar,37,30,47,0,114,0,8,48,1,57,37,38,95,1,171,4,0,4,175
01/06/2018,LEX,KY,ASO,CE,Combined TRACON& Tower with Radar,29,29,29,0,87,0,6,44,1,51,29,35,73,1,138,0,0,0,138
01/07/2018,LEX,KY,ASO,CE,Combined TRACON& Tower with Radar,31,37,46,0,114,0,9,31,0,40,31,46,77,0,154,10,0,10,164
01/08/2018,LEX,KY,ASO,CE,Combined TRACON& Tower with Radar,33,34,13,0,80,0,0,2,0,2,33,34,15,0,82,0,0,0,82
01/09/2018,LEX,KY,ASO,CE,Combined TRACON& Tower with Radar,28,38,66,2,134,0,0,4,0,4,28,38,70,2,138,0,0,0,138
01/10/2018,LEX,KY,ASO,CE,Combined TRACON& Tower with Radar,38,40,48,5,131,0,2,56,1,59,38,42,104,6,190,0,0,0,190
01/11/2018,LEX,KY,ASO,CE,Combined TRACON& Tower with Radar,32,37,40,18,127,0,5,15,3,23,32,42,55,21,150,13,28,41,191
01/12/2018,LEX,KY,ASO,CE,Combined TRACON& Tower with Radar,30,30,21,2,83,0,0,2,0,2,30,30,23,2,85,0,0,0,85
01/13/2018,LEX,KY,ASO,CE,Combined TRACON& Tower with Radar,23,28,19,0,70,0,0,5,0,5,23,28,24,0,75,0,0,0,75
01/14/2018,LEX,KY,ASO,CE,Combined TRACON& Tower with Radar,27,37,51,0,115,0,4,42,0,46,27,41,93,0,161,30,0,30,191
01/15/2018,LEX,KY,ASO,CE,Combined TRACON& Tower with Radar,30,40,26,0,96,0,0,10,0,10,30,40,36,0,106,23,0,23,129
01/16/2018,LEX,KY,ASO,CE,Combined TRACON& Tower with Radar,30,35,29,0,94,0,2,10,0,12,30,37,39,0,106,28,0,28,134
01/17/2018,LEX,KY,ASO,CE,Combined TRACON& Tower with Radar,28,34,34,1,97,0,2,16,1,19,28,36,50,2,116,13,0,13,129
01/18/2018,LEX,KY,ASO,CE,Combined TRACON& Tower with Radar,35,46,46,1,128,0,2,50,2,54,35,48,96,3,182,42,0,42,224
01/19/2018,LEX,KY,ASO,CE,Combined TRACON& Tower with Radar,32,37,50,3,122,0,10,70,5,85,32,47,120,8,207,36,0,36,243
01/20/2018,LEX,KY,ASO,CE,Combined TRACON& Tower with Radar,26,30,60,0,116,0,11,47,1,59,26,41,107,1,175,58,0,58,233
01/21/2018,LEX,KY,ASO,CE,Combined TRACON& Tower with Radar,31,44,53,0,128,0,7,34,0,41,31,51,87,0,169,50,0,50,219
01/22/2018,LEX,KY,ASO,CE,Combined TRACON& Tower with Radar,31,33,20,0,84,0,1,6,0,7,31,34,26,0,91,0,0,0,91
01/23/2018,LEX,KY,ASO,CE,Combined TRACON& Tower with Radar,30,35,34,5,104,0,2,21,1,24,30,37,55,6,128,12,0,12,140
01/24/2018,LEX,KY,ASO,CE,Combined TRACON& Tower with Radar,36,36,38,5,115,0,9,7,1,17,36,45,45,6,132,6,0,6,138
01/25/2018,LEX,KY,ASO,CE,Combined TRACON& Tower with Radar,34,37,69,8,148,0,4,83,4,91,34,41,152,12,239,0,0,0,239
01/26/2018,LEX,KY,ASO,CE,Combined TRACON& Tower with Radar,35,35,60,6,136,0,7,90,3,100,35,42,150,9,236,36,0,36,272
01/27/2018,LEX,KY,ASO,CE,Combined TRACON& Tower with Radar,25,29,29,0,83,0,1,8,0,9,25,30,37,0,92,0,0,0,92
01/28/2018,LEX,KY,ASO,CE,Combined TRACON& Tower with Radar,36,41,24,15,116,0,0,47,0,47,36,41,71,15,163,0,2,2,165
01/29/2018,LEX,KY,ASO,CE,Combined TRACON& Tower with Radar,33,29,55,2,119,0,1,15,1,17,33,30,70,3,136,18,0,18,154
01/30/2018,LEX,KY,ASO,CE,Combined TRACON& Tower with Radar,35,36,60,2,133,0,0,63,1,64,35,36,123,3,197,22,0,22,219
01/31/2018,LEX,KY,ASO,CE,Combined TRACON& Tower with Radar,36,36,42,5,119,0,5,35,3,43,36,41,77,8,162,5,0,5,167
02/01/2018,LEX,KY,ASO,CE,Combined TRACON& Tower with Radar,32,45,19,2,98,0,5,12,1,18,32,50,31,3,116,8,0,8,124
02/02/2018,LEX,KY,ASO,CE,Combined TRACON& Tower with Radar,38,37,38,4,117,0,3,53,2,58,38,40,91,6,175,12,6,18,193
02/03/2018,LEX,KY,ASO,CE,Combined TRACON& Tower with Radar,26,33,27,0,86,0,12,63,2,77,26,45,90,2,163,17,0,17,180
02/04/2018,LEX,KY,ASO,CE,Combined TRACON& Tower with Radar,26,30,23,0,79,0,0,0,0,0,26,30,23,0,79,0,0,0,79
02/05/2018,LEX,KY,ASO,CE,Combined TRACON& Tower with Radar,33,26,37,2,98,0,8,36,0,44,33,34,73,2,142,0,0,0,142
02/06/2018,LEX,KY,ASO,CE,Combined TRACON& Tower with Radar,30,35,52,1,118,0,0,28,1,29,30,35,80,2,147,0,0,0,147
02/07/2018,LEX,KY,ASO,CE,Combined TRACON& Tower with Radar,32,40,33,0,105,0,0,3,0,3,32,40,36,0,108,0,0,0,108
02/08/2018,LEX,KY,ASO,CE,Combined TRACON& Tower with Radar,35,41,43,7,126,0,4,66,0,70,35,45,109,7,196,18,0,18,214
02/09/2018,LEX,KY,ASO,CE,Combined TRACON& Tower with Radar,32,40,62,1,135,0,5,83,4,92,32,45,145,5,227,11,0,11,238
02/10/2018,LEX,KY,ASO,CE,Combined TRACON& Tower with Radar,27,25,20,1,73,0,6,3,0,9,27,31,23,1,82,0,0,0,82
02/11/2018,LEX,KY,ASO,CE,Combined TRACON& Tower with Radar,31,36,14,0,81,0,0,0,0,0,31,36,14,0,81,0,0,0,81
02/12/2018,LEX,KY,ASO,CE,Combined TRACON& Tower with Radar,37,33,43,2,115,0,15,34,1,50,37,48,77,3,165,14,0,14,179
02/13/2018,LEX,KY,ASO,CE,Combined TRACON& Tower with Radar,33,36,42,4,115,0,0,25,4,29,33,36,67,8,144,28,0,28,172
02/14/2018,LEX,KY,ASO,CE,Combined TRACON& Tower with Radar,34,35,24,2,95,0,0,0,0,0,34,35,24,2,95,0,0,0,95
02/15/2018,LEX,KY,ASO,CE,Combined TRACON& Tower with Radar,37,35,50,1,123,0,1,20,1,22,37,36,70,2,145,20,0,20,165
02/16/2018,LEX,KY,ASO,CE,Combined TRACON& Tower with Radar,45,35,46,0,126,0,0,3,0,3,45,35,49,0,129,0,0,0,129
02/17/2018,LEX,KY,ASO,CE,Combined TRACON& Tower with Radar,25,33,16,0,74,0,2,8,0,10,25,35,24,0,84,30,0,30,114
02/18/2018,LEX,KY,ASO,CE,Combined TRACON& Tower with Radar,39,25,36,0,100,0,12,103,1,116,39,37,139,1,216,8,0,8,224
02/19/2018,LEX,KY,ASO,CE,Combined TRACON& Tower with Radar,43,30,44,0,117,0,6,16,0,22,43,36,60,0,139,42,0,42,181
02/20/2018,LEX,KY,ASO,CE,Combined TRACON& Tower with Radar,40,27,38,3,108,0,5,20,3,28,40,32,58,6,136,18,0,18,154
02/21/2018,LEX,KY,ASO,CE,Combined TRACON& Tower with Radar,44,30,30,0,104,0,0,7,2,9,44,30,37,2,113,2,0,2,115
02/22/2018,LEX,KY,ASO,CE,Combined TRACON& Tower with Radar,52,47,37,1,137,0,0,0,0,0,52,47,37,1,137,0,0,0,137
02/23/2018,LEX,KY,ASO,CE,Combined TRACON& Tower with Radar,44,37,33,2,116,0,2,9,0,11,44,39,42,2,127,4,0,4,131
02/24/2018,LEX,KY,ASO,CE,Combined TRACON& Tower with Radar,28,30,20,0,78,0,3,0,0,3,28,33,20,0,81,0,0,0,81
02/25/2018,LEX,KY,ASO,CE,Combined TRACON& Tower with Radar,37,35,53,0,125,0,6,53,2,61,37,41,106,2,186,20,0,20,206
02/26/2018,LEX,KY,ASO,CE,Combined TRACON& Tower with Radar,42,30,48,0,120,0,3,105,0,108,42,33,153,0,228,17,0,17,245
02/27/2018,LEX,KY,ASO,CE,Combined TRACON& Tower with Radar,49,31,71,1,152,0,5,93,2,100,49,36,164,3,252,39,0,39,291
02/28/2018,LEX,KY,ASO,CE,Combined TRACON& Tower with Radar,40,33,53,5,131,0,4,6,1,11,40,37,59,6,142,0,0,0,142
03/01/2018,LEX,KY,ASO,CE,Combined TRACON& Tower with Radar,39,42,37,10,128,0,1,1,2,4,39,43,38,12,132,0,14,14,146
03/02/2018,LEX,KY,ASO,CE,Combined TRACON& Tower with Radar,40,25,45,3,113,0,3,76,3,82,40,28,121,6,195,23,0,23,218
03/03/2018,LEX,KY,ASO,CE,Combined TRACON& Tower with Radar,35,24,41,0,100,0,6,92,4,102,35,30,133,4,202,0,0,0,202
03/04/2018,LEX,KY,ASO,CE,Combined TRACON& Tower with Radar,39,29,50,0,118,0,2,78,5,85,39,31,128,5,203,29,0,29,232
03/05/2018,LEX,KY,ASO,CE,Combined TRACON& Tower with Radar,44,23,47,1,115,0,9,55,0,64,44,32,102,1,179,14,0,14,193
03/06/2018,LEX,KY,ASO,CE,Combined TRACON& Tower with Radar,50,40,59,6,155,0,5,47,3,55,50,45,106,9,210,16,0,16,226
03/07/2018,LEX,KY,ASO,CE,Combined TRACON& Tower with Radar,45,26,40,4,115,0,6,13,8,27,45,32,53,12,142,0,0,0,142
03/08/2018,LEX,KY,ASO,CE,Combined TRACON& Tower with Radar,47,24,42,1,114,0,0,13,1,14,47,24,55,2,128,0,0,0,128
03/09/2018,LEX,KY,ASO,CE,Combined TRACON& Tower with Radar,44,26,42,0,112,0,11,51,2,64,44,37,93,2,176,0,0,0,176
03/10/2018,LEX,KY,ASO,CE,Combined TRACON& Tower with Radar,28,29,28,1,86,0,2,10,1,13,28,31,38,2,99,8,0,8,107
03/11/2018,LEX,KY,ASO,CE,Combined TRACON& Tower with Radar,36,41,38,2,117,0,9,49,0,58,36,50,87,2,175,34,0,34,209
03/12/2018,LEX,KY,ASO,CE,Combined TRACON& Tower with Radar,39,30,39,7,115,0,4,29,1,34,39,34,68,8,149,10,14,24,173
03/13/2018,LEX,KY,ASO,CE,Combined TRACON& Tower with Radar,44,32,25,2,103,0,3,8,0,11,44,35,33,2,114,8,0,8,122
03/14/2018,LEX,KY,ASO,CE,Combined TRACON& Tower with Radar,42,33,46,2,123,0,6,58,2,66,42,39,104,4,189,25,0,25,214
03/15/2018,LEX,KY,ASO,CE,Combined TRACON& Tower with Radar,43,38,42,6,129,0,4,48,6,58,43,42,90,12,187,0,0,0,187
03/16/2018,LEX,KY,ASO,CE,Combined TRACON& Tower with Radar,45,33,35,0,113,0,2,62,0,64,45,35,97,0,177,8,0,8,185
03/17/2018,LEX,KY,ASO,CE,Combined TRACON& Tower with Radar,32,24,19,0,75,0,3,12,0,15,32,27,31,0,90,40,0,40,130
03/18/2018,LEX,KY,ASO,CE,Combined TRACON& Tower with Radar,42,37,29,1,109,0,10,76,7,93,42,47,105,8,202,8,0,8,210
03/19/2018,LEX,KY,ASO,CE,Combined TRACON& Tower with Radar,43,28,32,0,103,0,2,56,1,59,43,30,88,1,162,5,0,5,167
03/20/2018,LEX,KY,ASO,CE,Combined TRACON& Tower with Radar,49,29,22,0,100,0,0,1,0,1,49,29,23,0,101,0,0,0,101
03/21/2018,LEX,KY,ASO,CE,Combined TRACON& Tower with Radar,46,20,33,1,100,0,0,4,0,4,46,20,37,1,104,0,0,0,104
03/22/2018,LEX,KY,ASO,CE,Combined TRACON& Tower with Radar,40,41,58,15,154,0,8,61,6,75,40,49,119,21,229,0,10,10,239
03/23/2018,LEX,KY,ASO,CE,Combined TRACON& Tower with Radar,48,33,58,0,139,0,6,70,2,78,48,39,128,2,217,0,0,0,217
03/24/2018,LEX,KY,ASO,CE,Combined TRACON& Tower with Radar,35,25,11,3,74,0,0,0,0,0,35,25,11,3,74,0,0,0,74
03/25/2018,LEX,KY,ASO,CE,Combined TRACON& Tower with Radar,36,31,25,2,94,0,2,40,3,45,36,33,65,5,139,10,0,10,149
03/26/2018,LEX,KY,ASO,CE,Combined TRACON& Tower with Radar,45,25,33,8,111,0,5,35,4,44,45,30,68,12,155,8,0,8,163
03/27/2018,LEX,KY,ASO,CE,Combined TRACON& Tower with Radar,42,28,27,3,100,0,7,5,6,18,42,35,32,9,118,0,0,0,118
03/28/2018,LEX,KY,ASO,CE,Combined TRACON& Tower with Radar,45,33,61,0,139,0,0,1,0,1,45,33,62,0,140,0,0,0,140
03/29/2018,LEX,KY,ASO,CE,Combined TRACON& Tower with Radar,44,39,49,4,136,0,0,3,0,3,44,39,52,4,139,0,0,0,139
03/30/2018,LEX,KY,ASO,CE,Combined TRACON& Tower with Radar,42,30,50,0,122,0,1,18,0,19,42,31,68,0,141,20,0,20,161
03/31/2018,LEX,KY,ASO,CE,Combined TRACON& Tower with Radar,30,17,39,0,86,0,4,59,0,63,30,21,98,0,149,16,0,16,165
04/01/2018,LEX,KY,ASO,CE,Combined TRACON& Tower with Radar,44,24,27,1,96,0,1,1,0,2,44,25,28,1,98,0,0,0,98
04/02/2018,LEX,KY,ASO,CE,Combined TRACON& Tower with Radar,44,31,29,2,106,0,3,5,2,10,44,34,34,4,116,6,0,6,122
04/03/2018,LEX,KY,ASO,CE,Combined TRACON& Tower with Radar,40,33,37,0,110,0,4,5,0,9,40,37,42,0,119,0,0,0,119
04/04/2018,LEX,KY,ASO,CE,Combined TRACON& Tower with Radar,49,49,50,6,154,0,3,22,2,27,49,52,72,8,181,0,0,0,181
04/05/2018,LEX,KY,ASO,CE,Combined TRACON& Tower with Radar,47,35,43,5,130,0,14,75,3,92,47,49,118,8,222,33,0,33,255
04/06/2018,LEX,KY,ASO,CE,Combined TRACON& Tower with Radar,48,37,58,5,148,0,7,46,1,54,48,44,104,6,202,2,0,2,204
04/07/2018,LEX,KY,ASO,CE,Combined TRACON& Tower with Radar,38,30,42,0,110,0,1,12,0,13,38,31,54,0,123,20,0,20,143
04/08/2018,LEX,KY,ASO,CE,Combined TRACON& Tower with Radar,44,48,68,1,161,0,9,95,1,105,44,57,163,2,266,19,0,19,285
04/09/2018,LEX,KY,ASO,CE,Combined TRACON& Tower with Radar,48,31,50,1,130,0,9,22,3,34,48,40,72,4,164,23,0,23,187
04/10/2018,LEX,KY,ASO,CE,Combined TRACON& Tower with Radar,48,42,55,2,147,0,0,52,2,54,48,42,107,4,201,15,0,15,216
04/11/2018,LEX,KY,ASO,CE,Combined TRACON& Tower with Radar,47,38,67,2,154,0,13,78,2,93,47,51,145,4,247,24,0,24,271
04/12/2018,LEX,KY,ASO,CE,Combined TRACON& Tower with Radar,48,31,50,2,131,0,6,21,3,30,48,37,71,5,161,0,0,0,161
04/13/2018,LEX,KY,ASO,CE,Combined TRACON& Tower with Radar,46,39,60,1,146,0,8,38,1,47,46,47,98,2,193,4,0,4,197
04/14/2018,LEX,KY,ASO,CE,Combined TRACON& Tower with Radar,40,34,33,0,107,0,3,8,0,11,40,37,41,0,118,0,0,0,118
04/15/2018,LEX,KY,ASO,CE,Combined TRACON& Tower with Radar,43,32,44,8,127,0,0,0,0,0,43,32,44,8,127,0,0,0,127
04/16/2018,LEX,KY,ASO,CE,Combined TRACON& Tower with Radar,52,41,27,0,120,0,0,4,0,4,52,41,31,0,124,0,0,0,124
04/17/2018,LEX,KY,ASO,CE,Combined TRACON& Tower with Radar,47,29,47,15,138,0,2,65,3,70,47,31,112,18,208,11,4,15,223
04/18/2018,LEX,KY,ASO,CE,Combined TRACON& Tower with Radar,48,34,61,3,146,0,8,68,4,80,48,42,129,7,226,56,0,56,282
04/19/2018,LEX,KY,ASO,CE,Combined TRACON& Tower with Radar,49,41,86,2,178,0,16,46,5,67,49,57,132,7,245,6,2,8,253
04/20/2018,LEX,KY,ASO,CE,Combined TRACON& Tower with Radar,51,31,88,3,173,0,10,96,1,107,51,41,184,4,280,13,0,13,293
04/21/2018,LEX,KY,ASO,CE,Combined TRACON& Tower with Radar,36,36,43,4,119,0,7,79,2,88,36,43,122,6,207,26,0,26,233
04/22/2018,LEX,KY,ASO,CE,Combined TRACON& Tower with Radar,49,37,76,0,162,0,7,42,2,51,49,44,118,2,213,78,0,78,291
04/23/2018,LEX,KY,ASO,CE,Combined TRACON& Tower with Radar,44,36,40,1,121,0,2,0,1,3,44,38,40,2,124,7,0,7,131
04/24/2018,LEX,KY,ASO,CE,Combined TRACON& Tower with Radar,42,38,28,3,111,1,0,1,0,2,43,38,29,3,113,0,0,0,113
04/25/2018,LEX,KY,ASO,CE,Combined TRACON& Tower with Radar,45,32,70,4,151,0,0,24,1,25,45,32,94,5,176,26,0,26,202
04/26/2018,LEX,KY,ASO,CE,Combined TRACON& Tower with Radar,50,46,93,10,199,0,4,76,3,83,50,50,169,13,282,0,6,6,288
04/27/2018,LEX,KY,ASO,CE,Combined TRACON& Tower with Radar,46,40,76,0,162,0,8,78,0,86,46,48,154,0,248,0,0,0,248
04/28/2018,LEX,KY,ASO,CE,Combined TRACON& Tower with Radar,34,36,49,7,126,0,11,69,1,81,34,47,118,8,207,12,0,12,219
04/29/2018,LEX,KY,ASO,CE,Combined TRACON& Tower with Radar,44,43,53,4,144,0,15,67,1,83,44,58,120,5,227,20,0,20,247
04/30/2018,LEX,KY,ASO,CE,Combined TRACON& Tower with Radar,46,32,66,0,144,0,9,81,2,92,46,41,147,2,236,54,0,54,290
05/01/2018,LEX,KY,ASO,CE,Combined TRACON& Tower with Radar,46,27,52,0,125,0,13,53,0,66,46,40,105,0,191,23,0,23,214
05/02/2018,LEX,KY,ASO,CE,Combined TRACON& Tower with Radar,46,41,75,1,163,0,12,47,1,60,46,53,122,2,223,0,0,0,223
05/03/2018,LEX,KY,ASO,CE,Combined TRACON& Tower with Radar,49,61,75,2,187,0,8,43,3,54,49,69,118,5,241,10,0,10,251
05/04/2018,LEX,KY,ASO,CE,Combined TRACON& Tower with Radar,54,37,59,10,160,0,5,13,1,19,54,42,72,11,179,0,0,0,179
05/05/2018,LEX,KY,ASO,CE,Combined TRACON& Tower with Radar,33,27,22,0,82,0,0,1,0,1,33,27,23,0,83,0,0,0,83
05/06/2018,LEX,KY,ASO,CE,Combined TRACON& Tower with Radar,60,51,97,0,208,0,6,33,3,42,60,57,130,3,250,7,0,7,257
05/07/2018,LEX,KY,ASO,CE,Combined TRACON& Tower with Radar,55,38,62,0,155,0,4,50,0,54,55,42,112,0,209,46,0,46,255
05/08/2018,LEX,KY,ASO,CE,Combined TRACON& Tower with Radar,51,43,32,1,127,0,2,63,1,66,51,45,95,2,193,32,0,32,225
05/09/2018,LEX,KY,ASO,CE,Combined TRACON& Tower with Radar,48,33,49,5,135,0,14,62,1,77,48,47,111,6,212,0,0,0,212
05/10/2018,LEX,KY,ASO,CE,Combined TRACON& Tower with Radar,53,62,36,3,154,0,9,46,2,57,53,71,82,5,211,0,21,21,232
05/11/2018,LEX,KY,ASO,CE,Combined TRACON& Tower with Radar,56,37,40,2,135,0,6,62,2,70,56,43,102,4,205,0,0,0,205
05/12/2018,LEX,KY,ASO,CE,Combined TRACON& Tower with Radar,32,26,37,0,95,0,21,83,0,104,32,47,120,0,199,6,0,6,205
05/13/2018,LEX,KY,ASO,CE,Combined TRACON& Tower with Radar,52,42,44,0,138,0,6,61,0,67,52,48,105,0,205,10,0,10,215
05/14/2018,LEX,KY,ASO,CE,Combined TRACON& Tower with Radar,51,27,67,3,148,0,3,64,2,69,51,30,131,5,217,2,28,30,247
05/15/2018,LEX,KY,ASO,CE,Combined TRACON& Tower with Radar,50,23,46,8,127,0,5,44,1,50,50,28,90,9,177,14,0,14,191
05/16/2018,LEX,KY,ASO,CE,Combined TRACON& Tower with Radar,52,43,67,2,164,0,2,31,3,36,52,45,98,5,200,14,2,16,216
05/17/2018,LEX,KY,ASO,CE,Combined TRACON& Tower with Radar,58,39,63,0,160,0,0,28,2,30,58,39,91,2,190,17,0,17,207
05/18/2018,LEX,KY,ASO,CE,Combined TRACON& Tower with Radar,54,28,42,0,124,0,2,10,0,12,54,30,52,0,136,10,0,10,146
05/19/2018,LEX,KY,ASO,CE,Combined TRACON& Tower with Radar,20,15,29,0,64,0,2,7,0,9,20,17,36,0,73,0,0,0,73
05/20/2018,LEX,KY,ASO,CE,Combined TRACON& Tower with Radar,57,26,50,0,133,0,9,48,2,59,57,35,98,2,192,30,0,30,222
05/21/2018,LEX,KY,ASO,CE,Combined TRACON& Tower with Radar,55,29,29,7,120,0,8,41,8,57,55,37,70,15,177,30,28,58,235
05/22/2018,LEX,KY,ASO,CE,Combined TRACON& Tower with Radar,58,45,39,2,144,0,5,23,3,31,58,50,62,5,175,3,0,3,178
05/23/2018,LEX,KY,ASO,CE,Combined TRACON& Tower with Radar,55,38,66,3,162,0,11,74,1,86,55,49,140,4,248,41,0,41,289
05/24/2018,LEX,KY,ASO,CE,Combined TRACON& Tower with Radar,55,30,56,13,154,0,3,93,5,101,55,33,149,18,255,46,0,46,301
05/25/2018,LEX,KY,ASO,CE,Combined TRACON& Tower with Radar,53,30,65,5,153,0,9,54,0,63,53,39,119,5,216,0,0,0,216
05/26/2018,LEX,KY,ASO,CE,Combined TRACON& Tower with Radar,47,27,10,0,84,0,10,28,1,39,47,37,38,1,123,8,0,8,131
05/27/2018,LEX,KY,ASO,CE,Combined TRACON& Tower with Radar,44,14,17,0,75,0,5,31,3,39,44,19,48,3,114,46,0,46,160
05/28/2018,LEX,KY,ASO,CE,Combined TRACON& Tower with Radar,54,27,46,0,127,0,4,44,0,48,54,31,90,0,175,6,0,6,181
05/29/2018,LEX,KY,ASO,CE,Combined TRACON& Tower with Radar,53,28,34,1,116,0,5,29,3,37,53,33,63,4,153,36,0,36,189
05/30/2018,LEX,KY,ASO,CE,Combined TRACON& Tower with Radar,53,29,35,0,117,0,5,20,0,25,53,34,55,0,142,30,0,30,172
05/31/2018,LEX,KY,ASO,CE,Combined TRACON& Tower with Radar,56,24,43,3,126,0,2,18,5,25,56,26,61,8,151,0,0,0,151
06/01/2018,LEX,KY,ASO,CE,Combined TRACON& Tower with Radar,51,34,66,3,154,0,0,16,2,18,51,34,82,5,172,0,0,0,172
06/02/2018,LEX,KY,ASO,CE,Combined TRACON& Tower with Radar,41,32,51,8,132,0,6,59,1,66,41,38,110,9,198,12,0,12,210
06/03/2018,LEX,KY,ASO,CE,Combined TRACON& Tower with Radar,50,19,42,1,112,0,10,29,0,39,50,29,71,1,151,10,0,10,161
06/04/2018,LEX,KY,ASO,CE,Combined TRACON& Tower with Radar,52,30,47,10,139,0,13,75,2,90,52,43,122,12,229,30,0,30,259
06/05/2018,LEX,KY,ASO,CE,Combined TRACON& Tower with Radar,48,41,42,5,136,0,10,80,4,94,48,51,122,9,230,32,4,36,266
06/06/2018,LEX,KY,ASO,CE,Combined TRACON& Tower with Radar,51,36,63,2,152,0,13,61,4,78,51,49,124,6,230,6,0,6,236
06/07/2018,LEX,KY,ASO,CE,Combined TRACON& Tower with Radar,53,47,41,7,148,0,0,76,22,98,53,47,117,29,246,33,0,33,279
06/08/2018,LEX,KY,ASO,CE,Combined TRACON& Tower with Radar,51,39,62,11,163,0,18,86,5,109,51,57,148,16,272,8,0,8,280
06/09/2018,LEX,KY,ASO,CE,Combined TRACON& Tower with Radar,41,38,56,4,139,0,6,44,1,51,41,44,100,5,190,0,0,0,190
06/10/2018,LEX,KY,ASO,CE,Combined TRACON& Tower with Radar,51,41,47,0,139,0,6,25,1,32,51,47,72,1,171,26,0,26,197
06/11/2018,LEX,KY,ASO,CE,Combined TRACON& Tower with Radar,48,45,57,0,150,0,4,32,0,36,48,49,89,0,186,4,0,4,190
06/12/2018,LEX,KY,ASO,CE,Combined TRACON& Tower with Radar,52,47,40,0,139,0,0,31,0,31,52,47,71,0,170,0,0,0,170
06/13/2018,LEX,KY,ASO,CE,Combined TRACON& Tower with Radar,48,43,80,3,174,0,0,37,2,39,48,43,117,5,213,9,0,9,222
06/14/2018,LEX,KY,ASO,CE,Combined TRACON& Tower with Radar,48,43,62,2,155,0,4,109,1,114,48,47,171,3,269,18,0,18,287
06/15/2018,LEX,KY,ASO,CE,Combined TRACON& Tower with Radar,48,37,71,2,158,0,14,91,4,109,48,51,162,6,267,6,0,6,273
06/16/2018,LEX,KY,ASO,CE,Combined TRACON& Tower with Radar,38,28,45,0,111,0,9,60,0,69,38,37,105,0,180,14,0,14,194
06/17/2018,LEX,KY,ASO,CE,Combined TRACON& Tower with Radar,48,47,56,0,151,0,19,35,0,54,48,66,91,0,205,4,0,4,209
06/18/2018,LEX,KY,ASO,CE,Combined TRACON& Tower with Radar,44,36,58,4,142,0,13,67,2,82,44,49,125,6,224,0,0,0,224
06/19/2018,LEX,KY,ASO,CE,Combined TRACON& Tower with Radar,42,33,41,2,118,0,16,69,0,85,42,49,110,2,203,31,0,31,234
06/20/2018,LEX,KY,ASO,CE,Combined TRACON& Tower with Radar,43,40,65,0,148,0,10,31,2,43,43,50,96,2,191,12,0,12,203
06/21/2018,LEX,KY,ASO,CE,Combined TRACON& Tower with Radar,51,35,46,14,146,0,4,10,2,16,51,39,56,16,162,0,0,0,162
06/22/2018,LEX,KY,ASO,CE,Combined TRACON& Tower with Radar,49,41,58,0,148,0,4,55,4,63,49,45,113,4,211,6,0,6,217
06/23/2018,LEX,KY,ASO,CE,Combined TRACON& Tower with Radar,42,31,44,0,117,0,12,22,0,34,42,43,66,0,151,22,0,22,173
06/24/2018,LEX,KY,ASO,CE,Combined TRACON& Tower with Radar,49,35,25,3,112,0,5,38,2,45,49,40,63,5,157,0,0,0,157
06/25/2018,LEX,KY,ASO,CE,Combined TRACON& Tower with Radar,51,34,31,1,117,0,4,9,0,13,51,38,40,1,130,5,0,5,135
06/26/2018,LEX,KY,ASO,CE,Combined TRACON& Tower with Radar,49,33,64,1,147,0,3,12,0,15,49,36,76,1,162,0,0,0,162
06/27/2018,LEX,KY,ASO,CE,Combined TRACON& Tower with Radar,53,31,42,6,132,0,2,16,2,20,53,33,58,8,152,16,0,16,168
06/28/2018,LEX,KY,ASO,CE,Combined TRACON& Tower with Radar,53,39,64,10,166,0,2,82,5,89,53,41,146,15,255,26,0,26,281
06/29/2018,LEX,KY,ASO,CE,Combined TRACON& Tower with Radar,53,29,64,5,151,0,3,53,1,57,53,32,117,6,208,16,0,16,224
06/30/2018,LEX,KY,ASO,CE,Combined TRACON& Tower with Radar,37,29,53,0,119,0,11,60,0,71,37,40,113,0,190,20,0,20,210
07/01/2018,LEX,KY,ASO,CE,Combined TRACON& Tower with Radar,44,34,45,0,123,0,7,39,0,46,44,41,84,0,169,4,0,4,173
07/02/2018,LEX,KY,ASO,CE,Combined TRACON& Tower with Radar,31,30,36,0,97,0,9,21,0,30,31,39,57,0,127,20,0,20,147
07/03/2018,LEX,KY,ASO,CE,Combined TRACON& Tower with Radar,32,27,27,0,86,0,8,39,0,47,32,35,66,0,133,8,0,8,141
07/04/2018,LEX,KY,ASO,CE,Combined TRACON& Tower with Radar,31,24,26,0,81,0,7,37,0,44,31,31,63,0,125,6,0,6,131
07/05/2018,LEX,KY,ASO,CE,Combined TRACON& Tower with Radar,41,29,41,0,111,0,5,35,0,40,41,34,76,0,151,6,0,6,157
07/06/2018,LEX,KY,ASO,CE,Combined TRACON& Tower with Radar,38,31,53,2,124,0,5,38,0,43,38,36,91,2,167,10,0,10,177
07/07/2018,LEX,KY,ASO,CE,Combined TRACON& Tower with Radar,40,40,37,4,121,0,8,68,0,76,40,48,105,4,197,0,0,0,197
07/08/2018,LEX,KY,ASO,CE,Combined TRACON& Tower with Radar,53,22,51,0,126,0,6,78,0,84,53,28,129,0,210,12,0,12,222
07/09/2018,LEX,KY,ASO,CE,Combined TRACON& Tower with Radar,61,39,49,6,155,0,13,45,2,60,61,52,94,8,215,6,0,6,221
07/10/2018,LEX,KY,ASO,CE,Combined TRACON& Tower with Radar,49,40,65,2,156,0,2,76,2,80,49,42,141,4,236,27,0,27,263
07/11/2018,LEX,KY,ASO,CE,Combined TRACON& Tower with Radar,51,43,42,0,136,0,7,70,0,77,51,50,112,0,213,4,0,4,217
07/12/2018,LEX,KY,ASO,CE,Combined TRACON& Tower with Radar,56,51,69,1,177,0,3,73,13,89,56,54,142,14,266,10,0,10,276
07/13/2018,LEX,KY,ASO,CE,Combined TRACON& Tower with Radar,55,38,50,2,145,0,2,68,5,75,55,40,118,7,220,28,0,28,248
07/14/2018,LEX,KY,ASO,CE,Combined TRACON& Tower with Radar,43,35,26,2,106,0,7,69,2,78,43,42,95,4,184,10,0,10,194
07/15/2018,LEX,KY,ASO,CE,Combined TRACON& Tower with Radar,56,30,44,0,130,0,10,21,0,31,56,40,65,0,161,26,0,26,187
07/16/2018,LEX,KY,ASO,CE,Combined TRACON& Tower with Radar,52,36,51,2,141,0,7,14,0,21,52,43,65,2,162,22,0,22,184
07/17/2018,LEX,KY,ASO,CE,Combined TRACON& Tower with Radar,56,30,53,1,140,0,3,40,1,44,56,33,93,2,184,22,0,22,206
07/18/2018,LEX,KY,ASO,CE,Combined TRACON& Tower with Radar,51,28,56,4,139,0,7,89,0,96,51,35,145,4,235,30,0,30,265
07/19/2018,LEX,KY,ASO,CE,Combined TRACON& Tower with Radar,61,39,61,14,175,0,4,119,5,128,61,43,180,19,303,9,0,9,312
07/20/2018,LEX,KY,ASO,CE,Combined TRACON& Tower with Radar,54,32,42,2,130,0,5,9,0,14,54,37,51,2,144,12,0,12,156
07/21/2018,LEX,KY,ASO,CE,Combined TRACON& Tower with Radar,43,37,24,0,104,0,2,20,0,22,43,39,44,0,126,27,0,27,153
07/22/2018,LEX,KY,ASO,CE,Combined TRACON& Tower with Radar,54,31,43,0,128,0,0,1,0,1,54,31,44,0,129,0,0,0,129
07/23/2018,LEX,KY,ASO,CE,Combined TRACON& Tower with Radar,50,49,46,2,147,0,3,7,0,10,50,52,53,2,157,36,0,36,193
07/24/2018,LEX,KY,ASO,CE,Combined TRACON& Tower with Radar,52,55,57,3,167,0,1,55,0,56,52,56,112,3,223,12,0,12,235
07/25/2018,LEX,KY,ASO,CE,Combined TRACON& Tower with Radar,48,30,58,2,138,0,6,68,2,76,48,36,126,4,214,10,0,10,224
07/26/2018,LEX,KY,ASO,CE,Combined TRACON& Tower with Radar,56,38,64,5,163,0,2,63,7,72,56,40,127,12,235,0,0,0,235
07/27/2018,LEX,KY,ASO,CE,Combined TRACON& Tower with Radar,49,37,72,2,160,0,12,73,0,85,49,49,145,2,245,4,0,4,249
07/28/2018,LEX,KY,ASO,CE,Combined TRACON& Tower with Radar,40,35,39,0,114,0,2,50,0,52,40,37,89,0,166,6,0,6,172
07/29/2018,LEX,KY,ASO,CE,Combined TRACON& Tower with Radar,52,41,44,11,148,0,9,61,3,73,52,50,105,14,221,50,0,50,271
07/30/2018,LEX,KY,ASO,CE,Combined TRACON& Tower with Radar,49,38,36,0,123,0,9,25,0,34,49,47,61,0,157,0,0,0,157
07/31/2018,LEX,KY,ASO,CE,Combined TRACON& Tower with Radar,50,39,55,0,144,0,2,8,3,13,50,41,63,3,157,0,0,0,157
08/01/2018,LEX,KY,ASO,CE,Combined TRACON& Tower with Radar,55,45,42,3,145,0,0,2,0,2,55,45,44,3,147,0,0,0,147
08/02/2018,LEX,KY,ASO,CE,Combined TRACON& Tower with Radar,51,44,53,4,152,0,5,28,1,34,51,49,81,5,186,5,0,5,191
08/03/2018,LEX,KY,ASO,CE,Combined TRACON& Tower with Radar,46,49,58,0,153,0,11,73,0,84,46,60,131,0,237,12,0,12,249
08/04/2018,LEX,KY,ASO,CE,Combined TRACON& Tower with Radar,40,35,44,2,121,0,10,78,0,88,40,45,122,2,209,38,0,38,247
08/05/2018,LEX,KY,ASO,CE,Combined TRACON& Tower with Radar,54,38,46,0,138,0,10,58,0,68,54,48,104,0,206,12,0,12,218
08/06/2018,LEX,KY,ASO,CE,Combined TRACON& Tower with Radar,54,37,49,8,148,0,6,66,2,74,54,43,115,10,222,42,16,58,280
08/07/2018,LEX,KY,ASO,CE,Combined TRACON& Tower with Radar,54,31,34,5,124,0,2,43,1,46,54,33,77,6,170,6,5,11,181
08/08/2018,LEX,KY,ASO,CE,Combined TRACON& Tower with Radar,51,39,44,2,136,0,4,14,4,22,51,43,58,6,158,44,0,44,202
08/09/2018,LEX,KY,ASO,CE,Combined TRACON& Tower with Radar,57,31,57,0,145,0,6,31,0,37,57,37,88,0,182,4,0,4,186
08/10/2018,LEX,KY,ASO,CE,Combined TRACON& Tower with Radar,54,47,42,1,144,0,5,30,1,36,54,52,72,2,180,20,0,20,200
08/11/2018,LEX,KY,ASO,CE,Combined TRACON& Tower with Radar,39,28,37,6,110,0,6,40,0,46,39,34,77,6,156,23,0,23,179
08/12/2018,LEX,KY,ASO,CE,Combined TRACON& Tower with Radar,55,35,45,5,140,0,8,44,0,52,55,43,89,5,192,0,0,0,192
08/13/2018,LEX,KY,ASO,CE,Combined TRACON& Tower with Radar,54,37,48,4,143,0,2,63,0,65,54,39,111,4,208,4,0,4,212
08/14/2018,LEX,KY,ASO,CE,Combined TRACON& Tower with Radar,52,37,49,2,140,0,2,62,0,64,52,39,111,2,204,33,0,33,237
08/15/2018,LEX,KY,ASO,CE,Combined TRACON& Tower with Radar,48,36,62,2,148,0,8,38,0,46,48,44,100,2,194,6,0,6,200
08/16/2018,LEX,KY,ASO,CE,Combined TRACON& Tower with Radar,58,50,26,1,135,0,2,29,1,32,58,52,55,2,167,5,0,5,172
08/17/2018,LEX,KY,ASO,CE,Combined TRACON& Tower with Radar,53,40,44,0,137,0,6,12,0,18,53,46,56,0,155,2,0,2,157
08/18/2018,LEX,KY,ASO,CE,Combined TRACON& Tower with Radar,34,21,42,2,99,0,5,6,0,11,34,26,48,2,110,0,0,0,110
08/19/2018,LEX,KY,ASO,CE,Combined TRACON& Tower with Radar,54,33,60,0,147,0,4,60,2,66,54,37,120,2,213,18,0,18,231
08/20/2018,LEX,KY,ASO,CE,Combined TRACON& Tower with Radar,52,28,50,4,134,0,4,37,0,41,52,32,87,4,175,4,0,4,179
08/21/2018,LEX,KY,ASO,CE,Combined TRACON& Tower with Radar,49,20,53,7,129,0,2,11,3,16,49,22,64,10,145,18,0,18,163
08/22/2018,LEX,KY,ASO,CE,Combined TRACON& Tower with Radar,58,34,41,9,142,0,6,43,4,53,58,40,84,13,195,20,0,20,215
08/23/2018,LEX,KY,ASO,CE,Combined TRACON& Tower with Radar,56,35,53,0,144,0,10,98,2,110,56,45,151,2,254,44,0,44,298
08/24/2018,LEX,KY,ASO,CE,Combined TRACON& Tower with Radar,55,22,42,2,121,0,5,62,3,70,55,27,104,5,191,2,0,2,193
08/25/2018,LEX,KY,ASO,CE,Combined TRACON& Tower with Radar,33,22,33,0,88,0,15,32,3,50,33,37,65,3,138,14,0,14,152
08/26/2018,LEX,KY,ASO,CE,Combined TRACON& Tower with Radar,52,27,33,5,117,0,19,66,11,96,52,46,99,16,213,6,0,6,219
08/27/2018,LEX,KY,ASO,CE,Combined TRACON& Tower with Radar,52,31,50,2,135,0,0,81,0,81,52,31,131,2,216,49,0,49,265
08/28/2018,LEX,KY,ASO,CE,Combined TRACON& Tower with Radar,50,31,51,7,139,0,8,76,2,86,50,39,127,9,225,26,0,26,251
08/29/2018,LEX,KY,ASO,CE,Combined TRACON& Tower with Radar,49,34,38,2,123,0,8,57,2,67,49,42,95,4,190,36,0,36,226
08/30/2018,LEX,KY,ASO,CE,Combined TRACON& Tower with Radar,54,30,63,4,151,0,8,44,1,53,54,38,107,5,204,44,0,44,248
08/31/2018,LEX,KY,ASO,CE,Combined TRACON& Tower with Radar,51,43,57,2,153,0,2,45,7,54,51,45,102,9,207,25,43,68,275
09/01/2018,LEX,KY,ASO,CE,Combined TRACON& Tower with Radar,34,31,42,0,107,0,2,36,2,40,34,33,78,2,147,26,0,26,173
09/02/2018,LEX,KY,ASO,CE,Combined TRACON& Tower with Radar,34,25,33,0,92,0,10,52,1,63,34,35,85,1,155,18,0,18,173
09/03/2018,LEX,KY,ASO,CE,Combined TRACON& Tower with Radar,38,32,46,0,116,0,16,85,0,101,38,48,131,0,217,80,0,80,297
09/04/2018,LEX,KY,ASO,CE,Combined TRACON& Tower with Radar,44,32,59,3,138,0,11,56,2,69,44,43,115,5,207,54,0,54,261
09/05/2018,LEX,KY,ASO,CE,Combined TRACON& Tower with Radar,53,31,46,2,132,0,8,48,1,57,53,39,94,3,189,22,0,22,211
09/06/2018,LEX,KY,ASO,CE,Combined TRACON& Tower with Radar,58,30,56,8,152,0,3,39,1,43,58,33,95,9,195,66,0,66,261
09/07/2018,LEX,KY,ASO,CE,Combined TRACON& Tower with Radar,52,51,62,41,206,0,1,36,3,40,52,52,98,44,246,29,2,31,277
09/08/2018,LEX,KY,ASO,CE,Combined TRACON& Tower with Radar,36,34,26,2,98,0,1,1,0,2,36,35,27,2,100,8,0,8,108
09/09/2018,LEX,KY,ASO,CE,Combined TRACON& Tower with Radar,59,48,54,0,161,0,0,0,0,0,59,48,54,0,161,0,0,0,161
09/10/2018,LEX,KY,ASO,CE,Combined TRACON& Tower with Radar,58,43,44,27,172,0,3,5,0,8,58,46,49,27,180,32,0,32,212
09/11/2018,LEX,KY,ASO,CE,Combined TRACON& Tower with Radar,52,39,75,10,176,0,6,38,2,46,52,45,113,12,222,44,0,44,266
09/12/2018,LEX,KY,ASO,CE,Combined TRACON& Tower with Radar,53,49,67,32,201,0,9,37,7,53,53,58,104,39,254,42,24,66,320
09/13/2018,LEX,KY,ASO,CE,Combined TRACON& Tower with Radar,60,41,85,1,187,0,10,67,7,84,60,51,152,8,271,86,10,96,367
09/14/2018,LEX,KY,ASO,CE,Combined TRACON& Tower with Radar,55,36,80,17,188,0,7,80,2,89,55,43,160,19,277,0,0,0,277
09/15/2018,LEX,KY,ASO,CE,Combined TRACON& Tower with Radar,36,29,43,1,109,0,18,57,6,81,36,47,100,7,190,92,0,92,282
09/16/2018,LEX,KY,ASO,CE,Combined TRACON& Tower with Radar,50,34,47,1,132,0,9,23,0,32,50,43,70,1,164,10,0,10,174
09/17/2018,LEX,KY,ASO,CE,Combined TRACON& Tower with Radar,56,28,40,0,124,0,1,3,0,4,56,29,43,0,128,0,0,0,128
09/18/2018,LEX,KY,ASO,CE,Combined TRACON& Tower with Radar,51,36,51,0,138,0,5,55,0,60,51,41,106,0,198,56,0,56,254
09/19/2018,LEX,KY,ASO,CE,Combined TRACON& Tower with Radar,54,30,90,10,184,0,23,65,5,93,54,53,155,15,277,60,0,60,337
09/20/2018,LEX,KY,ASO,CE,Combined TRACON& Tower with Radar,54,40,63,0,157,0,9,74,1,84,54,49,137,1,241,20,0,20,261
09/21/2018,LEX,KY,ASO,CE,Combined TRACON& Tower with Radar,59,38,66,14,177,0,8,28,0,36,59,46,94,14,213,0,0,0,213
09/22/2018,LEX,KY,ASO,CE,Combined TRACON& Tower with Radar,42,37,35,3,117,0,0,2,3,5,42,37,37,6,122,50,20,70,192
09/23/2018,LEX,KY,ASO,CE,Combined TRACON& Tower with Radar,58,44,62,2,166,0,0,0,0,0,58,44,62,2,166,0,0,0,166
09/24/2018,LEX,KY,ASO,CE,Combined TRACON& Tower with Radar,54,24,35,0,113,0,0,0,0,0,54,24,35,0,113,0,0,0,113
09/25/2018,LEX,KY,ASO,CE,Combined TRACON& Tower with Radar,45,27,38,2,112,0,0,9,0,9,45,27,47,2,121,0,0,0,121
09/26/2018,LEX,KY,ASO,CE,Combined TRACON& Tower with Radar,62,36,46,0,144,0,0,25,2,27,62,36,71,2,171,10,6,16,187
09/27/2018,LEX,KY,ASO,CE,Combined TRACON& Tower with Radar,55,32,55,0,142,0,0,14,0,14,55,32,69,0,156,0,0,0,156
09/28/2018,LEX,KY,ASO,CE,Combined TRACON& Tower with Radar,60,27,60,2,149,0,4,49,3,56,60,31,109,5,205,27,0,27,232
09/29/2018,LEX,KY,ASO,CE,Combined TRACON& Tower with Radar,43,26,50,10,129,0,9,74,0,83,43,35,124,10,212,14,8,22,234
09/30/2018,LEX,KY,ASO,CE,Combined TRACON& Tower with Radar,54,23,57,0,134,0,14,83,2,99,54,37,140,2,233,60,0,60,293
10/01/2018,LEX,KY,ASO,CE,Combined TRACON& Tower with Radar,58,27,46,0,131,0,13,64,0,77,58,40,110,0,208,48,0,48,256
10/02/2018,LEX,KY,ASO,CE,Combined TRACON& Tower with Radar,52,34,57,1,144,0,10,25,2,37,52,44,82,3,181,29,0,29,210
10/03/2018,LEX,KY,ASO,CE,Combined TRACON& Tower with Radar,62,34,66,10,172,0,13,57,2,72,62,47,123,12,244,95,0,95,339
10/04/2018,LEX,KY,ASO,CE,Combined TRACON& Tower with Radar,61,26,73,3,163,0,10,26,4,40,61,36,99,7,203,8,0,8,211
10/05/2018,LEX,KY,ASO,CE,Combined TRACON& Tower with Radar,61,40,87,5,193,0,7,34,0,41,61,47,121,5,234,34,0,34,268
10/06/2018,LEX,KY,ASO,CE,Combined TRACON& Tower with Radar,45,39,50,2,136,0,19,29,2,50,45,58,79,4,186,8,0,8,194
10/07/2018,LEX,KY,ASO,CE,Combined TRACON& Tower with Radar,59,50,88,4,201,0,4,68,3,75,59,54,156,7,276,24,0,24,300
10/08/2018,LEX,KY,ASO,CE,Combined TRACON& Tower with Radar,58,33,50,7,148,0,0,55,5,60,58,33,105,12,208,29,0,29,237
10/09/2018,LEX,KY,ASO,CE,Combined TRACON& Tower with Radar,60,32,52,4,148,0,5,65,2,72,60,37,117,6,220,34,0,34,254
10/10/2018,LEX,KY,ASO,CE,Combined TRACON& Tower with Radar,55,37,35,7,134,0,3,31,2,36,55,40,66,9,170,56,0,56,226
10/11/2018,LEX,KY,ASO,CE,Combined TRACON& Tower with Radar,57,35,66,14,172,0,0,42,5,47,57,35,108,19,219,34,11,45,264
10/12/2018,LEX,KY,ASO,CE,Combined TRACON& Tower with Radar,59,43,68,11,181,0,6,86,5,97,59,49,154,16,278,18,0,18,296
10/13/2018,LEX,KY,ASO,CE,Combined TRACON& Tower with Radar,44,33,34,3,114,0,10,24,1,35,44,43,58,4,149,30,0,30,179
10/14/2018,LEX,KY,ASO,CE,Combined TRACON& Tower with Radar,53,39,60,3,155,0,1,5,0,6,53,40,65,3,161,0,0,0,161
10/15/2018,LEX,KY,ASO,CE,Combined TRACON& Tower with Radar,58,35,39,0,132,0,1,0,0,1,58,36,39,0,133,0,0,0,133
10/16/2018,LEX,KY,ASO,CE,Combined TRACON& Tower with Radar,62,33,59,0,154,0,5,37,2,44,62,38,96,2,198,34,0,34,232
10/17/2018,LEX,KY,ASO,CE,Combined TRACON& Tower with Radar,54,46,83,17,200,0,6,76,13,95,54,52,159,30,295,5,24,29,324
10/18/2018,LEX,KY,ASO,CE,Combined TRACON& Tower with Radar,57,55,81,3,196,0,6,73,1,80,57,61,154,4,276,6,0,6,282
10/19/2018,LEX,KY,ASO,CE,Combined TRACON& Tower with Radar,58,33,82,2,175,0,14,64,0,78,58,47,146,2,253,26,0,26,279
10/20/2018,LEX,KY,ASO,CE,Combined TRACON& Tower with Radar,43,34,56,0,133,0,4,9,0,13,43,38,65,0,146,0,0,0,146
10/21/2018,LEX,KY,ASO,CE,Combined TRACON& Tower with Radar,53,34,65,0,152,0,20,88,0,108,53,54,153,0,260,24,0,24,284
10/22/2018,LEX,KY,ASO,CE,Combined TRACON& Tower with Radar,57,34,68,1,160,0,5,50,3,58,57,39,118,4,218,0,0,0,218
10/23/2018,LEX,KY,ASO,CE,Combined TRACON& Tower with Radar,58,33,56,3,150,0,7,76,1,84,58,40,132,4,234,66,0,66,300
10/24/2018,LEX,KY,ASO,CE,Combined TRACON& Tower with Radar,56,47,71,5,179,0,8,75,2,85,56,55,146,7,264,20,0,20,284
10/25/2018,LEX,KY,ASO,CE,Combined TRACON& Tower with Radar,59,41,67,1,168,0,5,61,5,71,59,46,128,6,239,38,0,38,277
10/26/2018,LEX,KY,ASO,CE,Combined TRACON& Tower with Radar,63,43,38,0,144,0,3,1,0,4,63,46,39,0,148,0,0,0,148
10/27/2018,LEX,KY,ASO,CE,Combined TRACON& Tower with Radar,42,20,30,0,92,0,2,8,0,10,42,22,38,0,102,0,0,0,102
10/28/2018,LEX,KY,ASO,CE,Combined TRACON& Tower with Radar,54,31,46,0,131,0,0,19,1,20,54,31,65,1,151,0,0,0,151
10/29/2018,LEX,KY,ASO,CE,Combined TRACON& Tower with Radar,53,33,47,0,133,0,8,68,0,76,53,41,115,0,209,6,0,6,215
10/30/2018,LEX,KY,ASO,CE,Combined TRACON& Tower with Radar,45,30,47,0,122,0,8,77,0,85,45,38,124,0,207,32,0,32,239
10/31/2018,LEX,KY,ASO,CE,Combined TRACON& Tower with Radar,41,41,44,0,126,0,4,7,0,11,41,45,51,0,137,8,0,8,145
11/01/2018,LEX,KY,ASO,CE,Combined TRACON& Tower with Radar,52,46,66,0,164,0,2,4,0,6,52,48,70,0,170,0,0,0,170
11/02/2018,LEX,KY,ASO,CE,Combined TRACON& Tower with Radar,60,51,82,2,195,0,2,15,0,17,60,53,97,2,212,40,0,40,252
11/03/2018,LEX,KY,ASO,CE,Combined TRACON& Tower with Radar,41,61,89,2,193,0,14,89,2,105,41,75,178,4,298,32,0,32,330
11/04/2018,LEX,KY,ASO,CE,Combined TRACON& Tower with Radar,53,60,98,2,213,0,12,63,2,77,53,72,161,4,290,0,20,20,310
11/05/2018,LEX,KY,ASO,CE,Combined TRACON& Tower with Radar,55,41,66,0,162,0,5,28,0,33,55,46,94,0,195,60,0,60,255
11/06/2018,LEX,KY,ASO,CE,Combined TRACON& Tower with Radar,50,45,61,19,175,0,8,37,1,46,50,53,98,20,221,12,0,12,233
11/07/2018,LEX,KY,ASO,CE,Combined TRACON& Tower with Radar,49,29,82,2,162,0,8,74,2,84,49,37,156,4,246,34,0,34,280
11/08/2018,LEX,KY,ASO,CE,Combined TRACON& Tower with Radar,60,36,60,0,156,0,7,53,0,60,60,43,113,0,216,18,0,18,234
11/09/2018,LEX,KY,ASO,CE,Combined TRACON& Tower with Radar,56,37,50,1,144,0,1,2,0,3,56,38,52,1,147,0,0,0,147
11/10/2018,LEX,KY,ASO,CE,Combined TRACON& Tower with Radar,45,28,40,2,115,0,16,81,0,97,45,44,121,2,212,0,0,0,212
11/11/2018,LEX,KY,ASO,CE,Combined TRACON& Tower with Radar,54,34,59,0,147,0,19,84,0,103,54,53,143,0,250,24,0,24,274
11/12/2018,LEX,KY,ASO,CE,Combined TRACON& Tower with Radar,53,28,24,0,105,0,2,19,0,21,53,30,43,0,126,20,0,20,146
11/13/2018,LEX,KY,ASO,CE,Combined TRACON& Tower with Radar,52,30,28,0,110,0,0,3,0,3,52,30,31,0,113,0,0,0,113
11/14/2018,LEX,KY,ASO,CE,Combined TRACON& Tower with Radar,52,31,45,1,129,0,2,37,3,42,52,33,82,4,171,4,0,4,175
11/15/2018,LEX,KY,ASO,CE,Combined TRACON& Tower with Radar,54,30,39,0,123,0,0,0,0,0,54,30,39,0,123,0,0,0,123
11/16/2018,LEX,KY,ASO,CE,Combined TRACON& Tower with Radar,57,36,70,1,164,0,4,49,0,53,57,40,119,1,217,23,0,23,240
11/17/2018,LEX,KY,ASO,CE,Combined TRACON& Tower with Radar,40,29,38,1,108,0,3,38,0,41,40,32,76,1,149,12,0,12,161
11/18/2018,LEX,KY,ASO,CE,Combined TRACON& Tower with Radar,52,29,43,0,124,0,15,49,0,64,52,44,92,0,188,20,0,20,208
11/19/2018,LEX,KY,ASO,CE,Combined TRACON& Tower with Radar,50,25,31,13,119,0,5,3,0,8,50,30,34,13,127,14,14,28,155
11/20/2018,LEX,KY,ASO,CE,Combined TRACON& Tower with Radar,57,33,30,12,132,0,1,11,3,15,57,34,41,15,147,18,0,18,165
11/21/2018,LEX,KY,ASO,CE,Combined TRACON& Tower with Radar,64,39,46,1,150,0,6,76,2,84,64,45,122,3,234,20,0,20,254
11/22/2018,LEX,KY,ASO,CE,Combined TRACON& Tower with Radar,24,9,6,0,39,0,14,34,0,48,24,23,40,0,87,16,0,16,103
11/23/2018,LEX,KY,ASO,CE,Combined TRACON& Tower with Radar,29,23,38,0,90,0,2,60,0,62,29,25,98,0,152,27,0,27,179
11/24/2018,LEX,KY,ASO,CE,Combined TRACON& Tower with Radar,54,28,35,0,117,0,4,12,0,16,54,32,47,0,133,0,0,0,133
11/25/2018,LEX,KY,ASO,CE,Combined TRACON& Tower with Radar,61,34,56,0,151,0,6,21,0,27,61,40,77,0,178,54,0,54,232
11/26/2018,LEX,KY,ASO,CE,Combined TRACON& Tower with Radar,51,23,19,0,93,0,0,2,0,2,51,23,21,0,95,0,0,0,95
11/27/2018,LEX,KY,ASO,CE,Combined TRACON& Tower with Radar,48,26,18,0,92,0,1,2,0,3,48,27,20,0,95,0,0,0,95
11/28/2018,LEX,KY,ASO,CE,Combined TRACON& Tower with Radar,48,34,56,10,148,0,6,76,6,88,48,40,132,16,236,22,14,36,272
11/29/2018,LEX,KY,ASO,CE,Combined TRACON& Tower with Radar,51,32,42,2,127,0,6,18,0,24,51,38,60,2,151,18,0,18,169
11/30/2018,LEX,KY,ASO,CE,Combined TRACON& Tower with Radar,46,41,41,0,128,0,0,0,0,0,46,41,41,0,128,0,0,0,128
12/01/2018,LEX,KY,ASO,CE,Combined TRACON& Tower with Radar,31,28,13,0,72,0,2,0,0,2,31,30,13,0,74,0,0,0,74
12/02/2018,LEX,KY,ASO,CE,Combined TRACON& Tower with Radar,47,36,33,0,116,0,7,15,0,22,47,43,48,0,138,21,0,21,159
12/03/2018,LEX,KY,ASO,CE,Combined TRACON& Tower with Radar,44,31,38,0,113,0,5,29,0,34,44,36,67,0,147,0,0,0,147
12/04/2018,LEX,KY,ASO,CE,Combined TRACON& Tower with Radar,41,33,34,2,110,0,0,6,0,6,41,33,40,2,116,0,0,0,116
12/05/2018,LEX,KY,ASO,CE,Combined TRACON& Tower with Radar,45,43,38,0,126,0,4,21,0,25,45,47,59,0,151,20,0,20,171
12/06/2018,LEX,KY,ASO,CE,Combined TRACON& Tower with Radar,48,38,52,2,140,0,12,71,0,83,48,50,123,2,223,42,0,42,265
12/07/2018,LEX,KY,ASO,CE,Combined TRACON& Tower with Radar,52,34,63,6,155,0,6,54,0,60,52,40,117,6,215,22,0,22,237
12/08/2018,LEX,KY,ASO,CE,Combined TRACON& Tower with Radar,26,27,27,0,80,0,12,46,0,58,26,39,73,0,138,14,0,14,152
12/09/2018,LEX,KY,ASO,CE,Combined TRACON& Tower with Radar,38,28,24,0,90,0,2,31,0,33,38,30,55,0,123,48,0,48,171
12/10/2018,LEX,KY,ASO,CE,Combined TRACON& Tower with Radar,38,31,45,2,116,0,10,54,0,64,38,41,99,2,180,40,0,40,220
12/11/2018,LEX,KY,ASO,CE,Combined TRACON& Tower with Radar,41,37,68,7,153,0,4,71,3,78,41,41,139,10,231,8,12,20,251
12/12/2018,LEX,KY,ASO,CE,Combined TRACON& Tower with Radar,45,40,43,2,130,0,6,63,2,71,45,46,106,4,201,49,0,49,250
12/13/2018,LEX,KY,ASO,CE,Combined TRACON& Tower with Radar,48,46,67,6,167,0,14,34,4,52,48,60,101,10,219,4,0,4,223
12/14/2018,LEX,KY,ASO,CE,Combined TRACON& Tower with Radar,47,43,49,0,139,0,0,17,0,17,47,43,66,0,156,28,0,28,184
12/15/2018,LEX,KY,ASO,CE,Combined TRACON& Tower with Radar,25,33,36,0,94,0,0,0,0,0,25,33,36,0,94,0,0,0,94
12/16/2018,LEX,KY,ASO,CE,Combined TRACON& Tower with Radar,47,34,33,0,114,0,0,0,0,0,47,34,33,0,114,0,0,0,114
12/17/2018,LEX,KY,ASO,CE,Combined TRACON& Tower with Radar,44,35,50,3,132,0,4,85,1,90,44,39,135,4,222,38,0,38,260
12/18/2018,LEX,KY,ASO,CE,Combined TRACON& Tower with Radar,42,40,66,3,151,0,4,78,1,83,42,44,144,4,234,64,0,64,298
12/19/2018,LEX,KY,ASO,CE,Combined TRACON& Tower with Radar,42,34,73,7,156,0,5,94,1,100,42,39,167,8,256,49,0,49,305
12/20/2018,LEX,KY,ASO,CE,Combined TRACON& Tower with Radar,49,31,37,0,117,0,3,2,0,5,49,34,39,0,122,0,0,0,122
12/21/2018,LEX,KY,ASO,CE,Combined TRACON& Tower with Radar,39,34,20,0,93,0,0,0,0,0,39,34,20,0,93,0,0,0,93
12/22/2018,LEX,KY,ASO,CE,Combined TRACON& Tower with Radar,39,38,32,0,109,0,10,31,0,41,39,48,63,0,150,45,0,45,195
12/23/2018,LEX,KY,ASO,CE,Combined TRACON& Tower with Radar,36,30,21,0,87,0,4,7,0,11,36,34,28,0,98,0,0,0,98
12/24/2018,LEX,KY,ASO,CE,Combined TRACON& Tower with Radar,26,19,17,0,62,0,11,42,0,53,26,30,59,0,115,0,0,0,115
12/25/2018,LEX,KY,ASO,CE,Combined TRACON& Tower with Radar,22,27,10,0,59,0,17,20,0,37,22,44,30,0,96,0,0,0,96
12/26/2018,LEX,KY,ASO,CE,Combined TRACON& Tower with Radar,34,41,47,0,122,0,14,58,0,72,34,55,105,0,194,18,0,18,212
12/27/2018,LEX,KY,ASO,CE,Combined TRACON& Tower with Radar,32,37,30,1,100,0,3,2,1,6,32,40,32,2,106,0,0,0,106
12/28/2018,LEX,KY,ASO,CE,Combined TRACON& Tower with Radar,34,30,36,0,100,0,1,13,0,14,34,31,49,0,114,0,0,0,114
12/29/2018,LEX,KY,ASO,CE,Combined TRACON& Tower with Radar,35,39,27,0,101,0,4,22,0,26,35,43,49,0,127,0,0,0,127
12/30/2018,LEX,KY,ASO,CE,Combined TRACON& Tower with Radar,39,34,31,0,104,0,3,70,0,73,39,37,101,0,177,0,0,0,177
12/31/2018,LEX,KY,ASO,CE,Combined TRACON& Tower with Radar,27,23,1,0,51,0,1,0,0,1,27,24,1,0,52,6,0,6,58
01/01/2019,LEX,KY,ASO,CE,Combined TRACON& Tower with Radar,29,29,38,0,96,0,0,2,0,2,29,29,40,0,98,24,0,24,122
01/02/2019,LEX,KY,ASO,CE,Combined TRACON& Tower with Radar,35,31,42,0,108,0,1,4,0,5,35,32,46,0,113,0,0,0,113
01/03/2019,LEX,KY,ASO,CE,Combined TRACON& Tower with Radar,30,37,52,17,136,0,0,44,3,47,30,37,96,20,183,62,0,62,245
01/04/2019,LEX,KY,ASO,CE,Combined TRACON& Tower with Radar,32,31,34,0,97,0,1,12,0,13,32,32,46,0,110,0,0,0,110
01/05/2019,LEX,KY,ASO,CE,Combined TRACON& Tower with Radar,37,32,35,0,104,0,5,77,0,82,37,37,112,0,186,46,0,46,232
01/06/2019,LEX,KY,ASO,CE,Combined TRACON& Tower with Radar,45,26,36,0,107,0,3,75,0,78,45,29,111,0,185,26,0,26,211
01/07/2019,LEX,KY,ASO,CE,Combined TRACON& Tower with Radar,47,27,31,3,108,0,2,21,1,24,47,29,52,4,132,0,0,0,132
01/08/2019,LEX,KY,ASO,CE,Combined TRACON& Tower with Radar,38,33,32,5,108,0,4,17,3,24,38,37,49,8,132,12,10,22,154
01/09/2019,LEX,KY,ASO,CE,Combined TRACON& Tower with Radar,38,36,33,0,107,0,9,17,3,29,38,45,50,3,136,28,0,28,164
01/10/2019,LEX,KY,ASO,CE,Combined TRACON& Tower with Radar,46,27,34,1,108,0,3,44,1,48,46,30,78,2,156,24,0,24,180
01/11/2019,LEX,KY,ASO,CE,Combined TRACON& Tower with Radar,43,33,64,2,142,0,13,67,0,80,43,46,131,2,222,12,0,12,234
01/12/2019,LEX,KY,ASO,CE,Combined TRACON& Tower with Radar,35,21,14,0,70,0,0,2,0,2,35,21,16,0,72,30,0,30,102
01/13/2019,LEX,KY,ASO,CE,Combined TRACON& Tower with Radar,45,29,13,0,87,0,0,0,0,0,45,29,13,0,87,0,0,0,87
01/14/2019,LEX,KY,ASO,CE,Combined TRACON& Tower with Radar,45,40,24,0,109,0,0,0,0,0,45,40,24,0,109,0,0,0,109
01/15/2019,LEX,KY,ASO,CE,Combined TRACON& Tower with Radar,37,35,29,7,108,0,0,11,9,20,37,35,40,16,128,16,2,18,146
01/16/2019,LEX,KY,ASO,CE,Combined TRACON& Tower with Radar,43,37,26,2,108,0,0,5,2,7,43,37,31,4,115,12,0,12,127
01/17/2019,LEX,KY,ASO,CE,Combined TRACON& Tower with Radar,42,29,38,0,109,0,0,2,0,2,42,29,40,0,111,0,0,0,111
01/18/2019,LEX,KY,ASO,CE,Combined TRACON& Tower with Radar,42,42,39,0,123,0,2,11,0,13,42,44,50,0,136,48,0,48,184
01/19/2019,LEX,KY,ASO,CE,Combined TRACON& Tower with Radar,35,19,4,0,58,0,0,0,0,0,35,19,4,0,58,0,0,0,58
01/20/2019,LEX,KY,ASO,CE,Combined TRACON& Tower with Radar,28,28,17,0,73,0,3,14,0,17,28,31,31,0,90,20,0,20,110
01/21/2019,LEX,KY,ASO,CE,Combined TRACON& Tower with Radar,41,39,40,0,120,0,10,67,0,77,41,49,107,0,197,40,0,40,237
01/22/2019,LEX,KY,ASO,CE,Combined TRACON& Tower with Radar,35,30,48,4,117,0,6,26,4,36,35,36,74,8,153,14,0,14,167
01/23/2019,LEX,KY,ASO,CE,Combined TRACON& Tower with Radar,35,25,40,0,100,0,0,0,0,0,35,25,40,0,100,0,0,0,100
01/24/2019,LEX,KY,ASO,CE,Combined TRACON& Tower with Radar,39,43,40,4,126,0,2,16,0,18,39,45,56,4,144,22,0,22,166
01/25/2019,LEX,KY,ASO,CE,Combined TRACON& Tower with Radar,50,34,45,3,132,0,6,78,2,86,50,40,123,5,218,0,0,0,218
01/26/2019,LEX,KY,ASO,CE,Combined TRACON& Tower with Radar,34,42,39,0,115,0,5,24,0,29,34,47,63,0,144,12,0,12,156
01/27/2019,LEX,KY,ASO,CE,Combined TRACON& Tower with Radar,42,34,28,0,104,0,0,53,0,53,42,34,81,0,157,28,0,28,185
01/28/2019,LEX,KY,ASO,CE,Combined TRACON& Tower with Radar,41,26,33,2,102,0,3,20,2,25,41,29,53,4,127,0,0,0,127
01/29/2019,LEX,KY,ASO,CE,Combined TRACON& Tower with Radar,30,30,25,0,85,0,4,9,2,15,30,34,34,2,100,0,0,0,100
01/30/2019,LEX,KY,ASO,CE,Combined TRACON& Tower with Radar,36,23,27,0,86,0,7,4,2,13,36,30,31,2,99,6,0,6,105
01/31/2019,LEX,KY,ASO,CE,Combined TRACON& Tower with Radar,47,28,43,5,123,0,6,41,7,54,47,34,84,12,177,6,0,6,183
02/01/2019,LEX,KY,ASO,CE,Combined TRACON& Tower with Radar,46,30,32,0,108,0,2,0,0,2,46,32,32,0,110,0,0,0,110
02/02/2019,LEX,KY,ASO,CE,Combined TRACON& Tower with Radar,33,25,38,0,96,0,2,54,0,56,33,27,92,0,152,52,0,52,204
02/03/2019,LEX,KY,ASO,CE,Combined TRACON& Tower with Radar,27,26,26,0,79,0,11,85,0,96,27,37,111,0,175,40,0,40,215
02/04/2019,LEX,KY,ASO,CE,Combined TRACON& Tower with Radar,45,30,35,1,111,0,8,21,1,30,45,38,56,2,141,6,0,6,147
02/05/2019,LEX,KY,ASO,CE,Combined TRACON& Tower with Radar,40,36,67,10,153,0,2,6,0,8,40,38,73,10,161,14,14,28,189
02/06/2019,LEX,KY,ASO,CE,Combined TRACON& Tower with Radar,38,35,42,0,115,0,0,3,0,3,38,35,45,0,118,0,0,0,118
02/07/2019,LEX,KY,ASO,CE,Combined TRACON& Tower with Radar,43,32,47,8,130,0,0,4,0,4,43,32,51,8,134,0,14,14,148
02/08/2019,LEX,KY,ASO,CE,Combined TRACON& Tower with Radar,43,43,52,2,140,0,4,57,0,61,43,47,109,2,201,4,0,4,205
02/09/2019,LEX,KY,ASO,CE,Combined TRACON& Tower with Radar,32,24,23,8,87,0,9,84,1,94,32,33,107,9,181,62,4,66,247
02/10/2019,LEX,KY,ASO,CE,Combined TRACON& Tower with Radar,38,34,24,0,96,0,4,6,0,10,38,38,30,0,106,0,0,0,106
02/11/2019,LEX,KY,ASO,CE,Combined TRACON& Tower with Radar,45,37,32,2,116,0,0,0,0,0,45,37,32,2,116,0,0,0,116
02/12/2019,LEX,KY,ASO,CE,Combined TRACON& Tower with Radar,36,33,34,0,103,0,1,2,0,3,36,34,36,0,106,2,0,2,108
02/13/2019,LEX,KY,ASO,CE,Combined TRACON& Tower with Radar,38,41,63,4,146,0,6,53,1,60,38,47,116,5,206,14,0,14,220
02/14/2019,LEX,KY,ASO,CE,Combined TRACON& Tower with Radar,45,39,47,0,131,0,4,14,0,18,45,43,61,0,149,0,0,0,149
02/15/2019,LEX,KY,ASO,CE,Combined TRACON& Tower with Radar,42,36,34,0,112,0,9,29,0,38,42,45,63,0,150,33,0,33,183
02/16/2019,LEX,KY,ASO,CE,Combined TRACON& Tower with Radar,35,37,68,0,140,0,5,69,0,74,35,42,137,0,214,18,0,18,232
02/17/2019,LEX,KY,ASO,CE,Combined TRACON& Tower with Radar,30,31,27,0,88,0,0,2,0,2,30,31,29,0,90,0,0,0,90
02/18/2019,LEX,KY,ASO,CE,Combined TRACON& Tower with Radar,43,31,40,0,114,0,4,25,0,29,43,35,65,0,143,22,0,22,165
02/19/2019,LEX,KY,ASO,CE,Combined TRACON& Tower with Radar,36,39,40,0,115,0,0,58,0,58,36,39,98,0,173,26,0,26,199
02/20/2019,LEX,KY,ASO,CE,Combined TRACON& Tower with Radar,50,32,28,0,110,0,0,0,0,0,50,32,28,0,110,0,0,0,110
02/21/2019,LEX,KY,ASO,CE,Combined TRACON& Tower with Radar,48,35,60,15,158,0,4,72,0,76,48,39,132,15,234,16,0,16,250
02/22/2019,LEX,KY,ASO,CE,Combined TRACON& Tower with Radar,46,33,44,1,124,0,2,28,0,30,46,35,72,1,154,6,0,6,160
02/23/2019,LEX,KY,ASO,CE,Combined TRACON& Tower with Radar,29,23,21,0,73,0,1,0,0,1,29,24,21,0,74,0,0,0,74
02/24/2019,LEX,KY,ASO,CE,Combined TRACON& Tower with Radar,40,27,18,0,85,0,3,9,3,15,40,30,27,3,100,0,0,0,100
02/25/2019,LEX,KY,ASO,CE,Combined TRACON& Tower with Radar,47,32,48,0,127,0,13,77,3,93,47,45,125,3,220,16,0,16,236
02/26/2019,LEX,KY,ASO,CE,Combined TRACON& Tower with Radar,38,37,46,2,123,0,4,81,2,87,38,41,127,4,210,50,0,50,260
02/27/2019,LEX,KY,ASO,CE,Combined TRACON& Tower with Radar,42,36,70,5,153,0,6,80,8,94,42,42,150,13,247,90,0,90,337
02/28/2019,LEX,KY,ASO,CE,Combined TRACON& Tower with Radar,41,41,35,0,117,0,2,5,0,7,41,43,40,0,124,0,0,0,124
03/01/2019,LEX,KY,ASO,CE,Combined TRACON& Tower with Radar,44,40,42,0,126,0,0,0,0,0,44,40,42,0,126,0,0,0,126
03/02/2019,LEX,KY,ASO,CE,Combined TRACON& Tower with Radar,38,35,21,0,94,0,0,9,0,9,38,35,30,0,103,50,0,50,153
03/03/2019,LEX,KY,ASO,CE,Combined TRACON& Tower with Radar,41,38,19,0,98,0,0,0,0,0,41,38,19,0,98,0,0,0,98
03/04/2019,LEX,KY,ASO,CE,Combined TRACON& Tower with Radar,43,44,51,2,140,0,6,50,0,56,43,50,101,2,196,6,0,6,202
03/05/2019,LEX,KY,ASO,CE,Combined TRACON& Tower with Radar,43,42,42,14,141,0,6,64,4,74,43,48,106,18,215,44,16,60,275
03/06/2019,LEX,KY,ASO,CE,Combined TRACON& Tower with Radar,43,43,49,4,139,0,8,82,6,96,43,51,131,10,235,40,6,46,281
03/07/2019,LEX,KY,ASO,CE,Combined TRACON& Tower with Radar,46,32,41,1,120,0,5,44,3,52,46,37,85,4,172,0,0,0,172
03/08/2019,LEX,KY,ASO,CE,Combined TRACON& Tower with Radar,44,47,29,3,123,0,2,3,0,5,44,49,32,3,128,0,0,0,128
03/09/2019,LEX,KY,ASO,CE,Combined TRACON& Tower with Radar,35,34,11,0,80,0,0,0,0,0,35,34,11,0,80,0,0,0,80
03/10/2019,LEX,KY,ASO,CE,Combined TRACON& Tower with Radar,40,30,28,0,98,0,12,49,0,61,40,42,77,0,159,14,0,14,173
03/11/2019,LEX,KY,ASO,CE,Combined TRACON& Tower with Radar,48,48,50,7,153,0,0,66,3,69,48,48,116,10,222,10,0,10,232
03/12/2019,LEX,KY,ASO,CE,Combined TRACON& Tower with Radar,46,47,82,7,182,0,9,95,0,104,46,56,177,7,286,50,0,50,336
03/13/2019,LEX,KY,ASO,CE,Combined TRACON& Tower with Radar,46,33,60,4,143,0,14,53,3,70,46,47,113,7,213,10,4,14,227
03/14/2019,LEX,KY,ASO,CE,Combined TRACON& Tower with Radar,45,44,24,1,114,0,0,3,1,4,45,44,27,2,118,0,0,0,118
03/15/2019,LEX,KY,ASO,CE,Combined TRACON& Tower with Radar,44,38,40,1,123,0,7,38,0,45,44,45,78,1,168,0,0,0,168
03/16/2019,LEX,KY,ASO,CE,Combined TRACON& Tower with Radar,35,33,48,1,117,0,8,77,0,85,35,41,125,1,202,44,0,44,246
03/17/2019,LEX,KY,ASO,CE,Combined TRACON& Tower with Radar,44,53,43,0,140,0,6,76,0,82,44,59,119,0,222,28,0,28,250
03/18/2019,LEX,KY,ASO,CE,Combined TRACON& Tower with Radar,44,40,37,0,121,0,5,46,0,51,44,45,83,0,172,28,0,28,200
03/19/2019,LEX,KY,ASO,CE,Combined TRACON& Tower with Radar,45,41,46,2,134,0,6,77,0,83,45,47,123,2,217,89,0,89,306
03/20/2019,LEX,KY,ASO,CE,Combined TRACON& Tower with Radar,42,36,49,10,137,0,12,80,6,98,42,48,129,16,235,20,14,34,269
03/21/2019,LEX,KY,ASO,CE,Combined TRACON& Tower with Radar,47,38,52,0,137,0,10,7,0,17,47,48,59,0,154,16,0,16,170
03/22/2019,LEX,KY,ASO,CE,Combined TRACON& Tower with Radar,47,43,22,8,120,0,11,42,2,55,47,54,64,10,175,0,0,0,175
03/23/2019,LEX,KY,ASO,CE,Combined TRACON& Tower with Radar,36,34,41,5,116,0,8,116,2,126,36,42,157,7,242,26,0,26,268
03/24/2019,LEX,KY,ASO,CE,Combined TRACON& Tower with Radar,44,32,55,1,132,0,2,33,6,41,44,34,88,7,173,18,0,18,191
03/25/2019,LEX,KY,ASO,CE,Combined TRACON& Tower with Radar,44,33,43,0,120,0,2,2,0,4,44,35,45,0,124,0,0,0,124
03/26/2019,LEX,KY,ASO,CE,Combined TRACON& Tower with Radar,47,38,48,0,133,0,8,107,1,116,47,46,155,1,249,38,0,38,287
03/27/2019,LEX,KY,ASO,CE,Combined TRACON& Tower with Radar,47,37,49,1,134,0,10,101,2,113,47,47,150,3,247,33,0,33,280
03/28/2019,LEX,KY,ASO,CE,Combined TRACON& Tower with Radar,46,48,57,0,151,0,8,54,4,66,46,56,111,4,217,4,0,4,221
03/29/2019,LEX,KY,ASO,CE,Combined TRACON& Tower with Radar,45,42,60,0,147,0,18,28,0,46,45,60,88,0,193,32,0,32,225
03/30/2019,LEX,KY,ASO,CE,Combined TRACON& Tower with Radar,33,39,26,0,98,0,4,12,4,20,33,43,38,4,118,0,0,0,118
03/31/2019,LEX,KY,ASO,CE,Combined TRACON& Tower with Radar,47,40,41,0,128,0,4,25,2,31,47,44,66,2,159,0,0,0,159
04/01/2019,LEX,KY,ASO,CE,Combined TRACON& Tower with Radar,44,31,33,0,108,0,8,77,0,85,44,39,110,0,193,25,0,25,218
04/02/2019,LEX,KY,ASO,CE,Combined TRACON& Tower with Radar,60,32,36,4,132,0,11,46,3,60,60,43,82,7,192,0,0,0,192
04/03/2019,LEX,KY,ASO,CE,Combined TRACON& Tower with Radar,45,32,44,6,127,0,8,78,0,86,45,40,122,6,213,32,6,38,251
04/04/2019,LEX,KY,ASO,CE,Combined TRACON& Tower with Radar,44,48,54,5,151,0,17,61,2,80,44,65,115,7,231,44,0,44,275
04/05/2019,LEX,KY,ASO,CE,Combined TRACON& Tower with Radar,50,39,75,0,164,0,4,9,0,13,50,43,84,0,177,0,0,0,177
04/06/2019,LEX,KY,ASO,CE,Combined TRACON& Tower with Radar,35,55,61,12,163,0,6,65,8,79,35,61,126,20,242,0,20,20,262
04/07/2019,LEX,KY,ASO,CE,Combined TRACON& Tower with Radar,43,44,45,0,132,0,7,4,0,11,43,51,49,0,143,0,0,0,143
04/08/2019,LEX,KY,ASO,CE,Combined TRACON& Tower with Radar,46,35,42,1,124,0,7,16,1,24,46,42,58,2,148,14,0,14,162
04/09/2019,LEX,KY,ASO,CE,Combined TRACON& Tower with Radar,52,43,58,2,155,0,10,82,2,94,52,53,140,4,249,32,0,32,281
04/10/2019,LEX,KY,ASO,CE,Combined TRACON& Tower with Radar,45,34,71,2,152,0,14,113,4,131,45,48,184,6,283,34,0,34,317
04/11/2019,LEX,KY,ASO,CE,Combined TRACON& Tower with Radar,50,42,51,0,143,0,8,34,4,46,50,50,85,4,189,4,0,4,193
04/12/2019,LEX,KY,ASO,CE,Combined TRACON& Tower with Radar,52,39,64,0,155,0,0,20,2,22,52,39,84,2,177,0,0,0,177
04/13/2019,LEX,KY,ASO,CE,Combined TRACON& Tower with Radar,35,46,38,0,119,0,13,69,2,84,35,59,107,2,203,0,0,0,203
04/14/2019,LEX,KY,ASO,CE,Combined TRACON& Tower with Radar,45,41,32,0,118,0,0,0,0,0,45,41,32,0,118,0,0,0,118
04/15/2019,LEX,KY,ASO,CE,Combined TRACON& Tower with Radar,48,34,40,0,122,0,12,31,0,43,48,46,71,0,165,0,0,0,165
04/16/2019,LEX,KY,ASO,CE,Combined TRACON& Tower with Radar,46,46,50,0,142,0,9,89,3,101,46,55,139,3,243,46,0,46,289
04/17/2019,LEX,KY,ASO,CE,Combined TRACON& Tower with Radar,48,39,65,1,153,0,5,77,1,83,48,44,142,2,236,54,0,54,290
04/18/2019,LEX,KY,ASO,CE,Combined TRACON& Tower with Radar,50,50,41,33,174,0,3,15,0,18,50,53,56,33,192,0,6,6,198
04/19/2019,LEX,KY,ASO,CE,Combined TRACON& Tower with Radar,50,26,34,7,117,0,0,0,0,0,50,26,34,7,117,0,0,0,117
04/20/2019,LEX,KY,ASO,CE,Combined TRACON& Tower with Radar,33,36,27,0,96,0,2,0,0,2,33,38,27,0,98,0,0,0,98
04/21/2019,LEX,KY,ASO,CE,Combined TRACON& Tower with Radar,45,28,31,6,110,0,10,36,0,46,45,38,67,6,156,20,0,20,176
04/22/2019,LEX,KY,ASO,CE,Combined TRACON& Tower with Radar,44,39,56,0,139,0,8,71,3,82,44,47,127,3,221,30,0,30,251
04/23/2019,LEX,KY,ASO,CE,Combined TRACON& Tower with Radar,46,38,54,0,138,0,4,42,3,49,46,42,96,3,187,56,0,56,243
04/24/2019,LEX,KY,ASO,CE,Combined TRACON& Tower with Radar,50,41,80,3,174,0,2,41,1,44,50,43,121,4,218,58,0,58,276
04/25/2019,LEX,KY,ASO,CE,Combined TRACON& Tower with Radar,50,59,44,5,158,0,2,23,1,26,50,61,67,6,184,20,0,20,204
04/26/2019,LEX,KY,ASO,CE,Combined TRACON& Tower with Radar,47,35,58,7,147,0,6,9,3,18,47,41,67,10,165,0,0,0,165
04/27/2019,LEX,KY,ASO,CE,Combined TRACON& Tower with Radar,39,39,38,0,116,0,11,69,0,80,39,50,107,0,196,5,0,5,201
04/28/2019,LEX,KY,ASO,CE,Combined TRACON& Tower with Radar,46,53,71,4,174,0,4,15,0,19,46,57,86,4,193,16,0,16,209
04/29/2019,LEX,KY,ASO,CE,Combined TRACON& Tower with Radar,46,32,55,0,133,0,7,73,2,82,46,39,128,2,215,62,0,62,277
04/30/2019,LEX,KY,ASO,CE,Combined TRACON& Tower with Radar,39,36,71,0,146,0,12,100,0,112,39,48,171,0,258,50,0,50,308
05/01/2019,LEX,KY,ASO,CE,Combined TRACON& Tower with Radar,43,47,48,1,139,0,8,33,1,42,43,55,81,2,181,10,0,10,191
05/02/2019,LEX,KY,ASO,CE,Combined TRACON& Tower with Radar,50,62,84,1,197,0,0,16,2,18,50,62,100,3,215,0,0,0,215
05/03/2019,LEX,KY,ASO,CE,Combined TRACON& Tower with Radar,48,48,52,3,151,0,2,17,2,21,48,50,69,5,172,2,0,2,174
05/04/2019,LEX,KY,ASO,CE,Combined TRACON& Tower with Radar,30,33,44,0,107,0,1,0,0,1,30,34,44,0,108,0,0,0,108
05/05/2019,LEX,KY,ASO,CE,Combined TRACON& Tower with Radar,52,70,103,1,226,0,4,33,0,37,52,74,136,1,263,20,0,20,283
05/06/2019,LEX,KY,ASO,CE,Combined TRACON& Tower with Radar,41,48,57,11,157,0,7,89,6,102,41,55,146,17,259,43,0,43,302
05/07/2019,LEX,KY,ASO,CE,Combined TRACON& Tower with Radar,38,47,41,3,129,0,6,70,2,78,38,53,111,5,207,50,0,50,257
05/08/2019,LEX,KY,ASO,CE,Combined TRACON& Tower with Radar,42,53,66,2,163,0,11,94,0,105,42,64,160,2,268,26,0,26,294
05/09/2019,LEX,KY,ASO,CE,Combined TRACON& Tower with Radar,41,59,57,2,159,0,6,15,4,25,41,65,72,6,184,0,0,0,184
05/10/2019,LEX,KY,ASO,CE,Combined TRACON& Tower with Radar,45,59,68,2,174,0,4,13,0,17,45,63,81,2,191,18,0,18,209
05/11/2019,LEX,KY,ASO,CE,Combined TRACON& Tower with Radar,25,33,33,5,96,0,4,24,1,29,25,37,57,6,125,24,0,24,149
05/12/2019,LEX,KY,ASO,CE,Combined TRACON& Tower with Radar,41,46,26,12,125,0,1,0,0,1,41,47,26,12,126,0,0,0,126
05/13/2019,LEX,KY,ASO,CE,Combined TRACON& Tower with Radar,43,45,50,0,138,0,3,35,1,39,43,48,85,1,177,20,0,20,197
05/14/2019,LEX,KY,ASO,CE,Combined TRACON& Tower with Radar,43,57,77,2,179,0,5,102,2,109,43,62,179,4,288,48,0,48,336
05/15/2019,LEX,KY,ASO,CE,Combined TRACON& Tower with Radar,44,45,77,0,166,0,7,87,3,97,44,52,164,3,263,12,0,12,275
05/16/2019,LEX,KY,ASO,CE,Combined TRACON& Tower with Radar,43,49,64,2,158,0,5,88,4,97,43,54,152,6,255,38,0,38,293
05/17/2019,LEX,KY,ASO,CE,Combined TRACON& Tower with Radar,44,43,57,6,150,0,8,63,1,72,44,51,120,7,222,16,0,16,238
05/18/2019,LEX,KY,ASO,CE,Combined TRACON& Tower with Radar,34,40,49,4,127,0,8,92,7,107,34,48,141,11,234,62,0,62,296
05/19/2019,LEX,KY,ASO,CE,Combined TRACON& Tower with Radar,40,49,50,0,139,0,9,16,2,27,40,58,66,2,166,4,0,4,170
05/20/2019,LEX,KY,ASO,CE,Combined TRACON& Tower with Radar,44,45,51,0,140,0,9,64,0,73,44,54,115,0,213,20,0,20,233
05/21/2019,LEX,KY,ASO,CE,Combined TRACON& Tower with Radar,41,60,42,5,148,0,2,62,1,65,41,62,104,6,213,5,0,5,218
05/22/2019,LEX,KY,ASO,CE,Combined TRACON& Tower with Radar,44,42,32,2,120,0,10,30,3,43,44,52,62,5,163,32,0,32,195
05/23/2019,LEX,KY,ASO,CE,Combined TRACON& Tower with Radar,45,43,54,0,142,0,1,34,4,39,45,44,88,4,181,5,0,5,186
05/24/2019,LEX,KY,ASO,CE,Combined TRACON& Tower with Radar,46,45,54,0,145,0,8,76,0,84,46,53,130,0,229,12,0,12,241
05/25/2019,LEX,KY,ASO,CE,Combined TRACON& Tower with Radar,33,37,34,0,104,0,11,55,0,66,33,48,89,0,170,0,0,0,170
05/26/2019,LEX,KY,ASO,CE,Combined TRACON& Tower with Radar,33,34,13,0,80,0,4,32,0,36,33,38,45,0,116,22,0,22,138
05/27/2019,LEX,KY,ASO,CE,Combined TRACON& Tower with Radar,41,39,35,0,115,0,9,44,0,53,41,48,79,0,168,12,0,12,180
05/28/2019,LEX,KY,ASO,CE,Combined TRACON& Tower with Radar,40,43,49,7,139,0,11,63,3,77,40,54,112,10,216,10,0,10,226
05/29/2019,LEX,KY,ASO,CE,Combined TRACON& Tower with Radar,43,47,42,1,133,0,8,8,1,17,43,55,50,2,150,12,0,12,162
05/30/2019,LEX,KY,ASO,CE,Combined TRACON& Tower with Radar,45,37,28,1,111,0,2,13,0,15,45,39,41,1,126,71,0,71,197
05/31/2019,LEX,KY,ASO,CE,Combined TRACON& Tower with Radar,45,45,61,1,152,0,1,29,0,30,45,46,90,1,182,13,0,13,195
06/01/2019,LEX,KY,ASO,CE,Combined TRACON& Tower with Radar,39,39,49,0,127,0,5,93,4,102,39,44,142,4,229,48,0,48,277
06/02/2019,LEX,KY,ASO,CE,Combined TRACON& Tower with Radar,43,42,46,0,131,0,0,50,0,50,43,42,96,0,181,20,0,20,201
06/03/2019,LEX,KY,ASO,CE,Combined TRACON& Tower with Radar,43,42,55,0,140,0,3,98,2,103,43,45,153,2,243,30,0,30,273
06/04/2019,LEX,KY,ASO,CE,Combined TRACON& Tower with Radar,42,44,59,2,147,0,10,99,4,113,42,54,158,6,260,15,0,15,275
06/05/2019,LEX,KY,ASO,CE,Combined TRACON& Tower with Radar,44,43,51,0,138,0,2,30,2,34,44,45,81,2,172,4,0,4,176
06/06/2019,LEX,KY,ASO,CE,Combined TRACON& Tower with Radar,43,56,53,0,152,0,0,25,0,25,43,56,78,0,177,82,0,82,259
06/07/2019,LEX,KY,ASO,CE,Combined TRACON& Tower with Radar,40,49,52,1,142,0,1,2,0,3,40,50,54,1,145,0,0,0,145
06/08/2019,LEX,KY,ASO,CE,Combined TRACON& Tower with Radar,44,42,29,0,115,0,3,15,0,18,44,45,44,0,133,0,0,0,133
06/09/2019,LEX,KY,ASO,CE,Combined TRACON& Tower with Radar,34,56,63,1,154,0,2,3,2,7,34,58,66,3,161,0,0,0,161
06/10/2019,LEX,KY,ASO,CE,Combined TRACON& Tower with Radar,35,42,50,0,127,0,2,25,0,27,35,44,75,0,154,34,0,34,188
06/11/2019,LEX,KY,ASO,CE,Combined TRACON& Tower with Radar,47,44,55,0,146,0,5,133,2,140,47,49,188,2,286,72,0,72,358
06/12/2019,LEX,KY,ASO,CE,Combined TRACON& Tower with Radar,43,43,58,5,149,0,1,62,4,67,43,44,120,9,216,0,0,0,216
06/13/2019,LEX,KY,ASO,CE,Combined TRACON& Tower with Radar,42,49,59,4,154,0,2,37,0,39,42,51,96,4,193,38,0,38,231
06/14/2019,LEX,KY,ASO,CE,Combined TRACON& Tower with Radar,43,55,76,0,174,0,8,123,0,131,43,63,199,0,305,36,0,36,341
06/15/2019,LEX,KY,ASO,CE,Combined TRACON& Tower with Radar,38,41,38,0,117,0,8,18,4,30,38,49,56,4,147,15,0,15,162
06/16/2019,LEX,KY,ASO,CE,Combined TRACON& Tower with Radar,40,52,41,0,133,0,4,10,0,14,40,56,51,0,147,28,0,28,175
06/17/2019,LEX,KY,ASO,CE,Combined TRACON& Tower with Radar,41,54,39,1,135,0,2,28,0,30,41,56,67,1,165,16,0,16,181
06/18/2019,LEX,KY,ASO,CE,Combined TRACON& Tower with Radar,45,45,58,4,152,0,0,20,0,20,45,45,78,4,172,30,14,44,216
06/19/2019,LEX,KY,ASO,CE,Combined TRACON& Tower with Radar,39,46,52,3,140,0,1,14,4,19,39,47,66,7,159,48,0,48,207
06/20/2019,LEX,KY,ASO,CE,Combined TRACON& Tower with Radar,44,48,38,0,130,0,1,24,0,25,44,49,62,0,155,0,0,0,155
06/21/2019,LEX,KY,ASO,CE,Combined TRACON& Tower with Radar,44,43,73,0,160,0,7,70,2,79,44,50,143,2,239,12,0,12,251
06/22/2019,LEX,KY,ASO,CE,Combined TRACON& Tower with Radar,42,33,45,0,120,0,3,13,3,19,42,36,58,3,139,0,0,0,139
06/23/2019,LEX,KY,ASO,CE,Combined TRACON& Tower with Radar,38,41,39,0,118,0,1,35,0,36,38,42,74,0,154,30,0,30,184
06/24/2019,LEX,KY,ASO,CE,Combined TRACON& Tower with Radar,41,38,40,1,120,0,2,17,1,20,41,40,57,2,140,6,0,6,146
06/25/2019,LEX,KY,ASO,CE,Combined TRACON& Tower with Radar,44,43,60,9,156,0,8,103,3,114,44,51,163,12,270,12,0,12,282
06/26/2019,LEX,KY,ASO,CE,Combined TRACON& Tower with Radar,41,53,69,2,165,0,16,112,4,132,41,69,181,6,297,63,8,71,368
06/27/2019,LEX,KY,ASO,CE,Combined TRACON& Tower with Radar,49,49,51,1,150,0,4,95,1,100,49,53,146,2,250,56,0,56,306
06/28/2019,LEX,KY,ASO,CE,Combined TRACON& Tower with Radar,38,51,46,2,137,0,2,90,0,92,38,53,136,2,229,6,0,6,235
06/29/2019,LEX,KY,ASO,CE,Combined TRACON& Tower with Radar,39,47,44,4,134,0,5,89,4,98,39,52,133,8,232,6,0,6,238
06/30/2019,LEX,KY,ASO,CE,Combined TRACON& Tower with Radar,32,41,32,0,105,0,2,41,2,45,32,43,73,2,150,0,0,0,150
07/01/2019,LEX,KY,ASO,CE,Combined TRACON& Tower with Radar,35,38,38,2,113,0,6,80,1,87,35,44,118,3,200,132,0,132,332
07/02/2019,LEX,KY,ASO,CE,Combined TRACON& Tower with Radar,34,32,21,0,87,0,3,51,5,59,34,35,72,5,146,36,0,36,182
07/03/2019,LEX,KY,ASO,CE,Combined TRACON& Tower with Radar,34,36,32,0,102,0,3,52,0,55,34,39,84,0,157,18,0,18,175
07/04/2019,LEX,KY,ASO,CE,Combined TRACON& Tower with Radar,31,34,17,0,82,0,2,24,0,26,31,36,41,0,108,26,0,26,134
07/05/2019,LEX,KY,ASO,CE,Combined TRACON& Tower with Radar,29,29,32,0,90,0,2,54,0,56,29,31,86,0,146,43,0,43,189
07/06/2019,LEX,KY,ASO,CE,Combined TRACON& Tower with Radar,35,40,30,0,105,0,2,38,2,42,35,42,68,2,147,40,0,40,187
07/07/2019,LEX,KY,ASO,CE,Combined TRACON& Tower with Radar,46,36,55,4,141,0,2,52,2,56,46,38,107,6,197,40,0,40,237
07/08/2019,LEX,KY,ASO,CE,Combined TRACON& Tower with Radar,46,57,48,0,151,0,3,88,4,95,46,60,136,4,246,89,0,89,335
07/09/2019,LEX,KY,ASO,CE,Combined TRACON& Tower with Radar,50,45,78,1,174,0,8,96,5,109,50,53,174,6,283,67,0,67,350
07/10/2019,LEX,KY,ASO,CE,Combined TRACON& Tower with Radar,48,39,54,6,147,0,8,89,2,99,48,47,143,8,246,29,6,35,281
07/11/2019,LEX,KY,ASO,CE,Combined TRACON& Tower with Radar,47,36,64,1,148,0,4,52,1,57,47,40,116,2,205,73,0,73,278
07/12/2019,LEX,KY,ASO,CE,Combined TRACON& Tower with Radar,51,35,66,18,170,0,8,108,0,116,51,43,174,18,286,70,4,74,360
07/13/2019,LEX,KY,ASO,CE,Combined TRACON& Tower with Radar,46,34,33,16,129,0,5,108,4,117,46,39,141,20,246,72,12,84,330
07/14/2019,LEX,KY,ASO,CE,Combined TRACON& Tower with Radar,47,47,59,4,157,0,6,45,0,51,47,53,104,4,208,20,0,20,228
07/15/2019,LEX,KY,ASO,CE,Combined TRACON& Tower with Radar,45,40,19,0,104,0,4,30,0,34,45,44,49,0,138,0,0,0,138
07/16/2019,LEX,KY,ASO,CE,Combined TRACON& Tower with Radar,54,31,44,4,133,0,4,47,30,81,54,35,91,34,214,26,0,26,240
07/17/2019,LEX,KY,ASO,CE,Combined TRACON& Tower with Radar,46,38,33,2,119,0,0,11,8,19,46,38,44,10,138,28,0,28,166
07/18/2019,LEX,KY,ASO,CE,Combined TRACON& Tower with Radar,56,43,63,6,168,0,3,55,4,62,56,46,118,10,230,41,0,41,271
07/19/2019,LEX,KY,ASO,CE,Combined TRACON& Tower with Radar,45,45,60,14,164,0,4,70,0,74,45,49,130,14,238,62,0,62,300
07/20/2019,LEX,KY,ASO,CE,Combined TRACON& Tower with Radar,43,41,34,11,129,0,10,51,2,63,43,51,85,13,192,28,5,33,225
07/21/2019,LEX,KY,ASO,CE,Combined TRACON& Tower with Radar,43,41,36,0,120,0,2,12,1,15,43,43,48,1,135,38,0,38,173
07/22/2019,LEX,KY,ASO,CE,Combined TRACON& Tower with Radar,45,41,35,5,126,0,0,0,1,1,45,41,35,6,127,0,0,0,127
07/23/2019,LEX,KY,ASO,CE,Combined TRACON& Tower with Radar,44,40,56,0,140,0,10,108,2,120,44,50,164,2,260,30,0,30,290
07/24/2019,LEX,KY,ASO,CE,Combined TRACON& Tower with Radar,51,38,60,2,151,0,4,113,1,118,51,42,173,3,269,82,0,82,351
07/25/2019,LEX,KY,ASO,CE,Combined TRACON& Tower with Radar,51,45,69,2,167,0,8,89,3,100,51,53,158,5,267,26,0,26,293
07/26/2019,LEX,KY,ASO,CE,Combined TRACON& Tower with Radar,45,39,44,1,129,0,7,77,0,84,45,46,121,1,213,40,0,40,253
07/27/2019,LEX,KY,ASO,CE,Combined TRACON& Tower with Radar,42,40,43,0,125,0,8,74,4,86,42,48,117,4,211,54,0,54,265
07/28/2019,LEX,KY,ASO,CE,Combined TRACON& Tower with Radar,46,38,40,0,124,0,12,88,0,100,46,50,128,0,224,64,0,64,288
07/29/2019,LEX,KY,ASO,CE,Combined TRACON& Tower with Radar,46,33,41,3,123,0,1,60,1,62,46,34,101,4,185,30,0,30,215
07/30/2019,LEX,KY,ASO,CE,Combined TRACON& Tower with Radar,47,39,48,1,135,0,0,12,2,14,47,39,60,3,149,26,0,26,175
07/31/2019,LEX,KY,ASO,CE,Combined TRACON& Tower with Radar,51,46,47,1,145,0,4,65,3,72,51,50,112,4,217,52,0,52,269
08/01/2019,LEX,KY,ASO,CE,Combined TRACON& Tower with Radar,51,48,63,2,164,0,10,87,0,97,51,58,150,2,261,35,0,35,296
08/02/2019,LEX,KY,ASO,CE,Combined TRACON& Tower with Radar,48,51,38,4,141,0,13,80,2,95,48,64,118,6,236,52,0,52,288
08/03/2019,LEX,KY,ASO,CE,Combined TRACON& Tower with Radar,45,42,35,10,132,0,12,55,4,71,45,54,90,14,203,29,0,29,232
08/04/2019,LEX,KY,ASO,CE,Combined TRACON& Tower with Radar,45,42,33,2,122,0,4,54,0,58,45,46,87,2,180,22,0,22,202
08/05/2019,LEX,KY,ASO,CE,Combined TRACON& Tower with Radar,46,34,32,0,112,0,5,85,0,90,46,39,117,0,202,50,0,50,252
08/06/2019,LEX,KY,ASO,CE,Combined TRACON& Tower with Radar,46,39,59,0,144,0,7,61,3,71,46,46,120,3,215,20,0,20,235
08/07/2019,LEX,KY,ASO,CE,Combined TRACON& Tower with Radar,48,44,61,1,154,0,8,51,5,64,48,52,112,6,218,24,0,24,242
08/08/2019,LEX,KY,ASO,CE,Combined TRACON& Tower with Radar,46,53,52,2,153,0,5,83,1,89,46,58,135,3,242,22,0,22,264
08/09/2019,LEX,KY,ASO,CE,Combined TRACON& Tower with Radar,47,47,28,0,122,0,9,50,0,59,47,56,78,0,181,0,0,0,181
08/10/2019,LEX,KY,ASO,CE,Combined TRACON& Tower with Radar,46,36,36,0,118,0,10,108,5,123,46,46,144,5,241,18,0,18,259
08/11/2019,LEX,KY,ASO,CE,Combined TRACON& Tower with Radar,48,50,52,0,150,0,6,66,0,72,48,56,118,0,222,10,0,10,232
08/12/2019,LEX,KY,ASO,CE,Combined TRACON& Tower with Radar,47,46,34,7,134,0,4,63,2,69,47,50,97,9,203,40,0,40,243
08/13/2019,LEX,KY,ASO,CE,Combined TRACON& Tower with Radar,37,44,32,0,113,0,0,25,0,25,37,44,57,0,138,15,0,15,153
08/14/2019,LEX,KY,ASO,CE,Combined TRACON& Tower with Radar,43,47,63,0,153,0,9,58,2,69,43,56,121,2,222,4,0,4,226
08/15/2019,LEX,KY,ASO,CE,Combined TRACON& Tower with Radar,46,38,69,7,160,0,10,102,5,117,46,48,171,12,277,40,0,40,317
08/16/2019,LEX,KY,ASO,CE,Combined TRACON& Tower with Radar,50,37,68,13,168,0,10,124,1,135,50,47,192,14,303,70,0,70,373
08/17/2019,LEX,KY,ASO,CE,Combined TRACON& Tower with Radar,36,36,27,11,110,0,9,80,0,89,36,45,107,11,199,104,0,104,303
08/18/2019,LEX,KY,ASO,CE,Combined TRACON& Tower with Radar,42,39,49,1,131,0,10,69,1,80,42,49,118,2,211,22,0,22,233
08/19/2019,LEX,KY,ASO,CE,Combined TRACON& Tower with Radar,41,34,40,4,119,0,11,65,0,76,41,45,105,4,195,18,0,18,213
08/20/2019,LEX,KY,ASO,CE,Combined TRACON& Tower with Radar,43,35,37,6,121,0,11,42,0,53,43,46,79,6,174,24,0,24,198
08/21/2019,LEX,KY,ASO,CE,Combined TRACON& Tower with Radar,43,40,45,3,131,0,6,58,1,65,43,46,103,4,196,58,0,58,254
08/22/2019,LEX,KY,ASO,CE,Combined TRACON& Tower with Radar,46,31,36,2,115,0,2,44,4,50,46,33,80,6,165,24,0,24,189
08/23/2019,LEX,KY,ASO,CE,Combined TRACON& Tower with Radar,47,40,58,2,147,0,1,7,0,8,47,41,65,2,155,0,0,0,155
08/24/2019,LEX,KY,ASO,CE,Combined TRACON& Tower with Radar,35,31,27,0,93,0,10,71,3,84,35,41,98,3,177,28,0,28,205
08/25/2019,LEX,KY,ASO,CE,Combined TRACON& Tower with Radar,41,41,50,0,132,0,14,37,0,51,41,55,87,0,183,38,0,38,221
08/26/2019,LEX,KY,ASO,CE,Combined TRACON& Tower with Radar,46,34,34,3,117,0,0,0,0,0,46,34,34,3,117,0,0,0,117
08/27/2019,LEX,KY,ASO,CE,Combined TRACON& Tower with Radar,41,39,44,5,129,0,0,2,0,2,41,39,46,5,131,32,0,32,163
08/28/2019,LEX,KY,ASO,CE,Combined TRACON& Tower with Radar,44,45,47,4,140,0,0,109,5,114,44,45,156,9,254,26,0,26,280
08/29/2019,LEX,KY,ASO,CE,Combined TRACON& Tower with Radar,47,41,69,9,166,0,4,103,0,107,47,45,172,9,273,24,0,24,297
08/30/2019,LEX,KY,ASO,CE,Combined TRACON& Tower with Radar,44,43,48,8,143,0,11,97,2,110,44,54,145,10,253,66,0,66,319
08/31/2019,LEX,KY,ASO,CE,Combined TRACON& Tower with Radar,27,25,45,1,98,0,9,92,1,102,27,34,137,2,200,35,0,35,235
09/01/2019,LEX,KY,ASO,CE,Combined TRACON& Tower with Radar,29,21,36,2,88,0,7,53,2,62,29,28,89,4,150,16,0,16,166
09/02/2019,LEX,KY,ASO,CE,Combined TRACON& Tower with Radar,37,34,46,16,133,0,2,49,0,51,37,36,95,16,184,0,0,0,184
09/03/2019,LEX,KY,ASO,CE,Combined TRACON& Tower with Radar,36,37,26,2,101,0,9,71,4,84,36,46,97,6,185,26,0,26,211
09/04/2019,LEX,KY,ASO,CE,Combined TRACON& Tower with Radar,37,27,56,2,122,0,9,58,4,71,37,36,114,6,193,70,0,70,263
09/05/2019,LEX,KY,ASO,CE,Combined TRACON& Tower with Radar,41,41,58,2,142,0,7,82,3,92,41,48,140,5,234,54,0,54,288
09/06/2019,LEX,KY,ASO,CE,Combined TRACON& Tower with Radar,40,42,75,18,175,0,3,99,1,103,40,45,174,19,278,12,0,12,290
09/07/2019,LEX,KY,ASO,CE,Combined TRACON& Tower with Radar,28,44,66,1,139,0,2,34,2,38,28,46,100,3,177,76,0,76,253
09/08/2019,LEX,KY,ASO,CE,Combined TRACON& Tower with Radar,39,56,61,0,156,0,3,79,0,82,39,59,140,0,238,0,0,0,238
09/09/2019,LEX,KY,ASO,CE,Combined TRACON& Tower with Radar,45,47,72,2,166,0,6,86,0,92,45,53,158,2,258,76,0,76,334
09/10/2019,LEX,KY,ASO,CE,Combined TRACON& Tower with Radar,40,53,56,0,149,0,11,99,0,110,40,64,155,0,259,10,0,10,269
09/11/2019,LEX,KY,ASO,CE,Combined TRACON& Tower with Radar,42,50,65,0,157,0,11,76,0,87,42,61,141,0,244,66,0,66,310
09/12/2019,LEX,KY,ASO,CE,Combined TRACON& Tower with Radar,47,50,83,2,182,0,3,98,0,101,47,53,181,2,283,60,0,60,343
09/13/2019,LEX,KY,ASO,CE,Combined TRACON& Tower with Radar,43,55,49,4,151,0,7,69,5,81,43,62,118,9,232,50,0,50,282
09/14/2019,LEX,KY,ASO,CE,Combined TRACON& Tower with Radar,32,53,66,0,151,0,6,100,2,108,32,59,166,2,259,8,0,8,267
09/15/2019,LEX,KY,ASO,CE,Combined TRACON& Tower with Radar,42,56,53,4,155,0,1,65,1,67,42,57,118,5,222,8,18,26,248
09/16/2019,LEX,KY,ASO,CE,Combined TRACON& Tower with Radar,44,47,60,2,153,0,9,64,2,75,44,56,124,4,228,22,0,22,250
09/17/2019,LEX,KY,ASO,CE,Combined TRACON& Tower with Radar,39,50,90,1,180,0,11,81,2,94,39,61,171,3,274,16,0,16,290
09/18/2019,LEX,KY,ASO,CE,Combined TRACON& Tower with Radar,40,47,70,0,157,0,9,84,0,93,40,56,154,0,250,14,0,14,264
09/19/2019,LEX,KY,ASO,CE,Combined TRACON& Tower with Radar,48,48,65,2,163,0,3,62,0,65,48,51,127,2,228,12,0,12,240
09/20/2019,LEX,KY,ASO,CE,Combined TRACON& Tower with Radar,45,38,51,0,134,0,8,62,0,70,45,46,113,0,204,28,0,28,232
09/21/2019,LEX,KY,ASO,CE,Combined TRACON& Tower with Radar,35,33,29,9,106,0,5,57,2,64,35,38,86,11,170,44,0,44,214
09/22/2019,LEX,KY,ASO,CE,Combined TRACON& Tower with Radar,41,51,44,2,138,0,0,39,2,41,41,51,83,4,179,15,0,15,194
09/23/2019,LEX,KY,ASO,CE,Combined TRACON& Tower with Radar,44,41,31,4,120,0,0,24,0,24,44,41,55,4,144,0,0,0,144
09/24/2019,LEX,KY,ASO,CE,Combined TRACON& Tower with Radar,39,38,44,2,123,0,2,96,0,98,39,40,140,2,221,28,0,28,249
09/25/2019,LEX,KY,ASO,CE,Combined TRACON& Tower with Radar,42,39,40,7,128,0,2,67,2,71,42,41,107,9,199,22,0,22,221
09/26/2019,LEX,KY,ASO,CE,Combined TRACON& Tower with Radar,44,44,59,3,150,0,6,57,9,72,44,50,116,12,222,20,0,20,242
09/27/2019,LEX,KY,ASO,CE,Combined TRACON& Tower with Radar,47,41,48,0,136,0,10,81,3,94,47,51,129,3,230,16,0,16,246
09/28/2019,LEX,KY,ASO,CE,Combined TRACON& Tower with Radar,32,37,27,0,96,0,6,57,5,68,32,43,84,5,164,20,0,20,184
09/29/2019,LEX,KY,ASO,CE,Combined TRACON& Tower with Radar,41,38,59,0,138,0,9,65,3,77,41,47,124,3,215,54,0,54,269
09/30/2019,LEX,KY,ASO,CE,Combined TRACON& Tower with Radar,49,41,51,0,141,0,11,65,0,76,49,52,116,0,217,32,0,32,249
10/01/2019,LEX,KY,ASO,CE,Combined TRACON& Tower with Radar,39,43,50,1,133,0,0,55,4,59,39,43,105,5,192,70,0,70,262
10/02/2019,LEX,KY,ASO,CE,Combined TRACON& Tower with Radar,44,48,73,6,171,0,10,78,4,92,44,58,151,10,263,10,0,10,273
10/03/2019,LEX,KY,ASO,CE,Combined TRACON& Tower with Radar,45,54,71,11,181,0,14,78,6,98,45,68,149,17,279,46,0,46,325
10/04/2019,LEX,KY,ASO,CE,Combined TRACON& Tower with Radar,44,56,86,4,190,0,7,93,4,104,44,63,179,8,294,24,0,24,318
10/05/2019,LEX,KY,ASO,CE,Combined TRACON& Tower with Radar,38,61,75,10,184,0,2,94,1,97,38,63,169,11,281,40,0,40,321
10/06/2019,LEX,KY,ASO,CE,Combined TRACON& Tower with Radar,46,58,72,1,177,0,5,5,1,11,46,63,77,2,188,0,0,0,188
10/07/2019,LEX,KY,ASO,CE,Combined TRACON& Tower with Radar,46,48,43,2,139,0,1,15,0,16,46,49,58,2,155,78,0,78,233
10/08/2019,LEX,KY,ASO,CE,Combined TRACON& Tower with Radar,43,48,49,0,140,0,4,58,0,62,43,52,107,0,202,19,0,19,221
10/09/2019,LEX,KY,ASO,CE,Combined TRACON& Tower with Radar,42,43,81,11,177,0,3,11,3,17,42,46,92,14,194,8,0,8,202
10/10/2019,LEX,KY,ASO,CE,Combined TRACON& Tower with Radar,51,52,86,5,194,0,5,92,1,98,51,57,178,6,292,9,0,9,301
10/11/2019,LEX,KY,ASO,CE,Combined TRACON& Tower with Radar,43,63,51,1,158,0,4,49,1,54,43,67,100,2,212,16,0,16,228
10/12/2019,LEX,KY,ASO,CE,Combined TRACON& Tower with Radar,37,37,62,4,140,0,1,84,3,88,37,38,146,7,228,30,0,30,258
10/13/2019,LEX,KY,ASO,CE,Combined TRACON& Tower with Radar,46,64,68,0,178,0,8,74,0,82,46,72,142,0,260,24,0,24,284
10/14/2019,LEX,KY,ASO,CE,Combined TRACON& Tower with Radar,47,44,40,12,143,0,6,54,0,60,47,50,94,12,203,28,0,28,231
10/15/2019,LEX,KY,ASO,CE,Combined TRACON& Tower with Radar,44,34,51,3,132,0,6,47,1,54,44,40,98,4,186,10,0,10,196
10/16/2019,LEX,KY,ASO,CE,Combined TRACON& Tower with Radar,38,41,60,7,146,0,6,12,5,23,38,47,72,12,169,0,0,0,169
10/17/2019,LEX,KY,ASO,CE,Combined TRACON& Tower with Radar,48,43,82,5,178,0,6,79,3,88,48,49,161,8,266,12,0,12,278
10/18/2019,LEX,KY,ASO,CE,Combined TRACON& Tower with Radar,46,56,73,3,178,0,11,81,0,92,46,67,154,3,270,20,0,20,290
10/19/2019,LEX,KY,ASO,CE,Combined TRACON& Tower with Radar,39,33,52,0,124,0,3,77,2,82,39,36,129,2,206,32,0,32,238
10/20/2019,LEX,KY,ASO,CE,Combined TRACON& Tower with Radar,46,56,59,4,165,0,1,39,0,40,46,57,98,4,205,0,0,0,205
10/21/2019,LEX,KY,ASO,CE,Combined TRACON& Tower with Radar,41,50,42,2,135,0,2,10,0,12,41,52,52,2,147,6,0,6,153
10/22/2019,LEX,KY,ASO,CE,Combined TRACON& Tower with Radar,41,39,44,0,124,0,4,23,0,27,41,43,67,0,151,20,0,20,171
10/23/2019,LEX,KY,ASO,CE,Combined TRACON& Tower with Radar,40,43,64,9,156,0,6,93,5,104,40,49,157,14,260,49,0,49,309
10/24/2019,LEX,KY,ASO,CE,Combined TRACON& Tower with Radar,46,55,72,1,174,0,3,106,1,110,46,58,178,2,284,36,0,36,320
10/25/2019,LEX,KY,ASO,CE,Combined TRACON& Tower with Radar,46,55,87,3,191,0,4,76,1,81,46,59,163,4,272,38,0,38,310
10/26/2019,LEX,KY,ASO,CE,Combined TRACON& Tower with Radar,39,41,32,4,116,0,2,0,0,2,39,43,32,4,118,0,10,10,128
10/27/2019,LEX,KY,ASO,CE,Combined TRACON& Tower with Radar,38,48,59,6,151,0,4,56,0,60,38,52,115,6,211,51,0,51,262
10/28/2019,LEX,KY,ASO,CE,Combined TRACON& Tower with Radar,38,40,46,7,131,1,2,64,0,67,39,42,110,7,198,30,0,30,228
10/29/2019,LEX,KY,ASO,CE,Combined TRACON& Tower with Radar,33,37,58,8,136,0,4,24,2,30,33,41,82,10,166,15,0,15,181
10/30/2019,LEX,KY,ASO,CE,Combined TRACON& Tower with Radar,38,56,49,0,143,0,2,3,0,5,38,58,52,0,148,4,0,4,152
10/31/2019,LEX,KY,ASO,CE,Combined TRACON& Tower with Radar,31,37,30,0,98,0,0,0,0,0,31,37,30,0,98,0,0,0,98
11/01/2019,LEX,KY,ASO,CE,Combined TRACON& Tower with Radar,38,50,59,3,150,0,8,80,3,91,38,58,139,6,241,22,2,24,265
11/02/2019,LEX,KY,ASO,CE,Combined TRACON& Tower with Radar,36,47,28,0,111,0,4,62,3,69,36,51,90,3,180,52,0,52,232
11/03/2019,LEX,KY,ASO,CE,Combined TRACON& Tower with Radar,40,68,65,4,177,0,13,79,0,92,40,81,144,4,269,10,0,10,279
11/04/2019,LEX,KY,ASO,CE,Combined TRACON& Tower with Radar,45,51,42,3,141,0,7,43,0,50,45,58,85,3,191,24,0,24,215
11/05/2019,LEX,KY,ASO,CE,Combined TRACON& Tower with Radar,31,57,75,5,168,0,9,37,2,48,31,66,112,7,216,20,0,20,236
11/06/2019,LEX,KY,ASO,CE,Combined TRACON& Tower with Radar,41,51,62,6,160,0,3,68,8,79,41,54,130,14,239,8,0,8,247
11/07/2019,LEX,KY,ASO,CE,Combined TRACON& Tower with Radar,42,47,50,4,143,0,0,0,0,0,42,47,50,4,143,0,0,0,143
11/08/2019,LEX,KY,ASO,CE,Combined TRACON& Tower with Radar,45,58,63,14,180,0,3,73,0,76,45,61,136,14,256,7,0,7,263
11/09/2019,LEX,KY,ASO,CE,Combined TRACON& Tower with Radar,35,30,51,0,116,0,5,68,5,78,35,35,119,5,194,4,18,22,216
11/10/2019,LEX,KY,ASO,CE,Combined TRACON& Tower with Radar,38,56,59,3,156,0,9,35,2,46,38,65,94,5,202,34,0,34,236
11/11/2019,LEX,KY,ASO,CE,Combined TRACON& Tower with Radar,43,37,21,0,101,0,9,19,0,28,43,46,40,0,129,0,0,0,129
11/12/2019,LEX,KY,ASO,CE,Combined TRACON& Tower with Radar,39,44,41,4,128,0,0,3,2,5,39,44,44,6,133,2,0,2,135
11/13/2019,LEX,KY,ASO,CE,Combined TRACON& Tower with Radar,42,42,55,6,145,0,1,49,1,51,42,43,104,7,196,0,0,0,196
11/14/2019,LEX,KY,ASO,CE,Combined TRACON& Tower with Radar,45,42,76,1,164,0,4,89,3,96,45,46,165,4,260,20,8,28,288
11/15/2019,LEX,KY,ASO,CE,Combined TRACON& Tower with Radar,53,43,47,2,145,0,10,76,1,87,53,53,123,3,232,40,0,40,272
11/16/2019,LEX,KY,ASO,CE,Combined TRACON& Tower with Radar,41,28,29,0,98,0,9,75,1,85,41,37,104,1,183,60,0,60,243
11/17/2019,LEX,KY,ASO,CE,Combined TRACON& Tower with Radar,41,36,32,0,109,0,6,69,1,76,41,42,101,1,185,26,0,26,211
11/18/2019,LEX,KY,ASO,CE,Combined TRACON& Tower with Radar,44,38,28,4,114,0,4,24,3,31,44,42,52,7,145,14,0,14,159
11/19/2019,LEX,KY,ASO,CE,Combined TRACON& Tower with Radar,39,50,38,1,128,0,1,29,1,31,39,51,67,2,159,18,0,18,177
11/20/2019,LEX,KY,ASO,CE,Combined TRACON& Tower with Radar,42,48,67,0,157,0,3,13,0,16,42,51,80,0,173,0,0,0,173
11/21/2019,LEX,KY,ASO,CE,Combined TRACON& Tower with Radar,53,42,39,4,138,0,4,24,0,28,53,46,63,4,166,28,0,28,194
11/22/2019,LEX,KY,ASO,CE,Combined TRACON& Tower with Radar,58,50,44,0,152,0,0,5,0,5,58,50,49,0,157,0,0,0,157
11/23/2019,LEX,KY,ASO,CE,Combined TRACON& Tower with Radar,40,27,20,0,87,0,0,1,0,1,40,27,21,0,88,0,0,0,88
11/24/2019,LEX,KY,ASO,CE,Combined TRACON& Tower with Radar,46,27,36,0,109,0,4,43,0,47,46,31,79,0,156,20,0,20,176
11/25/2019,LEX,KY,ASO,CE,Combined TRACON& Tower with Radar,43,25,45,2,115,0,4,84,1,89,43,29,129,3,204,28,0,28,232
11/26/2019,LEX,KY,ASO,CE,Combined TRACON& Tower with Radar,48,33,44,4,129,0,8,55,0,63,48,41,99,4,192,28,0,28,220
11/27/2019,LEX,KY,ASO,CE,Combined TRACON& Tower with Radar,52,38,15,1,106,0,2,2,0,4,52,40,17,1,110,0,0,0,110
11/28/2019,LEX,KY,ASO,CE,Combined TRACON& Tower with Radar,18,26,6,1,51,0,0,12,0,12,18,26,18,1,63,22,0,22,85
11/29/2019,LEX,KY,ASO,CE,Combined TRACON& Tower with Radar,30,25,38,0,93,0,2,29,2,33,30,27,67,2,126,24,0,24,150
11/30/2019,LEX,KY,ASO,CE,Combined TRACON& Tower with Radar,41,32,33,0,106,0,0,0,0,0,41,32,33,0,106,0,0,0,106
12/01/2019,LEX,KY,ASO,CE,Combined TRACON& Tower with Radar,51,63,29,0,143,0,1,8,0,9,51,64,37,0,152,10,0,10,162
12/02/2019,LEX,KY,ASO,CE,Combined TRACON& Tower with Radar,56,35,25,0,116,0,0,0,0,0,56,35,25,0,116,4,0,4,120
12/03/2019,LEX,KY,ASO,CE,Combined TRACON& Tower with Radar,48,29,40,6,123,0,4,38,0,42,48,33,78,6,165,54,0,54,219
12/04/2019,LEX,KY,ASO,CE,Combined TRACON& Tower with Radar,42,34,31,0,107,0,8,61,0,69,42,42,92,0,176,30,0,30,206
12/05/2019,LEX,KY,ASO,CE,Combined TRACON& Tower with Radar,44,49,50,1,144,0,1,102,3,106,44,50,152,4,250,50,0,50,300
12/06/2019,LEX,KY,ASO,CE,Combined TRACON& Tower with Radar,43,44,43,0,130,0,1,24,0,25,43,45,67,0,155,38,0,38,193
12/07/2019,LEX,KY,ASO,CE,Combined TRACON& Tower with Radar,23,31,32,0,86,0,3,93,0,96,23,34,125,0,182,48,0,48,230
12/08/2019,LEX,KY,ASO,CE,Combined TRACON& Tower with Radar,40,40,39,0,119,0,2,34,0,36,40,42,73,0,155,76,0,76,231
12/09/2019,LEX,KY,ASO,CE,Combined TRACON& Tower with Radar,36,43,27,0,106,0,0,2,0,2,36,43,29,0,108,0,0,0,108
12/10/2019,LEX,KY,ASO,CE,Combined TRACON& Tower with Radar,39,41,43,0,123,0,0,18,0,18,39,41,61,0,141,12,0,12,153
12/11/2019,LEX,KY,ASO,CE,Combined TRACON& Tower with Radar,39,44,67,22,172,0,6,75,2,83,39,50,142,24,255,0,0,0,255
12/12/2019,LEX,KY,ASO,CE,Combined TRACON& Tower with Radar,43,44,47,0,134,0,8,92,0,100,43,52,139,0,234,44,0,44,278
12/13/2019,LEX,KY,ASO,CE,Combined TRACON& Tower with Radar,41,51,61,0,153,0,1,5,0,6,41,52,66,0,159,15,0,15,174
12/14/2019,LEX,KY,ASO,CE,Combined TRACON& Tower with Radar,28,35,38,0,101,0,1,7,0,8,28,36,45,0,109,0,0,0,109
12/15/2019,LEX,KY,ASO,CE,Combined TRACON& Tower with Radar,39,36,38,0,113,0,0,38,0,38,39,36,76,0,151,32,0,32,183
12/16/2019,LEX,KY,ASO,CE,Combined TRACON& Tower with Radar,38,41,16,0,95,0,0,0,0,0,38,41,16,0,95,0,0,0,95
12/17/2019,LEX,KY,ASO,CE,Combined TRACON& Tower with Radar,41,39,29,2,111,0,2,11,2,15,41,41,40,4,126,0,0,0,126
12/18/2019,LEX,KY,ASO,CE,Combined TRACON& Tower with Radar,38,47,59,2,146,0,2,11,2,15,38,49,70,4,161,25,0,25,186
12/19/2019,LEX,KY,ASO,CE,Combined TRACON& Tower with Radar,43,45,61,1,150,0,3,73,1,77,43,48,134,2,227,16,0,16,243
12/20/2019,LEX,KY,ASO,CE,Combined TRACON& Tower with Radar,39,47,47,0,133,0,6,80,0,86,39,53,127,0,219,10,0,10,229
12/21/2019,LEX,KY,ASO,CE,Combined TRACON& Tower with Radar,37,46,27,0,110,0,6,78,1,85,37,52,105,1,195,12,0,12,207
12/22/2019,LEX,KY,ASO,CE,Combined TRACON& Tower with Radar,37,48,30,0,115,0,8,78,1,87,37,56,108,1,202,44,0,44,246
12/23/2019,LEX,KY,ASO,CE,Combined TRACON& Tower with Radar,29,42,34,0,105,0,10,82,2,94,29,52,116,2,199,34,0,34,233
12/24/2019,LEX,KY,ASO,CE,Combined TRACON& Tower with Radar,24,35,13,0,72,0,8,61,1,70,24,43,74,1,142,24,0,24,166
12/25/2019,LEX,KY,ASO,CE,Combined TRACON& Tower with Radar,20,34,12,0,66,0,2,9,0,11,20,36,21,0,77,0,0,0,77
12/26/2019,LEX,KY,ASO,CE,Combined TRACON& Tower with Radar,35,56,53,0,144,0,9,40,2,51,35,65,93,2,195,14,0,14,209
12/27/2019,LEX,KY,ASO,CE,Combined TRACON& Tower with Radar,33,47,48,0,128,0,3,9,0,12,33,50,57,0,140,34,0,34,174
12/28/2019,LEX,KY,ASO,CE,Combined TRACON& Tower with Radar,33,51,58,0,142,0,2,44,2,48,33,53,102,2,190,36,0,36,226
12/29/2019,LEX,KY,ASO,CE,Combined TRACON& Tower with Radar,34,46,12,0,92,0,0,0,0,0,34,46,12,0,92,0,0,0,92
12/30/2019,LEX,KY,ASO,CE,Combined TRACON& Tower with Radar,31,57,27,0,115,0,3,15,1,19,31,60,42,1,134,0,0,0,134
12/31/2019,LEX,KY,ASO,CE,Combined TRACON& Tower with Radar,28,34,23,0,85,0,6,23,1,30,28,40,46,1,115,12,0,12,127
01/01/2020,LEX,KY,ASO,CE,Combined TRACON& Tower with Radar,19,33,30,0,82,0,13,46,0,59,19,46,76,0,141,10,0,10,151
01/02/2020,LEX,KY,ASO,CE,Combined TRACON& Tower with Radar,33,46,21,0,100,0,6,12,0,18,33,52,33,0,118,6,0,6,124
01/03/2020,LEX,KY,ASO,CE,Combined TRACON& Tower with Radar,34,46,23,0,103,0,0,0,0,0,34,46,23,0,103,0,0,0,103
01/04/2020,LEX,KY,ASO,CE,Combined TRACON& Tower with Radar,34,43,26,0,103,0,3,1,0,4,34,46,27,0,107,0,0,0,107
01/05/2020,LEX,KY,ASO,CE,Combined TRACON& Tower with Radar,34,42,38,0,114,0,0,51,0,51,34,42,89,0,165,56,0,56,221
01/06/2020,LEX,KY,ASO,CE,Combined TRACON& Tower with Radar,41,40,32,0,113,0,4,57,1,62,41,44,89,1,175,44,0,44,219
01/07/2020,LEX,KY,ASO,CE,Combined TRACON& Tower with Radar,34,34,22,0,90,0,4,34,0,38,34,38,56,0,128,8,0,8,136
01/08/2020,LEX,KY,ASO,CE,Combined TRACON& Tower with Radar,40,38,43,3,124,0,13,71,4,88,40,51,114,7,212,47,0,47,259
01/09/2020,LEX,KY,ASO,CE,Combined TRACON& Tower with Radar,40,43,39,0,122,0,8,26,0,34,40,51,65,0,156,12,0,12,168
01/10/2020,LEX,KY,ASO,CE,Combined TRACON& Tower with Radar,38,42,29,0,109,0,0,14,0,14,38,42,43,0,123,4,0,4,127
01/11/2020,LEX,KY,ASO,CE,Combined TRACON& Tower with Radar,31,23,10,0,64,0,1,0,0,1,31,24,10,0,65,0,0,0,65
01/12/2020,LEX,KY,ASO,CE,Combined TRACON& Tower with Radar,38,41,27,0,106,0,1,10,0,11,38,42,37,0,117,74,0,74,191
01/13/2020,LEX,KY,ASO,CE,Combined TRACON& Tower with Radar,42,37,43,2,124,0,4,35,0,39,42,41,78,2,163,22,0,22,185
01/14/2020,LEX,KY,ASO,CE,Combined TRACON& Tower with Radar,35,36,38,2,111,0,3,17,2,22,35,39,55,4,133,20,0,20,153
01/15/2020,LEX,KY,ASO,CE,Combined TRACON& Tower with Radar,39,41,22,1,103,0,0,5,1,6,39,41,27,2,109,0,0,0,109
01/16/2020,LEX,KY,ASO,CE,Combined TRACON& Tower with Radar,40,41,54,19,154,0,4,37,0,41,40,45,91,19,195,0,14,14,209
01/17/2020,LEX,KY,ASO,CE,Combined TRACON& Tower with Radar,42,45,49,2,138,0,9,54,0,63,42,54,103,2,201,26,0,26,227
01/18/2020,LEX,KY,ASO,CE,Combined TRACON& Tower with Radar,28,23,9,0,60,0,0,0,0,0,28,23,9,0,60,0,0,0,60
01/19/2020,LEX,KY,ASO,CE,Combined TRACON& Tower with Radar,24,48,27,0,99,0,4,27,0,31,24,52,54,0,130,38,0,38,168
01/20/2020,LEX,KY,ASO,CE,Combined TRACON& Tower with Radar,39,35,42,0,116,0,3,14,0,17,39,38,56,0,133,38,0,38,171
01/21/2020,LEX,KY,ASO,CE,Combined TRACON& Tower with Radar,35,39,54,7,135,0,3,44,7,54,35,42,98,14,189,30,8,38,227
01/22/2020,LEX,KY,ASO,CE,Combined TRACON& Tower with Radar,35,36,44,2,117,0,8,86,2,96,35,44,130,4,213,60,0,60,273
01/23/2020,LEX,KY,ASO,CE,Combined TRACON& Tower with Radar,38,51,35,0,124,0,0,35,1,36,38,51,70,1,160,6,0,6,166
01/24/2020,LEX,KY,ASO,CE,Combined TRACON& Tower with Radar,45,48,36,0,129,0,1,2,0,3,45,49,38,0,132,0,0,0,132
01/25/2020,LEX,KY,ASO,CE,Combined TRACON& Tower with Radar,29,32,10,0,71,0,0,0,0,0,29,32,10,0,71,0,0,0,71
01/26/2020,LEX,KY,ASO,CE,Combined TRACON& Tower with Radar,38,38,32,0,108,0,0,31,0,31,38,38,63,0,139,18,0,18,157
01/27/2020,LEX,KY,ASO,CE,Combined TRACON& Tower with Radar,39,39,36,4,118,0,6,26,4,36,39,45,62,8,154,36,14,50,204
01/28/2020,LEX,KY,ASO,CE,Combined TRACON& Tower with Radar,35,37,27,0,99,0,2,9,0,11,35,39,36,0,110,84,0,84,194
01/29/2020,LEX,KY,ASO,CE,Combined TRACON& Tower with Radar,35,37,45,0,117,0,0,21,0,21,35,37,66,0,138,71,0,71,209
01/30/2020,LEX,KY,ASO,CE,Combined TRACON& Tower with Radar,41,43,59,0,143,0,2,72,2,76,41,45,131,2,219,8,0,8,227
01/31/2020,LEX,KY,ASO,CE,Combined TRACON& Tower with Radar,40,44,30,0,114,0,0,4,0,4,40,44,34,0,118,8,0,8,126
02/01/2020,LEX,KY,ASO,CE,Combined TRACON& Tower with Radar,29,26,23,0,78,0,0,9,0,9,29,26,32,0,87,6,0,6,93
02/02/2020,LEX,KY,ASO,CE,Combined TRACON& Tower with Radar,24,39,25,0,88,0,0,37,0,37,24,39,62,0,125,14,0,14,139
02/03/2020,LEX,KY,ASO,CE,Combined TRACON& Tower with Radar,41,40,32,1,114,0,4,57,3,64,41,44,89,4,178,32,0,32,210
02/04/2020,LEX,KY,ASO,CE,Combined TRACON& Tower with Radar,37,32,53,4,126,0,1,0,0,1,37,33,53,4,127,0,0,0,127
02/05/2020,LEX,KY,ASO,CE,Combined TRACON& Tower with Radar,41,39,46,0,126,0,0,0,0,0,41,39,46,0,126,0,0,0,126
02/06/2020,LEX,KY,ASO,CE,Combined TRACON& Tower with Radar,36,36,20,0,92,0,0,0,0,0,36,36,20,0,92,0,0,0,92
02/07/2020,LEX,KY,ASO,CE,Combined TRACON& Tower with Radar,46,38,23,2,109,0,0,3,2,5,46,38,26,4,114,0,0,0,114
02/08/2020,LEX,KY,ASO,CE,Combined TRACON& Tower with Radar,34,26,25,0,85,0,2,19,0,21,34,28,44,0,106,0,0,0,106
02/09/2020,LEX,KY,ASO,CE,Combined TRACON& Tower with Radar,36,32,23,0,91,0,9,58,2,69,36,41,81,2,160,22,0,22,182
02/10/2020,LEX,KY,ASO,CE,Combined TRACON& Tower with Radar,45,46,14,2,107,0,0,0,0,0,45,46,14,2,107,0,0,0,107
02/11/2020,LEX,KY,ASO,CE,Combined TRACON& Tower with Radar,33,38,29,4,104,0,2,8,0,10,33,40,37,4,114,40,0,40,154
02/12/2020,LEX,KY,ASO,CE,Combined TRACON& Tower with Radar,40,35,29,2,106,0,0,8,1,9,40,35,37,3,115,0,0,0,115
02/13/2020,LEX,KY,ASO,CE,Combined TRACON& Tower with Radar,40,35,47,4,126,0,0,6,1,7,40,35,53,5,133,2,0,2,135
02/14/2020,LEX,KY,ASO,CE,Combined TRACON& Tower with Radar,45,40,59,0,144,0,3,60,2,65,45,43,119,2,209,92,0,92,301
02/15/2020,LEX,KY,ASO,CE,Combined TRACON& Tower with Radar,25,53,35,0,113,0,12,86,0,98,25,65,121,0,211,56,0,56,267
02/16/2020,LEX,KY,ASO,CE,Combined TRACON& Tower with Radar,32,48,36,0,116,0,4,66,0,70,32,52,102,0,186,30,0,30,216
02/17/2020,LEX,KY,ASO,CE,Combined TRACON& Tower with Radar,42,30,50,7,129,0,2,64,6,72,42,32,114,13,201,20,16,36,237
02/18/2020,LEX,KY,ASO,CE,Combined TRACON& Tower with Radar,36,33,45,4,118,0,0,0,0,0,36,33,45,4,118,0,0,0,118
02/19/2020,LEX,KY,ASO,CE,Combined TRACON& Tower with Radar,44,41,69,6,160,0,8,60,3,71,44,49,129,9,231,8,0,8,239
02/20/2020,LEX,KY,ASO,CE,Combined TRACON& Tower with Radar,42,38,45,21,146,0,4,59,5,68,42,42,104,26,214,26,29,55,269
02/21/2020,LEX,KY,ASO,CE,Combined TRACON& Tower with Radar,46,41,53,9,149,0,3,112,5,120,46,44,165,14,269,48,0,48,317
02/22/2020,LEX,KY,ASO,CE,Combined TRACON& Tower with Radar,28,41,39,2,110,0,15,101,0,116,28,56,140,2,226,58,0,58,284
02/23/2020,LEX,KY,ASO,CE,Combined TRACON& Tower with Radar,42,38,56,0,136,0,5,93,1,99,42,43,149,1,235,42,0,42,277
02/24/2020,LEX,KY,ASO,CE,Combined TRACON& Tower with Radar,40,37,22,0,99,0,0,3,0,3,40,37,25,0,102,38,0,38,140
02/25/2020,LEX,KY,ASO,CE,Combined TRACON& Tower with Radar,38,31,40,2,111,0,3,4,0,7,38,34,44,2,118,0,0,0,118
02/26/2020,LEX,KY,ASO,CE,Combined TRACON& Tower with Radar,42,40,27,8,117,0,1,4,0,5,42,41,31,8,122,0,0,0,122
02/27/2020,LEX,KY,ASO,CE,Combined TRACON& Tower with Radar,50,48,47,0,145,0,6,46,5,57,50,54,93,5,202,16,0,16,218
02/28/2020,LEX,KY,ASO,CE,Combined TRACON& Tower with Radar,43,49,20,0,112,0,2,35,1,38,43,51,55,1,150,10,0,10,160
02/29/2020,LEX,KY,ASO,CE,Combined TRACON& Tower with Radar,27,48,41,0,116,0,3,104,1,108,27,51,145,1,224,35,0,35,259
03/01/2020,LEX,KY,ASO,CE,Combined TRACON& Tower with Radar,42,50,27,0,119,0,9,65,1,75,42,59,92,1,194,86,0,86,280
03/02/2020,LEX,KY,ASO,CE,Combined TRACON& Tower with Radar,44,40,17,0,101,0,0,0,0,0,44,40,17,0,101,0,0,0,101
03/03/2020,LEX,KY,ASO,CE,Combined TRACON& Tower with Radar,35,39,34,10,118,0,0,20,0,20,35,39,54,10,138,10,0,10,148
03/04/2020,LEX,KY,ASO,CE,Combined TRACON& Tower with Radar,48,36,54,8,146,0,4,69,2,75,48,40,123,10,221,48,0,48,269
03/05/2020,LEX,KY,ASO,CE,Combined TRACON& Tower with Radar,46,41,55,3,145,0,8,89,4,101,46,49,144,7,246,41,0,41,287
03/06/2020,LEX,KY,ASO,CE,Combined TRACON& Tower with Radar,53,40,18,2,113,0,2,2,1,5,53,42,20,3,118,0,0,0,118
03/07/2020,LEX,KY,ASO,CE,Combined TRACON& Tower with Radar,33,34,31,1,99,0,2,122,1,125,33,36,153,2,224,66,0,66,290
03/08/2020,LEX,KY,ASO,CE,Combined TRACON& Tower with Radar,43,38,37,1,119,0,5,63,2,70,43,43,100,3,189,31,0,31,220
03/09/2020,LEX,KY,ASO,CE,Combined TRACON& Tower with Radar,46,36,37,3,122,0,2,25,6,33,46,38,62,9,155,14,0,14,169
03/10/2020,LEX,KY,ASO,CE,Combined TRACON& Tower with Radar,42,35,30,4,111,0,2,4,0,6,42,37,34,4,117,0,0,0,117
03/11/2020,LEX,KY,ASO,CE,Combined TRACON& Tower with Radar,45,39,48,16,148,0,3,51,2,56,45,42,99,18,204,17,20,37,241
03/12/2020,LEX,KY,ASO,CE,Combined TRACON& Tower with Radar,48,40,41,0,129,0,2,44,2,48,48,42,85,2,177,15,0,15,192
03/13/2020,LEX,KY,ASO,CE,Combined TRACON& Tower with Radar,42,38,44,5,129,0,1,87,0,88,42,39,131,5,217,36,0,36,253
03/14/2020,LEX,KY,ASO,CE,Combined TRACON& Tower with Radar,39,20,18,5,82,0,0,13,0,13,39,20,31,5,95,10,0,10,105
03/15/2020,LEX,KY,ASO,CE,Combined TRACON& Tower with Radar,44,30,26,2,102,0,0,9,0,9,44,30,35,2,111,56,0,56,167
03/16/2020,LEX,KY,ASO,CE,Combined TRACON& Tower with Radar,47,35,30,1,113,0,3,18,1,22,47,38,48,2,135,56,0,56,191
03/17/2020,LEX,KY,ASO,CE,Combined TRACON& Tower with Radar,47,31,24,4,106,0,4,23,1,28,47,35,47,5,134,0,0,0,134
03/18/2020,LEX,KY,ASO,CE,Combined TRACON& Tower with Radar,46,32,23,2,103,0,0,6,2,8,46,32,29,4,111,0,0,0,111
03/19/2020,LEX,KY,ASO,CE,Combined TRACON& Tower with Radar,43,33,11,0,87,0,1,3,0,4,43,34,14,0,91,0,0,0,91
03/20/2020,LEX,KY,ASO,CE,Combined TRACON& Tower with Radar,42,36,28,0,106,0,1,22,0,23,42,37,50,0,129,0,0,0,129
03/21/2020,LEX,KY,ASO,CE,Combined TRACON& Tower with Radar,35,27,18,0,80,0,0,7,0,7,35,27,25,0,87,68,0,68,155
03/22/2020,LEX,KY,ASO,CE,Combined TRACON& Tower with Radar,42,18,19,2,81,0,2,84,0,86,42,20,103,2,167,102,0,102,269
03/23/2020,LEX,KY,ASO,CE,Combined TRACON& Tower with Radar,33,21,21,2,77,0,2,10,0,12,33,23,31,2,89,62,0,62,151
03/24/2020,LEX,KY,ASO,CE,Combined TRACON& Tower with Radar,33,17,24,0,74,0,0,47,0,47,33,17,71,0,121,76,0,76,197
03/25/2020,LEX,KY,ASO,CE,Combined TRACON& Tower with Radar,28,24,20,2,74,0,2,70,0,72,28,26,90,2,146,106,0,106,252
03/26/2020,LEX,KY,ASO,CE,Combined TRACON& Tower with Radar,25,14,17,0,56,0,0,69,2,71,25,14,86,2,127,24,0,24,151
03/27/2020,LEX,KY,ASO,CE,Combined TRACON& Tower with Radar,28,20,12,0,60,0,5,38,0,43,28,25,50,0,103,24,0,24,127
03/28/2020,LEX,KY,ASO,CE,Combined TRACON& Tower with Radar,23,16,16,0,55,0,4,19,0,23,23,20,35,0,78,16,0,16,94
03/29/2020,LEX,KY,ASO,CE,Combined TRACON& Tower with Radar,31,21,8,0,60,0,6,3,0,9,31,27,11,0,69,0,0,0,69
03/30/2020,LEX,KY,ASO,CE,Combined TRACON& Tower with Radar,31,18,26,0,75,0,4,41,0,45,31,22,67,0,120,70,0,70,190
03/31/2020,LEX,KY,ASO,CE,Combined TRACON& Tower with Radar,28,20,18,0,66,0,0,4,0,4,28,20,22,0,70,18,0,18,88
04/01/2020,LEX,KY,ASO,CE,Combined TRACON& Tower with Radar,32,16,13,0,61,0,2,33,0,35,32,18,46,0,96,4,0,4,100
04/02/2020,LEX,KY,ASO,CE,Combined TRACON& Tower with Radar,18,23,30,0,71,0,1,63,0,64,18,24,93,0,135,28,0,28,163
04/03/2020,LEX,KY,ASO,CE,Combined TRACON& Tower with Radar,18,18,12,0,48,0,0,83,2,85,18,18,95,2,133,10,0,10,143
04/04/2020,LEX,KY,ASO,CE,Combined TRACON& Tower with Radar,18,13,6,0,37,0,8,59,2,69,18,21,65,2,106,12,0,12,118
04/05/2020,LEX,KY,ASO,CE,Combined TRACON& Tower with Radar,19,19,13,0,51,0,4,39,0,43,19,23,52,0,94,0,0,0,94
04/06/2020,LEX,KY,ASO,CE,Combined TRACON& Tower with Radar,16,9,11,0,36,0,1,30,0,31,16,10,41,0,67,0,0,0,67
04/07/2020,LEX,KY,ASO,CE,Combined TRACON& Tower with Radar,13,10,7,0,30,0,0,39,0,39,13,10,46,0,69,0,0,0,69
04/08/2020,LEX,KY,ASO,CE,Combined TRACON& Tower with Radar,13,17,14,2,46,0,3,13,0,16,13,20,27,2,62,0,0,0,62
04/09/2020,LEX,KY,ASO,CE,Combined TRACON& Tower with Radar,13,13,12,1,39,0,4,25,1,30,13,17,37,2,69,0,0,0,69
04/10/2020,LEX,KY,ASO,CE,Combined TRACON& Tower with Radar,11,12,20,0,43,0,7,47,0,54,11,19,67,0,97,0,0,0,97
04/11/2020,LEX,KY,ASO,CE,Combined TRACON& Tower with Radar,12,10,12,1,35,0,2,54,1,57,12,12,66,2,92,0,0,0,92
04/12/2020,LEX,KY,ASO,CE,Combined TRACON& Tower with Radar,13,11,1,0,25,0,1,3,1,5,13,12,4,1,30,0,0,0,30
04/13/2020,LEX,KY,ASO,CE,Combined TRACON& Tower with Radar,16,10,9,0,35,0,0,1,0,1,16,10,10,0,36,0,0,0,36
04/14/2020,LEX,KY,ASO,CE,Combined TRACON& Tower with Radar,14,8,17,0,39,0,4,25,0,29,14,12,42,0,68,36,0,36,104
04/15/2020,LEX,KY,ASO,CE,Combined TRACON& Tower with Radar,12,9,37,2,60,0,0,50,2,52,12,9,87,4,112,6,0,6,118
04/16/2020,LEX,KY,ASO,CE,Combined TRACON& Tower with Radar,14,10,28,2,54,0,5,74,0,79,14,15,102,2,133,22,0,22,155
04/17/2020,LEX,KY,ASO,CE,Combined TRACON& Tower with Radar,12,8,9,0,29,0,0,6,0,6,12,8,15,0,35,0,0,0,35
04/18/2020,LEX,KY,ASO,CE,Combined TRACON& Tower with Radar,10,12,26,0,48,0,0,58,0,58,10,12,84,0,106,0,0,0,106
04/19/2020,LEX,KY,ASO,CE,Combined TRACON& Tower with Radar,10,6,12,0,28,0,3,30,2,35,10,9,42,2,63,0,0,0,63
04/20/2020,LEX,KY,ASO,CE,Combined TRACON& Tower with Radar,10,3,10,2,25,0,2,51,0,53,10,5,61,2,78,0,0,0,78
04/21/2020,LEX,KY,ASO,CE,Combined TRACON& Tower with Radar,10,6,10,0,26,0,4,14,0,18,10,10,24,0,44,0,0,0,44
04/22/2020,LEX,KY,ASO,CE,Combined TRACON& Tower with Radar,10,12,26,2,50,0,2,73,0,75,10,14,99,2,125,0,0,0,125
04/23/2020,LEX,KY,ASO,CE,Combined TRACON& Tower with Radar,14,8,10,0,32,0,0,0,0,0,14,8,10,0,32,2,0,2,34
04/24/2020,LEX,KY,ASO,CE,Combined TRACON& Tower with Radar,10,7,34,0,51,0,0,19,0,19,10,7,53,0,70,32,0,32,102
04/25/2020,LEX,KY,ASO,CE,Combined TRACON& Tower with Radar,8,7,16,0,31,0,1,17,0,18,8,8,33,0,49,0,0,0,49
04/26/2020,LEX,KY,ASO,CE,Combined TRACON& Tower with Radar,10,12,11,0,33,0,0,0,0,0,10,12,11,0,33,0,0,0,33
04/27/2020,LEX,KY,ASO,CE,Combined TRACON& Tower with Radar,9,10,31,0,50,0,2,75,0,77,9,12,106,0,127,6,0,6,133
04/28/2020,LEX,KY,ASO,CE,Combined TRACON& Tower with Radar,9,4,24,2,39,0,0,13,2,15,9,4,37,4,54,0,0,0,54
04/29/2020,LEX,KY,ASO,CE,Combined TRACON& Tower with Radar,10,8,10,0,28,0,0,2,4,6,10,8,12,4,34,0,0,0,34
04/30/2020,LEX,KY,ASO,CE,Combined TRACON& Tower with Radar,12,14,21,0,47,0,2,1,3,6,12,16,22,3,53,0,0,0,53
05/01/2020,LEX,KY,ASO,CE,Combined TRACON& Tower with Radar,14,20,33,0,67,0,3,57,4,64,14,23,90,4,131,16,0,16,147
05/02/2020,LEX,KY,ASO,CE,Combined TRACON& Tower with Radar,6,9,34,0,49,0,2,63,0,65,6,11,97,0,114,20,0,20,134
05/03/2020,LEX,KY,ASO,CE,Combined TRACON& Tower with Radar,9,9,17,0,35,0,0,13,0,13,9,9,30,0,48,0,0,0,48
05/04/2020,LEX,KY,ASO,CE,Combined TRACON& Tower with Radar,16,15,15,0,46,0,2,87,0,89,16,17,102,0,135,0,0,0,135
05/05/2020,LEX,KY,ASO,CE,Combined TRACON& Tower with Radar,14,8,30,0,52,0,0,0,0,0,14,8,30,0,52,0,0,0,52
05/06/2020,LEX,KY,ASO,CE,Combined TRACON& Tower with Radar,12,11,30,1,54,0,3,22,1,26,12,14,52,2,80,0,0,0,80
05/07/2020,LEX,KY,ASO,CE,Combined TRACON& Tower with Radar,12,8,37,0,57,0,0,68,0,68,12,8,105,0,125,0,0,0,125
05/08/2020,LEX,KY,ASO,CE,Combined TRACON& Tower with Radar,16,19,18,0,53,0,4,3,0,7,16,23,21,0,60,0,0,0,60
05/09/2020,LEX,KY,ASO,CE,Combined TRACON& Tower with Radar,13,8,28,0,49,0,0,70,0,70,13,8,98,0,119,10,0,10,129
05/10/2020,LEX,KY,ASO,CE,Combined TRACON& Tower with Radar,12,12,11,0,35,0,2,18,0,20,12,14,29,0,55,4,0,4,59
05/11/2020,LEX,KY,ASO,CE,Combined TRACON& Tower with Radar,17,13,21,0,51,0,2,40,0,42,17,15,61,0,93,16,0,16,109
05/12/2020,LEX,KY,ASO,CE,Combined TRACON& Tower with Radar,14,9,41,5,69,0,1,83,1,85,14,10,124,6,154,0,0,0,154
05/13/2020,LEX,KY,ASO,CE,Combined TRACON& Tower with Radar,14,17,25,4,60,0,1,2,0,3,14,18,27,4,63,16,0,16,79
05/14/2020,LEX,KY,ASO,CE,Combined TRACON& Tower with Radar,15,17,22,2,56,0,3,52,0,55,15,20,74,2,111,0,0,0,111
05/15/2020,LEX,KY,ASO,CE,Combined TRACON& Tower with Radar,15,15,21,0,51,0,4,23,0,27,15,19,44,0,78,14,10,24,102
05/16/2020,LEX,KY,ASO,CE,Combined TRACON& Tower with Radar,16,10,41,0,67,0,2,28,0,30,16,12,69,0,97,0,0,0,97
05/17/2020,LEX,KY,ASO,CE,Combined TRACON& Tower with Radar,15,12,24,0,51,0,4,50,2,56,15,16,74,2,107,18,0,18,125
05/18/2020,LEX,KY,ASO,CE,Combined TRACON& Tower with Radar,15,18,22,0,55,0,2,6,0,8,15,20,28,0,63,0,0,0,63
05/19/2020,LEX,KY,ASO,CE,Combined TRACON& Tower with Radar,15,16,13,0,44,0,0,0,0,0,15,16,13,0,44,0,0,0,44
05/20/2020,LEX,KY,ASO,CE,Combined TRACON& Tower with Radar,14,16,34,2,66,0,0,12,0,12,14,16,46,2,78,0,0,0,78
05/21/2020,LEX,KY,ASO,CE,Combined TRACON& Tower with Radar,17,12,52,4,85,0,4,15,0,19,17,16,67,4,104,60,0,60,164
05/22/2020,LEX,KY,ASO,CE,Combined TRACON& Tower with Radar,20,18,50,0,88,0,4,83,0,87,20,22,133,0,175,6,0,6,181
05/23/2020,LEX,KY,ASO,CE,Combined TRACON& Tower with Radar,17,8,18,0,43,0,2,36,0,38,17,10,54,0,81,6,0,6,87
05/24/2020,LEX,KY,ASO,CE,Combined TRACON& Tower with Radar,15,13,14,0,42,0,2,43,0,45,15,15,57,0,87,46,0,46,133
05/25/2020,LEX,KY,ASO,CE,Combined TRACON& Tower with Radar,22,11,25,0,58,0,2,46,0,48,22,13,71,0,106,38,0,38,144
05/26/2020,LEX,KY,ASO,CE,Combined TRACON& Tower with Radar,16,16,23,2,57,0,4,33,0,37,16,20,56,2,94,28,0,28,122
05/27/2020,LEX,KY,ASO,CE,Combined TRACON& Tower with Radar,17,15,35,0,67,0,2,47,0,49,17,17,82,0,116,38,0,38,154
05/28/2020,LEX,KY,ASO,CE,Combined TRACON& Tower with Radar,18,15,41,0,74,0,2,51,0,53,18,17,92,0,127,24,0,24,151
05/29/2020,LEX,KY,ASO,CE,Combined TRACON& Tower with Radar,17,16,23,0,56,0,0,34,0,34,17,16,57,0,90,0,4,4,94
05/30/2020,LEX,KY,ASO,CE,Combined TRACON& Tower with Radar,18,11,43,0,72,0,3,88,0,91,18,14,131,0,163,20,0,20,183
05/31/2020,LEX,KY,ASO,CE,Combined TRACON& Tower with Radar,17,17,41,0,75,0,2,113,0,115,17,19,154,0,190,82,0,82,272
06/01/2020,LEX,KY,ASO,CE,Combined TRACON& Tower with Radar,19,12,39,0,70,0,4,71,0,75,19,16,110,0,145,40,0,40,185
06/02/2020,LEX,KY,ASO,CE,Combined TRACON& Tower with Radar,10,18,45,5,78,0,0,69,1,70,10,18,114,6,148,38,0,38,186
06/03/2020,LEX,KY,ASO,CE,Combined TRACON& Tower with Radar,7,27,35,10,79,0,3,65,0,68,7,30,100,10,147,76,0,76,223
06/04/2020,LEX,KY,ASO,CE,Combined TRACON& Tower with Radar,15,19,45,2,81,0,2,45,0,47,15,21,90,2,128,10,0,10,138
06/05/2020,LEX,KY,ASO,CE,Combined TRACON& Tower with Radar,14,15,50,2,81,0,0,26,2,28,14,15,76,4,109,90,0,90,199
06/06/2020,LEX,KY,ASO,CE,Combined TRACON& Tower with Radar,11,18,57,2,88,0,8,72,8,88,11,26,129,10,176,4,0,4,180
06/07/2020,LEX,KY,ASO,CE,Combined TRACON& Tower with Radar,19,22,41,0,82,0,4,106,0,110,19,26,147,0,192,10,0,10,202
06/08/2020,LEX,KY,ASO,CE,Combined TRACON& Tower with Radar,17,20,28,0,65,0,3,62,0,65,17,23,90,0,130,4,8,12,142
06/09/2020,LEX,KY,ASO,CE,Combined TRACON& Tower with Radar,7,19,31,3,60,0,2,10,7,19,7,21,41,10,79,0,0,0,79
06/10/2020,LEX,KY,ASO,CE,Combined TRACON& Tower with Radar,6,20,26,0,52,0,5,9,0,14,6,25,35,0,66,6,0,6,72
06/11/2020,LEX,KY,ASO,CE,Combined TRACON& Tower with Radar,17,23,38,4,82,0,4,109,0,113,17,27,147,4,195,42,0,42,237
06/12/2020,LEX,KY,ASO,CE,Combined TRACON& Tower with Radar,18,16,48,7,89,0,3,87,7,97,18,19,135,14,186,34,24,58,244
06/13/2020,LEX,KY,ASO,CE,Combined TRACON& Tower with Radar,16,14,38,0,68,0,6,90,0,96,16,20,128,0,164,16,0,16,180
06/14/2020,LEX,KY,ASO,CE,Combined TRACON& Tower with Radar,17,17,35,0,69,0,0,27,0,27,17,17,62,0,96,2,0,2,98
06/15/2020,LEX,KY,ASO,CE,Combined TRACON& Tower with Radar,16,22,39,0,77,0,0,53,0,53,16,22,92,0,130,84,0,84,214
06/16/2020,LEX,KY,ASO,CE,Combined TRACON& Tower with Radar,7,26,51,0,84,0,0,69,2,71,7,26,120,2,155,22,0,22,177
06/17/2020,LEX,KY,ASO,CE,Combined TRACON& Tower with Radar,6,26,59,3,94,0,1,73,2,76,6,27,132,5,170,34,0,34,204
06/18/2020,LEX,KY,ASO,CE,Combined TRACON& Tower with Radar,18,21,33,0,72,1,2,36,0,39,19,23,69,0,111,68,0,68,179
06/19/2020,LEX,KY,ASO,CE,Combined TRACON& Tower with Radar,20,29,42,2,93,0,2,50,0,52,20,31,92,2,145,44,0,44,189
06/20/2020,LEX,KY,ASO,CE,Combined TRACON& Tower with Radar,17,20,61,0,98,0,7,94,2,103,17,27,155,2,201,84,0,84,285
06/21/2020,LEX,KY,ASO,CE,Combined TRACON& Tower with Radar,15,28,34,0,77,0,0,28,2,30,15,28,62,2,107,6,0,6,113
06/22/2020,LEX,KY,ASO,CE,Combined TRACON& Tower with Radar,21,33,44,0,98,0,4,44,0,48,21,37,88,0,146,74,0,74,220
06/23/2020,LEX,KY,ASO,CE,Combined TRACON& Tower with Radar,7,17,52,1,77,0,1,16,1,18,7,18,68,2,95,24,0,24,119
06/24/2020,LEX,KY,ASO,CE,Combined TRACON& Tower with Radar,6,19,70,5,100,0,5,86,10,101,6,24,156,15,201,8,0,8,209
06/25/2020,LEX,KY,ASO,CE,Combined TRACON& Tower with Radar,15,21,77,0,113,0,5,92,0,97,15,26,169,0,210,40,0,40,250
06/26/2020,LEX,KY,ASO,CE,Combined TRACON& Tower with Radar,16,16,64,0,96,0,5,81,0,86,16,21,145,0,182,60,0,60,242
06/27/2020,LEX,KY,ASO,CE,Combined TRACON& Tower with Radar,18,18,28,0,64,0,4,1,0,5,18,22,29,0,69,6,0,6,75
06/28/2020,LEX,KY,ASO,CE,Combined TRACON& Tower with Radar,15,21,36,0,72,0,0,3,0,3,15,21,39,0,75,0,0,0,75
06/29/2020,LEX,KY,ASO,CE,Combined TRACON& Tower with Radar,16,18,35,1,70,0,0,16,0,16,16,18,51,1,86,36,0,36,122
06/30/2020,LEX,KY,ASO,CE,Combined TRACON& Tower with Radar,7,23,43,3,76,0,2,43,2,47,7,25,86,5,123,20,0,20,143
07/01/2020,LEX,KY,ASO,CE,Combined TRACON& Tower with Radar,10,20,36,0,66,0,4,38,0,42,10,24,74,0,108,14,0,14,122
07/02/2020,LEX,KY,ASO,CE,Combined TRACON& Tower with Radar,21,19,54,0,94,0,3,88,0,91,21,22,142,0,185,76,0,76,261
07/03/2020,LEX,KY,ASO,CE,Combined TRACON& Tower with Radar,18,17,52,0,87,0,5,79,6,90,18,22,131,6,177,18,0,18,195
07/04/2020,LEX,KY,ASO,CE,Combined TRACON& Tower with Radar,19,18,20,0,57,0,10,45,5,60,19,28,65,5,117,12,0,12,129
07/05/2020,LEX,KY,ASO,CE,Combined TRACON& Tower with Radar,19,15,33,0,67,0,0,56,0,56,19,15,89,0,123,26,0,26,149
07/06/2020,LEX,KY,ASO,CE,Combined TRACON& Tower with Radar,20,22,39,2,83,0,2,42,2,46,20,24,81,4,129,30,0,30,159
07/07/2020,LEX,KY,ASO,CE,Combined TRACON& Tower with Radar,14,21,41,1,77,0,7,66,1,74,14,28,107,2,151,4,0,4,155
07/08/2020,LEX,KY,ASO,CE,Combined TRACON& Tower with Radar,10,26,59,0,95,0,3,36,4,43,10,29,95,4,138,0,0,0,138
07/09/2020,LEX,KY,ASO,CE,Combined TRACON& Tower with Radar,22,30,52,1,105,0,4,55,1,60,22,34,107,2,165,8,0,8,173
07/10/2020,LEX,KY,ASO,CE,Combined TRACON& Tower with Radar,22,40,53,2,117,0,4,44,4,52,22,44,97,6,169,26,0,26,195
07/11/2020,LEX,KY,ASO,CE,Combined TRACON& Tower with Radar,22,24,51,0,97,0,10,75,0,85,22,34,126,0,182,34,0,34,216
07/12/2020,LEX,KY,ASO,CE,Combined TRACON& Tower with Radar,22,28,26,0,76,0,4,42,0,46,22,32,68,0,122,30,0,30,152
07/13/2020,LEX,KY,ASO,CE,Combined TRACON& Tower with Radar,25,30,45,0,100,0,7,113,1,121,25,37,158,1,221,40,0,40,261
07/14/2020,LEX,KY,ASO,CE,Combined TRACON& Tower with Radar,15,24,40,2,81,0,0,95,7,102,15,24,135,9,183,20,14,34,217
07/15/2020,LEX,KY,ASO,CE,Combined TRACON& Tower with Radar,11,23,42,2,78,0,2,85,0,87,11,25,127,2,165,16,0,16,181
07/16/2020,LEX,KY,ASO,CE,Combined TRACON& Tower with Radar,22,23,42,7,94,0,7,35,3,45,22,30,77,10,139,6,22,28,167
07/17/2020,LEX,KY,ASO,CE,Combined TRACON& Tower with Radar,24,28,25,0,77,0,4,37,4,45,24,32,62,4,122,14,0,14,136
07/18/2020,LEX,KY,ASO,CE,Combined TRACON& Tower with Radar,22,23,46,0,91,0,3,72,0,75,22,26,118,0,166,54,0,54,220
07/19/2020,LEX,KY,ASO,CE,Combined TRACON& Tower with Radar,23,24,42,0,89,0,6,52,0,58,23,30,94,0,147,12,0,12,159
07/20/2020,LEX,KY,ASO,CE,Combined TRACON& Tower with Radar,24,26,38,0,88,0,0,34,1,35,24,26,72,1,123,76,0,76,199
07/21/2020,LEX,KY,ASO,CE,Combined TRACON& Tower with Radar,12,31,64,6,113,0,6,78,0,84,12,37,142,6,197,34,0,34,231
07/22/2020,LEX,KY,ASO,CE,Combined TRACON& Tower with Radar,10,24,42,0,76,0,2,50,1,53,10,26,92,1,129,26,0,26,155
07/23/2020,LEX,KY,ASO,CE,Combined TRACON& Tower with Radar,22,29,43,4,98,0,0,13,1,14,22,29,56,5,112,50,0,50,162
07/24/2020,LEX,KY,ASO,CE,Combined TRACON& Tower with Radar,22,30,63,0,115,0,5,91,1,97,22,35,154,1,212,68,0,68,280
07/25/2020,LEX,KY,ASO,CE,Combined TRACON& Tower with Radar,22,20,40,0,82,0,3,91,0,94,22,23,131,0,176,50,0,50,226
07/26/2020,LEX,KY,ASO,CE,Combined TRACON& Tower with Radar,22,36,37,0,95,0,4,61,4,69,22,40,98,4,164,20,0,20,184
07/27/2020,LEX,KY,ASO,CE,Combined TRACON& Tower with Radar,25,45,43,2,115,0,0,49,1,50,25,45,92,3,165,28,0,28,193
07/28/2020,LEX,KY,ASO,CE,Combined TRACON& Tower with Radar,12,29,39,0,80,0,4,42,3,49,12,33,81,3,129,39,0,39,168
07/29/2020,LEX,KY,ASO,CE,Combined TRACON& Tower with Radar,10,36,59,2,107,0,4,105,4,113,10,40,164,6,220,84,0,84,304
07/30/2020,LEX,KY,ASO,CE,Combined TRACON& Tower with Radar,32,34,32,0,98,0,0,23,0,23,32,34,55,0,121,0,0,0,121
07/31/2020,LEX,KY,ASO,CE,Combined TRACON& Tower with Radar,26,33,38,2,99,0,4,2,0,6,26,37,40,2,105,0,0,0,105
08/01/2020,LEX,KY,ASO,CE,Combined TRACON& Tower with Radar,24,29,35,2,90,0,3,7,0,10,24,32,42,2,100,0,0,0,100
08/02/2020,LEX,KY,ASO,CE,Combined TRACON& Tower with Radar,25,36,61,0,122,0,2,40,0,42,25,38,101,0,164,50,0,50,214
08/03/2020,LEX,KY,ASO,CE,Combined TRACON& Tower with Radar,27,38,27,0,92,0,0,60,0,60,27,38,87,0,152,12,0,12,164
08/04/2020,LEX,KY,ASO,CE,Combined TRACON& Tower with Radar,18,20,38,2,78,0,1,43,4,48,18,21,81,6,126,8,0,8,134
08/05/2020,LEX,KY,ASO,CE,Combined TRACON& Tower with Radar,19,23,44,0,86,0,0,103,5,108,19,23,147,5,194,22,0,22,216
08/06/2020,LEX,KY,ASO,CE,Combined TRACON& Tower with Radar,26,33,67,4,130,0,0,96,4,100,26,33,163,8,230,36,0,36,266
08/07/2020,LEX,KY,ASO,CE,Combined TRACON& Tower with Radar,28,26,54,6,114,0,2,90,4,96,28,28,144,10,210,18,0,18,228
08/08/2020,LEX,KY,ASO,CE,Combined TRACON& Tower with Radar,19,30,41,0,90,0,4,84,0,88,19,34,125,0,178,20,0,20,198
08/09/2020,LEX,KY,ASO,CE,Combined TRACON& Tower with Radar,26,28,41,0,95,0,2,57,2,61,26,30,98,2,156,47,0,47,203
08/10/2020,LEX,KY,ASO,CE,Combined TRACON& Tower with Radar,29,34,26,0,89,0,0,15,0,15,29,34,41,0,104,24,0,24,128
08/11/2020,LEX,KY,ASO,CE,Combined TRACON& Tower with Radar,20,29,71,4,124,0,0,77,0,77,20,29,148,4,201,48,0,48,249
08/12/2020,LEX,KY,ASO,CE,Combined TRACON& Tower with Radar,18,31,52,8,109,0,2,65,2,69,18,33,117,10,178,36,0,36,214
08/13/2020,LEX,KY,ASO,CE,Combined TRACON& Tower with Radar,24,36,34,7,101,0,1,62,1,64,24,37,96,8,165,10,0,10,175
08/14/2020,LEX,KY,ASO,CE,Combined TRACON& Tower with Radar,25,35,28,0,88,0,2,33,0,35,25,37,61,0,123,8,0,8,131
08/15/2020,LEX,KY,ASO,CE,Combined TRACON& Tower with Radar,17,21,53,0,91,0,0,42,2,44,17,21,95,2,135,10,0,10,145
08/16/2020,LEX,KY,ASO,CE,Combined TRACON& Tower with Radar,23,24,26,0,73,0,0,65,0,65,23,24,91,0,138,36,0,36,174
08/17/2020,LEX,KY,ASO,CE,Combined TRACON& Tower with Radar,29,33,33,2,97,0,1,101,0,102,29,34,134,2,199,28,0,28,227
08/18/2020,LEX,KY,ASO,CE,Combined TRACON& Tower with Radar,16,26,27,3,72,0,0,39,0,39,16,26,66,3,111,38,0,38,149
08/19/2020,LEX,KY,ASO,CE,Combined TRACON& Tower with Radar,16,33,69,6,124,0,4,108,4,116,16,37,177,10,240,34,0,34,274
08/20/2020,LEX,KY,ASO,CE,Combined TRACON& Tower with Radar,22,31,41,0,94,0,1,86,2,89,22,32,127,2,183,45,0,45,228
08/21/2020,LEX,KY,ASO,CE,Combined TRACON& Tower with Radar,24,28,29,0,81,0,0,47,0,47,24,28,76,0,128,42,0,42,170
08/22/2020,LEX,KY,ASO,CE,Combined TRACON& Tower with Radar,14,28,31,0,73,0,2,13,0,15,14,30,44,0,88,0,0,0,88
08/23/2020,LEX,KY,ASO,CE,Combined TRACON& Tower with Radar,22,29,59,51,161,0,0,41,14,55,22,29,100,65,216,2,0,2,218
08/24/2020,LEX,KY,ASO,CE,Combined TRACON& Tower with Radar,23,36,40,1,100,0,4,97,2,103,23,40,137,3,203,70,0,70,273
08/25/2020,LEX,KY,ASO,CE,Combined TRACON& Tower with Radar,20,27,64,3,114,0,10,75,5,90,20,37,139,8,204,68,0,68,272
08/26/2020,LEX,KY,ASO,CE,Combined TRACON& Tower with Radar,19,21,71,63,174,0,3,83,8,94,19,24,154,71,268,68,0,68,336
08/27/2020,LEX,KY,ASO,CE,Combined TRACON& Tower with Radar,22,39,34,6,101,0,0,41,3,44,22,39,75,9,145,129,0,129,274
08/28/2020,LEX,KY,ASO,CE,Combined TRACON& Tower with Radar,22,31,27,1,81,0,4,23,2,29,22,35,50,3,110,4,0,4,114
08/29/2020,LEX,KY,ASO,CE,Combined TRACON& Tower with Radar,14,24,21,8,67,0,8,6,0,14,14,32,27,8,81,4,0,4,85
08/30/2020,LEX,KY,ASO,CE,Combined TRACON& Tower with Radar,22,22,43,0,87,0,3,81,0,84,22,25,124,0,171,4,0,4,175
08/31/2020,LEX,KY,ASO,CE,Combined TRACON& Tower with Radar,23,25,40,0,88,0,0,9,2,11,23,25,49,2,99,12,0,12,111
09/01/2020,LEX,KY,ASO,CE,Combined TRACON& Tower with Radar,15,24,46,5,90,0,4,30,3,37,15,28,76,8,127,60,0,60,187
09/02/2020,LEX,KY,ASO,CE,Combined TRACON& Tower with Radar,15,27,61,1,104,0,1,27,1,29,15,28,88,2,133,28,0,28,161
09/03/2020,LEX,KY,ASO,CE,Combined TRACON& Tower with Radar,24,40,38,1,103,0,1,19,3,23,24,41,57,4,126,0,0,0,126
09/04/2020,LEX,KY,ASO,CE,Combined TRACON& Tower with Radar,24,32,86,0,142,0,4,94,0,98,24,36,180,0,240,44,0,44,284
09/05/2020,LEX,KY,ASO,CE,Combined TRACON& Tower with Radar,13,24,35,0,72,0,2,117,0,119,13,26,152,0,191,34,0,34,225
09/06/2020,LEX,KY,ASO,CE,Combined TRACON& Tower with Radar,22,25,36,0,83,0,0,84,0,84,22,25,120,0,167,26,0,26,193
09/07/2020,LEX,KY,ASO,CE,Combined TRACON& Tower with Radar,25,40,62,0,127,0,5,93,1,99,25,45,155,1,226,35,0,35,261
09/08/2020,LEX,KY,ASO,CE,Combined TRACON& Tower with Radar,17,30,49,0,96,0,6,104,0,110,17,36,153,0,206,50,0,50,256
09/09/2020,LEX,KY,ASO,CE,Combined TRACON& Tower with Radar,16,24,51,2,93,0,2,89,0,91,16,26,140,2,184,30,0,30,214
09/10/2020,LEX,KY,ASO,CE,Combined TRACON& Tower with Radar,20,37,52,5,114,0,4,76,7,87,20,41,128,12,201,26,0,26,227
09/11/2020,LEX,KY,ASO,CE,Combined TRACON& Tower with Radar,22,37,55,2,116,0,3,3,0,6,22,40,58,2,122,0,0,0,122
09/12/2020,LEX,KY,ASO,CE,Combined TRACON& Tower with Radar,13,31,37,0,81,0,2,37,1,40,13,33,74,1,121,12,0,12,133
09/13/2020,LEX,KY,ASO,CE,Combined TRACON& Tower with Radar,19,31,35,0,85,0,0,12,0,12,19,31,47,0,97,0,0,0,97
09/14/2020,LEX,KY,ASO,CE,Combined TRACON& Tower with Radar,21,40,39,0,100,0,0,95,2,97,21,40,134,2,197,32,0,32,229
09/15/2020,LEX,KY,ASO,CE,Combined TRACON& Tower with Radar,16,29,71,11,127,0,4,93,3,100,16,33,164,14,227,14,0,14,241
09/16/2020,LEX,KY,ASO,CE,Combined TRACON& Tower with Radar,15,36,66,4,121,0,0,82,4,86,15,36,148,8,207,46,0,46,253
09/17/2020,LEX,KY,ASO,CE,Combined TRACON& Tower with Radar,20,30,56,5,111,0,6,84,3,93,20,36,140,8,204,22,0,22,226
09/18/2020,LEX,KY,ASO,CE,Combined TRACON& Tower with Radar,22,34,54,2,112,0,0,68,3,71,22,34,122,5,183,14,0,14,197
09/19/2020,LEX,KY,ASO,CE,Combined TRACON& Tower with Radar,13,33,58,4,108,0,2,109,1,112,13,35,167,5,220,18,0,18,238
09/20/2020,LEX,KY,ASO,CE,Combined TRACON& Tower with Radar,20,31,37,0,88,0,3,93,0,96,20,34,130,0,184,50,0,50,234
09/21/2020,LEX,KY,ASO,CE,Combined TRACON& Tower with Radar,21,26,50,19,116,0,4,90,2,96,21,30,140,21,212,40,0,40,252
09/22/2020,LEX,KY,ASO,CE,Combined TRACON& Tower with Radar,17,25,44,4,90,0,5,83,7,95,17,30,127,11,185,38,0,38,223
09/23/2020,LEX,KY,ASO,CE,Combined TRACON& Tower with Radar,15,28,43,2,88,0,2,83,0,85,15,30,126,2,173,34,0,34,207
09/24/2020,LEX,KY,ASO,CE,Combined TRACON& Tower with Radar,20,32,44,0,96,0,3,81,0,84,20,35,125,0,180,8,0,8,188
09/25/2020,LEX,KY,ASO,CE,Combined TRACON& Tower with Radar,22,30,42,0,94,0,5,71,0,76,22,35,113,0,170,32,0,32,202
09/26/2020,LEX,KY,ASO,CE,Combined TRACON& Tower with Radar,15,28,52,3,98,0,2,42,3,47,15,30,94,6,145,30,0,30,175
09/27/2020,LEX,KY,ASO,CE,Combined TRACON& Tower with Radar,20,37,50,2,109,0,0,45,0,45,20,37,95,2,154,50,0,50,204
09/28/2020,LEX,KY,ASO,CE,Combined TRACON& Tower with Radar,24,26,31,0,81,0,2,6,1,9,24,28,37,1,90,0,0,0,90
09/29/2020,LEX,KY,ASO,CE,Combined TRACON& Tower with Radar,15,26,35,0,76,0,2,15,1,18,15,28,50,1,94,22,0,22,116
09/30/2020,LEX,KY,ASO,CE,Combined TRACON& Tower with Radar,15,31,38,3,87,0,3,31,1,35,15,34,69,4,122,6,0,6,128
10/01/2020,LEX,KY,ASO,CE,Combined TRACON& Tower with Radar,20,38,47,0,105,0,0,77,0,77,20,38,124,0,182,59,0,59,241
10/02/2020,LEX,KY,ASO,CE,Combined TRACON& Tower with Radar,21,38,56,0,115,0,8,86,0,94,21,46,142,0,209,48,0,48,257
10/03/2020,LEX,KY,ASO,CE,Combined TRACON& Tower with Radar,20,37,41,0,98,0,9,83,0,92,20,46,124,0,190,72,0,72,262
10/04/2020,LEX,KY,ASO,CE,Combined TRACON& Tower with Radar,19,31,56,0,106,0,2,47,0,49,19,33,103,0,155,18,0,18,173
10/05/2020,LEX,KY,ASO,CE,Combined TRACON& Tower with Radar,20,32,41,12,105,0,2,62,3,67,20,34,103,15,172,0,0,0,172
10/06/2020,LEX,KY,ASO,CE,Combined TRACON& Tower with Radar,15,28,35,3,81,0,6,90,4,100,15,34,125,7,181,78,0,78,259
10/07/2020,LEX,KY,ASO,CE,Combined TRACON& Tower with Radar,17,29,53,6,105,0,2,103,3,108,17,31,156,9,213,52,0,52,265
10/08/2020,LEX,KY,ASO,CE,Combined TRACON& Tower with Radar,21,30,61,3,115,0,5,135,8,148,21,35,196,11,263,106,0,106,369
10/09/2020,LEX,KY,ASO,CE,Combined TRACON& Tower with Radar,22,28,57,0,107,0,4,73,0,77,22,32,130,0,184,72,0,72,256
10/10/2020,LEX,KY,ASO,CE,Combined TRACON& Tower with Radar,19,27,38,0,84,0,0,7,3,10,19,27,45,3,94,0,0,0,94
10/11/2020,LEX,KY,ASO,CE,Combined TRACON& Tower with Radar,26,29,37,0,92,0,1,0,2,3,26,30,37,2,95,0,0,0,95
10/12/2020,LEX,KY,ASO,CE,Combined TRACON& Tower with Radar,22,28,51,0,101,0,2,11,0,13,22,30,62,0,114,10,0,10,124
10/13/2020,LEX,KY,ASO,CE,Combined TRACON& Tower with Radar,15,22,48,3,88,0,3,109,2,114,15,25,157,5,202,98,0,98,300
10/14/2020,LEX,KY,ASO,CE,Combined TRACON& Tower with Radar,18,25,38,4,85,0,0,85,0,85,18,25,123,4,170,74,0,74,244
10/15/2020,LEX,KY,ASO,CE,Combined TRACON& Tower with Radar,20,38,51,1,110,0,2,36,3,41,20,40,87,4,151,26,0,26,177
10/16/2020,LEX,KY,ASO,CE,Combined TRACON& Tower with Radar,20,27,54,0,101,0,6,91,0,97,20,33,145,0,198,12,0,12,210
10/17/2020,LEX,KY,ASO,CE,Combined TRACON& Tower with Radar,19,21,26,0,66,0,3,128,0,131,19,24,154,0,197,36,0,36,233
10/18/2020,LEX,KY,ASO,CE,Combined TRACON& Tower with Radar,22,32,50,0,104,0,1,28,0,29,22,33,78,0,133,8,0,8,141
10/19/2020,LEX,KY,ASO,CE,Combined TRACON& Tower with Radar,23,25,22,0,70,0,0,9,0,9,23,25,31,0,79,0,0,0,79
10/20/2020,LEX,KY,ASO,CE,Combined TRACON& Tower with Radar,15,25,48,1,89,0,5,12,1,18,15,30,60,2,107,18,0,18,125
10/21/2020,LEX,KY,ASO,CE,Combined TRACON& Tower with Radar,18,35,61,14,128,0,1,108,6,115,18,36,169,20,243,92,0,92,335
10/22/2020,LEX,KY,ASO,CE,Combined TRACON& Tower with Radar,24,31,59,3,117,0,1,75,7,83,24,32,134,10,200,48,0,48,248
10/23/2020,LEX,KY,ASO,CE,Combined TRACON& Tower with Radar,22,31,36,6,95,0,0,53,1,54,22,31,89,7,149,18,0,18,167
10/24/2020,LEX,KY,ASO,CE,Combined TRACON& Tower with Radar,25,18,41,0,84,0,3,7,1,11,25,21,48,1,95,92,0,92,187
10/25/2020,LEX,KY,ASO,CE,Combined TRACON& Tower with Radar,21,31,53,4,109,0,2,7,0,9,21,33,60,4,118,0,0,0,118
10/26/2020,LEX,KY,ASO,CE,Combined TRACON& Tower with Radar,25,33,70,0,128,0,3,4,0,7,25,36,74,0,135,0,0,0,135
10/27/2020,LEX,KY,ASO,CE,Combined TRACON& Tower with Radar,17,22,32,5,76,0,2,11,1,14,17,24,43,6,90,0,0,0,90
10/28/2020,LEX,KY,ASO,CE,Combined TRACON& Tower with Radar,18,23,66,0,107,0,2,2,0,4,18,25,68,0,111,12,0,12,123
10/29/2020,LEX,KY,ASO,CE,Combined TRACON& Tower with Radar,18,36,26,0,80,0,0,0,0,0,18,36,26,0,80,0,0,0,80
10/30/2020,LEX,KY,ASO,CE,Combined TRACON& Tower with Radar,22,39,69,0,130,0,5,69,2,76,22,44,138,2,206,78,0,78,284
10/31/2020,LEX,KY,ASO,CE,Combined TRACON& Tower with Radar,17,26,56,0,99,0,7,105,2,114,17,33,161,2,213,40,0,40,253
11/01/2020,LEX,KY,ASO,CE,Combined TRACON& Tower with Radar,20,35,39,0,94,0,2,5,0,7,20,37,44,0,101,0,0,0,101
11/02/2020,LEX,KY,ASO,CE,Combined TRACON& Tower with Radar,22,32,65,3,122,0,4,91,4,99,22,36,156,7,221,42,0,42,263
11/03/2020,LEX,KY,ASO,CE,Combined TRACON& Tower with Radar,18,11,30,6,65,0,0,95,2,97,18,11,125,8,162,23,0,23,185
11/04/2020,LEX,KY,ASO,CE,Combined TRACON& Tower with Radar,19,26,67,0,112,0,0,94,0,94,19,26,161,0,206,0,0,0,206
11/05/2020,LEX,KY,ASO,CE,Combined TRACON& Tower with Radar,20,53,94,7,174,0,10,68,4,82,20,63,162,11,256,6,0,6,262
11/06/2020,LEX,KY,ASO,CE,Combined TRACON& Tower with Radar,23,49,68,35,175,0,4,96,7,107,23,53,164,42,282,0,8,8,290
11/07/2020,LEX,KY,ASO,CE,Combined TRACON& Tower with Radar,18,64,56,1,139,0,4,105,0,109,18,68,161,1,248,0,0,0,248
11/08/2020,LEX,KY,ASO,CE,Combined TRACON& Tower with Radar,24,47,61,0,132,0,1,102,0,103,24,48,163,0,235,26,0,26,261
11/09/2020,LEX,KY,ASO,CE,Combined TRACON& Tower with Radar,19,45,35,0,99,0,2,77,6,85,19,47,112,6,184,46,0,46,230
11/10/2020,LEX,KY,ASO,CE,Combined TRACON& Tower with Radar,14,32,28,20,94,0,3,57,2,62,14,35,85,22,156,54,0,54,210
11/11/2020,LEX,KY,ASO,CE,Combined TRACON& Tower with Radar,19,27,49,0,95,0,0,9,2,11,19,27,58,2,106,48,0,48,154
11/12/2020,LEX,KY,ASO,CE,Combined TRACON& Tower with Radar,21,45,57,1,124,0,3,84,5,92,21,48,141,6,216,72,0,72,288
11/13/2020,LEX,KY,ASO,CE,Combined TRACON& Tower with Radar,20,32,55,5,112,0,0,71,5,76,20,32,126,10,188,56,0,56,244
11/14/2020,LEX,KY,ASO,CE,Combined TRACON& Tower with Radar,16,28,30,0,74,0,4,78,0,82,16,32,108,0,156,6,0,6,162
11/15/2020,LEX,KY,ASO,CE,Combined TRACON& Tower with Radar,19,40,22,0,81,0,1,4,0,5,19,41,26,0,86,10,0,10,96
11/16/2020,LEX,KY,ASO,CE,Combined TRACON& Tower with Radar,19,31,47,2,99,0,3,55,3,61,19,34,102,5,160,14,0,14,174
11/17/2020,LEX,KY,ASO,CE,Combined TRACON& Tower with Radar,17,26,29,0,72,0,0,45,6,51,17,26,74,6,123,20,0,20,143
11/18/2020,LEX,KY,ASO,CE,Combined TRACON& Tower with Radar,15,23,50,2,90,0,1,91,2,94,15,24,141,4,184,0,0,0,184
11/19/2020,LEX,KY,ASO,CE,Combined TRACON& Tower with Radar,16,36,35,4,91,0,3,30,8,41,16,39,65,12,132,16,0,16,148
11/20/2020,LEX,KY,ASO,CE,Combined TRACON& Tower with Radar,23,47,42,0,112,0,3,43,0,46,23,50,85,0,158,26,0,26,184
11/21/2020,LEX,KY,ASO,CE,Combined TRACON& Tower with Radar,23,30,41,0,94,0,0,9,0,9,23,30,50,0,103,32,0,32,135
11/22/2020,LEX,KY,ASO,CE,Combined TRACON& Tower with Radar,24,26,30,1,81,0,1,3,0,4,24,27,33,1,85,16,0,16,101
11/23/2020,LEX,KY,ASO,CE,Combined TRACON& Tower with Radar,18,25,43,0,86,0,6,73,2,81,18,31,116,2,167,81,0,81,248
11/24/2020,LEX,KY,ASO,CE,Combined TRACON& Tower with Radar,19,33,27,6,85,0,2,73,1,76,19,35,100,7,161,42,0,42,203
11/25/2020,LEX,KY,ASO,CE,Combined TRACON& Tower with Radar,27,36,22,0,85,0,1,7,0,8,27,37,29,0,93,15,0,15,108
11/26/2020,LEX,KY,ASO,CE,Combined TRACON& Tower with Radar,7,8,13,0,28,0,1,4,0,5,7,9,17,0,33,6,0,6,39
11/27/2020,LEX,KY,ASO,CE,Combined TRACON& Tower with Radar,22,27,34,0,83,0,1,59,1,61,22,28,93,1,144,6,0,6,150
11/28/2020,LEX,KY,ASO,CE,Combined TRACON& Tower with Radar,19,33,35,0,87,0,6,57,0,63,19,39,92,0,150,0,0,0,150
11/29/2020,LEX,KY,ASO,CE,Combined TRACON& Tower with Radar,26,43,41,2,112,0,9,66,2,77,26,52,107,4,189,26,0,26,215
11/30/2020,LEX,KY,ASO,CE,Combined TRACON& Tower with Radar,26,31,11,0,68,0,0,0,0,0,26,31,11,0,68,0,0,0,68
12/01/2020,LEX,KY,ASO,CE,Combined TRACON& Tower with Radar,15,27,22,0,64,0,3,22,0,25,15,30,44,0,89,30,0,30,119
12/02/2020,LEX,KY,ASO,CE,Combined TRACON& Tower with Radar,14,27,44,4,89,0,8,101,4,113,14,35,145,8,202,30,0,30,232
12/03/2020,LEX,KY,ASO,CE,Combined TRACON& Tower with Radar,26,21,47,2,96,0,0,55,3,58,26,21,102,5,154,36,0,36,190
12/04/2020,LEX,KY,ASO,CE,Combined TRACON& Tower with Radar,25,32,32,3,92,0,0,1,0,1,25,32,33,3,93,0,0,0,93
12/05/2020,LEX,KY,ASO,CE,Combined TRACON& Tower with Radar,14,15,43,1,73,0,1,37,0,38,14,16,80,1,111,28,0,28,139
12/06/2020,LEX,KY,ASO,CE,Combined TRACON& Tower with Radar,23,24,38,0,85,0,2,30,0,32,23,26,68,0,117,36,0,36,153
12/07/2020,LEX,KY,ASO,CE,Combined TRACON& Tower with Radar,22,24,18,0,64,0,0,10,2,12,22,24,28,2,76,20,0,20,96
12/08/2020,LEX,KY,ASO,CE,Combined TRACON& Tower with Radar,13,20,40,2,75,0,2,54,2,58,13,22,94,4,133,36,0,36,169
12/09/2020,LEX,KY,ASO,CE,Combined TRACON& Tower with Radar,12,20,45,2,79,0,4,58,0,62,12,24,103,2,141,46,0,46,187
12/10/2020,LEX,KY,ASO,CE,Combined TRACON& Tower with Radar,20,29,46,3,98,0,10,115,8,133,20,39,161,11,231,58,0,58,289
12/11/2020,LEX,KY,ASO,CE,Combined TRACON& Tower with Radar,23,31,53,2,109,0,6,109,1,116,23,37,162,3,225,56,0,56,281
12/12/2020,LEX,KY,ASO,CE,Combined TRACON& Tower with Radar,15,19,13,0,47,0,0,3,0,3,15,19,16,0,50,0,0,0,50
12/13/2020,LEX,KY,ASO,CE,Combined TRACON& Tower with Radar,22,24,43,0,89,0,1,21,0,22,22,25,64,0,111,12,0,12,123
12/14/2020,LEX,KY,ASO,CE,Combined TRACON& Tower with Radar,21,24,33,3,81,0,1,9,1,11,21,25,42,4,92,30,0,30,122
12/15/2020,LEX,KY,ASO,CE,Combined TRACON& Tower with Radar,13,16,70,6,105,0,1,87,2,90,13,17,157,8,195,28,0,28,223
12/16/2020,LEX,KY,ASO,CE,Combined TRACON& Tower with Radar,12,21,21,0,54,0,0,0,0,0,12,21,21,0,54,0,0,0,54
12/17/2020,LEX,KY,ASO,CE,Combined TRACON& Tower with Radar,25,30,27,2,84,0,0,6,0,6,25,30,33,2,90,6,0,6,96
12/18/2020,LEX,KY,ASO,CE,Combined TRACON& Tower with Radar,25,33,53,2,113,0,1,98,0,99,25,34,151,2,212,26,0,26,238
12/19/2020,LEX,KY,ASO,CE,Combined TRACON& Tower with Radar,26,25,45,0,96,0,3,62,0,65,26,28,107,0,161,16,0,16,177
12/20/2020,LEX,KY,ASO,CE,Combined TRACON& Tower with Radar,24,32,20,0,76,0,1,8,0,9,24,33,28,0,85,22,0,22,107
12/21/2020,LEX,KY,ASO,CE,Combined TRACON& Tower with Radar,25,33,35,0,93,0,3,15,0,18,25,36,50,0,111,10,0,10,121
12/22/2020,LEX,KY,ASO,CE,Combined TRACON& Tower with Radar,29,33,79,1,142,0,3,142,3,148,29,36,221,4,290,46,0,46,336
12/23/2020,LEX,KY,ASO,CE,Combined TRACON& Tower with Radar,26,29,28,0,83,0,1,26,0,27,26,30,54,0,110,0,0,0,110
12/24/2020,LEX,KY,ASO,CE,Combined TRACON& Tower with Radar,18,17,11,0,46,0,0,1,0,1,18,17,12,0,47,0,0,0,47
12/25/2020,LEX,KY,ASO,CE,Combined TRACON& Tower with Radar,17,10,3,0,30,0,2,1,0,3,17,12,4,0,33,0,0,0,33
12/26/2020,LEX,KY,ASO,CE,Combined TRACON& Tower with Radar,22,33,53,0,108,0,0,52,0,52,22,33,105,0,160,0,0,0,160
12/27/2020,LEX,KY,ASO,CE,Combined TRACON& Tower with Radar,24,31,47,0,102,0,7,46,0,53,24,38,93,0,155,0,0,0,155
12/28/2020,LEX,KY,ASO,CE,Combined TRACON& Tower with Radar,26,35,33,1,95,0,2,65,12,79,26,37,98,13,174,32,0,32,206
12/29/2020,LEX,KY,ASO,CE,Combined TRACON& Tower with Radar,25,25,49,1,100,0,10,131,1,142,25,35,180,2,242,76,0,76,318
12/30/2020,LEX,KY,ASO,CE,Combined TRACON& Tower with Radar,23,26,16,2,67,0,3,22,0,25,23,29,38,2,92,0,0,0,92
12/31/2020,LEX,KY,ASO,CE,Combined TRACON& Tower with Radar,20,15,8,0,43,0,0,0,0,0,20,15,8,0,43,0,0,0,43
01/01/2021,LEX,KY,ASO,CE,Combined TRACON& Tower with Radar,18,20,13,0,51,0,0,2,0,2,18,20,15,0,53,0,0,0,53
01/02/2021,LEX,KY,ASO,CE,Combined TRACON& Tower with Radar,25,32,34,0,91,0,1,0,0,1,25,33,34,0,92,10,0,10,102
01/03/2021,LEX,KY,ASO,CE,Combined TRACON& Tower with Radar,23,37,34,0,94,0,0,1,0,1,23,37,35,0,95,0,0,0,95
01/04/2021,LEX,KY,ASO,CE,Combined TRACON& Tower with Radar,20,27,39,2,88,0,3,77,2,82,20,30,116,4,170,54,0,54,224
01/05/2021,LEX,KY,ASO,CE,Combined TRACON& Tower with Radar,19,22,13,0,54,0,0,3,2,5,19,22,16,2,59,0,0,0,59
01/06/2021,LEX,KY,ASO,CE,Combined TRACON& Tower with Radar,20,23,37,2,82,0,3,31,4,38,20,26,68,6,120,14,0,14,134
01/07/2021,LEX,KY,ASO,CE,Combined TRACON& Tower with Radar,25,27,30,1,83,0,0,26,3,29,25,27,56,4,112,24,0,24,136
01/08/2021,LEX,KY,ASO,CE,Combined TRACON& Tower with Radar,28,34,11,0,73,0,0,10,0,10,28,34,21,0,83,6,0,6,89
01/09/2021,LEX,KY,ASO,CE,Combined TRACON& Tower with Radar,18,27,15,2,62,0,0,20,0,20,18,27,35,2,82,69,0,69,151
01/10/2021,LEX,KY,ASO,CE,Combined TRACON& Tower with Radar,22,26,43,1,92,0,4,98,0,102,22,30,141,1,194,40,0,40,234
01/11/2021,LEX,KY,ASO,CE,Combined TRACON& Tower with Radar,23,26,39,4,92,0,1,30,4,35,23,27,69,8,127,92,0,92,219
01/12/2021,LEX,KY,ASO,CE,Combined TRACON& Tower with Radar,18,23,41,6,88,0,2,43,2,47,18,25,84,8,135,60,0,60,195
01/13/2021,LEX,KY,ASO,CE,Combined TRACON& Tower with Radar,18,21,35,1,75,0,8,100,8,116,18,29,135,9,191,101,0,101,292
01/14/2021,LEX,KY,ASO,CE,Combined TRACON& Tower with Radar,22,23,41,1,87,0,0,63,10,73,22,23,104,11,160,66,0,66,226
01/15/2021,LEX,KY,ASO,CE,Combined TRACON& Tower with Radar,28,36,35,0,99,0,3,15,0,18,28,39,50,0,117,0,0,0,117
01/16/2021,LEX,KY,ASO,CE,Combined TRACON& Tower with Radar,16,19,17,0,52,0,0,1,0,1,16,19,18,0,53,0,0,0,53
01/17/2021,LEX,KY,ASO,CE,Combined TRACON& Tower with Radar,23,21,14,0,58,0,0,0,0,0,23,21,14,0,58,0,0,0,58
01/18/2021,LEX,KY,ASO,CE,Combined TRACON& Tower with Radar,24,21,39,0,84,0,6,11,4,21,24,27,50,4,105,46,0,46,151
01/19/2021,LEX,KY,ASO,CE,Combined TRACON& Tower with Radar,19,16,51,4,90,0,0,70,2,72,19,16,121,6,162,32,0,32,194
01/20/2021,LEX,KY,ASO,CE,Combined TRACON& Tower with Radar,17,21,64,3,105,0,10,77,7,94,17,31,141,10,199,32,0,32,231
01/21/2021,LEX,KY,ASO,CE,Combined TRACON& Tower with Radar,23,35,42,2,102,0,6,40,8,54,23,41,82,10,156,68,0,68,224
01/22/2021,LEX,KY,ASO,CE,Combined TRACON& Tower with Radar,25,23,60,23,131,0,0,100,4,104,25,23,160,27,235,10,0,10,245
01/23/2021,LEX,KY,ASO,CE,Combined TRACON& Tower with Radar,18,21,45,0,84,0,4,101,2,107,18,25,146,2,191,20,0,20,211
01/24/2021,LEX,KY,ASO,CE,Combined TRACON& Tower with Radar,23,29,23,0,75,0,2,2,0,4,23,31,25,0,79,0,0,0,79
01/25/2021,LEX,KY,ASO,CE,Combined TRACON& Tower with Radar,24,26,14,0,64,0,0,0,0,0,24,26,14,0,64,0,0,0,64
01/26/2021,LEX,KY,ASO,CE,Combined TRACON& Tower with Radar,16,18,27,1,62,0,5,11,1,17,16,23,38,2,79,28,0,28,107
01/27/2021,LEX,KY,ASO,CE,Combined TRACON& Tower with Radar,18,23,18,2,61,0,3,7,2,12,18,26,25,4,73,12,0,12,85
01/28/2021,LEX,KY,ASO,CE,Combined TRACON& Tower with Radar,22,22,44,7,95,0,4,37,1,42,22,26,81,8,137,48,0,48,185
01/29/2021,LEX,KY,ASO,CE,Combined TRACON& Tower with Radar,24,24,49,0,97,0,10,95,0,105,24,34,144,0,202,51,0,51,253
01/30/2021,LEX,KY,ASO,CE,Combined TRACON& Tower with Radar,15,18,43,0,76,0,0,34,5,39,15,18,77,5,115,14,0,14,129
01/31/2021,LEX,KY,ASO,CE,Combined TRACON& Tower with Radar,20,25,18,0,63,0,0,0,0,0,20,25,18,0,63,0,0,0,63
02/01/2021,LEX,KY,ASO,CE,Combined TRACON& Tower with Radar,27,26,13,0,66,0,0,0,0,0,27,26,13,0,66,0,0,0,66
02/02/2021,LEX,KY,ASO,CE,Combined TRACON& Tower with Radar,19,17,37,1,74,0,4,51,6,61,19,21,88,7,135,34,0,34,169
02/03/2021,LEX,KY,ASO,CE,Combined TRACON& Tower with Radar,21,19,57,3,100,0,6,87,2,95,21,25,144,5,195,55,0,55,250
02/04/2021,LEX,KY,ASO,CE,Combined TRACON& Tower with Radar,27,21,28,1,77,0,2,25,2,29,27,23,53,3,106,7,0,7,113
02/05/2021,LEX,KY,ASO,CE,Combined TRACON& Tower with Radar,28,30,26,0,84,0,1,26,2,29,28,31,52,2,113,26,0,26,139
02/06/2021,LEX,KY,ASO,CE,Combined TRACON& Tower with Radar,18,27,40,0,85,0,3,108,0,111,18,30,148,0,196,62,0,62,258
02/07/2021,LEX,KY,ASO,CE,Combined TRACON& Tower with Radar,23,30,29,0,82,0,2,65,0,67,23,32,94,0,149,30,0,30,179
02/08/2021,LEX,KY,ASO,CE,Combined TRACON& Tower with Radar,24,33,61,1,119,0,4,56,5,65,24,37,117,6,184,110,0,110,294
02/09/2021,LEX,KY,ASO,CE,Combined TRACON& Tower with Radar,19,20,30,0,69,0,0,0,0,0,19,20,30,0,69,0,0,0,69
02/10/2021,LEX,KY,ASO,CE,Combined TRACON& Tower with Radar,18,14,12,0,44,0,0,0,0,0,18,14,12,0,44,0,0,0,44
02/11/2021,LEX,KY,ASO,CE,Combined TRACON& Tower with Radar,22,27,11,0,60,0,0,0,0,0,22,27,11,0,60,0,0,0,60
02/12/2021,LEX,KY,ASO,CE,Combined TRACON& Tower with Radar,29,32,49,0,110,0,0,1,0,1,29,32,50,0,111,0,0,0,111
02/13/2021,LEX,KY,ASO,CE,Combined TRACON& Tower with Radar,26,16,10,0,52,0,0,0,0,0,26,16,10,0,52,0,0,0,52
02/14/2021,LEX,KY,ASO,CE,Combined TRACON& Tower with Radar,19,27,23,0,69,0,0,1,0,1,19,27,24,0,70,0,0,0,70
02/15/2021,LEX,KY,ASO,CE,Combined TRACON& Tower with Radar,10,6,6,0,22,0,0,0,0,0,10,6,6,0,22,0,0,0,22
02/16/2021,LEX,KY,ASO,CE,Combined TRACON& Tower with Radar,18,8,7,0,33,0,0,0,0,0,18,8,7,0,33,0,0,0,33
02/17/2021,LEX,KY,ASO,CE,Combined TRACON& Tower with Radar,16,22,18,0,56,0,2,12,0,14,16,24,30,0,70,2,0,2,72
02/18/2021,LEX,KY,ASO,CE,Combined TRACON& Tower with Radar,25,17,4,0,46,0,0,0,0,0,25,17,4,0,46,0,0,0,46
02/19/2021,LEX,KY,ASO,CE,Combined TRACON& Tower with Radar,26,23,30,0,79,0,0,5,0,5,26,23,35,0,84,0,0,0,84
02/20/2021,LEX,KY,ASO,CE,Combined TRACON& Tower with Radar,26,17,17,5,65,0,11,24,3,38,26,28,41,8,103,12,0,12,115
02/21/2021,LEX,KY,ASO,CE,Combined TRACON& Tower with Radar,30,31,24,3,88,0,0,10,3,13,30,31,34,6,101,0,0,0,101
02/22/2021,LEX,KY,ASO,CE,Combined TRACON& Tower with Radar,32,31,41,2,106,0,2,24,0,26,32,33,65,2,132,18,0,18,150
02/23/2021,LEX,KY,ASO,CE,Combined TRACON& Tower with Radar,22,20,59,3,104,0,8,94,11,113,22,28,153,14,217,64,0,64,281
02/24/2021,LEX,KY,ASO,CE,Combined TRACON& Tower with Radar,26,17,48,0,91,0,0,23,2,25,26,17,71,2,116,0,0,0,116
02/25/2021,LEX,KY,ASO,CE,Combined TRACON& Tower with Radar,32,33,50,5,120,0,6,100,2,108,32,39,150,7,228,26,0,26,254
02/26/2021,LEX,KY,ASO,CE,Combined TRACON& Tower with Radar,31,32,54,0,117,0,0,35,0,35,31,32,89,0,152,6,0,6,158
02/27/2021,LEX,KY,ASO,CE,Combined TRACON& Tower with Radar,27,11,44,0,82,0,0,1,0,1,27,11,45,0,83,6,0,6,89
02/28/2021,LEX,KY,ASO,CE,Combined TRACON& Tower with Radar,29,27,18,0,74,0,0,0,0,0,29,27,18,0,74,0,0,0,74
03/01/2021,LEX,KY,ASO,CE,Combined TRACON& Tower with Radar,30,38,35,0,103,0,3,68,0,71,30,41,103,0,174,22,0,22,196
03/02/2021,LEX,KY,ASO,CE,Combined TRACON& Tower with Radar,22,34,44,10,110,0,6,112,9,127,22,40,156,19,237,84,0,84,321
03/03/2021,LEX,KY,ASO,CE,Combined TRACON& Tower with Radar,25,23,32,4,84,0,4,75,7,86,25,27,107,11,170,50,0,50,220
03/04/2021,LEX,KY,ASO,CE,Combined TRACON& Tower with Radar,36,22,40,0,98,0,3,83,3,89,36,25,123,3,187,34,0,34,221
03/05/2021,LEX,KY,ASO,CE,Combined TRACON& Tower with Radar,34,23,52,9,118,0,6,90,12,108,34,29,142,21,226,84,18,102,328
03/06/2021,LEX,KY,ASO,CE,Combined TRACON& Tower with Radar,29,19,39,35,122,0,2,111,5,118,29,21,150,40,240,6,10,16,256
03/07/2021,LEX,KY,ASO,CE,Combined TRACON& Tower with Radar,33,30,26,3,92,0,6,90,2,98,33,36,116,5,190,50,0,50,240
03/08/2021,LEX,KY,ASO,CE,Combined TRACON& Tower with Radar,35,23,43,2,103,0,3,88,1,92,35,26,131,3,195,28,0,28,223
03/09/2021,LEX,KY,ASO,CE,Combined TRACON& Tower with Radar,26,21,49,1,97,0,9,83,7,99,26,30,132,8,196,16,0,16,212
03/10/2021,LEX,KY,ASO,CE,Combined TRACON& Tower with Radar,28,23,31,0,82,0,4,29,2,35,28,27,60,2,117,14,0,14,131
03/11/2021,LEX,KY,ASO,CE,Combined TRACON& Tower with Radar,34,28,28,4,94,0,6,13,0,19,34,34,41,4,113,6,0,6,119
03/12/2021,LEX,KY,ASO,CE,Combined TRACON& Tower with Radar,32,32,35,0,99,0,1,30,2,33,32,33,65,2,132,52,0,52,184
03/13/2021,LEX,KY,ASO,CE,Combined TRACON& Tower with Radar,27,24,31,0,82,0,6,102,1,109,27,30,133,1,191,50,0,50,241
03/14/2021,LEX,KY,ASO,CE,Combined TRACON& Tower with Radar,35,23,41,0,99,0,0,57,1,58,35,23,98,1,157,4,0,4,161
03/15/2021,LEX,KY,ASO,CE,Combined TRACON& Tower with Radar,32,25,15,0,72,0,0,1,0,1,32,25,16,0,73,16,0,16,89
03/16/2021,LEX,KY,ASO,CE,Combined TRACON& Tower with Radar,32,19,44,9,104,0,4,89,8,101,32,23,133,17,205,32,6,38,243
03/17/2021,LEX,KY,ASO,CE,Combined TRACON& Tower with Radar,31,23,41,0,95,0,2,23,4,29,31,25,64,4,124,38,0,38,162
03/18/2021,LEX,KY,ASO,CE,Combined TRACON& Tower with Radar,38,28,30,3,99,0,0,7,5,12,38,28,37,8,111,4,0,4,115
03/19/2021,LEX,KY,ASO,CE,Combined TRACON& Tower with Radar,34,24,39,2,99,0,4,47,2,53,34,28,86,4,152,35,0,35,187
03/20/2021,LEX,KY,ASO,CE,Combined TRACON& Tower with Radar,28,23,52,9,112,0,9,118,2,129,28,32,170,11,241,49,0,49,290
03/21/2021,LEX,KY,ASO,CE,Combined TRACON& Tower with Radar,34,28,48,1,111,0,4,123,0,127,34,32,171,1,238,24,0,24,262
03/22/2021,LEX,KY,ASO,CE,Combined TRACON& Tower with Radar,31,27,28,0,86,0,5,87,2,94,31,32,115,2,180,48,0,48,228
03/23/2021,LEX,KY,ASO,CE,Combined TRACON& Tower with Radar,31,39,58,3,131,0,4,68,1,73,31,43,126,4,204,48,0,48,252
03/24/2021,LEX,KY,ASO,CE,Combined TRACON& Tower with Radar,30,27,50,4,111,0,0,42,2,44,30,27,92,6,155,20,0,20,175
03/25/2021,LEX,KY,ASO,CE,Combined TRACON& Tower with Radar,32,32,27,0,91,0,0,5,2,7,32,32,32,2,98,32,0,32,130
03/26/2021,LEX,KY,ASO,CE,Combined TRACON& Tower with Radar,36,38,65,2,141,0,7,58,0,65,36,45,123,2,206,90,0,90,296
03/27/2021,LEX,KY,ASO,CE,Combined TRACON& Tower with Radar,30,29,35,1,95,0,0,59,1,60,30,29,94,2,155,38,0,38,193
03/28/2021,LEX,KY,ASO,CE,Combined TRACON& Tower with Radar,30,30,15,0,75,0,3,7,0,10,30,33,22,0,85,0,0,0,85
03/29/2021,LEX,KY,ASO,CE,Combined TRACON& Tower with Radar,35,22,55,4,116,0,3,99,0,102,35,25,154,4,218,96,0,96,314
03/30/2021,LEX,KY,ASO,CE,Combined TRACON& Tower with Radar,33,25,31,2,91,0,9,46,12,67,33,34,77,14,158,20,0,20,178
03/31/2021,LEX,KY,ASO,CE,Combined TRACON& Tower with Radar,31,31,40,2,104,0,0,27,11,38,31,31,67,13,142,22,0,22,164
04/01/2021,LEX,KY,ASO,CE,Combined TRACON& Tower with Radar,32,31,46,5,114,0,2,41,2,45,32,33,87,7,159,10,0,10,169
04/02/2021,LEX,KY,ASO,CE,Combined TRACON& Tower with Radar,29,40,52,0,121,0,7,94,2,103,29,47,146,2,224,58,0,58,282
04/03/2021,LEX,KY,ASO,CE,Combined TRACON& Tower with Radar,25,24,75,0,124,0,8,83,0,91,25,32,158,0,215,62,0,62,277
04/04/2021,LEX,KY,ASO,CE,Combined TRACON& Tower with Radar,28,34,35,0,97,0,1,46,0,47,28,35,81,0,144,0,0,0,144
04/05/2021,LEX,KY,ASO,CE,Combined TRACON& Tower with Radar,32,40,53,0,125,0,1,76,0,77,32,41,129,0,202,48,0,48,250
04/06/2021,LEX,KY,ASO,CE,Combined TRACON& Tower with Radar,26,22,58,6,112,0,7,88,8,103,26,29,146,14,215,18,0,18,233
04/07/2021,LEX,KY,ASO,CE,Combined TRACON& Tower with Radar,27,36,62,3,128,0,3,74,3,80,27,39,136,6,208,44,0,44,252
04/08/2021,LEX,KY,ASO,CE,Combined TRACON& Tower with Radar,30,30,46,6,112,0,5,9,2,16,30,35,55,8,128,0,0,0,128
04/09/2021,LEX,KY,ASO,CE,Combined TRACON& Tower with Radar,27,33,71,6,137,0,8,55,0,63,27,41,126,6,200,8,0,8,208
04/10/2021,LEX,KY,ASO,CE,Combined TRACON& Tower with Radar,26,32,19,0,77,0,1,8,0,9,26,33,27,0,86,4,0,4,90
04/11/2021,LEX,KY,ASO,CE,Combined TRACON& Tower with Radar,28,35,41,1,105,0,4,28,0,32,28,39,69,1,137,32,0,32,169
04/12/2021,LEX,KY,ASO,CE,Combined TRACON& Tower with Radar,32,34,33,0,99,0,0,58,5,63,32,34,91,5,162,38,0,38,200
04/13/2021,LEX,KY,ASO,CE,Combined TRACON& Tower with Radar,23,37,55,2,117,0,3,89,0,92,23,40,144,2,209,32,0,32,241
04/14/2021,LEX,KY,ASO,CE,Combined TRACON& Tower with Radar,25,29,61,0,115,0,2,30,0,32,25,31,91,0,147,0,0,0,147
04/15/2021,LEX,KY,ASO,CE,Combined TRACON& Tower with Radar,28,47,72,6,153,0,5,62,0,67,28,52,134,6,220,54,0,54,274
04/16/2021,LEX,KY,ASO,CE,Combined TRACON& Tower with Radar,31,36,57,12,136,0,4,85,9,98,31,40,142,21,234,42,0,42,276
04/17/2021,LEX,KY,ASO,CE,Combined TRACON& Tower with Radar,23,26,49,21,119,0,9,51,7,67,23,35,100,28,186,0,0,0,186
04/18/2021,LEX,KY,ASO,CE,Combined TRACON& Tower with Radar,28,36,45,8,117,0,2,95,0,97,28,38,140,8,214,40,0,40,254
04/19/2021,LEX,KY,ASO,CE,Combined TRACON& Tower with Radar,29,23,38,5,95,0,3,69,0,72,29,26,107,5,167,0,0,0,167
04/20/2021,LEX,KY,ASO,CE,Combined TRACON& Tower with Radar,21,24,41,3,89,0,3,81,4,88,21,27,122,7,177,24,0,24,201
04/21/2021,LEX,KY,ASO,CE,Combined TRACON& Tower with Radar,21,29,58,0,108,0,8,32,2,42,21,37,90,2,150,27,0,27,177
04/22/2021,LEX,KY,ASO,CE,Combined TRACON& Tower with Radar,30,35,69,0,134,0,5,78,4,87,30,40,147,4,221,28,0,28,249
04/23/2021,LEX,KY,ASO,CE,Combined TRACON& Tower with Radar,26,40,64,6,136,0,3,80,6,89,26,43,144,12,225,46,0,46,271
04/24/2021,LEX,KY,ASO,CE,Combined TRACON& Tower with Radar,20,22,27,0,69,0,3,9,0,12,20,25,36,0,81,0,0,0,81
04/25/2021,LEX,KY,ASO,CE,Combined TRACON& Tower with Radar,31,50,84,0,165,0,4,37,0,41,31,54,121,0,206,10,0,10,216
04/26/2021,LEX,KY,ASO,CE,Combined TRACON& Tower with Radar,29,36,49,6,120,0,10,91,2,103,29,46,140,8,223,6,0,6,229
04/27/2021,LEX,KY,ASO,CE,Combined TRACON& Tower with Radar,22,31,53,6,112,0,0,53,6,59,22,31,106,12,171,18,0,18,189
04/28/2021,LEX,KY,ASO,CE,Combined TRACON& Tower with Radar,24,30,38,5,97,0,0,13,5,18,24,30,51,10,115,10,0,10,125
04/29/2021,LEX,KY,ASO,CE,Combined TRACON& Tower with Radar,32,41,80,0,153,0,0,4,0,4,32,41,84,0,157,0,0,0,157
04/30/2021,LEX,KY,ASO,CE,Combined TRACON& Tower with Radar,31,33,42,0,106,0,7,55,2,64,31,40,97,2,170,22,0,22,192
05/01/2021,LEX,KY,ASO,CE,Combined TRACON& Tower with Radar,22,25,32,7,86,0,5,90,7,102,22,30,122,14,188,8,0,8,196
05/02/2021,LEX,KY,ASO,CE,Combined TRACON& Tower with Radar,29,44,66,0,139,0,5,60,0,65,29,49,126,0,204,17,0,17,221
05/03/2021,LEX,KY,ASO,CE,Combined TRACON& Tower with Radar,28,28,35,1,92,0,0,3,1,4,28,28,38,2,96,0,0,0,96
05/04/2021,LEX,KY,ASO,CE,Combined TRACON& Tower with Radar,19,22,33,0,74,0,0,6,2,8,19,22,39,2,82,2,0,2,84
05/05/2021,LEX,KY,ASO,CE,Combined TRACON& Tower with Radar,26,22,57,2,107,0,2,40,2,44,26,24,97,4,151,41,0,41,192
05/06/2021,LEX,KY,ASO,CE,Combined TRACON& Tower with Radar,30,31,49,3,113,0,4,103,3,110,30,35,152,6,223,20,0,20,243
05/07/2021,LEX,KY,ASO,CE,Combined TRACON& Tower with Radar,30,37,50,2,119,0,0,65,0,65,30,37,115,2,184,10,0,10,194
05/08/2021,LEX,KY,ASO,CE,Combined TRACON& Tower with Radar,24,20,43,0,87,0,0,84,3,87,24,20,127,3,174,8,0,8,182
05/09/2021,LEX,KY,ASO,CE,Combined TRACON& Tower with Radar,35,30,24,0,89,0,0,1,0,1,35,30,25,0,90,0,0,0,90
05/10/2021,LEX,KY,ASO,CE,Combined TRACON& Tower with Radar,33,35,59,1,128,0,2,77,1,80,33,37,136,2,208,95,0,95,303
05/11/2021,LEX,KY,ASO,CE,Combined TRACON& Tower with Radar,21,23,65,19,128,0,3,89,1,93,21,26,154,20,221,68,10,78,299
05/12/2021,LEX,KY,ASO,CE,Combined TRACON& Tower with Radar,23,25,34,20,102,0,6,77,4,87,23,31,111,24,189,62,6,68,257
05/13/2021,LEX,KY,ASO,CE,Combined TRACON& Tower with Radar,34,40,70,3,147,0,7,96,2,105,34,47,166,5,252,32,0,32,284
05/14/2021,LEX,KY,ASO,CE,Combined TRACON& Tower with Radar,30,31,59,2,122,0,10,113,1,124,30,41,172,3,246,47,0,47,293
05/15/2021,LEX,KY,ASO,CE,Combined TRACON& Tower with Radar,23,30,50,4,107,0,8,95,10,113,23,38,145,14,220,40,0,40,260
05/16/2021,LEX,KY,ASO,CE,Combined TRACON& Tower with Radar,29,38,51,6,124,0,2,26,0,28,29,40,77,6,152,5,0,5,157
05/17/2021,LEX,KY,ASO,CE,Combined TRACON& Tower with Radar,32,27,50,0,109,0,2,39,0,41,32,29,89,0,150,106,0,106,256
05/18/2021,LEX,KY,ASO,CE,Combined TRACON& Tower with Radar,22,46,51,2,121,0,3,64,0,67,22,49,115,2,188,68,0,68,256
05/19/2021,LEX,KY,ASO,CE,Combined TRACON& Tower with Radar,24,37,55,6,122,0,2,88,2,92,24,39,143,8,214,78,0,78,292
05/20/2021,LEX,KY,ASO,CE,Combined TRACON& Tower with Radar,32,44,54,3,133,0,0,97,0,97,32,44,151,3,230,8,0,8,238
05/21/2021,LEX,KY,ASO,CE,Combined TRACON& Tower with Radar,30,40,48,13,131,0,2,71,3,76,30,42,119,16,207,62,0,62,269
05/22/2021,LEX,KY,ASO,CE,Combined TRACON& Tower with Radar,23,24,26,13,86,0,4,86,1,91,23,28,112,14,177,36,0,36,213
05/23/2021,LEX,KY,ASO,CE,Combined TRACON& Tower with Radar,31,43,53,12,139,0,2,75,1,78,31,45,128,13,217,22,0,22,239
05/24/2021,LEX,KY,ASO,CE,Combined TRACON& Tower with Radar,30,33,49,0,112,0,4,73,0,77,30,37,122,0,189,36,0,36,225
05/25/2021,LEX,KY,ASO,CE,Combined TRACON& Tower with Radar,22,36,42,3,103,0,3,85,3,91,22,39,127,6,194,58,0,58,252
05/26/2021,LEX,KY,ASO,CE,Combined TRACON& Tower with Radar,23,44,46,4,117,0,2,25,3,30,23,46,71,7,147,64,0,64,211
05/27/2021,LEX,KY,ASO,CE,Combined TRACON& Tower with Radar,33,25,57,2,117,0,10,64,0,74,33,35,121,2,191,30,0,30,221
05/28/2021,LEX,KY,ASO,CE,Combined TRACON& Tower with Radar,33,30,35,0,98,0,0,4,0,4,33,30,39,0,102,0,0,0,102
05/29/2021,LEX,KY,ASO,CE,Combined TRACON& Tower with Radar,32,14,61,0,107,0,1,6,0,7,32,15,67,0,114,0,0,0,114
05/30/2021,LEX,KY,ASO,CE,Combined TRACON& Tower with Radar,33,21,26,0,80,0,2,63,0,65,33,23,89,0,145,0,0,0,145
05/31/2021,LEX,KY,ASO,CE,Combined TRACON& Tower with Radar,30,28,33,2,93,0,6,85,0,91,30,34,118,2,184,52,0,52,236
06/01/2021,LEX,KY,ASO,CE,Combined TRACON& Tower with Radar,27,27,56,3,113,0,2,65,6,73,27,29,121,9,186,64,4,68,254
06/02/2021,LEX,KY,ASO,CE,Combined TRACON& Tower with Radar,27,29,40,2,98,0,2,1,2,5,27,31,41,4,103,0,0,0,103
06/03/2021,LEX,KY,ASO,CE,Combined TRACON& Tower with Radar,32,51,36,0,119,0,4,9,1,14,32,55,45,1,133,0,0,0,133
06/04/2021,LEX,KY,ASO,CE,Combined TRACON& Tower with Radar,35,44,54,14,147,0,6,70,1,77,35,50,124,15,224,48,0,48,272
06/05/2021,LEX,KY,ASO,CE,Combined TRACON& Tower with Radar,34,31,45,15,125,0,5,102,2,109,34,36,147,17,234,7,0,7,241
06/06/2021,LEX,KY,ASO,CE,Combined TRACON& Tower with Radar,38,32,46,9,125,0,2,32,0,34,38,34,78,9,159,6,0,6,165
06/07/2021,LEX,KY,ASO,CE,Combined TRACON& Tower with Radar,34,37,49,1,121,0,7,24,1,32,34,44,73,2,153,18,0,18,171
06/08/2021,LEX,KY,ASO,CE,Combined TRACON& Tower with Radar,40,29,51,3,123,0,1,30,0,31,40,30,81,3,154,84,0,84,238
06/09/2021,LEX,KY,ASO,CE,Combined TRACON& Tower with Radar,33,43,54,2,132,0,4,9,0,13,33,47,63,2,145,6,0,6,151
06/10/2021,LEX,KY,ASO,CE,Combined TRACON& Tower with Radar,37,55,72,4,168,0,5,20,0,25,37,60,92,4,193,30,0,30,223
06/11/2021,LEX,KY,ASO,CE,Combined TRACON& Tower with Radar,34,38,48,3,123,0,2,13,0,15,34,40,61,3,138,8,0,8,146
06/12/2021,LEX,KY,ASO,CE,Combined TRACON& Tower with Radar,39,32,44,5,120,0,6,57,3,66,39,38,101,8,186,18,0,18,204
06/13/2021,LEX,KY,ASO,CE,Combined TRACON& Tower with Radar,38,42,36,13,129,0,3,70,0,73,38,45,106,13,202,38,0,38,240
06/14/2021,LEX,KY,ASO,CE,Combined TRACON& Tower with Radar,31,44,62,2,139,0,4,114,4,122,31,48,176,6,261,28,0,28,289
06/15/2021,LEX,KY,ASO,CE,Combined TRACON& Tower with Radar,37,39,53,3,132,0,2,125,2,129,37,41,178,5,261,84,0,84,345
06/16/2021,LEX,KY,ASO,CE,Combined TRACON& Tower with Radar,34,44,53,2,133,0,8,107,2,117,34,52,160,4,250,80,0,80,330
06/17/2021,LEX,KY,ASO,CE,Combined TRACON& Tower with Radar,38,36,60,6,140,0,5,109,2,116,38,41,169,8,256,30,0,30,286
06/18/2021,LEX,KY,ASO,CE,Combined TRACON& Tower with Radar,36,31,56,4,127,0,4,70,1,75,36,35,126,5,202,20,0,20,222
06/19/2021,LEX,KY,ASO,CE,Combined TRACON& Tower with Radar,38,33,41,0,112,0,3,46,0,49,38,36,87,0,161,16,0,16,177
06/20/2021,LEX,KY,ASO,CE,Combined TRACON& Tower with Radar,37,45,36,3,121,0,4,41,0,45,37,49,77,3,166,40,0,40,206
06/21/2021,LEX,KY,ASO,CE,Combined TRACON& Tower with Radar,34,31,36,0,101,0,0,12,0,12,34,31,48,0,113,6,0,6,119
06/22/2021,LEX,KY,ASO,CE,Combined TRACON& Tower with Radar,37,33,58,15,143,0,2,127,3,132,37,35,185,18,275,76,0,76,351
06/23/2021,LEX,KY,ASO,CE,Combined TRACON& Tower with Radar,34,41,82,3,160,0,0,125,2,127,34,41,207,5,287,62,0,62,349
06/24/2021,LEX,KY,ASO,CE,Combined TRACON& Tower with Radar,38,39,51,0,128,0,4,98,1,103,38,43,149,1,231,72,0,72,303
06/25/2021,LEX,KY,ASO,CE,Combined TRACON& Tower with Radar,37,33,53,30,153,0,9,73,5,87,37,42,126,35,240,26,0,26,266
06/26/2021,LEX,KY,ASO,CE,Combined TRACON& Tower with Radar,34,26,42,24,126,0,8,61,4,73,34,34,103,28,199,24,0,24,223
06/27/2021,LEX,KY,ASO,CE,Combined TRACON& Tower with Radar,33,43,42,15,133,0,2,65,2,69,33,45,107,17,202,24,0,24,226
06/28/2021,LEX,KY,ASO,CE,Combined TRACON& Tower with Radar,35,40,40,0,115,0,5,66,1,72,35,45,106,1,187,4,0,4,191
06/29/2021,LEX,KY,ASO,CE,Combined TRACON& Tower with Radar,35,34,64,5,138,0,2,119,3,124,35,36,183,8,262,38,0,38,300
06/30/2021,LEX,KY,ASO,CE,Combined TRACON& Tower with Radar,32,44,36,1,113,0,1,49,3,53,32,45,85,4,166,38,0,38,204
07/01/2021,LEX,KY,ASO,CE,Combined TRACON& Tower with Radar,40,40,36,1,117,0,0,2,1,3,40,40,38,2,120,0,0,0,120
07/02/2021,LEX,KY,ASO,CE,Combined TRACON& Tower with Radar,30,34,55,4,123,0,4,49,1,54,30,38,104,5,177,10,0,10,187
07/03/2021,LEX,KY,ASO,CE,Combined TRACON& Tower with Radar,32,26,33,0,91,0,3,68,2,73,32,29,101,2,164,122,0,122,286
07/04/2021,LEX,KY,ASO,CE,Combined TRACON& Tower with Radar,30,23,15,0,68,0,4,46,4,54,30,27,61,4,122,18,0,18,140
07/05/2021,LEX,KY,ASO,CE,Combined TRACON& Tower with Radar,34,30,47,2,113,0,1,62,0,63,34,31,109,2,176,134,0,134,310
07/06/2021,LEX,KY,ASO,CE,Combined TRACON& Tower with Radar,29,40,58,1,128,0,2,56,3,61,29,42,114,4,189,78,0,78,267
07/07/2021,LEX,KY,ASO,CE,Combined TRACON& Tower with Radar,30,32,40,4,106,0,0,65,3,68,30,32,105,7,174,78,0,78,252
07/08/2021,LEX,KY,ASO,CE,Combined TRACON& Tower with Radar,37,39,58,4,138,0,2,48,0,50,37,41,106,4,188,36,0,36,224
07/09/2021,LEX,KY,ASO,CE,Combined TRACON& Tower with Radar,35,40,60,5,140,0,0,75,2,77,35,40,135,7,217,93,0,93,310
07/10/2021,LEX,KY,ASO,CE,Combined TRACON& Tower with Radar,33,34,41,0,108,0,3,32,0,35,33,37,73,0,143,12,0,12,155
07/11/2021,LEX,KY,ASO,CE,Combined TRACON& Tower with Radar,35,58,30,1,124,0,0,7,1,8,35,58,37,2,132,6,0,6,138
07/12/2021,LEX,KY,ASO,CE,Combined TRACON& Tower with Radar,37,38,47,2,124,0,0,25,0,25,37,38,72,2,149,32,0,32,181
07/13/2021,LEX,KY,ASO,CE,Combined TRACON& Tower with Radar,30,58,57,0,145,0,6,10,0,16,30,64,67,0,161,10,0,10,171
07/14/2021,LEX,KY,ASO,CE,Combined TRACON& Tower with Radar,30,48,82,0,160,0,4,72,0,76,30,52,154,0,236,62,0,62,298
07/15/2021,LEX,KY,ASO,CE,Combined TRACON& Tower with Radar,35,50,61,2,148,0,3,91,0,94,35,53,152,2,242,41,0,41,283
07/16/2021,LEX,KY,ASO,CE,Combined TRACON& Tower with Radar,35,37,44,1,117,0,1,41,2,44,35,38,85,3,161,37,0,37,198
07/17/2021,LEX,KY,ASO,CE,Combined TRACON& Tower with Radar,37,33,41,1,112,0,3,26,4,33,37,36,67,5,145,12,0,12,157
07/18/2021,LEX,KY,ASO,CE,Combined TRACON& Tower with Radar,38,44,49,4,135,0,9,74,5,88,38,53,123,9,223,22,0,22,245
07/19/2021,LEX,KY,ASO,CE,Combined TRACON& Tower with Radar,35,35,54,0,124,0,7,94,1,102,35,42,148,1,226,30,0,30,256
07/20/2021,LEX,KY,ASO,CE,Combined TRACON& Tower with Radar,30,33,79,5,147,0,1,93,1,95,30,34,172,6,242,30,0,30,272
07/21/2021,LEX,KY,ASO,CE,Combined TRACON& Tower with Radar,29,35,58,2,124,0,6,74,0,80,29,41,132,2,204,31,0,31,235
07/22/2021,LEX,KY,ASO,CE,Combined TRACON& Tower with Radar,38,40,64,1,143,0,6,104,1,111,38,46,168,2,254,22,0,22,276
07/23/2021,LEX,KY,ASO,CE,Combined TRACON& Tower with Radar,35,29,59,5,128,0,6,71,1,78,35,35,130,6,206,38,0,38,244
07/24/2021,LEX,KY,ASO,CE,Combined TRACON& Tower with Radar,37,24,41,4,106,0,0,82,2,84,37,24,123,6,190,28,0,28,218
07/25/2021,LEX,KY,ASO,CE,Combined TRACON& Tower with Radar,38,44,33,6,121,0,2,29,0,31,38,46,62,6,152,18,0,18,170
07/26/2021,LEX,KY,ASO,CE,Combined TRACON& Tower with Radar,30,43,61,10,144,0,1,79,0,80,30,44,140,10,224,10,0,10,234
07/27/2021,LEX,KY,ASO,CE,Combined TRACON& Tower with Radar,33,40,46,6,125,0,6,92,0,98,33,46,138,6,223,40,0,40,263
07/28/2021,LEX,KY,ASO,CE,Combined TRACON& Tower with Radar,26,39,43,4,112,0,2,80,6,88,26,41,123,10,200,26,0,26,226
07/29/2021,LEX,KY,ASO,CE,Combined TRACON& Tower with Radar,34,35,65,7,141,0,0,69,6,75,34,35,134,13,216,28,0,28,244
07/30/2021,LEX,KY,ASO,CE,Combined TRACON& Tower with Radar,37,37,73,14,161,0,0,43,3,46,37,37,116,17,207,30,0,30,237
07/31/2021,LEX,KY,ASO,CE,Combined TRACON& Tower with Radar,34,24,24,8,90,0,1,33,0,34,34,25,57,8,124,46,0,46,170
08/01/2021,LEX,KY,ASO,CE,Combined TRACON& Tower with Radar,28,37,50,10,125,0,0,57,0,57,28,37,107,10,182,29,0,29,211
08/02/2021,LEX,KY,ASO,CE,Combined TRACON& Tower with Radar,33,35,68,2,138,0,2,111,1,114,33,37,179,3,252,48,0,48,300
08/03/2021,LEX,KY,ASO,CE,Combined TRACON& Tower with Radar,24,47,64,6,141,0,7,107,4,118,24,54,171,10,259,52,0,52,311
08/04/2021,LEX,KY,ASO,CE,Combined TRACON& Tower with Radar,24,47,79,4,154,0,4,85,0,89,24,51,164,4,243,44,0,44,287
08/05/2021,LEX,KY,ASO,CE,Combined TRACON& Tower with Radar,30,44,71,4,149,0,2,111,2,115,30,46,182,6,264,62,0,62,326
08/06/2021,LEX,KY,ASO,CE,Combined TRACON& Tower with Radar,30,54,73,36,193,0,0,86,2,88,30,54,159,38,281,84,0,84,365
08/07/2021,LEX,KY,ASO,CE,Combined TRACON& Tower with Radar,28,38,53,3,122,0,4,71,0,75,28,42,124,3,197,24,12,36,233
08/08/2021,LEX,KY,ASO,CE,Combined TRACON& Tower with Radar,30,51,66,18,165,0,2,76,1,79,30,53,142,19,244,82,0,82,326
08/09/2021,LEX,KY,ASO,CE,Combined TRACON& Tower with Radar,30,46,43,1,120,0,2,21,3,26,30,48,64,4,146,37,0,37,183
08/10/2021,LEX,KY,ASO,CE,Combined TRACON& Tower with Radar,24,44,50,0,118,0,8,45,0,53,24,52,95,0,171,43,0,43,214
08/11/2021,LEX,KY,ASO,CE,Combined TRACON& Tower with Radar,23,40,75,6,144,0,2,70,3,75,23,42,145,9,219,20,0,20,239
08/12/2021,LEX,KY,ASO,CE,Combined TRACON& Tower with Radar,30,53,55,1,139,0,5,67,1,73,30,58,122,2,212,74,0,74,286
08/13/2021,LEX,KY,ASO,CE,Combined TRACON& Tower with Radar,29,42,62,4,137,0,1,98,0,99,29,43,160,4,236,22,0,22,258
08/14/2021,LEX,KY,ASO,CE,Combined TRACON& Tower with Radar,25,37,46,0,108,0,9,39,0,48,25,46,85,0,156,10,0,10,166
08/15/2021,LEX,KY,ASO,CE,Combined TRACON& Tower with Radar,32,58,66,1,157,0,2,18,0,20,32,60,84,1,177,46,0,46,223
08/16/2021,LEX,KY,ASO,CE,Combined TRACON& Tower with Radar,31,59,44,1,135,0,3,14,1,18,31,62,58,2,153,56,0,56,209
08/17/2021,LEX,KY,ASO,CE,Combined TRACON& Tower with Radar,24,23,49,0,96,0,2,30,2,34,24,25,79,2,130,42,0,42,172
08/18/2021,LEX,KY,ASO,CE,Combined TRACON& Tower with Radar,26,33,53,3,115,0,6,70,4,80,26,39,123,7,195,60,0,60,255
08/19/2021,LEX,KY,ASO,CE,Combined TRACON& Tower with Radar,17,25,51,0,93,0,3,13,0,16,17,28,64,0,109,0,0,0,109
08/20/2021,LEX,KY,ASO,CE,Combined TRACON& Tower with Radar,0,0,0,0,0,0,6,15,0,21,0,6,15,0,21,0,0,0,21
08/21/2021,LEX,KY,ASO,CE,Combined TRACON& Tower with Radar,0,0,0,0,0,0,5,8,0,13,0,5,8,0,13,0,0,0,13
08/22/2021,LEX,KY,ASO,CE,Combined TRACON& Tower with Radar,10,5,15,0,30,0,4,20,0,24,10,9,35,0,54,10,0,10,64
08/23/2021,LEX,KY,ASO,CE,Combined TRACON& Tower with Radar,25,26,39,6,96,0,2,89,2,93,25,28,128,8,189,0,0,0,189
08/24/2021,LEX,KY,ASO,CE,Combined TRACON& Tower with Radar,24,35,57,2,118,0,3,85,1,89,24,38,142,3,207,74,0,74,281
08/25/2021,LEX,KY,ASO,CE,Combined TRACON& Tower with Radar,25,30,50,1,106,0,1,71,1,73,25,31,121,2,179,142,0,142,321
08/26/2021,LEX,KY,ASO,CE,Combined TRACON& Tower with Radar,35,36,65,5,141,0,8,82,0,90,35,44,147,5,231,92,0,92,323
08/27/2021,LEX,KY,ASO,CE,Combined TRACON& Tower with Radar,32,27,40,6,105,0,2,74,0,76,32,29,114,6,181,53,0,53,234
08/28/2021,LEX,KY,ASO,CE,Combined TRACON& Tower with Radar,24,21,53,0,98,0,3,114,1,118,24,24,167,1,216,84,0,84,300
08/29/2021,LEX,KY,ASO,CE,Combined TRACON& Tower with Radar,32,39,60,1,132,0,5,91,5,101,32,44,151,6,233,74,0,74,307
08/30/2021,LEX,KY,ASO,CE,Combined TRACON& Tower with Radar,28,30,47,0,105,0,5,9,0,14,28,35,56,0,119,44,0,44,163
08/31/2021,LEX,KY,ASO,CE,Combined TRACON& Tower with Radar,25,18,37,0,80,0,0,3,0,3,25,18,40,0,83,0,0,0,83
09/01/2021,LEX,KY,ASO,CE,Combined TRACON& Tower with Radar,26,31,41,2,100,0,8,54,0,62,26,39,95,2,162,36,0,36,198
09/02/2021,LEX,KY,ASO,CE,Combined TRACON& Tower with Radar,34,24,71,15,144,0,3,94,5,102,34,27,165,20,246,21,8,29,275
09/03/2021,LEX,KY,ASO,CE,Combined TRACON& Tower with Radar,33,39,46,0,118,0,1,105,2,108,33,40,151,2,226,8,0,8,234
09/04/2021,LEX,KY,ASO,CE,Combined TRACON& Tower with Radar,25,26,28,0,79,0,5,92,3,100,25,31,120,3,179,32,0,32,211
09/05/2021,LEX,KY,ASO,CE,Combined TRACON& Tower with Radar,26,19,49,0,94,0,0,4,0,4,26,19,53,0,98,0,0,0,98
09/06/2021,LEX,KY,ASO,CE,Combined TRACON& Tower with Radar,26,19,54,9,108,0,1,107,3,111,26,20,161,12,219,50,0,50,269
09/07/2021,LEX,KY,ASO,CE,Combined TRACON& Tower with Radar,18,22,50,13,103,0,3,71,3,77,18,25,121,16,180,32,0,32,212
09/08/2021,LEX,KY,ASO,CE,Combined TRACON& Tower with Radar,18,39,47,2,106,0,0,40,1,41,18,39,87,3,147,37,0,37,184
09/09/2021,LEX,KY,ASO,CE,Combined TRACON& Tower with Radar,35,35,45,8,123,0,10,66,2,78,35,45,111,10,201,6,0,6,207
09/10/2021,LEX,KY,ASO,CE,Combined TRACON& Tower with Radar,30,37,75,0,142,0,3,106,1,110,30,40,181,1,252,18,0,18,270
09/11/2021,LEX,KY,ASO,CE,Combined TRACON& Tower with Radar,25,26,68,1,120,0,4,82,2,88,25,30,150,3,208,62,0,62,270
09/12/2021,LEX,KY,ASO,CE,Combined TRACON& Tower with Radar,36,37,74,1,148,0,2,71,1,74,36,39,145,2,222,6,0,6,228
09/13/2021,LEX,KY,ASO,CE,Combined TRACON& Tower with Radar,31,38,45,3,117,0,3,77,1,81,31,41,122,4,198,46,0,46,244
09/14/2021,LEX,KY,ASO,CE,Combined TRACON& Tower with Radar,22,31,59,1,113,0,7,66,1,74,22,38,125,2,187,13,0,13,200
09/15/2021,LEX,KY,ASO,CE,Combined TRACON& Tower with Radar,26,43,63,0,132,0,0,9,0,9,26,43,72,0,141,0,0,0,141
09/16/2021,LEX,KY,ASO,CE,Combined TRACON& Tower with Radar,37,54,81,2,174,0,3,95,2,100,37,57,176,4,274,67,0,67,341
09/17/2021,LEX,KY,ASO,CE,Combined TRACON& Tower with Radar,34,61,80,18,193,0,6,60,5,71,34,67,140,23,264,44,0,44,308
09/18/2021,LEX,KY,ASO,CE,Combined TRACON& Tower with Radar,25,29,60,0,114,0,4,71,0,75,25,33,131,0,189,35,0,35,224
09/19/2021,LEX,KY,ASO,CE,Combined TRACON& Tower with Radar,32,46,65,6,149,0,2,44,0,46,32,48,109,6,195,40,0,40,235
09/20/2021,LEX,KY,ASO,CE,Combined TRACON& Tower with Radar,33,41,71,0,145,0,0,11,0,11,33,41,82,0,156,36,0,36,192
09/21/2021,LEX,KY,ASO,CE,Combined TRACON& Tower with Radar,21,38,80,0,139,0,0,5,0,5,21,38,85,0,144,44,0,44,188
09/22/2021,LEX,KY,ASO,CE,Combined TRACON& Tower with Radar,26,36,51,7,120,0,0,2,0,2,26,36,53,7,122,6,0,6,128
09/23/2021,LEX,KY,ASO,CE,Combined TRACON& Tower with Radar,37,36,72,4,149,0,0,77,2,79,37,36,149,6,228,68,0,68,296
09/24/2021,LEX,KY,ASO,CE,Combined TRACON& Tower with Radar,38,41,55,2,136,0,4,141,6,151,38,45,196,8,287,96,0,96,383
09/25/2021,LEX,KY,ASO,CE,Combined TRACON& Tower with Radar,26,26,41,0,93,0,2,54,2,58,26,28,95,2,151,45,0,45,196
09/26/2021,LEX,KY,ASO,CE,Combined TRACON& Tower with Radar,39,28,45,0,112,0,0,128,1,129,39,28,173,1,241,44,0,44,285
09/27/2021,LEX,KY,ASO,CE,Combined TRACON& Tower with Radar,32,34,56,2,124,0,5,68,7,80,32,39,124,9,204,60,0,60,264
09/28/2021,LEX,KY,ASO,CE,Combined TRACON& Tower with Radar,23,38,43,0,104,0,5,86,0,91,23,43,129,0,195,30,0,30,225
09/29/2021,LEX,KY,ASO,CE,Combined TRACON& Tower with Radar,29,38,56,2,125,0,0,82,1,83,29,38,138,3,208,40,0,40,248
09/30/2021,LEX,KY,ASO,CE,Combined TRACON& Tower with Radar,33,43,74,2,152,0,9,101,0,110,33,52,175,2,262,32,0,32,294
10/01/2021,LEX,KY,ASO,CE,Combined TRACON& Tower with Radar,41,61,82,0,184,0,7,103,0,110,41,68,185,0,294,6,0,6,300
10/02/2021,LEX,KY,ASO,CE,Combined TRACON& Tower with Radar,37,38,63,0,138,0,7,71,0,78,37,45,134,0,216,30,0,30,246
10/03/2021,LEX,KY,ASO,CE,Combined TRACON& Tower with Radar,38,44,62,0,144,0,0,3,0,3,38,44,65,0,147,0,0,0,147
10/04/2021,LEX,KY,ASO,CE,Combined TRACON& Tower with Radar,31,48,80,0,159,0,3,44,0,47,31,51,124,0,206,32,0,32,238
10/05/2021,LEX,KY,ASO,CE,Combined TRACON& Tower with Radar,28,32,49,0,109,0,2,59,0,61,28,34,108,0,170,36,0,36,206
10/06/2021,LEX,KY,ASO,CE,Combined TRACON& Tower with Radar,29,51,61,4,145,0,0,24,0,24,29,51,85,4,169,84,0,84,253
10/07/2021,LEX,KY,ASO,CE,Combined TRACON& Tower with Radar,42,56,74,2,174,0,1,37,5,43,42,57,111,7,217,46,0,46,263
10/08/2021,LEX,KY,ASO,CE,Combined TRACON& Tower with Radar,38,60,91,0,189,0,1,46,2,49,38,61,137,2,238,6,0,6,244
10/09/2021,LEX,KY,ASO,CE,Combined TRACON& Tower with Radar,38,42,84,0,164,0,0,97,0,97,38,42,181,0,261,72,0,72,333
10/10/2021,LEX,KY,ASO,CE,Combined TRACON& Tower with Radar,40,55,89,0,184,0,0,102,0,102,40,55,191,0,286,64,0,64,350
10/11/2021,LEX,KY,ASO,CE,Combined TRACON& Tower with Radar,29,48,59,6,142,0,5,75,0,80,29,53,134,6,222,36,0,36,258
10/12/2021,LEX,KY,ASO,CE,Combined TRACON& Tower with Radar,21,46,58,12,137,0,1,68,1,70,21,47,126,13,207,83,0,83,290
10/13/2021,LEX,KY,ASO,CE,Combined TRACON& Tower with Radar,27,52,73,6,158,0,3,27,0,30,27,55,100,6,188,98,0,98,286
10/14/2021,LEX,KY,ASO,CE,Combined TRACON& Tower with Radar,33,53,82,5,173,0,0,90,1,91,33,53,172,6,264,92,0,92,356
10/15/2021,LEX,KY,ASO,CE,Combined TRACON& Tower with Radar,33,60,65,2,160,0,4,23,0,27,33,64,88,2,187,26,0,26,213
10/16/2021,LEX,KY,ASO,CE,Combined TRACON& Tower with Radar,30,44,45,2,121,0,2,46,0,48,30,46,91,2,169,14,0,14,183
10/17/2021,LEX,KY,ASO,CE,Combined TRACON& Tower with Radar,34,39,59,0,132,0,3,89,0,92,34,42,148,0,224,74,0,74,298
10/18/2021,LEX,KY,ASO,CE,Combined TRACON& Tower with Radar,30,43,60,0,133,0,8,97,2,107,30,51,157,2,240,62,0,62,302
10/19/2021,LEX,KY,ASO,CE,Combined TRACON& Tower with Radar,22,35,66,0,123,0,4,98,6,108,22,39,164,6,231,22,0,22,253
10/20/2021,LEX,KY,ASO,CE,Combined TRACON& Tower with Radar,26,52,77,6,161,0,3,92,0,95,26,55,169,6,256,72,0,72,328
10/21/2021,LEX,KY,ASO,CE,Combined TRACON& Tower with Radar,34,42,103,5,184,0,2,18,1,21,34,44,121,6,205,24,0,24,229
10/22/2021,LEX,KY,ASO,CE,Combined TRACON& Tower with Radar,30,55,113,8,206,0,0,28,4,32,30,55,141,12,238,20,0,20,258
10/23/2021,LEX,KY,ASO,CE,Combined TRACON& Tower with Radar,28,50,50,0,128,0,2,87,5,94,28,52,137,5,222,36,0,36,258
10/24/2021,LEX,KY,ASO,CE,Combined TRACON& Tower with Radar,33,44,43,0,120,0,4,19,0,23,33,48,62,0,143,46,0,46,189
10/25/2021,LEX,KY,ASO,CE,Combined TRACON& Tower with Radar,30,50,42,1,123,0,1,4,1,6,30,51,46,2,129,4,0,4,133
10/26/2021,LEX,KY,ASO,CE,Combined TRACON& Tower with Radar,27,40,51,2,120,0,1,73,4,78,27,41,124,6,198,183,0,183,381
10/27/2021,LEX,KY,ASO,CE,Combined TRACON& Tower with Radar,30,49,75,1,155,0,6,119,2,127,30,55,194,3,282,68,0,68,350
10/28/2021,LEX,KY,ASO,CE,Combined TRACON& Tower with Radar,31,49,58,0,138,0,1,26,0,27,31,50,84,0,165,50,0,50,215
10/29/2021,LEX,KY,ASO,CE,Combined TRACON& Tower with Radar,33,45,91,0,169,0,0,13,0,13,33,45,104,0,182,66,0,66,248
10/30/2021,LEX,KY,ASO,CE,Combined TRACON& Tower with Radar,25,32,45,0,102,0,0,0,0,0,25,32,45,0,102,0,0,0,102
10/31/2021,LEX,KY,ASO,CE,Combined TRACON& Tower with Radar,22,48,53,0,123,0,0,26,0,26,22,48,79,0,149,0,0,0,149
11/01/2021,LEX,KY,ASO,CE,Combined TRACON& Tower with Radar,25,37,57,2,121,0,7,70,2,79,25,44,127,4,200,30,0,30,230
11/02/2021,LEX,KY,ASO,CE,Combined TRACON& Tower with Radar,18,27,73,8,126,0,1,86,1,88,18,28,159,9,214,80,0,80,294
11/03/2021,LEX,KY,ASO,CE,Combined TRACON& Tower with Radar,24,54,50,10,138,0,2,100,4,106,24,56,150,14,244,106,0,106,350
11/04/2021,LEX,KY,ASO,CE,Combined TRACON& Tower with Radar,30,53,75,5,163,0,4,76,4,84,30,57,151,9,247,78,0,78,325
11/05/2021,LEX,KY,ASO,CE,Combined TRACON& Tower with Radar,30,59,81,12,182,0,3,94,2,99,30,62,175,14,281,52,0,52,333
11/06/2021,LEX,KY,ASO,CE,Combined TRACON& Tower with Radar,19,39,68,4,130,0,7,104,3,114,19,46,172,7,244,60,0,60,304
11/07/2021,LEX,KY,ASO,CE,Combined TRACON& Tower with Radar,32,68,87,1,188,0,8,109,1,118,32,76,196,2,306,10,0,10,316
11/08/2021,LEX,KY,ASO,CE,Combined TRACON& Tower with Radar,28,39,59,4,130,0,6,93,4,103,28,45,152,8,233,60,0,60,293
11/09/2021,LEX,KY,ASO,CE,Combined TRACON& Tower with Radar,19,48,53,2,122,0,7,80,3,90,19,55,133,5,212,50,0,50,262
11/10/2021,LEX,KY,ASO,CE,Combined TRACON& Tower with Radar,31,41,61,3,136,0,5,90,4,99,31,46,151,7,235,54,0,54,289
11/11/2021,LEX,KY,ASO,CE,Combined TRACON& Tower with Radar,32,45,43,0,120,0,1,8,0,9,32,46,51,0,129,0,0,0,129
11/12/2021,LEX,KY,ASO,CE,Combined TRACON& Tower with Radar,30,53,60,0,143,0,6,34,1,41,30,59,94,1,184,28,0,28,212
11/13/2021,LEX,KY,ASO,CE,Combined TRACON& Tower with Radar,22,43,47,0,112,0,1,50,0,51,22,44,97,0,163,54,0,54,217
11/14/2021,LEX,KY,ASO,CE,Combined TRACON& Tower with Radar,26,53,36,0,115,0,2,15,0,17,26,55,51,0,132,0,0,0,132
11/15/2021,LEX,KY,ASO,CE,Combined TRACON& Tower with Radar,29,42,57,1,129,0,6,75,1,82,29,48,132,2,211,122,0,122,333
11/16/2021,LEX,KY,ASO,CE,Combined TRACON& Tower with Radar,19,35,69,0,123,0,4,80,5,89,19,39,149,5,212,62,0,62,274
11/17/2021,LEX,KY,ASO,CE,Combined TRACON& Tower with Radar,25,35,63,0,123,0,4,21,0,25,25,39,84,0,148,44,0,44,192
11/18/2021,LEX,KY,ASO,CE,Combined TRACON& Tower with Radar,31,31,70,0,132,0,0,50,2,52,31,31,120,2,184,14,0,14,198
11/19/2021,LEX,KY,ASO,CE,Combined TRACON& Tower with Radar,36,41,56,10,143,0,5,112,4,121,36,46,168,14,264,24,0,24,288
11/20/2021,LEX,KY,ASO,CE,Combined TRACON& Tower with Radar,24,37,41,0,102,0,1,91,0,92,24,38,132,0,194,18,0,18,212
11/21/2021,LEX,KY,ASO,CE,Combined TRACON& Tower with Radar,25,38,32,0,95,0,0,3,0,3,25,38,35,0,98,0,0,0,98
11/22/2021,LEX,KY,ASO,CE,Combined TRACON& Tower with Radar,31,24,59,1,115,0,0,81,3,84,31,24,140,4,199,42,0,42,241
11/23/2021,LEX,KY,ASO,CE,Combined TRACON& Tower with Radar,30,36,52,1,119,0,10,84,1,95,30,46,136,2,214,60,0,60,274
11/24/2021,LEX,KY,ASO,CE,Combined TRACON& Tower with Radar,37,36,36,1,110,0,4,73,3,80,37,40,109,4,190,24,0,24,214
11/25/2021,LEX,KY,ASO,CE,Combined TRACON& Tower with Radar,14,17,9,0,40,0,3,0,0,3,14,20,9,0,43,0,0,0,43
11/26/2021,LEX,KY,ASO,CE,Combined TRACON& Tower with Radar,17,28,40,0,85,0,2,45,0,47,17,30,85,0,132,30,0,30,162
11/27/2021,LEX,KY,ASO,CE,Combined TRACON& Tower with Radar,30,39,44,0,113,0,4,54,0,58,30,43,98,0,171,52,0,52,223
11/28/2021,LEX,KY,ASO,CE,Combined TRACON& Tower with Radar,34,37,41,0,112,0,0,67,0,67,34,37,108,0,179,32,0,32,211
11/29/2021,LEX,KY,ASO,CE,Combined TRACON& Tower with Radar,34,30,50,0,114,0,5,61,4,70,34,35,111,4,184,89,0,89,273
11/30/2021,LEX,KY,ASO,CE,Combined TRACON& Tower with Radar,30,32,51,5,118,0,6,73,1,80,30,38,124,6,198,106,0,106,304
12/01/2021,LEX,KY,ASO,CE,Combined TRACON& Tower with Radar,24,34,46,10,114,0,1,34,2,37,24,35,80,12,151,50,0,50,201
12/02/2021,LEX,KY,ASO,CE,Combined TRACON& Tower with Radar,29,38,58,2,127,0,1,39,2,42,29,39,97,4,169,58,0,58,227
12/03/2021,LEX,KY,ASO,CE,Combined TRACON& Tower with Radar,28,32,82,4,146,0,4,113,2,119,28,36,195,6,265,54,0,54,319
12/04/2021,LEX,KY,ASO,CE,Combined TRACON& Tower with Radar,17,26,45,14,102,0,2,116,5,123,17,28,161,19,225,56,0,56,281
12/05/2021,LEX,KY,ASO,CE,Combined TRACON& Tower with Radar,24,39,53,6,122,0,1,58,5,64,24,40,111,11,186,38,0,38,224
12/06/2021,LEX,KY,ASO,CE,Combined TRACON& Tower with Radar,29,36,34,0,99,0,0,30,0,30,29,36,64,0,129,30,0,30,159
12/07/2021,LEX,KY,ASO,CE,Combined TRACON& Tower with Radar,19,32,68,2,121,0,0,81,7,88,19,32,149,9,209,82,0,82,291
12/08/2021,LEX,KY,ASO,CE,Combined TRACON& Tower with Radar,21,47,61,7,136,0,6,74,1,81,21,53,135,8,217,86,0,86,303
12/09/2021,LEX,KY,ASO,CE,Combined TRACON& Tower with Radar,30,40,66,0,136,0,0,75,0,75,30,40,141,0,211,0,0,0,211
12/10/2021,LEX,KY,ASO,CE,Combined TRACON& Tower with Radar,28,48,36,4,116,0,1,9,0,10,28,49,45,4,126,0,0,0,126
12/11/2021,LEX,KY,ASO,CE,Combined TRACON& Tower with Radar,22,32,14,0,68,0,2,2,1,5,22,34,16,1,73,0,0,0,73
12/12/2021,LEX,KY,ASO,CE,Combined TRACON& Tower with Radar,28,38,43,0,109,0,5,114,1,120,28,43,157,1,229,12,0,12,241
12/13/2021,LEX,KY,ASO,CE,Combined TRACON& Tower with Radar,28,38,56,0,122,0,1,92,0,93,28,39,148,0,215,26,0,26,241
12/14/2021,LEX,KY,ASO,CE,Combined TRACON& Tower with Radar,19,28,51,2,100,0,6,117,3,126,19,34,168,5,226,62,0,62,288
12/15/2021,LEX,KY,ASO,CE,Combined TRACON& Tower with Radar,19,29,59,0,107,0,2,60,5,67,19,31,119,5,174,0,0,0,174
12/16/2021,LEX,KY,ASO,CE,Combined TRACON& Tower with Radar,30,36,48,0,114,0,0,5,0,5,30,36,53,0,119,0,0,0,119
12/17/2021,LEX,KY,ASO,CE,Combined TRACON& Tower with Radar,36,37,42,0,115,0,0,4,0,4,36,37,46,0,119,14,0,14,133
12/18/2021,LEX,KY,ASO,CE,Combined TRACON& Tower with Radar,21,30,34,0,85,0,0,0,0,0,21,30,34,0,85,0,0,0,85
12/19/2021,LEX,KY,ASO,CE,Combined TRACON& Tower with Radar,30,34,39,0,103,0,1,43,0,44,30,35,82,0,147,72,0,72,219
12/20/2021,LEX,KY,ASO,CE,Combined TRACON& Tower with Radar,32,37,58,2,129,0,4,96,0,100,32,41,154,2,229,56,0,56,285
12/21/2021,LEX,KY,ASO,CE,Combined TRACON& Tower with Radar,31,49,54,3,137,0,2,76,3,81,31,51,130,6,218,60,0,60,278
12/22/2021,LEX,KY,ASO,CE,Combined TRACON& Tower with Radar,24,37,67,3,131,0,9,98,1,108,24,46,165,4,239,6,0,6,245
12/23/2021,LEX,KY,ASO,CE,Combined TRACON& Tower with Radar,27,41,55,0,123,0,3,52,0,55,27,44,107,0,178,12,0,12,190
12/24/2021,LEX,KY,ASO,CE,Combined TRACON& Tower with Radar,19,21,12,0,52,0,7,8,0,15,19,28,20,0,67,0,0,0,67
12/25/2021,LEX,KY,ASO,CE,Combined TRACON& Tower with Radar,17,15,7,0,39,0,3,1,0,4,17,18,8,0,43,0,0,0,43
12/26/2021,LEX,KY,ASO,CE,Combined TRACON& Tower with Radar,30,33,78,0,141,0,3,39,0,42,30,36,117,0,183,16,0,16,199
12/27/2021,LEX,KY,ASO,CE,Combined TRACON& Tower with Radar,23,33,41,2,99,0,2,16,0,18,23,35,57,2,117,20,0,20,137
12/28/2021,LEX,KY,ASO,CE,Combined TRACON& Tower with Radar,28,39,34,2,103,0,0,10,0,10,28,39,44,2,113,0,0,0,113
12/29/2021,LEX,KY,ASO,CE,Combined TRACON& Tower with Radar,24,38,55,7,124,0,0,23,0,23,24,38,78,7,147,57,0,57,204
12/30/2021,LEX,KY,ASO,CE,Combined TRACON& Tower with Radar,32,34,54,0,120,0,0,8,0,8,32,34,62,0,128,0,0,0,128
12/31/2021,LEX,KY,ASO,CE,Combined TRACON& Tower with Radar,18,28,31,0,77,0,0,36,0,36,18,28,67,0,113,51,0,51,164
01/01/2022,LEX,KY,ASO,CE,Combined TRACON& Tower with Radar,18,14,13,0,45,0,0,0,0,0,18,14,13,0,45,0,0,0,45
01/02/2022,LEX,KY,ASO,CE,Combined TRACON& Tower with Radar,29,26,28,0,83,0,0,0,0,0,29,26,28,0,83,0,0,0,83
01/03/2022,LEX,KY,ASO,CE,Combined TRACON& Tower with Radar,27,38,61,4,130,0,0,88,2,90,27,38,149,6,220,51,0,51,271
01/04/2022,LEX,KY,ASO,CE,Combined TRACON& Tower with Radar,16,39,58,6,119,0,6,102,9,117,16,45,160,15,236,116,0,116,352
01/05/2022,LEX,KY,ASO,CE,Combined TRACON& Tower with Radar,23,31,24,2,80,0,1,26,3,30,23,32,50,5,110,0,0,0,110
01/06/2022,LEX,KY,ASO,CE,Combined TRACON& Tower with Radar,15,23,17,0,55,0,0,7,0,7,15,23,24,0,62,0,0,0,62
01/07/2022,LEX,KY,ASO,CE,Combined TRACON& Tower with Radar,21,44,32,0,97,0,12,23,0,35,21,56,55,0,132,0,0,0,132
01/08/2022,LEX,KY,ASO,CE,Combined TRACON& Tower with Radar,11,28,34,2,75,0,4,69,4,77,11,32,103,6,152,27,0,27,179
01/09/2022,LEX,KY,ASO,CE,Combined TRACON& Tower with Radar,23,45,27,1,96,0,2,2,1,5,23,47,29,2,101,0,0,0,101
01/10/2022,LEX,KY,ASO,CE,Combined TRACON& Tower with Radar,19,40,52,20,131,0,11,84,3,98,19,51,136,23,229,0,16,16,245
01/11/2022,LEX,KY,ASO,CE,Combined TRACON& Tower with Radar,19,34,62,0,115,0,3,80,0,83,19,37,142,0,198,34,0,34,232
01/12/2022,LEX,KY,ASO,CE,Combined TRACON& Tower with Radar,20,40,51,5,116,0,0,70,1,71,20,40,121,6,187,34,0,34,221
01/13/2022,LEX,KY,ASO,CE,Combined TRACON& Tower with Radar,22,42,48,3,115,0,6,71,3,80,22,48,119,6,195,52,0,52,247
01/14/2022,LEX,KY,ASO,CE,Combined TRACON& Tower with Radar,28,49,41,0,118,0,0,15,0,15,28,49,56,0,133,0,0,0,133
01/15/2022,LEX,KY,ASO,CE,Combined TRACON& Tower with Radar,12,31,30,0,73,0,2,25,0,27,12,33,55,0,100,12,0,12,112
01/16/2022,LEX,KY,ASO,CE,Combined TRACON& Tower with Radar,6,19,8,0,33,0,4,0,0,4,6,23,8,0,37,0,0,0,37
01/17/2022,LEX,KY,ASO,CE,Combined TRACON& Tower with Radar,23,37,28,0,88,0,0,0,0,0,23,37,28,0,88,4,0,4,92
01/18/2022,LEX,KY,ASO,CE,Combined TRACON& Tower with Radar,20,28,44,12,104,0,0,81,2,83,20,28,125,14,187,24,0,24,211
01/19/2022,LEX,KY,ASO,CE,Combined TRACON& Tower with Radar,22,37,42,0,101,0,0,14,2,16,22,37,56,2,117,0,0,0,117
01/20/2022,LEX,KY,ASO,CE,Combined TRACON& Tower with Radar,25,30,29,0,84,0,0,33,2,35,25,30,62,2,119,4,0,4,123
01/21/2022,LEX,KY,ASO,CE,Combined TRACON& Tower with Radar,28,44,43,2,117,0,5,69,0,74,28,49,112,2,191,126,0,126,317
01/22/2022,LEX,KY,ASO,CE,Combined TRACON& Tower with Radar,15,31,42,0,88,0,1,70,0,71,15,32,112,0,159,34,0,34,193
01/23/2022,LEX,KY,ASO,CE,Combined TRACON& Tower with Radar,23,42,22,0,87,0,6,13,0,19,23,48,35,0,106,0,0,0,106
01/24/2022,LEX,KY,ASO,CE,Combined TRACON& Tower with Radar,25,39,43,2,109,0,3,65,0,68,25,42,108,2,177,50,0,50,227
01/25/2022,LEX,KY,ASO,CE,Combined TRACON& Tower with Radar,18,24,47,2,91,0,2,31,0,33,18,26,78,2,124,22,0,22,146
01/26/2022,LEX,KY,ASO,CE,Combined TRACON& Tower with Radar,20,48,89,6,163,0,12,110,0,122,20,60,199,6,285,50,0,50,335
01/27/2022,LEX,KY,ASO,CE,Combined TRACON& Tower with Radar,26,41,62,2,131,0,2,61,2,65,26,43,123,4,196,58,0,58,254
01/28/2022,LEX,KY,ASO,CE,Combined TRACON& Tower with Radar,21,39,24,0,84,0,0,0,0,0,21,39,24,0,84,0,0,0,84
01/29/2022,LEX,KY,ASO,CE,Combined TRACON& Tower with Radar,20,29,32,2,83,0,2,59,0,61,20,31,91,2,144,0,0,0,144
01/30/2022,LEX,KY,ASO,CE,Combined TRACON& Tower with Radar,27,39,37,0,103,0,4,81,4,89,27,43,118,4,192,34,0,34,226
01/31/2022,LEX,KY,ASO,CE,Combined TRACON& Tower with Radar,24,34,59,3,120,0,0,99,7,106,24,34,158,10,226,24,0,24,250
02/01/2022,LEX,KY,ASO,CE,Combined TRACON& Tower with Radar,19,37,73,1,130,0,2,106,1,109,19,39,179,2,239,32,0,32,271
02/02/2022,LEX,KY,ASO,CE,Combined TRACON& Tower with Radar,18,20,28,4,70,0,5,5,2,12,18,25,33,6,82,0,0,0,82
02/03/2022,LEX,KY,ASO,CE,Combined TRACON& Tower with Radar,4,6,9,0,19,0,0,0,0,0,4,6,9,0,19,0,0,0,19
02/04/2022,LEX,KY,ASO,CE,Combined TRACON& Tower with Radar,14,18,20,0,52,0,0,2,0,2,14,18,22,0,54,0,0,0,54
02/05/2022,LEX,KY,ASO,CE,Combined TRACON& Tower with Radar,14,26,25,3,68,0,5,31,2,38,14,31,56,5,106,0,0,0,106
02/06/2022,LEX,KY,ASO,CE,Combined TRACON& Tower with Radar,27,44,44,1,116,0,8,89,2,99,27,52,133,3,215,50,0,50,265
02/07/2022,LEX,KY,ASO,CE,Combined TRACON& Tower with Radar,25,35,59,3,122,0,0,83,0,83,25,35,142,3,205,40,0,40,245
02/08/2022,LEX,KY,ASO,CE,Combined TRACON& Tower with Radar,20,28,46,3,97,0,2,95,3,100,20,30,141,6,197,38,4,42,239
02/09/2022,LEX,KY,ASO,CE,Combined TRACON& Tower with Radar,21,33,60,3,117,0,1,62,1,64,21,34,122,4,181,62,0,62,243
02/10/2022,LEX,KY,ASO,CE,Combined TRACON& Tower with Radar,26,44,66,5,141,0,0,102,4,106,26,44,168,9,247,74,0,74,321
02/11/2022,LEX,KY,ASO,CE,Combined TRACON& Tower with Radar,28,40,42,0,110,0,2,31,0,33,28,42,73,0,143,6,0,6,149
02/12/2022,LEX,KY,ASO,CE,Combined TRACON& Tower with Radar,18,20,29,0,67,0,5,19,3,27,18,25,48,3,94,42,0,42,136
02/13/2022,LEX,KY,ASO,CE,Combined TRACON& Tower with Radar,23,33,38,0,94,0,2,65,4,71,23,35,103,4,165,6,0,6,171
02/14/2022,LEX,KY,ASO,CE,Combined TRACON& Tower with Radar,24,44,39,0,107,0,8,59,1,68,24,52,98,1,175,36,0,36,211
02/15/2022,LEX,KY,ASO,CE,Combined TRACON& Tower with Radar,20,31,31,5,87,0,6,113,5,124,20,37,144,10,211,113,0,113,324
02/16/2022,LEX,KY,ASO,CE,Combined TRACON& Tower with Radar,24,41,34,0,99,0,2,22,1,25,24,43,56,1,124,0,0,0,124
02/17/2022,LEX,KY,ASO,CE,Combined TRACON& Tower with Radar,25,37,23,0,85,0,0,0,0,0,25,37,23,0,85,0,0,0,85
02/18/2022,LEX,KY,ASO,CE,Combined TRACON& Tower with Radar,31,41,63,0,135,0,2,114,2,118,31,43,177,2,253,42,0,42,295
02/19/2022,LEX,KY,ASO,CE,Combined TRACON& Tower with Radar,23,32,31,0,86,0,5,65,0,70,23,37,96,0,156,34,0,34,190
02/20/2022,LEX,KY,ASO,CE,Combined TRACON& Tower with Radar,21,47,59,0,127,0,5,98,0,103,21,52,157,0,230,60,0,60,290
02/21/2022,LEX,KY,ASO,CE,Combined TRACON& Tower with Radar,30,36,59,0,125,0,4,90,0,94,30,40,149,0,219,38,0,38,257
02/22/2022,LEX,KY,ASO,CE,Combined TRACON& Tower with Radar,26,34,13,0,73,0,0,0,0,0,26,34,13,0,73,0,0,0,73
02/23/2022,LEX,KY,ASO,CE,Combined TRACON& Tower with Radar,21,47,43,0,111,0,0,3,0,3,21,47,46,0,114,34,0,34,148
02/24/2022,LEX,KY,ASO,CE,Combined TRACON& Tower with Radar,26,38,23,0,87,0,0,0,0,0,26,38,23,0,87,0,0,0,87
02/25/2022,LEX,KY,ASO,CE,Combined TRACON& Tower with Radar,31,41,34,0,106,0,0,8,0,8,31,41,42,0,114,56,0,56,170
02/26/2022,LEX,KY,ASO,CE,Combined TRACON& Tower with Radar,21,30,37,2,90,0,6,87,2,95,21,36,124,4,185,78,0,78,263
02/27/2022,LEX,KY,ASO,CE,Combined TRACON& Tower with Radar,24,37,54,6,121,0,2,123,0,125,24,39,177,6,246,20,0,20,266
02/28/2022,LEX,KY,ASO,CE,Combined TRACON& Tower with Radar,29,35,61,2,127,0,2,118,0,120,29,37,179,2,247,74,0,74,321
03/01/2022,LEX,KY,ASO,CE,Combined TRACON& Tower with Radar,25,44,70,1,140,0,0,94,1,95,25,44,164,2,235,26,0,26,261
03/02/2022,LEX,KY,ASO,CE,Combined TRACON& Tower with Radar,26,37,45,0,108,0,5,112,0,117,26,42,157,0,225,74,0,74,299
03/03/2022,LEX,KY,ASO,CE,Combined TRACON& Tower with Radar,30,34,66,5,135,0,4,114,2,120,30,38,180,7,255,74,0,74,329
03/04/2022,LEX,KY,ASO,CE,Combined TRACON& Tower with Radar,35,35,63,0,133,0,4,127,0,131,35,39,190,0,264,41,0,41,305
03/05/2022,LEX,KY,ASO,CE,Combined TRACON& Tower with Radar,23,31,30,0,84,0,8,60,0,68,23,39,90,0,152,0,0,0,152
03/06/2022,LEX,KY,ASO,CE,Combined TRACON& Tower with Radar,29,41,22,2,94,0,0,1,0,1,29,41,23,2,95,0,0,0,95
03/07/2022,LEX,KY,ASO,CE,Combined TRACON& Tower with Radar,34,34,16,0,84,0,0,2,0,2,34,34,18,0,86,0,0,0,86
03/08/2022,LEX,KY,ASO,CE,Combined TRACON& Tower with Radar,29,28,72,7,136,0,3,63,1,67,29,31,135,8,203,56,14,70,273
03/09/2022,LEX,KY,ASO,CE,Combined TRACON& Tower with Radar,31,36,48,4,119,0,3,55,0,58,31,39,103,4,177,71,0,71,248
03/10/2022,LEX,KY,ASO,CE,Combined TRACON& Tower with Radar,29,42,86,10,167,0,4,142,1,147,29,46,228,11,314,80,0,80,394
03/11/2022,LEX,KY,ASO,CE,Combined TRACON& Tower with Radar,30,46,46,6,128,0,0,83,2,85,30,46,129,8,213,29,24,53,266
03/12/2022,LEX,KY,ASO,CE,Combined TRACON& Tower with Radar,24,23,22,6,75,0,4,11,0,15,24,27,33,6,90,0,0,0,90
03/13/2022,LEX,KY,ASO,CE,Combined TRACON& Tower with Radar,26,39,48,1,114,0,8,41,5,54,26,47,89,6,168,0,8,8,176
03/14/2022,LEX,KY,ASO,CE,Combined TRACON& Tower with Radar,32,33,55,5,125,0,0,84,3,87,32,33,139,8,212,60,0,60,272
03/15/2022,LEX,KY,ASO,CE,Combined TRACON& Tower with Radar,27,33,89,0,149,0,2,87,0,89,27,35,176,0,238,108,0,108,346
03/16/2022,LEX,KY,ASO,CE,Combined TRACON& Tower with Radar,27,32,85,6,150,0,4,72,3,79,27,36,157,9,229,59,0,59,288
03/17/2022,LEX,KY,ASO,CE,Combined TRACON& Tower with Radar,31,36,90,6,163,0,4,90,1,95,31,40,180,7,258,36,0,36,294
03/18/2022,LEX,KY,ASO,CE,Combined TRACON& Tower with Radar,30,32,46,0,108,0,2,26,3,31,30,34,72,3,139,0,0,0,139
03/19/2022,LEX,KY,ASO,CE,Combined TRACON& Tower with Radar,25,31,29,13,98,0,2,4,0,6,25,33,33,13,104,0,0,0,104
03/20/2022,LEX,KY,ASO,CE,Combined TRACON& Tower with Radar,34,29,68,0,131,0,3,102,2,107,34,32,170,2,238,24,0,24,262
03/21/2022,LEX,KY,ASO,CE,Combined TRACON& Tower with Radar,34,39,71,0,144,0,10,102,4,116,34,49,173,4,260,62,0,62,322
03/22/2022,LEX,KY,ASO,CE,Combined TRACON& Tower with Radar,29,33,48,2,112,0,0,44,2,46,29,33,92,4,158,14,0,14,172
03/23/2022,LEX,KY,ASO,CE,Combined TRACON& Tower with Radar,31,32,29,0,92,0,0,12,0,12,31,32,41,0,104,0,0,0,104
03/24/2022,LEX,KY,ASO,CE,Combined TRACON& Tower with Radar,31,36,74,4,145,0,0,50,3,53,31,36,124,7,198,10,0,10,208
03/25/2022,LEX,KY,ASO,CE,Combined TRACON& Tower with Radar,31,29,62,2,124,0,1,33,3,37,31,30,95,5,161,36,0,36,197
03/26/2022,LEX,KY,ASO,CE,Combined TRACON& Tower with Radar,30,30,32,0,92,0,2,16,0,18,30,32,48,0,110,0,0,0,110
03/27/2022,LEX,KY,ASO,CE,Combined TRACON& Tower with Radar,30,38,44,5,117,0,7,63,1,71,30,45,107,6,188,16,0,16,204
03/28/2022,LEX,KY,ASO,CE,Combined TRACON& Tower with Radar,32,32,54,0,118,0,2,85,0,87,32,34,139,0,205,42,0,42,247
03/29/2022,LEX,KY,ASO,CE,Combined TRACON& Tower with Radar,30,22,69,3,124,0,2,65,4,71,30,24,134,7,195,25,0,25,220
03/30/2022,LEX,KY,ASO,CE,Combined TRACON& Tower with Radar,29,29,38,0,96,0,3,9,0,12,29,32,47,0,108,0,0,0,108
03/31/2022,LEX,KY,ASO,CE,Combined TRACON& Tower with Radar,38,39,24,16,117,0,2,8,4,14,38,41,32,20,131,0,0,0,131
04/01/2022,LEX,KY,ASO,CE,Combined TRACON& Tower with Radar,31,32,76,12,151,0,2,47,13,62,31,34,123,25,213,6,18,24,237
04/02/2022,LEX,KY,ASO,CE,Combined TRACON& Tower with Radar,26,31,56,10,123,0,2,82,6,90,26,33,138,16,213,34,0,34,247
04/03/2022,LEX,KY,ASO,CE,Combined TRACON& Tower with Radar,34,44,101,5,184,0,6,104,3,113,34,50,205,8,297,50,0,50,347
04/04/2022,LEX,KY,ASO,CE,Combined TRACON& Tower with Radar,33,31,85,1,150,0,2,77,1,80,33,33,162,2,230,22,0,22,252
04/05/2022,LEX,KY,ASO,CE,Combined TRACON& Tower with Radar,29,37,65,0,131,0,0,11,0,11,29,37,76,0,142,18,0,18,160
04/06/2022,LEX,KY,ASO,CE,Combined TRACON& Tower with Radar,30,36,40,0,106,0,0,0,0,0,30,36,40,0,106,0,0,0,106
04/07/2022,LEX,KY,ASO,CE,Combined TRACON& Tower with Radar,31,37,89,2,159,0,0,52,4,56,31,37,141,6,215,22,0,22,237
04/08/2022,LEX,KY,ASO,CE,Combined TRACON& Tower with Radar,33,38,86,0,157,0,0,9,0,9,33,38,95,0,166,46,0,46,212
04/09/2022,LEX,KY,ASO,CE,Combined TRACON& Tower with Radar,26,40,46,0,112,0,0,12,0,12,26,40,58,0,124,12,0,12,136
04/10/2022,LEX,KY,ASO,CE,Combined TRACON& Tower with Radar,34,44,134,0,212,0,2,118,2,122,34,46,252,2,334,54,0,54,388
04/11/2022,LEX,KY,ASO,CE,Combined TRACON& Tower with Radar,39,34,43,0,116,0,0,10,0,10,39,34,53,0,126,28,0,28,154
04/12/2022,LEX,KY,ASO,CE,Combined TRACON& Tower with Radar,30,28,81,0,139,0,3,14,1,18,30,31,95,1,157,20,0,20,177
04/13/2022,LEX,KY,ASO,CE,Combined TRACON& Tower with Radar,30,38,58,5,131,0,0,22,6,28,30,38,80,11,159,0,0,0,159
04/14/2022,LEX,KY,ASO,CE,Combined TRACON& Tower with Radar,41,39,92,6,178,0,2,75,2,79,41,41,167,8,257,52,6,58,315
04/15/2022,LEX,KY,ASO,CE,Combined TRACON& Tower with Radar,41,40,78,6,165,0,1,76,1,78,41,41,154,7,243,22,0,22,265
04/16/2022,LEX,KY,ASO,CE,Combined TRACON& Tower with Radar,28,25,58,0,111,0,7,50,0,57,28,32,108,0,168,46,0,46,214
04/17/2022,LEX,KY,ASO,CE,Combined TRACON& Tower with Radar,38,33,48,0,119,0,4,46,0,50,38,37,94,0,169,52,0,52,221
04/18/2022,LEX,KY,ASO,CE,Combined TRACON& Tower with Radar,44,38,49,2,133,0,0,15,0,15,44,38,64,2,148,24,0,24,172
04/19/2022,LEX,KY,ASO,CE,Combined TRACON& Tower with Radar,33,27,83,1,144,0,2,95,1,98,33,29,178,2,242,62,0,62,304
04/20/2022,LEX,KY,ASO,CE,Combined TRACON& Tower with Radar,33,30,113,8,184,0,3,104,2,109,33,33,217,10,293,10,0,10,303
04/21/2022,LEX,KY,ASO,CE,Combined TRACON& Tower with Radar,41,50,90,1,182,0,2,24,1,27,41,52,114,2,209,64,0,64,273
04/22/2022,LEX,KY,ASO,CE,Combined TRACON& Tower with Radar,43,40,101,2,186,0,4,109,0,113,43,44,210,2,299,44,0,44,343
04/23/2022,LEX,KY,ASO,CE,Combined TRACON& Tower with Radar,28,37,65,0,130,0,6,58,0,64,28,43,123,0,194,36,0,36,230
04/24/2022,LEX,KY,ASO,CE,Combined TRACON& Tower with Radar,34,40,89,2,165,0,5,61,0,66,34,45,150,2,231,8,0,8,239
04/25/2022,LEX,KY,ASO,CE,Combined TRACON& Tower with Radar,38,32,35,0,105,0,3,30,0,33,38,35,65,0,138,26,0,26,164
04/26/2022,LEX,KY,ASO,CE,Combined TRACON& Tower with Radar,36,36,83,1,156,0,2,98,1,101,36,38,181,2,257,70,0,70,327
04/27/2022,LEX,KY,ASO,CE,Combined TRACON& Tower with Radar,34,49,91,0,174,0,7,120,0,127,34,56,211,0,301,70,0,70,371
04/28/2022,LEX,KY,ASO,CE,Combined TRACON& Tower with Radar,37,46,100,2,185,0,4,115,0,119,37,50,215,2,304,58,0,58,362
04/29/2022,LEX,KY,ASO,CE,Combined TRACON& Tower with Radar,39,34,69,0,142,0,0,80,2,82,39,34,149,2,224,52,0,52,276
04/30/2022,LEX,KY,ASO,CE,Combined TRACON& Tower with Radar,28,33,45,0,106,0,2,50,0,52,28,35,95,0,158,22,0,22,180
05/01/2022,LEX,KY,ASO,CE,Combined TRACON& Tower with Radar,37,49,62,0,148,0,11,25,1,37,37,60,87,1,185,10,0,10,195
05/02/2022,LEX,KY,ASO,CE,Combined TRACON& Tower with Radar,39,33,78,0,150,0,1,79,2,82,39,34,157,2,232,16,0,16,248
05/03/2022,LEX,KY,ASO,CE,Combined TRACON& Tower with Radar,28,36,22,2,88,0,3,10,0,13,28,39,32,2,101,0,0,0,101
05/04/2022,LEX,KY,ASO,CE,Combined TRACON& Tower with Radar,32,48,128,4,212,0,6,42,2,50,32,54,170,6,262,108,0,108,370
05/05/2022,LEX,KY,ASO,CE,Combined TRACON& Tower with Radar,41,54,119,2,216,0,2,73,1,76,41,56,192,3,292,32,0,32,324
05/06/2022,LEX,KY,ASO,CE,Combined TRACON& Tower with Radar,41,46,92,0,179,0,1,4,0,5,41,47,96,0,184,4,0,4,188
05/07/2022,LEX,KY,ASO,CE,Combined TRACON& Tower with Radar,33,34,48,0,115,0,3,0,0,3,33,37,48,0,118,0,0,0,118
05/08/2022,LEX,KY,ASO,CE,Combined TRACON& Tower with Radar,43,77,118,0,238,0,9,77,2,88,43,86,195,2,326,0,0,0,326
05/09/2022,LEX,KY,ASO,CE,Combined TRACON& Tower with Radar,39,35,93,11,178,0,10,113,1,124,39,45,206,12,302,106,0,106,408
05/10/2022,LEX,KY,ASO,CE,Combined TRACON& Tower with Radar,29,32,74,2,137,0,6,116,0,122,29,38,190,2,259,54,0,54,313
05/11/2022,LEX,KY,ASO,CE,Combined TRACON& Tower with Radar,35,30,87,2,154,0,3,67,0,70,35,33,154,2,224,42,0,42,266
05/12/2022,LEX,KY,ASO,CE,Combined TRACON& Tower with Radar,40,41,96,2,179,0,6,81,2,89,40,47,177,4,268,26,0,26,294
05/13/2022,LEX,KY,ASO,CE,Combined TRACON& Tower with Radar,40,35,62,5,142,0,5,82,1,88,40,40,144,6,230,42,0,42,272
05/14/2022,LEX,KY,ASO,CE,Combined TRACON& Tower with Radar,29,27,37,2,95,0,3,33,2,38,29,30,70,4,133,10,0,10,143
05/15/2022,LEX,KY,ASO,CE,Combined TRACON& Tower with Radar,37,43,59,5,144,0,4,59,5,68,37,47,118,10,212,54,4,58,270
05/16/2022,LEX,KY,ASO,CE,Combined TRACON& Tower with Radar,40,25,52,0,117,0,1,49,0,50,40,26,101,0,167,62,0,62,229
05/17/2022,LEX,KY,ASO,CE,Combined TRACON& Tower with Radar,32,28,79,1,140,0,6,95,5,106,32,34,174,6,246,42,0,42,288
05/18/2022,LEX,KY,ASO,CE,Combined TRACON& Tower with Radar,31,45,72,0,148,0,2,46,0,48,31,47,118,0,196,0,0,0,196
05/19/2022,LEX,KY,ASO,CE,Combined TRACON& Tower with Radar,39,36,64,1,140,0,2,42,2,46,39,38,106,3,186,48,0,48,234
05/20/2022,LEX,KY,ASO,CE,Combined TRACON& Tower with Radar,36,32,51,1,120,0,4,47,0,51,36,36,98,1,171,6,0,6,177
05/21/2022,LEX,KY,ASO,CE,Combined TRACON& Tower with Radar,37,24,49,0,110,0,2,49,0,51,37,26,98,0,161,0,0,0,161
05/22/2022,LEX,KY,ASO,CE,Combined TRACON& Tower with Radar,37,34,78,2,151,0,3,10,0,13,37,37,88,2,164,0,0,0,164
05/23/2022,LEX,KY,ASO,CE,Combined TRACON& Tower with Radar,39,28,74,0,141,0,4,29,2,35,39,32,103,2,176,72,0,72,248
05/24/2022,LEX,KY,ASO,CE,Combined TRACON& Tower with Radar,29,30,92,4,155,0,4,33,0,37,29,34,125,4,192,82,0,82,274
05/25/2022,LEX,KY,ASO,CE,Combined TRACON& Tower with Radar,29,27,63,0,119,0,6,39,2,47,29,33,102,2,166,16,0,16,182
05/26/2022,LEX,KY,ASO,CE,Combined TRACON& Tower with Radar,38,43,32,0,113,0,1,3,0,4,38,44,35,0,117,20,0,20,137
05/27/2022,LEX,KY,ASO,CE,Combined TRACON& Tower with Radar,41,41,57,1,140,0,6,20,1,27,41,47,77,2,167,12,8,20,187
05/28/2022,LEX,KY,ASO,CE,Combined TRACON& Tower with Radar,37,17,84,0,138,0,3,76,0,79,37,20,160,0,217,38,0,38,255
05/29/2022,LEX,KY,ASO,CE,Combined TRACON& Tower with Radar,34,25,35,0,94,0,4,64,0,68,34,29,99,0,162,66,0,66,228
05/30/2022,LEX,KY,ASO,CE,Combined TRACON& Tower with Radar,40,24,56,1,121,0,2,62,0,64,40,26,118,1,185,68,0,68,253
05/31/2022,LEX,KY,ASO,CE,Combined TRACON& Tower with Radar,32,22,74,5,133,0,4,90,3,97,32,26,164,8,230,38,0,38,268
06/01/2022,LEX,KY,ASO,CE,Combined TRACON& Tower with Radar,34,34,65,5,138,0,0,69,1,70,34,34,134,6,208,79,8,87,295
06/02/2022,LEX,KY,ASO,CE,Combined TRACON& Tower with Radar,42,32,38,1,113,0,2,26,2,30,42,34,64,3,143,15,0,15,158
06/03/2022,LEX,KY,ASO,CE,Combined TRACON& Tower with Radar,40,28,67,0,135,0,12,115,3,130,40,40,182,3,265,50,0,50,315
06/04/2022,LEX,KY,ASO,CE,Combined TRACON& Tower with Radar,40,22,61,22,145,0,10,97,1,108,40,32,158,23,253,74,0,74,327
06/05/2022,LEX,KY,ASO,CE,Combined TRACON& Tower with Radar,42,37,67,4,150,0,8,78,1,87,42,45,145,5,237,14,10,24,261
06/06/2022,LEX,KY,ASO,CE,Combined TRACON& Tower with Radar,45,33,50,7,135,0,0,46,5,51,45,33,96,12,186,14,0,14,200
06/07/2022,LEX,KY,ASO,CE,Combined TRACON& Tower with Radar,29,20,57,0,106,0,2,51,3,56,29,22,108,3,162,46,0,46,208
06/08/2022,LEX,KY,ASO,CE,Combined TRACON& Tower with Radar,36,29,66,0,131,0,4,32,2,38,36,33,98,2,169,30,0,30,199
06/09/2022,LEX,KY,ASO,CE,Combined TRACON& Tower with Radar,45,34,95,1,175,0,3,106,3,112,45,37,201,4,287,72,0,72,359
06/10/2022,LEX,KY,ASO,CE,Combined TRACON& Tower with Radar,38,36,80,3,157,0,1,64,8,73,38,37,144,11,230,122,0,122,352
06/11/2022,LEX,KY,ASO,CE,Combined TRACON& Tower with Radar,43,26,67,0,136,0,10,70,0,80,43,36,137,0,216,82,0,82,298
06/12/2022,LEX,KY,ASO,CE,Combined TRACON& Tower with Radar,41,43,64,0,148,0,4,39,0,43,41,47,103,0,191,34,0,34,225
06/13/2022,LEX,KY,ASO,CE,Combined TRACON& Tower with Radar,40,21,64,0,125,0,2,79,1,82,40,23,143,1,207,72,0,72,279
06/14/2022,LEX,KY,ASO,CE,Combined TRACON& Tower with Radar,32,31,74,2,139,0,5,79,0,84,32,36,153,2,223,22,0,22,245
06/15/2022,LEX,KY,ASO,CE,Combined TRACON& Tower with Radar,36,39,81,0,156,0,1,82,2,85,36,40,163,2,241,70,0,70,311
06/16/2022,LEX,KY,ASO,CE,Combined TRACON& Tower with Radar,41,33,95,7,176,0,5,91,3,99,41,38,186,10,275,26,0,26,301
06/17/2022,LEX,KY,ASO,CE,Combined TRACON& Tower with Radar,35,32,41,5,113,0,0,51,0,51,35,32,92,5,164,10,0,10,174
06/18/2022,LEX,KY,ASO,CE,Combined TRACON& Tower with Radar,38,32,47,0,117,0,10,54,0,64,38,42,101,0,181,4,0,4,185
06/19/2022,LEX,KY,ASO,CE,Combined TRACON& Tower with Radar,46,37,44,2,129,0,7,75,2,84,46,44,119,4,213,14,0,14,227
06/20/2022,LEX,KY,ASO,CE,Combined TRACON& Tower with Radar,38,29,83,0,150,0,5,82,3,90,38,34,165,3,240,74,0,74,314
06/21/2022,LEX,KY,ASO,CE,Combined TRACON& Tower with Radar,36,30,60,2,128,0,6,100,1,107,36,36,160,3,235,22,0,22,257
06/22/2022,LEX,KY,ASO,CE,Combined TRACON& Tower with Radar,37,31,66,4,138,0,13,70,0,83,37,44,136,4,221,42,0,42,263
06/23/2022,LEX,KY,ASO,CE,Combined TRACON& Tower with Radar,43,30,91,5,169,0,10,114,3,127,43,40,205,8,296,92,20,112,408
06/24/2022,LEX,KY,ASO,CE,Combined TRACON& Tower with Radar,41,26,68,22,157,0,5,101,0,106,41,31,169,22,263,18,0,18,281
06/25/2022,LEX,KY,ASO,CE,Combined TRACON& Tower with Radar,35,26,72,30,163,0,9,96,4,109,35,35,168,34,272,60,70,130,402
06/26/2022,LEX,KY,ASO,CE,Combined TRACON& Tower with Radar,42,29,51,7,129,0,6,26,1,33,42,35,77,8,162,12,0,12,174
06/27/2022,LEX,KY,ASO,CE,Combined TRACON& Tower with Radar,39,36,62,4,141,0,2,57,2,61,39,38,119,6,202,54,4,58,260
06/28/2022,LEX,KY,ASO,CE,Combined TRACON& Tower with Radar,35,25,65,2,127,0,10,91,6,107,35,35,156,8,234,36,0,36,270
06/29/2022,LEX,KY,ASO,CE,Combined TRACON& Tower with Radar,36,29,72,12,149,0,9,108,10,127,36,38,180,22,276,28,10,38,314
06/30/2022,LEX,KY,ASO,CE,Combined TRACON& Tower with Radar,40,42,76,0,158,0,4,91,2,97,40,46,167,2,255,54,0,54,309
07/01/2022,LEX,KY,ASO,CE,Combined TRACON& Tower with Radar,40,27,53,2,122,0,8,61,2,71,40,35,114,4,193,12,0,12,205
07/02/2022,LEX,KY,ASO,CE,Combined TRACON& Tower with Radar,35,27,33,0,95,0,2,39,0,41,35,29,72,0,136,84,0,84,220
07/03/2022,LEX,KY,ASO,CE,Combined TRACON& Tower with Radar,33,32,34,4,103,0,1,27,0,28,33,33,61,4,131,14,0,14,145
07/04/2022,LEX,KY,ASO,CE,Combined TRACON& Tower with Radar,38,29,31,2,100,0,9,49,2,60,38,38,80,4,160,54,0,54,214
07/05/2022,LEX,KY,ASO,CE,Combined TRACON& Tower with Radar,34,29,62,0,125,0,8,35,3,46,34,37,97,3,171,20,0,20,191
07/06/2022,LEX,KY,ASO,CE,Combined TRACON& Tower with Radar,37,33,36,1,107,0,7,50,4,61,37,40,86,5,168,30,0,30,198
07/07/2022,LEX,KY,ASO,CE,Combined TRACON& Tower with Radar,39,30,60,1,130,0,0,16,0,16,39,30,76,1,146,31,0,31,177
07/08/2022,LEX,KY,ASO,CE,Combined TRACON& Tower with Radar,38,23,45,7,113,0,1,11,0,12,38,24,56,7,125,30,0,30,155
07/09/2022,LEX,KY,ASO,CE,Combined TRACON& Tower with Radar,39,21,31,0,91,0,0,1,0,1,39,21,32,0,92,0,0,0,92
07/10/2022,LEX,KY,ASO,CE,Combined TRACON& Tower with Radar,43,39,99,10,191,0,11,71,2,84,43,50,170,12,275,22,0,22,297
07/11/2022,LEX,KY,ASO,CE,Combined TRACON& Tower with Radar,32,29,78,4,143,0,1,59,0,60,32,30,137,4,203,36,0,36,239
07/12/2022,LEX,KY,ASO,CE,Combined TRACON& Tower with Radar,29,41,77,4,151,0,4,82,0,86,29,45,159,4,237,36,0,36,273
07/13/2022,LEX,KY,ASO,CE,Combined TRACON& Tower with Radar,34,34,94,2,164,0,1,105,6,112,34,35,199,8,276,41,0,41,317
07/14/2022,LEX,KY,ASO,CE,Combined TRACON& Tower with Radar,43,38,90,2,173,0,4,83,3,90,43,42,173,5,263,21,0,21,284
07/15/2022,LEX,KY,ASO,CE,Combined TRACON& Tower with Radar,42,31,87,8,168,0,5,93,0,98,42,36,180,8,266,62,0,62,328
07/16/2022,LEX,KY,ASO,CE,Combined TRACON& Tower with Radar,37,21,48,0,106,0,1,57,0,58,37,22,105,0,164,26,0,26,190
07/17/2022,LEX,KY,ASO,CE,Combined TRACON& Tower with Radar,41,36,43,0,120,0,2,21,0,23,41,38,64,0,143,8,0,8,151
07/18/2022,LEX,KY,ASO,CE,Combined TRACON& Tower with Radar,34,29,70,0,133,0,3,19,0,22,34,32,89,0,155,42,0,42,197
07/19/2022,LEX,KY,ASO,CE,Combined TRACON& Tower with Radar,31,35,75,4,145,0,8,65,2,75,31,43,140,6,220,58,0,58,278
07/20/2022,LEX,KY,ASO,CE,Combined TRACON& Tower with Radar,36,29,82,0,147,0,5,54,0,59,36,34,136,0,206,20,0,20,226
07/21/2022,LEX,KY,ASO,CE,Combined TRACON& Tower with Radar,39,35,80,0,154,0,4,77,0,81,39,39,157,0,235,22,0,22,257
07/22/2022,LEX,KY,ASO,CE,Combined TRACON& Tower with Radar,39,36,68,10,153,0,7,69,0,76,39,43,137,10,229,24,8,32,261
07/23/2022,LEX,KY,ASO,CE,Combined TRACON& Tower with Radar,44,26,53,23,146,0,6,59,2,67,44,32,112,25,213,14,32,46,259
07/24/2022,LEX,KY,ASO,CE,Combined TRACON& Tower with Radar,45,45,72,0,162,0,14,52,1,67,45,59,124,1,229,33,0,33,262
07/25/2022,LEX,KY,ASO,CE,Combined TRACON& Tower with Radar,37,23,59,3,122,0,0,13,3,16,37,23,72,6,138,46,0,46,184
07/26/2022,LEX,KY,ASO,CE,Combined TRACON& Tower with Radar,35,22,23,2,82,0,0,6,0,6,35,22,29,2,88,28,0,28,116
07/27/2022,LEX,KY,ASO,CE,Combined TRACON& Tower with Radar,33,33,50,0,116,0,1,43,1,45,33,34,93,1,161,32,0,32,193
07/28/2022,LEX,KY,ASO,CE,Combined TRACON& Tower with Radar,40,36,72,1,149,0,2,25,2,29,40,38,97,3,178,0,0,0,178
07/29/2022,LEX,KY,ASO,CE,Combined TRACON& Tower with Radar,39,30,70,9,148,0,2,31,0,33,39,32,101,9,181,40,0,40,221
07/30/2022,LEX,KY,ASO,CE,Combined TRACON& Tower with Radar,39,27,65,0,131,0,9,76,0,85,39,36,141,0,216,38,0,38,254
07/31/2022,LEX,KY,ASO,CE,Combined TRACON& Tower with Radar,42,32,55,2,131,0,1,11,0,12,42,33,66,2,143,0,0,0,143
08/01/2022,LEX,KY,ASO,CE,Combined TRACON& Tower with Radar,41,31,65,0,137,0,2,26,2,30,41,33,91,2,167,12,0,12,179
08/02/2022,LEX,KY,ASO,CE,Combined TRACON& Tower with Radar,38,24,82,1,145,0,7,73,2,82,38,31,155,3,227,8,0,8,235
08/03/2022,LEX,KY,ASO,CE,Combined TRACON& Tower with Radar,29,39,104,3,175,0,5,98,2,105,29,44,202,5,280,86,0,86,366
08/04/2022,LEX,KY,ASO,CE,Combined TRACON& Tower with Radar,45,29,77,0,151,0,3,46,0,49,45,32,123,0,200,48,0,48,248
08/05/2022,LEX,KY,ASO,CE,Combined TRACON& Tower with Radar,45,28,47,4,124,0,2,15,0,17,45,30,62,4,141,0,0,0,141
08/06/2022,LEX,KY,ASO,CE,Combined TRACON& Tower with Radar,36,30,45,7,118,0,3,14,0,17,36,33,59,7,135,0,0,0,135
08/07/2022,LEX,KY,ASO,CE,Combined TRACON& Tower with Radar,39,48,65,2,154,0,7,43,4,54,39,55,108,6,208,42,0,42,250
08/08/2022,LEX,KY,ASO,CE,Combined TRACON& Tower with Radar,43,46,43,7,139,0,9,27,1,37,43,55,70,8,176,70,24,94,270
08/09/2022,LEX,KY,ASO,CE,Combined TRACON& Tower with Radar,31,43,74,14,162,0,6,80,3,89,31,49,154,17,251,88,0,88,339
08/10/2022,LEX,KY,ASO,CE,Combined TRACON& Tower with Radar,37,35,82,2,156,0,0,9,1,10,37,35,91,3,166,0,0,0,166
08/11/2022,LEX,KY,ASO,CE,Combined TRACON& Tower with Radar,44,38,92,18,192,0,14,89,4,107,44,52,181,22,299,82,0,82,381
08/12/2022,LEX,KY,ASO,CE,Combined TRACON& Tower with Radar,37,33,84,5,159,0,2,96,0,98,37,35,180,5,257,102,0,102,359
08/13/2022,LEX,KY,ASO,CE,Combined TRACON& Tower with Radar,40,32,63,4,139,0,8,82,1,91,40,40,145,5,230,8,0,8,238
08/14/2022,LEX,KY,ASO,CE,Combined TRACON& Tower with Radar,42,42,73,2,159,0,0,53,0,53,42,42,126,2,212,84,0,84,296
08/15/2022,LEX,KY,ASO,CE,Combined TRACON& Tower with Radar,37,38,81,1,157,0,2,21,1,24,37,40,102,2,181,26,0,26,207
08/16/2022,LEX,KY,ASO,CE,Combined TRACON& Tower with Radar,44,31,93,2,170,0,8,99,0,107,44,39,192,2,277,103,0,103,380
08/17/2022,LEX,KY,ASO,CE,Combined TRACON& Tower with Radar,33,31,95,2,161,0,4,66,1,71,33,35,161,3,232,36,0,36,268
08/18/2022,LEX,KY,ASO,CE,Combined TRACON& Tower with Radar,40,40,115,1,196,0,9,100,5,114,40,49,215,6,310,76,0,76,386
08/19/2022,LEX,KY,ASO,CE,Combined TRACON& Tower with Radar,34,40,102,5,181,0,1,93,0,94,34,41,195,5,275,84,0,84,359
08/20/2022,LEX,KY,ASO,CE,Combined TRACON& Tower with Radar,27,37,47,9,120,0,5,38,0,43,27,42,85,9,163,30,0,30,193
08/21/2022,LEX,KY,ASO,CE,Combined TRACON& Tower with Radar,38,36,49,8,131,0,4,8,0,12,38,40,57,8,143,0,0,0,143
08/22/2022,LEX,KY,ASO,CE,Combined TRACON& Tower with Radar,41,31,65,2,139,0,2,42,2,46,41,33,107,4,185,60,0,60,245
08/23/2022,LEX,KY,ASO,CE,Combined TRACON& Tower with Radar,35,44,96,4,179,0,10,87,6,103,35,54,183,10,282,156,18,174,456
08/24/2022,LEX,KY,ASO,CE,Combined TRACON& Tower with Radar,37,29,96,0,162,0,8,120,2,130,37,37,216,2,292,70,24,94,386
08/25/2022,LEX,KY,ASO,CE,Combined TRACON& Tower with Radar,40,34,96,7,177,0,3,104,2,109,40,37,200,9,286,141,0,141,427
08/26/2022,LEX,KY,ASO,CE,Combined TRACON& Tower with Radar,36,23,78,29,166,0,6,80,1,87,36,29,158,30,253,24,14,38,291
08/27/2022,LEX,KY,ASO,CE,Combined TRACON& Tower with Radar,32,20,57,1,110,0,6,86,2,94,32,26,143,3,204,58,0,58,262
08/28/2022,LEX,KY,ASO,CE,Combined TRACON& Tower with Radar,38,30,85,0,153,0,10,65,5,80,38,40,150,5,233,22,0,22,255
08/29/2022,LEX,KY,ASO,CE,Combined TRACON& Tower with Radar,34,34,47,0,115,0,2,22,1,25,34,36,69,1,140,36,0,36,176
08/30/2022,LEX,KY,ASO,CE,Combined TRACON& Tower with Radar,29,28,81,1,139,0,0,32,2,34,29,28,113,3,173,42,0,42,215
08/31/2022,LEX,KY,ASO,CE,Combined TRACON& Tower with Radar,32,30,90,8,160,0,7,111,2,120,32,37,201,10,280,70,6,76,356
09/01/2022,LEX,KY,ASO,CE,Combined TRACON& Tower with Radar,39,35,89,2,165,0,5,90,2,97,39,40,179,4,262,128,0,128,390
09/02/2022,LEX,KY,ASO,CE,Combined TRACON& Tower with Radar,38,36,86,26,186,0,5,91,2,98,38,41,177,28,284,72,0,72,356
09/03/2022,LEX,KY,ASO,CE,Combined TRACON& Tower with Radar,25,15,25,2,67,0,3,19,0,22,25,18,44,2,89,32,0,32,121
09/04/2022,LEX,KY,ASO,CE,Combined TRACON& Tower with Radar,32,15,38,0,85,0,2,16,0,18,32,17,54,0,103,45,0,45,148
09/05/2022,LEX,KY,ASO,CE,Combined TRACON& Tower with Radar,33,28,58,0,119,0,0,13,0,13,33,28,71,0,132,50,0,50,182
09/06/2022,LEX,KY,ASO,CE,Combined TRACON& Tower with Radar,35,23,68,18,144,0,2,17,2,21,35,25,85,20,165,62,0,62,227
09/07/2022,LEX,KY,ASO,CE,Combined TRACON& Tower with Radar,26,33,77,6,142,0,4,82,0,86,26,37,159,6,228,50,0,50,278
09/08/2022,LEX,KY,ASO,CE,Combined TRACON& Tower with Radar,35,50,85,0,170,0,8,112,0,120,35,58,197,0,290,59,0,59,349
09/09/2022,LEX,KY,ASO,CE,Combined TRACON& Tower with Radar,36,39,89,1,165,0,9,98,0,107,36,48,187,1,272,70,0,70,342
09/10/2022,LEX,KY,ASO,CE,Combined TRACON& Tower with Radar,20,36,79,0,135,0,9,53,0,62,20,45,132,0,197,14,0,14,211
09/11/2022,LEX,KY,ASO,CE,Combined TRACON& Tower with Radar,37,43,61,2,143,0,0,4,0,4,37,43,65,2,147,6,0,6,153
09/12/2022,LEX,KY,ASO,CE,Combined TRACON& Tower with Radar,38,56,107,6,207,0,5,66,1,72,38,61,173,7,279,58,0,58,337
09/13/2022,LEX,KY,ASO,CE,Combined TRACON& Tower with Radar,32,40,125,7,204,0,7,70,4,81,32,47,195,11,285,66,0,66,351
09/14/2022,LEX,KY,ASO,CE,Combined TRACON& Tower with Radar,26,46,114,4,190,0,4,86,2,92,26,50,200,6,282,26,0,26,308
09/15/2022,LEX,KY,ASO,CE,Combined TRACON& Tower with Radar,40,49,96,2,187,0,8,78,2,88,40,57,174,4,275,102,0,102,377
09/16/2022,LEX,KY,ASO,CE,Combined TRACON& Tower with Radar,39,36,120,15,210,0,11,83,0,94,39,47,203,15,304,38,0,38,342
09/17/2022,LEX,KY,ASO,CE,Combined TRACON& Tower with Radar,26,37,73,28,164,0,15,80,4,99,26,52,153,32,263,36,6,42,305
09/18/2022,LEX,KY,ASO,CE,Combined TRACON& Tower with Radar,41,44,106,13,204,0,11,74,2,87,41,55,180,15,291,97,0,97,388
09/19/2022,LEX,KY,ASO,CE,Combined TRACON& Tower with Radar,37,36,76,0,149,0,8,57,0,65,37,44,133,0,214,22,0,22,236
09/20/2022,LEX,KY,ASO,CE,Combined TRACON& Tower with Radar,30,36,117,2,185,0,7,130,6,143,30,43,247,8,328,108,38,146,474
09/21/2022,LEX,KY,ASO,CE,Combined TRACON& Tower with Radar,29,37,92,6,164,0,1,85,0,86,29,38,177,6,250,72,0,72,322
09/22/2022,LEX,KY,ASO,CE,Combined TRACON& Tower with Radar,41,40,72,5,158,0,10,59,0,69,41,50,131,5,227,38,0,38,265
09/23/2022,LEX,KY,ASO,CE,Combined TRACON& Tower with Radar,37,34,91,0,162,0,7,95,6,108,37,41,186,6,270,54,0,54,324
09/24/2022,LEX,KY,ASO,CE,Combined TRACON& Tower with Radar,22,54,66,8,150,0,12,58,3,73,22,66,124,11,223,0,0,0,223
09/25/2022,LEX,KY,ASO,CE,Combined TRACON& Tower with Radar,37,50,47,1,135,0,5,27,5,37,37,55,74,6,172,20,0,20,192
09/26/2022,LEX,KY,ASO,CE,Combined TRACON& Tower with Radar,38,36,73,2,149,0,6,57,0,63,38,42,130,2,212,68,0,68,280
09/27/2022,LEX,KY,ASO,CE,Combined TRACON& Tower with Radar,28,29,67,8,132,0,3,74,0,77,28,32,141,8,209,108,0,108,317
09/28/2022,LEX,KY,ASO,CE,Combined TRACON& Tower with Radar,27,37,111,6,181,0,5,45,2,52,27,42,156,8,233,61,6,67,300
09/29/2022,LEX,KY,ASO,CE,Combined TRACON& Tower with Radar,35,36,82,5,158,0,5,65,1,71,35,41,147,6,229,112,0,112,341
09/30/2022,LEX,KY,ASO,CE,Combined TRACON& Tower with Radar,43,37,106,0,186,0,10,71,0,81,43,47,177,0,267,14,0,14,281
10/01/2022,LEX,KY,ASO,CE,Combined TRACON& Tower with Radar,30,41,52,2,125,0,6,60,0,66,30,47,112,2,191,0,0,0,191
10/02/2022,LEX,KY,ASO,CE,Combined TRACON& Tower with Radar,42,48,85,0,175,0,3,37,1,41,42,51,122,1,216,18,0,18,234
10/03/2022,LEX,KY,ASO,CE,Combined TRACON& Tower with Radar,42,32,81,9,164,0,4,69,1,74,42,36,150,10,238,26,0,26,264
10/04/2022,LEX,KY,ASO,CE,Combined TRACON& Tower with Radar,30,37,80,4,151,0,4,98,4,106,30,41,178,8,257,100,0,100,357
10/05/2022,LEX,KY,ASO,CE,Combined TRACON& Tower with Radar,27,37,89,7,160,0,9,91,4,104,27,46,180,11,264,72,10,82,346
10/06/2022,LEX,KY,ASO,CE,Combined TRACON& Tower with Radar,41,42,89,2,174,0,5,80,1,86,41,47,169,3,260,70,0,70,330
10/07/2022,LEX,KY,ASO,CE,Combined TRACON& Tower with Radar,44,48,123,2,217,0,5,107,1,113,44,53,230,3,330,38,0,38,368
10/08/2022,LEX,KY,ASO,CE,Combined TRACON& Tower with Radar,40,42,114,0,196,0,7,89,1,97,40,49,203,1,293,100,0,100,393
10/09/2022,LEX,KY,ASO,CE,Combined TRACON& Tower with Radar,40,65,111,1,217,0,12,90,2,104,40,77,201,3,321,16,0,16,337
10/10/2022,LEX,KY,ASO,CE,Combined TRACON& Tower with Radar,36,29,68,0,133,0,4,66,0,70,36,33,134,0,203,36,0,36,239
10/11/2022,LEX,KY,ASO,CE,Combined TRACON& Tower with Radar,34,33,95,1,163,0,11,89,3,103,34,44,184,4,266,68,0,68,334
10/12/2022,LEX,KY,ASO,CE,Combined TRACON& Tower with Radar,32,34,74,0,140,0,1,33,4,38,32,35,107,4,178,0,0,0,178
10/13/2022,LEX,KY,ASO,CE,Combined TRACON& Tower with Radar,39,36,87,8,170,0,1,90,8,99,39,37,177,16,269,26,0,26,295
10/14/2022,LEX,KY,ASO,CE,Combined TRACON& Tower with Radar,40,29,86,0,155,0,2,72,0,74,40,31,158,0,229,0,0,0,229
10/15/2022,LEX,KY,ASO,CE,Combined TRACON& Tower with Radar,34,28,81,0,143,0,9,70,2,81,34,37,151,2,224,36,0,36,260
10/16/2022,LEX,KY,ASO,CE,Combined TRACON& Tower with Radar,41,37,119,0,197,0,7,61,0,68,41,44,180,0,265,40,0,40,305
10/17/2022,LEX,KY,ASO,CE,Combined TRACON& Tower with Radar,33,34,85,5,157,0,6,42,0,48,33,40,127,5,205,0,0,0,205
10/18/2022,LEX,KY,ASO,CE,Combined TRACON& Tower with Radar,38,19,43,7,107,0,5,11,0,16,38,24,54,7,123,32,0,32,155
10/19/2022,LEX,KY,ASO,CE,Combined TRACON& Tower with Radar,35,41,102,9,187,0,7,48,3,58,35,48,150,12,245,108,46,154,399
10/20/2022,LEX,KY,ASO,CE,Combined TRACON& Tower with Radar,42,52,85,4,183,0,5,74,2,81,42,57,159,6,264,6,0,6,270
10/21/2022,LEX,KY,ASO,CE,Combined TRACON& Tower with Radar,36,43,85,12,176,0,13,83,2,98,36,56,168,14,274,60,0,60,334
10/22/2022,LEX,KY,ASO,CE,Combined TRACON& Tower with Radar,28,30,73,26,157,0,13,73,4,90,28,43,146,30,247,76,10,86,333
10/23/2022,LEX,KY,ASO,CE,Combined TRACON& Tower with Radar,40,45,79,7,171,0,3,76,3,82,40,48,155,10,253,46,0,46,299
10/24/2022,LEX,KY,ASO,CE,Combined TRACON& Tower with Radar,33,30,84,2,149,0,10,79,0,89,33,40,163,2,238,72,0,72,310
10/25/2022,LEX,KY,ASO,CE,Combined TRACON& Tower with Radar,29,30,86,0,145,0,7,53,4,64,29,37,139,4,209,30,0,30,239
10/26/2022,LEX,KY,ASO,CE,Combined TRACON& Tower with Radar,36,41,66,1,144,0,2,7,1,10,36,43,73,2,154,24,0,24,178
10/27/2022,LEX,KY,ASO,CE,Combined TRACON& Tower with Radar,42,42,130,7,221,0,10,108,1,119,42,52,238,8,340,77,0,77,417
10/28/2022,LEX,KY,ASO,CE,Combined TRACON& Tower with Radar,35,37,102,3,177,0,4,112,2,118,35,41,214,5,295,76,0,76,371
10/29/2022,LEX,KY,ASO,CE,Combined TRACON& Tower with Radar,24,36,57,0,117,0,2,79,3,84,24,38,136,3,201,44,0,44,245
10/30/2022,LEX,KY,ASO,CE,Combined TRACON& Tower with Radar,31,39,59,0,129,0,4,15,2,21,31,43,74,2,150,16,0,16,166
10/31/2022,LEX,KY,ASO,CE,Combined TRACON& Tower with Radar,23,27,78,8,136,0,2,6,0,8,23,29,84,8,144,46,0,46,190
11/01/2022,LEX,KY,ASO,CE,Combined TRACON& Tower with Radar,32,49,80,4,165,0,5,45,0,50,32,54,125,4,215,20,0,20,235
11/02/2022,LEX,KY,ASO,CE,Combined TRACON& Tower with Radar,32,58,68,0,158,0,4,21,1,26,32,62,89,1,184,0,0,0,184
11/03/2022,LEX,KY,ASO,CE,Combined TRACON& Tower with Radar,56,131,116,1,304,0,4,14,1,19,56,135,130,2,323,0,0,0,323
11/04/2022,LEX,KY,ASO,CE,Combined TRACON& Tower with Radar,36,98,68,0,202,0,7,18,1,26,36,105,86,1,228,0,0,0,228
11/05/2022,LEX,KY,ASO,CE,Combined TRACON& Tower with Radar,37,68,76,1,182,0,2,3,1,6,37,70,79,2,188,0,0,0,188
11/06/2022,LEX,KY,ASO,CE,Combined TRACON& Tower with Radar,60,115,110,0,285,0,6,11,1,18,60,121,121,1,303,12,0,12,315
11/07/2022,LEX,KY,ASO,CE,Combined TRACON& Tower with Radar,34,32,111,0,177,0,6,77,2,85,34,38,188,2,262,54,0,54,316
11/08/2022,LEX,KY,ASO,CE,Combined TRACON& Tower with Radar,34,31,116,7,188,0,11,73,6,90,34,42,189,13,278,96,16,112,390
11/09/2022,LEX,KY,ASO,CE,Combined TRACON& Tower with Radar,37,37,90,2,166,0,4,71,4,79,37,41,161,6,245,90,0,90,335
11/10/2022,LEX,KY,ASO,CE,Combined TRACON& Tower with Radar,41,30,90,4,165,0,1,77,0,78,41,31,167,4,243,103,6,109,352
11/11/2022,LEX,KY,ASO,CE,Combined TRACON& Tower with Radar,41,31,37,0,109,0,0,3,0,3,41,31,40,0,112,0,0,0,112
11/12/2022,LEX,KY,ASO,CE,Combined TRACON& Tower with Radar,39,23,23,0,85,0,0,0,0,0,39,23,23,0,85,0,0,0,85
11/13/2022,LEX,KY,ASO,CE,Combined TRACON& Tower with Radar,49,16,43,0,108,0,2,43,2,47,49,18,86,2,155,72,0,72,227
11/14/2022,LEX,KY,ASO,CE,Combined TRACON& Tower with Radar,37,23,87,2,149,0,9,62,2,73,37,32,149,4,222,82,0,82,304
11/15/2022,LEX,KY,ASO,CE,Combined TRACON& Tower with Radar,36,26,22,4,88,0,1,3,0,4,36,27,25,4,92,0,0,0,92
11/16/2022,LEX,KY,ASO,CE,Combined TRACON& Tower with Radar,44,30,61,4,139,0,2,18,2,22,44,32,79,6,161,24,0,24,185
11/17/2022,LEX,KY,ASO,CE,Combined TRACON& Tower with Radar,41,20,82,0,143,0,5,53,4,62,41,25,135,4,205,144,0,144,349
11/18/2022,LEX,KY,ASO,CE,Combined TRACON& Tower with Radar,47,36,86,2,171,0,5,61,0,66,47,41,147,2,237,50,0,50,287
11/19/2022,LEX,KY,ASO,CE,Combined TRACON& Tower with Radar,46,31,73,1,151,0,9,69,2,80,46,40,142,3,231,34,0,34,265
11/20/2022,LEX,KY,ASO,CE,Combined TRACON& Tower with Radar,44,23,93,0,160,0,5,68,0,73,44,28,161,0,233,80,0,80,313
11/21/2022,LEX,KY,ASO,CE,Combined TRACON& Tower with Radar,39,25,71,5,140,0,9,51,3,63,39,34,122,8,203,26,0,26,229
11/22/2022,LEX,KY,ASO,CE,Combined TRACON& Tower with Radar,40,19,101,2,162,0,4,100,0,104,40,23,201,2,266,48,0,48,314
11/23/2022,LEX,KY,ASO,CE,Combined TRACON& Tower with Radar,55,20,60,2,137,0,3,86,3,92,55,23,146,5,229,49,0,49,278
11/24/2022,LEX,KY,ASO,CE,Combined TRACON& Tower with Radar,23,6,14,0,43,0,3,28,1,32,23,9,42,1,75,0,0,0,75
11/25/2022,LEX,KY,ASO,CE,Combined TRACON& Tower with Radar,33,20,41,0,94,0,0,14,2,16,33,20,55,2,110,30,0,30,140
11/26/2022,LEX,KY,ASO,CE,Combined TRACON& Tower with Radar,42,19,62,0,123,0,4,60,1,65,42,23,122,1,188,34,0,34,222
11/27/2022,LEX,KY,ASO,CE,Combined TRACON& Tower with Radar,41,23,42,0,106,0,5,5,0,10,41,28,47,0,116,0,0,0,116
11/28/2022,LEX,KY,ASO,CE,Combined TRACON& Tower with Radar,45,22,55,0,122,0,0,9,0,9,45,22,64,0,131,22,0,22,153
11/29/2022,LEX,KY,ASO,CE,Combined TRACON& Tower with Radar,35,16,52,14,117,0,0,53,4,57,35,16,105,18,174,57,28,85,259
11/30/2022,LEX,KY,ASO,CE,Combined TRACON& Tower with Radar,34,27,60,2,123,0,4,41,1,46,34,31,101,3,169,56,16,72,241
12/01/2022,LEX,KY,ASO,CE,Combined TRACON& Tower with Radar,36,19,70,0,125,0,5,82,2,89,36,24,152,2,214,141,0,141,355
12/02/2022,LEX,KY,ASO,CE,Combined TRACON& Tower with Radar,33,29,64,3,129,0,0,29,2,31,33,29,93,5,160,18,0,18,178
12/03/2022,LEX,KY,ASO,CE,Combined TRACON& Tower with Radar,30,15,17,0,62,0,8,31,0,39,30,23,48,0,101,0,0,0,101
12/04/2022,LEX,KY,ASO,CE,Combined TRACON& Tower with Radar,34,21,79,0,134,0,11,72,0,83,34,32,151,0,217,36,0,36,253
12/05/2022,LEX,KY,ASO,CE,Combined TRACON& Tower with Radar,31,24,62,4,121,0,5,41,0,46,31,29,103,4,167,46,0,46,213
12/06/2022,LEX,KY,ASO,CE,Combined TRACON& Tower with Radar,35,32,39,6,112,0,0,2,0,2,35,32,41,6,114,2,0,2,116
12/07/2022,LEX,KY,ASO,CE,Combined TRACON& Tower with Radar,43,28,55,2,128,0,1,0,0,1,43,29,55,2,129,0,0,0,129
12/08/2022,LEX,KY,ASO,CE,Combined TRACON& Tower with Radar,36,30,34,0,100,0,0,0,0,0,36,30,34,0,100,0,0,0,100
12/09/2022,LEX,KY,ASO,CE,Combined TRACON& Tower with Radar,36,33,55,0,124,0,0,0,0,0,36,33,55,0,124,0,0,0,124
12/10/2022,LEX,KY,ASO,CE,Combined TRACON& Tower with Radar,29,20,33,0,82,0,0,1,0,1,29,20,34,0,83,0,0,0,83
12/11/2022,LEX,KY,ASO,CE,Combined TRACON& Tower with Radar,32,21,76,0,129,0,0,8,0,8,32,21,84,0,137,52,0,52,189
12/12/2022,LEX,KY,ASO,CE,Combined TRACON& Tower with Radar,34,22,112,9,177,0,6,96,1,103,34,28,208,10,280,68,0,68,348
12/13/2022,LEX,KY,ASO,CE,Combined TRACON& Tower with Radar,30,27,88,3,148,0,5,97,4,106,30,32,185,7,254,116,0,116,370
12/14/2022,LEX,KY,ASO,CE,Combined TRACON& Tower with Radar,34,24,27,0,85,0,0,0,0,0,34,24,27,0,85,22,0,22,107
12/15/2022,LEX,KY,ASO,CE,Combined TRACON& Tower with Radar,40,17,79,6,142,0,1,31,0,32,40,18,110,6,174,120,0,120,294
12/16/2022,LEX,KY,ASO,CE,Combined TRACON& Tower with Radar,44,22,86,2,154,0,5,52,0,57,44,27,138,2,211,10,0,10,221
12/17/2022,LEX,KY,ASO,CE,Combined TRACON& Tower with Radar,37,20,62,0,119,0,5,42,2,49,37,25,104,2,168,0,0,0,168
12/18/2022,LEX,KY,ASO,CE,Combined TRACON& Tower with Radar,40,17,45,0,102,0,6,35,0,41,40,23,80,0,143,10,0,10,153
12/19/2022,LEX,KY,ASO,CE,Combined TRACON& Tower with Radar,34,15,80,0,129,0,2,86,0,88,34,17,166,0,217,26,0,26,243
12/20/2022,LEX,KY,ASO,CE,Combined TRACON& Tower with Radar,36,21,70,5,132,0,11,100,5,116,36,32,170,10,248,83,0,83,331
12/21/2022,LEX,KY,ASO,CE,Combined TRACON& Tower with Radar,42,26,97,5,170,0,3,105,1,109,42,29,202,6,279,86,0,86,365
12/22/2022,LEX,KY,ASO,CE,Combined TRACON& Tower with Radar,29,32,21,0,82,0,0,0,0,0,29,32,21,0,82,6,0,6,88
12/23/2022,LEX,KY,ASO,CE,Combined TRACON& Tower with Radar,18,10,8,0,36,0,0,0,0,0,18,10,8,0,36,0,0,0,36
12/24/2022,LEX,KY,ASO,CE,Combined TRACON& Tower with Radar,31,17,3,0,51,0,6,4,0,10,31,23,7,0,61,0,0,0,61
12/25/2022,LEX,KY,ASO,CE,Combined TRACON& Tower with Radar,23,16,11,0,50,0,2,4,1,7,23,18,15,1,57,0,0,0,57
12/26/2022,LEX,KY,ASO,CE,Combined TRACON& Tower with Radar,29,19,28,0,76,0,5,1,4,10,29,24,29,4,86,10,0,10,96
12/27/2022,LEX,KY,ASO,CE,Combined TRACON& Tower with Radar,38,19,26,0,83,0,2,6,0,8,38,21,32,0,91,24,0,24,115
12/28/2022,LEX,KY,ASO,CE,Combined TRACON& Tower with Radar,39,22,55,3,119,0,1,69,1,71,39,23,124,4,190,62,0,62,252
12/29/2022,LEX,KY,ASO,CE,Combined TRACON& Tower with Radar,31,20,51,0,102,0,5,36,0,41,31,25,87,0,143,15,0,15,158
12/30/2022,LEX,KY,ASO,CE,Combined TRACON& Tower with Radar,34,25,41,0,100,0,4,50,2,56,34,29,91,2,156,6,0,6,162
12/31/2022,LEX,KY,ASO,CE,Combined TRACON& Tower with Radar,31,19,35,0,85,0,2,1,0,3,31,21,36,0,88,0,0,0,88
01/01/2023,LEX,KY,ASO,CE,Combined TRACON& Tower with Radar,28,23,26,0,77,0,2,4,0,6,28,25,30,0,83,0,0,0,83
01/02/2023,LEX,KY,ASO,CE,Combined TRACON& Tower with Radar,32,21,62,0,115,0,5,14,0,19,32,26,76,0,134,62,0,62,196
01/03/2023,LEX,KY,ASO,CE,Combined TRACON& Tower with Radar,34,16,33,3,86,0,0,5,3,8,34,16,38,6,94,20,0,20,114
01/04/2023,LEX,KY,ASO,CE,Combined TRACON& Tower with Radar,37,23,61,18,139,0,0,40,6,46,37,23,101,24,185,54,12,66,251
01/05/2023,LEX,KY,ASO,CE,Combined TRACON& Tower with Radar,32,24,47,11,114,0,0,66,1,67,32,24,113,12,181,34,6,40,221
01/06/2023,LEX,KY,ASO,CE,Combined TRACON& Tower with Radar,31,20,76,0,127,0,2,89,2,93,31,22,165,2,220,60,0,60,280
01/07/2023,LEX,KY,ASO,CE,Combined TRACON& Tower with Radar,39,14,54,0,107,0,16,81,3,100,39,30,135,3,207,44,0,44,251
01/08/2023,LEX,KY,ASO,CE,Combined TRACON& Tower with Radar,40,20,31,0,91,0,0,8,0,8,40,20,39,0,99,18,0,18,117
01/09/2023,LEX,KY,ASO,CE,Combined TRACON& Tower with Radar,43,15,63,0,121,0,5,66,3,74,43,20,129,3,195,94,0,94,289
01/10/2023,LEX,KY,ASO,CE,Combined TRACON& Tower with Radar,39,23,78,3,143,0,0,88,1,89,39,23,166,4,232,138,0,138,370
01/11/2023,LEX,KY,ASO,CE,Combined TRACON& Tower with Radar,33,27,65,3,128,0,3,12,1,16,33,30,77,4,144,18,0,18,162
01/12/2023,LEX,KY,ASO,CE,Combined TRACON& Tower with Radar,45,15,30,2,92,0,0,0,0,0,45,15,30,2,92,0,0,0,92
01/13/2023,LEX,KY,ASO,CE,Combined TRACON& Tower with Radar,49,21,26,0,96,0,0,2,0,2,49,21,28,0,98,4,0,4,102
01/14/2023,LEX,KY,ASO,CE,Combined TRACON& Tower with Radar,33,14,63,0,110,0,6,60,0,66,33,20,123,0,176,134,0,134,310
01/15/2023,LEX,KY,ASO,CE,Combined TRACON& Tower with Radar,38,16,81,0,135,0,2,72,2,76,38,18,153,2,211,18,0,18,229
01/16/2023,LEX,KY,ASO,CE,Combined TRACON& Tower with Radar,46,11,36,0,93,0,0,46,0,46,46,11,82,0,139,50,0,50,189
01/17/2023,LEX,KY,ASO,CE,Combined TRACON& Tower with Radar,36,20,81,0,137,0,5,43,0,48,36,25,124,0,185,52,0,52,237
01/18/2023,LEX,KY,ASO,CE,Combined TRACON& Tower with Radar,38,19,93,9,159,0,3,70,4,77,38,22,163,13,236,34,0,34,270
01/19/2023,LEX,KY,ASO,CE,Combined TRACON& Tower with Radar,46,24,32,2,104,0,1,21,2,24,46,25,53,4,128,50,0,50,178
01/20/2023,LEX,KY,ASO,CE,Combined TRACON& Tower with Radar,50,10,27,2,89,0,6,25,0,31,50,16,52,2,120,48,0,48,168
01/21/2023,LEX,KY,ASO,CE,Combined TRACON& Tower with Radar,33,14,51,0,98,0,4,66,2,72,33,18,117,2,170,46,0,46,216
01/22/2023,LEX,KY,ASO,CE,Combined TRACON& Tower with Radar,52,18,11,0,81,0,0,2,0,2,52,18,13,0,83,0,0,0,83
01/23/2023,LEX,KY,ASO,CE,Combined TRACON& Tower with Radar,45,16,38,0,99,0,2,14,1,17,45,18,52,1,116,41,0,41,157
01/24/2023,LEX,KY,ASO,CE,Combined TRACON& Tower with Radar,35,23,101,1,160,0,2,116,1,119,35,25,217,2,279,62,0,62,341
01/25/2023,LEX,KY,ASO,CE,Combined TRACON& Tower with Radar,36,20,38,0,94,0,0,0,0,0,36,20,38,0,94,0,0,0,94
01/26/2023,LEX,KY,ASO,CE,Combined TRACON& Tower with Radar,49,18,36,2,105,0,2,7,0,9,49,20,43,2,114,50,0,50,164
01/27/2023,LEX,KY,ASO,CE,Combined TRACON& Tower with Radar,52,28,61,5,146,0,1,47,0,48,52,29,108,5,194,14,0,14,208
01/28/2023,LEX,KY,ASO,CE,Combined TRACON& Tower with Radar,32,21,88,0,141,0,1,98,1,100,32,22,186,1,241,52,0,52,293
01/29/2023,LEX,KY,ASO,CE,Combined TRACON& Tower with Radar,49,20,32,0,101,0,0,0,0,0,49,20,32,0,101,0,0,0,101
01/30/2023,LEX,KY,ASO,CE,Combined TRACON& Tower with Radar,45,16,22,0,83,0,0,0,0,0,45,16,22,0,83,0,0,0,83
01/31/2023,LEX,KY,ASO,CE,Combined TRACON& Tower with Radar,32,19,15,0,66,0,0,0,0,0,32,19,15,0,66,0,0,0,66
02/01/2023,LEX,KY,ASO,CE,Combined TRACON& Tower with Radar,38,15,70,4,127,0,4,97,2,103,38,19,167,6,230,24,0,24,254
02/02/2023,LEX,KY,ASO,CE,Combined TRACON& Tower with Radar,45,16,79,6,146,0,9,80,1,90,45,25,159,7,236,70,10,80,316
02/03/2023,LEX,KY,ASO,CE,Combined TRACON& Tower with Radar,48,20,64,2,134,0,3,69,2,74,48,23,133,4,208,48,0,48,256
02/04/2023,LEX,KY,ASO,CE,Combined TRACON& Tower with Radar,36,12,44,1,93,0,6,88,2,96,36,18,132,3,189,56,0,56,245
02/05/2023,LEX,KY,ASO,CE,Combined TRACON& Tower with Radar,46,16,35,8,105,0,7,19,2,28,46,23,54,10,133,4,4,8,141
02/06/2023,LEX,KY,ASO,CE,Combined TRACON& Tower with Radar,48,16,97,2,163,0,14,81,0,95,48,30,178,2,258,89,0,89,347
02/07/2023,LEX,KY,ASO,CE,Combined TRACON& Tower with Radar,38,18,42,0,98,0,2,36,2,40,38,20,78,2,138,6,0,6,144
02/08/2023,LEX,KY,ASO,CE,Combined TRACON& Tower with Radar,37,13,78,32,160,0,2,27,0,29,37,15,105,32,189,70,0,70,259
02/09/2023,LEX,KY,ASO,CE,Combined TRACON& Tower with Radar,45,10,39,2,96,0,0,1,2,3,45,10,40,4,99,0,0,0,99
02/10/2023,LEX,KY,ASO,CE,Combined TRACON& Tower with Radar,47,20,78,6,151,0,1,51,0,52,47,21,129,6,203,112,0,112,315
02/11/2023,LEX,KY,ASO,CE,Combined TRACON& Tower with Radar,32,16,69,0,117,0,7,108,0,115,32,23,177,0,232,104,0,104,336
02/12/2023,LEX,KY,ASO,CE,Combined TRACON& Tower with Radar,41,16,59,0,116,0,4,101,1,106,41,20,160,1,222,78,0,78,300
02/13/2023,LEX,KY,ASO,CE,Combined TRACON& Tower with Radar,47,24,71,0,142,0,4,94,1,99,47,28,165,1,241,86,0,86,327
02/14/2023,LEX,KY,ASO,CE,Combined TRACON& Tower with Radar,38,17,61,4,120,0,5,55,2,62,38,22,116,6,182,38,0,38,220
02/15/2023,LEX,KY,ASO,CE,Combined TRACON& Tower with Radar,38,16,44,8,106,0,3,31,1,35,38,19,75,9,141,78,0,78,219
02/16/2023,LEX,KY,ASO,CE,Combined TRACON& Tower with Radar,43,17,33,0,93,0,0,0,0,0,43,17,33,0,93,0,0,0,93
02/17/2023,LEX,KY,ASO,CE,Combined TRACON& Tower with Radar,46,22,64,0,132,0,2,27,0,29,46,24,91,0,161,50,0,50,211
02/18/2023,LEX,KY,ASO,CE,Combined TRACON& Tower with Radar,33,16,99,0,148,0,5,128,0,133,33,21,227,0,281,98,0,98,379
02/19/2023,LEX,KY,ASO,CE,Combined TRACON& Tower with Radar,43,26,29,0,98,0,4,27,0,31,43,30,56,0,129,10,0,10,139
02/20/2023,LEX,KY,ASO,CE,Combined TRACON& Tower with Radar,46,15,77,0,138,0,2,26,0,28,46,17,103,0,166,118,0,118,284
02/21/2023,LEX,KY,ASO,CE,Combined TRACON& Tower with Radar,40,18,92,5,155,0,0,80,1,81,40,18,172,6,236,140,0,140,376
02/22/2023,LEX,KY,ASO,CE,Combined TRACON& Tower with Radar,39,25,24,0,88,0,1,8,0,9,39,26,32,0,97,0,0,0,97
02/23/2023,LEX,KY,ASO,CE,Combined TRACON& Tower with Radar,48,33,81,4,166,0,1,47,2,50,48,34,128,6,216,14,0,14,230
02/24/2023,LEX,KY,ASO,CE,Combined TRACON& Tower with Radar,46,15,91,1,153,0,9,101,1,111,46,24,192,2,264,147,0,147,411
02/25/2023,LEX,KY,ASO,CE,Combined TRACON& Tower with Radar,36,23,71,0,130,0,3,51,0,54,36,26,122,0,184,62,0,62,246
02/26/2023,LEX,KY,ASO,CE,Combined TRACON& Tower with Radar,44,27,79,1,151,0,6,41,0,47,44,33,120,1,198,54,0,54,252
02/27/2023,LEX,KY,ASO,CE,Combined TRACON& Tower with Radar,43,16,28,0,87,0,0,0,0,0,43,16,28,0,87,0,0,0,87
02/28/2023,LEX,KY,ASO,CE,Combined TRACON& Tower with Radar,37,26,86,4,153,0,6,116,9,131,37,32,202,13,284,94,6,100,384
03/01/2023,LEX,KY,ASO,CE,Combined TRACON& Tower with Radar,42,28,72,4,146,0,3,85,0,88,42,31,157,4,234,72,0,72,306
03/02/2023,LEX,KY,ASO,CE,Combined TRACON& Tower with Radar,42,30,97,4,173,0,2,71,2,75,42,32,168,6,248,40,0,40,288
03/03/2023,LEX,KY,ASO,CE,Combined TRACON& Tower with Radar,26,16,8,0,50,0,0,0,1,1,26,16,8,1,51,0,0,0,51
03/04/2023,LEX,KY,ASO,CE,Combined TRACON& Tower with Radar,36,30,64,0,130,0,7,81,0,88,36,37,145,0,218,50,0,50,268
03/05/2023,LEX,KY,ASO,CE,Combined TRACON& Tower with Radar,42,29,57,0,128,0,8,108,2,118,42,37,165,2,246,44,0,44,290
03/06/2023,LEX,KY,ASO,CE,Combined TRACON& Tower with Radar,42,17,73,2,134,0,4,82,4,90,42,21,155,6,224,108,0,108,332
03/07/2023,LEX,KY,ASO,CE,Combined TRACON& Tower with Radar,35,16,102,0,153,0,6,61,2,69,35,22,163,2,222,166,0,166,388
03/08/2023,LEX,KY,ASO,CE,Combined TRACON& Tower with Radar,36,25,81,1,143,0,3,89,6,98,36,28,170,7,241,48,4,52,293
03/09/2023,LEX,KY,ASO,CE,Combined TRACON& Tower with Radar,44,19,82,2,147,0,1,107,2,110,44,20,189,4,257,96,0,96,353
03/10/2023,LEX,KY,ASO,CE,Combined TRACON& Tower with Radar,48,14,56,0,118,0,2,6,2,10,48,16,62,2,128,0,0,0,128
03/11/2023,LEX,KY,ASO,CE,Combined TRACON& Tower with Radar,39,20,90,0,149,0,1,90,2,93,39,21,180,2,242,114,0,114,356
03/12/2023,LEX,KY,ASO,CE,Combined TRACON& Tower with Radar,43,25,23,0,91,0,0,0,0,0,43,25,23,0,91,0,0,0,91
03/13/2023,LEX,KY,ASO,CE,Combined TRACON& Tower with Radar,47,24,51,0,122,0,0,22,0,22,47,24,73,0,144,30,0,30,174
03/14/2023,LEX,KY,ASO,CE,Combined TRACON& Tower with Radar,38,15,37,2,92,0,4,43,1,48,38,19,80,3,140,55,0,55,195
03/15/2023,LEX,KY,ASO,CE,Combined TRACON& Tower with Radar,41,28,100,5,174,0,2,133,2,137,41,30,233,7,311,133,0,133,444
03/16/2023,LEX,KY,ASO,CE,Combined TRACON& Tower with Radar,45,26,71,7,149,0,6,55,10,71,45,32,126,17,220,61,0,61,281
03/17/2023,LEX,KY,ASO,CE,Combined TRACON& Tower with Radar,46,15,17,0,78,0,0,3,1,4,46,15,20,1,82,0,0,0,82
03/18/2023,LEX,KY,ASO,CE,Combined TRACON& Tower with Radar,38,21,26,1,86,0,4,24,0,28,38,25,50,1,114,6,0,6,120
03/19/2023,LEX,KY,ASO,CE,Combined TRACON& Tower with Radar,48,29,58,1,136,0,7,70,1,78,48,36,128,2,214,160,0,160,374
03/20/2023,LEX,KY,ASO,CE,Combined TRACON& Tower with Radar,44,21,85,0,150,0,2,103,3,108,44,23,188,3,258,150,0,150,408
03/21/2023,LEX,KY,ASO,CE,Combined TRACON& Tower with Radar,41,14,92,2,149,0,5,102,2,109,41,19,194,4,258,54,0,54,312
03/22/2023,LEX,KY,ASO,CE,Combined TRACON& Tower with Radar,40,20,55,5,120,0,1,2,0,3,40,21,57,5,123,18,0,18,141
03/23/2023,LEX,KY,ASO,CE,Combined TRACON& Tower with Radar,48,35,61,4,148,0,0,17,3,20,48,35,78,7,168,22,0,22,190
03/24/2023,LEX,KY,ASO,CE,Combined TRACON& Tower with Radar,47,20,24,0,91,0,0,0,0,0,47,20,24,0,91,16,0,16,107
03/25/2023,LEX,KY,ASO,CE,Combined TRACON& Tower with Radar,40,14,16,0,70,0,1,4,0,5,40,15,20,0,75,0,0,0,75
03/26/2023,LEX,KY,ASO,CE,Combined TRACON& Tower with Radar,49,24,107,2,182,0,6,129,2,137,49,30,236,4,319,68,0,68,387
03/27/2023,LEX,KY,ASO,CE,Combined TRACON& Tower with Radar,48,12,68,6,134,0,2,75,3,80,48,14,143,9,214,16,2,18,232
03/28/2023,LEX,KY,ASO,CE,Combined TRACON& Tower with Radar,40,20,89,4,153,0,9,68,4,81,40,29,157,8,234,187,0,187,421
03/29/2023,LEX,KY,ASO,CE,Combined TRACON& Tower with Radar,43,22,77,2,144,0,9,108,8,125,43,31,185,10,269,108,0,108,377
03/30/2023,LEX,KY,ASO,CE,Combined TRACON& Tower with Radar,46,20,74,4,144,0,7,121,1,129,46,27,195,5,273,90,0,90,363
03/31/2023,LEX,KY,ASO,CE,Combined TRACON& Tower with Radar,41,27,32,0,100,0,0,4,0,4,41,27,36,0,104,0,0,0,104
04/01/2023,LEX,KY,ASO,CE,Combined TRACON& Tower with Radar,40,23,23,0,86,0,6,3,0,9,40,29,26,0,95,0,0,0,95
04/02/2023,LEX,KY,ASO,CE,Combined TRACON& Tower with Radar,48,15,62,0,125,0,9,63,0,72,48,24,125,0,197,30,0,30,227
04/03/2023,LEX,KY,ASO,CE,Combined TRACON& Tower with Radar,47,15,51,4,117,0,4,68,2,74,47,19,119,6,191,52,0,52,243
04/04/2023,LEX,KY,ASO,CE,Combined TRACON& Tower with Radar,35,18,64,12,129,0,2,23,2,27,35,20,87,14,156,12,0,12,168
04/05/2023,LEX,KY,ASO,CE,Combined TRACON& Tower with Radar,43,28,34,0,105,0,1,11,0,12,43,29,45,0,117,18,0,18,135
04/06/2023,LEX,KY,ASO,CE,Combined TRACON& Tower with Radar,47,31,100,0,178,0,3,17,0,20,47,34,117,0,198,56,0,56,254
04/07/2023,LEX,KY,ASO,CE,Combined TRACON& Tower with Radar,44,29,96,2,171,0,4,72,0,76,44,33,168,2,247,58,0,58,305
04/08/2023,LEX,KY,ASO,CE,Combined TRACON& Tower with Radar,35,45,93,0,173,0,3,74,2,79,35,48,167,2,252,16,0,16,268
04/09/2023,LEX,KY,ASO,CE,Combined TRACON& Tower with Radar,40,33,48,0,121,0,0,42,1,43,40,33,90,1,164,12,0,12,176
04/10/2023,LEX,KY,ASO,CE,Combined TRACON& Tower with Radar,43,31,106,1,181,0,4,78,1,83,43,35,184,2,264,73,0,73,337
04/11/2023,LEX,KY,ASO,CE,Combined TRACON& Tower with Radar,38,32,84,4,158,0,7,89,4,100,38,39,173,8,258,134,10,144,402
04/12/2023,LEX,KY,ASO,CE,Combined TRACON& Tower with Radar,40,24,94,7,165,0,4,99,1,104,40,28,193,8,269,78,0,78,347
04/13/2023,LEX,KY,ASO,CE,Combined TRACON& Tower with Radar,39,33,101,1,174,0,1,106,1,108,39,34,207,2,282,118,0,118,400
04/14/2023,LEX,KY,ASO,CE,Combined TRACON& Tower with Radar,42,32,102,0,176,0,1,39,0,40,42,33,141,0,216,26,0,26,242
04/15/2023,LEX,KY,ASO,CE,Combined TRACON& Tower with Radar,34,28,74,0,136,0,2,59,0,61,34,30,133,0,197,52,0,52,249
04/16/2023,LEX,KY,ASO,CE,Combined TRACON& Tower with Radar,42,35,48,2,127,0,1,8,0,9,42,36,56,2,136,16,0,16,152
04/17/2023,LEX,KY,ASO,CE,Combined TRACON& Tower with Radar,50,21,39,1,111,0,0,12,3,15,50,21,51,4,126,0,0,0,126
04/18/2023,LEX,KY,ASO,CE,Combined TRACON& Tower with Radar,37,21,94,1,153,0,4,93,1,98,37,25,187,2,251,27,0,27,278
04/19/2023,LEX,KY,ASO,CE,Combined TRACON& Tower with Radar,38,31,82,3,154,0,3,95,1,99,38,34,177,4,253,50,0,50,303
04/20/2023,LEX,KY,ASO,CE,Combined TRACON& Tower with Radar,42,33,90,4,169,0,1,79,2,82,42,34,169,6,251,76,0,76,327
04/21/2023,LEX,KY,ASO,CE,Combined TRACON& Tower with Radar,47,36,66,4,153,0,1,25,2,28,47,37,91,6,181,4,0,4,185
04/22/2023,LEX,KY,ASO,CE,Combined TRACON& Tower with Radar,42,32,38,0,112,0,1,17,0,18,42,33,55,0,130,6,0,6,136
04/23/2023,LEX,KY,ASO,CE,Combined TRACON& Tower with Radar,43,38,74,7,162,0,2,70,2,74,43,40,144,9,236,6,2,8,244
04/24/2023,LEX,KY,ASO,CE,Combined TRACON& Tower with Radar,43,26,60,0,129,0,3,68,4,75,43,29,128,4,204,32,0,32,236
04/25/2023,LEX,KY,ASO,CE,Combined TRACON& Tower with Radar,38,36,94,9,177,0,7,91,6,104,38,43,185,15,281,74,0,74,355
04/26/2023,LEX,KY,ASO,CE,Combined TRACON& Tower with Radar,38,38,96,0,172,0,5,104,0,109,38,43,200,0,281,102,0,102,383
04/27/2023,LEX,KY,ASO,CE,Combined TRACON& Tower with Radar,46,37,83,12,178,0,2,42,2,46,46,39,125,14,224,38,10,48,272
04/28/2023,LEX,KY,ASO,CE,Combined TRACON& Tower with Radar,48,41,89,2,180,0,0,16,0,16,48,41,105,2,196,0,0,0,196
04/29/2023,LEX,KY,ASO,CE,Combined TRACON& Tower with Radar,34,27,72,1,134,0,7,55,1,63,34,34,127,2,197,12,0,12,209
04/30/2023,LEX,KY,ASO,CE,Combined TRACON& Tower with Radar,42,42,78,1,163,0,3,14,0,17,42,45,92,1,180,26,0,26,206
05/01/2023,LEX,KY,ASO,CE,Combined TRACON& Tower with Radar,47,22,39,1,109,0,2,8,0,10,47,24,47,1,119,0,0,0,119
05/02/2023,LEX,KY,ASO,CE,Combined TRACON& Tower with Radar,38,23,66,0,127,0,2,20,0,22,38,25,86,0,149,14,0,14,163
05/03/2023,LEX,KY,ASO,CE,Combined TRACON& Tower with Radar,37,31,83,3,154,0,3,82,2,87,37,34,165,5,241,54,0,54,295
05/04/2023,LEX,KY,ASO,CE,Combined TRACON& Tower with Radar,45,53,125,4,227,0,5,115,1,121,45,58,240,5,348,52,0,52,400
05/05/2023,LEX,KY,ASO,CE,Combined TRACON& Tower with Radar,46,35,84,6,171,0,10,97,1,108,46,45,181,7,279,32,0,32,311
05/06/2023,LEX,KY,ASO,CE,Combined TRACON& Tower with Radar,35,33,45,2,115,0,1,58,1,60,35,34,103,3,175,10,0,10,185
05/07/2023,LEX,KY,ASO,CE,Combined TRACON& Tower with Radar,45,54,97,0,196,0,2,8,0,10,45,56,105,0,206,2,0,2,208
05/08/2023,LEX,KY,ASO,CE,Combined TRACON& Tower with Radar,50,25,54,1,130,0,0,21,2,23,50,25,75,3,153,40,0,40,193
05/09/2023,LEX,KY,ASO,CE,Combined TRACON& Tower with Radar,36,14,74,3,127,0,1,37,5,43,36,15,111,8,170,26,0,26,196
05/10/2023,LEX,KY,ASO,CE,Combined TRACON& Tower with Radar,40,12,101,2,155,0,0,117,0,117,40,12,218,2,272,42,0,42,314
05/11/2023,LEX,KY,ASO,CE,Combined TRACON& Tower with Radar,45,24,80,16,165,0,6,72,4,82,45,30,152,20,247,92,20,112,359
05/12/2023,LEX,KY,ASO,CE,Combined TRACON& Tower with Radar,51,16,46,2,115,0,0,8,2,10,51,16,54,4,125,16,0,16,141
05/13/2023,LEX,KY,ASO,CE,Combined TRACON& Tower with Radar,34,10,49,0,93,0,0,18,0,18,34,10,67,0,111,22,0,22,133
05/14/2023,LEX,KY,ASO,CE,Combined TRACON& Tower with Radar,48,26,72,0,146,0,0,55,0,55,48,26,127,0,201,34,0,34,235
05/15/2023,LEX,KY,ASO,CE,Combined TRACON& Tower with Radar,48,19,87,2,156,0,5,91,0,96,48,24,178,2,252,62,0,62,314
05/16/2023,LEX,KY,ASO,CE,Combined TRACON& Tower with Radar,37,9,30,2,78,0,1,0,0,1,37,10,30,2,79,6,0,6,85
05/17/2023,LEX,KY,ASO,CE,Combined TRACON& Tower with Radar,45,23,86,10,164,0,2,90,4,96,45,25,176,14,260,122,42,164,424
05/18/2023,LEX,KY,ASO,CE,Combined TRACON& Tower with Radar,47,24,74,4,149,0,5,109,5,119,47,29,183,9,268,45,0,45,313
05/19/2023,LEX,KY,ASO,CE,Combined TRACON& Tower with Radar,49,20,83,10,162,0,1,55,0,56,49,21,138,10,218,38,0,38,256
05/20/2023,LEX,KY,ASO,CE,Combined TRACON& Tower with Radar,39,21,49,27,136,0,0,19,10,29,39,21,68,37,165,40,30,70,235
05/21/2023,LEX,KY,ASO,CE,Combined TRACON& Tower with Radar,48,16,57,0,121,0,2,88,0,90,48,18,145,0,211,38,0,38,249
05/22/2023,LEX,KY,ASO,CE,Combined TRACON& Tower with Radar,49,13,83,6,151,0,5,86,0,91,49,18,169,6,242,134,0,134,376
05/23/2023,LEX,KY,ASO,CE,Combined TRACON& Tower with Radar,42,22,88,4,156,0,2,95,4,101,42,24,183,8,257,68,0,68,325
05/24/2023,LEX,KY,ASO,CE,Combined TRACON& Tower with Radar,43,25,76,7,151,0,8,91,5,104,43,33,167,12,255,94,10,104,359
05/25/2023,LEX,KY,ASO,CE,Combined TRACON& Tower with Radar,51,18,88,3,160,0,5,79,3,87,51,23,167,6,247,98,0,98,345
05/26/2023,LEX,KY,ASO,CE,Combined TRACON& Tower with Radar,48,19,100,0,167,0,5,100,2,107,48,24,200,2,274,28,0,28,302
05/27/2023,LEX,KY,ASO,CE,Combined TRACON& Tower with Radar,42,22,56,1,121,0,8,86,2,96,42,30,142,3,217,63,0,63,280
05/28/2023,LEX,KY,ASO,CE,Combined TRACON& Tower with Radar,43,8,40,1,92,0,3,5,0,8,43,11,45,1,100,12,0,12,112
05/29/2023,LEX,KY,ASO,CE,Combined TRACON& Tower with Radar,48,17,73,0,138,0,1,75,3,79,48,18,148,3,217,90,0,90,307
05/30/2023,LEX,KY,ASO,CE,Combined TRACON& Tower with Radar,39,18,63,1,121,0,5,73,1,79,39,23,136,2,200,42,0,42,242
05/31/2023,LEX,KY,ASO,CE,Combined TRACON& Tower with Radar,44,13,96,2,155,0,1,111,0,112,44,14,207,2,267,121,0,121,388
06/01/2023,LEX,KY,ASO,CE,Combined TRACON& Tower with Radar,50,27,80,7,164,0,8,89,1,98,50,35,169,8,262,82,6,88,350
06/02/2023,LEX,KY,ASO,CE,Combined TRACON& Tower with Radar,50,32,82,0,164,0,1,107,0,108,50,33,189,0,272,62,0,62,334
06/03/2023,LEX,KY,ASO,CE,Combined TRACON& Tower with Radar,51,23,59,0,133,0,0,84,0,84,51,23,143,0,217,154,0,154,371
06/04/2023,LEX,KY,ASO,CE,Combined TRACON& Tower with Radar,49,22,70,0,141,0,0,84,0,84,49,22,154,0,225,66,0,66,291
06/05/2023,LEX,KY,ASO,CE,Combined TRACON& Tower with Radar,51,19,77,8,155,0,6,93,0,99,51,25,170,8,254,157,0,157,411
06/06/2023,LEX,KY,ASO,CE,Combined TRACON& Tower with Radar,40,15,74,2,131,0,4,77,1,82,40,19,151,3,213,28,0,28,241
06/07/2023,LEX,KY,ASO,CE,Combined TRACON& Tower with Radar,48,16,74,3,141,0,0,9,4,13,48,16,83,7,154,46,0,46,200
06/08/2023,LEX,KY,ASO,CE,Combined TRACON& Tower with Radar,53,24,116,1,194,0,2,100,1,103,53,26,216,2,297,104,0,104,401
06/09/2023,LEX,KY,ASO,CE,Combined TRACON& Tower with Radar,52,35,77,12,176,0,2,96,4,102,52,37,173,16,278,102,6,108,386
06/10/2023,LEX,KY,ASO,CE,Combined TRACON& Tower with Radar,48,25,92,2,167,0,4,130,1,135,48,29,222,3,302,33,0,33,335
06/11/2023,LEX,KY,ASO,CE,Combined TRACON& Tower with Radar,54,29,57,0,140,0,2,9,0,11,54,31,66,0,151,0,0,0,151
06/12/2023,LEX,KY,ASO,CE,Combined TRACON& Tower with Radar,53,24,69,2,148,0,1,43,2,46,53,25,112,4,194,18,0,18,212
06/13/2023,LEX,KY,ASO,CE,Combined TRACON& Tower with Radar,45,14,79,3,141,0,6,73,1,80,45,20,152,4,221,34,0,34,255
06/14/2023,LEX,KY,ASO,CE,Combined TRACON& Tower with Radar,47,34,95,12,188,0,7,82,0,89,47,41,177,12,277,109,0,109,386
06/15/2023,LEX,KY,ASO,CE,Combined TRACON& Tower with Radar,56,37,77,7,177,0,5,104,1,110,56,42,181,8,287,67,0,67,354
06/16/2023,LEX,KY,ASO,CE,Combined TRACON& Tower with Radar,53,27,104,4,188,0,5,76,0,81,53,32,180,4,269,26,0,26,295
06/17/2023,LEX,KY,ASO,CE,Combined TRACON& Tower with Radar,48,18,62,0,128,0,3,79,1,83,48,21,141,1,211,42,0,42,253
06/18/2023,LEX,KY,ASO,CE,Combined TRACON& Tower with Radar,52,30,48,0,130,0,4,53,1,58,52,34,101,1,188,22,0,22,210
06/19/2023,LEX,KY,ASO,CE,Combined TRACON& Tower with Radar,51,20,44,0,115,0,0,3,1,4,51,20,47,1,119,0,0,0,119
06/20/2023,LEX,KY,ASO,CE,Combined TRACON& Tower with Radar,46,21,58,5,130,0,0,23,1,24,46,21,81,6,154,10,0,10,164
06/21/2023,LEX,KY,ASO,CE,Combined TRACON& Tower with Radar,47,17,59,8,131,0,0,36,2,38,47,17,95,10,169,42,0,42,211
06/22/2023,LEX,KY,ASO,CE,Combined TRACON& Tower with Radar,57,38,93,2,190,0,0,32,0,32,57,38,125,2,222,52,0,52,274
06/23/2023,LEX,KY,ASO,CE,Combined TRACON& Tower with Radar,51,26,88,6,171,0,1,33,2,36,51,27,121,8,207,62,0,62,269
06/24/2023,LEX,KY,ASO,CE,Combined TRACON& Tower with Radar,50,24,50,0,124,0,4,73,0,77,50,28,123,0,201,57,0,57,258
06/25/2023,LEX,KY,ASO,CE,Combined TRACON& Tower with Radar,42,16,25,2,85,0,4,33,0,37,42,20,58,2,122,4,0,4,126
06/26/2023,LEX,KY,ASO,CE,Combined TRACON& Tower with Radar,56,30,64,1,151,0,3,60,1,64,56,33,124,2,215,24,0,24,239
06/27/2023,LEX,KY,ASO,CE,Combined TRACON& Tower with Radar,44,29,85,14,172,0,3,85,3,91,44,32,170,17,263,68,0,68,331
06/28/2023,LEX,KY,ASO,CE,Combined TRACON& Tower with Radar,44,23,106,8,181,0,1,10,1,12,44,24,116,9,193,0,0,0,193
06/29/2023,LEX,KY,ASO,CE,Combined TRACON& Tower with Radar,56,15,51,3,125,0,0,42,4,46,56,15,93,7,171,20,0,20,191
06/30/2023,LEX,KY,ASO,CE,Combined TRACON& Tower with Radar,51,25,103,0,179,0,0,47,0,47,51,25,150,0,226,24,0,24,250
07/01/2023,LEX,KY,ASO,CE,Combined TRACON& Tower with Radar,49,5,28,0,82,0,1,9,0,10,49,6,37,0,92,18,0,18,110
07/02/2023,LEX,KY,ASO,CE,Combined TRACON& Tower with Radar,52,16,21,0,89,0,0,4,2,6,52,16,25,2,95,0,0,0,95
07/03/2023,LEX,KY,ASO,CE,Combined TRACON& Tower with Radar,40,16,61,0,117,0,2,31,0,33,40,18,92,0,150,34,0,34,184
07/04/2023,LEX,KY,ASO,CE,Combined TRACON& Tower with Radar,33,13,38,0,84,0,2,53,0,55,33,15,91,0,139,96,0,96,235
07/05/2023,LEX,KY,ASO,CE,Combined TRACON& Tower with Radar,42,26,117,0,185,0,4,100,0,104,42,30,217,0,289,68,0,68,357
07/06/2023,LEX,KY,ASO,CE,Combined TRACON& Tower with Radar,47,13,74,5,139,0,3,73,4,80,47,16,147,9,219,52,0,52,271
07/07/2023,LEX,KY,ASO,CE,Combined TRACON& Tower with Radar,42,28,111,1,182,0,4,119,3,126,42,32,230,4,308,80,0,80,388
07/08/2023,LEX,KY,ASO,CE,Combined TRACON& Tower with Radar,46,25,43,0,114,0,4,49,1,54,46,29,92,1,168,28,0,28,196
07/09/2023,LEX,KY,ASO,CE,Combined TRACON& Tower with Radar,47,31,59,0,137,0,0,32,0,32,47,31,91,0,169,56,0,56,225
07/10/2023,LEX,KY,ASO,CE,Combined TRACON& Tower with Radar,48,34,78,14,174,0,5,88,2,95,48,39,166,16,269,110,0,110,379
07/11/2023,LEX,KY,ASO,CE,Combined TRACON& Tower with Radar,38,34,97,21,190,0,6,86,5,97,38,40,183,26,287,94,6,100,387
07/12/2023,LEX,KY,ASO,CE,Combined TRACON& Tower with Radar,43,38,80,0,161,0,8,81,1,90,43,46,161,1,251,21,0,21,272
07/13/2023,LEX,KY,ASO,CE,Combined TRACON& Tower with Radar,50,30,74,2,156,0,2,19,1,22,50,32,93,3,178,30,0,30,208
07/14/2023,LEX,KY,ASO,CE,Combined TRACON& Tower with Radar,45,33,98,1,177,0,5,65,1,71,45,38,163,2,248,65,0,65,313
07/15/2023,LEX,KY,ASO,CE,Combined TRACON& Tower with Radar,45,29,42,0,116,0,2,12,0,14,45,31,54,0,130,28,0,28,158
07/16/2023,LEX,KY,ASO,CE,Combined TRACON& Tower with Radar,50,30,72,2,154,0,1,55,2,58,50,31,127,4,212,44,0,44,256
07/17/2023,LEX,KY,ASO,CE,Combined TRACON& Tower with Radar,44,21,56,1,122,0,1,29,0,30,44,22,85,1,152,34,0,34,186
07/18/2023,LEX,KY,ASO,CE,Combined TRACON& Tower with Radar,37,27,49,1,114,0,1,50,2,53,37,28,99,3,167,64,0,64,231
07/19/2023,LEX,KY,ASO,CE,Combined TRACON& Tower with Radar,43,30,82,0,155,0,1,22,0,23,43,31,104,0,178,42,0,42,220
07/20/2023,LEX,KY,ASO,CE,Combined TRACON& Tower with Radar,51,32,63,2,148,0,3,31,0,34,51,35,94,2,182,95,0,95,277
07/21/2023,LEX,KY,ASO,CE,Combined TRACON& Tower with Radar,47,29,89,3,168,0,1,97,1,99,47,30,186,4,267,118,0,118,385
07/22/2023,LEX,KY,ASO,CE,Combined TRACON& Tower with Radar,46,40,73,0,159,0,6,91,0,97,46,46,164,0,256,86,0,86,342
07/23/2023,LEX,KY,ASO,CE,Combined TRACON& Tower with Radar,47,23,55,0,125,0,4,77,2,83,47,27,132,2,208,25,0,25,233
07/24/2023,LEX,KY,ASO,CE,Combined TRACON& Tower with Radar,48,17,41,0,106,0,0,50,0,50,48,17,91,0,156,26,0,26,182
07/25/2023,LEX,KY,ASO,CE,Combined TRACON& Tower with Radar,40,29,74,0,143,0,1,92,0,93,40,30,166,0,236,156,0,156,392
07/26/2023,LEX,KY,ASO,CE,Combined TRACON& Tower with Radar,40,25,75,8,148,0,8,78,2,88,40,33,153,10,236,16,20,36,272
07/27/2023,LEX,KY,ASO,CE,Combined TRACON& Tower with Radar,51,24,83,7,165,0,1,46,6,53,51,25,129,13,218,59,0,59,277
07/28/2023,LEX,KY,ASO,CE,Combined TRACON& Tower with Radar,44,16,85,14,159,0,1,86,2,89,44,17,171,16,248,69,0,69,317
07/29/2023,LEX,KY,ASO,CE,Combined TRACON& Tower with Radar,48,18,47,19,132,0,4,43,2,49,48,22,90,21,181,50,13,63,244
07/30/2023,LEX,KY,ASO,CE,Combined TRACON& Tower with Radar,52,36,51,8,147,0,5,76,0,81,52,41,127,8,228,71,0,71,299
07/31/2023,LEX,KY,ASO,CE,Combined TRACON& Tower with Radar,45,38,69,10,162,0,4,103,0,107,45,42,172,10,269,115,8,123,392
08/01/2023,LEX,KY,ASO,CE,Combined TRACON& Tower with Radar,36,34,77,13,160,0,0,116,4,120,36,34,193,17,280,83,24,107,387
08/02/2023,LEX,KY,ASO,CE,Combined TRACON& Tower with Radar,39,23,81,1,144,0,2,86,1,89,39,25,167,2,233,52,0,52,285
08/03/2023,LEX,KY,ASO,CE,Combined TRACON& Tower with Radar,49,28,76,1,154,0,0,10,1,11,49,28,86,2,165,12,0,12,177
08/04/2023,LEX,KY,ASO,CE,Combined TRACON& Tower with Radar,42,25,99,23,189,0,5,89,0,94,42,30,188,23,283,90,0,90,373
08/05/2023,LEX,KY,ASO,CE,Combined TRACON& Tower with Radar,44,20,57,6,127,0,5,74,1,80,44,25,131,7,207,56,0,56,263
08/06/2023,LEX,KY,ASO,CE,Combined TRACON& Tower with Radar,41,44,65,2,152,0,1,26,0,27,41,45,91,2,179,30,0,30,209
08/07/2023,LEX,KY,ASO,CE,Combined TRACON& Tower with Radar,45,30,41,2,118,0,2,7,1,10,45,32,48,3,128,0,0,0,128
08/08/2023,LEX,KY,ASO,CE,Combined TRACON& Tower with Radar,35,39,115,1,190,0,3,80,2,85,35,42,195,3,275,50,0,50,325
08/09/2023,LEX,KY,ASO,CE,Combined TRACON& Tower with Radar,37,35,79,0,151,0,3,81,0,84,37,38,160,0,235,91,0,91,326
08/10/2023,LEX,KY,ASO,CE,Combined TRACON& Tower with Radar,46,38,83,8,175,0,2,31,4,37,46,40,114,12,212,72,0,72,284
08/11/2023,LEX,KY,ASO,CE,Combined TRACON& Tower with Radar,45,33,84,2,164,0,6,100,2,108,45,39,184,4,272,44,0,44,316
08/12/2023,LEX,KY,ASO,CE,Combined TRACON& Tower with Radar,43,20,58,3,124,0,4,49,1,54,43,24,107,4,178,12,0,12,190
08/13/2023,LEX,KY,ASO,CE,Combined TRACON& Tower with Radar,50,32,97,2,181,0,0,25,7,32,50,32,122,9,213,78,0,78,291
08/14/2023,LEX,KY,ASO,CE,Combined TRACON& Tower with Radar,44,17,52,3,116,0,1,2,1,4,44,18,54,4,120,10,0,10,130
08/15/2023,LEX,KY,ASO,CE,Combined TRACON& Tower with Radar,40,39,80,4,163,0,2,46,2,50,40,41,126,6,213,94,0,94,307
08/16/2023,LEX,KY,ASO,CE,Combined TRACON& Tower with Radar,40,40,120,3,203,0,3,81,2,86,40,43,201,5,289,116,0,116,405
08/17/2023,LEX,KY,ASO,CE,Combined TRACON& Tower with Radar,44,21,110,4,179,0,1,67,1,69,44,22,177,5,248,27,0,27,275
08/18/2023,LEX,KY,ASO,CE,Combined TRACON& Tower with Radar,43,28,84,20,175,0,6,101,4,111,43,34,185,24,286,52,15,67,353
08/19/2023,LEX,KY,ASO,CE,Combined TRACON& Tower with Radar,38,13,68,3,122,0,1,92,5,98,38,14,160,8,220,42,0,42,262
08/20/2023,LEX,KY,ASO,CE,Combined TRACON& Tower with Radar,44,45,69,8,166,0,3,85,1,89,44,48,154,9,255,12,0,12,267
08/21/2023,LEX,KY,ASO,CE,Combined TRACON& Tower with Radar,43,23,58,2,126,0,2,68,2,72,43,25,126,4,198,101,0,101,299
08/22/2023,LEX,KY,ASO,CE,Combined TRACON& Tower with Radar,39,15,68,7,129,0,1,72,1,74,39,16,140,8,203,108,0,108,311
08/23/2023,LEX,KY,ASO,CE,Combined TRACON& Tower with Radar,37,22,77,0,136,0,4,89,0,93,37,26,166,0,229,108,0,108,337
08/24/2023,LEX,KY,ASO,CE,Combined TRACON& Tower with Radar,43,28,51,6,128,0,0,34,3,37,43,28,85,9,165,46,0,46,211
08/25/2023,LEX,KY,ASO,CE,Combined TRACON& Tower with Radar,40,22,73,1,136,0,0,53,1,54,40,22,126,2,190,6,0,6,196
08/26/2023,LEX,KY,ASO,CE,Combined TRACON& Tower with Radar,32,15,45,9,101,0,1,38,1,40,32,16,83,10,141,25,0,25,166
08/27/2023,LEX,KY,ASO,CE,Combined TRACON& Tower with Radar,43,23,57,1,124,0,2,22,1,25,43,25,79,2,149,24,0,24,173
08/28/2023,LEX,KY,ASO,CE,Combined TRACON& Tower with Radar,37,28,68,5,138,0,4,84,0,88,37,32,152,5,226,92,0,92,318
08/29/2023,LEX,KY,ASO,CE,Combined TRACON& Tower with Radar,39,43,84,31,197,0,4,79,10,93,39,47,163,41,290,75,0,75,365
08/30/2023,LEX,KY,ASO,CE,Combined TRACON& Tower with Radar,39,29,86,14,168,0,6,76,2,84,39,35,162,16,252,126,0,126,378
08/31/2023,LEX,KY,ASO,CE,Combined TRACON& Tower with Radar,46,21,97,8,172,0,0,64,5,69,46,21,161,13,241,62,0,62,303
