01/01/2000,LFT,LA,ASW,CE,Towers with Radar,0,36,6,0,42,0,8,42,0,50,0,44,48,0,92,0,0,0,92
01/02/2000,LFT,LA,ASW,CE,Towers with Radar,0,57,36,0,93,0,30,35,0,65,0,87,71,0,158,4,0,4,162
01/03/2000,LFT,LA,ASW,CE,Towers with Radar,0,39,27,0,66,0,25,4,0,29,0,64,31,0,95,0,0,0,95
01/04/2000,LFT,LA,ASW,CE,Towers with Radar,2,65,31,6,104,1,26,38,0,65,3,91,69,6,169,6,0,6,175
01/05/2000,LFT,LA,ASW,CE,Towers with Radar,0,54,34,2,90,0,66,136,48,250,0,120,170,50,340,32,8,40,380
01/06/2000,LFT,LA,ASW,CE,Towers with Radar,3,69,42,0,114,0,19,138,33,190,3,88,180,33,304,88,4,92,396
01/07/2000,LFT,LA,ASW,CE,Towers with Radar,2,59,44,2,107,0,50,64,0,114,2,109,108,2,221,22,4,26,247
01/08/2000,LFT,LA,ASW,CE,Towers with Radar,2,60,25,0,87,0,18,41,0,59,2,78,66,0,146,34,14,48,194
01/09/2000,LFT,LA,ASW,CE,Towers with Radar,0,73,41,4,118,0,15,5,0,20,0,88,46,4,138,14,22,36,174
01/10/2000,LFT,LA,ASW,CE,Towers with Radar,0,68,62,7,137,0,38,96,0,134,0,106,158,7,271,48,0,48,319
01/11/2000,LFT,LA,ASW,CE,Towers with Radar,0,76,48,3,127,0,42,49,2,93,0,118,97,5,220,30,4,34,254
01/12/2000,LFT,LA,ASW,CE,Towers with Radar,2,62,63,0,127,0,48,33,1,82,2,110,96,1,209,20,0,20,229
01/13/2000,LFT,LA,ASW,CE,Towers with Radar,2,65,59,1,127,0,47,48,0,95,2,112,107,1,222,10,0,10,232
01/14/2000,LFT,LA,ASW,CE,Towers with Radar,2,62,40,5,109,0,54,66,0,120,2,116,106,5,229,4,4,8,237
01/15/2000,LFT,LA,ASW,CE,Towers with Radar,2,50,21,5,78,0,55,93,0,148,2,105,114,5,226,16,0,16,242
01/16/2000,LFT,LA,ASW,CE,Towers with Radar,0,55,33,0,88,0,39,83,0,122,0,94,116,0,210,28,0,28,238
01/17/2000,LFT,LA,ASW,CE,Towers with Radar,0,59,54,2,115,0,48,73,0,121,0,107,127,2,236,60,0,60,296
01/18/2000,LFT,LA,ASW,CE,Towers with Radar,3,61,57,10,131,0,53,53,0,106,3,114,110,10,237,14,0,14,251
01/19/2000,LFT,LA,ASW,CE,Towers with Radar,2,64,66,2,134,0,58,37,1,96,2,122,103,3,230,22,0,22,252
01/20/2000,LFT,LA,ASW,CE,Towers with Radar,2,62,40,5,109,0,31,62,2,95,2,93,102,7,204,12,4,16,220
01/21/2000,LFT,LA,ASW,CE,Towers with Radar,2,60,35,6,103,0,54,82,1,137,2,114,117,7,240,14,0,14,254
01/22/2000,LFT,LA,ASW,CE,Towers with Radar,2,53,11,0,66,0,24,23,0,47,2,77,34,0,113,20,0,20,133
01/23/2000,LFT,LA,ASW,CE,Towers with Radar,0,43,30,0,73,0,25,19,0,44,0,68,49,0,117,56,0,56,173
01/24/2000,LFT,LA,ASW,CE,Towers with Radar,0,63,27,2,92,0,32,41,0,73,0,95,68,2,165,22,0,22,187
01/25/2000,LFT,LA,ASW,CE,Towers with Radar,3,64,36,0,103,0,54,47,0,101,3,118,83,0,204,54,0,54,258
01/26/2000,LFT,LA,ASW,CE,Towers with Radar,0,59,40,0,99,0,41,50,0,91,0,100,90,0,190,10,0,10,200
01/27/2000,LFT,LA,ASW,CE,Towers with Radar,3,52,32,2,89,0,33,20,0,53,3,85,52,2,142,12,0,12,154
01/28/2000,LFT,LA,ASW,CE,Towers with Radar,1,53,43,0,97,0,0,2,0,2,1,53,45,0,99,0,0,0,99
01/29/2000,LFT,LA,ASW,CE,Towers with Radar,0,57,15,1,73,0,2,7,0,9,0,59,22,1,82,2,0,2,84
01/30/2000,LFT,LA,ASW,CE,Towers with Radar,0,59,17,4,80,0,47,26,0,73,0,106,43,4,153,12,12,24,177
01/31/2000,LFT,LA,ASW,CE,Towers with Radar,0,70,37,2,109,0,44,100,0,144,0,114,137,2,253,50,2,52,305
02/01/2000,LFT,LA,ASW,CE,Towers with Radar,2,55,26,0,83,1,76,54,1,132,3,131,80,1,215,72,0,72,287
02/02/2000,LFT,LA,ASW,CE,Towers with Radar,3,61,47,0,111,0,73,56,1,130,3,134,103,1,241,28,0,28,269
02/03/2000,LFT,LA,ASW,CE,Towers with Radar,0,52,38,2,92,0,40,84,0,124,0,92,122,2,216,12,0,12,228
02/04/2000,LFT,LA,ASW,CE,Towers with Radar,2,61,26,1,90,1,63,87,0,151,3,124,113,1,241,16,2,18,259
02/05/2000,LFT,LA,ASW,CE,Towers with Radar,4,49,2,0,55,0,46,71,2,119,4,95,73,2,174,30,0,30,204
02/06/2000,LFT,LA,ASW,CE,Towers with Radar,0,55,9,2,66,0,38,111,0,149,0,93,120,2,215,92,6,98,313
02/07/2000,LFT,LA,ASW,CE,Towers with Radar,0,51,31,4,86,0,67,42,1,110,0,118,73,5,196,24,0,24,220
02/08/2000,LFT,LA,ASW,CE,Towers with Radar,4,63,64,2,133,0,56,29,0,85,4,119,93,2,218,22,0,22,240
02/09/2000,LFT,LA,ASW,CE,Towers with Radar,2,58,50,0,110,0,52,62,0,114,2,110,112,0,224,14,2,16,240
02/10/2000,LFT,LA,ASW,CE,Towers with Radar,2,70,67,1,140,0,70,65,1,136,2,140,132,2,276,12,0,12,288
02/11/2000,LFT,LA,ASW,CE,Towers with Radar,3,63,47,1,114,0,30,48,0,78,3,93,95,1,192,16,4,20,212
02/12/2000,LFT,LA,ASW,CE,Towers with Radar,2,54,24,2,82,0,25,35,0,60,2,79,59,2,142,10,8,18,160
02/13/2000,LFT,LA,ASW,CE,Towers with Radar,0,54,26,0,80,0,26,21,0,47,0,80,47,0,127,22,0,22,149
02/14/2000,LFT,LA,ASW,CE,Towers with Radar,0,54,52,2,108,0,29,54,0,83,0,83,106,2,191,6,4,10,201
02/15/2000,LFT,LA,ASW,CE,Towers with Radar,0,75,49,2,126,0,70,70,3,143,0,145,119,5,269,32,18,50,319
02/16/2000,LFT,LA,ASW,CE,Towers with Radar,2,64,67,1,134,0,47,59,0,106,2,111,126,1,240,30,2,32,272
02/17/2000,LFT,LA,ASW,CE,Towers with Radar,2,59,67,0,128,0,42,28,0,70,2,101,95,0,198,8,0,8,206
02/18/2000,LFT,LA,ASW,CE,Towers with Radar,2,69,35,0,106,0,34,16,0,50,2,103,51,0,156,2,0,2,158
02/19/2000,LFT,LA,ASW,CE,Towers with Radar,2,56,23,0,81,0,30,58,0,88,2,86,81,0,169,26,2,28,197
02/20/2000,LFT,LA,ASW,CE,Towers with Radar,0,40,26,0,66,0,36,58,0,94,0,76,84,0,160,52,0,52,212
02/21/2000,LFT,LA,ASW,CE,Towers with Radar,0,60,36,0,96,0,40,81,0,121,0,100,117,0,217,68,0,68,285
02/22/2000,LFT,LA,ASW,CE,Towers with Radar,4,79,55,10,148,0,57,92,0,149,4,136,147,10,297,130,0,130,427
02/23/2000,LFT,LA,ASW,CE,Towers with Radar,2,60,47,8,117,0,75,45,0,120,2,135,92,8,237,14,4,18,255
02/24/2000,LFT,LA,ASW,CE,Towers with Radar,4,75,74,0,153,0,78,28,2,108,4,153,102,2,261,52,0,52,313
02/25/2000,LFT,LA,ASW,CE,Towers with Radar,1,52,35,0,88,2,52,54,0,108,3,104,89,0,196,20,0,20,216
02/26/2000,LFT,LA,ASW,CE,Towers with Radar,0,67,14,0,81,0,15,10,4,29,0,82,24,4,110,8,8,16,126
02/27/2000,LFT,LA,ASW,CE,Towers with Radar,0,45,25,2,72,0,50,95,0,145,0,95,120,2,217,60,4,64,281
02/28/2000,LFT,LA,ASW,CE,Towers with Radar,0,59,25,1,85,0,68,76,1,145,0,127,101,2,230,44,2,46,276
02/29/2000,LFT,LA,ASW,CE,Towers with Radar,0,65,44,1,110,0,56,90,3,149,0,121,134,4,259,48,0,48,307
03/01/2000,LFT,LA,ASW,CE,Towers with Radar,1,64,74,10,149,1,40,70,1,112,2,104,144,11,261,40,12,52,313
03/02/2000,LFT,LA,ASW,CE,Towers with Radar,3,58,59,2,122,1,33,42,0,76,4,91,101,2,198,26,0,26,224
03/03/2000,LFT,LA,ASW,CE,Towers with Radar,1,65,39,0,105,0,43,36,0,79,1,108,75,0,184,28,0,28,212
03/04/2000,LFT,LA,ASW,CE,Towers with Radar,3,57,12,3,75,0,22,81,0,103,3,79,93,3,178,26,6,32,210
03/05/2000,LFT,LA,ASW,CE,Towers with Radar,0,43,16,0,59,0,27,66,0,93,0,70,82,0,152,12,0,12,164
03/06/2000,LFT,LA,ASW,CE,Towers with Radar,0,62,34,10,106,0,68,65,0,133,0,130,99,10,239,32,6,38,277
03/07/2000,LFT,LA,ASW,CE,Towers with Radar,3,61,28,2,94,0,55,26,0,81,3,116,54,2,175,36,0,36,211
03/08/2000,LFT,LA,ASW,CE,Towers with Radar,0,66,56,5,127,0,64,23,0,87,0,130,79,5,214,38,8,46,260
03/09/2000,LFT,LA,ASW,CE,Towers with Radar,2,65,71,3,141,0,9,53,0,62,2,74,124,3,203,42,6,48,251
03/10/2000,LFT,LA,ASW,CE,Towers with Radar,1,59,41,2,103,1,22,9,12,44,2,81,50,14,147,22,2,24,171
03/11/2000,LFT,LA,ASW,CE,Towers with Radar,2,50,24,2,78,0,33,35,0,68,2,83,59,2,146,18,4,22,168
03/12/2000,LFT,LA,ASW,CE,Towers with Radar,0,49,19,4,72,0,33,118,0,151,0,82,137,4,223,60,2,62,285
03/13/2000,LFT,LA,ASW,CE,Towers with Radar,0,56,36,1,93,0,62,77,0,139,0,118,113,1,232,42,0,42,274
03/14/2000,LFT,LA,ASW,CE,Towers with Radar,4,73,57,0,134,0,62,58,0,120,4,135,115,0,254,90,0,90,344
03/15/2000,LFT,LA,ASW,CE,Towers with Radar,2,66,36,0,104,0,52,10,0,62,2,118,46,0,166,34,0,34,200
03/16/2000,LFT,LA,ASW,CE,Towers with Radar,0,61,30,0,91,0,41,50,0,91,0,102,80,0,182,42,4,46,228
03/17/2000,LFT,LA,ASW,CE,Towers with Radar,3,72,47,4,126,0,61,53,2,116,3,133,100,6,242,50,6,56,298
03/18/2000,LFT,LA,ASW,CE,Towers with Radar,2,50,22,0,74,0,10,14,0,24,2,60,36,0,98,42,0,42,140
03/19/2000,LFT,LA,ASW,CE,Towers with Radar,0,49,24,0,73,0,35,22,0,57,0,84,46,0,130,56,0,56,186
03/20/2000,LFT,LA,ASW,CE,Towers with Radar,0,65,45,2,112,0,72,99,2,173,0,137,144,4,285,70,0,70,355
03/21/2000,LFT,LA,ASW,CE,Towers with Radar,0,88,59,3,150,0,77,69,12,158,0,165,128,15,308,58,4,62,370
03/22/2000,LFT,LA,ASW,CE,Towers with Radar,1,75,43,0,119,0,72,59,0,131,1,147,102,0,250,26,0,26,276
03/23/2000,LFT,LA,ASW,CE,Towers with Radar,2,67,46,2,117,0,71,96,0,167,2,138,142,2,284,68,8,76,360
03/24/2000,LFT,LA,ASW,CE,Towers with Radar,5,73,48,4,130,0,60,103,2,165,5,133,151,6,295,24,2,26,321
03/25/2000,LFT,LA,ASW,CE,Towers with Radar,0,48,14,0,62,0,36,29,0,65,0,84,43,0,127,20,0,20,147
03/26/2000,LFT,LA,ASW,CE,Towers with Radar,0,49,21,0,70,0,48,46,0,94,0,97,67,0,164,58,0,58,222
03/27/2000,LFT,LA,ASW,CE,Towers with Radar,0,59,45,0,104,0,58,63,0,121,0,117,108,0,225,30,2,32,257
03/28/2000,LFT,LA,ASW,CE,Towers with Radar,4,59,78,3,144,0,71,77,0,148,4,130,155,3,292,80,2,82,374
03/29/2000,LFT,LA,ASW,CE,Towers with Radar,5,72,46,1,124,0,79,36,0,115,5,151,82,1,239,38,0,38,277
03/30/2000,LFT,LA,ASW,CE,Towers with Radar,2,68,71,4,145,0,53,43,0,96,2,121,114,4,241,48,2,50,291
03/31/2000,LFT,LA,ASW,CE,Towers with Radar,2,67,48,3,120,0,71,82,0,153,2,138,130,3,273,42,2,44,317
04/01/2000,LFT,LA,ASW,CE,Towers with Radar,3,44,23,2,72,1,24,16,0,41,4,68,39,2,113,6,0,6,119
04/02/2000,LFT,LA,ASW,CE,Towers with Radar,0,41,21,2,64,0,9,20,2,31,0,50,41,4,95,20,0,20,115
04/03/2000,LFT,LA,ASW,CE,Towers with Radar,0,64,26,0,90,0,21,13,0,34,0,85,39,0,124,14,0,14,138
04/04/2000,LFT,LA,ASW,CE,Towers with Radar,3,68,45,6,122,0,81,102,0,183,3,149,147,6,305,38,0,38,343
04/05/2000,LFT,LA,ASW,CE,Towers with Radar,2,57,41,0,100,0,76,82,0,158,2,133,123,0,258,42,0,42,300
04/06/2000,LFT,LA,ASW,CE,Towers with Radar,4,68,43,0,115,0,65,102,0,167,4,133,145,0,282,20,0,20,302
04/07/2000,LFT,LA,ASW,CE,Towers with Radar,2,64,43,2,111,1,47,62,0,110,3,111,105,2,221,34,4,38,259
04/08/2000,LFT,LA,ASW,CE,Towers with Radar,2,52,19,0,73,0,35,41,0,76,2,87,60,0,149,2,0,2,151
04/09/2000,LFT,LA,ASW,CE,Towers with Radar,1,56,38,2,97,0,37,76,0,113,1,93,114,2,210,12,0,12,222
04/10/2000,LFT,LA,ASW,CE,Towers with Radar,0,57,37,5,99,0,71,67,0,138,0,128,104,5,237,58,4,62,299
04/11/2000,LFT,LA,ASW,CE,Towers with Radar,4,53,60,3,120,0,80,40,1,121,4,133,100,4,241,34,0,34,275
04/12/2000,LFT,LA,ASW,CE,Towers with Radar,4,51,29,1,85,0,20,15,0,35,4,71,44,1,120,0,0,0,120
04/13/2000,LFT,LA,ASW,CE,Towers with Radar,2,60,70,2,134,0,55,23,0,78,2,115,93,2,212,6,2,8,220
04/14/2000,LFT,LA,ASW,CE,Towers with Radar,2,69,53,0,124,0,73,21,0,94,2,142,74,0,218,16,0,16,234
04/15/2000,LFT,LA,ASW,CE,Towers with Radar,2,56,36,0,94,0,46,57,0,103,2,102,93,0,197,32,0,32,229
04/16/2000,LFT,LA,ASW,CE,Towers with Radar,0,54,25,0,79,0,36,73,0,109,0,90,98,0,188,22,0,22,210
04/17/2000,LFT,LA,ASW,CE,Towers with Radar,0,54,44,2,100,0,61,48,0,109,0,115,92,2,209,28,0,28,237
04/18/2000,LFT,LA,ASW,CE,Towers with Radar,3,65,47,2,117,0,66,90,0,156,3,131,137,2,273,34,0,34,307
04/19/2000,LFT,LA,ASW,CE,Towers with Radar,0,76,49,11,136,0,61,56,0,117,0,137,105,11,253,50,4,54,307
04/20/2000,LFT,LA,ASW,CE,Towers with Radar,2,62,77,3,144,0,62,45,1,108,2,124,122,4,252,18,2,20,272
04/21/2000,LFT,LA,ASW,CE,Towers with Radar,3,51,40,1,95,0,54,75,0,129,3,105,115,1,224,16,0,16,240
04/22/2000,LFT,LA,ASW,CE,Towers with Radar,1,52,14,2,69,0,23,53,0,76,1,75,67,2,145,12,0,12,157
04/23/2000,LFT,LA,ASW,CE,Towers with Radar,0,51,30,0,81,0,25,22,0,47,0,76,52,0,128,0,0,0,128
04/24/2000,LFT,LA,ASW,CE,Towers with Radar,0,53,32,3,88,0,68,84,0,152,0,121,116,3,240,38,0,38,278
04/25/2000,LFT,LA,ASW,CE,Towers with Radar,4,81,64,1,150,0,76,106,1,183,4,157,170,2,333,100,10,110,443
04/26/2000,LFT,LA,ASW,CE,Towers with Radar,4,68,55,3,130,0,69,108,2,179,4,137,163,5,309,40,4,44,353
04/27/2000,LFT,LA,ASW,CE,Towers with Radar,2,70,50,1,123,0,88,77,9,174,2,158,127,10,297,28,0,28,325
04/28/2000,LFT,LA,ASW,CE,Towers with Radar,3,72,41,2,118,0,50,96,3,149,3,122,137,5,267,46,0,46,313
04/29/2000,LFT,LA,ASW,CE,Towers with Radar,2,52,19,2,75,0,58,88,3,149,2,110,107,5,224,28,0,28,252
04/30/2000,LFT,LA,ASW,CE,Towers with Radar,0,52,34,2,88,0,35,50,0,85,0,87,84,2,173,2,0,2,175
05/01/2000,LFT,LA,ASW,CE,Towers with Radar,0,48,47,2,97,0,52,39,0,91,0,100,86,2,188,36,16,52,240
05/02/2000,LFT,LA,ASW,CE,Towers with Radar,3,72,38,2,115,1,47,29,0,77,4,119,67,2,192,2,0,2,194
05/03/2000,LFT,LA,ASW,CE,Towers with Radar,1,52,34,0,87,1,24,16,0,41,2,76,50,0,128,8,0,8,136
05/04/2000,LFT,LA,ASW,CE,Towers with Radar,2,58,70,1,131,1,38,33,0,72,3,96,103,1,203,14,2,16,219
05/05/2000,LFT,LA,ASW,CE,Towers with Radar,1,68,34,1,104,1,62,58,0,121,2,130,92,1,225,32,0,32,257
05/06/2000,LFT,LA,ASW,CE,Towers with Radar,0,42,21,62,125,0,53,62,1,116,0,95,83,63,241,40,0,40,281
05/07/2000,LFT,LA,ASW,CE,Towers with Radar,0,48,33,0,81,0,39,46,1,86,0,87,79,1,167,22,0,22,189
05/08/2000,LFT,LA,ASW,CE,Towers with Radar,1,61,57,5,124,0,68,85,2,155,1,129,142,7,279,74,6,80,359
05/09/2000,LFT,LA,ASW,CE,Towers with Radar,0,79,55,0,134,0,72,75,0,147,0,151,130,0,281,18,0,18,299
05/10/2000,LFT,LA,ASW,CE,Towers with Radar,5,66,38,1,110,0,68,72,1,141,5,134,110,2,251,14,0,14,265
05/11/2000,LFT,LA,ASW,CE,Towers with Radar,1,67,38,6,112,0,64,61,1,126,1,131,99,7,238,137,10,147,385
05/12/2000,LFT,LA,ASW,CE,Towers with Radar,1,57,48,3,109,0,44,59,6,109,1,101,107,9,218,18,4,22,240
05/13/2000,LFT,LA,ASW,CE,Towers with Radar,5,47,29,0,81,0,24,74,0,98,5,71,103,0,179,51,0,51,230
05/14/2000,LFT,LA,ASW,CE,Towers with Radar,0,54,42,3,99,0,44,87,1,132,0,98,129,4,231,16,2,18,249
05/15/2000,LFT,LA,ASW,CE,Towers with Radar,0,44,38,2,84,0,43,77,1,121,0,87,115,3,205,60,0,60,265
05/16/2000,LFT,LA,ASW,CE,Towers with Radar,0,72,51,4,127,0,77,109,0,186,0,149,160,4,313,118,2,120,433
05/17/2000,LFT,LA,ASW,CE,Towers with Radar,2,63,48,4,117,0,81,68,1,150,2,144,116,5,267,16,2,18,285
05/18/2000,LFT,LA,ASW,CE,Towers with Radar,2,63,48,2,115,0,62,62,1,125,2,125,110,3,240,4,6,10,250
05/19/2000,LFT,LA,ASW,CE,Towers with Radar,10,52,40,4,106,0,42,61,0,103,10,94,101,4,209,16,2,18,227
05/20/2000,LFT,LA,ASW,CE,Towers with Radar,2,47,28,0,77,0,26,10,0,36,2,73,38,0,113,10,0,10,123
05/21/2000,LFT,LA,ASW,CE,Towers with Radar,0,31,22,0,53,1,49,20,0,70,1,80,42,0,123,6,0,6,129
05/22/2000,LFT,LA,ASW,CE,Towers with Radar,0,63,46,3,112,0,60,75,0,135,0,123,121,3,247,32,4,36,283
05/23/2000,LFT,LA,ASW,CE,Towers with Radar,2,67,51,1,121,0,82,65,0,147,2,149,116,1,268,64,2,66,334
05/24/2000,LFT,LA,ASW,CE,Towers with Radar,3,77,55,2,137,0,89,76,0,165,3,166,131,2,302,44,0,44,346
05/25/2000,LFT,LA,ASW,CE,Towers with Radar,2,57,39,0,98,0,64,75,0,139,2,121,114,0,237,60,0,60,297
05/26/2000,LFT,LA,ASW,CE,Towers with Radar,2,51,30,2,85,0,62,58,0,120,2,113,88,2,205,32,2,34,239
05/27/2000,LFT,LA,ASW,CE,Towers with Radar,2,55,23,2,82,0,37,46,0,83,2,92,69,2,165,18,0,18,183
05/28/2000,LFT,LA,ASW,CE,Towers with Radar,0,38,30,0,68,0,34,56,0,90,0,72,86,0,158,22,0,22,180
05/29/2000,LFT,LA,ASW,CE,Towers with Radar,0,52,37,4,93,0,22,70,0,92,0,74,107,4,185,44,0,44,229
05/30/2000,LFT,LA,ASW,CE,Towers with Radar,0,54,62,0,116,0,62,95,3,160,0,116,157,3,276,12,0,12,288
05/31/2000,LFT,LA,ASW,CE,Towers with Radar,3,67,50,5,125,0,53,100,2,155,3,120,150,7,280,44,10,54,334
06/01/2000,LFT,LA,ASW,CE,Towers with Radar,0,59,43,0,102,1,52,64,0,117,1,111,107,0,219,88,0,88,307
06/02/2000,LFT,LA,ASW,CE,Towers with Radar,2,57,30,7,96,0,47,73,2,122,2,104,103,9,218,54,18,72,290
06/03/2000,LFT,LA,ASW,CE,Towers with Radar,3,55,38,0,96,0,46,70,2,118,3,101,108,2,214,29,0,29,243
06/04/2000,LFT,LA,ASW,CE,Towers with Radar,0,48,26,0,74,0,23,62,0,85,0,71,88,0,159,74,0,74,233
06/05/2000,LFT,LA,ASW,CE,Towers with Radar,0,57,42,0,99,0,37,24,0,61,0,94,66,0,160,2,0,2,162
06/06/2000,LFT,LA,ASW,CE,Towers with Radar,4,68,58,4,134,0,59,71,0,130,4,127,129,4,264,22,2,24,288
06/07/2000,LFT,LA,ASW,CE,Towers with Radar,2,61,49,3,115,0,57,89,0,146,2,118,138,3,261,40,4,44,305
06/08/2000,LFT,LA,ASW,CE,Towers with Radar,2,70,47,3,122,0,63,72,0,135,2,133,119,3,257,40,6,46,303
06/09/2000,LFT,LA,ASW,CE,Towers with Radar,1,52,28,0,81,0,49,70,0,119,1,101,98,0,200,48,0,48,248
06/10/2000,LFT,LA,ASW,CE,Towers with Radar,1,43,28,0,72,0,46,30,0,76,1,89,58,0,148,4,0,4,152
06/11/2000,LFT,LA,ASW,CE,Towers with Radar,0,45,16,0,61,0,34,53,0,87,0,79,69,0,148,60,0,60,208
06/12/2000,LFT,LA,ASW,CE,Towers with Radar,0,58,43,0,101,0,75,76,0,151,0,133,119,0,252,56,0,56,308
06/13/2000,LFT,LA,ASW,CE,Towers with Radar,4,58,43,0,105,0,84,63,4,151,4,142,106,4,256,20,2,22,278
06/14/2000,LFT,LA,ASW,CE,Towers with Radar,2,68,39,7,116,0,66,59,0,125,2,134,98,7,241,6,6,12,253
06/15/2000,LFT,LA,ASW,CE,Towers with Radar,2,58,45,0,105,0,63,57,1,121,2,121,102,1,226,28,0,28,254
06/16/2000,LFT,LA,ASW,CE,Towers with Radar,1,25,44,0,70,0,54,38,0,92,1,79,82,0,162,12,0,12,174
06/17/2000,LFT,LA,ASW,CE,Towers with Radar,3,42,17,0,62,0,34,14,0,48,3,76,31,0,110,18,0,18,128
06/18/2000,LFT,LA,ASW,CE,Towers with Radar,0,49,35,2,86,0,35,30,0,65,0,84,65,2,151,18,0,18,169
06/19/2000,LFT,LA,ASW,CE,Towers with Radar,0,48,41,4,93,0,57,34,0,91,0,105,75,4,184,22,0,22,206
06/20/2000,LFT,LA,ASW,CE,Towers with Radar,4,56,40,2,102,0,60,74,2,136,4,116,114,4,238,26,0,26,264
06/21/2000,LFT,LA,ASW,CE,Towers with Radar,3,61,39,3,106,0,74,42,0,116,3,135,81,3,222,24,0,24,246
06/22/2000,LFT,LA,ASW,CE,Towers with Radar,2,56,59,2,119,0,53,76,0,129,2,109,135,2,248,94,2,96,344
06/23/2000,LFT,LA,ASW,CE,Towers with Radar,2,60,25,9,96,0,64,76,1,141,2,124,101,10,237,56,8,64,301
06/24/2000,LFT,LA,ASW,CE,Towers with Radar,2,47,11,0,60,0,37,52,0,89,2,84,63,0,149,16,0,16,165
06/25/2000,LFT,LA,ASW,CE,Towers with Radar,0,44,18,1,63,0,63,49,0,112,0,107,67,1,175,22,0,22,197
06/26/2000,LFT,LA,ASW,CE,Towers with Radar,0,65,31,2,98,0,72,60,4,136,0,137,91,6,234,74,0,74,308
06/27/2000,LFT,LA,ASW,CE,Towers with Radar,3,69,53,2,127,0,73,70,0,143,3,142,123,2,270,80,0,80,350
06/28/2000,LFT,LA,ASW,CE,Towers with Radar,2,63,35,4,104,0,66,45,0,111,2,129,80,4,215,70,34,104,319
06/29/2000,LFT,LA,ASW,CE,Towers with Radar,1,70,46,0,117,0,88,71,0,159,1,158,117,0,276,50,3,53,329
06/30/2000,LFT,LA,ASW,CE,Towers with Radar,1,65,43,0,109,2,74,37,0,113,3,139,80,0,222,20,0,20,242
07/01/2000,LFT,LA,ASW,CE,Towers with Radar,2,53,26,2,83,1,27,32,1,61,3,80,58,3,144,8,0,8,152
07/02/2000,LFT,LA,ASW,CE,Towers with Radar,0,40,21,0,61,0,52,40,0,92,0,92,61,0,153,64,0,64,217
07/03/2000,LFT,LA,ASW,CE,Towers with Radar,0,45,21,2,68,0,59,64,0,123,0,104,85,2,191,80,2,82,273
07/04/2000,LFT,LA,ASW,CE,Towers with Radar,2,44,15,0,61,0,44,69,0,113,2,88,84,0,174,38,0,38,212
07/05/2000,LFT,LA,ASW,CE,Towers with Radar,2,52,36,2,92,0,52,62,0,114,2,104,98,2,206,26,2,28,234
07/06/2000,LFT,LA,ASW,CE,Towers with Radar,2,63,30,1,96,0,65,73,0,138,2,128,103,1,234,10,0,10,244
07/07/2000,LFT,LA,ASW,CE,Towers with Radar,1,58,35,10,104,0,66,85,2,153,1,124,120,12,257,22,16,38,295
07/08/2000,LFT,LA,ASW,CE,Towers with Radar,3,45,20,0,68,0,32,48,0,80,3,77,68,0,148,10,0,10,158
07/09/2000,LFT,LA,ASW,CE,Towers with Radar,0,51,34,0,85,0,33,69,0,102,0,84,103,0,187,36,0,36,223
07/10/2000,LFT,LA,ASW,CE,Towers with Radar,0,52,24,2,78,0,57,52,0,109,0,109,76,2,187,22,0,22,209
07/11/2000,LFT,LA,ASW,CE,Towers with Radar,4,66,56,0,126,0,91,76,1,168,4,157,132,1,294,90,0,90,384
07/12/2000,LFT,LA,ASW,CE,Towers with Radar,2,61,32,2,97,0,79,76,2,157,2,140,108,4,254,6,2,8,262
07/13/2000,LFT,LA,ASW,CE,Towers with Radar,2,53,34,0,89,0,63,63,0,126,2,116,97,0,215,30,2,32,247
07/14/2000,LFT,LA,ASW,CE,Towers with Radar,2,86,47,3,138,1,22,62,7,92,3,108,109,10,230,76,22,98,328
07/15/2000,LFT,LA,ASW,CE,Towers with Radar,0,58,21,2,81,0,35,47,1,83,0,93,68,3,164,110,6,116,280
07/16/2000,LFT,LA,ASW,CE,Towers with Radar,0,52,26,0,78,0,32,58,0,90,0,84,84,0,168,8,0,8,176
07/17/2000,LFT,LA,ASW,CE,Towers with Radar,0,60,44,2,106,0,88,51,2,141,0,148,95,4,247,54,0,54,301
07/18/2000,LFT,LA,ASW,CE,Towers with Radar,4,68,61,4,137,0,70,84,0,154,4,138,145,4,291,108,2,110,401
07/19/2000,LFT,LA,ASW,CE,Towers with Radar,2,67,55,1,125,0,61,88,1,150,2,128,143,2,275,28,2,30,305
07/20/2000,LFT,LA,ASW,CE,Towers with Radar,2,65,26,2,95,0,55,88,0,143,2,120,114,2,238,72,6,78,316
07/21/2000,LFT,LA,ASW,CE,Towers with Radar,3,65,43,8,119,0,53,88,1,142,3,118,131,9,261,34,10,44,305
07/22/2000,LFT,LA,ASW,CE,Towers with Radar,2,52,29,0,83,0,28,64,0,92,2,80,93,0,175,38,0,38,213
07/23/2000,LFT,LA,ASW,CE,Towers with Radar,0,34,21,0,55,0,15,13,0,28,0,49,34,0,83,88,0,88,171
07/24/2000,LFT,LA,ASW,CE,Towers with Radar,0,60,37,0,97,0,49,75,0,124,0,109,112,0,221,22,0,22,243
07/25/2000,LFT,LA,ASW,CE,Towers with Radar,4,62,45,0,111,0,69,90,1,160,4,131,135,1,271,28,0,28,299
07/26/2000,LFT,LA,ASW,CE,Towers with Radar,2,59,30,4,95,0,63,92,0,155,2,122,122,4,250,20,10,30,280
07/27/2000,LFT,LA,ASW,CE,Towers with Radar,2,63,19,7,91,0,60,73,0,133,2,123,92,7,224,18,14,32,256
07/28/2000,LFT,LA,ASW,CE,Towers with Radar,2,64,27,4,97,0,44,83,0,127,2,108,110,4,224,30,10,40,264
07/29/2000,LFT,LA,ASW,CE,Towers with Radar,1,59,12,0,72,0,25,49,0,74,1,84,61,0,146,20,0,20,166
07/30/2000,LFT,LA,ASW,CE,Towers with Radar,0,55,11,0,66,0,28,29,0,57,0,83,40,0,123,30,0,30,153
07/31/2000,LFT,LA,ASW,CE,Towers with Radar,0,61,30,0,91,0,19,44,0,63,0,80,74,0,154,36,0,36,190
08/01/2000,LFT,LA,ASW,CE,Towers with Radar,0,54,34,0,88,0,44,59,0,103,0,98,93,0,191,90,0,90,281
08/02/2000,LFT,LA,ASW,CE,Towers with Radar,5,67,47,0,119,1,50,70,0,121,6,117,117,0,240,50,0,50,290
08/03/2000,LFT,LA,ASW,CE,Towers with Radar,1,75,51,1,128,1,32,44,1,78,2,107,95,2,206,43,2,45,251
08/04/2000,LFT,LA,ASW,CE,Towers with Radar,2,75,47,0,124,0,61,58,2,121,2,136,105,2,245,52,0,52,297
08/05/2000,LFT,LA,ASW,CE,Towers with Radar,2,56,48,0,106,0,31,64,0,95,2,87,112,0,201,24,0,24,225
08/06/2000,LFT,LA,ASW,CE,Towers with Radar,0,64,41,0,105,0,37,59,0,96,0,101,100,0,201,42,0,42,243
08/07/2000,LFT,LA,ASW,CE,Towers with Radar,3,62,49,0,114,0,71,70,0,141,3,133,119,0,255,78,0,78,333
08/08/2000,LFT,LA,ASW,CE,Towers with Radar,3,56,36,0,95,0,75,52,0,127,3,131,88,0,222,66,0,66,288
08/09/2000,LFT,LA,ASW,CE,Towers with Radar,2,65,54,1,122,0,72,98,2,172,2,137,152,3,294,36,0,36,330
08/10/2000,LFT,LA,ASW,CE,Towers with Radar,2,64,52,1,119,0,51,77,1,129,2,115,129,2,248,60,0,60,308
08/11/2000,LFT,LA,ASW,CE,Towers with Radar,9,68,29,0,106,0,50,66,0,116,9,118,95,0,222,8,0,8,230
08/12/2000,LFT,LA,ASW,CE,Towers with Radar,4,52,8,3,67,0,58,46,0,104,4,110,54,3,171,86,8,94,265
08/13/2000,LFT,LA,ASW,CE,Towers with Radar,0,50,18,2,70,0,29,65,0,94,0,79,83,2,164,32,4,36,200
08/14/2000,LFT,LA,ASW,CE,Towers with Radar,0,56,36,6,98,0,89,57,0,146,0,145,93,6,244,56,4,60,304
08/15/2000,LFT,LA,ASW,CE,Towers with Radar,3,55,42,0,100,0,95,48,0,143,3,150,90,0,243,14,0,14,257
08/16/2000,LFT,LA,ASW,CE,Towers with Radar,3,71,32,4,110,0,70,81,1,152,3,141,113,5,262,24,4,28,290
08/17/2000,LFT,LA,ASW,CE,Towers with Radar,2,64,43,1,110,0,64,96,0,160,2,128,139,1,270,16,2,18,288
08/18/2000,LFT,LA,ASW,CE,Towers with Radar,3,53,35,0,91,0,49,84,0,133,3,102,119,0,224,104,0,104,328
08/19/2000,LFT,LA,ASW,CE,Towers with Radar,2,47,14,0,63,0,32,61,0,93,2,79,75,0,156,8,0,8,164
08/20/2000,LFT,LA,ASW,CE,Towers with Radar,0,63,28,9,100,0,75,104,0,179,0,138,132,9,279,18,2,20,299
08/21/2000,LFT,LA,ASW,CE,Towers with Radar,0,54,39,3,96,0,54,57,0,111,0,108,96,3,207,2,0,2,209
08/22/2000,LFT,LA,ASW,CE,Towers with Radar,4,66,55,2,127,0,63,45,1,109,4,129,100,3,236,42,0,42,278
08/23/2000,LFT,LA,ASW,CE,Towers with Radar,2,67,38,0,107,0,58,51,0,109,2,125,89,0,216,26,0,26,242
08/24/2000,LFT,LA,ASW,CE,Towers with Radar,1,60,37,0,98,0,48,68,0,116,1,108,105,0,214,50,0,50,264
08/25/2000,LFT,LA,ASW,CE,Towers with Radar,3,63,44,2,112,0,57,83,0,140,3,120,127,2,252,24,2,26,278
08/26/2000,LFT,LA,ASW,CE,Towers with Radar,1,47,15,0,63,0,20,85,1,106,1,67,100,1,169,84,0,84,253
08/27/2000,LFT,LA,ASW,CE,Towers with Radar,0,54,20,0,74,0,21,62,2,85,0,75,82,2,159,68,0,68,227
08/28/2000,LFT,LA,ASW,CE,Towers with Radar,0,57,36,0,93,0,60,64,2,126,0,117,100,2,219,139,0,139,358
08/29/2000,LFT,LA,ASW,CE,Towers with Radar,2,62,49,7,120,0,44,98,2,144,2,106,147,9,264,20,3,23,287
08/30/2000,LFT,LA,ASW,CE,Towers with Radar,2,76,33,0,111,0,57,71,1,129,2,133,104,1,240,14,0,14,254
08/31/2000,LFT,LA,ASW,CE,Towers with Radar,1,83,51,1,136,0,59,64,3,126,1,142,115,4,262,46,2,48,310
09/01/2000,LFT,LA,ASW,CE,Towers with Radar,8,67,67,10,152,0,40,50,0,90,8,107,117,10,242,66,0,66,308
09/02/2000,LFT,LA,ASW,CE,Towers with Radar,5,48,23,0,76,0,44,63,0,107,5,92,86,0,183,10,0,10,193
09/03/2000,LFT,LA,ASW,CE,Towers with Radar,0,46,23,0,69,0,24,38,0,62,0,70,61,0,131,44,0,44,175
09/04/2000,LFT,LA,ASW,CE,Towers with Radar,0,55,32,0,87,0,15,52,0,67,0,70,84,0,154,28,0,28,182
09/05/2000,LFT,LA,ASW,CE,Towers with Radar,0,70,57,0,127,0,55,87,2,144,0,125,144,2,271,32,0,32,303
09/06/2000,LFT,LA,ASW,CE,Towers with Radar,2,67,32,5,106,0,33,66,4,103,2,100,98,9,209,22,12,34,243
09/07/2000,LFT,LA,ASW,CE,Towers with Radar,1,65,45,1,112,0,54,23,3,80,1,119,68,4,192,22,0,22,214
09/08/2000,LFT,LA,ASW,CE,Towers with Radar,2,69,48,0,119,3,17,8,0,28,5,86,56,0,147,0,0,0,147
09/09/2000,LFT,LA,ASW,CE,Towers with Radar,1,39,27,0,67,3,13,30,0,46,4,52,57,0,113,14,0,14,127
09/10/2000,LFT,LA,ASW,CE,Towers with Radar,0,54,26,0,80,0,15,40,0,55,0,69,66,0,135,28,0,28,163
09/11/2000,LFT,LA,ASW,CE,Towers with Radar,0,56,59,2,117,0,65,32,0,97,0,121,91,2,214,60,0,60,274
09/12/2000,LFT,LA,ASW,CE,Towers with Radar,1,55,46,0,102,0,91,44,0,135,1,146,90,0,237,50,0,50,287
09/13/2000,LFT,LA,ASW,CE,Towers with Radar,3,63,63,0,129,0,23,23,0,46,3,86,86,0,175,20,0,20,195
09/14/2000,LFT,LA,ASW,CE,Towers with Radar,2,58,86,2,148,0,66,72,0,138,2,124,158,2,286,134,0,134,420
09/15/2000,LFT,LA,ASW,CE,Towers with Radar,3,60,46,2,111,0,46,85,0,131,3,106,131,2,242,58,2,60,302
09/16/2000,LFT,LA,ASW,CE,Towers with Radar,2,51,19,0,72,0,49,78,0,127,2,100,97,0,199,78,0,78,277
09/17/2000,LFT,LA,ASW,CE,Towers with Radar,0,46,21,4,71,0,37,89,0,126,0,83,110,4,197,78,0,78,275
09/18/2000,LFT,LA,ASW,CE,Towers with Radar,0,47,41,3,91,0,53,73,0,126,0,100,114,3,217,104,0,104,321
09/19/2000,LFT,LA,ASW,CE,Towers with Radar,4,67,45,0,116,0,43,73,0,116,4,110,118,0,232,22,0,22,254
09/20/2000,LFT,LA,ASW,CE,Towers with Radar,2,57,43,1,103,0,75,50,0,125,2,132,93,1,228,68,0,68,296
09/21/2000,LFT,LA,ASW,CE,Towers with Radar,2,58,42,1,103,0,42,34,0,76,2,100,76,1,179,26,0,26,205
09/22/2000,LFT,LA,ASW,CE,Towers with Radar,0,62,41,5,108,0,59,18,0,77,0,121,59,5,185,62,6,68,253
09/23/2000,LFT,LA,ASW,CE,Towers with Radar,2,55,18,3,78,0,36,41,0,77,2,91,59,3,155,30,6,36,191
09/24/2000,LFT,LA,ASW,CE,Towers with Radar,0,55,41,4,100,0,42,59,0,101,0,97,100,4,201,12,4,16,217
09/25/2000,LFT,LA,ASW,CE,Towers with Radar,0,60,24,0,84,0,65,34,2,101,0,125,58,2,185,24,0,24,209
09/26/2000,LFT,LA,ASW,CE,Towers with Radar,3,51,51,0,105,0,78,63,5,146,3,129,114,5,251,56,0,56,307
09/27/2000,LFT,LA,ASW,CE,Towers with Radar,3,62,37,3,105,0,77,90,2,169,3,139,127,5,274,55,2,57,331
09/28/2000,LFT,LA,ASW,CE,Towers with Radar,2,62,38,1,103,0,50,96,0,146,2,112,134,1,249,78,2,80,329
09/29/2000,LFT,LA,ASW,CE,Towers with Radar,4,62,45,9,120,0,44,123,0,167,4,106,168,9,287,150,56,206,493
09/30/2000,LFT,LA,ASW,CE,Towers with Radar,4,52,18,0,74,0,46,85,0,131,4,98,103,0,205,130,6,136,341
10/01/2000,LFT,LA,ASW,CE,Towers with Radar,0,47,20,4,71,0,99,67,0,166,0,146,87,4,237,214,16,230,467
10/02/2000,LFT,LA,ASW,CE,Towers with Radar,0,56,53,7,116,0,64,108,0,172,0,120,161,7,288,12,2,14,302
10/03/2000,LFT,LA,ASW,CE,Towers with Radar,4,66,44,0,114,0,51,85,0,136,4,117,129,0,250,32,0,32,282
10/04/2000,LFT,LA,ASW,CE,Towers with Radar,2,75,72,6,155,0,49,71,1,121,2,124,143,7,276,20,14,34,310
10/05/2000,LFT,LA,ASW,CE,Towers with Radar,10,79,73,0,162,0,42,47,0,89,10,121,120,0,251,14,0,14,265
10/06/2000,LFT,LA,ASW,CE,Towers with Radar,2,69,35,0,106,0,10,5,0,15,2,79,40,0,121,6,0,6,127
10/07/2000,LFT,LA,ASW,CE,Towers with Radar,3,53,26,0,82,0,37,41,0,78,3,90,67,0,160,10,0,10,170
10/08/2000,LFT,LA,ASW,CE,Towers with Radar,0,44,20,0,64,0,35,36,0,71,0,79,56,0,135,24,0,24,159
10/09/2000,LFT,LA,ASW,CE,Towers with Radar,0,58,33,0,91,0,35,48,0,83,0,93,81,0,174,0,0,0,174
10/10/2000,LFT,LA,ASW,CE,Towers with Radar,3,67,41,0,111,0,54,66,0,120,3,121,107,0,231,18,0,18,249
10/11/2000,LFT,LA,ASW,CE,Towers with Radar,3,79,46,0,128,0,89,114,0,203,3,168,160,0,331,39,0,39,370
10/12/2000,LFT,LA,ASW,CE,Towers with Radar,1,61,40,0,102,0,51,70,0,121,1,112,110,0,223,38,0,38,261
10/13/2000,LFT,LA,ASW,CE,Towers with Radar,2,66,32,1,101,0,59,70,1,130,2,125,102,2,231,38,2,40,271
10/14/2000,LFT,LA,ASW,CE,Towers with Radar,3,51,14,0,68,0,31,76,0,107,3,82,90,0,175,58,0,58,233
10/15/2000,LFT,LA,ASW,CE,Towers with Radar,0,51,33,0,84,0,30,64,0,94,0,81,97,0,178,68,0,68,246
10/16/2000,LFT,LA,ASW,CE,Towers with Radar,0,50,39,1,90,0,46,44,3,93,0,96,83,4,183,22,0,22,205
10/17/2000,LFT,LA,ASW,CE,Towers with Radar,0,71,37,1,109,0,61,70,1,132,0,132,107,2,241,8,0,8,249
10/18/2000,LFT,LA,ASW,CE,Towers with Radar,2,72,56,8,138,0,58,68,0,126,2,130,124,8,264,24,4,28,292
10/19/2000,LFT,LA,ASW,CE,Towers with Radar,2,66,61,0,129,0,53,76,0,129,2,119,137,0,258,34,2,36,294
10/20/2000,LFT,LA,ASW,CE,Towers with Radar,1,59,41,1,102,0,68,104,1,173,1,127,145,2,275,28,6,34,309
10/21/2000,LFT,LA,ASW,CE,Towers with Radar,3,58,20,5,86,0,29,60,0,89,3,87,80,5,175,100,6,106,281
10/22/2000,LFT,LA,ASW,CE,Towers with Radar,2,47,17,0,66,0,14,43,0,57,2,61,60,0,123,24,0,24,147
10/23/2000,LFT,LA,ASW,CE,Towers with Radar,0,61,43,6,110,0,44,54,0,98,0,105,97,6,208,16,4,20,228
10/24/2000,LFT,LA,ASW,CE,Towers with Radar,4,60,43,5,112,0,43,58,1,102,4,103,101,6,214,42,4,46,260
10/25/2000,LFT,LA,ASW,CE,Towers with Radar,1,52,34,1,88,0,56,96,0,152,1,108,130,1,240,48,2,50,290
10/26/2000,LFT,LA,ASW,CE,Towers with Radar,4,64,54,10,132,0,72,85,0,157,4,136,139,10,289,54,6,60,349
10/27/2000,LFT,LA,ASW,CE,Towers with Radar,4,66,47,2,119,0,49,83,0,132,4,115,130,2,251,10,0,10,261
10/28/2000,LFT,LA,ASW,CE,Towers with Radar,2,49,21,4,76,0,29,49,0,78,2,78,70,4,154,62,4,66,220
10/29/2000,LFT,LA,ASW,CE,Towers with Radar,1,55,42,4,102,0,29,59,1,89,1,84,101,5,191,30,0,30,221
10/30/2000,LFT,LA,ASW,CE,Towers with Radar,0,60,47,4,111,0,58,49,0,107,0,118,96,4,218,42,4,46,264
10/31/2000,LFT,LA,ASW,CE,Towers with Radar,3,66,50,2,121,0,68,58,0,126,3,134,108,2,247,32,0,32,279
11/01/2000,LFT,LA,ASW,CE,Towers with Radar,2,58,52,0,112,0,55,55,2,112,2,113,107,2,224,4,2,6,230
11/02/2000,LFT,LA,ASW,CE,Towers with Radar,1,62,52,1,116,0,44,32,2,78,1,106,84,3,194,26,0,26,220
11/03/2000,LFT,LA,ASW,CE,Towers with Radar,2,61,38,3,104,0,45,48,2,95,2,106,86,5,199,72,4,76,275
11/04/2000,LFT,LA,ASW,CE,Towers with Radar,3,53,20,0,76,0,0,0,0,0,3,53,20,0,76,8,0,8,84
11/05/2000,LFT,LA,ASW,CE,Towers with Radar,0,47,25,0,72,0,19,12,0,31,0,66,37,0,103,8,0,8,111
11/06/2000,LFT,LA,ASW,CE,Towers with Radar,1,68,42,0,111,0,28,36,0,64,1,96,78,0,175,4,0,4,179
11/07/2000,LFT,LA,ASW,CE,Towers with Radar,3,60,45,0,108,0,57,58,2,117,3,117,103,2,225,52,0,52,277
11/08/2000,LFT,LA,ASW,CE,Towers with Radar,0,38,55,0,93,0,48,25,0,73,0,86,80,0,166,0,0,0,166
11/09/2000,LFT,LA,ASW,CE,Towers with Radar,2,56,53,0,111,0,41,47,0,88,2,97,100,0,199,104,0,104,303
11/10/2000,LFT,LA,ASW,CE,Towers with Radar,2,68,70,0,140,0,40,84,0,124,2,108,154,0,264,24,0,24,288
11/11/2000,LFT,LA,ASW,CE,Towers with Radar,5,54,37,0,96,0,0,1,0,1,5,54,38,0,97,2,0,2,99
11/12/2000,LFT,LA,ASW,CE,Towers with Radar,0,59,37,2,98,0,33,42,1,76,0,92,79,3,174,42,2,44,218
11/13/2000,LFT,LA,ASW,CE,Towers with Radar,0,60,57,4,121,0,53,44,0,97,0,113,101,4,218,24,0,24,242
11/14/2000,LFT,LA,ASW,CE,Towers with Radar,2,49,41,2,94,0,79,61,2,142,2,128,102,4,236,12,2,14,250
11/15/2000,LFT,LA,ASW,CE,Towers with Radar,2,48,47,0,97,0,75,88,0,163,2,123,135,0,260,28,0,28,288
11/16/2000,LFT,LA,ASW,CE,Towers with Radar,1,69,46,0,116,0,9,10,2,21,1,78,56,2,137,2,0,2,139
11/17/2000,LFT,LA,ASW,CE,Towers with Radar,4,65,49,0,118,0,5,9,4,18,4,70,58,4,136,22,0,22,158
11/18/2000,LFT,LA,ASW,CE,Towers with Radar,2,55,26,0,83,0,3,0,0,3,2,58,26,0,86,0,0,0,86
11/19/2000,LFT,LA,ASW,CE,Towers with Radar,2,43,36,0,81,0,23,17,0,40,2,66,53,0,121,0,0,0,121
11/20/2000,LFT,LA,ASW,CE,Towers with Radar,0,55,35,1,91,0,60,58,1,119,0,115,93,2,210,54,0,54,264
11/21/2000,LFT,LA,ASW,CE,Towers with Radar,3,53,43,5,104,0,46,86,0,132,3,99,129,5,236,66,4,70,306
11/22/2000,LFT,LA,ASW,CE,Towers with Radar,2,52,44,1,99,0,47,75,1,123,2,99,119,2,222,54,0,54,276
11/23/2000,LFT,LA,ASW,CE,Towers with Radar,1,51,7,0,59,0,19,13,0,32,1,70,20,0,91,44,0,44,135
11/24/2000,LFT,LA,ASW,CE,Towers with Radar,3,45,18,0,66,0,25,7,0,32,3,70,25,0,98,18,0,18,116
11/25/2000,LFT,LA,ASW,CE,Towers with Radar,2,56,25,0,83,0,51,79,0,130,2,107,104,0,213,92,0,92,305
11/26/2000,LFT,LA,ASW,CE,Towers with Radar,0,48,30,0,78,0,17,71,0,88,0,65,101,0,166,62,0,62,228
11/27/2000,LFT,LA,ASW,CE,Towers with Radar,0,53,30,0,83,0,82,60,0,142,0,135,90,0,225,98,6,104,329
11/28/2000,LFT,LA,ASW,CE,Towers with Radar,2,53,51,4,110,0,69,64,1,134,2,122,115,5,244,36,0,36,280
11/29/2000,LFT,LA,ASW,CE,Towers with Radar,3,80,60,3,146,0,46,24,0,70,3,126,84,3,216,36,6,42,258
11/30/2000,LFT,LA,ASW,CE,Towers with Radar,1,70,56,0,127,0,51,84,3,138,1,121,140,3,265,20,0,20,285
12/01/2000,LFT,LA,ASW,CE,Towers with Radar,2,52,69,2,125,1,43,45,0,89,3,95,114,2,214,74,0,74,288
12/02/2000,LFT,LA,ASW,CE,Towers with Radar,1,50,28,0,79,0,38,55,0,93,1,88,83,0,172,66,0,66,238
12/03/2000,LFT,LA,ASW,CE,Towers with Radar,0,44,28,1,73,0,27,35,1,63,0,71,63,2,136,32,0,32,168
12/04/2000,LFT,LA,ASW,CE,Towers with Radar,0,58,45,2,105,0,56,60,0,116,0,114,105,2,221,22,2,24,245
12/05/2000,LFT,LA,ASW,CE,Towers with Radar,3,51,35,2,91,1,83,61,0,145,4,134,96,2,236,12,0,12,248
12/06/2000,LFT,LA,ASW,CE,Towers with Radar,2,85,63,0,150,0,67,25,0,92,2,152,88,0,242,12,2,14,256
12/07/2000,LFT,LA,ASW,CE,Towers with Radar,2,73,57,3,135,0,66,55,4,125,2,139,112,7,260,64,8,72,332
12/08/2000,LFT,LA,ASW,CE,Towers with Radar,2,70,53,8,133,0,67,70,2,139,2,137,123,10,272,28,10,38,310
12/09/2000,LFT,LA,ASW,CE,Towers with Radar,3,49,20,2,74,0,49,40,2,91,3,98,60,4,165,60,0,60,225
12/10/2000,LFT,LA,ASW,CE,Towers with Radar,0,62,29,0,91,0,32,26,0,58,0,94,55,0,149,6,6,12,161
12/11/2000,LFT,LA,ASW,CE,Towers with Radar,0,62,27,0,89,0,57,37,0,94,0,119,64,0,183,32,0,32,215
12/12/2000,LFT,LA,ASW,CE,Towers with Radar,4,56,37,2,99,0,33,11,0,44,4,89,48,2,143,18,0,18,161
12/13/2000,LFT,LA,ASW,CE,Towers with Radar,2,65,43,0,110,0,29,5,0,34,2,94,48,0,144,0,0,0,144
12/14/2000,LFT,LA,ASW,CE,Towers with Radar,2,79,76,2,159,0,0,1,0,1,2,79,77,2,160,0,0,0,160
12/15/2000,LFT,LA,ASW,CE,Towers with Radar,4,51,72,4,131,0,1,4,0,5,4,52,76,4,136,0,0,0,136
12/16/2000,LFT,LA,ASW,CE,Towers with Radar,1,52,32,0,85,1,9,0,0,10,2,61,32,0,95,4,0,4,99
12/17/2000,LFT,LA,ASW,CE,Towers with Radar,0,48,21,0,69,0,69,110,0,179,0,117,131,0,248,84,0,84,332
12/18/2000,LFT,LA,ASW,CE,Towers with Radar,2,46,45,0,93,0,62,19,0,81,2,108,64,0,174,0,0,0,174
12/19/2000,LFT,LA,ASW,CE,Towers with Radar,0,62,47,1,110,0,74,46,0,120,0,136,93,1,230,82,2,84,314
12/20/2000,LFT,LA,ASW,CE,Towers with Radar,2,67,38,5,112,0,78,55,0,133,2,145,93,5,245,22,10,32,277
12/21/2000,LFT,LA,ASW,CE,Towers with Radar,3,100,53,0,156,0,1,25,0,26,3,101,78,0,182,40,0,40,222
12/22/2000,LFT,LA,ASW,CE,Towers with Radar,0,61,34,1,96,0,28,70,0,98,0,89,104,1,194,56,0,56,250
12/23/2000,LFT,LA,ASW,CE,Towers with Radar,1,56,30,0,87,0,25,49,0,74,1,81,79,0,161,98,0,98,259
12/24/2000,LFT,LA,ASW,CE,Towers with Radar,0,40,12,0,52,0,21,14,0,35,0,61,26,0,87,52,0,52,139
12/25/2000,LFT,LA,ASW,CE,Towers with Radar,0,32,10,0,42,0,10,6,0,16,0,42,16,0,58,0,0,0,58
12/26/2000,LFT,LA,ASW,CE,Towers with Radar,0,46,25,0,71,0,36,27,0,63,0,82,52,0,134,44,0,44,178
12/27/2000,LFT,LA,ASW,CE,Towers with Radar,3,60,29,0,92,0,1,0,0,1,3,61,29,0,93,0,0,0,93
12/28/2000,LFT,LA,ASW,CE,Towers with Radar,2,81,29,0,112,0,27,16,0,43,2,108,45,0,155,2,0,2,157
12/29/2000,LFT,LA,ASW,CE,Towers with Radar,0,48,30,0,78,0,51,68,0,119,0,99,98,0,197,100,0,100,297
12/30/2000,LFT,LA,ASW,CE,Towers with Radar,4,37,13,0,54,0,50,71,0,121,4,87,84,0,175,44,0,44,219
12/31/2000,LFT,LA,ASW,CE,Towers with Radar,0,41,9,0,50,0,18,27,0,45,0,59,36,0,95,76,0,76,171
01/01/2001,LFT,LA,ASW,CE,Towers with Radar,0,37,5,0,42,0,11,29,0,40,0,48,34,0,82,10,0,10,92
01/02/2001,LFT,LA,ASW,CE,Towers with Radar,1,50,19,0,70,0,30,46,0,76,1,80,65,0,146,70,0,70,216
01/03/2001,LFT,LA,ASW,CE,Towers with Radar,2,61,38,1,102,0,29,48,2,79,2,90,86,3,181,32,0,32,213
01/04/2001,LFT,LA,ASW,CE,Towers with Radar,2,53,33,0,88,0,54,58,0,112,2,107,91,0,200,40,0,40,240
01/05/2001,LFT,LA,ASW,CE,Towers with Radar,2,53,36,0,91,0,46,89,0,135,2,99,125,0,226,64,0,64,290
01/06/2001,LFT,LA,ASW,CE,Towers with Radar,2,46,14,0,62,0,25,78,0,103,2,71,92,0,165,22,0,22,187
01/07/2001,LFT,LA,ASW,CE,Towers with Radar,0,44,20,0,64,0,123,13,0,136,0,167,33,0,200,42,0,42,242
01/08/2001,LFT,LA,ASW,CE,Towers with Radar,0,55,31,2,88,0,69,63,0,132,0,124,94,2,220,34,0,34,254
01/09/2001,LFT,LA,ASW,CE,Towers with Radar,0,69,41,1,111,0,60,110,0,170,0,129,151,1,281,20,0,20,301
01/10/2001,LFT,LA,ASW,CE,Towers with Radar,3,64,53,4,124,0,77,33,0,110,3,141,86,4,234,12,6,18,252
01/11/2001,LFT,LA,ASW,CE,Towers with Radar,2,86,59,2,149,0,27,9,0,36,2,113,68,2,185,10,4,14,199
01/12/2001,LFT,LA,ASW,CE,Towers with Radar,2,56,30,4,92,0,43,11,0,54,2,99,41,4,146,10,2,12,158
01/13/2001,LFT,LA,ASW,CE,Towers with Radar,3,79,13,0,95,0,24,31,0,55,3,103,44,0,150,55,0,55,205
01/14/2001,LFT,LA,ASW,CE,Towers with Radar,0,52,25,2,79,0,24,16,0,40,0,76,41,2,119,0,0,0,119
01/15/2001,LFT,LA,ASW,CE,Towers with Radar,0,51,29,2,82,0,42,34,0,76,0,93,63,2,158,20,0,20,178
01/16/2001,LFT,LA,ASW,CE,Towers with Radar,4,48,35,2,89,0,1,0,0,1,4,49,35,2,90,0,0,0,90
01/17/2001,LFT,LA,ASW,CE,Towers with Radar,2,38,27,0,67,0,0,0,0,0,2,38,27,0,67,0,0,0,67
01/18/2001,LFT,LA,ASW,CE,Towers with Radar,3,29,28,1,61,0,0,0,0,0,3,29,28,1,61,0,0,0,61
01/19/2001,LFT,LA,ASW,CE,Towers with Radar,6,54,42,13,115,0,23,5,0,28,6,77,47,13,143,0,4,4,147
01/20/2001,LFT,LA,ASW,CE,Towers with Radar,3,49,22,5,79,0,86,98,0,184,3,135,120,5,263,88,6,94,357
01/21/2001,LFT,LA,ASW,CE,Towers with Radar,1,53,33,8,95,0,68,77,2,147,1,121,110,10,242,102,16,118,360
01/22/2001,LFT,LA,ASW,CE,Towers with Radar,1,59,42,6,108,0,90,87,0,177,1,149,129,6,285,62,2,64,349
01/23/2001,LFT,LA,ASW,CE,Towers with Radar,4,87,47,8,146,0,83,79,0,162,4,170,126,8,308,70,0,70,378
01/24/2001,LFT,LA,ASW,CE,Towers with Radar,2,64,49,3,118,0,126,67,0,193,2,190,116,3,311,34,6,40,351
01/25/2001,LFT,LA,ASW,CE,Towers with Radar,2,56,52,0,110,0,112,72,0,184,2,168,124,0,294,74,0,74,368
01/26/2001,LFT,LA,ASW,CE,Towers with Radar,3,44,34,1,82,0,42,50,0,92,3,86,84,1,174,44,0,44,218
01/27/2001,LFT,LA,ASW,CE,Towers with Radar,3,73,11,2,89,0,67,33,0,100,3,140,44,2,189,50,0,50,239
01/28/2001,LFT,LA,ASW,CE,Towers with Radar,0,51,20,2,73,0,36,11,0,47,0,87,31,2,120,18,0,18,138
01/29/2001,LFT,LA,ASW,CE,Towers with Radar,0,40,30,0,70,0,7,5,0,12,0,47,35,0,82,12,0,12,94
01/30/2001,LFT,LA,ASW,CE,Towers with Radar,3,61,44,5,113,0,77,60,0,137,3,138,104,5,250,32,2,34,284
01/31/2001,LFT,LA,ASW,CE,Towers with Radar,3,58,41,4,106,0,50,87,3,140,3,108,128,7,246,22,4,26,272
02/01/2001,LFT,LA,ASW,CE,Towers with Radar,1,59,41,0,101,1,3,58,0,62,2,62,99,0,163,6,1,7,170
02/02/2001,LFT,LA,ASW,CE,Towers with Radar,2,62,45,3,112,0,65,59,3,127,2,127,104,6,239,72,0,72,311
02/03/2001,LFT,LA,ASW,CE,Towers with Radar,3,55,18,0,76,0,31,87,0,118,3,86,105,0,194,82,0,82,276
02/04/2001,LFT,LA,ASW,CE,Towers with Radar,0,46,20,0,66,0,35,60,1,96,0,81,80,1,162,62,0,62,224
02/05/2001,LFT,LA,ASW,CE,Towers with Radar,0,58,21,0,79,0,59,94,1,154,0,117,115,1,233,4,0,4,237
02/06/2001,LFT,LA,ASW,CE,Towers with Radar,4,53,63,5,125,0,70,78,0,148,4,123,141,5,273,38,6,44,317
02/07/2001,LFT,LA,ASW,CE,Towers with Radar,1,56,57,0,114,0,83,49,0,132,1,139,106,0,246,98,0,98,344
02/08/2001,LFT,LA,ASW,CE,Towers with Radar,0,66,54,0,120,0,46,44,0,90,0,112,98,0,210,23,0,23,233
02/09/2001,LFT,LA,ASW,CE,Towers with Radar,3,61,39,1,104,0,17,9,0,26,3,78,48,1,130,2,0,2,132
02/10/2001,LFT,LA,ASW,CE,Towers with Radar,2,55,28,7,92,0,36,51,2,89,2,91,79,9,181,16,8,24,205
02/11/2001,LFT,LA,ASW,CE,Towers with Radar,0,43,25,3,71,0,44,59,0,103,0,87,84,3,174,26,6,32,206
02/12/2001,LFT,LA,ASW,CE,Towers with Radar,0,49,35,2,86,0,46,21,2,69,0,95,56,4,155,0,0,0,155
02/13/2001,LFT,LA,ASW,CE,Towers with Radar,6,55,48,7,116,0,30,10,0,40,6,85,58,7,156,2,0,2,158
02/14/2001,LFT,LA,ASW,CE,Towers with Radar,4,55,52,0,111,0,20,14,0,34,4,75,66,0,145,0,0,0,145
02/15/2001,LFT,LA,ASW,CE,Towers with Radar,2,55,56,0,113,0,20,24,0,44,2,75,80,0,157,2,0,2,159
02/16/2001,LFT,LA,ASW,CE,Towers with Radar,2,50,34,0,86,0,21,3,0,24,2,71,37,0,110,0,0,0,110
02/17/2001,LFT,LA,ASW,CE,Towers with Radar,3,49,12,0,64,0,20,1,0,21,3,69,13,0,85,2,0,2,87
02/18/2001,LFT,LA,ASW,CE,Towers with Radar,0,48,18,0,66,0,39,99,0,138,0,87,117,0,204,6,0,6,210
02/19/2001,LFT,LA,ASW,CE,Towers with Radar,0,51,34,0,85,0,79,84,0,163,0,130,118,0,248,10,0,10,258
02/20/2001,LFT,LA,ASW,CE,Towers with Radar,2,63,43,0,108,1,78,61,0,140,3,141,104,0,248,4,0,4,252
02/21/2001,LFT,LA,ASW,CE,Towers with Radar,3,67,46,1,117,0,36,33,0,69,3,103,79,1,186,2,0,2,188
02/22/2001,LFT,LA,ASW,CE,Towers with Radar,1,65,50,0,116,0,21,6,0,27,1,86,56,0,143,0,0,0,143
02/23/2001,LFT,LA,ASW,CE,Towers with Radar,1,48,64,4,117,0,50,30,0,80,1,98,94,4,197,24,6,30,227
02/24/2001,LFT,LA,ASW,CE,Towers with Radar,3,55,10,0,68,0,38,9,0,47,3,93,19,0,115,0,0,0,115
02/25/2001,LFT,LA,ASW,CE,Towers with Radar,0,47,26,1,74,0,32,43,0,75,0,79,69,1,149,4,0,4,153
02/26/2001,LFT,LA,ASW,CE,Towers with Radar,0,40,39,0,79,0,34,4,0,38,0,74,43,0,117,0,0,0,117
02/27/2001,LFT,LA,ASW,CE,Towers with Radar,4,54,22,0,80,0,21,12,0,33,4,75,34,0,113,0,0,0,113
02/28/2001,LFT,LA,ASW,CE,Towers with Radar,2,53,29,0,84,0,28,1,0,29,2,81,30,0,113,0,0,0,113
03/01/2001,LFT,LA,ASW,CE,Towers with Radar,2,61,34,0,97,0,1,0,0,1,2,62,34,0,98,0,0,0,98
03/02/2001,LFT,LA,ASW,CE,Towers with Radar,4,51,17,0,72,0,5,2,0,7,4,56,19,0,79,22,0,22,101
03/03/2001,LFT,LA,ASW,CE,Towers with Radar,3,51,8,2,64,0,11,0,1,12,3,62,8,3,76,0,0,0,76
03/04/2001,LFT,LA,ASW,CE,Towers with Radar,0,61,11,2,74,0,68,84,0,152,0,129,95,2,226,0,2,2,228
03/05/2001,LFT,LA,ASW,CE,Towers with Radar,0,64,43,3,110,0,80,111,0,191,0,144,154,3,301,0,0,0,301
03/06/2001,LFT,LA,ASW,CE,Towers with Radar,2,71,43,4,120,0,72,96,0,168,2,143,139,4,288,0,0,0,288
03/07/2001,LFT,LA,ASW,CE,Towers with Radar,2,50,58,0,110,0,62,81,0,143,2,112,139,0,253,0,2,2,255
03/08/2001,LFT,LA,ASW,CE,Towers with Radar,2,57,32,2,93,3,47,73,3,126,5,104,105,5,219,18,0,18,237
03/09/2001,LFT,LA,ASW,CE,Towers with Radar,3,55,31,6,95,0,67,22,1,90,3,122,53,7,185,0,0,0,185
03/10/2001,LFT,LA,ASW,CE,Towers with Radar,3,53,15,6,77,0,20,81,0,101,3,73,96,6,178,28,0,28,206
03/11/2001,LFT,LA,ASW,CE,Towers with Radar,0,41,11,0,52,0,44,40,0,84,0,85,51,0,136,0,0,0,136
03/12/2001,LFT,LA,ASW,CE,Towers with Radar,0,43,32,0,75,0,31,15,0,46,0,74,47,0,121,0,0,0,121
03/13/2001,LFT,LA,ASW,CE,Towers with Radar,3,55,30,0,88,0,79,82,1,162,3,134,112,1,250,0,0,0,250
03/14/2001,LFT,LA,ASW,CE,Towers with Radar,10,52,43,0,105,0,58,20,0,78,10,110,63,0,183,0,0,0,183
03/15/2001,LFT,LA,ASW,CE,Towers with Radar,5,71,23,3,102,0,59,45,2,106,5,130,68,5,208,18,2,20,228
03/16/2001,LFT,LA,ASW,CE,Towers with Radar,2,52,42,1,97,0,52,111,0,163,2,104,153,1,260,0,0,0,260
03/17/2001,LFT,LA,ASW,CE,Towers with Radar,2,50,17,0,69,0,14,46,0,60,2,64,63,0,129,6,0,6,135
03/18/2001,LFT,LA,ASW,CE,Towers with Radar,0,47,16,0,63,0,33,51,0,84,0,80,67,0,147,54,0,54,201
03/19/2001,LFT,LA,ASW,CE,Towers with Radar,0,56,37,4,97,0,51,35,0,86,0,107,72,4,183,18,4,22,205
03/20/2001,LFT,LA,ASW,CE,Towers with Radar,0,66,38,1,105,0,107,33,0,140,0,173,71,1,245,34,0,34,279
03/21/2001,LFT,LA,ASW,CE,Towers with Radar,3,70,41,2,116,0,82,114,0,196,3,152,155,2,312,32,8,40,352
03/22/2001,LFT,LA,ASW,CE,Towers with Radar,2,62,46,6,116,0,74,72,0,146,2,136,118,6,262,38,0,38,300
03/23/2001,LFT,LA,ASW,CE,Towers with Radar,3,58,53,3,117,0,40,57,0,97,3,98,110,3,214,36,6,42,256
03/24/2001,LFT,LA,ASW,CE,Towers with Radar,2,54,27,4,87,0,29,56,0,85,2,83,83,4,172,26,0,26,198
03/25/2001,LFT,LA,ASW,CE,Towers with Radar,0,52,29,0,81,0,11,40,0,51,0,63,69,0,132,28,0,28,160
03/26/2001,LFT,LA,ASW,CE,Towers with Radar,0,67,47,4,118,0,42,61,0,103,0,109,108,4,221,16,0,16,237
03/27/2001,LFT,LA,ASW,CE,Towers with Radar,6,49,35,3,93,0,61,41,0,102,6,110,76,3,195,84,2,86,281
03/28/2001,LFT,LA,ASW,CE,Towers with Radar,2,72,30,0,104,0,21,0,0,21,2,93,30,0,125,0,0,0,125
03/29/2001,LFT,LA,ASW,CE,Towers with Radar,2,68,41,2,113,0,18,15,11,44,2,86,56,13,157,12,0,12,169
03/30/2001,LFT,LA,ASW,CE,Towers with Radar,3,56,44,0,103,0,43,60,0,103,3,99,104,0,206,22,0,22,228
03/31/2001,LFT,LA,ASW,CE,Towers with Radar,4,54,23,0,81,0,33,83,0,116,4,87,106,0,197,2,0,2,199
04/01/2001,LFT,LA,ASW,CE,Towers with Radar,2,49,18,0,69,0,38,63,0,101,2,87,81,0,170,52,0,52,222
04/02/2001,LFT,LA,ASW,CE,Towers with Radar,0,59,48,12,119,0,70,46,0,116,0,129,94,12,235,26,0,26,261
04/03/2001,LFT,LA,ASW,CE,Towers with Radar,0,73,55,4,132,0,60,45,0,105,0,133,100,4,237,0,0,0,237
04/04/2001,LFT,LA,ASW,CE,Towers with Radar,3,51,66,0,120,0,67,36,0,103,3,118,102,0,223,32,0,32,255
04/05/2001,LFT,LA,ASW,CE,Towers with Radar,4,66,66,3,139,0,46,59,1,106,4,112,125,4,245,38,0,38,283
04/06/2001,LFT,LA,ASW,CE,Towers with Radar,2,58,53,0,113,0,28,54,0,82,2,86,107,0,195,6,0,6,201
04/07/2001,LFT,LA,ASW,CE,Towers with Radar,2,52,25,3,82,0,42,44,0,86,2,94,69,3,168,32,2,34,202
04/08/2001,LFT,LA,ASW,CE,Towers with Radar,0,53,35,4,92,0,18,43,0,61,0,71,78,4,153,2,4,6,159
04/09/2001,LFT,LA,ASW,CE,Towers with Radar,0,59,45,1,105,0,57,43,0,100,0,116,88,1,205,22,0,22,227
04/10/2001,LFT,LA,ASW,CE,Towers with Radar,3,58,49,12,122,0,66,72,0,138,3,124,121,12,260,54,6,60,320
04/11/2001,LFT,LA,ASW,CE,Towers with Radar,2,59,56,1,118,0,61,25,0,86,2,120,81,1,204,2,0,2,206
04/12/2001,LFT,LA,ASW,CE,Towers with Radar,2,63,69,1,135,0,57,31,1,89,2,120,100,2,224,0,2,2,226
04/13/2001,LFT,LA,ASW,CE,Towers with Radar,1,55,26,6,88,0,41,43,0,84,1,96,69,6,172,74,6,80,252
04/14/2001,LFT,LA,ASW,CE,Towers with Radar,3,50,13,2,68,1,23,32,0,56,4,73,45,2,124,20,4,24,148
04/15/2001,LFT,LA,ASW,CE,Towers with Radar,2,47,13,0,62,0,28,27,0,55,2,75,40,0,117,0,0,0,117
04/16/2001,LFT,LA,ASW,CE,Towers with Radar,6,48,36,0,90,0,49,73,1,123,6,97,109,1,213,16,8,24,237
04/17/2001,LFT,LA,ASW,CE,Towers with Radar,4,51,40,1,96,0,60,67,2,129,4,111,107,3,225,10,2,12,237
04/18/2001,LFT,LA,ASW,CE,Towers with Radar,6,58,42,3,109,0,55,80,3,138,6,113,122,6,247,18,6,24,271
04/19/2001,LFT,LA,ASW,CE,Towers with Radar,2,65,60,5,132,0,74,91,0,165,2,139,151,5,297,22,2,24,321
04/20/2001,LFT,LA,ASW,CE,Towers with Radar,4,64,48,2,118,0,63,57,0,120,4,127,105,2,238,38,4,42,280
04/21/2001,LFT,LA,ASW,CE,Towers with Radar,4,56,22,0,82,0,22,29,0,51,4,78,51,0,133,26,0,26,159
04/22/2001,LFT,LA,ASW,CE,Towers with Radar,0,47,34,0,81,0,22,33,0,55,0,69,67,0,136,52,0,52,188
04/23/2001,LFT,LA,ASW,CE,Towers with Radar,0,63,37,4,104,0,75,64,0,139,0,138,101,4,243,46,0,46,289
04/24/2001,LFT,LA,ASW,CE,Towers with Radar,3,53,37,0,93,0,19,11,0,30,3,72,48,0,123,0,0,0,123
04/25/2001,LFT,LA,ASW,CE,Towers with Radar,2,64,42,1,109,0,74,126,0,200,2,138,168,1,309,38,0,38,347
04/26/2001,LFT,LA,ASW,CE,Towers with Radar,4,60,63,1,128,0,65,87,0,152,4,125,150,1,280,28,4,32,312
04/27/2001,LFT,LA,ASW,CE,Towers with Radar,2,66,44,2,114,0,53,98,5,156,2,119,142,7,270,4,0,4,274
04/28/2001,LFT,LA,ASW,CE,Towers with Radar,2,55,31,2,90,0,36,84,0,120,2,91,115,2,210,36,0,36,246
04/29/2001,LFT,LA,ASW,CE,Towers with Radar,2,49,20,4,75,0,22,78,0,100,2,71,98,4,175,46,0,46,221
04/30/2001,LFT,LA,ASW,CE,Towers with Radar,0,66,49,0,115,0,45,97,0,142,0,111,146,0,257,20,0,20,277
05/01/2001,LFT,LA,ASW,CE,Towers with Radar,0,89,117,0,206,1,30,74,0,105,1,119,191,0,311,6,0,6,317
05/02/2001,LFT,LA,ASW,CE,Towers with Radar,3,62,55,0,120,0,47,71,0,118,3,109,126,0,238,2,0,2,240
05/03/2001,LFT,LA,ASW,CE,Towers with Radar,2,69,51,0,122,0,46,77,0,123,2,115,128,0,245,10,0,10,255
05/04/2001,LFT,LA,ASW,CE,Towers with Radar,2,70,36,0,108,0,39,57,1,97,2,109,93,1,205,24,0,24,229
05/05/2001,LFT,LA,ASW,CE,Towers with Radar,1,57,27,0,85,0,32,59,0,91,1,89,86,0,176,2,0,2,178
05/06/2001,LFT,LA,ASW,CE,Towers with Radar,0,44,25,2,71,0,33,49,0,82,0,77,74,2,153,8,2,10,163
05/07/2001,LFT,LA,ASW,CE,Towers with Radar,0,57,35,2,94,0,61,72,0,133,0,118,107,2,227,0,0,0,227
05/08/2001,LFT,LA,ASW,CE,Towers with Radar,2,69,50,0,121,0,61,79,0,140,2,130,129,0,261,58,2,60,321
05/09/2001,LFT,LA,ASW,CE,Towers with Radar,4,58,55,6,123,0,43,57,1,101,4,101,112,7,224,2,4,6,230
05/10/2001,LFT,LA,ASW,CE,Towers with Radar,2,62,60,6,130,0,35,71,0,106,2,97,131,6,236,12,6,18,254
05/11/2001,LFT,LA,ASW,CE,Towers with Radar,1,60,53,0,114,0,42,55,1,98,1,102,108,1,212,16,0,16,228
05/12/2001,LFT,LA,ASW,CE,Towers with Radar,5,48,38,0,91,0,26,37,0,63,5,74,75,0,154,8,0,8,162
05/13/2001,LFT,LA,ASW,CE,Towers with Radar,0,48,39,0,87,0,22,60,0,82,0,70,99,0,169,34,0,34,203
05/14/2001,LFT,LA,ASW,CE,Towers with Radar,0,57,35,2,94,0,47,77,1,125,0,104,112,3,219,30,0,30,249
05/15/2001,LFT,LA,ASW,CE,Towers with Radar,3,63,60,0,126,0,49,86,1,136,3,112,146,1,262,64,0,64,326
05/16/2001,LFT,LA,ASW,CE,Towers with Radar,3,61,47,1,112,0,72,75,0,147,3,133,122,1,259,36,2,38,297
05/17/2001,LFT,LA,ASW,CE,Towers with Radar,2,59,56,1,118,0,70,107,0,177,2,129,163,1,295,14,2,16,311
05/18/2001,LFT,LA,ASW,CE,Towers with Radar,1,53,46,0,100,0,40,46,0,86,1,93,92,0,186,44,0,44,230
05/19/2001,LFT,LA,ASW,CE,Towers with Radar,3,57,20,8,88,0,65,33,0,98,3,122,53,8,186,24,0,24,210
05/20/2001,LFT,LA,ASW,CE,Towers with Radar,0,48,31,0,79,0,40,42,0,82,0,88,73,0,161,16,0,16,177
05/21/2001,LFT,LA,ASW,CE,Towers with Radar,0,66,42,4,112,0,62,41,0,103,0,128,83,4,215,12,10,22,237
05/22/2001,LFT,LA,ASW,CE,Towers with Radar,3,63,36,4,106,0,40,91,0,131,3,103,127,4,237,6,0,6,243
05/23/2001,LFT,LA,ASW,CE,Towers with Radar,3,64,38,8,113,0,39,71,0,110,3,103,109,8,223,60,14,74,297
05/24/2001,LFT,LA,ASW,CE,Towers with Radar,1,59,44,0,104,0,99,98,1,198,1,158,142,1,302,6,0,6,308
05/25/2001,LFT,LA,ASW,CE,Towers with Radar,3,56,39,6,104,0,60,55,0,115,3,116,94,6,219,30,2,32,251
05/26/2001,LFT,LA,ASW,CE,Towers with Radar,15,52,12,4,83,0,38,31,0,69,15,90,43,4,152,18,4,22,174
05/27/2001,LFT,LA,ASW,CE,Towers with Radar,0,49,23,0,72,0,32,33,0,65,0,81,56,0,137,34,0,34,171
05/28/2001,LFT,LA,ASW,CE,Towers with Radar,0,53,22,0,75,0,28,40,0,68,0,81,62,0,143,8,0,8,151
05/29/2001,LFT,LA,ASW,CE,Towers with Radar,0,59,48,2,109,0,55,74,0,129,0,114,122,2,238,22,2,24,262
05/30/2001,LFT,LA,ASW,CE,Towers with Radar,4,64,76,3,147,0,66,72,0,138,4,130,148,3,285,64,6,70,355
05/31/2001,LFT,LA,ASW,CE,Towers with Radar,2,52,24,0,78,0,50,25,0,75,2,102,49,0,153,14,0,14,167
06/01/2001,LFT,LA,ASW,CE,Towers with Radar,0,76,39,0,115,0,34,71,0,105,0,110,110,0,220,8,2,10,230
06/02/2001,LFT,LA,ASW,CE,Towers with Radar,1,46,11,0,58,0,15,44,0,59,1,61,55,0,117,32,0,32,149
06/03/2001,LFT,LA,ASW,CE,Towers with Radar,0,46,15,0,61,0,26,34,0,60,0,72,49,0,121,8,6,14,135
06/04/2001,LFT,LA,ASW,CE,Towers with Radar,0,53,19,0,72,0,41,27,0,68,0,94,46,0,140,62,0,62,202
06/05/2001,LFT,LA,ASW,CE,Towers with Radar,1,45,24,0,70,2,21,6,0,29,3,66,30,0,99,16,0,16,115
06/06/2001,LFT,LA,ASW,CE,Towers with Radar,2,58,26,0,86,0,6,0,1,7,2,64,26,1,93,0,0,0,93
06/07/2001,LFT,LA,ASW,CE,Towers with Radar,3,68,27,0,98,0,28,3,0,31,3,96,30,0,129,0,0,0,129
06/08/2001,LFT,LA,ASW,CE,Towers with Radar,7,59,28,2,96,0,24,3,0,27,7,83,31,2,123,0,0,0,123
06/09/2001,LFT,LA,ASW,CE,Towers with Radar,9,48,5,0,62,0,28,1,0,29,9,76,6,0,91,0,0,0,91
06/10/2001,LFT,LA,ASW,CE,Towers with Radar,0,41,19,0,60,0,30,3,0,33,0,71,22,0,93,22,0,22,115
06/11/2001,LFT,LA,ASW,CE,Towers with Radar,0,55,36,0,91,0,101,45,0,146,0,156,81,0,237,20,2,22,259
06/12/2001,LFT,LA,ASW,CE,Towers with Radar,4,67,55,0,126,0,68,79,0,147,4,135,134,0,273,70,2,72,345
06/13/2001,LFT,LA,ASW,CE,Towers with Radar,2,61,39,1,103,0,53,54,0,107,2,114,93,1,210,34,0,34,244
06/14/2001,LFT,LA,ASW,CE,Towers with Radar,2,62,55,7,126,0,56,62,0,118,2,118,117,7,244,0,2,2,246
06/15/2001,LFT,LA,ASW,CE,Towers with Radar,2,71,48,2,123,0,52,66,0,118,2,123,114,2,241,10,6,16,257
06/16/2001,LFT,LA,ASW,CE,Towers with Radar,2,51,13,4,70,0,25,59,0,84,2,76,72,4,154,26,6,32,186
06/17/2001,LFT,LA,ASW,CE,Towers with Radar,0,43,11,2,56,0,22,69,0,91,0,65,80,2,147,46,4,50,197
06/18/2001,LFT,LA,ASW,CE,Towers with Radar,0,61,34,3,98,0,56,88,0,144,0,117,122,3,242,16,4,20,262
06/19/2001,LFT,LA,ASW,CE,Towers with Radar,3,49,38,1,91,0,88,43,1,132,3,137,81,2,223,94,0,94,317
06/20/2001,LFT,LA,ASW,CE,Towers with Radar,3,68,33,0,104,0,24,65,0,89,3,92,98,0,193,28,0,28,221
06/21/2001,LFT,LA,ASW,CE,Towers with Radar,2,57,46,0,105,0,93,59,0,152,2,150,105,0,257,60,0,60,317
06/22/2001,LFT,LA,ASW,CE,Towers with Radar,1,53,40,0,94,0,52,74,0,126,1,105,114,0,220,20,0,20,240
06/23/2001,LFT,LA,ASW,CE,Towers with Radar,2,59,15,0,76,0,38,76,0,114,2,97,91,0,190,28,0,28,218
06/24/2001,LFT,LA,ASW,CE,Towers with Radar,0,44,21,0,65,0,53,58,0,111,0,97,79,0,176,28,0,28,204
06/25/2001,LFT,LA,ASW,CE,Towers with Radar,2,84,8,2,96,0,59,63,0,122,2,143,71,2,218,14,0,14,232
06/26/2001,LFT,LA,ASW,CE,Towers with Radar,5,74,45,0,124,0,52,75,0,127,5,126,120,0,251,58,0,58,309
06/27/2001,LFT,LA,ASW,CE,Towers with Radar,3,67,45,0,115,0,40,41,0,81,3,107,86,0,196,60,0,60,256
06/28/2001,LFT,LA,ASW,CE,Towers with Radar,6,72,34,3,115,0,45,50,0,95,6,117,84,3,210,0,4,4,214
06/29/2001,LFT,LA,ASW,CE,Towers with Radar,4,66,37,2,109,0,51,40,0,91,4,117,77,2,200,22,2,24,224
06/30/2001,LFT,LA,ASW,CE,Towers with Radar,2,51,25,0,78,0,42,70,0,112,2,93,95,0,190,28,0,28,218
07/01/2001,LFT,LA,ASW,CE,Towers with Radar,0,44,17,2,63,0,18,43,0,61,0,62,60,2,124,50,0,50,174
07/02/2001,LFT,LA,ASW,CE,Towers with Radar,4,49,33,7,93,0,33,68,1,102,4,82,101,8,195,38,6,44,239
07/03/2001,LFT,LA,ASW,CE,Towers with Radar,3,62,32,0,97,0,61,55,0,116,3,123,87,0,213,68,0,68,281
07/04/2001,LFT,LA,ASW,CE,Towers with Radar,1,40,12,0,53,0,21,29,0,50,1,61,41,0,103,20,0,20,123
07/05/2001,LFT,LA,ASW,CE,Towers with Radar,2,57,26,0,85,0,57,64,0,121,2,114,90,0,206,20,0,20,226
07/06/2001,LFT,LA,ASW,CE,Towers with Radar,0,53,28,2,83,0,41,56,0,97,0,94,84,2,180,20,0,20,200
07/07/2001,LFT,LA,ASW,CE,Towers with Radar,3,61,40,0,104,0,45,74,0,119,3,106,114,0,223,82,0,82,305
07/08/2001,LFT,LA,ASW,CE,Towers with Radar,0,45,17,4,66,0,44,50,0,94,0,89,67,4,160,18,0,18,178
07/09/2001,LFT,LA,ASW,CE,Towers with Radar,0,60,20,7,87,0,55,64,0,119,0,115,84,7,206,38,4,42,248
07/10/2001,LFT,LA,ASW,CE,Towers with Radar,3,60,55,0,118,0,66,88,0,154,3,126,143,0,272,58,2,60,332
07/11/2001,LFT,LA,ASW,CE,Towers with Radar,2,61,28,2,93,0,67,72,0,139,2,128,100,2,232,72,0,72,304
07/12/2001,LFT,LA,ASW,CE,Towers with Radar,2,55,56,0,113,0,51,57,1,109,2,106,113,1,222,12,0,12,234
07/13/2001,LFT,LA,ASW,CE,Towers with Radar,2,60,31,16,109,0,57,66,0,123,2,117,97,16,232,14,18,32,264
07/14/2001,LFT,LA,ASW,CE,Towers with Radar,2,58,24,0,84,0,42,53,0,95,2,100,77,0,179,86,0,86,265
07/15/2001,LFT,LA,ASW,CE,Towers with Radar,0,36,22,2,60,0,26,72,0,98,0,62,94,2,158,74,0,74,232
07/16/2001,LFT,LA,ASW,CE,Towers with Radar,0,65,42,0,107,0,67,82,0,149,0,132,124,0,256,34,0,34,290
07/17/2001,LFT,LA,ASW,CE,Towers with Radar,3,52,23,0,78,0,66,58,0,124,3,118,81,0,202,102,0,102,304
07/18/2001,LFT,LA,ASW,CE,Towers with Radar,4,59,41,0,104,0,86,61,0,147,4,145,102,0,251,34,0,34,285
07/19/2001,LFT,LA,ASW,CE,Towers with Radar,4,74,34,4,116,0,65,93,1,159,4,139,127,5,275,82,8,90,365
07/20/2001,LFT,LA,ASW,CE,Towers with Radar,7,58,31,6,102,0,45,64,0,109,7,103,95,6,211,98,10,108,319
07/21/2001,LFT,LA,ASW,CE,Towers with Radar,2,72,18,0,92,0,39,55,0,94,2,111,73,0,186,74,0,74,260
07/22/2001,LFT,LA,ASW,CE,Towers with Radar,0,79,26,0,105,0,36,44,0,80,0,115,70,0,185,28,0,28,213
07/23/2001,LFT,LA,ASW,CE,Towers with Radar,0,71,35,1,107,0,45,78,0,123,0,116,113,1,230,22,4,26,256
07/24/2001,LFT,LA,ASW,CE,Towers with Radar,3,67,41,3,114,0,44,67,1,112,3,111,108,4,226,40,6,46,272
07/25/2001,LFT,LA,ASW,CE,Towers with Radar,4,68,55,0,127,0,68,48,0,116,4,136,103,0,243,34,0,34,277
07/26/2001,LFT,LA,ASW,CE,Towers with Radar,4,69,29,0,102,0,39,20,0,59,4,108,49,0,161,24,0,24,185
07/27/2001,LFT,LA,ASW,CE,Towers with Radar,2,71,21,0,94,0,45,33,0,78,2,116,54,0,172,30,0,30,202
07/28/2001,LFT,LA,ASW,CE,Towers with Radar,3,65,19,0,87,0,44,46,0,90,3,109,65,0,177,34,0,34,211
07/29/2001,LFT,LA,ASW,CE,Towers with Radar,0,73,35,0,108,0,32,66,0,98,0,105,101,0,206,16,0,16,222
07/30/2001,LFT,LA,ASW,CE,Towers with Radar,0,56,24,8,88,0,58,66,0,124,0,114,90,8,212,40,8,48,260
07/31/2001,LFT,LA,ASW,CE,Towers with Radar,4,57,23,0,84,0,62,43,0,105,4,119,66,0,189,40,0,40,229
08/01/2001,LFT,LA,ASW,CE,Towers with Radar,5,54,38,0,97,0,24,31,0,55,5,78,69,0,152,0,0,0,152
08/02/2001,LFT,LA,ASW,CE,Towers with Radar,4,62,39,1,106,0,63,71,0,134,4,125,110,1,240,8,2,10,250
08/03/2001,LFT,LA,ASW,CE,Towers with Radar,4,61,14,7,86,0,57,80,1,138,4,118,94,8,224,36,10,46,270
08/04/2001,LFT,LA,ASW,CE,Towers with Radar,2,55,14,0,71,0,18,48,0,66,2,73,62,0,137,6,0,6,143
08/05/2001,LFT,LA,ASW,CE,Towers with Radar,0,46,15,0,61,0,12,41,0,53,0,58,56,0,114,4,0,4,118
08/06/2001,LFT,LA,ASW,CE,Towers with Radar,3,60,17,2,82,0,66,37,0,103,3,126,54,2,185,52,8,60,245
08/07/2001,LFT,LA,ASW,CE,Towers with Radar,4,53,35,0,92,0,34,47,0,81,4,87,82,0,173,34,0,34,207
08/08/2001,LFT,LA,ASW,CE,Towers with Radar,5,61,49,4,119,0,44,40,0,84,5,105,89,4,203,38,8,46,249
08/09/2001,LFT,LA,ASW,CE,Towers with Radar,4,55,46,2,107,0,60,62,0,122,4,115,108,2,229,22,4,26,255
08/10/2001,LFT,LA,ASW,CE,Towers with Radar,2,63,32,0,97,0,33,61,0,94,2,96,93,0,191,54,0,54,245
08/11/2001,LFT,LA,ASW,CE,Towers with Radar,2,69,18,0,89,0,31,51,0,82,2,100,69,0,171,74,4,78,249
08/12/2001,LFT,LA,ASW,CE,Towers with Radar,0,75,33,0,108,0,30,22,0,52,0,105,55,0,160,38,0,38,198
08/13/2001,LFT,LA,ASW,CE,Towers with Radar,0,52,18,0,70,0,41,21,0,62,0,93,39,0,132,8,0,8,140
08/14/2001,LFT,LA,ASW,CE,Towers with Radar,3,92,47,2,144,1,35,16,1,53,4,127,63,3,197,34,4,38,235
08/15/2001,LFT,LA,ASW,CE,Towers with Radar,4,61,69,0,134,0,64,69,0,133,4,125,138,0,267,46,0,46,313
08/16/2001,LFT,LA,ASW,CE,Towers with Radar,2,57,45,2,106,0,51,49,0,100,2,108,94,2,206,38,4,42,248
08/17/2001,LFT,LA,ASW,CE,Towers with Radar,4,68,39,6,117,0,48,88,0,136,4,116,127,6,253,38,10,48,301
08/18/2001,LFT,LA,ASW,CE,Towers with Radar,2,63,8,4,77,0,44,65,0,109,2,107,73,4,186,54,12,66,252
08/19/2001,LFT,LA,ASW,CE,Towers with Radar,0,48,13,0,61,0,32,28,0,60,0,80,41,0,121,8,0,8,129
08/20/2001,LFT,LA,ASW,CE,Towers with Radar,0,72,25,0,97,0,42,65,0,107,0,114,90,0,204,42,2,44,248
08/21/2001,LFT,LA,ASW,CE,Towers with Radar,0,52,55,2,109,0,50,77,0,127,0,102,132,2,236,50,2,52,288
08/22/2001,LFT,LA,ASW,CE,Towers with Radar,5,58,32,0,95,0,93,68,0,161,5,151,100,0,256,32,0,32,288
08/23/2001,LFT,LA,ASW,CE,Towers with Radar,3,75,48,3,129,0,52,86,3,141,3,127,134,6,270,17,6,23,293
08/24/2001,LFT,LA,ASW,CE,Towers with Radar,5,61,26,9,101,0,61,85,0,146,5,122,111,9,247,6,8,14,261
08/25/2001,LFT,LA,ASW,CE,Towers with Radar,2,53,14,0,69,0,64,76,0,140,2,117,90,0,209,50,0,50,259
08/26/2001,LFT,LA,ASW,CE,Towers with Radar,0,54,34,0,88,0,38,62,0,100,0,92,96,0,188,44,0,44,232
08/27/2001,LFT,LA,ASW,CE,Towers with Radar,0,51,14,2,67,0,47,59,0,106,0,98,73,2,173,48,0,48,221
08/28/2001,LFT,LA,ASW,CE,Towers with Radar,0,67,38,1,106,0,64,44,0,108,0,131,82,1,214,47,6,53,267
08/29/2001,LFT,LA,ASW,CE,Towers with Radar,0,84,44,6,134,0,23,16,0,39,0,107,60,6,173,10,0,10,183
08/30/2001,LFT,LA,ASW,CE,Towers with Radar,2,65,35,0,102,0,1,30,0,31,2,66,65,0,133,0,0,0,133
08/31/2001,LFT,LA,ASW,CE,Towers with Radar,6,59,25,0,90,0,48,21,0,69,6,107,46,0,159,30,0,30,189
09/01/2001,LFT,LA,ASW,CE,Towers with Radar,2,47,19,0,68,1,30,0,0,31,3,77,19,0,99,8,0,8,107
09/02/2001,LFT,LA,ASW,CE,Towers with Radar,0,42,7,0,49,0,33,3,0,36,0,75,10,0,85,0,0,0,85
09/03/2001,LFT,LA,ASW,CE,Towers with Radar,0,57,24,2,83,0,49,32,0,81,0,106,56,2,164,46,2,48,212
09/04/2001,LFT,LA,ASW,CE,Towers with Radar,2,50,17,0,69,0,51,33,0,84,2,101,50,0,153,10,0,10,163
09/05/2001,LFT,LA,ASW,CE,Towers with Radar,0,67,39,3,109,0,56,16,12,84,0,123,55,15,193,24,2,26,219
09/06/2001,LFT,LA,ASW,CE,Towers with Radar,2,63,64,2,131,0,64,55,7,126,2,127,119,9,257,4,0,4,261
09/07/2001,LFT,LA,ASW,CE,Towers with Radar,5,51,40,5,101,0,35,58,3,96,5,86,98,8,197,4,16,20,217
09/08/2001,LFT,LA,ASW,CE,Towers with Radar,2,44,6,2,54,0,26,7,0,33,2,70,13,2,87,6,0,6,93
09/09/2001,LFT,LA,ASW,CE,Towers with Radar,6,47,7,0,60,0,21,5,0,26,6,68,12,0,86,16,0,16,102
09/10/2001,LFT,LA,ASW,CE,Towers with Radar,0,54,28,3,85,0,85,66,0,151,0,139,94,3,236,30,8,38,274
09/11/2001,LFT,LA,ASW,CE,Towers with Radar,4,17,10,0,31,0,15,14,0,29,4,32,24,0,60,0,0,0,60
09/12/2001,LFT,LA,ASW,CE,Towers with Radar,0,1,0,0,1,0,5,1,0,6,0,6,1,0,7,0,0,0,7
09/13/2001,LFT,LA,ASW,CE,Towers with Radar,0,10,0,0,10,0,0,0,0,0,0,10,0,0,10,0,0,0,10
09/14/2001,LFT,LA,ASW,CE,Towers with Radar,3,60,3,0,66,0,50,1,0,51,3,110,4,0,117,0,0,0,117
09/15/2001,LFT,LA,ASW,CE,Towers with Radar,1,43,22,0,66,0,19,1,0,20,1,62,23,0,86,0,0,0,86
09/16/2001,LFT,LA,ASW,CE,Towers with Radar,0,45,17,2,64,0,21,1,0,22,0,66,18,2,86,0,0,0,86
09/17/2001,LFT,LA,ASW,CE,Towers with Radar,0,53,43,0,96,0,64,1,0,65,0,117,44,0,161,0,0,0,161
09/18/2001,LFT,LA,ASW,CE,Towers with Radar,1,58,64,15,138,0,72,8,10,90,1,130,72,25,228,0,10,10,238
09/19/2001,LFT,LA,ASW,CE,Towers with Radar,4,68,52,0,124,0,38,4,1,43,4,106,56,1,167,0,0,0,167
09/20/2001,LFT,LA,ASW,CE,Towers with Radar,2,44,49,0,95,0,64,34,0,98,2,108,83,0,193,2,0,2,195
09/21/2001,LFT,LA,ASW,CE,Towers with Radar,1,47,27,0,75,0,50,26,0,76,1,97,53,0,151,6,0,6,157
09/22/2001,LFT,LA,ASW,CE,Towers with Radar,2,53,34,0,89,0,25,41,0,66,2,78,75,0,155,6,0,6,161
09/23/2001,LFT,LA,ASW,CE,Towers with Radar,0,44,16,0,60,0,47,16,0,63,0,91,32,0,123,22,0,22,145
09/24/2001,LFT,LA,ASW,CE,Towers with Radar,0,50,23,1,74,0,65,32,0,97,0,115,55,1,171,46,4,50,221
09/25/2001,LFT,LA,ASW,CE,Towers with Radar,3,55,41,3,102,0,65,75,0,140,3,120,116,3,242,34,2,36,278
09/26/2001,LFT,LA,ASW,CE,Towers with Radar,4,52,27,0,83,0,60,54,0,114,4,112,81,0,197,44,0,44,241
09/27/2001,LFT,LA,ASW,CE,Towers with Radar,4,52,38,2,96,0,70,68,0,138,4,122,106,2,234,6,4,10,244
09/28/2001,LFT,LA,ASW,CE,Towers with Radar,6,59,40,0,105,0,72,68,0,140,6,131,108,0,245,10,0,10,255
09/29/2001,LFT,LA,ASW,CE,Towers with Radar,2,46,36,2,86,0,35,92,0,127,2,81,128,2,213,22,0,22,235
09/30/2001,LFT,LA,ASW,CE,Towers with Radar,0,51,40,3,94,0,29,66,2,97,0,80,106,5,191,18,2,20,211
10/01/2001,LFT,LA,ASW,CE,Towers with Radar,0,61,15,0,76,0,68,65,0,133,0,129,80,0,209,52,0,52,261
10/02/2001,LFT,LA,ASW,CE,Towers with Radar,2,57,37,0,96,1,80,61,0,142,3,137,98,0,238,44,0,44,282
10/03/2001,LFT,LA,ASW,CE,Towers with Radar,5,55,54,2,116,0,82,67,0,149,5,137,121,2,265,44,0,44,309
10/04/2001,LFT,LA,ASW,CE,Towers with Radar,4,71,43,4,122,0,57,39,1,97,4,128,82,5,219,6,2,8,227
10/05/2001,LFT,LA,ASW,CE,Towers with Radar,5,46,45,6,102,0,47,27,0,74,5,93,72,6,176,24,2,26,202
10/06/2001,LFT,LA,ASW,CE,Towers with Radar,4,88,19,5,116,0,32,6,0,38,4,120,25,5,154,16,0,16,170
10/07/2001,LFT,LA,ASW,CE,Towers with Radar,0,66,44,0,110,0,34,91,0,125,0,100,135,0,235,48,0,48,283
10/08/2001,LFT,LA,ASW,CE,Towers with Radar,0,69,39,0,108,0,38,58,0,96,0,107,97,0,204,42,0,42,246
10/09/2001,LFT,LA,ASW,CE,Towers with Radar,4,66,55,0,125,0,80,25,0,105,4,146,80,0,230,36,0,36,266
10/10/2001,LFT,LA,ASW,CE,Towers with Radar,4,63,40,0,107,0,23,9,0,32,4,86,49,0,139,2,0,2,141
10/11/2001,LFT,LA,ASW,CE,Towers with Radar,8,60,35,1,104,0,40,7,0,47,8,100,42,1,151,0,0,0,151
10/12/2001,LFT,LA,ASW,CE,Towers with Radar,3,49,35,0,87,0,18,12,0,30,3,67,47,0,117,0,0,0,117
10/13/2001,LFT,LA,ASW,CE,Towers with Radar,6,28,9,0,43,0,2,1,0,3,6,30,10,0,46,0,0,0,46
10/14/2001,LFT,LA,ASW,CE,Towers with Radar,0,56,28,0,84,0,40,73,0,113,0,96,101,0,197,34,0,34,231
10/15/2001,LFT,LA,ASW,CE,Towers with Radar,0,56,26,2,84,0,65,58,1,124,0,121,84,3,208,82,2,84,292
10/16/2001,LFT,LA,ASW,CE,Towers with Radar,7,34,20,0,61,0,58,30,0,88,7,92,50,0,149,44,0,44,193
10/17/2001,LFT,LA,ASW,CE,Towers with Radar,4,75,64,3,146,0,63,80,1,144,4,138,144,4,290,8,0,8,298
10/18/2001,LFT,LA,ASW,CE,Towers with Radar,4,63,38,2,107,0,96,69,0,165,4,159,107,2,272,26,2,28,300
10/19/2001,LFT,LA,ASW,CE,Towers with Radar,4,70,21,4,99,0,53,71,0,124,4,123,92,4,223,8,4,12,235
10/20/2001,LFT,LA,ASW,CE,Towers with Radar,0,21,13,0,34,0,7,114,0,121,0,28,127,0,155,32,0,32,187
10/21/2001,LFT,LA,ASW,CE,Towers with Radar,0,47,22,4,73,0,26,77,1,104,0,73,99,5,177,70,4,74,251
10/22/2001,LFT,LA,ASW,CE,Towers with Radar,0,51,52,0,103,0,34,20,1,55,0,85,72,1,158,8,0,8,166
10/23/2001,LFT,LA,ASW,CE,Towers with Radar,3,64,38,16,121,0,34,66,0,100,3,98,104,16,221,20,8,28,249
10/24/2001,LFT,LA,ASW,CE,Towers with Radar,5,63,48,4,120,0,70,40,3,113,5,133,88,7,233,12,2,14,247
10/25/2001,LFT,LA,ASW,CE,Towers with Radar,4,54,40,4,102,0,30,57,0,87,4,84,97,4,189,4,36,40,229
10/26/2001,LFT,LA,ASW,CE,Towers with Radar,5,56,37,4,102,0,33,94,0,127,5,89,131,4,229,2,4,6,235
10/27/2001,LFT,LA,ASW,CE,Towers with Radar,2,47,17,0,66,0,89,66,0,155,2,136,83,0,221,42,2,44,265
10/28/2001,LFT,LA,ASW,CE,Towers with Radar,0,46,20,4,70,0,94,59,2,155,0,140,79,6,225,2,0,2,227
10/29/2001,LFT,LA,ASW,CE,Towers with Radar,1,60,36,5,102,0,0,68,0,68,1,60,104,5,170,50,0,50,220
10/30/2001,LFT,LA,ASW,CE,Towers with Radar,7,71,48,7,133,0,118,71,1,190,7,189,119,8,323,26,8,34,357
10/31/2001,LFT,LA,ASW,CE,Towers with Radar,6,56,54,6,122,0,69,57,4,130,6,125,111,10,252,17,14,31,283
11/01/2001,LFT,LA,ASW,CE,Towers with Radar,4,57,47,3,111,0,57,70,0,127,4,114,117,3,238,64,14,78,316
11/02/2001,LFT,LA,ASW,CE,Towers with Radar,2,60,42,0,104,0,30,72,0,102,2,90,114,0,206,6,0,6,212
11/03/2001,LFT,LA,ASW,CE,Towers with Radar,3,49,22,5,79,0,32,89,0,121,3,81,111,5,200,16,0,16,216
11/04/2001,LFT,LA,ASW,CE,Towers with Radar,0,55,31,10,96,0,34,66,0,100,0,89,97,10,196,42,4,46,242
11/05/2001,LFT,LA,ASW,CE,Towers with Radar,0,52,22,8,82,0,61,57,0,118,0,113,79,8,200,28,22,50,250
11/06/2001,LFT,LA,ASW,CE,Towers with Radar,3,62,55,4,124,0,36,75,0,111,3,98,130,4,235,6,4,10,245
11/07/2001,LFT,LA,ASW,CE,Towers with Radar,4,61,49,0,114,0,94,35,0,129,4,155,84,0,243,22,0,22,265
11/08/2001,LFT,LA,ASW,CE,Towers with Radar,5,62,42,1,110,0,45,44,0,89,5,107,86,1,199,16,8,24,223
11/09/2001,LFT,LA,ASW,CE,Towers with Radar,3,58,38,0,99,0,41,55,0,96,3,99,93,0,195,30,0,30,225
11/10/2001,LFT,LA,ASW,CE,Towers with Radar,4,45,20,0,69,0,44,66,0,110,4,89,86,0,179,24,0,24,203
11/11/2001,LFT,LA,ASW,CE,Towers with Radar,2,48,37,1,88,0,26,44,1,71,2,74,81,2,159,30,0,30,189
11/12/2001,LFT,LA,ASW,CE,Towers with Radar,1,61,55,2,119,0,50,47,0,97,1,111,102,2,216,14,2,16,232
11/13/2001,LFT,LA,ASW,CE,Towers with Radar,6,61,44,0,111,0,45,56,0,101,6,106,100,0,212,36,0,36,248
11/14/2001,LFT,LA,ASW,CE,Towers with Radar,0,76,35,1,112,1,59,25,0,85,1,135,60,1,197,22,6,28,225
11/15/2001,LFT,LA,ASW,CE,Towers with Radar,7,46,58,1,112,0,55,42,0,97,7,101,100,1,209,2,0,2,211
11/16/2001,LFT,LA,ASW,CE,Towers with Radar,0,58,28,4,90,0,90,51,0,141,0,148,79,4,231,20,8,28,259
11/17/2001,LFT,LA,ASW,CE,Towers with Radar,1,34,22,0,57,3,34,77,0,114,4,68,99,0,171,22,0,22,193
11/18/2001,LFT,LA,ASW,CE,Towers with Radar,0,53,23,0,76,0,19,55,0,74,0,72,78,0,150,28,0,28,178
11/19/2001,LFT,LA,ASW,CE,Towers with Radar,2,49,44,2,97,0,36,58,0,94,2,85,102,2,191,42,2,44,235
11/20/2001,LFT,LA,ASW,CE,Towers with Radar,3,57,32,0,92,0,36,59,1,96,3,93,91,1,188,52,0,52,240
11/21/2001,LFT,LA,ASW,CE,Towers with Radar,0,65,35,0,100,0,40,75,0,115,0,105,110,0,215,42,0,42,257
11/22/2001,LFT,LA,ASW,CE,Towers with Radar,1,40,13,0,54,0,19,20,0,39,1,59,33,0,93,2,0,2,95
11/23/2001,LFT,LA,ASW,CE,Towers with Radar,1,44,17,0,62,0,22,42,0,64,1,66,59,0,126,8,0,8,134
11/24/2001,LFT,LA,ASW,CE,Towers with Radar,4,41,16,0,61,0,24,27,0,51,4,65,43,0,112,2,0,2,114
11/25/2001,LFT,LA,ASW,CE,Towers with Radar,2,48,36,0,86,0,19,96,0,115,2,67,132,0,201,30,0,30,231
11/26/2001,LFT,LA,ASW,CE,Towers with Radar,0,47,35,4,86,0,25,14,0,39,0,72,49,4,125,16,0,16,141
11/27/2001,LFT,LA,ASW,CE,Towers with Radar,3,49,16,0,68,0,23,6,0,29,3,72,22,0,97,14,0,14,111
11/28/2001,LFT,LA,ASW,CE,Towers with Radar,0,52,32,0,84,0,25,15,0,40,0,77,47,0,124,0,0,0,124
11/29/2001,LFT,LA,ASW,CE,Towers with Radar,4,61,36,0,101,0,14,2,0,16,4,75,38,0,117,0,0,0,117
11/30/2001,LFT,LA,ASW,CE,Towers with Radar,4,47,40,18,109,0,50,96,0,146,4,97,136,18,255,35,4,39,294
12/01/2001,LFT,LA,ASW,CE,Towers with Radar,4,56,26,2,88,0,36,93,0,129,4,92,119,2,217,36,2,38,255
12/02/2001,LFT,LA,ASW,CE,Towers with Radar,0,67,49,0,116,0,29,72,0,101,0,96,121,0,217,44,0,44,261
12/03/2001,LFT,LA,ASW,CE,Towers with Radar,0,56,35,0,91,0,39,53,0,92,0,95,88,0,183,24,0,24,207
12/04/2001,LFT,LA,ASW,CE,Towers with Radar,7,56,55,1,119,0,69,68,0,137,7,125,123,1,256,40,2,42,298
12/05/2001,LFT,LA,ASW,CE,Towers with Radar,0,63,54,0,117,0,29,32,0,61,0,92,86,0,178,16,0,16,194
12/06/2001,LFT,LA,ASW,CE,Towers with Radar,4,42,65,3,114,0,31,39,0,70,4,73,104,3,184,4,0,4,188
12/07/2001,LFT,LA,ASW,CE,Towers with Radar,3,57,44,2,106,0,46,47,0,93,3,103,91,2,199,4,0,4,203
12/08/2001,LFT,LA,ASW,CE,Towers with Radar,0,45,18,0,63,0,21,5,0,26,0,66,23,0,89,0,0,0,89
12/09/2001,LFT,LA,ASW,CE,Towers with Radar,0,51,46,0,97,0,34,57,0,91,0,85,103,0,188,18,0,18,206
12/10/2001,LFT,LA,ASW,CE,Towers with Radar,0,58,59,6,123,0,59,81,0,140,0,117,140,6,263,24,2,26,289
12/11/2001,LFT,LA,ASW,CE,Towers with Radar,4,51,50,0,105,0,60,24,0,84,4,111,74,0,189,16,4,20,209
12/12/2001,LFT,LA,ASW,CE,Towers with Radar,0,60,54,0,114,0,40,11,0,51,0,100,65,0,165,6,0,6,171
12/13/2001,LFT,LA,ASW,CE,Towers with Radar,4,40,30,2,76,0,7,2,0,9,4,47,32,2,85,0,0,0,85
12/14/2001,LFT,LA,ASW,CE,Towers with Radar,2,57,60,1,120,0,40,71,0,111,2,97,131,1,231,34,2,36,267
12/15/2001,LFT,LA,ASW,CE,Towers with Radar,1,36,27,0,64,2,8,32,0,42,3,44,59,0,106,12,0,12,118
12/16/2001,LFT,LA,ASW,CE,Towers with Radar,2,49,24,2,77,0,82,4,0,86,2,131,28,2,163,2,0,2,165
12/17/2001,LFT,LA,ASW,CE,Towers with Radar,2,69,46,0,117,0,53,50,0,103,2,122,96,0,220,0,0,0,220
12/18/2001,LFT,LA,ASW,CE,Towers with Radar,3,50,40,0,93,0,90,61,0,151,3,140,101,0,244,4,0,4,248
12/19/2001,LFT,LA,ASW,CE,Towers with Radar,0,62,50,0,112,0,33,85,0,118,0,95,135,0,230,12,0,12,242
12/20/2001,LFT,LA,ASW,CE,Towers with Radar,4,52,56,0,112,0,41,85,0,126,4,93,141,0,238,58,0,58,296
12/21/2001,LFT,LA,ASW,CE,Towers with Radar,5,48,52,0,105,0,37,95,0,132,5,85,147,0,237,16,0,16,253
12/22/2001,LFT,LA,ASW,CE,Towers with Radar,4,39,32,0,75,0,18,27,0,45,4,57,59,0,120,22,0,22,142
12/23/2001,LFT,LA,ASW,CE,Towers with Radar,0,51,14,0,65,0,22,46,0,68,0,73,60,0,133,28,0,28,161
12/24/2001,LFT,LA,ASW,CE,Towers with Radar,0,34,12,0,46,0,13,60,0,73,0,47,72,0,119,81,0,81,200
12/25/2001,LFT,LA,ASW,CE,Towers with Radar,2,47,5,0,54,0,9,14,0,23,2,56,19,0,77,2,0,2,79
12/26/2001,LFT,LA,ASW,CE,Towers with Radar,0,50,40,0,90,0,30,41,0,71,0,80,81,0,161,6,0,6,167
12/27/2001,LFT,LA,ASW,CE,Towers with Radar,3,51,17,4,75,0,35,69,10,114,3,86,86,14,189,10,2,12,201
12/28/2001,LFT,LA,ASW,CE,Towers with Radar,2,56,33,1,92,0,40,58,9,107,2,96,91,10,199,14,4,18,217
12/29/2001,LFT,LA,ASW,CE,Towers with Radar,1,44,30,0,75,0,18,50,0,68,1,62,80,0,143,10,0,10,153
12/30/2001,LFT,LA,ASW,CE,Towers with Radar,0,60,28,0,88,0,39,74,0,113,0,99,102,0,201,4,0,4,205
12/31/2001,LFT,LA,ASW,CE,Towers with Radar,0,44,12,0,56,0,21,18,0,39,0,65,30,0,95,0,0,0,95
01/01/2002,LFT,LA,ASW,CE,Towers with Radar,1,40,8,0,49,1,18,9,0,28,2,58,17,0,77,0,0,0,77
01/02/2002,LFT,LA,ASW,CE,Towers with Radar,0,47,30,4,81,0,27,21,1,49,0,74,51,5,130,13,8,21,151
01/03/2002,LFT,LA,ASW,CE,Towers with Radar,4,54,27,0,85,0,60,30,0,90,4,114,57,0,175,34,0,34,209
01/04/2002,LFT,LA,ASW,CE,Towers with Radar,4,80,30,6,120,0,45,91,2,138,4,125,121,8,258,30,12,42,300
01/05/2002,LFT,LA,ASW,CE,Towers with Radar,2,46,4,0,52,0,0,2,0,2,2,46,6,0,54,0,0,0,54
01/06/2002,LFT,LA,ASW,CE,Towers with Radar,0,51,35,4,90,0,28,48,2,78,0,79,83,6,168,16,4,20,188
01/07/2002,LFT,LA,ASW,CE,Towers with Radar,0,59,19,2,80,0,36,25,0,61,0,95,44,2,141,18,2,20,161
01/08/2002,LFT,LA,ASW,CE,Towers with Radar,3,44,33,5,85,0,51,75,0,126,3,95,108,5,211,18,4,22,233
01/09/2002,LFT,LA,ASW,CE,Towers with Radar,0,59,49,0,108,0,44,63,0,107,0,103,112,0,215,52,0,52,267
01/10/2002,LFT,LA,ASW,CE,Towers with Radar,5,47,49,0,101,0,67,44,0,111,5,114,93,0,212,4,0,4,216
01/11/2002,LFT,LA,ASW,CE,Towers with Radar,5,85,25,0,115,0,45,31,0,76,5,130,56,0,191,0,0,0,191
01/12/2002,LFT,LA,ASW,CE,Towers with Radar,1,38,23,0,62,2,6,62,0,70,3,44,85,0,132,26,0,26,158
01/13/2002,LFT,LA,ASW,CE,Towers with Radar,0,71,40,4,115,0,27,89,0,116,0,98,129,4,231,46,2,48,279
01/14/2002,LFT,LA,ASW,CE,Towers with Radar,0,54,32,0,86,0,42,38,1,81,0,96,70,1,167,46,0,46,213
01/15/2002,LFT,LA,ASW,CE,Towers with Radar,4,48,32,2,86,0,57,50,0,107,4,105,82,2,193,74,2,76,269
01/16/2002,LFT,LA,ASW,CE,Towers with Radar,0,59,32,0,91,0,57,65,2,124,0,116,97,2,215,10,2,12,227
01/17/2002,LFT,LA,ASW,CE,Towers with Radar,2,66,50,0,118,0,40,47,0,87,2,106,97,0,205,33,0,33,238
01/18/2002,LFT,LA,ASW,CE,Towers with Radar,6,52,53,4,115,0,24,6,0,30,6,76,59,4,145,34,4,38,183
01/19/2002,LFT,LA,ASW,CE,Towers with Radar,2,52,17,4,75,0,11,1,0,12,2,63,18,4,87,0,0,0,87
01/20/2002,LFT,LA,ASW,CE,Towers with Radar,0,50,31,4,85,0,28,29,0,57,0,78,60,4,142,60,2,62,204
01/21/2002,LFT,LA,ASW,CE,Towers with Radar,1,61,33,2,97,0,25,43,0,68,1,86,76,2,165,14,2,16,181
01/22/2002,LFT,LA,ASW,CE,Towers with Radar,3,66,63,0,132,0,0,0,0,0,3,66,63,0,132,0,0,0,132
01/23/2002,LFT,LA,ASW,CE,Towers with Radar,0,56,50,0,106,0,20,16,1,37,0,76,66,1,143,2,0,2,145
01/24/2002,LFT,LA,ASW,CE,Towers with Radar,4,53,27,0,84,0,9,7,0,16,4,62,34,0,100,0,0,0,100
01/25/2002,LFT,LA,ASW,CE,Towers with Radar,4,59,37,9,109,0,34,68,0,102,4,93,105,9,211,14,6,20,231
01/26/2002,LFT,LA,ASW,CE,Towers with Radar,1,44,29,4,78,0,41,94,0,135,1,85,123,4,213,58,4,62,275
01/27/2002,LFT,LA,ASW,CE,Towers with Radar,0,45,40,6,91,0,37,60,0,97,0,82,100,6,188,34,4,38,226
01/28/2002,LFT,LA,ASW,CE,Towers with Radar,0,47,39,0,86,0,25,39,0,64,0,72,78,0,150,6,0,6,156
01/29/2002,LFT,LA,ASW,CE,Towers with Radar,3,60,46,7,116,0,28,28,0,56,3,88,74,7,172,10,6,16,188
01/30/2002,LFT,LA,ASW,CE,Towers with Radar,0,60,43,2,105,0,34,29,0,63,0,94,72,2,168,0,2,2,170
01/31/2002,LFT,LA,ASW,CE,Towers with Radar,3,65,24,0,92,0,41,6,0,47,3,106,30,0,139,6,0,6,145
02/01/2002,LFT,LA,ASW,CE,Towers with Radar,5,52,48,0,105,0,52,41,4,97,5,104,89,4,202,14,0,14,216
02/02/2002,LFT,LA,ASW,CE,Towers with Radar,2,54,22,1,79,0,25,47,0,72,2,79,69,1,151,46,0,46,197
02/03/2002,LFT,LA,ASW,CE,Towers with Radar,0,49,17,2,68,0,26,28,0,54,0,75,45,2,122,26,0,26,148
02/04/2002,LFT,LA,ASW,CE,Towers with Radar,0,61,39,4,104,0,39,40,0,79,0,100,79,4,183,36,0,36,219
02/05/2002,LFT,LA,ASW,CE,Towers with Radar,5,44,30,0,79,0,21,0,0,21,5,65,30,0,100,10,0,10,110
02/06/2002,LFT,LA,ASW,CE,Towers with Radar,3,67,49,0,119,0,10,4,0,14,3,77,53,0,133,0,0,0,133
02/07/2002,LFT,LA,ASW,CE,Towers with Radar,4,67,54,0,125,0,56,49,0,105,4,123,103,0,230,28,0,28,258
02/08/2002,LFT,LA,ASW,CE,Towers with Radar,5,66,46,6,123,0,55,65,0,120,5,121,111,6,243,22,0,22,265
02/09/2002,LFT,LA,ASW,CE,Towers with Radar,2,53,42,0,97,0,24,37,1,62,2,77,79,1,159,64,0,64,223
02/10/2002,LFT,LA,ASW,CE,Towers with Radar,0,55,17,2,74,0,28,47,0,75,0,83,64,2,149,28,2,30,179
02/11/2002,LFT,LA,ASW,CE,Towers with Radar,0,56,32,9,97,0,52,73,0,125,0,108,105,9,222,22,10,32,254
02/12/2002,LFT,LA,ASW,CE,Towers with Radar,4,47,26,2,79,0,36,55,0,91,4,83,81,2,170,32,2,34,204
02/13/2002,LFT,LA,ASW,CE,Towers with Radar,3,49,54,3,109,0,40,65,1,106,3,89,119,4,215,88,4,92,307
02/14/2002,LFT,LA,ASW,CE,Towers with Radar,4,49,35,2,90,0,42,72,1,115,4,91,107,3,205,54,0,54,259
02/15/2002,LFT,LA,ASW,CE,Towers with Radar,0,53,36,2,91,0,34,36,0,70,0,87,72,2,161,8,4,12,173
02/16/2002,LFT,LA,ASW,CE,Towers with Radar,3,45,23,0,71,0,26,67,0,93,3,71,90,0,164,16,0,16,180
02/17/2002,LFT,LA,ASW,CE,Towers with Radar,0,42,32,2,76,0,25,92,0,117,0,67,124,2,193,82,2,84,277
02/18/2002,LFT,LA,ASW,CE,Towers with Radar,0,54,22,2,78,0,24,35,0,59,0,78,57,2,137,32,2,34,171
02/19/2002,LFT,LA,ASW,CE,Towers with Radar,4,42,31,0,77,0,48,3,0,51,4,90,34,0,128,0,0,0,128
02/20/2002,LFT,LA,ASW,CE,Towers with Radar,1,53,41,14,109,0,42,49,0,91,1,95,90,14,200,0,4,4,204
02/21/2002,LFT,LA,ASW,CE,Towers with Radar,4,49,39,2,94,0,51,69,0,120,4,100,108,2,214,56,0,56,270
02/22/2002,LFT,LA,ASW,CE,Towers with Radar,6,52,54,6,118,0,34,48,2,84,6,86,102,8,202,14,10,24,226
02/23/2002,LFT,LA,ASW,CE,Towers with Radar,2,44,38,2,86,0,36,67,0,103,2,80,105,2,189,26,24,50,239
02/24/2002,LFT,LA,ASW,CE,Towers with Radar,0,58,20,2,80,0,38,47,1,86,0,96,67,3,166,20,0,20,186
02/25/2002,LFT,LA,ASW,CE,Towers with Radar,0,50,40,2,92,0,57,39,0,96,0,107,79,2,188,10,0,10,198
02/26/2002,LFT,LA,ASW,CE,Towers with Radar,2,48,33,2,85,1,39,33,1,74,3,87,66,3,159,82,2,84,243
02/27/2002,LFT,LA,ASW,CE,Towers with Radar,0,55,25,2,82,0,48,41,0,89,0,103,66,2,171,36,8,44,215
02/28/2002,LFT,LA,ASW,CE,Towers with Radar,2,50,50,0,102,0,47,83,0,130,2,97,133,0,232,92,0,92,324
03/01/2002,LFT,LA,ASW,CE,Towers with Radar,0,36,23,0,59,4,15,4,0,23,4,51,27,0,82,2,0,2,84
03/02/2002,LFT,LA,ASW,CE,Towers with Radar,3,40,16,0,59,0,13,6,0,19,3,53,22,0,78,36,0,36,114
03/03/2002,LFT,LA,ASW,CE,Towers with Radar,0,47,14,0,61,0,6,20,0,26,0,53,34,0,87,0,0,0,87
03/04/2002,LFT,LA,ASW,CE,Towers with Radar,0,55,25,0,80,1,66,53,0,120,1,121,78,0,200,47,0,47,247
03/05/2002,LFT,LA,ASW,CE,Towers with Radar,1,52,40,3,96,0,65,96,0,161,1,117,136,3,257,20,4,24,281
03/06/2002,LFT,LA,ASW,CE,Towers with Radar,2,52,31,0,85,0,58,40,0,98,2,110,71,0,183,4,0,4,187
03/07/2002,LFT,LA,ASW,CE,Towers with Radar,0,59,52,0,111,0,40,56,0,96,0,99,108,0,207,80,0,80,287
03/08/2002,LFT,LA,ASW,CE,Towers with Radar,4,55,38,0,97,0,48,17,0,65,4,103,55,0,162,6,0,6,168
03/09/2002,LFT,LA,ASW,CE,Towers with Radar,2,40,25,0,67,0,24,7,0,31,2,64,32,0,98,8,0,8,106
03/10/2002,LFT,LA,ASW,CE,Towers with Radar,0,49,25,0,74,0,31,63,0,94,0,80,88,0,168,34,0,34,202
03/11/2002,LFT,LA,ASW,CE,Towers with Radar,0,69,40,0,109,0,36,41,0,77,0,105,81,0,186,10,0,10,196
03/12/2002,LFT,LA,ASW,CE,Towers with Radar,0,64,33,0,97,0,37,23,0,60,0,101,56,0,157,24,0,24,181
03/13/2002,LFT,LA,ASW,CE,Towers with Radar,4,63,56,0,123,0,58,58,0,116,4,121,114,0,239,10,0,10,249
03/14/2002,LFT,LA,ASW,CE,Towers with Radar,2,54,41,1,98,0,41,40,0,81,2,95,81,1,179,0,14,14,193
03/15/2002,LFT,LA,ASW,CE,Towers with Radar,4,58,49,4,115,0,51,18,0,69,4,109,67,4,184,10,4,14,198
03/16/2002,LFT,LA,ASW,CE,Towers with Radar,3,42,25,0,70,0,21,17,0,38,3,63,42,0,108,8,0,8,116
03/17/2002,LFT,LA,ASW,CE,Towers with Radar,0,45,25,0,70,0,9,9,0,18,0,54,34,0,88,4,0,4,92
03/18/2002,LFT,LA,ASW,CE,Towers with Radar,0,68,49,0,117,0,58,64,0,122,0,126,113,0,239,16,0,16,255
03/19/2002,LFT,LA,ASW,CE,Towers with Radar,2,48,41,5,96,0,36,27,1,64,2,84,68,6,160,12,0,12,172
03/20/2002,LFT,LA,ASW,CE,Towers with Radar,0,51,40,0,91,0,24,17,0,41,0,75,57,0,132,28,0,28,160
03/21/2002,LFT,LA,ASW,CE,Towers with Radar,4,65,39,0,108,0,56,51,0,107,4,121,90,0,215,34,0,34,249
03/22/2002,LFT,LA,ASW,CE,Towers with Radar,5,55,42,0,102,0,54,83,2,139,5,109,125,2,241,40,0,40,281
03/23/2002,LFT,LA,ASW,CE,Towers with Radar,2,44,14,0,60,0,32,84,1,117,2,76,98,1,177,32,0,32,209
03/24/2002,LFT,LA,ASW,CE,Towers with Radar,0,58,37,0,95,0,31,33,0,64,0,89,70,0,159,20,0,20,179
03/25/2002,LFT,LA,ASW,CE,Towers with Radar,0,54,50,2,106,0,46,32,0,78,0,100,82,2,184,18,2,20,204
03/26/2002,LFT,LA,ASW,CE,Towers with Radar,4,47,55,0,106,0,42,21,0,63,4,89,76,0,169,0,0,0,169
03/27/2002,LFT,LA,ASW,CE,Towers with Radar,3,66,41,0,110,0,63,86,0,149,3,129,127,0,259,50,0,50,309
03/28/2002,LFT,LA,ASW,CE,Towers with Radar,2,51,35,2,90,0,59,72,0,131,2,110,107,2,221,14,2,16,237
03/29/2002,LFT,LA,ASW,CE,Towers with Radar,2,59,39,0,100,3,14,15,4,36,5,73,54,4,136,14,4,18,154
03/30/2002,LFT,LA,ASW,CE,Towers with Radar,0,27,17,0,44,4,37,2,0,43,4,64,19,0,87,12,0,12,99
03/31/2002,LFT,LA,ASW,CE,Towers with Radar,0,45,16,0,61,0,12,16,0,28,0,57,32,0,89,28,0,28,117
04/01/2002,LFT,LA,ASW,CE,Towers with Radar,0,41,34,0,75,0,41,21,0,62,0,82,55,0,137,64,0,64,201
04/02/2002,LFT,LA,ASW,CE,Towers with Radar,3,46,50,0,99,0,52,60,0,112,3,98,110,0,211,108,0,108,319
04/03/2002,LFT,LA,ASW,CE,Towers with Radar,2,49,48,3,102,0,44,29,0,73,2,93,77,3,175,18,0,18,193
04/04/2002,LFT,LA,ASW,CE,Towers with Radar,2,53,54,4,113,0,32,60,1,93,2,85,114,5,206,12,2,14,220
04/05/2002,LFT,LA,ASW,CE,Towers with Radar,3,54,51,3,111,0,55,77,0,132,3,109,128,3,243,38,0,38,281
04/06/2002,LFT,LA,ASW,CE,Towers with Radar,2,34,32,1,69,0,39,58,3,100,2,73,90,4,169,66,2,68,237
04/07/2002,LFT,LA,ASW,CE,Towers with Radar,1,44,49,0,94,0,27,43,0,70,1,71,92,0,164,38,0,38,202
04/08/2002,LFT,LA,ASW,CE,Towers with Radar,2,37,5,0,44,0,7,1,0,8,2,44,6,0,52,0,0,0,52
04/09/2002,LFT,LA,ASW,CE,Towers with Radar,4,60,54,2,120,2,24,73,0,99,6,84,127,2,219,94,0,94,313
04/10/2002,LFT,LA,ASW,CE,Towers with Radar,4,45,58,1,108,0,71,85,0,156,4,116,143,1,264,137,0,137,401
04/11/2002,LFT,LA,ASW,CE,Towers with Radar,3,50,39,1,93,0,28,40,0,68,3,78,79,1,161,26,0,26,187
04/12/2002,LFT,LA,ASW,CE,Towers with Radar,6,42,59,8,115,0,34,36,0,70,6,76,95,8,185,24,6,30,215
04/13/2002,LFT,LA,ASW,CE,Towers with Radar,2,34,32,0,68,0,24,55,0,79,2,58,87,0,147,24,0,24,171
04/14/2002,LFT,LA,ASW,CE,Towers with Radar,1,44,27,0,72,0,22,51,0,73,1,66,78,0,145,62,0,62,207
04/15/2002,LFT,LA,ASW,CE,Towers with Radar,1,43,34,3,81,0,61,32,1,94,1,104,66,4,175,26,0,26,201
04/16/2002,LFT,LA,ASW,CE,Towers with Radar,8,35,26,3,72,0,41,42,0,83,8,76,68,3,155,22,0,22,177
04/17/2002,LFT,LA,ASW,CE,Towers with Radar,0,41,54,0,95,0,45,45,5,95,0,86,99,5,190,14,0,14,204
04/18/2002,LFT,LA,ASW,CE,Towers with Radar,4,44,55,1,104,0,39,42,0,81,4,83,97,1,185,0,0,0,185
04/19/2002,LFT,LA,ASW,CE,Towers with Radar,5,49,42,12,108,0,22,61,0,83,5,71,103,12,191,10,12,22,213
04/20/2002,LFT,LA,ASW,CE,Towers with Radar,4,34,19,0,57,0,38,69,0,107,4,72,88,0,164,24,0,24,188
04/21/2002,LFT,LA,ASW,CE,Towers with Radar,1,44,25,6,76,0,49,38,3,90,1,93,63,9,166,24,6,30,196
04/22/2002,LFT,LA,ASW,CE,Towers with Radar,2,46,39,0,87,0,54,47,0,101,2,100,86,0,188,14,0,14,202
04/23/2002,LFT,LA,ASW,CE,Towers with Radar,5,41,36,0,82,0,63,56,0,119,5,104,92,0,201,50,0,50,251
04/24/2002,LFT,LA,ASW,CE,Towers with Radar,5,43,42,0,90,0,76,55,2,133,5,119,97,2,223,54,0,54,277
04/25/2002,LFT,LA,ASW,CE,Towers with Radar,2,27,54,2,85,0,60,39,0,99,2,87,93,2,184,26,2,28,212
04/26/2002,LFT,LA,ASW,CE,Towers with Radar,7,58,44,2,111,0,71,52,0,123,7,129,96,2,234,26,0,26,260
04/27/2002,LFT,LA,ASW,CE,Towers with Radar,4,45,16,10,75,0,38,21,0,59,4,83,37,10,134,6,8,14,148
04/28/2002,LFT,LA,ASW,CE,Towers with Radar,1,44,21,2,68,0,14,54,0,68,1,58,75,2,136,10,0,10,146
04/29/2002,LFT,LA,ASW,CE,Towers with Radar,2,37,31,2,72,0,42,52,0,94,2,79,83,2,166,40,0,40,206
04/30/2002,LFT,LA,ASW,CE,Towers with Radar,8,42,51,0,101,0,61,61,0,122,8,103,112,0,223,68,0,68,291
05/01/2002,LFT,LA,ASW,CE,Towers with Radar,2,44,62,0,108,1,33,41,0,75,3,77,103,0,183,42,0,42,225
05/02/2002,LFT,LA,ASW,CE,Towers with Radar,2,38,59,0,99,0,62,49,1,112,2,100,108,1,211,56,0,56,267
05/03/2002,LFT,LA,ASW,CE,Towers with Radar,6,49,55,6,116,0,78,49,0,127,6,127,104,6,243,24,4,28,271
05/04/2002,LFT,LA,ASW,CE,Towers with Radar,3,32,21,0,56,0,51,42,5,98,3,83,63,5,154,16,0,16,170
05/05/2002,LFT,LA,ASW,CE,Towers with Radar,1,38,27,0,66,0,52,49,0,101,1,90,76,0,167,56,0,56,223
05/06/2002,LFT,LA,ASW,CE,Towers with Radar,2,44,43,0,89,0,75,50,0,125,2,119,93,0,214,52,0,52,266
05/07/2002,LFT,LA,ASW,CE,Towers with Radar,2,45,38,3,88,0,74,33,0,107,2,119,71,3,195,86,2,88,283
05/08/2002,LFT,LA,ASW,CE,Towers with Radar,3,54,50,0,107,0,54,60,0,114,3,108,110,0,221,28,4,32,253
05/09/2002,LFT,LA,ASW,CE,Towers with Radar,4,52,48,0,104,0,52,69,0,121,4,104,117,0,225,38,0,38,263
05/10/2002,LFT,LA,ASW,CE,Towers with Radar,6,53,32,2,93,0,45,59,2,106,6,98,91,4,199,40,4,44,243
05/11/2002,LFT,LA,ASW,CE,Towers with Radar,3,42,25,0,70,0,38,55,0,93,3,80,80,0,163,4,0,4,167
05/12/2002,LFT,LA,ASW,CE,Towers with Radar,0,40,41,2,83,0,18,46,0,64,0,58,87,2,147,18,6,24,171
05/13/2002,LFT,LA,ASW,CE,Towers with Radar,2,44,24,0,70,0,41,34,0,75,2,85,58,0,145,54,0,54,199
05/14/2002,LFT,LA,ASW,CE,Towers with Radar,5,35,45,0,85,0,86,76,0,162,5,121,121,0,247,64,0,64,311
05/15/2002,LFT,LA,ASW,CE,Towers with Radar,2,47,42,2,93,0,52,109,4,165,2,99,151,6,258,98,4,102,360
05/16/2002,LFT,LA,ASW,CE,Towers with Radar,4,34,46,0,84,0,51,68,0,119,4,85,114,0,203,16,0,16,219
05/17/2002,LFT,LA,ASW,CE,Towers with Radar,6,45,27,0,78,0,36,34,0,70,6,81,61,0,148,30,0,30,178
05/18/2002,LFT,LA,ASW,CE,Towers with Radar,4,32,16,0,52,0,22,30,0,52,4,54,46,0,104,10,0,10,114
05/19/2002,LFT,LA,ASW,CE,Towers with Radar,1,36,15,2,54,0,48,39,0,87,1,84,54,2,141,38,4,42,183
05/20/2002,LFT,LA,ASW,CE,Towers with Radar,3,38,30,5,76,0,53,81,0,134,3,91,111,5,210,40,0,40,250
05/21/2002,LFT,LA,ASW,CE,Towers with Radar,7,38,44,11,100,0,71,63,0,134,7,109,107,11,234,68,24,92,326
05/22/2002,LFT,LA,ASW,CE,Towers with Radar,4,53,53,4,114,0,56,81,0,137,4,109,134,4,251,70,0,70,321
05/23/2002,LFT,LA,ASW,CE,Towers with Radar,0,42,40,0,82,0,61,60,0,121,0,103,100,0,203,0,20,20,223
05/24/2002,LFT,LA,ASW,CE,Towers with Radar,5,47,54,2,108,0,56,74,0,130,5,103,128,2,238,14,14,28,266
05/25/2002,LFT,LA,ASW,CE,Towers with Radar,2,30,27,0,59,2,27,40,0,69,4,57,67,0,128,20,0,20,148
05/26/2002,LFT,LA,ASW,CE,Towers with Radar,0,39,18,0,57,0,30,39,0,69,0,69,57,0,126,10,0,10,136
05/27/2002,LFT,LA,ASW,CE,Towers with Radar,1,34,25,2,62,0,51,75,0,126,1,85,100,2,188,46,4,50,238
05/28/2002,LFT,LA,ASW,CE,Towers with Radar,4,47,27,6,84,0,59,55,0,114,4,106,82,6,198,22,0,22,220
05/29/2002,LFT,LA,ASW,CE,Towers with Radar,7,40,51,3,101,0,36,53,0,89,7,76,104,3,190,82,0,82,272
05/30/2002,LFT,LA,ASW,CE,Towers with Radar,5,40,44,0,89,0,40,21,0,61,5,80,65,0,150,14,0,14,164
05/31/2002,LFT,LA,ASW,CE,Towers with Radar,4,46,40,4,94,0,40,28,0,68,4,86,68,4,162,10,8,18,180
06/01/2002,LFT,LA,ASW,CE,Towers with Radar,0,23,21,0,44,4,24,61,0,89,4,47,82,0,133,32,0,32,165
06/02/2002,LFT,LA,ASW,CE,Towers with Radar,1,44,26,8,79,0,15,76,0,91,1,59,102,8,170,22,4,26,196
06/03/2002,LFT,LA,ASW,CE,Towers with Radar,2,43,46,2,93,0,58,72,0,130,2,101,118,2,223,56,6,62,285
06/04/2002,LFT,LA,ASW,CE,Towers with Radar,5,37,33,0,75,0,47,97,0,144,5,84,130,0,219,6,0,6,225
06/05/2002,LFT,LA,ASW,CE,Towers with Radar,3,37,60,1,101,0,29,55,0,84,3,66,115,1,185,56,0,56,241
06/06/2002,LFT,LA,ASW,CE,Towers with Radar,4,40,48,2,94,0,43,43,0,86,4,83,91,2,180,52,2,54,234
06/07/2002,LFT,LA,ASW,CE,Towers with Radar,4,40,38,0,82,0,46,52,0,98,4,86,90,0,180,38,2,40,220
06/08/2002,LFT,LA,ASW,CE,Towers with Radar,4,33,28,0,65,0,10,49,1,60,4,43,77,1,125,42,0,42,167
06/09/2002,LFT,LA,ASW,CE,Towers with Radar,1,38,31,6,76,0,33,25,0,58,1,71,56,6,134,10,0,10,144
06/10/2002,LFT,LA,ASW,CE,Towers with Radar,1,50,59,0,110,0,38,45,0,83,1,88,104,0,193,0,0,0,193
06/11/2002,LFT,LA,ASW,CE,Towers with Radar,6,53,63,0,122,0,60,76,0,136,6,113,139,0,258,62,0,62,320
06/12/2002,LFT,LA,ASW,CE,Towers with Radar,0,50,45,0,95,0,97,48,0,145,0,147,93,0,240,62,12,74,314
06/13/2002,LFT,LA,ASW,CE,Towers with Radar,5,44,60,5,114,0,72,89,3,164,5,116,149,8,278,23,4,27,305
06/14/2002,LFT,LA,ASW,CE,Towers with Radar,5,55,51,0,111,0,87,66,0,153,5,142,117,0,264,24,0,24,288
06/15/2002,LFT,LA,ASW,CE,Towers with Radar,4,34,17,0,55,0,34,67,1,102,4,68,84,1,157,18,0,18,175
06/16/2002,LFT,LA,ASW,CE,Towers with Radar,4,46,41,0,91,0,5,60,0,65,4,51,101,0,156,52,0,52,208
06/17/2002,LFT,LA,ASW,CE,Towers with Radar,3,44,25,4,76,0,73,58,1,132,3,117,83,5,208,44,8,52,260
06/18/2002,LFT,LA,ASW,CE,Towers with Radar,6,57,40,0,103,0,49,72,0,121,6,106,112,0,224,8,0,8,232
06/19/2002,LFT,LA,ASW,CE,Towers with Radar,2,34,49,0,85,0,61,35,0,96,2,95,84,0,181,50,0,50,231
06/20/2002,LFT,LA,ASW,CE,Towers with Radar,6,42,56,0,104,0,53,60,0,113,6,95,116,0,217,18,0,18,235
06/21/2002,LFT,LA,ASW,CE,Towers with Radar,4,48,45,1,98,1,32,54,10,97,5,80,99,11,195,30,0,30,225
06/22/2002,LFT,LA,ASW,CE,Towers with Radar,5,29,12,0,46,0,32,62,0,94,5,61,74,0,140,8,0,8,148
06/23/2002,LFT,LA,ASW,CE,Towers with Radar,1,34,25,0,60,0,20,35,0,55,1,54,60,0,115,20,0,20,135
06/24/2002,LFT,LA,ASW,CE,Towers with Radar,3,46,46,0,95,0,69,55,0,124,3,115,101,0,219,12,0,12,231
06/25/2002,LFT,LA,ASW,CE,Towers with Radar,6,57,42,0,105,0,50,56,0,106,6,107,98,0,211,34,0,34,245
06/26/2002,LFT,LA,ASW,CE,Towers with Radar,3,41,31,1,76,0,33,23,0,56,3,74,54,1,132,30,0,30,162
06/27/2002,LFT,LA,ASW,CE,Towers with Radar,5,47,46,0,98,0,40,21,0,61,5,87,67,0,159,26,0,26,185
06/28/2002,LFT,LA,ASW,CE,Towers with Radar,4,39,30,0,73,0,15,49,2,66,4,54,79,2,139,12,0,12,151
06/29/2002,LFT,LA,ASW,CE,Towers with Radar,5,37,33,6,81,0,26,41,0,67,5,63,74,6,148,36,8,44,192
06/30/2002,LFT,LA,ASW,CE,Towers with Radar,3,36,20,8,67,0,25,56,0,81,3,61,76,8,148,42,8,50,198
07/01/2002,LFT,LA,ASW,CE,Towers with Radar,1,37,24,0,62,1,49,53,0,103,2,86,77,0,165,24,0,24,189
07/02/2002,LFT,LA,ASW,CE,Towers with Radar,5,40,46,0,91,0,53,27,0,80,5,93,73,0,171,24,0,24,195
07/03/2002,LFT,LA,ASW,CE,Towers with Radar,3,23,31,2,59,0,71,34,0,105,3,94,65,2,164,20,4,24,188
07/04/2002,LFT,LA,ASW,CE,Towers with Radar,2,33,7,0,42,0,29,39,0,68,2,62,46,0,110,12,0,12,122
07/05/2002,LFT,LA,ASW,CE,Towers with Radar,1,33,30,1,65,0,32,40,0,72,1,65,70,1,137,22,0,22,159
07/06/2002,LFT,LA,ASW,CE,Towers with Radar,4,41,26,1,72,0,31,45,0,76,4,72,71,1,148,24,0,24,172
07/07/2002,LFT,LA,ASW,CE,Towers with Radar,2,31,22,2,57,0,31,36,0,67,2,62,58,2,124,54,0,54,178
07/08/2002,LFT,LA,ASW,CE,Towers with Radar,3,35,30,0,68,0,67,37,0,104,3,102,67,0,172,8,0,8,180
07/09/2002,LFT,LA,ASW,CE,Towers with Radar,5,37,41,0,83,0,68,35,0,103,5,105,76,0,186,30,0,30,216
07/10/2002,LFT,LA,ASW,CE,Towers with Radar,4,39,60,0,103,0,63,61,0,124,4,102,121,0,227,62,0,62,289
07/11/2002,LFT,LA,ASW,CE,Towers with Radar,7,60,61,2,130,0,73,53,0,126,7,133,114,2,256,26,6,32,288
07/12/2002,LFT,LA,ASW,CE,Towers with Radar,3,47,41,3,94,0,77,51,1,129,3,124,92,4,223,28,2,30,253
07/13/2002,LFT,LA,ASW,CE,Towers with Radar,5,35,33,0,73,0,51,21,0,72,5,86,54,0,145,28,0,28,173
07/14/2002,LFT,LA,ASW,CE,Towers with Radar,3,28,21,0,52,0,22,21,0,43,3,50,42,0,95,46,0,46,141
07/15/2002,LFT,LA,ASW,CE,Towers with Radar,2,52,25,0,79,0,54,36,0,90,2,106,61,0,169,48,0,48,217
07/16/2002,LFT,LA,ASW,CE,Towers with Radar,3,39,32,0,74,2,55,61,0,118,5,94,93,0,192,34,0,34,226
07/17/2002,LFT,LA,ASW,CE,Towers with Radar,4,53,44,0,101,0,33,55,0,88,4,86,99,0,189,52,8,60,249
07/18/2002,LFT,LA,ASW,CE,Towers with Radar,3,38,32,0,73,1,67,49,0,117,4,105,81,0,190,6,2,8,198
07/19/2002,LFT,LA,ASW,CE,Towers with Radar,4,53,44,3,104,1,45,75,2,123,5,98,119,5,227,58,6,64,291
07/20/2002,LFT,LA,ASW,CE,Towers with Radar,2,36,29,2,69,3,8,76,3,90,5,44,105,5,159,22,4,26,185
07/21/2002,LFT,LA,ASW,CE,Towers with Radar,2,43,36,2,83,0,19,53,14,86,2,62,89,16,169,74,24,98,267
07/22/2002,LFT,LA,ASW,CE,Towers with Radar,1,62,51,3,117,0,36,75,1,112,1,98,126,4,229,27,4,31,260
07/23/2002,LFT,LA,ASW,CE,Towers with Radar,4,73,61,4,142,0,64,86,1,151,4,137,147,5,293,20,8,28,321
07/24/2002,LFT,LA,ASW,CE,Towers with Radar,2,36,30,0,68,3,64,44,0,111,5,100,74,0,179,42,2,44,223
07/25/2002,LFT,LA,ASW,CE,Towers with Radar,3,48,40,0,91,1,63,28,0,92,4,111,68,0,183,30,0,30,213
07/26/2002,LFT,LA,ASW,CE,Towers with Radar,4,56,48,3,111,0,41,38,5,84,4,97,86,8,195,76,12,88,283
07/27/2002,LFT,LA,ASW,CE,Towers with Radar,2,33,28,0,63,1,28,37,0,66,3,61,65,0,129,42,0,42,171
07/28/2002,LFT,LA,ASW,CE,Towers with Radar,2,46,39,3,90,0,29,59,1,89,2,75,98,4,179,34,0,34,213
07/29/2002,LFT,LA,ASW,CE,Towers with Radar,2,41,35,0,78,0,83,60,0,143,2,124,95,0,221,56,0,56,277
07/30/2002,LFT,LA,ASW,CE,Towers with Radar,2,43,37,0,82,0,70,39,0,109,2,113,76,0,191,84,0,84,275
07/31/2002,LFT,LA,ASW,CE,Towers with Radar,3,43,36,0,82,1,39,48,0,88,4,82,84,0,170,36,0,36,206
08/01/2002,LFT,LA,ASW,CE,Towers with Radar,0,42,39,1,82,0,52,46,0,98,0,94,85,1,180,30,0,30,210
08/02/2002,LFT,LA,ASW,CE,Towers with Radar,3,38,35,0,76,0,50,59,0,109,3,88,94,0,185,60,0,60,245
08/03/2002,LFT,LA,ASW,CE,Towers with Radar,4,36,34,1,75,3,28,37,3,71,7,64,71,4,146,32,5,37,183
08/04/2002,LFT,LA,ASW,CE,Towers with Radar,2,35,33,1,71,0,36,23,0,59,2,71,56,1,130,14,4,18,148
08/05/2002,LFT,LA,ASW,CE,Towers with Radar,2,50,47,1,100,0,78,36,2,116,2,128,83,3,216,92,0,92,308
08/06/2002,LFT,LA,ASW,CE,Towers with Radar,3,34,32,0,69,2,38,18,0,58,5,72,50,0,127,34,0,34,161
08/07/2002,LFT,LA,ASW,CE,Towers with Radar,2,42,40,0,84,0,54,35,0,89,2,96,75,0,173,78,0,78,251
08/08/2002,LFT,LA,ASW,CE,Towers with Radar,3,39,37,0,79,0,56,47,0,103,3,95,84,0,182,32,2,34,216
08/09/2002,LFT,LA,ASW,CE,Towers with Radar,5,57,53,1,116,1,42,58,1,102,6,99,111,2,218,28,2,30,248
08/10/2002,LFT,LA,ASW,CE,Towers with Radar,2,25,24,0,51,3,38,81,0,122,5,63,105,0,173,8,0,8,181
08/11/2002,LFT,LA,ASW,CE,Towers with Radar,2,35,33,1,71,0,55,38,4,97,2,90,71,5,168,46,0,46,214
08/12/2002,LFT,LA,ASW,CE,Towers with Radar,2,33,31,0,66,0,73,39,0,112,2,106,70,0,178,104,0,104,282
08/13/2002,LFT,LA,ASW,CE,Towers with Radar,3,38,36,0,77,2,93,26,0,121,5,131,62,0,198,54,0,54,252
08/14/2002,LFT,LA,ASW,CE,Towers with Radar,2,38,36,0,76,0,54,35,0,89,2,92,71,0,165,66,0,66,231
08/15/2002,LFT,LA,ASW,CE,Towers with Radar,1,32,31,0,64,0,40,33,0,73,1,72,64,0,137,0,0,0,137
08/16/2002,LFT,LA,ASW,CE,Towers with Radar,3,53,49,2,107,0,45,32,4,81,3,98,81,6,188,44,12,56,244
08/17/2002,LFT,LA,ASW,CE,Towers with Radar,2,33,31,0,66,2,20,38,0,60,4,53,69,0,126,34,0,34,160
08/18/2002,LFT,LA,ASW,CE,Towers with Radar,1,25,22,0,48,1,9,53,0,63,2,34,75,0,111,32,0,32,143
08/19/2002,LFT,LA,ASW,CE,Towers with Radar,2,31,27,1,61,0,67,57,3,127,2,98,84,4,188,2,0,2,190
08/20/2002,LFT,LA,ASW,CE,Towers with Radar,2,35,31,0,68,3,54,42,0,99,5,89,73,0,167,58,0,58,225
08/21/2002,LFT,LA,ASW,CE,Towers with Radar,4,53,48,2,107,1,26,55,0,82,5,79,103,2,189,0,4,4,193
08/22/2002,LFT,LA,ASW,CE,Towers with Radar,0,45,40,0,85,0,49,30,0,79,0,94,70,0,164,18,0,18,182
08/23/2002,LFT,LA,ASW,CE,Towers with Radar,3,43,39,0,85,0,36,62,0,98,3,79,101,0,183,33,4,37,220
08/24/2002,LFT,LA,ASW,CE,Towers with Radar,2,29,26,0,57,3,2,77,0,82,5,31,103,0,139,16,4,20,159
08/25/2002,LFT,LA,ASW,CE,Towers with Radar,0,32,28,1,61,0,41,37,1,79,0,73,65,2,140,76,12,88,228
08/26/2002,LFT,LA,ASW,CE,Towers with Radar,2,32,28,0,62,0,51,27,0,78,2,83,55,0,140,15,0,15,155
08/27/2002,LFT,LA,ASW,CE,Towers with Radar,2,41,37,0,80,0,114,95,0,209,2,155,132,0,289,66,0,66,355
08/28/2002,LFT,LA,ASW,CE,Towers with Radar,2,51,46,2,101,0,81,78,1,160,2,132,124,3,261,66,0,66,327
08/29/2002,LFT,LA,ASW,CE,Towers with Radar,3,53,48,0,104,0,53,63,0,116,3,106,111,0,220,0,0,0,220
08/30/2002,LFT,LA,ASW,CE,Towers with Radar,3,47,43,1,94,1,32,63,4,100,4,79,106,5,194,26,2,28,222
08/31/2002,LFT,LA,ASW,CE,Towers with Radar,2,36,32,0,70,3,19,48,0,70,5,55,80,0,140,26,0,26,166
09/01/2002,LFT,LA,ASW,CE,Towers with Radar,1,28,17,0,46,1,2,68,0,71,2,30,85,0,117,36,0,36,153
09/02/2002,LFT,LA,ASW,CE,Towers with Radar,0,31,24,3,58,2,44,58,0,104,2,75,82,3,162,72,10,82,244
09/03/2002,LFT,LA,ASW,CE,Towers with Radar,2,38,39,0,79,1,15,18,0,34,3,53,57,0,113,20,0,20,133
09/04/2002,LFT,LA,ASW,CE,Towers with Radar,4,42,41,0,87,0,20,15,0,35,4,62,56,0,122,34,0,34,156
09/05/2002,LFT,LA,ASW,CE,Towers with Radar,4,37,58,0,99,0,53,30,0,83,4,90,88,0,182,70,0,70,252
09/06/2002,LFT,LA,ASW,CE,Towers with Radar,5,38,29,0,72,0,40,21,0,61,5,78,50,0,133,30,0,30,163
09/07/2002,LFT,LA,ASW,CE,Towers with Radar,4,34,18,0,56,0,0,15,0,15,4,34,33,0,71,5,0,5,76
09/08/2002,LFT,LA,ASW,CE,Towers with Radar,2,32,14,0,48,0,14,6,0,20,2,46,20,0,68,0,0,0,68
09/09/2002,LFT,LA,ASW,CE,Towers with Radar,2,39,23,0,64,0,40,25,0,65,2,79,48,0,129,16,0,16,145
09/10/2002,LFT,LA,ASW,CE,Towers with Radar,5,28,48,0,81,0,64,63,0,127,5,92,111,0,208,118,0,118,326
09/11/2002,LFT,LA,ASW,CE,Towers with Radar,0,50,50,4,104,0,80,51,0,131,0,130,101,4,235,48,0,48,283
09/12/2002,LFT,LA,ASW,CE,Towers with Radar,5,37,55,0,97,0,53,85,0,138,5,90,140,0,235,44,2,46,281
09/13/2002,LFT,LA,ASW,CE,Towers with Radar,2,50,38,0,90,0,35,56,1,92,2,85,94,1,182,28,0,28,210
09/14/2002,LFT,LA,ASW,CE,Towers with Radar,3,39,22,0,64,0,4,58,0,62,3,43,80,0,126,12,0,12,138
09/15/2002,LFT,LA,ASW,CE,Towers with Radar,2,31,29,3,65,0,4,65,0,69,2,35,94,3,134,6,0,6,140
09/16/2002,LFT,LA,ASW,CE,Towers with Radar,2,78,69,0,149,0,56,43,0,99,2,134,112,0,248,22,0,22,270
09/17/2002,LFT,LA,ASW,CE,Towers with Radar,3,61,48,0,112,1,68,42,3,114,4,129,90,3,226,74,0,74,300
09/18/2002,LFT,LA,ASW,CE,Towers with Radar,2,83,65,0,150,0,77,75,0,152,2,160,140,0,302,42,0,42,344
09/19/2002,LFT,LA,ASW,CE,Towers with Radar,3,38,38,0,79,0,55,63,0,118,3,93,101,0,197,54,0,54,251
09/20/2002,LFT,LA,ASW,CE,Towers with Radar,7,40,32,6,85,0,27,39,0,66,7,67,71,6,151,10,4,14,165
09/21/2002,LFT,LA,ASW,CE,Towers with Radar,1,35,27,1,64,0,24,45,1,70,1,59,72,2,134,38,20,58,192
09/22/2002,LFT,LA,ASW,CE,Towers with Radar,2,37,45,0,84,0,47,33,0,80,2,84,78,0,164,38,0,38,202
09/23/2002,LFT,LA,ASW,CE,Towers with Radar,2,46,37,2,87,0,35,49,0,84,2,81,86,2,171,48,0,48,219
09/24/2002,LFT,LA,ASW,CE,Towers with Radar,6,50,37,0,93,0,127,34,0,161,6,177,71,0,254,0,0,0,254
09/25/2002,LFT,LA,ASW,CE,Towers with Radar,0,18,15,0,33,0,35,0,0,35,0,53,15,0,68,0,0,0,68
09/26/2002,LFT,LA,ASW,CE,Towers with Radar,5,136,13,0,154,0,89,3,0,92,5,225,16,0,246,0,0,0,246
09/27/2002,LFT,LA,ASW,CE,Towers with Radar,3,53,43,0,99,0,39,75,1,115,3,92,118,1,214,26,0,26,240
09/28/2002,LFT,LA,ASW,CE,Towers with Radar,2,29,7,0,38,0,59,64,0,123,2,88,71,0,161,44,0,44,205
09/29/2002,LFT,LA,ASW,CE,Towers with Radar,2,37,27,0,66,0,2,100,0,102,2,39,127,0,168,44,0,44,212
09/30/2002,LFT,LA,ASW,CE,Towers with Radar,2,59,42,0,103,0,133,72,0,205,2,192,114,0,308,70,0,70,378
10/01/2002,LFT,LA,ASW,CE,Towers with Radar,1,62,74,1,138,1,53,59,1,114,2,115,133,2,252,4,0,4,256
10/02/2002,LFT,LA,ASW,CE,Towers with Radar,1,54,69,0,124,2,78,18,0,98,3,132,87,0,222,0,0,0,222
10/03/2002,LFT,LA,ASW,CE,Towers with Radar,0,0,0,0,0,0,0,0,0,0,0,0,0,0,0,0,0,0,0
10/04/2002,LFT,LA,ASW,CE,Towers with Radar,4,29,49,0,82,1,283,58,6,348,5,312,107,6,430,30,0,30,460
10/05/2002,LFT,LA,ASW,CE,Towers with Radar,2,32,22,0,56,1,12,146,0,159,3,44,168,0,215,2,0,2,217
10/06/2002,LFT,LA,ASW,CE,Towers with Radar,1,31,26,0,58,1,94,21,3,119,2,125,47,3,177,34,6,40,217
10/07/2002,LFT,LA,ASW,CE,Towers with Radar,2,33,37,0,72,0,75,36,1,112,2,108,73,1,184,4,0,4,188
10/08/2002,LFT,LA,ASW,CE,Towers with Radar,0,69,58,0,127,0,22,0,0,22,0,91,58,0,149,4,0,4,153
10/09/2002,LFT,LA,ASW,CE,Towers with Radar,0,51,66,0,117,0,44,10,0,54,0,95,76,0,171,4,0,4,175
10/10/2002,LFT,LA,ASW,CE,Towers with Radar,2,46,39,0,87,1,81,56,5,143,3,127,95,5,230,30,0,30,260
10/11/2002,LFT,LA,ASW,CE,Towers with Radar,2,69,54,0,125,0,42,39,0,81,2,111,93,0,206,0,0,0,206
10/12/2002,LFT,LA,ASW,CE,Towers with Radar,3,39,24,0,66,0,33,54,0,87,3,72,78,0,153,2,0,2,155
10/13/2002,LFT,LA,ASW,CE,Towers with Radar,0,39,33,1,73,0,28,35,0,63,0,67,68,1,136,82,0,82,218
10/14/2002,LFT,LA,ASW,CE,Towers with Radar,2,43,30,6,81,0,66,65,0,131,2,109,95,6,212,62,8,70,282
10/15/2002,LFT,LA,ASW,CE,Towers with Radar,6,44,49,1,100,0,44,62,2,108,6,88,111,3,208,58,14,72,280
10/16/2002,LFT,LA,ASW,CE,Towers with Radar,2,48,50,0,100,0,91,77,0,168,2,139,127,0,268,18,0,18,286
10/17/2002,LFT,LA,ASW,CE,Towers with Radar,0,31,32,5,68,0,77,111,0,188,0,108,143,5,256,56,0,56,312
10/18/2002,LFT,LA,ASW,CE,Towers with Radar,4,54,47,5,110,0,41,74,0,115,4,95,121,5,225,22,2,24,249
10/19/2002,LFT,LA,ASW,CE,Towers with Radar,4,33,24,0,61,0,40,32,0,72,4,73,56,0,133,32,0,32,165
10/20/2002,LFT,LA,ASW,CE,Towers with Radar,2,52,45,0,99,0,54,37,4,95,2,106,82,4,194,48,0,48,242
10/21/2002,LFT,LA,ASW,CE,Towers with Radar,2,74,54,0,130,0,0,0,0,0,2,74,54,0,130,0,0,0,130
10/22/2002,LFT,LA,ASW,CE,Towers with Radar,3,66,45,0,114,0,24,28,0,52,3,90,73,0,166,2,0,2,168
10/23/2002,LFT,LA,ASW,CE,Towers with Radar,0,48,41,0,89,0,2,5,0,7,0,50,46,0,96,0,0,0,96
10/24/2002,LFT,LA,ASW,CE,Towers with Radar,6,44,51,1,102,0,49,18,0,67,6,93,69,1,169,6,0,6,175
10/25/2002,LFT,LA,ASW,CE,Towers with Radar,4,61,27,0,92,0,22,7,0,29,4,83,34,0,121,8,0,8,129
10/26/2002,LFT,LA,ASW,CE,Towers with Radar,2,33,15,0,50,0,0,0,0,0,2,33,15,0,50,0,0,0,50
10/27/2002,LFT,LA,ASW,CE,Towers with Radar,0,34,12,0,46,0,0,20,0,20,0,34,32,0,66,0,0,0,66
10/28/2002,LFT,LA,ASW,CE,Towers with Radar,2,71,30,0,103,0,24,15,0,39,2,95,45,0,142,62,0,62,204
10/29/2002,LFT,LA,ASW,CE,Towers with Radar,6,60,48,0,114,0,50,17,0,67,6,110,65,0,181,4,0,4,185
10/30/2002,LFT,LA,ASW,CE,Towers with Radar,1,63,53,0,117,0,88,102,0,190,1,151,155,0,307,98,0,98,405
10/31/2002,LFT,LA,ASW,CE,Towers with Radar,7,45,37,2,91,0,63,91,0,154,7,108,128,2,245,12,2,14,259
11/01/2002,LFT,LA,ASW,CE,Towers with Radar,5,39,44,7,95,1,58,54,0,113,6,97,98,7,208,4,14,18,226
11/02/2002,LFT,LA,ASW,CE,Towers with Radar,4,35,24,0,63,0,31,61,0,92,4,66,85,0,155,8,0,8,163
11/03/2002,LFT,LA,ASW,CE,Towers with Radar,2,34,31,0,67,0,42,16,0,58,2,76,47,0,125,2,4,6,131
11/04/2002,LFT,LA,ASW,CE,Towers with Radar,3,95,54,0,152,0,0,0,0,0,3,95,54,0,152,2,0,2,154
11/05/2002,LFT,LA,ASW,CE,Towers with Radar,4,69,51,0,124,0,55,10,0,65,4,124,61,0,189,24,0,24,213
11/06/2002,LFT,LA,ASW,CE,Towers with Radar,4,38,42,0,84,0,94,63,0,157,4,132,105,0,241,104,0,104,345
11/07/2002,LFT,LA,ASW,CE,Towers with Radar,0,52,43,0,95,0,88,60,0,148,0,140,103,0,243,28,0,28,271
11/08/2002,LFT,LA,ASW,CE,Towers with Radar,8,50,59,0,117,0,45,77,0,122,8,95,136,0,239,16,0,16,255
11/09/2002,LFT,LA,ASW,CE,Towers with Radar,4,40,35,0,79,0,17,34,0,51,4,57,69,0,130,0,0,0,130
11/10/2002,LFT,LA,ASW,CE,Towers with Radar,2,36,39,0,77,0,21,24,0,45,2,57,63,0,122,26,0,26,148
11/11/2002,LFT,LA,ASW,CE,Towers with Radar,3,51,55,0,109,0,37,46,0,83,3,88,101,0,192,42,0,42,234
11/12/2002,LFT,LA,ASW,CE,Towers with Radar,5,60,72,4,141,0,60,69,0,129,5,120,141,4,270,14,4,18,288
11/13/2002,LFT,LA,ASW,CE,Towers with Radar,3,45,38,2,88,0,92,63,0,155,3,137,101,2,243,46,2,48,291
11/14/2002,LFT,LA,ASW,CE,Towers with Radar,5,41,39,0,85,8,47,93,3,151,13,88,132,3,236,17,0,17,253
11/15/2002,LFT,LA,ASW,CE,Towers with Radar,7,37,31,0,75,0,41,29,0,70,7,78,60,0,145,26,2,28,173
11/16/2002,LFT,LA,ASW,CE,Towers with Radar,3,40,33,0,76,0,34,22,0,56,3,74,55,0,132,34,0,34,166
11/17/2002,LFT,LA,ASW,CE,Towers with Radar,4,44,47,0,95,0,65,118,0,183,4,109,165,0,278,58,0,58,336
11/18/2002,LFT,LA,ASW,CE,Towers with Radar,2,38,37,2,79,0,90,51,0,141,2,128,88,2,220,10,14,24,244
11/19/2002,LFT,LA,ASW,CE,Towers with Radar,7,62,65,2,136,0,55,46,0,101,7,117,111,2,237,36,8,44,281
11/20/2002,LFT,LA,ASW,CE,Towers with Radar,7,62,57,1,127,3,33,63,0,99,10,95,120,1,226,14,0,14,240
11/21/2002,LFT,LA,ASW,CE,Towers with Radar,2,58,61,0,121,0,58,63,0,121,2,116,124,0,242,54,0,54,296
11/22/2002,LFT,LA,ASW,CE,Towers with Radar,3,43,38,1,85,0,59,102,1,162,3,102,140,2,247,22,0,22,269
11/23/2002,LFT,LA,ASW,CE,Towers with Radar,3,47,22,0,72,0,44,63,0,107,3,91,85,0,179,14,0,14,193
11/24/2002,LFT,LA,ASW,CE,Towers with Radar,21,43,23,3,90,0,31,60,0,91,21,74,83,3,181,12,0,12,193
11/25/2002,LFT,LA,ASW,CE,Towers with Radar,2,40,33,0,75,0,45,56,0,101,2,85,89,0,176,16,0,16,192
11/26/2002,LFT,LA,ASW,CE,Towers with Radar,5,51,42,0,98,0,44,18,0,62,5,95,60,0,160,26,0,26,186
11/27/2002,LFT,LA,ASW,CE,Towers with Radar,7,41,48,0,96,0,23,31,0,54,7,64,79,0,150,0,0,0,150
11/28/2002,LFT,LA,ASW,CE,Towers with Radar,0,28,15,0,43,0,20,25,0,45,0,48,40,0,88,4,0,4,92
11/29/2002,LFT,LA,ASW,CE,Towers with Radar,2,43,21,0,66,0,0,46,0,46,2,43,67,0,112,18,0,18,130
11/30/2002,LFT,LA,ASW,CE,Towers with Radar,2,35,23,0,60,0,56,41,0,97,2,91,64,0,157,0,0,0,157
12/01/2002,LFT,LA,ASW,CE,Towers with Radar,1,42,34,0,77,1,33,67,0,101,2,75,101,0,178,70,0,70,248
12/02/2002,LFT,LA,ASW,CE,Towers with Radar,1,42,20,1,64,1,59,56,1,117,2,101,76,2,181,27,4,31,212
12/03/2002,LFT,LA,ASW,CE,Towers with Radar,9,52,47,0,108,0,10,6,0,16,9,62,53,0,124,4,0,4,128
12/04/2002,LFT,LA,ASW,CE,Towers with Radar,6,41,34,0,81,0,26,0,0,26,6,67,34,0,107,0,0,0,107
12/05/2002,LFT,LA,ASW,CE,Towers with Radar,3,40,68,0,111,0,61,13,0,74,3,101,81,0,185,28,0,28,213
12/06/2002,LFT,LA,ASW,CE,Towers with Radar,4,50,59,0,113,0,62,83,0,145,4,112,142,0,258,12,2,14,272
12/07/2002,LFT,LA,ASW,CE,Towers with Radar,2,36,40,3,81,0,20,59,0,79,2,56,99,3,160,44,0,44,204
12/08/2002,LFT,LA,ASW,CE,Towers with Radar,2,38,39,0,79,0,40,37,0,77,2,78,76,0,156,12,0,12,168
12/09/2002,LFT,LA,ASW,CE,Towers with Radar,2,44,48,0,94,0,39,19,0,58,2,83,67,0,152,28,0,28,180
12/10/2002,LFT,LA,ASW,CE,Towers with Radar,4,45,45,2,96,0,26,25,0,51,4,71,70,2,147,24,0,24,171
12/11/2002,LFT,LA,ASW,CE,Towers with Radar,9,35,64,4,112,0,46,83,0,129,9,81,147,4,241,70,2,72,313
12/12/2002,LFT,LA,ASW,CE,Towers with Radar,5,50,53,2,110,0,39,22,0,61,5,89,75,2,171,0,0,0,171
12/13/2002,LFT,LA,ASW,CE,Towers with Radar,4,51,46,6,107,0,31,46,0,77,4,82,92,6,184,20,4,24,208
12/14/2002,LFT,LA,ASW,CE,Towers with Radar,3,43,24,0,70,0,46,68,0,114,3,89,92,0,184,26,4,30,214
12/15/2002,LFT,LA,ASW,CE,Towers with Radar,0,49,34,0,83,0,30,111,0,141,0,79,145,0,224,12,0,12,236
12/16/2002,LFT,LA,ASW,CE,Towers with Radar,0,58,60,7,125,0,53,66,2,121,0,111,126,9,246,4,2,6,252
12/17/2002,LFT,LA,ASW,CE,Towers with Radar,3,44,30,3,80,0,50,40,0,90,3,94,70,3,170,66,2,68,238
12/18/2002,LFT,LA,ASW,CE,Towers with Radar,7,40,64,0,111,0,20,19,0,39,7,60,83,0,150,0,0,0,150
12/19/2002,LFT,LA,ASW,CE,Towers with Radar,0,41,30,0,71,0,0,15,0,15,0,41,45,0,86,6,0,6,92
12/20/2002,LFT,LA,ASW,CE,Towers with Radar,5,55,40,10,110,0,45,94,0,139,5,100,134,10,249,26,4,30,279
12/21/2002,LFT,LA,ASW,CE,Towers with Radar,2,30,15,0,47,0,16,57,0,73,2,46,72,0,120,16,0,16,136
12/22/2002,LFT,LA,ASW,CE,Towers with Radar,0,43,36,0,79,0,15,60,0,75,0,58,96,0,154,54,0,54,208
12/23/2002,LFT,LA,ASW,CE,Towers with Radar,1,43,22,0,66,0,14,3,0,17,1,57,25,0,83,2,0,2,85
12/24/2002,LFT,LA,ASW,CE,Towers with Radar,3,44,23,0,70,0,5,3,0,8,3,49,26,0,78,0,0,0,78
12/25/2002,LFT,LA,ASW,CE,Towers with Radar,0,30,15,0,45,0,10,20,0,30,0,40,35,0,75,0,0,0,75
12/26/2002,LFT,LA,ASW,CE,Towers with Radar,0,38,37,0,75,0,40,46,0,86,0,78,83,0,161,0,0,0,161
12/27/2002,LFT,LA,ASW,CE,Towers with Radar,3,39,20,0,62,0,29,51,0,80,3,68,71,0,142,4,0,4,146
12/28/2002,LFT,LA,ASW,CE,Towers with Radar,3,32,14,0,49,0,5,69,0,74,3,37,83,0,123,28,0,28,151
12/29/2002,LFT,LA,ASW,CE,Towers with Radar,0,38,33,0,71,0,83,58,0,141,0,121,91,0,212,54,0,54,266
12/30/2002,LFT,LA,ASW,CE,Towers with Radar,2,44,21,4,71,0,55,30,0,85,2,99,51,4,156,16,6,22,178
12/31/2002,LFT,LA,ASW,CE,Towers with Radar,2,35,24,0,61,0,4,3,0,7,2,39,27,0,68,0,0,0,68
01/01/2003,LFT,LA,ASW,CE,Towers with Radar,4,30,15,0,49,1,43,39,0,83,5,73,54,0,132,30,0,30,162
01/02/2003,LFT,LA,ASW,CE,Towers with Radar,3,39,28,0,70,0,41,38,0,79,3,80,66,0,149,18,0,18,167
01/03/2003,LFT,LA,ASW,CE,Towers with Radar,4,41,31,0,76,0,36,60,2,98,4,77,91,2,174,6,0,6,180
01/04/2003,LFT,LA,ASW,CE,Towers with Radar,2,29,6,5,42,0,29,77,1,107,2,58,83,6,149,2,4,6,155
01/05/2003,LFT,LA,ASW,CE,Towers with Radar,0,37,29,0,66,0,38,72,0,110,0,75,101,0,176,10,0,10,186
01/06/2003,LFT,LA,ASW,CE,Towers with Radar,1,44,32,1,78,0,41,54,1,96,1,85,86,2,174,22,2,24,198
01/07/2003,LFT,LA,ASW,CE,Towers with Radar,8,33,40,0,81,0,44,61,0,105,8,77,101,0,186,20,6,26,212
01/08/2003,LFT,LA,ASW,CE,Towers with Radar,4,34,30,9,77,0,41,50,1,92,4,75,80,10,169,16,2,18,187
01/09/2003,LFT,LA,ASW,CE,Towers with Radar,5,37,47,1,90,0,52,50,2,104,5,89,97,3,194,26,4,30,224
01/10/2003,LFT,LA,ASW,CE,Towers with Radar,4,37,36,0,77,0,21,21,1,43,4,58,57,1,120,10,0,10,130
01/11/2003,LFT,LA,ASW,CE,Towers with Radar,2,39,19,1,61,0,27,37,1,65,2,66,56,2,126,0,2,2,128
01/12/2003,LFT,LA,ASW,CE,Towers with Radar,0,32,26,0,58,0,26,19,0,45,0,58,45,0,103,4,0,4,107
01/13/2003,LFT,LA,ASW,CE,Towers with Radar,2,47,36,5,90,0,38,39,1,78,2,85,75,6,168,34,4,38,206
01/14/2003,LFT,LA,ASW,CE,Towers with Radar,5,37,51,0,93,0,51,48,1,100,5,88,99,1,193,32,0,32,225
01/15/2003,LFT,LA,ASW,CE,Towers with Radar,5,53,50,2,110,3,2,46,0,51,8,55,96,2,161,4,6,10,171
01/16/2003,LFT,LA,ASW,CE,Towers with Radar,6,33,47,6,92,0,33,32,1,66,6,66,79,7,158,0,4,4,162
01/17/2003,LFT,LA,ASW,CE,Towers with Radar,3,42,46,0,91,0,43,64,0,107,3,85,110,0,198,30,2,32,230
01/18/2003,LFT,LA,ASW,CE,Towers with Radar,4,32,19,18,73,0,28,48,1,77,4,60,67,19,150,48,14,62,212
01/19/2003,LFT,LA,ASW,CE,Towers with Radar,2,30,26,2,60,0,12,67,1,80,2,42,93,3,140,20,2,22,162
01/20/2003,LFT,LA,ASW,CE,Towers with Radar,2,39,40,0,81,0,29,29,0,58,2,68,69,0,139,22,6,28,167
01/21/2003,LFT,LA,ASW,CE,Towers with Radar,6,38,57,0,101,0,44,28,0,72,6,82,85,0,173,0,0,0,173
01/22/2003,LFT,LA,ASW,CE,Towers with Radar,5,28,43,1,77,0,13,10,1,24,5,41,53,2,101,10,2,12,113
01/23/2003,LFT,LA,ASW,CE,Towers with Radar,6,39,46,6,97,0,41,25,1,67,6,80,71,7,164,0,6,6,170
01/24/2003,LFT,LA,ASW,CE,Towers with Radar,2,49,49,0,100,0,23,49,0,72,2,72,98,0,172,8,0,8,180
01/25/2003,LFT,LA,ASW,CE,Towers with Radar,2,35,35,0,72,0,26,47,0,73,2,61,82,0,145,20,0,20,165
01/26/2003,LFT,LA,ASW,CE,Towers with Radar,2,28,29,1,60,0,30,4,4,38,2,58,33,5,98,36,0,36,134
01/27/2003,LFT,LA,ASW,CE,Towers with Radar,2,31,31,0,64,0,62,45,0,107,2,93,76,0,171,54,0,54,225
01/28/2003,LFT,LA,ASW,CE,Towers with Radar,3,34,35,0,72,0,71,50,0,121,3,105,85,0,193,20,2,22,215
01/29/2003,LFT,LA,ASW,CE,Towers with Radar,3,33,33,0,69,5,41,31,0,77,8,74,64,0,146,0,0,0,146
01/30/2003,LFT,LA,ASW,CE,Towers with Radar,2,63,62,0,127,0,18,7,0,25,2,81,69,0,152,0,0,0,152
01/31/2003,LFT,LA,ASW,CE,Towers with Radar,4,46,46,0,96,2,12,21,0,35,6,58,67,0,131,38,0,38,169
02/01/2003,LFT,LA,ASW,CE,Towers with Radar,2,31,29,0,62,3,24,42,0,69,5,55,71,0,131,22,0,22,153
02/02/2003,LFT,LA,ASW,CE,Towers with Radar,2,36,33,1,72,0,7,54,4,65,2,43,87,5,137,4,0,4,141
02/03/2003,LFT,LA,ASW,CE,Towers with Radar,2,32,29,1,64,0,33,25,1,59,2,65,54,2,123,0,0,0,123
02/04/2003,LFT,LA,ASW,CE,Towers with Radar,3,32,30,1,66,2,61,51,1,115,5,93,81,2,181,4,0,4,185
02/05/2003,LFT,LA,ASW,CE,Towers with Radar,4,48,45,1,98,3,47,57,12,119,7,95,102,13,217,18,0,18,235
02/06/2003,LFT,LA,ASW,CE,Towers with Radar,4,37,35,1,77,0,29,1,4,34,4,66,36,5,111,0,0,0,111
02/07/2003,LFT,LA,ASW,CE,Towers with Radar,4,46,42,0,92,0,61,1,0,62,4,107,43,0,154,6,0,6,160
02/08/2003,LFT,LA,ASW,CE,Towers with Radar,2,28,27,0,57,0,35,20,0,55,2,63,47,0,112,14,0,14,126
02/09/2003,LFT,LA,ASW,CE,Towers with Radar,2,32,31,0,65,0,51,11,0,62,2,83,42,0,127,0,0,0,127
02/10/2003,LFT,LA,ASW,CE,Towers with Radar,1,54,51,1,107,0,57,30,1,88,1,111,81,2,195,24,0,24,219
02/11/2003,LFT,LA,ASW,CE,Towers with Radar,3,42,40,1,86,2,55,61,2,120,5,97,101,3,206,24,2,26,232
02/12/2003,LFT,LA,ASW,CE,Towers with Radar,2,64,61,0,127,0,62,97,0,159,2,126,158,0,286,14,0,14,300
02/13/2003,LFT,LA,ASW,CE,Towers with Radar,2,59,55,3,119,0,37,45,6,88,2,96,100,9,207,58,10,68,275
02/14/2003,LFT,LA,ASW,CE,Towers with Radar,2,40,38,0,80,1,31,15,0,47,3,71,53,0,127,2,4,6,133
02/15/2003,LFT,LA,ASW,CE,Towers with Radar,1,29,13,0,43,1,8,0,0,9,2,37,13,0,52,0,0,0,52
02/16/2003,LFT,LA,ASW,CE,Towers with Radar,0,34,33,0,67,0,22,10,0,32,0,56,43,0,99,18,0,18,117
02/17/2003,LFT,LA,ASW,CE,Towers with Radar,0,35,33,2,70,0,44,68,2,114,0,79,101,4,184,62,4,66,250
02/18/2003,LFT,LA,ASW,CE,Towers with Radar,2,44,40,0,86,2,86,87,0,175,4,130,127,0,261,76,0,76,337
02/19/2003,LFT,LA,ASW,CE,Towers with Radar,3,54,49,0,106,1,34,39,0,74,4,88,88,0,180,30,0,30,210
02/20/2003,LFT,LA,ASW,CE,Towers with Radar,1,49,45,0,95,0,16,33,0,49,1,65,78,0,144,2,0,2,146
02/21/2003,LFT,LA,ASW,CE,Towers with Radar,1,27,23,1,52,1,13,0,1,15,2,40,23,2,67,0,0,0,67
02/22/2003,LFT,LA,ASW,CE,Towers with Radar,2,36,32,0,70,3,26,10,0,39,5,62,42,0,109,6,0,6,115
02/23/2003,LFT,LA,ASW,CE,Towers with Radar,1,31,28,0,60,0,41,35,0,76,1,72,63,0,136,6,0,6,142
02/24/2003,LFT,LA,ASW,CE,Towers with Radar,0,44,40,0,84,0,45,27,0,72,0,89,67,0,156,10,2,12,168
02/25/2003,LFT,LA,ASW,CE,Towers with Radar,1,32,29,0,62,2,16,29,0,47,3,48,58,0,109,0,0,0,109
02/26/2003,LFT,LA,ASW,CE,Towers with Radar,0,59,42,0,101,0,3,0,0,3,0,62,42,0,104,6,0,6,110
02/27/2003,LFT,LA,ASW,CE,Towers with Radar,2,62,57,2,123,0,13,6,0,19,2,75,63,2,142,8,6,14,156
02/28/2003,LFT,LA,ASW,CE,Towers with Radar,2,64,67,0,133,0,0,26,0,26,2,64,93,0,159,8,0,8,167
03/01/2003,LFT,LA,ASW,CE,Towers with Radar,1,44,21,4,70,1,16,4,0,21,2,60,25,4,91,2,6,8,99
03/02/2003,LFT,LA,ASW,CE,Towers with Radar,0,35,24,2,61,0,18,35,0,53,0,53,59,2,114,16,2,18,132
03/03/2003,LFT,LA,ASW,CE,Towers with Radar,1,49,23,0,73,1,55,2,0,58,2,104,25,0,131,0,0,0,131
03/04/2003,LFT,LA,ASW,CE,Towers with Radar,0,47,17,0,64,0,6,0,0,6,0,53,17,0,70,0,0,0,70
03/05/2003,LFT,LA,ASW,CE,Towers with Radar,2,47,35,0,84,0,1,0,0,1,2,48,35,0,85,2,0,2,87
03/06/2003,LFT,LA,ASW,CE,Towers with Radar,5,61,53,2,121,0,28,7,0,35,5,89,60,2,156,8,0,8,164
03/07/2003,LFT,LA,ASW,CE,Towers with Radar,2,40,30,1,73,0,23,72,0,95,2,63,102,1,168,47,2,49,217
03/08/2003,LFT,LA,ASW,CE,Towers with Radar,4,32,30,4,70,0,22,19,0,41,4,54,49,4,111,22,4,26,137
03/09/2003,LFT,LA,ASW,CE,Towers with Radar,0,36,50,8,94,0,37,78,0,115,0,73,128,8,209,56,6,62,271
03/10/2003,LFT,LA,ASW,CE,Towers with Radar,0,38,26,0,64,0,75,53,0,128,0,113,79,0,192,32,2,34,226
03/11/2003,LFT,LA,ASW,CE,Towers with Radar,3,41,65,2,111,0,66,63,0,129,3,107,128,2,240,60,0,60,300
03/12/2003,LFT,LA,ASW,CE,Towers with Radar,8,39,55,2,104,0,0,31,0,31,8,39,86,2,135,66,0,66,201
03/13/2003,LFT,LA,ASW,CE,Towers with Radar,1,45,32,0,78,0,10,8,0,18,1,55,40,0,96,0,0,0,96
03/14/2003,LFT,LA,ASW,CE,Towers with Radar,3,43,58,1,105,0,46,81,0,127,3,89,139,1,232,40,2,42,274
03/15/2003,LFT,LA,ASW,CE,Towers with Radar,3,41,24,0,68,0,37,73,0,110,3,78,97,0,178,20,0,20,198
03/16/2003,LFT,LA,ASW,CE,Towers with Radar,0,42,27,1,70,0,0,1,0,1,0,42,28,1,71,0,0,0,71
03/17/2003,LFT,LA,ASW,CE,Towers with Radar,0,40,44,2,86,0,32,42,1,75,0,72,86,3,161,20,4,24,185
03/18/2003,LFT,LA,ASW,CE,Towers with Radar,4,62,37,0,103,0,14,14,0,28,4,76,51,0,131,0,0,0,131
03/19/2003,LFT,LA,ASW,CE,Towers with Radar,7,32,42,0,81,0,41,76,3,120,7,73,118,3,201,10,0,10,211
03/20/2003,LFT,LA,ASW,CE,Towers with Radar,3,47,43,0,93,0,70,57,0,127,3,117,100,0,220,23,0,23,243
03/21/2003,LFT,LA,ASW,CE,Towers with Radar,2,50,44,4,100,0,37,92,0,129,2,87,136,4,229,82,4,86,315
03/22/2003,LFT,LA,ASW,CE,Towers with Radar,5,38,25,0,68,0,23,81,0,104,5,61,106,0,172,18,0,18,190
03/23/2003,LFT,LA,ASW,CE,Towers with Radar,0,34,26,0,60,0,29,63,0,92,0,63,89,0,152,2,0,2,154
03/24/2003,LFT,LA,ASW,CE,Towers with Radar,0,43,31,2,76,0,45,40,0,85,0,88,71,2,161,10,0,10,171
03/25/2003,LFT,LA,ASW,CE,Towers with Radar,0,33,69,0,102,0,44,45,0,89,0,77,114,0,191,68,0,68,259
03/26/2003,LFT,LA,ASW,CE,Towers with Radar,2,36,52,0,90,0,11,12,0,23,2,47,64,0,113,8,0,8,121
03/27/2003,LFT,LA,ASW,CE,Towers with Radar,5,41,50,0,96,0,52,60,0,112,5,93,110,0,208,22,0,22,230
03/28/2003,LFT,LA,ASW,CE,Towers with Radar,1,36,43,3,83,0,41,45,0,86,1,77,88,3,169,0,0,0,169
03/29/2003,LFT,LA,ASW,CE,Towers with Radar,3,30,24,0,57,0,16,19,0,35,3,46,43,0,92,2,0,2,94
03/30/2003,LFT,LA,ASW,CE,Towers with Radar,0,40,35,0,75,0,38,51,1,90,0,78,86,1,165,20,0,20,185
03/31/2003,LFT,LA,ASW,CE,Towers with Radar,0,43,16,0,59,0,52,70,0,122,0,95,86,0,181,12,0,12,193
04/01/2003,LFT,LA,ASW,CE,Towers with Radar,0,40,31,0,71,0,71,60,1,132,0,111,91,1,203,48,0,48,251
04/02/2003,LFT,LA,ASW,CE,Towers with Radar,2,36,35,0,73,0,44,65,0,109,2,80,100,0,182,20,0,20,202
04/03/2003,LFT,LA,ASW,CE,Towers with Radar,0,46,43,6,95,0,57,35,0,92,0,103,78,6,187,6,6,12,199
04/04/2003,LFT,LA,ASW,CE,Towers with Radar,2,43,44,9,98,0,60,27,0,87,2,103,71,9,185,32,14,46,231
04/05/2003,LFT,LA,ASW,CE,Towers with Radar,3,40,20,2,65,0,10,11,0,21,3,50,31,2,86,4,0,4,90
04/06/2003,LFT,LA,ASW,CE,Towers with Radar,0,41,30,4,75,0,15,25,0,40,0,56,55,4,115,4,0,4,119
04/07/2003,LFT,LA,ASW,CE,Towers with Radar,0,41,23,0,64,0,0,1,0,1,0,41,24,0,65,0,0,0,65
04/08/2003,LFT,LA,ASW,CE,Towers with Radar,0,65,52,1,118,0,32,12,0,44,0,97,64,1,162,12,0,12,174
04/09/2003,LFT,LA,ASW,CE,Towers with Radar,7,32,32,0,71,0,43,36,1,80,7,75,68,1,151,24,0,24,175
04/10/2003,LFT,LA,ASW,CE,Towers with Radar,4,43,25,7,79,0,65,68,0,133,4,108,93,7,212,27,11,38,250
04/11/2003,LFT,LA,ASW,CE,Towers with Radar,4,59,28,1,92,0,64,71,0,135,4,123,99,1,227,50,0,50,277
04/12/2003,LFT,LA,ASW,CE,Towers with Radar,3,43,21,0,67,0,38,86,0,124,3,81,107,0,191,26,0,26,217
04/13/2003,LFT,LA,ASW,CE,Towers with Radar,0,40,26,0,66,0,34,73,0,107,0,74,99,0,173,12,0,12,185
04/14/2003,LFT,LA,ASW,CE,Towers with Radar,0,44,26,2,72,0,43,41,0,84,0,87,67,2,156,18,0,18,174
04/15/2003,LFT,LA,ASW,CE,Towers with Radar,4,44,30,0,78,0,54,54,0,108,4,98,84,0,186,76,0,76,262
04/16/2003,LFT,LA,ASW,CE,Towers with Radar,0,40,40,5,85,0,46,42,0,88,0,86,82,5,173,10,0,10,183
04/17/2003,LFT,LA,ASW,CE,Towers with Radar,2,42,64,11,119,0,53,44,0,97,2,95,108,11,216,25,12,37,253
04/18/2003,LFT,LA,ASW,CE,Towers with Radar,3,40,32,1,76,0,32,53,0,85,3,72,85,1,161,44,0,44,205
04/19/2003,LFT,LA,ASW,CE,Towers with Radar,2,40,15,0,57,0,15,19,0,34,2,55,34,0,91,52,0,52,143
04/20/2003,LFT,LA,ASW,CE,Towers with Radar,0,48,24,5,77,0,15,30,0,45,0,63,54,5,122,0,0,0,122
04/21/2003,LFT,LA,ASW,CE,Towers with Radar,0,36,38,0,74,0,42,52,0,94,0,78,90,0,168,22,0,22,190
04/22/2003,LFT,LA,ASW,CE,Towers with Radar,7,45,31,0,83,0,57,43,0,100,7,102,74,0,183,92,0,92,275
04/23/2003,LFT,LA,ASW,CE,Towers with Radar,3,57,64,0,124,0,5,70,0,75,3,62,134,0,199,72,0,72,271
04/24/2003,LFT,LA,ASW,CE,Towers with Radar,1,62,9,3,75,0,29,15,0,44,1,91,24,3,119,4,0,4,123
04/25/2003,LFT,LA,ASW,CE,Towers with Radar,2,46,46,0,94,0,50,48,0,98,2,96,94,0,192,42,0,42,234
04/26/2003,LFT,LA,ASW,CE,Towers with Radar,2,36,22,4,64,0,36,99,0,135,2,72,121,4,199,10,8,18,217
04/27/2003,LFT,LA,ASW,CE,Towers with Radar,0,43,41,0,84,0,33,86,0,119,0,76,127,0,203,8,0,8,211
04/28/2003,LFT,LA,ASW,CE,Towers with Radar,0,55,40,0,95,0,42,69,0,111,0,97,109,0,206,52,0,52,258
04/29/2003,LFT,LA,ASW,CE,Towers with Radar,3,42,32,0,77,0,45,81,0,126,3,87,113,0,203,46,0,46,249
04/30/2003,LFT,LA,ASW,CE,Towers with Radar,0,30,40,5,75,0,2,70,0,72,0,32,110,5,147,16,0,16,163
05/01/2003,LFT,LA,ASW,CE,Towers with Radar,1,55,50,17,123,0,67,28,0,95,1,122,78,17,218,47,10,57,275
05/02/2003,LFT,LA,ASW,CE,Towers with Radar,3,48,44,2,97,0,43,72,0,115,3,91,116,2,212,20,0,20,232
05/03/2003,LFT,LA,ASW,CE,Towers with Radar,2,37,26,3,68,0,39,61,0,100,2,76,87,3,168,12,4,16,184
05/04/2003,LFT,LA,ASW,CE,Towers with Radar,0,43,42,14,99,0,27,31,0,58,0,70,73,14,157,24,0,24,181
05/05/2003,LFT,LA,ASW,CE,Towers with Radar,0,38,48,2,88,0,42,21,0,63,0,80,69,2,151,8,0,8,159
05/06/2003,LFT,LA,ASW,CE,Towers with Radar,7,40,49,0,96,0,23,34,0,57,7,63,83,0,153,24,2,26,179
05/07/2003,LFT,LA,ASW,CE,Towers with Radar,0,50,52,0,102,0,54,8,0,62,0,104,60,0,164,36,0,36,200
05/08/2003,LFT,LA,ASW,CE,Towers with Radar,2,37,51,0,90,0,49,54,0,103,2,86,105,0,193,20,0,20,213
05/09/2003,LFT,LA,ASW,CE,Towers with Radar,4,39,40,0,83,0,28,43,0,71,4,67,83,0,154,16,0,16,170
05/10/2003,LFT,LA,ASW,CE,Towers with Radar,3,29,22,2,56,0,40,41,0,81,3,69,63,2,137,0,6,6,143
05/11/2003,LFT,LA,ASW,CE,Towers with Radar,0,31,18,0,49,0,32,31,0,63,0,63,49,0,112,26,0,26,138
05/12/2003,LFT,LA,ASW,CE,Towers with Radar,0,52,49,0,101,0,50,89,0,139,0,102,138,0,240,32,0,32,272
05/13/2003,LFT,LA,ASW,CE,Towers with Radar,5,51,47,10,113,0,48,67,0,115,5,99,114,10,228,20,2,22,250
05/14/2003,LFT,LA,ASW,CE,Towers with Radar,2,36,28,1,67,0,5,30,0,35,2,41,58,1,102,96,0,96,198
05/15/2003,LFT,LA,ASW,CE,Towers with Radar,3,32,48,8,91,0,51,51,0,102,3,83,99,8,193,12,1,13,206
05/16/2003,LFT,LA,ASW,CE,Towers with Radar,2,40,62,8,112,0,54,54,0,108,2,94,116,8,220,10,14,24,244
05/17/2003,LFT,LA,ASW,CE,Towers with Radar,2,30,25,2,59,0,41,24,2,67,2,71,49,4,126,8,2,10,136
05/18/2003,LFT,LA,ASW,CE,Towers with Radar,0,42,32,0,74,0,30,113,0,143,0,72,145,0,217,40,0,40,257
05/19/2003,LFT,LA,ASW,CE,Towers with Radar,0,44,45,2,91,0,42,75,0,117,0,86,120,2,208,24,4,28,236
05/20/2003,LFT,LA,ASW,CE,Towers with Radar,10,34,40,0,84,0,62,69,0,131,10,96,109,0,215,26,0,26,241
05/21/2003,LFT,LA,ASW,CE,Towers with Radar,2,51,59,0,112,0,0,35,0,35,2,51,94,0,147,94,0,94,241
05/22/2003,LFT,LA,ASW,CE,Towers with Radar,1,36,60,0,97,0,71,61,0,132,1,107,121,0,229,46,3,49,278
05/23/2003,LFT,LA,ASW,CE,Towers with Radar,3,45,37,1,86,0,58,83,1,142,3,103,120,2,228,43,0,43,271
05/24/2003,LFT,LA,ASW,CE,Towers with Radar,2,34,19,0,55,0,28,74,0,102,2,62,93,0,157,22,0,22,179
05/25/2003,LFT,LA,ASW,CE,Towers with Radar,0,28,21,0,49,0,20,51,0,71,0,48,72,0,120,10,0,10,130
05/26/2003,LFT,LA,ASW,CE,Towers with Radar,0,30,30,0,60,0,23,45,0,68,0,53,75,0,128,64,0,64,192
05/27/2003,LFT,LA,ASW,CE,Towers with Radar,4,34,53,9,100,0,46,40,0,86,4,80,93,9,186,42,2,44,230
05/28/2003,LFT,LA,ASW,CE,Towers with Radar,0,45,30,0,75,0,40,60,0,100,0,85,90,0,175,36,0,36,211
05/29/2003,LFT,LA,ASW,CE,Towers with Radar,2,46,59,0,107,0,51,81,2,134,2,97,140,2,241,28,0,28,269
05/30/2003,LFT,LA,ASW,CE,Towers with Radar,3,36,37,6,82,0,65,72,0,137,3,101,109,6,219,18,6,24,243
05/31/2003,LFT,LA,ASW,CE,Towers with Radar,3,33,24,8,68,0,27,91,0,118,3,60,115,8,186,24,8,32,218
06/01/2003,LFT,LA,ASW,CE,Towers with Radar,0,36,28,6,70,0,23,51,0,74,0,59,79,6,144,48,0,48,192
06/02/2003,LFT,LA,ASW,CE,Towers with Radar,0,35,24,0,59,0,54,41,0,95,0,89,65,0,154,14,0,14,168
06/03/2003,LFT,LA,ASW,CE,Towers with Radar,2,56,48,8,114,0,61,57,0,118,2,117,105,8,232,8,10,18,250
06/04/2003,LFT,LA,ASW,CE,Towers with Radar,3,43,51,0,97,0,1,60,0,61,3,44,111,0,158,30,0,30,188
06/05/2003,LFT,LA,ASW,CE,Towers with Radar,1,34,37,1,73,0,27,28,0,55,1,61,65,1,128,14,0,14,142
06/06/2003,LFT,LA,ASW,CE,Towers with Radar,0,39,29,0,68,0,43,15,0,58,0,82,44,0,126,18,0,18,144
06/07/2003,LFT,LA,ASW,CE,Towers with Radar,3,32,20,2,57,0,21,27,0,48,3,53,47,2,105,4,4,8,113
06/08/2003,LFT,LA,ASW,CE,Towers with Radar,0,34,31,0,65,0,54,75,0,129,0,88,106,0,194,24,0,24,218
06/09/2003,LFT,LA,ASW,CE,Towers with Radar,0,33,25,1,59,0,45,56,0,101,0,78,81,1,160,46,0,46,206
06/10/2003,LFT,LA,ASW,CE,Towers with Radar,3,48,44,0,95,0,82,56,0,138,3,130,100,0,233,62,0,62,295
06/11/2003,LFT,LA,ASW,CE,Towers with Radar,0,39,41,0,80,0,20,25,0,45,0,59,66,0,125,20,0,20,145
06/12/2003,LFT,LA,ASW,CE,Towers with Radar,2,26,40,11,79,0,46,26,0,72,2,72,66,11,151,26,0,26,177
06/13/2003,LFT,LA,ASW,CE,Towers with Radar,8,42,20,0,70,0,70,65,0,135,8,112,85,0,205,52,4,56,261
06/14/2003,LFT,LA,ASW,CE,Towers with Radar,8,29,14,0,51,0,40,24,0,64,8,69,38,0,115,22,0,22,137
06/15/2003,LFT,LA,ASW,CE,Towers with Radar,3,30,18,0,51,0,21,34,0,55,3,51,52,0,106,4,0,4,110
06/16/2003,LFT,LA,ASW,CE,Towers with Radar,9,41,33,0,83,0,36,29,0,65,9,77,62,0,148,44,0,44,192
06/17/2003,LFT,LA,ASW,CE,Towers with Radar,14,31,29,0,74,0,54,42,0,96,14,85,71,0,170,33,0,33,203
06/18/2003,LFT,LA,ASW,CE,Towers with Radar,4,38,39,0,81,0,0,44,0,44,4,38,83,0,125,98,0,98,223
06/19/2003,LFT,LA,ASW,CE,Towers with Radar,4,34,37,0,75,0,66,62,0,128,4,100,99,0,203,36,0,36,239
06/20/2003,LFT,LA,ASW,CE,Towers with Radar,5,32,47,4,88,0,26,52,1,79,5,58,99,5,167,10,4,14,181
06/21/2003,LFT,LA,ASW,CE,Towers with Radar,4,28,18,0,50,0,26,29,0,55,4,54,47,0,105,22,0,22,127
06/22/2003,LFT,LA,ASW,CE,Towers with Radar,2,27,14,2,45,0,46,41,0,87,2,73,55,2,132,50,4,54,186
06/23/2003,LFT,LA,ASW,CE,Towers with Radar,2,41,28,2,73,0,52,30,0,82,2,93,58,2,155,6,2,8,163
06/24/2003,LFT,LA,ASW,CE,Towers with Radar,13,36,42,1,92,0,63,45,1,109,13,99,87,2,201,10,4,14,215
06/25/2003,LFT,LA,ASW,CE,Towers with Radar,4,33,47,0,84,0,0,24,0,24,4,33,71,0,108,52,0,52,160
06/26/2003,LFT,LA,ASW,CE,Towers with Radar,4,46,42,0,92,0,64,51,0,115,4,110,93,0,207,26,0,26,233
06/27/2003,LFT,LA,ASW,CE,Towers with Radar,5,35,53,2,95,0,26,43,2,71,5,61,96,4,166,53,3,56,222
06/28/2003,LFT,LA,ASW,CE,Towers with Radar,5,38,36,0,79,0,20,57,0,77,5,58,93,0,156,30,0,30,186
06/29/2003,LFT,LA,ASW,CE,Towers with Radar,3,36,31,0,70,0,35,54,0,89,3,71,85,0,159,16,0,16,175
06/30/2003,LFT,LA,ASW,CE,Towers with Radar,2,44,10,0,56,0,19,3,0,22,2,63,13,0,78,12,0,12,90
07/01/2003,LFT,LA,ASW,CE,Towers with Radar,6,43,39,0,88,0,65,68,0,133,6,108,107,0,221,32,8,40,261
07/02/2003,LFT,LA,ASW,CE,Towers with Radar,0,44,41,3,88,0,1,55,0,56,0,45,96,3,144,106,0,106,250
07/03/2003,LFT,LA,ASW,CE,Towers with Radar,6,35,32,2,75,0,25,59,0,84,6,60,91,2,159,24,0,24,183
07/04/2003,LFT,LA,ASW,CE,Towers with Radar,2,26,11,4,43,0,19,32,0,51,2,45,43,4,94,30,2,32,126
07/05/2003,LFT,LA,ASW,CE,Towers with Radar,3,36,9,0,48,0,16,14,0,30,3,52,23,0,78,6,0,6,84
07/06/2003,LFT,LA,ASW,CE,Towers with Radar,2,38,31,0,71,0,19,37,0,56,2,57,68,0,127,50,0,50,177
07/07/2003,LFT,LA,ASW,CE,Towers with Radar,2,45,50,0,97,0,40,55,0,95,2,85,105,0,192,52,0,52,244
07/08/2003,LFT,LA,ASW,CE,Towers with Radar,7,45,64,0,116,0,40,41,0,81,7,85,105,0,197,32,0,32,229
07/09/2003,LFT,LA,ASW,CE,Towers with Radar,0,45,40,6,91,0,32,24,10,66,0,77,64,16,157,14,0,14,171
07/10/2003,LFT,LA,ASW,CE,Towers with Radar,4,49,48,9,110,0,49,42,0,91,4,98,90,9,201,20,4,24,225
07/11/2003,LFT,LA,ASW,CE,Towers with Radar,0,40,39,1,80,0,74,52,1,127,0,114,91,2,207,8,0,8,215
07/12/2003,LFT,LA,ASW,CE,Towers with Radar,4,31,33,0,68,0,51,74,0,125,4,82,107,0,193,12,0,12,205
07/13/2003,LFT,LA,ASW,CE,Towers with Radar,2,40,43,8,93,0,28,59,0,87,2,68,102,8,180,12,0,12,192
07/14/2003,LFT,LA,ASW,CE,Towers with Radar,3,35,33,0,71,0,40,45,0,85,3,75,78,0,156,42,0,42,198
07/15/2003,LFT,LA,ASW,CE,Towers with Radar,4,51,46,0,101,0,32,48,0,80,4,83,94,0,181,22,0,22,203
07/16/2003,LFT,LA,ASW,CE,Towers with Radar,5,42,64,6,117,0,1,63,1,65,5,43,127,7,182,98,16,114,296
07/17/2003,LFT,LA,ASW,CE,Towers with Radar,1,47,37,0,85,0,56,78,0,134,1,103,115,0,219,0,0,0,219
07/18/2003,LFT,LA,ASW,CE,Towers with Radar,5,49,36,12,102,0,59,88,0,147,5,108,124,12,249,50,12,62,311
07/19/2003,LFT,LA,ASW,CE,Towers with Radar,4,35,15,0,54,0,24,35,2,61,4,59,50,2,115,18,0,18,133
07/20/2003,LFT,LA,ASW,CE,Towers with Radar,0,40,26,2,68,0,22,65,0,87,0,62,91,2,155,14,0,14,169
07/21/2003,LFT,LA,ASW,CE,Towers with Radar,2,35,30,0,67,0,43,60,2,105,2,78,90,2,172,16,0,16,188
07/22/2003,LFT,LA,ASW,CE,Towers with Radar,5,39,11,2,57,0,64,46,0,110,5,103,57,2,167,8,0,8,175
07/23/2003,LFT,LA,ASW,CE,Towers with Radar,0,46,35,0,81,0,33,27,0,60,0,79,62,0,141,46,0,46,187
07/24/2003,LFT,LA,ASW,CE,Towers with Radar,3,45,58,0,106,0,64,52,1,117,3,109,110,1,223,46,0,46,269
07/25/2003,LFT,LA,ASW,CE,Towers with Radar,3,52,31,2,88,0,50,64,0,114,3,102,95,2,202,10,0,10,212
07/26/2003,LFT,LA,ASW,CE,Towers with Radar,5,34,14,0,53,0,30,34,0,64,5,64,48,0,117,30,0,30,147
07/27/2003,LFT,LA,ASW,CE,Towers with Radar,2,43,12,0,57,0,40,29,0,69,2,83,41,0,126,14,0,14,140
07/28/2003,LFT,LA,ASW,CE,Towers with Radar,3,56,38,0,97,0,56,54,0,110,3,112,92,0,207,24,0,24,231
07/29/2003,LFT,LA,ASW,CE,Towers with Radar,11,33,42,3,89,0,60,53,1,114,11,93,95,4,203,114,6,120,323
07/30/2003,LFT,LA,ASW,CE,Towers with Radar,3,49,52,1,105,0,7,70,0,77,3,56,122,1,182,86,0,86,268
07/31/2003,LFT,LA,ASW,CE,Towers with Radar,2,36,42,4,84,0,40,48,1,89,2,76,90,5,173,33,12,45,218
08/01/2003,LFT,LA,ASW,CE,Towers with Radar,5,36,43,6,90,0,77,44,1,122,5,113,87,7,212,2,0,2,214
08/02/2003,LFT,LA,ASW,CE,Towers with Radar,4,32,20,6,62,0,35,51,0,86,4,67,71,6,148,14,0,14,162
08/03/2003,LFT,LA,ASW,CE,Towers with Radar,3,33,25,0,61,0,41,57,0,98,3,74,82,0,159,12,0,12,171
08/04/2003,LFT,LA,ASW,CE,Towers with Radar,2,37,34,0,73,0,72,51,0,123,2,109,85,0,196,10,0,10,206
08/05/2003,LFT,LA,ASW,CE,Towers with Radar,5,51,47,6,109,0,68,67,0,135,5,119,114,6,244,26,4,30,274
08/06/2003,LFT,LA,ASW,CE,Towers with Radar,0,50,45,0,95,0,30,45,0,75,0,80,90,0,170,20,0,20,190
08/07/2003,LFT,LA,ASW,CE,Towers with Radar,4,42,53,5,104,0,103,53,0,156,4,145,106,5,260,47,5,52,312
08/08/2003,LFT,LA,ASW,CE,Towers with Radar,6,47,31,2,86,0,57,64,1,122,6,104,95,3,208,34,2,36,244
08/09/2003,LFT,LA,ASW,CE,Towers with Radar,5,35,14,0,54,0,43,66,0,109,5,78,80,0,163,18,0,18,181
08/10/2003,LFT,LA,ASW,CE,Towers with Radar,2,50,34,3,89,0,43,78,0,121,2,93,112,3,210,78,0,78,288
08/11/2003,LFT,LA,ASW,CE,Towers with Radar,2,38,50,4,94,0,64,57,0,121,2,102,107,4,215,92,4,96,311
08/12/2003,LFT,LA,ASW,CE,Towers with Radar,0,45,28,3,76,0,62,48,1,111,0,107,76,4,187,24,8,32,219
08/13/2003,LFT,LA,ASW,CE,Towers with Radar,5,42,51,0,98,0,1,33,0,34,5,43,84,0,132,30,0,30,162
08/14/2003,LFT,LA,ASW,CE,Towers with Radar,4,37,42,1,84,0,51,74,0,125,4,88,116,1,209,38,0,38,247
08/15/2003,LFT,LA,ASW,CE,Towers with Radar,4,39,34,2,79,0,37,58,0,95,4,76,92,2,174,28,2,30,204
08/16/2003,LFT,LA,ASW,CE,Towers with Radar,4,35,22,0,61,0,60,54,0,114,4,95,76,0,175,12,0,12,187
08/17/2003,LFT,LA,ASW,CE,Towers with Radar,2,45,40,0,87,0,36,52,2,90,2,81,92,2,177,21,0,21,198
08/18/2003,LFT,LA,ASW,CE,Towers with Radar,2,43,22,0,67,0,54,73,0,127,2,97,95,0,194,44,0,44,238
08/19/2003,LFT,LA,ASW,CE,Towers with Radar,5,27,52,0,84,0,63,47,0,110,5,90,99,0,194,8,0,8,202
08/20/2003,LFT,LA,ASW,CE,Towers with Radar,0,45,36,4,85,0,65,20,0,85,0,110,56,4,170,70,0,70,240
08/21/2003,LFT,LA,ASW,CE,Towers with Radar,4,52,51,15,122,0,61,63,1,125,4,113,114,16,247,58,10,68,315
08/22/2003,LFT,LA,ASW,CE,Towers with Radar,5,42,36,7,90,0,64,69,0,133,5,106,105,7,223,22,0,22,245
08/23/2003,LFT,LA,ASW,CE,Towers with Radar,5,46,30,2,83,0,36,79,0,115,5,82,109,2,198,30,2,32,230
08/24/2003,LFT,LA,ASW,CE,Towers with Radar,3,38,27,0,68,0,63,52,0,115,3,101,79,0,183,65,0,65,248
08/25/2003,LFT,LA,ASW,CE,Towers with Radar,1,45,57,12,115,0,69,63,0,132,1,114,120,12,247,28,4,32,279
08/26/2003,LFT,LA,ASW,CE,Towers with Radar,5,32,50,4,91,0,37,57,0,94,5,69,107,4,185,6,0,6,191
08/27/2003,LFT,LA,ASW,CE,Towers with Radar,6,47,51,0,104,0,56,66,0,122,6,103,117,0,226,18,0,18,244
08/28/2003,LFT,LA,ASW,CE,Towers with Radar,3,37,44,0,84,0,4,53,0,57,3,41,97,0,141,62,0,62,203
08/29/2003,LFT,LA,ASW,CE,Towers with Radar,7,48,45,0,100,0,93,61,0,154,7,141,106,0,254,14,0,14,268
08/30/2003,LFT,LA,ASW,CE,Towers with Radar,3,30,15,0,48,0,32,3,0,35,3,62,18,0,83,4,0,4,87
08/31/2003,LFT,LA,ASW,CE,Towers with Radar,2,25,16,0,43,0,31,6,0,37,2,56,22,0,80,4,0,4,84
09/01/2003,LFT,LA,ASW,CE,Towers with Radar,3,31,33,0,67,0,48,54,0,102,3,79,87,0,169,54,0,54,223
09/02/2003,LFT,LA,ASW,CE,Towers with Radar,2,51,21,2,76,0,68,48,0,116,2,119,69,2,192,20,2,22,214
09/03/2003,LFT,LA,ASW,CE,Towers with Radar,5,42,58,0,105,0,2,57,0,59,5,44,115,0,164,94,0,94,258
09/04/2003,LFT,LA,ASW,CE,Towers with Radar,4,37,45,0,86,0,70,47,0,117,4,107,92,0,203,26,6,32,235
09/05/2003,LFT,LA,ASW,CE,Towers with Radar,2,40,34,9,85,0,47,75,2,124,2,87,109,11,209,18,0,18,227
09/06/2003,LFT,LA,ASW,CE,Towers with Radar,2,37,26,6,71,0,43,82,0,125,2,80,108,6,196,32,8,40,236
09/07/2003,LFT,LA,ASW,CE,Towers with Radar,0,63,34,0,97,0,66,100,0,166,0,129,134,0,263,70,0,70,333
09/08/2003,LFT,LA,ASW,CE,Towers with Radar,1,42,34,4,81,0,45,55,0,100,1,87,89,4,181,4,0,4,185
09/09/2003,LFT,LA,ASW,CE,Towers with Radar,3,34,43,0,80,0,50,60,0,110,3,84,103,0,190,18,0,18,208
09/10/2003,LFT,LA,ASW,CE,Towers with Radar,2,35,48,0,85,0,24,41,0,65,2,59,89,0,150,28,0,28,178
09/11/2003,LFT,LA,ASW,CE,Towers with Radar,2,47,34,1,84,0,67,32,0,99,2,114,66,1,183,14,0,14,197
09/12/2003,LFT,LA,ASW,CE,Towers with Radar,2,40,37,2,81,0,31,25,0,56,2,71,62,2,137,14,0,14,151
09/13/2003,LFT,LA,ASW,CE,Towers with Radar,2,35,22,0,59,0,58,47,0,105,2,93,69,0,164,20,0,20,184
09/14/2003,LFT,LA,ASW,CE,Towers with Radar,0,50,39,0,89,0,40,61,0,101,0,90,100,0,190,22,0,22,212
09/15/2003,LFT,LA,ASW,CE,Towers with Radar,0,31,39,0,70,0,56,68,0,124,0,87,107,0,194,78,0,78,272
09/16/2003,LFT,LA,ASW,CE,Towers with Radar,4,52,45,2,103,0,84,126,0,210,4,136,171,2,313,12,0,12,325
09/17/2003,LFT,LA,ASW,CE,Towers with Radar,1,38,39,0,78,0,41,102,0,143,1,79,141,0,221,11,0,11,232
09/18/2003,LFT,LA,ASW,CE,Towers with Radar,3,43,48,0,94,0,62,79,0,141,3,105,127,0,235,2,0,2,237
09/19/2003,LFT,LA,ASW,CE,Towers with Radar,4,39,30,0,73,0,51,64,0,115,4,90,94,0,188,12,0,12,200
09/20/2003,LFT,LA,ASW,CE,Towers with Radar,2,45,25,0,72,0,19,53,0,72,2,64,78,0,144,10,0,10,154
09/21/2003,LFT,LA,ASW,CE,Towers with Radar,0,42,19,0,61,0,4,0,0,4,0,46,19,0,65,2,0,2,67
09/22/2003,LFT,LA,ASW,CE,Towers with Radar,0,41,29,0,70,0,33,42,0,75,0,74,71,0,145,12,0,12,157
09/23/2003,LFT,LA,ASW,CE,Towers with Radar,3,41,42,2,88,0,56,65,0,121,3,97,107,2,209,28,4,32,241
09/24/2003,LFT,LA,ASW,CE,Towers with Radar,3,37,43,0,83,0,62,64,0,126,3,99,107,0,209,28,4,32,241
09/25/2003,LFT,LA,ASW,CE,Towers with Radar,3,41,42,0,86,0,1,90,0,91,3,42,132,0,177,104,0,104,281
09/26/2003,LFT,LA,ASW,CE,Towers with Radar,4,38,46,4,92,0,32,61,0,93,4,70,107,4,185,46,0,46,231
09/27/2003,LFT,LA,ASW,CE,Towers with Radar,2,35,11,1,49,0,26,70,0,96,2,61,81,1,145,16,0,16,161
09/28/2003,LFT,LA,ASW,CE,Towers with Radar,0,44,32,4,80,0,64,85,0,149,0,108,117,4,229,44,4,48,277
09/29/2003,LFT,LA,ASW,CE,Towers with Radar,0,41,27,0,68,0,45,79,0,124,0,86,106,0,192,24,0,24,216
09/30/2003,LFT,LA,ASW,CE,Towers with Radar,4,43,36,0,83,0,30,62,0,92,4,73,98,0,175,44,0,44,219
10/01/2003,LFT,LA,ASW,CE,Towers with Radar,2,34,40,0,76,0,51,84,2,137,2,85,124,2,213,32,0,32,245
10/02/2003,LFT,LA,ASW,CE,Towers with Radar,2,37,30,0,69,0,53,63,0,116,2,90,93,0,185,22,0,22,207
10/03/2003,LFT,LA,ASW,CE,Towers with Radar,2,45,50,10,107,0,48,107,0,155,2,93,157,10,262,24,8,32,294
10/04/2003,LFT,LA,ASW,CE,Towers with Radar,2,32,26,0,60,0,35,64,0,99,2,67,90,0,159,8,0,8,167
10/05/2003,LFT,LA,ASW,CE,Towers with Radar,0,51,23,0,74,0,38,75,0,113,0,89,98,0,187,20,0,20,207
10/06/2003,LFT,LA,ASW,CE,Towers with Radar,0,35,27,0,62,0,18,25,0,43,0,53,52,0,105,2,0,2,107
10/07/2003,LFT,LA,ASW,CE,Towers with Radar,3,36,50,2,91,0,56,21,0,77,3,92,71,2,168,16,2,18,186
10/08/2003,LFT,LA,ASW,CE,Towers with Radar,0,41,58,0,99,0,0,56,0,56,0,41,114,0,155,30,0,30,185
10/09/2003,LFT,LA,ASW,CE,Towers with Radar,0,30,37,0,67,1,2,0,0,3,1,32,37,0,70,0,0,0,70
10/10/2003,LFT,LA,ASW,CE,Towers with Radar,3,91,64,0,158,0,20,9,0,29,3,111,73,0,187,0,0,0,187
10/11/2003,LFT,LA,ASW,CE,Towers with Radar,2,31,37,0,70,0,27,23,0,50,2,58,60,0,120,6,0,6,126
10/12/2003,LFT,LA,ASW,CE,Towers with Radar,0,34,25,0,59,0,46,57,0,103,0,80,82,0,162,20,0,20,182
10/13/2003,LFT,LA,ASW,CE,Towers with Radar,0,49,35,0,84,0,24,62,0,86,0,73,97,0,170,24,0,24,194
10/14/2003,LFT,LA,ASW,CE,Towers with Radar,4,44,42,2,92,0,53,57,0,110,4,97,99,2,202,40,0,40,242
10/15/2003,LFT,LA,ASW,CE,Towers with Radar,2,34,44,0,80,0,0,52,0,52,2,34,96,0,132,68,0,68,200
10/16/2003,LFT,LA,ASW,CE,Towers with Radar,4,43,35,0,82,0,78,114,0,192,4,121,149,0,274,24,0,24,298
10/17/2003,LFT,LA,ASW,CE,Towers with Radar,2,50,34,0,86,0,44,50,0,94,2,94,84,0,180,30,0,30,210
10/18/2003,LFT,LA,ASW,CE,Towers with Radar,2,52,17,0,71,0,43,56,0,99,2,95,73,0,170,14,0,14,184
10/19/2003,LFT,LA,ASW,CE,Towers with Radar,0,39,22,0,61,0,22,86,0,108,0,61,108,0,169,54,0,54,223
10/20/2003,LFT,LA,ASW,CE,Towers with Radar,0,36,27,3,66,0,69,55,3,127,0,105,82,6,193,8,2,10,203
10/21/2003,LFT,LA,ASW,CE,Towers with Radar,3,36,39,0,78,0,45,61,0,106,3,81,100,0,184,28,0,28,212
10/22/2003,LFT,LA,ASW,CE,Towers with Radar,0,39,37,0,76,0,49,52,0,101,0,88,89,0,177,50,0,50,227
10/23/2003,LFT,LA,ASW,CE,Towers with Radar,4,44,42,0,90,0,50,62,0,112,4,94,104,0,202,38,0,38,240
10/24/2003,LFT,LA,ASW,CE,Towers with Radar,4,35,29,6,74,0,35,54,0,89,4,70,83,6,163,8,6,14,177
10/25/2003,LFT,LA,ASW,CE,Towers with Radar,3,55,26,0,84,0,0,8,0,8,3,55,34,0,92,2,0,2,94
10/26/2003,LFT,LA,ASW,CE,Towers with Radar,0,40,20,0,60,0,0,0,0,0,0,40,20,0,60,0,0,0,60
10/27/2003,LFT,LA,ASW,CE,Towers with Radar,0,38,49,2,89,0,7,43,0,50,0,45,92,2,139,36,6,42,181
10/28/2003,LFT,LA,ASW,CE,Towers with Radar,6,38,24,0,68,0,47,83,0,130,6,85,107,0,198,44,0,44,242
10/29/2003,LFT,LA,ASW,CE,Towers with Radar,4,38,72,0,114,0,50,70,0,120,4,88,142,0,234,46,0,46,280
10/30/2003,LFT,LA,ASW,CE,Towers with Radar,6,43,50,0,99,0,40,74,1,115,6,83,124,1,214,30,0,30,244
10/31/2003,LFT,LA,ASW,CE,Towers with Radar,2,45,57,0,104,0,24,84,0,108,2,69,141,0,212,48,0,48,260
11/01/2003,LFT,LA,ASW,CE,Towers with Radar,2,34,25,2,63,0,28,53,0,81,2,62,78,2,144,20,2,22,166
11/02/2003,LFT,LA,ASW,CE,Towers with Radar,0,52,43,0,95,0,27,56,0,83,0,79,99,0,178,2,0,2,180
11/03/2003,LFT,LA,ASW,CE,Towers with Radar,0,48,40,0,88,0,44,49,0,93,0,92,89,0,181,0,0,0,181
11/04/2003,LFT,LA,ASW,CE,Towers with Radar,4,38,33,0,75,0,55,50,0,105,4,93,83,0,180,25,0,25,205
11/05/2003,LFT,LA,ASW,CE,Towers with Radar,0,39,56,0,95,0,53,58,0,111,0,92,114,0,206,46,0,46,252
11/06/2003,LFT,LA,ASW,CE,Towers with Radar,5,40,54,1,100,0,55,54,0,109,5,95,108,1,209,28,0,28,237
11/07/2003,LFT,LA,ASW,CE,Towers with Radar,3,50,69,4,126,0,69,33,0,102,3,119,102,4,228,24,10,34,262
11/08/2003,LFT,LA,ASW,CE,Towers with Radar,2,38,19,0,59,0,43,37,0,80,2,81,56,0,139,12,0,12,151
11/09/2003,LFT,LA,ASW,CE,Towers with Radar,1,38,24,0,63,0,34,61,0,95,1,72,85,0,158,20,0,20,178
11/10/2003,LFT,LA,ASW,CE,Towers with Radar,0,34,31,1,66,0,57,40,1,98,0,91,71,2,164,22,0,22,186
11/11/2003,LFT,LA,ASW,CE,Towers with Radar,3,52,50,0,105,0,35,50,0,85,3,87,100,0,190,18,0,18,208
11/12/2003,LFT,LA,ASW,CE,Towers with Radar,2,40,47,1,90,0,41,47,0,88,2,81,94,1,178,8,0,8,186
11/13/2003,LFT,LA,ASW,CE,Towers with Radar,2,43,71,6,122,0,29,45,0,74,2,72,116,6,196,2,0,2,198
11/14/2003,LFT,LA,ASW,CE,Towers with Radar,5,42,49,7,103,0,27,71,0,98,5,69,120,7,201,4,10,14,215
11/15/2003,LFT,LA,ASW,CE,Towers with Radar,2,38,60,0,100,0,45,42,0,87,2,83,102,0,187,6,0,6,193
11/16/2003,LFT,LA,ASW,CE,Towers with Radar,2,93,37,0,132,0,4,25,0,29,2,97,62,0,161,4,0,4,165
11/17/2003,LFT,LA,ASW,CE,Towers with Radar,9,43,29,0,81,0,40,8,0,48,9,83,37,0,129,0,0,0,129
11/18/2003,LFT,LA,ASW,CE,Towers with Radar,4,46,42,1,93,0,14,9,0,23,4,60,51,1,116,52,2,54,170
11/19/2003,LFT,LA,ASW,CE,Towers with Radar,2,46,60,0,108,0,28,48,0,76,2,74,108,0,184,12,0,12,196
11/20/2003,LFT,LA,ASW,CE,Towers with Radar,2,54,44,0,100,0,63,89,0,152,2,117,133,0,252,4,0,4,256
11/21/2003,LFT,LA,ASW,CE,Towers with Radar,2,38,49,0,89,0,76,71,0,147,2,114,120,0,236,30,0,30,266
11/22/2003,LFT,LA,ASW,CE,Towers with Radar,2,40,26,0,68,0,57,34,0,91,2,97,60,0,159,20,0,20,179
11/23/2003,LFT,LA,ASW,CE,Towers with Radar,0,34,40,11,85,0,41,32,1,74,0,75,72,12,159,14,10,24,183
11/24/2003,LFT,LA,ASW,CE,Towers with Radar,0,41,34,6,81,0,45,24,1,70,0,86,58,7,151,4,6,10,161
11/25/2003,LFT,LA,ASW,CE,Towers with Radar,4,45,50,1,100,0,49,80,0,129,4,94,130,1,229,32,0,32,261
11/26/2003,LFT,LA,ASW,CE,Towers with Radar,1,50,36,1,88,0,43,42,0,85,1,93,78,1,173,68,0,68,241
11/27/2003,LFT,LA,ASW,CE,Towers with Radar,0,27,8,0,35,0,4,1,0,5,0,31,9,0,40,0,0,0,40
11/28/2003,LFT,LA,ASW,CE,Towers with Radar,0,31,21,0,52,0,20,33,1,54,0,51,54,1,106,4,0,4,110
11/29/2003,LFT,LA,ASW,CE,Towers with Radar,3,41,18,0,62,0,42,90,0,132,3,83,108,0,194,10,0,10,204
11/30/2003,LFT,LA,ASW,CE,Towers with Radar,0,43,37,0,80,0,39,92,0,131,0,82,129,0,211,20,0,20,231
12/01/2003,LFT,LA,ASW,CE,Towers with Radar,0,40,27,0,67,0,42,54,0,96,0,82,81,0,163,22,0,22,185
12/02/2003,LFT,LA,ASW,CE,Towers with Radar,3,43,40,1,87,0,74,59,0,133,3,117,99,1,220,30,2,32,252
12/03/2003,LFT,LA,ASW,CE,Towers with Radar,2,46,53,3,104,0,94,54,0,148,2,140,107,3,252,50,4,54,306
12/04/2003,LFT,LA,ASW,CE,Towers with Radar,2,36,54,0,92,0,27,20,0,47,2,63,74,0,139,2,0,2,141
12/05/2003,LFT,LA,ASW,CE,Towers with Radar,3,38,50,3,94,0,43,50,0,93,3,81,100,3,187,10,2,12,199
12/06/2003,LFT,LA,ASW,CE,Towers with Radar,2,32,33,0,67,0,20,70,0,90,2,52,103,0,157,46,0,46,203
12/07/2003,LFT,LA,ASW,CE,Towers with Radar,0,51,50,2,103,0,32,60,0,92,0,83,110,2,195,18,2,20,215
12/08/2003,LFT,LA,ASW,CE,Towers with Radar,0,38,42,5,85,0,63,66,0,129,0,101,108,5,214,28,4,32,246
12/09/2003,LFT,LA,ASW,CE,Towers with Radar,3,38,47,0,88,0,54,33,0,87,3,92,80,0,175,2,0,2,177
12/10/2003,LFT,LA,ASW,CE,Towers with Radar,5,34,40,0,79,0,34,32,0,66,5,68,72,0,145,36,0,36,181
12/11/2003,LFT,LA,ASW,CE,Towers with Radar,4,46,40,2,92,0,49,90,0,139,4,95,130,2,231,30,4,34,265
12/12/2003,LFT,LA,ASW,CE,Towers with Radar,7,40,46,0,93,0,48,45,0,93,7,88,91,0,186,4,0,4,190
12/13/2003,LFT,LA,ASW,CE,Towers with Radar,9,58,35,0,102,0,4,1,0,5,9,62,36,0,107,0,0,0,107
12/14/2003,LFT,LA,ASW,CE,Towers with Radar,0,47,56,4,107,0,6,91,0,97,0,53,147,4,204,26,0,26,230
12/15/2003,LFT,LA,ASW,CE,Towers with Radar,0,40,38,4,82,0,51,59,0,110,0,91,97,4,192,0,0,0,192
12/16/2003,LFT,LA,ASW,CE,Towers with Radar,3,46,60,0,109,0,37,59,0,96,3,83,119,0,205,60,0,60,265
12/17/2003,LFT,LA,ASW,CE,Towers with Radar,4,38,43,0,85,0,58,70,0,128,4,96,113,0,213,26,1,27,240
12/18/2003,LFT,LA,ASW,CE,Towers with Radar,5,36,64,0,105,0,49,80,0,129,5,85,144,0,234,28,2,30,264
12/19/2003,LFT,LA,ASW,CE,Towers with Radar,5,44,46,4,99,0,46,100,0,146,5,90,146,4,245,43,0,43,288
12/20/2003,LFT,LA,ASW,CE,Towers with Radar,2,33,20,0,55,0,39,64,0,103,2,72,84,0,158,34,0,34,192
12/21/2003,LFT,LA,ASW,CE,Towers with Radar,0,41,27,3,71,0,30,59,0,89,0,71,86,3,160,10,0,10,170
12/22/2003,LFT,LA,ASW,CE,Towers with Radar,0,9,34,0,43,0,31,59,0,90,0,40,93,0,133,16,0,16,149
12/23/2003,LFT,LA,ASW,CE,Towers with Radar,3,49,36,0,88,0,26,23,0,49,3,75,59,0,137,8,0,8,145
12/24/2003,LFT,LA,ASW,CE,Towers with Radar,5,30,16,0,51,0,22,51,0,73,5,52,67,0,124,14,0,14,138
12/25/2003,LFT,LA,ASW,CE,Towers with Radar,0,28,12,0,40,0,20,14,0,34,0,48,26,0,74,0,0,0,74
12/26/2003,LFT,LA,ASW,CE,Towers with Radar,2,38,33,0,73,0,20,41,0,61,2,58,74,0,134,6,0,6,140
12/27/2003,LFT,LA,ASW,CE,Towers with Radar,2,30,26,0,58,0,24,56,0,80,2,54,82,0,138,8,0,8,146
12/28/2003,LFT,LA,ASW,CE,Towers with Radar,0,30,31,0,61,0,0,26,0,26,0,30,57,0,87,8,0,8,95
12/29/2003,LFT,LA,ASW,CE,Towers with Radar,0,37,34,0,71,0,29,9,0,38,0,66,43,0,109,0,0,0,109
12/30/2003,LFT,LA,ASW,CE,Towers with Radar,3,35,37,2,77,0,37,74,0,111,3,72,111,2,188,20,2,22,210
12/31/2003,LFT,LA,ASW,CE,Towers with Radar,3,35,20,0,58,0,30,57,0,87,3,65,77,0,145,12,0,12,157
01/01/2004,LFT,LA,ASW,CE,Towers with Radar,1,32,9,0,42,0,15,23,0,38,1,47,32,0,80,14,0,14,94
01/02/2004,LFT,LA,ASW,CE,Towers with Radar,0,38,48,0,86,0,11,6,0,17,0,49,54,0,103,10,0,10,113
01/03/2004,LFT,LA,ASW,CE,Towers with Radar,3,29,40,0,72,0,17,31,0,48,3,46,71,0,120,16,0,16,136
01/04/2004,LFT,LA,ASW,CE,Towers with Radar,0,31,24,0,55,0,14,14,0,28,0,45,38,0,83,0,0,0,83
01/05/2004,LFT,LA,ASW,CE,Towers with Radar,0,34,38,0,72,0,16,2,0,18,0,50,40,0,90,2,0,2,92
01/06/2004,LFT,LA,ASW,CE,Towers with Radar,4,53,39,0,96,0,22,49,0,71,4,75,88,0,167,4,0,4,171
01/07/2004,LFT,LA,ASW,CE,Towers with Radar,0,37,51,0,88,0,35,52,0,87,0,72,103,0,175,54,0,54,229
01/08/2004,LFT,LA,ASW,CE,Towers with Radar,2,35,39,0,76,0,6,5,0,11,2,41,44,0,87,0,0,0,87
01/09/2004,LFT,LA,ASW,CE,Towers with Radar,3,58,58,0,119,0,17,38,0,55,3,75,96,0,174,14,0,14,188
01/10/2004,LFT,LA,ASW,CE,Towers with Radar,2,22,15,0,39,0,49,66,0,115,2,71,81,0,154,26,0,26,180
01/11/2004,LFT,LA,ASW,CE,Towers with Radar,0,36,49,0,85,0,24,79,0,103,0,60,128,0,188,14,2,16,204
01/12/2004,LFT,LA,ASW,CE,Towers with Radar,0,51,46,4,101,0,40,63,0,103,0,91,109,4,204,28,0,28,232
01/13/2004,LFT,LA,ASW,CE,Towers with Radar,3,39,31,0,73,0,40,58,0,98,3,79,89,0,171,36,0,36,207
01/14/2004,LFT,LA,ASW,CE,Towers with Radar,3,43,49,0,95,0,30,60,0,90,3,73,109,0,185,37,0,37,222
01/15/2004,LFT,LA,ASW,CE,Towers with Radar,1,37,50,0,88,0,29,46,0,75,1,66,96,0,163,35,0,35,198
01/16/2004,LFT,LA,ASW,CE,Towers with Radar,3,37,45,0,85,0,63,43,0,106,3,100,88,0,191,22,0,22,213
01/17/2004,LFT,LA,ASW,CE,Towers with Radar,2,22,7,0,31,0,1,0,0,1,2,23,7,0,32,0,0,0,32
01/18/2004,LFT,LA,ASW,CE,Towers with Radar,0,33,22,0,55,0,30,30,0,60,0,63,52,0,115,18,0,18,133
01/19/2004,LFT,LA,ASW,CE,Towers with Radar,0,36,30,0,66,0,34,50,0,84,0,70,80,0,150,14,0,14,164
01/20/2004,LFT,LA,ASW,CE,Towers with Radar,2,43,52,0,97,0,33,56,0,89,2,76,108,0,186,30,0,30,216
01/21/2004,LFT,LA,ASW,CE,Towers with Radar,3,37,45,4,89,0,54,63,0,117,3,91,108,4,206,24,2,26,232
01/22/2004,LFT,LA,ASW,CE,Towers with Radar,2,36,35,0,73,0,72,69,0,141,2,108,104,0,214,50,0,50,264
01/23/2004,LFT,LA,ASW,CE,Towers with Radar,2,43,34,0,79,0,38,87,0,125,2,81,121,0,204,38,4,42,246
01/24/2004,LFT,LA,ASW,CE,Towers with Radar,3,24,19,10,56,0,26,17,0,43,3,50,36,10,99,20,30,50,149
01/25/2004,LFT,LA,ASW,CE,Towers with Radar,0,31,23,6,60,0,33,48,0,81,0,64,71,6,141,6,4,10,151
01/26/2004,LFT,LA,ASW,CE,Towers with Radar,0,35,21,6,62,0,51,46,0,97,0,86,67,6,159,6,0,6,165
01/27/2004,LFT,LA,ASW,CE,Towers with Radar,3,32,32,0,67,0,55,61,0,116,3,87,93,0,183,14,0,14,197
01/28/2004,LFT,LA,ASW,CE,Towers with Radar,2,46,51,0,99,0,55,65,0,120,2,101,116,0,219,20,2,22,241
01/29/2004,LFT,LA,ASW,CE,Towers with Radar,4,24,36,2,66,0,52,43,2,97,4,76,79,4,163,24,4,28,191
01/30/2004,LFT,LA,ASW,CE,Towers with Radar,2,44,28,0,74,0,0,6,0,6,2,44,34,0,80,0,0,0,80
01/31/2004,LFT,LA,ASW,CE,Towers with Radar,2,25,22,2,51,0,44,65,0,109,2,69,87,2,160,44,2,46,206
02/01/2004,LFT,LA,ASW,CE,Towers with Radar,0,32,23,4,59,0,17,30,0,47,0,49,53,4,106,10,4,14,120
02/02/2004,LFT,LA,ASW,CE,Towers with Radar,0,56,51,3,110,0,26,47,0,73,0,82,98,3,183,26,2,28,211
02/03/2004,LFT,LA,ASW,CE,Towers with Radar,4,48,45,2,99,0,53,94,0,147,4,101,139,2,246,42,4,46,292
02/04/2004,LFT,LA,ASW,CE,Towers with Radar,1,40,48,0,89,0,34,27,0,61,1,74,75,0,150,26,0,26,176
02/05/2004,LFT,LA,ASW,CE,Towers with Radar,2,38,40,0,80,0,2,0,0,2,2,40,40,0,82,0,0,0,82
02/06/2004,LFT,LA,ASW,CE,Towers with Radar,3,33,54,4,94,0,38,34,0,72,3,71,88,4,166,28,0,28,194
02/07/2004,LFT,LA,ASW,CE,Towers with Radar,2,29,11,0,42,0,59,99,0,158,2,88,110,0,200,8,0,8,208
02/08/2004,LFT,LA,ASW,CE,Towers with Radar,0,27,29,4,60,0,27,73,1,101,0,54,102,5,161,14,0,14,175
02/09/2004,LFT,LA,ASW,CE,Towers with Radar,0,37,20,0,57,0,40,46,0,86,0,77,66,0,143,44,0,44,187
02/10/2004,LFT,LA,ASW,CE,Towers with Radar,2,60,38,0,100,0,0,0,0,0,2,60,38,0,100,6,0,6,106
02/11/2004,LFT,LA,ASW,CE,Towers with Radar,3,35,26,0,64,0,0,0,0,0,3,35,26,0,64,0,0,0,64
02/12/2004,LFT,LA,ASW,CE,Towers with Radar,2,45,46,0,93,0,50,12,2,64,2,95,58,2,157,0,0,0,157
02/13/2004,LFT,LA,ASW,CE,Towers with Radar,2,50,27,0,79,0,26,15,0,41,2,76,42,0,120,40,0,40,160
02/14/2004,LFT,LA,ASW,CE,Towers with Radar,3,57,17,0,77,0,3,0,0,3,3,60,17,0,80,0,0,0,80
02/15/2004,LFT,LA,ASW,CE,Towers with Radar,0,43,25,2,70,0,37,34,0,71,0,80,59,2,141,28,0,28,169
02/16/2004,LFT,LA,ASW,CE,Towers with Radar,0,35,39,0,74,0,69,62,0,131,0,104,101,0,205,28,0,28,233
02/17/2004,LFT,LA,ASW,CE,Towers with Radar,3,39,37,0,79,0,66,84,0,150,3,105,121,0,229,16,0,16,245
02/18/2004,LFT,LA,ASW,CE,Towers with Radar,3,35,54,4,96,0,58,85,0,143,3,93,139,4,239,30,0,30,269
02/19/2004,LFT,LA,ASW,CE,Towers with Radar,3,32,52,0,87,0,59,60,0,119,3,91,112,0,206,16,0,16,222
02/20/2004,LFT,LA,ASW,CE,Towers with Radar,3,36,38,13,90,0,47,36,0,83,3,83,74,13,173,20,4,24,197
02/21/2004,LFT,LA,ASW,CE,Towers with Radar,2,29,22,8,61,0,36,74,0,110,2,65,96,8,171,14,0,14,185
02/22/2004,LFT,LA,ASW,CE,Towers with Radar,0,35,22,0,57,0,29,56,0,85,0,64,78,0,142,36,0,36,178
02/23/2004,LFT,LA,ASW,CE,Towers with Radar,2,46,16,0,64,0,1,1,0,2,2,47,17,0,66,0,0,0,66
02/24/2004,LFT,LA,ASW,CE,Towers with Radar,3,54,31,0,88,0,0,0,0,0,3,54,31,0,88,0,0,0,88
02/25/2004,LFT,LA,ASW,CE,Towers with Radar,0,100,49,0,149,0,3,0,0,3,0,103,49,0,152,0,0,0,152
02/26/2004,LFT,LA,ASW,CE,Towers with Radar,2,68,65,0,135,0,16,26,0,42,2,84,91,0,177,2,4,6,183
02/27/2004,LFT,LA,ASW,CE,Towers with Radar,2,41,39,7,89,0,2,79,0,81,2,43,118,7,170,54,2,56,226
02/28/2004,LFT,LA,ASW,CE,Towers with Radar,3,30,32,2,67,0,50,61,0,111,3,80,93,2,178,18,0,18,196
02/29/2004,LFT,LA,ASW,CE,Towers with Radar,0,32,23,1,56,0,28,24,0,52,0,60,47,1,108,6,0,6,114
03/01/2004,LFT,LA,ASW,CE,Towers with Radar,0,49,33,4,86,0,61,32,1,94,0,110,65,5,180,16,0,16,196
03/02/2004,LFT,LA,ASW,CE,Towers with Radar,4,40,47,0,91,0,52,34,0,86,4,92,81,0,177,4,0,4,181
03/03/2004,LFT,LA,ASW,CE,Towers with Radar,0,37,43,2,82,0,54,32,0,86,0,91,75,2,168,4,0,4,172
03/04/2004,LFT,LA,ASW,CE,Towers with Radar,0,37,29,0,66,0,34,14,0,48,0,71,43,0,114,8,0,8,122
03/05/2004,LFT,LA,ASW,CE,Towers with Radar,2,53,37,0,92,0,16,5,0,21,2,69,42,0,113,10,0,10,123
03/06/2004,LFT,LA,ASW,CE,Towers with Radar,2,33,26,0,61,0,49,87,0,136,2,82,113,0,197,14,0,14,211
03/07/2004,LFT,LA,ASW,CE,Towers with Radar,0,29,25,0,54,0,20,67,0,87,0,49,92,0,141,16,0,16,157
03/08/2004,LFT,LA,ASW,CE,Towers with Radar,0,36,24,3,63,0,43,81,0,124,0,79,105,3,187,8,0,8,195
03/09/2004,LFT,LA,ASW,CE,Towers with Radar,3,31,54,0,88,0,69,75,0,144,3,100,129,0,232,20,0,20,252
03/10/2004,LFT,LA,ASW,CE,Towers with Radar,0,41,45,0,86,0,62,72,0,134,0,103,117,0,220,44,0,44,264
03/11/2004,LFT,LA,ASW,CE,Towers with Radar,3,38,55,1,97,0,1,82,0,83,3,39,137,1,180,82,0,82,262
03/12/2004,LFT,LA,ASW,CE,Towers with Radar,2,37,52,0,91,0,87,65,0,152,2,124,117,0,243,0,0,0,243
03/13/2004,LFT,LA,ASW,CE,Towers with Radar,2,35,19,0,56,0,50,63,0,113,2,85,82,0,169,38,0,38,207
03/14/2004,LFT,LA,ASW,CE,Towers with Radar,0,37,33,1,71,0,29,9,0,38,0,66,42,1,109,2,0,2,111
03/15/2004,LFT,LA,ASW,CE,Towers with Radar,0,48,43,0,91,0,15,12,0,27,0,63,55,0,118,14,0,14,132
03/16/2004,LFT,LA,ASW,CE,Towers with Radar,4,38,51,0,93,0,40,76,1,117,4,78,127,1,210,48,0,48,258
03/17/2004,LFT,LA,ASW,CE,Towers with Radar,3,48,49,1,101,0,64,71,1,136,3,112,120,2,237,52,0,52,289
03/18/2004,LFT,LA,ASW,CE,Towers with Radar,3,35,56,0,94,0,63,67,1,131,3,98,123,1,225,4,0,4,229
03/19/2004,LFT,LA,ASW,CE,Towers with Radar,2,46,40,2,90,0,24,62,0,86,2,70,102,2,176,8,2,10,186
03/20/2004,LFT,LA,ASW,CE,Towers with Radar,1,34,27,2,64,0,42,72,0,114,1,76,99,2,178,38,0,38,216
03/21/2004,LFT,LA,ASW,CE,Towers with Radar,0,29,28,1,58,0,39,74,0,113,0,68,102,1,171,4,0,4,175
03/22/2004,LFT,LA,ASW,CE,Towers with Radar,0,43,41,1,85,0,56,77,0,133,0,99,118,1,218,36,0,36,254
03/23/2004,LFT,LA,ASW,CE,Towers with Radar,2,40,28,10,80,0,80,67,0,147,2,120,95,10,227,68,16,84,311
03/24/2004,LFT,LA,ASW,CE,Towers with Radar,1,35,34,1,71,0,92,68,0,160,1,127,102,1,231,0,2,2,233
03/25/2004,LFT,LA,ASW,CE,Towers with Radar,3,38,68,0,109,0,60,24,0,84,3,98,92,0,193,34,0,34,227
03/26/2004,LFT,LA,ASW,CE,Towers with Radar,2,40,41,10,93,0,45,60,1,106,2,85,101,11,199,56,0,56,255
03/27/2004,LFT,LA,ASW,CE,Towers with Radar,1,29,30,0,60,0,29,28,0,57,1,58,58,0,117,50,0,50,167
03/28/2004,LFT,LA,ASW,CE,Towers with Radar,0,37,36,1,74,0,39,31,0,70,0,76,67,1,144,38,0,38,182
03/29/2004,LFT,LA,ASW,CE,Towers with Radar,0,43,32,4,79,0,53,12,0,65,0,96,44,4,144,46,0,46,190
03/30/2004,LFT,LA,ASW,CE,Towers with Radar,5,41,54,0,100,0,70,76,0,146,5,111,130,0,246,10,0,10,256
03/31/2004,LFT,LA,ASW,CE,Towers with Radar,2,35,57,2,96,0,57,91,0,148,2,92,148,2,244,16,0,16,260
04/01/2004,LFT,LA,ASW,CE,Towers with Radar,2,36,44,0,82,0,51,73,0,124,2,87,117,0,206,50,0,50,256
04/02/2004,LFT,LA,ASW,CE,Towers with Radar,3,50,38,3,94,0,46,64,0,110,3,96,102,3,204,2,0,2,206
04/03/2004,LFT,LA,ASW,CE,Towers with Radar,1,29,22,3,55,0,41,80,0,121,1,70,102,3,176,24,0,24,200
04/04/2004,LFT,LA,ASW,CE,Towers with Radar,0,22,30,3,55,0,25,59,0,84,0,47,89,3,139,16,6,22,161
04/05/2004,LFT,LA,ASW,CE,Towers with Radar,0,50,38,8,96,0,64,70,0,134,0,114,108,8,230,36,0,36,266
04/06/2004,LFT,LA,ASW,CE,Towers with Radar,4,27,39,0,70,0,50,67,0,117,4,77,106,0,187,38,0,38,225
04/07/2004,LFT,LA,ASW,CE,Towers with Radar,1,42,40,0,83,0,32,22,0,54,1,74,62,0,137,26,4,30,167
04/08/2004,LFT,LA,ASW,CE,Towers with Radar,2,32,51,0,85,0,49,78,0,127,2,81,129,0,212,22,0,22,234
04/09/2004,LFT,LA,ASW,CE,Towers with Radar,3,53,33,0,89,0,40,92,0,132,3,93,125,0,221,12,0,12,233
04/10/2004,LFT,LA,ASW,CE,Towers with Radar,5,39,16,3,63,0,53,74,0,127,5,92,90,3,190,84,2,86,276
04/11/2004,LFT,LA,ASW,CE,Towers with Radar,5,40,13,0,58,0,26,3,0,29,5,66,16,0,87,0,0,0,87
04/12/2004,LFT,LA,ASW,CE,Towers with Radar,1,41,38,0,80,0,36,7,0,43,1,77,45,0,123,2,0,2,125
04/13/2004,LFT,LA,ASW,CE,Towers with Radar,2,38,53,2,95,0,54,55,0,109,2,92,108,2,204,14,2,16,220
04/14/2004,LFT,LA,ASW,CE,Towers with Radar,1,34,66,0,101,0,91,74,0,165,1,125,140,0,266,52,0,52,318
04/15/2004,LFT,LA,ASW,CE,Towers with Radar,2,56,52,6,116,0,52,92,0,144,2,108,144,6,260,32,0,32,292
04/16/2004,LFT,LA,ASW,CE,Towers with Radar,3,40,43,9,95,0,65,82,0,147,3,105,125,9,242,40,6,46,288
04/17/2004,LFT,LA,ASW,CE,Towers with Radar,2,32,35,0,69,0,40,72,0,112,2,72,107,0,181,16,0,16,197
04/18/2004,LFT,LA,ASW,CE,Towers with Radar,0,36,21,2,59,0,31,54,0,85,0,67,75,2,144,6,10,16,160
04/19/2004,LFT,LA,ASW,CE,Towers with Radar,0,45,50,8,103,0,40,65,0,105,0,85,115,8,208,66,0,66,274
04/20/2004,LFT,LA,ASW,CE,Towers with Radar,3,34,30,2,69,0,66,47,1,114,3,100,77,3,183,52,0,52,235
04/21/2004,LFT,LA,ASW,CE,Towers with Radar,2,36,32,2,72,0,58,54,0,112,2,94,86,2,184,40,0,40,224
04/22/2004,LFT,LA,ASW,CE,Towers with Radar,0,41,52,0,93,0,49,44,0,93,0,90,96,0,186,10,0,10,196
04/23/2004,LFT,LA,ASW,CE,Towers with Radar,2,43,62,0,107,0,44,85,0,129,2,87,147,0,236,22,0,22,258
04/24/2004,LFT,LA,ASW,CE,Towers with Radar,1,30,20,0,51,0,23,18,0,41,1,53,38,0,92,22,0,22,114
04/25/2004,LFT,LA,ASW,CE,Towers with Radar,0,40,22,0,62,0,22,2,0,24,0,62,24,0,86,0,0,0,86
04/26/2004,LFT,LA,ASW,CE,Towers with Radar,1,42,48,1,92,0,68,36,0,104,1,110,84,1,196,80,0,80,276
04/27/2004,LFT,LA,ASW,CE,Towers with Radar,2,44,64,4,114,0,60,114,0,174,2,104,178,4,288,16,0,16,304
04/28/2004,LFT,LA,ASW,CE,Towers with Radar,1,44,49,21,115,0,82,92,0,174,1,126,141,21,289,70,46,116,405
04/29/2004,LFT,LA,ASW,CE,Towers with Radar,2,40,51,6,99,0,54,59,0,113,2,94,110,6,212,36,0,36,248
04/30/2004,LFT,LA,ASW,CE,Towers with Radar,4,41,42,0,87,0,24,8,0,32,4,65,50,0,119,0,0,0,119
05/01/2004,LFT,LA,ASW,CE,Towers with Radar,1,27,8,0,36,0,16,14,0,30,1,43,22,0,66,0,0,0,66
05/02/2004,LFT,LA,ASW,CE,Towers with Radar,0,32,29,0,61,0,36,40,0,76,0,68,69,0,137,4,0,4,141
05/03/2004,LFT,LA,ASW,CE,Towers with Radar,0,32,29,0,61,0,44,82,0,126,0,76,111,0,187,48,12,60,247
05/04/2004,LFT,LA,ASW,CE,Towers with Radar,3,50,54,0,107,0,51,110,0,161,3,101,164,0,268,26,0,26,294
05/05/2004,LFT,LA,ASW,CE,Towers with Radar,0,34,36,4,74,0,84,77,0,161,0,118,113,4,235,46,0,46,281
05/06/2004,LFT,LA,ASW,CE,Towers with Radar,2,35,43,0,80,0,61,98,2,161,2,96,141,2,241,56,6,62,303
05/07/2004,LFT,LA,ASW,CE,Towers with Radar,5,48,38,2,93,0,64,62,0,126,5,112,100,2,219,40,2,42,261
05/08/2004,LFT,LA,ASW,CE,Towers with Radar,1,32,28,0,61,0,26,81,0,107,1,58,109,0,168,6,0,6,174
05/09/2004,LFT,LA,ASW,CE,Towers with Radar,0,33,31,0,64,0,21,44,0,65,0,54,75,0,129,48,0,48,177
05/10/2004,LFT,LA,ASW,CE,Towers with Radar,2,35,45,5,87,0,61,46,0,107,2,96,91,5,194,30,6,36,230
05/11/2004,LFT,LA,ASW,CE,Towers with Radar,15,46,43,0,104,0,54,35,0,89,15,100,78,0,193,14,0,14,207
05/12/2004,LFT,LA,ASW,CE,Towers with Radar,3,43,47,0,93,0,28,14,0,42,3,71,61,0,135,4,0,4,139
05/13/2004,LFT,LA,ASW,CE,Towers with Radar,3,42,40,0,85,0,39,16,0,55,3,81,56,0,140,8,0,8,148
05/14/2004,LFT,LA,ASW,CE,Towers with Radar,2,41,48,2,93,0,0,10,0,10,2,41,58,2,103,10,0,10,113
05/15/2004,LFT,LA,ASW,CE,Towers with Radar,0,50,30,3,83,0,40,21,0,61,0,90,51,3,144,12,0,12,156
05/16/2004,LFT,LA,ASW,CE,Towers with Radar,0,43,27,0,70,0,17,15,0,32,0,60,42,0,102,4,0,4,106
05/17/2004,LFT,LA,ASW,CE,Towers with Radar,0,45,45,0,90,0,25,25,0,50,0,70,70,0,140,34,0,34,174
05/18/2004,LFT,LA,ASW,CE,Towers with Radar,0,55,49,0,104,0,32,16,0,48,0,87,65,0,152,6,0,6,158
05/19/2004,LFT,LA,ASW,CE,Towers with Radar,0,54,53,2,109,0,58,66,0,124,0,112,119,2,233,64,0,64,297
05/20/2004,LFT,LA,ASW,CE,Towers with Radar,2,36,71,8,117,0,62,92,4,158,2,98,163,12,275,60,28,88,363
05/21/2004,LFT,LA,ASW,CE,Towers with Radar,1,42,45,0,88,0,47,100,0,147,1,89,145,0,235,10,8,18,253
05/22/2004,LFT,LA,ASW,CE,Towers with Radar,2,35,23,6,66,0,42,80,0,122,2,77,103,6,188,54,10,64,252
05/23/2004,LFT,LA,ASW,CE,Towers with Radar,0,30,31,5,66,0,25,35,0,60,0,55,66,5,126,30,4,34,160
05/24/2004,LFT,LA,ASW,CE,Towers with Radar,1,53,32,2,88,0,51,49,0,100,1,104,81,2,188,18,2,20,208
05/25/2004,LFT,LA,ASW,CE,Towers with Radar,0,63,40,3,106,0,64,74,0,138,0,127,114,3,244,8,4,12,256
05/26/2004,LFT,LA,ASW,CE,Towers with Radar,3,41,42,0,86,0,38,67,0,105,3,79,109,0,191,18,0,18,209
05/27/2004,LFT,LA,ASW,CE,Towers with Radar,0,47,27,2,76,0,47,70,0,117,0,94,97,2,193,38,26,64,257
05/28/2004,LFT,LA,ASW,CE,Towers with Radar,2,42,37,2,83,0,34,68,0,102,2,76,105,2,185,24,0,24,209
05/29/2004,LFT,LA,ASW,CE,Towers with Radar,2,35,26,0,63,0,24,43,0,67,2,59,69,0,130,18,0,18,148
05/30/2004,LFT,LA,ASW,CE,Towers with Radar,0,30,25,0,55,0,27,10,0,37,0,57,35,0,92,0,0,0,92
05/31/2004,LFT,LA,ASW,CE,Towers with Radar,0,30,22,0,52,0,14,20,0,34,0,44,42,0,86,12,0,12,98
06/01/2004,LFT,LA,ASW,CE,Towers with Radar,0,37,33,0,70,0,19,31,0,50,0,56,64,0,120,16,0,16,136
06/02/2004,LFT,LA,ASW,CE,Towers with Radar,3,33,29,0,65,0,29,54,0,83,3,62,83,0,148,24,0,24,172
06/03/2004,LFT,LA,ASW,CE,Towers with Radar,1,53,47,0,101,0,49,72,0,121,1,102,119,0,222,18,4,22,244
06/04/2004,LFT,LA,ASW,CE,Towers with Radar,3,44,39,0,86,0,71,76,0,147,3,115,115,0,233,18,0,18,251
06/05/2004,LFT,LA,ASW,CE,Towers with Radar,2,30,27,0,59,0,54,36,0,90,2,84,63,0,149,50,0,50,199
06/06/2004,LFT,LA,ASW,CE,Towers with Radar,2,35,31,1,69,0,50,42,1,93,2,85,73,2,162,4,0,4,166
06/07/2004,LFT,LA,ASW,CE,Towers with Radar,2,52,47,0,101,0,23,58,0,81,2,75,105,0,182,44,0,44,226
06/08/2004,LFT,LA,ASW,CE,Towers with Radar,0,39,35,1,75,0,56,36,2,94,0,95,71,3,169,38,0,38,207
06/09/2004,LFT,LA,ASW,CE,Towers with Radar,0,37,34,0,71,0,66,82,0,148,0,103,116,0,219,26,0,26,245
06/10/2004,LFT,LA,ASW,CE,Towers with Radar,2,48,44,1,95,0,39,65,0,104,2,87,109,1,199,50,0,50,249
06/11/2004,LFT,LA,ASW,CE,Towers with Radar,1,47,43,2,93,2,40,82,8,132,3,87,125,10,225,26,10,36,261
06/12/2004,LFT,LA,ASW,CE,Towers with Radar,0,23,22,1,46,0,36,39,4,79,0,59,61,5,125,34,0,34,159
06/13/2004,LFT,LA,ASW,CE,Towers with Radar,0,38,35,2,75,0,17,37,4,58,0,55,72,6,133,8,0,8,141
06/14/2004,LFT,LA,ASW,CE,Towers with Radar,1,47,42,1,91,0,41,27,0,68,1,88,69,1,159,32,0,32,191
06/15/2004,LFT,LA,ASW,CE,Towers with Radar,0,34,31,2,67,0,58,26,2,86,0,92,57,4,153,44,0,44,197
06/16/2004,LFT,LA,ASW,CE,Towers with Radar,1,48,44,2,95,0,38,34,6,78,1,86,78,8,173,2,0,2,175
06/17/2004,LFT,LA,ASW,CE,Towers with Radar,2,62,56,3,123,0,78,43,1,122,2,140,99,4,245,54,0,54,299
06/18/2004,LFT,LA,ASW,CE,Towers with Radar,1,45,41,1,88,1,50,72,0,123,2,95,113,1,211,8,0,8,219
06/19/2004,LFT,LA,ASW,CE,Towers with Radar,1,31,26,0,58,2,25,64,0,91,3,56,90,0,149,10,0,10,159
06/20/2004,LFT,LA,ASW,CE,Towers with Radar,0,29,25,0,54,0,50,24,0,74,0,79,49,0,128,22,0,22,150
06/21/2004,LFT,LA,ASW,CE,Towers with Radar,0,48,41,0,89,0,37,52,0,89,0,85,93,0,178,18,0,18,196
06/22/2004,LFT,LA,ASW,CE,Towers with Radar,0,42,36,0,78,0,81,62,0,143,0,123,98,0,221,14,0,14,235
06/23/2004,LFT,LA,ASW,CE,Towers with Radar,1,42,37,0,80,1,49,51,0,101,2,91,88,0,181,80,0,80,261
06/24/2004,LFT,LA,ASW,CE,Towers with Radar,1,36,31,0,68,1,52,22,0,75,2,88,53,0,143,20,0,20,163
06/25/2004,LFT,LA,ASW,CE,Towers with Radar,1,25,22,0,48,2,16,10,0,28,3,41,32,0,76,0,0,0,76
06/26/2004,LFT,LA,ASW,CE,Towers with Radar,1,33,20,0,54,0,9,0,0,9,1,42,20,0,63,8,0,8,71
06/27/2004,LFT,LA,ASW,CE,Towers with Radar,0,29,25,0,54,0,36,16,0,52,0,65,41,0,106,0,0,0,106
06/28/2004,LFT,LA,ASW,CE,Towers with Radar,2,54,47,0,103,6,36,38,0,80,8,90,85,0,183,0,0,0,183
06/29/2004,LFT,LA,ASW,CE,Towers with Radar,0,36,31,0,67,0,73,42,0,115,0,109,73,0,182,14,0,14,196
06/30/2004,LFT,LA,ASW,CE,Towers with Radar,1,45,39,0,85,2,90,45,0,137,3,135,84,0,222,30,2,32,254
07/01/2004,LFT,LA,ASW,CE,Towers with Radar,2,39,38,0,79,4,69,32,0,105,6,108,70,0,184,84,0,84,268
07/02/2004,LFT,LA,ASW,CE,Towers with Radar,2,32,32,0,66,0,75,43,0,118,2,107,75,0,184,26,0,26,210
07/03/2004,LFT,LA,ASW,CE,Towers with Radar,1,20,19,0,40,0,68,55,0,123,1,88,74,0,163,28,0,28,191
07/04/2004,LFT,LA,ASW,CE,Towers with Radar,0,12,13,0,25,0,62,58,1,121,0,74,71,1,146,22,0,22,168
07/05/2004,LFT,LA,ASW,CE,Towers with Radar,0,22,22,0,44,0,45,35,0,80,0,67,57,0,124,40,0,40,164
07/06/2004,LFT,LA,ASW,CE,Towers with Radar,1,29,29,0,59,0,41,56,0,97,1,70,85,0,156,82,0,82,238
07/07/2004,LFT,LA,ASW,CE,Towers with Radar,2,33,32,0,67,0,54,48,0,102,2,87,80,0,169,32,0,32,201
07/08/2004,LFT,LA,ASW,CE,Towers with Radar,2,41,40,0,83,0,53,47,0,100,2,94,87,0,183,28,0,28,211
07/09/2004,LFT,LA,ASW,CE,Towers with Radar,2,33,32,0,67,0,45,14,0,59,2,78,46,0,126,0,0,0,126
07/10/2004,LFT,LA,ASW,CE,Towers with Radar,2,27,27,0,56,0,30,44,0,74,2,57,71,0,130,26,0,26,156
07/11/2004,LFT,LA,ASW,CE,Towers with Radar,0,26,26,1,53,0,29,51,2,82,0,55,77,3,135,36,0,36,171
07/12/2004,LFT,LA,ASW,CE,Towers with Radar,0,52,50,0,102,0,36,60,0,96,0,88,110,0,198,36,0,36,234
07/13/2004,LFT,LA,ASW,CE,Towers with Radar,2,42,40,0,84,0,41,80,0,121,2,83,120,0,205,70,0,70,275
07/14/2004,LFT,LA,ASW,CE,Towers with Radar,0,47,46,0,93,0,33,92,0,125,0,80,138,0,218,54,0,54,272
07/15/2004,LFT,LA,ASW,CE,Towers with Radar,2,46,45,0,93,1,41,93,0,135,3,87,138,0,228,16,4,20,248
07/16/2004,LFT,LA,ASW,CE,Towers with Radar,1,43,42,2,88,2,45,48,3,98,3,88,90,5,186,40,2,42,228
07/17/2004,LFT,LA,ASW,CE,Towers with Radar,1,31,30,2,64,0,7,87,19,113,1,38,117,21,177,44,6,50,227
07/18/2004,LFT,LA,ASW,CE,Towers with Radar,0,36,42,0,78,0,0,86,0,86,0,36,128,0,164,0,0,0,164
07/19/2004,LFT,LA,ASW,CE,Towers with Radar,0,51,47,0,98,0,50,80,0,130,0,101,127,0,228,42,0,42,270
07/20/2004,LFT,LA,ASW,CE,Towers with Radar,0,41,38,0,79,0,77,91,0,168,0,118,129,0,247,66,0,66,313
07/21/2004,LFT,LA,ASW,CE,Towers with Radar,1,43,40,2,86,1,66,76,6,149,2,109,116,8,235,8,0,8,243
07/22/2004,LFT,LA,ASW,CE,Towers with Radar,2,52,48,3,105,5,55,85,2,147,7,107,133,5,252,76,4,80,332
07/23/2004,LFT,LA,ASW,CE,Towers with Radar,2,50,46,2,100,0,32,78,3,113,2,82,124,5,213,0,0,0,213
07/24/2004,LFT,LA,ASW,CE,Towers with Radar,1,29,27,0,57,1,38,54,0,93,2,67,81,0,150,4,0,4,154
07/25/2004,LFT,LA,ASW,CE,Towers with Radar,1,36,33,0,70,0,13,34,0,47,1,49,67,0,117,18,0,18,135
07/26/2004,LFT,LA,ASW,CE,Towers with Radar,0,46,43,0,89,0,49,67,0,116,0,95,110,0,205,52,0,52,257
07/27/2004,LFT,LA,ASW,CE,Towers with Radar,2,46,43,2,93,0,32,70,1,103,2,78,113,3,196,76,4,80,276
07/28/2004,LFT,LA,ASW,CE,Towers with Radar,2,58,54,0,114,0,38,54,0,92,2,96,108,0,206,26,0,26,232
07/29/2004,LFT,LA,ASW,CE,Towers with Radar,2,52,48,0,102,1,50,94,0,145,3,102,142,0,247,78,0,78,325
07/30/2004,LFT,LA,ASW,CE,Towers with Radar,1,39,36,1,77,1,39,52,1,93,2,78,88,2,170,22,0,22,192
07/31/2004,LFT,LA,ASW,CE,Towers with Radar,1,27,24,0,52,1,56,79,0,136,2,83,103,0,188,12,0,12,200
08/01/2004,LFT,LA,ASW,CE,Towers with Radar,0,19,19,0,38,0,57,46,0,103,0,76,65,0,141,10,0,10,151
08/02/2004,LFT,LA,ASW,CE,Towers with Radar,0,33,32,0,65,0,31,47,0,78,0,64,79,0,143,93,0,93,236
08/03/2004,LFT,LA,ASW,CE,Towers with Radar,0,38,36,1,75,0,111,99,0,210,0,149,135,1,285,34,8,42,327
08/04/2004,LFT,LA,ASW,CE,Towers with Radar,1,37,37,1,76,0,59,34,0,93,1,96,71,1,169,52,0,52,221
08/05/2004,LFT,LA,ASW,CE,Towers with Radar,3,41,40,1,85,0,47,76,0,123,3,88,116,1,208,8,0,8,216
08/06/2004,LFT,LA,ASW,CE,Towers with Radar,2,56,54,3,115,0,18,66,1,85,2,74,120,4,200,20,0,20,220
08/07/2004,LFT,LA,ASW,CE,Towers with Radar,1,27,26,0,54,1,49,67,0,117,2,76,93,0,171,32,0,32,203
08/08/2004,LFT,LA,ASW,CE,Towers with Radar,0,30,29,1,60,0,34,46,1,81,0,64,75,2,141,18,0,18,159
08/09/2004,LFT,LA,ASW,CE,Towers with Radar,1,40,40,0,81,0,40,45,0,85,1,80,85,0,166,60,0,60,226
08/10/2004,LFT,LA,ASW,CE,Towers with Radar,0,32,32,1,65,0,75,73,0,148,0,107,105,1,213,64,0,64,277
08/11/2004,LFT,LA,ASW,CE,Towers with Radar,1,62,60,4,127,2,54,50,0,106,3,116,110,4,233,88,5,93,326
08/12/2004,LFT,LA,ASW,CE,Towers with Radar,1,53,51,2,107,1,61,56,0,118,2,114,107,2,225,44,0,44,269
08/13/2004,LFT,LA,ASW,CE,Towers with Radar,1,33,33,0,67,1,51,57,0,109,2,84,90,0,176,20,0,20,196
08/14/2004,LFT,LA,ASW,CE,Towers with Radar,0,31,30,2,63,2,23,61,12,98,2,54,91,14,161,26,12,38,199
08/15/2004,LFT,LA,ASW,CE,Towers with Radar,0,26,26,2,54,0,54,66,7,127,0,80,92,9,181,26,4,30,211
08/16/2004,LFT,LA,ASW,CE,Towers with Radar,0,39,38,0,77,0,59,81,0,140,0,98,119,0,217,94,0,94,311
08/17/2004,LFT,LA,ASW,CE,Towers with Radar,0,40,39,3,82,0,101,94,0,195,0,141,133,3,277,74,0,74,351
08/18/2004,LFT,LA,ASW,CE,Towers with Radar,1,48,45,0,94,1,90,99,0,190,2,138,144,0,284,10,0,10,294
08/19/2004,LFT,LA,ASW,CE,Towers with Radar,1,52,49,0,102,2,66,81,0,149,3,118,130,0,251,88,0,88,339
08/20/2004,LFT,LA,ASW,CE,Towers with Radar,1,38,36,1,76,1,64,43,0,108,2,102,79,1,184,18,0,18,202
08/21/2004,LFT,LA,ASW,CE,Towers with Radar,0,19,17,0,36,1,51,31,0,83,1,70,48,0,119,26,0,26,145
08/22/2004,LFT,LA,ASW,CE,Towers with Radar,0,28,26,1,55,0,38,37,0,75,0,66,63,1,130,86,0,86,216
08/23/2004,LFT,LA,ASW,CE,Towers with Radar,1,51,48,0,100,0,57,59,0,116,1,108,107,0,216,68,0,68,284
08/24/2004,LFT,LA,ASW,CE,Towers with Radar,1,41,38,0,80,0,64,56,0,120,1,105,94,0,200,52,0,52,252
08/25/2004,LFT,LA,ASW,CE,Towers with Radar,0,37,35,0,72,0,47,79,0,126,0,84,114,0,198,60,0,60,258
08/26/2004,LFT,LA,ASW,CE,Towers with Radar,1,37,34,0,72,2,59,81,0,142,3,96,115,0,214,14,0,14,228
08/27/2004,LFT,LA,ASW,CE,Towers with Radar,1,38,36,2,77,0,57,80,1,138,1,95,116,3,215,6,0,6,221
08/28/2004,LFT,LA,ASW,CE,Towers with Radar,0,31,29,1,61,2,18,69,7,96,2,49,98,8,157,66,4,70,227
08/29/2004,LFT,LA,ASW,CE,Towers with Radar,0,25,23,1,49,0,47,42,1,90,0,72,65,2,139,46,0,46,185
08/30/2004,LFT,LA,ASW,CE,Towers with Radar,0,48,45,0,93,0,83,80,0,163,0,131,125,0,256,52,0,52,308
08/31/2004,LFT,LA,ASW,CE,Towers with Radar,0,45,42,2,89,0,110,101,10,221,0,155,143,12,310,52,0,52,362
09/01/2004,LFT,LA,ASW,CE,Towers with Radar,2,38,36,1,77,0,86,70,1,157,2,124,106,2,234,40,2,42,276
09/02/2004,LFT,LA,ASW,CE,Towers with Radar,2,36,34,1,73,1,62,72,0,135,3,98,106,1,208,62,0,62,270
09/03/2004,LFT,LA,ASW,CE,Towers with Radar,0,38,35,0,73,0,36,48,0,84,0,74,83,0,157,12,0,12,169
09/04/2004,LFT,LA,ASW,CE,Towers with Radar,1,22,21,0,44,0,39,23,0,62,1,61,44,0,106,12,0,12,118
09/05/2004,LFT,LA,ASW,CE,Towers with Radar,0,21,20,0,41,0,49,51,2,102,0,70,71,2,143,64,0,64,207
09/06/2004,LFT,LA,ASW,CE,Towers with Radar,0,31,29,1,61,0,50,84,1,135,0,81,113,2,196,30,0,30,226
09/07/2004,LFT,LA,ASW,CE,Towers with Radar,0,40,37,1,78,0,27,64,1,92,0,67,101,2,170,23,1,24,194
09/08/2004,LFT,LA,ASW,CE,Towers with Radar,2,62,57,2,123,0,32,78,2,112,2,94,135,4,235,38,0,38,273
09/09/2004,LFT,LA,ASW,CE,Towers with Radar,2,42,39,1,84,0,46,87,1,134,2,88,126,2,218,22,2,24,242
09/10/2004,LFT,LA,ASW,CE,Towers with Radar,1,37,34,1,73,0,22,74,2,98,1,59,108,3,171,80,36,116,287
09/11/2004,LFT,LA,ASW,CE,Towers with Radar,1,27,25,0,53,1,76,68,4,149,2,103,93,4,202,36,4,40,242
09/12/2004,LFT,LA,ASW,CE,Towers with Radar,0,24,22,0,46,0,29,18,0,47,0,53,40,0,93,32,0,32,125
09/13/2004,LFT,LA,ASW,CE,Towers with Radar,1,48,45,1,95,0,31,36,0,67,1,79,81,1,162,50,0,50,212
09/14/2004,LFT,LA,ASW,CE,Towers with Radar,0,48,45,1,94,0,90,65,0,155,0,138,110,1,249,28,0,28,277
09/15/2004,LFT,LA,ASW,CE,Towers with Radar,0,30,28,2,60,3,65,38,3,109,3,95,66,5,169,24,0,24,193
09/16/2004,LFT,LA,ASW,CE,Towers with Radar,1,33,29,2,65,1,162,50,1,214,2,195,79,3,279,64,0,64,343
09/17/2004,LFT,LA,ASW,CE,Towers with Radar,1,34,30,2,67,1,121,67,5,194,2,155,97,7,261,4,0,4,265
09/18/2004,LFT,LA,ASW,CE,Towers with Radar,1,37,32,1,71,3,81,121,0,205,4,118,153,1,276,26,2,28,304
09/19/2004,LFT,LA,ASW,CE,Towers with Radar,0,33,30,0,63,0,17,60,0,77,0,50,90,0,140,34,0,34,174
09/20/2004,LFT,LA,ASW,CE,Towers with Radar,1,42,37,0,80,0,11,63,0,74,1,53,100,0,154,30,0,30,184
09/21/2004,LFT,LA,ASW,CE,Towers with Radar,0,37,32,0,69,0,117,57,0,174,0,154,89,0,243,62,0,62,305
09/22/2004,LFT,LA,ASW,CE,Towers with Radar,1,40,35,2,78,0,61,66,0,127,1,101,101,2,205,16,2,18,223
09/23/2004,LFT,LA,ASW,CE,Towers with Radar,0,37,33,1,71,0,17,20,0,37,0,54,53,1,108,0,0,0,108
09/24/2004,LFT,LA,ASW,CE,Towers with Radar,1,44,39,2,86,2,36,11,0,49,3,80,50,2,135,0,0,0,135
09/25/2004,LFT,LA,ASW,CE,Towers with Radar,0,26,23,1,50,2,19,40,1,62,2,45,63,2,112,39,0,39,151
09/26/2004,LFT,LA,ASW,CE,Towers with Radar,0,27,24,0,51,1,52,64,0,117,1,79,88,0,168,48,0,48,216
09/27/2004,LFT,LA,ASW,CE,Towers with Radar,1,51,46,0,98,0,67,72,0,139,1,118,118,0,237,92,0,92,329
09/28/2004,LFT,LA,ASW,CE,Towers with Radar,0,45,41,1,87,0,88,69,3,160,0,133,110,4,247,74,0,74,321
09/29/2004,LFT,LA,ASW,CE,Towers with Radar,0,45,41,0,86,0,68,97,0,165,0,113,138,0,251,80,0,80,331
09/30/2004,LFT,LA,ASW,CE,Towers with Radar,1,35,32,0,68,0,66,72,0,138,1,101,104,0,206,8,0,8,214
10/01/2004,LFT,LA,ASW,CE,Combined TRACON& Tower with Radar,3,48,48,0,99,0,52,56,0,108,3,100,104,0,207,22,0,22,229
10/02/2004,LFT,LA,ASW,CE,Combined TRACON& Tower with Radar,0,33,27,0,60,0,11,5,0,16,0,44,32,0,76,0,0,0,76
10/03/2004,LFT,LA,ASW,CE,Combined TRACON& Tower with Radar,0,37,16,0,53,0,24,15,0,39,0,61,31,0,92,40,0,40,132
10/04/2004,LFT,LA,ASW,CE,Combined TRACON& Tower with Radar,1,38,25,0,64,0,32,53,0,85,1,70,78,0,149,0,0,0,149
10/05/2004,LFT,LA,ASW,CE,Combined TRACON& Tower with Radar,0,42,40,0,82,0,1,0,0,1,0,43,40,0,83,48,0,48,131
10/06/2004,LFT,LA,ASW,CE,Combined TRACON& Tower with Radar,0,43,57,0,100,0,10,0,0,10,0,53,57,0,110,66,0,66,176
10/07/2004,LFT,LA,ASW,CE,Combined TRACON& Tower with Radar,1,38,41,0,80,0,14,1,0,15,1,52,42,0,95,0,0,0,95
10/08/2004,LFT,LA,ASW,CE,Combined TRACON& Tower with Radar,2,29,21,2,54,0,0,0,0,0,2,29,21,2,54,0,0,0,54
10/09/2004,LFT,LA,ASW,CE,Combined TRACON& Tower with Radar,0,15,5,0,20,0,0,0,0,0,0,15,5,0,20,6,0,6,26
10/10/2004,LFT,LA,ASW,CE,Combined TRACON& Tower with Radar,0,31,1,0,32,0,0,0,0,0,0,31,1,0,32,2,0,2,34
10/11/2004,LFT,LA,ASW,CE,Combined TRACON& Tower with Radar,0,45,40,0,85,0,45,55,0,100,0,90,95,0,185,66,0,66,251
10/12/2004,LFT,LA,ASW,CE,Combined TRACON& Tower with Radar,3,41,41,0,85,0,75,78,0,153,3,116,119,0,238,50,0,50,288
10/13/2004,LFT,LA,ASW,CE,Combined TRACON& Tower with Radar,2,38,60,5,105,0,64,103,15,182,2,102,163,20,287,70,4,74,361
10/14/2004,LFT,LA,ASW,CE,Combined TRACON& Tower with Radar,1,33,72,0,106,0,29,38,0,67,1,62,110,0,173,18,0,18,191
10/15/2004,LFT,LA,ASW,CE,Combined TRACON& Tower with Radar,1,41,33,0,75,0,74,94,0,168,1,115,127,0,243,34,0,34,277
10/16/2004,LFT,LA,ASW,CE,Combined TRACON& Tower with Radar,0,35,21,0,56,0,4,44,0,48,0,39,65,0,104,53,1,54,158
10/17/2004,LFT,LA,ASW,CE,Combined TRACON& Tower with Radar,0,36,25,0,61,0,37,71,0,108,0,73,96,0,169,26,2,28,197
10/18/2004,LFT,LA,ASW,CE,Combined TRACON& Tower with Radar,1,51,46,0,98,0,106,37,0,143,1,157,83,0,241,50,0,50,291
10/19/2004,LFT,LA,ASW,CE,Combined TRACON& Tower with Radar,0,46,45,0,91,0,0,0,0,0,0,46,45,0,91,26,0,26,117
10/20/2004,LFT,LA,ASW,CE,Combined TRACON& Tower with Radar,1,34,47,0,82,0,54,27,0,81,1,88,74,0,163,0,0,0,163
10/21/2004,LFT,LA,ASW,CE,Combined TRACON& Tower with Radar,7,40,56,1,104,0,40,43,0,83,7,80,99,1,187,2,0,2,189
10/22/2004,LFT,LA,ASW,CE,Combined TRACON& Tower with Radar,0,40,56,1,97,0,0,3,0,3,0,40,59,1,100,0,0,0,100
10/23/2004,LFT,LA,ASW,CE,Combined TRACON& Tower with Radar,0,36,25,0,61,0,5,0,0,5,0,41,25,0,66,30,0,30,96
10/24/2004,LFT,LA,ASW,CE,Combined TRACON& Tower with Radar,0,33,39,1,73,0,52,34,1,87,0,85,73,2,160,26,0,26,186
10/25/2004,LFT,LA,ASW,CE,Combined TRACON& Tower with Radar,1,37,58,0,96,0,41,38,0,79,1,78,96,0,175,46,0,46,221
10/26/2004,LFT,LA,ASW,CE,Combined TRACON& Tower with Radar,0,45,56,0,101,0,20,0,0,20,0,65,56,0,121,26,0,26,147
10/27/2004,LFT,LA,ASW,CE,Combined TRACON& Tower with Radar,2,43,66,2,113,0,59,89,0,148,2,102,155,2,261,51,10,61,322
10/28/2004,LFT,LA,ASW,CE,Combined TRACON& Tower with Radar,0,48,54,4,106,0,66,55,2,123,0,114,109,6,229,14,26,40,269
10/29/2004,LFT,LA,ASW,CE,Combined TRACON& Tower with Radar,4,37,42,6,89,0,21,53,1,75,4,58,95,7,164,133,76,209,373
10/30/2004,LFT,LA,ASW,CE,Combined TRACON& Tower with Radar,1,32,14,1,48,0,20,43,0,63,1,52,57,1,111,4,0,4,115
10/31/2004,LFT,LA,ASW,CE,Combined TRACON& Tower with Radar,0,25,20,4,49,0,0,0,0,0,0,25,20,4,49,18,0,18,67
11/01/2004,LFT,LA,ASW,CE,Combined TRACON& Tower with Radar,0,31,19,6,56,0,32,18,1,51,0,63,37,7,107,16,0,16,123
11/02/2004,LFT,LA,ASW,CE,Combined TRACON& Tower with Radar,0,16,1,0,17,0,0,0,0,0,0,16,1,0,17,12,0,12,29
11/03/2004,LFT,LA,ASW,CE,Combined TRACON& Tower with Radar,0,34,43,0,77,0,35,23,0,58,0,69,66,0,135,6,0,6,141
11/04/2004,LFT,LA,ASW,CE,Combined TRACON& Tower with Radar,3,37,45,0,85,0,83,58,2,143,3,120,103,2,228,26,0,26,254
11/05/2004,LFT,LA,ASW,CE,Combined TRACON& Tower with Radar,0,0,45,0,45,0,0,9,0,9,0,0,54,0,54,0,0,0,54
11/06/2004,LFT,LA,ASW,CE,Combined TRACON& Tower with Radar,2,32,11,0,45,0,91,91,0,182,2,123,102,0,227,72,0,72,299
11/07/2004,LFT,LA,ASW,CE,Combined TRACON& Tower with Radar,0,36,25,0,61,0,54,56,0,110,0,90,81,0,171,32,0,32,203
11/08/2004,LFT,LA,ASW,CE,Combined TRACON& Tower with Radar,1,141,33,10,185,0,1,52,0,53,1,142,85,10,238,54,0,54,292
11/09/2004,LFT,LA,ASW,CE,Combined TRACON& Tower with Radar,0,42,53,0,95,0,14,50,0,64,0,56,103,0,159,14,0,14,173
11/10/2004,LFT,LA,ASW,CE,Combined TRACON& Tower with Radar,3,38,60,0,101,0,40,37,0,77,3,78,97,0,178,38,0,38,216
11/11/2004,LFT,LA,ASW,CE,Combined TRACON& Tower with Radar,1,36,61,7,105,0,44,57,9,110,1,80,118,16,215,10,0,10,225
11/12/2004,LFT,LA,ASW,CE,Combined TRACON& Tower with Radar,1,44,56,3,104,0,70,41,0,111,1,114,97,3,215,36,8,44,259
11/13/2004,LFT,LA,ASW,CE,Combined TRACON& Tower with Radar,1,34,28,0,63,0,35,24,0,59,1,69,52,0,122,2,0,2,124
11/14/2004,LFT,LA,ASW,CE,Combined TRACON& Tower with Radar,0,44,28,2,74,0,26,26,0,52,0,70,54,2,126,32,0,32,158
11/15/2004,LFT,LA,ASW,CE,Combined TRACON& Tower with Radar,0,38,38,2,78,0,40,10,0,50,0,78,48,2,128,26,0,26,154
11/16/2004,LFT,LA,ASW,CE,Combined TRACON& Tower with Radar,0,63,63,0,126,0,0,0,0,0,0,63,63,0,126,24,0,24,150
11/17/2004,LFT,LA,ASW,CE,Combined TRACON& Tower with Radar,2,33,40,0,75,0,0,0,0,0,2,33,40,0,75,48,0,48,123
11/18/2004,LFT,LA,ASW,CE,Combined TRACON& Tower with Radar,0,26,13,0,39,0,0,0,0,0,0,26,13,0,39,46,0,46,85
11/19/2004,LFT,LA,ASW,CE,Combined TRACON& Tower with Radar,3,43,57,3,106,0,43,64,0,107,3,86,121,3,213,67,6,73,286
11/20/2004,LFT,LA,ASW,CE,Combined TRACON& Tower with Radar,2,44,11,0,57,0,0,1,0,1,2,44,12,0,58,0,0,0,58
11/21/2004,LFT,LA,ASW,CE,Combined TRACON& Tower with Radar,0,36,31,0,67,0,16,1,0,17,0,52,32,0,84,2,0,2,86
11/22/2004,LFT,LA,ASW,CE,Combined TRACON& Tower with Radar,5,38,45,2,90,0,40,30,0,70,5,78,75,2,160,12,0,12,172
11/23/2004,LFT,LA,ASW,CE,Combined TRACON& Tower with Radar,0,41,22,1,64,0,7,0,0,7,0,48,22,1,71,940,0,940,1011
11/24/2004,LFT,LA,ASW,CE,Combined TRACON& Tower with Radar,2,37,37,0,76,0,36,48,0,84,2,73,85,0,160,34,12,46,206
11/25/2004,LFT,LA,ASW,CE,Combined TRACON& Tower with Radar,0,28,13,0,41,0,20,29,0,49,0,48,42,0,90,10,0,10,100
11/26/2004,LFT,LA,ASW,CE,Combined TRACON& Tower with Radar,1,29,20,1,51,0,31,51,1,83,1,60,71,2,134,44,0,44,178
11/27/2004,LFT,LA,ASW,CE,Combined TRACON& Tower with Radar,1,35,19,0,55,0,34,32,0,66,1,69,51,0,121,24,0,24,145
11/28/2004,LFT,LA,ASW,CE,Combined TRACON& Tower with Radar,0,28,35,0,63,0,31,79,0,110,0,59,114,0,173,66,0,66,239
11/29/2004,LFT,LA,ASW,CE,Combined TRACON& Tower with Radar,0,41,47,9,97,0,57,57,0,114,0,98,104,9,211,30,0,30,241
11/30/2004,LFT,LA,ASW,CE,Combined TRACON& Tower with Radar,0,11,1,0,12,0,0,0,0,0,0,11,1,0,12,0,0,0,12
12/01/2004,LFT,LA,ASW,CE,Combined TRACON& Tower with Radar,1,34,65,0,100,0,37,66,0,103,1,71,131,0,203,42,0,42,245
12/02/2004,LFT,LA,ASW,CE,Combined TRACON& Tower with Radar,2,37,44,2,85,0,0,0,0,0,2,37,44,2,85,54,4,58,143
12/03/2004,LFT,LA,ASW,CE,Combined TRACON& Tower with Radar,6,39,58,25,128,0,84,53,0,137,6,123,111,25,265,52,34,86,351
12/04/2004,LFT,LA,ASW,CE,Combined TRACON& Tower with Radar,2,28,19,0,49,0,21,51,0,72,2,49,70,0,121,32,0,32,153
12/05/2004,LFT,LA,ASW,CE,Combined TRACON& Tower with Radar,1,38,22,0,61,0,16,1,0,17,1,54,23,0,78,8,0,8,86
12/06/2004,LFT,LA,ASW,CE,Combined TRACON& Tower with Radar,0,35,40,0,75,0,20,35,0,55,0,55,75,0,130,38,0,38,168
12/07/2004,LFT,LA,ASW,CE,Combined TRACON& Tower with Radar,0,45,38,0,83,0,14,10,0,24,0,59,48,0,107,36,0,36,143
12/08/2004,LFT,LA,ASW,CE,Combined TRACON& Tower with Radar,0,36,39,0,75,0,15,0,0,15,0,51,39,0,90,4,0,4,94
12/09/2004,LFT,LA,ASW,CE,Combined TRACON& Tower with Radar,0,47,48,0,95,0,26,37,0,63,0,73,85,0,158,38,0,38,196
12/10/2004,LFT,LA,ASW,CE,Combined TRACON& Tower with Radar,2,35,34,2,73,0,20,40,1,61,2,55,74,3,134,0,0,0,134
12/11/2004,LFT,LA,ASW,CE,Combined TRACON& Tower with Radar,2,31,26,0,59,0,38,79,0,117,2,69,105,0,176,20,0,20,196
12/12/2004,LFT,LA,ASW,CE,Combined TRACON& Tower with Radar,0,32,29,0,61,0,0,54,0,54,0,32,83,0,115,24,0,24,139
12/13/2004,LFT,LA,ASW,CE,Combined TRACON& Tower with Radar,0,37,38,1,76,0,11,27,0,38,0,48,65,1,114,70,0,70,184
12/14/2004,LFT,LA,ASW,CE,Combined TRACON& Tower with Radar,0,23,41,0,64,0,0,0,0,0,0,23,41,0,64,28,0,28,92
12/15/2004,LFT,LA,ASW,CE,Combined TRACON& Tower with Radar,3,47,54,0,104,0,0,0,0,0,3,47,54,0,104,46,0,46,150
12/16/2004,LFT,LA,ASW,CE,Combined TRACON& Tower with Radar,0,33,31,0,64,0,24,0,0,24,0,57,31,0,88,40,0,40,128
12/17/2004,LFT,LA,ASW,CE,Combined TRACON& Tower with Radar,2,41,38,2,83,0,27,53,0,80,2,68,91,2,163,20,6,26,189
12/18/2004,LFT,LA,ASW,CE,Combined TRACON& Tower with Radar,1,34,23,0,58,0,34,89,2,125,1,68,112,2,183,52,0,52,235
12/19/2004,LFT,LA,ASW,CE,Combined TRACON& Tower with Radar,0,33,32,0,65,0,25,35,0,60,0,58,67,0,125,42,0,42,167
12/20/2004,LFT,LA,ASW,CE,Combined TRACON& Tower with Radar,1,32,34,44,111,0,42,70,0,112,1,74,104,44,223,30,0,30,253
12/21/2004,LFT,LA,ASW,CE,Combined TRACON& Tower with Radar,0,44,33,0,77,0,21,9,0,30,0,65,42,0,107,64,14,78,185
12/22/2004,LFT,LA,ASW,CE,Combined TRACON& Tower with Radar,4,29,33,2,68,0,26,11,0,37,4,55,44,2,105,8,0,8,113
12/23/2004,LFT,LA,ASW,CE,Combined TRACON& Tower with Radar,1,51,40,0,92,0,27,28,0,55,1,78,68,0,147,20,0,20,167
12/24/2004,LFT,LA,ASW,CE,Combined TRACON& Tower with Radar,0,0,0,0,0,0,0,0,0,0,0,0,0,0,0,54,0,54,54
12/25/2004,LFT,LA,ASW,CE,Combined TRACON& Tower with Radar,0,21,4,0,25,0,0,3,0,3,0,21,7,0,28,3,0,3,31
12/26/2004,LFT,LA,ASW,CE,Combined TRACON& Tower with Radar,0,28,23,0,51,0,21,67,0,88,0,49,90,0,139,24,0,24,163
12/27/2004,LFT,LA,ASW,CE,Combined TRACON& Tower with Radar,2,39,22,0,63,0,34,52,0,86,2,73,74,0,149,20,0,20,169
12/28/2004,LFT,LA,ASW,CE,Combined TRACON& Tower with Radar,1,37,27,2,67,0,41,42,0,83,1,78,69,2,150,14,0,14,164
12/29/2004,LFT,LA,ASW,CE,Combined TRACON& Tower with Radar,0,39,30,0,69,0,56,53,0,109,0,95,83,0,178,26,0,26,204
12/30/2004,LFT,LA,ASW,CE,Combined TRACON& Tower with Radar,1,35,42,2,80,0,0,0,0,0,1,35,42,2,80,31,0,31,111
12/31/2004,LFT,LA,ASW,CE,Combined TRACON& Tower with Radar,0,26,13,0,39,0,0,21,0,21,0,26,34,0,60,42,0,42,102
01/01/2005,LFT,LA,ASW,CE,Combined TRACON& Tower with Radar,0,27,15,0,42,0,20,6,0,26,0,47,21,0,68,36,0,36,104
01/02/2005,LFT,LA,ASW,CE,Combined TRACON& Tower with Radar,1,30,36,0,67,0,28,29,0,57,1,58,65,0,124,26,0,26,150
01/03/2005,LFT,LA,ASW,CE,Combined TRACON& Tower with Radar,0,40,35,0,75,0,65,30,0,95,0,105,65,0,170,340,0,340,510
01/04/2005,LFT,LA,ASW,CE,Combined TRACON& Tower with Radar,0,22,23,0,45,0,0,0,0,0,0,22,23,0,45,56,0,56,101
01/05/2005,LFT,LA,ASW,CE,Combined TRACON& Tower with Radar,0,40,26,0,66,0,8,5,0,13,0,48,31,0,79,2,0,2,81
01/06/2005,LFT,LA,ASW,CE,Combined TRACON& Tower with Radar,1,46,47,0,94,0,24,32,0,56,1,70,79,0,150,34,0,34,184
01/07/2005,LFT,LA,ASW,CE,Combined TRACON& Tower with Radar,0,39,38,4,81,0,19,10,0,29,0,58,48,4,110,14,0,14,124
01/08/2005,LFT,LA,ASW,CE,Combined TRACON& Tower with Radar,2,27,22,0,51,0,30,46,0,76,2,57,68,0,127,20,0,20,147
01/09/2005,LFT,LA,ASW,CE,Combined TRACON& Tower with Radar,0,31,24,0,55,0,1,34,0,35,0,32,58,0,90,8,0,8,98
01/10/2005,LFT,LA,ASW,CE,Combined TRACON& Tower with Radar,0,50,40,0,90,0,0,0,0,0,0,50,40,0,90,0,0,0,90
01/11/2005,LFT,LA,ASW,CE,Combined TRACON& Tower with Radar,0,37,15,0,52,0,11,0,0,11,0,48,15,0,63,6,2,8,71
01/12/2005,LFT,LA,ASW,CE,Combined TRACON& Tower with Radar,4,48,54,1,107,0,0,0,0,0,4,48,54,1,107,30,0,30,137
01/13/2005,LFT,LA,ASW,CE,Combined TRACON& Tower with Radar,1,46,40,1,88,0,0,11,0,11,1,46,51,1,99,0,0,0,99
01/14/2005,LFT,LA,ASW,CE,Combined TRACON& Tower with Radar,1,41,41,3,86,0,46,53,0,99,1,87,94,3,185,34,2,36,221
01/15/2005,LFT,LA,ASW,CE,Combined TRACON& Tower with Radar,2,22,24,0,48,0,0,57,0,57,2,22,81,0,105,68,0,68,173
01/16/2005,LFT,LA,ASW,CE,Combined TRACON& Tower with Radar,0,39,26,0,65,0,33,62,0,95,0,72,88,0,160,31,0,31,191
01/17/2005,LFT,LA,ASW,CE,Combined TRACON& Tower with Radar,0,32,43,3,78,0,42,71,0,113,0,74,114,3,191,40,0,40,231
01/18/2005,LFT,LA,ASW,CE,Combined TRACON& Tower with Radar,0,54,37,0,91,0,11,16,0,27,0,65,53,0,118,94,0,94,212
01/19/2005,LFT,LA,ASW,CE,Combined TRACON& Tower with Radar,0,42,42,2,86,0,0,10,0,10,0,42,52,2,96,28,6,34,130
01/20/2005,LFT,LA,ASW,CE,Combined TRACON& Tower with Radar,4,38,39,0,81,0,50,38,0,88,4,88,77,0,169,16,0,16,185
01/21/2005,LFT,LA,ASW,CE,Combined TRACON& Tower with Radar,0,0,0,0,0,0,0,0,0,0,0,0,0,0,0,26,26,52,52
01/22/2005,LFT,LA,ASW,CE,Combined TRACON& Tower with Radar,2,29,24,0,55,0,10,17,0,27,2,39,41,0,82,6,0,6,88
01/23/2005,LFT,LA,ASW,CE,Combined TRACON& Tower with Radar,0,32,22,0,54,0,33,43,0,76,0,65,65,0,130,18,0,18,148
01/24/2005,LFT,LA,ASW,CE,Combined TRACON& Tower with Radar,0,42,40,2,84,0,25,49,0,74,0,67,89,2,158,82,4,86,244
01/25/2005,LFT,LA,ASW,CE,Combined TRACON& Tower with Radar,0,0,0,0,0,0,0,0,0,0,0,0,0,0,0,36,0,36,36
01/26/2005,LFT,LA,ASW,CE,Combined TRACON& Tower with Radar,3,42,75,4,124,1,79,111,18,209,4,121,186,22,333,70,0,70,403
01/27/2005,LFT,LA,ASW,CE,Combined TRACON& Tower with Radar,0,25,31,0,56,0,0,0,0,0,0,25,31,0,56,61,2,63,119
01/28/2005,LFT,LA,ASW,CE,Combined TRACON& Tower with Radar,4,41,19,2,66,0,0,0,0,0,4,41,19,2,66,0,0,0,66
01/29/2005,LFT,LA,ASW,CE,Combined TRACON& Tower with Radar,1,20,16,2,39,0,17,1,0,18,1,37,17,2,57,0,0,0,57
01/30/2005,LFT,LA,ASW,CE,Combined TRACON& Tower with Radar,0,30,64,0,94,0,16,10,0,26,0,46,74,0,120,18,0,18,138
01/31/2005,LFT,LA,ASW,CE,Combined TRACON& Tower with Radar,0,37,31,2,70,0,27,0,0,27,0,64,31,2,97,0,0,0,97
02/01/2005,LFT,LA,ASW,CE,Combined TRACON& Tower with Radar,0,0,0,0,0,0,0,0,0,0,0,0,0,0,0,4,0,4,4
02/02/2005,LFT,LA,ASW,CE,Combined TRACON& Tower with Radar,2,59,54,0,115,0,12,7,0,19,2,71,61,0,134,58,0,58,192
02/03/2005,LFT,LA,ASW,CE,Combined TRACON& Tower with Radar,3,32,55,0,90,0,51,10,0,61,3,83,65,0,151,0,0,0,151
02/04/2005,LFT,LA,ASW,CE,Combined TRACON& Tower with Radar,0,0,0,0,0,0,0,0,0,0,0,0,0,0,0,44,0,44,44
02/05/2005,LFT,LA,ASW,CE,Combined TRACON& Tower with Radar,0,17,38,0,55,0,52,70,0,122,0,69,108,0,177,58,2,60,237
02/06/2005,LFT,LA,ASW,CE,Combined TRACON& Tower with Radar,0,29,18,0,47,0,8,36,32,76,0,37,54,32,123,0,0,0,123
02/07/2005,LFT,LA,ASW,CE,Combined TRACON& Tower with Radar,0,50,32,0,82,0,21,0,0,21,0,71,32,0,103,0,0,0,103
02/08/2005,LFT,LA,ASW,CE,Combined TRACON& Tower with Radar,0,12,8,0,20,0,0,0,0,0,0,12,8,0,20,0,0,0,20
02/09/2005,LFT,LA,ASW,CE,Combined TRACON& Tower with Radar,1,75,39,0,115,0,0,0,0,0,1,75,39,0,115,12,0,12,127
02/10/2005,LFT,LA,ASW,CE,Combined TRACON& Tower with Radar,1,44,49,0,94,0,0,0,0,0,1,44,49,0,94,12,0,12,106
02/11/2005,LFT,LA,ASW,CE,Combined TRACON& Tower with Radar,2,43,34,0,79,0,48,58,0,106,2,91,92,0,185,70,0,70,255
02/12/2005,LFT,LA,ASW,CE,Combined TRACON& Tower with Radar,2,25,22,1,50,0,34,69,2,105,2,59,91,3,155,26,0,26,181
02/13/2005,LFT,LA,ASW,CE,Combined TRACON& Tower with Radar,0,36,7,0,43,0,20,1,0,21,0,56,8,0,64,6,0,6,70
02/14/2005,LFT,LA,ASW,CE,Combined TRACON& Tower with Radar,1,37,27,1,66,0,34,39,0,73,1,71,66,1,139,56,0,56,195
02/15/2005,LFT,LA,ASW,CE,Combined TRACON& Tower with Radar,4,24,19,0,47,0,48,42,0,90,4,72,61,0,137,0,0,0,137
02/16/2005,LFT,LA,ASW,CE,Combined TRACON& Tower with Radar,1,42,43,2,88,0,44,51,0,95,1,86,94,2,183,14,6,20,203
02/17/2005,LFT,LA,ASW,CE,Combined TRACON& Tower with Radar,3,35,39,0,77,0,66,45,0,111,3,101,84,0,188,66,0,66,254
02/18/2005,LFT,LA,ASW,CE,Combined TRACON& Tower with Radar,5,30,42,0,77,0,74,74,1,149,5,104,116,1,226,12,0,12,238
02/19/2005,LFT,LA,ASW,CE,Combined TRACON& Tower with Radar,2,32,18,0,52,0,42,70,1,113,2,74,88,1,165,42,0,42,207
02/20/2005,LFT,LA,ASW,CE,Combined TRACON& Tower with Radar,0,28,23,0,51,0,40,19,0,59,0,68,42,0,110,0,0,0,110
02/21/2005,LFT,LA,ASW,CE,Combined TRACON& Tower with Radar,0,38,38,3,79,0,60,30,0,90,0,98,68,3,169,56,0,56,225
02/22/2005,LFT,LA,ASW,CE,Combined TRACON& Tower with Radar,0,41,36,0,77,0,0,1,0,1,0,41,37,0,78,32,0,32,110
02/23/2005,LFT,LA,ASW,CE,Combined TRACON& Tower with Radar,1,40,21,0,62,0,12,6,0,18,1,52,27,0,80,6,0,6,86
02/24/2005,LFT,LA,ASW,CE,Combined TRACON& Tower with Radar,2,26,26,0,54,0,0,0,0,0,2,26,26,0,54,0,0,0,54
02/25/2005,LFT,LA,ASW,CE,Combined TRACON& Tower with Radar,0,0,0,0,0,0,0,0,0,0,0,0,0,0,0,50,2,52,52
02/26/2005,LFT,LA,ASW,CE,Combined TRACON& Tower with Radar,0,0,0,0,0,0,0,0,0,0,0,0,0,0,0,44,0,44,44
02/27/2005,LFT,LA,ASW,CE,Combined TRACON& Tower with Radar,0,26,36,0,62,0,13,26,0,39,0,39,62,0,101,34,0,34,135
02/28/2005,LFT,LA,ASW,CE,Combined TRACON& Tower with Radar,0,45,25,0,70,0,0,0,0,0,0,45,25,0,70,54,4,58,128
03/01/2005,LFT,LA,ASW,CE,Combined TRACON& Tower with Radar,0,37,46,0,83,0,41,14,0,55,0,78,60,0,138,92,0,92,230
03/02/2005,LFT,LA,ASW,CE,Combined TRACON& Tower with Radar,2,39,40,0,81,0,48,40,0,88,2,87,80,0,169,12,0,12,181
03/03/2005,LFT,LA,ASW,CE,Combined TRACON& Tower with Radar,2,43,49,1,95,0,46,35,0,81,2,89,84,1,176,76,2,78,254
03/04/2005,LFT,LA,ASW,CE,Combined TRACON& Tower with Radar,0,41,43,0,84,0,0,21,0,21,0,41,64,0,105,62,0,62,167
03/05/2005,LFT,LA,ASW,CE,Combined TRACON& Tower with Radar,0,37,22,1,60,0,43,51,1,95,0,80,73,2,155,8,0,8,163
03/06/2005,LFT,LA,ASW,CE,Combined TRACON& Tower with Radar,0,48,31,4,83,0,0,0,0,0,0,48,31,4,83,44,0,44,127
03/07/2005,LFT,LA,ASW,CE,Combined TRACON& Tower with Radar,0,42,25,0,67,0,0,0,0,0,0,42,25,0,67,8,0,8,75
03/08/2005,LFT,LA,ASW,CE,Combined TRACON& Tower with Radar,0,35,37,0,72,0,14,30,0,44,0,49,67,0,116,30,0,30,146
03/09/2005,LFT,LA,ASW,CE,Combined TRACON& Tower with Radar,3,52,42,9,106,0,54,56,0,110,3,106,98,9,216,10,10,20,236
03/10/2005,LFT,LA,ASW,CE,Combined TRACON& Tower with Radar,1,38,32,6,77,0,40,66,0,106,1,78,98,6,183,60,0,60,243
03/11/2005,LFT,LA,ASW,CE,Combined TRACON& Tower with Radar,3,37,29,3,72,0,68,70,1,139,3,105,99,4,211,70,2,72,283
03/12/2005,LFT,LA,ASW,CE,Combined TRACON& Tower with Radar,2,31,20,9,62,0,13,84,1,98,2,44,104,10,160,56,32,88,248
03/13/2005,LFT,LA,ASW,CE,Combined TRACON& Tower with Radar,0,24,21,0,45,0,17,34,0,51,0,41,55,0,96,14,0,14,110
03/14/2005,LFT,LA,ASW,CE,Combined TRACON& Tower with Radar,0,35,40,0,75,0,0,0,0,0,0,35,40,0,75,10,0,10,85
03/15/2005,LFT,LA,ASW,CE,Combined TRACON& Tower with Radar,0,40,39,0,79,0,37,12,0,49,0,77,51,0,128,18,0,18,146
03/16/2005,LFT,LA,ASW,CE,Combined TRACON& Tower with Radar,6,47,50,0,103,0,28,11,0,39,6,75,61,0,142,2,0,2,144
03/17/2005,LFT,LA,ASW,CE,Combined TRACON& Tower with Radar,2,48,49,0,99,0,51,75,0,126,2,99,124,0,225,92,0,92,317
03/18/2005,LFT,LA,ASW,CE,Combined TRACON& Tower with Radar,2,34,53,11,100,0,41,73,8,122,2,75,126,19,222,30,8,38,260
03/19/2005,LFT,LA,ASW,CE,Combined TRACON& Tower with Radar,6,54,29,0,89,0,53,71,0,124,6,107,100,0,213,50,0,50,263
03/20/2005,LFT,LA,ASW,CE,Combined TRACON& Tower with Radar,0,22,24,0,46,0,33,36,0,69,0,55,60,0,115,52,0,52,167
03/21/2005,LFT,LA,ASW,CE,Combined TRACON& Tower with Radar,0,38,50,0,88,0,40,12,2,54,0,78,62,2,142,50,0,50,192
03/22/2005,LFT,LA,ASW,CE,Combined TRACON& Tower with Radar,0,30,21,0,51,0,10,0,0,10,0,40,21,0,61,22,0,22,83
03/23/2005,LFT,LA,ASW,CE,Combined TRACON& Tower with Radar,2,38,52,6,98,0,74,74,1,149,2,112,126,7,247,22,2,24,271
03/24/2005,LFT,LA,ASW,CE,Combined TRACON& Tower with Radar,5,46,48,0,99,0,57,91,1,149,5,103,139,1,248,22,0,22,270
03/25/2005,LFT,LA,ASW,CE,Combined TRACON& Tower with Radar,0,0,0,0,0,0,0,0,0,0,0,0,0,0,0,16,0,16,16
03/26/2005,LFT,LA,ASW,CE,Combined TRACON& Tower with Radar,2,45,19,0,66,0,9,10,0,19,2,54,29,0,85,56,0,56,141
03/27/2005,LFT,LA,ASW,CE,Combined TRACON& Tower with Radar,0,29,16,0,45,0,27,17,0,44,0,56,33,0,89,6,0,6,95
03/28/2005,LFT,LA,ASW,CE,Combined TRACON& Tower with Radar,0,38,45,0,83,0,0,0,0,0,0,38,45,0,83,56,0,56,139
03/29/2005,LFT,LA,ASW,CE,Combined TRACON& Tower with Radar,0,46,51,2,99,0,38,3,0,41,0,84,54,2,140,64,4,68,208
03/30/2005,LFT,LA,ASW,CE,Combined TRACON& Tower with Radar,3,46,57,0,106,0,33,20,2,55,3,79,77,2,161,10,1,11,172
03/31/2005,LFT,LA,ASW,CE,Combined TRACON& Tower with Radar,1,36,39,0,76,0,27,9,0,36,1,63,48,0,112,12,0,12,124
04/01/2005,LFT,LA,ASW,CE,Combined TRACON& Tower with Radar,0,0,0,0,0,0,0,0,0,0,0,0,0,0,0,40,2,42,42
04/02/2005,LFT,LA,ASW,CE,Combined TRACON& Tower with Radar,2,33,16,3,54,0,83,54,1,138,2,116,70,4,192,92,0,92,284
04/03/2005,LFT,LA,ASW,CE,Combined TRACON& Tower with Radar,0,27,24,1,52,0,40,53,2,95,0,67,77,3,147,0,0,0,147
04/04/2005,LFT,LA,ASW,CE,Combined TRACON& Tower with Radar,0,30,30,2,62,0,45,45,0,90,0,75,75,2,152,32,2,34,186
04/05/2005,LFT,LA,ASW,CE,Combined TRACON& Tower with Radar,0,48,39,0,87,0,9,0,0,9,0,57,39,0,96,28,0,28,124
04/06/2005,LFT,LA,ASW,CE,Combined TRACON& Tower with Radar,2,40,47,0,89,0,35,27,0,62,2,75,74,0,151,12,0,12,163
04/07/2005,LFT,LA,ASW,CE,Combined TRACON& Tower with Radar,0,46,61,2,109,0,3,46,0,49,0,49,107,2,158,56,0,56,214
04/08/2005,LFT,LA,ASW,CE,Combined TRACON& Tower with Radar,3,42,35,2,82,0,82,57,4,143,3,124,92,6,225,74,16,90,315
04/09/2005,LFT,LA,ASW,CE,Combined TRACON& Tower with Radar,1,39,26,2,68,0,0,0,0,0,1,39,26,2,68,86,0,86,154
04/10/2005,LFT,LA,ASW,CE,Combined TRACON& Tower with Radar,0,28,36,1,65,0,20,35,0,55,0,48,71,1,120,28,0,28,148
04/11/2005,LFT,LA,ASW,CE,Combined TRACON& Tower with Radar,0,31,16,0,47,0,0,0,0,0,0,31,16,0,47,0,0,0,47
04/12/2005,LFT,LA,ASW,CE,Combined TRACON& Tower with Radar,0,41,48,1,90,0,31,35,0,66,0,72,83,1,156,98,0,98,254
04/13/2005,LFT,LA,ASW,CE,Combined TRACON& Tower with Radar,4,37,43,4,88,0,0,0,0,0,4,37,43,4,88,12,0,12,100
04/14/2005,LFT,LA,ASW,CE,Combined TRACON& Tower with Radar,2,42,49,9,102,0,93,60,0,153,2,135,109,9,255,50,30,80,335
04/15/2005,LFT,LA,ASW,CE,Combined TRACON& Tower with Radar,2,36,33,0,71,0,43,71,0,114,2,79,104,0,185,50,0,50,235
04/16/2005,LFT,LA,ASW,CE,Combined TRACON& Tower with Radar,4,36,31,8,79,0,0,0,0,0,4,36,31,8,79,139,0,139,218
04/17/2005,LFT,LA,ASW,CE,Combined TRACON& Tower with Radar,0,29,26,0,55,0,22,58,1,81,0,51,84,1,136,14,0,14,150
04/18/2005,LFT,LA,ASW,CE,Combined TRACON& Tower with Radar,0,43,53,4,100,0,90,66,0,156,0,133,119,4,256,38,0,38,294
04/19/2005,LFT,LA,ASW,CE,Combined TRACON& Tower with Radar,0,46,37,0,83,0,26,26,0,52,0,72,63,0,135,76,0,76,211
04/20/2005,LFT,LA,ASW,CE,Combined TRACON& Tower with Radar,2,48,32,16,98,0,65,47,0,112,2,113,79,16,210,18,6,24,234
04/21/2005,LFT,LA,ASW,CE,Combined TRACON& Tower with Radar,0,37,61,2,100,0,43,42,0,85,0,80,103,2,185,49,0,49,234
04/22/2005,LFT,LA,ASW,CE,Combined TRACON& Tower with Radar,0,0,0,0,0,0,0,0,0,0,0,0,0,0,0,94,14,108,108
04/23/2005,LFT,LA,ASW,CE,Combined TRACON& Tower with Radar,2,31,41,0,74,0,58,57,0,115,2,89,98,0,189,50,0,50,239
04/24/2005,LFT,LA,ASW,CE,Combined TRACON& Tower with Radar,0,35,32,1,68,0,49,72,0,121,0,84,104,1,189,49,4,53,242
04/25/2005,LFT,LA,ASW,CE,Combined TRACON& Tower with Radar,0,45,35,5,85,0,20,34,0,54,0,65,69,5,139,54,0,54,193
04/26/2005,LFT,LA,ASW,CE,Combined TRACON& Tower with Radar,0,42,16,0,58,0,40,0,0,40,0,82,16,0,98,48,10,58,156
04/27/2005,LFT,LA,ASW,CE,Combined TRACON& Tower with Radar,1,47,51,0,99,0,64,84,0,148,1,111,135,0,247,40,12,52,299
04/28/2005,LFT,LA,ASW,CE,Combined TRACON& Tower with Radar,4,40,28,2,74,0,53,63,0,116,4,93,91,2,190,50,2,52,242
04/29/2005,LFT,LA,ASW,CE,Combined TRACON& Tower with Radar,1,35,40,0,76,0,49,46,1,96,1,84,86,1,172,62,2,64,236
04/30/2005,LFT,LA,ASW,CE,Combined TRACON& Tower with Radar,1,33,17,1,52,0,32,5,0,37,1,65,22,1,89,4,0,4,93
05/01/2005,LFT,LA,ASW,CE,Combined TRACON& Tower with Radar,0,29,21,0,50,0,43,66,0,109,0,72,87,0,159,46,2,48,207
05/02/2005,LFT,LA,ASW,CE,Combined TRACON& Tower with Radar,0,37,40,12,89,0,47,57,0,104,0,84,97,12,193,78,46,124,317
05/03/2005,LFT,LA,ASW,CE,Combined TRACON& Tower with Radar,1,38,49,3,91,0,55,76,0,131,1,93,125,3,222,33,4,37,259
05/04/2005,LFT,LA,ASW,CE,Combined TRACON& Tower with Radar,1,35,63,0,99,0,60,67,0,127,1,95,130,0,226,54,0,54,280
05/05/2005,LFT,LA,ASW,CE,Combined TRACON& Tower with Radar,0,34,51,0,85,0,52,72,0,124,0,86,123,0,209,60,0,60,269
05/06/2005,LFT,LA,ASW,CE,Combined TRACON& Tower with Radar,4,46,36,0,86,0,63,112,0,175,4,109,148,0,261,60,6,66,327
05/07/2005,LFT,LA,ASW,CE,Combined TRACON& Tower with Radar,4,34,16,6,60,0,21,115,0,136,4,55,131,6,196,132,34,166,362
05/08/2005,LFT,LA,ASW,CE,Combined TRACON& Tower with Radar,4,31,39,0,74,0,0,0,0,0,4,31,39,0,74,40,0,40,114
05/09/2005,LFT,LA,ASW,CE,Combined TRACON& Tower with Radar,0,60,42,2,104,0,0,23,0,23,0,60,65,2,127,42,0,42,169
05/10/2005,LFT,LA,ASW,CE,Combined TRACON& Tower with Radar,0,28,48,0,76,0,32,0,0,32,0,60,48,0,108,44,0,44,152
05/11/2005,LFT,LA,ASW,CE,Combined TRACON& Tower with Radar,2,35,52,2,91,0,71,56,0,127,2,106,108,2,218,32,0,32,250
05/12/2005,LFT,LA,ASW,CE,Combined TRACON& Tower with Radar,3,42,61,2,108,0,61,61,0,122,3,103,122,2,230,40,0,40,270
05/13/2005,LFT,LA,ASW,CE,Combined TRACON& Tower with Radar,2,37,33,13,85,0,61,45,0,106,2,98,78,13,191,28,0,28,219
05/14/2005,LFT,LA,ASW,CE,Combined TRACON& Tower with Radar,1,30,18,0,49,0,62,31,0,93,1,92,49,0,142,56,0,56,198
05/15/2005,LFT,LA,ASW,CE,Combined TRACON& Tower with Radar,0,29,25,0,54,0,54,37,0,91,0,83,62,0,145,12,0,12,157
05/16/2005,LFT,LA,ASW,CE,Combined TRACON& Tower with Radar,0,81,33,0,114,0,7,87,0,94,0,88,120,0,208,14,0,14,222
05/17/2005,LFT,LA,ASW,CE,Combined TRACON& Tower with Radar,0,39,47,0,86,0,24,11,0,35,0,63,58,0,121,31,0,31,152
05/18/2005,LFT,LA,ASW,CE,Combined TRACON& Tower with Radar,3,49,40,0,92,0,65,21,0,86,3,114,61,0,178,18,10,28,206
05/19/2005,LFT,LA,ASW,CE,Combined TRACON& Tower with Radar,0,41,46,0,87,0,62,71,0,133,0,103,117,0,220,36,0,36,256
05/20/2005,LFT,LA,ASW,CE,Combined TRACON& Tower with Radar,2,42,45,2,91,0,63,64,0,127,2,105,109,2,218,44,2,46,264
05/21/2005,LFT,LA,ASW,CE,Combined TRACON& Tower with Radar,1,33,32,0,66,0,0,0,0,0,1,33,32,0,66,60,0,60,126
05/22/2005,LFT,LA,ASW,CE,Combined TRACON& Tower with Radar,0,38,27,7,72,0,47,63,0,110,0,85,90,7,182,66,8,74,256
05/23/2005,LFT,LA,ASW,CE,Combined TRACON& Tower with Radar,0,34,47,0,81,0,59,47,1,107,0,93,94,1,188,66,14,80,268
05/24/2005,LFT,LA,ASW,CE,Combined TRACON& Tower with Radar,0,52,36,0,88,0,25,0,0,25,0,77,36,0,113,92,2,94,207
05/25/2005,LFT,LA,ASW,CE,Combined TRACON& Tower with Radar,3,49,45,1,98,0,45,52,1,98,3,94,97,2,196,116,10,126,322
05/26/2005,LFT,LA,ASW,CE,Combined TRACON& Tower with Radar,1,39,62,1,103,0,62,63,0,125,1,101,125,1,228,28,0,28,256
05/27/2005,LFT,LA,ASW,CE,Combined TRACON& Tower with Radar,1,43,34,0,78,0,45,43,0,88,1,88,77,0,166,58,0,58,224
05/28/2005,LFT,LA,ASW,CE,Combined TRACON& Tower with Radar,1,33,28,0,62,0,48,52,2,102,1,81,80,2,164,40,0,40,204
05/29/2005,LFT,LA,ASW,CE,Combined TRACON& Tower with Radar,0,21,14,0,35,0,30,23,0,53,0,51,37,0,88,19,0,19,107
05/30/2005,LFT,LA,ASW,CE,Combined TRACON& Tower with Radar,0,24,26,0,50,0,14,15,0,29,0,38,41,0,79,46,0,46,125
05/31/2005,LFT,LA,ASW,CE,Combined TRACON& Tower with Radar,0,37,30,0,67,0,9,0,0,9,0,46,30,0,76,54,14,68,144
06/01/2005,LFT,LA,ASW,CE,Combined TRACON& Tower with Radar,2,28,65,0,95,0,46,33,0,79,2,74,98,0,174,64,6,70,244
06/02/2005,LFT,LA,ASW,CE,Combined TRACON& Tower with Radar,0,42,49,2,93,0,0,0,0,0,0,42,49,2,93,14,0,14,107
06/03/2005,LFT,LA,ASW,CE,Combined TRACON& Tower with Radar,1,50,46,12,109,0,13,89,0,102,1,63,135,12,211,60,10,70,281
06/04/2005,LFT,LA,ASW,CE,Combined TRACON& Tower with Radar,2,28,24,0,54,0,41,66,0,107,2,69,90,0,161,36,0,36,197
06/05/2005,LFT,LA,ASW,CE,Combined TRACON& Tower with Radar,0,34,19,4,57,0,2,33,2,37,0,36,52,6,94,2,0,2,96
06/06/2005,LFT,LA,ASW,CE,Combined TRACON& Tower with Radar,2,40,40,0,82,0,0,0,0,0,2,40,40,0,82,26,0,26,108
06/07/2005,LFT,LA,ASW,CE,Combined TRACON& Tower with Radar,0,39,37,0,76,0,16,6,0,22,0,55,43,0,98,14,4,18,116
06/08/2005,LFT,LA,ASW,CE,Combined TRACON& Tower with Radar,0,39,48,0,87,0,22,2,0,24,0,61,50,0,111,42,0,42,153
06/09/2005,LFT,LA,ASW,CE,Combined TRACON& Tower with Radar,1,46,68,0,115,0,0,0,0,0,1,46,68,0,115,72,0,72,187
06/10/2005,LFT,LA,ASW,CE,Combined TRACON& Tower with Radar,2,42,37,0,81,0,41,54,0,95,2,83,91,0,176,6,0,6,182
06/11/2005,LFT,LA,ASW,CE,Combined TRACON& Tower with Radar,1,27,13,0,41,0,40,46,0,86,1,67,59,0,127,50,0,50,177
06/12/2005,LFT,LA,ASW,CE,Combined TRACON& Tower with Radar,2,37,21,4,64,0,41,40,0,81,2,78,61,4,145,22,6,28,173
06/13/2005,LFT,LA,ASW,CE,Combined TRACON& Tower with Radar,2,38,44,13,97,0,31,31,0,62,2,69,75,13,159,74,0,74,233
06/14/2005,LFT,LA,ASW,CE,Combined TRACON& Tower with Radar,0,41,38,0,79,0,27,0,0,27,0,68,38,0,106,24,0,24,130
06/15/2005,LFT,LA,ASW,CE,Combined TRACON& Tower with Radar,3,46,24,8,81,0,41,27,0,68,3,87,51,8,149,30,0,30,179
06/16/2005,LFT,LA,ASW,CE,Combined TRACON& Tower with Radar,3,45,46,3,97,0,63,40,0,103,3,108,86,3,200,58,10,68,268
06/17/2005,LFT,LA,ASW,CE,Combined TRACON& Tower with Radar,2,40,31,0,73,0,62,37,1,100,2,102,68,1,173,54,10,64,237
06/18/2005,LFT,LA,ASW,CE,Combined TRACON& Tower with Radar,4,40,27,1,72,0,75,35,0,110,4,115,62,1,182,74,12,86,268
06/19/2005,LFT,LA,ASW,CE,Combined TRACON& Tower with Radar,0,29,25,0,54,0,32,65,1,98,0,61,90,1,152,20,0,20,172
06/20/2005,LFT,LA,ASW,CE,Combined TRACON& Tower with Radar,0,40,29,2,71,0,60,75,0,135,0,100,104,2,206,92,0,92,298
06/21/2005,LFT,LA,ASW,CE,Combined TRACON& Tower with Radar,0,46,34,0,80,0,47,36,0,83,0,93,70,0,163,70,0,70,233
06/22/2005,LFT,LA,ASW,CE,Combined TRACON& Tower with Radar,5,49,31,0,85,0,81,54,0,135,5,130,85,0,220,10,0,10,230
06/23/2005,LFT,LA,ASW,CE,Combined TRACON& Tower with Radar,3,41,43,0,87,0,58,57,0,115,3,99,100,0,202,64,0,64,266
06/24/2005,LFT,LA,ASW,CE,Combined TRACON& Tower with Radar,0,52,37,0,89,0,47,59,4,110,0,99,96,4,199,60,6,66,265
06/25/2005,LFT,LA,ASW,CE,Combined TRACON& Tower with Radar,3,31,17,0,51,0,59,57,0,116,3,90,74,0,167,74,2,76,243
06/26/2005,LFT,LA,ASW,CE,Combined TRACON& Tower with Radar,2,32,20,0,54,0,34,45,0,79,2,66,65,0,133,68,0,68,201
06/27/2005,LFT,LA,ASW,CE,Combined TRACON& Tower with Radar,2,45,40,0,87,0,80,35,0,115,2,125,75,0,202,38,0,38,240
06/28/2005,LFT,LA,ASW,CE,Combined TRACON& Tower with Radar,4,55,61,0,120,0,70,63,0,133,4,125,124,0,253,14,0,14,267
06/29/2005,LFT,LA,ASW,CE,Combined TRACON& Tower with Radar,3,43,62,6,114,0,60,53,0,113,3,103,115,6,227,22,20,42,269
06/30/2005,LFT,LA,ASW,CE,Combined TRACON& Tower with Radar,0,39,47,0,86,0,48,23,0,71,0,87,70,0,157,70,0,70,227
07/01/2005,LFT,LA,ASW,CE,Combined TRACON& Tower with Radar,4,38,33,1,76,0,65,39,1,105,4,103,72,2,181,44,0,44,225
07/02/2005,LFT,LA,ASW,CE,Combined TRACON& Tower with Radar,3,50,27,0,80,0,20,50,0,70,3,70,77,0,150,64,0,64,214
07/03/2005,LFT,LA,ASW,CE,Combined TRACON& Tower with Radar,2,26,8,0,36,0,13,22,0,35,2,39,30,0,71,2,0,2,73
07/04/2005,LFT,LA,ASW,CE,Combined TRACON& Tower with Radar,0,33,15,1,49,0,20,43,0,63,0,53,58,1,112,24,0,24,136
07/05/2005,LFT,LA,ASW,CE,Combined TRACON& Tower with Radar,0,30,29,0,59,0,5,0,0,5,0,35,29,0,64,2,0,2,66
07/06/2005,LFT,LA,ASW,CE,Combined TRACON& Tower with Radar,2,47,33,0,82,0,49,60,0,109,2,96,93,0,191,8,0,8,199
07/07/2005,LFT,LA,ASW,CE,Combined TRACON& Tower with Radar,8,40,36,0,84,0,60,35,0,95,8,100,71,0,179,50,0,50,229
07/08/2005,LFT,LA,ASW,CE,Combined TRACON& Tower with Radar,2,39,62,6,109,0,21,73,0,94,2,60,135,6,203,80,2,82,285
07/09/2005,LFT,LA,ASW,CE,Combined TRACON& Tower with Radar,5,36,28,0,69,0,65,57,1,123,5,101,85,1,192,44,0,44,236
07/10/2005,LFT,LA,ASW,CE,Combined TRACON& Tower with Radar,3,38,12,0,53,0,73,24,0,97,3,111,36,0,150,16,0,16,166
07/11/2005,LFT,LA,ASW,CE,Combined TRACON& Tower with Radar,2,28,32,0,62,0,108,56,0,164,2,136,88,0,226,104,0,104,330
07/12/2005,LFT,LA,ASW,CE,Combined TRACON& Tower with Radar,2,39,33,0,74,0,57,54,0,111,2,96,87,0,185,36,4,40,225
07/13/2005,LFT,LA,ASW,CE,Combined TRACON& Tower with Radar,5,37,53,0,95,0,81,51,0,132,5,118,104,0,227,10,0,10,237
07/14/2005,LFT,LA,ASW,CE,Combined TRACON& Tower with Radar,4,31,45,0,80,0,20,32,0,52,4,51,77,0,132,50,0,50,182
07/15/2005,LFT,LA,ASW,CE,Combined TRACON& Tower with Radar,4,33,34,0,71,0,0,0,0,0,4,33,34,0,71,108,24,132,203
07/16/2005,LFT,LA,ASW,CE,Combined TRACON& Tower with Radar,2,30,21,1,54,0,0,0,0,0,2,30,21,1,54,108,8,116,170
07/17/2005,LFT,LA,ASW,CE,Combined TRACON& Tower with Radar,4,30,32,0,66,0,0,0,0,0,4,30,32,0,66,68,6,74,140
07/18/2005,LFT,LA,ASW,CE,Combined TRACON& Tower with Radar,6,38,28,6,78,0,85,41,0,126,6,123,69,6,204,130,20,150,354
07/19/2005,LFT,LA,ASW,CE,Combined TRACON& Tower with Radar,2,39,42,4,87,0,79,40,0,119,2,118,82,4,206,70,0,70,276
07/20/2005,LFT,LA,ASW,CE,Combined TRACON& Tower with Radar,3,47,57,0,107,0,89,41,0,130,3,136,98,0,237,50,0,50,287
07/21/2005,LFT,LA,ASW,CE,Combined TRACON& Tower with Radar,2,59,64,2,127,0,0,0,0,0,2,59,64,2,127,88,2,90,217
07/22/2005,LFT,LA,ASW,CE,Combined TRACON& Tower with Radar,8,41,55,0,104,0,44,31,0,75,8,85,86,0,179,62,0,62,241
07/23/2005,LFT,LA,ASW,CE,Combined TRACON& Tower with Radar,4,26,19,2,51,0,57,58,0,115,4,83,77,2,166,24,0,24,190
07/24/2005,LFT,LA,ASW,CE,Combined TRACON& Tower with Radar,2,32,24,1,59,0,43,70,0,113,2,75,94,1,172,86,0,86,258
07/25/2005,LFT,LA,ASW,CE,Combined TRACON& Tower with Radar,1,38,38,1,78,0,41,43,0,84,1,79,81,1,162,58,0,58,220
07/26/2005,LFT,LA,ASW,CE,Combined TRACON& Tower with Radar,1,39,41,7,88,0,44,44,1,89,1,83,85,8,177,0,0,0,177
07/27/2005,LFT,LA,ASW,CE,Combined TRACON& Tower with Radar,5,44,41,0,90,0,88,48,2,138,5,132,89,2,228,120,0,120,348
07/28/2005,LFT,LA,ASW,CE,Combined TRACON& Tower with Radar,1,38,49,0,88,0,60,56,0,116,1,98,105,0,204,66,0,66,270
07/29/2005,LFT,LA,ASW,CE,Combined TRACON& Tower with Radar,4,38,45,0,87,0,0,0,0,0,4,38,45,0,87,46,14,60,147
07/30/2005,LFT,LA,ASW,CE,Combined TRACON& Tower with Radar,4,30,32,0,66,0,58,58,0,116,4,88,90,0,182,80,6,86,268
07/31/2005,LFT,LA,ASW,CE,Combined TRACON& Tower with Radar,2,29,31,7,69,0,41,29,0,70,2,70,60,7,139,4,0,4,143
08/01/2005,LFT,LA,ASW,CE,Combined TRACON& Tower with Radar,2,37,29,2,70,0,70,38,0,108,2,107,67,2,178,44,2,46,224
08/02/2005,LFT,LA,ASW,CE,Combined TRACON& Tower with Radar,0,47,28,1,76,0,7,0,0,7,0,54,28,1,83,62,0,62,145
08/03/2005,LFT,LA,ASW,CE,Combined TRACON& Tower with Radar,2,47,31,0,80,0,41,44,0,85,2,88,75,0,165,10,0,10,175
08/04/2005,LFT,LA,ASW,CE,Combined TRACON& Tower with Radar,3,40,36,1,80,0,65,38,0,103,3,105,74,1,183,60,0,60,243
08/05/2005,LFT,LA,ASW,CE,Combined TRACON& Tower with Radar,3,39,46,2,90,0,61,53,1,115,3,100,99,3,205,72,16,88,293
08/06/2005,LFT,LA,ASW,CE,Combined TRACON& Tower with Radar,4,44,15,3,66,0,54,46,1,101,4,98,61,4,167,78,18,96,263
08/07/2005,LFT,LA,ASW,CE,Combined TRACON& Tower with Radar,1,38,34,0,73,0,43,54,1,98,1,81,88,1,171,90,30,120,291
08/08/2005,LFT,LA,ASW,CE,Combined TRACON& Tower with Radar,2,37,37,6,82,0,0,0,0,0,2,37,37,6,82,64,8,72,154
08/09/2005,LFT,LA,ASW,CE,Combined TRACON& Tower with Radar,10,52,69,4,135,0,98,49,2,149,10,150,118,6,284,118,26,144,428
08/10/2005,LFT,LA,ASW,CE,Combined TRACON& Tower with Radar,0,49,39,0,88,0,85,49,0,134,0,134,88,0,222,26,0,26,248
08/11/2005,LFT,LA,ASW,CE,Combined TRACON& Tower with Radar,5,44,41,0,90,0,71,66,0,137,5,115,107,0,227,30,10,40,267
08/12/2005,LFT,LA,ASW,CE,Combined TRACON& Tower with Radar,2,48,50,0,100,0,42,62,0,104,2,90,112,0,204,48,0,48,252
08/13/2005,LFT,LA,ASW,CE,Combined TRACON& Tower with Radar,4,34,26,3,67,0,42,54,0,96,4,76,80,3,163,42,4,46,209
08/14/2005,LFT,LA,ASW,CE,Combined TRACON& Tower with Radar,2,29,21,0,52,0,32,44,0,76,2,61,65,0,128,12,0,12,140
08/15/2005,LFT,LA,ASW,CE,Combined TRACON& Tower with Radar,1,35,35,1,72,0,51,34,0,85,1,86,69,1,157,18,0,18,175
08/16/2005,LFT,LA,ASW,CE,Combined TRACON& Tower with Radar,3,37,25,3,68,0,66,42,1,109,3,103,67,4,177,44,0,44,221
08/17/2005,LFT,LA,ASW,CE,Combined TRACON& Tower with Radar,0,46,42,0,88,0,2,21,0,23,0,48,63,0,111,14,0,14,125
08/18/2005,LFT,LA,ASW,CE,Combined TRACON& Tower with Radar,7,42,35,5,89,0,0,0,0,0,7,42,35,5,89,74,0,74,163
08/19/2005,LFT,LA,ASW,CE,Combined TRACON& Tower with Radar,1,41,37,0,79,0,45,41,1,87,1,86,78,1,166,46,0,46,212
08/20/2005,LFT,LA,ASW,CE,Combined TRACON& Tower with Radar,4,35,18,3,60,0,42,60,0,102,4,77,78,3,162,58,0,58,220
08/21/2005,LFT,LA,ASW,CE,Combined TRACON& Tower with Radar,0,37,35,11,83,0,21,34,0,55,0,58,69,11,138,23,2,25,163
08/22/2005,LFT,LA,ASW,CE,Combined TRACON& Tower with Radar,4,46,31,0,81,0,84,46,2,132,4,130,77,2,213,34,0,34,247
08/23/2005,LFT,LA,ASW,CE,Combined TRACON& Tower with Radar,3,46,49,2,100,0,114,37,0,151,3,160,86,2,251,66,14,80,331
08/24/2005,LFT,LA,ASW,CE,Combined TRACON& Tower with Radar,0,49,38,0,87,0,37,21,0,58,0,86,59,0,145,100,20,120,265
08/25/2005,LFT,LA,ASW,CE,Combined TRACON& Tower with Radar,3,52,34,3,92,0,59,28,0,87,3,111,62,3,179,16,0,16,195
08/26/2005,LFT,LA,ASW,CE,Combined TRACON& Tower with Radar,0,38,36,0,74,0,51,73,1,125,0,89,109,1,199,20,0,20,219
08/27/2005,LFT,LA,ASW,CE,Combined TRACON& Tower with Radar,3,48,36,1,88,0,113,39,1,153,3,161,75,2,241,10,0,10,251
08/28/2005,LFT,LA,ASW,CE,Combined TRACON& Tower with Radar,0,41,34,0,75,0,0,0,0,0,0,41,34,0,75,80,2,82,157
08/29/2005,LFT,LA,ASW,CE,Combined TRACON& Tower with Radar,0,2,14,0,16,0,98,3,1,102,0,100,17,1,118,0,0,0,118
08/30/2005,LFT,LA,ASW,CE,Combined TRACON& Tower with Radar,0,51,84,0,135,0,369,129,4,502,0,420,213,4,637,184,0,184,821
08/31/2005,LFT,LA,ASW,CE,Combined TRACON& Tower with Radar,0,71,68,0,139,0,355,134,0,489,0,426,202,0,628,92,0,92,720
09/01/2005,LFT,LA,ASW,CE,Combined TRACON& Tower with Radar,0,63,89,2,154,0,276,32,0,308,0,339,121,2,462,63,0,63,525
09/02/2005,LFT,LA,ASW,CE,Combined TRACON& Tower with Radar,0,61,86,1,148,0,312,15,0,327,0,373,101,1,475,34,0,34,509
09/03/2005,LFT,LA,ASW,CE,Combined TRACON& Tower with Radar,0,51,82,1,134,0,322,12,1,335,0,373,94,2,469,8,0,8,477
09/04/2005,LFT,LA,ASW,CE,Combined TRACON& Tower with Radar,0,43,64,0,107,0,235,25,2,262,0,278,89,2,369,10,0,10,379
09/05/2005,LFT,LA,ASW,CE,Combined TRACON& Tower with Radar,0,55,55,3,113,0,204,51,0,255,0,259,106,3,368,126,10,136,504
09/06/2005,LFT,LA,ASW,CE,Combined TRACON& Tower with Radar,0,66,64,2,132,0,138,18,3,159,0,204,82,5,291,84,0,84,375
09/07/2005,LFT,LA,ASW,CE,Combined TRACON& Tower with Radar,0,65,67,0,132,0,167,37,3,207,0,232,104,3,339,50,0,50,389
09/08/2005,LFT,LA,ASW,CE,Combined TRACON& Tower with Radar,0,70,68,0,138,0,158,40,0,198,0,228,108,0,336,56,0,56,392
09/09/2005,LFT,LA,ASW,CE,Combined TRACON& Tower with Radar,11,60,2,0,73,179,27,0,0,206,190,87,2,0,279,70,10,80,359
09/10/2005,LFT,LA,ASW,CE,Combined TRACON& Tower with Radar,0,53,58,1,112,0,110,9,0,119,0,163,67,1,231,80,28,108,339
09/11/2005,LFT,LA,ASW,CE,Combined TRACON& Tower with Radar,0,33,42,1,76,0,53,2,0,55,0,86,44,1,131,10,0,10,141
09/12/2005,LFT,LA,ASW,CE,Combined TRACON& Tower with Radar,7,42,48,3,100,0,0,0,0,0,7,42,48,3,100,26,0,26,126
09/13/2005,LFT,LA,ASW,CE,Combined TRACON& Tower with Radar,8,60,42,4,114,0,164,57,1,222,8,224,99,5,336,18,0,18,354
09/14/2005,LFT,LA,ASW,CE,Combined TRACON& Tower with Radar,0,64,62,1,127,0,124,17,0,141,0,188,79,1,268,76,2,78,346
09/15/2005,LFT,LA,ASW,CE,Combined TRACON& Tower with Radar,5,61,61,1,128,50,160,52,3,265,55,221,113,4,393,42,0,42,435
09/16/2005,LFT,LA,ASW,CE,Combined TRACON& Tower with Radar,6,49,56,1,112,0,143,65,7,215,6,192,121,8,327,46,0,46,373
09/17/2005,LFT,LA,ASW,CE,Combined TRACON& Tower with Radar,8,47,41,4,100,0,104,47,2,153,8,151,88,6,253,8,0,8,261
09/18/2005,LFT,LA,ASW,CE,Combined TRACON& Tower with Radar,6,40,61,1,108,0,143,89,6,238,6,183,150,7,346,12,0,12,358
09/19/2005,LFT,LA,ASW,CE,Combined TRACON& Tower with Radar,0,50,70,1,121,0,0,0,0,0,0,50,70,1,121,22,6,28,149
09/20/2005,LFT,LA,ASW,CE,Combined TRACON& Tower with Radar,0,61,50,0,111,0,0,0,0,0,0,61,50,0,111,18,0,18,129
09/21/2005,LFT,LA,ASW,CE,Combined TRACON& Tower with Radar,0,48,66,1,115,0,50,13,0,63,0,98,79,1,178,88,0,88,266
09/22/2005,LFT,LA,ASW,CE,Combined TRACON& Tower with Radar,5,56,90,0,151,0,156,88,2,246,5,212,178,2,397,28,0,28,425
09/23/2005,LFT,LA,ASW,CE,Combined TRACON& Tower with Radar,2,22,26,0,50,0,0,0,0,0,2,22,26,0,50,0,0,0,50
09/24/2005,LFT,LA,ASW,CE,Combined TRACON& Tower with Radar,0,4,2,0,6,0,34,1,6,41,0,38,3,6,47,0,0,0,47
09/25/2005,LFT,LA,ASW,CE,Combined TRACON& Tower with Radar,0,17,77,2,96,0,318,87,22,427,0,335,164,24,523,18,0,18,541
09/26/2005,LFT,LA,ASW,CE,Combined TRACON& Tower with Radar,0,50,60,10,120,0,0,0,0,0,0,50,60,10,120,54,12,66,186
09/27/2005,LFT,LA,ASW,CE,Combined TRACON& Tower with Radar,0,103,66,7,176,0,329,114,37,480,0,432,180,44,656,45,23,68,724
09/28/2005,LFT,LA,ASW,CE,Combined TRACON& Tower with Radar,0,47,58,1,106,0,378,101,35,514,0,425,159,36,620,62,18,80,700
09/29/2005,LFT,LA,ASW,CE,Combined TRACON& Tower with Radar,5,55,86,11,157,0,279,89,6,374,5,334,175,17,531,37,0,37,568
09/30/2005,LFT,LA,ASW,CE,Combined TRACON& Tower with Radar,8,70,74,6,158,0,229,100,11,340,8,299,174,17,498,16,0,16,514
10/01/2005,LFT,LA,ASW,CE,Combined TRACON& Tower with Radar,6,39,56,3,104,0,151,58,6,215,6,190,114,9,319,12,0,12,331
10/02/2005,LFT,LA,ASW,CE,Combined TRACON& Tower with Radar,2,43,60,4,109,0,143,54,2,199,2,186,114,6,308,46,0,46,354
10/03/2005,LFT,LA,ASW,CE,Combined TRACON& Tower with Radar,0,70,40,2,112,0,0,0,0,0,0,70,40,2,112,96,14,110,222
10/04/2005,LFT,LA,ASW,CE,Combined TRACON& Tower with Radar,0,45,76,12,133,0,207,92,10,309,0,252,168,22,442,20,0,20,462
10/05/2005,LFT,LA,ASW,CE,Combined TRACON& Tower with Radar,0,66,55,2,123,0,207,42,3,252,0,273,97,5,375,58,0,58,433
10/06/2005,LFT,LA,ASW,CE,Combined TRACON& Tower with Radar,7,67,57,0,131,0,212,77,2,291,7,279,134,2,422,4,0,4,426
10/07/2005,LFT,LA,ASW,CE,Combined TRACON& Tower with Radar,9,53,60,1,123,0,188,108,3,299,9,241,168,4,422,28,2,30,452
10/08/2005,LFT,LA,ASW,CE,Combined TRACON& Tower with Radar,7,45,23,0,75,0,139,119,4,262,7,184,142,4,337,54,0,54,391
10/09/2005,LFT,LA,ASW,CE,Combined TRACON& Tower with Radar,0,55,20,1,76,0,0,0,0,0,0,55,20,1,76,30,16,46,122
10/10/2005,LFT,LA,ASW,CE,Combined TRACON& Tower with Radar,3,48,53,2,106,0,174,90,5,269,3,222,143,7,375,28,2,30,405
10/11/2005,LFT,LA,ASW,CE,Combined TRACON& Tower with Radar,3,40,36,1,80,0,203,93,3,299,3,243,129,4,379,66,0,66,445
10/12/2005,LFT,LA,ASW,CE,Combined TRACON& Tower with Radar,0,67,52,0,119,0,255,103,3,361,0,322,155,3,480,48,0,48,528
10/13/2005,LFT,LA,ASW,CE,Combined TRACON& Tower with Radar,9,50,65,10,134,0,0,0,0,0,9,50,65,10,134,36,28,64,198
10/14/2005,LFT,LA,ASW,CE,Combined TRACON& Tower with Radar,20,41,55,6,122,0,171,86,0,257,20,212,141,6,379,4,0,4,383
10/15/2005,LFT,LA,ASW,CE,Combined TRACON& Tower with Radar,7,35,19,7,68,0,147,98,1,246,7,182,117,8,314,44,0,44,358
10/16/2005,LFT,LA,ASW,CE,Combined TRACON& Tower with Radar,2,36,37,2,77,0,141,83,1,225,2,177,120,3,302,56,10,66,368
10/17/2005,LFT,LA,ASW,CE,Combined TRACON& Tower with Radar,2,40,45,2,89,0,203,88,0,291,2,243,133,2,380,20,0,20,400
10/18/2005,LFT,LA,ASW,CE,Combined TRACON& Tower with Radar,14,43,39,3,99,0,205,95,2,302,14,248,134,5,401,28,4,32,433
10/19/2005,LFT,LA,ASW,CE,Combined TRACON& Tower with Radar,5,75,65,6,151,0,239,75,4,318,5,314,140,10,469,22,2,24,493
10/20/2005,LFT,LA,ASW,CE,Combined TRACON& Tower with Radar,1,49,75,0,125,0,0,0,0,0,1,49,75,0,125,46,0,46,171
10/21/2005,LFT,LA,ASW,CE,Combined TRACON& Tower with Radar,11,50,49,2,112,0,135,71,1,207,11,185,120,3,319,20,8,28,347
10/22/2005,LFT,LA,ASW,CE,Combined TRACON& Tower with Radar,11,35,22,0,68,0,47,86,0,133,11,82,108,0,201,32,0,32,233
10/23/2005,LFT,LA,ASW,CE,Combined TRACON& Tower with Radar,4,44,25,0,73,0,109,80,3,192,4,153,105,3,265,12,0,12,277
10/24/2005,LFT,LA,ASW,CE,Combined TRACON& Tower with Radar,3,39,46,0,88,0,119,101,7,227,3,158,147,7,315,14,0,14,329
10/25/2005,LFT,LA,ASW,CE,Combined TRACON& Tower with Radar,12,57,48,0,117,0,186,120,0,306,12,243,168,0,423,52,0,52,475
10/26/2005,LFT,LA,ASW,CE,Combined TRACON& Tower with Radar,0,53,66,2,121,0,173,54,0,227,0,226,120,2,348,42,0,42,390
10/27/2005,LFT,LA,ASW,CE,Combined TRACON& Tower with Radar,10,51,59,0,120,0,144,103,0,247,10,195,162,0,367,34,0,34,401
10/28/2005,LFT,LA,ASW,CE,Combined TRACON& Tower with Radar,7,54,30,0,91,0,154,115,0,269,7,208,145,0,360,20,0,20,380
10/29/2005,LFT,LA,ASW,CE,Combined TRACON& Tower with Radar,9,32,27,0,68,0,110,90,0,200,9,142,117,0,268,16,0,16,284
10/30/2005,LFT,LA,ASW,CE,Combined TRACON& Tower with Radar,2,31,33,16,82,0,134,80,0,214,2,165,113,16,296,11,16,27,323
10/31/2005,LFT,LA,ASW,CE,Combined TRACON& Tower with Radar,4,41,46,0,91,0,151,97,0,248,4,192,143,0,339,12,0,12,351
11/01/2005,LFT,LA,ASW,CE,Combined TRACON& Tower with Radar,3,53,71,0,127,0,152,41,0,193,3,205,112,0,320,16,2,18,338
11/02/2005,LFT,LA,ASW,CE,Combined TRACON& Tower with Radar,10,76,51,0,137,0,212,106,0,318,10,288,157,0,455,32,0,32,487
11/03/2005,LFT,LA,ASW,CE,Combined TRACON& Tower with Radar,10,44,69,5,128,0,172,104,0,276,10,216,173,5,404,0,0,0,404
11/04/2005,LFT,LA,ASW,CE,Combined TRACON& Tower with Radar,9,55,45,0,109,0,108,62,0,170,9,163,107,0,279,58,0,58,337
11/05/2005,LFT,LA,ASW,CE,Combined TRACON& Tower with Radar,9,31,27,0,67,0,103,70,0,173,9,134,97,0,240,20,0,20,260
11/06/2005,LFT,LA,ASW,CE,Combined TRACON& Tower with Radar,0,40,36,2,78,0,109,67,2,178,0,149,103,4,256,16,0,16,272
11/07/2005,LFT,LA,ASW,CE,Combined TRACON& Tower with Radar,1,66,46,0,113,0,102,24,0,126,1,168,70,0,239,20,0,20,259
11/08/2005,LFT,LA,ASW,CE,Combined TRACON& Tower with Radar,5,55,45,0,105,0,117,53,0,170,5,172,98,0,275,8,0,8,283
11/09/2005,LFT,LA,ASW,CE,Combined TRACON& Tower with Radar,0,92,50,2,144,0,3,0,0,3,0,95,50,2,147,38,2,40,187
11/10/2005,LFT,LA,ASW,CE,Combined TRACON& Tower with Radar,10,78,58,0,146,0,0,0,0,0,10,78,58,0,146,29,0,29,175
11/11/2005,LFT,LA,ASW,CE,Combined TRACON& Tower with Radar,12,52,65,0,129,0,0,0,0,0,12,52,65,0,129,25,0,25,154
11/12/2005,LFT,LA,ASW,CE,Combined TRACON& Tower with Radar,9,28,27,0,64,0,101,88,0,189,9,129,115,0,253,32,10,42,295
11/13/2005,LFT,LA,ASW,CE,Combined TRACON& Tower with Radar,1,40,41,0,82,0,89,63,2,154,1,129,104,2,236,20,0,20,256
11/14/2005,LFT,LA,ASW,CE,Combined TRACON& Tower with Radar,0,75,58,0,133,0,105,19,0,124,0,180,77,0,257,0,0,0,257
11/15/2005,LFT,LA,ASW,CE,Combined TRACON& Tower with Radar,2,52,44,2,100,0,216,45,0,261,2,268,89,2,361,4,2,6,367
11/16/2005,LFT,LA,ASW,CE,Combined TRACON& Tower with Radar,0,51,69,0,120,0,107,0,0,107,0,158,69,0,227,12,0,12,239
11/17/2005,LFT,LA,ASW,CE,Combined TRACON& Tower with Radar,10,53,39,0,102,0,123,62,0,185,10,176,101,0,287,8,0,8,295
11/18/2005,LFT,LA,ASW,CE,Combined TRACON& Tower with Radar,8,43,53,2,106,0,128,70,0,198,8,171,123,2,304,18,0,18,322
11/19/2005,LFT,LA,ASW,CE,Combined TRACON& Tower with Radar,10,38,39,3,90,0,98,40,0,138,10,136,79,3,228,14,0,14,242
11/20/2005,LFT,LA,ASW,CE,Combined TRACON& Tower with Radar,2,34,31,0,67,0,31,27,0,58,2,65,58,0,125,8,0,8,133
11/21/2005,LFT,LA,ASW,CE,Combined TRACON& Tower with Radar,0,60,62,4,126,0,0,0,0,0,0,60,62,4,126,4,0,4,130
11/22/2005,LFT,LA,ASW,CE,Combined TRACON& Tower with Radar,2,60,41,0,103,0,0,0,0,0,2,60,41,0,103,34,4,38,141
11/23/2005,LFT,LA,ASW,CE,Combined TRACON& Tower with Radar,1,58,49,0,108,0,136,42,0,178,1,194,91,0,286,8,0,8,294
11/24/2005,LFT,LA,ASW,CE,Combined TRACON& Tower with Radar,2,27,13,0,42,0,0,0,0,0,2,27,13,0,42,28,0,28,70
11/25/2005,LFT,LA,ASW,CE,Combined TRACON& Tower with Radar,3,23,19,0,45,0,94,36,0,130,3,117,55,0,175,24,0,24,199
11/26/2005,LFT,LA,ASW,CE,Combined TRACON& Tower with Radar,6,49,25,0,80,0,44,25,0,69,6,93,50,0,149,30,0,30,179
11/27/2005,LFT,LA,ASW,CE,Combined TRACON& Tower with Radar,2,44,58,0,104,0,94,17,0,111,2,138,75,0,215,10,0,10,225
11/28/2005,LFT,LA,ASW,CE,Combined TRACON& Tower with Radar,4,52,60,0,116,0,0,0,0,0,4,52,60,0,116,10,4,14,130
11/29/2005,LFT,LA,ASW,CE,Combined TRACON& Tower with Radar,0,50,45,1,96,0,0,0,0,0,0,50,45,1,96,48,0,48,144
11/30/2005,LFT,LA,ASW,CE,Combined TRACON& Tower with Radar,0,38,50,0,88,0,149,74,0,223,0,187,124,0,311,28,0,28,339
12/01/2005,LFT,LA,ASW,CE,Combined TRACON& Tower with Radar,8,46,52,6,112,0,0,0,0,0,8,46,52,6,112,10,8,18,130
12/02/2005,LFT,LA,ASW,CE,Combined TRACON& Tower with Radar,10,47,70,0,127,0,102,31,0,133,10,149,101,0,260,22,4,26,286
12/03/2005,LFT,LA,ASW,CE,Combined TRACON& Tower with Radar,9,32,41,0,82,0,100,25,0,125,9,132,66,0,207,16,0,16,223
12/04/2005,LFT,LA,ASW,CE,Combined TRACON& Tower with Radar,2,38,43,0,83,0,0,0,0,0,2,38,43,0,83,4,0,4,87
12/05/2005,LFT,LA,ASW,CE,Combined TRACON& Tower with Radar,0,47,58,4,109,0,0,0,0,0,0,47,58,4,109,10,0,10,119
12/06/2005,LFT,LA,ASW,CE,Combined TRACON& Tower with Radar,0,48,42,0,90,0,120,49,1,170,0,168,91,1,260,38,14,52,312
12/07/2005,LFT,LA,ASW,CE,Combined TRACON& Tower with Radar,2,52,62,0,116,0,155,32,0,187,2,207,94,0,303,34,0,34,337
12/08/2005,LFT,LA,ASW,CE,Combined TRACON& Tower with Radar,8,59,49,1,117,0,88,7,0,95,8,147,56,1,212,2,2,4,216
12/09/2005,LFT,LA,ASW,CE,Combined TRACON& Tower with Radar,10,52,69,2,133,0,114,40,0,154,10,166,109,2,287,14,0,14,301
12/10/2005,LFT,LA,ASW,CE,Combined TRACON& Tower with Radar,8,37,20,0,65,0,93,33,0,126,8,130,53,0,191,11,0,11,202
12/11/2005,LFT,LA,ASW,CE,Combined TRACON& Tower with Radar,2,35,32,0,69,0,85,59,0,144,2,120,91,0,213,54,4,58,271
12/12/2005,LFT,LA,ASW,CE,Combined TRACON& Tower with Radar,0,52,48,0,100,0,155,57,0,212,0,207,105,0,312,10,0,10,322
12/13/2005,LFT,LA,ASW,CE,Combined TRACON& Tower with Radar,0,51,61,6,118,0,136,62,0,198,0,187,123,6,316,14,4,18,334
12/14/2005,LFT,LA,ASW,CE,Combined TRACON& Tower with Radar,7,65,55,0,127,0,104,7,0,111,7,169,62,0,238,42,0,42,280
12/15/2005,LFT,LA,ASW,CE,Combined TRACON& Tower with Radar,6,48,82,1,137,0,0,0,0,0,6,48,82,1,137,27,0,27,164
12/16/2005,LFT,LA,ASW,CE,Combined TRACON& Tower with Radar,8,48,56,0,112,0,104,54,0,158,8,152,110,0,270,26,0,26,296
12/17/2005,LFT,LA,ASW,CE,Combined TRACON& Tower with Radar,6,37,11,0,54,0,54,11,0,65,6,91,22,0,119,0,0,0,119
12/18/2005,LFT,LA,ASW,CE,Combined TRACON& Tower with Radar,0,44,39,2,85,0,0,0,0,0,0,44,39,2,85,4,0,4,89
12/19/2005,LFT,LA,ASW,CE,Combined TRACON& Tower with Radar,0,40,55,0,95,0,0,0,0,0,0,40,55,0,95,14,0,14,109
12/20/2005,LFT,LA,ASW,CE,Combined TRACON& Tower with Radar,0,44,81,0,125,0,91,30,0,121,0,135,111,0,246,40,0,40,286
12/21/2005,LFT,LA,ASW,CE,Combined TRACON& Tower with Radar,0,61,57,0,118,0,64,11,0,75,0,125,68,0,193,22,4,26,219
12/22/2005,LFT,LA,ASW,CE,Combined TRACON& Tower with Radar,13,63,56,0,132,0,85,65,0,150,13,148,121,0,282,34,0,34,316
12/23/2005,LFT,LA,ASW,CE,Combined TRACON& Tower with Radar,7,41,43,0,91,0,89,57,0,146,7,130,100,0,237,22,0,22,259
12/24/2005,LFT,LA,ASW,CE,Combined TRACON& Tower with Radar,0,34,17,0,51,0,9,0,0,9,0,43,17,0,60,6,0,6,66
12/25/2005,LFT,LA,ASW,CE,Combined TRACON& Tower with Radar,0,29,7,0,36,0,36,10,0,46,0,65,17,0,82,0,0,0,82
12/26/2005,LFT,LA,ASW,CE,Combined TRACON& Tower with Radar,0,44,50,0,94,0,65,89,0,154,0,109,139,0,248,40,0,40,288
12/27/2005,LFT,LA,ASW,CE,Combined TRACON& Tower with Radar,0,46,43,1,90,0,63,39,0,102,0,109,82,1,192,6,0,6,198
12/28/2005,LFT,LA,ASW,CE,Combined TRACON& Tower with Radar,7,56,37,2,102,0,109,40,0,149,7,165,77,2,251,17,0,17,268
12/29/2005,LFT,LA,ASW,CE,Combined TRACON& Tower with Radar,10,54,36,0,100,0,0,0,0,0,10,54,36,0,100,52,0,52,152
12/30/2005,LFT,LA,ASW,CE,Combined TRACON& Tower with Radar,6,44,30,0,80,0,85,38,0,123,6,129,68,0,203,34,0,34,237
12/31/2005,LFT,LA,ASW,CE,Combined TRACON& Tower with Radar,12,37,21,0,70,0,41,23,0,64,12,78,44,0,134,0,0,0,134
01/01/2006,LFT,LA,ASW,CE,Combined TRACON& Tower with Radar,0,41,17,0,58,0,11,7,0,18,0,52,24,0,76,2,0,2,78
01/02/2006,LFT,LA,ASW,CE,Combined TRACON& Tower with Radar,1,44,30,0,75,0,32,48,0,80,1,76,78,0,155,18,0,18,173
01/03/2006,LFT,LA,ASW,CE,Combined TRACON& Tower with Radar,0,48,28,0,76,0,105,56,0,161,0,153,84,0,237,54,0,54,291
01/04/2006,LFT,LA,ASW,CE,Combined TRACON& Tower with Radar,1,56,46,0,103,0,0,0,0,0,1,56,46,0,103,20,0,20,123
01/05/2006,LFT,LA,ASW,CE,Combined TRACON& Tower with Radar,10,42,39,0,91,0,109,68,0,177,10,151,107,0,268,22,0,22,290
01/06/2006,LFT,LA,ASW,CE,Combined TRACON& Tower with Radar,7,47,38,4,96,0,84,66,1,151,7,131,104,5,247,40,4,44,291
01/07/2006,LFT,LA,ASW,CE,Combined TRACON& Tower with Radar,9,32,20,0,61,0,55,53,0,108,9,87,73,0,169,8,0,8,177
01/08/2006,LFT,LA,ASW,CE,Combined TRACON& Tower with Radar,2,31,38,0,71,0,73,27,0,100,2,104,65,0,171,13,0,13,184
01/09/2006,LFT,LA,ASW,CE,Combined TRACON& Tower with Radar,2,48,31,2,83,0,65,42,0,107,2,113,73,2,190,20,6,26,216
01/10/2006,LFT,LA,ASW,CE,Combined TRACON& Tower with Radar,0,49,46,0,95,0,57,20,0,77,0,106,66,0,172,18,0,18,190
01/11/2006,LFT,LA,ASW,CE,Combined TRACON& Tower with Radar,2,51,53,11,117,0,86,49,3,138,2,137,102,14,255,2,14,16,271
01/12/2006,LFT,LA,ASW,CE,Combined TRACON& Tower with Radar,1,55,36,3,95,0,0,0,0,0,1,55,36,3,95,8,0,8,103
01/13/2006,LFT,LA,ASW,CE,Combined TRACON& Tower with Radar,10,46,55,0,111,0,49,34,0,83,10,95,89,0,194,8,0,8,202
01/14/2006,LFT,LA,ASW,CE,Combined TRACON& Tower with Radar,10,31,17,1,59,0,60,64,1,125,10,91,81,2,184,30,0,30,214
01/15/2006,LFT,LA,ASW,CE,Combined TRACON& Tower with Radar,0,38,32,0,70,0,49,42,0,91,0,87,74,0,161,28,0,28,189
01/16/2006,LFT,LA,ASW,CE,Combined TRACON& Tower with Radar,4,52,36,2,94,0,65,12,0,77,4,117,48,2,171,44,2,46,217
01/17/2006,LFT,LA,ASW,CE,Combined TRACON& Tower with Radar,0,60,32,0,92,0,46,9,0,55,0,106,41,0,147,20,0,20,167
01/18/2006,LFT,LA,ASW,CE,Combined TRACON& Tower with Radar,0,51,70,0,121,0,106,66,0,172,0,157,136,0,293,34,0,34,327
01/19/2006,LFT,LA,ASW,CE,Combined TRACON& Tower with Radar,8,49,61,0,118,0,0,0,0,0,8,49,61,0,118,44,0,44,162
01/20/2006,LFT,LA,ASW,CE,Combined TRACON& Tower with Radar,10,49,59,9,127,0,86,22,0,108,10,135,81,9,235,42,0,42,277
01/21/2006,LFT,LA,ASW,CE,Combined TRACON& Tower with Radar,8,31,24,0,63,0,37,11,0,48,8,68,35,0,111,30,0,30,141
01/22/2006,LFT,LA,ASW,CE,Combined TRACON& Tower with Radar,1,47,31,0,79,0,18,4,0,22,1,65,35,0,101,10,0,10,111
01/23/2006,LFT,LA,ASW,CE,Combined TRACON& Tower with Radar,3,61,60,7,131,0,5,4,1,10,3,66,64,8,141,6,0,6,147
01/24/2006,LFT,LA,ASW,CE,Combined TRACON& Tower with Radar,0,52,53,0,105,0,84,38,1,123,0,136,91,1,228,64,2,66,294
01/25/2006,LFT,LA,ASW,CE,Combined TRACON& Tower with Radar,7,55,65,0,127,0,100,72,0,172,7,155,137,0,299,34,0,34,333
01/26/2006,LFT,LA,ASW,CE,Combined TRACON& Tower with Radar,10,56,53,0,119,0,63,39,0,102,10,119,92,0,221,32,0,32,253
01/27/2006,LFT,LA,ASW,CE,Combined TRACON& Tower with Radar,11,44,58,1,114,0,44,46,0,90,11,88,104,1,204,34,2,36,240
01/28/2006,LFT,LA,ASW,CE,Combined TRACON& Tower with Radar,8,28,17,4,57,0,35,6,0,41,8,63,23,4,98,4,0,4,102
01/29/2006,LFT,LA,ASW,CE,Combined TRACON& Tower with Radar,0,36,39,12,87,0,21,62,0,83,0,57,101,12,170,6,0,6,176
01/30/2006,LFT,LA,ASW,CE,Combined TRACON& Tower with Radar,3,42,33,0,78,0,52,37,0,89,3,94,70,0,167,0,0,0,167
01/31/2006,LFT,LA,ASW,CE,Combined TRACON& Tower with Radar,1,46,53,0,100,0,76,63,0,139,1,122,116,0,239,38,0,38,277
02/01/2006,LFT,LA,ASW,CE,Combined TRACON& Tower with Radar,0,55,34,0,89,0,5,0,0,5,0,60,34,0,94,4,0,4,98
02/02/2006,LFT,LA,ASW,CE,Combined TRACON& Tower with Radar,5,52,49,4,110,0,0,0,0,0,5,52,49,4,110,4,0,4,114
02/03/2006,LFT,LA,ASW,CE,Combined TRACON& Tower with Radar,9,61,49,0,119,0,26,19,0,45,9,87,68,0,164,10,0,10,174
02/04/2006,LFT,LA,ASW,CE,Combined TRACON& Tower with Radar,7,39,33,2,81,0,46,87,0,133,7,85,120,2,214,18,0,18,232
02/05/2006,LFT,LA,ASW,CE,Combined TRACON& Tower with Radar,0,36,34,0,70,0,43,59,0,102,0,79,93,0,172,8,0,8,180
02/06/2006,LFT,LA,ASW,CE,Combined TRACON& Tower with Radar,2,53,42,0,97,0,57,41,0,98,2,110,83,0,195,16,0,16,211
02/07/2006,LFT,LA,ASW,CE,Combined TRACON& Tower with Radar,6,45,34,0,85,0,65,52,0,117,6,110,86,0,202,40,0,40,242
02/08/2006,LFT,LA,ASW,CE,Combined TRACON& Tower with Radar,0,50,75,6,131,0,111,52,0,163,0,161,127,6,294,30,4,34,328
02/09/2006,LFT,LA,ASW,CE,Combined TRACON& Tower with Radar,8,15,55,0,78,0,74,50,0,124,8,89,105,0,202,34,0,34,236
02/10/2006,LFT,LA,ASW,CE,Combined TRACON& Tower with Radar,6,39,28,2,75,0,43,17,0,60,6,82,45,2,135,4,0,4,139
02/11/2006,LFT,LA,ASW,CE,Combined TRACON& Tower with Radar,8,32,37,0,77,0,42,28,0,70,8,74,65,0,147,46,0,46,193
02/12/2006,LFT,LA,ASW,CE,Combined TRACON& Tower with Radar,0,39,19,0,58,0,47,70,1,118,0,86,89,1,176,2,0,2,178
02/13/2006,LFT,LA,ASW,CE,Combined TRACON& Tower with Radar,4,44,47,3,98,0,85,59,0,144,4,129,106,3,242,26,0,26,268
02/14/2006,LFT,LA,ASW,CE,Combined TRACON& Tower with Radar,1,41,55,0,97,0,101,55,2,158,1,142,110,2,255,32,0,32,287
02/15/2006,LFT,LA,ASW,CE,Combined TRACON& Tower with Radar,0,64,40,0,104,0,8,0,0,8,0,72,40,0,112,12,0,12,124
02/16/2006,LFT,LA,ASW,CE,Combined TRACON& Tower with Radar,4,58,72,0,134,0,82,31,0,113,4,140,103,0,247,36,1,37,284
02/17/2006,LFT,LA,ASW,CE,Combined TRACON& Tower with Radar,0,63,53,3,119,0,42,15,0,57,0,105,68,3,176,12,0,12,188
02/18/2006,LFT,LA,ASW,CE,Combined TRACON& Tower with Radar,6,33,5,0,44,0,12,0,0,12,6,45,5,0,56,0,0,0,56
02/19/2006,LFT,LA,ASW,CE,Combined TRACON& Tower with Radar,2,40,20,0,62,0,26,25,0,51,2,66,45,0,113,0,0,0,113
02/20/2006,LFT,LA,ASW,CE,Combined TRACON& Tower with Radar,3,45,35,0,83,0,0,1,0,1,3,45,36,0,84,0,0,0,84
02/21/2006,LFT,LA,ASW,CE,Combined TRACON& Tower with Radar,4,77,77,0,158,0,15,8,0,23,4,92,85,0,181,0,0,0,181
02/22/2006,LFT,LA,ASW,CE,Combined TRACON& Tower with Radar,0,43,25,0,68,0,0,0,0,0,0,43,25,0,68,50,0,50,118
02/23/2006,LFT,LA,ASW,CE,Combined TRACON& Tower with Radar,5,52,77,2,136,0,49,35,0,84,5,101,112,2,220,24,0,24,244
02/24/2006,LFT,LA,ASW,CE,Combined TRACON& Tower with Radar,6,40,68,0,114,0,48,25,0,73,6,88,93,0,187,48,0,48,235
02/25/2006,LFT,LA,ASW,CE,Combined TRACON& Tower with Radar,8,36,16,2,62,0,15,0,0,15,8,51,16,2,77,0,0,0,77
02/26/2006,LFT,LA,ASW,CE,Combined TRACON& Tower with Radar,0,42,51,0,93,0,71,56,1,128,0,113,107,1,221,24,0,24,245
02/27/2006,LFT,LA,ASW,CE,Combined TRACON& Tower with Radar,0,41,40,4,85,0,0,0,0,0,0,41,40,4,85,42,0,42,127
02/28/2006,LFT,LA,ASW,CE,Combined TRACON& Tower with Radar,0,44,33,0,77,0,51,55,0,106,0,95,88,0,183,120,0,120,303
03/01/2006,LFT,LA,ASW,CE,Combined TRACON& Tower with Radar,8,42,47,2,99,0,64,49,0,113,8,106,96,2,212,16,0,16,228
03/02/2006,LFT,LA,ASW,CE,Combined TRACON& Tower with Radar,5,56,54,0,115,0,89,63,0,152,5,145,117,0,267,10,2,12,279
03/03/2006,LFT,LA,ASW,CE,Combined TRACON& Tower with Radar,6,52,34,0,92,0,56,75,0,131,6,108,109,0,223,50,0,50,273
03/04/2006,LFT,LA,ASW,CE,Combined TRACON& Tower with Radar,8,36,27,0,71,0,51,59,0,110,8,87,86,0,181,24,0,24,205
03/05/2006,LFT,LA,ASW,CE,Combined TRACON& Tower with Radar,0,32,20,0,52,0,0,0,0,0,0,32,20,0,52,12,0,12,64
03/06/2006,LFT,LA,ASW,CE,Combined TRACON& Tower with Radar,0,59,33,0,92,0,20,11,0,31,0,79,44,0,123,30,0,30,153
03/07/2006,LFT,LA,ASW,CE,Combined TRACON& Tower with Radar,4,53,57,2,116,0,70,45,0,115,4,123,102,2,231,28,4,32,263
03/08/2006,LFT,LA,ASW,CE,Combined TRACON& Tower with Radar,0,44,35,0,79,0,0,0,0,0,0,44,35,0,79,10,2,12,91
03/09/2006,LFT,LA,ASW,CE,Combined TRACON& Tower with Radar,7,29,51,0,87,0,0,0,0,0,7,29,51,0,87,0,0,0,87
03/10/2006,LFT,LA,ASW,CE,Combined TRACON& Tower with Radar,5,47,83,0,135,0,41,18,0,59,5,88,101,0,194,0,0,0,194
03/11/2006,LFT,LA,ASW,CE,Combined TRACON& Tower with Radar,7,36,24,0,67,0,65,12,0,77,7,101,36,0,144,42,0,42,186
03/12/2006,LFT,LA,ASW,CE,Combined TRACON& Tower with Radar,0,31,30,0,61,0,0,0,0,0,0,31,30,0,61,6,0,6,67
03/13/2006,LFT,LA,ASW,CE,Combined TRACON& Tower with Radar,2,51,49,0,102,0,69,22,0,91,2,120,71,0,193,20,0,20,213
03/14/2006,LFT,LA,ASW,CE,Combined TRACON& Tower with Radar,2,50,59,6,117,0,64,55,0,119,2,114,114,6,236,4,0,4,240
03/15/2006,LFT,LA,ASW,CE,Combined TRACON& Tower with Radar,8,46,49,0,103,0,112,74,0,186,8,158,123,0,289,10,0,10,299
03/16/2006,LFT,LA,ASW,CE,Combined TRACON& Tower with Radar,10,48,57,0,115,0,60,26,0,86,10,108,83,0,201,36,0,36,237
03/17/2006,LFT,LA,ASW,CE,Combined TRACON& Tower with Radar,6,41,42,0,89,0,28,54,0,82,6,69,96,0,171,10,0,10,181
03/18/2006,LFT,LA,ASW,CE,Combined TRACON& Tower with Radar,7,40,31,1,79,0,68,18,0,86,7,108,49,1,165,16,0,16,181
03/19/2006,LFT,LA,ASW,CE,Combined TRACON& Tower with Radar,0,36,24,0,60,0,44,20,0,64,0,80,44,0,124,46,0,46,170
03/20/2006,LFT,LA,ASW,CE,Combined TRACON& Tower with Radar,0,48,28,0,76,0,24,7,0,31,0,72,35,0,107,18,0,18,125
03/21/2006,LFT,LA,ASW,CE,Combined TRACON& Tower with Radar,3,46,60,0,109,0,73,81,0,154,3,119,141,0,263,86,0,86,349
03/22/2006,LFT,LA,ASW,CE,Combined TRACON& Tower with Radar,6,43,64,0,113,0,6,64,0,70,6,49,128,0,183,86,0,86,269
03/23/2006,LFT,LA,ASW,CE,Combined TRACON& Tower with Radar,7,42,63,2,114,0,45,51,0,96,7,87,114,2,210,22,4,26,236
03/24/2006,LFT,LA,ASW,CE,Combined TRACON& Tower with Radar,6,44,64,3,117,0,60,66,0,126,6,104,130,3,243,22,6,28,271
03/25/2006,LFT,LA,ASW,CE,Combined TRACON& Tower with Radar,9,34,34,0,77,0,49,65,0,114,9,83,99,0,191,24,6,30,221
03/26/2006,LFT,LA,ASW,CE,Combined TRACON& Tower with Radar,0,38,33,0,71,1,63,93,1,158,1,101,126,1,229,66,2,68,297
03/27/2006,LFT,LA,ASW,CE,Combined TRACON& Tower with Radar,0,40,60,0,100,0,86,45,0,131,0,126,105,0,231,26,0,26,257
03/28/2006,LFT,LA,ASW,CE,Combined TRACON& Tower with Radar,0,55,45,0,100,0,0,0,0,0,0,55,45,0,100,46,0,46,146
03/29/2006,LFT,LA,ASW,CE,Combined TRACON& Tower with Radar,4,56,60,0,120,0,90,25,0,115,4,146,85,0,235,16,0,16,251
03/30/2006,LFT,LA,ASW,CE,Combined TRACON& Tower with Radar,7,43,62,2,114,0,0,0,0,0,7,43,62,2,114,28,0,28,142
03/31/2006,LFT,LA,ASW,CE,Combined TRACON& Tower with Radar,11,41,48,0,100,0,69,36,0,105,11,110,84,0,205,14,0,14,219
04/01/2006,LFT,LA,ASW,CE,Combined TRACON& Tower with Radar,6,35,26,0,67,0,63,34,0,97,6,98,60,0,164,28,0,28,192
04/02/2006,LFT,LA,ASW,CE,Combined TRACON& Tower with Radar,0,22,40,0,62,0,0,0,0,0,0,22,40,0,62,12,0,12,74
04/03/2006,LFT,LA,ASW,CE,Combined TRACON& Tower with Radar,0,56,44,0,100,0,60,26,0,86,0,116,70,0,186,36,0,36,222
04/04/2006,LFT,LA,ASW,CE,Combined TRACON& Tower with Radar,6,45,48,2,101,0,75,55,0,130,6,120,103,2,231,24,0,24,255
04/05/2006,LFT,LA,ASW,CE,Combined TRACON& Tower with Radar,0,55,45,0,100,0,12,0,0,12,0,67,45,0,112,41,0,41,153
04/06/2006,LFT,LA,ASW,CE,Combined TRACON& Tower with Radar,13,65,64,5,147,0,67,42,0,109,13,132,106,5,256,32,2,34,290
04/07/2006,LFT,LA,ASW,CE,Combined TRACON& Tower with Radar,7,49,57,0,113,0,43,34,1,78,7,92,91,1,191,0,0,0,191
04/08/2006,LFT,LA,ASW,CE,Combined TRACON& Tower with Radar,7,32,33,0,72,0,62,42,0,104,7,94,75,0,176,56,6,62,238
04/09/2006,LFT,LA,ASW,CE,Combined TRACON& Tower with Radar,0,41,27,0,68,0,47,65,2,114,0,88,92,2,182,52,0,52,234
04/10/2006,LFT,LA,ASW,CE,Combined TRACON& Tower with Radar,2,48,43,0,93,0,83,62,0,145,2,131,105,0,238,12,0,12,250
04/11/2006,LFT,LA,ASW,CE,Combined TRACON& Tower with Radar,0,53,65,0,118,0,118,54,0,172,0,171,119,0,290,54,2,56,346
04/12/2006,LFT,LA,ASW,CE,Combined TRACON& Tower with Radar,9,64,61,3,137,0,88,35,0,123,9,152,96,3,260,14,0,14,274
04/13/2006,LFT,LA,ASW,CE,Combined TRACON& Tower with Radar,9,60,49,0,118,0,95,76,0,171,9,155,125,0,289,44,0,44,333
04/14/2006,LFT,LA,ASW,CE,Combined TRACON& Tower with Radar,4,46,59,0,109,0,45,46,0,91,4,91,105,0,200,18,0,18,218
04/15/2006,LFT,LA,ASW,CE,Combined TRACON& Tower with Radar,6,36,10,0,52,0,45,38,0,83,6,81,48,0,135,0,0,0,135
04/16/2006,LFT,LA,ASW,CE,Combined TRACON& Tower with Radar,0,41,22,3,66,0,39,29,0,68,0,80,51,3,134,6,0,6,140
04/17/2006,LFT,LA,ASW,CE,Combined TRACON& Tower with Radar,0,50,52,0,102,0,66,32,0,98,0,116,84,0,200,22,0,22,222
04/18/2006,LFT,LA,ASW,CE,Combined TRACON& Tower with Radar,2,59,41,0,102,0,86,49,0,135,2,145,90,0,237,16,0,16,253
04/19/2006,LFT,LA,ASW,CE,Combined TRACON& Tower with Radar,4,65,60,0,129,0,84,44,0,128,4,149,104,0,257,4,0,4,261
04/20/2006,LFT,LA,ASW,CE,Combined TRACON& Tower with Radar,7,46,60,0,113,0,83,66,0,149,7,129,126,0,262,30,0,30,292
04/21/2006,LFT,LA,ASW,CE,Combined TRACON& Tower with Radar,7,46,39,0,92,0,41,37,0,78,7,87,76,0,170,14,0,14,184
04/22/2006,LFT,LA,ASW,CE,Combined TRACON& Tower with Radar,7,41,40,2,90,0,43,38,0,81,7,84,78,2,171,22,2,24,195
04/23/2006,LFT,LA,ASW,CE,Combined TRACON& Tower with Radar,0,49,41,2,92,0,48,50,1,99,0,97,91,3,191,24,2,26,217
04/24/2006,LFT,LA,ASW,CE,Combined TRACON& Tower with Radar,2,54,55,0,111,0,88,56,0,144,2,142,111,0,255,22,0,22,277
04/25/2006,LFT,LA,ASW,CE,Combined TRACON& Tower with Radar,1,41,48,0,90,0,67,33,0,100,1,108,81,0,190,16,0,16,206
04/26/2006,LFT,LA,ASW,CE,Combined TRACON& Tower with Radar,1,62,46,2,111,0,100,10,0,110,1,162,56,2,221,0,0,0,221
04/27/2006,LFT,LA,ASW,CE,Combined TRACON& Tower with Radar,1,52,60,2,115,0,88,87,0,175,1,140,147,2,290,0,0,0,290
04/28/2006,LFT,LA,ASW,CE,Combined TRACON& Tower with Radar,14,57,63,1,135,0,70,63,0,133,14,127,126,1,268,22,0,22,290
04/29/2006,LFT,LA,ASW,CE,Combined TRACON& Tower with Radar,8,41,8,1,58,0,27,0,0,27,8,68,8,1,85,0,0,0,85
04/30/2006,LFT,LA,ASW,CE,Combined TRACON& Tower with Radar,0,44,41,0,85,0,45,58,0,103,0,89,99,0,188,38,10,48,236
05/01/2006,LFT,LA,ASW,CE,Combined TRACON& Tower with Radar,0,50,53,3,106,0,51,69,0,120,0,101,122,3,226,32,0,32,258
05/02/2006,LFT,LA,ASW,CE,Combined TRACON& Tower with Radar,12,44,49,0,105,0,65,40,0,105,12,109,89,0,210,22,0,22,232
05/03/2006,LFT,LA,ASW,CE,Combined TRACON& Tower with Radar,4,57,70,0,131,0,67,55,0,122,4,124,125,0,253,88,14,102,355
05/04/2006,LFT,LA,ASW,CE,Combined TRACON& Tower with Radar,5,39,57,0,101,0,57,53,1,111,5,96,110,1,212,0,0,0,212
05/05/2006,LFT,LA,ASW,CE,Combined TRACON& Tower with Radar,7,53,52,2,114,0,20,10,0,30,7,73,62,2,144,12,0,12,156
05/06/2006,LFT,LA,ASW,CE,Combined TRACON& Tower with Radar,6,34,10,0,50,0,40,25,0,65,6,74,35,0,115,54,6,60,175
05/07/2006,LFT,LA,ASW,CE,Combined TRACON& Tower with Radar,1,38,25,0,64,0,43,14,0,57,1,81,39,0,121,66,6,72,193
05/08/2006,LFT,LA,ASW,CE,Combined TRACON& Tower with Radar,1,46,49,0,96,0,67,40,1,108,1,113,89,1,204,76,0,76,280
05/09/2006,LFT,LA,ASW,CE,Combined TRACON& Tower with Radar,3,54,51,0,108,0,62,48,0,110,3,116,99,0,218,16,0,16,234
05/10/2006,LFT,LA,ASW,CE,Combined TRACON& Tower with Radar,2,61,67,0,130,0,81,36,0,117,2,142,103,0,247,16,2,18,265
05/11/2006,LFT,LA,ASW,CE,Combined TRACON& Tower with Radar,6,45,45,7,103,0,61,60,0,121,6,106,105,7,224,50,0,50,274
05/12/2006,LFT,LA,ASW,CE,Combined TRACON& Tower with Radar,8,48,40,6,102,0,42,100,0,142,8,90,140,6,244,22,0,22,266
05/13/2006,LFT,LA,ASW,CE,Combined TRACON& Tower with Radar,3,36,24,0,63,0,55,52,0,107,3,91,76,0,170,56,0,56,226
05/14/2006,LFT,LA,ASW,CE,Combined TRACON& Tower with Radar,3,42,15,0,60,0,35,14,0,49,3,77,29,0,109,8,0,8,117
05/15/2006,LFT,LA,ASW,CE,Combined TRACON& Tower with Radar,0,45,57,5,107,0,64,47,0,111,0,109,104,5,218,24,2,26,244
05/16/2006,LFT,LA,ASW,CE,Combined TRACON& Tower with Radar,7,42,62,2,113,0,70,62,1,133,7,112,124,3,246,44,6,50,296
05/17/2006,LFT,LA,ASW,CE,Combined TRACON& Tower with Radar,0,68,40,5,113,0,69,66,0,135,0,137,106,5,248,4,2,6,254
05/18/2006,LFT,LA,ASW,CE,Combined TRACON& Tower with Radar,6,51,38,0,95,0,70,68,0,138,6,121,106,0,233,14,0,14,247
05/19/2006,LFT,LA,ASW,CE,Combined TRACON& Tower with Radar,7,49,29,0,85,0,1,51,0,52,7,50,80,0,137,10,0,10,147
05/20/2006,LFT,LA,ASW,CE,Combined TRACON& Tower with Radar,7,45,20,0,72,0,64,56,0,120,7,109,76,0,192,48,0,48,240
05/21/2006,LFT,LA,ASW,CE,Combined TRACON& Tower with Radar,0,40,23,0,63,0,0,0,0,0,0,40,23,0,63,70,10,80,143
05/22/2006,LFT,LA,ASW,CE,Combined TRACON& Tower with Radar,0,46,0,0,46,113,60,0,0,173,113,106,0,0,219,46,10,56,275
05/23/2006,LFT,LA,ASW,CE,Combined TRACON& Tower with Radar,0,40,25,0,65,0,83,61,1,145,0,123,86,1,210,14,2,16,226
05/24/2006,LFT,LA,ASW,CE,Combined TRACON& Tower with Radar,1,69,84,4,158,0,72,65,0,137,1,141,149,4,295,58,4,62,357
05/25/2006,LFT,LA,ASW,CE,Combined TRACON& Tower with Radar,2,59,51,0,112,0,0,0,0,0,2,59,51,0,112,36,0,36,148
05/26/2006,LFT,LA,ASW,CE,Combined TRACON& Tower with Radar,6,47,64,0,117,0,65,61,0,126,6,112,125,0,243,28,2,30,273
05/27/2006,LFT,LA,ASW,CE,Combined TRACON& Tower with Radar,6,36,16,0,58,0,51,39,0,90,6,87,55,0,148,43,0,43,191
05/28/2006,LFT,LA,ASW,CE,Combined TRACON& Tower with Radar,0,32,16,0,48,0,40,22,0,62,0,72,38,0,110,14,0,14,124
05/29/2006,LFT,LA,ASW,CE,Combined TRACON& Tower with Radar,2,32,10,0,44,0,41,22,0,63,2,73,32,0,107,76,0,76,183
05/30/2006,LFT,LA,ASW,CE,Combined TRACON& Tower with Radar,0,49,41,0,90,0,42,42,0,84,0,91,83,0,174,20,0,20,194
05/31/2006,LFT,LA,ASW,CE,Combined TRACON& Tower with Radar,6,51,42,5,104,0,64,34,2,100,6,115,76,7,204,40,4,44,248
06/01/2006,LFT,LA,ASW,CE,Combined TRACON& Tower with Radar,13,50,51,0,114,0,0,0,0,0,13,50,51,0,114,22,0,22,136
06/02/2006,LFT,LA,ASW,CE,Combined TRACON& Tower with Radar,9,45,41,0,95,0,43,49,0,92,9,88,90,0,187,42,0,42,229
06/03/2006,LFT,LA,ASW,CE,Combined TRACON& Tower with Radar,8,38,26,1,73,0,44,53,0,97,8,82,79,1,170,56,0,56,226
06/04/2006,LFT,LA,ASW,CE,Combined TRACON& Tower with Radar,0,45,36,0,81,0,0,0,0,0,0,45,36,0,81,34,6,40,121
06/05/2006,LFT,LA,ASW,CE,Combined TRACON& Tower with Radar,0,63,45,0,108,0,44,52,0,96,0,107,97,0,204,6,0,6,210
06/06/2006,LFT,LA,ASW,CE,Combined TRACON& Tower with Radar,0,52,38,2,92,0,73,64,0,137,0,125,102,2,229,48,2,50,279
06/07/2006,LFT,LA,ASW,CE,Combined TRACON& Tower with Radar,3,66,46,0,115,0,61,45,1,107,3,127,91,1,222,16,0,16,238
06/08/2006,LFT,LA,ASW,CE,Combined TRACON& Tower with Radar,7,55,66,4,132,0,44,61,0,105,7,99,127,4,237,22,0,22,259
06/09/2006,LFT,LA,ASW,CE,Combined TRACON& Tower with Radar,8,43,42,2,95,0,61,54,0,115,8,104,96,2,210,60,0,60,270
06/10/2006,LFT,LA,ASW,CE,Combined TRACON& Tower with Radar,6,41,18,3,68,0,52,40,0,92,6,93,58,3,160,26,0,26,186
06/11/2006,LFT,LA,ASW,CE,Combined TRACON& Tower with Radar,0,40,25,0,65,0,0,0,0,0,0,40,25,0,65,4,0,4,69
06/12/2006,LFT,LA,ASW,CE,Combined TRACON& Tower with Radar,0,47,35,4,86,0,0,0,0,0,0,47,35,4,86,54,28,82,168
06/13/2006,LFT,LA,ASW,CE,Combined TRACON& Tower with Radar,7,53,41,2,103,0,83,69,0,152,7,136,110,2,255,62,0,62,317
06/14/2006,LFT,LA,ASW,CE,Combined TRACON& Tower with Radar,1,56,41,2,100,0,65,45,0,110,1,121,86,2,210,46,0,46,256
06/15/2006,LFT,LA,ASW,CE,Combined TRACON& Tower with Radar,6,40,49,5,100,0,77,70,1,148,6,117,119,6,248,70,2,72,320
06/16/2006,LFT,LA,ASW,CE,Combined TRACON& Tower with Radar,0,20,19,0,39,0,0,0,0,0,0,20,19,0,39,10,0,10,49
06/17/2006,LFT,LA,ASW,CE,Combined TRACON& Tower with Radar,17,43,21,0,81,0,62,17,0,79,17,105,38,0,160,0,0,0,160
06/18/2006,LFT,LA,ASW,CE,Combined TRACON& Tower with Radar,0,34,31,0,65,0,0,0,0,0,0,34,31,0,65,30,0,30,95
06/19/2006,LFT,LA,ASW,CE,Combined TRACON& Tower with Radar,1,38,39,0,78,0,64,37,0,101,1,102,76,0,179,60,0,60,239
06/20/2006,LFT,LA,ASW,CE,Combined TRACON& Tower with Radar,0,58,45,2,105,0,87,57,0,144,0,145,102,2,249,62,2,64,313
06/21/2006,LFT,LA,ASW,CE,Combined TRACON& Tower with Radar,3,50,62,0,115,0,68,61,0,129,3,118,123,0,244,66,2,68,312
06/22/2006,LFT,LA,ASW,CE,Combined TRACON& Tower with Radar,7,35,52,0,94,0,0,0,0,0,7,35,52,0,94,18,0,18,112
06/23/2006,LFT,LA,ASW,CE,Combined TRACON& Tower with Radar,6,44,53,2,105,0,60,44,0,104,6,104,97,2,209,58,0,58,267
06/24/2006,LFT,LA,ASW,CE,Combined TRACON& Tower with Radar,6,33,19,0,58,0,21,59,0,80,6,54,78,0,138,20,0,20,158
06/25/2006,LFT,LA,ASW,CE,Combined TRACON& Tower with Radar,0,50,34,2,86,0,57,51,1,109,0,107,85,3,195,18,4,22,217
06/26/2006,LFT,LA,ASW,CE,Combined TRACON& Tower with Radar,0,45,39,0,84,0,0,0,0,0,0,45,39,0,84,48,2,50,134
06/27/2006,LFT,LA,ASW,CE,Combined TRACON& Tower with Radar,5,47,49,2,103,0,77,85,0,162,5,124,134,2,265,38,2,40,305
06/28/2006,LFT,LA,ASW,CE,Combined TRACON& Tower with Radar,0,47,65,0,112,0,25,27,0,52,0,72,92,0,164,14,16,30,194
06/29/2006,LFT,LA,ASW,CE,Combined TRACON& Tower with Radar,8,39,65,15,127,0,0,0,0,0,8,39,65,15,127,64,22,86,213
06/30/2006,LFT,LA,ASW,CE,Combined TRACON& Tower with Radar,6,48,55,0,109,0,60,58,1,119,6,108,113,1,228,10,0,10,238
07/01/2006,LFT,LA,ASW,CE,Combined TRACON& Tower with Radar,6,38,30,0,74,0,40,40,0,80,6,78,70,0,154,58,0,58,212
07/02/2006,LFT,LA,ASW,CE,Combined TRACON& Tower with Radar,0,36,13,0,49,0,0,0,0,0,0,36,13,0,49,2,0,2,51
07/03/2006,LFT,LA,ASW,CE,Combined TRACON& Tower with Radar,0,39,25,0,64,0,41,27,0,68,0,80,52,0,132,6,0,6,138
07/04/2006,LFT,LA,ASW,CE,Combined TRACON& Tower with Radar,5,47,9,0,61,0,36,25,0,61,5,83,34,0,122,12,0,12,134
07/05/2006,LFT,LA,ASW,CE,Combined TRACON& Tower with Radar,5,44,58,0,107,0,40,24,0,64,5,84,82,0,171,28,0,28,199
07/06/2006,LFT,LA,ASW,CE,Combined TRACON& Tower with Radar,0,51,31,0,82,0,61,45,0,106,0,112,76,0,188,30,0,30,218
07/07/2006,LFT,LA,ASW,CE,Combined TRACON& Tower with Radar,7,40,55,2,104,0,60,34,2,96,7,100,89,4,200,4,0,4,204
07/08/2006,LFT,LA,ASW,CE,Combined TRACON& Tower with Radar,9,34,23,3,69,0,45,58,0,103,9,79,81,3,172,22,0,22,194
07/09/2006,LFT,LA,ASW,CE,Combined TRACON& Tower with Radar,0,41,18,0,59,0,41,22,0,63,0,82,40,0,122,0,0,0,122
07/10/2006,LFT,LA,ASW,CE,Combined TRACON& Tower with Radar,0,53,50,0,103,0,64,54,1,119,0,117,104,1,222,20,0,20,242
07/11/2006,LFT,LA,ASW,CE,Combined TRACON& Tower with Radar,1,59,36,2,98,0,78,34,0,112,1,137,70,2,210,76,2,78,288
07/12/2006,LFT,LA,ASW,CE,Combined TRACON& Tower with Radar,7,44,58,2,111,0,62,59,0,121,7,106,117,2,232,24,0,24,256
07/13/2006,LFT,LA,ASW,CE,Combined TRACON& Tower with Radar,8,46,48,11,113,0,40,52,0,92,8,86,100,11,205,18,4,22,227
07/14/2006,LFT,LA,ASW,CE,Combined TRACON& Tower with Radar,6,42,59,9,116,0,42,40,0,82,6,84,99,9,198,10,8,18,216
07/15/2006,LFT,LA,ASW,CE,Combined TRACON& Tower with Radar,8,40,37,2,87,0,29,51,1,81,8,69,88,3,168,52,10,62,230
07/16/2006,LFT,LA,ASW,CE,Combined TRACON& Tower with Radar,0,35,40,2,77,0,0,0,0,0,0,35,40,2,77,2,0,2,79
07/17/2006,LFT,LA,ASW,CE,Combined TRACON& Tower with Radar,0,46,36,0,82,0,20,29,0,49,0,66,65,0,131,12,0,12,143
07/18/2006,LFT,LA,ASW,CE,Combined TRACON& Tower with Radar,5,96,33,0,134,0,3,55,0,58,5,99,88,0,192,24,0,24,216
07/19/2006,LFT,LA,ASW,CE,Combined TRACON& Tower with Radar,0,55,46,0,101,0,8,25,0,33,0,63,71,0,134,72,22,94,228
07/20/2006,LFT,LA,ASW,CE,Combined TRACON& Tower with Radar,6,47,36,4,93,0,0,0,0,0,6,47,36,4,93,18,4,22,115
07/21/2006,LFT,LA,ASW,CE,Combined TRACON& Tower with Radar,2,35,62,0,99,0,42,72,0,114,2,77,134,0,213,8,0,8,221
07/22/2006,LFT,LA,ASW,CE,Combined TRACON& Tower with Radar,5,39,26,0,70,0,19,15,0,34,5,58,41,0,104,22,0,22,126
07/23/2006,LFT,LA,ASW,CE,Combined TRACON& Tower with Radar,4,44,29,2,79,0,36,7,0,43,4,80,36,2,122,10,0,10,132
07/24/2006,LFT,LA,ASW,CE,Combined TRACON& Tower with Radar,0,40,38,0,78,0,26,38,0,64,0,66,76,0,142,56,0,56,198
07/25/2006,LFT,LA,ASW,CE,Combined TRACON& Tower with Radar,11,49,37,0,97,0,20,14,0,34,11,69,51,0,131,2,0,2,133
07/26/2006,LFT,LA,ASW,CE,Combined TRACON& Tower with Radar,4,56,39,0,99,0,43,16,0,59,4,99,55,0,158,4,0,4,162
07/27/2006,LFT,LA,ASW,CE,Combined TRACON& Tower with Radar,7,48,53,4,112,0,76,30,0,106,7,124,83,4,218,24,0,24,242
07/28/2006,LFT,LA,ASW,CE,Combined TRACON& Tower with Radar,7,46,48,1,102,0,74,29,1,104,7,120,77,2,206,8,0,8,214
07/29/2006,LFT,LA,ASW,CE,Combined TRACON& Tower with Radar,0,40,23,0,63,0,41,33,0,74,0,81,56,0,137,26,0,26,163
07/30/2006,LFT,LA,ASW,CE,Combined TRACON& Tower with Radar,0,40,20,0,60,0,85,25,0,110,0,125,45,0,170,32,0,32,202
07/31/2006,LFT,LA,ASW,CE,Combined TRACON& Tower with Radar,1,48,41,0,90,0,65,55,0,120,1,113,96,0,210,10,0,10,220
08/01/2006,LFT,LA,ASW,CE,Combined TRACON& Tower with Radar,6,56,49,0,111,0,82,53,0,135,6,138,102,0,246,56,0,56,302
08/02/2006,LFT,LA,ASW,CE,Combined TRACON& Tower with Radar,1,51,50,0,102,0,62,55,0,117,1,113,105,0,219,52,0,52,271
08/03/2006,LFT,LA,ASW,CE,Combined TRACON& Tower with Radar,9,43,43,0,95,0,0,0,0,0,9,43,43,0,95,44,2,46,141
08/04/2006,LFT,LA,ASW,CE,Combined TRACON& Tower with Radar,5,52,33,0,90,0,46,55,0,101,5,98,88,0,191,36,2,38,229
08/05/2006,LFT,LA,ASW,CE,Combined TRACON& Tower with Radar,5,38,28,0,71,0,30,38,0,68,5,68,66,0,139,108,0,108,247
08/06/2006,LFT,LA,ASW,CE,Combined TRACON& Tower with Radar,0,39,25,1,65,0,22,10,0,32,0,61,35,1,97,76,0,76,173
08/07/2006,LFT,LA,ASW,CE,Combined TRACON& Tower with Radar,0,47,35,1,83,0,42,49,0,91,0,89,84,1,174,38,0,38,212
08/08/2006,LFT,LA,ASW,CE,Combined TRACON& Tower with Radar,7,49,37,0,93,0,74,60,0,134,7,123,97,0,227,6,0,6,233
08/09/2006,LFT,LA,ASW,CE,Combined TRACON& Tower with Radar,0,53,40,0,93,0,10,0,0,10,0,63,40,0,103,40,0,40,143
08/10/2006,LFT,LA,ASW,CE,Combined TRACON& Tower with Radar,10,49,68,4,131,0,75,66,0,141,10,124,134,4,272,34,0,34,306
08/11/2006,LFT,LA,ASW,CE,Combined TRACON& Tower with Radar,7,49,35,10,101,0,47,42,0,89,7,96,77,10,190,24,2,26,216
08/12/2006,LFT,LA,ASW,CE,Combined TRACON& Tower with Radar,9,35,22,5,71,0,22,51,0,73,9,57,73,5,144,22,2,24,168
08/13/2006,LFT,LA,ASW,CE,Combined TRACON& Tower with Radar,0,35,20,5,60,0,0,0,0,0,0,35,20,5,60,20,0,20,80
08/14/2006,LFT,LA,ASW,CE,Combined TRACON& Tower with Radar,1,58,46,2,107,0,64,59,1,124,1,122,105,3,231,56,0,56,287
08/15/2006,LFT,LA,ASW,CE,Combined TRACON& Tower with Radar,6,46,31,0,83,0,83,70,1,154,6,129,101,1,237,84,0,84,321
08/16/2006,LFT,LA,ASW,CE,Combined TRACON& Tower with Radar,3,56,40,4,103,0,86,41,0,127,3,142,81,4,230,0,0,0,230
08/17/2006,LFT,LA,ASW,CE,Combined TRACON& Tower with Radar,0,48,56,0,104,0,40,0,0,40,0,88,56,0,144,12,0,12,156
08/18/2006,LFT,LA,ASW,CE,Combined TRACON& Tower with Radar,7,51,50,3,111,0,63,65,0,128,7,114,115,3,239,47,4,51,290
08/19/2006,LFT,LA,ASW,CE,Combined TRACON& Tower with Radar,4,40,20,0,64,0,34,46,0,80,4,74,66,0,144,10,0,10,154
08/20/2006,LFT,LA,ASW,CE,Combined TRACON& Tower with Radar,0,40,38,2,80,0,40,56,1,97,0,80,94,3,177,24,4,28,205
08/21/2006,LFT,LA,ASW,CE,Combined TRACON& Tower with Radar,1,36,27,0,64,0,54,48,0,102,1,90,75,0,166,48,0,48,214
08/22/2006,LFT,LA,ASW,CE,Combined TRACON& Tower with Radar,11,51,50,0,112,0,64,26,0,90,11,115,76,0,202,62,0,62,264
08/23/2006,LFT,LA,ASW,CE,Combined TRACON& Tower with Radar,9,56,73,8,146,0,86,42,1,129,9,142,115,9,275,38,6,44,319
08/24/2006,LFT,LA,ASW,CE,Combined TRACON& Tower with Radar,8,50,75,2,135,0,0,0,0,0,8,50,75,2,135,26,0,26,161
08/25/2006,LFT,LA,ASW,CE,Combined TRACON& Tower with Radar,10,44,55,12,121,0,44,29,1,74,10,88,84,13,195,18,24,42,237
08/26/2006,LFT,LA,ASW,CE,Combined TRACON& Tower with Radar,4,42,10,0,56,0,40,20,0,60,4,82,30,0,116,64,0,64,180
08/27/2006,LFT,LA,ASW,CE,Combined TRACON& Tower with Radar,0,51,20,0,71,0,37,25,0,62,0,88,45,0,133,42,0,42,175
08/28/2006,LFT,LA,ASW,CE,Combined TRACON& Tower with Radar,1,44,37,0,82,0,58,48,0,106,1,102,85,0,188,40,0,40,228
08/29/2006,LFT,LA,ASW,CE,Combined TRACON& Tower with Radar,6,43,46,0,95,0,66,63,0,129,6,109,109,0,224,108,0,108,332
08/30/2006,LFT,LA,ASW,CE,Combined TRACON& Tower with Radar,5,41,47,4,97,0,61,49,0,110,5,102,96,4,207,54,4,58,265
08/31/2006,LFT,LA,ASW,CE,Combined TRACON& Tower with Radar,7,44,44,0,95,0,66,74,0,140,7,110,118,0,235,24,0,24,259
09/01/2006,LFT,LA,ASW,CE,Combined TRACON& Tower with Radar,6,49,45,0,100,0,67,63,0,130,6,116,108,0,230,52,0,52,282
09/02/2006,LFT,LA,ASW,CE,Combined TRACON& Tower with Radar,5,45,19,0,69,0,27,59,0,86,5,72,78,0,155,40,0,40,195
09/03/2006,LFT,LA,ASW,CE,Combined TRACON& Tower with Radar,0,35,18,0,53,0,41,55,0,96,0,76,73,0,149,20,0,20,169
09/04/2006,LFT,LA,ASW,CE,Combined TRACON& Tower with Radar,0,38,20,0,58,0,33,52,0,85,0,71,72,0,143,60,0,60,203
09/05/2006,LFT,LA,ASW,CE,Combined TRACON& Tower with Radar,1,50,45,0,96,0,22,44,0,66,1,72,89,0,162,16,0,16,178
09/06/2006,LFT,LA,ASW,CE,Combined TRACON& Tower with Radar,0,60,57,0,117,0,85,59,0,144,0,145,116,0,261,42,0,42,303
09/07/2006,LFT,LA,ASW,CE,Combined TRACON& Tower with Radar,6,51,53,0,110,0,62,56,1,119,6,113,109,1,229,58,0,58,287
09/08/2006,LFT,LA,ASW,CE,Combined TRACON& Tower with Radar,6,56,55,0,117,0,66,51,0,117,6,122,106,0,234,60,0,60,294
09/09/2006,LFT,LA,ASW,CE,Combined TRACON& Tower with Radar,7,36,12,2,57,0,21,8,0,29,7,57,20,2,86,6,4,10,96
09/10/2006,LFT,LA,ASW,CE,Combined TRACON& Tower with Radar,2,42,24,0,68,0,39,23,0,62,2,81,47,0,130,18,0,18,148
09/11/2006,LFT,LA,ASW,CE,Combined TRACON& Tower with Radar,1,49,36,0,86,0,38,21,0,59,1,87,57,0,145,54,0,54,199
09/12/2006,LFT,LA,ASW,CE,Combined TRACON& Tower with Radar,5,64,33,0,102,0,63,30,0,93,5,127,63,0,195,58,2,60,255
09/13/2006,LFT,LA,ASW,CE,Combined TRACON& Tower with Radar,8,41,63,0,112,0,62,47,0,109,8,103,110,0,221,36,0,36,257
09/14/2006,LFT,LA,ASW,CE,Combined TRACON& Tower with Radar,7,60,36,2,105,0,61,69,0,130,7,121,105,2,235,52,0,52,287
09/15/2006,LFT,LA,ASW,CE,Combined TRACON& Tower with Radar,4,60,35,0,99,0,45,49,0,94,4,105,84,0,193,22,4,26,219
09/16/2006,LFT,LA,ASW,CE,Combined TRACON& Tower with Radar,8,40,21,0,69,0,38,47,0,85,8,78,68,0,154,14,0,14,168
09/17/2006,LFT,LA,ASW,CE,Combined TRACON& Tower with Radar,2,39,22,0,63,0,31,25,0,56,2,70,47,0,119,14,0,14,133
09/18/2006,LFT,LA,ASW,CE,Combined TRACON& Tower with Radar,0,42,26,0,68,0,1,12,0,13,0,43,38,0,81,44,0,44,125
09/19/2006,LFT,LA,ASW,CE,Combined TRACON& Tower with Radar,8,52,83,4,147,0,83,49,0,132,8,135,132,4,279,50,6,56,335
09/20/2006,LFT,LA,ASW,CE,Combined TRACON& Tower with Radar,0,45,47,0,92,0,18,31,0,49,0,63,78,0,141,18,0,18,159
09/21/2006,LFT,LA,ASW,CE,Combined TRACON& Tower with Radar,7,47,37,0,91,0,0,0,0,0,7,47,37,0,91,48,0,48,139
09/22/2006,LFT,LA,ASW,CE,Combined TRACON& Tower with Radar,6,49,30,0,85,0,40,15,0,55,6,89,45,0,140,42,0,42,182
09/23/2006,LFT,LA,ASW,CE,Combined TRACON& Tower with Radar,7,29,22,0,58,0,22,9,0,31,7,51,31,0,89,14,0,14,103
09/24/2006,LFT,LA,ASW,CE,Combined TRACON& Tower with Radar,0,43,28,0,71,0,40,12,0,52,0,83,40,0,123,2,0,2,125
09/25/2006,LFT,LA,ASW,CE,Combined TRACON& Tower with Radar,0,52,48,2,102,0,42,63,0,105,0,94,111,2,207,58,0,58,265
09/26/2006,LFT,LA,ASW,CE,Combined TRACON& Tower with Radar,7,41,35,0,83,0,44,75,0,119,7,85,110,0,202,54,0,54,256
09/27/2006,LFT,LA,ASW,CE,Combined TRACON& Tower with Radar,1,59,66,1,127,0,0,0,0,0,1,59,66,1,127,74,0,74,201
09/28/2006,LFT,LA,ASW,CE,Combined TRACON& Tower with Radar,7,48,49,6,110,0,59,61,0,120,7,107,110,6,230,28,0,28,258
09/29/2006,LFT,LA,ASW,CE,Combined TRACON& Tower with Radar,7,49,29,2,87,0,40,68,0,108,7,89,97,2,195,12,0,12,207
09/30/2006,LFT,LA,ASW,CE,Combined TRACON& Tower with Radar,5,36,24,0,65,0,21,32,0,53,5,57,56,0,118,52,0,52,170
10/01/2006,LFT,LA,ASW,CE,Combined TRACON& Tower with Radar,1,42,34,0,77,0,53,55,0,108,1,95,89,0,185,20,0,20,205
10/02/2006,LFT,LA,ASW,CE,Combined TRACON& Tower with Radar,1,48,31,0,80,0,33,41,2,76,1,81,72,2,156,26,0,26,182
10/03/2006,LFT,LA,ASW,CE,Combined TRACON& Tower with Radar,5,42,42,0,89,0,86,62,0,148,5,128,104,0,237,18,0,18,255
10/04/2006,LFT,LA,ASW,CE,Combined TRACON& Tower with Radar,4,49,50,0,103,0,87,55,0,142,4,136,105,0,245,12,0,12,257
10/05/2006,LFT,LA,ASW,CE,Combined TRACON& Tower with Radar,6,46,55,0,107,0,78,57,5,140,6,124,112,5,247,40,0,40,287
10/06/2006,LFT,LA,ASW,CE,Combined TRACON& Tower with Radar,5,44,46,0,95,0,54,82,3,139,5,98,128,3,234,42,0,42,276
10/07/2006,LFT,LA,ASW,CE,Combined TRACON& Tower with Radar,5,40,24,0,69,0,56,58,0,114,5,96,82,0,183,38,0,38,221
10/08/2006,LFT,LA,ASW,CE,Combined TRACON& Tower with Radar,0,50,60,0,110,0,33,82,0,115,0,83,142,0,225,38,0,38,263
10/09/2006,LFT,LA,ASW,CE,Combined TRACON& Tower with Radar,1,51,41,0,93,0,67,71,7,145,1,118,112,7,238,48,0,48,286
10/10/2006,LFT,LA,ASW,CE,Combined TRACON& Tower with Radar,5,48,49,1,103,0,72,43,0,115,5,120,92,1,218,32,0,32,250
10/11/2006,LFT,LA,ASW,CE,Combined TRACON& Tower with Radar,6,56,64,0,126,0,54,47,1,102,6,110,111,1,228,40,0,40,268
10/12/2006,LFT,LA,ASW,CE,Combined TRACON& Tower with Radar,10,71,59,0,140,0,60,36,0,96,10,131,95,0,236,54,0,54,290
10/13/2006,LFT,LA,ASW,CE,Combined TRACON& Tower with Radar,6,55,58,0,119,0,24,56,0,80,6,79,114,0,199,48,2,50,249
10/14/2006,LFT,LA,ASW,CE,Combined TRACON& Tower with Radar,5,34,37,0,76,0,42,55,0,97,5,76,92,0,173,22,10,32,205
10/15/2006,LFT,LA,ASW,CE,Combined TRACON& Tower with Radar,0,55,32,0,87,0,20,8,0,28,0,75,40,0,115,0,6,6,121
10/16/2006,LFT,LA,ASW,CE,Combined TRACON& Tower with Radar,2,54,18,0,74,0,17,1,0,18,2,71,19,0,92,2,0,2,94
10/17/2006,LFT,LA,ASW,CE,Combined TRACON& Tower with Radar,8,46,46,1,101,0,4,36,1,41,8,50,82,2,142,28,0,28,170
10/18/2006,LFT,LA,ASW,CE,Combined TRACON& Tower with Radar,5,44,46,0,95,0,21,2,0,23,5,65,48,0,118,16,0,16,134
10/19/2006,LFT,LA,ASW,CE,Combined TRACON& Tower with Radar,6,38,45,2,91,0,60,10,0,70,6,98,55,2,161,12,0,12,173
10/20/2006,LFT,LA,ASW,CE,Combined TRACON& Tower with Radar,6,57,45,1,109,0,73,81,0,154,6,130,126,1,263,56,2,58,321
10/21/2006,LFT,LA,ASW,CE,Combined TRACON& Tower with Radar,6,61,39,0,106,0,45,35,1,81,6,106,74,1,187,20,0,20,207
10/22/2006,LFT,LA,ASW,CE,Combined TRACON& Tower with Radar,0,45,27,2,74,0,37,15,0,52,0,82,42,2,126,14,0,14,140
10/23/2006,LFT,LA,ASW,CE,Combined TRACON& Tower with Radar,0,43,48,0,91,0,62,85,0,147,0,105,133,0,238,120,0,120,358
10/24/2006,LFT,LA,ASW,CE,Combined TRACON& Tower with Radar,4,45,44,2,95,0,88,58,0,146,4,133,102,2,241,46,2,48,289
10/25/2006,LFT,LA,ASW,CE,Combined TRACON& Tower with Radar,6,49,44,6,105,0,67,42,0,109,6,116,86,6,214,22,4,26,240
10/26/2006,LFT,LA,ASW,CE,Combined TRACON& Tower with Radar,6,36,33,2,77,0,1,3,0,4,6,37,36,2,81,2,0,2,83
10/27/2006,LFT,LA,ASW,CE,Combined TRACON& Tower with Radar,7,43,29,0,79,0,23,62,1,86,7,66,91,1,165,17,0,17,182
10/28/2006,LFT,LA,ASW,CE,Combined TRACON& Tower with Radar,6,45,19,0,70,0,32,49,0,81,6,77,68,0,151,10,0,10,161
10/29/2006,LFT,LA,ASW,CE,Combined TRACON& Tower with Radar,0,37,15,0,52,0,21,82,0,103,0,58,97,0,155,2,0,2,157
10/30/2006,LFT,LA,ASW,CE,Combined TRACON& Tower with Radar,1,48,42,0,91,0,62,41,0,103,1,110,83,0,194,8,0,8,202
10/31/2006,LFT,LA,ASW,CE,Combined TRACON& Tower with Radar,6,39,70,6,121,0,80,40,0,120,6,119,110,6,241,2,4,6,247
11/01/2006,LFT,LA,ASW,CE,Combined TRACON& Tower with Radar,0,58,29,0,87,0,22,0,0,22,0,80,29,0,109,52,0,52,161
11/02/2006,LFT,LA,ASW,CE,Combined TRACON& Tower with Radar,9,49,59,0,117,0,0,0,0,0,9,49,59,0,117,6,0,6,123
11/03/2006,LFT,LA,ASW,CE,Combined TRACON& Tower with Radar,7,48,44,2,101,0,63,63,0,126,7,111,107,2,227,28,4,32,259
11/04/2006,LFT,LA,ASW,CE,Combined TRACON& Tower with Radar,6,41,35,2,84,0,29,72,0,101,6,70,107,2,185,34,4,38,223
11/05/2006,LFT,LA,ASW,CE,Combined TRACON& Tower with Radar,0,40,52,2,94,0,44,46,0,90,0,84,98,2,184,32,2,34,218
11/06/2006,LFT,LA,ASW,CE,Combined TRACON& Tower with Radar,1,37,30,0,68,0,37,4,2,43,1,74,34,2,111,32,0,32,143
11/07/2006,LFT,LA,ASW,CE,Combined TRACON& Tower with Radar,6,44,55,0,105,0,0,100,0,100,6,44,155,0,205,40,0,40,245
11/08/2006,LFT,LA,ASW,CE,Combined TRACON& Tower with Radar,6,49,61,2,118,0,79,46,2,127,6,128,107,4,245,92,2,94,339
11/09/2006,LFT,LA,ASW,CE,Combined TRACON& Tower with Radar,7,43,73,0,123,0,63,50,1,114,7,106,123,1,237,18,0,18,255
11/10/2006,LFT,LA,ASW,CE,Combined TRACON& Tower with Radar,5,45,67,2,119,0,42,28,0,70,5,87,95,2,189,72,0,72,261
11/11/2006,LFT,LA,ASW,CE,Combined TRACON& Tower with Radar,9,47,18,0,74,0,57,31,0,88,9,104,49,0,162,26,0,26,188
11/12/2006,LFT,LA,ASW,CE,Combined TRACON& Tower with Radar,0,49,49,0,98,0,46,80,0,126,0,95,129,0,224,36,0,36,260
11/13/2006,LFT,LA,ASW,CE,Combined TRACON& Tower with Radar,1,49,43,0,93,0,61,30,0,91,1,110,73,0,184,42,0,42,226
11/14/2006,LFT,LA,ASW,CE,Combined TRACON& Tower with Radar,7,50,42,0,99,0,40,16,0,56,7,90,58,0,155,14,0,14,169
11/15/2006,LFT,LA,ASW,CE,Combined TRACON& Tower with Radar,0,0,0,0,0,10,93,47,0,150,10,93,47,0,150,7,0,7,157
11/16/2006,LFT,LA,ASW,CE,Combined TRACON& Tower with Radar,9,39,63,2,113,0,0,0,0,0,9,39,63,2,113,18,0,18,131
11/17/2006,LFT,LA,ASW,CE,Combined TRACON& Tower with Radar,7,51,46,6,110,0,44,63,0,107,7,95,109,6,217,38,4,42,259
11/18/2006,LFT,LA,ASW,CE,Combined TRACON& Tower with Radar,5,42,30,0,77,0,63,24,0,87,5,105,54,0,164,30,0,30,194
11/19/2006,LFT,LA,ASW,CE,Combined TRACON& Tower with Radar,0,43,35,0,78,0,40,43,3,86,0,83,78,3,164,12,0,12,176
11/20/2006,LFT,LA,ASW,CE,Combined TRACON& Tower with Radar,0,55,43,0,98,0,40,54,0,94,0,95,97,0,192,12,2,14,206
11/21/2006,LFT,LA,ASW,CE,Combined TRACON& Tower with Radar,3,48,65,0,116,0,66,47,0,113,3,114,112,0,229,60,0,60,289
11/22/2006,LFT,LA,ASW,CE,Combined TRACON& Tower with Radar,0,47,51,0,98,0,0,7,0,7,0,47,58,0,105,54,8,62,167
11/23/2006,LFT,LA,ASW,CE,Combined TRACON& Tower with Radar,3,38,12,0,53,0,0,0,0,0,3,38,12,0,53,0,0,0,53
11/24/2006,LFT,LA,ASW,CE,Combined TRACON& Tower with Radar,3,34,31,0,68,0,27,53,0,80,3,61,84,0,148,14,0,14,162
11/25/2006,LFT,LA,ASW,CE,Combined TRACON& Tower with Radar,5,45,24,0,74,0,21,53,0,74,5,66,77,0,148,8,0,8,156
11/26/2006,LFT,LA,ASW,CE,Combined TRACON& Tower with Radar,1,48,38,0,87,0,49,51,0,100,1,97,89,0,187,18,0,18,205
11/27/2006,LFT,LA,ASW,CE,Combined TRACON& Tower with Radar,2,44,37,0,83,0,57,39,0,96,2,101,76,0,179,24,0,24,203
11/28/2006,LFT,LA,ASW,CE,Combined TRACON& Tower with Radar,8,51,46,0,105,0,42,30,0,72,8,93,76,0,177,12,0,12,189
11/29/2006,LFT,LA,ASW,CE,Combined TRACON& Tower with Radar,0,52,19,0,71,0,8,0,1,9,0,60,19,1,80,12,0,12,92
11/30/2006,LFT,LA,ASW,CE,Combined TRACON& Tower with Radar,11,51,32,0,94,0,0,0,0,0,11,51,32,0,94,14,0,14,108
12/01/2006,LFT,LA,ASW,CE,Combined TRACON& Tower with Radar,8,43,44,9,104,0,20,48,0,68,8,63,92,9,172,18,0,18,190
12/02/2006,LFT,LA,ASW,CE,Combined TRACON& Tower with Radar,6,44,18,4,72,0,44,65,0,109,6,88,83,4,181,10,5,15,196
12/03/2006,LFT,LA,ASW,CE,Combined TRACON& Tower with Radar,0,53,42,6,101,0,42,28,0,70,0,95,70,6,171,24,0,24,195
12/04/2006,LFT,LA,ASW,CE,Combined TRACON& Tower with Radar,1,55,36,0,92,0,43,33,0,76,1,98,69,0,168,68,12,80,248
12/05/2006,LFT,LA,ASW,CE,Combined TRACON& Tower with Radar,7,49,45,1,102,0,81,54,0,135,7,130,99,1,237,64,0,64,301
12/06/2006,LFT,LA,ASW,CE,Combined TRACON& Tower with Radar,7,44,55,5,111,0,65,43,0,108,7,109,98,5,219,22,2,24,243
12/07/2006,LFT,LA,ASW,CE,Combined TRACON& Tower with Radar,7,59,45,3,114,0,62,31,2,95,7,121,76,5,209,50,0,50,259
12/08/2006,LFT,LA,ASW,CE,Combined TRACON& Tower with Radar,10,52,43,4,109,0,25,47,1,73,10,77,90,5,182,24,0,24,206
12/09/2006,LFT,LA,ASW,CE,Combined TRACON& Tower with Radar,6,35,19,0,60,0,44,55,0,99,6,79,74,0,159,15,0,15,174
12/10/2006,LFT,LA,ASW,CE,Combined TRACON& Tower with Radar,0,49,28,1,78,0,46,37,0,83,0,95,65,1,161,38,0,38,199
12/11/2006,LFT,LA,ASW,CE,Combined TRACON& Tower with Radar,2,55,46,2,105,0,62,23,0,85,2,117,69,2,190,17,0,17,207
12/12/2006,LFT,LA,ASW,CE,Combined TRACON& Tower with Radar,7,59,70,0,136,0,20,21,0,41,7,79,91,0,177,40,0,40,217
12/13/2006,LFT,LA,ASW,CE,Combined TRACON& Tower with Radar,9,59,60,0,128,0,41,19,0,60,9,100,79,0,188,22,0,22,210
12/14/2006,LFT,LA,ASW,CE,Combined TRACON& Tower with Radar,7,53,63,0,123,0,2,10,0,12,7,55,73,0,135,10,0,10,145
12/15/2006,LFT,LA,ASW,CE,Combined TRACON& Tower with Radar,6,30,56,0,92,0,33,28,0,61,6,63,84,0,153,4,0,4,157
12/16/2006,LFT,LA,ASW,CE,Combined TRACON& Tower with Radar,4,33,27,9,73,0,16,18,0,34,4,49,45,9,107,18,8,26,133
12/17/2006,LFT,LA,ASW,CE,Combined TRACON& Tower with Radar,0,48,54,2,104,0,3,40,1,44,0,51,94,3,148,18,0,18,166
12/18/2006,LFT,LA,ASW,CE,Combined TRACON& Tower with Radar,1,64,37,2,104,0,20,0,0,20,1,84,37,2,124,2,0,2,126
12/19/2006,LFT,LA,ASW,CE,Combined TRACON& Tower with Radar,5,51,55,19,130,0,43,32,0,75,5,94,87,19,205,62,16,78,283
12/20/2006,LFT,LA,ASW,CE,Combined TRACON& Tower with Radar,0,20,4,0,24,0,0,0,0,0,0,20,4,0,24,18,0,18,42
12/21/2006,LFT,LA,ASW,CE,Combined TRACON& Tower with Radar,3,64,31,0,98,0,0,0,0,0,3,64,31,0,98,0,0,0,98
12/22/2006,LFT,LA,ASW,CE,Combined TRACON& Tower with Radar,8,53,45,0,106,0,23,20,0,43,8,76,65,0,149,18,4,22,171
12/23/2006,LFT,LA,ASW,CE,Combined TRACON& Tower with Radar,5,45,9,0,59,0,41,60,0,101,5,86,69,0,160,22,2,24,184
12/24/2006,LFT,LA,ASW,CE,Combined TRACON& Tower with Radar,0,38,12,0,50,0,8,2,0,10,0,46,14,0,60,0,0,0,60
12/25/2006,LFT,LA,ASW,CE,Combined TRACON& Tower with Radar,0,33,5,0,38,0,6,2,0,8,0,39,7,0,46,0,0,0,46
12/26/2006,LFT,LA,ASW,CE,Combined TRACON& Tower with Radar,3,47,34,0,84,0,41,55,0,96,3,88,89,0,180,26,0,26,206
12/27/2006,LFT,LA,ASW,CE,Combined TRACON& Tower with Radar,6,48,34,8,96,0,41,49,0,90,6,89,83,8,186,34,6,40,226
12/28/2006,LFT,LA,ASW,CE,Combined TRACON& Tower with Radar,7,45,29,0,81,0,0,0,0,0,7,45,29,0,81,52,0,52,133
12/29/2006,LFT,LA,ASW,CE,Combined TRACON& Tower with Radar,5,55,28,0,88,0,25,13,0,38,5,80,41,0,126,4,0,4,130
12/30/2006,LFT,LA,ASW,CE,Combined TRACON& Tower with Radar,7,40,8,0,55,0,20,0,0,20,7,60,8,0,75,0,0,0,75
12/31/2006,LFT,LA,ASW,CE,Combined TRACON& Tower with Radar,0,40,19,0,59,0,47,27,0,74,0,87,46,0,133,10,0,10,143
01/01/2007,LFT,LA,ASW,CE,Combined TRACON& Tower with Radar,0,38,11,0,49,0,37,43,0,80,0,75,54,0,129,52,0,52,181
01/02/2007,LFT,LA,ASW,CE,Combined TRACON& Tower with Radar,2,50,31,0,83,0,35,62,0,97,2,85,93,0,180,4,0,4,184
01/03/2007,LFT,LA,ASW,CE,Combined TRACON& Tower with Radar,0,32,33,0,65,0,0,0,0,0,0,32,33,0,65,22,6,28,93
01/04/2007,LFT,LA,ASW,CE,Combined TRACON& Tower with Radar,7,34,28,0,69,0,9,0,0,9,7,43,28,0,78,0,0,0,78
01/05/2007,LFT,LA,ASW,CE,Combined TRACON& Tower with Radar,7,45,45,0,97,0,43,39,0,82,7,88,84,0,179,42,0,42,221
01/06/2007,LFT,LA,ASW,CE,Combined TRACON& Tower with Radar,4,27,26,2,59,0,18,29,0,47,4,45,55,2,106,20,0,20,126
01/07/2007,LFT,LA,ASW,CE,Combined TRACON& Tower with Radar,0,42,31,0,73,0,19,1,0,20,0,61,32,0,93,8,0,8,101
01/08/2007,LFT,LA,ASW,CE,Combined TRACON& Tower with Radar,1,35,48,0,84,0,42,45,0,87,1,77,93,0,171,12,0,12,183
01/09/2007,LFT,LA,ASW,CE,Combined TRACON& Tower with Radar,7,40,50,6,103,0,0,0,0,0,7,40,50,6,103,48,2,50,153
01/10/2007,LFT,LA,ASW,CE,Combined TRACON& Tower with Radar,5,41,60,0,106,0,69,64,0,133,5,110,124,0,239,6,0,6,245
01/11/2007,LFT,LA,ASW,CE,Combined TRACON& Tower with Radar,6,51,57,0,114,0,62,40,0,102,6,113,97,0,216,92,0,92,308
01/12/2007,LFT,LA,ASW,CE,Combined TRACON& Tower with Radar,7,75,44,6,132,0,1,8,0,9,7,76,52,6,141,0,0,0,141
01/13/2007,LFT,LA,ASW,CE,Combined TRACON& Tower with Radar,6,48,22,0,76,0,0,10,0,10,6,48,32,0,86,10,0,10,96
01/14/2007,LFT,LA,ASW,CE,Combined TRACON& Tower with Radar,6,48,22,0,76,0,0,10,0,10,6,48,32,0,86,10,0,10,96
01/15/2007,LFT,LA,ASW,CE,Combined TRACON& Tower with Radar,0,52,17,0,69,0,5,1,0,6,0,57,18,0,75,4,0,4,79
01/16/2007,LFT,LA,ASW,CE,Combined TRACON& Tower with Radar,8,29,36,0,73,0,12,2,0,14,8,41,38,0,87,0,0,0,87
01/17/2007,LFT,LA,ASW,CE,Combined TRACON& Tower with Radar,5,32,32,0,69,0,83,16,0,99,5,115,48,0,168,32,0,32,200
01/18/2007,LFT,LA,ASW,CE,Combined TRACON& Tower with Radar,4,57,42,0,103,0,33,0,0,33,4,90,42,0,136,0,0,0,136
01/19/2007,LFT,LA,ASW,CE,Combined TRACON& Tower with Radar,6,44,35,1,86,0,21,8,0,29,6,65,43,1,115,4,0,4,119
01/20/2007,LFT,LA,ASW,CE,Combined TRACON& Tower with Radar,10,34,12,1,57,0,20,15,0,35,10,54,27,1,92,13,0,13,105
01/21/2007,LFT,LA,ASW,CE,Combined TRACON& Tower with Radar,0,37,23,0,60,0,16,2,0,18,0,53,25,0,78,0,0,0,78
01/22/2007,LFT,LA,ASW,CE,Combined TRACON& Tower with Radar,0,49,46,0,95,0,42,11,0,53,0,91,57,0,148,10,0,10,158
01/23/2007,LFT,LA,ASW,CE,Combined TRACON& Tower with Radar,6,54,43,4,107,0,0,0,0,0,6,54,43,4,107,22,2,24,131
01/24/2007,LFT,LA,ASW,CE,Combined TRACON& Tower with Radar,6,40,58,0,104,0,59,11,0,70,6,99,69,0,174,2,0,2,176
01/25/2007,LFT,LA,ASW,CE,Combined TRACON& Tower with Radar,6,52,40,4,102,0,61,55,0,116,6,113,95,4,218,82,4,86,304
01/26/2007,LFT,LA,ASW,CE,Combined TRACON& Tower with Radar,8,45,60,1,114,0,80,88,2,170,8,125,148,3,284,18,0,18,302
01/27/2007,LFT,LA,ASW,CE,Combined TRACON& Tower with Radar,7,47,19,0,73,0,9,2,0,11,7,56,21,0,84,10,0,10,94
01/28/2007,LFT,LA,ASW,CE,Combined TRACON& Tower with Radar,0,40,49,0,89,0,45,54,0,99,0,85,103,0,188,20,0,20,208
01/29/2007,LFT,LA,ASW,CE,Combined TRACON& Tower with Radar,0,48,48,1,97,0,69,69,0,138,0,117,117,1,235,32,2,34,269
01/30/2007,LFT,LA,ASW,CE,Combined TRACON& Tower with Radar,9,51,43,0,103,0,43,8,0,51,9,94,51,0,154,0,0,0,154
01/31/2007,LFT,LA,ASW,CE,Combined TRACON& Tower with Radar,6,44,61,2,113,0,61,26,0,87,6,105,87,2,200,12,0,12,212
02/01/2007,LFT,LA,ASW,CE,Combined TRACON& Tower with Radar,5,74,28,0,107,0,0,0,0,0,5,74,28,0,107,2,0,2,109
02/02/2007,LFT,LA,ASW,CE,Combined TRACON& Tower with Radar,9,93,83,7,192,0,13,7,0,20,9,106,90,7,212,10,0,10,222
02/03/2007,LFT,LA,ASW,CE,Combined TRACON& Tower with Radar,6,34,35,0,75,0,46,63,0,109,6,80,98,0,184,17,0,17,201
02/04/2007,LFT,LA,ASW,CE,Combined TRACON& Tower with Radar,0,41,25,0,66,0,39,59,0,98,0,80,84,0,164,10,0,10,174
02/05/2007,LFT,LA,ASW,CE,Combined TRACON& Tower with Radar,2,51,41,2,96,0,80,36,1,117,2,131,77,3,213,14,0,14,227
02/06/2007,LFT,LA,ASW,CE,Combined TRACON& Tower with Radar,0,53,60,4,117,0,0,0,0,0,0,53,60,4,117,12,0,12,129
02/07/2007,LFT,LA,ASW,CE,Combined TRACON& Tower with Radar,7,46,48,2,103,0,68,62,0,130,7,114,110,2,233,10,2,12,245
02/08/2007,LFT,LA,ASW,CE,Combined TRACON& Tower with Radar,5,43,62,2,112,0,74,36,0,110,5,117,98,2,222,74,8,82,304
02/09/2007,LFT,LA,ASW,CE,Combined TRACON& Tower with Radar,4,52,51,2,109,0,0,0,0,0,4,52,51,2,109,14,2,16,125
02/10/2007,LFT,LA,ASW,CE,Combined TRACON& Tower with Radar,0,40,27,0,67,0,4,20,0,24,0,44,47,0,91,2,0,2,93
02/11/2007,LFT,LA,ASW,CE,Combined TRACON& Tower with Radar,2,42,37,3,84,0,81,47,0,128,2,123,84,3,212,24,0,24,236
02/12/2007,LFT,LA,ASW,CE,Combined TRACON& Tower with Radar,1,47,50,0,98,0,58,21,0,79,1,105,71,0,177,34,0,34,211
02/13/2007,LFT,LA,ASW,CE,Combined TRACON& Tower with Radar,6,52,41,0,99,0,0,0,0,0,6,52,41,0,99,16,0,16,115
02/14/2007,LFT,LA,ASW,CE,Combined TRACON& Tower with Radar,0,61,47,0,108,0,49,16,0,65,0,110,63,0,173,6,0,6,179
02/15/2007,LFT,LA,ASW,CE,Combined TRACON& Tower with Radar,5,52,73,0,130,0,78,29,0,107,5,130,102,0,237,42,0,42,279
02/16/2007,LFT,LA,ASW,CE,Combined TRACON& Tower with Radar,6,49,53,1,109,0,57,46,0,103,6,106,99,1,212,80,10,90,302
02/17/2007,LFT,LA,ASW,CE,Combined TRACON& Tower with Radar,10,35,27,0,72,0,59,40,0,99,10,94,67,0,171,48,0,48,219
02/18/2007,LFT,LA,ASW,CE,Combined TRACON& Tower with Radar,0,44,27,0,71,0,46,69,0,115,0,90,96,0,186,16,0,16,202
02/19/2007,LFT,LA,ASW,CE,Combined TRACON& Tower with Radar,0,48,41,2,91,0,47,35,0,82,0,95,76,2,173,22,0,22,195
02/20/2007,LFT,LA,ASW,CE,Combined TRACON& Tower with Radar,8,53,52,0,113,0,78,23,0,101,8,131,75,0,214,36,0,36,250
02/21/2007,LFT,LA,ASW,CE,Combined TRACON& Tower with Radar,3,47,39,0,89,0,48,38,0,86,3,95,77,0,175,18,0,18,193
02/22/2007,LFT,LA,ASW,CE,Combined TRACON& Tower with Radar,8,47,61,4,120,0,22,41,1,64,8,69,102,5,184,24,8,32,216
02/23/2007,LFT,LA,ASW,CE,Combined TRACON& Tower with Radar,5,47,46,11,109,0,47,42,0,89,5,94,88,11,198,34,4,38,236
02/24/2007,LFT,LA,ASW,CE,Combined TRACON& Tower with Radar,9,32,18,0,59,0,40,1,0,41,9,72,19,0,100,0,0,0,100
02/25/2007,LFT,LA,ASW,CE,Combined TRACON& Tower with Radar,0,39,32,0,71,0,41,73,0,114,0,80,105,0,185,26,0,26,211
02/26/2007,LFT,LA,ASW,CE,Combined TRACON& Tower with Radar,0,46,26,2,74,0,85,40,0,125,0,131,66,2,199,62,0,62,261
02/27/2007,LFT,LA,ASW,CE,Combined TRACON& Tower with Radar,6,55,68,6,135,0,62,37,0,99,6,117,105,6,234,12,2,14,248
02/28/2007,LFT,LA,ASW,CE,Combined TRACON& Tower with Radar,7,49,41,0,97,0,41,3,0,44,7,90,44,0,141,0,0,0,141
03/01/2007,LFT,LA,ASW,CE,Combined TRACON& Tower with Radar,7,45,45,0,97,0,20,18,0,38,7,65,63,0,135,0,0,0,135
03/02/2007,LFT,LA,ASW,CE,Combined TRACON& Tower with Radar,0,41,50,1,92,0,0,7,0,7,0,41,57,1,99,60,4,64,163
03/03/2007,LFT,LA,ASW,CE,Combined TRACON& Tower with Radar,8,38,21,0,67,0,22,62,0,84,8,60,83,0,151,36,0,36,187
03/04/2007,LFT,LA,ASW,CE,Combined TRACON& Tower with Radar,0,38,28,0,66,0,36,71,0,107,0,74,99,0,173,36,0,36,209
03/05/2007,LFT,LA,ASW,CE,Combined TRACON& Tower with Radar,1,37,42,0,80,0,20,55,0,75,1,57,97,0,155,24,0,24,179
03/06/2007,LFT,LA,ASW,CE,Combined TRACON& Tower with Radar,7,42,39,0,88,0,65,68,0,133,7,107,107,0,221,38,0,38,259
03/07/2007,LFT,LA,ASW,CE,Combined TRACON& Tower with Radar,7,43,44,4,98,0,0,0,0,0,7,43,44,4,98,10,4,14,112
03/08/2007,LFT,LA,ASW,CE,Combined TRACON& Tower with Radar,3,39,57,4,103,0,40,33,0,73,3,79,90,4,176,28,0,28,204
03/09/2007,LFT,LA,ASW,CE,Combined TRACON& Tower with Radar,9,52,55,0,116,0,54,61,0,115,9,106,116,0,231,10,0,10,241
03/10/2007,LFT,LA,ASW,CE,Combined TRACON& Tower with Radar,4,34,28,3,69,0,46,51,0,97,4,80,79,3,166,36,6,42,208
03/11/2007,LFT,LA,ASW,CE,Combined TRACON& Tower with Radar,0,37,38,0,75,0,33,24,0,57,0,70,62,0,132,2,0,2,134
03/12/2007,LFT,LA,ASW,CE,Combined TRACON& Tower with Radar,1,30,27,6,64,0,22,10,0,32,1,52,37,6,96,2,0,2,98
03/13/2007,LFT,LA,ASW,CE,Combined TRACON& Tower with Radar,6,48,54,5,113,0,40,78,0,118,6,88,132,5,231,54,5,59,290
03/14/2007,LFT,LA,ASW,CE,Combined TRACON& Tower with Radar,8,43,17,0,68,0,11,6,0,17,8,54,23,0,85,12,0,12,97
03/15/2007,LFT,LA,ASW,CE,Combined TRACON& Tower with Radar,8,59,38,0,105,0,83,38,0,121,8,142,76,0,226,28,4,32,258
03/16/2007,LFT,LA,ASW,CE,Combined TRACON& Tower with Radar,0,50,48,0,98,0,25,0,0,25,0,75,48,0,123,78,6,84,207
03/17/2007,LFT,LA,ASW,CE,Combined TRACON& Tower with Radar,0,20,46,1,67,0,0,29,0,29,0,20,75,1,96,16,34,50,146
03/18/2007,LFT,LA,ASW,CE,Combined TRACON& Tower with Radar,0,39,35,0,74,0,45,33,0,78,0,84,68,0,152,6,0,6,158
03/19/2007,LFT,LA,ASW,CE,Combined TRACON& Tower with Radar,1,40,35,2,78,0,56,46,1,103,1,96,81,3,181,2,2,4,185
03/20/2007,LFT,LA,ASW,CE,Combined TRACON& Tower with Radar,7,45,63,0,115,0,83,50,0,133,7,128,113,0,248,56,0,56,304
03/21/2007,LFT,LA,ASW,CE,Combined TRACON& Tower with Radar,9,42,61,0,112,0,65,42,1,108,9,107,103,1,220,92,6,98,318
03/22/2007,LFT,LA,ASW,CE,Combined TRACON& Tower with Radar,9,51,58,2,120,0,62,59,0,121,9,113,117,2,241,44,4,48,289
03/23/2007,LFT,LA,ASW,CE,Combined TRACON& Tower with Radar,9,60,72,2,143,0,40,54,1,95,9,100,126,3,238,12,2,14,252
03/24/2007,LFT,LA,ASW,CE,Combined TRACON& Tower with Radar,4,36,37,0,77,0,21,31,0,52,4,57,68,0,129,26,0,26,155
03/25/2007,LFT,LA,ASW,CE,Combined TRACON& Tower with Radar,0,44,28,4,76,0,36,20,0,56,0,80,48,4,132,2,0,2,134
03/26/2007,LFT,LA,ASW,CE,Combined TRACON& Tower with Radar,0,46,45,13,104,0,60,40,1,101,0,106,85,14,205,2,0,2,207
03/27/2007,LFT,LA,ASW,CE,Combined TRACON& Tower with Radar,0,52,70,0,122,0,0,0,0,0,0,52,70,0,122,22,4,26,148
03/28/2007,LFT,LA,ASW,CE,Combined TRACON& Tower with Radar,10,63,52,0,125,0,52,43,0,95,10,115,95,0,220,74,0,74,294
03/29/2007,LFT,LA,ASW,CE,Combined TRACON& Tower with Radar,4,59,47,0,110,0,41,41,0,82,4,100,88,0,192,8,0,8,200
03/30/2007,LFT,LA,ASW,CE,Combined TRACON& Tower with Radar,0,42,42,0,84,0,0,0,0,0,0,42,42,0,84,42,10,52,136
03/31/2007,LFT,LA,ASW,CE,Combined TRACON& Tower with Radar,9,36,18,0,63,0,26,5,0,31,9,62,23,0,94,0,0,0,94
04/01/2007,LFT,LA,ASW,CE,Combined TRACON& Tower with Radar,0,39,39,0,78,0,24,10,0,34,0,63,49,0,112,30,0,30,142
04/02/2007,LFT,LA,ASW,CE,Combined TRACON& Tower with Radar,0,37,38,0,75,0,45,41,0,86,0,82,79,0,161,18,0,18,179
04/03/2007,LFT,LA,ASW,CE,Combined TRACON& Tower with Radar,8,50,48,0,106,0,54,29,1,84,8,104,77,1,190,84,0,84,274
04/04/2007,LFT,LA,ASW,CE,Combined TRACON& Tower with Radar,7,47,47,1,102,0,22,7,0,29,7,69,54,1,131,0,0,0,131
04/05/2007,LFT,LA,ASW,CE,Combined TRACON& Tower with Radar,6,49,70,2,127,0,37,51,1,89,6,86,121,3,216,6,8,14,230
04/06/2007,LFT,LA,ASW,CE,Combined TRACON& Tower with Radar,5,46,34,2,87,0,43,73,4,120,5,89,107,6,207,58,0,58,265
04/07/2007,LFT,LA,ASW,CE,Combined TRACON& Tower with Radar,6,36,16,0,58,0,35,15,0,50,6,71,31,0,108,12,0,12,120
04/08/2007,LFT,LA,ASW,CE,Combined TRACON& Tower with Radar,0,43,22,3,68,0,0,0,0,0,0,43,22,3,68,4,0,4,72
04/09/2007,LFT,LA,ASW,CE,Combined TRACON& Tower with Radar,0,48,33,0,81,0,35,13,0,48,0,83,46,0,129,10,0,10,139
04/10/2007,LFT,LA,ASW,CE,Combined TRACON& Tower with Radar,0,57,43,0,100,0,0,0,0,0,0,57,43,0,100,32,0,32,132
04/11/2007,LFT,LA,ASW,CE,Combined TRACON& Tower with Radar,7,49,41,19,116,0,65,35,1,101,7,114,76,20,217,26,12,38,255
04/12/2007,LFT,LA,ASW,CE,Combined TRACON& Tower with Radar,6,48,53,0,107,0,44,79,0,123,6,92,132,0,230,36,0,36,266
04/13/2007,LFT,LA,ASW,CE,Combined TRACON& Tower with Radar,7,49,44,13,113,0,41,30,0,71,7,90,74,13,184,20,6,26,210
04/14/2007,LFT,LA,ASW,CE,Combined TRACON& Tower with Radar,6,46,23,0,75,0,20,10,0,30,6,66,33,0,105,2,0,2,107
04/15/2007,LFT,LA,ASW,CE,Combined TRACON& Tower with Radar,0,38,25,0,63,0,52,43,0,95,0,90,68,0,158,0,2,2,160
04/16/2007,LFT,LA,ASW,CE,Combined TRACON& Tower with Radar,0,43,41,1,85,0,0,31,0,31,0,43,72,1,116,48,2,50,166
04/17/2007,LFT,LA,ASW,CE,Combined TRACON& Tower with Radar,12,34,41,0,87,0,0,0,0,0,12,34,41,0,87,10,0,10,97
04/18/2007,LFT,LA,ASW,CE,Combined TRACON& Tower with Radar,9,49,43,3,104,0,61,66,0,127,9,110,109,3,231,38,0,38,269
04/19/2007,LFT,LA,ASW,CE,Combined TRACON& Tower with Radar,7,51,62,1,121,0,62,85,0,147,7,113,147,1,268,86,0,86,354
04/20/2007,LFT,LA,ASW,CE,Combined TRACON& Tower with Radar,0,60,44,0,104,0,2,20,0,22,0,62,64,0,126,16,4,20,146
04/21/2007,LFT,LA,ASW,CE,Combined TRACON& Tower with Radar,5,31,29,1,66,0,40,41,0,81,5,71,70,1,147,8,0,8,155
04/22/2007,LFT,LA,ASW,CE,Combined TRACON& Tower with Radar,0,40,27,0,67,0,20,49,0,69,0,60,76,0,136,8,0,8,144
04/23/2007,LFT,LA,ASW,CE,Combined TRACON& Tower with Radar,1,55,47,0,103,0,2,42,0,44,1,57,89,0,147,0,0,0,147
04/24/2007,LFT,LA,ASW,CE,Combined TRACON& Tower with Radar,9,48,57,4,118,0,94,34,0,128,9,142,91,4,246,18,2,20,266
04/25/2007,LFT,LA,ASW,CE,Combined TRACON& Tower with Radar,8,41,34,0,83,0,41,10,0,51,8,82,44,0,134,0,0,0,134
04/26/2007,LFT,LA,ASW,CE,Combined TRACON& Tower with Radar,9,57,61,2,129,0,47,67,4,118,9,104,128,6,247,74,10,84,331
04/27/2007,LFT,LA,ASW,CE,Combined TRACON& Tower with Radar,0,59,72,0,131,0,58,73,0,131,0,117,145,0,262,46,6,52,314
04/28/2007,LFT,LA,ASW,CE,Combined TRACON& Tower with Radar,6,43,29,0,78,0,44,55,0,99,6,87,84,0,177,38,0,38,215
04/29/2007,LFT,LA,ASW,CE,Combined TRACON& Tower with Radar,0,39,32,0,71,0,42,48,0,90,0,81,80,0,161,24,0,24,185
04/30/2007,LFT,LA,ASW,CE,Combined TRACON& Tower with Radar,1,47,52,4,104,0,70,51,2,123,1,117,103,6,227,20,0,20,247
05/01/2007,LFT,LA,ASW,CE,Combined TRACON& Tower with Radar,6,46,43,3,98,0,59,57,3,119,6,105,100,6,217,36,2,38,255
05/02/2007,LFT,LA,ASW,CE,Combined TRACON& Tower with Radar,6,50,65,0,121,0,63,71,1,135,6,113,136,1,256,76,0,76,332
05/03/2007,LFT,LA,ASW,CE,Combined TRACON& Tower with Radar,8,45,34,1,88,0,43,19,0,62,8,88,53,1,150,32,0,32,182
05/04/2007,LFT,LA,ASW,CE,Combined TRACON& Tower with Radar,0,40,15,0,55,0,0,0,0,0,0,40,15,0,55,2,0,2,57
05/05/2007,LFT,LA,ASW,CE,Combined TRACON& Tower with Radar,5,39,28,0,72,0,40,28,0,68,5,79,56,0,140,96,0,96,236
05/06/2007,LFT,LA,ASW,CE,Combined TRACON& Tower with Radar,0,41,60,0,101,0,35,44,0,79,0,76,104,0,180,14,0,14,194
05/07/2007,LFT,LA,ASW,CE,Combined TRACON& Tower with Radar,0,40,42,2,84,0,42,20,0,62,0,82,62,2,146,0,0,0,146
05/08/2007,LFT,LA,ASW,CE,Combined TRACON& Tower with Radar,10,42,53,0,105,0,0,0,0,0,10,42,53,0,105,12,0,12,117
05/09/2007,LFT,LA,ASW,CE,Combined TRACON& Tower with Radar,8,45,42,0,95,0,66,60,0,126,8,111,102,0,221,62,0,62,283
05/10/2007,LFT,LA,ASW,CE,Combined TRACON& Tower with Radar,4,57,58,8,127,0,44,59,0,103,4,101,117,8,230,6,0,6,236
05/11/2007,LFT,LA,ASW,CE,Combined TRACON& Tower with Radar,0,60,56,0,116,0,40,50,0,90,0,100,106,0,206,37,0,37,243
05/12/2007,LFT,LA,ASW,CE,Combined TRACON& Tower with Radar,10,37,25,0,72,0,22,49,0,71,10,59,74,0,143,20,0,20,163
05/13/2007,LFT,LA,ASW,CE,Combined TRACON& Tower with Radar,1,49,30,2,82,0,40,23,0,63,1,89,53,2,145,12,2,14,159
05/14/2007,LFT,LA,ASW,CE,Combined TRACON& Tower with Radar,1,61,50,1,113,0,53,37,0,90,1,114,87,1,203,10,0,10,213
05/15/2007,LFT,LA,ASW,CE,Combined TRACON& Tower with Radar,6,19,45,0,70,0,0,0,0,0,6,19,45,0,70,47,0,47,117
05/16/2007,LFT,LA,ASW,CE,Combined TRACON& Tower with Radar,9,43,57,0,109,0,0,0,0,0,9,43,57,0,109,16,0,16,125
05/17/2007,LFT,LA,ASW,CE,Combined TRACON& Tower with Radar,5,52,45,0,102,0,61,60,0,121,5,113,105,0,223,20,0,20,243
05/18/2007,LFT,LA,ASW,CE,Combined TRACON& Tower with Radar,8,52,35,4,99,0,42,86,0,128,8,94,121,4,227,30,2,32,259
05/19/2007,LFT,LA,ASW,CE,Combined TRACON& Tower with Radar,5,35,16,0,56,0,41,75,8,124,5,76,91,8,180,6,0,6,186
05/20/2007,LFT,LA,ASW,CE,Combined TRACON& Tower with Radar,1,42,29,0,72,0,50,52,0,102,1,92,81,0,174,8,0,8,182
05/21/2007,LFT,LA,ASW,CE,Combined TRACON& Tower with Radar,1,42,37,0,80,0,43,41,0,84,1,85,78,0,164,2,0,2,166
05/22/2007,LFT,LA,ASW,CE,Combined TRACON& Tower with Radar,8,51,46,0,105,0,57,9,1,67,8,108,55,1,172,2,0,2,174
05/23/2007,LFT,LA,ASW,CE,Combined TRACON& Tower with Radar,7,48,56,0,111,0,65,14,0,79,7,113,70,0,190,0,0,0,190
05/24/2007,LFT,LA,ASW,CE,Combined TRACON& Tower with Radar,10,67,61,2,140,0,58,43,0,101,10,125,104,2,241,6,0,6,247
05/25/2007,LFT,LA,ASW,CE,Combined TRACON& Tower with Radar,0,52,41,0,93,0,9,13,0,22,0,61,54,0,115,48,0,48,163
05/26/2007,LFT,LA,ASW,CE,Combined TRACON& Tower with Radar,0,42,31,0,73,0,2,25,0,27,0,44,56,0,100,20,4,24,124
05/27/2007,LFT,LA,ASW,CE,Combined TRACON& Tower with Radar,4,36,12,0,52,0,20,21,0,41,4,56,33,0,93,4,0,4,97
05/28/2007,LFT,LA,ASW,CE,Combined TRACON& Tower with Radar,2,33,28,0,63,0,55,36,0,91,2,88,64,0,154,44,0,44,198
05/29/2007,LFT,LA,ASW,CE,Combined TRACON& Tower with Radar,0,50,47,0,97,0,57,10,0,67,0,107,57,0,164,8,0,8,172
05/30/2007,LFT,LA,ASW,CE,Combined TRACON& Tower with Radar,8,51,51,0,110,0,40,18,0,58,8,91,69,0,168,40,0,40,208
05/31/2007,LFT,LA,ASW,CE,Combined TRACON& Tower with Radar,5,56,52,1,114,0,60,40,1,101,5,116,92,2,215,4,0,4,219
06/01/2007,LFT,LA,ASW,CE,Combined TRACON& Tower with Radar,0,43,32,0,75,0,0,0,0,0,0,43,32,0,75,8,0,8,83
06/02/2007,LFT,LA,ASW,CE,Combined TRACON& Tower with Radar,6,27,21,0,54,0,75,40,0,115,6,102,61,0,169,14,0,14,183
06/03/2007,LFT,LA,ASW,CE,Combined TRACON& Tower with Radar,0,40,38,0,78,0,40,38,0,78,0,80,76,0,156,14,0,14,170
06/04/2007,LFT,LA,ASW,CE,Combined TRACON& Tower with Radar,1,49,34,0,84,0,44,31,4,79,1,93,65,4,163,4,0,4,167
06/05/2007,LFT,LA,ASW,CE,Combined TRACON& Tower with Radar,7,58,55,0,120,0,56,57,0,113,7,114,112,0,233,42,0,42,275
06/06/2007,LFT,LA,ASW,CE,Combined TRACON& Tower with Radar,7,60,71,6,144,0,64,76,0,140,7,124,147,6,284,60,0,60,344
06/07/2007,LFT,LA,ASW,CE,Combined TRACON& Tower with Radar,6,50,59,0,115,0,61,28,1,90,6,111,87,1,205,36,8,44,249
06/08/2007,LFT,LA,ASW,CE,Combined TRACON& Tower with Radar,0,41,52,0,93,0,0,0,0,0,0,41,52,0,93,38,8,46,139
06/09/2007,LFT,LA,ASW,CE,Combined TRACON& Tower with Radar,4,41,12,0,57,0,51,43,0,94,4,92,55,0,151,22,0,22,173
06/10/2007,LFT,LA,ASW,CE,Combined TRACON& Tower with Radar,0,47,28,1,76,0,37,34,0,71,0,84,62,1,147,0,0,0,147
06/11/2007,LFT,LA,ASW,CE,Combined TRACON& Tower with Radar,1,48,33,8,90,0,40,57,0,97,1,88,90,8,187,54,8,62,249
06/12/2007,LFT,LA,ASW,CE,Combined TRACON& Tower with Radar,7,40,59,2,108,0,80,52,0,132,7,120,111,2,240,70,0,70,310
06/13/2007,LFT,LA,ASW,CE,Combined TRACON& Tower with Radar,9,47,44,0,100,0,42,60,0,102,9,89,104,0,202,82,0,82,284
06/14/2007,LFT,LA,ASW,CE,Combined TRACON& Tower with Radar,7,47,43,0,97,0,82,45,0,127,7,129,88,0,224,4,0,4,228
06/15/2007,LFT,LA,ASW,CE,Combined TRACON& Tower with Radar,6,45,51,0,102,0,62,41,0,103,6,107,92,0,205,78,0,78,283
06/16/2007,LFT,LA,ASW,CE,Combined TRACON& Tower with Radar,9,47,29,0,85,0,57,60,1,118,9,104,89,1,203,22,0,22,225
06/17/2007,LFT,LA,ASW,CE,Combined TRACON& Tower with Radar,1,40,25,0,66,0,41,32,0,73,1,81,57,0,139,0,0,0,139
06/18/2007,LFT,LA,ASW,CE,Combined TRACON& Tower with Radar,0,45,42,1,88,0,47,33,0,80,0,92,75,1,168,0,0,0,168
06/19/2007,LFT,LA,ASW,CE,Combined TRACON& Tower with Radar,8,47,57,0,112,0,66,34,0,100,8,113,91,0,212,24,0,24,236
06/20/2007,LFT,LA,ASW,CE,Combined TRACON& Tower with Radar,10,47,57,0,114,0,82,40,1,123,10,129,97,1,237,38,2,40,277
06/21/2007,LFT,LA,ASW,CE,Combined TRACON& Tower with Radar,7,46,60,0,113,0,81,88,0,169,7,127,148,0,282,36,0,36,318
06/22/2007,LFT,LA,ASW,CE,Combined TRACON& Tower with Radar,5,43,41,0,89,0,63,82,2,147,5,106,123,2,236,22,0,22,258
06/23/2007,LFT,LA,ASW,CE,Combined TRACON& Tower with Radar,9,46,31,1,87,0,42,37,1,80,9,88,68,2,167,12,0,12,179
06/24/2007,LFT,LA,ASW,CE,Combined TRACON& Tower with Radar,0,49,46,0,95,0,40,30,1,71,0,89,76,1,166,36,0,36,202
06/25/2007,LFT,LA,ASW,CE,Combined TRACON& Tower with Radar,3,47,23,0,73,0,38,23,0,61,3,85,46,0,134,16,0,16,150
06/26/2007,LFT,LA,ASW,CE,Combined TRACON& Tower with Radar,7,39,44,0,90,0,0,0,0,0,7,39,44,0,90,36,0,36,126
06/27/2007,LFT,LA,ASW,CE,Combined TRACON& Tower with Radar,0,55,41,0,96,0,9,0,2,11,0,64,41,2,107,24,0,24,131
06/28/2007,LFT,LA,ASW,CE,Combined TRACON& Tower with Radar,7,51,58,0,116,0,40,41,0,81,7,91,99,0,197,28,0,28,225
06/29/2007,LFT,LA,ASW,CE,Combined TRACON& Tower with Radar,0,46,40,0,86,0,14,16,0,30,0,60,56,0,116,16,0,16,132
06/30/2007,LFT,LA,ASW,CE,Combined TRACON& Tower with Radar,8,45,22,0,75,0,48,33,0,81,8,93,55,0,156,14,0,14,170
07/01/2007,LFT,LA,ASW,CE,Combined TRACON& Tower with Radar,0,40,25,0,65,0,31,39,0,70,0,71,64,0,135,41,0,41,176
07/02/2007,LFT,LA,ASW,CE,Combined TRACON& Tower with Radar,1,42,21,0,64,0,60,39,0,99,1,102,60,0,163,12,0,12,175
07/03/2007,LFT,LA,ASW,CE,Combined TRACON& Tower with Radar,0,41,42,0,83,0,60,31,0,91,0,101,73,0,174,4,0,4,178
07/04/2007,LFT,LA,ASW,CE,Combined TRACON& Tower with Radar,2,35,23,0,60,0,20,18,0,38,2,55,41,0,98,14,0,14,112
07/05/2007,LFT,LA,ASW,CE,Combined TRACON& Tower with Radar,0,22,18,0,40,0,0,0,0,0,0,22,18,0,40,8,0,8,48
07/06/2007,LFT,LA,ASW,CE,Combined TRACON& Tower with Radar,1,54,39,0,94,0,22,20,0,42,1,76,59,0,136,8,2,10,146
07/07/2007,LFT,LA,ASW,CE,Combined TRACON& Tower with Radar,0,41,20,0,61,0,0,11,0,11,0,41,31,0,72,24,0,24,96
07/08/2007,LFT,LA,ASW,CE,Combined TRACON& Tower with Radar,0,42,27,0,69,0,33,55,0,88,0,75,82,0,157,16,0,16,173
07/09/2007,LFT,LA,ASW,CE,Combined TRACON& Tower with Radar,1,46,45,2,94,0,54,50,0,104,1,100,95,2,198,26,18,44,242
07/10/2007,LFT,LA,ASW,CE,Combined TRACON& Tower with Radar,8,51,42,1,102,0,0,0,0,0,8,51,42,1,102,24,4,28,130
07/11/2007,LFT,LA,ASW,CE,Combined TRACON& Tower with Radar,7,48,43,4,102,0,61,56,0,117,7,109,99,4,219,22,8,30,249
07/12/2007,LFT,LA,ASW,CE,Combined TRACON& Tower with Radar,8,48,68,4,128,0,61,51,0,112,8,109,119,4,240,66,4,70,310
07/13/2007,LFT,LA,ASW,CE,Combined TRACON& Tower with Radar,6,57,38,4,105,0,74,53,0,127,6,131,91,4,232,32,0,32,264
07/14/2007,LFT,LA,ASW,CE,Combined TRACON& Tower with Radar,7,40,19,0,66,0,24,11,0,35,7,64,30,0,101,10,0,10,111
07/15/2007,LFT,LA,ASW,CE,Combined TRACON& Tower with Radar,0,37,22,0,59,0,25,12,0,37,0,62,34,0,96,8,0,8,104
07/16/2007,LFT,LA,ASW,CE,Combined TRACON& Tower with Radar,1,56,39,0,96,0,51,48,0,99,1,107,87,0,195,64,0,64,259
07/17/2007,LFT,LA,ASW,CE,Combined TRACON& Tower with Radar,8,61,69,1,139,0,0,0,0,0,8,61,69,1,139,70,0,70,209
07/18/2007,LFT,LA,ASW,CE,Combined TRACON& Tower with Radar,8,58,50,0,116,0,0,0,0,0,8,58,50,0,116,66,0,66,182
07/19/2007,LFT,LA,ASW,CE,Combined TRACON& Tower with Radar,0,63,41,0,104,0,1,0,0,1,0,64,41,0,105,10,0,10,115
07/20/2007,LFT,LA,ASW,CE,Combined TRACON& Tower with Radar,4,71,45,0,120,0,64,40,0,104,4,135,85,0,224,40,0,40,264
07/21/2007,LFT,LA,ASW,CE,Combined TRACON& Tower with Radar,5,43,47,0,95,0,45,60,2,107,5,88,107,2,202,74,2,76,278
07/22/2007,LFT,LA,ASW,CE,Combined TRACON& Tower with Radar,0,47,24,2,73,0,61,64,0,125,0,108,88,2,198,16,4,20,218
07/23/2007,LFT,LA,ASW,CE,Combined TRACON& Tower with Radar,0,52,50,1,103,0,59,74,0,133,0,111,124,1,236,84,2,86,322
07/24/2007,LFT,LA,ASW,CE,Combined TRACON& Tower with Radar,8,51,49,0,108,0,0,0,0,0,8,51,49,0,108,50,0,50,158
07/25/2007,LFT,LA,ASW,CE,Combined TRACON& Tower with Radar,6,51,62,0,119,0,64,46,0,110,6,115,108,0,229,16,0,16,245
07/26/2007,LFT,LA,ASW,CE,Combined TRACON& Tower with Radar,0,42,32,0,74,0,0,0,0,0,0,42,32,0,74,26,0,26,100
07/27/2007,LFT,LA,ASW,CE,Combined TRACON& Tower with Radar,0,42,10,0,52,0,0,0,0,0,0,42,10,0,52,2,0,2,54
07/28/2007,LFT,LA,ASW,CE,Combined TRACON& Tower with Radar,4,44,25,0,73,0,20,16,0,36,4,64,41,0,109,30,0,30,139
07/29/2007,LFT,LA,ASW,CE,Combined TRACON& Tower with Radar,0,51,20,2,73,0,37,23,0,60,0,88,43,2,133,20,0,20,153
07/30/2007,LFT,LA,ASW,CE,Combined TRACON& Tower with Radar,1,26,43,5,75,0,0,43,0,43,1,26,86,5,118,28,8,36,154
07/31/2007,LFT,LA,ASW,CE,Combined TRACON& Tower with Radar,9,54,40,4,107,0,0,0,0,0,9,54,40,4,107,24,2,26,133
08/01/2007,LFT,LA,ASW,CE,Combined TRACON& Tower with Radar,12,59,64,0,135,0,60,26,0,86,12,119,90,0,221,28,0,28,249
08/02/2007,LFT,LA,ASW,CE,Combined TRACON& Tower with Radar,9,80,61,0,150,0,25,23,0,48,9,105,84,0,198,18,0,18,216
08/03/2007,LFT,LA,ASW,CE,Combined TRACON& Tower with Radar,0,71,37,0,108,0,13,34,0,47,0,84,71,0,155,18,0,18,173
08/04/2007,LFT,LA,ASW,CE,Combined TRACON& Tower with Radar,0,49,25,0,74,0,43,38,2,83,0,92,63,2,157,4,0,4,161
08/05/2007,LFT,LA,ASW,CE,Combined TRACON& Tower with Radar,0,54,40,2,96,0,22,60,0,82,0,76,100,2,178,34,2,36,214
08/06/2007,LFT,LA,ASW,CE,Combined TRACON& Tower with Radar,1,46,39,2,88,0,71,58,0,129,1,117,97,2,217,14,0,14,231
08/07/2007,LFT,LA,ASW,CE,Combined TRACON& Tower with Radar,8,46,56,0,110,0,0,0,0,0,8,46,56,0,110,32,0,32,142
08/08/2007,LFT,LA,ASW,CE,Combined TRACON& Tower with Radar,6,47,62,4,119,0,83,55,0,138,6,130,117,4,257,58,2,60,317
08/09/2007,LFT,LA,ASW,CE,Combined TRACON& Tower with Radar,4,59,46,0,109,0,63,63,0,126,4,122,109,0,235,18,0,18,253
08/10/2007,LFT,LA,ASW,CE,Combined TRACON& Tower with Radar,0,52,58,0,110,0,8,2,0,10,0,60,60,0,120,24,0,24,144
08/11/2007,LFT,LA,ASW,CE,Combined TRACON& Tower with Radar,8,39,14,0,61,0,40,53,2,95,8,79,67,2,156,27,0,27,183
08/12/2007,LFT,LA,ASW,CE,Combined TRACON& Tower with Radar,0,36,22,3,61,0,2,38,0,40,0,38,60,3,101,2,0,2,103
08/13/2007,LFT,LA,ASW,CE,Combined TRACON& Tower with Radar,0,53,33,6,92,0,71,59,0,130,0,124,92,6,222,24,6,30,252
08/14/2007,LFT,LA,ASW,CE,Combined TRACON& Tower with Radar,8,54,65,3,130,0,0,0,0,0,8,54,65,3,130,28,0,28,158
08/15/2007,LFT,LA,ASW,CE,Combined TRACON& Tower with Radar,0,44,48,0,92,0,0,0,1,1,0,44,48,1,93,12,2,14,107
08/16/2007,LFT,LA,ASW,CE,Combined TRACON& Tower with Radar,16,55,19,0,90,0,60,44,1,105,16,115,63,1,195,20,0,20,215
08/17/2007,LFT,LA,ASW,CE,Combined TRACON& Tower with Radar,0,20,23,0,43,0,0,0,0,0,0,20,23,0,43,58,0,58,101
08/18/2007,LFT,LA,ASW,CE,Combined TRACON& Tower with Radar,8,49,25,0,82,0,68,54,0,122,8,117,79,0,204,32,0,32,236
08/19/2007,LFT,LA,ASW,CE,Combined TRACON& Tower with Radar,0,37,24,0,61,0,40,36,0,76,0,77,60,0,137,62,0,62,199
08/20/2007,LFT,LA,ASW,CE,Combined TRACON& Tower with Radar,1,57,65,2,125,0,58,52,0,110,1,115,117,2,235,32,0,32,267
08/21/2007,LFT,LA,ASW,CE,Combined TRACON& Tower with Radar,6,42,66,14,128,0,0,0,0,0,6,42,66,14,128,32,4,36,164
08/22/2007,LFT,LA,ASW,CE,Combined TRACON& Tower with Radar,8,44,60,0,112,0,84,61,0,145,8,128,121,0,257,6,0,6,263
08/23/2007,LFT,LA,ASW,CE,Combined TRACON& Tower with Radar,4,50,57,4,115,0,62,44,0,106,4,112,101,4,221,42,10,52,273
08/24/2007,LFT,LA,ASW,CE,Combined TRACON& Tower with Radar,7,50,42,0,99,0,40,43,0,83,7,90,85,0,182,80,6,86,268
08/25/2007,LFT,LA,ASW,CE,Combined TRACON& Tower with Radar,5,36,29,0,70,0,54,52,0,106,5,90,81,0,176,14,0,14,190
08/26/2007,LFT,LA,ASW,CE,Combined TRACON& Tower with Radar,0,53,22,8,83,0,55,34,0,89,0,108,56,8,172,16,8,24,196
08/27/2007,LFT,LA,ASW,CE,Combined TRACON& Tower with Radar,1,51,29,8,89,0,60,37,0,97,1,111,66,8,186,12,10,22,208
08/28/2007,LFT,LA,ASW,CE,Combined TRACON& Tower with Radar,8,50,48,2,108,0,0,0,0,0,8,50,48,2,108,86,0,86,194
08/29/2007,LFT,LA,ASW,CE,Combined TRACON& Tower with Radar,7,46,55,0,108,0,43,28,0,71,7,89,83,0,179,0,0,0,179
08/30/2007,LFT,LA,ASW,CE,Combined TRACON& Tower with Radar,5,50,55,0,110,0,61,40,0,101,5,111,95,0,211,41,0,41,252
08/31/2007,LFT,LA,ASW,CE,Combined TRACON& Tower with Radar,9,54,41,0,104,0,65,44,0,109,9,119,85,0,213,20,0,20,233
09/01/2007,LFT,LA,ASW,CE,Combined TRACON& Tower with Radar,7,38,21,0,66,0,21,34,0,55,7,59,55,0,121,14,0,14,135
09/02/2007,LFT,LA,ASW,CE,Combined TRACON& Tower with Radar,0,36,27,2,65,0,37,31,0,68,0,73,58,2,133,14,0,14,147
09/03/2007,LFT,LA,ASW,CE,Combined TRACON& Tower with Radar,0,47,19,0,66,0,30,36,0,66,0,77,55,0,132,20,0,20,152
09/04/2007,LFT,LA,ASW,CE,Combined TRACON& Tower with Radar,5,59,52,2,118,0,50,40,0,90,5,109,92,2,208,20,4,24,232
09/05/2007,LFT,LA,ASW,CE,Combined TRACON& Tower with Radar,8,50,46,6,110,0,47,39,1,87,8,97,85,7,197,10,2,12,209
09/06/2007,LFT,LA,ASW,CE,Combined TRACON& Tower with Radar,8,50,64,0,122,0,61,57,0,118,8,111,121,0,240,90,0,90,330
09/07/2007,LFT,LA,ASW,CE,Combined TRACON& Tower with Radar,5,49,47,2,103,0,21,34,0,55,5,70,81,2,158,10,4,14,172
09/08/2007,LFT,LA,ASW,CE,Combined TRACON& Tower with Radar,7,47,29,0,83,0,39,58,1,98,7,86,87,1,181,12,16,28,209
09/09/2007,LFT,LA,ASW,CE,Combined TRACON& Tower with Radar,0,52,26,10,88,0,39,48,0,87,0,91,74,10,175,16,4,20,195
09/10/2007,LFT,LA,ASW,CE,Combined TRACON& Tower with Radar,1,43,33,0,77,0,55,44,0,99,1,98,77,0,176,30,0,30,206
09/11/2007,LFT,LA,ASW,CE,Combined TRACON& Tower with Radar,7,38,46,0,91,0,0,0,0,0,7,38,46,0,91,44,0,44,135
09/12/2007,LFT,LA,ASW,CE,Combined TRACON& Tower with Radar,7,39,54,0,100,0,0,0,0,0,7,39,54,0,100,20,0,20,120
09/13/2007,LFT,LA,ASW,CE,Combined TRACON& Tower with Radar,5,50,20,0,75,0,17,1,0,18,5,67,21,0,93,0,0,0,93
09/14/2007,LFT,LA,ASW,CE,Combined TRACON& Tower with Radar,0,20,45,0,65,0,0,19,0,19,0,20,64,0,84,28,4,32,116
09/15/2007,LFT,LA,ASW,CE,Combined TRACON& Tower with Radar,7,37,36,0,80,0,53,67,0,120,7,90,103,0,200,16,0,16,216
09/16/2007,LFT,LA,ASW,CE,Combined TRACON& Tower with Radar,0,44,26,0,70,0,28,75,1,104,0,72,101,1,174,14,0,14,188
09/17/2007,LFT,LA,ASW,CE,Combined TRACON& Tower with Radar,0,61,37,0,98,0,61,58,2,121,0,122,95,2,219,38,4,42,261
09/18/2007,LFT,LA,ASW,CE,Combined TRACON& Tower with Radar,11,44,56,10,121,0,67,31,1,99,11,111,87,11,220,76,0,76,296
09/19/2007,LFT,LA,ASW,CE,Combined TRACON& Tower with Radar,7,45,48,2,102,0,85,61,1,147,7,130,109,3,249,18,6,24,273
09/20/2007,LFT,LA,ASW,CE,Combined TRACON& Tower with Radar,6,46,59,8,119,0,104,88,0,192,6,150,147,8,311,23,0,23,334
09/21/2007,LFT,LA,ASW,CE,Combined TRACON& Tower with Radar,0,59,42,0,101,0,22,24,0,46,0,81,66,0,147,36,6,42,189
09/22/2007,LFT,LA,ASW,CE,Combined TRACON& Tower with Radar,6,45,24,0,75,0,45,32,0,77,6,90,56,0,152,10,0,10,162
09/23/2007,LFT,LA,ASW,CE,Combined TRACON& Tower with Radar,1,47,39,5,92,0,21,21,0,42,1,68,60,5,134,20,0,20,154
09/24/2007,LFT,LA,ASW,CE,Combined TRACON& Tower with Radar,1,50,37,0,88,0,22,14,0,36,1,72,51,0,124,14,0,14,138
09/25/2007,LFT,LA,ASW,CE,Combined TRACON& Tower with Radar,7,48,47,0,102,0,42,11,0,53,7,90,58,0,155,4,0,4,159
09/26/2007,LFT,LA,ASW,CE,Combined TRACON& Tower with Radar,7,53,59,0,119,0,66,42,0,108,7,119,101,0,227,32,0,32,259
09/27/2007,LFT,LA,ASW,CE,Combined TRACON& Tower with Radar,3,51,54,0,108,0,87,37,0,124,3,138,91,0,232,6,0,6,238
09/28/2007,LFT,LA,ASW,CE,Combined TRACON& Tower with Radar,0,57,48,1,106,0,5,10,0,15,0,62,58,1,121,28,0,28,149
09/29/2007,LFT,LA,ASW,CE,Combined TRACON& Tower with Radar,7,40,16,0,63,0,71,35,0,106,7,111,51,0,169,66,1,67,236
09/30/2007,LFT,LA,ASW,CE,Combined TRACON& Tower with Radar,0,45,68,0,113,0,41,51,0,92,0,86,119,0,205,22,0,22,227
10/01/2007,LFT,LA,ASW,CE,Combined TRACON& Tower with Radar,1,56,40,0,97,0,76,54,0,130,1,132,94,0,227,16,0,16,243
10/02/2007,LFT,LA,ASW,CE,Combined TRACON& Tower with Radar,7,55,33,2,97,0,71,80,0,151,7,126,113,2,248,10,0,10,258
10/03/2007,LFT,LA,ASW,CE,Combined TRACON& Tower with Radar,6,48,62,3,119,0,63,59,1,123,6,111,121,4,242,39,0,39,281
10/04/2007,LFT,LA,ASW,CE,Combined TRACON& Tower with Radar,6,48,64,0,118,0,64,73,0,137,6,112,137,0,255,22,2,24,279
10/05/2007,LFT,LA,ASW,CE,Combined TRACON& Tower with Radar,0,41,20,2,63,0,0,0,0,0,0,41,20,2,63,22,0,22,85
10/06/2007,LFT,LA,ASW,CE,Combined TRACON& Tower with Radar,10,42,23,0,75,0,56,34,0,90,10,98,57,0,165,16,0,16,181
10/07/2007,LFT,LA,ASW,CE,Combined TRACON& Tower with Radar,5,50,34,0,89,0,20,22,0,42,5,70,56,0,131,4,0,4,135
10/08/2007,LFT,LA,ASW,CE,Combined TRACON& Tower with Radar,0,47,43,0,90,0,43,20,0,63,0,90,63,0,153,14,0,14,167
10/09/2007,LFT,LA,ASW,CE,Combined TRACON& Tower with Radar,8,56,54,5,123,0,82,49,0,131,8,138,103,5,254,22,0,22,276
10/10/2007,LFT,LA,ASW,CE,Combined TRACON& Tower with Radar,8,45,72,2,127,0,82,77,0,159,8,127,149,2,286,68,2,70,356
10/11/2007,LFT,LA,ASW,CE,Combined TRACON& Tower with Radar,4,58,47,4,113,0,44,94,2,140,4,102,141,6,253,44,0,44,297
10/12/2007,LFT,LA,ASW,CE,Combined TRACON& Tower with Radar,2,61,45,0,108,0,41,89,0,130,2,102,134,0,238,34,0,34,272
10/13/2007,LFT,LA,ASW,CE,Combined TRACON& Tower with Radar,0,41,23,0,64,0,18,30,0,48,0,59,53,0,112,32,0,32,144
10/14/2007,LFT,LA,ASW,CE,Combined TRACON& Tower with Radar,0,44,35,1,80,0,60,52,0,112,0,104,87,1,192,22,2,24,216
10/15/2007,LFT,LA,ASW,CE,Combined TRACON& Tower with Radar,9,47,35,0,91,0,42,27,0,69,9,89,62,0,160,34,0,34,194
10/16/2007,LFT,LA,ASW,CE,Combined TRACON& Tower with Radar,7,48,77,0,132,0,62,32,0,94,7,110,109,0,226,14,0,14,240
10/17/2007,LFT,LA,ASW,CE,Combined TRACON& Tower with Radar,8,46,31,0,85,0,0,0,0,0,8,46,31,0,85,46,0,46,131
10/18/2007,LFT,LA,ASW,CE,Combined TRACON& Tower with Radar,8,55,53,0,116,0,38,18,0,56,8,93,71,0,172,2,0,2,174
10/19/2007,LFT,LA,ASW,CE,Combined TRACON& Tower with Radar,0,44,54,0,98,0,17,9,0,26,0,61,63,0,124,22,12,34,158
10/20/2007,LFT,LA,ASW,CE,Combined TRACON& Tower with Radar,0,40,26,0,66,0,19,60,0,79,0,59,86,0,145,72,6,78,223
10/21/2007,LFT,LA,ASW,CE,Combined TRACON& Tower with Radar,0,47,32,0,79,0,43,46,0,89,0,90,78,0,168,10,0,10,178
10/22/2007,LFT,LA,ASW,CE,Combined TRACON& Tower with Radar,4,62,35,0,101,0,7,2,0,9,4,69,37,0,110,6,0,6,116
10/23/2007,LFT,LA,ASW,CE,Combined TRACON& Tower with Radar,10,44,77,0,131,0,62,21,0,83,10,106,98,0,214,18,0,18,232
10/24/2007,LFT,LA,ASW,CE,Combined TRACON& Tower with Radar,2,49,74,0,125,0,82,47,0,129,2,131,121,0,254,23,2,25,279
10/25/2007,LFT,LA,ASW,CE,Combined TRACON& Tower with Radar,4,59,57,0,120,0,66,75,0,141,4,125,132,0,261,38,22,60,321
10/26/2007,LFT,LA,ASW,CE,Combined TRACON& Tower with Radar,6,49,62,0,117,0,62,80,1,143,6,111,142,1,260,40,2,42,302
10/27/2007,LFT,LA,ASW,CE,Combined TRACON& Tower with Radar,9,45,33,9,96,0,37,69,3,109,9,82,102,12,205,34,14,48,253
10/28/2007,LFT,LA,ASW,CE,Combined TRACON& Tower with Radar,1,52,40,0,93,0,35,53,0,88,1,87,93,0,181,10,2,12,193
10/29/2007,LFT,LA,ASW,CE,Combined TRACON& Tower with Radar,0,47,45,0,92,0,54,62,0,116,0,101,107,0,208,40,0,40,248
10/30/2007,LFT,LA,ASW,CE,Combined TRACON& Tower with Radar,7,47,48,1,103,0,63,70,0,133,7,110,118,1,236,10,0,10,246
10/31/2007,LFT,LA,ASW,CE,Combined TRACON& Tower with Radar,7,44,29,0,80,0,62,51,0,113,7,106,80,0,193,22,0,22,215
11/01/2007,LFT,LA,ASW,CE,Combined TRACON& Tower with Radar,6,47,66,0,119,0,62,57,0,119,6,109,123,0,238,32,0,32,270
11/02/2007,LFT,LA,ASW,CE,Combined TRACON& Tower with Radar,0,43,51,0,94,0,0,23,0,23,0,43,74,0,117,26,0,26,143
11/03/2007,LFT,LA,ASW,CE,Combined TRACON& Tower with Radar,10,40,51,2,103,0,61,71,0,132,10,101,122,2,235,34,0,34,269
11/04/2007,LFT,LA,ASW,CE,Combined TRACON& Tower with Radar,4,40,50,0,94,0,20,47,0,67,4,60,97,0,161,10,0,10,171
11/05/2007,LFT,LA,ASW,CE,Combined TRACON& Tower with Radar,1,46,46,1,94,0,77,49,0,126,1,123,95,1,220,20,2,22,242
11/06/2007,LFT,LA,ASW,CE,Combined TRACON& Tower with Radar,8,61,56,5,130,0,60,32,0,92,8,121,88,5,222,56,8,64,286
11/07/2007,LFT,LA,ASW,CE,Combined TRACON& Tower with Radar,10,43,57,4,114,0,87,58,0,145,10,130,115,4,259,26,4,30,289
11/08/2007,LFT,LA,ASW,CE,Combined TRACON& Tower with Radar,6,47,72,0,125,0,60,65,1,126,6,107,137,1,251,35,0,35,286
11/09/2007,LFT,LA,ASW,CE,Combined TRACON& Tower with Radar,5,45,48,1,99,0,43,52,0,95,5,88,100,1,194,42,2,44,238
11/10/2007,LFT,LA,ASW,CE,Combined TRACON& Tower with Radar,7,54,24,0,85,0,48,30,0,78,7,102,54,0,163,20,0,20,183
11/11/2007,LFT,LA,ASW,CE,Combined TRACON& Tower with Radar,2,53,44,0,99,0,22,31,0,53,2,75,75,0,152,20,6,26,178
11/12/2007,LFT,LA,ASW,CE,Combined TRACON& Tower with Radar,0,45,52,0,97,0,63,27,0,90,0,108,79,0,187,38,0,38,225
11/13/2007,LFT,LA,ASW,CE,Combined TRACON& Tower with Radar,7,44,48,1,100,0,61,43,0,104,7,105,91,1,204,30,0,30,234
11/14/2007,LFT,LA,ASW,CE,Combined TRACON& Tower with Radar,8,41,78,0,127,0,63,43,0,106,8,104,121,0,233,50,10,60,293
11/15/2007,LFT,LA,ASW,CE,Combined TRACON& Tower with Radar,6,62,37,0,105,0,41,53,0,94,6,103,90,0,199,30,0,30,229
11/16/2007,LFT,LA,ASW,CE,Combined TRACON& Tower with Radar,0,51,55,0,106,0,31,23,0,54,0,82,78,0,160,34,0,34,194
11/17/2007,LFT,LA,ASW,CE,Combined TRACON& Tower with Radar,5,69,31,0,105,0,53,47,0,100,5,122,78,0,205,54,0,54,259
11/18/2007,LFT,LA,ASW,CE,Combined TRACON& Tower with Radar,0,43,27,0,70,0,18,10,0,28,0,61,37,0,98,6,0,6,104
11/19/2007,LFT,LA,ASW,CE,Combined TRACON& Tower with Radar,3,44,56,0,103,0,82,56,1,139,3,126,112,1,242,42,0,42,284
11/20/2007,LFT,LA,ASW,CE,Combined TRACON& Tower with Radar,6,49,63,4,122,0,81,55,0,136,6,130,118,4,258,14,2,16,274
11/21/2007,LFT,LA,ASW,CE,Combined TRACON& Tower with Radar,9,53,44,4,110,0,40,34,0,74,9,93,78,4,184,72,0,72,256
11/22/2007,LFT,LA,ASW,CE,Combined TRACON& Tower with Radar,1,46,12,0,59,0,20,13,0,33,1,66,25,0,92,12,0,12,104
11/23/2007,LFT,LA,ASW,CE,Combined TRACON& Tower with Radar,0,20,23,0,43,0,0,14,0,14,0,20,37,0,57,30,0,30,87
11/24/2007,LFT,LA,ASW,CE,Combined TRACON& Tower with Radar,7,46,17,0,70,0,20,6,0,26,7,66,23,0,96,8,0,8,104
11/25/2007,LFT,LA,ASW,CE,Combined TRACON& Tower with Radar,0,41,27,0,68,0,0,2,0,2,0,41,29,0,70,0,0,0,70
11/26/2007,LFT,LA,ASW,CE,Combined TRACON& Tower with Radar,0,45,54,4,103,0,54,33,1,88,0,99,87,5,191,38,4,42,233
11/27/2007,LFT,LA,ASW,CE,Combined TRACON& Tower with Radar,9,44,60,6,119,0,64,44,0,108,9,108,104,6,227,22,4,26,253
11/28/2007,LFT,LA,ASW,CE,Combined TRACON& Tower with Radar,7,38,53,0,98,0,66,65,1,132,7,104,118,1,230,30,0,30,260
11/29/2007,LFT,LA,ASW,CE,Combined TRACON& Tower with Radar,4,47,67,4,122,0,61,69,0,130,4,108,136,4,252,50,2,52,304
11/30/2007,LFT,LA,ASW,CE,Combined TRACON& Tower with Radar,5,48,57,2,112,0,61,61,0,122,5,109,118,2,234,24,0,24,258
12/01/2007,LFT,LA,ASW,CE,Combined TRACON& Tower with Radar,9,60,41,0,110,0,40,35,0,75,9,100,76,0,185,36,0,36,221
12/02/2007,LFT,LA,ASW,CE,Combined TRACON& Tower with Radar,0,48,38,2,88,0,27,18,0,45,0,75,56,2,133,18,0,18,151
12/03/2007,LFT,LA,ASW,CE,Combined TRACON& Tower with Radar,1,45,39,0,85,0,48,23,0,71,1,93,62,0,156,18,0,18,174
12/04/2007,LFT,LA,ASW,CE,Combined TRACON& Tower with Radar,6,48,78,0,132,0,76,61,0,137,6,124,139,0,269,28,0,28,297
12/05/2007,LFT,LA,ASW,CE,Combined TRACON& Tower with Radar,6,47,37,5,95,0,64,53,0,117,6,111,90,5,212,56,6,62,274
12/06/2007,LFT,LA,ASW,CE,Combined TRACON& Tower with Radar,6,59,55,0,120,0,67,43,1,111,6,126,98,1,231,19,0,19,250
12/07/2007,LFT,LA,ASW,CE,Combined TRACON& Tower with Radar,0,55,57,1,113,0,65,45,0,110,0,120,102,1,223,54,0,54,277
12/08/2007,LFT,LA,ASW,CE,Combined TRACON& Tower with Radar,7,44,20,0,71,0,57,22,0,79,7,101,42,0,150,14,0,14,164
12/09/2007,LFT,LA,ASW,CE,Combined TRACON& Tower with Radar,0,60,29,0,89,0,55,17,0,72,0,115,46,0,161,34,0,34,195
12/10/2007,LFT,LA,ASW,CE,Combined TRACON& Tower with Radar,0,38,35,0,73,0,0,0,0,0,0,38,35,0,73,38,1,39,112
12/11/2007,LFT,LA,ASW,CE,Combined TRACON& Tower with Radar,7,43,66,5,121,0,65,36,0,101,7,108,102,5,222,26,6,32,254
12/12/2007,LFT,LA,ASW,CE,Combined TRACON& Tower with Radar,8,39,54,2,103,0,45,30,0,75,8,84,84,2,178,90,2,92,270
12/13/2007,LFT,LA,ASW,CE,Combined TRACON& Tower with Radar,5,70,60,0,135,0,11,3,0,14,5,81,63,0,149,0,0,0,149
12/14/2007,LFT,LA,ASW,CE,Combined TRACON& Tower with Radar,0,16,0,0,16,0,0,0,0,0,0,16,0,0,16,0,0,0,16
12/15/2007,LFT,LA,ASW,CE,Combined TRACON& Tower with Radar,6,25,11,0,42,0,27,17,0,44,6,52,28,0,86,28,0,28,114
12/16/2007,LFT,LA,ASW,CE,Combined TRACON& Tower with Radar,0,53,53,0,106,0,40,60,0,100,0,93,113,0,206,14,0,14,220
12/17/2007,LFT,LA,ASW,CE,Combined TRACON& Tower with Radar,1,51,41,0,93,0,65,51,0,116,1,116,92,0,209,42,0,42,251
12/18/2007,LFT,LA,ASW,CE,Combined TRACON& Tower with Radar,8,48,65,2,123,0,78,37,2,117,8,126,102,4,240,80,0,80,320
12/19/2007,LFT,LA,ASW,CE,Combined TRACON& Tower with Radar,11,49,60,8,128,0,62,29,0,91,11,111,89,8,219,38,16,54,273
12/20/2007,LFT,LA,ASW,CE,Combined TRACON& Tower with Radar,0,1,13,0,14,0,0,0,0,0,0,1,13,0,14,24,0,24,38
12/21/2007,LFT,LA,ASW,CE,Combined TRACON& Tower with Radar,0,18,36,0,54,0,0,0,0,0,0,18,36,0,54,32,0,32,86
12/22/2007,LFT,LA,ASW,CE,Combined TRACON& Tower with Radar,8,42,24,0,74,0,46,24,0,70,8,88,48,0,144,14,0,14,158
12/23/2007,LFT,LA,ASW,CE,Combined TRACON& Tower with Radar,1,47,23,0,71,0,17,74,0,91,1,64,97,0,162,24,0,24,186
12/24/2007,LFT,LA,ASW,CE,Combined TRACON& Tower with Radar,0,40,11,0,51,0,23,25,0,48,0,63,36,0,99,20,0,20,119
12/25/2007,LFT,LA,ASW,CE,Combined TRACON& Tower with Radar,1,41,9,0,51,0,15,23,0,38,1,56,32,0,89,38,0,38,127
12/26/2007,LFT,LA,ASW,CE,Combined TRACON& Tower with Radar,2,40,32,0,74,0,17,12,0,29,2,57,44,0,103,0,0,0,103
12/27/2007,LFT,LA,ASW,CE,Combined TRACON& Tower with Radar,4,43,53,0,100,0,24,38,0,62,4,67,91,0,162,48,0,48,210
12/28/2007,LFT,LA,ASW,CE,Combined TRACON& Tower with Radar,0,53,44,0,97,0,20,37,0,57,0,73,81,0,154,30,0,30,184
12/29/2007,LFT,LA,ASW,CE,Combined TRACON& Tower with Radar,5,37,20,0,62,0,32,32,1,65,5,69,52,1,127,36,0,36,163
12/30/2007,LFT,LA,ASW,CE,Combined TRACON& Tower with Radar,0,45,34,0,79,0,8,32,0,40,0,53,66,0,119,12,0,12,131
12/31/2007,LFT,LA,ASW,CE,Combined TRACON& Tower with Radar,2,37,32,0,71,0,4,41,0,45,2,41,73,0,116,56,0,56,172
01/01/2008,LFT,LA,ASW,CE,Combined TRACON& Tower with Radar,2,34,17,0,53,0,23,24,0,47,2,57,41,0,100,22,0,22,122
01/02/2008,LFT,LA,ASW,CE,Combined TRACON& Tower with Radar,4,49,54,0,107,0,43,36,0,79,4,92,90,0,186,26,0,26,212
01/03/2008,LFT,LA,ASW,CE,Combined TRACON& Tower with Radar,5,50,41,4,100,0,50,36,1,87,5,100,77,5,187,42,8,50,237
01/04/2008,LFT,LA,ASW,CE,Combined TRACON& Tower with Radar,0,57,59,0,116,0,41,41,2,84,0,98,100,2,200,16,0,16,216
01/05/2008,LFT,LA,ASW,CE,Combined TRACON& Tower with Radar,7,42,16,0,65,0,27,20,0,47,7,69,36,0,112,12,0,12,124
01/06/2008,LFT,LA,ASW,CE,Combined TRACON& Tower with Radar,0,35,53,0,88,0,20,16,0,36,0,55,69,0,124,10,0,10,134
01/07/2008,LFT,LA,ASW,CE,Combined TRACON& Tower with Radar,1,50,21,0,72,0,52,24,0,76,1,102,45,0,148,24,0,24,172
01/08/2008,LFT,LA,ASW,CE,Combined TRACON& Tower with Radar,6,47,46,0,99,0,20,3,0,23,6,67,49,0,122,6,0,6,128
01/09/2008,LFT,LA,ASW,CE,Combined TRACON& Tower with Radar,7,48,70,0,125,0,72,17,0,89,7,120,87,0,214,20,0,20,234
01/10/2008,LFT,LA,ASW,CE,Combined TRACON& Tower with Radar,0,8,2,0,10,0,0,0,0,0,0,8,2,0,10,4,0,4,14
01/11/2008,LFT,LA,ASW,CE,Combined TRACON& Tower with Radar,4,61,38,2,105,0,94,72,1,167,4,155,110,3,272,6,0,6,278
01/12/2008,LFT,LA,ASW,CE,Combined TRACON& Tower with Radar,6,47,25,0,78,0,40,56,0,96,6,87,81,0,174,54,0,54,228
01/13/2008,LFT,LA,ASW,CE,Combined TRACON& Tower with Radar,0,45,33,0,78,0,44,45,2,91,0,89,78,2,169,20,0,20,189
01/14/2008,LFT,LA,ASW,CE,Combined TRACON& Tower with Radar,1,49,28,0,78,0,69,63,0,132,1,118,91,0,210,36,0,36,246
01/15/2008,LFT,LA,ASW,CE,Combined TRACON& Tower with Radar,7,52,34,0,93,0,63,47,0,110,7,115,81,0,203,48,0,48,251
01/16/2008,LFT,LA,ASW,CE,Combined TRACON& Tower with Radar,6,43,40,2,91,1,20,0,0,21,7,63,40,2,112,0,0,0,112
01/17/2008,LFT,LA,ASW,CE,Combined TRACON& Tower with Radar,8,42,63,0,113,0,61,27,0,88,8,103,90,0,201,4,0,4,205
01/18/2008,LFT,LA,ASW,CE,Combined TRACON& Tower with Radar,6,48,39,0,93,0,40,29,0,69,6,88,68,0,162,4,2,6,168
01/19/2008,LFT,LA,ASW,CE,Combined TRACON& Tower with Radar,7,31,13,0,51,0,0,4,0,4,7,31,17,0,55,0,0,0,55
01/20/2008,LFT,LA,ASW,CE,Combined TRACON& Tower with Radar,0,38,18,0,56,0,43,64,0,107,0,81,82,0,163,68,0,68,231
01/21/2008,LFT,LA,ASW,CE,Combined TRACON& Tower with Radar,0,48,33,0,81,0,26,36,0,62,0,74,69,0,143,48,0,48,191
01/22/2008,LFT,LA,ASW,CE,Combined TRACON& Tower with Radar,7,45,46,0,98,0,33,10,0,43,7,78,56,0,141,4,0,4,145
01/23/2008,LFT,LA,ASW,CE,Combined TRACON& Tower with Radar,8,49,57,0,114,0,0,0,0,0,8,49,57,0,114,10,0,10,124
01/24/2008,LFT,LA,ASW,CE,Combined TRACON& Tower with Radar,8,53,49,0,110,0,21,9,0,30,8,74,58,0,140,2,0,2,142
01/25/2008,LFT,LA,ASW,CE,Combined TRACON& Tower with Radar,5,50,31,2,88,0,35,15,0,50,5,85,46,2,138,16,0,16,154
01/26/2008,LFT,LA,ASW,CE,Combined TRACON& Tower with Radar,6,28,15,2,51,0,23,8,0,31,6,51,23,2,82,28,0,28,110
01/27/2008,LFT,LA,ASW,CE,Combined TRACON& Tower with Radar,0,55,41,3,99,0,27,21,0,48,0,82,62,3,147,48,0,48,195
01/28/2008,LFT,LA,ASW,CE,Combined TRACON& Tower with Radar,1,51,31,2,85,0,35,39,0,74,1,86,70,2,159,46,0,46,205
01/29/2008,LFT,LA,ASW,CE,Combined TRACON& Tower with Radar,7,89,58,0,154,0,8,13,0,21,7,97,71,0,175,4,0,4,179
01/30/2008,LFT,LA,ASW,CE,Combined TRACON& Tower with Radar,7,55,58,2,122,0,78,61,0,139,7,133,119,2,261,10,0,10,271
01/31/2008,LFT,LA,ASW,CE,Combined TRACON& Tower with Radar,0,26,17,0,43,0,0,0,0,0,0,26,17,0,43,14,0,14,57
02/01/2008,LFT,LA,ASW,CE,Combined TRACON& Tower with Radar,6,57,62,0,125,0,46,50,0,96,6,103,112,0,221,16,0,16,237
02/02/2008,LFT,LA,ASW,CE,Combined TRACON& Tower with Radar,4,53,26,0,83,0,49,81,0,130,4,102,107,0,213,19,0,19,232
02/03/2008,LFT,LA,ASW,CE,Combined TRACON& Tower with Radar,0,50,22,6,78,0,23,1,1,25,0,73,23,7,103,18,0,18,121
02/04/2008,LFT,LA,ASW,CE,Combined TRACON& Tower with Radar,0,49,33,2,84,0,21,14,0,35,0,70,47,2,119,16,0,16,135
02/05/2008,LFT,LA,ASW,CE,Combined TRACON& Tower with Radar,6,44,26,1,77,0,23,2,0,25,6,67,28,1,102,4,0,4,106
02/06/2008,LFT,LA,ASW,CE,Combined TRACON& Tower with Radar,7,54,41,10,112,0,49,25,1,75,7,103,66,11,187,22,12,34,221
02/07/2008,LFT,LA,ASW,CE,Combined TRACON& Tower with Radar,0,58,39,0,97,0,0,0,0,0,0,58,39,0,97,50,8,58,155
02/08/2008,LFT,LA,ASW,CE,Combined TRACON& Tower with Radar,6,64,45,1,116,0,70,90,2,162,6,134,135,3,278,64,2,66,344
02/09/2008,LFT,LA,ASW,CE,Combined TRACON& Tower with Radar,0,48,26,1,75,0,50,62,0,112,0,98,88,1,187,36,4,40,227
02/10/2008,LFT,LA,ASW,CE,Combined TRACON& Tower with Radar,0,58,45,0,103,0,54,97,0,151,0,112,142,0,254,42,0,42,296
02/11/2008,LFT,LA,ASW,CE,Combined TRACON& Tower with Radar,1,70,35,4,110,0,71,35,0,106,1,141,70,4,216,44,4,48,264
02/12/2008,LFT,LA,ASW,CE,Combined TRACON& Tower with Radar,8,48,37,0,93,0,52,13,0,65,8,100,50,0,158,2,0,2,160
02/13/2008,LFT,LA,ASW,CE,Combined TRACON& Tower with Radar,7,50,50,2,109,0,79,48,2,129,7,129,98,4,238,16,4,20,258
02/14/2008,LFT,LA,ASW,CE,Combined TRACON& Tower with Radar,9,58,51,0,118,0,47,74,0,121,9,105,125,0,239,10,0,10,249
02/15/2008,LFT,LA,ASW,CE,Combined TRACON& Tower with Radar,5,59,42,0,106,0,37,10,0,47,5,96,52,0,153,14,0,14,167
02/16/2008,LFT,LA,ASW,CE,Combined TRACON& Tower with Radar,6,38,13,0,57,0,25,20,0,45,6,63,33,0,102,10,0,10,112
02/17/2008,LFT,LA,ASW,CE,Combined TRACON& Tower with Radar,0,46,24,2,72,0,47,46,0,93,0,93,70,2,165,28,2,30,195
02/18/2008,LFT,LA,ASW,CE,Combined TRACON& Tower with Radar,1,58,47,5,111,0,60,61,1,122,1,118,108,6,233,26,2,28,261
02/19/2008,LFT,LA,ASW,CE,Combined TRACON& Tower with Radar,7,52,61,1,121,0,47,66,0,113,7,99,127,1,234,20,0,20,254
02/20/2008,LFT,LA,ASW,CE,Combined TRACON& Tower with Radar,8,66,56,11,141,0,78,15,1,94,8,144,71,12,235,4,6,10,245
02/21/2008,LFT,LA,ASW,CE,Combined TRACON& Tower with Radar,7,45,54,0,106,0,0,4,0,4,7,45,58,0,110,2,0,2,112
02/22/2008,LFT,LA,ASW,CE,Combined TRACON& Tower with Radar,8,58,50,1,117,0,30,11,0,41,8,88,61,1,158,0,0,0,158
02/23/2008,LFT,LA,ASW,CE,Combined TRACON& Tower with Radar,6,29,25,0,60,0,49,50,0,99,6,78,75,0,159,16,0,16,175
02/24/2008,LFT,LA,ASW,CE,Combined TRACON& Tower with Radar,0,44,31,0,75,0,27,33,0,60,0,71,64,0,135,24,0,24,159
02/25/2008,LFT,LA,ASW,CE,Combined TRACON& Tower with Radar,0,53,47,3,103,0,24,13,2,39,0,77,60,5,142,6,4,10,152
02/26/2008,LFT,LA,ASW,CE,Combined TRACON& Tower with Radar,6,44,37,0,87,0,47,18,0,65,6,91,55,0,152,16,0,16,168
02/27/2008,LFT,LA,ASW,CE,Combined TRACON& Tower with Radar,8,43,59,0,110,0,55,72,0,127,8,98,131,0,237,22,0,22,259
02/28/2008,LFT,LA,ASW,CE,Combined TRACON& Tower with Radar,0,44,44,1,89,0,11,0,0,11,0,55,44,1,100,16,0,16,116
02/29/2008,LFT,LA,ASW,CE,Combined TRACON& Tower with Radar,7,59,41,16,123,0,51,40,1,92,7,110,81,17,215,14,8,22,237
03/01/2008,LFT,LA,ASW,CE,Combined TRACON& Tower with Radar,9,38,16,0,63,0,46,54,0,100,9,84,70,0,163,42,4,46,209
03/02/2008,LFT,LA,ASW,CE,Combined TRACON& Tower with Radar,0,47,38,4,89,0,34,26,0,60,0,81,64,4,149,56,10,66,215
03/03/2008,LFT,LA,ASW,CE,Combined TRACON& Tower with Radar,0,41,27,0,68,0,25,0,0,25,0,66,27,0,93,0,0,0,93
03/04/2008,LFT,LA,ASW,CE,Combined TRACON& Tower with Radar,6,53,64,0,123,0,0,0,0,0,6,53,64,0,123,8,0,8,131
03/05/2008,LFT,LA,ASW,CE,Combined TRACON& Tower with Radar,6,41,60,2,109,0,82,59,0,141,6,123,119,2,250,26,0,26,276
03/06/2008,LFT,LA,ASW,CE,Combined TRACON& Tower with Radar,6,50,49,0,105,0,50,33,0,83,6,100,82,0,188,50,0,50,238
03/07/2008,LFT,LA,ASW,CE,Combined TRACON& Tower with Radar,6,45,37,0,88,0,42,9,3,54,6,87,46,3,142,2,0,2,144
03/08/2008,LFT,LA,ASW,CE,Combined TRACON& Tower with Radar,5,48,32,0,85,0,0,47,0,47,5,48,79,0,132,18,0,18,150
03/09/2008,LFT,LA,ASW,CE,Combined TRACON& Tower with Radar,0,44,35,2,81,0,65,57,0,122,0,109,92,2,203,16,2,18,221
03/10/2008,LFT,LA,ASW,CE,Combined TRACON& Tower with Radar,4,47,35,4,90,0,26,32,0,58,4,73,67,4,148,16,2,18,166
03/11/2008,LFT,LA,ASW,CE,Combined TRACON& Tower with Radar,4,49,49,2,104,0,0,0,0,0,4,49,49,2,104,8,4,12,116
03/12/2008,LFT,LA,ASW,CE,Combined TRACON& Tower with Radar,7,53,38,0,98,0,58,59,1,118,7,111,97,1,216,16,0,16,232
03/13/2008,LFT,LA,ASW,CE,Combined TRACON& Tower with Radar,8,52,65,0,125,0,76,46,0,122,8,128,111,0,247,18,0,18,265
03/14/2008,LFT,LA,ASW,CE,Combined TRACON& Tower with Radar,5,46,62,2,115,0,24,11,0,35,5,70,73,2,150,18,2,20,170
03/15/2008,LFT,LA,ASW,CE,Combined TRACON& Tower with Radar,6,41,22,0,69,0,43,44,0,87,6,84,66,0,156,14,2,16,172
03/16/2008,LFT,LA,ASW,CE,Combined TRACON& Tower with Radar,0,48,42,0,90,0,26,60,0,86,0,74,102,0,176,12,0,12,188
03/17/2008,LFT,LA,ASW,CE,Combined TRACON& Tower with Radar,1,40,33,0,74,0,26,8,0,34,1,66,41,0,108,2,0,2,110
03/18/2008,LFT,LA,ASW,CE,Combined TRACON& Tower with Radar,6,27,27,0,60,0,15,0,0,15,6,42,27,0,75,0,0,0,75
03/19/2008,LFT,LA,ASW,CE,Combined TRACON& Tower with Radar,7,54,51,0,112,0,51,22,0,73,7,105,73,0,185,18,0,18,203
03/20/2008,LFT,LA,ASW,CE,Combined TRACON& Tower with Radar,7,64,47,0,118,0,105,80,0,185,7,169,127,0,303,54,0,54,357
03/21/2008,LFT,LA,ASW,CE,Combined TRACON& Tower with Radar,3,43,38,0,84,0,44,67,0,111,3,87,105,0,195,18,0,18,213
03/22/2008,LFT,LA,ASW,CE,Combined TRACON& Tower with Radar,4,42,28,0,74,0,27,51,0,78,4,69,79,0,152,40,0,40,192
03/23/2008,LFT,LA,ASW,CE,Combined TRACON& Tower with Radar,0,50,17,0,67,0,44,22,0,66,0,94,39,0,133,4,0,4,137
03/24/2008,LFT,LA,ASW,CE,Combined TRACON& Tower with Radar,0,55,43,0,98,0,69,37,0,106,0,124,80,0,204,48,0,48,252
03/25/2008,LFT,LA,ASW,CE,Combined TRACON& Tower with Radar,8,56,43,0,107,0,0,0,0,0,8,56,43,0,107,36,2,38,145
03/26/2008,LFT,LA,ASW,CE,Combined TRACON& Tower with Radar,8,48,59,6,121,0,75,43,0,118,8,123,102,6,239,32,6,38,277
03/27/2008,LFT,LA,ASW,CE,Combined TRACON& Tower with Radar,7,59,48,0,114,0,52,28,2,82,7,111,76,2,196,12,0,12,208
03/28/2008,LFT,LA,ASW,CE,Combined TRACON& Tower with Radar,9,50,43,8,110,4,26,16,0,46,13,76,59,8,156,44,2,46,202
03/29/2008,LFT,LA,ASW,CE,Combined TRACON& Tower with Radar,6,41,20,4,71,0,58,16,0,74,6,99,36,4,145,40,4,44,189
03/30/2008,LFT,LA,ASW,CE,Combined TRACON& Tower with Radar,0,55,35,2,92,0,25,25,0,50,0,80,60,2,142,32,10,42,184
03/31/2008,LFT,LA,ASW,CE,Combined TRACON& Tower with Radar,0,43,33,0,76,0,46,10,0,56,0,89,43,0,132,20,0,20,152
04/01/2008,LFT,LA,ASW,CE,Combined TRACON& Tower with Radar,0,53,53,0,106,0,0,0,0,0,0,53,53,0,106,2,0,2,108
04/02/2008,LFT,LA,ASW,CE,Combined TRACON& Tower with Radar,7,79,42,0,128,0,48,9,0,57,7,127,51,0,185,24,0,24,209
04/03/2008,LFT,LA,ASW,CE,Combined TRACON& Tower with Radar,8,65,55,1,129,0,72,33,0,105,8,137,88,1,234,45,0,45,279
04/04/2008,LFT,LA,ASW,CE,Combined TRACON& Tower with Radar,7,35,29,4,75,0,72,18,0,90,7,107,47,4,165,12,0,12,177
04/05/2008,LFT,LA,ASW,CE,Combined TRACON& Tower with Radar,6,41,28,1,76,0,34,9,1,44,6,75,37,2,120,10,0,10,130
04/06/2008,LFT,LA,ASW,CE,Combined TRACON& Tower with Radar,0,49,39,0,88,0,26,35,0,61,0,75,74,0,149,10,0,10,159
04/07/2008,LFT,LA,ASW,CE,Combined TRACON& Tower with Radar,0,45,45,0,90,0,54,40,2,96,0,99,85,2,186,43,6,49,235
04/08/2008,LFT,LA,ASW,CE,Combined TRACON& Tower with Radar,7,42,47,1,97,0,0,0,0,0,7,42,47,1,97,6,0,6,103
04/09/2008,LFT,LA,ASW,CE,Combined TRACON& Tower with Radar,7,44,38,2,91,0,78,25,0,103,7,122,63,2,194,42,2,44,238
04/10/2008,LFT,LA,ASW,CE,Combined TRACON& Tower with Radar,7,38,40,2,87,0,46,10,0,56,7,84,50,2,143,2,2,4,147
04/11/2008,LFT,LA,ASW,CE,Combined TRACON& Tower with Radar,7,52,38,0,97,0,25,23,0,48,7,77,61,0,145,16,0,16,161
04/12/2008,LFT,LA,ASW,CE,Combined TRACON& Tower with Radar,6,44,26,0,76,0,51,44,0,95,6,95,70,0,171,34,0,34,205
04/13/2008,LFT,LA,ASW,CE,Combined TRACON& Tower with Radar,0,44,33,0,77,0,50,56,0,106,0,94,89,0,183,14,0,14,197
04/14/2008,LFT,LA,ASW,CE,Combined TRACON& Tower with Radar,1,40,26,0,67,0,76,46,0,122,1,116,72,0,189,6,0,6,195
04/15/2008,LFT,LA,ASW,CE,Combined TRACON& Tower with Radar,8,45,51,0,104,0,0,0,0,0,8,45,51,0,104,14,0,14,118
04/16/2008,LFT,LA,ASW,CE,Combined TRACON& Tower with Radar,7,51,59,0,117,0,82,52,1,135,7,133,111,1,252,38,0,38,290
04/17/2008,LFT,LA,ASW,CE,Combined TRACON& Tower with Radar,4,45,55,4,108,0,52,34,0,86,4,97,89,4,194,14,2,16,210
04/18/2008,LFT,LA,ASW,CE,Combined TRACON& Tower with Radar,5,40,33,0,78,0,40,16,0,56,5,80,49,0,134,18,0,18,152
04/19/2008,LFT,LA,ASW,CE,Combined TRACON& Tower with Radar,8,42,26,0,76,0,53,66,0,119,8,95,92,0,195,68,0,68,263
04/20/2008,LFT,LA,ASW,CE,Combined TRACON& Tower with Radar,0,52,56,0,108,0,0,56,0,56,0,52,112,0,164,38,2,40,204
04/21/2008,LFT,LA,ASW,CE,Combined TRACON& Tower with Radar,0,49,37,0,86,0,138,54,0,192,0,187,91,0,278,12,0,12,290
04/22/2008,LFT,LA,ASW,CE,Combined TRACON& Tower with Radar,7,41,54,0,102,0,76,31,0,107,7,117,85,0,209,32,0,32,241
04/23/2008,LFT,LA,ASW,CE,Combined TRACON& Tower with Radar,9,56,60,0,125,0,58,61,0,119,9,114,121,0,244,14,0,14,258
04/24/2008,LFT,LA,ASW,CE,Combined TRACON& Tower with Radar,7,58,48,0,113,0,76,37,0,113,7,134,85,0,226,18,0,18,244
04/25/2008,LFT,LA,ASW,CE,Combined TRACON& Tower with Radar,7,49,41,0,97,0,46,19,3,68,7,95,60,3,165,10,0,10,175
04/26/2008,LFT,LA,ASW,CE,Combined TRACON& Tower with Radar,9,34,20,0,63,0,26,5,0,31,9,60,25,0,94,0,0,0,94
04/27/2008,LFT,LA,ASW,CE,Combined TRACON& Tower with Radar,0,45,23,0,68,0,20,7,3,30,0,65,30,3,98,0,0,0,98
04/28/2008,LFT,LA,ASW,CE,Combined TRACON& Tower with Radar,1,41,55,1,98,0,62,40,0,102,1,103,95,1,200,20,0,20,220
04/29/2008,LFT,LA,ASW,CE,Combined TRACON& Tower with Radar,9,47,41,0,97,0,54,42,0,96,9,101,83,0,193,30,0,30,223
04/30/2008,LFT,LA,ASW,CE,Combined TRACON& Tower with Radar,8,44,47,1,100,0,55,58,1,114,8,99,105,2,214,40,0,40,254
05/01/2008,LFT,LA,ASW,CE,Combined TRACON& Tower with Radar,6,47,60,6,119,0,51,31,0,82,6,98,91,6,201,4,12,16,217
05/02/2008,LFT,LA,ASW,CE,Combined TRACON& Tower with Radar,8,39,44,0,91,0,1,16,0,17,8,40,60,0,108,0,0,0,108
05/03/2008,LFT,LA,ASW,CE,Combined TRACON& Tower with Radar,6,36,37,6,85,0,4,21,0,25,6,40,58,6,110,28,0,28,138
05/04/2008,LFT,LA,ASW,CE,Combined TRACON& Tower with Radar,2,58,38,0,98,0,27,44,0,71,2,85,82,0,169,22,0,22,191
05/05/2008,LFT,LA,ASW,CE,Combined TRACON& Tower with Radar,0,53,46,0,99,0,51,39,0,90,0,104,85,0,189,16,2,18,207
05/06/2008,LFT,LA,ASW,CE,Combined TRACON& Tower with Radar,8,44,49,1,102,0,63,54,0,117,8,107,103,1,219,56,0,56,275
05/07/2008,LFT,LA,ASW,CE,Combined TRACON& Tower with Radar,8,46,48,1,103,0,78,29,0,107,8,124,77,1,210,26,8,34,244
05/08/2008,LFT,LA,ASW,CE,Combined TRACON& Tower with Radar,10,46,44,9,109,0,51,32,0,83,10,97,76,9,192,6,8,14,206
05/09/2008,LFT,LA,ASW,CE,Combined TRACON& Tower with Radar,7,65,43,1,116,0,68,0,0,68,7,133,43,1,184,48,6,54,238
05/10/2008,LFT,LA,ASW,CE,Combined TRACON& Tower with Radar,9,41,26,0,76,0,24,37,0,61,9,65,63,0,137,24,2,26,163
05/11/2008,LFT,LA,ASW,CE,Combined TRACON& Tower with Radar,0,45,6,0,51,0,51,28,0,79,0,96,34,0,130,30,0,30,160
05/12/2008,LFT,LA,ASW,CE,Combined TRACON& Tower with Radar,0,44,50,0,94,0,55,62,0,117,0,99,112,0,211,33,0,33,244
05/13/2008,LFT,LA,ASW,CE,Combined TRACON& Tower with Radar,8,48,46,0,102,0,49,0,0,49,8,97,46,0,151,20,0,20,171
05/14/2008,LFT,LA,ASW,CE,Combined TRACON& Tower with Radar,3,47,49,2,101,0,51,4,0,55,3,98,53,2,156,2,0,2,158
05/15/2008,LFT,LA,ASW,CE,Combined TRACON& Tower with Radar,8,55,37,1,101,0,44,16,1,61,8,99,53,2,162,12,0,12,174
05/16/2008,LFT,LA,ASW,CE,Combined TRACON& Tower with Radar,8,47,48,0,103,0,50,19,0,69,8,97,67,0,172,40,0,40,212
05/17/2008,LFT,LA,ASW,CE,Combined TRACON& Tower with Radar,6,43,30,0,79,0,55,31,1,87,6,98,61,1,166,54,0,54,220
05/18/2008,LFT,LA,ASW,CE,Combined TRACON& Tower with Radar,0,58,27,0,85,0,64,33,0,97,0,122,60,0,182,34,0,34,216
05/19/2008,LFT,LA,ASW,CE,Combined TRACON& Tower with Radar,4,50,27,0,81,0,51,51,0,102,4,101,78,0,183,12,0,12,195
05/20/2008,LFT,LA,ASW,CE,Combined TRACON& Tower with Radar,7,45,53,3,108,0,57,68,1,126,7,102,121,4,234,48,2,50,284
05/21/2008,LFT,LA,ASW,CE,Combined TRACON& Tower with Radar,7,48,64,1,120,0,0,0,0,0,7,48,64,1,120,22,0,22,142
05/22/2008,LFT,LA,ASW,CE,Combined TRACON& Tower with Radar,7,57,61,0,125,0,58,13,1,72,7,115,74,1,197,20,0,20,217
05/23/2008,LFT,LA,ASW,CE,Combined TRACON& Tower with Radar,6,46,66,0,118,0,51,11,0,62,6,97,77,0,180,4,0,4,184
05/24/2008,LFT,LA,ASW,CE,Combined TRACON& Tower with Radar,5,46,39,0,90,0,28,17,0,45,5,74,56,0,135,23,0,23,158
05/25/2008,LFT,LA,ASW,CE,Combined TRACON& Tower with Radar,0,53,25,0,78,0,26,28,0,54,0,79,53,0,132,34,0,34,166
05/26/2008,LFT,LA,ASW,CE,Combined TRACON& Tower with Radar,0,43,26,0,69,0,25,36,0,61,0,68,62,0,130,30,0,30,160
05/27/2008,LFT,LA,ASW,CE,Combined TRACON& Tower with Radar,3,46,47,6,102,0,0,0,0,0,3,46,47,6,102,48,10,58,160
05/28/2008,LFT,LA,ASW,CE,Combined TRACON& Tower with Radar,8,37,41,2,88,0,0,0,0,0,8,37,41,2,88,78,6,84,172
05/29/2008,LFT,LA,ASW,CE,Combined TRACON& Tower with Radar,6,52,44,5,107,0,53,55,0,108,6,105,99,5,215,34,8,42,257
05/30/2008,LFT,LA,ASW,CE,Combined TRACON& Tower with Radar,5,52,11,9,77,0,71,0,0,71,5,123,11,9,148,62,8,70,218
05/31/2008,LFT,LA,ASW,CE,Combined TRACON& Tower with Radar,4,52,22,0,78,0,49,35,0,84,4,101,57,0,162,22,0,22,184
06/01/2008,LFT,LA,ASW,CE,Combined TRACON& Tower with Radar,0,47,30,0,77,0,34,56,0,90,0,81,86,0,167,36,4,40,207
06/02/2008,LFT,LA,ASW,CE,Combined TRACON& Tower with Radar,0,45,40,0,85,0,57,60,1,118,0,102,100,1,203,72,1,73,276
06/03/2008,LFT,LA,ASW,CE,Combined TRACON& Tower with Radar,8,61,48,4,121,0,0,0,0,0,8,61,48,4,121,76,4,80,201
06/04/2008,LFT,LA,ASW,CE,Combined TRACON& Tower with Radar,6,60,43,7,116,0,0,0,0,0,6,60,43,7,116,20,8,28,144
06/05/2008,LFT,LA,ASW,CE,Combined TRACON& Tower with Radar,9,53,49,0,111,0,76,23,0,99,9,129,72,0,210,16,0,16,226
06/06/2008,LFT,LA,ASW,CE,Combined TRACON& Tower with Radar,6,50,30,8,94,0,59,37,1,97,6,109,67,9,191,68,0,68,259
06/07/2008,LFT,LA,ASW,CE,Combined TRACON& Tower with Radar,0,59,17,0,76,0,40,39,0,79,0,99,56,0,155,44,0,44,199
06/08/2008,LFT,LA,ASW,CE,Combined TRACON& Tower with Radar,0,65,29,1,95,0,52,32,0,84,0,117,61,1,179,40,4,44,223
06/09/2008,LFT,LA,ASW,CE,Combined TRACON& Tower with Radar,0,46,29,6,81,0,47,37,0,84,0,93,66,6,165,60,12,72,237
06/10/2008,LFT,LA,ASW,CE,Combined TRACON& Tower with Radar,17,60,50,1,128,0,53,34,0,87,17,113,84,1,215,6,1,7,222
06/11/2008,LFT,LA,ASW,CE,Combined TRACON& Tower with Radar,8,50,53,0,111,0,67,34,0,101,8,117,87,0,212,16,0,16,228
06/12/2008,LFT,LA,ASW,CE,Combined TRACON& Tower with Radar,6,52,48,0,106,1,52,40,0,93,7,104,88,0,199,56,2,58,257
06/13/2008,LFT,LA,ASW,CE,Combined TRACON& Tower with Radar,6,43,31,4,84,0,26,6,0,32,6,69,37,4,116,46,2,48,164
06/14/2008,LFT,LA,ASW,CE,Combined TRACON& Tower with Radar,7,36,23,0,66,0,51,23,0,74,7,87,46,0,140,22,0,22,162
06/15/2008,LFT,LA,ASW,CE,Combined TRACON& Tower with Radar,0,44,15,0,59,0,25,21,0,46,0,69,36,0,105,22,0,22,127
06/16/2008,LFT,LA,ASW,CE,Combined TRACON& Tower with Radar,0,50,39,0,89,0,57,61,1,119,0,107,100,1,208,12,6,18,226
06/17/2008,LFT,LA,ASW,CE,Combined TRACON& Tower with Radar,6,47,31,2,86,0,0,0,0,0,6,47,31,2,86,20,2,22,108
06/18/2008,LFT,LA,ASW,CE,Combined TRACON& Tower with Radar,7,46,44,0,97,0,54,59,1,114,7,100,103,1,211,102,0,102,313
06/19/2008,LFT,LA,ASW,CE,Combined TRACON& Tower with Radar,6,65,26,0,97,0,86,47,0,133,6,151,73,0,230,14,0,14,244
06/20/2008,LFT,LA,ASW,CE,Combined TRACON& Tower with Radar,7,59,33,0,99,0,50,24,0,74,7,109,57,0,173,68,0,68,241
06/21/2008,LFT,LA,ASW,CE,Combined TRACON& Tower with Radar,5,49,37,0,91,0,28,33,0,61,5,77,70,0,152,22,0,22,174
06/22/2008,LFT,LA,ASW,CE,Combined TRACON& Tower with Radar,0,57,22,0,79,0,54,39,0,93,0,111,61,0,172,30,0,30,202
06/23/2008,LFT,LA,ASW,CE,Combined TRACON& Tower with Radar,0,42,36,1,79,0,45,10,1,56,0,87,46,2,135,51,0,51,186
06/24/2008,LFT,LA,ASW,CE,Combined TRACON& Tower with Radar,7,48,45,0,100,0,57,41,0,98,7,105,86,0,198,56,2,58,256
06/25/2008,LFT,LA,ASW,CE,Combined TRACON& Tower with Radar,10,48,54,0,112,0,52,45,3,100,10,100,99,3,212,28,0,28,240
06/26/2008,LFT,LA,ASW,CE,Combined TRACON& Tower with Radar,13,55,32,0,100,0,33,35,0,68,13,88,67,0,168,43,0,43,211
06/27/2008,LFT,LA,ASW,CE,Combined TRACON& Tower with Radar,7,44,51,0,102,0,103,32,1,136,7,147,83,1,238,48,0,48,286
06/28/2008,LFT,LA,ASW,CE,Combined TRACON& Tower with Radar,6,49,25,0,80,0,24,11,2,37,6,73,36,2,117,10,0,10,127
06/29/2008,LFT,LA,ASW,CE,Combined TRACON& Tower with Radar,4,55,23,4,86,0,44,22,0,66,4,99,45,4,152,67,2,69,221
06/30/2008,LFT,LA,ASW,CE,Combined TRACON& Tower with Radar,1,62,48,0,111,0,75,57,0,132,1,137,105,0,243,32,0,32,275
07/01/2008,LFT,LA,ASW,CE,Combined TRACON& Tower with Radar,0,48,40,0,88,0,69,67,0,136,0,117,107,0,224,44,2,46,270
07/02/2008,LFT,LA,ASW,CE,Combined TRACON& Tower with Radar,6,73,42,6,127,0,47,47,0,94,6,120,89,6,221,62,8,70,291
07/03/2008,LFT,LA,ASW,CE,Combined TRACON& Tower with Radar,8,51,51,1,111,0,42,42,0,84,8,93,93,1,195,52,2,54,249
07/04/2008,LFT,LA,ASW,CE,Combined TRACON& Tower with Radar,3,34,25,0,62,0,33,24,1,58,3,67,49,1,120,34,0,34,154
07/05/2008,LFT,LA,ASW,CE,Combined TRACON& Tower with Radar,3,49,24,0,76,0,59,7,0,66,3,108,31,0,142,22,0,22,164
07/06/2008,LFT,LA,ASW,CE,Combined TRACON& Tower with Radar,0,40,37,2,79,1,44,49,0,94,1,84,86,2,173,10,0,10,183
07/07/2008,LFT,LA,ASW,CE,Combined TRACON& Tower with Radar,1,56,40,4,101,0,67,41,1,109,1,123,81,5,210,31,4,35,245
07/08/2008,LFT,LA,ASW,CE,Combined TRACON& Tower with Radar,4,45,39,0,88,0,72,31,0,103,4,117,70,0,191,16,0,16,207
07/09/2008,LFT,LA,ASW,CE,Combined TRACON& Tower with Radar,5,81,38,4,128,0,65,42,0,107,5,146,80,4,235,58,10,68,303
07/10/2008,LFT,LA,ASW,CE,Combined TRACON& Tower with Radar,6,57,42,0,105,0,68,41,0,109,6,125,83,0,214,30,4,34,248
07/11/2008,LFT,LA,ASW,CE,Combined TRACON& Tower with Radar,4,93,40,3,140,0,41,36,0,77,4,134,76,3,217,86,2,88,305
07/12/2008,LFT,LA,ASW,CE,Combined TRACON& Tower with Radar,5,44,31,3,83,0,50,49,1,100,5,94,80,4,183,28,2,30,213
07/13/2008,LFT,LA,ASW,CE,Combined TRACON& Tower with Radar,0,41,25,0,66,0,42,41,0,83,0,83,66,0,149,10,0,10,159
07/14/2008,LFT,LA,ASW,CE,Combined TRACON& Tower with Radar,0,56,40,0,96,0,51,36,0,87,0,107,76,0,183,12,4,16,199
07/15/2008,LFT,LA,ASW,CE,Combined TRACON& Tower with Radar,5,63,47,1,116,1,96,33,0,130,6,159,80,1,246,62,0,62,308
07/16/2008,LFT,LA,ASW,CE,Combined TRACON& Tower with Radar,4,52,41,8,105,0,99,63,0,162,4,151,104,8,267,64,2,66,333
07/17/2008,LFT,LA,ASW,CE,Combined TRACON& Tower with Radar,7,52,34,2,95,0,65,20,12,97,7,117,54,14,192,10,0,10,202
07/18/2008,LFT,LA,ASW,CE,Combined TRACON& Tower with Radar,7,56,37,2,102,0,60,56,1,117,7,116,93,3,219,10,4,14,233
07/19/2008,LFT,LA,ASW,CE,Combined TRACON& Tower with Radar,5,55,40,5,105,1,64,32,0,97,6,119,72,5,202,38,4,42,244
07/20/2008,LFT,LA,ASW,CE,Combined TRACON& Tower with Radar,0,50,18,6,74,0,78,56,2,136,0,128,74,8,210,74,0,74,284
07/21/2008,LFT,LA,ASW,CE,Combined TRACON& Tower with Radar,0,63,39,0,102,0,64,39,2,105,0,127,78,2,207,68,0,68,275
07/22/2008,LFT,LA,ASW,CE,Combined TRACON& Tower with Radar,6,64,29,4,103,0,56,30,0,86,6,120,59,4,189,42,4,46,235
07/23/2008,LFT,LA,ASW,CE,Combined TRACON& Tower with Radar,9,41,65,0,115,0,33,26,0,59,9,74,91,0,174,4,0,4,178
07/24/2008,LFT,LA,ASW,CE,Combined TRACON& Tower with Radar,6,73,58,0,137,0,68,33,0,101,6,141,91,0,238,30,0,30,268
07/25/2008,LFT,LA,ASW,CE,Combined TRACON& Tower with Radar,10,53,40,11,114,0,53,40,0,93,10,106,80,11,207,44,2,46,253
07/26/2008,LFT,LA,ASW,CE,Combined TRACON& Tower with Radar,4,59,26,1,90,0,57,19,0,76,4,116,45,1,166,62,8,70,236
07/27/2008,LFT,LA,ASW,CE,Combined TRACON& Tower with Radar,0,46,29,2,77,0,42,38,0,80,0,88,67,2,157,20,2,22,179
07/28/2008,LFT,LA,ASW,CE,Combined TRACON& Tower with Radar,0,58,26,5,89,12,0,80,42,134,12,58,106,47,223,14,16,30,253
07/29/2008,LFT,LA,ASW,CE,Combined TRACON& Tower with Radar,14,62,67,1,144,0,70,45,0,115,14,132,112,1,259,22,0,22,281
07/30/2008,LFT,LA,ASW,CE,Combined TRACON& Tower with Radar,4,57,39,3,103,0,71,44,1,116,4,128,83,4,219,18,6,24,243
07/31/2008,LFT,LA,ASW,CE,Combined TRACON& Tower with Radar,2,45,40,0,87,1,65,26,0,92,3,110,66,0,179,10,0,10,189
08/01/2008,LFT,LA,ASW,CE,Combined TRACON& Tower with Radar,16,60,39,1,116,0,60,39,0,99,16,120,78,1,215,48,0,48,263
08/02/2008,LFT,LA,ASW,CE,Combined TRACON& Tower with Radar,4,51,23,0,78,0,61,41,0,102,4,112,64,0,180,12,0,12,192
08/03/2008,LFT,LA,ASW,CE,Combined TRACON& Tower with Radar,3,50,31,2,86,0,51,29,0,80,3,101,60,2,166,16,4,20,186
08/04/2008,LFT,LA,ASW,CE,Combined TRACON& Tower with Radar,2,53,38,0,93,0,72,33,0,105,2,125,71,0,198,14,0,14,212
08/05/2008,LFT,LA,ASW,CE,Combined TRACON& Tower with Radar,4,35,25,0,64,0,23,13,0,36,4,58,38,0,100,4,0,4,104
08/06/2008,LFT,LA,ASW,CE,Combined TRACON& Tower with Radar,3,58,34,0,95,0,56,35,0,91,3,114,69,0,186,12,8,20,206
08/07/2008,LFT,LA,ASW,CE,Combined TRACON& Tower with Radar,4,58,50,0,112,0,51,54,1,106,4,109,104,1,218,36,6,42,260
08/08/2008,LFT,LA,ASW,CE,Combined TRACON& Tower with Radar,9,51,49,0,109,0,50,25,0,75,9,101,74,0,184,46,0,46,230
08/09/2008,LFT,LA,ASW,CE,Combined TRACON& Tower with Radar,5,44,49,0,98,0,62,33,0,95,5,106,82,0,193,34,2,36,229
08/10/2008,LFT,LA,ASW,CE,Combined TRACON& Tower with Radar,0,52,22,0,74,0,62,35,0,97,0,114,57,0,171,23,0,23,194
08/11/2008,LFT,LA,ASW,CE,Combined TRACON& Tower with Radar,0,53,22,0,75,0,47,31,0,78,0,100,53,0,153,8,0,8,161
08/12/2008,LFT,LA,ASW,CE,Combined TRACON& Tower with Radar,10,52,33,0,95,1,58,11,1,71,11,110,44,1,166,0,0,0,166
08/13/2008,LFT,LA,ASW,CE,Combined TRACON& Tower with Radar,7,51,55,4,117,0,47,26,1,74,7,98,81,5,191,24,2,26,217
08/14/2008,LFT,LA,ASW,CE,Combined TRACON& Tower with Radar,6,70,57,6,139,0,44,62,0,106,6,114,119,6,245,66,0,66,311
08/15/2008,LFT,LA,ASW,CE,Combined TRACON& Tower with Radar,12,52,37,2,103,0,48,29,2,79,12,100,66,4,182,56,0,56,238
08/16/2008,LFT,LA,ASW,CE,Combined TRACON& Tower with Radar,4,63,17,0,84,0,33,5,0,38,4,96,22,0,122,6,0,6,128
08/17/2008,LFT,LA,ASW,CE,Combined TRACON& Tower with Radar,0,62,22,0,84,0,23,2,0,25,0,85,24,0,109,6,0,6,115
08/18/2008,LFT,LA,ASW,CE,Combined TRACON& Tower with Radar,0,66,47,0,113,0,38,24,0,62,0,104,71,0,175,52,2,54,229
08/19/2008,LFT,LA,ASW,CE,Combined TRACON& Tower with Radar,4,58,35,0,97,0,68,30,0,98,4,126,65,0,195,34,2,36,231
08/20/2008,LFT,LA,ASW,CE,Combined TRACON& Tower with Radar,6,56,39,0,101,0,34,6,0,40,6,90,45,0,141,20,12,32,173
08/21/2008,LFT,LA,ASW,CE,Combined TRACON& Tower with Radar,10,76,47,0,133,0,69,38,0,107,10,145,85,0,240,86,0,86,326
08/22/2008,LFT,LA,ASW,CE,Combined TRACON& Tower with Radar,7,61,33,4,105,0,57,50,0,107,7,118,83,4,212,48,14,62,274
08/23/2008,LFT,LA,ASW,CE,Combined TRACON& Tower with Radar,6,52,27,2,87,0,55,30,0,85,6,107,57,2,172,34,4,38,210
08/24/2008,LFT,LA,ASW,CE,Combined TRACON& Tower with Radar,0,49,23,0,72,0,28,2,0,30,0,77,25,0,102,8,0,8,110
08/25/2008,LFT,LA,ASW,CE,Combined TRACON& Tower with Radar,1,78,36,0,115,0,86,32,1,119,1,164,68,1,234,30,0,30,264
08/26/2008,LFT,LA,ASW,CE,Combined TRACON& Tower with Radar,7,83,27,1,118,0,119,42,0,161,7,202,69,1,279,114,0,114,393
08/27/2008,LFT,LA,ASW,CE,Combined TRACON& Tower with Radar,6,63,62,0,131,0,69,48,1,118,6,132,110,1,249,6,0,6,255
08/28/2008,LFT,LA,ASW,CE,Combined TRACON& Tower with Radar,7,53,59,4,123,0,78,51,0,129,7,131,110,4,252,34,10,44,296
08/29/2008,LFT,LA,ASW,CE,Combined TRACON& Tower with Radar,7,59,43,0,109,0,54,45,0,99,7,113,88,0,208,50,0,50,258
08/30/2008,LFT,LA,ASW,CE,Combined TRACON& Tower with Radar,6,39,39,0,84,0,111,38,0,149,6,150,77,0,233,32,0,32,265
08/31/2008,LFT,LA,ASW,CE,Combined TRACON& Tower with Radar,0,48,64,0,112,0,83,35,0,118,0,131,99,0,230,0,0,0,230
09/01/2008,LFT,LA,ASW,CE,Combined TRACON& Tower with Radar,0,0,0,0,0,0,0,0,0,0,0,0,0,0,0,0,0,0,0
09/02/2008,LFT,LA,ASW,CE,Combined TRACON& Tower with Radar,0,29,38,0,67,0,38,23,1,62,0,67,61,1,129,0,0,0,129
09/03/2008,LFT,LA,ASW,CE,Combined TRACON& Tower with Radar,1,115,55,18,189,0,105,22,2,129,1,220,77,20,318,0,0,0,318
09/04/2008,LFT,LA,ASW,CE,Combined TRACON& Tower with Radar,5,50,57,0,112,0,270,53,4,327,5,320,110,4,439,22,0,22,461
09/05/2008,LFT,LA,ASW,CE,Combined TRACON& Tower with Radar,6,48,54,2,110,0,212,79,3,294,6,260,133,5,404,44,0,44,448
09/06/2008,LFT,LA,ASW,CE,Combined TRACON& Tower with Radar,3,42,18,2,65,1,135,23,1,160,4,177,41,3,225,18,8,26,251
09/07/2008,LFT,LA,ASW,CE,Combined TRACON& Tower with Radar,0,40,28,0,68,0,88,45,4,137,0,128,73,4,205,22,0,22,227
09/08/2008,LFT,LA,ASW,CE,Combined TRACON& Tower with Radar,0,44,38,0,82,0,152,61,1,214,0,196,99,1,296,38,2,40,336
09/09/2008,LFT,LA,ASW,CE,Combined TRACON& Tower with Radar,3,50,40,2,95,0,143,42,5,190,3,193,82,7,285,24,10,34,319
09/10/2008,LFT,LA,ASW,CE,Combined TRACON& Tower with Radar,5,68,47,7,127,0,126,64,1,191,5,194,111,8,318,42,0,42,360
09/11/2008,LFT,LA,ASW,CE,Combined TRACON& Tower with Radar,6,55,50,4,115,0,159,35,2,196,6,214,85,6,311,14,4,18,329
09/12/2008,LFT,LA,ASW,CE,Combined TRACON& Tower with Radar,8,31,5,2,46,0,3,0,0,3,8,34,5,2,49,0,2,2,51
09/13/2008,LFT,LA,ASW,CE,Combined TRACON& Tower with Radar,3,19,16,6,44,0,35,3,5,43,3,54,19,11,87,0,0,0,87
09/14/2008,LFT,LA,ASW,CE,Combined TRACON& Tower with Radar,1,42,35,5,83,0,76,24,0,100,1,118,59,5,183,14,0,14,197
09/15/2008,LFT,LA,ASW,CE,Combined TRACON& Tower with Radar,4,51,57,8,120,0,218,55,0,273,4,269,112,8,393,10,0,10,403
09/16/2008,LFT,LA,ASW,CE,Combined TRACON& Tower with Radar,2,62,57,5,126,0,170,87,2,259,2,232,144,7,385,30,0,30,415
09/17/2008,LFT,LA,ASW,CE,Combined TRACON& Tower with Radar,5,60,36,8,109,0,153,70,6,229,5,213,106,14,338,26,2,28,366
09/18/2008,LFT,LA,ASW,CE,Combined TRACON& Tower with Radar,6,64,53,8,131,0,96,47,2,145,6,160,100,10,276,17,4,21,297
09/19/2008,LFT,LA,ASW,CE,Combined TRACON& Tower with Radar,2,60,59,5,126,0,46,29,2,77,2,106,88,7,203,8,2,10,213
09/20/2008,LFT,LA,ASW,CE,Combined TRACON& Tower with Radar,3,58,27,2,90,0,61,21,0,82,3,119,48,2,172,10,0,10,182
09/21/2008,LFT,LA,ASW,CE,Combined TRACON& Tower with Radar,0,40,41,0,81,0,62,36,0,98,0,102,77,0,179,6,0,6,185
09/22/2008,LFT,LA,ASW,CE,Combined TRACON& Tower with Radar,0,54,43,9,106,0,117,57,0,174,0,171,100,9,280,26,28,54,334
09/23/2008,LFT,LA,ASW,CE,Combined TRACON& Tower with Radar,4,45,44,4,97,0,20,50,0,70,4,65,94,4,167,42,0,42,209
09/24/2008,LFT,LA,ASW,CE,Combined TRACON& Tower with Radar,4,46,58,0,108,0,114,68,0,182,4,160,126,0,290,20,0,20,310
09/25/2008,LFT,LA,ASW,CE,Combined TRACON& Tower with Radar,5,63,41,0,109,0,121,53,0,174,5,184,94,0,283,46,0,46,329
09/26/2008,LFT,LA,ASW,CE,Combined TRACON& Tower with Radar,0,89,54,0,143,1,81,35,0,117,1,170,89,0,260,38,0,38,298
09/27/2008,LFT,LA,ASW,CE,Combined TRACON& Tower with Radar,6,43,38,0,87,0,101,37,0,138,6,144,75,0,225,38,12,50,275
09/28/2008,LFT,LA,ASW,CE,Combined TRACON& Tower with Radar,1,49,38,0,88,0,81,50,0,131,1,130,88,0,219,36,0,36,255
09/29/2008,LFT,LA,ASW,CE,Combined TRACON& Tower with Radar,1,39,33,0,73,0,89,63,0,152,1,128,96,0,225,16,4,20,245
09/30/2008,LFT,LA,ASW,CE,Combined TRACON& Tower with Radar,3,47,48,7,105,1,91,47,0,139,4,138,95,7,244,40,12,52,296
10/01/2008,LFT,LA,ASW,CE,Combined TRACON& Tower with Radar,7,57,46,2,112,0,105,61,0,166,7,162,107,2,278,60,2,62,340
10/02/2008,LFT,LA,ASW,CE,Combined TRACON& Tower with Radar,3,64,49,5,121,0,106,71,0,177,3,170,120,5,298,92,4,96,394
10/03/2008,LFT,LA,ASW,CE,Combined TRACON& Tower with Radar,2,52,26,1,81,0,96,63,0,159,2,148,89,1,240,30,0,30,270
10/04/2008,LFT,LA,ASW,CE,Combined TRACON& Tower with Radar,4,45,24,0,73,0,72,43,1,116,4,117,67,1,189,24,0,24,213
10/05/2008,LFT,LA,ASW,CE,Combined TRACON& Tower with Radar,0,49,31,0,80,0,86,52,0,138,0,135,83,0,218,20,0,20,238
10/06/2008,LFT,LA,ASW,CE,Combined TRACON& Tower with Radar,1,48,41,0,90,0,128,34,1,163,1,176,75,1,253,18,0,18,271
10/07/2008,LFT,LA,ASW,CE,Combined TRACON& Tower with Radar,3,69,22,1,95,0,77,6,0,83,3,146,28,1,178,0,0,0,178
10/08/2008,LFT,LA,ASW,CE,Combined TRACON& Tower with Radar,5,61,50,2,118,0,117,61,1,179,5,178,111,3,297,36,4,40,337
10/09/2008,LFT,LA,ASW,CE,Combined TRACON& Tower with Radar,5,62,50,1,118,0,129,66,2,197,5,191,116,3,315,14,2,16,331
10/10/2008,LFT,LA,ASW,CE,Combined TRACON& Tower with Radar,5,50,49,2,106,0,70,49,0,119,5,120,98,2,225,16,0,16,241
10/11/2008,LFT,LA,ASW,CE,Combined TRACON& Tower with Radar,5,38,30,0,73,0,70,31,0,101,5,108,61,0,174,38,8,46,220
10/12/2008,LFT,LA,ASW,CE,Combined TRACON& Tower with Radar,0,48,28,0,76,0,69,28,0,97,0,117,56,0,173,69,0,69,242
10/13/2008,LFT,LA,ASW,CE,Combined TRACON& Tower with Radar,0,44,13,2,59,0,85,38,4,127,0,129,51,6,186,26,6,32,218
10/14/2008,LFT,LA,ASW,CE,Combined TRACON& Tower with Radar,2,46,57,2,107,0,87,21,0,108,2,133,78,2,215,34,10,44,259
10/15/2008,LFT,LA,ASW,CE,Combined TRACON& Tower with Radar,4,43,45,2,94,0,101,21,0,122,4,144,66,2,216,42,2,44,260
10/16/2008,LFT,LA,ASW,CE,Combined TRACON& Tower with Radar,7,58,49,9,123,0,117,37,2,156,7,175,86,11,279,10,2,12,291
10/17/2008,LFT,LA,ASW,CE,Combined TRACON& Tower with Radar,5,75,53,1,134,0,29,13,0,42,5,104,66,1,176,8,0,8,184
10/18/2008,LFT,LA,ASW,CE,Combined TRACON& Tower with Radar,3,54,25,2,84,0,71,49,2,122,3,125,74,4,206,58,0,58,264
10/19/2008,LFT,LA,ASW,CE,Combined TRACON& Tower with Radar,0,57,42,0,99,0,82,38,3,123,0,139,80,3,222,28,0,28,250
10/20/2008,LFT,LA,ASW,CE,Combined TRACON& Tower with Radar,4,50,50,2,106,0,92,49,0,141,4,142,99,2,247,25,0,25,272
10/21/2008,LFT,LA,ASW,CE,Combined TRACON& Tower with Radar,2,91,43,22,158,0,101,92,2,195,2,192,135,24,353,54,2,56,409
10/22/2008,LFT,LA,ASW,CE,Combined TRACON& Tower with Radar,6,53,44,2,105,2,97,46,1,146,8,150,90,3,251,18,0,18,269
10/23/2008,LFT,LA,ASW,CE,Combined TRACON& Tower with Radar,7,52,41,1,101,0,49,13,0,62,7,101,54,1,163,6,0,6,169
10/24/2008,LFT,LA,ASW,CE,Combined TRACON& Tower with Radar,8,49,50,16,123,0,44,28,2,74,8,93,78,18,197,10,6,16,213
10/25/2008,LFT,LA,ASW,CE,Combined TRACON& Tower with Radar,1,41,22,0,64,3,60,35,1,99,4,101,57,1,163,190,0,190,353
10/26/2008,LFT,LA,ASW,CE,Combined TRACON& Tower with Radar,0,43,34,5,82,0,60,37,1,98,0,103,71,6,180,10,4,14,194
10/27/2008,LFT,LA,ASW,CE,Combined TRACON& Tower with Radar,0,53,37,9,99,0,74,36,0,110,0,127,73,9,209,30,6,36,245
10/28/2008,LFT,LA,ASW,CE,Combined TRACON& Tower with Radar,11,30,37,0,78,0,101,53,1,155,11,131,90,1,233,10,0,10,243
10/29/2008,LFT,LA,ASW,CE,Combined TRACON& Tower with Radar,5,32,40,1,78,0,90,36,1,127,5,122,76,2,205,40,21,61,266
10/30/2008,LFT,LA,ASW,CE,Combined TRACON& Tower with Radar,4,59,62,13,138,0,82,59,6,147,4,141,121,19,285,40,42,82,367
10/31/2008,LFT,LA,ASW,CE,Combined TRACON& Tower with Radar,5,51,35,4,95,0,80,72,2,154,5,131,107,6,249,98,10,108,357
11/01/2008,LFT,LA,ASW,CE,Combined TRACON& Tower with Radar,4,29,12,1,46,3,63,45,0,111,7,92,57,1,157,52,0,52,209
11/02/2008,LFT,LA,ASW,CE,Combined TRACON& Tower with Radar,1,47,17,3,68,0,40,35,0,75,1,87,52,3,143,6,0,6,149
11/03/2008,LFT,LA,ASW,CE,Combined TRACON& Tower with Radar,0,55,45,18,118,0,79,43,3,125,0,134,88,21,243,42,4,46,289
11/04/2008,LFT,LA,ASW,CE,Combined TRACON& Tower with Radar,1,43,36,4,84,0,71,51,1,123,1,114,87,5,207,54,8,62,269
11/05/2008,LFT,LA,ASW,CE,Combined TRACON& Tower with Radar,9,58,60,2,129,0,94,32,0,126,9,152,92,2,255,82,2,84,339
11/06/2008,LFT,LA,ASW,CE,Combined TRACON& Tower with Radar,4,62,53,5,124,0,88,39,1,128,4,150,92,6,252,46,4,50,302
11/07/2008,LFT,LA,ASW,CE,Combined TRACON& Tower with Radar,3,61,57,0,121,0,73,41,0,114,3,134,98,0,235,80,0,80,315
11/08/2008,LFT,LA,ASW,CE,Combined TRACON& Tower with Radar,4,48,17,0,69,0,68,44,0,112,4,116,61,0,181,42,0,42,223
11/09/2008,LFT,LA,ASW,CE,Combined TRACON& Tower with Radar,0,45,33,4,82,0,56,37,0,93,0,101,70,4,175,30,6,36,211
11/10/2008,LFT,LA,ASW,CE,Combined TRACON& Tower with Radar,1,61,44,7,113,0,69,36,0,105,1,130,80,7,218,26,14,40,258
11/11/2008,LFT,LA,ASW,CE,Combined TRACON& Tower with Radar,4,57,49,1,111,0,81,12,0,93,4,138,61,1,204,58,0,58,262
11/12/2008,LFT,LA,ASW,CE,Combined TRACON& Tower with Radar,5,46,20,0,71,0,8,3,0,11,5,54,23,0,82,0,0,0,82
11/13/2008,LFT,LA,ASW,CE,Combined TRACON& Tower with Radar,4,78,51,1,134,0,27,16,1,44,4,105,67,2,178,0,0,0,178
11/14/2008,LFT,LA,ASW,CE,Combined TRACON& Tower with Radar,0,19,36,3,58,0,78,24,5,107,0,97,60,8,165,10,0,10,175
11/15/2008,LFT,LA,ASW,CE,Combined TRACON& Tower with Radar,5,53,32,0,90,0,51,23,0,74,5,104,55,0,164,20,0,20,184
11/16/2008,LFT,LA,ASW,CE,Combined TRACON& Tower with Radar,0,60,60,0,120,0,48,55,0,103,0,108,115,0,223,39,0,39,262
11/17/2008,LFT,LA,ASW,CE,Combined TRACON& Tower with Radar,0,52,29,3,84,0,62,46,0,108,0,114,75,3,192,44,0,44,236
11/18/2008,LFT,LA,ASW,CE,Combined TRACON& Tower with Radar,5,63,43,3,114,0,67,46,0,113,5,130,89,3,227,22,4,26,253
11/19/2008,LFT,LA,ASW,CE,Combined TRACON& Tower with Radar,5,52,47,2,106,1,108,64,0,173,6,160,111,2,279,65,2,67,346
11/20/2008,LFT,LA,ASW,CE,Combined TRACON& Tower with Radar,5,45,37,0,87,1,65,64,1,131,6,110,101,1,218,28,0,28,246
11/21/2008,LFT,LA,ASW,CE,Combined TRACON& Tower with Radar,5,50,50,5,110,1,50,39,0,90,6,100,89,5,200,12,2,14,214
11/22/2008,LFT,LA,ASW,CE,Combined TRACON& Tower with Radar,4,40,34,0,78,0,52,40,0,92,4,92,74,0,170,20,2,22,192
11/23/2008,LFT,LA,ASW,CE,Combined TRACON& Tower with Radar,0,46,24,0,70,0,71,27,2,100,0,117,51,2,170,30,2,32,202
11/24/2008,LFT,LA,ASW,CE,Combined TRACON& Tower with Radar,0,45,40,1,86,0,50,11,1,62,0,95,51,2,148,24,0,24,172
11/25/2008,LFT,LA,ASW,CE,Combined TRACON& Tower with Radar,3,50,37,0,90,0,66,52,1,119,3,116,89,1,209,38,0,38,247
11/26/2008,LFT,LA,ASW,CE,Combined TRACON& Tower with Radar,5,52,48,0,105,1,74,59,0,134,6,126,107,0,239,42,0,42,281
11/27/2008,LFT,LA,ASW,CE,Combined TRACON& Tower with Radar,1,30,7,0,38,0,4,37,0,41,1,34,44,0,79,0,0,0,79
11/28/2008,LFT,LA,ASW,CE,Combined TRACON& Tower with Radar,2,37,21,0,60,0,48,19,0,67,2,85,40,0,127,44,0,44,171
11/29/2008,LFT,LA,ASW,CE,Combined TRACON& Tower with Radar,1,47,27,0,75,0,2,0,0,2,1,49,27,0,77,8,0,8,85
11/30/2008,LFT,LA,ASW,CE,Combined TRACON& Tower with Radar,0,47,44,0,91,0,56,27,0,83,0,103,71,0,174,8,0,8,182
12/01/2008,LFT,LA,ASW,CE,Combined TRACON& Tower with Radar,2,46,43,0,91,0,47,18,0,65,2,93,61,0,156,10,0,10,166
12/02/2008,LFT,LA,ASW,CE,Combined TRACON& Tower with Radar,3,47,44,4,98,0,73,30,0,103,3,120,74,4,201,14,4,18,219
12/03/2008,LFT,LA,ASW,CE,Combined TRACON& Tower with Radar,5,41,57,3,106,0,85,32,1,118,5,126,89,4,224,86,0,86,310
12/04/2008,LFT,LA,ASW,CE,Combined TRACON& Tower with Radar,7,75,63,0,145,0,13,4,0,17,7,88,67,0,162,0,0,0,162
12/05/2008,LFT,LA,ASW,CE,Combined TRACON& Tower with Radar,3,61,51,0,115,0,53,56,1,110,3,114,107,1,225,64,0,64,289
12/06/2008,LFT,LA,ASW,CE,Combined TRACON& Tower with Radar,3,39,29,3,74,0,42,46,3,91,3,81,75,6,165,34,2,36,201
12/07/2008,LFT,LA,ASW,CE,Combined TRACON& Tower with Radar,0,37,39,1,77,50,34,3,0,87,50,71,42,1,164,54,6,60,224
12/08/2008,LFT,LA,ASW,CE,Combined TRACON& Tower with Radar,0,64,33,0,97,0,57,18,0,75,0,121,51,0,172,50,0,50,222
12/09/2008,LFT,LA,ASW,CE,Combined TRACON& Tower with Radar,5,48,43,0,96,0,35,10,0,45,5,83,53,0,141,12,0,12,153
12/10/2008,LFT,LA,ASW,CE,Combined TRACON& Tower with Radar,11,58,65,0,134,0,33,1,0,34,11,91,66,0,168,0,0,0,168
12/11/2008,LFT,LA,ASW,CE,Combined TRACON& Tower with Radar,6,59,37,1,103,0,32,4,0,36,6,91,41,1,139,20,10,30,169
12/12/2008,LFT,LA,ASW,CE,Combined TRACON& Tower with Radar,7,50,54,2,113,0,88,56,0,144,7,138,110,2,257,92,2,94,351
12/13/2008,LFT,LA,ASW,CE,Combined TRACON& Tower with Radar,2,45,29,2,78,1,53,33,0,87,3,98,62,2,165,18,0,18,183
12/14/2008,LFT,LA,ASW,CE,Combined TRACON& Tower with Radar,0,48,24,0,72,0,46,9,0,55,0,94,33,0,127,34,0,34,161
12/15/2008,LFT,LA,ASW,CE,Combined TRACON& Tower with Radar,1,50,37,1,89,0,66,17,0,83,1,116,54,1,172,40,2,42,214
12/16/2008,LFT,LA,ASW,CE,Combined TRACON& Tower with Radar,6,35,29,0,70,0,7,0,0,7,6,42,29,0,77,0,0,0,77
12/17/2008,LFT,LA,ASW,CE,Combined TRACON& Tower with Radar,6,44,44,1,95,0,32,5,0,37,6,76,49,1,132,24,0,24,156
12/18/2008,LFT,LA,ASW,CE,Combined TRACON& Tower with Radar,5,37,42,1,85,0,81,12,0,93,5,118,54,1,178,20,0,20,198
12/19/2008,LFT,LA,ASW,CE,Combined TRACON& Tower with Radar,7,57,47,4,115,0,44,18,3,65,7,101,65,7,180,32,0,32,212
12/20/2008,LFT,LA,ASW,CE,Combined TRACON& Tower with Radar,3,45,23,0,71,0,57,2,0,59,3,102,25,0,130,50,0,50,180
12/21/2008,LFT,LA,ASW,CE,Combined TRACON& Tower with Radar,0,56,16,0,72,0,47,10,0,57,0,103,26,0,129,16,0,16,145
12/22/2008,LFT,LA,ASW,CE,Combined TRACON& Tower with Radar,1,51,42,0,94,0,42,32,0,74,1,93,74,0,168,36,0,36,204
12/23/2008,LFT,LA,ASW,CE,Combined TRACON& Tower with Radar,12,119,53,8,192,0,5,13,0,18,12,124,66,8,210,82,0,82,292
12/24/2008,LFT,LA,ASW,CE,Combined TRACON& Tower with Radar,9,44,20,0,73,0,35,3,0,38,9,79,23,0,111,0,0,0,111
12/25/2008,LFT,LA,ASW,CE,Combined TRACON& Tower with Radar,2,32,14,0,48,0,0,4,0,4,2,32,18,0,52,2,0,2,54
12/26/2008,LFT,LA,ASW,CE,Combined TRACON& Tower with Radar,1,55,29,0,85,0,37,13,0,50,1,92,42,0,135,0,0,0,135
12/27/2008,LFT,LA,ASW,CE,Combined TRACON& Tower with Radar,7,44,26,0,77,0,20,7,1,28,7,64,33,1,105,0,0,0,105
12/28/2008,LFT,LA,ASW,CE,Combined TRACON& Tower with Radar,0,41,21,0,62,0,5,1,0,6,0,46,22,0,68,0,0,0,68
12/29/2008,LFT,LA,ASW,CE,Combined TRACON& Tower with Radar,1,51,31,1,84,0,53,54,1,108,1,104,85,2,192,56,0,56,248
12/30/2008,LFT,LA,ASW,CE,Combined TRACON& Tower with Radar,6,45,35,2,88,0,13,55,0,68,6,58,90,2,156,38,0,38,194
12/31/2008,LFT,LA,ASW,CE,Combined TRACON& Tower with Radar,6,50,43,3,102,1,66,35,0,102,7,116,78,3,204,20,0,20,224
01/01/2009,LFT,LA,ASW,CE,Combined TRACON& Tower with Radar,2,36,19,0,57,0,33,16,0,49,2,69,35,0,106,0,0,0,106
01/02/2009,LFT,LA,ASW,CE,Combined TRACON& Tower with Radar,3,45,33,0,81,0,22,16,0,38,3,67,49,0,119,2,4,6,125
01/03/2009,LFT,LA,ASW,CE,Combined TRACON& Tower with Radar,4,40,10,0,54,0,21,1,0,22,4,61,11,0,76,34,0,34,110
01/04/2009,LFT,LA,ASW,CE,Combined TRACON& Tower with Radar,0,52,38,2,92,0,20,16,0,36,0,72,54,2,128,16,4,20,148
01/05/2009,LFT,LA,ASW,CE,Combined TRACON& Tower with Radar,1,61,28,0,90,0,3,2,0,5,1,64,30,0,95,0,0,0,95
01/06/2009,LFT,LA,ASW,CE,Combined TRACON& Tower with Radar,4,53,31,0,88,0,3,2,0,5,4,56,33,0,93,0,0,0,93
01/07/2009,LFT,LA,ASW,CE,Combined TRACON& Tower with Radar,5,57,39,0,101,0,101,77,0,178,5,158,116,0,279,20,0,20,299
01/08/2009,LFT,LA,ASW,CE,Combined TRACON& Tower with Radar,5,55,50,0,110,0,98,88,0,186,5,153,138,0,296,50,0,50,346
01/09/2009,LFT,LA,ASW,CE,Combined TRACON& Tower with Radar,10,55,48,4,117,0,89,35,1,125,10,144,83,5,242,14,0,14,256
01/10/2009,LFT,LA,ASW,CE,Combined TRACON& Tower with Radar,3,62,13,9,87,0,20,6,0,26,3,82,19,9,113,14,14,28,141
01/11/2009,LFT,LA,ASW,CE,Combined TRACON& Tower with Radar,0,57,32,0,89,0,40,41,2,83,0,97,73,2,172,26,0,26,198
01/12/2009,LFT,LA,ASW,CE,Combined TRACON& Tower with Radar,0,57,36,0,93,0,88,45,0,133,0,145,81,0,226,68,0,68,294
01/13/2009,LFT,LA,ASW,CE,Combined TRACON& Tower with Radar,4,49,41,1,95,0,43,37,0,80,4,92,78,1,175,48,0,48,223
01/14/2009,LFT,LA,ASW,CE,Combined TRACON& Tower with Radar,4,50,36,0,90,0,106,65,0,171,4,156,101,0,261,20,0,20,281
01/15/2009,LFT,LA,ASW,CE,Combined TRACON& Tower with Radar,3,82,60,5,150,0,60,38,0,98,3,142,98,5,248,48,0,48,296
01/16/2009,LFT,LA,ASW,CE,Combined TRACON& Tower with Radar,2,34,31,11,78,0,58,50,6,114,2,92,81,17,192,14,6,20,212
01/17/2009,LFT,LA,ASW,CE,Combined TRACON& Tower with Radar,1,34,36,3,74,3,72,43,0,118,4,106,79,3,192,24,4,28,220
01/18/2009,LFT,LA,ASW,CE,Combined TRACON& Tower with Radar,0,55,22,0,77,0,47,24,0,71,0,102,46,0,148,16,0,16,164
01/19/2009,LFT,LA,ASW,CE,Combined TRACON& Tower with Radar,1,51,38,0,90,0,54,35,0,89,1,105,73,0,179,18,0,18,197
01/20/2009,LFT,LA,ASW,CE,Combined TRACON& Tower with Radar,2,69,37,0,108,0,59,43,0,102,2,128,80,0,210,18,4,22,232
01/21/2009,LFT,LA,ASW,CE,Combined TRACON& Tower with Radar,6,59,63,5,133,1,73,71,2,147,7,132,134,7,280,54,0,54,334
01/22/2009,LFT,LA,ASW,CE,Combined TRACON& Tower with Radar,4,66,40,0,110,0,66,75,0,141,4,132,115,0,251,60,0,60,311
01/23/2009,LFT,LA,ASW,CE,Combined TRACON& Tower with Radar,1,47,42,4,94,0,63,33,1,97,1,110,75,5,191,32,4,36,227
01/24/2009,LFT,LA,ASW,CE,Combined TRACON& Tower with Radar,4,38,38,0,80,0,23,8,0,31,4,61,46,0,111,16,0,16,127
01/25/2009,LFT,LA,ASW,CE,Combined TRACON& Tower with Radar,0,49,43,0,92,0,29,11,0,40,0,78,54,0,132,26,0,26,158
01/26/2009,LFT,LA,ASW,CE,Combined TRACON& Tower with Radar,0,53,41,0,94,0,40,28,0,68,0,93,69,0,162,24,0,24,186
01/27/2009,LFT,LA,ASW,CE,Combined TRACON& Tower with Radar,3,36,41,6,86,0,73,24,0,97,3,109,65,6,183,12,0,12,195
01/28/2009,LFT,LA,ASW,CE,Combined TRACON& Tower with Radar,3,57,31,0,91,2,26,3,0,31,5,83,34,0,122,22,0,22,144
01/29/2009,LFT,LA,ASW,CE,Combined TRACON& Tower with Radar,5,69,41,0,115,0,64,61,0,125,5,133,102,0,240,4,0,4,244
01/30/2009,LFT,LA,ASW,CE,Combined TRACON& Tower with Radar,1,62,37,13,113,0,47,51,3,101,1,109,88,16,214,44,2,46,260
01/31/2009,LFT,LA,ASW,CE,Combined TRACON& Tower with Radar,4,68,39,0,111,0,72,85,0,157,4,140,124,0,268,38,0,38,306
02/01/2009,LFT,LA,ASW,CE,Combined TRACON& Tower with Radar,3,48,27,3,81,0,66,27,0,93,3,114,54,3,174,6,0,6,180
02/02/2009,LFT,LA,ASW,CE,Combined TRACON& Tower with Radar,0,55,27,0,82,0,73,30,0,103,0,128,57,0,185,38,0,38,223
02/03/2009,LFT,LA,ASW,CE,Combined TRACON& Tower with Radar,3,56,42,0,101,0,126,53,2,181,3,182,95,2,282,108,6,114,396
02/04/2009,LFT,LA,ASW,CE,Combined TRACON& Tower with Radar,4,44,39,4,91,0,85,57,1,143,4,129,96,5,234,72,0,72,306
02/05/2009,LFT,LA,ASW,CE,Combined TRACON& Tower with Radar,2,56,29,2,89,0,81,44,2,127,2,137,73,4,216,36,2,38,254
02/06/2009,LFT,LA,ASW,CE,Combined TRACON& Tower with Radar,1,57,45,9,112,0,67,48,0,115,1,124,93,9,227,52,8,60,287
02/07/2009,LFT,LA,ASW,CE,Combined TRACON& Tower with Radar,4,43,40,0,87,0,50,53,0,103,4,93,93,0,190,50,0,50,240
02/08/2009,LFT,LA,ASW,CE,Combined TRACON& Tower with Radar,0,50,34,4,88,0,43,23,2,68,0,93,57,6,156,24,2,26,182
02/09/2009,LFT,LA,ASW,CE,Combined TRACON& Tower with Radar,0,55,33,12,100,0,18,57,4,79,0,73,90,16,179,52,2,54,233
02/10/2009,LFT,LA,ASW,CE,Combined TRACON& Tower with Radar,2,46,34,5,87,0,61,17,0,78,2,107,51,5,165,2,2,4,169
02/11/2009,LFT,LA,ASW,CE,Combined TRACON& Tower with Radar,5,54,43,2,104,0,79,40,0,119,5,133,83,2,223,54,2,56,279
02/12/2009,LFT,LA,ASW,CE,Combined TRACON& Tower with Radar,4,83,51,14,152,0,76,67,1,144,4,159,118,15,296,50,2,52,348
02/13/2009,LFT,LA,ASW,CE,Combined TRACON& Tower with Radar,1,60,24,6,91,0,15,17,2,34,1,75,41,8,125,12,0,12,137
02/14/2009,LFT,LA,ASW,CE,Combined TRACON& Tower with Radar,5,56,19,0,80,0,0,0,0,0,5,56,19,0,80,15,5,20,100
02/15/2009,LFT,LA,ASW,CE,Combined TRACON& Tower with Radar,0,51,34,2,87,0,28,13,0,41,0,79,47,2,128,12,0,12,140
02/16/2009,LFT,LA,ASW,CE,Combined TRACON& Tower with Radar,0,69,25,0,94,0,84,39,0,123,0,153,64,0,217,18,0,18,235
02/17/2009,LFT,LA,ASW,CE,Combined TRACON& Tower with Radar,3,61,41,0,105,0,82,31,0,113,3,143,72,0,218,54,0,54,272
02/18/2009,LFT,LA,ASW,CE,Combined TRACON& Tower with Radar,4,52,45,4,105,0,61,4,0,65,4,113,49,4,170,24,0,24,194
02/19/2009,LFT,LA,ASW,CE,Combined TRACON& Tower with Radar,0,73,44,0,117,0,102,79,0,181,0,175,123,0,298,42,2,44,342
02/20/2009,LFT,LA,ASW,CE,Combined TRACON& Tower with Radar,2,60,49,6,117,0,95,48,1,144,2,155,97,7,261,42,4,46,307
02/21/2009,LFT,LA,ASW,CE,Combined TRACON& Tower with Radar,4,38,29,0,71,0,76,38,0,114,4,114,67,0,185,42,0,42,227
02/22/2009,LFT,LA,ASW,CE,Combined TRACON& Tower with Radar,0,44,22,0,66,0,55,18,0,73,0,99,40,0,139,24,0,24,163
02/23/2009,LFT,LA,ASW,CE,Combined TRACON& Tower with Radar,0,50,18,0,68,0,89,38,0,127,0,139,56,0,195,18,0,18,213
02/24/2009,LFT,LA,ASW,CE,Combined TRACON& Tower with Radar,2,48,34,2,86,0,95,31,0,126,2,143,65,2,212,38,0,38,250
02/25/2009,LFT,LA,ASW,CE,Combined TRACON& Tower with Radar,2,57,45,0,104,0,110,30,0,140,2,167,75,0,244,28,0,28,272
02/26/2009,LFT,LA,ASW,CE,Combined TRACON& Tower with Radar,1,62,58,4,125,0,58,25,0,83,1,120,83,4,208,0,0,0,208
02/27/2009,LFT,LA,ASW,CE,Combined TRACON& Tower with Radar,1,64,43,2,110,0,41,18,0,59,1,105,61,2,169,14,2,16,185
02/28/2009,LFT,LA,ASW,CE,Combined TRACON& Tower with Radar,1,40,16,0,57,0,18,2,0,20,1,58,18,0,77,6,0,6,83
03/01/2009,LFT,LA,ASW,CE,Combined TRACON& Tower with Radar,0,40,32,2,74,0,48,21,0,69,0,88,53,2,143,24,2,26,169
03/02/2009,LFT,LA,ASW,CE,Combined TRACON& Tower with Radar,0,70,41,2,113,0,75,64,0,139,0,145,105,2,252,20,0,20,272
03/03/2009,LFT,LA,ASW,CE,Combined TRACON& Tower with Radar,5,49,39,2,95,0,78,73,1,152,5,127,112,3,247,60,8,68,315
03/04/2009,LFT,LA,ASW,CE,Combined TRACON& Tower with Radar,1,57,44,2,104,0,76,41,0,117,1,133,85,2,221,106,0,106,327
03/05/2009,LFT,LA,ASW,CE,Combined TRACON& Tower with Radar,1,59,52,14,126,0,65,28,2,95,1,124,80,16,221,30,4,34,255
03/06/2009,LFT,LA,ASW,CE,Combined TRACON& Tower with Radar,3,67,40,1,111,0,58,55,1,114,3,125,95,2,225,24,0,24,249
03/07/2009,LFT,LA,ASW,CE,Combined TRACON& Tower with Radar,3,56,26,2,87,0,65,35,0,100,3,121,61,2,187,48,0,48,235
03/08/2009,LFT,LA,ASW,CE,Combined TRACON& Tower with Radar,0,49,19,11,79,0,53,31,0,84,0,102,50,11,163,10,10,20,183
03/09/2009,LFT,LA,ASW,CE,Combined TRACON& Tower with Radar,0,68,37,0,105,0,28,31,0,59,0,96,68,0,164,6,0,6,170
03/10/2009,LFT,LA,ASW,CE,Combined TRACON& Tower with Radar,2,72,61,0,135,0,10,101,0,111,2,82,162,0,246,42,0,42,288
03/11/2009,LFT,LA,ASW,CE,Combined TRACON& Tower with Radar,3,59,46,1,109,2,68,27,0,97,5,127,73,1,206,44,8,52,258
03/12/2009,LFT,LA,ASW,CE,Combined TRACON& Tower with Radar,2,73,46,0,121,0,53,23,0,76,2,126,69,0,197,24,0,24,221
03/13/2009,LFT,LA,ASW,CE,Combined TRACON& Tower with Radar,3,51,38,2,94,0,4,0,0,4,3,55,38,2,98,2,0,2,100
03/14/2009,LFT,LA,ASW,CE,Combined TRACON& Tower with Radar,2,38,13,0,53,0,0,1,0,1,2,38,14,0,54,0,0,0,54
03/15/2009,LFT,LA,ASW,CE,Combined TRACON& Tower with Radar,2,52,23,0,77,0,18,3,0,21,2,70,26,0,98,2,0,2,100
03/16/2009,LFT,LA,ASW,CE,Combined TRACON& Tower with Radar,0,57,42,0,99,0,10,5,0,15,0,67,47,0,114,0,0,0,114
03/17/2009,LFT,LA,ASW,CE,Combined TRACON& Tower with Radar,3,49,53,8,113,0,112,62,0,174,3,161,115,8,287,100,0,100,387
03/18/2009,LFT,LA,ASW,CE,Combined TRACON& Tower with Radar,4,61,43,0,108,0,86,86,0,172,4,147,129,0,280,10,8,18,298
03/19/2009,LFT,LA,ASW,CE,Combined TRACON& Tower with Radar,3,80,40,3,126,0,106,61,0,167,3,186,101,3,293,70,4,74,367
03/20/2009,LFT,LA,ASW,CE,Combined TRACON& Tower with Radar,5,67,44,10,126,0,67,57,4,128,5,134,101,14,254,26,8,34,288
03/21/2009,LFT,LA,ASW,CE,Combined TRACON& Tower with Radar,5,44,20,0,69,1,43,32,0,76,6,87,52,0,145,46,0,46,191
03/22/2009,LFT,LA,ASW,CE,Combined TRACON& Tower with Radar,0,45,29,3,77,0,64,26,2,92,0,109,55,5,169,12,0,12,181
03/23/2009,LFT,LA,ASW,CE,Combined TRACON& Tower with Radar,0,48,29,1,78,0,59,26,0,85,0,107,55,1,163,6,0,6,169
03/24/2009,LFT,LA,ASW,CE,Combined TRACON& Tower with Radar,4,44,44,4,96,0,60,21,1,82,4,104,65,5,178,16,0,16,194
03/25/2009,LFT,LA,ASW,CE,Combined TRACON& Tower with Radar,2,56,46,0,104,0,24,17,0,41,2,80,63,0,145,0,0,0,145
03/26/2009,LFT,LA,ASW,CE,Combined TRACON& Tower with Radar,4,49,31,0,84,0,27,10,0,37,4,76,41,0,121,0,0,0,121
03/27/2009,LFT,LA,ASW,CE,Combined TRACON& Tower with Radar,4,48,40,3,95,0,17,7,0,24,4,65,47,3,119,0,0,0,119
03/28/2009,LFT,LA,ASW,CE,Combined TRACON& Tower with Radar,4,37,20,2,63,0,28,15,0,43,4,65,35,2,106,22,0,22,128
03/29/2009,LFT,LA,ASW,CE,Combined TRACON& Tower with Radar,0,63,34,0,97,0,39,44,1,84,0,102,78,1,181,41,0,41,222
03/30/2009,LFT,LA,ASW,CE,Combined TRACON& Tower with Radar,0,61,45,0,106,0,64,41,0,105,0,125,86,0,211,44,0,44,255
03/31/2009,LFT,LA,ASW,CE,Combined TRACON& Tower with Radar,2,46,26,0,74,0,50,6,0,56,2,96,32,0,130,42,0,42,172
04/01/2009,LFT,LA,ASW,CE,Combined TRACON& Tower with Radar,6,46,55,0,107,0,74,52,0,126,6,120,107,0,233,14,0,14,247
04/02/2009,LFT,LA,ASW,CE,Combined TRACON& Tower with Radar,2,60,35,0,97,0,59,23,0,82,2,119,58,0,179,28,0,28,207
04/03/2009,LFT,LA,ASW,CE,Combined TRACON& Tower with Radar,4,64,49,6,123,0,59,76,0,135,4,123,125,6,258,40,0,40,298
04/04/2009,LFT,LA,ASW,CE,Combined TRACON& Tower with Radar,3,53,42,10,108,0,50,73,0,123,3,103,115,10,231,44,12,56,287
04/05/2009,LFT,LA,ASW,CE,Combined TRACON& Tower with Radar,0,44,30,9,83,0,49,8,0,57,0,93,38,9,140,16,4,20,160
04/06/2009,LFT,LA,ASW,CE,Combined TRACON& Tower with Radar,0,51,27,5,83,0,38,33,0,71,0,89,60,5,154,14,4,18,172
04/07/2009,LFT,LA,ASW,CE,Combined TRACON& Tower with Radar,2,53,62,2,119,0,85,58,2,145,2,138,120,4,264,65,0,65,329
04/08/2009,LFT,LA,ASW,CE,Combined TRACON& Tower with Radar,3,55,59,0,117,0,78,64,0,142,3,133,123,0,259,70,6,76,335
04/09/2009,LFT,LA,ASW,CE,Combined TRACON& Tower with Radar,3,48,59,0,110,0,62,30,0,92,3,110,89,0,202,10,0,10,212
04/10/2009,LFT,LA,ASW,CE,Combined TRACON& Tower with Radar,2,42,52,0,96,1,29,24,0,54,3,71,76,0,150,10,0,10,160
04/11/2009,LFT,LA,ASW,CE,Combined TRACON& Tower with Radar,3,38,21,4,66,0,44,40,3,87,3,82,61,7,153,32,0,32,185
04/12/2009,LFT,LA,ASW,CE,Combined TRACON& Tower with Radar,0,43,13,0,56,0,6,3,0,9,0,49,16,0,65,0,0,0,65
04/13/2009,LFT,LA,ASW,CE,Combined TRACON& Tower with Radar,0,46,57,5,108,0,17,24,0,41,0,63,81,5,149,14,0,14,163
04/14/2009,LFT,LA,ASW,CE,Combined TRACON& Tower with Radar,3,68,35,0,106,0,89,90,0,179,3,157,125,0,285,36,0,36,321
04/15/2009,LFT,LA,ASW,CE,Combined TRACON& Tower with Radar,5,52,47,11,115,0,77,81,0,158,5,129,128,11,273,36,0,36,309
04/16/2009,LFT,LA,ASW,CE,Combined TRACON& Tower with Radar,2,51,45,0,98,0,69,50,0,119,2,120,95,0,217,26,0,26,243
04/17/2009,LFT,LA,ASW,CE,Combined TRACON& Tower with Radar,6,46,51,4,107,1,37,17,1,56,7,83,68,5,163,16,18,34,197
04/18/2009,LFT,LA,ASW,CE,Combined TRACON& Tower with Radar,6,41,21,0,68,0,14,4,0,18,6,55,25,0,86,2,2,4,90
04/19/2009,LFT,LA,ASW,CE,Combined TRACON& Tower with Radar,0,58,44,0,102,0,32,18,0,50,0,90,62,0,152,24,0,24,176
04/20/2009,LFT,LA,ASW,CE,Combined TRACON& Tower with Radar,0,53,19,4,76,0,69,51,1,121,0,122,70,5,197,34,2,36,233
04/21/2009,LFT,LA,ASW,CE,Combined TRACON& Tower with Radar,4,49,32,8,93,0,76,50,0,126,4,125,82,8,219,48,0,48,267
04/22/2009,LFT,LA,ASW,CE,Combined TRACON& Tower with Radar,1,58,82,4,145,0,58,87,0,145,1,116,169,4,290,24,4,28,318
04/23/2009,LFT,LA,ASW,CE,Combined TRACON& Tower with Radar,0,68,56,0,124,0,65,42,0,107,0,133,98,0,231,32,0,32,263
04/24/2009,LFT,LA,ASW,CE,Combined TRACON& Tower with Radar,1,43,47,6,97,0,58,31,0,89,1,101,78,6,186,20,4,24,210
04/25/2009,LFT,LA,ASW,CE,Combined TRACON& Tower with Radar,4,43,44,0,91,0,45,35,0,80,4,88,79,0,171,22,0,22,193
04/26/2009,LFT,LA,ASW,CE,Combined TRACON& Tower with Radar,0,46,24,3,73,0,37,31,0,68,0,83,55,3,141,6,4,10,151
04/27/2009,LFT,LA,ASW,CE,Combined TRACON& Tower with Radar,7,58,32,0,97,0,36,18,0,54,7,94,50,0,151,4,0,4,155
04/28/2009,LFT,LA,ASW,CE,Combined TRACON& Tower with Radar,6,49,31,4,90,0,65,33,0,98,6,114,64,4,188,14,6,20,208
04/29/2009,LFT,LA,ASW,CE,Combined TRACON& Tower with Radar,1,69,57,9,136,0,49,21,0,70,1,118,78,9,206,42,14,56,262
04/30/2009,LFT,LA,ASW,CE,Combined TRACON& Tower with Radar,5,64,48,1,118,0,55,35,0,90,5,119,83,1,208,42,0,42,250
05/01/2009,LFT,LA,ASW,CE,Combined TRACON& Tower with Radar,3,50,37,2,92,0,45,38,0,83,3,95,75,2,175,10,0,10,185
05/02/2009,LFT,LA,ASW,CE,Combined TRACON& Tower with Radar,4,43,25,5,77,0,41,25,3,69,4,84,50,8,146,40,2,42,188
05/03/2009,LFT,LA,ASW,CE,Combined TRACON& Tower with Radar,0,43,48,0,91,0,30,11,0,41,0,73,59,0,132,34,2,36,168
05/04/2009,LFT,LA,ASW,CE,Combined TRACON& Tower with Radar,0,45,45,1,91,0,29,21,0,50,0,74,66,1,141,22,4,26,167
05/05/2009,LFT,LA,ASW,CE,Combined TRACON& Tower with Radar,3,58,44,12,117,2,71,36,1,110,5,129,80,13,227,20,12,32,259
05/06/2009,LFT,LA,ASW,CE,Combined TRACON& Tower with Radar,3,48,49,5,105,0,81,36,0,117,3,129,85,5,222,64,0,64,286
05/07/2009,LFT,LA,ASW,CE,Combined TRACON& Tower with Radar,6,72,52,3,133,0,72,33,1,106,6,144,85,4,239,34,4,38,277
05/08/2009,LFT,LA,ASW,CE,Combined TRACON& Tower with Radar,1,56,42,0,99,0,58,43,1,102,1,114,85,1,201,40,0,40,241
05/09/2009,LFT,LA,ASW,CE,Combined TRACON& Tower with Radar,5,41,15,0,61,0,53,43,0,96,5,94,58,0,157,26,4,30,187
05/10/2009,LFT,LA,ASW,CE,Combined TRACON& Tower with Radar,0,59,25,7,91,0,40,26,0,66,0,99,51,7,157,34,4,38,195
05/11/2009,LFT,LA,ASW,CE,Combined TRACON& Tower with Radar,0,55,34,0,89,0,38,37,0,75,0,93,71,0,164,18,0,18,182
05/12/2009,LFT,LA,ASW,CE,Combined TRACON& Tower with Radar,2,57,51,0,110,0,60,45,0,105,2,117,96,0,215,22,0,22,237
05/13/2009,LFT,LA,ASW,CE,Combined TRACON& Tower with Radar,5,53,48,0,106,0,80,43,1,124,5,133,91,1,230,84,0,84,314
05/14/2009,LFT,LA,ASW,CE,Combined TRACON& Tower with Radar,2,60,55,2,119,0,79,28,1,108,2,139,83,3,227,16,0,16,243
05/15/2009,LFT,LA,ASW,CE,Combined TRACON& Tower with Radar,3,50,47,1,101,0,14,99,1,114,3,64,146,2,215,62,0,62,277
05/16/2009,LFT,LA,ASW,CE,Combined TRACON& Tower with Radar,4,37,15,0,56,1,52,22,0,75,5,89,37,0,131,12,0,12,143
05/17/2009,LFT,LA,ASW,CE,Combined TRACON& Tower with Radar,0,65,17,0,82,0,17,5,0,22,0,82,22,0,104,14,0,14,118
05/18/2009,LFT,LA,ASW,CE,Combined TRACON& Tower with Radar,1,62,33,4,100,0,66,67,0,133,1,128,100,4,233,52,4,56,289
05/19/2009,LFT,LA,ASW,CE,Combined TRACON& Tower with Radar,4,46,59,21,130,0,97,64,2,163,4,143,123,23,293,34,6,40,333
05/20/2009,LFT,LA,ASW,CE,Combined TRACON& Tower with Radar,3,53,74,6,136,0,89,82,1,172,3,142,156,7,308,22,0,22,330
05/21/2009,LFT,LA,ASW,CE,Combined TRACON& Tower with Radar,2,57,51,9,119,0,75,56,0,131,2,132,107,9,250,12,4,16,266
05/22/2009,LFT,LA,ASW,CE,Combined TRACON& Tower with Radar,1,55,33,0,89,0,71,26,0,97,1,126,59,0,186,4,0,4,190
05/23/2009,LFT,LA,ASW,CE,Combined TRACON& Tower with Radar,3,47,9,0,59,0,24,9,0,33,3,71,18,0,92,22,0,22,114
05/24/2009,LFT,LA,ASW,CE,Combined TRACON& Tower with Radar,0,43,12,0,55,0,41,13,0,54,0,84,25,0,109,4,0,4,113
05/25/2009,LFT,LA,ASW,CE,Combined TRACON& Tower with Radar,0,54,39,0,93,0,40,24,0,64,0,94,63,0,157,18,0,18,175
05/26/2009,LFT,LA,ASW,CE,Combined TRACON& Tower with Radar,0,60,38,2,100,0,58,20,0,78,0,118,58,2,178,22,0,22,200
05/27/2009,LFT,LA,ASW,CE,Combined TRACON& Tower with Radar,4,55,44,8,111,0,67,38,0,105,4,122,82,8,216,54,0,54,270
05/28/2009,LFT,LA,ASW,CE,Combined TRACON& Tower with Radar,2,66,38,1,107,0,49,45,0,94,2,115,83,1,201,34,0,34,235
05/29/2009,LFT,LA,ASW,CE,Combined TRACON& Tower with Radar,4,50,34,6,94,0,49,50,1,100,4,99,84,7,194,8,0,8,202
05/30/2009,LFT,LA,ASW,CE,Combined TRACON& Tower with Radar,3,36,26,0,65,0,32,38,0,70,3,68,64,0,135,42,0,42,177
05/31/2009,LFT,LA,ASW,CE,Combined TRACON& Tower with Radar,0,40,36,0,76,0,49,45,0,94,0,89,81,0,170,32,0,32,202
06/01/2009,LFT,LA,ASW,CE,Combined TRACON& Tower with Radar,0,55,33,0,88,0,67,54,0,121,0,122,87,0,209,32,0,32,241
06/02/2009,LFT,LA,ASW,CE,Combined TRACON& Tower with Radar,5,56,57,0,118,0,56,43,0,99,5,112,100,0,217,60,2,62,279
06/03/2009,LFT,LA,ASW,CE,Combined TRACON& Tower with Radar,3,51,46,0,100,0,52,58,0,110,3,103,104,0,210,40,0,40,250
06/04/2009,LFT,LA,ASW,CE,Combined TRACON& Tower with Radar,5,59,59,7,130,0,64,41,0,105,5,123,100,7,235,36,6,42,277
06/05/2009,LFT,LA,ASW,CE,Combined TRACON& Tower with Radar,3,55,50,0,108,0,57,58,0,115,3,112,108,0,223,98,2,100,323
06/06/2009,LFT,LA,ASW,CE,Combined TRACON& Tower with Radar,2,57,24,9,92,0,51,56,0,107,2,108,80,9,199,60,6,66,265
06/07/2009,LFT,LA,ASW,CE,Combined TRACON& Tower with Radar,0,71,23,8,102,0,43,63,14,120,0,114,86,22,222,50,2,52,274
06/08/2009,LFT,LA,ASW,CE,Combined TRACON& Tower with Radar,0,64,42,0,106,0,69,56,1,126,0,133,98,1,232,60,0,60,292
06/09/2009,LFT,LA,ASW,CE,Combined TRACON& Tower with Radar,3,50,40,0,93,0,59,50,0,109,3,109,90,0,202,0,49,49,251
06/10/2009,LFT,LA,ASW,CE,Combined TRACON& Tower with Radar,3,39,59,3,104,0,68,54,0,122,3,107,113,3,226,52,0,52,278
06/11/2009,LFT,LA,ASW,CE,Combined TRACON& Tower with Radar,1,37,48,6,92,0,51,55,0,106,1,88,103,6,198,54,4,58,256
06/12/2009,LFT,LA,ASW,CE,Combined TRACON& Tower with Radar,2,43,31,0,76,0,43,54,0,97,2,86,85,0,173,28,0,28,201
06/13/2009,LFT,LA,ASW,CE,Combined TRACON& Tower with Radar,2,41,25,4,72,0,50,53,0,103,2,91,78,4,175,22,2,24,199
06/14/2009,LFT,LA,ASW,CE,Combined TRACON& Tower with Radar,0,43,33,3,79,0,44,34,0,78,0,87,67,3,157,22,4,26,183
06/15/2009,LFT,LA,ASW,CE,Combined TRACON& Tower with Radar,0,43,33,0,76,0,13,104,0,117,0,56,137,0,193,83,0,83,276
06/16/2009,LFT,LA,ASW,CE,Combined TRACON& Tower with Radar,3,54,31,0,88,0,65,70,1,136,3,119,101,1,224,960,0,960,1184
06/17/2009,LFT,LA,ASW,CE,Combined TRACON& Tower with Radar,4,61,71,2,138,0,39,59,0,98,4,100,130,2,236,84,0,84,320
06/18/2009,LFT,LA,ASW,CE,Combined TRACON& Tower with Radar,1,54,41,5,101,0,53,63,0,116,1,107,104,5,217,98,0,98,315
06/19/2009,LFT,LA,ASW,CE,Combined TRACON& Tower with Radar,4,56,31,0,91,0,37,52,1,90,4,93,83,1,181,48,0,48,229
06/20/2009,LFT,LA,ASW,CE,Combined TRACON& Tower with Radar,4,31,25,0,60,0,55,33,0,88,4,86,58,0,148,14,0,14,162
06/21/2009,LFT,LA,ASW,CE,Combined TRACON& Tower with Radar,0,35,31,0,66,0,44,42,2,88,0,79,73,2,154,10,0,10,164
06/22/2009,LFT,LA,ASW,CE,Combined TRACON& Tower with Radar,0,42,31,1,74,0,65,60,1,126,0,107,91,2,200,46,0,46,246
06/23/2009,LFT,LA,ASW,CE,Combined TRACON& Tower with Radar,3,55,34,0,92,0,60,50,0,110,3,115,84,0,202,34,0,34,236
06/24/2009,LFT,LA,ASW,CE,Combined TRACON& Tower with Radar,0,55,41,2,98,1,56,50,0,107,1,111,91,2,205,46,0,46,251
06/25/2009,LFT,LA,ASW,CE,Combined TRACON& Tower with Radar,1,60,39,2,102,0,59,49,0,108,1,119,88,2,210,26,0,26,236
06/26/2009,LFT,LA,ASW,CE,Combined TRACON& Tower with Radar,4,57,37,7,105,0,60,43,0,103,4,117,80,7,208,56,0,56,264
06/27/2009,LFT,LA,ASW,CE,Combined TRACON& Tower with Radar,4,42,25,0,71,0,32,30,0,62,4,74,55,0,133,8,0,8,141
06/28/2009,LFT,LA,ASW,CE,Combined TRACON& Tower with Radar,0,44,38,2,84,0,51,34,0,85,0,95,72,2,169,16,0,16,185
06/29/2009,LFT,LA,ASW,CE,Combined TRACON& Tower with Radar,1,49,34,0,84,0,50,54,0,104,1,99,88,0,188,10,0,10,198
06/30/2009,LFT,LA,ASW,CE,Combined TRACON& Tower with Radar,5,66,51,0,122,128,48,1,0,177,133,114,52,0,299,50,0,50,349
07/01/2009,LFT,LA,ASW,CE,Combined TRACON& Tower with Radar,3,48,37,2,90,0,75,57,1,133,3,123,94,3,223,33,3,36,259
07/02/2009,LFT,LA,ASW,CE,Combined TRACON& Tower with Radar,1,46,39,0,86,0,64,47,0,111,1,110,86,0,197,18,0,18,215
07/03/2009,LFT,LA,ASW,CE,Combined TRACON& Tower with Radar,1,36,22,0,59,0,27,45,0,72,1,63,67,0,131,70,0,70,201
07/04/2009,LFT,LA,ASW,CE,Combined TRACON& Tower with Radar,0,27,6,0,33,0,20,28,0,48,0,47,34,0,81,0,0,0,81
07/05/2009,LFT,LA,ASW,CE,Combined TRACON& Tower with Radar,0,51,35,2,88,0,46,25,0,71,0,97,60,2,159,20,0,20,179
07/06/2009,LFT,LA,ASW,CE,Combined TRACON& Tower with Radar,4,53,42,0,99,0,95,34,0,129,4,148,76,0,228,74,0,74,302
07/07/2009,LFT,LA,ASW,CE,Combined TRACON& Tower with Radar,4,42,25,0,71,0,44,18,0,62,4,86,43,0,133,36,0,36,169
07/08/2009,LFT,LA,ASW,CE,Combined TRACON& Tower with Radar,2,53,38,0,93,0,32,39,0,71,2,85,77,0,164,40,0,40,204
07/09/2009,LFT,LA,ASW,CE,Combined TRACON& Tower with Radar,2,56,38,2,98,0,56,45,0,101,2,112,83,2,199,60,0,60,259
07/10/2009,LFT,LA,ASW,CE,Combined TRACON& Tower with Radar,1,54,43,5,103,0,108,46,0,154,1,162,89,5,257,122,0,122,379
07/11/2009,LFT,LA,ASW,CE,Combined TRACON& Tower with Radar,1,47,26,0,74,0,66,29,0,95,1,113,55,0,169,90,0,90,259
07/12/2009,LFT,LA,ASW,CE,Combined TRACON& Tower with Radar,0,47,30,0,77,0,23,19,0,42,0,70,49,0,119,18,0,18,137
07/13/2009,LFT,LA,ASW,CE,Combined TRACON& Tower with Radar,1,45,32,8,86,0,41,41,0,82,1,86,73,8,168,50,0,50,218
07/14/2009,LFT,LA,ASW,CE,Combined TRACON& Tower with Radar,2,41,51,3,97,0,73,41,5,119,2,114,92,8,216,38,12,50,266
07/15/2009,LFT,LA,ASW,CE,Combined TRACON& Tower with Radar,2,44,36,0,82,0,79,37,0,116,2,123,73,0,198,56,0,56,254
07/16/2009,LFT,LA,ASW,CE,Combined TRACON& Tower with Radar,1,41,42,0,84,0,41,51,0,92,1,82,93,0,176,62,0,62,238
07/17/2009,LFT,LA,ASW,CE,Combined TRACON& Tower with Radar,2,44,31,0,77,0,31,31,0,62,2,75,62,0,139,32,0,32,171
07/18/2009,LFT,LA,ASW,CE,Combined TRACON& Tower with Radar,2,35,28,6,71,0,40,26,0,66,2,75,54,6,137,46,0,46,183
07/19/2009,LFT,LA,ASW,CE,Combined TRACON& Tower with Radar,0,42,40,0,82,0,48,50,0,98,0,90,90,0,180,44,0,44,224
07/20/2009,LFT,LA,ASW,CE,Combined TRACON& Tower with Radar,1,51,52,0,104,0,63,51,0,114,1,114,103,0,218,34,0,34,252
07/21/2009,LFT,LA,ASW,CE,Combined TRACON& Tower with Radar,2,44,42,2,90,0,49,29,0,78,2,93,71,2,168,62,0,62,230
07/22/2009,LFT,LA,ASW,CE,Combined TRACON& Tower with Radar,3,49,51,0,103,0,57,22,0,79,3,106,73,0,182,48,0,48,230
07/23/2009,LFT,LA,ASW,CE,Combined TRACON& Tower with Radar,1,55,36,0,92,0,44,30,0,74,1,99,66,0,166,73,0,73,239
07/24/2009,LFT,LA,ASW,CE,Combined TRACON& Tower with Radar,1,45,45,3,94,0,52,49,0,101,1,97,94,3,195,100,0,100,295
07/25/2009,LFT,LA,ASW,CE,Combined TRACON& Tower with Radar,2,33,23,0,58,0,31,48,0,79,2,64,71,0,137,40,6,46,183
07/26/2009,LFT,LA,ASW,CE,Combined TRACON& Tower with Radar,0,42,33,0,75,0,57,19,0,76,0,99,52,0,151,63,0,63,214
07/27/2009,LFT,LA,ASW,CE,Combined TRACON& Tower with Radar,1,38,29,0,68,0,34,30,1,65,1,72,59,1,133,16,7,23,156
07/28/2009,LFT,LA,ASW,CE,Combined TRACON& Tower with Radar,3,39,26,0,68,0,65,36,0,101,3,104,62,0,169,55,0,55,224
07/29/2009,LFT,LA,ASW,CE,Combined TRACON& Tower with Radar,3,43,43,1,90,0,73,33,0,106,3,116,76,1,196,48,1,49,245
07/30/2009,LFT,LA,ASW,CE,Combined TRACON& Tower with Radar,2,45,27,2,76,0,74,38,0,112,2,119,65,2,188,60,0,60,248
07/31/2009,LFT,LA,ASW,CE,Combined TRACON& Tower with Radar,5,40,44,4,93,0,42,22,0,64,5,82,66,4,157,38,4,42,199
08/01/2009,LFT,LA,ASW,CE,Combined TRACON& Tower with Radar,1,30,20,2,53,0,40,16,0,56,1,70,36,2,109,8,0,8,117
08/02/2009,LFT,LA,ASW,CE,Combined TRACON& Tower with Radar,0,46,27,0,73,0,35,19,2,56,0,81,46,2,129,33,0,33,162
08/03/2009,LFT,LA,ASW,CE,Combined TRACON& Tower with Radar,1,42,39,0,82,0,41,42,0,83,1,83,81,0,165,8,0,8,173
08/04/2009,LFT,LA,ASW,CE,Combined TRACON& Tower with Radar,1,51,42,2,96,0,53,29,0,82,1,104,71,2,178,30,6,36,214
08/05/2009,LFT,LA,ASW,CE,Combined TRACON& Tower with Radar,3,52,45,2,102,0,60,62,0,122,3,112,107,2,224,69,0,69,293
08/06/2009,LFT,LA,ASW,CE,Combined TRACON& Tower with Radar,2,47,53,2,104,0,53,46,1,100,2,100,99,3,204,58,0,58,262
08/07/2009,LFT,LA,ASW,CE,Combined TRACON& Tower with Radar,1,48,41,0,90,0,63,46,0,109,1,111,87,0,199,88,0,88,287
08/08/2009,LFT,LA,ASW,CE,Combined TRACON& Tower with Radar,2,37,27,0,66,0,66,33,0,99,2,103,60,0,165,86,0,86,251
08/09/2009,LFT,LA,ASW,CE,Combined TRACON& Tower with Radar,0,41,25,0,66,0,10,14,0,24,0,51,39,0,90,5,0,5,95
08/10/2009,LFT,LA,ASW,CE,Combined TRACON& Tower with Radar,1,42,29,1,73,0,54,24,0,78,1,96,53,1,151,9,2,11,162
08/11/2009,LFT,LA,ASW,CE,Combined TRACON& Tower with Radar,3,40,50,5,98,0,53,48,0,101,3,93,98,5,199,9,2,11,210
08/12/2009,LFT,LA,ASW,CE,Combined TRACON& Tower with Radar,1,50,44,5,100,0,57,55,0,112,1,107,99,5,212,54,4,58,270
08/13/2009,LFT,LA,ASW,CE,Combined TRACON& Tower with Radar,2,43,51,2,98,0,74,62,0,136,2,117,113,2,234,70,0,70,304
08/14/2009,LFT,LA,ASW,CE,Combined TRACON& Tower with Radar,2,46,26,6,80,0,73,49,0,122,2,119,75,6,202,52,0,52,254
08/15/2009,LFT,LA,ASW,CE,Combined TRACON& Tower with Radar,1,36,21,0,58,0,15,38,0,53,1,51,59,0,111,24,0,24,135
08/16/2009,LFT,LA,ASW,CE,Combined TRACON& Tower with Radar,0,42,36,8,86,0,28,26,0,54,0,70,62,8,140,34,0,34,174
08/17/2009,LFT,LA,ASW,CE,Combined TRACON& Tower with Radar,1,47,37,0,85,0,61,21,0,82,1,108,58,0,167,42,0,42,209
08/18/2009,LFT,LA,ASW,CE,Combined TRACON& Tower with Radar,2,50,39,0,91,0,55,25,0,80,2,105,64,0,171,10,0,10,181
08/19/2009,LFT,LA,ASW,CE,Combined TRACON& Tower with Radar,3,43,54,0,100,0,64,29,1,94,3,107,83,1,194,36,0,36,230
08/20/2009,LFT,LA,ASW,CE,Combined TRACON& Tower with Radar,2,43,37,0,82,0,44,33,0,77,2,87,70,0,159,26,0,26,185
08/21/2009,LFT,LA,ASW,CE,Combined TRACON& Tower with Radar,5,43,33,0,81,0,69,27,0,96,5,112,60,0,177,82,0,82,259
08/22/2009,LFT,LA,ASW,CE,Combined TRACON& Tower with Radar,1,28,27,0,56,0,30,34,0,64,1,58,61,0,120,70,0,70,190
08/23/2009,LFT,LA,ASW,CE,Combined TRACON& Tower with Radar,0,45,34,1,80,0,61,53,0,114,0,106,87,1,194,46,0,46,240
08/24/2009,LFT,LA,ASW,CE,Combined TRACON& Tower with Radar,1,47,25,1,74,0,59,67,1,127,1,106,92,2,201,32,0,32,233
08/25/2009,LFT,LA,ASW,CE,Combined TRACON& Tower with Radar,1,46,41,2,90,0,103,62,0,165,1,149,103,2,255,90,0,90,345
08/26/2009,LFT,LA,ASW,CE,Combined TRACON& Tower with Radar,2,43,49,2,96,0,84,45,0,129,2,127,94,2,225,76,2,78,303
08/27/2009,LFT,LA,ASW,CE,Combined TRACON& Tower with Radar,2,42,45,0,89,0,64,57,0,121,2,106,102,0,210,94,0,94,304
08/28/2009,LFT,LA,ASW,CE,Combined TRACON& Tower with Radar,2,47,31,0,80,0,46,27,0,73,2,93,58,0,153,30,0,30,183
08/29/2009,LFT,LA,ASW,CE,Combined TRACON& Tower with Radar,1,27,8,0,36,0,30,24,0,54,1,57,32,0,90,20,0,20,110
08/30/2009,LFT,LA,ASW,CE,Combined TRACON& Tower with Radar,0,42,16,0,58,0,50,21,0,71,0,92,37,0,129,30,0,30,159
08/31/2009,LFT,LA,ASW,CE,Combined TRACON& Tower with Radar,1,47,43,0,91,0,42,57,3,102,1,89,100,3,193,34,0,34,227
09/01/2009,LFT,LA,ASW,CE,Combined TRACON& Tower with Radar,2,44,34,0,80,0,66,52,4,122,2,110,86,4,202,43,0,43,245
09/02/2009,LFT,LA,ASW,CE,Combined TRACON& Tower with Radar,1,41,38,2,82,0,81,62,6,149,1,122,100,8,231,52,0,52,283
09/03/2009,LFT,LA,ASW,CE,Combined TRACON& Tower with Radar,1,41,47,2,91,0,49,42,1,92,1,90,89,3,183,25,2,27,210
09/04/2009,LFT,LA,ASW,CE,Combined TRACON& Tower with Radar,2,53,30,0,85,0,35,37,4,76,2,88,67,4,161,48,0,48,209
09/05/2009,LFT,LA,ASW,CE,Combined TRACON& Tower with Radar,1,28,12,0,41,0,24,21,0,45,1,52,33,0,86,13,0,13,99
09/06/2009,LFT,LA,ASW,CE,Combined TRACON& Tower with Radar,0,30,19,0,49,0,34,11,0,45,0,64,30,0,94,50,0,50,144
09/07/2009,LFT,LA,ASW,CE,Combined TRACON& Tower with Radar,0,48,35,0,83,0,32,24,0,56,0,80,59,0,139,28,0,28,167
09/08/2009,LFT,LA,ASW,CE,Combined TRACON& Tower with Radar,1,47,27,0,75,0,62,25,0,87,1,109,52,0,162,54,0,54,216
09/09/2009,LFT,LA,ASW,CE,Combined TRACON& Tower with Radar,2,39,53,2,96,0,77,25,1,103,2,116,78,3,199,83,2,85,284
09/10/2009,LFT,LA,ASW,CE,Combined TRACON& Tower with Radar,5,43,40,0,88,0,36,15,0,51,5,79,55,0,139,84,0,84,223
09/11/2009,LFT,LA,ASW,CE,Combined TRACON& Tower with Radar,3,47,35,0,85,0,9,2,0,11,3,56,37,0,96,4,0,4,100
09/12/2009,LFT,LA,ASW,CE,Combined TRACON& Tower with Radar,1,39,8,0,48,0,22,0,0,22,1,61,8,0,70,0,0,0,70
09/13/2009,LFT,LA,ASW,CE,Combined TRACON& Tower with Radar,0,39,17,0,56,0,8,0,0,8,0,47,17,0,64,3,0,3,67
09/14/2009,LFT,LA,ASW,CE,Combined TRACON& Tower with Radar,1,42,36,0,79,0,62,29,0,91,1,104,65,0,170,44,0,44,214
09/15/2009,LFT,LA,ASW,CE,Combined TRACON& Tower with Radar,2,49,53,0,104,0,62,27,1,90,2,111,80,1,194,67,2,69,263
09/16/2009,LFT,LA,ASW,CE,Combined TRACON& Tower with Radar,3,59,67,2,131,0,28,36,0,64,3,87,103,2,195,14,0,14,209
09/17/2009,LFT,LA,ASW,CE,Combined TRACON& Tower with Radar,2,50,73,2,127,0,45,57,0,102,2,95,130,2,229,42,0,42,271
09/18/2009,LFT,LA,ASW,CE,Combined TRACON& Tower with Radar,2,58,50,6,116,0,46,37,0,83,2,104,87,6,199,8,0,8,207
09/19/2009,LFT,LA,ASW,CE,Combined TRACON& Tower with Radar,2,40,24,0,66,0,40,33,0,73,2,80,57,0,139,36,0,36,175
09/20/2009,LFT,LA,ASW,CE,Combined TRACON& Tower with Radar,0,38,25,0,63,0,28,9,0,37,0,66,34,0,100,14,0,14,114
09/21/2009,LFT,LA,ASW,CE,Combined TRACON& Tower with Radar,1,46,44,0,91,0,45,33,0,78,1,91,77,0,169,36,0,36,205
09/22/2009,LFT,LA,ASW,CE,Combined TRACON& Tower with Radar,6,43,34,4,87,0,22,14,0,36,6,65,48,4,123,16,0,16,139
09/23/2009,LFT,LA,ASW,CE,Combined TRACON& Tower with Radar,2,51,43,0,96,0,23,17,1,41,2,74,60,1,137,30,0,30,167
09/24/2009,LFT,LA,ASW,CE,Combined TRACON& Tower with Radar,3,60,43,2,108,0,45,20,0,65,3,105,63,2,173,54,0,54,227
09/25/2009,LFT,LA,ASW,CE,Combined TRACON& Tower with Radar,5,58,31,2,96,0,13,14,0,27,5,71,45,2,123,12,0,12,135
09/26/2009,LFT,LA,ASW,CE,Combined TRACON& Tower with Radar,2,40,19,0,61,0,13,11,0,24,2,53,30,0,85,14,0,14,99
09/27/2009,LFT,LA,ASW,CE,Combined TRACON& Tower with Radar,0,45,33,0,78,0,29,51,0,80,0,74,84,0,158,30,0,30,188
09/28/2009,LFT,LA,ASW,CE,Combined TRACON& Tower with Radar,7,53,34,0,94,0,68,31,0,99,7,121,65,0,193,35,0,35,228
09/29/2009,LFT,LA,ASW,CE,Combined TRACON& Tower with Radar,2,45,40,0,87,0,63,60,1,124,2,108,100,1,211,20,0,20,231
09/30/2009,LFT,LA,ASW,CE,Combined TRACON& Tower with Radar,2,45,39,6,92,0,30,72,0,102,2,75,111,6,194,38,6,44,238
10/01/2009,LFT,LA,ASW,CE,Combined TRACON& Tower with Radar,1,41,43,2,87,0,60,39,0,99,1,101,82,2,186,48,0,48,234
10/02/2009,LFT,LA,ASW,CE,Combined TRACON& Tower with Radar,3,46,31,4,84,0,52,27,0,79,3,98,58,4,163,58,0,58,221
10/03/2009,LFT,LA,ASW,CE,Combined TRACON& Tower with Radar,1,36,23,0,60,0,36,35,0,71,1,72,58,0,131,30,0,30,161
10/04/2009,LFT,LA,ASW,CE,Combined TRACON& Tower with Radar,0,46,26,0,72,2,11,4,1,18,2,57,30,1,90,16,0,16,106
10/05/2009,LFT,LA,ASW,CE,Combined TRACON& Tower with Radar,1,47,39,2,89,0,13,15,0,28,1,60,54,2,117,4,0,4,121
10/06/2009,LFT,LA,ASW,CE,Combined TRACON& Tower with Radar,5,59,54,3,121,0,51,22,0,73,5,110,76,3,194,86,0,86,280
10/07/2009,LFT,LA,ASW,CE,Combined TRACON& Tower with Radar,3,39,47,0,89,0,82,36,0,118,3,121,83,0,207,56,0,56,263
10/08/2009,LFT,LA,ASW,CE,Combined TRACON& Tower with Radar,1,46,43,3,93,0,61,17,0,78,1,107,60,3,171,55,6,61,232
10/09/2009,LFT,LA,ASW,CE,Combined TRACON& Tower with Radar,7,41,28,2,78,0,39,26,0,65,7,80,54,2,143,84,0,84,227
10/10/2009,LFT,LA,ASW,CE,Combined TRACON& Tower with Radar,4,38,17,0,59,0,3,0,1,4,4,41,17,1,63,0,0,0,63
10/11/2009,LFT,LA,ASW,CE,Combined TRACON& Tower with Radar,0,47,26,0,73,0,0,0,0,0,0,47,26,0,73,0,0,0,73
10/12/2009,LFT,LA,ASW,CE,Combined TRACON& Tower with Radar,1,46,30,0,77,0,20,12,0,32,1,66,42,0,109,20,0,20,129
10/13/2009,LFT,LA,ASW,CE,Combined TRACON& Tower with Radar,1,48,33,8,90,0,46,26,0,72,1,94,59,8,162,31,0,31,193
10/14/2009,LFT,LA,ASW,CE,Combined TRACON& Tower with Radar,3,61,33,0,97,0,35,29,0,64,3,96,62,0,161,54,0,54,215
10/15/2009,LFT,LA,ASW,CE,Combined TRACON& Tower with Radar,2,47,41,0,90,0,47,30,0,77,2,94,71,0,167,84,0,84,251
10/16/2009,LFT,LA,ASW,CE,Combined TRACON& Tower with Radar,5,47,43,0,95,0,44,28,1,73,5,91,71,1,168,60,0,60,228
10/17/2009,LFT,LA,ASW,CE,Combined TRACON& Tower with Radar,4,27,11,0,42,0,40,44,0,84,4,67,55,0,126,30,0,30,156
10/18/2009,LFT,LA,ASW,CE,Combined TRACON& Tower with Radar,0,47,20,0,67,0,25,54,0,79,0,72,74,0,146,60,0,60,206
10/19/2009,LFT,LA,ASW,CE,Combined TRACON& Tower with Radar,1,43,33,2,79,0,40,72,0,112,1,83,105,2,191,54,8,62,253
10/20/2009,LFT,LA,ASW,CE,Combined TRACON& Tower with Radar,3,44,38,0,85,0,53,50,0,103,3,97,88,0,188,84,0,84,272
10/21/2009,LFT,LA,ASW,CE,Combined TRACON& Tower with Radar,2,43,45,2,92,0,48,36,3,87,2,91,81,5,179,48,0,48,227
10/22/2009,LFT,LA,ASW,CE,Combined TRACON& Tower with Radar,2,47,29,1,79,0,15,2,1,18,2,62,31,2,97,11,0,11,108
10/23/2009,LFT,LA,ASW,CE,Combined TRACON& Tower with Radar,3,49,28,0,80,0,52,28,0,80,3,101,56,0,160,50,0,50,210
10/24/2009,LFT,LA,ASW,CE,Combined TRACON& Tower with Radar,2,30,28,0,60,0,67,42,0,109,2,97,70,0,169,42,0,42,211
10/25/2009,LFT,LA,ASW,CE,Combined TRACON& Tower with Radar,0,40,17,2,59,0,19,44,0,63,0,59,61,2,122,28,0,28,150
10/26/2009,LFT,LA,ASW,CE,Combined TRACON& Tower with Radar,3,42,27,4,76,0,49,21,0,70,3,91,48,4,146,50,6,56,202
10/27/2009,LFT,LA,ASW,CE,Combined TRACON& Tower with Radar,6,42,41,7,96,0,24,12,0,36,6,66,53,7,132,32,4,36,168
10/28/2009,LFT,LA,ASW,CE,Combined TRACON& Tower with Radar,4,47,40,5,96,0,6,41,1,48,4,53,81,6,144,0,0,0,144
10/29/2009,LFT,LA,ASW,CE,Combined TRACON& Tower with Radar,5,43,29,0,77,0,5,5,0,10,5,48,34,0,87,0,0,0,87
10/30/2009,LFT,LA,ASW,CE,Combined TRACON& Tower with Radar,5,42,33,0,80,0,1,1,0,2,5,43,34,0,82,2,0,2,84
10/31/2009,LFT,LA,ASW,CE,Combined TRACON& Tower with Radar,3,27,21,5,56,0,31,38,0,69,3,58,59,5,125,4,0,4,129
11/01/2009,LFT,LA,ASW,CE,Combined TRACON& Tower with Radar,0,45,41,0,86,0,53,43,0,96,0,98,84,0,182,51,0,51,233
11/02/2009,LFT,LA,ASW,CE,Combined TRACON& Tower with Radar,1,44,27,4,76,0,77,38,0,115,1,121,65,4,191,10,4,14,205
11/03/2009,LFT,LA,ASW,CE,Combined TRACON& Tower with Radar,2,39,35,2,78,0,40,62,0,102,2,79,97,2,180,45,0,45,225
11/04/2009,LFT,LA,ASW,CE,Combined TRACON& Tower with Radar,2,42,31,2,77,0,82,63,0,145,2,124,94,2,222,108,0,108,330
11/05/2009,LFT,LA,ASW,CE,Combined TRACON& Tower with Radar,1,39,35,0,75,0,39,39,0,78,1,78,74,0,153,0,0,0,153
11/06/2009,LFT,LA,ASW,CE,Combined TRACON& Tower with Radar,5,49,42,4,100,0,39,59,0,98,5,88,101,4,198,36,0,36,234
11/07/2009,LFT,LA,ASW,CE,Combined TRACON& Tower with Radar,3,33,30,4,70,0,22,33,0,55,3,55,63,4,125,16,0,16,141
11/08/2009,LFT,LA,ASW,CE,Combined TRACON& Tower with Radar,0,40,30,2,72,0,27,20,0,47,0,67,50,2,119,4,0,4,123
11/09/2009,LFT,LA,ASW,CE,Combined TRACON& Tower with Radar,1,50,26,0,77,0,24,5,0,29,1,74,31,0,106,20,0,20,126
11/10/2009,LFT,LA,ASW,CE,Combined TRACON& Tower with Radar,2,41,25,0,68,0,39,14,0,53,2,80,39,0,121,43,0,43,164
11/11/2009,LFT,LA,ASW,CE,Combined TRACON& Tower with Radar,2,44,27,0,73,0,64,35,0,99,2,108,62,0,172,24,0,24,196
11/12/2009,LFT,LA,ASW,CE,Combined TRACON& Tower with Radar,2,45,49,4,100,0,52,57,0,109,2,97,106,4,209,87,4,91,300
11/13/2009,LFT,LA,ASW,CE,Combined TRACON& Tower with Radar,5,42,47,0,94,0,54,39,0,93,5,96,86,0,187,41,0,41,228
11/14/2009,LFT,LA,ASW,CE,Combined TRACON& Tower with Radar,3,27,25,0,55,0,57,27,0,84,3,84,52,0,139,34,0,34,173
11/15/2009,LFT,LA,ASW,CE,Combined TRACON& Tower with Radar,0,45,32,4,81,0,47,10,0,57,0,92,42,4,138,2,6,8,146
11/16/2009,LFT,LA,ASW,CE,Combined TRACON& Tower with Radar,1,45,37,0,83,0,26,17,0,43,1,71,54,0,126,2,10,12,138
11/17/2009,LFT,LA,ASW,CE,Combined TRACON& Tower with Radar,3,41,40,2,86,0,51,23,0,74,3,92,63,2,160,4,2,6,166
11/18/2009,LFT,LA,ASW,CE,Combined TRACON& Tower with Radar,3,38,44,6,91,0,64,88,0,152,3,102,132,6,243,48,2,50,293
11/19/2009,LFT,LA,ASW,CE,Combined TRACON& Tower with Radar,2,43,54,4,103,0,80,45,0,125,2,123,99,4,228,99,4,103,331
11/20/2009,LFT,LA,ASW,CE,Combined TRACON& Tower with Radar,2,45,43,10,100,0,35,22,0,57,2,80,65,10,157,0,2,2,159
11/21/2009,LFT,LA,ASW,CE,Combined TRACON& Tower with Radar,2,37,29,0,68,0,12,4,0,16,2,49,33,0,84,0,0,0,84
11/22/2009,LFT,LA,ASW,CE,Combined TRACON& Tower with Radar,0,38,55,0,93,0,14,8,0,22,0,52,63,0,115,10,0,10,125
11/23/2009,LFT,LA,ASW,CE,Combined TRACON& Tower with Radar,2,38,36,1,77,0,75,51,1,127,2,113,87,2,204,46,0,46,250
11/24/2009,LFT,LA,ASW,CE,Combined TRACON& Tower with Radar,4,43,48,3,98,0,55,20,0,75,4,98,68,3,173,87,0,87,260
11/25/2009,LFT,LA,ASW,CE,Combined TRACON& Tower with Radar,3,48,45,0,96,0,47,43,0,90,3,95,88,0,186,48,0,48,234
11/26/2009,LFT,LA,ASW,CE,Combined TRACON& Tower with Radar,0,24,4,0,28,0,22,18,0,40,0,46,22,0,68,28,0,28,96
11/27/2009,LFT,LA,ASW,CE,Combined TRACON& Tower with Radar,1,32,34,0,67,0,18,36,0,54,1,50,70,0,121,14,0,14,135
11/28/2009,LFT,LA,ASW,CE,Combined TRACON& Tower with Radar,1,37,24,0,62,0,31,34,0,65,1,68,58,0,127,22,0,22,149
11/29/2009,LFT,LA,ASW,CE,Combined TRACON& Tower with Radar,0,44,41,0,85,0,30,22,0,52,0,74,63,0,137,24,0,24,161
11/30/2009,LFT,LA,ASW,CE,Combined TRACON& Tower with Radar,1,51,28,0,80,0,0,0,0,0,1,51,28,0,80,0,0,0,80
12/01/2009,LFT,LA,ASW,CE,Combined TRACON& Tower with Radar,3,48,38,0,89,0,8,4,0,12,3,56,42,0,101,4,0,4,105
12/02/2009,LFT,LA,ASW,CE,Combined TRACON& Tower with Radar,1,40,30,2,73,0,50,13,0,63,1,90,43,2,136,23,0,23,159
12/03/2009,LFT,LA,ASW,CE,Combined TRACON& Tower with Radar,3,45,39,0,87,0,66,31,0,97,3,111,70,0,184,60,0,60,244
12/04/2009,LFT,LA,ASW,CE,Combined TRACON& Tower with Radar,3,33,35,3,74,0,14,4,0,18,3,47,39,3,92,0,0,0,92
12/05/2009,LFT,LA,ASW,CE,Combined TRACON& Tower with Radar,1,28,27,0,56,0,20,38,0,58,1,48,65,0,114,16,0,16,130
12/06/2009,LFT,LA,ASW,CE,Combined TRACON& Tower with Radar,0,45,32,2,79,0,11,24,0,35,0,56,56,2,114,10,4,14,128
12/07/2009,LFT,LA,ASW,CE,Combined TRACON& Tower with Radar,1,54,37,0,92,0,0,0,0,0,1,54,37,0,92,10,0,10,102
12/08/2009,LFT,LA,ASW,CE,Combined TRACON& Tower with Radar,1,43,28,0,72,0,2,0,0,2,1,45,28,0,74,0,0,0,74
12/09/2009,LFT,LA,ASW,CE,Combined TRACON& Tower with Radar,3,50,47,4,104,0,67,45,0,112,3,117,92,4,216,84,0,84,300
12/10/2009,LFT,LA,ASW,CE,Combined TRACON& Tower with Radar,3,45,45,1,94,0,8,37,1,46,3,53,82,2,140,0,0,0,140
12/11/2009,LFT,LA,ASW,CE,Combined TRACON& Tower with Radar,3,44,28,0,75,0,31,13,0,44,3,75,41,0,119,10,0,10,129
12/12/2009,LFT,LA,ASW,CE,Combined TRACON& Tower with Radar,2,30,11,0,43,0,0,0,0,0,2,30,11,0,43,0,0,0,43
12/13/2009,LFT,LA,ASW,CE,Combined TRACON& Tower with Radar,0,34,31,0,65,0,0,0,0,0,0,34,31,0,65,0,0,0,65
12/14/2009,LFT,LA,ASW,CE,Combined TRACON& Tower with Radar,1,24,18,0,43,0,0,0,0,0,1,24,18,0,43,0,0,0,43
12/15/2009,LFT,LA,ASW,CE,Combined TRACON& Tower with Radar,3,34,31,0,68,0,3,2,0,5,3,37,33,0,73,0,0,0,73
12/16/2009,LFT,LA,ASW,CE,Combined TRACON& Tower with Radar,3,49,50,2,104,6,65,37,2,110,9,114,87,4,214,40,0,40,254
12/17/2009,LFT,LA,ASW,CE,Combined TRACON& Tower with Radar,2,41,58,0,101,0,8,10,1,19,2,49,68,1,120,6,0,6,126
12/18/2009,LFT,LA,ASW,CE,Combined TRACON& Tower with Radar,2,42,45,4,93,0,58,31,0,89,2,100,76,4,182,44,0,44,226
12/19/2009,LFT,LA,ASW,CE,Combined TRACON& Tower with Radar,1,31,23,0,55,0,41,43,0,84,1,72,66,0,139,44,0,44,183
12/20/2009,LFT,LA,ASW,CE,Combined TRACON& Tower with Radar,1,38,38,0,77,0,38,47,0,85,1,76,85,0,162,24,0,24,186
12/21/2009,LFT,LA,ASW,CE,Combined TRACON& Tower with Radar,3,38,42,2,85,0,50,46,0,96,3,88,88,2,181,54,0,54,235
12/22/2009,LFT,LA,ASW,CE,Combined TRACON& Tower with Radar,4,46,41,2,93,0,42,29,0,71,4,88,70,2,164,0,2,2,166
12/23/2009,LFT,LA,ASW,CE,Combined TRACON& Tower with Radar,4,37,23,2,66,0,64,6,0,70,4,101,29,2,136,6,0,6,142
12/24/2009,LFT,LA,ASW,CE,Combined TRACON& Tower with Radar,3,24,10,0,37,0,18,0,0,18,3,42,10,0,55,0,0,0,55
12/25/2009,LFT,LA,ASW,CE,Combined TRACON& Tower with Radar,0,28,7,0,35,0,11,13,0,24,0,39,20,0,59,2,0,2,61
12/26/2009,LFT,LA,ASW,CE,Combined TRACON& Tower with Radar,1,31,21,0,53,0,17,21,0,38,1,48,42,0,91,0,0,0,91
12/27/2009,LFT,LA,ASW,CE,Combined TRACON& Tower with Radar,0,38,21,0,59,0,8,33,0,41,0,46,54,0,100,16,0,16,116
12/28/2009,LFT,LA,ASW,CE,Combined TRACON& Tower with Radar,2,41,25,0,68,0,39,43,0,82,2,80,68,0,150,42,0,42,192
12/29/2009,LFT,LA,ASW,CE,Combined TRACON& Tower with Radar,3,41,26,2,72,1,49,30,0,80,4,90,56,2,152,38,0,38,190
12/30/2009,LFT,LA,ASW,CE,Combined TRACON& Tower with Radar,3,47,27,0,77,0,0,0,0,0,3,47,27,0,77,0,0,0,77
12/31/2009,LFT,LA,ASW,CE,Combined TRACON& Tower with Radar,4,37,37,0,78,0,20,29,0,49,4,57,66,0,127,14,0,14,141
01/01/2010,LFT,LA,ASW,CE,Combined TRACON& Tower with Radar,0,32,12,0,44,0,20,6,0,26,0,52,18,0,70,12,0,12,82
01/02/2010,LFT,LA,ASW,CE,Combined TRACON& Tower with Radar,1,31,23,0,55,0,35,40,0,75,1,66,63,0,130,42,0,42,172
01/03/2010,LFT,LA,ASW,CE,Combined TRACON& Tower with Radar,0,39,31,0,70,0,35,27,0,62,0,74,58,0,132,12,0,12,144
01/04/2010,LFT,LA,ASW,CE,Combined TRACON& Tower with Radar,1,37,37,0,75,0,51,23,0,74,1,88,60,0,149,12,0,12,161
01/05/2010,LFT,LA,ASW,CE,Combined TRACON& Tower with Radar,3,18,13,0,34,0,25,2,0,27,3,43,15,0,61,0,0,0,61
01/06/2010,LFT,LA,ASW,CE,Combined TRACON& Tower with Radar,1,30,25,0,56,0,52,29,0,81,1,82,54,0,137,0,2,2,139
01/07/2010,LFT,LA,ASW,CE,Combined TRACON& Tower with Radar,2,39,35,8,84,0,10,1,2,13,2,49,36,10,97,0,2,2,99
01/08/2010,LFT,LA,ASW,CE,Combined TRACON& Tower with Radar,3,39,24,0,66,0,21,23,0,44,3,60,47,0,110,6,0,6,116
01/09/2010,LFT,LA,ASW,CE,Combined TRACON& Tower with Radar,2,33,18,0,53,0,27,22,0,49,2,60,40,0,102,60,0,60,162
01/10/2010,LFT,LA,ASW,CE,Combined TRACON& Tower with Radar,0,36,28,0,64,0,19,26,1,46,0,55,54,1,110,0,0,0,110
01/11/2010,LFT,LA,ASW,CE,Combined TRACON& Tower with Radar,1,39,22,0,62,0,45,23,0,68,1,84,45,0,130,4,0,4,134
01/12/2010,LFT,LA,ASW,CE,Combined TRACON& Tower with Radar,2,37,34,2,75,0,60,56,0,116,2,97,90,2,191,8,2,10,201
01/13/2010,LFT,LA,ASW,CE,Combined TRACON& Tower with Radar,1,41,43,0,85,0,28,50,0,78,1,69,93,0,163,46,0,46,209
01/14/2010,LFT,LA,ASW,CE,Combined TRACON& Tower with Radar,1,40,42,6,89,0,42,31,3,76,1,82,73,9,165,22,0,22,187
01/15/2010,LFT,LA,ASW,CE,Combined TRACON& Tower with Radar,1,42,21,4,68,0,15,5,0,20,1,57,26,4,88,10,0,10,98
01/16/2010,LFT,LA,ASW,CE,Combined TRACON& Tower with Radar,1,28,16,0,45,0,0,1,0,1,1,28,17,0,46,0,0,0,46
01/17/2010,LFT,LA,ASW,CE,Combined TRACON& Tower with Radar,0,32,27,0,59,0,29,14,0,43,0,61,41,0,102,2,0,2,104
01/18/2010,LFT,LA,ASW,CE,Combined TRACON& Tower with Radar,1,40,53,0,94,0,31,45,0,76,1,71,98,0,170,6,0,6,176
01/19/2010,LFT,LA,ASW,CE,Combined TRACON& Tower with Radar,1,37,48,0,86,0,31,35,0,66,1,68,83,0,152,14,2,16,168
01/20/2010,LFT,LA,ASW,CE,Combined TRACON& Tower with Radar,2,44,26,0,72,0,4,2,0,6,2,48,28,0,78,0,0,0,78
01/21/2010,LFT,LA,ASW,CE,Combined TRACON& Tower with Radar,3,42,47,2,94,0,24,26,0,50,3,66,73,2,144,16,4,20,164
01/22/2010,LFT,LA,ASW,CE,Combined TRACON& Tower with Radar,2,40,36,1,79,0,74,50,0,124,2,114,86,1,203,42,0,42,245
01/23/2010,LFT,LA,ASW,CE,Combined TRACON& Tower with Radar,1,29,26,0,56,0,20,3,0,23,1,49,29,0,79,14,0,14,93
01/24/2010,LFT,LA,ASW,CE,Combined TRACON& Tower with Radar,0,39,33,4,76,0,42,24,0,66,0,81,57,4,142,0,6,6,148
01/25/2010,LFT,LA,ASW,CE,Combined TRACON& Tower with Radar,1,44,40,1,86,0,35,42,0,77,1,79,82,1,163,6,0,6,169
01/26/2010,LFT,LA,ASW,CE,Combined TRACON& Tower with Radar,1,37,53,0,91,0,61,45,0,106,1,98,98,0,197,82,0,82,279
01/27/2010,LFT,LA,ASW,CE,Combined TRACON& Tower with Radar,1,37,50,4,92,0,43,40,0,83,1,80,90,4,175,70,0,70,245
01/28/2010,LFT,LA,ASW,CE,Combined TRACON& Tower with Radar,1,43,30,0,74,0,45,34,0,79,1,88,64,0,153,20,0,20,173
01/29/2010,LFT,LA,ASW,CE,Combined TRACON& Tower with Radar,2,38,37,0,77,0,6,0,0,6,2,44,37,0,83,0,0,0,83
01/30/2010,LFT,LA,ASW,CE,Combined TRACON& Tower with Radar,2,30,22,5,59,0,35,8,2,45,2,65,30,7,104,8,2,10,114
01/31/2010,LFT,LA,ASW,CE,Combined TRACON& Tower with Radar,0,43,48,0,91,0,28,43,0,71,0,71,91,0,162,12,14,26,188
02/01/2010,LFT,LA,ASW,CE,Combined TRACON& Tower with Radar,1,44,36,0,81,0,10,13,0,23,1,54,49,0,104,12,0,12,116
02/02/2010,LFT,LA,ASW,CE,Combined TRACON& Tower with Radar,1,39,49,2,91,0,59,23,0,82,1,98,72,2,173,17,0,17,190
02/03/2010,LFT,LA,ASW,CE,Combined TRACON& Tower with Radar,1,45,52,0,98,0,60,20,1,81,1,105,72,1,179,46,0,46,225
02/04/2010,LFT,LA,ASW,CE,Combined TRACON& Tower with Radar,0,61,30,0,91,0,4,0,0,4,0,65,30,0,95,0,0,0,95
02/05/2010,LFT,LA,ASW,CE,Combined TRACON& Tower with Radar,3,56,45,3,107,0,20,12,0,32,3,76,57,3,139,22,6,28,167
02/06/2010,LFT,LA,ASW,CE,Combined TRACON& Tower with Radar,2,27,34,5,68,0,49,41,1,91,2,76,75,6,159,22,2,24,183
02/07/2010,LFT,LA,ASW,CE,Combined TRACON& Tower with Radar,0,39,14,2,55,0,26,23,0,49,0,65,37,2,104,32,6,38,142
02/08/2010,LFT,LA,ASW,CE,Combined TRACON& Tower with Radar,4,38,59,0,101,0,41,29,0,70,4,79,88,0,171,10,0,10,181
02/09/2010,LFT,LA,ASW,CE,Combined TRACON& Tower with Radar,6,36,35,1,78,0,43,40,0,83,6,79,75,1,161,0,0,0,161
02/10/2010,LFT,LA,ASW,CE,Combined TRACON& Tower with Radar,3,37,47,4,91,0,53,79,3,135,3,90,126,7,226,66,0,66,292
02/11/2010,LFT,LA,ASW,CE,Combined TRACON& Tower with Radar,2,42,32,12,88,0,4,9,0,13,2,46,41,12,101,0,4,4,105
02/12/2010,LFT,LA,ASW,CE,Combined TRACON& Tower with Radar,2,34,35,0,71,0,26,7,0,33,2,60,42,0,104,34,0,34,138
02/13/2010,LFT,LA,ASW,CE,Combined TRACON& Tower with Radar,2,44,21,0,67,0,21,37,0,58,2,65,58,0,125,28,0,28,153
02/14/2010,LFT,LA,ASW,CE,Combined TRACON& Tower with Radar,0,46,25,0,71,0,17,20,0,37,0,63,45,0,108,10,0,10,118
02/15/2010,LFT,LA,ASW,CE,Combined TRACON& Tower with Radar,1,46,32,0,79,0,35,34,0,69,1,81,66,0,148,18,0,18,166
02/16/2010,LFT,LA,ASW,CE,Combined TRACON& Tower with Radar,3,41,20,2,66,0,30,32,0,62,3,71,52,2,128,8,0,8,136
02/17/2010,LFT,LA,ASW,CE,Combined TRACON& Tower with Radar,2,51,46,0,99,0,36,46,0,82,2,87,92,0,181,14,0,14,195
02/18/2010,LFT,LA,ASW,CE,Combined TRACON& Tower with Radar,1,44,45,0,90,0,59,40,0,99,1,103,85,0,189,85,0,85,274
02/19/2010,LFT,LA,ASW,CE,Combined TRACON& Tower with Radar,1,42,49,13,105,0,43,44,0,87,1,85,93,13,192,58,10,68,260
02/20/2010,LFT,LA,ASW,CE,Combined TRACON& Tower with Radar,1,39,23,0,63,0,50,44,0,94,1,89,67,0,157,56,10,66,223
02/21/2010,LFT,LA,ASW,CE,Combined TRACON& Tower with Radar,0,48,30,0,78,0,13,5,0,18,0,61,35,0,96,32,0,32,128
02/22/2010,LFT,LA,ASW,CE,Combined TRACON& Tower with Radar,1,47,28,2,78,0,28,24,0,52,1,75,52,2,130,14,6,20,150
02/23/2010,LFT,LA,ASW,CE,Combined TRACON& Tower with Radar,3,41,34,0,78,0,51,7,0,58,3,92,41,0,136,4,10,14,150
02/24/2010,LFT,LA,ASW,CE,Combined TRACON& Tower with Radar,2,44,39,0,85,0,47,28,0,75,2,91,67,0,160,33,0,33,193
02/25/2010,LFT,LA,ASW,CE,Combined TRACON& Tower with Radar,2,44,47,2,95,0,53,57,0,110,2,97,104,2,205,14,0,14,219
02/26/2010,LFT,LA,ASW,CE,Combined TRACON& Tower with Radar,2,44,42,0,88,0,32,15,0,47,2,76,57,0,135,2,8,10,145
02/27/2010,LFT,LA,ASW,CE,Combined TRACON& Tower with Radar,1,36,23,6,66,0,38,30,0,68,1,74,53,6,134,19,0,19,153
02/28/2010,LFT,LA,ASW,CE,Combined TRACON& Tower with Radar,0,45,35,0,80,0,52,90,0,142,0,97,125,0,222,12,76,88,310
03/01/2010,LFT,LA,ASW,CE,Combined TRACON& Tower with Radar,1,48,22,2,73,0,19,0,0,19,1,67,22,2,92,0,0,0,92
03/02/2010,LFT,LA,ASW,CE,Combined TRACON& Tower with Radar,2,43,41,3,89,0,47,21,0,68,2,90,62,3,157,30,6,36,193
03/03/2010,LFT,LA,ASW,CE,Combined TRACON& Tower with Radar,1,40,57,8,106,0,74,56,4,134,1,114,113,12,240,34,16,50,290
03/04/2010,LFT,LA,ASW,CE,Combined TRACON& Tower with Radar,1,46,50,0,97,0,46,48,1,95,1,92,98,1,192,54,8,62,254
03/05/2010,LFT,LA,ASW,CE,Combined TRACON& Tower with Radar,1,46,42,8,97,0,67,55,0,122,1,113,97,8,219,93,8,101,320
03/06/2010,LFT,LA,ASW,CE,Combined TRACON& Tower with Radar,1,31,31,0,63,0,47,44,0,91,1,78,75,0,154,64,0,64,218
03/07/2010,LFT,LA,ASW,CE,Combined TRACON& Tower with Radar,0,38,36,2,76,0,25,24,0,49,0,63,60,2,125,2,0,2,127
03/08/2010,LFT,LA,ASW,CE,Combined TRACON& Tower with Radar,1,41,35,0,77,0,66,8,0,74,1,107,43,0,151,2,0,2,153
03/09/2010,LFT,LA,ASW,CE,Combined TRACON& Tower with Radar,1,35,47,0,83,0,7,3,0,10,1,42,50,0,93,1,0,1,94
03/10/2010,LFT,LA,ASW,CE,Combined TRACON& Tower with Radar,1,41,42,2,86,0,8,7,0,15,1,49,49,2,101,0,0,0,101
03/11/2010,LFT,LA,ASW,CE,Combined TRACON& Tower with Radar,2,39,53,10,104,0,41,47,0,88,2,80,100,10,192,50,0,50,242
03/12/2010,LFT,LA,ASW,CE,Combined TRACON& Tower with Radar,2,46,36,4,88,0,54,43,1,98,2,100,79,5,186,29,10,39,225
03/13/2010,LFT,LA,ASW,CE,Combined TRACON& Tower with Radar,1,30,28,23,82,0,63,31,3,97,1,93,59,26,179,40,30,70,249
03/14/2010,LFT,LA,ASW,CE,Combined TRACON& Tower with Radar,0,35,21,2,58,0,36,54,0,90,0,71,75,2,148,36,2,38,186
03/15/2010,LFT,LA,ASW,CE,Combined TRACON& Tower with Radar,1,39,32,0,72,0,67,27,0,94,1,106,59,0,166,20,0,20,186
03/16/2010,LFT,LA,ASW,CE,Combined TRACON& Tower with Radar,2,40,39,0,81,0,56,34,0,90,2,96,73,0,171,22,0,22,193
03/17/2010,LFT,LA,ASW,CE,Combined TRACON& Tower with Radar,2,42,43,4,91,0,44,36,0,80,2,86,79,4,171,52,0,52,223
03/18/2010,LFT,LA,ASW,CE,Combined TRACON& Tower with Radar,1,43,49,0,93,0,42,44,0,86,1,85,93,0,179,28,6,34,213
03/19/2010,LFT,LA,ASW,CE,Combined TRACON& Tower with Radar,2,50,40,3,95,0,41,53,1,95,2,91,93,4,190,44,0,44,234
03/20/2010,LFT,LA,ASW,CE,Combined TRACON& Tower with Radar,1,29,23,0,53,0,18,23,0,41,1,47,46,0,94,2,0,2,96
03/21/2010,LFT,LA,ASW,CE,Combined TRACON& Tower with Radar,0,33,29,1,63,0,12,6,1,19,0,45,35,2,82,14,0,14,96
03/22/2010,LFT,LA,ASW,CE,Combined TRACON& Tower with Radar,1,46,42,0,89,0,57,30,0,87,1,103,72,0,176,28,0,28,204
03/23/2010,LFT,LA,ASW,CE,Combined TRACON& Tower with Radar,2,50,45,0,97,0,57,53,0,110,2,107,98,0,207,24,0,24,231
03/24/2010,LFT,LA,ASW,CE,Combined TRACON& Tower with Radar,1,47,48,0,96,0,49,21,0,70,1,96,69,0,166,22,0,22,188
03/25/2010,LFT,LA,ASW,CE,Combined TRACON& Tower with Radar,1,50,43,0,94,0,46,17,0,63,1,96,60,0,157,66,0,66,223
03/26/2010,LFT,LA,ASW,CE,Combined TRACON& Tower with Radar,1,41,47,2,91,0,44,61,0,105,1,85,108,2,196,58,0,58,254
03/27/2010,LFT,LA,ASW,CE,Combined TRACON& Tower with Radar,1,33,25,3,62,0,32,19,0,51,1,65,44,3,113,78,0,78,191
03/28/2010,LFT,LA,ASW,CE,Combined TRACON& Tower with Radar,0,42,19,8,69,0,22,16,2,40,0,64,35,10,109,20,0,20,129
03/29/2010,LFT,LA,ASW,CE,Combined TRACON& Tower with Radar,1,47,38,2,88,0,50,44,0,94,1,97,82,2,182,39,0,39,221
03/30/2010,LFT,LA,ASW,CE,Combined TRACON& Tower with Radar,1,47,37,0,85,0,59,42,0,101,1,106,79,0,186,26,0,26,212
03/31/2010,LFT,LA,ASW,CE,Combined TRACON& Tower with Radar,1,42,54,2,99,0,57,47,0,104,1,99,101,2,203,53,0,53,256
04/01/2010,LFT,LA,ASW,CE,Combined TRACON& Tower with Radar,2,48,48,2,100,0,59,51,2,112,2,107,99,4,212,48,0,48,260
04/02/2010,LFT,LA,ASW,CE,Combined TRACON& Tower with Radar,2,51,22,0,75,0,37,12,0,49,2,88,34,0,124,0,0,0,124
04/03/2010,LFT,LA,ASW,CE,Combined TRACON& Tower with Radar,2,35,15,0,52,0,24,16,0,40,2,59,31,0,92,24,0,24,116
04/04/2010,LFT,LA,ASW,CE,Combined TRACON& Tower with Radar,0,49,25,2,76,0,24,13,0,37,0,73,38,2,113,8,0,8,121
04/05/2010,LFT,LA,ASW,CE,Combined TRACON& Tower with Radar,1,54,34,0,89,0,75,13,0,88,1,129,47,0,177,30,0,30,207
04/06/2010,LFT,LA,ASW,CE,Combined TRACON& Tower with Radar,1,35,35,2,73,0,51,28,0,79,1,86,63,2,152,28,4,32,184
04/07/2010,LFT,LA,ASW,CE,Combined TRACON& Tower with Radar,1,35,48,0,84,0,32,18,0,50,1,67,66,0,134,10,0,10,144
04/08/2010,LFT,LA,ASW,CE,Combined TRACON& Tower with Radar,3,51,43,0,97,0,54,34,0,88,3,105,77,0,185,22,0,22,207
04/09/2010,LFT,LA,ASW,CE,Combined TRACON& Tower with Radar,1,50,46,0,97,0,52,55,0,107,1,102,101,0,204,4,0,4,208
04/10/2010,LFT,LA,ASW,CE,Combined TRACON& Tower with Radar,5,32,27,0,64,0,23,48,2,73,5,55,75,2,137,27,0,27,164
04/11/2010,LFT,LA,ASW,CE,Combined TRACON& Tower with Radar,0,39,28,0,67,0,32,40,0,72,0,71,68,0,139,4,0,4,143
04/12/2010,LFT,LA,ASW,CE,Combined TRACON& Tower with Radar,1,46,45,0,92,0,51,57,2,110,1,97,102,2,202,48,0,48,250
04/13/2010,LFT,LA,ASW,CE,Combined TRACON& Tower with Radar,1,44,42,0,87,0,80,41,0,121,1,124,83,0,208,34,0,34,242
04/14/2010,LFT,LA,ASW,CE,Combined TRACON& Tower with Radar,1,37,37,1,76,0,33,36,0,69,1,70,73,1,145,38,0,38,183
04/15/2010,LFT,LA,ASW,CE,Combined TRACON& Tower with Radar,1,47,44,0,92,0,62,25,0,87,1,109,69,0,179,58,0,58,237
04/16/2010,LFT,LA,ASW,CE,Combined TRACON& Tower with Radar,1,44,14,2,61,0,26,19,0,45,1,70,33,2,106,46,0,46,152
04/17/2010,LFT,LA,ASW,CE,Combined TRACON& Tower with Radar,2,36,25,6,69,0,44,29,2,75,2,80,54,8,144,34,0,34,178
04/18/2010,LFT,LA,ASW,CE,Combined TRACON& Tower with Radar,0,48,30,4,82,0,15,24,0,39,0,63,54,4,121,6,0,6,127
04/19/2010,LFT,LA,ASW,CE,Combined TRACON& Tower with Radar,1,51,29,2,83,0,35,29,0,64,1,86,58,2,147,2,0,2,149
04/20/2010,LFT,LA,ASW,CE,Combined TRACON& Tower with Radar,1,41,36,2,80,0,70,26,0,96,1,111,62,2,176,60,2,62,238
04/21/2010,LFT,LA,ASW,CE,Combined TRACON& Tower with Radar,1,45,49,2,97,0,27,70,0,97,1,72,119,2,194,18,16,34,228
04/22/2010,LFT,LA,ASW,CE,Combined TRACON& Tower with Radar,3,50,54,0,107,0,30,51,1,82,3,80,105,1,189,32,0,32,221
04/23/2010,LFT,LA,ASW,CE,Combined TRACON& Tower with Radar,4,40,38,0,82,0,23,5,0,28,4,63,43,0,110,0,0,0,110
04/24/2010,LFT,LA,ASW,CE,Combined TRACON& Tower with Radar,2,28,8,4,42,0,31,4,0,35,2,59,12,4,77,14,0,14,91
04/25/2010,LFT,LA,ASW,CE,Combined TRACON& Tower with Radar,0,45,33,0,78,0,65,41,0,106,0,110,74,0,184,28,0,28,212
04/26/2010,LFT,LA,ASW,CE,Combined TRACON& Tower with Radar,1,51,39,4,95,0,64,68,0,132,1,115,107,4,227,56,0,56,283
04/27/2010,LFT,LA,ASW,CE,Combined TRACON& Tower with Radar,1,44,44,0,89,0,59,52,0,111,1,103,96,0,200,16,0,16,216
04/28/2010,LFT,LA,ASW,CE,Combined TRACON& Tower with Radar,1,34,34,2,71,0,41,52,2,95,1,75,86,4,166,40,0,40,206
04/29/2010,LFT,LA,ASW,CE,Combined TRACON& Tower with Radar,1,45,51,0,97,0,86,38,0,124,1,131,89,0,221,46,2,48,269
04/30/2010,LFT,LA,ASW,CE,Combined TRACON& Tower with Radar,2,53,13,0,68,0,11,1,0,12,2,64,14,0,80,0,0,0,80
05/01/2010,LFT,LA,ASW,CE,Combined TRACON& Tower with Radar,2,27,13,0,42,0,34,5,0,39,2,61,18,0,81,2,0,2,83
05/02/2010,LFT,LA,ASW,CE,Combined TRACON& Tower with Radar,0,40,29,2,71,0,24,10,0,34,0,64,39,2,105,43,0,43,148
05/03/2010,LFT,LA,ASW,CE,Combined TRACON& Tower with Radar,1,42,37,0,80,0,28,33,0,61,1,70,70,0,141,12,0,12,153
05/04/2010,LFT,LA,ASW,CE,Combined TRACON& Tower with Radar,2,44,40,0,86,0,84,40,0,124,2,128,80,0,210,43,0,43,253
05/05/2010,LFT,LA,ASW,CE,Combined TRACON& Tower with Radar,1,43,24,0,68,0,49,52,0,101,1,92,76,0,169,11,0,11,180
05/06/2010,LFT,LA,ASW,CE,Combined TRACON& Tower with Radar,2,63,35,1,101,0,50,51,1,102,2,113,86,2,203,16,0,16,219
05/07/2010,LFT,LA,ASW,CE,Combined TRACON& Tower with Radar,2,42,39,0,83,0,57,37,0,94,2,99,76,0,177,42,0,42,219
05/08/2010,LFT,LA,ASW,CE,Combined TRACON& Tower with Radar,2,29,20,0,51,0,42,14,0,56,2,71,34,0,107,12,0,12,119
05/09/2010,LFT,LA,ASW,CE,Combined TRACON& Tower with Radar,0,41,36,0,77,0,37,17,0,54,0,78,53,0,131,60,0,60,191
05/10/2010,LFT,LA,ASW,CE,Combined TRACON& Tower with Radar,1,52,27,0,80,0,68,39,0,107,1,120,66,0,187,6,0,6,193
05/11/2010,LFT,LA,ASW,CE,Combined TRACON& Tower with Radar,3,39,39,2,83,0,68,52,0,120,3,107,91,2,203,32,0,32,235
05/12/2010,LFT,LA,ASW,CE,Combined TRACON& Tower with Radar,2,42,52,2,98,0,46,45,0,91,2,88,97,2,189,67,0,67,256
05/13/2010,LFT,LA,ASW,CE,Combined TRACON& Tower with Radar,1,90,41,0,132,0,17,22,0,39,1,107,63,0,171,30,0,30,201
05/14/2010,LFT,LA,ASW,CE,Combined TRACON& Tower with Radar,9,47,32,0,88,0,52,42,0,94,9,99,74,0,182,8,0,8,190
05/15/2010,LFT,LA,ASW,CE,Combined TRACON& Tower with Radar,1,28,7,0,36,0,44,14,0,58,1,72,21,0,94,71,0,71,165
05/16/2010,LFT,LA,ASW,CE,Combined TRACON& Tower with Radar,0,40,15,0,55,0,52,16,0,68,0,92,31,0,123,18,0,18,141
05/17/2010,LFT,LA,ASW,CE,Combined TRACON& Tower with Radar,1,46,34,0,81,0,58,51,0,109,1,104,85,0,190,56,0,56,246
05/18/2010,LFT,LA,ASW,CE,Combined TRACON& Tower with Radar,2,44,50,0,96,0,63,30,0,93,2,107,80,0,189,18,0,18,207
05/19/2010,LFT,LA,ASW,CE,Combined TRACON& Tower with Radar,1,48,39,2,90,0,73,41,0,114,1,121,80,2,204,12,2,14,218
05/20/2010,LFT,LA,ASW,CE,Combined TRACON& Tower with Radar,1,47,85,0,133,0,56,43,0,99,1,103,128,0,232,39,0,39,271
05/21/2010,LFT,LA,ASW,CE,Combined TRACON& Tower with Radar,1,48,39,2,90,0,60,50,0,110,1,108,89,2,200,66,0,66,266
05/22/2010,LFT,LA,ASW,CE,Combined TRACON& Tower with Radar,1,32,21,0,54,0,60,39,0,99,1,92,60,0,153,16,0,16,169
05/23/2010,LFT,LA,ASW,CE,Combined TRACON& Tower with Radar,0,41,35,3,79,0,44,35,1,80,0,85,70,4,159,48,4,52,211
05/24/2010,LFT,LA,ASW,CE,Combined TRACON& Tower with Radar,1,51,32,0,84,0,41,38,0,79,1,92,70,0,163,76,0,76,239
05/25/2010,LFT,LA,ASW,CE,Combined TRACON& Tower with Radar,2,38,18,0,58,0,74,28,0,102,2,112,46,0,160,52,0,52,212
05/26/2010,LFT,LA,ASW,CE,Combined TRACON& Tower with Radar,2,38,34,0,74,0,64,37,0,101,2,102,71,0,175,2,0,2,177
05/27/2010,LFT,LA,ASW,CE,Combined TRACON& Tower with Radar,1,39,52,0,92,0,74,47,0,121,1,113,99,0,213,54,0,54,267
05/28/2010,LFT,LA,ASW,CE,Combined TRACON& Tower with Radar,1,48,43,0,92,0,32,48,2,82,1,80,91,2,174,0,0,0,174
05/29/2010,LFT,LA,ASW,CE,Combined TRACON& Tower with Radar,1,33,15,0,49,0,39,25,0,64,1,72,40,0,113,4,0,4,117
05/30/2010,LFT,LA,ASW,CE,Combined TRACON& Tower with Radar,0,32,12,0,44,0,36,15,0,51,0,68,27,0,95,49,0,49,144
05/31/2010,LFT,LA,ASW,CE,Combined TRACON& Tower with Radar,0,41,18,0,59,0,29,15,0,44,0,70,33,0,103,49,0,49,152
06/01/2010,LFT,LA,ASW,CE,Combined TRACON& Tower with Radar,0,35,25,0,60,0,40,42,0,82,0,75,67,0,142,44,0,44,186
06/02/2010,LFT,LA,ASW,CE,Combined TRACON& Tower with Radar,3,39,34,0,76,0,38,36,0,74,3,77,70,0,150,34,0,34,184
06/03/2010,LFT,LA,ASW,CE,Combined TRACON& Tower with Radar,1,41,56,0,98,0,54,49,0,103,1,95,105,0,201,0,40,40,241
06/04/2010,LFT,LA,ASW,CE,Combined TRACON& Tower with Radar,1,45,31,0,77,0,31,8,2,41,1,76,39,2,118,20,0,20,138
06/05/2010,LFT,LA,ASW,CE,Combined TRACON& Tower with Radar,1,32,22,0,55,0,16,12,0,28,1,48,34,0,83,0,0,0,83
06/06/2010,LFT,LA,ASW,CE,Combined TRACON& Tower with Radar,0,41,35,0,76,0,19,15,0,34,0,60,50,0,110,2,0,2,112
06/07/2010,LFT,LA,ASW,CE,Combined TRACON& Tower with Radar,1,46,30,4,81,0,51,19,2,72,1,97,49,6,153,84,0,84,237
06/08/2010,LFT,LA,ASW,CE,Combined TRACON& Tower with Radar,5,42,34,0,81,0,58,37,2,97,5,100,71,2,178,18,0,18,196
06/09/2010,LFT,LA,ASW,CE,Combined TRACON& Tower with Radar,2,40,50,0,92,0,39,43,0,82,2,79,93,0,174,0,10,10,184
06/10/2010,LFT,LA,ASW,CE,Combined TRACON& Tower with Radar,2,41,52,0,95,0,61,37,0,98,2,102,89,0,193,30,0,30,223
06/11/2010,LFT,LA,ASW,CE,Combined TRACON& Tower with Radar,2,39,12,3,56,0,67,26,1,94,2,106,38,4,150,29,14,43,193
06/12/2010,LFT,LA,ASW,CE,Combined TRACON& Tower with Radar,1,36,18,0,55,0,28,34,0,62,1,64,52,0,117,2,24,26,143
06/13/2010,LFT,LA,ASW,CE,Combined TRACON& Tower with Radar,0,39,33,0,72,3,72,48,0,123,3,111,81,0,195,24,0,24,219
06/14/2010,LFT,LA,ASW,CE,Combined TRACON& Tower with Radar,1,43,29,0,73,0,52,52,0,104,1,95,81,0,177,39,0,39,216
06/15/2010,LFT,LA,ASW,CE,Combined TRACON& Tower with Radar,2,50,36,2,90,0,67,41,0,108,2,117,77,2,198,62,0,62,260
06/16/2010,LFT,LA,ASW,CE,Combined TRACON& Tower with Radar,3,37,26,10,76,0,72,37,1,110,3,109,63,11,186,30,4,34,220
06/17/2010,LFT,LA,ASW,CE,Combined TRACON& Tower with Radar,1,41,33,2,77,0,81,44,1,126,1,122,77,3,203,48,0,48,251
06/18/2010,LFT,LA,ASW,CE,Combined TRACON& Tower with Radar,1,40,40,0,81,0,73,38,0,111,1,113,78,0,192,0,0,0,192
06/19/2010,LFT,LA,ASW,CE,Combined TRACON& Tower with Radar,1,32,30,0,63,0,68,36,0,104,1,100,66,0,167,42,0,42,209
06/20/2010,LFT,LA,ASW,CE,Combined TRACON& Tower with Radar,0,39,30,2,71,0,51,32,1,84,0,90,62,3,155,0,0,0,155
06/21/2010,LFT,LA,ASW,CE,Combined TRACON& Tower with Radar,3,43,36,3,85,0,58,41,0,99,3,101,77,3,184,35,0,35,219
06/22/2010,LFT,LA,ASW,CE,Combined TRACON& Tower with Radar,1,43,33,0,77,0,54,15,1,70,1,97,48,1,147,12,2,14,161
06/23/2010,LFT,LA,ASW,CE,Combined TRACON& Tower with Radar,2,50,44,0,96,0,68,27,0,95,2,118,71,0,191,42,0,42,233
06/24/2010,LFT,LA,ASW,CE,Combined TRACON& Tower with Radar,1,37,53,0,91,0,57,36,0,93,1,94,89,0,184,28,0,28,212
06/25/2010,LFT,LA,ASW,CE,Combined TRACON& Tower with Radar,2,44,32,6,84,0,77,38,2,117,2,121,70,8,201,76,0,76,277
06/26/2010,LFT,LA,ASW,CE,Combined TRACON& Tower with Radar,1,35,18,0,54,0,49,47,0,96,1,84,65,0,150,18,0,18,168
06/27/2010,LFT,LA,ASW,CE,Combined TRACON& Tower with Radar,0,40,24,2,66,0,45,37,0,82,0,85,61,2,148,24,0,24,172
06/28/2010,LFT,LA,ASW,CE,Combined TRACON& Tower with Radar,6,41,29,0,76,0,58,30,0,88,6,99,59,0,164,63,0,63,227
06/29/2010,LFT,LA,ASW,CE,Combined TRACON& Tower with Radar,2,39,43,4,88,0,57,28,0,85,2,96,71,4,173,42,0,42,215
06/30/2010,LFT,LA,ASW,CE,Combined TRACON& Tower with Radar,2,41,37,0,80,0,8,5,0,13,2,49,42,0,93,0,0,0,93
07/01/2010,LFT,LA,ASW,CE,Combined TRACON& Tower with Radar,14,46,32,0,92,0,16,29,0,45,14,62,61,0,137,0,0,0,137
07/02/2010,LFT,LA,ASW,CE,Combined TRACON& Tower with Radar,3,39,28,0,70,0,33,24,0,57,3,72,52,0,127,0,0,0,127
07/03/2010,LFT,LA,ASW,CE,Combined TRACON& Tower with Radar,3,33,14,0,50,0,35,30,0,65,3,68,44,0,115,2,0,2,117
07/04/2010,LFT,LA,ASW,CE,Combined TRACON& Tower with Radar,0,30,13,0,43,0,61,17,0,78,0,91,30,0,121,26,0,26,147
07/05/2010,LFT,LA,ASW,CE,Combined TRACON& Tower with Radar,0,37,27,0,64,0,40,37,0,77,0,77,64,0,141,16,0,16,157
07/06/2010,LFT,LA,ASW,CE,Combined TRACON& Tower with Radar,1,47,34,0,82,0,29,13,0,42,1,76,47,0,124,62,1,63,187
07/07/2010,LFT,LA,ASW,CE,Combined TRACON& Tower with Radar,2,51,24,0,77,0,25,15,0,40,2,76,39,0,117,44,0,44,161
07/08/2010,LFT,LA,ASW,CE,Combined TRACON& Tower with Radar,2,48,25,1,76,0,44,19,0,63,2,92,44,1,139,0,0,0,139
07/09/2010,LFT,LA,ASW,CE,Combined TRACON& Tower with Radar,3,47,45,0,95,0,42,52,0,94,3,89,97,0,189,96,0,96,285
07/10/2010,LFT,LA,ASW,CE,Combined TRACON& Tower with Radar,1,39,19,1,60,0,37,20,0,57,1,76,39,1,117,28,0,28,145
07/11/2010,LFT,LA,ASW,CE,Combined TRACON& Tower with Radar,0,37,23,0,60,0,36,25,0,61,0,73,48,0,121,58,0,58,179
07/12/2010,LFT,LA,ASW,CE,Combined TRACON& Tower with Radar,1,38,31,1,71,0,70,29,1,100,1,108,60,2,171,12,0,12,183
07/13/2010,LFT,LA,ASW,CE,Combined TRACON& Tower with Radar,3,42,39,1,85,0,70,31,0,101,3,112,70,1,186,46,0,46,232
07/14/2010,LFT,LA,ASW,CE,Combined TRACON& Tower with Radar,1,41,44,0,86,0,64,45,2,111,1,105,89,2,197,50,0,50,247
07/15/2010,LFT,LA,ASW,CE,Combined TRACON& Tower with Radar,2,36,29,0,67,0,62,41,0,103,2,98,70,0,170,92,0,92,262
07/16/2010,LFT,LA,ASW,CE,Combined TRACON& Tower with Radar,1,39,33,0,73,0,33,34,0,67,1,72,67,0,140,34,0,34,174
07/17/2010,LFT,LA,ASW,CE,Combined TRACON& Tower with Radar,1,35,8,0,44,0,47,34,0,81,1,82,42,0,125,24,0,24,149
07/18/2010,LFT,LA,ASW,CE,Combined TRACON& Tower with Radar,0,34,26,1,61,0,9,6,2,17,0,43,32,3,78,4,0,4,82
07/19/2010,LFT,LA,ASW,CE,Combined TRACON& Tower with Radar,1,42,21,0,64,2,66,18,0,86,3,108,39,0,150,69,0,69,219
07/20/2010,LFT,LA,ASW,CE,Combined TRACON& Tower with Radar,2,46,33,0,81,0,39,34,0,73,2,85,67,0,154,44,0,44,198
07/21/2010,LFT,LA,ASW,CE,Combined TRACON& Tower with Radar,1,45,45,0,91,0,38,37,1,76,1,83,82,1,167,2,0,2,169
07/22/2010,LFT,LA,ASW,CE,Combined TRACON& Tower with Radar,4,43,36,4,87,0,64,40,0,104,4,107,76,4,191,16,0,16,207
07/23/2010,LFT,LA,ASW,CE,Combined TRACON& Tower with Radar,1,40,40,0,81,0,56,38,0,94,1,96,78,0,175,0,0,0,175
07/24/2010,LFT,LA,ASW,CE,Combined TRACON& Tower with Radar,1,31,29,0,61,0,18,18,2,38,1,49,47,2,99,48,0,48,147
07/25/2010,LFT,LA,ASW,CE,Combined TRACON& Tower with Radar,0,34,11,0,45,0,39,6,0,45,0,73,17,0,90,36,0,36,126
07/26/2010,LFT,LA,ASW,CE,Combined TRACON& Tower with Radar,1,38,32,0,71,0,17,9,0,26,1,55,41,0,97,26,0,26,123
07/27/2010,LFT,LA,ASW,CE,Combined TRACON& Tower with Radar,3,39,32,0,74,0,58,22,0,80,3,97,54,0,154,2,0,2,156
07/28/2010,LFT,LA,ASW,CE,Combined TRACON& Tower with Radar,2,46,44,0,92,0,74,36,0,110,2,120,80,0,202,50,0,50,252
07/29/2010,LFT,LA,ASW,CE,Combined TRACON& Tower with Radar,2,39,38,2,81,0,77,42,0,119,2,116,80,2,200,26,0,26,226
07/30/2010,LFT,LA,ASW,CE,Combined TRACON& Tower with Radar,1,41,35,0,77,0,74,40,0,114,1,115,75,0,191,126,0,126,317
07/31/2010,LFT,LA,ASW,CE,Combined TRACON& Tower with Radar,1,30,10,0,41,0,22,29,0,51,1,52,39,0,92,16,0,16,108
08/01/2010,LFT,LA,ASW,CE,Combined TRACON& Tower with Radar,0,44,17,0,61,0,20,40,0,60,0,64,57,0,121,48,0,48,169
08/02/2010,LFT,LA,ASW,CE,Combined TRACON& Tower with Radar,1,37,21,0,59,0,44,23,0,67,1,81,44,0,126,36,0,36,162
08/03/2010,LFT,LA,ASW,CE,Combined TRACON& Tower with Radar,1,38,37,0,76,0,57,43,1,101,1,95,80,1,177,15,3,18,195
08/04/2010,LFT,LA,ASW,CE,Combined TRACON& Tower with Radar,2,36,31,0,69,0,67,35,0,102,2,103,66,0,171,0,0,0,171
08/05/2010,LFT,LA,ASW,CE,Combined TRACON& Tower with Radar,1,37,34,0,72,0,45,24,0,69,1,82,58,0,141,20,0,20,161
08/06/2010,LFT,LA,ASW,CE,Combined TRACON& Tower with Radar,2,37,23,0,62,0,29,34,0,63,2,66,57,0,125,8,0,8,133
08/07/2010,LFT,LA,ASW,CE,Combined TRACON& Tower with Radar,1,31,25,0,57,0,30,25,0,55,1,61,50,0,112,6,0,6,118
08/08/2010,LFT,LA,ASW,CE,Combined TRACON& Tower with Radar,0,39,17,0,56,0,19,35,0,54,0,58,52,0,110,4,2,6,116
08/09/2010,LFT,LA,ASW,CE,Combined TRACON& Tower with Radar,2,49,21,0,72,0,44,19,0,63,2,93,40,0,135,22,0,22,157
08/10/2010,LFT,LA,ASW,CE,Combined TRACON& Tower with Radar,2,46,25,5,78,0,80,25,1,106,2,126,50,6,184,30,6,36,220
08/11/2010,LFT,LA,ASW,CE,Combined TRACON& Tower with Radar,2,43,32,0,77,0,23,39,0,62,2,66,71,0,139,14,0,14,153
08/12/2010,LFT,LA,ASW,CE,Combined TRACON& Tower with Radar,2,48,35,0,85,0,35,24,0,59,2,83,59,0,144,6,0,6,150
08/13/2010,LFT,LA,ASW,CE,Combined TRACON& Tower with Radar,2,40,28,0,70,0,19,35,0,54,2,59,63,0,124,23,11,34,158
08/14/2010,LFT,LA,ASW,CE,Combined TRACON& Tower with Radar,1,32,15,1,49,0,49,35,1,85,1,81,50,2,134,8,12,20,154
08/15/2010,LFT,LA,ASW,CE,Combined TRACON& Tower with Radar,0,39,20,0,59,0,49,34,0,83,0,88,54,0,142,13,0,13,155
08/16/2010,LFT,LA,ASW,CE,Combined TRACON& Tower with Radar,5,51,28,2,86,0,54,37,0,91,5,105,65,2,177,6,0,6,183
08/17/2010,LFT,LA,ASW,CE,Combined TRACON& Tower with Radar,1,39,39,0,79,0,24,20,0,44,1,63,59,0,123,68,0,68,191
08/18/2010,LFT,LA,ASW,CE,Combined TRACON& Tower with Radar,2,36,43,0,81,0,40,14,0,54,2,76,57,0,135,24,0,24,159
08/19/2010,LFT,LA,ASW,CE,Combined TRACON& Tower with Radar,1,42,53,0,96,0,29,29,0,58,1,71,82,0,154,2,0,2,156
08/20/2010,LFT,LA,ASW,CE,Combined TRACON& Tower with Radar,1,40,44,0,85,0,49,39,0,88,1,89,83,0,173,30,0,30,203
08/21/2010,LFT,LA,ASW,CE,Combined TRACON& Tower with Radar,1,31,8,0,40,0,15,24,0,39,1,46,32,0,79,20,0,20,99
08/22/2010,LFT,LA,ASW,CE,Combined TRACON& Tower with Radar,0,34,31,0,65,0,30,35,0,65,0,64,66,0,130,40,0,40,170
08/23/2010,LFT,LA,ASW,CE,Combined TRACON& Tower with Radar,1,43,20,0,64,0,50,33,0,83,1,93,53,0,147,16,0,16,163
08/24/2010,LFT,LA,ASW,CE,Combined TRACON& Tower with Radar,2,37,43,0,82,0,49,39,2,90,2,86,82,2,172,2,0,2,174
08/25/2010,LFT,LA,ASW,CE,Combined TRACON& Tower with Radar,2,41,46,0,89,0,75,67,0,142,2,116,113,0,231,0,0,0,231
08/26/2010,LFT,LA,ASW,CE,Combined TRACON& Tower with Radar,2,37,48,1,88,0,57,48,0,105,2,94,96,1,193,90,0,90,283
08/27/2010,LFT,LA,ASW,CE,Combined TRACON& Tower with Radar,1,44,36,0,81,0,35,68,0,103,1,79,104,0,184,20,0,20,204
08/28/2010,LFT,LA,ASW,CE,Combined TRACON& Tower with Radar,1,38,19,0,58,0,33,11,0,44,1,71,30,0,102,0,0,0,102
08/29/2010,LFT,LA,ASW,CE,Combined TRACON& Tower with Radar,0,36,19,0,55,0,5,16,0,21,0,41,35,0,76,8,0,8,84
08/30/2010,LFT,LA,ASW,CE,Combined TRACON& Tower with Radar,1,41,38,2,82,0,25,15,0,40,1,66,53,2,122,2,0,2,124
08/31/2010,LFT,LA,ASW,CE,Combined TRACON& Tower with Radar,6,44,38,2,90,0,27,36,0,63,6,71,74,2,153,46,0,46,199
09/01/2010,LFT,LA,ASW,CE,Combined TRACON& Tower with Radar,2,34,40,4,80,0,68,60,2,130,2,102,100,6,210,2,4,6,216
09/02/2010,LFT,LA,ASW,CE,Combined TRACON& Tower with Radar,1,45,52,0,98,0,76,43,0,119,1,121,95,0,217,20,0,20,237
09/03/2010,LFT,LA,ASW,CE,Combined TRACON& Tower with Radar,3,40,38,0,81,0,62,43,0,105,3,102,81,0,186,8,0,8,194
09/04/2010,LFT,LA,ASW,CE,Combined TRACON& Tower with Radar,3,33,15,0,51,0,68,35,0,103,3,101,50,0,154,54,0,54,208
09/05/2010,LFT,LA,ASW,CE,Combined TRACON& Tower with Radar,0,30,22,4,56,0,41,33,0,74,0,71,55,4,130,4,0,4,134
09/06/2010,LFT,LA,ASW,CE,Combined TRACON& Tower with Radar,0,40,20,0,60,0,36,27,0,63,0,76,47,0,123,82,0,82,205
09/07/2010,LFT,LA,ASW,CE,Combined TRACON& Tower with Radar,11,50,32,0,93,0,37,12,0,49,11,87,44,0,142,20,0,20,162
09/08/2010,LFT,LA,ASW,CE,Combined TRACON& Tower with Radar,2,37,34,0,73,0,41,38,0,79,2,78,72,0,152,18,0,18,170
09/09/2010,LFT,LA,ASW,CE,Combined TRACON& Tower with Radar,2,40,35,2,79,0,54,24,0,78,2,94,59,2,157,0,8,8,165
09/10/2010,LFT,LA,ASW,CE,Combined TRACON& Tower with Radar,4,42,49,0,95,0,42,52,0,94,4,84,101,0,189,14,0,14,203
09/11/2010,LFT,LA,ASW,CE,Combined TRACON& Tower with Radar,2,27,32,4,65,0,22,45,0,67,2,49,77,4,132,26,0,26,158
09/12/2010,LFT,LA,ASW,CE,Combined TRACON& Tower with Radar,0,33,30,0,63,0,14,25,2,41,0,47,55,2,104,6,0,6,110
09/13/2010,LFT,LA,ASW,CE,Combined TRACON& Tower with Radar,1,47,38,0,86,0,46,34,0,80,1,93,72,0,166,0,0,0,166
09/14/2010,LFT,LA,ASW,CE,Combined TRACON& Tower with Radar,2,44,35,0,81,0,55,61,0,116,2,99,96,0,197,46,0,46,243
09/15/2010,LFT,LA,ASW,CE,Combined TRACON& Tower with Radar,1,49,33,0,83,0,94,37,2,133,1,143,70,2,216,12,0,12,228
09/16/2010,LFT,LA,ASW,CE,Combined TRACON& Tower with Radar,2,49,37,0,88,0,39,39,0,78,2,88,76,0,166,18,0,18,184
09/17/2010,LFT,LA,ASW,CE,Combined TRACON& Tower with Radar,1,4,1,0,6,0,0,0,0,0,1,4,1,0,6,0,0,0,6
09/18/2010,LFT,LA,ASW,CE,Combined TRACON& Tower with Radar,3,37,66,0,106,0,44,84,0,128,3,81,150,0,234,22,0,22,256
09/19/2010,LFT,LA,ASW,CE,Combined TRACON& Tower with Radar,3,44,52,2,101,0,43,73,0,116,3,87,125,2,217,79,0,79,296
09/20/2010,LFT,LA,ASW,CE,Combined TRACON& Tower with Radar,0,57,20,0,77,0,40,25,0,65,0,97,45,0,142,22,0,22,164
09/21/2010,LFT,LA,ASW,CE,Combined TRACON& Tower with Radar,1,46,26,1,74,0,70,22,0,92,1,116,48,1,166,64,0,64,230
09/22/2010,LFT,LA,ASW,CE,Combined TRACON& Tower with Radar,2,37,44,0,83,0,60,23,0,83,2,97,67,0,166,4,0,4,170
09/23/2010,LFT,LA,ASW,CE,Combined TRACON& Tower with Radar,2,49,42,8,101,0,57,29,0,86,2,106,71,8,187,10,0,10,197
09/24/2010,LFT,LA,ASW,CE,Combined TRACON& Tower with Radar,7,40,31,0,78,0,67,32,0,99,7,107,63,0,177,6,0,6,183
09/25/2010,LFT,LA,ASW,CE,Combined TRACON& Tower with Radar,2,29,11,0,42,0,33,22,0,55,2,62,33,0,97,24,0,24,121
09/26/2010,LFT,LA,ASW,CE,Combined TRACON& Tower with Radar,0,44,29,0,73,0,2,13,0,15,0,46,42,0,88,34,0,34,122
09/27/2010,LFT,LA,ASW,CE,Combined TRACON& Tower with Radar,1,40,23,0,64,0,45,38,0,83,1,85,61,0,147,51,0,51,198
09/28/2010,LFT,LA,ASW,CE,Combined TRACON& Tower with Radar,1,40,45,4,90,0,65,54,0,119,1,105,99,4,209,44,0,44,253
09/29/2010,LFT,LA,ASW,CE,Combined TRACON& Tower with Radar,1,34,43,8,86,0,66,54,0,120,1,100,97,8,206,58,0,58,264
09/30/2010,LFT,LA,ASW,CE,Combined TRACON& Tower with Radar,1,37,51,2,91,0,53,49,2,104,1,90,100,4,195,8,0,8,203
10/01/2010,LFT,LA,ASW,CE,Combined TRACON& Tower with Radar,1,39,25,1,66,0,50,37,0,87,1,89,62,1,153,0,0,0,153
10/02/2010,LFT,LA,ASW,CE,Combined TRACON& Tower with Radar,2,29,33,0,64,0,24,33,0,57,2,53,66,0,121,14,0,14,135
10/03/2010,LFT,LA,ASW,CE,Combined TRACON& Tower with Radar,0,35,25,1,61,0,2,35,0,37,0,37,60,1,98,0,0,0,98
10/04/2010,LFT,LA,ASW,CE,Combined TRACON& Tower with Radar,1,40,23,0,64,0,35,46,0,81,1,75,69,0,145,2,0,2,147
10/05/2010,LFT,LA,ASW,CE,Combined TRACON& Tower with Radar,1,34,47,3,85,0,60,46,0,106,1,94,93,3,191,14,0,14,205
10/06/2010,LFT,LA,ASW,CE,Combined TRACON& Tower with Radar,1,35,53,8,97,0,73,63,0,136,1,108,116,8,233,24,2,26,259
10/07/2010,LFT,LA,ASW,CE,Combined TRACON& Tower with Radar,3,34,27,2,66,0,54,46,0,100,3,88,73,2,166,0,0,0,166
10/08/2010,LFT,LA,ASW,CE,Combined TRACON& Tower with Radar,2,38,44,2,86,0,57,52,0,109,2,95,96,2,195,54,0,54,249
10/09/2010,LFT,LA,ASW,CE,Combined TRACON& Tower with Radar,1,27,24,0,52,0,34,40,0,74,1,61,64,0,126,36,0,36,162
10/10/2010,LFT,LA,ASW,CE,Combined TRACON& Tower with Radar,0,33,20,0,53,0,29,21,0,50,0,62,41,0,103,40,0,40,143
10/11/2010,LFT,LA,ASW,CE,Combined TRACON& Tower with Radar,1,36,32,0,69,0,52,25,1,78,1,88,57,1,147,14,0,14,161
10/12/2010,LFT,LA,ASW,CE,Combined TRACON& Tower with Radar,2,36,41,0,79,0,41,26,0,67,2,77,67,0,146,68,0,68,214
10/13/2010,LFT,LA,ASW,CE,Combined TRACON& Tower with Radar,3,37,41,2,83,0,75,46,0,121,3,112,87,2,204,42,0,42,246
10/14/2010,LFT,LA,ASW,CE,Combined TRACON& Tower with Radar,2,37,32,0,71,0,68,37,2,107,2,105,69,2,178,24,0,24,202
10/15/2010,LFT,LA,ASW,CE,Combined TRACON& Tower with Radar,5,44,51,11,111,0,59,48,3,110,5,103,99,14,221,16,0,16,237
10/16/2010,LFT,LA,ASW,CE,Combined TRACON& Tower with Radar,1,30,12,0,43,0,55,33,0,88,1,85,45,0,131,14,0,14,145
10/17/2010,LFT,LA,ASW,CE,Combined TRACON& Tower with Radar,0,33,33,0,66,0,21,33,0,54,0,54,66,0,120,42,0,42,162
10/18/2010,LFT,LA,ASW,CE,Combined TRACON& Tower with Radar,1,41,41,2,85,0,84,31,0,115,1,125,72,2,200,2,0,2,202
10/19/2010,LFT,LA,ASW,CE,Combined TRACON& Tower with Radar,1,33,40,2,76,0,39,29,0,68,1,72,69,2,144,50,0,50,194
10/20/2010,LFT,LA,ASW,CE,Combined TRACON& Tower with Radar,2,20,25,0,47,0,50,17,0,67,2,70,42,0,114,48,0,48,162
10/21/2010,LFT,LA,ASW,CE,Combined TRACON& Tower with Radar,2,41,34,2,79,0,43,39,2,84,2,84,73,4,163,34,0,34,197
10/22/2010,LFT,LA,ASW,CE,Combined TRACON& Tower with Radar,3,39,45,0,87,0,27,27,0,54,3,66,72,0,141,6,0,6,147
10/23/2010,LFT,LA,ASW,CE,Combined TRACON& Tower with Radar,3,28,27,0,58,0,26,36,2,64,3,54,63,2,122,28,0,28,150
10/24/2010,LFT,LA,ASW,CE,Combined TRACON& Tower with Radar,0,38,32,0,70,0,14,18,2,34,0,52,50,2,104,56,0,56,160
10/25/2010,LFT,LA,ASW,CE,Combined TRACON& Tower with Radar,1,46,37,0,84,0,29,19,1,49,1,75,56,1,133,0,0,0,133
10/26/2010,LFT,LA,ASW,CE,Combined TRACON& Tower with Radar,3,33,31,2,69,0,29,11,2,42,3,62,42,4,111,2,0,2,113
10/27/2010,LFT,LA,ASW,CE,Combined TRACON& Tower with Radar,2,46,43,2,93,0,22,14,0,36,2,68,57,2,129,0,0,0,129
10/28/2010,LFT,LA,ASW,CE,Combined TRACON& Tower with Radar,1,42,46,3,92,0,47,31,1,79,1,89,77,4,171,0,0,0,171
10/29/2010,LFT,LA,ASW,CE,Combined TRACON& Tower with Radar,3,42,34,0,79,0,44,46,0,90,3,86,80,0,169,0,0,0,169
10/30/2010,LFT,LA,ASW,CE,Combined TRACON& Tower with Radar,3,51,28,0,82,0,2,35,0,37,3,53,63,0,119,10,0,10,129
10/31/2010,LFT,LA,ASW,CE,Combined TRACON& Tower with Radar,0,32,31,0,63,0,42,33,0,75,0,74,64,0,138,0,0,0,138
11/01/2010,LFT,LA,ASW,CE,Combined TRACON& Tower with Radar,2,41,30,0,73,0,27,3,0,30,2,68,33,0,103,2,0,2,105
11/02/2010,LFT,LA,ASW,CE,Combined TRACON& Tower with Radar,5,42,18,0,65,0,17,21,0,38,5,59,39,0,103,0,0,0,103
11/03/2010,LFT,LA,ASW,CE,Combined TRACON& Tower with Radar,3,46,43,0,92,0,30,13,0,43,3,76,56,0,135,5,0,5,140
11/04/2010,LFT,LA,ASW,CE,Combined TRACON& Tower with Radar,1,42,49,2,94,0,54,23,0,77,1,96,72,2,171,0,0,0,171
11/05/2010,LFT,LA,ASW,CE,Combined TRACON& Tower with Radar,3,42,53,0,98,0,50,38,0,88,3,92,91,0,186,0,0,0,186
11/06/2010,LFT,LA,ASW,CE,Combined TRACON& Tower with Radar,1,32,25,0,58,0,20,44,0,64,1,52,69,0,122,56,0,56,178
11/07/2010,LFT,LA,ASW,CE,Combined TRACON& Tower with Radar,0,34,32,0,66,0,44,45,0,89,0,78,77,0,155,62,0,62,217
11/08/2010,LFT,LA,ASW,CE,Combined TRACON& Tower with Radar,1,41,31,4,77,0,60,40,0,100,1,101,71,4,177,8,2,10,187
11/09/2010,LFT,LA,ASW,CE,Combined TRACON& Tower with Radar,2,37,59,0,98,0,36,40,0,76,2,73,99,0,174,0,0,0,174
11/10/2010,LFT,LA,ASW,CE,Combined TRACON& Tower with Radar,2,35,42,4,83,0,39,26,1,66,2,74,68,5,149,0,10,10,159
11/11/2010,LFT,LA,ASW,CE,Combined TRACON& Tower with Radar,2,48,53,1,104,0,32,23,0,55,2,80,76,1,159,26,0,26,185
11/12/2010,LFT,LA,ASW,CE,Combined TRACON& Tower with Radar,3,39,34,5,81,0,47,27,2,76,3,86,61,7,157,5,0,5,162
11/13/2010,LFT,LA,ASW,CE,Combined TRACON& Tower with Radar,1,28,10,0,39,0,24,22,0,46,1,52,32,0,85,0,0,0,85
11/14/2010,LFT,LA,ASW,CE,Combined TRACON& Tower with Radar,0,31,31,1,63,0,27,9,0,36,0,58,40,1,99,70,0,70,169
11/15/2010,LFT,LA,ASW,CE,Combined TRACON& Tower with Radar,1,44,36,0,81,0,6,5,0,11,1,50,41,0,92,0,0,0,92
11/16/2010,LFT,LA,ASW,CE,Combined TRACON& Tower with Radar,3,34,55,0,92,0,50,21,0,71,3,84,76,0,163,4,0,4,167
11/17/2010,LFT,LA,ASW,CE,Combined TRACON& Tower with Radar,3,38,46,2,89,0,75,51,0,126,3,113,97,2,215,36,0,36,251
11/18/2010,LFT,LA,ASW,CE,Combined TRACON& Tower with Radar,2,45,46,2,95,0,80,39,0,119,2,125,85,2,214,24,0,24,238
11/19/2010,LFT,LA,ASW,CE,Combined TRACON& Tower with Radar,3,39,46,4,92,0,28,28,0,56,3,67,74,4,148,0,0,0,148
11/20/2010,LFT,LA,ASW,CE,Combined TRACON& Tower with Radar,2,26,17,0,45,0,33,23,0,56,2,59,40,0,101,0,0,0,101
11/21/2010,LFT,LA,ASW,CE,Combined TRACON& Tower with Radar,0,39,36,0,75,0,22,29,0,51,0,61,65,0,126,2,0,2,128
11/22/2010,LFT,LA,ASW,CE,Combined TRACON& Tower with Radar,0,35,44,0,79,0,40,21,0,61,0,75,65,0,140,58,0,58,198
11/23/2010,LFT,LA,ASW,CE,Combined TRACON& Tower with Radar,5,43,35,2,85,0,33,12,0,45,5,76,47,2,130,6,0,6,136
11/24/2010,LFT,LA,ASW,CE,Combined TRACON& Tower with Radar,3,42,34,0,79,0,33,21,0,54,3,75,55,0,133,12,0,12,145
11/25/2010,LFT,LA,ASW,CE,Combined TRACON& Tower with Radar,0,23,10,0,33,0,7,1,0,8,0,30,11,0,41,0,0,0,41
11/26/2010,LFT,LA,ASW,CE,Combined TRACON& Tower with Radar,2,30,15,0,47,0,16,1,0,17,2,46,16,0,64,0,0,0,64
11/27/2010,LFT,LA,ASW,CE,Combined TRACON& Tower with Radar,2,38,33,0,73,0,37,43,0,80,2,75,76,0,153,49,0,49,202
11/28/2010,LFT,LA,ASW,CE,Combined TRACON& Tower with Radar,0,37,50,0,87,0,59,33,0,92,0,96,83,0,179,84,0,84,263
11/29/2010,LFT,LA,ASW,CE,Combined TRACON& Tower with Radar,1,38,26,4,69,0,30,7,0,37,1,68,33,4,106,50,0,50,156
11/30/2010,LFT,LA,ASW,CE,Combined TRACON& Tower with Radar,5,34,22,6,67,0,29,19,0,48,5,63,41,6,115,2,0,2,117
12/01/2010,LFT,LA,ASW,CE,Combined TRACON& Tower with Radar,2,35,41,6,84,0,58,47,0,105,2,93,88,6,189,82,2,84,273
12/02/2010,LFT,LA,ASW,CE,Combined TRACON& Tower with Radar,2,36,24,0,62,0,38,38,0,76,2,74,62,0,138,16,0,16,154
12/03/2010,LFT,LA,ASW,CE,Combined TRACON& Tower with Radar,1,45,32,0,78,0,45,45,0,90,1,90,77,0,168,16,0,16,184
12/04/2010,LFT,LA,ASW,CE,Combined TRACON& Tower with Radar,1,26,28,0,55,0,40,18,0,58,1,66,46,0,113,0,0,0,113
12/05/2010,LFT,LA,ASW,CE,Combined TRACON& Tower with Radar,0,33,33,8,74,0,54,23,0,77,0,87,56,8,151,46,0,46,197
12/06/2010,LFT,LA,ASW,CE,Combined TRACON& Tower with Radar,1,39,30,0,70,0,46,33,0,79,1,85,63,0,149,5,0,5,154
12/07/2010,LFT,LA,ASW,CE,Combined TRACON& Tower with Radar,3,39,40,2,84,0,56,29,0,85,3,95,69,2,169,22,0,22,191
12/08/2010,LFT,LA,ASW,CE,Combined TRACON& Tower with Radar,2,37,47,6,92,0,22,28,0,50,2,59,75,6,142,0,0,0,142
12/09/2010,LFT,LA,ASW,CE,Combined TRACON& Tower with Radar,1,36,34,7,78,0,67,46,0,113,1,103,80,7,191,26,0,26,217
12/10/2010,LFT,LA,ASW,CE,Combined TRACON& Tower with Radar,2,44,40,7,93,0,59,42,1,102,2,103,82,8,195,22,0,22,217
12/11/2010,LFT,LA,ASW,CE,Combined TRACON& Tower with Radar,2,32,12,1,47,0,32,3,1,36,2,64,15,2,83,0,0,0,83
12/12/2010,LFT,LA,ASW,CE,Combined TRACON& Tower with Radar,0,39,23,0,62,0,39,25,0,64,0,78,48,0,126,64,0,64,190
12/13/2010,LFT,LA,ASW,CE,Combined TRACON& Tower with Radar,1,42,32,2,77,0,50,23,0,73,1,92,55,2,150,0,0,0,150
12/14/2010,LFT,LA,ASW,CE,Combined TRACON& Tower with Radar,3,37,49,4,93,0,61,29,0,90,3,98,78,4,183,4,0,4,187
12/15/2010,LFT,LA,ASW,CE,Combined TRACON& Tower with Radar,2,37,49,5,93,0,33,31,2,66,2,70,80,7,159,2,2,4,163
12/16/2010,LFT,LA,ASW,CE,Combined TRACON& Tower with Radar,3,40,52,0,95,0,58,26,0,84,3,98,78,0,179,0,0,0,179
12/17/2010,LFT,LA,ASW,CE,Combined TRACON& Tower with Radar,3,57,43,0,103,0,51,15,0,66,3,108,58,0,169,0,0,0,169
12/18/2010,LFT,LA,ASW,CE,Combined TRACON& Tower with Radar,2,31,24,10,67,0,34,31,0,65,2,65,55,10,132,28,0,28,160
12/19/2010,LFT,LA,ASW,CE,Combined TRACON& Tower with Radar,0,43,30,0,73,0,27,27,0,54,0,70,57,0,127,46,0,46,173
12/20/2010,LFT,LA,ASW,CE,Combined TRACON& Tower with Radar,1,39,42,0,82,0,56,28,0,84,1,95,70,0,166,10,0,10,176
12/21/2010,LFT,LA,ASW,CE,Combined TRACON& Tower with Radar,3,42,46,0,91,0,82,14,0,96,3,124,60,0,187,30,0,30,217
12/22/2010,LFT,LA,ASW,CE,Combined TRACON& Tower with Radar,3,48,43,0,94,0,44,14,0,58,3,92,57,0,152,36,0,36,188
12/23/2010,LFT,LA,ASW,CE,Combined TRACON& Tower with Radar,4,39,37,0,80,0,43,30,0,73,4,82,67,0,153,18,0,18,171
12/24/2010,LFT,LA,ASW,CE,Combined TRACON& Tower with Radar,3,24,8,0,35,0,31,22,0,53,3,55,30,0,88,0,0,0,88
12/25/2010,LFT,LA,ASW,CE,Combined TRACON& Tower with Radar,0,21,0,0,21,0,2,2,0,4,0,23,2,0,25,0,0,0,25
12/26/2010,LFT,LA,ASW,CE,Combined TRACON& Tower with Radar,0,31,25,0,56,0,26,18,0,44,0,57,43,0,100,0,0,0,100
12/27/2010,LFT,LA,ASW,CE,Combined TRACON& Tower with Radar,3,32,12,0,47,0,49,25,0,74,3,81,37,0,121,50,0,50,171
12/28/2010,LFT,LA,ASW,CE,Combined TRACON& Tower with Radar,1,41,32,0,74,0,68,34,0,102,1,109,66,0,176,56,0,56,232
12/29/2010,LFT,LA,ASW,CE,Combined TRACON& Tower with Radar,1,37,24,0,62,0,39,17,0,56,1,76,41,0,118,26,0,26,144
12/30/2010,LFT,LA,ASW,CE,Combined TRACON& Tower with Radar,3,52,32,0,87,0,42,7,0,49,3,94,39,0,136,60,0,60,196
12/31/2010,LFT,LA,ASW,CE,Combined TRACON& Tower with Radar,1,63,18,0,82,0,9,1,0,10,1,72,19,0,92,0,0,0,92
01/01/2011,LFT,LA,ASW,CE,Combined TRACON& Tower with Radar,0,25,3,0,28,0,27,7,0,34,0,52,10,0,62,0,0,0,62
01/02/2011,LFT,LA,ASW,CE,Combined TRACON& Tower with Radar,0,35,25,0,60,0,46,26,0,72,0,81,51,0,132,46,0,46,178
01/03/2011,LFT,LA,ASW,CE,Combined TRACON& Tower with Radar,0,39,26,0,65,0,22,36,0,58,0,61,62,0,123,28,0,28,151
01/04/2011,LFT,LA,ASW,CE,Combined TRACON& Tower with Radar,1,42,47,0,90,0,52,32,0,84,1,94,79,0,174,24,0,24,198
01/05/2011,LFT,LA,ASW,CE,Combined TRACON& Tower with Radar,1,38,43,0,82,0,16,8,0,24,1,54,51,0,106,13,0,13,119
01/06/2011,LFT,LA,ASW,CE,Combined TRACON& Tower with Radar,1,37,34,0,72,0,52,44,0,96,1,89,78,0,168,10,0,10,178
01/07/2011,LFT,LA,ASW,CE,Combined TRACON& Tower with Radar,2,42,37,1,82,0,34,43,0,77,2,76,80,1,159,0,42,42,201
01/08/2011,LFT,LA,ASW,CE,Combined TRACON& Tower with Radar,1,31,27,0,59,0,54,35,0,89,1,85,62,0,148,29,0,29,177
01/09/2011,LFT,LA,ASW,CE,Combined TRACON& Tower with Radar,0,28,20,0,48,0,9,1,0,10,0,37,21,0,58,34,0,34,92
01/10/2011,LFT,LA,ASW,CE,Combined TRACON& Tower with Radar,1,49,26,4,80,0,14,2,0,16,1,63,28,4,96,48,0,48,144
01/11/2011,LFT,LA,ASW,CE,Combined TRACON& Tower with Radar,2,29,33,4,68,0,34,4,0,38,2,63,37,4,106,46,0,46,152
01/12/2011,LFT,LA,ASW,CE,Combined TRACON& Tower with Radar,3,37,42,2,84,0,47,19,0,66,3,84,61,2,150,10,0,10,160
01/13/2011,LFT,LA,ASW,CE,Combined TRACON& Tower with Radar,2,43,40,0,85,0,70,30,0,100,2,113,70,0,185,6,0,6,191
01/14/2011,LFT,LA,ASW,CE,Combined TRACON& Tower with Radar,3,39,33,0,75,0,76,41,0,117,3,115,74,0,192,156,0,156,348
01/15/2011,LFT,LA,ASW,CE,Combined TRACON& Tower with Radar,2,31,17,0,50,0,98,45,0,143,2,129,62,0,193,35,0,35,228
01/16/2011,LFT,LA,ASW,CE,Combined TRACON& Tower with Radar,0,30,11,0,41,0,19,0,0,19,0,49,11,0,60,42,0,42,102
01/17/2011,LFT,LA,ASW,CE,Combined TRACON& Tower with Radar,0,42,28,0,70,0,35,21,2,58,0,77,49,2,128,8,4,12,140
01/18/2011,LFT,LA,ASW,CE,Combined TRACON& Tower with Radar,6,70,40,0,116,0,24,0,0,24,6,94,40,0,140,0,0,0,140
01/19/2011,LFT,LA,ASW,CE,Combined TRACON& Tower with Radar,3,34,42,0,79,0,36,44,0,80,3,70,86,0,159,8,0,8,167
01/20/2011,LFT,LA,ASW,CE,Combined TRACON& Tower with Radar,2,38,45,3,88,0,32,10,0,42,2,70,55,3,130,10,0,10,140
01/21/2011,LFT,LA,ASW,CE,Combined TRACON& Tower with Radar,3,45,28,0,76,0,79,31,0,110,3,124,59,0,186,104,0,104,290
01/22/2011,LFT,LA,ASW,CE,Combined TRACON& Tower with Radar,1,33,21,0,55,0,71,44,0,115,1,104,65,0,170,10,0,10,180
01/23/2011,LFT,LA,ASW,CE,Combined TRACON& Tower with Radar,0,33,26,0,59,0,51,24,0,75,0,84,50,0,134,92,0,92,226
01/24/2011,LFT,LA,ASW,CE,Combined TRACON& Tower with Radar,1,40,24,0,65,0,3,5,0,8,1,43,29,0,73,2,0,2,75
01/25/2011,LFT,LA,ASW,CE,Combined TRACON& Tower with Radar,2,40,35,6,83,0,30,5,0,35,2,70,40,6,118,0,24,24,142
01/26/2011,LFT,LA,ASW,CE,Combined TRACON& Tower with Radar,3,39,42,0,84,0,84,35,0,119,3,123,77,0,203,18,0,18,221
01/27/2011,LFT,LA,ASW,CE,Combined TRACON& Tower with Radar,2,46,45,4,97,0,58,37,2,97,2,104,82,6,194,14,12,26,220
01/28/2011,LFT,LA,ASW,CE,Combined TRACON& Tower with Radar,1,38,35,0,74,0,80,47,0,127,1,118,82,0,201,62,0,62,263
01/29/2011,LFT,LA,ASW,CE,Combined TRACON& Tower with Radar,2,29,27,2,60,0,41,48,0,89,2,70,75,2,149,18,0,18,167
01/30/2011,LFT,LA,ASW,CE,Combined TRACON& Tower with Radar,0,41,29,0,70,0,13,2,0,15,0,54,31,0,85,0,0,0,85
01/31/2011,LFT,LA,ASW,CE,Combined TRACON& Tower with Radar,1,54,42,0,97,0,23,23,0,46,1,77,65,0,143,0,0,0,143
02/01/2011,LFT,LA,ASW,CE,Combined TRACON& Tower with Radar,5,42,12,0,59,0,17,0,0,17,5,59,12,0,76,0,0,0,76
02/02/2011,LFT,LA,ASW,CE,Combined TRACON& Tower with Radar,1,28,18,7,54,0,34,10,0,44,1,62,28,7,98,22,0,22,120
02/03/2011,LFT,LA,ASW,CE,Combined TRACON& Tower with Radar,4,16,18,0,38,0,23,0,0,23,4,39,18,0,61,0,0,0,61
02/04/2011,LFT,LA,ASW,CE,Combined TRACON& Tower with Radar,2,10,27,0,39,0,0,0,0,0,2,10,27,0,39,0,0,0,39
02/05/2011,LFT,LA,ASW,CE,Combined TRACON& Tower with Radar,2,28,32,0,62,0,36,50,0,86,2,64,82,0,148,44,0,44,192
02/06/2011,LFT,LA,ASW,CE,Combined TRACON& Tower with Radar,0,34,20,0,54,0,37,43,0,80,0,71,63,0,134,139,0,139,273
02/07/2011,LFT,LA,ASW,CE,Combined TRACON& Tower with Radar,1,38,19,2,60,0,29,6,0,35,1,67,25,2,95,4,0,4,99
02/08/2011,LFT,LA,ASW,CE,Combined TRACON& Tower with Radar,3,40,29,2,74,0,74,33,0,107,3,114,62,2,181,1,0,1,182
02/09/2011,LFT,LA,ASW,CE,Combined TRACON& Tower with Radar,3,39,24,0,66,0,24,8,0,32,3,63,32,0,98,8,0,8,106
02/10/2011,LFT,LA,ASW,CE,Combined TRACON& Tower with Radar,3,33,55,4,95,0,36,12,0,48,3,69,67,4,143,50,0,50,193
02/11/2011,LFT,LA,ASW,CE,Combined TRACON& Tower with Radar,2,52,34,5,93,0,73,45,2,120,2,125,79,7,213,94,12,106,319
02/12/2011,LFT,LA,ASW,CE,Combined TRACON& Tower with Radar,1,27,22,4,54,0,37,50,2,89,1,64,72,6,143,10,0,10,153
02/13/2011,LFT,LA,ASW,CE,Combined TRACON& Tower with Radar,0,38,24,0,62,0,36,27,0,63,0,74,51,0,125,66,0,66,191
02/14/2011,LFT,LA,ASW,CE,Combined TRACON& Tower with Radar,1,36,19,0,56,0,36,23,0,59,1,72,42,0,115,74,0,74,189
02/15/2011,LFT,LA,ASW,CE,Combined TRACON& Tower with Radar,1,39,68,0,108,0,88,36,0,124,1,127,104,0,232,21,0,21,253
02/16/2011,LFT,LA,ASW,CE,Combined TRACON& Tower with Radar,1,36,51,0,88,0,80,29,0,109,1,116,80,0,197,26,0,26,223
02/17/2011,LFT,LA,ASW,CE,Combined TRACON& Tower with Radar,5,44,46,0,95,0,33,11,0,44,5,77,57,0,139,30,0,30,169
02/18/2011,LFT,LA,ASW,CE,Combined TRACON& Tower with Radar,3,44,62,3,112,0,60,18,1,79,3,104,80,4,191,0,46,46,237
02/19/2011,LFT,LA,ASW,CE,Combined TRACON& Tower with Radar,1,37,22,0,60,0,55,28,0,83,1,92,50,0,143,4,0,4,147
02/20/2011,LFT,LA,ASW,CE,Combined TRACON& Tower with Radar,0,39,30,3,72,0,27,21,0,48,0,66,51,3,120,18,0,18,138
02/21/2011,LFT,LA,ASW,CE,Combined TRACON& Tower with Radar,1,47,31,0,79,0,51,26,0,77,1,98,57,0,156,28,9,37,193
02/22/2011,LFT,LA,ASW,CE,Combined TRACON& Tower with Radar,3,50,40,2,95,0,28,15,0,43,3,78,55,2,138,64,0,64,202
02/23/2011,LFT,LA,ASW,CE,Combined TRACON& Tower with Radar,2,45,53,3,103,0,104,25,3,132,2,149,78,6,235,36,28,64,299
02/24/2011,LFT,LA,ASW,CE,Combined TRACON& Tower with Radar,1,36,38,0,75,0,31,3,0,34,1,67,41,0,109,0,0,0,109
02/25/2011,LFT,LA,ASW,CE,Combined TRACON& Tower with Radar,3,48,33,0,84,0,124,55,0,179,3,172,88,0,263,0,0,0,263
02/26/2011,LFT,LA,ASW,CE,Combined TRACON& Tower with Radar,2,26,23,0,51,0,35,15,0,50,2,61,38,0,101,4,0,4,105
02/27/2011,LFT,LA,ASW,CE,Combined TRACON& Tower with Radar,0,46,16,0,62,0,32,2,0,34,0,78,18,0,96,1,0,1,97
02/28/2011,LFT,LA,ASW,CE,Combined TRACON& Tower with Radar,1,41,28,0,70,0,34,20,0,54,1,75,48,0,124,38,0,38,162
03/01/2011,LFT,LA,ASW,CE,Combined TRACON& Tower with Radar,2,38,31,2,73,0,72,40,0,112,2,110,71,2,185,64,0,64,249
03/02/2011,LFT,LA,ASW,CE,Combined TRACON& Tower with Radar,1,35,33,5,74,0,61,46,2,109,1,96,79,7,183,24,0,24,207
03/03/2011,LFT,LA,ASW,CE,Combined TRACON& Tower with Radar,1,47,55,4,107,0,77,35,0,112,1,124,90,4,219,42,0,42,261
03/04/2011,LFT,LA,ASW,CE,Combined TRACON& Tower with Radar,3,47,38,1,89,0,48,3,0,51,3,95,41,1,140,22,2,24,164
03/05/2011,LFT,LA,ASW,CE,Combined TRACON& Tower with Radar,2,49,16,1,68,0,9,0,0,9,2,58,16,1,77,0,0,0,77
03/06/2011,LFT,LA,ASW,CE,Combined TRACON& Tower with Radar,0,37,15,0,52,0,39,9,0,48,0,76,24,0,100,0,0,0,100
03/07/2011,LFT,LA,ASW,CE,Combined TRACON& Tower with Radar,1,42,25,0,68,0,73,24,1,98,1,115,49,1,166,10,0,10,176
03/08/2011,LFT,LA,ASW,CE,Combined TRACON& Tower with Radar,2,41,32,0,75,0,6,0,0,6,2,47,32,0,81,0,0,0,81
03/09/2011,LFT,LA,ASW,CE,Combined TRACON& Tower with Radar,3,50,44,0,97,0,32,18,0,50,3,82,62,0,147,0,0,0,147
03/10/2011,LFT,LA,ASW,CE,Combined TRACON& Tower with Radar,2,45,34,2,83,0,63,41,0,104,2,108,75,2,187,0,0,0,187
03/11/2011,LFT,LA,ASW,CE,Combined TRACON& Tower with Radar,2,44,30,0,76,0,49,43,0,92,2,93,73,0,168,42,0,42,210
03/12/2011,LFT,LA,ASW,CE,Combined TRACON& Tower with Radar,2,38,27,0,67,0,52,29,0,81,2,90,56,0,148,22,0,22,170
03/13/2011,LFT,LA,ASW,CE,Combined TRACON& Tower with Radar,0,42,37,0,79,0,40,27,1,68,0,82,64,1,147,52,0,52,199
03/14/2011,LFT,LA,ASW,CE,Combined TRACON& Tower with Radar,3,39,27,1,70,0,36,2,0,38,3,75,29,1,108,0,0,0,108
03/15/2011,LFT,LA,ASW,CE,Combined TRACON& Tower with Radar,2,41,36,1,80,0,78,42,1,121,2,119,78,2,201,42,0,42,243
03/16/2011,LFT,LA,ASW,CE,Combined TRACON& Tower with Radar,1,37,27,2,67,0,59,51,0,110,1,96,78,2,177,12,0,12,189
03/17/2011,LFT,LA,ASW,CE,Combined TRACON& Tower with Radar,1,36,44,4,85,0,30,38,0,68,1,66,82,4,153,4,0,4,157
03/18/2011,LFT,LA,ASW,CE,Combined TRACON& Tower with Radar,3,41,33,3,80,0,50,41,0,91,3,91,74,3,171,30,4,34,205
03/19/2011,LFT,LA,ASW,CE,Combined TRACON& Tower with Radar,1,32,14,0,47,0,59,35,0,94,1,91,49,0,141,20,0,20,161
03/20/2011,LFT,LA,ASW,CE,Combined TRACON& Tower with Radar,0,41,20,1,62,0,29,47,0,76,0,70,67,1,138,70,0,70,208
03/21/2011,LFT,LA,ASW,CE,Combined TRACON& Tower with Radar,1,46,38,0,85,0,62,38,0,100,1,108,76,0,185,0,0,0,185
03/22/2011,LFT,LA,ASW,CE,Combined TRACON& Tower with Radar,3,42,45,0,90,0,63,17,0,80,3,105,62,0,170,28,0,28,198
03/23/2011,LFT,LA,ASW,CE,Combined TRACON& Tower with Radar,2,57,32,0,91,0,46,21,0,67,2,103,53,0,158,6,0,6,164
03/24/2011,LFT,LA,ASW,CE,Combined TRACON& Tower with Radar,3,54,56,2,115,0,62,54,0,116,3,116,110,2,231,32,0,32,263
03/25/2011,LFT,LA,ASW,CE,Combined TRACON& Tower with Radar,3,44,57,3,107,0,75,11,0,86,3,119,68,3,193,74,0,74,267
03/26/2011,LFT,LA,ASW,CE,Combined TRACON& Tower with Radar,2,29,25,0,56,0,43,19,0,62,2,72,44,0,118,20,0,20,138
03/27/2011,LFT,LA,ASW,CE,Combined TRACON& Tower with Radar,0,49,28,0,77,0,30,11,1,42,0,79,39,1,119,40,0,40,159
03/28/2011,LFT,LA,ASW,CE,Combined TRACON& Tower with Radar,1,50,30,0,81,0,42,17,1,60,1,92,47,1,141,56,0,56,197
03/29/2011,LFT,LA,ASW,CE,Combined TRACON& Tower with Radar,4,34,31,2,71,0,45,12,1,58,4,79,43,3,129,44,0,44,173
03/30/2011,LFT,LA,ASW,CE,Combined TRACON& Tower with Radar,2,50,41,6,99,0,7,5,0,12,2,57,46,6,111,0,0,0,111
03/31/2011,LFT,LA,ASW,CE,Combined TRACON& Tower with Radar,2,42,36,0,80,0,3,25,0,28,2,45,61,0,108,0,0,0,108
04/01/2011,LFT,LA,ASW,CE,Combined TRACON& Tower with Radar,1,37,35,2,75,0,93,25,1,119,1,130,60,3,194,12,0,12,206
04/02/2011,LFT,LA,ASW,CE,Combined TRACON& Tower with Radar,1,30,15,2,48,0,34,20,0,54,1,64,35,2,102,18,0,18,120
04/03/2011,LFT,LA,ASW,CE,Combined TRACON& Tower with Radar,0,42,35,1,78,0,43,11,1,55,0,85,46,2,133,24,0,24,157
04/04/2011,LFT,LA,ASW,CE,Combined TRACON& Tower with Radar,1,34,22,0,57,0,17,3,0,20,1,51,25,0,77,0,0,0,77
04/05/2011,LFT,LA,ASW,CE,Combined TRACON& Tower with Radar,1,40,38,4,83,0,78,42,0,120,1,118,80,4,203,12,0,12,215
04/06/2011,LFT,LA,ASW,CE,Combined TRACON& Tower with Radar,2,34,45,10,91,0,70,50,4,124,2,104,95,14,215,12,2,14,229
04/07/2011,LFT,LA,ASW,CE,Combined TRACON& Tower with Radar,2,43,37,2,84,0,49,42,0,91,2,92,79,2,175,30,4,34,209
04/08/2011,LFT,LA,ASW,CE,Combined TRACON& Tower with Radar,2,42,35,5,84,0,32,34,0,66,2,74,69,5,150,8,0,8,158
04/09/2011,LFT,LA,ASW,CE,Combined TRACON& Tower with Radar,0,30,21,0,51,0,35,41,0,76,0,65,62,0,127,6,0,6,133
04/10/2011,LFT,LA,ASW,CE,Combined TRACON& Tower with Radar,0,34,13,0,47,0,34,23,0,57,0,68,36,0,104,42,0,42,146
04/11/2011,LFT,LA,ASW,CE,Combined TRACON& Tower with Radar,1,37,33,0,71,0,48,26,0,74,1,85,59,0,145,22,0,22,167
04/12/2011,LFT,LA,ASW,CE,Combined TRACON& Tower with Radar,2,40,47,0,89,0,80,39,0,119,2,120,86,0,208,6,2,8,216
04/13/2011,LFT,LA,ASW,CE,Combined TRACON& Tower with Radar,1,39,36,3,79,0,85,39,1,125,1,124,75,4,204,0,6,6,210
04/14/2011,LFT,LA,ASW,CE,Combined TRACON& Tower with Radar,1,46,43,2,92,0,79,19,0,98,1,125,62,2,190,0,0,0,190
04/15/2011,LFT,LA,ASW,CE,Combined TRACON& Tower with Radar,2,39,47,0,88,0,26,23,0,49,2,65,70,0,137,8,0,8,145
04/16/2011,LFT,LA,ASW,CE,Combined TRACON& Tower with Radar,1,38,16,0,55,0,40,31,0,71,1,78,47,0,126,50,0,50,176
04/17/2011,LFT,LA,ASW,CE,Combined TRACON& Tower with Radar,4,33,35,2,74,0,22,31,1,54,4,55,66,3,128,0,0,0,128
04/18/2011,LFT,LA,ASW,CE,Combined TRACON& Tower with Radar,1,44,31,0,76,0,58,20,2,80,1,102,51,2,156,12,0,12,168
04/19/2011,LFT,LA,ASW,CE,Combined TRACON& Tower with Radar,3,43,23,3,72,0,57,28,1,86,3,100,51,4,158,0,0,0,158
04/20/2011,LFT,LA,ASW,CE,Combined TRACON& Tower with Radar,3,37,41,0,81,0,64,30,0,94,3,101,71,0,175,4,0,4,179
04/21/2011,LFT,LA,ASW,CE,Combined TRACON& Tower with Radar,3,40,50,6,99,0,45,34,0,79,3,85,84,6,178,22,0,22,200
04/22/2011,LFT,LA,ASW,CE,Combined TRACON& Tower with Radar,1,36,24,2,63,0,65,30,0,95,1,101,54,2,158,0,0,0,158
04/23/2011,LFT,LA,ASW,CE,Combined TRACON& Tower with Radar,2,32,19,0,53,0,17,18,0,35,2,49,37,0,88,6,0,6,94
04/24/2011,LFT,LA,ASW,CE,Combined TRACON& Tower with Radar,0,35,17,0,52,0,30,30,1,61,0,65,47,1,113,38,2,40,153
04/25/2011,LFT,LA,ASW,CE,Combined TRACON& Tower with Radar,1,37,49,0,87,0,13,31,0,44,1,50,80,0,131,0,0,0,131
04/26/2011,LFT,LA,ASW,CE,Combined TRACON& Tower with Radar,3,43,29,0,75,0,41,11,0,52,3,84,40,0,127,0,0,0,127
04/27/2011,LFT,LA,ASW,CE,Combined TRACON& Tower with Radar,2,36,43,0,81,0,81,19,0,100,2,117,62,0,181,0,0,0,181
04/28/2011,LFT,LA,ASW,CE,Combined TRACON& Tower with Radar,3,43,47,4,97,0,68,52,0,120,3,111,99,4,217,0,0,0,217
04/29/2011,LFT,LA,ASW,CE,Combined TRACON& Tower with Radar,1,36,46,0,83,0,70,54,1,125,1,106,100,1,208,59,0,59,267
04/30/2011,LFT,LA,ASW,CE,Combined TRACON& Tower with Radar,1,40,24,0,65,0,22,9,0,31,1,62,33,0,96,0,0,0,96
05/01/2011,LFT,LA,ASW,CE,Combined TRACON& Tower with Radar,4,38,39,1,82,0,38,13,0,51,4,76,52,1,133,46,0,46,179
05/02/2011,LFT,LA,ASW,CE,Combined TRACON& Tower with Radar,1,37,26,2,66,0,53,22,1,76,1,90,48,3,142,12,0,12,154
05/03/2011,LFT,LA,ASW,CE,Combined TRACON& Tower with Radar,3,37,38,2,80,0,26,14,0,40,3,63,52,2,120,0,0,0,120
05/04/2011,LFT,LA,ASW,CE,Combined TRACON& Tower with Radar,1,35,47,1,84,0,52,46,4,102,1,87,93,5,186,30,0,30,216
05/05/2011,LFT,LA,ASW,CE,Combined TRACON& Tower with Radar,3,47,40,0,90,0,48,41,0,89,3,95,81,0,179,28,0,28,207
05/06/2011,LFT,LA,ASW,CE,Combined TRACON& Tower with Radar,4,40,33,5,82,0,118,71,0,189,4,158,104,5,271,18,0,18,289
05/07/2011,LFT,LA,ASW,CE,Combined TRACON& Tower with Radar,2,29,30,1,62,0,78,56,0,134,2,107,86,1,196,6,0,6,202
05/08/2011,LFT,LA,ASW,CE,Combined TRACON& Tower with Radar,0,36,19,1,56,0,61,25,2,88,0,97,44,3,144,24,0,24,168
05/09/2011,LFT,LA,ASW,CE,Combined TRACON& Tower with Radar,1,43,44,0,88,0,71,29,0,100,1,114,73,0,188,0,0,0,188
05/10/2011,LFT,LA,ASW,CE,Combined TRACON& Tower with Radar,2,44,36,0,82,0,54,36,2,92,2,98,72,2,174,0,0,0,174
05/11/2011,LFT,LA,ASW,CE,Combined TRACON& Tower with Radar,3,40,49,0,92,0,74,28,2,104,3,114,77,2,196,0,0,0,196
05/12/2011,LFT,LA,ASW,CE,Combined TRACON& Tower with Radar,1,44,52,3,100,0,67,20,2,89,1,111,72,5,189,10,0,10,199
05/13/2011,LFT,LA,ASW,CE,Combined TRACON& Tower with Radar,2,49,33,0,84,0,92,47,1,140,2,141,80,1,224,26,0,26,250
05/14/2011,LFT,LA,ASW,CE,Combined TRACON& Tower with Radar,1,41,16,2,60,0,63,45,0,108,1,104,61,2,168,30,0,30,198
05/15/2011,LFT,LA,ASW,CE,Combined TRACON& Tower with Radar,3,46,24,0,73,0,32,45,1,78,3,78,69,1,151,6,0,6,157
05/16/2011,LFT,LA,ASW,CE,Combined TRACON& Tower with Radar,1,46,38,4,89,0,69,55,0,124,1,115,93,4,213,40,0,40,253
05/17/2011,LFT,LA,ASW,CE,Combined TRACON& Tower with Radar,1,51,54,2,108,0,118,65,3,186,1,169,119,5,294,52,0,52,346
05/18/2011,LFT,LA,ASW,CE,Combined TRACON& Tower with Radar,1,43,39,0,83,0,116,69,0,185,1,159,108,0,268,83,0,83,351
05/19/2011,LFT,LA,ASW,CE,Combined TRACON& Tower with Radar,2,52,56,0,110,0,101,34,1,136,2,153,90,1,246,0,0,0,246
05/20/2011,LFT,LA,ASW,CE,Combined TRACON& Tower with Radar,2,46,33,8,89,0,74,20,0,94,2,120,53,8,183,16,0,16,199
05/21/2011,LFT,LA,ASW,CE,Combined TRACON& Tower with Radar,2,44,20,0,66,0,70,10,0,80,2,114,30,0,146,0,0,0,146
05/22/2011,LFT,LA,ASW,CE,Combined TRACON& Tower with Radar,0,45,43,0,88,0,57,28,0,85,0,102,71,0,173,0,0,0,173
05/23/2011,LFT,LA,ASW,CE,Combined TRACON& Tower with Radar,1,55,36,1,93,0,35,32,0,67,1,90,68,1,160,0,0,0,160
05/24/2011,LFT,LA,ASW,CE,Combined TRACON& Tower with Radar,1,23,22,0,46,0,33,18,0,51,1,56,40,0,97,18,2,20,117
05/25/2011,LFT,LA,ASW,CE,Combined TRACON& Tower with Radar,2,48,48,0,98,0,61,33,1,95,2,109,81,1,193,34,0,34,227
05/26/2011,LFT,LA,ASW,CE,Combined TRACON& Tower with Radar,3,49,46,4,102,0,79,46,0,125,3,128,92,4,227,0,11,11,238
05/27/2011,LFT,LA,ASW,CE,Combined TRACON& Tower with Radar,1,64,32,0,97,0,76,49,0,125,1,140,81,0,222,4,0,4,226
05/28/2011,LFT,LA,ASW,CE,Combined TRACON& Tower with Radar,5,38,22,0,65,0,52,32,0,84,5,90,54,0,149,0,0,0,149
05/29/2011,LFT,LA,ASW,CE,Combined TRACON& Tower with Radar,2,40,13,0,55,0,27,23,0,50,2,67,36,0,105,44,0,44,149
05/30/2011,LFT,LA,ASW,CE,Combined TRACON& Tower with Radar,0,47,23,0,70,0,61,31,0,92,0,108,54,0,162,0,0,0,162
05/31/2011,LFT,LA,ASW,CE,Combined TRACON& Tower with Radar,2,53,48,0,103,0,68,37,0,105,2,121,85,0,208,42,0,42,250
06/01/2011,LFT,LA,ASW,CE,Combined TRACON& Tower with Radar,4,50,35,0,89,0,54,53,0,107,4,104,88,0,196,15,0,15,211
06/02/2011,LFT,LA,ASW,CE,Combined TRACON& Tower with Radar,1,51,39,0,91,0,62,44,0,106,1,113,83,0,197,40,0,40,237
06/03/2011,LFT,LA,ASW,CE,Combined TRACON& Tower with Radar,2,56,21,2,81,0,100,55,3,158,2,156,76,5,239,34,0,34,273
06/04/2011,LFT,LA,ASW,CE,Combined TRACON& Tower with Radar,1,41,19,0,61,0,40,25,0,65,1,81,44,0,126,48,0,48,174
06/05/2011,LFT,LA,ASW,CE,Combined TRACON& Tower with Radar,0,42,20,0,62,0,45,27,0,72,0,87,47,0,134,38,0,38,172
06/06/2011,LFT,LA,ASW,CE,Combined TRACON& Tower with Radar,1,52,31,2,86,0,73,17,0,90,1,125,48,2,176,14,8,22,198
06/07/2011,LFT,LA,ASW,CE,Combined TRACON& Tower with Radar,1,54,37,0,92,0,103,28,0,131,1,157,65,0,223,12,0,12,235
06/08/2011,LFT,LA,ASW,CE,Combined TRACON& Tower with Radar,1,45,44,0,90,0,92,35,2,129,1,137,79,2,219,55,0,55,274
06/09/2011,LFT,LA,ASW,CE,Combined TRACON& Tower with Radar,1,55,21,0,77,0,32,33,0,65,1,87,54,0,142,64,0,64,206
06/10/2011,LFT,LA,ASW,CE,Combined TRACON& Tower with Radar,3,57,29,7,96,0,82,37,0,119,3,139,66,7,215,34,0,34,249
06/11/2011,LFT,LA,ASW,CE,Combined TRACON& Tower with Radar,1,44,19,0,64,0,50,40,0,90,1,94,59,0,154,20,0,20,174
06/12/2011,LFT,LA,ASW,CE,Combined TRACON& Tower with Radar,2,48,26,0,76,0,24,43,1,68,2,72,69,1,144,54,0,54,198
06/13/2011,LFT,LA,ASW,CE,Combined TRACON& Tower with Radar,1,52,21,1,75,0,57,39,0,96,1,109,60,1,171,44,0,44,215
06/14/2011,LFT,LA,ASW,CE,Combined TRACON& Tower with Radar,2,50,40,6,98,0,114,40,2,156,2,164,80,8,254,54,2,56,310
06/15/2011,LFT,LA,ASW,CE,Combined TRACON& Tower with Radar,2,44,43,0,89,0,55,58,0,113,2,99,101,0,202,62,0,62,264
06/16/2011,LFT,LA,ASW,CE,Combined TRACON& Tower with Radar,1,49,44,2,96,0,59,40,0,99,1,108,84,2,195,12,0,12,207
06/17/2011,LFT,LA,ASW,CE,Combined TRACON& Tower with Radar,2,49,31,2,84,0,104,54,0,158,2,153,85,2,242,32,4,36,278
06/18/2011,LFT,LA,ASW,CE,Combined TRACON& Tower with Radar,1,34,32,6,73,0,92,39,0,131,1,126,71,6,204,36,0,36,240
06/19/2011,LFT,LA,ASW,CE,Combined TRACON& Tower with Radar,0,43,25,0,68,0,56,21,0,77,0,99,46,0,145,20,0,20,165
06/20/2011,LFT,LA,ASW,CE,Combined TRACON& Tower with Radar,1,47,31,5,84,0,73,23,0,96,1,120,54,5,180,16,6,22,202
06/21/2011,LFT,LA,ASW,CE,Combined TRACON& Tower with Radar,1,52,24,4,81,0,60,12,0,72,1,112,36,4,153,20,16,36,189
06/22/2011,LFT,LA,ASW,CE,Combined TRACON& Tower with Radar,1,36,40,3,80,0,19,8,1,28,1,55,48,4,108,66,0,66,174
06/23/2011,LFT,LA,ASW,CE,Combined TRACON& Tower with Radar,2,47,42,1,92,0,26,10,1,37,2,73,52,2,129,44,0,44,173
06/24/2011,LFT,LA,ASW,CE,Combined TRACON& Tower with Radar,9,57,32,0,98,0,75,37,0,112,9,132,69,0,210,39,2,41,251
06/25/2011,LFT,LA,ASW,CE,Combined TRACON& Tower with Radar,1,31,16,0,48,0,54,28,0,82,1,85,44,0,130,70,0,70,200
06/26/2011,LFT,LA,ASW,CE,Combined TRACON& Tower with Radar,3,36,31,0,70,0,20,27,4,51,3,56,58,4,121,22,1,23,144
06/27/2011,LFT,LA,ASW,CE,Combined TRACON& Tower with Radar,1,41,29,0,71,0,61,38,0,99,1,102,67,0,170,30,0,30,200
06/28/2011,LFT,LA,ASW,CE,Combined TRACON& Tower with Radar,1,52,39,0,92,0,81,38,0,119,1,133,77,0,211,28,0,28,239
06/29/2011,LFT,LA,ASW,CE,Combined TRACON& Tower with Radar,1,43,39,0,83,0,53,56,0,109,1,96,95,0,192,60,0,60,252
06/30/2011,LFT,LA,ASW,CE,Combined TRACON& Tower with Radar,2,41,35,1,79,0,39,50,0,89,2,80,85,1,168,33,0,33,201
07/01/2011,LFT,LA,ASW,CE,Combined TRACON& Tower with Radar,1,48,45,0,94,0,102,34,0,136,1,150,79,0,230,16,0,16,246
07/02/2011,LFT,LA,ASW,CE,Combined TRACON& Tower with Radar,1,38,26,0,65,0,28,52,0,80,1,66,78,0,145,8,0,8,153
07/03/2011,LFT,LA,ASW,CE,Combined TRACON& Tower with Radar,0,24,10,0,34,0,43,24,0,67,0,67,34,0,101,62,0,62,163
07/04/2011,LFT,LA,ASW,CE,Combined TRACON& Tower with Radar,0,28,22,0,50,0,22,25,0,47,0,50,47,0,97,54,0,54,151
07/05/2011,LFT,LA,ASW,CE,Combined TRACON& Tower with Radar,2,70,30,0,102,0,60,29,0,89,2,130,59,0,191,30,0,30,221
07/06/2011,LFT,LA,ASW,CE,Combined TRACON& Tower with Radar,4,39,32,0,75,0,85,32,0,117,4,124,64,0,192,38,0,38,230
07/07/2011,LFT,LA,ASW,CE,Combined TRACON& Tower with Radar,0,38,50,0,88,0,37,32,4,73,0,75,82,4,161,80,0,80,241
07/08/2011,LFT,LA,ASW,CE,Combined TRACON& Tower with Radar,3,40,40,0,83,0,33,30,0,63,3,73,70,0,146,16,0,16,162
07/09/2011,LFT,LA,ASW,CE,Combined TRACON& Tower with Radar,1,30,17,0,48,0,18,36,0,54,1,48,53,0,102,0,0,0,102
07/10/2011,LFT,LA,ASW,CE,Combined TRACON& Tower with Radar,4,33,16,0,53,0,41,37,0,78,4,74,53,0,131,44,0,44,175
07/11/2011,LFT,LA,ASW,CE,Combined TRACON& Tower with Radar,1,42,34,1,78,0,71,30,0,101,1,113,64,1,179,32,0,32,211
07/12/2011,LFT,LA,ASW,CE,Combined TRACON& Tower with Radar,1,42,27,0,70,0,33,23,3,59,1,75,50,3,129,64,0,64,193
07/13/2011,LFT,LA,ASW,CE,Combined TRACON& Tower with Radar,2,43,27,0,72,0,73,47,0,120,2,116,74,0,192,46,0,46,238
07/14/2011,LFT,LA,ASW,CE,Combined TRACON& Tower with Radar,1,44,35,3,83,0,37,23,1,61,1,81,58,4,144,18,0,18,162
07/15/2011,LFT,LA,ASW,CE,Combined TRACON& Tower with Radar,1,42,33,0,76,0,57,9,0,66,1,99,42,0,142,78,0,78,220
07/16/2011,LFT,LA,ASW,CE,Combined TRACON& Tower with Radar,1,35,17,0,53,0,30,14,0,44,1,65,31,0,97,10,0,10,107
07/17/2011,LFT,LA,ASW,CE,Combined TRACON& Tower with Radar,0,38,21,0,59,0,42,12,0,54,0,80,33,0,113,0,0,0,113
07/18/2011,LFT,LA,ASW,CE,Combined TRACON& Tower with Radar,1,55,23,0,79,0,32,20,0,52,1,87,43,0,131,0,66,66,197
07/19/2011,LFT,LA,ASW,CE,Combined TRACON& Tower with Radar,2,43,37,0,82,0,54,24,0,78,2,97,61,0,160,44,0,44,204
07/20/2011,LFT,LA,ASW,CE,Combined TRACON& Tower with Radar,2,54,46,0,102,0,71,40,0,111,2,125,86,0,213,78,0,78,291
07/21/2011,LFT,LA,ASW,CE,Combined TRACON& Tower with Radar,2,45,59,0,106,0,43,22,0,65,2,88,81,0,171,24,0,24,195
07/22/2011,LFT,LA,ASW,CE,Combined TRACON& Tower with Radar,2,55,26,7,90,0,34,30,0,64,2,89,56,7,154,0,0,0,154
07/23/2011,LFT,LA,ASW,CE,Combined TRACON& Tower with Radar,1,35,10,0,46,0,40,7,0,47,1,75,17,0,93,0,0,0,93
07/24/2011,LFT,LA,ASW,CE,Combined TRACON& Tower with Radar,4,37,27,1,69,0,42,10,0,52,4,79,37,1,121,0,0,0,121
07/25/2011,LFT,LA,ASW,CE,Combined TRACON& Tower with Radar,1,43,39,0,83,0,17,20,0,37,1,60,59,0,120,2,0,2,122
07/26/2011,LFT,LA,ASW,CE,Combined TRACON& Tower with Radar,3,45,47,2,97,0,34,11,0,45,3,79,58,2,142,10,0,10,152
07/27/2011,LFT,LA,ASW,CE,Combined TRACON& Tower with Radar,2,45,33,0,80,0,19,12,0,31,2,64,45,0,111,4,4,8,119
07/28/2011,LFT,LA,ASW,CE,Combined TRACON& Tower with Radar,5,41,35,0,81,0,53,28,0,81,5,94,63,0,162,20,0,20,182
07/29/2011,LFT,LA,ASW,CE,Combined TRACON& Tower with Radar,2,33,24,1,60,0,38,15,2,55,2,71,39,3,115,14,0,14,129
07/30/2011,LFT,LA,ASW,CE,Combined TRACON& Tower with Radar,1,30,23,0,54,0,52,37,2,91,1,82,60,2,145,0,0,0,145
07/31/2011,LFT,LA,ASW,CE,Combined TRACON& Tower with Radar,0,39,26,1,66,0,51,41,0,92,0,90,67,1,158,44,0,44,202
08/01/2011,LFT,LA,ASW,CE,Combined TRACON& Tower with Radar,1,43,26,0,70,0,38,36,1,75,1,81,62,1,145,40,0,40,185
08/02/2011,LFT,LA,ASW,CE,Combined TRACON& Tower with Radar,2,41,58,0,101,0,43,31,0,74,2,84,89,0,175,12,0,12,187
08/03/2011,LFT,LA,ASW,CE,Combined TRACON& Tower with Radar,1,44,33,0,78,0,59,30,1,90,1,103,63,1,168,34,0,34,202
08/04/2011,LFT,LA,ASW,CE,Combined TRACON& Tower with Radar,1,46,41,0,88,0,74,37,0,111,1,120,78,0,199,48,2,50,249
08/05/2011,LFT,LA,ASW,CE,Combined TRACON& Tower with Radar,2,42,20,0,64,0,40,37,0,77,2,82,57,0,141,40,0,40,181
08/06/2011,LFT,LA,ASW,CE,Combined TRACON& Tower with Radar,2,26,23,2,53,0,35,28,0,63,2,61,51,2,116,14,0,14,130
08/07/2011,LFT,LA,ASW,CE,Combined TRACON& Tower with Radar,4,34,18,0,56,0,50,19,0,69,4,84,37,0,125,60,0,60,185
08/08/2011,LFT,LA,ASW,CE,Combined TRACON& Tower with Radar,1,37,17,0,55,0,58,42,0,100,1,95,59,0,155,60,2,62,217
08/09/2011,LFT,LA,ASW,CE,Combined TRACON& Tower with Radar,2,42,50,0,94,0,56,47,1,104,2,98,97,1,198,54,0,54,252
08/10/2011,LFT,LA,ASW,CE,Combined TRACON& Tower with Radar,2,40,53,7,102,0,98,33,1,132,2,138,86,8,234,48,0,48,282
08/11/2011,LFT,LA,ASW,CE,Combined TRACON& Tower with Radar,2,43,42,0,87,0,61,50,0,111,2,104,92,0,198,44,0,44,242
08/12/2011,LFT,LA,ASW,CE,Combined TRACON& Tower with Radar,2,38,28,0,68,0,35,30,0,65,2,73,58,0,133,2,0,2,135
08/13/2011,LFT,LA,ASW,CE,Combined TRACON& Tower with Radar,2,30,27,0,59,0,40,29,0,69,2,70,56,0,128,41,0,41,169
08/14/2011,LFT,LA,ASW,CE,Combined TRACON& Tower with Radar,0,31,24,0,55,0,36,30,0,66,0,67,54,0,121,59,0,59,180
08/15/2011,LFT,LA,ASW,CE,Combined TRACON& Tower with Radar,1,41,23,0,65,0,64,47,0,111,1,105,70,0,176,7,1,8,184
08/16/2011,LFT,LA,ASW,CE,Combined TRACON& Tower with Radar,3,37,47,0,87,0,67,40,0,107,3,104,87,0,194,38,0,38,232
08/17/2011,LFT,LA,ASW,CE,Combined TRACON& Tower with Radar,2,39,34,6,81,0,62,56,0,118,2,101,90,6,199,28,0,28,227
08/18/2011,LFT,LA,ASW,CE,Combined TRACON& Tower with Radar,1,35,31,0,67,0,75,36,0,111,1,110,67,0,178,54,0,54,232
08/19/2011,LFT,LA,ASW,CE,Combined TRACON& Tower with Radar,2,37,19,0,58,0,87,38,0,125,2,124,57,0,183,52,0,52,235
08/20/2011,LFT,LA,ASW,CE,Combined TRACON& Tower with Radar,1,23,11,0,35,0,30,30,0,60,1,53,41,0,95,0,24,24,119
08/21/2011,LFT,LA,ASW,CE,Combined TRACON& Tower with Radar,4,38,21,2,65,0,43,28,0,71,4,81,49,2,136,64,0,64,200
08/22/2011,LFT,LA,ASW,CE,Combined TRACON& Tower with Radar,1,38,26,2,67,0,65,18,1,84,1,103,44,3,151,32,0,32,183
08/23/2011,LFT,LA,ASW,CE,Combined TRACON& Tower with Radar,2,32,37,0,71,0,90,24,0,114,2,122,61,0,185,82,0,82,267
08/24/2011,LFT,LA,ASW,CE,Combined TRACON& Tower with Radar,2,34,46,0,82,0,72,41,0,113,2,106,87,0,195,28,0,28,223
08/25/2011,LFT,LA,ASW,CE,Combined TRACON& Tower with Radar,3,38,29,0,70,0,64,56,3,123,3,102,85,3,193,90,0,90,283
08/26/2011,LFT,LA,ASW,CE,Combined TRACON& Tower with Radar,2,37,28,7,74,0,80,46,0,126,2,117,74,7,200,57,14,71,271
08/27/2011,LFT,LA,ASW,CE,Combined TRACON& Tower with Radar,1,25,16,0,42,0,43,29,0,72,1,68,45,0,114,54,0,54,168
08/28/2011,LFT,LA,ASW,CE,Combined TRACON& Tower with Radar,0,34,15,1,50,0,32,39,0,71,0,66,54,1,121,34,0,34,155
08/29/2011,LFT,LA,ASW,CE,Combined TRACON& Tower with Radar,1,39,22,4,66,0,51,46,0,97,1,90,68,4,163,40,0,40,203
08/30/2011,LFT,LA,ASW,CE,Combined TRACON& Tower with Radar,2,38,38,0,78,0,50,55,0,105,2,88,93,0,183,20,0,20,203
08/31/2011,LFT,LA,ASW,CE,Combined TRACON& Tower with Radar,1,35,46,4,86,0,77,23,0,100,1,112,69,4,186,2,0,2,188
09/01/2011,LFT,LA,ASW,CE,Combined TRACON& Tower with Radar,2,42,35,2,81,0,48,17,0,65,2,90,52,2,146,4,0,4,150
09/02/2011,LFT,LA,ASW,CE,Combined TRACON& Tower with Radar,5,42,56,0,103,0,29,3,0,32,5,71,59,0,135,0,0,0,135
09/03/2011,LFT,LA,ASW,CE,Combined TRACON& Tower with Radar,4,15,6,0,25,0,0,0,0,0,4,15,6,0,25,0,0,0,25
09/04/2011,LFT,LA,ASW,CE,Combined TRACON& Tower with Radar,2,28,30,0,60,0,0,0,0,0,2,28,30,0,60,0,0,0,60
09/05/2011,LFT,LA,ASW,CE,Combined TRACON& Tower with Radar,0,41,22,0,63,0,36,3,0,39,0,77,25,0,102,6,0,6,108
09/06/2011,LFT,LA,ASW,CE,Combined TRACON& Tower with Radar,3,40,28,0,71,0,70,30,1,101,3,110,58,1,172,12,4,16,188
09/07/2011,LFT,LA,ASW,CE,Combined TRACON& Tower with Radar,3,36,33,0,72,0,73,57,3,133,3,109,90,3,205,86,4,90,295
09/08/2011,LFT,LA,ASW,CE,Combined TRACON& Tower with Radar,1,44,42,0,87,0,67,66,0,133,1,111,108,0,220,25,0,25,245
09/09/2011,LFT,LA,ASW,CE,Combined TRACON& Tower with Radar,4,43,31,4,82,0,26,33,0,59,4,69,64,4,141,16,0,16,157
09/10/2011,LFT,LA,ASW,CE,Combined TRACON& Tower with Radar,1,30,30,5,66,0,58,31,1,90,1,88,61,6,156,48,0,48,204
09/11/2011,LFT,LA,ASW,CE,Combined TRACON& Tower with Radar,0,36,31,8,75,0,36,27,0,63,0,72,58,8,138,58,0,58,196
09/12/2011,LFT,LA,ASW,CE,Combined TRACON& Tower with Radar,1,42,50,5,98,0,79,50,4,133,1,121,100,9,231,58,6,64,295
09/13/2011,LFT,LA,ASW,CE,Combined TRACON& Tower with Radar,3,34,31,3,71,0,76,53,2,131,3,110,84,5,202,56,0,56,258
09/14/2011,LFT,LA,ASW,CE,Combined TRACON& Tower with Radar,1,37,43,2,83,0,64,48,0,112,1,101,91,2,195,21,0,21,216
09/15/2011,LFT,LA,ASW,CE,Combined TRACON& Tower with Radar,2,43,39,4,88,0,111,34,0,145,2,154,73,4,233,94,8,102,335
09/16/2011,LFT,LA,ASW,CE,Combined TRACON& Tower with Radar,2,45,43,1,91,0,35,32,0,67,2,80,75,1,158,6,0,6,164
09/17/2011,LFT,LA,ASW,CE,Combined TRACON& Tower with Radar,1,27,14,0,42,0,40,39,0,79,1,67,53,0,121,30,0,30,151
09/18/2011,LFT,LA,ASW,CE,Combined TRACON& Tower with Radar,4,36,20,0,60,0,17,31,0,48,4,53,51,0,108,36,0,36,144
09/19/2011,LFT,LA,ASW,CE,Combined TRACON& Tower with Radar,1,40,16,0,57,0,16,9,0,25,1,56,25,0,82,5,0,5,87
09/20/2011,LFT,LA,ASW,CE,Combined TRACON& Tower with Radar,2,34,31,0,67,0,95,23,0,118,2,129,54,0,185,15,0,15,200
09/21/2011,LFT,LA,ASW,CE,Combined TRACON& Tower with Radar,2,44,38,1,85,0,73,37,0,110,2,117,75,1,195,22,0,22,217
09/22/2011,LFT,LA,ASW,CE,Combined TRACON& Tower with Radar,3,38,42,4,87,0,61,21,2,84,3,99,63,6,171,34,0,34,205
09/23/2011,LFT,LA,ASW,CE,Combined TRACON& Tower with Radar,5,42,29,0,76,0,36,42,0,78,5,78,71,0,154,18,0,18,172
09/24/2011,LFT,LA,ASW,CE,Combined TRACON& Tower with Radar,1,32,21,0,54,0,48,54,0,102,1,80,75,0,156,0,0,0,156
09/25/2011,LFT,LA,ASW,CE,Combined TRACON& Tower with Radar,0,37,30,0,67,0,43,24,0,67,0,80,54,0,134,38,0,38,172
09/26/2011,LFT,LA,ASW,CE,Combined TRACON& Tower with Radar,1,39,23,0,63,0,75,37,10,122,1,114,60,10,185,22,0,22,207
09/27/2011,LFT,LA,ASW,CE,Combined TRACON& Tower with Radar,2,35,25,0,62,0,62,31,0,93,2,97,56,0,155,0,0,0,155
09/28/2011,LFT,LA,ASW,CE,Combined TRACON& Tower with Radar,1,32,44,0,77,0,58,28,0,86,1,90,72,0,163,28,0,28,191
09/29/2011,LFT,LA,ASW,CE,Combined TRACON& Tower with Radar,5,45,38,0,88,0,65,37,0,102,5,110,75,0,190,48,0,48,238
09/30/2011,LFT,LA,ASW,CE,Combined TRACON& Tower with Radar,4,46,34,0,84,0,81,72,0,153,4,127,106,0,237,4,0,4,241
10/01/2011,LFT,LA,ASW,CE,Combined TRACON& Tower with Radar,1,26,14,0,41,0,34,61,0,95,1,60,75,0,136,86,0,86,222
10/02/2011,LFT,LA,ASW,CE,Combined TRACON& Tower with Radar,4,41,27,0,72,0,28,33,0,61,4,69,60,0,133,0,0,0,133
10/03/2011,LFT,LA,ASW,CE,Combined TRACON& Tower with Radar,1,38,27,2,68,0,67,57,1,125,1,105,84,3,193,25,0,25,218
10/04/2011,LFT,LA,ASW,CE,Combined TRACON& Tower with Radar,2,37,46,2,87,0,86,44,2,132,2,123,90,4,219,52,0,52,271
10/05/2011,LFT,LA,ASW,CE,Combined TRACON& Tower with Radar,1,37,43,4,85,0,45,54,0,99,1,82,97,4,184,38,0,38,222
10/06/2011,LFT,LA,ASW,CE,Combined TRACON& Tower with Radar,1,42,44,0,87,0,47,35,0,82,1,89,79,0,169,24,4,28,197
10/07/2011,LFT,LA,ASW,CE,Combined TRACON& Tower with Radar,2,46,39,0,87,0,63,44,0,107,2,109,83,0,194,4,0,4,198
10/08/2011,LFT,LA,ASW,CE,Combined TRACON& Tower with Radar,1,27,20,2,50,0,40,32,0,72,1,67,52,2,122,14,0,14,136
10/09/2011,LFT,LA,ASW,CE,Combined TRACON& Tower with Radar,2,35,39,0,76,0,30,13,0,43,2,65,52,0,119,22,0,22,141
10/10/2011,LFT,LA,ASW,CE,Combined TRACON& Tower with Radar,1,43,35,0,79,0,29,40,0,69,1,72,75,0,148,18,0,18,166
10/11/2011,LFT,LA,ASW,CE,Combined TRACON& Tower with Radar,1,36,33,2,72,0,77,45,0,122,1,113,78,2,194,0,0,0,194
10/12/2011,LFT,LA,ASW,CE,Combined TRACON& Tower with Radar,1,42,40,5,88,0,59,28,3,90,1,101,68,8,178,6,3,9,187
10/13/2011,LFT,LA,ASW,CE,Combined TRACON& Tower with Radar,2,42,36,4,84,0,35,43,0,78,2,77,79,4,162,0,0,0,162
10/14/2011,LFT,LA,ASW,CE,Combined TRACON& Tower with Radar,4,43,45,6,98,0,61,55,0,116,4,104,100,6,214,20,0,20,234
10/15/2011,LFT,LA,ASW,CE,Combined TRACON& Tower with Radar,3,30,25,0,58,0,22,43,0,65,3,52,68,0,123,26,0,26,149
10/16/2011,LFT,LA,ASW,CE,Combined TRACON& Tower with Radar,4,37,35,1,77,0,31,24,8,63,4,68,59,9,140,32,0,32,172
10/17/2011,LFT,LA,ASW,CE,Combined TRACON& Tower with Radar,1,42,45,0,88,0,74,31,0,105,1,116,76,0,193,10,8,18,211
10/18/2011,LFT,LA,ASW,CE,Combined TRACON& Tower with Radar,6,40,25,0,71,0,23,5,0,28,6,63,30,0,99,6,0,6,105
10/19/2011,LFT,LA,ASW,CE,Combined TRACON& Tower with Radar,3,38,37,0,78,0,51,34,0,85,3,89,71,0,163,40,0,40,203
10/20/2011,LFT,LA,ASW,CE,Combined TRACON& Tower with Radar,2,44,42,4,92,0,55,40,0,95,2,99,82,4,187,28,2,30,217
10/21/2011,LFT,LA,ASW,CE,Combined TRACON& Tower with Radar,3,42,39,1,85,0,89,59,0,148,3,131,98,1,233,13,0,13,246
10/22/2011,LFT,LA,ASW,CE,Combined TRACON& Tower with Radar,2,28,17,0,47,0,73,22,2,97,2,101,39,2,144,64,0,64,208
10/23/2011,LFT,LA,ASW,CE,Combined TRACON& Tower with Radar,0,38,30,0,68,0,33,31,0,64,0,71,61,0,132,4,0,4,136
10/24/2011,LFT,LA,ASW,CE,Combined TRACON& Tower with Radar,1,59,33,12,105,0,53,31,0,84,1,112,64,12,189,26,0,26,215
10/25/2011,LFT,LA,ASW,CE,Combined TRACON& Tower with Radar,3,35,47,2,87,0,79,59,0,138,3,114,106,2,225,8,0,8,233
10/26/2011,LFT,LA,ASW,CE,Combined TRACON& Tower with Radar,5,38,50,3,96,0,50,34,0,84,5,88,84,3,180,10,0,10,190
10/27/2011,LFT,LA,ASW,CE,Combined TRACON& Tower with Radar,3,44,56,15,118,0,40,34,11,85,3,84,90,26,203,20,46,66,269
10/28/2011,LFT,LA,ASW,CE,Combined TRACON& Tower with Radar,5,44,22,14,85,0,15,7,0,22,5,59,29,14,107,82,20,102,209
10/29/2011,LFT,LA,ASW,CE,Combined TRACON& Tower with Radar,2,26,19,1,48,0,22,42,1,65,2,48,61,2,113,167,246,413,526
10/30/2011,LFT,LA,ASW,CE,Combined TRACON& Tower with Radar,4,33,11,3,51,0,58,37,2,97,4,91,48,5,148,2,206,208,356
10/31/2011,LFT,LA,ASW,CE,Combined TRACON& Tower with Radar,1,38,24,4,67,0,55,40,1,96,1,93,64,5,163,9,2,11,174
11/01/2011,LFT,LA,ASW,CE,Combined TRACON& Tower with Radar,1,33,33,0,67,0,93,43,2,138,1,126,76,2,205,48,2,50,255
11/02/2011,LFT,LA,ASW,CE,Combined TRACON& Tower with Radar,2,42,50,0,94,0,70,40,0,110,2,112,90,0,204,12,0,12,216
11/03/2011,LFT,LA,ASW,CE,Combined TRACON& Tower with Radar,4,43,50,0,97,0,32,20,0,52,4,75,70,0,149,0,0,0,149
11/04/2011,LFT,LA,ASW,CE,Combined TRACON& Tower with Radar,3,44,22,0,69,0,38,34,0,72,3,82,56,0,141,40,0,40,181
11/05/2011,LFT,LA,ASW,CE,Combined TRACON& Tower with Radar,1,33,35,0,69,0,24,44,1,69,1,57,79,1,138,22,0,22,160
11/06/2011,LFT,LA,ASW,CE,Combined TRACON& Tower with Radar,2,41,31,1,75,0,44,23,2,69,2,85,54,3,144,36,0,36,180
11/07/2011,LFT,LA,ASW,CE,Combined TRACON& Tower with Radar,1,42,25,0,68,0,51,27,0,78,1,93,52,0,146,52,0,52,198
11/08/2011,LFT,LA,ASW,CE,Combined TRACON& Tower with Radar,2,30,36,0,68,0,58,7,0,65,2,88,43,0,133,0,0,0,133
11/09/2011,LFT,LA,ASW,CE,Combined TRACON& Tower with Radar,3,35,61,2,101,0,91,32,1,124,3,126,93,3,225,20,36,56,281
11/10/2011,LFT,LA,ASW,CE,Combined TRACON& Tower with Radar,3,44,37,0,84,0,37,23,0,60,3,81,60,0,144,20,0,20,164
11/11/2011,LFT,LA,ASW,CE,Combined TRACON& Tower with Radar,5,47,35,0,87,0,49,35,0,84,5,96,70,0,171,95,0,95,266
11/12/2011,LFT,LA,ASW,CE,Combined TRACON& Tower with Radar,2,27,24,0,53,0,57,25,0,82,2,84,49,0,135,22,0,22,157
11/13/2011,LFT,LA,ASW,CE,Combined TRACON& Tower with Radar,2,46,20,0,68,0,43,26,0,69,2,89,46,0,137,4,0,4,141
11/14/2011,LFT,LA,ASW,CE,Combined TRACON& Tower with Radar,1,44,29,0,74,0,49,7,0,56,1,93,36,0,130,43,0,43,173
11/15/2011,LFT,LA,ASW,CE,Combined TRACON& Tower with Radar,3,29,30,0,62,0,101,11,0,112,3,130,41,0,174,54,0,54,228
11/16/2011,LFT,LA,ASW,CE,Combined TRACON& Tower with Radar,3,37,56,0,96,0,81,26,2,109,3,118,82,2,205,60,2,62,267
11/17/2011,LFT,LA,ASW,CE,Combined TRACON& Tower with Radar,5,53,40,2,100,0,55,34,2,91,5,108,74,4,191,60,4,64,255
11/18/2011,LFT,LA,ASW,CE,Combined TRACON& Tower with Radar,3,48,51,0,102,0,54,44,0,98,3,102,95,0,200,16,6,22,222
11/19/2011,LFT,LA,ASW,CE,Combined TRACON& Tower with Radar,2,30,19,2,53,0,38,17,0,55,2,68,36,2,108,32,0,32,140
11/20/2011,LFT,LA,ASW,CE,Combined TRACON& Tower with Radar,2,45,38,0,85,0,69,27,0,96,2,114,65,0,181,0,0,0,181
11/21/2011,LFT,LA,ASW,CE,Combined TRACON& Tower with Radar,0,40,39,0,79,0,17,18,0,35,0,57,57,0,114,32,0,32,146
11/22/2011,LFT,LA,ASW,CE,Combined TRACON& Tower with Radar,7,37,44,0,88,0,24,3,0,27,7,61,47,0,115,8,0,8,123
11/23/2011,LFT,LA,ASW,CE,Combined TRACON& Tower with Radar,2,50,45,0,97,0,50,19,0,69,2,100,64,0,166,0,0,0,166
11/24/2011,LFT,LA,ASW,CE,Combined TRACON& Tower with Radar,2,29,10,0,41,0,14,10,0,24,2,43,20,0,65,12,0,12,77
11/25/2011,LFT,LA,ASW,CE,Combined TRACON& Tower with Radar,3,29,15,0,47,0,16,15,0,31,3,45,30,0,78,49,0,49,127
11/26/2011,LFT,LA,ASW,CE,Combined TRACON& Tower with Radar,1,37,25,0,63,0,27,1,0,28,1,64,26,0,91,4,0,4,95
11/27/2011,LFT,LA,ASW,CE,Combined TRACON& Tower with Radar,2,53,44,0,99,0,10,4,0,14,2,63,48,0,113,4,0,4,117
11/28/2011,LFT,LA,ASW,CE,Combined TRACON& Tower with Radar,0,51,28,2,81,0,49,25,1,75,0,100,53,3,156,2,0,2,158
11/29/2011,LFT,LA,ASW,CE,Combined TRACON& Tower with Radar,4,41,51,0,96,1,72,41,0,114,5,113,92,0,210,48,0,48,258
11/30/2011,LFT,LA,ASW,CE,Combined TRACON& Tower with Radar,2,39,42,2,85,0,55,55,0,110,2,94,97,2,195,36,0,36,231
12/01/2011,LFT,LA,ASW,CE,Combined TRACON& Tower with Radar,5,42,46,0,93,0,69,47,0,116,5,111,93,0,209,52,0,52,261
12/02/2011,LFT,LA,ASW,CE,Combined TRACON& Tower with Radar,3,42,40,8,93,0,58,37,1,96,3,100,77,9,189,44,0,44,233
12/03/2011,LFT,LA,ASW,CE,Combined TRACON& Tower with Radar,2,34,14,0,50,0,38,13,0,51,2,72,27,0,101,26,0,26,127
12/04/2011,LFT,LA,ASW,CE,Combined TRACON& Tower with Radar,7,35,15,5,62,0,14,5,0,19,7,49,20,5,81,0,0,0,81
12/05/2011,LFT,LA,ASW,CE,Combined TRACON& Tower with Radar,4,28,28,1,61,0,6,3,0,9,4,34,31,1,70,0,0,0,70
12/06/2011,LFT,LA,ASW,CE,Combined TRACON& Tower with Radar,5,40,32,0,77,0,13,4,0,17,5,53,36,0,94,2,0,2,96
12/07/2011,LFT,LA,ASW,CE,Combined TRACON& Tower with Radar,6,32,40,2,80,0,40,16,2,58,6,72,56,4,138,30,2,32,170
12/08/2011,LFT,LA,ASW,CE,Combined TRACON& Tower with Radar,10,38,43,6,97,0,61,40,1,102,10,99,83,7,199,18,0,18,217
12/09/2011,LFT,LA,ASW,CE,Combined TRACON& Tower with Radar,9,36,38,0,83,0,63,35,2,100,9,99,73,2,183,56,0,56,239
12/10/2011,LFT,LA,ASW,CE,Combined TRACON& Tower with Radar,4,27,24,0,55,0,48,22,0,70,4,75,46,0,125,8,0,8,133
12/11/2011,LFT,LA,ASW,CE,Combined TRACON& Tower with Radar,8,31,30,0,69,0,30,40,0,70,8,61,70,0,139,12,0,12,151
12/12/2011,LFT,LA,ASW,CE,Combined TRACON& Tower with Radar,6,58,37,2,103,0,22,11,0,33,6,80,48,2,136,36,0,36,172
12/13/2011,LFT,LA,ASW,CE,Combined TRACON& Tower with Radar,7,31,45,0,83,0,95,12,0,107,7,126,57,0,190,40,3,43,233
12/14/2011,LFT,LA,ASW,CE,Combined TRACON& Tower with Radar,9,50,36,2,97,0,31,13,0,44,9,81,49,2,141,0,0,0,141
12/15/2011,LFT,LA,ASW,CE,Combined TRACON& Tower with Radar,11,50,39,2,102,0,17,3,0,20,11,67,42,2,122,0,0,0,122
12/16/2011,LFT,LA,ASW,CE,Combined TRACON& Tower with Radar,8,44,44,0,96,0,0,1,0,1,8,44,45,0,97,0,0,0,97
12/17/2011,LFT,LA,ASW,CE,Combined TRACON& Tower with Radar,4,29,23,0,56,0,47,19,0,66,4,76,42,0,122,36,0,36,158
12/18/2011,LFT,LA,ASW,CE,Combined TRACON& Tower with Radar,5,36,22,0,63,0,46,48,0,94,5,82,70,0,157,66,0,66,223
12/19/2011,LFT,LA,ASW,CE,Combined TRACON& Tower with Radar,5,41,29,1,76,0,50,26,0,76,5,91,55,1,152,8,0,8,160
12/20/2011,LFT,LA,ASW,CE,Combined TRACON& Tower with Radar,10,45,32,0,87,0,13,1,0,14,10,58,33,0,101,18,0,18,119
12/21/2011,LFT,LA,ASW,CE,Combined TRACON& Tower with Radar,8,42,38,0,88,0,67,46,1,114,8,109,84,1,202,42,0,42,244
12/22/2011,LFT,LA,ASW,CE,Combined TRACON& Tower with Radar,11,40,22,0,73,0,16,0,0,16,11,56,22,0,89,0,0,0,89
12/23/2011,LFT,LA,ASW,CE,Combined TRACON& Tower with Radar,9,41,24,0,74,0,32,5,0,37,9,73,29,0,111,12,0,12,123
12/24/2011,LFT,LA,ASW,CE,Combined TRACON& Tower with Radar,2,29,7,0,38,0,40,9,1,50,2,69,16,1,88,59,0,59,147
12/25/2011,LFT,LA,ASW,CE,Combined TRACON& Tower with Radar,9,28,2,0,39,0,0,0,0,0,9,28,2,0,39,0,0,0,39
12/26/2011,LFT,LA,ASW,CE,Combined TRACON& Tower with Radar,4,23,31,0,58,0,0,0,0,0,4,23,31,0,58,0,0,0,58
12/27/2011,LFT,LA,ASW,CE,Combined TRACON& Tower with Radar,6,34,27,0,67,0,57,31,0,88,6,91,58,0,155,70,0,70,225
12/28/2011,LFT,LA,ASW,CE,Combined TRACON& Tower with Radar,6,44,34,0,84,0,29,41,0,70,6,73,75,0,154,14,0,14,168
12/29/2011,LFT,LA,ASW,CE,Combined TRACON& Tower with Radar,8,45,35,0,88,0,52,44,0,96,8,97,79,0,184,68,0,68,252
12/30/2011,LFT,LA,ASW,CE,Combined TRACON& Tower with Radar,7,37,33,0,77,0,23,44,2,69,7,60,77,2,146,38,0,38,184
12/31/2011,LFT,LA,ASW,CE,Combined TRACON& Tower with Radar,4,30,16,0,50,0,13,1,1,15,4,43,17,1,65,0,0,0,65
01/01/2012,LFT,LA,ASW,CE,Combined TRACON& Tower with Radar,5,30,8,0,43,0,37,14,0,51,5,67,22,0,94,4,0,4,98
01/02/2012,LFT,LA,ASW,CE,Combined TRACON& Tower with Radar,4,45,24,0,73,0,20,30,0,50,4,65,54,0,123,10,2,12,135
01/03/2012,LFT,LA,ASW,CE,Combined TRACON& Tower with Radar,6,34,27,0,67,0,74,24,0,98,6,108,51,0,165,21,5,26,191
01/04/2012,LFT,LA,ASW,CE,Combined TRACON& Tower with Radar,7,31,34,2,74,0,72,30,0,102,7,103,64,2,176,10,0,10,186
01/05/2012,LFT,LA,ASW,CE,Combined TRACON& Tower with Radar,13,33,46,1,93,0,41,27,1,69,13,74,73,2,162,0,0,0,162
01/06/2012,LFT,LA,ASW,CE,Combined TRACON& Tower with Radar,9,36,33,0,78,0,51,18,0,69,9,87,51,0,147,24,0,24,171
01/07/2012,LFT,LA,ASW,CE,Combined TRACON& Tower with Radar,6,23,13,0,42,0,9,9,0,18,6,32,22,0,60,48,0,48,108
01/08/2012,LFT,LA,ASW,CE,Combined TRACON& Tower with Radar,6,48,26,2,82,0,51,8,0,59,6,99,34,2,141,2,42,44,185
01/09/2012,LFT,LA,ASW,CE,Combined TRACON& Tower with Radar,7,27,19,0,53,0,14,4,0,18,7,41,23,0,71,0,0,0,71
01/10/2012,LFT,LA,ASW,CE,Combined TRACON& Tower with Radar,7,46,23,6,82,0,34,5,0,39,7,80,28,6,121,3,10,13,134
01/11/2012,LFT,LA,ASW,CE,Combined TRACON& Tower with Radar,6,37,46,5,94,0,83,27,0,110,6,120,73,5,204,22,0,22,226
01/12/2012,LFT,LA,ASW,CE,Combined TRACON& Tower with Radar,9,32,33,5,79,0,49,28,0,77,9,81,61,5,156,2,15,17,173
01/13/2012,LFT,LA,ASW,CE,Combined TRACON& Tower with Radar,8,40,29,2,79,0,61,35,0,96,8,101,64,2,175,54,0,54,229
01/14/2012,LFT,LA,ASW,CE,Combined TRACON& Tower with Radar,3,23,13,0,39,0,50,46,0,96,3,73,59,0,135,47,0,47,182
01/15/2012,LFT,LA,ASW,CE,Combined TRACON& Tower with Radar,6,26,23,0,55,0,43,42,0,85,6,69,65,0,140,78,0,78,218
01/16/2012,LFT,LA,ASW,CE,Combined TRACON& Tower with Radar,7,39,48,0,94,0,19,20,0,39,7,58,68,0,133,0,0,0,133
01/17/2012,LFT,LA,ASW,CE,Combined TRACON& Tower with Radar,7,46,36,4,93,0,12,0,0,12,7,58,36,4,105,0,0,0,105
01/18/2012,LFT,LA,ASW,CE,Combined TRACON& Tower with Radar,7,40,44,0,91,0,38,47,0,85,7,78,91,0,176,16,17,33,209
01/19/2012,LFT,LA,ASW,CE,Combined TRACON& Tower with Radar,11,41,44,0,96,0,27,31,0,58,11,68,75,0,154,0,0,0,154
01/20/2012,LFT,LA,ASW,CE,Combined TRACON& Tower with Radar,15,37,48,0,100,0,14,7,0,21,15,51,55,0,121,10,0,10,131
01/21/2012,LFT,LA,ASW,CE,Combined TRACON& Tower with Radar,6,28,18,0,52,0,16,15,0,31,6,44,33,0,83,44,0,44,127
01/22/2012,LFT,LA,ASW,CE,Combined TRACON& Tower with Radar,6,35,28,0,69,0,68,2,0,70,6,103,30,0,139,31,2,33,172
01/23/2012,LFT,LA,ASW,CE,Combined TRACON& Tower with Radar,7,29,43,0,79,0,32,24,0,56,7,61,67,0,135,40,0,40,175
01/24/2012,LFT,LA,ASW,CE,Combined TRACON& Tower with Radar,6,31,25,0,62,0,12,10,1,23,6,43,35,1,85,1,0,1,86
01/25/2012,LFT,LA,ASW,CE,Combined TRACON& Tower with Radar,6,29,19,0,54,0,29,1,0,30,6,58,20,0,84,4,0,4,88
01/26/2012,LFT,LA,ASW,CE,Combined TRACON& Tower with Radar,9,39,40,7,95,0,29,1,0,30,9,68,41,7,125,0,0,0,125
01/27/2012,LFT,LA,ASW,CE,Combined TRACON& Tower with Radar,8,35,38,0,81,0,70,43,0,113,8,105,81,0,194,2,0,2,196
01/28/2012,LFT,LA,ASW,CE,Combined TRACON& Tower with Radar,3,23,17,0,43,0,36,41,0,77,3,59,58,0,120,18,0,18,138
01/29/2012,LFT,LA,ASW,CE,Combined TRACON& Tower with Radar,6,34,32,0,72,0,42,54,0,96,6,76,86,0,168,18,3,21,189
01/30/2012,LFT,LA,ASW,CE,Combined TRACON& Tower with Radar,7,35,27,0,69,0,54,37,0,91,7,89,64,0,160,18,0,18,178
01/31/2012,LFT,LA,ASW,CE,Combined TRACON& Tower with Radar,7,38,52,4,101,0,49,12,0,61,7,87,64,4,162,0,0,0,162
02/01/2012,LFT,LA,ASW,CE,Combined TRACON& Tower with Radar,11,40,30,0,81,0,11,4,0,15,11,51,34,0,96,0,0,0,96
02/02/2012,LFT,LA,ASW,CE,Combined TRACON& Tower with Radar,11,43,48,0,102,0,13,4,0,17,11,56,52,0,119,0,0,0,119
02/03/2012,LFT,LA,ASW,CE,Combined TRACON& Tower with Radar,7,38,50,1,96,0,33,3,0,36,7,71,53,1,132,40,0,40,172
02/04/2012,LFT,LA,ASW,CE,Combined TRACON& Tower with Radar,4,26,16,0,46,0,8,0,0,8,4,34,16,0,54,30,0,30,84
02/05/2012,LFT,LA,ASW,CE,Combined TRACON& Tower with Radar,6,62,17,0,85,0,10,6,0,16,6,72,23,0,101,42,0,42,143
02/06/2012,LFT,LA,ASW,CE,Combined TRACON& Tower with Radar,7,40,27,0,74,0,82,53,0,135,7,122,80,0,209,34,0,34,243
02/07/2012,LFT,LA,ASW,CE,Combined TRACON& Tower with Radar,4,38,27,0,69,0,69,60,0,129,4,107,87,0,198,52,0,52,250
02/08/2012,LFT,LA,ASW,CE,Combined TRACON& Tower with Radar,5,31,28,0,64,0,105,9,0,114,5,136,37,0,178,40,0,40,218
02/09/2012,LFT,LA,ASW,CE,Combined TRACON& Tower with Radar,11,35,40,0,86,0,27,32,0,59,11,62,72,0,145,22,0,22,167
02/10/2012,LFT,LA,ASW,CE,Combined TRACON& Tower with Radar,7,46,18,1,72,0,13,0,1,14,7,59,18,2,86,0,0,0,86
02/11/2012,LFT,LA,ASW,CE,Combined TRACON& Tower with Radar,5,20,10,0,35,0,28,27,0,55,5,48,37,0,90,18,0,18,108
02/12/2012,LFT,LA,ASW,CE,Combined TRACON& Tower with Radar,6,33,29,0,68,0,70,27,0,97,6,103,56,0,165,80,6,86,251
02/13/2012,LFT,LA,ASW,CE,Combined TRACON& Tower with Radar,7,38,29,0,74,0,21,17,0,38,7,59,46,0,112,51,0,51,163
02/14/2012,LFT,LA,ASW,CE,Combined TRACON& Tower with Radar,8,54,34,0,96,0,42,24,1,67,8,96,58,1,163,10,0,10,173
02/15/2012,LFT,LA,ASW,CE,Combined TRACON& Tower with Radar,4,26,29,0,59,0,5,15,0,20,4,31,44,0,79,0,0,0,79
02/16/2012,LFT,LA,ASW,CE,Combined TRACON& Tower with Radar,4,33,51,0,88,0,3,10,0,13,4,36,61,0,101,0,0,0,101
02/17/2012,LFT,LA,ASW,CE,Combined TRACON& Tower with Radar,6,35,20,0,61,0,14,16,0,30,6,49,36,0,91,0,0,0,91
02/18/2012,LFT,LA,ASW,CE,Combined TRACON& Tower with Radar,5,24,10,0,39,0,0,0,0,0,5,24,10,0,39,0,0,0,39
02/19/2012,LFT,LA,ASW,CE,Combined TRACON& Tower with Radar,4,42,23,0,69,0,18,9,0,27,4,60,32,0,96,12,0,12,108
02/20/2012,LFT,LA,ASW,CE,Combined TRACON& Tower with Radar,5,33,26,0,64,0,33,39,0,72,5,66,65,0,136,16,0,16,152
02/21/2012,LFT,LA,ASW,CE,Combined TRACON& Tower with Radar,6,37,16,0,59,0,31,51,1,83,6,68,67,1,142,61,0,61,203
02/22/2012,LFT,LA,ASW,CE,Combined TRACON& Tower with Radar,4,55,44,0,103,0,12,9,1,22,4,67,53,1,125,0,0,0,125
02/23/2012,LFT,LA,ASW,CE,Combined TRACON& Tower with Radar,8,43,45,0,96,0,33,4,1,38,8,76,49,1,134,2,0,2,136
02/24/2012,LFT,LA,ASW,CE,Combined TRACON& Tower with Radar,5,36,33,0,74,0,20,17,1,38,5,56,50,1,112,0,0,0,112
02/25/2012,LFT,LA,ASW,CE,Combined TRACON& Tower with Radar,2,34,18,0,54,0,34,51,2,87,2,68,69,2,141,18,2,20,161
02/26/2012,LFT,LA,ASW,CE,Combined TRACON& Tower with Radar,4,41,14,0,59,0,33,45,2,80,4,74,59,2,139,43,0,43,182
02/27/2012,LFT,LA,ASW,CE,Combined TRACON& Tower with Radar,4,53,29,0,86,0,24,5,0,29,4,77,34,0,115,10,0,10,125
02/28/2012,LFT,LA,ASW,CE,Combined TRACON& Tower with Radar,8,42,33,4,87,0,23,0,0,23,8,65,33,4,110,0,0,0,110
02/29/2012,LFT,LA,ASW,CE,Combined TRACON& Tower with Radar,3,47,36,0,86,0,49,10,0,59,3,96,46,0,145,28,0,28,173
03/01/2012,LFT,LA,ASW,CE,Combined TRACON& Tower with Radar,14,44,31,0,89,0,29,14,0,43,14,73,45,0,132,0,0,0,132
03/02/2012,LFT,LA,ASW,CE,Combined TRACON& Tower with Radar,7,44,36,2,89,0,20,11,0,31,7,64,47,2,120,8,0,8,128
03/03/2012,LFT,LA,ASW,CE,Combined TRACON& Tower with Radar,2,34,18,0,54,0,25,38,0,63,2,59,56,0,117,25,0,25,142
03/04/2012,LFT,LA,ASW,CE,Combined TRACON& Tower with Radar,2,45,15,10,72,0,43,57,0,100,2,88,72,10,172,50,32,82,254
03/05/2012,LFT,LA,ASW,CE,Combined TRACON& Tower with Radar,3,44,41,0,88,0,46,61,0,107,3,90,102,0,195,8,0,8,203
03/06/2012,LFT,LA,ASW,CE,Combined TRACON& Tower with Radar,5,43,26,0,74,0,64,45,0,109,5,107,71,0,183,6,0,6,189
03/07/2012,LFT,LA,ASW,CE,Combined TRACON& Tower with Radar,4,46,39,0,89,0,58,22,0,80,4,104,61,0,169,0,0,0,169
03/08/2012,LFT,LA,ASW,CE,Combined TRACON& Tower with Radar,3,53,33,2,91,0,25,10,0,35,3,78,43,2,126,2,0,2,128
03/09/2012,LFT,LA,ASW,CE,Combined TRACON& Tower with Radar,5,51,18,0,74,0,64,0,0,64,5,115,18,0,138,0,32,32,170
03/10/2012,LFT,LA,ASW,CE,Combined TRACON& Tower with Radar,3,30,18,0,51,0,57,33,0,90,3,87,51,0,141,20,0,20,161
03/11/2012,LFT,LA,ASW,CE,Combined TRACON& Tower with Radar,2,29,19,0,50,0,31,2,0,33,2,60,21,0,83,0,0,0,83
03/12/2012,LFT,LA,ASW,CE,Combined TRACON& Tower with Radar,3,33,26,0,62,0,3,11,0,14,3,36,37,0,76,0,0,0,76
03/13/2012,LFT,LA,ASW,CE,Combined TRACON& Tower with Radar,5,38,36,0,79,0,33,11,0,44,5,71,47,0,123,6,0,6,129
03/14/2012,LFT,LA,ASW,CE,Combined TRACON& Tower with Radar,5,40,36,8,89,0,41,27,0,68,5,81,63,8,157,10,0,10,167
03/15/2012,LFT,LA,ASW,CE,Combined TRACON& Tower with Radar,5,72,31,1,109,0,55,19,0,74,5,127,50,1,183,20,2,22,205
03/16/2012,LFT,LA,ASW,CE,Combined TRACON& Tower with Radar,5,41,41,4,91,0,27,28,0,55,5,68,69,4,146,0,0,0,146
03/17/2012,LFT,LA,ASW,CE,Combined TRACON& Tower with Radar,3,29,15,0,47,0,21,19,0,40,3,50,34,0,87,16,0,16,103
03/18/2012,LFT,LA,ASW,CE,Combined TRACON& Tower with Radar,2,52,25,4,83,0,35,18,1,54,2,87,43,5,137,40,2,42,179
03/19/2012,LFT,LA,ASW,CE,Combined TRACON& Tower with Radar,4,43,25,1,73,0,32,5,0,37,4,75,30,1,110,0,0,0,110
03/20/2012,LFT,LA,ASW,CE,Combined TRACON& Tower with Radar,2,29,14,0,45,0,20,3,2,25,2,49,17,2,70,0,0,0,70
03/21/2012,LFT,LA,ASW,CE,Combined TRACON& Tower with Radar,4,42,22,0,68,0,21,4,0,25,4,63,26,0,93,14,0,14,107
03/22/2012,LFT,LA,ASW,CE,Combined TRACON& Tower with Radar,4,44,47,2,97,0,48,43,0,91,4,92,90,2,188,32,0,32,220
03/23/2012,LFT,LA,ASW,CE,Combined TRACON& Tower with Radar,4,38,45,0,87,0,54,58,0,112,4,92,103,0,199,10,26,36,235
03/24/2012,LFT,LA,ASW,CE,Combined TRACON& Tower with Radar,4,31,34,0,69,0,41,61,0,102,4,72,95,0,171,44,0,44,215
03/25/2012,LFT,LA,ASW,CE,Combined TRACON& Tower with Radar,2,38,25,0,65,0,48,55,0,103,2,86,80,0,168,10,14,24,192
03/26/2012,LFT,LA,ASW,CE,Combined TRACON& Tower with Radar,2,33,24,0,59,0,62,19,0,81,2,95,43,0,140,34,0,34,174
03/27/2012,LFT,LA,ASW,CE,Combined TRACON& Tower with Radar,3,42,38,1,84,0,48,34,0,82,3,90,72,1,166,20,0,20,186
03/28/2012,LFT,LA,ASW,CE,Combined TRACON& Tower with Radar,3,33,46,0,82,0,67,43,2,112,3,100,89,2,194,24,0,24,218
03/29/2012,LFT,LA,ASW,CE,Combined TRACON& Tower with Radar,2,43,44,1,90,0,77,26,0,103,2,120,70,1,193,10,0,10,203
03/30/2012,LFT,LA,ASW,CE,Combined TRACON& Tower with Radar,3,41,42,0,86,0,36,26,0,62,3,77,68,0,148,8,0,8,156
03/31/2012,LFT,LA,ASW,CE,Combined TRACON& Tower with Radar,4,30,16,0,50,0,41,34,0,75,4,71,50,0,125,28,0,28,153
04/01/2012,LFT,LA,ASW,CE,Combined TRACON& Tower with Radar,0,47,26,0,73,0,34,21,0,55,0,81,47,0,128,14,0,14,142
04/02/2012,LFT,LA,ASW,CE,Combined TRACON& Tower with Radar,5,44,45,1,95,0,38,14,0,52,5,82,59,1,147,6,0,6,153
04/03/2012,LFT,LA,ASW,CE,Combined TRACON& Tower with Radar,6,34,34,0,74,0,50,39,0,89,6,84,73,0,163,20,0,20,183
04/04/2012,LFT,LA,ASW,CE,Combined TRACON& Tower with Radar,9,33,43,0,85,0,39,24,0,63,9,72,67,0,148,13,0,13,161
04/05/2012,LFT,LA,ASW,CE,Combined TRACON& Tower with Radar,6,47,46,0,99,0,0,26,0,26,6,47,72,0,125,0,0,0,125
04/06/2012,LFT,LA,ASW,CE,Combined TRACON& Tower with Radar,6,38,22,0,66,0,53,47,0,100,6,91,69,0,166,18,0,18,184
04/07/2012,LFT,LA,ASW,CE,Combined TRACON& Tower with Radar,3,31,9,0,43,0,19,46,0,65,3,50,55,0,108,14,0,14,122
04/08/2012,LFT,LA,ASW,CE,Combined TRACON& Tower with Radar,0,36,27,1,64,0,24,28,1,53,0,60,55,2,117,8,0,8,125
04/09/2012,LFT,LA,ASW,CE,Combined TRACON& Tower with Radar,5,45,31,0,81,0,42,37,0,79,5,87,68,0,160,21,0,21,181
04/10/2012,LFT,LA,ASW,CE,Combined TRACON& Tower with Radar,3,36,45,0,84,0,44,35,0,79,3,80,80,0,163,8,0,8,171
04/11/2012,LFT,LA,ASW,CE,Combined TRACON& Tower with Radar,6,34,47,0,87,0,60,35,1,96,6,94,82,1,183,10,0,10,193
04/12/2012,LFT,LA,ASW,CE,Combined TRACON& Tower with Radar,5,36,43,0,84,0,55,37,0,92,5,91,80,0,176,8,0,8,184
04/13/2012,LFT,LA,ASW,CE,Combined TRACON& Tower with Radar,6,40,30,2,78,0,59,22,0,81,6,99,52,2,159,24,2,26,185
04/14/2012,LFT,LA,ASW,CE,Combined TRACON& Tower with Radar,4,37,23,1,65,0,22,38,0,60,4,59,61,1,125,12,6,18,143
04/15/2012,LFT,LA,ASW,CE,Combined TRACON& Tower with Radar,0,44,29,1,74,0,29,11,0,40,0,73,40,1,114,0,0,0,114
04/16/2012,LFT,LA,ASW,CE,Combined TRACON& Tower with Radar,3,32,11,2,48,0,15,13,0,28,3,47,24,2,76,12,0,12,88
04/17/2012,LFT,LA,ASW,CE,Combined TRACON& Tower with Radar,6,38,34,0,78,0,52,15,0,67,6,90,49,0,145,24,8,32,177
04/18/2012,LFT,LA,ASW,CE,Combined TRACON& Tower with Radar,5,40,52,0,97,0,68,59,0,127,5,108,111,0,224,14,6,20,244
04/19/2012,LFT,LA,ASW,CE,Combined TRACON& Tower with Radar,4,41,51,0,96,0,69,47,3,119,4,110,98,3,215,31,0,31,246
04/20/2012,LFT,LA,ASW,CE,Combined TRACON& Tower with Radar,7,36,41,2,86,0,57,48,1,106,7,93,89,3,192,8,0,8,200
04/21/2012,LFT,LA,ASW,CE,Combined TRACON& Tower with Radar,4,31,28,0,63,0,26,10,0,36,4,57,38,0,99,10,0,10,109
04/22/2012,LFT,LA,ASW,CE,Combined TRACON& Tower with Radar,0,41,32,0,73,0,27,60,0,87,0,68,92,0,160,12,0,12,172
04/23/2012,LFT,LA,ASW,CE,Combined TRACON& Tower with Radar,5,37,27,1,70,0,61,52,0,113,5,98,79,1,183,12,0,12,195
04/24/2012,LFT,LA,ASW,CE,Combined TRACON& Tower with Radar,6,32,41,0,79,0,74,66,0,140,6,106,107,0,219,26,2,28,247
04/25/2012,LFT,LA,ASW,CE,Combined TRACON& Tower with Radar,7,40,52,2,101,0,66,31,0,97,7,106,83,2,198,17,2,19,217
04/26/2012,LFT,LA,ASW,CE,Combined TRACON& Tower with Radar,7,36,60,0,103,0,70,33,0,103,7,106,93,0,206,2,0,2,208
04/27/2012,LFT,LA,ASW,CE,Combined TRACON& Tower with Radar,4,39,37,2,82,0,50,36,1,87,4,89,73,3,169,2,0,2,171
04/28/2012,LFT,LA,ASW,CE,Combined TRACON& Tower with Radar,4,31,27,0,62,0,73,23,0,96,4,104,50,0,158,20,0,20,178
04/29/2012,LFT,LA,ASW,CE,Combined TRACON& Tower with Radar,0,42,23,2,67,0,34,17,0,51,0,76,40,2,118,0,0,0,118
04/30/2012,LFT,LA,ASW,CE,Combined TRACON& Tower with Radar,5,50,40,0,95,0,52,20,0,72,5,102,60,0,167,0,0,0,167
05/01/2012,LFT,LA,ASW,CE,Combined TRACON& Tower with Radar,9,45,35,2,91,0,59,19,0,78,9,104,54,2,169,26,0,26,195
05/02/2012,LFT,LA,ASW,CE,Combined TRACON& Tower with Radar,8,40,54,2,104,0,35,22,0,57,8,75,76,2,161,2,0,2,163
05/03/2012,LFT,LA,ASW,CE,Combined TRACON& Tower with Radar,11,38,47,2,98,0,72,14,0,86,11,110,61,2,184,12,0,12,196
05/04/2012,LFT,LA,ASW,CE,Combined TRACON& Tower with Radar,7,34,26,0,67,0,54,39,0,93,7,88,65,0,160,30,0,30,190
05/05/2012,LFT,LA,ASW,CE,Combined TRACON& Tower with Radar,10,19,19,0,48,0,13,65,0,78,10,32,84,0,126,12,0,12,138
05/06/2012,LFT,LA,ASW,CE,Combined TRACON& Tower with Radar,6,35,29,2,72,0,39,20,0,59,6,74,49,2,131,40,0,40,171
05/07/2012,LFT,LA,ASW,CE,Combined TRACON& Tower with Radar,7,32,27,0,66,0,70,24,0,94,7,102,51,0,160,8,0,8,168
05/08/2012,LFT,LA,ASW,CE,Combined TRACON& Tower with Radar,8,36,30,3,77,0,59,32,0,91,8,95,62,3,168,10,2,12,180
05/09/2012,LFT,LA,ASW,CE,Combined TRACON& Tower with Radar,9,44,38,5,96,0,44,20,1,65,9,88,58,6,161,2,6,8,169
05/10/2012,LFT,LA,ASW,CE,Combined TRACON& Tower with Radar,8,33,34,0,75,0,58,61,0,119,8,91,95,0,194,18,0,18,212
05/11/2012,LFT,LA,ASW,CE,Combined TRACON& Tower with Radar,8,33,21,0,62,0,13,1,0,14,8,46,22,0,76,8,0,8,84
05/12/2012,LFT,LA,ASW,CE,Combined TRACON& Tower with Radar,12,23,13,0,48,0,16,18,0,34,12,39,31,0,82,8,0,8,90
05/13/2012,LFT,LA,ASW,CE,Combined TRACON& Tower with Radar,8,36,20,0,64,0,38,12,0,50,8,74,32,0,114,10,0,10,124
05/14/2012,LFT,LA,ASW,CE,Combined TRACON& Tower with Radar,7,38,32,3,80,0,62,34,0,96,7,100,66,3,176,72,0,72,248
05/15/2012,LFT,LA,ASW,CE,Combined TRACON& Tower with Radar,11,26,42,2,81,0,44,27,0,71,11,70,69,2,152,14,0,14,166
05/16/2012,LFT,LA,ASW,CE,Combined TRACON& Tower with Radar,11,33,45,1,90,0,46,25,1,72,11,79,70,2,162,48,3,51,213
05/17/2012,LFT,LA,ASW,CE,Combined TRACON& Tower with Radar,8,38,44,1,91,0,59,61,0,120,8,97,105,1,211,30,2,32,243
05/18/2012,LFT,LA,ASW,CE,Combined TRACON& Tower with Radar,8,34,23,0,65,0,26,48,0,74,8,60,71,0,139,6,0,6,145
05/19/2012,LFT,LA,ASW,CE,Combined TRACON& Tower with Radar,10,23,29,4,66,0,30,35,1,66,10,53,64,5,132,14,0,14,146
05/20/2012,LFT,LA,ASW,CE,Combined TRACON& Tower with Radar,10,34,21,7,72,0,26,45,2,73,10,60,66,9,145,16,0,16,161
05/21/2012,LFT,LA,ASW,CE,Combined TRACON& Tower with Radar,10,27,34,0,71,0,54,36,0,90,10,81,70,0,161,8,0,8,169
05/22/2012,LFT,LA,ASW,CE,Combined TRACON& Tower with Radar,8,27,37,0,72,0,53,41,0,94,8,80,78,0,166,49,0,49,215
05/23/2012,LFT,LA,ASW,CE,Combined TRACON& Tower with Radar,9,35,38,0,82,0,67,32,0,99,9,102,70,0,181,12,0,12,193
05/24/2012,LFT,LA,ASW,CE,Combined TRACON& Tower with Radar,8,42,26,6,82,0,47,39,0,86,8,89,65,6,168,48,2,50,218
05/25/2012,LFT,LA,ASW,CE,Combined TRACON& Tower with Radar,8,34,32,0,74,0,47,39,2,88,8,81,71,2,162,6,6,12,174
05/26/2012,LFT,LA,ASW,CE,Combined TRACON& Tower with Radar,10,25,17,0,52,0,46,13,0,59,10,71,30,0,111,39,0,39,150
05/27/2012,LFT,LA,ASW,CE,Combined TRACON& Tower with Radar,2,35,10,0,47,0,13,20,0,33,2,48,30,0,80,2,0,2,82
05/28/2012,LFT,LA,ASW,CE,Combined TRACON& Tower with Radar,2,9,8,1,20,0,36,9,2,47,2,45,17,3,67,8,14,22,89
05/29/2012,LFT,LA,ASW,CE,Combined TRACON& Tower with Radar,9,24,36,2,71,0,51,39,0,90,9,75,75,2,161,24,10,34,195
05/30/2012,LFT,LA,ASW,CE,Combined TRACON& Tower with Radar,7,43,30,8,88,0,62,26,0,88,7,105,56,8,176,32,0,32,208
05/31/2012,LFT,LA,ASW,CE,Combined TRACON& Tower with Radar,7,34,54,1,96,0,34,35,1,70,7,68,89,2,166,2,0,2,168
06/01/2012,LFT,LA,ASW,CE,Combined TRACON& Tower with Radar,9,36,24,0,69,0,56,73,0,129,9,92,97,0,198,64,0,64,262
06/02/2012,LFT,LA,ASW,CE,Combined TRACON& Tower with Radar,10,27,12,2,51,0,35,41,0,76,10,62,53,2,127,24,0,24,151
06/03/2012,LFT,LA,ASW,CE,Combined TRACON& Tower with Radar,8,34,23,6,71,0,30,37,0,67,8,64,60,6,138,20,0,20,158
06/04/2012,LFT,LA,ASW,CE,Combined TRACON& Tower with Radar,5,41,32,0,78,0,49,50,0,99,5,90,82,0,177,4,0,4,181
06/05/2012,LFT,LA,ASW,CE,Combined TRACON& Tower with Radar,9,36,43,0,88,0,53,36,0,89,9,89,79,0,177,6,0,6,183
06/06/2012,LFT,LA,ASW,CE,Combined TRACON& Tower with Radar,8,32,43,2,85,0,45,16,0,61,8,77,59,2,146,28,0,28,174
06/07/2012,LFT,LA,ASW,CE,Combined TRACON& Tower with Radar,7,37,35,1,80,0,37,13,0,50,7,74,48,1,130,0,0,0,130
06/08/2012,LFT,LA,ASW,CE,Combined TRACON& Tower with Radar,10,35,30,0,75,0,35,20,0,55,10,70,50,0,130,14,0,14,144
06/09/2012,LFT,LA,ASW,CE,Combined TRACON& Tower with Radar,8,33,9,0,50,0,24,7,0,31,8,57,16,0,81,22,0,22,103
06/10/2012,LFT,LA,ASW,CE,Combined TRACON& Tower with Radar,7,36,14,2,59,0,18,11,0,29,7,54,25,2,88,14,0,14,102
06/11/2012,LFT,LA,ASW,CE,Combined TRACON& Tower with Radar,10,35,26,4,75,0,50,19,0,69,10,85,45,4,144,0,0,0,144
06/12/2012,LFT,LA,ASW,CE,Combined TRACON& Tower with Radar,10,43,32,1,86,0,44,16,0,60,10,87,48,1,146,2,0,2,148
06/13/2012,LFT,LA,ASW,CE,Combined TRACON& Tower with Radar,10,30,36,0,76,0,63,31,1,95,10,93,67,1,171,12,0,12,183
06/14/2012,LFT,LA,ASW,CE,Combined TRACON& Tower with Radar,8,41,48,0,97,0,26,22,1,49,8,67,70,1,146,10,0,10,156
06/15/2012,LFT,LA,ASW,CE,Combined TRACON& Tower with Radar,13,32,34,2,81,0,55,23,0,78,13,87,57,2,159,23,12,35,194
06/16/2012,LFT,LA,ASW,CE,Combined TRACON& Tower with Radar,8,24,26,0,58,0,33,31,0,64,8,57,57,0,122,24,0,24,146
06/17/2012,LFT,LA,ASW,CE,Combined TRACON& Tower with Radar,12,36,17,0,65,0,24,17,0,41,12,60,34,0,106,6,0,6,112
06/18/2012,LFT,LA,ASW,CE,Combined TRACON& Tower with Radar,11,36,31,0,78,0,53,10,0,63,11,89,41,0,141,60,0,60,201
06/19/2012,LFT,LA,ASW,CE,Combined TRACON& Tower with Radar,12,41,29,2,84,0,80,22,1,103,12,121,51,3,187,129,0,129,316
06/20/2012,LFT,LA,ASW,CE,Combined TRACON& Tower with Radar,12,36,35,0,83,0,63,33,0,96,12,99,68,0,179,36,0,36,215
06/21/2012,LFT,LA,ASW,CE,Combined TRACON& Tower with Radar,11,40,36,4,91,0,63,31,0,94,11,103,67,4,185,70,2,72,257
06/22/2012,LFT,LA,ASW,CE,Combined TRACON& Tower with Radar,11,37,28,0,76,0,74,34,0,108,11,111,62,0,184,12,0,12,196
06/23/2012,LFT,LA,ASW,CE,Combined TRACON& Tower with Radar,7,26,9,2,44,0,28,22,0,50,7,54,31,2,94,0,21,21,115
06/24/2012,LFT,LA,ASW,CE,Combined TRACON& Tower with Radar,10,39,21,4,74,0,42,32,0,74,10,81,53,4,148,16,4,20,168
06/25/2012,LFT,LA,ASW,CE,Combined TRACON& Tower with Radar,11,35,22,0,68,0,55,23,0,78,11,90,45,0,146,8,0,8,154
06/26/2012,LFT,LA,ASW,CE,Combined TRACON& Tower with Radar,10,38,35,2,85,0,40,44,0,84,10,78,79,2,169,0,0,0,169
06/27/2012,LFT,LA,ASW,CE,Combined TRACON& Tower with Radar,10,51,39,0,100,0,53,48,0,101,10,104,87,0,201,16,0,16,217
06/28/2012,LFT,LA,ASW,CE,Combined TRACON& Tower with Radar,9,37,35,2,83,0,54,29,1,84,9,91,64,3,167,14,0,14,181
06/29/2012,LFT,LA,ASW,CE,Combined TRACON& Tower with Radar,10,39,36,0,85,0,96,35,1,132,10,135,71,1,217,20,0,20,237
06/30/2012,LFT,LA,ASW,CE,Combined TRACON& Tower with Radar,8,31,18,0,57,0,32,37,0,69,8,63,55,0,126,64,0,64,190
07/01/2012,LFT,LA,ASW,CE,Combined TRACON& Tower with Radar,4,33,25,4,66,0,26,38,0,64,4,59,63,4,130,12,6,18,148
07/02/2012,LFT,LA,ASW,CE,Combined TRACON& Tower with Radar,7,33,46,0,86,0,45,34,0,79,7,78,80,0,165,14,0,14,179
07/03/2012,LFT,LA,ASW,CE,Combined TRACON& Tower with Radar,5,33,10,0,48,0,48,28,0,76,5,81,38,0,124,20,0,20,144
07/04/2012,LFT,LA,ASW,CE,Combined TRACON& Tower with Radar,5,21,11,0,37,0,27,24,0,51,5,48,35,0,88,14,0,14,102
07/05/2012,LFT,LA,ASW,CE,Combined TRACON& Tower with Radar,7,27,23,0,57,0,33,23,1,57,7,60,46,1,114,4,1,5,119
07/06/2012,LFT,LA,ASW,CE,Combined TRACON& Tower with Radar,5,37,27,1,70,0,35,20,1,56,5,72,47,2,126,10,0,10,136
07/07/2012,LFT,LA,ASW,CE,Combined TRACON& Tower with Radar,6,41,16,0,63,0,62,15,0,77,6,103,31,0,140,0,0,0,140
07/08/2012,LFT,LA,ASW,CE,Combined TRACON& Tower with Radar,4,42,20,0,66,0,26,7,0,33,4,68,27,0,99,8,0,8,107
07/09/2012,LFT,LA,ASW,CE,Combined TRACON& Tower with Radar,4,40,41,1,86,0,44,11,0,55,4,84,52,1,141,42,0,42,183
07/10/2012,LFT,LA,ASW,CE,Combined TRACON& Tower with Radar,4,40,37,0,81,0,26,7,0,33,4,66,44,0,114,0,0,0,114
07/11/2012,LFT,LA,ASW,CE,Combined TRACON& Tower with Radar,3,53,38,0,94,0,29,10,0,39,3,82,48,0,133,12,0,12,145
07/12/2012,LFT,LA,ASW,CE,Combined TRACON& Tower with Radar,5,39,28,0,72,0,34,13,1,48,5,73,41,1,120,10,0,10,130
07/13/2012,LFT,LA,ASW,CE,Combined TRACON& Tower with Radar,3,39,23,2,67,0,28,11,0,39,3,67,34,2,106,20,0,20,126
07/14/2012,LFT,LA,ASW,CE,Combined TRACON& Tower with Radar,3,32,10,2,47,0,33,26,0,59,3,65,36,2,106,28,0,28,134
07/15/2012,LFT,LA,ASW,CE,Combined TRACON& Tower with Radar,2,36,34,0,72,0,1,17,0,18,2,37,51,0,90,0,0,0,90
07/16/2012,LFT,LA,ASW,CE,Combined TRACON& Tower with Radar,2,42,22,0,66,0,31,23,1,55,2,73,45,1,121,34,0,34,155
07/17/2012,LFT,LA,ASW,CE,Combined TRACON& Tower with Radar,3,43,47,0,93,0,83,33,0,116,3,126,80,0,209,14,0,14,223
07/18/2012,LFT,LA,ASW,CE,Combined TRACON& Tower with Radar,3,42,40,0,85,0,57,35,0,92,3,99,75,0,177,0,0,0,177
07/19/2012,LFT,LA,ASW,CE,Combined TRACON& Tower with Radar,3,36,52,0,91,0,68,27,0,95,3,104,79,0,186,2,0,2,188
07/20/2012,LFT,LA,ASW,CE,Combined TRACON& Tower with Radar,4,31,29,0,64,0,54,33,1,88,4,85,62,1,152,2,0,2,154
07/21/2012,LFT,LA,ASW,CE,Combined TRACON& Tower with Radar,2,30,17,0,49,0,12,13,0,25,2,42,30,0,74,94,0,94,168
07/22/2012,LFT,LA,ASW,CE,Combined TRACON& Tower with Radar,1,44,22,0,67,0,39,15,0,54,1,83,37,0,121,12,0,12,133
07/23/2012,LFT,LA,ASW,CE,Combined TRACON& Tower with Radar,2,42,37,0,81,0,81,24,1,106,2,123,61,1,187,8,0,8,195
07/24/2012,LFT,LA,ASW,CE,Combined TRACON& Tower with Radar,3,43,30,0,76,0,57,27,1,85,3,100,57,1,161,11,0,11,172
07/25/2012,LFT,LA,ASW,CE,Combined TRACON& Tower with Radar,3,48,40,0,91,0,85,33,1,119,3,133,73,1,210,18,0,18,228
07/26/2012,LFT,LA,ASW,CE,Combined TRACON& Tower with Radar,4,36,48,0,88,0,71,31,0,102,4,107,79,0,190,0,0,0,190
07/27/2012,LFT,LA,ASW,CE,Combined TRACON& Tower with Radar,4,42,29,2,77,0,33,35,0,68,4,75,64,2,145,32,0,32,177
07/28/2012,LFT,LA,ASW,CE,Combined TRACON& Tower with Radar,3,27,14,0,44,0,27,32,0,59,3,54,46,0,103,32,0,32,135
07/29/2012,LFT,LA,ASW,CE,Combined TRACON& Tower with Radar,1,39,23,0,63,0,46,29,0,75,1,85,52,0,138,36,0,36,174
07/30/2012,LFT,LA,ASW,CE,Combined TRACON& Tower with Radar,3,36,24,0,63,0,3,28,0,31,3,39,52,0,94,0,0,0,94
07/31/2012,LFT,LA,ASW,CE,Combined TRACON& Tower with Radar,4,48,29,3,84,0,53,47,0,100,4,101,76,3,184,0,0,0,184
08/01/2012,LFT,LA,ASW,CE,Combined TRACON& Tower with Radar,2,38,43,0,83,0,93,27,0,120,2,131,70,0,203,60,0,60,263
08/02/2012,LFT,LA,ASW,CE,Combined TRACON& Tower with Radar,2,42,39,8,91,0,51,36,0,87,2,93,75,8,178,30,2,32,210
08/03/2012,LFT,LA,ASW,CE,Combined TRACON& Tower with Radar,5,36,22,0,63,0,30,34,0,64,5,66,56,0,127,43,0,43,170
08/04/2012,LFT,LA,ASW,CE,Combined TRACON& Tower with Radar,4,35,15,0,54,0,19,19,0,38,4,54,34,0,92,24,0,24,116
08/05/2012,LFT,LA,ASW,CE,Combined TRACON& Tower with Radar,6,42,22,1,71,0,29,19,0,48,6,71,41,1,119,16,2,18,137
08/06/2012,LFT,LA,ASW,CE,Combined TRACON& Tower with Radar,3,36,38,0,77,0,45,37,0,82,3,81,75,0,159,6,0,6,165
08/07/2012,LFT,LA,ASW,CE,Combined TRACON& Tower with Radar,3,52,34,0,89,0,36,42,0,78,3,88,76,0,167,24,0,24,191
08/08/2012,LFT,LA,ASW,CE,Combined TRACON& Tower with Radar,2,45,24,2,73,0,62,32,0,94,2,107,56,2,167,18,2,20,187
08/09/2012,LFT,LA,ASW,CE,Combined TRACON& Tower with Radar,1,46,52,0,99,0,34,19,0,53,1,80,71,0,152,2,0,2,154
08/10/2012,LFT,LA,ASW,CE,Combined TRACON& Tower with Radar,2,45,24,3,74,0,38,32,0,70,2,83,56,3,144,69,0,69,213
08/11/2012,LFT,LA,ASW,CE,Combined TRACON& Tower with Radar,3,31,23,0,57,0,22,14,0,36,3,53,37,0,93,12,6,18,111
08/12/2012,LFT,LA,ASW,CE,Combined TRACON& Tower with Radar,2,41,28,1,72,0,22,25,0,47,2,63,53,1,119,33,0,33,152
08/13/2012,LFT,LA,ASW,CE,Combined TRACON& Tower with Radar,2,44,39,0,85,0,63,49,0,112,2,107,88,0,197,30,0,30,227
08/14/2012,LFT,LA,ASW,CE,Combined TRACON& Tower with Radar,4,45,49,0,98,0,51,61,0,112,4,96,110,0,210,27,0,27,237
08/15/2012,LFT,LA,ASW,CE,Combined TRACON& Tower with Radar,4,35,51,0,90,0,76,39,0,115,4,111,90,0,205,54,0,54,259
08/16/2012,LFT,LA,ASW,CE,Combined TRACON& Tower with Radar,4,44,33,0,81,0,53,28,0,81,4,97,61,0,162,14,0,14,176
08/17/2012,LFT,LA,ASW,CE,Combined TRACON& Tower with Radar,5,45,25,2,77,0,60,23,0,83,5,105,48,2,160,12,0,12,172
08/18/2012,LFT,LA,ASW,CE,Combined TRACON& Tower with Radar,2,23,19,0,44,0,12,9,1,22,2,35,28,1,66,0,0,0,66
08/19/2012,LFT,LA,ASW,CE,Combined TRACON& Tower with Radar,8,31,11,1,51,0,9,4,0,13,8,40,15,1,64,4,0,4,68
08/20/2012,LFT,LA,ASW,CE,Combined TRACON& Tower with Radar,3,39,22,0,64,0,44,32,1,77,3,83,54,1,141,40,0,40,181
08/21/2012,LFT,LA,ASW,CE,Combined TRACON& Tower with Radar,1,42,39,1,83,0,41,31,1,73,1,83,70,2,156,26,2,28,184
08/22/2012,LFT,LA,ASW,CE,Combined TRACON& Tower with Radar,4,47,35,0,86,0,69,36,0,105,4,116,71,0,191,40,0,40,231
08/23/2012,LFT,LA,ASW,CE,Combined TRACON& Tower with Radar,3,40,55,0,98,0,48,24,0,72,3,88,79,0,170,22,0,22,192
08/24/2012,LFT,LA,ASW,CE,Combined TRACON& Tower with Radar,3,39,50,2,94,0,30,15,0,45,3,69,65,2,139,16,0,16,155
08/25/2012,LFT,LA,ASW,CE,Combined TRACON& Tower with Radar,1,22,19,0,42,0,40,25,0,65,1,62,44,0,107,16,0,16,123
08/26/2012,LFT,LA,ASW,CE,Combined TRACON& Tower with Radar,2,38,31,10,81,0,34,23,0,57,2,72,54,10,138,0,0,0,138
08/27/2012,LFT,LA,ASW,CE,Combined TRACON& Tower with Radar,5,41,35,1,82,0,109,47,2,158,5,150,82,3,240,6,4,10,250
08/28/2012,LFT,LA,ASW,CE,Combined TRACON& Tower with Radar,3,33,15,0,51,0,15,8,0,23,3,48,23,0,74,12,0,12,86
08/29/2012,LFT,LA,ASW,CE,Combined TRACON& Tower with Radar,0,0,2,0,2,0,0,0,0,0,0,0,2,0,2,0,0,0,2
08/30/2012,LFT,LA,ASW,CE,Combined TRACON& Tower with Radar,3,13,18,1,35,0,34,5,1,40,3,47,23,2,75,0,0,0,75
08/31/2012,LFT,LA,ASW,CE,Combined TRACON& Tower with Radar,6,49,40,1,96,0,118,32,1,151,6,167,72,2,247,0,4,4,251
09/01/2012,LFT,LA,ASW,CE,Combined TRACON& Tower with Radar,3,30,23,0,56,0,48,15,2,65,3,78,38,2,121,45,0,45,166
09/02/2012,LFT,LA,ASW,CE,Combined TRACON& Tower with Radar,7,26,12,0,45,0,48,15,1,64,7,74,27,1,109,24,0,24,133
09/03/2012,LFT,LA,ASW,CE,Combined TRACON& Tower with Radar,2,34,35,0,71,0,72,48,1,121,2,106,83,1,192,24,0,24,216
09/04/2012,LFT,LA,ASW,CE,Combined TRACON& Tower with Radar,1,46,35,0,82,0,74,24,0,98,1,120,59,0,180,16,0,16,196
09/05/2012,LFT,LA,ASW,CE,Combined TRACON& Tower with Radar,2,38,33,5,78,0,88,34,0,122,2,126,67,5,200,32,2,34,234
09/06/2012,LFT,LA,ASW,CE,Combined TRACON& Tower with Radar,2,50,40,1,93,0,90,42,1,133,2,140,82,2,226,14,0,14,240
09/07/2012,LFT,LA,ASW,CE,Combined TRACON& Tower with Radar,1,41,32,0,74,0,49,32,1,82,1,90,64,1,156,22,2,24,180
09/08/2012,LFT,LA,ASW,CE,Combined TRACON& Tower with Radar,2,29,21,0,52,0,55,15,1,71,2,84,36,1,123,16,0,16,139
09/09/2012,LFT,LA,ASW,CE,Combined TRACON& Tower with Radar,0,39,21,1,61,0,51,16,0,67,0,90,37,1,128,40,0,40,168
09/10/2012,LFT,LA,ASW,CE,Combined TRACON& Tower with Radar,1,44,47,4,96,0,48,47,0,95,1,92,94,4,191,8,0,8,199
09/11/2012,LFT,LA,ASW,CE,Combined TRACON& Tower with Radar,4,35,39,0,78,0,71,44,2,117,4,106,83,2,195,28,0,28,223
09/12/2012,LFT,LA,ASW,CE,Combined TRACON& Tower with Radar,2,36,24,0,62,0,42,35,0,77,2,78,59,0,139,44,0,44,183
09/13/2012,LFT,LA,ASW,CE,Combined TRACON& Tower with Radar,1,41,48,0,90,0,70,18,0,88,1,111,66,0,178,12,0,12,190
09/14/2012,LFT,LA,ASW,CE,Combined TRACON& Tower with Radar,3,52,35,0,90,0,28,23,1,52,3,80,58,1,142,62,0,62,204
09/15/2012,LFT,LA,ASW,CE,Combined TRACON& Tower with Radar,3,30,17,0,50,0,28,50,0,78,3,58,67,0,128,21,0,21,149
09/16/2012,LFT,LA,ASW,CE,Combined TRACON& Tower with Radar,4,41,20,0,65,0,38,28,0,66,4,79,48,0,131,10,0,10,141
09/17/2012,LFT,LA,ASW,CE,Combined TRACON& Tower with Radar,1,48,19,0,68,0,13,5,0,18,1,61,24,0,86,4,0,4,90
09/18/2012,LFT,LA,ASW,CE,Combined TRACON& Tower with Radar,3,32,46,2,83,0,67,19,0,86,3,99,65,2,169,39,0,39,208
09/19/2012,LFT,LA,ASW,CE,Combined TRACON& Tower with Radar,2,45,32,9,88,0,75,41,0,116,2,120,73,9,204,34,28,62,266
09/20/2012,LFT,LA,ASW,CE,Combined TRACON& Tower with Radar,1,42,38,4,85,0,49,52,0,101,1,91,90,4,186,24,0,24,210
09/21/2012,LFT,LA,ASW,CE,Combined TRACON& Tower with Radar,1,30,28,0,59,0,42,17,0,59,1,72,45,0,118,60,0,60,178
09/22/2012,LFT,LA,ASW,CE,Combined TRACON& Tower with Radar,1,31,20,0,52,0,24,28,0,52,1,55,48,0,104,0,0,0,104
09/23/2012,LFT,LA,ASW,CE,Combined TRACON& Tower with Radar,0,36,34,0,70,0,33,29,0,62,0,69,63,0,132,5,0,5,137
09/24/2012,LFT,LA,ASW,CE,Combined TRACON& Tower with Radar,1,40,29,6,76,0,51,17,0,68,1,91,46,6,144,30,2,32,176
09/25/2012,LFT,LA,ASW,CE,Combined TRACON& Tower with Radar,1,36,37,0,74,0,37,28,0,65,1,73,65,0,139,46,0,46,185
09/26/2012,LFT,LA,ASW,CE,Combined TRACON& Tower with Radar,2,37,42,4,85,0,60,32,0,92,2,97,74,4,177,38,30,68,245
09/27/2012,LFT,LA,ASW,CE,Combined TRACON& Tower with Radar,3,57,41,2,103,0,30,20,0,50,3,87,61,2,153,0,0,0,153
09/28/2012,LFT,LA,ASW,CE,Combined TRACON& Tower with Radar,3,41,33,0,77,0,35,20,0,55,3,76,53,0,132,12,0,12,144
09/29/2012,LFT,LA,ASW,CE,Combined TRACON& Tower with Radar,4,26,11,0,41,0,8,3,0,11,4,34,14,0,52,0,0,0,52
09/30/2012,LFT,LA,ASW,CE,Combined TRACON& Tower with Radar,0,49,18,0,67,0,22,6,0,28,0,71,24,0,95,0,0,0,95
10/01/2012,LFT,LA,ASW,CE,Combined TRACON& Tower with Radar,1,45,35,2,83,0,12,17,0,29,1,57,52,2,112,10,0,10,122
10/02/2012,LFT,LA,ASW,CE,Combined TRACON& Tower with Radar,3,36,39,0,78,0,65,41,0,106,3,101,80,0,184,23,0,23,207
10/03/2012,LFT,LA,ASW,CE,Combined TRACON& Tower with Radar,2,44,37,0,83,0,51,44,0,95,2,95,81,0,178,62,0,62,240
10/04/2012,LFT,LA,ASW,CE,Combined TRACON& Tower with Radar,2,41,52,0,95,0,57,29,0,86,2,98,81,0,181,14,0,14,195
10/05/2012,LFT,LA,ASW,CE,Combined TRACON& Tower with Radar,5,39,43,0,87,0,16,36,0,52,5,55,79,0,139,4,0,4,143
10/06/2012,LFT,LA,ASW,CE,Combined TRACON& Tower with Radar,2,27,18,1,48,0,15,21,0,36,2,42,39,1,84,44,0,44,128
10/07/2012,LFT,LA,ASW,CE,Combined TRACON& Tower with Radar,0,39,32,0,71,0,29,26,0,55,0,68,58,0,126,30,0,30,156
10/08/2012,LFT,LA,ASW,CE,Combined TRACON& Tower with Radar,1,39,27,0,67,0,62,41,0,103,1,101,68,0,170,30,0,30,200
10/09/2012,LFT,LA,ASW,CE,Combined TRACON& Tower with Radar,2,41,37,2,82,0,89,37,0,126,2,130,74,2,208,6,0,6,214
10/10/2012,LFT,LA,ASW,CE,Combined TRACON& Tower with Radar,1,35,50,2,88,0,65,38,0,103,1,100,88,2,191,6,2,8,199
10/11/2012,LFT,LA,ASW,CE,Combined TRACON& Tower with Radar,3,43,41,2,89,0,45,29,0,74,3,88,70,2,163,32,0,32,195
10/12/2012,LFT,LA,ASW,CE,Combined TRACON& Tower with Radar,2,41,44,0,87,0,66,48,0,114,2,107,92,0,201,32,2,34,235
10/13/2012,LFT,LA,ASW,CE,Combined TRACON& Tower with Radar,1,31,12,0,44,0,26,22,0,48,1,57,34,0,92,0,0,0,92
10/14/2012,LFT,LA,ASW,CE,Combined TRACON& Tower with Radar,0,39,26,0,65,0,29,13,0,42,0,68,39,0,107,26,0,26,133
10/15/2012,LFT,LA,ASW,CE,Combined TRACON& Tower with Radar,4,42,25,0,71,0,55,31,0,86,4,97,56,0,157,44,0,44,201
10/16/2012,LFT,LA,ASW,CE,Combined TRACON& Tower with Radar,2,36,49,0,87,1,86,50,1,138,3,122,99,1,225,38,0,38,263
10/17/2012,LFT,LA,ASW,CE,Combined TRACON& Tower with Radar,1,39,40,4,84,0,86,27,0,113,1,125,67,4,197,4,0,4,201
10/18/2012,LFT,LA,ASW,CE,Combined TRACON& Tower with Radar,3,41,48,0,92,0,27,33,0,60,3,68,81,0,152,18,0,18,170
10/19/2012,LFT,LA,ASW,CE,Combined TRACON& Tower with Radar,2,37,28,0,67,0,48,40,0,88,2,85,68,0,155,10,0,10,165
10/20/2012,LFT,LA,ASW,CE,Combined TRACON& Tower with Radar,1,28,30,0,59,0,27,41,0,68,1,55,71,0,127,22,0,22,149
10/21/2012,LFT,LA,ASW,CE,Combined TRACON& Tower with Radar,0,43,39,0,82,0,24,23,0,47,0,67,62,0,129,14,0,14,143
10/22/2012,LFT,LA,ASW,CE,Combined TRACON& Tower with Radar,1,41,46,0,88,0,37,30,0,67,1,78,76,0,155,16,0,16,171
10/23/2012,LFT,LA,ASW,CE,Combined TRACON& Tower with Radar,2,41,48,0,91,0,59,40,0,99,2,100,88,0,190,32,0,32,222
10/24/2012,LFT,LA,ASW,CE,Combined TRACON& Tower with Radar,3,47,44,6,100,0,56,29,1,86,3,103,73,7,186,28,1,29,215
10/25/2012,LFT,LA,ASW,CE,Combined TRACON& Tower with Radar,1,48,54,2,105,0,75,33,0,108,1,123,87,2,213,40,0,40,253
10/26/2012,LFT,LA,ASW,CE,Combined TRACON& Tower with Radar,2,47,25,2,76,0,29,5,2,36,2,76,30,4,112,4,0,4,116
10/27/2012,LFT,LA,ASW,CE,Combined TRACON& Tower with Radar,3,30,23,0,56,0,12,18,0,30,3,42,41,0,86,10,0,10,96
10/28/2012,LFT,LA,ASW,CE,Combined TRACON& Tower with Radar,0,37,25,0,62,0,37,21,0,58,0,74,46,0,120,20,0,20,140
10/29/2012,LFT,LA,ASW,CE,Combined TRACON& Tower with Radar,1,41,28,0,70,0,64,27,0,91,1,105,55,0,161,12,0,12,173
10/30/2012,LFT,LA,ASW,CE,Combined TRACON& Tower with Radar,1,37,43,2,83,0,58,35,0,93,1,95,78,2,176,0,0,0,176
10/31/2012,LFT,LA,ASW,CE,Combined TRACON& Tower with Radar,2,30,35,6,73,0,43,39,2,84,2,73,74,8,157,44,6,50,207
11/01/2012,LFT,LA,ASW,CE,Combined TRACON& Tower with Radar,2,45,51,0,98,0,38,34,0,72,2,83,85,0,170,17,0,17,187
11/02/2012,LFT,LA,ASW,CE,Combined TRACON& Tower with Radar,3,42,35,7,87,0,45,26,0,71,3,87,61,7,158,4,6,10,168
11/03/2012,LFT,LA,ASW,CE,Combined TRACON& Tower with Radar,1,29,19,1,50,0,47,27,0,74,1,76,46,1,124,0,0,0,124
11/04/2012,LFT,LA,ASW,CE,Combined TRACON& Tower with Radar,0,39,31,0,70,0,27,13,0,40,0,66,44,0,110,0,0,0,110
11/05/2012,LFT,LA,ASW,CE,Combined TRACON& Tower with Radar,1,55,31,0,87,0,33,9,0,42,1,88,40,0,129,14,0,14,143
11/06/2012,LFT,LA,ASW,CE,Combined TRACON& Tower with Radar,3,38,32,0,73,0,42,14,0,56,3,80,46,0,129,0,0,0,129
11/07/2012,LFT,LA,ASW,CE,Combined TRACON& Tower with Radar,2,38,32,2,74,0,67,33,0,100,2,105,65,2,174,2,0,2,176
11/08/2012,LFT,LA,ASW,CE,Combined TRACON& Tower with Radar,1,41,43,0,85,0,38,25,0,63,1,79,68,0,148,26,0,26,174
11/09/2012,LFT,LA,ASW,CE,Combined TRACON& Tower with Radar,3,47,32,3,85,0,86,32,0,118,3,133,64,3,203,50,0,50,253
11/10/2012,LFT,LA,ASW,CE,Combined TRACON& Tower with Radar,3,25,24,8,60,0,29,39,1,69,3,54,63,9,129,2,0,2,131
11/11/2012,LFT,LA,ASW,CE,Combined TRACON& Tower with Radar,0,46,24,5,75,0,24,14,0,38,0,70,38,5,113,0,0,0,113
11/12/2012,LFT,LA,ASW,CE,Combined TRACON& Tower with Radar,1,41,14,0,56,0,26,12,0,38,1,67,26,0,94,0,0,0,94
11/13/2012,LFT,LA,ASW,CE,Combined TRACON& Tower with Radar,2,36,33,0,71,0,59,24,1,84,2,95,57,1,155,18,0,18,173
11/14/2012,LFT,LA,ASW,CE,Combined TRACON& Tower with Radar,2,46,31,0,79,0,54,27,3,84,2,100,58,3,163,4,0,4,167
11/15/2012,LFT,LA,ASW,CE,Combined TRACON& Tower with Radar,2,46,47,0,95,0,68,27,0,95,2,114,74,0,190,44,2,46,236
11/16/2012,LFT,LA,ASW,CE,Combined TRACON& Tower with Radar,4,41,36,0,81,0,50,32,1,83,4,91,68,1,164,60,0,60,224
11/17/2012,LFT,LA,ASW,CE,Combined TRACON& Tower with Radar,1,27,21,0,49,0,48,39,0,87,1,75,60,0,136,20,0,20,156
11/18/2012,LFT,LA,ASW,CE,Combined TRACON& Tower with Radar,0,59,28,0,87,0,36,23,2,61,0,95,51,2,148,0,0,0,148
11/19/2012,LFT,LA,ASW,CE,Combined TRACON& Tower with Radar,2,39,33,0,74,0,48,31,0,79,2,87,64,0,153,4,0,4,157
11/20/2012,LFT,LA,ASW,CE,Combined TRACON& Tower with Radar,2,43,43,0,88,0,62,35,0,97,2,105,78,0,185,22,0,22,207
11/21/2012,LFT,LA,ASW,CE,Combined TRACON& Tower with Radar,3,41,25,0,69,0,66,26,0,92,3,107,51,0,161,12,0,12,173
11/22/2012,LFT,LA,ASW,CE,Combined TRACON& Tower with Radar,0,22,10,0,32,0,17,16,0,33,0,39,26,0,65,10,0,10,75
11/23/2012,LFT,LA,ASW,CE,Combined TRACON& Tower with Radar,3,24,17,0,44,0,25,25,0,50,3,49,42,0,94,66,0,66,160
11/24/2012,LFT,LA,ASW,CE,Combined TRACON& Tower with Radar,1,32,15,0,48,0,15,21,0,36,1,47,36,0,84,2,0,2,86
11/25/2012,LFT,LA,ASW,CE,Combined TRACON& Tower with Radar,0,45,26,0,71,0,26,18,0,44,0,71,44,0,115,0,0,0,115
11/26/2012,LFT,LA,ASW,CE,Combined TRACON& Tower with Radar,1,46,38,0,85,0,14,16,0,30,1,60,54,0,115,0,0,0,115
11/27/2012,LFT,LA,ASW,CE,Combined TRACON& Tower with Radar,2,45,32,0,79,0,16,3,0,19,2,61,35,0,98,2,0,2,100
11/28/2012,LFT,LA,ASW,CE,Combined TRACON& Tower with Radar,3,37,43,1,84,0,16,31,0,47,3,53,74,1,131,0,0,0,131
11/29/2012,LFT,LA,ASW,CE,Combined TRACON& Tower with Radar,1,35,41,1,78,0,45,31,0,76,1,80,72,1,154,34,0,34,188
11/30/2012,LFT,LA,ASW,CE,Combined TRACON& Tower with Radar,3,45,35,6,89,0,59,32,0,91,3,104,67,6,180,41,0,41,221
12/01/2012,LFT,LA,ASW,CE,Combined TRACON& Tower with Radar,1,37,13,0,51,0,38,31,0,69,1,75,44,0,120,24,0,24,144
12/02/2012,LFT,LA,ASW,CE,Combined TRACON& Tower with Radar,0,38,30,0,68,0,23,19,1,43,0,61,49,1,111,12,3,15,126
12/03/2012,LFT,LA,ASW,CE,Combined TRACON& Tower with Radar,1,36,31,0,68,0,37,17,0,54,1,73,48,0,122,6,3,9,131
12/04/2012,LFT,LA,ASW,CE,Combined TRACON& Tower with Radar,2,36,33,0,71,0,16,4,0,20,2,52,37,0,91,2,0,2,93
12/05/2012,LFT,LA,ASW,CE,Combined TRACON& Tower with Radar,1,55,41,0,97,0,13,8,0,21,1,68,49,0,118,56,0,56,174
12/06/2012,LFT,LA,ASW,CE,Combined TRACON& Tower with Radar,3,41,50,1,95,0,16,7,0,23,3,57,57,1,118,4,0,4,122
12/07/2012,LFT,LA,ASW,CE,Combined TRACON& Tower with Radar,3,37,34,2,76,0,46,46,0,92,3,83,80,2,168,22,0,22,190
12/08/2012,LFT,LA,ASW,CE,Combined TRACON& Tower with Radar,3,28,15,0,46,0,23,25,0,48,3,51,40,0,94,51,0,51,145
12/09/2012,LFT,LA,ASW,CE,Combined TRACON& Tower with Radar,0,38,27,0,65,0,19,7,0,26,0,57,34,0,91,8,0,8,99
12/10/2012,LFT,LA,ASW,CE,Combined TRACON& Tower with Radar,1,39,34,0,74,0,5,9,0,14,1,44,43,0,88,0,0,0,88
12/11/2012,LFT,LA,ASW,CE,Combined TRACON& Tower with Radar,2,38,52,4,96,0,66,32,0,98,2,104,84,4,194,8,2,10,204
12/12/2012,LFT,LA,ASW,CE,Combined TRACON& Tower with Radar,2,48,49,0,99,0,69,37,0,106,2,117,86,0,205,2,0,2,207
12/13/2012,LFT,LA,ASW,CE,Combined TRACON& Tower with Radar,1,42,50,2,95,0,43,45,0,88,1,85,95,2,183,17,0,17,200
12/14/2012,LFT,LA,ASW,CE,Combined TRACON& Tower with Radar,1,36,41,2,80,0,76,27,1,104,1,112,68,3,184,24,0,24,208
12/15/2012,LFT,LA,ASW,CE,Combined TRACON& Tower with Radar,1,26,23,1,51,0,47,14,0,61,1,73,37,1,112,48,12,60,172
12/16/2012,LFT,LA,ASW,CE,Combined TRACON& Tower with Radar,0,36,31,1,68,0,17,3,0,20,0,53,34,1,88,28,0,28,116
12/17/2012,LFT,LA,ASW,CE,Combined TRACON& Tower with Radar,1,39,38,2,80,1,59,12,0,72,2,98,50,2,152,60,0,60,212
12/18/2012,LFT,LA,ASW,CE,Combined TRACON& Tower with Radar,1,43,42,0,86,0,68,41,0,109,1,111,83,0,195,18,0,18,213
12/19/2012,LFT,LA,ASW,CE,Combined TRACON& Tower with Radar,3,50,74,0,127,0,51,27,0,78,3,101,101,0,205,36,0,36,241
12/20/2012,LFT,LA,ASW,CE,Combined TRACON& Tower with Radar,2,41,27,0,70,0,18,8,0,26,2,59,35,0,96,16,0,16,112
12/21/2012,LFT,LA,ASW,CE,Combined TRACON& Tower with Radar,5,41,42,0,88,0,60,23,0,83,5,101,65,0,171,116,0,116,287
12/22/2012,LFT,LA,ASW,CE,Combined TRACON& Tower with Radar,2,30,28,0,60,0,23,33,0,56,2,53,61,0,116,6,0,6,122
12/23/2012,LFT,LA,ASW,CE,Combined TRACON& Tower with Radar,0,32,8,0,40,0,9,6,0,15,0,41,14,0,55,16,0,16,71
12/24/2012,LFT,LA,ASW,CE,Combined TRACON& Tower with Radar,4,28,10,0,42,0,13,6,0,19,4,41,16,0,61,18,0,18,79
12/25/2012,LFT,LA,ASW,CE,Combined TRACON& Tower with Radar,0,15,0,0,15,0,6,0,0,6,0,21,0,0,21,0,0,0,21
12/26/2012,LFT,LA,ASW,CE,Combined TRACON& Tower with Radar,3,33,29,0,65,0,55,8,0,63,3,88,37,0,128,56,0,56,184
12/27/2012,LFT,LA,ASW,CE,Combined TRACON& Tower with Radar,3,44,57,4,108,0,1,8,0,9,3,45,65,4,117,0,0,0,117
12/28/2012,LFT,LA,ASW,CE,Combined TRACON& Tower with Radar,2,35,29,0,66,0,13,2,0,15,2,48,31,0,81,0,0,0,81
12/29/2012,LFT,LA,ASW,CE,Combined TRACON& Tower with Radar,1,25,22,0,48,0,23,13,0,36,1,48,35,0,84,6,0,6,90
12/30/2012,LFT,LA,ASW,CE,Combined TRACON& Tower with Radar,0,35,24,0,59,0,17,14,0,31,0,52,38,0,90,34,0,34,124
12/31/2012,LFT,LA,ASW,CE,Combined TRACON& Tower with Radar,1,29,28,1,59,0,20,21,0,41,1,49,49,1,100,0,0,0,100
01/01/2013,LFT,LA,ASW,CE,Combined TRACON& Tower with Radar,0,32,11,0,43,0,0,0,0,0,0,32,11,0,43,0,0,0,43
01/02/2013,LFT,LA,ASW,CE,Combined TRACON& Tower with Radar,3,39,32,0,74,0,3,7,0,10,3,42,39,0,84,0,0,0,84
01/03/2013,LFT,LA,ASW,CE,Combined TRACON& Tower with Radar,2,41,50,2,95,0,44,11,0,55,2,85,61,2,150,20,0,20,170
01/04/2013,LFT,LA,ASW,CE,Combined TRACON& Tower with Radar,2,43,29,2,76,0,46,33,0,79,2,89,62,2,155,26,0,26,181
01/05/2013,LFT,LA,ASW,CE,Combined TRACON& Tower with Radar,1,33,22,1,57,0,16,5,1,22,1,49,27,2,79,19,0,19,98
01/06/2013,LFT,LA,ASW,CE,Combined TRACON& Tower with Radar,0,41,28,0,69,0,13,7,0,20,0,54,35,0,89,8,0,8,97
01/07/2013,LFT,LA,ASW,CE,Combined TRACON& Tower with Radar,1,44,31,1,77,0,64,26,1,91,1,108,57,2,168,48,0,48,216
01/08/2013,LFT,LA,ASW,CE,Combined TRACON& Tower with Radar,2,60,27,1,90,0,13,3,0,16,2,73,30,1,106,8,0,8,114
01/09/2013,LFT,LA,ASW,CE,Combined TRACON& Tower with Radar,4,6,1,0,11,0,0,0,0,0,4,6,1,0,11,0,0,0,11
01/10/2013,LFT,LA,ASW,CE,Combined TRACON& Tower with Radar,2,42,39,0,83,0,5,0,0,5,2,47,39,0,88,0,0,0,88
01/11/2013,LFT,LA,ASW,CE,Combined TRACON& Tower with Radar,0,34,75,0,109,0,33,33,0,66,0,67,108,0,175,70,0,70,245
01/12/2013,LFT,LA,ASW,CE,Combined TRACON& Tower with Radar,0,26,45,0,71,0,24,11,0,35,0,50,56,0,106,14,0,14,120
01/13/2013,LFT,LA,ASW,CE,Combined TRACON& Tower with Radar,2,20,46,0,68,0,0,0,0,0,2,20,46,0,68,0,0,0,68
01/14/2013,LFT,LA,ASW,CE,Combined TRACON& Tower with Radar,2,39,64,0,105,0,1,0,0,1,2,40,64,0,106,0,0,0,106
01/15/2013,LFT,LA,ASW,CE,Combined TRACON& Tower with Radar,4,34,13,0,51,0,3,0,0,3,4,37,13,0,54,0,0,0,54
01/16/2013,LFT,LA,ASW,CE,Combined TRACON& Tower with Radar,3,41,47,1,92,0,22,3,2,27,3,63,50,3,119,0,0,0,119
01/17/2013,LFT,LA,ASW,CE,Combined TRACON& Tower with Radar,2,37,53,2,94,0,50,43,1,94,2,87,96,3,188,21,0,21,209
01/18/2013,LFT,LA,ASW,CE,Combined TRACON& Tower with Radar,1,31,24,2,58,0,43,47,0,90,1,74,71,2,148,74,4,78,226
01/19/2013,LFT,LA,ASW,CE,Combined TRACON& Tower with Radar,1,25,16,0,42,0,16,36,2,54,1,41,52,2,96,18,2,20,116
01/20/2013,LFT,LA,ASW,CE,Combined TRACON& Tower with Radar,0,33,18,0,51,0,25,26,0,51,0,58,44,0,102,25,0,25,127
01/21/2013,LFT,LA,ASW,CE,Combined TRACON& Tower with Radar,2,41,25,0,68,0,47,42,0,89,2,88,67,0,157,6,0,6,163
01/22/2013,LFT,LA,ASW,CE,Combined TRACON& Tower with Radar,2,36,38,0,76,0,61,36,0,97,2,97,74,0,173,14,0,14,187
01/23/2013,LFT,LA,ASW,CE,Combined TRACON& Tower with Radar,4,41,29,3,77,0,73,30,1,104,4,114,59,4,181,18,4,22,203
01/24/2013,LFT,LA,ASW,CE,Combined TRACON& Tower with Radar,2,42,36,0,80,0,81,24,1,106,2,123,60,1,186,28,0,28,214
01/25/2013,LFT,LA,ASW,CE,Combined TRACON& Tower with Radar,1,40,22,11,74,0,52,15,0,67,1,92,37,11,141,24,0,24,165
01/26/2013,LFT,LA,ASW,CE,Combined TRACON& Tower with Radar,1,19,21,0,41,0,28,19,0,47,1,47,40,0,88,36,0,36,124
01/27/2013,LFT,LA,ASW,CE,Combined TRACON& Tower with Radar,2,29,12,2,45,0,21,29,1,51,2,50,41,3,96,18,0,18,114
01/28/2013,LFT,LA,ASW,CE,Combined TRACON& Tower with Radar,2,45,44,2,93,0,44,14,0,58,2,89,58,2,151,6,2,8,159
01/29/2013,LFT,LA,ASW,CE,Combined TRACON& Tower with Radar,2,33,42,5,82,0,16,6,0,22,2,49,48,5,104,6,0,6,110
01/30/2013,LFT,LA,ASW,CE,Combined TRACON& Tower with Radar,3,39,34,0,76,0,30,13,0,43,3,69,47,0,119,8,0,8,127
01/31/2013,LFT,LA,ASW,CE,Combined TRACON& Tower with Radar,1,40,56,0,97,0,53,39,0,92,1,93,95,0,189,20,0,20,209
02/01/2013,LFT,LA,ASW,CE,Combined TRACON& Tower with Radar,2,75,52,0,129,0,63,37,2,102,2,138,89,2,231,4,0,4,235
02/02/2013,LFT,LA,ASW,CE,Combined TRACON& Tower with Radar,1,30,8,0,39,0,41,35,0,76,1,71,43,0,115,10,0,10,125
02/03/2013,LFT,LA,ASW,CE,Combined TRACON& Tower with Radar,0,38,15,0,53,0,21,28,0,49,0,59,43,0,102,4,0,4,106
02/04/2013,LFT,LA,ASW,CE,Combined TRACON& Tower with Radar,1,42,45,0,88,0,45,20,1,66,1,87,65,1,154,80,0,80,234
02/05/2013,LFT,LA,ASW,CE,Combined TRACON& Tower with Radar,3,46,47,0,96,0,24,8,0,32,3,70,55,0,128,42,4,46,174
02/06/2013,LFT,LA,ASW,CE,Combined TRACON& Tower with Radar,3,52,32,0,87,0,9,5,0,14,3,61,37,0,101,10,0,10,111
02/07/2013,LFT,LA,ASW,CE,Combined TRACON& Tower with Radar,2,50,35,0,87,0,12,14,0,26,2,62,49,0,113,24,0,24,137
02/08/2013,LFT,LA,ASW,CE,Combined TRACON& Tower with Radar,3,55,43,0,101,0,29,12,0,41,3,84,55,0,142,48,0,48,190
02/09/2013,LFT,LA,ASW,CE,Combined TRACON& Tower with Radar,1,29,29,0,59,0,24,12,0,36,1,53,41,0,95,4,0,4,99
02/10/2013,LFT,LA,ASW,CE,Combined TRACON& Tower with Radar,0,34,11,0,45,0,12,0,0,12,0,46,11,0,57,0,0,0,57
02/11/2013,LFT,LA,ASW,CE,Combined TRACON& Tower with Radar,1,45,19,0,65,0,7,0,0,7,1,52,19,0,72,8,0,8,80
02/12/2013,LFT,LA,ASW,CE,Combined TRACON& Tower with Radar,4,21,11,0,36,0,4,1,1,6,4,25,12,1,42,0,0,0,42
02/13/2013,LFT,LA,ASW,CE,Combined TRACON& Tower with Radar,2,40,38,0,80,0,64,4,3,71,2,104,42,3,151,12,0,12,163
02/14/2013,LFT,LA,ASW,CE,Combined TRACON& Tower with Radar,2,43,41,0,86,0,6,39,0,45,2,49,80,0,131,0,0,0,131
02/15/2013,LFT,LA,ASW,CE,Combined TRACON& Tower with Radar,1,44,38,0,83,0,43,25,0,68,1,87,63,0,151,20,0,20,171
02/16/2013,LFT,LA,ASW,CE,Combined TRACON& Tower with Radar,1,34,21,0,56,0,42,16,0,58,1,76,37,0,114,18,2,20,134
02/17/2013,LFT,LA,ASW,CE,Combined TRACON& Tower with Radar,0,37,17,0,54,0,42,27,0,69,0,79,44,0,123,52,0,52,175
02/18/2013,LFT,LA,ASW,CE,Combined TRACON& Tower with Radar,0,42,32,0,74,0,24,10,0,34,0,66,42,0,108,4,0,4,112
02/19/2013,LFT,LA,ASW,CE,Combined TRACON& Tower with Radar,3,42,31,0,76,0,48,37,0,85,3,90,68,0,161,34,0,34,195
02/20/2013,LFT,LA,ASW,CE,Combined TRACON& Tower with Radar,2,32,31,1,66,0,39,16,0,55,2,71,47,1,121,108,0,108,229
02/21/2013,LFT,LA,ASW,CE,Combined TRACON& Tower with Radar,2,52,16,0,70,0,9,1,0,10,2,61,17,0,80,0,0,0,80
02/22/2013,LFT,LA,ASW,CE,Combined TRACON& Tower with Radar,2,51,31,2,86,0,24,9,0,33,2,75,40,2,119,52,0,52,171
02/23/2013,LFT,LA,ASW,CE,Combined TRACON& Tower with Radar,1,36,11,0,48,0,31,20,1,52,1,67,31,1,100,66,0,66,166
02/24/2013,LFT,LA,ASW,CE,Combined TRACON& Tower with Radar,0,41,10,0,51,0,19,26,0,45,0,60,36,0,96,36,0,36,132
02/25/2013,LFT,LA,ASW,CE,Combined TRACON& Tower with Radar,1,25,15,0,41,0,13,0,1,14,1,38,15,1,55,0,0,0,55
02/26/2013,LFT,LA,ASW,CE,Combined TRACON& Tower with Radar,2,38,41,2,83,0,40,24,0,64,2,78,65,2,147,20,0,20,167
02/27/2013,LFT,LA,ASW,CE,Combined TRACON& Tower with Radar,2,44,50,0,96,0,63,28,0,91,2,107,78,0,187,46,0,46,233
02/28/2013,LFT,LA,ASW,CE,Combined TRACON& Tower with Radar,2,47,69,0,118,0,55,56,0,111,2,102,125,0,229,30,0,30,259
03/01/2013,LFT,LA,ASW,CE,Combined TRACON& Tower with Radar,2,43,29,0,74,0,76,42,0,118,2,119,71,0,192,26,0,26,218
03/02/2013,LFT,LA,ASW,CE,Combined TRACON& Tower with Radar,1,32,26,0,59,0,29,21,0,50,1,61,47,0,109,18,2,20,129
03/03/2013,LFT,LA,ASW,CE,Combined TRACON& Tower with Radar,0,43,21,0,64,0,31,36,0,67,0,74,57,0,131,34,0,34,165
03/04/2013,LFT,LA,ASW,CE,Combined TRACON& Tower with Radar,1,38,38,0,77,0,31,15,0,46,1,69,53,0,123,6,0,6,129
03/05/2013,LFT,LA,ASW,CE,Combined TRACON& Tower with Radar,1,37,34,0,72,0,39,16,0,55,1,76,50,0,127,14,0,14,141
03/06/2013,LFT,LA,ASW,CE,Combined TRACON& Tower with Radar,2,37,54,4,97,0,76,25,0,101,2,113,79,4,198,73,0,73,271
03/07/2013,LFT,LA,ASW,CE,Combined TRACON& Tower with Radar,2,45,59,2,108,0,41,30,2,73,2,86,89,4,181,8,0,8,189
03/08/2013,LFT,LA,ASW,CE,Combined TRACON& Tower with Radar,3,39,37,0,79,0,56,24,0,80,3,95,61,0,159,86,0,86,245
03/09/2013,LFT,LA,ASW,CE,Combined TRACON& Tower with Radar,1,28,17,2,48,0,39,18,2,59,1,67,35,4,107,10,0,10,117
03/10/2013,LFT,LA,ASW,CE,Combined TRACON& Tower with Radar,0,43,22,1,66,0,15,5,0,20,0,58,27,1,86,6,0,6,92
03/11/2013,LFT,LA,ASW,CE,Combined TRACON& Tower with Radar,1,38,29,0,68,0,9,16,0,25,1,47,45,0,93,40,0,40,133
03/12/2013,LFT,LA,ASW,CE,Combined TRACON& Tower with Radar,3,39,26,1,69,0,50,36,0,86,3,89,62,1,155,64,0,64,219
03/13/2013,LFT,LA,ASW,CE,Combined TRACON& Tower with Radar,3,48,30,3,84,0,53,37,3,93,3,101,67,6,177,6,0,6,183
03/14/2013,LFT,LA,ASW,CE,Combined TRACON& Tower with Radar,1,41,40,1,83,0,50,37,1,88,1,91,77,2,171,23,0,23,194
03/15/2013,LFT,LA,ASW,CE,Combined TRACON& Tower with Radar,1,39,34,0,74,0,44,26,0,70,1,83,60,0,144,28,0,28,172
03/16/2013,LFT,LA,ASW,CE,Combined TRACON& Tower with Radar,1,33,19,2,55,0,38,50,1,89,1,71,69,3,144,20,2,22,166
03/17/2013,LFT,LA,ASW,CE,Combined TRACON& Tower with Radar,0,46,51,0,97,0,16,11,0,27,0,62,62,0,124,28,0,28,152
03/18/2013,LFT,LA,ASW,CE,Combined TRACON& Tower with Radar,1,34,26,0,61,0,26,13,0,39,1,60,39,0,100,14,0,14,114
03/19/2013,LFT,LA,ASW,CE,Combined TRACON& Tower with Radar,2,41,31,2,76,0,49,44,0,93,2,90,75,2,169,26,2,28,197
03/20/2013,LFT,LA,ASW,CE,Combined TRACON& Tower with Radar,4,42,35,2,83,0,37,20,0,57,4,79,55,2,140,16,2,18,158
03/21/2013,LFT,LA,ASW,CE,Combined TRACON& Tower with Radar,3,45,44,0,92,0,59,21,0,80,3,104,65,0,172,18,0,18,190
03/22/2013,LFT,LA,ASW,CE,Combined TRACON& Tower with Radar,2,45,42,2,91,0,22,3,0,25,2,67,45,2,116,34,0,34,150
03/23/2013,LFT,LA,ASW,CE,Combined TRACON& Tower with Radar,2,38,11,2,53,0,0,0,0,0,2,38,11,2,53,0,0,0,53
03/24/2013,LFT,LA,ASW,CE,Combined TRACON& Tower with Radar,2,37,26,1,66,0,25,17,0,42,2,62,43,1,108,60,0,60,168
03/25/2013,LFT,LA,ASW,CE,Combined TRACON& Tower with Radar,2,39,39,2,82,0,57,28,0,85,2,96,67,2,167,8,0,8,175
03/26/2013,LFT,LA,ASW,CE,Combined TRACON& Tower with Radar,2,35,44,2,83,0,46,34,0,80,2,81,78,2,163,10,0,10,173
03/27/2013,LFT,LA,ASW,CE,Combined TRACON& Tower with Radar,2,41,52,0,95,0,41,37,0,78,2,82,89,0,173,34,0,34,207
03/28/2013,LFT,LA,ASW,CE,Combined TRACON& Tower with Radar,2,40,65,1,108,0,68,38,0,106,2,108,103,1,214,50,0,50,264
03/29/2013,LFT,LA,ASW,CE,Combined TRACON& Tower with Radar,1,43,23,5,72,0,47,48,0,95,1,90,71,5,167,18,0,18,185
03/30/2013,LFT,LA,ASW,CE,Combined TRACON& Tower with Radar,1,32,16,0,49,0,35,19,0,54,1,67,35,0,103,0,0,0,103
03/31/2013,LFT,LA,ASW,CE,Combined TRACON& Tower with Radar,0,40,24,0,64,0,13,3,0,16,0,53,27,0,80,2,0,2,82
04/01/2013,LFT,LA,ASW,CE,Combined TRACON& Tower with Radar,1,39,46,0,86,0,32,11,0,43,1,71,57,0,129,18,0,18,147
04/02/2013,LFT,LA,ASW,CE,Combined TRACON& Tower with Radar,2,36,39,1,78,0,50,19,1,70,2,86,58,2,148,76,0,76,224
04/03/2013,LFT,LA,ASW,CE,Combined TRACON& Tower with Radar,9,44,24,0,77,0,2,0,0,2,9,46,24,0,79,0,0,0,79
04/04/2013,LFT,LA,ASW,CE,Combined TRACON& Tower with Radar,4,46,44,0,94,0,41,4,0,45,4,87,48,0,139,30,0,30,169
04/05/2013,LFT,LA,ASW,CE,Combined TRACON& Tower with Radar,1,41,38,13,93,0,91,27,0,118,1,132,65,13,211,51,2,53,264
04/06/2013,LFT,LA,ASW,CE,Combined TRACON& Tower with Radar,1,31,17,2,51,0,26,32,0,58,1,57,49,2,109,6,0,6,115
04/07/2013,LFT,LA,ASW,CE,Combined TRACON& Tower with Radar,0,45,32,2,79,0,33,15,0,48,0,78,47,2,127,20,2,22,149
04/08/2013,LFT,LA,ASW,CE,Combined TRACON& Tower with Radar,1,39,35,0,75,0,48,18,0,66,1,87,53,0,141,15,0,15,156
04/09/2013,LFT,LA,ASW,CE,Combined TRACON& Tower with Radar,2,48,59,0,109,0,22,8,0,30,2,70,67,0,139,0,0,0,139
04/10/2013,LFT,LA,ASW,CE,Combined TRACON& Tower with Radar,1,41,37,0,79,0,38,7,0,45,1,79,44,0,124,2,4,6,130
04/11/2013,LFT,LA,ASW,CE,Combined TRACON& Tower with Radar,3,39,39,0,81,0,17,5,0,22,3,56,44,0,103,4,0,4,107
04/12/2013,LFT,LA,ASW,CE,Combined TRACON& Tower with Radar,2,43,43,0,88,0,38,61,1,100,2,81,104,1,188,56,0,56,244
04/13/2013,LFT,LA,ASW,CE,Combined TRACON& Tower with Radar,1,28,18,0,47,0,22,40,0,62,1,50,58,0,109,26,0,26,135
04/14/2013,LFT,LA,ASW,CE,Combined TRACON& Tower with Radar,0,46,16,0,62,0,16,6,0,22,0,62,22,0,84,8,0,8,92
04/15/2013,LFT,LA,ASW,CE,Combined TRACON& Tower with Radar,1,51,42,8,102,0,29,16,0,45,1,80,58,8,147,25,0,25,172
04/16/2013,LFT,LA,ASW,CE,Combined TRACON& Tower with Radar,1,43,33,0,77,0,28,8,0,36,1,71,41,0,113,0,0,0,113
04/17/2013,LFT,LA,ASW,CE,Combined TRACON& Tower with Radar,1,37,43,0,81,0,31,19,2,52,1,68,62,2,133,12,0,12,145
04/18/2013,LFT,LA,ASW,CE,Combined TRACON& Tower with Radar,2,38,36,4,80,0,32,4,0,36,2,70,40,4,116,1,0,1,117
04/19/2013,LFT,LA,ASW,CE,Combined TRACON& Tower with Radar,3,43,49,1,96,0,38,34,0,72,3,81,83,1,168,8,0,8,176
04/20/2013,LFT,LA,ASW,CE,Combined TRACON& Tower with Radar,1,28,34,0,63,0,26,36,1,63,1,54,70,1,126,88,0,88,214
04/21/2013,LFT,LA,ASW,CE,Combined TRACON& Tower with Radar,0,39,23,1,63,0,40,39,1,80,0,79,62,2,143,41,6,47,190
04/22/2013,LFT,LA,ASW,CE,Combined TRACON& Tower with Radar,1,42,29,5,77,0,59,44,1,104,1,101,73,6,181,20,0,20,201
04/23/2013,LFT,LA,ASW,CE,Combined TRACON& Tower with Radar,1,45,58,0,104,0,40,22,1,63,1,85,80,1,167,22,0,22,189
04/24/2013,LFT,LA,ASW,CE,Combined TRACON& Tower with Radar,2,48,29,0,79,0,13,12,0,25,2,61,41,0,104,8,0,8,112
04/25/2013,LFT,LA,ASW,CE,Combined TRACON& Tower with Radar,2,50,53,0,105,0,53,22,1,76,2,103,75,1,181,54,0,54,235
04/26/2013,LFT,LA,ASW,CE,Combined TRACON& Tower with Radar,2,41,48,0,91,0,39,41,0,80,2,80,89,0,171,36,0,36,207
04/27/2013,LFT,LA,ASW,CE,Combined TRACON& Tower with Radar,1,37,25,4,67,0,38,26,0,64,1,75,51,4,131,24,0,24,155
04/28/2013,LFT,LA,ASW,CE,Combined TRACON& Tower with Radar,0,44,40,0,84,0,10,14,0,24,0,54,54,0,108,30,0,30,138
04/29/2013,LFT,LA,ASW,CE,Combined TRACON& Tower with Radar,1,46,47,2,96,0,59,45,0,104,1,105,92,2,200,10,2,12,212
04/30/2013,LFT,LA,ASW,CE,Combined TRACON& Tower with Radar,8,46,40,0,94,0,0,4,0,4,8,46,44,0,98,0,0,0,98
05/01/2013,LFT,LA,ASW,CE,Combined TRACON& Tower with Radar,2,52,44,0,98,0,22,16,0,38,2,74,60,0,136,28,0,28,164
05/02/2013,LFT,LA,ASW,CE,Combined TRACON& Tower with Radar,1,49,35,0,85,0,41,14,0,55,1,90,49,0,140,50,18,68,208
05/03/2013,LFT,LA,ASW,CE,Combined TRACON& Tower with Radar,2,64,35,7,108,0,15,10,1,26,2,79,45,8,134,20,0,20,154
05/04/2013,LFT,LA,ASW,CE,Combined TRACON& Tower with Radar,3,33,24,0,60,0,36,57,0,93,3,69,81,0,153,57,0,57,210
05/05/2013,LFT,LA,ASW,CE,Combined TRACON& Tower with Radar,0,41,28,1,70,0,32,25,0,57,0,73,53,1,127,8,2,10,137
05/06/2013,LFT,LA,ASW,CE,Combined TRACON& Tower with Radar,1,47,45,1,94,0,81,27,1,109,1,128,72,2,203,48,0,48,251
05/07/2013,LFT,LA,ASW,CE,Combined TRACON& Tower with Radar,3,50,47,12,112,0,56,44,0,100,3,106,91,12,212,14,0,14,226
05/08/2013,LFT,LA,ASW,CE,Combined TRACON& Tower with Radar,2,43,59,12,116,0,88,54,0,142,2,131,113,12,258,62,10,72,330
05/09/2013,LFT,LA,ASW,CE,Combined TRACON& Tower with Radar,2,55,48,0,105,0,65,29,0,94,2,120,77,0,199,54,0,54,253
05/10/2013,LFT,LA,ASW,CE,Combined TRACON& Tower with Radar,3,45,34,0,82,0,5,0,0,5,3,50,34,0,87,0,0,0,87
05/11/2013,LFT,LA,ASW,CE,Combined TRACON& Tower with Radar,2,32,22,0,56,0,23,7,0,30,2,55,29,0,86,11,0,11,97
05/12/2013,LFT,LA,ASW,CE,Combined TRACON& Tower with Radar,0,43,16,0,59,0,37,22,0,59,0,80,38,0,118,26,0,26,144
05/13/2013,LFT,LA,ASW,CE,Combined TRACON& Tower with Radar,1,49,43,0,93,0,51,38,0,89,1,100,81,0,182,21,0,21,203
05/14/2013,LFT,LA,ASW,CE,Combined TRACON& Tower with Radar,2,63,42,0,107,0,51,28,0,79,2,114,70,0,186,6,0,6,192
05/15/2013,LFT,LA,ASW,CE,Combined TRACON& Tower with Radar,1,43,58,2,104,0,61,29,0,90,1,104,87,2,194,36,4,40,234
05/16/2013,LFT,LA,ASW,CE,Combined TRACON& Tower with Radar,1,52,44,0,97,0,76,21,0,97,1,128,65,0,194,46,0,46,240
05/17/2013,LFT,LA,ASW,CE,Combined TRACON& Tower with Radar,1,44,29,6,80,0,60,16,0,76,1,104,45,6,156,2,6,8,164
05/18/2013,LFT,LA,ASW,CE,Combined TRACON& Tower with Radar,1,32,13,0,46,0,27,19,0,46,1,59,32,0,92,60,2,62,154
05/19/2013,LFT,LA,ASW,CE,Combined TRACON& Tower with Radar,0,44,32,0,76,0,22,10,1,33,0,66,42,1,109,0,0,0,109
05/20/2013,LFT,LA,ASW,CE,Combined TRACON& Tower with Radar,1,53,35,2,91,0,43,15,0,58,1,96,50,2,149,0,0,0,149
05/21/2013,LFT,LA,ASW,CE,Combined TRACON& Tower with Radar,2,41,43,0,86,0,61,23,0,84,2,102,66,0,170,4,0,4,174
05/22/2013,LFT,LA,ASW,CE,Combined TRACON& Tower with Radar,3,60,42,0,105,0,50,7,0,57,3,110,49,0,162,18,0,18,180
05/23/2013,LFT,LA,ASW,CE,Combined TRACON& Tower with Radar,2,61,53,4,120,0,25,28,0,53,2,86,81,4,173,0,0,0,173
05/24/2013,LFT,LA,ASW,CE,Combined TRACON& Tower with Radar,2,55,33,2,92,0,51,28,0,79,2,106,61,2,171,34,2,36,207
05/25/2013,LFT,LA,ASW,CE,Combined TRACON& Tower with Radar,1,30,19,0,50,0,44,40,0,84,1,74,59,0,134,18,0,18,152
05/26/2013,LFT,LA,ASW,CE,Combined TRACON& Tower with Radar,0,26,16,0,42,0,20,29,0,49,0,46,45,0,91,20,0,20,111
05/27/2013,LFT,LA,ASW,CE,Combined TRACON& Tower with Radar,1,46,24,0,71,0,32,37,0,69,1,78,61,0,140,51,0,51,191
05/28/2013,LFT,LA,ASW,CE,Combined TRACON& Tower with Radar,1,48,57,0,106,0,40,23,0,63,1,88,80,0,169,8,0,8,177
05/29/2013,LFT,LA,ASW,CE,Combined TRACON& Tower with Radar,3,42,56,0,101,0,67,17,2,86,3,109,73,2,187,16,0,16,203
05/30/2013,LFT,LA,ASW,CE,Combined TRACON& Tower with Radar,3,46,33,0,82,0,66,20,0,86,3,112,53,0,168,19,0,19,187
05/31/2013,LFT,LA,ASW,CE,Combined TRACON& Tower with Radar,3,53,27,0,83,0,47,22,0,69,3,100,49,0,152,27,0,27,179
06/01/2013,LFT,LA,ASW,CE,Combined TRACON& Tower with Radar,1,34,16,2,53,0,49,19,0,68,1,83,35,2,121,12,0,12,133
06/02/2013,LFT,LA,ASW,CE,Combined TRACON& Tower with Radar,0,47,14,0,61,0,14,14,0,28,0,61,28,0,89,0,0,0,89
06/03/2013,LFT,LA,ASW,CE,Combined TRACON& Tower with Radar,1,63,42,0,106,0,43,31,0,74,1,106,73,0,180,38,0,38,218
06/04/2013,LFT,LA,ASW,CE,Combined TRACON& Tower with Radar,2,49,34,0,85,0,68,41,1,110,2,117,75,1,195,4,0,4,199
06/05/2013,LFT,LA,ASW,CE,Combined TRACON& Tower with Radar,1,45,51,4,101,0,64,33,0,97,1,109,84,4,198,22,8,30,228
06/06/2013,LFT,LA,ASW,CE,Combined TRACON& Tower with Radar,4,41,32,2,79,0,42,13,1,56,4,83,45,3,135,40,4,44,179
06/07/2013,LFT,LA,ASW,CE,Combined TRACON& Tower with Radar,1,46,25,4,76,0,28,16,0,44,1,74,41,4,120,44,0,44,164
06/08/2013,LFT,LA,ASW,CE,Combined TRACON& Tower with Radar,1,42,16,0,59,0,39,18,0,57,1,81,34,0,116,24,0,24,140
06/09/2013,LFT,LA,ASW,CE,Combined TRACON& Tower with Radar,0,42,24,0,66,0,23,10,0,33,0,65,34,0,99,16,0,16,115
06/10/2013,LFT,LA,ASW,CE,Combined TRACON& Tower with Radar,5,43,44,7,99,0,41,22,3,66,5,84,66,10,165,8,16,24,189
06/11/2013,LFT,LA,ASW,CE,Combined TRACON& Tower with Radar,4,56,51,0,111,0,72,33,0,105,4,128,84,0,216,16,0,16,232
06/12/2013,LFT,LA,ASW,CE,Combined TRACON& Tower with Radar,3,47,37,0,87,0,48,25,0,73,3,95,62,0,160,30,0,30,190
06/13/2013,LFT,LA,ASW,CE,Combined TRACON& Tower with Radar,4,49,58,3,114,0,53,25,2,80,4,102,83,5,194,24,0,24,218
06/14/2013,LFT,LA,ASW,CE,Combined TRACON& Tower with Radar,3,40,32,0,75,0,37,34,0,71,3,77,66,0,146,6,0,6,152
06/15/2013,LFT,LA,ASW,CE,Combined TRACON& Tower with Radar,4,36,14,0,54,0,40,24,0,64,4,76,38,0,118,32,0,32,150
06/16/2013,LFT,LA,ASW,CE,Combined TRACON& Tower with Radar,0,44,22,6,72,0,25,20,0,45,0,69,42,6,117,32,0,32,149
06/17/2013,LFT,LA,ASW,CE,Combined TRACON& Tower with Radar,3,48,37,0,88,0,43,15,0,58,3,91,52,0,146,20,0,20,166
06/18/2013,LFT,LA,ASW,CE,Combined TRACON& Tower with Radar,3,43,37,0,83,0,58,25,0,83,3,101,62,0,166,40,0,40,206
06/19/2013,LFT,LA,ASW,CE,Combined TRACON& Tower with Radar,6,45,25,0,76,0,29,25,0,54,6,74,50,0,130,30,0,30,160
06/20/2013,LFT,LA,ASW,CE,Combined TRACON& Tower with Radar,3,52,35,2,92,0,44,19,0,63,3,96,54,2,155,43,4,47,202
06/21/2013,LFT,LA,ASW,CE,Combined TRACON& Tower with Radar,3,46,22,4,75,0,43,25,0,68,3,89,47,4,143,32,4,36,179
06/22/2013,LFT,LA,ASW,CE,Combined TRACON& Tower with Radar,3,51,19,0,73,0,45,26,0,71,3,96,45,0,144,8,14,22,166
06/23/2013,LFT,LA,ASW,CE,Combined TRACON& Tower with Radar,4,44,31,2,81,0,27,6,0,33,4,71,37,2,114,34,0,34,148
06/24/2013,LFT,LA,ASW,CE,Combined TRACON& Tower with Radar,3,52,34,0,89,0,67,30,0,97,3,119,64,0,186,28,0,28,214
06/25/2013,LFT,LA,ASW,CE,Combined TRACON& Tower with Radar,5,44,19,0,68,0,55,42,0,97,5,99,61,0,165,24,0,24,189
06/26/2013,LFT,LA,ASW,CE,Combined TRACON& Tower with Radar,4,49,50,1,104,0,61,33,0,94,4,110,83,1,198,16,0,16,214
06/27/2013,LFT,LA,ASW,CE,Combined TRACON& Tower with Radar,4,54,36,2,96,0,71,37,0,108,4,125,73,2,204,16,0,16,220
06/28/2013,LFT,LA,ASW,CE,Combined TRACON& Tower with Radar,3,45,49,3,100,0,81,31,0,112,3,126,80,3,212,12,4,16,228
06/29/2013,LFT,LA,ASW,CE,Combined TRACON& Tower with Radar,3,38,28,6,75,0,29,12,0,41,3,67,40,6,116,4,0,4,120
06/30/2013,LFT,LA,ASW,CE,Combined TRACON& Tower with Radar,2,39,21,0,62,0,52,40,0,92,2,91,61,0,154,20,0,20,174
07/01/2013,LFT,LA,ASW,CE,Combined TRACON& Tower with Radar,1,40,30,2,73,0,57,31,0,88,1,97,61,2,161,17,2,19,180
07/02/2013,LFT,LA,ASW,CE,Combined TRACON& Tower with Radar,2,45,38,2,87,0,49,21,0,70,2,94,59,2,157,12,1,13,170
07/03/2013,LFT,LA,ASW,CE,Combined TRACON& Tower with Radar,4,41,36,0,81,0,50,21,0,71,4,91,57,0,152,18,0,18,170
07/04/2013,LFT,LA,ASW,CE,Combined TRACON& Tower with Radar,0,27,7,0,34,0,26,9,0,35,0,53,16,0,69,58,0,58,127
07/05/2013,LFT,LA,ASW,CE,Combined TRACON& Tower with Radar,3,34,12,0,49,0,18,12,0,30,3,52,24,0,79,34,0,34,113
07/06/2013,LFT,LA,ASW,CE,Combined TRACON& Tower with Radar,3,29,31,0,63,0,5,6,0,11,3,34,37,0,74,2,0,2,76
07/07/2013,LFT,LA,ASW,CE,Combined TRACON& Tower with Radar,2,43,27,0,72,0,16,6,0,22,2,59,33,0,94,2,0,2,96
07/08/2013,LFT,LA,ASW,CE,Combined TRACON& Tower with Radar,3,40,31,2,76,0,19,17,1,37,3,59,48,3,113,2,2,4,117
07/09/2013,LFT,LA,ASW,CE,Combined TRACON& Tower with Radar,3,37,61,4,105,0,59,21,0,80,3,96,82,4,185,10,2,12,197
07/10/2013,LFT,LA,ASW,CE,Combined TRACON& Tower with Radar,1,39,55,4,99,0,49,34,2,85,1,88,89,6,184,4,0,4,188
07/11/2013,LFT,LA,ASW,CE,Combined TRACON& Tower with Radar,2,48,38,0,88,0,39,27,0,66,2,87,65,0,154,20,0,20,174
07/12/2013,LFT,LA,ASW,CE,Combined TRACON& Tower with Radar,4,35,44,12,95,0,33,36,2,71,4,68,80,14,166,14,8,22,188
07/13/2013,LFT,LA,ASW,CE,Combined TRACON& Tower with Radar,3,36,20,3,62,0,33,51,0,84,3,69,71,3,146,57,0,57,203
07/14/2013,LFT,LA,ASW,CE,Combined TRACON& Tower with Radar,2,41,46,0,89,0,32,13,0,45,2,73,59,0,134,31,0,31,165
07/15/2013,LFT,LA,ASW,CE,Combined TRACON& Tower with Radar,2,39,31,0,72,0,23,14,0,37,2,62,45,0,109,12,0,12,121
07/16/2013,LFT,LA,ASW,CE,Combined TRACON& Tower with Radar,4,34,37,0,75,0,37,19,0,56,4,71,56,0,131,0,2,2,133
07/17/2013,LFT,LA,ASW,CE,Combined TRACON& Tower with Radar,3,42,45,4,94,0,51,22,4,77,3,93,67,8,171,36,0,36,207
07/18/2013,LFT,LA,ASW,CE,Combined TRACON& Tower with Radar,2,47,66,0,115,0,58,44,0,102,2,105,110,0,217,10,0,10,227
07/19/2013,LFT,LA,ASW,CE,Combined TRACON& Tower with Radar,4,46,31,0,81,0,37,25,0,62,4,83,56,0,143,36,0,36,179
07/20/2013,LFT,LA,ASW,CE,Combined TRACON& Tower with Radar,3,33,18,6,60,0,41,21,0,62,3,74,39,6,122,34,0,34,156
07/21/2013,LFT,LA,ASW,CE,Combined TRACON& Tower with Radar,2,37,23,0,62,0,24,13,0,37,2,61,36,0,99,40,0,40,139
07/22/2013,LFT,LA,ASW,CE,Combined TRACON& Tower with Radar,3,43,36,0,82,0,65,15,0,80,3,108,51,0,162,34,0,34,196
07/23/2013,LFT,LA,ASW,CE,Combined TRACON& Tower with Radar,3,46,37,2,88,0,80,41,0,121,3,126,78,2,209,14,9,23,232
07/24/2013,LFT,LA,ASW,CE,Combined TRACON& Tower with Radar,4,50,47,2,103,0,40,34,0,74,4,90,81,2,177,5,2,7,184
07/25/2013,LFT,LA,ASW,CE,Combined TRACON& Tower with Radar,3,52,47,0,102,0,42,21,0,63,3,94,68,0,165,24,0,24,189
07/26/2013,LFT,LA,ASW,CE,Combined TRACON& Tower with Radar,3,48,38,12,101,0,53,26,2,81,3,101,64,14,182,8,0,8,190
07/27/2013,LFT,LA,ASW,CE,Combined TRACON& Tower with Radar,5,32,11,0,48,0,43,10,2,55,5,75,21,2,103,14,0,14,117
07/28/2013,LFT,LA,ASW,CE,Combined TRACON& Tower with Radar,4,32,35,2,73,0,27,22,1,50,4,59,57,3,123,24,0,24,147
07/29/2013,LFT,LA,ASW,CE,Combined TRACON& Tower with Radar,3,42,18,0,63,0,37,35,0,72,3,79,53,0,135,22,0,22,157
07/30/2013,LFT,LA,ASW,CE,Combined TRACON& Tower with Radar,4,59,28,2,93,0,22,45,0,67,4,81,73,2,160,38,0,38,198
07/31/2013,LFT,LA,ASW,CE,Combined TRACON& Tower with Radar,3,36,40,8,87,0,42,21,0,63,3,78,61,8,150,28,0,28,178
08/01/2013,LFT,LA,ASW,CE,Combined TRACON& Tower with Radar,3,41,43,2,89,0,29,31,0,60,3,70,74,2,149,18,4,22,171
08/02/2013,LFT,LA,ASW,CE,Combined TRACON& Tower with Radar,4,45,36,4,89,0,20,39,0,59,4,65,75,4,148,0,0,0,148
08/03/2013,LFT,LA,ASW,CE,Combined TRACON& Tower with Radar,3,31,24,0,58,0,29,17,0,46,3,60,41,0,104,34,0,34,138
08/04/2013,LFT,LA,ASW,CE,Combined TRACON& Tower with Radar,2,33,39,0,74,0,21,15,0,36,2,54,54,0,110,29,0,29,139
08/05/2013,LFT,LA,ASW,CE,Combined TRACON& Tower with Radar,3,37,38,0,78,0,12,11,0,23,3,49,49,0,101,0,0,0,101
08/06/2013,LFT,LA,ASW,CE,Combined TRACON& Tower with Radar,3,40,43,2,88,0,58,28,0,86,3,98,71,2,174,24,0,24,198
08/07/2013,LFT,LA,ASW,CE,Combined TRACON& Tower with Radar,4,48,56,13,121,0,50,35,1,86,4,98,91,14,207,26,0,26,233
08/08/2013,LFT,LA,ASW,CE,Combined TRACON& Tower with Radar,3,43,39,2,87,0,30,38,0,68,3,73,77,2,155,28,2,30,185
08/09/2013,LFT,LA,ASW,CE,Combined TRACON& Tower with Radar,6,44,23,1,74,0,37,26,0,63,6,81,49,1,137,0,0,0,137
08/10/2013,LFT,LA,ASW,CE,Combined TRACON& Tower with Radar,3,34,12,0,49,0,21,23,0,44,3,55,35,0,93,4,0,4,97
08/11/2013,LFT,LA,ASW,CE,Combined TRACON& Tower with Radar,2,36,25,0,63,0,17,19,0,36,2,53,44,0,99,8,0,8,107
08/12/2013,LFT,LA,ASW,CE,Combined TRACON& Tower with Radar,3,43,30,0,76,0,44,31,0,75,3,87,61,0,151,14,0,14,165
08/13/2013,LFT,LA,ASW,CE,Combined TRACON& Tower with Radar,4,29,43,0,76,0,43,32,0,75,4,72,75,0,151,28,0,28,179
08/14/2013,LFT,LA,ASW,CE,Combined TRACON& Tower with Radar,3,32,45,0,80,0,19,9,0,28,3,51,54,0,108,45,0,45,153
08/15/2013,LFT,LA,ASW,CE,Combined TRACON& Tower with Radar,4,47,34,0,85,0,42,21,1,64,4,89,55,1,149,36,12,48,197
08/16/2013,LFT,LA,ASW,CE,Combined TRACON& Tower with Radar,3,55,38,2,98,0,69,29,0,98,3,124,67,2,196,46,0,46,242
08/17/2013,LFT,LA,ASW,CE,Combined TRACON& Tower with Radar,3,33,12,0,48,0,23,25,0,48,3,56,37,0,96,18,0,18,114
08/18/2013,LFT,LA,ASW,CE,Combined TRACON& Tower with Radar,2,41,20,0,63,0,26,19,0,45,2,67,39,0,108,40,0,40,148
08/19/2013,LFT,LA,ASW,CE,Combined TRACON& Tower with Radar,3,50,36,0,89,0,24,23,0,47,3,74,59,0,136,6,0,6,142
08/20/2013,LFT,LA,ASW,CE,Combined TRACON& Tower with Radar,9,36,31,0,76,0,57,15,0,72,9,93,46,0,148,11,0,11,159
08/21/2013,LFT,LA,ASW,CE,Combined TRACON& Tower with Radar,4,40,25,3,72,0,54,18,0,72,4,94,43,3,144,36,0,36,180
08/22/2013,LFT,LA,ASW,CE,Combined TRACON& Tower with Radar,4,47,39,8,98,0,40,36,0,76,4,87,75,8,174,18,0,18,192
08/23/2013,LFT,LA,ASW,CE,Combined TRACON& Tower with Radar,1,47,25,0,73,0,58,29,0,87,1,105,54,0,160,32,0,32,192
08/24/2013,LFT,LA,ASW,CE,Combined TRACON& Tower with Radar,4,35,23,0,62,0,23,21,0,44,4,58,44,0,106,58,0,58,164
08/25/2013,LFT,LA,ASW,CE,Combined TRACON& Tower with Radar,0,44,41,0,85,0,24,8,0,32,0,68,49,0,117,12,0,12,129
08/26/2013,LFT,LA,ASW,CE,Combined TRACON& Tower with Radar,3,45,33,0,81,0,27,27,1,55,3,72,60,1,136,68,0,68,204
08/27/2013,LFT,LA,ASW,CE,Combined TRACON& Tower with Radar,4,41,27,6,78,0,71,36,0,107,4,112,63,6,185,34,4,38,223
08/28/2013,LFT,LA,ASW,CE,Combined TRACON& Tower with Radar,3,38,39,0,80,0,84,33,0,117,3,122,72,0,197,20,0,20,217
08/29/2013,LFT,LA,ASW,CE,Combined TRACON& Tower with Radar,3,39,53,0,95,0,61,46,2,109,3,100,99,2,204,30,0,30,234
08/30/2013,LFT,LA,ASW,CE,Combined TRACON& Tower with Radar,6,44,61,2,113,0,37,44,0,81,6,81,105,2,194,22,0,22,216
08/31/2013,LFT,LA,ASW,CE,Combined TRACON& Tower with Radar,2,29,21,0,52,0,23,39,0,62,2,52,60,0,114,18,0,18,132
09/01/2013,LFT,LA,ASW,CE,Combined TRACON& Tower with Radar,0,26,37,0,63,0,14,30,0,44,0,40,67,0,107,0,0,0,107
09/02/2013,LFT,LA,ASW,CE,Combined TRACON& Tower with Radar,1,45,43,0,89,0,25,39,0,64,1,70,82,0,153,31,0,31,184
09/03/2013,LFT,LA,ASW,CE,Combined TRACON& Tower with Radar,2,46,42,0,90,0,34,39,0,73,2,80,81,0,163,70,0,70,233
09/04/2013,LFT,LA,ASW,CE,Combined TRACON& Tower with Radar,2,37,37,4,80,0,44,26,0,70,2,81,63,4,150,32,0,32,182
09/05/2013,LFT,LA,ASW,CE,Combined TRACON& Tower with Radar,4,45,48,2,99,0,59,30,0,89,4,104,78,2,188,24,2,26,214
09/06/2013,LFT,LA,ASW,CE,Combined TRACON& Tower with Radar,3,48,28,0,79,0,54,45,0,99,3,102,73,0,178,59,0,59,237
09/07/2013,LFT,LA,ASW,CE,Combined TRACON& Tower with Radar,1,30,11,0,42,0,23,22,0,45,1,53,33,0,87,8,0,8,95
09/08/2013,LFT,LA,ASW,CE,Combined TRACON& Tower with Radar,0,45,30,2,77,0,33,31,0,64,0,78,61,2,141,22,0,22,163
09/09/2013,LFT,LA,ASW,CE,Combined TRACON& Tower with Radar,3,42,40,3,88,0,43,41,0,84,3,85,81,3,172,40,0,40,212
09/10/2013,LFT,LA,ASW,CE,Combined TRACON& Tower with Radar,2,37,23,2,64,3,74,32,1,110,5,111,55,3,174,9,0,9,183
09/11/2013,LFT,LA,ASW,CE,Combined TRACON& Tower with Radar,2,40,32,6,80,2,67,43,0,112,4,107,75,6,192,43,0,43,235
09/12/2013,LFT,LA,ASW,CE,Combined TRACON& Tower with Radar,4,46,46,2,98,0,74,53,0,127,4,120,99,2,225,24,0,24,249
09/13/2013,LFT,LA,ASW,CE,Combined TRACON& Tower with Radar,3,45,28,5,81,0,40,32,0,72,3,85,60,5,153,4,4,8,161
09/14/2013,LFT,LA,ASW,CE,Combined TRACON& Tower with Radar,2,29,19,0,50,0,13,28,0,41,2,42,47,0,91,30,0,30,121
09/15/2013,LFT,LA,ASW,CE,Combined TRACON& Tower with Radar,0,44,26,0,70,0,14,23,0,37,0,58,49,0,107,58,6,64,171
09/16/2013,LFT,LA,ASW,CE,Combined TRACON& Tower with Radar,3,42,34,0,79,0,26,31,0,57,3,68,65,0,136,6,0,6,142
09/17/2013,LFT,LA,ASW,CE,Combined TRACON& Tower with Radar,2,47,28,6,83,0,72,33,4,109,2,119,61,10,192,11,0,11,203
09/18/2013,LFT,LA,ASW,CE,Combined TRACON& Tower with Radar,1,46,44,2,93,0,36,32,0,68,1,82,76,2,161,12,0,12,173
09/19/2013,LFT,LA,ASW,CE,Combined TRACON& Tower with Radar,3,41,58,0,102,0,37,15,0,52,3,78,73,0,154,12,0,12,166
09/20/2013,LFT,LA,ASW,CE,Combined TRACON& Tower with Radar,6,44,30,4,84,0,10,3,0,13,6,54,33,4,97,4,0,4,101
09/21/2013,LFT,LA,ASW,CE,Combined TRACON& Tower with Radar,1,33,15,0,49,0,0,0,0,0,1,33,15,0,49,0,0,0,49
09/22/2013,LFT,LA,ASW,CE,Combined TRACON& Tower with Radar,0,41,33,2,76,0,15,19,0,34,0,56,52,2,110,14,2,16,126
09/23/2013,LFT,LA,ASW,CE,Combined TRACON& Tower with Radar,3,43,36,10,92,0,43,26,0,69,3,86,62,10,161,10,0,10,171
09/24/2013,LFT,LA,ASW,CE,Combined TRACON& Tower with Radar,2,47,30,0,79,0,14,22,0,36,2,61,52,0,115,0,0,0,115
09/25/2013,LFT,LA,ASW,CE,Combined TRACON& Tower with Radar,5,52,64,6,127,0,70,45,1,116,5,122,109,7,243,52,0,52,295
09/26/2013,LFT,LA,ASW,CE,Combined TRACON& Tower with Radar,3,46,51,2,102,0,48,45,0,93,3,94,96,2,195,42,8,50,245
09/27/2013,LFT,LA,ASW,CE,Combined TRACON& Tower with Radar,3,54,30,0,87,0,53,38,0,91,3,107,68,0,178,28,0,28,206
09/28/2013,LFT,LA,ASW,CE,Combined TRACON& Tower with Radar,1,29,22,2,54,0,49,27,0,76,1,78,49,2,130,16,0,16,146
09/29/2013,LFT,LA,ASW,CE,Combined TRACON& Tower with Radar,0,42,35,2,79,0,23,13,0,36,0,65,48,2,115,18,4,22,137
09/30/2013,LFT,LA,ASW,CE,Combined TRACON& Tower with Radar,1,41,32,0,74,0,9,15,0,24,1,50,47,0,98,0,0,0,98
10/01/2013,LFT,LA,ASW,CE,Combined TRACON& Tower with Radar,3,40,53,0,96,0,23,29,0,52,3,63,82,0,148,12,0,12,160
10/02/2013,LFT,LA,ASW,CE,Combined TRACON& Tower with Radar,2,44,45,0,91,0,54,17,0,71,2,98,62,0,162,22,0,22,184
10/03/2013,LFT,LA,ASW,CE,Combined TRACON& Tower with Radar,3,50,39,0,92,0,22,20,0,42,3,72,59,0,134,2,0,2,136
10/04/2013,LFT,LA,ASW,CE,Combined TRACON& Tower with Radar,2,50,47,0,99,0,79,17,0,96,2,129,64,0,195,22,0,22,217
10/05/2013,LFT,LA,ASW,CE,Combined TRACON& Tower with Radar,1,37,10,0,48,0,2,4,0,6,1,39,14,0,54,16,0,16,70
10/06/2013,LFT,LA,ASW,CE,Combined TRACON& Tower with Radar,0,58,15,0,73,0,21,7,0,28,0,79,22,0,101,12,0,12,113
10/07/2013,LFT,LA,ASW,CE,Combined TRACON& Tower with Radar,1,46,29,1,77,0,62,58,3,123,1,108,87,4,200,22,0,22,222
10/08/2013,LFT,LA,ASW,CE,Combined TRACON& Tower with Radar,4,47,39,0,90,0,33,49,0,82,4,80,88,0,172,18,0,18,190
10/09/2013,LFT,LA,ASW,CE,Combined TRACON& Tower with Radar,3,40,35,0,78,0,33,50,0,83,3,73,85,0,161,2,0,2,163
10/10/2013,LFT,LA,ASW,CE,Combined TRACON& Tower with Radar,3,50,50,0,103,0,41,33,0,74,3,91,83,0,177,28,0,28,205
10/11/2013,LFT,LA,ASW,CE,Combined TRACON& Tower with Radar,2,47,42,0,91,0,39,30,0,69,2,86,72,0,160,18,0,18,178
10/12/2013,LFT,LA,ASW,CE,Combined TRACON& Tower with Radar,1,34,13,0,48,0,26,20,0,46,1,60,33,0,94,0,0,0,94
10/13/2013,LFT,LA,ASW,CE,Combined TRACON& Tower with Radar,0,46,33,0,79,0,14,13,0,27,0,60,46,0,106,14,0,14,120
10/14/2013,LFT,LA,ASW,CE,Combined TRACON& Tower with Radar,3,43,25,0,71,0,38,56,0,94,3,81,81,0,165,10,0,10,175
10/15/2013,LFT,LA,ASW,CE,Combined TRACON& Tower with Radar,3,36,24,1,64,0,41,38,0,79,3,77,62,1,143,6,0,6,149
10/16/2013,LFT,LA,ASW,CE,Combined TRACON& Tower with Radar,2,38,49,2,91,0,52,30,2,84,2,90,79,4,175,0,0,0,175
10/17/2013,LFT,LA,ASW,CE,Combined TRACON& Tower with Radar,4,37,41,0,82,0,30,30,0,60,4,67,71,0,142,7,0,7,149
10/18/2013,LFT,LA,ASW,CE,Combined TRACON& Tower with Radar,1,40,49,0,90,0,39,42,0,81,1,79,91,0,171,10,0,10,181
10/19/2013,LFT,LA,ASW,CE,Combined TRACON& Tower with Radar,1,31,22,0,54,0,20,12,0,32,1,51,34,0,86,0,0,0,86
10/20/2013,LFT,LA,ASW,CE,Combined TRACON& Tower with Radar,0,42,39,4,85,0,16,54,0,70,0,58,93,4,155,34,0,34,189
10/21/2013,LFT,LA,ASW,CE,Combined TRACON& Tower with Radar,4,40,46,0,90,0,38,16,0,54,4,78,62,0,144,20,0,20,164
10/22/2013,LFT,LA,ASW,CE,Combined TRACON& Tower with Radar,6,44,57,2,109,0,67,42,0,109,6,111,99,2,218,4,0,4,222
10/23/2013,LFT,LA,ASW,CE,Combined TRACON& Tower with Radar,3,49,53,0,105,0,52,49,0,101,3,101,102,0,206,16,3,19,225
10/24/2013,LFT,LA,ASW,CE,Combined TRACON& Tower with Radar,3,49,60,6,118,0,69,52,0,121,3,118,112,6,239,10,0,10,249
10/25/2013,LFT,LA,ASW,CE,Combined TRACON& Tower with Radar,2,52,42,2,98,0,53,45,0,98,2,105,87,2,196,54,0,54,250
10/26/2013,LFT,LA,ASW,CE,Combined TRACON& Tower with Radar,3,26,16,0,45,0,32,52,0,84,3,58,68,0,129,28,0,28,157
10/27/2013,LFT,LA,ASW,CE,Combined TRACON& Tower with Radar,0,38,36,0,74,0,32,12,0,44,0,70,48,0,118,8,0,8,126
10/28/2013,LFT,LA,ASW,CE,Combined TRACON& Tower with Radar,1,51,40,2,94,0,39,14,0,53,1,90,54,2,147,12,4,16,163
10/29/2013,LFT,LA,ASW,CE,Combined TRACON& Tower with Radar,4,45,40,16,105,0,36,26,2,64,4,81,66,18,169,8,0,8,177
10/30/2013,LFT,LA,ASW,CE,Combined TRACON& Tower with Radar,2,45,58,6,111,0,45,20,0,65,2,90,78,6,176,2,2,4,180
10/31/2013,LFT,LA,ASW,CE,Combined TRACON& Tower with Radar,4,37,24,0,65,0,18,0,0,18,4,55,24,0,83,0,0,0,83
11/01/2013,LFT,LA,ASW,CE,Combined TRACON& Tower with Radar,3,42,44,13,102,0,53,34,0,87,3,95,78,13,189,16,8,24,213
11/02/2013,LFT,LA,ASW,CE,Combined TRACON& Tower with Radar,2,27,15,8,52,0,18,30,4,52,2,45,45,12,104,0,0,0,104
11/03/2013,LFT,LA,ASW,CE,Combined TRACON& Tower with Radar,0,37,35,0,72,0,27,45,0,72,0,64,80,0,144,42,0,42,186
11/04/2013,LFT,LA,ASW,CE,Combined TRACON& Tower with Radar,1,43,44,4,92,0,44,24,0,68,1,87,68,4,160,6,0,6,166
11/05/2013,LFT,LA,ASW,CE,Combined TRACON& Tower with Radar,1,40,36,0,77,0,60,6,0,66,1,100,42,0,143,24,0,24,167
11/06/2013,LFT,LA,ASW,CE,Combined TRACON& Tower with Radar,2,40,31,0,73,0,40,14,0,54,2,80,45,0,127,4,0,4,131
11/07/2013,LFT,LA,ASW,CE,Combined TRACON& Tower with Radar,2,48,62,4,116,0,33,14,0,47,2,81,76,4,163,4,0,4,167
11/08/2013,LFT,LA,ASW,CE,Combined TRACON& Tower with Radar,2,52,54,0,108,0,31,32,0,63,2,83,86,0,171,36,0,36,207
11/09/2013,LFT,LA,ASW,CE,Combined TRACON& Tower with Radar,1,32,23,0,56,0,29,38,0,67,1,61,61,0,123,1,0,1,124
11/10/2013,LFT,LA,ASW,CE,Combined TRACON& Tower with Radar,0,49,39,0,88,0,33,45,0,78,0,82,84,0,166,10,0,10,176
11/11/2013,LFT,LA,ASW,CE,Combined TRACON& Tower with Radar,1,47,33,0,81,0,11,36,0,47,1,58,69,0,128,13,0,13,141
11/12/2013,LFT,LA,ASW,CE,Combined TRACON& Tower with Radar,2,43,43,0,88,0,75,26,0,101,2,118,69,0,189,6,0,6,195
11/13/2013,LFT,LA,ASW,CE,Combined TRACON& Tower with Radar,1,40,22,6,69,0,54,18,0,72,1,94,40,6,141,8,2,10,151
11/14/2013,LFT,LA,ASW,CE,Combined TRACON& Tower with Radar,1,45,40,1,87,0,51,39,1,91,1,96,79,2,178,87,0,87,265
11/15/2013,LFT,LA,ASW,CE,Combined TRACON& Tower with Radar,4,40,44,2,90,0,58,17,0,75,4,98,61,2,165,10,0,10,175
11/16/2013,LFT,LA,ASW,CE,Combined TRACON& Tower with Radar,3,30,17,2,52,0,5,10,0,15,3,35,27,2,67,0,0,0,67
11/17/2013,LFT,LA,ASW,CE,Combined TRACON& Tower with Radar,1,45,28,0,74,0,3,2,0,5,1,48,30,0,79,14,0,14,93
11/18/2013,LFT,LA,ASW,CE,Combined TRACON& Tower with Radar,1,43,40,2,86,0,21,20,0,41,1,64,60,2,127,38,0,38,165
11/19/2013,LFT,LA,ASW,CE,Combined TRACON& Tower with Radar,2,37,46,4,89,0,28,19,0,47,2,65,65,4,136,0,0,0,136
11/20/2013,LFT,LA,ASW,CE,Combined TRACON& Tower with Radar,2,43,40,6,91,0,48,39,0,87,2,91,79,6,178,40,2,42,220
11/21/2013,LFT,LA,ASW,CE,Combined TRACON& Tower with Radar,1,51,32,4,88,0,17,3,0,20,1,68,35,4,108,22,0,22,130
11/22/2013,LFT,LA,ASW,CE,Combined TRACON& Tower with Radar,32,52,37,0,121,0,23,2,0,25,32,75,39,0,146,20,0,20,166
11/23/2013,LFT,LA,ASW,CE,Combined TRACON& Tower with Radar,1,37,22,0,60,0,17,0,0,17,1,54,22,0,77,4,0,4,81
11/24/2013,LFT,LA,ASW,CE,Combined TRACON& Tower with Radar,0,36,34,0,70,0,40,8,0,48,0,76,42,0,118,0,0,0,118
11/25/2013,LFT,LA,ASW,CE,Combined TRACON& Tower with Radar,0,34,36,0,70,0,11,4,0,15,0,45,40,0,85,0,0,0,85
11/26/2013,LFT,LA,ASW,CE,Combined TRACON& Tower with Radar,4,47,30,0,81,0,0,0,0,0,4,47,30,0,81,0,0,0,81
11/27/2013,LFT,LA,ASW,CE,Combined TRACON& Tower with Radar,2,54,35,0,91,0,35,33,0,68,2,89,68,0,159,8,0,8,167
11/28/2013,LFT,LA,ASW,CE,Combined TRACON& Tower with Radar,0,31,6,0,37,0,17,9,0,26,0,48,15,0,63,2,0,2,65
11/29/2013,LFT,LA,ASW,CE,Combined TRACON& Tower with Radar,3,34,27,0,64,0,48,30,0,78,3,82,57,0,142,20,0,20,162
11/30/2013,LFT,LA,ASW,CE,Combined TRACON& Tower with Radar,1,37,19,0,57,0,15,33,0,48,1,52,52,0,105,20,0,20,125
12/01/2013,LFT,LA,ASW,CE,Combined TRACON& Tower with Radar,0,41,44,0,85,0,30,20,0,50,0,71,64,0,135,14,0,14,149
12/02/2013,LFT,LA,ASW,CE,Combined TRACON& Tower with Radar,1,42,36,0,79,0,47,17,0,64,1,89,53,0,143,0,0,0,143
12/03/2013,LFT,LA,ASW,CE,Combined TRACON& Tower with Radar,2,36,36,8,82,0,49,6,0,55,2,85,42,8,137,2,0,2,139
12/04/2013,LFT,LA,ASW,CE,Combined TRACON& Tower with Radar,2,43,53,0,98,0,17,6,0,23,2,60,59,0,121,8,2,10,131
12/05/2013,LFT,LA,ASW,CE,Combined TRACON& Tower with Radar,2,49,39,0,90,0,22,7,0,29,2,71,46,0,119,0,0,0,119
12/06/2013,LFT,LA,ASW,CE,Combined TRACON& Tower with Radar,3,30,17,1,51,0,0,0,0,0,3,30,17,1,51,2,0,2,53
12/07/2013,LFT,LA,ASW,CE,Combined TRACON& Tower with Radar,2,21,11,0,34,0,6,1,0,7,2,27,12,0,41,0,0,0,41
12/08/2013,LFT,LA,ASW,CE,Combined TRACON& Tower with Radar,0,25,30,0,55,0,0,0,0,0,0,25,30,0,55,0,0,0,55
12/09/2013,LFT,LA,ASW,CE,Combined TRACON& Tower with Radar,2,51,29,1,83,0,11,0,1,12,2,62,29,2,95,4,0,4,99
12/10/2013,LFT,LA,ASW,CE,Combined TRACON& Tower with Radar,3,34,40,4,81,0,28,31,0,59,3,62,71,4,140,22,2,24,164
12/11/2013,LFT,LA,ASW,CE,Combined TRACON& Tower with Radar,4,44,49,6,103,0,32,30,0,62,4,76,79,6,165,68,0,68,233
12/12/2013,LFT,LA,ASW,CE,Combined TRACON& Tower with Radar,2,41,52,4,99,0,44,27,0,71,2,85,79,4,170,12,0,12,182
12/13/2013,LFT,LA,ASW,CE,Combined TRACON& Tower with Radar,3,51,24,11,89,0,70,13,1,84,3,121,37,12,173,34,0,34,207
12/14/2013,LFT,LA,ASW,CE,Combined TRACON& Tower with Radar,2,28,27,0,57,0,47,7,0,54,2,75,34,0,111,3,1,4,115
12/15/2013,LFT,LA,ASW,CE,Combined TRACON& Tower with Radar,0,45,24,6,75,0,19,17,1,37,0,64,41,7,112,12,0,12,124
12/16/2013,LFT,LA,ASW,CE,Combined TRACON& Tower with Radar,1,55,39,0,95,0,60,31,0,91,1,115,70,0,186,62,0,62,248
12/17/2013,LFT,LA,ASW,CE,Combined TRACON& Tower with Radar,5,50,52,0,107,0,52,45,0,97,5,102,97,0,204,15,0,15,219
12/18/2013,LFT,LA,ASW,CE,Combined TRACON& Tower with Radar,5,49,50,0,104,0,87,30,1,118,5,136,80,1,222,34,0,34,256
12/19/2013,LFT,LA,ASW,CE,Combined TRACON& Tower with Radar,3,47,45,4,99,0,33,19,0,52,3,80,64,4,151,18,0,18,169
12/20/2013,LFT,LA,ASW,CE,Combined TRACON& Tower with Radar,4,41,42,0,87,0,53,3,0,56,4,94,45,0,143,0,0,0,143
12/21/2013,LFT,LA,ASW,CE,Combined TRACON& Tower with Radar,2,29,6,0,37,0,0,0,0,0,2,29,6,0,37,0,0,0,37
12/22/2013,LFT,LA,ASW,CE,Combined TRACON& Tower with Radar,0,37,24,0,61,0,29,13,0,42,0,66,37,0,103,0,0,0,103
12/23/2013,LFT,LA,ASW,CE,Combined TRACON& Tower with Radar,1,40,32,0,73,0,30,8,0,38,1,70,40,0,111,0,0,0,111
12/24/2013,LFT,LA,ASW,CE,Combined TRACON& Tower with Radar,3,32,5,0,40,0,34,13,0,47,3,66,18,0,87,10,0,10,97
12/25/2013,LFT,LA,ASW,CE,Combined TRACON& Tower with Radar,0,28,8,0,36,0,12,14,0,26,0,40,22,0,62,2,0,2,64
12/26/2013,LFT,LA,ASW,CE,Combined TRACON& Tower with Radar,5,37,45,0,87,0,54,18,0,72,5,91,63,0,159,9,0,9,168
12/27/2013,LFT,LA,ASW,CE,Combined TRACON& Tower with Radar,2,42,23,0,67,0,52,15,0,67,2,94,38,0,134,8,0,8,142
12/28/2013,LFT,LA,ASW,CE,Combined TRACON& Tower with Radar,1,30,9,0,40,0,1,0,0,1,1,31,9,0,41,0,0,0,41
12/29/2013,LFT,LA,ASW,CE,Combined TRACON& Tower with Radar,0,36,22,0,58,0,22,31,0,53,0,58,53,0,111,14,0,14,125
12/30/2013,LFT,LA,ASW,CE,Combined TRACON& Tower with Radar,1,43,35,0,79,0,4,21,0,25,1,47,56,0,104,12,0,12,116
12/31/2013,LFT,LA,ASW,CE,Combined TRACON& Tower with Radar,3,29,18,0,50,0,6,11,0,17,3,35,29,0,67,5,0,5,72
01/01/2014,LFT,LA,ASW,CE,Combined TRACON& Tower with Radar,0,36,8,0,44,0,1,0,0,1,0,37,8,0,45,0,0,0,45
01/02/2014,LFT,LA,ASW,CE,Combined TRACON& Tower with Radar,5,40,29,0,74,0,16,6,0,22,5,56,35,0,96,2,0,2,98
01/03/2014,LFT,LA,ASW,CE,Combined TRACON& Tower with Radar,2,34,30,0,66,0,48,40,0,88,2,82,70,0,154,4,0,4,158
01/04/2014,LFT,LA,ASW,CE,Combined TRACON& Tower with Radar,1,37,30,0,68,0,30,23,1,54,1,67,53,1,122,30,0,30,152
01/05/2014,LFT,LA,ASW,CE,Combined TRACON& Tower with Radar,0,36,31,0,67,0,2,7,0,9,0,38,38,0,76,0,0,0,76
01/06/2014,LFT,LA,ASW,CE,Combined TRACON& Tower with Radar,1,38,22,4,65,0,38,9,0,47,1,76,31,4,112,0,0,0,112
01/07/2014,LFT,LA,ASW,CE,Combined TRACON& Tower with Radar,3,34,25,2,64,0,30,14,0,44,3,64,39,2,108,22,0,22,130
01/08/2014,LFT,LA,ASW,CE,Combined TRACON& Tower with Radar,3,37,43,6,89,0,26,12,0,38,3,63,55,6,127,6,0,6,133
01/09/2014,LFT,LA,ASW,CE,Combined TRACON& Tower with Radar,2,50,28,9,89,0,50,27,0,77,2,100,55,9,166,14,8,22,188
01/10/2014,LFT,LA,ASW,CE,Combined TRACON& Tower with Radar,2,39,35,14,90,0,11,1,0,12,2,50,36,14,102,0,0,0,102
01/11/2014,LFT,LA,ASW,CE,Combined TRACON& Tower with Radar,1,30,18,1,50,0,19,13,1,33,1,49,31,2,83,19,0,19,102
01/12/2014,LFT,LA,ASW,CE,Combined TRACON& Tower with Radar,0,37,34,0,71,0,21,29,0,50,0,58,63,0,121,30,0,30,151
01/13/2014,LFT,LA,ASW,CE,Combined TRACON& Tower with Radar,1,48,26,0,75,0,16,3,0,19,1,64,29,0,94,6,0,6,100
01/14/2014,LFT,LA,ASW,CE,Combined TRACON& Tower with Radar,4,36,45,2,87,0,65,37,0,102,4,101,82,2,189,44,0,44,233
01/15/2014,LFT,LA,ASW,CE,Combined TRACON& Tower with Radar,4,40,44,2,90,0,18,39,0,57,4,58,83,2,147,0,0,0,147
01/16/2014,LFT,LA,ASW,CE,Combined TRACON& Tower with Radar,4,45,30,4,83,0,68,38,0,106,4,113,68,4,189,30,0,30,219
01/17/2014,LFT,LA,ASW,CE,Combined TRACON& Tower with Radar,5,45,30,10,90,0,69,19,0,88,5,114,49,10,178,17,2,19,197
01/18/2014,LFT,LA,ASW,CE,Combined TRACON& Tower with Radar,2,26,11,0,39,0,29,13,0,42,2,55,24,0,81,4,0,4,85
01/19/2014,LFT,LA,ASW,CE,Combined TRACON& Tower with Radar,0,36,17,6,59,0,26,23,0,49,0,62,40,6,108,18,6,24,132
01/20/2014,LFT,LA,ASW,CE,Combined TRACON& Tower with Radar,1,40,38,0,79,0,22,23,2,47,1,62,61,2,126,22,0,22,148
01/21/2014,LFT,LA,ASW,CE,Combined TRACON& Tower with Radar,2,38,32,0,72,0,51,10,0,61,2,89,42,0,133,0,0,0,133
01/22/2014,LFT,LA,ASW,CE,Combined TRACON& Tower with Radar,3,40,52,3,98,0,42,26,1,69,3,82,78,4,167,14,2,16,183
01/23/2014,LFT,LA,ASW,CE,Combined TRACON& Tower with Radar,2,41,43,2,88,0,79,19,0,98,2,120,62,2,186,6,2,8,194
01/24/2014,LFT,LA,ASW,CE,Combined TRACON& Tower with Radar,1,13,17,0,31,0,2,3,0,5,1,15,20,0,36,0,0,0,36
01/25/2014,LFT,LA,ASW,CE,Combined TRACON& Tower with Radar,2,35,21,0,58,0,25,27,0,52,2,60,48,0,110,18,0,18,128
01/26/2014,LFT,LA,ASW,CE,Combined TRACON& Tower with Radar,0,44,33,0,77,0,36,18,0,54,0,80,51,0,131,18,0,18,149
01/27/2014,LFT,LA,ASW,CE,Combined TRACON& Tower with Radar,1,36,29,0,66,0,10,2,0,12,1,46,31,0,78,6,0,6,84
01/28/2014,LFT,LA,ASW,CE,Combined TRACON& Tower with Radar,2,3,0,0,5,0,0,0,0,0,2,3,0,0,5,0,0,0,5
01/29/2014,LFT,LA,ASW,CE,Combined TRACON& Tower with Radar,0,1,11,0,12,0,9,2,0,11,0,10,13,0,23,0,0,0,23
01/30/2014,LFT,LA,ASW,CE,Combined TRACON& Tower with Radar,3,42,55,0,100,0,37,36,0,73,3,79,91,0,173,43,0,43,216
01/31/2014,LFT,LA,ASW,CE,Combined TRACON& Tower with Radar,2,40,38,6,86,0,48,13,0,61,2,88,51,6,147,3,2,5,152
02/01/2014,LFT,LA,ASW,CE,Combined TRACON& Tower with Radar,1,26,20,4,51,0,12,12,0,24,1,38,32,4,75,8,0,8,83
02/02/2014,LFT,LA,ASW,CE,Combined TRACON& Tower with Radar,0,31,15,0,46,0,0,0,0,0,0,31,15,0,46,0,0,0,46
02/03/2014,LFT,LA,ASW,CE,Combined TRACON& Tower with Radar,1,51,42,2,96,0,0,2,0,2,1,51,44,2,98,0,0,0,98
02/04/2014,LFT,LA,ASW,CE,Combined TRACON& Tower with Radar,4,38,23,0,65,0,0,0,0,0,4,38,23,0,65,0,0,0,65
02/05/2014,LFT,LA,ASW,CE,Combined TRACON& Tower with Radar,3,34,30,4,71,0,52,25,2,79,3,86,55,6,150,20,0,20,170
02/06/2014,LFT,LA,ASW,CE,Combined TRACON& Tower with Radar,3,30,37,1,71,0,22,12,1,35,3,52,49,2,106,32,0,32,138
02/07/2014,LFT,LA,ASW,CE,Combined TRACON& Tower with Radar,3,41,28,4,76,0,25,24,0,49,3,66,52,4,125,32,0,32,157
02/08/2014,LFT,LA,ASW,CE,Combined TRACON& Tower with Radar,2,33,22,1,58,0,19,10,0,29,2,52,32,1,87,30,0,30,117
02/09/2014,LFT,LA,ASW,CE,Combined TRACON& Tower with Radar,0,47,34,0,81,0,27,11,0,38,0,74,45,0,119,0,0,0,119
02/10/2014,LFT,LA,ASW,CE,Combined TRACON& Tower with Radar,2,45,36,1,84,0,0,0,0,0,2,45,36,1,84,0,0,0,84
02/11/2014,LFT,LA,ASW,CE,Combined TRACON& Tower with Radar,2,32,22,3,59,0,5,0,0,5,2,37,22,3,64,4,0,4,68
02/12/2014,LFT,LA,ASW,CE,Combined TRACON& Tower with Radar,3,30,32,0,65,0,29,3,0,32,3,59,35,0,97,2,0,2,99
02/13/2014,LFT,LA,ASW,CE,Combined TRACON& Tower with Radar,2,39,58,0,99,0,67,25,0,92,2,106,83,0,191,38,0,38,229
02/14/2014,LFT,LA,ASW,CE,Combined TRACON& Tower with Radar,3,36,34,3,76,0,25,17,0,42,3,61,51,3,118,38,0,38,156
02/15/2014,LFT,LA,ASW,CE,Combined TRACON& Tower with Radar,2,35,29,0,66,0,34,43,0,77,2,69,72,0,143,50,2,52,195
02/16/2014,LFT,LA,ASW,CE,Combined TRACON& Tower with Radar,0,42,28,4,74,0,24,22,0,46,0,66,50,4,120,20,2,22,142
02/17/2014,LFT,LA,ASW,CE,Combined TRACON& Tower with Radar,1,42,32,0,75,0,34,10,0,44,1,76,42,0,119,2,0,2,121
02/18/2014,LFT,LA,ASW,CE,Combined TRACON& Tower with Radar,3,46,43,0,92,0,40,6,0,46,3,86,49,0,138,10,0,10,148
02/19/2014,LFT,LA,ASW,CE,Combined TRACON& Tower with Radar,3,44,59,2,108,0,32,20,0,52,3,76,79,2,160,0,0,0,160
02/20/2014,LFT,LA,ASW,CE,Combined TRACON& Tower with Radar,1,59,37,2,99,0,28,5,0,33,1,87,42,2,132,20,0,20,152
02/21/2014,LFT,LA,ASW,CE,Combined TRACON& Tower with Radar,2,38,36,4,80,0,55,44,2,101,2,93,80,6,181,18,2,20,201
02/22/2014,LFT,LA,ASW,CE,Combined TRACON& Tower with Radar,1,35,16,0,52,0,36,30,0,66,1,71,46,0,118,12,0,12,130
02/23/2014,LFT,LA,ASW,CE,Combined TRACON& Tower with Radar,0,41,22,0,63,0,8,1,0,9,0,49,23,0,72,0,0,0,72
02/24/2014,LFT,LA,ASW,CE,Combined TRACON& Tower with Radar,0,53,41,0,94,0,1,3,0,4,0,54,44,0,98,0,22,22,120
02/25/2014,LFT,LA,ASW,CE,Combined TRACON& Tower with Radar,3,42,24,0,69,0,0,0,0,0,3,42,24,0,69,0,0,0,69
02/26/2014,LFT,LA,ASW,CE,Combined TRACON& Tower with Radar,2,70,33,0,105,0,10,2,0,12,2,80,35,0,117,4,0,4,121
02/27/2014,LFT,LA,ASW,CE,Combined TRACON& Tower with Radar,2,47,50,6,105,0,73,47,0,120,2,120,97,6,225,28,6,34,259
02/28/2014,LFT,LA,ASW,CE,Combined TRACON& Tower with Radar,2,52,46,8,108,0,69,20,0,89,2,121,66,8,197,8,2,10,207
03/01/2014,LFT,LA,ASW,CE,Combined TRACON& Tower with Radar,1,39,22,8,70,0,38,17,0,55,1,77,39,8,125,2,6,8,133
03/02/2014,LFT,LA,ASW,CE,Combined TRACON& Tower with Radar,0,40,16,2,58,0,21,9,0,30,0,61,25,2,88,0,0,0,88
03/03/2014,LFT,LA,ASW,CE,Combined TRACON& Tower with Radar,1,35,25,2,63,0,33,7,0,40,1,68,32,2,103,0,0,0,103
03/04/2014,LFT,LA,ASW,CE,Combined TRACON& Tower with Radar,2,9,12,0,23,0,0,0,0,0,2,9,12,0,23,0,0,0,23
03/05/2014,LFT,LA,ASW,CE,Combined TRACON& Tower with Radar,3,52,41,3,99,0,18,1,0,19,3,70,42,3,118,0,0,0,118
03/06/2014,LFT,LA,ASW,CE,Combined TRACON& Tower with Radar,2,47,46,0,95,0,0,3,0,3,2,47,49,0,98,0,0,0,98
03/07/2014,LFT,LA,ASW,CE,Combined TRACON& Tower with Radar,2,70,34,2,108,0,23,29,0,52,2,93,63,2,160,38,0,38,198
03/08/2014,LFT,LA,ASW,CE,Combined TRACON& Tower with Radar,1,40,35,2,78,0,36,38,2,76,1,76,73,4,154,14,0,14,168
03/09/2014,LFT,LA,ASW,CE,Combined TRACON& Tower with Radar,0,49,36,1,86,0,23,9,0,32,0,72,45,1,118,14,0,14,132
03/10/2014,LFT,LA,ASW,CE,Combined TRACON& Tower with Radar,1,48,41,0,90,0,47,19,0,66,1,95,60,0,156,6,10,16,172
03/11/2014,LFT,LA,ASW,CE,Combined TRACON& Tower with Radar,2,56,29,0,87,0,5,2,0,7,2,61,31,0,94,30,0,30,124
03/12/2014,LFT,LA,ASW,CE,Combined TRACON& Tower with Radar,1,61,41,2,105,0,37,13,0,50,1,98,54,2,155,12,12,24,179
03/13/2014,LFT,LA,ASW,CE,Combined TRACON& Tower with Radar,2,43,40,0,85,0,42,55,0,97,2,85,95,0,182,20,0,20,202
03/14/2014,LFT,LA,ASW,CE,Combined TRACON& Tower with Radar,2,43,36,1,82,0,44,31,1,76,2,87,67,2,158,20,0,20,178
03/15/2014,LFT,LA,ASW,CE,Combined TRACON& Tower with Radar,1,32,28,2,63,0,27,28,0,55,1,59,56,2,118,24,0,24,142
03/16/2014,LFT,LA,ASW,CE,Combined TRACON& Tower with Radar,0,42,26,1,69,0,32,13,1,46,0,74,39,2,115,0,0,0,115
03/17/2014,LFT,LA,ASW,CE,Combined TRACON& Tower with Radar,1,45,39,0,85,0,55,14,0,69,1,100,53,0,154,32,0,32,186
03/18/2014,LFT,LA,ASW,CE,Combined TRACON& Tower with Radar,2,47,47,4,100,0,60,29,3,92,2,107,76,7,192,0,12,12,204
03/19/2014,LFT,LA,ASW,CE,Combined TRACON& Tower with Radar,4,49,44,1,98,0,49,11,2,62,4,98,55,3,160,16,8,24,184
03/20/2014,LFT,LA,ASW,CE,Combined TRACON& Tower with Radar,2,38,50,2,92,0,46,60,0,106,2,84,110,2,198,17,12,29,227
03/21/2014,LFT,LA,ASW,CE,Combined TRACON& Tower with Radar,3,43,42,2,90,0,46,23,0,69,3,89,65,2,159,20,0,20,179
03/22/2014,LFT,LA,ASW,CE,Combined TRACON& Tower with Radar,1,36,28,4,69,0,23,27,0,50,1,59,55,4,119,16,0,16,135
03/23/2014,LFT,LA,ASW,CE,Combined TRACON& Tower with Radar,0,38,34,0,72,0,23,5,0,28,0,61,39,0,100,18,0,18,118
03/24/2014,LFT,LA,ASW,CE,Combined TRACON& Tower with Radar,1,41,37,10,89,0,20,14,0,34,1,61,51,10,123,12,0,12,135
03/25/2014,LFT,LA,ASW,CE,Combined TRACON& Tower with Radar,2,39,45,0,86,0,58,27,0,85,2,97,72,0,171,16,0,16,187
03/26/2014,LFT,LA,ASW,CE,Combined TRACON& Tower with Radar,1,54,61,2,118,0,53,25,0,78,1,107,86,2,196,0,0,0,196
03/27/2014,LFT,LA,ASW,CE,Combined TRACON& Tower with Radar,1,46,37,0,84,0,30,6,0,36,1,76,43,0,120,0,0,0,120
03/28/2014,LFT,LA,ASW,CE,Combined TRACON& Tower with Radar,3,48,45,0,96,0,9,5,0,14,3,57,50,0,110,0,0,0,110
03/29/2014,LFT,LA,ASW,CE,Combined TRACON& Tower with Radar,2,35,22,0,59,0,6,8,0,14,2,41,30,0,73,30,0,30,103
03/30/2014,LFT,LA,ASW,CE,Combined TRACON& Tower with Radar,0,41,29,2,72,0,18,38,0,56,0,59,67,2,128,0,0,0,128
03/31/2014,LFT,LA,ASW,CE,Combined TRACON& Tower with Radar,1,50,39,7,97,0,71,21,0,92,1,121,60,7,189,28,2,30,219
04/01/2014,LFT,LA,ASW,CE,Combined TRACON& Tower with Radar,2,43,36,8,89,0,34,26,0,60,2,77,62,8,149,28,6,34,183
04/02/2014,LFT,LA,ASW,CE,Combined TRACON& Tower with Radar,2,46,70,6,124,0,38,14,1,53,2,84,84,7,177,34,0,34,211
04/03/2014,LFT,LA,ASW,CE,Combined TRACON& Tower with Radar,2,41,47,4,94,0,23,15,2,40,2,64,62,6,134,14,2,16,150
04/04/2014,LFT,LA,ASW,CE,Combined TRACON& Tower with Radar,3,40,25,2,70,0,22,16,0,38,3,62,41,2,108,30,6,36,144
04/05/2014,LFT,LA,ASW,CE,Combined TRACON& Tower with Radar,1,36,12,1,50,0,8,8,3,19,1,44,20,4,69,1,0,1,70
04/06/2014,LFT,LA,ASW,CE,Combined TRACON& Tower with Radar,0,46,17,1,64,0,0,0,0,0,0,46,17,1,64,0,0,0,64
04/07/2014,LFT,LA,ASW,CE,Combined TRACON& Tower with Radar,1,45,35,0,81,0,36,24,0,60,1,81,59,0,141,10,0,10,151
04/08/2014,LFT,LA,ASW,CE,Combined TRACON& Tower with Radar,3,45,34,0,82,0,42,14,0,56,3,87,48,0,138,4,0,4,142
04/09/2014,LFT,LA,ASW,CE,Combined TRACON& Tower with Radar,1,44,46,3,94,0,57,45,0,102,1,101,91,3,196,4,2,6,202
04/10/2014,LFT,LA,ASW,CE,Combined TRACON& Tower with Radar,2,45,44,0,91,0,47,48,0,95,2,92,92,0,186,24,0,24,210
04/11/2014,LFT,LA,ASW,CE,Combined TRACON& Tower with Radar,1,51,38,12,102,0,49,40,0,89,1,100,78,12,191,40,8,48,239
04/12/2014,LFT,LA,ASW,CE,Combined TRACON& Tower with Radar,1,34,15,4,54,0,23,16,0,39,1,57,31,4,93,8,0,8,101
04/13/2014,LFT,LA,ASW,CE,Combined TRACON& Tower with Radar,0,44,22,0,66,0,23,7,0,30,0,67,29,0,96,6,2,8,104
04/14/2014,LFT,LA,ASW,CE,Combined TRACON& Tower with Radar,3,39,43,0,85,0,16,2,0,18,3,55,45,0,103,0,0,0,103
04/15/2014,LFT,LA,ASW,CE,Combined TRACON& Tower with Radar,5,47,38,0,90,0,45,20,0,65,5,92,58,0,155,21,0,21,176
04/16/2014,LFT,LA,ASW,CE,Combined TRACON& Tower with Radar,2,47,44,8,101,0,67,49,0,116,2,114,93,8,217,10,0,10,227
04/17/2014,LFT,LA,ASW,CE,Combined TRACON& Tower with Radar,2,50,71,2,125,0,35,22,0,57,2,85,93,2,182,10,2,12,194
04/18/2014,LFT,LA,ASW,CE,Combined TRACON& Tower with Radar,3,40,36,0,79,0,54,18,0,72,3,94,54,0,151,20,0,20,171
04/19/2014,LFT,LA,ASW,CE,Combined TRACON& Tower with Radar,1,30,11,0,42,0,25,68,0,93,1,55,79,0,135,34,0,34,169
04/20/2014,LFT,LA,ASW,CE,Combined TRACON& Tower with Radar,0,39,25,0,64,0,14,19,0,33,0,53,44,0,97,2,0,2,99
04/21/2014,LFT,LA,ASW,CE,Combined TRACON& Tower with Radar,1,54,52,2,109,0,41,20,0,61,1,95,72,2,170,2,2,4,174
04/22/2014,LFT,LA,ASW,CE,Combined TRACON& Tower with Radar,1,47,52,8,108,0,47,21,0,68,1,94,73,8,176,16,8,24,200
04/23/2014,LFT,LA,ASW,CE,Combined TRACON& Tower with Radar,1,42,44,2,89,0,34,31,0,65,1,76,75,2,154,0,0,0,154
04/24/2014,LFT,LA,ASW,CE,Combined TRACON& Tower with Radar,3,53,47,0,103,0,39,18,0,57,3,92,65,0,160,28,0,28,188
04/25/2014,LFT,LA,ASW,CE,Combined TRACON& Tower with Radar,1,51,32,22,106,0,43,24,0,67,1,94,56,22,173,22,36,58,231
04/26/2014,LFT,LA,ASW,CE,Combined TRACON& Tower with Radar,1,34,32,0,67,0,36,15,0,51,1,70,47,0,118,8,0,8,126
04/27/2014,LFT,LA,ASW,CE,Combined TRACON& Tower with Radar,0,43,32,0,75,0,22,18,0,40,0,65,50,0,115,4,0,4,119
04/28/2014,LFT,LA,ASW,CE,Combined TRACON& Tower with Radar,1,43,28,0,72,0,49,4,0,53,1,92,32,0,125,0,0,0,125
04/29/2014,LFT,LA,ASW,CE,Combined TRACON& Tower with Radar,3,56,30,7,96,0,14,20,1,35,3,70,50,8,131,24,30,54,185
04/30/2014,LFT,LA,ASW,CE,Combined TRACON& Tower with Radar,2,41,44,4,91,0,76,25,0,101,2,117,69,4,192,2,0,2,194
05/01/2014,LFT,LA,ASW,CE,Combined TRACON& Tower with Radar,2,50,54,5,111,0,58,44,0,102,2,108,98,5,213,36,4,40,253
05/02/2014,LFT,LA,ASW,CE,Combined TRACON& Tower with Radar,2,43,35,6,86,0,61,41,2,104,2,104,76,8,190,0,0,0,190
05/03/2014,LFT,LA,ASW,CE,Combined TRACON& Tower with Radar,1,32,26,0,59,0,48,29,1,78,1,80,55,1,137,6,0,6,143
05/04/2014,LFT,LA,ASW,CE,Combined TRACON& Tower with Radar,0,41,34,1,76,0,42,54,0,96,0,83,88,1,172,10,2,12,184
05/05/2014,LFT,LA,ASW,CE,Combined TRACON& Tower with Radar,1,48,28,0,77,0,69,51,0,120,1,117,79,0,197,0,0,0,197
05/06/2014,LFT,LA,ASW,CE,Combined TRACON& Tower with Radar,2,45,64,2,113,0,71,25,0,96,2,116,89,2,209,16,2,18,227
05/07/2014,LFT,LA,ASW,CE,Combined TRACON& Tower with Radar,2,51,46,0,99,0,53,27,0,80,2,104,73,0,179,4,0,4,183
05/08/2014,LFT,LA,ASW,CE,Combined TRACON& Tower with Radar,1,46,56,2,105,0,79,29,0,108,1,125,85,2,213,13,0,13,226
05/09/2014,LFT,LA,ASW,CE,Combined TRACON& Tower with Radar,2,40,43,0,85,0,7,0,0,7,2,47,43,0,92,0,0,0,92
05/10/2014,LFT,LA,ASW,CE,Combined TRACON& Tower with Radar,1,30,29,0,60,0,27,21,0,48,1,57,50,0,108,28,0,28,136
05/11/2014,LFT,LA,ASW,CE,Combined TRACON& Tower with Radar,0,48,21,0,69,0,28,0,0,28,0,76,21,0,97,4,0,4,101
05/12/2014,LFT,LA,ASW,CE,Combined TRACON& Tower with Radar,1,47,39,4,91,0,25,8,0,33,1,72,47,4,124,42,0,42,166
05/13/2014,LFT,LA,ASW,CE,Combined TRACON& Tower with Radar,3,52,32,0,87,0,79,12,0,91,3,131,44,0,178,10,0,10,188
05/14/2014,LFT,LA,ASW,CE,Combined TRACON& Tower with Radar,3,61,47,0,111,0,15,7,0,22,3,76,54,0,133,0,0,0,133
05/15/2014,LFT,LA,ASW,CE,Combined TRACON& Tower with Radar,2,51,46,10,109,0,78,61,0,139,2,129,107,10,248,6,2,8,256
05/16/2014,LFT,LA,ASW,CE,Combined TRACON& Tower with Radar,2,46,36,10,94,0,81,32,1,114,2,127,68,11,208,6,4,10,218
05/17/2014,LFT,LA,ASW,CE,Combined TRACON& Tower with Radar,1,35,25,0,61,0,47,34,0,81,1,82,59,0,142,18,0,18,160
05/18/2014,LFT,LA,ASW,CE,Combined TRACON& Tower with Radar,0,48,32,4,84,0,30,33,2,65,0,78,65,6,149,22,10,32,181
05/19/2014,LFT,LA,ASW,CE,Combined TRACON& Tower with Radar,1,47,31,6,85,0,67,33,0,100,1,114,64,6,185,4,0,4,189
05/20/2014,LFT,LA,ASW,CE,Combined TRACON& Tower with Radar,2,56,54,4,116,0,77,47,0,124,2,133,101,4,240,40,0,40,280
05/21/2014,LFT,LA,ASW,CE,Combined TRACON& Tower with Radar,3,53,51,1,108,0,47,29,0,76,3,100,80,1,184,28,0,28,212
05/22/2014,LFT,LA,ASW,CE,Combined TRACON& Tower with Radar,6,50,67,0,123,0,58,33,0,91,6,108,100,0,214,56,0,56,270
05/23/2014,LFT,LA,ASW,CE,Combined TRACON& Tower with Radar,2,50,61,0,113,0,52,35,0,87,2,102,96,0,200,54,0,54,254
05/24/2014,LFT,LA,ASW,CE,Combined TRACON& Tower with Radar,1,35,31,0,67,0,50,31,0,81,1,85,62,0,148,100,0,100,248
05/25/2014,LFT,LA,ASW,CE,Combined TRACON& Tower with Radar,0,25,22,0,47,0,31,25,0,56,0,56,47,0,103,44,0,44,147
05/26/2014,LFT,LA,ASW,CE,Combined TRACON& Tower with Radar,5,44,31,0,80,0,29,22,0,51,5,73,53,0,131,12,0,12,143
05/27/2014,LFT,LA,ASW,CE,Combined TRACON& Tower with Radar,2,41,26,0,69,0,27,13,1,41,2,68,39,1,110,0,0,0,110
05/28/2014,LFT,LA,ASW,CE,Combined TRACON& Tower with Radar,3,41,19,0,63,0,8,5,0,13,3,49,24,0,76,4,0,4,80
05/29/2014,LFT,LA,ASW,CE,Combined TRACON& Tower with Radar,2,50,37,0,89,0,16,9,0,25,2,66,46,0,114,0,0,0,114
05/30/2014,LFT,LA,ASW,CE,Combined TRACON& Tower with Radar,2,38,35,0,75,0,8,30,0,38,2,46,65,0,113,0,0,0,113
05/31/2014,LFT,LA,ASW,CE,Combined TRACON& Tower with Radar,1,36,19,0,56,0,26,3,0,29,1,62,22,0,85,16,0,16,101
06/01/2014,LFT,LA,ASW,CE,Combined TRACON& Tower with Radar,0,45,24,0,69,0,8,3,0,11,0,53,27,0,80,0,0,0,80
06/02/2014,LFT,LA,ASW,CE,Combined TRACON& Tower with Radar,1,63,39,0,103,0,20,23,0,43,1,83,62,0,146,24,0,24,170
06/03/2014,LFT,LA,ASW,CE,Combined TRACON& Tower with Radar,2,47,42,2,93,0,39,32,0,71,2,86,74,2,164,34,0,34,198
06/04/2014,LFT,LA,ASW,CE,Combined TRACON& Tower with Radar,2,49,53,2,106,0,33,17,0,50,2,82,70,2,156,19,0,19,175
06/05/2014,LFT,LA,ASW,CE,Combined TRACON& Tower with Radar,3,56,43,2,104,0,65,29,1,95,3,121,72,3,199,36,0,36,235
06/06/2014,LFT,LA,ASW,CE,Combined TRACON& Tower with Radar,3,44,38,3,88,0,46,32,0,78,3,90,70,3,166,2,0,2,168
06/07/2014,LFT,LA,ASW,CE,Combined TRACON& Tower with Radar,1,40,36,3,80,0,30,42,0,72,1,70,78,3,152,46,10,56,208
06/08/2014,LFT,LA,ASW,CE,Combined TRACON& Tower with Radar,2,39,49,3,93,0,32,30,1,63,2,71,79,4,156,44,0,44,200
06/09/2014,LFT,LA,ASW,CE,Combined TRACON& Tower with Radar,3,35,38,1,77,0,42,24,2,68,3,77,62,3,145,20,0,20,165
06/10/2014,LFT,LA,ASW,CE,Combined TRACON& Tower with Radar,5,46,24,0,75,0,16,11,0,27,5,62,35,0,102,0,0,0,102
06/11/2014,LFT,LA,ASW,CE,Combined TRACON& Tower with Radar,5,42,42,10,99,0,46,38,4,88,5,88,80,14,187,56,0,56,243
06/12/2014,LFT,LA,ASW,CE,Combined TRACON& Tower with Radar,2,42,54,3,101,0,47,33,0,80,2,89,87,3,181,34,0,34,215
06/13/2014,LFT,LA,ASW,CE,Combined TRACON& Tower with Radar,4,42,22,0,68,0,27,7,0,34,4,69,29,0,102,8,0,8,110
06/14/2014,LFT,LA,ASW,CE,Combined TRACON& Tower with Radar,1,39,30,0,70,0,27,13,0,40,1,66,43,0,110,68,0,68,178
06/15/2014,LFT,LA,ASW,CE,Combined TRACON& Tower with Radar,0,45,24,4,73,0,13,19,0,32,0,58,43,4,105,0,0,0,105
06/16/2014,LFT,LA,ASW,CE,Combined TRACON& Tower with Radar,3,50,36,0,89,0,53,19,1,73,3,103,55,1,162,4,0,4,166
06/17/2014,LFT,LA,ASW,CE,Combined TRACON& Tower with Radar,4,42,41,2,89,0,63,37,1,101,4,105,78,3,190,26,16,42,232
06/18/2014,LFT,LA,ASW,CE,Combined TRACON& Tower with Radar,1,44,49,4,98,0,49,30,4,83,1,93,79,8,181,32,2,34,215
06/19/2014,LFT,LA,ASW,CE,Combined TRACON& Tower with Radar,3,46,37,4,90,0,47,48,1,96,3,93,85,5,186,0,0,0,186
06/20/2014,LFT,LA,ASW,CE,Combined TRACON& Tower with Radar,4,36,37,7,84,0,62,37,0,99,4,98,74,7,183,20,0,20,203
06/21/2014,LFT,LA,ASW,CE,Combined TRACON& Tower with Radar,1,35,24,4,64,0,34,20,0,54,1,69,44,4,118,28,0,28,146
06/22/2014,LFT,LA,ASW,CE,Combined TRACON& Tower with Radar,0,38,41,8,87,0,32,21,0,53,0,70,62,8,140,8,0,8,148
06/23/2014,LFT,LA,ASW,CE,Combined TRACON& Tower with Radar,3,33,34,5,75,0,49,24,0,73,3,82,58,5,148,12,0,12,160
06/24/2014,LFT,LA,ASW,CE,Combined TRACON& Tower with Radar,5,34,39,2,80,0,45,17,0,62,5,79,56,2,142,2,2,4,146
06/25/2014,LFT,LA,ASW,CE,Combined TRACON& Tower with Radar,4,28,23,0,55,0,8,8,0,16,4,36,31,0,71,0,0,0,71
06/26/2014,LFT,LA,ASW,CE,Combined TRACON& Tower with Radar,3,39,61,0,103,0,40,18,0,58,3,79,79,0,161,22,0,22,183
06/27/2014,LFT,LA,ASW,CE,Combined TRACON& Tower with Radar,5,48,36,1,90,0,21,4,0,25,5,69,40,1,115,24,0,24,139
06/28/2014,LFT,LA,ASW,CE,Combined TRACON& Tower with Radar,2,44,29,1,76,0,38,9,0,47,2,82,38,1,123,8,0,8,131
06/29/2014,LFT,LA,ASW,CE,Combined TRACON& Tower with Radar,2,44,32,4,82,0,34,14,0,48,2,78,46,4,130,34,4,38,168
06/30/2014,LFT,LA,ASW,CE,Combined TRACON& Tower with Radar,1,49,39,2,91,0,46,51,0,97,1,95,90,2,188,27,0,27,215
07/01/2014,LFT,LA,ASW,CE,Combined TRACON& Tower with Radar,4,50,37,11,102,0,62,43,0,105,4,112,80,11,207,125,0,125,332
07/02/2014,LFT,LA,ASW,CE,Combined TRACON& Tower with Radar,4,50,37,6,97,0,39,29,0,68,4,89,66,6,165,18,0,18,183
07/03/2014,LFT,LA,ASW,CE,Combined TRACON& Tower with Radar,6,60,43,2,111,0,71,23,0,94,6,131,66,2,205,50,10,60,265
07/04/2014,LFT,LA,ASW,CE,Combined TRACON& Tower with Radar,2,30,14,0,46,0,28,28,0,56,2,58,42,0,102,14,0,14,116
07/05/2014,LFT,LA,ASW,CE,Combined TRACON& Tower with Radar,5,30,13,0,48,0,27,24,0,51,5,57,37,0,99,24,0,24,123
07/06/2014,LFT,LA,ASW,CE,Combined TRACON& Tower with Radar,2,39,45,0,86,0,6,37,0,43,2,45,82,0,129,34,0,34,163
07/07/2014,LFT,LA,ASW,CE,Combined TRACON& Tower with Radar,5,42,39,0,86,0,44,32,0,76,5,86,71,0,162,20,0,20,182
07/08/2014,LFT,LA,ASW,CE,Combined TRACON& Tower with Radar,7,40,53,0,100,0,36,18,0,54,7,76,71,0,154,24,0,24,178
07/09/2014,LFT,LA,ASW,CE,Combined TRACON& Tower with Radar,8,45,36,3,92,0,30,17,0,47,8,75,53,3,139,32,0,32,171
07/10/2014,LFT,LA,ASW,CE,Combined TRACON& Tower with Radar,4,44,55,2,105,0,45,38,0,83,4,89,93,2,188,16,0,16,204
07/11/2014,LFT,LA,ASW,CE,Combined TRACON& Tower with Radar,5,44,30,0,79,0,28,35,0,63,5,72,65,0,142,38,0,38,180
07/12/2014,LFT,LA,ASW,CE,Combined TRACON& Tower with Radar,5,32,28,16,81,0,21,27,0,48,5,53,55,16,129,14,0,14,143
07/13/2014,LFT,LA,ASW,CE,Combined TRACON& Tower with Radar,2,38,35,0,75,0,20,27,0,47,2,58,62,0,122,4,0,4,126
07/14/2014,LFT,LA,ASW,CE,Combined TRACON& Tower with Radar,5,38,29,2,74,0,54,27,0,81,5,92,56,2,155,30,12,42,197
07/15/2014,LFT,LA,ASW,CE,Combined TRACON& Tower with Radar,6,36,31,0,73,0,16,18,0,34,6,52,49,0,107,0,0,0,107
07/16/2014,LFT,LA,ASW,CE,Combined TRACON& Tower with Radar,6,44,42,8,100,0,34,49,1,84,6,78,91,9,184,8,0,8,192
07/17/2014,LFT,LA,ASW,CE,Combined TRACON& Tower with Radar,3,35,51,0,89,0,56,38,3,97,3,91,89,3,186,37,0,37,223
07/18/2014,LFT,LA,ASW,CE,Combined TRACON& Tower with Radar,4,41,24,0,69,0,3,1,0,4,4,44,25,0,73,0,0,0,73
07/19/2014,LFT,LA,ASW,CE,Combined TRACON& Tower with Radar,5,36,20,0,61,0,5,0,0,5,5,41,20,0,66,2,0,2,68
07/20/2014,LFT,LA,ASW,CE,Combined TRACON& Tower with Radar,4,36,37,4,81,0,8,2,0,10,4,44,39,4,91,6,2,8,99
07/21/2014,LFT,LA,ASW,CE,Combined TRACON& Tower with Radar,5,39,30,6,80,0,7,19,0,26,5,46,49,6,106,16,0,16,122
07/22/2014,LFT,LA,ASW,CE,Combined TRACON& Tower with Radar,5,41,38,0,84,0,47,30,0,77,5,88,68,0,161,42,0,42,203
07/23/2014,LFT,LA,ASW,CE,Combined TRACON& Tower with Radar,4,38,39,1,82,0,42,22,0,64,4,80,61,1,146,12,0,12,158
07/24/2014,LFT,LA,ASW,CE,Combined TRACON& Tower with Radar,5,40,44,0,89,0,57,27,0,84,5,97,71,0,173,46,0,46,219
07/25/2014,LFT,LA,ASW,CE,Combined TRACON& Tower with Radar,5,38,31,2,76,0,29,32,0,61,5,67,63,2,137,2,0,2,139
07/26/2014,LFT,LA,ASW,CE,Combined TRACON& Tower with Radar,5,31,31,1,68,0,31,15,0,46,5,62,46,1,114,26,4,30,144
07/27/2014,LFT,LA,ASW,CE,Combined TRACON& Tower with Radar,4,36,35,0,75,0,15,34,0,49,4,51,69,0,124,10,4,14,138
07/28/2014,LFT,LA,ASW,CE,Combined TRACON& Tower with Radar,5,42,30,0,77,0,56,28,0,84,5,98,58,0,161,0,0,0,161
07/29/2014,LFT,LA,ASW,CE,Combined TRACON& Tower with Radar,6,37,47,0,90,0,20,24,0,44,6,57,71,0,134,47,0,47,181
07/30/2014,LFT,LA,ASW,CE,Combined TRACON& Tower with Radar,5,37,37,0,79,0,57,44,0,101,5,94,81,0,180,30,0,30,210
07/31/2014,LFT,LA,ASW,CE,Combined TRACON& Tower with Radar,5,46,38,0,89,0,42,28,1,71,5,88,66,1,160,14,0,14,174
08/01/2014,LFT,LA,ASW,CE,Combined TRACON& Tower with Radar,5,38,14,2,59,0,17,11,0,28,5,55,25,2,87,2,0,2,89
08/02/2014,LFT,LA,ASW,CE,Combined TRACON& Tower with Radar,5,30,25,4,64,0,25,5,0,30,5,55,30,4,94,0,0,0,94
08/03/2014,LFT,LA,ASW,CE,Combined TRACON& Tower with Radar,2,37,22,0,61,0,16,18,0,34,2,53,40,0,95,0,0,0,95
08/04/2014,LFT,LA,ASW,CE,Combined TRACON& Tower with Radar,5,38,43,0,86,0,21,23,0,44,5,59,66,0,130,20,0,20,150
08/05/2014,LFT,LA,ASW,CE,Combined TRACON& Tower with Radar,6,44,41,6,97,0,56,15,0,71,6,100,56,6,168,48,0,48,216
08/06/2014,LFT,LA,ASW,CE,Combined TRACON& Tower with Radar,3,39,29,3,74,0,50,28,2,80,3,89,57,5,154,14,0,14,168
08/07/2014,LFT,LA,ASW,CE,Combined TRACON& Tower with Radar,5,37,37,4,83,0,66,37,0,103,5,103,74,4,186,32,2,34,220
08/08/2014,LFT,LA,ASW,CE,Combined TRACON& Tower with Radar,2,30,22,2,56,0,14,15,0,29,2,44,37,2,85,4,0,4,89
08/09/2014,LFT,LA,ASW,CE,Combined TRACON& Tower with Radar,4,27,8,0,39,0,17,24,0,41,4,44,32,0,80,16,0,16,96
08/10/2014,LFT,LA,ASW,CE,Combined TRACON& Tower with Radar,2,38,30,4,74,0,9,12,0,21,2,47,42,4,95,0,0,0,95
08/11/2014,LFT,LA,ASW,CE,Combined TRACON& Tower with Radar,5,37,41,0,83,0,63,17,0,80,5,100,58,0,163,25,0,25,188
08/12/2014,LFT,LA,ASW,CE,Combined TRACON& Tower with Radar,5,39,43,0,87,0,59,33,0,92,5,98,76,0,179,108,0,108,287
08/13/2014,LFT,LA,ASW,CE,Combined TRACON& Tower with Radar,4,46,38,6,94,0,44,40,0,84,4,90,78,6,178,28,0,28,206
08/14/2014,LFT,LA,ASW,CE,Combined TRACON& Tower with Radar,3,43,45,6,97,0,34,44,0,78,3,77,89,6,175,36,0,36,211
08/15/2014,LFT,LA,ASW,CE,Combined TRACON& Tower with Radar,3,42,32,0,77,0,53,31,0,84,3,95,63,0,161,20,0,20,181
08/16/2014,LFT,LA,ASW,CE,Combined TRACON& Tower with Radar,5,28,23,0,56,0,20,22,0,42,5,48,45,0,98,28,0,28,126
08/17/2014,LFT,LA,ASW,CE,Combined TRACON& Tower with Radar,2,34,28,2,66,0,26,22,0,48,2,60,50,2,114,4,0,4,118
08/18/2014,LFT,LA,ASW,CE,Combined TRACON& Tower with Radar,5,40,36,0,81,0,28,17,0,45,5,68,53,0,126,18,0,18,144
08/19/2014,LFT,LA,ASW,CE,Combined TRACON& Tower with Radar,7,37,37,2,83,0,61,27,0,88,7,98,64,2,171,26,2,28,199
08/20/2014,LFT,LA,ASW,CE,Combined TRACON& Tower with Radar,6,45,46,0,97,0,42,24,0,66,6,87,70,0,163,2,2,4,167
08/21/2014,LFT,LA,ASW,CE,Combined TRACON& Tower with Radar,6,42,39,2,89,0,37,27,0,64,6,79,66,2,153,4,0,4,157
08/22/2014,LFT,LA,ASW,CE,Combined TRACON& Tower with Radar,5,48,28,4,85,0,45,50,0,95,5,93,78,4,180,30,4,34,214
08/23/2014,LFT,LA,ASW,CE,Combined TRACON& Tower with Radar,3,30,22,3,58,0,13,39,1,53,3,43,61,4,111,36,0,36,147
08/24/2014,LFT,LA,ASW,CE,Combined TRACON& Tower with Radar,5,36,23,2,66,0,15,27,0,42,5,51,50,2,108,14,0,14,122
08/25/2014,LFT,LA,ASW,CE,Combined TRACON& Tower with Radar,6,42,38,3,89,0,30,17,0,47,6,72,55,3,136,6,2,8,144
08/26/2014,LFT,LA,ASW,CE,Combined TRACON& Tower with Radar,6,44,38,0,88,0,8,21,0,29,6,52,59,0,117,6,0,6,123
08/27/2014,LFT,LA,ASW,CE,Combined TRACON& Tower with Radar,4,44,31,0,79,0,50,26,1,77,4,94,57,1,156,11,0,11,167
08/28/2014,LFT,LA,ASW,CE,Combined TRACON& Tower with Radar,6,49,47,1,103,0,51,29,0,80,6,100,76,1,183,52,4,56,239
08/29/2014,LFT,LA,ASW,CE,Combined TRACON& Tower with Radar,5,51,54,0,110,0,21,24,0,45,5,72,78,0,155,2,0,2,157
08/30/2014,LFT,LA,ASW,CE,Combined TRACON& Tower with Radar,3,29,14,0,46,0,0,0,0,0,3,29,14,0,46,0,0,0,46
08/31/2014,LFT,LA,ASW,CE,Combined TRACON& Tower with Radar,2,35,19,0,56,0,12,12,0,24,2,47,31,0,80,14,0,14,94
09/01/2014,LFT,LA,ASW,CE,Combined TRACON& Tower with Radar,3,52,32,0,87,0,24,12,0,36,3,76,44,0,123,17,0,17,140
09/02/2014,LFT,LA,ASW,CE,Combined TRACON& Tower with Radar,5,49,43,4,101,0,33,18,0,51,5,82,61,4,152,14,4,18,170
09/03/2014,LFT,LA,ASW,CE,Combined TRACON& Tower with Radar,4,40,43,7,94,0,48,34,0,82,4,88,77,7,176,2,2,4,180
09/04/2014,LFT,LA,ASW,CE,Combined TRACON& Tower with Radar,4,44,51,10,109,0,51,34,0,85,4,95,85,10,194,53,8,61,255
09/05/2014,LFT,LA,ASW,CE,Combined TRACON& Tower with Radar,3,44,36,2,85,0,30,28,0,58,3,74,64,2,143,0,0,0,143
09/06/2014,LFT,LA,ASW,CE,Combined TRACON& Tower with Radar,3,31,27,0,61,0,20,22,0,42,3,51,49,0,103,16,2,18,121
09/07/2014,LFT,LA,ASW,CE,Combined TRACON& Tower with Radar,2,37,31,4,74,0,11,8,0,19,2,48,39,4,93,26,0,26,119
09/08/2014,LFT,LA,ASW,CE,Combined TRACON& Tower with Radar,3,49,39,4,95,0,37,20,0,57,3,86,59,4,152,8,0,8,160
09/09/2014,LFT,LA,ASW,CE,Combined TRACON& Tower with Radar,5,48,32,2,87,0,49,22,0,71,5,97,54,2,158,8,0,8,166
09/10/2014,LFT,LA,ASW,CE,Combined TRACON& Tower with Radar,3,49,35,0,87,0,29,24,0,53,3,78,59,0,140,21,0,21,161
09/11/2014,LFT,LA,ASW,CE,Combined TRACON& Tower with Radar,4,43,51,0,98,0,75,22,0,97,4,118,73,0,195,12,3,15,210
09/12/2014,LFT,LA,ASW,CE,Combined TRACON& Tower with Radar,5,47,33,2,87,0,27,15,4,46,5,74,48,6,133,4,2,6,139
09/13/2014,LFT,LA,ASW,CE,Combined TRACON& Tower with Radar,3,29,29,0,61,0,12,3,0,15,3,41,32,0,76,4,4,8,84
09/14/2014,LFT,LA,ASW,CE,Combined TRACON& Tower with Radar,2,55,26,0,83,0,5,6,0,11,2,60,32,0,94,0,0,0,94
09/15/2014,LFT,LA,ASW,CE,Combined TRACON& Tower with Radar,3,49,33,0,85,0,38,25,0,63,3,87,58,0,148,62,0,62,210
09/16/2014,LFT,LA,ASW,CE,Combined TRACON& Tower with Radar,4,39,27,0,70,0,16,18,0,34,4,55,45,0,104,10,0,10,114
09/17/2014,LFT,LA,ASW,CE,Combined TRACON& Tower with Radar,3,37,45,2,87,0,24,24,1,49,3,61,69,3,136,38,0,38,174
09/18/2014,LFT,LA,ASW,CE,Combined TRACON& Tower with Radar,4,53,49,0,106,0,44,14,0,58,4,97,63,0,164,16,0,16,180
09/19/2014,LFT,LA,ASW,CE,Combined TRACON& Tower with Radar,5,55,36,0,96,0,43,15,0,58,5,98,51,0,154,16,0,16,170
09/20/2014,LFT,LA,ASW,CE,Combined TRACON& Tower with Radar,3,32,19,0,54,0,18,26,0,44,3,50,45,0,98,25,0,25,123
09/21/2014,LFT,LA,ASW,CE,Combined TRACON& Tower with Radar,4,40,26,0,70,0,13,32,0,45,4,53,58,0,115,6,0,6,121
09/22/2014,LFT,LA,ASW,CE,Combined TRACON& Tower with Radar,3,45,41,2,91,0,35,23,0,58,3,80,64,2,149,12,0,12,161
09/23/2014,LFT,LA,ASW,CE,Combined TRACON& Tower with Radar,4,46,44,2,96,0,29,40,0,69,4,75,84,2,165,36,2,38,203
09/24/2014,LFT,LA,ASW,CE,Combined TRACON& Tower with Radar,3,51,55,6,115,0,51,29,2,82,3,102,84,8,197,30,0,30,227
09/25/2014,LFT,LA,ASW,CE,Combined TRACON& Tower with Radar,4,54,41,2,101,0,25,24,0,49,4,79,65,2,150,28,0,28,178
09/26/2014,LFT,LA,ASW,CE,Combined TRACON& Tower with Radar,5,49,41,2,97,0,67,34,0,101,5,116,75,2,198,6,2,8,206
09/27/2014,LFT,LA,ASW,CE,Combined TRACON& Tower with Radar,3,35,25,0,63,0,25,25,0,50,3,60,50,0,113,6,0,6,119
09/28/2014,LFT,LA,ASW,CE,Combined TRACON& Tower with Radar,2,38,30,0,70,0,24,6,0,30,2,62,36,0,100,8,0,8,108
09/29/2014,LFT,LA,ASW,CE,Combined TRACON& Tower with Radar,3,49,53,2,107,0,3,15,0,18,3,52,68,2,125,10,0,10,135
09/30/2014,LFT,LA,ASW,CE,Combined TRACON& Tower with Radar,6,40,34,2,82,0,35,22,0,57,6,75,56,2,139,21,0,21,160
10/01/2014,LFT,LA,ASW,CE,Combined TRACON& Tower with Radar,6,47,43,0,96,0,13,7,0,20,6,60,50,0,116,2,0,2,118
10/02/2014,LFT,LA,ASW,CE,Combined TRACON& Tower with Radar,6,47,37,0,90,0,39,14,0,53,6,86,51,0,143,18,0,18,161
10/03/2014,LFT,LA,ASW,CE,Combined TRACON& Tower with Radar,7,44,49,7,107,0,33,14,0,47,7,77,63,7,154,9,1,10,164
10/04/2014,LFT,LA,ASW,CE,Combined TRACON& Tower with Radar,3,32,17,6,58,0,34,21,2,57,3,66,38,8,115,10,2,12,127
10/05/2014,LFT,LA,ASW,CE,Combined TRACON& Tower with Radar,4,45,32,8,89,0,20,56,1,77,4,65,88,9,166,0,0,0,166
10/06/2014,LFT,LA,ASW,CE,Combined TRACON& Tower with Radar,5,37,41,0,83,0,32,13,0,45,5,69,54,0,128,4,0,4,132
10/07/2014,LFT,LA,ASW,CE,Combined TRACON& Tower with Radar,3,46,33,0,82,0,69,36,1,106,3,115,69,1,188,18,0,18,206
10/08/2014,LFT,LA,ASW,CE,Combined TRACON& Tower with Radar,6,40,59,4,109,0,49,32,0,81,6,89,91,4,190,4,0,4,194
10/09/2014,LFT,LA,ASW,CE,Combined TRACON& Tower with Radar,6,53,38,3,100,0,37,20,0,57,6,90,58,3,157,26,0,26,183
10/10/2014,LFT,LA,ASW,CE,Combined TRACON& Tower with Radar,6,44,60,11,121,0,36,22,0,58,6,80,82,11,179,18,10,28,207
10/11/2014,LFT,LA,ASW,CE,Combined TRACON& Tower with Radar,4,30,18,0,52,0,13,6,0,19,4,43,24,0,71,0,0,0,71
10/12/2014,LFT,LA,ASW,CE,Combined TRACON& Tower with Radar,2,39,46,0,87,0,15,13,0,28,2,54,59,0,115,6,0,6,121
10/13/2014,LFT,LA,ASW,CE,Combined TRACON& Tower with Radar,9,34,35,0,78,0,0,7,0,7,9,34,42,0,85,6,0,6,91
10/14/2014,LFT,LA,ASW,CE,Combined TRACON& Tower with Radar,6,42,49,0,97,0,51,29,0,80,6,93,78,0,177,0,0,0,177
10/15/2014,LFT,LA,ASW,CE,Combined TRACON& Tower with Radar,6,48,46,0,100,0,54,38,0,92,6,102,84,0,192,0,0,0,192
10/16/2014,LFT,LA,ASW,CE,Combined TRACON& Tower with Radar,5,51,42,0,98,0,37,38,0,75,5,88,80,0,173,0,0,0,173
10/17/2014,LFT,LA,ASW,CE,Combined TRACON& Tower with Radar,3,46,34,14,97,0,56,37,2,95,3,102,71,16,192,37,14,51,243
10/18/2014,LFT,LA,ASW,CE,Combined TRACON& Tower with Radar,3,29,17,5,54,0,25,36,0,61,3,54,53,5,115,18,0,18,133
10/19/2014,LFT,LA,ASW,CE,Combined TRACON& Tower with Radar,2,35,36,2,75,0,19,41,0,60,2,54,77,2,135,24,0,24,159
10/20/2014,LFT,LA,ASW,CE,Combined TRACON& Tower with Radar,6,45,40,0,91,0,52,27,0,79,6,97,67,0,170,8,0,8,178
10/21/2014,LFT,LA,ASW,CE,Combined TRACON& Tower with Radar,5,40,34,0,79,0,39,39,0,78,5,79,73,0,157,12,0,12,169
10/22/2014,LFT,LA,ASW,CE,Combined TRACON& Tower with Radar,5,44,41,8,98,0,50,19,0,69,5,94,60,8,167,36,2,38,205
10/23/2014,LFT,LA,ASW,CE,Combined TRACON& Tower with Radar,5,37,50,4,96,0,35,41,0,76,5,72,91,4,172,22,8,30,202
10/24/2014,LFT,LA,ASW,CE,Combined TRACON& Tower with Radar,3,76,46,6,131,0,44,55,0,99,3,120,101,6,230,0,0,0,230
10/25/2014,LFT,LA,ASW,CE,Combined TRACON& Tower with Radar,3,31,18,0,52,0,24,32,0,56,3,55,50,0,108,16,0,16,124
10/26/2014,LFT,LA,ASW,CE,Combined TRACON& Tower with Radar,2,41,26,0,69,0,21,49,0,70,2,62,75,0,139,0,0,0,139
10/27/2014,LFT,LA,ASW,CE,Combined TRACON& Tower with Radar,5,46,31,10,92,0,49,26,0,75,5,95,57,10,167,10,0,10,177
10/28/2014,LFT,LA,ASW,CE,Combined TRACON& Tower with Radar,6,44,38,0,88,0,39,28,0,67,6,83,66,0,155,14,0,14,169
10/29/2014,LFT,LA,ASW,CE,Combined TRACON& Tower with Radar,6,43,51,0,100,0,43,12,0,55,6,86,63,0,155,20,0,20,175
10/30/2014,LFT,LA,ASW,CE,Combined TRACON& Tower with Radar,5,45,54,0,104,0,36,25,0,61,5,81,79,0,165,22,0,22,187
10/31/2014,LFT,LA,ASW,CE,Combined TRACON& Tower with Radar,5,35,29,0,69,0,66,31,0,97,5,101,60,0,166,2,0,2,168
11/01/2014,LFT,LA,ASW,CE,Combined TRACON& Tower with Radar,2,28,15,0,45,0,13,23,0,36,2,41,38,0,81,0,0,0,81
11/02/2014,LFT,LA,ASW,CE,Combined TRACON& Tower with Radar,3,35,38,0,76,0,10,23,0,33,3,45,61,0,109,9,0,9,118
11/03/2014,LFT,LA,ASW,CE,Combined TRACON& Tower with Radar,6,38,33,10,87,0,56,22,0,78,6,94,55,10,165,16,0,16,181
11/04/2014,LFT,LA,ASW,CE,Combined TRACON& Tower with Radar,6,34,37,1,78,0,35,11,0,46,6,69,48,1,124,20,0,20,144
11/05/2014,LFT,LA,ASW,CE,Combined TRACON& Tower with Radar,5,35,39,2,81,0,14,0,0,14,5,49,39,2,95,0,0,0,95
11/06/2014,LFT,LA,ASW,CE,Combined TRACON& Tower with Radar,6,56,52,0,114,0,12,4,0,16,6,68,56,0,130,0,0,0,130
11/07/2014,LFT,LA,ASW,CE,Combined TRACON& Tower with Radar,7,37,54,2,100,0,62,29,0,91,7,99,83,2,191,10,0,10,201
11/08/2014,LFT,LA,ASW,CE,Combined TRACON& Tower with Radar,2,35,14,4,55,0,14,30,0,44,2,49,44,4,99,18,18,36,135
11/09/2014,LFT,LA,ASW,CE,Combined TRACON& Tower with Radar,1,40,32,0,73,0,11,26,0,37,1,51,58,0,110,15,10,25,135
11/10/2014,LFT,LA,ASW,CE,Combined TRACON& Tower with Radar,5,40,28,0,73,0,12,17,0,29,5,52,45,0,102,4,0,4,106
11/11/2014,LFT,LA,ASW,CE,Combined TRACON& Tower with Radar,4,48,43,0,95,0,37,17,0,54,4,85,60,0,149,14,0,14,163
11/12/2014,LFT,LA,ASW,CE,Combined TRACON& Tower with Radar,5,49,44,0,98,0,15,6,0,21,5,64,50,0,119,12,0,12,131
11/13/2014,LFT,LA,ASW,CE,Combined TRACON& Tower with Radar,5,44,49,5,103,0,16,8,0,24,5,60,57,5,127,6,6,12,139
11/14/2014,LFT,LA,ASW,CE,Combined TRACON& Tower with Radar,6,42,40,2,90,0,42,22,0,64,6,84,62,2,154,6,4,10,164
11/15/2014,LFT,LA,ASW,CE,Combined TRACON& Tower with Radar,3,32,29,0,64,0,23,18,0,41,3,55,47,0,105,24,0,24,129
11/16/2014,LFT,LA,ASW,CE,Combined TRACON& Tower with Radar,1,42,20,0,63,0,3,3,0,6,1,45,23,0,69,0,0,0,69
11/17/2014,LFT,LA,ASW,CE,Combined TRACON& Tower with Radar,6,40,42,0,88,0,24,9,0,33,6,64,51,0,121,0,0,0,121
11/18/2014,LFT,LA,ASW,CE,Combined TRACON& Tower with Radar,7,36,39,2,84,0,48,23,0,71,7,84,62,2,155,38,12,50,205
11/19/2014,LFT,LA,ASW,CE,Combined TRACON& Tower with Radar,4,56,36,4,100,0,44,26,1,71,4,100,62,5,171,0,0,0,171
11/20/2014,LFT,LA,ASW,CE,Combined TRACON& Tower with Radar,6,54,43,2,105,0,42,24,0,66,6,96,67,2,171,16,2,18,189
11/21/2014,LFT,LA,ASW,CE,Combined TRACON& Tower with Radar,5,45,33,6,89,0,37,10,0,47,5,82,43,6,136,0,2,2,138
11/22/2014,LFT,LA,ASW,CE,Combined TRACON& Tower with Radar,4,32,11,0,47,0,17,7,0,24,4,49,18,0,71,4,4,8,79
11/23/2014,LFT,LA,ASW,CE,Combined TRACON& Tower with Radar,3,51,29,0,83,0,17,6,0,23,3,68,35,0,106,4,0,4,110
11/24/2014,LFT,LA,ASW,CE,Combined TRACON& Tower with Radar,5,39,26,5,75,0,39,36,0,75,5,78,62,5,150,8,0,8,158
11/25/2014,LFT,LA,ASW,CE,Combined TRACON& Tower with Radar,6,44,40,0,90,0,33,34,0,67,6,77,74,0,157,47,0,47,204
11/26/2014,LFT,LA,ASW,CE,Combined TRACON& Tower with Radar,6,41,45,0,92,0,22,28,0,50,6,63,73,0,142,0,0,0,142
11/27/2014,LFT,LA,ASW,CE,Combined TRACON& Tower with Radar,1,23,9,0,33,0,24,4,0,28,1,47,13,0,61,4,0,4,65
11/28/2014,LFT,LA,ASW,CE,Combined TRACON& Tower with Radar,4,31,14,0,49,0,24,29,0,53,4,55,43,0,102,0,58,58,160
11/29/2014,LFT,LA,ASW,CE,Combined TRACON& Tower with Radar,5,34,18,0,57,0,17,18,0,35,5,51,36,0,92,16,0,16,108
11/30/2014,LFT,LA,ASW,CE,Combined TRACON& Tower with Radar,4,45,46,0,95,0,13,22,0,35,4,58,68,0,130,16,0,16,146
12/01/2014,LFT,LA,ASW,CE,Combined TRACON& Tower with Radar,5,44,21,14,84,0,37,15,0,52,5,81,36,14,136,20,4,24,160
12/02/2014,LFT,LA,ASW,CE,Combined TRACON& Tower with Radar,6,42,30,0,78,0,27,9,0,36,6,69,39,0,114,12,0,12,126
12/03/2014,LFT,LA,ASW,CE,Combined TRACON& Tower with Radar,4,44,35,4,87,0,21,17,0,38,4,65,52,4,125,6,0,6,131
12/04/2014,LFT,LA,ASW,CE,Combined TRACON& Tower with Radar,5,33,64,3,105,0,25,7,0,32,5,58,71,3,137,4,0,4,141
12/05/2014,LFT,LA,ASW,CE,Combined TRACON& Tower with Radar,5,47,43,0,95,0,19,2,0,21,5,66,45,0,116,0,0,0,116
12/06/2014,LFT,LA,ASW,CE,Combined TRACON& Tower with Radar,6,37,24,8,75,0,11,5,0,16,6,48,29,8,91,14,0,14,105
12/07/2014,LFT,LA,ASW,CE,Combined TRACON& Tower with Radar,2,46,50,0,98,0,17,18,0,35,2,63,68,0,133,11,0,11,144
12/08/2014,LFT,LA,ASW,CE,Combined TRACON& Tower with Radar,5,36,28,2,71,0,44,32,0,76,5,80,60,2,147,30,0,30,177
12/09/2014,LFT,LA,ASW,CE,Combined TRACON& Tower with Radar,7,36,39,2,84,0,55,23,0,78,7,91,62,2,162,24,0,24,186
12/10/2014,LFT,LA,ASW,CE,Combined TRACON& Tower with Radar,4,39,46,0,89,0,38,40,1,79,4,77,86,1,168,30,0,30,198
12/11/2014,LFT,LA,ASW,CE,Combined TRACON& Tower with Radar,6,43,48,4,101,0,39,24,0,63,6,82,72,4,164,25,45,70,234
12/12/2014,LFT,LA,ASW,CE,Combined TRACON& Tower with Radar,5,43,34,1,83,0,40,15,0,55,5,83,49,1,138,0,0,0,138
12/13/2014,LFT,LA,ASW,CE,Combined TRACON& Tower with Radar,5,26,28,0,59,0,7,24,0,31,5,33,52,0,90,28,2,30,120
12/14/2014,LFT,LA,ASW,CE,Combined TRACON& Tower with Radar,2,41,37,0,80,0,16,18,0,34,2,57,55,0,114,0,0,0,114
12/15/2014,LFT,LA,ASW,CE,Combined TRACON& Tower with Radar,5,37,29,0,71,0,31,3,0,34,5,68,32,0,105,0,0,0,105
12/16/2014,LFT,LA,ASW,CE,Combined TRACON& Tower with Radar,7,34,47,2,90,0,47,29,0,76,7,81,76,2,166,36,2,38,204
12/17/2014,LFT,LA,ASW,CE,Combined TRACON& Tower with Radar,4,43,39,2,88,0,39,25,0,64,4,82,64,2,152,24,2,26,178
12/18/2014,LFT,LA,ASW,CE,Combined TRACON& Tower with Radar,6,33,49,2,90,0,49,15,0,64,6,82,64,2,154,34,0,34,188
12/19/2014,LFT,LA,ASW,CE,Combined TRACON& Tower with Radar,7,36,46,0,89,0,3,1,0,4,7,39,47,0,93,0,0,0,93
12/20/2014,LFT,LA,ASW,CE,Combined TRACON& Tower with Radar,5,37,32,2,76,0,4,1,0,5,5,41,33,2,81,0,0,0,81
12/21/2014,LFT,LA,ASW,CE,Combined TRACON& Tower with Radar,5,34,30,0,69,0,4,1,0,5,5,38,31,0,74,0,0,0,74
12/22/2014,LFT,LA,ASW,CE,Combined TRACON& Tower with Radar,6,36,28,0,70,0,15,8,0,23,6,51,36,0,93,30,0,30,123
12/23/2014,LFT,LA,ASW,CE,Combined TRACON& Tower with Radar,10,28,16,0,54,0,0,0,0,0,10,28,16,0,54,0,0,0,54
12/24/2014,LFT,LA,ASW,CE,Combined TRACON& Tower with Radar,6,26,10,0,42,0,8,4,0,12,6,34,14,0,54,0,0,0,54
12/25/2014,LFT,LA,ASW,CE,Combined TRACON& Tower with Radar,3,26,6,0,35,0,28,11,0,39,3,54,17,0,74,12,0,12,86
12/26/2014,LFT,LA,ASW,CE,Combined TRACON& Tower with Radar,4,35,29,0,68,0,31,6,0,37,4,66,35,0,105,11,0,11,116
12/27/2014,LFT,LA,ASW,CE,Combined TRACON& Tower with Radar,5,26,16,0,47,0,0,0,0,0,5,26,16,0,47,0,0,0,47
12/28/2014,LFT,LA,ASW,CE,Combined TRACON& Tower with Radar,4,36,19,0,59,0,1,0,0,1,4,37,19,0,60,0,0,0,60
12/29/2014,LFT,LA,ASW,CE,Combined TRACON& Tower with Radar,3,37,24,0,64,0,0,0,0,0,3,37,24,0,64,0,0,0,64
12/30/2014,LFT,LA,ASW,CE,Combined TRACON& Tower with Radar,7,49,31,0,87,0,0,2,0,2,7,49,33,0,89,0,0,0,89
12/31/2014,LFT,LA,ASW,CE,Combined TRACON& Tower with Radar,3,35,32,0,70,0,29,25,0,54,3,64,57,0,124,0,0,0,124
01/01/2015,LFT,LA,ASW,CE,Combined TRACON& Tower with Radar,3,21,9,0,33,0,7,5,0,12,3,28,14,0,45,0,0,0,45
01/02/2015,LFT,LA,ASW,CE,Combined TRACON& Tower with Radar,5,40,28,0,73,0,0,0,0,0,5,40,28,0,73,0,0,0,73
01/03/2015,LFT,LA,ASW,CE,Combined TRACON& Tower with Radar,5,29,11,0,45,0,0,0,0,0,5,29,11,0,45,0,0,0,45
01/04/2015,LFT,LA,ASW,CE,Combined TRACON& Tower with Radar,4,37,23,0,64,0,20,16,0,36,4,57,39,0,100,14,0,14,114
01/05/2015,LFT,LA,ASW,CE,Combined TRACON& Tower with Radar,5,34,21,0,60,0,28,21,0,49,5,62,42,0,109,34,0,34,143
01/06/2015,LFT,LA,ASW,CE,Combined TRACON& Tower with Radar,6,29,35,0,70,0,35,40,0,75,6,64,75,0,145,0,0,0,145
01/07/2015,LFT,LA,ASW,CE,Combined TRACON& Tower with Radar,6,36,26,2,70,0,27,27,0,54,6,63,53,2,124,0,0,0,124
01/08/2015,LFT,LA,ASW,CE,Combined TRACON& Tower with Radar,6,38,41,0,85,0,28,21,0,49,6,66,62,0,134,0,0,0,134
01/09/2015,LFT,LA,ASW,CE,Combined TRACON& Tower with Radar,6,38,30,0,74,0,12,1,0,13,6,50,31,0,87,0,0,0,87
01/10/2015,LFT,LA,ASW,CE,Combined TRACON& Tower with Radar,5,26,13,2,46,0,16,20,1,37,5,42,33,3,83,4,0,4,87
01/11/2015,LFT,LA,ASW,CE,Combined TRACON& Tower with Radar,6,36,25,0,67,0,0,4,0,4,6,36,29,0,71,0,0,0,71
01/12/2015,LFT,LA,ASW,CE,Combined TRACON& Tower with Radar,5,43,22,1,71,0,2,3,0,5,5,45,25,1,76,0,0,0,76
01/13/2015,LFT,LA,ASW,CE,Combined TRACON& Tower with Radar,5,36,33,0,74,0,33,2,0,35,5,69,35,0,109,0,0,0,109
01/14/2015,LFT,LA,ASW,CE,Combined TRACON& Tower with Radar,5,44,54,0,103,0,2,5,0,7,5,46,59,0,110,0,0,0,110
01/15/2015,LFT,LA,ASW,CE,Combined TRACON& Tower with Radar,6,46,37,0,89,0,7,9,0,16,6,53,46,0,105,0,0,0,105
01/16/2015,LFT,LA,ASW,CE,Combined TRACON& Tower with Radar,5,36,43,0,84,0,42,37,0,79,5,78,80,0,163,22,0,22,185
01/17/2015,LFT,LA,ASW,CE,Combined TRACON& Tower with Radar,5,37,22,0,64,0,19,26,0,45,5,56,48,0,109,6,2,8,117
01/18/2015,LFT,LA,ASW,CE,Combined TRACON& Tower with Radar,4,44,29,0,77,0,18,25,0,43,4,62,54,0,120,4,0,4,124
01/19/2015,LFT,LA,ASW,CE,Combined TRACON& Tower with Radar,5,37,37,0,79,0,36,40,0,76,5,73,77,0,155,24,0,24,179
01/20/2015,LFT,LA,ASW,CE,Combined TRACON& Tower with Radar,6,48,32,6,92,0,51,19,0,70,6,99,51,6,162,10,0,10,172
01/21/2015,LFT,LA,ASW,CE,Combined TRACON& Tower with Radar,5,45,45,5,100,0,36,30,1,67,5,81,75,6,167,12,0,12,179
01/22/2015,LFT,LA,ASW,CE,Combined TRACON& Tower with Radar,8,38,33,0,79,0,12,4,0,16,8,50,37,0,95,0,0,0,95
01/23/2015,LFT,LA,ASW,CE,Combined TRACON& Tower with Radar,5,48,27,0,80,0,7,0,0,7,5,55,27,0,87,0,0,0,87
01/24/2015,LFT,LA,ASW,CE,Combined TRACON& Tower with Radar,5,30,15,0,50,0,28,17,0,45,5,58,32,0,95,14,0,14,109
01/25/2015,LFT,LA,ASW,CE,Combined TRACON& Tower with Radar,6,45,39,0,90,0,44,20,0,64,6,89,59,0,154,10,2,12,166
01/26/2015,LFT,LA,ASW,CE,Combined TRACON& Tower with Radar,5,45,24,1,75,0,44,23,1,68,5,89,47,2,143,8,0,8,151
01/27/2015,LFT,LA,ASW,CE,Combined TRACON& Tower with Radar,6,36,27,2,71,0,55,20,0,75,6,91,47,2,146,10,0,10,156
01/28/2015,LFT,LA,ASW,CE,Combined TRACON& Tower with Radar,4,32,38,0,74,0,54,28,0,82,4,86,66,0,156,38,0,38,194
01/29/2015,LFT,LA,ASW,CE,Combined TRACON& Tower with Radar,6,37,43,0,86,0,67,26,0,93,6,104,69,0,179,2,0,2,181
01/30/2015,LFT,LA,ASW,CE,Combined TRACON& Tower with Radar,5,36,39,0,80,0,44,18,0,62,5,80,57,0,142,6,0,6,148
01/31/2015,LFT,LA,ASW,CE,Combined TRACON& Tower with Radar,5,27,20,1,53,0,23,24,0,47,5,50,44,1,100,10,0,10,110
02/01/2015,LFT,LA,ASW,CE,Combined TRACON& Tower with Radar,4,28,14,0,46,0,0,0,0,0,4,28,14,0,46,0,0,0,46
02/02/2015,LFT,LA,ASW,CE,Combined TRACON& Tower with Radar,5,41,37,0,83,0,15,9,0,24,5,56,46,0,107,26,0,26,133
02/03/2015,LFT,LA,ASW,CE,Combined TRACON& Tower with Radar,6,41,28,6,81,0,25,21,0,46,6,66,49,6,127,0,0,0,127
02/04/2015,LFT,LA,ASW,CE,Combined TRACON& Tower with Radar,7,31,35,0,73,0,0,0,0,0,7,31,35,0,73,0,0,0,73
02/05/2015,LFT,LA,ASW,CE,Combined TRACON& Tower with Radar,5,30,43,0,78,0,42,25,0,67,5,72,68,0,145,2,0,2,147
02/06/2015,LFT,LA,ASW,CE,Combined TRACON& Tower with Radar,5,41,30,0,76,0,38,48,0,86,5,79,78,0,162,16,0,16,178
02/07/2015,LFT,LA,ASW,CE,Combined TRACON& Tower with Radar,5,29,22,0,56,0,19,26,0,45,5,48,48,0,101,4,0,4,105
02/08/2015,LFT,LA,ASW,CE,Combined TRACON& Tower with Radar,4,37,31,0,72,0,20,13,0,33,4,57,44,0,105,12,0,12,117
02/09/2015,LFT,LA,ASW,CE,Combined TRACON& Tower with Radar,5,41,20,10,76,0,46,16,0,62,5,87,36,10,138,0,4,4,142
02/10/2015,LFT,LA,ASW,CE,Combined TRACON& Tower with Radar,6,33,30,0,69,0,46,30,0,76,6,79,60,0,145,16,0,16,161
02/11/2015,LFT,LA,ASW,CE,Combined TRACON& Tower with Radar,6,37,43,2,88,0,30,31,3,64,6,67,74,5,152,34,4,38,190
02/12/2015,LFT,LA,ASW,CE,Combined TRACON& Tower with Radar,5,40,40,0,85,0,53,26,0,79,5,93,66,0,164,2,0,2,166
02/13/2015,LFT,LA,ASW,CE,Combined TRACON& Tower with Radar,6,40,23,0,69,0,59,49,0,108,6,99,72,0,177,10,0,10,187
02/14/2015,LFT,LA,ASW,CE,Combined TRACON& Tower with Radar,5,41,34,0,80,0,21,31,0,52,5,62,65,0,132,20,0,20,152
02/15/2015,LFT,LA,ASW,CE,Combined TRACON& Tower with Radar,4,28,24,0,56,0,8,2,0,10,4,36,26,0,66,0,0,0,66
02/16/2015,LFT,LA,ASW,CE,Combined TRACON& Tower with Radar,5,40,12,0,57,0,11,2,0,13,5,51,14,0,70,0,0,0,70
02/17/2015,LFT,LA,ASW,CE,Combined TRACON& Tower with Radar,7,34,16,0,57,0,46,12,0,58,7,80,28,0,115,6,0,6,121
02/18/2015,LFT,LA,ASW,CE,Combined TRACON& Tower with Radar,7,34,37,0,78,0,36,28,0,64,7,70,65,0,142,18,0,18,160
02/19/2015,LFT,LA,ASW,CE,Combined TRACON& Tower with Radar,7,45,48,0,100,0,37,36,0,73,7,82,84,0,173,17,0,17,190
02/20/2015,LFT,LA,ASW,CE,Combined TRACON& Tower with Radar,6,42,29,0,77,0,40,25,0,65,6,82,54,0,142,12,0,12,154
02/21/2015,LFT,LA,ASW,CE,Combined TRACON& Tower with Radar,6,29,16,3,54,0,28,4,1,33,6,57,20,4,87,2,0,2,89
02/22/2015,LFT,LA,ASW,CE,Combined TRACON& Tower with Radar,4,31,33,0,68,0,16,8,0,24,4,47,41,0,92,0,0,0,92
02/23/2015,LFT,LA,ASW,CE,Combined TRACON& Tower with Radar,5,31,20,2,58,0,0,0,0,0,5,31,20,2,58,0,0,0,58
02/24/2015,LFT,LA,ASW,CE,Combined TRACON& Tower with Radar,7,31,28,2,68,0,12,6,0,18,7,43,34,2,86,0,0,0,86
02/25/2015,LFT,LA,ASW,CE,Combined TRACON& Tower with Radar,5,30,16,0,51,0,11,0,0,11,5,41,16,0,62,0,0,0,62
02/26/2015,LFT,LA,ASW,CE,Combined TRACON& Tower with Radar,6,39,45,14,104,0,44,21,0,65,6,83,66,14,169,26,16,42,211
02/27/2015,LFT,LA,ASW,CE,Combined TRACON& Tower with Radar,6,25,31,4,66,0,28,20,2,50,6,53,51,6,116,42,0,42,158
02/28/2015,LFT,LA,ASW,CE,Combined TRACON& Tower with Radar,5,15,25,15,60,0,15,21,2,38,5,30,46,17,98,2,2,4,102
03/01/2015,LFT,LA,ASW,CE,Combined TRACON& Tower with Radar,4,28,22,7,61,0,7,5,1,13,4,35,27,8,74,0,2,2,76
03/02/2015,LFT,LA,ASW,CE,Combined TRACON& Tower with Radar,5,38,15,0,58,0,0,0,0,0,5,38,15,0,58,0,0,0,58
03/03/2015,LFT,LA,ASW,CE,Combined TRACON& Tower with Radar,8,32,38,0,78,0,0,1,0,1,8,32,39,0,79,0,0,0,79
03/04/2015,LFT,LA,ASW,CE,Combined TRACON& Tower with Radar,7,33,23,0,63,0,18,2,0,20,7,51,25,0,83,0,2,2,85
03/05/2015,LFT,LA,ASW,CE,Combined TRACON& Tower with Radar,4,26,30,0,60,0,3,4,0,7,4,29,34,0,67,0,0,0,67
03/06/2015,LFT,LA,ASW,CE,Combined TRACON& Tower with Radar,6,37,34,1,78,0,31,41,1,73,6,68,75,2,151,12,0,12,163
03/07/2015,LFT,LA,ASW,CE,Combined TRACON& Tower with Radar,4,30,26,4,64,0,25,49,0,74,4,55,75,4,138,14,0,14,152
03/08/2015,LFT,LA,ASW,CE,Combined TRACON& Tower with Radar,4,36,20,2,62,0,20,14,0,34,4,56,34,2,96,0,0,0,96
03/09/2015,LFT,LA,ASW,CE,Combined TRACON& Tower with Radar,6,36,23,6,71,0,2,5,0,7,6,38,28,6,78,0,0,0,78
03/10/2015,LFT,LA,ASW,CE,Combined TRACON& Tower with Radar,5,28,21,1,55,0,1,1,0,2,5,29,22,1,57,0,0,0,57
03/11/2015,LFT,LA,ASW,CE,Combined TRACON& Tower with Radar,5,44,28,1,78,0,0,0,0,0,5,44,28,1,78,0,0,0,78
03/12/2015,LFT,LA,ASW,CE,Combined TRACON& Tower with Radar,7,35,20,0,62,0,2,0,0,2,7,37,20,0,64,0,0,0,64
03/13/2015,LFT,LA,ASW,CE,Combined TRACON& Tower with Radar,6,37,44,0,87,0,14,7,0,21,6,51,51,0,108,2,0,2,110
03/14/2015,LFT,LA,ASW,CE,Combined TRACON& Tower with Radar,4,28,27,0,59,0,27,26,0,53,4,55,53,0,112,20,0,20,132
03/15/2015,LFT,LA,ASW,CE,Combined TRACON& Tower with Radar,4,36,19,0,59,0,28,36,0,64,4,64,55,0,123,20,0,20,143
03/16/2015,LFT,LA,ASW,CE,Combined TRACON& Tower with Radar,5,39,47,0,91,0,25,30,0,55,5,64,77,0,146,12,4,16,162
03/17/2015,LFT,LA,ASW,CE,Combined TRACON& Tower with Radar,5,32,51,0,88,0,60,43,0,103,5,92,94,0,191,6,0,6,197
03/18/2015,LFT,LA,ASW,CE,Combined TRACON& Tower with Radar,7,34,50,2,93,0,29,18,1,48,7,63,68,3,141,18,0,18,159
03/19/2015,LFT,LA,ASW,CE,Combined TRACON& Tower with Radar,5,41,33,6,85,0,28,15,0,43,5,69,48,6,128,66,0,66,194
03/20/2015,LFT,LA,ASW,CE,Combined TRACON& Tower with Radar,6,35,45,0,86,0,24,7,0,31,6,59,52,0,117,10,0,10,127
03/21/2015,LFT,LA,ASW,CE,Combined TRACON& Tower with Radar,3,28,12,1,44,0,10,1,0,11,3,38,13,1,55,8,0,8,63
03/22/2015,LFT,LA,ASW,CE,Combined TRACON& Tower with Radar,4,38,25,5,72,0,21,2,0,23,4,59,27,5,95,0,4,4,99
03/23/2015,LFT,LA,ASW,CE,Combined TRACON& Tower with Radar,6,38,28,4,76,0,26,16,4,46,6,64,44,8,122,2,0,2,124
03/24/2015,LFT,LA,ASW,CE,Combined TRACON& Tower with Radar,7,36,38,4,85,0,41,31,0,72,7,77,69,4,157,30,2,32,189
03/25/2015,LFT,LA,ASW,CE,Combined TRACON& Tower with Radar,6,35,43,6,90,0,57,36,0,93,6,92,79,6,183,10,0,10,193
03/26/2015,LFT,LA,ASW,CE,Combined TRACON& Tower with Radar,6,38,34,0,78,0,10,3,0,13,6,48,37,0,91,0,0,0,91
03/27/2015,LFT,LA,ASW,CE,Combined TRACON& Tower with Radar,6,36,48,2,92,0,28,55,0,83,6,64,103,2,175,20,2,22,197
03/28/2015,LFT,LA,ASW,CE,Combined TRACON& Tower with Radar,3,34,38,1,76,0,66,45,0,111,3,100,83,1,187,30,0,30,217
03/29/2015,LFT,LA,ASW,CE,Combined TRACON& Tower with Radar,4,35,47,0,86,0,19,38,0,57,4,54,85,0,143,32,0,32,175
03/30/2015,LFT,LA,ASW,CE,Combined TRACON& Tower with Radar,5,39,27,0,71,0,18,16,0,34,5,57,43,0,105,10,2,12,117
03/31/2015,LFT,LA,ASW,CE,Combined TRACON& Tower with Radar,6,40,31,0,77,0,52,16,0,68,6,92,47,0,145,4,0,4,149
04/01/2015,LFT,LA,ASW,CE,Combined TRACON& Tower with Radar,7,48,42,5,102,0,65,25,1,91,7,113,67,6,193,38,0,38,231
04/02/2015,LFT,LA,ASW,CE,Combined TRACON& Tower with Radar,6,44,52,2,104,0,40,20,0,60,6,84,72,2,164,0,2,2,166
04/03/2015,LFT,LA,ASW,CE,Combined TRACON& Tower with Radar,6,42,33,4,85,0,39,18,0,57,6,81,51,4,142,8,4,12,154
04/04/2015,LFT,LA,ASW,CE,Combined TRACON& Tower with Radar,4,28,17,0,49,0,10,12,0,22,4,38,29,0,71,0,0,0,71
04/05/2015,LFT,LA,ASW,CE,Combined TRACON& Tower with Radar,4,30,32,0,66,0,15,9,0,24,4,45,41,0,90,2,0,2,92
04/06/2015,LFT,LA,ASW,CE,Combined TRACON& Tower with Radar,4,40,36,1,81,0,6,13,0,19,4,46,49,1,100,0,0,0,100
04/07/2015,LFT,LA,ASW,CE,Combined TRACON& Tower with Radar,4,31,25,4,64,0,37,49,0,86,4,68,74,4,150,8,0,8,158
04/08/2015,LFT,LA,ASW,CE,Combined TRACON& Tower with Radar,4,36,20,2,62,0,25,14,0,39,4,61,34,2,101,4,0,4,105
04/09/2015,LFT,LA,ASW,CE,Combined TRACON& Tower with Radar,6,37,23,6,72,0,36,5,0,41,6,73,28,6,113,16,0,16,129
04/10/2015,LFT,LA,ASW,CE,Combined TRACON& Tower with Radar,5,27,21,1,54,0,10,1,0,11,5,37,22,1,65,0,0,0,65
04/11/2015,LFT,LA,ASW,CE,Combined TRACON& Tower with Radar,5,34,28,1,68,0,4,0,0,4,5,38,28,1,72,0,0,0,72
04/12/2015,LFT,LA,ASW,CE,Combined TRACON& Tower with Radar,7,36,20,0,63,0,11,0,0,11,7,47,20,0,74,4,0,4,78
04/13/2015,LFT,LA,ASW,CE,Combined TRACON& Tower with Radar,6,34,44,0,84,0,19,7,0,26,6,53,51,0,110,20,0,20,130
04/14/2015,LFT,LA,ASW,CE,Combined TRACON& Tower with Radar,4,28,27,0,59,0,10,26,0,36,4,38,53,0,95,0,0,0,95
04/15/2015,LFT,LA,ASW,CE,Combined TRACON& Tower with Radar,4,47,19,0,70,0,29,36,0,65,4,76,55,0,135,34,0,34,169
04/16/2015,LFT,LA,ASW,CE,Combined TRACON& Tower with Radar,5,39,47,0,91,0,11,30,0,41,5,50,77,0,132,6,0,6,138
04/17/2015,LFT,LA,ASW,CE,Combined TRACON& Tower with Radar,5,32,51,0,88,0,33,43,0,76,5,65,94,0,164,36,0,36,200
04/18/2015,LFT,LA,ASW,CE,Combined TRACON& Tower with Radar,7,34,50,2,93,0,14,18,1,33,7,48,68,3,126,0,0,0,126
04/19/2015,LFT,LA,ASW,CE,Combined TRACON& Tower with Radar,5,41,33,6,85,0,23,15,0,38,5,64,48,6,123,34,0,34,157
04/20/2015,LFT,LA,ASW,CE,Combined TRACON& Tower with Radar,6,35,45,0,86,0,46,7,0,53,6,81,52,0,139,0,0,0,139
04/21/2015,LFT,LA,ASW,CE,Combined TRACON& Tower with Radar,3,30,12,1,46,0,46,1,0,47,3,76,13,1,93,10,0,10,103
04/22/2015,LFT,LA,ASW,CE,Combined TRACON& Tower with Radar,4,36,25,5,70,0,44,2,0,46,4,80,27,5,116,6,0,6,122
04/23/2015,LFT,LA,ASW,CE,Combined TRACON& Tower with Radar,6,38,28,4,76,0,36,16,4,56,6,74,44,8,132,14,3,17,149
04/24/2015,LFT,LA,ASW,CE,Combined TRACON& Tower with Radar,7,48,30,4,89,0,16,31,0,47,7,64,61,4,136,0,0,0,136
04/25/2015,LFT,LA,ASW,CE,Combined TRACON& Tower with Radar,6,35,43,6,90,0,14,36,0,50,6,49,79,6,140,0,0,0,140
04/26/2015,LFT,LA,ASW,CE,Combined TRACON& Tower with Radar,6,38,34,0,78,0,22,3,0,25,6,60,37,0,103,3,0,3,106
04/27/2015,LFT,LA,ASW,CE,Combined TRACON& Tower with Radar,6,55,35,1,97,0,22,39,0,61,6,77,74,1,158,0,0,0,158
04/28/2015,LFT,LA,ASW,CE,Combined TRACON& Tower with Radar,5,46,31,0,82,0,29,7,0,36,5,75,38,0,118,28,0,28,146
04/29/2015,LFT,LA,ASW,CE,Combined TRACON& Tower with Radar,7,43,45,2,97,0,64,17,3,84,7,107,62,5,181,4,4,8,189
04/30/2015,LFT,LA,ASW,CE,Combined TRACON& Tower with Radar,5,46,36,2,89,0,67,30,0,97,5,113,66,2,186,14,0,14,200
05/01/2015,LFT,LA,ASW,CE,Combined TRACON& Tower with Radar,5,43,39,4,91,0,47,33,0,80,5,90,72,4,171,4,0,4,175
05/02/2015,LFT,LA,ASW,CE,Combined TRACON& Tower with Radar,5,28,15,0,48,0,22,24,1,47,5,50,39,1,95,6,0,6,101
05/03/2015,LFT,LA,ASW,CE,Combined TRACON& Tower with Radar,9,33,39,1,82,0,27,35,0,62,9,60,74,1,144,18,0,18,162
05/04/2015,LFT,LA,ASW,CE,Combined TRACON& Tower with Radar,6,44,37,2,89,0,56,8,0,64,6,100,45,2,153,0,0,0,153
05/05/2015,LFT,LA,ASW,CE,Combined TRACON& Tower with Radar,7,41,24,12,84,0,71,15,1,87,7,112,39,13,171,0,8,8,179
05/06/2015,LFT,LA,ASW,CE,Combined TRACON& Tower with Radar,5,37,27,0,69,0,50,15,0,65,5,87,42,0,134,6,0,6,140
05/07/2015,LFT,LA,ASW,CE,Combined TRACON& Tower with Radar,7,40,50,1,98,0,46,14,0,60,7,86,64,1,158,4,0,4,162
05/08/2015,LFT,LA,ASW,CE,Combined TRACON& Tower with Radar,8,40,59,6,113,0,41,20,0,61,8,81,79,6,174,10,4,14,188
05/09/2015,LFT,LA,ASW,CE,Combined TRACON& Tower with Radar,5,32,29,0,66,0,15,16,0,31,5,47,45,0,97,2,0,2,99
05/10/2015,LFT,LA,ASW,CE,Combined TRACON& Tower with Radar,6,43,19,0,68,0,23,6,0,29,6,66,25,0,97,8,0,8,105
05/11/2015,LFT,LA,ASW,CE,Combined TRACON& Tower with Radar,5,35,16,0,56,0,10,3,0,13,5,45,19,0,69,0,0,0,69
05/12/2015,LFT,LA,ASW,CE,Combined TRACON& Tower with Radar,7,38,30,0,75,0,19,7,0,26,7,57,37,0,101,1,0,1,102
05/13/2015,LFT,LA,ASW,CE,Combined TRACON& Tower with Radar,7,44,37,6,94,0,34,12,0,46,7,78,49,6,140,0,2,2,142
05/14/2015,LFT,LA,ASW,CE,Combined TRACON& Tower with Radar,5,49,43,0,97,0,51,26,0,77,5,100,69,0,174,6,0,6,180
05/15/2015,LFT,LA,ASW,CE,Combined TRACON& Tower with Radar,6,38,33,1,78,0,29,12,0,41,6,67,45,1,119,0,0,0,119
05/16/2015,LFT,LA,ASW,CE,Combined TRACON& Tower with Radar,5,26,17,3,51,0,22,0,0,22,5,48,17,3,73,30,8,38,111
05/17/2015,LFT,LA,ASW,CE,Combined TRACON& Tower with Radar,4,29,31,0,64,0,22,11,0,33,4,51,42,0,97,2,0,2,99
05/18/2015,LFT,LA,ASW,CE,Combined TRACON& Tower with Radar,5,43,33,0,81,0,41,9,1,51,5,84,42,1,132,0,0,0,132
05/19/2015,LFT,LA,ASW,CE,Combined TRACON& Tower with Radar,9,40,35,3,87,0,24,6,0,30,9,64,41,3,117,0,0,0,117
05/20/2015,LFT,LA,ASW,CE,Combined TRACON& Tower with Radar,5,44,48,3,100,0,47,15,1,63,5,91,63,4,163,0,0,0,163
05/21/2015,LFT,LA,ASW,CE,Combined TRACON& Tower with Radar,5,41,50,0,96,0,41,16,0,57,5,82,66,0,153,0,0,0,153
05/22/2015,LFT,LA,ASW,CE,Combined TRACON& Tower with Radar,6,39,32,0,77,0,19,15,0,34,6,58,47,0,111,0,0,0,111
05/23/2015,LFT,LA,ASW,CE,Combined TRACON& Tower with Radar,5,32,19,0,56,0,21,12,0,33,5,53,31,0,89,16,4,20,109
05/24/2015,LFT,LA,ASW,CE,Combined TRACON& Tower with Radar,4,24,17,0,45,0,29,1,0,30,4,53,18,0,75,0,0,0,75
05/25/2015,LFT,LA,ASW,CE,Combined TRACON& Tower with Radar,5,37,24,2,68,0,24,18,0,42,5,61,42,2,110,12,0,12,122
05/26/2015,LFT,LA,ASW,CE,Combined TRACON& Tower with Radar,8,33,26,2,69,0,29,18,0,47,8,62,44,2,116,2,0,2,118
05/27/2015,LFT,LA,ASW,CE,Combined TRACON& Tower with Radar,5,36,26,0,67,0,17,6,0,23,5,53,32,0,90,12,0,12,102
05/28/2015,LFT,LA,ASW,CE,Combined TRACON& Tower with Radar,6,46,31,0,83,0,47,22,2,71,6,93,53,2,154,4,0,4,158
05/29/2015,LFT,LA,ASW,CE,Combined TRACON& Tower with Radar,5,34,42,0,81,0,36,10,0,46,5,70,52,0,127,0,0,0,127
05/30/2015,LFT,LA,ASW,CE,Combined TRACON& Tower with Radar,5,28,34,0,67,0,4,18,0,22,5,32,52,0,89,0,0,0,89
05/31/2015,LFT,LA,ASW,CE,Combined TRACON& Tower with Radar,5,26,33,0,64,0,9,9,0,18,5,35,42,0,82,22,0,22,104
06/01/2015,LFT,LA,ASW,CE,Combined TRACON& Tower with Radar,5,47,24,0,76,0,42,15,0,57,5,89,39,0,133,18,0,18,151
06/02/2015,LFT,LA,ASW,CE,Combined TRACON& Tower with Radar,5,38,33,6,82,0,46,36,0,82,5,84,69,6,164,30,0,30,194
06/03/2015,LFT,LA,ASW,CE,Combined TRACON& Tower with Radar,5,46,41,0,92,0,58,44,0,102,5,104,85,0,194,24,0,24,218
06/04/2015,LFT,LA,ASW,CE,Combined TRACON& Tower with Radar,6,38,39,0,83,0,46,35,0,81,6,84,74,0,164,20,0,20,184
06/05/2015,LFT,LA,ASW,CE,Combined TRACON& Tower with Radar,6,37,28,6,77,0,44,29,0,73,6,81,57,6,150,0,0,0,150
06/06/2015,LFT,LA,ASW,CE,Combined TRACON& Tower with Radar,5,38,26,6,75,0,24,40,0,64,5,62,66,6,139,12,0,12,151
06/07/2015,LFT,LA,ASW,CE,Combined TRACON& Tower with Radar,2,42,27,0,71,0,19,25,1,45,2,61,52,1,116,0,0,0,116
06/08/2015,LFT,LA,ASW,CE,Combined TRACON& Tower with Radar,5,48,25,4,82,0,15,16,0,31,5,63,41,4,113,0,0,0,113
06/09/2015,LFT,LA,ASW,CE,Combined TRACON& Tower with Radar,5,40,35,0,80,0,34,12,0,46,5,74,47,0,126,30,0,30,156
06/10/2015,LFT,LA,ASW,CE,Combined TRACON& Tower with Radar,4,45,60,8,117,0,76,24,0,100,4,121,84,8,217,6,0,6,223
06/11/2015,LFT,LA,ASW,CE,Combined TRACON& Tower with Radar,7,40,47,0,94,0,30,10,0,40,7,70,57,0,134,12,0,12,146
06/12/2015,LFT,LA,ASW,CE,Combined TRACON& Tower with Radar,6,33,32,0,71,0,58,8,1,67,6,91,40,1,138,0,0,0,138
06/13/2015,LFT,LA,ASW,CE,Combined TRACON& Tower with Radar,5,34,29,0,68,0,9,1,0,10,5,43,30,0,78,2,0,2,80
06/14/2015,LFT,LA,ASW,CE,Combined TRACON& Tower with Radar,2,37,38,2,79,0,22,14,0,36,2,59,52,2,115,8,0,8,123
06/15/2015,LFT,LA,ASW,CE,Combined TRACON& Tower with Radar,5,40,31,1,77,0,14,7,1,22,5,54,38,2,99,0,0,0,99
06/16/2015,LFT,LA,ASW,CE,Combined TRACON& Tower with Radar,6,40,29,0,75,0,39,8,0,47,6,79,37,0,122,6,0,6,128
06/17/2015,LFT,LA,ASW,CE,Combined TRACON& Tower with Radar,4,35,25,10,74,0,30,18,0,48,4,65,43,10,122,12,8,20,142
06/18/2015,LFT,LA,ASW,CE,Combined TRACON& Tower with Radar,6,43,46,0,95,0,41,11,0,52,6,84,57,0,147,4,0,4,151
06/19/2015,LFT,LA,ASW,CE,Combined TRACON& Tower with Radar,6,37,32,0,75,0,61,23,0,84,6,98,55,0,159,4,0,4,163
06/20/2015,LFT,LA,ASW,CE,Combined TRACON& Tower with Radar,6,27,23,12,68,0,15,22,0,37,6,42,45,12,105,12,0,12,117
06/21/2015,LFT,LA,ASW,CE,Combined TRACON& Tower with Radar,2,37,25,0,64,0,17,16,1,34,2,54,41,1,98,18,0,18,116
06/22/2015,LFT,LA,ASW,CE,Combined TRACON& Tower with Radar,5,34,39,10,88,0,48,24,0,72,5,82,63,10,160,4,0,4,164
06/23/2015,LFT,LA,ASW,CE,Combined TRACON& Tower with Radar,5,39,26,1,71,0,48,14,1,63,5,87,40,2,134,0,0,0,134
06/24/2015,LFT,LA,ASW,CE,Combined TRACON& Tower with Radar,3,48,37,0,88,0,38,29,0,67,3,86,66,0,155,6,0,6,161
06/25/2015,LFT,LA,ASW,CE,Combined TRACON& Tower with Radar,5,39,48,2,94,0,37,24,0,61,5,76,72,2,155,23,0,23,178
06/26/2015,LFT,LA,ASW,CE,Combined TRACON& Tower with Radar,6,42,35,0,83,0,17,17,0,34,6,59,52,0,117,4,0,4,121
06/27/2015,LFT,LA,ASW,CE,Combined TRACON& Tower with Radar,5,30,21,0,56,0,11,17,1,29,5,41,38,1,85,16,0,16,101
06/28/2015,LFT,LA,ASW,CE,Combined TRACON& Tower with Radar,1,38,35,0,74,0,21,12,0,33,1,59,47,0,107,14,0,14,121
06/29/2015,LFT,LA,ASW,CE,Combined TRACON& Tower with Radar,5,42,28,4,79,0,37,14,0,51,5,79,42,4,130,0,0,0,130
06/30/2015,LFT,LA,ASW,CE,Combined TRACON& Tower with Radar,7,33,39,0,79,0,38,9,0,47,7,71,48,0,126,0,0,0,126
07/01/2015,LFT,LA,ASW,CE,Combined TRACON& Tower with Radar,5,41,48,0,94,0,42,12,0,54,5,83,60,0,148,4,0,4,152
07/02/2015,LFT,LA,ASW,CE,Combined TRACON& Tower with Radar,5,36,40,4,85,0,38,29,0,67,5,74,69,4,152,2,10,12,164
07/03/2015,LFT,LA,ASW,CE,Combined TRACON& Tower with Radar,4,35,25,0,64,0,20,19,0,39,4,55,44,0,103,10,14,24,127
07/04/2015,LFT,LA,ASW,CE,Combined TRACON& Tower with Radar,2,19,8,0,29,0,13,4,0,17,2,32,12,0,46,4,0,4,50
07/05/2015,LFT,LA,ASW,CE,Combined TRACON& Tower with Radar,6,38,22,0,66,0,18,5,0,23,6,56,27,0,89,14,0,14,103
07/06/2015,LFT,LA,ASW,CE,Combined TRACON& Tower with Radar,5,46,38,2,91,0,41,20,1,62,5,87,58,3,153,0,0,0,153
07/07/2015,LFT,LA,ASW,CE,Combined TRACON& Tower with Radar,4,36,26,2,68,0,59,21,0,80,4,95,47,2,148,14,2,16,164
07/08/2015,LFT,LA,ASW,CE,Combined TRACON& Tower with Radar,5,48,44,4,101,0,60,13,0,73,5,108,57,4,174,6,14,20,194
07/09/2015,LFT,LA,ASW,CE,Combined TRACON& Tower with Radar,8,48,34,8,98,0,43,25,0,68,8,91,59,8,166,10,0,10,176
07/10/2015,LFT,LA,ASW,CE,Combined TRACON& Tower with Radar,6,39,35,4,84,0,24,21,1,46,6,63,56,5,130,0,12,12,142
07/11/2015,LFT,LA,ASW,CE,Combined TRACON& Tower with Radar,3,36,19,0,58,0,23,17,1,41,3,59,36,1,99,12,0,12,111
07/12/2015,LFT,LA,ASW,CE,Combined TRACON& Tower with Radar,4,36,37,6,83,0,10,39,0,49,4,46,76,6,132,8,0,8,140
07/13/2015,LFT,LA,ASW,CE,Combined TRACON& Tower with Radar,5,41,23,4,73,0,50,15,0,65,5,91,38,4,138,4,0,4,142
07/14/2015,LFT,LA,ASW,CE,Combined TRACON& Tower with Radar,6,37,28,0,71,0,52,14,0,66,6,89,42,0,137,2,0,2,139
07/15/2015,LFT,LA,ASW,CE,Combined TRACON& Tower with Radar,5,38,27,0,70,0,46,23,0,69,5,84,50,0,139,20,0,20,159
07/16/2015,LFT,LA,ASW,CE,Combined TRACON& Tower with Radar,5,42,45,4,96,0,64,31,0,95,5,106,76,4,191,0,4,4,195
07/17/2015,LFT,LA,ASW,CE,Combined TRACON& Tower with Radar,6,38,35,0,79,0,44,25,0,69,6,82,60,0,148,34,0,34,182
07/18/2015,LFT,LA,ASW,CE,Combined TRACON& Tower with Radar,3,31,26,0,60,0,15,34,0,49,3,46,60,0,109,38,0,38,147
07/19/2015,LFT,LA,ASW,CE,Combined TRACON& Tower with Radar,4,31,22,0,57,0,4,24,0,28,4,35,46,0,85,29,0,29,114
07/20/2015,LFT,LA,ASW,CE,Combined TRACON& Tower with Radar,5,42,23,4,74,0,24,19,0,43,5,66,42,4,117,4,4,8,125
07/21/2015,LFT,LA,ASW,CE,Combined TRACON& Tower with Radar,6,38,22,3,69,0,36,24,2,62,6,74,46,5,131,0,0,0,131
07/22/2015,LFT,LA,ASW,CE,Combined TRACON& Tower with Radar,6,49,44,7,106,0,49,29,0,78,6,98,73,7,184,16,0,16,200
07/23/2015,LFT,LA,ASW,CE,Combined TRACON& Tower with Radar,5,36,40,10,91,0,63,27,2,92,5,99,67,12,183,0,0,0,183
07/24/2015,LFT,LA,ASW,CE,Combined TRACON& Tower with Radar,6,39,31,2,78,0,34,26,0,60,6,73,57,2,138,0,0,0,138
07/25/2015,LFT,LA,ASW,CE,Combined TRACON& Tower with Radar,3,29,29,0,61,0,20,28,0,48,3,49,57,0,109,38,2,40,149
07/26/2015,LFT,LA,ASW,CE,Combined TRACON& Tower with Radar,4,32,31,0,67,0,30,23,0,53,4,62,54,0,120,20,0,20,140
07/27/2015,LFT,LA,ASW,CE,Combined TRACON& Tower with Radar,5,39,35,0,79,0,38,16,0,54,5,77,51,0,133,0,0,0,133
07/28/2015,LFT,LA,ASW,CE,Combined TRACON& Tower with Radar,7,35,32,4,78,0,23,19,0,42,7,58,51,4,120,3,0,3,123
07/29/2015,LFT,LA,ASW,CE,Combined TRACON& Tower with Radar,5,43,36,0,84,0,30,20,0,50,5,73,56,0,134,33,0,33,167
07/30/2015,LFT,LA,ASW,CE,Combined TRACON& Tower with Radar,5,38,43,0,86,0,32,20,0,52,5,70,63,0,138,2,0,2,140
07/31/2015,LFT,LA,ASW,CE,Combined TRACON& Tower with Radar,6,40,22,2,70,0,37,21,0,58,6,77,43,2,128,2,0,2,130
08/01/2015,LFT,LA,ASW,CE,Combined TRACON& Tower with Radar,3,27,14,0,44,0,37,32,0,69,3,64,46,0,113,37,0,37,150
08/02/2015,LFT,LA,ASW,CE,Combined TRACON& Tower with Radar,4,36,30,2,72,0,22,34,0,56,4,58,64,2,128,22,4,26,154
08/03/2015,LFT,LA,ASW,CE,Combined TRACON& Tower with Radar,4,36,23,11,74,0,36,15,0,51,4,72,38,11,125,4,6,10,135
08/04/2015,LFT,LA,ASW,CE,Combined TRACON& Tower with Radar,5,33,40,0,78,0,26,28,0,54,5,59,68,0,132,0,0,0,132
08/05/2015,LFT,LA,ASW,CE,Combined TRACON& Tower with Radar,5,41,36,0,82,0,40,19,0,59,5,81,55,0,141,10,0,10,151
08/06/2015,LFT,LA,ASW,CE,Combined TRACON& Tower with Radar,8,47,35,6,96,0,34,30,0,64,8,81,65,6,160,10,10,20,180
08/07/2015,LFT,LA,ASW,CE,Combined TRACON& Tower with Radar,6,40,38,1,85,0,49,26,1,76,6,89,64,2,161,22,2,24,185
08/08/2015,LFT,LA,ASW,CE,Combined TRACON& Tower with Radar,4,29,15,0,48,0,35,12,0,47,4,64,27,0,95,12,0,12,107
08/09/2015,LFT,LA,ASW,CE,Combined TRACON& Tower with Radar,4,34,26,0,64,0,26,26,1,53,4,60,52,1,117,4,0,4,121
08/10/2015,LFT,LA,ASW,CE,Combined TRACON& Tower with Radar,4,39,36,0,79,0,44,30,1,75,4,83,66,1,154,0,0,0,154
08/11/2015,LFT,LA,ASW,CE,Combined TRACON& Tower with Radar,6,30,34,0,70,0,44,18,0,62,6,74,52,0,132,22,0,22,154
08/12/2015,LFT,LA,ASW,CE,Combined TRACON& Tower with Radar,5,38,41,1,85,0,54,27,0,81,5,92,68,1,166,2,0,2,168
08/13/2015,LFT,LA,ASW,CE,Combined TRACON& Tower with Radar,4,38,43,2,87,0,53,20,0,73,4,91,63,2,160,4,2,6,166
08/14/2015,LFT,LA,ASW,CE,Combined TRACON& Tower with Radar,6,40,22,6,74,0,41,30,0,71,6,81,52,6,145,20,0,20,165
08/15/2015,LFT,LA,ASW,CE,Combined TRACON& Tower with Radar,3,32,13,0,48,0,9,27,0,36,3,41,40,0,84,18,0,18,102
08/16/2015,LFT,LA,ASW,CE,Combined TRACON& Tower with Radar,4,31,19,0,54,0,7,16,0,23,4,38,35,0,77,2,0,2,79
08/17/2015,LFT,LA,ASW,CE,Combined TRACON& Tower with Radar,6,34,33,0,73,0,19,7,0,26,6,53,40,0,99,0,0,0,99
08/18/2015,LFT,LA,ASW,CE,Combined TRACON& Tower with Radar,8,33,26,2,69,0,19,13,0,32,8,52,39,2,101,0,0,0,101
08/19/2015,LFT,LA,ASW,CE,Combined TRACON& Tower with Radar,8,37,18,3,66,0,7,15,0,22,8,44,33,3,88,0,2,2,90
08/20/2015,LFT,LA,ASW,CE,Combined TRACON& Tower with Radar,5,30,54,0,89,0,15,4,0,19,5,45,58,0,108,4,0,4,112
08/21/2015,LFT,LA,ASW,CE,Combined TRACON& Tower with Radar,5,40,17,0,62,0,30,5,0,35,5,70,22,0,97,12,0,12,109
08/22/2015,LFT,LA,ASW,CE,Combined TRACON& Tower with Radar,7,18,13,0,38,0,11,11,0,22,7,29,24,0,60,14,0,14,74
08/23/2015,LFT,LA,ASW,CE,Combined TRACON& Tower with Radar,8,26,26,0,60,0,17,29,0,46,8,43,55,0,106,0,0,0,106
08/24/2015,LFT,LA,ASW,CE,Combined TRACON& Tower with Radar,8,39,35,2,84,0,51,20,0,71,8,90,55,2,155,10,0,10,165
08/25/2015,LFT,LA,ASW,CE,Combined TRACON& Tower with Radar,14,29,36,6,85,0,27,26,0,53,14,56,62,6,138,20,0,20,158
08/26/2015,LFT,LA,ASW,CE,Combined TRACON& Tower with Radar,10,36,38,2,86,0,40,21,0,61,10,76,59,2,147,4,0,4,151
08/27/2015,LFT,LA,ASW,CE,Combined TRACON& Tower with Radar,9,39,58,0,106,0,67,43,0,110,9,106,101,0,216,9,0,9,225
08/28/2015,LFT,LA,ASW,CE,Combined TRACON& Tower with Radar,8,32,27,8,75,0,59,21,0,80,8,91,48,8,155,20,0,20,175
08/29/2015,LFT,LA,ASW,CE,Combined TRACON& Tower with Radar,7,16,16,2,41,0,33,21,0,54,7,49,37,2,95,17,2,19,114
08/30/2015,LFT,LA,ASW,CE,Combined TRACON& Tower with Radar,6,29,23,0,58,0,19,23,1,43,6,48,46,1,101,12,0,12,113
08/31/2015,LFT,LA,ASW,CE,Combined TRACON& Tower with Radar,10,36,23,0,69,0,33,15,0,48,10,69,38,0,117,12,0,12,129
09/01/2015,LFT,LA,ASW,CE,Combined TRACON& Tower with Radar,9,34,29,1,73,0,31,23,0,54,9,65,52,1,127,20,0,20,147
09/02/2015,LFT,LA,ASW,CE,Combined TRACON& Tower with Radar,7,40,35,0,82,0,44,22,0,66,7,84,57,0,148,6,0,6,154
09/03/2015,LFT,LA,ASW,CE,Combined TRACON& Tower with Radar,7,43,58,1,109,0,21,29,0,50,7,64,87,1,159,22,0,22,181
09/04/2015,LFT,LA,ASW,CE,Combined TRACON& Tower with Radar,7,41,47,1,96,0,11,17,0,28,7,52,64,1,124,0,2,2,126
09/05/2015,LFT,LA,ASW,CE,Combined TRACON& Tower with Radar,8,18,18,0,44,0,22,13,0,35,8,40,31,0,79,10,0,10,89
09/06/2015,LFT,LA,ASW,CE,Combined TRACON& Tower with Radar,5,23,5,1,34,0,20,13,0,33,5,43,18,1,67,16,0,16,83
09/07/2015,LFT,LA,ASW,CE,Combined TRACON& Tower with Radar,6,40,44,0,90,0,20,36,0,56,6,60,80,0,146,20,0,20,166
09/08/2015,LFT,LA,ASW,CE,Combined TRACON& Tower with Radar,9,39,37,0,85,0,69,37,0,106,9,108,74,0,191,15,0,15,206
09/09/2015,LFT,LA,ASW,CE,Combined TRACON& Tower with Radar,6,40,35,0,81,0,58,17,0,75,6,98,52,0,156,14,0,14,170
09/10/2015,LFT,LA,ASW,CE,Combined TRACON& Tower with Radar,6,45,34,2,87,0,25,9,2,36,6,70,43,4,123,0,0,0,123
09/11/2015,LFT,LA,ASW,CE,Combined TRACON& Tower with Radar,5,35,20,0,60,0,2,2,0,4,5,37,22,0,64,8,0,8,72
09/12/2015,LFT,LA,ASW,CE,Combined TRACON& Tower with Radar,4,23,21,7,55,0,40,29,1,70,4,63,50,8,125,16,4,20,145
09/13/2015,LFT,LA,ASW,CE,Combined TRACON& Tower with Radar,4,33,24,0,61,0,34,33,0,67,4,67,57,0,128,8,0,8,136
09/14/2015,LFT,LA,ASW,CE,Combined TRACON& Tower with Radar,7,38,33,0,78,0,55,26,1,82,7,93,59,1,160,8,0,8,168
09/15/2015,LFT,LA,ASW,CE,Combined TRACON& Tower with Radar,6,38,25,0,69,0,32,32,0,64,6,70,57,0,133,62,0,62,195
09/16/2015,LFT,LA,ASW,CE,Combined TRACON& Tower with Radar,5,41,28,4,78,0,55,19,0,74,5,96,47,4,152,8,2,10,162
09/17/2015,LFT,LA,ASW,CE,Combined TRACON& Tower with Radar,7,35,36,0,78,0,43,26,2,71,7,78,62,2,149,0,0,0,149
09/18/2015,LFT,LA,ASW,CE,Combined TRACON& Tower with Radar,8,38,55,2,103,0,25,19,0,44,8,63,74,2,147,8,0,8,155
09/19/2015,LFT,LA,ASW,CE,Combined TRACON& Tower with Radar,6,19,13,6,44,0,18,17,0,35,6,37,30,6,79,0,0,0,79
09/20/2015,LFT,LA,ASW,CE,Combined TRACON& Tower with Radar,5,35,26,0,66,0,17,37,0,54,5,52,63,0,120,0,0,0,120
09/21/2015,LFT,LA,ASW,CE,Combined TRACON& Tower with Radar,6,37,30,8,81,0,50,14,0,64,6,87,44,8,145,12,0,12,157
09/22/2015,LFT,LA,ASW,CE,Combined TRACON& Tower with Radar,5,44,36,0,85,0,42,34,0,76,5,86,70,0,161,7,0,7,168
09/23/2015,LFT,LA,ASW,CE,Combined TRACON& Tower with Radar,6,45,33,1,85,0,53,30,1,84,6,98,63,2,169,14,0,14,183
09/24/2015,LFT,LA,ASW,CE,Combined TRACON& Tower with Radar,6,35,32,2,75,0,41,30,0,71,6,76,62,2,146,10,2,12,158
09/25/2015,LFT,LA,ASW,CE,Combined TRACON& Tower with Radar,6,39,26,4,75,0,59,31,0,90,6,98,57,4,165,0,2,2,167
09/26/2015,LFT,LA,ASW,CE,Combined TRACON& Tower with Radar,4,25,25,0,54,0,17,41,0,58,4,42,66,0,112,8,0,8,120
09/27/2015,LFT,LA,ASW,CE,Combined TRACON& Tower with Radar,2,38,32,0,72,0,15,8,0,23,2,53,40,0,95,0,0,0,95
09/28/2015,LFT,LA,ASW,CE,Combined TRACON& Tower with Radar,3,37,23,0,63,0,10,2,0,12,3,47,25,0,75,0,0,0,75
09/29/2015,LFT,LA,ASW,CE,Combined TRACON& Tower with Radar,5,41,30,1,77,0,24,12,1,37,5,65,42,2,114,2,0,2,116
09/30/2015,LFT,LA,ASW,CE,Combined TRACON& Tower with Radar,3,46,45,3,97,0,52,25,0,77,3,98,70,3,174,6,4,10,184
10/01/2015,LFT,LA,ASW,CE,Combined TRACON& Tower with Radar,5,43,37,8,93,0,44,43,0,87,5,87,80,8,180,12,4,16,196
10/02/2015,LFT,LA,ASW,CE,Combined TRACON& Tower with Radar,4,43,30,18,95,0,55,26,5,86,4,98,56,23,181,2,14,16,197
10/03/2015,LFT,LA,ASW,CE,Combined TRACON& Tower with Radar,3,30,17,2,52,0,13,22,0,35,3,43,39,2,87,14,0,14,101
10/04/2015,LFT,LA,ASW,CE,Combined TRACON& Tower with Radar,2,40,36,1,79,0,15,15,0,30,2,55,51,1,109,0,0,0,109
10/05/2015,LFT,LA,ASW,CE,Combined TRACON& Tower with Radar,3,42,27,6,78,0,42,27,0,69,3,84,54,6,147,0,6,6,153
10/06/2015,LFT,LA,ASW,CE,Combined TRACON& Tower with Radar,4,37,41,0,82,0,41,29,0,70,4,78,70,0,152,12,1,13,165
10/07/2015,LFT,LA,ASW,CE,Combined TRACON& Tower with Radar,3,44,34,4,85,0,30,46,0,76,3,74,80,4,161,0,4,4,165
10/08/2015,LFT,LA,ASW,CE,Combined TRACON& Tower with Radar,5,59,48,13,125,0,89,24,2,115,5,148,72,15,240,2,23,25,265
10/09/2015,LFT,LA,ASW,CE,Combined TRACON& Tower with Radar,6,37,35,2,80,0,53,16,0,69,6,90,51,2,149,0,0,0,149
10/10/2015,LFT,LA,ASW,CE,Combined TRACON& Tower with Radar,3,29,24,0,56,0,17,15,0,32,3,46,39,0,88,16,0,16,104
10/11/2015,LFT,LA,ASW,CE,Combined TRACON& Tower with Radar,2,42,27,0,71,0,22,21,0,43,2,64,48,0,114,16,0,16,130
10/12/2015,LFT,LA,ASW,CE,Combined TRACON& Tower with Radar,5,37,48,6,96,0,29,27,0,56,5,66,75,6,152,12,12,24,176
10/13/2015,LFT,LA,ASW,CE,Combined TRACON& Tower with Radar,5,34,27,4,70,0,43,17,0,60,5,77,44,4,130,4,0,4,134
10/14/2015,LFT,LA,ASW,CE,Combined TRACON& Tower with Radar,5,54,29,6,94,0,42,36,2,80,5,96,65,8,174,29,4,33,207
10/15/2015,LFT,LA,ASW,CE,Combined TRACON& Tower with Radar,6,42,29,6,83,0,57,15,0,72,6,99,44,6,155,10,0,10,165
10/16/2015,LFT,LA,ASW,CE,Combined TRACON& Tower with Radar,3,39,30,3,75,0,60,22,1,83,3,99,52,4,158,40,0,40,198
10/17/2015,LFT,LA,ASW,CE,Combined TRACON& Tower with Radar,3,24,17,1,45,0,30,18,0,48,3,54,35,1,93,2,0,2,95
10/18/2015,LFT,LA,ASW,CE,Combined TRACON& Tower with Radar,2,41,25,1,69,0,16,15,1,32,2,57,40,2,101,6,0,6,107
10/19/2015,LFT,LA,ASW,CE,Combined TRACON& Tower with Radar,7,39,35,0,81,0,44,20,0,64,7,83,55,0,145,10,0,10,155
10/20/2015,LFT,LA,ASW,CE,Combined TRACON& Tower with Radar,5,44,28,0,77,0,40,16,0,56,5,84,44,0,133,4,0,4,137
10/21/2015,LFT,LA,ASW,CE,Combined TRACON& Tower with Radar,5,47,43,0,95,0,69,24,0,93,5,116,67,0,188,14,0,14,202
10/22/2015,LFT,LA,ASW,CE,Combined TRACON& Tower with Radar,5,30,33,5,73,0,31,12,0,43,5,61,45,5,116,42,4,46,162
10/23/2015,LFT,LA,ASW,CE,Combined TRACON& Tower with Radar,3,36,47,2,88,0,27,5,0,32,3,63,52,2,120,2,0,2,122
10/24/2015,LFT,LA,ASW,CE,Combined TRACON& Tower with Radar,3,32,14,1,50,0,15,0,0,15,3,47,14,1,65,0,0,0,65
10/25/2015,LFT,LA,ASW,CE,Combined TRACON& Tower with Radar,3,30,9,0,42,0,0,0,0,0,3,30,9,0,42,0,0,0,42
10/26/2015,LFT,LA,ASW,CE,Combined TRACON& Tower with Radar,7,46,22,0,75,0,2,0,0,2,7,48,22,0,77,0,0,0,77
10/27/2015,LFT,LA,ASW,CE,Combined TRACON& Tower with Radar,10,40,28,0,78,0,14,3,1,18,10,54,31,1,96,2,0,2,98
10/28/2015,LFT,LA,ASW,CE,Combined TRACON& Tower with Radar,12,31,48,4,95,0,58,24,1,83,12,89,72,5,178,2,0,2,180
10/29/2015,LFT,LA,ASW,CE,Combined TRACON& Tower with Radar,8,37,34,0,79,0,46,39,0,85,8,83,73,0,164,8,0,8,172
10/30/2015,LFT,LA,ASW,CE,Combined TRACON& Tower with Radar,9,34,45,1,89,0,45,26,0,71,9,79,71,1,160,8,0,8,168
10/31/2015,LFT,LA,ASW,CE,Combined TRACON& Tower with Radar,7,16,1,0,24,0,0,0,0,0,7,16,1,0,24,0,0,0,24
11/01/2015,LFT,LA,ASW,CE,Combined TRACON& Tower with Radar,5,24,24,7,60,0,2,2,0,4,5,26,26,7,64,0,0,0,64
11/02/2015,LFT,LA,ASW,CE,Combined TRACON& Tower with Radar,7,30,30,13,80,0,9,2,0,11,7,39,32,13,91,0,0,0,91
11/03/2015,LFT,LA,ASW,CE,Combined TRACON& Tower with Radar,7,37,59,2,105,0,26,3,0,29,7,63,62,2,134,0,0,0,134
11/04/2015,LFT,LA,ASW,CE,Combined TRACON& Tower with Radar,7,41,41,1,90,0,45,28,0,73,7,86,69,1,163,10,0,10,173
11/05/2015,LFT,LA,ASW,CE,Combined TRACON& Tower with Radar,7,36,49,4,96,0,30,17,1,48,7,66,66,5,144,6,6,12,156
11/06/2015,LFT,LA,ASW,CE,Combined TRACON& Tower with Radar,10,32,36,1,79,0,18,9,0,27,10,50,45,1,106,6,0,6,112
11/07/2015,LFT,LA,ASW,CE,Combined TRACON& Tower with Radar,11,16,14,0,41,0,12,0,0,12,11,28,14,0,53,0,0,0,53
11/08/2015,LFT,LA,ASW,CE,Combined TRACON& Tower with Radar,6,34,42,0,82,0,20,14,2,36,6,54,56,2,118,0,0,0,118
11/09/2015,LFT,LA,ASW,CE,Combined TRACON& Tower with Radar,7,40,49,0,96,0,10,9,0,19,7,50,58,0,115,0,0,0,115
11/10/2015,LFT,LA,ASW,CE,Combined TRACON& Tower with Radar,8,81,44,2,135,0,8,23,0,31,8,89,67,2,166,0,0,0,166
11/11/2015,LFT,LA,ASW,CE,Combined TRACON& Tower with Radar,7,47,38,0,92,0,37,15,0,52,7,84,53,0,144,2,4,6,150
11/12/2015,LFT,LA,ASW,CE,Combined TRACON& Tower with Radar,8,34,50,0,92,0,18,30,1,49,8,52,80,1,141,10,0,10,151
11/13/2015,LFT,LA,ASW,CE,Combined TRACON& Tower with Radar,8,37,50,7,102,0,22,45,1,68,8,59,95,8,170,10,4,14,184
11/14/2015,LFT,LA,ASW,CE,Combined TRACON& Tower with Radar,5,21,21,0,47,0,12,38,0,50,5,33,59,0,97,8,0,8,105
11/15/2015,LFT,LA,ASW,CE,Combined TRACON& Tower with Radar,6,34,30,0,70,0,22,46,0,68,6,56,76,0,138,4,30,34,172
11/16/2015,LFT,LA,ASW,CE,Combined TRACON& Tower with Radar,7,37,31,4,79,0,24,4,0,28,7,61,35,4,107,0,4,4,111
11/17/2015,LFT,LA,ASW,CE,Combined TRACON& Tower with Radar,11,25,13,0,49,0,15,0,0,15,11,40,13,0,64,0,0,0,64
11/18/2015,LFT,LA,ASW,CE,Combined TRACON& Tower with Radar,9,44,31,3,87,0,51,30,0,81,9,95,61,3,168,26,0,26,194
11/19/2015,LFT,LA,ASW,CE,Combined TRACON& Tower with Radar,7,44,34,0,85,0,33,50,0,83,7,77,84,0,168,25,0,25,193
11/20/2015,LFT,LA,ASW,CE,Combined TRACON& Tower with Radar,7,33,53,0,93,0,42,48,0,90,7,75,101,0,183,4,4,8,191
11/21/2015,LFT,LA,ASW,CE,Combined TRACON& Tower with Radar,6,21,11,0,38,0,12,2,0,14,6,33,13,0,52,0,0,0,52
11/22/2015,LFT,LA,ASW,CE,Combined TRACON& Tower with Radar,8,31,35,0,74,0,45,13,0,58,8,76,48,0,132,2,0,2,134
11/23/2015,LFT,LA,ASW,CE,Combined TRACON& Tower with Radar,7,31,24,0,62,0,27,22,0,49,7,58,46,0,111,0,2,2,113
11/24/2015,LFT,LA,ASW,CE,Combined TRACON& Tower with Radar,8,31,40,2,81,0,43,35,3,81,8,74,75,5,162,23,0,23,185
11/25/2015,LFT,LA,ASW,CE,Combined TRACON& Tower with Radar,11,34,58,3,106,0,37,21,0,58,11,71,79,3,164,6,0,6,170
11/26/2015,LFT,LA,ASW,CE,Combined TRACON& Tower with Radar,6,14,3,0,23,0,7,4,0,11,6,21,7,0,34,0,0,0,34
11/27/2015,LFT,LA,ASW,CE,Combined TRACON& Tower with Radar,10,20,29,0,59,0,17,6,0,23,10,37,35,0,82,12,0,12,94
11/28/2015,LFT,LA,ASW,CE,Combined TRACON& Tower with Radar,10,29,9,0,48,0,12,10,0,22,10,41,19,0,70,2,0,2,72
11/29/2015,LFT,LA,ASW,CE,Combined TRACON& Tower with Radar,6,36,44,0,86,0,14,13,0,27,6,50,57,0,113,0,0,0,113
11/30/2015,LFT,LA,ASW,CE,Combined TRACON& Tower with Radar,8,26,28,0,62,0,40,12,0,52,8,66,40,0,114,24,0,24,138
12/01/2015,LFT,LA,ASW,CE,Combined TRACON& Tower with Radar,8,28,37,0,73,0,0,0,0,0,8,28,37,0,73,0,0,0,73
12/02/2015,LFT,LA,ASW,CE,Combined TRACON& Tower with Radar,6,30,23,1,60,0,25,31,1,57,6,55,54,2,117,4,0,4,121
12/03/2015,LFT,LA,ASW,CE,Combined TRACON& Tower with Radar,11,27,54,9,101,0,34,56,0,90,11,61,110,9,191,14,6,20,211
12/04/2015,LFT,LA,ASW,CE,Combined TRACON& Tower with Radar,11,30,36,0,77,0,47,47,0,94,11,77,83,0,171,14,0,14,185
12/05/2015,LFT,LA,ASW,CE,Combined TRACON& Tower with Radar,5,19,27,0,51,0,26,45,3,74,5,45,72,3,125,8,0,8,133
12/06/2015,LFT,LA,ASW,CE,Combined TRACON& Tower with Radar,6,34,41,0,81,0,22,31,0,53,6,56,72,0,134,4,0,4,138
12/07/2015,LFT,LA,ASW,CE,Combined TRACON& Tower with Radar,13,44,35,3,95,0,28,31,3,62,13,72,66,6,157,4,8,12,169
12/08/2015,LFT,LA,ASW,CE,Combined TRACON& Tower with Radar,6,28,48,2,84,0,44,45,1,90,6,72,93,3,174,18,0,18,192
12/09/2015,LFT,LA,ASW,CE,Combined TRACON& Tower with Radar,5,42,28,2,77,0,56,37,0,93,5,98,65,2,170,22,0,22,192
12/10/2015,LFT,LA,ASW,CE,Combined TRACON& Tower with Radar,12,24,42,5,83,0,42,18,0,60,12,66,60,5,143,2,0,2,145
12/11/2015,LFT,LA,ASW,CE,Combined TRACON& Tower with Radar,9,27,36,0,72,0,39,5,1,45,9,66,41,1,117,2,0,2,119
12/12/2015,LFT,LA,ASW,CE,Combined TRACON& Tower with Radar,5,23,10,0,38,0,8,2,0,10,5,31,12,0,48,2,0,2,50
12/13/2015,LFT,LA,ASW,CE,Combined TRACON& Tower with Radar,6,34,11,0,51,0,14,0,0,14,6,48,11,0,65,2,0,2,67
12/14/2015,LFT,LA,ASW,CE,Combined TRACON& Tower with Radar,11,29,31,0,71,0,41,34,0,75,11,70,65,0,146,10,0,10,156
12/15/2015,LFT,LA,ASW,CE,Combined TRACON& Tower with Radar,8,31,44,0,83,0,43,41,0,84,8,74,85,0,167,42,2,44,211
12/16/2015,LFT,LA,ASW,CE,Combined TRACON& Tower with Radar,9,29,25,0,63,0,2,0,0,2,9,31,25,0,65,0,0,0,65
12/17/2015,LFT,LA,ASW,CE,Combined TRACON& Tower with Radar,9,23,30,5,67,0,60,32,0,92,9,83,62,5,159,14,2,16,175
12/18/2015,LFT,LA,ASW,CE,Combined TRACON& Tower with Radar,6,26,35,0,67,0,33,33,0,66,6,59,68,0,133,22,0,22,155
12/19/2015,LFT,LA,ASW,CE,Combined TRACON& Tower with Radar,6,27,10,0,43,0,22,29,0,51,6,49,39,0,94,22,0,22,116
12/20/2015,LFT,LA,ASW,CE,Combined TRACON& Tower with Radar,8,28,24,0,60,0,25,13,0,38,8,53,37,0,98,6,0,6,104
12/21/2015,LFT,LA,ASW,CE,Combined TRACON& Tower with Radar,10,34,39,0,83,0,0,0,0,0,10,34,39,0,83,10,0,10,93
12/22/2015,LFT,LA,ASW,CE,Combined TRACON& Tower with Radar,16,31,27,0,74,0,0,0,0,0,16,31,27,0,74,0,0,0,74
12/23/2015,LFT,LA,ASW,CE,Combined TRACON& Tower with Radar,13,27,24,1,65,0,8,1,0,9,13,35,25,1,74,0,0,0,74
12/24/2015,LFT,LA,ASW,CE,Combined TRACON& Tower with Radar,10,10,22,0,42,0,16,0,0,16,10,26,22,0,58,0,0,0,58
12/25/2015,LFT,LA,ASW,CE,Combined TRACON& Tower with Radar,8,16,2,0,26,0,15,0,0,15,8,31,2,0,41,0,0,0,41
12/26/2015,LFT,LA,ASW,CE,Combined TRACON& Tower with Radar,5,22,27,0,54,0,7,1,0,8,5,29,28,0,62,0,0,0,62
12/27/2015,LFT,LA,ASW,CE,Combined TRACON& Tower with Radar,8,20,20,0,48,0,23,1,0,24,8,43,21,0,72,2,0,2,74
12/28/2015,LFT,LA,ASW,CE,Combined TRACON& Tower with Radar,8,27,34,2,71,0,12,11,0,23,8,39,45,2,94,0,0,0,94
12/29/2015,LFT,LA,ASW,CE,Combined TRACON& Tower with Radar,10,22,35,1,68,0,34,35,0,69,10,56,70,1,137,2,0,2,139
12/30/2015,LFT,LA,ASW,CE,Combined TRACON& Tower with Radar,12,29,28,0,69,0,21,10,0,31,12,50,38,0,100,0,0,0,100
12/31/2015,LFT,LA,ASW,CE,Combined TRACON& Tower with Radar,10,19,22,0,51,0,15,11,0,26,10,34,33,0,77,14,0,14,91
01/01/2016,LFT,LA,ASW,CE,Combined TRACON& Tower with Radar,8,16,8,0,32,0,2,2,0,4,8,18,10,0,36,0,0,0,36
01/02/2016,LFT,LA,ASW,CE,Combined TRACON& Tower with Radar,6,23,16,0,45,0,18,20,0,38,6,41,36,0,83,0,0,0,83
01/03/2016,LFT,LA,ASW,CE,Combined TRACON& Tower with Radar,5,25,34,0,64,0,13,27,0,40,5,38,61,0,104,12,0,12,116
01/04/2016,LFT,LA,ASW,CE,Combined TRACON& Tower with Radar,8,24,34,2,68,0,17,33,0,50,8,41,67,2,118,10,0,10,128
01/05/2016,LFT,LA,ASW,CE,Combined TRACON& Tower with Radar,6,26,22,0,54,0,48,47,1,96,6,74,69,1,150,26,0,26,176
01/06/2016,LFT,LA,ASW,CE,Combined TRACON& Tower with Radar,6,33,31,0,70,0,27,19,0,46,6,60,50,0,116,16,2,18,134
01/07/2016,LFT,LA,ASW,CE,Combined TRACON& Tower with Radar,5,34,41,0,80,0,7,4,0,11,5,41,45,0,91,0,0,0,91
01/08/2016,LFT,LA,ASW,CE,Combined TRACON& Tower with Radar,6,30,27,4,67,0,20,10,0,30,6,50,37,4,97,22,0,22,119
01/09/2016,LFT,LA,ASW,CE,Combined TRACON& Tower with Radar,6,11,8,2,27,0,16,10,0,26,6,27,18,2,53,0,0,0,53
01/10/2016,LFT,LA,ASW,CE,Combined TRACON& Tower with Radar,5,28,32,0,65,0,30,34,0,64,5,58,66,0,129,0,0,0,129
01/11/2016,LFT,LA,ASW,CE,Combined TRACON& Tower with Radar,5,31,36,0,72,0,48,31,0,79,5,79,67,0,151,9,0,9,160
01/12/2016,LFT,LA,ASW,CE,Combined TRACON& Tower with Radar,6,32,35,0,73,0,55,41,2,98,6,87,76,2,171,17,0,17,188
01/13/2016,LFT,LA,ASW,CE,Combined TRACON& Tower with Radar,6,39,42,6,93,0,35,40,1,76,6,74,82,7,169,20,0,20,189
01/14/2016,LFT,LA,ASW,CE,Combined TRACON& Tower with Radar,6,27,47,0,80,0,16,13,0,29,6,43,60,0,109,0,6,6,115
01/15/2016,LFT,LA,ASW,CE,Combined TRACON& Tower with Radar,6,34,47,0,87,0,41,13,0,54,6,75,60,0,141,4,0,4,145
01/16/2016,LFT,LA,ASW,CE,Combined TRACON& Tower with Radar,6,13,13,0,32,0,23,32,0,55,6,36,45,0,87,0,0,0,87
01/17/2016,LFT,LA,ASW,CE,Combined TRACON& Tower with Radar,5,25,32,0,62,0,27,26,0,53,5,52,58,0,115,3,0,3,118
01/18/2016,LFT,LA,ASW,CE,Combined TRACON& Tower with Radar,5,37,36,0,78,0,39,39,0,78,5,76,75,0,156,27,0,27,183
01/19/2016,LFT,LA,ASW,CE,Combined TRACON& Tower with Radar,6,37,39,2,84,0,63,40,0,103,6,100,79,2,187,0,0,0,187
01/20/2016,LFT,LA,ASW,CE,Combined TRACON& Tower with Radar,5,47,51,0,103,0,41,23,2,66,5,88,74,2,169,7,0,7,176
01/21/2016,LFT,LA,ASW,CE,Combined TRACON& Tower with Radar,4,28,34,0,66,0,17,0,0,17,4,45,34,0,83,0,0,0,83
01/22/2016,LFT,LA,ASW,CE,Combined TRACON& Tower with Radar,7,31,30,3,71,0,38,8,3,49,7,69,38,6,120,4,4,8,128
01/23/2016,LFT,LA,ASW,CE,Combined TRACON& Tower with Radar,6,13,18,0,37,0,23,22,1,46,6,36,40,1,83,14,0,14,97
01/24/2016,LFT,LA,ASW,CE,Combined TRACON& Tower with Radar,6,19,37,15,77,0,25,24,1,50,6,44,61,16,127,2,0,2,129
01/25/2016,LFT,LA,ASW,CE,Combined TRACON& Tower with Radar,7,36,44,6,93,0,43,19,0,62,7,79,63,6,155,0,0,0,155
01/26/2016,LFT,LA,ASW,CE,Combined TRACON& Tower with Radar,6,30,24,0,60,0,14,0,0,14,6,44,24,0,74,2,0,2,76
01/27/2016,LFT,LA,ASW,CE,Combined TRACON& Tower with Radar,6,30,30,1,67,0,43,21,1,65,6,73,51,2,132,4,0,4,136
01/28/2016,LFT,LA,ASW,CE,Combined TRACON& Tower with Radar,5,30,47,2,84,0,50,33,0,83,5,80,80,2,167,6,0,6,173
01/29/2016,LFT,LA,ASW,CE,Combined TRACON& Tower with Radar,5,25,22,1,53,0,22,43,0,65,5,47,65,1,118,68,0,68,186
01/30/2016,LFT,LA,ASW,CE,Combined TRACON& Tower with Radar,6,15,17,0,38,0,23,41,0,64,6,38,58,0,102,4,0,4,106
01/31/2016,LFT,LA,ASW,CE,Combined TRACON& Tower with Radar,4,21,23,0,48,0,26,21,0,47,4,47,44,0,95,2,0,2,97
02/01/2016,LFT,LA,ASW,CE,Combined TRACON& Tower with Radar,6,31,33,0,70,0,24,10,0,34,6,55,43,0,104,0,0,0,104
02/02/2016,LFT,LA,ASW,CE,Combined TRACON& Tower with Radar,5,20,4,0,29,0,6,1,0,7,5,26,5,0,36,0,0,0,36
02/03/2016,LFT,LA,ASW,CE,Combined TRACON& Tower with Radar,6,33,35,0,74,0,18,42,0,60,6,51,77,0,134,22,0,22,156
02/04/2016,LFT,LA,ASW,CE,Combined TRACON& Tower with Radar,6,29,46,4,85,0,14,31,1,46,6,43,77,5,131,44,6,50,181
02/05/2016,LFT,LA,ASW,CE,Combined TRACON& Tower with Radar,5,27,38,0,70,0,95,32,0,127,5,122,70,0,197,86,0,86,283
02/06/2016,LFT,LA,ASW,CE,Combined TRACON& Tower with Radar,8,13,28,0,49,0,25,15,0,40,8,38,43,0,89,54,0,54,143
02/07/2016,LFT,LA,ASW,CE,Combined TRACON& Tower with Radar,5,18,15,0,38,0,14,30,0,44,5,32,45,0,82,0,0,0,82
02/08/2016,LFT,LA,ASW,CE,Combined TRACON& Tower with Radar,5,29,21,0,55,0,17,7,0,24,5,46,28,0,79,4,0,4,83
02/09/2016,LFT,LA,ASW,CE,Combined TRACON& Tower with Radar,6,30,19,0,55,0,19,9,0,28,6,49,28,0,83,7,0,7,90
02/10/2016,LFT,LA,ASW,CE,Combined TRACON& Tower with Radar,8,35,29,0,72,0,32,43,0,75,8,67,72,0,147,4,0,4,151
02/11/2016,LFT,LA,ASW,CE,Combined TRACON& Tower with Radar,5,37,39,3,84,0,52,21,0,73,5,89,60,3,157,18,4,22,179
02/12/2016,LFT,LA,ASW,CE,Combined TRACON& Tower with Radar,8,26,30,2,66,0,41,30,0,71,8,67,60,2,137,8,21,29,166
02/13/2016,LFT,LA,ASW,CE,Combined TRACON& Tower with Radar,5,18,35,0,58,0,17,49,0,66,5,35,84,0,124,14,0,14,138
02/14/2016,LFT,LA,ASW,CE,Combined TRACON& Tower with Radar,6,23,20,0,49,0,16,8,2,26,6,39,28,2,75,8,0,8,83
02/15/2016,LFT,LA,ASW,CE,Combined TRACON& Tower with Radar,8,21,19,0,48,0,10,3,0,13,8,31,22,0,61,2,0,2,63
02/16/2016,LFT,LA,ASW,CE,Combined TRACON& Tower with Radar,10,33,25,2,70,0,45,28,0,73,10,78,53,2,143,20,0,20,163
02/17/2016,LFT,LA,ASW,CE,Combined TRACON& Tower with Radar,6,23,22,0,51,0,63,10,0,73,6,86,32,0,124,59,1,60,184
02/18/2016,LFT,LA,ASW,CE,Combined TRACON& Tower with Radar,6,30,37,0,73,0,32,51,0,83,6,62,88,0,156,97,0,97,253
02/19/2016,LFT,LA,ASW,CE,Combined TRACON& Tower with Radar,9,29,33,1,72,0,49,30,2,81,9,78,63,3,153,29,0,29,182
02/20/2016,LFT,LA,ASW,CE,Combined TRACON& Tower with Radar,7,15,7,0,29,0,33,22,0,55,7,48,29,0,84,56,0,56,140
02/21/2016,LFT,LA,ASW,CE,Combined TRACON& Tower with Radar,6,20,33,3,62,0,26,21,2,49,6,46,54,5,111,58,0,58,169
02/22/2016,LFT,LA,ASW,CE,Combined TRACON& Tower with Radar,7,24,16,0,47,0,3,1,0,4,7,27,17,0,51,0,0,0,51
02/23/2016,LFT,LA,ASW,CE,Combined TRACON& Tower with Radar,8,28,14,0,50,0,0,0,0,0,8,28,14,0,50,12,0,12,62
02/24/2016,LFT,LA,ASW,CE,Combined TRACON& Tower with Radar,9,34,27,0,70,0,47,13,0,60,9,81,40,0,130,4,0,4,134
02/25/2016,LFT,LA,ASW,CE,Combined TRACON& Tower with Radar,8,32,41,0,81,0,59,24,0,83,8,91,65,0,164,46,0,46,210
02/26/2016,LFT,LA,ASW,CE,Combined TRACON& Tower with Radar,8,27,47,5,87,0,54,43,0,97,8,81,90,5,184,28,0,28,212
02/27/2016,LFT,LA,ASW,CE,Combined TRACON& Tower with Radar,5,16,19,0,40,0,25,57,0,82,5,41,76,0,122,60,0,60,182
02/28/2016,LFT,LA,ASW,CE,Combined TRACON& Tower with Radar,6,25,32,6,69,0,23,28,0,51,6,48,60,6,120,8,0,8,128
02/29/2016,LFT,LA,ASW,CE,Combined TRACON& Tower with Radar,7,26,34,2,69,0,62,42,0,104,7,88,76,2,173,122,1,123,296
03/01/2016,LFT,LA,ASW,CE,Combined TRACON& Tower with Radar,7,27,27,0,61,0,40,29,0,69,7,67,56,0,130,20,0,20,150
03/02/2016,LFT,LA,ASW,CE,Combined TRACON& Tower with Radar,7,31,22,2,62,0,65,83,4,152,7,96,105,6,214,121,0,121,335
03/03/2016,LFT,LA,ASW,CE,Combined TRACON& Tower with Radar,8,29,43,0,80,0,5,5,0,10,8,34,48,0,90,2,0,2,92
03/04/2016,LFT,LA,ASW,CE,Combined TRACON& Tower with Radar,11,18,25,6,60,0,55,45,0,100,11,73,70,6,160,80,0,80,240
03/05/2016,LFT,LA,ASW,CE,Combined TRACON& Tower with Radar,9,14,36,1,60,0,27,38,0,65,9,41,74,1,125,69,0,69,194
03/06/2016,LFT,LA,ASW,CE,Combined TRACON& Tower with Radar,6,20,22,0,48,0,22,29,0,51,6,42,51,0,99,24,0,24,123
03/07/2016,LFT,LA,ASW,CE,Combined TRACON& Tower with Radar,9,46,27,0,82,0,22,18,0,40,9,68,45,0,122,22,0,22,144
03/08/2016,LFT,LA,ASW,CE,Combined TRACON& Tower with Radar,8,20,16,0,44,0,13,4,0,17,8,33,20,0,61,0,0,0,61
03/09/2016,LFT,LA,ASW,CE,Combined TRACON& Tower with Radar,9,19,11,0,39,0,8,1,0,9,9,27,12,0,48,0,0,0,48
03/10/2016,LFT,LA,ASW,CE,Combined TRACON& Tower with Radar,10,31,10,0,51,0,0,0,0,0,10,31,10,0,51,0,0,0,51
03/11/2016,LFT,LA,ASW,CE,Combined TRACON& Tower with Radar,13,18,12,0,43,0,14,4,0,18,13,32,16,0,61,5,0,5,66
03/12/2016,LFT,LA,ASW,CE,Combined TRACON& Tower with Radar,12,12,11,0,35,0,15,5,0,20,12,27,16,0,55,14,0,14,69
03/13/2016,LFT,LA,ASW,CE,Combined TRACON& Tower with Radar,6,29,25,0,60,0,21,30,0,51,6,50,55,0,111,10,0,10,121
03/14/2016,LFT,LA,ASW,CE,Combined TRACON& Tower with Radar,8,21,38,0,67,0,20,44,0,64,8,41,82,0,131,92,0,92,223
03/15/2016,LFT,LA,ASW,CE,Combined TRACON& Tower with Radar,9,22,31,0,62,0,35,15,0,50,9,57,46,0,112,32,0,32,144
03/16/2016,LFT,LA,ASW,CE,Combined TRACON& Tower with Radar,10,20,32,2,64,0,20,17,0,37,10,40,49,2,101,15,0,15,116
03/17/2016,LFT,LA,ASW,CE,Combined TRACON& Tower with Radar,10,27,46,0,83,0,27,5,0,32,10,54,51,0,115,16,0,16,131
03/18/2016,LFT,LA,ASW,CE,Combined TRACON& Tower with Radar,12,23,26,0,61,0,8,1,0,9,12,31,27,0,70,20,0,20,90
03/19/2016,LFT,LA,ASW,CE,Combined TRACON& Tower with Radar,7,25,13,0,45,0,16,3,0,19,7,41,16,0,64,0,0,0,64
03/20/2016,LFT,LA,ASW,CE,Combined TRACON& Tower with Radar,7,19,32,0,58,0,18,18,0,36,7,37,50,0,94,0,0,0,94
03/21/2016,LFT,LA,ASW,CE,Combined TRACON& Tower with Radar,7,21,51,5,84,0,52,52,0,104,7,73,103,5,188,51,0,51,239
03/22/2016,LFT,LA,ASW,CE,Combined TRACON& Tower with Radar,11,25,44,4,84,0,51,27,0,78,11,76,71,4,162,16,0,16,178
03/23/2016,LFT,LA,ASW,CE,Combined TRACON& Tower with Radar,10,27,37,4,78,0,56,17,0,73,10,83,54,4,151,4,4,8,159
03/24/2016,LFT,LA,ASW,CE,Combined TRACON& Tower with Radar,10,23,35,0,68,0,17,19,0,36,10,40,54,0,104,66,0,66,170
03/25/2016,LFT,LA,ASW,CE,Combined TRACON& Tower with Radar,11,24,36,6,77,0,31,48,2,81,11,55,84,8,158,68,0,68,226
03/26/2016,LFT,LA,ASW,CE,Combined TRACON& Tower with Radar,8,16,24,0,48,0,19,36,0,55,8,35,60,0,103,38,0,38,141
03/27/2016,LFT,LA,ASW,CE,Combined TRACON& Tower with Radar,6,19,19,0,44,0,3,0,0,3,6,22,19,0,47,0,0,0,47
03/28/2016,LFT,LA,ASW,CE,Combined TRACON& Tower with Radar,8,25,42,6,81,0,20,19,0,39,8,45,61,6,120,79,0,79,199
03/29/2016,LFT,LA,ASW,CE,Combined TRACON& Tower with Radar,7,22,41,2,72,0,26,30,0,56,7,48,71,2,128,72,0,72,200
03/30/2016,LFT,LA,ASW,CE,Combined TRACON& Tower with Radar,4,28,26,1,59,0,5,1,0,6,4,33,27,1,65,0,0,0,65
03/31/2016,LFT,LA,ASW,CE,Combined TRACON& Tower with Radar,12,26,40,0,78,0,6,5,0,11,12,32,45,0,89,0,0,0,89
04/01/2016,LFT,LA,ASW,CE,Combined TRACON& Tower with Radar,12,27,25,0,64,0,7,6,0,13,12,34,31,0,77,0,0,0,77
04/02/2016,LFT,LA,ASW,CE,Combined TRACON& Tower with Radar,5,14,27,2,48,0,38,23,0,61,5,52,50,2,109,58,0,58,167
04/03/2016,LFT,LA,ASW,CE,Combined TRACON& Tower with Radar,5,21,41,0,67,0,35,24,0,59,5,56,65,0,126,0,0,0,126
04/04/2016,LFT,LA,ASW,CE,Combined TRACON& Tower with Radar,8,27,33,4,72,0,37,27,0,64,8,64,60,4,136,53,0,53,189
04/05/2016,LFT,LA,ASW,CE,Combined TRACON& Tower with Radar,7,33,31,10,81,0,38,30,0,68,7,71,61,10,149,81,0,81,230
04/06/2016,LFT,LA,ASW,CE,Combined TRACON& Tower with Radar,8,33,35,2,78,0,40,25,0,65,8,73,60,2,143,132,0,132,275
04/07/2016,LFT,LA,ASW,CE,Combined TRACON& Tower with Radar,7,28,37,8,80,0,48,40,0,88,7,76,77,8,168,97,0,97,265
04/08/2016,LFT,LA,ASW,CE,Combined TRACON& Tower with Radar,7,31,34,0,72,0,54,34,0,88,7,85,68,0,160,113,0,113,273
04/09/2016,LFT,LA,ASW,CE,Combined TRACON& Tower with Radar,9,18,22,0,49,0,22,36,0,58,9,40,58,0,107,55,0,55,162
04/10/2016,LFT,LA,ASW,CE,Combined TRACON& Tower with Radar,7,29,33,0,69,0,27,16,0,43,7,56,49,0,112,20,0,20,132
04/11/2016,LFT,LA,ASW,CE,Combined TRACON& Tower with Radar,7,26,29,0,62,0,37,7,0,44,7,63,36,0,106,10,0,10,116
04/12/2016,LFT,LA,ASW,CE,Combined TRACON& Tower with Radar,8,34,26,0,68,0,12,8,0,20,8,46,34,0,88,48,0,48,136
04/13/2016,LFT,LA,ASW,CE,Combined TRACON& Tower with Radar,9,25,25,0,59,0,17,7,0,24,9,42,32,0,83,28,0,28,111
04/14/2016,LFT,LA,ASW,CE,Combined TRACON& Tower with Radar,8,28,38,4,78,0,17,14,0,31,8,45,52,4,109,55,2,57,166
04/15/2016,LFT,LA,ASW,CE,Combined TRACON& Tower with Radar,8,31,37,0,76,0,25,22,0,47,8,56,59,0,123,107,0,107,230
04/16/2016,LFT,LA,ASW,CE,Combined TRACON& Tower with Radar,8,15,9,0,32,0,29,4,0,33,8,44,13,0,65,0,0,0,65
04/17/2016,LFT,LA,ASW,CE,Combined TRACON& Tower with Radar,6,24,27,2,59,0,11,3,0,14,6,35,30,2,73,0,0,0,73
04/18/2016,LFT,LA,ASW,CE,Combined TRACON& Tower with Radar,9,13,23,0,45,0,8,9,0,17,9,21,32,0,62,18,0,18,80
04/19/2016,LFT,LA,ASW,CE,Combined TRACON& Tower with Radar,8,29,26,0,63,0,26,11,0,37,8,55,37,0,100,0,0,0,100
04/20/2016,LFT,LA,ASW,CE,Combined TRACON& Tower with Radar,8,25,33,1,67,0,24,9,2,35,8,49,42,3,102,0,0,0,102
04/21/2016,LFT,LA,ASW,CE,Combined TRACON& Tower with Radar,8,28,30,0,66,0,14,14,0,28,8,42,44,0,94,10,0,10,104
04/22/2016,LFT,LA,ASW,CE,Combined TRACON& Tower with Radar,8,36,50,0,94,0,14,33,0,47,8,50,83,0,141,30,0,30,171
04/23/2016,LFT,LA,ASW,CE,Combined TRACON& Tower with Radar,8,16,16,8,48,0,22,57,0,79,8,38,73,8,127,51,0,51,178
04/24/2016,LFT,LA,ASW,CE,Combined TRACON& Tower with Radar,7,22,26,0,55,0,25,39,1,65,7,47,65,1,120,22,0,22,142
04/25/2016,LFT,LA,ASW,CE,Combined TRACON& Tower with Radar,7,30,35,2,74,0,46,24,0,70,7,76,59,2,144,104,0,104,248
04/26/2016,LFT,LA,ASW,CE,Combined TRACON& Tower with Radar,8,30,44,0,82,0,42,16,0,58,8,72,60,0,140,48,0,48,188
04/27/2016,LFT,LA,ASW,CE,Combined TRACON& Tower with Radar,8,27,21,0,56,0,14,9,0,23,8,41,30,0,79,26,0,26,105
04/28/2016,LFT,LA,ASW,CE,Combined TRACON& Tower with Radar,7,25,37,0,69,0,20,16,0,36,7,45,53,0,105,41,0,41,146
04/29/2016,LFT,LA,ASW,CE,Combined TRACON& Tower with Radar,4,25,25,1,55,0,36,13,2,51,4,61,38,3,106,0,0,0,106
04/30/2016,LFT,LA,ASW,CE,Combined TRACON& Tower with Radar,8,14,12,0,34,0,14,2,0,16,8,28,14,0,50,0,0,0,50
05/01/2016,LFT,LA,ASW,CE,Combined TRACON& Tower with Radar,7,25,23,0,55,0,8,2,0,10,7,33,25,0,65,18,0,18,83
05/02/2016,LFT,LA,ASW,CE,Combined TRACON& Tower with Radar,8,26,13,0,47,0,9,4,0,13,8,35,17,0,60,0,0,0,60
05/03/2016,LFT,LA,ASW,CE,Combined TRACON& Tower with Radar,8,26,39,0,73,0,71,23,0,94,8,97,62,0,167,132,0,132,299
05/04/2016,LFT,LA,ASW,CE,Combined TRACON& Tower with Radar,7,29,30,0,66,0,63,38,0,101,7,92,68,0,167,38,4,42,209
05/05/2016,LFT,LA,ASW,CE,Combined TRACON& Tower with Radar,11,23,33,0,67,0,43,16,0,59,11,66,49,0,126,59,0,59,185
05/06/2016,LFT,LA,ASW,CE,Combined TRACON& Tower with Radar,17,17,40,0,74,0,50,37,0,87,17,67,77,0,161,26,0,26,187
05/07/2016,LFT,LA,ASW,CE,Combined TRACON& Tower with Radar,11,13,23,0,47,0,28,42,1,71,11,41,65,1,118,6,0,6,124
05/08/2016,LFT,LA,ASW,CE,Combined TRACON& Tower with Radar,13,18,31,0,62,0,21,21,0,42,13,39,52,0,104,20,0,20,124
05/09/2016,LFT,LA,ASW,CE,Combined TRACON& Tower with Radar,15,28,19,2,64,0,20,10,0,30,15,48,29,2,94,20,0,20,114
05/10/2016,LFT,LA,ASW,CE,Combined TRACON& Tower with Radar,15,32,39,3,89,0,39,21,0,60,15,71,60,3,149,0,0,0,149
05/11/2016,LFT,LA,ASW,CE,Combined TRACON& Tower with Radar,13,26,42,0,81,0,52,21,0,73,13,78,63,0,154,2,0,2,156
05/12/2016,LFT,LA,ASW,CE,Combined TRACON& Tower with Radar,22,37,46,4,109,0,21,19,0,40,22,58,65,4,149,6,2,8,157
05/13/2016,LFT,LA,ASW,CE,Combined TRACON& Tower with Radar,15,19,18,2,54,0,32,14,0,46,15,51,32,2,100,12,0,12,112
05/14/2016,LFT,LA,ASW,CE,Combined TRACON& Tower with Radar,15,20,18,9,62,0,41,43,6,90,15,61,61,15,152,30,0,30,182
05/15/2016,LFT,LA,ASW,CE,Combined TRACON& Tower with Radar,17,17,22,8,64,0,15,20,0,35,17,32,42,8,99,64,0,64,163
05/16/2016,LFT,LA,ASW,CE,Combined TRACON& Tower with Radar,16,17,30,0,63,0,4,6,0,10,16,21,36,0,73,0,0,0,73
05/17/2016,LFT,LA,ASW,CE,Combined TRACON& Tower with Radar,16,21,35,0,72,0,24,23,0,47,16,45,58,0,119,20,0,20,139
05/18/2016,LFT,LA,ASW,CE,Combined TRACON& Tower with Radar,14,26,36,0,76,0,30,9,0,39,14,56,45,0,115,30,0,30,145
05/19/2016,LFT,LA,ASW,CE,Combined TRACON& Tower with Radar,14,25,38,2,79,0,24,19,0,43,14,49,57,2,122,46,0,46,168
05/20/2016,LFT,LA,ASW,CE,Combined TRACON& Tower with Radar,15,20,35,0,70,0,43,14,0,57,15,63,49,0,127,2,0,2,129
05/21/2016,LFT,LA,ASW,CE,Combined TRACON& Tower with Radar,11,14,20,6,51,0,43,30,0,73,11,57,50,6,124,26,6,32,156
05/22/2016,LFT,LA,ASW,CE,Combined TRACON& Tower with Radar,15,18,28,0,61,0,18,34,0,52,15,36,62,0,113,20,0,20,133
05/23/2016,LFT,LA,ASW,CE,Combined TRACON& Tower with Radar,15,20,32,2,69,0,45,33,0,78,15,65,65,2,147,0,0,0,147
05/24/2016,LFT,LA,ASW,CE,Combined TRACON& Tower with Radar,18,16,67,0,101,0,39,44,1,84,18,55,111,1,185,16,0,16,201
05/25/2016,LFT,LA,ASW,CE,Combined TRACON& Tower with Radar,18,45,48,2,113,0,26,17,0,43,18,71,65,2,156,16,0,16,172
05/26/2016,LFT,LA,ASW,CE,Combined TRACON& Tower with Radar,14,23,53,0,90,0,32,29,0,61,14,55,82,0,151,28,0,28,179
05/27/2016,LFT,LA,ASW,CE,Combined TRACON& Tower with Radar,16,18,30,0,64,0,26,6,0,32,16,44,36,0,96,1,1,2,98
05/28/2016,LFT,LA,ASW,CE,Combined TRACON& Tower with Radar,11,12,19,0,42,0,20,18,0,38,11,32,37,0,80,38,0,38,118
05/29/2016,LFT,LA,ASW,CE,Combined TRACON& Tower with Radar,7,11,15,0,33,0,26,13,0,39,7,37,28,0,72,26,0,26,98
05/30/2016,LFT,LA,ASW,CE,Combined TRACON& Tower with Radar,13,19,28,0,60,0,36,19,0,55,13,55,47,0,115,26,0,26,141
05/31/2016,LFT,LA,ASW,CE,Combined TRACON& Tower with Radar,14,16,30,0,60,0,35,36,0,71,14,51,66,0,131,36,0,36,167
06/01/2016,LFT,LA,ASW,CE,Combined TRACON& Tower with Radar,13,19,34,0,66,0,28,22,0,50,13,47,56,0,116,12,0,12,128
06/02/2016,LFT,LA,ASW,CE,Combined TRACON& Tower with Radar,13,19,29,0,61,0,13,7,0,20,13,32,36,0,81,36,0,36,117
06/03/2016,LFT,LA,ASW,CE,Combined TRACON& Tower with Radar,12,18,14,0,44,0,3,1,0,4,12,21,15,0,48,0,0,0,48
06/04/2016,LFT,LA,ASW,CE,Combined TRACON& Tower with Radar,8,12,2,0,22,0,2,3,0,5,8,14,5,0,27,4,0,4,31
06/05/2016,LFT,LA,ASW,CE,Combined TRACON& Tower with Radar,13,22,26,0,61,0,8,12,0,20,13,30,38,0,81,2,0,2,83
06/06/2016,LFT,LA,ASW,CE,Combined TRACON& Tower with Radar,17,22,21,4,64,0,39,17,0,56,17,61,38,4,120,28,0,28,148
06/07/2016,LFT,LA,ASW,CE,Combined TRACON& Tower with Radar,17,22,28,0,67,0,43,40,0,83,17,65,68,0,150,29,0,29,179
06/08/2016,LFT,LA,ASW,CE,Combined TRACON& Tower with Radar,15,24,44,0,83,0,40,32,1,73,15,64,76,1,156,2,0,2,158
06/09/2016,LFT,LA,ASW,CE,Combined TRACON& Tower with Radar,13,24,46,0,83,0,53,23,4,80,13,77,69,4,163,12,0,12,175
06/10/2016,LFT,LA,ASW,CE,Combined TRACON& Tower with Radar,13,22,23,2,60,0,24,14,0,38,13,46,37,2,98,0,20,20,118
06/11/2016,LFT,LA,ASW,CE,Combined TRACON& Tower with Radar,5,21,31,0,57,0,41,26,0,67,5,62,57,0,124,8,0,8,132
06/12/2016,LFT,LA,ASW,CE,Combined TRACON& Tower with Radar,7,28,33,0,68,0,14,14,0,28,7,42,47,0,96,26,0,26,122
06/13/2016,LFT,LA,ASW,CE,Combined TRACON& Tower with Radar,9,26,35,0,70,0,24,13,2,39,9,50,48,2,109,2,0,2,111
06/14/2016,LFT,LA,ASW,CE,Combined TRACON& Tower with Radar,7,27,41,0,75,0,40,40,0,80,7,67,81,0,155,46,0,46,201
06/15/2016,LFT,LA,ASW,CE,Combined TRACON& Tower with Radar,12,31,39,2,84,0,36,26,0,62,12,67,65,2,146,32,19,51,197
06/16/2016,LFT,LA,ASW,CE,Combined TRACON& Tower with Radar,11,25,51,8,95,0,28,43,0,71,11,53,94,8,166,40,4,44,210
06/17/2016,LFT,LA,ASW,CE,Combined TRACON& Tower with Radar,11,21,32,0,64,0,45,32,0,77,11,66,64,0,141,12,0,12,153
06/18/2016,LFT,LA,ASW,CE,Combined TRACON& Tower with Radar,4,22,24,0,50,0,25,23,1,49,4,47,47,1,99,26,4,30,129
06/19/2016,LFT,LA,ASW,CE,Combined TRACON& Tower with Radar,7,27,24,0,58,0,23,14,1,38,7,50,38,1,96,0,0,0,96
06/20/2016,LFT,LA,ASW,CE,Combined TRACON& Tower with Radar,9,35,30,0,74,0,31,20,0,51,9,66,50,0,125,34,0,34,159
06/21/2016,LFT,LA,ASW,CE,Combined TRACON& Tower with Radar,9,27,37,0,73,0,50,37,1,88,9,77,74,1,161,48,0,48,209
06/22/2016,LFT,LA,ASW,CE,Combined TRACON& Tower with Radar,13,28,24,0,65,0,43,28,0,71,13,71,52,0,136,56,0,56,192
06/23/2016,LFT,LA,ASW,CE,Combined TRACON& Tower with Radar,10,27,38,2,77,0,59,33,0,92,10,86,71,2,169,16,0,16,185
06/24/2016,LFT,LA,ASW,CE,Combined TRACON& Tower with Radar,9,32,39,2,82,0,31,30,1,62,9,63,69,3,144,42,0,42,186
06/25/2016,LFT,LA,ASW,CE,Combined TRACON& Tower with Radar,3,24,27,0,54,0,41,24,0,65,3,65,51,0,119,34,0,34,153
06/26/2016,LFT,LA,ASW,CE,Combined TRACON& Tower with Radar,7,25,37,0,69,0,8,30,0,38,7,33,67,0,107,14,0,14,121
06/27/2016,LFT,LA,ASW,CE,Combined TRACON& Tower with Radar,7,30,29,0,66,0,31,21,0,52,7,61,50,0,118,6,0,6,124
06/28/2016,LFT,LA,ASW,CE,Combined TRACON& Tower with Radar,10,31,32,0,73,0,18,24,0,42,10,49,56,0,115,24,0,24,139
06/29/2016,LFT,LA,ASW,CE,Combined TRACON& Tower with Radar,9,35,24,0,68,0,31,20,1,52,9,66,44,1,120,14,0,14,134
06/30/2016,LFT,LA,ASW,CE,Combined TRACON& Tower with Radar,11,24,48,2,85,0,25,22,0,47,11,49,70,2,132,102,0,102,234
07/01/2016,LFT,LA,ASW,CE,Combined TRACON& Tower with Radar,13,28,47,0,88,0,31,35,0,66,13,59,82,0,154,5,0,5,159
07/02/2016,LFT,LA,ASW,CE,Combined TRACON& Tower with Radar,8,16,14,0,38,0,28,35,0,63,8,44,49,0,101,16,0,16,117
07/03/2016,LFT,LA,ASW,CE,Combined TRACON& Tower with Radar,7,13,11,0,31,0,10,21,0,31,7,23,32,0,62,36,0,36,98
07/04/2016,LFT,LA,ASW,CE,Combined TRACON& Tower with Radar,8,16,16,0,40,0,6,22,0,28,8,22,38,0,68,0,0,0,68
07/05/2016,LFT,LA,ASW,CE,Combined TRACON& Tower with Radar,13,22,34,1,70,0,33,21,2,56,13,55,55,3,126,15,0,15,141
07/06/2016,LFT,LA,ASW,CE,Combined TRACON& Tower with Radar,13,20,49,0,82,0,48,17,0,65,13,68,66,0,147,17,0,17,164
07/07/2016,LFT,LA,ASW,CE,Combined TRACON& Tower with Radar,14,24,62,1,101,0,54,37,5,96,14,78,99,6,197,16,0,16,213
07/08/2016,LFT,LA,ASW,CE,Combined TRACON& Tower with Radar,12,21,27,0,60,0,29,33,0,62,12,50,60,0,122,49,0,49,171
07/09/2016,LFT,LA,ASW,CE,Combined TRACON& Tower with Radar,10,10,31,4,55,0,19,30,0,49,10,29,61,4,104,2,0,2,106
07/10/2016,LFT,LA,ASW,CE,Combined TRACON& Tower with Radar,10,17,14,0,41,0,8,16,0,24,10,25,30,0,65,30,0,30,95
07/11/2016,LFT,LA,ASW,CE,Combined TRACON& Tower with Radar,10,25,29,0,64,0,32,21,0,53,10,57,50,0,117,0,0,0,117
07/12/2016,LFT,LA,ASW,CE,Combined TRACON& Tower with Radar,14,25,31,2,72,0,39,35,2,76,14,64,66,4,148,17,0,17,165
07/13/2016,LFT,LA,ASW,CE,Combined TRACON& Tower with Radar,13,30,46,0,89,0,35,24,0,59,13,65,70,0,148,24,0,24,172
07/14/2016,LFT,LA,ASW,CE,Combined TRACON& Tower with Radar,12,20,31,0,63,0,18,15,1,34,12,38,46,1,97,26,8,34,131
07/15/2016,LFT,LA,ASW,CE,Combined TRACON& Tower with Radar,13,15,26,0,54,0,13,13,0,26,13,28,39,0,80,2,0,2,82
07/16/2016,LFT,LA,ASW,CE,Combined TRACON& Tower with Radar,10,13,17,0,40,0,21,27,0,48,10,34,44,0,88,24,0,24,112
07/17/2016,LFT,LA,ASW,CE,Combined TRACON& Tower with Radar,8,19,38,0,65,0,17,31,0,48,8,36,69,0,113,19,0,19,132
07/18/2016,LFT,LA,ASW,CE,Combined TRACON& Tower with Radar,13,26,34,1,74,0,31,11,3,45,13,57,45,4,119,12,0,12,131
07/19/2016,LFT,LA,ASW,CE,Combined TRACON& Tower with Radar,14,27,29,1,71,0,68,26,2,96,14,95,55,3,167,6,2,8,175
07/20/2016,LFT,LA,ASW,CE,Combined TRACON& Tower with Radar,13,21,30,2,66,0,38,33,0,71,13,59,63,2,137,60,0,60,197
07/21/2016,LFT,LA,ASW,CE,Combined TRACON& Tower with Radar,14,25,49,0,88,0,41,25,0,66,14,66,74,0,154,44,0,44,198
07/22/2016,LFT,LA,ASW,CE,Combined TRACON& Tower with Radar,11,20,28,0,59,0,29,24,0,53,11,49,52,0,112,56,0,56,168
07/23/2016,LFT,LA,ASW,CE,Combined TRACON& Tower with Radar,11,14,22,3,50,0,40,10,1,51,11,54,32,4,101,36,10,46,147
07/24/2016,LFT,LA,ASW,CE,Combined TRACON& Tower with Radar,10,18,18,2,48,0,20,17,0,37,10,38,35,2,85,47,0,47,132
07/25/2016,LFT,LA,ASW,CE,Combined TRACON& Tower with Radar,13,14,17,0,44,0,7,15,1,23,13,21,32,1,67,0,0,0,67
07/26/2016,LFT,LA,ASW,CE,Combined TRACON& Tower with Radar,15,23,32,2,72,0,18,12,1,31,15,41,44,3,103,2,0,2,105
07/27/2016,LFT,LA,ASW,CE,Combined TRACON& Tower with Radar,12,17,19,3,51,0,13,7,3,23,12,30,26,6,74,18,0,18,92
07/28/2016,LFT,LA,ASW,CE,Combined TRACON& Tower with Radar,14,13,37,1,65,0,27,38,2,67,14,40,75,3,132,16,1,17,149
07/29/2016,LFT,LA,ASW,CE,Combined TRACON& Tower with Radar,13,17,32,5,67,0,54,41,3,98,13,71,73,8,165,46,0,46,211
07/30/2016,LFT,LA,ASW,CE,Combined TRACON& Tower with Radar,10,7,18,28,63,0,17,20,1,38,10,24,38,29,101,26,28,54,155
07/31/2016,LFT,LA,ASW,CE,Combined TRACON& Tower with Radar,9,15,27,5,56,0,24,20,1,45,9,39,47,6,101,0,0,0,101
08/01/2016,LFT,LA,ASW,CE,Combined TRACON& Tower with Radar,11,28,15,2,56,0,21,29,1,51,11,49,44,3,107,27,0,27,134
08/02/2016,LFT,LA,ASW,CE,Combined TRACON& Tower with Radar,13,24,39,0,76,0,64,29,0,93,13,88,68,0,169,28,0,28,197
08/03/2016,LFT,LA,ASW,CE,Combined TRACON& Tower with Radar,17,26,29,3,75,0,43,25,2,70,17,69,54,5,145,10,0,10,155
08/04/2016,LFT,LA,ASW,CE,Combined TRACON& Tower with Radar,16,18,35,2,71,0,53,35,0,88,16,71,70,2,159,44,0,44,203
08/05/2016,LFT,LA,ASW,CE,Combined TRACON& Tower with Radar,13,22,30,12,77,0,32,31,0,63,13,54,61,12,140,6,4,10,150
08/06/2016,LFT,LA,ASW,CE,Combined TRACON& Tower with Radar,11,14,12,0,37,0,20,18,0,38,11,34,30,0,75,74,0,74,149
08/07/2016,LFT,LA,ASW,CE,Combined TRACON& Tower with Radar,10,23,23,0,56,0,24,16,0,40,10,47,39,0,96,38,0,38,134
08/08/2016,LFT,LA,ASW,CE,Combined TRACON& Tower with Radar,11,30,34,2,77,0,33,25,0,58,11,63,59,2,135,4,0,4,139
08/09/2016,LFT,LA,ASW,CE,Combined TRACON& Tower with Radar,12,18,22,0,52,0,29,25,0,54,12,47,47,0,106,38,0,38,144
08/10/2016,LFT,LA,ASW,CE,Combined TRACON& Tower with Radar,13,24,33,0,70,0,25,19,0,44,13,49,52,0,114,26,0,26,140
08/11/2016,LFT,LA,ASW,CE,Combined TRACON& Tower with Radar,14,17,20,0,51,0,11,1,0,12,14,28,21,0,63,8,0,8,71
08/12/2016,LFT,LA,ASW,CE,Combined TRACON& Tower with Radar,11,15,9,0,35,0,0,0,0,0,11,15,9,0,35,0,0,0,35
08/13/2016,LFT,LA,ASW,CE,Combined TRACON& Tower with Radar,4,6,1,0,11,0,0,0,0,0,4,6,1,0,11,0,0,0,11
08/14/2016,LFT,LA,ASW,CE,Combined TRACON& Tower with Radar,5,16,14,0,35,0,52,7,0,59,5,68,21,0,94,2,0,2,96
08/15/2016,LFT,LA,ASW,CE,Combined TRACON& Tower with Radar,14,21,18,0,53,0,46,16,1,63,14,67,34,1,116,12,0,12,128
08/16/2016,LFT,LA,ASW,CE,Combined TRACON& Tower with Radar,10,25,30,0,65,0,70,19,0,89,10,95,49,0,154,16,0,16,170
08/17/2016,LFT,LA,ASW,CE,Combined TRACON& Tower with Radar,10,33,32,0,75,0,34,17,0,51,10,67,49,0,126,0,0,0,126
08/18/2016,LFT,LA,ASW,CE,Combined TRACON& Tower with Radar,11,20,23,0,54,0,57,19,0,76,11,77,42,0,130,6,0,6,136
08/19/2016,LFT,LA,ASW,CE,Combined TRACON& Tower with Radar,9,20,29,0,58,0,40,16,1,57,9,60,45,1,115,0,0,0,115
08/20/2016,LFT,LA,ASW,CE,Combined TRACON& Tower with Radar,5,18,15,2,40,0,27,24,0,51,5,45,39,2,91,76,0,76,167
08/21/2016,LFT,LA,ASW,CE,Combined TRACON& Tower with Radar,9,26,18,0,53,0,17,15,0,32,9,43,33,0,85,4,0,4,89
08/22/2016,LFT,LA,ASW,CE,Combined TRACON& Tower with Radar,10,20,34,0,64,0,30,15,0,45,10,50,49,0,109,10,0,10,119
08/23/2016,LFT,LA,ASW,CE,Combined TRACON& Tower with Radar,12,18,55,2,87,0,36,32,0,68,12,54,87,2,155,48,0,48,203
08/24/2016,LFT,LA,ASW,CE,Combined TRACON& Tower with Radar,12,33,52,0,97,0,39,33,0,72,12,72,85,0,169,32,0,32,201
08/25/2016,LFT,LA,ASW,CE,Combined TRACON& Tower with Radar,11,20,44,0,75,0,6,21,1,28,11,26,65,1,103,6,0,6,109
08/26/2016,LFT,LA,ASW,CE,Combined TRACON& Tower with Radar,9,26,43,0,78,0,12,31,2,45,9,38,74,2,123,16,0,16,139
08/27/2016,LFT,LA,ASW,CE,Combined TRACON& Tower with Radar,7,17,13,0,37,0,6,10,0,16,7,23,23,0,53,6,0,6,59
08/28/2016,LFT,LA,ASW,CE,Combined TRACON& Tower with Radar,9,20,14,0,43,0,3,10,0,13,9,23,24,0,56,14,0,14,70
08/29/2016,LFT,LA,ASW,CE,Combined TRACON& Tower with Radar,8,24,17,0,49,0,19,11,0,30,8,43,28,0,79,0,0,0,79
08/30/2016,LFT,LA,ASW,CE,Combined TRACON& Tower with Radar,11,16,27,4,58,0,28,31,0,59,11,44,58,4,117,62,2,64,181
08/31/2016,LFT,LA,ASW,CE,Combined TRACON& Tower with Radar,11,32,30,8,81,0,70,23,2,95,11,102,53,10,176,8,0,8,184
09/01/2016,LFT,LA,ASW,CE,Combined TRACON& Tower with Radar,10,24,28,0,62,0,47,20,0,67,10,71,48,0,129,23,0,23,152
09/02/2016,LFT,LA,ASW,CE,Combined TRACON& Tower with Radar,10,23,32,0,65,0,31,49,0,80,10,54,81,0,145,40,0,40,185
09/03/2016,LFT,LA,ASW,CE,Combined TRACON& Tower with Radar,10,12,21,0,43,0,28,31,0,59,10,40,52,0,102,10,0,10,112
09/04/2016,LFT,LA,ASW,CE,Combined TRACON& Tower with Radar,10,17,13,0,40,0,5,4,0,9,10,22,17,0,49,8,0,8,57
09/05/2016,LFT,LA,ASW,CE,Combined TRACON& Tower with Radar,6,25,22,1,54,0,23,10,0,33,6,48,32,1,87,0,0,0,87
09/06/2016,LFT,LA,ASW,CE,Combined TRACON& Tower with Radar,10,27,33,0,70,0,31,14,0,45,10,58,47,0,115,14,0,14,129
09/07/2016,LFT,LA,ASW,CE,Combined TRACON& Tower with Radar,13,20,32,11,76,0,53,31,0,84,13,73,63,11,160,14,0,14,174
09/08/2016,LFT,LA,ASW,CE,Combined TRACON& Tower with Radar,15,20,47,10,92,0,44,33,0,77,15,64,80,10,169,40,0,40,209
09/09/2016,LFT,LA,ASW,CE,Combined TRACON& Tower with Radar,12,24,36,0,72,0,36,36,0,72,12,60,72,0,144,4,0,4,148
09/10/2016,LFT,LA,ASW,CE,Combined TRACON& Tower with Radar,7,16,20,0,43,0,33,21,0,54,7,49,41,0,97,18,0,18,115
09/11/2016,LFT,LA,ASW,CE,Combined TRACON& Tower with Radar,10,24,23,0,57,0,15,27,0,42,10,39,50,0,99,0,0,0,99
09/12/2016,LFT,LA,ASW,CE,Combined TRACON& Tower with Radar,11,30,35,0,76,0,22,20,0,42,11,52,55,0,118,0,0,0,118
09/13/2016,LFT,LA,ASW,CE,Combined TRACON& Tower with Radar,13,21,25,0,59,0,19,22,0,41,13,40,47,0,100,0,0,0,100
09/14/2016,LFT,LA,ASW,CE,Combined TRACON& Tower with Radar,9,24,30,4,67,0,37,19,0,56,9,61,49,4,123,4,0,4,127
09/15/2016,LFT,LA,ASW,CE,Combined TRACON& Tower with Radar,11,38,48,2,99,0,27,26,0,53,11,65,74,2,152,8,2,10,162
09/16/2016,LFT,LA,ASW,CE,Combined TRACON& Tower with Radar,13,25,29,0,67,0,9,2,0,11,13,34,31,0,78,10,0,10,88
09/17/2016,LFT,LA,ASW,CE,Combined TRACON& Tower with Radar,8,18,30,0,56,0,25,1,2,28,8,43,31,2,84,6,0,6,90
09/18/2016,LFT,LA,ASW,CE,Combined TRACON& Tower with Radar,12,22,26,0,60,0,27,11,2,40,12,49,37,2,100,3,0,3,103
09/19/2016,LFT,LA,ASW,CE,Combined TRACON& Tower with Radar,11,26,32,2,71,0,44,25,0,69,11,70,57,2,140,10,0,10,150
09/20/2016,LFT,LA,ASW,CE,Combined TRACON& Tower with Radar,10,19,29,0,58,0,39,19,0,58,10,58,48,0,116,50,0,50,166
09/21/2016,LFT,LA,ASW,CE,Combined TRACON& Tower with Radar,12,23,25,1,61,0,34,37,2,73,12,57,62,3,134,22,0,22,156
09/22/2016,LFT,LA,ASW,CE,Combined TRACON& Tower with Radar,9,29,30,0,68,0,59,16,0,75,9,88,46,0,143,48,0,48,191
09/23/2016,LFT,LA,ASW,CE,Combined TRACON& Tower with Radar,12,24,28,8,72,0,48,49,2,99,12,72,77,10,171,38,0,38,209
09/24/2016,LFT,LA,ASW,CE,Combined TRACON& Tower with Radar,7,14,17,0,38,0,33,22,0,55,7,47,39,0,93,12,0,12,105
09/25/2016,LFT,LA,ASW,CE,Combined TRACON& Tower with Radar,11,26,34,6,77,0,36,16,0,52,11,62,50,6,129,2,0,2,131
09/26/2016,LFT,LA,ASW,CE,Combined TRACON& Tower with Radar,13,21,27,4,65,0,42,24,0,66,13,63,51,4,131,24,0,24,155
09/27/2016,LFT,LA,ASW,CE,Combined TRACON& Tower with Radar,12,19,28,0,59,0,66,33,0,99,12,85,61,0,158,0,0,0,158
09/28/2016,LFT,LA,ASW,CE,Combined TRACON& Tower with Radar,12,23,28,2,65,0,56,28,0,84,12,79,56,2,149,36,0,36,185
09/29/2016,LFT,LA,ASW,CE,Combined TRACON& Tower with Radar,10,27,24,6,67,0,25,28,0,53,10,52,52,6,120,34,2,36,156
09/30/2016,LFT,LA,ASW,CE,Combined TRACON& Tower with Radar,14,25,33,0,72,0,27,38,1,66,14,52,71,1,138,30,0,30,168
10/01/2016,LFT,LA,ASW,CE,Combined TRACON& Tower with Radar,7,14,16,0,37,0,17,38,0,55,7,31,54,0,92,10,0,10,102
10/02/2016,LFT,LA,ASW,CE,Combined TRACON& Tower with Radar,12,20,22,0,54,0,22,21,0,43,12,42,43,0,97,13,0,13,110
10/03/2016,LFT,LA,ASW,CE,Combined TRACON& Tower with Radar,12,30,53,4,99,0,56,32,0,88,12,86,85,4,187,62,0,62,249
10/04/2016,LFT,LA,ASW,CE,Combined TRACON& Tower with Radar,13,19,42,0,74,0,55,30,0,85,13,74,72,0,159,110,0,110,269
10/05/2016,LFT,LA,ASW,CE,Combined TRACON& Tower with Radar,12,26,47,0,85,0,45,30,0,75,12,71,77,0,160,50,0,50,210
10/06/2016,LFT,LA,ASW,CE,Combined TRACON& Tower with Radar,10,25,56,3,94,0,47,32,0,79,10,72,88,3,173,42,0,42,215
10/07/2016,LFT,LA,ASW,CE,Combined TRACON& Tower with Radar,11,30,46,6,93,0,36,26,0,62,11,66,72,6,155,33,0,33,188
10/08/2016,LFT,LA,ASW,CE,Combined TRACON& Tower with Radar,8,12,15,0,35,0,17,33,0,50,8,29,48,0,85,15,0,15,100
10/09/2016,LFT,LA,ASW,CE,Combined TRACON& Tower with Radar,9,25,24,0,58,0,17,22,0,39,9,42,46,0,97,22,0,22,119
10/10/2016,LFT,LA,ASW,CE,Combined TRACON& Tower with Radar,9,24,23,0,56,0,18,20,0,38,9,42,43,0,94,85,0,85,179
10/11/2016,LFT,LA,ASW,CE,Combined TRACON& Tower with Radar,11,27,38,0,76,0,36,42,1,79,11,63,80,1,155,10,0,10,165
10/12/2016,LFT,LA,ASW,CE,Combined TRACON& Tower with Radar,11,27,27,2,67,0,31,34,0,65,11,58,61,2,132,6,0,6,138
10/13/2016,LFT,LA,ASW,CE,Combined TRACON& Tower with Radar,9,26,34,3,72,0,31,26,1,58,9,57,60,4,130,10,0,10,140
10/14/2016,LFT,LA,ASW,CE,Combined TRACON& Tower with Radar,9,30,32,0,71,0,36,23,2,61,9,66,55,2,132,10,0,10,142
10/15/2016,LFT,LA,ASW,CE,Combined TRACON& Tower with Radar,7,12,19,0,38,0,30,22,0,52,7,42,41,0,90,0,0,0,90
10/16/2016,LFT,LA,ASW,CE,Combined TRACON& Tower with Radar,9,29,29,0,67,0,7,16,1,24,9,36,45,1,91,37,0,37,128
10/17/2016,LFT,LA,ASW,CE,Combined TRACON& Tower with Radar,10,32,31,1,74,0,11,14,0,25,10,43,45,1,99,20,1,21,120
10/18/2016,LFT,LA,ASW,CE,Combined TRACON& Tower with Radar,10,23,34,0,67,0,27,35,0,62,10,50,69,0,129,35,2,37,166
10/19/2016,LFT,LA,ASW,CE,Combined TRACON& Tower with Radar,9,31,25,2,67,0,29,22,0,51,9,60,47,2,118,34,0,34,152
10/20/2016,LFT,LA,ASW,CE,Combined TRACON& Tower with Radar,11,29,32,4,76,0,42,25,0,67,11,71,57,4,143,54,0,54,197
10/21/2016,LFT,LA,ASW,CE,Combined TRACON& Tower with Radar,10,24,46,8,88,0,12,29,1,42,10,36,75,9,130,6,14,20,150
10/22/2016,LFT,LA,ASW,CE,Combined TRACON& Tower with Radar,8,17,12,12,49,0,18,41,0,59,8,35,53,12,108,8,0,8,116
10/23/2016,LFT,LA,ASW,CE,Combined TRACON& Tower with Radar,11,22,20,0,53,0,16,18,1,35,11,38,38,1,88,0,0,0,88
10/24/2016,LFT,LA,ASW,CE,Combined TRACON& Tower with Radar,9,32,26,2,69,0,37,15,0,52,9,69,41,2,121,54,4,58,179
10/25/2016,LFT,LA,ASW,CE,Combined TRACON& Tower with Radar,10,25,34,7,76,0,10,33,0,43,10,35,67,7,119,36,14,50,169
10/26/2016,LFT,LA,ASW,CE,Combined TRACON& Tower with Radar,9,34,21,2,66,0,58,22,0,80,9,92,43,2,146,21,0,21,167
10/27/2016,LFT,LA,ASW,CE,Combined TRACON& Tower with Radar,9,24,31,0,64,0,30,28,1,59,9,54,59,1,123,30,0,30,153
10/28/2016,LFT,LA,ASW,CE,Combined TRACON& Tower with Radar,9,27,37,10,83,0,28,16,2,46,9,55,53,12,129,0,0,0,129
10/29/2016,LFT,LA,ASW,CE,Combined TRACON& Tower with Radar,8,14,18,0,40,0,10,37,4,51,8,24,55,4,91,50,2,52,143
10/30/2016,LFT,LA,ASW,CE,Combined TRACON& Tower with Radar,7,24,31,0,62,0,9,29,0,38,7,33,60,0,100,0,0,0,100
10/31/2016,LFT,LA,ASW,CE,Combined TRACON& Tower with Radar,9,23,25,2,59,0,9,24,2,35,9,32,49,4,94,0,6,6,100
11/01/2016,LFT,LA,ASW,CE,Combined TRACON& Tower with Radar,10,24,37,0,71,0,50,20,0,70,10,74,57,0,141,0,0,0,141
11/02/2016,LFT,LA,ASW,CE,Combined TRACON& Tower with Radar,9,28,20,0,57,0,15,20,0,35,9,43,40,0,92,0,0,0,92
11/03/2016,LFT,LA,ASW,CE,Combined TRACON& Tower with Radar,12,22,30,2,66,0,32,19,0,51,12,54,49,2,117,0,0,0,117
11/04/2016,LFT,LA,ASW,CE,Combined TRACON& Tower with Radar,13,19,49,4,85,0,36,19,2,57,13,55,68,6,142,2,0,2,144
11/05/2016,LFT,LA,ASW,CE,Combined TRACON& Tower with Radar,7,14,9,1,31,0,18,27,1,46,7,32,36,2,77,16,0,16,93
11/06/2016,LFT,LA,ASW,CE,Combined TRACON& Tower with Radar,8,18,32,8,66,0,20,20,3,43,8,38,52,11,109,16,0,16,125
11/07/2016,LFT,LA,ASW,CE,Combined TRACON& Tower with Radar,11,23,26,4,64,0,5,5,0,10,11,28,31,4,74,0,0,0,74
11/08/2016,LFT,LA,ASW,CE,Combined TRACON& Tower with Radar,12,21,28,0,61,0,15,4,0,19,12,36,32,0,80,25,0,25,105
11/09/2016,LFT,LA,ASW,CE,Combined TRACON& Tower with Radar,12,29,49,4,94,0,19,16,1,36,12,48,65,5,130,28,0,28,158
11/10/2016,LFT,LA,ASW,CE,Combined TRACON& Tower with Radar,10,18,31,0,59,0,31,30,0,61,10,49,61,0,120,44,0,44,164
11/11/2016,LFT,LA,ASW,CE,Combined TRACON& Tower with Radar,11,25,49,0,85,0,19,29,0,48,11,44,78,0,133,12,0,12,145
11/12/2016,LFT,LA,ASW,CE,Combined TRACON& Tower with Radar,8,9,18,0,35,0,13,27,0,40,8,22,45,0,75,32,0,32,107
11/13/2016,LFT,LA,ASW,CE,Combined TRACON& Tower with Radar,7,22,34,0,63,0,14,16,0,30,7,36,50,0,93,0,0,0,93
11/14/2016,LFT,LA,ASW,CE,Combined TRACON& Tower with Radar,11,32,29,0,72,0,41,32,0,73,11,73,61,0,145,30,0,30,175
11/15/2016,LFT,LA,ASW,CE,Combined TRACON& Tower with Radar,12,19,44,0,75,0,52,41,2,95,12,71,85,2,170,38,4,42,212
11/16/2016,LFT,LA,ASW,CE,Combined TRACON& Tower with Radar,10,27,34,1,72,0,60,15,1,76,10,87,49,2,148,12,18,30,178
11/17/2016,LFT,LA,ASW,CE,Combined TRACON& Tower with Radar,12,26,46,0,84,0,53,34,2,89,12,79,80,2,173,12,0,12,185
11/18/2016,LFT,LA,ASW,CE,Combined TRACON& Tower with Radar,12,26,43,0,81,0,29,28,0,57,12,55,71,0,138,18,0,18,156
11/19/2016,LFT,LA,ASW,CE,Combined TRACON& Tower with Radar,9,13,33,0,55,0,9,16,0,25,9,22,49,0,80,2,0,2,82
11/20/2016,LFT,LA,ASW,CE,Combined TRACON& Tower with Radar,7,21,37,0,65,0,14,33,0,47,7,35,70,0,112,0,0,0,112
11/21/2016,LFT,LA,ASW,CE,Combined TRACON& Tower with Radar,10,21,34,2,67,0,19,24,0,43,10,40,58,2,110,58,0,58,168
11/22/2016,LFT,LA,ASW,CE,Combined TRACON& Tower with Radar,12,19,42,6,79,0,19,28,0,47,12,38,70,6,126,4,0,4,130
11/23/2016,LFT,LA,ASW,CE,Combined TRACON& Tower with Radar,10,16,27,0,53,0,8,11,0,19,10,24,38,0,72,0,0,0,72
11/24/2016,LFT,LA,ASW,CE,Combined TRACON& Tower with Radar,7,6,14,0,27,0,6,15,0,21,7,12,29,0,48,6,0,6,54
11/25/2016,LFT,LA,ASW,CE,Combined TRACON& Tower with Radar,10,16,17,0,43,0,10,23,0,33,10,26,40,0,76,2,0,2,78
11/26/2016,LFT,LA,ASW,CE,Combined TRACON& Tower with Radar,11,23,24,0,58,0,9,16,0,25,11,32,40,0,83,0,0,0,83
11/27/2016,LFT,LA,ASW,CE,Combined TRACON& Tower with Radar,8,23,39,0,70,0,11,27,0,38,8,34,66,0,108,0,0,0,108
11/28/2016,LFT,LA,ASW,CE,Combined TRACON& Tower with Radar,12,28,14,0,54,0,9,3,0,12,12,37,17,0,66,0,0,0,66
11/29/2016,LFT,LA,ASW,CE,Combined TRACON& Tower with Radar,10,19,29,0,58,0,4,0,0,4,10,23,29,0,62,0,0,0,62
11/30/2016,LFT,LA,ASW,CE,Combined TRACON& Tower with Radar,11,15,26,0,52,0,22,13,0,35,11,37,39,0,87,10,0,10,97
12/01/2016,LFT,LA,ASW,CE,Combined TRACON& Tower with Radar,11,25,28,0,64,0,48,36,1,85,11,73,64,1,149,22,0,22,171
12/02/2016,LFT,LA,ASW,CE,Combined TRACON& Tower with Radar,12,19,33,2,66,0,37,15,0,52,12,56,48,2,118,0,0,0,118
12/03/2016,LFT,LA,ASW,CE,Combined TRACON& Tower with Radar,7,12,5,0,24,0,5,3,0,8,7,17,8,0,32,2,0,2,34
12/04/2016,LFT,LA,ASW,CE,Combined TRACON& Tower with Radar,8,22,19,0,49,0,0,0,0,0,8,22,19,0,49,0,0,0,49
12/05/2016,LFT,LA,ASW,CE,Combined TRACON& Tower with Radar,10,22,9,0,41,0,0,0,0,0,10,22,9,0,41,0,0,0,41
12/06/2016,LFT,LA,ASW,CE,Combined TRACON& Tower with Radar,11,19,36,2,68,0,32,11,0,43,11,51,47,2,111,0,0,0,111
12/07/2016,LFT,LA,ASW,CE,Combined TRACON& Tower with Radar,8,26,32,0,66,0,26,6,0,32,8,52,38,0,98,0,0,0,98
12/08/2016,LFT,LA,ASW,CE,Combined TRACON& Tower with Radar,12,31,31,0,74,0,21,0,0,21,12,52,31,0,95,0,0,0,95
12/09/2016,LFT,LA,ASW,CE,Combined TRACON& Tower with Radar,12,21,26,0,59,0,44,14,0,58,12,65,40,0,117,0,0,0,117
12/10/2016,LFT,LA,ASW,CE,Combined TRACON& Tower with Radar,8,9,15,4,36,0,41,31,0,72,8,50,46,4,108,24,8,32,140
12/11/2016,LFT,LA,ASW,CE,Combined TRACON& Tower with Radar,9,21,28,0,58,0,25,11,0,36,9,46,39,0,94,0,0,0,94
12/12/2016,LFT,LA,ASW,CE,Combined TRACON& Tower with Radar,11,28,24,0,63,0,23,7,0,30,11,51,31,0,93,3,0,3,96
12/13/2016,LFT,LA,ASW,CE,Combined TRACON& Tower with Radar,11,21,31,5,68,0,2,2,0,4,11,23,33,5,72,0,0,0,72
12/14/2016,LFT,LA,ASW,CE,Combined TRACON& Tower with Radar,10,41,53,1,105,0,0,1,0,1,10,41,54,1,106,0,0,0,106
12/15/2016,LFT,LA,ASW,CE,Combined TRACON& Tower with Radar,8,28,54,2,92,0,17,28,0,45,8,45,82,2,137,10,0,10,147
12/16/2016,LFT,LA,ASW,CE,Combined TRACON& Tower with Radar,7,34,39,0,80,0,36,22,0,58,7,70,61,0,138,2,0,2,140
12/17/2016,LFT,LA,ASW,CE,Combined TRACON& Tower with Radar,7,20,33,2,62,0,4,1,0,5,7,24,34,2,67,0,0,0,67
12/18/2016,LFT,LA,ASW,CE,Combined TRACON& Tower with Radar,3,15,17,0,35,0,7,2,0,9,3,22,19,0,44,0,0,0,44
12/19/2016,LFT,LA,ASW,CE,Combined TRACON& Tower with Radar,7,19,36,5,67,0,21,14,0,35,7,40,50,5,102,2,0,2,104
12/20/2016,LFT,LA,ASW,CE,Combined TRACON& Tower with Radar,12,19,33,0,64,0,42,26,0,68,12,61,59,0,132,26,0,26,158
12/21/2016,LFT,LA,ASW,CE,Combined TRACON& Tower with Radar,11,19,20,6,56,0,34,26,1,61,11,53,46,7,117,10,3,13,130
12/22/2016,LFT,LA,ASW,CE,Combined TRACON& Tower with Radar,11,25,26,0,62,0,9,0,0,9,11,34,26,0,71,16,0,16,87
12/23/2016,LFT,LA,ASW,CE,Combined TRACON& Tower with Radar,7,19,26,0,52,0,14,6,0,20,7,33,32,0,72,10,0,10,82
12/24/2016,LFT,LA,ASW,CE,Combined TRACON& Tower with Radar,5,17,13,0,35,0,11,7,0,18,5,28,20,0,53,0,0,0,53
12/25/2016,LFT,LA,ASW,CE,Combined TRACON& Tower with Radar,5,14,6,0,25,0,8,1,0,9,5,22,7,0,34,0,0,0,34
12/26/2016,LFT,LA,ASW,CE,Combined TRACON& Tower with Radar,5,19,46,0,70,0,18,2,0,20,5,37,48,0,90,0,0,0,90
12/27/2016,LFT,LA,ASW,CE,Combined TRACON& Tower with Radar,8,20,24,2,54,0,18,0,0,18,8,38,24,2,72,14,0,14,86
12/28/2016,LFT,LA,ASW,CE,Combined TRACON& Tower with Radar,7,19,36,0,62,0,7,3,0,10,7,26,39,0,72,2,0,2,74
12/29/2016,LFT,LA,ASW,CE,Combined TRACON& Tower with Radar,8,20,21,0,49,0,13,18,0,31,8,33,39,0,80,10,0,10,90
12/30/2016,LFT,LA,ASW,CE,Combined TRACON& Tower with Radar,6,23,38,0,67,0,16,23,0,39,6,39,61,0,106,10,0,10,116
12/31/2016,LFT,LA,ASW,CE,Combined TRACON& Tower with Radar,5,14,14,0,33,0,2,2,0,4,5,16,16,0,37,0,0,0,37
01/01/2017,LFT,LA,ASW,CE,Combined TRACON& Tower with Radar,5,18,5,0,28,0,22,1,0,23,5,40,6,0,51,0,0,0,51
01/02/2017,LFT,LA,ASW,CE,Combined TRACON& Tower with Radar,6,14,27,0,47,0,6,3,0,9,6,20,30,0,56,0,0,0,56
01/03/2017,LFT,LA,ASW,CE,Combined TRACON& Tower with Radar,7,17,32,0,56,0,29,20,0,49,7,46,52,0,105,24,0,24,129
01/04/2017,LFT,LA,ASW,CE,Combined TRACON& Tower with Radar,7,22,26,0,55,0,13,21,0,34,7,35,47,0,89,8,0,8,97
01/05/2017,LFT,LA,ASW,CE,Combined TRACON& Tower with Radar,6,24,22,0,52,0,38,9,0,47,6,62,31,0,99,12,0,12,111
01/06/2017,LFT,LA,ASW,CE,Combined TRACON& Tower with Radar,5,19,19,2,45,0,1,0,0,1,5,20,19,2,46,0,0,0,46
01/07/2017,LFT,LA,ASW,CE,Combined TRACON& Tower with Radar,6,14,20,2,42,0,20,12,0,32,6,34,32,2,74,4,0,4,78
01/08/2017,LFT,LA,ASW,CE,Combined TRACON& Tower with Radar,6,20,27,1,54,0,18,12,0,30,6,38,39,1,84,0,0,0,84
01/09/2017,LFT,LA,ASW,CE,Combined TRACON& Tower with Radar,11,24,25,6,66,0,29,30,0,59,11,53,55,6,125,10,0,10,135
01/10/2017,LFT,LA,ASW,CE,Combined TRACON& Tower with Radar,10,19,30,0,59,0,46,14,0,60,10,65,44,0,119,11,0,11,130
01/11/2017,LFT,LA,ASW,CE,Combined TRACON& Tower with Radar,11,24,28,4,67,0,22,9,0,31,11,46,37,4,98,8,0,8,106
01/12/2017,LFT,LA,ASW,CE,Combined TRACON& Tower with Radar,10,19,35,6,70,0,25,24,1,50,10,44,59,7,120,18,4,22,142
01/13/2017,LFT,LA,ASW,CE,Combined TRACON& Tower with Radar,13,23,39,6,81,0,11,6,0,17,13,34,45,6,98,28,0,28,126
01/14/2017,LFT,LA,ASW,CE,Combined TRACON& Tower with Radar,5,14,32,0,51,0,20,18,1,39,5,34,50,1,90,21,0,21,111
01/15/2017,LFT,LA,ASW,CE,Combined TRACON& Tower with Radar,5,13,37,4,59,0,16,21,0,37,5,29,58,4,96,0,0,0,96
01/16/2017,LFT,LA,ASW,CE,Combined TRACON& Tower with Radar,5,23,42,2,72,0,9,11,0,20,5,32,53,2,92,0,0,0,92
01/17/2017,LFT,LA,ASW,CE,Combined TRACON& Tower with Radar,12,22,35,0,69,0,21,13,0,34,12,43,48,0,103,0,0,0,103
01/18/2017,LFT,LA,ASW,CE,Combined TRACON& Tower with Radar,12,19,47,0,78,0,2,2,0,4,12,21,49,0,82,0,0,0,82
01/19/2017,LFT,LA,ASW,CE,Combined TRACON& Tower with Radar,12,20,15,0,47,0,2,3,0,5,12,22,18,0,52,0,0,0,52
01/20/2017,LFT,LA,ASW,CE,Combined TRACON& Tower with Radar,12,24,48,2,86,0,36,33,0,69,12,60,81,2,155,24,0,24,179
01/21/2017,LFT,LA,ASW,CE,Combined TRACON& Tower with Radar,6,11,14,0,31,0,5,10,0,15,6,16,24,0,46,0,8,8,54
01/22/2017,LFT,LA,ASW,CE,Combined TRACON& Tower with Radar,9,18,22,0,49,0,12,10,0,22,9,30,32,0,71,0,0,0,71
01/23/2017,LFT,LA,ASW,CE,Combined TRACON& Tower with Radar,11,41,30,7,89,0,18,33,0,51,11,59,63,7,140,0,0,0,140
01/24/2017,LFT,LA,ASW,CE,Combined TRACON& Tower with Radar,10,26,34,0,70,0,39,47,0,86,10,65,81,0,156,48,0,48,204
01/25/2017,LFT,LA,ASW,CE,Combined TRACON& Tower with Radar,10,19,48,1,78,0,6,8,2,16,10,25,56,3,94,30,0,30,124
01/26/2017,LFT,LA,ASW,CE,Combined TRACON& Tower with Radar,11,19,25,2,57,0,15,34,0,49,11,34,59,2,106,14,0,14,120
01/27/2017,LFT,LA,ASW,CE,Combined TRACON& Tower with Radar,12,19,47,10,88,0,33,48,0,81,12,52,95,10,169,18,0,18,187
01/28/2017,LFT,LA,ASW,CE,Combined TRACON& Tower with Radar,6,12,39,0,57,0,16,31,0,47,6,28,70,0,104,6,0,6,110
01/29/2017,LFT,LA,ASW,CE,Combined TRACON& Tower with Radar,8,15,31,0,54,0,11,28,0,39,8,26,59,0,93,38,0,38,131
01/30/2017,LFT,LA,ASW,CE,Combined TRACON& Tower with Radar,10,21,31,6,68,0,35,38,0,73,10,56,69,6,141,12,0,12,153
01/31/2017,LFT,LA,ASW,CE,Combined TRACON& Tower with Radar,10,17,27,8,62,0,88,32,0,120,10,105,59,8,182,0,4,4,186
02/01/2017,LFT,LA,ASW,CE,Combined TRACON& Tower with Radar,10,20,35,6,71,0,45,43,0,88,10,65,78,6,159,22,6,28,187
02/02/2017,LFT,LA,ASW,CE,Combined TRACON& Tower with Radar,10,19,34,1,64,0,27,20,1,48,10,46,54,2,112,26,0,26,138
02/03/2017,LFT,LA,ASW,CE,Combined TRACON& Tower with Radar,9,20,33,2,64,0,29,23,1,53,9,49,56,3,117,4,0,4,121
02/04/2017,LFT,LA,ASW,CE,Combined TRACON& Tower with Radar,6,12,28,1,47,0,22,46,1,69,6,34,74,2,116,20,0,20,136
02/05/2017,LFT,LA,ASW,CE,Combined TRACON& Tower with Radar,9,18,21,0,48,0,21,27,0,48,9,39,48,0,96,26,0,26,122
02/06/2017,LFT,LA,ASW,CE,Combined TRACON& Tower with Radar,11,21,32,0,64,0,8,9,2,19,11,29,41,2,83,0,0,0,83
02/07/2017,LFT,LA,ASW,CE,Combined TRACON& Tower with Radar,10,22,26,1,59,0,1,0,1,2,10,23,26,2,61,0,0,0,61
02/08/2017,LFT,LA,ASW,CE,Combined TRACON& Tower with Radar,11,16,31,0,58,0,18,6,0,24,11,34,37,0,82,0,0,0,82
02/09/2017,LFT,LA,ASW,CE,Combined TRACON& Tower with Radar,10,24,41,0,75,0,22,35,0,57,10,46,76,0,132,92,0,92,224
02/10/2017,LFT,LA,ASW,CE,Combined TRACON& Tower with Radar,9,21,27,0,57,0,46,17,0,63,9,67,44,0,120,0,0,0,120
02/11/2017,LFT,LA,ASW,CE,Combined TRACON& Tower with Radar,6,12,23,0,41,0,13,7,0,20,6,25,30,0,61,18,0,18,79
02/12/2017,LFT,LA,ASW,CE,Combined TRACON& Tower with Radar,9,17,46,0,72,0,16,18,0,34,9,33,64,0,106,50,0,50,156
02/13/2017,LFT,LA,ASW,CE,Combined TRACON& Tower with Radar,9,28,19,0,56,0,36,9,0,45,9,64,28,0,101,20,0,20,121
02/14/2017,LFT,LA,ASW,CE,Combined TRACON& Tower with Radar,12,19,20,0,51,0,11,12,0,23,12,30,32,0,74,0,0,0,74
02/15/2017,LFT,LA,ASW,CE,Combined TRACON& Tower with Radar,11,25,31,0,67,0,15,16,0,31,11,40,47,0,98,1,0,1,99
02/16/2017,LFT,LA,ASW,CE,Combined TRACON& Tower with Radar,8,26,36,0,70,0,50,53,2,105,8,76,89,2,175,6,0,6,181
02/17/2017,LFT,LA,ASW,CE,Combined TRACON& Tower with Radar,8,23,29,0,60,0,23,25,0,48,8,46,54,0,108,12,16,28,136
02/18/2017,LFT,LA,ASW,CE,Combined TRACON& Tower with Radar,8,15,23,2,48,0,12,15,0,27,8,27,38,2,75,42,0,42,117
02/19/2017,LFT,LA,ASW,CE,Combined TRACON& Tower with Radar,6,21,23,0,50,0,19,9,0,28,6,40,32,0,78,0,0,0,78
02/20/2017,LFT,LA,ASW,CE,Combined TRACON& Tower with Radar,8,17,18,0,43,0,20,4,0,24,8,37,22,0,67,0,0,0,67
02/21/2017,LFT,LA,ASW,CE,Combined TRACON& Tower with Radar,9,21,51,4,85,0,12,10,0,22,9,33,61,4,107,12,0,12,119
02/22/2017,LFT,LA,ASW,CE,Combined TRACON& Tower with Radar,9,25,42,4,80,0,43,25,0,68,9,68,67,4,148,54,0,54,202
02/23/2017,LFT,LA,ASW,CE,Combined TRACON& Tower with Radar,9,25,37,2,73,0,26,44,0,70,9,51,81,2,143,30,2,32,175
02/24/2017,LFT,LA,ASW,CE,Combined TRACON& Tower with Radar,8,24,43,4,79,0,38,13,0,51,8,62,56,4,130,4,0,4,134
02/25/2017,LFT,LA,ASW,CE,Combined TRACON& Tower with Radar,8,13,24,5,50,0,30,36,1,67,8,43,60,6,117,2,12,14,131
02/26/2017,LFT,LA,ASW,CE,Combined TRACON& Tower with Radar,6,20,28,9,63,0,34,17,1,52,6,54,45,10,115,0,0,0,115
02/27/2017,LFT,LA,ASW,CE,Combined TRACON& Tower with Radar,7,33,9,1,50,0,10,3,0,13,7,43,12,1,63,16,4,20,83
02/28/2017,LFT,LA,ASW,CE,Combined TRACON& Tower with Radar,9,21,30,0,60,0,11,8,0,19,9,32,38,0,79,18,0,18,97
03/01/2017,LFT,LA,ASW,CE,Combined TRACON& Tower with Radar,11,22,35,0,68,0,14,3,0,17,11,36,38,0,85,2,0,2,87
03/02/2017,LFT,LA,ASW,CE,Combined TRACON& Tower with Radar,9,19,40,2,70,0,28,32,0,60,9,47,72,2,130,10,2,12,142
03/03/2017,LFT,LA,ASW,CE,Combined TRACON& Tower with Radar,8,25,34,2,69,0,35,28,0,63,8,60,62,2,132,18,0,18,150
03/04/2017,LFT,LA,ASW,CE,Combined TRACON& Tower with Radar,9,14,36,0,59,0,30,27,0,57,9,44,63,0,116,56,0,56,172
03/05/2017,LFT,LA,ASW,CE,Combined TRACON& Tower with Radar,6,18,18,0,42,0,18,2,0,20,6,36,20,0,62,8,0,8,70
03/06/2017,LFT,LA,ASW,CE,Combined TRACON& Tower with Radar,8,24,31,2,65,0,25,4,0,29,8,49,35,2,94,0,0,0,94
03/07/2017,LFT,LA,ASW,CE,Combined TRACON& Tower with Radar,11,16,27,0,54,0,1,0,0,1,11,17,27,0,55,0,0,0,55
03/08/2017,LFT,LA,ASW,CE,Combined TRACON& Tower with Radar,11,23,39,0,73,0,37,31,0,68,11,60,70,0,141,0,0,0,141
03/09/2017,LFT,LA,ASW,CE,Combined TRACON& Tower with Radar,7,27,54,0,88,0,46,25,0,71,7,73,79,0,159,50,2,52,211
03/10/2017,LFT,LA,ASW,CE,Combined TRACON& Tower with Radar,10,20,21,0,51,0,10,9,0,19,10,30,30,0,70,78,0,78,148
03/11/2017,LFT,LA,ASW,CE,Combined TRACON& Tower with Radar,5,12,9,0,26,0,5,4,0,9,5,17,13,0,35,0,0,0,35
03/12/2017,LFT,LA,ASW,CE,Combined TRACON& Tower with Radar,8,18,29,0,55,0,25,4,0,29,8,43,33,0,84,0,0,0,84
03/13/2017,LFT,LA,ASW,CE,Combined TRACON& Tower with Radar,9,20,29,0,58,0,21,20,0,41,9,41,49,0,99,9,0,9,108
03/14/2017,LFT,LA,ASW,CE,Combined TRACON& Tower with Radar,7,21,30,0,58,0,51,30,0,81,7,72,60,0,139,0,6,6,145
03/15/2017,LFT,LA,ASW,CE,Combined TRACON& Tower with Radar,9,24,30,0,63,0,65,32,0,97,9,89,62,0,160,30,0,30,190
03/16/2017,LFT,LA,ASW,CE,Combined TRACON& Tower with Radar,8,19,28,0,55,0,44,14,1,59,8,63,42,1,114,20,0,20,134
03/17/2017,LFT,LA,ASW,CE,Combined TRACON& Tower with Radar,8,20,27,0,55,0,29,15,0,44,8,49,42,0,99,8,0,8,107
03/18/2017,LFT,LA,ASW,CE,Combined TRACON& Tower with Radar,7,14,26,0,47,0,10,37,0,47,7,24,63,0,94,16,0,16,110
03/19/2017,LFT,LA,ASW,CE,Combined TRACON& Tower with Radar,7,19,37,0,63,0,12,21,0,33,7,31,58,0,96,0,0,0,96
03/20/2017,LFT,LA,ASW,CE,Combined TRACON& Tower with Radar,6,18,31,4,59,0,23,14,0,37,6,41,45,4,96,2,0,2,98
03/21/2017,LFT,LA,ASW,CE,Combined TRACON& Tower with Radar,21,24,30,0,75,0,19,16,0,35,21,43,46,0,110,30,1,31,141
03/22/2017,LFT,LA,ASW,CE,Combined TRACON& Tower with Radar,9,24,27,0,60,0,26,21,0,47,9,50,48,0,107,20,0,20,127
03/23/2017,LFT,LA,ASW,CE,Combined TRACON& Tower with Radar,9,26,36,4,75,0,20,37,0,57,9,46,73,4,132,78,4,82,214
03/24/2017,LFT,LA,ASW,CE,Combined TRACON& Tower with Radar,6,20,28,0,54,0,23,2,0,25,6,43,30,0,79,0,0,0,79
03/25/2017,LFT,LA,ASW,CE,Combined TRACON& Tower with Radar,5,17,13,2,37,0,10,13,0,23,5,27,26,2,60,18,0,18,78
03/26/2017,LFT,LA,ASW,CE,Combined TRACON& Tower with Radar,5,20,33,12,70,0,4,15,0,19,5,24,48,12,89,11,0,11,100
03/27/2017,LFT,LA,ASW,CE,Combined TRACON& Tower with Radar,11,25,43,4,83,0,37,10,0,47,11,62,53,4,130,0,0,0,130
03/28/2017,LFT,LA,ASW,CE,Combined TRACON& Tower with Radar,8,21,39,20,88,0,55,13,0,68,8,76,52,20,156,29,2,31,187
03/29/2017,LFT,LA,ASW,CE,Combined TRACON& Tower with Radar,7,17,28,3,55,0,28,10,0,38,7,45,38,3,93,2,2,4,97
03/30/2017,LFT,LA,ASW,CE,Combined TRACON& Tower with Radar,8,18,36,3,65,0,13,17,0,30,8,31,53,3,95,24,0,24,119
03/31/2017,LFT,LA,ASW,CE,Combined TRACON& Tower with Radar,10,18,33,5,66,0,60,32,1,93,10,78,65,6,159,36,0,36,195
04/01/2017,LFT,LA,ASW,CE,Combined TRACON& Tower with Radar,6,18,24,9,57,0,26,28,7,61,6,44,52,16,118,0,0,0,118
04/02/2017,LFT,LA,ASW,CE,Combined TRACON& Tower with Radar,5,12,16,0,33,0,3,1,0,4,5,15,17,0,37,0,0,0,37
04/03/2017,LFT,LA,ASW,CE,Combined TRACON& Tower with Radar,5,19,19,2,45,0,24,18,0,42,5,43,37,2,87,6,0,6,93
04/04/2017,LFT,LA,ASW,CE,Combined TRACON& Tower with Radar,12,15,36,0,63,0,40,33,0,73,12,55,69,0,136,8,0,8,144
04/05/2017,LFT,LA,ASW,CE,Combined TRACON& Tower with Radar,13,16,24,4,57,0,34,12,1,47,13,50,36,5,104,8,0,8,112
04/06/2017,LFT,LA,ASW,CE,Combined TRACON& Tower with Radar,16,9,35,2,62,0,46,18,2,66,16,55,53,4,128,4,8,12,140
04/07/2017,LFT,LA,ASW,CE,Combined TRACON& Tower with Radar,16,15,37,11,79,0,43,40,0,83,16,58,77,11,162,34,0,34,196
04/08/2017,LFT,LA,ASW,CE,Combined TRACON& Tower with Radar,10,6,16,0,32,0,22,40,0,62,10,28,56,0,94,42,0,42,136
04/09/2017,LFT,LA,ASW,CE,Combined TRACON& Tower with Radar,14,14,38,0,66,0,14,14,0,28,14,28,52,0,94,26,0,26,120
04/10/2017,LFT,LA,ASW,CE,Combined TRACON& Tower with Radar,16,12,26,4,58,0,42,15,0,57,16,54,41,4,115,12,0,12,127
04/11/2017,LFT,LA,ASW,CE,Combined TRACON& Tower with Radar,15,22,28,2,67,0,24,10,0,34,15,46,38,2,101,35,0,35,136
04/12/2017,LFT,LA,ASW,CE,Combined TRACON& Tower with Radar,13,20,48,0,81,0,55,25,1,81,13,75,73,1,162,54,0,54,216
04/13/2017,LFT,LA,ASW,CE,Combined TRACON& Tower with Radar,16,16,59,0,91,0,48,29,0,77,16,64,88,0,168,74,0,74,242
04/14/2017,LFT,LA,ASW,CE,Combined TRACON& Tower with Radar,19,16,29,0,64,0,37,31,0,68,19,53,60,0,132,0,29,29,161
04/15/2017,LFT,LA,ASW,CE,Combined TRACON& Tower with Radar,11,8,26,0,45,0,10,8,0,18,11,18,34,0,63,0,0,0,63
04/16/2017,LFT,LA,ASW,CE,Combined TRACON& Tower with Radar,11,18,19,0,48,0,12,6,0,18,11,30,25,0,66,0,0,0,66
04/17/2017,LFT,LA,ASW,CE,Combined TRACON& Tower with Radar,13,13,28,0,54,0,0,6,0,6,13,13,34,0,60,0,0,0,60
04/18/2017,LFT,LA,ASW,CE,Combined TRACON& Tower with Radar,14,23,31,0,68,0,19,15,0,34,14,42,46,0,102,0,0,0,102
04/19/2017,LFT,LA,ASW,CE,Combined TRACON& Tower with Radar,13,17,54,0,84,0,62,25,0,87,13,79,79,0,171,8,0,8,179
04/20/2017,LFT,LA,ASW,CE,Combined TRACON& Tower with Radar,20,14,47,0,81,0,31,16,5,52,20,45,63,5,133,6,0,6,139
04/21/2017,LFT,LA,ASW,CE,Combined TRACON& Tower with Radar,19,18,36,12,85,0,29,27,0,56,19,47,63,12,141,12,0,12,153
04/22/2017,LFT,LA,ASW,CE,Combined TRACON& Tower with Radar,12,8,24,0,44,0,10,18,0,28,12,18,42,0,72,0,0,0,72
04/23/2017,LFT,LA,ASW,CE,Combined TRACON& Tower with Radar,15,14,49,4,82,0,5,7,1,13,15,19,56,5,95,0,0,0,95
04/24/2017,LFT,LA,ASW,CE,Combined TRACON& Tower with Radar,18,12,27,6,63,0,30,39,0,69,18,42,66,6,132,4,0,4,136
04/25/2017,LFT,LA,ASW,CE,Combined TRACON& Tower with Radar,13,15,30,2,60,0,42,27,0,69,13,57,57,2,129,54,0,54,183
04/26/2017,LFT,LA,ASW,CE,Combined TRACON& Tower with Radar,14,16,37,6,73,0,20,7,0,27,14,36,44,6,100,0,0,0,100
04/27/2017,LFT,LA,ASW,CE,Combined TRACON& Tower with Radar,20,18,44,0,82,0,39,26,0,65,20,57,70,0,147,46,0,46,193
04/28/2017,LFT,LA,ASW,CE,Combined TRACON& Tower with Radar,17,11,33,6,67,0,22,7,0,29,17,33,40,6,96,0,0,0,96
04/29/2017,LFT,LA,ASW,CE,Combined TRACON& Tower with Radar,13,11,7,0,31,0,13,0,0,13,13,24,7,0,44,0,0,0,44
04/30/2017,LFT,LA,ASW,CE,Combined TRACON& Tower with Radar,8,13,13,0,34,0,29,4,1,34,8,42,17,1,68,0,0,0,68
05/01/2017,LFT,LA,ASW,CE,Combined TRACON& Tower with Radar,15,11,42,6,74,0,46,45,0,91,15,57,87,6,165,51,0,51,216
05/02/2017,LFT,LA,ASW,CE,Combined TRACON& Tower with Radar,14,15,43,0,72,0,31,48,0,79,14,46,91,0,151,53,0,53,204
05/03/2017,LFT,LA,ASW,CE,Combined TRACON& Tower with Radar,11,11,7,0,29,0,0,1,0,1,11,11,8,0,30,0,0,0,30
05/04/2017,LFT,LA,ASW,CE,Combined TRACON& Tower with Radar,19,20,33,7,79,0,35,15,0,50,19,55,48,7,129,6,0,6,135
05/05/2017,LFT,LA,ASW,CE,Combined TRACON& Tower with Radar,10,23,35,4,72,0,26,25,0,51,10,49,60,4,123,6,2,8,131
05/06/2017,LFT,LA,ASW,CE,Combined TRACON& Tower with Radar,6,14,21,4,45,0,14,48,0,62,6,28,69,4,107,77,0,77,184
05/07/2017,LFT,LA,ASW,CE,Combined TRACON& Tower with Radar,8,20,31,1,60,0,11,32,1,44,8,31,63,2,104,26,0,26,130
05/08/2017,LFT,LA,ASW,CE,Combined TRACON& Tower with Radar,9,21,19,3,52,0,18,16,1,35,9,39,35,4,87,36,0,36,123
05/09/2017,LFT,LA,ASW,CE,Combined TRACON& Tower with Radar,12,21,24,6,63,0,38,42,0,80,12,59,66,6,143,20,0,20,163
05/10/2017,LFT,LA,ASW,CE,Combined TRACON& Tower with Radar,10,21,38,0,69,0,50,23,0,73,10,71,61,0,142,48,0,48,190
05/11/2017,LFT,LA,ASW,CE,Combined TRACON& Tower with Radar,9,25,33,19,86,0,20,21,0,41,9,45,54,19,127,47,0,47,174
05/12/2017,LFT,LA,ASW,CE,Combined TRACON& Tower with Radar,11,22,34,4,71,0,9,9,1,19,11,31,43,5,90,43,0,43,133
05/13/2017,LFT,LA,ASW,CE,Combined TRACON& Tower with Radar,7,12,21,4,44,0,10,13,0,23,7,22,34,4,67,34,0,34,101
05/14/2017,LFT,LA,ASW,CE,Combined TRACON& Tower with Radar,7,17,21,0,45,0,23,31,0,54,7,40,52,0,99,2,0,2,101
05/15/2017,LFT,LA,ASW,CE,Combined TRACON& Tower with Radar,9,19,40,1,69,0,47,32,0,79,9,66,72,1,148,2,0,2,150
05/16/2017,LFT,LA,ASW,CE,Combined TRACON& Tower with Radar,9,25,35,0,69,0,32,24,0,56,9,57,59,0,125,5,0,5,130
05/17/2017,LFT,LA,ASW,CE,Combined TRACON& Tower with Radar,9,26,27,16,78,0,34,21,0,55,9,60,48,16,133,24,16,40,173
05/18/2017,LFT,LA,ASW,CE,Combined TRACON& Tower with Radar,10,21,47,8,86,0,34,24,0,58,10,55,71,8,144,8,0,8,152
05/19/2017,LFT,LA,ASW,CE,Combined TRACON& Tower with Radar,10,23,45,4,82,0,29,19,0,48,10,52,64,4,130,44,4,48,178
05/20/2017,LFT,LA,ASW,CE,Combined TRACON& Tower with Radar,7,14,22,0,43,0,10,9,0,19,7,24,31,0,62,0,0,0,62
05/21/2017,LFT,LA,ASW,CE,Combined TRACON& Tower with Radar,9,18,16,0,43,0,3,0,0,3,9,21,16,0,46,0,0,0,46
05/22/2017,LFT,LA,ASW,CE,Combined TRACON& Tower with Radar,8,21,6,0,35,0,0,2,0,2,8,21,8,0,37,0,0,0,37
05/23/2017,LFT,LA,ASW,CE,Combined TRACON& Tower with Radar,10,27,22,0,59,0,12,14,0,26,10,39,36,0,85,0,0,0,85
05/24/2017,LFT,LA,ASW,CE,Combined TRACON& Tower with Radar,10,21,36,1,68,0,58,29,4,91,10,79,65,5,159,0,0,0,159
05/25/2017,LFT,LA,ASW,CE,Combined TRACON& Tower with Radar,10,25,49,14,98,0,17,26,0,43,10,42,75,14,141,16,16,32,173
05/26/2017,LFT,LA,ASW,CE,Combined TRACON& Tower with Radar,10,26,37,2,75,0,30,29,0,59,10,56,66,2,134,40,0,40,174
05/27/2017,LFT,LA,ASW,CE,Combined TRACON& Tower with Radar,6,15,22,0,43,0,9,13,1,23,6,24,35,1,66,30,0,30,96
05/28/2017,LFT,LA,ASW,CE,Combined TRACON& Tower with Radar,6,12,8,0,26,0,16,6,1,23,6,28,14,1,49,6,0,6,55
05/29/2017,LFT,LA,ASW,CE,Combined TRACON& Tower with Radar,8,21,33,0,62,0,15,5,0,20,8,36,38,0,82,1,0,1,83
05/30/2017,LFT,LA,ASW,CE,Combined TRACON& Tower with Radar,12,27,27,0,66,0,2,3,0,5,12,29,30,0,71,10,0,10,81
05/31/2017,LFT,LA,ASW,CE,Combined TRACON& Tower with Radar,10,44,33,1,88,0,7,11,0,18,10,51,44,1,106,6,0,6,112
06/01/2017,LFT,LA,ASW,CE,Combined TRACON& Tower with Radar,9,21,30,6,66,0,1,2,0,3,9,22,32,6,69,34,2,36,105
06/02/2017,LFT,LA,ASW,CE,Combined TRACON& Tower with Radar,7,24,25,5,61,0,18,14,0,32,7,42,39,5,93,16,4,20,113
06/03/2017,LFT,LA,ASW,CE,Combined TRACON& Tower with Radar,7,16,13,0,36,0,4,2,0,6,7,20,15,0,42,0,0,0,42
06/04/2017,LFT,LA,ASW,CE,Combined TRACON& Tower with Radar,7,13,20,0,40,0,3,9,10,22,7,16,29,10,62,44,0,44,106
06/05/2017,LFT,LA,ASW,CE,Combined TRACON& Tower with Radar,7,18,26,0,51,0,7,7,1,15,7,25,33,1,66,0,0,0,66
06/06/2017,LFT,LA,ASW,CE,Combined TRACON& Tower with Radar,10,22,14,0,46,0,14,3,1,18,10,36,17,1,64,0,0,0,64
06/07/2017,LFT,LA,ASW,CE,Combined TRACON& Tower with Radar,11,20,22,0,53,0,30,13,0,43,11,50,35,0,96,40,0,40,136
06/08/2017,LFT,LA,ASW,CE,Combined TRACON& Tower with Radar,19,14,32,14,79,0,44,42,2,88,19,58,74,16,167,59,2,61,228
06/09/2017,LFT,LA,ASW,CE,Combined TRACON& Tower with Radar,18,14,31,1,64,0,25,26,0,51,18,39,57,1,115,52,2,54,169
06/10/2017,LFT,LA,ASW,CE,Combined TRACON& Tower with Radar,14,6,25,1,46,0,22,27,0,49,14,28,52,1,95,62,0,62,157
06/11/2017,LFT,LA,ASW,CE,Combined TRACON& Tower with Radar,13,14,30,0,57,0,15,7,0,22,13,29,37,0,79,0,0,0,79
06/12/2017,LFT,LA,ASW,CE,Combined TRACON& Tower with Radar,18,15,28,0,61,0,18,8,0,26,18,33,36,0,87,5,0,5,92
06/13/2017,LFT,LA,ASW,CE,Combined TRACON& Tower with Radar,18,16,30,0,64,0,3,15,0,18,18,19,45,0,82,0,0,0,82
06/14/2017,LFT,LA,ASW,CE,Combined TRACON& Tower with Radar,18,14,39,8,79,0,27,18,0,45,18,41,57,8,124,30,4,34,158
06/15/2017,LFT,LA,ASW,CE,Combined TRACON& Tower with Radar,18,22,40,14,94,0,51,27,0,78,18,73,67,14,172,22,16,38,210
06/16/2017,LFT,LA,ASW,CE,Combined TRACON& Tower with Radar,17,13,35,1,66,0,25,36,0,61,17,38,71,1,127,56,0,56,183
06/17/2017,LFT,LA,ASW,CE,Combined TRACON& Tower with Radar,13,10,38,0,61,0,5,13,0,18,13,15,51,0,79,18,0,18,97
06/18/2017,LFT,LA,ASW,CE,Combined TRACON& Tower with Radar,12,16,8,1,37,0,8,13,1,22,12,24,21,2,59,2,0,2,61
06/19/2017,LFT,LA,ASW,CE,Combined TRACON& Tower with Radar,15,18,23,0,56,0,20,17,3,40,15,38,40,3,96,0,0,0,96
06/20/2017,LFT,LA,ASW,CE,Combined TRACON& Tower with Radar,18,22,30,0,70,0,4,3,0,7,18,26,33,0,77,0,0,0,77
06/21/2017,LFT,LA,ASW,CE,Combined TRACON& Tower with Radar,17,17,14,0,48,0,17,1,0,18,17,34,15,0,66,0,0,0,66
06/22/2017,LFT,LA,ASW,CE,Combined TRACON& Tower with Radar,16,20,4,0,40,0,14,2,0,16,16,34,6,0,56,0,0,0,56
06/23/2017,LFT,LA,ASW,CE,Combined TRACON& Tower with Radar,18,17,23,0,58,0,16,2,0,18,18,33,25,0,76,0,0,0,76
06/24/2017,LFT,LA,ASW,CE,Combined TRACON& Tower with Radar,12,9,15,0,36,0,0,3,0,3,12,9,18,0,39,6,0,6,45
06/25/2017,LFT,LA,ASW,CE,Combined TRACON& Tower with Radar,12,14,26,0,52,0,12,8,0,20,12,26,34,0,72,10,0,10,82
06/26/2017,LFT,LA,ASW,CE,Combined TRACON& Tower with Radar,17,18,29,4,68,0,26,17,0,43,17,44,46,4,111,2,0,2,113
06/27/2017,LFT,LA,ASW,CE,Combined TRACON& Tower with Radar,22,18,26,0,66,0,15,19,0,34,22,33,45,0,100,14,0,14,114
06/28/2017,LFT,LA,ASW,CE,Combined TRACON& Tower with Radar,18,14,36,0,68,0,4,8,0,12,18,18,44,0,80,17,0,17,97
06/29/2017,LFT,LA,ASW,CE,Combined TRACON& Tower with Radar,18,15,47,0,80,0,3,6,0,9,18,18,53,0,89,0,0,0,89
06/30/2017,LFT,LA,ASW,CE,Combined TRACON& Tower with Radar,19,17,42,12,90,0,45,11,1,57,19,62,53,13,147,64,0,64,211
07/01/2017,LFT,LA,ASW,CE,Combined TRACON& Tower with Radar,8,13,32,4,57,0,21,12,0,33,8,34,44,4,90,60,2,62,152
07/02/2017,LFT,LA,ASW,CE,Combined TRACON& Tower with Radar,11,9,19,0,39,0,10,25,1,36,11,19,44,1,75,56,0,56,131
07/03/2017,LFT,LA,ASW,CE,Combined TRACON& Tower with Radar,13,10,24,0,47,0,35,25,0,60,13,45,49,0,107,29,0,29,136
07/04/2017,LFT,LA,ASW,CE,Combined TRACON& Tower with Radar,13,8,5,0,26,0,17,25,0,42,13,25,30,0,68,6,0,6,74
07/05/2017,LFT,LA,ASW,CE,Combined TRACON& Tower with Radar,13,18,36,4,71,0,55,25,0,80,13,73,61,4,151,18,0,18,169
07/06/2017,LFT,LA,ASW,CE,Combined TRACON& Tower with Radar,17,13,21,1,52,0,24,6,0,30,17,37,27,1,82,67,4,71,153
07/07/2017,LFT,LA,ASW,CE,Combined TRACON& Tower with Radar,15,16,20,4,55,0,31,21,0,52,15,47,41,4,107,6,0,6,113
07/08/2017,LFT,LA,ASW,CE,Combined TRACON& Tower with Radar,10,10,33,0,53,0,19,19,0,38,10,29,52,0,91,2,0,2,93
07/09/2017,LFT,LA,ASW,CE,Combined TRACON& Tower with Radar,15,11,25,0,51,0,21,21,0,42,15,32,46,0,93,16,0,16,109
07/10/2017,LFT,LA,ASW,CE,Combined TRACON& Tower with Radar,18,22,28,4,72,0,17,12,0,29,18,39,40,4,101,8,0,8,109
07/11/2017,LFT,LA,ASW,CE,Combined TRACON& Tower with Radar,16,14,26,2,58,0,22,10,0,32,16,36,36,2,90,0,0,0,90
07/12/2017,LFT,LA,ASW,CE,Combined TRACON& Tower with Radar,16,17,24,0,57,0,55,13,0,68,16,72,37,0,125,54,0,54,179
07/13/2017,LFT,LA,ASW,CE,Combined TRACON& Tower with Radar,17,18,34,0,69,0,34,25,0,59,17,52,59,0,128,17,0,17,145
07/14/2017,LFT,LA,ASW,CE,Combined TRACON& Tower with Radar,16,16,29,0,61,0,16,13,0,29,16,32,42,0,90,2,0,2,92
07/15/2017,LFT,LA,ASW,CE,Combined TRACON& Tower with Radar,11,8,17,0,36,0,25,17,0,42,11,33,34,0,78,0,0,0,78
07/16/2017,LFT,LA,ASW,CE,Combined TRACON& Tower with Radar,16,10,20,0,46,0,4,16,0,20,16,14,36,0,66,12,0,12,78
07/17/2017,LFT,LA,ASW,CE,Combined TRACON& Tower with Radar,17,16,34,0,67,0,7,27,1,35,17,23,61,1,102,30,0,30,132
07/18/2017,LFT,LA,ASW,CE,Combined TRACON& Tower with Radar,17,16,23,0,56,0,6,21,0,27,17,22,44,0,83,23,0,23,106
07/19/2017,LFT,LA,ASW,CE,Combined TRACON& Tower with Radar,17,15,32,5,69,0,37,24,0,61,17,52,56,5,130,54,0,54,184
07/20/2017,LFT,LA,ASW,CE,Combined TRACON& Tower with Radar,17,14,34,0,65,0,26,28,0,54,17,40,62,0,119,60,0,60,179
07/21/2017,LFT,LA,ASW,CE,Combined TRACON& Tower with Radar,17,14,22,0,53,0,31,28,0,59,17,45,50,0,112,30,1,31,143
07/22/2017,LFT,LA,ASW,CE,Combined TRACON& Tower with Radar,11,9,19,0,39,0,5,23,0,28,11,14,42,0,67,0,0,0,67
07/23/2017,LFT,LA,ASW,CE,Combined TRACON& Tower with Radar,17,11,22,0,50,0,6,12,0,18,17,17,34,0,68,2,0,2,70
07/24/2017,LFT,LA,ASW,CE,Combined TRACON& Tower with Radar,16,14,29,0,59,0,24,9,0,33,16,38,38,0,92,0,0,0,92
07/25/2017,LFT,LA,ASW,CE,Combined TRACON& Tower with Radar,18,17,37,0,72,0,37,13,0,50,18,54,50,0,122,22,0,22,144
07/26/2017,LFT,LA,ASW,CE,Combined TRACON& Tower with Radar,18,14,29,0,61,0,37,33,2,72,18,51,62,2,133,12,0,12,145
07/27/2017,LFT,LA,ASW,CE,Combined TRACON& Tower with Radar,17,16,37,6,76,0,42,30,2,74,17,58,67,8,150,9,0,9,159
07/28/2017,LFT,LA,ASW,CE,Combined TRACON& Tower with Radar,17,16,20,8,61,0,28,21,0,49,17,44,41,8,110,18,0,18,128
07/29/2017,LFT,LA,ASW,CE,Combined TRACON& Tower with Radar,11,9,13,0,33,0,18,5,0,23,11,27,18,0,56,0,0,0,56
07/30/2017,LFT,LA,ASW,CE,Combined TRACON& Tower with Radar,14,16,27,0,57,0,15,24,0,39,14,31,51,0,96,2,0,2,98
07/31/2017,LFT,LA,ASW,CE,Combined TRACON& Tower with Radar,17,16,28,0,61,0,29,24,0,53,17,45,52,0,114,5,0,5,119
08/01/2017,LFT,LA,ASW,CE,Combined TRACON& Tower with Radar,17,16,31,8,72,0,29,27,0,56,17,45,58,8,128,14,0,14,142
08/02/2017,LFT,LA,ASW,CE,Combined TRACON& Tower with Radar,18,18,26,0,62,0,31,24,1,56,18,49,50,1,118,57,0,57,175
08/03/2017,LFT,LA,ASW,CE,Combined TRACON& Tower with Radar,18,22,44,0,84,0,0,9,0,9,18,22,53,0,93,2,0,2,95
08/04/2017,LFT,LA,ASW,CE,Combined TRACON& Tower with Radar,18,21,22,0,61,0,25,13,0,38,18,46,35,0,99,21,0,21,120
08/05/2017,LFT,LA,ASW,CE,Combined TRACON& Tower with Radar,14,8,23,0,45,0,16,26,0,42,14,24,49,0,87,34,0,34,121
08/06/2017,LFT,LA,ASW,CE,Combined TRACON& Tower with Radar,17,13,19,0,49,0,7,18,0,25,17,20,37,0,74,10,0,10,84
08/07/2017,LFT,LA,ASW,CE,Combined TRACON& Tower with Radar,15,11,15,0,41,0,6,8,0,14,15,17,23,0,55,0,0,0,55
08/08/2017,LFT,LA,ASW,CE,Combined TRACON& Tower with Radar,15,16,29,4,64,0,19,8,0,27,15,35,37,4,91,10,0,10,101
08/09/2017,LFT,LA,ASW,CE,Combined TRACON& Tower with Radar,18,13,22,0,53,0,33,11,0,44,18,46,33,0,97,22,1,23,120
08/10/2017,LFT,LA,ASW,CE,Combined TRACON& Tower with Radar,15,21,33,0,69,0,25,17,0,42,15,46,50,0,111,13,0,13,124
08/11/2017,LFT,LA,ASW,CE,Combined TRACON& Tower with Radar,15,13,21,0,49,0,21,20,0,41,15,34,41,0,90,2,0,2,92
08/12/2017,LFT,LA,ASW,CE,Combined TRACON& Tower with Radar,10,13,17,1,41,0,15,22,0,37,10,28,39,1,78,6,0,6,84
08/13/2017,LFT,LA,ASW,CE,Combined TRACON& Tower with Radar,15,8,19,0,42,0,13,11,0,24,15,21,30,0,66,42,0,42,108
08/14/2017,LFT,LA,ASW,CE,Combined TRACON& Tower with Radar,19,14,32,0,65,0,33,15,0,48,19,47,47,0,113,20,0,20,133
08/15/2017,LFT,LA,ASW,CE,Combined TRACON& Tower with Radar,19,14,27,0,60,0,31,14,0,45,19,45,41,0,105,0,0,0,105
08/16/2017,LFT,LA,ASW,CE,Combined TRACON& Tower with Radar,20,13,31,0,64,0,21,22,0,43,20,34,53,0,107,8,0,8,115
08/17/2017,LFT,LA,ASW,CE,Combined TRACON& Tower with Radar,20,9,37,5,71,0,47,33,0,80,20,56,70,5,151,24,16,40,191
08/18/2017,LFT,LA,ASW,CE,Combined TRACON& Tower with Radar,19,16,47,2,84,0,14,36,0,50,19,30,83,2,134,41,2,43,177
08/19/2017,LFT,LA,ASW,CE,Combined TRACON& Tower with Radar,12,11,19,8,50,0,18,24,1,43,12,29,43,9,93,10,0,10,103
08/20/2017,LFT,LA,ASW,CE,Combined TRACON& Tower with Radar,17,15,30,5,67,0,34,25,1,60,17,49,55,6,127,0,0,0,127
08/21/2017,LFT,LA,ASW,CE,Combined TRACON& Tower with Radar,21,13,36,0,70,0,18,26,0,44,21,31,62,0,114,0,0,0,114
08/22/2017,LFT,LA,ASW,CE,Combined TRACON& Tower with Radar,18,23,30,0,71,0,36,26,0,62,18,59,56,0,133,6,0,6,139
08/23/2017,LFT,LA,ASW,CE,Combined TRACON& Tower with Radar,20,11,29,2,62,0,68,37,0,105,20,79,66,2,167,16,0,16,183
08/24/2017,LFT,LA,ASW,CE,Combined TRACON& Tower with Radar,20,11,31,0,62,0,30,14,0,44,20,41,45,0,106,20,0,20,126
08/25/2017,LFT,LA,ASW,CE,Combined TRACON& Tower with Radar,21,15,26,0,62,0,32,14,2,48,21,47,40,2,110,14,0,14,124
08/26/2017,LFT,LA,ASW,CE,Combined TRACON& Tower with Radar,13,6,2,1,22,0,11,2,0,13,13,17,4,1,35,0,0,0,35
08/27/2017,LFT,LA,ASW,CE,Combined TRACON& Tower with Radar,6,8,7,1,22,0,3,0,0,3,6,11,7,1,25,0,0,0,25
08/28/2017,LFT,LA,ASW,CE,Combined TRACON& Tower with Radar,9,11,3,0,23,0,0,0,0,0,9,11,3,0,23,0,0,0,23
08/29/2017,LFT,LA,ASW,CE,Combined TRACON& Tower with Radar,13,12,5,0,30,0,4,0,0,4,13,16,5,0,34,0,0,0,34
08/30/2017,LFT,LA,ASW,CE,Combined TRACON& Tower with Radar,12,14,8,1,35,0,36,1,1,38,12,50,9,2,73,0,4,4,77
08/31/2017,LFT,LA,ASW,CE,Combined TRACON& Tower with Radar,9,19,19,0,47,0,42,2,2,46,9,61,21,2,93,2,0,2,95
09/01/2017,LFT,LA,ASW,CE,Combined TRACON& Tower with Radar,14,23,39,0,76,0,53,35,0,88,14,76,74,0,164,16,0,16,180
09/02/2017,LFT,LA,ASW,CE,Combined TRACON& Tower with Radar,11,7,14,0,32,0,30,22,0,52,11,37,36,0,84,6,0,6,90
09/03/2017,LFT,LA,ASW,CE,Combined TRACON& Tower with Radar,9,8,15,0,32,0,32,14,2,48,9,40,29,2,80,0,0,0,80
09/04/2017,LFT,LA,ASW,CE,Combined TRACON& Tower with Radar,17,20,24,1,62,0,37,26,1,64,17,57,50,2,126,0,0,0,126
09/05/2017,LFT,LA,ASW,CE,Combined TRACON& Tower with Radar,12,22,36,0,70,0,45,24,0,69,12,67,60,0,139,0,0,0,139
09/06/2017,LFT,LA,ASW,CE,Combined TRACON& Tower with Radar,14,28,37,2,81,0,1,31,0,32,14,29,68,2,113,0,0,0,113
09/07/2017,LFT,LA,ASW,CE,Combined TRACON& Tower with Radar,18,17,37,2,74,0,52,25,2,79,18,69,62,4,153,10,0,10,163
09/08/2017,LFT,LA,ASW,CE,Combined TRACON& Tower with Radar,16,14,43,2,75,0,47,40,0,87,16,61,83,2,162,15,2,17,179
09/09/2017,LFT,LA,ASW,CE,Combined TRACON& Tower with Radar,15,7,16,0,38,0,26,19,0,45,15,33,35,0,83,22,0,22,105
09/10/2017,LFT,LA,ASW,CE,Combined TRACON& Tower with Radar,14,12,35,0,61,0,21,32,0,53,14,33,67,0,114,20,0,20,134
09/11/2017,LFT,LA,ASW,CE,Combined TRACON& Tower with Radar,14,13,21,0,48,0,51,32,0,83,14,64,53,0,131,12,0,12,143
09/12/2017,LFT,LA,ASW,CE,Combined TRACON& Tower with Radar,17,14,26,18,75,0,58,20,1,79,17,72,46,19,154,57,2,59,213
09/13/2017,LFT,LA,ASW,CE,Combined TRACON& Tower with Radar,18,17,35,0,70,0,67,49,0,116,18,84,84,0,186,22,0,22,208
09/14/2017,LFT,LA,ASW,CE,Combined TRACON& Tower with Radar,13,22,19,5,59,0,36,21,0,57,13,58,40,5,116,67,0,67,183
09/15/2017,LFT,LA,ASW,CE,Combined TRACON& Tower with Radar,16,19,29,4,68,0,46,30,0,76,16,65,59,4,144,8,0,8,152
09/16/2017,LFT,LA,ASW,CE,Combined TRACON& Tower with Radar,16,11,14,0,41,0,15,7,0,22,16,26,21,0,63,0,0,0,63
09/17/2017,LFT,LA,ASW,CE,Combined TRACON& Tower with Radar,16,12,17,6,51,0,16,17,0,33,16,28,34,6,84,4,0,4,88
09/18/2017,LFT,LA,ASW,CE,Combined TRACON& Tower with Radar,15,24,28,4,71,0,41,19,0,60,15,65,47,4,131,40,6,46,177
09/19/2017,LFT,LA,ASW,CE,Combined TRACON& Tower with Radar,17,15,38,0,70,0,42,15,0,57,17,57,53,0,127,61,0,61,188
09/20/2017,LFT,LA,ASW,CE,Combined TRACON& Tower with Radar,17,18,51,2,88,0,43,24,2,69,17,61,75,4,157,32,0,32,189
09/21/2017,LFT,LA,ASW,CE,Combined TRACON& Tower with Radar,15,18,41,6,80,0,50,20,0,70,15,68,61,6,150,68,0,68,218
09/22/2017,LFT,LA,ASW,CE,Combined TRACON& Tower with Radar,16,12,36,8,72,0,37,20,0,57,16,49,56,8,129,38,2,40,169
09/23/2017,LFT,LA,ASW,CE,Combined TRACON& Tower with Radar,14,7,14,2,37,0,20,31,0,51,14,27,45,2,88,58,8,66,154
09/24/2017,LFT,LA,ASW,CE,Combined TRACON& Tower with Radar,14,21,27,6,68,0,53,25,0,78,14,74,52,6,146,15,0,15,161
09/25/2017,LFT,LA,ASW,CE,Combined TRACON& Tower with Radar,15,18,30,11,74,0,36,16,0,52,15,54,46,11,126,0,0,0,126
09/26/2017,LFT,LA,ASW,CE,Combined TRACON& Tower with Radar,16,19,52,10,97,0,3,16,0,19,16,22,68,10,116,0,0,0,116
09/27/2017,LFT,LA,ASW,CE,Combined TRACON& Tower with Radar,14,14,26,10,64,0,28,29,0,57,14,42,55,10,121,54,10,64,185
09/28/2017,LFT,LA,ASW,CE,Combined TRACON& Tower with Radar,15,15,39,6,75,0,26,33,0,59,15,41,72,6,134,42,2,44,178
09/29/2017,LFT,LA,ASW,CE,Combined TRACON& Tower with Radar,16,23,37,4,80,0,29,25,0,54,16,52,62,4,134,18,0,18,152
09/30/2017,LFT,LA,ASW,CE,Combined TRACON& Tower with Radar,13,7,13,0,33,0,33,34,0,67,13,40,47,0,100,40,0,40,140
10/01/2017,LFT,LA,ASW,CE,Combined TRACON& Tower with Radar,17,16,18,0,51,0,22,13,0,35,17,38,31,0,86,6,0,6,92
10/02/2017,LFT,LA,ASW,CE,Combined TRACON& Tower with Radar,18,16,51,4,89,0,20,3,0,23,18,36,54,4,112,14,0,14,126
10/03/2017,LFT,LA,ASW,CE,Combined TRACON& Tower with Radar,19,15,27,4,65,0,36,11,0,47,19,51,38,4,112,30,10,40,152
10/04/2017,LFT,LA,ASW,CE,Combined TRACON& Tower with Radar,20,10,31,0,61,0,35,32,0,67,20,45,63,0,128,52,0,52,180
10/05/2017,LFT,LA,ASW,CE,Combined TRACON& Tower with Radar,17,17,27,2,63,0,35,29,1,65,17,52,56,3,128,37,2,39,167
10/06/2017,LFT,LA,ASW,CE,Combined TRACON& Tower with Radar,17,18,32,0,67,0,40,39,0,79,17,58,71,0,146,4,0,4,150
10/07/2017,LFT,LA,ASW,CE,Combined TRACON& Tower with Radar,11,9,21,0,41,0,1,0,0,1,11,10,21,0,42,0,0,0,42
10/08/2017,LFT,LA,ASW,CE,Combined TRACON& Tower with Radar,13,15,23,0,51,0,35,25,0,60,13,50,48,0,111,2,0,2,113
10/09/2017,LFT,LA,ASW,CE,Combined TRACON& Tower with Radar,13,17,23,0,53,0,0,5,0,5,13,17,28,0,58,0,0,0,58
10/10/2017,LFT,LA,ASW,CE,Combined TRACON& Tower with Radar,14,18,12,0,44,0,26,12,0,38,14,44,24,0,82,2,0,2,84
10/11/2017,LFT,LA,ASW,CE,Combined TRACON& Tower with Radar,15,21,41,4,81,0,56,27,0,83,15,77,68,4,164,47,0,47,211
10/12/2017,LFT,LA,ASW,CE,Combined TRACON& Tower with Radar,14,17,22,0,53,0,55,43,0,98,14,72,65,0,151,55,0,55,206
10/13/2017,LFT,LA,ASW,CE,Combined TRACON& Tower with Radar,14,20,27,8,69,0,45,41,0,86,14,65,68,8,155,7,4,11,166
10/14/2017,LFT,LA,ASW,CE,Combined TRACON& Tower with Radar,11,13,25,0,49,0,15,38,0,53,11,28,63,0,102,0,0,0,102
10/15/2017,LFT,LA,ASW,CE,Combined TRACON& Tower with Radar,11,16,26,0,53,0,18,10,0,28,11,34,36,0,81,0,0,0,81
10/16/2017,LFT,LA,ASW,CE,Combined TRACON& Tower with Radar,12,20,16,0,48,0,23,9,0,32,12,43,25,0,80,0,0,0,80
10/17/2017,LFT,LA,ASW,CE,Combined TRACON& Tower with Radar,14,16,24,5,59,0,44,27,0,71,14,60,51,5,130,28,6,34,164
10/18/2017,LFT,LA,ASW,CE,Combined TRACON& Tower with Radar,16,20,38,0,74,0,61,25,0,86,16,81,63,0,160,16,0,16,176
10/19/2017,LFT,LA,ASW,CE,Combined TRACON& Tower with Radar,14,24,40,5,83,0,42,36,0,78,14,66,76,5,161,66,0,66,227
10/20/2017,LFT,LA,ASW,CE,Combined TRACON& Tower with Radar,14,17,40,0,71,0,44,11,0,55,14,61,51,0,126,20,0,20,146
10/21/2017,LFT,LA,ASW,CE,Combined TRACON& Tower with Radar,11,12,14,0,37,0,27,5,1,33,11,39,19,1,70,10,0,10,80
10/22/2017,LFT,LA,ASW,CE,Combined TRACON& Tower with Radar,12,27,27,0,66,0,7,5,0,12,12,34,32,0,78,0,0,0,78
10/23/2017,LFT,LA,ASW,CE,Combined TRACON& Tower with Radar,14,18,32,8,72,0,27,25,0,52,14,45,57,8,124,15,2,17,141
10/24/2017,LFT,LA,ASW,CE,Combined TRACON& Tower with Radar,16,20,48,0,84,0,43,45,0,88,16,63,93,0,172,34,0,34,206
10/25/2017,LFT,LA,ASW,CE,Combined TRACON& Tower with Radar,18,24,45,0,87,0,46,41,0,87,18,70,86,0,174,24,0,24,198
10/26/2017,LFT,LA,ASW,CE,Combined TRACON& Tower with Radar,14,17,38,0,69,0,49,40,0,89,14,66,78,0,158,38,0,38,196
10/27/2017,LFT,LA,ASW,CE,Combined TRACON& Tower with Radar,14,22,48,0,84,0,36,15,0,51,14,58,63,0,135,11,0,11,146
10/28/2017,LFT,LA,ASW,CE,Combined TRACON& Tower with Radar,11,12,20,0,43,0,11,17,0,28,11,23,37,0,71,24,0,24,95
10/29/2017,LFT,LA,ASW,CE,Combined TRACON& Tower with Radar,12,20,29,6,67,0,29,20,0,49,12,49,49,6,116,28,0,28,144
10/30/2017,LFT,LA,ASW,CE,Combined TRACON& Tower with Radar,18,11,47,2,78,0,27,36,0,63,18,38,83,2,141,22,0,22,163
10/31/2017,LFT,LA,ASW,CE,Combined TRACON& Tower with Radar,16,11,37,3,67,0,59,20,0,79,16,70,57,3,146,40,0,40,186
11/01/2017,LFT,LA,ASW,CE,Combined TRACON& Tower with Radar,19,12,29,0,60,0,8,1,0,9,19,20,30,0,69,20,0,20,89
11/02/2017,LFT,LA,ASW,CE,Combined TRACON& Tower with Radar,17,22,57,8,104,0,42,16,0,58,17,64,73,8,162,22,6,28,190
11/03/2017,LFT,LA,ASW,CE,Combined TRACON& Tower with Radar,16,19,50,2,87,0,42,26,0,68,16,61,76,2,155,25,0,25,180
11/04/2017,LFT,LA,ASW,CE,Combined TRACON& Tower with Radar,16,5,20,0,41,0,18,17,0,35,16,23,37,0,76,5,0,5,81
11/05/2017,LFT,LA,ASW,CE,Combined TRACON& Tower with Radar,14,18,30,0,62,0,16,14,0,30,14,34,44,0,92,16,0,16,108
11/06/2017,LFT,LA,ASW,CE,Combined TRACON& Tower with Radar,16,16,30,1,63,0,69,27,1,97,16,85,57,2,160,15,0,15,175
11/07/2017,LFT,LA,ASW,CE,Combined TRACON& Tower with Radar,16,23,36,6,81,0,47,15,1,63,16,70,51,7,144,18,0,18,162
11/08/2017,LFT,LA,ASW,CE,Combined TRACON& Tower with Radar,15,17,44,6,82,0,17,9,0,26,15,34,53,6,108,22,4,26,134
11/09/2017,LFT,LA,ASW,CE,Combined TRACON& Tower with Radar,18,19,51,2,90,0,17,5,0,22,18,36,56,2,112,18,0,18,130
11/10/2017,LFT,LA,ASW,CE,Combined TRACON& Tower with Radar,18,13,43,0,74,0,31,37,0,68,18,44,80,0,142,16,0,16,158
11/11/2017,LFT,LA,ASW,CE,Combined TRACON& Tower with Radar,18,6,13,0,37,0,29,27,0,56,18,35,40,0,93,6,0,6,99
11/12/2017,LFT,LA,ASW,CE,Combined TRACON& Tower with Radar,14,16,43,0,73,0,17,13,1,31,14,33,56,1,104,28,0,28,132
11/13/2017,LFT,LA,ASW,CE,Combined TRACON& Tower with Radar,18,20,51,0,89,0,39,38,0,77,18,59,89,0,166,6,0,6,172
11/14/2017,LFT,LA,ASW,CE,Combined TRACON& Tower with Radar,17,20,27,2,66,0,42,45,0,87,17,62,72,2,153,22,2,24,177
11/15/2017,LFT,LA,ASW,CE,Combined TRACON& Tower with Radar,18,16,29,1,64,0,53,27,1,81,18,69,56,2,145,25,2,27,172
11/16/2017,LFT,LA,ASW,CE,Combined TRACON& Tower with Radar,16,17,66,7,106,0,43,34,2,79,16,60,100,9,185,24,0,24,209
11/17/2017,LFT,LA,ASW,CE,Combined TRACON& Tower with Radar,18,17,57,0,92,0,59,38,0,97,18,76,95,0,189,16,0,16,205
11/18/2017,LFT,LA,ASW,CE,Combined TRACON& Tower with Radar,17,6,21,8,52,0,21,7,0,28,17,27,28,8,80,2,0,2,82
11/19/2017,LFT,LA,ASW,CE,Combined TRACON& Tower with Radar,15,14,35,0,64,0,25,16,0,41,15,39,51,0,105,4,0,4,109
11/20/2017,LFT,LA,ASW,CE,Combined TRACON& Tower with Radar,17,17,44,0,78,0,38,27,0,65,17,55,71,0,143,24,0,24,167
11/21/2017,LFT,LA,ASW,CE,Combined TRACON& Tower with Radar,19,18,47,0,84,0,35,35,0,70,19,53,82,0,154,18,0,18,172
11/22/2017,LFT,LA,ASW,CE,Combined TRACON& Tower with Radar,16,16,55,0,87,0,22,25,0,47,16,38,80,0,134,0,0,0,134
11/23/2017,LFT,LA,ASW,CE,Combined TRACON& Tower with Radar,11,2,6,0,19,0,30,8,0,38,11,32,14,0,57,0,0,0,57
11/24/2017,LFT,LA,ASW,CE,Combined TRACON& Tower with Radar,17,8,32,0,57,0,23,39,0,62,17,31,71,0,119,8,0,8,127
11/25/2017,LFT,LA,ASW,CE,Combined TRACON& Tower with Radar,15,10,30,0,55,0,14,15,0,29,15,24,45,0,84,0,0,0,84
11/26/2017,LFT,LA,ASW,CE,Combined TRACON& Tower with Radar,18,15,35,0,68,0,14,25,0,39,18,29,60,0,107,2,0,2,109
11/27/2017,LFT,LA,ASW,CE,Combined TRACON& Tower with Radar,17,14,30,2,63,0,25,22,0,47,17,39,52,2,110,10,0,10,120
11/28/2017,LFT,LA,ASW,CE,Combined TRACON& Tower with Radar,20,17,38,0,75,0,34,30,1,65,20,51,68,1,140,10,0,10,150
11/29/2017,LFT,LA,ASW,CE,Combined TRACON& Tower with Radar,18,10,35,0,63,0,23,10,0,33,18,33,45,0,96,0,0,0,96
11/30/2017,LFT,LA,ASW,CE,Combined TRACON& Tower with Radar,19,13,44,0,76,0,10,13,0,23,19,23,57,0,99,0,0,0,99
12/01/2017,LFT,LA,ASW,CE,Combined TRACON& Tower with Radar,18,14,40,0,72,0,30,24,0,54,18,44,64,0,126,24,0,24,150
12/02/2017,LFT,LA,ASW,CE,Combined TRACON& Tower with Radar,16,8,13,0,37,0,0,15,0,15,16,8,28,0,52,0,0,0,52
12/03/2017,LFT,LA,ASW,CE,Combined TRACON& Tower with Radar,16,13,24,0,53,0,7,16,0,23,16,20,40,0,76,8,0,8,84
12/04/2017,LFT,LA,ASW,CE,Combined TRACON& Tower with Radar,17,12,27,2,58,0,24,10,0,34,17,36,37,2,92,11,0,11,103
12/05/2017,LFT,LA,ASW,CE,Combined TRACON& Tower with Radar,20,12,18,0,50,0,12,2,0,14,20,24,20,0,64,0,0,0,64
12/06/2017,LFT,LA,ASW,CE,Combined TRACON& Tower with Radar,20,11,26,2,59,0,2,1,0,3,20,13,27,2,62,12,0,12,74
12/07/2017,LFT,LA,ASW,CE,Combined TRACON& Tower with Radar,15,17,33,0,65,0,7,7,0,14,15,24,40,0,79,0,0,0,79
12/08/2017,LFT,LA,ASW,CE,Combined TRACON& Tower with Radar,13,12,35,2,62,0,4,5,0,9,13,16,40,2,71,0,0,0,71
12/09/2017,LFT,LA,ASW,CE,Combined TRACON& Tower with Radar,15,5,24,0,44,0,20,37,0,57,15,25,61,0,101,5,0,5,106
12/10/2017,LFT,LA,ASW,CE,Combined TRACON& Tower with Radar,13,12,27,0,52,0,12,17,0,29,13,24,44,0,81,27,0,27,108
12/11/2017,LFT,LA,ASW,CE,Combined TRACON& Tower with Radar,18,15,38,0,71,0,34,12,0,46,18,49,50,0,117,2,0,2,119
12/12/2017,LFT,LA,ASW,CE,Combined TRACON& Tower with Radar,21,14,40,0,75,0,29,30,0,59,21,43,70,0,134,11,0,11,145
12/13/2017,LFT,LA,ASW,CE,Combined TRACON& Tower with Radar,22,10,42,0,74,0,57,27,2,86,22,67,69,2,160,12,0,12,172
12/14/2017,LFT,LA,ASW,CE,Combined TRACON& Tower with Radar,17,14,61,0,92,0,49,32,2,83,17,63,93,2,175,16,0,16,191
12/15/2017,LFT,LA,ASW,CE,Combined TRACON& Tower with Radar,14,16,43,0,73,0,30,20,0,50,14,46,63,0,123,0,0,0,123
12/16/2017,LFT,LA,ASW,CE,Combined TRACON& Tower with Radar,11,14,17,1,43,0,25,28,2,55,11,39,45,3,98,11,0,11,109
12/17/2017,LFT,LA,ASW,CE,Combined TRACON& Tower with Radar,8,25,36,0,69,0,1,0,0,1,8,26,36,0,70,0,0,0,70
12/18/2017,LFT,LA,ASW,CE,Combined TRACON& Tower with Radar,8,17,30,0,55,0,0,1,0,1,8,17,31,0,56,0,0,0,56
12/19/2017,LFT,LA,ASW,CE,Combined TRACON& Tower with Radar,19,18,25,2,64,0,1,0,0,1,19,19,25,2,65,0,0,0,65
12/20/2017,LFT,LA,ASW,CE,Combined TRACON& Tower with Radar,12,18,46,2,78,0,25,26,0,51,12,43,72,2,129,0,12,12,141
12/21/2017,LFT,LA,ASW,CE,Combined TRACON& Tower with Radar,13,26,36,0,75,0,8,8,2,18,13,34,44,2,93,3,0,3,96
12/22/2017,LFT,LA,ASW,CE,Combined TRACON& Tower with Radar,12,17,24,0,53,0,10,4,0,14,12,27,28,0,67,6,0,6,73
12/23/2017,LFT,LA,ASW,CE,Combined TRACON& Tower with Radar,11,17,28,0,56,0,20,21,0,41,11,37,49,0,97,22,0,22,119
12/24/2017,LFT,LA,ASW,CE,Combined TRACON& Tower with Radar,5,16,8,0,29,0,9,6,0,15,5,25,14,0,44,0,22,22,66
12/25/2017,LFT,LA,ASW,CE,Combined TRACON& Tower with Radar,9,12,8,0,29,0,14,5,0,19,9,26,13,0,48,8,0,8,56
12/26/2017,LFT,LA,ASW,CE,Combined TRACON& Tower with Radar,10,23,34,0,67,0,0,1,0,1,10,23,35,0,68,0,0,0,68
12/27/2017,LFT,LA,ASW,CE,Combined TRACON& Tower with Radar,8,22,29,0,59,0,0,0,0,0,8,22,29,0,59,0,0,0,59
12/28/2017,LFT,LA,ASW,CE,Combined TRACON& Tower with Radar,10,29,26,2,67,0,9,0,0,9,10,38,26,2,76,0,0,0,76
12/29/2017,LFT,LA,ASW,CE,Combined TRACON& Tower with Radar,9,24,16,0,49,0,21,24,0,45,9,45,40,0,94,0,0,0,94
12/30/2017,LFT,LA,ASW,CE,Combined TRACON& Tower with Radar,12,16,19,0,47,0,2,8,1,11,12,18,27,1,58,0,0,0,58
12/31/2017,LFT,LA,ASW,CE,Combined TRACON& Tower with Radar,6,18,14,0,38,0,1,2,0,3,6,19,16,0,41,0,0,0,41
01/01/2018,LFT,LA,ASW,CE,Combined TRACON& Tower with Radar,7,13,9,0,29,0,6,5,0,11,7,19,14,0,40,0,0,0,40
01/02/2018,LFT,LA,ASW,CE,Combined TRACON& Tower with Radar,10,17,31,2,60,0,8,8,0,16,10,25,39,2,76,0,0,0,76
01/03/2018,LFT,LA,ASW,CE,Combined TRACON& Tower with Radar,7,26,25,0,58,0,13,20,1,34,7,39,45,1,92,0,0,0,92
01/04/2018,LFT,LA,ASW,CE,Combined TRACON& Tower with Radar,7,25,27,0,59,0,15,24,0,39,7,40,51,0,98,20,0,20,118
01/05/2018,LFT,LA,ASW,CE,Combined TRACON& Tower with Radar,5,23,21,4,53,0,21,36,5,62,5,44,57,9,115,10,0,10,125
01/06/2018,LFT,LA,ASW,CE,Combined TRACON& Tower with Radar,8,12,15,4,39,0,33,35,0,68,8,45,50,4,107,32,0,32,139
01/07/2018,LFT,LA,ASW,CE,Combined TRACON& Tower with Radar,5,21,36,1,63,0,14,4,0,18,5,35,40,1,81,2,0,2,83
01/08/2018,LFT,LA,ASW,CE,Combined TRACON& Tower with Radar,5,26,25,0,56,0,4,1,0,5,5,30,26,0,61,0,0,0,61
01/09/2018,LFT,LA,ASW,CE,Combined TRACON& Tower with Radar,6,21,23,0,50,0,0,0,0,0,6,21,23,0,50,0,0,0,50
01/10/2018,LFT,LA,ASW,CE,Combined TRACON& Tower with Radar,8,22,27,0,57,0,0,0,0,0,8,22,27,0,57,0,0,0,57
01/11/2018,LFT,LA,ASW,CE,Combined TRACON& Tower with Radar,8,24,30,0,62,0,13,4,0,17,8,37,34,0,79,8,0,8,87
01/12/2018,LFT,LA,ASW,CE,Combined TRACON& Tower with Radar,7,26,44,0,77,0,8,15,0,23,7,34,59,0,100,0,0,0,100
01/13/2018,LFT,LA,ASW,CE,Combined TRACON& Tower with Radar,5,17,13,0,35,0,9,24,0,33,5,26,37,0,68,2,0,2,70
01/14/2018,LFT,LA,ASW,CE,Combined TRACON& Tower with Radar,5,23,16,12,56,0,14,23,0,37,5,37,39,12,93,24,0,24,117
01/15/2018,LFT,LA,ASW,CE,Combined TRACON& Tower with Radar,7,28,43,0,78,0,14,32,0,46,7,42,75,0,124,16,0,16,140
01/16/2018,LFT,LA,ASW,CE,Combined TRACON& Tower with Radar,5,7,9,0,21,0,5,1,0,6,5,12,10,0,27,0,0,0,27
01/17/2018,LFT,LA,ASW,CE,Combined TRACON& Tower with Radar,3,7,9,0,19,0,22,5,0,27,3,29,14,0,46,0,0,0,46
01/18/2018,LFT,LA,ASW,CE,Combined TRACON& Tower with Radar,9,23,35,0,67,0,22,17,0,39,9,45,52,0,106,14,0,14,120
01/19/2018,LFT,LA,ASW,CE,Combined TRACON& Tower with Radar,6,22,32,1,61,0,18,34,0,52,6,40,66,1,113,8,0,8,121
01/20/2018,LFT,LA,ASW,CE,Combined TRACON& Tower with Radar,6,15,18,1,40,0,19,4,0,23,6,34,22,1,63,4,0,4,67
01/21/2018,LFT,LA,ASW,CE,Combined TRACON& Tower with Radar,4,19,16,0,39,0,13,5,0,18,4,32,21,0,57,0,0,0,57
01/22/2018,LFT,LA,ASW,CE,Combined TRACON& Tower with Radar,7,22,31,0,60,0,15,22,0,37,7,37,53,0,97,18,0,18,115
01/23/2018,LFT,LA,ASW,CE,Combined TRACON& Tower with Radar,8,23,42,0,73,0,23,35,0,58,8,46,77,0,131,28,0,28,159
01/24/2018,LFT,LA,ASW,CE,Combined TRACON& Tower with Radar,8,24,32,4,68,0,20,22,0,42,8,44,54,4,110,16,4,20,130
01/25/2018,LFT,LA,ASW,CE,Combined TRACON& Tower with Radar,7,24,42,0,73,0,41,24,0,65,7,65,66,0,138,15,0,15,153
01/26/2018,LFT,LA,ASW,CE,Combined TRACON& Tower with Radar,6,23,28,3,60,0,35,30,2,67,6,58,58,5,127,16,0,16,143
01/27/2018,LFT,LA,ASW,CE,Combined TRACON& Tower with Radar,4,16,4,0,24,0,0,1,0,1,4,16,5,0,25,0,0,0,25
01/28/2018,LFT,LA,ASW,CE,Combined TRACON& Tower with Radar,4,26,37,36,103,0,4,2,2,8,4,30,39,38,111,0,0,0,111
01/29/2018,LFT,LA,ASW,CE,Combined TRACON& Tower with Radar,7,24,27,2,60,0,25,35,0,60,7,49,62,2,120,2,0,2,122
01/30/2018,LFT,LA,ASW,CE,Combined TRACON& Tower with Radar,8,23,33,0,64,0,23,56,0,79,8,46,89,0,143,17,0,17,160
01/31/2018,LFT,LA,ASW,CE,Combined TRACON& Tower with Radar,7,22,27,2,58,0,39,44,0,83,7,61,71,2,141,24,0,24,165
02/01/2018,LFT,LA,ASW,CE,Combined TRACON& Tower with Radar,7,23,29,6,65,0,36,10,0,46,7,59,39,6,111,10,0,10,121
02/02/2018,LFT,LA,ASW,CE,Combined TRACON& Tower with Radar,8,24,22,4,58,0,21,13,0,34,8,45,35,4,92,12,0,12,104
02/03/2018,LFT,LA,ASW,CE,Combined TRACON& Tower with Radar,4,15,14,0,33,0,13,6,0,19,4,28,20,0,52,36,0,36,88
02/04/2018,LFT,LA,ASW,CE,Combined TRACON& Tower with Radar,4,16,17,0,37,0,5,2,0,7,4,21,19,0,44,0,0,0,44
02/05/2018,LFT,LA,ASW,CE,Combined TRACON& Tower with Radar,6,22,36,0,64,0,9,20,0,29,6,31,56,0,93,10,0,10,103
02/06/2018,LFT,LA,ASW,CE,Combined TRACON& Tower with Radar,8,19,29,0,56,0,0,1,0,1,8,19,30,0,57,0,0,0,57
02/07/2018,LFT,LA,ASW,CE,Combined TRACON& Tower with Radar,7,27,16,0,50,0,0,0,0,0,7,27,16,0,50,2,0,2,52
02/08/2018,LFT,LA,ASW,CE,Combined TRACON& Tower with Radar,8,22,37,0,67,0,22,65,0,87,8,44,102,0,154,44,0,44,198
02/09/2018,LFT,LA,ASW,CE,Combined TRACON& Tower with Radar,7,28,39,4,78,0,45,18,1,64,7,73,57,5,142,28,0,28,170
02/10/2018,LFT,LA,ASW,CE,Combined TRACON& Tower with Radar,4,14,12,2,32,0,0,0,0,0,4,14,12,2,32,0,0,0,32
02/11/2018,LFT,LA,ASW,CE,Combined TRACON& Tower with Radar,5,29,16,0,50,0,0,0,0,0,5,29,16,0,50,0,0,0,50
02/12/2018,LFT,LA,ASW,CE,Combined TRACON& Tower with Radar,6,22,30,7,65,0,15,3,0,18,6,37,33,7,83,4,0,4,87
02/13/2018,LFT,LA,ASW,CE,Combined TRACON& Tower with Radar,7,21,7,0,35,0,11,9,0,20,7,32,16,0,55,0,0,0,55
02/14/2018,LFT,LA,ASW,CE,Combined TRACON& Tower with Radar,10,22,34,0,66,0,17,5,0,22,10,39,39,0,88,0,0,0,88
02/15/2018,LFT,LA,ASW,CE,Combined TRACON& Tower with Radar,11,24,29,4,68,0,11,9,0,20,11,35,38,4,88,6,0,6,94
02/16/2018,LFT,LA,ASW,CE,Combined TRACON& Tower with Radar,11,18,36,6,71,0,19,9,0,28,11,37,45,6,99,8,0,8,107
02/17/2018,LFT,LA,ASW,CE,Combined TRACON& Tower with Radar,10,12,28,0,50,0,6,6,0,12,10,18,34,0,62,0,0,0,62
02/18/2018,LFT,LA,ASW,CE,Combined TRACON& Tower with Radar,10,20,14,2,46,0,13,23,0,36,10,33,37,2,82,0,0,0,82
02/19/2018,LFT,LA,ASW,CE,Combined TRACON& Tower with Radar,8,24,40,0,72,0,22,28,0,50,8,46,68,0,122,2,0,2,124
02/20/2018,LFT,LA,ASW,CE,Combined TRACON& Tower with Radar,8,15,35,4,62,0,31,16,0,47,8,46,51,4,109,0,0,0,109
02/21/2018,LFT,LA,ASW,CE,Combined TRACON& Tower with Radar,11,22,28,6,67,0,6,0,0,6,11,28,28,6,73,0,0,0,73
02/22/2018,LFT,LA,ASW,CE,Combined TRACON& Tower with Radar,12,22,47,0,81,0,11,25,0,36,12,33,72,0,117,8,0,8,125
02/23/2018,LFT,LA,ASW,CE,Combined TRACON& Tower with Radar,9,20,21,0,50,0,10,7,0,17,9,30,28,0,67,22,0,22,89
02/24/2018,LFT,LA,ASW,CE,Combined TRACON& Tower with Radar,11,14,17,0,42,0,4,8,0,12,11,18,25,0,54,0,0,0,54
02/25/2018,LFT,LA,ASW,CE,Combined TRACON& Tower with Radar,6,24,23,2,55,0,0,9,0,9,6,24,32,2,64,7,0,7,71
02/26/2018,LFT,LA,ASW,CE,Combined TRACON& Tower with Radar,8,21,41,2,72,0,34,29,0,63,8,55,70,2,135,12,0,12,147
02/27/2018,LFT,LA,ASW,CE,Combined TRACON& Tower with Radar,9,20,41,0,70,0,40,19,2,61,9,60,60,2,131,26,0,26,157
02/28/2018,LFT,LA,ASW,CE,Combined TRACON& Tower with Radar,9,19,26,0,54,0,41,23,0,64,9,60,49,0,118,2,0,2,120
03/01/2018,LFT,LA,ASW,CE,Combined TRACON& Tower with Radar,8,26,28,8,70,0,18,17,0,35,8,44,45,8,105,21,17,38,143
03/02/2018,LFT,LA,ASW,CE,Combined TRACON& Tower with Radar,10,20,25,7,62,0,31,66,1,98,10,51,91,8,160,28,0,28,188
03/03/2018,LFT,LA,ASW,CE,Combined TRACON& Tower with Radar,11,17,20,0,48,0,15,71,0,86,11,32,91,0,134,0,0,0,134
03/04/2018,LFT,LA,ASW,CE,Combined TRACON& Tower with Radar,7,18,21,0,46,0,10,48,0,58,7,28,69,0,104,0,0,0,104
03/05/2018,LFT,LA,ASW,CE,Combined TRACON& Tower with Radar,7,20,30,0,57,0,30,13,0,43,7,50,43,0,100,22,0,22,122
03/06/2018,LFT,LA,ASW,CE,Combined TRACON& Tower with Radar,10,25,53,0,88,0,9,27,0,36,10,34,80,0,124,16,0,16,140
03/07/2018,LFT,LA,ASW,CE,Combined TRACON& Tower with Radar,10,26,35,0,71,0,19,41,0,60,10,45,76,0,131,4,0,4,135
03/08/2018,LFT,LA,ASW,CE,Combined TRACON& Tower with Radar,8,21,30,2,61,0,19,24,0,43,8,40,54,2,104,0,0,0,104
03/09/2018,LFT,LA,ASW,CE,Combined TRACON& Tower with Radar,8,18,29,4,59,0,34,29,2,65,8,52,58,6,124,16,0,16,140
03/10/2018,LFT,LA,ASW,CE,Combined TRACON& Tower with Radar,7,14,26,4,51,0,5,9,0,14,7,19,35,4,65,0,0,0,65
03/11/2018,LFT,LA,ASW,CE,Combined TRACON& Tower with Radar,7,23,17,0,47,0,5,8,0,13,7,28,25,0,60,0,0,0,60
03/12/2018,LFT,LA,ASW,CE,Combined TRACON& Tower with Radar,10,21,21,0,52,0,17,36,0,53,10,38,57,0,105,2,0,2,107
03/13/2018,LFT,LA,ASW,CE,Combined TRACON& Tower with Radar,9,22,19,0,50,0,44,29,0,73,9,66,48,0,123,30,0,30,153
03/14/2018,LFT,LA,ASW,CE,Combined TRACON& Tower with Radar,10,18,44,2,74,0,46,28,0,74,10,64,72,2,148,12,0,12,160
03/15/2018,LFT,LA,ASW,CE,Combined TRACON& Tower with Radar,9,22,36,2,69,0,45,35,0,80,9,67,71,2,149,45,0,45,194
03/16/2018,LFT,LA,ASW,CE,Combined TRACON& Tower with Radar,10,23,17,0,50,0,27,4,0,31,10,50,21,0,81,27,0,27,108
03/17/2018,LFT,LA,ASW,CE,Combined TRACON& Tower with Radar,7,16,11,0,34,0,10,1,0,11,7,26,12,0,45,2,0,2,47
03/18/2018,LFT,LA,ASW,CE,Combined TRACON& Tower with Radar,7,20,30,0,57,0,3,8,0,11,7,23,38,0,68,2,0,2,70
03/19/2018,LFT,LA,ASW,CE,Combined TRACON& Tower with Radar,10,20,42,0,72,0,16,10,0,26,10,36,52,0,98,18,0,18,116
03/20/2018,LFT,LA,ASW,CE,Combined TRACON& Tower with Radar,11,19,28,2,60,0,28,26,0,54,11,47,54,2,114,35,0,35,149
03/21/2018,LFT,LA,ASW,CE,Combined TRACON& Tower with Radar,10,21,47,0,78,0,29,13,0,42,10,50,60,0,120,13,0,13,133
03/22/2018,LFT,LA,ASW,CE,Combined TRACON& Tower with Radar,10,23,42,4,79,0,39,38,2,79,10,62,80,6,158,34,0,34,192
03/23/2018,LFT,LA,ASW,CE,Combined TRACON& Tower with Radar,8,21,51,2,82,0,38,29,0,67,8,59,80,2,149,8,0,8,157
03/24/2018,LFT,LA,ASW,CE,Combined TRACON& Tower with Radar,7,14,23,0,44,0,12,9,0,21,7,26,32,0,65,2,0,2,67
03/25/2018,LFT,LA,ASW,CE,Combined TRACON& Tower with Radar,8,19,34,6,67,0,22,23,0,45,8,41,57,6,112,0,0,0,112
03/26/2018,LFT,LA,ASW,CE,Combined TRACON& Tower with Radar,10,20,33,4,67,0,30,4,0,34,10,50,37,4,101,4,0,4,105
03/27/2018,LFT,LA,ASW,CE,Combined TRACON& Tower with Radar,10,25,27,0,62,0,35,13,0,48,10,60,40,0,110,2,0,2,112
03/28/2018,LFT,LA,ASW,CE,Combined TRACON& Tower with Radar,8,18,28,2,56,0,11,4,0,15,8,29,32,2,71,0,0,0,71
03/29/2018,LFT,LA,ASW,CE,Combined TRACON& Tower with Radar,9,17,31,0,57,0,1,17,0,18,9,18,48,0,75,34,0,34,109
03/30/2018,LFT,LA,ASW,CE,Combined TRACON& Tower with Radar,9,20,33,4,66,0,38,40,0,78,9,58,73,4,144,38,0,38,182
03/31/2018,LFT,LA,ASW,CE,Combined TRACON& Tower with Radar,9,16,41,0,66,0,7,42,0,49,9,23,83,0,115,20,0,20,135
04/01/2018,LFT,LA,ASW,CE,Combined TRACON& Tower with Radar,7,22,23,0,52,0,13,17,0,30,7,35,40,0,82,24,0,24,106
04/02/2018,LFT,LA,ASW,CE,Combined TRACON& Tower with Radar,9,23,27,6,65,0,10,19,0,29,9,33,46,6,94,4,0,4,98
04/03/2018,LFT,LA,ASW,CE,Combined TRACON& Tower with Radar,11,15,42,0,68,0,17,8,2,27,11,32,50,2,95,6,0,6,101
04/04/2018,LFT,LA,ASW,CE,Combined TRACON& Tower with Radar,15,18,42,3,78,0,6,44,3,53,15,24,86,6,131,2,2,4,135
04/05/2018,LFT,LA,ASW,CE,Combined TRACON& Tower with Radar,14,21,44,0,79,0,5,38,0,43,14,26,82,0,122,18,0,18,140
04/06/2018,LFT,LA,ASW,CE,Combined TRACON& Tower with Radar,14,18,31,0,63,0,23,8,0,31,14,41,39,0,94,4,0,4,98
04/07/2018,LFT,LA,ASW,CE,Combined TRACON& Tower with Radar,10,13,12,0,35,0,0,5,0,5,10,13,17,0,40,0,0,0,40
04/08/2018,LFT,LA,ASW,CE,Combined TRACON& Tower with Radar,11,19,41,0,71,0,0,2,0,2,11,19,43,0,73,0,0,0,73
04/09/2018,LFT,LA,ASW,CE,Combined TRACON& Tower with Radar,10,22,23,0,55,0,13,13,0,26,10,35,36,0,81,36,0,36,117
04/10/2018,LFT,LA,ASW,CE,Combined TRACON& Tower with Radar,14,20,19,6,59,0,26,21,0,47,14,46,40,6,106,14,0,14,120
04/11/2018,LFT,LA,ASW,CE,Combined TRACON& Tower with Radar,11,22,40,10,83,0,40,44,0,84,11,62,84,10,167,37,0,37,204
04/12/2018,LFT,LA,ASW,CE,Combined TRACON& Tower with Radar,10,20,48,15,93,0,31,44,1,76,10,51,92,16,169,19,0,19,188
04/13/2018,LFT,LA,ASW,CE,Combined TRACON& Tower with Radar,12,24,20,2,58,0,7,6,0,13,12,31,26,2,71,0,0,0,71
04/14/2018,LFT,LA,ASW,CE,Combined TRACON& Tower with Radar,10,12,4,0,26,0,3,0,1,4,10,15,4,1,30,0,0,0,30
04/15/2018,LFT,LA,ASW,CE,Combined TRACON& Tower with Radar,8,20,24,2,54,0,5,7,0,12,8,25,31,2,66,0,0,0,66
04/16/2018,LFT,LA,ASW,CE,Combined TRACON& Tower with Radar,11,23,20,0,54,0,25,36,0,61,11,48,56,0,115,14,0,14,129
04/17/2018,LFT,LA,ASW,CE,Combined TRACON& Tower with Radar,11,26,30,7,74,0,16,38,1,55,11,42,68,8,129,2,0,2,131
04/18/2018,LFT,LA,ASW,CE,Combined TRACON& Tower with Radar,11,22,36,4,73,0,23,32,2,57,11,45,68,6,130,6,0,6,136
04/19/2018,LFT,LA,ASW,CE,Combined TRACON& Tower with Radar,12,21,36,10,79,0,24,26,3,53,12,45,62,13,132,24,0,24,156
04/20/2018,LFT,LA,ASW,CE,Combined TRACON& Tower with Radar,13,20,24,1,58,0,23,23,2,48,13,43,47,3,106,0,0,0,106
04/21/2018,LFT,LA,ASW,CE,Combined TRACON& Tower with Radar,8,14,29,0,51,0,7,17,0,24,8,21,46,0,75,0,0,0,75
04/22/2018,LFT,LA,ASW,CE,Combined TRACON& Tower with Radar,9,20,14,0,43,0,1,6,0,7,9,21,20,0,50,0,0,0,50
04/23/2018,LFT,LA,ASW,CE,Combined TRACON& Tower with Radar,11,19,37,4,71,0,20,36,0,56,11,39,73,4,127,10,0,10,137
04/24/2018,LFT,LA,ASW,CE,Combined TRACON& Tower with Radar,12,27,41,8,88,0,29,36,0,65,12,56,77,8,153,4,0,4,157
04/25/2018,LFT,LA,ASW,CE,Combined TRACON& Tower with Radar,10,21,33,14,78,0,25,36,2,63,10,46,69,16,141,18,4,22,163
04/26/2018,LFT,LA,ASW,CE,Combined TRACON& Tower with Radar,11,28,40,0,79,0,22,26,0,48,11,50,66,0,127,20,0,20,147
04/27/2018,LFT,LA,ASW,CE,Combined TRACON& Tower with Radar,8,22,36,8,74,0,27,32,0,59,8,49,68,8,133,44,0,44,177
04/28/2018,LFT,LA,ASW,CE,Combined TRACON& Tower with Radar,11,12,22,0,45,0,10,38,0,48,11,22,60,0,93,12,0,12,105
04/29/2018,LFT,LA,ASW,CE,Combined TRACON& Tower with Radar,10,19,36,8,73,0,3,36,0,39,10,22,72,8,112,6,0,6,118
04/30/2018,LFT,LA,ASW,CE,Combined TRACON& Tower with Radar,11,23,32,10,76,0,25,33,2,60,11,48,65,12,136,2,0,2,138
05/01/2018,LFT,LA,ASW,CE,Combined TRACON& Tower with Radar,10,20,40,3,73,0,33,29,1,63,10,53,69,4,136,14,0,14,150
05/02/2018,LFT,LA,ASW,CE,Combined TRACON& Tower with Radar,12,21,26,0,59,0,24,20,0,44,12,45,46,0,103,14,0,14,117
05/03/2018,LFT,LA,ASW,CE,Combined TRACON& Tower with Radar,11,24,46,6,87,0,33,35,0,68,11,57,81,6,155,14,0,14,169
05/04/2018,LFT,LA,ASW,CE,Combined TRACON& Tower with Radar,10,23,48,4,85,0,24,19,0,43,10,47,67,4,128,34,0,34,162
05/05/2018,LFT,LA,ASW,CE,Combined TRACON& Tower with Radar,14,17,16,0,47,0,7,8,0,15,14,24,24,0,62,18,0,18,80
05/06/2018,LFT,LA,ASW,CE,Combined TRACON& Tower with Radar,8,23,31,0,62,0,2,31,2,35,8,25,62,2,97,0,0,0,97
05/07/2018,LFT,LA,ASW,CE,Combined TRACON& Tower with Radar,10,21,43,0,74,0,31,39,1,71,10,52,82,1,145,4,0,4,149
05/08/2018,LFT,LA,ASW,CE,Combined TRACON& Tower with Radar,11,28,33,2,74,0,43,50,0,93,11,71,83,2,167,19,0,19,186
05/09/2018,LFT,LA,ASW,CE,Combined TRACON& Tower with Radar,10,21,40,0,71,0,35,32,0,67,10,56,72,0,138,27,0,27,165
05/10/2018,LFT,LA,ASW,CE,Combined TRACON& Tower with Radar,11,27,38,2,78,0,16,41,0,57,11,43,79,2,135,10,0,10,145
05/11/2018,LFT,LA,ASW,CE,Combined TRACON& Tower with Radar,9,23,38,2,72,0,41,37,0,78,9,64,75,2,150,8,0,8,158
05/12/2018,LFT,LA,ASW,CE,Combined TRACON& Tower with Radar,8,16,24,4,52,0,19,25,0,44,8,35,49,4,96,26,0,26,122
05/13/2018,LFT,LA,ASW,CE,Combined TRACON& Tower with Radar,9,21,34,4,68,0,4,19,0,23,9,25,53,4,91,12,0,12,103
05/14/2018,LFT,LA,ASW,CE,Combined TRACON& Tower with Radar,11,24,38,0,73,0,18,41,0,59,11,42,79,0,132,10,0,10,142
05/15/2018,LFT,LA,ASW,CE,Combined TRACON& Tower with Radar,11,21,73,6,111,0,17,34,0,51,11,38,107,6,162,30,0,30,192
05/16/2018,LFT,LA,ASW,CE,Combined TRACON& Tower with Radar,11,25,33,13,82,0,18,25,0,43,11,43,58,13,125,4,5,9,134
05/17/2018,LFT,LA,ASW,CE,Combined TRACON& Tower with Radar,13,22,40,4,79,0,32,48,0,80,13,54,88,4,159,9,0,9,168
05/18/2018,LFT,LA,ASW,CE,Combined TRACON& Tower with Radar,8,23,20,10,61,0,27,14,0,41,8,50,34,10,102,0,0,0,102
05/19/2018,LFT,LA,ASW,CE,Combined TRACON& Tower with Radar,8,13,20,20,61,0,15,24,2,41,8,28,44,22,102,8,0,8,110
05/20/2018,LFT,LA,ASW,CE,Combined TRACON& Tower with Radar,13,19,21,14,67,0,20,20,0,40,13,39,41,14,107,0,0,0,107
05/21/2018,LFT,LA,ASW,CE,Combined TRACON& Tower with Radar,10,20,38,6,74,0,24,32,0,56,10,44,70,6,130,8,0,8,138
05/22/2018,LFT,LA,ASW,CE,Combined TRACON& Tower with Radar,10,19,40,0,69,0,26,45,0,71,10,45,85,0,140,18,0,18,158
05/23/2018,LFT,LA,ASW,CE,Combined TRACON& Tower with Radar,9,22,40,0,71,0,22,23,0,45,9,44,63,0,116,2,0,2,118
05/24/2018,LFT,LA,ASW,CE,Combined TRACON& Tower with Radar,13,23,37,11,84,0,9,36,1,46,13,32,73,12,130,12,0,12,142
05/25/2018,LFT,LA,ASW,CE,Combined TRACON& Tower with Radar,9,18,26,2,55,0,17,32,0,49,9,35,58,2,104,0,0,0,104
05/26/2018,LFT,LA,ASW,CE,Combined TRACON& Tower with Radar,11,18,16,0,45,0,8,13,0,21,11,26,29,0,66,26,0,26,92
05/27/2018,LFT,LA,ASW,CE,Combined TRACON& Tower with Radar,9,19,18,0,46,0,7,18,0,25,9,26,36,0,71,0,0,0,71
05/28/2018,LFT,LA,ASW,CE,Combined TRACON& Tower with Radar,13,26,23,2,64,0,30,34,0,64,13,56,57,2,128,2,0,2,130
05/29/2018,LFT,LA,ASW,CE,Combined TRACON& Tower with Radar,12,20,45,2,79,0,18,35,1,54,12,38,80,3,133,6,0,6,139
05/30/2018,LFT,LA,ASW,CE,Combined TRACON& Tower with Radar,12,22,29,21,84,0,32,28,5,65,12,54,57,26,149,14,0,14,163
05/31/2018,LFT,LA,ASW,CE,Combined TRACON& Tower with Radar,10,23,42,0,75,0,35,28,2,65,10,58,70,2,140,34,0,34,174
06/01/2018,LFT,LA,ASW,CE,Combined TRACON& Tower with Radar,9,21,42,15,87,0,39,19,2,60,9,60,61,17,147,0,0,0,147
06/02/2018,LFT,LA,ASW,CE,Combined TRACON& Tower with Radar,8,13,20,2,43,0,2,22,2,26,8,15,42,4,69,0,0,0,69
06/03/2018,LFT,LA,ASW,CE,Combined TRACON& Tower with Radar,7,23,39,0,69,0,9,16,0,25,7,32,55,0,94,0,0,0,94
06/04/2018,LFT,LA,ASW,CE,Combined TRACON& Tower with Radar,11,26,28,5,70,0,31,34,0,65,11,57,62,5,135,2,0,2,137
06/05/2018,LFT,LA,ASW,CE,Combined TRACON& Tower with Radar,10,20,31,2,63,0,1,20,0,21,10,21,51,2,84,12,0,12,96
06/06/2018,LFT,LA,ASW,CE,Combined TRACON& Tower with Radar,13,20,44,10,87,0,17,38,0,55,13,37,82,10,142,34,0,34,176
06/07/2018,LFT,LA,ASW,CE,Combined TRACON& Tower with Radar,10,20,30,7,67,0,26,25,0,51,10,46,55,7,118,16,0,16,134
06/08/2018,LFT,LA,ASW,CE,Combined TRACON& Tower with Radar,10,15,31,3,59,0,20,26,0,46,10,35,57,3,105,9,0,9,114
06/09/2018,LFT,LA,ASW,CE,Combined TRACON& Tower with Radar,9,10,10,0,29,0,3,25,0,28,9,13,35,0,57,2,0,2,59
06/10/2018,LFT,LA,ASW,CE,Combined TRACON& Tower with Radar,11,18,24,0,53,0,9,10,0,19,11,27,34,0,72,0,0,0,72
06/11/2018,LFT,LA,ASW,CE,Combined TRACON& Tower with Radar,13,19,35,0,67,0,20,22,0,42,13,39,57,0,109,8,0,8,117
06/12/2018,LFT,LA,ASW,CE,Combined TRACON& Tower with Radar,14,17,31,4,66,0,19,20,0,39,14,36,51,4,105,6,0,6,111
06/13/2018,LFT,LA,ASW,CE,Combined TRACON& Tower with Radar,14,20,31,0,65,0,17,29,0,46,14,37,60,0,111,0,0,0,111
06/14/2018,LFT,LA,ASW,CE,Combined TRACON& Tower with Radar,16,19,31,11,77,0,11,22,0,33,16,30,53,11,110,0,0,0,110
06/15/2018,LFT,LA,ASW,CE,Combined TRACON& Tower with Radar,18,16,30,0,64,0,32,22,0,54,18,48,52,0,118,28,0,28,146
06/16/2018,LFT,LA,ASW,CE,Combined TRACON& Tower with Radar,7,14,23,0,44,0,5,28,1,34,7,19,51,1,78,22,0,22,100
06/17/2018,LFT,LA,ASW,CE,Combined TRACON& Tower with Radar,14,16,9,0,39,0,0,5,0,5,14,16,14,0,44,0,0,0,44
06/18/2018,LFT,LA,ASW,CE,Combined TRACON& Tower with Radar,9,18,26,0,53,0,2,2,0,4,9,20,28,0,57,4,0,4,61
06/19/2018,LFT,LA,ASW,CE,Combined TRACON& Tower with Radar,13,17,27,8,65,0,4,5,0,9,13,21,32,8,74,0,0,0,74
06/20/2018,LFT,LA,ASW,CE,Combined TRACON& Tower with Radar,13,25,39,0,77,0,32,18,0,50,13,57,57,0,127,5,0,5,132
06/21/2018,LFT,LA,ASW,CE,Combined TRACON& Tower with Radar,11,14,28,4,57,0,26,18,0,44,11,40,46,4,101,12,0,12,113
06/22/2018,LFT,LA,ASW,CE,Combined TRACON& Tower with Radar,12,15,30,0,57,0,29,24,0,53,12,44,54,0,110,20,0,20,130
06/23/2018,LFT,LA,ASW,CE,Combined TRACON& Tower with Radar,10,15,29,0,54,0,12,21,0,33,10,27,50,0,87,56,0,56,143
06/24/2018,LFT,LA,ASW,CE,Combined TRACON& Tower with Radar,10,16,30,0,56,0,13,30,0,43,10,29,60,0,99,11,0,11,110
06/25/2018,LFT,LA,ASW,CE,Combined TRACON& Tower with Radar,10,15,29,0,54,0,35,16,0,51,10,50,45,0,105,0,0,0,105
06/26/2018,LFT,LA,ASW,CE,Combined TRACON& Tower with Radar,13,16,49,0,78,0,32,25,0,57,13,48,74,0,135,22,0,22,157
06/27/2018,LFT,LA,ASW,CE,Combined TRACON& Tower with Radar,11,14,44,1,70,0,31,21,0,52,11,45,65,1,122,12,0,12,134
06/28/2018,LFT,LA,ASW,CE,Combined TRACON& Tower with Radar,10,23,37,0,70,0,18,39,0,57,10,41,76,0,127,14,0,14,141
06/29/2018,LFT,LA,ASW,CE,Combined TRACON& Tower with Radar,15,21,41,0,77,0,36,30,0,66,15,57,71,0,143,14,0,14,157
06/30/2018,LFT,LA,ASW,CE,Combined TRACON& Tower with Radar,11,16,24,0,51,0,3,26,0,29,11,19,50,0,80,8,0,8,88
07/01/2018,LFT,LA,ASW,CE,Combined TRACON& Tower with Radar,12,11,29,0,52,0,2,28,0,30,12,13,57,0,82,0,0,0,82
07/02/2018,LFT,LA,ASW,CE,Combined TRACON& Tower with Radar,13,14,28,0,55,0,22,7,2,31,13,36,35,2,86,6,0,6,92
07/03/2018,LFT,LA,ASW,CE,Combined TRACON& Tower with Radar,15,12,15,4,46,0,7,5,0,12,15,19,20,4,58,10,0,10,68
07/04/2018,LFT,LA,ASW,CE,Combined TRACON& Tower with Radar,11,11,6,0,28,0,3,7,0,10,11,14,13,0,38,0,0,0,38
07/05/2018,LFT,LA,ASW,CE,Combined TRACON& Tower with Radar,10,14,16,0,40,0,9,16,0,25,10,23,32,0,65,6,0,6,71
07/06/2018,LFT,LA,ASW,CE,Combined TRACON& Tower with Radar,13,15,28,6,62,0,6,21,0,27,13,21,49,6,89,8,0,8,97
07/07/2018,LFT,LA,ASW,CE,Combined TRACON& Tower with Radar,8,19,17,0,44,0,3,11,0,14,8,22,28,0,58,0,0,0,58
07/08/2018,LFT,LA,ASW,CE,Combined TRACON& Tower with Radar,9,13,22,0,44,0,2,4,0,6,9,15,26,0,50,0,0,0,50
07/09/2018,LFT,LA,ASW,CE,Combined TRACON& Tower with Radar,10,16,19,0,45,0,7,18,0,25,10,23,37,0,70,0,0,0,70
07/10/2018,LFT,LA,ASW,CE,Combined TRACON& Tower with Radar,9,12,19,0,40,0,28,24,0,52,9,40,43,0,92,20,0,20,112
07/11/2018,LFT,LA,ASW,CE,Combined TRACON& Tower with Radar,12,19,43,0,74,0,7,8,0,15,12,26,51,0,89,0,0,0,89
07/12/2018,LFT,LA,ASW,CE,Combined TRACON& Tower with Radar,10,16,24,6,56,0,12,16,0,28,10,28,40,6,84,29,4,33,117
07/13/2018,LFT,LA,ASW,CE,Combined TRACON& Tower with Radar,11,12,25,0,48,0,19,18,0,37,11,31,43,0,85,0,0,0,85
07/14/2018,LFT,LA,ASW,CE,Combined TRACON& Tower with Radar,8,10,33,0,51,0,5,21,0,26,8,15,54,0,77,12,0,12,89
07/15/2018,LFT,LA,ASW,CE,Combined TRACON& Tower with Radar,8,15,33,0,56,0,6,16,0,22,8,21,49,0,78,0,0,0,78
07/16/2018,LFT,LA,ASW,CE,Combined TRACON& Tower with Radar,10,19,16,4,49,0,20,19,0,39,10,39,35,4,88,0,0,0,88
07/17/2018,LFT,LA,ASW,CE,Combined TRACON& Tower with Radar,11,19,42,0,72,0,21,20,0,41,11,40,62,0,113,22,0,22,135
07/18/2018,LFT,LA,ASW,CE,Combined TRACON& Tower with Radar,12,20,25,0,57,0,19,15,0,34,12,39,40,0,91,0,0,0,91
07/19/2018,LFT,LA,ASW,CE,Combined TRACON& Tower with Radar,13,19,39,4,75,0,43,19,0,62,13,62,58,4,137,28,0,28,165
07/20/2018,LFT,LA,ASW,CE,Combined TRACON& Tower with Radar,12,14,26,0,52,0,28,29,0,57,12,42,55,0,109,8,0,8,117
07/21/2018,LFT,LA,ASW,CE,Combined TRACON& Tower with Radar,8,11,23,5,47,0,1,10,0,11,8,12,33,5,58,32,0,32,90
07/22/2018,LFT,LA,ASW,CE,Combined TRACON& Tower with Radar,9,15,26,0,50,0,5,15,0,20,9,20,41,0,70,0,0,0,70
07/23/2018,LFT,LA,ASW,CE,Combined TRACON& Tower with Radar,9,15,21,0,45,0,9,19,0,28,9,24,40,0,73,2,0,2,75
07/24/2018,LFT,LA,ASW,CE,Combined TRACON& Tower with Radar,12,19,23,2,56,0,7,21,2,30,12,26,44,4,86,0,0,0,86
07/25/2018,LFT,LA,ASW,CE,Combined TRACON& Tower with Radar,13,15,18,0,46,0,15,27,0,42,13,30,45,0,88,0,0,0,88
07/26/2018,LFT,LA,ASW,CE,Combined TRACON& Tower with Radar,12,17,34,0,63,0,31,38,1,70,12,48,72,1,133,12,0,12,145
07/27/2018,LFT,LA,ASW,CE,Combined TRACON& Tower with Radar,11,20,27,6,64,0,21,22,0,43,11,41,49,6,107,0,0,0,107
07/28/2018,LFT,LA,ASW,CE,Combined TRACON& Tower with Radar,7,11,22,0,40,0,28,31,0,59,7,39,53,0,99,0,0,0,99
07/29/2018,LFT,LA,ASW,CE,Combined TRACON& Tower with Radar,9,15,31,0,55,0,8,23,0,31,9,23,54,0,86,0,0,0,86
07/30/2018,LFT,LA,ASW,CE,Combined TRACON& Tower with Radar,10,16,26,0,52,0,17,22,0,39,10,33,48,0,91,16,0,16,107
07/31/2018,LFT,LA,ASW,CE,Combined TRACON& Tower with Radar,9,17,32,0,58,0,5,17,0,22,9,22,49,0,80,10,0,10,90
08/01/2018,LFT,LA,ASW,CE,Combined TRACON& Tower with Radar,14,17,28,0,59,0,5,14,0,19,14,22,42,0,78,0,0,0,78
08/02/2018,LFT,LA,ASW,CE,Combined TRACON& Tower with Radar,12,17,42,0,71,0,36,24,1,61,12,53,66,1,132,9,0,9,141
08/03/2018,LFT,LA,ASW,CE,Combined TRACON& Tower with Radar,11,17,23,9,60,0,33,29,0,62,11,50,52,9,122,18,0,18,140
08/04/2018,LFT,LA,ASW,CE,Combined TRACON& Tower with Radar,7,13,18,0,38,0,16,13,1,30,7,29,31,1,68,0,0,0,68
08/05/2018,LFT,LA,ASW,CE,Combined TRACON& Tower with Radar,8,16,20,3,47,0,10,8,2,20,8,26,28,5,67,0,0,0,67
08/06/2018,LFT,LA,ASW,CE,Combined TRACON& Tower with Radar,12,15,32,0,59,0,24,24,0,48,12,39,56,0,107,0,0,0,107
08/07/2018,LFT,LA,ASW,CE,Combined TRACON& Tower with Radar,11,17,24,0,52,0,16,10,0,26,11,33,34,0,78,0,0,0,78
08/08/2018,LFT,LA,ASW,CE,Combined TRACON& Tower with Radar,10,14,35,0,59,0,29,28,0,57,10,43,63,0,116,6,0,6,122
08/09/2018,LFT,LA,ASW,CE,Combined TRACON& Tower with Radar,10,13,25,2,50,0,9,26,0,35,10,22,51,2,85,12,0,12,97
08/10/2018,LFT,LA,ASW,CE,Combined TRACON& Tower with Radar,11,20,20,0,51,0,11,18,0,29,11,31,38,0,80,6,0,6,86
08/11/2018,LFT,LA,ASW,CE,Combined TRACON& Tower with Radar,8,12,8,0,28,0,5,10,0,15,8,17,18,0,43,20,0,20,63
08/12/2018,LFT,LA,ASW,CE,Combined TRACON& Tower with Radar,9,21,28,4,62,0,13,23,0,36,9,34,51,4,98,6,0,6,104
08/13/2018,LFT,LA,ASW,CE,Combined TRACON& Tower with Radar,9,14,24,0,47,0,21,21,0,42,9,35,45,0,89,2,0,2,91
08/14/2018,LFT,LA,ASW,CE,Combined TRACON& Tower with Radar,11,14,43,0,68,0,22,24,0,46,11,36,67,0,114,0,0,0,114
08/15/2018,LFT,LA,ASW,CE,Combined TRACON& Tower with Radar,12,28,31,4,75,0,30,33,0,63,12,58,64,4,138,0,0,0,138
08/16/2018,LFT,LA,ASW,CE,Combined TRACON& Tower with Radar,11,17,27,3,58,0,26,15,0,41,11,43,42,3,99,0,0,0,99
08/17/2018,LFT,LA,ASW,CE,Combined TRACON& Tower with Radar,12,18,17,3,50,0,8,16,0,24,12,26,33,3,74,1,0,1,75
08/18/2018,LFT,LA,ASW,CE,Combined TRACON& Tower with Radar,7,12,14,2,35,0,7,22,1,30,7,19,36,3,65,12,0,12,77
08/19/2018,LFT,LA,ASW,CE,Combined TRACON& Tower with Radar,10,20,18,0,48,0,0,10,1,11,10,20,28,1,59,10,0,10,69
08/20/2018,LFT,LA,ASW,CE,Combined TRACON& Tower with Radar,10,15,31,0,56,0,17,15,1,33,10,32,46,1,89,0,0,0,89
08/21/2018,LFT,LA,ASW,CE,Combined TRACON& Tower with Radar,12,19,25,2,58,0,32,20,0,52,12,51,45,2,110,0,0,0,110
08/22/2018,LFT,LA,ASW,CE,Combined TRACON& Tower with Radar,12,18,42,6,78,0,20,22,0,42,12,38,64,6,120,0,0,0,120
08/23/2018,LFT,LA,ASW,CE,Combined TRACON& Tower with Radar,11,16,25,0,52,0,31,50,0,81,11,47,75,0,133,8,0,8,141
08/24/2018,LFT,LA,ASW,CE,Combined TRACON& Tower with Radar,14,16,26,0,56,0,25,42,0,67,14,41,68,0,123,6,0,6,129
08/25/2018,LFT,LA,ASW,CE,Combined TRACON& Tower with Radar,9,12,13,2,36,0,12,40,6,58,9,24,53,8,94,8,0,8,102
08/26/2018,LFT,LA,ASW,CE,Combined TRACON& Tower with Radar,10,20,18,2,50,0,4,26,0,30,10,24,44,2,80,0,0,0,80
08/27/2018,LFT,LA,ASW,CE,Combined TRACON& Tower with Radar,11,20,22,0,53,0,11,16,0,27,11,31,38,0,80,6,0,6,86
08/28/2018,LFT,LA,ASW,CE,Combined TRACON& Tower with Radar,12,20,38,0,70,0,4,24,0,28,12,24,62,0,98,10,0,10,108
08/29/2018,LFT,LA,ASW,CE,Combined TRACON& Tower with Radar,11,22,35,2,70,0,5,28,0,33,11,27,63,2,103,6,0,6,109
08/30/2018,LFT,LA,ASW,CE,Combined TRACON& Tower with Radar,15,24,46,0,85,0,8,22,0,30,15,32,68,0,115,22,0,22,137
08/31/2018,LFT,LA,ASW,CE,Combined TRACON& Tower with Radar,12,15,31,0,58,0,17,24,1,42,12,32,55,1,100,2,0,2,102
09/01/2018,LFT,LA,ASW,CE,Combined TRACON& Tower with Radar,11,13,11,0,35,0,6,5,0,11,11,19,16,0,46,6,0,6,52
09/02/2018,LFT,LA,ASW,CE,Combined TRACON& Tower with Radar,10,9,8,0,27,0,0,0,0,0,10,9,8,0,27,0,0,0,27
09/03/2018,LFT,LA,ASW,CE,Combined TRACON& Tower with Radar,10,17,26,0,53,0,3,4,0,7,10,20,30,0,60,0,0,0,60
09/04/2018,LFT,LA,ASW,CE,Combined TRACON& Tower with Radar,13,17,25,0,55,0,4,9,1,14,13,21,34,1,69,2,0,2,71
09/05/2018,LFT,LA,ASW,CE,Combined TRACON& Tower with Radar,12,16,22,0,50,0,32,28,0,60,12,48,50,0,110,14,0,14,124
09/06/2018,LFT,LA,ASW,CE,Combined TRACON& Tower with Radar,14,16,27,0,57,0,7,15,0,22,14,23,42,0,79,6,0,6,85
09/07/2018,LFT,LA,ASW,CE,Combined TRACON& Tower with Radar,13,21,25,6,65,0,11,12,0,23,13,32,37,6,88,16,0,16,104
09/08/2018,LFT,LA,ASW,CE,Combined TRACON& Tower with Radar,10,14,15,0,39,0,7,16,0,23,10,21,31,0,62,50,0,50,112
09/09/2018,LFT,LA,ASW,CE,Combined TRACON& Tower with Radar,9,19,28,0,56,0,1,15,0,16,9,20,43,0,72,10,0,10,82
09/10/2018,LFT,LA,ASW,CE,Combined TRACON& Tower with Radar,11,17,22,0,50,0,5,8,0,13,11,22,30,0,63,0,0,0,63
09/11/2018,LFT,LA,ASW,CE,Combined TRACON& Tower with Radar,13,17,44,0,74,0,5,7,0,12,13,22,51,0,86,6,0,6,92
09/12/2018,LFT,LA,ASW,CE,Combined TRACON& Tower with Radar,13,16,36,0,65,0,10,10,0,20,13,26,46,0,85,32,0,32,117
09/13/2018,LFT,LA,ASW,CE,Combined TRACON& Tower with Radar,12,19,30,0,61,0,8,9,0,17,12,27,39,0,78,22,0,22,100
09/14/2018,LFT,LA,ASW,CE,Combined TRACON& Tower with Radar,16,16,34,0,66,0,24,17,0,41,16,40,51,0,107,29,0,29,136
09/15/2018,LFT,LA,ASW,CE,Combined TRACON& Tower with Radar,12,12,20,0,44,0,16,25,0,41,12,28,45,0,85,0,0,0,85
09/16/2018,LFT,LA,ASW,CE,Combined TRACON& Tower with Radar,11,19,27,0,57,0,12,30,0,42,11,31,57,0,99,0,0,0,99
09/17/2018,LFT,LA,ASW,CE,Combined TRACON& Tower with Radar,12,15,35,0,62,0,23,25,0,48,12,38,60,0,110,8,0,8,118
09/18/2018,LFT,LA,ASW,CE,Combined TRACON& Tower with Radar,12,27,28,0,67,0,24,39,0,63,12,51,67,0,130,14,0,14,144
09/19/2018,LFT,LA,ASW,CE,Combined TRACON& Tower with Radar,14,15,34,8,71,0,3,50,0,53,14,18,84,8,124,13,0,13,137
09/20/2018,LFT,LA,ASW,CE,Combined TRACON& Tower with Radar,14,21,32,2,69,0,27,37,0,64,14,48,69,2,133,22,0,22,155
09/21/2018,LFT,LA,ASW,CE,Combined TRACON& Tower with Radar,14,17,25,0,56,0,7,23,0,30,14,24,48,0,86,10,0,10,96
09/22/2018,LFT,LA,ASW,CE,Combined TRACON& Tower with Radar,10,9,12,0,31,0,0,7,0,7,10,9,19,0,38,32,0,32,70
09/23/2018,LFT,LA,ASW,CE,Combined TRACON& Tower with Radar,10,15,32,0,57,0,0,13,0,13,10,15,45,0,70,10,0,10,80
09/24/2018,LFT,LA,ASW,CE,Combined TRACON& Tower with Radar,12,32,27,1,72,0,11,18,0,29,12,43,45,1,101,0,0,0,101
09/25/2018,LFT,LA,ASW,CE,Combined TRACON& Tower with Radar,14,17,21,2,54,0,18,21,0,39,14,35,42,2,93,6,0,6,99
09/26/2018,LFT,LA,ASW,CE,Combined TRACON& Tower with Radar,12,12,25,0,49,0,4,9,0,13,12,16,34,0,62,0,0,0,62
09/27/2018,LFT,LA,ASW,CE,Combined TRACON& Tower with Radar,12,20,43,0,75,0,5,5,0,10,12,25,48,0,85,4,0,4,89
09/28/2018,LFT,LA,ASW,CE,Combined TRACON& Tower with Radar,15,17,33,2,67,0,5,15,0,20,15,22,48,2,87,0,0,0,87
09/29/2018,LFT,LA,ASW,CE,Combined TRACON& Tower with Radar,12,9,20,4,45,0,4,0,0,4,12,13,20,4,49,10,0,10,59
09/30/2018,LFT,LA,ASW,CE,Combined TRACON& Tower with Radar,11,16,29,0,56,0,3,6,0,9,11,19,35,0,65,0,0,0,65
10/01/2018,LFT,LA,ASW,CE,Combined TRACON& Tower with Radar,11,19,34,5,69,0,23,24,0,47,11,42,58,5,116,0,0,0,116
10/02/2018,LFT,LA,ASW,CE,Combined TRACON& Tower with Radar,12,25,28,0,65,0,25,25,2,52,12,50,53,2,117,18,0,18,135
10/03/2018,LFT,LA,ASW,CE,Combined TRACON& Tower with Radar,12,21,52,8,93,0,26,25,0,51,12,47,77,8,144,36,2,38,182
10/04/2018,LFT,LA,ASW,CE,Combined TRACON& Tower with Radar,13,17,31,3,64,0,34,31,0,65,13,51,62,3,129,12,0,12,141
10/05/2018,LFT,LA,ASW,CE,Combined TRACON& Tower with Radar,14,18,36,0,68,0,25,31,0,56,14,43,67,0,124,0,0,0,124
10/06/2018,LFT,LA,ASW,CE,Combined TRACON& Tower with Radar,8,13,19,0,40,0,7,21,0,28,8,20,40,0,68,8,0,8,76
10/07/2018,LFT,LA,ASW,CE,Combined TRACON& Tower with Radar,11,14,16,0,41,0,3,20,0,23,11,17,36,0,64,6,0,6,70
10/08/2018,LFT,LA,ASW,CE,Combined TRACON& Tower with Radar,13,19,32,0,64,0,4,16,0,20,13,23,48,0,84,20,0,20,104
10/09/2018,LFT,LA,ASW,CE,Combined TRACON& Tower with Radar,13,15,29,1,58,0,9,3,1,13,13,24,32,2,71,0,0,0,71
10/10/2018,LFT,LA,ASW,CE,Combined TRACON& Tower with Radar,12,20,29,0,61,0,5,13,0,18,12,25,42,0,79,0,0,0,79
10/11/2018,LFT,LA,ASW,CE,Combined TRACON& Tower with Radar,12,19,31,0,62,0,31,37,0,68,12,50,68,0,130,34,0,34,164
10/12/2018,LFT,LA,ASW,CE,Combined TRACON& Tower with Radar,13,20,39,5,77,0,28,59,0,87,13,48,98,5,164,6,0,6,170
10/13/2018,LFT,LA,ASW,CE,Combined TRACON& Tower with Radar,10,16,22,0,48,0,14,31,0,45,10,30,53,0,93,0,0,0,93
10/14/2018,LFT,LA,ASW,CE,Combined TRACON& Tower with Radar,11,18,45,22,96,0,9,35,0,44,11,27,80,22,140,0,14,14,154
10/15/2018,LFT,LA,ASW,CE,Combined TRACON& Tower with Radar,12,20,26,0,58,0,26,14,0,40,12,46,40,0,98,18,0,18,116
10/16/2018,LFT,LA,ASW,CE,Combined TRACON& Tower with Radar,13,26,27,0,66,0,0,0,0,0,13,26,27,0,66,0,0,0,66
10/17/2018,LFT,LA,ASW,CE,Combined TRACON& Tower with Radar,13,27,39,0,79,0,0,0,0,0,13,27,39,0,79,0,0,0,79
10/18/2018,LFT,LA,ASW,CE,Combined TRACON& Tower with Radar,14,26,48,0,88,0,10,38,0,48,14,36,86,0,136,26,0,26,162
10/19/2018,LFT,LA,ASW,CE,Combined TRACON& Tower with Radar,12,18,37,0,67,0,28,31,0,59,12,46,68,0,126,14,0,14,140
10/20/2018,LFT,LA,ASW,CE,Combined TRACON& Tower with Radar,9,14,6,0,29,0,2,0,0,2,9,16,6,0,31,0,0,0,31
10/21/2018,LFT,LA,ASW,CE,Combined TRACON& Tower with Radar,12,19,15,0,46,0,6,29,0,35,12,25,44,0,81,22,0,22,103
10/22/2018,LFT,LA,ASW,CE,Combined TRACON& Tower with Radar,13,24,38,0,75,0,27,25,0,52,13,51,63,0,127,10,0,10,137
10/23/2018,LFT,LA,ASW,CE,Combined TRACON& Tower with Radar,13,22,34,0,69,0,1,7,0,8,13,23,41,0,77,0,0,0,77
10/24/2018,LFT,LA,ASW,CE,Combined TRACON& Tower with Radar,16,21,37,0,74,0,6,18,3,27,16,27,55,3,101,4,0,4,105
10/25/2018,LFT,LA,ASW,CE,Combined TRACON& Tower with Radar,13,21,34,0,68,0,0,4,0,4,13,21,38,0,72,1,0,1,73
10/26/2018,LFT,LA,ASW,CE,Combined TRACON& Tower with Radar,16,21,27,4,68,0,22,42,1,65,16,43,69,5,133,12,0,12,145
10/27/2018,LFT,LA,ASW,CE,Combined TRACON& Tower with Radar,15,14,20,0,49,0,11,39,0,50,15,25,59,0,99,34,0,34,133
10/28/2018,LFT,LA,ASW,CE,Combined TRACON& Tower with Radar,10,20,25,6,61,0,5,26,0,31,10,25,51,6,92,0,0,0,92
10/29/2018,LFT,LA,ASW,CE,Combined TRACON& Tower with Radar,9,20,49,3,81,0,14,26,0,40,9,34,75,3,121,14,0,14,135
10/30/2018,LFT,LA,ASW,CE,Combined TRACON& Tower with Radar,11,18,42,0,71,0,23,49,0,72,11,41,91,0,143,18,0,18,161
10/31/2018,LFT,LA,ASW,CE,Combined TRACON& Tower with Radar,14,22,23,2,61,0,9,11,0,20,14,31,34,2,81,0,0,0,81
11/01/2018,LFT,LA,ASW,CE,Combined TRACON& Tower with Radar,15,23,28,0,66,0,2,6,0,8,15,25,34,0,74,0,0,0,74
11/02/2018,LFT,LA,ASW,CE,Combined TRACON& Tower with Radar,12,16,42,17,87,0,44,41,0,85,12,60,83,17,172,0,0,0,172
11/03/2018,LFT,LA,ASW,CE,Combined TRACON& Tower with Radar,12,15,27,1,55,0,16,48,1,65,12,31,75,2,120,8,0,8,128
11/04/2018,LFT,LA,ASW,CE,Combined TRACON& Tower with Radar,9,20,34,0,63,0,3,6,0,9,9,23,40,0,72,0,0,0,72
11/05/2018,LFT,LA,ASW,CE,Combined TRACON& Tower with Radar,9,26,29,0,64,0,2,5,0,7,9,28,34,0,71,0,0,0,71
11/06/2018,LFT,LA,ASW,CE,Combined TRACON& Tower with Radar,9,16,32,0,57,0,5,13,0,18,9,21,45,0,75,0,0,0,75
11/07/2018,LFT,LA,ASW,CE,Combined TRACON& Tower with Radar,13,23,21,0,57,0,0,2,0,2,13,23,23,0,59,0,0,0,59
11/08/2018,LFT,LA,ASW,CE,Combined TRACON& Tower with Radar,12,27,24,0,63,0,0,0,0,0,12,27,24,0,63,0,0,0,63
11/09/2018,LFT,LA,ASW,CE,Combined TRACON& Tower with Radar,9,21,33,0,63,0,5,0,0,5,9,26,33,0,68,0,0,0,68
11/10/2018,LFT,LA,ASW,CE,Combined TRACON& Tower with Radar,14,12,20,1,47,0,10,34,4,48,14,22,54,5,95,8,0,8,103
11/11/2018,LFT,LA,ASW,CE,Combined TRACON& Tower with Radar,7,23,25,1,56,0,8,21,0,29,7,31,46,1,85,8,0,8,93
11/12/2018,LFT,LA,ASW,CE,Combined TRACON& Tower with Radar,9,27,12,0,48,0,0,1,0,1,9,27,13,0,49,0,0,0,49
11/13/2018,LFT,LA,ASW,CE,Combined TRACON& Tower with Radar,12,20,29,0,61,0,1,3,0,4,12,21,32,0,65,0,0,0,65
11/14/2018,LFT,LA,ASW,CE,Combined TRACON& Tower with Radar,15,25,31,5,76,0,3,8,0,11,15,28,39,5,87,24,0,24,111
11/15/2018,LFT,LA,ASW,CE,Combined TRACON& Tower with Radar,11,26,39,4,80,0,37,36,6,79,11,63,75,10,159,14,0,14,173
11/16/2018,LFT,LA,ASW,CE,Combined TRACON& Tower with Radar,12,30,32,0,74,0,44,35,4,83,12,74,67,4,157,6,0,6,163
11/17/2018,LFT,LA,ASW,CE,Combined TRACON& Tower with Radar,11,13,18,0,42,0,9,36,0,45,11,22,54,0,87,33,0,33,120
11/18/2018,LFT,LA,ASW,CE,Combined TRACON& Tower with Radar,8,26,27,0,61,0,20,34,1,55,8,46,61,1,116,2,0,2,118
11/19/2018,LFT,LA,ASW,CE,Combined TRACON& Tower with Radar,12,23,37,8,80,0,1,18,0,19,12,24,55,8,99,13,0,13,112
11/20/2018,LFT,LA,ASW,CE,Combined TRACON& Tower with Radar,11,24,31,2,68,0,0,41,0,41,11,24,72,2,109,11,0,11,120
11/21/2018,LFT,LA,ASW,CE,Combined TRACON& Tower with Radar,15,20,33,2,70,0,23,37,0,60,15,43,70,2,130,0,0,0,130
11/22/2018,LFT,LA,ASW,CE,Combined TRACON& Tower with Radar,5,10,14,0,29,0,1,8,0,9,5,11,22,0,38,0,0,0,38
11/23/2018,LFT,LA,ASW,CE,Combined TRACON& Tower with Radar,10,15,19,0,44,0,9,7,0,16,10,24,26,0,60,0,0,0,60
11/24/2018,LFT,LA,ASW,CE,Combined TRACON& Tower with Radar,11,18,28,2,59,0,8,23,0,31,11,26,51,2,90,58,0,58,148
11/25/2018,LFT,LA,ASW,CE,Combined TRACON& Tower with Radar,4,22,37,0,63,0,5,9,0,14,4,27,46,0,77,0,0,0,77
11/26/2018,LFT,LA,ASW,CE,Combined TRACON& Tower with Radar,11,20,24,2,57,0,12,18,0,30,11,32,42,2,87,18,0,18,105
11/27/2018,LFT,LA,ASW,CE,Combined TRACON& Tower with Radar,12,17,26,0,55,0,24,29,0,53,12,41,55,0,108,10,0,10,118
11/28/2018,LFT,LA,ASW,CE,Combined TRACON& Tower with Radar,15,21,42,0,78,0,30,24,0,54,15,51,66,0,132,22,0,22,154
11/29/2018,LFT,LA,ASW,CE,Combined TRACON& Tower with Radar,15,17,50,0,82,0,30,17,0,47,15,47,67,0,129,8,0,8,137
11/30/2018,LFT,LA,ASW,CE,Combined TRACON& Tower with Radar,15,21,44,13,93,0,11,0,0,11,15,32,44,13,104,0,0,0,104
12/01/2018,LFT,LA,ASW,CE,Combined TRACON& Tower with Radar,17,7,12,0,36,0,21,10,0,31,17,28,22,0,67,24,0,24,91
12/02/2018,LFT,LA,ASW,CE,Combined TRACON& Tower with Radar,10,12,35,5,62,0,11,46,1,58,10,23,81,6,120,46,0,46,166
12/03/2018,LFT,LA,ASW,CE,Combined TRACON& Tower with Radar,17,17,37,2,73,0,29,44,0,73,17,46,81,2,146,4,0,4,150
12/04/2018,LFT,LA,ASW,CE,Combined TRACON& Tower with Radar,12,17,25,0,54,0,27,31,3,61,12,44,56,3,115,50,0,50,165
12/05/2018,LFT,LA,ASW,CE,Combined TRACON& Tower with Radar,15,20,36,0,71,0,8,46,0,54,15,28,82,0,125,25,0,25,150
12/06/2018,LFT,LA,ASW,CE,Combined TRACON& Tower with Radar,12,21,40,0,73,0,39,22,2,63,12,60,62,2,136,42,0,42,178
12/07/2018,LFT,LA,ASW,CE,Combined TRACON& Tower with Radar,10,21,41,4,76,0,24,28,0,52,10,45,69,4,128,54,0,54,182
12/08/2018,LFT,LA,ASW,CE,Combined TRACON& Tower with Radar,13,10,6,0,29,0,0,0,0,0,13,10,6,0,29,0,0,0,29
12/09/2018,LFT,LA,ASW,CE,Combined TRACON& Tower with Radar,8,21,24,1,54,0,0,2,0,2,8,21,26,1,56,0,0,0,56
12/10/2018,LFT,LA,ASW,CE,Combined TRACON& Tower with Radar,11,17,27,0,55,0,19,17,0,36,11,36,44,0,91,14,0,14,105
12/11/2018,LFT,LA,ASW,CE,Combined TRACON& Tower with Radar,14,20,41,0,75,0,17,37,0,54,14,37,78,0,129,26,0,26,155
12/12/2018,LFT,LA,ASW,CE,Combined TRACON& Tower with Radar,13,18,45,7,83,0,12,22,0,34,13,30,67,7,117,28,0,28,145
12/13/2018,LFT,LA,ASW,CE,Combined TRACON& Tower with Radar,11,21,15,0,47,0,0,0,1,1,11,21,15,1,48,0,0,0,48
12/14/2018,LFT,LA,ASW,CE,Combined TRACON& Tower with Radar,10,27,32,48,117,0,10,19,2,31,10,37,51,50,148,0,0,0,148
12/15/2018,LFT,LA,ASW,CE,Combined TRACON& Tower with Radar,16,12,21,2,51,0,16,4,0,20,16,28,25,2,71,0,0,0,71
12/16/2018,LFT,LA,ASW,CE,Combined TRACON& Tower with Radar,8,15,25,15,63,0,9,32,2,43,8,24,57,17,106,28,0,28,134
12/17/2018,LFT,LA,ASW,CE,Combined TRACON& Tower with Radar,12,19,36,0,67,0,1,18,0,19,12,20,54,0,86,0,0,0,86
12/18/2018,LFT,LA,ASW,CE,Combined TRACON& Tower with Radar,13,16,41,0,70,0,9,34,0,43,13,25,75,0,113,16,0,16,129
12/19/2018,LFT,LA,ASW,CE,Combined TRACON& Tower with Radar,9,26,26,2,63,0,3,2,0,5,9,29,28,2,68,0,0,0,68
12/20/2018,LFT,LA,ASW,CE,Combined TRACON& Tower with Radar,8,24,41,0,73,0,13,3,0,16,8,37,44,0,89,0,0,0,89
12/21/2018,LFT,LA,ASW,CE,Combined TRACON& Tower with Radar,11,27,21,1,60,0,16,41,0,57,11,43,62,1,117,16,0,16,133
12/22/2018,LFT,LA,ASW,CE,Combined TRACON& Tower with Radar,8,23,15,1,47,0,13,31,0,44,8,36,46,1,91,8,0,8,99
12/23/2018,LFT,LA,ASW,CE,Combined TRACON& Tower with Radar,7,25,26,0,58,0,4,12,0,16,7,29,38,0,74,0,0,0,74
12/24/2018,LFT,LA,ASW,CE,Combined TRACON& Tower with Radar,8,16,10,0,34,0,8,21,0,29,8,24,31,0,63,4,0,4,67
12/25/2018,LFT,LA,ASW,CE,Combined TRACON& Tower with Radar,6,15,7,0,28,0,4,1,1,6,6,19,8,1,34,0,0,0,34
12/26/2018,LFT,LA,ASW,CE,Combined TRACON& Tower with Radar,9,15,28,0,52,0,8,0,0,8,9,23,28,0,60,0,0,0,60
12/27/2018,LFT,LA,ASW,CE,Combined TRACON& Tower with Radar,5,16,19,0,40,0,0,1,0,1,5,16,20,0,41,0,0,0,41
12/28/2018,LFT,LA,ASW,CE,Combined TRACON& Tower with Radar,10,24,32,0,66,0,9,19,0,28,10,33,51,0,94,10,0,10,104
12/29/2018,LFT,LA,ASW,CE,Combined TRACON& Tower with Radar,8,25,7,0,40,0,4,1,0,5,8,29,8,0,45,0,0,0,45
12/30/2018,LFT,LA,ASW,CE,Combined TRACON& Tower with Radar,3,6,12,0,21,0,0,0,0,0,3,6,12,0,21,0,0,0,21
12/31/2018,LFT,LA,ASW,CE,Combined TRACON& Tower with Radar,9,20,13,0,42,0,1,2,0,3,9,21,15,0,45,0,0,0,45
01/01/2019,LFT,LA,ASW,CE,Combined TRACON& Tower with Radar,5,11,7,0,23,0,6,14,0,20,5,17,21,0,43,16,0,16,59
01/02/2019,LFT,LA,ASW,CE,Combined TRACON& Tower with Radar,9,26,14,0,49,0,0,0,0,0,9,26,14,0,49,0,0,0,49
01/03/2019,LFT,LA,ASW,CE,Combined TRACON& Tower with Radar,10,21,22,0,53,0,0,0,0,0,10,21,22,0,53,0,0,0,53
01/04/2019,LFT,LA,ASW,CE,Combined TRACON& Tower with Radar,10,21,38,1,70,0,29,13,2,44,10,50,51,3,114,0,0,0,114
01/05/2019,LFT,LA,ASW,CE,Combined TRACON& Tower with Radar,9,20,33,2,64,0,15,39,1,55,9,35,72,3,119,0,0,0,119
01/06/2019,LFT,LA,ASW,CE,Combined TRACON& Tower with Radar,8,19,26,4,57,0,21,32,0,53,8,40,58,4,110,7,0,7,117
01/07/2019,LFT,LA,ASW,CE,Combined TRACON& Tower with Radar,16,19,37,0,72,0,29,26,0,55,16,48,63,0,127,0,0,0,127
01/08/2019,LFT,LA,ASW,CE,Combined TRACON& Tower with Radar,12,19,37,1,69,0,24,33,0,57,12,43,70,1,126,4,0,4,130
01/09/2019,LFT,LA,ASW,CE,Combined TRACON& Tower with Radar,16,18,30,0,64,0,35,38,0,73,16,53,68,0,137,0,0,0,137
01/10/2019,LFT,LA,ASW,CE,Combined TRACON& Tower with Radar,13,15,37,0,65,0,24,29,0,53,13,39,66,0,118,0,0,0,118
01/11/2019,LFT,LA,ASW,CE,Combined TRACON& Tower with Radar,16,15,55,0,86,0,24,32,0,56,16,39,87,0,142,34,0,34,176
01/12/2019,LFT,LA,ASW,CE,Combined TRACON& Tower with Radar,12,14,16,1,43,0,7,4,0,11,12,21,20,1,54,0,0,0,54
01/13/2019,LFT,LA,ASW,CE,Combined TRACON& Tower with Radar,10,20,26,0,56,0,5,39,0,44,10,25,65,0,100,16,0,16,116
01/14/2019,LFT,LA,ASW,CE,Combined TRACON& Tower with Radar,16,18,40,13,87,0,28,22,0,50,16,46,62,13,137,22,0,22,159
01/15/2019,LFT,LA,ASW,CE,Combined TRACON& Tower with Radar,12,19,26,16,73,0,30,15,0,45,12,49,41,16,118,18,0,18,136
01/16/2019,LFT,LA,ASW,CE,Combined TRACON& Tower with Radar,16,19,51,6,92,0,17,28,0,45,16,36,79,6,137,60,0,60,197
01/17/2019,LFT,LA,ASW,CE,Combined TRACON& Tower with Radar,15,18,33,4,70,0,23,3,0,26,15,41,36,4,96,28,0,28,124
01/18/2019,LFT,LA,ASW,CE,Combined TRACON& Tower with Radar,16,17,30,12,75,0,4,2,0,6,16,21,32,12,81,0,0,0,81
01/19/2019,LFT,LA,ASW,CE,Combined TRACON& Tower with Radar,11,12,7,8,38,0,6,5,0,11,11,18,12,8,49,0,0,0,49
01/20/2019,LFT,LA,ASW,CE,Combined TRACON& Tower with Radar,10,17,16,2,45,0,16,18,0,34,10,33,34,2,79,10,0,10,89
01/21/2019,LFT,LA,ASW,CE,Combined TRACON& Tower with Radar,16,18,27,0,61,0,5,18,0,23,16,23,45,0,84,22,0,22,106
01/22/2019,LFT,LA,ASW,CE,Combined TRACON& Tower with Radar,13,22,25,4,64,0,3,10,0,13,13,25,35,4,77,0,0,0,77
01/23/2019,LFT,LA,ASW,CE,Combined TRACON& Tower with Radar,17,15,22,0,54,0,1,0,0,1,17,16,22,0,55,0,0,0,55
01/24/2019,LFT,LA,ASW,CE,Combined TRACON& Tower with Radar,19,21,35,1,76,0,28,38,0,66,19,49,73,1,142,0,0,0,142
01/25/2019,LFT,LA,ASW,CE,Combined TRACON& Tower with Radar,17,21,22,7,67,0,26,38,4,68,17,47,60,11,135,42,0,42,177
01/26/2019,LFT,LA,ASW,CE,Combined TRACON& Tower with Radar,12,13,16,0,41,0,13,29,0,42,12,26,45,0,83,26,0,26,109
01/27/2019,LFT,LA,ASW,CE,Combined TRACON& Tower with Radar,9,20,37,6,72,0,9,28,1,38,9,29,65,7,110,18,0,18,128
01/28/2019,LFT,LA,ASW,CE,Combined TRACON& Tower with Radar,16,15,24,0,55,0,29,31,0,60,16,44,55,0,115,50,0,50,165
01/29/2019,LFT,LA,ASW,CE,Combined TRACON& Tower with Radar,14,22,27,0,63,0,6,24,0,30,14,28,51,0,93,12,0,12,105
01/30/2019,LFT,LA,ASW,CE,Combined TRACON& Tower with Radar,17,18,25,0,60,0,25,30,0,55,17,43,55,0,115,14,0,14,129
01/31/2019,LFT,LA,ASW,CE,Combined TRACON& Tower with Radar,14,15,35,0,64,0,30,21,0,51,14,45,56,0,115,8,0,8,123
02/01/2019,LFT,LA,ASW,CE,Combined TRACON& Tower with Radar,9,22,35,2,68,0,8,12,0,20,9,30,47,2,88,0,0,0,88
02/02/2019,LFT,LA,ASW,CE,Combined TRACON& Tower with Radar,12,11,16,1,40,0,4,30,0,34,12,15,46,1,74,29,0,29,103
02/03/2019,LFT,LA,ASW,CE,Combined TRACON& Tower with Radar,11,15,19,0,45,0,6,2,0,8,11,21,21,0,53,20,0,20,73
02/04/2019,LFT,LA,ASW,CE,Combined TRACON& Tower with Radar,15,27,18,0,60,0,1,1,0,2,15,28,19,0,62,36,0,36,98
02/05/2019,LFT,LA,ASW,CE,Combined TRACON& Tower with Radar,14,18,19,1,52,0,2,3,0,5,14,20,22,1,57,0,0,0,57
02/06/2019,LFT,LA,ASW,CE,Combined TRACON& Tower with Radar,19,21,39,2,81,0,3,4,0,7,19,24,43,2,88,0,0,0,88
02/07/2019,LFT,LA,ASW,CE,Combined TRACON& Tower with Radar,14,16,14,2,46,0,3,4,0,7,14,19,18,2,53,0,0,0,53
02/08/2019,LFT,LA,ASW,CE,Combined TRACON& Tower with Radar,16,17,18,0,51,0,4,13,0,17,16,21,31,0,68,56,0,56,124
02/09/2019,LFT,LA,ASW,CE,Combined TRACON& Tower with Radar,13,11,8,15,47,0,11,32,1,44,13,22,40,16,91,14,0,14,105
02/10/2019,LFT,LA,ASW,CE,Combined TRACON& Tower with Radar,11,17,22,2,52,0,9,29,0,38,11,26,51,2,90,36,0,36,126
02/11/2019,LFT,LA,ASW,CE,Combined TRACON& Tower with Radar,16,15,23,2,56,0,8,10,0,18,16,23,33,2,74,0,0,0,74
02/12/2019,LFT,LA,ASW,CE,Combined TRACON& Tower with Radar,12,21,23,0,56,0,10,17,0,27,12,31,40,0,83,2,0,2,85
02/13/2019,LFT,LA,ASW,CE,Combined TRACON& Tower with Radar,12,26,50,0,88,0,34,42,0,76,12,60,92,0,164,6,0,6,170
02/14/2019,LFT,LA,ASW,CE,Combined TRACON& Tower with Radar,10,24,35,0,69,0,36,19,0,55,10,60,54,0,124,0,0,0,124
02/15/2019,LFT,LA,ASW,CE,Combined TRACON& Tower with Radar,11,21,32,0,64,0,13,8,0,21,11,34,40,0,85,6,0,6,91
02/16/2019,LFT,LA,ASW,CE,Combined TRACON& Tower with Radar,12,12,8,6,38,0,0,2,0,2,12,12,10,6,40,0,0,0,40
02/17/2019,LFT,LA,ASW,CE,Combined TRACON& Tower with Radar,9,19,22,13,63,0,5,0,0,5,9,24,22,13,68,0,0,0,68
02/18/2019,LFT,LA,ASW,CE,Combined TRACON& Tower with Radar,13,22,31,4,70,0,11,10,0,21,13,33,41,4,91,24,0,24,115
02/19/2019,LFT,LA,ASW,CE,Combined TRACON& Tower with Radar,9,23,25,0,57,0,9,3,0,12,9,32,28,0,69,0,0,0,69
02/20/2019,LFT,LA,ASW,CE,Combined TRACON& Tower with Radar,16,22,27,1,66,0,2,4,0,6,16,24,31,1,72,0,0,0,72
02/21/2019,LFT,LA,ASW,CE,Combined TRACON& Tower with Radar,12,21,16,2,51,0,0,0,0,0,12,21,16,2,51,0,0,0,51
02/22/2019,LFT,LA,ASW,CE,Combined TRACON& Tower with Radar,12,22,15,14,63,0,0,8,0,8,12,22,23,14,71,0,0,0,71
02/23/2019,LFT,LA,ASW,CE,Combined TRACON& Tower with Radar,10,11,10,0,31,0,0,0,0,0,10,11,10,0,31,0,0,0,31
02/24/2019,LFT,LA,ASW,CE,Combined TRACON& Tower with Radar,10,21,22,0,53,0,12,48,1,61,10,33,70,1,114,0,0,0,114
02/25/2019,LFT,LA,ASW,CE,Combined TRACON& Tower with Radar,18,18,30,2,68,0,7,29,0,36,18,25,59,2,104,30,0,30,134
02/26/2019,LFT,LA,ASW,CE,Combined TRACON& Tower with Radar,10,22,38,4,74,0,4,5,0,9,10,26,43,4,83,30,0,30,113
02/27/2019,LFT,LA,ASW,CE,Combined TRACON& Tower with Radar,12,21,19,2,54,0,7,3,0,10,12,28,22,2,64,10,0,10,74
02/28/2019,LFT,LA,ASW,CE,Combined TRACON& Tower with Radar,7,24,15,0,46,0,0,0,0,0,7,24,15,0,46,0,0,0,46
03/01/2019,LFT,LA,ASW,CE,Combined TRACON& Tower with Radar,13,18,34,6,71,0,13,14,0,27,13,31,48,6,98,48,0,48,146
03/02/2019,LFT,LA,ASW,CE,Combined TRACON& Tower with Radar,11,19,11,0,41,0,4,3,0,7,11,23,14,0,48,0,0,0,48
03/03/2019,LFT,LA,ASW,CE,Combined TRACON& Tower with Radar,8,23,14,0,45,0,0,1,0,1,8,23,15,0,46,0,0,0,46
03/04/2019,LFT,LA,ASW,CE,Combined TRACON& Tower with Radar,11,18,19,0,48,0,27,22,0,49,11,45,41,0,97,4,0,4,101
03/05/2019,LFT,LA,ASW,CE,Combined TRACON& Tower with Radar,11,22,19,0,52,0,5,25,0,30,11,27,44,0,82,22,0,22,104
03/06/2019,LFT,LA,ASW,CE,Combined TRACON& Tower with Radar,14,31,29,1,75,0,29,44,0,73,14,60,73,1,148,6,0,6,154
03/07/2019,LFT,LA,ASW,CE,Combined TRACON& Tower with Radar,10,20,27,5,62,0,29,25,1,55,10,49,52,6,117,0,0,0,117
03/08/2019,LFT,LA,ASW,CE,Combined TRACON& Tower with Radar,9,16,27,2,54,0,13,13,0,26,9,29,40,2,80,18,0,18,98
03/09/2019,LFT,LA,ASW,CE,Combined TRACON& Tower with Radar,12,18,26,0,56,0,0,0,0,0,12,18,26,0,56,0,0,0,56
03/10/2019,LFT,LA,ASW,CE,Combined TRACON& Tower with Radar,8,24,13,1,46,0,10,7,0,17,8,34,20,1,63,0,0,0,63
03/11/2019,LFT,LA,ASW,CE,Combined TRACON& Tower with Radar,9,18,28,0,55,0,0,3,0,3,9,18,31,0,58,50,0,50,108
03/12/2019,LFT,LA,ASW,CE,Combined TRACON& Tower with Radar,6,27,58,0,91,0,9,21,0,30,6,36,79,0,121,64,0,64,185
03/13/2019,LFT,LA,ASW,CE,Combined TRACON& Tower with Radar,8,21,16,1,46,0,8,0,0,8,8,29,16,1,54,0,0,0,54
03/14/2019,LFT,LA,ASW,CE,Combined TRACON& Tower with Radar,9,23,21,5,58,0,13,2,0,15,9,36,23,5,73,0,2,2,75
03/15/2019,LFT,LA,ASW,CE,Combined TRACON& Tower with Radar,9,25,30,3,67,0,11,29,0,40,9,36,59,3,107,10,0,10,117
03/16/2019,LFT,LA,ASW,CE,Combined TRACON& Tower with Radar,12,12,11,9,44,0,13,24,0,37,12,25,35,9,81,6,0,6,87
03/17/2019,LFT,LA,ASW,CE,Combined TRACON& Tower with Radar,9,18,17,0,44,0,3,35,0,38,9,21,52,0,82,0,0,0,82
03/18/2019,LFT,LA,ASW,CE,Combined TRACON& Tower with Radar,8,23,36,1,68,0,35,35,0,70,8,58,71,1,138,26,0,26,164
03/19/2019,LFT,LA,ASW,CE,Combined TRACON& Tower with Radar,6,26,37,0,69,0,29,48,5,82,6,55,85,5,151,20,0,20,171
03/20/2019,LFT,LA,ASW,CE,Combined TRACON& Tower with Radar,10,22,39,0,71,0,47,57,0,104,10,69,96,0,175,4,0,4,179
03/21/2019,LFT,LA,ASW,CE,Combined TRACON& Tower with Radar,8,17,38,1,64,0,25,55,1,81,8,42,93,2,145,42,0,42,187
03/22/2019,LFT,LA,ASW,CE,Combined TRACON& Tower with Radar,9,24,35,2,70,0,36,48,0,84,9,60,83,2,154,46,0,46,200
03/23/2019,LFT,LA,ASW,CE,Combined TRACON& Tower with Radar,11,13,21,0,45,0,4,32,0,36,11,17,53,0,81,0,0,0,81
03/24/2019,LFT,LA,ASW,CE,Combined TRACON& Tower with Radar,10,19,32,0,61,0,9,30,0,39,10,28,62,0,100,0,0,0,100
03/25/2019,LFT,LA,ASW,CE,Combined TRACON& Tower with Radar,6,20,28,0,54,0,15,14,0,29,6,35,42,0,83,50,0,50,133
03/26/2019,LFT,LA,ASW,CE,Combined TRACON& Tower with Radar,7,21,41,0,69,0,24,34,0,58,7,45,75,0,127,2,0,2,129
03/27/2019,LFT,LA,ASW,CE,Combined TRACON& Tower with Radar,10,24,55,0,89,0,35,53,0,88,10,59,108,0,177,10,0,10,187
03/28/2019,LFT,LA,ASW,CE,Combined TRACON& Tower with Radar,9,22,30,0,61,0,36,52,0,88,9,58,82,0,149,40,0,40,189
03/29/2019,LFT,LA,ASW,CE,Combined TRACON& Tower with Radar,10,26,32,16,84,0,38,30,3,71,10,64,62,19,155,30,4,34,189
03/30/2019,LFT,LA,ASW,CE,Combined TRACON& Tower with Radar,13,11,30,14,68,0,12,4,0,16,13,23,34,14,84,8,22,30,114
03/31/2019,LFT,LA,ASW,CE,Combined TRACON& Tower with Radar,11,16,23,3,53,0,10,9,0,19,11,26,32,3,72,14,0,14,86
04/01/2019,LFT,LA,ASW,CE,Combined TRACON& Tower with Radar,10,18,32,4,64,0,27,48,0,75,10,45,80,4,139,30,0,30,169
04/02/2019,LFT,LA,ASW,CE,Combined TRACON& Tower with Radar,13,21,32,4,70,0,28,37,0,65,13,49,69,4,135,44,8,52,187
04/03/2019,LFT,LA,ASW,CE,Combined TRACON& Tower with Radar,15,23,33,4,75,0,36,48,0,84,15,59,81,4,159,26,0,26,185
04/04/2019,LFT,LA,ASW,CE,Combined TRACON& Tower with Radar,12,21,13,0,46,0,0,0,0,0,12,21,13,0,46,0,0,0,46
04/05/2019,LFT,LA,ASW,CE,Combined TRACON& Tower with Radar,9,23,33,2,67,0,11,5,1,17,9,34,38,3,84,16,0,16,100
04/06/2019,LFT,LA,ASW,CE,Combined TRACON& Tower with Radar,10,16,19,4,49,0,6,11,0,17,10,22,30,4,66,2,0,2,68
04/07/2019,LFT,LA,ASW,CE,Combined TRACON& Tower with Radar,7,19,25,0,51,0,7,0,0,7,7,26,25,0,58,0,0,0,58
04/08/2019,LFT,LA,ASW,CE,Combined TRACON& Tower with Radar,10,26,26,0,62,0,12,16,0,28,10,38,42,0,90,12,0,12,102
04/09/2019,LFT,LA,ASW,CE,Combined TRACON& Tower with Radar,11,26,40,4,81,0,37,57,0,94,11,63,97,4,175,50,0,50,225
04/10/2019,LFT,LA,ASW,CE,Combined TRACON& Tower with Radar,17,19,41,0,77,0,33,40,0,73,17,52,81,0,150,42,0,42,192
04/11/2019,LFT,LA,ASW,CE,Combined TRACON& Tower with Radar,12,27,53,3,95,0,47,40,0,87,12,74,93,3,182,10,0,10,192
04/12/2019,LFT,LA,ASW,CE,Combined TRACON& Tower with Radar,10,22,37,1,70,0,11,20,7,38,10,33,57,8,108,56,0,56,164
04/13/2019,LFT,LA,ASW,CE,Combined TRACON& Tower with Radar,17,14,1,0,32,0,5,0,2,7,17,19,1,2,39,0,0,0,39
04/14/2019,LFT,LA,ASW,CE,Combined TRACON& Tower with Radar,7,22,27,2,58,0,18,10,4,32,7,40,37,6,90,6,0,6,96
04/15/2019,LFT,LA,ASW,CE,Combined TRACON& Tower with Radar,11,30,45,1,87,0,35,51,0,86,11,65,96,1,173,30,0,30,203
04/16/2019,LFT,LA,ASW,CE,Combined TRACON& Tower with Radar,15,23,33,1,72,0,10,48,0,58,15,33,81,1,130,8,0,8,138
04/17/2019,LFT,LA,ASW,CE,Combined TRACON& Tower with Radar,16,27,47,0,90,0,14,27,0,41,16,41,74,0,131,20,0,20,151
04/18/2019,LFT,LA,ASW,CE,Combined TRACON& Tower with Radar,12,21,14,0,47,0,4,0,0,4,12,25,14,0,51,0,0,0,51
04/19/2019,LFT,LA,ASW,CE,Combined TRACON& Tower with Radar,10,22,34,0,66,0,27,17,0,44,10,49,51,0,110,8,0,8,118
04/20/2019,LFT,LA,ASW,CE,Combined TRACON& Tower with Radar,12,15,27,0,54,0,9,62,0,71,12,24,89,0,125,53,0,53,178
04/21/2019,LFT,LA,ASW,CE,Combined TRACON& Tower with Radar,8,23,22,0,53,0,18,33,4,55,8,41,55,4,108,20,0,20,128
04/22/2019,LFT,LA,ASW,CE,Combined TRACON& Tower with Radar,10,24,39,4,77,0,13,53,0,66,10,37,92,4,143,0,0,0,143
04/23/2019,LFT,LA,ASW,CE,Combined TRACON& Tower with Radar,11,21,37,2,71,0,24,21,8,53,11,45,58,10,124,4,0,4,128
04/24/2019,LFT,LA,ASW,CE,Combined TRACON& Tower with Radar,15,22,39,0,76,0,15,25,0,40,15,37,64,0,116,0,0,0,116
04/25/2019,LFT,LA,ASW,CE,Combined TRACON& Tower with Radar,11,29,20,0,60,0,13,16,0,29,11,42,36,0,89,30,0,30,119
04/26/2019,LFT,LA,ASW,CE,Combined TRACON& Tower with Radar,10,27,39,15,91,0,36,39,1,76,10,63,78,16,167,4,0,4,171
04/27/2019,LFT,LA,ASW,CE,Combined TRACON& Tower with Radar,14,9,42,0,65,0,20,29,2,51,14,29,71,2,116,34,0,34,150
04/28/2019,LFT,LA,ASW,CE,Combined TRACON& Tower with Radar,10,21,23,9,63,0,11,28,1,40,10,32,51,10,103,18,0,18,121
04/29/2019,LFT,LA,ASW,CE,Combined TRACON& Tower with Radar,9,27,24,0,60,0,26,22,0,48,9,53,46,0,108,38,0,38,146
04/30/2019,LFT,LA,ASW,CE,Combined TRACON& Tower with Radar,13,23,27,0,63,0,24,13,3,40,13,47,40,3,103,4,0,4,107
05/01/2019,LFT,LA,ASW,CE,Combined TRACON& Tower with Radar,19,25,28,0,72,0,42,32,0,74,19,67,60,0,146,0,0,0,146
05/02/2019,LFT,LA,ASW,CE,Combined TRACON& Tower with Radar,16,25,38,1,80,0,25,29,0,54,16,50,67,1,134,0,0,0,134
05/03/2019,LFT,LA,ASW,CE,Combined TRACON& Tower with Radar,16,21,28,3,68,0,17,12,0,29,16,38,40,3,97,0,0,0,97
05/04/2019,LFT,LA,ASW,CE,Combined TRACON& Tower with Radar,14,12,6,0,32,0,12,7,0,19,14,24,13,0,51,8,0,8,59
05/05/2019,LFT,LA,ASW,CE,Combined TRACON& Tower with Radar,9,20,32,1,62,0,20,30,0,50,9,40,62,1,112,58,0,58,170
05/06/2019,LFT,LA,ASW,CE,Combined TRACON& Tower with Radar,15,20,31,0,66,0,41,26,0,67,15,61,57,0,133,43,0,43,176
05/07/2019,LFT,LA,ASW,CE,Combined TRACON& Tower with Radar,20,16,38,0,74,0,34,20,0,54,20,50,58,0,128,36,0,36,164
05/08/2019,LFT,LA,ASW,CE,Combined TRACON& Tower with Radar,16,18,20,0,54,0,8,10,0,18,16,26,30,0,72,8,0,8,80
05/09/2019,LFT,LA,ASW,CE,Combined TRACON& Tower with Radar,11,16,19,0,46,0,5,4,0,9,11,21,23,0,55,0,0,0,55
05/10/2019,LFT,LA,ASW,CE,Combined TRACON& Tower with Radar,9,15,21,0,45,0,10,7,0,17,9,25,28,0,62,0,0,0,62
05/11/2019,LFT,LA,ASW,CE,Combined TRACON& Tower with Radar,16,8,10,0,34,0,3,0,0,3,16,11,10,0,37,0,0,0,37
05/12/2019,LFT,LA,ASW,CE,Combined TRACON& Tower with Radar,9,19,27,4,59,0,1,12,2,15,9,20,39,6,74,22,0,22,96
05/13/2019,LFT,LA,ASW,CE,Combined TRACON& Tower with Radar,11,21,39,6,77,0,17,49,0,66,11,38,88,6,143,40,0,40,183
05/14/2019,LFT,LA,ASW,CE,Combined TRACON& Tower with Radar,13,18,31,0,62,0,38,43,0,81,13,56,74,0,143,47,0,47,190
05/15/2019,LFT,LA,ASW,CE,Combined TRACON& Tower with Radar,17,21,37,0,75,0,35,43,1,79,17,56,80,1,154,20,0,20,174
05/16/2019,LFT,LA,ASW,CE,Combined TRACON& Tower with Radar,11,22,38,7,78,0,19,22,1,42,11,41,60,8,120,14,0,14,134
05/17/2019,LFT,LA,ASW,CE,Combined TRACON& Tower with Radar,9,24,28,0,61,0,28,33,0,61,9,52,61,0,122,32,0,32,154
05/18/2019,LFT,LA,ASW,CE,Combined TRACON& Tower with Radar,16,14,24,0,54,0,8,6,0,14,16,22,30,0,68,2,0,2,70
05/19/2019,LFT,LA,ASW,CE,Combined TRACON& Tower with Radar,5,23,25,0,53,0,12,12,0,24,5,35,37,0,77,17,0,17,94
05/20/2019,LFT,LA,ASW,CE,Combined TRACON& Tower with Radar,12,18,34,0,64,0,11,40,0,51,12,29,74,0,115,2,0,2,117
05/21/2019,LFT,LA,ASW,CE,Combined TRACON& Tower with Radar,13,34,30,0,77,0,17,15,0,32,13,51,45,0,109,2,0,2,111
05/22/2019,LFT,LA,ASW,CE,Combined TRACON& Tower with Radar,14,23,36,2,75,0,23,23,0,46,14,46,59,2,121,28,0,28,149
05/23/2019,LFT,LA,ASW,CE,Combined TRACON& Tower with Radar,16,19,33,8,76,0,27,33,4,64,16,46,66,12,140,4,0,4,144
05/24/2019,LFT,LA,ASW,CE,Combined TRACON& Tower with Radar,14,16,40,0,70,0,26,24,0,50,14,42,64,0,120,6,0,6,126
05/25/2019,LFT,LA,ASW,CE,Combined TRACON& Tower with Radar,15,9,16,10,50,0,12,38,1,51,15,21,54,11,101,30,0,30,131
05/26/2019,LFT,LA,ASW,CE,Combined TRACON& Tower with Radar,10,9,25,0,44,0,10,27,1,38,10,19,52,1,82,22,0,22,104
05/27/2019,LFT,LA,ASW,CE,Combined TRACON& Tower with Radar,11,18,31,12,72,0,10,29,0,39,11,28,60,12,111,34,0,34,145
05/28/2019,LFT,LA,ASW,CE,Combined TRACON& Tower with Radar,15,23,33,0,71,0,28,20,0,48,15,51,53,0,119,20,0,20,139
05/29/2019,LFT,LA,ASW,CE,Combined TRACON& Tower with Radar,17,24,38,0,79,0,33,44,1,78,17,57,82,1,157,26,0,26,183
05/30/2019,LFT,LA,ASW,CE,Combined TRACON& Tower with Radar,12,16,39,2,69,0,18,15,0,33,12,34,54,2,102,10,0,10,112
05/31/2019,LFT,LA,ASW,CE,Combined TRACON& Tower with Radar,12,15,39,2,68,0,23,24,0,47,12,38,63,2,115,8,0,8,123
06/01/2019,LFT,LA,ASW,CE,Combined TRACON& Tower with Radar,16,8,28,10,62,0,13,34,0,47,16,21,62,10,109,14,0,14,123
06/02/2019,LFT,LA,ASW,CE,Combined TRACON& Tower with Radar,10,18,23,1,52,0,2,24,1,27,10,20,47,2,79,0,0,0,79
06/03/2019,LFT,LA,ASW,CE,Combined TRACON& Tower with Radar,14,17,25,7,63,0,33,37,0,70,14,50,62,7,133,58,0,58,191
06/04/2019,LFT,LA,ASW,CE,Combined TRACON& Tower with Radar,13,20,37,2,72,0,32,25,0,57,13,52,62,2,129,40,0,40,169
06/05/2019,LFT,LA,ASW,CE,Combined TRACON& Tower with Radar,18,14,12,0,44,0,5,7,0,12,18,19,19,0,56,0,0,0,56
06/06/2019,LFT,LA,ASW,CE,Combined TRACON& Tower with Radar,16,14,27,1,58,0,16,10,1,27,16,30,37,2,85,0,0,0,85
06/07/2019,LFT,LA,ASW,CE,Combined TRACON& Tower with Radar,19,15,16,1,51,0,44,12,0,56,19,59,28,1,107,18,0,18,125
06/08/2019,LFT,LA,ASW,CE,Combined TRACON& Tower with Radar,13,16,15,3,47,0,22,26,0,48,13,38,41,3,95,20,0,20,115
06/09/2019,LFT,LA,ASW,CE,Combined TRACON& Tower with Radar,7,17,22,14,60,0,13,29,0,42,7,30,51,14,102,0,0,0,102
06/10/2019,LFT,LA,ASW,CE,Combined TRACON& Tower with Radar,15,21,22,0,58,0,27,18,0,45,15,48,40,0,103,43,0,43,146
06/11/2019,LFT,LA,ASW,CE,Combined TRACON& Tower with Radar,20,19,36,5,80,0,33,12,2,47,20,52,48,7,127,62,0,62,189
06/12/2019,LFT,LA,ASW,CE,Combined TRACON& Tower with Radar,23,26,33,21,103,0,38,20,4,62,23,64,53,25,165,0,0,0,165
06/13/2019,LFT,LA,ASW,CE,Combined TRACON& Tower with Radar,18,22,23,0,63,0,33,38,0,71,18,55,61,0,134,0,0,0,134
06/14/2019,LFT,LA,ASW,CE,Combined TRACON& Tower with Radar,22,22,25,0,69,0,41,28,0,69,22,63,53,0,138,16,0,16,154
06/15/2019,LFT,LA,ASW,CE,Combined TRACON& Tower with Radar,13,15,14,3,45,0,10,12,0,22,13,25,26,3,67,4,0,4,71
06/16/2019,LFT,LA,ASW,CE,Combined TRACON& Tower with Radar,14,22,26,8,70,0,11,21,0,32,14,33,47,8,102,4,0,4,106
06/17/2019,LFT,LA,ASW,CE,Combined TRACON& Tower with Radar,11,21,21,21,74,0,5,19,0,24,11,26,40,21,98,0,4,4,102
06/18/2019,LFT,LA,ASW,CE,Combined TRACON& Tower with Radar,16,20,38,21,95,0,29,18,2,49,16,49,56,23,144,1,0,1,145
06/19/2019,LFT,LA,ASW,CE,Combined TRACON& Tower with Radar,23,18,35,22,98,0,27,24,3,54,23,45,59,25,152,4,0,4,156
06/20/2019,LFT,LA,ASW,CE,Combined TRACON& Tower with Radar,15,26,34,19,94,0,28,29,0,57,15,54,63,19,151,26,2,28,179
06/21/2019,LFT,LA,ASW,CE,Combined TRACON& Tower with Radar,15,19,30,2,66,0,35,14,0,49,15,54,44,2,115,2,0,2,117
06/22/2019,LFT,LA,ASW,CE,Combined TRACON& Tower with Radar,14,16,16,8,54,0,8,34,0,42,14,24,50,8,96,12,0,12,108
06/23/2019,LFT,LA,ASW,CE,Combined TRACON& Tower with Radar,9,19,20,0,48,0,10,13,0,23,9,29,33,0,71,2,0,2,73
06/24/2019,LFT,LA,ASW,CE,Combined TRACON& Tower with Radar,13,17,24,0,54,0,5,11,0,16,13,22,35,0,70,0,0,0,70
06/25/2019,LFT,LA,ASW,CE,Combined TRACON& Tower with Radar,14,17,32,0,63,0,26,11,0,37,14,43,43,0,100,0,0,0,100
06/26/2019,LFT,LA,ASW,CE,Combined TRACON& Tower with Radar,22,19,49,8,98,0,32,29,3,64,22,51,78,11,162,7,0,7,169
06/27/2019,LFT,LA,ASW,CE,Combined TRACON& Tower with Radar,16,22,41,13,92,0,33,29,0,62,16,55,70,13,154,0,0,0,154
06/28/2019,LFT,LA,ASW,CE,Combined TRACON& Tower with Radar,16,20,37,0,73,0,23,14,0,37,16,43,51,0,110,6,0,6,116
06/29/2019,LFT,LA,ASW,CE,Combined TRACON& Tower with Radar,13,12,21,0,46,0,11,8,0,19,13,23,29,0,65,12,0,12,77
06/30/2019,LFT,LA,ASW,CE,Combined TRACON& Tower with Radar,10,21,18,0,49,0,14,6,0,20,10,35,24,0,69,14,0,14,83
07/01/2019,LFT,LA,ASW,CE,Combined TRACON& Tower with Radar,15,19,18,5,57,0,29,32,0,61,15,48,50,5,118,26,0,26,144
07/02/2019,LFT,LA,ASW,CE,Combined TRACON& Tower with Radar,16,31,38,0,85,0,11,18,0,29,16,42,56,0,114,32,0,32,146
07/03/2019,LFT,LA,ASW,CE,Combined TRACON& Tower with Radar,24,23,40,0,87,0,33,20,0,53,24,56,60,0,140,0,0,0,140
07/04/2019,LFT,LA,ASW,CE,Combined TRACON& Tower with Radar,18,8,7,0,33,0,11,10,0,21,18,19,17,0,54,19,0,19,73
07/05/2019,LFT,LA,ASW,CE,Combined TRACON& Tower with Radar,13,10,20,0,43,0,29,21,1,51,13,39,41,1,94,10,0,10,104
07/06/2019,LFT,LA,ASW,CE,Combined TRACON& Tower with Radar,11,16,18,0,45,0,12,24,0,36,11,28,42,0,81,16,0,16,97
07/07/2019,LFT,LA,ASW,CE,Combined TRACON& Tower with Radar,7,26,33,0,66,0,15,11,0,26,7,41,44,0,92,0,0,0,92
07/08/2019,LFT,LA,ASW,CE,Combined TRACON& Tower with Radar,12,25,34,5,76,0,15,20,0,35,12,40,54,5,111,52,0,52,163
07/09/2019,LFT,LA,ASW,CE,Combined TRACON& Tower with Radar,13,25,14,0,52,0,24,16,0,40,13,49,30,0,92,18,0,18,110
07/10/2019,LFT,LA,ASW,CE,Combined TRACON& Tower with Radar,16,26,25,0,67,0,19,42,0,61,16,45,67,0,128,27,0,27,155
07/11/2019,LFT,LA,ASW,CE,Combined TRACON& Tower with Radar,11,28,6,0,45,0,29,10,0,39,11,57,16,0,84,0,0,0,84
07/12/2019,LFT,LA,ASW,CE,Combined TRACON& Tower with Radar,14,22,9,0,45,0,4,3,0,7,14,26,12,0,52,0,0,0,52
07/13/2019,LFT,LA,ASW,CE,Combined TRACON& Tower with Radar,2,0,0,0,2,0,0,0,0,0,2,0,0,0,2,0,0,0,2
07/14/2019,LFT,LA,ASW,CE,Combined TRACON& Tower with Radar,5,23,4,0,32,0,0,0,0,0,5,23,4,0,32,0,0,0,32
07/15/2019,LFT,LA,ASW,CE,Combined TRACON& Tower with Radar,12,23,13,0,48,0,13,4,1,18,12,36,17,1,66,0,0,0,66
07/16/2019,LFT,LA,ASW,CE,Combined TRACON& Tower with Radar,15,31,26,1,73,0,40,28,3,71,15,71,54,4,144,32,0,32,176
07/17/2019,LFT,LA,ASW,CE,Combined TRACON& Tower with Radar,16,26,33,0,75,0,50,32,3,85,16,76,65,3,160,4,0,4,164
07/18/2019,LFT,LA,ASW,CE,Combined TRACON& Tower with Radar,12,32,29,1,74,0,46,37,0,83,12,78,66,1,157,10,0,10,167
07/19/2019,LFT,LA,ASW,CE,Combined TRACON& Tower with Radar,13,20,34,2,69,0,36,20,0,56,13,56,54,2,125,0,0,0,125
07/20/2019,LFT,LA,ASW,CE,Combined TRACON& Tower with Radar,15,13,21,0,49,0,12,22,0,34,15,25,43,0,83,16,0,16,99
07/21/2019,LFT,LA,ASW,CE,Combined TRACON& Tower with Radar,8,29,16,0,53,0,5,11,0,16,8,34,27,0,69,2,0,2,71
07/22/2019,LFT,LA,ASW,CE,Combined TRACON& Tower with Radar,13,20,28,0,61,0,5,10,0,15,13,25,38,0,76,10,0,10,86
07/23/2019,LFT,LA,ASW,CE,Combined TRACON& Tower with Radar,12,22,37,0,71,0,9,11,0,20,12,31,48,0,91,4,0,4,95
07/24/2019,LFT,LA,ASW,CE,Combined TRACON& Tower with Radar,17,24,31,0,72,0,42,46,1,89,17,66,77,1,161,16,0,16,177
07/25/2019,LFT,LA,ASW,CE,Combined TRACON& Tower with Radar,12,26,31,0,69,0,27,31,0,58,12,53,62,0,127,30,0,30,157
07/26/2019,LFT,LA,ASW,CE,Combined TRACON& Tower with Radar,14,22,22,0,58,0,42,31,0,73,14,64,53,0,131,6,0,6,137
07/27/2019,LFT,LA,ASW,CE,Combined TRACON& Tower with Radar,14,13,16,0,43,0,11,12,0,23,14,24,28,0,66,12,0,12,78
07/28/2019,LFT,LA,ASW,CE,Combined TRACON& Tower with Radar,8,30,15,0,53,0,13,26,0,39,8,43,41,0,92,7,0,7,99
07/29/2019,LFT,LA,ASW,CE,Combined TRACON& Tower with Radar,12,22,18,0,52,0,35,27,0,62,12,57,45,0,114,0,0,0,114
07/30/2019,LFT,LA,ASW,CE,Combined TRACON& Tower with Radar,15,23,24,0,62,0,6,8,0,14,15,29,32,0,76,0,0,0,76
07/31/2019,LFT,LA,ASW,CE,Combined TRACON& Tower with Radar,15,22,14,3,54,0,30,16,8,54,15,52,30,11,108,6,1,7,115
08/01/2019,LFT,LA,ASW,CE,Combined TRACON& Tower with Radar,11,27,31,0,69,0,32,18,4,54,11,59,49,4,123,48,0,48,171
08/02/2019,LFT,LA,ASW,CE,Combined TRACON& Tower with Radar,15,22,26,0,63,0,24,32,0,56,15,46,58,0,119,34,0,34,153
08/03/2019,LFT,LA,ASW,CE,Combined TRACON& Tower with Radar,14,13,9,2,38,0,11,14,0,25,14,24,23,2,63,4,0,4,67
08/04/2019,LFT,LA,ASW,CE,Combined TRACON& Tower with Radar,10,20,22,0,52,0,21,20,0,41,10,41,42,0,93,20,0,20,113
08/05/2019,LFT,LA,ASW,CE,Combined TRACON& Tower with Radar,12,24,26,6,68,0,27,17,0,44,12,51,43,6,112,10,0,10,122
08/06/2019,LFT,LA,ASW,CE,Combined TRACON& Tower with Radar,13,23,27,6,69,0,31,42,0,73,13,54,69,6,142,14,0,14,156
08/07/2019,LFT,LA,ASW,CE,Combined TRACON& Tower with Radar,17,23,32,1,73,0,31,20,4,55,17,54,52,5,128,16,0,16,144
08/08/2019,LFT,LA,ASW,CE,Combined TRACON& Tower with Radar,12,23,30,13,78,0,32,26,0,58,12,55,56,13,136,24,0,24,160
08/09/2019,LFT,LA,ASW,CE,Combined TRACON& Tower with Radar,13,22,37,9,81,0,29,34,1,64,13,51,71,10,145,26,0,26,171
08/10/2019,LFT,LA,ASW,CE,Combined TRACON& Tower with Radar,14,11,19,0,44,0,9,21,2,32,14,20,40,2,76,0,0,0,76
08/11/2019,LFT,LA,ASW,CE,Combined TRACON& Tower with Radar,9,26,22,0,57,0,15,15,0,30,9,41,37,0,87,0,0,0,87
08/12/2019,LFT,LA,ASW,CE,Combined TRACON& Tower with Radar,12,18,32,0,62,0,27,20,0,47,12,45,52,0,109,16,0,16,125
08/13/2019,LFT,LA,ASW,CE,Combined TRACON& Tower with Radar,15,21,26,0,62,0,32,23,1,56,15,53,49,1,118,0,0,0,118
08/14/2019,LFT,LA,ASW,CE,Combined TRACON& Tower with Radar,8,20,23,0,51,0,12,12,0,24,8,32,35,0,75,14,0,14,89
08/15/2019,LFT,LA,ASW,CE,Combined TRACON& Tower with Radar,15,24,22,0,61,0,32,18,0,50,15,56,40,0,111,0,0,0,111
08/16/2019,LFT,LA,ASW,CE,Combined TRACON& Tower with Radar,20,16,26,0,62,0,38,32,0,70,20,54,58,0,132,24,0,24,156
08/17/2019,LFT,LA,ASW,CE,Combined TRACON& Tower with Radar,10,11,9,0,30,0,13,8,0,21,10,24,17,0,51,30,0,30,81
08/18/2019,LFT,LA,ASW,CE,Combined TRACON& Tower with Radar,7,22,23,0,52,0,15,16,0,31,7,37,39,0,83,10,0,10,93
08/19/2019,LFT,LA,ASW,CE,Combined TRACON& Tower with Radar,13,16,16,0,45,0,5,12,0,17,13,21,28,0,62,0,0,0,62
08/20/2019,LFT,LA,ASW,CE,Combined TRACON& Tower with Radar,17,22,34,0,73,0,14,11,0,25,17,36,45,0,98,0,0,0,98
08/21/2019,LFT,LA,ASW,CE,Combined TRACON& Tower with Radar,12,22,45,0,79,0,32,27,0,59,12,54,72,0,138,6,0,6,144
08/22/2019,LFT,LA,ASW,CE,Combined TRACON& Tower with Radar,13,24,32,0,69,0,43,29,0,72,13,67,61,0,141,8,0,8,149
08/23/2019,LFT,LA,ASW,CE,Combined TRACON& Tower with Radar,17,22,17,4,60,0,11,7,0,18,17,33,24,4,78,6,4,10,88
08/24/2019,LFT,LA,ASW,CE,Combined TRACON& Tower with Radar,15,10,15,1,41,0,14,8,0,22,15,24,23,1,63,8,0,8,71
08/25/2019,LFT,LA,ASW,CE,Combined TRACON& Tower with Radar,11,17,21,0,49,0,2,0,0,2,11,19,21,0,51,6,0,6,57
08/26/2019,LFT,LA,ASW,CE,Combined TRACON& Tower with Radar,15,21,26,0,62,0,33,17,0,50,15,54,43,0,112,2,0,2,114
08/27/2019,LFT,LA,ASW,CE,Combined TRACON& Tower with Radar,13,21,26,5,65,0,33,43,0,76,13,54,69,5,141,13,0,13,154
08/28/2019,LFT,LA,ASW,CE,Combined TRACON& Tower with Radar,11,24,25,0,60,0,31,17,0,48,11,55,42,0,108,10,0,10,118
08/29/2019,LFT,LA,ASW,CE,Combined TRACON& Tower with Radar,12,21,27,0,60,0,27,50,1,78,12,48,77,1,138,4,0,4,142
08/30/2019,LFT,LA,ASW,CE,Combined TRACON& Tower with Radar,16,19,42,2,79,0,33,42,2,77,16,52,84,4,156,20,0,20,176
08/31/2019,LFT,LA,ASW,CE,Combined TRACON& Tower with Radar,10,11,20,0,41,0,20,27,0,47,10,31,47,0,88,8,0,8,96
09/01/2019,LFT,LA,ASW,CE,Combined TRACON& Tower with Radar,11,12,9,0,32,0,13,10,0,23,11,25,19,0,55,18,0,18,73
09/02/2019,LFT,LA,ASW,CE,Combined TRACON& Tower with Radar,12,20,37,0,69,0,11,37,0,48,12,31,74,0,117,12,0,12,129
09/03/2019,LFT,LA,ASW,CE,Combined TRACON& Tower with Radar,14,25,25,0,64,0,44,34,0,78,14,69,59,0,142,18,0,18,160
09/04/2019,LFT,LA,ASW,CE,Combined TRACON& Tower with Radar,14,20,36,0,70,0,34,41,0,75,14,54,77,0,145,12,0,12,157
09/05/2019,LFT,LA,ASW,CE,Combined TRACON& Tower with Radar,15,24,36,2,77,0,34,34,0,68,15,58,70,2,145,4,0,4,149
09/06/2019,LFT,LA,ASW,CE,Combined TRACON& Tower with Radar,17,21,37,0,75,0,32,59,4,95,17,53,96,4,170,18,0,18,188
09/07/2019,LFT,LA,ASW,CE,Combined TRACON& Tower with Radar,13,11,18,12,54,0,17,35,1,53,13,28,53,13,107,14,0,14,121
09/08/2019,LFT,LA,ASW,CE,Combined TRACON& Tower with Radar,11,16,30,0,57,0,29,21,0,50,11,45,51,0,107,14,0,14,121
09/09/2019,LFT,LA,ASW,CE,Combined TRACON& Tower with Radar,14,21,28,1,64,0,19,15,0,34,14,40,43,1,98,30,0,30,128
09/10/2019,LFT,LA,ASW,CE,Combined TRACON& Tower with Radar,11,18,26,0,55,0,39,35,0,74,11,57,61,0,129,8,0,8,137
09/11/2019,LFT,LA,ASW,CE,Combined TRACON& Tower with Radar,11,19,29,0,59,0,28,24,0,52,11,47,53,0,111,8,0,8,119
09/12/2019,LFT,LA,ASW,CE,Combined TRACON& Tower with Radar,20,23,33,0,76,0,34,10,1,45,20,57,43,1,121,68,0,68,189
09/13/2019,LFT,LA,ASW,CE,Combined TRACON& Tower with Radar,15,18,27,8,68,0,40,56,1,97,15,58,83,9,165,12,0,12,177
09/14/2019,LFT,LA,ASW,CE,Combined TRACON& Tower with Radar,12,13,23,6,54,0,20,29,2,51,12,33,52,8,105,24,0,24,129
09/15/2019,LFT,LA,ASW,CE,Combined TRACON& Tower with Radar,11,18,25,4,58,0,15,27,2,44,11,33,52,6,102,20,2,22,124
09/16/2019,LFT,LA,ASW,CE,Combined TRACON& Tower with Radar,15,21,24,0,60,0,6,26,0,32,15,27,50,0,92,4,0,4,96
09/17/2019,LFT,LA,ASW,CE,Combined TRACON& Tower with Radar,10,26,44,0,80,0,11,11,0,22,10,37,55,0,102,0,0,0,102
09/18/2019,LFT,LA,ASW,CE,Combined TRACON& Tower with Radar,11,21,18,5,55,0,17,10,0,27,11,38,28,5,82,4,0,4,86
09/19/2019,LFT,LA,ASW,CE,Combined TRACON& Tower with Radar,15,10,23,0,48,0,18,4,0,22,15,28,27,0,70,10,0,10,80
09/20/2019,LFT,LA,ASW,CE,Combined TRACON& Tower with Radar,25,17,37,2,81,0,30,18,0,48,25,47,55,2,129,28,0,28,157
09/21/2019,LFT,LA,ASW,CE,Combined TRACON& Tower with Radar,14,11,11,1,37,0,28,24,3,55,14,39,35,4,92,18,0,18,110
09/22/2019,LFT,LA,ASW,CE,Combined TRACON& Tower with Radar,13,15,42,3,73,0,33,34,0,67,13,48,76,3,140,20,0,20,160
09/23/2019,LFT,LA,ASW,CE,Combined TRACON& Tower with Radar,14,19,33,0,66,0,40,25,0,65,14,59,58,0,131,3,6,9,140
09/24/2019,LFT,LA,ASW,CE,Combined TRACON& Tower with Radar,11,19,36,9,75,0,44,37,3,84,11,63,73,12,159,20,0,20,179
09/25/2019,LFT,LA,ASW,CE,Combined TRACON& Tower with Radar,13,26,40,0,79,0,49,45,2,96,13,75,85,2,175,26,0,26,201
09/26/2019,LFT,LA,ASW,CE,Combined TRACON& Tower with Radar,12,22,45,0,79,0,43,12,0,55,12,65,57,0,134,32,0,32,166
09/27/2019,LFT,LA,ASW,CE,Combined TRACON& Tower with Radar,18,25,39,16,98,0,25,49,0,74,18,50,88,16,172,30,0,30,202
09/28/2019,LFT,LA,ASW,CE,Combined TRACON& Tower with Radar,13,14,18,0,45,0,23,27,0,50,13,37,45,0,95,58,0,58,153
09/29/2019,LFT,LA,ASW,CE,Combined TRACON& Tower with Radar,12,21,32,0,65,0,42,21,0,63,12,63,53,0,128,32,0,32,160
09/30/2019,LFT,LA,ASW,CE,Combined TRACON& Tower with Radar,14,21,22,0,57,0,36,21,0,57,14,57,43,0,114,0,0,0,114
10/01/2019,LFT,LA,ASW,CE,Combined TRACON& Tower with Radar,11,24,22,0,57,0,34,28,0,62,11,58,50,0,119,38,0,38,157
10/02/2019,LFT,LA,ASW,CE,Combined TRACON& Tower with Radar,13,20,11,0,44,0,28,41,2,71,13,48,52,2,115,48,0,48,163
10/03/2019,LFT,LA,ASW,CE,Combined TRACON& Tower with Radar,13,21,31,0,65,0,31,29,0,60,13,52,60,0,125,40,0,40,165
10/04/2019,LFT,LA,ASW,CE,Combined TRACON& Tower with Radar,18,24,16,3,61,0,24,31,0,55,18,48,47,3,116,74,0,74,190
10/05/2019,LFT,LA,ASW,CE,Combined TRACON& Tower with Radar,17,15,19,0,51,0,16,20,0,36,17,31,39,0,87,88,0,88,175
10/06/2019,LFT,LA,ASW,CE,Combined TRACON& Tower with Radar,11,23,15,2,51,0,12,16,0,28,11,35,31,2,79,90,0,90,169
10/07/2019,LFT,LA,ASW,CE,Combined TRACON& Tower with Radar,15,17,23,0,55,0,6,8,0,14,15,23,31,0,69,30,0,30,99
10/08/2019,LFT,LA,ASW,CE,Combined TRACON& Tower with Radar,17,22,39,0,78,0,16,26,3,45,17,38,65,3,123,50,0,50,173
10/09/2019,LFT,LA,ASW,CE,Combined TRACON& Tower with Radar,18,18,22,0,58,0,38,30,0,68,18,56,52,0,126,35,0,35,161
10/10/2019,LFT,LA,ASW,CE,Combined TRACON& Tower with Radar,12,18,40,1,71,0,30,30,0,60,12,48,70,1,131,18,0,18,149
10/11/2019,LFT,LA,ASW,CE,Combined TRACON& Tower with Radar,15,21,35,0,71,0,7,9,0,16,15,28,44,0,87,22,0,22,109
10/12/2019,LFT,LA,ASW,CE,Combined TRACON& Tower with Radar,15,12,22,0,49,0,11,18,1,30,15,23,40,1,79,38,0,38,117
10/13/2019,LFT,LA,ASW,CE,Combined TRACON& Tower with Radar,12,23,30,0,65,0,6,20,0,26,12,29,50,0,91,18,0,18,109
10/14/2019,LFT,LA,ASW,CE,Combined TRACON& Tower with Radar,17,24,21,0,62,0,13,5,0,18,17,37,26,0,80,0,0,0,80
10/15/2019,LFT,LA,ASW,CE,Combined TRACON& Tower with Radar,14,16,28,2,60,0,20,11,0,31,14,36,39,2,91,24,0,24,115
10/16/2019,LFT,LA,ASW,CE,Combined TRACON& Tower with Radar,18,20,27,0,65,0,3,11,0,14,18,23,38,0,79,0,0,0,79
10/17/2019,LFT,LA,ASW,CE,Combined TRACON& Tower with Radar,17,25,27,0,69,0,64,30,5,99,17,89,57,5,168,4,0,4,172
10/18/2019,LFT,LA,ASW,CE,Combined TRACON& Tower with Radar,19,25,37,0,81,0,46,24,1,71,19,71,61,1,152,4,0,4,156
10/19/2019,LFT,LA,ASW,CE,Combined TRACON& Tower with Radar,20,11,15,0,46,0,26,39,0,65,20,37,54,0,111,8,0,8,119
10/20/2019,LFT,LA,ASW,CE,Combined TRACON& Tower with Radar,10,24,25,0,59,0,21,18,0,39,10,45,43,0,98,50,0,50,148
10/21/2019,LFT,LA,ASW,CE,Combined TRACON& Tower with Radar,12,16,13,2,43,0,1,0,0,1,12,17,13,2,44,0,0,0,44
10/22/2019,LFT,LA,ASW,CE,Combined TRACON& Tower with Radar,16,21,42,19,98,0,27,52,2,81,16,48,94,21,179,36,6,42,221
10/23/2019,LFT,LA,ASW,CE,Combined TRACON& Tower with Radar,11,19,48,0,78,0,28,46,1,75,11,47,94,1,153,44,0,44,197
10/24/2019,LFT,LA,ASW,CE,Combined TRACON& Tower with Radar,15,21,31,1,68,0,50,36,0,86,15,71,67,1,154,41,0,41,195
10/25/2019,LFT,LA,ASW,CE,Combined TRACON& Tower with Radar,16,17,15,0,48,0,0,0,0,0,16,17,15,0,48,0,0,0,48
10/26/2019,LFT,LA,ASW,CE,Combined TRACON& Tower with Radar,16,23,24,2,65,0,6,4,0,10,16,29,28,2,75,0,0,0,75
10/27/2019,LFT,LA,ASW,CE,Combined TRACON& Tower with Radar,10,19,28,0,57,0,11,5,0,16,10,30,33,0,73,40,0,40,113
10/28/2019,LFT,LA,ASW,CE,Combined TRACON& Tower with Radar,12,18,30,0,60,0,30,15,2,47,12,48,45,2,107,16,0,16,123
10/29/2019,LFT,LA,ASW,CE,Combined TRACON& Tower with Radar,16,21,24,0,61,0,10,5,0,15,16,31,29,0,76,8,0,8,84
10/30/2019,LFT,LA,ASW,CE,Combined TRACON& Tower with Radar,15,21,24,4,64,0,7,1,0,8,15,28,25,4,72,10,0,10,82
10/31/2019,LFT,LA,ASW,CE,Combined TRACON& Tower with Radar,12,17,22,0,51,0,6,3,0,9,12,23,25,0,60,0,0,0,60
11/01/2019,LFT,LA,ASW,CE,Combined TRACON& Tower with Radar,18,14,22,3,57,0,26,43,0,69,18,40,65,3,126,4,0,4,130
11/02/2019,LFT,LA,ASW,CE,Combined TRACON& Tower with Radar,11,12,16,9,48,0,10,47,1,58,11,22,63,10,106,40,0,40,146
11/03/2019,LFT,LA,ASW,CE,Combined TRACON& Tower with Radar,14,19,30,0,63,0,14,53,0,67,14,33,83,0,130,24,0,24,154
11/04/2019,LFT,LA,ASW,CE,Combined TRACON& Tower with Radar,16,20,36,1,73,0,30,34,0,64,16,50,70,1,137,16,0,16,153
11/05/2019,LFT,LA,ASW,CE,Combined TRACON& Tower with Radar,12,24,27,0,63,0,36,42,0,78,12,60,69,0,141,20,0,20,161
11/06/2019,LFT,LA,ASW,CE,Combined TRACON& Tower with Radar,16,23,35,0,74,0,19,44,0,63,16,42,79,0,137,30,0,30,167
11/07/2019,LFT,LA,ASW,CE,Combined TRACON& Tower with Radar,15,21,24,0,60,0,2,5,0,7,15,23,29,0,67,0,0,0,67
11/08/2019,LFT,LA,ASW,CE,Combined TRACON& Tower with Radar,15,20,31,6,72,0,12,8,0,20,15,32,39,6,92,12,0,12,104
11/09/2019,LFT,LA,ASW,CE,Combined TRACON& Tower with Radar,13,14,20,0,47,0,25,32,0,57,13,39,52,0,104,50,0,50,154
11/10/2019,LFT,LA,ASW,CE,Combined TRACON& Tower with Radar,14,19,29,2,64,0,26,43,0,69,14,45,72,2,133,24,0,24,157
11/11/2019,LFT,LA,ASW,CE,Combined TRACON& Tower with Radar,19,18,36,0,73,0,26,33,0,59,19,44,69,0,132,16,0,16,148
11/12/2019,LFT,LA,ASW,CE,Combined TRACON& Tower with Radar,15,19,29,0,63,0,6,11,1,18,15,25,40,1,81,0,0,0,81
11/13/2019,LFT,LA,ASW,CE,Combined TRACON& Tower with Radar,15,21,45,0,81,0,42,50,1,93,15,63,95,1,174,8,0,8,182
11/14/2019,LFT,LA,ASW,CE,Combined TRACON& Tower with Radar,14,30,39,0,83,0,22,8,0,30,14,52,47,0,113,0,0,0,113
11/15/2019,LFT,LA,ASW,CE,Combined TRACON& Tower with Radar,16,22,24,9,71,0,36,36,4,76,16,58,60,13,147,6,0,6,153
11/16/2019,LFT,LA,ASW,CE,Combined TRACON& Tower with Radar,13,11,21,2,47,0,19,45,0,64,13,30,66,2,111,28,0,28,139
11/17/2019,LFT,LA,ASW,CE,Combined TRACON& Tower with Radar,15,25,21,5,66,0,27,39,3,69,15,52,60,8,135,62,0,62,197
11/18/2019,LFT,LA,ASW,CE,Combined TRACON& Tower with Radar,15,19,27,12,73,0,27,30,0,57,15,46,57,12,130,32,0,32,162
11/19/2019,LFT,LA,ASW,CE,Combined TRACON& Tower with Radar,10,22,19,0,51,0,35,49,0,84,10,57,68,0,135,28,0,28,163
11/20/2019,LFT,LA,ASW,CE,Combined TRACON& Tower with Radar,16,23,32,10,81,0,28,32,0,60,16,51,64,10,141,50,0,50,191
11/21/2019,LFT,LA,ASW,CE,Combined TRACON& Tower with Radar,15,21,53,0,89,0,39,55,2,96,15,60,108,2,185,20,0,20,205
11/22/2019,LFT,LA,ASW,CE,Combined TRACON& Tower with Radar,12,20,28,5,65,0,24,7,0,31,12,44,35,5,96,4,0,4,100
11/23/2019,LFT,LA,ASW,CE,Combined TRACON& Tower with Radar,14,14,29,2,59,0,15,14,0,29,14,29,43,2,88,8,0,8,96
11/24/2019,LFT,LA,ASW,CE,Combined TRACON& Tower with Radar,13,18,23,0,54,0,26,27,0,53,13,44,50,0,107,52,0,52,159
11/25/2019,LFT,LA,ASW,CE,Combined TRACON& Tower with Radar,13,19,30,0,62,0,35,40,0,75,13,54,70,0,137,2,0,2,139
11/26/2019,LFT,LA,ASW,CE,Combined TRACON& Tower with Radar,14,18,39,0,71,0,17,1,0,18,14,35,40,0,89,2,0,2,91
11/27/2019,LFT,LA,ASW,CE,Combined TRACON& Tower with Radar,13,22,39,0,74,0,25,22,1,48,13,47,61,1,122,4,0,4,126
11/28/2019,LFT,LA,ASW,CE,Combined TRACON& Tower with Radar,7,10,5,0,22,0,21,8,0,29,7,31,13,0,51,12,0,12,63
11/29/2019,LFT,LA,ASW,CE,Combined TRACON& Tower with Radar,10,18,24,0,52,0,15,20,0,35,10,33,44,0,87,4,0,4,91
11/30/2019,LFT,LA,ASW,CE,Combined TRACON& Tower with Radar,9,25,32,0,66,0,13,2,0,15,9,38,34,0,81,0,0,0,81
12/01/2019,LFT,LA,ASW,CE,Combined TRACON& Tower with Radar,13,22,37,0,72,0,18,29,0,47,13,40,66,0,119,12,0,12,131
12/02/2019,LFT,LA,ASW,CE,Combined TRACON& Tower with Radar,12,22,27,0,61,0,23,26,0,49,12,45,53,0,110,0,0,0,110
12/03/2019,LFT,LA,ASW,CE,Combined TRACON& Tower with Radar,12,19,42,6,79,0,38,43,0,81,12,57,85,6,160,22,0,22,182
12/04/2019,LFT,LA,ASW,CE,Combined TRACON& Tower with Radar,17,24,44,2,87,0,34,39,1,74,17,58,83,3,161,38,0,38,199
12/05/2019,LFT,LA,ASW,CE,Combined TRACON& Tower with Radar,16,18,39,0,73,0,33,49,0,82,16,51,88,0,155,44,0,44,199
12/06/2019,LFT,LA,ASW,CE,Combined TRACON& Tower with Radar,18,18,30,0,66,0,38,15,0,53,18,56,45,0,119,0,0,0,119
12/07/2019,LFT,LA,ASW,CE,Combined TRACON& Tower with Radar,15,12,33,0,60,0,19,36,0,55,15,31,69,0,115,42,0,42,157
12/08/2019,LFT,LA,ASW,CE,Combined TRACON& Tower with Radar,12,24,29,0,65,0,18,40,0,58,12,42,69,0,123,14,0,14,137
12/09/2019,LFT,LA,ASW,CE,Combined TRACON& Tower with Radar,14,20,39,7,80,0,13,8,0,21,14,33,47,7,101,0,0,0,101
12/10/2019,LFT,LA,ASW,CE,Combined TRACON& Tower with Radar,18,19,34,0,71,0,1,0,0,1,18,20,34,0,72,0,0,0,72
12/11/2019,LFT,LA,ASW,CE,Combined TRACON& Tower with Radar,15,23,37,2,77,0,26,29,2,57,15,49,66,4,134,6,0,6,140
12/12/2019,LFT,LA,ASW,CE,Combined TRACON& Tower with Radar,16,16,42,3,77,0,35,25,0,60,16,51,67,3,137,50,0,50,187
12/13/2019,LFT,LA,ASW,CE,Combined TRACON& Tower with Radar,17,16,37,10,80,0,8,12,0,20,17,24,49,10,100,54,4,58,158
12/14/2019,LFT,LA,ASW,CE,Combined TRACON& Tower with Radar,13,20,14,7,54,0,2,15,5,22,13,22,29,12,76,40,0,40,116
12/15/2019,LFT,LA,ASW,CE,Combined TRACON& Tower with Radar,12,20,39,4,75,0,11,7,0,18,12,31,46,4,93,5,0,5,98
12/16/2019,LFT,LA,ASW,CE,Combined TRACON& Tower with Radar,18,20,21,0,59,0,4,0,0,4,18,24,21,0,63,0,0,0,63
12/17/2019,LFT,LA,ASW,CE,Combined TRACON& Tower with Radar,21,19,31,2,73,0,18,7,0,25,21,37,38,2,98,0,0,0,98
12/18/2019,LFT,LA,ASW,CE,Combined TRACON& Tower with Radar,18,19,34,0,71,0,43,51,0,94,18,62,85,0,165,48,0,48,213
12/19/2019,LFT,LA,ASW,CE,Combined TRACON& Tower with Radar,15,18,41,4,78,0,53,58,0,111,15,71,99,4,189,41,0,41,230
12/20/2019,LFT,LA,ASW,CE,Combined TRACON& Tower with Radar,16,20,48,0,84,0,30,28,0,58,16,50,76,0,142,25,0,25,167
12/21/2019,LFT,LA,ASW,CE,Combined TRACON& Tower with Radar,16,17,10,0,43,0,21,9,0,30,16,38,19,0,73,44,0,44,117
12/22/2019,LFT,LA,ASW,CE,Combined TRACON& Tower with Radar,17,15,30,0,62,0,12,8,0,20,17,27,38,0,82,0,0,0,82
12/23/2019,LFT,LA,ASW,CE,Combined TRACON& Tower with Radar,17,14,30,0,61,0,46,22,0,68,17,60,52,0,129,0,0,0,129
12/24/2019,LFT,LA,ASW,CE,Combined TRACON& Tower with Radar,15,14,11,0,40,0,10,17,0,27,15,24,28,0,67,20,0,20,87
12/25/2019,LFT,LA,ASW,CE,Combined TRACON& Tower with Radar,15,5,4,0,24,0,16,6,0,22,15,21,10,0,46,0,0,0,46
12/26/2019,LFT,LA,ASW,CE,Combined TRACON& Tower with Radar,20,15,30,0,65,0,8,3,0,11,20,23,33,0,76,10,0,10,86
12/27/2019,LFT,LA,ASW,CE,Combined TRACON& Tower with Radar,13,13,33,0,59,0,6,2,0,8,13,19,35,0,67,2,0,2,69
12/28/2019,LFT,LA,ASW,CE,Combined TRACON& Tower with Radar,12,14,19,0,45,0,1,0,0,1,12,15,19,0,46,0,0,0,46
12/29/2019,LFT,LA,ASW,CE,Combined TRACON& Tower with Radar,18,22,17,0,57,0,13,2,0,15,18,35,19,0,72,0,0,0,72
12/30/2019,LFT,LA,ASW,CE,Combined TRACON& Tower with Radar,15,16,22,0,53,0,38,22,0,60,15,54,44,0,113,0,0,0,113
12/31/2019,LFT,LA,ASW,CE,Combined TRACON& Tower with Radar,13,14,22,0,49,0,39,26,0,65,13,53,48,0,114,12,0,12,126
01/01/2020,LFT,LA,ASW,CE,Combined TRACON& Tower with Radar,13,9,13,0,35,0,25,8,0,33,13,34,21,0,68,2,0,2,70
01/02/2020,LFT,LA,ASW,CE,Combined TRACON& Tower with Radar,14,19,15,2,50,0,0,0,0,0,14,19,15,2,50,0,0,0,50
01/03/2020,LFT,LA,ASW,CE,Combined TRACON& Tower with Radar,15,18,27,0,60,0,12,6,0,18,15,30,33,0,78,5,0,5,83
01/04/2020,LFT,LA,ASW,CE,Combined TRACON& Tower with Radar,16,9,19,0,44,0,34,29,0,63,16,43,48,0,107,12,0,12,119
01/05/2020,LFT,LA,ASW,CE,Combined TRACON& Tower with Radar,13,18,27,1,59,0,22,32,0,54,13,40,59,1,113,6,0,6,119
01/06/2020,LFT,LA,ASW,CE,Combined TRACON& Tower with Radar,13,15,37,0,65,0,27,32,0,59,13,42,69,0,124,6,0,6,130
01/07/2020,LFT,LA,ASW,CE,Combined TRACON& Tower with Radar,12,22,39,0,73,0,42,17,0,59,12,64,56,0,132,0,0,0,132
01/08/2020,LFT,LA,ASW,CE,Combined TRACON& Tower with Radar,14,17,27,6,64,0,14,32,4,50,14,31,59,10,114,0,0,0,114
01/09/2020,LFT,LA,ASW,CE,Combined TRACON& Tower with Radar,16,20,32,4,72,0,31,19,0,50,16,51,51,4,122,0,0,0,122
01/10/2020,LFT,LA,ASW,CE,Combined TRACON& Tower with Radar,12,19,18,0,49,0,9,1,0,10,12,28,19,0,59,0,0,0,59
01/11/2020,LFT,LA,ASW,CE,Combined TRACON& Tower with Radar,10,10,11,0,31,0,23,0,2,25,10,33,11,2,56,0,0,0,56
01/12/2020,LFT,LA,ASW,CE,Combined TRACON& Tower with Radar,10,24,23,0,57,0,8,20,0,28,10,32,43,0,85,2,0,2,87
01/13/2020,LFT,LA,ASW,CE,Combined TRACON& Tower with Radar,10,15,6,0,31,0,0,0,0,0,10,15,6,0,31,0,0,0,31
01/14/2020,LFT,LA,ASW,CE,Combined TRACON& Tower with Radar,15,21,19,0,55,0,3,2,0,5,15,24,21,0,60,0,0,0,60
01/15/2020,LFT,LA,ASW,CE,Combined TRACON& Tower with Radar,18,17,22,0,57,0,19,13,2,34,18,36,35,2,91,38,0,38,129
01/16/2020,LFT,LA,ASW,CE,Combined TRACON& Tower with Radar,15,16,21,0,52,0,2,7,0,9,15,18,28,0,61,0,0,0,61
01/17/2020,LFT,LA,ASW,CE,Combined TRACON& Tower with Radar,16,20,20,0,56,0,43,20,0,63,16,63,40,0,119,36,0,36,155
01/18/2020,LFT,LA,ASW,CE,Combined TRACON& Tower with Radar,12,9,14,2,37,0,1,0,0,1,12,10,14,2,38,0,0,0,38
01/19/2020,LFT,LA,ASW,CE,Combined TRACON& Tower with Radar,12,11,16,1,40,0,15,9,0,24,12,26,25,1,64,26,0,26,90
01/20/2020,LFT,LA,ASW,CE,Combined TRACON& Tower with Radar,11,14,22,0,47,0,23,29,0,52,11,37,51,0,99,0,0,0,99
01/21/2020,LFT,LA,ASW,CE,Combined TRACON& Tower with Radar,13,19,30,2,64,0,51,43,3,97,13,70,73,5,161,55,0,55,216
01/22/2020,LFT,LA,ASW,CE,Combined TRACON& Tower with Radar,14,19,19,0,52,0,16,13,0,29,14,35,32,0,81,26,0,26,107
01/23/2020,LFT,LA,ASW,CE,Combined TRACON& Tower with Radar,14,21,19,2,56,0,10,5,0,15,14,31,24,2,71,0,0,0,71
01/24/2020,LFT,LA,ASW,CE,Combined TRACON& Tower with Radar,18,14,30,2,64,0,34,38,3,75,18,48,68,5,139,20,0,20,159
01/25/2020,LFT,LA,ASW,CE,Combined TRACON& Tower with Radar,12,7,31,0,50,0,17,40,5,62,12,24,71,5,112,36,8,44,156
01/26/2020,LFT,LA,ASW,CE,Combined TRACON& Tower with Radar,13,18,21,0,52,0,2,0,0,2,13,20,21,0,54,0,0,0,54
01/27/2020,LFT,LA,ASW,CE,Combined TRACON& Tower with Radar,12,18,28,0,58,0,7,15,0,22,12,25,43,0,80,10,0,10,90
01/28/2020,LFT,LA,ASW,CE,Combined TRACON& Tower with Radar,16,24,18,0,58,0,27,24,0,51,16,51,42,0,109,0,0,0,109
01/29/2020,LFT,LA,ASW,CE,Combined TRACON& Tower with Radar,16,19,17,7,59,0,19,4,0,23,16,38,21,7,82,28,0,28,110
01/30/2020,LFT,LA,ASW,CE,Combined TRACON& Tower with Radar,14,20,40,7,81,0,19,17,0,36,14,39,57,7,117,16,0,16,133
01/31/2020,LFT,LA,ASW,CE,Combined TRACON& Tower with Radar,17,19,19,7,62,0,8,10,0,18,17,27,29,7,80,0,0,0,80
02/01/2020,LFT,LA,ASW,CE,Combined TRACON& Tower with Radar,10,12,15,0,37,0,18,36,0,54,10,30,51,0,91,28,0,28,119
02/02/2020,LFT,LA,ASW,CE,Combined TRACON& Tower with Radar,11,17,22,4,54,0,16,49,0,65,11,33,71,4,119,34,0,34,153
02/03/2020,LFT,LA,ASW,CE,Combined TRACON& Tower with Radar,12,19,30,0,61,0,39,25,0,64,12,58,55,0,125,0,0,0,125
02/04/2020,LFT,LA,ASW,CE,Combined TRACON& Tower with Radar,13,21,8,0,42,0,21,1,0,22,13,42,9,0,64,24,0,24,88
02/05/2020,LFT,LA,ASW,CE,Combined TRACON& Tower with Radar,15,20,19,0,54,0,0,0,0,0,15,20,19,0,54,0,0,0,54
02/06/2020,LFT,LA,ASW,CE,Combined TRACON& Tower with Radar,17,14,11,0,42,0,23,1,0,24,17,37,12,0,66,0,0,0,66
02/07/2020,LFT,LA,ASW,CE,Combined TRACON& Tower with Radar,16,21,32,8,77,0,40,48,2,90,16,61,80,10,167,56,0,56,223
02/08/2020,LFT,LA,ASW,CE,Combined TRACON& Tower with Radar,12,10,19,1,42,0,17,30,1,48,12,27,49,2,90,38,0,38,128
02/09/2020,LFT,LA,ASW,CE,Combined TRACON& Tower with Radar,15,18,15,2,50,0,14,6,0,20,15,32,21,2,70,0,0,0,70
02/10/2020,LFT,LA,ASW,CE,Combined TRACON& Tower with Radar,12,12,12,0,36,0,0,0,0,0,12,12,12,0,36,0,0,0,36
02/11/2020,LFT,LA,ASW,CE,Combined TRACON& Tower with Radar,14,23,27,0,64,0,6,8,1,15,14,29,35,1,79,8,0,8,87
02/12/2020,LFT,LA,ASW,CE,Combined TRACON& Tower with Radar,19,15,12,0,46,0,0,0,0,0,19,15,12,0,46,0,0,0,46
02/13/2020,LFT,LA,ASW,CE,Combined TRACON& Tower with Radar,16,16,36,3,71,0,61,12,4,77,16,77,48,7,148,0,0,0,148
02/14/2020,LFT,LA,ASW,CE,Combined TRACON& Tower with Radar,17,16,31,9,73,0,47,40,0,87,17,63,71,9,160,26,0,26,186
02/15/2020,LFT,LA,ASW,CE,Combined TRACON& Tower with Radar,9,15,24,5,53,0,20,27,1,48,9,35,51,6,101,10,16,26,127
02/16/2020,LFT,LA,ASW,CE,Combined TRACON& Tower with Radar,10,16,29,2,57,0,6,4,0,10,10,22,33,2,67,0,0,0,67
02/17/2020,LFT,LA,ASW,CE,Combined TRACON& Tower with Radar,13,16,19,0,48,0,0,0,0,0,13,16,19,0,48,0,0,0,48
02/18/2020,LFT,LA,ASW,CE,Combined TRACON& Tower with Radar,16,17,13,0,46,0,7,9,0,16,16,24,22,0,62,4,0,4,66
02/19/2020,LFT,LA,ASW,CE,Combined TRACON& Tower with Radar,19,20,31,0,70,0,2,2,1,5,19,22,33,1,75,0,0,0,75
02/20/2020,LFT,LA,ASW,CE,Combined TRACON& Tower with Radar,13,21,28,0,62,0,3,1,0,4,13,24,29,0,66,0,0,0,66
02/21/2020,LFT,LA,ASW,CE,Combined TRACON& Tower with Radar,16,21,21,0,58,0,18,43,0,61,16,39,64,0,119,32,0,32,151
02/22/2020,LFT,LA,ASW,CE,Combined TRACON& Tower with Radar,11,9,25,6,51,0,17,58,7,82,11,26,83,13,133,22,20,42,175
02/23/2020,LFT,LA,ASW,CE,Combined TRACON& Tower with Radar,13,19,15,0,47,0,17,11,0,28,13,36,26,0,75,0,0,0,75
02/24/2020,LFT,LA,ASW,CE,Combined TRACON& Tower with Radar,14,17,19,0,50,0,7,1,0,8,14,24,20,0,58,0,0,0,58
02/25/2020,LFT,LA,ASW,CE,Combined TRACON& Tower with Radar,16,18,20,2,56,0,36,23,0,59,16,54,43,2,115,6,0,6,121
02/26/2020,LFT,LA,ASW,CE,Combined TRACON& Tower with Radar,15,17,17,3,52,0,34,18,5,57,15,51,35,8,109,4,0,4,113
02/27/2020,LFT,LA,ASW,CE,Combined TRACON& Tower with Radar,15,17,25,0,57,0,32,21,0,53,15,49,46,0,110,12,0,12,122
02/28/2020,LFT,LA,ASW,CE,Combined TRACON& Tower with Radar,18,14,28,0,60,0,44,39,0,83,18,58,67,0,143,22,0,22,165
02/29/2020,LFT,LA,ASW,CE,Combined TRACON& Tower with Radar,13,10,18,0,41,0,19,43,0,62,13,29,61,0,103,30,0,30,133
03/01/2020,LFT,LA,ASW,CE,Combined TRACON& Tower with Radar,15,16,25,0,56,0,7,14,0,21,15,23,39,0,77,0,0,0,77
03/02/2020,LFT,LA,ASW,CE,Combined TRACON& Tower with Radar,14,15,22,3,54,0,27,16,0,43,14,42,38,3,97,0,0,0,97
03/03/2020,LFT,LA,ASW,CE,Combined TRACON& Tower with Radar,15,21,23,0,59,0,7,8,0,15,15,28,31,0,74,28,0,28,102
03/04/2020,LFT,LA,ASW,CE,Combined TRACON& Tower with Radar,16,14,10,0,40,0,0,0,0,0,16,14,10,0,40,0,0,0,40
03/05/2020,LFT,LA,ASW,CE,Combined TRACON& Tower with Radar,12,20,27,6,65,0,12,9,0,21,12,32,36,6,86,16,0,16,102
03/06/2020,LFT,LA,ASW,CE,Combined TRACON& Tower with Radar,11,23,23,2,59,0,28,46,2,76,11,51,69,4,135,4,0,4,139
03/07/2020,LFT,LA,ASW,CE,Combined TRACON& Tower with Radar,9,8,41,0,58,0,14,30,0,44,9,22,71,0,102,0,0,0,102
03/08/2020,LFT,LA,ASW,CE,Combined TRACON& Tower with Radar,8,22,20,0,50,0,14,26,0,40,8,36,46,0,90,28,0,28,118
03/09/2020,LFT,LA,ASW,CE,Combined TRACON& Tower with Radar,11,20,6,0,37,0,20,2,0,22,11,40,8,0,59,0,0,0,59
03/10/2020,LFT,LA,ASW,CE,Combined TRACON& Tower with Radar,13,20,22,0,55,0,16,6,1,23,13,36,28,1,78,0,0,0,78
03/11/2020,LFT,LA,ASW,CE,Combined TRACON& Tower with Radar,15,15,23,7,60,0,8,38,2,48,15,23,61,9,108,0,0,0,108
03/12/2020,LFT,LA,ASW,CE,Combined TRACON& Tower with Radar,10,22,29,7,68,0,8,11,0,19,10,30,40,7,87,8,0,8,95
03/13/2020,LFT,LA,ASW,CE,Combined TRACON& Tower with Radar,11,22,9,12,54,0,11,3,0,14,11,33,12,12,68,0,8,8,76
03/14/2020,LFT,LA,ASW,CE,Combined TRACON& Tower with Radar,7,13,13,0,33,0,9,8,3,20,7,22,21,3,53,54,0,54,107
03/15/2020,LFT,LA,ASW,CE,Combined TRACON& Tower with Radar,5,21,17,0,43,0,9,15,0,24,5,30,32,0,67,24,0,24,91
03/16/2020,LFT,LA,ASW,CE,Combined TRACON& Tower with Radar,8,26,12,0,46,0,17,5,0,22,8,43,17,0,68,6,0,6,74
03/17/2020,LFT,LA,ASW,CE,Combined TRACON& Tower with Radar,12,20,8,0,40,0,0,1,0,1,12,20,9,0,41,0,0,0,41
03/18/2020,LFT,LA,ASW,CE,Combined TRACON& Tower with Radar,14,19,19,0,52,0,13,14,2,29,14,32,33,2,81,6,0,6,87
03/19/2020,LFT,LA,ASW,CE,Combined TRACON& Tower with Radar,9,19,7,0,35,0,10,10,0,20,9,29,17,0,55,0,0,0,55
03/20/2020,LFT,LA,ASW,CE,Combined TRACON& Tower with Radar,13,17,5,0,35,0,8,4,0,12,13,25,9,0,47,0,0,0,47
03/21/2020,LFT,LA,ASW,CE,Combined TRACON& Tower with Radar,7,9,8,0,24,0,10,1,0,11,7,19,9,0,35,0,0,0,35
03/22/2020,LFT,LA,ASW,CE,Combined TRACON& Tower with Radar,6,17,10,0,33,0,8,2,0,10,6,25,12,0,43,0,0,0,43
03/23/2020,LFT,LA,ASW,CE,Combined TRACON& Tower with Radar,5,16,7,1,29,0,19,16,1,36,5,35,23,2,65,0,0,0,65
03/24/2020,LFT,LA,ASW,CE,Combined TRACON& Tower with Radar,5,10,10,4,29,0,0,11,0,11,5,10,21,4,40,0,0,0,40
03/25/2020,LFT,LA,ASW,CE,Combined TRACON& Tower with Radar,7,12,1,0,20,0,12,30,0,42,7,24,31,0,62,28,0,28,90
03/26/2020,LFT,LA,ASW,CE,Combined TRACON& Tower with Radar,7,8,18,0,33,0,19,28,0,47,7,27,46,0,80,6,0,6,86
03/27/2020,LFT,LA,ASW,CE,Combined TRACON& Tower with Radar,8,9,14,0,31,0,19,21,0,40,8,28,35,0,71,18,0,18,89
03/28/2020,LFT,LA,ASW,CE,Combined TRACON& Tower with Radar,4,8,9,0,21,0,12,8,0,20,4,20,17,0,41,4,0,4,45
03/29/2020,LFT,LA,ASW,CE,Combined TRACON& Tower with Radar,6,12,6,0,24,0,12,9,0,21,6,24,15,0,45,0,0,0,45
03/30/2020,LFT,LA,ASW,CE,Combined TRACON& Tower with Radar,8,6,5,0,19,0,20,11,0,31,8,26,16,0,50,12,0,12,62
03/31/2020,LFT,LA,ASW,CE,Combined TRACON& Tower with Radar,14,8,3,0,25,0,22,9,0,31,14,30,12,0,56,0,0,0,56
04/01/2020,LFT,LA,ASW,CE,Combined TRACON& Tower with Radar,5,11,5,0,21,0,23,32,0,55,5,34,37,0,76,8,0,8,84
04/02/2020,LFT,LA,ASW,CE,Combined TRACON& Tower with Radar,7,7,4,0,18,0,21,28,0,49,7,28,32,0,67,24,0,24,91
04/03/2020,LFT,LA,ASW,CE,Combined TRACON& Tower with Radar,8,7,13,3,31,0,13,12,1,26,8,20,25,4,57,0,0,0,57
04/04/2020,LFT,LA,ASW,CE,Combined TRACON& Tower with Radar,6,8,3,0,17,0,13,6,0,19,6,21,9,0,36,0,0,0,36
04/05/2020,LFT,LA,ASW,CE,Combined TRACON& Tower with Radar,4,8,7,0,19,0,15,14,0,29,4,23,21,0,48,0,0,0,48
04/06/2020,LFT,LA,ASW,CE,Combined TRACON& Tower with Radar,8,6,6,0,20,0,17,13,0,30,8,23,19,0,50,16,0,16,66
04/07/2020,LFT,LA,ASW,CE,Combined TRACON& Tower with Radar,8,7,11,0,26,0,22,4,0,26,8,29,15,0,52,0,0,0,52
04/08/2020,LFT,LA,ASW,CE,Combined TRACON& Tower with Radar,8,4,5,0,17,0,8,11,0,19,8,12,16,0,36,24,0,24,60
04/09/2020,LFT,LA,ASW,CE,Combined TRACON& Tower with Radar,9,8,11,2,30,0,11,6,2,19,9,19,17,4,49,3,0,3,52
04/10/2020,LFT,LA,ASW,CE,Combined TRACON& Tower with Radar,7,8,9,0,24,0,10,18,0,28,7,18,27,0,52,16,0,16,68
04/11/2020,LFT,LA,ASW,CE,Combined TRACON& Tower with Radar,4,8,0,0,12,0,29,19,0,48,4,37,19,0,60,10,0,10,70
04/12/2020,LFT,LA,ASW,CE,Combined TRACON& Tower with Radar,0,4,0,0,4,0,0,0,0,0,0,4,0,0,4,0,0,0,4
04/13/2020,LFT,LA,ASW,CE,Combined TRACON& Tower with Radar,4,10,4,1,19,0,20,21,0,41,4,30,25,1,60,0,0,0,60
04/14/2020,LFT,LA,ASW,CE,Combined TRACON& Tower with Radar,5,6,1,1,13,0,27,18,3,48,5,33,19,4,61,0,2,2,63
04/15/2020,LFT,LA,ASW,CE,Combined TRACON& Tower with Radar,7,3,5,3,18,0,25,23,2,50,7,28,28,5,68,12,0,12,80
04/16/2020,LFT,LA,ASW,CE,Combined TRACON& Tower with Radar,7,4,16,1,28,0,16,46,0,62,7,20,62,1,90,10,0,10,100
04/17/2020,LFT,LA,ASW,CE,Combined TRACON& Tower with Radar,6,5,14,0,25,0,14,38,0,52,6,19,52,0,77,26,0,26,103
04/18/2020,LFT,LA,ASW,CE,Combined TRACON& Tower with Radar,5,2,13,0,20,0,2,8,0,10,5,4,21,0,30,10,0,10,40
04/19/2020,LFT,LA,ASW,CE,Combined TRACON& Tower with Radar,2,5,5,0,12,0,5,0,0,5,2,10,5,0,17,0,0,0,17
04/20/2020,LFT,LA,ASW,CE,Combined TRACON& Tower with Radar,5,3,16,0,24,0,24,40,0,64,5,27,56,0,88,2,0,2,90
04/21/2020,LFT,LA,ASW,CE,Combined TRACON& Tower with Radar,6,6,27,0,39,0,27,52,0,79,6,33,79,0,118,12,0,12,130
04/22/2020,LFT,LA,ASW,CE,Combined TRACON& Tower with Radar,6,4,23,0,33,0,23,23,0,46,6,27,46,0,79,8,0,8,87
04/23/2020,LFT,LA,ASW,CE,Combined TRACON& Tower with Radar,7,7,7,0,21,0,5,7,0,12,7,12,14,0,33,0,0,0,33
04/24/2020,LFT,LA,ASW,CE,Combined TRACON& Tower with Radar,7,2,36,0,45,0,27,43,0,70,7,29,79,0,115,22,0,22,137
04/25/2020,LFT,LA,ASW,CE,Combined TRACON& Tower with Radar,6,3,12,0,21,0,20,22,0,42,6,23,34,0,63,2,0,2,65
04/26/2020,LFT,LA,ASW,CE,Combined TRACON& Tower with Radar,4,6,13,0,23,0,22,30,0,52,4,28,43,0,75,2,0,2,77
04/27/2020,LFT,LA,ASW,CE,Combined TRACON& Tower with Radar,6,6,11,0,23,0,27,43,0,70,6,33,54,0,93,12,0,12,105
04/28/2020,LFT,LA,ASW,CE,Combined TRACON& Tower with Radar,5,8,32,10,55,0,27,23,0,50,5,35,55,10,105,14,0,14,119
04/29/2020,LFT,LA,ASW,CE,Combined TRACON& Tower with Radar,8,9,12,0,29,0,11,9,0,20,8,20,21,0,49,0,0,0,49
04/30/2020,LFT,LA,ASW,CE,Combined TRACON& Tower with Radar,8,5,24,0,37,0,39,58,0,97,8,44,82,0,134,14,0,14,148
05/01/2020,LFT,LA,ASW,CE,Combined TRACON& Tower with Radar,7,8,15,0,30,0,47,23,2,72,7,55,38,2,102,0,0,0,102
05/02/2020,LFT,LA,ASW,CE,Combined TRACON& Tower with Radar,5,6,14,0,25,0,13,37,0,50,5,19,51,0,75,8,0,8,83
05/03/2020,LFT,LA,ASW,CE,Combined TRACON& Tower with Radar,3,8,13,0,24,0,20,18,0,38,3,28,31,0,62,0,0,0,62
05/04/2020,LFT,LA,ASW,CE,Combined TRACON& Tower with Radar,2,8,21,0,31,0,33,30,0,63,2,41,51,0,94,0,0,0,94
05/05/2020,LFT,LA,ASW,CE,Combined TRACON& Tower with Radar,0,10,14,0,24,0,20,7,1,28,0,30,21,1,52,20,0,20,72
05/06/2020,LFT,LA,ASW,CE,Combined TRACON& Tower with Radar,4,4,8,0,16,0,14,31,0,45,4,18,39,0,61,2,0,2,63
05/07/2020,LFT,LA,ASW,CE,Combined TRACON& Tower with Radar,3,7,22,0,32,0,23,54,0,77,3,30,76,0,109,20,0,20,129
05/08/2020,LFT,LA,ASW,CE,Combined TRACON& Tower with Radar,3,4,13,0,20,0,4,10,0,14,3,8,23,0,34,2,0,2,36
05/09/2020,LFT,LA,ASW,CE,Combined TRACON& Tower with Radar,7,5,13,0,25,0,3,18,0,21,7,8,31,0,46,22,0,22,68
05/10/2020,LFT,LA,ASW,CE,Combined TRACON& Tower with Radar,3,6,14,0,23,0,9,24,0,33,3,15,38,0,56,0,0,0,56
05/11/2020,LFT,LA,ASW,CE,Combined TRACON& Tower with Radar,3,6,8,0,17,0,19,39,0,58,3,25,47,0,75,16,0,16,91
05/12/2020,LFT,LA,ASW,CE,Combined TRACON& Tower with Radar,4,4,10,0,18,0,26,42,0,68,4,30,52,0,86,0,0,0,86
05/13/2020,LFT,LA,ASW,CE,Combined TRACON& Tower with Radar,5,6,27,0,38,0,14,23,0,37,5,20,50,0,75,0,0,0,75
05/14/2020,LFT,LA,ASW,CE,Combined TRACON& Tower with Radar,4,5,10,0,19,0,20,5,0,25,4,25,15,0,44,14,0,14,58
05/15/2020,LFT,LA,ASW,CE,Combined TRACON& Tower with Radar,4,6,20,0,30,0,1,14,0,15,4,7,34,0,45,26,0,26,71
05/16/2020,LFT,LA,ASW,CE,Combined TRACON& Tower with Radar,3,5,1,0,9,0,2,0,0,2,3,7,1,0,11,0,0,0,11
05/17/2020,LFT,LA,ASW,CE,Combined TRACON& Tower with Radar,3,12,13,0,28,0,8,5,0,13,3,20,18,0,41,12,0,12,53
05/18/2020,LFT,LA,ASW,CE,Combined TRACON& Tower with Radar,4,5,17,0,26,0,19,39,0,58,4,24,56,0,84,20,0,20,104
05/19/2020,LFT,LA,ASW,CE,Combined TRACON& Tower with Radar,3,8,11,0,22,0,30,42,2,74,3,38,53,2,96,6,0,6,102
05/20/2020,LFT,LA,ASW,CE,Combined TRACON& Tower with Radar,5,17,36,0,58,0,18,12,0,30,5,35,48,0,88,8,0,8,96
05/21/2020,LFT,LA,ASW,CE,Combined TRACON& Tower with Radar,5,6,41,0,52,0,30,32,0,62,5,36,73,0,114,2,0,2,116
05/22/2020,LFT,LA,ASW,CE,Combined TRACON& Tower with Radar,5,6,27,1,39,0,28,25,0,53,5,34,52,1,92,2,0,2,94
05/23/2020,LFT,LA,ASW,CE,Combined TRACON& Tower with Radar,3,5,18,0,26,0,7,15,0,22,3,12,33,0,48,28,0,28,76
05/24/2020,LFT,LA,ASW,CE,Combined TRACON& Tower with Radar,3,6,10,0,19,0,4,13,0,17,3,10,23,0,36,10,0,10,46
05/25/2020,LFT,LA,ASW,CE,Combined TRACON& Tower with Radar,3,5,15,0,23,0,2,12,0,14,3,7,27,0,37,2,0,2,39
05/26/2020,LFT,LA,ASW,CE,Combined TRACON& Tower with Radar,5,5,24,0,34,0,10,15,0,25,5,15,39,0,59,0,0,0,59
05/27/2020,LFT,LA,ASW,CE,Combined TRACON& Tower with Radar,4,7,17,0,28,0,18,37,2,57,4,25,54,2,85,4,0,4,89
05/28/2020,LFT,LA,ASW,CE,Combined TRACON& Tower with Radar,5,6,19,0,30,0,15,25,0,40,5,21,44,0,70,2,0,2,72
05/29/2020,LFT,LA,ASW,CE,Combined TRACON& Tower with Radar,3,7,22,0,32,0,21,32,0,53,3,28,54,0,85,0,0,0,85
05/30/2020,LFT,LA,ASW,CE,Combined TRACON& Tower with Radar,3,6,16,0,25,0,10,31,0,41,3,16,47,0,66,8,0,8,74
05/31/2020,LFT,LA,ASW,CE,Combined TRACON& Tower with Radar,3,6,16,0,25,0,8,23,0,31,3,14,39,0,56,8,0,8,64
06/01/2020,LFT,LA,ASW,CE,Combined TRACON& Tower with Radar,1,6,5,0,12,0,23,22,0,45,1,29,27,0,57,10,0,10,67
06/02/2020,LFT,LA,ASW,CE,Combined TRACON& Tower with Radar,3,9,14,0,26,0,22,15,2,39,3,31,29,2,65,6,0,6,71
06/03/2020,LFT,LA,ASW,CE,Combined TRACON& Tower with Radar,7,9,8,0,24,0,19,15,0,34,7,28,23,0,58,0,0,0,58
06/04/2020,LFT,LA,ASW,CE,Combined TRACON& Tower with Radar,6,11,36,1,54,0,34,18,0,52,6,45,54,1,106,8,0,8,114
06/05/2020,LFT,LA,ASW,CE,Combined TRACON& Tower with Radar,3,9,18,0,30,0,24,41,5,70,3,33,59,5,100,0,0,0,100
06/06/2020,LFT,LA,ASW,CE,Combined TRACON& Tower with Radar,1,5,20,0,26,0,13,19,0,32,1,18,39,0,58,6,0,6,64
06/07/2020,LFT,LA,ASW,CE,Combined TRACON& Tower with Radar,2,5,4,0,11,0,0,0,0,0,2,5,4,0,11,0,0,0,11
06/08/2020,LFT,LA,ASW,CE,Combined TRACON& Tower with Radar,1,10,8,0,19,0,19,3,0,22,1,29,11,0,41,0,0,0,41
06/09/2020,LFT,LA,ASW,CE,Combined TRACON& Tower with Radar,1,8,12,0,21,0,10,13,0,23,1,18,25,0,44,8,0,8,52
06/10/2020,LFT,LA,ASW,CE,Combined TRACON& Tower with Radar,3,8,27,0,38,0,19,40,0,59,3,27,67,0,97,8,0,8,105
06/11/2020,LFT,LA,ASW,CE,Combined TRACON& Tower with Radar,2,14,28,0,44,0,17,28,0,45,2,31,56,0,89,14,0,14,103
06/12/2020,LFT,LA,ASW,CE,Combined TRACON& Tower with Radar,1,6,14,5,26,0,20,21,0,41,1,26,35,5,67,22,0,22,89
06/13/2020,LFT,LA,ASW,CE,Combined TRACON& Tower with Radar,2,8,37,0,47,0,11,33,0,44,2,19,70,0,91,26,0,26,117
06/14/2020,LFT,LA,ASW,CE,Combined TRACON& Tower with Radar,1,5,6,0,12,0,12,17,0,29,1,17,23,0,41,8,0,8,49
06/15/2020,LFT,LA,ASW,CE,Combined TRACON& Tower with Radar,1,7,19,0,27,0,21,21,0,42,1,28,40,0,69,0,0,0,69
06/16/2020,LFT,LA,ASW,CE,Combined TRACON& Tower with Radar,1,8,25,3,37,0,20,38,1,59,1,28,63,4,96,46,0,46,142
06/17/2020,LFT,LA,ASW,CE,Combined TRACON& Tower with Radar,1,8,23,2,34,0,22,28,0,50,1,30,51,2,84,10,0,10,94
06/18/2020,LFT,LA,ASW,CE,Combined TRACON& Tower with Radar,1,8,26,1,36,0,23,37,1,61,1,31,63,2,97,24,0,24,121
06/19/2020,LFT,LA,ASW,CE,Combined TRACON& Tower with Radar,2,19,37,2,60,0,25,43,0,68,2,44,80,2,128,2,0,2,130
06/20/2020,LFT,LA,ASW,CE,Combined TRACON& Tower with Radar,1,7,23,0,31,0,24,19,0,43,1,31,42,0,74,0,0,0,74
06/21/2020,LFT,LA,ASW,CE,Combined TRACON& Tower with Radar,1,8,27,0,36,0,15,17,0,32,1,23,44,0,68,0,0,0,68
06/22/2020,LFT,LA,ASW,CE,Combined TRACON& Tower with Radar,1,7,15,0,23,0,7,4,0,11,1,14,19,0,34,0,0,0,34
06/23/2020,LFT,LA,ASW,CE,Combined TRACON& Tower with Radar,3,6,9,0,18,0,19,7,0,26,3,25,16,0,44,0,0,0,44
06/24/2020,LFT,LA,ASW,CE,Combined TRACON& Tower with Radar,1,11,18,0,30,0,12,10,0,22,1,23,28,0,52,14,0,14,66
06/25/2020,LFT,LA,ASW,CE,Combined TRACON& Tower with Radar,1,11,9,0,21,0,17,3,0,20,1,28,12,0,41,0,0,0,41
06/26/2020,LFT,LA,ASW,CE,Combined TRACON& Tower with Radar,3,15,24,0,42,0,16,11,0,27,3,31,35,0,69,6,0,6,75
06/27/2020,LFT,LA,ASW,CE,Combined TRACON& Tower with Radar,1,6,9,0,16,0,11,10,0,21,1,17,19,0,37,0,0,0,37
06/28/2020,LFT,LA,ASW,CE,Combined TRACON& Tower with Radar,1,8,10,0,19,0,15,15,0,30,1,23,25,0,49,10,2,12,61
06/29/2020,LFT,LA,ASW,CE,Combined TRACON& Tower with Radar,1,12,21,0,34,0,30,21,0,51,1,42,42,0,85,4,0,4,89
06/30/2020,LFT,LA,ASW,CE,Combined TRACON& Tower with Radar,1,15,19,0,35,0,20,35,0,55,1,35,54,0,90,12,0,12,102
07/01/2020,LFT,LA,ASW,CE,Combined TRACON& Tower with Radar,2,15,33,0,50,0,25,29,1,55,2,40,62,1,105,0,0,0,105
07/02/2020,LFT,LA,ASW,CE,Combined TRACON& Tower with Radar,5,10,18,5,38,0,22,22,0,44,5,32,40,5,82,28,0,28,110
07/03/2020,LFT,LA,ASW,CE,Combined TRACON& Tower with Radar,2,12,12,0,26,0,7,15,0,22,2,19,27,0,48,20,0,20,68
07/04/2020,LFT,LA,ASW,CE,Combined TRACON& Tower with Radar,4,10,9,0,23,0,7,9,0,16,4,17,18,0,39,0,0,0,39
07/05/2020,LFT,LA,ASW,CE,Combined TRACON& Tower with Radar,5,9,23,0,37,0,1,0,0,1,5,10,23,0,38,0,0,0,38
07/06/2020,LFT,LA,ASW,CE,Combined TRACON& Tower with Radar,3,15,14,0,32,0,4,9,0,13,3,19,23,0,45,0,0,0,45
07/07/2020,LFT,LA,ASW,CE,Combined TRACON& Tower with Radar,6,14,10,0,30,0,5,9,0,14,6,19,19,0,44,0,0,0,44
07/08/2020,LFT,LA,ASW,CE,Combined TRACON& Tower with Radar,6,10,22,0,38,0,22,38,0,60,6,32,60,0,98,12,0,12,110
07/09/2020,LFT,LA,ASW,CE,Combined TRACON& Tower with Radar,6,18,18,0,42,0,20,26,1,47,6,38,44,1,89,8,0,8,97
07/10/2020,LFT,LA,ASW,CE,Combined TRACON& Tower with Radar,7,12,21,0,40,0,8,46,0,54,7,20,67,0,94,8,0,8,102
07/11/2020,LFT,LA,ASW,CE,Combined TRACON& Tower with Radar,5,14,13,0,32,0,8,38,0,46,5,22,51,0,78,16,0,16,94
07/12/2020,LFT,LA,ASW,CE,Combined TRACON& Tower with Radar,8,10,7,0,25,0,8,21,0,29,8,18,28,0,54,8,0,8,62
07/13/2020,LFT,LA,ASW,CE,Combined TRACON& Tower with Radar,5,12,17,0,34,0,21,31,1,53,5,33,48,1,87,4,0,4,91
07/14/2020,LFT,LA,ASW,CE,Combined TRACON& Tower with Radar,9,15,29,1,54,0,20,39,0,59,9,35,68,1,113,16,0,16,129
07/15/2020,LFT,LA,ASW,CE,Combined TRACON& Tower with Radar,6,12,23,11,52,0,20,38,0,58,6,32,61,11,110,40,4,44,154
07/16/2020,LFT,LA,ASW,CE,Combined TRACON& Tower with Radar,5,12,14,0,31,0,17,26,0,43,5,29,40,0,74,10,0,10,84
07/17/2020,LFT,LA,ASW,CE,Combined TRACON& Tower with Radar,7,14,12,3,36,0,15,11,0,26,7,29,23,3,62,10,0,10,72
07/18/2020,LFT,LA,ASW,CE,Combined TRACON& Tower with Radar,5,12,18,0,35,0,18,27,0,45,5,30,45,0,80,0,0,0,80
07/19/2020,LFT,LA,ASW,CE,Combined TRACON& Tower with Radar,5,17,23,0,45,0,11,18,0,29,5,28,41,0,74,14,0,14,88
07/20/2020,LFT,LA,ASW,CE,Combined TRACON& Tower with Radar,5,15,12,0,32,0,4,12,0,16,5,19,24,0,48,8,0,8,56
07/21/2020,LFT,LA,ASW,CE,Combined TRACON& Tower with Radar,6,12,18,1,37,0,10,9,0,19,6,22,27,1,56,6,0,6,62
07/22/2020,LFT,LA,ASW,CE,Combined TRACON& Tower with Radar,7,16,23,0,46,0,26,30,3,59,7,42,53,3,105,24,0,24,129
07/23/2020,LFT,LA,ASW,CE,Combined TRACON& Tower with Radar,6,17,20,0,43,0,32,25,1,58,6,49,45,1,101,12,0,12,113
07/24/2020,LFT,LA,ASW,CE,Combined TRACON& Tower with Radar,5,16,8,0,29,0,7,3,0,10,5,23,11,0,39,0,0,0,39
07/25/2020,LFT,LA,ASW,CE,Combined TRACON& Tower with Radar,5,14,6,0,25,0,1,7,0,8,5,15,13,0,33,2,0,2,35
07/26/2020,LFT,LA,ASW,CE,Combined TRACON& Tower with Radar,5,12,14,0,31,0,4,2,0,6,5,16,16,0,37,0,0,0,37
07/27/2020,LFT,LA,ASW,CE,Combined TRACON& Tower with Radar,6,14,8,0,28,0,0,0,0,0,6,14,8,0,28,12,0,12,40
07/28/2020,LFT,LA,ASW,CE,Combined TRACON& Tower with Radar,9,20,12,0,41,0,6,6,0,12,9,26,18,0,53,0,0,0,53
07/29/2020,LFT,LA,ASW,CE,Combined TRACON& Tower with Radar,8,16,19,0,43,0,39,24,0,63,8,55,43,0,106,28,0,28,134
07/30/2020,LFT,LA,ASW,CE,Combined TRACON& Tower with Radar,5,14,20,0,39,0,19,28,0,47,5,33,48,0,86,24,0,24,110
07/31/2020,LFT,LA,ASW,CE,Combined TRACON& Tower with Radar,6,20,34,4,64,0,21,30,0,51,6,41,64,4,115,16,0,16,131
08/01/2020,LFT,LA,ASW,CE,Combined TRACON& Tower with Radar,5,12,11,0,28,0,16,21,0,37,5,28,32,0,65,22,0,22,87
08/02/2020,LFT,LA,ASW,CE,Combined TRACON& Tower with Radar,5,14,13,0,32,0,6,7,0,13,5,20,20,0,45,4,0,4,49
08/03/2020,LFT,LA,ASW,CE,Combined TRACON& Tower with Radar,6,14,15,0,35,0,26,25,0,51,6,40,40,0,86,8,0,8,94
08/04/2020,LFT,LA,ASW,CE,Combined TRACON& Tower with Radar,6,15,21,0,42,0,19,39,0,58,6,34,60,0,100,24,0,24,124
08/05/2020,LFT,LA,ASW,CE,Combined TRACON& Tower with Radar,6,16,19,0,41,0,25,21,0,46,6,41,40,0,87,18,0,18,105
08/06/2020,LFT,LA,ASW,CE,Combined TRACON& Tower with Radar,5,14,16,0,35,0,25,27,0,52,5,39,43,0,87,14,0,14,101
08/07/2020,LFT,LA,ASW,CE,Combined TRACON& Tower with Radar,5,16,19,2,42,0,30,42,1,73,5,46,61,3,115,34,2,36,151
08/08/2020,LFT,LA,ASW,CE,Combined TRACON& Tower with Radar,5,12,8,1,26,0,9,26,0,35,5,21,34,1,61,0,0,0,61
08/09/2020,LFT,LA,ASW,CE,Combined TRACON& Tower with Radar,5,18,23,1,47,0,3,7,0,10,5,21,30,1,57,6,0,6,63
08/10/2020,LFT,LA,ASW,CE,Combined TRACON& Tower with Radar,5,11,24,0,40,0,29,34,0,63,5,40,58,0,103,16,0,16,119
08/11/2020,LFT,LA,ASW,CE,Combined TRACON& Tower with Radar,6,11,21,0,38,0,32,24,0,56,6,43,45,0,94,77,0,77,171
08/12/2020,LFT,LA,ASW,CE,Combined TRACON& Tower with Radar,6,14,25,0,45,0,24,25,0,49,6,38,50,0,94,40,0,40,134
08/13/2020,LFT,LA,ASW,CE,Combined TRACON& Tower with Radar,8,13,21,2,44,0,26,29,0,55,8,39,50,2,99,2,0,2,101
08/14/2020,LFT,LA,ASW,CE,Combined TRACON& Tower with Radar,5,14,16,0,35,0,28,24,0,52,5,42,40,0,87,24,0,24,111
08/15/2020,LFT,LA,ASW,CE,Combined TRACON& Tower with Radar,4,10,23,0,37,0,7,20,0,27,4,17,43,0,64,6,0,6,70
08/16/2020,LFT,LA,ASW,CE,Combined TRACON& Tower with Radar,5,12,22,0,39,0,13,23,0,36,5,25,45,0,75,0,0,0,75
08/17/2020,LFT,LA,ASW,CE,Combined TRACON& Tower with Radar,5,12,24,2,43,0,18,26,0,44,5,30,50,2,87,8,0,8,95
08/18/2020,LFT,LA,ASW,CE,Combined TRACON& Tower with Radar,6,14,11,4,35,0,23,33,0,56,6,37,44,4,91,18,0,18,109
08/19/2020,LFT,LA,ASW,CE,Combined TRACON& Tower with Radar,8,18,19,3,48,0,23,26,0,49,8,41,45,3,97,40,0,40,137
08/20/2020,LFT,LA,ASW,CE,Combined TRACON& Tower with Radar,7,16,19,0,42,0,1,33,0,34,7,17,52,0,76,0,0,0,76
08/21/2020,LFT,LA,ASW,CE,Combined TRACON& Tower with Radar,5,18,21,0,44,0,25,40,0,65,5,43,61,0,109,30,0,30,139
08/22/2020,LFT,LA,ASW,CE,Combined TRACON& Tower with Radar,7,10,10,0,27,0,3,17,0,20,7,13,27,0,47,26,0,26,73
08/23/2020,LFT,LA,ASW,CE,Combined TRACON& Tower with Radar,5,15,24,0,44,0,17,24,0,41,5,32,48,0,85,10,0,10,95
08/24/2020,LFT,LA,ASW,CE,Combined TRACON& Tower with Radar,6,12,6,0,24,0,10,8,0,18,6,22,14,0,42,4,0,4,46
08/25/2020,LFT,LA,ASW,CE,Combined TRACON& Tower with Radar,6,12,11,0,29,0,8,2,2,12,6,20,13,2,41,0,0,0,41
08/26/2020,LFT,LA,ASW,CE,Combined TRACON& Tower with Radar,5,8,4,0,17,0,1,0,0,1,5,9,4,0,18,0,0,0,18
08/27/2020,LFT,LA,ASW,CE,Combined TRACON& Tower with Radar,0,8,4,0,12,0,13,2,2,17,0,21,6,2,29,0,0,0,29
08/28/2020,LFT,LA,ASW,CE,Combined TRACON& Tower with Radar,5,14,23,2,44,0,49,12,1,62,5,63,35,3,106,22,0,22,128
08/29/2020,LFT,LA,ASW,CE,Combined TRACON& Tower with Radar,4,13,24,0,41,0,37,23,1,61,4,50,47,1,102,36,0,36,138
08/30/2020,LFT,LA,ASW,CE,Combined TRACON& Tower with Radar,5,15,14,0,34,0,20,24,0,44,5,35,38,0,78,8,0,8,86
08/31/2020,LFT,LA,ASW,CE,Combined TRACON& Tower with Radar,5,15,23,0,43,0,31,32,0,63,5,46,55,0,106,6,0,6,112
09/01/2020,LFT,LA,ASW,CE,Combined TRACON& Tower with Radar,5,10,24,0,39,0,19,21,0,40,5,29,45,0,79,12,0,12,91
09/02/2020,LFT,LA,ASW,CE,Combined TRACON& Tower with Radar,7,16,17,2,42,0,35,29,1,65,7,51,46,3,107,6,0,6,113
09/03/2020,LFT,LA,ASW,CE,Combined TRACON& Tower with Radar,6,19,40,0,65,0,36,41,1,78,6,55,81,1,143,20,0,20,163
09/04/2020,LFT,LA,ASW,CE,Combined TRACON& Tower with Radar,5,13,30,0,48,0,24,34,0,58,5,37,64,0,106,30,0,30,136
09/05/2020,LFT,LA,ASW,CE,Combined TRACON& Tower with Radar,5,11,11,0,27,0,14,16,0,30,5,25,27,0,57,22,0,22,79
09/06/2020,LFT,LA,ASW,CE,Combined TRACON& Tower with Radar,5,13,18,0,36,0,24,20,0,44,5,37,38,0,80,14,0,14,94
09/07/2020,LFT,LA,ASW,CE,Combined TRACON& Tower with Radar,6,17,33,1,57,0,33,34,0,67,6,50,67,1,124,12,0,12,136
09/08/2020,LFT,LA,ASW,CE,Combined TRACON& Tower with Radar,11,19,31,4,65,0,29,18,0,47,11,48,49,4,112,24,0,24,136
09/09/2020,LFT,LA,ASW,CE,Combined TRACON& Tower with Radar,6,20,44,0,70,0,26,20,0,46,6,46,64,0,116,22,0,22,138
09/10/2020,LFT,LA,ASW,CE,Combined TRACON& Tower with Radar,6,26,27,3,62,0,47,35,0,82,6,73,62,3,144,36,0,36,180
09/11/2020,LFT,LA,ASW,CE,Combined TRACON& Tower with Radar,7,18,25,0,50,0,30,34,0,64,7,48,59,0,114,24,0,24,138
09/12/2020,LFT,LA,ASW,CE,Combined TRACON& Tower with Radar,7,16,17,2,42,0,20,8,0,28,7,36,25,2,70,6,0,6,76
09/13/2020,LFT,LA,ASW,CE,Combined TRACON& Tower with Radar,4,19,33,1,57,0,30,22,0,52,4,49,55,1,109,4,0,4,113
09/14/2020,LFT,LA,ASW,CE,Combined TRACON& Tower with Radar,5,19,29,0,53,0,23,15,0,38,5,42,44,0,91,22,0,22,113
09/15/2020,LFT,LA,ASW,CE,Combined TRACON& Tower with Radar,5,16,15,0,36,0,23,10,0,33,5,39,25,0,69,4,0,4,73
09/16/2020,LFT,LA,ASW,CE,Combined TRACON& Tower with Radar,8,16,11,0,35,0,26,36,3,65,8,42,47,3,100,12,0,12,112
09/17/2020,LFT,LA,ASW,CE,Combined TRACON& Tower with Radar,6,20,38,8,72,0,20,30,0,50,6,40,68,8,122,0,0,0,122
09/18/2020,LFT,LA,ASW,CE,Combined TRACON& Tower with Radar,8,19,18,0,45,0,23,31,0,54,8,42,49,0,99,2,0,2,101
09/19/2020,LFT,LA,ASW,CE,Combined TRACON& Tower with Radar,8,16,17,0,41,0,7,5,0,12,8,23,22,0,53,0,0,0,53
09/20/2020,LFT,LA,ASW,CE,Combined TRACON& Tower with Radar,4,21,15,0,40,0,0,1,0,1,4,21,16,0,41,0,0,0,41
09/21/2020,LFT,LA,ASW,CE,Combined TRACON& Tower with Radar,6,16,7,0,29,0,0,0,0,0,6,16,7,0,29,0,0,0,29
09/22/2020,LFT,LA,ASW,CE,Combined TRACON& Tower with Radar,8,17,9,0,34,0,3,3,0,6,8,20,12,0,40,0,0,0,40
09/23/2020,LFT,LA,ASW,CE,Combined TRACON& Tower with Radar,6,16,15,0,37,0,10,4,0,14,6,26,19,0,51,0,0,0,51
09/24/2020,LFT,LA,ASW,CE,Combined TRACON& Tower with Radar,6,21,29,1,57,0,11,19,0,30,6,32,48,1,87,56,0,56,143
09/25/2020,LFT,LA,ASW,CE,Combined TRACON& Tower with Radar,9,20,53,0,82,0,16,26,0,42,9,36,79,0,124,0,0,0,124
09/26/2020,LFT,LA,ASW,CE,Combined TRACON& Tower with Radar,7,23,15,0,45,0,18,26,0,44,7,41,41,0,89,0,0,0,89
09/27/2020,LFT,LA,ASW,CE,Combined TRACON& Tower with Radar,4,17,25,0,46,0,7,30,0,37,4,24,55,0,83,2,0,2,85
09/28/2020,LFT,LA,ASW,CE,Combined TRACON& Tower with Radar,6,30,28,0,64,0,2,0,0,2,6,32,28,0,66,2,0,2,68
09/29/2020,LFT,LA,ASW,CE,Combined TRACON& Tower with Radar,5,19,27,0,51,0,35,38,0,73,5,54,65,0,124,6,0,6,130
09/30/2020,LFT,LA,ASW,CE,Combined TRACON& Tower with Radar,5,22,36,6,69,0,25,49,0,74,5,47,85,6,143,12,0,12,155
10/01/2020,LFT,LA,ASW,CE,Combined TRACON& Tower with Radar,8,20,39,0,67,0,43,44,0,87,8,63,83,0,154,22,0,22,176
10/02/2020,LFT,LA,ASW,CE,Combined TRACON& Tower with Radar,6,26,21,0,53,0,31,34,0,65,6,57,55,0,118,14,0,14,132
10/03/2020,LFT,LA,ASW,CE,Combined TRACON& Tower with Radar,5,15,19,18,57,0,7,28,0,35,5,22,47,18,92,0,0,0,92
10/04/2020,LFT,LA,ASW,CE,Combined TRACON& Tower with Radar,4,20,9,0,33,0,14,30,0,44,4,34,39,0,77,0,0,0,77
10/05/2020,LFT,LA,ASW,CE,Combined TRACON& Tower with Radar,5,18,33,0,56,0,43,41,0,84,5,61,74,0,140,12,0,12,152
10/06/2020,LFT,LA,ASW,CE,Combined TRACON& Tower with Radar,5,18,11,0,34,0,28,41,0,69,5,46,52,0,103,4,0,4,107
10/07/2020,LFT,LA,ASW,CE,Combined TRACON& Tower with Radar,7,17,38,0,62,0,10,8,0,18,7,27,46,0,80,0,0,0,80
10/08/2020,LFT,LA,ASW,CE,Combined TRACON& Tower with Radar,4,18,27,6,55,0,6,4,2,12,4,24,31,8,67,8,0,8,75
10/10/2020,LFT,LA,ASW,CE,Combined TRACON& Tower with Radar,2,4,8,8,22,0,20,8,3,31,2,24,16,11,53,0,0,0,53
10/11/2020,LFT,LA,ASW,CE,Combined TRACON& Tower with Radar,2,20,21,0,43,0,20,3,0,23,2,40,24,0,66,0,0,0,66
10/12/2020,LFT,LA,ASW,CE,Combined TRACON& Tower with Radar,3,19,34,0,56,0,21,19,0,40,3,40,53,0,96,0,0,0,96
10/13/2020,LFT,LA,ASW,CE,Combined TRACON& Tower with Radar,4,19,37,0,60,0,18,45,0,63,4,37,82,0,123,0,0,0,123
10/14/2020,LFT,LA,ASW,CE,Combined TRACON& Tower with Radar,7,20,30,0,57,0,36,39,0,75,7,56,69,0,132,10,0,10,142
10/15/2020,LFT,LA,ASW,CE,Combined TRACON& Tower with Radar,4,23,20,1,48,0,29,9,1,39,4,52,29,2,87,30,0,30,117
10/16/2020,LFT,LA,ASW,CE,Combined TRACON& Tower with Radar,5,20,9,0,34,0,16,7,0,23,5,36,16,0,57,15,0,15,72
10/17/2020,LFT,LA,ASW,CE,Combined TRACON& Tower with Radar,5,10,21,0,36,0,15,20,0,35,5,25,41,0,71,5,0,5,76
10/18/2020,LFT,LA,ASW,CE,Combined TRACON& Tower with Radar,1,25,31,0,57,0,12,27,0,39,1,37,58,0,96,2,0,2,98
10/19/2020,LFT,LA,ASW,CE,Combined TRACON& Tower with Radar,3,29,36,0,68,0,11,17,0,28,3,40,53,0,96,2,0,2,98
10/20/2020,LFT,LA,ASW,CE,Combined TRACON& Tower with Radar,4,18,27,3,52,0,29,13,0,42,4,47,40,3,94,20,0,20,114
10/21/2020,LFT,LA,ASW,CE,Combined TRACON& Tower with Radar,4,23,22,0,49,0,25,38,0,63,4,48,60,0,112,0,0,0,112
10/22/2020,LFT,LA,ASW,CE,Combined TRACON& Tower with Radar,6,23,18,0,47,0,19,24,0,43,6,42,42,0,90,12,0,12,102
10/23/2020,LFT,LA,ASW,CE,Combined TRACON& Tower with Radar,5,20,29,0,54,0,7,4,0,11,5,27,33,0,65,0,0,0,65
10/24/2020,LFT,LA,ASW,CE,Combined TRACON& Tower with Radar,6,12,22,0,40,0,7,1,0,8,6,19,23,0,48,10,0,10,58
10/25/2020,LFT,LA,ASW,CE,Combined TRACON& Tower with Radar,2,25,41,2,70,0,9,25,0,34,2,34,66,2,104,32,0,32,136
10/26/2020,LFT,LA,ASW,CE,Combined TRACON& Tower with Radar,3,21,38,3,65,0,29,50,14,93,3,50,88,17,158,16,0,16,174
10/27/2020,LFT,LA,ASW,CE,Combined TRACON& Tower with Radar,3,23,32,0,58,0,7,17,0,24,3,30,49,0,82,0,0,0,82
10/28/2020,LFT,LA,ASW,CE,Combined TRACON& Tower with Radar,4,22,5,0,31,0,1,1,0,2,4,23,6,0,33,0,0,0,33
10/29/2020,LFT,LA,ASW,CE,Combined TRACON& Tower with Radar,5,24,33,0,62,0,34,19,0,53,5,58,52,0,115,0,0,0,115
10/30/2020,LFT,LA,ASW,CE,Combined TRACON& Tower with Radar,7,23,26,0,56,0,15,40,1,56,7,38,66,1,112,0,0,0,112
10/31/2020,LFT,LA,ASW,CE,Combined TRACON& Tower with Radar,3,12,15,0,30,0,16,46,0,62,3,28,61,0,92,26,0,26,118
11/01/2020,LFT,LA,ASW,CE,Combined TRACON& Tower with Radar,2,20,19,0,41,0,10,25,0,35,2,30,44,0,76,0,0,0,76
11/02/2020,LFT,LA,ASW,CE,Combined TRACON& Tower with Radar,3,22,18,0,43,0,14,29,0,43,3,36,47,0,86,0,0,0,86
11/03/2020,LFT,LA,ASW,CE,Combined TRACON& Tower with Radar,4,24,19,0,47,0,36,40,0,76,4,60,59,0,123,12,0,12,135
11/04/2020,LFT,LA,ASW,CE,Combined TRACON& Tower with Radar,5,19,25,2,51,0,39,34,0,73,5,58,59,2,124,14,0,14,138
11/05/2020,LFT,LA,ASW,CE,Combined TRACON& Tower with Radar,9,26,31,2,68,0,24,49,0,73,9,50,80,2,141,0,0,0,141
11/06/2020,LFT,LA,ASW,CE,Combined TRACON& Tower with Radar,7,23,21,0,51,0,35,32,0,67,7,58,53,0,118,20,0,20,138
11/07/2020,LFT,LA,ASW,CE,Combined TRACON& Tower with Radar,5,17,21,0,43,0,11,19,0,30,5,28,40,0,73,8,0,8,81
11/08/2020,LFT,LA,ASW,CE,Combined TRACON& Tower with Radar,4,26,26,0,56,0,5,0,0,5,4,31,26,0,61,0,0,0,61
11/09/2020,LFT,LA,ASW,CE,Combined TRACON& Tower with Radar,5,21,33,0,59,0,29,24,0,53,5,50,57,0,112,13,0,13,125
11/10/2020,LFT,LA,ASW,CE,Combined TRACON& Tower with Radar,12,19,32,9,72,0,11,23,2,36,12,30,55,11,108,8,0,8,116
11/11/2020,LFT,LA,ASW,CE,Combined TRACON& Tower with Radar,9,18,43,0,70,0,9,23,0,32,9,27,66,0,102,26,0,26,128
11/12/2020,LFT,LA,ASW,CE,Combined TRACON& Tower with Radar,9,23,30,4,66,0,27,39,0,66,9,50,69,4,132,0,0,0,132
11/13/2020,LFT,LA,ASW,CE,Combined TRACON& Tower with Radar,11,23,34,0,68,0,13,46,0,59,11,36,80,0,127,14,0,14,141
11/14/2020,LFT,LA,ASW,CE,Combined TRACON& Tower with Radar,9,20,24,0,53,0,17,27,0,44,9,37,51,0,97,8,0,8,105
11/15/2020,LFT,LA,ASW,CE,Combined TRACON& Tower with Radar,4,30,11,0,45,0,24,19,0,43,4,54,30,0,88,0,0,0,88
11/16/2020,LFT,LA,ASW,CE,Combined TRACON& Tower with Radar,5,22,26,0,53,0,32,27,0,59,5,54,53,0,112,0,0,0,112
11/17/2020,LFT,LA,ASW,CE,Combined TRACON& Tower with Radar,7,19,22,1,49,0,20,43,0,63,7,39,65,1,112,8,0,8,120
11/18/2020,LFT,LA,ASW,CE,Combined TRACON& Tower with Radar,8,25,40,10,83,0,38,52,6,96,8,63,92,16,179,8,0,8,187
11/19/2020,LFT,LA,ASW,CE,Combined TRACON& Tower with Radar,5,20,24,0,49,0,39,38,0,77,5,59,62,0,126,10,0,10,136
11/20/2020,LFT,LA,ASW,CE,Combined TRACON& Tower with Radar,7,25,37,1,70,0,26,48,0,74,7,51,85,1,144,12,0,12,156
11/21/2020,LFT,LA,ASW,CE,Combined TRACON& Tower with Radar,5,23,12,0,40,0,7,24,0,31,5,30,36,0,71,10,0,10,81
11/22/2020,LFT,LA,ASW,CE,Combined TRACON& Tower with Radar,4,25,20,0,49,0,13,27,0,40,4,38,47,0,89,0,0,0,89
11/23/2020,LFT,LA,ASW,CE,Combined TRACON& Tower with Radar,6,22,25,0,53,0,35,45,0,80,6,57,70,0,133,0,0,0,133
11/24/2020,LFT,LA,ASW,CE,Combined TRACON& Tower with Radar,9,22,30,0,61,0,25,26,0,51,9,47,56,0,112,12,0,12,124
11/25/2020,LFT,LA,ASW,CE,Combined TRACON& Tower with Radar,8,21,18,0,47,0,9,17,0,26,8,30,35,0,73,10,0,10,83
11/26/2020,LFT,LA,ASW,CE,Combined TRACON& Tower with Radar,0,13,8,0,21,0,14,1,0,15,0,27,9,0,36,2,0,2,38
11/27/2020,LFT,LA,ASW,CE,Combined TRACON& Tower with Radar,5,21,11,0,37,0,7,0,0,7,5,28,11,0,44,0,0,0,44
11/28/2020,LFT,LA,ASW,CE,Combined TRACON& Tower with Radar,5,30,11,0,46,0,0,0,0,0,5,30,11,0,46,0,0,0,46
11/29/2020,LFT,LA,ASW,CE,Combined TRACON& Tower with Radar,4,29,22,1,56,0,4,0,0,4,4,33,22,1,60,0,0,0,60
11/30/2020,LFT,LA,ASW,CE,Combined TRACON& Tower with Radar,6,21,17,0,44,0,19,18,0,37,6,40,35,0,81,0,0,0,81
12/01/2020,LFT,LA,ASW,CE,Combined TRACON& Tower with Radar,12,25,26,4,67,0,54,41,1,96,12,79,67,5,163,12,6,18,181
12/02/2020,LFT,LA,ASW,CE,Combined TRACON& Tower with Radar,10,19,19,0,48,0,18,12,2,32,10,37,31,2,80,6,0,6,86
12/03/2020,LFT,LA,ASW,CE,Combined TRACON& Tower with Radar,12,19,26,2,59,0,4,2,0,6,12,23,28,2,65,0,0,0,65
12/04/2020,LFT,LA,ASW,CE,Combined TRACON& Tower with Radar,12,17,35,0,64,0,45,26,3,74,12,62,61,3,138,22,0,22,160
12/05/2020,LFT,LA,ASW,CE,Combined TRACON& Tower with Radar,10,12,19,0,41,0,9,28,0,37,10,21,47,0,78,0,0,0,78
12/06/2020,LFT,LA,ASW,CE,Combined TRACON& Tower with Radar,8,19,29,0,56,0,9,16,0,25,8,28,45,0,81,22,0,22,103
12/07/2020,LFT,LA,ASW,CE,Combined TRACON& Tower with Radar,9,17,22,0,48,0,24,30,0,54,9,41,52,0,102,20,0,20,122
12/08/2020,LFT,LA,ASW,CE,Combined TRACON& Tower with Radar,11,20,38,1,70,0,38,42,2,82,11,58,80,3,152,36,0,36,188
12/09/2020,LFT,LA,ASW,CE,Combined TRACON& Tower with Radar,10,15,30,1,56,0,30,51,1,82,10,45,81,2,138,22,0,22,160
12/10/2020,LFT,LA,ASW,CE,Combined TRACON& Tower with Radar,15,17,42,13,87,0,41,34,5,80,15,58,76,18,167,16,10,26,193
12/11/2020,LFT,LA,ASW,CE,Combined TRACON& Tower with Radar,12,20,34,3,69,0,20,35,1,56,12,40,69,4,125,38,0,38,163
12/12/2020,LFT,LA,ASW,CE,Combined TRACON& Tower with Radar,10,14,24,0,48,0,0,7,0,7,10,14,31,0,55,54,0,54,109
12/13/2020,LFT,LA,ASW,CE,Combined TRACON& Tower with Radar,8,19,29,0,56,0,3,2,0,5,8,22,31,0,61,4,0,4,65
12/14/2020,LFT,LA,ASW,CE,Combined TRACON& Tower with Radar,9,17,13,0,39,0,13,5,0,18,9,30,18,0,57,62,0,62,119
12/15/2020,LFT,LA,ASW,CE,Combined TRACON& Tower with Radar,10,21,22,0,53,0,0,3,0,3,10,21,25,0,56,0,0,0,56
12/16/2020,LFT,LA,ASW,CE,Combined TRACON& Tower with Radar,11,16,25,0,52,0,27,6,0,33,11,43,31,0,85,24,0,24,109
12/17/2020,LFT,LA,ASW,CE,Combined TRACON& Tower with Radar,13,17,15,1,46,0,29,38,1,68,13,46,53,2,114,30,0,30,144
12/18/2020,LFT,LA,ASW,CE,Combined TRACON& Tower with Radar,15,28,25,2,70,0,36,45,0,81,15,64,70,2,151,18,0,18,169
12/19/2020,LFT,LA,ASW,CE,Combined TRACON& Tower with Radar,8,24,9,2,43,0,9,8,0,17,8,33,17,2,60,0,0,0,60
12/20/2020,LFT,LA,ASW,CE,Combined TRACON& Tower with Radar,6,24,20,0,50,0,14,9,0,23,6,38,29,0,73,16,0,16,89
12/21/2020,LFT,LA,ASW,CE,Combined TRACON& Tower with Radar,8,21,18,2,49,0,28,38,0,66,8,49,56,2,115,10,0,10,125
12/22/2020,LFT,LA,ASW,CE,Combined TRACON& Tower with Radar,13,28,20,0,61,0,26,39,0,65,13,54,59,0,126,0,0,0,126
12/23/2020,LFT,LA,ASW,CE,Combined TRACON& Tower with Radar,12,19,15,0,46,0,8,5,0,13,12,27,20,0,59,4,0,4,63
12/24/2020,LFT,LA,ASW,CE,Combined TRACON& Tower with Radar,11,14,4,0,29,0,12,3,0,15,11,26,7,0,44,0,0,0,44
12/25/2020,LFT,LA,ASW,CE,Combined TRACON& Tower with Radar,3,18,3,0,24,0,7,7,0,14,3,25,10,0,38,6,0,6,44
12/26/2020,LFT,LA,ASW,CE,Combined TRACON& Tower with Radar,8,23,24,0,55,0,8,29,0,37,8,31,53,0,92,0,0,0,92
12/27/2020,LFT,LA,ASW,CE,Combined TRACON& Tower with Radar,6,21,31,0,58,0,3,29,0,32,6,24,60,0,90,0,0,0,90
12/28/2020,LFT,LA,ASW,CE,Combined TRACON& Tower with Radar,7,23,43,0,73,0,10,28,0,38,7,33,71,0,111,6,0,6,117
12/29/2020,LFT,LA,ASW,CE,Combined TRACON& Tower with Radar,11,26,15,12,64,0,34,28,2,64,11,60,43,14,128,12,2,14,142
12/30/2020,LFT,LA,ASW,CE,Combined TRACON& Tower with Radar,10,23,34,0,67,0,13,5,0,18,10,36,39,0,85,0,0,0,85
12/31/2020,LFT,LA,ASW,CE,Combined TRACON& Tower with Radar,12,13,13,0,38,0,10,2,0,12,12,23,15,0,50,0,0,0,50
01/01/2021,LFT,LA,ASW,CE,Combined TRACON& Tower with Radar,5,13,8,0,26,0,10,18,0,28,5,23,26,0,54,0,0,0,54
01/02/2021,LFT,LA,ASW,CE,Combined TRACON& Tower with Radar,7,19,15,0,41,0,12,5,0,17,7,31,20,0,58,58,0,58,116
01/03/2021,LFT,LA,ASW,CE,Combined TRACON& Tower with Radar,6,23,26,0,55,0,16,27,0,43,6,39,53,0,98,0,0,0,98
01/04/2021,LFT,LA,ASW,CE,Combined TRACON& Tower with Radar,8,22,27,0,57,0,26,20,0,46,8,48,47,0,103,26,0,26,129
01/05/2021,LFT,LA,ASW,CE,Combined TRACON& Tower with Radar,12,12,21,8,53,0,35,40,0,75,12,47,61,8,128,48,0,48,176
01/06/2021,LFT,LA,ASW,CE,Combined TRACON& Tower with Radar,15,10,21,0,46,0,16,16,0,32,15,26,37,0,78,32,0,32,110
01/07/2021,LFT,LA,ASW,CE,Combined TRACON& Tower with Radar,14,10,19,5,48,0,23,1,0,24,14,33,20,5,72,0,0,0,72
01/08/2021,LFT,LA,ASW,CE,Combined TRACON& Tower with Radar,21,9,17,1,48,0,32,11,0,43,21,41,28,1,91,6,0,6,97
01/09/2021,LFT,LA,ASW,CE,Combined TRACON& Tower with Radar,9,7,11,0,27,0,8,26,0,34,9,15,37,0,61,5,0,5,66
01/10/2021,LFT,LA,ASW,CE,Combined TRACON& Tower with Radar,13,12,9,0,34,0,7,4,0,11,13,19,13,0,45,0,0,0,45
01/11/2021,LFT,LA,ASW,CE,Combined TRACON& Tower with Radar,12,17,12,0,41,0,2,0,0,2,12,19,12,0,43,0,0,0,43
01/12/2021,LFT,LA,ASW,CE,Combined TRACON& Tower with Radar,12,13,27,2,54,0,13,33,2,48,12,26,60,4,102,20,0,20,122
01/13/2021,LFT,LA,ASW,CE,Combined TRACON& Tower with Radar,15,14,13,12,54,0,12,25,1,38,15,26,38,13,92,12,0,12,104
01/14/2021,LFT,LA,ASW,CE,Combined TRACON& Tower with Radar,12,10,28,0,50,0,10,15,3,28,12,20,43,3,78,8,0,8,86
01/15/2021,LFT,LA,ASW,CE,Combined TRACON& Tower with Radar,20,8,16,1,45,0,14,21,1,36,20,22,37,2,81,20,0,20,101
01/16/2021,LFT,LA,ASW,CE,Combined TRACON& Tower with Radar,10,10,8,1,29,0,19,49,0,68,10,29,57,1,97,16,0,16,113
01/17/2021,LFT,LA,ASW,CE,Combined TRACON& Tower with Radar,13,9,21,1,44,0,11,12,0,23,13,20,33,1,67,6,0,6,73
01/18/2021,LFT,LA,ASW,CE,Combined TRACON& Tower with Radar,13,10,16,0,39,0,14,25,0,39,13,24,41,0,78,16,0,16,94
01/19/2021,LFT,LA,ASW,CE,Combined TRACON& Tower with Radar,11,16,15,4,46,0,18,46,0,64,11,34,61,4,110,12,0,12,122
01/20/2021,LFT,LA,ASW,CE,Combined TRACON& Tower with Radar,12,13,28,2,55,0,13,18,1,32,12,26,46,3,87,24,0,24,111
01/21/2021,LFT,LA,ASW,CE,Combined TRACON& Tower with Radar,17,10,10,0,37,0,38,8,0,46,17,48,18,0,83,10,0,10,93
01/22/2021,LFT,LA,ASW,CE,Combined TRACON& Tower with Radar,20,11,25,0,56,0,0,0,0,0,20,11,25,0,56,0,0,0,56
01/23/2021,LFT,LA,ASW,CE,Combined TRACON& Tower with Radar,10,6,13,0,29,0,0,1,0,1,10,6,14,0,30,0,0,0,30
01/24/2021,LFT,LA,ASW,CE,Combined TRACON& Tower with Radar,15,8,13,0,36,0,2,5,0,7,15,10,18,0,43,0,0,0,43
01/25/2021,LFT,LA,ASW,CE,Combined TRACON& Tower with Radar,13,13,16,0,42,0,4,0,0,4,13,17,16,0,46,0,0,0,46
01/26/2021,LFT,LA,ASW,CE,Combined TRACON& Tower with Radar,14,15,47,0,76,0,21,29,0,50,14,36,76,0,126,46,0,46,172
01/27/2021,LFT,LA,ASW,CE,Combined TRACON& Tower with Radar,15,12,22,2,51,0,20,24,0,44,15,32,46,2,95,8,0,8,103
01/28/2021,LFT,LA,ASW,CE,Combined TRACON& Tower with Radar,14,11,25,2,52,0,15,41,0,56,14,26,66,2,108,42,0,42,150
01/29/2021,LFT,LA,ASW,CE,Combined TRACON& Tower with Radar,20,11,27,8,66,0,37,50,1,88,20,48,77,9,154,0,0,0,154
01/30/2021,LFT,LA,ASW,CE,Combined TRACON& Tower with Radar,9,9,19,0,37,0,9,11,1,21,9,18,30,1,58,0,0,0,58
01/31/2021,LFT,LA,ASW,CE,Combined TRACON& Tower with Radar,14,16,17,3,50,0,10,18,0,28,14,26,35,3,78,0,0,0,78
02/01/2021,LFT,LA,ASW,CE,Combined TRACON& Tower with Radar,13,12,14,0,39,0,8,32,0,40,13,20,46,0,79,6,0,6,85
02/02/2021,LFT,LA,ASW,CE,Combined TRACON& Tower with Radar,12,13,15,2,42,0,38,27,0,65,12,51,42,2,107,0,4,4,111
02/03/2021,LFT,LA,ASW,CE,Combined TRACON& Tower with Radar,11,14,19,2,46,0,41,45,3,89,11,55,64,5,135,58,0,58,193
02/04/2021,LFT,LA,ASW,CE,Combined TRACON& Tower with Radar,13,10,20,0,43,0,38,18,0,56,13,48,38,0,99,10,0,10,109
02/05/2021,LFT,LA,ASW,CE,Combined TRACON& Tower with Radar,21,12,20,0,53,0,11,1,0,12,21,23,21,0,65,0,0,0,65
02/06/2021,LFT,LA,ASW,CE,Combined TRACON& Tower with Radar,10,15,10,0,35,0,6,0,0,6,10,21,10,0,41,0,0,0,41
02/07/2021,LFT,LA,ASW,CE,Combined TRACON& Tower with Radar,13,17,19,0,49,0,24,41,0,65,13,41,60,0,114,24,0,24,138
02/08/2021,LFT,LA,ASW,CE,Combined TRACON& Tower with Radar,13,14,37,0,64,0,35,21,0,56,13,49,58,0,120,70,0,70,190
02/09/2021,LFT,LA,ASW,CE,Combined TRACON& Tower with Radar,13,14,22,4,53,0,12,27,1,40,13,26,49,5,93,12,0,12,105
02/10/2021,LFT,LA,ASW,CE,Combined TRACON& Tower with Radar,12,14,22,0,48,0,0,6,0,6,12,14,28,0,54,0,0,0,54
02/11/2021,LFT,LA,ASW,CE,Combined TRACON& Tower with Radar,19,17,13,0,49,0,0,0,0,0,19,17,13,0,49,0,0,0,49
02/12/2021,LFT,LA,ASW,CE,Combined TRACON& Tower with Radar,19,16,20,0,55,0,0,0,0,0,19,16,20,0,55,0,0,0,55
02/13/2021,LFT,LA,ASW,CE,Combined TRACON& Tower with Radar,11,17,8,10,46,0,3,6,0,9,11,20,14,10,55,0,0,0,55
02/14/2021,LFT,LA,ASW,CE,Combined TRACON& Tower with Radar,6,7,9,2,24,0,9,0,1,10,6,16,9,3,34,0,0,0,34
02/15/2021,LFT,LA,ASW,CE,Combined TRACON& Tower with Radar,0,0,0,0,0,0,0,0,0,0,0,0,0,0,0,0,0,0,0
02/16/2021,LFT,LA,ASW,CE,Combined TRACON& Tower with Radar,3,2,9,0,14,0,19,11,0,30,3,21,20,0,44,0,0,0,44
02/17/2021,LFT,LA,ASW,CE,Combined TRACON& Tower with Radar,8,4,11,0,23,0,0,0,0,0,8,4,11,0,23,0,0,0,23
02/18/2021,LFT,LA,ASW,CE,Combined TRACON& Tower with Radar,12,9,9,0,30,0,0,0,0,0,12,9,9,0,30,0,0,0,30
02/19/2021,LFT,LA,ASW,CE,Combined TRACON& Tower with Radar,14,6,21,10,51,0,36,34,0,70,14,42,55,10,121,15,0,15,136
02/20/2021,LFT,LA,ASW,CE,Combined TRACON& Tower with Radar,11,16,36,0,63,0,25,33,0,58,11,41,69,0,121,0,0,0,121
02/21/2021,LFT,LA,ASW,CE,Combined TRACON& Tower with Radar,15,13,21,3,52,0,6,33,0,39,15,19,54,3,91,6,0,6,97
02/22/2021,LFT,LA,ASW,CE,Combined TRACON& Tower with Radar,12,16,15,2,45,0,19,38,0,57,12,35,53,2,102,10,0,10,112
02/23/2021,LFT,LA,ASW,CE,Combined TRACON& Tower with Radar,13,20,27,2,62,0,22,71,0,93,13,42,98,2,155,16,0,16,171
02/24/2021,LFT,LA,ASW,CE,Combined TRACON& Tower with Radar,11,16,42,5,74,0,45,29,0,74,11,61,71,5,148,26,0,26,174
02/25/2021,LFT,LA,ASW,CE,Combined TRACON& Tower with Radar,17,15,26,0,58,0,8,11,0,19,17,23,37,0,77,24,0,24,101
02/26/2021,LFT,LA,ASW,CE,Combined TRACON& Tower with Radar,20,16,34,13,83,0,7,22,2,31,20,23,56,15,114,16,0,16,130
02/27/2021,LFT,LA,ASW,CE,Combined TRACON& Tower with Radar,11,13,34,0,58,0,0,14,0,14,11,13,48,0,72,0,0,0,72
02/28/2021,LFT,LA,ASW,CE,Combined TRACON& Tower with Radar,13,13,24,5,55,0,15,3,0,18,13,28,27,5,73,0,0,0,73
03/01/2021,LFT,LA,ASW,CE,Combined TRACON& Tower with Radar,11,16,19,0,46,0,0,1,0,1,11,16,20,0,47,0,0,0,47
03/02/2021,LFT,LA,ASW,CE,Combined TRACON& Tower with Radar,10,15,9,0,34,0,3,1,0,4,10,18,10,0,38,0,0,0,38
03/03/2021,LFT,LA,ASW,CE,Combined TRACON& Tower with Radar,11,14,25,0,50,0,37,42,0,79,11,51,67,0,129,0,0,0,129
03/04/2021,LFT,LA,ASW,CE,Combined TRACON& Tower with Radar,18,15,32,7,72,0,29,48,0,77,18,44,80,7,149,8,0,8,157
03/05/2021,LFT,LA,ASW,CE,Combined TRACON& Tower with Radar,17,12,26,0,55,0,36,18,2,56,17,48,44,2,111,0,0,0,111
03/06/2021,LFT,LA,ASW,CE,Combined TRACON& Tower with Radar,12,15,20,2,49,0,15,40,0,55,12,30,60,2,104,6,0,6,110
03/07/2021,LFT,LA,ASW,CE,Combined TRACON& Tower with Radar,15,14,30,1,60,0,18,54,1,73,15,32,84,2,133,6,0,6,139
03/08/2021,LFT,LA,ASW,CE,Combined TRACON& Tower with Radar,18,11,27,0,56,0,23,33,0,56,18,34,60,0,112,40,0,40,152
03/09/2021,LFT,LA,ASW,CE,Combined TRACON& Tower with Radar,14,12,20,0,46,0,33,29,0,62,14,45,49,0,108,14,0,14,122
03/10/2021,LFT,LA,ASW,CE,Combined TRACON& Tower with Radar,13,10,38,3,64,0,38,20,0,58,13,48,58,3,122,20,0,20,142
03/11/2021,LFT,LA,ASW,CE,Combined TRACON& Tower with Radar,19,10,52,4,85,0,49,32,0,81,19,59,84,4,166,14,0,14,180
03/12/2021,LFT,LA,ASW,CE,Combined TRACON& Tower with Radar,17,16,26,0,59,0,10,16,0,26,17,26,42,0,85,30,0,30,115
03/13/2021,LFT,LA,ASW,CE,Combined TRACON& Tower with Radar,14,15,19,0,48,0,16,29,0,45,14,31,48,0,93,46,0,46,139
03/14/2021,LFT,LA,ASW,CE,Combined TRACON& Tower with Radar,14,15,31,0,60,0,7,8,0,15,14,22,39,0,75,0,0,0,75
03/15/2021,LFT,LA,ASW,CE,Combined TRACON& Tower with Radar,19,12,17,0,48,0,5,6,0,11,19,17,23,0,59,22,0,22,81
03/16/2021,LFT,LA,ASW,CE,Combined TRACON& Tower with Radar,16,18,16,2,52,0,8,8,0,16,16,26,24,2,68,6,0,6,74
03/17/2021,LFT,LA,ASW,CE,Combined TRACON& Tower with Radar,12,17,10,0,39,0,11,1,0,12,12,28,11,0,51,12,0,12,63
03/18/2021,LFT,LA,ASW,CE,Combined TRACON& Tower with Radar,18,14,34,0,66,0,44,33,3,80,18,58,67,3,146,0,0,0,146
03/19/2021,LFT,LA,ASW,CE,Combined TRACON& Tower with Radar,18,13,33,0,64,0,25,57,0,82,18,38,90,0,146,24,0,24,170
03/20/2021,LFT,LA,ASW,CE,Combined TRACON& Tower with Radar,16,13,17,2,48,0,5,34,0,39,16,18,51,2,87,0,0,0,87
03/21/2021,LFT,LA,ASW,CE,Combined TRACON& Tower with Radar,16,11,38,2,67,0,16,20,2,38,16,27,58,4,105,12,0,12,117
03/22/2021,LFT,LA,ASW,CE,Combined TRACON& Tower with Radar,19,14,37,8,78,0,34,28,0,62,19,48,65,8,140,12,0,12,152
03/23/2021,LFT,LA,ASW,CE,Combined TRACON& Tower with Radar,14,13,16,0,43,0,2,0,0,2,14,15,16,0,45,0,0,0,45
03/24/2021,LFT,LA,ASW,CE,Combined TRACON& Tower with Radar,15,14,11,0,40,0,7,1,0,8,15,21,12,0,48,0,0,0,48
03/25/2021,LFT,LA,ASW,CE,Combined TRACON& Tower with Radar,17,12,19,0,48,0,0,2,0,2,17,12,21,0,50,14,0,14,64
03/26/2021,LFT,LA,ASW,CE,Combined TRACON& Tower with Radar,17,14,46,3,80,0,9,16,1,26,17,23,62,4,106,36,0,36,142
03/27/2021,LFT,LA,ASW,CE,Combined TRACON& Tower with Radar,14,17,21,1,53,0,3,6,3,12,14,20,27,4,65,2,0,2,67
03/28/2021,LFT,LA,ASW,CE,Combined TRACON& Tower with Radar,15,13,18,0,46,0,13,2,0,15,15,26,20,0,61,0,0,0,61
03/29/2021,LFT,LA,ASW,CE,Combined TRACON& Tower with Radar,15,10,32,4,61,0,30,47,0,77,15,40,79,4,138,28,0,28,166
03/30/2021,LFT,LA,ASW,CE,Combined TRACON& Tower with Radar,13,25,23,0,61,0,2,10,0,12,13,27,33,0,73,0,0,0,73
03/31/2021,LFT,LA,ASW,CE,Combined TRACON& Tower with Radar,15,12,24,0,51,0,4,4,0,8,15,16,28,0,59,0,0,0,59
04/01/2021,LFT,LA,ASW,CE,Combined TRACON& Tower with Radar,19,11,31,1,62,0,23,33,1,57,19,34,64,2,119,0,0,0,119
04/02/2021,LFT,LA,ASW,CE,Combined TRACON& Tower with Radar,24,13,29,0,66,0,21,47,1,69,24,34,76,1,135,28,0,28,163
04/03/2021,LFT,LA,ASW,CE,Combined TRACON& Tower with Radar,13,16,11,0,40,0,14,22,1,37,13,30,33,1,77,42,0,42,119
04/04/2021,LFT,LA,ASW,CE,Combined TRACON& Tower with Radar,14,16,13,0,43,0,15,26,0,41,14,31,39,0,84,12,0,12,96
04/05/2021,LFT,LA,ASW,CE,Combined TRACON& Tower with Radar,17,17,32,6,72,0,26,46,0,72,17,43,78,6,144,8,0,8,152
04/06/2021,LFT,LA,ASW,CE,Combined TRACON& Tower with Radar,16,19,29,10,74,0,26,35,0,61,16,45,64,10,135,59,0,59,194
04/07/2021,LFT,LA,ASW,CE,Combined TRACON& Tower with Radar,13,21,20,1,55,0,13,1,0,14,13,34,21,1,69,0,0,0,69
04/08/2021,LFT,LA,ASW,CE,Combined TRACON& Tower with Radar,19,16,40,0,75,0,27,57,0,84,19,43,97,0,159,14,0,14,173
04/09/2021,LFT,LA,ASW,CE,Combined TRACON& Tower with Radar,16,21,33,0,70,0,3,15,0,18,16,24,48,0,88,34,0,34,122
04/10/2021,LFT,LA,ASW,CE,Combined TRACON& Tower with Radar,15,16,10,0,41,1,17,17,0,35,16,33,27,0,76,6,0,6,82
04/11/2021,LFT,LA,ASW,CE,Combined TRACON& Tower with Radar,15,15,20,0,50,0,17,48,0,65,15,32,68,0,115,36,0,36,151
04/12/2021,LFT,LA,ASW,CE,Combined TRACON& Tower with Radar,17,16,18,0,51,0,35,51,0,86,17,51,69,0,137,14,0,14,151
04/13/2021,LFT,LA,ASW,CE,Combined TRACON& Tower with Radar,21,16,13,0,50,0,2,1,0,3,21,18,14,0,53,0,0,0,53
04/14/2021,LFT,LA,ASW,CE,Combined TRACON& Tower with Radar,20,19,15,0,54,0,3,0,0,3,20,22,15,0,57,0,0,0,57
04/15/2021,LFT,LA,ASW,CE,Combined TRACON& Tower with Radar,19,16,30,0,65,0,5,4,0,9,19,21,34,0,74,30,0,30,104
04/16/2021,LFT,LA,ASW,CE,Combined TRACON& Tower with Radar,20,17,16,0,53,0,0,6,0,6,20,17,22,0,59,6,0,6,65
04/17/2021,LFT,LA,ASW,CE,Combined TRACON& Tower with Radar,15,14,19,0,48,0,3,0,0,3,15,17,19,0,51,0,0,0,51
04/18/2021,LFT,LA,ASW,CE,Combined TRACON& Tower with Radar,16,20,32,0,68,0,13,26,0,39,16,33,58,0,107,28,0,28,135
04/19/2021,LFT,LA,ASW,CE,Combined TRACON& Tower with Radar,17,18,16,0,51,0,31,44,0,75,17,49,60,0,126,38,0,38,164
04/20/2021,LFT,LA,ASW,CE,Combined TRACON& Tower with Radar,19,18,29,2,68,0,34,69,0,103,19,52,98,2,171,84,0,84,255
04/21/2021,LFT,LA,ASW,CE,Combined TRACON& Tower with Radar,19,14,36,2,71,0,39,40,1,80,19,53,76,3,151,2,0,2,153
04/22/2021,LFT,LA,ASW,CE,Combined TRACON& Tower with Radar,19,17,44,2,82,0,15,56,1,72,19,32,100,3,154,0,0,0,154
04/23/2021,LFT,LA,ASW,CE,Combined TRACON& Tower with Radar,17,17,12,0,46,0,11,10,0,21,17,28,22,0,67,10,0,10,77
04/24/2021,LFT,LA,ASW,CE,Combined TRACON& Tower with Radar,16,20,20,0,56,0,7,8,0,15,16,27,28,0,71,0,0,0,71
04/25/2021,LFT,LA,ASW,CE,Combined TRACON& Tower with Radar,14,10,22,0,46,0,6,31,0,37,14,16,53,0,83,20,0,20,103
04/26/2021,LFT,LA,ASW,CE,Combined TRACON& Tower with Radar,18,23,40,4,85,0,21,32,0,53,18,44,72,4,138,16,0,16,154
04/27/2021,LFT,LA,ASW,CE,Combined TRACON& Tower with Radar,23,25,26,0,74,0,8,14,0,22,23,33,40,0,96,4,0,4,100
04/28/2021,LFT,LA,ASW,CE,Combined TRACON& Tower with Radar,20,20,26,7,73,0,43,14,0,57,20,63,40,7,130,0,0,0,130
04/29/2021,LFT,LA,ASW,CE,Combined TRACON& Tower with Radar,19,19,34,21,93,0,20,26,5,51,19,39,60,26,144,26,25,51,195
04/30/2021,LFT,LA,ASW,CE,Combined TRACON& Tower with Radar,19,18,25,0,62,0,2,10,0,12,19,20,35,0,74,6,0,6,80
05/01/2021,LFT,LA,ASW,CE,Combined TRACON& Tower with Radar,15,16,20,1,52,0,17,25,0,42,15,33,45,1,94,28,0,28,122
05/02/2021,LFT,LA,ASW,CE,Combined TRACON& Tower with Radar,16,16,36,0,68,0,1,10,0,11,16,17,46,0,79,26,0,26,105
05/03/2021,LFT,LA,ASW,CE,Combined TRACON& Tower with Radar,15,15,27,4,61,0,11,8,0,19,15,26,35,4,80,0,0,0,80
05/04/2021,LFT,LA,ASW,CE,Combined TRACON& Tower with Radar,17,14,19,0,50,0,9,3,0,12,17,23,22,0,62,0,0,0,62
05/05/2021,LFT,LA,ASW,CE,Combined TRACON& Tower with Radar,20,19,46,9,94,0,16,21,0,37,20,35,67,9,131,0,0,0,131
05/06/2021,LFT,LA,ASW,CE,Combined TRACON& Tower with Radar,24,20,39,0,83,0,32,53,0,85,24,52,92,0,168,34,0,34,202
05/07/2021,LFT,LA,ASW,CE,Combined TRACON& Tower with Radar,22,20,33,0,75,0,39,55,0,94,22,59,88,0,169,62,0,62,231
05/08/2021,LFT,LA,ASW,CE,Combined TRACON& Tower with Radar,18,12,24,8,62,0,16,26,0,42,18,28,50,8,104,40,0,40,144
05/09/2021,LFT,LA,ASW,CE,Combined TRACON& Tower with Radar,18,15,21,0,54,0,12,8,0,20,18,27,29,0,74,4,0,4,78
05/10/2021,LFT,LA,ASW,CE,Combined TRACON& Tower with Radar,21,14,28,0,63,0,12,15,0,27,21,26,43,0,90,28,0,28,118
05/11/2021,LFT,LA,ASW,CE,Combined TRACON& Tower with Radar,18,11,23,0,52,0,17,6,0,23,18,28,29,0,75,6,0,6,81
05/12/2021,LFT,LA,ASW,CE,Combined TRACON& Tower with Radar,24,16,32,0,72,0,3,2,0,5,24,19,34,0,77,0,0,0,77
05/13/2021,LFT,LA,ASW,CE,Combined TRACON& Tower with Radar,22,16,33,2,73,0,37,37,0,74,22,53,70,2,147,54,0,54,201
05/14/2021,LFT,LA,ASW,CE,Combined TRACON& Tower with Radar,21,15,27,0,63,0,26,41,0,67,21,41,68,0,130,26,0,26,156
05/15/2021,LFT,LA,ASW,CE,Combined TRACON& Tower with Radar,17,13,28,4,62,0,15,44,0,59,17,28,72,4,121,38,0,38,159
05/16/2021,LFT,LA,ASW,CE,Combined TRACON& Tower with Radar,18,13,33,1,65,0,22,27,0,49,18,35,60,1,114,16,0,16,130
05/17/2021,LFT,LA,ASW,CE,Combined TRACON& Tower with Radar,16,9,14,0,39,0,8,0,0,8,16,17,14,0,47,4,0,4,51
05/18/2021,LFT,LA,ASW,CE,Combined TRACON& Tower with Radar,17,14,31,0,62,0,6,10,0,16,17,20,41,0,78,4,0,4,82
05/19/2021,LFT,LA,ASW,CE,Combined TRACON& Tower with Radar,22,16,33,0,71,0,8,5,0,13,22,24,38,0,84,8,0,8,92
05/20/2021,LFT,LA,ASW,CE,Combined TRACON& Tower with Radar,22,12,27,0,61,0,18,5,0,23,22,30,32,0,84,12,0,12,96
05/21/2021,LFT,LA,ASW,CE,Combined TRACON& Tower with Radar,20,16,36,0,72,0,6,9,0,15,20,22,45,0,87,14,0,14,101
05/22/2021,LFT,LA,ASW,CE,Combined TRACON& Tower with Radar,19,16,15,0,50,0,9,26,0,35,19,25,41,0,85,18,0,18,103
05/23/2021,LFT,LA,ASW,CE,Combined TRACON& Tower with Radar,21,21,38,0,80,0,22,22,1,45,21,43,60,1,125,6,0,6,131
05/24/2021,LFT,LA,ASW,CE,Combined TRACON& Tower with Radar,21,17,40,0,78,0,33,27,0,60,21,50,67,0,138,29,0,29,167
05/25/2021,LFT,LA,ASW,CE,Combined TRACON& Tower with Radar,19,18,35,2,74,0,49,47,0,96,19,67,82,2,170,24,0,24,194
05/26/2021,LFT,LA,ASW,CE,Combined TRACON& Tower with Radar,22,16,39,5,82,0,18,28,2,48,22,34,67,7,130,14,0,14,144
05/27/2021,LFT,LA,ASW,CE,Combined TRACON& Tower with Radar,20,12,36,2,70,0,33,45,0,78,20,45,81,2,148,36,0,36,184
05/28/2021,LFT,LA,ASW,CE,Combined TRACON& Tower with Radar,22,21,17,0,60,0,24,17,0,41,22,45,34,0,101,14,0,14,115
05/29/2021,LFT,LA,ASW,CE,Combined TRACON& Tower with Radar,18,14,20,1,53,0,6,14,0,20,18,20,34,1,73,0,0,0,73
05/30/2021,LFT,LA,ASW,CE,Combined TRACON& Tower with Radar,17,16,22,1,56,0,9,37,0,46,17,25,59,1,102,0,0,0,102
05/31/2021,LFT,LA,ASW,CE,Combined TRACON& Tower with Radar,18,17,20,0,55,0,16,40,0,56,18,33,60,0,111,0,0,0,111
06/01/2021,LFT,LA,ASW,CE,Combined TRACON& Tower with Radar,20,20,24,8,72,0,38,16,0,54,20,58,40,8,126,34,0,34,160
06/02/2021,LFT,LA,ASW,CE,Combined TRACON& Tower with Radar,20,13,25,0,58,0,16,13,0,29,20,29,38,0,87,26,0,26,113
06/03/2021,LFT,LA,ASW,CE,Combined TRACON& Tower with Radar,19,18,31,0,68,0,31,6,0,37,19,49,37,0,105,34,0,34,139
06/04/2021,LFT,LA,ASW,CE,Combined TRACON& Tower with Radar,21,13,18,0,52,0,12,11,0,23,21,25,29,0,75,10,0,10,85
06/05/2021,LFT,LA,ASW,CE,Combined TRACON& Tower with Radar,14,18,14,0,46,0,10,0,0,10,14,28,14,0,56,1,0,1,57
06/06/2021,LFT,LA,ASW,CE,Combined TRACON& Tower with Radar,18,12,14,0,44,0,2,8,0,10,18,14,22,0,54,0,0,0,54
06/07/2021,LFT,LA,ASW,CE,Combined TRACON& Tower with Radar,17,16,37,7,77,0,34,14,1,49,17,50,51,8,126,0,0,0,126
06/08/2021,LFT,LA,ASW,CE,Combined TRACON& Tower with Radar,20,17,19,0,56,0,33,21,0,54,20,50,40,0,110,8,0,8,118
06/09/2021,LFT,LA,ASW,CE,Combined TRACON& Tower with Radar,21,16,27,1,65,0,42,33,0,75,21,58,60,1,140,46,0,46,186
06/10/2021,LFT,LA,ASW,CE,Combined TRACON& Tower with Radar,22,18,30,0,70,0,26,42,1,69,22,44,72,1,139,34,0,34,173
06/11/2021,LFT,LA,ASW,CE,Combined TRACON& Tower with Radar,20,17,31,22,90,0,23,34,1,58,20,40,65,23,148,16,2,18,166
06/12/2021,LFT,LA,ASW,CE,Combined TRACON& Tower with Radar,14,18,16,0,48,0,16,18,1,35,14,34,34,1,83,0,0,0,83
06/13/2021,LFT,LA,ASW,CE,Combined TRACON& Tower with Radar,17,20,23,0,60,0,14,22,0,36,17,34,45,0,96,6,0,6,102
06/14/2021,LFT,LA,ASW,CE,Combined TRACON& Tower with Radar,18,15,26,2,61,0,29,42,0,71,18,44,68,2,132,2,0,2,134
06/15/2021,LFT,LA,ASW,CE,Combined TRACON& Tower with Radar,19,13,28,0,60,0,30,30,0,60,19,43,58,0,120,28,0,28,148
06/16/2021,LFT,LA,ASW,CE,Combined TRACON& Tower with Radar,20,25,41,0,86,0,30,49,0,79,20,55,90,0,165,12,0,12,177
06/17/2021,LFT,LA,ASW,CE,Combined TRACON& Tower with Radar,19,18,38,15,90,0,27,36,1,64,19,45,74,16,154,6,0,6,160
06/18/2021,LFT,LA,ASW,CE,Combined TRACON& Tower with Radar,20,21,31,0,72,0,12,17,0,29,20,33,48,0,101,2,0,2,103
06/19/2021,LFT,LA,ASW,CE,Combined TRACON& Tower with Radar,14,19,13,0,46,0,11,10,0,21,14,30,23,0,67,0,0,0,67
06/20/2021,LFT,LA,ASW,CE,Combined TRACON& Tower with Radar,17,15,20,0,52,0,10,4,0,14,17,25,24,0,66,0,0,0,66
06/21/2021,LFT,LA,ASW,CE,Combined TRACON& Tower with Radar,15,13,39,0,67,0,9,9,1,19,15,22,48,1,86,54,0,54,140
06/22/2021,LFT,LA,ASW,CE,Combined TRACON& Tower with Radar,21,16,24,0,61,0,7,7,0,14,21,23,31,0,75,46,0,46,121
06/23/2021,LFT,LA,ASW,CE,Combined TRACON& Tower with Radar,21,18,32,0,71,0,38,12,0,50,21,56,44,0,121,14,0,14,135
06/24/2021,LFT,LA,ASW,CE,Combined TRACON& Tower with Radar,17,28,25,0,70,0,20,26,0,46,17,48,51,0,116,10,0,10,126
06/25/2021,LFT,LA,ASW,CE,Combined TRACON& Tower with Radar,24,16,31,0,71,0,31,17,1,49,24,47,48,1,120,28,0,28,148
06/26/2021,LFT,LA,ASW,CE,Combined TRACON& Tower with Radar,14,16,14,0,44,0,9,11,0,20,14,25,25,0,64,2,0,2,66
06/27/2021,LFT,LA,ASW,CE,Combined TRACON& Tower with Radar,17,13,46,0,76,0,10,19,0,29,17,23,65,0,105,12,0,12,117
06/28/2021,LFT,LA,ASW,CE,Combined TRACON& Tower with Radar,19,17,25,0,61,0,8,27,0,35,19,25,52,0,96,16,0,16,112
06/29/2021,LFT,LA,ASW,CE,Combined TRACON& Tower with Radar,20,25,36,0,81,0,33,37,0,70,20,58,73,0,151,22,0,22,173
06/30/2021,LFT,LA,ASW,CE,Combined TRACON& Tower with Radar,18,24,35,0,77,0,40,18,1,59,18,64,53,1,136,76,0,76,212
07/01/2021,LFT,LA,ASW,CE,Combined TRACON& Tower with Radar,17,17,34,1,69,0,38,37,0,75,17,55,71,1,144,58,0,58,202
07/02/2021,LFT,LA,ASW,CE,Combined TRACON& Tower with Radar,16,14,36,0,66,0,24,16,0,40,16,38,52,0,106,62,0,62,168
07/03/2021,LFT,LA,ASW,CE,Combined TRACON& Tower with Radar,12,20,23,0,55,0,3,5,0,8,12,23,28,0,63,0,0,0,63
07/04/2021,LFT,LA,ASW,CE,Combined TRACON& Tower with Radar,10,13,12,0,35,0,15,16,0,31,10,28,28,0,66,0,0,0,66
07/05/2021,LFT,LA,ASW,CE,Combined TRACON& Tower with Radar,16,23,27,0,66,0,7,22,0,29,16,30,49,0,95,12,0,12,107
07/06/2021,LFT,LA,ASW,CE,Combined TRACON& Tower with Radar,20,16,17,0,53,0,11,10,0,21,20,27,27,0,74,16,0,16,90
07/07/2021,LFT,LA,ASW,CE,Combined TRACON& Tower with Radar,20,18,29,23,90,0,18,23,18,59,20,36,52,41,149,28,11,39,188
07/08/2021,LFT,LA,ASW,CE,Combined TRACON& Tower with Radar,18,21,29,1,69,0,34,17,0,51,18,55,46,1,120,20,0,20,140
07/09/2021,LFT,LA,ASW,CE,Combined TRACON& Tower with Radar,13,19,39,0,71,0,19,29,0,48,13,38,68,0,119,22,0,22,141
07/10/2021,LFT,LA,ASW,CE,Combined TRACON& Tower with Radar,12,16,32,0,60,0,18,12,0,30,12,34,44,0,90,4,0,4,94
07/11/2021,LFT,LA,ASW,CE,Combined TRACON& Tower with Radar,13,20,24,0,57,0,13,14,0,27,13,33,38,0,84,34,0,34,118
07/12/2021,LFT,LA,ASW,CE,Combined TRACON& Tower with Radar,16,18,22,0,56,0,28,15,0,43,16,46,37,0,99,6,0,6,105
07/13/2021,LFT,LA,ASW,CE,Combined TRACON& Tower with Radar,17,21,54,2,94,0,43,31,0,74,17,64,85,2,168,24,0,24,192
07/14/2021,LFT,LA,ASW,CE,Combined TRACON& Tower with Radar,15,23,28,0,66,0,37,44,0,81,15,60,72,0,147,14,0,14,161
07/15/2021,LFT,LA,ASW,CE,Combined TRACON& Tower with Radar,17,16,30,0,63,0,28,25,0,53,17,44,55,0,116,34,0,34,150
07/16/2021,LFT,LA,ASW,CE,Combined TRACON& Tower with Radar,17,16,18,4,55,0,20,22,0,42,17,36,40,4,97,102,0,102,199
07/17/2021,LFT,LA,ASW,CE,Combined TRACON& Tower with Radar,14,19,23,0,56,0,14,17,0,31,14,33,40,0,87,22,0,22,109
07/18/2021,LFT,LA,ASW,CE,Combined TRACON& Tower with Radar,15,22,27,2,66,0,16,17,1,34,15,38,44,3,100,12,0,12,112
07/19/2021,LFT,LA,ASW,CE,Combined TRACON& Tower with Radar,18,18,14,0,50,0,25,10,0,35,18,43,24,0,85,66,0,66,151
07/20/2021,LFT,LA,ASW,CE,Combined TRACON& Tower with Radar,19,19,21,0,59,0,18,7,0,25,19,37,28,0,84,40,0,40,124
07/21/2021,LFT,LA,ASW,CE,Combined TRACON& Tower with Radar,21,19,25,0,65,0,29,24,0,53,21,48,49,0,118,122,0,122,240
07/22/2021,LFT,LA,ASW,CE,Combined TRACON& Tower with Radar,18,17,36,0,71,0,40,24,1,65,18,57,60,1,136,72,0,72,208
07/23/2021,LFT,LA,ASW,CE,Combined TRACON& Tower with Radar,17,20,19,0,56,0,22,27,0,49,17,42,46,0,105,68,0,68,173
07/24/2021,LFT,LA,ASW,CE,Combined TRACON& Tower with Radar,11,16,16,2,45,0,18,29,0,47,11,34,45,2,92,38,0,38,130
07/25/2021,LFT,LA,ASW,CE,Combined TRACON& Tower with Radar,15,16,20,4,55,0,17,29,0,46,15,33,49,4,101,18,0,18,119
07/26/2021,LFT,LA,ASW,CE,Combined TRACON& Tower with Radar,16,15,25,2,58,0,22,29,0,51,16,37,54,2,109,50,0,50,159
07/27/2021,LFT,LA,ASW,CE,Combined TRACON& Tower with Radar,17,19,37,1,74,0,36,35,1,72,17,55,72,2,146,10,0,10,156
07/28/2021,LFT,LA,ASW,CE,Combined TRACON& Tower with Radar,16,17,26,0,59,0,36,31,0,67,16,53,57,0,126,34,0,34,160
07/29/2021,LFT,LA,ASW,CE,Combined TRACON& Tower with Radar,18,15,35,6,74,0,31,12,0,43,18,46,47,6,117,28,0,28,145
07/30/2021,LFT,LA,ASW,CE,Combined TRACON& Tower with Radar,17,19,30,0,66,0,39,40,0,79,17,58,70,0,145,84,0,84,229
07/31/2021,LFT,LA,ASW,CE,Combined TRACON& Tower with Radar,12,17,13,0,42,0,14,23,0,37,12,31,36,0,79,16,0,16,95
08/01/2021,LFT,LA,ASW,CE,Combined TRACON& Tower with Radar,15,21,17,0,53,0,14,18,0,32,15,35,35,0,85,14,0,14,99
08/02/2021,LFT,LA,ASW,CE,Combined TRACON& Tower with Radar,14,20,9,0,43,0,16,11,0,27,14,36,20,0,70,0,0,0,70
08/03/2021,LFT,LA,ASW,CE,Combined TRACON& Tower with Radar,13,20,12,0,45,0,15,11,0,26,13,35,23,0,71,14,0,14,85
08/04/2021,LFT,LA,ASW,CE,Combined TRACON& Tower with Radar,13,20,24,1,58,0,25,41,1,67,13,45,65,2,125,86,0,86,211
08/05/2021,LFT,LA,ASW,CE,Combined TRACON& Tower with Radar,17,16,25,0,58,0,28,33,0,61,17,44,58,0,119,10,0,10,129
08/06/2021,LFT,LA,ASW,CE,Combined TRACON& Tower with Radar,16,16,16,0,48,0,15,24,0,39,16,31,40,0,87,74,0,74,161
08/07/2021,LFT,LA,ASW,CE,Combined TRACON& Tower with Radar,14,16,20,2,52,0,19,43,0,62,14,35,63,2,114,50,0,50,164
08/08/2021,LFT,LA,ASW,CE,Combined TRACON& Tower with Radar,14,17,31,1,63,0,22,20,0,42,14,39,51,1,105,30,0,30,135
08/09/2021,LFT,LA,ASW,CE,Combined TRACON& Tower with Radar,16,16,25,2,59,0,32,30,0,62,16,48,55,2,121,52,0,52,173
08/10/2021,LFT,LA,ASW,CE,Combined TRACON& Tower with Radar,15,18,26,2,61,0,32,28,2,62,15,50,54,4,123,60,0,60,183
08/11/2021,LFT,LA,ASW,CE,Combined TRACON& Tower with Radar,18,16,15,0,49,0,24,29,0,53,18,40,44,0,102,0,0,0,102
08/12/2021,LFT,LA,ASW,CE,Combined TRACON& Tower with Radar,19,13,26,0,58,0,25,16,0,41,19,38,42,0,99,54,0,54,153
08/13/2021,LFT,LA,ASW,CE,Combined TRACON& Tower with Radar,17,16,21,2,56,0,26,22,0,48,17,42,43,2,104,22,0,22,126
08/14/2021,LFT,LA,ASW,CE,Combined TRACON& Tower with Radar,11,14,19,0,44,0,19,31,0,50,11,33,50,0,94,50,0,50,144
08/15/2021,LFT,LA,ASW,CE,Combined TRACON& Tower with Radar,13,15,17,0,45,0,16,14,0,30,13,31,31,0,75,20,0,20,95
08/16/2021,LFT,LA,ASW,CE,Combined TRACON& Tower with Radar,17,21,22,0,60,0,23,11,0,34,17,44,33,0,94,4,0,4,98
08/17/2021,LFT,LA,ASW,CE,Combined TRACON& Tower with Radar,14,16,21,0,51,0,24,20,0,44,14,40,41,0,95,18,0,18,113
08/18/2021,LFT,LA,ASW,CE,Combined TRACON& Tower with Radar,18,13,26,0,57,0,28,23,0,51,18,41,49,0,108,44,0,44,152
08/19/2021,LFT,LA,ASW,CE,Combined TRACON& Tower with Radar,18,16,26,6,66,0,32,21,0,53,18,48,47,6,119,8,0,8,127
08/20/2021,LFT,LA,ASW,CE,Combined TRACON& Tower with Radar,18,20,15,2,55,0,33,31,1,65,18,53,46,3,120,38,0,38,158
08/21/2021,LFT,LA,ASW,CE,Combined TRACON& Tower with Radar,17,12,21,0,50,0,13,34,0,47,17,25,55,0,97,38,0,38,135
08/22/2021,LFT,LA,ASW,CE,Combined TRACON& Tower with Radar,15,15,24,0,54,0,18,26,0,44,15,33,50,0,98,36,0,36,134
08/23/2021,LFT,LA,ASW,CE,Combined TRACON& Tower with Radar,16,16,18,2,52,0,20,37,0,57,16,36,55,2,109,20,0,20,129
08/24/2021,LFT,LA,ASW,CE,Combined TRACON& Tower with Radar,16,12,29,0,57,0,30,18,0,48,16,42,47,0,105,20,0,20,125
08/25/2021,LFT,LA,ASW,CE,Combined TRACON& Tower with Radar,15,21,29,2,67,0,24,39,0,63,15,45,68,2,130,52,0,52,182
08/26/2021,LFT,LA,ASW,CE,Combined TRACON& Tower with Radar,18,16,27,0,61,0,17,15,0,32,18,33,42,0,93,10,0,10,103
08/27/2021,LFT,LA,ASW,CE,Combined TRACON& Tower with Radar,18,19,39,0,76,0,24,32,0,56,18,43,71,0,132,70,0,70,202
08/28/2021,LFT,LA,ASW,CE,Combined TRACON& Tower with Radar,16,13,27,1,57,0,25,11,2,38,16,38,38,3,95,4,0,4,99
08/29/2021,LFT,LA,ASW,CE,Combined TRACON& Tower with Radar,16,13,27,1,57,0,25,11,2,38,16,38,38,3,95,4,0,4,99
08/30/2021,LFT,LA,ASW,CE,Combined TRACON& Tower with Radar,11,10,31,0,52,0,51,35,0,86,11,61,66,0,138,0,0,0,138
08/31/2021,LFT,LA,ASW,CE,Combined TRACON& Tower with Radar,19,24,25,2,70,0,83,55,3,141,19,107,80,5,211,8,0,8,219
09/01/2021,LFT,LA,ASW,CE,Combined TRACON& Tower with Radar,21,25,20,1,67,0,68,31,5,104,21,93,51,6,171,0,0,0,171
09/02/2021,LFT,LA,ASW,CE,Combined TRACON& Tower with Radar,17,25,34,0,76,0,81,47,4,132,17,106,81,4,208,28,0,28,236
09/03/2021,LFT,LA,ASW,CE,Combined TRACON& Tower with Radar,19,31,33,0,83,0,78,45,0,123,19,109,78,0,206,18,0,18,224
09/04/2021,LFT,LA,ASW,CE,Combined TRACON& Tower with Radar,15,17,25,0,57,0,64,33,1,98,15,81,58,1,155,24,0,24,179
09/05/2021,LFT,LA,ASW,CE,Combined TRACON& Tower with Radar,15,22,21,0,58,0,58,17,0,75,15,80,38,0,133,0,0,0,133
09/06/2021,LFT,LA,ASW,CE,Combined TRACON& Tower with Radar,13,33,28,0,74,0,15,13,0,28,13,48,41,0,102,0,0,0,102
09/07/2021,LFT,LA,ASW,CE,Combined TRACON& Tower with Radar,16,28,20,0,64,0,52,14,1,67,16,80,34,1,131,0,2,2,133
09/08/2021,LFT,LA,ASW,CE,Combined TRACON& Tower with Radar,19,42,34,0,95,0,40,25,0,65,19,82,59,0,160,18,0,18,178
09/09/2021,LFT,LA,ASW,CE,Combined TRACON& Tower with Radar,19,37,42,0,98,0,53,49,1,103,19,90,91,1,201,24,0,24,225
09/10/2021,LFT,LA,ASW,CE,Combined TRACON& Tower with Radar,16,31,22,0,69,0,62,38,0,100,16,93,60,0,169,28,0,28,197
09/11/2021,LFT,LA,ASW,CE,Combined TRACON& Tower with Radar,16,18,20,0,54,0,29,53,0,82,16,47,73,0,136,68,0,68,204
09/12/2021,LFT,LA,ASW,CE,Combined TRACON& Tower with Radar,16,22,21,0,59,0,31,14,0,45,16,53,35,0,104,40,0,40,144
09/13/2021,LFT,LA,ASW,CE,Combined TRACON& Tower with Radar,20,21,8,0,49,0,28,5,0,33,20,49,13,0,82,0,0,0,82
09/14/2021,LFT,LA,ASW,CE,Combined TRACON& Tower with Radar,18,23,4,0,45,0,1,0,0,1,18,24,4,0,46,0,0,0,46
09/15/2021,LFT,LA,ASW,CE,Combined TRACON& Tower with Radar,20,48,14,1,83,0,36,3,0,39,20,84,17,1,122,0,0,0,122
09/16/2021,LFT,LA,ASW,CE,Combined TRACON& Tower with Radar,22,54,27,0,103,0,40,7,0,47,22,94,34,0,150,6,0,6,156
09/17/2021,LFT,LA,ASW,CE,Combined TRACON& Tower with Radar,21,27,26,0,74,0,51,11,0,62,21,78,37,0,136,0,0,0,136
09/18/2021,LFT,LA,ASW,CE,Combined TRACON& Tower with Radar,17,30,14,0,61,0,19,9,0,28,17,49,23,0,89,4,0,4,93
09/19/2021,LFT,LA,ASW,CE,Combined TRACON& Tower with Radar,17,29,25,0,71,0,18,12,0,30,17,47,37,0,101,0,0,0,101
09/20/2021,LFT,LA,ASW,CE,Combined TRACON& Tower with Radar,18,31,22,0,71,0,56,27,0,83,18,87,49,0,154,30,0,30,184
09/21/2021,LFT,LA,ASW,CE,Combined TRACON& Tower with Radar,20,31,38,9,98,0,62,24,0,86,20,93,62,9,184,12,0,12,196
09/22/2021,LFT,LA,ASW,CE,Combined TRACON& Tower with Radar,18,42,15,0,75,0,46,22,0,68,18,88,37,0,143,0,0,0,143
09/23/2021,LFT,LA,ASW,CE,Combined TRACON& Tower with Radar,20,43,24,2,89,0,63,53,0,116,20,106,77,2,205,32,0,32,237
09/24/2021,LFT,LA,ASW,CE,Combined TRACON& Tower with Radar,22,34,33,9,98,0,60,62,0,122,22,94,95,9,220,48,0,48,268
09/25/2021,LFT,LA,ASW,CE,Combined TRACON& Tower with Radar,18,18,24,0,60,0,37,58,0,95,18,55,82,0,155,40,0,40,195
09/26/2021,LFT,LA,ASW,CE,Combined TRACON& Tower with Radar,17,25,32,0,74,0,22,28,0,50,17,47,60,0,124,28,0,28,152
09/27/2021,LFT,LA,ASW,CE,Combined TRACON& Tower with Radar,19,39,20,0,78,0,24,18,1,43,19,63,38,1,121,4,0,4,125
09/28/2021,LFT,LA,ASW,CE,Combined TRACON& Tower with Radar,18,29,11,0,58,0,6,6,0,12,18,35,17,0,70,10,0,10,80
09/29/2021,LFT,LA,ASW,CE,Combined TRACON& Tower with Radar,22,34,24,0,80,0,9,9,0,18,22,43,33,0,98,8,0,8,106
09/30/2021,LFT,LA,ASW,CE,Combined TRACON& Tower with Radar,20,45,30,0,95,0,45,2,0,47,20,90,32,0,142,16,0,16,158
10/01/2021,LFT,LA,ASW,CE,Combined TRACON& Tower with Radar,21,32,41,0,94,0,12,5,0,17,21,44,46,0,111,0,0,0,111
10/02/2021,LFT,LA,ASW,CE,Combined TRACON& Tower with Radar,18,19,14,2,53,0,6,6,0,12,18,25,20,2,65,0,0,0,65
10/03/2021,LFT,LA,ASW,CE,Combined TRACON& Tower with Radar,17,29,24,0,70,0,20,8,0,28,17,49,32,0,98,0,0,0,98
10/04/2021,LFT,LA,ASW,CE,Combined TRACON& Tower with Radar,20,32,26,1,79,0,39,30,0,69,20,71,56,1,148,0,0,0,148
10/05/2021,LFT,LA,ASW,CE,Combined TRACON& Tower with Radar,18,33,27,4,82,0,44,41,0,85,18,77,68,4,167,20,0,20,187
10/06/2021,LFT,LA,ASW,CE,Combined TRACON& Tower with Radar,21,41,29,2,93,0,59,29,0,88,21,100,58,2,181,0,0,0,181
10/07/2021,LFT,LA,ASW,CE,Combined TRACON& Tower with Radar,18,40,38,4,100,0,41,44,0,85,18,81,82,4,185,47,0,47,232
10/08/2021,LFT,LA,ASW,CE,Combined TRACON& Tower with Radar,18,35,20,0,73,0,58,45,1,104,18,93,65,1,177,8,0,8,185
10/09/2021,LFT,LA,ASW,CE,Combined TRACON& Tower with Radar,14,18,22,1,55,0,29,34,0,63,14,47,56,1,118,32,0,32,150
10/10/2021,LFT,LA,ASW,CE,Combined TRACON& Tower with Radar,15,31,34,8,88,0,25,34,0,59,15,56,68,8,147,8,0,8,155
10/11/2021,LFT,LA,ASW,CE,Combined TRACON& Tower with Radar,13,43,26,0,82,0,22,24,1,47,13,65,50,1,129,0,0,0,129
10/12/2021,LFT,LA,ASW,CE,Combined TRACON& Tower with Radar,13,42,24,2,81,0,41,13,0,54,13,83,37,2,135,19,0,19,154
10/13/2021,LFT,LA,ASW,CE,Combined TRACON& Tower with Radar,14,51,30,0,95,0,62,19,0,81,14,113,49,0,176,14,0,14,190
10/14/2021,LFT,LA,ASW,CE,Combined TRACON& Tower with Radar,14,61,26,4,105,0,57,26,0,83,14,118,52,4,188,26,2,28,216
10/15/2021,LFT,LA,ASW,CE,Combined TRACON& Tower with Radar,19,33,40,11,103,0,42,29,3,74,19,75,69,14,177,12,8,20,197
10/16/2021,LFT,LA,ASW,CE,Combined TRACON& Tower with Radar,11,18,14,6,49,0,22,14,1,37,11,40,28,7,86,6,0,6,92
10/17/2021,LFT,LA,ASW,CE,Combined TRACON& Tower with Radar,14,33,28,10,85,0,21,14,0,35,14,54,42,10,120,6,0,6,126
10/18/2021,LFT,LA,ASW,CE,Combined TRACON& Tower with Radar,11,37,29,1,78,0,42,24,2,68,11,79,53,3,146,27,0,27,173
10/19/2021,LFT,LA,ASW,CE,Combined TRACON& Tower with Radar,12,35,31,0,78,0,50,33,1,84,12,85,64,1,162,43,0,43,205
10/20/2021,LFT,LA,ASW,CE,Combined TRACON& Tower with Radar,14,47,21,0,82,0,19,10,2,31,14,66,31,2,113,6,0,6,119
10/21/2021,LFT,LA,ASW,CE,Combined TRACON& Tower with Radar,16,44,29,0,89,0,32,9,0,41,16,76,38,0,130,20,0,20,150
10/22/2021,LFT,LA,ASW,CE,Combined TRACON& Tower with Radar,14,49,33,2,98,0,32,50,0,82,14,81,83,2,180,38,0,38,218
10/23/2021,LFT,LA,ASW,CE,Combined TRACON& Tower with Radar,9,34,25,0,68,0,20,22,0,42,9,54,47,0,110,12,0,12,122
10/24/2021,LFT,LA,ASW,CE,Combined TRACON& Tower with Radar,12,29,20,0,61,0,39,9,0,48,12,68,29,0,109,29,0,29,138
10/25/2021,LFT,LA,ASW,CE,Combined TRACON& Tower with Radar,14,36,39,0,89,0,42,26,0,68,14,78,65,0,157,17,0,17,174
10/26/2021,LFT,LA,ASW,CE,Combined TRACON& Tower with Radar,12,36,37,2,87,0,48,29,0,77,12,84,66,2,164,0,0,0,164
10/27/2021,LFT,LA,ASW,CE,Combined TRACON& Tower with Radar,13,38,18,0,69,0,6,0,0,6,13,44,18,0,75,0,0,0,75
10/28/2021,LFT,LA,ASW,CE,Combined TRACON& Tower with Radar,20,33,27,0,80,0,43,11,1,55,20,76,38,1,135,18,0,18,153
10/29/2021,LFT,LA,ASW,CE,Combined TRACON& Tower with Radar,14,24,28,2,68,0,32,12,0,44,14,56,40,2,112,0,0,0,112
10/30/2021,LFT,LA,ASW,CE,Combined TRACON& Tower with Radar,12,24,31,0,67,0,33,45,1,79,12,57,76,1,146,16,0,16,162
10/31/2021,LFT,LA,ASW,CE,Combined TRACON& Tower with Radar,10,20,21,2,53,0,16,34,0,50,10,36,55,2,103,29,0,29,132
11/01/2021,LFT,LA,ASW,CE,Combined TRACON& Tower with Radar,12,24,30,4,70,0,28,38,0,66,12,52,68,4,136,20,0,20,156
11/02/2021,LFT,LA,ASW,CE,Combined TRACON& Tower with Radar,8,38,32,0,78,0,46,36,0,82,8,84,68,0,160,14,0,14,174
11/03/2021,LFT,LA,ASW,CE,Combined TRACON& Tower with Radar,10,38,23,8,79,0,36,24,0,60,10,74,47,8,139,76,0,76,215
11/04/2021,LFT,LA,ASW,CE,Combined TRACON& Tower with Radar,11,50,42,1,104,0,12,3,1,16,11,62,45,2,120,6,0,6,126
11/05/2021,LFT,LA,ASW,CE,Combined TRACON& Tower with Radar,8,43,59,6,116,0,12,23,1,36,8,55,82,7,152,0,0,0,152
11/06/2021,LFT,LA,ASW,CE,Combined TRACON& Tower with Radar,13,17,14,0,44,0,12,10,0,22,13,29,24,0,66,16,0,16,82
11/07/2021,LFT,LA,ASW,CE,Combined TRACON& Tower with Radar,13,21,37,0,71,0,16,25,0,41,13,37,62,0,112,6,0,6,118
11/08/2021,LFT,LA,ASW,CE,Combined TRACON& Tower with Radar,14,26,29,0,69,0,32,42,0,74,14,58,71,0,143,0,0,0,143
11/09/2021,LFT,LA,ASW,CE,Combined TRACON& Tower with Radar,12,24,31,2,69,0,47,31,0,78,12,71,62,2,147,14,0,14,161
11/10/2021,LFT,LA,ASW,CE,Combined TRACON& Tower with Radar,14,27,39,0,80,0,26,23,0,49,14,53,62,0,129,18,0,18,147
11/11/2021,LFT,LA,ASW,CE,Combined TRACON& Tower with Radar,14,46,28,0,88,0,17,29,0,46,14,63,57,0,134,8,0,8,142
11/12/2021,LFT,LA,ASW,CE,Combined TRACON& Tower with Radar,17,22,30,26,95,0,21,27,0,48,17,43,57,26,143,0,6,6,149
11/13/2021,LFT,LA,ASW,CE,Combined TRACON& Tower with Radar,12,15,10,0,37,0,11,40,0,51,12,26,50,0,88,20,0,20,108
11/14/2021,LFT,LA,ASW,CE,Combined TRACON& Tower with Radar,13,20,27,6,66,0,14,30,2,46,13,34,57,8,112,14,0,14,126
11/15/2021,LFT,LA,ASW,CE,Combined TRACON& Tower with Radar,14,19,24,0,57,0,27,26,0,53,14,46,50,0,110,5,0,5,115
11/16/2021,LFT,LA,ASW,CE,Combined TRACON& Tower with Radar,12,20,46,1,79,0,24,27,0,51,12,44,73,1,130,10,0,10,140
11/17/2021,LFT,LA,ASW,CE,Combined TRACON& Tower with Radar,12,22,35,14,83,0,25,40,2,67,12,47,75,16,150,30,0,30,180
11/18/2021,LFT,LA,ASW,CE,Combined TRACON& Tower with Radar,15,17,39,0,71,0,23,13,0,36,15,40,52,0,107,21,0,21,128
11/19/2021,LFT,LA,ASW,CE,Combined TRACON& Tower with Radar,17,18,35,4,74,0,17,29,0,46,17,35,64,4,120,15,0,15,135
11/20/2021,LFT,LA,ASW,CE,Combined TRACON& Tower with Radar,11,12,29,0,52,0,8,42,0,50,11,20,71,0,102,18,0,18,120
11/21/2021,LFT,LA,ASW,CE,Combined TRACON& Tower with Radar,11,15,31,0,57,0,12,9,0,21,11,27,40,0,78,8,0,8,86
11/22/2021,LFT,LA,ASW,CE,Combined TRACON& Tower with Radar,11,23,32,3,69,0,22,17,1,40,11,45,49,4,109,0,0,0,109
11/23/2021,LFT,LA,ASW,CE,Combined TRACON& Tower with Radar,13,17,34,0,64,0,42,47,0,89,13,59,81,0,153,8,0,8,161
11/24/2021,LFT,LA,ASW,CE,Combined TRACON& Tower with Radar,17,15,35,0,67,0,30,26,0,56,17,45,61,0,123,32,0,32,155
11/25/2021,LFT,LA,ASW,CE,Combined TRACON& Tower with Radar,7,12,6,0,25,0,8,3,0,11,7,20,9,0,36,0,0,0,36
11/26/2021,LFT,LA,ASW,CE,Combined TRACON& Tower with Radar,15,16,24,3,58,0,17,23,0,40,15,33,47,3,98,8,0,8,106
11/27/2021,LFT,LA,ASW,CE,Combined TRACON& Tower with Radar,14,18,16,0,48,0,5,17,0,22,14,23,33,0,70,0,0,0,70
11/28/2021,LFT,LA,ASW,CE,Combined TRACON& Tower with Radar,12,13,35,0,60,0,15,28,0,43,12,28,63,0,103,27,0,27,130
11/29/2021,LFT,LA,ASW,CE,Combined TRACON& Tower with Radar,14,20,37,0,71,0,25,39,0,64,14,45,76,0,135,18,0,18,153
11/30/2021,LFT,LA,ASW,CE,Combined TRACON& Tower with Radar,11,22,30,2,65,0,43,45,0,88,11,65,75,2,153,35,0,35,188
12/01/2021,LFT,LA,ASW,CE,Combined TRACON& Tower with Radar,13,20,23,0,56,0,30,26,0,56,13,50,49,0,112,0,0,0,112
12/02/2021,LFT,LA,ASW,CE,Combined TRACON& Tower with Radar,16,12,44,0,72,0,20,27,0,47,16,32,71,0,119,48,0,48,167
12/03/2021,LFT,LA,ASW,CE,Combined TRACON& Tower with Radar,15,12,41,0,68,0,36,26,0,62,15,48,67,0,130,18,0,18,148
12/04/2021,LFT,LA,ASW,CE,Combined TRACON& Tower with Radar,15,7,26,0,48,0,5,30,0,35,15,12,56,0,83,10,0,10,93
12/05/2021,LFT,LA,ASW,CE,Combined TRACON& Tower with Radar,13,12,47,3,75,0,14,11,1,26,13,26,58,4,101,46,0,46,147
12/06/2021,LFT,LA,ASW,CE,Combined TRACON& Tower with Radar,14,10,29,0,53,0,11,5,0,16,14,21,34,0,69,14,0,14,83
12/07/2021,LFT,LA,ASW,CE,Combined TRACON& Tower with Radar,10,13,37,0,60,0,0,0,0,0,10,13,37,0,60,0,0,0,60
12/08/2021,LFT,LA,ASW,CE,Combined TRACON& Tower with Radar,12,19,38,0,69,0,30,12,0,42,12,49,50,0,111,4,0,4,115
12/09/2021,LFT,LA,ASW,CE,Combined TRACON& Tower with Radar,14,27,47,0,88,0,1,2,0,3,14,28,49,0,91,0,0,0,91
12/10/2021,LFT,LA,ASW,CE,Combined TRACON& Tower with Radar,16,22,40,0,78,0,9,2,0,11,16,31,42,0,89,0,0,0,89
12/11/2021,LFT,LA,ASW,CE,Combined TRACON& Tower with Radar,13,11,17,0,41,0,9,0,2,11,13,20,17,2,52,0,0,0,52
12/12/2021,LFT,LA,ASW,CE,Combined TRACON& Tower with Radar,13,16,37,0,66,0,17,43,0,60,13,33,80,0,126,6,0,6,132
12/13/2021,LFT,LA,ASW,CE,Combined TRACON& Tower with Radar,15,11,34,0,60,0,28,14,0,42,15,39,48,0,102,2,0,2,104
12/14/2021,LFT,LA,ASW,CE,Combined TRACON& Tower with Radar,12,15,27,2,56,0,14,13,0,27,12,29,40,2,83,20,0,20,103
12/15/2021,LFT,LA,ASW,CE,Combined TRACON& Tower with Radar,12,15,28,0,55,0,25,17,0,42,12,40,45,0,97,11,0,11,108
12/16/2021,LFT,LA,ASW,CE,Combined TRACON& Tower with Radar,13,19,43,0,75,0,41,17,0,58,13,60,60,0,133,42,0,42,175
12/17/2021,LFT,LA,ASW,CE,Combined TRACON& Tower with Radar,15,14,35,2,66,0,16,11,0,27,15,30,46,2,93,18,0,18,111
12/18/2021,LFT,LA,ASW,CE,Combined TRACON& Tower with Radar,12,8,16,0,36,0,2,4,0,6,12,10,20,0,42,0,0,0,42
12/19/2021,LFT,LA,ASW,CE,Combined TRACON& Tower with Radar,15,17,33,2,67,0,16,3,0,19,15,33,36,2,86,18,0,18,104
12/20/2021,LFT,LA,ASW,CE,Combined TRACON& Tower with Radar,13,18,18,1,50,0,5,10,0,15,13,23,28,1,65,5,0,5,70
12/21/2021,LFT,LA,ASW,CE,Combined TRACON& Tower with Radar,17,14,24,11,66,0,29,25,0,54,17,43,49,11,120,20,20,40,160
12/22/2021,LFT,LA,ASW,CE,Combined TRACON& Tower with Radar,15,12,27,0,54,0,34,45,0,79,15,46,72,0,133,4,0,4,137
12/23/2021,LFT,LA,ASW,CE,Combined TRACON& Tower with Radar,18,15,18,0,51,0,16,26,0,42,18,31,44,0,93,8,0,8,101
12/24/2021,LFT,LA,ASW,CE,Combined TRACON& Tower with Radar,13,8,11,0,32,0,13,9,0,22,13,21,20,0,54,0,0,0,54
12/25/2021,LFT,LA,ASW,CE,Combined TRACON& Tower with Radar,9,10,5,0,24,0,5,9,0,14,9,15,14,0,38,0,0,0,38
12/26/2021,LFT,LA,ASW,CE,Combined TRACON& Tower with Radar,12,12,29,0,53,0,11,17,0,28,12,23,46,0,81,38,0,38,119
12/27/2021,LFT,LA,ASW,CE,Combined TRACON& Tower with Radar,14,15,37,2,68,0,2,18,0,20,14,17,55,2,88,0,0,0,88
12/28/2021,LFT,LA,ASW,CE,Combined TRACON& Tower with Radar,14,14,34,0,62,0,6,2,0,8,14,20,36,0,70,0,0,0,70
12/29/2021,LFT,LA,ASW,CE,Combined TRACON& Tower with Radar,17,14,30,0,61,0,5,1,0,6,17,19,31,0,67,15,0,15,82
12/30/2021,LFT,LA,ASW,CE,Combined TRACON& Tower with Radar,15,15,25,3,58,0,8,18,0,26,15,23,43,3,84,38,0,38,122
12/31/2021,LFT,LA,ASW,CE,Combined TRACON& Tower with Radar,14,8,30,0,52,0,13,7,0,20,14,21,37,0,72,6,0,6,78
01/01/2022,LFT,LA,ASW,CE,Combined TRACON& Tower with Radar,9,12,6,0,27,0,2,2,0,4,9,14,8,0,31,0,0,0,31
01/02/2022,LFT,LA,ASW,CE,Combined TRACON& Tower with Radar,12,11,19,0,42,0,2,1,0,3,12,13,20,0,45,0,0,0,45
01/03/2022,LFT,LA,ASW,CE,Combined TRACON& Tower with Radar,13,12,26,0,51,0,24,19,0,43,13,36,45,0,94,0,0,0,94
01/04/2022,LFT,LA,ASW,CE,Combined TRACON& Tower with Radar,9,11,15,0,35,0,24,37,0,61,9,35,52,0,96,8,0,8,104
01/05/2022,LFT,LA,ASW,CE,Combined TRACON& Tower with Radar,8,15,30,0,53,0,19,20,2,41,8,34,50,2,94,0,0,0,94
01/06/2022,LFT,LA,ASW,CE,Combined TRACON& Tower with Radar,12,17,24,0,53,0,30,9,2,41,12,47,33,2,94,9,0,9,103
01/07/2022,LFT,LA,ASW,CE,Combined TRACON& Tower with Radar,14,16,19,0,49,0,29,28,0,57,14,45,47,0,106,50,0,50,156
01/08/2022,LFT,LA,ASW,CE,Combined TRACON& Tower with Radar,9,15,16,0,40,0,7,4,0,11,9,22,20,0,51,0,0,0,51
01/09/2022,LFT,LA,ASW,CE,Combined TRACON& Tower with Radar,7,17,20,0,44,0,11,7,0,18,7,28,27,0,62,0,0,0,62
01/10/2022,LFT,LA,ASW,CE,Combined TRACON& Tower with Radar,10,23,12,1,46,0,14,12,1,27,10,37,24,2,73,9,0,9,82
01/11/2022,LFT,LA,ASW,CE,Combined TRACON& Tower with Radar,11,16,20,0,47,0,30,19,3,52,11,46,39,3,99,1,1,2,101
01/12/2022,LFT,LA,ASW,CE,Combined TRACON& Tower with Radar,10,17,36,0,63,0,15,57,1,73,10,32,93,1,136,6,0,6,142
01/13/2022,LFT,LA,ASW,CE,Combined TRACON& Tower with Radar,8,15,26,4,53,2,15,29,2,48,10,30,55,6,101,4,0,4,105
01/14/2022,LFT,LA,ASW,CE,Combined TRACON& Tower with Radar,11,20,28,0,59,0,13,34,0,47,11,33,62,0,106,46,0,46,152
01/15/2022,LFT,LA,ASW,CE,Combined TRACON& Tower with Radar,11,15,11,0,37,0,5,4,0,9,11,20,15,0,46,0,0,0,46
01/16/2022,LFT,LA,ASW,CE,Combined TRACON& Tower with Radar,4,13,21,0,38,0,6,9,0,15,4,19,30,0,53,0,1,1,54
01/17/2022,LFT,LA,ASW,CE,Combined TRACON& Tower with Radar,10,21,32,6,69,0,20,62,1,83,10,41,94,7,152,28,0,28,180
01/18/2022,LFT,LA,ASW,CE,Combined TRACON& Tower with Radar,11,14,29,7,61,0,20,41,0,61,11,34,70,7,122,44,0,44,166
01/19/2022,LFT,LA,ASW,CE,Combined TRACON& Tower with Radar,10,17,41,0,68,0,22,12,0,34,10,39,53,0,102,0,0,0,102
01/20/2022,LFT,LA,ASW,CE,Combined TRACON& Tower with Radar,10,18,15,2,45,0,0,0,0,0,10,18,15,2,45,0,0,0,45
01/21/2022,LFT,LA,ASW,CE,Combined TRACON& Tower with Radar,10,16,26,8,60,0,4,29,3,36,10,20,55,11,96,8,10,18,114
01/22/2022,LFT,LA,ASW,CE,Combined TRACON& Tower with Radar,9,21,15,0,45,0,22,57,0,79,9,43,72,0,124,2,0,2,126
01/23/2022,LFT,LA,ASW,CE,Combined TRACON& Tower with Radar,7,19,27,0,53,0,11,27,0,38,7,30,54,0,91,20,0,20,111
01/24/2022,LFT,LA,ASW,CE,Combined TRACON& Tower with Radar,9,16,20,4,49,0,5,6,0,11,9,21,26,4,60,4,0,4,64
01/25/2022,LFT,LA,ASW,CE,Combined TRACON& Tower with Radar,13,16,19,0,48,0,5,3,0,8,13,21,22,0,56,16,0,16,72
01/26/2022,LFT,LA,ASW,CE,Combined TRACON& Tower with Radar,9,15,34,4,62,0,10,32,0,42,9,25,66,4,104,0,0,0,104
01/27/2022,LFT,LA,ASW,CE,Combined TRACON& Tower with Radar,9,21,33,2,65,0,12,34,0,46,9,33,67,2,111,8,0,8,119
01/28/2022,LFT,LA,ASW,CE,Combined TRACON& Tower with Radar,10,18,28,0,56,0,7,13,2,22,10,25,41,2,78,0,0,0,78
01/29/2022,LFT,LA,ASW,CE,Combined TRACON& Tower with Radar,9,15,24,0,48,0,12,27,0,39,9,27,51,0,87,14,0,14,101
01/30/2022,LFT,LA,ASW,CE,Combined TRACON& Tower with Radar,7,17,21,0,45,0,12,36,0,48,7,29,57,0,93,31,0,31,124
01/31/2022,LFT,LA,ASW,CE,Combined TRACON& Tower with Radar,8,22,15,0,45,0,37,25,0,62,8,59,40,0,107,44,0,44,151
02/01/2022,LFT,LA,ASW,CE,Combined TRACON& Tower with Radar,5,17,12,1,35,0,11,4,0,15,5,28,16,1,50,0,0,0,50
02/02/2022,LFT,LA,ASW,CE,Combined TRACON& Tower with Radar,6,20,30,0,56,0,2,5,0,7,6,22,35,0,63,4,0,4,67
02/03/2022,LFT,LA,ASW,CE,Combined TRACON& Tower with Radar,5,15,12,0,32,0,1,0,0,1,5,16,12,0,33,0,0,0,33
02/04/2022,LFT,LA,ASW,CE,Combined TRACON& Tower with Radar,5,22,29,6,62,0,1,0,0,1,5,23,29,6,63,0,0,0,63
02/05/2022,LFT,LA,ASW,CE,Combined TRACON& Tower with Radar,6,17,26,0,49,0,8,44,3,55,6,25,70,3,104,4,0,4,108
02/06/2022,LFT,LA,ASW,CE,Combined TRACON& Tower with Radar,3,20,30,2,55,0,6,31,0,37,3,26,61,2,92,16,0,16,108
02/07/2022,LFT,LA,ASW,CE,Combined TRACON& Tower with Radar,6,19,31,2,58,0,18,35,1,54,6,37,66,3,112,8,0,8,120
02/08/2022,LFT,LA,ASW,CE,Combined TRACON& Tower with Radar,8,19,35,3,65,0,42,66,2,110,8,61,101,5,175,8,0,8,183
02/09/2022,LFT,LA,ASW,CE,Combined TRACON& Tower with Radar,6,24,29,0,59,0,18,34,6,58,6,42,63,6,117,6,0,6,123
02/10/2022,LFT,LA,ASW,CE,Combined TRACON& Tower with Radar,5,24,45,8,82,0,33,40,2,75,5,57,85,10,157,4,0,4,161
02/11/2022,LFT,LA,ASW,CE,Combined TRACON& Tower with Radar,4,25,12,5,46,0,36,33,0,69,4,61,45,5,115,12,0,12,127
02/12/2022,LFT,LA,ASW,CE,Combined TRACON& Tower with Radar,5,22,12,4,43,0,21,27,0,48,5,43,39,4,91,24,0,24,115
02/13/2022,LFT,LA,ASW,CE,Combined TRACON& Tower with Radar,3,17,20,0,40,0,8,19,0,27,3,25,39,0,67,18,0,18,85
02/14/2022,LFT,LA,ASW,CE,Combined TRACON& Tower with Radar,5,23,18,0,46,0,22,22,0,44,5,45,40,0,90,6,0,6,96
02/15/2022,LFT,LA,ASW,CE,Combined TRACON& Tower with Radar,6,23,29,0,58,0,41,43,0,84,6,64,72,0,142,14,0,14,156
02/16/2022,LFT,LA,ASW,CE,Combined TRACON& Tower with Radar,5,19,30,0,54,0,22,10,0,32,5,41,40,0,86,6,0,6,92
02/17/2022,LFT,LA,ASW,CE,Combined TRACON& Tower with Radar,8,22,12,0,42,0,3,0,0,3,8,25,12,0,45,0,0,0,45
02/18/2022,LFT,LA,ASW,CE,Combined TRACON& Tower with Radar,8,25,24,6,63,0,25,23,0,48,8,50,47,6,111,2,0,2,113
02/19/2022,LFT,LA,ASW,CE,Combined TRACON& Tower with Radar,4,20,18,0,42,0,8,48,0,56,4,28,66,0,98,22,0,22,120
02/20/2022,LFT,LA,ASW,CE,Combined TRACON& Tower with Radar,3,25,25,5,58,0,7,27,1,35,3,32,52,6,93,0,0,0,93
02/21/2022,LFT,LA,ASW,CE,Combined TRACON& Tower with Radar,4,23,22,0,49,0,9,6,0,15,4,32,28,0,64,0,0,0,64
02/22/2022,LFT,LA,ASW,CE,Combined TRACON& Tower with Radar,6,21,12,8,47,0,5,6,0,11,6,26,18,8,58,4,0,4,62
02/23/2022,LFT,LA,ASW,CE,Combined TRACON& Tower with Radar,5,19,24,4,52,0,7,24,0,31,5,26,48,4,83,0,0,0,83
02/24/2022,LFT,LA,ASW,CE,Combined TRACON& Tower with Radar,7,19,30,4,60,0,4,9,0,13,7,23,39,4,73,0,0,0,73
02/25/2022,LFT,LA,ASW,CE,Combined TRACON& Tower with Radar,10,29,39,5,83,0,9,4,0,13,10,38,43,5,96,14,0,14,110
02/26/2022,LFT,LA,ASW,CE,Combined TRACON& Tower with Radar,5,25,45,0,75,0,7,8,0,15,5,32,53,0,90,4,0,4,94
02/27/2022,LFT,LA,ASW,CE,Combined TRACON& Tower with Radar,3,19,22,0,44,0,13,16,2,31,3,32,38,2,75,2,0,2,77
02/28/2022,LFT,LA,ASW,CE,Combined TRACON& Tower with Radar,4,28,27,0,59,0,35,31,0,66,4,63,58,0,125,14,0,14,139
03/01/2022,LFT,LA,ASW,CE,Combined TRACON& Tower with Radar,7,23,25,0,55,0,13,52,0,65,7,36,77,0,120,16,0,16,136
03/02/2022,LFT,LA,ASW,CE,Combined TRACON& Tower with Radar,8,31,56,5,100,0,32,30,1,63,8,63,86,6,163,22,0,22,185
03/03/2022,LFT,LA,ASW,CE,Combined TRACON& Tower with Radar,6,35,31,1,73,0,23,26,0,49,6,58,57,1,122,12,0,12,134
03/04/2022,LFT,LA,ASW,CE,Combined TRACON& Tower with Radar,7,31,32,0,70,0,21,39,0,60,7,52,71,0,130,14,0,14,144
03/05/2022,LFT,LA,ASW,CE,Combined TRACON& Tower with Radar,3,22,34,7,66,0,11,17,0,28,3,33,51,7,94,4,0,4,98
03/06/2022,LFT,LA,ASW,CE,Combined TRACON& Tower with Radar,3,24,26,0,53,0,9,4,0,13,3,33,30,0,66,0,0,0,66
03/07/2022,LFT,LA,ASW,CE,Combined TRACON& Tower with Radar,4,19,14,9,46,0,14,8,1,23,4,33,22,10,69,6,0,6,75
03/08/2022,LFT,LA,ASW,CE,Combined TRACON& Tower with Radar,6,27,22,2,57,0,2,1,0,3,6,29,23,2,60,0,0,0,60
03/09/2022,LFT,LA,ASW,CE,Combined TRACON& Tower with Radar,8,20,39,0,67,0,10,20,0,30,8,30,59,0,97,0,0,0,97
03/10/2022,LFT,LA,ASW,CE,Combined TRACON& Tower with Radar,8,26,31,8,73,0,27,31,3,61,8,53,62,11,134,29,0,29,163
03/11/2022,LFT,LA,ASW,CE,Combined TRACON& Tower with Radar,6,22,28,0,56,0,3,2,0,5,6,25,30,0,61,0,0,0,61
03/12/2022,LFT,LA,ASW,CE,Combined TRACON& Tower with Radar,5,21,6,4,36,0,8,12,0,20,5,29,18,4,56,0,0,0,56
03/13/2022,LFT,LA,ASW,CE,Combined TRACON& Tower with Radar,5,20,24,0,49,0,6,33,2,41,5,26,57,2,90,14,0,14,104
03/14/2022,LFT,LA,ASW,CE,Combined TRACON& Tower with Radar,4,28,22,0,54,0,22,15,0,37,4,50,37,0,91,0,0,0,91
03/15/2022,LFT,LA,ASW,CE,Combined TRACON& Tower with Radar,7,18,28,0,53,2,16,29,0,47,9,34,57,0,100,6,0,6,106
03/16/2022,LFT,LA,ASW,CE,Combined TRACON& Tower with Radar,7,22,44,0,73,0,35,25,0,60,7,57,69,0,133,25,0,25,158
03/17/2022,LFT,LA,ASW,CE,Combined TRACON& Tower with Radar,8,24,26,0,58,0,30,27,0,57,8,54,53,0,115,18,0,18,133
03/18/2022,LFT,LA,ASW,CE,Combined TRACON& Tower with Radar,8,24,16,3,51,0,13,12,1,26,8,37,28,4,77,2,0,2,79
03/19/2022,LFT,LA,ASW,CE,Combined TRACON& Tower with Radar,5,20,10,0,35,0,16,31,0,47,5,36,41,0,82,0,0,0,82
03/20/2022,LFT,LA,ASW,CE,Combined TRACON& Tower with Radar,3,28,17,2,50,0,11,30,0,41,3,39,47,2,91,16,0,16,107
03/21/2022,LFT,LA,ASW,CE,Combined TRACON& Tower with Radar,5,19,19,5,48,0,30,10,0,40,5,49,29,5,88,0,0,0,88
03/22/2022,LFT,LA,ASW,CE,Combined TRACON& Tower with Radar,7,21,5,1,34,0,2,0,0,2,7,23,5,1,36,0,0,0,36
03/23/2022,LFT,LA,ASW,CE,Combined TRACON& Tower with Radar,8,16,35,2,61,0,23,34,0,57,8,39,69,2,118,0,0,0,118
03/24/2022,LFT,LA,ASW,CE,Combined TRACON& Tower with Radar,8,22,26,2,58,0,20,26,0,46,8,42,52,2,104,18,0,18,122
03/25/2022,LFT,LA,ASW,CE,Combined TRACON& Tower with Radar,6,20,24,17,67,0,31,32,0,63,6,51,56,17,130,10,0,10,140
03/26/2022,LFT,LA,ASW,CE,Combined TRACON& Tower with Radar,3,21,24,0,48,0,27,48,0,75,3,48,72,0,123,38,0,38,161
03/27/2022,LFT,LA,ASW,CE,Combined TRACON& Tower with Radar,4,22,24,0,50,0,14,35,0,49,4,36,59,0,99,38,0,38,137
03/28/2022,LFT,LA,ASW,CE,Combined TRACON& Tower with Radar,6,17,24,0,47,0,22,27,2,51,6,39,51,2,98,12,0,12,110
03/29/2022,LFT,LA,ASW,CE,Combined TRACON& Tower with Radar,8,22,37,0,67,0,22,13,0,35,8,44,50,0,102,2,0,2,104
03/30/2022,LFT,LA,ASW,CE,Combined TRACON& Tower with Radar,8,14,11,0,33,0,0,1,0,1,8,14,12,0,34,0,0,0,34
03/31/2022,LFT,LA,ASW,CE,Combined TRACON& Tower with Radar,10,18,30,4,62,0,39,25,3,67,10,57,55,7,129,18,0,18,147
04/01/2022,LFT,LA,ASW,CE,Combined TRACON& Tower with Radar,8,19,26,6,59,0,21,47,0,68,8,40,73,6,127,12,0,12,139
04/02/2022,LFT,LA,ASW,CE,Combined TRACON& Tower with Radar,5,21,27,2,55,0,5,18,0,23,5,26,45,2,78,28,0,28,106
04/03/2022,LFT,LA,ASW,CE,Combined TRACON& Tower with Radar,6,25,30,2,63,0,14,50,0,64,6,39,80,2,127,10,4,14,141
04/04/2022,LFT,LA,ASW,CE,Combined TRACON& Tower with Radar,8,28,19,0,55,0,23,19,0,42,8,51,38,0,97,2,0,2,99
04/05/2022,LFT,LA,ASW,CE,Combined TRACON& Tower with Radar,15,10,13,0,38,0,9,4,0,13,15,19,17,0,51,0,0,0,51
04/06/2022,LFT,LA,ASW,CE,Combined TRACON& Tower with Radar,19,11,28,0,58,0,15,10,0,25,19,26,38,0,83,2,0,2,85
04/07/2022,LFT,LA,ASW,CE,Combined TRACON& Tower with Radar,20,16,35,0,71,0,25,26,2,53,20,41,61,2,124,8,8,16,140
04/08/2022,LFT,LA,ASW,CE,Combined TRACON& Tower with Radar,23,18,30,0,71,0,26,30,4,60,23,44,60,4,131,6,0,6,137
04/09/2022,LFT,LA,ASW,CE,Combined TRACON& Tower with Radar,17,10,14,0,41,0,10,32,0,42,17,20,46,0,83,22,0,22,105
04/10/2022,LFT,LA,ASW,CE,Combined TRACON& Tower with Radar,16,15,21,0,52,0,16,11,0,27,16,31,32,0,79,0,0,0,79
04/11/2022,LFT,LA,ASW,CE,Combined TRACON& Tower with Radar,18,18,22,0,58,0,27,8,0,35,18,45,30,0,93,6,0,6,99
04/12/2022,LFT,LA,ASW,CE,Combined TRACON& Tower with Radar,20,13,11,0,44,0,12,4,0,16,20,25,15,0,60,0,0,0,60
04/13/2022,LFT,LA,ASW,CE,Combined TRACON& Tower with Radar,17,18,16,0,51,0,6,7,0,13,17,24,23,0,64,0,0,0,64
04/14/2022,LFT,LA,ASW,CE,Combined TRACON& Tower with Radar,19,17,32,0,68,0,26,45,0,71,19,43,77,0,139,16,0,16,155
04/15/2022,LFT,LA,ASW,CE,Combined TRACON& Tower with Radar,20,20,16,0,56,0,15,6,0,21,20,35,22,0,77,0,0,0,77
04/16/2022,LFT,LA,ASW,CE,Combined TRACON& Tower with Radar,20,12,13,0,45,0,10,18,0,28,20,22,31,0,73,0,0,0,73
04/17/2022,LFT,LA,ASW,CE,Combined TRACON& Tower with Radar,13,19,16,0,48,0,15,5,0,20,13,34,21,0,68,0,0,0,68
04/18/2022,LFT,LA,ASW,CE,Combined TRACON& Tower with Radar,16,22,29,5,72,0,18,24,0,42,16,40,53,5,114,0,0,0,114
04/19/2022,LFT,LA,ASW,CE,Combined TRACON& Tower with Radar,19,12,43,0,74,0,26,45,0,71,19,38,88,0,145,38,0,38,183
04/20/2022,LFT,LA,ASW,CE,Combined TRACON& Tower with Radar,18,19,34,0,71,0,22,17,0,39,18,41,51,0,110,14,0,14,124
04/21/2022,LFT,LA,ASW,CE,Combined TRACON& Tower with Radar,20,18,40,0,78,0,19,34,1,54,20,37,74,1,132,0,0,0,132
04/22/2022,LFT,LA,ASW,CE,Combined TRACON& Tower with Radar,18,14,31,11,74,0,22,27,1,50,18,36,58,12,124,0,0,0,124
04/23/2022,LFT,LA,ASW,CE,Combined TRACON& Tower with Radar,17,17,32,0,66,0,8,15,0,23,17,25,47,0,89,11,0,11,100
04/24/2022,LFT,LA,ASW,CE,Combined TRACON& Tower with Radar,12,22,31,0,65,0,7,7,0,14,12,29,38,0,79,0,0,0,79
04/25/2022,LFT,LA,ASW,CE,Combined TRACON& Tower with Radar,12,24,24,0,60,0,30,9,0,39,12,54,33,0,99,0,0,0,99
04/26/2022,LFT,LA,ASW,CE,Combined TRACON& Tower with Radar,17,27,22,0,66,0,41,31,1,73,17,68,53,1,139,16,0,16,155
04/27/2022,LFT,LA,ASW,CE,Combined TRACON& Tower with Radar,19,23,22,0,64,3,36,46,5,90,22,59,68,5,154,8,0,8,162
04/28/2022,LFT,LA,ASW,CE,Combined TRACON& Tower with Radar,21,20,24,1,66,0,26,32,2,60,21,46,56,3,126,30,0,30,156
04/29/2022,LFT,LA,ASW,CE,Combined TRACON& Tower with Radar,16,19,25,0,60,0,36,54,0,90,16,55,79,0,150,22,0,22,172
04/30/2022,LFT,LA,ASW,CE,Combined TRACON& Tower with Radar,17,13,18,10,58,0,13,26,0,39,17,26,44,10,97,10,0,10,107
05/01/2022,LFT,LA,ASW,CE,Combined TRACON& Tower with Radar,14,20,22,0,56,0,1,1,0,2,14,21,23,0,58,0,0,0,58
05/02/2022,LFT,LA,ASW,CE,Combined TRACON& Tower with Radar,15,16,22,0,53,0,22,19,0,41,15,38,41,0,94,8,0,8,102
05/03/2022,LFT,LA,ASW,CE,Combined TRACON& Tower with Radar,17,15,21,5,58,0,24,29,0,53,17,39,50,5,111,2,0,2,113
05/04/2022,LFT,LA,ASW,CE,Combined TRACON& Tower with Radar,17,21,45,0,83,0,34,20,3,57,17,55,65,3,140,0,0,0,140
05/05/2022,LFT,LA,ASW,CE,Combined TRACON& Tower with Radar,19,23,37,6,85,0,12,16,0,28,19,35,53,6,113,0,12,12,125
05/06/2022,LFT,LA,ASW,CE,Combined TRACON& Tower with Radar,19,20,33,2,74,0,18,20,0,38,19,38,53,2,112,0,0,0,112
05/07/2022,LFT,LA,ASW,CE,Combined TRACON& Tower with Radar,15,14,14,0,43,0,2,33,0,35,15,16,47,0,78,0,0,0,78
05/08/2022,LFT,LA,ASW,CE,Combined TRACON& Tower with Radar,17,24,25,0,66,0,8,11,0,19,17,32,36,0,85,0,0,0,85
05/09/2022,LFT,LA,ASW,CE,Combined TRACON& Tower with Radar,18,24,29,2,73,0,18,29,0,47,18,42,58,2,120,14,0,14,134
05/10/2022,LFT,LA,ASW,CE,Combined TRACON& Tower with Radar,20,20,20,0,60,0,27,23,0,50,20,47,43,0,110,6,0,6,116
05/11/2022,LFT,LA,ASW,CE,Combined TRACON& Tower with Radar,18,19,32,0,69,0,32,28,0,60,18,51,60,0,129,2,0,2,131
05/12/2022,LFT,LA,ASW,CE,Combined TRACON& Tower with Radar,16,16,38,0,70,0,15,44,1,60,16,31,82,1,130,5,0,5,135
05/13/2022,LFT,LA,ASW,CE,Combined TRACON& Tower with Radar,16,20,25,0,61,0,19,18,0,37,16,39,43,0,98,0,0,0,98
05/14/2022,LFT,LA,ASW,CE,Combined TRACON& Tower with Radar,17,15,24,6,62,0,6,31,0,37,17,21,55,6,99,14,0,14,113
05/15/2022,LFT,LA,ASW,CE,Combined TRACON& Tower with Radar,16,24,19,0,59,0,4,20,0,24,16,28,39,0,83,0,0,0,83
05/16/2022,LFT,LA,ASW,CE,Combined TRACON& Tower with Radar,16,14,27,0,57,0,27,35,0,62,16,41,62,0,119,8,0,8,127
05/17/2022,LFT,LA,ASW,CE,Combined TRACON& Tower with Radar,18,16,24,2,60,0,18,32,0,50,18,34,56,2,110,0,0,0,110
05/18/2022,LFT,LA,ASW,CE,Combined TRACON& Tower with Radar,19,14,38,0,71,0,11,26,0,37,19,25,64,0,108,12,0,12,120
05/19/2022,LFT,LA,ASW,CE,Combined TRACON& Tower with Radar,18,25,39,2,84,0,21,29,0,50,18,46,68,2,134,10,0,10,144
05/20/2022,LFT,LA,ASW,CE,Combined TRACON& Tower with Radar,22,22,32,3,79,0,31,11,1,43,22,53,43,4,122,6,0,6,128
05/21/2022,LFT,LA,ASW,CE,Combined TRACON& Tower with Radar,17,18,23,0,58,0,15,6,0,21,17,33,29,0,79,6,0,6,85
05/22/2022,LFT,LA,ASW,CE,Combined TRACON& Tower with Radar,15,21,17,0,53,0,7,14,0,21,15,28,31,0,74,22,0,22,96
05/23/2022,LFT,LA,ASW,CE,Combined TRACON& Tower with Radar,16,26,21,0,63,0,6,4,0,10,16,32,25,0,73,0,0,0,73
05/24/2022,LFT,LA,ASW,CE,Combined TRACON& Tower with Radar,18,22,23,0,63,0,6,9,0,15,18,28,32,0,78,0,0,0,78
05/25/2022,LFT,LA,ASW,CE,Combined TRACON& Tower with Radar,20,19,21,0,60,0,15,15,0,30,20,34,36,0,90,2,0,2,92
05/26/2022,LFT,LA,ASW,CE,Combined TRACON& Tower with Radar,18,20,35,2,75,0,38,35,0,73,18,58,70,2,148,12,0,12,160
05/27/2022,LFT,LA,ASW,CE,Combined TRACON& Tower with Radar,17,23,29,0,69,0,33,31,0,64,17,56,60,0,133,8,0,8,141
05/28/2022,LFT,LA,ASW,CE,Combined TRACON& Tower with Radar,15,26,15,0,56,0,17,39,0,56,15,43,54,0,112,12,0,12,124
05/29/2022,LFT,LA,ASW,CE,Combined TRACON& Tower with Radar,15,18,26,0,59,0,10,51,0,61,15,28,77,0,120,20,0,20,140
05/30/2022,LFT,LA,ASW,CE,Combined TRACON& Tower with Radar,16,23,22,0,61,0,12,26,0,38,16,35,48,0,99,0,0,0,99
05/31/2022,LFT,LA,ASW,CE,Combined TRACON& Tower with Radar,18,17,24,2,61,0,31,27,0,58,18,48,51,2,119,22,0,22,141
06/01/2022,LFT,LA,ASW,CE,Combined TRACON& Tower with Radar,19,18,38,0,75,0,20,12,0,32,19,38,50,0,107,0,0,0,107
06/02/2022,LFT,LA,ASW,CE,Combined TRACON& Tower with Radar,15,26,31,0,72,0,15,31,0,46,15,41,62,0,118,0,0,0,118
06/03/2022,LFT,LA,ASW,CE,Combined TRACON& Tower with Radar,11,24,25,1,61,0,26,15,1,42,11,50,40,2,103,2,0,2,105
06/04/2022,LFT,LA,ASW,CE,Combined TRACON& Tower with Radar,6,26,19,0,51,0,18,44,0,62,6,44,63,0,113,8,0,8,121
06/05/2022,LFT,LA,ASW,CE,Combined TRACON& Tower with Radar,8,25,31,0,64,0,12,51,0,63,8,37,82,0,127,48,0,48,175
06/06/2022,LFT,LA,ASW,CE,Combined TRACON& Tower with Radar,10,25,14,0,49,0,26,19,0,45,10,51,33,0,94,4,0,4,98
06/07/2022,LFT,LA,ASW,CE,Combined TRACON& Tower with Radar,9,30,24,4,67,0,12,49,0,61,9,42,73,4,128,4,0,4,132
06/08/2022,LFT,LA,ASW,CE,Combined TRACON& Tower with Radar,10,24,23,9,66,0,19,40,0,59,10,43,63,9,125,15,0,15,140
06/09/2022,LFT,LA,ASW,CE,Combined TRACON& Tower with Radar,12,27,23,0,62,0,23,27,0,50,12,50,50,0,112,16,0,16,128
06/10/2022,LFT,LA,ASW,CE,Combined TRACON& Tower with Radar,10,32,16,0,58,0,17,20,0,37,10,49,36,0,95,6,0,6,101
06/11/2022,LFT,LA,ASW,CE,Combined TRACON& Tower with Radar,5,28,15,0,48,0,8,52,0,60,5,36,67,0,108,16,0,16,124
06/12/2022,LFT,LA,ASW,CE,Combined TRACON& Tower with Radar,6,28,25,8,67,0,15,26,0,41,6,43,51,8,108,6,0,6,114
06/13/2022,LFT,LA,ASW,CE,Combined TRACON& Tower with Radar,8,29,22,0,59,0,30,27,0,57,8,59,49,0,116,14,0,14,130
06/14/2022,LFT,LA,ASW,CE,Combined TRACON& Tower with Radar,8,33,22,10,73,0,58,28,0,86,8,91,50,10,159,26,0,26,185
06/15/2022,LFT,LA,ASW,CE,Combined TRACON& Tower with Radar,11,24,28,0,63,0,30,31,4,65,11,54,59,4,128,28,0,28,156
06/16/2022,LFT,LA,ASW,CE,Combined TRACON& Tower with Radar,10,29,26,6,71,0,31,14,0,45,10,60,40,6,116,32,0,32,148
06/17/2022,LFT,LA,ASW,CE,Combined TRACON& Tower with Radar,7,28,19,0,54,0,38,33,0,71,7,66,52,0,125,6,0,6,131
06/18/2022,LFT,LA,ASW,CE,Combined TRACON& Tower with Radar,6,24,30,0,60,0,10,36,0,46,6,34,66,0,106,10,0,10,116
06/19/2022,LFT,LA,ASW,CE,Combined TRACON& Tower with Radar,6,23,14,0,43,0,14,25,0,39,6,37,39,0,82,10,0,10,92
06/20/2022,LFT,LA,ASW,CE,Combined TRACON& Tower with Radar,7,29,23,0,59,0,10,52,0,62,7,39,75,0,121,20,0,20,141
06/21/2022,LFT,LA,ASW,CE,Combined TRACON& Tower with Radar,8,25,20,0,53,0,35,27,0,62,8,60,47,0,115,14,0,14,129
06/22/2022,LFT,LA,ASW,CE,Combined TRACON& Tower with Radar,8,26,24,0,58,0,26,57,0,83,8,52,81,0,141,15,0,15,156
06/23/2022,LFT,LA,ASW,CE,Combined TRACON& Tower with Radar,10,25,36,0,71,0,40,33,0,73,10,65,69,0,144,18,0,18,162
06/24/2022,LFT,LA,ASW,CE,Combined TRACON& Tower with Radar,8,26,24,0,58,0,40,27,0,67,8,66,51,0,125,30,0,30,155
06/25/2022,LFT,LA,ASW,CE,Combined TRACON& Tower with Radar,5,27,21,0,53,0,10,34,0,44,5,37,55,0,97,18,0,18,115
06/26/2022,LFT,LA,ASW,CE,Combined TRACON& Tower with Radar,4,30,20,0,54,0,6,9,0,15,4,36,29,0,69,10,0,10,79
06/27/2022,LFT,LA,ASW,CE,Combined TRACON& Tower with Radar,8,23,28,0,59,0,8,28,0,36,8,31,56,0,95,28,0,28,123
06/28/2022,LFT,LA,ASW,CE,Combined TRACON& Tower with Radar,9,23,30,0,62,0,20,31,2,53,9,43,61,2,115,22,0,22,137
06/29/2022,LFT,LA,ASW,CE,Combined TRACON& Tower with Radar,9,30,13,0,52,0,5,25,0,30,9,35,38,0,82,8,0,8,90
06/30/2022,LFT,LA,ASW,CE,Combined TRACON& Tower with Radar,9,33,31,0,73,0,16,17,0,33,9,49,48,0,106,10,0,10,116
07/01/2022,LFT,LA,ASW,CE,Combined TRACON& Tower with Radar,11,22,25,0,58,0,0,2,0,2,11,22,27,0,60,0,0,0,60
07/02/2022,LFT,LA,ASW,CE,Combined TRACON& Tower with Radar,8,23,17,0,48,0,17,7,0,24,8,40,24,0,72,16,0,16,88
07/03/2022,LFT,LA,ASW,CE,Combined TRACON& Tower with Radar,10,19,13,0,42,0,15,32,0,47,10,34,45,0,89,58,0,58,147
07/04/2022,LFT,LA,ASW,CE,Combined TRACON& Tower with Radar,10,18,13,0,41,0,7,18,0,25,10,25,31,0,66,0,0,0,66
07/05/2022,LFT,LA,ASW,CE,Combined TRACON& Tower with Radar,11,26,31,0,68,0,44,19,0,63,11,70,50,0,131,4,0,4,135
07/06/2022,LFT,LA,ASW,CE,Combined TRACON& Tower with Radar,12,19,16,0,47,0,13,21,1,35,12,32,37,1,82,34,0,34,116
07/07/2022,LFT,LA,ASW,CE,Combined TRACON& Tower with Radar,13,20,24,1,58,0,34,31,0,65,13,54,55,1,123,36,0,36,159
07/08/2022,LFT,LA,ASW,CE,Combined TRACON& Tower with Radar,10,22,35,10,77,0,25,19,4,48,10,47,54,14,125,10,0,10,135
07/09/2022,LFT,LA,ASW,CE,Combined TRACON& Tower with Radar,7,22,17,0,46,0,12,36,0,48,7,34,53,0,94,30,0,30,124
07/10/2022,LFT,LA,ASW,CE,Combined TRACON& Tower with Radar,7,22,22,0,51,0,24,24,0,48,7,46,46,0,99,0,0,0,99
07/11/2022,LFT,LA,ASW,CE,Combined TRACON& Tower with Radar,9,21,19,0,49,0,6,32,2,40,9,27,51,2,89,0,0,0,89
07/12/2022,LFT,LA,ASW,CE,Combined TRACON& Tower with Radar,9,26,29,0,64,0,13,23,0,36,9,39,52,0,100,12,0,12,112
07/13/2022,LFT,LA,ASW,CE,Combined TRACON& Tower with Radar,10,23,20,2,55,0,30,41,0,71,10,53,61,2,126,31,0,31,157
07/14/2022,LFT,LA,ASW,CE,Combined TRACON& Tower with Radar,9,23,31,0,63,0,25,32,0,57,9,48,63,0,120,17,1,18,138
07/15/2022,LFT,LA,ASW,CE,Combined TRACON& Tower with Radar,8,22,15,0,45,0,3,39,0,42,8,25,54,0,87,19,0,19,106
07/16/2022,LFT,LA,ASW,CE,Combined TRACON& Tower with Radar,7,24,22,0,53,0,6,29,0,35,7,30,51,0,88,8,0,8,96
07/17/2022,LFT,LA,ASW,CE,Combined TRACON& Tower with Radar,9,24,24,0,57,0,4,25,0,29,9,28,49,0,86,25,0,25,111
07/18/2022,LFT,LA,ASW,CE,Combined TRACON& Tower with Radar,9,26,12,7,54,0,17,40,0,57,9,43,52,7,111,16,0,16,127
07/19/2022,LFT,LA,ASW,CE,Combined TRACON& Tower with Radar,8,19,25,0,52,0,43,32,0,75,8,62,57,0,127,38,0,38,165
07/20/2022,LFT,LA,ASW,CE,Combined TRACON& Tower with Radar,11,28,29,0,68,0,58,46,0,104,11,86,75,0,172,23,0,23,195
07/21/2022,LFT,LA,ASW,CE,Combined TRACON& Tower with Radar,13,20,25,0,58,0,27,24,0,51,13,47,49,0,109,48,0,48,157
07/22/2022,LFT,LA,ASW,CE,Combined TRACON& Tower with Radar,10,22,21,0,53,0,17,27,0,44,10,39,48,0,97,22,0,22,119
07/23/2022,LFT,LA,ASW,CE,Combined TRACON& Tower with Radar,12,21,6,0,39,0,11,20,0,31,12,32,26,0,70,50,0,50,120
07/24/2022,LFT,LA,ASW,CE,Combined TRACON& Tower with Radar,10,21,22,0,53,0,16,29,0,45,10,37,51,0,98,38,0,38,136
07/25/2022,LFT,LA,ASW,CE,Combined TRACON& Tower with Radar,12,23,21,0,56,0,22,16,0,38,12,45,37,0,94,13,0,13,107
07/26/2022,LFT,LA,ASW,CE,Combined TRACON& Tower with Radar,8,19,19,0,46,0,37,24,1,62,8,56,43,1,108,40,0,40,148
07/27/2022,LFT,LA,ASW,CE,Combined TRACON& Tower with Radar,14,19,27,0,60,0,32,32,0,64,14,51,59,0,124,44,0,44,168
07/28/2022,LFT,LA,ASW,CE,Combined TRACON& Tower with Radar,12,29,39,0,80,0,44,31,2,77,12,73,70,2,157,30,0,30,187
07/29/2022,LFT,LA,ASW,CE,Combined TRACON& Tower with Radar,11,30,21,0,62,0,30,37,0,67,11,60,58,0,129,52,0,52,181
07/30/2022,LFT,LA,ASW,CE,Combined TRACON& Tower with Radar,7,24,21,0,52,0,11,19,0,30,7,35,40,0,82,0,0,0,82
07/31/2022,LFT,LA,ASW,CE,Combined TRACON& Tower with Radar,12,23,20,2,57,0,7,36,0,43,12,30,56,2,100,12,0,12,112
08/01/2022,LFT,LA,ASW,CE,Combined TRACON& Tower with Radar,14,24,13,0,51,0,23,28,2,53,14,47,41,2,104,16,0,16,120
08/02/2022,LFT,LA,ASW,CE,Combined TRACON& Tower with Radar,12,24,17,0,53,0,14,18,0,32,12,38,35,0,85,0,0,0,85
08/03/2022,LFT,LA,ASW,CE,Combined TRACON& Tower with Radar,11,23,11,0,45,0,6,11,0,17,11,29,22,0,62,10,0,10,72
08/04/2022,LFT,LA,ASW,CE,Combined TRACON& Tower with Radar,10,24,11,0,45,0,12,12,0,24,10,36,23,0,69,8,0,8,77
08/05/2022,LFT,LA,ASW,CE,Combined TRACON& Tower with Radar,14,28,22,0,64,0,19,17,0,36,14,47,39,0,100,0,0,0,100
08/06/2022,LFT,LA,ASW,CE,Combined TRACON& Tower with Radar,8,26,17,0,51,0,22,18,0,40,8,48,35,0,91,28,0,28,119
08/07/2022,LFT,LA,ASW,CE,Combined TRACON& Tower with Radar,9,28,18,0,55,0,11,29,0,40,9,39,47,0,95,10,0,10,105
08/08/2022,LFT,LA,ASW,CE,Combined TRACON& Tower with Radar,11,24,22,5,62,0,18,26,0,44,11,42,48,5,106,22,0,22,128
08/09/2022,LFT,LA,ASW,CE,Combined TRACON& Tower with Radar,10,22,28,0,60,0,27,39,1,67,10,49,67,1,127,19,0,19,146
08/10/2022,LFT,LA,ASW,CE,Combined TRACON& Tower with Radar,10,26,23,0,59,0,7,26,0,33,10,33,49,0,92,8,0,8,100
08/11/2022,LFT,LA,ASW,CE,Combined TRACON& Tower with Radar,11,31,28,0,70,0,7,18,0,25,11,38,46,0,95,0,0,0,95
08/12/2022,LFT,LA,ASW,CE,Combined TRACON& Tower with Radar,7,25,35,13,80,0,3,15,3,21,7,28,50,16,101,18,0,18,119
08/13/2022,LFT,LA,ASW,CE,Combined TRACON& Tower with Radar,5,29,19,0,53,0,3,10,0,13,5,32,29,0,66,34,0,34,100
08/14/2022,LFT,LA,ASW,CE,Combined TRACON& Tower with Radar,7,28,24,0,59,0,17,60,2,79,7,45,84,2,138,78,0,78,216
08/15/2022,LFT,LA,ASW,CE,Combined TRACON& Tower with Radar,9,27,23,0,59,0,24,41,0,65,9,51,64,0,124,6,0,6,130
08/16/2022,LFT,LA,ASW,CE,Combined TRACON& Tower with Radar,11,25,26,0,62,0,33,42,0,75,11,58,68,0,137,28,0,28,165
08/17/2022,LFT,LA,ASW,CE,Combined TRACON& Tower with Radar,11,26,41,2,80,0,43,40,0,83,11,69,81,2,163,20,0,20,183
08/18/2022,LFT,LA,ASW,CE,Combined TRACON& Tower with Radar,14,18,19,1,52,0,14,19,1,34,14,32,38,2,86,14,0,14,100
08/19/2022,LFT,LA,ASW,CE,Combined TRACON& Tower with Radar,11,27,17,0,55,0,10,11,0,21,11,37,28,0,76,2,0,2,78
08/20/2022,LFT,LA,ASW,CE,Combined TRACON& Tower with Radar,11,22,8,0,41,0,10,14,0,24,11,32,22,0,65,2,0,2,67
08/21/2022,LFT,LA,ASW,CE,Combined TRACON& Tower with Radar,7,27,13,0,47,0,18,9,0,27,7,45,22,0,74,16,0,16,90
08/22/2022,LFT,LA,ASW,CE,Combined TRACON& Tower with Radar,10,22,22,0,54,0,18,30,0,48,10,40,52,0,102,6,0,6,108
08/23/2022,LFT,LA,ASW,CE,Combined TRACON& Tower with Radar,11,24,16,0,51,0,4,7,0,11,11,28,23,0,62,0,0,0,62
08/24/2022,LFT,LA,ASW,CE,Combined TRACON& Tower with Radar,13,19,19,0,51,0,5,13,0,18,13,24,32,0,69,0,0,0,69
08/25/2022,LFT,LA,ASW,CE,Combined TRACON& Tower with Radar,18,23,31,0,72,0,2,16,0,18,18,25,47,0,90,0,0,0,90
08/26/2022,LFT,LA,ASW,CE,Combined TRACON& Tower with Radar,13,23,39,0,75,0,28,5,0,33,13,51,44,0,108,0,0,0,108
08/27/2022,LFT,LA,ASW,CE,Combined TRACON& Tower with Radar,11,19,18,0,48,0,20,30,0,50,11,39,48,0,98,15,0,15,113
08/28/2022,LFT,LA,ASW,CE,Combined TRACON& Tower with Radar,9,21,16,0,46,0,5,17,0,22,9,26,33,0,68,54,0,54,122
08/29/2022,LFT,LA,ASW,CE,Combined TRACON& Tower with Radar,10,20,22,4,56,0,27,29,0,56,10,47,51,4,112,23,0,23,135
08/30/2022,LFT,LA,ASW,CE,Combined TRACON& Tower with Radar,11,23,40,2,76,0,37,34,2,73,11,60,74,4,149,6,0,6,155
08/31/2022,LFT,LA,ASW,CE,Combined TRACON& Tower with Radar,10,24,25,0,59,0,27,38,0,65,10,51,63,0,124,34,0,34,158
09/01/2022,LFT,LA,ASW,CE,Combined TRACON& Tower with Radar,8,20,33,0,61,0,31,45,4,80,8,51,78,4,141,90,0,90,231
09/02/2022,LFT,LA,ASW,CE,Combined TRACON& Tower with Radar,15,20,31,3,69,0,11,37,0,48,15,31,68,3,117,16,0,16,133
09/03/2022,LFT,LA,ASW,CE,Combined TRACON& Tower with Radar,7,18,16,0,41,0,3,5,0,8,7,21,21,0,49,12,0,12,61
09/04/2022,LFT,LA,ASW,CE,Combined TRACON& Tower with Radar,6,18,13,0,37,0,0,2,0,2,6,18,15,0,39,0,0,0,39
09/05/2022,LFT,LA,ASW,CE,Combined TRACON& Tower with Radar,11,26,29,0,66,0,7,22,0,29,11,33,51,0,95,16,0,16,111
09/06/2022,LFT,LA,ASW,CE,Combined TRACON& Tower with Radar,18,22,31,0,71,0,5,29,1,35,18,27,60,1,106,34,0,34,140
09/07/2022,LFT,LA,ASW,CE,Combined TRACON& Tower with Radar,15,24,25,0,64,0,14,41,0,55,15,38,66,0,119,0,0,0,119
09/08/2022,LFT,LA,ASW,CE,Combined TRACON& Tower with Radar,18,18,30,0,66,0,22,22,0,44,18,40,52,0,110,0,0,0,110
09/09/2022,LFT,LA,ASW,CE,Combined TRACON& Tower with Radar,20,21,28,1,70,0,25,30,1,56,20,46,58,2,126,18,0,18,144
09/10/2022,LFT,LA,ASW,CE,Combined TRACON& Tower with Radar,17,18,13,0,48,0,5,31,0,36,17,23,44,0,84,10,0,10,94
09/11/2022,LFT,LA,ASW,CE,Combined TRACON& Tower with Radar,16,21,18,5,60,0,14,28,1,43,16,35,46,6,103,17,0,17,120
09/12/2022,LFT,LA,ASW,CE,Combined TRACON& Tower with Radar,15,25,27,0,67,0,13,29,0,42,15,38,56,0,109,21,0,21,130
09/13/2022,LFT,LA,ASW,CE,Combined TRACON& Tower with Radar,15,18,28,0,61,0,33,32,0,65,15,51,60,0,126,33,0,33,159
09/14/2022,LFT,LA,ASW,CE,Combined TRACON& Tower with Radar,14,23,24,1,62,0,17,48,0,65,14,40,72,1,127,66,0,66,193
09/15/2022,LFT,LA,ASW,CE,Combined TRACON& Tower with Radar,18,18,32,4,72,0,20,39,0,59,18,38,71,4,131,45,0,45,176
09/16/2022,LFT,LA,ASW,CE,Combined TRACON& Tower with Radar,16,23,34,8,81,0,27,37,3,67,16,50,71,11,148,26,0,26,174
09/17/2022,LFT,LA,ASW,CE,Combined TRACON& Tower with Radar,13,17,10,0,40,0,16,28,0,44,13,33,38,0,84,30,0,30,114
09/18/2022,LFT,LA,ASW,CE,Combined TRACON& Tower with Radar,15,20,25,1,61,0,9,28,6,43,15,29,53,7,104,14,0,14,118
09/19/2022,LFT,LA,ASW,CE,Combined TRACON& Tower with Radar,18,17,20,0,55,0,33,47,0,80,18,50,67,0,135,27,0,27,162
09/20/2022,LFT,LA,ASW,CE,Combined TRACON& Tower with Radar,14,19,15,0,48,0,31,51,0,82,14,50,66,0,130,29,0,29,159
09/21/2022,LFT,LA,ASW,CE,Combined TRACON& Tower with Radar,15,18,18,0,51,0,24,30,0,54,15,42,48,0,105,10,0,10,115
09/22/2022,LFT,LA,ASW,CE,Combined TRACON& Tower with Radar,14,18,29,0,61,0,38,38,0,76,14,56,67,0,137,22,0,22,159
09/23/2022,LFT,LA,ASW,CE,Combined TRACON& Tower with Radar,18,17,23,2,60,0,27,30,1,58,18,44,53,3,118,7,0,7,125
09/24/2022,LFT,LA,ASW,CE,Combined TRACON& Tower with Radar,13,17,14,0,44,0,7,37,0,44,13,24,51,0,88,14,0,14,102
09/25/2022,LFT,LA,ASW,CE,Combined TRACON& Tower with Radar,13,19,19,1,52,0,14,19,3,36,13,33,38,4,88,37,0,37,125
09/26/2022,LFT,LA,ASW,CE,Combined TRACON& Tower with Radar,14,17,28,0,59,0,24,44,0,68,14,41,72,0,127,0,0,0,127
09/27/2022,LFT,LA,ASW,CE,Combined TRACON& Tower with Radar,14,19,32,2,67,0,24,44,0,68,14,43,76,2,135,6,0,6,141
09/28/2022,LFT,LA,ASW,CE,Combined TRACON& Tower with Radar,14,24,25,0,63,0,17,35,0,52,14,41,60,0,115,0,0,0,115
09/29/2022,LFT,LA,ASW,CE,Combined TRACON& Tower with Radar,15,23,22,3,63,0,23,49,1,73,15,46,71,4,136,20,0,20,156
09/30/2022,LFT,LA,ASW,CE,Combined TRACON& Tower with Radar,21,21,29,0,71,0,24,60,0,84,21,45,89,0,155,56,0,56,211
10/01/2022,LFT,LA,ASW,CE,Combined TRACON& Tower with Radar,15,16,14,0,45,0,10,46,0,56,15,26,60,0,101,48,0,48,149
10/02/2022,LFT,LA,ASW,CE,Combined TRACON& Tower with Radar,16,20,21,8,65,0,12,27,0,39,16,32,48,8,104,34,0,34,138
10/03/2022,LFT,LA,ASW,CE,Combined TRACON& Tower with Radar,14,16,28,1,59,0,26,39,1,66,14,42,67,2,125,35,0,35,160
10/04/2022,LFT,LA,ASW,CE,Combined TRACON& Tower with Radar,13,25,22,0,60,0,26,35,1,62,13,51,57,1,122,36,0,36,158
10/05/2022,LFT,LA,ASW,CE,Combined TRACON& Tower with Radar,15,28,28,1,72,0,23,26,0,49,15,51,54,1,121,6,0,6,127
10/06/2022,LFT,LA,ASW,CE,Combined TRACON& Tower with Radar,24,16,31,3,74,0,29,39,4,72,24,45,70,7,146,13,0,13,159
10/07/2022,LFT,LA,ASW,CE,Combined TRACON& Tower with Radar,18,15,29,10,72,0,17,38,0,55,18,32,67,10,127,28,0,28,155
10/08/2022,LFT,LA,ASW,CE,Combined TRACON& Tower with Radar,15,14,21,0,50,0,8,23,0,31,15,22,44,0,81,4,0,4,85
10/09/2022,LFT,LA,ASW,CE,Combined TRACON& Tower with Radar,18,12,37,0,67,0,3,28,0,31,18,15,65,0,98,37,0,37,135
10/10/2022,LFT,LA,ASW,CE,Combined TRACON& Tower with Radar,17,12,22,0,51,0,7,26,1,34,17,19,48,1,85,30,0,30,115
10/11/2022,LFT,LA,ASW,CE,Combined TRACON& Tower with Radar,18,25,17,0,60,0,18,47,0,65,18,43,64,0,125,42,0,42,167
10/12/2022,LFT,LA,ASW,CE,Combined TRACON& Tower with Radar,17,23,38,0,78,0,26,17,0,43,17,49,55,0,121,0,0,0,121
10/13/2022,LFT,LA,ASW,CE,Combined TRACON& Tower with Radar,24,16,37,2,79,0,17,20,0,37,24,33,57,2,116,25,0,25,141
10/14/2022,LFT,LA,ASW,CE,Combined TRACON& Tower with Radar,21,23,38,5,87,0,32,44,1,77,21,55,82,6,164,58,0,58,222
10/15/2022,LFT,LA,ASW,CE,Combined TRACON& Tower with Radar,14,11,24,2,51,0,30,40,0,70,14,41,64,2,121,22,0,22,143
10/16/2022,LFT,LA,ASW,CE,Combined TRACON& Tower with Radar,17,14,34,1,66,0,16,25,0,41,17,30,59,1,107,22,0,22,129
10/17/2022,LFT,LA,ASW,CE,Combined TRACON& Tower with Radar,16,12,23,0,51,0,9,31,0,40,16,21,54,0,91,37,0,37,128
10/18/2022,LFT,LA,ASW,CE,Combined TRACON& Tower with Radar,19,20,16,0,55,0,11,21,0,32,19,31,37,0,87,12,0,12,99
10/19/2022,LFT,LA,ASW,CE,Combined TRACON& Tower with Radar,17,13,38,0,68,0,24,47,0,71,17,37,85,0,139,12,0,12,151
10/20/2022,LFT,LA,ASW,CE,Combined TRACON& Tower with Radar,18,26,30,0,74,0,28,39,0,67,18,54,69,0,141,44,0,44,185
10/21/2022,LFT,LA,ASW,CE,Combined TRACON& Tower with Radar,20,13,25,0,58,0,31,45,2,78,20,44,70,2,136,18,0,18,154
10/22/2022,LFT,LA,ASW,CE,Combined TRACON& Tower with Radar,17,17,12,0,46,0,18,35,0,53,17,35,47,0,99,12,0,12,111
10/23/2022,LFT,LA,ASW,CE,Combined TRACON& Tower with Radar,17,21,26,0,64,0,11,13,0,24,17,32,39,0,88,6,0,6,94
10/24/2022,LFT,LA,ASW,CE,Combined TRACON& Tower with Radar,16,18,18,0,52,0,24,26,0,50,16,42,44,0,102,10,0,10,112
10/25/2022,LFT,LA,ASW,CE,Combined TRACON& Tower with Radar,18,18,14,0,50,0,0,21,0,21,18,18,35,0,71,0,0,0,71
10/26/2022,LFT,LA,ASW,CE,Combined TRACON& Tower with Radar,25,14,26,0,65,0,1,43,0,44,25,15,69,0,109,0,0,0,109
10/27/2022,LFT,LA,ASW,CE,Combined TRACON& Tower with Radar,19,22,29,0,70,0,0,47,1,48,19,22,76,1,118,0,0,0,118
10/28/2022,LFT,LA,ASW,CE,Combined TRACON& Tower with Radar,19,14,31,0,64,0,1,26,0,27,19,15,57,0,91,0,0,0,91
10/29/2022,LFT,LA,ASW,CE,Combined TRACON& Tower with Radar,13,16,8,0,37,0,2,13,0,15,13,18,21,0,52,0,0,0,52
10/30/2022,LFT,LA,ASW,CE,Combined TRACON& Tower with Radar,18,17,21,3,59,0,2,13,0,15,18,19,34,3,74,0,0,0,74
10/31/2022,LFT,LA,ASW,CE,Combined TRACON& Tower with Radar,17,13,31,0,61,0,0,49,0,49,17,13,80,0,110,0,0,0,110
11/01/2022,LFT,LA,ASW,CE,Combined TRACON& Tower with Radar,21,9,28,0,58,0,0,22,0,22,21,9,50,0,80,0,0,0,80
11/02/2022,LFT,LA,ASW,CE,Combined TRACON& Tower with Radar,19,15,30,0,64,0,1,33,1,35,19,16,63,1,99,0,0,0,99
11/03/2022,LFT,LA,ASW,CE,Combined TRACON& Tower with Radar,19,13,22,0,54,0,10,43,0,53,19,23,65,0,107,0,0,0,107
11/04/2022,LFT,LA,ASW,CE,Combined TRACON& Tower with Radar,18,10,35,3,66,0,0,3,1,4,18,10,38,4,70,0,0,0,70
11/05/2022,LFT,LA,ASW,CE,Combined TRACON& Tower with Radar,16,7,11,0,34,0,2,9,0,11,16,9,20,0,45,0,0,0,45
11/06/2022,LFT,LA,ASW,CE,Combined TRACON& Tower with Radar,17,12,36,0,65,0,1,18,0,19,17,13,54,0,84,0,0,0,84
11/07/2022,LFT,LA,ASW,CE,Combined TRACON& Tower with Radar,17,9,28,0,54,0,1,22,0,23,17,10,50,0,77,0,0,0,77
11/08/2022,LFT,LA,ASW,CE,Combined TRACON& Tower with Radar,21,11,26,0,58,0,6,41,0,47,21,17,67,0,105,0,0,0,105
11/09/2022,LFT,LA,ASW,CE,Combined TRACON& Tower with Radar,19,11,30,6,66,0,0,21,1,22,19,11,51,7,88,0,0,0,88
11/10/2022,LFT,LA,ASW,CE,Combined TRACON& Tower with Radar,22,13,40,2,77,0,1,64,0,65,22,14,104,2,142,0,0,0,142
11/11/2022,LFT,LA,ASW,CE,Combined TRACON& Tower with Radar,22,13,34,0,69,0,4,40,0,44,22,17,74,0,113,0,0,0,113
11/12/2022,LFT,LA,ASW,CE,Combined TRACON& Tower with Radar,16,4,16,0,36,0,0,3,0,3,16,4,19,0,39,0,0,0,39
11/13/2022,LFT,LA,ASW,CE,Combined TRACON& Tower with Radar,18,13,31,0,62,0,5,30,0,35,18,18,61,0,97,0,0,0,97
11/14/2022,LFT,LA,ASW,CE,Combined TRACON& Tower with Radar,19,10,16,0,45,0,1,12,0,13,19,11,28,0,58,0,0,0,58
11/15/2022,LFT,LA,ASW,CE,Combined TRACON& Tower with Radar,24,16,21,0,61,0,0,1,0,1,24,16,22,0,62,0,0,0,62
11/16/2022,LFT,LA,ASW,CE,Combined TRACON& Tower with Radar,20,12,24,4,60,0,2,45,0,47,20,14,69,4,107,0,0,0,107
11/17/2022,LFT,LA,ASW,CE,Combined TRACON& Tower with Radar,23,8,38,4,73,0,5,41,2,48,23,13,79,6,121,0,0,0,121
11/18/2022,LFT,LA,ASW,CE,Combined TRACON& Tower with Radar,22,12,26,0,60,0,2,30,0,32,22,14,56,0,92,0,0,0,92
11/19/2022,LFT,LA,ASW,CE,Combined TRACON& Tower with Radar,19,9,24,0,52,0,0,4,0,4,19,9,28,0,56,0,0,0,56
11/20/2022,LFT,LA,ASW,CE,Combined TRACON& Tower with Radar,18,10,17,6,51,0,1,33,0,34,18,11,50,6,85,0,0,0,85
11/21/2022,LFT,LA,ASW,CE,Combined TRACON& Tower with Radar,19,11,18,0,48,0,1,28,0,29,19,12,46,0,77,0,0,0,77
11/22/2022,LFT,LA,ASW,CE,Combined TRACON& Tower with Radar,20,11,23,0,54,0,2,47,0,49,20,13,70,0,103,0,0,0,103
11/23/2022,LFT,LA,ASW,CE,Combined TRACON& Tower with Radar,20,9,28,2,59,0,0,55,0,55,20,9,83,2,114,0,0,0,114
11/24/2022,LFT,LA,ASW,CE,Combined TRACON& Tower with Radar,11,7,3,0,21,0,0,5,0,5,11,7,8,0,26,0,0,0,26
11/25/2022,LFT,LA,ASW,CE,Combined TRACON& Tower with Radar,21,17,11,0,49,0,0,0,0,0,21,17,11,0,49,0,0,0,49
11/26/2022,LFT,LA,ASW,CE,Combined TRACON& Tower with Radar,18,11,16,0,45,0,0,1,0,1,18,11,17,0,46,0,0,0,46
11/27/2022,LFT,LA,ASW,CE,Combined TRACON& Tower with Radar,17,7,34,0,58,0,1,36,0,37,17,8,70,0,95,0,0,0,95
11/28/2022,LFT,LA,ASW,CE,Combined TRACON& Tower with Radar,20,8,28,0,56,0,0,46,1,47,20,8,74,1,103,0,0,0,103
11/29/2022,LFT,LA,ASW,CE,Combined TRACON& Tower with Radar,20,8,21,0,49,0,0,0,0,0,20,8,21,0,49,0,0,0,49
11/30/2022,LFT,LA,ASW,CE,Combined TRACON& Tower with Radar,22,13,25,0,60,0,1,6,1,8,22,14,31,1,68,0,0,0,68
12/01/2022,LFT,LA,ASW,CE,Combined TRACON& Tower with Radar,21,9,38,4,72,0,45,44,0,89,21,54,82,4,161,30,0,30,191
12/02/2022,LFT,LA,ASW,CE,Combined TRACON& Tower with Radar,21,6,23,9,59,0,43,30,1,74,21,49,53,10,133,63,0,63,196
12/03/2022,LFT,LA,ASW,CE,Combined TRACON& Tower with Radar,21,7,12,0,40,0,2,3,0,5,21,9,15,0,45,8,0,8,53
12/04/2022,LFT,LA,ASW,CE,Combined TRACON& Tower with Radar,17,5,35,15,72,0,6,10,2,18,17,11,45,17,90,23,2,25,115
12/05/2022,LFT,LA,ASW,CE,Combined TRACON& Tower with Radar,20,8,33,0,61,0,11,12,0,23,20,19,45,0,84,20,0,20,104
12/06/2022,LFT,LA,ASW,CE,Combined TRACON& Tower with Radar,22,7,15,0,44,0,27,21,0,48,22,34,36,0,92,6,0,6,98
12/07/2022,LFT,LA,ASW,CE,Combined TRACON& Tower with Radar,22,11,47,1,81,0,17,29,0,46,22,28,76,1,127,17,0,17,144
12/08/2022,LFT,LA,ASW,CE,Combined TRACON& Tower with Radar,20,7,22,0,49,0,20,18,0,38,20,27,40,0,87,40,0,40,127
12/09/2022,LFT,LA,ASW,CE,Combined TRACON& Tower with Radar,26,17,49,0,92,0,17,18,0,35,26,34,67,0,127,37,0,37,164
12/10/2022,LFT,LA,ASW,CE,Combined TRACON& Tower with Radar,18,5,17,0,40,0,23,13,0,36,18,28,30,0,76,0,0,0,76
12/11/2022,LFT,LA,ASW,CE,Combined TRACON& Tower with Radar,18,6,22,0,46,0,5,7,0,12,18,11,29,0,58,8,0,8,66
12/12/2022,LFT,LA,ASW,CE,Combined TRACON& Tower with Radar,19,13,31,2,65,0,15,14,0,29,19,28,45,2,94,25,0,25,119
12/13/2022,LFT,LA,ASW,CE,Combined TRACON& Tower with Radar,19,20,42,0,81,0,11,1,0,12,19,31,43,0,93,0,0,0,93
12/14/2022,LFT,LA,ASW,CE,Combined TRACON& Tower with Radar,19,11,19,0,49,0,0,4,0,4,19,11,23,0,53,0,0,0,53
12/15/2022,LFT,LA,ASW,CE,Combined TRACON& Tower with Radar,16,12,33,2,63,0,53,50,0,103,16,65,83,2,166,4,0,4,170
12/16/2022,LFT,LA,ASW,CE,Combined TRACON& Tower with Radar,17,16,22,0,55,0,34,37,0,71,17,50,59,0,126,21,0,21,147
12/17/2022,LFT,LA,ASW,CE,Combined TRACON& Tower with Radar,13,12,15,0,40,0,14,32,0,46,13,26,47,0,86,11,0,11,97
12/18/2022,LFT,LA,ASW,CE,Combined TRACON& Tower with Radar,13,17,26,0,56,0,18,23,0,41,13,35,49,0,97,0,0,0,97
12/19/2022,LFT,LA,ASW,CE,Combined TRACON& Tower with Radar,14,11,13,0,38,0,3,7,0,10,14,14,20,0,48,29,0,29,77
12/20/2022,LFT,LA,ASW,CE,Combined TRACON& Tower with Radar,16,10,15,1,42,0,2,0,0,2,16,12,15,1,44,0,0,0,44
12/21/2022,LFT,LA,ASW,CE,Combined TRACON& Tower with Radar,21,10,23,2,56,0,0,0,0,0,21,10,23,2,56,0,0,0,56
12/22/2022,LFT,LA,ASW,CE,Combined TRACON& Tower with Radar,18,9,19,0,46,0,5,0,0,5,18,14,19,0,51,0,0,0,51
12/23/2022,LFT,LA,ASW,CE,Combined TRACON& Tower with Radar,13,7,11,0,31,0,8,4,0,12,13,15,15,0,43,0,0,0,43
12/24/2022,LFT,LA,ASW,CE,Combined TRACON& Tower with Radar,11,10,2,0,23,0,13,13,0,26,11,23,15,0,49,0,0,0,49
12/25/2022,LFT,LA,ASW,CE,Combined TRACON& Tower with Radar,10,11,6,0,27,0,7,7,0,14,10,18,13,0,41,28,0,28,69
12/26/2022,LFT,LA,ASW,CE,Combined TRACON& Tower with Radar,12,9,20,0,41,0,7,32,0,39,12,16,52,0,80,19,0,19,99
12/27/2022,LFT,LA,ASW,CE,Combined TRACON& Tower with Radar,17,16,40,0,73,0,15,50,0,65,17,31,90,0,138,5,0,5,143
12/28/2022,LFT,LA,ASW,CE,Combined TRACON& Tower with Radar,18,12,24,0,54,0,8,41,0,49,18,20,65,0,103,27,0,27,130
12/29/2022,LFT,LA,ASW,CE,Combined TRACON& Tower with Radar,14,16,22,0,52,0,17,7,0,24,14,33,29,0,76,6,0,6,82
12/30/2022,LFT,LA,ASW,CE,Combined TRACON& Tower with Radar,15,12,25,0,52,0,0,0,0,0,15,12,25,0,52,0,0,0,52
12/31/2022,LFT,LA,ASW,CE,Combined TRACON& Tower with Radar,11,15,28,0,54,0,8,15,0,23,11,23,43,0,77,0,0,0,77
01/01/2023,LFT,LA,ASW,CE,Combined TRACON& Tower with Radar,10,6,7,0,23,0,0,0,0,0,10,6,7,0,23,0,0,0,23
01/02/2023,LFT,LA,ASW,CE,Combined TRACON& Tower with Radar,17,6,22,0,45,0,6,2,0,8,17,12,24,0,53,0,0,0,53
01/03/2023,LFT,LA,ASW,CE,Combined TRACON& Tower with Radar,16,11,14,0,41,0,0,0,0,0,16,11,14,0,41,0,0,0,41
01/04/2023,LFT,LA,ASW,CE,Combined TRACON& Tower with Radar,17,14,22,1,54,0,39,40,3,82,17,53,62,4,136,49,0,49,185
01/05/2023,LFT,LA,ASW,CE,Combined TRACON& Tower with Radar,17,18,16,0,51,0,37,35,0,72,17,55,51,0,123,25,0,25,148
01/06/2023,LFT,LA,ASW,CE,Combined TRACON& Tower with Radar,18,10,21,0,49,0,40,55,0,95,18,50,76,0,144,63,0,63,207
01/07/2023,LFT,LA,ASW,CE,Combined TRACON& Tower with Radar,12,8,13,0,33,0,11,33,0,44,12,19,46,0,77,21,0,21,98
01/08/2023,LFT,LA,ASW,CE,Combined TRACON& Tower with Radar,13,11,16,0,40,0,0,0,0,0,13,11,16,0,40,0,0,0,40
01/09/2023,LFT,LA,ASW,CE,Combined TRACON& Tower with Radar,16,14,21,0,51,0,41,33,0,74,16,55,54,0,125,70,0,70,195
01/10/2023,LFT,LA,ASW,CE,Combined TRACON& Tower with Radar,17,13,28,0,58,0,23,20,0,43,17,36,48,0,101,46,0,46,147
01/11/2023,LFT,LA,ASW,CE,Combined TRACON& Tower with Radar,20,8,26,2,56,0,0,13,0,13,20,8,39,2,69,0,0,0,69
01/12/2023,LFT,LA,ASW,CE,Combined TRACON& Tower with Radar,18,10,20,0,48,0,3,18,0,21,18,13,38,0,69,0,0,0,69
01/13/2023,LFT,LA,ASW,CE,Combined TRACON& Tower with Radar,21,9,28,0,58,0,2,50,0,52,21,11,78,0,110,14,0,14,124
01/14/2023,LFT,LA,ASW,CE,Combined TRACON& Tower with Radar,13,8,29,0,50,0,4,53,0,57,13,12,82,0,107,43,0,43,150
01/15/2023,LFT,LA,ASW,CE,Combined TRACON& Tower with Radar,12,15,24,3,54,0,11,20,0,31,12,26,44,3,85,39,0,39,124
01/16/2023,LFT,LA,ASW,CE,Combined TRACON& Tower with Radar,17,9,17,0,43,0,14,14,0,28,17,23,31,0,71,0,0,0,71
01/17/2023,LFT,LA,ASW,CE,Combined TRACON& Tower with Radar,20,13,33,0,66,0,12,17,0,29,20,25,50,0,95,31,0,31,126
01/18/2023,LFT,LA,ASW,CE,Combined TRACON& Tower with Radar,18,13,25,0,56,0,9,3,0,12,18,22,28,0,68,0,0,0,68
01/19/2023,LFT,LA,ASW,CE,Combined TRACON& Tower with Radar,20,14,34,3,71,0,26,38,1,65,20,40,72,4,136,48,0,48,184
01/20/2023,LFT,LA,ASW,CE,Combined TRACON& Tower with Radar,19,25,28,2,74,0,29,46,0,75,19,54,74,2,149,71,0,71,220
01/21/2023,LFT,LA,ASW,CE,Combined TRACON& Tower with Radar,15,8,6,0,29,0,0,1,0,1,15,8,7,0,30,0,0,0,30
01/22/2023,LFT,LA,ASW,CE,Combined TRACON& Tower with Radar,15,12,28,0,55,0,3,17,0,20,15,15,45,0,75,0,0,0,75
01/23/2023,LFT,LA,ASW,CE,Combined TRACON& Tower with Radar,18,15,31,8,72,0,38,45,0,83,18,53,76,8,155,28,0,28,183
01/24/2023,LFT,LA,ASW,CE,Combined TRACON& Tower with Radar,18,9,10,0,37,0,1,0,0,1,18,10,10,0,38,0,0,0,38
01/25/2023,LFT,LA,ASW,CE,Combined TRACON& Tower with Radar,21,18,34,2,75,0,23,13,0,36,21,41,47,2,111,13,1,14,125
01/26/2023,LFT,LA,ASW,CE,Combined TRACON& Tower with Radar,18,19,28,0,65,0,27,44,0,71,18,46,72,0,136,39,0,39,175
01/27/2023,LFT,LA,ASW,CE,Combined TRACON& Tower with Radar,19,14,16,0,49,0,29,47,2,78,19,43,63,2,127,107,0,107,234
01/28/2023,LFT,LA,ASW,CE,Combined TRACON& Tower with Radar,15,8,15,0,38,0,17,16,2,35,15,25,31,2,73,12,0,12,85
01/29/2023,LFT,LA,ASW,CE,Combined TRACON& Tower with Radar,17,12,22,0,51,0,0,0,0,0,17,12,22,0,51,0,0,0,51
01/30/2023,LFT,LA,ASW,CE,Combined TRACON& Tower with Radar,12,13,11,3,39,0,0,0,0,0,12,13,11,3,39,0,0,0,39
01/31/2023,LFT,LA,ASW,CE,Combined TRACON& Tower with Radar,11,10,5,0,26,0,0,0,0,0,11,10,5,0,26,0,0,0,26
02/01/2023,LFT,LA,ASW,CE,Combined TRACON& Tower with Radar,11,16,11,0,38,0,0,0,0,0,11,16,11,0,38,0,0,0,38
02/02/2023,LFT,LA,ASW,CE,Combined TRACON& Tower with Radar,17,9,6,2,34,0,0,0,0,0,17,9,6,2,34,0,0,0,34
02/03/2023,LFT,LA,ASW,CE,Combined TRACON& Tower with Radar,19,17,18,0,54,0,16,53,0,69,19,33,71,0,123,72,0,72,195
02/04/2023,LFT,LA,ASW,CE,Combined TRACON& Tower with Radar,16,9,12,2,39,0,34,68,0,102,16,43,80,2,141,50,0,50,191
02/05/2023,LFT,LA,ASW,CE,Combined TRACON& Tower with Radar,16,6,22,0,44,0,13,53,0,66,16,19,75,0,110,62,0,62,172
02/06/2023,LFT,LA,ASW,CE,Combined TRACON& Tower with Radar,16,10,15,0,41,0,40,39,0,79,16,50,54,0,120,34,0,34,154
02/07/2023,LFT,LA,ASW,CE,Combined TRACON& Tower with Radar,13,16,22,0,51,0,35,34,0,69,13,51,56,0,120,36,0,36,156
02/08/2023,LFT,LA,ASW,CE,Combined TRACON& Tower with Radar,12,6,17,0,35,0,4,0,0,4,12,10,17,0,39,0,0,0,39
02/09/2023,LFT,LA,ASW,CE,Combined TRACON& Tower with Radar,20,18,29,10,77,0,19,38,0,57,20,37,67,10,134,36,0,36,170
02/10/2023,LFT,LA,ASW,CE,Combined TRACON& Tower with Radar,19,14,12,0,45,0,21,36,3,60,19,35,48,3,105,12,0,12,117
02/11/2023,LFT,LA,ASW,CE,Combined TRACON& Tower with Radar,16,15,2,0,33,0,5,0,0,5,16,20,2,0,38,0,0,0,38
02/12/2023,LFT,LA,ASW,CE,Combined TRACON& Tower with Radar,14,12,23,2,51,0,23,54,0,77,14,35,77,2,128,0,0,0,128
02/13/2023,LFT,LA,ASW,CE,Combined TRACON& Tower with Radar,15,11,19,0,45,0,10,21,0,31,15,21,40,0,76,0,0,0,76
02/14/2023,LFT,LA,ASW,CE,Combined TRACON& Tower with Radar,16,13,16,0,45,0,0,6,0,6,16,13,22,0,51,0,0,0,51
02/15/2023,LFT,LA,ASW,CE,Combined TRACON& Tower with Radar,14,20,28,0,62,0,4,0,0,4,14,24,28,0,66,0,0,0,66
02/16/2023,LFT,LA,ASW,CE,Combined TRACON& Tower with Radar,21,9,9,0,39,0,0,0,0,0,21,9,9,0,39,0,0,0,39
02/17/2023,LFT,LA,ASW,CE,Combined TRACON& Tower with Radar,22,17,35,0,74,0,9,35,0,44,22,26,70,0,118,4,0,4,122
02/18/2023,LFT,LA,ASW,CE,Combined TRACON& Tower with Radar,16,9,19,0,44,0,14,37,0,51,16,23,56,0,95,16,0,16,111
02/19/2023,LFT,LA,ASW,CE,Combined TRACON& Tower with Radar,16,15,24,0,55,0,17,32,0,49,16,32,56,0,104,62,0,62,166
02/20/2023,LFT,LA,ASW,CE,Combined TRACON& Tower with Radar,17,8,29,0,54,0,1,10,0,11,17,9,39,0,65,0,0,0,65
02/21/2023,LFT,LA,ASW,CE,Combined TRACON& Tower with Radar,15,20,23,0,58,0,4,11,0,15,15,24,34,0,73,0,0,0,73
02/22/2023,LFT,LA,ASW,CE,Combined TRACON& Tower with Radar,16,9,20,2,47,0,0,3,0,3,16,9,23,2,50,0,0,0,50
02/23/2023,LFT,LA,ASW,CE,Combined TRACON& Tower with Radar,21,15,31,2,69,0,1,8,0,9,21,16,39,2,78,0,0,0,78
02/24/2023,LFT,LA,ASW,CE,Combined TRACON& Tower with Radar,19,10,38,0,67,0,0,9,0,9,19,10,47,0,76,0,0,0,76
02/25/2023,LFT,LA,ASW,CE,Combined TRACON& Tower with Radar,15,9,19,0,43,0,1,18,0,19,15,10,37,0,62,0,0,0,62
02/26/2023,LFT,LA,ASW,CE,Combined TRACON& Tower with Radar,17,18,35,1,71,0,1,18,0,19,17,19,53,1,90,0,0,0,90
02/27/2023,LFT,LA,ASW,CE,Combined TRACON& Tower with Radar,17,20,27,0,64,0,6,18,0,24,17,26,45,0,88,0,0,0,88
02/28/2023,LFT,LA,ASW,CE,Combined TRACON& Tower with Radar,13,10,29,1,53,0,3,32,1,36,13,13,61,2,89,0,0,0,89
03/01/2023,LFT,LA,ASW,CE,Combined TRACON& Tower with Radar,14,12,26,0,52,0,4,1,0,5,14,16,27,0,57,0,0,0,57
03/02/2023,LFT,LA,ASW,CE,Combined TRACON& Tower with Radar,14,16,21,1,52,0,1,11,1,13,14,17,32,2,65,0,0,0,65
03/03/2023,LFT,LA,ASW,CE,Combined TRACON& Tower with Radar,21,14,21,0,56,0,2,26,0,28,21,16,47,0,84,0,0,0,84
03/04/2023,LFT,LA,ASW,CE,Combined TRACON& Tower with Radar,17,9,24,0,50,0,2,47,0,49,17,11,71,0,99,0,0,0,99
03/05/2023,LFT,LA,ASW,CE,Combined TRACON& Tower with Radar,15,9,21,0,45,0,6,49,0,55,15,15,70,0,100,0,0,0,100
03/06/2023,LFT,LA,ASW,CE,Combined TRACON& Tower with Radar,16,10,37,0,63,0,5,15,1,21,16,15,52,1,84,35,0,35,119
03/07/2023,LFT,LA,ASW,CE,Combined TRACON& Tower with Radar,13,11,26,0,50,0,6,14,0,20,13,17,40,0,70,20,0,20,90
03/08/2023,LFT,LA,ASW,CE,Combined TRACON& Tower with Radar,16,9,17,0,42,0,12,22,0,34,16,21,39,0,76,52,0,52,128
03/09/2023,LFT,LA,ASW,CE,Combined TRACON& Tower with Radar,21,16,17,0,54,0,9,23,2,34,21,25,40,2,88,40,4,44,132
03/10/2023,LFT,LA,ASW,CE,Combined TRACON& Tower with Radar,20,14,25,5,64,0,8,16,0,24,20,22,41,5,88,36,22,58,146
03/11/2023,LFT,LA,ASW,CE,Combined TRACON& Tower with Radar,19,13,21,0,53,0,10,18,0,28,19,23,39,0,81,8,0,8,89
03/12/2023,LFT,LA,ASW,CE,Combined TRACON& Tower with Radar,15,17,17,0,49,0,7,10,0,17,15,24,27,0,66,0,0,0,66
03/13/2023,LFT,LA,ASW,CE,Combined TRACON& Tower with Radar,17,9,21,0,47,0,17,22,1,40,17,26,43,1,87,15,0,15,102
03/14/2023,LFT,LA,ASW,CE,Combined TRACON& Tower with Radar,18,14,23,0,55,0,34,32,1,67,18,48,55,1,122,58,0,58,180
03/15/2023,LFT,LA,ASW,CE,Combined TRACON& Tower with Radar,16,10,38,3,67,0,16,37,0,53,16,26,75,3,120,32,0,32,152
03/16/2023,LFT,LA,ASW,CE,Combined TRACON& Tower with Radar,15,10,26,0,51,0,31,23,0,54,15,41,49,0,105,20,0,20,125
03/17/2023,LFT,LA,ASW,CE,Combined TRACON& Tower with Radar,21,13,15,0,49,0,2,1,0,3,21,15,16,0,52,0,0,0,52
03/18/2023,LFT,LA,ASW,CE,Combined TRACON& Tower with Radar,17,12,17,0,46,0,14,17,1,32,17,26,34,1,78,4,0,4,82
03/19/2023,LFT,LA,ASW,CE,Combined TRACON& Tower with Radar,15,15,15,0,45,0,9,34,0,43,15,24,49,0,88,4,0,4,92
03/20/2023,LFT,LA,ASW,CE,Combined TRACON& Tower with Radar,17,10,28,2,57,0,33,30,0,63,17,43,58,2,120,8,0,8,128
03/21/2023,LFT,LA,ASW,CE,Combined TRACON& Tower with Radar,17,7,27,2,53,0,29,45,0,74,17,36,72,2,127,8,0,8,135
03/22/2023,LFT,LA,ASW,CE,Combined TRACON& Tower with Radar,16,19,27,5,67,0,39,24,4,67,16,58,51,9,134,22,0,22,156
03/23/2023,LFT,LA,ASW,CE,Combined TRACON& Tower with Radar,17,12,31,0,60,0,14,5,0,19,17,26,36,0,79,0,0,0,79
03/24/2023,LFT,LA,ASW,CE,Combined TRACON& Tower with Radar,18,13,20,0,51,0,3,2,0,5,18,16,22,0,56,2,0,2,58
03/25/2023,LFT,LA,ASW,CE,Combined TRACON& Tower with Radar,19,12,30,0,61,0,2,38,0,40,19,14,68,0,101,12,0,12,113
03/26/2023,LFT,LA,ASW,CE,Combined TRACON& Tower with Radar,20,4,18,6,48,0,1,2,0,3,20,5,20,6,51,2,0,2,53
03/27/2023,LFT,LA,ASW,CE,Combined TRACON& Tower with Radar,24,7,16,0,47,0,0,6,0,6,24,7,22,0,53,0,0,0,53
03/28/2023,LFT,LA,ASW,CE,Combined TRACON& Tower with Radar,22,5,22,0,49,0,0,15,0,15,22,5,37,0,64,0,0,0,64
03/29/2023,LFT,LA,ASW,CE,Combined TRACON& Tower with Radar,21,4,32,0,57,0,26,34,0,60,21,30,66,0,117,45,0,45,162
03/30/2023,LFT,LA,ASW,CE,Combined TRACON& Tower with Radar,25,6,31,0,62,0,25,38,0,63,25,31,69,0,125,29,0,29,154
03/31/2023,LFT,LA,ASW,CE,Combined TRACON& Tower with Radar,24,6,24,0,54,0,9,10,0,19,24,15,34,0,73,0,0,0,73
04/01/2023,LFT,LA,ASW,CE,Combined TRACON& Tower with Radar,23,5,22,0,50,0,6,27,0,33,23,11,49,0,83,41,0,41,124
04/02/2023,LFT,LA,ASW,CE,Combined TRACON& Tower with Radar,19,4,40,6,69,0,7,37,0,44,19,11,77,6,113,38,0,38,151
04/03/2023,LFT,LA,ASW,CE,Combined TRACON& Tower with Radar,25,4,36,2,67,0,6,22,0,28,25,10,58,2,95,44,0,44,139
04/04/2023,LFT,LA,ASW,CE,Combined TRACON& Tower with Radar,24,5,31,4,64,0,18,7,0,25,24,23,38,4,89,0,0,0,89
04/05/2023,LFT,LA,ASW,CE,Combined TRACON& Tower with Radar,30,6,25,0,61,0,20,6,1,27,30,26,31,1,88,4,0,4,92
04/06/2023,LFT,LA,ASW,CE,Combined TRACON& Tower with Radar,26,7,27,0,60,0,1,1,0,2,26,8,28,0,62,25,0,25,87
04/07/2023,LFT,LA,ASW,CE,Combined TRACON& Tower with Radar,25,7,18,0,50,0,0,0,0,0,25,7,18,0,50,0,0,0,50
04/08/2023,LFT,LA,ASW,CE,Combined TRACON& Tower with Radar,25,5,16,0,46,0,5,1,0,6,25,10,17,0,52,4,0,4,56
04/09/2023,LFT,LA,ASW,CE,Combined TRACON& Tower with Radar,21,9,18,0,48,0,6,0,0,6,21,15,18,0,54,0,0,0,54
04/10/2023,LFT,LA,ASW,CE,Combined TRACON& Tower with Radar,26,8,31,0,65,0,30,42,0,72,26,38,73,0,137,71,0,71,208
04/11/2023,LFT,LA,ASW,CE,Combined TRACON& Tower with Radar,26,3,33,0,62,0,32,25,0,57,26,35,58,0,119,66,0,66,185
04/12/2023,LFT,LA,ASW,CE,Combined TRACON& Tower with Radar,24,7,19,0,50,0,27,27,0,54,24,34,46,0,104,6,0,6,110
04/13/2023,LFT,LA,ASW,CE,Combined TRACON& Tower with Radar,24,6,31,0,61,0,17,25,4,46,24,23,56,4,107,48,8,56,163
04/14/2023,LFT,LA,ASW,CE,Combined TRACON& Tower with Radar,27,5,48,4,84,0,21,39,0,60,27,26,87,4,144,72,0,72,216
04/15/2023,LFT,LA,ASW,CE,Combined TRACON& Tower with Radar,19,9,14,0,42,0,4,2,0,6,19,13,16,0,48,24,0,24,72
04/16/2023,LFT,LA,ASW,CE,Combined TRACON& Tower with Radar,23,4,31,0,58,0,13,35,0,48,23,17,66,0,106,2,0,2,108
04/17/2023,LFT,LA,ASW,CE,Combined TRACON& Tower with Radar,24,9,31,3,67,0,28,43,1,72,24,37,74,4,139,19,0,19,158
04/18/2023,LFT,LA,ASW,CE,Combined TRACON& Tower with Radar,28,4,21,0,53,0,2,24,0,26,28,6,45,0,79,0,0,0,79
04/19/2023,LFT,LA,ASW,CE,Combined TRACON& Tower with Radar,23,7,48,0,78,0,6,51,0,57,23,13,99,0,135,0,0,0,135
04/20/2023,LFT,LA,ASW,CE,Combined TRACON& Tower with Radar,25,9,30,2,66,0,3,21,0,24,25,12,51,2,90,0,0,0,90
04/21/2023,LFT,LA,ASW,CE,Combined TRACON& Tower with Radar,27,2,16,2,47,0,2,12,0,14,27,4,28,2,61,0,0,0,61
04/22/2023,LFT,LA,ASW,CE,Combined TRACON& Tower with Radar,23,3,13,4,43,0,17,46,1,64,23,20,59,5,107,12,3,15,122
04/23/2023,LFT,LA,ASW,CE,Combined TRACON& Tower with Radar,25,10,26,2,63,0,5,27,0,32,25,15,53,2,95,0,0,0,95
04/24/2023,LFT,LA,ASW,CE,Combined TRACON& Tower with Radar,24,5,33,0,62,0,2,50,0,52,24,7,83,0,114,0,0,0,114
04/25/2023,LFT,LA,ASW,CE,Combined TRACON& Tower with Radar,24,4,32,2,62,0,5,26,0,31,24,9,58,2,93,0,0,0,93
04/26/2023,LFT,LA,ASW,CE,Combined TRACON& Tower with Radar,21,5,39,2,67,0,1,28,0,29,21,6,67,2,96,0,0,0,96
04/27/2023,LFT,LA,ASW,CE,Combined TRACON& Tower with Radar,24,7,23,0,54,0,1,11,0,12,24,8,34,0,66,0,0,0,66
04/28/2023,LFT,LA,ASW,CE,Combined TRACON& Tower with Radar,25,12,24,0,61,0,2,61,0,63,25,14,85,0,124,0,0,0,124
04/29/2023,LFT,LA,ASW,CE,Combined TRACON& Tower with Radar,23,5,20,0,48,0,3,7,0,10,23,8,27,0,58,0,0,0,58
04/30/2023,LFT,LA,ASW,CE,Combined TRACON& Tower with Radar,24,7,21,0,52,0,0,42,0,42,24,7,63,0,94,0,0,0,94
05/01/2023,LFT,LA,ASW,CE,Combined TRACON& Tower with Radar,25,6,25,0,56,0,24,42,0,66,25,30,67,0,122,7,0,7,129
05/02/2023,LFT,LA,ASW,CE,Combined TRACON& Tower with Radar,25,5,23,0,53,0,33,51,0,84,25,38,74,0,137,36,0,36,173
05/03/2023,LFT,LA,ASW,CE,Combined TRACON& Tower with Radar,22,9,24,0,55,0,43,41,0,84,22,52,65,0,139,24,0,24,163
05/04/2023,LFT,LA,ASW,CE,Combined TRACON& Tower with Radar,24,3,32,0,59,0,20,36,0,56,24,23,68,0,115,65,0,65,180
05/05/2023,LFT,LA,ASW,CE,Combined TRACON& Tower with Radar,23,6,30,0,59,0,17,9,0,26,23,23,39,0,85,11,0,11,96
05/06/2023,LFT,LA,ASW,CE,Combined TRACON& Tower with Radar,18,11,21,0,50,0,7,7,0,14,18,18,28,0,64,4,0,4,68
05/07/2023,LFT,LA,ASW,CE,Combined TRACON& Tower with Radar,19,8,43,0,70,0,7,12,0,19,19,15,55,0,89,0,0,0,89
05/08/2023,LFT,LA,ASW,CE,Combined TRACON& Tower with Radar,19,4,24,2,49,0,4,9,0,13,19,8,33,2,62,12,0,12,74
05/09/2023,LFT,LA,ASW,CE,Combined TRACON& Tower with Radar,16,8,21,0,45,0,10,9,0,19,16,18,30,0,64,2,0,2,66
05/10/2023,LFT,LA,ASW,CE,Combined TRACON& Tower with Radar,17,10,21,0,48,0,17,24,0,41,17,27,45,0,89,14,0,14,103
05/11/2023,LFT,LA,ASW,CE,Combined TRACON& Tower with Radar,24,18,36,0,78,0,22,21,0,43,24,40,57,0,121,4,0,4,125
05/12/2023,LFT,LA,ASW,CE,Combined TRACON& Tower with Radar,24,9,26,1,60,0,6,21,0,27,24,15,47,1,87,18,0,18,105
05/13/2023,LFT,LA,ASW,CE,Combined TRACON& Tower with Radar,18,6,21,0,45,0,20,30,0,50,18,26,51,0,95,24,0,24,119
05/14/2023,LFT,LA,ASW,CE,Combined TRACON& Tower with Radar,20,8,15,0,43,0,8,7,0,15,20,16,22,0,58,0,0,0,58
05/15/2023,LFT,LA,ASW,CE,Combined TRACON& Tower with Radar,20,14,17,0,51,0,17,16,2,35,20,31,33,2,86,2,0,2,88
05/16/2023,LFT,LA,ASW,CE,Combined TRACON& Tower with Radar,16,7,31,0,54,0,37,26,0,63,16,44,57,0,117,27,0,27,144
05/17/2023,LFT,LA,ASW,CE,Combined TRACON& Tower with Radar,21,7,50,0,78,0,24,35,0,59,21,31,85,0,137,40,0,40,177
05/18/2023,LFT,LA,ASW,CE,Combined TRACON& Tower with Radar,22,10,38,0,70,0,33,54,0,87,22,43,92,0,157,25,0,25,182
05/19/2023,LFT,LA,ASW,CE,Combined TRACON& Tower with Radar,17,10,24,1,52,0,26,37,1,64,17,36,61,2,116,35,0,35,151
05/20/2023,LFT,LA,ASW,CE,Combined TRACON& Tower with Radar,17,7,22,6,52,0,17,27,2,46,17,24,49,8,98,4,0,4,102
05/21/2023,LFT,LA,ASW,CE,Combined TRACON& Tower with Radar,19,6,29,1,55,0,21,23,0,44,19,27,52,1,99,24,0,24,123
05/22/2023,LFT,LA,ASW,CE,Combined TRACON& Tower with Radar,20,7,30,0,57,0,37,29,0,66,20,44,59,0,123,22,14,36,159
05/23/2023,LFT,LA,ASW,CE,Combined TRACON& Tower with Radar,22,8,33,0,63,0,43,33,2,78,22,51,66,2,141,58,0,58,199
05/24/2023,LFT,LA,ASW,CE,Combined TRACON& Tower with Radar,21,6,34,0,61,0,29,42,0,71,21,35,76,0,132,22,0,22,154
05/25/2023,LFT,LA,ASW,CE,Combined TRACON& Tower with Radar,22,10,34,2,68,0,48,37,0,85,22,58,71,2,153,8,0,8,161
05/26/2023,LFT,LA,ASW,CE,Combined TRACON& Tower with Radar,21,13,20,0,54,0,30,39,0,69,21,43,59,0,123,19,0,19,142
05/27/2023,LFT,LA,ASW,CE,Combined TRACON& Tower with Radar,15,8,13,0,36,0,12,35,0,47,15,20,48,0,83,32,0,32,115
05/28/2023,LFT,LA,ASW,CE,Combined TRACON& Tower with Radar,14,8,14,0,36,0,21,26,0,47,14,29,40,0,83,26,0,26,109
05/29/2023,LFT,LA,ASW,CE,Combined TRACON& Tower with Radar,20,9,29,0,58,0,14,34,0,48,20,23,63,0,106,12,0,12,118
05/30/2023,LFT,LA,ASW,CE,Combined TRACON& Tower with Radar,17,10,25,2,54,0,28,25,0,53,17,38,50,2,107,61,0,61,168
05/31/2023,LFT,LA,ASW,CE,Combined TRACON& Tower with Radar,22,4,29,0,55,0,21,33,4,58,22,25,62,4,113,67,0,67,180
06/01/2023,LFT,LA,ASW,CE,Combined TRACON& Tower with Radar,26,2,15,0,43,0,43,54,0,97,26,45,69,0,140,25,0,25,165
06/02/2023,LFT,LA,ASW,CE,Combined TRACON& Tower with Radar,21,9,24,2,56,0,36,37,0,73,21,45,61,2,129,35,0,35,164
06/03/2023,LFT,LA,ASW,CE,Combined TRACON& Tower with Radar,16,7,14,0,37,0,18,32,0,50,16,25,46,0,87,18,0,18,105
06/04/2023,LFT,LA,ASW,CE,Combined TRACON& Tower with Radar,15,10,26,0,51,0,9,31,0,40,15,19,57,0,91,0,0,0,91
06/05/2023,LFT,LA,ASW,CE,Combined TRACON& Tower with Radar,18,9,15,0,42,0,7,14,2,23,18,16,29,2,65,17,0,17,82
06/06/2023,LFT,LA,ASW,CE,Combined TRACON& Tower with Radar,15,12,31,0,58,0,43,21,0,64,15,55,52,0,122,33,0,33,155
06/07/2023,LFT,LA,ASW,CE,Combined TRACON& Tower with Radar,22,10,26,0,58,0,6,46,0,52,22,16,72,0,110,0,0,0,110
06/08/2023,LFT,LA,ASW,CE,Combined TRACON& Tower with Radar,20,13,20,0,53,0,29,27,0,56,20,42,47,0,109,39,0,39,148
06/09/2023,LFT,LA,ASW,CE,Combined TRACON& Tower with Radar,17,9,25,6,57,0,16,24,2,42,17,25,49,8,99,48,0,48,147
06/10/2023,LFT,LA,ASW,CE,Combined TRACON& Tower with Radar,13,10,30,0,53,0,15,51,0,66,13,25,81,0,119,2,0,2,121
06/11/2023,LFT,LA,ASW,CE,Combined TRACON& Tower with Radar,14,14,31,0,59,0,11,17,0,28,14,25,48,0,87,13,0,13,100
06/12/2023,LFT,LA,ASW,CE,Combined TRACON& Tower with Radar,16,11,25,0,52,0,25,27,0,52,16,36,52,0,104,18,0,18,122
06/13/2023,LFT,LA,ASW,CE,Combined TRACON& Tower with Radar,15,10,22,2,49,0,40,24,1,65,15,50,46,3,114,38,0,38,152
06/14/2023,LFT,LA,ASW,CE,Combined TRACON& Tower with Radar,19,12,44,0,75,0,28,32,0,60,19,40,76,0,135,53,0,53,188
06/15/2023,LFT,LA,ASW,CE,Combined TRACON& Tower with Radar,17,13,26,0,56,0,37,18,0,55,17,50,44,0,111,0,0,0,111
06/16/2023,LFT,LA,ASW,CE,Combined TRACON& Tower with Radar,17,11,21,4,53,0,27,20,0,47,17,38,41,4,100,22,0,22,122
06/17/2023,LFT,LA,ASW,CE,Combined TRACON& Tower with Radar,15,9,18,0,42,0,19,15,2,36,15,28,33,2,78,22,0,22,100
06/18/2023,LFT,LA,ASW,CE,Combined TRACON& Tower with Radar,15,14,34,0,63,0,18,19,0,37,15,32,53,0,100,16,0,16,116
06/19/2023,LFT,LA,ASW,CE,Combined TRACON& Tower with Radar,16,16,20,0,52,0,24,22,0,46,16,40,42,0,98,12,0,12,110
06/20/2023,LFT,LA,ASW,CE,Combined TRACON& Tower with Radar,12,9,17,0,38,0,33,22,0,55,12,42,39,0,93,40,0,40,133
06/21/2023,LFT,LA,ASW,CE,Combined TRACON& Tower with Radar,18,13,33,0,64,0,36,40,0,76,18,49,73,0,140,27,0,27,167
06/22/2023,LFT,LA,ASW,CE,Combined TRACON& Tower with Radar,17,10,16,2,45,0,30,47,0,77,17,40,63,2,122,42,0,42,164
06/23/2023,LFT,LA,ASW,CE,Combined TRACON& Tower with Radar,18,14,20,2,54,0,20,26,0,46,18,34,46,2,100,26,0,26,126
06/24/2023,LFT,LA,ASW,CE,Combined TRACON& Tower with Radar,14,8,18,0,40,0,4,13,0,17,14,12,31,0,57,13,0,13,70
06/25/2023,LFT,LA,ASW,CE,Combined TRACON& Tower with Radar,17,9,31,2,59,0,14,29,0,43,17,23,60,2,102,11,0,11,113
06/26/2023,LFT,LA,ASW,CE,Combined TRACON& Tower with Radar,21,7,22,4,54,0,24,39,0,63,21,31,61,4,117,18,0,18,135
06/27/2023,LFT,LA,ASW,CE,Combined TRACON& Tower with Radar,21,8,27,2,58,0,29,36,0,65,21,37,63,2,123,29,0,29,152
06/28/2023,LFT,LA,ASW,CE,Combined TRACON& Tower with Radar,17,8,23,3,51,0,35,48,1,84,17,43,71,4,135,0,2,2,137
06/29/2023,LFT,LA,ASW,CE,Combined TRACON& Tower with Radar,21,12,16,2,51,0,33,37,2,72,21,45,53,4,123,54,0,54,177
06/30/2023,LFT,LA,ASW,CE,Combined TRACON& Tower with Radar,21,6,18,0,45,0,28,47,0,75,21,34,65,0,120,10,0,10,130
07/01/2023,LFT,LA,ASW,CE,Combined TRACON& Tower with Radar,16,8,31,0,55,0,20,24,0,44,16,28,55,0,99,4,0,4,103
07/02/2023,LFT,LA,ASW,CE,Combined TRACON& Tower with Radar,15,8,9,0,32,0,22,18,0,40,15,30,27,0,72,6,0,6,78
07/03/2023,LFT,LA,ASW,CE,Combined TRACON& Tower with Radar,18,8,15,0,41,0,25,15,0,40,18,33,30,0,81,23,0,23,104
07/04/2023,LFT,LA,ASW,CE,Combined TRACON& Tower with Radar,15,5,7,0,27,0,19,14,0,33,15,24,21,0,60,4,0,4,64
07/05/2023,LFT,LA,ASW,CE,Combined TRACON& Tower with Radar,19,10,13,4,46,0,28,21,0,49,19,38,34,4,95,33,0,33,128
07/06/2023,LFT,LA,ASW,CE,Combined TRACON& Tower with Radar,21,12,21,0,54,0,26,32,0,58,21,38,53,0,112,41,0,41,153
07/07/2023,LFT,LA,ASW,CE,Combined TRACON& Tower with Radar,20,9,24,0,53,0,28,42,0,70,20,37,66,0,123,17,0,17,140
07/08/2023,LFT,LA,ASW,CE,Combined TRACON& Tower with Radar,19,4,21,0,44,0,5,27,0,32,19,9,48,0,76,30,0,30,106
07/09/2023,LFT,LA,ASW,CE,Combined TRACON& Tower with Radar,21,6,21,0,48,0,4,10,0,14,21,10,31,0,62,4,0,4,66
07/10/2023,LFT,LA,ASW,CE,Combined TRACON& Tower with Radar,22,6,16,0,44,0,18,15,0,33,22,24,31,0,77,0,0,0,77
07/11/2023,LFT,LA,ASW,CE,Combined TRACON& Tower with Radar,21,7,25,0,53,0,21,35,0,56,21,28,60,0,109,24,0,24,133
07/12/2023,LFT,LA,ASW,CE,Combined TRACON& Tower with Radar,24,7,27,4,62,0,29,38,0,67,24,36,65,4,129,31,0,31,160
07/13/2023,LFT,LA,ASW,CE,Combined TRACON& Tower with Radar,24,9,49,0,82,0,32,44,0,76,24,41,93,0,158,25,0,25,183
07/14/2023,LFT,LA,ASW,CE,Combined TRACON& Tower with Radar,23,5,25,0,53,0,21,38,0,59,23,26,63,0,112,22,0,22,134
07/15/2023,LFT,LA,ASW,CE,Combined TRACON& Tower with Radar,16,14,15,0,45,0,23,20,0,43,16,37,35,0,88,6,0,6,94
07/16/2023,LFT,LA,ASW,CE,Combined TRACON& Tower with Radar,15,10,30,0,55,0,15,6,0,21,15,25,36,0,76,45,0,45,121
07/17/2023,LFT,LA,ASW,CE,Combined TRACON& Tower with Radar,21,7,18,5,51,0,27,27,0,54,21,34,45,5,105,34,1,35,140
07/18/2023,LFT,LA,ASW,CE,Combined TRACON& Tower with Radar,22,6,29,1,58,0,35,33,0,68,22,41,62,1,126,22,0,22,148
07/19/2023,LFT,LA,ASW,CE,Combined TRACON& Tower with Radar,21,8,36,6,71,0,25,50,0,75,21,33,86,6,146,48,7,55,201
07/20/2023,LFT,LA,ASW,CE,Combined TRACON& Tower with Radar,23,11,35,1,70,0,37,55,0,92,23,48,90,1,162,51,0,51,213
07/21/2023,LFT,LA,ASW,CE,Combined TRACON& Tower with Radar,24,7,23,2,56,0,44,33,0,77,24,51,56,2,133,34,0,34,167
07/22/2023,LFT,LA,ASW,CE,Combined TRACON& Tower with Radar,18,8,9,0,35,0,17,23,0,40,18,25,32,0,75,12,0,12,87
07/23/2023,LFT,LA,ASW,CE,Combined TRACON& Tower with Radar,19,6,18,1,44,0,15,22,0,37,19,21,40,1,81,0,2,2,83
07/24/2023,LFT,LA,ASW,CE,Combined TRACON& Tower with Radar,22,8,31,1,62,0,20,39,0,59,22,28,70,1,121,16,0,16,137
07/25/2023,LFT,LA,ASW,CE,Combined TRACON& Tower with Radar,22,4,20,0,46,0,28,42,0,70,22,32,62,0,116,10,0,10,126
07/26/2023,LFT,LA,ASW,CE,Combined TRACON& Tower with Radar,22,11,15,2,50,0,19,45,0,64,22,30,60,2,114,24,0,24,138
07/27/2023,LFT,LA,ASW,CE,Combined TRACON& Tower with Radar,24,11,38,2,75,0,28,44,4,76,24,39,82,6,151,4,0,4,155
07/28/2023,LFT,LA,ASW,CE,Combined TRACON& Tower with Radar,23,8,26,0,57,0,27,40,0,67,23,35,66,0,124,12,0,12,136
07/29/2023,LFT,LA,ASW,CE,Combined TRACON& Tower with Radar,19,14,19,0,52,0,12,45,0,57,19,26,64,0,109,11,0,11,120
07/30/2023,LFT,LA,ASW,CE,Combined TRACON& Tower with Radar,20,8,18,8,54,0,18,31,0,49,20,26,49,8,103,14,0,14,117
07/31/2023,LFT,LA,ASW,CE,Combined TRACON& Tower with Radar,23,7,23,0,53,0,27,27,0,54,23,34,50,0,107,18,0,18,125
08/01/2023,LFT,LA,ASW,CE,Combined TRACON& Tower with Radar,22,10,17,0,49,0,37,33,2,72,22,47,50,2,121,12,0,12,133
08/02/2023,LFT,LA,ASW,CE,Combined TRACON& Tower with Radar,21,14,15,3,53,0,17,27,1,45,21,31,42,4,98,21,0,21,119
08/03/2023,LFT,LA,ASW,CE,Combined TRACON& Tower with Radar,26,10,15,22,73,0,26,19,0,45,26,36,34,22,118,37,14,51,169
08/04/2023,LFT,LA,ASW,CE,Combined TRACON& Tower with Radar,26,6,20,2,54,0,29,37,0,66,26,35,57,2,120,25,0,25,145
08/05/2023,LFT,LA,ASW,CE,Combined TRACON& Tower with Radar,18,8,10,0,36,0,10,22,0,32,18,18,32,0,68,4,0,4,72
08/06/2023,LFT,LA,ASW,CE,Combined TRACON& Tower with Radar,19,5,18,0,42,0,19,24,0,43,19,24,42,0,85,30,0,30,115
08/07/2023,LFT,LA,ASW,CE,Combined TRACON& Tower with Radar,18,7,26,4,55,0,24,19,0,43,18,31,45,4,98,20,0,20,118
08/08/2023,LFT,LA,ASW,CE,Combined TRACON& Tower with Radar,26,12,27,0,65,0,16,22,0,38,26,28,49,0,103,80,0,80,183
08/09/2023,LFT,LA,ASW,CE,Combined TRACON& Tower with Radar,22,10,23,0,55,0,22,49,0,71,22,32,72,0,126,23,0,23,149
08/10/2023,LFT,LA,ASW,CE,Combined TRACON& Tower with Radar,24,10,30,2,66,0,22,20,0,42,24,32,50,2,108,34,0,34,142
08/11/2023,LFT,LA,ASW,CE,Combined TRACON& Tower with Radar,21,9,24,6,60,0,24,23,1,48,21,33,47,7,108,0,0,0,108
08/12/2023,LFT,LA,ASW,CE,Combined TRACON& Tower with Radar,20,10,21,0,51,0,12,25,0,37,20,22,46,0,88,12,0,12,100
08/13/2023,LFT,LA,ASW,CE,Combined TRACON& Tower with Radar,22,7,28,0,57,0,11,24,0,35,22,18,52,0,92,0,0,0,92
08/14/2023,LFT,LA,ASW,CE,Combined TRACON& Tower with Radar,21,11,27,0,59,0,28,33,0,61,21,39,60,0,120,16,0,16,136
08/15/2023,LFT,LA,ASW,CE,Combined TRACON& Tower with Radar,18,5,29,2,54,0,24,32,0,56,18,29,61,2,110,0,0,0,110
08/16/2023,LFT,LA,ASW,CE,Combined TRACON& Tower with Radar,22,8,23,0,53,0,24,31,1,56,22,32,54,1,109,5,0,5,114
08/17/2023,LFT,LA,ASW,CE,Combined TRACON& Tower with Radar,25,12,21,0,58,0,33,20,0,53,25,45,41,0,111,0,0,0,111
08/18/2023,LFT,LA,ASW,CE,Combined TRACON& Tower with Radar,20,9,9,25,63,0,19,33,1,53,20,28,42,26,116,6,13,19,135
08/19/2023,LFT,LA,ASW,CE,Combined TRACON& Tower with Radar,19,4,11,0,34,0,16,23,0,39,19,20,34,0,73,6,0,6,79
08/20/2023,LFT,LA,ASW,CE,Combined TRACON& Tower with Radar,18,6,22,2,48,0,14,26,8,48,18,20,48,10,96,29,0,29,125
08/21/2023,LFT,LA,ASW,CE,Combined TRACON& Tower with Radar,20,11,32,0,63,0,3,27,0,30,20,14,59,0,93,30,0,30,123
08/22/2023,LFT,LA,ASW,CE,Combined TRACON& Tower with Radar,18,13,14,0,45,0,21,45,0,66,18,34,59,0,111,20,0,20,131
08/23/2023,LFT,LA,ASW,CE,Combined TRACON& Tower with Radar,22,12,37,2,73,0,23,36,0,59,22,35,73,2,132,8,0,8,140
08/24/2023,LFT,LA,ASW,CE,Combined TRACON& Tower with Radar,21,10,44,0,75,0,15,53,0,68,21,25,97,0,143,19,0,19,162
08/25/2023,LFT,LA,ASW,CE,Combined TRACON& Tower with Radar,20,8,18,8,54,0,22,45,3,70,20,30,63,11,124,14,0,14,138
08/26/2023,LFT,LA,ASW,CE,Combined TRACON& Tower with Radar,18,5,23,1,47,0,14,22,0,36,18,19,45,1,83,0,0,0,83
08/27/2023,LFT,LA,ASW,CE,Combined TRACON& Tower with Radar,22,13,23,0,58,0,25,27,0,52,22,38,50,0,110,18,0,18,128
08/28/2023,LFT,LA,ASW,CE,Combined TRACON& Tower with Radar,19,6,28,0,53,0,28,25,0,53,19,34,53,0,106,6,0,6,112
08/29/2023,LFT,LA,ASW,CE,Combined TRACON& Tower with Radar,19,9,23,0,51,0,41,22,0,63,19,50,45,0,114,0,0,0,114
08/30/2023,LFT,LA,ASW,CE,Combined TRACON& Tower with Radar,21,8,20,6,55,0,27,51,0,78,21,35,71,6,133,4,0,4,137
08/31/2023,LFT,LA,ASW,CE,Combined TRACON& Tower with Radar,22,9,32,0,63,0,33,43,0,76,22,42,75,0,139,6,0,6,145
