01/01/2000,LGB,CA,AWP,WE,Towers with Display (VFR),12,3,51,0,66,7,5,226,0,238,19,8,277,0,304,188,0,188,492
01/02/2000,LGB,CA,AWP,WE,Towers with Display (VFR),24,4,98,0,126,3,0,308,0,311,27,4,406,0,437,304,0,304,741
01/03/2000,LGB,CA,AWP,WE,Towers with Display (VFR),29,6,117,0,152,3,8,460,0,471,32,14,577,0,623,652,0,652,1275
01/04/2000,LGB,CA,AWP,WE,Towers with Display (VFR),33,6,128,1,168,9,19,446,0,474,42,25,574,1,642,634,0,634,1276
01/05/2000,LGB,CA,AWP,WE,Towers with Display (VFR),36,7,143,1,187,4,39,510,4,557,40,46,653,5,744,550,2,552,1296
01/06/2000,LGB,CA,AWP,WE,Towers with Display (VFR),38,8,149,1,196,2,23,462,4,491,40,31,611,5,687,704,0,704,1391
01/07/2000,LGB,CA,AWP,WE,Towers with Display (VFR),29,5,113,1,148,4,6,429,0,439,33,11,542,1,587,692,0,692,1279
01/08/2000,LGB,CA,AWP,WE,Towers with Display (VFR),22,6,129,1,158,0,4,592,5,601,22,10,721,6,759,698,0,698,1457
01/09/2000,LGB,CA,AWP,WE,Towers with Display (VFR),29,6,122,1,158,0,2,532,3,537,29,8,654,4,695,498,0,498,1193
01/10/2000,LGB,CA,AWP,WE,Towers with Display (VFR),32,6,123,1,162,0,8,411,0,419,32,14,534,1,581,542,0,542,1123
01/11/2000,LGB,CA,AWP,WE,Towers with Display (VFR),39,7,150,1,197,0,11,478,4,493,39,18,628,5,690,590,0,590,1280
01/12/2000,LGB,CA,AWP,WE,Towers with Display (VFR),36,7,149,0,192,0,10,299,0,309,36,17,448,0,501,446,0,446,947
01/13/2000,LGB,CA,AWP,WE,Towers with Display (VFR),36,8,174,0,218,0,20,575,0,595,36,28,749,0,813,562,6,568,1381
01/14/2000,LGB,CA,AWP,WE,Towers with Display (VFR),40,6,150,2,198,1,14,551,14,580,41,20,701,16,778,752,0,752,1530
01/15/2000,LGB,CA,AWP,WE,Towers with Display (VFR),22,6,139,0,167,0,3,458,0,461,22,9,597,0,628,570,0,570,1198
01/16/2000,LGB,CA,AWP,WE,Towers with Display (VFR),26,4,101,0,131,2,6,278,0,286,28,10,379,0,417,358,0,358,775
01/17/2000,LGB,CA,AWP,WE,Towers with Display (VFR),28,4,106,2,140,2,15,334,3,354,30,19,440,5,494,532,0,532,1026
01/18/2000,LGB,CA,AWP,WE,Towers with Display (VFR),35,5,132,0,172,3,17,399,0,419,38,22,531,0,591,680,0,680,1271
01/19/2000,LGB,CA,AWP,WE,Towers with Display (VFR),29,4,107,2,142,5,8,421,0,434,34,12,528,2,576,536,0,536,1112
01/20/2000,LGB,CA,AWP,WE,Towers with Display (VFR),36,6,142,2,186,0,19,486,5,510,36,25,628,7,696,620,0,620,1316
01/21/2000,LGB,CA,AWP,WE,Towers with Display (VFR),36,6,138,2,182,5,6,419,2,432,41,12,557,4,614,702,0,702,1316
01/22/2000,LGB,CA,AWP,WE,Towers with Display (VFR),29,6,139,1,175,0,4,429,0,433,29,10,568,1,608,630,0,630,1238
01/23/2000,LGB,CA,AWP,WE,Towers with Display (VFR),28,5,115,1,149,0,4,321,0,325,28,9,436,1,474,446,0,446,920
01/24/2000,LGB,CA,AWP,WE,Towers with Display (VFR),30,4,114,1,149,4,9,456,5,474,34,13,570,6,623,624,0,624,1247
01/25/2000,LGB,CA,AWP,WE,Towers with Display (VFR),30,5,117,0,152,6,2,37,0,45,36,7,154,0,197,20,0,20,217
01/26/2000,LGB,CA,AWP,WE,Towers with Display (VFR),29,4,109,0,142,10,19,545,0,574,39,23,654,0,716,782,0,782,1498
01/27/2000,LGB,CA,AWP,WE,Towers with Display (VFR),34,6,140,1,181,0,15,579,5,599,34,21,719,6,780,676,0,676,1456
01/28/2000,LGB,CA,AWP,WE,Towers with Display (VFR),33,5,126,0,164,5,8,482,0,495,38,13,608,0,659,544,0,544,1203
01/29/2000,LGB,CA,AWP,WE,Towers with Display (VFR),24,4,131,0,159,0,0,332,0,332,24,4,463,0,491,602,0,602,1093
01/30/2000,LGB,CA,AWP,WE,Towers with Display (VFR),23,4,88,0,115,2,2,316,0,320,25,6,404,0,435,502,0,502,937
01/31/2000,LGB,CA,AWP,WE,Towers with Display (VFR),30,5,116,1,152,3,16,410,2,431,33,21,526,3,583,708,0,708,1291
02/01/2000,LGB,CA,AWP,WE,Towers with Display (VFR),34,8,134,1,177,7,9,429,4,449,41,17,563,5,626,644,0,644,1270
02/02/2000,LGB,CA,AWP,WE,Towers with Display (VFR),29,6,113,1,149,8,18,503,1,530,37,24,616,2,679,648,0,648,1327
02/03/2000,LGB,CA,AWP,WE,Towers with Display (VFR),35,9,148,1,193,0,15,529,4,548,35,24,677,5,741,668,0,668,1409
02/04/2000,LGB,CA,AWP,WE,Towers with Display (VFR),36,9,148,1,194,0,4,358,3,365,36,13,506,4,559,632,0,632,1191
02/05/2000,LGB,CA,AWP,WE,Towers with Display (VFR),22,9,147,1,179,0,2,451,2,455,22,11,598,3,634,632,0,632,1266
02/06/2000,LGB,CA,AWP,WE,Towers with Display (VFR),25,4,126,1,156,0,0,528,0,528,25,4,654,1,684,656,0,656,1340
02/07/2000,LGB,CA,AWP,WE,Towers with Display (VFR),33,8,129,1,171,4,17,433,2,456,37,25,562,3,627,510,0,510,1137
02/08/2000,LGB,CA,AWP,WE,Towers with Display (VFR),33,7,129,1,170,7,9,473,1,490,40,16,602,2,660,590,0,590,1250
02/09/2000,LGB,CA,AWP,WE,Towers with Display (VFR),37,9,159,1,206,0,11,409,0,420,37,20,568,1,626,554,0,554,1180
02/10/2000,LGB,CA,AWP,WE,Towers with Display (VFR),39,10,161,1,211,0,8,117,4,129,39,18,278,5,340,190,0,190,530
02/11/2000,LGB,CA,AWP,WE,Towers with Display (VFR),35,7,131,1,174,3,15,432,5,455,38,22,563,6,629,896,0,896,1525
02/12/2000,LGB,CA,AWP,WE,Towers with Display (VFR),25,4,91,2,122,0,2,326,2,330,25,6,417,4,452,584,0,584,1036
02/13/2000,LGB,CA,AWP,WE,Towers with Display (VFR),30,6,115,2,153,0,3,165,1,169,30,9,280,3,322,540,0,540,862
02/14/2000,LGB,CA,AWP,WE,Towers with Display (VFR),30,5,112,1,148,6,8,150,0,164,36,13,262,1,312,284,0,284,596
02/15/2000,LGB,CA,AWP,WE,Towers with Display (VFR),40,9,165,2,216,0,29,451,1,481,40,38,616,3,697,748,0,748,1445
02/16/2000,LGB,CA,AWP,WE,Towers with Display (VFR),30,6,114,2,152,7,8,88,6,109,37,14,202,8,261,70,32,102,363
02/17/2000,LGB,CA,AWP,WE,Towers with Display (VFR),36,7,145,2,190,0,22,518,0,540,36,29,663,2,730,678,0,678,1408
02/18/2000,LGB,CA,AWP,WE,Towers with Display (VFR),26,6,124,1,157,0,29,524,0,553,26,35,648,1,710,914,0,914,1624
02/19/2000,LGB,CA,AWP,WE,Towers with Display (VFR),16,4,92,0,112,0,14,478,0,492,16,18,570,0,604,696,0,696,1300
02/20/2000,LGB,CA,AWP,WE,Towers with Display (VFR),26,5,100,0,131,8,2,90,0,100,34,7,190,0,231,208,0,208,439
02/21/2000,LGB,CA,AWP,WE,Towers with Display (VFR),22,4,82,1,109,12,7,144,0,163,34,11,226,1,272,130,0,130,402
02/22/2000,LGB,CA,AWP,WE,Towers with Display (VFR),40,8,149,1,198,1,16,333,0,350,41,24,482,1,548,678,0,678,1226
02/23/2000,LGB,CA,AWP,WE,Towers with Display (VFR),19,3,69,1,92,20,4,79,1,104,39,7,148,2,196,128,0,128,324
02/24/2000,LGB,CA,AWP,WE,Towers with Display (VFR),38,8,155,2,203,0,14,503,3,520,38,22,658,5,723,728,0,728,1451
02/25/2000,LGB,CA,AWP,WE,Towers with Display (VFR),34,8,161,2,205,0,23,443,2,468,34,31,604,4,673,781,0,781,1454
02/26/2000,LGB,CA,AWP,WE,Towers with Display (VFR),22,7,142,2,173,0,1,545,2,548,22,8,687,4,721,710,0,710,1431
02/27/2000,LGB,CA,AWP,WE,Towers with Display (VFR),26,1,104,0,131,0,0,203,0,203,26,1,307,0,334,410,0,410,744
02/28/2000,LGB,CA,AWP,WE,Towers with Display (VFR),34,6,126,1,167,4,14,539,8,565,38,20,665,9,732,600,0,600,1332
02/29/2000,LGB,CA,AWP,WE,Towers with Display (VFR),39,8,148,0,195,2,9,445,0,456,41,17,593,0,651,556,0,556,1207
03/01/2000,LGB,CA,AWP,WE,Towers with Display (VFR),39,7,142,1,189,8,14,539,3,564,47,21,681,4,753,656,0,656,1409
03/02/2000,LGB,CA,AWP,WE,Towers with Display (VFR),35,7,148,0,190,0,16,536,0,552,35,23,684,0,742,532,2,534,1276
03/03/2000,LGB,CA,AWP,WE,Towers with Display (VFR),31,5,109,0,145,5,16,325,2,348,36,21,434,2,493,508,0,508,1001
03/04/2000,LGB,CA,AWP,WE,Towers with Display (VFR),26,5,119,0,150,0,0,406,2,408,26,5,525,2,558,858,2,860,1418
03/05/2000,LGB,CA,AWP,WE,Towers with Display (VFR),17,3,62,0,82,8,4,47,4,63,25,7,109,4,145,102,0,102,247
03/06/2000,LGB,CA,AWP,WE,Towers with Display (VFR),33,6,117,0,156,4,5,385,1,395,37,11,502,1,551,558,0,558,1109
03/07/2000,LGB,CA,AWP,WE,Towers with Display (VFR),39,7,143,1,190,0,36,322,0,358,39,43,465,1,548,500,0,500,1048
03/08/2000,LGB,CA,AWP,WE,Towers with Display (VFR),29,5,103,0,137,10,7,185,2,204,39,12,288,2,341,124,0,124,465
03/09/2000,LGB,CA,AWP,WE,Towers with Display (VFR),36,7,156,0,199,0,14,416,0,430,36,21,572,0,629,784,0,784,1413
03/10/2000,LGB,CA,AWP,WE,Towers with Display (VFR),30,7,140,1,178,0,1,458,1,460,30,8,598,2,638,746,0,746,1384
03/11/2000,LGB,CA,AWP,WE,Towers with Display (VFR),25,6,117,0,148,0,1,538,1,540,25,7,655,1,688,564,0,564,1252
03/12/2000,LGB,CA,AWP,WE,Towers with Display (VFR),24,3,80,0,107,3,0,343,2,348,27,3,423,2,455,380,0,380,835
03/13/2000,LGB,CA,AWP,WE,Towers with Display (VFR),38,6,135,2,181,3,8,357,1,369,41,14,492,3,550,730,0,730,1280
03/14/2000,LGB,CA,AWP,WE,Towers with Display (VFR),36,6,152,2,196,0,9,278,1,288,36,15,430,3,484,374,0,374,858
03/15/2000,LGB,CA,AWP,WE,Towers with Display (VFR),37,5,129,0,171,1,7,276,0,284,38,12,405,0,455,358,0,358,813
03/16/2000,LGB,CA,AWP,WE,Towers with Display (VFR),36,6,124,0,166,9,13,322,0,344,45,19,446,0,510,656,0,656,1166
03/17/2000,LGB,CA,AWP,WE,Towers with Display (VFR),39,6,138,1,184,2,7,373,0,382,41,13,511,1,566,648,0,648,1214
03/18/2000,LGB,CA,AWP,WE,Towers with Display (VFR),32,5,130,1,168,0,4,410,0,414,32,9,540,1,582,577,0,577,1159
03/19/2000,LGB,CA,AWP,WE,Towers with Display (VFR),29,4,100,1,134,3,0,329,2,334,32,4,429,3,468,500,0,500,968
03/20/2000,LGB,CA,AWP,WE,Towers with Display (VFR),32,5,110,1,148,4,17,253,3,277,36,22,363,4,425,384,0,384,809
03/21/2000,LGB,CA,AWP,WE,Towers with Display (VFR),29,5,100,1,135,8,13,325,2,348,37,18,425,3,483,632,0,632,1115
03/22/2000,LGB,CA,AWP,WE,Towers with Display (VFR),32,4,108,0,144,8,7,536,0,551,40,11,644,0,695,692,0,692,1387
03/23/2000,LGB,CA,AWP,WE,Towers with Display (VFR),43,6,153,2,204,0,22,482,2,506,43,28,635,4,710,516,0,516,1226
03/24/2000,LGB,CA,AWP,WE,Towers with Display (VFR),34,5,123,0,162,0,8,417,0,425,34,13,540,0,587,667,0,667,1254
03/25/2000,LGB,CA,AWP,WE,Towers with Display (VFR),25,6,140,2,173,0,4,451,5,460,25,10,591,7,633,661,0,661,1294
03/26/2000,LGB,CA,AWP,WE,Towers with Display (VFR),27,5,116,0,148,0,8,419,0,427,27,13,535,0,575,495,0,495,1070
03/27/2000,LGB,CA,AWP,WE,Towers with Display (VFR),29,4,97,1,131,9,10,292,1,312,38,14,389,2,443,656,0,656,1099
03/28/2000,LGB,CA,AWP,WE,Towers with Display (VFR),37,5,130,1,173,7,11,330,1,349,44,16,460,2,522,779,0,779,1301
03/29/2000,LGB,CA,AWP,WE,Towers with Display (VFR),35,6,136,1,178,0,13,382,0,395,35,19,518,1,573,713,0,713,1286
03/30/2000,LGB,CA,AWP,WE,Towers with Display (VFR),24,6,146,0,176,0,8,371,0,379,24,14,517,0,555,718,0,718,1273
03/31/2000,LGB,CA,AWP,WE,Towers with Display (VFR),28,4,96,0,128,4,12,304,5,325,32,16,400,5,453,452,0,452,905
04/01/2000,LGB,CA,AWP,WE,Towers with Display (VFR),21,5,79,0,105,6,6,393,0,405,27,11,472,0,510,618,0,618,1128
04/02/2000,LGB,CA,AWP,WE,Towers with Display (VFR),20,3,102,0,125,0,0,406,0,406,20,3,508,0,531,432,0,432,963
04/03/2000,LGB,CA,AWP,WE,Towers with Display (VFR),30,7,114,0,151,7,9,378,4,398,37,16,492,4,549,554,0,554,1103
04/04/2000,LGB,CA,AWP,WE,Towers with Display (VFR),38,9,160,1,208,0,4,250,3,257,38,13,410,4,465,434,0,434,899
04/05/2000,LGB,CA,AWP,WE,Towers with Display (VFR),39,10,168,1,218,0,2,345,2,349,39,12,513,3,567,497,0,497,1064
04/06/2000,LGB,CA,AWP,WE,Towers with Display (VFR),41,9,161,0,211,0,17,310,0,327,41,26,471,0,538,542,0,542,1080
04/07/2000,LGB,CA,AWP,WE,Towers with Display (VFR),33,9,147,1,190,0,16,277,0,293,33,25,424,1,483,770,0,770,1253
04/08/2000,LGB,CA,AWP,WE,Towers with Display (VFR),25,4,95,0,124,4,0,319,0,323,29,4,414,0,447,407,0,407,854
04/09/2000,LGB,CA,AWP,WE,Towers with Display (VFR),26,1,99,1,127,0,0,393,2,395,26,1,492,3,522,495,0,495,1017
04/10/2000,LGB,CA,AWP,WE,Towers with Display (VFR),33,6,121,2,162,4,7,299,0,310,37,13,420,2,472,489,0,489,961
04/11/2000,LGB,CA,AWP,WE,Towers with Display (VFR),37,7,134,2,180,5,11,354,4,374,42,18,488,6,554,499,0,499,1053
04/12/2000,LGB,CA,AWP,WE,Towers with Display (VFR),34,7,128,0,169,4,10,298,0,312,38,17,426,0,481,538,0,538,1019
04/13/2000,LGB,CA,AWP,WE,Towers with Display (VFR),32,7,130,2,171,0,14,395,1,410,32,21,525,3,581,612,0,612,1193
04/14/2000,LGB,CA,AWP,WE,Towers with Display (VFR),33,6,121,1,161,1,14,241,0,256,34,20,362,1,417,617,0,617,1034
04/15/2000,LGB,CA,AWP,WE,Towers with Display (VFR),32,6,118,0,156,0,0,379,0,379,32,6,497,0,535,444,0,444,979
04/16/2000,LGB,CA,AWP,WE,Towers with Display (VFR),27,7,125,2,161,0,1,435,4,440,27,8,560,6,601,336,0,336,937
04/17/2000,LGB,CA,AWP,WE,Towers with Display (VFR),27,6,99,0,132,11,7,81,0,99,38,13,180,0,231,166,0,166,397
04/18/2000,LGB,CA,AWP,WE,Towers with Display (VFR),28,6,102,1,137,11,25,251,1,288,39,31,353,2,425,749,0,749,1174
04/19/2000,LGB,CA,AWP,WE,Towers with Display (VFR),39,7,140,2,188,2,25,355,4,386,41,32,495,6,574,734,0,734,1308
04/20/2000,LGB,CA,AWP,WE,Towers with Display (VFR),38,7,138,0,183,1,19,398,0,418,39,26,536,0,601,661,0,661,1262
04/21/2000,LGB,CA,AWP,WE,Towers with Display (VFR),29,6,106,1,142,13,7,257,7,284,42,13,363,8,426,541,0,541,967
04/22/2000,LGB,CA,AWP,WE,Towers with Display (VFR),29,6,122,0,157,0,4,290,0,294,29,10,412,0,451,721,0,721,1172
04/23/2000,LGB,CA,AWP,WE,Towers with Display (VFR),26,3,96,0,125,1,0,195,0,196,27,3,291,0,321,468,0,468,789
04/24/2000,LGB,CA,AWP,WE,Towers with Display (VFR),34,7,129,1,171,4,17,335,5,361,38,24,464,6,532,574,0,574,1106
04/25/2000,LGB,CA,AWP,WE,Towers with Display (VFR),43,9,167,1,220,0,2,344,2,348,43,11,511,3,568,488,0,488,1056
04/26/2000,LGB,CA,AWP,WE,Towers with Display (VFR),34,9,168,1,212,0,25,421,1,447,34,34,589,2,659,552,0,552,1211
04/27/2000,LGB,CA,AWP,WE,Towers with Display (VFR),36,8,151,1,196,0,21,282,3,306,36,29,433,4,502,570,0,570,1072
04/28/2000,LGB,CA,AWP,WE,Towers with Display (VFR),29,6,105,0,140,5,11,317,1,334,34,17,422,1,474,630,0,630,1104
04/29/2000,LGB,CA,AWP,WE,Towers with Display (VFR),25,7,120,0,152,0,1,407,1,409,25,8,527,1,561,524,0,524,1085
04/30/2000,LGB,CA,AWP,WE,Towers with Display (VFR),21,4,113,0,138,0,0,424,0,424,21,4,537,0,562,531,0,531,1093
05/01/2000,LGB,CA,AWP,WE,Towers with Display (VFR),30,9,130,0,169,8,25,310,5,348,38,34,440,5,517,614,0,614,1131
05/02/2000,LGB,CA,AWP,WE,Towers with Display (VFR),34,10,146,0,190,4,11,383,2,400,38,21,529,2,590,530,0,530,1120
05/03/2000,LGB,CA,AWP,WE,Towers with Display (VFR),33,9,139,0,181,6,13,335,1,355,39,22,474,1,536,471,0,471,1007
05/04/2000,LGB,CA,AWP,WE,Towers with Display (VFR),35,10,147,0,192,2,12,300,5,319,37,22,447,5,511,605,0,605,1116
05/05/2000,LGB,CA,AWP,WE,Towers with Display (VFR),33,10,155,0,198,0,7,233,0,240,33,17,388,0,438,620,0,620,1058
05/06/2000,LGB,CA,AWP,WE,Towers with Display (VFR),23,7,118,0,148,0,0,377,0,377,23,7,495,0,525,561,0,561,1086
05/07/2000,LGB,CA,AWP,WE,Towers with Display (VFR),27,7,116,0,150,1,0,380,0,381,28,7,496,0,531,474,0,474,1005
05/08/2000,LGB,CA,AWP,WE,Towers with Display (VFR),31,8,128,0,167,4,8,256,0,268,35,16,384,0,435,611,0,611,1046
05/09/2000,LGB,CA,AWP,WE,Towers with Display (VFR),37,12,172,0,221,0,11,240,0,251,37,23,412,0,472,444,0,444,916
05/10/2000,LGB,CA,AWP,WE,Towers with Display (VFR),34,10,146,0,190,3,35,278,4,320,37,45,424,4,510,578,0,578,1088
05/11/2000,LGB,CA,AWP,WE,Towers with Display (VFR),27,8,117,0,152,9,19,260,0,288,36,27,377,0,440,489,0,489,929
05/12/2000,LGB,CA,AWP,WE,Towers with Display (VFR),28,8,118,0,154,7,11,366,2,386,35,19,484,2,540,695,0,695,1235
05/13/2000,LGB,CA,AWP,WE,Towers with Display (VFR),27,7,110,1,145,2,4,322,1,329,29,11,432,2,474,676,0,676,1150
05/14/2000,LGB,CA,AWP,WE,Towers with Display (VFR),23,6,96,0,125,3,0,249,0,252,26,6,345,0,377,393,0,393,770
05/15/2000,LGB,CA,AWP,WE,Towers with Display (VFR),28,6,111,1,146,14,26,317,1,358,42,32,428,2,504,599,0,599,1103
05/16/2000,LGB,CA,AWP,WE,Towers with Display (VFR),32,7,127,1,167,6,16,301,0,323,38,23,428,1,490,543,0,543,1033
05/17/2000,LGB,CA,AWP,WE,Towers with Display (VFR),37,9,151,1,198,9,16,324,1,350,46,25,475,2,548,712,0,712,1260
05/18/2000,LGB,CA,AWP,WE,Towers with Display (VFR),37,11,172,1,221,0,14,411,1,426,37,25,583,2,647,538,0,538,1185
05/19/2000,LGB,CA,AWP,WE,Towers with Display (VFR),28,7,113,1,149,4,13,318,2,337,32,20,431,3,486,623,0,623,1109
05/20/2000,LGB,CA,AWP,WE,Towers with Display (VFR),27,7,115,0,149,0,5,313,0,318,27,12,428,0,467,482,0,482,949
05/21/2000,LGB,CA,AWP,WE,Towers with Display (VFR),27,6,135,0,168,0,0,255,0,255,27,6,390,0,423,382,0,382,805
05/22/2000,LGB,CA,AWP,WE,Towers with Display (VFR),44,12,197,0,253,0,9,91,0,100,44,21,288,0,353,216,0,216,569
05/23/2000,LGB,CA,AWP,WE,Towers with Display (VFR),36,11,185,1,233,0,13,98,6,117,36,24,283,7,350,254,0,254,604
05/24/2000,LGB,CA,AWP,WE,Towers with Display (VFR),36,12,190,1,239,0,14,112,3,129,36,26,302,4,368,625,0,625,993
05/25/2000,LGB,CA,AWP,WE,Towers with Display (VFR),37,11,182,0,230,0,12,104,0,116,37,23,286,0,346,270,0,270,616
05/26/2000,LGB,CA,AWP,WE,Towers with Display (VFR),32,7,127,0,166,4,23,270,0,297,36,30,397,0,463,583,0,583,1046
05/27/2000,LGB,CA,AWP,WE,Towers with Display (VFR),22,5,90,1,118,0,6,350,0,356,22,11,440,1,474,624,0,624,1098
05/28/2000,LGB,CA,AWP,WE,Towers with Display (VFR),19,5,81,1,106,0,0,329,15,344,19,5,410,16,450,449,0,449,899
05/29/2000,LGB,CA,AWP,WE,Towers with Display (VFR),21,4,158,1,184,0,0,186,2,188,21,4,344,3,372,389,0,389,761
05/30/2000,LGB,CA,AWP,WE,Towers with Display (VFR),37,10,168,0,215,0,5,244,1,250,37,15,412,1,465,342,0,342,807
05/31/2000,LGB,CA,AWP,WE,Towers with Display (VFR),37,9,153,0,199,0,25,328,0,353,37,34,481,0,552,484,0,484,1036
06/01/2000,LGB,CA,AWP,WE,Towers with Display (VFR),42,11,155,1,209,0,18,323,8,349,42,29,478,9,558,473,0,473,1031
06/02/2000,LGB,CA,AWP,WE,Towers with Display (VFR),28,7,105,1,141,3,30,326,2,361,31,37,431,3,502,558,0,558,1060
06/03/2000,LGB,CA,AWP,WE,Towers with Display (VFR),26,7,112,0,145,0,0,380,0,380,26,7,492,0,525,469,0,469,994
06/04/2000,LGB,CA,AWP,WE,Towers with Display (VFR),25,7,110,1,143,0,4,421,1,426,25,11,531,2,569,536,0,536,1105
06/05/2000,LGB,CA,AWP,WE,Towers with Display (VFR),38,9,138,1,186,7,12,300,14,333,45,21,438,15,519,384,0,384,903
06/06/2000,LGB,CA,AWP,WE,Towers with Display (VFR),38,9,141,1,189,0,14,379,0,393,38,23,520,1,582,522,0,522,1104
06/07/2000,LGB,CA,AWP,WE,Towers with Display (VFR),38,8,138,2,186,1,15,358,9,383,39,23,496,11,569,490,0,490,1059
06/08/2000,LGB,CA,AWP,WE,Towers with Display (VFR),38,9,146,2,195,0,14,357,5,376,38,23,503,7,571,489,0,489,1060
06/09/2000,LGB,CA,AWP,WE,Towers with Display (VFR),33,7,123,0,163,0,15,334,0,349,33,22,457,0,512,516,0,516,1028
06/10/2000,LGB,CA,AWP,WE,Towers with Display (VFR),29,6,137,0,172,0,0,361,0,361,29,6,498,0,533,659,0,659,1192
06/11/2000,LGB,CA,AWP,WE,Towers with Display (VFR),24,4,103,1,132,0,0,356,0,356,24,4,459,1,488,587,0,587,1075
06/12/2000,LGB,CA,AWP,WE,Towers with Display (VFR),33,7,122,0,162,2,7,352,0,361,35,14,474,0,523,545,0,545,1068
06/13/2000,LGB,CA,AWP,WE,Towers with Display (VFR),35,8,129,1,173,6,15,371,0,392,41,23,500,1,565,597,0,597,1162
06/14/2000,LGB,CA,AWP,WE,Towers with Display (VFR),32,8,149,2,191,0,11,336,3,350,32,19,485,5,541,501,0,501,1042
06/15/2000,LGB,CA,AWP,WE,Towers with Display (VFR),31,6,108,2,147,9,17,341,3,370,40,23,449,5,517,402,0,402,919
06/16/2000,LGB,CA,AWP,WE,Towers with Display (VFR),34,10,156,2,202,0,2,330,3,335,34,12,486,5,537,555,0,555,1092
06/17/2000,LGB,CA,AWP,WE,Towers with Display (VFR),35,8,136,0,179,0,9,369,0,378,35,17,505,0,557,597,0,597,1154
06/18/2000,LGB,CA,AWP,WE,Towers with Display (VFR),28,6,99,2,135,2,1,219,0,222,30,7,318,2,357,563,0,563,920
06/19/2000,LGB,CA,AWP,WE,Towers with Display (VFR),30,6,106,2,144,7,6,310,0,323,37,12,416,2,467,483,0,483,950
06/20/2000,LGB,CA,AWP,WE,Towers with Display (VFR),39,9,156,0,204,0,12,350,0,362,39,21,506,0,566,566,0,566,1132
06/21/2000,LGB,CA,AWP,WE,Towers with Display (VFR),39,9,139,2,189,5,9,371,1,386,44,18,510,3,575,536,0,536,1111
06/22/2000,LGB,CA,AWP,WE,Towers with Display (VFR),41,10,170,3,224,0,11,396,2,409,41,21,566,5,633,570,0,570,1203
06/23/2000,LGB,CA,AWP,WE,Towers with Display (VFR),39,8,136,2,185,0,10,232,0,242,39,18,368,2,427,564,0,564,991
06/24/2000,LGB,CA,AWP,WE,Towers with Display (VFR),31,6,109,1,147,5,4,326,0,335,36,10,435,1,482,524,0,524,1006
06/25/2000,LGB,CA,AWP,WE,Towers with Display (VFR),19,2,66,0,87,10,0,338,0,348,29,2,404,0,435,513,0,513,948
06/26/2000,LGB,CA,AWP,WE,Towers with Display (VFR),32,7,115,0,154,8,6,399,0,413,40,13,514,0,567,548,0,548,1115
06/27/2000,LGB,CA,AWP,WE,Towers with Display (VFR),38,8,135,1,182,6,16,313,1,336,44,24,448,2,518,613,0,613,1131
06/28/2000,LGB,CA,AWP,WE,Towers with Display (VFR),39,9,165,0,213,0,15,368,0,383,39,24,533,0,596,572,0,572,1168
06/29/2000,LGB,CA,AWP,WE,Towers with Display (VFR),39,9,140,1,189,2,8,314,1,325,41,17,454,2,514,463,0,463,977
06/30/2000,LGB,CA,AWP,WE,Towers with Display (VFR),32,8,137,1,178,0,13,328,3,344,32,21,465,4,522,541,0,541,1063
07/01/2000,LGB,CA,AWP,WE,Towers with Display (VFR),23,8,112,0,143,0,6,363,0,369,23,14,475,0,512,582,0,582,1094
07/02/2000,LGB,CA,AWP,WE,Towers with Display (VFR),20,6,87,0,113,0,3,471,1,475,20,9,558,1,588,486,0,486,1074
07/03/2000,LGB,CA,AWP,WE,Towers with Display (VFR),27,8,105,0,140,0,7,455,3,465,27,15,560,3,605,561,0,561,1166
07/04/2000,LGB,CA,AWP,WE,Towers with Display (VFR),19,5,69,0,93,2,0,388,4,394,21,5,457,4,487,584,0,584,1071
07/05/2000,LGB,CA,AWP,WE,Towers with Display (VFR),27,8,96,0,131,9,5,288,1,303,36,13,384,1,434,588,0,588,1022
07/06/2000,LGB,CA,AWP,WE,Towers with Display (VFR),36,10,126,0,172,4,15,365,10,394,40,25,491,10,566,626,0,626,1192
07/07/2000,LGB,CA,AWP,WE,Towers with Display (VFR),32,10,136,0,178,0,9,382,0,391,32,19,518,0,569,581,0,581,1150
07/08/2000,LGB,CA,AWP,WE,Towers with Display (VFR),26,8,117,1,152,0,0,386,1,387,26,8,503,2,539,452,0,452,991
07/09/2000,LGB,CA,AWP,WE,Towers with Display (VFR),27,6,96,1,130,0,4,373,0,377,27,10,469,1,507,559,0,559,1066
07/10/2000,LGB,CA,AWP,WE,Towers with Display (VFR),32,7,112,1,152,2,9,264,2,277,34,16,376,3,429,504,0,504,933
07/11/2000,LGB,CA,AWP,WE,Towers with Display (VFR),33,9,133,1,176,0,23,362,12,397,33,32,495,13,573,567,0,567,1140
07/12/2000,LGB,CA,AWP,WE,Towers with Display (VFR),40,11,166,2,219,0,6,285,1,292,40,17,451,3,511,456,0,456,967
07/13/2000,LGB,CA,AWP,WE,Towers with Display (VFR),36,8,121,0,165,6,12,415,0,433,42,20,536,0,598,525,0,525,1123
07/14/2000,LGB,CA,AWP,WE,Towers with Display (VFR),31,7,110,1,149,0,12,387,1,400,31,19,497,2,549,641,0,641,1190
07/15/2000,LGB,CA,AWP,WE,Towers with Display (VFR),24,7,105,0,136,0,0,514,0,514,24,7,619,0,650,501,0,501,1151
07/16/2000,LGB,CA,AWP,WE,Towers with Display (VFR),26,6,89,1,122,0,3,295,18,316,26,9,384,19,438,475,0,475,913
07/17/2000,LGB,CA,AWP,WE,Towers with Display (VFR),31,7,106,1,145,1,8,319,0,328,32,15,425,1,473,689,0,689,1162
07/18/2000,LGB,CA,AWP,WE,Towers with Display (VFR),34,7,114,1,156,7,15,381,1,404,41,22,495,2,560,535,0,535,1095
07/19/2000,LGB,CA,AWP,WE,Towers with Display (VFR),32,7,109,1,149,9,8,403,3,423,41,15,512,4,572,601,0,601,1173
07/20/2000,LGB,CA,AWP,WE,Towers with Display (VFR),36,8,122,1,167,9,16,355,2,382,45,24,477,3,549,553,0,553,1102
07/21/2000,LGB,CA,AWP,WE,Towers with Display (VFR),34,8,119,0,161,0,13,262,0,275,34,21,381,0,436,640,0,640,1076
07/22/2000,LGB,CA,AWP,WE,Towers with Display (VFR),24,9,130,0,163,0,10,369,0,379,24,19,499,0,542,573,0,573,1115
07/23/2000,LGB,CA,AWP,WE,Towers with Display (VFR),24,5,86,1,116,0,12,410,0,422,24,17,496,1,538,466,0,466,1004
07/24/2000,LGB,CA,AWP,WE,Towers with Display (VFR),30,6,100,0,136,3,11,354,0,368,33,17,454,0,504,595,0,595,1099
07/25/2000,LGB,CA,AWP,WE,Towers with Display (VFR),33,8,112,1,154,7,14,318,53,392,40,22,430,54,546,559,0,559,1105
07/26/2000,LGB,CA,AWP,WE,Towers with Display (VFR),44,10,150,1,205,6,3,347,0,356,50,13,497,1,561,599,0,599,1160
07/27/2000,LGB,CA,AWP,WE,Towers with Display (VFR),43,9,144,0,196,3,12,294,0,309,46,21,438,0,505,653,0,653,1158
07/28/2000,LGB,CA,AWP,WE,Towers with Display (VFR),33,7,111,1,152,1,17,335,2,355,34,24,446,3,507,628,0,628,1135
07/29/2000,LGB,CA,AWP,WE,Towers with Display (VFR),26,6,92,1,125,0,2,379,0,381,26,8,471,1,506,555,0,555,1061
07/30/2000,LGB,CA,AWP,WE,Towers with Display (VFR),26,6,90,0,122,1,6,318,0,325,27,12,408,0,447,393,0,393,840
07/31/2000,LGB,CA,AWP,WE,Towers with Display (VFR),39,9,133,0,181,1,7,267,1,276,40,16,400,1,457,448,0,448,905
08/01/2000,LGB,CA,AWP,WE,Towers with Display (VFR),36,9,112,1,158,5,9,350,1,365,41,18,462,2,523,466,0,466,989
08/02/2000,LGB,CA,AWP,WE,Towers with Display (VFR),28,8,91,0,127,11,14,352,0,377,39,22,443,0,504,447,0,447,951
08/03/2000,LGB,CA,AWP,WE,Towers with Display (VFR),40,10,123,1,174,0,14,386,5,405,40,24,509,6,579,372,0,372,951
08/04/2000,LGB,CA,AWP,WE,Towers with Display (VFR),32,8,99,1,140,1,10,324,1,336,33,18,423,2,476,483,0,483,959
08/05/2000,LGB,CA,AWP,WE,Towers with Display (VFR),26,7,81,0,114,3,5,355,5,368,29,12,436,5,482,574,0,574,1056
08/06/2000,LGB,CA,AWP,WE,Towers with Display (VFR),22,6,69,0,97,1,0,251,2,254,23,6,320,2,351,308,0,308,659
08/07/2000,LGB,CA,AWP,WE,Towers with Display (VFR),37,10,118,1,166,6,1,323,2,332,43,11,441,3,498,536,0,536,1034
08/08/2000,LGB,CA,AWP,WE,Towers with Display (VFR),34,9,108,1,152,7,14,314,1,336,41,23,422,2,488,435,0,435,923
08/09/2000,LGB,CA,AWP,WE,Towers with Display (VFR),42,12,144,1,199,0,12,304,0,316,42,24,448,1,515,518,0,518,1033
08/10/2000,LGB,CA,AWP,WE,Towers with Display (VFR),46,12,138,1,197,3,8,431,1,443,49,20,569,2,640,539,0,539,1179
08/11/2000,LGB,CA,AWP,WE,Towers with Display (VFR),30,8,91,1,130,5,8,371,0,384,35,16,462,1,514,540,0,540,1054
08/12/2000,LGB,CA,AWP,WE,Towers with Display (VFR),24,6,71,0,101,1,3,447,0,451,25,9,518,0,552,608,0,608,1160
08/13/2000,LGB,CA,AWP,WE,Towers with Display (VFR),27,8,104,1,140,0,3,395,0,398,27,11,499,1,538,554,0,554,1092
08/14/2000,LGB,CA,AWP,WE,Towers with Display (VFR),30,7,92,1,130,6,20,288,0,314,36,27,380,1,444,408,0,408,852
08/15/2000,LGB,CA,AWP,WE,Towers with Display (VFR),40,11,140,1,192,0,15,315,0,330,40,26,455,1,522,526,0,526,1048
08/16/2000,LGB,CA,AWP,WE,Towers with Display (VFR),42,10,128,1,181,2,16,357,0,375,44,26,485,1,556,639,0,639,1195
08/17/2000,LGB,CA,AWP,WE,Towers with Display (VFR),40,9,120,0,169,6,4,362,0,372,46,13,482,0,541,574,0,574,1115
08/18/2000,LGB,CA,AWP,WE,Towers with Display (VFR),33,7,98,0,138,4,17,385,0,406,37,24,483,0,544,713,0,713,1257
08/19/2000,LGB,CA,AWP,WE,Towers with Display (VFR),26,8,109,0,143,0,6,417,0,423,26,14,526,0,566,438,0,438,1004
08/20/2000,LGB,CA,AWP,WE,Towers with Display (VFR),29,7,93,0,129,0,3,364,0,367,29,10,457,0,496,484,0,484,980
08/21/2000,LGB,CA,AWP,WE,Towers with Display (VFR),35,8,107,2,152,4,3,294,5,306,39,11,401,7,458,596,0,596,1054
08/22/2000,LGB,CA,AWP,WE,Towers with Display (VFR),38,9,116,2,165,0,16,337,4,357,38,25,453,6,522,484,0,484,1006
08/23/2000,LGB,CA,AWP,WE,Towers with Display (VFR),40,10,130,2,182,0,24,341,4,369,40,34,471,6,551,417,0,417,968
08/24/2000,LGB,CA,AWP,WE,Towers with Display (VFR),39,9,126,0,174,0,15,307,0,322,39,24,433,0,496,566,0,566,1062
08/25/2000,LGB,CA,AWP,WE,Towers with Display (VFR),32,7,97,2,138,10,22,374,1,407,42,29,471,3,545,552,4,556,1101
08/26/2000,LGB,CA,AWP,WE,Towers with Display (VFR),27,5,91,1,124,0,0,457,2,459,27,5,548,3,583,569,0,569,1152
08/27/2000,LGB,CA,AWP,WE,Towers with Display (VFR),26,6,83,0,115,0,55,290,0,345,26,61,373,0,460,532,0,532,992
08/28/2000,LGB,CA,AWP,WE,Towers with Display (VFR),36,9,118,1,164,0,2,304,1,307,36,11,422,2,471,575,0,575,1046
08/29/2000,LGB,CA,AWP,WE,Towers with Display (VFR),38,10,133,1,182,0,19,106,2,127,38,29,239,3,309,514,0,514,823
08/30/2000,LGB,CA,AWP,WE,Towers with Display (VFR),38,11,134,1,184,0,9,306,28,343,38,20,440,29,527,604,0,604,1131
08/31/2000,LGB,CA,AWP,WE,Towers with Display (VFR),46,11,140,1,198,2,6,272,5,285,48,17,412,6,483,563,0,563,1046
09/01/2000,LGB,CA,AWP,WE,Towers with Display (VFR),32,11,131,1,175,0,7,352,0,359,32,18,483,1,534,592,0,592,1126
09/02/2000,LGB,CA,AWP,WE,Towers with Display (VFR),22,8,94,0,124,0,1,403,0,404,22,9,497,0,528,547,0,547,1075
09/03/2000,LGB,CA,AWP,WE,Towers with Display (VFR),21,6,78,0,105,1,0,381,0,382,22,6,459,0,487,544,0,544,1031
09/04/2000,LGB,CA,AWP,WE,Towers with Display (VFR),20,5,80,1,106,4,0,517,0,521,24,5,597,1,627,610,0,610,1237
09/05/2000,LGB,CA,AWP,WE,Towers with Display (VFR),28,9,105,1,143,11,12,381,3,407,39,21,486,4,550,564,0,564,1114
09/06/2000,LGB,CA,AWP,WE,Towers with Display (VFR),34,11,127,1,173,3,11,434,4,452,37,22,561,5,625,604,0,604,1229
09/07/2000,LGB,CA,AWP,WE,Towers with Display (VFR),30,9,108,1,148,5,14,395,1,415,35,23,503,2,563,685,0,685,1248
09/08/2000,LGB,CA,AWP,WE,Towers with Display (VFR),29,9,104,0,142,2,15,379,0,396,31,24,483,0,538,835,0,835,1373
09/09/2000,LGB,CA,AWP,WE,Towers with Display (VFR),8,2,28,1,39,12,5,462,1,480,20,7,490,2,519,564,0,564,1083
09/10/2000,LGB,CA,AWP,WE,Towers with Display (VFR),23,7,96,0,126,0,1,337,0,338,23,8,433,0,464,361,0,361,825
09/11/2000,LGB,CA,AWP,WE,Towers with Display (VFR),31,8,111,2,152,2,20,428,9,459,33,28,539,11,611,743,0,743,1354
09/12/2000,LGB,CA,AWP,WE,Towers with Display (VFR),32,10,125,1,168,0,17,356,0,373,32,27,481,1,541,548,0,548,1089
09/13/2000,LGB,CA,AWP,WE,Towers with Display (VFR),33,9,120,2,164,8,17,324,4,353,41,26,444,6,517,542,0,542,1059
09/14/2000,LGB,CA,AWP,WE,Towers with Display (VFR),30,8,107,0,145,4,14,376,0,394,34,22,483,0,539,626,0,626,1165
09/15/2000,LGB,CA,AWP,WE,Towers with Display (VFR),34,9,123,2,168,4,7,394,5,410,38,16,517,7,578,797,0,797,1375
09/16/2000,LGB,CA,AWP,WE,Towers with Display (VFR),18,5,64,0,87,8,1,334,0,343,26,6,398,0,430,626,0,626,1056
09/17/2000,LGB,CA,AWP,WE,Towers with Display (VFR),22,7,102,2,133,0,3,329,2,334,22,10,431,4,467,450,0,450,917
09/18/2000,LGB,CA,AWP,WE,Towers with Display (VFR),29,8,106,2,145,1,8,283,5,297,30,16,389,7,442,460,0,460,902
09/19/2000,LGB,CA,AWP,WE,Towers with Display (VFR),34,9,123,2,168,3,7,306,11,327,37,16,429,13,495,423,0,423,918
09/20/2000,LGB,CA,AWP,WE,Towers with Display (VFR),43,12,158,2,215,0,15,267,0,282,43,27,425,2,497,763,0,763,1260
09/21/2000,LGB,CA,AWP,WE,Towers with Display (VFR),34,11,154,3,202,0,9,200,0,209,34,20,354,3,411,518,0,518,929
09/22/2000,LGB,CA,AWP,WE,Towers with Display (VFR),30,10,130,1,171,0,14,240,4,258,30,24,370,5,429,471,0,471,900
09/23/2000,LGB,CA,AWP,WE,Towers with Display (VFR),24,7,102,1,134,0,4,382,1,387,24,11,484,2,521,465,0,465,986
09/24/2000,LGB,CA,AWP,WE,Towers with Display (VFR),23,7,95,1,126,0,11,401,0,412,23,18,496,1,538,516,0,516,1054
09/25/2000,LGB,CA,AWP,WE,Towers with Display (VFR),35,9,124,1,169,4,6,386,2,398,39,15,510,3,567,574,0,574,1141
09/26/2000,LGB,CA,AWP,WE,Towers with Display (VFR),35,10,139,1,185,0,17,429,0,446,35,27,568,1,631,458,0,458,1089
09/27/2000,LGB,CA,AWP,WE,Towers with Display (VFR),40,11,153,0,204,0,7,218,0,225,40,18,371,0,429,666,0,666,1095
09/28/2000,LGB,CA,AWP,WE,Towers with Display (VFR),42,13,178,2,235,0,10,229,3,242,42,23,407,5,477,693,0,693,1170
09/29/2000,LGB,CA,AWP,WE,Towers with Display (VFR),34,10,135,1,180,0,13,275,1,289,34,23,410,2,469,547,0,547,1016
09/30/2000,LGB,CA,AWP,WE,Towers with Display (VFR),22,8,112,1,143,0,2,300,0,302,22,10,412,1,445,735,0,735,1180
10/01/2000,LGB,CA,AWP,WE,Towers with Display (VFR),25,8,133,0,166,0,0,246,0,246,25,8,379,0,412,246,0,246,658
10/02/2000,LGB,CA,AWP,WE,Towers with Display (VFR),27,8,125,0,160,11,16,280,0,307,38,24,405,0,467,619,0,619,1086
10/03/2000,LGB,CA,AWP,WE,Towers with Display (VFR),29,8,130,0,167,8,8,371,0,387,37,16,501,0,554,743,0,743,1297
10/04/2000,LGB,CA,AWP,WE,Towers with Display (VFR),31,9,152,0,192,0,7,213,0,220,31,16,365,0,412,613,0,613,1025
10/05/2000,LGB,CA,AWP,WE,Towers with Display (VFR),34,12,183,1,230,0,10,283,4,297,34,22,466,5,527,651,0,651,1178
10/06/2000,LGB,CA,AWP,WE,Towers with Display (VFR),31,5,158,0,194,0,0,158,0,158,31,5,316,0,352,373,0,373,725
10/07/2000,LGB,CA,AWP,WE,Towers with Display (VFR),23,8,105,0,136,6,8,246,5,265,29,16,351,5,401,659,0,659,1060
10/08/2000,LGB,CA,AWP,WE,Towers with Display (VFR),24,9,144,0,177,0,10,239,0,249,24,19,383,0,426,645,0,645,1071
10/09/2000,LGB,CA,AWP,WE,Towers with Display (VFR),27,8,124,1,160,2,7,150,7,166,29,15,274,8,326,449,0,449,775
10/10/2000,LGB,CA,AWP,WE,Towers with Display (VFR),22,7,101,0,130,10,13,220,2,245,32,20,321,2,375,452,0,452,827
10/11/2000,LGB,CA,AWP,WE,Towers with Display (VFR),31,8,136,0,175,3,18,257,0,278,34,26,393,0,453,542,0,542,995
10/12/2000,LGB,CA,AWP,WE,Towers with Display (VFR),35,8,150,2,195,2,4,365,1,372,37,12,515,3,567,628,0,628,1195
10/13/2000,LGB,CA,AWP,WE,Towers with Display (VFR),25,7,107,1,140,5,1,398,9,413,30,8,505,10,553,747,0,747,1300
10/14/2000,LGB,CA,AWP,WE,Towers with Display (VFR),27,6,115,2,150,2,4,452,4,462,29,10,567,6,612,582,0,582,1194
10/15/2000,LGB,CA,AWP,WE,Towers with Display (VFR),18,5,78,0,101,3,2,384,0,389,21,7,462,0,490,459,0,459,949
10/16/2000,LGB,CA,AWP,WE,Towers with Display (VFR),31,8,134,2,175,19,22,257,1,299,50,30,391,3,474,336,0,336,810
10/17/2000,LGB,CA,AWP,WE,Towers with Display (VFR),28,7,122,0,157,3,10,238,0,251,31,17,360,0,408,404,0,404,812
10/18/2000,LGB,CA,AWP,WE,Towers with Display (VFR),37,9,158,0,204,3,12,238,0,253,40,21,396,0,457,485,0,485,942
10/19/2000,LGB,CA,AWP,WE,Towers with Display (VFR),28,11,202,2,243,0,10,259,1,270,28,21,461,3,513,25,0,25,538
10/20/2000,LGB,CA,AWP,WE,Towers with Display (VFR),34,16,275,0,325,0,0,73,0,73,34,16,348,0,398,22,0,22,420
10/21/2000,LGB,CA,AWP,WE,Towers with Display (VFR),21,8,180,2,211,0,0,243,3,246,21,8,423,5,457,0,0,0,457
10/22/2000,LGB,CA,AWP,WE,Towers with Display (VFR),19,6,139,2,166,0,0,466,0,466,19,6,605,2,632,19,0,19,651
10/23/2000,LGB,CA,AWP,WE,Towers with Display (VFR),29,7,127,2,165,1,16,407,0,424,30,23,534,2,589,327,0,327,916
10/24/2000,LGB,CA,AWP,WE,Towers with Display (VFR),27,6,117,1,151,4,14,436,0,454,31,20,553,1,605,554,0,554,1159
10/25/2000,LGB,CA,AWP,WE,Towers with Display (VFR),30,7,129,1,167,4,16,403,1,424,34,23,532,2,591,592,0,592,1183
10/26/2000,LGB,CA,AWP,WE,Towers with Display (VFR),31,8,138,1,178,5,11,281,3,300,36,19,419,4,478,477,0,477,955
10/27/2000,LGB,CA,AWP,WE,Towers with Display (VFR),24,6,103,0,133,5,4,195,3,207,29,10,298,3,340,389,0,389,729
10/28/2000,LGB,CA,AWP,WE,Towers with Display (VFR),23,5,108,0,136,0,0,370,2,372,23,5,478,2,508,565,0,565,1073
10/29/2000,LGB,CA,AWP,WE,Towers with Display (VFR),20,6,102,0,128,0,3,117,1,121,20,9,219,1,249,282,0,282,531
10/30/2000,LGB,CA,AWP,WE,Towers with Display (VFR),29,7,128,1,165,5,8,334,4,351,34,15,462,5,516,470,0,470,986
10/31/2000,LGB,CA,AWP,WE,Towers with Display (VFR),25,6,106,0,137,8,15,331,1,355,33,21,437,1,492,542,0,542,1034
11/01/2000,LGB,CA,AWP,WE,Towers with Display (VFR),34,13,154,1,202,0,6,391,2,399,34,19,545,3,601,485,0,485,1086
11/02/2000,LGB,CA,AWP,WE,Towers with Display (VFR),30,11,134,1,176,0,3,400,3,406,30,14,534,4,582,567,0,567,1149
11/03/2000,LGB,CA,AWP,WE,Towers with Display (VFR),31,9,114,0,154,1,15,298,0,314,32,24,412,0,468,389,0,389,857
11/04/2000,LGB,CA,AWP,WE,Towers with Display (VFR),24,8,101,1,134,0,13,373,2,388,24,21,474,3,522,344,0,344,866
11/05/2000,LGB,CA,AWP,WE,Towers with Display (VFR),22,9,104,0,135,0,6,387,0,393,22,15,491,0,528,517,0,517,1045
11/06/2000,LGB,CA,AWP,WE,Towers with Display (VFR),36,11,135,0,182,0,10,243,0,253,36,21,378,0,435,602,0,602,1037
11/07/2000,LGB,CA,AWP,WE,Towers with Display (VFR),27,8,103,1,139,9,8,307,2,326,36,16,410,3,465,592,0,592,1057
11/08/2000,LGB,CA,AWP,WE,Towers with Display (VFR),36,11,135,1,183,0,15,373,3,391,36,26,508,4,574,468,0,468,1042
11/09/2000,LGB,CA,AWP,WE,Towers with Display (VFR),34,10,128,1,173,3,9,251,2,265,37,19,379,3,438,504,0,504,942
11/10/2000,LGB,CA,AWP,WE,Towers with Display (VFR),29,9,112,1,151,2,10,276,0,288,31,19,388,1,439,622,0,622,1061
11/11/2000,LGB,CA,AWP,WE,Towers with Display (VFR),27,7,111,1,146,0,0,411,7,418,27,7,522,8,564,479,0,479,1043
11/12/2000,LGB,CA,AWP,WE,Towers with Display (VFR),24,8,97,1,130,0,0,368,5,373,24,8,465,6,503,475,0,475,978
11/13/2000,LGB,CA,AWP,WE,Towers with Display (VFR),33,9,120,2,164,3,12,346,2,363,36,21,466,4,527,472,0,472,999
11/14/2000,LGB,CA,AWP,WE,Towers with Display (VFR),33,9,121,2,165,7,19,320,2,348,40,28,441,4,513,454,0,454,967
11/15/2000,LGB,CA,AWP,WE,Towers with Display (VFR),39,11,144,2,196,3,14,400,2,419,42,25,544,4,615,554,0,554,1169
11/16/2000,LGB,CA,AWP,WE,Towers with Display (VFR),39,11,141,2,193,5,6,385,1,397,44,17,526,3,590,555,0,555,1145
11/17/2000,LGB,CA,AWP,WE,Towers with Display (VFR),32,9,124,2,167,0,2,400,2,404,32,11,524,4,571,512,0,512,1083
11/18/2000,LGB,CA,AWP,WE,Towers with Display (VFR),27,7,99,1,134,0,4,440,0,444,27,11,539,1,578,550,0,550,1128
11/19/2000,LGB,CA,AWP,WE,Towers with Display (VFR),27,8,97,1,133,1,2,484,4,491,28,10,581,5,624,515,0,515,1139
11/20/2000,LGB,CA,AWP,WE,Towers with Display (VFR),31,9,116,2,158,7,5,348,3,363,38,14,464,5,521,461,0,461,982
11/21/2000,LGB,CA,AWP,WE,Towers with Display (VFR),33,12,156,0,201,0,17,320,0,337,33,29,476,0,538,453,0,453,991
11/22/2000,LGB,CA,AWP,WE,Towers with Display (VFR),34,10,129,0,173,0,10,322,0,332,34,20,451,0,505,558,0,558,1063
11/23/2000,LGB,CA,AWP,WE,Towers with Display (VFR),14,4,55,0,73,0,4,190,0,194,14,8,245,0,267,151,0,151,418
11/24/2000,LGB,CA,AWP,WE,Towers with Display (VFR),25,7,88,0,120,1,7,314,0,322,26,14,402,0,442,361,0,361,803
11/25/2000,LGB,CA,AWP,WE,Towers with Display (VFR),24,7,93,0,124,0,0,366,0,366,24,7,459,0,490,493,0,493,983
11/26/2000,LGB,CA,AWP,WE,Towers with Display (VFR),25,8,124,0,157,0,0,328,0,328,25,8,452,0,485,503,0,503,988
11/27/2000,LGB,CA,AWP,WE,Towers with Display (VFR),23,6,84,0,113,12,10,165,1,188,35,16,249,1,301,273,1,274,575
11/28/2000,LGB,CA,AWP,WE,Towers with Display (VFR),32,9,118,1,160,17,6,291,2,316,49,15,409,3,476,435,0,435,911
11/29/2000,LGB,CA,AWP,WE,Towers with Display (VFR),37,10,136,1,184,4,7,310,0,321,41,17,446,1,505,486,0,486,991
11/30/2000,LGB,CA,AWP,WE,Towers with Display (VFR),36,15,196,1,248,0,3,113,3,119,36,18,309,4,367,219,3,222,589
12/01/2000,LGB,CA,AWP,WE,Towers with Display (VFR),36,14,215,0,265,0,0,38,0,38,36,14,253,0,303,44,0,44,347
12/02/2000,LGB,CA,AWP,WE,Towers with Display (VFR),27,7,180,1,215,0,0,91,5,96,27,7,271,6,311,178,0,178,489
12/03/2000,LGB,CA,AWP,WE,Towers with Display (VFR),25,3,122,0,150,0,0,90,0,90,25,3,212,0,240,0,0,0,240
12/04/2000,LGB,CA,AWP,WE,Towers with Display (VFR),28,9,118,0,155,7,4,353,0,364,35,13,471,0,519,580,0,580,1099
12/05/2000,LGB,CA,AWP,WE,Towers with Display (VFR),31,10,133,1,175,2,6,417,7,432,33,16,550,8,607,640,0,640,1247
12/06/2000,LGB,CA,AWP,WE,Towers with Display (VFR),36,11,150,0,197,4,8,354,0,366,40,19,504,0,563,479,0,479,1042
12/07/2000,LGB,CA,AWP,WE,Towers with Display (VFR),34,11,143,1,189,11,8,302,2,323,45,19,445,3,512,373,0,373,885
12/08/2000,LGB,CA,AWP,WE,Towers with Display (VFR),35,13,164,1,213,0,9,157,6,172,35,22,321,7,385,428,0,428,813
12/09/2000,LGB,CA,AWP,WE,Towers with Display (VFR),20,7,96,0,123,0,2,292,0,294,20,9,388,0,417,645,0,645,1062
12/10/2000,LGB,CA,AWP,WE,Towers with Display (VFR),23,3,99,0,125,6,0,257,0,263,29,3,356,0,388,773,0,773,1161
12/11/2000,LGB,CA,AWP,WE,Towers with Display (VFR),27,8,112,1,148,7,8,320,3,338,34,16,432,4,486,503,0,503,989
12/12/2000,LGB,CA,AWP,WE,Towers with Display (VFR),24,9,120,1,154,0,3,277,5,285,24,12,397,6,439,460,0,460,899
12/13/2000,LGB,CA,AWP,WE,Towers with Display (VFR),32,10,134,1,177,19,8,372,1,400,51,18,506,2,577,547,0,547,1124
12/14/2000,LGB,CA,AWP,WE,Towers with Display (VFR),35,12,156,1,204,0,9,266,1,276,35,21,422,2,480,560,0,560,1040
12/15/2000,LGB,CA,AWP,WE,Towers with Display (VFR),29,9,132,2,172,0,6,392,2,400,29,15,524,4,572,653,0,653,1225
12/16/2000,LGB,CA,AWP,WE,Towers with Display (VFR),23,6,103,0,132,0,0,440,0,440,23,6,543,0,572,513,0,513,1085
12/17/2000,LGB,CA,AWP,WE,Towers with Display (VFR),14,6,83,0,103,0,2,349,0,351,14,8,432,0,454,444,0,444,898
12/18/2000,LGB,CA,AWP,WE,Towers with Display (VFR),25,7,104,0,136,8,7,276,0,291,33,14,380,0,427,320,0,320,747
12/19/2000,LGB,CA,AWP,WE,Towers with Display (VFR),33,9,134,2,178,6,18,361,3,388,39,27,495,5,566,588,0,588,1154
12/20/2000,LGB,CA,AWP,WE,Towers with Display (VFR),35,9,140,2,186,4,11,427,0,442,39,20,567,2,628,696,0,696,1324
12/21/2000,LGB,CA,AWP,WE,Towers with Display (VFR),33,10,148,2,193,0,4,199,0,203,33,14,347,2,396,400,0,400,796
12/22/2000,LGB,CA,AWP,WE,Towers with Display (VFR),31,10,149,1,191,0,4,147,0,151,31,14,296,1,342,245,0,245,587
12/23/2000,LGB,CA,AWP,WE,Towers with Display (VFR),22,8,119,0,149,0,5,136,0,141,22,13,255,0,290,163,0,163,453
12/24/2000,LGB,CA,AWP,WE,Towers with Display (VFR),14,4,73,0,91,0,0,7,0,7,14,4,80,0,98,73,0,73,171
12/25/2000,LGB,CA,AWP,WE,Towers with Display (VFR),9,2,34,0,45,2,9,97,0,108,11,11,131,0,153,76,0,76,229
12/26/2000,LGB,CA,AWP,WE,Towers with Display (VFR),25,7,111,0,143,0,11,394,0,405,25,18,505,0,548,496,0,496,1044
12/27/2000,LGB,CA,AWP,WE,Towers with Display (VFR),6,1,24,0,31,20,10,477,0,507,26,11,501,0,538,1063,0,1063,1601
12/28/2000,LGB,CA,AWP,WE,Towers with Display (VFR),27,8,120,1,156,0,8,363,1,372,27,16,483,2,528,728,0,728,1256
12/29/2000,LGB,CA,AWP,WE,Towers with Display (VFR),26,7,107,1,141,0,9,363,1,373,26,16,470,2,514,429,0,429,943
12/30/2000,LGB,CA,AWP,WE,Towers with Display (VFR),21,7,113,0,141,0,5,363,0,368,21,12,476,0,509,516,0,516,1025
12/31/2000,LGB,CA,AWP,WE,Towers with Display (VFR),12,3,56,0,71,0,1,275,0,276,12,4,331,0,347,354,0,354,701
01/01/2001,LGB,CA,AWP,WE,Towers with Display (VFR),14,5,58,0,77,1,5,267,0,273,15,10,325,0,350,220,0,220,570
01/02/2001,LGB,CA,AWP,WE,Towers with Display (VFR),23,8,93,0,124,6,5,316,0,327,29,13,409,0,451,342,0,342,793
01/03/2001,LGB,CA,AWP,WE,Towers with Display (VFR),24,8,97,0,129,2,3,277,2,284,26,11,374,2,413,363,0,363,776
01/04/2001,LGB,CA,AWP,WE,Towers with Display (VFR),27,8,110,0,145,5,0,343,0,348,32,8,453,0,493,470,0,470,963
01/05/2001,LGB,CA,AWP,WE,Towers with Display (VFR),26,9,126,0,161,0,10,396,0,406,26,19,522,0,567,544,0,544,1111
01/06/2001,LGB,CA,AWP,WE,Towers with Display (VFR),13,7,97,0,117,0,12,362,0,374,13,19,459,0,491,566,0,566,1057
01/07/2001,LGB,CA,AWP,WE,Towers with Display (VFR),16,5,88,1,110,0,0,335,1,336,16,5,423,2,446,467,0,467,913
01/08/2001,LGB,CA,AWP,WE,Towers with Display (VFR),24,7,97,0,128,4,8,88,0,100,28,15,185,0,228,118,0,118,346
01/09/2001,LGB,CA,AWP,WE,Towers with Display (VFR),30,9,125,0,164,5,10,313,0,328,35,19,438,0,492,610,0,610,1102
01/10/2001,LGB,CA,AWP,WE,Towers with Display (VFR),28,9,120,0,157,10,11,148,0,169,38,20,268,0,326,326,0,326,652
01/11/2001,LGB,CA,AWP,WE,Towers with Display (VFR),19,5,78,0,102,12,14,93,0,119,31,19,171,0,221,137,0,137,358
01/12/2001,LGB,CA,AWP,WE,Towers with Display (VFR),24,7,92,1,124,3,2,127,3,135,27,9,219,4,259,291,0,291,550
01/13/2001,LGB,CA,AWP,WE,Towers with Display (VFR),12,7,86,0,105,0,0,364,0,364,12,7,450,0,469,633,0,633,1102
01/14/2001,LGB,CA,AWP,WE,Towers with Display (VFR),16,6,81,0,103,0,1,393,0,394,16,7,474,0,497,465,0,465,962
01/15/2001,LGB,CA,AWP,WE,Towers with Display (VFR),28,8,111,1,148,0,0,379,0,379,28,8,490,1,527,367,0,367,894
01/16/2001,LGB,CA,AWP,WE,Towers with Display (VFR),24,8,95,1,128,2,13,370,1,386,26,21,465,2,514,461,0,461,975
01/17/2001,LGB,CA,AWP,WE,Towers with Display (VFR),28,8,109,1,146,3,14,324,1,342,31,22,433,2,488,477,0,477,965
01/18/2001,LGB,CA,AWP,WE,Towers with Display (VFR),26,9,118,2,155,0,4,488,2,494,26,13,606,4,649,566,6,572,1221
01/19/2001,LGB,CA,AWP,WE,Towers with Display (VFR),26,8,104,1,139,0,10,331,0,341,26,18,435,1,480,475,0,475,955
01/20/2001,LGB,CA,AWP,WE,Towers with Display (VFR),19,6,81,1,107,0,9,391,3,403,19,15,472,4,510,487,0,487,997
01/21/2001,LGB,CA,AWP,WE,Towers with Display (VFR),18,7,90,1,116,0,0,422,4,426,18,7,512,5,542,399,0,399,941
01/22/2001,LGB,CA,AWP,WE,Towers with Display (VFR),29,9,118,2,158,2,17,307,2,328,31,26,425,4,486,365,0,365,851
01/23/2001,LGB,CA,AWP,WE,Towers with Display (VFR),31,9,126,2,168,0,9,376,0,385,31,18,502,2,553,444,0,444,997
01/24/2001,LGB,CA,AWP,WE,Towers with Display (VFR),27,8,107,0,142,2,24,158,15,199,29,32,265,15,341,305,0,305,646
01/25/2001,LGB,CA,AWP,WE,Towers with Display (VFR),33,11,146,1,191,0,6,351,3,360,33,17,497,4,551,451,8,459,1010
01/26/2001,LGB,CA,AWP,WE,Towers with Display (VFR),23,7,92,0,122,6,7,95,0,108,29,14,187,0,230,152,0,152,382
01/27/2001,LGB,CA,AWP,WE,Towers with Display (VFR),13,6,76,0,95,0,0,397,0,397,13,6,473,0,492,604,0,604,1096
01/28/2001,LGB,CA,AWP,WE,Towers with Display (VFR),16,7,87,0,110,0,5,277,20,302,16,12,364,20,412,369,0,369,781
01/29/2001,LGB,CA,AWP,WE,Towers with Display (VFR),25,7,97,0,129,2,8,224,0,234,27,15,321,0,363,413,0,413,776
01/30/2001,LGB,CA,AWP,WE,Towers with Display (VFR),26,8,102,0,136,0,7,341,0,348,26,15,443,0,484,579,0,579,1063
01/31/2001,LGB,CA,AWP,WE,Towers with Display (VFR),29,9,127,1,166,0,9,417,1,427,29,18,544,2,593,574,0,574,1167
02/01/2001,LGB,CA,AWP,WE,Towers with Display (VFR),26,10,130,1,167,3,3,419,0,425,29,13,549,1,592,490,0,490,1082
02/02/2001,LGB,CA,AWP,WE,Towers with Display (VFR),26,10,130,0,166,2,7,409,1,419,28,17,539,1,585,466,0,466,1051
02/03/2001,LGB,CA,AWP,WE,Towers with Display (VFR),15,6,119,0,140,0,0,503,0,503,15,6,622,0,643,437,0,437,1080
02/04/2001,LGB,CA,AWP,WE,Towers with Display (VFR),18,5,105,0,128,0,0,433,1,434,18,5,538,1,562,427,0,427,989
02/05/2001,LGB,CA,AWP,WE,Towers with Display (VFR),25,10,129,0,164,2,6,345,2,355,27,16,474,2,519,504,0,504,1023
02/06/2001,LGB,CA,AWP,WE,Towers with Display (VFR),29,12,160,1,202,0,8,186,2,196,29,20,346,3,398,579,0,579,977
02/07/2001,LGB,CA,AWP,WE,Towers with Display (VFR),22,9,112,0,143,13,9,236,0,258,35,18,348,0,401,452,0,452,853
02/08/2001,LGB,CA,AWP,WE,Towers with Display (VFR),27,10,136,0,173,7,8,345,6,366,34,18,481,6,539,483,0,483,1022
02/09/2001,LGB,CA,AWP,WE,Towers with Display (VFR),23,10,119,0,152,1,7,374,0,382,24,17,493,0,534,486,0,486,1020
02/10/2001,LGB,CA,AWP,WE,Towers with Display (VFR),15,6,97,0,118,0,1,188,0,189,15,7,285,0,307,292,0,292,599
02/11/2001,LGB,CA,AWP,WE,Towers with Display (VFR),16,6,95,0,117,0,1,244,0,245,16,7,339,0,362,392,0,392,754
02/12/2001,LGB,CA,AWP,WE,Towers with Display (VFR),20,7,103,1,131,11,9,60,4,84,31,16,163,5,215,178,0,178,393
02/13/2001,LGB,CA,AWP,WE,Towers with Display (VFR),19,6,96,1,122,8,8,193,1,210,27,14,289,2,332,291,0,291,623
02/14/2001,LGB,CA,AWP,WE,Towers with Display (VFR),23,8,117,1,149,5,22,380,2,409,28,30,497,3,558,456,0,456,1014
02/15/2001,LGB,CA,AWP,WE,Towers with Display (VFR),31,11,155,2,199,2,17,416,1,436,33,28,571,3,635,457,0,457,1092
02/16/2001,LGB,CA,AWP,WE,Towers with Display (VFR),24,9,127,0,160,0,20,409,0,429,24,29,536,0,589,666,0,666,1255
02/17/2001,LGB,CA,AWP,WE,Towers with Display (VFR),13,10,140,0,163,0,10,466,0,476,13,20,606,0,639,473,0,473,1112
02/18/2001,LGB,CA,AWP,WE,Towers with Display (VFR),15,5,98,1,119,0,0,233,0,233,15,5,331,1,352,357,0,357,709
02/19/2001,LGB,CA,AWP,WE,Towers with Display (VFR),31,9,150,1,191,0,0,144,0,144,31,9,294,1,335,293,0,293,628
02/20/2001,LGB,CA,AWP,WE,Towers with Display (VFR),30,11,164,0,205,0,5,236,0,241,30,16,400,0,446,357,0,357,803
02/21/2001,LGB,CA,AWP,WE,Towers with Display (VFR),30,10,146,1,187,0,10,349,0,359,30,20,495,1,546,472,3,475,1021
02/22/2001,LGB,CA,AWP,WE,Towers with Display (VFR),28,10,136,1,175,5,10,233,1,249,33,20,369,2,424,473,0,473,897
02/23/2001,LGB,CA,AWP,WE,Towers with Display (VFR),26,9,136,0,171,0,19,235,0,254,26,28,371,0,425,537,0,537,962
02/24/2001,LGB,CA,AWP,WE,Towers with Display (VFR),12,7,105,0,124,0,1,119,0,120,12,8,224,0,244,328,0,328,572
02/25/2001,LGB,CA,AWP,WE,Towers with Display (VFR),17,7,93,0,117,0,9,23,0,32,17,16,116,0,149,46,0,46,195
02/26/2001,LGB,CA,AWP,WE,Towers with Display (VFR),22,7,107,0,136,7,6,160,0,173,29,13,267,0,309,296,0,296,605
02/27/2001,LGB,CA,AWP,WE,Towers with Display (VFR),25,9,131,0,165,0,8,194,0,202,25,17,325,0,367,241,0,241,608
02/28/2001,LGB,CA,AWP,WE,Towers with Display (VFR),29,10,150,1,190,0,18,133,3,154,29,28,283,4,344,250,0,250,594
03/01/2001,LGB,CA,AWP,WE,Towers with Display (VFR),28,14,154,0,196,7,9,486,3,505,35,23,640,3,701,385,0,385,1086
03/02/2001,LGB,CA,AWP,WE,Towers with Display (VFR),30,14,164,0,208,2,18,360,2,382,32,32,524,2,590,656,0,656,1246
03/03/2001,LGB,CA,AWP,WE,Towers with Display (VFR),18,13,143,0,174,0,10,373,5,388,18,23,516,5,562,615,0,615,1177
03/04/2001,LGB,CA,AWP,WE,Towers with Display (VFR),13,6,75,0,94,3,10,237,0,250,16,16,312,0,344,515,0,515,859
03/05/2001,LGB,CA,AWP,WE,Towers with Display (VFR),19,8,103,1,131,6,6,250,1,263,25,14,353,2,394,379,0,379,773
03/06/2001,LGB,CA,AWP,WE,Towers with Display (VFR),20,9,112,1,142,13,13,251,0,277,33,22,363,1,419,555,0,555,974
03/07/2001,LGB,CA,AWP,WE,Towers with Display (VFR),25,11,139,0,175,3,12,362,0,377,28,23,501,0,552,650,0,650,1202
03/08/2001,LGB,CA,AWP,WE,Towers with Display (VFR),28,12,152,1,193,6,9,423,0,438,34,21,575,1,631,759,0,759,1390
03/09/2001,LGB,CA,AWP,WE,Towers with Display (VFR),24,13,160,1,198,0,9,252,5,266,24,22,412,6,464,659,0,659,1123
03/10/2001,LGB,CA,AWP,WE,Towers with Display (VFR),13,3,114,1,131,0,0,459,0,459,13,3,573,1,590,710,0,710,1300
03/11/2001,LGB,CA,AWP,WE,Towers with Display (VFR),17,8,96,1,122,1,0,448,1,450,18,8,544,2,572,622,0,622,1194
03/12/2001,LGB,CA,AWP,WE,Towers with Display (VFR),24,11,135,1,171,3,6,400,2,411,27,17,535,3,582,509,0,509,1091
03/13/2001,LGB,CA,AWP,WE,Towers with Display (VFR),27,12,147,1,187,2,2,399,3,406,29,14,546,4,593,560,0,560,1153
03/14/2001,LGB,CA,AWP,WE,Towers with Display (VFR),26,11,141,1,179,4,11,361,7,383,30,22,502,8,562,594,0,594,1156
03/15/2001,LGB,CA,AWP,WE,Towers with Display (VFR),31,14,167,0,212,0,12,313,0,325,31,26,480,0,537,470,0,470,1007
03/16/2001,LGB,CA,AWP,WE,Towers with Display (VFR),26,13,157,1,197,0,17,315,1,333,26,30,472,2,530,754,0,754,1284
03/17/2001,LGB,CA,AWP,WE,Towers with Display (VFR),13,10,125,1,149,0,4,484,1,489,13,14,609,2,638,633,0,633,1271
03/18/2001,LGB,CA,AWP,WE,Towers with Display (VFR),16,8,104,1,129,0,53,387,0,440,16,61,491,1,569,723,0,723,1292
03/19/2001,LGB,CA,AWP,WE,Towers with Display (VFR),22,9,113,0,144,4,11,445,0,460,26,20,558,0,604,576,0,576,1180
03/20/2001,LGB,CA,AWP,WE,Towers with Display (VFR),28,12,146,1,187,2,16,341,0,359,30,28,487,1,546,511,0,511,1057
03/21/2001,LGB,CA,AWP,WE,Towers with Display (VFR),27,12,142,1,182,11,6,209,2,228,38,18,351,3,410,383,0,383,793
03/22/2001,LGB,CA,AWP,WE,Towers with Display (VFR),28,12,145,1,186,8,10,292,0,310,36,22,437,1,496,571,0,571,1067
03/23/2001,LGB,CA,AWP,WE,Towers with Display (VFR),28,13,149,1,191,0,10,258,0,268,28,23,407,1,459,700,0,700,1159
03/24/2001,LGB,CA,AWP,WE,Towers with Display (VFR),15,13,160,1,189,0,7,222,0,229,15,20,382,1,418,710,0,710,1128
03/25/2001,LGB,CA,AWP,WE,Towers with Display (VFR),17,14,160,0,191,0,0,255,0,255,17,14,415,0,446,633,0,633,1079
03/26/2001,LGB,CA,AWP,WE,Towers with Display (VFR),24,10,125,1,160,3,9,360,1,373,27,19,485,2,533,616,0,616,1149
03/27/2001,LGB,CA,AWP,WE,Towers with Display (VFR),25,11,133,1,170,3,7,378,2,390,28,18,511,3,560,514,0,514,1074
03/28/2001,LGB,CA,AWP,WE,Towers with Display (VFR),27,11,141,0,179,4,11,295,2,312,31,22,436,2,491,633,0,633,1124
03/29/2001,LGB,CA,AWP,WE,Towers with Display (VFR),29,14,170,0,213,0,2,299,0,301,29,16,469,0,514,634,0,634,1148
03/30/2001,LGB,CA,AWP,WE,Towers with Display (VFR),26,11,138,0,175,4,20,329,0,353,30,31,467,0,528,606,0,606,1134
03/31/2001,LGB,CA,AWP,WE,Towers with Display (VFR),13,6,155,0,174,0,0,327,4,331,13,6,482,4,505,658,0,658,1163
04/01/2001,LGB,CA,AWP,WE,Towers with Display (VFR),18,5,99,1,123,0,3,192,0,195,18,8,291,1,318,635,0,635,953
04/02/2001,LGB,CA,AWP,WE,Towers with Display (VFR),36,12,98,0,146,0,5,317,0,322,36,17,415,0,468,522,0,522,990
04/03/2001,LGB,CA,AWP,WE,Towers with Display (VFR),28,17,120,1,166,0,9,262,0,271,28,26,382,1,437,384,0,384,821
04/04/2001,LGB,CA,AWP,WE,Towers with Display (VFR),32,8,120,0,160,0,12,296,0,308,32,20,416,0,468,529,0,529,997
04/05/2001,LGB,CA,AWP,WE,Towers with Display (VFR),28,9,116,1,154,8,12,326,0,346,36,21,442,1,500,732,0,732,1232
04/06/2001,LGB,CA,AWP,WE,Towers with Display (VFR),27,16,145,2,190,0,14,371,0,385,27,30,516,2,575,795,0,795,1370
04/07/2001,LGB,CA,AWP,WE,Towers with Display (VFR),14,4,89,1,108,0,0,157,4,161,14,4,246,5,269,169,0,169,438
04/08/2001,LGB,CA,AWP,WE,Towers with Display (VFR),17,10,121,0,148,0,7,453,3,463,17,17,574,3,611,668,0,668,1279
04/09/2001,LGB,CA,AWP,WE,Towers with Display (VFR),26,8,108,0,142,2,13,231,2,248,28,21,339,2,390,360,0,360,750
04/10/2001,LGB,CA,AWP,WE,Towers with Display (VFR),32,11,103,0,146,0,12,331,1,344,32,23,434,1,490,530,0,530,1020
04/11/2001,LGB,CA,AWP,WE,Towers with Display (VFR),33,4,89,4,130,0,13,288,3,304,33,17,377,7,434,655,0,655,1089
04/12/2001,LGB,CA,AWP,WE,Towers with Display (VFR),33,13,133,0,179,8,19,369,2,398,41,32,502,2,577,564,0,564,1141
04/13/2001,LGB,CA,AWP,WE,Towers with Display (VFR),26,11,116,2,155,0,6,468,2,476,26,17,584,4,631,888,0,888,1519
04/14/2001,LGB,CA,AWP,WE,Towers with Display (VFR),14,3,117,0,134,0,10,470,0,480,14,13,587,0,614,488,0,488,1102
04/15/2001,LGB,CA,AWP,WE,Towers with Display (VFR),16,7,71,0,94,2,8,296,1,307,18,15,367,1,401,496,0,496,897
04/16/2001,LGB,CA,AWP,WE,Towers with Display (VFR),27,11,135,0,173,0,15,385,1,401,27,26,520,1,574,798,0,798,1372
04/17/2001,LGB,CA,AWP,WE,Towers with Display (VFR),28,14,121,0,163,0,17,335,0,352,28,31,456,0,515,535,0,535,1050
04/18/2001,LGB,CA,AWP,WE,Towers with Display (VFR),32,9,117,0,158,0,5,277,0,282,32,14,394,0,440,584,0,584,1024
04/19/2001,LGB,CA,AWP,WE,Towers with Display (VFR),30,11,133,0,174,9,14,213,0,236,39,25,346,0,410,627,0,627,1037
04/20/2001,LGB,CA,AWP,WE,Towers with Display (VFR),25,16,133,0,174,0,15,325,0,340,25,31,458,0,514,557,0,557,1071
04/21/2001,LGB,CA,AWP,WE,Towers with Display (VFR),14,4,89,0,107,0,2,344,0,346,14,6,433,0,453,467,0,467,920
04/22/2001,LGB,CA,AWP,WE,Towers with Display (VFR),18,8,92,0,118,0,14,553,0,567,18,22,645,0,685,412,0,412,1097
04/23/2001,LGB,CA,AWP,WE,Towers with Display (VFR),37,13,120,0,170,1,14,335,2,352,38,27,455,2,522,620,0,620,1142
04/24/2001,LGB,CA,AWP,WE,Towers with Display (VFR),35,7,133,1,176,0,15,495,0,510,35,22,628,1,686,444,6,450,1136
04/25/2001,LGB,CA,AWP,WE,Towers with Display (VFR),28,10,123,0,161,2,13,381,3,399,30,23,504,3,560,654,0,654,1214
04/26/2001,LGB,CA,AWP,WE,Towers with Display (VFR),33,12,146,0,191,1,6,216,11,234,34,18,362,11,425,410,0,410,835
04/27/2001,LGB,CA,AWP,WE,Towers with Display (VFR),24,9,194,0,227,0,4,278,2,284,24,13,472,2,511,606,0,606,1117
04/28/2001,LGB,CA,AWP,WE,Towers with Display (VFR),13,4,123,0,140,0,2,216,0,218,13,6,339,0,358,883,0,883,1241
04/29/2001,LGB,CA,AWP,WE,Towers with Display (VFR),19,4,153,0,176,0,4,320,3,327,19,8,473,3,503,655,0,655,1158
04/30/2001,LGB,CA,AWP,WE,Towers with Display (VFR),29,14,133,0,176,0,5,339,0,344,29,19,472,0,520,512,0,512,1032
05/01/2001,LGB,CA,AWP,WE,Towers with Display (VFR),34,17,213,0,264,0,8,173,0,181,34,25,386,0,445,495,0,495,940
05/02/2001,LGB,CA,AWP,WE,Towers with Display (VFR),26,13,168,1,208,0,10,240,0,250,26,23,408,1,458,572,0,572,1030
05/03/2001,LGB,CA,AWP,WE,Towers with Display (VFR),29,12,155,1,197,5,15,354,5,379,34,27,509,6,576,371,0,371,947
05/04/2001,LGB,CA,AWP,WE,Towers with Display (VFR),31,13,171,1,216,0,1,521,11,533,31,14,692,12,749,641,0,641,1390
05/05/2001,LGB,CA,AWP,WE,Towers with Display (VFR),13,6,118,3,140,1,3,509,1,514,14,9,627,4,654,636,0,636,1290
05/06/2001,LGB,CA,AWP,WE,Towers with Display (VFR),20,4,117,2,143,1,1,414,3,419,21,5,531,5,562,584,0,584,1146
05/07/2001,LGB,CA,AWP,WE,Towers with Display (VFR),29,13,123,2,167,1,13,350,3,367,30,26,473,5,534,620,0,620,1154
05/08/2001,LGB,CA,AWP,WE,Towers with Display (VFR),32,13,106,1,152,1,8,422,2,433,33,21,528,3,585,711,0,711,1296
05/09/2001,LGB,CA,AWP,WE,Towers with Display (VFR),31,9,183,1,224,1,6,332,2,341,32,15,515,3,565,520,0,520,1085
05/10/2001,LGB,CA,AWP,WE,Towers with Display (VFR),28,17,200,0,245,1,12,245,3,261,29,29,445,3,506,716,0,716,1222
05/11/2001,LGB,CA,AWP,WE,Towers with Display (VFR),26,11,155,1,193,0,8,277,1,286,26,19,432,2,479,741,0,741,1220
05/12/2001,LGB,CA,AWP,WE,Towers with Display (VFR),18,8,145,0,171,0,0,165,0,165,18,8,310,0,336,595,0,595,931
05/13/2001,LGB,CA,AWP,WE,Towers with Display (VFR),15,6,85,0,106,6,5,267,0,278,21,11,352,0,384,516,0,516,900
05/14/2001,LGB,CA,AWP,WE,Towers with Display (VFR),27,17,123,0,167,1,9,294,0,304,28,26,417,0,471,889,0,889,1360
05/15/2001,LGB,CA,AWP,WE,Towers with Display (VFR),35,18,160,3,216,1,10,297,0,308,36,28,457,3,524,634,0,634,1158
05/16/2001,LGB,CA,AWP,WE,Towers with Display (VFR),28,12,161,1,202,0,8,295,2,305,28,20,456,3,507,654,0,654,1161
05/17/2001,LGB,CA,AWP,WE,Towers with Display (VFR),38,15,136,4,193,1,9,305,3,318,39,24,441,7,511,594,0,594,1105
05/18/2001,LGB,CA,AWP,WE,Towers with Display (VFR),26,12,166,1,205,0,3,313,2,318,26,15,479,3,523,689,0,689,1212
05/19/2001,LGB,CA,AWP,WE,Towers with Display (VFR),16,7,129,1,153,1,15,357,0,373,17,22,486,1,526,583,0,583,1109
05/20/2001,LGB,CA,AWP,WE,Towers with Display (VFR),17,2,147,0,166,1,22,226,0,249,18,24,373,0,415,671,0,671,1086
05/21/2001,LGB,CA,AWP,WE,Towers with Display (VFR),27,18,143,1,189,1,9,167,0,177,28,27,310,1,366,642,0,642,1008
05/22/2001,LGB,CA,AWP,WE,Towers with Display (VFR),33,11,43,0,87,0,9,372,0,381,33,20,415,0,468,616,0,616,1084
05/23/2001,LGB,CA,AWP,WE,Towers with Display (VFR),33,12,123,0,168,1,9,309,0,319,34,21,432,0,487,559,0,559,1046
05/24/2001,LGB,CA,AWP,WE,Towers with Display (VFR),32,12,164,1,209,0,14,116,1,131,32,26,280,2,340,347,0,347,687
05/25/2001,LGB,CA,AWP,WE,Towers with Display (VFR),33,15,134,5,187,0,8,390,1,399,33,23,524,6,586,504,0,504,1090
05/26/2001,LGB,CA,AWP,WE,Towers with Display (VFR),11,0,123,1,135,0,0,155,0,155,11,0,278,1,290,641,0,641,931
05/27/2001,LGB,CA,AWP,WE,Towers with Display (VFR),10,4,111,0,125,0,0,155,0,155,10,4,266,0,280,370,0,370,650
05/28/2001,LGB,CA,AWP,WE,Towers with Display (VFR),18,7,137,1,163,0,3,354,0,357,18,10,491,1,520,503,0,503,1023
05/29/2001,LGB,CA,AWP,WE,Towers with Display (VFR),28,5,153,4,190,0,7,451,2,460,28,12,604,6,650,739,0,739,1389
05/30/2001,LGB,CA,AWP,WE,Towers with Display (VFR),24,9,126,1,160,7,11,357,2,377,31,20,483,3,537,543,0,543,1080
05/31/2001,LGB,CA,AWP,WE,Towers with Display (VFR),27,11,142,0,180,0,13,256,0,269,27,24,398,0,449,535,0,535,984
06/01/2001,LGB,CA,AWP,WE,Towers with Display (VFR),26,13,177,1,217,0,19,211,6,236,26,32,388,7,453,650,0,650,1103
06/02/2001,LGB,CA,AWP,WE,Towers with Display (VFR),13,10,121,0,144,0,4,282,3,289,13,14,403,3,433,669,0,669,1102
06/03/2001,LGB,CA,AWP,WE,Towers with Display (VFR),16,9,115,0,140,0,8,385,3,396,16,17,500,3,536,432,0,432,968
06/04/2001,LGB,CA,AWP,WE,Towers with Display (VFR),35,9,105,0,149,1,5,355,0,361,36,14,460,0,510,689,0,689,1199
06/05/2001,LGB,CA,AWP,WE,Towers with Display (VFR),28,11,144,0,183,2,9,300,1,312,30,20,444,1,495,650,0,650,1145
06/06/2001,LGB,CA,AWP,WE,Towers with Display (VFR),33,14,143,3,193,1,4,385,4,394,34,18,528,7,587,544,0,544,1131
06/07/2001,LGB,CA,AWP,WE,Towers with Display (VFR),29,12,152,0,193,4,12,313,1,330,33,24,465,1,523,535,0,535,1058
06/08/2001,LGB,CA,AWP,WE,Towers with Display (VFR),23,24,146,0,193,1,4,283,1,289,24,28,429,1,482,598,0,598,1080
06/09/2001,LGB,CA,AWP,WE,Towers with Display (VFR),14,5,156,0,175,1,1,390,0,392,15,6,546,0,567,507,0,507,1074
06/10/2001,LGB,CA,AWP,WE,Towers with Display (VFR),15,5,106,0,126,1,11,412,0,424,16,16,518,0,550,592,0,592,1142
06/11/2001,LGB,CA,AWP,WE,Towers with Display (VFR),26,10,136,1,173,1,7,410,1,419,27,17,546,2,592,587,0,587,1179
06/12/2001,LGB,CA,AWP,WE,Towers with Display (VFR),27,10,139,1,177,6,7,285,3,301,33,17,424,4,478,761,0,761,1239
06/13/2001,LGB,CA,AWP,WE,Towers with Display (VFR),29,8,141,2,180,0,9,343,2,354,29,17,484,4,534,783,0,783,1317
06/14/2001,LGB,CA,AWP,WE,Towers with Display (VFR),37,7,148,1,193,0,11,467,2,480,37,18,615,3,673,608,0,608,1281
06/15/2001,LGB,CA,AWP,WE,Towers with Display (VFR),25,8,123,1,157,2,12,403,1,418,27,20,526,2,575,803,0,803,1378
06/16/2001,LGB,CA,AWP,WE,Towers with Display (VFR),17,7,134,1,159,0,4,412,0,416,17,11,546,1,575,638,0,638,1213
06/17/2001,LGB,CA,AWP,WE,Towers with Display (VFR),19,3,125,0,147,0,2,419,0,421,19,5,544,0,568,403,0,403,971
06/18/2001,LGB,CA,AWP,WE,Towers with Display (VFR),29,10,120,0,159,0,12,415,0,427,29,22,535,0,586,614,0,614,1200
06/19/2001,LGB,CA,AWP,WE,Towers with Display (VFR),27,9,134,0,170,8,13,418,0,439,35,22,552,0,609,677,0,677,1286
06/20/2001,LGB,CA,AWP,WE,Towers with Display (VFR),30,20,154,2,206,0,9,422,6,437,30,29,576,8,643,592,0,592,1235
06/21/2001,LGB,CA,AWP,WE,Towers with Display (VFR),42,7,146,0,195,0,9,461,1,471,42,16,607,1,666,760,0,760,1426
06/22/2001,LGB,CA,AWP,WE,Towers with Display (VFR),24,7,101,0,132,0,11,391,1,403,24,18,492,1,535,477,0,477,1012
06/23/2001,LGB,CA,AWP,WE,Towers with Display (VFR),16,6,95,0,117,0,2,486,0,488,16,8,581,0,605,508,0,508,1113
06/24/2001,LGB,CA,AWP,WE,Towers with Display (VFR),23,3,104,1,131,0,6,430,0,436,23,9,534,1,567,391,0,391,958
06/25/2001,LGB,CA,AWP,WE,Towers with Display (VFR),29,17,126,2,174,0,8,369,2,379,29,25,495,4,553,520,0,520,1073
06/26/2001,LGB,CA,AWP,WE,Towers with Display (VFR),27,9,134,0,170,1,15,321,1,338,28,24,455,1,508,732,0,732,1240
06/27/2001,LGB,CA,AWP,WE,Towers with Display (VFR),30,11,160,0,201,0,12,469,0,481,30,23,629,0,682,588,0,588,1270
06/28/2001,LGB,CA,AWP,WE,Towers with Display (VFR),32,10,151,1,194,0,11,443,0,454,32,21,594,1,648,771,0,771,1419
06/29/2001,LGB,CA,AWP,WE,Towers with Display (VFR),29,9,129,2,169,0,11,403,0,414,29,20,532,2,583,686,0,686,1269
06/30/2001,LGB,CA,AWP,WE,Towers with Display (VFR),13,3,154,0,170,0,8,369,1,378,13,11,523,1,548,663,0,663,1211
07/01/2001,LGB,CA,AWP,WE,Towers with Display (VFR),18,4,90,0,112,0,2,396,0,398,18,6,486,0,510,513,0,513,1023
07/02/2001,LGB,CA,AWP,WE,Towers with Display (VFR),26,5,125,0,156,0,10,412,1,423,26,15,537,1,579,532,0,532,1111
07/03/2001,LGB,CA,AWP,WE,Towers with Display (VFR),25,7,101,0,133,1,11,362,1,375,26,18,463,1,508,631,0,631,1139
07/04/2001,LGB,CA,AWP,WE,Towers with Display (VFR),13,3,50,0,66,5,7,444,1,457,18,10,494,1,523,679,0,679,1202
07/05/2001,LGB,CA,AWP,WE,Towers with Display (VFR),31,7,92,2,132,0,9,275,0,284,31,16,367,2,416,570,0,570,986
07/06/2001,LGB,CA,AWP,WE,Towers with Display (VFR),25,7,114,1,147,0,14,329,1,344,25,21,443,2,491,696,0,696,1187
07/07/2001,LGB,CA,AWP,WE,Towers with Display (VFR),23,8,98,0,129,0,2,571,2,575,23,10,669,2,704,567,0,567,1271
07/08/2001,LGB,CA,AWP,WE,Towers with Display (VFR),18,4,90,0,112,0,0,494,4,498,18,4,584,4,610,488,0,488,1098
07/09/2001,LGB,CA,AWP,WE,Towers with Display (VFR),25,8,103,0,136,3,7,346,3,359,28,15,449,3,495,543,0,543,1038
07/10/2001,LGB,CA,AWP,WE,Towers with Display (VFR),43,8,148,1,200,0,15,338,0,353,43,23,486,1,553,882,0,882,1435
07/11/2001,LGB,CA,AWP,WE,Towers with Display (VFR),32,10,136,1,179,0,10,362,8,380,32,20,498,9,559,705,0,705,1264
07/12/2001,LGB,CA,AWP,WE,Towers with Display (VFR),30,10,127,0,167,0,14,414,2,430,30,24,541,2,597,722,0,722,1319
07/13/2001,LGB,CA,AWP,WE,Towers with Display (VFR),24,7,98,0,129,3,16,507,2,528,27,23,605,2,657,833,0,833,1490
07/14/2001,LGB,CA,AWP,WE,Towers with Display (VFR),17,4,131,0,152,0,3,281,0,284,17,7,412,0,436,568,0,568,1004
07/15/2001,LGB,CA,AWP,WE,Towers with Display (VFR),17,7,87,0,111,0,3,303,0,306,17,10,390,0,417,678,0,678,1095
07/16/2001,LGB,CA,AWP,WE,Towers with Display (VFR),33,7,130,3,173,0,12,421,1,434,33,19,551,4,607,634,0,634,1241
07/17/2001,LGB,CA,AWP,WE,Towers with Display (VFR),32,11,140,2,185,1,14,393,1,409,33,25,533,3,594,629,0,629,1223
07/18/2001,LGB,CA,AWP,WE,Towers with Display (VFR),28,9,120,1,158,1,10,405,1,417,29,19,525,2,575,740,0,740,1315
07/19/2001,LGB,CA,AWP,WE,Towers with Display (VFR),28,11,146,2,187,0,17,410,2,429,28,28,556,4,616,664,0,664,1280
07/20/2001,LGB,CA,AWP,WE,Towers with Display (VFR),26,26,146,1,199,0,8,410,0,418,26,34,556,1,617,579,0,579,1196
07/21/2001,LGB,CA,AWP,WE,Towers with Display (VFR),16,7,89,0,112,0,0,467,0,467,16,7,556,0,579,625,0,625,1204
07/22/2001,LGB,CA,AWP,WE,Towers with Display (VFR),17,4,76,1,98,0,0,482,0,482,17,4,558,1,580,377,0,377,957
07/23/2001,LGB,CA,AWP,WE,Towers with Display (VFR),23,8,102,1,134,6,12,361,5,384,29,20,463,6,518,595,0,595,1113
07/24/2001,LGB,CA,AWP,WE,Towers with Display (VFR),41,13,99,4,157,0,13,287,4,304,41,26,386,8,461,533,0,533,994
07/25/2001,LGB,CA,AWP,WE,Towers with Display (VFR),29,16,113,1,159,0,10,350,0,360,29,26,463,1,519,653,0,653,1172
07/26/2001,LGB,CA,AWP,WE,Towers with Display (VFR),31,14,139,0,184,0,12,340,0,352,31,26,479,0,536,501,0,501,1037
07/27/2001,LGB,CA,AWP,WE,Towers with Display (VFR),29,17,165,0,211,0,4,325,2,331,29,21,490,2,542,568,0,568,1110
07/28/2001,LGB,CA,AWP,WE,Towers with Display (VFR),19,6,175,1,201,0,1,315,2,318,19,7,490,3,519,442,0,442,961
07/29/2001,LGB,CA,AWP,WE,Towers with Display (VFR),17,10,120,0,147,0,7,345,1,353,17,17,465,1,500,583,0,583,1083
07/30/2001,LGB,CA,AWP,WE,Towers with Display (VFR),32,10,123,2,167,0,13,340,0,353,32,23,463,2,520,659,0,659,1179
07/31/2001,LGB,CA,AWP,WE,Towers with Display (VFR),29,10,126,0,165,1,14,358,0,373,30,24,484,0,538,642,0,642,1180
08/01/2001,LGB,CA,AWP,WE,Towers with Display (VFR),37,20,121,3,181,1,12,368,0,381,38,32,489,3,562,670,0,670,1232
08/02/2001,LGB,CA,AWP,WE,Towers with Display (VFR),33,17,103,2,155,1,12,322,0,335,34,29,425,2,490,660,0,660,1150
08/03/2001,LGB,CA,AWP,WE,Towers with Display (VFR),24,19,189,0,232,1,8,336,2,347,25,27,525,2,579,615,0,615,1194
08/04/2001,LGB,CA,AWP,WE,Towers with Display (VFR),15,3,94,0,112,1,6,405,0,412,16,9,499,0,524,418,0,418,942
08/05/2001,LGB,CA,AWP,WE,Towers with Display (VFR),17,5,93,0,115,0,0,391,1,392,17,5,484,1,507,388,0,388,895
08/06/2001,LGB,CA,AWP,WE,Towers with Display (VFR),34,6,104,0,144,0,13,342,0,355,34,19,446,0,499,628,0,628,1127
08/07/2001,LGB,CA,AWP,WE,Towers with Display (VFR),28,4,103,2,137,0,12,425,0,437,28,16,528,2,574,631,0,631,1205
08/08/2001,LGB,CA,AWP,WE,Towers with Display (VFR),31,12,129,1,173,0,4,373,0,377,31,16,502,1,550,531,0,531,1081
08/09/2001,LGB,CA,AWP,WE,Towers with Display (VFR),33,7,153,0,193,0,21,320,1,342,33,28,473,1,535,533,0,533,1068
08/10/2001,LGB,CA,AWP,WE,Towers with Display (VFR),26,13,148,1,188,0,3,312,0,315,26,16,460,1,503,479,0,479,982
08/11/2001,LGB,CA,AWP,WE,Towers with Display (VFR),14,7,109,1,131,0,5,408,1,414,14,12,517,2,545,445,0,445,990
08/12/2001,LGB,CA,AWP,WE,Towers with Display (VFR),17,5,110,0,132,0,1,341,1,343,17,6,451,1,475,430,0,430,905
08/13/2001,LGB,CA,AWP,WE,Towers with Display (VFR),40,13,95,2,150,0,11,355,2,368,40,24,450,4,518,549,0,549,1067
08/14/2001,LGB,CA,AWP,WE,Towers with Display (VFR),33,13,142,0,188,10,15,383,0,408,43,28,525,0,596,609,0,609,1205
08/15/2001,LGB,CA,AWP,WE,Towers with Display (VFR),28,10,117,0,155,4,20,406,2,432,32,30,523,2,587,694,0,694,1281
08/16/2001,LGB,CA,AWP,WE,Towers with Display (VFR),35,25,123,0,183,0,8,402,0,410,35,33,525,0,593,505,0,505,1098
08/17/2001,LGB,CA,AWP,WE,Towers with Display (VFR),24,9,124,0,157,0,12,367,2,381,24,21,491,2,538,605,0,605,1143
08/18/2001,LGB,CA,AWP,WE,Towers with Display (VFR),20,9,76,2,107,0,2,402,3,407,20,11,478,5,514,482,0,482,996
08/19/2001,LGB,CA,AWP,WE,Towers with Display (VFR),19,9,100,0,128,0,4,407,0,411,19,13,507,0,539,448,0,448,987
08/20/2001,LGB,CA,AWP,WE,Towers with Display (VFR),37,14,113,2,166,0,14,337,1,352,37,28,450,3,518,542,0,542,1060
08/21/2001,LGB,CA,AWP,WE,Towers with Display (VFR),32,9,133,2,176,0,6,345,1,352,32,15,478,3,528,597,0,597,1125
08/22/2001,LGB,CA,AWP,WE,Towers with Display (VFR),30,10,150,1,191,0,9,337,0,346,30,19,487,1,537,676,0,676,1213
08/23/2001,LGB,CA,AWP,WE,Towers with Display (VFR),30,13,141,1,185,0,24,386,2,412,30,37,527,3,597,522,0,522,1119
08/24/2001,LGB,CA,AWP,WE,Towers with Display (VFR),26,13,122,1,162,0,6,356,0,362,26,19,478,1,524,408,0,408,932
08/25/2001,LGB,CA,AWP,WE,Towers with Display (VFR),16,1,97,0,114,0,3,393,0,396,16,4,490,0,510,468,0,468,978
08/26/2001,LGB,CA,AWP,WE,Towers with Display (VFR),14,7,84,0,105,0,1,292,0,293,14,8,376,0,398,408,0,408,806
08/27/2001,LGB,CA,AWP,WE,Towers with Display (VFR),27,5,86,1,119,0,10,334,1,345,27,15,420,2,464,669,0,669,1133
08/28/2001,LGB,CA,AWP,WE,Towers with Display (VFR),28,21,128,2,179,0,3,277,12,292,28,24,405,14,471,588,0,588,1059
08/29/2001,LGB,CA,AWP,WE,Towers with Display (VFR),33,13,141,1,188,0,4,278,3,285,33,17,419,4,473,640,0,640,1113
08/30/2001,LGB,CA,AWP,WE,Towers with Display (VFR),37,15,165,1,218,0,2,325,2,329,37,17,490,3,547,646,0,646,1193
08/31/2001,LGB,CA,AWP,WE,Towers with Display (VFR),32,18,126,0,176,0,9,350,0,359,32,27,476,0,535,753,0,753,1288
09/01/2001,LGB,CA,AWP,WE,Towers with Display (VFR),14,2,106,0,122,1,6,448,3,458,15,8,554,3,580,776,0,776,1356
09/02/2001,LGB,CA,AWP,WE,Towers with Display (VFR),19,5,93,0,117,1,3,494,0,498,20,8,587,0,615,610,0,610,1225
09/03/2001,LGB,CA,AWP,WE,Towers with Display (VFR),17,7,115,1,140,0,0,385,2,387,17,7,500,3,527,646,0,646,1173
09/04/2001,LGB,CA,AWP,WE,Towers with Display (VFR),24,12,119,0,155,13,0,227,0,240,37,12,346,0,395,627,0,627,1022
09/05/2001,LGB,CA,AWP,WE,Towers with Display (VFR),32,16,152,3,203,1,8,280,1,290,33,24,432,4,493,616,0,616,1109
09/06/2001,LGB,CA,AWP,WE,Towers with Display (VFR),31,18,150,1,200,1,1,285,3,290,32,19,435,4,490,594,0,594,1084
09/07/2001,LGB,CA,AWP,WE,Towers with Display (VFR),34,16,121,3,174,0,4,323,2,329,34,20,444,5,503,756,0,756,1259
09/08/2001,LGB,CA,AWP,WE,Towers with Display (VFR),17,4,150,0,171,0,2,357,0,359,17,6,507,0,530,754,0,754,1284
09/09/2001,LGB,CA,AWP,WE,Towers with Display (VFR),23,7,120,2,152,0,0,239,1,240,23,7,359,3,392,887,0,887,1279
09/10/2001,LGB,CA,AWP,WE,Towers with Display (VFR),31,19,132,0,182,0,4,267,0,271,31,23,399,0,453,638,0,638,1091
09/11/2001,LGB,CA,AWP,WE,Towers with Display (VFR),0,1,1,0,2,1,0,61,0,62,1,1,62,0,64,6,0,6,70
09/12/2001,LGB,CA,AWP,WE,Towers with Display (VFR),0,0,0,0,0,0,0,52,0,52,0,0,52,0,52,0,0,0,52
09/13/2001,LGB,CA,AWP,WE,Towers with Display (VFR),6,3,28,0,37,4,25,18,0,47,10,28,46,0,84,0,0,0,84
09/14/2001,LGB,CA,AWP,WE,Towers with Display (VFR),23,39,16,0,78,0,9,41,0,50,23,48,57,0,128,0,0,0,128
09/15/2001,LGB,CA,AWP,WE,Towers with Display (VFR),13,7,65,0,85,0,6,50,1,57,13,13,115,1,142,0,0,0,142
09/16/2001,LGB,CA,AWP,WE,Towers with Display (VFR),22,6,50,2,80,0,1,42,0,43,22,7,92,2,123,0,0,0,123
09/17/2001,LGB,CA,AWP,WE,Towers with Display (VFR),35,20,97,2,154,0,8,48,0,56,35,28,145,2,210,0,0,0,210
09/18/2001,LGB,CA,AWP,WE,Towers with Display (VFR),28,15,133,1,177,2,14,40,2,58,30,29,173,3,235,0,0,0,235
09/19/2001,LGB,CA,AWP,WE,Towers with Display (VFR),30,14,144,0,188,0,13,44,0,57,30,27,188,0,245,0,0,0,245
09/20/2001,LGB,CA,AWP,WE,Towers with Display (VFR),30,18,161,0,209,0,4,60,0,64,30,22,221,0,273,0,0,0,273
09/21/2001,LGB,CA,AWP,WE,Towers with Display (VFR),28,29,159,1,217,0,2,46,0,48,28,31,205,1,265,14,0,14,279
09/22/2001,LGB,CA,AWP,WE,Towers with Display (VFR),12,12,150,0,174,0,0,116,0,116,12,12,266,0,290,302,0,302,592
09/23/2001,LGB,CA,AWP,WE,Towers with Display (VFR),21,5,136,2,164,0,3,142,0,145,21,8,278,2,309,267,0,267,576
09/24/2001,LGB,CA,AWP,WE,Towers with Display (VFR),23,14,83,1,121,0,14,219,3,236,23,28,302,4,357,492,0,492,849
09/25/2001,LGB,CA,AWP,WE,Towers with Display (VFR),26,9,122,1,158,0,21,252,0,273,26,30,374,1,431,405,0,405,836
09/26/2001,LGB,CA,AWP,WE,Towers with Display (VFR),31,17,155,0,203,0,20,250,0,270,31,37,405,0,473,483,0,483,956
09/27/2001,LGB,CA,AWP,WE,Towers with Display (VFR),39,12,136,0,187,0,11,239,0,250,39,23,375,0,437,429,0,429,866
09/28/2001,LGB,CA,AWP,WE,Towers with Display (VFR),28,16,141,0,185,0,16,181,0,197,28,32,322,0,382,431,0,431,813
09/29/2001,LGB,CA,AWP,WE,Towers with Display (VFR),19,13,123,0,155,0,18,189,0,207,19,31,312,0,362,528,0,528,890
09/30/2001,LGB,CA,AWP,WE,Towers with Display (VFR),22,11,154,1,188,0,7,172,0,179,22,18,326,1,367,390,0,390,757
10/01/2001,LGB,CA,AWP,WE,Towers with Display (VFR),30,12,132,3,177,1,14,240,0,255,31,26,372,3,432,462,0,462,894
10/02/2001,LGB,CA,AWP,WE,Towers with Display (VFR),31,16,124,0,171,1,12,258,0,271,32,28,382,0,442,570,0,570,1012
10/03/2001,LGB,CA,AWP,WE,Towers with Display (VFR),31,20,171,1,223,0,13,153,0,166,31,33,324,1,389,413,0,413,802
10/04/2001,LGB,CA,AWP,WE,Towers with Display (VFR),29,14,159,0,202,1,8,287,1,297,30,22,446,1,499,819,0,819,1318
10/05/2001,LGB,CA,AWP,WE,Towers with Display (VFR),30,23,160,0,213,0,22,161,0,183,30,45,321,0,396,654,0,654,1050
10/06/2001,LGB,CA,AWP,WE,Towers with Display (VFR),14,6,126,2,148,0,1,171,5,177,14,7,297,7,325,680,0,680,1005
10/07/2001,LGB,CA,AWP,WE,Towers with Display (VFR),23,23,103,3,152,0,0,163,1,164,23,23,266,4,316,440,0,440,756
10/08/2001,LGB,CA,AWP,WE,Towers with Display (VFR),28,19,162,5,214,0,10,128,6,144,28,29,290,11,358,439,0,439,797
10/09/2001,LGB,CA,AWP,WE,Towers with Display (VFR),32,18,172,0,222,0,11,246,1,258,32,29,418,1,480,743,0,743,1223
10/10/2001,LGB,CA,AWP,WE,Towers with Display (VFR),32,19,170,0,221,0,14,236,0,250,32,33,406,0,471,491,0,491,962
10/11/2001,LGB,CA,AWP,WE,Towers with Display (VFR),30,21,189,1,241,0,16,174,2,192,30,37,363,3,433,471,0,471,904
10/12/2001,LGB,CA,AWP,WE,Towers with Display (VFR),35,9,218,4,266,0,19,267,0,286,35,28,485,4,552,702,0,702,1254
10/13/2001,LGB,CA,AWP,WE,Towers with Display (VFR),22,9,161,3,195,0,5,219,0,224,22,14,380,3,419,523,0,523,942
10/14/2001,LGB,CA,AWP,WE,Towers with Display (VFR),25,14,156,1,196,0,2,144,1,147,25,16,300,2,343,427,0,427,770
10/15/2001,LGB,CA,AWP,WE,Towers with Display (VFR),37,17,170,1,225,0,2,130,1,133,37,19,300,2,358,334,0,334,692
10/16/2001,LGB,CA,AWP,WE,Towers with Display (VFR),33,20,177,1,231,1,5,150,1,157,34,25,327,2,388,421,0,421,809
10/17/2001,LGB,CA,AWP,WE,Towers with Display (VFR),30,20,154,0,204,0,8,199,0,207,30,28,353,0,411,480,0,480,891
10/18/2001,LGB,CA,AWP,WE,Towers with Display (VFR),33,21,146,5,205,0,11,223,0,234,33,32,369,5,439,550,0,550,989
10/19/2001,LGB,CA,AWP,WE,Towers with Display (VFR),28,19,172,1,220,0,6,221,0,227,28,25,393,1,447,456,0,456,903
10/20/2001,LGB,CA,AWP,WE,Towers with Display (VFR),16,5,138,0,159,0,8,183,1,192,16,13,321,1,351,546,0,546,897
10/21/2001,LGB,CA,AWP,WE,Towers with Display (VFR),23,20,136,2,181,0,0,143,0,143,23,20,279,2,324,487,0,487,811
10/22/2001,LGB,CA,AWP,WE,Towers with Display (VFR),35,20,156,0,211,0,8,258,0,266,35,28,414,0,477,513,0,513,990
10/23/2001,LGB,CA,AWP,WE,Towers with Display (VFR),30,17,157,1,205,2,10,185,1,198,32,27,342,2,403,656,0,656,1059
10/24/2001,LGB,CA,AWP,WE,Towers with Display (VFR),30,18,160,1,209,4,4,187,2,197,34,22,347,3,406,664,0,664,1070
10/25/2001,LGB,CA,AWP,WE,Towers with Display (VFR),40,16,172,0,228,0,1,157,2,160,40,17,329,2,388,258,0,258,646
10/26/2001,LGB,CA,AWP,WE,Towers with Display (VFR),34,21,167,3,225,0,6,180,0,186,34,27,347,3,411,452,0,452,863
10/27/2001,LGB,CA,AWP,WE,Towers with Display (VFR),20,7,147,1,175,0,5,236,0,241,20,12,383,1,416,528,0,528,944
10/28/2001,LGB,CA,AWP,WE,Towers with Display (VFR),15,20,124,0,159,0,1,236,0,237,15,21,360,0,396,497,0,497,893
10/29/2001,LGB,CA,AWP,WE,Towers with Display (VFR),31,19,115,0,165,0,15,338,2,355,31,34,453,2,520,531,0,531,1051
10/30/2001,LGB,CA,AWP,WE,Towers with Display (VFR),24,14,128,1,167,7,13,216,4,240,31,27,344,5,407,394,0,394,801
10/31/2001,LGB,CA,AWP,WE,Towers with Display (VFR),23,16,146,1,186,0,9,253,1,263,23,25,399,2,449,587,0,587,1036
11/01/2001,LGB,CA,AWP,WE,Towers with Display (VFR),27,35,155,4,221,1,5,287,0,293,28,40,442,4,514,448,0,448,962
11/02/2001,LGB,CA,AWP,WE,Towers with Display (VFR),27,23,193,4,247,1,9,227,0,237,28,32,420,4,484,540,0,540,1024
11/03/2001,LGB,CA,AWP,WE,Towers with Display (VFR),16,13,108,1,138,0,0,299,5,304,16,13,407,6,442,588,0,588,1030
11/04/2001,LGB,CA,AWP,WE,Towers with Display (VFR),19,15,135,0,169,1,0,120,2,123,20,15,255,2,292,207,0,207,499
11/05/2001,LGB,CA,AWP,WE,Towers with Display (VFR),25,27,125,7,184,1,2,85,1,89,26,29,210,8,273,142,0,142,415
11/06/2001,LGB,CA,AWP,WE,Towers with Display (VFR),26,23,135,1,185,0,6,137,1,144,26,29,272,2,329,296,0,296,625
11/07/2001,LGB,CA,AWP,WE,Towers with Display (VFR),24,26,147,1,198,1,10,272,1,284,25,36,419,2,482,399,0,399,881
11/08/2001,LGB,CA,AWP,WE,Towers with Display (VFR),29,26,142,2,199,1,1,292,2,296,30,27,434,4,495,502,1,503,998
11/09/2001,LGB,CA,AWP,WE,Towers with Display (VFR),23,28,132,3,186,1,0,226,1,228,24,28,358,4,414,497,0,497,911
11/10/2001,LGB,CA,AWP,WE,Towers with Display (VFR),14,13,149,0,176,1,6,235,2,244,15,19,384,2,420,765,3,768,1188
11/11/2001,LGB,CA,AWP,WE,Towers with Display (VFR),21,18,106,0,145,1,3,186,0,190,22,21,292,0,335,330,0,330,665
11/12/2001,LGB,CA,AWP,WE,Towers with Display (VFR),22,20,118,0,160,1,17,146,0,164,23,37,264,0,324,550,0,550,874
11/13/2001,LGB,CA,AWP,WE,Towers with Display (VFR),21,20,115,0,156,8,21,313,0,342,29,41,428,0,498,449,0,449,947
11/14/2001,LGB,CA,AWP,WE,Towers with Display (VFR),22,19,118,1,160,8,22,288,1,319,30,41,406,2,479,425,0,425,904
11/15/2001,LGB,CA,AWP,WE,Towers with Display (VFR),28,20,117,4,169,1,16,356,3,376,29,36,473,7,545,603,0,603,1148
11/16/2001,LGB,CA,AWP,WE,Towers with Display (VFR),25,21,149,1,196,1,5,362,3,371,26,26,511,4,567,639,0,639,1206
11/17/2001,LGB,CA,AWP,WE,Towers with Display (VFR),15,8,122,0,145,1,0,147,0,148,16,8,269,0,293,259,0,259,552
11/18/2001,LGB,CA,AWP,WE,Towers with Display (VFR),27,12,111,2,152,1,6,237,0,244,28,18,348,2,396,360,0,360,756
11/19/2001,LGB,CA,AWP,WE,Towers with Display (VFR),32,14,110,0,156,1,11,289,0,301,33,25,399,0,457,448,0,448,905
11/20/2001,LGB,CA,AWP,WE,Towers with Display (VFR),31,25,96,0,152,1,8,343,0,352,32,33,439,0,504,426,0,426,930
11/21/2001,LGB,CA,AWP,WE,Towers with Display (VFR),30,27,160,1,218,0,10,277,1,288,30,37,437,2,506,532,0,532,1038
11/22/2001,LGB,CA,AWP,WE,Towers with Display (VFR),13,11,50,0,74,0,0,108,0,108,13,11,158,0,182,160,0,160,342
11/23/2001,LGB,CA,AWP,WE,Towers with Display (VFR),18,18,111,1,148,0,0,333,3,336,18,18,444,4,484,516,0,516,1000
11/24/2001,LGB,CA,AWP,WE,Towers with Display (VFR),14,10,66,0,90,0,4,92,0,96,14,14,158,0,186,301,0,301,487
11/25/2001,LGB,CA,AWP,WE,Towers with Display (VFR),20,21,100,0,141,0,6,327,0,333,20,27,427,0,474,425,0,425,899
11/26/2001,LGB,CA,AWP,WE,Towers with Display (VFR),29,26,120,0,175,0,24,264,0,288,29,50,384,0,463,417,0,417,880
11/27/2001,LGB,CA,AWP,WE,Towers with Display (VFR),27,23,140,1,191,3,24,308,0,335,30,47,448,1,526,488,0,488,1014
11/28/2001,LGB,CA,AWP,WE,Towers with Display (VFR),24,26,158,1,209,0,12,351,0,363,24,38,509,1,572,493,0,493,1065
11/29/2001,LGB,CA,AWP,WE,Towers with Display (VFR),25,22,89,0,136,0,17,119,1,137,25,39,208,1,273,204,0,204,477
11/30/2001,LGB,CA,AWP,WE,Towers with Display (VFR),25,19,121,1,166,0,8,328,2,338,25,27,449,3,504,596,0,596,1100
12/01/2001,LGB,CA,AWP,WE,Towers with Display (VFR),15,8,100,0,123,0,2,332,0,334,15,10,432,0,457,492,0,492,949
12/02/2001,LGB,CA,AWP,WE,Towers with Display (VFR),16,19,72,0,107,0,1,167,0,168,16,20,239,0,275,384,0,384,659
12/03/2001,LGB,CA,AWP,WE,Towers with Display (VFR),24,24,85,0,133,0,4,210,0,214,24,28,295,0,347,426,0,426,773
12/04/2001,LGB,CA,AWP,WE,Towers with Display (VFR),26,25,129,5,185,0,8,316,0,324,26,33,445,5,509,512,0,512,1021
12/05/2001,LGB,CA,AWP,WE,Towers with Display (VFR),26,21,111,2,160,0,10,327,6,343,26,31,438,8,503,493,0,493,996
12/06/2001,LGB,CA,AWP,WE,Towers with Display (VFR),34,20,126,0,180,0,11,301,0,312,34,31,427,0,492,550,0,550,1042
12/07/2001,LGB,CA,AWP,WE,Towers with Display (VFR),30,27,88,2,147,0,6,267,1,274,30,33,355,3,421,478,0,478,899
12/08/2001,LGB,CA,AWP,WE,Towers with Display (VFR),27,10,74,1,112,0,7,294,0,301,27,17,368,1,413,570,0,570,983
12/09/2001,LGB,CA,AWP,WE,Towers with Display (VFR),19,20,82,2,123,0,2,222,0,224,19,22,304,2,347,447,0,447,794
12/10/2001,LGB,CA,AWP,WE,Towers with Display (VFR),26,16,101,1,144,0,7,287,2,296,26,23,388,3,440,580,0,580,1020
12/11/2001,LGB,CA,AWP,WE,Towers with Display (VFR),19,12,66,0,97,11,20,357,7,395,30,32,423,7,492,599,0,599,1091
12/12/2001,LGB,CA,AWP,WE,Towers with Display (VFR),27,19,102,1,149,0,11,335,2,348,27,30,437,3,497,513,0,513,1010
12/13/2001,LGB,CA,AWP,WE,Towers with Display (VFR),31,24,118,1,174,0,10,305,3,318,31,34,423,4,492,586,0,586,1078
12/14/2001,LGB,CA,AWP,WE,Towers with Display (VFR),29,28,100,1,158,0,5,126,0,131,29,33,226,1,289,288,0,288,577
12/15/2001,LGB,CA,AWP,WE,Towers with Display (VFR),16,11,103,0,130,0,1,296,0,297,16,12,399,0,427,348,0,348,775
12/16/2001,LGB,CA,AWP,WE,Towers with Display (VFR),19,26,90,2,137,0,0,273,0,273,19,26,363,2,410,440,0,440,850
12/17/2001,LGB,CA,AWP,WE,Towers with Display (VFR),27,21,107,1,156,1,7,346,2,356,28,28,453,3,512,438,0,438,950
12/18/2001,LGB,CA,AWP,WE,Towers with Display (VFR),31,18,151,0,200,0,0,284,1,285,31,18,435,1,485,429,0,429,914
12/19/2001,LGB,CA,AWP,WE,Towers with Display (VFR),30,26,133,1,190,0,7,360,0,367,30,33,493,1,557,384,0,384,941
12/20/2001,LGB,CA,AWP,WE,Towers with Display (VFR),31,23,112,0,166,0,7,201,1,209,31,30,313,1,375,426,0,426,801
12/21/2001,LGB,CA,AWP,WE,Towers with Display (VFR),33,20,107,0,160,0,6,124,0,130,33,26,231,0,290,317,0,317,607
12/22/2001,LGB,CA,AWP,WE,Towers with Display (VFR),16,12,103,0,131,0,3,302,1,306,16,15,405,1,437,466,0,466,903
12/23/2001,LGB,CA,AWP,WE,Towers with Display (VFR),18,12,85,0,115,0,1,245,0,246,18,13,330,0,361,562,0,562,923
12/24/2001,LGB,CA,AWP,WE,Towers with Display (VFR),22,14,53,0,89,0,7,251,0,258,22,21,304,0,347,387,0,387,734
12/25/2001,LGB,CA,AWP,WE,Towers with Display (VFR),9,7,32,0,48,7,10,124,0,141,16,17,156,0,189,1012,0,1012,1201
12/26/2001,LGB,CA,AWP,WE,Towers with Display (VFR),28,20,104,0,152,0,4,307,0,311,28,24,411,0,463,550,0,550,1013
12/27/2001,LGB,CA,AWP,WE,Towers with Display (VFR),30,23,104,0,157,0,10,303,0,313,30,33,407,0,470,341,0,341,811
12/28/2001,LGB,CA,AWP,WE,Towers with Display (VFR),26,18,117,0,161,0,6,251,0,257,26,24,368,0,418,494,0,494,912
12/29/2001,LGB,CA,AWP,WE,Towers with Display (VFR),16,5,55,0,76,0,6,87,0,93,16,11,142,0,169,282,0,282,451
12/30/2001,LGB,CA,AWP,WE,Towers with Display (VFR),23,11,74,0,108,0,0,206,0,206,23,11,280,0,314,420,0,420,734
12/31/2001,LGB,CA,AWP,WE,Towers with Display (VFR),28,21,101,0,150,0,5,73,0,78,28,26,174,0,228,392,0,392,620
01/01/2002,LGB,CA,AWP,WE,Towers with Display (VFR),17,12,67,0,96,0,4,150,0,154,17,16,217,0,250,205,0,205,455
01/02/2002,LGB,CA,AWP,WE,Towers with Display (VFR),28,21,196,1,246,0,3,40,0,43,28,24,236,1,289,264,0,264,553
01/03/2002,LGB,CA,AWP,WE,Towers with Display (VFR),28,20,135,0,183,0,6,254,2,262,28,26,389,2,445,393,0,393,838
01/04/2002,LGB,CA,AWP,WE,Towers with Display (VFR),36,18,168,3,225,0,10,209,6,225,36,28,377,9,450,192,0,192,642
01/05/2002,LGB,CA,AWP,WE,Towers with Display (VFR),15,16,112,0,143,0,1,382,0,383,15,17,494,0,526,377,0,377,903
01/06/2002,LGB,CA,AWP,WE,Towers with Display (VFR),20,11,97,0,128,0,1,351,2,354,20,12,448,2,482,376,0,376,858
01/07/2002,LGB,CA,AWP,WE,Towers with Display (VFR),24,16,105,0,145,2,14,320,0,336,26,30,425,0,481,381,0,381,862
01/08/2002,LGB,CA,AWP,WE,Towers with Display (VFR),27,18,118,0,163,2,12,295,0,309,29,30,413,0,472,377,0,377,849
01/09/2002,LGB,CA,AWP,WE,Towers with Display (VFR),29,19,127,0,175,0,7,219,2,228,29,26,346,2,403,377,0,377,780
01/10/2002,LGB,CA,AWP,WE,Towers with Display (VFR),33,23,153,2,211,0,10,333,2,345,33,33,486,4,556,517,0,517,1073
01/11/2002,LGB,CA,AWP,WE,Towers with Display (VFR),26,18,117,1,162,2,4,324,2,332,28,22,441,3,494,521,0,521,1015
01/12/2002,LGB,CA,AWP,WE,Towers with Display (VFR),15,9,129,0,153,0,2,345,0,347,15,11,474,0,500,479,0,479,979
01/13/2002,LGB,CA,AWP,WE,Towers with Display (VFR),17,12,99,0,128,0,1,292,0,293,17,13,391,0,421,406,0,406,827
01/14/2002,LGB,CA,AWP,WE,Towers with Display (VFR),28,21,78,0,127,0,0,229,0,229,28,21,307,0,356,381,0,381,737
01/15/2002,LGB,CA,AWP,WE,Towers with Display (VFR),28,19,127,0,174,2,4,248,0,254,30,23,375,0,428,413,0,413,841
01/16/2002,LGB,CA,AWP,WE,Towers with Display (VFR),20,13,89,0,122,9,9,413,0,431,29,22,502,0,553,430,0,430,983
01/17/2002,LGB,CA,AWP,WE,Towers with Display (VFR),34,21,113,2,170,0,5,332,0,337,34,26,445,2,507,404,0,404,911
01/18/2002,LGB,CA,AWP,WE,Towers with Display (VFR),26,22,126,5,179,0,5,303,0,308,26,27,429,5,487,478,0,478,965
01/19/2002,LGB,CA,AWP,WE,Towers with Display (VFR),13,5,105,2,125,0,8,316,1,325,13,13,421,3,450,416,0,416,866
01/20/2002,LGB,CA,AWP,WE,Towers with Display (VFR),21,8,91,1,121,0,1,353,2,356,21,9,444,3,477,426,4,430,907
01/21/2002,LGB,CA,AWP,WE,Towers with Display (VFR),21,14,93,0,128,3,6,366,13,388,24,20,459,13,516,452,0,452,968
01/22/2002,LGB,CA,AWP,WE,Towers with Display (VFR),30,28,168,0,226,0,6,323,2,331,30,34,491,2,557,569,0,569,1126
01/23/2002,LGB,CA,AWP,WE,Towers with Display (VFR),24,17,110,0,151,4,8,367,0,379,28,25,477,0,530,496,0,496,1026
01/24/2002,LGB,CA,AWP,WE,Towers with Display (VFR),28,20,116,0,164,0,3,330,2,335,28,23,446,2,499,363,0,363,862
01/25/2002,LGB,CA,AWP,WE,Towers with Display (VFR),26,17,99,0,142,0,10,332,2,344,26,27,431,2,486,418,0,418,904
01/26/2002,LGB,CA,AWP,WE,Towers with Display (VFR),16,10,111,4,141,0,0,297,0,297,16,10,408,4,438,468,0,468,906
01/27/2002,LGB,CA,AWP,WE,Towers with Display (VFR),19,19,87,0,125,0,2,76,0,78,19,21,163,0,203,306,0,306,509
01/28/2002,LGB,CA,AWP,WE,Towers with Display (VFR),28,14,105,0,147,0,7,320,0,327,28,21,425,0,474,420,0,420,894
01/29/2002,LGB,CA,AWP,WE,Towers with Display (VFR),25,17,114,0,156,4,16,257,0,277,29,33,371,0,433,358,0,358,791
01/30/2002,LGB,CA,AWP,WE,Towers with Display (VFR),26,18,119,0,163,4,14,316,0,334,30,32,435,0,497,328,0,328,825
01/31/2002,LGB,CA,AWP,WE,Towers with Display (VFR),26,20,111,0,157,0,12,345,3,360,26,32,456,3,517,380,0,380,897
02/01/2002,LGB,CA,AWP,WE,Towers with Display (VFR),28,21,113,0,162,0,5,338,0,343,28,26,451,0,505,324,0,324,829
02/02/2002,LGB,CA,AWP,WE,Towers with Display (VFR),15,13,105,0,133,0,5,347,0,352,15,18,452,0,485,424,0,424,909
02/03/2002,LGB,CA,AWP,WE,Towers with Display (VFR),18,12,67,0,97,0,0,348,1,349,18,12,415,1,446,381,0,381,827
02/04/2002,LGB,CA,AWP,WE,Towers with Display (VFR),25,17,110,0,152,4,15,321,2,342,29,32,431,2,494,412,0,412,906
02/05/2002,LGB,CA,AWP,WE,Towers with Display (VFR),27,18,128,0,173,0,9,257,1,267,27,27,385,1,440,439,0,439,879
02/06/2002,LGB,CA,AWP,WE,Towers with Display (VFR),30,19,130,0,179,2,13,387,3,405,32,32,517,3,584,492,0,492,1076
02/07/2002,LGB,CA,AWP,WE,Towers with Display (VFR),31,21,132,2,186,0,1,166,2,169,31,22,298,4,355,284,2,286,641
02/08/2002,LGB,CA,AWP,WE,Towers with Display (VFR),26,24,133,0,183,0,5,212,1,218,26,29,345,1,401,472,0,472,873
02/09/2002,LGB,CA,AWP,WE,Towers with Display (VFR),17,8,60,1,86,0,13,247,1,261,17,21,307,2,347,473,0,473,820
02/10/2002,LGB,CA,AWP,WE,Towers with Display (VFR),15,9,66,0,90,3,5,210,1,219,18,14,276,1,309,204,0,204,513
02/11/2002,LGB,CA,AWP,WE,Towers with Display (VFR),27,15,105,0,147,0,20,291,0,311,27,35,396,0,458,306,0,306,764
02/12/2002,LGB,CA,AWP,WE,Towers with Display (VFR),26,16,117,1,160,6,1,381,0,388,32,17,498,1,548,456,0,456,1004
02/13/2002,LGB,CA,AWP,WE,Towers with Display (VFR),29,20,118,1,168,0,6,296,1,303,29,26,414,2,471,428,0,428,899
02/14/2002,LGB,CA,AWP,WE,Towers with Display (VFR),29,17,127,1,174,0,7,318,1,326,29,24,445,2,500,294,6,300,800
02/15/2002,LGB,CA,AWP,WE,Towers with Display (VFR),32,18,149,1,200,0,7,298,0,305,32,25,447,1,505,368,0,368,873
02/16/2002,LGB,CA,AWP,WE,Towers with Display (VFR),15,6,144,3,168,0,2,242,0,244,15,8,386,3,412,629,0,629,1041
02/17/2002,LGB,CA,AWP,WE,Towers with Display (VFR),18,9,84,4,115,0,2,167,0,169,18,11,251,4,284,435,0,435,719
02/18/2002,LGB,CA,AWP,WE,Towers with Display (VFR),25,13,141,2,181,0,6,405,0,411,25,19,546,2,592,577,0,577,1169
02/19/2002,LGB,CA,AWP,WE,Towers with Display (VFR),28,24,118,0,170,0,15,285,2,302,28,39,403,2,472,467,0,467,939
02/20/2002,LGB,CA,AWP,WE,Towers with Display (VFR),29,17,130,0,176,1,8,336,0,345,30,25,466,0,521,579,0,579,1100
02/21/2002,LGB,CA,AWP,WE,Towers with Display (VFR),23,19,142,3,187,6,18,421,5,450,29,37,563,8,637,390,0,390,1027
02/22/2002,LGB,CA,AWP,WE,Towers with Display (VFR),23,14,101,0,138,3,17,321,3,344,26,31,422,3,482,499,0,499,981
02/23/2002,LGB,CA,AWP,WE,Towers with Display (VFR),16,13,97,0,126,0,2,421,2,425,16,15,518,2,551,615,0,615,1166
02/24/2002,LGB,CA,AWP,WE,Towers with Display (VFR),18,12,135,3,168,0,0,345,1,346,18,12,480,4,514,464,0,464,978
02/25/2002,LGB,CA,AWP,WE,Towers with Display (VFR),27,19,136,1,183,0,6,325,2,333,27,25,461,3,516,362,0,362,878
02/26/2002,LGB,CA,AWP,WE,Towers with Display (VFR),28,17,124,3,172,2,7,453,0,462,30,24,577,3,634,552,0,552,1186
02/27/2002,LGB,CA,AWP,WE,Towers with Display (VFR),27,18,127,1,173,5,6,339,3,353,32,24,466,4,526,414,0,414,940
02/28/2002,LGB,CA,AWP,WE,Towers with Display (VFR),36,25,171,0,232,0,5,173,0,178,36,30,344,0,410,500,0,500,910
03/01/2002,LGB,CA,AWP,WE,Towers with Display (VFR),31,18,124,2,175,0,11,313,0,324,31,29,437,2,499,516,10,526,1025
03/02/2002,LGB,CA,AWP,WE,Towers with Display (VFR),15,8,95,0,118,0,4,288,11,303,15,12,383,11,421,509,0,509,930
03/03/2002,LGB,CA,AWP,WE,Towers with Display (VFR),19,13,122,3,157,0,2,400,2,404,19,15,522,5,561,509,0,509,1070
03/04/2002,LGB,CA,AWP,WE,Towers with Display (VFR),29,14,81,2,126,0,11,297,7,315,29,25,378,9,441,511,0,511,952
03/05/2002,LGB,CA,AWP,WE,Towers with Display (VFR),31,23,116,0,170,0,10,328,0,338,31,33,444,0,508,495,0,495,1003
03/06/2002,LGB,CA,AWP,WE,Towers with Display (VFR),33,18,132,0,183,0,6,253,0,259,33,24,385,0,442,555,0,555,997
03/07/2002,LGB,CA,AWP,WE,Towers with Display (VFR),26,14,102,0,142,7,3,112,0,122,33,17,214,0,264,432,0,432,696
03/08/2002,LGB,CA,AWP,WE,Towers with Display (VFR),28,18,151,1,198,0,7,329,0,336,28,25,480,1,534,513,0,513,1047
03/09/2002,LGB,CA,AWP,WE,Towers with Display (VFR),16,6,124,1,147,0,8,335,0,343,16,14,459,1,490,569,0,569,1059
03/10/2002,LGB,CA,AWP,WE,Towers with Display (VFR),26,14,92,0,132,0,8,341,1,350,26,22,433,1,482,494,0,494,976
03/11/2002,LGB,CA,AWP,WE,Towers with Display (VFR),34,12,108,0,154,0,13,302,0,315,34,25,410,0,469,395,0,395,864
03/12/2002,LGB,CA,AWP,WE,Towers with Display (VFR),33,18,131,1,183,2,13,301,0,316,35,31,432,1,499,565,0,565,1064
03/13/2002,LGB,CA,AWP,WE,Towers with Display (VFR),32,20,101,0,153,0,12,257,0,269,32,32,358,0,422,328,0,328,750
03/14/2002,LGB,CA,AWP,WE,Towers with Display (VFR),27,14,106,0,147,4,26,239,0,269,31,40,345,0,416,311,0,311,727
03/15/2002,LGB,CA,AWP,WE,Towers with Display (VFR),28,16,105,0,149,0,17,332,0,349,28,33,437,0,498,518,0,518,1016
03/16/2002,LGB,CA,AWP,WE,Towers with Display (VFR),18,10,99,2,129,0,7,325,1,333,18,17,424,3,462,295,0,295,757
03/17/2002,LGB,CA,AWP,WE,Towers with Display (VFR),19,15,87,4,125,0,5,253,0,258,19,20,340,4,383,497,0,497,880
03/18/2002,LGB,CA,AWP,WE,Towers with Display (VFR),34,23,83,0,140,0,4,353,0,357,34,27,436,0,497,370,0,370,867
03/19/2002,LGB,CA,AWP,WE,Towers with Display (VFR),30,29,122,4,185,0,15,379,0,394,30,44,501,4,579,460,0,460,1039
03/20/2002,LGB,CA,AWP,WE,Towers with Display (VFR),29,16,114,1,160,2,10,343,2,357,31,26,457,3,517,504,0,504,1021
03/21/2002,LGB,CA,AWP,WE,Towers with Display (VFR),30,17,126,1,174,0,25,312,2,339,30,42,438,3,513,600,0,600,1113
03/22/2002,LGB,CA,AWP,WE,Towers with Display (VFR),32,17,115,3,167,0,18,380,1,399,32,35,495,4,566,444,0,444,1010
03/23/2002,LGB,CA,AWP,WE,Towers with Display (VFR),19,8,142,3,172,0,5,259,0,264,19,13,401,3,436,406,0,406,842
03/24/2002,LGB,CA,AWP,WE,Towers with Display (VFR),20,13,89,1,123,0,0,262,1,263,20,13,351,2,386,465,0,465,851
03/25/2002,LGB,CA,AWP,WE,Towers with Display (VFR),31,22,103,3,159,0,5,335,3,343,31,27,438,6,502,488,0,488,990
03/26/2002,LGB,CA,AWP,WE,Towers with Display (VFR),30,17,116,4,167,3,10,420,0,433,33,27,536,4,600,461,0,461,1061
03/27/2002,LGB,CA,AWP,WE,Towers with Display (VFR),33,20,135,1,189,4,8,264,1,277,37,28,399,2,466,446,0,446,912
03/28/2002,LGB,CA,AWP,WE,Towers with Display (VFR),31,19,126,1,177,0,4,274,1,279,31,23,400,2,456,447,0,447,903
03/29/2002,LGB,CA,AWP,WE,Towers with Display (VFR),29,19,130,0,178,0,4,191,2,197,29,23,321,2,375,681,0,681,1056
03/30/2002,LGB,CA,AWP,WE,Towers with Display (VFR),17,7,133,0,157,0,0,175,0,175,17,7,308,0,332,496,0,496,828
03/31/2002,LGB,CA,AWP,WE,Towers with Display (VFR),21,14,103,0,138,0,0,110,0,110,21,14,213,0,248,384,0,384,632
04/01/2002,LGB,CA,AWP,WE,Towers with Display (VFR),25,12,106,0,143,3,6,209,0,218,28,18,315,0,361,380,0,380,741
04/02/2002,LGB,CA,AWP,WE,Towers with Display (VFR),30,23,138,0,191,0,4,170,1,175,30,27,308,1,366,630,0,630,996
04/03/2002,LGB,CA,AWP,WE,Towers with Display (VFR),29,14,126,0,169,1,13,174,0,188,30,27,300,0,357,563,0,563,920
04/04/2002,LGB,CA,AWP,WE,Towers with Display (VFR),35,23,164,0,222,0,10,326,0,336,35,33,490,0,558,543,0,543,1101
04/05/2002,LGB,CA,AWP,WE,Towers with Display (VFR),28,14,122,2,166,0,8,243,1,252,28,22,365,3,418,543,0,543,961
04/06/2002,LGB,CA,AWP,WE,Towers with Display (VFR),17,9,103,0,129,0,2,298,5,305,17,11,401,5,434,552,0,552,986
04/07/2002,LGB,CA,AWP,WE,Towers with Display (VFR),20,18,101,3,142,0,0,218,3,221,20,18,319,6,363,698,0,698,1061
04/08/2002,LGB,CA,AWP,WE,Towers with Display (VFR),29,16,137,0,182,0,8,244,0,252,29,24,381,0,434,469,0,469,903
04/09/2002,LGB,CA,AWP,WE,Towers with Display (VFR),29,15,129,1,174,0,14,275,0,289,29,29,404,1,463,459,2,461,924
04/10/2002,LGB,CA,AWP,WE,Towers with Display (VFR),27,13,116,1,157,2,8,294,1,305,29,21,410,2,462,438,0,438,900
04/11/2002,LGB,CA,AWP,WE,Towers with Display (VFR),32,19,168,1,220,0,4,237,1,242,32,23,405,2,462,525,0,525,987
04/12/2002,LGB,CA,AWP,WE,Towers with Display (VFR),29,29,193,2,253,0,0,193,2,195,29,29,386,4,448,470,0,470,918
04/13/2002,LGB,CA,AWP,WE,Towers with Display (VFR),18,11,129,0,158,0,0,217,0,217,18,11,346,0,375,376,0,376,751
04/14/2002,LGB,CA,AWP,WE,Towers with Display (VFR),23,18,184,0,225,0,1,36,2,39,23,19,220,2,264,158,0,158,422
04/15/2002,LGB,CA,AWP,WE,Towers with Display (VFR),30,15,133,1,179,1,8,220,3,232,31,23,353,4,411,509,0,509,920
04/16/2002,LGB,CA,AWP,WE,Towers with Display (VFR),30,16,151,3,200,0,9,348,1,358,30,25,499,4,558,635,0,635,1193
04/17/2002,LGB,CA,AWP,WE,Towers with Display (VFR),32,18,157,1,208,0,13,343,0,356,32,31,500,1,564,430,0,430,994
04/18/2002,LGB,CA,AWP,WE,Towers with Display (VFR),30,18,80,2,130,0,10,384,0,394,30,28,464,2,524,514,0,514,1038
04/19/2002,LGB,CA,AWP,WE,Towers with Display (VFR),29,17,117,3,166,0,15,372,2,389,29,32,489,5,555,397,0,397,952
04/20/2002,LGB,CA,AWP,WE,Towers with Display (VFR),18,5,105,1,129,0,9,339,0,348,18,14,444,1,477,407,0,407,884
04/21/2002,LGB,CA,AWP,WE,Towers with Display (VFR),22,7,95,0,124,0,4,361,1,366,22,11,456,1,490,465,0,465,955
04/22/2002,LGB,CA,AWP,WE,Towers with Display (VFR),24,13,110,0,147,11,4,352,4,371,35,17,462,4,518,506,0,506,1024
04/23/2002,LGB,CA,AWP,WE,Towers with Display (VFR),27,14,126,1,168,8,19,461,3,491,35,33,587,4,659,494,0,494,1153
04/24/2002,LGB,CA,AWP,WE,Towers with Display (VFR),28,14,127,0,169,7,7,299,0,313,35,21,426,0,482,376,0,376,858
04/25/2002,LGB,CA,AWP,WE,Towers with Display (VFR),33,15,130,2,180,0,9,327,0,336,33,24,457,2,516,443,0,443,959
04/26/2002,LGB,CA,AWP,WE,Towers with Display (VFR),30,14,119,2,165,0,8,178,0,186,30,22,297,2,351,405,0,405,756
04/27/2002,LGB,CA,AWP,WE,Towers with Display (VFR),18,3,111,0,132,0,8,229,0,237,18,11,340,0,369,718,0,718,1087
04/28/2002,LGB,CA,AWP,WE,Towers with Display (VFR),20,12,112,0,144,0,5,324,1,330,20,17,436,1,474,583,0,583,1057
04/29/2002,LGB,CA,AWP,WE,Towers with Display (VFR),33,10,115,1,159,0,5,321,2,328,33,15,436,3,487,683,0,683,1170
04/30/2002,LGB,CA,AWP,WE,Towers with Display (VFR),28,21,142,1,192,0,10,393,0,403,28,31,535,1,595,726,0,726,1321
05/01/2002,LGB,CA,AWP,WE,Towers with Display (VFR),33,17,130,0,180,1,4,412,0,417,34,21,542,0,597,884,0,884,1481
05/02/2002,LGB,CA,AWP,WE,Towers with Display (VFR),34,19,134,0,187,1,6,433,1,441,35,25,567,1,628,711,0,711,1339
05/03/2002,LGB,CA,AWP,WE,Towers with Display (VFR),25,13,97,0,135,10,10,322,4,346,35,23,419,4,481,549,0,549,1030
05/04/2002,LGB,CA,AWP,WE,Towers with Display (VFR),22,7,101,0,130,0,0,348,1,349,22,7,449,1,479,639,0,639,1118
05/05/2002,LGB,CA,AWP,WE,Towers with Display (VFR),27,19,114,0,160,0,1,282,0,283,27,20,396,0,443,604,0,604,1047
05/06/2002,LGB,CA,AWP,WE,Towers with Display (VFR),34,29,114,0,177,0,6,204,0,210,34,35,318,0,387,481,0,481,868
05/07/2002,LGB,CA,AWP,WE,Towers with Display (VFR),34,19,150,0,203,0,13,306,0,319,34,32,456,0,522,745,0,745,1267
05/08/2002,LGB,CA,AWP,WE,Towers with Display (VFR),35,19,152,1,207,0,31,320,2,353,35,50,472,3,560,636,0,636,1196
05/09/2002,LGB,CA,AWP,WE,Towers with Display (VFR),39,19,151,0,209,0,13,342,0,355,39,32,493,0,564,511,0,511,1075
05/10/2002,LGB,CA,AWP,WE,Towers with Display (VFR),40,22,121,1,184,0,9,281,0,290,40,31,402,1,474,657,0,657,1131
05/11/2002,LGB,CA,AWP,WE,Towers with Display (VFR),26,7,93,1,127,0,5,448,0,453,26,12,541,1,580,674,0,674,1254
05/12/2002,LGB,CA,AWP,WE,Towers with Display (VFR),25,10,99,1,135,0,2,313,0,315,25,12,412,1,450,360,0,360,810
05/13/2002,LGB,CA,AWP,WE,Towers with Display (VFR),29,13,107,1,150,6,25,362,3,396,35,38,469,4,546,531,0,531,1077
05/14/2002,LGB,CA,AWP,WE,Towers with Display (VFR),35,19,141,2,197,0,17,376,1,394,35,36,517,3,591,581,0,581,1172
05/15/2002,LGB,CA,AWP,WE,Towers with Display (VFR),36,11,154,1,202,0,9,279,0,288,36,20,433,1,490,516,0,516,1006
05/16/2002,LGB,CA,AWP,WE,Towers with Display (VFR),36,18,152,1,207,0,20,258,0,278,36,38,410,1,485,580,0,580,1065
05/17/2002,LGB,CA,AWP,WE,Towers with Display (VFR),34,18,120,1,173,0,10,209,3,222,34,28,329,4,395,511,0,511,906
05/18/2002,LGB,CA,AWP,WE,Towers with Display (VFR),26,9,187,2,224,0,3,126,1,130,26,12,313,3,354,387,0,387,741
05/19/2002,LGB,CA,AWP,WE,Towers with Display (VFR),30,16,96,0,142,0,13,180,11,204,30,29,276,11,346,398,0,398,744
05/20/2002,LGB,CA,AWP,WE,Towers with Display (VFR),34,20,84,0,138,0,6,160,0,166,34,26,244,0,304,208,0,208,512
05/21/2002,LGB,CA,AWP,WE,Towers with Display (VFR),31,14,118,0,163,12,28,320,2,362,43,42,438,2,525,453,0,453,978
05/22/2002,LGB,CA,AWP,WE,Towers with Display (VFR),38,18,150,0,206,0,5,359,4,368,38,23,509,4,574,446,0,446,1020
05/23/2002,LGB,CA,AWP,WE,Towers with Display (VFR),33,13,108,0,154,0,13,399,2,414,33,26,507,2,568,361,0,361,929
05/24/2002,LGB,CA,AWP,WE,Towers with Display (VFR),33,18,109,0,160,0,8,321,0,329,33,26,430,0,489,528,0,528,1017
05/25/2002,LGB,CA,AWP,WE,Towers with Display (VFR),22,5,145,0,172,0,7,377,0,384,22,12,522,0,556,499,0,499,1055
05/26/2002,LGB,CA,AWP,WE,Towers with Display (VFR),24,11,78,0,113,0,1,287,1,289,24,12,365,1,402,435,0,435,837
05/27/2002,LGB,CA,AWP,WE,Towers with Display (VFR),27,13,107,0,147,0,8,291,0,299,27,21,398,0,446,357,0,357,803
05/28/2002,LGB,CA,AWP,WE,Towers with Display (VFR),31,15,125,0,171,0,7,398,0,405,31,22,523,0,576,484,0,484,1060
05/29/2002,LGB,CA,AWP,WE,Towers with Display (VFR),32,15,120,0,167,4,17,412,2,435,36,32,532,2,602,539,0,539,1141
05/30/2002,LGB,CA,AWP,WE,Towers with Display (VFR),32,19,167,0,218,0,0,143,2,145,32,19,310,2,363,261,0,261,624
05/31/2002,LGB,CA,AWP,WE,Towers with Display (VFR),36,10,125,4,175,0,9,281,0,290,36,19,406,4,465,428,0,428,893
06/01/2002,LGB,CA,AWP,WE,Towers with Display (VFR),22,11,119,0,152,1,5,321,0,327,23,16,440,0,479,423,0,423,902
06/02/2002,LGB,CA,AWP,WE,Towers with Display (VFR),27,15,98,0,140,0,2,326,2,330,27,17,424,2,470,328,8,336,806
06/03/2002,LGB,CA,AWP,WE,Towers with Display (VFR),34,18,96,1,149,1,1,272,3,277,35,19,368,4,426,447,0,447,873
06/04/2002,LGB,CA,AWP,WE,Towers with Display (VFR),32,19,162,2,215,1,15,306,2,324,33,34,468,4,539,619,0,619,1158
06/05/2002,LGB,CA,AWP,WE,Towers with Display (VFR),38,21,150,1,210,0,4,299,0,303,38,25,449,1,513,474,0,474,987
06/06/2002,LGB,CA,AWP,WE,Towers with Display (VFR),40,25,182,1,248,0,4,337,0,341,40,29,519,1,589,556,0,556,1145
06/07/2002,LGB,CA,AWP,WE,Towers with Display (VFR),36,19,148,0,203,1,0,114,0,115,37,19,262,0,318,409,0,409,727
06/08/2002,LGB,CA,AWP,WE,Towers with Display (VFR),21,11,126,0,158,1,9,195,1,206,22,20,321,1,364,600,0,600,964
06/09/2002,LGB,CA,AWP,WE,Towers with Display (VFR),29,13,104,3,149,1,3,307,2,313,30,16,411,5,462,490,0,490,952
06/10/2002,LGB,CA,AWP,WE,Towers with Display (VFR),38,16,114,2,170,1,6,339,0,346,39,22,453,2,516,403,0,403,919
06/11/2002,LGB,CA,AWP,WE,Towers with Display (VFR),33,19,159,0,211,1,7,339,6,353,34,26,498,6,564,438,0,438,1002
06/12/2002,LGB,CA,AWP,WE,Towers with Display (VFR),37,18,130,0,185,1,14,328,0,343,38,32,458,0,528,642,0,642,1170
06/13/2002,LGB,CA,AWP,WE,Towers with Display (VFR),37,30,116,1,184,1,6,421,0,428,38,36,537,1,612,565,0,565,1177
06/14/2002,LGB,CA,AWP,WE,Towers with Display (VFR),33,22,92,0,147,1,11,384,1,397,34,33,476,1,544,666,0,666,1210
06/15/2002,LGB,CA,AWP,WE,Towers with Display (VFR),26,12,88,0,126,1,6,393,0,400,27,18,481,0,526,630,0,630,1156
06/16/2002,LGB,CA,AWP,WE,Towers with Display (VFR),33,9,71,0,113,1,2,365,0,368,34,11,436,0,481,402,0,402,883
06/17/2002,LGB,CA,AWP,WE,Towers with Display (VFR),44,19,115,0,178,1,7,320,1,329,45,26,435,1,507,519,0,519,1026
06/18/2002,LGB,CA,AWP,WE,Towers with Display (VFR),44,21,152,1,218,0,9,334,1,344,44,30,486,2,562,428,0,428,990
06/19/2002,LGB,CA,AWP,WE,Towers with Display (VFR),42,27,157,0,226,1,2,207,1,211,43,29,364,1,437,495,0,495,932
06/20/2002,LGB,CA,AWP,WE,Towers with Display (VFR),46,16,160,1,223,0,0,255,4,259,46,16,415,5,482,550,0,550,1032
06/21/2002,LGB,CA,AWP,WE,Towers with Display (VFR),41,20,127,1,189,1,18,233,0,252,42,38,360,1,441,468,0,468,909
06/22/2002,LGB,CA,AWP,WE,Towers with Display (VFR),26,10,98,0,134,0,0,321,2,323,26,10,419,2,457,489,0,489,946
06/23/2002,LGB,CA,AWP,WE,Towers with Display (VFR),34,14,109,2,159,1,4,326,3,334,35,18,435,5,493,428,0,428,921
06/24/2002,LGB,CA,AWP,WE,Towers with Display (VFR),35,16,118,1,170,9,15,260,4,288,44,31,378,5,458,569,0,569,1027
06/25/2002,LGB,CA,AWP,WE,Towers with Display (VFR),44,10,113,0,167,0,5,408,0,413,44,15,521,0,580,538,0,538,1118
06/26/2002,LGB,CA,AWP,WE,Towers with Display (VFR),40,22,161,2,225,0,15,369,6,390,40,37,530,8,615,539,0,539,1154
06/27/2002,LGB,CA,AWP,WE,Towers with Display (VFR),47,23,144,3,217,0,12,323,0,335,47,35,467,3,552,561,0,561,1113
06/28/2002,LGB,CA,AWP,WE,Towers with Display (VFR),45,26,129,2,202,2,12,340,3,357,47,38,469,5,559,672,0,672,1231
06/29/2002,LGB,CA,AWP,WE,Towers with Display (VFR),30,9,108,1,148,0,8,327,0,335,30,17,435,1,483,358,0,358,841
06/30/2002,LGB,CA,AWP,WE,Towers with Display (VFR),35,16,93,3,147,0,3,269,2,274,35,19,362,5,421,409,0,409,830
07/01/2002,LGB,CA,AWP,WE,Towers with Display (VFR),43,20,131,0,194,1,18,272,1,292,44,38,403,1,486,545,0,545,1031
07/02/2002,LGB,CA,AWP,WE,Towers with Display (VFR),47,26,122,0,195,1,13,366,6,386,48,39,488,6,581,486,0,486,1067
07/03/2002,LGB,CA,AWP,WE,Towers with Display (VFR),40,16,115,0,171,3,15,396,0,414,43,31,511,0,585,493,0,493,1078
07/04/2002,LGB,CA,AWP,WE,Towers with Display (VFR),31,7,47,0,85,1,4,287,0,292,32,11,334,0,377,531,0,531,908
07/05/2002,LGB,CA,AWP,WE,Towers with Display (VFR),33,12,124,0,169,1,6,358,1,366,34,18,482,1,535,527,0,527,1062
07/06/2002,LGB,CA,AWP,WE,Towers with Display (VFR),31,4,102,0,137,0,4,330,2,336,31,8,432,2,473,598,0,598,1071
07/07/2002,LGB,CA,AWP,WE,Towers with Display (VFR),35,17,139,0,191,0,3,454,0,457,35,20,593,0,648,504,0,504,1152
07/08/2002,LGB,CA,AWP,WE,Towers with Display (VFR),43,13,99,0,155,0,15,332,0,347,43,28,431,0,502,576,0,576,1078
07/09/2002,LGB,CA,AWP,WE,Towers with Display (VFR),44,16,95,0,155,0,17,315,3,335,44,33,410,3,490,601,0,601,1091
07/10/2002,LGB,CA,AWP,WE,Towers with Display (VFR),38,16,109,1,164,6,25,341,2,374,44,41,450,3,538,556,0,556,1094
07/11/2002,LGB,CA,AWP,WE,Towers with Display (VFR),43,5,113,4,165,0,13,316,4,333,43,18,429,8,498,518,0,518,1016
07/12/2002,LGB,CA,AWP,WE,Towers with Display (VFR),41,13,129,3,186,0,3,432,1,436,41,16,561,4,622,811,0,811,1433
07/13/2002,LGB,CA,AWP,WE,Towers with Display (VFR),30,15,108,1,154,0,0,512,7,519,30,15,620,8,673,499,0,499,1172
07/14/2002,LGB,CA,AWP,WE,Towers with Display (VFR),35,17,106,1,159,0,2,313,2,317,35,19,419,3,476,427,0,427,903
07/15/2002,LGB,CA,AWP,WE,Towers with Display (VFR),42,24,103,1,170,0,4,281,1,286,42,28,384,2,456,500,0,500,956
07/16/2002,LGB,CA,AWP,WE,Towers with Display (VFR),44,23,111,0,178,1,14,352,0,367,45,37,463,0,545,656,0,656,1201
07/17/2002,LGB,CA,AWP,WE,Towers with Display (VFR),43,23,113,2,181,0,13,369,0,382,43,36,482,2,563,594,0,594,1157
07/18/2002,LGB,CA,AWP,WE,Towers with Display (VFR),48,19,156,1,224,0,8,373,0,381,48,27,529,1,605,703,0,703,1308
07/19/2002,LGB,CA,AWP,WE,Towers with Display (VFR),45,19,145,1,210,0,6,255,2,263,45,25,400,3,473,592,0,592,1065
07/20/2002,LGB,CA,AWP,WE,Towers with Display (VFR),28,17,119,0,164,0,6,216,0,222,28,23,335,0,386,544,0,544,930
07/21/2002,LGB,CA,AWP,WE,Towers with Display (VFR),37,10,109,1,157,0,1,294,2,297,37,11,403,3,454,520,0,520,974
07/22/2002,LGB,CA,AWP,WE,Towers with Display (VFR),46,13,132,1,192,0,10,268,0,278,46,23,400,1,470,630,0,630,1100
07/23/2002,LGB,CA,AWP,WE,Towers with Display (VFR),49,21,126,0,196,1,9,359,1,370,50,30,485,1,566,753,0,753,1319
07/24/2002,LGB,CA,AWP,WE,Towers with Display (VFR),44,18,135,1,198,0,13,418,3,434,44,31,553,4,632,553,0,553,1185
07/25/2002,LGB,CA,AWP,WE,Towers with Display (VFR),46,17,129,1,193,3,15,355,1,374,49,32,484,2,567,510,0,510,1077
07/26/2002,LGB,CA,AWP,WE,Towers with Display (VFR),42,23,107,0,172,0,12,320,0,332,42,35,427,0,504,437,0,437,941
07/27/2002,LGB,CA,AWP,WE,Towers with Display (VFR),30,9,124,0,163,300,4,314,3,621,330,13,438,3,784,549,0,549,1333
07/28/2002,LGB,CA,AWP,WE,Towers with Display (VFR),37,14,100,2,153,0,6,334,0,340,37,20,434,2,493,459,0,459,952
07/29/2002,LGB,CA,AWP,WE,Towers with Display (VFR),45,12,84,1,142,0,10,366,1,377,45,22,450,2,519,614,0,614,1133
07/30/2002,LGB,CA,AWP,WE,Towers with Display (VFR),43,23,138,6,210,0,10,341,1,352,43,33,479,7,562,541,0,541,1103
07/31/2002,LGB,CA,AWP,WE,Towers with Display (VFR),47,20,147,1,215,0,13,390,2,405,47,33,537,3,620,718,0,718,1338
08/01/2002,LGB,CA,AWP,WE,Towers with Display (VFR),43,25,177,0,245,1,3,321,0,325,44,28,498,0,570,618,0,618,1188
08/02/2002,LGB,CA,AWP,WE,Towers with Display (VFR),42,22,113,2,179,0,12,307,0,319,42,34,420,2,498,676,0,676,1174
08/03/2002,LGB,CA,AWP,WE,Towers with Display (VFR),30,6,109,1,146,0,2,380,3,385,30,8,489,4,531,858,0,858,1389
08/04/2002,LGB,CA,AWP,WE,Towers with Display (VFR),36,17,84,3,140,0,2,312,0,314,36,19,396,3,454,350,0,350,804
08/05/2002,LGB,CA,AWP,WE,Towers with Display (VFR),41,24,133,2,200,0,8,265,1,274,41,32,398,3,474,505,0,505,979
08/06/2002,LGB,CA,AWP,WE,Towers with Display (VFR),46,23,152,0,221,0,7,302,0,309,46,30,454,0,530,437,0,437,967
08/07/2002,LGB,CA,AWP,WE,Towers with Display (VFR),40,17,121,1,179,1,12,363,2,378,41,29,484,3,557,643,0,643,1200
08/08/2002,LGB,CA,AWP,WE,Towers with Display (VFR),44,20,109,5,178,0,12,424,0,436,44,32,533,5,614,602,2,604,1218
08/09/2002,LGB,CA,AWP,WE,Towers with Display (VFR),43,21,140,0,204,0,40,419,0,459,43,61,559,0,663,533,0,533,1196
08/10/2002,LGB,CA,AWP,WE,Towers with Display (VFR),31,17,103,0,151,0,0,410,0,410,31,17,513,0,561,462,0,462,1023
08/11/2002,LGB,CA,AWP,WE,Towers with Display (VFR),38,12,98,2,150,0,3,443,1,447,38,15,541,3,597,432,0,432,1029
08/12/2002,LGB,CA,AWP,WE,Towers with Display (VFR),46,20,129,0,195,0,6,366,0,372,46,26,495,0,567,460,0,460,1027
08/13/2002,LGB,CA,AWP,WE,Towers with Display (VFR),42,18,156,1,217,0,9,399,1,409,42,27,555,2,626,562,0,562,1188
08/14/2002,LGB,CA,AWP,WE,Towers with Display (VFR),51,22,162,3,238,0,12,439,7,458,51,34,601,10,696,607,0,607,1303
08/15/2002,LGB,CA,AWP,WE,Towers with Display (VFR),44,20,142,2,208,0,9,287,3,299,44,29,429,5,507,564,0,564,1071
08/16/2002,LGB,CA,AWP,WE,Towers with Display (VFR),45,18,135,3,201,0,3,270,0,273,45,21,405,3,474,592,0,592,1066
08/17/2002,LGB,CA,AWP,WE,Towers with Display (VFR),30,9,138,0,177,0,7,210,2,219,30,16,348,2,396,659,0,659,1055
08/18/2002,LGB,CA,AWP,WE,Towers with Display (VFR),36,15,152,0,203,0,0,148,6,154,36,15,300,6,357,218,0,218,575
08/19/2002,LGB,CA,AWP,WE,Towers with Display (VFR),46,16,128,0,190,0,6,205,3,214,46,22,333,3,404,483,0,483,887
08/20/2002,LGB,CA,AWP,WE,Towers with Display (VFR),44,17,161,3,225,0,8,289,2,299,44,25,450,5,524,661,0,661,1185
08/21/2002,LGB,CA,AWP,WE,Towers with Display (VFR),47,20,129,1,197,0,15,263,3,281,47,35,392,4,478,460,0,460,938
08/22/2002,LGB,CA,AWP,WE,Towers with Display (VFR),44,19,137,0,200,1,8,397,0,406,45,27,534,0,606,583,0,583,1189
08/23/2002,LGB,CA,AWP,WE,Towers with Display (VFR),42,18,128,1,189,0,18,356,6,380,42,36,484,7,569,493,0,493,1062
08/24/2002,LGB,CA,AWP,WE,Towers with Display (VFR),30,9,66,1,106,0,9,454,0,463,30,18,520,1,569,618,0,618,1187
08/25/2002,LGB,CA,AWP,WE,Towers with Display (VFR),27,11,83,0,121,8,3,455,0,466,35,14,538,0,587,360,0,360,947
08/26/2002,LGB,CA,AWP,WE,Towers with Display (VFR),43,20,93,6,162,0,7,355,0,362,43,27,448,6,524,624,0,624,1148
08/27/2002,LGB,CA,AWP,WE,Towers with Display (VFR),49,27,130,0,206,0,6,349,0,355,49,33,479,0,561,520,0,520,1081
08/28/2002,LGB,CA,AWP,WE,Towers with Display (VFR),40,18,128,0,186,0,10,350,0,360,40,28,478,0,546,668,0,668,1214
08/29/2002,LGB,CA,AWP,WE,Towers with Display (VFR),47,18,157,3,225,0,5,302,2,309,47,23,459,5,534,545,0,545,1079
08/30/2002,LGB,CA,AWP,WE,Towers with Display (VFR),42,21,111,1,175,0,12,337,0,349,42,33,448,1,524,676,0,676,1200
08/31/2002,LGB,CA,AWP,WE,Towers with Display (VFR),28,4,92,1,125,0,3,355,0,358,28,7,447,1,483,473,0,473,956
09/01/2002,LGB,CA,AWP,WE,Towers with Display (VFR),30,3,50,0,83,1,2,418,0,421,31,5,468,0,504,440,0,440,944
09/02/2002,LGB,CA,AWP,WE,Towers with Display (VFR),32,7,71,0,110,0,10,436,1,447,32,17,507,1,557,457,0,457,1014
09/03/2002,LGB,CA,AWP,WE,Towers with Display (VFR),41,25,85,1,152,0,3,300,2,305,41,28,385,3,457,442,0,442,899
09/04/2002,LGB,CA,AWP,WE,Towers with Display (VFR),46,11,106,0,163,0,11,344,0,355,46,22,450,0,518,669,0,669,1187
09/05/2002,LGB,CA,AWP,WE,Towers with Display (VFR),50,13,118,1,182,0,10,329,3,342,50,23,447,4,524,441,0,441,965
09/06/2002,LGB,CA,AWP,WE,Towers with Display (VFR),59,15,106,2,182,0,8,384,1,393,59,23,490,3,575,416,0,416,991
09/07/2002,LGB,CA,AWP,WE,Towers with Display (VFR),49,7,114,0,170,0,4,369,5,378,49,11,483,5,548,459,0,459,1007
09/08/2002,LGB,CA,AWP,WE,Towers with Display (VFR),47,5,97,1,150,8,0,370,4,382,55,5,467,5,532,366,0,366,898
09/09/2002,LGB,CA,AWP,WE,Towers with Display (VFR),65,12,98,2,177,0,12,353,0,365,65,24,451,2,542,474,0,474,1016
09/10/2002,LGB,CA,AWP,WE,Towers with Display (VFR),65,15,137,1,218,0,6,393,2,401,65,21,530,3,619,504,0,504,1123
09/11/2002,LGB,CA,AWP,WE,Towers with Display (VFR),60,13,121,1,195,0,7,349,0,356,60,20,470,1,551,502,0,502,1053
09/12/2002,LGB,CA,AWP,WE,Towers with Display (VFR),64,26,164,2,256,0,6,263,2,271,64,32,427,4,527,395,0,395,922
09/13/2002,LGB,CA,AWP,WE,Towers with Display (VFR),65,17,100,3,185,0,8,352,6,366,65,25,452,9,551,594,0,594,1145
09/14/2002,LGB,CA,AWP,WE,Towers with Display (VFR),49,10,100,1,160,0,13,313,0,326,49,23,413,1,486,479,0,479,965
09/15/2002,LGB,CA,AWP,WE,Towers with Display (VFR),52,11,93,0,156,1,0,342,0,343,53,11,435,0,499,492,0,492,991
09/16/2002,LGB,CA,AWP,WE,Towers with Display (VFR),52,12,107,2,173,12,7,332,1,352,64,19,439,3,525,688,0,688,1213
09/17/2002,LGB,CA,AWP,WE,Towers with Display (VFR),69,22,143,1,235,1,12,386,1,400,70,34,529,2,635,500,0,500,1135
09/18/2002,LGB,CA,AWP,WE,Towers with Display (VFR),65,15,133,2,215,4,21,365,0,390,69,36,498,2,605,470,0,470,1075
09/19/2002,LGB,CA,AWP,WE,Towers with Display (VFR),69,18,156,2,245,0,4,398,4,406,69,22,554,6,651,514,0,514,1165
09/20/2002,LGB,CA,AWP,WE,Towers with Display (VFR),63,18,136,2,219,1,5,341,2,349,64,23,477,4,568,696,0,696,1264
09/21/2002,LGB,CA,AWP,WE,Towers with Display (VFR),45,5,92,0,142,0,6,279,0,285,45,11,371,0,427,470,0,470,897
09/22/2002,LGB,CA,AWP,WE,Towers with Display (VFR),51,11,103,1,166,8,10,354,0,372,59,21,457,1,538,426,0,426,964
09/23/2002,LGB,CA,AWP,WE,Towers with Display (VFR),64,19,114,1,198,0,7,309,0,316,64,26,423,1,514,343,0,343,857
09/24/2002,LGB,CA,AWP,WE,Towers with Display (VFR),71,17,136,2,226,0,8,289,2,299,71,25,425,4,525,386,0,386,911
09/25/2002,LGB,CA,AWP,WE,Towers with Display (VFR),65,18,155,1,239,0,4,296,3,303,65,22,451,4,542,412,0,412,954
09/26/2002,LGB,CA,AWP,WE,Towers with Display (VFR),72,16,178,0,266,0,2,199,0,201,72,18,377,0,467,384,0,384,851
09/27/2002,LGB,CA,AWP,WE,Towers with Display (VFR),70,12,167,1,250,0,6,322,3,331,70,18,489,4,581,476,0,476,1057
09/28/2002,LGB,CA,AWP,WE,Towers with Display (VFR),50,11,116,0,177,0,8,175,0,183,50,19,291,0,360,403,0,403,763
09/29/2002,LGB,CA,AWP,WE,Towers with Display (VFR),54,13,109,1,177,4,0,253,1,258,58,13,362,2,435,512,0,512,947
09/30/2002,LGB,CA,AWP,WE,Towers with Display (VFR),68,14,112,3,197,0,11,347,2,360,68,25,459,5,557,377,0,377,934
10/01/2002,LGB,CA,AWP,WE,Towers with Display (VFR),65,19,151,1,236,1,10,236,1,248,66,29,387,2,484,522,0,522,1006
10/02/2002,LGB,CA,AWP,WE,Towers with Display (VFR),63,18,140,0,221,1,11,333,3,348,64,29,473,3,569,565,0,565,1134
10/03/2002,LGB,CA,AWP,WE,Towers with Display (VFR),64,13,130,2,209,1,10,395,1,407,65,23,525,3,616,533,0,533,1149
10/04/2002,LGB,CA,AWP,WE,Towers with Display (VFR),64,17,126,3,210,1,12,393,1,407,65,29,519,4,617,653,0,653,1270
10/05/2002,LGB,CA,AWP,WE,Towers with Display (VFR),48,10,85,0,143,6,8,384,4,402,54,18,469,4,545,597,0,597,1142
10/06/2002,LGB,CA,AWP,WE,Towers with Display (VFR),53,11,97,1,162,10,1,364,1,376,63,12,461,2,538,531,0,531,1069
10/07/2002,LGB,CA,AWP,WE,Towers with Display (VFR),75,12,106,2,195,1,5,363,1,370,76,17,469,3,565,578,0,578,1143
10/08/2002,LGB,CA,AWP,WE,Towers with Display (VFR),65,23,142,1,231,1,7,265,1,274,66,30,407,2,505,365,0,365,870
10/09/2002,LGB,CA,AWP,WE,Towers with Display (VFR),73,29,138,1,241,1,3,345,0,349,74,32,483,1,590,471,0,471,1061
10/10/2002,LGB,CA,AWP,WE,Towers with Display (VFR),78,18,151,0,247,1,16,216,0,233,79,34,367,0,480,356,0,356,836
10/11/2002,LGB,CA,AWP,WE,Towers with Display (VFR),75,15,132,0,222,10,16,287,0,313,85,31,419,0,535,727,0,727,1262
10/12/2002,LGB,CA,AWP,WE,Towers with Display (VFR),61,12,109,1,183,0,4,297,2,303,61,16,406,3,486,424,0,424,910
10/13/2002,LGB,CA,AWP,WE,Towers with Display (VFR),69,11,131,0,211,1,4,220,0,225,70,15,351,0,436,317,0,317,753
10/14/2002,LGB,CA,AWP,WE,Towers with Display (VFR),79,14,133,0,226,1,3,158,0,162,80,17,291,0,388,262,0,262,650
10/15/2002,LGB,CA,AWP,WE,Towers with Display (VFR),83,19,165,1,268,0,3,150,4,157,83,22,315,5,425,364,0,364,789
10/16/2002,LGB,CA,AWP,WE,Towers with Display (VFR),80,15,130,2,227,0,7,225,3,235,80,22,355,5,462,707,0,707,1169
10/17/2002,LGB,CA,AWP,WE,Towers with Display (VFR),80,20,138,3,241,0,6,360,2,368,80,26,498,5,609,604,0,604,1213
10/18/2002,LGB,CA,AWP,WE,Towers with Display (VFR),76,12,146,2,236,0,5,269,0,274,76,17,415,2,510,479,0,479,989
10/19/2002,LGB,CA,AWP,WE,Towers with Display (VFR),63,13,65,1,142,0,6,377,3,386,63,19,442,4,528,373,0,373,901
10/20/2002,LGB,CA,AWP,WE,Towers with Display (VFR),68,5,123,3,199,0,1,146,0,147,68,6,269,3,346,419,0,419,765
10/21/2002,LGB,CA,AWP,WE,Towers with Display (VFR),74,17,119,0,210,0,10,187,0,197,74,27,306,0,407,386,0,386,793
10/22/2002,LGB,CA,AWP,WE,Towers with Display (VFR),78,15,138,0,231,0,8,255,0,263,78,23,393,0,494,349,0,349,843
10/23/2002,LGB,CA,AWP,WE,Towers with Display (VFR),78,17,148,2,245,0,14,275,1,290,78,31,423,3,535,443,0,443,978
10/24/2002,LGB,CA,AWP,WE,Towers with Display (VFR),80,15,139,0,234,0,3,268,0,271,80,18,407,0,505,458,0,458,963
10/25/2002,LGB,CA,AWP,WE,Towers with Display (VFR),86,14,95,2,197,0,12,172,2,186,86,26,267,4,383,270,5,275,658
10/26/2002,LGB,CA,AWP,WE,Towers with Display (VFR),57,3,107,2,169,0,3,205,0,208,57,6,312,2,377,228,0,228,605
10/27/2002,LGB,CA,AWP,WE,Towers with Display (VFR),66,16,106,1,189,0,9,303,0,312,66,25,409,1,501,408,0,408,909
10/28/2002,LGB,CA,AWP,WE,Towers with Display (VFR),80,10,84,0,174,0,8,269,2,279,80,18,353,2,453,358,0,358,811
10/29/2002,LGB,CA,AWP,WE,Towers with Display (VFR),76,16,141,0,233,0,13,326,0,339,76,29,467,0,572,485,0,485,1057
10/30/2002,LGB,CA,AWP,WE,Towers with Display (VFR),71,15,129,0,215,0,3,370,0,373,71,18,499,0,588,469,0,469,1057
10/31/2002,LGB,CA,AWP,WE,Towers with Display (VFR),71,14,146,1,232,0,0,235,1,236,71,14,381,2,468,397,0,397,865
11/01/2002,LGB,CA,AWP,WE,Towers with Display (VFR),77,35,141,1,254,0,2,267,1,270,77,37,408,2,524,312,0,312,836
11/02/2002,LGB,CA,AWP,WE,Towers with Display (VFR),65,9,113,0,187,0,5,291,1,297,65,14,404,1,484,363,0,363,847
11/03/2002,LGB,CA,AWP,WE,Towers with Display (VFR),64,12,106,1,183,0,1,318,0,319,64,13,424,1,502,353,0,353,855
11/04/2002,LGB,CA,AWP,WE,Towers with Display (VFR),84,14,106,0,204,0,10,256,0,266,84,24,362,0,470,385,0,385,855
11/05/2002,LGB,CA,AWP,WE,Towers with Display (VFR),72,22,139,0,233,0,5,220,0,225,72,27,359,0,458,184,0,184,642
11/06/2002,LGB,CA,AWP,WE,Towers with Display (VFR),79,21,132,2,234,0,5,283,1,289,79,26,415,3,523,352,0,352,875
11/07/2002,LGB,CA,AWP,WE,Towers with Display (VFR),83,24,153,0,260,0,0,175,1,176,83,24,328,1,436,341,0,341,777
11/08/2002,LGB,CA,AWP,WE,Towers with Display (VFR),71,13,87,0,171,4,8,0,6,18,75,21,87,6,189,0,0,0,189
11/09/2002,LGB,CA,AWP,WE,Towers with Display (VFR),64,2,116,2,184,0,0,6,0,6,64,2,122,2,190,114,0,114,304
11/10/2002,LGB,CA,AWP,WE,Towers with Display (VFR),68,12,107,1,188,0,5,376,0,381,68,17,483,1,569,395,0,395,964
11/11/2002,LGB,CA,AWP,WE,Towers with Display (VFR),80,12,122,2,216,0,8,410,0,418,80,20,532,2,634,547,0,547,1181
11/12/2002,LGB,CA,AWP,WE,Towers with Display (VFR),78,16,110,3,207,0,2,415,3,420,78,18,525,6,627,470,0,470,1097
11/13/2002,LGB,CA,AWP,WE,Towers with Display (VFR),76,15,113,0,204,7,0,362,4,373,83,15,475,4,577,495,0,495,1072
11/14/2002,LGB,CA,AWP,WE,Towers with Display (VFR),84,21,131,0,236,0,2,260,4,266,84,23,391,4,502,434,0,434,936
11/15/2002,LGB,CA,AWP,WE,Towers with Display (VFR),71,14,105,0,190,6,9,382,0,397,77,23,487,0,587,442,0,442,1029
11/16/2002,LGB,CA,AWP,WE,Towers with Display (VFR),59,14,112,0,185,0,4,465,1,470,59,18,577,1,655,545,0,545,1200
11/17/2002,LGB,CA,AWP,WE,Towers with Display (VFR),65,10,115,0,190,0,0,392,0,392,65,10,507,0,582,432,0,432,1014
11/18/2002,LGB,CA,AWP,WE,Towers with Display (VFR),75,13,121,0,209,0,8,390,0,398,75,21,511,0,607,448,0,448,1055
11/19/2002,LGB,CA,AWP,WE,Towers with Display (VFR),78,19,114,0,211,0,9,405,0,414,78,28,519,0,625,465,0,465,1090
11/20/2002,LGB,CA,AWP,WE,Towers with Display (VFR),80,15,120,0,215,2,10,305,0,317,82,25,425,0,532,278,0,278,810
11/21/2002,LGB,CA,AWP,WE,Towers with Display (VFR),77,21,168,0,266,0,2,390,1,393,77,23,558,1,659,357,0,357,1016
11/22/2002,LGB,CA,AWP,WE,Towers with Display (VFR),78,9,102,1,190,0,3,306,1,310,78,12,408,2,500,395,0,395,895
11/23/2002,LGB,CA,AWP,WE,Towers with Display (VFR),62,10,82,0,154,0,6,345,1,352,62,16,427,1,506,535,0,535,1041
11/24/2002,LGB,CA,AWP,WE,Towers with Display (VFR),64,5,116,0,185,0,3,370,2,375,64,8,486,2,560,479,0,479,1039
11/25/2002,LGB,CA,AWP,WE,Towers with Display (VFR),77,14,81,2,174,0,5,195,2,202,77,19,276,4,376,344,0,344,720
11/26/2002,LGB,CA,AWP,WE,Towers with Display (VFR),70,13,105,1,189,7,13,214,3,237,77,26,319,4,426,501,0,501,927
11/27/2002,LGB,CA,AWP,WE,Towers with Display (VFR),71,13,107,0,191,7,6,285,0,298,78,19,392,0,489,381,0,381,870
11/28/2002,LGB,CA,AWP,WE,Towers with Display (VFR),29,5,41,0,75,20,2,125,0,147,49,7,166,0,222,70,0,70,292
11/29/2002,LGB,CA,AWP,WE,Towers with Display (VFR),54,15,81,0,150,0,4,211,0,215,54,19,292,0,365,318,0,318,683
11/30/2002,LGB,CA,AWP,WE,Towers with Display (VFR),54,4,96,1,155,0,2,272,0,274,54,6,368,1,429,309,0,309,738
12/01/2002,LGB,CA,AWP,WE,Towers with Display (VFR),63,5,120,0,188,1,3,371,0,375,64,8,491,0,563,354,0,354,917
12/02/2002,LGB,CA,AWP,WE,Towers with Display (VFR),72,18,110,0,200,1,4,281,0,286,73,22,391,0,486,439,0,439,925
12/03/2002,LGB,CA,AWP,WE,Towers with Display (VFR),78,18,143,0,239,1,4,351,1,357,79,22,494,1,596,457,0,457,1053
12/04/2002,LGB,CA,AWP,WE,Towers with Display (VFR),79,19,141,0,239,0,6,232,3,241,79,25,373,3,480,326,0,326,806
12/05/2002,LGB,CA,AWP,WE,Towers with Display (VFR),77,18,130,0,225,1,7,324,2,334,78,25,454,2,559,418,0,418,977
12/06/2002,LGB,CA,AWP,WE,Towers with Display (VFR),78,16,112,2,208,1,3,309,3,316,79,19,421,5,524,452,0,452,976
12/07/2002,LGB,CA,AWP,WE,Towers with Display (VFR),56,4,99,0,159,1,0,288,4,293,57,4,387,4,452,371,0,371,823
12/08/2002,LGB,CA,AWP,WE,Towers with Display (VFR),66,8,116,1,191,0,1,278,0,279,66,9,394,1,470,392,0,392,862
12/09/2002,LGB,CA,AWP,WE,Towers with Display (VFR),77,18,97,0,192,0,6,252,0,258,77,24,349,0,450,564,0,564,1014
12/10/2002,LGB,CA,AWP,WE,Towers with Display (VFR),0,0,0,0,0,67,28,382,1,478,67,28,382,1,478,464,0,464,942
12/11/2002,LGB,CA,AWP,WE,Towers with Display (VFR),82,16,127,1,226,0,17,324,0,341,82,33,451,1,567,388,0,388,955
12/12/2002,LGB,CA,AWP,WE,Towers with Display (VFR),78,14,138,0,230,0,23,296,0,319,78,37,434,0,549,370,0,370,919
12/13/2002,LGB,CA,AWP,WE,Towers with Display (VFR),77,15,86,0,178,0,2,289,0,291,77,17,375,0,469,378,0,378,847
12/14/2002,LGB,CA,AWP,WE,Towers with Display (VFR),57,4,106,0,167,0,3,327,0,330,57,7,433,0,497,588,0,588,1085
12/15/2002,LGB,CA,AWP,WE,Towers with Display (VFR),61,13,109,0,183,0,5,126,1,132,61,18,235,1,315,492,0,492,807
12/16/2002,LGB,CA,AWP,WE,Towers with Display (VFR),76,10,77,0,163,0,3,75,1,79,76,13,152,1,242,90,0,90,332
12/17/2002,LGB,CA,AWP,WE,Towers with Display (VFR),79,12,116,3,210,0,5,219,8,232,79,17,335,11,442,314,0,314,756
12/18/2002,LGB,CA,AWP,WE,Towers with Display (VFR),74,7,147,0,228,0,6,331,0,337,74,13,478,0,565,393,0,393,958
12/19/2002,LGB,CA,AWP,WE,Towers with Display (VFR),79,22,127,0,228,0,4,284,0,288,79,26,411,0,516,400,0,400,916
12/20/2002,LGB,CA,AWP,WE,Towers with Display (VFR),79,26,93,0,198,0,3,181,0,184,79,29,274,0,382,300,0,300,682
12/21/2002,LGB,CA,AWP,WE,Towers with Display (VFR),56,8,96,0,160,0,15,163,0,178,56,23,259,0,338,343,0,343,681
12/22/2002,LGB,CA,AWP,WE,Towers with Display (VFR),64,19,62,0,145,0,0,236,0,236,64,19,298,0,381,249,0,249,630
12/23/2002,LGB,CA,AWP,WE,Towers with Display (VFR),80,23,117,2,222,0,5,355,0,360,80,28,472,2,582,314,0,314,896
12/24/2002,LGB,CA,AWP,WE,Towers with Display (VFR),68,14,68,1,151,0,6,222,0,228,68,20,290,1,379,286,0,286,665
12/25/2002,LGB,CA,AWP,WE,Towers with Display (VFR),30,5,44,0,79,21,5,85,0,111,51,10,129,0,190,983,0,983,1173
12/26/2002,LGB,CA,AWP,WE,Towers with Display (VFR),70,12,103,0,185,1,7,253,0,261,71,19,356,0,446,276,0,276,722
12/27/2002,LGB,CA,AWP,WE,Towers with Display (VFR),75,9,88,2,174,0,9,297,1,307,75,18,385,3,481,237,0,237,718
12/28/2002,LGB,CA,AWP,WE,Towers with Display (VFR),0,0,0,0,0,28,5,249,1,283,28,5,249,1,283,297,0,297,580
12/29/2002,LGB,CA,AWP,WE,Towers with Display (VFR),64,4,74,0,142,1,3,255,0,259,65,7,329,0,401,313,0,313,714
12/30/2002,LGB,CA,AWP,WE,Towers with Display (VFR),76,10,76,1,163,0,10,279,2,291,76,20,355,3,454,501,0,501,955
12/31/2002,LGB,CA,AWP,WE,Towers with Display (VFR),65,13,104,0,182,0,4,292,2,298,65,17,396,2,480,492,0,492,972
01/01/2003,LGB,CA,AWP,WE,Towers with Display (VFR),41,7,60,0,108,21,0,182,0,203,62,7,242,0,311,278,0,278,589
01/02/2003,LGB,CA,AWP,WE,Towers with Display (VFR),77,10,118,0,205,0,8,313,0,321,77,18,431,0,526,516,0,516,1042
01/03/2003,LGB,CA,AWP,WE,Towers with Display (VFR),74,16,108,0,198,0,6,332,3,341,74,22,440,3,539,398,0,398,937
01/04/2003,LGB,CA,AWP,WE,Towers with Display (VFR),60,4,115,0,179,0,1,423,2,426,60,5,538,2,605,456,0,456,1061
01/05/2003,LGB,CA,AWP,WE,Towers with Display (VFR),63,7,92,0,162,0,0,353,0,353,63,7,445,0,515,462,0,462,977
01/06/2003,LGB,CA,AWP,WE,Towers with Display (VFR),75,18,63,2,158,0,7,181,1,189,75,25,244,3,347,277,0,277,624
01/07/2003,LGB,CA,AWP,WE,Towers with Display (VFR),76,13,72,0,161,0,2,166,0,168,76,15,238,0,329,325,0,325,654
01/08/2003,LGB,CA,AWP,WE,Towers with Display (VFR),74,13,120,0,207,0,7,288,0,295,74,20,408,0,502,446,0,446,948
01/09/2003,LGB,CA,AWP,WE,Towers with Display (VFR),78,13,118,0,209,0,10,188,0,198,78,23,306,0,407,403,0,403,810
01/10/2003,LGB,CA,AWP,WE,Towers with Display (VFR),76,17,115,0,208,0,3,224,3,230,76,20,339,3,438,496,0,496,934
01/11/2003,LGB,CA,AWP,WE,Towers with Display (VFR),60,2,118,4,184,0,0,267,3,270,60,2,385,7,454,426,0,426,880
01/12/2003,LGB,CA,AWP,WE,Towers with Display (VFR),65,7,141,1,214,0,4,139,2,145,65,11,280,3,359,267,0,267,626
01/13/2003,LGB,CA,AWP,WE,Towers with Display (VFR),75,19,105,5,204,0,4,258,0,262,75,23,363,5,466,278,0,278,744
01/14/2003,LGB,CA,AWP,WE,Towers with Display (VFR),80,20,188,2,290,0,0,109,0,109,80,20,297,2,399,247,0,247,646
01/15/2003,LGB,CA,AWP,WE,Towers with Display (VFR),79,14,124,1,218,0,3,296,2,301,79,17,420,3,519,411,0,411,930
01/16/2003,LGB,CA,AWP,WE,Towers with Display (VFR),79,22,106,2,209,0,2,424,0,426,79,24,530,2,635,488,0,488,1123
01/17/2003,LGB,CA,AWP,WE,Towers with Display (VFR),76,11,129,1,217,0,6,431,1,438,76,17,560,2,655,415,0,415,1070
01/18/2003,LGB,CA,AWP,WE,Towers with Display (VFR),62,6,97,2,167,0,4,319,0,323,62,10,416,2,490,336,0,336,826
01/19/2003,LGB,CA,AWP,WE,Towers with Display (VFR),65,10,62,1,138,0,3,265,0,268,65,13,327,1,406,400,0,400,806
01/20/2003,LGB,CA,AWP,WE,Towers with Display (VFR),78,16,107,4,205,0,6,265,0,271,78,22,372,4,476,513,0,513,989
01/21/2003,LGB,CA,AWP,WE,Towers with Display (VFR),76,13,121,1,211,0,8,217,0,225,76,21,338,1,436,506,0,506,942
01/22/2003,LGB,CA,AWP,WE,Towers with Display (VFR),74,14,115,1,204,3,14,161,0,178,77,28,276,1,382,411,0,411,793
01/23/2003,LGB,CA,AWP,WE,Towers with Display (VFR),80,18,136,1,235,0,4,278,0,282,80,22,414,1,517,452,0,452,969
01/24/2003,LGB,CA,AWP,WE,Towers with Display (VFR),78,19,126,1,224,0,8,377,0,385,78,27,503,1,609,528,0,528,1137
01/25/2003,LGB,CA,AWP,WE,Towers with Display (VFR),61,6,102,1,170,0,3,421,0,424,61,9,523,1,594,457,0,457,1051
01/26/2003,LGB,CA,AWP,WE,Towers with Display (VFR),64,5,85,0,154,0,4,305,0,309,64,9,390,0,463,407,0,407,870
01/27/2003,LGB,CA,AWP,WE,Towers with Display (VFR),71,12,110,1,194,9,8,278,1,296,80,20,388,2,490,412,0,412,902
01/28/2003,LGB,CA,AWP,WE,Towers with Display (VFR),77,14,149,2,242,0,3,239,2,244,77,17,388,4,486,387,0,387,873
01/29/2003,LGB,CA,AWP,WE,Towers with Display (VFR),79,14,125,1,219,0,8,410,3,421,79,22,535,4,640,390,0,390,1030
01/30/2003,LGB,CA,AWP,WE,Towers with Display (VFR),76,18,138,0,232,0,9,370,0,379,76,27,508,0,611,473,0,473,1084
01/31/2003,LGB,CA,AWP,WE,Towers with Display (VFR),75,18,129,3,225,0,6,409,1,416,75,24,538,4,641,501,0,501,1142
02/01/2003,LGB,CA,AWP,WE,Towers with Display (VFR),61,4,72,1,138,2,0,336,0,338,63,4,408,1,476,296,0,296,772
02/02/2003,LGB,CA,AWP,WE,Towers with Display (VFR),62,6,86,4,158,2,0,406,0,408,64,6,492,4,566,490,0,490,1056
02/03/2003,LGB,CA,AWP,WE,Towers with Display (VFR),78,18,105,6,207,2,2,272,5,281,80,20,377,11,488,404,0,404,892
02/04/2003,LGB,CA,AWP,WE,Towers with Display (VFR),78,21,125,1,225,0,0,395,4,399,78,21,520,5,624,459,0,459,1083
02/05/2003,LGB,CA,AWP,WE,Towers with Display (VFR),76,21,110,1,208,0,1,415,0,416,76,22,525,1,624,404,0,404,1028
02/06/2003,LGB,CA,AWP,WE,Towers with Display (VFR),77,15,128,2,222,2,0,372,2,376,79,15,500,4,598,511,0,511,1109
02/07/2003,LGB,CA,AWP,WE,Towers with Display (VFR),74,14,105,1,194,2,1,366,2,371,76,15,471,3,565,493,0,493,1058
02/08/2003,LGB,CA,AWP,WE,Towers with Display (VFR),59,7,86,4,156,1,0,391,0,392,60,7,477,4,548,398,0,398,946
02/09/2003,LGB,CA,AWP,WE,Towers with Display (VFR),65,13,94,1,173,0,0,365,0,365,65,13,459,1,538,506,0,506,1044
02/10/2003,LGB,CA,AWP,WE,Towers with Display (VFR),80,15,85,4,184,1,2,361,1,365,81,17,446,5,549,430,0,430,979
02/11/2003,LGB,CA,AWP,WE,Towers with Display (VFR),84,10,104,2,200,1,0,89,0,90,85,10,193,2,290,72,0,72,362
02/12/2003,LGB,CA,AWP,WE,Towers with Display (VFR),79,19,62,5,165,1,0,65,1,67,80,19,127,6,232,52,0,52,284
02/13/2003,LGB,CA,AWP,WE,Towers with Display (VFR),76,19,135,0,230,1,1,160,0,162,77,20,295,0,392,214,0,214,606
02/14/2003,LGB,CA,AWP,WE,Towers with Display (VFR),76,13,129,4,222,1,12,346,1,360,77,25,475,5,582,536,0,536,1118
02/15/2003,LGB,CA,AWP,WE,Towers with Display (VFR),59,14,113,0,186,1,1,173,0,175,60,15,286,0,361,508,0,508,869
02/16/2003,LGB,CA,AWP,WE,Towers with Display (VFR),60,7,83,0,150,1,0,199,2,202,61,7,282,2,352,421,0,421,773
02/17/2003,LGB,CA,AWP,WE,Towers with Display (VFR),61,18,93,0,172,1,8,274,0,283,62,26,367,0,455,470,0,470,925
02/18/2003,LGB,CA,AWP,WE,Towers with Display (VFR),73,19,103,1,196,5,0,313,1,319,78,19,416,2,515,572,0,572,1087
02/19/2003,LGB,CA,AWP,WE,Towers with Display (VFR),76,17,108,1,202,0,0,272,5,277,76,17,380,6,479,651,0,651,1130
02/20/2003,LGB,CA,AWP,WE,Towers with Display (VFR),83,19,121,0,223,1,0,349,0,350,84,19,470,0,573,455,0,455,1028
02/21/2003,LGB,CA,AWP,WE,Towers with Display (VFR),75,19,133,0,227,1,1,412,2,416,76,20,545,2,643,454,0,454,1097
02/22/2003,LGB,CA,AWP,WE,Towers with Display (VFR),62,11,126,0,199,1,0,378,0,379,63,11,504,0,578,358,0,358,936
02/23/2003,LGB,CA,AWP,WE,Towers with Display (VFR),63,5,106,0,174,0,0,230,0,230,63,5,336,0,404,430,0,430,834
02/24/2003,LGB,CA,AWP,WE,Towers with Display (VFR),75,22,73,0,170,1,6,195,2,204,76,28,268,2,374,284,0,284,658
02/25/2003,LGB,CA,AWP,WE,Towers with Display (VFR),81,18,81,0,180,1,5,195,0,201,82,23,276,0,381,254,0,254,635
02/26/2003,LGB,CA,AWP,WE,Towers with Display (VFR),75,19,109,1,204,0,15,345,1,361,75,34,454,2,565,480,0,480,1045
02/27/2003,LGB,CA,AWP,WE,Towers with Display (VFR),80,15,103,1,199,1,3,199,1,204,81,18,302,2,403,303,0,303,706
02/28/2003,LGB,CA,AWP,WE,Towers with Display (VFR),82,13,117,0,212,1,9,392,0,402,83,22,509,0,614,594,0,594,1208
03/01/2003,LGB,CA,AWP,WE,Towers with Display (VFR),59,11,113,0,183,1,7,325,0,333,60,18,438,0,516,421,0,421,937
03/02/2003,LGB,CA,AWP,WE,Towers with Display (VFR),66,12,117,1,196,0,4,329,1,334,66,16,446,2,530,376,0,376,906
03/03/2003,LGB,CA,AWP,WE,Towers with Display (VFR),79,17,97,0,193,2,6,198,0,206,81,23,295,0,399,341,0,341,740
03/04/2003,LGB,CA,AWP,WE,Towers with Display (VFR),79,17,139,0,235,1,6,256,1,264,80,23,395,1,499,487,0,487,986
03/05/2003,LGB,CA,AWP,WE,Towers with Display (VFR),79,16,116,1,212,4,15,356,4,379,83,31,472,5,591,542,0,542,1133
03/06/2003,LGB,CA,AWP,WE,Towers with Display (VFR),78,31,112,4,225,1,15,480,2,498,79,46,592,6,723,439,0,439,1162
03/07/2003,LGB,CA,AWP,WE,Towers with Display (VFR),78,16,97,0,191,1,5,326,0,332,79,21,423,0,523,509,0,509,1032
03/08/2003,LGB,CA,AWP,WE,Towers with Display (VFR),60,6,99,4,169,1,4,406,8,419,61,10,505,12,588,475,0,475,1063
03/09/2003,LGB,CA,AWP,WE,Towers with Display (VFR),61,18,120,0,199,1,0,268,2,271,62,18,388,2,470,302,0,302,772
03/10/2003,LGB,CA,AWP,WE,Towers with Display (VFR),77,10,82,0,169,1,6,263,0,270,78,16,345,0,439,458,0,458,897
03/11/2003,LGB,CA,AWP,WE,Towers with Display (VFR),68,14,99,1,182,12,5,237,0,254,80,19,336,1,436,473,0,473,909
03/12/2003,LGB,CA,AWP,WE,Towers with Display (VFR),76,15,110,0,201,3,6,298,0,307,79,21,408,0,508,565,0,565,1073
03/13/2003,LGB,CA,AWP,WE,Towers with Display (VFR),82,25,143,0,250,1,4,235,0,240,83,29,378,0,490,470,0,470,960
03/14/2003,LGB,CA,AWP,WE,Towers with Display (VFR),78,16,141,1,236,1,9,243,1,254,79,25,384,2,490,451,0,451,941
03/15/2003,LGB,CA,AWP,WE,Towers with Display (VFR),62,5,52,0,119,1,0,0,0,1,63,5,52,0,120,8,0,8,128
03/16/2003,LGB,CA,AWP,WE,Towers with Display (VFR),67,9,102,2,180,0,3,266,3,272,67,12,368,5,452,357,0,357,809
03/17/2003,LGB,CA,AWP,WE,Towers with Display (VFR),78,21,73,2,174,0,6,230,0,236,78,27,303,2,410,426,0,426,836
03/18/2003,LGB,CA,AWP,WE,Towers with Display (VFR),82,17,64,2,165,0,15,231,2,248,82,32,295,4,413,258,0,258,671
03/19/2003,LGB,CA,AWP,WE,Towers with Display (VFR),80,12,115,0,207,0,50,338,4,392,80,62,453,4,599,572,0,572,1171
03/20/2003,LGB,CA,AWP,WE,Towers with Display (VFR),83,21,159,0,263,0,6,390,0,396,83,27,549,0,659,600,0,600,1259
03/21/2003,LGB,CA,AWP,WE,Towers with Display (VFR),82,17,102,0,201,0,21,392,4,417,82,38,494,4,618,669,0,669,1287
03/22/2003,LGB,CA,AWP,WE,Towers with Display (VFR),61,7,89,0,157,0,5,375,2,382,61,12,464,2,539,465,0,465,1004
03/23/2003,LGB,CA,AWP,WE,Towers with Display (VFR),65,6,109,0,180,0,2,259,4,265,65,8,368,4,445,352,0,352,797
03/24/2003,LGB,CA,AWP,WE,Towers with Display (VFR),80,13,105,6,204,0,8,171,9,188,80,21,276,15,392,587,0,587,979
03/25/2003,LGB,CA,AWP,WE,Towers with Display (VFR),85,23,133,4,245,0,13,330,2,345,85,36,463,6,590,632,0,632,1222
03/26/2003,LGB,CA,AWP,WE,Towers with Display (VFR),82,14,142,0,238,0,4,349,1,354,82,18,491,1,592,425,0,425,1017
03/27/2003,LGB,CA,AWP,WE,Towers with Display (VFR),81,22,124,2,229,0,7,331,5,343,81,29,455,7,572,354,0,354,926
03/28/2003,LGB,CA,AWP,WE,Towers with Display (VFR),82,15,85,1,183,0,13,296,0,309,82,28,381,1,492,441,0,441,933
03/29/2003,LGB,CA,AWP,WE,Towers with Display (VFR),68,10,91,0,169,0,8,331,3,342,68,18,422,3,511,389,0,389,900
03/30/2003,LGB,CA,AWP,WE,Towers with Display (VFR),67,11,114,1,193,0,0,291,8,299,67,11,405,9,492,455,0,455,947
03/31/2003,LGB,CA,AWP,WE,Towers with Display (VFR),80,7,128,2,217,0,15,377,2,394,80,22,505,4,611,666,0,666,1277
04/01/2003,LGB,CA,AWP,WE,Towers with Display (VFR),64,12,96,0,172,16,7,277,0,300,80,19,373,0,472,462,0,462,934
04/02/2003,LGB,CA,AWP,WE,Towers with Display (VFR),78,15,121,1,215,0,8,311,3,322,78,23,432,4,537,505,0,505,1042
04/03/2003,LGB,CA,AWP,WE,Towers with Display (VFR),79,16,126,2,223,1,19,388,2,410,80,35,514,4,633,476,0,476,1109
04/04/2003,LGB,CA,AWP,WE,Towers with Display (VFR),78,12,92,0,182,1,8,294,0,303,79,20,386,0,485,403,0,403,888
04/05/2003,LGB,CA,AWP,WE,Towers with Display (VFR),58,4,81,2,145,1,3,226,0,230,59,7,307,2,375,344,0,344,719
04/06/2003,LGB,CA,AWP,WE,Towers with Display (VFR),62,8,93,1,164,0,0,313,1,314,62,8,406,2,478,392,0,392,870
04/07/2003,LGB,CA,AWP,WE,Towers with Display (VFR),74,14,99,0,187,1,4,347,0,352,75,18,446,0,539,349,0,349,888
04/08/2003,LGB,CA,AWP,WE,Towers with Display (VFR),79,15,96,2,192,1,14,430,3,448,80,29,526,5,640,487,0,487,1127
04/09/2003,LGB,CA,AWP,WE,Towers with Display (VFR),72,13,108,1,194,8,7,369,0,384,80,20,477,1,578,522,0,522,1100
04/10/2003,LGB,CA,AWP,WE,Towers with Display (VFR),83,17,121,4,225,1,1,309,3,314,84,18,430,7,539,435,0,435,974
04/11/2003,LGB,CA,AWP,WE,Towers with Display (VFR),77,25,128,1,231,1,6,298,3,308,78,31,426,4,539,553,0,553,1092
04/12/2003,LGB,CA,AWP,WE,Towers with Display (VFR),61,13,129,0,203,1,5,327,0,333,62,18,456,0,536,505,0,505,1041
04/13/2003,LGB,CA,AWP,WE,Towers with Display (VFR),69,13,101,7,190,1,1,193,6,201,70,14,294,13,391,294,0,294,685
04/14/2003,LGB,CA,AWP,WE,Towers with Display (VFR),78,23,92,3,196,1,8,114,1,124,79,31,206,4,320,276,0,276,596
04/15/2003,LGB,CA,AWP,WE,Towers with Display (VFR),79,16,100,5,200,2,7,328,3,340,81,23,428,8,540,500,0,500,1040
04/16/2003,LGB,CA,AWP,WE,Towers with Display (VFR),78,16,133,2,229,0,4,353,2,359,78,20,486,4,588,532,0,532,1120
04/17/2003,LGB,CA,AWP,WE,Towers with Display (VFR),80,16,117,1,214,1,11,240,1,253,81,27,357,2,467,531,0,531,998
04/18/2003,LGB,CA,AWP,WE,Towers with Display (VFR),78,17,107,1,203,1,8,296,0,305,79,25,403,1,508,443,0,443,951
04/19/2003,LGB,CA,AWP,WE,Towers with Display (VFR),61,7,94,3,165,1,1,382,3,387,62,8,476,6,552,537,0,537,1089
04/20/2003,LGB,CA,AWP,WE,Towers with Display (VFR),67,7,56,0,130,0,3,199,9,211,67,10,255,9,341,453,0,453,794
04/21/2003,LGB,CA,AWP,WE,Towers with Display (VFR),79,13,104,0,196,0,7,189,0,196,79,20,293,0,392,506,0,506,898
04/22/2003,LGB,CA,AWP,WE,Towers with Display (VFR),78,13,114,1,206,9,7,343,8,367,87,20,457,9,573,563,0,563,1136
04/23/2003,LGB,CA,AWP,WE,Towers with Display (VFR),79,15,134,2,230,0,16,402,0,418,79,31,536,2,648,561,0,561,1209
04/24/2003,LGB,CA,AWP,WE,Towers with Display (VFR),79,16,141,1,237,0,8,363,0,371,79,24,504,1,608,468,0,468,1076
04/25/2003,LGB,CA,AWP,WE,Towers with Display (VFR),79,13,135,0,227,0,6,242,0,248,79,19,377,0,475,487,0,487,962
04/26/2003,LGB,CA,AWP,WE,Towers with Display (VFR),64,3,88,2,157,0,5,375,0,380,64,8,463,2,537,648,0,648,1185
04/27/2003,LGB,CA,AWP,WE,Towers with Display (VFR),65,8,97,0,170,0,5,227,0,232,65,13,324,0,402,477,0,477,879
04/28/2003,LGB,CA,AWP,WE,Towers with Display (VFR),75,13,130,1,219,0,11,262,0,273,75,24,392,1,492,474,0,474,966
04/29/2003,LGB,CA,AWP,WE,Towers with Display (VFR),81,15,129,2,227,0,12,385,4,401,81,27,514,6,628,615,0,615,1243
04/30/2003,LGB,CA,AWP,WE,Towers with Display (VFR),74,15,125,2,216,0,16,388,2,406,74,31,513,4,622,471,2,473,1095
05/01/2003,LGB,CA,AWP,WE,Towers with Display (VFR),75,14,95,3,187,1,6,398,1,406,76,20,493,4,593,649,0,649,1242
05/02/2003,LGB,CA,AWP,WE,Towers with Display (VFR),71,17,127,4,219,1,3,265,4,273,72,20,392,8,492,709,0,709,1201
05/03/2003,LGB,CA,AWP,WE,Towers with Display (VFR),50,8,77,0,135,8,0,66,1,75,58,8,143,1,210,258,0,258,468
05/04/2003,LGB,CA,AWP,WE,Towers with Display (VFR),63,15,109,0,187,1,3,258,0,262,64,18,367,0,449,411,0,411,860
05/05/2003,LGB,CA,AWP,WE,Towers with Display (VFR),72,15,110,0,197,1,4,235,3,243,73,19,345,3,440,415,0,415,855
05/06/2003,LGB,CA,AWP,WE,Towers with Display (VFR),75,16,113,0,204,9,8,295,2,314,84,24,408,2,518,543,0,543,1061
05/07/2003,LGB,CA,AWP,WE,Towers with Display (VFR),77,16,125,2,220,0,2,245,2,249,77,18,370,4,469,570,0,570,1039
05/08/2003,LGB,CA,AWP,WE,Towers with Display (VFR),79,7,131,3,220,1,11,333,2,347,80,18,464,5,567,614,0,614,1181
05/09/2003,LGB,CA,AWP,WE,Towers with Display (VFR),80,11,86,2,179,1,8,324,1,334,81,19,410,3,513,517,0,517,1030
05/10/2003,LGB,CA,AWP,WE,Towers with Display (VFR),64,5,78,2,149,1,2,390,1,394,65,7,468,3,543,470,0,470,1013
05/11/2003,LGB,CA,AWP,WE,Towers with Display (VFR),71,5,76,0,152,1,3,216,2,222,72,8,292,2,374,278,0,278,652
05/12/2003,LGB,CA,AWP,WE,Towers with Display (VFR),82,9,113,1,205,1,11,311,1,324,83,20,424,2,529,462,0,462,991
05/13/2003,LGB,CA,AWP,WE,Towers with Display (VFR),79,15,120,0,214,5,18,340,1,364,84,33,460,1,578,538,0,538,1116
05/14/2003,LGB,CA,AWP,WE,Towers with Display (VFR),83,19,127,4,233,1,6,286,10,303,84,25,413,14,536,496,0,496,1032
05/15/2003,LGB,CA,AWP,WE,Towers with Display (VFR),85,20,115,0,220,1,14,286,0,301,86,34,401,0,521,510,0,510,1031
05/16/2003,LGB,CA,AWP,WE,Towers with Display (VFR),80,19,118,1,218,1,4,419,1,425,81,23,537,2,643,437,0,437,1080
05/17/2003,LGB,CA,AWP,WE,Towers with Display (VFR),65,7,88,0,160,1,1,258,3,263,66,8,346,3,423,516,0,516,939
05/18/2003,LGB,CA,AWP,WE,Towers with Display (VFR),67,9,95,1,172,2,7,285,3,297,69,16,380,4,469,546,0,546,1015
05/19/2003,LGB,CA,AWP,WE,Towers with Display (VFR),82,12,104,1,199,1,8,244,2,255,83,20,348,3,454,454,0,454,908
05/20/2003,LGB,CA,AWP,WE,Towers with Display (VFR),81,16,129,1,227,0,11,297,2,310,81,27,426,3,537,462,0,462,999
05/21/2003,LGB,CA,AWP,WE,Towers with Display (VFR),84,17,140,1,242,0,19,351,0,370,84,36,491,1,612,501,0,501,1113
05/22/2003,LGB,CA,AWP,WE,Towers with Display (VFR),87,20,162,1,270,1,1,196,1,199,88,21,358,2,469,385,0,385,854
05/23/2003,LGB,CA,AWP,WE,Towers with Display (VFR),82,30,180,0,292,1,2,145,0,148,83,32,325,0,440,443,0,443,883
05/24/2003,LGB,CA,AWP,WE,Towers with Display (VFR),63,7,105,0,175,1,8,91,1,101,64,15,196,1,276,370,0,370,646
05/25/2003,LGB,CA,AWP,WE,Towers with Display (VFR),58,10,98,0,166,0,0,172,1,173,58,10,270,1,339,490,0,490,829
05/26/2003,LGB,CA,AWP,WE,Towers with Display (VFR),70,14,117,0,201,1,3,329,0,333,71,17,446,0,534,398,0,398,932
05/27/2003,LGB,CA,AWP,WE,Towers with Display (VFR),82,16,126,1,225,4,36,206,0,246,86,52,332,1,471,375,0,375,846
05/28/2003,LGB,CA,AWP,WE,Towers with Display (VFR),81,15,121,0,217,1,10,264,0,275,82,25,385,0,492,375,0,375,867
05/29/2003,LGB,CA,AWP,WE,Towers with Display (VFR),82,20,159,0,261,0,7,199,0,206,82,27,358,0,467,343,0,343,810
05/30/2003,LGB,CA,AWP,WE,Towers with Display (VFR),85,13,154,0,252,0,4,259,1,264,85,17,413,1,516,458,0,458,974
05/31/2003,LGB,CA,AWP,WE,Towers with Display (VFR),66,9,80,0,155,0,3,250,0,253,66,12,330,0,408,570,0,570,978
06/01/2003,LGB,CA,AWP,WE,Towers with Display (VFR),73,8,97,1,179,0,3,204,0,207,73,11,301,1,386,474,0,474,860
06/02/2003,LGB,CA,AWP,WE,Towers with Display (VFR),82,14,137,1,234,0,1,84,0,85,82,15,221,1,319,386,0,386,705
06/03/2003,LGB,CA,AWP,WE,Towers with Display (VFR),85,15,137,0,237,0,9,206,0,215,85,24,343,0,452,417,0,417,869
06/04/2003,LGB,CA,AWP,WE,Towers with Display (VFR),81,13,129,1,224,5,27,289,1,322,86,40,418,2,546,652,0,652,1198
06/05/2003,LGB,CA,AWP,WE,Towers with Display (VFR),83,14,145,2,244,0,6,152,1,159,83,20,297,3,403,623,0,623,1026
06/06/2003,LGB,CA,AWP,WE,Towers with Display (VFR),85,9,154,2,250,0,6,126,0,132,85,15,280,2,382,506,0,506,888
06/07/2003,LGB,CA,AWP,WE,Towers with Display (VFR),68,5,116,0,189,0,0,153,2,155,68,5,269,2,344,465,0,465,809
06/08/2003,LGB,CA,AWP,WE,Towers with Display (VFR),71,7,160,1,239,0,3,79,0,82,71,10,239,1,321,294,0,294,615
06/09/2003,LGB,CA,AWP,WE,Towers with Display (VFR),85,20,112,4,221,0,10,166,1,177,85,30,278,5,398,474,0,474,872
06/10/2003,LGB,CA,AWP,WE,Towers with Display (VFR),86,23,146,2,257,0,6,235,0,241,86,29,381,2,498,632,0,632,1130
06/11/2003,LGB,CA,AWP,WE,Towers with Display (VFR),75,13,121,1,210,11,13,271,4,299,86,26,392,5,509,660,0,660,1169
06/12/2003,LGB,CA,AWP,WE,Towers with Display (VFR),85,14,135,0,234,2,11,319,0,332,87,25,454,0,566,808,0,808,1374
06/13/2003,LGB,CA,AWP,WE,Towers with Display (VFR),88,20,138,0,246,0,10,305,1,316,88,30,443,1,562,573,0,573,1135
06/14/2003,LGB,CA,AWP,WE,Towers with Display (VFR),69,4,104,2,179,0,7,400,0,407,69,11,504,2,586,629,0,629,1215
06/15/2003,LGB,CA,AWP,WE,Towers with Display (VFR),80,12,126,2,220,0,1,293,0,294,80,13,419,2,514,413,0,413,927
06/16/2003,LGB,CA,AWP,WE,Towers with Display (VFR),94,14,132,2,242,0,0,146,2,148,94,14,278,4,390,301,0,301,691
06/17/2003,LGB,CA,AWP,WE,Towers with Display (VFR),80,37,150,1,268,0,4,260,4,268,80,41,410,5,536,449,0,449,985
06/18/2003,LGB,CA,AWP,WE,Towers with Display (VFR),87,17,160,1,265,0,6,211,0,217,87,23,371,1,482,483,0,483,965
06/19/2003,LGB,CA,AWP,WE,Towers with Display (VFR),91,18,154,1,264,0,13,197,1,211,91,31,351,2,475,662,0,662,1137
06/20/2003,LGB,CA,AWP,WE,Towers with Display (VFR),86,30,135,1,252,0,7,204,0,211,86,37,339,1,463,454,0,454,917
06/21/2003,LGB,CA,AWP,WE,Towers with Display (VFR),70,5,160,0,235,0,5,228,2,235,70,10,388,2,470,588,0,588,1058
06/22/2003,LGB,CA,AWP,WE,Towers with Display (VFR),73,5,115,0,193,3,0,171,1,175,76,5,286,1,368,553,0,553,921
06/23/2003,LGB,CA,AWP,WE,Towers with Display (VFR),85,15,110,4,214,0,0,263,0,263,85,15,373,4,477,226,0,226,703
06/24/2003,LGB,CA,AWP,WE,Towers with Display (VFR),86,8,134,0,228,0,8,367,4,379,86,16,501,4,607,357,0,357,964
06/25/2003,LGB,CA,AWP,WE,Towers with Display (VFR),86,11,117,0,214,0,6,418,0,424,86,17,535,0,638,421,14,435,1073
06/26/2003,LGB,CA,AWP,WE,Towers with Display (VFR),85,15,135,1,236,3,11,382,3,399,88,26,517,4,635,444,0,444,1079
06/27/2003,LGB,CA,AWP,WE,Towers with Display (VFR),86,16,103,1,206,0,12,221,1,234,86,28,324,2,440,303,0,303,743
06/28/2003,LGB,CA,AWP,WE,Towers with Display (VFR),70,9,113,0,192,0,0,245,0,245,70,9,358,0,437,521,0,521,958
06/29/2003,LGB,CA,AWP,WE,Towers with Display (VFR),76,7,135,1,219,0,0,252,0,252,76,7,387,1,471,378,0,378,849
06/30/2003,LGB,CA,AWP,WE,Towers with Display (VFR),85,15,95,0,195,0,7,256,2,265,85,22,351,2,460,441,0,441,901
07/01/2003,LGB,CA,AWP,WE,Towers with Display (VFR),85,11,107,0,203,1,7,333,0,341,86,18,440,0,544,615,0,615,1159
07/02/2003,LGB,CA,AWP,WE,Towers with Display (VFR),87,17,124,2,230,0,19,309,2,330,87,36,433,4,560,509,0,509,1069
07/03/2003,LGB,CA,AWP,WE,Towers with Display (VFR),92,11,110,1,214,1,17,343,1,362,93,28,453,2,576,332,0,332,908
07/04/2003,LGB,CA,AWP,WE,Towers with Display (VFR),65,8,31,0,104,0,3,321,0,324,65,11,352,0,428,295,0,295,723
07/05/2003,LGB,CA,AWP,WE,Towers with Display (VFR),67,9,62,0,138,0,5,359,2,366,67,14,421,2,504,488,0,488,992
07/06/2003,LGB,CA,AWP,WE,Towers with Display (VFR),74,5,83,3,165,0,2,286,0,288,74,7,369,3,453,426,0,426,879
07/07/2003,LGB,CA,AWP,WE,Towers with Display (VFR),86,7,92,1,186,0,15,236,0,251,86,22,328,1,437,277,0,277,714
07/08/2003,LGB,CA,AWP,WE,Towers with Display (VFR),85,18,125,0,228,0,9,230,0,239,85,27,355,0,467,453,0,453,920
07/09/2003,LGB,CA,AWP,WE,Towers with Display (VFR),86,19,123,0,228,0,3,256,0,259,86,22,379,0,487,465,0,465,952
07/10/2003,LGB,CA,AWP,WE,Towers with Display (VFR),86,19,160,1,266,0,0,167,0,167,86,19,327,1,433,328,0,328,761
07/11/2003,LGB,CA,AWP,WE,Towers with Display (VFR),85,19,98,1,203,0,8,233,1,242,85,27,331,2,445,375,0,375,820
07/12/2003,LGB,CA,AWP,WE,Towers with Display (VFR),70,9,101,0,180,0,2,300,0,302,70,11,401,0,482,423,0,423,905
07/13/2003,LGB,CA,AWP,WE,Towers with Display (VFR),77,7,81,0,165,0,3,271,1,275,77,10,352,1,440,280,0,280,720
07/14/2003,LGB,CA,AWP,WE,Towers with Display (VFR),87,23,86,3,199,0,5,262,0,267,87,28,348,3,466,331,0,331,797
07/15/2003,LGB,CA,AWP,WE,Towers with Display (VFR),40,6,90,4,140,0,4,97,2,103,40,10,187,6,243,225,0,225,468
07/16/2003,LGB,CA,AWP,WE,Towers with Display (VFR),84,18,104,0,206,0,41,270,0,311,84,59,374,0,517,592,0,592,1109
07/17/2003,LGB,CA,AWP,WE,Towers with Display (VFR),85,25,109,0,219,0,15,338,1,354,85,40,447,1,573,504,0,504,1077
07/18/2003,LGB,CA,AWP,WE,Towers with Display (VFR),83,26,133,4,246,0,2,153,0,155,83,28,286,4,401,365,0,365,766
07/19/2003,LGB,CA,AWP,WE,Towers with Display (VFR),73,11,76,0,160,0,2,327,1,330,73,13,403,1,490,454,0,454,944
07/20/2003,LGB,CA,AWP,WE,Towers with Display (VFR),76,8,94,0,178,0,14,283,0,297,76,22,377,0,475,440,0,440,915
07/21/2003,LGB,CA,AWP,WE,Towers with Display (VFR),87,38,87,0,212,0,6,300,0,306,87,44,387,0,518,369,0,369,887
07/22/2003,LGB,CA,AWP,WE,Towers with Display (VFR),85,17,102,4,208,0,7,312,5,324,85,24,414,9,532,423,0,423,955
07/23/2003,LGB,CA,AWP,WE,Towers with Display (VFR),84,18,132,3,237,0,10,299,9,318,84,28,431,12,555,461,6,467,1022
07/24/2003,LGB,CA,AWP,WE,Towers with Display (VFR),85,18,144,0,247,0,11,309,1,321,85,29,453,1,568,511,0,511,1079
07/25/2003,LGB,CA,AWP,WE,Towers with Display (VFR),83,33,133,1,250,0,4,273,1,278,83,37,406,2,528,552,0,552,1080
07/26/2003,LGB,CA,AWP,WE,Towers with Display (VFR),69,6,104,0,179,0,4,359,1,364,69,10,463,1,543,504,0,504,1047
07/27/2003,LGB,CA,AWP,WE,Towers with Display (VFR),75,17,89,0,181,0,2,249,0,251,75,19,338,0,432,274,0,274,706
07/28/2003,LGB,CA,AWP,WE,Towers with Display (VFR),82,17,86,1,186,0,10,316,0,326,82,27,402,1,512,374,0,374,886
07/29/2003,LGB,CA,AWP,WE,Towers with Display (VFR),85,16,112,3,216,0,9,213,1,223,85,25,325,4,439,518,14,532,971
07/30/2003,LGB,CA,AWP,WE,Towers with Display (VFR),85,16,110,1,212,0,10,256,0,266,85,26,366,1,478,406,0,406,884
07/31/2003,LGB,CA,AWP,WE,Towers with Display (VFR),88,18,119,0,225,0,9,286,2,297,88,27,405,2,522,354,0,354,876
08/01/2003,LGB,CA,AWP,WE,Towers with Display (VFR),83,19,70,4,176,0,10,332,3,345,83,29,402,7,521,529,0,529,1050
08/02/2003,LGB,CA,AWP,WE,Towers with Display (VFR),76,4,81,0,161,0,6,367,1,374,76,10,448,1,535,513,0,513,1048
08/03/2003,LGB,CA,AWP,WE,Towers with Display (VFR),75,5,73,4,157,0,2,291,0,293,75,7,364,4,450,421,0,421,871
08/04/2003,LGB,CA,AWP,WE,Towers with Display (VFR),87,13,93,0,193,0,12,274,0,286,87,25,367,0,479,322,0,322,801
08/05/2003,LGB,CA,AWP,WE,Towers with Display (VFR),86,20,100,0,206,0,15,421,0,436,86,35,521,0,642,474,0,474,1116
08/06/2003,LGB,CA,AWP,WE,Towers with Display (VFR),43,7,79,2,131,43,20,419,0,482,86,27,498,2,613,578,0,578,1191
08/07/2003,LGB,CA,AWP,WE,Towers with Display (VFR),88,16,136,6,246,0,23,409,3,435,88,39,545,9,681,623,0,623,1304
08/08/2003,LGB,CA,AWP,WE,Towers with Display (VFR),87,14,102,3,206,0,11,333,3,347,87,25,435,6,553,468,0,468,1021
08/09/2003,LGB,CA,AWP,WE,Towers with Display (VFR),70,5,60,0,135,0,3,348,1,352,70,8,408,1,487,457,0,457,944
08/10/2003,LGB,CA,AWP,WE,Towers with Display (VFR),77,13,71,0,161,0,1,280,0,281,77,14,351,0,442,458,0,458,900
08/11/2003,LGB,CA,AWP,WE,Towers with Display (VFR),85,15,82,0,182,0,8,276,1,285,85,23,358,1,467,509,0,509,976
08/12/2003,LGB,CA,AWP,WE,Towers with Display (VFR),88,9,94,1,192,0,9,359,4,372,88,18,453,5,564,593,0,593,1157
08/13/2003,LGB,CA,AWP,WE,Towers with Display (VFR),84,16,74,7,181,0,9,332,3,344,84,25,406,10,525,649,0,649,1174
08/14/2003,LGB,CA,AWP,WE,Towers with Display (VFR),84,18,90,0,192,0,11,277,0,288,84,29,367,0,480,491,0,491,971
08/15/2003,LGB,CA,AWP,WE,Towers with Display (VFR),75,21,94,1,191,0,5,159,6,170,75,26,253,7,361,331,0,331,692
08/16/2003,LGB,CA,AWP,WE,Towers with Display (VFR),68,2,90,6,166,0,8,323,4,335,68,10,413,10,501,502,0,502,1003
08/17/2003,LGB,CA,AWP,WE,Towers with Display (VFR),72,11,68,1,152,0,1,314,1,316,72,12,382,2,468,360,0,360,828
08/18/2003,LGB,CA,AWP,WE,Towers with Display (VFR),87,15,87,2,191,0,11,325,2,338,87,26,412,4,529,621,0,621,1150
08/19/2003,LGB,CA,AWP,WE,Towers with Display (VFR),87,23,85,4,199,0,9,340,1,350,87,32,425,5,549,517,0,517,1066
08/20/2003,LGB,CA,AWP,WE,Towers with Display (VFR),85,12,80,6,183,0,8,286,4,298,85,20,366,10,481,480,0,480,961
08/21/2003,LGB,CA,AWP,WE,Towers with Display (VFR),88,22,109,2,221,0,6,389,4,399,88,28,498,6,620,395,0,395,1015
08/22/2003,LGB,CA,AWP,WE,Towers with Display (VFR),83,19,97,0,199,0,16,335,0,351,83,35,432,0,550,538,0,538,1088
08/23/2003,LGB,CA,AWP,WE,Towers with Display (VFR),69,11,83,1,164,0,6,374,0,380,69,17,457,1,544,412,0,412,956
08/24/2003,LGB,CA,AWP,WE,Towers with Display (VFR),75,3,100,0,178,0,4,323,0,327,75,7,423,0,505,491,0,491,996
08/25/2003,LGB,CA,AWP,WE,Towers with Display (VFR),85,12,80,5,182,0,5,362,2,369,85,17,442,7,551,492,0,492,1043
08/26/2003,LGB,CA,AWP,WE,Towers with Display (VFR),85,17,94,1,197,0,11,362,2,375,85,28,456,3,572,571,0,571,1143
08/27/2003,LGB,CA,AWP,WE,Towers with Display (VFR),87,16,103,3,209,0,10,326,2,338,87,26,429,5,547,550,0,550,1097
08/28/2003,LGB,CA,AWP,WE,Towers with Display (VFR),91,14,111,1,217,3,18,400,1,422,94,32,511,2,639,510,0,510,1149
08/29/2003,LGB,CA,AWP,WE,Towers with Display (VFR),84,10,89,0,183,0,13,317,0,330,84,23,406,0,513,518,0,518,1031
08/30/2003,LGB,CA,AWP,WE,Towers with Display (VFR),66,8,75,0,149,0,4,337,0,341,66,12,412,0,490,530,0,530,1020
08/31/2003,LGB,CA,AWP,WE,Towers with Display (VFR),65,11,67,0,143,0,11,251,10,272,65,22,318,10,415,505,0,505,920
09/01/2003,LGB,CA,AWP,WE,Towers with Display (VFR),74,8,83,0,165,1,1,235,0,237,75,9,318,0,402,351,0,351,753
09/02/2003,LGB,CA,AWP,WE,Towers with Display (VFR),82,13,86,2,183,1,11,262,1,275,83,24,348,3,458,364,6,370,828
09/03/2003,LGB,CA,AWP,WE,Towers with Display (VFR),84,14,108,0,206,1,8,349,4,362,85,22,457,4,568,458,0,458,1026
09/04/2003,LGB,CA,AWP,WE,Towers with Display (VFR),87,20,123,2,232,1,7,348,2,358,88,27,471,4,590,586,0,586,1176
09/05/2003,LGB,CA,AWP,WE,Towers with Display (VFR),80,23,101,0,204,1,12,322,0,335,81,35,423,0,539,318,0,318,857
09/06/2003,LGB,CA,AWP,WE,Towers with Display (VFR),70,7,68,1,146,1,4,377,0,382,71,11,445,1,528,460,0,460,988
09/07/2003,LGB,CA,AWP,WE,Towers with Display (VFR),74,10,61,0,145,1,0,378,0,379,75,10,439,0,524,388,0,388,912
09/08/2003,LGB,CA,AWP,WE,Towers with Display (VFR),83,19,76,0,178,1,7,248,1,257,84,26,324,1,435,345,0,345,780
09/09/2003,LGB,CA,AWP,WE,Towers with Display (VFR),82,20,108,5,215,1,9,294,0,304,83,29,402,5,519,535,0,535,1054
09/10/2003,LGB,CA,AWP,WE,Towers with Display (VFR),86,10,132,0,228,1,8,311,2,322,87,18,443,2,550,784,0,784,1334
09/11/2003,LGB,CA,AWP,WE,Towers with Display (VFR),80,19,107,2,208,1,11,334,1,347,81,30,441,3,555,599,0,599,1154
09/12/2003,LGB,CA,AWP,WE,Towers with Display (VFR),82,18,130,0,230,1,13,212,0,226,83,31,342,0,456,406,0,406,862
09/13/2003,LGB,CA,AWP,WE,Towers with Display (VFR),68,3,112,0,183,1,1,256,0,258,69,4,368,0,441,469,0,469,910
09/14/2003,LGB,CA,AWP,WE,Towers with Display (VFR),72,18,169,5,264,1,2,206,5,214,73,20,375,10,478,226,0,226,704
09/15/2003,LGB,CA,AWP,WE,Towers with Display (VFR),81,13,130,2,226,1,4,266,0,271,82,17,396,2,497,419,0,419,916
09/16/2003,LGB,CA,AWP,WE,Towers with Display (VFR),88,24,108,1,221,1,8,268,0,277,89,32,376,1,498,304,0,304,802
09/17/2003,LGB,CA,AWP,WE,Towers with Display (VFR),86,24,124,0,234,0,6,326,0,332,86,30,450,0,566,375,0,375,941
09/18/2003,LGB,CA,AWP,WE,Towers with Display (VFR),78,10,139,1,228,1,8,346,2,357,79,18,485,3,585,386,6,392,977
09/19/2003,LGB,CA,AWP,WE,Towers with Display (VFR),79,23,104,1,207,1,1,317,1,320,80,24,421,2,527,428,0,428,955
09/20/2003,LGB,CA,AWP,WE,Towers with Display (VFR),69,7,140,1,217,1,0,215,0,216,70,7,355,1,433,243,0,243,676
09/21/2003,LGB,CA,AWP,WE,Towers with Display (VFR),74,6,92,2,174,1,1,294,0,296,75,7,386,2,470,488,0,488,958
09/22/2003,LGB,CA,AWP,WE,Towers with Display (VFR),82,19,108,0,209,1,9,176,1,187,83,28,284,1,396,290,0,290,686
09/23/2003,LGB,CA,AWP,WE,Towers with Display (VFR),81,15,127,0,223,1,9,396,4,410,82,24,523,4,633,468,0,468,1101
09/24/2003,LGB,CA,AWP,WE,Towers with Display (VFR),84,25,173,3,285,1,0,300,2,303,85,25,473,5,588,426,0,426,1014
09/25/2003,LGB,CA,AWP,WE,Towers with Display (VFR),70,13,105,2,190,14,30,289,3,336,84,43,394,5,526,374,0,374,900
09/26/2003,LGB,CA,AWP,WE,Towers with Display (VFR),81,15,125,1,222,1,2,288,0,291,82,17,413,1,513,404,0,404,917
09/27/2003,LGB,CA,AWP,WE,Towers with Display (VFR),64,5,147,4,220,1,3,164,0,168,65,8,311,4,388,301,0,301,689
09/28/2003,LGB,CA,AWP,WE,Towers with Display (VFR),76,12,150,2,240,1,0,118,0,119,77,12,268,2,359,228,0,228,587
09/29/2003,LGB,CA,AWP,WE,Towers with Display (VFR),86,13,111,0,210,0,3,262,1,266,86,16,373,1,476,441,0,441,917
09/30/2003,LGB,CA,AWP,WE,Towers with Display (VFR),90,15,181,0,286,0,3,121,0,124,90,18,302,0,410,348,0,348,758
10/01/2003,LGB,CA,AWP,WE,Towers with Display (VFR),84,18,152,1,255,0,3,285,3,291,84,21,437,4,546,332,0,332,878
10/02/2003,LGB,CA,AWP,WE,Towers with Display (VFR),83,16,141,1,241,0,7,192,1,200,83,23,333,2,441,322,0,322,763
10/03/2003,LGB,CA,AWP,WE,Towers with Display (VFR),81,16,135,1,233,0,4,218,2,224,81,20,353,3,457,399,0,399,856
10/04/2003,LGB,CA,AWP,WE,Towers with Display (VFR),64,12,101,0,177,0,6,246,0,252,64,18,347,0,429,466,0,466,895
10/05/2003,LGB,CA,AWP,WE,Towers with Display (VFR),68,14,117,1,200,0,3,216,8,227,68,17,333,9,427,270,0,270,697
10/06/2003,LGB,CA,AWP,WE,Towers with Display (VFR),84,16,136,0,236,0,3,176,0,179,84,19,312,0,415,418,0,418,833
10/07/2003,LGB,CA,AWP,WE,Towers with Display (VFR),88,16,132,1,237,1,5,224,1,231,89,21,356,2,468,530,4,534,1002
10/08/2003,LGB,CA,AWP,WE,Towers with Display (VFR),85,16,135,1,237,0,11,288,1,300,85,27,423,2,537,399,0,399,936
10/09/2003,LGB,CA,AWP,WE,Towers with Display (VFR),82,19,158,1,260,0,0,96,0,96,82,19,254,1,356,234,0,234,590
10/10/2003,LGB,CA,AWP,WE,Towers with Display (VFR),86,19,160,1,266,0,4,279,5,288,86,23,439,6,554,532,0,532,1086
10/11/2003,LGB,CA,AWP,WE,Towers with Display (VFR),64,8,93,0,165,3,0,398,0,401,67,8,491,0,566,503,0,503,1069
10/12/2003,LGB,CA,AWP,WE,Towers with Display (VFR),71,12,105,1,189,4,4,425,0,433,75,16,530,1,622,487,0,487,1109
10/13/2003,LGB,CA,AWP,WE,Towers with Display (VFR),76,13,112,0,201,7,9,358,0,374,83,22,470,0,575,522,0,522,1097
10/14/2003,LGB,CA,AWP,WE,Towers with Display (VFR),64,10,94,2,170,19,23,325,0,367,83,33,419,2,537,467,0,467,1004
10/15/2003,LGB,CA,AWP,WE,Towers with Display (VFR),80,13,119,2,214,2,10,301,0,313,82,23,420,2,527,673,0,673,1200
10/16/2003,LGB,CA,AWP,WE,Towers with Display (VFR),78,13,116,2,209,6,3,301,1,311,84,16,417,3,520,486,0,486,1006
10/17/2003,LGB,CA,AWP,WE,Towers with Display (VFR),78,13,116,2,209,6,7,256,0,269,84,20,372,2,478,409,0,409,887
10/18/2003,LGB,CA,AWP,WE,Towers with Display (VFR),61,8,90,0,159,5,0,362,0,367,66,8,452,0,526,466,0,466,992
10/19/2003,LGB,CA,AWP,WE,Towers with Display (VFR),72,12,116,2,202,0,0,306,0,306,72,12,422,2,508,299,0,299,807
10/20/2003,LGB,CA,AWP,WE,Towers with Display (VFR),62,10,92,1,165,21,2,368,0,391,83,12,460,1,556,496,0,496,1052
10/21/2003,LGB,CA,AWP,WE,Towers with Display (VFR),80,13,119,1,213,5,20,402,0,427,85,33,521,1,640,463,0,463,1103
10/22/2003,LGB,CA,AWP,WE,Towers with Display (VFR),82,14,124,2,222,0,18,393,0,411,82,32,517,2,633,537,0,537,1170
10/23/2003,LGB,CA,AWP,WE,Towers with Display (VFR),84,15,130,2,231,0,16,412,2,430,84,31,542,4,661,394,0,394,1055
10/24/2003,LGB,CA,AWP,WE,Towers with Display (VFR),91,15,138,1,245,0,10,165,0,175,91,25,303,1,420,270,0,270,690
10/25/2003,LGB,CA,AWP,WE,Towers with Display (VFR),82,7,120,1,210,2,0,94,0,96,84,7,214,1,306,217,0,217,523
10/26/2003,LGB,CA,AWP,WE,Towers with Display (VFR),43,7,63,0,113,16,0,6,3,25,59,7,69,3,138,28,0,28,166
10/27/2003,LGB,CA,AWP,WE,Towers with Display (VFR),47,8,69,0,124,38,11,126,4,179,85,19,195,4,303,324,0,324,627
10/28/2003,LGB,CA,AWP,WE,Towers with Display (VFR),84,19,162,1,266,0,16,112,12,140,84,35,274,13,406,207,0,207,613
10/29/2003,LGB,CA,AWP,WE,Towers with Display (VFR),83,15,136,1,235,0,10,277,1,288,83,25,413,2,523,465,0,465,988
10/30/2003,LGB,CA,AWP,WE,Towers with Display (VFR),81,13,120,1,215,6,3,273,8,290,87,16,393,9,505,448,0,448,953
10/31/2003,LGB,CA,AWP,WE,Towers with Display (VFR),73,12,109,0,194,10,6,270,0,286,83,18,379,0,480,427,0,427,907
11/01/2003,LGB,CA,AWP,WE,Towers with Display (VFR),60,6,83,0,149,8,0,333,2,343,68,6,416,2,492,583,0,583,1075
11/02/2003,LGB,CA,AWP,WE,Towers with Display (VFR),71,4,98,1,174,4,0,324,8,336,75,4,422,9,510,440,0,440,950
11/03/2003,LGB,CA,AWP,WE,Towers with Display (VFR),91,15,129,0,235,0,6,239,0,245,91,21,368,0,480,488,0,488,968
11/04/2003,LGB,CA,AWP,WE,Towers with Display (VFR),87,16,135,1,239,0,0,347,0,347,87,16,482,1,586,530,0,530,1116
11/05/2003,LGB,CA,AWP,WE,Towers with Display (VFR),87,14,125,1,227,0,3,381,2,386,87,17,506,3,613,620,0,620,1233
11/06/2003,LGB,CA,AWP,WE,Towers with Display (VFR),86,16,133,0,235,0,8,449,0,457,86,24,582,0,692,463,0,463,1155
11/07/2003,LGB,CA,AWP,WE,Towers with Display (VFR),82,14,122,1,219,0,17,325,4,346,82,31,447,5,565,507,0,507,1072
11/08/2003,LGB,CA,AWP,WE,Towers with Display (VFR),62,11,86,0,159,5,2,301,3,311,67,13,387,3,470,421,0,421,891
11/09/2003,LGB,CA,AWP,WE,Towers with Display (VFR),71,11,97,1,180,5,7,202,1,215,76,18,299,2,395,382,0,382,777
11/10/2003,LGB,CA,AWP,WE,Towers with Display (VFR),78,12,108,1,199,8,5,268,0,281,86,17,376,1,480,453,0,453,933
11/11/2003,LGB,CA,AWP,WE,Towers with Display (VFR),83,14,126,1,224,0,3,384,1,388,83,17,510,2,612,567,0,567,1179
11/12/2003,LGB,CA,AWP,WE,Towers with Display (VFR),81,12,110,0,203,4,1,230,0,235,85,13,340,0,438,464,0,464,902
11/13/2003,LGB,CA,AWP,WE,Towers with Display (VFR),86,13,121,2,222,0,17,459,1,477,86,30,580,3,699,514,0,514,1213
11/14/2003,LGB,CA,AWP,WE,Towers with Display (VFR),74,11,101,2,188,8,15,340,1,364,82,26,441,3,552,458,0,458,1010
11/15/2003,LGB,CA,AWP,WE,Towers with Display (VFR),68,7,102,2,179,0,0,260,4,264,68,7,362,6,443,402,0,402,845
11/16/2003,LGB,CA,AWP,WE,Towers with Display (VFR),61,5,82,1,149,14,0,333,3,350,75,5,415,4,499,416,0,416,915
11/17/2003,LGB,CA,AWP,WE,Towers with Display (VFR),76,11,103,0,190,15,8,303,0,326,91,19,406,0,516,440,0,440,956
11/18/2003,LGB,CA,AWP,WE,Towers with Display (VFR),89,13,122,2,226,0,14,369,1,384,89,27,491,3,610,442,0,442,1052
11/19/2003,LGB,CA,AWP,WE,Towers with Display (VFR),83,14,127,1,225,0,9,352,0,361,83,23,479,1,586,442,0,442,1028
11/20/2003,LGB,CA,AWP,WE,Towers with Display (VFR),86,15,144,2,247,0,13,206,0,219,86,28,350,2,466,309,0,309,775
11/21/2003,LGB,CA,AWP,WE,Towers with Display (VFR),84,16,144,1,245,0,10,238,0,248,84,26,382,1,493,450,0,450,943
11/22/2003,LGB,CA,AWP,WE,Towers with Display (VFR),63,9,84,1,157,9,4,311,1,325,72,13,395,2,482,341,0,341,823
11/23/2003,LGB,CA,AWP,WE,Towers with Display (VFR),60,9,81,1,151,15,6,374,0,395,75,15,455,1,546,434,0,434,980
11/24/2003,LGB,CA,AWP,WE,Towers with Display (VFR),73,10,98,2,183,13,11,321,1,346,86,21,419,3,529,448,0,448,977
11/25/2003,LGB,CA,AWP,WE,Towers with Display (VFR),85,14,129,2,230,0,9,290,4,303,85,23,419,6,533,357,0,357,890
11/26/2003,LGB,CA,AWP,WE,Towers with Display (VFR),90,14,125,0,229,0,11,285,0,296,90,25,410,0,525,391,0,391,916
11/27/2003,LGB,CA,AWP,WE,Towers with Display (VFR),35,2,48,0,85,16,0,159,0,175,51,2,207,0,260,139,0,139,399
11/28/2003,LGB,CA,AWP,WE,Towers with Display (VFR),57,9,78,0,144,5,11,271,2,289,62,20,349,2,433,391,0,391,824
11/29/2003,LGB,CA,AWP,WE,Towers with Display (VFR),66,9,89,1,165,2,12,342,0,356,68,21,431,1,521,342,0,342,863
11/30/2003,LGB,CA,AWP,WE,Towers with Display (VFR),78,11,106,0,195,1,0,308,0,309,79,11,414,0,504,303,0,303,807
12/01/2003,LGB,CA,AWP,WE,Towers with Display (VFR),80,12,101,1,194,8,5,280,3,296,88,17,381,4,490,421,0,421,911
12/02/2003,LGB,CA,AWP,WE,Towers with Display (VFR),91,15,119,1,226,0,12,370,0,382,91,27,489,1,608,430,0,430,1038
12/03/2003,LGB,CA,AWP,WE,Towers with Display (VFR),84,14,117,1,216,0,5,269,1,275,84,19,386,2,491,417,0,417,908
12/04/2003,LGB,CA,AWP,WE,Towers with Display (VFR),82,16,135,1,234,0,1,182,0,183,82,17,317,1,417,250,0,250,667
12/05/2003,LGB,CA,AWP,WE,Towers with Display (VFR),82,17,141,0,240,0,2,125,0,127,82,19,266,0,367,160,0,160,527
12/06/2003,LGB,CA,AWP,WE,Towers with Display (VFR),58,11,106,1,176,0,0,139,1,140,58,11,245,2,316,243,0,243,559
12/07/2003,LGB,CA,AWP,WE,Towers with Display (VFR),73,7,94,1,175,0,0,64,1,65,73,7,158,2,240,84,0,84,324
12/08/2003,LGB,CA,AWP,WE,Towers with Display (VFR),81,13,101,1,196,5,10,259,6,280,86,23,360,7,476,512,0,512,988
12/09/2003,LGB,CA,AWP,WE,Towers with Display (VFR),83,13,106,1,203,0,1,312,2,315,83,14,418,3,518,570,0,570,1088
12/10/2003,LGB,CA,AWP,WE,Towers with Display (VFR),86,15,121,1,223,0,8,266,0,274,86,23,387,1,497,593,0,593,1090
12/11/2003,LGB,CA,AWP,WE,Towers with Display (VFR),82,14,114,1,211,0,12,212,3,227,82,26,326,4,438,407,0,407,845
12/12/2003,LGB,CA,AWP,WE,Towers with Display (VFR),86,13,106,1,206,1,15,281,1,298,87,28,387,2,504,320,0,320,824
12/13/2003,LGB,CA,AWP,WE,Towers with Display (VFR),62,9,75,0,146,3,5,292,0,300,65,14,367,0,446,444,0,444,890
12/14/2003,LGB,CA,AWP,WE,Towers with Display (VFR),68,10,83,1,162,5,1,122,1,129,73,11,205,2,291,334,0,334,625
12/15/2003,LGB,CA,AWP,WE,Towers with Display (VFR),78,11,97,2,188,4,1,270,2,277,82,12,367,4,465,342,0,342,807
12/16/2003,LGB,CA,AWP,WE,Towers with Display (VFR),79,11,97,1,188,2,7,288,0,297,81,18,385,1,485,412,0,412,897
12/17/2003,LGB,CA,AWP,WE,Towers with Display (VFR),83,12,104,2,201,0,4,358,0,362,83,16,462,2,563,575,0,575,1138
12/18/2003,LGB,CA,AWP,WE,Towers with Display (VFR),84,12,105,2,203,0,3,347,0,350,84,15,452,2,553,533,0,533,1086
12/19/2003,LGB,CA,AWP,WE,Towers with Display (VFR),85,12,107,1,205,0,9,242,0,251,85,21,349,1,456,394,0,394,850
12/20/2003,LGB,CA,AWP,WE,Towers with Display (VFR),66,10,81,0,157,0,5,250,0,255,66,15,331,0,412,543,0,543,955
12/21/2003,LGB,CA,AWP,WE,Towers with Display (VFR),71,11,95,2,179,0,4,169,0,173,71,15,264,2,352,410,0,410,762
12/22/2003,LGB,CA,AWP,WE,Towers with Display (VFR),76,11,93,1,181,11,4,344,1,360,87,15,437,2,541,431,0,431,972
12/23/2003,LGB,CA,AWP,WE,Towers with Display (VFR),70,10,86,1,167,15,7,199,0,221,85,17,285,1,388,427,0,427,815
12/24/2003,LGB,CA,AWP,WE,Towers with Display (VFR),63,9,77,0,149,14,6,137,0,157,77,15,214,0,306,254,0,254,560
12/25/2003,LGB,CA,AWP,WE,Towers with Display (VFR),41,6,40,0,87,30,4,0,0,34,71,10,40,0,121,8,0,8,129
12/26/2003,LGB,CA,AWP,WE,Towers with Display (VFR),69,8,85,0,162,5,0,244,0,249,74,8,329,0,411,519,0,519,930
12/27/2003,LGB,CA,AWP,WE,Towers with Display (VFR),68,7,87,0,162,0,0,332,2,334,68,7,419,2,496,386,0,386,882
12/28/2003,LGB,CA,AWP,WE,Towers with Display (VFR),59,8,73,0,140,12,3,308,3,326,71,11,381,3,466,460,0,460,926
12/29/2003,LGB,CA,AWP,WE,Towers with Display (VFR),69,10,86,0,165,12,8,239,2,261,81,18,325,2,426,394,0,394,820
12/30/2003,LGB,CA,AWP,WE,Towers with Display (VFR),0,0,0,0,0,26,10,121,3,160,26,10,121,3,160,308,0,308,468
12/31/2003,LGB,CA,AWP,WE,Towers with Display (VFR),68,9,84,0,161,8,15,262,0,285,76,24,346,0,446,416,0,416,862
01/01/2004,LGB,CA,AWP,WE,Towers with Display (VFR),37,6,54,0,97,31,0,111,0,142,68,6,165,0,239,173,0,173,412
01/02/2004,LGB,CA,AWP,WE,Towers with Display (VFR),76,13,111,1,201,0,0,0,7,7,76,13,111,8,208,35,0,35,243
01/03/2004,LGB,CA,AWP,WE,Towers with Display (VFR),63,7,92,0,162,3,0,202,0,205,66,7,294,0,367,230,0,230,597
01/04/2004,LGB,CA,AWP,WE,Towers with Display (VFR),67,13,98,0,178,6,1,319,0,326,73,14,417,0,504,535,0,535,1039
01/05/2004,LGB,CA,AWP,WE,Towers with Display (VFR),70,13,101,0,184,14,13,212,0,239,84,26,313,0,423,329,0,329,752
01/06/2004,LGB,CA,AWP,WE,Towers with Display (VFR),69,13,99,0,181,7,11,262,0,280,76,24,361,0,461,426,0,426,887
01/07/2004,LGB,CA,AWP,WE,Towers with Display (VFR),73,14,106,1,194,5,3,272,0,280,78,17,378,1,474,365,0,365,839
01/08/2004,LGB,CA,AWP,WE,Towers with Display (VFR),78,14,109,0,201,3,4,248,0,255,81,18,357,0,456,466,0,466,922
01/09/2004,LGB,CA,AWP,WE,Towers with Display (VFR),77,17,128,0,222,0,10,279,0,289,77,27,407,0,511,423,0,423,934
01/10/2004,LGB,CA,AWP,WE,Towers with Display (VFR),56,11,80,1,148,5,4,326,2,337,61,15,406,3,485,480,0,480,965
01/11/2004,LGB,CA,AWP,WE,Towers with Display (VFR),70,12,104,1,187,0,0,347,2,349,70,12,451,3,536,277,0,277,813
01/12/2004,LGB,CA,AWP,WE,Towers with Display (VFR),72,13,101,1,187,3,6,248,2,259,75,19,349,3,446,369,0,369,815
01/13/2004,LGB,CA,AWP,WE,Towers with Display (VFR),78,14,111,2,205,1,7,295,2,305,79,21,406,4,510,435,0,435,945
01/14/2004,LGB,CA,AWP,WE,Towers with Display (VFR),74,13,105,2,194,6,5,327,0,338,80,18,432,2,532,572,0,572,1104
01/15/2004,LGB,CA,AWP,WE,Towers with Display (VFR),79,15,114,2,210,0,7,288,7,302,79,22,402,9,512,425,0,425,937
01/16/2004,LGB,CA,AWP,WE,Towers with Display (VFR),79,17,133,2,231,0,1,222,3,226,79,18,355,5,457,347,0,347,804
01/17/2004,LGB,CA,AWP,WE,Towers with Display (VFR),65,7,93,2,167,0,0,278,2,280,65,7,371,4,447,494,0,494,941
01/18/2004,LGB,CA,AWP,WE,Towers with Display (VFR),71,9,110,2,192,0,0,176,0,176,71,9,286,2,368,289,0,289,657
01/19/2004,LGB,CA,AWP,WE,Towers with Display (VFR),78,10,120,2,210,0,0,268,0,268,78,10,388,2,478,384,0,384,862
01/20/2004,LGB,CA,AWP,WE,Towers with Display (VFR),80,14,112,2,208,2,14,256,1,273,82,28,368,3,481,441,0,441,922
01/21/2004,LGB,CA,AWP,WE,Towers with Display (VFR),81,15,121,2,219,0,7,319,0,326,81,22,440,2,545,307,0,307,852
01/22/2004,LGB,CA,AWP,WE,Towers with Display (VFR),83,16,130,2,231,0,4,272,2,278,83,20,402,4,509,388,0,388,897
01/23/2004,LGB,CA,AWP,WE,Towers with Display (VFR),80,16,125,1,222,0,8,377,0,385,80,24,502,1,607,333,0,333,940
01/24/2004,LGB,CA,AWP,WE,Towers with Display (VFR),70,9,111,1,191,0,0,271,0,271,70,9,382,1,462,541,0,541,1003
01/25/2004,LGB,CA,AWP,WE,Towers with Display (VFR),66,11,93,1,171,4,1,288,0,293,70,12,381,1,464,491,0,491,955
01/26/2004,LGB,CA,AWP,WE,Towers with Display (VFR),73,13,103,2,191,8,18,270,3,299,81,31,373,5,490,411,0,411,901
01/27/2004,LGB,CA,AWP,WE,Towers with Display (VFR),76,15,121,2,214,0,3,342,0,345,76,18,463,2,559,572,1,573,1132
01/28/2004,LGB,CA,AWP,WE,Towers with Display (VFR),83,17,134,1,235,0,18,215,3,236,83,35,349,4,471,409,0,409,880
01/29/2004,LGB,CA,AWP,WE,Towers with Display (VFR),80,15,124,1,220,0,14,324,7,345,80,29,448,8,565,355,0,355,920
01/30/2004,LGB,CA,AWP,WE,Towers with Display (VFR),78,14,112,1,205,1,6,310,2,319,79,20,422,3,524,612,0,612,1136
01/31/2004,LGB,CA,AWP,WE,Towers with Display (VFR),58,10,82,1,151,7,1,279,0,287,65,11,361,1,438,485,0,485,923
02/01/2004,LGB,CA,AWP,WE,Towers with Display (VFR),54,9,71,0,134,13,15,205,0,233,67,24,276,0,367,488,0,488,855
02/02/2004,LGB,CA,AWP,WE,Towers with Display (VFR),70,12,92,0,174,3,9,216,0,228,73,21,308,0,402,388,0,388,790
02/03/2004,LGB,CA,AWP,WE,Towers with Display (VFR),71,12,94,0,177,9,7,267,0,283,80,19,361,0,460,572,0,572,1032
02/04/2004,LGB,CA,AWP,WE,Towers with Display (VFR),83,15,115,1,214,0,8,346,2,356,83,23,461,3,570,552,0,552,1122
02/05/2004,LGB,CA,AWP,WE,Towers with Display (VFR),82,14,109,1,206,0,5,349,5,359,82,19,458,6,565,456,0,456,1021
02/06/2004,LGB,CA,AWP,WE,Towers with Display (VFR),73,12,95,1,181,3,14,335,7,359,76,26,430,8,540,493,0,493,1033
02/07/2004,LGB,CA,AWP,WE,Towers with Display (VFR),61,10,81,1,153,3,8,379,2,392,64,18,460,3,545,460,0,460,1005
02/08/2004,LGB,CA,AWP,WE,Towers with Display (VFR),63,11,83,1,158,6,0,338,0,344,69,11,421,1,502,397,0,397,899
02/09/2004,LGB,CA,AWP,WE,Towers with Display (VFR),73,12,95,1,181,4,3,330,3,340,77,15,425,4,521,479,0,479,1000
02/10/2004,LGB,CA,AWP,WE,Towers with Display (VFR),66,11,87,1,165,14,9,260,4,287,80,20,347,5,452,481,0,481,933
02/11/2004,LGB,CA,AWP,WE,Towers with Display (VFR),80,14,113,1,208,0,10,354,2,366,80,24,467,3,574,517,0,517,1091
02/12/2004,LGB,CA,AWP,WE,Towers with Display (VFR),80,14,109,0,203,0,6,292,0,298,80,20,401,0,501,517,0,517,1018
02/13/2004,LGB,CA,AWP,WE,Towers with Display (VFR),78,15,114,1,208,0,5,323,2,330,78,20,437,3,538,600,0,600,1138
02/14/2004,LGB,CA,AWP,WE,Towers with Display (VFR),61,10,84,2,157,0,2,308,1,311,61,12,392,3,468,421,0,421,889
02/15/2004,LGB,CA,AWP,WE,Towers with Display (VFR),59,10,75,1,145,7,19,218,0,244,66,29,293,1,389,442,0,442,831
02/16/2004,LGB,CA,AWP,WE,Towers with Display (VFR),77,11,103,2,193,0,0,317,0,317,77,11,420,2,510,522,0,522,1032
02/17/2004,LGB,CA,AWP,WE,Towers with Display (VFR),76,12,97,2,187,4,16,271,2,293,80,28,368,4,480,374,0,374,854
02/18/2004,LGB,CA,AWP,WE,Towers with Display (VFR),81,13,108,1,203,0,9,149,0,158,81,22,257,1,361,152,0,152,513
02/19/2004,LGB,CA,AWP,WE,Towers with Display (VFR),80,14,116,2,212,0,10,298,0,308,80,24,414,2,520,302,0,302,822
02/20/2004,LGB,CA,AWP,WE,Towers with Display (VFR),79,13,111,2,205,0,7,129,9,145,79,20,240,11,350,302,0,302,652
02/21/2004,LGB,CA,AWP,WE,Towers with Display (VFR),69,10,91,0,170,0,0,115,0,115,69,10,206,0,285,301,0,301,586
02/22/2004,LGB,CA,AWP,WE,Towers with Display (VFR),69,11,89,0,169,2,6,156,0,164,71,17,245,0,333,209,0,209,542
02/23/2004,LGB,CA,AWP,WE,Towers with Display (VFR),75,11,96,1,183,5,9,291,0,305,80,20,387,1,488,425,0,425,913
02/24/2004,LGB,CA,AWP,WE,Towers with Display (VFR),82,15,129,0,226,0,20,339,0,359,82,35,468,0,585,501,0,501,1086
02/25/2004,LGB,CA,AWP,WE,Towers with Display (VFR),80,13,107,1,201,0,4,196,2,202,80,17,303,3,403,524,0,524,927
02/26/2004,LGB,CA,AWP,WE,Towers with Display (VFR),78,12,101,1,192,1,8,192,1,202,79,20,293,2,394,393,0,393,787
02/27/2004,LGB,CA,AWP,WE,Towers with Display (VFR),73,11,94,1,179,5,5,229,0,239,78,16,323,1,418,359,0,359,777
02/28/2004,LGB,CA,AWP,WE,Towers with Display (VFR),65,10,84,1,160,0,12,375,1,388,65,22,459,2,548,476,0,476,1024
02/29/2004,LGB,CA,AWP,WE,Towers with Display (VFR),70,11,93,1,175,0,10,277,0,287,70,21,370,1,462,466,0,466,928
03/01/2004,LGB,CA,AWP,WE,Towers with Display (VFR),68,14,107,0,189,19,7,145,0,171,87,21,252,0,360,274,0,274,634
03/02/2004,LGB,CA,AWP,WE,Towers with Display (VFR),69,14,107,0,190,11,14,188,0,213,80,28,295,0,403,308,0,308,711
03/03/2004,LGB,CA,AWP,WE,Towers with Display (VFR),77,15,119,1,212,3,17,178,0,198,80,32,297,1,410,165,0,165,575
03/04/2004,LGB,CA,AWP,WE,Towers with Display (VFR),78,15,121,1,215,4,7,238,1,250,82,22,359,2,465,319,0,319,784
03/05/2004,LGB,CA,AWP,WE,Towers with Display (VFR),68,14,105,1,188,9,6,280,1,296,77,20,385,2,484,469,0,469,953
03/06/2004,LGB,CA,AWP,WE,Towers with Display (VFR),56,11,86,1,154,9,1,296,0,306,65,12,382,1,460,482,0,482,942
03/07/2004,LGB,CA,AWP,WE,Towers with Display (VFR),66,13,102,1,182,5,18,389,2,414,71,31,491,3,596,521,0,521,1117
03/08/2004,LGB,CA,AWP,WE,Towers with Display (VFR),71,14,111,1,197,15,14,302,2,333,86,28,413,3,530,301,0,301,831
03/09/2004,LGB,CA,AWP,WE,Towers with Display (VFR),63,13,98,1,175,15,10,283,3,311,78,23,381,4,486,514,0,514,1000
03/10/2004,LGB,CA,AWP,WE,Towers with Display (VFR),74,14,115,0,203,14,8,292,0,314,88,22,407,0,517,499,0,499,1016
03/11/2004,LGB,CA,AWP,WE,Towers with Display (VFR),85,18,143,1,247,0,16,225,0,241,85,34,368,1,488,568,0,568,1056
03/12/2004,LGB,CA,AWP,WE,Towers with Display (VFR),83,19,156,3,261,0,4,197,5,206,83,23,353,8,467,640,0,640,1107
03/13/2004,LGB,CA,AWP,WE,Towers with Display (VFR),65,14,121,1,201,0,0,246,0,246,65,14,367,1,447,642,0,642,1089
03/14/2004,LGB,CA,AWP,WE,Towers with Display (VFR),70,12,154,0,236,0,0,145,0,145,70,12,299,0,381,323,0,323,704
03/15/2004,LGB,CA,AWP,WE,Towers with Display (VFR),76,16,136,1,229,0,12,180,0,192,76,28,316,1,421,409,0,409,830
03/16/2004,LGB,CA,AWP,WE,Towers with Display (VFR),79,14,119,2,214,5,11,177,3,196,84,25,296,5,410,435,0,435,845
03/17/2004,LGB,CA,AWP,WE,Towers with Display (VFR),83,16,135,2,236,0,0,198,2,200,83,16,333,4,436,542,0,542,978
03/18/2004,LGB,CA,AWP,WE,Towers with Display (VFR),78,17,137,2,234,0,15,254,0,269,78,32,391,2,503,493,0,493,996
03/19/2004,LGB,CA,AWP,WE,Towers with Display (VFR),75,15,123,2,215,0,4,231,1,236,75,19,354,3,451,388,0,388,839
03/20/2004,LGB,CA,AWP,WE,Towers with Display (VFR),64,12,101,2,179,0,2,213,0,215,64,14,314,2,394,415,0,415,809
03/21/2004,LGB,CA,AWP,WE,Towers with Display (VFR),68,13,113,0,194,0,0,233,0,233,68,13,346,0,427,425,0,425,852
03/22/2004,LGB,CA,AWP,WE,Towers with Display (VFR),77,14,117,2,210,2,5,183,2,192,79,19,300,4,402,365,0,365,767
03/23/2004,LGB,CA,AWP,WE,Towers with Display (VFR),80,17,138,1,236,0,2,181,0,183,80,19,319,1,419,476,0,476,895
03/24/2004,LGB,CA,AWP,WE,Towers with Display (VFR),79,16,130,2,227,0,6,318,0,324,79,22,448,2,551,659,0,659,1210
03/25/2004,LGB,CA,AWP,WE,Towers with Display (VFR),79,15,120,2,216,3,8,284,4,299,82,23,404,6,515,528,0,528,1043
03/26/2004,LGB,CA,AWP,WE,Towers with Display (VFR),79,15,120,2,216,1,10,266,1,278,80,25,386,3,494,460,0,460,954
03/27/2004,LGB,CA,AWP,WE,Towers with Display (VFR),61,11,93,0,165,4,1,296,0,301,65,12,389,0,466,494,0,494,960
03/28/2004,LGB,CA,AWP,WE,Towers with Display (VFR),61,10,93,1,165,8,0,342,0,350,69,10,435,1,515,447,0,447,962
03/29/2004,LGB,CA,AWP,WE,Towers with Display (VFR),74,14,114,1,203,5,17,329,9,360,79,31,443,10,563,340,0,340,903
03/30/2004,LGB,CA,AWP,WE,Towers with Display (VFR),69,13,106,1,189,9,3,307,3,322,78,16,413,4,511,512,0,512,1023
03/31/2004,LGB,CA,AWP,WE,Towers with Display (VFR),80,15,123,1,219,1,1,221,3,226,81,16,344,4,445,404,0,404,849
04/01/2004,LGB,CA,AWP,WE,Towers with Display (VFR),80,18,132,1,231,0,6,156,6,168,80,24,288,7,399,440,0,440,839
04/02/2004,LGB,CA,AWP,WE,Towers with Display (VFR),79,16,119,0,214,0,6,271,0,277,79,22,390,0,491,570,0,570,1061
04/03/2004,LGB,CA,AWP,WE,Towers with Display (VFR),63,13,94,0,170,0,0,267,5,272,63,13,361,5,442,517,0,517,959
04/04/2004,LGB,CA,AWP,WE,Towers with Display (VFR),68,12,99,0,179,0,0,312,3,315,68,12,411,3,494,360,0,360,854
04/05/2004,LGB,CA,AWP,WE,Towers with Display (VFR),74,15,107,0,196,5,6,218,2,231,79,21,325,2,427,587,0,587,1014
04/06/2004,LGB,CA,AWP,WE,Towers with Display (VFR),83,16,119,1,219,3,14,238,5,260,86,30,357,6,479,669,0,669,1148
04/07/2004,LGB,CA,AWP,WE,Towers with Display (VFR),79,15,115,0,209,0,14,313,0,327,79,29,428,0,536,645,0,645,1181
04/08/2004,LGB,CA,AWP,WE,Towers with Display (VFR),80,15,123,2,220,0,9,131,0,140,80,24,254,2,360,451,0,451,811
04/09/2004,LGB,CA,AWP,WE,Towers with Display (VFR),78,15,111,1,205,0,17,218,2,237,78,32,329,3,442,560,0,560,1002
04/10/2004,LGB,CA,AWP,WE,Towers with Display (VFR),65,13,111,0,189,0,0,127,0,127,65,13,238,0,316,447,0,447,763
04/11/2004,LGB,CA,AWP,WE,Towers with Display (VFR),58,10,81,1,150,12,0,205,1,218,70,10,286,2,368,338,0,338,706
04/12/2004,LGB,CA,AWP,WE,Towers with Display (VFR),69,12,97,1,179,10,11,239,1,261,79,23,336,2,440,383,0,383,823
04/13/2004,LGB,CA,AWP,WE,Towers with Display (VFR),77,14,109,1,201,0,25,259,5,289,77,39,368,6,490,416,0,416,906
04/14/2004,LGB,CA,AWP,WE,Towers with Display (VFR),81,15,116,0,212,0,9,332,0,341,81,24,448,0,553,555,0,555,1108
04/15/2004,LGB,CA,AWP,WE,Towers with Display (VFR),83,16,124,0,223,0,11,294,0,305,83,27,418,0,528,533,0,533,1061
04/16/2004,LGB,CA,AWP,WE,Towers with Display (VFR),82,15,116,2,215,2,23,306,1,332,84,38,422,3,547,534,0,534,1081
04/17/2004,LGB,CA,AWP,WE,Towers with Display (VFR),60,7,84,1,152,4,0,216,0,220,64,7,300,1,372,442,0,442,814
04/18/2004,LGB,CA,AWP,WE,Towers with Display (VFR),72,15,117,1,205,0,11,351,0,362,72,26,468,1,567,315,0,315,882
04/19/2004,LGB,CA,AWP,WE,Towers with Display (VFR),79,14,111,0,204,2,11,300,0,313,81,25,411,0,517,429,0,429,946
04/20/2004,LGB,CA,AWP,WE,Towers with Display (VFR),74,13,104,1,192,12,15,238,4,269,86,28,342,5,461,527,0,527,988
04/21/2004,LGB,CA,AWP,WE,Towers with Display (VFR),83,15,118,1,217,3,5,272,0,280,86,20,390,1,497,508,0,508,1005
04/22/2004,LGB,CA,AWP,WE,Towers with Display (VFR),76,14,108,1,199,5,11,309,0,325,81,25,417,1,524,499,0,499,1023
04/23/2004,LGB,CA,AWP,WE,Towers with Display (VFR),78,15,115,2,210,0,14,307,0,321,78,29,422,2,531,397,0,397,928
04/24/2004,LGB,CA,AWP,WE,Towers with Display (VFR),64,12,93,0,169,0,5,377,1,383,64,17,470,1,552,463,0,463,1015
04/25/2004,LGB,CA,AWP,WE,Towers with Display (VFR),69,12,98,0,179,5,4,323,1,333,74,16,421,1,512,457,0,457,969
04/26/2004,LGB,CA,AWP,WE,Towers with Display (VFR),69,13,98,0,180,11,15,290,2,318,80,28,388,2,498,570,4,574,1072
04/27/2004,LGB,CA,AWP,WE,Towers with Display (VFR),80,15,119,1,215,0,18,317,0,335,80,33,436,1,550,482,0,482,1032
04/28/2004,LGB,CA,AWP,WE,Towers with Display (VFR),86,18,146,1,251,0,14,166,0,180,86,32,312,1,431,419,0,419,850
04/29/2004,LGB,CA,AWP,WE,Towers with Display (VFR),78,14,111,0,203,4,4,320,0,328,82,18,431,0,531,529,0,529,1060
04/30/2004,LGB,CA,AWP,WE,Towers with Display (VFR),76,14,109,0,199,3,5,313,3,324,79,19,422,3,523,478,0,478,1001
05/01/2004,LGB,CA,AWP,WE,Towers with Display (VFR),57,10,78,0,145,8,1,407,1,417,65,11,485,1,562,449,0,449,1011
05/02/2004,LGB,CA,AWP,WE,Towers with Display (VFR),67,12,94,0,173,0,25,336,1,362,67,37,430,1,535,450,0,450,985
05/03/2004,LGB,CA,AWP,WE,Towers with Display (VFR),71,13,97,0,181,8,6,307,2,323,79,19,404,2,504,450,0,450,954
05/04/2004,LGB,CA,AWP,WE,Towers with Display (VFR),76,13,105,1,195,5,17,271,3,296,81,30,376,4,491,462,0,462,953
05/05/2004,LGB,CA,AWP,WE,Towers with Display (VFR),82,15,121,1,219,0,7,269,1,277,82,22,390,2,496,513,0,513,1009
05/06/2004,LGB,CA,AWP,WE,Towers with Display (VFR),84,15,120,0,219,0,8,312,0,320,84,23,432,0,539,468,0,468,1007
05/07/2004,LGB,CA,AWP,WE,Towers with Display (VFR),83,15,114,1,213,0,5,345,0,350,83,20,459,1,563,561,0,561,1124
05/08/2004,LGB,CA,AWP,WE,Towers with Display (VFR),60,8,82,0,150,7,0,333,1,341,67,8,415,1,491,487,0,487,978
05/09/2004,LGB,CA,AWP,WE,Towers with Display (VFR),55,9,73,0,137,18,0,247,1,266,73,9,320,1,403,543,0,543,946
05/10/2004,LGB,CA,AWP,WE,Towers with Display (VFR),76,12,103,0,191,4,18,273,0,295,80,30,376,0,486,444,0,444,930
05/11/2004,LGB,CA,AWP,WE,Towers with Display (VFR),83,15,124,2,224,0,21,360,10,391,83,36,484,12,615,594,0,594,1209
05/12/2004,LGB,CA,AWP,WE,Towers with Display (VFR),83,15,125,2,225,0,7,379,1,387,83,22,504,3,612,769,0,769,1381
05/13/2004,LGB,CA,AWP,WE,Towers with Display (VFR),74,12,99,1,186,6,13,294,6,319,80,25,393,7,505,594,0,594,1099
05/14/2004,LGB,CA,AWP,WE,Towers with Display (VFR),69,11,93,1,174,14,12,274,1,301,83,23,367,2,475,562,0,562,1037
05/15/2004,LGB,CA,AWP,WE,Towers with Display (VFR),69,12,93,1,175,0,13,319,2,334,69,25,412,3,509,404,0,404,913
05/16/2004,LGB,CA,AWP,WE,Towers with Display (VFR),69,12,93,1,175,0,4,255,2,261,69,16,348,3,436,410,0,410,846
05/17/2004,LGB,CA,AWP,WE,Towers with Display (VFR),84,14,113,2,213,0,23,257,1,281,84,37,370,3,494,342,0,342,836
05/18/2004,LGB,CA,AWP,WE,Towers with Display (VFR),82,13,110,2,207,0,10,337,0,347,82,23,447,2,554,530,0,530,1084
05/19/2004,LGB,CA,AWP,WE,Towers with Display (VFR),81,14,118,2,215,0,19,319,2,340,81,33,437,4,555,452,0,452,1007
05/20/2004,LGB,CA,AWP,WE,Towers with Display (VFR),83,15,128,2,228,0,17,269,4,290,83,32,397,6,518,486,0,486,1004
05/21/2004,LGB,CA,AWP,WE,Towers with Display (VFR),80,14,118,2,214,0,19,230,0,249,80,33,348,2,463,498,0,498,961
05/22/2004,LGB,CA,AWP,WE,Towers with Display (VFR),56,6,74,0,136,13,0,286,0,299,69,6,360,0,435,586,0,586,1021
05/23/2004,LGB,CA,AWP,WE,Towers with Display (VFR),64,12,101,1,178,0,1,241,0,242,64,13,342,1,420,613,0,613,1033
05/24/2004,LGB,CA,AWP,WE,Towers with Display (VFR),79,13,109,0,201,1,14,272,0,287,80,27,381,0,488,635,0,635,1123
05/25/2004,LGB,CA,AWP,WE,Towers with Display (VFR),85,15,125,1,226,0,9,224,2,235,85,24,349,3,461,676,0,676,1137
05/26/2004,LGB,CA,AWP,WE,Towers with Display (VFR),88,16,133,1,238,0,8,254,0,262,88,24,387,1,500,590,0,590,1090
05/27/2004,LGB,CA,AWP,WE,Towers with Display (VFR),84,15,122,1,222,0,11,233,1,245,84,26,355,2,467,547,0,547,1014
05/28/2004,LGB,CA,AWP,WE,Towers with Display (VFR),83,18,144,1,246,0,0,182,1,183,83,18,326,2,429,479,0,479,908
05/29/2004,LGB,CA,AWP,WE,Towers with Display (VFR),62,11,84,0,157,4,8,269,1,282,66,19,353,1,439,419,0,419,858
05/30/2004,LGB,CA,AWP,WE,Towers with Display (VFR),48,7,65,0,120,17,9,264,0,290,65,16,329,0,410,334,0,334,744
05/31/2004,LGB,CA,AWP,WE,Towers with Display (VFR),65,7,89,0,161,4,0,385,0,389,69,7,474,0,550,397,0,397,947
06/01/2004,LGB,CA,AWP,WE,Towers with Display (VFR),74,14,120,0,208,8,44,327,4,383,82,58,447,4,591,488,0,488,1079
06/02/2004,LGB,CA,AWP,WE,Towers with Display (VFR),83,18,153,1,255,0,15,310,1,326,83,33,463,2,581,508,0,508,1089
06/03/2004,LGB,CA,AWP,WE,Towers with Display (VFR),73,14,119,0,206,11,25,280,5,321,84,39,399,5,527,456,0,456,983
06/04/2004,LGB,CA,AWP,WE,Towers with Display (VFR),77,17,149,1,244,0,4,282,0,286,77,21,431,1,530,459,0,459,989
06/05/2004,LGB,CA,AWP,WE,Towers with Display (VFR),69,12,119,0,200,0,0,254,3,257,69,12,373,3,457,441,0,441,898
06/06/2004,LGB,CA,AWP,WE,Towers with Display (VFR),66,10,108,0,184,5,0,218,3,226,71,10,326,3,410,609,0,609,1019
06/07/2004,LGB,CA,AWP,WE,Towers with Display (VFR),81,15,134,1,231,0,6,220,0,226,81,21,354,1,457,460,0,460,917
06/08/2004,LGB,CA,AWP,WE,Towers with Display (VFR),82,15,141,2,240,0,15,277,0,292,82,30,418,2,532,480,0,480,1012
06/09/2004,LGB,CA,AWP,WE,Towers with Display (VFR),81,15,133,2,231,0,11,353,2,366,81,26,486,4,597,640,0,640,1237
06/10/2004,LGB,CA,AWP,WE,Towers with Display (VFR),82,15,137,0,234,0,6,321,0,327,82,21,458,0,561,607,0,607,1168
06/11/2004,LGB,CA,AWP,WE,Towers with Display (VFR),81,15,137,2,235,0,3,273,1,277,81,18,410,3,512,613,0,613,1125
06/12/2004,LGB,CA,AWP,WE,Towers with Display (VFR),67,7,115,1,190,0,0,349,0,349,67,7,464,1,539,451,0,451,990
06/13/2004,LGB,CA,AWP,WE,Towers with Display (VFR),63,11,101,1,176,11,22,281,1,315,74,33,382,2,491,364,0,364,855
06/14/2004,LGB,CA,AWP,WE,Towers with Display (VFR),71,13,113,1,198,17,2,224,0,243,88,15,337,1,441,546,0,546,987
06/15/2004,LGB,CA,AWP,WE,Towers with Display (VFR),80,16,144,2,242,0,16,253,1,270,80,32,397,3,512,624,0,624,1136
06/16/2004,LGB,CA,AWP,WE,Towers with Display (VFR),81,16,144,2,243,0,14,166,1,181,81,30,310,3,424,590,0,590,1014
06/17/2004,LGB,CA,AWP,WE,Towers with Display (VFR),80,16,142,2,240,0,14,241,6,261,80,30,383,8,501,517,0,517,1018
06/18/2004,LGB,CA,AWP,WE,Towers with Display (VFR),80,14,129,0,223,0,16,220,0,236,80,30,349,0,459,533,0,533,992
06/19/2004,LGB,CA,AWP,WE,Towers with Display (VFR),72,13,117,0,202,0,4,143,0,147,72,17,260,0,349,571,0,571,920
06/20/2004,LGB,CA,AWP,WE,Towers with Display (VFR),59,11,94,0,164,18,13,157,0,188,77,24,251,0,352,368,0,368,720
06/21/2004,LGB,CA,AWP,WE,Towers with Display (VFR),82,16,146,2,246,0,10,211,2,223,82,26,357,4,469,477,0,477,946
06/22/2004,LGB,CA,AWP,WE,Towers with Display (VFR),77,14,123,0,214,4,1,180,0,185,81,15,303,0,399,510,0,510,909
06/23/2004,LGB,CA,AWP,WE,Towers with Display (VFR),83,12,138,0,233,0,0,196,0,196,83,12,334,0,429,483,0,483,912
06/24/2004,LGB,CA,AWP,WE,Towers with Display (VFR),75,14,120,0,209,17,9,213,1,240,92,23,333,1,449,501,0,501,950
06/25/2004,LGB,CA,AWP,WE,Towers with Display (VFR),79,15,130,0,224,0,7,249,0,256,79,22,379,0,480,382,0,382,862
06/26/2004,LGB,CA,AWP,WE,Towers with Display (VFR),69,4,115,0,188,0,0,382,0,382,69,4,497,0,570,446,0,446,1016
06/27/2004,LGB,CA,AWP,WE,Towers with Display (VFR),73,14,130,0,217,0,4,276,0,280,73,18,406,0,497,504,0,504,1001
06/28/2004,LGB,CA,AWP,WE,Towers with Display (VFR),78,14,124,0,216,4,7,256,3,270,82,21,380,3,486,479,0,479,965
06/29/2004,LGB,CA,AWP,WE,Towers with Display (VFR),76,13,121,0,210,4,19,348,2,373,80,32,469,2,583,638,0,638,1221
06/30/2004,LGB,CA,AWP,WE,Towers with Display (VFR),75,13,120,0,208,8,13,322,5,348,83,26,442,5,556,551,0,551,1107
07/01/2004,LGB,CA,AWP,WE,Towers with Display (VFR),82,14,95,0,191,1,9,339,0,349,83,23,434,0,540,478,0,478,1018
07/02/2004,LGB,CA,AWP,WE,Towers with Display (VFR),83,14,102,1,200,0,13,259,0,272,83,27,361,1,472,500,0,500,972
07/03/2004,LGB,CA,AWP,WE,Towers with Display (VFR),59,10,69,0,138,3,4,294,0,301,62,14,363,0,439,554,0,554,993
07/04/2004,LGB,CA,AWP,WE,Towers with Display (VFR),43,6,50,0,99,27,0,200,0,227,70,6,250,0,326,294,0,294,620
07/05/2004,LGB,CA,AWP,WE,Towers with Display (VFR),72,12,86,1,171,0,1,311,0,312,72,13,397,1,483,507,0,507,990
07/06/2004,LGB,CA,AWP,WE,Towers with Display (VFR),84,16,107,1,208,0,7,334,2,343,84,23,441,3,551,594,0,594,1145
07/07/2004,LGB,CA,AWP,WE,Towers with Display (VFR),81,14,99,1,195,0,6,279,6,291,81,20,378,7,486,571,0,571,1057
07/08/2004,LGB,CA,AWP,WE,Towers with Display (VFR),85,14,103,1,203,0,15,269,2,286,85,29,372,3,489,647,0,647,1136
07/09/2004,LGB,CA,AWP,WE,Towers with Display (VFR),78,14,98,0,190,0,18,320,0,338,78,32,418,0,528,513,0,513,1041
07/10/2004,LGB,CA,AWP,WE,Towers with Display (VFR),63,10,77,1,151,0,2,388,0,390,63,12,465,1,541,594,0,594,1135
07/11/2004,LGB,CA,AWP,WE,Towers with Display (VFR),63,10,74,2,149,9,13,316,0,338,72,23,390,2,487,440,0,440,927
07/12/2004,LGB,CA,AWP,WE,Towers with Display (VFR),75,11,87,2,175,3,8,287,3,301,78,19,374,5,476,476,0,476,952
07/13/2004,LGB,CA,AWP,WE,Towers with Display (VFR),82,13,96,1,192,0,15,315,0,330,82,28,411,1,522,632,0,632,1154
07/14/2004,LGB,CA,AWP,WE,Towers with Display (VFR),83,14,106,0,203,0,29,315,0,344,83,43,421,0,547,561,0,561,1108
07/15/2004,LGB,CA,AWP,WE,Towers with Display (VFR),84,16,118,3,221,0,9,365,8,382,84,25,483,11,603,617,0,617,1220
07/16/2004,LGB,CA,AWP,WE,Towers with Display (VFR),68,10,77,1,156,11,15,304,0,330,79,25,381,1,486,623,0,623,1109
07/17/2004,LGB,CA,AWP,WE,Towers with Display (VFR),53,8,60,2,123,16,7,357,3,383,69,15,417,5,506,431,0,431,937
07/18/2004,LGB,CA,AWP,WE,Towers with Display (VFR),61,9,69,2,141,10,12,316,0,338,71,21,385,2,479,526,0,526,1005
07/19/2004,LGB,CA,AWP,WE,Towers with Display (VFR),78,12,88,2,180,1,7,352,2,362,79,19,440,4,542,568,0,568,1110
07/20/2004,LGB,CA,AWP,WE,Towers with Display (VFR),73,11,83,2,169,12,13,318,2,345,85,24,401,4,514,441,0,441,955
07/21/2004,LGB,CA,AWP,WE,Towers with Display (VFR),77,12,87,2,178,3,10,352,6,371,80,22,439,8,549,634,0,634,1183
07/22/2004,LGB,CA,AWP,WE,Towers with Display (VFR),86,14,110,1,211,0,14,289,0,303,86,28,399,1,514,572,0,572,1086
07/23/2004,LGB,CA,AWP,WE,Towers with Display (VFR),77,13,99,2,191,0,19,235,1,255,77,32,334,3,446,595,0,595,1041
07/24/2004,LGB,CA,AWP,WE,Towers with Display (VFR),64,11,80,0,155,0,16,298,0,314,64,27,378,0,469,510,0,510,979
07/25/2004,LGB,CA,AWP,WE,Towers with Display (VFR),65,10,73,1,149,10,28,270,0,308,75,38,343,1,457,445,0,445,902
07/26/2004,LGB,CA,AWP,WE,Towers with Display (VFR),74,11,83,0,168,7,8,299,0,314,81,19,382,0,482,467,0,467,949
07/27/2004,LGB,CA,AWP,WE,Towers with Display (VFR),87,13,99,2,201,2,17,309,5,333,89,30,408,7,534,665,0,665,1199
07/28/2004,LGB,CA,AWP,WE,Towers with Display (VFR),83,13,97,2,195,0,7,363,4,374,83,20,460,6,569,594,0,594,1163
07/29/2004,LGB,CA,AWP,WE,Towers with Display (VFR),80,14,100,1,195,0,5,287,14,306,80,19,387,15,501,516,2,518,1019
07/30/2004,LGB,CA,AWP,WE,Towers with Display (VFR),84,13,99,1,197,0,13,255,1,269,84,26,354,2,466,632,0,632,1098
07/31/2004,LGB,CA,AWP,WE,Towers with Display (VFR),65,11,82,1,159,0,2,297,0,299,65,13,379,1,458,389,0,389,847
08/01/2004,LGB,CA,AWP,WE,Towers with Display (VFR),72,12,95,0,179,0,7,228,1,236,72,19,323,1,415,478,0,478,893
08/02/2004,LGB,CA,AWP,WE,Towers with Display (VFR),65,11,81,0,157,14,9,259,2,284,79,20,340,2,441,526,0,526,967
08/03/2004,LGB,CA,AWP,WE,Towers with Display (VFR),69,11,87,0,167,10,25,266,0,301,79,36,353,0,468,585,0,585,1053
08/04/2004,LGB,CA,AWP,WE,Towers with Display (VFR),72,10,89,1,172,11,5,299,0,315,83,15,388,1,487,563,0,563,1050
08/05/2004,LGB,CA,AWP,WE,Towers with Display (VFR),85,12,105,1,203,2,14,257,2,275,87,26,362,3,478,529,0,529,1007
08/06/2004,LGB,CA,AWP,WE,Towers with Display (VFR),80,14,113,1,208,0,7,335,1,343,80,21,448,2,551,408,0,408,959
08/07/2004,LGB,CA,AWP,WE,Towers with Display (VFR),47,7,60,1,115,15,3,286,1,305,62,10,346,2,420,351,0,351,771
08/08/2004,LGB,CA,AWP,WE,Towers with Display (VFR),66,9,82,1,158,7,10,283,4,304,73,19,365,5,462,312,0,312,774
08/09/2004,LGB,CA,AWP,WE,Towers with Display (VFR),78,11,96,0,185,2,15,327,0,344,80,26,423,0,529,529,0,529,1058
08/10/2004,LGB,CA,AWP,WE,Towers with Display (VFR),68,10,86,1,165,12,6,376,0,394,80,16,462,1,559,716,0,716,1275
08/11/2004,LGB,CA,AWP,WE,Towers with Display (VFR),76,12,100,1,189,0,1,392,3,396,76,13,492,4,585,644,0,644,1229
08/12/2004,LGB,CA,AWP,WE,Towers with Display (VFR),86,15,131,0,232,0,19,105,0,124,86,34,236,0,356,124,0,124,480
08/13/2004,LGB,CA,AWP,WE,Towers with Display (VFR),78,12,105,1,196,0,10,329,1,340,78,22,434,2,536,539,0,539,1075
08/14/2004,LGB,CA,AWP,WE,Towers with Display (VFR),66,9,80,1,156,2,2,332,0,336,68,11,412,1,492,558,0,558,1050
08/15/2004,LGB,CA,AWP,WE,Towers with Display (VFR),73,12,108,0,193,0,3,269,0,272,73,15,377,0,465,295,0,295,760
08/16/2004,LGB,CA,AWP,WE,Towers with Display (VFR),81,12,99,1,193,4,5,274,1,284,85,17,373,2,477,551,2,553,1030
08/17/2004,LGB,CA,AWP,WE,Towers with Display (VFR),81,11,98,1,191,6,14,311,1,332,87,25,409,2,523,553,0,553,1076
08/18/2004,LGB,CA,AWP,WE,Towers with Display (VFR),79,12,103,1,195,0,9,271,0,280,79,21,374,1,475,512,0,512,987
08/19/2004,LGB,CA,AWP,WE,Towers with Display (VFR),79,12,96,0,187,4,11,329,0,344,83,23,425,0,531,647,0,647,1178
08/20/2004,LGB,CA,AWP,WE,Towers with Display (VFR),73,11,89,1,174,13,15,281,0,309,86,26,370,1,483,424,0,424,907
08/21/2004,LGB,CA,AWP,WE,Towers with Display (VFR),69,11,94,0,174,0,5,424,0,429,69,16,518,0,603,594,0,594,1197
08/22/2004,LGB,CA,AWP,WE,Towers with Display (VFR),75,7,96,0,178,0,0,286,0,286,75,7,382,0,464,359,0,359,823
08/23/2004,LGB,CA,AWP,WE,Towers with Display (VFR),81,12,99,1,193,2,7,238,0,247,83,19,337,1,440,386,0,386,826
08/24/2004,LGB,CA,AWP,WE,Towers with Display (VFR),82,13,106,1,202,0,12,377,1,390,82,25,483,2,592,681,0,681,1273
08/25/2004,LGB,CA,AWP,WE,Towers with Display (VFR),80,12,103,0,195,0,11,339,0,350,80,23,442,0,545,491,0,491,1036
08/26/2004,LGB,CA,AWP,WE,Towers with Display (VFR),81,12,105,1,199,0,9,252,0,261,81,21,357,1,460,617,0,617,1077
08/27/2004,LGB,CA,AWP,WE,Towers with Display (VFR),83,12,104,0,199,0,19,311,0,330,83,31,415,0,529,492,0,492,1021
08/28/2004,LGB,CA,AWP,WE,Towers with Display (VFR),72,12,101,0,185,0,2,337,0,339,72,14,438,0,524,410,0,410,934
08/29/2004,LGB,CA,AWP,WE,Towers with Display (VFR),70,10,86,0,166,5,1,253,3,262,75,11,339,3,428,453,0,453,881
08/30/2004,LGB,CA,AWP,WE,Towers with Display (VFR),82,12,101,0,195,3,10,262,4,279,85,22,363,4,474,630,0,630,1104
08/31/2004,LGB,CA,AWP,WE,Towers with Display (VFR),80,12,99,0,191,0,13,307,5,325,80,25,406,5,516,508,0,508,1024
09/01/2004,LGB,CA,AWP,WE,Towers with Display (VFR),88,13,99,0,200,3,2,256,1,262,91,15,355,1,462,551,0,551,1013
09/02/2004,LGB,CA,AWP,WE,Towers with Display (VFR),95,15,118,1,229,0,15,193,3,211,95,30,311,4,440,603,0,603,1043
09/03/2004,LGB,CA,AWP,WE,Towers with Display (VFR),79,13,97,0,189,0,10,266,1,277,79,23,363,1,466,445,0,445,911
09/04/2004,LGB,CA,AWP,WE,Towers with Display (VFR),57,9,64,0,130,5,5,288,0,298,62,14,352,0,428,454,0,454,882
09/05/2004,LGB,CA,AWP,WE,Towers with Display (VFR),47,8,53,0,108,21,3,279,0,303,68,11,332,0,411,348,0,348,759
09/06/2004,LGB,CA,AWP,WE,Towers with Display (VFR),59,8,66,0,133,13,0,286,1,300,72,8,352,1,433,352,0,352,785
09/07/2004,LGB,CA,AWP,WE,Towers with Display (VFR),81,13,91,0,185,5,11,306,1,323,86,24,397,1,508,406,0,406,914
09/08/2004,LGB,CA,AWP,WE,Towers with Display (VFR),78,12,88,0,178,1,7,250,0,258,79,19,338,0,436,481,0,481,917
09/09/2004,LGB,CA,AWP,WE,Towers with Display (VFR),84,11,94,0,189,4,15,316,0,335,88,26,410,0,524,567,0,567,1091
09/10/2004,LGB,CA,AWP,WE,Towers with Display (VFR),78,11,88,1,178,0,9,332,4,345,78,20,420,5,523,481,0,481,1004
09/11/2004,LGB,CA,AWP,WE,Towers with Display (VFR),52,7,58,0,117,10,3,312,0,325,62,10,370,0,442,390,0,390,832
09/12/2004,LGB,CA,AWP,WE,Towers with Display (VFR),59,8,67,1,135,13,5,294,0,312,72,13,361,1,447,421,0,421,868
09/13/2004,LGB,CA,AWP,WE,Towers with Display (VFR),68,9,77,1,155,11,11,221,1,244,79,20,298,2,399,459,0,459,858
09/14/2004,LGB,CA,AWP,WE,Towers with Display (VFR),73,11,86,1,171,0,12,342,1,355,73,23,428,2,526,377,0,377,903
09/15/2004,LGB,CA,AWP,WE,Towers with Display (VFR),77,12,103,2,194,0,15,318,0,333,77,27,421,2,527,656,0,656,1183
09/16/2004,LGB,CA,AWP,WE,Towers with Display (VFR),83,13,104,2,202,0,4,243,3,250,83,17,347,5,452,400,0,400,852
09/17/2004,LGB,CA,AWP,WE,Towers with Display (VFR),78,11,91,0,180,0,6,305,0,311,78,17,396,0,491,535,0,535,1026
09/18/2004,LGB,CA,AWP,WE,Towers with Display (VFR),60,9,78,1,148,0,11,291,3,305,60,20,369,4,453,330,0,330,783
09/19/2004,LGB,CA,AWP,WE,Towers with Display (VFR),70,11,85,1,167,0,8,279,1,288,70,19,364,2,455,343,0,343,798
09/20/2004,LGB,CA,AWP,WE,Towers with Display (VFR),71,9,78,0,158,8,7,277,0,292,79,16,355,0,450,513,0,513,963
09/21/2004,LGB,CA,AWP,WE,Towers with Display (VFR),79,11,86,0,176,3,10,329,0,342,82,21,415,0,518,601,0,601,1119
09/22/2004,LGB,CA,AWP,WE,Towers with Display (VFR),82,11,90,1,184,0,2,376,2,380,82,13,466,3,564,643,0,643,1207
09/23/2004,LGB,CA,AWP,WE,Towers with Display (VFR),84,11,92,1,188,0,0,342,3,345,84,11,434,4,533,621,0,621,1154
09/24/2004,LGB,CA,AWP,WE,Towers with Display (VFR),68,9,74,0,151,10,3,337,0,350,78,12,411,0,501,445,0,445,946
09/25/2004,LGB,CA,AWP,WE,Towers with Display (VFR),72,11,80,0,163,0,1,331,0,332,72,12,411,0,495,481,0,481,976
09/26/2004,LGB,CA,AWP,WE,Towers with Display (VFR),75,8,95,1,179,0,0,275,1,276,75,8,370,2,455,377,0,377,832
09/27/2004,LGB,CA,AWP,WE,Towers with Display (VFR),89,12,97,1,199,2,10,224,1,237,91,22,321,2,436,374,0,374,810
09/28/2004,LGB,CA,AWP,WE,Towers with Display (VFR),81,12,103,2,198,0,17,310,0,327,81,29,413,2,525,538,0,538,1063
09/29/2004,LGB,CA,AWP,WE,Towers with Display (VFR),82,12,93,1,188,0,7,345,0,352,82,19,438,1,540,528,0,528,1068
09/30/2004,LGB,CA,AWP,WE,Towers with Display (VFR),86,12,104,1,203,0,3,300,0,303,86,15,404,1,506,587,0,587,1093
10/01/2004,LGB,CA,AWP,WE,Towers with Display (VFR),84,5,97,0,186,0,13,265,1,279,84,18,362,1,465,555,0,555,1020
10/02/2004,LGB,CA,AWP,WE,Towers with Display (VFR),66,6,64,0,136,0,23,264,1,288,66,29,328,1,424,482,0,482,906
10/03/2004,LGB,CA,AWP,WE,Towers with Display (VFR),76,6,80,0,162,0,5,251,1,257,76,11,331,1,419,406,0,406,825
10/04/2004,LGB,CA,AWP,WE,Towers with Display (VFR),81,20,121,1,223,0,8,215,0,223,81,28,336,1,446,336,0,336,782
10/05/2004,LGB,CA,AWP,WE,Towers with Display (VFR),84,21,104,0,209,2,11,337,1,351,86,32,441,1,560,494,0,494,1054
10/06/2004,LGB,CA,AWP,WE,Towers with Display (VFR),90,13,128,0,231,0,3,247,6,256,90,16,375,6,487,417,0,417,904
10/07/2004,LGB,CA,AWP,WE,Towers with Display (VFR),83,13,162,0,258,0,5,120,1,126,83,18,282,1,384,401,0,401,785
10/08/2004,LGB,CA,AWP,WE,Towers with Display (VFR),77,23,162,0,262,0,1,142,1,144,77,24,304,1,406,338,0,338,744
10/09/2004,LGB,CA,AWP,WE,Towers with Display (VFR),67,10,117,1,195,0,1,212,0,213,67,11,329,1,408,211,0,211,619
10/10/2004,LGB,CA,AWP,WE,Towers with Display (VFR),74,6,91,2,173,0,6,339,0,345,74,12,430,2,518,321,0,321,839
10/11/2004,LGB,CA,AWP,WE,Towers with Display (VFR),81,7,97,1,186,0,5,281,0,286,81,12,378,1,472,335,0,335,807
10/12/2004,LGB,CA,AWP,WE,Towers with Display (VFR),80,8,96,4,188,0,9,326,3,338,80,17,422,7,526,517,0,517,1043
10/13/2004,LGB,CA,AWP,WE,Towers with Display (VFR),80,10,112,0,202,0,9,315,8,332,80,19,427,8,534,480,0,480,1014
10/14/2004,LGB,CA,AWP,WE,Towers with Display (VFR),81,15,92,0,188,0,1,288,0,289,81,16,380,0,477,554,0,554,1031
10/15/2004,LGB,CA,AWP,WE,Towers with Display (VFR),78,13,124,1,216,0,8,238,0,246,78,21,362,1,462,401,0,401,863
10/16/2004,LGB,CA,AWP,WE,Towers with Display (VFR),66,4,99,0,169,0,3,220,0,223,66,7,319,0,392,615,0,615,1007
10/17/2004,LGB,CA,AWP,WE,Towers with Display (VFR),72,10,89,1,172,0,2,141,0,143,72,12,230,1,315,417,0,417,732
10/18/2004,LGB,CA,AWP,WE,Towers with Display (VFR),2,1,5,1,9,83,17,274,3,377,85,18,279,4,386,382,0,382,768
10/19/2004,LGB,CA,AWP,WE,Towers with Display (VFR),84,11,141,0,236,0,9,178,0,187,84,20,319,0,423,272,0,272,695
10/20/2004,LGB,CA,AWP,WE,Towers with Display (VFR),82,1,171,2,256,0,13,83,0,96,82,14,254,2,352,18,0,18,370
10/21/2004,LGB,CA,AWP,WE,Towers with Display (VFR),80,16,176,3,275,0,17,410,2,429,80,33,586,5,704,9,0,9,713
10/22/2004,LGB,CA,AWP,WE,Towers with Display (VFR),79,14,188,1,282,0,9,574,0,583,79,23,762,1,865,9,0,9,874
10/23/2004,LGB,CA,AWP,WE,Towers with Display (VFR),68,4,149,0,221,0,2,512,1,515,68,6,661,1,736,14,0,14,750
10/24/2004,LGB,CA,AWP,WE,Towers with Display (VFR),71,8,125,0,204,0,5,364,0,369,71,13,489,0,573,123,0,123,696
10/25/2004,LGB,CA,AWP,WE,Towers with Display (VFR),79,16,90,0,185,0,12,272,0,284,79,28,362,0,469,536,0,536,1005
10/26/2004,LGB,CA,AWP,WE,Towers with Display (VFR),84,29,89,0,202,0,2,227,0,229,84,31,316,0,431,323,0,323,754
10/27/2004,LGB,CA,AWP,WE,Towers with Display (VFR),82,19,81,0,182,0,6,157,0,163,82,25,238,0,345,323,0,323,668
10/28/2004,LGB,CA,AWP,WE,Towers with Display (VFR),76,18,101,1,196,0,3,272,1,276,76,21,373,2,472,521,0,521,993
10/29/2004,LGB,CA,AWP,WE,Towers with Display (VFR),80,14,98,4,196,0,12,313,1,326,80,26,411,5,522,374,0,374,896
10/30/2004,LGB,CA,AWP,WE,Towers with Display (VFR),67,9,82,0,158,0,0,332,0,332,67,9,414,0,490,437,0,437,927
10/31/2004,LGB,CA,AWP,WE,Towers with Display (VFR),69,6,71,0,146,0,5,263,1,269,69,11,334,1,415,309,0,309,724
11/01/2004,LGB,CA,AWP,WE,Towers with Radar,77,8,69,0,154,0,8,231,0,239,77,16,300,0,393,429,0,429,822
11/02/2004,LGB,CA,AWP,WE,Towers with Radar,76,9,70,2,157,0,21,319,1,341,76,30,389,3,498,362,0,362,860
11/03/2004,LGB,CA,AWP,WE,Towers with Radar,75,13,97,0,185,0,4,328,0,332,75,17,425,0,517,447,0,447,964
11/04/2004,LGB,CA,AWP,WE,Towers with Radar,80,13,74,0,167,0,3,350,0,353,80,16,424,0,520,605,0,605,1125
11/05/2004,LGB,CA,AWP,WE,Towers with Radar,79,14,97,6,196,0,4,292,2,298,79,18,389,8,494,515,0,515,1009
11/06/2004,LGB,CA,AWP,WE,Towers with Radar,65,9,85,0,159,0,9,296,0,305,65,18,381,0,464,394,0,394,858
11/07/2004,LGB,CA,AWP,WE,Towers with Radar,72,19,55,2,148,0,0,155,0,155,72,19,210,2,303,438,0,438,741
11/08/2004,LGB,CA,AWP,WE,Towers with Radar,79,8,87,1,175,0,6,253,0,259,79,14,340,1,434,573,0,573,1007
11/09/2004,LGB,CA,AWP,WE,Towers with Radar,76,19,100,0,195,0,12,250,2,264,76,31,350,2,459,620,0,620,1079
11/10/2004,LGB,CA,AWP,WE,Towers with Radar,77,15,116,0,208,0,5,370,0,375,77,20,486,0,583,569,0,569,1152
11/11/2004,LGB,CA,AWP,WE,Towers with Radar,77,7,113,1,198,0,7,323,15,345,77,14,436,16,543,464,0,464,1007
11/12/2004,LGB,CA,AWP,WE,Towers with Radar,72,9,98,5,184,0,10,332,2,344,72,19,430,7,528,562,0,562,1090
11/13/2004,LGB,CA,AWP,WE,Towers with Radar,61,10,84,3,158,0,3,265,0,268,61,13,349,3,426,422,0,422,848
11/14/2004,LGB,CA,AWP,WE,Towers with Radar,69,16,105,2,192,0,4,348,1,353,69,20,453,3,545,444,0,444,989
11/15/2004,LGB,CA,AWP,WE,Towers with Radar,77,14,75,3,169,0,3,328,1,332,77,17,403,4,501,444,0,444,945
11/16/2004,LGB,CA,AWP,WE,Towers with Radar,74,5,91,0,170,0,4,311,0,315,74,9,402,0,485,570,0,570,1055
11/17/2004,LGB,CA,AWP,WE,Towers with Radar,76,11,75,4,166,0,7,350,0,357,76,18,425,4,523,523,0,523,1046
11/18/2004,LGB,CA,AWP,WE,Towers with Radar,77,38,104,4,223,0,20,374,1,395,77,58,478,5,618,465,0,465,1083
11/19/2004,LGB,CA,AWP,WE,Towers with Radar,74,19,103,8,204,0,5,235,8,248,74,24,338,16,452,458,0,458,910
11/20/2004,LGB,CA,AWP,WE,Towers with Radar,61,13,100,1,175,0,7,309,2,318,61,20,409,3,493,412,0,412,905
11/21/2004,LGB,CA,AWP,WE,Towers with Radar,67,7,66,1,141,0,2,206,0,208,67,9,272,1,349,383,0,383,732
11/22/2004,LGB,CA,AWP,WE,Towers with Radar,81,11,73,0,165,0,6,300,7,313,81,17,373,7,478,538,0,538,1016
11/23/2004,LGB,CA,AWP,WE,Towers with Radar,83,11,111,1,206,0,6,350,1,357,83,17,461,2,563,573,0,573,1136
11/24/2004,LGB,CA,AWP,WE,Towers with Radar,85,5,98,2,190,0,6,329,1,336,85,11,427,3,526,584,0,584,1110
11/25/2004,LGB,CA,AWP,WE,Towers with Radar,53,3,55,0,111,0,2,122,0,124,53,5,177,0,235,100,0,100,335
11/26/2004,LGB,CA,AWP,WE,Towers with Radar,70,5,51,0,126,0,5,262,2,269,70,10,313,2,395,483,0,483,878
11/27/2004,LGB,CA,AWP,WE,Towers with Radar,68,6,104,1,179,1,4,97,0,102,69,10,201,1,281,314,0,314,595
11/28/2004,LGB,CA,AWP,WE,Towers with Radar,74,15,80,0,169,0,4,277,0,281,74,19,357,0,450,377,0,377,827
11/29/2004,LGB,CA,AWP,WE,Towers with Radar,79,13,75,6,173,0,4,223,4,231,79,17,298,10,404,336,0,336,740
11/30/2004,LGB,CA,AWP,WE,Towers with Radar,86,14,82,0,182,0,3,310,2,315,86,17,392,2,497,464,0,464,961
12/01/2004,LGB,CA,AWP,WE,Towers with Radar,78,20,114,1,213,0,4,293,2,299,78,24,407,3,512,488,0,488,1000
12/02/2004,LGB,CA,AWP,WE,Towers with Radar,77,17,107,0,201,0,5,263,0,268,77,22,370,0,469,382,0,382,851
12/03/2004,LGB,CA,AWP,WE,Towers with Radar,77,9,81,0,167,0,5,286,1,292,77,14,367,1,459,378,0,378,837
12/04/2004,LGB,CA,AWP,WE,Towers with Radar,65,2,91,0,158,0,0,178,0,178,65,2,269,0,336,350,0,350,686
12/05/2004,LGB,CA,AWP,WE,Towers with Radar,67,7,58,1,133,0,0,70,0,70,67,7,128,1,203,152,0,152,355
12/06/2004,LGB,CA,AWP,WE,Towers with Radar,77,9,46,1,133,0,15,244,2,261,77,24,290,3,394,467,0,467,861
12/07/2004,LGB,CA,AWP,WE,Towers with Radar,76,28,98,3,205,0,4,203,2,209,76,32,301,5,414,414,0,414,828
12/08/2004,LGB,CA,AWP,WE,Towers with Radar,90,22,109,0,221,0,0,120,1,121,90,22,229,1,342,254,0,254,596
12/09/2004,LGB,CA,AWP,WE,Towers with Radar,72,15,100,0,187,0,1,273,0,274,72,16,373,0,461,544,0,544,1005
12/10/2004,LGB,CA,AWP,WE,Towers with Radar,74,11,118,1,204,0,14,333,0,347,74,25,451,1,551,561,0,561,1112
12/11/2004,LGB,CA,AWP,WE,Towers with Radar,59,5,83,0,147,0,4,303,4,311,59,9,386,4,458,484,0,484,942
12/12/2004,LGB,CA,AWP,WE,Towers with Radar,71,8,116,0,195,0,1,158,0,159,71,9,274,0,354,286,0,286,640
12/13/2004,LGB,CA,AWP,WE,Towers with Radar,76,10,134,0,220,0,4,192,1,197,76,14,326,1,417,330,0,330,747
12/14/2004,LGB,CA,AWP,WE,Towers with Radar,77,19,118,0,214,0,8,320,0,328,77,27,438,0,542,442,0,442,984
12/15/2004,LGB,CA,AWP,WE,Towers with Radar,76,20,109,0,205,0,6,287,0,293,76,26,396,0,498,407,0,407,905
12/16/2004,LGB,CA,AWP,WE,Towers with Radar,78,15,75,0,168,0,11,215,0,226,78,26,290,0,394,389,0,389,783
12/17/2004,LGB,CA,AWP,WE,Towers with Radar,74,18,86,0,178,0,5,274,0,279,74,23,360,0,457,446,0,446,903
12/18/2004,LGB,CA,AWP,WE,Towers with Radar,63,2,98,0,163,0,3,325,0,328,63,5,423,0,491,418,0,418,909
12/19/2004,LGB,CA,AWP,WE,Towers with Radar,65,6,86,0,157,0,3,329,2,334,65,9,415,2,491,282,0,282,773
12/20/2004,LGB,CA,AWP,WE,Towers with Radar,76,6,79,0,161,0,4,222,0,226,76,10,301,0,387,327,0,327,714
12/21/2004,LGB,CA,AWP,WE,Towers with Radar,79,11,94,2,186,0,2,307,1,310,79,13,401,3,496,336,0,336,832
12/22/2004,LGB,CA,AWP,WE,Towers with Radar,68,7,87,0,162,0,7,285,0,292,68,14,372,0,454,384,0,384,838
12/23/2004,LGB,CA,AWP,WE,Towers with Radar,72,7,87,0,166,0,6,247,0,253,72,13,334,0,419,298,0,298,717
12/24/2004,LGB,CA,AWP,WE,Towers with Radar,69,4,59,0,132,0,6,203,0,209,69,10,262,0,341,267,0,267,608
12/25/2004,LGB,CA,AWP,WE,Towers with Radar,60,1,22,0,83,0,2,94,0,96,60,3,116,0,179,78,0,78,257
12/26/2004,LGB,CA,AWP,WE,Towers with Radar,65,12,75,0,152,0,2,166,0,168,65,14,241,0,320,218,0,218,538
12/27/2004,LGB,CA,AWP,WE,Towers with Radar,73,4,56,0,133,0,0,105,0,105,73,4,161,0,238,256,0,256,494
12/28/2004,LGB,CA,AWP,WE,Towers with Radar,79,4,49,0,132,0,6,70,0,76,79,10,119,0,208,97,0,97,305
12/29/2004,LGB,CA,AWP,WE,Towers with Radar,77,3,81,0,161,0,7,136,0,143,77,10,217,0,304,190,0,190,494
12/30/2004,LGB,CA,AWP,WE,Towers with Radar,37,7,48,1,93,40,18,303,2,363,77,25,351,3,456,412,0,412,868
12/31/2004,LGB,CA,AWP,WE,Towers with Radar,65,5,61,0,131,0,2,76,0,78,65,7,137,0,209,123,0,123,332
01/01/2005,LGB,CA,AWP,WE,Towers with Radar,61,3,54,0,118,0,2,168,0,170,61,5,222,0,288,248,0,248,536
01/02/2005,LGB,CA,AWP,WE,Towers with Radar,67,8,77,0,152,0,1,116,0,117,67,9,193,0,269,284,0,284,553
01/03/2005,LGB,CA,AWP,WE,Towers with Radar,74,4,85,0,163,0,2,98,0,100,74,6,183,0,263,236,0,236,499
01/04/2005,LGB,CA,AWP,WE,Towers with Radar,78,6,71,1,156,0,21,171,0,192,78,27,242,1,348,334,0,334,682
01/05/2005,LGB,CA,AWP,WE,Towers with Radar,80,15,136,2,233,0,6,257,0,263,80,21,393,2,496,359,0,359,855
01/06/2005,LGB,CA,AWP,WE,Towers with Radar,82,6,99,1,188,0,8,294,1,303,82,14,393,2,491,439,0,439,930
01/07/2005,LGB,CA,AWP,WE,Towers with Radar,77,8,50,0,135,0,1,44,0,45,77,9,94,0,180,42,0,42,222
01/08/2005,LGB,CA,AWP,WE,Towers with Radar,70,7,43,0,120,0,1,66,0,67,70,8,109,0,187,249,0,249,436
01/09/2005,LGB,CA,AWP,WE,Towers with Radar,64,9,49,0,122,0,0,0,0,0,64,9,49,0,122,24,0,24,146
01/10/2005,LGB,CA,AWP,WE,Towers with Radar,83,14,44,0,141,0,0,14,0,14,83,14,58,0,155,10,0,10,165
01/11/2005,LGB,CA,AWP,WE,Towers with Radar,84,9,78,0,171,0,5,177,0,182,84,14,255,0,353,321,0,321,674
01/12/2005,LGB,CA,AWP,WE,Towers with Radar,76,19,124,1,220,0,10,415,0,425,76,29,539,1,645,741,0,741,1386
01/13/2005,LGB,CA,AWP,WE,Towers with Radar,78,13,122,0,213,0,15,370,1,386,78,28,492,1,599,746,0,746,1345
01/14/2005,LGB,CA,AWP,WE,Towers with Radar,78,15,145,1,239,0,11,334,0,345,78,26,479,1,584,510,0,510,1094
01/15/2005,LGB,CA,AWP,WE,Towers with Radar,65,9,100,0,174,0,9,411,2,422,65,18,511,2,596,588,0,588,1184
01/16/2005,LGB,CA,AWP,WE,Towers with Radar,67,3,91,1,162,0,4,305,1,310,67,7,396,2,472,412,0,412,884
01/17/2005,LGB,CA,AWP,WE,Towers with Radar,77,13,87,2,179,0,1,325,0,326,77,14,412,2,505,592,0,592,1097
01/18/2005,LGB,CA,AWP,WE,Towers with Radar,78,13,102,0,193,0,7,326,0,333,78,20,428,0,526,390,0,390,916
01/19/2005,LGB,CA,AWP,WE,Towers with Radar,82,11,125,0,218,0,9,353,1,363,82,20,478,1,581,475,0,475,1056
01/20/2005,LGB,CA,AWP,WE,Towers with Radar,80,18,117,0,215,0,3,378,0,381,80,21,495,0,596,536,0,536,1132
01/21/2005,LGB,CA,AWP,WE,Towers with Radar,77,17,103,0,197,0,1,314,1,316,77,18,417,1,513,462,0,462,975
01/22/2005,LGB,CA,AWP,WE,Towers with Radar,54,9,151,0,214,0,0,91,0,91,54,9,242,0,305,136,0,136,441
01/23/2005,LGB,CA,AWP,WE,Towers with Radar,60,9,91,0,160,0,3,314,0,317,60,12,405,0,477,356,0,356,833
01/24/2005,LGB,CA,AWP,WE,Towers with Radar,79,16,74,4,173,0,3,211,0,214,79,19,285,4,387,254,0,254,641
01/25/2005,LGB,CA,AWP,WE,Towers with Radar,80,17,121,1,219,0,14,221,0,235,80,31,342,1,454,488,0,488,942
01/26/2005,LGB,CA,AWP,WE,Towers with Radar,80,13,109,0,202,0,9,140,2,151,80,22,249,2,353,342,0,342,695
01/27/2005,LGB,CA,AWP,WE,Towers with Radar,81,7,133,0,221,0,7,239,0,246,81,14,372,0,467,442,0,442,909
01/28/2005,LGB,CA,AWP,WE,Towers with Radar,76,13,98,0,187,0,4,86,0,90,76,17,184,0,277,182,0,182,459
01/29/2005,LGB,CA,AWP,WE,Towers with Radar,64,6,92,0,162,0,2,413,0,415,64,8,505,0,577,363,0,363,940
01/30/2005,LGB,CA,AWP,WE,Towers with Radar,65,11,96,0,172,0,5,325,0,330,65,16,421,0,502,459,0,459,961
01/31/2005,LGB,CA,AWP,WE,Towers with Radar,76,8,97,2,183,0,15,290,0,305,76,23,387,2,488,456,0,456,944
02/01/2005,LGB,CA,AWP,WE,Towers with Radar,78,9,101,2,190,0,10,333,0,343,78,19,434,2,533,506,0,506,1039
02/02/2005,LGB,CA,AWP,WE,Towers with Radar,79,7,108,2,196,0,10,340,0,350,79,17,448,2,546,587,0,587,1133
02/03/2005,LGB,CA,AWP,WE,Towers with Radar,83,10,78,1,172,0,8,323,1,332,83,18,401,2,504,387,0,387,891
02/04/2005,LGB,CA,AWP,WE,Towers with Radar,75,11,115,0,201,0,11,333,0,344,75,22,448,0,545,479,0,479,1024
02/05/2005,LGB,CA,AWP,WE,Towers with Radar,66,6,94,0,166,0,0,261,0,261,66,6,355,0,427,589,0,589,1016
02/06/2005,LGB,CA,AWP,WE,Towers with Radar,65,16,87,2,170,0,3,178,2,183,65,19,265,4,353,229,0,229,582
02/07/2005,LGB,CA,AWP,WE,Towers with Radar,83,19,117,4,223,0,3,232,4,239,83,22,349,8,462,386,0,386,848
02/08/2005,LGB,CA,AWP,WE,Towers with Radar,76,11,106,4,197,0,10,375,0,385,76,21,481,4,582,377,0,377,959
02/09/2005,LGB,CA,AWP,WE,Towers with Radar,39,8,80,0,127,39,18,403,0,460,78,26,483,0,587,448,0,448,1035
02/10/2005,LGB,CA,AWP,WE,Towers with Radar,80,9,133,0,222,0,11,336,0,347,80,20,469,0,569,457,0,457,1026
02/11/2005,LGB,CA,AWP,WE,Towers with Radar,83,10,100,1,194,0,4,74,0,78,83,14,174,1,272,272,0,272,544
02/12/2005,LGB,CA,AWP,WE,Towers with Radar,63,4,74,1,142,0,3,230,1,234,63,7,304,2,376,348,0,348,724
02/13/2005,LGB,CA,AWP,WE,Towers with Radar,70,8,99,0,177,0,8,294,4,306,70,16,393,4,483,526,0,526,1009
02/14/2005,LGB,CA,AWP,WE,Towers with Radar,77,12,92,0,181,0,7,266,0,273,77,19,358,0,454,435,0,435,889
02/15/2005,LGB,CA,AWP,WE,Towers with Radar,80,12,101,2,195,0,7,301,0,308,80,19,402,2,503,534,0,534,1037
02/16/2005,LGB,CA,AWP,WE,Towers with Radar,80,8,125,0,213,0,7,310,0,317,80,15,435,0,530,701,0,701,1231
02/17/2005,LGB,CA,AWP,WE,Towers with Radar,84,15,100,0,199,0,4,155,0,159,84,19,255,0,358,348,0,348,706
02/18/2005,LGB,CA,AWP,WE,Towers with Radar,77,9,111,0,197,0,0,92,0,92,77,9,203,0,289,295,0,295,584
02/19/2005,LGB,CA,AWP,WE,Towers with Radar,65,10,38,0,113,0,3,118,0,121,65,13,156,0,234,302,0,302,536
02/20/2005,LGB,CA,AWP,WE,Towers with Radar,68,4,66,0,138,0,1,157,0,158,68,5,223,0,296,433,0,433,729
02/21/2005,LGB,CA,AWP,WE,Towers with Radar,79,15,72,2,168,5,9,60,0,74,84,24,132,2,242,263,0,263,505
02/22/2005,LGB,CA,AWP,WE,Towers with Radar,80,15,70,1,166,0,3,85,0,88,80,18,155,1,254,258,0,258,512
02/23/2005,LGB,CA,AWP,WE,Towers with Radar,78,11,126,3,218,0,9,283,2,294,78,20,409,5,512,599,0,599,1111
02/24/2005,LGB,CA,AWP,WE,Towers with Radar,79,12,164,0,255,0,5,326,0,331,79,17,490,0,586,690,0,690,1276
02/25/2005,LGB,CA,AWP,WE,Towers with Radar,78,18,168,1,265,0,7,209,0,216,78,25,377,1,481,521,0,521,1002
02/26/2005,LGB,CA,AWP,WE,Towers with Radar,64,11,104,1,180,0,15,424,0,439,64,26,528,1,619,651,0,651,1270
02/27/2005,LGB,CA,AWP,WE,Towers with Radar,71,12,98,0,181,0,6,305,0,311,71,18,403,0,492,631,0,631,1123
02/28/2005,LGB,CA,AWP,WE,Towers with Radar,78,12,90,1,181,0,6,280,0,286,78,18,370,1,467,552,0,552,1019
03/01/2005,LGB,CA,AWP,WE,Towers with Radar,81,13,97,4,195,0,1,218,0,219,81,14,315,4,414,533,0,533,947
03/02/2005,LGB,CA,AWP,WE,Towers with Radar,81,14,112,3,210,0,3,301,0,304,81,17,413,3,514,465,0,465,979
03/03/2005,LGB,CA,AWP,WE,Towers with Radar,77,7,140,1,225,0,15,317,0,332,77,22,457,1,557,567,0,567,1124
03/04/2005,LGB,CA,AWP,WE,Towers with Radar,79,10,113,1,203,0,8,188,0,196,79,18,301,1,399,389,0,389,788
03/05/2005,LGB,CA,AWP,WE,Towers with Radar,64,7,103,0,174,0,7,331,0,338,64,14,434,0,512,551,0,551,1063
03/06/2005,LGB,CA,AWP,WE,Towers with Radar,72,10,98,2,182,0,1,366,0,367,72,11,464,2,549,561,0,561,1110
03/07/2005,LGB,CA,AWP,WE,Towers with Radar,78,11,86,2,177,0,8,320,3,331,78,19,406,5,508,548,0,548,1056
03/08/2005,LGB,CA,AWP,WE,Towers with Radar,72,19,127,1,219,0,6,244,0,250,72,25,371,1,469,626,0,626,1095
03/09/2005,LGB,CA,AWP,WE,Towers with Radar,79,12,125,4,220,0,3,229,2,234,79,15,354,6,454,429,0,429,883
03/10/2005,LGB,CA,AWP,WE,Towers with Radar,80,8,184,0,272,0,1,139,0,140,80,9,323,0,412,288,0,288,700
03/11/2005,LGB,CA,AWP,WE,Towers with Radar,77,15,168,0,260,0,3,102,0,105,77,18,270,0,365,322,0,322,687
03/12/2005,LGB,CA,AWP,WE,Towers with Radar,63,0,148,0,211,0,12,217,1,230,63,12,365,1,441,577,0,577,1018
03/13/2005,LGB,CA,AWP,WE,Towers with Radar,68,6,130,3,207,0,3,215,1,219,68,9,345,4,426,599,0,599,1025
03/14/2005,LGB,CA,AWP,WE,Towers with Radar,79,18,103,1,201,0,6,293,0,299,79,24,396,1,500,510,0,510,1010
03/15/2005,LGB,CA,AWP,WE,Towers with Radar,81,20,100,0,201,0,5,374,0,379,81,25,474,0,580,484,0,484,1064
03/16/2005,LGB,CA,AWP,WE,Towers with Radar,79,13,123,0,215,0,4,405,0,409,79,17,528,0,624,596,0,596,1220
03/17/2005,LGB,CA,AWP,WE,Towers with Radar,87,19,99,5,210,0,9,348,3,360,87,28,447,8,570,602,0,602,1172
03/18/2005,LGB,CA,AWP,WE,Towers with Radar,76,13,96,0,185,0,4,150,0,154,76,17,246,0,339,559,0,559,898
03/19/2005,LGB,CA,AWP,WE,Towers with Radar,65,5,84,0,154,0,1,94,0,95,65,6,178,0,249,354,0,354,603
03/20/2005,LGB,CA,AWP,WE,Towers with Radar,69,14,100,2,185,0,2,292,6,300,69,16,392,8,485,513,0,513,998
03/21/2005,LGB,CA,AWP,WE,Towers with Radar,77,25,72,7,181,0,12,338,2,352,77,37,410,9,533,526,0,526,1059
03/22/2005,LGB,CA,AWP,WE,Towers with Radar,88,13,98,1,200,0,5,177,1,183,88,18,275,2,383,372,0,372,755
03/23/2005,LGB,CA,AWP,WE,Towers with Radar,83,16,109,0,208,0,13,255,0,268,83,29,364,0,476,496,0,496,972
03/24/2005,LGB,CA,AWP,WE,Towers with Radar,81,14,114,0,209,0,9,210,0,219,81,23,324,0,428,458,0,458,886
03/25/2005,LGB,CA,AWP,WE,Towers with Radar,77,11,98,0,186,0,6,479,0,485,77,17,577,0,671,542,0,542,1213
03/26/2005,LGB,CA,AWP,WE,Towers with Radar,64,20,93,0,177,0,6,401,0,407,64,26,494,0,584,626,0,626,1210
03/27/2005,LGB,CA,AWP,WE,Towers with Radar,69,12,62,0,143,0,0,361,0,361,69,12,423,0,504,209,0,209,713
03/28/2005,LGB,CA,AWP,WE,Towers with Radar,75,9,104,2,190,0,9,197,0,206,75,18,301,2,396,246,0,246,642
03/29/2005,LGB,CA,AWP,WE,Towers with Radar,80,8,102,1,191,0,6,320,0,326,80,14,422,1,517,600,0,600,1117
03/30/2005,LGB,CA,AWP,WE,Towers with Radar,80,11,125,0,216,0,0,312,1,313,80,11,437,1,529,531,0,531,1060
03/31/2005,LGB,CA,AWP,WE,Towers with Radar,81,12,84,3,180,0,10,225,0,235,81,22,309,3,415,389,0,389,804
04/01/2005,LGB,CA,AWP,WE,Towers with Radar,79,14,92,0,185,0,16,303,1,320,79,30,395,1,505,337,0,337,842
04/02/2005,LGB,CA,AWP,WE,Towers with Radar,62,6,67,0,135,0,0,285,0,285,62,6,352,0,420,601,0,601,1021
04/03/2005,LGB,CA,AWP,WE,Towers with Radar,69,9,89,0,167,0,2,307,2,311,69,11,396,2,478,462,0,462,940
04/04/2005,LGB,CA,AWP,WE,Towers with Radar,80,15,72,0,167,0,7,262,0,269,80,22,334,0,436,338,0,338,774
04/05/2005,LGB,CA,AWP,WE,Towers with Radar,80,8,89,2,179,0,8,348,0,356,80,16,437,2,535,527,0,527,1062
04/06/2005,LGB,CA,AWP,WE,Towers with Radar,78,16,122,1,217,0,12,403,1,416,78,28,525,2,633,578,0,578,1211
04/07/2005,LGB,CA,AWP,WE,Towers with Radar,80,10,128,0,218,0,8,303,0,311,80,18,431,0,529,478,0,478,1007
04/08/2005,LGB,CA,AWP,WE,Towers with Radar,77,20,115,4,216,0,8,336,0,344,77,28,451,4,560,399,0,399,959
04/09/2005,LGB,CA,AWP,WE,Towers with Radar,65,10,86,0,161,0,2,339,1,342,65,12,425,1,503,494,0,494,997
04/10/2005,LGB,CA,AWP,WE,Towers with Radar,71,9,107,0,187,1,5,377,0,383,72,14,484,0,570,536,0,536,1106
04/11/2005,LGB,CA,AWP,WE,Towers with Radar,79,13,91,1,184,0,10,322,2,334,79,23,413,3,518,463,0,463,981
04/12/2005,LGB,CA,AWP,WE,Towers with Radar,80,12,105,0,197,1,10,331,2,344,81,22,436,2,541,722,0,722,1263
04/13/2005,LGB,CA,AWP,WE,Towers with Radar,76,10,142,0,228,0,10,365,0,375,76,20,507,0,603,619,0,619,1222
04/14/2005,LGB,CA,AWP,WE,Towers with Radar,78,9,106,2,195,0,7,385,0,392,78,16,491,2,587,654,0,654,1241
04/15/2005,LGB,CA,AWP,WE,Towers with Radar,76,21,105,1,203,0,6,281,0,287,76,27,386,1,490,560,0,560,1050
04/16/2005,LGB,CA,AWP,WE,Towers with Radar,72,9,89,0,170,0,8,367,0,375,72,17,456,0,545,470,0,470,1015
04/17/2005,LGB,CA,AWP,WE,Towers with Radar,67,11,86,2,166,0,1,299,0,300,67,12,385,2,466,413,0,413,879
04/18/2005,LGB,CA,AWP,WE,Towers with Radar,78,12,101,0,191,0,8,204,2,214,78,20,305,2,405,694,0,694,1099
04/19/2005,LGB,CA,AWP,WE,Towers with Radar,77,18,107,2,204,0,20,331,0,351,77,38,438,2,555,523,0,523,1078
04/20/2005,LGB,CA,AWP,WE,Towers with Radar,80,13,127,0,220,0,13,336,0,349,80,26,463,0,569,663,0,663,1232
04/21/2005,LGB,CA,AWP,WE,Towers with Radar,80,18,128,1,227,0,9,368,1,378,80,27,496,2,605,527,0,527,1132
04/22/2005,LGB,CA,AWP,WE,Towers with Radar,76,16,97,1,190,0,12,299,0,311,76,28,396,1,501,525,0,525,1026
04/23/2005,LGB,CA,AWP,WE,Towers with Radar,72,5,96,2,175,0,3,308,0,311,72,8,404,2,486,648,0,648,1134
04/24/2005,LGB,CA,AWP,WE,Towers with Radar,70,3,97,0,170,0,1,204,0,205,70,4,301,0,375,328,0,328,703
04/25/2005,LGB,CA,AWP,WE,Towers with Radar,75,10,91,3,179,0,7,264,0,271,75,17,355,3,450,409,0,409,859
04/26/2005,LGB,CA,AWP,WE,Towers with Radar,78,7,127,2,214,0,9,365,0,374,78,16,492,2,588,485,0,485,1073
04/27/2005,LGB,CA,AWP,WE,Towers with Radar,78,6,135,2,221,0,3,270,1,274,78,9,405,3,495,516,0,516,1011
04/28/2005,LGB,CA,AWP,WE,Towers with Radar,79,4,120,1,204,711,10,256,0,977,790,14,376,1,1181,544,0,544,1725
04/29/2005,LGB,CA,AWP,WE,Towers with Radar,83,23,132,0,238,0,8,353,1,362,83,31,485,1,600,530,0,530,1130
04/30/2005,LGB,CA,AWP,WE,Towers with Radar,69,2,99,0,170,0,5,330,1,336,69,7,429,1,506,386,0,386,892
05/01/2005,LGB,CA,AWP,WE,Towers with Radar,70,10,79,0,159,0,0,312,0,312,70,10,391,0,471,414,0,414,885
05/02/2005,LGB,CA,AWP,WE,Towers with Radar,82,14,99,0,195,0,9,332,0,341,82,23,431,0,536,506,0,506,1042
05/03/2005,LGB,CA,AWP,WE,Towers with Radar,84,6,100,2,192,0,13,358,0,371,84,19,458,2,563,591,0,591,1154
05/04/2005,LGB,CA,AWP,WE,Towers with Radar,92,8,137,0,237,0,7,203,0,210,92,15,340,0,447,490,0,490,937
05/05/2005,LGB,CA,AWP,WE,Towers with Radar,86,22,99,4,211,0,0,345,0,345,86,22,444,4,556,555,0,555,1111
05/06/2005,LGB,CA,AWP,WE,Towers with Radar,91,13,140,0,244,0,9,309,2,320,91,22,449,2,564,386,0,386,950
05/07/2005,LGB,CA,AWP,WE,Towers with Radar,77,8,86,3,174,0,3,339,0,342,77,11,425,3,516,593,0,593,1109
05/08/2005,LGB,CA,AWP,WE,Towers with Radar,78,4,80,1,163,0,5,239,1,245,78,9,319,2,408,397,0,397,805
05/09/2005,LGB,CA,AWP,WE,Towers with Radar,83,9,91,3,186,0,20,197,0,217,83,29,288,3,403,400,0,400,803
05/10/2005,LGB,CA,AWP,WE,Towers with Radar,88,17,107,0,212,0,9,272,0,281,88,26,379,0,493,457,0,457,950
05/11/2005,LGB,CA,AWP,WE,Towers with Radar,84,18,133,0,235,0,5,393,1,399,84,23,526,1,634,506,0,506,1140
05/12/2005,LGB,CA,AWP,WE,Towers with Radar,88,19,117,0,224,0,2,395,0,397,88,21,512,0,621,575,0,575,1196
05/13/2005,LGB,CA,AWP,WE,Towers with Radar,85,17,115,6,223,0,5,311,0,316,85,22,426,6,539,500,0,500,1039
05/14/2005,LGB,CA,AWP,WE,Towers with Radar,78,10,127,0,215,0,0,352,2,354,78,10,479,2,569,382,0,382,951
05/15/2005,LGB,CA,AWP,WE,Towers with Radar,80,13,96,2,191,0,3,261,0,264,80,16,357,2,455,432,0,432,887
05/16/2005,LGB,CA,AWP,WE,Towers with Radar,84,14,109,10,217,0,10,158,0,168,84,24,267,10,385,554,0,554,939
05/17/2005,LGB,CA,AWP,WE,Towers with Radar,90,10,116,2,218,0,12,354,0,366,90,22,470,2,584,632,0,632,1216
05/18/2005,LGB,CA,AWP,WE,Towers with Radar,88,8,150,2,248,0,8,312,1,321,88,16,462,3,569,557,0,557,1126
05/19/2005,LGB,CA,AWP,WE,Towers with Radar,83,12,140,0,235,0,11,427,2,440,83,23,567,2,675,658,0,658,1333
05/20/2005,LGB,CA,AWP,WE,Towers with Radar,83,19,114,2,218,0,13,338,0,351,83,32,452,2,569,599,0,599,1168
05/21/2005,LGB,CA,AWP,WE,Towers with Radar,74,9,97,0,180,0,4,360,0,364,74,13,457,0,544,624,0,624,1168
05/22/2005,LGB,CA,AWP,WE,Towers with Radar,76,15,114,3,208,0,11,258,1,270,76,26,372,4,478,268,0,268,746
05/23/2005,LGB,CA,AWP,WE,Towers with Radar,87,10,111,5,213,0,6,231,0,237,87,16,342,5,450,318,0,318,768
05/24/2005,LGB,CA,AWP,WE,Towers with Radar,86,16,144,2,248,0,0,251,1,252,86,16,395,3,500,376,0,376,876
05/25/2005,LGB,CA,AWP,WE,Towers with Radar,88,15,177,2,282,0,2,357,5,364,88,17,534,7,646,594,0,594,1240
05/26/2005,LGB,CA,AWP,WE,Towers with Radar,88,15,3,3,109,0,7,429,0,436,88,22,432,3,545,472,0,472,1017
05/27/2005,LGB,CA,AWP,WE,Towers with Radar,86,18,164,2,270,0,5,236,0,241,86,23,400,2,511,364,0,364,875
05/28/2005,LGB,CA,AWP,WE,Towers with Radar,80,10,148,0,238,0,9,229,0,238,80,19,377,0,476,482,0,482,958
05/29/2005,LGB,CA,AWP,WE,Towers with Radar,78,6,62,0,146,0,3,6181,0,6184,78,9,6243,0,6330,417,0,417,6747
05/30/2005,LGB,CA,AWP,WE,Towers with Radar,88,9,122,1,220,0,2,324,1,327,88,11,446,2,547,424,0,424,971
05/31/2005,LGB,CA,AWP,WE,Towers with Radar,92,20,125,1,238,0,4,261,0,265,92,24,386,1,503,460,0,460,963
06/01/2005,LGB,CA,AWP,WE,Towers with Radar,88,14,137,3,242,0,6,303,0,309,88,20,440,3,551,643,0,643,1194
06/02/2005,LGB,CA,AWP,WE,Towers with Radar,88,20,131,2,241,0,5,194,0,199,88,25,325,2,440,504,0,504,944
06/03/2005,LGB,CA,AWP,WE,Towers with Radar,86,12,101,0,199,0,11,302,2,315,86,23,403,2,514,420,0,420,934
06/04/2005,LGB,CA,AWP,WE,Towers with Radar,73,3,140,2,218,0,1,265,2,268,73,4,405,4,486,529,0,529,1015
06/05/2005,LGB,CA,AWP,WE,Towers with Radar,76,11,126,0,213,0,3,340,0,343,76,14,466,0,556,518,0,518,1074
06/06/2005,LGB,CA,AWP,WE,Towers with Radar,87,10,92,0,189,0,3,361,0,364,87,13,453,0,553,430,0,430,983
06/07/2005,LGB,CA,AWP,WE,Towers with Radar,86,5,141,3,235,0,9,346,0,355,86,14,487,3,590,473,0,473,1063
06/08/2005,LGB,CA,AWP,WE,Towers with Radar,89,13,135,0,237,0,12,405,0,417,89,25,540,0,654,459,0,459,1113
06/09/2005,LGB,CA,AWP,WE,Towers with Radar,90,10,132,0,232,0,17,287,2,306,90,27,419,2,538,617,0,617,1155
06/10/2005,LGB,CA,AWP,WE,Towers with Radar,84,12,170,0,266,0,6,204,0,210,84,18,374,0,476,459,0,459,935
06/11/2005,LGB,CA,AWP,WE,Towers with Radar,73,7,133,0,213,0,8,263,0,271,73,15,396,0,484,539,0,539,1023
06/12/2005,LGB,CA,AWP,WE,Towers with Radar,78,14,122,0,214,0,2,219,0,221,78,16,341,0,435,392,0,392,827
06/13/2005,LGB,CA,AWP,WE,Towers with Radar,91,8,97,2,198,0,49,289,0,338,91,57,386,2,536,568,0,568,1104
06/14/2005,LGB,CA,AWP,WE,Towers with Radar,88,9,165,1,263,0,5,217,0,222,88,14,382,1,485,454,0,454,939
06/15/2005,LGB,CA,AWP,WE,Towers with Radar,92,18,152,0,262,0,12,206,0,218,92,30,358,0,480,569,0,569,1049
06/16/2005,LGB,CA,AWP,WE,Towers with Radar,88,18,130,0,236,0,7,232,0,239,88,25,362,0,475,631,0,631,1106
06/17/2005,LGB,CA,AWP,WE,Towers with Radar,86,7,161,4,258,0,9,282,0,291,86,16,443,4,549,495,0,495,1044
06/18/2005,LGB,CA,AWP,WE,Towers with Radar,74,17,88,1,180,0,14,410,1,425,74,31,498,2,605,455,0,455,1060
06/19/2005,LGB,CA,AWP,WE,Towers with Radar,81,8,71,1,161,0,9,298,0,307,81,17,369,1,468,229,0,229,697
06/20/2005,LGB,CA,AWP,WE,Towers with Radar,96,5,131,0,232,0,7,424,0,431,96,12,555,0,663,604,0,604,1267
06/21/2005,LGB,CA,AWP,WE,Towers with Radar,90,10,116,0,216,0,18,424,2,444,90,28,540,2,660,550,0,550,1210
06/22/2005,LGB,CA,AWP,WE,Towers with Radar,85,13,127,2,227,0,10,386,1,397,85,23,513,3,624,540,0,540,1164
06/23/2005,LGB,CA,AWP,WE,Towers with Radar,87,11,130,0,228,0,9,365,1,375,87,20,495,1,603,624,0,624,1227
06/24/2005,LGB,CA,AWP,WE,Towers with Radar,86,20,123,2,231,0,8,399,7,414,86,28,522,9,645,647,0,647,1292
06/25/2005,LGB,CA,AWP,WE,Towers with Radar,76,12,114,0,202,0,10,335,0,345,76,22,449,0,547,487,0,487,1034
06/26/2005,LGB,CA,AWP,WE,Towers with Radar,80,2,96,0,178,0,5,341,4,350,80,7,437,4,528,266,0,266,794
06/27/2005,LGB,CA,AWP,WE,Towers with Radar,86,10,122,0,218,0,7,319,1,327,86,17,441,1,545,475,0,475,1020
06/28/2005,LGB,CA,AWP,WE,Towers with Radar,86,7,146,4,243,3,12,342,1,358,89,19,488,5,601,634,0,634,1235
06/29/2005,LGB,CA,AWP,WE,Towers with Radar,90,10,118,0,218,0,8,336,0,344,90,18,454,0,562,584,0,584,1146
06/30/2005,LGB,CA,AWP,WE,Towers with Radar,89,11,132,4,236,0,9,339,1,349,89,20,471,5,585,524,0,524,1109
07/01/2005,LGB,CA,AWP,WE,Towers with Radar,86,13,159,2,260,0,6,278,0,284,86,19,437,2,544,348,0,348,892
07/02/2005,LGB,CA,AWP,WE,Towers with Radar,72,9,116,1,198,0,6,331,0,337,72,15,447,1,535,334,0,334,869
07/03/2005,LGB,CA,AWP,WE,Towers with Radar,74,7,94,0,175,0,3,265,0,268,74,10,359,0,443,350,0,350,793
07/04/2005,LGB,CA,AWP,WE,Towers with Radar,76,5,61,0,142,0,0,235,1,236,76,5,296,1,378,308,0,308,686
07/05/2005,LGB,CA,AWP,WE,Towers with Radar,85,13,141,4,243,0,6,223,0,229,85,19,364,4,472,409,0,409,881
07/06/2005,LGB,CA,AWP,WE,Towers with Radar,86,14,7,0,107,0,9,36,91,136,86,23,43,91,243,499,0,499,742
07/07/2005,LGB,CA,AWP,WE,Towers with Radar,86,13,162,1,262,0,11,326,4,341,86,24,488,5,603,676,0,676,1279
07/08/2005,LGB,CA,AWP,WE,Towers with Radar,79,20,135,0,234,0,4,254,3,261,79,24,389,3,495,756,0,756,1251
07/09/2005,LGB,CA,AWP,WE,Towers with Radar,74,4,91,0,169,0,4,321,0,325,74,8,412,0,494,640,0,640,1134
07/10/2005,LGB,CA,AWP,WE,Towers with Radar,77,14,111,0,202,0,2,266,0,268,77,16,377,0,470,462,0,462,932
07/11/2005,LGB,CA,AWP,WE,Towers with Radar,84,17,95,0,196,0,3,261,0,264,84,20,356,0,460,507,0,507,967
07/12/2005,LGB,CA,AWP,WE,Towers with Radar,84,15,174,1,274,0,4,246,0,250,84,19,420,1,524,523,0,523,1047
07/13/2005,LGB,CA,AWP,WE,Towers with Radar,83,13,133,0,229,0,6,354,0,360,83,19,487,0,589,577,0,577,1166
07/14/2005,LGB,CA,AWP,WE,Towers with Radar,87,12,138,0,237,0,10,379,1,390,87,22,517,1,627,646,0,646,1273
07/15/2005,LGB,CA,AWP,WE,Towers with Radar,83,18,160,0,261,0,4,328,38,370,83,22,488,38,631,517,0,517,1148
07/16/2005,LGB,CA,AWP,WE,Towers with Radar,68,21,75,1,165,0,0,370,1,371,68,21,445,2,536,499,0,499,1035
07/17/2005,LGB,CA,AWP,WE,Towers with Radar,80,6,102,0,188,0,1,265,0,266,80,7,367,0,454,383,0,383,837
07/18/2005,LGB,CA,AWP,WE,Towers with Radar,84,18,142,0,244,0,1,221,1,223,84,19,363,1,467,526,0,526,993
07/19/2005,LGB,CA,AWP,WE,Towers with Radar,88,11,113,0,212,0,13,260,1,274,88,24,373,1,486,521,0,521,1007
07/20/2005,LGB,CA,AWP,WE,Towers with Radar,88,6,116,4,214,0,12,349,0,361,88,18,465,4,575,790,0,790,1365
07/21/2005,LGB,CA,AWP,WE,Towers with Radar,84,14,98,0,196,0,18,392,4,414,84,32,490,4,610,492,0,492,1102
07/22/2005,LGB,CA,AWP,WE,Towers with Radar,81,9,113,0,203,0,11,315,0,326,81,20,428,0,529,612,0,612,1141
07/23/2005,LGB,CA,AWP,WE,Towers with Radar,72,2,0,0,74,0,5,0,0,5,72,7,0,0,79,472,0,472,551
07/24/2005,LGB,CA,AWP,WE,Towers with Radar,79,7,64,3,153,0,8,321,0,329,79,15,385,3,482,538,0,538,1020
07/25/2005,LGB,CA,AWP,WE,Towers with Radar,83,11,114,1,209,0,6,327,0,333,83,17,441,1,542,460,0,460,1002
07/26/2005,LGB,CA,AWP,WE,Towers with Radar,88,13,114,2,217,0,7,370,0,377,88,20,484,2,594,736,0,736,1330
07/27/2005,LGB,CA,AWP,WE,Towers with Radar,82,14,147,2,245,0,6,340,0,346,82,20,487,2,591,510,0,510,1101
07/28/2005,LGB,CA,AWP,WE,Towers with Radar,93,23,129,0,245,0,9,360,0,369,93,32,489,0,614,682,0,682,1296
07/29/2005,LGB,CA,AWP,WE,Towers with Radar,86,11,108,3,208,0,11,382,1,394,86,22,490,4,602,688,0,688,1290
07/30/2005,LGB,CA,AWP,WE,Towers with Radar,71,7,82,0,160,0,19,434,0,453,71,26,516,0,613,554,0,554,1167
07/31/2005,LGB,CA,AWP,WE,Towers with Radar,76,8,87,2,173,0,2,328,0,330,76,10,415,2,503,548,0,548,1051
08/01/2005,LGB,CA,AWP,WE,Towers with Radar,94,16,108,0,218,0,13,282,0,295,94,29,390,0,513,482,0,482,995
08/02/2005,LGB,CA,AWP,WE,Towers with Radar,90,29,112,0,231,0,14,237,0,251,90,43,349,0,482,604,0,604,1086
08/03/2005,LGB,CA,AWP,WE,Towers with Radar,89,9,135,6,239,0,7,369,5,381,89,16,504,11,620,678,0,678,1298
08/04/2005,LGB,CA,AWP,WE,Towers with Radar,88,16,150,1,255,0,0,309,0,309,88,16,459,1,564,639,0,639,1203
08/05/2005,LGB,CA,AWP,WE,Towers with Radar,83,20,86,1,190,0,14,390,0,404,83,34,476,1,594,520,0,520,1114
08/06/2005,LGB,CA,AWP,WE,Towers with Radar,73,10,96,0,179,0,7,347,0,354,73,17,443,0,533,505,0,505,1038
08/07/2005,LGB,CA,AWP,WE,Towers with Radar,77,5,83,1,166,0,3,312,0,315,77,8,395,1,481,607,0,607,1088
08/08/2005,LGB,CA,AWP,WE,Towers with Radar,86,10,119,0,215,0,12,316,1,329,86,22,435,1,544,538,0,538,1082
08/09/2005,LGB,CA,AWP,WE,Towers with Radar,90,12,104,5,211,0,11,395,7,413,90,23,499,12,624,579,0,579,1203
08/10/2005,LGB,CA,AWP,WE,Towers with Radar,86,0,104,1,191,0,24,407,0,431,86,24,511,1,622,515,0,515,1137
08/11/2005,LGB,CA,AWP,WE,Towers with Radar,84,11,125,0,220,0,11,330,1,342,84,22,455,1,562,575,0,575,1137
08/12/2005,LGB,CA,AWP,WE,Towers with Radar,86,16,143,0,245,0,9,247,0,256,86,25,390,0,501,579,0,579,1080
08/13/2005,LGB,CA,AWP,WE,Towers with Radar,69,10,138,0,217,0,3,199,0,202,69,13,337,0,419,500,0,500,919
08/14/2005,LGB,CA,AWP,WE,Towers with Radar,77,10,105,1,193,0,0,279,0,279,77,10,384,1,472,492,0,492,964
08/15/2005,LGB,CA,AWP,WE,Towers with Radar,90,7,126,0,223,0,8,214,0,222,90,15,340,0,445,493,0,493,938
08/16/2005,LGB,CA,AWP,WE,Towers with Radar,88,9,126,0,223,3,11,286,1,301,91,20,412,1,524,645,0,645,1169
08/17/2005,LGB,CA,AWP,WE,Towers with Radar,85,15,147,0,247,0,9,302,0,311,85,24,449,0,558,631,0,631,1189
08/18/2005,LGB,CA,AWP,WE,Towers with Radar,86,18,165,3,272,0,11,297,1,309,86,29,462,4,581,592,0,592,1173
08/19/2005,LGB,CA,AWP,WE,Towers with Radar,89,24,144,0,257,0,10,298,4,312,89,34,442,4,569,522,0,522,1091
08/20/2005,LGB,CA,AWP,WE,Towers with Radar,75,6,115,0,196,0,4,366,0,370,75,10,481,0,566,462,0,462,1028
08/21/2005,LGB,CA,AWP,WE,Towers with Radar,79,18,123,1,221,0,5,258,0,263,79,23,381,1,484,270,0,270,754
08/22/2005,LGB,CA,AWP,WE,Towers with Radar,85,10,113,2,210,6,5,301,0,312,91,15,414,2,522,419,0,419,941
08/23/2005,LGB,CA,AWP,WE,Towers with Radar,93,8,135,0,236,0,13,337,0,350,93,21,472,0,586,370,0,370,956
08/24/2005,LGB,CA,AWP,WE,Towers with Radar,83,17,149,0,249,0,3,356,1,360,83,20,505,1,609,520,0,520,1129
08/25/2005,LGB,CA,AWP,WE,Towers with Radar,84,14,105,0,203,0,9,320,0,329,84,23,425,0,532,554,0,554,1086
08/26/2005,LGB,CA,AWP,WE,Towers with Radar,84,13,106,0,203,0,9,312,2,323,84,22,418,2,526,399,0,399,925
08/27/2005,LGB,CA,AWP,WE,Towers with Radar,72,6,107,1,186,0,3,323,0,326,72,9,430,1,512,445,0,445,957
08/28/2005,LGB,CA,AWP,WE,Towers with Radar,73,15,74,5,167,0,3,298,2,303,73,18,372,7,470,315,0,315,785
08/29/2005,LGB,CA,AWP,WE,Towers with Radar,83,15,75,2,175,0,14,235,0,249,83,29,310,2,424,144,0,144,568
08/30/2005,LGB,CA,AWP,WE,Towers with Radar,88,17,139,7,251,0,6,320,0,326,88,23,459,7,577,584,0,584,1161
08/31/2005,LGB,CA,AWP,WE,Towers with Radar,86,11,145,1,243,0,10,365,0,375,86,21,510,1,618,586,0,586,1204
09/01/2005,LGB,CA,AWP,WE,Towers with Radar,84,20,142,0,246,0,11,392,0,403,84,31,534,0,649,495,0,495,1144
09/02/2005,LGB,CA,AWP,WE,Towers with Radar,82,13,114,2,211,0,8,289,0,297,82,21,403,2,508,508,0,508,1016
09/03/2005,LGB,CA,AWP,WE,Towers with Radar,69,8,95,0,172,0,4,277,0,281,69,12,372,0,453,412,0,412,865
09/04/2005,LGB,CA,AWP,WE,Towers with Radar,71,2,68,0,141,0,6,324,0,330,71,8,392,0,471,329,0,329,800
09/05/2005,LGB,CA,AWP,WE,Towers with Radar,78,9,92,0,179,0,6,433,0,439,78,15,525,0,618,336,0,336,954
09/06/2005,LGB,CA,AWP,WE,Towers with Radar,85,11,124,0,220,0,8,303,0,311,85,19,427,0,531,461,0,461,992
09/07/2005,LGB,CA,AWP,WE,Towers with Radar,83,4,98,2,187,0,17,326,0,343,83,21,424,2,530,428,0,428,958
09/08/2005,LGB,CA,AWP,WE,Towers with Radar,88,6,106,2,202,0,13,341,1,355,88,19,447,3,557,542,0,542,1099
09/09/2005,LGB,CA,AWP,WE,Towers with Radar,80,12,48,6,146,0,10,379,0,389,80,22,427,6,535,574,0,574,1109
09/10/2005,LGB,CA,AWP,WE,Towers with Radar,67,5,93,0,165,0,1,314,0,315,67,6,407,0,480,629,0,629,1109
09/11/2005,LGB,CA,AWP,WE,Towers with Radar,71,8,102,4,185,0,0,0,0,0,71,8,102,4,185,0,0,0,185
09/12/2005,LGB,CA,AWP,WE,Towers with Radar,83,13,100,2,198,0,7,257,0,264,83,20,357,2,462,305,0,305,767
09/13/2005,LGB,CA,AWP,WE,Towers with Radar,84,11,142,2,239,0,10,328,1,339,84,21,470,3,578,479,0,479,1057
09/14/2005,LGB,CA,AWP,WE,Towers with Radar,84,16,144,0,244,0,10,411,0,421,84,26,555,0,665,478,0,478,1143
09/15/2005,LGB,CA,AWP,WE,Towers with Radar,80,8,149,0,237,0,7,309,0,316,80,15,458,0,553,483,0,483,1036
09/16/2005,LGB,CA,AWP,WE,Towers with Radar,86,6,136,0,228,0,11,317,1,329,86,17,453,1,557,417,0,417,974
09/17/2005,LGB,CA,AWP,WE,Towers with Radar,73,3,71,1,148,0,6,326,0,332,73,9,397,1,480,418,0,418,898
09/18/2005,LGB,CA,AWP,WE,Towers with Radar,71,10,83,0,164,0,6,259,3,268,71,16,342,3,432,380,0,380,812
09/19/2005,LGB,CA,AWP,WE,Towers with Radar,84,15,134,2,235,0,8,307,0,315,84,23,441,2,550,471,0,471,1021
09/20/2005,LGB,CA,AWP,WE,Towers with Radar,89,28,66,0,183,0,5,125,1,131,89,33,191,1,314,258,0,258,572
09/21/2005,LGB,CA,AWP,WE,Towers with Radar,87,9,122,0,218,0,7,360,0,367,87,16,482,0,585,509,0,509,1094
09/22/2005,LGB,CA,AWP,WE,Towers with Radar,91,17,143,0,251,0,10,368,0,378,91,27,511,0,629,503,0,503,1132
09/23/2005,LGB,CA,AWP,WE,Towers with Radar,86,19,172,2,279,0,6,220,0,226,86,25,392,2,505,489,0,489,994
09/24/2005,LGB,CA,AWP,WE,Towers with Radar,68,14,107,2,191,0,2,276,0,278,68,16,383,2,469,562,0,562,1031
09/25/2005,LGB,CA,AWP,WE,Towers with Radar,77,12,92,4,185,0,0,302,0,302,77,12,394,4,487,346,0,346,833
09/26/2005,LGB,CA,AWP,WE,Towers with Radar,83,17,102,1,203,0,5,244,0,249,83,22,346,1,452,547,0,547,999
09/27/2005,LGB,CA,AWP,WE,Towers with Radar,81,7,90,0,178,0,9,307,2,318,81,16,397,2,496,422,0,422,918
09/28/2005,LGB,CA,AWP,WE,Towers with Radar,84,16,97,0,197,0,4,280,0,284,84,20,377,0,481,518,0,518,999
09/29/2005,LGB,CA,AWP,WE,Towers with Radar,88,14,137,0,239,0,9,402,0,411,88,23,539,0,650,479,0,479,1129
09/30/2005,LGB,CA,AWP,WE,Towers with Radar,86,12,143,0,241,0,8,375,0,383,86,20,518,0,624,492,0,492,1116
10/01/2005,LGB,CA,AWP,WE,Towers with Radar,65,5,77,2,149,0,5,258,0,263,65,10,335,2,412,461,0,461,873
10/02/2005,LGB,CA,AWP,WE,Towers with Radar,71,14,125,4,214,0,0,309,0,309,71,14,434,4,523,354,0,354,877
10/03/2005,LGB,CA,AWP,WE,Towers with Radar,86,15,78,3,182,0,7,271,0,278,86,22,349,3,460,465,0,465,925
10/04/2005,LGB,CA,AWP,WE,Towers with Radar,87,10,73,8,178,0,11,300,2,313,87,21,373,10,491,468,0,468,959
10/05/2005,LGB,CA,AWP,WE,Towers with Radar,89,15,116,0,220,0,15,349,0,364,89,30,465,0,584,470,0,470,1054
10/06/2005,LGB,CA,AWP,WE,Towers with Radar,86,31,96,0,213,0,0,352,0,352,86,31,448,0,565,551,0,551,1116
10/07/2005,LGB,CA,AWP,WE,Towers with Radar,81,17,135,0,233,0,8,297,0,305,81,25,432,0,538,503,0,503,1041
10/08/2005,LGB,CA,AWP,WE,Towers with Radar,74,12,96,5,187,0,1,251,0,252,74,13,347,5,439,465,0,465,904
10/09/2005,LGB,CA,AWP,WE,Towers with Radar,76,11,79,7,173,0,3,308,1,312,76,14,387,8,485,262,0,262,747
10/10/2005,LGB,CA,AWP,WE,Towers with Radar,83,10,78,0,171,0,4,319,0,323,83,14,397,0,494,642,0,642,1136
10/11/2005,LGB,CA,AWP,WE,Towers with Radar,85,14,102,1,202,0,6,293,0,299,85,20,395,1,501,404,0,404,905
10/12/2005,LGB,CA,AWP,WE,Towers with Radar,86,12,142,1,241,0,5,335,0,340,86,17,477,1,581,483,0,483,1064
10/13/2005,LGB,CA,AWP,WE,Towers with Radar,89,8,113,1,211,0,6,347,0,353,89,14,460,1,564,514,0,514,1078
10/14/2005,LGB,CA,AWP,WE,Towers with Radar,79,11,116,4,210,0,8,326,0,334,79,19,442,4,544,697,0,697,1241
10/15/2005,LGB,CA,AWP,WE,Towers with Radar,68,12,64,1,145,0,0,346,0,346,68,12,410,1,491,459,0,459,950
10/16/2005,LGB,CA,AWP,WE,Towers with Radar,77,7,91,0,175,0,7,195,0,202,77,14,286,0,377,232,0,232,609
10/17/2005,LGB,CA,AWP,WE,Towers with Radar,88,11,93,0,192,0,0,145,0,145,88,11,238,0,337,302,0,302,639
10/18/2005,LGB,CA,AWP,WE,Towers with Radar,82,2,19,1,104,0,16,300,0,316,82,18,319,1,420,566,0,566,986
10/19/2005,LGB,CA,AWP,WE,Towers with Radar,83,13,113,0,209,0,13,338,0,351,83,26,451,0,560,645,0,645,1205
10/20/2005,LGB,CA,AWP,WE,Towers with Radar,86,37,123,3,249,0,0,241,1,242,86,37,364,4,491,336,0,336,827
10/21/2005,LGB,CA,AWP,WE,Towers with Radar,84,29,150,4,267,0,6,73,0,79,84,35,223,4,346,176,0,176,522
10/22/2005,LGB,CA,AWP,WE,Towers with Radar,70,16,162,1,249,0,2,15,0,17,70,18,177,1,266,288,0,288,554
10/23/2005,LGB,CA,AWP,WE,Towers with Radar,72,11,142,0,225,0,0,78,0,78,72,11,220,0,303,376,0,376,679
10/24/2005,LGB,CA,AWP,WE,Towers with Radar,82,12,155,2,251,5,4,97,0,106,87,16,252,2,357,389,0,389,746
10/25/2005,LGB,CA,AWP,WE,Towers with Radar,82,11,132,0,225,0,11,272,1,284,82,22,404,1,509,464,0,464,973
10/26/2005,LGB,CA,AWP,WE,Towers with Radar,87,12,135,0,234,0,5,262,0,267,87,17,397,0,501,723,0,723,1224
10/27/2005,LGB,CA,AWP,WE,Towers with Radar,91,12,179,0,282,0,7,271,0,278,91,19,450,0,560,690,0,690,1250
10/28/2005,LGB,CA,AWP,WE,Towers with Radar,87,9,114,0,210,0,10,274,0,284,87,19,388,0,494,620,0,620,1114
10/29/2005,LGB,CA,AWP,WE,Towers with Radar,71,12,81,0,164,0,3,317,0,320,71,15,398,0,484,614,0,614,1098
10/30/2005,LGB,CA,AWP,WE,Towers with Radar,72,12,78,4,166,0,2,350,1,353,72,14,428,5,519,489,0,489,1008
10/31/2005,LGB,CA,AWP,WE,Towers with Radar,80,17,91,2,190,0,13,282,0,295,80,30,373,2,485,501,0,501,986
11/01/2005,LGB,CA,AWP,WE,Towers with Radar,84,9,106,0,199,0,5,347,2,354,84,14,453,2,553,551,0,551,1104
11/02/2005,LGB,CA,AWP,WE,Towers with Radar,84,16,100,2,202,0,5,358,0,363,84,21,458,2,565,696,0,696,1261
11/03/2005,LGB,CA,AWP,WE,Towers with Radar,92,26,110,0,228,0,6,355,0,361,92,32,465,0,589,639,0,639,1228
11/04/2005,LGB,CA,AWP,WE,Towers with Radar,82,18,111,1,212,0,14,286,0,300,82,32,397,1,512,482,0,482,994
11/05/2005,LGB,CA,AWP,WE,Towers with Radar,67,10,75,2,154,0,3,321,0,324,67,13,396,2,478,572,0,572,1050
11/06/2005,LGB,CA,AWP,WE,Towers with Radar,74,20,111,0,205,0,0,0,0,0,74,20,111,0,205,338,0,338,543
11/07/2005,LGB,CA,AWP,WE,Towers with Radar,81,19,127,1,228,0,7,222,0,229,81,26,349,1,457,466,0,466,923
11/08/2005,LGB,CA,AWP,WE,Towers with Radar,79,18,78,1,176,0,7,294,1,302,79,25,372,2,478,462,0,462,940
11/09/2005,LGB,CA,AWP,WE,Towers with Radar,76,15,120,0,211,0,8,327,1,336,76,23,447,1,547,558,0,558,1105
11/10/2005,LGB,CA,AWP,WE,Towers with Radar,80,17,79,0,176,0,1,271,0,272,80,18,350,0,448,557,0,557,1005
11/11/2005,LGB,CA,AWP,WE,Towers with Radar,76,15,120,0,211,0,8,327,1,336,76,23,447,1,547,558,0,558,1105
11/12/2005,LGB,CA,AWP,WE,Towers with Radar,62,7,87,0,156,0,2,368,0,370,62,9,455,0,526,408,0,408,934
11/13/2005,LGB,CA,AWP,WE,Towers with Radar,73,10,90,2,175,0,7,322,0,329,73,17,412,2,504,539,0,539,1043
11/14/2005,LGB,CA,AWP,WE,Towers with Radar,77,16,71,1,165,0,5,165,1,171,77,21,236,2,336,293,0,293,629
11/15/2005,LGB,CA,AWP,WE,Towers with Radar,79,20,82,0,181,0,6,309,0,315,79,26,391,0,496,347,0,347,843
11/16/2005,LGB,CA,AWP,WE,Towers with Radar,87,10,93,0,190,0,9,384,0,393,87,19,477,0,583,563,0,563,1146
11/17/2005,LGB,CA,AWP,WE,Towers with Radar,78,17,94,0,189,0,34,358,0,392,78,51,452,0,581,655,0,655,1236
11/18/2005,LGB,CA,AWP,WE,Towers with Radar,78,10,104,1,193,0,13,303,2,318,78,23,407,3,511,398,0,398,909
11/19/2005,LGB,CA,AWP,WE,Towers with Radar,63,11,96,0,170,0,23,352,0,375,63,34,448,0,545,528,0,528,1073
11/20/2005,LGB,CA,AWP,WE,Towers with Radar,71,17,74,0,162,0,1,278,0,279,71,18,352,0,441,326,0,326,767
11/21/2005,LGB,CA,AWP,WE,Towers with Radar,80,15,106,2,203,1,11,328,1,341,81,26,434,3,544,573,0,573,1117
11/22/2005,LGB,CA,AWP,WE,Towers with Radar,83,14,103,3,203,4,12,279,0,295,87,26,382,3,498,498,0,498,996
11/23/2005,LGB,CA,AWP,WE,Towers with Radar,84,5,135,2,226,0,9,372,3,384,84,14,507,5,610,462,0,462,1072
11/24/2005,LGB,CA,AWP,WE,Towers with Radar,55,2,61,0,118,0,0,96,0,96,55,2,157,0,214,214,0,214,428
11/25/2005,LGB,CA,AWP,WE,Towers with Radar,74,7,87,0,168,0,0,0,0,0,74,7,87,0,168,313,0,313,481
11/26/2005,LGB,CA,AWP,WE,Towers with Radar,66,7,67,0,140,0,3,232,2,237,66,10,299,2,377,344,0,344,721
11/27/2005,LGB,CA,AWP,WE,Towers with Radar,73,10,90,0,173,0,0,256,0,256,73,10,346,0,429,420,0,420,849
11/28/2005,LGB,CA,AWP,WE,Towers with Radar,79,18,76,0,173,0,8,313,0,321,79,26,389,0,494,310,0,310,804
11/29/2005,LGB,CA,AWP,WE,Towers with Radar,86,14,120,2,222,0,5,292,4,301,86,19,412,6,523,402,0,402,925
11/30/2005,LGB,CA,AWP,WE,Towers with Radar,83,20,99,0,202,0,9,336,1,346,83,29,435,1,548,583,0,583,1131
12/01/2005,LGB,CA,AWP,WE,Towers with Radar,84,19,139,0,242,0,2,211,0,213,84,21,350,0,455,84,0,84,539
12/02/2005,LGB,CA,AWP,WE,Towers with Radar,83,12,108,0,203,0,9,174,0,183,83,21,282,0,386,610,0,610,996
12/03/2005,LGB,CA,AWP,WE,Towers with Radar,68,2,80,4,154,0,6,370,1,377,68,8,450,5,531,556,0,556,1087
12/04/2005,LGB,CA,AWP,WE,Towers with Radar,72,9,81,7,169,0,2,335,3,340,72,11,416,10,509,525,0,525,1034
12/05/2005,LGB,CA,AWP,WE,Towers with Radar,81,10,85,2,178,0,12,321,0,333,81,22,406,2,511,579,0,579,1090
12/06/2005,LGB,CA,AWP,WE,Towers with Radar,81,20,102,2,205,0,15,307,0,322,81,35,409,2,527,531,0,531,1058
12/07/2005,LGB,CA,AWP,WE,Towers with Radar,76,18,114,0,208,0,7,323,0,330,76,25,437,0,538,594,0,594,1132
12/08/2005,LGB,CA,AWP,WE,Towers with Radar,78,14,139,0,231,0,17,308,0,325,78,31,447,0,556,524,0,524,1080
12/09/2005,LGB,CA,AWP,WE,Towers with Radar,80,11,110,4,205,0,7,252,0,259,80,18,362,4,464,334,0,334,798
12/10/2005,LGB,CA,AWP,WE,Towers with Radar,65,5,89,1,160,0,2,317,0,319,65,7,406,1,479,417,0,417,896
12/11/2005,LGB,CA,AWP,WE,Towers with Radar,79,13,79,5,176,0,1,288,0,289,79,14,367,5,465,340,0,340,805
12/12/2005,LGB,CA,AWP,WE,Towers with Radar,79,23,87,1,190,0,9,267,0,276,79,32,354,1,466,432,0,432,898
12/13/2005,LGB,CA,AWP,WE,Towers with Radar,82,22,119,1,224,0,8,291,0,299,82,30,410,1,523,492,0,492,1015
12/14/2005,LGB,CA,AWP,WE,Towers with Radar,83,11,114,1,209,0,12,305,4,321,83,23,419,5,530,581,0,581,1111
12/15/2005,LGB,CA,AWP,WE,Towers with Radar,78,8,150,0,236,0,5,265,0,270,78,13,415,0,506,612,0,612,1118
12/16/2005,LGB,CA,AWP,WE,Towers with Radar,78,14,119,1,212,0,20,217,0,237,78,34,336,1,449,518,0,518,967
12/17/2005,LGB,CA,AWP,WE,Towers with Radar,71,8,105,2,186,0,2,246,3,251,71,10,351,5,437,502,0,502,939
12/18/2005,LGB,CA,AWP,WE,Towers with Radar,71,13,82,1,167,0,1,275,0,276,71,14,357,1,443,594,0,594,1037
12/19/2005,LGB,CA,AWP,WE,Towers with Radar,78,10,84,0,172,0,4,336,0,340,78,14,420,0,512,474,0,474,986
12/20/2005,LGB,CA,AWP,WE,Towers with Radar,83,12,92,0,187,0,3,369,0,372,83,15,461,0,559,498,0,498,1057
12/21/2005,LGB,CA,AWP,WE,Towers with Radar,84,18,102,0,204,0,5,334,0,339,84,23,436,0,543,472,0,472,1015
12/22/2005,LGB,CA,AWP,WE,Towers with Radar,75,11,87,0,173,7,10,232,0,249,82,21,319,0,422,337,0,337,759
12/23/2005,LGB,CA,AWP,WE,Towers with Radar,13,2,32,0,47,69,12,75,0,156,82,14,107,0,203,241,0,241,444
12/24/2005,LGB,CA,AWP,WE,Towers with Radar,71,13,45,0,129,0,0,102,0,102,71,13,147,0,231,172,0,172,403
12/25/2005,LGB,CA,AWP,WE,Towers with Radar,70,11,42,0,123,0,1,47,0,48,70,12,89,0,171,32,4,36,207
12/26/2005,LGB,CA,AWP,WE,Towers with Radar,71,9,127,0,207,0,5,38,0,43,71,14,165,0,250,78,0,78,328
12/27/2005,LGB,CA,AWP,WE,Towers with Radar,79,14,91,0,184,0,6,244,0,250,79,20,335,0,434,530,0,530,964
12/28/2005,LGB,CA,AWP,WE,Towers with Radar,79,11,112,0,202,0,9,132,0,141,79,20,244,0,343,459,0,459,802
12/29/2005,LGB,CA,AWP,WE,Towers with Radar,80,12,115,0,207,0,9,301,0,310,80,21,416,0,517,541,0,541,1058
12/30/2005,LGB,CA,AWP,WE,Towers with Radar,77,17,106,0,200,0,15,307,0,322,77,32,413,0,522,522,0,522,1044
12/31/2005,LGB,CA,AWP,WE,Towers with Radar,68,5,46,0,119,0,1,23,0,24,68,6,69,0,143,77,0,77,220
01/01/2006,LGB,CA,AWP,WE,Towers with Radar,70,7,75,0,152,0,0,21,0,21,70,7,96,0,173,273,0,273,446
01/02/2006,LGB,CA,AWP,WE,Towers with Radar,63,8,60,0,131,0,3,39,0,42,63,11,99,0,173,173,0,173,346
01/03/2006,LGB,CA,AWP,WE,Towers with Radar,81,8,74,2,165,0,5,204,0,209,81,13,278,2,374,586,0,586,960
01/04/2006,LGB,CA,AWP,WE,Towers with Radar,81,10,101,4,196,0,7,388,1,396,81,17,489,5,592,536,0,536,1128
01/05/2006,LGB,CA,AWP,WE,Towers with Radar,80,10,101,0,191,0,7,368,2,377,80,17,469,2,568,489,0,489,1057
01/06/2006,LGB,CA,AWP,WE,Towers with Radar,70,9,75,0,154,0,5,280,0,285,70,14,355,0,439,464,0,464,903
01/07/2006,LGB,CA,AWP,WE,Towers with Radar,69,13,88,2,172,0,4,334,2,340,69,17,422,4,512,421,0,421,933
01/08/2006,LGB,CA,AWP,WE,Towers with Radar,81,12,86,0,179,0,1,300,2,303,81,13,386,2,482,386,0,386,868
01/09/2006,LGB,CA,AWP,WE,Towers with Radar,82,6,62,2,152,0,7,246,0,253,82,13,308,2,405,311,0,311,716
01/10/2006,LGB,CA,AWP,WE,Towers with Radar,78,14,100,0,192,0,5,332,0,337,78,19,432,0,529,457,0,457,986
01/11/2006,LGB,CA,AWP,WE,Towers with Radar,76,12,98,0,186,0,5,332,0,337,76,17,430,0,523,541,0,541,1064
01/12/2006,LGB,CA,AWP,WE,Towers with Radar,78,13,113,0,204,0,4,390,0,394,78,17,503,0,598,507,0,507,1105
01/13/2006,LGB,CA,AWP,WE,Towers with Radar,10,1,6,0,17,64,16,91,1,172,74,17,97,1,189,318,0,318,507
01/14/2006,LGB,CA,AWP,WE,Towers with Radar,67,0,74,0,141,0,2,99,242,343,67,2,173,242,484,392,0,392,876
01/15/2006,LGB,CA,AWP,WE,Towers with Radar,69,11,64,0,144,0,2,335,0,337,69,13,399,0,481,497,0,497,978
01/16/2006,LGB,CA,AWP,WE,Towers with Radar,76,12,474,0,562,0,0,0,2,2,76,12,474,2,564,649,0,649,1213
01/17/2006,LGB,CA,AWP,WE,Towers with Radar,77,9,115,1,202,0,5,379,2,386,77,14,494,3,588,475,0,475,1063
01/18/2006,LGB,CA,AWP,WE,Towers with Radar,79,13,109,0,201,0,5,292,0,297,79,18,401,0,498,551,0,551,1049
01/19/2006,LGB,CA,AWP,WE,Towers with Radar,80,10,90,2,182,0,14,347,3,364,80,24,437,5,546,489,0,489,1035
01/20/2006,LGB,CA,AWP,WE,Towers with Radar,75,13,115,0,203,0,8,421,0,429,75,21,536,0,632,415,0,415,1047
01/21/2006,LGB,CA,AWP,WE,Towers with Radar,70,9,84,4,167,0,1,378,0,379,70,10,462,4,546,497,0,497,1043
01/22/2006,LGB,CA,AWP,WE,Towers with Radar,70,12,68,1,151,0,4,299,0,303,70,16,367,1,454,440,0,440,894
01/23/2006,LGB,CA,AWP,WE,Towers with Radar,78,6,45,0,129,0,6,165,0,171,78,12,210,0,300,281,0,281,581
01/24/2006,LGB,CA,AWP,WE,Towers with Radar,74,14,70,1,159,0,8,294,0,302,74,22,364,1,461,370,0,370,831
01/25/2006,LGB,CA,AWP,WE,Towers with Radar,86,14,92,2,194,0,5,450,1,456,86,19,542,3,650,625,0,625,1275
01/26/2006,LGB,CA,AWP,WE,Towers with Radar,72,13,123,0,208,0,11,341,3,355,72,24,464,3,563,742,0,742,1305
01/27/2006,LGB,CA,AWP,WE,Towers with Radar,0,0,0,0,0,74,7,82,1,164,74,7,82,1,164,543,0,543,707
01/28/2006,LGB,CA,AWP,WE,Towers with Radar,65,7,83,1,156,0,6,320,1,327,65,13,403,2,483,378,0,378,861
01/29/2006,LGB,CA,AWP,WE,Towers with Radar,71,11,92,2,176,0,1,267,1,269,71,12,359,3,445,229,0,229,674
01/30/2006,LGB,CA,AWP,WE,Towers with Radar,77,1,90,0,168,0,11,306,0,317,77,12,396,0,485,532,0,532,1017
01/31/2006,LGB,CA,AWP,WE,Towers with Radar,78,13,106,0,197,0,6,299,0,305,78,19,405,0,502,518,0,518,1020
02/01/2006,LGB,CA,AWP,WE,Towers with Radar,80,15,90,1,186,0,4,360,0,364,80,19,450,1,550,476,0,476,1026
02/02/2006,LGB,CA,AWP,WE,Towers with Radar,82,11,136,1,230,0,8,262,0,270,82,19,398,1,500,422,0,422,922
02/03/2006,LGB,CA,AWP,WE,Towers with Radar,70,12,101,5,188,0,2,142,0,144,70,14,243,5,332,426,0,426,758
02/04/2006,LGB,CA,AWP,WE,Towers with Radar,63,4,134,0,201,0,1,143,0,144,63,5,277,0,345,453,0,453,798
02/05/2006,LGB,CA,AWP,WE,Towers with Radar,67,8,67,2,144,0,1,227,0,228,67,9,294,2,372,453,0,453,825
02/06/2006,LGB,CA,AWP,WE,Towers with Radar,74,16,91,1,182,0,3,241,0,244,74,19,332,1,426,466,0,466,892
02/07/2006,LGB,CA,AWP,WE,Towers with Radar,71,11,112,2,196,0,8,339,2,349,71,19,451,4,545,686,0,686,1231
02/08/2006,LGB,CA,AWP,WE,Towers with Radar,75,11,117,1,204,0,10,319,2,331,75,21,436,3,535,462,0,462,997
02/09/2006,LGB,CA,AWP,WE,Towers with Radar,17,0,19,0,36,59,9,108,1,177,76,9,127,1,213,355,0,355,568
02/10/2006,LGB,CA,AWP,WE,Towers with Radar,7,2,7,0,16,63,12,109,1,185,70,14,116,1,201,687,0,687,888
02/11/2006,LGB,CA,AWP,WE,Towers with Radar,58,4,97,1,160,0,2,233,0,235,58,6,330,1,395,309,0,309,704
02/12/2006,LGB,CA,AWP,WE,Towers with Radar,55,14,93,3,165,0,4,307,0,311,55,18,400,3,476,585,0,585,1061
02/13/2006,LGB,CA,AWP,WE,Towers with Radar,76,11,90,1,178,0,8,343,1,352,76,19,433,2,530,493,0,493,1023
02/14/2006,LGB,CA,AWP,WE,Towers with Radar,76,10,101,0,187,0,3,237,0,240,76,13,338,0,427,298,0,298,725
02/15/2006,LGB,CA,AWP,WE,Towers with Radar,74,11,98,3,186,0,1,275,0,276,74,12,373,3,462,512,0,512,974
02/16/2006,LGB,CA,AWP,WE,Towers with Radar,78,11,107,1,197,0,3,307,0,310,78,14,414,1,507,489,0,489,996
02/17/2006,LGB,CA,AWP,WE,Towers with Radar,68,15,121,0,204,0,15,287,1,303,68,30,408,1,507,367,0,367,874
02/18/2006,LGB,CA,AWP,WE,Towers with Radar,58,3,82,0,143,0,8,259,0,267,58,11,341,0,410,499,0,499,909
02/19/2006,LGB,CA,AWP,WE,Towers with Radar,64,4,75,0,143,0,3,267,1,271,64,7,342,1,414,358,0,358,772
02/20/2006,LGB,CA,AWP,WE,Towers with Radar,68,14,114,1,197,0,2,357,3,362,68,16,471,4,559,471,0,471,1030
02/21/2006,LGB,CA,AWP,WE,Towers with Radar,72,15,85,1,173,0,9,351,0,360,72,24,436,1,533,700,0,700,1233
02/22/2006,LGB,CA,AWP,WE,Towers with Radar,72,7,121,2,202,0,11,431,2,444,72,18,552,4,646,581,0,581,1227
02/23/2006,LGB,CA,AWP,WE,Towers with Radar,75,20,120,2,217,0,5,407,0,412,75,25,527,2,629,511,0,511,1140
02/24/2006,LGB,CA,AWP,WE,Towers with Radar,72,12,99,1,184,0,8,337,1,346,72,20,436,2,530,580,0,580,1110
02/25/2006,LGB,CA,AWP,WE,Towers with Radar,61,12,140,5,218,0,1,236,1,238,61,13,376,6,456,393,0,393,849
02/26/2006,LGB,CA,AWP,WE,Towers with Radar,67,18,101,5,191,1,0,319,0,320,68,18,420,5,511,450,0,450,961
02/27/2006,LGB,CA,AWP,WE,Towers with Radar,73,8,60,0,141,0,5,141,0,146,73,13,201,0,287,397,0,397,684
02/28/2006,LGB,CA,AWP,WE,Towers with Radar,73,18,124,0,215,0,10,249,5,264,73,28,373,5,479,616,0,616,1095
03/01/2006,LGB,CA,AWP,WE,Towers with Radar,73,10,95,2,180,0,10,380,0,390,73,20,475,2,570,462,0,462,1032
03/02/2006,LGB,CA,AWP,WE,Towers with Radar,76,14,76,1,167,0,5,425,1,431,76,19,501,2,598,472,0,472,1070
03/03/2006,LGB,CA,AWP,WE,Towers with Radar,71,18,76,2,167,0,7,99,0,106,71,25,175,2,273,298,0,298,571
03/04/2006,LGB,CA,AWP,WE,Towers with Radar,60,7,104,1,172,0,7,356,0,363,60,14,460,1,535,369,0,369,904
03/05/2006,LGB,CA,AWP,WE,Towers with Radar,65,11,82,4,162,0,0,319,3,322,65,11,401,7,484,348,0,348,832
03/06/2006,LGB,CA,AWP,WE,Towers with Radar,78,18,81,1,178,0,7,238,0,245,78,25,319,1,423,362,0,362,785
03/07/2006,LGB,CA,AWP,WE,Towers with Radar,69,19,115,0,203,0,0,314,2,316,69,19,429,2,519,498,0,498,1017
03/08/2006,LGB,CA,AWP,WE,Towers with Radar,75,11,87,0,173,0,8,461,1,470,75,19,548,1,643,430,0,430,1073
03/09/2006,LGB,CA,AWP,WE,Towers with Radar,76,33,116,0,225,0,6,299,1,306,76,39,415,1,531,496,0,496,1027
03/10/2006,LGB,CA,AWP,WE,Towers with Radar,71,18,75,1,165,0,4,232,2,238,71,22,307,3,403,388,0,388,791
03/11/2006,LGB,CA,AWP,WE,Towers with Radar,60,11,41,2,114,0,0,111,0,111,60,11,152,2,225,269,0,269,494
03/12/2006,LGB,CA,AWP,WE,Towers with Radar,65,11,103,1,180,0,1,214,0,215,65,12,317,1,395,420,0,420,815
03/13/2006,LGB,CA,AWP,WE,Towers with Radar,72,14,96,0,182,0,8,385,1,394,72,22,481,1,576,488,0,488,1064
03/14/2006,LGB,CA,AWP,WE,Towers with Radar,70,28,100,0,198,0,7,384,2,393,70,35,484,2,591,624,0,624,1215
03/15/2006,LGB,CA,AWP,WE,Towers with Radar,72,20,106,0,198,0,6,351,0,357,72,26,457,0,555,582,0,582,1137
03/16/2006,LGB,CA,AWP,WE,Towers with Radar,75,16,109,4,204,0,22,389,0,411,75,38,498,4,615,509,0,509,1124
03/17/2006,LGB,CA,AWP,WE,Towers with Radar,72,23,114,4,213,0,2,143,0,145,72,25,257,4,358,558,0,558,916
03/18/2006,LGB,CA,AWP,WE,Towers with Radar,61,17,75,0,153,0,9,255,0,264,61,26,330,0,417,569,0,569,986
03/19/2006,LGB,CA,AWP,WE,Towers with Radar,66,14,101,0,181,0,1,290,2,293,66,15,391,2,474,472,0,472,946
03/20/2006,LGB,CA,AWP,WE,Towers with Radar,75,19,59,0,153,0,4,247,0,251,75,23,306,0,404,430,0,430,834
03/21/2006,LGB,CA,AWP,WE,Towers with Radar,68,15,1,2,86,0,9,364,0,373,68,24,365,2,459,540,0,540,999
03/22/2006,LGB,CA,AWP,WE,Towers with Radar,74,16,105,1,196,0,6,386,1,393,74,22,491,2,589,679,0,679,1268
03/23/2006,LGB,CA,AWP,WE,Towers with Radar,80,25,115,1,221,0,5,399,1,405,80,30,514,2,626,539,0,539,1165
03/24/2006,LGB,CA,AWP,WE,Towers with Radar,74,20,107,4,205,0,12,357,1,370,74,32,464,5,575,597,0,597,1172
03/25/2006,LGB,CA,AWP,WE,Towers with Radar,60,14,100,7,181,0,0,261,4,265,60,14,361,11,446,520,0,520,966
03/26/2006,LGB,CA,AWP,WE,Towers with Radar,69,14,94,0,177,0,4,352,0,356,69,18,446,0,533,571,0,571,1104
03/27/2006,LGB,CA,AWP,WE,Towers with Radar,76,19,95,3,193,0,8,249,0,257,76,27,344,3,450,483,0,483,933
03/28/2006,LGB,CA,AWP,WE,Towers with Radar,72,17,96,1,186,0,4,96,0,100,72,21,192,1,286,217,0,217,503
03/29/2006,LGB,CA,AWP,WE,Towers with Radar,70,15,96,2,183,0,5,318,0,323,70,20,414,2,506,620,0,620,1126
03/30/2006,LGB,CA,AWP,WE,Towers with Radar,78,21,106,0,205,0,7,365,2,374,78,28,471,2,579,629,0,629,1208
03/31/2006,LGB,CA,AWP,WE,Towers with Radar,67,16,117,0,200,0,14,259,0,273,67,30,376,0,473,556,0,556,1029
04/01/2006,LGB,CA,AWP,WE,Towers with Radar,58,15,82,0,155,0,1,245,0,246,58,16,327,0,401,273,0,273,674
04/02/2006,LGB,CA,AWP,WE,Towers with Radar,63,14,92,0,169,0,4,378,0,382,63,18,470,0,551,486,0,486,1037
04/03/2006,LGB,CA,AWP,WE,Towers with Radar,73,19,320,2,414,0,0,0,0,0,73,19,320,2,414,380,0,380,794
04/04/2006,LGB,CA,AWP,WE,Towers with Radar,65,20,74,0,159,0,0,56,0,56,65,20,130,0,215,88,0,88,303
04/05/2006,LGB,CA,AWP,WE,Towers with Radar,66,18,62,0,146,0,8,187,7,202,66,26,249,7,348,242,0,242,590
04/06/2006,LGB,CA,AWP,WE,Towers with Radar,71,27,171,0,269,0,6,458,0,464,71,33,629,0,733,549,0,549,1282
04/07/2006,LGB,CA,AWP,WE,Towers with Radar,63,22,115,0,200,0,12,386,0,398,63,34,501,0,598,428,0,428,1026
04/08/2006,LGB,CA,AWP,WE,Towers with Radar,58,22,107,3,190,0,1,360,0,361,58,23,467,3,551,487,0,487,1038
04/09/2006,LGB,CA,AWP,WE,Towers with Radar,62,27,121,0,210,0,0,290,0,290,62,27,411,0,500,443,0,443,943
04/10/2006,LGB,CA,AWP,WE,Towers with Radar,69,19,97,0,185,0,10,325,0,335,69,29,422,0,520,584,0,584,1104
04/11/2006,LGB,CA,AWP,WE,Towers with Radar,72,14,124,3,213,0,11,363,0,374,72,25,487,3,587,544,0,544,1131
04/12/2006,LGB,CA,AWP,WE,Towers with Radar,69,21,74,2,166,0,9,420,0,429,69,30,494,2,595,649,0,649,1244
04/13/2006,LGB,CA,AWP,WE,Towers with Radar,70,17,121,0,208,0,11,425,2,438,70,28,546,2,646,637,0,637,1283
04/14/2006,LGB,CA,AWP,WE,Towers with Radar,67,20,81,1,169,0,0,170,0,170,67,20,251,1,339,228,0,228,567
04/15/2006,LGB,CA,AWP,WE,Towers with Radar,59,15,128,0,202,0,4,226,0,230,59,19,354,0,432,364,0,364,796
04/16/2006,LGB,CA,AWP,WE,Towers with Radar,61,15,70,1,147,0,0,175,0,175,61,15,245,1,322,255,0,255,577
04/17/2006,LGB,CA,AWP,WE,Towers with Radar,68,16,90,1,175,0,10,302,0,312,68,26,392,1,487,402,0,402,889
04/18/2006,LGB,CA,AWP,WE,Towers with Radar,67,12,115,2,196,0,0,390,0,390,67,12,505,2,586,567,0,567,1153
04/19/2006,LGB,CA,AWP,WE,Towers with Radar,68,27,122,1,218,0,18,345,4,367,68,45,467,5,585,480,0,480,1065
04/20/2006,LGB,CA,AWP,WE,Towers with Radar,70,43,110,0,223,0,12,461,1,474,70,55,571,1,697,552,0,552,1249
04/21/2006,LGB,CA,AWP,WE,Towers with Radar,65,20,112,3,200,0,0,305,0,305,65,20,417,3,505,434,0,434,939
04/22/2006,LGB,CA,AWP,WE,Towers with Radar,58,11,98,3,170,2,2,265,2,271,60,13,363,5,441,363,0,363,804
04/23/2006,LGB,CA,AWP,WE,Towers with Radar,60,22,85,2,169,0,0,225,0,225,60,22,310,2,394,423,0,423,817
04/24/2006,LGB,CA,AWP,WE,Towers with Radar,70,27,85,4,186,0,6,207,2,215,70,33,292,6,401,264,0,264,665
04/25/2006,LGB,CA,AWP,WE,Towers with Radar,66,18,54,1,139,0,8,462,2,472,66,26,516,3,611,636,0,636,1247
04/26/2006,LGB,CA,AWP,WE,Towers with Radar,68,18,124,0,210,0,15,315,0,330,68,33,439,0,540,465,0,465,1005
04/27/2006,LGB,CA,AWP,WE,Towers with Radar,68,28,127,0,223,0,8,322,1,331,68,36,449,1,554,466,0,466,1020
04/28/2006,LGB,CA,AWP,WE,Towers with Radar,72,21,118,2,213,0,9,279,0,288,72,30,397,2,501,604,0,604,1105
04/29/2006,LGB,CA,AWP,WE,Towers with Radar,57,10,102,0,169,0,6,260,0,266,57,16,362,0,435,573,0,573,1008
04/30/2006,LGB,CA,AWP,WE,Towers with Radar,65,18,128,2,213,0,2,236,1,239,65,20,364,3,452,328,0,328,780
05/01/2006,LGB,CA,AWP,WE,Towers with Radar,70,17,132,1,220,0,3,193,3,199,70,20,325,4,419,535,0,535,954
05/02/2006,LGB,CA,AWP,WE,Towers with Radar,66,16,148,0,230,0,12,212,1,225,66,28,360,1,455,594,0,594,1049
05/03/2006,LGB,CA,AWP,WE,Towers with Radar,68,21,119,0,208,0,6,323,0,329,68,27,442,0,537,826,0,826,1363
05/04/2006,LGB,CA,AWP,WE,Towers with Radar,76,25,117,0,218,0,16,335,2,353,76,41,452,2,571,709,0,709,1280
05/05/2006,LGB,CA,AWP,WE,Towers with Radar,75,26,107,4,212,0,8,305,0,313,75,34,412,4,525,762,0,762,1287
05/06/2006,LGB,CA,AWP,WE,Towers with Radar,64,14,144,0,222,0,18,241,0,259,64,32,385,0,481,597,0,597,1078
05/07/2006,LGB,CA,AWP,WE,Towers with Radar,68,24,122,2,216,0,1,258,0,259,68,25,380,2,475,522,0,522,997
05/08/2006,LGB,CA,AWP,WE,Towers with Radar,71,12,100,5,188,0,8,182,0,190,71,20,282,5,378,362,0,362,740
05/09/2006,LGB,CA,AWP,WE,Towers with Radar,69,24,96,1,190,0,5,267,0,272,69,29,363,1,462,766,0,766,1228
05/10/2006,LGB,CA,AWP,WE,Towers with Radar,67,29,133,0,229,0,14,250,0,264,67,43,383,0,493,447,0,447,940
05/11/2006,LGB,CA,AWP,WE,Towers with Radar,78,25,188,2,293,0,11,173,0,184,78,36,361,2,477,392,0,392,869
05/12/2006,LGB,CA,AWP,WE,Towers with Radar,78,32,163,0,273,0,0,142,0,142,78,32,305,0,415,394,0,394,809
05/13/2006,LGB,CA,AWP,WE,Towers with Radar,55,12,131,0,198,0,0,225,0,225,55,12,356,0,423,570,0,570,993
05/14/2006,LGB,CA,AWP,WE,Towers with Radar,68,17,97,0,182,0,0,181,0,181,68,17,278,0,363,261,0,261,624
05/15/2006,LGB,CA,AWP,WE,Towers with Radar,70,17,115,2,204,0,3,273,0,276,70,20,388,2,480,388,0,388,868
05/16/2006,LGB,CA,AWP,WE,Towers with Radar,71,21,148,2,242,0,7,261,0,268,71,28,409,2,510,476,0,476,986
05/17/2006,LGB,CA,AWP,WE,Towers with Radar,73,22,168,0,263,0,16,233,0,249,73,38,401,0,512,376,0,376,888
05/18/2006,LGB,CA,AWP,WE,Towers with Radar,36,15,97,0,148,40,22,201,1,264,76,37,298,1,412,248,0,248,660
05/19/2006,LGB,CA,AWP,WE,Towers with Radar,72,15,127,0,214,0,2,274,0,276,72,17,401,0,490,660,0,660,1150
05/20/2006,LGB,CA,AWP,WE,Towers with Radar,60,16,119,2,197,0,10,277,0,287,60,26,396,2,484,538,0,538,1022
05/21/2006,LGB,CA,AWP,WE,Towers with Radar,68,15,129,0,212,0,2,100,1,103,68,17,229,1,315,421,0,421,736
05/22/2006,LGB,CA,AWP,WE,Towers with Radar,82,23,96,1,202,0,8,223,2,233,82,31,319,3,435,431,0,431,866
05/23/2006,LGB,CA,AWP,WE,Towers with Radar,75,26,144,0,245,4,9,485,4,502,79,35,629,4,747,692,0,692,1439
05/24/2006,LGB,CA,AWP,WE,Towers with Radar,79,19,129,2,229,0,10,389,2,401,79,29,518,4,630,776,0,776,1406
05/25/2006,LGB,CA,AWP,WE,Towers with Radar,75,25,114,1,215,0,5,347,3,355,75,30,461,4,570,504,0,504,1074
05/26/2006,LGB,CA,AWP,WE,Towers with Radar,70,20,119,4,213,0,11,257,6,274,70,31,376,10,487,553,0,553,1040
05/27/2006,LGB,CA,AWP,WE,Towers with Radar,65,16,108,0,189,0,12,287,0,299,65,28,395,0,488,413,0,413,901
05/28/2006,LGB,CA,AWP,WE,Towers with Radar,69,11,57,0,137,0,2,325,1,328,69,13,382,1,465,385,0,385,850
05/29/2006,LGB,CA,AWP,WE,Towers with Radar,67,17,105,2,191,0,1,352,0,353,67,18,457,2,544,397,0,397,941
05/30/2006,LGB,CA,AWP,WE,Towers with Radar,76,19,93,1,189,0,14,331,3,348,76,33,424,4,537,508,0,508,1045
05/31/2006,LGB,CA,AWP,WE,Towers with Radar,77,19,109,2,207,0,10,424,1,435,77,29,533,3,642,604,0,604,1246
06/01/2006,LGB,CA,AWP,WE,Towers with Radar,80,28,133,1,242,0,16,370,0,386,80,44,503,1,628,515,0,515,1143
06/02/2006,LGB,CA,AWP,WE,Towers with Radar,76,18,122,0,216,693,6,381,0,1080,769,24,503,0,1296,569,0,569,1865
06/03/2006,LGB,CA,AWP,WE,Towers with Radar,70,17,86,0,173,0,10,347,0,357,70,27,433,0,530,304,0,304,834
06/04/2006,LGB,CA,AWP,WE,Towers with Radar,70,19,108,0,197,0,3,296,0,299,70,22,404,0,496,277,0,277,773
06/05/2006,LGB,CA,AWP,WE,Towers with Radar,72,24,112,0,208,0,4,216,1,221,72,28,328,1,429,394,0,394,823
06/06/2006,LGB,CA,AWP,WE,Towers with Radar,77,18,112,1,208,0,6,234,0,240,77,24,346,1,448,662,0,662,1110
06/07/2006,LGB,CA,AWP,WE,Towers with Radar,77,20,198,0,295,0,6,157,0,163,77,26,355,0,458,689,0,689,1147
06/08/2006,LGB,CA,AWP,WE,Towers with Radar,81,20,152,0,253,0,7,145,0,152,81,27,297,0,405,585,0,585,990
06/09/2006,LGB,CA,AWP,WE,Towers with Radar,73,23,137,0,233,0,12,241,0,253,73,35,378,0,486,492,0,492,978
06/10/2006,LGB,CA,AWP,WE,Towers with Radar,66,12,110,0,188,0,8,302,0,310,66,20,412,0,498,500,0,500,998
06/11/2006,LGB,CA,AWP,WE,Towers with Radar,69,17,98,0,184,0,5,270,1,276,69,22,368,1,460,349,0,349,809
06/12/2006,LGB,CA,AWP,WE,Towers with Radar,74,22,108,0,204,0,6,289,0,295,74,28,397,0,499,383,0,383,882
06/13/2006,LGB,CA,AWP,WE,Towers with Radar,75,24,107,3,209,0,6,397,0,403,75,30,504,3,612,506,0,506,1118
06/14/2006,LGB,CA,AWP,WE,Towers with Radar,77,19,134,1,231,0,10,441,2,453,77,29,575,3,684,721,0,721,1405
06/15/2006,LGB,CA,AWP,WE,Towers with Radar,75,16,160,0,251,0,10,378,0,388,75,26,538,0,639,517,0,517,1156
06/16/2006,LGB,CA,AWP,WE,Towers with Radar,73,19,122,1,215,0,8,369,0,377,73,27,491,1,592,575,0,575,1167
06/17/2006,LGB,CA,AWP,WE,Towers with Radar,67,19,92,0,178,1,3,353,0,357,68,22,445,0,535,476,0,476,1011
06/18/2006,LGB,CA,AWP,WE,Towers with Radar,69,18,76,1,164,2,1,263,0,266,71,19,339,1,430,335,0,335,765
06/19/2006,LGB,CA,AWP,WE,Towers with Radar,79,34,104,1,218,0,11,239,0,250,79,45,343,1,468,426,0,426,894
06/20/2006,LGB,CA,AWP,WE,Towers with Radar,77,26,103,0,206,0,12,336,0,348,77,38,439,0,554,409,0,409,963
06/21/2006,LGB,CA,AWP,WE,Towers with Radar,75,14,133,0,222,0,18,379,0,397,75,32,512,0,619,486,0,486,1105
06/22/2006,LGB,CA,AWP,WE,Towers with Radar,79,35,87,0,201,0,1,410,0,411,79,36,497,0,612,571,0,571,1183
06/23/2006,LGB,CA,AWP,WE,Towers with Radar,75,30,136,3,244,0,8,312,0,320,75,38,448,3,564,528,0,528,1092
06/24/2006,LGB,CA,AWP,WE,Towers with Radar,63,29,73,3,168,0,1,275,2,278,63,30,348,5,446,421,0,421,867
06/25/2006,LGB,CA,AWP,WE,Towers with Radar,68,25,77,0,170,0,1,263,2,266,68,26,340,2,436,321,0,321,757
06/26/2006,LGB,CA,AWP,WE,Towers with Radar,76,18,90,0,184,0,0,0,0,0,76,18,90,0,184,572,0,572,756
06/27/2006,LGB,CA,AWP,WE,Towers with Radar,78,31,106,0,215,0,11,360,0,371,78,42,466,0,586,510,0,510,1096
06/28/2006,LGB,CA,AWP,WE,Towers with Radar,79,23,108,2,212,0,9,484,2,495,79,32,592,4,707,578,0,578,1285
06/29/2006,LGB,CA,AWP,WE,Towers with Radar,77,15,126,1,219,0,5,416,0,421,77,20,542,1,640,638,0,638,1278
06/30/2006,LGB,CA,AWP,WE,Towers with Radar,73,17,104,0,194,0,6,447,0,453,73,23,551,0,647,586,0,586,1233
07/01/2006,LGB,CA,AWP,WE,Towers with Radar,68,19,87,1,175,0,8,399,0,407,68,27,486,1,582,513,0,513,1095
07/02/2006,LGB,CA,AWP,WE,Towers with Radar,66,13,54,0,133,0,5,291,0,296,66,18,345,0,429,420,0,420,849
07/03/2006,LGB,CA,AWP,WE,Towers with Radar,73,17,80,0,170,0,9,337,1,347,73,26,417,1,517,506,0,506,1023
07/04/2006,LGB,CA,AWP,WE,Towers with Radar,67,14,45,0,126,0,2,352,1,355,67,16,397,1,481,350,0,350,831
07/05/2006,LGB,CA,AWP,WE,Towers with Radar,83,19,98,0,200,0,13,341,1,355,83,32,439,1,555,443,0,443,998
07/06/2006,LGB,CA,AWP,WE,Towers with Radar,79,23,92,3,197,0,8,323,1,332,79,31,415,4,529,620,0,620,1149
07/07/2006,LGB,CA,AWP,WE,Towers with Radar,75,25,104,0,204,0,9,353,0,362,75,34,457,0,566,629,0,629,1195
07/08/2006,LGB,CA,AWP,WE,Towers with Radar,66,18,92,8,184,0,12,361,0,373,66,30,453,8,557,537,0,537,1094
07/09/2006,LGB,CA,AWP,WE,Towers with Radar,69,10,73,0,152,0,6,293,1,300,69,16,366,1,452,522,0,522,974
07/10/2006,LGB,CA,AWP,WE,Towers with Radar,77,16,94,0,187,0,12,336,0,348,77,28,430,0,535,371,0,371,906
07/11/2006,LGB,CA,AWP,WE,Towers with Radar,74,14,125,0,213,0,20,418,0,438,74,34,543,0,651,588,0,588,1239
07/12/2006,LGB,CA,AWP,WE,Towers with Radar,76,21,116,0,213,0,15,419,0,434,76,36,535,0,647,689,0,689,1336
07/13/2006,LGB,CA,AWP,WE,Towers with Radar,80,26,131,0,237,0,10,406,0,416,80,36,537,0,653,808,0,808,1461
07/14/2006,LGB,CA,AWP,WE,Towers with Radar,74,22,84,1,181,0,10,331,0,341,74,32,415,1,522,539,0,539,1061
07/15/2006,LGB,CA,AWP,WE,Towers with Radar,70,14,63,2,149,0,1,402,0,403,70,15,465,2,552,516,0,516,1068
07/16/2006,LGB,CA,AWP,WE,Towers with Radar,72,23,79,1,175,0,12,272,2,286,72,35,351,3,461,522,0,522,983
07/17/2006,LGB,CA,AWP,WE,Towers with Radar,75,19,84,1,179,0,2,264,1,267,75,21,348,2,446,403,0,403,849
07/18/2006,LGB,CA,AWP,WE,Towers with Radar,78,17,104,4,203,0,13,443,3,459,78,30,547,7,662,572,0,572,1234
07/19/2006,LGB,CA,AWP,WE,Towers with Radar,79,27,14,3,123,0,15,482,4,501,79,42,496,7,624,810,0,810,1434
07/20/2006,LGB,CA,AWP,WE,Towers with Radar,80,25,109,3,217,0,11,400,3,414,80,36,509,6,631,619,0,619,1250
07/21/2006,LGB,CA,AWP,WE,Towers with Radar,73,17,72,0,162,0,11,291,0,302,73,28,363,0,464,363,0,363,827
07/22/2006,LGB,CA,AWP,WE,Towers with Radar,68,17,68,2,155,0,0,295,0,295,68,17,363,2,450,616,0,616,1066
07/23/2006,LGB,CA,AWP,WE,Towers with Radar,68,12,45,0,125,0,2,210,0,212,68,14,255,0,337,379,0,379,716
07/24/2006,LGB,CA,AWP,WE,Towers with Radar,76,21,99,0,196,0,8,323,0,331,76,29,422,0,527,490,0,490,1017
07/25/2006,LGB,CA,AWP,WE,Towers with Radar,79,25,97,0,201,0,9,185,0,194,79,34,282,0,395,456,0,456,851
07/26/2006,LGB,CA,AWP,WE,Towers with Radar,79,35,80,0,194,0,0,349,0,349,79,35,429,0,543,666,0,666,1209
07/27/2006,LGB,CA,AWP,WE,Towers with Radar,74,21,84,0,179,0,9,313,2,324,74,30,397,2,503,508,0,508,1011
07/28/2006,LGB,CA,AWP,WE,Towers with Radar,76,22,112,0,210,0,10,297,0,307,76,32,409,0,517,539,0,539,1056
07/29/2006,LGB,CA,AWP,WE,Towers with Radar,66,16,75,0,157,0,4,184,0,188,66,20,259,0,345,676,0,676,1021
07/30/2006,LGB,CA,AWP,WE,Towers with Radar,71,15,7,0,93,0,5,302,1,308,71,20,309,1,401,538,0,538,939
07/31/2006,LGB,CA,AWP,WE,Towers with Radar,78,23,97,0,198,0,5,250,0,255,78,28,347,0,453,506,0,506,959
08/01/2006,LGB,CA,AWP,WE,Towers with Radar,76,26,90,0,192,0,15,383,0,398,76,41,473,0,590,637,0,637,1227
08/02/2006,LGB,CA,AWP,WE,Towers with Radar,79,23,113,0,215,0,7,387,0,394,79,30,500,0,609,614,0,614,1223
08/03/2006,LGB,CA,AWP,WE,Towers with Radar,77,17,143,0,237,0,10,301,0,311,77,27,444,0,548,928,0,928,1476
08/04/2006,LGB,CA,AWP,WE,Towers with Radar,79,27,94,0,200,0,9,303,0,312,79,36,397,0,512,588,0,588,1100
08/05/2006,LGB,CA,AWP,WE,Towers with Radar,67,13,75,0,155,0,6,397,0,403,67,19,472,0,558,421,0,421,979
08/06/2006,LGB,CA,AWP,WE,Towers with Radar,68,11,84,4,167,0,19,294,0,313,68,30,378,4,480,459,0,459,939
08/07/2006,LGB,CA,AWP,WE,Towers with Radar,75,25,82,1,183,0,11,309,0,320,75,36,391,1,503,533,0,533,1036
08/08/2006,LGB,CA,AWP,WE,Towers with Radar,77,20,104,3,204,0,23,370,1,394,77,43,474,4,598,629,0,629,1227
08/09/2006,LGB,CA,AWP,WE,Towers with Radar,78,29,109,1,217,0,10,419,3,432,78,39,528,4,649,684,0,684,1333
08/10/2006,LGB,CA,AWP,WE,Towers with Radar,74,14,123,1,212,0,15,434,1,450,74,29,557,2,662,574,0,574,1236
08/11/2006,LGB,CA,AWP,WE,Towers with Radar,75,19,11,0,105,0,11,479,0,490,75,30,490,0,595,637,0,637,1232
08/12/2006,LGB,CA,AWP,WE,Towers with Radar,62,19,78,0,159,0,3,362,0,365,62,22,440,0,524,478,0,478,1002
08/13/2006,LGB,CA,AWP,WE,Towers with Radar,68,24,99,2,193,0,5,348,0,353,68,29,447,2,546,531,0,531,1077
08/14/2006,LGB,CA,AWP,WE,Towers with Radar,74,38,94,1,207,0,0,339,0,339,74,38,433,1,546,479,0,479,1025
08/15/2006,LGB,CA,AWP,WE,Towers with Radar,76,22,128,1,227,1,15,416,0,432,77,37,544,1,659,487,0,487,1146
08/16/2006,LGB,CA,AWP,WE,Towers with Radar,79,24,117,1,221,0,8,369,1,378,79,32,486,2,599,639,0,639,1238
08/17/2006,LGB,CA,AWP,WE,Towers with Radar,80,26,143,0,249,0,7,338,1,346,80,33,481,1,595,505,0,505,1100
08/18/2006,LGB,CA,AWP,WE,Towers with Radar,74,25,122,0,221,0,0,0,0,0,74,25,122,0,221,514,0,514,735
08/19/2006,LGB,CA,AWP,WE,Towers with Radar,67,26,86,2,181,0,4,344,0,348,67,30,430,2,529,452,0,452,981
08/20/2006,LGB,CA,AWP,WE,Towers with Radar,70,20,80,1,171,0,5,223,0,228,70,25,303,1,399,312,1,313,712
08/21/2006,LGB,CA,AWP,WE,Towers with Radar,74,31,98,0,203,0,4,293,1,298,74,35,391,1,501,368,0,368,869
08/22/2006,LGB,CA,AWP,WE,Towers with Radar,79,22,121,0,222,0,5,412,0,417,79,27,533,0,639,620,0,620,1259
08/23/2006,LGB,CA,AWP,WE,Towers with Radar,79,32,118,1,230,0,17,353,0,370,79,49,471,1,600,547,0,547,1147
08/24/2006,LGB,CA,AWP,WE,Towers with Radar,76,25,147,3,251,0,5,336,3,344,76,30,483,6,595,494,0,494,1089
08/25/2006,LGB,CA,AWP,WE,Towers with Radar,73,25,104,0,202,0,8,374,0,382,73,33,478,0,584,509,0,509,1093
08/26/2006,LGB,CA,AWP,WE,Towers with Radar,67,19,81,1,168,0,5,384,13,402,67,24,465,14,570,587,0,587,1157
08/27/2006,LGB,CA,AWP,WE,Towers with Radar,70,19,93,0,182,0,12,353,0,365,70,31,446,0,547,560,0,560,1107
08/28/2006,LGB,CA,AWP,WE,Towers with Radar,76,23,121,1,221,0,15,290,0,305,76,38,411,1,526,489,0,489,1015
08/29/2006,LGB,CA,AWP,WE,Towers with Radar,73,26,112,4,215,0,9,378,0,387,73,35,490,4,602,512,0,512,1114
08/30/2006,LGB,CA,AWP,WE,Towers with Radar,69,36,138,7,250,0,6,313,4,323,69,42,451,11,573,671,0,671,1244
08/31/2006,LGB,CA,AWP,WE,Towers with Radar,76,28,107,3,214,0,7,267,0,274,76,35,374,3,488,490,0,490,978
09/01/2006,LGB,CA,AWP,WE,Towers with Radar,72,22,120,0,214,0,25,316,0,341,72,47,436,0,555,434,0,434,989
09/02/2006,LGB,CA,AWP,WE,Towers with Radar,64,16,78,0,158,0,4,418,0,422,64,20,496,0,580,537,0,537,1117
09/03/2006,LGB,CA,AWP,WE,Towers with Radar,64,12,54,0,130,0,6,340,0,346,64,18,394,0,476,518,0,518,994
09/04/2006,LGB,CA,AWP,WE,Towers with Radar,67,18,96,0,181,0,1,341,2,344,67,19,437,2,525,441,0,441,966
09/05/2006,LGB,CA,AWP,WE,Towers with Radar,74,28,118,0,220,0,16,351,2,369,74,44,469,2,589,537,0,537,1126
09/06/2006,LGB,CA,AWP,WE,Towers with Radar,69,21,101,1,192,0,10,385,1,396,69,31,486,2,588,534,0,534,1122
09/07/2006,LGB,CA,AWP,WE,Towers with Radar,72,23,116,0,211,0,3,314,0,317,72,26,430,0,528,477,0,477,1005
09/08/2006,LGB,CA,AWP,WE,Towers with Radar,77,18,101,3,199,0,10,385,4,399,77,28,486,7,598,543,0,543,1141
09/09/2006,LGB,CA,AWP,WE,Towers with Radar,57,15,73,1,146,0,6,356,0,362,57,21,429,1,508,540,0,540,1048
09/10/2006,LGB,CA,AWP,WE,Towers with Radar,66,15,88,2,171,0,4,318,2,324,66,19,406,4,495,588,0,588,1083
09/11/2006,LGB,CA,AWP,WE,Towers with Radar,70,16,90,3,179,0,14,354,0,368,70,30,444,3,547,466,0,466,1013
09/12/2006,LGB,CA,AWP,WE,Towers with Radar,66,28,109,2,205,0,6,291,1,298,66,34,400,3,503,408,0,408,911
09/13/2006,LGB,CA,AWP,WE,Towers with Radar,69,25,101,0,195,0,8,311,0,319,69,33,412,0,514,474,0,474,988
09/14/2006,LGB,CA,AWP,WE,Towers with Radar,74,22,57,5,158,0,2,417,2,421,74,24,474,7,579,795,0,795,1374
09/15/2006,LGB,CA,AWP,WE,Towers with Radar,68,20,122,0,210,0,12,440,0,452,68,32,562,0,662,614,0,614,1276
09/16/2006,LGB,CA,AWP,WE,Towers with Radar,58,10,71,1,140,0,5,306,0,311,58,15,377,1,451,480,0,480,931
09/17/2006,LGB,CA,AWP,WE,Towers with Radar,68,14,100,5,187,0,6,371,0,377,68,20,471,5,564,485,0,485,1049
09/18/2006,LGB,CA,AWP,WE,Towers with Radar,68,25,79,1,173,0,16,350,0,366,68,41,429,1,539,516,0,516,1055
09/19/2006,LGB,CA,AWP,WE,Towers with Radar,66,26,103,1,196,0,14,417,1,432,66,40,520,2,628,460,0,460,1088
09/20/2006,LGB,CA,AWP,WE,Towers with Radar,66,17,101,2,186,0,9,421,0,430,66,26,522,2,616,633,0,633,1249
09/21/2006,LGB,CA,AWP,WE,Towers with Radar,68,14,85,1,168,0,12,405,0,417,68,26,490,1,585,664,0,664,1249
09/22/2006,LGB,CA,AWP,WE,Towers with Radar,64,22,80,0,166,0,10,342,1,353,64,32,422,1,519,584,0,584,1103
09/23/2006,LGB,CA,AWP,WE,Towers with Radar,55,9,66,0,130,0,9,411,0,420,55,18,477,0,550,472,0,472,1022
09/24/2006,LGB,CA,AWP,WE,Towers with Radar,66,18,75,1,160,0,1,347,0,348,66,19,422,1,508,389,0,389,897
09/25/2006,LGB,CA,AWP,WE,Towers with Radar,72,26,96,3,197,0,15,296,2,313,72,41,392,5,510,505,0,505,1015
09/26/2006,LGB,CA,AWP,WE,Towers with Radar,67,31,141,0,239,0,13,360,1,374,67,44,501,1,613,457,0,457,1070
09/27/2006,LGB,CA,AWP,WE,Towers with Radar,69,25,112,0,206,0,12,318,0,330,69,37,430,0,536,491,0,491,1027
09/28/2006,LGB,CA,AWP,WE,Towers with Radar,77,13,107,0,197,0,20,323,0,343,77,33,430,0,540,584,0,584,1124
09/29/2006,LGB,CA,AWP,WE,Towers with Radar,69,26,121,1,217,0,18,302,0,320,69,44,423,1,537,534,0,534,1071
09/30/2006,LGB,CA,AWP,WE,Towers with Radar,58,13,103,1,175,0,2,347,0,349,58,15,450,1,524,492,0,492,1016
10/01/2006,LGB,CA,AWP,WE,Towers with Radar,69,16,98,0,183,0,0,240,0,240,69,16,338,0,423,481,0,481,904
10/02/2006,LGB,CA,AWP,WE,Towers with Radar,75,21,77,0,173,0,0,303,0,303,75,21,380,0,476,614,0,614,1090
10/03/2006,LGB,CA,AWP,WE,Towers with Radar,64,24,54,0,142,0,7,329,1,337,64,31,383,1,479,442,0,442,921
10/04/2006,LGB,CA,AWP,WE,Towers with Radar,70,25,105,1,201,0,6,364,0,370,70,31,469,1,571,515,0,515,1086
10/05/2006,LGB,CA,AWP,WE,Towers with Radar,68,23,98,2,191,0,8,360,1,369,68,31,458,3,560,532,0,532,1092
10/06/2006,LGB,CA,AWP,WE,Towers with Radar,70,22,114,3,209,0,10,273,0,283,70,32,387,3,492,634,0,634,1126
10/07/2006,LGB,CA,AWP,WE,Towers with Radar,58,16,64,0,138,0,13,369,0,382,58,29,433,0,520,618,0,618,1138
10/08/2006,LGB,CA,AWP,WE,Towers with Radar,65,19,75,0,159,0,8,257,0,265,65,27,332,0,424,344,0,344,768
10/09/2006,LGB,CA,AWP,WE,Towers with Radar,72,29,108,1,210,0,6,214,1,221,72,35,322,2,431,594,0,594,1025
10/10/2006,LGB,CA,AWP,WE,Towers with Radar,65,20,98,1,184,0,9,336,2,347,65,29,434,3,531,571,3,574,1105
10/11/2006,LGB,CA,AWP,WE,Towers with Radar,72,17,133,0,222,0,12,288,0,300,72,29,421,0,522,397,0,397,919
10/12/2006,LGB,CA,AWP,WE,Towers with Radar,70,17,94,0,181,0,10,328,8,346,70,27,422,8,527,386,0,386,913
10/13/2006,LGB,CA,AWP,WE,Towers with Radar,74,19,84,1,178,0,7,266,1,274,74,26,350,2,452,480,0,480,932
10/14/2006,LGB,CA,AWP,WE,Towers with Radar,61,15,86,0,162,0,11,248,0,259,61,26,334,0,421,471,0,471,892
10/15/2006,LGB,CA,AWP,WE,Towers with Radar,67,15,120,0,202,0,5,197,0,202,67,20,317,0,404,447,0,447,851
10/16/2006,LGB,CA,AWP,WE,Towers with Radar,72,20,99,0,191,0,10,233,0,243,72,30,332,0,434,562,0,562,996
10/17/2006,LGB,CA,AWP,WE,Towers with Radar,64,21,114,0,199,0,11,266,0,277,64,32,380,0,476,572,0,572,1048
10/18/2006,LGB,CA,AWP,WE,Towers with Radar,69,19,101,0,189,0,19,425,0,444,69,38,526,0,633,557,0,557,1190
10/19/2006,LGB,CA,AWP,WE,Towers with Radar,69,13,92,2,176,0,18,343,0,361,69,31,435,2,537,557,0,557,1094
10/20/2006,LGB,CA,AWP,WE,Towers with Radar,71,14,102,1,188,0,6,326,0,332,71,20,428,1,520,639,0,639,1159
10/21/2006,LGB,CA,AWP,WE,Towers with Radar,56,17,119,1,193,0,2,338,0,340,56,19,457,1,533,364,0,364,897
10/22/2006,LGB,CA,AWP,WE,Towers with Radar,65,19,110,1,195,0,1,299,1,301,65,20,409,2,496,417,0,417,913
10/23/2006,LGB,CA,AWP,WE,Towers with Radar,70,22,100,5,197,0,9,295,1,305,70,31,395,6,502,548,0,548,1050
10/24/2006,LGB,CA,AWP,WE,Towers with Radar,66,22,101,0,189,0,8,328,0,336,66,30,429,0,525,478,0,478,1003
10/25/2006,LGB,CA,AWP,WE,Towers with Radar,68,19,155,0,242,0,10,297,1,308,68,29,452,1,550,492,0,492,1042
10/26/2006,LGB,CA,AWP,WE,Towers with Radar,71,25,138,2,236,0,7,340,0,347,71,32,478,2,583,557,0,557,1140
10/27/2006,LGB,CA,AWP,WE,Towers with Radar,71,27,86,3,187,0,15,410,0,425,71,42,496,3,612,694,0,694,1306
10/28/2006,LGB,CA,AWP,WE,Towers with Radar,57,24,96,0,177,0,8,283,0,291,57,32,379,0,468,597,0,597,1065
10/29/2006,LGB,CA,AWP,WE,Towers with Radar,67,19,70,1,157,0,10,268,4,282,67,29,338,5,439,479,0,479,918
10/30/2006,LGB,CA,AWP,WE,Towers with Radar,77,21,93,3,194,0,9,269,0,278,77,30,362,3,472,598,0,598,1070
10/31/2006,LGB,CA,AWP,WE,Towers with Radar,68,20,108,0,196,1,7,271,0,279,69,27,379,0,475,448,0,448,923
11/01/2006,LGB,CA,AWP,WE,Towers with Radar,74,22,103,2,201,0,5,372,0,377,74,27,475,2,578,621,0,621,1199
11/02/2006,LGB,CA,AWP,WE,Towers with Radar,74,22,108,2,206,0,7,301,0,308,74,29,409,2,514,628,0,628,1142
11/03/2006,LGB,CA,AWP,WE,Towers with Radar,80,21,118,1,220,0,12,239,1,252,80,33,357,2,472,534,0,534,1006
11/04/2006,LGB,CA,AWP,WE,Towers with Radar,69,14,98,1,182,0,2,394,1,397,69,16,492,2,579,687,0,687,1266
11/05/2006,LGB,CA,AWP,WE,Towers with Radar,67,20,20,0,107,0,0,422,0,422,67,20,442,0,529,624,0,624,1153
11/06/2006,LGB,CA,AWP,WE,Towers with Radar,81,16,94,0,191,0,12,353,3,368,81,28,447,3,559,502,0,502,1061
11/07/2006,LGB,CA,AWP,WE,Towers with Radar,76,25,123,0,224,0,5,452,0,457,76,30,575,0,681,660,0,660,1341
11/08/2006,LGB,CA,AWP,WE,Towers with Radar,73,33,114,0,220,0,3,315,2,320,73,36,429,2,540,484,0,484,1024
11/09/2006,LGB,CA,AWP,WE,Towers with Radar,78,31,117,0,226,0,4,328,1,333,78,35,445,1,559,600,0,600,1159
11/10/2006,LGB,CA,AWP,WE,Towers with Radar,79,33,119,1,232,0,3,370,0,373,79,36,489,1,605,518,0,518,1123
11/11/2006,LGB,CA,AWP,WE,Towers with Radar,62,20,80,0,162,0,0,253,0,253,62,20,333,0,415,384,0,384,799
11/12/2006,LGB,CA,AWP,WE,Towers with Radar,71,15,71,0,157,0,3,287,1,291,71,18,358,1,448,599,0,599,1047
11/13/2006,LGB,CA,AWP,WE,Towers with Radar,76,22,91,2,191,0,6,297,0,303,76,28,388,2,494,533,0,533,1027
11/14/2006,LGB,CA,AWP,WE,Towers with Radar,73,21,119,0,213,0,10,283,1,294,73,31,402,1,507,396,0,396,903
11/15/2006,LGB,CA,AWP,WE,Towers with Radar,73,27,155,1,256,0,9,383,1,393,73,36,538,2,649,626,0,626,1275
11/16/2006,LGB,CA,AWP,WE,Towers with Radar,73,22,129,2,226,0,5,321,0,326,73,27,450,2,552,531,0,531,1083
11/17/2006,LGB,CA,AWP,WE,Towers with Radar,71,21,144,3,239,0,5,301,0,306,71,26,445,3,545,517,0,517,1062
11/18/2006,LGB,CA,AWP,WE,Towers with Radar,65,24,101,1,191,0,6,306,1,313,65,30,407,2,504,537,0,537,1041
11/19/2006,LGB,CA,AWP,WE,Towers with Radar,67,21,84,4,176,0,4,271,0,275,67,25,355,4,451,510,0,510,961
11/20/2006,LGB,CA,AWP,WE,Towers with Radar,75,18,88,0,181,0,9,363,1,373,75,27,451,1,554,651,0,651,1205
11/21/2006,LGB,CA,AWP,WE,Towers with Radar,74,27,131,1,233,0,14,355,1,370,74,41,486,2,603,621,0,621,1224
11/22/2006,LGB,CA,AWP,WE,Towers with Radar,73,18,129,0,220,0,18,350,2,370,73,36,479,2,590,501,0,501,1091
11/23/2006,LGB,CA,AWP,WE,Towers with Radar,49,9,41,0,99,0,2,113,0,115,49,11,154,0,214,282,0,282,496
11/24/2006,LGB,CA,AWP,WE,Towers with Radar,64,17,127,0,208,0,6,235,0,241,64,23,362,0,449,395,0,395,844
11/25/2006,LGB,CA,AWP,WE,Towers with Radar,64,16,72,0,152,0,3,341,0,344,64,19,413,0,496,582,0,582,1078
11/26/2006,LGB,CA,AWP,WE,Towers with Radar,67,24,122,0,213,0,0,334,0,334,67,24,456,0,547,344,0,344,891
11/27/2006,LGB,CA,AWP,WE,Towers with Radar,73,20,77,1,171,0,6,189,1,196,73,26,266,2,367,474,0,474,841
11/28/2006,LGB,CA,AWP,WE,Towers with Radar,73,18,124,0,215,0,17,379,2,398,73,35,503,2,613,622,0,622,1235
11/29/2006,LGB,CA,AWP,WE,Towers with Radar,76,21,91,2,190,0,6,315,6,327,76,27,406,8,517,465,0,465,982
11/30/2006,LGB,CA,AWP,WE,Towers with Radar,73,24,108,0,205,0,7,394,0,401,73,31,502,0,606,674,0,674,1280
12/01/2006,LGB,CA,AWP,WE,Towers with Radar,70,23,108,2,203,0,0,369,3,372,70,23,477,5,575,695,0,695,1270
12/02/2006,LGB,CA,AWP,WE,Towers with Radar,63,14,65,0,142,0,12,370,0,382,63,26,435,0,524,517,0,517,1041
12/03/2006,LGB,CA,AWP,WE,Towers with Radar,65,21,91,0,177,0,1,204,1,206,65,22,295,1,383,367,0,367,750
12/04/2006,LGB,CA,AWP,WE,Towers with Radar,77,20,102,1,200,0,2,295,1,298,77,22,397,2,498,560,0,560,1058
12/05/2006,LGB,CA,AWP,WE,Towers with Radar,73,25,109,11,218,0,8,414,0,422,73,33,523,11,640,584,0,584,1224
12/06/2006,LGB,CA,AWP,WE,Towers with Radar,70,15,123,3,211,0,7,355,0,362,70,22,478,3,573,432,0,432,1005
12/07/2006,LGB,CA,AWP,WE,Towers with Radar,75,28,101,3,207,0,2,298,4,304,75,30,399,7,511,654,0,654,1165
12/08/2006,LGB,CA,AWP,WE,Towers with Radar,74,28,141,2,245,0,0,294,0,294,74,28,435,2,539,496,0,496,1035
12/09/2006,LGB,CA,AWP,WE,Towers with Radar,60,17,98,0,175,0,4,275,0,279,60,21,373,0,454,696,0,696,1150
12/10/2006,LGB,CA,AWP,WE,Towers with Radar,65,16,84,0,165,0,0,281,0,281,65,16,365,0,446,479,0,479,925
12/11/2006,LGB,CA,AWP,WE,Towers with Radar,72,24,101,0,197,0,6,247,0,253,72,30,348,0,450,544,0,544,994
12/12/2006,LGB,CA,AWP,WE,Towers with Radar,75,27,130,1,233,0,17,351,0,368,75,44,481,1,601,716,0,716,1317
12/13/2006,LGB,CA,AWP,WE,Towers with Radar,74,22,126,0,222,0,12,411,0,423,74,34,537,0,645,675,0,675,1320
12/14/2006,LGB,CA,AWP,WE,Towers with Radar,74,30,91,2,197,0,15,396,0,411,74,45,487,2,608,618,0,618,1226
12/15/2006,LGB,CA,AWP,WE,Towers with Radar,73,26,246,4,349,0,0,0,0,0,73,26,246,4,349,156,0,156,505
12/16/2006,LGB,CA,AWP,WE,Towers with Radar,66,17,102,0,185,0,5,113,0,118,66,22,215,0,303,424,0,424,727
12/17/2006,LGB,CA,AWP,WE,Towers with Radar,64,14,86,0,164,0,3,261,0,264,64,17,347,0,428,601,0,601,1029
12/18/2006,LGB,CA,AWP,WE,Towers with Radar,73,17,79,0,169,0,8,347,0,355,73,25,426,0,524,597,0,597,1121
12/19/2006,LGB,CA,AWP,WE,Towers with Radar,77,24,109,0,210,0,9,414,0,423,77,33,523,0,633,556,0,556,1189
12/20/2006,LGB,CA,AWP,WE,Towers with Radar,80,28,122,1,231,0,10,457,1,468,80,38,579,2,699,554,0,554,1253
12/21/2006,LGB,CA,AWP,WE,Towers with Radar,78,21,118,2,219,0,11,438,2,451,78,32,556,4,670,592,0,592,1262
12/22/2006,LGB,CA,AWP,WE,Towers with Radar,81,21,104,0,206,0,4,270,0,274,81,25,374,0,480,357,0,357,837
12/23/2006,LGB,CA,AWP,WE,Towers with Radar,62,14,89,0,165,0,7,363,0,370,62,21,452,0,535,545,0,545,1080
12/24/2006,LGB,CA,AWP,WE,Towers with Radar,65,10,46,0,121,0,3,232,0,235,65,13,278,0,356,382,0,382,738
12/25/2006,LGB,CA,AWP,WE,Towers with Radar,64,17,21,0,102,0,6,130,0,136,64,23,151,0,238,148,0,148,386
12/26/2006,LGB,CA,AWP,WE,Towers with Radar,74,14,94,0,182,0,12,307,1,320,74,26,401,1,502,498,0,498,1000
12/27/2006,LGB,CA,AWP,WE,Towers with Radar,74,17,65,0,156,0,6,163,0,169,74,23,228,0,325,164,0,164,489
12/28/2006,LGB,CA,AWP,WE,Towers with Radar,70,20,66,0,156,0,10,251,2,263,70,30,317,2,419,673,0,673,1092
12/29/2006,LGB,CA,AWP,WE,Towers with Radar,74,17,90,0,181,0,3,439,0,442,74,20,529,0,623,552,0,552,1175
12/30/2006,LGB,CA,AWP,WE,Towers with Radar,63,19,89,0,171,0,8,386,0,394,63,27,475,0,565,459,0,459,1024
12/31/2006,LGB,CA,AWP,WE,Towers with Radar,65,23,30,0,118,0,1,297,0,298,65,24,327,0,416,465,0,465,881
01/01/2007,LGB,CA,AWP,WE,Towers with Radar,67,11,69,0,147,0,1,179,0,180,67,12,248,0,327,212,0,212,539
01/02/2007,LGB,CA,AWP,WE,Towers with Radar,67,19,105,0,191,0,4,321,0,325,67,23,426,0,516,399,0,399,915
01/03/2007,LGB,CA,AWP,WE,Towers with Radar,75,13,126,0,214,0,9,314,0,323,75,22,440,0,537,489,0,489,1026
01/04/2007,LGB,CA,AWP,WE,Towers with Radar,73,16,112,0,201,0,12,227,0,239,73,28,339,0,440,646,0,646,1086
01/05/2007,LGB,CA,AWP,WE,Towers with Radar,73,21,57,3,154,0,3,183,0,186,73,24,240,3,340,219,0,219,559
01/06/2007,LGB,CA,AWP,WE,Towers with Radar,65,9,109,2,185,0,27,372,1,400,65,36,481,3,585,504,0,504,1089
01/07/2007,LGB,CA,AWP,WE,Towers with Radar,63,19,83,2,167,0,0,294,1,295,63,19,377,3,462,630,0,630,1092
01/08/2007,LGB,CA,AWP,WE,Towers with Radar,74,13,78,3,168,0,9,348,0,357,74,22,426,3,525,489,0,489,1014
01/09/2007,LGB,CA,AWP,WE,Towers with Radar,75,13,95,5,188,0,9,430,1,440,75,22,525,6,628,665,0,665,1293
01/10/2007,LGB,CA,AWP,WE,Towers with Radar,72,23,64,0,159,0,12,0,0,12,72,35,64,0,171,679,0,679,850
01/11/2007,LGB,CA,AWP,WE,Towers with Radar,70,25,127,1,223,0,9,338,1,348,70,34,465,2,571,640,0,640,1211
01/12/2007,LGB,CA,AWP,WE,Towers with Radar,73,23,85,3,184,0,0,287,0,287,73,23,372,3,471,457,0,457,928
01/13/2007,LGB,CA,AWP,WE,Towers with Radar,61,14,58,0,133,0,11,340,0,351,61,25,398,0,484,468,0,468,952
01/14/2007,LGB,CA,AWP,WE,Towers with Radar,67,14,87,0,168,0,1,291,0,292,67,15,378,0,460,333,0,333,793
01/15/2007,LGB,CA,AWP,WE,Towers with Radar,72,22,91,0,185,0,12,352,0,364,72,34,443,0,549,539,0,539,1088
01/16/2007,LGB,CA,AWP,WE,Towers with Radar,71,20,104,5,200,0,12,347,2,361,71,32,451,7,561,492,0,492,1053
01/17/2007,LGB,CA,AWP,WE,Towers with Radar,74,26,112,1,213,0,5,308,0,313,74,31,420,1,526,559,0,559,1085
01/18/2007,LGB,CA,AWP,WE,Towers with Radar,72,22,116,2,212,0,10,393,0,403,72,32,509,2,615,728,0,728,1343
01/19/2007,LGB,CA,AWP,WE,Towers with Radar,72,20,102,2,196,0,10,334,0,344,72,30,436,2,540,528,0,528,1068
01/20/2007,LGB,CA,AWP,WE,Towers with Radar,59,9,77,0,145,0,10,397,1,408,59,19,474,1,553,428,0,428,981
01/21/2007,LGB,CA,AWP,WE,Towers with Radar,63,20,78,0,161,0,1,296,0,297,63,21,374,0,458,429,0,429,887
01/22/2007,LGB,CA,AWP,WE,Towers with Radar,73,18,83,0,174,0,9,310,0,319,73,27,393,0,493,611,0,611,1104
01/23/2007,LGB,CA,AWP,WE,Towers with Radar,79,21,110,2,212,0,8,347,0,355,79,29,457,2,567,588,0,588,1155
01/24/2007,LGB,CA,AWP,WE,Towers with Radar,77,22,99,0,198,0,8,437,0,445,77,30,536,0,643,642,0,642,1285
01/25/2007,LGB,CA,AWP,WE,Towers with Radar,71,25,135,0,231,0,7,420,0,427,71,32,555,0,658,576,0,576,1234
01/26/2007,LGB,CA,AWP,WE,Towers with Radar,76,20,115,0,211,0,10,316,0,326,76,30,431,0,537,505,0,505,1042
01/27/2007,LGB,CA,AWP,WE,Towers with Radar,61,16,77,1,155,0,12,272,0,284,61,28,349,1,439,390,0,390,829
01/28/2007,LGB,CA,AWP,WE,Towers with Radar,66,19,87,0,172,0,3,275,0,278,66,22,362,0,450,450,0,450,900
01/29/2007,LGB,CA,AWP,WE,Towers with Radar,67,22,104,0,193,4,14,283,0,301,71,36,387,0,494,655,0,655,1149
01/30/2007,LGB,CA,AWP,WE,Towers with Radar,76,34,88,1,199,0,8,189,0,197,76,42,277,1,396,489,0,489,885
01/31/2007,LGB,CA,AWP,WE,Towers with Radar,77,24,108,0,209,0,4,325,0,329,77,28,433,0,538,636,0,636,1174
02/01/2007,LGB,CA,AWP,WE,Towers with Radar,76,25,151,1,253,0,8,392,1,401,76,33,543,2,654,601,0,601,1255
02/02/2007,LGB,CA,AWP,WE,Towers with Radar,72,20,122,0,214,0,4,426,0,430,72,24,548,0,644,614,0,614,1258
02/03/2007,LGB,CA,AWP,WE,Towers with Radar,59,17,87,0,163,0,6,391,0,397,59,23,478,0,560,526,0,526,1086
02/04/2007,LGB,CA,AWP,WE,Towers with Radar,66,14,74,1,155,0,3,372,0,375,66,17,446,1,530,474,0,474,1004
02/05/2007,LGB,CA,AWP,WE,Towers with Radar,74,21,106,1,202,0,9,340,1,350,74,30,446,2,552,661,0,661,1213
02/06/2007,LGB,CA,AWP,WE,Towers with Radar,62,27,121,5,215,0,6,309,2,317,62,33,430,7,532,668,0,668,1200
02/07/2007,LGB,CA,AWP,WE,Towers with Radar,77,20,128,1,226,0,7,234,0,241,77,27,362,1,467,486,0,486,953
02/08/2007,LGB,CA,AWP,WE,Towers with Radar,77,23,143,1,244,0,3,229,0,232,77,26,372,1,476,481,0,481,957
02/09/2007,LGB,CA,AWP,WE,Towers with Radar,73,22,105,0,200,0,9,318,2,329,73,31,423,2,529,596,0,596,1125
02/10/2007,LGB,CA,AWP,WE,Towers with Radar,67,16,130,0,213,0,4,251,0,255,67,20,381,0,468,436,0,436,904
02/11/2007,LGB,CA,AWP,WE,Towers with Radar,66,13,111,1,191,0,3,146,0,149,66,16,257,1,340,244,40,284,624
02/12/2007,LGB,CA,AWP,WE,Towers with Radar,76,34,94,0,204,0,6,319,0,325,76,40,413,0,529,528,0,528,1057
02/13/2007,LGB,CA,AWP,WE,Towers with Radar,77,27,107,0,211,0,5,393,0,398,77,32,500,0,609,457,0,457,1066
02/14/2007,LGB,CA,AWP,WE,Towers with Radar,58,22,99,2,181,0,8,413,2,423,58,30,512,4,604,600,0,600,1204
02/15/2007,LGB,CA,AWP,WE,Towers with Radar,60,29,129,0,218,0,19,458,2,479,60,48,587,2,697,569,0,569,1266
02/16/2007,LGB,CA,AWP,WE,Towers with Radar,56,41,124,1,222,0,6,461,2,469,56,47,585,3,691,677,0,677,1368
02/17/2007,LGB,CA,AWP,WE,Towers with Radar,66,12,73,0,151,0,3,414,1,418,66,15,487,1,569,545,0,545,1114
02/18/2007,LGB,CA,AWP,WE,Towers with Radar,68,15,92,2,177,1,5,278,0,284,69,20,370,2,461,307,0,307,768
02/19/2007,LGB,CA,AWP,WE,Towers with Radar,75,25,102,2,204,0,4,247,1,252,75,29,349,3,456,539,0,539,995
02/20/2007,LGB,CA,AWP,WE,Towers with Radar,75,29,131,0,235,0,9,370,20,399,75,38,501,20,634,648,0,648,1282
02/21/2007,LGB,CA,AWP,WE,Towers with Radar,74,25,108,2,209,0,0,0,0,0,74,25,108,2,209,525,0,525,734
02/22/2007,LGB,CA,AWP,WE,Towers with Radar,77,23,102,1,203,0,6,248,2,256,77,29,350,3,459,616,0,616,1075
02/23/2007,LGB,CA,AWP,WE,Towers with Radar,77,26,104,2,209,0,8,349,1,358,77,34,453,3,567,754,0,754,1321
02/24/2007,LGB,CA,AWP,WE,Towers with Radar,56,17,103,0,176,0,8,481,0,489,56,25,584,0,665,719,0,719,1384
02/25/2007,LGB,CA,AWP,WE,Towers with Radar,65,22,101,0,188,0,2,281,1,284,65,24,382,1,472,676,0,676,1148
02/26/2007,LGB,CA,AWP,WE,Towers with Radar,74,28,118,0,220,0,11,358,0,369,74,39,476,0,589,796,0,796,1385
02/27/2007,LGB,CA,AWP,WE,Towers with Radar,77,37,69,1,184,0,0,317,0,317,77,37,386,1,501,520,0,520,1021
02/28/2007,LGB,CA,AWP,WE,Towers with Radar,78,22,118,1,219,0,11,433,1,445,78,33,551,2,664,614,0,614,1278
03/01/2007,LGB,CA,AWP,WE,Towers with Radar,78,31,127,0,236,0,15,422,0,437,78,46,549,0,673,778,0,778,1451
03/02/2007,LGB,CA,AWP,WE,Towers with Radar,73,17,80,2,172,0,8,507,0,515,73,25,587,2,687,791,0,791,1478
03/03/2007,LGB,CA,AWP,WE,Towers with Radar,65,23,56,1,145,0,7,336,0,343,65,30,392,1,488,485,0,485,973
03/04/2007,LGB,CA,AWP,WE,Towers with Radar,69,24,82,2,177,0,0,299,0,299,69,24,381,2,476,260,0,260,736
03/05/2007,LGB,CA,AWP,WE,Towers with Radar,75,31,117,0,223,0,9,473,0,482,75,40,590,0,705,803,0,803,1508
03/06/2007,LGB,CA,AWP,WE,Towers with Radar,76,22,119,6,223,0,15,432,2,449,76,37,551,8,672,708,0,708,1380
03/07/2007,LGB,CA,AWP,WE,Towers with Radar,79,28,154,4,265,0,20,473,0,493,79,48,627,4,758,769,0,769,1527
03/08/2007,LGB,CA,AWP,WE,Towers with Radar,76,25,107,2,210,0,7,458,0,465,76,32,565,2,675,636,0,636,1311
03/09/2007,LGB,CA,AWP,WE,Towers with Radar,74,22,115,5,216,0,9,456,0,465,74,31,571,5,681,825,0,825,1506
03/10/2007,LGB,CA,AWP,WE,Towers with Radar,65,14,105,6,190,0,3,364,1,368,65,17,469,7,558,551,0,551,1109
03/11/2007,LGB,CA,AWP,WE,Towers with Radar,66,27,92,2,187,3,2,385,27,417,69,29,477,29,604,576,0,576,1180
03/12/2007,LGB,CA,AWP,WE,Towers with Radar,75,32,110,0,217,0,3,488,1,492,75,35,598,1,709,796,0,796,1505
03/13/2007,LGB,CA,AWP,WE,Towers with Radar,74,24,99,0,197,0,15,462,0,477,74,39,561,0,674,786,0,786,1460
03/14/2007,LGB,CA,AWP,WE,Towers with Radar,75,37,146,2,260,0,10,465,1,476,75,47,611,3,736,876,0,876,1612
03/15/2007,LGB,CA,AWP,WE,Towers with Radar,75,31,164,0,270,0,7,395,0,402,75,38,559,0,672,860,0,860,1532
03/16/2007,LGB,CA,AWP,WE,Towers with Radar,59,37,146,0,242,0,6,264,2,272,59,43,410,2,514,518,0,518,1032
03/17/2007,LGB,CA,AWP,WE,Towers with Radar,68,17,132,0,217,0,2,303,0,305,68,19,435,0,522,589,0,589,1111
03/18/2007,LGB,CA,AWP,WE,Towers with Radar,65,18,139,0,222,0,2,191,0,193,65,20,330,0,415,532,0,532,947
03/19/2007,LGB,CA,AWP,WE,Towers with Radar,77,16,123,0,216,0,9,326,0,335,77,25,449,0,551,985,0,985,1536
03/20/2007,LGB,CA,AWP,WE,Towers with Radar,76,18,156,0,250,0,8,213,1,222,76,26,369,1,472,771,0,771,1243
03/21/2007,LGB,CA,AWP,WE,Towers with Radar,73,17,96,0,186,0,7,426,0,433,73,24,522,0,619,863,0,863,1482
03/22/2007,LGB,CA,AWP,WE,Towers with Radar,77,26,104,5,212,0,6,443,5,454,77,32,547,10,666,106,0,106,772
03/23/2007,LGB,CA,AWP,WE,Towers with Radar,73,31,131,0,235,0,9,389,0,398,73,40,520,0,633,492,0,492,1125
03/24/2007,LGB,CA,AWP,WE,Towers with Radar,62,16,113,0,191,0,5,388,0,393,62,21,501,0,584,835,0,835,1419
03/25/2007,LGB,CA,AWP,WE,Towers with Radar,66,17,123,1,207,0,4,298,0,302,66,21,421,1,509,566,0,566,1075
03/26/2007,LGB,CA,AWP,WE,Towers with Radar,73,19,124,3,219,0,6,176,0,182,73,25,300,3,401,727,0,727,1128
03/27/2007,LGB,CA,AWP,WE,Towers with Radar,76,27,54,4,161,0,9,192,0,201,76,36,246,4,362,347,2,349,711
03/28/2007,LGB,CA,AWP,WE,Towers with Radar,78,23,133,1,235,0,11,479,2,492,78,34,612,3,727,667,0,667,1394
03/29/2007,LGB,CA,AWP,WE,Towers with Radar,78,28,137,2,245,0,7,538,0,545,78,35,675,2,790,955,0,955,1745
03/30/2007,LGB,CA,AWP,WE,Towers with Radar,80,24,114,9,227,0,5,475,2,482,80,29,589,11,709,770,0,770,1479
03/31/2007,LGB,CA,AWP,WE,Towers with Radar,66,20,105,4,195,0,8,403,0,411,66,28,508,4,606,553,0,553,1159
04/01/2007,LGB,CA,AWP,WE,Towers with Radar,67,27,108,3,205,1,3,352,1,357,68,30,460,4,562,443,0,443,1005
04/02/2007,LGB,CA,AWP,WE,Towers with Radar,75,20,105,3,203,0,12,286,3,301,75,32,391,6,504,704,0,704,1208
04/03/2007,LGB,CA,AWP,WE,Towers with Radar,78,20,137,5,240,0,13,342,0,355,78,33,479,5,595,892,0,892,1487
04/04/2007,LGB,CA,AWP,WE,Towers with Radar,81,27,111,0,219,0,9,238,0,247,81,36,349,0,466,606,0,606,1072
04/05/2007,LGB,CA,AWP,WE,Towers with Radar,82,38,164,3,287,0,15,271,0,286,82,53,435,3,573,736,0,736,1309
04/06/2007,LGB,CA,AWP,WE,Towers with Radar,73,24,141,0,238,0,3,315,0,318,73,27,456,0,556,1122,0,1122,1678
04/07/2007,LGB,CA,AWP,WE,Towers with Radar,66,10,134,0,210,0,9,251,0,260,66,19,385,0,470,824,0,824,1294
04/08/2007,LGB,CA,AWP,WE,Towers with Radar,66,22,74,0,162,1,3,179,0,183,67,25,253,0,345,610,0,610,955
04/09/2007,LGB,CA,AWP,WE,Towers with Radar,77,27,127,1,232,0,13,349,0,362,77,40,476,1,594,688,0,688,1282
04/10/2007,LGB,CA,AWP,WE,Towers with Radar,77,27,131,4,239,0,10,439,3,452,77,37,570,7,691,968,0,968,1659
04/11/2007,LGB,CA,AWP,WE,Towers with Radar,76,32,119,2,229,0,10,436,1,447,76,42,555,3,676,811,0,811,1487
04/12/2007,LGB,CA,AWP,WE,Towers with Radar,75,25,84,1,185,0,12,176,0,188,75,37,260,1,373,370,2,372,745
04/13/2007,LGB,CA,AWP,WE,Towers with Radar,72,32,124,3,231,0,10,473,0,483,72,42,597,3,714,746,0,746,1460
04/14/2007,LGB,CA,AWP,WE,Towers with Radar,66,18,115,4,203,0,8,373,4,385,66,26,488,8,588,508,0,508,1096
04/15/2007,LGB,CA,AWP,WE,Towers with Radar,66,20,94,0,180,0,1,243,0,244,66,21,337,0,424,291,0,291,715
04/16/2007,LGB,CA,AWP,WE,Towers with Radar,78,22,79,1,180,0,9,324,0,333,78,31,403,1,513,733,0,733,1246
04/17/2007,LGB,CA,AWP,WE,Towers with Radar,78,33,102,3,216,0,11,243,0,254,78,44,345,3,470,660,0,660,1130
04/18/2007,LGB,CA,AWP,WE,Towers with Radar,77,17,96,0,190,0,9,270,0,279,77,26,366,0,469,254,0,254,723
04/19/2007,LGB,CA,AWP,WE,Towers with Radar,77,30,110,3,220,0,6,336,4,346,77,36,446,7,566,421,0,421,987
04/20/2007,LGB,CA,AWP,WE,Towers with Radar,75,26,46,2,149,0,4,157,0,161,75,30,203,2,310,244,0,244,554
04/21/2007,LGB,CA,AWP,WE,Towers with Radar,68,19,89,0,176,0,9,382,0,391,68,28,471,0,567,630,0,630,1197
04/22/2007,LGB,CA,AWP,WE,Towers with Radar,67,18,115,0,200,1,6,249,0,256,68,24,364,0,456,534,0,534,990
04/23/2007,LGB,CA,AWP,WE,Towers with Radar,79,23,120,0,222,0,10,341,0,351,79,33,461,0,573,522,0,522,1095
04/24/2007,LGB,CA,AWP,WE,Towers with Radar,76,16,139,0,231,0,10,471,0,481,76,26,610,0,712,652,0,652,1364
04/25/2007,LGB,CA,AWP,WE,Towers with Radar,80,16,119,0,215,0,8,464,0,472,80,24,583,0,687,447,0,447,1134
04/26/2007,LGB,CA,AWP,WE,Towers with Radar,77,42,151,0,270,0,0,444,0,444,77,42,595,0,714,789,0,789,1503
04/27/2007,LGB,CA,AWP,WE,Towers with Radar,73,29,108,0,210,0,19,470,3,492,73,48,578,3,702,732,0,732,1434
04/28/2007,LGB,CA,AWP,WE,Towers with Radar,67,15,117,0,199,0,3,343,1,347,67,18,460,1,546,452,0,452,998
04/29/2007,LGB,CA,AWP,WE,Towers with Radar,67,26,121,0,214,0,0,240,0,240,67,26,361,0,454,278,0,278,732
04/30/2007,LGB,CA,AWP,WE,Towers with Radar,77,22,99,0,198,0,9,256,0,265,77,31,355,0,463,710,0,710,1173
05/01/2007,LGB,CA,AWP,WE,Towers with Radar,81,18,122,0,221,0,11,354,1,366,81,29,476,1,587,689,0,689,1276
05/02/2007,LGB,CA,AWP,WE,Towers with Radar,81,23,111,0,215,0,11,459,0,470,81,34,570,0,685,755,0,755,1440
05/03/2007,LGB,CA,AWP,WE,Towers with Radar,82,28,122,5,237,0,13,362,0,375,82,41,484,5,612,785,0,785,1397
05/04/2007,LGB,CA,AWP,WE,Towers with Radar,79,28,96,0,203,0,9,324,0,333,79,37,420,0,536,690,0,690,1226
05/05/2007,LGB,CA,AWP,WE,Towers with Radar,68,13,80,0,161,0,5,357,0,362,68,18,437,0,523,452,0,452,975
05/06/2007,LGB,CA,AWP,WE,Towers with Radar,75,18,110,0,203,0,6,279,2,287,75,24,389,2,490,354,0,354,844
05/07/2007,LGB,CA,AWP,WE,Towers with Radar,79,22,69,0,170,0,2,323,0,325,79,24,392,0,495,381,0,381,876
05/08/2007,LGB,CA,AWP,WE,Towers with Radar,80,22,93,0,195,0,15,470,0,485,80,37,563,0,680,589,0,589,1269
05/09/2007,LGB,CA,AWP,WE,Towers with Radar,76,29,133,0,238,0,8,381,0,389,76,37,514,0,627,667,0,667,1294
05/10/2007,LGB,CA,AWP,WE,Towers with Radar,81,41,115,0,237,0,14,399,0,413,81,55,514,0,650,586,0,586,1236
05/11/2007,LGB,CA,AWP,WE,Towers with Radar,81,28,132,2,243,0,9,497,0,506,81,37,629,2,749,765,0,765,1514
05/12/2007,LGB,CA,AWP,WE,Towers with Radar,72,15,98,0,185,0,4,445,0,449,72,19,543,0,634,590,0,590,1224
05/13/2007,LGB,CA,AWP,WE,Towers with Radar,73,19,106,0,198,0,0,298,0,298,73,19,404,0,496,338,0,338,834
05/14/2007,LGB,CA,AWP,WE,Towers with Radar,78,27,68,0,173,0,4,325,0,329,78,31,393,0,502,680,0,680,1182
05/15/2007,LGB,CA,AWP,WE,Towers with Radar,79,23,120,0,222,0,7,299,0,306,79,30,419,0,528,919,0,919,1447
05/16/2007,LGB,CA,AWP,WE,Towers with Radar,81,17,117,0,215,0,9,231,0,240,81,26,348,0,455,737,0,737,1192
05/17/2007,LGB,CA,AWP,WE,Towers with Radar,82,31,138,1,252,0,15,275,1,291,82,46,413,2,543,760,0,760,1303
05/18/2007,LGB,CA,AWP,WE,Towers with Radar,79,17,174,1,271,0,6,225,1,232,79,23,399,2,503,699,0,699,1202
05/19/2007,LGB,CA,AWP,WE,Towers with Radar,68,27,111,0,206,0,29,319,0,348,68,56,430,0,554,618,0,618,1172
05/20/2007,LGB,CA,AWP,WE,Towers with Radar,73,34,132,0,239,3,0,149,2,154,76,34,281,2,393,338,0,338,731
05/21/2007,LGB,CA,AWP,WE,Towers with Radar,79,26,123,0,228,0,10,226,1,237,79,36,349,1,465,760,0,760,1225
05/22/2007,LGB,CA,AWP,WE,Towers with Radar,82,20,158,0,260,0,7,396,0,403,82,27,554,0,663,803,0,803,1466
05/23/2007,LGB,CA,AWP,WE,Towers with Radar,77,26,133,1,237,0,16,431,1,448,77,42,564,2,685,552,0,552,1237
05/24/2007,LGB,CA,AWP,WE,Towers with Radar,81,32,128,1,242,0,2,446,2,450,81,34,574,3,692,640,0,640,1332
05/25/2007,LGB,CA,AWP,WE,Towers with Radar,78,13,135,1,227,0,20,469,2,491,78,33,604,3,718,586,0,586,1304
05/26/2007,LGB,CA,AWP,WE,Towers with Radar,69,14,100,0,183,0,3,374,0,377,69,17,474,0,560,549,0,549,1109
05/27/2007,LGB,CA,AWP,WE,Towers with Radar,71,7,72,0,150,0,8,281,0,289,71,15,353,0,439,540,0,540,979
05/28/2007,LGB,CA,AWP,WE,Towers with Radar,78,17,81,1,177,0,2,311,0,313,78,19,392,1,490,636,0,636,1126
05/29/2007,LGB,CA,AWP,WE,Towers with Radar,78,19,101,2,200,0,17,338,2,357,78,36,439,4,557,713,0,713,1270
05/30/2007,LGB,CA,AWP,WE,Towers with Radar,75,23,116,2,216,0,20,380,3,403,75,43,496,5,619,697,0,697,1316
05/31/2007,LGB,CA,AWP,WE,Towers with Radar,80,25,122,3,230,0,9,423,3,435,80,34,545,6,665,725,0,725,1390
06/01/2007,LGB,CA,AWP,WE,Towers with Radar,77,31,132,0,240,0,24,325,0,349,77,55,457,0,589,681,0,681,1270
06/02/2007,LGB,CA,AWP,WE,Towers with Radar,70,14,122,0,206,0,12,307,0,319,70,26,429,0,525,501,0,501,1026
06/03/2007,LGB,CA,AWP,WE,Towers with Radar,74,28,138,3,243,0,4,250,0,254,74,32,388,3,497,455,0,455,952
06/04/2007,LGB,CA,AWP,WE,Towers with Radar,79,18,100,1,198,0,4,353,0,357,79,22,453,1,555,622,0,622,1177
06/05/2007,LGB,CA,AWP,WE,Towers with Radar,82,30,148,0,260,0,10,235,0,245,82,40,383,0,505,600,0,600,1105
06/06/2007,LGB,CA,AWP,WE,Towers with Radar,78,31,107,2,218,0,11,395,2,408,78,42,502,4,626,611,0,611,1237
06/07/2007,LGB,CA,AWP,WE,Towers with Radar,79,27,135,0,241,0,4,385,0,389,79,31,520,0,630,563,0,563,1193
06/08/2007,LGB,CA,AWP,WE,Towers with Radar,76,26,102,3,207,0,2,362,2,366,76,28,464,5,573,532,0,532,1105
06/09/2007,LGB,CA,AWP,WE,Towers with Radar,70,19,127,1,217,0,6,312,1,319,70,25,439,2,536,545,0,545,1081
06/10/2007,LGB,CA,AWP,WE,Towers with Radar,72,21,120,0,213,0,2,277,0,279,72,23,397,0,492,420,0,420,912
06/11/2007,LGB,CA,AWP,WE,Towers with Radar,75,26,112,1,214,0,5,228,0,233,75,31,340,1,447,547,0,547,994
06/12/2007,LGB,CA,AWP,WE,Towers with Radar,75,23,136,0,234,0,5,369,0,374,75,28,505,0,608,569,0,569,1177
06/13/2007,LGB,CA,AWP,WE,Towers with Radar,80,30,124,0,234,0,9,400,0,409,80,39,524,0,643,458,0,458,1101
06/14/2007,LGB,CA,AWP,WE,Towers with Radar,79,29,134,1,243,0,9,399,0,408,79,38,533,1,651,551,0,551,1202
06/15/2007,LGB,CA,AWP,WE,Towers with Radar,77,23,106,0,206,0,5,420,1,426,77,28,526,1,632,536,0,536,1168
06/16/2007,LGB,CA,AWP,WE,Towers with Radar,71,12,100,0,183,0,9,372,0,381,71,21,472,0,564,534,0,534,1098
06/17/2007,LGB,CA,AWP,WE,Towers with Radar,73,19,95,1,188,0,0,302,0,302,73,19,397,1,490,377,0,377,867
06/18/2007,LGB,CA,AWP,WE,Towers with Radar,77,24,112,2,215,0,3,287,0,290,77,27,399,2,505,518,0,518,1023
06/19/2007,LGB,CA,AWP,WE,Towers with Radar,76,27,137,2,242,0,7,376,0,383,76,34,513,2,625,581,0,581,1206
06/20/2007,LGB,CA,AWP,WE,Towers with Radar,80,27,111,0,218,0,20,325,1,346,80,47,436,1,564,587,0,587,1151
06/21/2007,LGB,CA,AWP,WE,Towers with Radar,83,29,119,1,232,0,7,419,0,426,83,36,538,1,658,494,0,494,1152
06/22/2007,LGB,CA,AWP,WE,Towers with Radar,77,33,111,4,225,0,8,429,4,441,77,41,540,8,666,513,0,513,1179
06/23/2007,LGB,CA,AWP,WE,Towers with Radar,67,15,120,0,202,0,5,255,0,260,67,20,375,0,462,367,0,367,829
06/24/2007,LGB,CA,AWP,WE,Towers with Radar,75,19,135,0,229,0,0,224,0,224,75,19,359,0,453,359,0,359,812
06/25/2007,LGB,CA,AWP,WE,Towers with Radar,82,22,128,0,232,0,6,284,0,290,82,28,412,0,522,306,0,306,828
06/26/2007,LGB,CA,AWP,WE,Towers with Radar,80,25,134,0,239,0,7,411,0,418,80,32,545,0,657,558,0,558,1215
06/27/2007,LGB,CA,AWP,WE,Towers with Radar,75,24,99,0,198,0,8,244,3,255,75,32,343,3,453,330,0,330,783
06/28/2007,LGB,CA,AWP,WE,Towers with Radar,82,22,157,0,261,0,11,367,0,378,82,33,524,0,639,521,0,521,1160
06/29/2007,LGB,CA,AWP,WE,Towers with Radar,76,27,128,3,234,0,9,396,3,408,76,36,524,6,642,639,0,639,1281
06/30/2007,LGB,CA,AWP,WE,Towers with Radar,72,13,88,0,173,0,5,379,0,384,72,18,467,0,557,507,0,507,1064
07/01/2007,LGB,CA,AWP,WE,Towers with Radar,72,13,89,2,176,0,3,320,0,323,72,16,409,2,499,474,0,474,973
07/02/2007,LGB,CA,AWP,WE,Towers with Radar,75,22,87,2,186,0,15,332,0,347,75,37,419,2,533,558,0,558,1091
07/03/2007,LGB,CA,AWP,WE,Towers with Radar,77,20,133,5,235,0,8,380,0,388,77,28,513,5,623,555,0,555,1178
07/04/2007,LGB,CA,AWP,WE,Towers with Radar,63,10,76,0,149,0,5,256,0,261,63,15,332,0,410,426,0,426,836
07/05/2007,LGB,CA,AWP,WE,Towers with Radar,81,28,150,0,259,0,7,248,0,255,81,35,398,0,514,496,0,496,1010
07/06/2007,LGB,CA,AWP,WE,Towers with Radar,78,26,130,0,234,0,12,327,0,339,78,38,457,0,573,586,0,586,1159
07/07/2007,LGB,CA,AWP,WE,Towers with Radar,74,12,108,0,194,0,4,347,0,351,74,16,455,0,545,528,0,528,1073
07/08/2007,LGB,CA,AWP,WE,Towers with Radar,72,18,97,0,187,1,3,192,0,196,73,21,289,0,383,408,0,408,791
07/09/2007,LGB,CA,AWP,WE,Towers with Radar,79,22,148,0,249,0,11,267,0,278,79,33,415,0,527,530,0,530,1057
07/10/2007,LGB,CA,AWP,WE,Towers with Radar,79,22,100,0,201,0,10,266,0,276,79,32,366,0,477,594,0,594,1071
07/11/2007,LGB,CA,AWP,WE,Towers with Radar,78,19,113,3,213,0,6,294,0,300,78,25,407,3,513,615,0,615,1128
07/12/2007,LGB,CA,AWP,WE,Towers with Radar,78,23,120,0,221,0,11,367,2,380,78,34,487,2,601,814,0,814,1415
07/13/2007,LGB,CA,AWP,WE,Towers with Radar,78,31,115,0,224,0,10,408,3,421,78,41,523,3,645,655,0,655,1300
07/14/2007,LGB,CA,AWP,WE,Towers with Radar,71,11,94,0,176,0,0,355,0,355,71,11,449,0,531,395,0,395,926
07/15/2007,LGB,CA,AWP,WE,Towers with Radar,71,18,125,0,214,0,0,216,2,218,71,18,341,2,432,226,0,226,658
07/16/2007,LGB,CA,AWP,WE,Towers with Radar,78,22,124,0,224,0,7,223,0,230,78,29,347,0,454,486,2,488,942
07/17/2007,LGB,CA,AWP,WE,Towers with Radar,84,28,4,0,116,0,7,0,0,7,84,35,4,0,123,603,0,603,726
07/18/2007,LGB,CA,AWP,WE,Towers with Radar,77,27,94,3,201,0,11,330,1,342,77,38,424,4,543,547,0,547,1090
07/19/2007,LGB,CA,AWP,WE,Towers with Radar,78,26,124,0,228,0,8,409,0,417,78,34,533,0,645,627,0,627,1272
07/20/2007,LGB,CA,AWP,WE,Towers with Radar,78,16,95,2,191,0,22,249,4,275,78,38,344,6,466,577,0,577,1043
07/21/2007,LGB,CA,AWP,WE,Towers with Radar,70,13,127,0,210,0,2,257,0,259,70,15,384,0,469,379,0,379,848
07/22/2007,LGB,CA,AWP,WE,Towers with Radar,74,16,103,1,194,0,0,241,0,241,74,16,344,1,435,367,0,367,802
07/23/2007,LGB,CA,AWP,WE,Towers with Radar,82,18,98,0,198,0,4,272,2,278,82,22,370,2,476,544,0,544,1020
07/24/2007,LGB,CA,AWP,WE,Towers with Radar,75,24,130,0,229,0,10,325,6,341,75,34,455,6,570,524,0,524,1094
07/25/2007,LGB,CA,AWP,WE,Towers with Radar,81,32,111,0,224,0,10,413,0,423,81,42,524,0,647,647,0,647,1294
07/26/2007,LGB,CA,AWP,WE,Towers with Radar,81,31,112,1,225,0,9,436,1,446,81,40,548,2,671,807,0,807,1478
07/27/2007,LGB,CA,AWP,WE,Towers with Radar,76,26,96,0,198,0,13,347,0,360,76,39,443,0,558,546,0,546,1104
07/28/2007,LGB,CA,AWP,WE,Towers with Radar,74,14,74,0,162,1,8,433,2,444,75,22,507,2,606,517,0,517,1123
07/29/2007,LGB,CA,AWP,WE,Towers with Radar,65,14,71,0,150,0,8,315,0,323,65,22,386,0,473,288,0,288,761
07/30/2007,LGB,CA,AWP,WE,Towers with Radar,73,30,89,0,192,0,11,234,0,245,73,41,323,0,437,627,0,627,1064
07/31/2007,LGB,CA,AWP,WE,Towers with Radar,75,28,106,0,209,0,10,317,0,327,75,38,423,0,536,654,0,654,1190
08/01/2007,LGB,CA,AWP,WE,Towers with Radar,80,18,126,0,224,0,11,320,0,331,80,29,446,0,555,643,0,643,1198
08/02/2007,LGB,CA,AWP,WE,Towers with Radar,79,25,113,2,219,0,10,339,0,349,79,35,452,2,568,740,0,740,1308
08/03/2007,LGB,CA,AWP,WE,Towers with Radar,82,27,106,0,215,0,12,352,0,364,82,39,458,0,579,482,0,482,1061
08/04/2007,LGB,CA,AWP,WE,Towers with Radar,70,14,72,0,156,0,12,343,0,355,70,26,415,0,511,467,0,467,978
08/05/2007,LGB,CA,AWP,WE,Towers with Radar,75,26,92,1,194,0,5,250,0,255,75,31,342,1,449,496,0,496,945
08/06/2007,LGB,CA,AWP,WE,Towers with Radar,78,31,125,0,234,0,4,251,0,255,78,35,376,0,489,503,0,503,992
08/07/2007,LGB,CA,AWP,WE,Towers with Radar,78,33,119,0,230,0,2,418,2,422,78,35,537,2,652,568,0,568,1220
08/08/2007,LGB,CA,AWP,WE,Towers with Radar,79,24,127,2,232,0,11,428,0,439,79,35,555,2,671,698,0,698,1369
08/09/2007,LGB,CA,AWP,WE,Towers with Radar,78,21,121,2,222,0,13,385,2,400,78,34,506,4,622,593,0,593,1215
08/10/2007,LGB,CA,AWP,WE,Towers with Radar,79,34,124,0,237,0,3,316,1,320,79,37,440,1,557,617,0,617,1174
08/11/2007,LGB,CA,AWP,WE,Towers with Radar,72,18,108,2,200,0,3,328,0,331,72,21,436,2,531,589,0,589,1120
08/12/2007,LGB,CA,AWP,WE,Towers with Radar,70,22,108,0,200,1,9,309,1,320,71,31,417,1,520,493,0,493,1013
08/13/2007,LGB,CA,AWP,WE,Towers with Radar,78,26,86,3,193,0,9,249,0,258,78,35,335,3,451,519,0,519,970
08/14/2007,LGB,CA,AWP,WE,Towers with Radar,83,26,131,0,240,2,6,343,0,351,85,32,474,0,591,500,0,500,1091
08/15/2007,LGB,CA,AWP,WE,Towers with Radar,80,26,129,0,235,0,11,420,1,432,80,37,549,1,667,577,0,577,1244
08/16/2007,LGB,CA,AWP,WE,Towers with Radar,82,25,110,5,222,0,14,418,3,435,82,39,528,8,657,466,0,466,1123
08/17/2007,LGB,CA,AWP,WE,Towers with Radar,82,27,122,6,237,0,11,370,0,381,82,38,492,6,618,447,0,447,1065
08/18/2007,LGB,CA,AWP,WE,Towers with Radar,71,15,95,0,181,0,15,374,0,389,71,30,469,0,570,522,0,522,1092
08/19/2007,LGB,CA,AWP,WE,Towers with Radar,75,28,78,0,181,0,7,316,0,323,75,35,394,0,504,292,0,292,796
08/20/2007,LGB,CA,AWP,WE,Towers with Radar,79,27,79,0,185,0,10,265,0,275,79,37,344,0,460,619,0,619,1079
08/21/2007,LGB,CA,AWP,WE,Towers with Radar,78,26,97,2,203,1,9,374,0,384,79,35,471,2,587,642,0,642,1229
08/22/2007,LGB,CA,AWP,WE,Towers with Radar,79,30,121,1,231,0,14,281,0,295,79,44,402,1,526,648,0,648,1174
08/23/2007,LGB,CA,AWP,WE,Towers with Radar,78,30,107,0,215,0,5,327,1,333,78,35,434,1,548,662,0,662,1210
08/24/2007,LGB,CA,AWP,WE,Towers with Radar,76,19,101,2,198,0,9,351,7,367,76,28,452,9,565,699,0,699,1264
08/25/2007,LGB,CA,AWP,WE,Towers with Radar,65,14,75,0,154,0,8,302,0,310,65,22,377,0,464,577,0,577,1041
08/26/2007,LGB,CA,AWP,WE,Towers with Radar,73,18,92,0,183,1,4,232,0,237,74,22,324,0,420,248,0,248,668
08/27/2007,LGB,CA,AWP,WE,Towers with Radar,76,31,96,0,203,0,7,293,1,301,76,38,389,1,504,573,0,573,1077
08/28/2007,LGB,CA,AWP,WE,Towers with Radar,78,26,104,0,208,0,17,350,0,367,78,43,454,0,575,624,0,624,1199
08/29/2007,LGB,CA,AWP,WE,Towers with Radar,77,24,93,3,197,0,8,378,3,389,77,32,471,6,586,577,0,577,1163
08/30/2007,LGB,CA,AWP,WE,Towers with Radar,79,26,126,2,233,0,9,371,2,382,79,35,497,4,615,664,0,664,1279
08/31/2007,LGB,CA,AWP,WE,Towers with Radar,75,22,100,0,197,0,8,270,0,278,75,30,370,0,475,614,0,614,1089
09/01/2007,LGB,CA,AWP,WE,Towers with Radar,68,13,59,0,140,0,2,344,0,346,68,15,403,0,486,508,0,508,994
09/02/2007,LGB,CA,AWP,WE,Towers with Radar,71,16,33,0,120,0,4,240,0,244,71,20,273,0,364,386,0,386,750
09/03/2007,LGB,CA,AWP,WE,Towers with Radar,71,12,78,0,161,0,6,294,0,300,71,18,372,0,461,485,0,485,946
09/04/2007,LGB,CA,AWP,WE,Towers with Radar,78,16,128,0,222,0,7,280,0,287,78,23,408,0,509,598,0,598,1107
09/05/2007,LGB,CA,AWP,WE,Towers with Radar,77,19,121,2,219,0,12,310,2,324,77,31,431,4,543,564,0,564,1107
09/06/2007,LGB,CA,AWP,WE,Towers with Radar,75,16,119,0,210,0,11,299,2,312,75,27,418,2,522,586,0,586,1108
09/07/2007,LGB,CA,AWP,WE,Towers with Radar,75,19,130,1,225,0,10,333,0,343,75,29,463,1,568,600,0,600,1168
09/08/2007,LGB,CA,AWP,WE,Towers with Radar,68,10,83,1,162,0,6,340,0,346,68,16,423,1,508,539,0,539,1047
09/09/2007,LGB,CA,AWP,WE,Towers with Radar,68,12,81,0,161,0,1,244,1,246,68,13,325,1,407,394,0,394,801
09/10/2007,LGB,CA,AWP,WE,Towers with Radar,71,25,113,0,209,0,0,342,0,342,71,25,455,0,551,560,0,560,1111
09/11/2007,LGB,CA,AWP,WE,Towers with Radar,76,21,96,1,194,1,7,322,4,334,77,28,418,5,528,593,0,593,1121
09/12/2007,LGB,CA,AWP,WE,Towers with Radar,81,19,108,0,208,0,6,315,0,321,81,25,423,0,529,481,0,481,1010
09/13/2007,LGB,CA,AWP,WE,Towers with Radar,79,19,115,0,213,0,9,266,0,275,79,28,381,0,488,526,0,526,1014
09/14/2007,LGB,CA,AWP,WE,Towers with Radar,77,22,72,0,171,0,4,362,2,368,77,26,434,2,539,420,0,420,959
09/15/2007,LGB,CA,AWP,WE,Towers with Radar,66,14,59,0,139,0,5,292,0,297,66,19,351,0,436,371,0,371,807
09/16/2007,LGB,CA,AWP,WE,Towers with Radar,72,21,333,0,426,0,0,0,0,0,72,21,333,0,426,233,0,233,659
09/17/2007,LGB,CA,AWP,WE,Towers with Radar,74,22,102,0,198,0,8,277,0,285,74,30,379,0,483,597,0,597,1080
09/18/2007,LGB,CA,AWP,WE,Towers with Radar,69,22,111,0,202,0,5,294,0,299,69,27,405,0,501,650,0,650,1151
09/19/2007,LGB,CA,AWP,WE,Towers with Radar,77,28,113,3,221,0,11,260,3,274,77,39,373,6,495,457,0,457,952
09/20/2007,LGB,CA,AWP,WE,Towers with Radar,77,26,107,0,210,0,6,258,0,264,77,32,365,0,474,516,0,516,990
09/21/2007,LGB,CA,AWP,WE,Towers with Radar,73,15,74,0,162,0,8,284,2,294,73,23,358,2,456,400,0,400,856
09/22/2007,LGB,CA,AWP,WE,Towers with Radar,64,15,49,0,128,0,4,158,0,162,64,19,207,0,290,287,0,287,577
09/23/2007,LGB,CA,AWP,WE,Towers with Radar,69,17,130,0,216,1,2,284,0,287,70,19,414,0,503,453,0,453,956
09/24/2007,LGB,CA,AWP,WE,Towers with Radar,81,29,126,0,236,0,7,295,3,305,81,36,421,3,541,578,0,578,1119
09/25/2007,LGB,CA,AWP,WE,Towers with Radar,78,26,102,1,207,0,14,348,0,362,78,40,450,1,569,481,0,481,1050
09/26/2007,LGB,CA,AWP,WE,Towers with Radar,79,31,118,0,228,0,8,365,0,373,79,39,483,0,601,392,0,392,993
09/27/2007,LGB,CA,AWP,WE,Towers with Radar,37,41,39,0,117,38,0,436,1,475,75,41,475,1,592,508,0,508,1100
09/28/2007,LGB,CA,AWP,WE,Towers with Radar,76,31,144,0,251,0,9,319,0,328,76,40,463,0,579,801,0,801,1380
09/29/2007,LGB,CA,AWP,WE,Towers with Radar,66,19,88,0,173,0,9,354,0,363,66,28,442,0,536,562,0,562,1098
09/30/2007,LGB,CA,AWP,WE,Towers with Radar,69,24,109,0,202,0,1,272,0,273,69,25,381,0,475,342,0,342,817
10/01/2007,LGB,CA,AWP,WE,Towers with Radar,74,33,73,0,180,0,1,292,2,295,74,34,365,2,475,468,0,468,943
10/02/2007,LGB,CA,AWP,WE,Towers with Radar,74,20,106,1,201,0,16,304,0,320,74,36,410,1,521,604,2,606,1127
10/03/2007,LGB,CA,AWP,WE,Towers with Radar,72,24,79,1,176,0,9,407,0,416,72,33,486,1,592,634,0,634,1226
10/04/2007,LGB,CA,AWP,WE,Towers with Radar,80,25,100,0,205,0,10,277,0,287,80,35,377,0,492,411,0,411,903
10/05/2007,LGB,CA,AWP,WE,Towers with Radar,78,22,78,0,178,0,12,226,0,238,78,34,304,0,416,321,0,321,737
10/06/2007,LGB,CA,AWP,WE,Towers with Radar,67,12,104,0,183,0,4,320,0,324,67,16,424,0,507,523,0,523,1030
10/07/2007,LGB,CA,AWP,WE,Towers with Radar,71,25,83,0,179,0,4,259,0,263,71,29,342,0,442,446,0,446,888
10/08/2007,LGB,CA,AWP,WE,Towers with Radar,81,25,99,1,206,0,11,362,1,374,81,36,461,2,580,655,0,655,1235
10/09/2007,LGB,CA,AWP,WE,Towers with Radar,71,19,90,0,180,0,8,409,0,417,71,27,499,0,597,672,0,672,1269
10/10/2007,LGB,CA,AWP,WE,Towers with Radar,75,21,97,0,193,0,7,363,2,372,75,28,460,2,565,772,0,772,1337
10/11/2007,LGB,CA,AWP,WE,Towers with Radar,77,25,95,1,198,0,4,310,0,314,77,29,405,1,512,721,0,721,1233
10/12/2007,LGB,CA,AWP,WE,Towers with Radar,79,20,120,0,219,0,3,253,0,256,79,23,373,0,475,609,0,609,1084
10/13/2007,LGB,CA,AWP,WE,Towers with Radar,63,9,107,0,179,0,0,161,0,161,63,9,268,0,340,441,0,441,781
10/14/2007,LGB,CA,AWP,WE,Towers with Radar,68,20,116,0,204,0,5,287,0,292,68,25,403,0,496,534,0,534,1030
10/15/2007,LGB,CA,AWP,WE,Towers with Radar,76,30,127,2,235,0,6,128,0,134,76,36,255,2,369,626,0,626,995
10/16/2007,LGB,CA,AWP,WE,Towers with Radar,73,22,107,4,206,1,12,332,2,347,74,34,439,6,553,607,0,607,1160
10/17/2007,LGB,CA,AWP,WE,Towers with Radar,74,23,143,0,240,0,12,266,0,278,74,35,409,0,518,584,0,584,1102
10/18/2007,LGB,CA,AWP,WE,Towers with Radar,76,33,119,1,229,0,23,390,2,415,76,56,509,3,644,506,0,506,1150
10/19/2007,LGB,CA,AWP,WE,Towers with Radar,73,22,116,0,211,0,40,357,0,397,73,62,473,0,608,641,0,641,1249
10/20/2007,LGB,CA,AWP,WE,Towers with Radar,35,7,70,0,112,28,11,352,0,391,63,18,422,0,503,579,0,579,1082
10/21/2007,LGB,CA,AWP,WE,Towers with Radar,69,17,65,3,154,0,0,98,0,98,69,17,163,3,252,264,0,264,516
10/22/2007,LGB,CA,AWP,WE,Towers with Radar,76,21,44,0,141,0,10,177,1,188,76,31,221,1,329,528,0,528,857
10/23/2007,LGB,CA,AWP,WE,Towers with Radar,77,27,66,0,170,0,15,318,0,333,77,42,384,0,503,528,0,528,1031
10/24/2007,LGB,CA,AWP,WE,Towers with Radar,73,27,100,0,200,0,19,308,0,327,73,46,408,0,527,786,1,787,1314
10/25/2007,LGB,CA,AWP,WE,Towers with Radar,75,25,117,0,217,0,14,309,0,323,75,39,426,0,540,598,0,598,1138
10/26/2007,LGB,CA,AWP,WE,Towers with Radar,76,24,124,0,224,0,9,263,0,272,76,33,387,0,496,553,0,553,1049
10/27/2007,LGB,CA,AWP,WE,Towers with Radar,61,14,92,0,167,0,5,329,0,334,61,19,421,0,501,560,0,560,1061
10/28/2007,LGB,CA,AWP,WE,Towers with Radar,65,17,81,1,164,0,3,301,4,308,65,20,382,5,472,437,0,437,909
10/29/2007,LGB,CA,AWP,WE,Towers with Radar,74,30,104,0,208,0,12,369,4,385,74,42,473,4,593,738,0,738,1331
10/30/2007,LGB,CA,AWP,WE,Towers with Radar,73,23,92,2,190,0,16,396,1,413,73,39,488,3,603,678,0,678,1281
10/31/2007,LGB,CA,AWP,WE,Towers with Radar,69,16,88,3,176,0,14,354,0,368,69,30,442,3,544,646,0,646,1190
11/01/2007,LGB,CA,AWP,WE,Towers with Radar,76,44,134,2,256,0,0,188,0,188,76,44,322,2,444,444,0,444,888
11/02/2007,LGB,CA,AWP,WE,Towers with Radar,69,30,116,0,215,0,9,228,0,237,69,39,344,0,452,440,0,440,892
11/03/2007,LGB,CA,AWP,WE,Towers with Radar,61,14,115,0,190,0,1,291,0,292,61,15,406,0,482,483,0,483,965
11/04/2007,LGB,CA,AWP,WE,Towers with Radar,68,21,110,0,199,0,0,173,2,175,68,21,283,2,374,286,0,286,660
11/05/2007,LGB,CA,AWP,WE,Towers with Radar,84,26,113,4,227,0,19,193,0,212,84,45,306,4,439,605,0,605,1044
11/06/2007,LGB,CA,AWP,WE,Towers with Radar,73,28,114,2,217,0,14,280,2,296,73,42,394,4,513,725,0,725,1238
11/07/2007,LGB,CA,AWP,WE,Towers with Radar,72,19,136,1,228,1,7,196,0,204,73,26,332,1,432,631,0,631,1063
11/08/2007,LGB,CA,AWP,WE,Towers with Radar,70,11,79,3,163,0,17,375,0,392,70,28,454,3,555,638,0,638,1193
11/09/2007,LGB,CA,AWP,WE,Towers with Radar,72,24,115,0,211,0,7,350,1,358,72,31,465,1,569,677,0,677,1246
11/10/2007,LGB,CA,AWP,WE,Towers with Radar,61,18,114,0,193,0,3,368,0,371,61,21,482,0,564,523,0,523,1087
11/11/2007,LGB,CA,AWP,WE,Towers with Radar,66,32,89,0,187,0,1,198,0,199,66,33,287,0,386,667,0,667,1053
11/12/2007,LGB,CA,AWP,WE,Towers with Radar,69,38,114,0,221,0,7,316,0,323,69,45,430,0,544,638,0,638,1182
11/13/2007,LGB,CA,AWP,WE,Towers with Radar,71,19,111,0,201,0,27,396,1,424,71,46,507,1,625,580,0,580,1205
11/14/2007,LGB,CA,AWP,WE,Towers with Radar,73,36,106,1,216,0,10,415,0,425,73,46,521,1,641,745,0,745,1386
11/15/2007,LGB,CA,AWP,WE,Towers with Radar,69,42,147,0,258,0,8,471,0,479,69,50,618,0,737,752,0,752,1489
11/16/2007,LGB,CA,AWP,WE,Towers with Radar,68,41,147,0,256,0,4,249,0,253,68,45,396,0,509,422,0,422,931
11/17/2007,LGB,CA,AWP,WE,Towers with Radar,60,35,98,0,193,0,10,288,0,298,60,45,386,0,491,713,0,713,1204
11/18/2007,LGB,CA,AWP,WE,Towers with Radar,63,31,139,0,233,0,0,97,0,97,63,31,236,0,330,274,0,274,604
11/19/2007,LGB,CA,AWP,WE,Towers with Radar,66,26,146,1,239,0,4,55,0,59,66,30,201,1,298,112,0,112,410
11/20/2007,LGB,CA,AWP,WE,Towers with Radar,78,40,166,0,284,0,2,173,0,175,78,42,339,0,459,388,0,388,847
11/21/2007,LGB,CA,AWP,WE,Towers with Radar,70,37,133,0,240,0,3,385,0,388,70,40,518,0,628,752,0,752,1380
11/22/2007,LGB,CA,AWP,WE,Towers with Radar,49,21,57,0,127,0,0,118,0,118,49,21,175,0,245,334,0,334,579
11/23/2007,LGB,CA,AWP,WE,Towers with Radar,59,25,81,0,165,0,3,413,0,416,59,28,494,0,581,579,0,579,1160
11/24/2007,LGB,CA,AWP,WE,Towers with Radar,60,32,87,0,179,0,6,294,0,300,60,38,381,0,479,570,0,570,1049
11/25/2007,LGB,CA,AWP,WE,Towers with Radar,64,30,107,0,201,0,2,259,1,262,64,32,366,1,463,300,0,300,763
11/26/2007,LGB,CA,AWP,WE,Towers with Radar,72,39,96,3,210,0,11,330,0,341,72,50,426,3,551,524,0,524,1075
11/27/2007,LGB,CA,AWP,WE,Towers with Radar,72,43,110,6,231,0,6,357,2,365,72,49,467,8,596,462,0,462,1058
11/28/2007,LGB,CA,AWP,WE,Towers with Radar,68,38,111,3,220,0,15,338,0,353,68,53,449,3,573,477,0,477,1050
11/29/2007,LGB,CA,AWP,WE,Towers with Radar,75,36,102,6,219,0,12,363,0,375,75,48,465,6,594,618,0,618,1212
11/30/2007,LGB,CA,AWP,WE,Towers with Radar,72,31,78,0,181,0,0,85,1,86,72,31,163,1,267,94,0,94,361
12/01/2007,LGB,CA,AWP,WE,Towers with Radar,58,25,103,0,186,0,4,260,1,265,58,29,363,1,451,467,0,467,918
12/02/2007,LGB,CA,AWP,WE,Towers with Radar,57,33,97,0,187,1,11,355,4,371,58,44,452,4,558,433,2,435,993
12/03/2007,LGB,CA,AWP,WE,Towers with Radar,70,38,93,0,201,0,13,271,1,285,70,51,364,1,486,632,0,632,1118
12/04/2007,LGB,CA,AWP,WE,Towers with Radar,71,40,85,2,198,0,10,371,1,382,71,50,456,3,580,893,0,893,1473
12/05/2007,LGB,CA,AWP,WE,Towers with Radar,76,22,115,0,213,0,18,340,1,359,76,40,455,1,572,599,0,599,1171
12/06/2007,LGB,CA,AWP,WE,Towers with Radar,76,36,137,0,249,0,9,256,0,265,76,45,393,0,514,565,0,565,1079
12/07/2007,LGB,CA,AWP,WE,Towers with Radar,73,43,86,0,202,0,7,134,0,141,73,50,220,0,343,317,5,322,665
12/08/2007,LGB,CA,AWP,WE,Towers with Radar,68,26,87,0,181,0,2,339,0,341,68,28,426,0,522,680,0,680,1202
12/09/2007,LGB,CA,AWP,WE,Towers with Radar,65,29,341,0,435,0,5,0,0,5,65,34,341,0,440,578,0,578,1018
12/10/2007,LGB,CA,AWP,WE,Towers with Radar,76,28,101,0,205,0,9,289,0,298,76,37,390,0,503,534,0,534,1037
12/11/2007,LGB,CA,AWP,WE,Towers with Radar,73,33,71,0,177,0,5,282,0,287,73,38,353,0,464,438,0,438,902
12/12/2007,LGB,CA,AWP,WE,Towers with Radar,79,28,94,3,204,0,8,336,0,344,79,36,430,3,548,568,0,568,1116
12/13/2007,LGB,CA,AWP,WE,Towers with Radar,76,32,89,1,198,0,4,341,0,345,76,36,430,1,543,517,0,517,1060
12/14/2007,LGB,CA,AWP,WE,Towers with Radar,69,31,106,1,207,0,10,366,0,376,69,41,472,1,583,449,0,449,1032
12/15/2007,LGB,CA,AWP,WE,Towers with Radar,60,25,114,4,203,0,5,381,0,386,60,30,495,4,589,660,0,660,1249
12/16/2007,LGB,CA,AWP,WE,Towers with Radar,57,27,101,0,185,0,3,307,0,310,57,30,408,0,495,457,0,457,952
12/17/2007,LGB,CA,AWP,WE,Towers with Radar,68,35,115,0,218,1,6,266,2,275,69,41,381,2,493,442,0,442,935
12/18/2007,LGB,CA,AWP,WE,Towers with Radar,75,29,90,0,194,0,8,96,0,104,75,37,186,0,298,237,0,237,535
12/19/2007,LGB,CA,AWP,WE,Towers with Radar,74,25,140,0,239,0,12,89,0,101,74,37,229,0,340,248,0,248,588
12/20/2007,LGB,CA,AWP,WE,Towers with Radar,75,31,120,2,228,0,3,250,1,254,75,34,370,3,482,389,0,389,871
12/21/2007,LGB,CA,AWP,WE,Towers with Radar,72,32,81,1,186,0,5,380,0,385,72,37,461,1,571,485,0,485,1056
12/22/2007,LGB,CA,AWP,WE,Towers with Radar,58,27,79,1,165,0,0,272,0,272,58,27,351,1,437,500,2,502,939
12/23/2007,LGB,CA,AWP,WE,Towers with Radar,63,27,83,0,173,0,1,262,0,263,63,28,345,0,436,319,0,319,755
12/24/2007,LGB,CA,AWP,WE,Towers with Radar,60,31,27,0,118,0,16,244,0,260,60,47,271,0,378,431,0,431,809
12/25/2007,LGB,CA,AWP,WE,Towers with Radar,58,25,15,0,98,0,1,93,0,94,58,26,108,0,192,104,0,104,296
12/26/2007,LGB,CA,AWP,WE,Towers with Radar,70,28,91,0,189,0,10,325,0,335,70,38,416,0,524,368,0,368,892
12/27/2007,LGB,CA,AWP,WE,Towers with Radar,73,31,100,0,204,0,12,343,0,355,73,43,443,0,559,556,0,556,1115
12/28/2007,LGB,CA,AWP,WE,Towers with Radar,65,40,93,0,198,0,1,302,0,303,65,41,395,0,501,600,0,600,1101
12/29/2007,LGB,CA,AWP,WE,Towers with Radar,62,34,101,0,197,0,3,200,1,204,62,37,301,1,401,430,0,430,831
12/30/2007,LGB,CA,AWP,WE,Towers with Radar,62,26,78,0,166,0,2,220,0,222,62,28,298,0,388,493,0,493,881
12/31/2007,LGB,CA,AWP,WE,Towers with Radar,60,26,51,0,137,0,5,220,0,225,60,31,271,0,362,299,0,299,661
01/01/2008,LGB,CA,AWP,WE,Towers with Radar,59,21,37,0,117,0,3,162,0,165,59,24,199,0,282,117,0,117,399
01/02/2008,LGB,CA,AWP,WE,Towers with Radar,72,28,99,0,199,0,5,368,0,373,72,33,467,0,572,701,0,701,1273
01/03/2008,LGB,CA,AWP,WE,Towers with Radar,35,16,74,0,125,35,26,388,0,449,70,42,462,0,574,574,0,574,1148
01/04/2008,LGB,CA,AWP,WE,Towers with Radar,51,28,172,0,251,4,0,0,0,4,55,28,172,0,255,356,0,356,611
01/05/2008,LGB,CA,AWP,WE,Towers with Radar,59,24,68,0,151,0,8,112,0,120,59,32,180,0,271,416,0,416,687
01/06/2008,LGB,CA,AWP,WE,Towers with Radar,60,27,45,0,132,0,0,103,0,103,60,27,148,0,235,328,0,328,563
01/07/2008,LGB,CA,AWP,WE,Towers with Radar,65,32,79,0,176,0,10,230,0,240,65,42,309,0,416,549,0,549,965
01/08/2008,LGB,CA,AWP,WE,Towers with Radar,66,39,103,0,208,0,12,351,0,363,66,51,454,0,571,689,0,689,1260
01/09/2008,LGB,CA,AWP,WE,Towers with Radar,67,29,85,0,181,0,3,304,1,308,67,32,389,1,489,0,864,864,1353
01/10/2008,LGB,CA,AWP,WE,Towers with Radar,68,33,75,1,177,0,15,320,1,336,68,48,395,2,513,542,0,542,1055
01/11/2008,LGB,CA,AWP,WE,Towers with Radar,33,20,84,0,137,32,25,371,0,428,65,45,455,0,565,500,0,500,1065
01/12/2008,LGB,CA,AWP,WE,Towers with Radar,62,19,84,1,166,0,4,335,0,339,62,23,419,1,505,502,0,502,1007
01/13/2008,LGB,CA,AWP,WE,Towers with Radar,60,28,75,1,164,0,3,238,0,241,60,31,313,1,405,504,0,504,909
01/14/2008,LGB,CA,AWP,WE,Towers with Radar,70,37,83,0,190,0,11,354,2,367,70,48,437,2,557,522,4,526,1083
01/15/2008,LGB,CA,AWP,WE,Towers with Radar,69,34,135,2,240,0,6,376,0,382,69,40,511,2,622,653,0,653,1275
01/16/2008,LGB,CA,AWP,WE,Towers with Radar,65,36,104,0,205,0,3,239,0,242,65,39,343,0,447,570,0,570,1017
01/17/2008,LGB,CA,AWP,WE,Towers with Radar,67,38,103,0,208,0,2,286,0,288,67,40,389,0,496,724,0,724,1220
01/18/2008,LGB,CA,AWP,WE,Towers with Radar,33,20,89,1,143,34,31,450,3,518,67,51,539,4,661,759,0,759,1420
01/19/2008,LGB,CA,AWP,WE,Towers with Radar,57,22,93,0,172,1,3,349,0,353,58,25,442,0,525,639,0,639,1164
01/20/2008,LGB,CA,AWP,WE,Towers with Radar,60,35,70,0,165,2,4,248,0,254,62,39,318,0,419,428,0,428,847
01/21/2008,LGB,CA,AWP,WE,Towers with Radar,65,35,78,2,180,1,7,230,0,238,66,42,308,2,418,552,0,552,970
01/22/2008,LGB,CA,AWP,WE,Towers with Radar,66,29,96,0,191,0,12,293,0,305,66,41,389,0,496,540,0,540,1036
01/23/2008,LGB,CA,AWP,WE,Towers with Radar,64,36,58,1,159,0,7,184,2,193,64,43,242,3,352,338,0,338,690
01/24/2008,LGB,CA,AWP,WE,Towers with Radar,72,45,86,1,204,0,4,215,1,220,72,49,301,2,424,173,10,183,607
01/25/2008,LGB,CA,AWP,WE,Towers with Radar,34,15,70,2,121,33,22,170,4,229,67,37,240,6,350,221,0,221,571
01/26/2008,LGB,CA,AWP,WE,Towers with Radar,54,27,73,1,155,0,2,289,0,291,54,29,362,1,446,357,0,357,803
01/27/2008,LGB,CA,AWP,WE,Towers with Radar,63,31,28,0,122,0,0,91,0,91,63,31,119,0,213,78,0,78,291
01/28/2008,LGB,CA,AWP,WE,Towers with Radar,67,31,96,0,194,0,1,142,0,143,67,32,238,0,337,370,0,370,707
01/29/2008,LGB,CA,AWP,WE,Towers with Radar,65,28,118,0,211,0,5,348,1,354,65,33,466,1,565,615,0,615,1180
01/30/2008,LGB,CA,AWP,WE,Towers with Radar,65,35,67,0,167,0,43,128,0,171,65,78,195,0,338,155,0,155,493
01/31/2008,LGB,CA,AWP,WE,Towers with Radar,67,35,140,2,244,0,10,382,2,394,67,45,522,4,638,576,0,576,1214
02/01/2008,LGB,CA,AWP,WE,Towers with Radar,65,36,123,0,224,0,8,311,0,319,65,44,434,0,543,674,0,674,1217
02/02/2008,LGB,CA,AWP,WE,Towers with Radar,56,29,116,0,201,0,2,272,0,274,56,31,388,0,475,513,0,513,988
02/03/2008,LGB,CA,AWP,WE,Towers with Radar,63,46,43,0,152,0,0,51,0,51,63,46,94,0,203,146,0,146,349
02/04/2008,LGB,CA,AWP,WE,Towers with Radar,67,37,94,0,198,1,2,249,1,253,68,39,343,1,451,491,0,491,942
02/05/2008,LGB,CA,AWP,WE,Towers with Radar,63,43,110,2,218,0,8,337,0,345,63,51,447,2,563,522,0,522,1085
02/06/2008,LGB,CA,AWP,WE,Towers with Radar,64,35,110,0,209,0,7,337,1,345,64,42,447,1,554,498,0,498,1052
02/07/2008,LGB,CA,AWP,WE,Towers with Radar,68,32,116,0,216,0,9,308,0,317,68,41,424,0,533,563,0,563,1096
02/08/2008,LGB,CA,AWP,WE,Towers with Radar,66,33,101,1,201,0,6,332,0,338,66,39,433,1,539,550,1,551,1090
02/09/2008,LGB,CA,AWP,WE,Towers with Radar,56,21,89,0,166,0,7,382,0,389,56,28,471,0,555,474,0,474,1029
02/10/2008,LGB,CA,AWP,WE,Towers with Radar,61,29,88,0,178,3,5,291,0,299,64,34,379,0,477,434,0,434,911
02/11/2008,LGB,CA,AWP,WE,Towers with Radar,66,41,89,0,196,0,6,293,0,299,66,47,382,0,495,415,0,415,910
02/12/2008,LGB,CA,AWP,WE,Towers with Radar,66,37,88,0,191,0,4,279,1,284,66,41,367,1,475,560,0,560,1035
02/13/2008,LGB,CA,AWP,WE,Towers with Radar,66,35,106,1,208,0,5,67,0,72,66,40,173,1,280,287,0,287,567
02/14/2008,LGB,CA,AWP,WE,Towers with Radar,66,31,88,0,185,0,13,328,0,341,66,44,416,0,526,462,0,462,988
02/15/2008,LGB,CA,AWP,WE,Towers with Radar,32,19,79,0,130,33,22,380,0,435,65,41,459,0,565,589,0,589,1154
02/16/2008,LGB,CA,AWP,WE,Towers with Radar,59,24,96,0,179,0,6,356,1,363,59,30,452,1,542,418,0,418,960
02/17/2008,LGB,CA,AWP,WE,Towers with Radar,59,31,100,0,190,0,4,237,0,241,59,35,337,0,431,494,0,494,925
02/18/2008,LGB,CA,AWP,WE,Towers with Radar,66,32,210,0,308,0,15,209,0,224,66,47,419,0,532,476,0,476,1008
02/19/2008,LGB,CA,AWP,WE,Towers with Radar,67,40,129,0,236,0,10,266,0,276,67,50,395,0,512,602,0,602,1114
02/20/2008,LGB,CA,AWP,WE,Towers with Radar,67,34,78,1,180,0,3,138,0,141,67,37,216,1,321,245,0,245,566
02/21/2008,LGB,CA,AWP,WE,Towers with Radar,66,33,123,0,222,49,39,102,0,190,115,72,225,0,412,318,0,318,730
02/22/2008,LGB,CA,AWP,WE,Towers with Radar,70,35,121,1,227,0,8,91,0,99,70,43,212,1,326,201,0,201,527
02/23/2008,LGB,CA,AWP,WE,Towers with Radar,58,22,89,0,169,0,6,202,0,208,58,28,291,0,377,428,0,428,805
02/24/2008,LGB,CA,AWP,WE,Towers with Radar,62,32,77,0,171,0,1,82,0,83,62,33,159,0,254,92,0,92,346
02/25/2008,LGB,CA,AWP,WE,Towers with Radar,68,38,96,2,204,0,7,283,0,290,68,45,379,2,494,409,0,409,903
02/26/2008,LGB,CA,AWP,WE,Towers with Radar,66,40,89,1,196,0,16,324,2,342,66,56,413,3,538,400,0,400,938
02/27/2008,LGB,CA,AWP,WE,Towers with Radar,66,36,141,0,243,0,20,369,1,390,66,56,510,1,633,535,0,535,1168
02/28/2008,LGB,CA,AWP,WE,Towers with Radar,72,35,135,0,242,0,14,348,0,362,72,49,483,0,604,524,0,524,1128
02/29/2008,LGB,CA,AWP,WE,Towers with Radar,66,44,146,0,256,0,7,266,0,273,66,51,412,0,529,543,0,543,1072
03/01/2008,LGB,CA,AWP,WE,Towers with Radar,59,22,99,0,180,0,2,147,2,151,59,24,246,2,331,450,0,450,781
03/02/2008,LGB,CA,AWP,WE,Towers with Radar,61,33,86,2,182,0,10,252,2,264,61,43,338,4,446,504,0,504,950
03/03/2008,LGB,CA,AWP,WE,Towers with Radar,65,40,108,0,213,1,9,281,0,291,66,49,389,0,504,720,0,720,1224
03/04/2008,LGB,CA,AWP,WE,Towers with Radar,70,34,91,0,195,0,12,335,0,347,70,46,426,0,542,628,0,628,1170
03/05/2008,LGB,CA,AWP,WE,Towers with Radar,71,34,103,2,210,0,15,265,2,282,71,49,368,4,492,622,0,622,1114
03/06/2008,LGB,CA,AWP,WE,Towers with Radar,70,40,65,0,175,0,11,280,0,291,70,51,345,0,466,515,0,515,981
03/07/2008,LGB,CA,AWP,WE,Towers with Radar,71,30,121,0,222,0,7,333,0,340,71,37,454,0,562,554,0,554,1116
03/08/2008,LGB,CA,AWP,WE,Towers with Radar,54,23,91,0,168,0,5,331,1,337,54,28,422,1,505,434,0,434,939
03/09/2008,LGB,CA,AWP,WE,Towers with Radar,59,29,104,0,192,0,7,220,0,227,59,36,324,0,419,201,0,201,620
03/10/2008,LGB,CA,AWP,WE,Towers with Radar,66,31,89,0,186,0,11,347,1,359,66,42,436,1,545,573,0,573,1118
03/11/2008,LGB,CA,AWP,WE,Towers with Radar,68,36,120,0,224,0,7,311,0,318,68,43,431,0,542,594,0,594,1136
03/12/2008,LGB,CA,AWP,WE,Towers with Radar,67,36,119,0,222,0,12,321,0,333,67,48,440,0,555,655,0,655,1210
03/13/2008,LGB,CA,AWP,WE,Towers with Radar,70,55,140,0,265,0,0,248,0,248,70,55,388,0,513,528,0,528,1041
03/14/2008,LGB,CA,AWP,WE,Towers with Radar,35,13,5,0,53,32,21,0,0,53,67,34,5,0,106,670,0,670,776
03/15/2008,LGB,CA,AWP,WE,Towers with Radar,59,29,74,2,164,0,3,248,2,253,59,32,322,4,417,264,18,282,699
03/16/2008,LGB,CA,AWP,WE,Towers with Radar,63,42,89,3,197,0,9,193,2,204,63,51,282,5,401,225,0,225,626
03/17/2008,LGB,CA,AWP,WE,Towers with Radar,66,30,103,0,199,0,9,243,0,252,66,39,346,0,451,408,0,408,859
03/18/2008,LGB,CA,AWP,WE,Towers with Radar,73,38,111,0,222,0,8,340,1,349,73,46,451,1,571,648,0,648,1219
03/19/2008,LGB,CA,AWP,WE,Towers with Radar,66,38,114,2,220,0,6,224,1,231,66,44,338,3,451,724,0,724,1175
03/20/2008,LGB,CA,AWP,WE,Towers with Radar,69,45,120,2,236,0,11,335,0,346,69,56,455,2,582,669,0,669,1251
03/21/2008,LGB,CA,AWP,WE,Towers with Radar,69,39,123,0,231,0,11,360,0,371,69,50,483,0,602,588,0,588,1190
03/22/2008,LGB,CA,AWP,WE,Towers with Radar,59,18,111,0,188,0,6,319,0,325,59,24,430,0,513,382,0,382,895
03/23/2008,LGB,CA,AWP,WE,Towers with Radar,64,27,93,0,184,1,2,220,0,223,65,29,313,0,407,341,0,341,748
03/24/2008,LGB,CA,AWP,WE,Towers with Radar,67,34,108,0,209,0,11,346,1,358,67,45,454,1,567,777,0,777,1344
03/25/2008,LGB,CA,AWP,WE,Towers with Radar,69,42,124,0,235,0,9,281,0,290,69,51,405,0,525,506,0,506,1031
03/26/2008,LGB,CA,AWP,WE,Towers with Radar,69,31,151,0,251,0,8,284,0,292,69,39,435,0,543,515,0,515,1058
03/27/2008,LGB,CA,AWP,WE,Towers with Radar,70,34,135,2,241,0,11,360,0,371,70,45,495,2,612,581,0,581,1193
03/28/2008,LGB,CA,AWP,WE,Towers with Radar,65,34,110,0,209,0,8,324,3,335,65,42,434,3,544,590,0,590,1134
03/29/2008,LGB,CA,AWP,WE,Towers with Radar,58,24,113,1,196,0,31,264,0,295,58,55,377,1,491,597,0,597,1088
03/30/2008,LGB,CA,AWP,WE,Towers with Radar,59,33,106,0,198,1,4,181,0,186,60,37,287,0,384,456,0,456,840
03/31/2008,LGB,CA,AWP,WE,Towers with Radar,64,38,127,0,229,0,13,280,2,295,64,51,407,2,524,551,0,551,1075
04/01/2008,LGB,CA,AWP,WE,Towers with Radar,70,37,117,0,224,0,19,240,0,259,70,56,357,0,483,552,0,552,1035
04/02/2008,LGB,CA,AWP,WE,Towers with Radar,68,31,93,0,192,0,10,253,0,263,68,41,346,0,455,790,0,790,1245
04/03/2008,LGB,CA,AWP,WE,Towers with Radar,68,33,144,0,245,0,0,215,3,218,68,33,359,3,463,507,0,507,970
04/04/2008,LGB,CA,AWP,WE,Towers with Radar,72,38,120,0,230,0,6,246,0,252,72,44,366,0,482,603,0,603,1085
04/05/2008,LGB,CA,AWP,WE,Towers with Radar,57,24,114,0,195,0,5,240,0,245,57,29,354,0,440,469,0,469,909
04/06/2008,LGB,CA,AWP,WE,Towers with Radar,69,32,143,0,244,0,3,236,0,239,69,35,379,0,483,527,0,527,1010
04/07/2008,LGB,CA,AWP,WE,Towers with Radar,69,33,125,0,227,0,16,230,0,246,69,49,355,0,473,551,0,551,1024
04/08/2008,LGB,CA,AWP,WE,Towers with Radar,64,38,64,0,166,346,17,0,0,363,410,55,64,0,529,506,0,506,1035
04/09/2008,LGB,CA,AWP,WE,Towers with Radar,64,34,101,0,199,0,12,304,0,316,64,46,405,0,515,483,0,483,998
04/10/2008,LGB,CA,AWP,WE,Towers with Radar,71,39,114,0,224,0,17,366,0,383,71,56,480,0,607,586,0,586,1193
04/11/2008,LGB,CA,AWP,WE,Towers with Radar,66,31,114,0,211,0,12,330,0,342,66,43,444,0,553,505,0,505,1058
04/12/2008,LGB,CA,AWP,WE,Towers with Radar,57,18,69,0,144,0,4,297,0,301,57,22,366,0,445,492,0,492,937
04/13/2008,LGB,CA,AWP,WE,Towers with Radar,61,36,78,0,175,0,4,238,0,242,61,40,316,0,417,479,0,479,896
04/14/2008,LGB,CA,AWP,WE,Towers with Radar,67,41,87,0,195,0,20,278,0,298,67,61,365,0,493,570,0,570,1063
04/15/2008,LGB,CA,AWP,WE,Towers with Radar,71,33,125,2,231,0,8,260,1,269,71,41,385,3,500,613,0,613,1113
04/16/2008,LGB,CA,AWP,WE,Towers with Radar,69,31,136,1,237,0,13,296,0,309,69,44,432,1,546,663,0,663,1209
04/17/2008,LGB,CA,AWP,WE,Towers with Radar,71,44,130,2,247,0,14,382,5,401,71,58,512,7,648,543,0,543,1191
04/18/2008,LGB,CA,AWP,WE,Towers with Radar,70,34,144,1,249,0,10,311,0,321,70,44,455,1,570,480,0,480,1050
04/19/2008,LGB,CA,AWP,WE,Towers with Radar,59,32,117,0,208,0,8,260,0,268,59,40,377,0,476,417,0,417,893
04/20/2008,LGB,CA,AWP,WE,Towers with Radar,62,34,102,0,198,0,6,241,0,247,62,40,343,0,445,317,0,317,762
04/21/2008,LGB,CA,AWP,WE,Towers with Radar,69,40,97,0,206,0,11,308,1,320,69,51,405,1,526,456,0,456,982
04/22/2008,LGB,CA,AWP,WE,Towers with Radar,68,32,96,4,200,0,5,285,0,290,68,37,381,4,490,418,0,418,908
04/23/2008,LGB,CA,AWP,WE,Towers with Radar,67,40,111,1,219,0,20,226,2,248,67,60,337,3,467,458,0,458,925
04/24/2008,LGB,CA,AWP,WE,Towers with Radar,67,41,116,0,224,0,13,306,1,320,67,54,422,1,544,526,1,527,1071
04/25/2008,LGB,CA,AWP,WE,Towers with Radar,64,38,103,1,206,0,16,323,3,342,64,54,426,4,548,526,0,526,1074
04/26/2008,LGB,CA,AWP,WE,Towers with Radar,56,26,79,0,161,0,6,330,0,336,56,32,409,0,497,608,0,608,1105
04/27/2008,LGB,CA,AWP,WE,Towers with Radar,59,35,76,0,170,0,2,218,0,220,59,37,294,0,390,405,0,405,795
04/28/2008,LGB,CA,AWP,WE,Towers with Radar,67,41,94,0,202,0,9,269,0,278,67,50,363,0,480,483,0,483,963
04/29/2008,LGB,CA,AWP,WE,Towers with Radar,75,42,105,0,222,0,14,284,0,298,75,56,389,0,520,450,0,450,970
04/30/2008,LGB,CA,AWP,WE,Towers with Radar,69,35,109,0,213,0,15,277,0,292,69,50,386,0,505,344,0,344,849
05/01/2008,LGB,CA,AWP,WE,Towers with Radar,72,39,117,1,229,0,18,431,0,449,72,57,548,1,678,775,8,783,1461
05/02/2008,LGB,CA,AWP,WE,Towers with Radar,69,42,100,2,213,0,12,301,0,313,69,54,401,2,526,649,0,649,1175
05/03/2008,LGB,CA,AWP,WE,Towers with Radar,57,30,92,0,179,0,5,364,0,369,57,35,456,0,548,787,0,787,1335
05/04/2008,LGB,CA,AWP,WE,Towers with Radar,61,32,110,0,203,0,1,195,3,199,61,33,305,3,402,346,0,346,748
05/05/2008,LGB,CA,AWP,WE,Towers with Radar,66,39,123,1,229,0,7,235,0,242,66,46,358,1,471,499,0,499,970
05/06/2008,LGB,CA,AWP,WE,Towers with Radar,65,31,103,0,199,0,14,220,1,235,65,45,323,1,434,650,0,650,1084
05/07/2008,LGB,CA,AWP,WE,Towers with Radar,69,36,154,2,261,0,8,200,0,208,69,44,354,2,469,720,0,720,1189
05/08/2008,LGB,CA,AWP,WE,Towers with Radar,73,43,137,0,253,0,13,332,0,345,73,56,469,0,598,722,0,722,1320
05/09/2008,LGB,CA,AWP,WE,Towers with Radar,35,19,68,0,122,37,23,249,0,309,72,42,317,0,431,510,0,510,941
05/10/2008,LGB,CA,AWP,WE,Towers with Radar,30,16,46,0,92,33,20,238,2,293,63,36,284,2,385,409,0,409,794
05/11/2008,LGB,CA,AWP,WE,Towers with Radar,66,28,77,1,172,0,0,123,3,126,66,28,200,4,298,285,0,285,583
05/12/2008,LGB,CA,AWP,WE,Towers with Radar,65,32,110,0,207,0,13,197,0,210,65,45,307,0,417,522,0,522,939
05/13/2008,LGB,CA,AWP,WE,Towers with Radar,69,31,101,0,201,0,16,311,0,327,69,47,412,0,528,422,0,422,950
05/14/2008,LGB,CA,AWP,WE,Towers with Radar,69,29,109,0,207,0,8,350,0,358,69,37,459,0,565,418,0,418,983
05/15/2008,LGB,CA,AWP,WE,Towers with Radar,72,40,79,1,192,0,15,326,0,341,72,55,405,1,533,498,0,498,1031
05/16/2008,LGB,CA,AWP,WE,Towers with Radar,67,39,94,2,202,0,6,385,1,392,67,45,479,3,594,532,0,532,1126
05/17/2008,LGB,CA,AWP,WE,Towers with Radar,57,21,90,0,168,0,5,290,2,297,57,26,380,2,465,459,0,459,924
05/18/2008,LGB,CA,AWP,WE,Towers with Radar,62,39,71,0,172,0,4,325,0,329,62,43,396,0,501,463,0,463,964
05/19/2008,LGB,CA,AWP,WE,Towers with Radar,66,32,87,0,185,0,13,276,0,289,66,45,363,0,474,439,0,439,913
05/20/2008,LGB,CA,AWP,WE,Towers with Radar,64,41,122,0,227,2,5,158,0,165,66,46,280,0,392,547,0,547,939
05/21/2008,LGB,CA,AWP,WE,Towers with Radar,80,30,108,0,218,0,24,235,0,259,80,54,343,0,477,308,0,308,785
05/22/2008,LGB,CA,AWP,WE,Towers with Radar,80,38,77,1,196,0,6,265,1,272,80,44,342,2,468,486,0,486,954
05/23/2008,LGB,CA,AWP,WE,Towers with Radar,81,40,74,0,195,0,9,121,0,130,81,49,195,0,325,224,0,224,549
05/24/2008,LGB,CA,AWP,WE,Towers with Radar,70,24,88,0,182,0,4,206,0,210,70,28,294,0,392,339,0,339,731
05/25/2008,LGB,CA,AWP,WE,Towers with Radar,70,23,70,1,164,0,0,161,0,161,70,23,231,1,325,333,0,333,658
05/26/2008,LGB,CA,AWP,WE,Towers with Radar,73,22,99,1,195,0,3,240,0,243,73,25,339,1,438,448,0,448,886
05/27/2008,LGB,CA,AWP,WE,Towers with Radar,79,38,93,0,210,0,15,339,0,354,79,53,432,0,564,401,0,401,965
05/28/2008,LGB,CA,AWP,WE,Towers with Radar,84,35,106,2,227,0,11,324,1,336,84,46,430,3,563,487,0,487,1050
05/29/2008,LGB,CA,AWP,WE,Towers with Radar,82,34,84,1,201,0,21,333,2,356,82,55,417,3,557,457,0,457,1014
05/30/2008,LGB,CA,AWP,WE,Towers with Radar,80,38,77,0,195,0,5,327,0,332,80,43,404,0,527,424,0,424,951
05/31/2008,LGB,CA,AWP,WE,Towers with Radar,70,31,86,0,187,0,20,322,0,342,70,51,408,0,529,537,0,537,1066
06/01/2008,LGB,CA,AWP,WE,Towers with Radar,77,36,85,0,198,0,14,202,0,216,77,50,287,0,414,307,0,307,721
06/02/2008,LGB,CA,AWP,WE,Towers with Radar,79,34,96,0,209,0,5,215,0,220,79,39,311,0,429,456,0,456,885
06/03/2008,LGB,CA,AWP,WE,Towers with Radar,82,35,34,0,151,0,7,0,0,7,82,42,34,0,158,585,0,585,743
06/04/2008,LGB,CA,AWP,WE,Towers with Radar,80,36,138,0,254,0,10,191,0,201,80,46,329,0,455,748,0,748,1203
06/05/2008,LGB,CA,AWP,WE,Towers with Radar,84,39,123,0,246,0,7,316,0,323,84,46,439,0,569,489,0,489,1058
06/06/2008,LGB,CA,AWP,WE,Towers with Radar,78,36,97,0,211,0,12,343,0,355,78,48,440,0,566,522,0,522,1088
06/07/2008,LGB,CA,AWP,WE,Towers with Radar,71,29,80,6,186,0,0,258,0,258,71,29,338,6,444,364,0,364,808
06/08/2008,LGB,CA,AWP,WE,Towers with Radar,72,34,88,0,194,0,0,217,0,217,72,34,305,0,411,332,0,332,743
06/09/2008,LGB,CA,AWP,WE,Towers with Radar,79,40,104,1,224,0,1,171,0,172,79,41,275,1,396,444,0,444,840
06/10/2008,LGB,CA,AWP,WE,Towers with Radar,79,40,137,2,258,0,0,133,0,133,79,40,270,2,391,358,0,358,749
06/11/2008,LGB,CA,AWP,WE,Towers with Radar,85,30,109,4,228,0,8,308,0,316,85,38,417,4,544,564,0,564,1108
06/12/2008,LGB,CA,AWP,WE,Towers with Radar,85,28,102,3,218,0,14,321,1,336,85,42,423,4,554,423,0,423,977
06/13/2008,LGB,CA,AWP,WE,Towers with Radar,80,27,104,0,211,0,10,338,0,348,80,37,442,0,559,682,0,682,1241
06/14/2008,LGB,CA,AWP,WE,Towers with Radar,71,23,57,0,151,0,4,231,0,235,71,27,288,0,386,449,0,449,835
06/15/2008,LGB,CA,AWP,WE,Towers with Radar,78,26,72,2,178,0,7,190,0,197,78,33,262,2,375,325,0,325,700
06/16/2008,LGB,CA,AWP,WE,Towers with Radar,85,30,83,1,199,0,8,251,1,260,85,38,334,2,459,407,0,407,866
06/17/2008,LGB,CA,AWP,WE,Towers with Radar,85,26,78,1,190,0,17,294,0,311,85,43,372,1,501,540,0,540,1041
06/18/2008,LGB,CA,AWP,WE,Towers with Radar,90,30,106,0,226,0,14,342,0,356,90,44,448,0,582,448,0,448,1030
06/19/2008,LGB,CA,AWP,WE,Towers with Radar,86,34,107,0,227,0,12,316,1,329,86,46,423,1,556,428,0,428,984
06/20/2008,LGB,CA,AWP,WE,Towers with Radar,85,24,82,0,191,0,4,301,0,305,85,28,383,0,496,496,0,496,992
06/21/2008,LGB,CA,AWP,WE,Towers with Radar,72,20,52,1,145,0,5,346,1,352,72,25,398,2,497,433,0,433,930
06/22/2008,LGB,CA,AWP,WE,Towers with Radar,74,29,90,0,193,0,4,261,0,265,74,33,351,0,458,299,0,299,757
06/23/2008,LGB,CA,AWP,WE,Towers with Radar,89,37,75,1,202,0,9,288,0,297,89,46,363,1,499,373,0,373,872
06/24/2008,LGB,CA,AWP,WE,Towers with Radar,82,30,102,1,215,0,8,277,0,285,82,38,379,1,500,486,0,486,986
06/25/2008,LGB,CA,AWP,WE,Towers with Radar,87,38,115,0,240,0,18,192,0,210,87,56,307,0,450,491,0,491,941
06/26/2008,LGB,CA,AWP,WE,Towers with Radar,84,37,140,0,261,0,9,305,0,314,84,46,445,0,575,592,0,592,1167
06/27/2008,LGB,CA,AWP,WE,Towers with Radar,42,17,57,1,117,45,20,219,1,285,87,37,276,2,402,391,0,391,793
06/28/2008,LGB,CA,AWP,WE,Towers with Radar,73,25,94,0,192,0,4,226,0,230,73,29,320,0,422,368,0,368,790
06/29/2008,LGB,CA,AWP,WE,Towers with Radar,75,29,68,2,174,0,4,243,2,249,75,33,311,4,423,354,0,354,777
06/30/2008,LGB,CA,AWP,WE,Towers with Radar,83,27,80,2,192,0,19,297,0,316,83,46,377,2,508,437,0,437,945
07/01/2008,LGB,CA,AWP,WE,Towers with Radar,82,50,404,1,537,82,27,98,1,208,164,77,502,2,745,528,2,530,1275
07/02/2008,LGB,CA,AWP,WE,Towers with Radar,87,27,101,1,216,0,18,321,0,339,87,45,422,1,555,547,0,547,1102
07/03/2008,LGB,CA,AWP,WE,Towers with Radar,84,31,100,0,215,84,43,345,0,472,168,74,445,0,687,522,0,522,1209
07/04/2008,LGB,CA,AWP,WE,Towers with Radar,62,14,37,0,113,62,16,274,0,352,124,30,311,0,465,431,0,431,896
07/05/2008,LGB,CA,AWP,WE,Towers with Radar,69,14,77,0,160,0,1,269,0,270,69,15,346,0,430,412,0,412,842
07/06/2008,LGB,CA,AWP,WE,Towers with Radar,82,25,95,0,202,0,2,333,0,335,82,27,428,0,537,387,0,387,924
07/07/2008,LGB,CA,AWP,WE,Towers with Radar,89,20,110,0,219,0,33,239,0,272,89,53,349,0,491,496,0,496,987
07/08/2008,LGB,CA,AWP,WE,Towers with Radar,87,29,87,0,203,87,33,327,0,447,174,62,414,0,650,467,0,467,1117
07/09/2008,LGB,CA,AWP,WE,Towers with Radar,80,29,125,1,235,0,11,199,1,211,80,40,324,2,446,338,0,338,784
07/10/2008,LGB,CA,AWP,WE,Towers with Radar,88,28,106,0,222,88,36,402,0,526,176,64,508,0,748,475,0,475,1223
07/11/2008,LGB,CA,AWP,WE,Towers with Radar,85,28,117,0,230,0,16,299,0,315,85,44,416,0,545,624,0,624,1169
07/12/2008,LGB,CA,AWP,WE,Towers with Radar,77,13,78,0,168,0,9,371,0,380,77,22,449,0,548,424,0,424,972
07/13/2008,LGB,CA,AWP,WE,Towers with Radar,82,24,82,2,190,0,35,219,0,254,82,59,301,2,444,344,0,344,788
07/14/2008,LGB,CA,AWP,WE,Towers with Radar,85,30,89,1,205,0,7,253,0,260,85,37,342,1,465,409,0,409,874
07/15/2008,LGB,CA,AWP,WE,Towers with Radar,83,28,107,0,218,83,47,356,0,486,166,75,463,0,704,423,0,423,1127
07/16/2008,LGB,CA,AWP,WE,Towers with Radar,89,32,106,3,230,0,16,275,2,293,89,48,381,5,523,526,0,526,1049
07/17/2008,LGB,CA,AWP,WE,Towers with Radar,88,30,91,2,211,88,83,420,1,592,176,113,511,3,803,572,0,572,1375
07/18/2008,LGB,CA,AWP,WE,Towers with Radar,89,117,40,0,246,89,42,337,0,468,178,159,377,0,714,384,0,384,1098
07/19/2008,LGB,CA,AWP,WE,Towers with Radar,72,25,117,0,214,0,7,113,0,120,72,32,230,0,334,264,0,264,598
07/20/2008,LGB,CA,AWP,WE,Towers with Radar,81,31,105,0,217,0,2,243,0,245,81,33,348,0,462,371,0,371,833
07/21/2008,LGB,CA,AWP,WE,Towers with Radar,87,33,85,1,206,87,48,351,1,487,174,81,436,2,693,347,0,347,1040
07/22/2008,LGB,CA,AWP,WE,Towers with Radar,83,44,116,0,243,83,56,421,0,560,166,100,537,0,803,603,0,603,1406
07/23/2008,LGB,CA,AWP,WE,Towers with Radar,87,29,119,0,235,0,17,292,4,313,87,46,411,4,548,439,0,439,987
07/24/2008,LGB,CA,AWP,WE,Towers with Radar,74,33,59,0,166,74,49,365,0,488,148,82,424,0,654,549,0,549,1203
07/25/2008,LGB,CA,AWP,WE,Towers with Radar,85,35,85,6,211,0,3,444,0,447,85,38,529,6,658,554,0,554,1212
07/26/2008,LGB,CA,AWP,WE,Towers with Radar,78,18,79,0,175,0,8,282,0,290,78,26,361,0,465,366,0,366,831
07/27/2008,LGB,CA,AWP,WE,Towers with Radar,69,30,85,0,184,0,4,182,2,188,69,34,267,2,372,311,0,311,683
07/28/2008,LGB,CA,AWP,WE,Towers with Radar,78,26,88,2,194,0,11,224,0,235,78,37,312,2,429,425,1,426,855
07/29/2008,LGB,CA,AWP,WE,Towers with Radar,88,29,112,1,230,88,41,311,0,440,176,70,423,1,670,389,0,389,1059
07/30/2008,LGB,CA,AWP,WE,Towers with Radar,84,33,97,0,214,84,38,316,0,438,168,71,413,0,652,323,0,323,975
07/31/2008,LGB,CA,AWP,WE,Towers with Radar,86,44,394,0,524,0,7,292,0,299,86,51,686,0,823,488,0,488,1311
08/01/2008,LGB,CA,AWP,WE,Towers with Radar,87,27,86,3,203,0,10,376,0,386,87,37,462,3,589,545,0,545,1134
08/02/2008,LGB,CA,AWP,WE,Towers with Radar,72,20,81,1,174,72,27,313,1,413,144,47,394,2,587,373,0,373,960
08/03/2008,LGB,CA,AWP,WE,Towers with Radar,74,30,122,1,227,0,35,341,2,378,74,65,463,3,605,434,0,434,1039
08/04/2008,LGB,CA,AWP,WE,Towers with Radar,81,37,81,2,201,0,14,335,0,349,81,51,416,2,550,660,0,660,1210
08/05/2008,LGB,CA,AWP,WE,Towers with Radar,85,28,73,0,186,85,41,359,0,485,170,69,432,0,671,580,0,580,1251
08/06/2008,LGB,CA,AWP,WE,Towers with Radar,87,28,87,0,202,0,10,273,0,283,87,38,360,0,485,454,0,454,939
08/07/2008,LGB,CA,AWP,WE,Towers with Radar,86,34,80,0,200,86,47,441,1,575,172,81,521,1,775,547,0,547,1322
08/08/2008,LGB,CA,AWP,WE,Towers with Radar,86,29,66,4,185,0,20,378,0,398,86,49,444,4,583,609,0,609,1192
08/09/2008,LGB,CA,AWP,WE,Towers with Radar,74,14,64,2,154,0,7,330,0,337,74,21,394,2,491,537,0,537,1028
08/10/2008,LGB,CA,AWP,WE,Towers with Radar,76,33,59,1,169,0,3,286,0,289,76,36,345,1,458,378,0,378,836
08/11/2008,LGB,CA,AWP,WE,Towers with Radar,82,33,90,0,205,0,15,284,0,299,82,48,374,0,504,512,0,512,1016
08/12/2008,LGB,CA,AWP,WE,Towers with Radar,86,24,86,0,196,86,31,311,1,429,172,55,397,1,625,462,0,462,1087
08/13/2008,LGB,CA,AWP,WE,Towers with Radar,91,37,71,0,199,0,15,255,0,270,91,52,326,0,469,453,0,453,922
08/14/2008,LGB,CA,AWP,WE,Towers with Radar,78,34,71,0,183,78,47,422,0,547,156,81,493,0,730,474,0,474,1204
08/15/2008,LGB,CA,AWP,WE,Towers with Radar,88,29,106,2,225,0,13,473,0,486,88,42,579,2,711,486,0,486,1197
08/16/2008,LGB,CA,AWP,WE,Towers with Radar,75,15,108,0,198,0,9,341,0,350,75,24,449,0,548,369,0,369,917
08/17/2008,LGB,CA,AWP,WE,Towers with Radar,80,30,85,1,196,0,6,240,2,248,80,36,325,3,444,250,0,250,694
08/18/2008,LGB,CA,AWP,WE,Towers with Radar,85,35,91,0,211,0,11,249,2,262,85,46,340,2,473,527,0,527,1000
08/19/2008,LGB,CA,AWP,WE,Towers with Radar,87,29,106,4,226,0,17,281,0,298,87,46,387,4,524,391,0,391,915
08/20/2008,LGB,CA,AWP,WE,Towers with Radar,87,36,120,0,243,0,12,249,7,268,87,48,369,7,511,477,0,477,988
08/21/2008,LGB,CA,AWP,WE,Towers with Radar,90,38,77,0,205,90,55,463,1,609,180,93,540,1,814,441,0,441,1255
08/22/2008,LGB,CA,AWP,WE,Towers with Radar,84,28,115,2,229,0,16,451,0,467,84,44,566,2,696,500,0,500,1196
08/23/2008,LGB,CA,AWP,WE,Towers with Radar,71,17,128,1,217,0,6,258,0,264,71,23,386,1,481,448,0,448,929
08/24/2008,LGB,CA,AWP,WE,Towers with Radar,82,29,93,2,206,0,7,350,0,357,82,36,443,2,563,380,0,380,943
08/25/2008,LGB,CA,AWP,WE,Towers with Radar,85,31,86,0,202,0,16,206,0,222,85,47,292,0,424,347,0,347,771
08/26/2008,LGB,CA,AWP,WE,Towers with Radar,83,58,94,1,236,0,3,271,0,274,83,61,365,1,510,571,0,571,1081
08/27/2008,LGB,CA,AWP,WE,Towers with Radar,89,27,112,0,228,0,22,247,0,269,89,49,359,0,497,567,0,567,1064
08/28/2008,LGB,CA,AWP,WE,Towers with Radar,87,36,121,0,244,87,48,456,0,591,174,84,577,0,835,340,0,340,1175
08/29/2008,LGB,CA,AWP,WE,Towers with Radar,85,22,82,2,191,0,20,442,0,462,85,42,524,2,653,596,0,596,1249
08/30/2008,LGB,CA,AWP,WE,Towers with Radar,71,14,81,0,166,0,7,341,3,351,71,21,422,3,517,358,0,358,875
08/31/2008,LGB,CA,AWP,WE,Towers with Radar,80,11,329,0,420,80,14,84,0,178,160,25,413,0,598,329,0,329,927
09/01/2008,LGB,CA,AWP,WE,Towers with Radar,80,29,99,0,208,0,5,314,0,319,80,34,413,0,527,380,0,380,907
09/02/2008,LGB,CA,AWP,WE,Towers with Radar,85,18,92,0,195,0,12,238,0,250,85,30,330,0,445,423,0,423,868
09/03/2008,LGB,CA,AWP,WE,Towers with Radar,84,13,95,0,192,0,5,271,0,276,84,18,366,0,468,366,0,366,834
09/04/2008,LGB,CA,AWP,WE,Towers with Radar,82,12,53,3,150,82,27,423,10,542,164,39,476,13,692,487,0,487,1179
09/05/2008,LGB,CA,AWP,WE,Towers with Radar,80,16,114,0,210,80,30,434,1,545,160,46,548,1,755,560,0,560,1315
09/06/2008,LGB,CA,AWP,WE,Towers with Radar,60,7,81,1,149,60,19,430,6,515,120,26,511,7,664,463,0,463,1127
09/07/2008,LGB,CA,AWP,WE,Towers with Radar,74,15,84,0,173,0,5,256,0,261,74,20,340,0,434,329,0,329,763
09/08/2008,LGB,CA,AWP,WE,Towers with Radar,82,11,91,4,188,0,18,197,0,215,82,29,288,4,403,343,0,343,746
09/09/2008,LGB,CA,AWP,WE,Towers with Radar,78,19,116,1,214,0,12,273,0,285,78,31,389,1,499,470,0,470,969
09/10/2008,LGB,CA,AWP,WE,Towers with Radar,78,16,122,4,220,0,15,273,4,292,78,31,395,8,512,495,0,495,1007
09/11/2008,LGB,CA,AWP,WE,Towers with Radar,80,31,130,4,245,0,14,385,0,399,80,45,515,4,644,503,0,503,1147
09/12/2008,LGB,CA,AWP,WE,Towers with Radar,80,28,450,2,560,80,13,140,1,234,160,41,590,3,794,846,0,846,1640
09/13/2008,LGB,CA,AWP,WE,Towers with Radar,58,10,111,0,179,58,18,361,0,437,116,28,472,0,616,420,0,420,1036
09/14/2008,LGB,CA,AWP,WE,Towers with Radar,74,8,109,3,194,74,13,304,4,395,148,21,413,7,589,331,0,331,920
09/15/2008,LGB,CA,AWP,WE,Towers with Radar,81,19,86,1,187,0,11,245,1,257,81,30,331,2,444,318,0,318,762
09/16/2008,LGB,CA,AWP,WE,Towers with Radar,77,29,102,2,210,0,7,181,0,188,77,36,283,2,398,219,0,219,617
09/17/2008,LGB,CA,AWP,WE,Towers with Radar,79,22,113,2,216,79,35,375,2,491,158,57,488,4,707,524,0,524,1231
09/18/2008,LGB,CA,AWP,WE,Towers with Radar,81,18,80,0,179,81,26,387,0,494,162,44,467,0,673,536,0,536,1209
09/19/2008,LGB,CA,AWP,WE,Towers with Radar,78,16,117,1,212,0,3,478,0,481,78,19,595,1,693,551,0,551,1244
09/20/2008,LGB,CA,AWP,WE,Towers with Radar,57,9,72,0,138,57,14,377,0,448,114,23,449,0,586,438,0,438,1024
09/21/2008,LGB,CA,AWP,WE,Towers with Radar,74,12,81,1,168,0,3,217,1,221,74,15,298,2,389,416,0,416,805
09/22/2008,LGB,CA,AWP,WE,Towers with Radar,79,24,87,2,192,0,14,192,0,206,79,38,279,2,398,518,0,518,916
09/23/2008,LGB,CA,AWP,WE,Towers with Radar,79,27,131,1,238,0,5,160,0,165,79,32,291,1,403,333,0,333,736
09/24/2008,LGB,CA,AWP,WE,Towers with Radar,77,16,97,1,191,0,16,287,1,304,77,32,384,2,495,463,0,463,958
09/25/2008,LGB,CA,AWP,WE,Towers with Radar,87,20,109,0,216,0,11,428,1,440,87,31,537,1,656,681,0,681,1337
09/26/2008,LGB,CA,AWP,WE,Towers with Radar,82,8,86,2,178,0,16,355,6,377,82,24,441,8,555,568,0,568,1123
09/27/2008,LGB,CA,AWP,WE,Towers with Radar,58,13,65,0,136,58,14,364,0,436,116,27,429,0,572,411,0,411,983
09/28/2008,LGB,CA,AWP,WE,Towers with Radar,77,16,81,0,174,0,1,232,0,233,77,17,313,0,407,454,0,454,861
09/29/2008,LGB,CA,AWP,WE,Towers with Radar,81,14,79,0,174,0,15,208,0,223,81,29,287,0,397,332,0,332,729
09/30/2008,LGB,CA,AWP,WE,Towers with Radar,76,12,68,1,157,76,22,328,3,429,152,34,396,4,586,360,0,360,946
10/01/2008,LGB,CA,AWP,WE,Towers with Radar,80,17,94,2,193,0,11,279,3,293,80,28,373,5,486,440,0,440,926
10/02/2008,LGB,CA,AWP,WE,Towers with Radar,80,12,116,1,209,0,13,430,0,443,80,25,546,1,652,617,0,617,1269
10/03/2008,LGB,CA,AWP,WE,Towers with Radar,81,16,136,1,234,0,3,191,0,194,81,19,327,1,428,470,0,470,898
10/04/2008,LGB,CA,AWP,WE,Towers with Radar,63,9,57,4,133,0,11,188,0,199,63,20,245,4,332,432,0,432,764
10/05/2008,LGB,CA,AWP,WE,Towers with Radar,72,16,82,0,170,0,3,212,1,216,72,19,294,1,386,383,0,383,769
10/06/2008,LGB,CA,AWP,WE,Towers with Radar,81,10,63,0,154,0,10,234,3,247,81,20,297,3,401,381,6,387,788
10/07/2008,LGB,CA,AWP,WE,Towers with Radar,81,15,68,0,164,0,16,271,3,290,81,31,339,3,454,449,0,449,903
10/08/2008,LGB,CA,AWP,WE,Towers with Radar,79,22,85,1,187,0,11,275,3,289,79,33,360,4,476,484,0,484,960
10/09/2008,LGB,CA,AWP,WE,Towers with Radar,82,14,108,0,204,0,6,168,0,174,82,20,276,0,378,238,0,238,616
10/10/2008,LGB,CA,AWP,WE,Towers with Radar,80,18,81,0,179,0,7,308,2,317,80,25,389,2,496,558,0,558,1054
10/11/2008,LGB,CA,AWP,WE,Towers with Radar,68,6,72,4,150,0,7,307,0,314,68,13,379,4,464,402,0,402,866
10/12/2008,LGB,CA,AWP,WE,Towers with Radar,75,9,69,0,153,0,1,171,0,172,75,10,240,0,325,273,0,273,598
10/13/2008,LGB,CA,AWP,WE,Towers with Radar,83,19,65,3,170,0,12,229,0,241,83,31,294,3,411,276,0,276,687
10/14/2008,LGB,CA,AWP,WE,Towers with Radar,80,13,73,0,166,0,10,242,1,253,80,23,315,1,419,524,0,524,943
10/15/2008,LGB,CA,AWP,WE,Towers with Radar,85,17,104,1,207,0,14,290,2,306,85,31,394,3,513,446,0,446,959
10/16/2008,LGB,CA,AWP,WE,Towers with Radar,89,13,65,1,168,0,12,371,0,383,89,25,436,1,551,383,0,383,934
10/17/2008,LGB,CA,AWP,WE,Towers with Radar,84,10,82,0,176,0,8,372,0,380,84,18,454,0,556,576,0,576,1132
10/18/2008,LGB,CA,AWP,WE,Towers with Radar,69,10,88,0,167,0,7,312,2,321,69,17,400,2,488,620,0,620,1108
10/19/2008,LGB,CA,AWP,WE,Towers with Radar,76,15,80,0,171,0,4,197,0,201,76,19,277,0,372,285,0,285,657
10/20/2008,LGB,CA,AWP,WE,Towers with Radar,82,9,59,0,150,0,14,207,0,221,82,23,266,0,371,491,0,491,862
10/21/2008,LGB,CA,AWP,WE,Towers with Radar,84,12,103,1,200,0,10,258,2,270,84,22,361,3,470,426,0,426,896
10/22/2008,LGB,CA,AWP,WE,Towers with Radar,83,28,89,3,203,0,12,291,4,307,83,40,380,7,510,501,0,501,1011
10/23/2008,LGB,CA,AWP,WE,Towers with Radar,86,19,106,0,211,0,15,283,0,298,86,34,389,0,509,579,0,579,1088
10/24/2008,LGB,CA,AWP,WE,Towers with Radar,85,9,118,0,212,0,13,379,5,397,85,22,497,5,609,639,0,639,1248
10/25/2008,LGB,CA,AWP,WE,Towers with Radar,65,8,78,0,151,0,16,271,0,287,65,24,349,0,438,502,0,502,940
10/26/2008,LGB,CA,AWP,WE,Towers with Radar,76,15,78,0,169,0,1,200,1,202,76,16,278,1,371,184,0,184,555
10/27/2008,LGB,CA,AWP,WE,Towers with Radar,86,14,94,1,195,0,12,267,0,279,86,26,361,1,474,509,0,509,983
10/28/2008,LGB,CA,AWP,WE,Towers with Radar,81,16,98,0,195,0,11,235,0,246,81,27,333,0,441,472,0,472,913
10/29/2008,LGB,CA,AWP,WE,Towers with Radar,83,16,95,0,194,0,13,234,1,248,83,29,329,1,442,328,0,328,770
10/30/2008,LGB,CA,AWP,WE,Towers with Radar,86,15,89,3,193,0,11,260,2,273,86,26,349,5,466,467,0,467,933
10/31/2008,LGB,CA,AWP,WE,Towers with Radar,85,8,94,0,187,0,14,276,0,290,85,22,370,0,477,574,0,574,1051
11/01/2008,LGB,CA,AWP,WE,Towers with Radar,66,17,81,4,168,0,12,310,0,322,66,29,391,4,490,429,0,429,919
11/02/2008,LGB,CA,AWP,WE,Towers with Radar,80,16,107,1,204,0,6,129,0,135,80,22,236,1,339,341,0,341,680
11/03/2008,LGB,CA,AWP,WE,Towers with Radar,84,13,84,0,181,0,15,235,0,250,84,28,319,0,431,552,0,552,983
11/04/2008,LGB,CA,AWP,WE,Towers with Radar,85,16,102,0,203,0,12,202,0,214,85,28,304,0,417,359,0,359,776
11/05/2008,LGB,CA,AWP,WE,Towers with Radar,89,8,76,2,175,0,8,317,0,325,89,16,393,2,500,435,2,437,937
11/06/2008,LGB,CA,AWP,WE,Towers with Radar,98,19,74,4,195,0,13,291,9,313,98,32,365,13,508,443,0,443,951
11/07/2008,LGB,CA,AWP,WE,Towers with Radar,86,12,87,0,185,0,7,404,0,411,86,19,491,0,596,497,0,497,1093
11/08/2008,LGB,CA,AWP,WE,Towers with Radar,77,12,43,0,132,0,3,324,2,329,77,15,367,2,461,397,0,397,858
11/09/2008,LGB,CA,AWP,WE,Towers with Radar,85,12,54,1,152,0,0,133,1,134,85,12,187,2,286,162,0,162,448
11/10/2008,LGB,CA,AWP,WE,Towers with Radar,89,18,87,4,198,0,17,269,0,286,89,35,356,4,484,512,0,512,996
11/11/2008,LGB,CA,AWP,WE,Towers with Radar,86,8,92,0,186,0,12,319,0,331,86,20,411,0,517,474,0,474,991
11/12/2008,LGB,CA,AWP,WE,Towers with Radar,89,18,91,0,198,0,7,388,1,396,89,25,479,1,594,399,0,399,993
11/13/2008,LGB,CA,AWP,WE,Towers with Radar,85,24,387,0,496,0,11,332,0,343,85,35,719,0,839,408,0,408,1247
11/14/2008,LGB,CA,AWP,WE,Towers with Radar,86,23,114,7,230,0,9,259,0,268,86,32,373,7,498,457,0,457,955
11/15/2008,LGB,CA,AWP,WE,Towers with Radar,74,12,58,0,144,0,15,352,3,370,74,27,410,3,514,268,2,270,784
11/16/2008,LGB,CA,AWP,WE,Towers with Radar,81,13,57,4,155,0,1,249,0,250,81,14,306,4,405,216,0,216,621
11/17/2008,LGB,CA,AWP,WE,Towers with Radar,88,14,72,8,182,0,13,234,1,248,88,27,306,9,430,558,0,558,988
11/18/2008,LGB,CA,AWP,WE,Towers with Radar,83,20,369,2,474,0,0,438,2,440,83,20,807,4,914,438,2,440,1354
11/19/2008,LGB,CA,AWP,WE,Towers with Radar,90,15,75,3,183,0,9,312,3,324,90,24,387,6,507,575,0,575,1082
11/20/2008,LGB,CA,AWP,WE,Towers with Radar,91,17,96,2,206,0,13,205,3,221,91,30,301,5,427,383,0,383,810
11/21/2008,LGB,CA,AWP,WE,Towers with Radar,86,14,90,1,191,0,14,274,0,288,86,28,364,1,479,587,0,587,1066
11/22/2008,LGB,CA,AWP,WE,Towers with Radar,77,8,116,0,201,0,2,186,0,188,77,10,302,0,389,554,0,554,943
11/23/2008,LGB,CA,AWP,WE,Towers with Radar,82,18,85,2,187,0,1,145,0,146,82,19,230,2,333,378,0,378,711
11/24/2008,LGB,CA,AWP,WE,Towers with Radar,88,14,78,0,180,0,9,247,0,256,88,23,325,0,436,519,0,519,955
11/25/2008,LGB,CA,AWP,WE,Towers with Radar,85,20,71,2,178,0,8,184,3,195,85,28,255,5,373,453,0,453,826
11/26/2008,LGB,CA,AWP,WE,Towers with Radar,85,18,67,0,170,0,12,124,0,136,85,30,191,0,306,419,0,419,725
11/27/2008,LGB,CA,AWP,WE,Towers with Radar,63,5,23,0,91,0,2,109,0,111,63,7,132,0,202,274,0,274,476
11/28/2008,LGB,CA,AWP,WE,Towers with Radar,72,13,61,0,146,0,4,176,0,180,72,17,237,0,326,606,0,606,932
11/29/2008,LGB,CA,AWP,WE,Towers with Radar,78,9,58,0,145,0,4,225,1,230,78,13,283,1,375,448,0,448,823
11/30/2008,LGB,CA,AWP,WE,Towers with Radar,75,16,72,0,163,0,0,161,0,161,75,16,233,0,324,314,0,314,638
12/01/2008,LGB,CA,AWP,WE,Towers with Radar,87,18,54,0,159,0,6,138,0,144,87,24,192,0,303,403,0,403,706
12/02/2008,LGB,CA,AWP,WE,Towers with Radar,84,24,110,0,218,0,4,100,0,104,84,28,210,0,322,505,0,505,827
12/03/2008,LGB,CA,AWP,WE,Towers with Radar,88,21,90,2,201,0,6,182,3,191,88,27,272,5,392,487,0,487,879
12/04/2008,LGB,CA,AWP,WE,Towers with Radar,87,15,98,0,200,0,12,240,0,252,87,27,338,0,452,449,0,449,901
12/05/2008,LGB,CA,AWP,WE,Towers with Radar,89,12,81,0,182,0,8,294,1,303,89,20,375,1,485,513,0,513,998
12/06/2008,LGB,CA,AWP,WE,Towers with Radar,74,8,70,0,152,0,2,309,0,311,74,10,379,0,463,470,0,470,933
12/07/2008,LGB,CA,AWP,WE,Towers with Radar,79,12,62,1,154,0,2,196,0,198,79,14,258,1,352,339,0,339,691
12/08/2008,LGB,CA,AWP,WE,Towers with Radar,86,23,105,2,216,0,0,173,0,173,86,23,278,2,389,370,0,370,759
12/09/2008,LGB,CA,AWP,WE,Towers with Radar,84,15,94,6,199,0,5,225,3,233,84,20,319,9,432,414,0,414,846
12/10/2008,LGB,CA,AWP,WE,Towers with Radar,85,10,92,4,191,0,7,252,0,259,85,17,344,4,450,468,0,468,918
12/11/2008,LGB,CA,AWP,WE,Towers with Radar,88,16,100,7,211,0,13,289,1,303,88,29,389,8,514,442,2,444,958
12/12/2008,LGB,CA,AWP,WE,Towers with Radar,86,15,85,4,190,0,4,266,0,270,86,19,351,4,460,340,0,340,800
12/13/2008,LGB,CA,AWP,WE,Towers with Radar,70,9,84,0,163,0,2,159,1,162,70,11,243,1,325,304,0,304,629
12/14/2008,LGB,CA,AWP,WE,Towers with Radar,82,9,63,0,154,0,4,208,0,212,82,13,271,0,366,342,0,342,708
12/15/2008,LGB,CA,AWP,WE,Towers with Radar,85,14,35,0,134,0,3,65,0,68,85,17,100,0,202,126,0,126,328
12/16/2008,LGB,CA,AWP,WE,Towers with Radar,80,21,84,0,185,0,12,269,0,281,80,33,353,0,466,370,0,370,836
12/17/2008,LGB,CA,AWP,WE,Towers with Radar,88,33,32,3,156,0,3,87,0,90,88,36,119,3,246,101,0,101,347
12/18/2008,LGB,CA,AWP,WE,Towers with Radar,88,18,99,0,205,0,11,330,0,341,88,29,429,0,546,484,0,484,1030
12/19/2008,LGB,CA,AWP,WE,Towers with Radar,82,11,96,0,189,0,6,293,0,299,82,17,389,0,488,338,0,338,826
12/20/2008,LGB,CA,AWP,WE,Towers with Radar,64,11,55,2,132,0,2,220,6,228,64,13,275,8,360,400,0,400,760
12/21/2008,LGB,CA,AWP,WE,Towers with Radar,60,8,38,1,107,0,8,263,0,271,60,16,301,1,378,358,0,358,736
12/22/2008,LGB,CA,AWP,WE,Towers with Radar,75,11,60,0,146,0,7,71,0,78,75,18,131,0,224,141,0,141,365
12/23/2008,LGB,CA,AWP,WE,Towers with Radar,84,9,87,2,182,0,10,221,1,232,84,19,308,3,414,447,2,449,863
12/24/2008,LGB,CA,AWP,WE,Towers with Radar,79,12,29,0,120,0,3,145,0,148,79,15,174,0,268,207,0,207,475
12/25/2008,LGB,CA,AWP,WE,Towers with Radar,74,10,12,0,96,0,3,31,0,34,74,13,43,0,130,27,0,27,157
12/26/2008,LGB,CA,AWP,WE,Towers with Radar,76,12,67,0,155,0,8,144,0,152,76,20,211,0,307,132,0,132,439
12/27/2008,LGB,CA,AWP,WE,Towers with Radar,77,12,69,0,158,0,3,316,0,319,77,15,385,0,477,437,0,437,914
12/28/2008,LGB,CA,AWP,WE,Towers with Radar,77,8,47,0,132,1,1,194,0,196,78,9,241,0,328,280,0,280,608
12/29/2008,LGB,CA,AWP,WE,Towers with Radar,92,11,79,0,182,0,7,264,0,271,92,18,343,0,453,436,0,436,889
12/30/2008,LGB,CA,AWP,WE,Towers with Radar,86,21,107,0,214,0,6,245,1,252,86,27,352,1,466,389,0,389,855
12/31/2008,LGB,CA,AWP,WE,Towers with Radar,82,8,76,0,166,0,4,128,0,132,82,12,204,0,298,224,0,224,522
01/01/2009,LGB,CA,AWP,WE,Towers with Radar,84,8,40,0,132,0,0,70,0,70,84,8,110,0,202,26,0,26,228
01/02/2009,LGB,CA,AWP,WE,Towers with Radar,82,15,112,0,209,0,1,113,0,114,82,16,225,0,323,304,0,304,627
01/03/2009,LGB,CA,AWP,WE,Towers with Radar,75,11,76,0,162,0,2,195,0,197,75,13,271,0,359,358,0,358,717
01/04/2009,LGB,CA,AWP,WE,Towers with Radar,82,11,83,0,176,0,4,243,0,247,82,15,326,0,423,422,0,422,845
01/05/2009,LGB,CA,AWP,WE,Towers with Radar,83,11,58,1,153,0,6,209,2,217,83,17,267,3,370,420,0,420,790
01/06/2009,LGB,CA,AWP,WE,Towers with Radar,84,7,66,0,157,0,2,228,3,233,84,9,294,3,390,517,0,517,907
01/07/2009,LGB,CA,AWP,WE,Towers with Radar,84,13,100,0,197,0,6,283,1,290,84,19,383,1,487,441,0,441,928
01/08/2009,LGB,CA,AWP,WE,Towers with Radar,88,8,88,0,184,0,6,197,0,203,88,14,285,0,387,433,0,433,820
01/09/2009,LGB,CA,AWP,WE,Towers with Radar,85,15,88,3,191,0,4,259,0,263,85,19,347,3,454,453,0,453,907
01/10/2009,LGB,CA,AWP,WE,Towers with Radar,70,9,70,2,151,0,3,321,2,326,70,12,391,4,477,358,0,358,835
01/11/2009,LGB,CA,AWP,WE,Towers with Radar,79,7,72,2,160,0,4,261,3,268,79,11,333,5,428,322,0,322,750
01/12/2009,LGB,CA,AWP,WE,Towers with Radar,87,18,67,0,172,0,10,220,0,230,87,28,287,0,402,415,0,415,817
01/13/2009,LGB,CA,AWP,WE,Towers with Radar,87,12,94,0,193,0,11,283,0,294,87,23,377,0,487,427,0,427,914
01/14/2009,LGB,CA,AWP,WE,Towers with Radar,87,9,115,0,211,0,8,295,0,303,87,17,410,0,514,472,0,472,986
01/15/2009,LGB,CA,AWP,WE,Towers with Radar,85,12,113,2,212,0,4,254,0,258,85,16,367,2,470,423,0,423,893
01/16/2009,LGB,CA,AWP,WE,Towers with Radar,84,15,89,0,188,0,6,364,0,370,84,21,453,0,558,363,0,363,921
01/17/2009,LGB,CA,AWP,WE,Towers with Radar,71,10,75,0,156,0,3,322,3,328,71,13,397,3,484,438,0,438,922
01/18/2009,LGB,CA,AWP,WE,Towers with Radar,78,10,78,2,168,0,8,240,1,249,78,18,318,3,417,304,0,304,721
01/19/2009,LGB,CA,AWP,WE,Towers with Radar,85,14,95,0,194,0,11,302,0,313,85,25,397,0,507,455,0,455,962
01/20/2009,LGB,CA,AWP,WE,Towers with Radar,84,11,110,1,206,0,12,286,2,300,84,23,396,3,506,380,0,380,886
01/21/2009,LGB,CA,AWP,WE,Towers with Radar,88,11,90,2,191,0,9,249,2,260,88,20,339,4,451,440,0,440,891
01/22/2009,LGB,CA,AWP,WE,Towers with Radar,86,14,86,1,187,0,6,229,2,237,86,20,315,3,424,316,0,316,740
01/23/2009,LGB,CA,AWP,WE,Towers with Radar,81,6,118,3,208,0,8,91,0,99,81,14,209,3,307,115,0,115,422
01/24/2009,LGB,CA,AWP,WE,Towers with Radar,69,12,102,1,184,0,4,129,0,133,69,16,231,1,317,269,0,269,586
01/25/2009,LGB,CA,AWP,WE,Towers with Radar,81,8,67,1,157,0,4,194,1,199,81,12,261,2,356,405,0,405,761
01/26/2009,LGB,CA,AWP,WE,Towers with Radar,87,8,86,1,182,0,7,274,0,281,87,15,360,1,463,412,0,412,875
01/27/2009,LGB,CA,AWP,WE,Towers with Radar,84,6,118,1,209,0,12,350,1,363,84,18,468,2,572,400,0,400,972
01/28/2009,LGB,CA,AWP,WE,Towers with Radar,82,9,108,0,199,0,8,331,4,343,82,17,439,4,542,382,0,382,924
01/29/2009,LGB,CA,AWP,WE,Towers with Radar,88,8,97,0,193,0,11,265,2,278,88,19,362,2,471,317,0,317,788
01/30/2009,LGB,CA,AWP,WE,Towers with Radar,88,15,107,0,210,0,7,314,1,322,88,22,421,1,532,347,0,347,879
01/31/2009,LGB,CA,AWP,WE,Towers with Radar,73,4,69,0,146,0,18,369,0,387,73,22,438,0,533,379,0,379,912
02/01/2009,LGB,CA,AWP,WE,Towers with Radar,77,9,47,0,133,0,1,235,3,239,77,10,282,3,372,298,0,298,670
02/02/2009,LGB,CA,AWP,WE,Towers with Radar,90,12,52,0,154,0,14,250,0,264,90,26,302,0,418,319,0,319,737
02/03/2009,LGB,CA,AWP,WE,Towers with Radar,89,15,111,2,217,0,9,319,2,330,89,24,430,4,547,522,0,522,1069
02/04/2009,LGB,CA,AWP,WE,Towers with Radar,85,22,89,2,198,0,10,296,3,309,85,32,385,5,507,324,0,324,831
02/05/2009,LGB,CA,AWP,WE,Towers with Radar,83,9,83,0,175,0,9,128,4,141,83,18,211,4,316,208,0,208,524
02/06/2009,LGB,CA,AWP,WE,Towers with Radar,85,22,78,4,189,0,9,93,0,102,85,31,171,4,291,187,0,187,478
02/07/2009,LGB,CA,AWP,WE,Towers with Radar,69,19,48,0,136,0,14,114,0,128,69,33,162,0,264,226,0,226,490
02/08/2009,LGB,CA,AWP,WE,Towers with Radar,79,14,56,2,151,2,5,172,0,179,81,19,228,2,330,324,0,324,654
02/09/2009,LGB,CA,AWP,WE,Towers with Radar,86,7,39,0,132,0,7,103,0,110,86,14,142,0,242,142,0,142,384
02/10/2009,LGB,CA,AWP,WE,Towers with Radar,87,8,110,3,208,0,15,326,0,341,87,23,436,3,549,417,0,417,966
02/11/2009,LGB,CA,AWP,WE,Towers with Radar,87,15,80,3,185,0,11,348,0,359,87,26,428,3,544,362,0,362,906
02/12/2009,LGB,CA,AWP,WE,Towers with Radar,87,12,84,1,184,0,12,275,1,288,87,24,359,2,472,361,0,361,833
02/13/2009,LGB,CA,AWP,WE,Towers with Radar,86,9,66,0,161,0,10,248,0,258,86,19,314,0,419,306,0,306,725
02/14/2009,LGB,CA,AWP,WE,Towers with Radar,73,7,63,0,143,0,3,305,0,308,73,10,368,0,451,199,0,199,650
02/15/2009,LGB,CA,AWP,WE,Towers with Radar,81,13,68,4,166,0,3,199,0,202,81,16,267,4,368,189,0,189,557
02/16/2009,LGB,CA,AWP,WE,Towers with Radar,83,8,26,1,118,0,5,91,0,96,83,13,117,1,214,118,0,118,332
02/17/2009,LGB,CA,AWP,WE,Towers with Radar,86,11,67,5,169,0,11,241,0,252,86,22,308,5,421,372,0,372,793
02/18/2009,LGB,CA,AWP,WE,Towers with Radar,85,12,73,2,172,1,10,323,3,337,86,22,396,5,509,390,0,390,899
02/19/2009,LGB,CA,AWP,WE,Towers with Radar,88,8,119,0,215,0,11,345,3,359,88,19,464,3,574,577,0,577,1151
02/20/2009,LGB,CA,AWP,WE,Towers with Radar,83,8,93,0,184,0,17,375,0,392,83,25,468,0,576,489,0,489,1065
02/21/2009,LGB,CA,AWP,WE,Towers with Radar,72,5,83,0,160,0,7,271,0,278,72,12,354,0,438,372,0,372,810
02/22/2009,LGB,CA,AWP,WE,Towers with Radar,80,9,77,0,166,0,3,181,0,184,80,12,258,0,350,323,0,323,673
02/23/2009,LGB,CA,AWP,WE,Towers with Radar,89,10,79,1,179,0,18,277,1,296,89,28,356,2,475,358,0,358,833
02/24/2009,LGB,CA,AWP,WE,Towers with Radar,83,6,108,0,197,0,10,263,0,273,83,16,371,0,470,341,0,341,811
02/25/2009,LGB,CA,AWP,WE,Towers with Radar,85,6,89,2,182,0,8,236,1,245,85,14,325,3,427,269,0,269,696
02/26/2009,LGB,CA,AWP,WE,Towers with Radar,87,16,88,0,191,0,13,271,3,287,87,29,359,3,478,380,0,380,858
02/27/2009,LGB,CA,AWP,WE,Towers with Radar,86,9,98,3,196,0,6,229,0,235,86,15,327,3,431,456,0,456,887
02/28/2009,LGB,CA,AWP,WE,Towers with Radar,71,4,63,2,140,0,2,275,3,280,71,6,338,5,420,444,0,444,864
03/01/2009,LGB,CA,AWP,WE,Towers with Radar,73,8,54,1,136,0,3,243,1,247,73,11,297,2,383,361,1,362,745
03/02/2009,LGB,CA,AWP,WE,Towers with Radar,82,15,79,0,176,0,21,282,1,304,82,36,361,1,480,423,0,423,903
03/03/2009,LGB,CA,AWP,WE,Towers with Radar,85,11,82,3,181,0,10,266,0,276,85,21,348,3,457,252,2,254,711
03/04/2009,LGB,CA,AWP,WE,Towers with Radar,85,17,65,0,167,0,8,140,0,148,85,25,205,0,315,190,0,190,505
03/05/2009,LGB,CA,AWP,WE,Towers with Radar,83,10,111,0,204,0,14,300,2,316,83,24,411,2,520,451,0,451,971
03/06/2009,LGB,CA,AWP,WE,Towers with Radar,86,6,82,2,176,0,21,363,0,384,86,27,445,2,560,464,0,464,1024
03/07/2009,LGB,CA,AWP,WE,Towers with Radar,71,7,90,0,168,0,3,339,0,342,71,10,429,0,510,399,0,399,909
03/08/2009,LGB,CA,AWP,WE,Towers with Radar,81,11,58,0,150,0,4,216,0,220,81,15,274,0,370,311,0,311,681
03/09/2009,LGB,CA,AWP,WE,Towers with Radar,84,15,112,1,212,0,11,240,5,256,84,26,352,6,468,399,0,399,867
03/10/2009,LGB,CA,AWP,WE,Towers with Radar,86,4,77,0,167,0,15,377,4,396,86,19,454,4,563,443,0,443,1006
03/11/2009,LGB,CA,AWP,WE,Towers with Radar,84,14,128,2,228,0,13,195,0,208,84,27,323,2,436,406,0,406,842
03/12/2009,LGB,CA,AWP,WE,Towers with Radar,86,10,94,0,190,0,13,278,0,291,86,23,372,0,481,399,0,399,880
03/13/2009,LGB,CA,AWP,WE,Towers with Radar,84,7,75,1,167,0,12,275,0,287,84,19,350,1,454,472,0,472,926
03/14/2009,LGB,CA,AWP,WE,Towers with Radar,71,1,108,1,181,0,5,144,0,149,71,6,252,1,330,458,0,458,788
03/15/2009,LGB,CA,AWP,WE,Towers with Radar,79,7,61,2,149,0,2,201,5,208,79,9,262,7,357,315,0,315,672
03/16/2009,LGB,CA,AWP,WE,Towers with Radar,85,11,76,1,173,0,9,280,2,291,85,20,356,3,464,402,0,402,866
03/17/2009,LGB,CA,AWP,WE,Towers with Radar,87,8,93,1,189,0,8,293,1,302,87,16,386,2,491,378,0,378,869
03/18/2009,LGB,CA,AWP,WE,Towers with Radar,88,19,68,1,176,0,3,135,7,145,88,22,203,8,321,223,0,223,544
03/19/2009,LGB,CA,AWP,WE,Towers with Radar,91,22,75,3,191,0,4,52,5,61,91,26,127,8,252,0,0,0,252
03/20/2009,LGB,CA,AWP,WE,Towers with Radar,84,9,95,8,196,0,11,256,0,267,84,20,351,8,463,406,0,406,869
03/21/2009,LGB,CA,AWP,WE,Towers with Radar,75,3,94,1,173,0,6,210,0,216,75,9,304,1,389,494,0,494,883
03/22/2009,LGB,CA,AWP,WE,Towers with Radar,80,12,34,3,129,0,3,80,0,83,80,15,114,3,212,119,0,119,331
03/23/2009,LGB,CA,AWP,WE,Towers with Radar,87,16,88,1,192,0,20,261,0,281,87,36,349,1,473,393,0,393,866
03/24/2009,LGB,CA,AWP,WE,Towers with Radar,86,10,98,0,194,0,13,300,0,313,86,23,398,0,507,355,0,355,862
03/25/2009,LGB,CA,AWP,WE,Towers with Radar,86,14,93,1,194,0,8,282,0,290,86,22,375,1,484,351,0,351,835
03/26/2009,LGB,CA,AWP,WE,Towers with Radar,86,17,67,2,172,0,10,271,2,283,86,27,338,4,455,314,0,314,769
03/27/2009,LGB,CA,AWP,WE,Towers with Radar,82,15,103,0,200,0,4,322,4,330,82,19,425,4,530,386,0,386,916
03/28/2009,LGB,CA,AWP,WE,Towers with Radar,75,7,82,0,164,0,8,277,0,285,75,15,359,0,449,274,0,274,723
03/29/2009,LGB,CA,AWP,WE,Towers with Radar,80,12,75,2,169,0,0,220,0,220,80,12,295,2,389,234,0,234,623
03/30/2009,LGB,CA,AWP,WE,Towers with Radar,86,13,72,2,173,0,11,276,0,287,86,24,348,2,460,310,0,310,770
03/31/2009,LGB,CA,AWP,WE,Towers with Radar,86,8,84,1,179,0,17,345,2,364,86,25,429,3,543,343,0,343,886
04/01/2009,LGB,CA,AWP,WE,Towers with Radar,84,13,103,0,200,0,5,243,0,248,84,18,346,0,448,440,0,440,888
04/02/2009,LGB,CA,AWP,WE,Towers with Radar,84,10,146,0,240,0,9,127,2,138,84,19,273,2,378,494,0,494,872
04/03/2009,LGB,CA,AWP,WE,Towers with Radar,85,6,80,0,171,0,8,296,0,304,85,14,376,0,475,312,0,312,787
04/04/2009,LGB,CA,AWP,WE,Towers with Radar,68,9,61,0,138,0,5,243,0,248,68,14,304,0,386,248,0,248,634
04/05/2009,LGB,CA,AWP,WE,Towers with Radar,80,11,55,2,148,0,0,215,0,215,80,11,270,2,363,277,0,277,640
04/06/2009,LGB,CA,AWP,WE,Towers with Radar,77,13,73,1,164,0,9,232,3,244,77,22,305,4,408,351,0,351,759
04/07/2009,LGB,CA,AWP,WE,Towers with Radar,85,7,78,0,170,0,14,223,0,237,85,21,301,0,407,315,0,315,722
04/08/2009,LGB,CA,AWP,WE,Towers with Radar,85,8,58,0,151,0,8,187,0,195,85,16,245,0,346,326,0,326,672
04/09/2009,LGB,CA,AWP,WE,Towers with Radar,85,19,112,0,216,5,11,266,0,282,90,30,378,0,498,474,0,474,972
04/10/2009,LGB,CA,AWP,WE,Towers with Radar,85,13,74,0,172,0,13,155,0,168,85,26,229,0,340,335,0,335,675
04/11/2009,LGB,CA,AWP,WE,Towers with Radar,74,10,65,2,151,0,3,190,2,195,74,13,255,4,346,232,0,232,578
04/12/2009,LGB,CA,AWP,WE,Towers with Radar,77,16,41,0,134,0,2,170,0,172,77,18,211,0,306,215,0,215,521
04/13/2009,LGB,CA,AWP,WE,Towers with Radar,85,8,52,0,145,0,7,179,1,187,85,15,231,1,332,318,0,318,650
04/14/2009,LGB,CA,AWP,WE,Towers with Radar,85,8,87,0,180,0,7,182,4,193,85,15,269,4,373,273,0,273,646
04/15/2009,LGB,CA,AWP,WE,Towers with Radar,84,13,61,0,158,0,5,160,2,167,84,18,221,2,325,150,0,150,475
04/16/2009,LGB,CA,AWP,WE,Towers with Radar,89,16,107,0,212,0,13,331,2,346,89,29,438,2,558,414,0,414,972
04/17/2009,LGB,CA,AWP,WE,Towers with Radar,83,21,107,1,212,0,7,342,5,354,83,28,449,6,566,404,0,404,970
04/18/2009,LGB,CA,AWP,WE,Towers with Radar,70,10,68,0,148,0,42,319,0,361,70,52,387,0,509,296,0,296,805
04/19/2009,LGB,CA,AWP,WE,Towers with Radar,77,14,96,5,192,0,3,306,0,309,77,17,402,5,501,257,0,257,758
04/20/2009,LGB,CA,AWP,WE,Towers with Radar,85,14,87,2,188,0,38,262,3,303,85,52,349,5,491,399,0,399,890
04/21/2009,LGB,CA,AWP,WE,Towers with Radar,88,11,74,2,175,0,9,309,1,319,88,20,383,3,494,417,0,417,911
04/22/2009,LGB,CA,AWP,WE,Towers with Radar,91,16,80,0,187,0,4,169,0,173,91,20,249,0,360,193,0,193,553
04/23/2009,LGB,CA,AWP,WE,Towers with Radar,86,14,101,0,201,0,6,204,0,210,86,20,305,0,411,381,0,381,792
04/24/2009,LGB,CA,AWP,WE,Towers with Radar,85,4,103,0,192,0,15,260,0,275,85,19,363,0,467,437,0,437,904
04/25/2009,LGB,CA,AWP,WE,Towers with Radar,71,3,51,0,125,0,8,312,0,320,71,11,363,0,445,336,0,336,781
04/26/2009,LGB,CA,AWP,WE,Towers with Radar,76,11,79,3,169,0,5,222,0,227,76,16,301,3,396,326,0,326,722
04/27/2009,LGB,CA,AWP,WE,Towers with Radar,84,13,86,2,185,0,11,179,0,190,84,24,265,2,375,298,0,298,673
04/28/2009,LGB,CA,AWP,WE,Towers with Radar,86,14,101,3,204,0,9,297,0,306,86,23,398,3,510,404,0,404,914
04/29/2009,LGB,CA,AWP,WE,Towers with Radar,88,18,79,1,186,0,13,257,1,271,88,31,336,2,457,419,0,419,876
04/30/2009,LGB,CA,AWP,WE,Towers with Radar,85,10,95,0,190,0,7,256,19,282,85,17,351,19,472,285,0,285,757
05/01/2009,LGB,CA,AWP,WE,Towers with Radar,84,9,97,2,192,0,9,367,0,376,84,18,464,2,568,528,0,528,1096
05/02/2009,LGB,CA,AWP,WE,Towers with Radar,77,2,75,1,155,0,8,297,0,305,77,10,372,1,460,495,0,495,955
05/03/2009,LGB,CA,AWP,WE,Towers with Radar,77,11,72,1,161,0,4,313,0,317,77,15,385,1,478,295,0,295,773
05/04/2009,LGB,CA,AWP,WE,Towers with Radar,92,15,81,0,188,0,9,290,1,300,92,24,371,1,488,403,0,403,891
05/05/2009,LGB,CA,AWP,WE,Towers with Radar,90,6,95,0,191,0,7,308,0,315,90,13,403,0,506,438,0,438,944
05/06/2009,LGB,CA,AWP,WE,Towers with Radar,86,12,101,0,199,0,11,348,0,359,86,23,449,0,558,467,0,467,1025
05/07/2009,LGB,CA,AWP,WE,Towers with Radar,89,10,94,0,193,0,11,329,1,341,89,21,423,1,534,380,0,380,914
05/08/2009,LGB,CA,AWP,WE,Towers with Radar,87,6,101,9,203,0,17,329,1,347,87,23,430,10,550,394,0,394,944
05/09/2009,LGB,CA,AWP,WE,Towers with Radar,78,5,60,0,143,0,9,297,0,306,78,14,357,0,449,417,0,417,866
05/10/2009,LGB,CA,AWP,WE,Towers with Radar,81,9,62,2,154,0,2,128,0,130,81,11,190,2,284,172,0,172,456
05/11/2009,LGB,CA,AWP,WE,Towers with Radar,64,13,106,0,183,0,13,159,0,172,64,26,265,0,355,316,0,316,671
05/12/2009,LGB,CA,AWP,WE,Towers with Radar,88,7,77,1,173,0,14,220,12,246,88,21,297,13,419,442,0,442,861
05/13/2009,LGB,CA,AWP,WE,Towers with Radar,86,7,104,0,197,0,13,325,0,338,86,20,429,0,535,498,0,498,1033
05/14/2009,LGB,CA,AWP,WE,Towers with Radar,87,12,98,1,198,0,13,269,10,292,87,25,367,11,490,366,18,384,874
05/15/2009,LGB,CA,AWP,WE,Towers with Radar,89,7,103,1,200,0,7,230,1,238,89,14,333,2,438,451,0,451,889
05/16/2009,LGB,CA,AWP,WE,Towers with Radar,79,7,75,0,161,0,10,260,1,271,79,17,335,1,432,403,0,403,835
05/17/2009,LGB,CA,AWP,WE,Towers with Radar,77,11,86,0,174,3,8,163,2,176,80,19,249,2,350,290,0,290,640
05/18/2009,LGB,CA,AWP,WE,Towers with Radar,84,20,100,1,205,0,11,310,0,321,84,31,410,1,526,428,0,428,954
05/19/2009,LGB,CA,AWP,WE,Towers with Radar,87,6,78,0,171,0,13,249,2,264,87,19,327,2,435,344,0,344,779
05/20/2009,LGB,CA,AWP,WE,Towers with Radar,88,7,85,0,180,0,15,334,0,349,88,22,419,0,529,488,0,488,1017
05/21/2009,LGB,CA,AWP,WE,Towers with Radar,92,11,107,0,210,0,3,293,0,296,92,14,400,0,506,445,0,445,951
05/22/2009,LGB,CA,AWP,WE,Towers with Radar,89,6,116,0,211,0,11,282,0,293,89,17,398,0,504,313,0,313,817
05/23/2009,LGB,CA,AWP,WE,Towers with Radar,74,8,64,4,150,0,8,373,0,381,74,16,437,4,531,436,1,437,968
05/24/2009,LGB,CA,AWP,WE,Towers with Radar,80,5,64,2,151,0,4,273,0,277,80,9,337,2,428,270,0,270,698
05/25/2009,LGB,CA,AWP,WE,Towers with Radar,81,6,93,0,180,0,6,291,0,297,81,12,384,0,477,295,0,295,772
05/26/2009,LGB,CA,AWP,WE,Towers with Radar,88,6,77,2,173,0,12,191,0,203,88,18,268,2,376,351,0,351,727
05/27/2009,LGB,CA,AWP,WE,Towers with Radar,88,33,107,4,232,0,2,111,0,113,88,35,218,4,345,130,0,130,475
05/28/2009,LGB,CA,AWP,WE,Towers with Radar,87,13,110,1,211,0,16,225,28,269,87,29,335,29,480,337,0,337,817
05/29/2009,LGB,CA,AWP,WE,Towers with Radar,86,6,116,0,208,0,4,179,0,183,86,10,295,0,391,397,0,397,788
05/30/2009,LGB,CA,AWP,WE,Towers with Radar,74,5,80,3,162,0,5,181,0,186,74,10,261,3,348,411,0,411,759
05/31/2009,LGB,CA,AWP,WE,Towers with Radar,79,10,88,5,182,79,11,194,11,295,158,21,282,16,477,402,0,402,879
06/01/2009,LGB,CA,AWP,WE,Towers with Radar,87,13,105,1,206,0,0,158,0,158,87,13,263,1,364,249,0,249,613
06/02/2009,LGB,CA,AWP,WE,Towers with Radar,87,12,102,0,201,0,21,249,0,270,87,33,351,0,471,460,0,460,931
06/03/2009,LGB,CA,AWP,WE,Towers with Radar,84,11,75,2,172,0,6,145,0,151,84,17,220,2,323,233,0,233,556
06/04/2009,LGB,CA,AWP,WE,Towers with Radar,89,10,98,0,197,0,13,226,0,239,89,23,324,0,436,471,0,471,907
06/05/2009,LGB,CA,AWP,WE,Towers with Radar,87,4,92,0,183,0,6,214,0,220,87,10,306,0,403,420,0,420,823
06/06/2009,LGB,CA,AWP,WE,Towers with Radar,82,9,70,4,165,0,5,200,0,205,82,14,270,4,370,306,0,306,676
06/07/2009,LGB,CA,AWP,WE,Towers with Radar,81,10,64,1,156,0,2,225,0,227,81,12,289,1,383,216,0,216,599
06/08/2009,LGB,CA,AWP,WE,Towers with Radar,87,7,70,1,165,0,12,243,1,256,87,19,313,2,421,422,0,422,843
06/09/2009,LGB,CA,AWP,WE,Towers with Radar,86,7,90,0,183,0,14,295,0,309,86,21,385,0,492,491,0,491,983
06/10/2009,LGB,CA,AWP,WE,Towers with Radar,86,8,121,0,215,0,12,275,0,287,86,20,396,0,502,531,0,531,1033
06/11/2009,LGB,CA,AWP,WE,Towers with Radar,88,9,91,0,188,0,6,204,0,210,88,15,295,0,398,399,0,399,797
06/12/2009,LGB,CA,AWP,WE,Towers with Radar,89,9,122,0,220,0,13,207,2,222,89,22,329,2,442,398,0,398,840
06/13/2009,LGB,CA,AWP,WE,Towers with Radar,77,3,103,0,183,0,6,208,0,214,77,9,311,0,397,363,0,363,760
06/14/2009,LGB,CA,AWP,WE,Towers with Radar,84,11,102,0,197,0,3,225,1,229,84,14,327,1,426,336,0,336,762
06/15/2009,LGB,CA,AWP,WE,Towers with Radar,91,9,97,0,197,0,11,227,1,239,91,20,324,1,436,432,0,432,868
06/16/2009,LGB,CA,AWP,WE,Towers with Radar,87,13,93,0,193,0,14,296,2,312,87,27,389,2,505,443,0,443,948
06/17/2009,LGB,CA,AWP,WE,Towers with Radar,85,17,104,1,207,0,13,251,0,264,85,30,355,1,471,381,0,381,852
06/18/2009,LGB,CA,AWP,WE,Towers with Radar,91,9,97,1,198,0,14,285,0,299,91,23,382,1,497,460,0,460,957
06/19/2009,LGB,CA,AWP,WE,Towers with Radar,86,17,123,5,231,0,16,281,6,303,86,33,404,11,534,400,0,400,934
06/20/2009,LGB,CA,AWP,WE,Towers with Radar,79,5,87,0,171,0,10,183,2,195,79,15,270,2,366,142,0,142,508
06/21/2009,LGB,CA,AWP,WE,Towers with Radar,82,12,70,2,166,0,6,304,0,310,82,18,374,2,476,412,0,412,888
06/22/2009,LGB,CA,AWP,WE,Towers with Radar,86,10,78,8,182,0,10,268,0,278,86,20,346,8,460,512,0,512,972
06/23/2009,LGB,CA,AWP,WE,Towers with Radar,90,16,82,2,190,0,24,226,0,250,90,40,308,2,440,380,0,380,820
06/24/2009,LGB,CA,AWP,WE,Towers with Radar,89,12,110,0,211,0,0,365,0,365,89,12,475,0,576,395,0,395,971
06/25/2009,LGB,CA,AWP,WE,Towers with Radar,88,14,78,0,180,0,6,285,0,291,88,20,363,0,471,496,0,496,967
06/26/2009,LGB,CA,AWP,WE,Towers with Radar,88,12,95,1,196,0,11,270,1,282,88,23,365,2,478,334,0,334,812
06/27/2009,LGB,CA,AWP,WE,Towers with Radar,76,4,82,0,162,0,7,305,0,312,76,11,387,0,474,316,0,316,790
06/28/2009,LGB,CA,AWP,WE,Towers with Radar,84,10,72,0,166,0,6,260,0,266,84,16,332,0,432,316,0,316,748
06/29/2009,LGB,CA,AWP,WE,Towers with Radar,88,15,68,2,173,0,9,172,0,181,88,24,240,2,354,295,0,295,649
06/30/2009,LGB,CA,AWP,WE,Towers with Radar,91,10,99,3,203,0,15,275,1,291,91,25,374,4,494,322,0,322,816
07/01/2009,LGB,CA,AWP,WE,Towers with Radar,88,12,93,0,193,0,15,258,1,274,88,27,351,1,467,462,0,462,929
07/02/2009,LGB,CA,AWP,WE,Towers with Radar,87,8,117,0,212,0,18,280,2,300,87,26,397,2,512,424,0,424,936
07/03/2009,LGB,CA,AWP,WE,Towers with Radar,81,9,89,0,179,0,21,407,0,428,81,30,496,0,607,505,0,505,1112
07/04/2009,LGB,CA,AWP,WE,Towers with Radar,75,0,48,0,123,0,4,342,0,346,75,4,390,0,469,273,0,273,742
07/05/2009,LGB,CA,AWP,WE,Towers with Radar,89,6,62,0,157,0,6,333,0,339,89,12,395,0,496,320,0,320,816
07/06/2009,LGB,CA,AWP,WE,Towers with Radar,87,16,103,0,206,1,11,239,2,253,88,27,342,2,459,348,0,348,807
07/07/2009,LGB,CA,AWP,WE,Towers with Radar,87,11,76,0,174,0,18,280,0,298,87,29,356,0,472,444,0,444,916
07/08/2009,LGB,CA,AWP,WE,Towers with Radar,87,10,90,3,190,0,20,417,0,437,87,30,507,3,627,589,0,589,1216
07/09/2009,LGB,CA,AWP,WE,Towers with Radar,92,8,117,0,217,0,10,345,2,357,92,18,462,2,574,394,0,394,968
07/10/2009,LGB,CA,AWP,WE,Towers with Radar,87,11,75,3,176,0,21,394,0,415,87,32,469,3,591,413,0,413,1004
07/11/2009,LGB,CA,AWP,WE,Towers with Radar,74,5,59,2,140,0,11,419,1,431,74,16,478,3,571,508,0,508,1079
07/12/2009,LGB,CA,AWP,WE,Towers with Radar,83,7,79,0,169,0,9,380,0,389,83,16,459,0,558,452,0,452,1010
07/13/2009,LGB,CA,AWP,WE,Towers with Radar,84,10,83,1,178,0,22,277,0,299,84,32,360,1,477,378,0,378,855
07/14/2009,LGB,CA,AWP,WE,Towers with Radar,87,9,65,3,164,0,9,317,2,328,87,18,382,5,492,382,0,382,874
07/15/2009,LGB,CA,AWP,WE,Towers with Radar,91,10,80,0,181,0,11,344,0,355,91,21,424,0,536,450,0,450,986
07/16/2009,LGB,CA,AWP,WE,Towers with Radar,90,8,75,0,173,0,17,268,0,285,90,25,343,0,458,533,0,533,991
07/17/2009,LGB,CA,AWP,WE,Towers with Radar,84,8,85,0,177,0,11,331,0,342,84,19,416,0,519,554,0,554,1073
07/18/2009,LGB,CA,AWP,WE,Towers with Radar,79,4,60,0,143,0,8,342,0,350,79,12,402,0,493,374,0,374,867
07/19/2009,LGB,CA,AWP,WE,Towers with Radar,81,15,52,0,148,0,4,258,2,264,81,19,310,2,412,252,0,252,664
07/20/2009,LGB,CA,AWP,WE,Towers with Radar,84,11,76,0,171,0,22,322,2,346,84,33,398,2,517,474,0,474,991
07/21/2009,LGB,CA,AWP,WE,Towers with Radar,88,7,71,6,172,0,15,300,2,317,88,22,371,8,489,547,0,547,1036
07/22/2009,LGB,CA,AWP,WE,Towers with Radar,91,6,88,1,186,0,6,286,1,293,91,12,374,2,479,417,0,417,896
07/23/2009,LGB,CA,AWP,WE,Towers with Radar,93,14,102,1,210,0,16,290,0,306,93,30,392,1,516,443,0,443,959
07/24/2009,LGB,CA,AWP,WE,Towers with Radar,86,13,78,3,180,0,18,353,0,371,86,31,431,3,551,475,0,475,1026
07/25/2009,LGB,CA,AWP,WE,Towers with Radar,78,5,76,2,161,0,9,368,0,377,78,14,444,2,538,340,0,340,878
07/26/2009,LGB,CA,AWP,WE,Towers with Radar,84,9,74,0,167,0,5,274,0,279,84,14,348,0,446,380,0,380,826
07/27/2009,LGB,CA,AWP,WE,Towers with Radar,91,10,86,0,187,0,8,261,0,269,91,18,347,0,456,354,0,354,810
07/28/2009,LGB,CA,AWP,WE,Towers with Radar,90,10,87,1,188,0,10,228,0,238,90,20,315,1,426,413,0,413,839
07/29/2009,LGB,CA,AWP,WE,Towers with Radar,90,15,76,0,181,0,15,248,0,263,90,30,324,0,444,540,0,540,984
07/30/2009,LGB,CA,AWP,WE,Towers with Radar,90,12,84,2,188,0,11,255,0,266,90,23,339,2,454,362,0,362,816
07/31/2009,LGB,CA,AWP,WE,Towers with Radar,80,7,109,1,197,0,13,318,0,331,80,20,427,1,528,415,0,415,943
08/01/2009,LGB,CA,AWP,WE,Towers with Radar,72,7,72,1,152,0,12,258,0,270,72,19,330,1,422,422,0,422,844
08/02/2009,LGB,CA,AWP,WE,Towers with Radar,80,11,85,2,178,0,5,203,0,208,80,16,288,2,386,238,0,238,624
08/03/2009,LGB,CA,AWP,WE,Towers with Radar,87,9,76,0,172,0,12,213,2,227,87,21,289,2,399,503,0,503,902
08/04/2009,LGB,CA,AWP,WE,Towers with Radar,85,17,82,0,184,1,11,298,0,310,86,28,380,0,494,438,0,438,932
08/05/2009,LGB,CA,AWP,WE,Towers with Radar,91,10,81,3,185,0,12,335,0,347,91,22,416,3,532,476,0,476,1008
08/06/2009,LGB,CA,AWP,WE,Towers with Radar,89,11,73,0,173,0,15,292,0,307,89,26,365,0,480,402,0,402,882
08/07/2009,LGB,CA,AWP,WE,Towers with Radar,87,9,86,1,183,0,20,298,0,318,87,29,384,1,501,468,0,468,969
08/08/2009,LGB,CA,AWP,WE,Towers with Radar,77,8,58,2,145,0,12,331,4,347,77,20,389,6,492,428,0,428,920
08/09/2009,LGB,CA,AWP,WE,Towers with Radar,86,10,74,10,180,0,8,238,2,248,86,18,312,12,428,230,0,230,658
08/10/2009,LGB,CA,AWP,WE,Towers with Radar,87,14,82,0,183,0,15,249,0,264,87,29,331,0,447,466,0,466,913
08/11/2009,LGB,CA,AWP,WE,Towers with Radar,91,15,94,0,200,0,7,255,1,263,91,22,349,1,463,592,2,594,1057
08/12/2009,LGB,CA,AWP,WE,Towers with Radar,91,14,98,0,203,0,10,203,0,213,91,24,301,0,416,569,0,569,985
08/13/2009,LGB,CA,AWP,WE,Towers with Radar,86,11,79,0,176,0,7,284,0,291,86,18,363,0,467,516,0,516,983
08/14/2009,LGB,CA,AWP,WE,Towers with Radar,86,5,77,3,171,0,14,295,1,310,86,19,372,4,481,620,0,620,1101
08/15/2009,LGB,CA,AWP,WE,Towers with Radar,74,7,77,0,158,0,6,245,0,251,74,13,322,0,409,391,0,391,800
08/16/2009,LGB,CA,AWP,WE,Towers with Radar,82,13,70,0,165,0,4,205,0,209,82,17,275,0,374,263,0,263,637
08/17/2009,LGB,CA,AWP,WE,Towers with Radar,88,15,93,2,198,0,16,270,0,286,88,31,363,2,484,461,1,462,946
08/18/2009,LGB,CA,AWP,WE,Towers with Radar,87,8,81,0,176,0,13,240,1,254,87,21,321,1,430,503,0,503,933
08/19/2009,LGB,CA,AWP,WE,Towers with Radar,87,9,103,0,199,0,9,287,1,297,87,18,390,1,496,423,0,423,919
08/20/2009,LGB,CA,AWP,WE,Towers with Radar,89,18,82,3,192,0,16,256,3,275,89,34,338,6,467,282,0,282,749
08/21/2009,LGB,CA,AWP,WE,Towers with Radar,82,7,80,1,170,0,12,323,2,337,82,19,403,3,507,398,0,398,905
08/22/2009,LGB,CA,AWP,WE,Towers with Radar,80,4,69,0,153,0,6,162,0,168,80,10,231,0,321,138,0,138,459
08/23/2009,LGB,CA,AWP,WE,Towers with Radar,82,10,82,1,175,0,4,218,1,223,82,14,300,2,398,267,0,267,665
08/24/2009,LGB,CA,AWP,WE,Towers with Radar,86,13,54,3,156,0,7,244,4,255,86,20,298,7,411,476,0,476,887
08/25/2009,LGB,CA,AWP,WE,Towers with Radar,90,10,77,0,177,0,18,373,0,391,90,28,450,0,568,478,0,478,1046
08/26/2009,LGB,CA,AWP,WE,Towers with Radar,86,13,94,2,195,0,10,300,0,310,86,23,394,2,505,486,0,486,991
08/27/2009,LGB,CA,AWP,WE,Towers with Radar,88,10,62,4,164,0,14,331,0,345,88,24,393,4,509,404,0,404,913
08/28/2009,LGB,CA,AWP,WE,Towers with Radar,88,9,56,1,154,0,11,315,0,326,88,20,371,1,480,423,0,423,903
08/29/2009,LGB,CA,AWP,WE,Towers with Radar,75,1,58,4,138,0,11,268,1,280,75,12,326,5,418,446,0,446,864
08/30/2009,LGB,CA,AWP,WE,Towers with Radar,82,9,44,3,138,0,5,269,0,274,82,14,313,3,412,344,0,344,756
08/31/2009,LGB,CA,AWP,WE,Towers with Radar,89,8,53,3,153,0,19,224,1,244,89,27,277,4,397,464,0,464,861
09/01/2009,LGB,CA,AWP,WE,Towers with Radar,86,7,72,0,165,0,15,238,0,253,86,22,310,0,418,471,0,471,889
09/02/2009,LGB,CA,AWP,WE,Towers with Radar,86,10,88,0,184,0,16,305,2,323,86,26,393,2,507,483,0,483,990
09/03/2009,LGB,CA,AWP,WE,Towers with Radar,86,9,61,2,158,0,14,281,0,295,86,23,342,2,453,349,0,349,802
09/04/2009,LGB,CA,AWP,WE,Towers with Radar,87,5,84,1,177,0,15,360,0,375,87,20,444,1,552,419,0,419,971
09/05/2009,LGB,CA,AWP,WE,Towers with Radar,71,10,44,0,125,0,9,333,0,342,71,19,377,0,467,583,0,583,1050
09/06/2009,LGB,CA,AWP,WE,Towers with Radar,83,12,33,0,128,0,3,200,0,203,83,15,233,0,331,384,0,384,715
09/07/2009,LGB,CA,AWP,WE,Towers with Radar,78,13,66,0,157,1,4,288,0,293,79,17,354,0,450,438,0,438,888
09/08/2009,LGB,CA,AWP,WE,Towers with Radar,86,12,81,2,181,0,12,235,1,248,86,24,316,3,429,369,0,369,798
09/09/2009,LGB,CA,AWP,WE,Towers with Radar,77,10,93,1,181,0,17,284,0,301,77,27,377,1,482,511,0,511,993
09/10/2009,LGB,CA,AWP,WE,Towers with Radar,92,14,104,5,215,0,13,347,4,364,92,27,451,9,579,400,2,402,981
09/11/2009,LGB,CA,AWP,WE,Towers with Radar,86,12,84,0,182,0,9,303,0,312,86,21,387,0,494,438,0,438,932
09/12/2009,LGB,CA,AWP,WE,Towers with Radar,63,10,93,0,166,0,4,276,0,280,63,14,369,0,446,445,0,445,891
09/13/2009,LGB,CA,AWP,WE,Towers with Radar,83,11,71,1,166,0,40,197,0,237,83,51,268,1,403,321,0,321,724
09/14/2009,LGB,CA,AWP,WE,Towers with Radar,88,17,101,0,206,0,12,177,0,189,88,29,278,0,395,464,0,464,859
09/15/2009,LGB,CA,AWP,WE,Towers with Radar,81,14,98,5,198,0,16,352,5,373,81,30,450,10,571,406,1,407,978
09/16/2009,LGB,CA,AWP,WE,Towers with Radar,81,11,101,1,194,0,12,334,3,349,81,23,435,4,543,478,0,478,1021
09/17/2009,LGB,CA,AWP,WE,Towers with Radar,90,12,89,2,193,0,10,297,1,308,90,22,386,3,501,425,0,425,926
09/18/2009,LGB,CA,AWP,WE,Towers with Radar,85,12,90,1,188,0,12,361,0,373,85,24,451,1,561,451,0,451,1012
09/19/2009,LGB,CA,AWP,WE,Towers with Radar,61,17,71,2,151,0,7,341,0,348,61,24,412,2,499,506,0,506,1005
09/20/2009,LGB,CA,AWP,WE,Towers with Radar,81,13,80,2,176,0,10,274,1,285,81,23,354,3,461,477,0,477,938
09/21/2009,LGB,CA,AWP,WE,Towers with Radar,82,19,69,0,170,0,12,250,2,264,82,31,319,2,434,388,0,388,822
09/22/2009,LGB,CA,AWP,WE,Towers with Radar,80,16,115,0,211,0,23,236,2,261,80,39,351,2,472,376,0,376,848
09/23/2009,LGB,CA,AWP,WE,Towers with Radar,81,10,104,2,197,0,7,238,2,247,81,17,342,4,444,336,0,336,780
09/24/2009,LGB,CA,AWP,WE,Towers with Radar,87,9,110,0,206,0,17,361,0,378,87,26,471,0,584,527,0,527,1111
09/25/2009,LGB,CA,AWP,WE,Towers with Radar,89,10,92,1,192,0,14,422,0,436,89,24,514,1,628,460,0,460,1088
09/26/2009,LGB,CA,AWP,WE,Towers with Radar,61,8,91,2,162,0,3,304,1,308,61,11,395,3,470,408,0,408,878
09/27/2009,LGB,CA,AWP,WE,Towers with Radar,86,13,93,1,193,0,0,136,0,136,86,13,229,1,329,276,0,276,605
09/28/2009,LGB,CA,AWP,WE,Towers with Radar,85,13,100,0,198,0,13,209,0,222,85,26,309,0,420,354,0,354,774
09/29/2009,LGB,CA,AWP,WE,Towers with Radar,79,7,83,4,173,0,11,234,3,248,79,18,317,7,421,337,0,337,758
09/30/2009,LGB,CA,AWP,WE,Towers with Radar,81,10,116,0,207,0,15,302,1,318,81,25,418,1,525,299,0,299,824
10/01/2009,LGB,CA,AWP,WE,Towers with Radar,85,10,83,0,178,0,15,331,2,348,85,25,414,2,526,296,0,296,822
10/02/2009,LGB,CA,AWP,WE,Towers with Radar,86,13,104,1,204,0,14,285,1,300,86,27,389,2,504,345,0,345,849
10/03/2009,LGB,CA,AWP,WE,Towers with Radar,63,8,80,2,153,0,5,272,3,280,63,13,352,5,433,482,0,482,915
10/04/2009,LGB,CA,AWP,WE,Towers with Radar,82,13,65,4,164,0,3,206,0,209,82,16,271,4,373,260,0,260,633
10/05/2009,LGB,CA,AWP,WE,Towers with Radar,84,9,82,2,177,0,11,241,0,252,84,20,323,2,429,204,0,204,633
10/06/2009,LGB,CA,AWP,WE,Towers with Radar,80,12,81,8,181,0,15,246,0,261,80,27,327,8,442,349,0,349,791
10/07/2009,LGB,CA,AWP,WE,Towers with Radar,87,15,114,1,217,0,16,280,2,298,87,31,394,3,515,302,2,304,819
10/08/2009,LGB,CA,AWP,WE,Towers with Radar,85,16,93,8,202,0,14,348,1,363,85,30,441,9,565,424,0,424,989
10/09/2009,LGB,CA,AWP,WE,Towers with Radar,84,16,94,8,202,0,15,252,0,267,84,31,346,8,469,485,0,485,954
10/10/2009,LGB,CA,AWP,WE,Towers with Radar,62,12,83,0,157,0,6,261,0,267,62,18,344,0,424,437,0,437,861
10/11/2009,LGB,CA,AWP,WE,Towers with Radar,82,17,59,0,158,0,3,255,0,258,82,20,314,0,416,370,0,370,786
10/12/2009,LGB,CA,AWP,WE,Towers with Radar,84,18,72,1,175,0,21,180,0,201,84,39,252,1,376,396,0,396,772
10/13/2009,LGB,CA,AWP,WE,Towers with Radar,81,10,68,0,159,0,12,109,0,121,81,22,177,0,280,194,1,195,475
10/14/2009,LGB,CA,AWP,WE,Towers with Radar,84,10,64,2,160,0,0,77,1,78,84,10,141,3,238,52,0,52,290
10/15/2009,LGB,CA,AWP,WE,Towers with Radar,92,24,85,2,203,0,3,449,1,453,92,27,534,3,656,437,0,437,1093
10/16/2009,LGB,CA,AWP,WE,Towers with Radar,89,11,86,1,187,0,9,365,0,374,89,20,451,1,561,436,0,436,997
10/17/2009,LGB,CA,AWP,WE,Towers with Radar,65,9,65,5,144,0,7,268,0,275,65,16,333,5,419,454,0,454,873
10/18/2009,LGB,CA,AWP,WE,Towers with Radar,87,16,95,2,200,0,0,135,0,135,87,16,230,2,335,92,0,92,427
10/19/2009,LGB,CA,AWP,WE,Towers with Radar,82,13,82,1,178,0,22,203,4,229,82,35,285,5,407,383,0,383,790
10/20/2009,LGB,CA,AWP,WE,Towers with Radar,80,12,81,3,176,0,14,278,4,296,80,26,359,7,472,366,0,366,838
10/21/2009,LGB,CA,AWP,WE,Towers with Radar,81,12,58,1,152,0,38,298,1,337,81,50,356,2,489,501,0,501,990
10/22/2009,LGB,CA,AWP,WE,Towers with Radar,87,14,77,3,181,0,10,347,3,360,87,24,424,6,541,428,0,428,969
10/23/2009,LGB,CA,AWP,WE,Towers with Radar,86,12,90,1,189,0,16,332,0,348,86,28,422,1,537,307,0,307,844
10/24/2009,LGB,CA,AWP,WE,Towers with Radar,65,9,76,5,155,0,6,271,0,277,65,15,347,5,432,435,0,435,867
10/25/2009,LGB,CA,AWP,WE,Towers with Radar,80,12,75,4,171,0,8,216,0,224,80,20,291,4,395,283,0,283,678
10/26/2009,LGB,CA,AWP,WE,Towers with Radar,83,19,75,5,182,0,15,230,11,256,83,34,305,16,438,215,4,219,657
10/27/2009,LGB,CA,AWP,WE,Towers with Radar,79,13,83,0,175,0,17,192,1,210,79,30,275,1,385,212,0,212,597
10/28/2009,LGB,CA,AWP,WE,Towers with Radar,85,12,76,3,176,0,10,190,1,201,85,22,266,4,377,176,2,178,555
10/29/2009,LGB,CA,AWP,WE,Towers with Radar,83,22,87,6,198,0,7,291,0,298,83,29,378,6,496,476,0,476,972
10/30/2009,LGB,CA,AWP,WE,Towers with Radar,84,16,66,0,166,0,45,365,1,411,84,61,431,1,577,455,0,455,1032
10/31/2009,LGB,CA,AWP,WE,Towers with Radar,64,7,53,0,124,0,1,285,1,287,64,8,338,1,411,481,0,481,892
11/01/2009,LGB,CA,AWP,WE,Towers with Radar,86,13,51,1,151,0,12,232,0,244,86,25,283,1,395,299,0,299,694
11/02/2009,LGB,CA,AWP,WE,Towers with Radar,84,16,94,0,194,0,15,249,0,264,84,31,343,0,458,378,0,378,836
11/03/2009,LGB,CA,AWP,WE,Towers with Radar,72,13,82,3,170,0,5,255,0,260,72,18,337,3,430,536,0,536,966
11/04/2009,LGB,CA,AWP,WE,Towers with Radar,86,12,92,2,192,0,10,218,2,230,86,22,310,4,422,357,0,357,779
11/05/2009,LGB,CA,AWP,WE,Towers with Radar,94,11,116,0,221,0,11,316,7,334,94,22,432,7,555,383,0,383,938
11/06/2009,LGB,CA,AWP,WE,Towers with Radar,89,16,99,2,206,0,10,328,0,338,89,26,427,2,544,398,0,398,942
11/07/2009,LGB,CA,AWP,WE,Towers with Radar,65,10,76,0,151,0,3,196,0,199,65,13,272,0,350,295,0,295,645
11/08/2009,LGB,CA,AWP,WE,Towers with Radar,83,19,80,5,187,0,5,249,2,256,83,24,329,7,443,267,0,267,710
11/09/2009,LGB,CA,AWP,WE,Towers with Radar,81,16,74,2,173,0,8,212,1,221,81,24,286,3,394,355,0,355,749
11/10/2009,LGB,CA,AWP,WE,Towers with Radar,75,10,73,3,161,0,13,311,4,328,75,23,384,7,489,300,0,300,789
11/11/2009,LGB,CA,AWP,WE,Towers with Radar,76,7,82,1,166,0,13,232,0,245,76,20,314,1,411,379,0,379,790
11/12/2009,LGB,CA,AWP,WE,Towers with Radar,87,7,86,0,180,0,5,272,1,278,87,12,358,1,458,402,0,402,860
11/13/2009,LGB,CA,AWP,WE,Towers with Radar,87,11,94,0,192,0,6,347,0,353,87,17,441,0,545,393,0,393,938
11/14/2009,LGB,CA,AWP,WE,Towers with Radar,65,6,53,1,125,0,13,288,0,301,65,19,341,1,426,459,0,459,885
11/15/2009,LGB,CA,AWP,WE,Towers with Radar,81,14,63,1,159,0,3,226,0,229,81,17,289,1,388,371,0,371,759
11/16/2009,LGB,CA,AWP,WE,Towers with Radar,76,11,82,0,169,0,12,337,0,349,76,23,419,0,518,469,0,469,987
11/17/2009,LGB,CA,AWP,WE,Towers with Radar,72,9,90,0,171,0,12,320,2,334,72,21,410,2,505,505,0,505,1010
11/18/2009,LGB,CA,AWP,WE,Towers with Radar,79,16,97,1,193,0,6,397,3,406,79,22,494,4,599,373,1,374,973
11/19/2009,LGB,CA,AWP,WE,Towers with Radar,82,9,91,0,182,0,10,324,2,336,82,19,415,2,518,420,0,420,938
11/20/2009,LGB,CA,AWP,WE,Towers with Radar,85,22,82,2,191,0,9,276,0,285,85,31,358,2,476,372,0,372,848
11/21/2009,LGB,CA,AWP,WE,Towers with Radar,76,10,71,0,157,0,3,322,0,325,76,13,393,0,482,397,0,397,879
11/22/2009,LGB,CA,AWP,WE,Towers with Radar,82,17,69,2,170,0,4,251,2,257,82,21,320,4,427,378,0,378,805
11/23/2009,LGB,CA,AWP,WE,Towers with Radar,87,11,66,0,164,0,4,234,0,238,87,15,300,0,402,238,0,238,640
11/24/2009,LGB,CA,AWP,WE,Towers with Radar,94,13,66,0,173,0,11,247,0,258,94,24,313,0,431,422,0,422,853
11/25/2009,LGB,CA,AWP,WE,Towers with Radar,93,11,62,0,166,0,10,237,0,247,93,21,299,0,413,374,0,374,787
11/26/2009,LGB,CA,AWP,WE,Towers with Radar,64,3,16,0,83,0,1,122,0,123,64,4,138,0,206,107,0,107,313
11/27/2009,LGB,CA,AWP,WE,Towers with Radar,79,5,44,0,128,0,13,287,6,306,79,18,331,6,434,373,0,373,807
11/28/2009,LGB,CA,AWP,WE,Towers with Radar,76,10,63,0,149,0,6,281,0,287,76,16,344,0,436,333,0,333,769
11/29/2009,LGB,CA,AWP,WE,Towers with Radar,84,11,98,0,193,0,7,238,0,245,84,18,336,0,438,279,0,279,717
11/30/2009,LGB,CA,AWP,WE,Towers with Radar,88,24,66,0,178,0,23,302,0,325,88,47,368,0,503,287,0,287,790
12/01/2009,LGB,CA,AWP,WE,Towers with Radar,80,17,62,4,163,0,11,287,3,301,80,28,349,7,464,384,0,384,848
12/02/2009,LGB,CA,AWP,WE,Towers with Radar,81,17,91,4,193,0,12,248,5,265,81,29,339,9,458,414,0,414,872
12/03/2009,LGB,CA,AWP,WE,Towers with Radar,86,9,56,1,152,0,9,328,1,338,86,18,384,2,490,371,0,371,861
12/04/2009,LGB,CA,AWP,WE,Towers with Radar,85,16,91,1,193,0,8,358,0,366,85,24,449,1,559,373,0,373,932
12/05/2009,LGB,CA,AWP,WE,Towers with Radar,67,21,80,3,171,0,0,0,0,0,67,21,80,3,171,430,0,430,601
12/06/2009,LGB,CA,AWP,WE,Towers with Radar,80,9,67,3,159,0,2,179,0,181,80,11,246,3,340,355,0,355,695
12/07/2009,LGB,CA,AWP,WE,Towers with Radar,86,17,45,1,149,2,4,54,2,62,88,21,99,3,211,130,0,130,341
12/08/2009,LGB,CA,AWP,WE,Towers with Radar,73,14,57,0,144,0,23,285,0,308,73,37,342,0,452,390,0,390,842
12/09/2009,LGB,CA,AWP,WE,Towers with Radar,79,15,88,3,185,0,11,302,0,313,79,26,390,3,498,315,0,315,813
12/10/2009,LGB,CA,AWP,WE,Towers with Radar,86,10,79,6,181,0,9,255,4,268,86,19,334,10,449,424,0,424,873
12/11/2009,LGB,CA,AWP,WE,Towers with Radar,86,12,78,0,176,0,2,99,0,101,86,14,177,0,277,140,0,140,417
12/12/2009,LGB,CA,AWP,WE,Towers with Radar,69,10,52,0,131,0,1,45,0,46,69,11,97,0,177,48,0,48,225
12/13/2009,LGB,CA,AWP,WE,Towers with Radar,79,10,76,1,166,0,7,146,0,153,79,17,222,1,319,246,0,246,565
12/14/2009,LGB,CA,AWP,WE,Towers with Radar,80,15,73,2,170,0,11,186,7,204,80,26,259,9,374,304,0,304,678
12/15/2009,LGB,CA,AWP,WE,Towers with Radar,80,14,64,4,162,0,6,342,5,353,80,20,406,9,515,334,0,334,849
12/16/2009,LGB,CA,AWP,WE,Towers with Radar,80,11,75,0,166,0,18,280,1,299,80,29,355,1,465,399,0,399,864
12/17/2009,LGB,CA,AWP,WE,Towers with Radar,85,15,90,0,190,0,6,229,2,237,85,21,319,2,427,327,0,327,754
12/18/2009,LGB,CA,AWP,WE,Towers with Radar,83,14,84,5,186,0,11,405,0,416,83,25,489,5,602,457,0,457,1059
12/19/2009,LGB,CA,AWP,WE,Towers with Radar,72,10,71,3,156,0,9,363,0,372,72,19,434,3,528,382,0,382,910
12/20/2009,LGB,CA,AWP,WE,Towers with Radar,80,12,71,6,169,0,3,250,0,253,80,15,321,6,422,417,0,417,839
12/21/2009,LGB,CA,AWP,WE,Towers with Radar,89,15,71,3,178,0,9,199,6,214,89,24,270,9,392,226,0,226,618
12/22/2009,LGB,CA,AWP,WE,Towers with Radar,93,11,49,1,154,0,7,148,0,155,93,18,197,1,309,80,0,80,389
12/23/2009,LGB,CA,AWP,WE,Towers with Radar,88,16,60,2,166,0,5,263,10,278,88,21,323,12,444,417,0,417,861
12/24/2009,LGB,CA,AWP,WE,Towers with Radar,79,12,44,0,135,0,10,163,0,173,79,22,207,0,308,233,0,233,541
12/25/2009,LGB,CA,AWP,WE,Towers with Radar,77,6,20,0,103,0,4,149,0,153,77,10,169,0,256,142,0,142,398
12/26/2009,LGB,CA,AWP,WE,Towers with Radar,75,6,54,0,135,0,4,201,0,205,75,10,255,0,340,178,0,178,518
12/27/2009,LGB,CA,AWP,WE,Towers with Radar,82,14,64,0,160,0,0,155,0,155,82,14,219,0,315,322,0,322,637
12/28/2009,LGB,CA,AWP,WE,Towers with Radar,86,7,71,1,165,0,5,210,0,215,86,12,281,1,380,286,0,286,666
12/29/2009,LGB,CA,AWP,WE,Towers with Radar,87,19,89,1,196,0,7,249,2,258,87,26,338,3,454,388,0,388,842
12/30/2009,LGB,CA,AWP,WE,Towers with Radar,86,17,83,0,186,0,0,32,0,32,86,17,115,0,218,129,0,129,347
12/31/2009,LGB,CA,AWP,WE,Towers with Radar,83,8,78,0,169,0,7,260,0,267,83,15,338,0,436,353,0,353,789
01/01/2010,LGB,CA,AWP,WE,Towers with Radar,82,3,37,0,122,0,11,166,0,177,82,14,203,0,299,155,0,155,454
01/02/2010,LGB,CA,AWP,WE,Towers with Radar,81,12,75,0,168,0,11,291,0,302,81,23,366,0,470,445,0,445,915
01/03/2010,LGB,CA,AWP,WE,Towers with Radar,82,10,73,0,165,0,0,238,0,238,82,10,311,0,403,313,0,313,716
01/04/2010,LGB,CA,AWP,WE,Towers with Radar,86,8,59,0,153,0,8,233,0,241,86,16,292,0,394,322,0,322,716
01/05/2010,LGB,CA,AWP,WE,Towers with Radar,90,15,70,0,175,0,14,257,1,272,90,29,327,1,447,424,0,424,871
01/06/2010,LGB,CA,AWP,WE,Towers with Radar,91,11,58,3,163,0,6,292,2,300,91,17,350,5,463,314,1,315,778
01/07/2010,LGB,CA,AWP,WE,Towers with Radar,81,11,69,4,165,0,0,322,0,322,81,11,391,4,487,514,0,514,1001
01/08/2010,LGB,CA,AWP,WE,Towers with Radar,93,18,89,4,204,0,15,313,0,328,93,33,402,4,532,426,0,426,958
01/09/2010,LGB,CA,AWP,WE,Towers with Radar,70,11,73,3,157,0,9,403,0,412,70,20,476,3,569,462,0,462,1031
01/10/2010,LGB,CA,AWP,WE,Towers with Radar,81,9,80,1,171,0,4,283,0,287,81,13,363,1,458,372,0,372,830
01/11/2010,LGB,CA,AWP,WE,Towers with Radar,82,8,71,4,165,0,12,243,0,255,82,20,314,4,420,255,0,255,675
01/12/2010,LGB,CA,AWP,WE,Towers with Radar,83,10,91,0,184,0,10,239,4,253,83,20,330,4,437,347,0,347,784
01/13/2010,LGB,CA,AWP,WE,Towers with Radar,83,17,70,4,174,0,7,160,0,167,83,24,230,4,341,284,0,284,625
01/14/2010,LGB,CA,AWP,WE,Towers with Radar,85,8,105,0,198,1,8,343,1,353,86,16,448,1,551,423,0,423,974
01/15/2010,LGB,CA,AWP,WE,Towers with Radar,84,10,93,1,188,0,10,300,0,310,84,20,393,1,498,355,0,355,853
01/16/2010,LGB,CA,AWP,WE,Towers with Radar,68,7,47,3,125,0,3,359,0,362,68,10,406,3,487,436,0,436,923
01/17/2010,LGB,CA,AWP,WE,Towers with Radar,82,6,66,1,155,0,1,205,0,206,82,7,271,1,361,357,0,357,718
01/18/2010,LGB,CA,AWP,WE,Towers with Radar,74,7,32,0,113,0,0,59,0,59,74,7,91,0,172,6,0,6,178
01/19/2010,LGB,CA,AWP,WE,Towers with Radar,76,14,56,1,147,0,15,120,0,135,76,29,176,1,282,93,0,93,375
01/20/2010,LGB,CA,AWP,WE,Towers with Radar,75,12,25,3,115,0,4,83,0,87,75,16,108,3,202,76,0,76,278
01/21/2010,LGB,CA,AWP,WE,Towers with Radar,75,11,24,0,110,0,8,118,0,126,75,19,142,0,236,36,0,36,272
01/22/2010,LGB,CA,AWP,WE,Towers with Radar,86,22,49,0,157,0,12,165,2,179,86,34,214,2,336,49,0,49,385
01/23/2010,LGB,CA,AWP,WE,Towers with Radar,67,10,79,7,163,0,3,320,1,324,67,13,399,8,487,372,0,372,859
01/24/2010,LGB,CA,AWP,WE,Towers with Radar,82,10,80,3,175,0,4,252,0,256,82,14,332,3,431,300,0,300,731
01/25/2010,LGB,CA,AWP,WE,Towers with Radar,79,10,81,2,172,0,18,198,1,217,79,28,279,3,389,342,0,342,731
01/26/2010,LGB,CA,AWP,WE,Towers with Radar,81,19,57,0,157,0,5,111,1,117,81,24,168,1,274,260,0,260,534
01/27/2010,LGB,CA,AWP,WE,Towers with Radar,88,8,70,1,167,0,22,255,2,279,88,30,325,3,446,289,0,289,735
01/28/2010,LGB,CA,AWP,WE,Towers with Radar,82,20,74,0,176,0,11,374,0,385,82,31,448,0,561,409,0,409,970
01/29/2010,LGB,CA,AWP,WE,Towers with Radar,84,15,92,0,191,0,9,439,0,448,84,24,531,0,639,506,0,506,1145
01/30/2010,LGB,CA,AWP,WE,Towers with Radar,67,8,94,0,169,0,7,362,0,369,67,15,456,0,538,458,0,458,996
01/31/2010,LGB,CA,AWP,WE,Towers with Radar,79,9,76,0,164,0,1,189,0,190,79,10,265,0,354,178,0,178,532
02/01/2010,LGB,CA,AWP,WE,Towers with Radar,82,14,46,0,142,0,12,293,0,305,82,26,339,0,447,367,0,367,814
02/02/2010,LGB,CA,AWP,WE,Towers with Radar,79,13,91,2,185,0,26,271,1,298,79,39,362,3,483,391,0,391,874
02/03/2010,LGB,CA,AWP,WE,Towers with Radar,81,16,98,0,195,0,17,282,0,299,81,33,380,0,494,286,0,286,780
02/04/2010,LGB,CA,AWP,WE,Towers with Radar,85,10,86,1,182,0,12,211,2,225,85,22,297,3,407,403,0,403,810
02/05/2010,LGB,CA,AWP,WE,Towers with Radar,85,14,51,3,153,0,0,23,0,23,85,14,74,3,176,18,0,18,194
02/06/2010,LGB,CA,AWP,WE,Towers with Radar,66,13,41,0,120,10,12,107,0,129,76,25,148,0,249,111,0,111,360
02/07/2010,LGB,CA,AWP,WE,Towers with Radar,77,14,63,0,154,0,5,248,0,253,77,19,311,0,407,259,0,259,666
02/08/2010,LGB,CA,AWP,WE,Towers with Radar,83,15,77,0,175,0,10,278,1,289,83,25,355,1,464,378,0,378,842
02/09/2010,LGB,CA,AWP,WE,Towers with Radar,80,29,78,0,187,0,12,174,0,186,80,41,252,0,373,191,0,191,564
02/10/2010,LGB,CA,AWP,WE,Towers with Radar,73,24,126,2,225,0,17,270,0,287,73,41,396,2,512,318,0,318,830
02/11/2010,LGB,CA,AWP,WE,Towers with Radar,80,20,105,2,207,0,12,349,0,361,80,32,454,2,568,508,0,508,1076
02/12/2010,LGB,CA,AWP,WE,Towers with Radar,83,20,112,0,215,0,16,405,0,421,83,36,517,0,636,674,0,674,1310
02/13/2010,LGB,CA,AWP,WE,Towers with Radar,66,22,81,1,170,0,6,362,1,369,66,28,443,2,539,394,0,394,933
02/14/2010,LGB,CA,AWP,WE,Towers with Radar,78,16,56,0,150,0,12,400,0,412,78,28,456,0,562,439,0,439,1001
02/15/2010,LGB,CA,AWP,WE,Towers with Radar,84,9,66,1,160,0,18,281,0,299,84,27,347,1,459,386,0,386,845
02/16/2010,LGB,CA,AWP,WE,Towers with Radar,82,12,78,1,173,0,13,312,0,325,82,25,390,1,498,387,0,387,885
02/17/2010,LGB,CA,AWP,WE,Towers with Radar,79,18,82,4,183,0,10,322,0,332,79,28,404,4,515,433,0,433,948
02/18/2010,LGB,CA,AWP,WE,Towers with Radar,83,16,81,6,186,0,10,267,1,278,83,26,348,7,464,369,0,369,833
02/19/2010,LGB,CA,AWP,WE,Towers with Radar,87,15,90,3,195,0,14,264,2,280,87,29,354,5,475,362,0,362,837
02/20/2010,LGB,CA,AWP,WE,Towers with Radar,70,6,67,2,145,0,11,389,0,400,70,17,456,2,545,410,0,410,955
02/21/2010,LGB,CA,AWP,WE,Towers with Radar,79,14,70,5,168,0,0,161,0,161,79,14,231,5,329,150,0,150,479
02/22/2010,LGB,CA,AWP,WE,Towers with Radar,81,15,57,6,159,0,17,224,2,243,81,32,281,8,402,254,0,254,656
02/23/2010,LGB,CA,AWP,WE,Towers with Radar,82,4,101,1,188,0,13,381,0,394,82,17,482,1,582,480,0,480,1062
02/24/2010,LGB,CA,AWP,WE,Towers with Radar,80,10,83,1,174,0,7,175,1,183,80,17,258,2,357,436,0,436,793
02/25/2010,LGB,CA,AWP,WE,Towers with Radar,87,13,90,5,195,0,7,373,3,383,87,20,463,8,578,495,0,495,1073
02/26/2010,LGB,CA,AWP,WE,Towers with Radar,87,16,72,3,178,0,16,412,0,428,87,32,484,3,606,537,0,537,1143
02/27/2010,LGB,CA,AWP,WE,Towers with Radar,71,6,45,0,122,0,5,126,1,132,71,11,171,1,254,224,0,224,478
02/28/2010,LGB,CA,AWP,WE,Towers with Radar,79,11,65,6,161,0,5,300,0,305,79,16,365,6,466,338,0,338,804
03/01/2010,LGB,CA,AWP,WE,Towers with Radar,81,16,84,3,184,0,12,280,0,292,81,28,364,3,476,345,0,345,821
03/02/2010,LGB,CA,AWP,WE,Towers with Radar,80,12,90,4,186,0,8,235,1,244,80,20,325,5,430,427,0,427,857
03/03/2010,LGB,CA,AWP,WE,Towers with Radar,81,14,77,1,173,0,10,301,2,313,81,24,378,3,486,476,0,476,962
03/04/2010,LGB,CA,AWP,WE,Towers with Radar,86,15,88,2,191,0,12,347,0,359,86,27,435,2,550,503,0,503,1053
03/05/2010,LGB,CA,AWP,WE,Towers with Radar,85,14,77,6,182,0,10,346,2,358,85,24,423,8,540,543,0,543,1083
03/06/2010,LGB,CA,AWP,WE,Towers with Radar,64,7,48,0,119,0,6,183,0,189,64,13,231,0,308,191,0,191,499
03/07/2010,LGB,CA,AWP,WE,Towers with Radar,81,7,58,7,153,0,3,195,0,198,81,10,253,7,351,274,0,274,625
03/08/2010,LGB,CA,AWP,WE,Towers with Radar,84,11,78,0,173,0,12,268,1,281,84,23,346,1,454,500,0,500,954
03/09/2010,LGB,CA,AWP,WE,Towers with Radar,81,10,76,3,170,0,13,271,0,284,81,23,347,3,454,309,0,309,763
03/10/2010,LGB,CA,AWP,WE,Towers with Radar,80,18,84,4,186,0,12,282,0,294,80,30,366,4,480,276,6,282,762
03/11/2010,LGB,CA,AWP,WE,Towers with Radar,86,9,99,1,195,0,12,353,2,367,86,21,452,3,562,484,0,484,1046
03/12/2010,LGB,CA,AWP,WE,Towers with Radar,84,9,90,0,183,0,12,385,0,397,84,21,475,0,580,507,0,507,1087
03/13/2010,LGB,CA,AWP,WE,Towers with Radar,61,11,61,0,133,0,5,339,2,346,61,16,400,2,479,505,0,505,984
03/14/2010,LGB,CA,AWP,WE,Towers with Radar,82,11,85,0,178,0,5,320,10,335,82,16,405,10,513,352,0,352,865
03/15/2010,LGB,CA,AWP,WE,Towers with Radar,76,12,82,1,171,0,15,329,0,344,76,27,411,1,515,540,0,540,1055
03/16/2010,LGB,CA,AWP,WE,Towers with Radar,74,8,92,3,177,0,7,285,2,294,74,15,377,5,471,436,0,436,907
03/17/2010,LGB,CA,AWP,WE,Towers with Radar,82,11,66,7,166,0,8,283,7,298,82,19,349,14,464,616,0,616,1080
03/18/2010,LGB,CA,AWP,WE,Towers with Radar,88,14,93,0,195,0,14,328,4,346,88,28,421,4,541,447,0,447,988
03/19/2010,LGB,CA,AWP,WE,Towers with Radar,79,11,79,0,169,0,13,460,1,474,79,24,539,1,643,499,0,499,1142
03/20/2010,LGB,CA,AWP,WE,Towers with Radar,65,10,74,0,149,0,8,319,0,327,65,18,393,0,476,422,0,422,898
03/21/2010,LGB,CA,AWP,WE,Towers with Radar,83,13,82,7,185,0,6,272,0,278,83,19,354,7,463,308,0,308,771
03/22/2010,LGB,CA,AWP,WE,Towers with Radar,82,8,73,0,163,0,16,238,0,254,82,24,311,0,417,365,0,365,782
03/23/2010,LGB,CA,AWP,WE,Towers with Radar,82,15,83,3,183,0,23,350,3,376,82,38,433,6,559,459,0,459,1018
03/24/2010,LGB,CA,AWP,WE,Towers with Radar,80,12,91,3,186,0,18,301,0,319,80,30,392,3,505,470,0,470,975
03/25/2010,LGB,CA,AWP,WE,Towers with Radar,86,8,89,1,184,0,11,288,0,299,86,19,377,1,483,424,0,424,907
03/26/2010,LGB,CA,AWP,WE,Towers with Radar,80,17,80,0,177,0,20,386,0,406,80,37,466,0,583,528,0,528,1111
03/27/2010,LGB,CA,AWP,WE,Towers with Radar,68,7,52,2,129,0,19,364,0,383,68,26,416,2,512,380,0,380,892
03/28/2010,LGB,CA,AWP,WE,Towers with Radar,80,11,79,2,172,0,6,249,0,255,80,17,328,2,427,298,0,298,725
03/29/2010,LGB,CA,AWP,WE,Towers with Radar,74,16,67,7,164,0,21,274,0,295,74,37,341,7,459,383,0,383,842
03/30/2010,LGB,CA,AWP,WE,Towers with Radar,80,16,74,1,171,0,37,214,2,253,80,53,288,3,424,538,0,538,962
03/31/2010,LGB,CA,AWP,WE,Towers with Radar,81,15,70,4,170,0,11,174,2,187,81,26,244,6,357,359,0,359,716
04/01/2010,LGB,CA,AWP,WE,Towers with Radar,84,9,63,4,160,0,17,306,0,323,84,26,369,4,483,400,0,400,883
04/02/2010,LGB,CA,AWP,WE,Towers with Radar,82,18,77,2,179,0,17,397,0,414,82,35,474,2,593,483,0,483,1076
04/03/2010,LGB,CA,AWP,WE,Towers with Radar,71,10,50,0,131,0,9,283,0,292,71,19,333,0,423,353,0,353,776
04/04/2010,LGB,CA,AWP,WE,Towers with Radar,81,9,45,0,135,0,6,160,0,166,81,15,205,0,301,106,0,106,407
04/05/2010,LGB,CA,AWP,WE,Towers with Radar,82,12,45,3,142,0,16,134,0,150,82,28,179,3,292,142,0,142,434
04/06/2010,LGB,CA,AWP,WE,Towers with Radar,84,7,75,1,167,0,15,324,9,348,84,22,399,10,515,516,0,516,1031
04/07/2010,LGB,CA,AWP,WE,Towers with Radar,84,10,68,1,163,0,11,308,0,319,84,21,376,1,482,309,0,309,791
04/08/2010,LGB,CA,AWP,WE,Towers with Radar,81,20,84,4,189,0,10,394,1,405,81,30,478,5,594,480,0,480,1074
04/09/2010,LGB,CA,AWP,WE,Towers with Radar,83,14,67,2,166,0,15,398,0,413,83,29,465,2,579,589,0,589,1168
04/10/2010,LGB,CA,AWP,WE,Towers with Radar,74,12,78,0,164,0,12,364,0,376,74,24,442,0,540,389,0,389,929
04/11/2010,LGB,CA,AWP,WE,Towers with Radar,86,10,76,0,172,0,8,209,0,217,86,18,285,0,389,194,0,194,583
04/12/2010,LGB,CA,AWP,WE,Towers with Radar,81,17,52,2,152,1,13,230,1,245,82,30,282,3,397,349,0,349,746
04/13/2010,LGB,CA,AWP,WE,Towers with Radar,87,8,65,1,161,0,13,344,13,370,87,21,409,14,531,436,0,436,967
04/14/2010,LGB,CA,AWP,WE,Towers with Radar,84,14,75,0,173,0,18,350,2,370,84,32,425,2,543,419,0,419,962
04/15/2010,LGB,CA,AWP,WE,Towers with Radar,83,11,87,1,182,0,17,428,3,448,83,28,515,4,630,576,0,576,1206
04/16/2010,LGB,CA,AWP,WE,Towers with Radar,81,11,96,1,189,0,16,430,1,447,81,27,526,2,636,716,0,716,1352
04/17/2010,LGB,CA,AWP,WE,Towers with Radar,72,13,65,1,151,0,5,434,0,439,72,18,499,1,590,471,8,479,1069
04/18/2010,LGB,CA,AWP,WE,Towers with Radar,78,22,97,6,203,0,1,302,1,304,78,23,399,7,507,184,0,184,691
04/19/2010,LGB,CA,AWP,WE,Towers with Radar,81,18,68,3,170,1,19,228,0,248,82,37,296,3,418,409,0,409,827
04/20/2010,LGB,CA,AWP,WE,Towers with Radar,76,11,57,1,145,0,12,136,1,149,76,23,193,2,294,150,0,150,444
04/21/2010,LGB,CA,AWP,WE,Towers with Radar,81,16,46,1,144,0,12,147,0,159,81,28,193,1,303,122,2,124,427
04/22/2010,LGB,CA,AWP,WE,Towers with Radar,80,18,87,2,187,0,22,287,0,309,80,40,374,2,496,471,0,471,967
04/23/2010,LGB,CA,AWP,WE,Towers with Radar,79,13,82,2,176,0,10,288,0,298,79,23,370,2,474,492,0,492,966
04/24/2010,LGB,CA,AWP,WE,Towers with Radar,68,14,78,1,161,0,14,293,2,309,68,28,371,3,470,365,0,365,835
04/25/2010,LGB,CA,AWP,WE,Towers with Radar,77,11,91,1,180,0,4,232,0,236,77,15,323,1,416,299,0,299,715
04/26/2010,LGB,CA,AWP,WE,Towers with Radar,76,14,88,0,178,0,10,226,0,236,76,24,314,0,414,342,0,342,756
04/27/2010,LGB,CA,AWP,WE,Towers with Radar,75,20,102,0,197,0,3,144,1,148,75,23,246,1,345,235,0,235,580
04/28/2010,LGB,CA,AWP,WE,Towers with Radar,74,10,80,0,164,0,8,254,1,263,74,18,334,1,427,400,0,400,827
04/29/2010,LGB,CA,AWP,WE,Towers with Radar,80,10,61,1,152,0,13,162,0,175,80,23,223,1,327,179,0,179,506
04/30/2010,LGB,CA,AWP,WE,Towers with Radar,74,20,84,1,179,0,8,360,0,368,74,28,444,1,547,518,0,518,1065
05/01/2010,LGB,CA,AWP,WE,Towers with Radar,63,9,70,1,143,0,3,308,0,311,63,12,378,1,454,498,0,498,952
05/02/2010,LGB,CA,AWP,WE,Towers with Radar,71,15,72,0,158,0,1,298,0,299,71,16,370,0,457,420,0,420,877
05/03/2010,LGB,CA,AWP,WE,Towers with Radar,75,18,52,0,145,0,16,293,1,310,75,34,345,1,455,501,0,501,956
05/04/2010,LGB,CA,AWP,WE,Towers with Radar,76,11,69,1,157,0,18,268,3,289,76,29,337,4,446,546,0,546,992
05/05/2010,LGB,CA,AWP,WE,Towers with Radar,79,9,60,6,154,0,3,307,0,310,79,12,367,6,464,466,0,466,930
05/06/2010,LGB,CA,AWP,WE,Towers with Radar,75,45,66,0,186,0,13,303,8,324,75,58,369,8,510,414,0,414,924
05/07/2010,LGB,CA,AWP,WE,Towers with Radar,76,9,93,0,178,0,13,489,0,502,76,22,582,0,680,624,0,624,1304
05/08/2010,LGB,CA,AWP,WE,Towers with Radar,62,8,44,1,115,0,15,434,0,449,62,23,478,1,564,483,0,483,1047
05/09/2010,LGB,CA,AWP,WE,Towers with Radar,70,8,60,0,138,0,1,173,0,174,70,9,233,0,312,379,0,379,691
05/10/2010,LGB,CA,AWP,WE,Towers with Radar,77,15,59,2,153,0,13,215,7,235,77,28,274,9,388,338,0,338,726
05/11/2010,LGB,CA,AWP,WE,Towers with Radar,74,12,68,1,155,0,12,229,0,241,74,24,297,1,396,284,0,284,680
05/12/2010,LGB,CA,AWP,WE,Towers with Radar,75,20,82,1,178,0,14,357,0,371,75,34,439,1,549,490,4,494,1043
05/13/2010,LGB,CA,AWP,WE,Towers with Radar,82,13,90,2,187,0,16,413,3,432,82,29,503,5,619,482,0,482,1101
05/14/2010,LGB,CA,AWP,WE,Towers with Radar,77,14,98,3,192,0,5,292,2,299,77,19,390,5,491,677,0,677,1168
05/15/2010,LGB,CA,AWP,WE,Towers with Radar,62,13,89,2,166,0,19,432,0,451,62,32,521,2,617,553,4,557,1174
05/16/2010,LGB,CA,AWP,WE,Towers with Radar,73,12,138,1,224,0,0,50,1,51,73,12,188,2,275,168,0,168,443
05/17/2010,LGB,CA,AWP,WE,Towers with Radar,77,9,85,2,173,0,14,121,2,137,77,23,206,4,310,327,0,327,637
05/18/2010,LGB,CA,AWP,WE,Towers with Radar,81,20,105,0,206,0,13,166,0,179,81,33,271,0,385,377,0,377,762
05/19/2010,LGB,CA,AWP,WE,Towers with Radar,80,26,98,0,204,0,7,352,0,359,80,33,450,0,563,447,0,447,1010
05/20/2010,LGB,CA,AWP,WE,Towers with Radar,80,14,106,1,201,0,21,473,0,494,80,35,579,1,695,502,0,502,1197
05/21/2010,LGB,CA,AWP,WE,Towers with Radar,62,13,89,2,166,0,19,432,0,451,62,32,521,2,617,553,4,557,1174
05/22/2010,LGB,CA,AWP,WE,Towers with Radar,61,8,61,3,133,0,17,438,0,455,61,25,499,3,588,512,0,512,1100
05/23/2010,LGB,CA,AWP,WE,Towers with Radar,76,13,55,2,146,0,8,157,0,165,76,21,212,2,311,196,2,198,509
05/24/2010,LGB,CA,AWP,WE,Towers with Radar,77,12,40,0,129,0,16,424,0,440,77,28,464,0,569,531,0,531,1100
05/25/2010,LGB,CA,AWP,WE,Towers with Radar,79,21,82,0,182,0,18,312,0,330,79,39,394,0,512,346,0,346,858
05/26/2010,LGB,CA,AWP,WE,Towers with Radar,80,21,75,0,176,0,11,275,0,286,80,32,350,0,462,452,0,452,914
05/27/2010,LGB,CA,AWP,WE,Towers with Radar,80,18,92,1,191,0,13,415,0,428,80,31,507,1,619,570,0,570,1189
05/28/2010,LGB,CA,AWP,WE,Towers with Radar,77,14,98,4,193,0,20,555,0,575,77,34,653,4,768,682,0,682,1450
05/29/2010,LGB,CA,AWP,WE,Towers with Radar,61,9,61,2,133,0,15,401,2,418,61,24,462,4,551,544,0,544,1095
05/30/2010,LGB,CA,AWP,WE,Towers with Radar,72,8,56,2,138,0,2,253,0,255,72,10,309,2,393,170,0,170,563
05/31/2010,LGB,CA,AWP,WE,Towers with Radar,79,15,72,1,167,0,3,249,0,252,79,18,321,1,419,210,0,210,629
06/01/2010,LGB,CA,AWP,WE,Towers with Radar,79,12,83,1,175,0,20,259,0,279,79,32,342,1,454,377,0,377,831
06/02/2010,LGB,CA,AWP,WE,Towers with Radar,80,25,91,1,197,0,18,359,0,377,80,43,450,1,574,404,0,404,978
06/03/2010,LGB,CA,AWP,WE,Towers with Radar,83,34,90,1,208,0,11,255,1,267,83,45,345,2,475,344,0,344,819
06/04/2010,LGB,CA,AWP,WE,Towers with Radar,80,22,86,0,188,0,9,262,0,271,80,31,348,0,459,353,0,353,812
06/05/2010,LGB,CA,AWP,WE,Towers with Radar,67,17,87,0,171,0,4,201,0,205,67,21,288,0,376,280,0,280,656
06/06/2010,LGB,CA,AWP,WE,Towers with Radar,76,19,99,1,195,0,2,199,0,201,76,21,298,1,396,339,0,339,735
06/07/2010,LGB,CA,AWP,WE,Towers with Radar,82,12,53,0,147,0,17,223,0,240,82,29,276,0,387,346,0,346,733
06/08/2010,LGB,CA,AWP,WE,Towers with Radar,76,11,102,4,193,0,6,225,0,231,76,17,327,4,424,446,0,446,870
06/09/2010,LGB,CA,AWP,WE,Towers with Radar,80,17,86,0,183,0,22,265,1,288,80,39,351,1,471,487,0,487,958
06/10/2010,LGB,CA,AWP,WE,Towers with Radar,75,22,82,0,179,0,10,262,2,274,75,32,344,2,453,408,0,408,861
06/11/2010,LGB,CA,AWP,WE,Towers with Radar,83,17,103,2,205,0,14,379,0,393,83,31,482,2,598,450,0,450,1048
06/12/2010,LGB,CA,AWP,WE,Towers with Radar,63,16,88,1,168,0,19,237,2,258,63,35,325,3,426,299,0,299,725
06/13/2010,LGB,CA,AWP,WE,Towers with Radar,76,14,79,1,170,0,5,257,0,262,76,19,336,1,432,310,0,310,742
06/14/2010,LGB,CA,AWP,WE,Towers with Radar,79,16,78,1,174,0,13,317,2,332,79,29,395,3,506,464,0,464,970
06/15/2010,LGB,CA,AWP,WE,Towers with Radar,77,17,76,0,170,0,19,320,2,341,77,36,396,2,511,432,0,432,943
06/16/2010,LGB,CA,AWP,WE,Towers with Radar,83,17,103,2,205,0,14,379,0,393,83,31,482,2,598,450,0,450,1048
06/17/2010,LGB,CA,AWP,WE,Towers with Radar,84,15,85,0,184,0,20,348,0,368,84,35,433,0,552,516,0,516,1068
06/18/2010,LGB,CA,AWP,WE,Towers with Radar,85,19,100,0,204,0,26,441,0,467,85,45,541,0,671,594,0,594,1265
06/19/2010,LGB,CA,AWP,WE,Towers with Radar,70,15,87,0,172,0,5,263,0,268,70,20,350,0,440,417,0,417,857
06/20/2010,LGB,CA,AWP,WE,Towers with Radar,76,6,65,0,147,0,6,237,0,243,76,12,302,0,390,365,0,365,755
06/21/2010,LGB,CA,AWP,WE,Towers with Radar,81,32,82,0,195,0,2,245,0,247,81,34,327,0,442,500,0,500,942
06/22/2010,LGB,CA,AWP,WE,Towers with Radar,77,18,80,3,178,0,12,333,4,349,77,30,413,7,527,399,0,399,926
06/23/2010,LGB,CA,AWP,WE,Towers with Radar,81,23,97,0,201,0,29,332,0,361,81,52,429,0,562,515,0,515,1077
06/24/2010,LGB,CA,AWP,WE,Towers with Radar,78,22,100,1,201,0,5,284,2,291,78,27,384,3,492,524,0,524,1016
06/25/2010,LGB,CA,AWP,WE,Towers with Radar,79,22,117,0,218,0,6,276,0,282,79,28,393,0,500,408,0,408,908
06/26/2010,LGB,CA,AWP,WE,Towers with Radar,67,12,108,0,187,0,4,285,0,289,67,16,393,0,476,507,0,507,983
06/27/2010,LGB,CA,AWP,WE,Towers with Radar,76,16,93,0,185,0,1,229,0,230,76,17,322,0,415,250,0,250,665
06/28/2010,LGB,CA,AWP,WE,Towers with Radar,80,25,95,0,200,0,9,167,0,176,80,34,262,0,376,307,0,307,683
06/29/2010,LGB,CA,AWP,WE,Towers with Radar,81,16,116,2,215,0,20,237,3,260,81,36,353,5,475,365,0,365,840
06/30/2010,LGB,CA,AWP,WE,Towers with Radar,81,18,105,0,204,0,22,340,0,362,81,40,445,0,566,465,0,465,1031
07/01/2010,LGB,CA,AWP,WE,Towers with Radar,88,27,89,1,205,0,12,278,0,290,88,39,367,1,495,333,0,333,828
07/02/2010,LGB,CA,AWP,WE,Towers with Radar,81,18,103,0,202,0,14,366,0,380,81,32,469,0,582,446,0,446,1028
07/03/2010,LGB,CA,AWP,WE,Towers with Radar,66,13,83,0,162,0,8,252,3,263,66,21,335,3,425,241,0,241,666
07/04/2010,LGB,CA,AWP,WE,Towers with Radar,75,6,30,0,111,0,3,100,0,103,75,9,130,0,214,132,0,132,346
07/05/2010,LGB,CA,AWP,WE,Towers with Radar,81,17,111,0,209,0,5,159,0,164,81,22,270,0,373,261,0,261,634
07/06/2010,LGB,CA,AWP,WE,Towers with Radar,82,16,86,2,186,0,13,197,0,210,82,29,283,2,396,568,0,568,964
07/07/2010,LGB,CA,AWP,WE,Towers with Radar,82,20,83,0,185,0,15,225,0,240,82,35,308,0,425,470,0,470,895
07/08/2010,LGB,CA,AWP,WE,Towers with Radar,88,14,91,1,194,0,14,185,0,199,88,28,276,1,393,339,0,339,732
07/09/2010,LGB,CA,AWP,WE,Towers with Radar,86,19,80,0,185,0,18,222,0,240,86,37,302,0,425,411,0,411,836
07/10/2010,LGB,CA,AWP,WE,Towers with Radar,71,14,111,0,196,0,1,201,0,202,71,15,312,0,398,268,0,268,666
07/11/2010,LGB,CA,AWP,WE,Towers with Radar,80,16,80,0,176,0,2,136,0,138,80,18,216,0,314,196,0,196,510
07/12/2010,LGB,CA,AWP,WE,Towers with Radar,84,17,76,2,179,0,14,214,0,228,84,31,290,2,407,400,3,403,810
07/13/2010,LGB,CA,AWP,WE,Towers with Radar,78,17,64,6,165,0,16,318,2,336,78,33,382,8,501,629,0,629,1130
07/14/2010,LGB,CA,AWP,WE,Towers with Radar,82,16,67,0,165,0,17,460,0,477,82,33,527,0,642,606,0,606,1248
07/15/2010,LGB,CA,AWP,WE,Towers with Radar,86,15,71,0,172,0,12,351,0,363,86,27,422,0,535,629,0,629,1164
07/16/2010,LGB,CA,AWP,WE,Towers with Radar,86,15,81,1,183,0,13,421,0,434,86,28,502,1,617,577,1,578,1195
07/17/2010,LGB,CA,AWP,WE,Towers with Radar,70,18,61,2,151,0,2,333,0,335,70,20,394,2,486,420,0,420,906
07/18/2010,LGB,CA,AWP,WE,Towers with Radar,80,14,82,0,176,0,1,228,0,229,80,15,310,0,405,356,0,356,761
07/19/2010,LGB,CA,AWP,WE,Towers with Radar,83,17,77,1,178,0,16,237,1,254,83,33,314,2,432,424,0,424,856
07/20/2010,LGB,CA,AWP,WE,Towers with Radar,84,25,89,15,213,8,4,214,0,226,92,29,303,15,439,376,0,376,815
07/21/2010,LGB,CA,AWP,WE,Towers with Radar,85,21,113,0,219,0,10,449,0,459,85,31,562,0,678,490,0,490,1168
07/22/2010,LGB,CA,AWP,WE,Towers with Radar,88,21,97,0,206,0,13,380,1,394,88,34,477,1,600,518,0,518,1118
07/23/2010,LGB,CA,AWP,WE,Towers with Radar,90,23,90,0,203,0,8,341,0,349,90,31,431,0,552,524,0,524,1076
07/24/2010,LGB,CA,AWP,WE,Towers with Radar,69,14,70,1,154,0,4,319,1,324,69,18,389,2,478,413,0,413,891
07/25/2010,LGB,CA,AWP,WE,Towers with Radar,76,18,94,0,188,0,1,233,0,234,76,19,327,0,422,287,0,287,709
07/26/2010,LGB,CA,AWP,WE,Towers with Radar,83,14,70,0,167,0,17,149,0,166,83,31,219,0,333,510,0,510,843
07/27/2010,LGB,CA,AWP,WE,Towers with Radar,82,13,86,2,183,0,22,258,0,280,82,35,344,2,463,533,0,533,996
07/28/2010,LGB,CA,AWP,WE,Towers with Radar,86,22,71,3,182,56,20,316,0,392,142,42,387,3,574,511,0,511,1085
07/29/2010,LGB,CA,AWP,WE,Towers with Radar,87,17,82,0,186,0,32,344,1,377,87,49,426,1,563,559,0,559,1122
07/30/2010,LGB,CA,AWP,WE,Towers with Radar,82,14,60,1,157,0,13,294,0,307,82,27,354,1,464,407,0,407,871
07/31/2010,LGB,CA,AWP,WE,Towers with Radar,73,16,75,0,164,0,2,218,0,220,73,18,293,0,384,314,0,314,698
08/01/2010,LGB,CA,AWP,WE,Towers with Radar,79,15,76,1,171,0,2,212,0,214,79,17,288,1,385,426,0,426,811
08/02/2010,LGB,CA,AWP,WE,Towers with Radar,83,17,65,3,168,0,11,212,0,223,83,28,277,3,391,382,0,382,773
08/03/2010,LGB,CA,AWP,WE,Towers with Radar,83,17,40,1,141,0,12,372,1,385,83,29,412,2,526,436,0,436,962
08/04/2010,LGB,CA,AWP,WE,Towers with Radar,84,22,80,0,186,0,9,302,0,311,84,31,382,0,497,514,0,514,1011
08/05/2010,LGB,CA,AWP,WE,Towers with Radar,89,27,102,1,219,0,11,270,1,282,89,38,372,2,501,587,0,587,1088
08/06/2010,LGB,CA,AWP,WE,Towers with Radar,85,42,72,2,201,0,0,285,2,287,85,42,357,4,488,388,0,388,876
08/07/2010,LGB,CA,AWP,WE,Towers with Radar,72,13,89,3,177,0,6,298,0,304,72,19,387,3,481,467,0,467,948
08/08/2010,LGB,CA,AWP,WE,Towers with Radar,81,15,84,4,184,0,1,294,0,295,81,16,378,4,479,381,0,381,860
08/09/2010,LGB,CA,AWP,WE,Towers with Radar,83,13,64,1,161,0,18,256,0,274,83,31,320,1,435,411,0,411,846
08/10/2010,LGB,CA,AWP,WE,Towers with Radar,83,18,83,0,184,0,7,257,0,264,83,25,340,0,448,615,0,615,1063
08/11/2010,LGB,CA,AWP,WE,Towers with Radar,89,21,84,0,194,0,15,366,1,382,89,36,450,1,576,591,0,591,1167
08/12/2010,LGB,CA,AWP,WE,Towers with Radar,90,20,77,0,187,0,9,324,0,333,90,29,401,0,520,459,0,459,979
08/13/2010,LGB,CA,AWP,WE,Towers with Radar,85,17,75,0,177,0,8,399,0,407,85,25,474,0,584,559,0,559,1143
08/14/2010,LGB,CA,AWP,WE,Towers with Radar,72,11,69,0,152,0,7,292,0,299,72,18,361,0,451,364,0,364,815
08/15/2010,LGB,CA,AWP,WE,Towers with Radar,81,16,63,0,160,0,1,204,0,205,81,17,267,0,365,356,0,356,721
08/16/2010,LGB,CA,AWP,WE,Towers with Radar,84,15,64,0,163,0,13,144,0,157,84,28,208,0,320,221,0,221,541
08/17/2010,LGB,CA,AWP,WE,Towers with Radar,82,19,65,1,167,0,29,321,8,358,82,48,386,9,525,345,7,352,877
08/18/2010,LGB,CA,AWP,WE,Towers with Radar,82,17,70,1,170,0,25,399,0,424,82,42,469,1,594,473,0,473,1067
08/19/2010,LGB,CA,AWP,WE,Towers with Radar,87,17,88,0,192,0,13,378,0,391,87,30,466,0,583,514,0,514,1097
08/20/2010,LGB,CA,AWP,WE,Towers with Radar,88,17,65,0,170,0,12,359,2,373,88,29,424,2,543,511,2,513,1056
08/21/2010,LGB,CA,AWP,WE,Towers with Radar,70,12,62,0,144,0,9,429,0,438,70,21,491,0,582,475,0,475,1057
08/22/2010,LGB,CA,AWP,WE,Towers with Radar,81,19,59,1,160,0,5,298,0,303,81,24,357,1,463,329,0,329,792
08/23/2010,LGB,CA,AWP,WE,Towers with Radar,83,12,43,0,138,0,22,241,1,264,83,34,284,1,402,348,0,348,750
08/24/2010,LGB,CA,AWP,WE,Towers with Radar,79,14,71,0,164,0,22,373,3,398,79,36,444,3,562,540,0,540,1102
08/25/2010,LGB,CA,AWP,WE,Towers with Radar,85,19,58,0,162,0,15,334,3,352,85,34,392,3,514,587,0,587,1101
08/26/2010,LGB,CA,AWP,WE,Towers with Radar,85,21,72,0,178,0,18,328,0,346,85,39,400,0,524,556,0,556,1080
08/27/2010,LGB,CA,AWP,WE,Towers with Radar,84,12,67,1,164,0,12,240,0,252,84,24,307,1,416,533,0,533,949
08/28/2010,LGB,CA,AWP,WE,Towers with Radar,68,14,66,0,148,0,5,220,1,226,68,19,286,1,374,352,0,352,726
08/29/2010,LGB,CA,AWP,WE,Towers with Radar,84,12,75,1,172,0,4,180,0,184,84,16,255,1,356,264,0,264,620
08/30/2010,LGB,CA,AWP,WE,Towers with Radar,83,25,122,0,230,0,9,173,0,182,83,34,295,0,412,405,0,405,817
08/31/2010,LGB,CA,AWP,WE,Towers with Radar,80,21,69,2,172,0,14,310,2,326,80,35,379,4,498,492,4,496,994
09/01/2010,LGB,CA,AWP,WE,Towers with Radar,84,16,73,0,173,0,12,367,2,381,84,28,440,2,554,496,2,498,1052
09/02/2010,LGB,CA,AWP,WE,Towers with Radar,88,20,80,0,188,0,15,318,0,333,88,35,398,0,521,476,0,476,997
09/03/2010,LGB,CA,AWP,WE,Towers with Radar,87,22,74,2,185,0,11,340,1,352,87,33,414,3,537,429,0,429,966
09/04/2010,LGB,CA,AWP,WE,Towers with Radar,68,11,67,0,146,0,9,344,0,353,68,20,411,0,499,440,0,440,939
09/05/2010,LGB,CA,AWP,WE,Towers with Radar,77,13,75,0,165,0,2,159,0,161,77,15,234,0,326,245,0,245,571
09/06/2010,LGB,CA,AWP,WE,Towers with Radar,82,17,91,0,190,1,2,276,0,279,83,19,367,0,469,328,0,328,797
09/07/2010,LGB,CA,AWP,WE,Towers with Radar,80,19,97,0,196,0,16,178,1,195,80,35,275,1,391,455,0,455,846
09/08/2010,LGB,CA,AWP,WE,Towers with Radar,86,19,85,0,190,0,36,245,1,282,86,55,330,1,472,549,0,549,1021
09/09/2010,LGB,CA,AWP,WE,Towers with Radar,91,14,89,0,194,0,20,326,2,348,91,34,415,2,542,646,0,646,1188
09/10/2010,LGB,CA,AWP,WE,Towers with Radar,88,16,64,1,169,0,16,405,1,422,88,32,469,2,591,569,0,569,1160
09/11/2010,LGB,CA,AWP,WE,Towers with Radar,63,6,66,1,136,0,9,339,1,349,63,15,405,2,485,442,0,442,927
09/12/2010,LGB,CA,AWP,WE,Towers with Radar,82,13,66,0,161,0,79,230,0,309,82,92,296,0,470,330,0,330,800
09/13/2010,LGB,CA,AWP,WE,Towers with Radar,86,14,54,0,154,0,12,277,0,289,86,26,331,0,443,356,0,356,799
09/14/2010,LGB,CA,AWP,WE,Towers with Radar,81,10,73,0,164,0,24,350,2,376,81,34,423,2,540,552,0,552,1092
09/15/2010,LGB,CA,AWP,WE,Towers with Radar,85,19,70,0,174,0,10,296,2,308,85,29,366,2,482,488,0,488,970
09/16/2010,LGB,CA,AWP,WE,Towers with Radar,91,19,66,0,176,0,10,274,0,284,91,29,340,0,460,517,0,517,977
09/17/2010,LGB,CA,AWP,WE,Towers with Radar,88,19,87,0,194,0,14,331,0,345,88,33,418,0,539,448,0,448,987
09/18/2010,LGB,CA,AWP,WE,Towers with Radar,73,9,59,3,144,0,4,243,1,248,73,13,302,4,392,214,0,214,606
09/19/2010,LGB,CA,AWP,WE,Towers with Radar,80,11,52,0,143,0,5,257,0,262,80,16,309,0,405,319,0,319,724
09/20/2010,LGB,CA,AWP,WE,Towers with Radar,80,13,69,0,162,0,5,182,0,187,80,18,251,0,349,364,0,364,713
09/21/2010,LGB,CA,AWP,WE,Towers with Radar,86,7,133,3,229,0,10,114,0,124,86,17,247,3,353,488,0,488,841
09/22/2010,LGB,CA,AWP,WE,Towers with Radar,88,14,74,0,176,0,13,196,0,209,88,27,270,0,385,388,0,388,773
09/23/2010,LGB,CA,AWP,WE,Towers with Radar,89,14,57,0,160,0,16,323,0,339,89,30,380,0,499,563,0,563,1062
09/24/2010,LGB,CA,AWP,WE,Towers with Radar,86,15,53,0,154,0,12,337,0,349,86,27,390,0,503,501,0,501,1004
09/25/2010,LGB,CA,AWP,WE,Towers with Radar,67,7,46,3,123,0,12,271,2,285,67,19,317,5,408,352,0,352,760
09/26/2010,LGB,CA,AWP,WE,Towers with Radar,89,10,62,3,164,0,1,291,2,294,89,11,353,5,458,286,0,286,744
09/27/2010,LGB,CA,AWP,WE,Towers with Radar,88,18,73,0,179,88,22,245,0,355,176,40,318,0,534,302,0,302,836
09/28/2010,LGB,CA,AWP,WE,Towers with Radar,81,12,87,0,180,0,17,282,0,299,81,29,369,0,479,391,0,391,870
09/29/2010,LGB,CA,AWP,WE,Towers with Radar,88,26,84,2,200,0,17,356,0,373,88,43,440,2,573,444,0,444,1017
09/30/2010,LGB,CA,AWP,WE,Towers with Radar,88,21,67,2,178,0,20,247,0,267,88,41,314,2,445,454,0,454,899
10/01/2010,LGB,CA,AWP,WE,Towers with Radar,81,24,85,0,190,0,3,231,2,236,81,27,316,2,426,352,0,352,778
10/02/2010,LGB,CA,AWP,WE,Towers with Radar,65,9,67,2,143,0,5,257,2,264,65,14,324,4,407,497,0,497,904
10/03/2010,LGB,CA,AWP,WE,Towers with Radar,82,20,71,4,177,0,16,140,0,156,82,36,211,4,333,247,0,247,580
10/04/2010,LGB,CA,AWP,WE,Towers with Radar,80,15,99,1,195,0,8,60,0,68,80,23,159,1,263,102,0,102,365
10/05/2010,LGB,CA,AWP,WE,Towers with Radar,84,15,89,1,189,0,14,162,0,176,84,29,251,1,365,237,0,237,602
10/06/2010,LGB,CA,AWP,WE,Towers with Radar,87,15,53,0,155,0,2,109,1,112,87,17,162,1,267,129,0,129,396
10/07/2010,LGB,CA,AWP,WE,Towers with Radar,86,14,90,0,190,0,17,307,0,324,86,31,397,0,514,394,0,394,908
10/08/2010,LGB,CA,AWP,WE,Towers with Radar,85,14,94,1,194,0,8,288,1,297,85,22,382,2,491,412,0,412,903
10/09/2010,LGB,CA,AWP,WE,Towers with Radar,63,10,73,0,146,0,7,323,0,330,63,17,396,0,476,322,0,322,798
10/10/2010,LGB,CA,AWP,WE,Towers with Radar,82,10,68,0,160,0,5,214,0,219,82,15,282,0,379,280,0,280,659
10/11/2010,LGB,CA,AWP,WE,Towers with Radar,80,24,111,0,215,0,7,144,0,151,80,31,255,0,366,195,0,195,561
10/12/2010,LGB,CA,AWP,WE,Towers with Radar,76,22,91,0,189,0,7,227,0,234,76,29,318,0,423,316,0,316,739
10/13/2010,LGB,CA,AWP,WE,Towers with Radar,88,18,102,0,208,0,6,350,0,356,88,24,452,0,564,340,0,340,904
10/14/2010,LGB,CA,AWP,WE,Towers with Radar,86,19,115,3,223,0,10,122,0,132,86,29,237,3,355,246,0,246,601
10/15/2010,LGB,CA,AWP,WE,Towers with Radar,91,14,95,7,207,0,3,149,0,152,91,17,244,7,359,479,4,483,842
10/16/2010,LGB,CA,AWP,WE,Towers with Radar,63,8,113,3,187,0,0,77,5,82,63,8,190,8,269,192,0,192,461
10/17/2010,LGB,CA,AWP,WE,Towers with Radar,90,12,83,0,185,0,1,91,0,92,90,13,174,0,277,328,0,328,605
10/18/2010,LGB,CA,AWP,WE,Towers with Radar,88,17,90,1,196,0,8,119,0,127,88,25,209,1,323,226,0,226,549
10/19/2010,LGB,CA,AWP,WE,Towers with Radar,77,11,39,0,127,0,10,67,0,77,77,21,106,0,204,130,0,130,334
10/20/2010,LGB,CA,AWP,WE,Towers with Radar,83,16,72,0,171,0,10,58,2,70,83,26,130,2,241,257,0,257,498
10/21/2010,LGB,CA,AWP,WE,Towers with Radar,87,20,119,1,227,0,10,230,0,240,87,30,349,1,467,471,0,471,938
10/22/2010,LGB,CA,AWP,WE,Towers with Radar,86,12,66,2,166,0,0,94,1,95,86,12,160,3,261,122,0,122,383
10/23/2010,LGB,CA,AWP,WE,Towers with Radar,59,9,88,7,163,4,3,136,1,144,63,12,224,8,307,248,0,248,555
10/24/2010,LGB,CA,AWP,WE,Towers with Radar,82,14,94,0,190,0,0,197,0,197,82,14,291,0,387,341,0,341,728
10/25/2010,LGB,CA,AWP,WE,Towers with Radar,87,19,100,0,206,0,13,174,1,188,87,32,274,1,394,313,0,313,707
10/26/2010,LGB,CA,AWP,WE,Towers with Radar,77,22,88,0,187,0,11,314,1,326,77,33,402,1,513,344,0,344,857
10/27/2010,LGB,CA,AWP,WE,Towers with Radar,84,20,68,1,173,0,11,312,1,324,84,31,380,2,497,328,0,328,825
10/28/2010,LGB,CA,AWP,WE,Towers with Radar,86,14,93,0,193,0,17,375,0,392,86,31,468,0,585,530,0,530,1115
10/29/2010,LGB,CA,AWP,WE,Towers with Radar,88,12,57,0,157,0,5,336,0,341,88,17,393,0,498,382,0,382,880
10/30/2010,LGB,CA,AWP,WE,Towers with Radar,62,9,49,0,120,0,4,258,0,262,62,13,307,0,382,473,0,473,855
10/31/2010,LGB,CA,AWP,WE,Towers with Radar,81,17,53,0,151,0,5,193,0,198,81,22,246,0,349,415,0,415,764
11/01/2010,LGB,CA,AWP,WE,Towers with Radar,73,12,73,0,158,0,14,217,1,232,73,26,290,1,390,333,0,333,723
11/02/2010,LGB,CA,AWP,WE,Towers with Radar,68,11,65,0,144,0,16,326,0,342,68,27,391,0,486,487,0,487,973
11/03/2010,LGB,CA,AWP,WE,Towers with Radar,77,17,64,1,159,0,11,346,0,357,77,28,410,1,516,411,0,411,927
11/04/2010,LGB,CA,AWP,WE,Towers with Radar,80,16,67,1,164,0,9,320,0,329,80,25,387,1,493,494,0,494,987
11/05/2010,LGB,CA,AWP,WE,Towers with Radar,91,18,77,1,187,0,5,297,0,302,91,23,374,1,489,456,0,456,945
11/06/2010,LGB,CA,AWP,WE,Towers with Radar,64,14,59,2,139,0,4,221,0,225,64,18,280,2,364,371,0,371,735
11/07/2010,LGB,CA,AWP,WE,Towers with Radar,83,15,85,0,183,0,1,201,0,202,83,16,286,0,385,386,0,386,771
11/08/2010,LGB,CA,AWP,WE,Towers with Radar,76,32,75,2,185,0,11,208,0,219,76,43,283,2,404,206,1,207,611
11/09/2010,LGB,CA,AWP,WE,Towers with Radar,66,18,117,0,201,0,18,433,1,452,66,36,550,1,653,510,0,510,1163
11/10/2010,LGB,CA,AWP,WE,Towers with Radar,75,9,108,0,192,0,10,376,0,386,75,19,484,0,578,13,0,13,591
11/11/2010,LGB,CA,AWP,WE,Towers with Radar,81,14,148,1,244,0,17,720,1,738,81,31,868,2,982,15,0,15,997
11/12/2010,LGB,CA,AWP,WE,Towers with Radar,87,9,190,0,286,0,10,775,0,785,87,19,965,0,1071,24,0,24,1095
11/13/2010,LGB,CA,AWP,WE,Towers with Radar,61,5,134,0,200,3,6,673,0,682,64,11,807,0,882,12,0,12,894
11/14/2010,LGB,CA,AWP,WE,Towers with Radar,83,8,96,0,187,0,4,492,0,496,83,12,588,0,683,80,0,80,763
11/15/2010,LGB,CA,AWP,WE,Towers with Radar,72,15,87,0,174,0,13,255,0,268,72,28,342,0,442,446,0,446,888
11/16/2010,LGB,CA,AWP,WE,Towers with Radar,66,11,96,1,174,0,7,212,1,220,66,18,308,2,394,331,0,331,725
11/17/2010,LGB,CA,AWP,WE,Towers with Radar,76,15,94,5,190,0,12,275,0,287,76,27,369,5,477,368,0,368,845
11/18/2010,LGB,CA,AWP,WE,Towers with Radar,80,18,105,0,203,0,14,393,0,407,80,32,498,0,610,514,0,514,1124
11/19/2010,LGB,CA,AWP,WE,Towers with Radar,87,19,104,4,214,0,12,209,4,225,87,31,313,8,439,561,0,561,1000
11/20/2010,LGB,CA,AWP,WE,Towers with Radar,73,10,82,0,165,0,0,59,0,59,73,10,141,0,224,52,0,52,276
11/21/2010,LGB,CA,AWP,WE,Towers with Radar,79,15,62,2,158,0,3,120,1,124,79,18,182,3,282,194,0,194,476
11/22/2010,LGB,CA,AWP,WE,Towers with Radar,83,14,80,2,179,0,12,211,0,223,83,26,291,2,402,401,0,401,803
11/23/2010,LGB,CA,AWP,WE,Towers with Radar,79,13,79,1,172,0,9,204,0,213,79,22,283,1,385,383,0,383,768
11/24/2010,LGB,CA,AWP,WE,Towers with Radar,89,19,76,1,185,0,8,272,0,280,89,27,348,1,465,361,0,361,826
11/25/2010,LGB,CA,AWP,WE,Towers with Radar,61,9,16,0,86,0,2,115,0,117,61,11,131,0,203,214,0,214,417
11/26/2010,LGB,CA,AWP,WE,Towers with Radar,82,9,53,1,145,0,16,243,4,263,82,25,296,5,408,332,0,332,740
11/27/2010,LGB,CA,AWP,WE,Towers with Radar,77,17,63,0,157,0,4,236,0,240,77,21,299,0,397,298,0,298,695
11/28/2010,LGB,CA,AWP,WE,Towers with Radar,87,14,83,0,184,0,0,122,0,122,87,14,205,0,306,132,0,132,438
11/29/2010,LGB,CA,AWP,WE,Towers with Radar,84,14,76,0,174,0,8,189,0,197,84,22,265,0,371,274,0,274,645
11/30/2010,LGB,CA,AWP,WE,Towers with Radar,79,17,78,1,175,0,4,317,0,321,79,21,395,1,496,376,0,376,872
12/01/2010,LGB,CA,AWP,WE,Towers with Radar,82,10,88,2,182,0,10,191,0,201,82,20,279,2,383,393,0,393,776
12/02/2010,LGB,CA,AWP,WE,Towers with Radar,81,13,89,0,183,0,8,363,2,373,81,21,452,2,556,572,0,572,1128
12/03/2010,LGB,CA,AWP,WE,Towers with Radar,84,23,80,0,187,0,8,285,0,293,84,31,365,0,480,490,0,490,970
12/04/2010,LGB,CA,AWP,WE,Towers with Radar,66,4,66,0,136,0,11,300,0,311,66,15,366,0,447,546,0,546,993
12/05/2010,LGB,CA,AWP,WE,Towers with Radar,80,9,64,1,154,0,3,159,0,162,80,12,223,1,316,332,0,332,648
12/06/2010,LGB,CA,AWP,WE,Towers with Radar,81,12,57,1,151,0,8,183,0,191,81,20,240,1,342,489,0,489,831
12/07/2010,LGB,CA,AWP,WE,Towers with Radar,69,12,81,6,168,0,13,325,3,341,69,25,406,9,509,398,0,398,907
12/08/2010,LGB,CA,AWP,WE,Towers with Radar,79,17,75,2,173,0,11,350,1,362,79,28,425,3,535,512,0,512,1047
12/09/2010,LGB,CA,AWP,WE,Towers with Radar,79,27,71,9,186,0,8,408,3,419,79,35,479,12,605,549,0,549,1154
12/10/2010,LGB,CA,AWP,WE,Towers with Radar,84,21,106,6,217,0,3,125,0,128,84,24,231,6,345,162,0,162,507
12/11/2010,LGB,CA,AWP,WE,Towers with Radar,61,6,43,0,110,0,0,4,252,256,61,6,47,252,366,400,0,400,766
12/12/2010,LGB,CA,AWP,WE,Towers with Radar,81,8,52,1,142,0,1,209,0,210,81,9,261,1,352,327,0,327,679
12/13/2010,LGB,CA,AWP,WE,Towers with Radar,83,19,65,1,168,0,1,191,0,192,83,20,256,1,360,358,0,358,718
12/14/2010,LGB,CA,AWP,WE,Towers with Radar,72,18,145,7,242,0,2,51,2,55,72,20,196,9,297,104,0,104,401
12/15/2010,LGB,CA,AWP,WE,Towers with Radar,77,24,76,14,191,0,0,84,0,84,77,24,160,14,275,123,0,123,398
12/16/2010,LGB,CA,AWP,WE,Towers with Radar,89,14,80,0,183,0,11,292,0,303,89,25,372,0,486,641,0,641,1127
12/17/2010,LGB,CA,AWP,WE,Towers with Radar,84,14,79,0,177,0,0,38,2,40,84,14,117,2,217,18,2,20,237
12/18/2010,LGB,CA,AWP,WE,Towers with Radar,71,12,54,1,138,0,0,10,0,10,71,12,64,1,148,26,0,26,174
12/19/2010,LGB,CA,AWP,WE,Towers with Radar,78,8,36,1,123,0,0,6,0,6,78,8,42,1,129,4,0,4,133
12/20/2010,LGB,CA,AWP,WE,Towers with Radar,84,14,46,0,144,0,0,16,0,16,84,14,62,0,160,22,0,22,182
12/21/2010,LGB,CA,AWP,WE,Towers with Radar,86,17,48,0,151,0,1,32,0,33,86,18,80,0,184,72,0,72,256
12/22/2010,LGB,CA,AWP,WE,Towers with Radar,88,24,40,0,152,0,0,39,0,39,88,24,79,0,191,30,0,30,221
12/23/2010,LGB,CA,AWP,WE,Towers with Radar,88,23,64,1,176,0,15,222,0,237,88,38,286,1,413,225,0,225,638
12/24/2010,LGB,CA,AWP,WE,Towers with Radar,79,14,51,0,144,0,6,227,0,233,79,20,278,0,377,284,0,284,661
12/25/2010,LGB,CA,AWP,WE,Towers with Radar,73,8,23,0,104,0,1,20,0,21,73,9,43,0,125,106,0,106,231
12/26/2010,LGB,CA,AWP,WE,Towers with Radar,73,13,62,2,150,0,2,208,0,210,73,15,270,2,360,230,0,230,590
12/27/2010,LGB,CA,AWP,WE,Towers with Radar,74,8,76,2,160,0,6,219,0,225,74,14,295,2,385,339,0,339,724
12/28/2010,LGB,CA,AWP,WE,Towers with Radar,72,9,91,1,173,0,9,357,2,368,72,18,448,3,541,379,0,379,920
12/29/2010,LGB,CA,AWP,WE,Towers with Radar,76,5,43,0,124,0,5,77,0,82,76,10,120,0,206,112,0,112,318
12/30/2010,LGB,CA,AWP,WE,Towers with Radar,88,13,78,0,179,0,12,361,0,373,88,25,439,0,552,458,0,458,1010
12/31/2010,LGB,CA,AWP,WE,Towers with Radar,76,12,70,1,159,0,4,524,1,529,76,16,594,2,688,475,0,475,1163
01/01/2011,LGB,CA,AWP,WE,Towers with Radar,76,9,53,0,138,0,5,182,0,187,76,14,235,0,325,117,0,117,442
01/02/2011,LGB,CA,AWP,WE,Towers with Radar,76,13,63,0,152,0,1,77,0,78,76,14,140,0,230,144,0,144,374
01/03/2011,LGB,CA,AWP,WE,Towers with Radar,80,13,41,1,135,0,5,84,1,90,80,18,125,2,225,149,0,149,374
01/04/2011,LGB,CA,AWP,WE,Towers with Radar,76,8,69,0,153,0,43,203,0,246,76,51,272,0,399,382,0,382,781
01/05/2011,LGB,CA,AWP,WE,Towers with Radar,66,20,99,0,185,0,10,383,0,393,66,30,482,0,578,512,0,512,1090
01/06/2011,LGB,CA,AWP,WE,Towers with Radar,83,12,71,1,167,0,15,362,0,377,83,27,433,1,544,0,0,0,544
01/07/2011,LGB,CA,AWP,WE,Towers with Radar,81,13,74,1,169,0,2,324,1,327,81,15,398,2,496,367,0,367,863
01/08/2011,LGB,CA,AWP,WE,Towers with Radar,59,14,110,1,184,0,0,345,0,345,59,14,455,1,529,387,0,387,916
01/09/2011,LGB,CA,AWP,WE,Towers with Radar,69,12,73,0,154,0,0,165,1,166,69,12,238,1,320,315,0,315,635
01/10/2011,LGB,CA,AWP,WE,Towers with Radar,77,11,80,0,168,0,12,213,0,225,77,23,293,0,393,327,0,327,720
01/11/2011,LGB,CA,AWP,WE,Towers with Radar,66,13,77,1,157,0,12,263,0,275,66,25,340,1,432,408,0,408,840
01/12/2011,LGB,CA,AWP,WE,Towers with Radar,65,12,89,2,168,0,12,286,1,299,65,24,375,3,467,490,2,492,959
01/13/2011,LGB,CA,AWP,WE,Towers with Radar,76,13,75,2,166,0,15,399,0,414,76,28,474,2,580,553,0,553,1133
01/14/2011,LGB,CA,AWP,WE,Towers with Radar,83,12,86,0,181,0,4,265,0,269,83,16,351,0,450,571,0,571,1021
01/15/2011,LGB,CA,AWP,WE,Towers with Radar,59,14,55,0,128,0,0,29,0,29,59,14,84,0,157,429,0,429,586
01/16/2011,LGB,CA,AWP,WE,Towers with Radar,76,12,73,0,161,0,0,326,0,326,76,12,399,0,487,392,0,392,879
01/17/2011,LGB,CA,AWP,WE,Towers with Radar,79,18,89,0,186,0,6,271,0,277,79,24,360,0,463,456,0,456,919
01/18/2011,LGB,CA,AWP,WE,Towers with Radar,64,11,93,1,169,0,13,267,1,281,64,24,360,2,450,554,0,554,1004
01/19/2011,LGB,CA,AWP,WE,Towers with Radar,67,22,145,4,238,0,4,106,0,110,67,26,251,4,348,272,0,272,620
01/20/2011,LGB,CA,AWP,WE,Towers with Radar,77,15,106,0,198,0,6,298,0,304,77,21,404,0,502,466,0,466,968
01/21/2011,LGB,CA,AWP,WE,Towers with Radar,79,13,90,0,182,0,8,395,0,403,79,21,485,0,585,605,0,605,1190
01/22/2011,LGB,CA,AWP,WE,Towers with Radar,50,10,84,4,148,0,3,278,0,281,50,13,362,4,429,486,0,486,915
01/23/2011,LGB,CA,AWP,WE,Towers with Radar,74,19,66,2,161,0,3,138,0,141,74,22,204,2,302,230,0,230,532
01/24/2011,LGB,CA,AWP,WE,Towers with Radar,75,20,59,4,158,0,9,225,0,234,75,29,284,4,392,480,0,480,872
01/25/2011,LGB,CA,AWP,WE,Towers with Radar,64,16,58,2,140,0,7,340,0,347,64,23,398,2,487,582,0,582,1069
01/26/2011,LGB,CA,AWP,WE,Towers with Radar,68,15,91,1,175,0,19,475,1,495,68,34,566,2,670,595,0,595,1265
01/27/2011,LGB,CA,AWP,WE,Towers with Radar,79,24,85,3,191,0,9,357,1,367,79,33,442,4,558,488,0,488,1046
01/28/2011,LGB,CA,AWP,WE,Towers with Radar,79,13,91,0,183,0,7,326,0,333,79,20,417,0,516,504,0,504,1020
01/29/2011,LGB,CA,AWP,WE,Towers with Radar,59,11,72,0,142,0,1,227,1,229,59,12,299,1,371,248,0,248,619
01/30/2011,LGB,CA,AWP,WE,Towers with Radar,76,14,52,1,143,0,2,71,0,73,76,16,123,1,216,264,0,264,480
01/31/2011,LGB,CA,AWP,WE,Towers with Radar,75,15,59,1,150,0,11,215,0,226,75,26,274,1,376,431,0,431,807
02/01/2011,LGB,CA,AWP,WE,Towers with Radar,65,16,88,1,170,0,3,203,0,206,65,19,291,1,376,402,0,402,778
02/02/2011,LGB,CA,AWP,WE,Towers with Radar,72,12,55,0,139,0,9,195,0,204,72,21,250,0,343,301,0,301,644
02/03/2011,LGB,CA,AWP,WE,Towers with Radar,86,14,85,1,186,0,14,254,2,270,86,28,339,3,456,374,0,374,830
02/04/2011,LGB,CA,AWP,WE,Towers with Radar,83,14,120,1,218,0,10,299,0,309,83,24,419,1,527,460,0,460,987
02/05/2011,LGB,CA,AWP,WE,Towers with Radar,69,9,64,4,146,0,1,230,0,231,69,10,294,4,377,440,0,440,817
02/06/2011,LGB,CA,AWP,WE,Towers with Radar,77,14,72,2,165,0,0,120,0,120,77,14,192,2,285,202,0,202,487
02/07/2011,LGB,CA,AWP,WE,Towers with Radar,84,15,74,6,179,0,5,179,0,184,84,20,253,6,363,321,0,321,684
02/08/2011,LGB,CA,AWP,WE,Towers with Radar,65,16,76,2,159,0,13,218,0,231,65,29,294,2,390,526,0,526,916
02/09/2011,LGB,CA,AWP,WE,Towers with Radar,70,9,69,2,150,0,9,217,0,226,70,18,286,2,376,371,0,371,747
02/10/2011,LGB,CA,AWP,WE,Towers with Radar,81,12,88,3,184,0,8,290,0,298,81,20,378,3,482,400,0,400,882
02/11/2011,LGB,CA,AWP,WE,Towers with Radar,81,13,91,0,185,0,10,262,0,272,81,23,353,0,457,411,0,411,868
02/12/2011,LGB,CA,AWP,WE,Towers with Radar,65,12,82,3,162,0,6,346,0,352,65,18,428,3,514,447,0,447,961
02/13/2011,LGB,CA,AWP,WE,Towers with Radar,75,19,83,5,182,0,2,293,0,295,75,21,376,5,477,363,0,363,840
02/14/2011,LGB,CA,AWP,WE,Towers with Radar,76,11,69,1,157,0,9,201,0,210,76,20,270,1,367,289,0,289,656
02/15/2011,LGB,CA,AWP,WE,Towers with Radar,67,24,115,0,206,0,5,194,0,199,67,29,309,0,405,402,0,402,807
02/16/2011,LGB,CA,AWP,WE,Towers with Radar,72,13,82,3,170,0,11,101,1,113,72,24,183,4,283,151,0,151,434
02/17/2011,LGB,CA,AWP,WE,Towers with Radar,82,19,86,0,187,0,14,254,0,268,82,33,340,0,455,456,0,456,911
02/18/2011,LGB,CA,AWP,WE,Towers with Radar,108,11,64,2,185,0,6,103,0,109,108,17,167,2,294,214,0,214,508
02/19/2011,LGB,CA,AWP,WE,Towers with Radar,73,7,61,0,141,0,7,151,0,158,73,14,212,0,299,209,0,209,508
02/20/2011,LGB,CA,AWP,WE,Towers with Radar,82,16,79,0,177,0,0,213,0,213,82,16,292,0,390,391,0,391,781
02/21/2011,LGB,CA,AWP,WE,Towers with Radar,80,13,67,0,160,0,15,219,0,234,80,28,286,0,394,442,0,442,836
02/22/2011,LGB,CA,AWP,WE,Towers with Radar,76,17,47,0,140,0,12,274,0,286,76,29,321,0,426,316,0,316,742
02/23/2011,LGB,CA,AWP,WE,Towers with Radar,76,14,98,0,188,0,17,271,0,288,76,31,369,0,476,501,0,501,977
02/24/2011,LGB,CA,AWP,WE,Towers with Radar,84,18,117,0,219,0,5,238,0,243,84,23,355,0,462,552,0,552,1014
02/25/2011,LGB,CA,AWP,WE,Towers with Radar,82,16,66,3,167,0,10,127,2,139,82,26,193,5,306,388,2,390,696
02/26/2011,LGB,CA,AWP,WE,Towers with Radar,67,10,38,2,117,0,2,137,2,141,67,12,175,4,258,281,0,281,539
02/27/2011,LGB,CA,AWP,WE,Towers with Radar,78,16,57,1,152,0,2,233,1,236,78,18,290,2,388,420,0,420,808
02/28/2011,LGB,CA,AWP,WE,Towers with Radar,81,33,76,0,190,0,11,275,0,286,81,44,351,0,476,561,0,561,1037
03/01/2011,LGB,CA,AWP,WE,Towers with Radar,68,21,103,0,192,0,18,314,0,332,68,39,417,0,524,614,0,614,1138
03/02/2011,LGB,CA,AWP,WE,Towers with Radar,68,30,103,3,204,0,11,267,0,278,68,41,370,3,482,693,0,693,1175
03/03/2011,LGB,CA,AWP,WE,Towers with Radar,80,21,112,2,215,0,5,270,1,276,80,26,382,3,491,671,0,671,1162
03/04/2011,LGB,CA,AWP,WE,Towers with Radar,81,41,100,2,224,0,6,339,2,347,81,47,439,4,571,525,0,525,1096
03/05/2011,LGB,CA,AWP,WE,Towers with Radar,63,10,82,0,155,0,4,356,0,360,63,14,438,0,515,514,0,514,1029
03/06/2011,LGB,CA,AWP,WE,Towers with Radar,82,12,80,0,174,0,1,141,0,142,82,13,221,0,316,276,0,276,592
03/07/2011,LGB,CA,AWP,WE,Towers with Radar,80,10,46,0,136,0,11,90,0,101,80,21,136,0,237,336,0,336,573
03/08/2011,LGB,CA,AWP,WE,Towers with Radar,62,14,93,0,169,0,10,265,0,275,62,24,358,0,444,563,0,563,1007
03/09/2011,LGB,CA,AWP,WE,Towers with Radar,65,19,89,1,174,0,44,282,1,327,65,63,371,2,501,572,0,572,1073
03/10/2011,LGB,CA,AWP,WE,Towers with Radar,82,21,84,1,188,0,6,364,0,370,82,27,448,1,558,693,0,693,1251
03/11/2011,LGB,CA,AWP,WE,Towers with Radar,82,12,85,4,183,0,12,238,5,255,82,24,323,9,438,429,0,429,867
03/12/2011,LGB,CA,AWP,WE,Towers with Radar,63,11,82,6,162,0,10,309,0,319,63,21,391,6,481,516,0,516,997
03/13/2011,LGB,CA,AWP,WE,Towers with Radar,77,10,75,0,162,0,7,180,0,187,77,17,255,0,349,328,0,328,677
03/14/2011,LGB,CA,AWP,WE,Towers with Radar,80,20,70,1,171,0,14,211,0,225,80,34,281,1,396,440,1,441,837
03/15/2011,LGB,CA,AWP,WE,Towers with Radar,62,18,91,0,171,0,12,283,0,295,62,30,374,0,466,562,0,562,1028
03/16/2011,LGB,CA,AWP,WE,Towers with Radar,64,15,85,0,164,0,7,181,0,188,64,22,266,0,352,114,0,114,466
03/17/2011,LGB,CA,AWP,WE,Towers with Radar,84,17,71,0,172,0,13,277,0,290,84,30,348,0,462,388,0,388,850
03/18/2011,LGB,CA,AWP,WE,Towers with Radar,82,11,64,0,157,0,18,279,0,297,82,29,343,0,454,459,0,459,913
03/19/2011,LGB,CA,AWP,WE,Towers with Radar,64,10,74,0,148,0,6,163,0,169,64,16,237,0,317,324,0,324,641
03/20/2011,LGB,CA,AWP,WE,Towers with Radar,78,13,35,0,126,0,0,17,0,17,78,13,52,0,143,22,0,22,165
03/21/2011,LGB,CA,AWP,WE,Towers with Radar,80,16,35,0,131,0,10,149,0,159,80,26,184,0,290,289,0,289,579
03/22/2011,LGB,CA,AWP,WE,Towers with Radar,67,13,86,1,167,0,18,281,5,304,67,31,367,6,471,450,0,450,921
03/23/2011,LGB,CA,AWP,WE,Towers with Radar,66,14,84,0,164,0,16,213,0,229,66,30,297,0,393,349,0,349,742
03/24/2011,LGB,CA,AWP,WE,Towers with Radar,83,13,100,0,196,0,13,244,0,257,83,26,344,0,453,480,0,480,933
03/25/2011,LGB,CA,AWP,WE,Towers with Radar,86,16,66,0,168,0,12,238,0,250,86,28,304,0,418,462,0,462,880
03/26/2011,LGB,CA,AWP,WE,Towers with Radar,66,7,70,2,145,0,7,155,0,162,66,14,225,2,307,334,0,334,641
03/27/2011,LGB,CA,AWP,WE,Towers with Radar,78,18,79,2,177,0,2,101,1,104,78,20,180,3,281,282,0,282,563
03/28/2011,LGB,CA,AWP,WE,Towers with Radar,79,41,355,0,475,0,0,0,0,0,79,41,355,0,475,476,0,476,951
03/29/2011,LGB,CA,AWP,WE,Towers with Radar,65,15,70,0,150,0,4,231,0,235,65,19,301,0,385,431,0,431,816
03/30/2011,LGB,CA,AWP,WE,Towers with Radar,67,16,113,0,196,0,8,377,0,385,67,24,490,0,581,502,0,502,1083
03/31/2011,LGB,CA,AWP,WE,Towers with Radar,82,18,88,0,188,0,18,258,1,277,82,36,346,1,465,459,0,459,924
04/01/2011,LGB,CA,AWP,WE,Towers with Radar,87,12,77,0,176,0,7,289,0,296,87,19,366,0,472,423,0,423,895
04/02/2011,LGB,CA,AWP,WE,Towers with Radar,57,14,81,1,153,0,7,112,1,120,57,21,193,2,273,230,0,230,503
04/03/2011,LGB,CA,AWP,WE,Towers with Radar,77,24,69,0,170,0,2,145,0,147,77,26,214,0,317,232,0,232,549
04/04/2011,LGB,CA,AWP,WE,Towers with Radar,78,19,50,0,147,0,8,207,0,215,78,27,257,0,362,359,0,359,721
04/05/2011,LGB,CA,AWP,WE,Towers with Radar,65,21,103,0,189,0,6,271,0,277,65,27,374,0,466,595,0,595,1061
04/06/2011,LGB,CA,AWP,WE,Towers with Radar,68,13,86,0,167,0,8,276,0,284,68,21,362,0,451,539,0,539,990
04/07/2011,LGB,CA,AWP,WE,Towers with Radar,83,20,51,0,154,0,3,140,1,144,83,23,191,1,298,240,0,240,538
04/08/2011,LGB,CA,AWP,WE,Towers with Radar,83,10,71,7,171,0,8,242,0,250,83,18,313,7,421,411,0,411,832
04/09/2011,LGB,CA,AWP,WE,Towers with Radar,56,13,50,8,127,0,7,218,1,226,56,20,268,9,353,499,0,499,852
04/10/2011,LGB,CA,AWP,WE,Towers with Radar,81,13,58,6,158,0,2,190,0,192,81,15,248,6,350,250,0,250,600
04/11/2011,LGB,CA,AWP,WE,Towers with Radar,80,21,66,0,167,0,16,213,0,229,80,37,279,0,396,276,0,276,672
04/12/2011,LGB,CA,AWP,WE,Towers with Radar,68,17,85,0,170,0,10,226,1,237,68,27,311,1,407,564,0,564,971
04/13/2011,LGB,CA,AWP,WE,Towers with Radar,69,20,110,2,201,0,6,292,0,298,69,26,402,2,499,517,0,517,1016
04/14/2011,LGB,CA,AWP,WE,Towers with Radar,83,12,129,0,224,0,14,296,6,316,83,26,425,6,540,543,0,543,1083
04/15/2011,LGB,CA,AWP,WE,Towers with Radar,85,15,91,2,193,0,6,295,1,302,85,21,386,3,495,527,0,527,1022
04/16/2011,LGB,CA,AWP,WE,Towers with Radar,63,10,71,1,145,1,0,289,0,290,64,10,360,1,435,513,0,513,948
04/17/2011,LGB,CA,AWP,WE,Towers with Radar,72,15,110,0,197,0,0,166,0,166,72,15,276,0,363,120,0,120,483
04/18/2011,LGB,CA,AWP,WE,Towers with Radar,74,11,91,2,178,0,5,140,2,147,74,16,231,4,325,489,0,489,814
04/19/2011,LGB,CA,AWP,WE,Towers with Radar,74,17,95,1,187,0,13,236,0,249,74,30,331,1,436,519,0,519,955
04/20/2011,LGB,CA,AWP,WE,Towers with Radar,33,8,162,1,204,0,0,0,0,0,33,8,162,1,204,320,0,320,524
04/21/2011,LGB,CA,AWP,WE,Towers with Radar,82,11,83,1,177,0,5,148,0,153,82,16,231,1,330,321,0,321,651
04/22/2011,LGB,CA,AWP,WE,Towers with Radar,80,13,61,2,156,0,12,252,0,264,80,25,313,2,420,521,0,521,941
04/23/2011,LGB,CA,AWP,WE,Towers with Radar,63,14,71,0,148,0,7,210,10,227,63,21,281,10,375,479,0,479,854
04/24/2011,LGB,CA,AWP,WE,Towers with Radar,80,10,58,0,148,0,2,60,0,62,80,12,118,0,210,122,0,122,332
04/25/2011,LGB,CA,AWP,WE,Towers with Radar,75,18,64,2,159,0,1,238,0,239,75,19,302,2,398,533,0,533,931
04/26/2011,LGB,CA,AWP,WE,Towers with Radar,75,16,87,1,179,0,13,255,0,268,75,29,342,1,447,556,0,556,1003
04/27/2011,LGB,CA,AWP,WE,Towers with Radar,74,23,78,2,177,0,10,303,0,313,74,33,381,2,490,568,0,568,1058
04/28/2011,LGB,CA,AWP,WE,Towers with Radar,81,13,111,0,205,0,18,345,0,363,81,31,456,0,568,404,0,404,972
04/29/2011,LGB,CA,AWP,WE,Towers with Radar,82,13,93,0,188,0,9,312,0,321,82,22,405,0,509,424,0,424,933
04/30/2011,LGB,CA,AWP,WE,Towers with Radar,62,12,75,0,149,0,4,251,0,255,62,16,326,0,404,468,0,468,872
05/01/2011,LGB,CA,AWP,WE,Towers with Radar,75,14,75,0,164,0,4,210,0,214,75,18,285,0,378,448,0,448,826
05/02/2011,LGB,CA,AWP,WE,Towers with Radar,80,13,84,0,177,0,10,254,0,264,80,23,338,0,441,416,0,416,857
05/03/2011,LGB,CA,AWP,WE,Towers with Radar,66,14,69,0,149,0,16,277,0,293,66,30,346,0,442,626,0,626,1068
05/04/2011,LGB,CA,AWP,WE,Towers with Radar,76,12,70,4,162,0,17,346,0,363,76,29,416,4,525,372,0,372,897
05/05/2011,LGB,CA,AWP,WE,Towers with Radar,83,13,99,2,197,0,12,255,0,267,83,25,354,2,464,484,0,484,948
05/06/2011,LGB,CA,AWP,WE,Towers with Radar,81,13,77,1,172,0,6,264,2,272,81,19,341,3,444,456,0,456,900
05/07/2011,LGB,CA,AWP,WE,Towers with Radar,68,9,103,0,180,0,3,144,0,147,68,12,247,0,327,381,0,381,708
05/08/2011,LGB,CA,AWP,WE,Towers with Radar,81,9,65,1,156,0,1,120,0,121,81,10,185,1,277,144,0,144,421
05/09/2011,LGB,CA,AWP,WE,Towers with Radar,80,13,87,2,182,0,8,172,0,180,80,21,259,2,362,216,0,216,578
05/10/2011,LGB,CA,AWP,WE,Towers with Radar,73,17,101,0,191,0,11,298,0,309,73,28,399,0,500,390,2,392,892
05/11/2011,LGB,CA,AWP,WE,Towers with Radar,77,17,51,0,145,0,14,245,1,260,77,31,296,1,405,461,0,461,866
05/12/2011,LGB,CA,AWP,WE,Towers with Radar,80,14,55,1,150,0,17,474,0,491,80,31,529,1,641,611,0,611,1252
05/13/2011,LGB,CA,AWP,WE,Towers with Radar,82,18,77,3,180,0,6,239,0,245,82,24,316,3,425,401,0,401,826
05/14/2011,LGB,CA,AWP,WE,Towers with Radar,66,13,59,8,146,0,6,250,0,256,66,19,309,8,402,515,0,515,917
05/15/2011,LGB,CA,AWP,WE,Towers with Radar,74,14,55,1,144,0,2,118,0,120,74,16,173,1,264,194,0,194,458
05/16/2011,LGB,CA,AWP,WE,Towers with Radar,79,14,102,0,195,0,13,200,1,214,79,27,302,1,409,291,0,291,700
05/17/2011,LGB,CA,AWP,WE,Towers with Radar,74,15,76,0,165,0,11,134,0,145,74,26,210,0,310,136,0,136,446
05/18/2011,LGB,CA,AWP,WE,Towers with Radar,76,14,64,0,154,0,0,199,0,199,76,14,263,0,353,226,0,226,579
05/19/2011,LGB,CA,AWP,WE,Towers with Radar,83,19,80,4,186,0,12,249,0,261,83,31,329,4,447,394,0,394,841
05/20/2011,LGB,CA,AWP,WE,Towers with Radar,82,15,80,11,188,0,11,325,1,337,82,26,405,12,525,392,0,392,917
05/21/2011,LGB,CA,AWP,WE,Towers with Radar,67,11,65,7,150,0,0,196,5,201,67,11,261,12,351,420,0,420,771
05/22/2011,LGB,CA,AWP,WE,Towers with Radar,77,12,86,5,180,0,3,117,0,120,77,15,203,5,300,443,0,443,743
05/23/2011,LGB,CA,AWP,WE,Towers with Radar,81,13,62,3,159,0,9,159,1,169,81,22,221,4,328,331,0,331,659
05/24/2011,LGB,CA,AWP,WE,Towers with Radar,73,18,80,2,173,0,18,300,2,320,73,36,380,4,493,533,0,533,1026
05/25/2011,LGB,CA,AWP,WE,Towers with Radar,73,19,125,1,218,0,9,266,0,275,73,28,391,1,493,482,0,482,975
05/26/2011,LGB,CA,AWP,WE,Towers with Radar,85,22,112,1,220,0,9,264,1,274,85,31,376,2,494,455,0,455,949
05/27/2011,LGB,CA,AWP,WE,Towers with Radar,76,15,90,3,184,0,18,316,0,334,76,33,406,3,518,400,0,400,918
05/28/2011,LGB,CA,AWP,WE,Towers with Radar,68,9,73,0,150,0,3,206,0,209,68,12,279,0,359,344,0,344,703
05/29/2011,LGB,CA,AWP,WE,Towers with Radar,80,11,46,4,141,0,0,115,1,116,80,11,161,5,257,158,0,158,415
05/30/2011,LGB,CA,AWP,WE,Towers with Radar,74,10,83,0,167,0,2,234,0,236,74,12,317,0,403,337,0,337,740
05/31/2011,LGB,CA,AWP,WE,Towers with Radar,79,20,89,5,193,0,13,241,0,254,79,33,330,5,447,278,0,278,725
06/01/2011,LGB,CA,AWP,WE,Towers with Radar,80,27,68,4,179,0,18,243,0,261,80,45,311,4,440,229,0,229,669
06/02/2011,LGB,CA,AWP,WE,Towers with Radar,89,20,83,0,192,0,17,269,0,286,89,37,352,0,478,404,0,404,882
06/03/2011,LGB,CA,AWP,WE,Towers with Radar,82,24,50,1,157,0,10,289,1,300,82,34,339,2,457,322,0,322,779
06/04/2011,LGB,CA,AWP,WE,Towers with Radar,69,9,55,0,133,0,1,273,0,274,69,10,328,0,407,265,0,265,672
06/05/2011,LGB,CA,AWP,WE,Towers with Radar,84,10,60,0,154,0,3,161,0,164,84,13,221,0,318,249,0,249,567
06/06/2011,LGB,CA,AWP,WE,Towers with Radar,80,16,85,2,183,0,14,283,30,327,80,30,368,32,510,409,0,409,919
06/07/2011,LGB,CA,AWP,WE,Towers with Radar,80,27,94,0,201,0,9,269,1,279,80,36,363,1,480,373,0,373,853
06/08/2011,LGB,CA,AWP,WE,Towers with Radar,80,22,91,0,193,0,10,182,0,192,80,32,273,0,385,384,0,384,769
06/09/2011,LGB,CA,AWP,WE,Towers with Radar,90,11,121,1,223,0,7,199,0,206,90,18,320,1,429,390,0,390,819
06/10/2011,LGB,CA,AWP,WE,Towers with Radar,75,6,71,6,158,0,10,204,3,217,75,16,275,9,375,415,0,415,790
06/11/2011,LGB,CA,AWP,WE,Towers with Radar,76,8,79,0,163,0,1,155,0,156,76,9,234,0,319,330,0,330,649
06/12/2011,LGB,CA,AWP,WE,Towers with Radar,84,3,74,0,161,7,156,1,0,164,91,159,75,0,325,358,0,358,683
06/13/2011,LGB,CA,AWP,WE,Towers with Radar,81,13,68,0,162,0,14,149,1,164,81,27,217,1,326,388,0,388,714
06/14/2011,LGB,CA,AWP,WE,Towers with Radar,81,10,102,1,194,0,11,224,2,237,81,21,326,3,431,334,0,334,765
06/15/2011,LGB,CA,AWP,WE,Towers with Radar,82,27,97,0,206,0,54,213,0,267,82,81,310,0,473,321,0,321,794
06/16/2011,LGB,CA,AWP,WE,Towers with Radar,89,13,110,4,216,0,4,176,0,180,89,17,286,4,396,305,0,305,701
06/17/2011,LGB,CA,AWP,WE,Towers with Radar,90,9,74,3,176,0,23,195,2,220,90,32,269,5,396,352,0,352,748
06/18/2011,LGB,CA,AWP,WE,Towers with Radar,83,8,71,1,163,0,1,164,0,165,83,9,235,1,328,267,0,267,595
06/19/2011,LGB,CA,AWP,WE,Towers with Radar,86,11,81,0,178,0,2,166,0,168,86,13,247,0,346,268,0,268,614
06/20/2011,LGB,CA,AWP,WE,Towers with Radar,83,11,81,1,176,0,8,141,0,149,83,19,222,1,325,359,0,359,684
06/21/2011,LGB,CA,AWP,WE,Towers with Radar,86,9,91,0,186,0,6,238,0,244,86,15,329,0,430,360,0,360,790
06/22/2011,LGB,CA,AWP,WE,Towers with Radar,88,17,126,0,231,0,0,329,0,329,88,17,455,0,560,498,0,498,1058
06/23/2011,LGB,CA,AWP,WE,Towers with Radar,88,19,162,0,269,0,3,97,0,100,88,22,259,0,369,233,0,233,602
06/24/2011,LGB,CA,AWP,WE,Towers with Radar,94,9,77,0,180,0,7,200,0,207,94,16,277,0,387,328,0,328,715
06/25/2011,LGB,CA,AWP,WE,Towers with Radar,82,9,72,0,163,0,8,241,0,249,82,17,313,0,412,377,0,377,789
06/26/2011,LGB,CA,AWP,WE,Towers with Radar,86,11,57,0,154,0,1,191,0,192,86,12,248,0,346,301,0,301,647
06/27/2011,LGB,CA,AWP,WE,Towers with Radar,87,12,59,0,158,0,9,370,0,379,87,21,429,0,537,480,0,480,1017
06/28/2011,LGB,CA,AWP,WE,Towers with Radar,87,9,64,2,162,0,5,167,7,179,87,14,231,9,341,258,0,258,599
06/29/2011,LGB,CA,AWP,WE,Towers with Radar,87,11,79,0,177,0,10,311,0,321,87,21,390,0,498,469,0,469,967
06/30/2011,LGB,CA,AWP,WE,Towers with Radar,89,14,81,1,185,0,5,323,0,328,89,19,404,1,513,490,0,490,1003
07/01/2011,LGB,CA,AWP,WE,Towers with Radar,89,7,77,3,176,0,11,239,0,250,89,18,316,3,426,404,0,404,830
07/02/2011,LGB,CA,AWP,WE,Towers with Radar,78,6,39,0,123,0,4,279,0,283,78,10,318,0,406,360,0,360,766
07/03/2011,LGB,CA,AWP,WE,Towers with Radar,77,8,42,0,127,0,1,159,0,160,77,9,201,0,287,296,0,296,583
07/04/2011,LGB,CA,AWP,WE,Towers with Radar,85,8,38,0,131,0,2,186,0,188,85,10,224,0,319,181,0,181,500
07/05/2011,LGB,CA,AWP,WE,Towers with Radar,86,10,75,0,171,0,12,253,0,265,86,22,328,0,436,391,0,391,827
07/06/2011,LGB,CA,AWP,WE,Towers with Radar,87,9,83,0,179,0,18,306,0,324,87,27,389,0,503,389,0,389,892
07/07/2011,LGB,CA,AWP,WE,Towers with Radar,91,8,79,0,178,0,18,325,0,343,91,26,404,0,521,348,0,348,869
07/08/2011,LGB,CA,AWP,WE,Towers with Radar,89,10,86,0,185,0,16,253,0,269,89,26,339,0,454,390,0,390,844
07/09/2011,LGB,CA,AWP,WE,Towers with Radar,77,12,63,0,152,0,6,320,1,327,77,18,383,1,479,381,0,381,860
07/10/2011,LGB,CA,AWP,WE,Towers with Radar,88,9,59,3,159,0,2,179,0,181,88,11,238,3,340,240,0,240,580
07/11/2011,LGB,CA,AWP,WE,Towers with Radar,90,11,71,0,172,0,8,223,0,231,90,19,294,0,403,424,0,424,827
07/12/2011,LGB,CA,AWP,WE,Towers with Radar,89,7,91,0,187,0,12,226,1,239,89,19,317,1,426,319,0,319,745
07/13/2011,LGB,CA,AWP,WE,Towers with Radar,87,13,92,1,193,0,16,316,0,332,87,29,408,1,525,581,0,581,1106
07/14/2011,LGB,CA,AWP,WE,Towers with Radar,91,10,87,0,188,0,8,191,0,199,91,18,278,0,387,418,0,418,805
07/15/2011,LGB,CA,AWP,WE,Towers with Radar,91,11,98,0,200,0,16,289,0,305,91,27,387,0,505,242,0,242,747
07/16/2011,LGB,CA,AWP,WE,Towers with Radar,79,6,66,0,151,0,7,304,0,311,79,13,370,0,462,484,0,484,946
07/17/2011,LGB,CA,AWP,WE,Towers with Radar,90,6,71,0,167,0,3,192,0,195,90,9,263,0,362,288,0,288,650
07/18/2011,LGB,CA,AWP,WE,Towers with Radar,83,14,76,0,173,0,11,219,0,230,83,25,295,0,403,305,0,305,708
07/19/2011,LGB,CA,AWP,WE,Towers with Radar,87,8,64,1,160,0,18,226,0,244,87,26,290,1,404,296,0,296,700
07/20/2011,LGB,CA,AWP,WE,Towers with Radar,91,14,108,3,216,0,8,248,3,259,91,22,356,6,475,442,0,442,917
07/21/2011,LGB,CA,AWP,WE,Towers with Radar,96,20,82,1,199,0,14,214,1,229,96,34,296,2,428,356,0,356,784
07/22/2011,LGB,CA,AWP,WE,Towers with Radar,97,9,91,1,198,0,9,268,0,277,97,18,359,1,475,402,0,402,877
07/23/2011,LGB,CA,AWP,WE,Towers with Radar,80,12,62,3,157,0,7,274,0,281,80,19,336,3,438,342,0,342,780
07/24/2011,LGB,CA,AWP,WE,Towers with Radar,85,9,86,1,181,0,6,174,0,180,85,15,260,1,361,216,0,216,577
07/25/2011,LGB,CA,AWP,WE,Towers with Radar,81,9,65,0,155,0,10,209,0,219,81,19,274,0,374,287,0,287,661
07/26/2011,LGB,CA,AWP,WE,Towers with Radar,86,11,70,0,167,0,21,266,0,287,86,32,336,0,454,335,0,335,789
07/27/2011,LGB,CA,AWP,WE,Towers with Radar,88,6,84,1,179,0,18,225,0,243,88,24,309,1,422,390,0,390,812
07/28/2011,LGB,CA,AWP,WE,Towers with Radar,93,9,87,0,189,0,4,228,0,232,93,13,315,0,421,387,0,387,808
07/29/2011,LGB,CA,AWP,WE,Towers with Radar,90,6,78,4,178,0,4,216,1,221,90,10,294,5,399,438,0,438,837
07/30/2011,LGB,CA,AWP,WE,Towers with Radar,78,4,77,2,161,0,4,248,3,255,78,8,325,5,416,336,0,336,752
07/31/2011,LGB,CA,AWP,WE,Towers with Radar,82,13,59,2,156,0,3,218,1,222,82,16,277,3,378,260,0,260,638
08/01/2011,LGB,CA,AWP,WE,Towers with Radar,87,16,68,0,171,0,16,254,0,270,87,32,322,0,441,469,0,469,910
08/02/2011,LGB,CA,AWP,WE,Towers with Radar,86,14,72,0,172,0,20,262,1,283,86,34,334,1,455,338,0,338,793
08/03/2011,LGB,CA,AWP,WE,Towers with Radar,90,7,76,1,174,0,8,251,0,259,90,15,327,1,433,439,10,449,882
08/04/2011,LGB,CA,AWP,WE,Towers with Radar,90,15,77,0,182,0,13,287,1,301,90,28,364,1,483,526,0,526,1009
08/05/2011,LGB,CA,AWP,WE,Towers with Radar,89,12,64,0,165,0,7,265,1,273,89,19,329,1,438,512,0,512,950
08/06/2011,LGB,CA,AWP,WE,Towers with Radar,75,6,83,2,166,0,9,212,0,221,75,15,295,2,387,266,1,267,654
08/07/2011,LGB,CA,AWP,WE,Towers with Radar,86,8,60,1,155,0,2,189,2,193,86,10,249,3,348,246,0,246,594
08/08/2011,LGB,CA,AWP,WE,Towers with Radar,85,11,74,0,170,0,5,230,1,236,85,16,304,1,406,434,0,434,840
08/09/2011,LGB,CA,AWP,WE,Towers with Radar,92,10,75,1,178,0,0,225,2,227,92,10,300,3,405,440,0,440,845
08/10/2011,LGB,CA,AWP,WE,Towers with Radar,87,17,118,0,222,0,12,282,3,297,87,29,400,3,519,522,0,522,1041
08/11/2011,LGB,CA,AWP,WE,Towers with Radar,90,20,83,1,194,0,10,214,0,224,90,30,297,1,418,517,0,517,935
08/12/2011,LGB,CA,AWP,WE,Towers with Radar,92,7,80,0,179,0,12,222,0,234,92,19,302,0,413,598,0,598,1011
08/13/2011,LGB,CA,AWP,WE,Towers with Radar,80,9,86,3,178,0,2,251,0,253,80,11,337,3,431,541,0,541,972
08/14/2011,LGB,CA,AWP,WE,Towers with Radar,87,11,83,1,182,0,1,259,0,260,87,12,342,1,442,432,0,432,874
08/15/2011,LGB,CA,AWP,WE,Towers with Radar,88,11,62,0,161,0,10,259,0,269,88,21,321,0,430,419,0,419,849
08/16/2011,LGB,CA,AWP,WE,Towers with Radar,86,9,62,2,159,0,14,275,2,291,86,23,337,4,450,486,0,486,936
08/17/2011,LGB,CA,AWP,WE,Towers with Radar,86,12,92,2,192,0,15,361,0,376,86,27,453,2,568,555,0,555,1123
08/18/2011,LGB,CA,AWP,WE,Towers with Radar,88,22,80,1,191,0,8,305,0,313,88,30,385,1,504,633,0,633,1137
08/19/2011,LGB,CA,AWP,WE,Towers with Radar,85,14,85,0,184,0,13,228,0,241,85,27,313,0,425,653,0,653,1078
08/20/2011,LGB,CA,AWP,WE,Towers with Radar,81,8,93,0,182,0,4,209,0,213,81,12,302,0,395,438,0,438,833
08/21/2011,LGB,CA,AWP,WE,Towers with Radar,94,11,63,2,170,0,4,201,0,205,94,15,264,2,375,272,0,272,647
08/22/2011,LGB,CA,AWP,WE,Towers with Radar,85,15,80,0,180,0,12,192,0,204,85,27,272,0,384,414,0,414,798
08/23/2011,LGB,CA,AWP,WE,Towers with Radar,86,6,73,5,170,0,21,260,0,281,86,27,333,5,451,502,0,502,953
08/24/2011,LGB,CA,AWP,WE,Towers with Radar,84,9,67,3,163,0,10,250,0,260,84,19,317,3,423,549,0,549,972
08/25/2011,LGB,CA,AWP,WE,Towers with Radar,95,18,83,0,196,0,12,303,1,316,95,30,386,1,512,426,0,426,938
08/26/2011,LGB,CA,AWP,WE,Towers with Radar,90,6,65,3,164,0,13,214,0,227,90,19,279,3,391,432,0,432,823
08/27/2011,LGB,CA,AWP,WE,Towers with Radar,74,6,51,2,133,0,6,248,0,254,74,12,299,2,387,287,0,287,674
08/28/2011,LGB,CA,AWP,WE,Towers with Radar,80,8,65,1,154,0,9,211,0,220,80,17,276,1,374,287,0,287,661
08/29/2011,LGB,CA,AWP,WE,Towers with Radar,88,11,51,0,150,0,7,245,0,252,88,18,296,0,402,429,0,429,831
08/30/2011,LGB,CA,AWP,WE,Towers with Radar,85,8,78,1,172,0,14,235,0,249,85,22,313,1,421,510,0,510,931
08/31/2011,LGB,CA,AWP,WE,Towers with Radar,83,20,80,3,186,0,10,249,0,259,83,30,329,3,445,429,0,429,874
09/01/2011,LGB,CA,AWP,WE,Towers with Radar,90,15,87,2,194,0,5,301,0,306,90,20,388,2,500,474,0,474,974
09/02/2011,LGB,CA,AWP,WE,Towers with Radar,94,13,103,2,212,0,9,260,0,269,94,22,363,2,481,392,0,392,873
09/03/2011,LGB,CA,AWP,WE,Towers with Radar,72,7,68,1,148,0,8,269,0,277,72,15,337,1,425,389,0,389,814
09/04/2011,LGB,CA,AWP,WE,Towers with Radar,83,4,50,3,140,0,1,189,1,191,83,5,239,4,331,182,0,182,513
09/05/2011,LGB,CA,AWP,WE,Towers with Radar,85,9,58,3,155,0,7,280,1,288,85,16,338,4,443,403,0,403,846
09/06/2011,LGB,CA,AWP,WE,Towers with Radar,84,15,86,1,186,0,26,279,0,305,84,41,365,1,491,430,0,430,921
09/07/2011,LGB,CA,AWP,WE,Towers with Radar,84,5,61,0,150,0,21,252,0,273,84,26,313,0,423,407,0,407,830
09/08/2011,LGB,CA,AWP,WE,Towers with Radar,92,8,70,2,172,0,16,332,0,348,92,24,402,2,520,483,0,483,1003
09/09/2011,LGB,CA,AWP,WE,Towers with Radar,91,10,74,3,178,0,12,326,0,338,91,22,400,3,516,541,0,541,1057
09/10/2011,LGB,CA,AWP,WE,Towers with Radar,61,9,89,2,161,0,5,251,1,257,61,14,340,3,418,451,0,451,869
09/11/2011,LGB,CA,AWP,WE,Towers with Radar,87,7,82,1,177,0,1,271,0,272,87,8,353,1,449,399,0,399,848
09/12/2011,LGB,CA,AWP,WE,Towers with Radar,85,20,56,4,165,0,11,266,0,277,85,31,322,4,442,541,0,541,983
09/13/2011,LGB,CA,AWP,WE,Towers with Radar,80,12,58,4,154,0,15,279,1,295,80,27,337,5,449,648,0,648,1097
09/14/2011,LGB,CA,AWP,WE,Towers with Radar,80,23,73,1,177,0,11,202,0,213,80,34,275,1,390,389,0,389,779
09/15/2011,LGB,CA,AWP,WE,Towers with Radar,86,14,81,2,183,0,3,204,0,207,86,17,285,2,390,382,0,382,772
09/16/2011,LGB,CA,AWP,WE,Towers with Radar,90,16,132,1,239,0,6,160,0,166,90,22,292,1,405,288,0,288,693
09/17/2011,LGB,CA,AWP,WE,Towers with Radar,63,12,65,0,140,0,4,219,0,223,63,16,284,0,363,519,0,519,882
09/18/2011,LGB,CA,AWP,WE,Towers with Radar,90,5,51,0,146,0,1,198,0,199,90,6,249,0,345,213,0,213,558
09/19/2011,LGB,CA,AWP,WE,Towers with Radar,88,16,60,2,166,0,5,208,0,213,88,21,268,2,379,379,0,379,758
09/20/2011,LGB,CA,AWP,WE,Towers with Radar,84,11,84,3,182,0,5,190,1,196,84,16,274,4,378,426,0,426,804
09/21/2011,LGB,CA,AWP,WE,Towers with Radar,86,19,97,0,202,0,17,232,0,249,86,36,329,0,451,439,0,439,890
09/22/2011,LGB,CA,AWP,WE,Towers with Radar,92,15,115,0,222,0,4,229,2,235,92,19,344,2,457,527,0,527,984
09/23/2011,LGB,CA,AWP,WE,Towers with Radar,94,13,91,12,210,0,0,226,9,235,94,13,317,21,445,484,0,484,929
09/24/2011,LGB,CA,AWP,WE,Towers with Radar,63,9,121,13,206,0,0,130,0,130,63,9,251,13,336,327,0,327,663
09/25/2011,LGB,CA,AWP,WE,Towers with Radar,92,5,75,4,176,0,0,160,1,161,92,5,235,5,337,336,0,336,673
09/26/2011,LGB,CA,AWP,WE,Towers with Radar,91,15,78,3,187,0,9,131,0,140,91,24,209,3,327,351,0,351,678
09/27/2011,LGB,CA,AWP,WE,Towers with Radar,80,14,79,2,175,1,9,241,0,251,81,23,320,2,426,466,0,466,892
09/28/2011,LGB,CA,AWP,WE,Towers with Radar,85,14,148,2,249,0,1,96,3,100,85,15,244,5,349,164,0,164,513
09/29/2011,LGB,CA,AWP,WE,Towers with Radar,91,12,90,4,197,0,4,230,0,234,91,16,320,4,431,542,0,542,973
09/30/2011,LGB,CA,AWP,WE,Towers with Radar,90,11,66,0,167,0,8,242,0,250,90,19,308,0,417,582,0,582,999
10/01/2011,LGB,CA,AWP,WE,Towers with Radar,63,14,79,3,159,0,1,224,0,225,63,15,303,3,384,478,0,478,862
10/02/2011,LGB,CA,AWP,WE,Towers with Radar,89,13,76,1,179,0,0,214,1,215,89,13,290,2,394,390,0,390,784
10/03/2011,LGB,CA,AWP,WE,Towers with Radar,86,9,54,5,154,0,11,239,0,250,86,20,293,5,404,408,0,408,812
10/04/2011,LGB,CA,AWP,WE,Towers with Radar,77,14,87,3,181,0,3,129,0,132,77,17,216,3,313,401,0,401,714
10/05/2011,LGB,CA,AWP,WE,Towers with Radar,78,18,38,0,134,0,3,49,0,52,78,21,87,0,186,35,0,35,221
10/06/2011,LGB,CA,AWP,WE,Towers with Radar,90,10,77,1,178,0,9,319,0,328,90,19,396,1,506,562,2,564,1070
10/07/2011,LGB,CA,AWP,WE,Towers with Radar,89,7,71,10,177,0,5,319,6,330,89,12,390,16,507,523,0,523,1030
10/08/2011,LGB,CA,AWP,WE,Towers with Radar,65,7,68,0,140,0,4,246,0,250,65,11,314,0,390,510,0,510,900
10/09/2011,LGB,CA,AWP,WE,Towers with Radar,89,8,52,0,149,0,4,222,0,226,89,12,274,0,375,422,0,422,797
10/10/2011,LGB,CA,AWP,WE,Towers with Radar,86,9,75,4,174,0,1,184,0,185,86,10,259,4,359,334,0,334,693
10/11/2011,LGB,CA,AWP,WE,Towers with Radar,82,6,73,0,161,0,8,292,0,300,82,14,365,0,461,507,0,507,968
10/12/2011,LGB,CA,AWP,WE,Towers with Radar,78,10,67,6,161,0,11,337,2,350,78,21,404,8,511,534,0,534,1045
10/13/2011,LGB,CA,AWP,WE,Towers with Radar,90,10,83,5,188,0,6,323,2,331,90,16,406,7,519,567,0,567,1086
10/14/2011,LGB,CA,AWP,WE,Towers with Radar,89,9,82,2,182,0,11,241,1,253,89,20,323,3,435,665,0,665,1100
10/15/2011,LGB,CA,AWP,WE,Towers with Radar,63,8,72,3,146,0,4,218,0,222,63,12,290,3,368,410,0,410,778
10/16/2011,LGB,CA,AWP,WE,Towers with Radar,90,11,70,0,171,0,1,219,0,220,90,12,289,0,391,264,0,264,655
10/17/2011,LGB,CA,AWP,WE,Towers with Radar,89,13,68,2,172,0,1,159,0,160,89,14,227,2,332,494,0,494,826
10/18/2011,LGB,CA,AWP,WE,Towers with Radar,80,16,96,2,194,0,1,163,0,164,80,17,259,2,358,320,0,320,678
10/19/2011,LGB,CA,AWP,WE,Towers with Radar,81,18,118,2,219,0,1,185,0,186,81,19,303,2,405,423,0,423,828
10/20/2011,LGB,CA,AWP,WE,Towers with Radar,91,9,96,1,197,0,7,155,0,162,91,16,251,1,359,556,0,556,915
10/21/2011,LGB,CA,AWP,WE,Towers with Radar,92,11,82,5,190,0,3,205,1,209,92,14,287,6,399,487,0,487,886
10/22/2011,LGB,CA,AWP,WE,Towers with Radar,69,8,70,3,150,0,0,152,0,152,69,8,222,3,302,268,0,268,570
10/23/2011,LGB,CA,AWP,WE,Towers with Radar,86,15,75,1,177,0,1,129,0,130,86,16,204,1,307,296,0,296,603
10/24/2011,LGB,CA,AWP,WE,Towers with Radar,88,24,99,3,214,0,2,59,0,61,88,26,158,3,275,95,0,95,370
10/25/2011,LGB,CA,AWP,WE,Towers with Radar,78,17,96,4,195,1,12,163,0,176,79,29,259,4,371,333,0,333,704
10/26/2011,LGB,CA,AWP,WE,Towers with Radar,81,13,82,6,182,0,9,270,1,280,81,22,352,7,462,347,0,347,809
10/27/2011,LGB,CA,AWP,WE,Towers with Radar,85,22,82,0,189,0,8,294,1,303,85,30,376,1,492,448,0,448,940
10/28/2011,LGB,CA,AWP,WE,Towers with Radar,89,11,96,3,199,0,26,274,0,300,89,37,370,3,499,512,0,512,1011
10/29/2011,LGB,CA,AWP,WE,Towers with Radar,63,12,55,1,131,0,3,203,0,206,63,15,258,1,337,444,0,444,781
10/30/2011,LGB,CA,AWP,WE,Towers with Radar,79,13,81,0,173,0,1,211,0,212,79,14,292,0,385,187,0,187,572
10/31/2011,LGB,CA,AWP,WE,Towers with Radar,79,9,59,0,147,0,9,173,0,182,79,18,232,0,329,360,0,360,689
11/01/2011,LGB,CA,AWP,WE,Towers with Radar,75,14,56,2,147,0,8,315,2,325,75,22,371,4,472,456,0,456,928
11/02/2011,LGB,CA,AWP,WE,Towers with Radar,75,13,58,3,149,0,8,212,2,222,75,21,270,5,371,281,0,281,652
11/03/2011,LGB,CA,AWP,WE,Towers with Radar,85,17,66,1,169,0,12,337,0,349,85,29,403,1,518,423,0,423,941
11/04/2011,LGB,CA,AWP,WE,Towers with Radar,84,16,57,0,157,0,5,136,0,141,84,21,193,0,298,228,0,228,526
11/05/2011,LGB,CA,AWP,WE,Towers with Radar,58,11,73,1,143,0,0,299,0,299,58,11,372,1,442,354,0,354,796
11/06/2011,LGB,CA,AWP,WE,Towers with Radar,80,13,52,2,147,0,1,52,0,53,80,14,104,2,200,64,0,64,264
11/07/2011,LGB,CA,AWP,WE,Towers with Radar,82,13,78,1,174,0,9,190,1,200,82,22,268,2,374,354,0,354,728
11/08/2011,LGB,CA,AWP,WE,Towers with Radar,77,11,78,8,174,0,5,344,6,355,77,16,422,14,529,510,0,510,1039
11/09/2011,LGB,CA,AWP,WE,Towers with Radar,76,8,88,3,175,0,5,328,3,336,76,13,416,6,511,386,0,386,897
11/10/2011,LGB,CA,AWP,WE,Towers with Radar,82,15,81,1,179,0,9,281,0,290,82,24,362,1,469,531,0,531,1000
11/11/2011,LGB,CA,AWP,WE,Towers with Radar,86,8,56,0,150,0,7,219,0,226,86,15,275,0,376,402,0,402,778
11/12/2011,LGB,CA,AWP,WE,Towers with Radar,61,6,46,0,113,0,1,111,0,112,61,7,157,0,225,376,0,376,601
11/13/2011,LGB,CA,AWP,WE,Towers with Radar,79,6,61,0,146,0,3,202,0,205,79,9,263,0,351,303,0,303,654
11/14/2011,LGB,CA,AWP,WE,Towers with Radar,83,12,83,2,180,0,4,180,0,184,83,16,263,2,364,581,0,581,945
11/15/2011,LGB,CA,AWP,WE,Towers with Radar,75,14,86,1,176,0,10,265,0,275,75,24,351,1,451,622,0,622,1073
11/16/2011,LGB,CA,AWP,WE,Towers with Radar,70,14,108,3,195,0,7,239,3,249,70,21,347,6,444,569,0,569,1013
11/17/2011,LGB,CA,AWP,WE,Towers with Radar,90,11,82,0,183,0,6,235,0,241,90,17,317,0,424,540,0,540,964
11/18/2011,LGB,CA,AWP,WE,Towers with Radar,91,14,92,0,197,0,4,224,0,228,91,18,316,0,425,907,0,907,1332
11/19/2011,LGB,CA,AWP,WE,Towers with Radar,74,10,94,0,178,0,4,266,1,271,74,14,360,1,449,712,0,712,1161
11/20/2011,LGB,CA,AWP,WE,Towers with Radar,87,17,39,1,144,0,1,52,0,53,87,18,91,1,197,59,0,59,256
11/21/2011,LGB,CA,AWP,WE,Towers with Radar,83,22,64,1,170,0,8,204,2,214,83,30,268,3,384,486,0,486,870
11/22/2011,LGB,CA,AWP,WE,Towers with Radar,84,11,79,0,174,0,8,321,0,329,84,19,400,0,503,548,0,548,1051
11/23/2011,LGB,CA,AWP,WE,Towers with Radar,83,16,61,0,160,0,7,265,0,272,83,23,326,0,432,557,0,557,989
11/24/2011,LGB,CA,AWP,WE,Towers with Radar,53,9,28,0,90,0,3,85,0,88,53,12,113,0,178,277,0,277,455
11/25/2011,LGB,CA,AWP,WE,Towers with Radar,80,10,44,0,134,0,6,283,0,289,80,16,327,0,423,537,0,537,960
11/26/2011,LGB,CA,AWP,WE,Towers with Radar,78,8,62,0,148,0,6,284,0,290,78,14,346,0,438,553,0,553,991
11/27/2011,LGB,CA,AWP,WE,Towers with Radar,86,10,73,0,169,0,3,272,0,275,86,13,345,0,444,312,0,312,756
11/28/2011,LGB,CA,AWP,WE,Towers with Radar,88,18,72,0,178,0,13,262,0,275,88,31,334,0,453,658,0,658,1111
11/29/2011,LGB,CA,AWP,WE,Towers with Radar,85,14,72,5,176,0,10,283,1,294,85,24,355,6,470,493,0,493,963
11/30/2011,LGB,CA,AWP,WE,Towers with Radar,84,24,75,2,185,0,14,197,0,211,84,38,272,2,396,474,0,474,870
12/01/2011,LGB,CA,AWP,WE,Towers with Radar,83,13,49,0,145,0,6,165,0,171,83,19,214,0,316,254,0,254,570
12/02/2011,LGB,CA,AWP,WE,Towers with Radar,80,23,63,1,167,0,13,274,0,287,80,36,337,1,454,692,0,692,1146
12/03/2011,LGB,CA,AWP,WE,Towers with Radar,50,15,47,2,114,0,4,208,0,212,50,19,255,2,326,501,0,501,827
12/04/2011,LGB,CA,AWP,WE,Towers with Radar,72,11,63,4,150,0,3,231,1,235,72,14,294,5,385,341,0,341,726
12/05/2011,LGB,CA,AWP,WE,Towers with Radar,78,10,50,0,138,0,15,191,0,206,78,25,241,0,344,331,0,331,675
12/06/2011,LGB,CA,AWP,WE,Towers with Radar,77,7,64,1,149,0,9,260,0,269,77,16,324,1,418,535,0,535,953
12/07/2011,LGB,CA,AWP,WE,Towers with Radar,76,16,69,1,162,0,7,237,1,245,76,23,306,2,407,524,0,524,931
12/08/2011,LGB,CA,AWP,WE,Towers with Radar,84,13,65,0,162,0,6,245,0,251,84,19,310,0,413,441,0,441,854
12/09/2011,LGB,CA,AWP,WE,Towers with Radar,82,13,76,7,178,0,5,266,2,273,82,18,342,9,451,481,0,481,932
12/10/2011,LGB,CA,AWP,WE,Towers with Radar,51,10,60,0,121,0,7,302,0,309,51,17,362,0,430,620,0,620,1050
12/11/2011,LGB,CA,AWP,WE,Towers with Radar,76,13,71,0,160,0,10,148,1,159,76,23,219,1,319,389,0,389,708
12/12/2011,LGB,CA,AWP,WE,Towers with Radar,77,15,26,0,118,0,4,122,0,126,77,19,148,0,244,83,0,83,327
12/13/2011,LGB,CA,AWP,WE,Towers with Radar,78,10,70,3,161,0,9,258,1,268,78,19,328,4,429,458,0,458,887
12/14/2011,LGB,CA,AWP,WE,Towers with Radar,75,11,95,2,183,0,7,311,0,318,75,18,406,2,501,397,0,397,898
12/15/2011,LGB,CA,AWP,WE,Towers with Radar,84,11,76,1,172,0,6,204,1,211,84,17,280,2,383,385,0,385,768
12/16/2011,LGB,CA,AWP,WE,Towers with Radar,85,15,60,2,162,0,4,258,0,262,85,19,318,2,424,531,0,531,955
12/17/2011,LGB,CA,AWP,WE,Towers with Radar,70,22,67,2,161,0,3,189,0,192,70,25,256,2,353,422,0,422,775
12/18/2011,LGB,CA,AWP,WE,Towers with Radar,83,3,62,4,152,0,2,168,0,170,83,5,230,4,322,363,0,363,685
12/19/2011,LGB,CA,AWP,WE,Towers with Radar,85,16,79,1,181,0,6,165,1,172,85,22,244,2,353,332,0,332,685
12/20/2011,LGB,CA,AWP,WE,Towers with Radar,88,10,74,5,177,0,5,259,8,272,88,15,333,13,449,282,0,282,731
12/21/2011,LGB,CA,AWP,WE,Towers with Radar,85,10,76,1,172,0,7,293,1,301,85,17,369,2,473,367,2,369,842
12/22/2011,LGB,CA,AWP,WE,Towers with Radar,90,7,49,2,148,0,11,168,0,179,90,18,217,2,327,326,0,326,653
12/23/2011,LGB,CA,AWP,WE,Towers with Radar,88,8,53,6,155,0,13,237,6,256,88,21,290,12,411,536,0,536,947
12/24/2011,LGB,CA,AWP,WE,Towers with Radar,78,5,38,0,121,0,3,175,0,178,78,8,213,0,299,296,0,296,595
12/25/2011,LGB,CA,AWP,WE,Towers with Radar,76,6,9,0,91,0,0,68,0,68,76,6,77,0,159,58,0,58,217
12/26/2011,LGB,CA,AWP,WE,Towers with Radar,84,7,58,0,149,0,2,206,0,208,84,9,264,0,357,289,0,289,646
12/27/2011,LGB,CA,AWP,WE,Towers with Radar,87,8,74,0,169,0,8,260,1,269,87,16,334,1,438,358,0,358,796
12/28/2011,LGB,CA,AWP,WE,Towers with Radar,88,5,73,2,168,0,4,236,0,240,88,9,309,2,408,353,0,353,761
12/29/2011,LGB,CA,AWP,WE,Towers with Radar,86,4,76,1,167,0,9,239,0,248,86,13,315,1,415,340,0,340,755
12/30/2011,LGB,CA,AWP,WE,Towers with Radar,81,9,97,0,187,0,3,128,0,131,81,12,225,0,318,281,0,281,599
12/31/2011,LGB,CA,AWP,WE,Towers with Radar,84,9,53,0,146,0,2,166,0,168,84,11,219,0,314,282,0,282,596
01/01/2012,LGB,CA,AWP,WE,Towers with Radar,78,7,37,0,122,0,2,115,0,117,78,9,152,0,239,127,0,127,366
01/02/2012,LGB,CA,AWP,WE,Towers with Radar,85,3,70,1,159,0,0,193,0,193,85,3,263,1,352,308,0,308,660
01/03/2012,LGB,CA,AWP,WE,Towers with Radar,86,10,64,1,161,0,8,312,1,321,86,18,376,2,482,397,0,397,879
01/04/2012,LGB,CA,AWP,WE,Towers with Radar,84,7,61,0,152,0,5,270,1,276,84,12,331,1,428,408,0,408,836
01/05/2012,LGB,CA,AWP,WE,Towers with Radar,85,3,68,1,157,0,4,249,0,253,85,7,317,1,410,457,0,457,867
01/06/2012,LGB,CA,AWP,WE,Towers with Radar,84,7,62,0,153,0,3,296,1,300,84,10,358,1,453,296,0,296,749
01/07/2012,LGB,CA,AWP,WE,Towers with Radar,64,5,75,2,146,0,0,154,0,154,64,5,229,2,300,302,0,302,602
01/08/2012,LGB,CA,AWP,WE,Towers with Radar,81,4,53,0,138,0,2,166,0,168,81,6,219,0,306,288,0,288,594
01/09/2012,LGB,CA,AWP,WE,Towers with Radar,85,5,57,0,147,0,5,199,0,204,85,10,256,0,351,215,0,215,566
01/10/2012,LGB,CA,AWP,WE,Towers with Radar,81,8,74,2,165,0,10,276,0,286,81,18,350,2,451,423,0,423,874
01/11/2012,LGB,CA,AWP,WE,Towers with Radar,75,11,61,0,147,0,5,279,0,284,75,16,340,0,431,352,0,352,783
01/12/2012,LGB,CA,AWP,WE,Towers with Radar,82,5,65,1,153,0,8,287,1,296,82,13,352,2,449,348,0,348,797
01/13/2012,LGB,CA,AWP,WE,Towers with Radar,86,4,73,0,163,0,5,265,0,270,86,9,338,0,433,340,0,340,773
01/14/2012,LGB,CA,AWP,WE,Towers with Radar,59,1,51,0,111,0,1,296,0,297,59,2,347,0,408,348,0,348,756
01/15/2012,LGB,CA,AWP,WE,Towers with Radar,76,7,51,1,135,0,1,142,0,143,76,8,193,1,278,212,0,212,490
01/16/2012,LGB,CA,AWP,WE,Towers with Radar,83,8,57,3,151,0,4,208,0,212,83,12,265,3,363,412,0,412,775
01/17/2012,LGB,CA,AWP,WE,Towers with Radar,77,6,70,1,154,0,5,285,0,290,77,11,355,1,444,391,0,391,835
01/18/2012,LGB,CA,AWP,WE,Towers with Radar,66,7,60,1,134,0,11,256,1,268,66,18,316,2,402,502,0,502,904
01/19/2012,LGB,CA,AWP,WE,Towers with Radar,79,12,86,6,183,0,11,193,2,206,79,23,279,8,389,407,0,407,796
01/20/2012,LGB,CA,AWP,WE,Towers with Radar,85,6,60,4,155,0,9,169,0,178,85,15,229,4,333,562,0,562,895
01/21/2012,LGB,CA,AWP,WE,Towers with Radar,61,2,36,2,101,0,1,71,0,72,61,3,107,2,173,80,0,80,253
01/22/2012,LGB,CA,AWP,WE,Towers with Radar,80,7,54,0,141,0,2,166,0,168,80,9,220,0,309,216,0,216,525
01/23/2012,LGB,CA,AWP,WE,Towers with Radar,84,8,25,0,117,0,3,48,0,51,84,11,73,0,168,92,0,92,260
01/24/2012,LGB,CA,AWP,WE,Towers with Radar,77,4,61,0,142,0,8,283,0,291,77,12,344,0,433,557,0,557,990
01/25/2012,LGB,CA,AWP,WE,Towers with Radar,73,5,82,1,161,0,6,304,2,312,73,11,386,3,473,521,0,521,994
01/26/2012,LGB,CA,AWP,WE,Towers with Radar,81,6,73,8,168,0,12,286,4,302,81,18,359,12,470,364,0,364,834
01/27/2012,LGB,CA,AWP,WE,Towers with Radar,84,6,84,2,176,0,3,260,2,265,84,9,344,4,441,417,0,417,858
01/28/2012,LGB,CA,AWP,WE,Towers with Radar,62,9,40,1,112,0,6,226,0,232,62,15,266,1,344,407,0,407,751
01/29/2012,LGB,CA,AWP,WE,Towers with Radar,83,8,67,0,158,0,3,242,0,245,83,11,309,0,403,227,0,227,630
01/30/2012,LGB,CA,AWP,WE,Towers with Radar,84,8,68,4,164,1,3,238,0,242,85,11,306,4,406,256,0,256,662
01/31/2012,LGB,CA,AWP,WE,Towers with Radar,77,6,84,5,172,0,4,232,0,236,77,10,316,5,408,347,0,347,755
02/01/2012,LGB,CA,AWP,WE,Towers with Radar,71,3,72,2,148,0,6,252,1,259,71,9,324,3,407,437,0,437,844
02/02/2012,LGB,CA,AWP,WE,Towers with Radar,83,7,101,4,195,0,5,205,0,210,83,12,306,4,405,299,0,299,704
02/03/2012,LGB,CA,AWP,WE,Towers with Radar,84,14,73,1,172,0,2,233,0,235,84,16,306,1,407,329,0,329,736
02/04/2012,LGB,CA,AWP,WE,Towers with Radar,59,3,78,3,143,0,3,252,0,255,59,6,330,3,398,264,0,264,662
02/05/2012,LGB,CA,AWP,WE,Towers with Radar,78,7,53,1,139,0,2,183,0,185,78,9,236,1,324,245,0,245,569
02/06/2012,LGB,CA,AWP,WE,Towers with Radar,82,8,74,6,170,0,3,201,0,204,82,11,275,6,374,266,0,266,640
02/07/2012,LGB,CA,AWP,WE,Towers with Radar,78,9,34,2,123,0,6,139,0,145,78,15,173,2,268,121,0,121,389
02/08/2012,LGB,CA,AWP,WE,Towers with Radar,74,13,92,0,179,0,8,226,1,235,74,21,318,1,414,348,0,348,762
02/09/2012,LGB,CA,AWP,WE,Towers with Radar,84,4,81,8,177,0,4,253,7,264,84,8,334,15,441,433,0,433,874
02/10/2012,LGB,CA,AWP,WE,Towers with Radar,85,9,107,2,203,0,4,289,0,293,85,13,396,2,496,464,0,464,960
02/11/2012,LGB,CA,AWP,WE,Towers with Radar,56,10,69,2,137,0,4,177,0,181,56,14,246,2,318,336,0,336,654
02/12/2012,LGB,CA,AWP,WE,Towers with Radar,78,5,70,1,154,0,1,183,0,184,78,6,253,1,338,261,0,261,599
02/13/2012,LGB,CA,AWP,WE,Towers with Radar,81,13,47,0,141,0,7,145,6,158,81,20,192,6,299,176,0,176,475
02/14/2012,LGB,CA,AWP,WE,Towers with Radar,75,8,77,1,161,0,10,239,0,249,75,18,316,1,410,318,0,318,728
02/15/2012,LGB,CA,AWP,WE,Towers with Radar,78,9,51,2,140,0,5,102,0,107,78,14,153,2,247,92,0,92,339
02/16/2012,LGB,CA,AWP,WE,Towers with Radar,85,11,93,2,191,0,2,141,0,143,85,13,234,2,334,94,4,98,432
02/17/2012,LGB,CA,AWP,WE,Towers with Radar,84,9,105,3,201,0,6,218,0,224,84,15,323,3,425,459,0,459,884
02/18/2012,LGB,CA,AWP,WE,Towers with Radar,59,14,60,1,134,0,2,241,0,243,59,16,301,1,377,402,0,402,779
02/19/2012,LGB,CA,AWP,WE,Towers with Radar,77,5,63,1,146,0,1,156,2,159,77,6,219,3,305,354,0,354,659
02/20/2012,LGB,CA,AWP,WE,Towers with Radar,83,5,87,0,175,0,12,221,0,233,83,17,308,0,408,360,0,360,768
02/21/2012,LGB,CA,AWP,WE,Towers with Radar,78,12,69,2,161,0,6,311,0,317,78,18,380,2,478,376,0,376,854
02/22/2012,LGB,CA,AWP,WE,Towers with Radar,77,8,68,3,156,0,2,312,2,316,77,10,380,5,472,529,0,529,1001
02/23/2012,LGB,CA,AWP,WE,Towers with Radar,82,6,101,1,190,0,9,307,1,317,82,15,408,2,507,495,0,495,1002
02/24/2012,LGB,CA,AWP,WE,Towers with Radar,84,10,98,9,201,0,2,192,5,199,84,12,290,14,400,332,0,332,732
02/25/2012,LGB,CA,AWP,WE,Towers with Radar,61,15,82,5,163,0,1,236,0,237,61,16,318,5,400,303,0,303,703
02/26/2012,LGB,CA,AWP,WE,Towers with Radar,80,10,77,4,171,0,2,199,0,201,80,12,276,4,372,376,0,376,748
02/27/2012,LGB,CA,AWP,WE,Towers with Radar,82,22,73,4,181,0,7,120,0,127,82,29,193,4,308,108,0,108,416
02/28/2012,LGB,CA,AWP,WE,Towers with Radar,74,21,100,3,198,0,4,286,0,290,74,25,386,3,488,374,0,374,862
02/29/2012,LGB,CA,AWP,WE,Towers with Radar,76,15,71,3,165,0,7,228,0,235,76,22,299,3,400,275,0,275,675
03/01/2012,LGB,CA,AWP,WE,Towers with Radar,80,18,100,4,202,0,6,209,0,215,80,24,309,4,417,274,0,274,691
03/02/2012,LGB,CA,AWP,WE,Towers with Radar,83,29,101,1,214,0,2,286,0,288,83,31,387,1,502,392,0,392,894
03/03/2012,LGB,CA,AWP,WE,Towers with Radar,57,14,59,1,131,0,4,270,0,274,57,18,329,1,405,406,0,406,811
03/04/2012,LGB,CA,AWP,WE,Towers with Radar,78,11,77,1,167,0,1,252,0,253,78,12,329,1,420,350,0,350,770
03/05/2012,LGB,CA,AWP,WE,Towers with Radar,79,12,90,3,184,0,6,211,1,218,79,18,301,4,402,312,0,312,714
03/06/2012,LGB,CA,AWP,WE,Towers with Radar,71,19,83,2,175,0,4,135,0,139,71,23,218,2,314,334,0,334,648
03/07/2012,LGB,CA,AWP,WE,Towers with Radar,76,14,76,2,168,0,11,250,1,262,76,25,326,3,430,439,0,439,869
03/08/2012,LGB,CA,AWP,WE,Towers with Radar,83,11,95,0,189,0,10,249,0,259,83,21,344,0,448,392,0,392,840
03/09/2012,LGB,CA,AWP,WE,Towers with Radar,84,1,65,5,155,0,8,219,0,227,84,9,284,5,382,511,0,511,893
03/10/2012,LGB,CA,AWP,WE,Towers with Radar,61,7,43,3,114,0,6,344,0,350,61,13,387,3,464,354,0,354,818
03/11/2012,LGB,CA,AWP,WE,Towers with Radar,79,8,67,0,154,0,1,212,0,213,79,9,279,0,367,314,0,314,681
03/12/2012,LGB,CA,AWP,WE,Towers with Radar,88,0,79,1,168,0,6,221,0,227,88,6,300,1,395,519,0,519,914
03/13/2012,LGB,CA,AWP,WE,Towers with Radar,80,9,67,2,158,0,3,224,2,229,80,12,291,4,387,428,0,428,815
03/14/2012,LGB,CA,AWP,WE,Towers with Radar,82,4,67,1,154,0,11,240,0,251,82,15,307,1,405,451,0,451,856
03/15/2012,LGB,CA,AWP,WE,Towers with Radar,88,5,86,5,184,0,1,151,0,152,88,6,237,5,336,327,0,327,663
03/16/2012,LGB,CA,AWP,WE,Towers with Radar,90,6,102,4,202,0,0,78,0,78,90,6,180,4,280,234,0,234,514
03/17/2012,LGB,CA,AWP,WE,Towers with Radar,68,11,18,0,97,0,0,66,0,66,68,11,84,0,163,22,0,22,185
03/18/2012,LGB,CA,AWP,WE,Towers with Radar,85,4,43,0,132,0,1,55,2,58,85,5,98,2,190,35,0,35,225
03/19/2012,LGB,CA,AWP,WE,Towers with Radar,83,10,61,0,154,0,10,237,0,247,83,20,298,0,401,430,0,430,831
03/20/2012,LGB,CA,AWP,WE,Towers with Radar,78,6,61,0,145,0,4,273,1,278,78,10,334,1,423,435,0,435,858
03/21/2012,LGB,CA,AWP,WE,Towers with Radar,84,6,76,4,170,0,9,300,1,310,84,15,376,5,480,483,0,483,963
03/22/2012,LGB,CA,AWP,WE,Towers with Radar,88,8,109,2,207,0,4,215,0,219,88,12,324,2,426,370,0,370,796
03/23/2012,LGB,CA,AWP,WE,Towers with Radar,88,6,92,0,186,0,2,239,0,241,88,8,331,0,427,413,0,413,840
03/24/2012,LGB,CA,AWP,WE,Towers with Radar,66,17,83,3,169,0,6,184,4,194,66,23,267,7,363,447,0,447,810
03/25/2012,LGB,CA,AWP,WE,Towers with Radar,81,9,39,0,129,0,0,45,0,45,81,9,84,0,174,17,0,17,191
03/26/2012,LGB,CA,AWP,WE,Towers with Radar,85,6,71,2,164,0,5,180,3,188,85,11,251,5,352,411,0,411,763
03/27/2012,LGB,CA,AWP,WE,Towers with Radar,72,3,82,3,160,0,5,268,1,274,72,8,350,4,434,430,0,430,864
03/28/2012,LGB,CA,AWP,WE,Towers with Radar,81,2,87,2,172,0,10,238,0,248,81,12,325,2,420,485,0,485,905
03/29/2012,LGB,CA,AWP,WE,Towers with Radar,88,8,119,0,215,0,2,199,0,201,88,10,318,0,416,384,0,384,800
03/30/2012,LGB,CA,AWP,WE,Towers with Radar,89,4,114,4,211,0,2,163,0,165,89,6,277,4,376,280,0,280,656
03/31/2012,LGB,CA,AWP,WE,Towers with Radar,66,11,86,2,165,0,1,139,0,140,66,12,225,2,305,417,0,417,722
04/01/2012,LGB,CA,AWP,WE,Towers with Radar,81,11,43,4,139,0,1,137,0,138,81,12,180,4,277,159,0,159,436
04/02/2012,LGB,CA,AWP,WE,Towers with Radar,85,3,66,2,156,0,9,197,1,207,85,12,263,3,363,427,0,427,790
04/03/2012,LGB,CA,AWP,WE,Towers with Radar,80,7,75,3,165,0,11,276,0,287,80,18,351,3,452,538,0,538,990
04/04/2012,LGB,CA,AWP,WE,Towers with Radar,79,7,78,2,166,0,10,271,0,281,79,17,349,2,447,477,0,477,924
04/05/2012,LGB,CA,AWP,WE,Towers with Radar,89,2,83,3,177,0,3,201,0,204,89,5,284,3,381,408,0,408,789
04/06/2012,LGB,CA,AWP,WE,Towers with Radar,87,4,88,0,179,0,6,294,0,300,87,10,382,0,479,552,0,552,1031
04/07/2012,LGB,CA,AWP,WE,Towers with Radar,72,8,63,2,145,0,7,280,0,287,72,15,343,2,432,363,0,363,795
04/08/2012,LGB,CA,AWP,WE,Towers with Radar,85,5,26,0,116,0,1,147,0,148,85,6,173,0,264,204,0,204,468
04/09/2012,LGB,CA,AWP,WE,Towers with Radar,88,2,79,1,170,0,16,222,0,238,88,18,301,1,408,422,0,422,830
04/10/2012,LGB,CA,AWP,WE,Towers with Radar,82,9,75,1,167,0,9,257,0,266,82,18,332,1,433,289,0,289,722
04/11/2012,LGB,CA,AWP,WE,Towers with Radar,81,4,63,1,149,0,4,149,1,154,81,8,212,2,303,269,0,269,572
04/12/2012,LGB,CA,AWP,WE,Towers with Radar,89,10,115,1,215,0,8,231,0,239,89,18,346,1,454,356,0,356,810
04/13/2012,LGB,CA,AWP,WE,Towers with Radar,89,7,23,2,121,0,1,59,0,60,89,8,82,2,181,64,0,64,245
04/14/2012,LGB,CA,AWP,WE,Towers with Radar,75,11,60,0,146,0,10,246,0,256,75,21,306,0,402,348,0,348,750
04/15/2012,LGB,CA,AWP,WE,Towers with Radar,80,11,75,0,166,0,0,221,0,221,80,11,296,0,387,407,0,407,794
04/16/2012,LGB,CA,AWP,WE,Towers with Radar,86,4,103,2,195,0,11,233,0,244,86,15,336,2,439,348,0,348,787
04/17/2012,LGB,CA,AWP,WE,Towers with Radar,84,0,69,1,154,0,11,241,1,253,84,11,310,2,407,336,0,336,743
04/18/2012,LGB,CA,AWP,WE,Towers with Radar,83,3,81,1,168,0,18,251,0,269,83,21,332,1,437,342,0,342,779
04/19/2012,LGB,CA,AWP,WE,Towers with Radar,85,19,98,2,204,0,3,219,0,222,85,22,317,2,426,427,0,427,853
04/20/2012,LGB,CA,AWP,WE,Towers with Radar,87,10,106,7,210,0,5,256,5,266,87,15,362,12,476,378,0,378,854
04/21/2012,LGB,CA,AWP,WE,Towers with Radar,75,9,84,0,168,0,1,183,0,184,75,10,267,0,352,354,0,354,706
04/22/2012,LGB,CA,AWP,WE,Towers with Radar,83,7,107,0,197,0,3,98,0,101,83,10,205,0,298,256,0,256,554
04/23/2012,LGB,CA,AWP,WE,Towers with Radar,84,6,88,1,179,0,5,133,0,138,84,11,221,1,317,444,0,444,761
04/24/2012,LGB,CA,AWP,WE,Towers with Radar,79,3,87,1,170,0,12,273,0,285,79,15,360,1,455,390,0,390,845
04/25/2012,LGB,CA,AWP,WE,Towers with Radar,78,8,76,1,163,0,9,227,2,238,78,17,303,3,401,286,0,286,687
04/26/2012,LGB,CA,AWP,WE,Towers with Radar,85,13,104,2,204,0,4,243,0,247,85,17,347,2,451,399,0,399,850
04/27/2012,LGB,CA,AWP,WE,Towers with Radar,86,6,110,3,205,0,8,303,2,313,86,14,413,5,518,359,2,361,879
04/28/2012,LGB,CA,AWP,WE,Towers with Radar,65,4,73,0,142,0,6,331,1,338,65,10,404,1,480,450,0,450,930
04/29/2012,LGB,CA,AWP,WE,Towers with Radar,81,6,57,4,148,0,0,163,0,163,81,6,220,4,311,343,0,343,654
04/30/2012,LGB,CA,AWP,WE,Towers with Radar,83,6,98,0,187,0,9,118,0,127,83,15,216,0,314,404,0,404,718
05/01/2012,LGB,CA,AWP,WE,Towers with Radar,82,7,90,0,179,0,2,149,0,151,82,9,239,0,330,400,0,400,730
05/02/2012,LGB,CA,AWP,WE,Towers with Radar,81,11,135,2,229,0,11,308,1,320,81,22,443,3,549,630,0,630,1179
05/03/2012,LGB,CA,AWP,WE,Towers with Radar,85,12,95,4,196,0,15,184,0,199,85,27,279,4,395,335,0,335,730
05/04/2012,LGB,CA,AWP,WE,Towers with Radar,86,9,113,3,211,0,6,168,0,174,86,15,281,3,385,406,0,406,791
05/05/2012,LGB,CA,AWP,WE,Towers with Radar,68,9,65,0,142,0,8,297,0,305,68,17,362,0,447,413,0,413,860
05/06/2012,LGB,CA,AWP,WE,Towers with Radar,82,8,67,0,157,0,0,182,0,182,82,8,249,0,339,214,0,214,553
05/07/2012,LGB,CA,AWP,WE,Towers with Radar,85,9,83,0,177,0,7,199,0,206,85,16,282,0,383,423,0,423,806
05/08/2012,LGB,CA,AWP,WE,Towers with Radar,82,11,83,1,177,0,2,255,1,258,82,13,338,2,435,560,0,560,995
05/09/2012,LGB,CA,AWP,WE,Towers with Radar,79,14,88,3,184,0,5,273,2,280,79,19,361,5,464,434,0,434,898
05/10/2012,LGB,CA,AWP,WE,Towers with Radar,88,22,101,2,213,0,6,116,0,122,88,28,217,2,335,347,0,347,682
05/11/2012,LGB,CA,AWP,WE,Towers with Radar,87,17,67,2,173,0,6,214,0,220,87,23,281,2,393,345,0,345,738
05/12/2012,LGB,CA,AWP,WE,Towers with Radar,70,6,83,0,159,0,2,275,0,277,70,8,358,0,436,449,0,449,885
05/13/2012,LGB,CA,AWP,WE,Towers with Radar,81,9,64,1,155,0,0,135,0,135,81,9,199,1,290,237,0,237,527
05/14/2012,LGB,CA,AWP,WE,Towers with Radar,85,5,85,5,180,0,11,217,5,233,85,16,302,10,413,307,0,307,720
05/15/2012,LGB,CA,AWP,WE,Towers with Radar,86,7,101,0,194,0,10,332,2,344,86,17,433,2,538,525,0,525,1063
05/16/2012,LGB,CA,AWP,WE,Towers with Radar,85,8,85,0,178,0,5,258,0,263,85,13,343,0,441,491,0,491,932
05/17/2012,LGB,CA,AWP,WE,Towers with Radar,84,15,85,2,186,0,8,149,0,157,84,23,234,2,343,380,0,380,723
05/18/2012,LGB,CA,AWP,WE,Towers with Radar,88,7,106,1,202,0,15,287,2,304,88,22,393,3,506,462,2,464,970
05/19/2012,LGB,CA,AWP,WE,Towers with Radar,75,4,78,0,157,0,9,261,0,270,75,13,339,0,427,435,0,435,862
05/20/2012,LGB,CA,AWP,WE,Towers with Radar,84,6,67,7,164,0,1,192,0,193,84,7,259,7,357,505,0,505,862
05/21/2012,LGB,CA,AWP,WE,Towers with Radar,86,8,105,4,203,0,2,132,0,134,86,10,237,4,337,255,0,255,592
05/22/2012,LGB,CA,AWP,WE,Towers with Radar,86,8,93,0,187,0,22,163,0,185,86,30,256,0,372,347,0,347,719
05/23/2012,LGB,CA,AWP,WE,Towers with Radar,88,10,89,2,189,0,5,212,0,217,88,15,301,2,406,370,0,370,776
05/24/2012,LGB,CA,AWP,WE,Towers with Radar,93,6,80,4,183,0,13,232,0,245,93,19,312,4,428,477,0,477,905
05/25/2012,LGB,CA,AWP,WE,Towers with Radar,92,7,90,2,191,0,4,148,1,153,92,11,238,3,344,283,0,283,627
05/26/2012,LGB,CA,AWP,WE,Towers with Radar,84,2,67,2,155,0,3,269,2,274,84,5,336,4,429,415,0,415,844
05/27/2012,LGB,CA,AWP,WE,Towers with Radar,84,1,48,1,134,0,4,154,1,159,84,5,202,2,293,264,0,264,557
05/28/2012,LGB,CA,AWP,WE,Towers with Radar,90,1,80,0,171,0,4,227,1,232,90,5,307,1,403,236,0,236,639
05/29/2012,LGB,CA,AWP,WE,Towers with Radar,91,22,74,5,192,0,4,209,3,216,91,26,283,8,408,524,0,524,932
05/30/2012,LGB,CA,AWP,WE,Towers with Radar,91,18,96,0,205,0,6,268,0,274,91,24,364,0,479,347,0,347,826
05/31/2012,LGB,CA,AWP,WE,Towers with Radar,93,16,98,1,208,0,9,219,0,228,93,25,317,1,436,370,0,370,806
06/01/2012,LGB,CA,AWP,WE,Towers with Radar,93,8,120,0,221,0,5,140,0,145,93,13,260,0,366,293,0,293,659
06/02/2012,LGB,CA,AWP,WE,Towers with Radar,82,5,107,0,194,0,3,106,0,109,82,8,213,0,303,267,0,267,570
06/03/2012,LGB,CA,AWP,WE,Towers with Radar,88,8,106,2,204,0,1,181,1,183,88,9,287,3,387,335,0,335,722
06/04/2012,LGB,CA,AWP,WE,Towers with Radar,87,7,93,3,190,0,0,112,3,115,87,7,205,6,305,305,0,305,610
06/05/2012,LGB,CA,AWP,WE,Towers with Radar,88,20,84,3,195,0,14,207,0,221,88,34,291,3,416,316,0,316,732
06/06/2012,LGB,CA,AWP,WE,Towers with Radar,92,14,86,2,194,4,12,186,0,202,96,26,272,2,396,154,0,154,550
06/07/2012,LGB,CA,AWP,WE,Towers with Radar,94,10,89,0,193,0,3,204,1,208,94,13,293,1,401,304,0,304,705
06/08/2012,LGB,CA,AWP,WE,Towers with Radar,96,2,73,5,176,0,11,235,0,246,96,13,308,5,422,482,0,482,904
06/09/2012,LGB,CA,AWP,WE,Towers with Radar,83,9,61,2,155,0,8,157,0,165,83,17,218,2,320,445,0,445,765
06/10/2012,LGB,CA,AWP,WE,Towers with Radar,87,6,99,0,192,0,1,196,0,197,87,7,295,0,389,348,0,348,737
06/11/2012,LGB,CA,AWP,WE,Towers with Radar,91,7,90,0,188,0,4,204,0,208,91,11,294,0,396,398,0,398,794
06/12/2012,LGB,CA,AWP,WE,Towers with Radar,90,3,98,2,193,0,8,156,0,164,90,11,254,2,357,403,0,403,760
06/13/2012,LGB,CA,AWP,WE,Towers with Radar,90,4,68,2,164,0,6,187,0,193,90,10,255,2,357,373,0,373,730
06/14/2012,LGB,CA,AWP,WE,Towers with Radar,94,12,92,0,198,1,11,213,0,225,95,23,305,0,423,345,0,345,768
06/15/2012,LGB,CA,AWP,WE,Towers with Radar,90,8,88,2,188,0,10,182,0,192,90,18,270,2,380,341,0,341,721
06/16/2012,LGB,CA,AWP,WE,Towers with Radar,81,6,75,2,164,0,5,191,0,196,81,11,266,2,360,233,0,233,593
06/17/2012,LGB,CA,AWP,WE,Towers with Radar,85,9,67,0,161,0,7,201,0,208,85,16,268,0,369,355,0,355,724
06/18/2012,LGB,CA,AWP,WE,Towers with Radar,92,9,57,0,158,0,4,152,0,156,92,13,209,0,314,330,0,330,644
06/19/2012,LGB,CA,AWP,WE,Towers with Radar,91,6,86,0,183,0,11,283,0,294,91,17,369,0,477,470,0,470,947
06/20/2012,LGB,CA,AWP,WE,Towers with Radar,89,10,75,5,179,0,3,244,3,250,89,13,319,8,429,338,0,338,767
06/21/2012,LGB,CA,AWP,WE,Towers with Radar,90,5,96,0,191,0,11,213,0,224,90,16,309,0,415,502,0,502,917
06/22/2012,LGB,CA,AWP,WE,Towers with Radar,93,6,82,4,185,0,9,275,3,287,93,15,357,7,472,445,0,445,917
06/23/2012,LGB,CA,AWP,WE,Towers with Radar,79,2,45,0,126,0,6,232,0,238,79,8,277,0,364,381,0,381,745
06/24/2012,LGB,CA,AWP,WE,Towers with Radar,82,10,44,0,136,0,2,201,0,203,82,12,245,0,339,150,0,150,489
06/25/2012,LGB,CA,AWP,WE,Towers with Radar,82,2,61,0,145,0,4,201,0,205,82,6,262,0,350,357,0,357,707
06/26/2012,LGB,CA,AWP,WE,Towers with Radar,87,3,72,1,163,0,14,220,0,234,87,17,292,1,397,308,0,308,705
06/27/2012,LGB,CA,AWP,WE,Towers with Radar,94,6,65,1,166,1,15,245,6,267,95,21,310,7,433,382,0,382,815
06/28/2012,LGB,CA,AWP,WE,Towers with Radar,90,0,85,1,176,1,12,211,0,224,91,12,296,1,400,340,0,340,740
06/29/2012,LGB,CA,AWP,WE,Towers with Radar,95,6,62,5,168,0,13,202,0,215,95,19,264,5,383,327,0,327,710
06/30/2012,LGB,CA,AWP,WE,Towers with Radar,79,7,51,2,139,0,5,248,1,254,79,12,299,3,393,388,0,388,781
07/01/2012,LGB,CA,AWP,WE,Towers with Radar,88,12,47,3,150,0,0,200,0,200,88,12,247,3,350,253,0,253,603
07/02/2012,LGB,CA,AWP,WE,Towers with Radar,91,4,63,2,160,0,4,151,0,155,91,8,214,2,315,292,0,292,607
07/03/2012,LGB,CA,AWP,WE,Towers with Radar,91,6,94,4,195,0,6,140,0,146,91,12,234,4,341,274,0,274,615
07/04/2012,LGB,CA,AWP,WE,Towers with Radar,84,0,69,0,153,0,0,134,0,134,84,0,203,0,287,199,0,199,486
07/05/2012,LGB,CA,AWP,WE,Towers with Radar,92,2,70,0,164,0,11,129,0,140,92,13,199,0,304,222,0,222,526
07/06/2012,LGB,CA,AWP,WE,Towers with Radar,97,6,63,0,166,1,11,164,0,176,98,17,227,0,342,367,0,367,709
07/07/2012,LGB,CA,AWP,WE,Towers with Radar,81,7,64,0,152,0,2,73,0,75,81,9,137,0,227,137,0,137,364
07/08/2012,LGB,CA,AWP,WE,Towers with Radar,84,14,65,2,165,0,0,225,0,225,84,14,290,2,390,190,1,191,581
07/09/2012,LGB,CA,AWP,WE,Towers with Radar,89,1,69,0,159,1,5,217,2,225,90,6,286,2,384,364,0,364,748
07/10/2012,LGB,CA,AWP,WE,Towers with Radar,89,9,56,0,154,0,12,214,0,226,89,21,270,0,380,390,0,390,770
07/11/2012,LGB,CA,AWP,WE,Towers with Radar,92,18,73,6,189,0,13,222,4,239,92,31,295,10,428,496,0,496,924
07/12/2012,LGB,CA,AWP,WE,Towers with Radar,90,2,97,3,192,0,14,192,3,209,90,16,289,6,401,436,0,436,837
07/13/2012,LGB,CA,AWP,WE,Towers with Radar,92,11,79,6,188,0,5,181,1,187,92,16,260,7,375,393,0,393,768
07/14/2012,LGB,CA,AWP,WE,Towers with Radar,84,11,82,0,177,0,2,162,0,164,84,13,244,0,341,294,0,294,635
07/15/2012,LGB,CA,AWP,WE,Towers with Radar,91,5,89,1,186,0,3,242,3,248,91,8,331,4,434,350,0,350,784
07/16/2012,LGB,CA,AWP,WE,Towers with Radar,89,3,83,7,182,0,7,144,1,152,89,10,227,8,334,221,0,221,555
07/17/2012,LGB,CA,AWP,WE,Towers with Radar,88,2,71,4,165,0,12,210,2,224,88,14,281,6,389,401,1,402,791
07/18/2012,LGB,CA,AWP,WE,Towers with Radar,95,2,71,0,168,0,4,217,1,222,95,6,288,1,390,415,0,415,805
07/19/2012,LGB,CA,AWP,WE,Towers with Radar,91,4,57,2,154,0,12,212,3,227,91,16,269,5,381,297,0,297,678
07/20/2012,LGB,CA,AWP,WE,Towers with Radar,95,8,77,3,183,0,6,255,0,261,95,14,332,3,444,363,0,363,807
07/21/2012,LGB,CA,AWP,WE,Towers with Radar,84,1,47,0,132,0,6,203,0,209,84,7,250,0,341,305,0,305,646
07/22/2012,LGB,CA,AWP,WE,Towers with Radar,90,9,68,0,167,0,1,177,0,178,90,10,245,0,345,274,0,274,619
07/23/2012,LGB,CA,AWP,WE,Towers with Radar,89,14,58,1,162,0,3,99,0,102,89,17,157,1,264,266,0,266,530
07/24/2012,LGB,CA,AWP,WE,Towers with Radar,90,5,68,1,164,0,2,210,0,212,90,7,278,1,376,364,0,364,740
07/25/2012,LGB,CA,AWP,WE,Towers with Radar,88,10,89,0,187,1,12,277,0,290,89,22,366,0,477,410,0,410,887
07/26/2012,LGB,CA,AWP,WE,Towers with Radar,93,10,73,0,176,0,6,172,1,179,93,16,245,1,355,265,0,265,620
07/27/2012,LGB,CA,AWP,WE,Towers with Radar,93,3,83,1,180,0,13,151,0,164,93,16,234,1,344,306,0,306,650
07/28/2012,LGB,CA,AWP,WE,Towers with Radar,85,6,57,2,150,0,3,183,0,186,85,9,240,2,336,210,0,210,546
07/29/2012,LGB,CA,AWP,WE,Towers with Radar,90,7,53,4,154,0,2,184,0,186,90,9,237,4,340,208,0,208,548
07/30/2012,LGB,CA,AWP,WE,Towers with Radar,93,3,81,0,177,0,1,184,0,185,93,4,265,0,362,296,2,298,660
07/31/2012,LGB,CA,AWP,WE,Towers with Radar,95,4,51,0,150,0,12,242,0,254,95,16,293,0,404,361,0,361,765
08/01/2012,LGB,CA,AWP,WE,Towers with Radar,90,12,85,0,187,0,10,224,0,234,90,22,309,0,421,361,0,361,782
08/02/2012,LGB,CA,AWP,WE,Towers with Radar,88,10,65,0,163,0,14,215,2,231,88,24,280,2,394,395,0,395,789
08/03/2012,LGB,CA,AWP,WE,Towers with Radar,93,3,91,1,188,0,10,208,0,218,93,13,299,1,406,332,0,332,738
08/04/2012,LGB,CA,AWP,WE,Towers with Radar,84,2,75,0,161,0,15,206,0,221,84,17,281,0,382,286,0,286,668
08/05/2012,LGB,CA,AWP,WE,Towers with Radar,90,5,62,1,158,0,0,194,0,194,90,5,256,1,352,299,0,299,651
08/06/2012,LGB,CA,AWP,WE,Towers with Radar,90,3,55,3,151,0,4,212,0,216,90,7,267,3,367,374,0,374,741
08/07/2012,LGB,CA,AWP,WE,Towers with Radar,91,5,70,0,166,0,10,222,0,232,91,15,292,0,398,283,0,283,681
08/08/2012,LGB,CA,AWP,WE,Towers with Radar,90,7,60,2,159,0,9,225,0,234,90,16,285,2,393,252,0,252,645
08/09/2012,LGB,CA,AWP,WE,Towers with Radar,91,6,71,2,170,2,22,252,0,276,93,28,323,2,446,440,0,440,886
08/10/2012,LGB,CA,AWP,WE,Towers with Radar,97,5,64,0,166,2,9,203,0,214,99,14,267,0,380,301,0,301,681
08/11/2012,LGB,CA,AWP,WE,Towers with Radar,86,5,57,0,148,0,6,204,1,211,86,11,261,1,359,244,0,244,603
08/12/2012,LGB,CA,AWP,WE,Towers with Radar,88,3,52,0,143,0,1,170,0,171,88,4,222,0,314,261,0,261,575
08/13/2012,LGB,CA,AWP,WE,Towers with Radar,91,4,59,3,157,0,8,178,0,186,91,12,237,3,343,248,0,248,591
08/14/2012,LGB,CA,AWP,WE,Towers with Radar,90,1,62,4,157,0,16,192,0,208,90,17,254,4,365,353,0,353,718
08/15/2012,LGB,CA,AWP,WE,Towers with Radar,93,5,49,0,147,0,5,182,0,187,93,10,231,0,334,540,0,540,874
08/16/2012,LGB,CA,AWP,WE,Towers with Radar,87,10,81,3,181,0,5,210,1,216,87,15,291,4,397,424,0,424,821
08/17/2012,LGB,CA,AWP,WE,Towers with Radar,98,10,62,0,170,1,12,289,0,302,99,22,351,0,472,483,0,483,955
08/18/2012,LGB,CA,AWP,WE,Towers with Radar,84,4,60,0,148,0,7,250,0,257,84,11,310,0,405,426,0,426,831
08/19/2012,LGB,CA,AWP,WE,Towers with Radar,91,7,72,2,172,0,1,171,0,172,91,8,243,2,344,247,0,247,591
08/20/2012,LGB,CA,AWP,WE,Towers with Radar,91,7,73,4,175,0,5,226,0,231,91,12,299,4,406,286,0,286,692
08/21/2012,LGB,CA,AWP,WE,Towers with Radar,89,8,61,1,159,0,8,205,0,213,89,16,266,1,372,313,0,313,685
08/22/2012,LGB,CA,AWP,WE,Towers with Radar,93,3,66,3,165,0,10,217,2,229,93,13,283,5,394,406,0,406,800
08/23/2012,LGB,CA,AWP,WE,Towers with Radar,91,5,89,3,188,0,7,224,0,231,91,12,313,3,419,512,0,512,931
08/24/2012,LGB,CA,AWP,WE,Towers with Radar,96,10,82,3,191,1,7,72,0,80,97,17,154,3,271,155,0,155,426
08/25/2012,LGB,CA,AWP,WE,Towers with Radar,80,12,60,3,155,0,2,176,0,178,80,14,236,3,333,348,0,348,681
08/26/2012,LGB,CA,AWP,WE,Towers with Radar,90,8,62,2,162,0,1,156,0,157,90,9,218,2,319,218,0,218,537
08/27/2012,LGB,CA,AWP,WE,Towers with Radar,89,3,54,1,147,0,6,170,1,177,89,9,224,2,324,250,0,250,574
08/28/2012,LGB,CA,AWP,WE,Towers with Radar,90,4,104,2,200,0,11,255,0,266,90,15,359,2,466,328,1,329,795
08/29/2012,LGB,CA,AWP,WE,Towers with Radar,91,7,85,0,183,0,7,214,0,221,91,14,299,0,404,255,0,255,659
08/30/2012,LGB,CA,AWP,WE,Towers with Radar,92,4,62,2,160,0,11,174,0,185,92,15,236,2,345,271,0,271,616
08/31/2012,LGB,CA,AWP,WE,Towers with Radar,93,4,82,0,179,0,15,245,0,260,93,19,327,0,439,430,0,430,869
09/01/2012,LGB,CA,AWP,WE,Towers with Radar,82,4,76,0,162,0,14,216,0,230,82,18,292,0,392,280,0,280,672
09/02/2012,LGB,CA,AWP,WE,Towers with Radar,88,0,28,1,117,0,2,149,0,151,88,2,177,1,268,209,0,209,477
09/03/2012,LGB,CA,AWP,WE,Towers with Radar,86,4,61,0,151,0,4,218,2,224,86,8,279,2,375,315,0,315,690
09/04/2012,LGB,CA,AWP,WE,Towers with Radar,89,1,74,1,165,1,9,218,0,228,90,10,292,1,393,289,0,289,682
09/05/2012,LGB,CA,AWP,WE,Towers with Radar,79,4,44,2,129,0,18,184,1,203,79,22,228,3,332,278,0,278,610
09/06/2012,LGB,CA,AWP,WE,Towers with Radar,81,4,66,3,154,0,13,180,2,195,81,17,246,5,349,227,0,227,576
09/07/2012,LGB,CA,AWP,WE,Towers with Radar,81,7,50,0,138,0,22,212,0,234,81,29,262,0,372,275,0,275,647
09/08/2012,LGB,CA,AWP,WE,Towers with Radar,62,5,52,0,119,1,3,268,3,275,63,8,320,3,394,394,0,394,788
09/09/2012,LGB,CA,AWP,WE,Towers with Radar,80,5,37,1,123,0,1,183,0,184,80,6,220,1,307,292,0,292,599
09/10/2012,LGB,CA,AWP,WE,Towers with Radar,80,2,66,0,148,0,9,210,0,219,80,11,276,0,367,249,0,249,616
09/11/2012,LGB,CA,AWP,WE,Towers with Radar,75,6,67,2,150,0,13,160,0,173,75,19,227,2,323,301,0,301,624
09/12/2012,LGB,CA,AWP,WE,Towers with Radar,80,16,66,4,166,0,18,206,1,225,80,34,272,5,391,644,0,644,1035
09/13/2012,LGB,CA,AWP,WE,Towers with Radar,83,10,77,0,170,0,9,201,0,210,83,19,278,0,380,417,0,417,797
09/14/2012,LGB,CA,AWP,WE,Towers with Radar,85,15,44,2,146,0,18,186,1,205,85,33,230,3,351,460,0,460,811
09/15/2012,LGB,CA,AWP,WE,Towers with Radar,65,3,35,3,106,0,9,262,0,271,65,12,297,3,377,377,0,377,754
09/16/2012,LGB,CA,AWP,WE,Towers with Radar,86,4,58,3,151,0,1,136,2,139,86,5,194,5,290,256,0,256,546
09/17/2012,LGB,CA,AWP,WE,Towers with Radar,81,6,35,4,126,0,7,166,1,174,81,13,201,5,300,444,0,444,744
09/18/2012,LGB,CA,AWP,WE,Towers with Radar,75,3,54,1,133,0,16,210,0,226,75,19,264,1,359,488,0,488,847
09/19/2012,LGB,CA,AWP,WE,Towers with Radar,79,1,71,0,151,1,10,176,1,188,80,11,247,1,339,375,0,375,714
09/20/2012,LGB,CA,AWP,WE,Towers with Radar,81,5,54,2,142,1,9,219,0,229,82,14,273,2,371,379,0,379,750
09/21/2012,LGB,CA,AWP,WE,Towers with Radar,82,5,55,3,145,0,0,4,0,4,82,5,59,3,149,0,0,0,149
09/22/2012,LGB,CA,AWP,WE,Towers with Radar,60,6,38,0,104,0,2,178,0,180,60,8,216,0,284,392,0,392,676
09/23/2012,LGB,CA,AWP,WE,Towers with Radar,83,6,53,3,145,0,7,191,0,198,83,13,244,3,343,300,0,300,643
09/24/2012,LGB,CA,AWP,WE,Towers with Radar,80,4,52,1,137,0,9,155,0,164,80,13,207,1,301,252,0,252,553
09/25/2012,LGB,CA,AWP,WE,Towers with Radar,78,5,65,4,152,0,11,224,1,236,78,16,289,5,388,332,0,332,720
09/26/2012,LGB,CA,AWP,WE,Towers with Radar,76,7,90,3,176,0,11,252,3,266,76,18,342,6,442,486,0,486,928
09/27/2012,LGB,CA,AWP,WE,Towers with Radar,80,7,62,6,155,0,4,208,3,215,80,11,270,9,370,347,0,347,717
09/28/2012,LGB,CA,AWP,WE,Towers with Radar,84,5,72,1,162,0,13,199,0,212,84,18,271,1,374,266,0,266,640
09/29/2012,LGB,CA,AWP,WE,Towers with Radar,65,2,44,0,111,0,6,223,0,229,65,8,267,0,340,283,0,283,623
09/30/2012,LGB,CA,AWP,WE,Towers with Radar,83,6,49,0,138,0,3,227,0,230,83,9,276,0,368,372,0,372,740
10/01/2012,LGB,CA,AWP,WE,Towers with Radar,81,6,42,1,130,0,10,198,0,208,81,16,240,1,338,298,0,298,636
10/02/2012,LGB,CA,AWP,WE,Towers with Radar,77,5,61,3,146,0,9,222,0,231,77,14,283,3,377,345,0,345,722
10/03/2012,LGB,CA,AWP,WE,Towers with Radar,79,12,83,0,174,1,9,174,0,184,80,21,257,0,358,303,0,303,661
10/04/2012,LGB,CA,AWP,WE,Towers with Radar,78,2,66,3,149,0,11,257,2,270,78,13,323,5,419,468,0,468,887
10/05/2012,LGB,CA,AWP,WE,Towers with Radar,80,10,72,10,172,0,13,166,4,183,80,23,238,14,355,404,0,404,759
10/06/2012,LGB,CA,AWP,WE,Towers with Radar,55,8,64,4,131,0,6,199,3,208,55,14,263,7,339,321,0,321,660
10/07/2012,LGB,CA,AWP,WE,Towers with Radar,77,11,53,5,146,0,0,76,1,77,77,11,129,6,223,81,0,81,304
10/08/2012,LGB,CA,AWP,WE,Towers with Radar,78,17,70,1,166,0,7,174,0,181,78,24,244,1,347,344,0,344,691
10/09/2012,LGB,CA,AWP,WE,Towers with Radar,73,5,84,1,163,0,12,244,2,258,73,17,328,3,421,374,0,374,795
10/10/2012,LGB,CA,AWP,WE,Towers with Radar,76,4,76,0,156,0,6,212,0,218,76,10,288,0,374,466,0,466,840
10/11/2012,LGB,CA,AWP,WE,Towers with Radar,77,7,52,0,136,0,14,128,0,142,77,21,180,0,278,409,0,409,687
10/12/2012,LGB,CA,AWP,WE,Towers with Radar,80,2,66,9,157,0,14,168,0,182,80,16,234,9,339,407,0,407,746
10/13/2012,LGB,CA,AWP,WE,Towers with Radar,58,1,45,5,109,0,4,227,0,231,58,5,272,5,340,320,0,320,660
10/14/2012,LGB,CA,AWP,WE,Towers with Radar,75,5,45,1,126,0,1,246,0,247,75,6,291,1,373,239,0,239,612
10/15/2012,LGB,CA,AWP,WE,Towers with Radar,77,7,69,0,153,0,6,225,0,231,77,13,294,0,384,408,0,408,792
10/16/2012,LGB,CA,AWP,WE,Towers with Radar,76,9,62,5,152,0,6,247,1,254,76,15,309,6,406,438,0,438,844
10/17/2012,LGB,CA,AWP,WE,Towers with Radar,76,7,93,4,180,0,16,301,2,319,76,23,394,6,499,459,0,459,958
10/18/2012,LGB,CA,AWP,WE,Towers with Radar,79,3,55,1,138,0,4,176,1,181,79,7,231,2,319,377,0,377,696
10/19/2012,LGB,CA,AWP,WE,Towers with Radar,78,11,100,2,191,0,8,233,1,242,78,19,333,3,433,360,0,360,793
10/20/2012,LGB,CA,AWP,WE,Towers with Radar,59,8,91,2,160,1,7,127,0,135,60,15,218,2,295,371,0,371,666
10/21/2012,LGB,CA,AWP,WE,Towers with Radar,73,8,75,0,156,0,3,209,0,212,73,11,284,0,368,168,0,168,536
10/22/2012,LGB,CA,AWP,WE,Towers with Radar,80,4,88,1,173,0,6,167,0,173,80,10,255,1,346,365,0,365,711
10/23/2012,LGB,CA,AWP,WE,Towers with Radar,72,6,74,6,158,0,11,215,1,227,72,17,289,7,385,432,0,432,817
10/24/2012,LGB,CA,AWP,WE,Towers with Radar,77,8,75,4,164,0,12,166,1,179,77,20,241,5,343,317,0,317,660
10/25/2012,LGB,CA,AWP,WE,Towers with Radar,77,11,83,2,173,0,8,251,1,260,77,19,334,3,433,369,0,369,802
10/26/2012,LGB,CA,AWP,WE,Towers with Radar,79,1,84,2,166,0,8,184,0,192,79,9,268,2,358,345,0,345,703
10/27/2012,LGB,CA,AWP,WE,Towers with Radar,58,1,52,0,111,0,4,277,0,281,58,5,329,0,392,401,0,401,793
10/28/2012,LGB,CA,AWP,WE,Towers with Radar,72,2,56,4,134,0,1,178,0,179,72,3,234,4,313,224,0,224,537
10/29/2012,LGB,CA,AWP,WE,Towers with Radar,71,6,87,1,165,0,9,223,2,234,71,15,310,3,399,429,0,429,828
10/30/2012,LGB,CA,AWP,WE,Towers with Radar,78,3,91,1,173,2,8,234,1,245,80,11,325,2,418,403,0,403,821
10/31/2012,LGB,CA,AWP,WE,Towers with Radar,65,8,99,0,172,0,2,165,0,167,65,10,264,0,339,306,0,306,645
11/01/2012,LGB,CA,AWP,WE,Towers with Radar,80,9,95,7,191,0,8,219,0,227,80,17,314,7,418,307,0,307,725
11/02/2012,LGB,CA,AWP,WE,Towers with Radar,71,5,49,0,125,0,12,179,0,191,71,17,228,0,316,415,0,415,731
11/03/2012,LGB,CA,AWP,WE,Towers with Radar,56,3,68,2,129,1,4,243,0,248,57,7,311,2,377,322,0,322,699
11/04/2012,LGB,CA,AWP,WE,Towers with Radar,72,3,60,5,140,0,0,219,0,219,72,3,279,5,359,249,0,249,608
11/05/2012,LGB,CA,AWP,WE,Towers with Radar,78,2,53,3,136,1,17,198,0,216,79,19,251,3,352,230,0,230,582
11/06/2012,LGB,CA,AWP,WE,Towers with Radar,78,8,74,1,161,0,16,161,0,177,78,24,235,1,338,372,0,372,710
11/07/2012,LGB,CA,AWP,WE,Towers with Radar,65,8,74,2,149,0,5,254,4,263,65,13,328,6,412,443,0,443,855
11/08/2012,LGB,CA,AWP,WE,Towers with Radar,73,6,67,4,150,0,6,148,1,155,73,12,215,5,305,455,0,455,760
11/09/2012,LGB,CA,AWP,WE,Towers with Radar,82,4,51,2,139,1,6,200,0,207,83,10,251,2,346,322,0,322,668
11/10/2012,LGB,CA,AWP,WE,Towers with Radar,57,2,54,0,113,0,3,229,0,232,57,5,283,0,345,274,0,274,619
11/11/2012,LGB,CA,AWP,WE,Towers with Radar,74,6,60,1,141,0,0,229,0,229,74,6,289,1,370,327,0,327,697
11/12/2012,LGB,CA,AWP,WE,Towers with Radar,79,2,73,1,155,0,11,212,0,223,79,13,285,1,378,325,0,325,703
11/13/2012,LGB,CA,AWP,WE,Towers with Radar,73,8,87,4,172,0,12,289,2,303,73,20,376,6,475,445,0,445,920
11/14/2012,LGB,CA,AWP,WE,Towers with Radar,72,3,78,1,154,0,9,280,0,289,72,12,358,1,443,367,0,367,810
11/15/2012,LGB,CA,AWP,WE,Towers with Radar,80,1,72,4,157,0,7,237,3,247,80,8,309,7,404,378,0,378,782
11/16/2012,LGB,CA,AWP,WE,Towers with Radar,77,7,81,6,171,0,10,277,0,287,77,17,358,6,458,424,0,424,882
11/17/2012,LGB,CA,AWP,WE,Towers with Radar,72,5,56,2,135,0,3,100,0,103,72,8,156,2,238,287,0,287,525
11/18/2012,LGB,CA,AWP,WE,Towers with Radar,72,5,54,2,133,0,1,167,0,168,72,6,221,2,301,439,0,439,740
11/19/2012,LGB,CA,AWP,WE,Towers with Radar,79,10,64,5,158,0,3,177,3,183,79,13,241,8,341,232,0,232,573
11/20/2012,LGB,CA,AWP,WE,Towers with Radar,81,13,64,2,160,0,7,126,0,133,81,20,190,2,293,197,0,197,490
11/21/2012,LGB,CA,AWP,WE,Towers with Radar,81,11,90,3,185,1,4,185,1,191,82,15,275,4,376,293,0,293,669
11/22/2012,LGB,CA,AWP,WE,Towers with Radar,64,2,22,0,88,0,1,76,0,77,64,3,98,0,165,235,0,235,400
11/23/2012,LGB,CA,AWP,WE,Towers with Radar,72,4,51,2,129,0,3,174,1,178,72,7,225,3,307,310,0,310,617
11/24/2012,LGB,CA,AWP,WE,Towers with Radar,74,2,52,2,130,0,8,221,0,229,74,10,273,2,359,371,0,371,730
11/25/2012,LGB,CA,AWP,WE,Towers with Radar,79,9,106,0,194,0,0,123,0,123,79,9,229,0,317,201,0,201,518
11/26/2012,LGB,CA,AWP,WE,Towers with Radar,79,6,72,2,159,0,1,212,0,213,79,7,284,2,372,324,0,324,696
11/27/2012,LGB,CA,AWP,WE,Towers with Radar,72,5,93,5,175,0,15,249,3,267,72,20,342,8,442,434,0,434,876
11/28/2012,LGB,CA,AWP,WE,Towers with Radar,72,6,58,3,139,0,9,162,2,173,72,15,220,5,312,372,0,372,684
11/29/2012,LGB,CA,AWP,WE,Towers with Radar,83,7,93,4,187,0,0,0,0,0,83,7,93,4,187,14,0,14,201
11/30/2012,LGB,CA,AWP,WE,Towers with Radar,78,3,86,8,175,0,0,6,0,6,78,3,92,8,181,0,0,0,181
12/01/2012,LGB,CA,AWP,WE,Towers with Radar,55,10,113,1,179,0,2,112,0,114,55,12,225,1,293,237,0,237,530
12/02/2012,LGB,CA,AWP,WE,Towers with Radar,75,7,86,0,168,0,6,71,0,77,75,13,157,0,245,85,0,85,330
12/03/2012,LGB,CA,AWP,WE,Towers with Radar,78,3,82,2,165,0,8,141,0,149,78,11,223,2,314,366,0,366,680
12/04/2012,LGB,CA,AWP,WE,Towers with Radar,68,4,86,1,159,0,14,186,0,200,68,18,272,1,359,400,0,400,759
12/05/2012,LGB,CA,AWP,WE,Towers with Radar,70,9,76,4,159,0,7,119,1,127,70,16,195,5,286,148,0,148,434
12/06/2012,LGB,CA,AWP,WE,Towers with Radar,80,9,97,3,189,0,6,157,0,163,80,15,254,3,352,275,0,275,627
12/07/2012,LGB,CA,AWP,WE,Towers with Radar,82,14,140,0,236,0,1,42,0,43,82,15,182,0,279,90,0,90,369
12/08/2012,LGB,CA,AWP,WE,Towers with Radar,58,10,80,4,152,1,1,126,0,128,59,11,206,4,280,253,0,253,533
12/09/2012,LGB,CA,AWP,WE,Towers with Radar,74,7,99,2,182,0,1,158,0,159,74,8,257,2,341,309,0,309,650
12/10/2012,LGB,CA,AWP,WE,Towers with Radar,79,8,79,3,169,0,7,276,0,283,79,15,355,3,452,309,0,309,761
12/11/2012,LGB,CA,AWP,WE,Towers with Radar,70,9,97,1,177,0,7,238,1,246,70,16,335,2,423,262,0,262,685
12/12/2012,LGB,CA,AWP,WE,Towers with Radar,71,3,100,3,177,0,12,209,1,222,71,15,309,4,399,415,0,415,814
12/13/2012,LGB,CA,AWP,WE,Towers with Radar,81,8,72,4,165,0,9,193,1,203,81,17,265,5,368,457,0,457,825
12/14/2012,LGB,CA,AWP,WE,Towers with Radar,80,8,75,1,164,0,6,207,0,213,80,14,282,1,377,305,0,305,682
12/15/2012,LGB,CA,AWP,WE,Towers with Radar,55,8,70,0,133,0,4,212,1,217,55,12,282,1,350,398,0,398,748
12/16/2012,LGB,CA,AWP,WE,Towers with Radar,70,1,56,0,127,0,0,82,0,82,70,1,138,0,209,274,0,274,483
12/17/2012,LGB,CA,AWP,WE,Towers with Radar,78,6,64,1,149,0,6,156,1,163,78,12,220,2,312,228,0,228,540
12/18/2012,LGB,CA,AWP,WE,Towers with Radar,74,3,49,0,126,0,8,150,0,158,74,11,199,0,284,175,0,175,459
12/19/2012,LGB,CA,AWP,WE,Towers with Radar,72,4,90,4,170,0,14,330,2,346,72,18,420,6,516,282,0,282,798
12/20/2012,LGB,CA,AWP,WE,Towers with Radar,77,5,62,1,145,0,6,304,1,311,77,11,366,2,456,269,0,269,725
12/21/2012,LGB,CA,AWP,WE,Towers with Radar,80,9,64,2,155,1,5,289,0,295,81,14,353,2,450,404,0,404,854
12/22/2012,LGB,CA,AWP,WE,Towers with Radar,68,17,95,1,181,0,4,267,0,271,68,21,362,1,452,276,0,276,728
12/23/2012,LGB,CA,AWP,WE,Towers with Radar,73,9,50,0,132,0,1,118,0,119,73,10,168,0,251,277,0,277,528
12/24/2012,LGB,CA,AWP,WE,Towers with Radar,70,4,30,0,104,0,4,65,0,69,70,8,95,0,173,86,0,86,259
12/25/2012,LGB,CA,AWP,WE,Towers with Radar,74,6,24,0,104,0,2,70,0,72,74,8,94,0,176,68,0,68,244
12/26/2012,LGB,CA,AWP,WE,Towers with Radar,79,1,61,0,141,0,22,155,0,177,79,23,216,0,318,269,0,269,587
12/27/2012,LGB,CA,AWP,WE,Towers with Radar,82,2,71,0,155,0,6,261,0,267,82,8,332,0,422,422,0,422,844
12/28/2012,LGB,CA,AWP,WE,Towers with Radar,79,3,69,0,151,0,22,216,0,238,79,25,285,0,389,540,0,540,929
12/29/2012,LGB,CA,AWP,WE,Towers with Radar,72,3,47,0,122,0,1,90,0,91,72,4,137,0,213,186,0,186,399
12/30/2012,LGB,CA,AWP,WE,Towers with Radar,70,7,44,0,121,0,2,164,0,166,70,9,208,0,287,205,0,205,492
12/31/2012,LGB,CA,AWP,WE,Towers with Radar,76,1,40,0,117,0,8,173,0,181,76,9,213,0,298,249,0,249,547
01/01/2013,LGB,CA,AWP,WE,Towers with Radar,73,2,38,0,113,0,2,132,0,134,73,4,170,0,247,173,0,173,420
01/02/2013,LGB,CA,AWP,WE,Towers with Radar,79,9,54,1,143,0,8,226,0,234,79,17,280,1,377,275,0,275,652
01/03/2013,LGB,CA,AWP,WE,Towers with Radar,80,3,60,3,146,0,12,199,2,213,80,15,259,5,359,320,0,320,679
01/04/2013,LGB,CA,AWP,WE,Towers with Radar,78,5,62,0,145,0,5,217,0,222,78,10,279,0,367,276,0,276,643
01/05/2013,LGB,CA,AWP,WE,Towers with Radar,62,6,71,0,139,0,1,283,0,284,62,7,354,0,423,324,0,324,747
01/06/2013,LGB,CA,AWP,WE,Towers with Radar,69,4,55,0,128,0,2,86,0,88,69,6,141,0,216,177,0,177,393
01/07/2013,LGB,CA,AWP,WE,Towers with Radar,78,3,53,1,135,0,6,184,2,192,78,9,237,3,327,344,0,344,671
01/08/2013,LGB,CA,AWP,WE,Towers with Radar,70,4,86,1,161,0,17,268,3,288,70,21,354,4,449,286,0,286,735
01/09/2013,LGB,CA,AWP,WE,Towers with Radar,69,6,86,2,163,0,7,188,0,195,69,13,274,2,358,240,0,240,598
01/10/2013,LGB,CA,AWP,WE,Towers with Radar,79,6,52,6,143,0,11,135,6,152,79,17,187,12,295,202,0,202,497
01/11/2013,LGB,CA,AWP,WE,Towers with Radar,74,8,57,6,145,0,3,226,0,229,74,11,283,6,374,271,0,271,645
01/12/2013,LGB,CA,AWP,WE,Towers with Radar,56,9,51,4,120,0,2,287,0,289,56,11,338,4,409,330,0,330,739
01/13/2013,LGB,CA,AWP,WE,Towers with Radar,68,4,59,0,131,0,4,211,0,215,68,8,270,0,346,321,0,321,667
01/14/2013,LGB,CA,AWP,WE,Towers with Radar,78,4,59,4,145,0,7,203,0,210,78,11,262,4,355,424,0,424,779
01/15/2013,LGB,CA,AWP,WE,Towers with Radar,63,4,72,3,142,0,4,243,1,248,63,8,315,4,390,461,0,461,851
01/16/2013,LGB,CA,AWP,WE,Towers with Radar,65,6,68,3,142,0,7,182,2,191,65,13,250,5,333,460,0,460,793
01/17/2013,LGB,CA,AWP,WE,Towers with Radar,77,5,61,4,147,0,6,235,2,243,77,11,296,6,390,306,0,306,696
01/18/2013,LGB,CA,AWP,WE,Towers with Radar,80,1,74,0,155,1,9,225,1,236,81,10,299,1,391,371,0,371,762
01/19/2013,LGB,CA,AWP,WE,Towers with Radar,54,3,56,2,115,0,4,245,0,249,54,7,301,2,364,453,0,453,817
01/20/2013,LGB,CA,AWP,WE,Towers with Radar,70,3,46,1,120,0,2,169,0,171,70,5,215,1,291,242,0,242,533
01/21/2013,LGB,CA,AWP,WE,Towers with Radar,80,4,54,2,140,0,8,184,0,192,80,12,238,2,332,335,0,335,667
01/22/2013,LGB,CA,AWP,WE,Towers with Radar,66,7,57,1,131,0,3,196,0,199,66,10,253,1,330,308,0,308,638
01/23/2013,LGB,CA,AWP,WE,Towers with Radar,67,4,72,1,144,0,6,192,0,198,67,10,264,1,342,279,0,279,621
01/24/2013,LGB,CA,AWP,WE,Towers with Radar,72,8,54,1,135,0,4,137,0,141,72,12,191,1,276,221,0,221,497
01/25/2013,LGB,CA,AWP,WE,Towers with Radar,82,9,52,3,146,0,5,146,1,152,82,14,198,4,298,322,0,322,620
01/26/2013,LGB,CA,AWP,WE,Towers with Radar,59,3,56,0,118,0,0,55,1,56,59,3,111,1,174,85,0,85,259
01/27/2013,LGB,CA,AWP,WE,Towers with Radar,65,4,55,0,124,0,5,108,0,113,65,9,163,0,237,203,0,203,440
01/28/2013,LGB,CA,AWP,WE,Towers with Radar,80,3,71,7,161,0,7,181,5,193,80,10,252,12,354,332,0,332,686
01/29/2013,LGB,CA,AWP,WE,Towers with Radar,67,3,51,0,121,0,14,189,2,205,67,17,240,2,326,359,0,359,685
01/30/2013,LGB,CA,AWP,WE,Towers with Radar,66,8,59,0,133,0,8,293,2,303,66,16,352,2,436,516,0,516,952
01/31/2013,LGB,CA,AWP,WE,Towers with Radar,80,2,70,0,152,0,2,192,0,194,80,4,262,0,346,350,0,350,696
02/01/2013,LGB,CA,AWP,WE,Towers with Radar,81,9,71,1,162,0,3,266,0,269,81,12,337,1,431,421,0,421,852
02/02/2013,LGB,CA,AWP,WE,Towers with Radar,56,5,63,2,126,0,2,240,1,243,56,7,303,3,369,397,0,397,766
02/03/2013,LGB,CA,AWP,WE,Towers with Radar,70,3,38,0,111,0,0,146,0,146,70,3,184,0,257,238,0,238,495
02/04/2013,LGB,CA,AWP,WE,Towers with Radar,81,5,75,3,164,0,29,106,0,135,81,34,181,3,299,249,0,249,548
02/05/2013,LGB,CA,AWP,WE,Towers with Radar,66,6,95,1,168,0,9,86,0,95,66,15,181,1,263,431,0,431,694
02/06/2013,LGB,CA,AWP,WE,Towers with Radar,67,2,90,3,162,1,6,222,0,229,68,8,312,3,391,539,0,539,930
02/07/2013,LGB,CA,AWP,WE,Towers with Radar,79,2,90,3,174,0,10,112,1,123,79,12,202,4,297,385,0,385,682
02/08/2013,LGB,CA,AWP,WE,Towers with Radar,73,9,64,0,146,0,4,124,0,128,73,13,188,0,274,243,0,243,517
02/09/2013,LGB,CA,AWP,WE,Towers with Radar,56,5,76,0,137,0,2,232,0,234,56,7,308,0,371,335,0,335,706
02/10/2013,LGB,CA,AWP,WE,Towers with Radar,68,5,73,0,146,0,0,149,0,149,68,5,222,0,295,277,0,277,572
02/11/2013,LGB,CA,AWP,WE,Towers with Radar,80,4,62,4,150,0,7,200,2,209,80,11,262,6,359,414,0,414,773
02/12/2013,LGB,CA,AWP,WE,Towers with Radar,67,5,49,2,123,0,9,211,1,221,67,14,260,3,344,349,0,349,693
02/13/2013,LGB,CA,AWP,WE,Towers with Radar,71,3,58,2,134,0,8,214,2,224,71,11,272,4,358,449,0,449,807
02/14/2013,LGB,CA,AWP,WE,Towers with Radar,79,2,70,2,153,0,11,259,0,270,79,13,329,2,423,318,0,318,741
02/15/2013,LGB,CA,AWP,WE,Towers with Radar,83,12,61,2,158,0,8,244,1,253,83,20,305,3,411,424,0,424,835
02/16/2013,LGB,CA,AWP,WE,Towers with Radar,62,8,62,1,133,0,5,271,0,276,62,13,333,1,409,346,0,346,755
02/17/2013,LGB,CA,AWP,WE,Towers with Radar,69,2,63,1,135,0,2,140,0,142,69,4,203,1,277,283,0,283,560
02/18/2013,LGB,CA,AWP,WE,Towers with Radar,80,3,77,2,162,0,17,160,0,177,80,20,237,2,339,398,0,398,737
02/19/2013,LGB,CA,AWP,WE,Towers with Radar,75,3,55,0,133,0,8,94,0,102,75,11,149,0,235,187,0,187,422
02/20/2013,LGB,CA,AWP,WE,Towers with Radar,79,8,55,3,145,0,8,200,4,212,79,16,255,7,357,298,0,298,655
02/21/2013,LGB,CA,AWP,WE,Towers with Radar,78,8,88,1,175,0,6,290,1,297,78,14,378,2,472,384,0,384,856
02/22/2013,LGB,CA,AWP,WE,Towers with Radar,81,4,72,4,161,0,4,284,0,288,81,8,356,4,449,352,0,352,801
02/23/2013,LGB,CA,AWP,WE,Towers with Radar,59,8,62,3,132,0,3,279,0,282,59,11,341,3,414,305,0,305,719
02/24/2013,LGB,CA,AWP,WE,Towers with Radar,74,6,69,1,150,0,3,182,0,185,74,9,251,1,335,387,0,387,722
02/25/2013,LGB,CA,AWP,WE,Towers with Radar,79,21,60,5,165,0,12,186,1,199,79,33,246,6,364,350,0,350,714
02/26/2013,LGB,CA,AWP,WE,Towers with Radar,71,23,85,4,183,0,11,226,5,242,71,34,311,9,425,448,0,448,873
02/27/2013,LGB,CA,AWP,WE,Towers with Radar,70,17,84,1,172,0,5,248,0,253,70,22,332,1,425,464,0,464,889
02/28/2013,LGB,CA,AWP,WE,Towers with Radar,76,25,87,0,188,0,8,277,1,286,76,33,364,1,474,319,0,319,793
03/01/2013,LGB,CA,AWP,WE,Towers with Radar,77,49,78,0,204,0,9,205,1,215,77,58,283,1,419,299,0,299,718
03/02/2013,LGB,CA,AWP,WE,Towers with Radar,57,13,57,0,127,0,4,212,0,216,57,17,269,0,343,444,0,444,787
03/03/2013,LGB,CA,AWP,WE,Towers with Radar,72,9,48,0,129,0,3,165,0,168,72,12,213,0,297,356,0,356,653
03/04/2013,LGB,CA,AWP,WE,Towers with Radar,76,6,65,1,148,0,16,215,0,231,76,22,280,1,379,339,0,339,718
03/05/2013,LGB,CA,AWP,WE,Towers with Radar,70,6,75,1,152,0,9,115,0,124,70,15,190,1,276,323,0,323,599
03/06/2013,LGB,CA,AWP,WE,Towers with Radar,65,12,65,0,142,0,13,214,0,227,65,25,279,0,369,318,0,318,687
03/07/2013,LGB,CA,AWP,WE,Towers with Radar,77,7,56,1,141,0,8,138,0,146,77,15,194,1,287,465,0,465,752
03/08/2013,LGB,CA,AWP,WE,Towers with Radar,74,4,40,1,119,0,10,96,3,109,74,14,136,4,228,213,0,213,441
03/09/2013,LGB,CA,AWP,WE,Towers with Radar,60,6,46,0,112,0,3,209,0,212,60,9,255,0,324,319,0,319,643
03/10/2013,LGB,CA,AWP,WE,Towers with Radar,69,9,62,0,140,0,3,204,0,207,69,12,266,0,347,444,0,444,791
03/11/2013,LGB,CA,AWP,WE,Towers with Radar,77,7,60,4,148,0,16,230,1,247,77,23,290,5,395,300,0,300,695
03/12/2013,LGB,CA,AWP,WE,Towers with Radar,72,9,78,2,161,0,10,209,1,220,72,19,287,3,381,315,0,315,696
03/13/2013,LGB,CA,AWP,WE,Towers with Radar,70,11,70,5,156,0,5,264,4,273,70,16,334,9,429,424,0,424,853
03/14/2013,LGB,CA,AWP,WE,Towers with Radar,80,5,94,1,180,0,5,205,0,210,80,10,299,1,390,290,0,290,680
03/15/2013,LGB,CA,AWP,WE,Towers with Radar,75,7,52,2,136,0,3,195,1,199,75,10,247,3,335,441,0,441,776
03/16/2013,LGB,CA,AWP,WE,Towers with Radar,57,10,67,5,139,1,2,198,0,201,58,12,265,5,340,397,0,397,737
03/17/2013,LGB,CA,AWP,WE,Towers with Radar,67,8,87,2,164,1,2,201,1,205,68,10,288,3,369,464,0,464,833
03/18/2013,LGB,CA,AWP,WE,Towers with Radar,75,7,59,4,145,0,11,109,2,122,75,18,168,6,267,330,0,330,597
03/19/2013,LGB,CA,AWP,WE,Towers with Radar,69,1,76,0,146,0,13,170,0,183,69,14,246,0,329,377,0,377,706
03/20/2013,LGB,CA,AWP,WE,Towers with Radar,69,6,71,0,146,0,10,217,0,227,69,16,288,0,373,431,0,431,804
03/21/2013,LGB,CA,AWP,WE,Towers with Radar,75,13,68,0,156,0,10,222,0,232,75,23,290,0,388,345,0,345,733
03/22/2013,LGB,CA,AWP,WE,Towers with Radar,76,12,87,7,182,0,15,192,4,211,76,27,279,11,393,341,0,341,734
03/23/2013,LGB,CA,AWP,WE,Towers with Radar,55,12,73,1,141,0,3,232,0,235,55,15,305,1,376,381,0,381,757
03/24/2013,LGB,CA,AWP,WE,Towers with Radar,69,7,58,1,135,0,0,197,0,197,69,7,255,1,332,343,0,343,675
03/25/2013,LGB,CA,AWP,WE,Towers with Radar,74,11,58,1,144,0,4,173,0,177,74,15,231,1,321,336,0,336,657
03/26/2013,LGB,CA,AWP,WE,Towers with Radar,73,4,51,1,129,0,11,249,1,261,73,15,300,2,390,424,2,426,816
03/27/2013,LGB,CA,AWP,WE,Towers with Radar,68,9,77,3,157,0,10,248,0,258,68,19,325,3,415,424,0,424,839
03/28/2013,LGB,CA,AWP,WE,Towers with Radar,76,7,79,1,163,0,4,224,3,231,76,11,303,4,394,454,0,454,848
03/29/2013,LGB,CA,AWP,WE,Towers with Radar,77,8,60,0,145,0,8,214,0,222,77,16,274,0,367,514,0,514,881
03/30/2013,LGB,CA,AWP,WE,Towers with Radar,60,6,83,0,149,0,2,218,0,220,60,8,301,0,369,347,0,347,716
03/31/2013,LGB,CA,AWP,WE,Towers with Radar,72,6,54,0,132,0,1,87,0,88,72,7,141,0,220,159,0,159,379
04/01/2013,LGB,CA,AWP,WE,Towers with Radar,80,6,60,1,147,0,11,158,0,169,80,17,218,1,316,291,2,293,609
04/02/2013,LGB,CA,AWP,WE,Towers with Radar,74,2,65,3,144,0,17,217,3,237,74,19,282,6,381,383,0,383,764
04/03/2013,LGB,CA,AWP,WE,Towers with Radar,68,9,68,1,146,0,8,202,0,210,68,17,270,1,356,386,0,386,742
04/04/2013,LGB,CA,AWP,WE,Towers with Radar,81,15,67,1,164,0,8,207,2,217,81,23,274,3,381,380,0,380,761
04/05/2013,LGB,CA,AWP,WE,Towers with Radar,81,6,73,3,163,1,7,187,3,198,82,13,260,6,361,398,0,398,759
04/06/2013,LGB,CA,AWP,WE,Towers with Radar,60,9,63,2,134,0,4,259,2,265,60,13,322,4,399,290,0,290,689
04/07/2013,LGB,CA,AWP,WE,Towers with Radar,77,6,71,2,156,1,2,177,2,182,78,8,248,4,338,312,0,312,650
04/08/2013,LGB,CA,AWP,WE,Towers with Radar,78,8,35,0,121,0,6,85,0,91,78,14,120,0,212,26,0,26,238
04/09/2013,LGB,CA,AWP,WE,Towers with Radar,74,4,65,2,145,0,13,174,2,189,74,17,239,4,334,232,0,232,566
04/10/2013,LGB,CA,AWP,WE,Towers with Radar,68,12,69,0,149,0,7,250,2,259,68,19,319,2,408,396,0,396,804
04/11/2013,LGB,CA,AWP,WE,Towers with Radar,77,9,75,0,161,0,8,236,0,244,77,17,311,0,405,412,0,412,817
04/12/2013,LGB,CA,AWP,WE,Towers with Radar,79,10,61,2,152,0,5,219,0,224,79,15,280,2,376,431,0,431,807
04/13/2013,LGB,CA,AWP,WE,Towers with Radar,59,6,92,1,158,0,1,89,0,90,59,7,181,1,248,329,0,329,577
04/14/2013,LGB,CA,AWP,WE,Towers with Radar,76,4,66,0,146,0,2,133,0,135,76,6,199,0,281,330,0,330,611
04/15/2013,LGB,CA,AWP,WE,Towers with Radar,78,8,63,2,151,0,10,138,0,148,78,18,201,2,299,324,0,324,623
04/16/2013,LGB,CA,AWP,WE,Towers with Radar,76,4,67,5,152,0,9,158,2,169,76,13,225,7,321,345,0,345,666
04/17/2013,LGB,CA,AWP,WE,Towers with Radar,69,9,57,7,142,0,10,224,4,238,69,19,281,11,380,406,0,406,786
04/18/2013,LGB,CA,AWP,WE,Towers with Radar,77,7,81,0,165,0,8,238,0,246,77,15,319,0,411,365,0,365,776
04/19/2013,LGB,CA,AWP,WE,Towers with Radar,78,11,61,6,156,0,4,225,2,231,78,15,286,8,387,414,0,414,801
04/20/2013,LGB,CA,AWP,WE,Towers with Radar,59,8,79,0,146,0,3,286,0,289,59,11,365,0,435,373,0,373,808
04/21/2013,LGB,CA,AWP,WE,Towers with Radar,76,19,113,2,210,0,5,234,0,239,76,24,347,2,449,297,0,297,746
04/22/2013,LGB,CA,AWP,WE,Towers with Radar,80,7,49,0,136,0,9,158,0,167,80,16,207,0,303,526,0,526,829
04/23/2013,LGB,CA,AWP,WE,Towers with Radar,75,5,72,2,154,0,11,230,2,243,75,16,302,4,397,615,0,615,1012
04/24/2013,LGB,CA,AWP,WE,Towers with Radar,68,15,69,2,154,0,13,138,0,151,68,28,207,2,305,504,0,504,809
04/25/2013,LGB,CA,AWP,WE,Towers with Radar,72,13,59,9,153,0,16,230,3,249,72,29,289,12,402,456,0,456,858
04/26/2013,LGB,CA,AWP,WE,Towers with Radar,79,4,50,0,133,0,7,268,1,276,79,11,318,1,409,541,0,541,950
04/27/2013,LGB,CA,AWP,WE,Towers with Radar,54,10,52,1,117,0,3,353,1,357,54,13,405,2,474,391,0,391,865
04/28/2013,LGB,CA,AWP,WE,Towers with Radar,70,5,69,1,145,0,2,185,0,187,70,7,254,1,332,312,0,312,644
04/29/2013,LGB,CA,AWP,WE,Towers with Radar,80,5,85,1,171,0,7,187,2,196,80,12,272,3,367,447,16,463,830
04/30/2013,LGB,CA,AWP,WE,Towers with Radar,73,3,88,3,167,1,14,170,0,185,74,17,258,3,352,516,0,516,868
05/01/2013,LGB,CA,AWP,WE,Towers with Radar,67,10,70,0,147,0,11,212,0,223,67,21,282,0,370,425,0,425,795
05/02/2013,LGB,CA,AWP,WE,Towers with Radar,83,13,58,3,157,1,10,216,3,230,84,23,274,6,387,515,0,515,902
05/03/2013,LGB,CA,AWP,WE,Towers with Radar,80,7,65,3,155,0,2,253,6,261,80,9,318,9,416,450,0,450,866
05/04/2013,LGB,CA,AWP,WE,Towers with Radar,60,7,45,0,112,0,1,161,0,162,60,8,206,0,274,278,0,278,552
05/05/2013,LGB,CA,AWP,WE,Towers with Radar,76,7,44,1,128,0,2,88,0,90,76,9,132,1,218,232,0,232,450
05/06/2013,LGB,CA,AWP,WE,Towers with Radar,79,5,56,4,144,0,9,79,2,90,79,14,135,6,234,302,0,302,536
05/07/2013,LGB,CA,AWP,WE,Towers with Radar,72,1,64,1,138,0,17,183,0,200,72,18,247,1,338,394,0,394,732
05/08/2013,LGB,CA,AWP,WE,Towers with Radar,68,14,80,0,162,0,9,236,0,245,68,23,316,0,407,498,0,498,905
05/09/2013,LGB,CA,AWP,WE,Towers with Radar,79,13,84,0,176,0,14,226,0,240,79,27,310,0,416,400,0,400,816
05/10/2013,LGB,CA,AWP,WE,Towers with Radar,79,6,59,0,144,0,10,262,2,274,79,16,321,2,418,404,0,404,822
05/11/2013,LGB,CA,AWP,WE,Towers with Radar,58,12,70,7,147,0,2,357,0,359,58,14,427,7,506,486,0,486,992
05/12/2013,LGB,CA,AWP,WE,Towers with Radar,69,8,41,1,119,0,2,146,0,148,69,10,187,1,267,278,0,278,545
05/13/2013,LGB,CA,AWP,WE,Towers with Radar,77,8,60,0,145,0,12,232,2,246,77,20,292,2,391,384,0,384,775
05/14/2013,LGB,CA,AWP,WE,Towers with Radar,74,9,89,3,175,0,9,313,0,322,74,18,402,3,497,445,0,445,942
05/15/2013,LGB,CA,AWP,WE,Towers with Radar,68,9,73,2,152,0,12,244,1,257,68,21,317,3,409,414,0,414,823
05/16/2013,LGB,CA,AWP,WE,Towers with Radar,82,10,65,1,158,0,11,184,1,196,82,21,249,2,354,381,0,381,735
05/17/2013,LGB,CA,AWP,WE,Towers with Radar,82,6,74,3,165,0,7,256,0,263,82,13,330,3,428,476,0,476,904
05/18/2013,LGB,CA,AWP,WE,Towers with Radar,61,10,42,0,113,0,3,254,0,257,61,13,296,0,370,170,0,170,540
05/19/2013,LGB,CA,AWP,WE,Towers with Radar,73,14,41,0,128,0,2,187,0,189,73,16,228,0,317,240,0,240,557
05/20/2013,LGB,CA,AWP,WE,Towers with Radar,82,6,68,4,160,0,11,196,0,207,82,17,264,4,367,459,0,459,826
05/21/2013,LGB,CA,AWP,WE,Towers with Radar,75,11,70,1,157,0,12,228,0,240,75,23,298,1,397,519,0,519,916
05/22/2013,LGB,CA,AWP,WE,Towers with Radar,73,8,81,6,168,0,7,197,0,204,73,15,278,6,372,360,0,360,732
05/23/2013,LGB,CA,AWP,WE,Towers with Radar,87,10,85,2,184,0,12,247,0,259,87,22,332,2,443,394,0,394,837
05/24/2013,LGB,CA,AWP,WE,Towers with Radar,88,5,57,0,150,0,9,233,0,242,88,14,290,0,392,369,0,369,761
05/25/2013,LGB,CA,AWP,WE,Towers with Radar,69,7,64,0,140,0,3,198,0,201,69,10,262,0,341,271,0,271,612
05/26/2013,LGB,CA,AWP,WE,Towers with Radar,79,2,38,0,119,0,1,144,0,145,79,3,182,0,264,191,0,191,455
05/27/2013,LGB,CA,AWP,WE,Towers with Radar,81,3,69,0,153,0,3,231,0,234,81,6,300,0,387,306,0,306,693
05/28/2013,LGB,CA,AWP,WE,Towers with Radar,82,20,81,0,183,0,10,275,0,285,82,30,356,0,468,279,0,279,747
05/29/2013,LGB,CA,AWP,WE,Towers with Radar,78,26,70,2,176,0,14,237,0,251,78,40,307,2,427,417,0,417,844
05/30/2013,LGB,CA,AWP,WE,Towers with Radar,88,20,84,6,198,0,10,258,7,275,88,30,342,13,473,389,0,389,862
05/31/2013,LGB,CA,AWP,WE,Towers with Radar,87,8,63,6,164,0,7,228,1,236,87,15,291,7,400,532,0,532,932
06/01/2013,LGB,CA,AWP,WE,Towers with Radar,66,17,54,0,137,0,3,186,0,189,66,20,240,0,326,301,0,301,627
06/02/2013,LGB,CA,AWP,WE,Towers with Radar,80,2,68,1,151,0,2,76,0,78,80,4,144,1,229,184,0,184,413
06/03/2013,LGB,CA,AWP,WE,Towers with Radar,82,9,54,1,146,0,14,157,0,171,82,23,211,1,317,415,0,415,732
06/04/2013,LGB,CA,AWP,WE,Towers with Radar,78,8,87,0,173,0,9,238,0,247,78,17,325,0,420,565,0,565,985
06/05/2013,LGB,CA,AWP,WE,Towers with Radar,72,5,70,0,147,0,15,206,0,221,72,20,276,0,368,582,0,582,950
06/06/2013,LGB,CA,AWP,WE,Towers with Radar,85,10,71,0,166,0,11,172,0,183,85,21,243,0,349,553,0,553,902
06/07/2013,LGB,CA,AWP,WE,Towers with Radar,88,12,68,0,168,0,5,101,0,106,88,17,169,0,274,241,0,241,515
06/08/2013,LGB,CA,AWP,WE,Towers with Radar,70,5,71,0,146,0,2,131,0,133,70,7,202,0,279,360,0,360,639
06/09/2013,LGB,CA,AWP,WE,Towers with Radar,84,8,75,0,167,0,4,121,0,125,84,12,196,0,292,338,0,338,630
06/10/2013,LGB,CA,AWP,WE,Towers with Radar,87,5,66,2,160,0,6,236,3,245,87,11,302,5,405,518,0,518,923
06/11/2013,LGB,CA,AWP,WE,Towers with Radar,80,18,88,4,190,0,13,220,0,233,80,31,308,4,423,723,0,723,1146
06/12/2013,LGB,CA,AWP,WE,Towers with Radar,79,10,134,4,227,1,4,147,3,155,80,14,281,7,382,315,0,315,697
06/13/2013,LGB,CA,AWP,WE,Towers with Radar,87,12,113,6,218,1,15,280,1,297,88,27,393,7,515,503,0,503,1018
06/14/2013,LGB,CA,AWP,WE,Towers with Radar,87,2,75,4,168,0,5,180,2,187,87,7,255,6,355,516,0,516,871
06/15/2013,LGB,CA,AWP,WE,Towers with Radar,76,8,73,0,157,0,5,207,0,212,76,13,280,0,369,486,0,486,855
06/16/2013,LGB,CA,AWP,WE,Towers with Radar,84,9,52,3,148,0,2,244,0,246,84,11,296,3,394,280,0,280,674
06/17/2013,LGB,CA,AWP,WE,Towers with Radar,88,7,57,2,154,0,7,215,0,222,88,14,272,2,376,385,0,385,761
06/18/2013,LGB,CA,AWP,WE,Towers with Radar,83,10,85,5,183,0,5,231,3,239,83,15,316,8,422,512,0,512,934
06/19/2013,LGB,CA,AWP,WE,Towers with Radar,89,6,70,4,169,2,10,247,1,260,91,16,317,5,429,553,0,553,982
06/20/2013,LGB,CA,AWP,WE,Towers with Radar,82,1,90,0,173,0,11,275,0,286,82,12,365,0,459,509,0,509,968
06/21/2013,LGB,CA,AWP,WE,Towers with Radar,86,2,71,6,165,0,6,212,0,218,86,8,283,6,383,530,0,530,913
06/22/2013,LGB,CA,AWP,WE,Towers with Radar,75,4,56,0,135,0,3,209,0,212,75,7,265,0,347,524,0,524,871
06/23/2013,LGB,CA,AWP,WE,Towers with Radar,82,4,55,0,141,1,2,178,1,182,83,6,233,1,323,362,0,362,685
06/24/2013,LGB,CA,AWP,WE,Towers with Radar,85,1,59,9,154,0,22,197,1,220,85,23,256,10,374,507,0,507,881
06/25/2013,LGB,CA,AWP,WE,Towers with Radar,84,10,89,5,188,0,13,215,1,229,84,23,304,6,417,613,0,613,1030
06/26/2013,LGB,CA,AWP,WE,Towers with Radar,85,9,61,1,156,1,14,284,1,300,86,23,345,2,456,592,0,592,1048
06/27/2013,LGB,CA,AWP,WE,Towers with Radar,86,11,80,3,180,0,7,218,0,225,86,18,298,3,405,509,0,509,914
06/28/2013,LGB,CA,AWP,WE,Towers with Radar,93,8,57,7,165,0,4,239,2,245,93,12,296,9,410,453,0,453,863
06/29/2013,LGB,CA,AWP,WE,Towers with Radar,79,8,49,3,139,0,2,225,0,227,79,10,274,3,366,366,0,366,732
06/30/2013,LGB,CA,AWP,WE,Towers with Radar,88,8,55,1,152,0,1,134,0,135,88,9,189,1,287,244,0,244,531
07/01/2013,LGB,CA,AWP,WE,Towers with Radar,85,10,71,3,169,0,13,187,1,201,85,23,258,4,370,398,0,398,768
07/02/2013,LGB,CA,AWP,WE,Towers with Radar,87,1,78,0,166,0,10,193,0,203,87,11,271,0,369,324,0,324,693
07/03/2013,LGB,CA,AWP,WE,Towers with Radar,90,11,101,4,206,0,8,219,1,228,90,19,320,5,434,519,0,519,953
07/04/2013,LGB,CA,AWP,WE,Towers with Radar,73,1,54,0,128,0,0,125,0,125,73,1,179,0,253,190,0,190,443
07/05/2013,LGB,CA,AWP,WE,Towers with Radar,86,5,68,1,160,0,6,180,0,186,86,11,248,1,346,397,0,397,743
07/06/2013,LGB,CA,AWP,WE,Towers with Radar,81,2,61,2,146,0,4,180,0,184,81,6,241,2,330,367,0,367,697
07/07/2013,LGB,CA,AWP,WE,Towers with Radar,85,3,64,0,152,0,0,166,0,166,85,3,230,0,318,211,0,211,529
07/08/2013,LGB,CA,AWP,WE,Towers with Radar,85,8,58,2,153,0,13,190,2,205,85,21,248,4,358,412,0,412,770
07/09/2013,LGB,CA,AWP,WE,Towers with Radar,86,3,84,1,174,0,11,214,0,225,86,14,298,1,399,497,0,497,896
07/10/2013,LGB,CA,AWP,WE,Towers with Radar,87,6,78,6,177,0,7,236,1,244,87,13,314,7,421,445,0,445,866
07/11/2013,LGB,CA,AWP,WE,Towers with Radar,92,7,76,1,176,0,9,177,0,186,92,16,253,1,362,439,0,439,801
07/12/2013,LGB,CA,AWP,WE,Towers with Radar,92,8,79,1,180,0,3,223,0,226,92,11,302,1,406,442,0,442,848
07/13/2013,LGB,CA,AWP,WE,Towers with Radar,80,7,101,3,191,0,7,326,3,336,80,14,427,6,527,496,0,496,1023
07/14/2013,LGB,CA,AWP,WE,Towers with Radar,87,0,61,1,149,0,0,215,0,215,87,0,276,1,364,243,0,243,607
07/15/2013,LGB,CA,AWP,WE,Towers with Radar,88,6,78,0,172,0,11,246,0,257,88,17,324,0,429,430,0,430,859
07/16/2013,LGB,CA,AWP,WE,Towers with Radar,86,4,98,4,192,0,13,322,0,335,86,17,420,4,527,544,0,544,1071
07/17/2013,LGB,CA,AWP,WE,Towers with Radar,88,4,91,0,183,0,12,351,0,363,88,16,442,0,546,538,0,538,1084
07/18/2013,LGB,CA,AWP,WE,Towers with Radar,90,10,102,1,203,1,11,287,2,301,91,21,389,3,504,464,0,464,968
07/19/2013,LGB,CA,AWP,WE,Towers with Radar,92,13,85,0,190,0,9,322,0,331,92,22,407,0,521,578,0,578,1099
07/20/2013,LGB,CA,AWP,WE,Towers with Radar,79,7,78,0,164,0,2,146,0,148,79,9,224,0,312,264,0,264,576
07/21/2013,LGB,CA,AWP,WE,Towers with Radar,88,6,95,0,189,0,0,101,0,101,88,6,196,0,290,247,0,247,537
07/22/2013,LGB,CA,AWP,WE,Towers with Radar,86,0,58,1,145,0,13,283,0,296,86,13,341,1,441,511,0,511,952
07/23/2013,LGB,CA,AWP,WE,Towers with Radar,88,9,82,6,185,0,14,318,1,333,88,23,400,7,518,426,0,426,944
07/24/2013,LGB,CA,AWP,WE,Towers with Radar,87,13,122,3,225,1,2,269,0,272,88,15,391,3,497,564,0,564,1061
07/25/2013,LGB,CA,AWP,WE,Towers with Radar,87,7,111,0,205,0,7,219,0,226,87,14,330,0,431,378,0,378,809
07/26/2013,LGB,CA,AWP,WE,Towers with Radar,92,8,99,5,204,0,7,204,0,211,92,15,303,5,415,457,0,457,872
07/27/2013,LGB,CA,AWP,WE,Towers with Radar,78,9,77,1,165,0,4,262,2,268,78,13,339,3,433,296,0,296,729
07/28/2013,LGB,CA,AWP,WE,Towers with Radar,87,3,69,0,159,0,1,187,0,188,87,4,256,0,347,230,0,230,577
07/29/2013,LGB,CA,AWP,WE,Towers with Radar,89,0,73,0,162,1,10,243,0,254,90,10,316,0,416,535,0,535,951
07/30/2013,LGB,CA,AWP,WE,Towers with Radar,92,4,84,0,180,1,10,296,1,308,93,14,380,1,488,528,0,528,1016
07/31/2013,LGB,CA,AWP,WE,Towers with Radar,86,1,103,4,194,0,11,200,0,211,86,12,303,4,405,441,0,441,846
08/01/2013,LGB,CA,AWP,WE,Towers with Radar,100,7,90,1,198,0,16,244,2,262,100,23,334,3,460,437,0,437,897
08/02/2013,LGB,CA,AWP,WE,Towers with Radar,93,7,88,5,193,1,9,295,0,305,94,16,383,5,498,574,0,574,1072
08/03/2013,LGB,CA,AWP,WE,Towers with Radar,79,4,50,4,137,0,3,200,0,203,79,7,250,4,340,312,0,312,652
08/04/2013,LGB,CA,AWP,WE,Towers with Radar,97,4,81,1,183,0,0,183,0,183,97,4,264,1,366,303,0,303,669
08/05/2013,LGB,CA,AWP,WE,Towers with Radar,91,5,91,11,198,0,6,304,3,313,91,11,395,14,511,520,0,520,1031
08/06/2013,LGB,CA,AWP,WE,Towers with Radar,87,11,62,2,162,0,10,138,0,148,87,21,200,2,310,376,0,376,686
08/07/2013,LGB,CA,AWP,WE,Towers with Radar,87,4,60,3,154,0,9,132,0,141,87,13,192,3,295,211,0,211,506
08/08/2013,LGB,CA,AWP,WE,Towers with Radar,90,9,80,5,184,0,14,209,0,223,90,23,289,5,407,463,1,464,871
08/09/2013,LGB,CA,AWP,WE,Towers with Radar,91,9,91,1,192,0,13,278,1,292,91,22,369,2,484,574,0,574,1058
08/10/2013,LGB,CA,AWP,WE,Towers with Radar,79,13,84,4,180,0,7,265,0,272,79,20,349,4,452,411,0,411,863
08/11/2013,LGB,CA,AWP,WE,Towers with Radar,89,4,84,3,180,0,1,238,0,239,89,5,322,3,419,202,0,202,621
08/12/2013,LGB,CA,AWP,WE,Towers with Radar,86,3,62,0,151,0,12,217,0,229,86,15,279,0,380,395,0,395,775
08/13/2013,LGB,CA,AWP,WE,Towers with Radar,85,4,66,4,159,0,6,289,0,295,85,10,355,4,454,435,0,435,889
08/14/2013,LGB,CA,AWP,WE,Towers with Radar,88,10,99,1,198,1,4,263,0,268,89,14,362,1,466,557,0,557,1023
08/15/2013,LGB,CA,AWP,WE,Towers with Radar,92,5,81,3,181,0,3,228,1,232,92,8,309,4,413,447,0,447,860
08/16/2013,LGB,CA,AWP,WE,Towers with Radar,93,7,98,3,201,0,3,213,0,216,93,10,311,3,417,448,0,448,865
08/17/2013,LGB,CA,AWP,WE,Towers with Radar,80,2,63,3,148,0,4,219,3,226,80,6,282,6,374,356,0,356,730
08/18/2013,LGB,CA,AWP,WE,Towers with Radar,92,5,75,5,177,0,3,198,3,204,92,8,273,8,381,312,0,312,693
08/19/2013,LGB,CA,AWP,WE,Towers with Radar,83,12,103,2,200,0,0,193,1,194,83,12,296,3,394,340,0,340,734
08/20/2013,LGB,CA,AWP,WE,Towers with Radar,83,9,82,5,179,0,2,267,2,271,83,11,349,7,450,529,0,529,979
08/21/2013,LGB,CA,AWP,WE,Towers with Radar,85,2,97,1,185,0,10,248,1,259,85,12,345,2,444,384,0,384,828
08/22/2013,LGB,CA,AWP,WE,Towers with Radar,86,6,91,4,187,1,7,268,4,280,87,13,359,8,467,393,0,393,860
08/23/2013,LGB,CA,AWP,WE,Towers with Radar,91,8,69,3,171,1,5,244,0,250,92,13,313,3,421,480,0,480,901
08/24/2013,LGB,CA,AWP,WE,Towers with Radar,82,4,65,8,159,1,4,248,0,253,83,8,313,8,412,392,0,392,804
08/25/2013,LGB,CA,AWP,WE,Towers with Radar,83,9,69,5,166,1,1,161,1,164,84,10,230,6,330,195,0,195,525
08/26/2013,LGB,CA,AWP,WE,Towers with Radar,86,10,69,3,168,0,12,214,0,226,86,22,283,3,394,377,0,377,771
08/27/2013,LGB,CA,AWP,WE,Towers with Radar,81,4,66,2,153,0,10,234,1,245,81,14,300,3,398,499,0,499,897
08/28/2013,LGB,CA,AWP,WE,Towers with Radar,81,6,79,2,168,0,6,294,1,301,81,12,373,3,469,402,0,402,871
08/29/2013,LGB,CA,AWP,WE,Towers with Radar,89,7,75,5,176,0,15,202,0,217,89,22,277,5,393,283,0,283,676
08/30/2013,LGB,CA,AWP,WE,Towers with Radar,92,13,67,2,174,0,9,223,0,232,92,22,290,2,406,454,0,454,860
08/31/2013,LGB,CA,AWP,WE,Towers with Radar,74,0,48,4,126,0,7,225,2,234,74,7,273,6,360,290,0,290,650
09/01/2013,LGB,CA,AWP,WE,Towers with Radar,85,2,38,0,125,0,3,202,0,205,85,5,240,0,330,247,0,247,577
09/02/2013,LGB,CA,AWP,WE,Towers with Radar,84,4,60,0,148,0,0,201,0,201,84,4,261,0,349,352,0,352,701
09/03/2013,LGB,CA,AWP,WE,Towers with Radar,83,6,55,0,144,0,11,235,0,246,83,17,290,0,390,494,0,494,884
09/04/2013,LGB,CA,AWP,WE,Towers with Radar,74,4,97,7,182,0,13,261,1,275,74,17,358,8,457,316,0,316,773
09/05/2013,LGB,CA,AWP,WE,Towers with Radar,79,5,79,3,166,0,7,222,0,229,79,12,301,3,395,454,0,454,849
09/06/2013,LGB,CA,AWP,WE,Towers with Radar,82,7,48,0,137,4,10,194,4,212,86,17,242,4,349,452,0,452,801
09/07/2013,LGB,CA,AWP,WE,Towers with Radar,63,10,47,0,120,0,5,283,0,288,63,15,330,0,408,261,0,261,669
09/08/2013,LGB,CA,AWP,WE,Towers with Radar,81,7,38,0,126,1,1,219,0,221,82,8,257,0,347,315,0,315,662
09/09/2013,LGB,CA,AWP,WE,Towers with Radar,80,3,57,2,142,0,8,228,1,237,80,11,285,3,379,520,0,520,899
09/10/2013,LGB,CA,AWP,WE,Towers with Radar,70,8,67,4,149,0,16,244,3,263,70,24,311,7,412,369,0,369,781
09/11/2013,LGB,CA,AWP,WE,Towers with Radar,73,6,89,3,171,0,8,223,0,231,73,14,312,3,402,409,0,409,811
09/12/2013,LGB,CA,AWP,WE,Towers with Radar,79,8,87,2,176,0,15,254,0,269,79,23,341,2,445,549,0,549,994
09/13/2013,LGB,CA,AWP,WE,Towers with Radar,82,4,76,0,162,0,12,274,1,287,82,16,350,1,449,589,0,589,1038
09/14/2013,LGB,CA,AWP,WE,Towers with Radar,68,2,55,3,128,0,3,303,0,306,68,5,358,3,434,436,0,436,870
09/15/2013,LGB,CA,AWP,WE,Towers with Radar,77,6,48,0,131,0,0,163,0,163,77,6,211,0,294,247,0,247,541
09/16/2013,LGB,CA,AWP,WE,Towers with Radar,79,1,59,0,139,0,13,272,0,285,79,14,331,0,424,371,0,371,795
09/17/2013,LGB,CA,AWP,WE,Towers with Radar,70,11,105,1,187,0,5,203,0,208,70,16,308,1,395,334,0,334,729
09/18/2013,LGB,CA,AWP,WE,Towers with Radar,73,6,58,1,138,0,15,221,0,236,73,21,279,1,374,481,0,481,855
09/19/2013,LGB,CA,AWP,WE,Towers with Radar,79,9,85,1,174,0,7,210,0,217,79,16,295,1,391,488,0,488,879
09/20/2013,LGB,CA,AWP,WE,Towers with Radar,81,9,98,2,190,0,4,150,0,154,81,13,248,2,344,605,0,605,949
09/21/2013,LGB,CA,AWP,WE,Towers with Radar,64,6,57,3,130,0,4,216,0,220,64,10,273,3,350,351,0,351,701
09/22/2013,LGB,CA,AWP,WE,Towers with Radar,78,6,70,2,156,0,1,244,0,245,78,7,314,2,401,360,0,360,761
09/23/2013,LGB,CA,AWP,WE,Towers with Radar,77,9,47,0,133,0,9,275,0,284,77,18,322,0,417,496,0,496,913
09/24/2013,LGB,CA,AWP,WE,Towers with Radar,70,6,56,0,132,0,8,267,0,275,70,14,323,0,407,540,0,540,947
09/25/2013,LGB,CA,AWP,WE,Towers with Radar,72,6,85,0,163,0,8,215,0,223,72,14,300,0,386,344,0,344,730
09/26/2013,LGB,CA,AWP,WE,Towers with Radar,78,6,57,1,142,0,10,225,0,235,78,16,282,1,377,464,0,464,841
09/27/2013,LGB,CA,AWP,WE,Towers with Radar,82,9,71,0,162,0,6,236,0,242,82,15,307,0,404,494,0,494,898
09/28/2013,LGB,CA,AWP,WE,Towers with Radar,62,6,60,0,128,0,4,261,0,265,62,10,321,0,393,415,0,415,808
09/29/2013,LGB,CA,AWP,WE,Towers with Radar,74,4,46,0,124,0,0,191,0,191,74,4,237,0,315,352,0,352,667
09/30/2013,LGB,CA,AWP,WE,Towers with Radar,79,3,71,0,153,0,9,256,0,265,79,12,327,0,418,428,0,428,846
10/01/2013,LGB,CA,AWP,WE,Towers with Radar,71,14,56,6,147,0,7,234,0,241,71,21,290,6,388,511,0,511,899
10/02/2013,LGB,CA,AWP,WE,Towers with Radar,71,8,91,0,170,1,5,166,0,172,72,13,257,0,342,483,0,483,825
10/03/2013,LGB,CA,AWP,WE,Towers with Radar,78,10,71,0,159,0,11,216,0,227,78,21,287,0,386,589,0,589,975
10/04/2013,LGB,CA,AWP,WE,Towers with Radar,81,18,55,0,154,0,2,191,0,193,81,20,246,0,347,509,0,509,856
10/05/2013,LGB,CA,AWP,WE,Towers with Radar,65,3,39,1,108,0,3,164,0,167,65,6,203,1,275,230,0,230,505
10/06/2013,LGB,CA,AWP,WE,Towers with Radar,76,10,62,0,148,0,0,224,0,224,76,10,286,0,372,235,0,235,607
10/07/2013,LGB,CA,AWP,WE,Towers with Radar,81,5,66,3,155,0,10,212,0,222,81,15,278,3,377,400,0,400,777
10/08/2013,LGB,CA,AWP,WE,Towers with Radar,73,6,94,5,178,0,7,299,0,306,73,13,393,5,484,479,0,479,963
10/09/2013,LGB,CA,AWP,WE,Towers with Radar,68,12,65,2,147,0,9,139,0,148,68,21,204,2,295,475,0,475,770
10/10/2013,LGB,CA,AWP,WE,Towers with Radar,76,9,69,0,154,0,8,232,0,240,76,17,301,0,394,494,0,494,888
10/11/2013,LGB,CA,AWP,WE,Towers with Radar,80,6,82,0,168,0,4,245,2,251,80,10,327,2,419,427,0,427,846
10/12/2013,LGB,CA,AWP,WE,Towers with Radar,57,8,74,1,140,0,9,247,0,256,57,17,321,1,396,220,0,220,616
10/13/2013,LGB,CA,AWP,WE,Towers with Radar,76,9,58,0,143,0,1,200,0,201,76,10,258,0,344,281,0,281,625
10/14/2013,LGB,CA,AWP,WE,Towers with Radar,78,9,56,1,144,0,7,249,1,257,78,16,305,2,401,349,0,349,750
10/15/2013,LGB,CA,AWP,WE,Towers with Radar,72,2,52,0,126,0,8,216,0,224,72,10,268,0,350,372,0,372,722
10/16/2013,LGB,CA,AWP,WE,Towers with Radar,68,13,98,0,179,0,7,209,1,217,68,20,307,1,396,310,0,310,706
10/17/2013,LGB,CA,AWP,WE,Towers with Radar,78,8,75,5,166,0,7,270,0,277,78,15,345,5,443,409,0,409,852
10/18/2013,LGB,CA,AWP,WE,Towers with Radar,80,7,82,2,171,0,8,282,0,290,80,15,364,2,461,350,0,350,811
10/19/2013,LGB,CA,AWP,WE,Towers with Radar,60,10,65,1,136,0,2,220,0,222,60,12,285,1,358,386,0,386,744
10/20/2013,LGB,CA,AWP,WE,Towers with Radar,76,2,63,2,143,0,0,156,0,156,76,2,219,2,299,252,0,252,551
10/21/2013,LGB,CA,AWP,WE,Towers with Radar,80,13,84,0,177,0,11,178,0,189,80,24,262,0,366,303,0,303,669
10/22/2013,LGB,CA,AWP,WE,Towers with Radar,69,13,78,1,161,0,2,143,0,145,69,15,221,1,306,382,0,382,688
10/23/2013,LGB,CA,AWP,WE,Towers with Radar,66,11,77,1,155,0,8,162,1,171,66,19,239,2,326,551,0,551,877
10/24/2013,LGB,CA,AWP,WE,Towers with Radar,74,14,102,3,193,0,6,156,1,163,74,20,258,4,356,525,0,525,881
10/25/2013,LGB,CA,AWP,WE,Towers with Radar,80,6,96,0,182,0,9,184,1,194,80,15,280,1,376,398,0,398,774
10/26/2013,LGB,CA,AWP,WE,Towers with Radar,61,15,75,0,151,0,0,137,0,137,61,15,212,0,288,159,0,159,447
10/27/2013,LGB,CA,AWP,WE,Towers with Radar,76,9,73,0,158,0,0,136,0,136,76,9,209,0,294,174,0,174,468
10/28/2013,LGB,CA,AWP,WE,Towers with Radar,76,6,64,0,146,0,8,129,0,137,76,14,193,0,283,260,0,260,543
10/29/2013,LGB,CA,AWP,WE,Towers with Radar,70,11,60,3,144,0,10,188,3,201,70,21,248,6,345,356,0,356,701
10/30/2013,LGB,CA,AWP,WE,Towers with Radar,66,15,55,1,137,1,8,252,3,264,67,23,307,4,401,363,0,363,764
10/31/2013,LGB,CA,AWP,WE,Towers with Radar,77,6,94,4,181,0,10,251,4,265,77,16,345,8,446,324,0,324,770
11/01/2013,LGB,CA,AWP,WE,Towers with Radar,99,9,79,2,189,0,8,272,0,280,99,17,351,2,469,313,0,313,782
11/02/2013,LGB,CA,AWP,WE,Towers with Radar,63,7,45,1,116,0,1,231,0,232,63,8,276,1,348,258,0,258,606
11/03/2013,LGB,CA,AWP,WE,Towers with Radar,73,8,68,2,151,0,0,176,0,176,73,8,244,2,327,297,0,297,624
11/04/2013,LGB,CA,AWP,WE,Towers with Radar,75,7,72,3,157,0,9,243,1,253,75,16,315,4,410,266,0,266,676
11/05/2013,LGB,CA,AWP,WE,Towers with Radar,67,9,59,1,136,0,11,241,0,252,67,20,300,1,388,440,0,440,828
11/06/2013,LGB,CA,AWP,WE,Towers with Radar,74,0,63,1,138,0,5,251,0,256,74,5,314,1,394,466,0,466,860
11/07/2013,LGB,CA,AWP,WE,Towers with Radar,80,3,71,3,157,0,14,376,0,390,80,17,447,3,547,536,0,536,1083
11/08/2013,LGB,CA,AWP,WE,Towers with Radar,77,9,66,2,154,0,6,207,1,214,77,15,273,3,368,396,0,396,764
11/09/2013,LGB,CA,AWP,WE,Towers with Radar,63,5,60,1,129,0,0,13,0,13,63,5,73,1,142,0,0,0,142
11/10/2013,LGB,CA,AWP,WE,Towers with Radar,69,8,59,3,139,0,0,237,3,240,69,8,296,6,379,290,0,290,669
11/11/2013,LGB,CA,AWP,WE,Towers with Radar,74,7,46,0,127,0,5,253,4,262,74,12,299,4,389,404,20,424,813
11/12/2013,LGB,CA,AWP,WE,Towers with Radar,70,12,67,2,151,0,3,258,0,261,70,15,325,2,412,450,0,450,862
11/13/2013,LGB,CA,AWP,WE,Towers with Radar,71,7,68,0,146,0,7,281,1,289,71,14,349,1,435,356,0,356,791
11/14/2013,LGB,CA,AWP,WE,Towers with Radar,78,10,70,2,160,0,7,225,0,232,78,17,295,2,392,398,14,412,804
11/15/2013,LGB,CA,AWP,WE,Towers with Radar,77,13,65,2,157,0,3,186,1,190,77,16,251,3,347,448,0,448,795
11/16/2013,LGB,CA,AWP,WE,Towers with Radar,58,4,63,0,125,0,6,207,0,213,58,10,270,0,338,243,0,243,581
11/17/2013,LGB,CA,AWP,WE,Towers with Radar,70,12,46,0,128,0,0,163,0,163,70,12,209,0,291,280,0,280,571
11/18/2013,LGB,CA,AWP,WE,Towers with Radar,79,7,66,0,152,0,4,167,0,171,79,11,233,0,323,294,0,294,617
11/19/2013,LGB,CA,AWP,WE,Towers with Radar,68,8,87,4,167,0,4,206,0,210,68,12,293,4,377,491,0,491,868
11/20/2013,LGB,CA,AWP,WE,Towers with Radar,70,7,82,1,160,0,5,186,0,191,70,12,268,1,351,475,0,475,826
11/21/2013,LGB,CA,AWP,WE,Towers with Radar,74,8,78,4,164,0,1,153,0,154,74,9,231,4,318,410,0,410,728
11/22/2013,LGB,CA,AWP,WE,Towers with Radar,73,9,61,2,145,0,4,423,0,427,73,13,484,2,572,404,0,404,976
11/23/2013,LGB,CA,AWP,WE,Towers with Radar,66,6,53,0,125,0,6,247,1,254,66,12,300,1,379,365,0,365,744
11/24/2013,LGB,CA,AWP,WE,Towers with Radar,69,9,64,0,142,0,1,251,0,252,69,10,315,0,394,398,0,398,792
11/25/2013,LGB,CA,AWP,WE,Towers with Radar,75,9,54,0,138,0,16,178,0,194,75,25,232,0,332,299,0,299,631
11/26/2013,LGB,CA,AWP,WE,Towers with Radar,74,16,91,3,184,0,1,149,1,151,74,17,240,4,335,173,0,173,508
11/27/2013,LGB,CA,AWP,WE,Towers with Radar,79,8,83,5,175,0,5,256,2,263,79,13,339,7,438,360,0,360,798
11/28/2013,LGB,CA,AWP,WE,Towers with Radar,49,2,11,0,62,0,1,88,1,90,49,3,99,1,152,148,0,148,300
11/29/2013,LGB,CA,AWP,WE,Towers with Radar,62,8,43,0,113,0,2,147,0,149,62,10,190,0,262,309,0,309,571
11/30/2013,LGB,CA,AWP,WE,Towers with Radar,69,9,57,0,135,0,3,304,0,307,69,12,361,0,442,414,0,414,856
12/01/2013,LGB,CA,AWP,WE,Towers with Radar,72,14,79,0,165,0,0,222,0,222,72,14,301,0,387,356,0,356,743
12/02/2013,LGB,CA,AWP,WE,Towers with Radar,75,3,57,0,135,0,4,230,0,234,75,7,287,0,369,466,0,466,835
12/03/2013,LGB,CA,AWP,WE,Towers with Radar,71,11,81,0,163,0,15,176,0,191,71,26,257,0,354,450,0,450,804
12/04/2013,LGB,CA,AWP,WE,Towers with Radar,68,13,74,3,158,0,5,289,3,297,68,18,363,6,455,549,0,549,1004
12/05/2013,LGB,CA,AWP,WE,Towers with Radar,73,12,79,7,171,0,4,272,5,281,73,16,351,12,452,328,18,346,798
12/06/2013,LGB,CA,AWP,WE,Towers with Radar,72,8,74,6,160,0,10,220,2,232,72,18,294,8,392,447,0,447,839
12/07/2013,LGB,CA,AWP,WE,Towers with Radar,56,4,38,0,98,0,2,60,0,62,56,6,98,0,160,167,0,167,327
12/08/2013,LGB,CA,AWP,WE,Towers with Radar,67,11,66,1,145,0,0,186,0,186,67,11,252,1,331,498,0,498,829
12/09/2013,LGB,CA,AWP,WE,Towers with Radar,71,8,49,5,133,0,12,205,3,220,71,20,254,8,353,240,0,240,593
12/10/2013,LGB,CA,AWP,WE,Towers with Radar,69,9,91,2,171,0,10,272,3,285,69,19,363,5,456,504,0,504,960
12/11/2013,LGB,CA,AWP,WE,Towers with Radar,67,6,68,0,141,0,7,236,0,243,67,13,304,0,384,501,0,501,885
12/12/2013,LGB,CA,AWP,WE,Towers with Radar,71,10,68,0,149,0,10,261,2,273,71,20,329,2,422,378,0,378,800
12/13/2013,LGB,CA,AWP,WE,Towers with Radar,74,15,88,2,179,0,8,250,5,263,74,23,338,7,442,543,0,543,985
12/14/2013,LGB,CA,AWP,WE,Towers with Radar,58,10,75,0,143,0,5,289,0,294,58,15,364,0,437,524,0,524,961
12/15/2013,LGB,CA,AWP,WE,Towers with Radar,72,8,57,0,137,0,0,214,2,216,72,8,271,2,353,331,0,331,684
12/16/2013,LGB,CA,AWP,WE,Towers with Radar,75,1,54,2,132,0,4,232,0,236,75,5,286,2,368,446,0,446,814
12/17/2013,LGB,CA,AWP,WE,Towers with Radar,75,6,70,2,153,0,9,284,0,293,75,15,354,2,446,380,0,380,826
12/18/2013,LGB,CA,AWP,WE,Towers with Radar,72,5,84,3,164,0,5,243,2,250,72,10,327,5,414,486,0,486,900
12/19/2013,LGB,CA,AWP,WE,Towers with Radar,76,4,66,3,149,0,5,100,3,108,76,9,166,6,257,143,0,143,400
12/20/2013,LGB,CA,AWP,WE,Towers with Radar,78,7,75,0,160,1,4,342,1,348,79,11,417,1,508,572,0,572,1080
12/21/2013,LGB,CA,AWP,WE,Towers with Radar,67,12,101,0,180,0,4,257,0,261,67,16,358,0,441,490,0,490,931
12/22/2013,LGB,CA,AWP,WE,Towers with Radar,73,10,53,2,138,0,1,192,0,193,73,11,245,2,331,233,0,233,564
12/23/2013,LGB,CA,AWP,WE,Towers with Radar,77,13,36,3,129,0,11,221,0,232,77,24,257,3,361,421,0,421,782
12/24/2013,LGB,CA,AWP,WE,Towers with Radar,75,7,34,0,116,0,4,171,0,175,75,11,205,0,291,370,0,370,661
12/25/2013,LGB,CA,AWP,WE,Towers with Radar,71,5,14,0,90,0,0,58,0,58,71,5,72,0,148,32,0,32,180
12/26/2013,LGB,CA,AWP,WE,Towers with Radar,74,9,62,0,145,0,3,192,2,197,74,12,254,2,342,427,0,427,769
12/27/2013,LGB,CA,AWP,WE,Towers with Radar,78,6,44,2,130,0,6,217,2,225,78,12,261,4,355,357,0,357,712
12/28/2013,LGB,CA,AWP,WE,Towers with Radar,70,8,65,1,144,0,8,253,0,261,70,16,318,1,405,363,0,363,768
12/29/2013,LGB,CA,AWP,WE,Towers with Radar,72,11,65,0,148,0,1,156,3,160,72,12,221,3,308,350,20,370,678
12/30/2013,LGB,CA,AWP,WE,Towers with Radar,78,1,52,1,132,0,6,213,1,220,78,7,265,2,352,321,0,321,673
12/31/2013,LGB,CA,AWP,WE,Towers with Radar,78,8,57,0,143,0,5,233,0,238,78,13,290,0,381,373,0,373,754
01/01/2014,LGB,CA,AWP,WE,Towers with Radar,69,1,28,0,98,0,1,125,0,126,69,2,153,0,224,157,0,157,381
01/02/2014,LGB,CA,AWP,WE,Towers with Radar,77,6,79,0,162,0,2,247,0,249,77,8,326,0,411,359,0,359,770
01/03/2014,LGB,CA,AWP,WE,Towers with Radar,70,2,37,0,109,0,2,142,0,144,70,4,179,0,253,443,0,443,696
01/04/2014,LGB,CA,AWP,WE,Towers with Radar,54,4,77,0,135,0,1,210,6,217,54,5,287,6,352,454,30,484,836
01/05/2014,LGB,CA,AWP,WE,Towers with Radar,64,7,61,2,134,0,0,243,0,243,64,7,304,2,377,292,0,292,669
01/06/2014,LGB,CA,AWP,WE,Towers with Radar,70,5,45,0,120,0,8,200,0,208,70,13,245,0,328,333,0,333,661
01/07/2014,LGB,CA,AWP,WE,Towers with Radar,68,11,61,1,141,0,7,229,0,236,68,18,290,1,377,452,0,452,829
01/08/2014,LGB,CA,AWP,WE,Towers with Radar,70,15,77,4,166,0,6,243,7,256,70,21,320,11,422,300,0,300,722
01/09/2014,LGB,CA,AWP,WE,Towers with Radar,77,2,85,0,164,0,4,167,0,171,77,6,252,0,335,532,0,532,867
01/10/2014,LGB,CA,AWP,WE,Towers with Radar,76,7,95,1,179,0,2,243,0,245,76,9,338,1,424,595,10,605,1029
01/11/2014,LGB,CA,AWP,WE,Towers with Radar,53,5,60,0,118,0,0,335,0,335,53,5,395,0,453,474,0,474,927
01/12/2014,LGB,CA,AWP,WE,Towers with Radar,72,1,66,0,139,0,0,191,0,191,72,1,257,0,330,195,0,195,525
01/13/2014,LGB,CA,AWP,WE,Towers with Radar,75,5,50,2,132,0,7,202,0,209,75,12,252,2,341,363,0,363,704
01/14/2014,LGB,CA,AWP,WE,Towers with Radar,67,0,80,0,147,0,4,135,16,155,67,4,215,16,302,388,0,388,690
01/15/2014,LGB,CA,AWP,WE,Towers with Radar,64,6,106,2,178,0,5,280,3,288,64,11,386,5,466,500,0,500,966
01/16/2014,LGB,CA,AWP,WE,Towers with Radar,75,6,90,1,172,0,0,57,0,57,75,6,147,1,229,68,0,68,297
01/17/2014,LGB,CA,AWP,WE,Towers with Radar,73,8,74,0,155,1,2,276,0,279,74,10,350,0,434,638,0,638,1072
01/18/2014,LGB,CA,AWP,WE,Towers with Radar,51,4,71,1,127,0,6,386,0,392,51,10,457,1,519,595,0,595,1114
01/19/2014,LGB,CA,AWP,WE,Towers with Radar,68,8,74,0,150,0,0,188,0,188,68,8,262,0,338,275,0,275,613
01/20/2014,LGB,CA,AWP,WE,Towers with Radar,75,7,64,0,146,0,10,281,3,294,75,17,345,3,440,432,0,432,872
01/21/2014,LGB,CA,AWP,WE,Towers with Radar,62,11,80,0,153,0,4,291,1,296,62,15,371,1,449,501,0,501,950
01/22/2014,LGB,CA,AWP,WE,Towers with Radar,57,8,90,1,156,0,12,215,1,228,57,20,305,2,384,313,0,313,697
01/23/2014,LGB,CA,AWP,WE,Towers with Radar,74,6,79,3,162,0,7,233,3,243,74,13,312,6,405,414,0,414,819
01/24/2014,LGB,CA,AWP,WE,Towers with Radar,76,6,76,2,160,0,10,262,1,273,76,16,338,3,433,491,10,501,934
01/25/2014,LGB,CA,AWP,WE,Towers with Radar,54,10,65,2,131,1,6,321,0,328,55,16,386,2,459,555,0,555,1014
01/26/2014,LGB,CA,AWP,WE,Towers with Radar,73,6,69,2,150,0,3,186,0,189,73,9,255,2,339,280,0,280,619
01/27/2014,LGB,CA,AWP,WE,Towers with Radar,74,6,63,7,150,0,11,265,1,277,74,17,328,8,427,490,0,490,917
01/28/2014,LGB,CA,AWP,WE,Towers with Radar,71,5,85,1,162,1,6,213,1,221,72,11,298,2,383,378,0,378,761
01/29/2014,LGB,CA,AWP,WE,Towers with Radar,64,6,104,3,177,0,7,355,4,366,64,13,459,7,543,537,0,537,1080
01/30/2014,LGB,CA,AWP,WE,Towers with Radar,73,9,89,0,171,0,0,189,1,190,73,9,278,1,361,580,0,580,941
01/31/2014,LGB,CA,AWP,WE,Towers with Radar,75,5,70,2,152,0,4,277,3,284,75,9,347,5,436,604,0,604,1040
02/01/2014,LGB,CA,AWP,WE,Towers with Radar,56,5,52,0,113,0,0,280,0,280,56,5,332,0,393,356,0,356,749
02/02/2014,LGB,CA,AWP,WE,Towers with Radar,69,9,63,0,141,0,2,153,0,155,69,11,216,0,296,102,0,102,398
02/03/2014,LGB,CA,AWP,WE,Towers with Radar,74,4,83,3,164,0,2,217,4,223,74,6,300,7,387,341,0,341,728
02/04/2014,LGB,CA,AWP,WE,Towers with Radar,71,3,63,3,140,0,2,190,0,192,71,5,253,3,332,331,0,331,663
02/05/2014,LGB,CA,AWP,WE,Towers with Radar,66,3,80,1,150,1,6,261,1,269,67,9,341,2,419,402,0,402,821
02/06/2014,LGB,CA,AWP,WE,Towers with Radar,77,9,81,0,167,0,3,127,0,130,77,12,208,0,297,347,0,347,644
02/07/2014,LGB,CA,AWP,WE,Towers with Radar,77,9,90,0,176,1,4,219,1,225,78,13,309,1,401,483,0,483,884
02/08/2014,LGB,CA,AWP,WE,Towers with Radar,53,7,94,4,158,0,0,304,3,307,53,7,398,7,465,492,0,492,957
02/09/2014,LGB,CA,AWP,WE,Towers with Radar,72,5,99,1,177,0,2,179,2,183,72,7,278,3,360,378,0,378,738
02/10/2014,LGB,CA,AWP,WE,Towers with Radar,76,5,70,1,152,0,7,191,0,198,76,12,261,1,350,350,6,356,706
02/11/2014,LGB,CA,AWP,WE,Towers with Radar,64,10,74,2,150,0,5,239,0,244,64,15,313,2,394,491,0,491,885
02/12/2014,LGB,CA,AWP,WE,Towers with Radar,61,8,93,3,165,0,9,296,0,305,61,17,389,3,470,401,0,401,871
02/13/2014,LGB,CA,AWP,WE,Towers with Radar,78,2,78,2,160,0,5,289,1,295,78,7,367,3,455,621,0,621,1076
02/14/2014,LGB,CA,AWP,WE,Towers with Radar,78,7,88,4,177,0,6,321,2,329,78,13,409,6,506,509,0,509,1015
02/15/2014,LGB,CA,AWP,WE,Towers with Radar,61,2,76,7,146,0,2,265,4,271,61,4,341,11,417,414,0,414,831
02/16/2014,LGB,CA,AWP,WE,Towers with Radar,67,4,48,3,122,0,0,206,0,206,67,4,254,3,328,305,0,305,633
02/17/2014,LGB,CA,AWP,WE,Towers with Radar,77,8,73,0,158,0,7,143,0,150,77,15,216,0,308,512,0,512,820
02/18/2014,LGB,CA,AWP,WE,Towers with Radar,73,5,59,4,141,0,7,301,4,312,73,12,360,8,453,562,0,562,1015
02/19/2014,LGB,CA,AWP,WE,Towers with Radar,67,5,103,0,175,0,5,293,0,298,67,10,396,0,473,676,0,676,1149
02/20/2014,LGB,CA,AWP,WE,Towers with Radar,76,10,81,2,169,0,14,312,4,330,76,24,393,6,499,665,0,665,1164
02/21/2014,LGB,CA,AWP,WE,Towers with Radar,74,8,62,0,144,0,10,305,0,315,74,18,367,0,459,536,0,536,995
02/22/2014,LGB,CA,AWP,WE,Towers with Radar,57,2,74,4,137,2,2,285,2,291,59,4,359,6,428,476,0,476,904
02/23/2014,LGB,CA,AWP,WE,Towers with Radar,71,6,76,2,155,0,1,231,2,234,71,7,307,4,389,453,0,453,842
02/24/2014,LGB,CA,AWP,WE,Towers with Radar,74,6,71,1,152,0,4,243,2,249,74,10,314,3,401,477,0,477,878
02/25/2014,LGB,CA,AWP,WE,Towers with Radar,69,4,90,2,165,0,15,300,2,317,69,19,390,4,482,494,0,494,976
02/26/2014,LGB,CA,AWP,WE,Towers with Radar,64,12,76,1,153,0,21,219,1,241,64,33,295,2,394,489,0,489,883
02/27/2014,LGB,CA,AWP,WE,Towers with Radar,74,5,87,3,169,0,8,146,3,157,74,13,233,6,326,405,10,415,741
02/28/2014,LGB,CA,AWP,WE,Towers with Radar,70,9,44,0,123,0,1,50,0,51,70,10,94,0,174,44,16,60,234
03/01/2014,LGB,CA,AWP,WE,Towers with Radar,60,2,28,0,90,0,5,56,0,61,60,7,84,0,151,100,0,100,251
03/02/2014,LGB,CA,AWP,WE,Towers with Radar,71,8,70,1,150,0,0,117,0,117,71,8,187,1,267,196,0,196,463
03/03/2014,LGB,CA,AWP,WE,Towers with Radar,69,9,81,0,159,1,14,305,0,320,70,23,386,0,479,529,0,529,1008
03/04/2014,LGB,CA,AWP,WE,Towers with Radar,68,10,67,2,147,0,10,246,1,257,68,20,313,3,404,627,0,627,1031
03/05/2014,LGB,CA,AWP,WE,Towers with Radar,72,13,69,1,155,0,12,255,0,267,72,25,324,1,422,540,0,540,962
03/06/2014,LGB,CA,AWP,WE,Towers with Radar,77,8,76,0,161,0,5,240,0,245,77,13,316,0,406,543,0,543,949
03/07/2014,LGB,CA,AWP,WE,Towers with Radar,76,5,99,0,180,0,14,333,3,350,76,19,432,3,530,518,6,524,1054
03/08/2014,LGB,CA,AWP,WE,Towers with Radar,64,3,71,0,138,0,0,261,0,261,64,3,332,0,399,460,0,460,859
03/09/2014,LGB,CA,AWP,WE,Towers with Radar,75,5,51,0,131,0,2,207,0,209,75,7,258,0,340,365,0,365,705
03/10/2014,LGB,CA,AWP,WE,Towers with Radar,79,10,59,1,149,0,8,256,0,264,79,18,315,1,413,460,0,460,873
03/11/2014,LGB,CA,AWP,WE,Towers with Radar,69,5,79,3,156,0,17,334,1,352,69,22,413,4,508,779,0,779,1287
03/12/2014,LGB,CA,AWP,WE,Towers with Radar,70,9,47,3,129,0,6,207,2,215,70,15,254,5,344,347,0,347,691
03/13/2014,LGB,CA,AWP,WE,Towers with Radar,81,7,78,0,166,0,12,285,0,297,81,19,363,0,463,797,0,797,1260
03/14/2014,LGB,CA,AWP,WE,Towers with Radar,78,14,67,4,163,0,4,285,2,291,78,18,352,6,454,610,0,610,1064
03/15/2014,LGB,CA,AWP,WE,Towers with Radar,62,2,82,0,146,0,5,304,0,309,62,7,386,0,455,463,0,463,918
03/16/2014,LGB,CA,AWP,WE,Towers with Radar,75,1,70,1,147,0,1,225,0,226,75,2,295,1,373,283,0,283,656
03/17/2014,LGB,CA,AWP,WE,Towers with Radar,77,8,68,4,157,0,9,246,2,257,77,17,314,6,414,368,0,368,782
03/18/2014,LGB,CA,AWP,WE,Towers with Radar,67,7,81,2,157,0,22,339,2,363,67,29,420,4,520,576,0,576,1096
03/19/2014,LGB,CA,AWP,WE,Towers with Radar,67,6,76,0,149,0,9,321,0,330,67,15,397,0,479,747,0,747,1226
03/20/2014,LGB,CA,AWP,WE,Towers with Radar,76,5,98,6,185,0,9,276,1,286,76,14,374,7,471,591,0,591,1062
03/21/2014,LGB,CA,AWP,WE,Towers with Radar,76,11,97,2,186,0,12,317,4,333,76,23,414,6,519,690,0,690,1209
03/22/2014,LGB,CA,AWP,WE,Towers with Radar,60,5,79,1,145,0,4,279,0,283,60,9,358,1,428,643,0,643,1071
03/23/2014,LGB,CA,AWP,WE,Towers with Radar,70,6,74,1,151,1,0,180,0,181,71,6,254,1,332,492,0,492,824
03/24/2014,LGB,CA,AWP,WE,Towers with Radar,76,4,98,1,179,0,11,204,0,215,76,15,302,1,394,846,0,846,1240
03/25/2014,LGB,CA,AWP,WE,Towers with Radar,71,3,80,2,156,0,25,213,1,239,71,28,293,3,395,688,0,688,1083
03/26/2014,LGB,CA,AWP,WE,Towers with Radar,68,4,52,9,133,0,13,196,5,214,68,17,248,14,347,406,0,406,753
03/27/2014,LGB,CA,AWP,WE,Towers with Radar,73,13,98,0,184,0,10,304,0,314,73,23,402,0,498,607,0,607,1105
03/28/2014,LGB,CA,AWP,WE,Towers with Radar,80,8,73,3,164,0,10,313,3,326,80,18,386,6,490,572,0,572,1062
03/29/2014,LGB,CA,AWP,WE,Towers with Radar,59,2,45,0,106,0,3,308,0,311,59,5,353,0,417,546,0,546,963
03/30/2014,LGB,CA,AWP,WE,Towers with Radar,71,6,36,1,114,0,0,233,1,234,71,6,269,2,348,416,0,416,764
03/31/2014,LGB,CA,AWP,WE,Towers with Radar,74,4,51,0,129,0,13,248,1,262,74,17,299,1,391,645,0,645,1036
04/01/2014,LGB,CA,AWP,WE,Towers with Radar,65,3,51,0,119,0,14,283,0,297,65,17,334,0,416,421,0,421,837
04/02/2014,LGB,CA,AWP,WE,Towers with Radar,68,3,70,1,142,0,6,243,0,249,68,9,313,1,391,290,0,290,681
04/03/2014,LGB,CA,AWP,WE,Towers with Radar,76,4,105,3,188,0,10,459,7,476,76,14,564,10,664,549,0,549,1213
04/04/2014,LGB,CA,AWP,WE,Towers with Radar,79,4,78,1,162,0,14,284,0,298,79,18,362,1,460,624,0,624,1084
04/05/2014,LGB,CA,AWP,WE,Towers with Radar,62,2,47,3,114,0,2,320,1,323,62,4,367,4,437,564,0,564,1001
04/06/2014,LGB,CA,AWP,WE,Towers with Radar,70,8,56,1,135,1,17,229,1,248,71,25,285,2,383,344,0,344,727
04/07/2014,LGB,CA,AWP,WE,Towers with Radar,78,1,60,2,141,0,15,287,0,302,78,16,347,2,443,574,0,574,1017
04/08/2014,LGB,CA,AWP,WE,Towers with Radar,63,10,93,1,167,0,15,319,0,334,63,25,412,1,501,672,0,672,1173
04/09/2014,LGB,CA,AWP,WE,Towers with Radar,68,11,99,0,178,0,5,287,0,292,68,16,386,0,470,532,0,532,1002
04/10/2014,LGB,CA,AWP,WE,Towers with Radar,76,3,91,2,172,0,14,186,0,200,76,17,277,2,372,488,0,488,860
04/11/2014,LGB,CA,AWP,WE,Towers with Radar,80,9,77,0,166,0,4,306,0,310,80,13,383,0,476,545,32,577,1053
04/12/2014,LGB,CA,AWP,WE,Towers with Radar,62,15,64,0,141,0,5,296,0,301,62,20,360,0,442,611,0,611,1053
04/13/2014,LGB,CA,AWP,WE,Towers with Radar,72,9,78,2,161,0,0,199,2,201,72,9,277,4,362,375,0,375,737
04/14/2014,LGB,CA,AWP,WE,Towers with Radar,77,9,67,0,153,0,14,278,0,292,77,23,345,0,445,512,0,512,957
04/15/2014,LGB,CA,AWP,WE,Towers with Radar,66,10,87,4,167,0,15,264,0,279,66,25,351,4,446,443,0,443,889
04/16/2014,LGB,CA,AWP,WE,Towers with Radar,69,8,105,0,182,0,10,242,1,253,69,18,347,1,435,475,0,475,910
04/17/2014,LGB,CA,AWP,WE,Towers with Radar,79,10,106,3,198,0,9,240,0,249,79,19,346,3,447,755,0,755,1202
04/18/2014,LGB,CA,AWP,WE,Towers with Radar,75,1,79,2,157,0,5,303,0,308,75,6,382,2,465,701,0,701,1166
04/19/2014,LGB,CA,AWP,WE,Towers with Radar,66,1,70,1,138,1,4,394,1,400,67,5,464,2,538,580,0,580,1118
04/20/2014,LGB,CA,AWP,WE,Towers with Radar,71,0,36,0,107,0,0,174,0,174,71,0,210,0,281,292,0,292,573
04/21/2014,LGB,CA,AWP,WE,Towers with Radar,77,9,94,0,180,0,6,279,6,291,77,15,373,6,471,434,30,464,935
04/22/2014,LGB,CA,AWP,WE,Towers with Radar,70,6,68,3,147,0,17,242,0,259,70,23,310,3,406,404,0,404,810
04/23/2014,LGB,CA,AWP,WE,Towers with Radar,73,4,82,0,159,1,11,276,0,288,74,15,358,0,447,481,0,481,928
04/24/2014,LGB,CA,AWP,WE,Towers with Radar,77,4,91,0,172,1,6,303,1,311,78,10,394,1,483,339,0,339,822
04/25/2014,LGB,CA,AWP,WE,Towers with Radar,71,7,103,0,181,0,14,156,0,170,71,21,259,0,351,298,0,298,649
04/26/2014,LGB,CA,AWP,WE,Towers with Radar,65,1,39,1,106,0,2,196,1,199,65,3,235,2,305,253,0,253,558
04/27/2014,LGB,CA,AWP,WE,Towers with Radar,71,4,65,0,140,0,0,238,0,238,71,4,303,0,378,293,0,293,671
04/28/2014,LGB,CA,AWP,WE,Towers with Radar,76,5,59,0,140,0,8,344,0,352,76,13,403,0,492,328,0,328,820
04/29/2014,LGB,CA,AWP,WE,Towers with Radar,64,4,73,0,141,0,7,219,0,226,64,11,292,0,367,284,0,284,651
04/30/2014,LGB,CA,AWP,WE,Towers with Radar,64,11,38,0,113,0,14,215,0,229,64,25,253,0,342,199,0,199,541
05/01/2014,LGB,CA,AWP,WE,Towers with Radar,84,8,70,0,162,0,17,314,1,332,84,25,384,1,494,286,0,286,780
05/02/2014,LGB,CA,AWP,WE,Towers with Radar,83,10,88,0,181,0,9,329,0,338,83,19,417,0,519,470,0,470,989
05/03/2014,LGB,CA,AWP,WE,Towers with Radar,64,4,63,0,131,0,1,337,0,338,64,5,400,0,469,450,0,450,919
05/04/2014,LGB,CA,AWP,WE,Towers with Radar,79,11,82,0,172,0,3,257,1,261,79,14,339,1,433,299,0,299,732
05/05/2014,LGB,CA,AWP,WE,Towers with Radar,83,8,79,0,170,0,15,262,0,277,83,23,341,0,447,593,0,593,1040
05/06/2014,LGB,CA,AWP,WE,Towers with Radar,71,9,58,2,140,0,8,330,1,339,71,17,388,3,479,530,0,530,1009
05/07/2014,LGB,CA,AWP,WE,Towers with Radar,72,13,66,0,151,0,6,249,0,255,72,19,315,0,406,459,0,459,865
05/08/2014,LGB,CA,AWP,WE,Towers with Radar,83,18,84,1,186,0,2,304,3,309,83,20,388,4,495,581,0,581,1076
05/09/2014,LGB,CA,AWP,WE,Towers with Radar,83,5,80,1,169,0,15,357,1,373,83,20,437,2,542,803,0,803,1345
05/10/2014,LGB,CA,AWP,WE,Towers with Radar,60,4,69,0,133,0,4,319,1,324,60,8,388,1,457,514,0,514,971
05/11/2014,LGB,CA,AWP,WE,Towers with Radar,74,7,44,1,126,1,2,170,1,174,75,9,214,2,300,297,0,297,597
05/12/2014,LGB,CA,AWP,WE,Towers with Radar,82,8,65,0,155,0,20,276,0,296,82,28,341,0,451,518,0,518,969
05/13/2014,LGB,CA,AWP,WE,Towers with Radar,68,6,49,0,123,0,9,338,4,351,68,15,387,4,474,532,11,543,1017
05/14/2014,LGB,CA,AWP,WE,Towers with Radar,72,12,57,1,142,0,2,282,3,287,72,14,339,4,429,479,0,479,908
05/15/2014,LGB,CA,AWP,WE,Towers with Radar,83,6,93,2,184,0,14,374,0,388,83,20,467,2,572,584,0,584,1156
05/16/2014,LGB,CA,AWP,WE,Towers with Radar,85,7,63,2,157,0,10,305,1,316,85,17,368,3,473,517,0,517,990
05/17/2014,LGB,CA,AWP,WE,Towers with Radar,68,7,63,0,138,0,2,323,0,325,68,9,386,0,463,474,0,474,937
05/18/2014,LGB,CA,AWP,WE,Towers with Radar,77,3,50,0,130,0,4,189,0,193,77,7,239,0,323,286,0,286,609
05/19/2014,LGB,CA,AWP,WE,Towers with Radar,85,3,67,2,157,1,10,237,13,261,86,13,304,15,418,529,0,529,947
05/20/2014,LGB,CA,AWP,WE,Towers with Radar,75,9,79,2,165,0,15,305,0,320,75,24,384,2,485,518,0,518,1003
05/21/2014,LGB,CA,AWP,WE,Towers with Radar,73,3,76,0,152,0,7,355,4,366,73,10,431,4,518,650,0,650,1168
05/22/2014,LGB,CA,AWP,WE,Towers with Radar,86,8,81,1,176,0,14,236,2,252,86,22,317,3,428,638,0,638,1066
05/23/2014,LGB,CA,AWP,WE,Towers with Radar,84,2,116,0,202,0,6,309,0,315,84,8,425,0,517,542,0,542,1059
05/24/2014,LGB,CA,AWP,WE,Towers with Radar,67,1,92,0,160,0,1,225,0,226,67,2,317,0,386,516,0,516,902
05/25/2014,LGB,CA,AWP,WE,Towers with Radar,73,2,68,0,143,0,1,175,0,176,73,3,243,0,319,328,0,328,647
05/26/2014,LGB,CA,AWP,WE,Towers with Radar,81,8,75,0,164,1,2,273,0,276,82,10,348,0,440,374,0,374,814
05/27/2014,LGB,CA,AWP,WE,Towers with Radar,76,24,88,0,188,1,9,244,0,254,77,33,332,0,442,533,0,533,975
05/28/2014,LGB,CA,AWP,WE,Towers with Radar,76,11,100,4,191,0,4,241,1,246,76,15,341,5,437,452,0,452,889
05/29/2014,LGB,CA,AWP,WE,Towers with Radar,85,26,102,1,214,1,11,330,11,353,86,37,432,12,567,412,0,412,979
05/30/2014,LGB,CA,AWP,WE,Towers with Radar,77,6,74,6,163,0,9,289,3,301,77,15,363,9,464,367,1,368,832
05/31/2014,LGB,CA,AWP,WE,Towers with Radar,69,3,56,0,128,0,3,296,1,300,69,6,352,1,428,448,0,448,876
06/01/2014,LGB,CA,AWP,WE,Towers with Radar,77,2,48,0,127,0,1,201,1,203,77,3,249,1,330,301,0,301,631
06/02/2014,LGB,CA,AWP,WE,Towers with Radar,85,10,50,1,146,0,10,220,0,230,85,20,270,1,376,424,0,424,800
06/03/2014,LGB,CA,AWP,WE,Towers with Radar,74,5,58,4,141,0,11,256,0,267,74,16,314,4,408,479,0,479,887
06/04/2014,LGB,CA,AWP,WE,Towers with Radar,75,0,60,4,139,0,5,307,4,316,75,5,367,8,455,418,0,418,873
06/05/2014,LGB,CA,AWP,WE,Towers with Radar,80,14,73,0,167,0,11,280,5,296,80,25,353,5,463,443,0,443,906
06/06/2014,LGB,CA,AWP,WE,Towers with Radar,88,13,68,0,169,0,11,286,0,297,88,24,354,0,466,519,0,519,985
06/07/2014,LGB,CA,AWP,WE,Towers with Radar,68,3,81,1,153,0,12,228,1,241,68,15,309,2,394,396,0,396,790
06/08/2014,LGB,CA,AWP,WE,Towers with Radar,76,8,77,0,161,0,1,244,0,245,76,9,321,0,406,342,0,342,748
06/09/2014,LGB,CA,AWP,WE,Towers with Radar,84,13,105,2,204,0,7,195,0,202,84,20,300,2,406,380,0,380,786
06/10/2014,LGB,CA,AWP,WE,Towers with Radar,76,17,108,0,201,0,4,135,0,139,76,21,243,0,340,475,0,475,815
06/11/2014,LGB,CA,AWP,WE,Towers with Radar,79,11,107,0,197,0,13,273,4,290,79,24,380,4,487,525,0,525,1012
06/12/2014,LGB,CA,AWP,WE,Towers with Radar,87,4,61,2,154,0,9,312,0,321,87,13,373,2,475,456,0,456,931
06/13/2014,LGB,CA,AWP,WE,Towers with Radar,83,11,107,2,203,0,10,255,0,265,83,21,362,2,468,528,0,528,996
06/14/2014,LGB,CA,AWP,WE,Towers with Radar,67,2,36,4,109,0,5,111,0,116,67,7,147,4,225,128,0,128,353
06/15/2014,LGB,CA,AWP,WE,Towers with Radar,79,4,49,0,132,0,0,242,0,242,79,4,291,0,374,208,0,208,582
06/16/2014,LGB,CA,AWP,WE,Towers with Radar,82,10,71,0,163,0,6,264,1,271,82,16,335,1,434,527,0,527,961
06/17/2014,LGB,CA,AWP,WE,Towers with Radar,77,1,82,3,163,0,7,98,0,105,77,8,180,3,268,205,0,205,473
06/18/2014,LGB,CA,AWP,WE,Towers with Radar,83,7,84,1,175,2,9,349,1,361,85,16,433,2,536,595,0,595,1131
06/19/2014,LGB,CA,AWP,WE,Towers with Radar,89,14,80,3,186,0,12,265,0,277,89,26,345,3,463,430,0,430,893
06/20/2014,LGB,CA,AWP,WE,Towers with Radar,88,10,62,4,164,0,12,305,0,317,88,22,367,4,481,410,0,410,891
06/21/2014,LGB,CA,AWP,WE,Towers with Radar,79,11,78,8,176,0,11,254,2,267,79,22,332,10,443,444,0,444,887
06/22/2014,LGB,CA,AWP,WE,Towers with Radar,86,11,57,1,155,0,3,155,0,158,86,14,212,1,313,230,0,230,543
06/23/2014,LGB,CA,AWP,WE,Towers with Radar,91,9,76,2,178,1,8,200,0,209,92,17,276,2,387,373,0,373,760
06/24/2014,LGB,CA,AWP,WE,Towers with Radar,87,11,99,1,198,0,7,233,0,240,87,18,332,1,438,463,0,463,901
06/25/2014,LGB,CA,AWP,WE,Towers with Radar,87,3,76,4,170,0,13,318,4,335,87,16,394,8,505,536,0,536,1041
06/26/2014,LGB,CA,AWP,WE,Towers with Radar,84,10,82,0,176,0,10,215,0,225,84,20,297,0,401,373,0,373,774
06/27/2014,LGB,CA,AWP,WE,Towers with Radar,89,1,93,2,185,0,13,294,0,307,89,14,387,2,492,439,0,439,931
06/28/2014,LGB,CA,AWP,WE,Towers with Radar,80,4,69,2,155,0,5,251,0,256,80,9,320,2,411,463,0,463,874
06/29/2014,LGB,CA,AWP,WE,Towers with Radar,81,7,77,1,166,0,1,183,0,184,81,8,260,1,350,320,0,320,670
06/30/2014,LGB,CA,AWP,WE,Towers with Radar,99,4,76,1,180,0,3,147,0,150,99,7,223,1,330,440,0,440,770
07/01/2014,LGB,CA,AWP,WE,Towers with Radar,88,13,85,0,186,0,9,253,0,262,88,22,338,0,448,449,0,449,897
07/02/2014,LGB,CA,AWP,WE,Towers with Radar,89,8,72,0,169,0,8,308,0,316,89,16,380,0,485,507,0,507,992
07/03/2014,LGB,CA,AWP,WE,Towers with Radar,92,8,88,2,190,0,14,264,0,278,92,22,352,2,468,394,0,394,862
07/04/2014,LGB,CA,AWP,WE,Towers with Radar,80,5,52,0,137,0,2,185,1,188,80,7,237,1,325,203,0,203,528
07/05/2014,LGB,CA,AWP,WE,Towers with Radar,80,8,41,0,129,1,10,265,0,276,81,18,306,0,405,385,0,385,790
07/06/2014,LGB,CA,AWP,WE,Towers with Radar,87,13,45,0,145,0,0,262,0,262,87,13,307,0,407,327,0,327,734
07/07/2014,LGB,CA,AWP,WE,Towers with Radar,93,6,74,2,175,0,20,268,0,288,93,26,342,2,463,468,0,468,931
07/08/2014,LGB,CA,AWP,WE,Towers with Radar,84,16,99,2,201,0,11,265,2,278,84,27,364,4,479,859,0,859,1338
07/09/2014,LGB,CA,AWP,WE,Towers with Radar,88,7,73,1,169,0,14,289,0,303,88,21,362,1,472,351,0,351,823
07/10/2014,LGB,CA,AWP,WE,Towers with Radar,90,9,89,4,192,0,14,362,4,380,90,23,451,8,572,478,0,478,1050
07/11/2014,LGB,CA,AWP,WE,Towers with Radar,92,8,73,3,176,0,10,340,6,356,92,18,413,9,532,633,0,633,1165
07/12/2014,LGB,CA,AWP,WE,Towers with Radar,82,6,74,1,163,0,6,403,0,409,82,12,477,1,572,400,0,400,972
07/13/2014,LGB,CA,AWP,WE,Towers with Radar,89,5,68,0,162,1,4,262,1,268,90,9,330,1,430,374,0,374,804
07/14/2014,LGB,CA,AWP,WE,Towers with Radar,82,16,97,1,196,0,4,130,0,134,82,20,227,1,330,331,0,331,661
07/15/2014,LGB,CA,AWP,WE,Towers with Radar,82,10,97,3,192,0,6,202,0,208,82,16,299,3,400,389,0,389,789
07/16/2014,LGB,CA,AWP,WE,Towers with Radar,86,9,65,2,162,0,11,283,0,294,86,20,348,2,456,473,0,473,929
07/17/2014,LGB,CA,AWP,WE,Towers with Radar,91,6,71,0,168,0,10,290,1,301,91,16,361,1,469,381,0,381,850
07/18/2014,LGB,CA,AWP,WE,Towers with Radar,89,5,75,0,169,0,15,296,0,311,89,20,371,0,480,716,0,716,1196
07/19/2014,LGB,CA,AWP,WE,Towers with Radar,80,11,53,1,145,0,4,328,1,333,80,15,381,2,478,630,0,630,1108
07/20/2014,LGB,CA,AWP,WE,Towers with Radar,87,5,69,0,161,1,5,221,2,229,88,10,290,2,390,528,0,528,918
07/21/2014,LGB,CA,AWP,WE,Towers with Radar,91,5,55,2,153,0,10,200,1,211,91,15,255,3,364,511,0,511,875
07/22/2014,LGB,CA,AWP,WE,Towers with Radar,84,9,60,3,156,0,6,262,1,269,84,15,322,4,425,570,0,570,995
07/23/2014,LGB,CA,AWP,WE,Towers with Radar,84,7,56,4,151,2,9,216,3,230,86,16,272,7,381,283,0,283,664
07/24/2014,LGB,CA,AWP,WE,Towers with Radar,92,21,68,1,182,1,14,111,1,127,93,35,179,2,309,97,0,97,406
07/25/2014,LGB,CA,AWP,WE,Towers with Radar,89,14,85,1,189,0,6,280,9,295,89,20,365,10,484,491,0,491,975
07/26/2014,LGB,CA,AWP,WE,Towers with Radar,81,3,54,0,138,0,4,323,0,327,81,7,377,0,465,496,0,496,961
07/27/2014,LGB,CA,AWP,WE,Towers with Radar,85,11,58,0,154,0,1,222,0,223,85,12,280,0,377,346,9,355,732
07/28/2014,LGB,CA,AWP,WE,Towers with Radar,89,5,67,0,161,0,6,216,0,222,89,11,283,0,383,384,0,384,767
07/29/2014,LGB,CA,AWP,WE,Towers with Radar,89,7,64,0,160,1,10,291,3,305,90,17,355,3,465,475,0,475,940
07/30/2014,LGB,CA,AWP,WE,Towers with Radar,88,6,74,1,169,0,10,339,3,352,88,16,413,4,521,499,0,499,1020
07/31/2014,LGB,CA,AWP,WE,Towers with Radar,91,8,81,0,180,1,16,286,0,303,92,24,367,0,483,327,0,327,810
08/01/2014,LGB,CA,AWP,WE,Towers with Radar,92,12,105,3,212,0,5,332,0,337,92,17,437,3,549,455,0,455,1004
08/02/2014,LGB,CA,AWP,WE,Towers with Radar,78,10,80,2,170,0,3,219,0,222,78,13,299,2,392,345,0,345,737
08/03/2014,LGB,CA,AWP,WE,Towers with Radar,84,16,51,0,151,0,1,156,0,157,84,17,207,0,308,220,0,220,528
08/04/2014,LGB,CA,AWP,WE,Towers with Radar,85,7,88,0,180,0,13,252,0,265,85,20,340,0,445,315,0,315,760
08/05/2014,LGB,CA,AWP,WE,Towers with Radar,81,0,67,0,148,0,9,314,0,323,81,9,381,0,471,532,0,532,1003
08/06/2014,LGB,CA,AWP,WE,Towers with Radar,85,5,91,4,185,0,20,310,5,335,85,25,401,9,520,413,0,413,933
08/07/2014,LGB,CA,AWP,WE,Towers with Radar,89,5,105,0,199,0,19,300,0,319,89,24,405,0,518,423,0,423,941
08/08/2014,LGB,CA,AWP,WE,Towers with Radar,96,7,96,3,202,0,7,209,1,217,96,14,305,4,419,454,0,454,873
08/09/2014,LGB,CA,AWP,WE,Towers with Radar,80,10,81,0,171,0,5,245,0,250,80,15,326,0,421,222,0,222,643
08/10/2014,LGB,CA,AWP,WE,Towers with Radar,88,7,56,0,151,0,1,214,0,215,88,8,270,0,366,265,0,265,631
08/11/2014,LGB,CA,AWP,WE,Towers with Radar,88,6,93,2,189,0,9,314,0,323,88,15,407,2,512,534,0,534,1046
08/12/2014,LGB,CA,AWP,WE,Towers with Radar,78,8,84,1,171,1,15,314,6,336,79,23,398,7,507,524,0,524,1031
08/13/2014,LGB,CA,AWP,WE,Towers with Radar,85,16,103,2,206,0,16,338,15,369,85,32,441,17,575,512,0,512,1087
08/14/2014,LGB,CA,AWP,WE,Towers with Radar,88,17,96,0,201,0,2,346,14,362,88,19,442,14,563,419,0,419,982
08/15/2014,LGB,CA,AWP,WE,Towers with Radar,90,2,89,1,182,0,17,324,5,346,90,19,413,6,528,507,0,507,1035
08/16/2014,LGB,CA,AWP,WE,Towers with Radar,80,7,81,0,168,0,3,348,0,351,80,10,429,0,519,412,0,412,931
08/17/2014,LGB,CA,AWP,WE,Towers with Radar,83,6,83,0,172,0,1,212,0,213,83,7,295,0,385,250,0,250,635
08/18/2014,LGB,CA,AWP,WE,Towers with Radar,86,12,63,6,167,0,7,283,11,301,86,19,346,17,468,544,0,544,1012
08/19/2014,LGB,CA,AWP,WE,Towers with Radar,82,10,72,5,169,0,19,269,0,288,82,29,341,5,457,518,0,518,975
08/20/2014,LGB,CA,AWP,WE,Towers with Radar,82,7,70,5,164,1,13,240,0,254,83,20,310,5,418,488,0,488,906
08/21/2014,LGB,CA,AWP,WE,Towers with Radar,86,8,80,0,174,0,14,283,1,298,86,22,363,1,472,360,0,360,832
08/22/2014,LGB,CA,AWP,WE,Towers with Radar,89,9,91,11,200,0,7,314,1,322,89,16,405,12,522,504,0,504,1026
08/23/2014,LGB,CA,AWP,WE,Towers with Radar,80,1,46,2,129,0,10,280,1,291,80,11,326,3,420,364,0,364,784
08/24/2014,LGB,CA,AWP,WE,Towers with Radar,79,5,62,0,146,0,1,210,0,211,79,6,272,0,357,384,0,384,741
08/25/2014,LGB,CA,AWP,WE,Towers with Radar,81,8,73,2,164,0,14,299,0,313,81,22,372,2,477,496,0,496,973
08/26/2014,LGB,CA,AWP,WE,Towers with Radar,79,6,66,2,153,0,13,225,7,245,79,19,291,9,398,412,0,412,810
08/27/2014,LGB,CA,AWP,WE,Towers with Radar,82,9,75,2,168,1,24,303,1,329,83,33,378,3,497,398,0,398,895
08/28/2014,LGB,CA,AWP,WE,Towers with Radar,81,5,65,5,156,0,17,269,3,289,81,22,334,8,445,306,0,306,751
08/29/2014,LGB,CA,AWP,WE,Towers with Radar,82,15,77,1,175,0,13,256,1,270,82,28,333,2,445,318,0,318,763
08/30/2014,LGB,CA,AWP,WE,Towers with Radar,73,7,61,0,141,0,3,295,0,298,73,10,356,0,439,427,0,427,866
08/31/2014,LGB,CA,AWP,WE,Towers with Radar,73,4,39,0,116,0,0,178,0,178,73,4,217,0,294,229,0,229,523
09/01/2014,LGB,CA,AWP,WE,Towers with Radar,75,11,70,1,157,0,4,267,1,272,75,15,337,2,429,410,0,410,839
09/02/2014,LGB,CA,AWP,WE,Towers with Radar,76,6,69,4,155,0,9,259,2,270,76,15,328,6,425,324,0,324,749
09/03/2014,LGB,CA,AWP,WE,Towers with Radar,71,11,87,3,172,0,14,299,0,313,71,25,386,3,485,443,0,443,928
09/04/2014,LGB,CA,AWP,WE,Towers with Radar,71,4,78,2,155,0,7,238,1,246,71,11,316,3,401,451,0,451,852
09/05/2014,LGB,CA,AWP,WE,Towers with Radar,73,5,75,5,158,0,8,255,3,266,73,13,330,8,424,309,0,309,733
09/06/2014,LGB,CA,AWP,WE,Towers with Radar,58,6,58,2,124,0,4,285,2,291,58,10,343,4,415,382,0,382,797
09/07/2014,LGB,CA,AWP,WE,Towers with Radar,66,5,64,1,136,0,0,205,1,206,66,5,269,2,342,340,0,340,682
09/08/2014,LGB,CA,AWP,WE,Towers with Radar,70,8,64,0,142,0,12,158,0,170,70,20,222,0,312,216,0,216,528
09/09/2014,LGB,CA,AWP,WE,Towers with Radar,68,5,84,2,159,0,8,299,0,307,68,13,383,2,466,570,0,570,1036
09/10/2014,LGB,CA,AWP,WE,Towers with Radar,71,3,89,1,164,0,6,282,0,288,71,9,371,1,452,563,0,563,1015
09/11/2014,LGB,CA,AWP,WE,Towers with Radar,70,7,86,3,166,0,12,315,1,328,70,19,401,4,494,395,0,395,889
09/12/2014,LGB,CA,AWP,WE,Towers with Radar,71,14,73,1,159,0,8,284,0,292,71,22,357,1,451,459,0,459,910
09/13/2014,LGB,CA,AWP,WE,Towers with Radar,58,6,49,0,113,0,6,293,0,299,58,12,342,0,412,469,0,469,881
09/14/2014,LGB,CA,AWP,WE,Towers with Radar,68,3,62,0,133,0,3,211,0,214,68,6,273,0,347,190,0,190,537
09/15/2014,LGB,CA,AWP,WE,Towers with Radar,70,7,59,3,139,0,9,289,2,300,70,16,348,5,439,359,0,359,798
09/16/2014,LGB,CA,AWP,WE,Towers with Radar,66,10,77,1,154,0,12,325,1,338,66,22,402,2,492,436,0,436,928
09/17/2014,LGB,CA,AWP,WE,Towers with Radar,68,4,81,4,157,0,8,270,1,279,68,12,351,5,436,306,0,306,742
09/18/2014,LGB,CA,AWP,WE,Towers with Radar,72,7,79,0,158,0,8,272,0,280,72,15,351,0,438,478,0,478,916
09/19/2014,LGB,CA,AWP,WE,Towers with Radar,69,8,75,3,155,0,10,265,0,275,69,18,340,3,430,561,0,561,991
09/20/2014,LGB,CA,AWP,WE,Towers with Radar,57,17,77,0,151,0,7,195,0,202,57,24,272,0,353,569,0,569,922
09/21/2014,LGB,CA,AWP,WE,Towers with Radar,69,10,57,0,136,0,2,143,0,145,69,12,200,0,281,260,0,260,541
09/22/2014,LGB,CA,AWP,WE,Towers with Radar,69,7,78,0,154,0,8,221,0,229,69,15,299,0,383,437,0,437,820
09/23/2014,LGB,CA,AWP,WE,Towers with Radar,67,6,82,4,159,0,9,284,3,296,67,15,366,7,455,548,0,548,1003
09/24/2014,LGB,CA,AWP,WE,Towers with Radar,69,13,95,3,180,1,11,288,3,303,70,24,383,6,483,439,0,439,922
09/25/2014,LGB,CA,AWP,WE,Towers with Radar,73,7,81,0,161,0,11,288,1,300,73,18,369,1,461,481,0,481,942
09/26/2014,LGB,CA,AWP,WE,Towers with Radar,70,0,73,0,143,0,9,292,0,301,70,9,365,0,444,494,0,494,938
09/27/2014,LGB,CA,AWP,WE,Towers with Radar,58,5,45,0,108,0,4,298,0,302,58,9,343,0,410,470,0,470,880
09/28/2014,LGB,CA,AWP,WE,Towers with Radar,66,6,51,0,123,0,3,198,0,201,66,9,249,0,324,280,0,280,604
09/29/2014,LGB,CA,AWP,WE,Towers with Radar,69,3,57,1,130,0,9,261,0,270,69,12,318,1,400,439,0,439,839
09/30/2014,LGB,CA,AWP,WE,Towers with Radar,64,19,81,2,166,0,16,252,1,269,64,35,333,3,435,534,0,534,969
10/01/2014,LGB,CA,AWP,WE,Towers with Radar,69,8,72,1,150,0,4,270,0,274,69,12,342,1,424,615,0,615,1039
10/02/2014,LGB,CA,AWP,WE,Towers with Radar,73,2,72,1,148,1,16,287,1,305,74,18,359,2,453,558,0,558,1011
10/03/2014,LGB,CA,AWP,WE,Towers with Radar,72,8,71,1,152,0,11,241,1,253,72,19,312,2,405,642,0,642,1047
10/04/2014,LGB,CA,AWP,WE,Towers with Radar,62,1,51,0,114,0,4,266,2,272,62,5,317,2,386,402,2,404,790
10/05/2014,LGB,CA,AWP,WE,Towers with Radar,67,7,61,1,136,0,0,198,0,198,67,7,259,1,334,376,0,376,710
10/06/2014,LGB,CA,AWP,WE,Towers with Radar,76,6,51,0,133,2,14,176,2,194,78,20,227,2,327,510,0,510,837
10/07/2014,LGB,CA,AWP,WE,Towers with Radar,70,4,58,1,133,0,15,290,1,306,70,19,348,2,439,522,0,522,961
10/08/2014,LGB,CA,AWP,WE,Towers with Radar,70,3,83,2,158,0,11,313,0,324,70,14,396,2,482,561,0,561,1043
10/09/2014,LGB,CA,AWP,WE,Towers with Radar,74,19,82,1,176,0,15,126,0,141,74,34,208,1,317,219,0,219,536
10/10/2014,LGB,CA,AWP,WE,Towers with Radar,78,21,93,2,194,0,1,148,0,149,78,22,241,2,343,136,0,136,479
10/11/2014,LGB,CA,AWP,WE,Towers with Radar,70,8,55,2,135,0,1,196,0,197,70,9,251,2,332,370,0,370,702
10/12/2014,LGB,CA,AWP,WE,Towers with Radar,67,10,61,0,138,0,0,131,0,131,67,10,192,0,269,280,0,280,549
10/13/2014,LGB,CA,AWP,WE,Towers with Radar,74,13,78,0,165,1,7,193,0,201,75,20,271,0,366,476,0,476,842
10/14/2014,LGB,CA,AWP,WE,Towers with Radar,72,9,98,3,182,0,9,184,0,193,72,18,282,3,375,507,0,507,882
10/15/2014,LGB,CA,AWP,WE,Towers with Radar,72,7,78,2,159,1,5,245,1,252,73,12,323,3,411,577,0,577,988
10/16/2014,LGB,CA,AWP,WE,Towers with Radar,74,7,83,2,166,0,7,248,0,255,74,14,331,2,421,673,0,673,1094
10/17/2014,LGB,CA,AWP,WE,Towers with Radar,74,11,85,2,172,1,8,252,0,261,75,19,337,2,433,651,0,651,1084
10/18/2014,LGB,CA,AWP,WE,Towers with Radar,66,5,79,2,152,0,3,231,2,236,66,8,310,4,388,445,0,445,833
10/19/2014,LGB,CA,AWP,WE,Towers with Radar,70,6,78,0,154,0,1,177,0,178,70,7,255,0,332,270,0,270,602
10/20/2014,LGB,CA,AWP,WE,Towers with Radar,74,4,65,0,143,0,10,176,0,186,74,14,241,0,329,627,0,627,956
10/21/2014,LGB,CA,AWP,WE,Towers with Radar,73,10,55,1,139,0,6,282,1,289,73,16,337,2,428,639,0,639,1067
10/22/2014,LGB,CA,AWP,WE,Towers with Radar,69,4,78,0,151,0,8,330,0,338,69,12,408,0,489,487,0,487,976
10/23/2014,LGB,CA,AWP,WE,Towers with Radar,72,6,75,0,153,0,7,249,0,256,72,13,324,0,409,515,0,515,924
10/24/2014,LGB,CA,AWP,WE,Towers with Radar,71,11,64,0,146,0,8,262,0,270,71,19,326,0,416,579,0,579,995
10/25/2014,LGB,CA,AWP,WE,Towers with Radar,66,2,59,2,129,0,2,308,0,310,66,4,367,2,439,417,0,417,856
10/26/2014,LGB,CA,AWP,WE,Towers with Radar,65,8,51,0,124,0,0,212,0,212,65,8,263,0,336,382,0,382,718
10/27/2014,LGB,CA,AWP,WE,Towers with Radar,65,8,69,3,145,0,9,226,0,235,65,17,295,3,380,501,0,501,881
10/28/2014,LGB,CA,AWP,WE,Towers with Radar,66,6,75,6,153,0,6,283,0,289,66,12,358,6,442,546,0,546,988
10/29/2014,LGB,CA,AWP,WE,Towers with Radar,61,5,90,1,157,0,8,295,1,304,61,13,385,2,461,456,0,456,917
10/30/2014,LGB,CA,AWP,WE,Towers with Radar,67,5,54,1,127,0,11,269,1,281,67,16,323,2,408,474,0,474,882
10/31/2014,LGB,CA,AWP,WE,Towers with Radar,64,5,62,0,131,0,9,165,0,174,64,14,227,0,305,628,0,628,933
11/01/2014,LGB,CA,AWP,WE,Towers with Radar,49,3,32,0,84,0,0,188,0,188,49,3,220,0,272,430,0,430,702
11/02/2014,LGB,CA,AWP,WE,Towers with Radar,63,6,84,0,153,0,1,206,0,207,63,7,290,0,360,326,0,326,686
11/03/2014,LGB,CA,AWP,WE,Towers with Radar,68,5,67,5,145,0,6,311,4,321,68,11,378,9,466,496,0,496,962
11/04/2014,LGB,CA,AWP,WE,Towers with Radar,62,1,73,0,136,0,9,348,1,358,62,10,421,1,494,489,0,489,983
11/05/2014,LGB,CA,AWP,WE,Towers with Radar,67,14,83,0,164,0,6,330,2,338,67,20,413,2,502,663,1,664,1166
11/06/2014,LGB,CA,AWP,WE,Towers with Radar,83,10,59,2,154,0,13,315,0,328,83,23,374,2,482,651,0,651,1133
11/07/2014,LGB,CA,AWP,WE,Towers with Radar,69,10,66,7,152,0,3,258,1,262,69,13,324,8,414,596,0,596,1010
11/08/2014,LGB,CA,AWP,WE,Towers with Radar,57,6,79,7,149,0,4,263,12,279,57,10,342,19,428,563,0,563,991
11/09/2014,LGB,CA,AWP,WE,Towers with Radar,65,1,73,3,142,0,0,188,23,211,65,1,261,26,353,270,0,270,623
11/10/2014,LGB,CA,AWP,WE,Towers with Radar,67,3,81,9,160,0,5,203,2,210,67,8,284,11,370,624,0,624,994
11/11/2014,LGB,CA,AWP,WE,Towers with Radar,63,5,84,9,161,0,1,223,0,224,63,6,307,9,385,724,0,724,1109
11/12/2014,LGB,CA,AWP,WE,Towers with Radar,66,3,83,0,152,0,4,342,0,346,66,7,425,0,498,667,0,667,1165
11/13/2014,LGB,CA,AWP,WE,Towers with Radar,70,3,87,1,161,1,13,325,0,339,71,16,412,1,500,863,0,863,1363
11/14/2014,LGB,CA,AWP,WE,Towers with Radar,70,8,82,4,164,0,9,316,0,325,70,17,398,4,489,651,0,651,1140
11/15/2014,LGB,CA,AWP,WE,Towers with Radar,56,6,64,11,137,0,5,251,1,257,56,11,315,12,394,698,0,698,1092
11/16/2014,LGB,CA,AWP,WE,Towers with Radar,64,9,63,1,137,0,0,209,0,209,64,9,272,1,346,338,0,338,684
11/17/2014,LGB,CA,AWP,WE,Towers with Radar,69,7,49,0,125,0,10,277,0,287,69,17,326,0,412,588,0,588,1000
11/18/2014,LGB,CA,AWP,WE,Towers with Radar,66,12,71,12,161,0,13,348,14,375,66,25,419,26,536,813,0,813,1349
11/19/2014,LGB,CA,AWP,WE,Towers with Radar,66,6,57,1,130,0,8,291,1,300,66,14,348,2,430,583,0,583,1013
11/20/2014,LGB,CA,AWP,WE,Towers with Radar,67,3,76,2,148,0,7,302,0,309,67,10,378,2,457,643,0,643,1100
11/21/2014,LGB,CA,AWP,WE,Towers with Radar,69,7,60,1,137,0,14,297,1,312,69,21,357,2,449,537,0,537,986
11/22/2014,LGB,CA,AWP,WE,Towers with Radar,63,5,60,3,131,0,6,334,0,340,63,11,394,3,471,429,0,429,900
11/23/2014,LGB,CA,AWP,WE,Towers with Radar,66,7,66,6,145,0,2,189,1,192,66,9,255,7,337,404,3,407,744
11/24/2014,LGB,CA,AWP,WE,Towers with Radar,72,6,49,4,131,0,11,202,1,214,72,17,251,5,345,408,0,408,753
11/25/2014,LGB,CA,AWP,WE,Towers with Radar,75,10,68,6,159,0,12,300,4,316,75,22,368,10,475,563,0,563,1038
11/26/2014,LGB,CA,AWP,WE,Towers with Radar,70,11,60,1,142,0,16,283,0,299,70,27,343,1,441,437,0,437,878
11/27/2014,LGB,CA,AWP,WE,Towers with Radar,47,4,21,0,72,0,2,115,0,117,47,6,136,0,189,223,0,223,412
11/28/2014,LGB,CA,AWP,WE,Towers with Radar,66,8,30,4,108,0,9,223,9,241,66,17,253,13,349,337,0,337,686
11/29/2014,LGB,CA,AWP,WE,Towers with Radar,68,8,55,0,131,0,1,205,0,206,68,9,260,0,337,244,0,244,581
11/30/2014,LGB,CA,AWP,WE,Towers with Radar,68,5,68,2,143,0,0,87,1,88,68,5,155,3,231,212,0,212,443
12/01/2014,LGB,CA,AWP,WE,Towers with Radar,76,9,74,0,159,0,10,231,2,243,76,19,305,2,402,437,0,437,839
12/02/2014,LGB,CA,AWP,WE,Towers with Radar,69,15,51,6,141,0,5,36,0,41,69,20,87,6,182,54,0,54,236
12/03/2014,LGB,CA,AWP,WE,Towers with Radar,64,4,78,1,147,0,0,42,0,42,64,4,120,1,189,88,0,88,277
12/04/2014,LGB,CA,AWP,WE,Towers with Radar,67,11,88,2,168,0,11,246,2,259,67,22,334,4,427,362,0,362,789
12/05/2014,LGB,CA,AWP,WE,Towers with Radar,67,14,80,1,162,1,13,244,1,259,68,27,324,2,421,608,0,608,1029
12/06/2014,LGB,CA,AWP,WE,Towers with Radar,55,3,48,0,106,0,1,313,0,314,55,4,361,0,420,528,0,528,948
12/07/2014,LGB,CA,AWP,WE,Towers with Radar,65,2,64,0,131,0,0,263,0,263,65,2,327,0,394,451,0,451,845
12/08/2014,LGB,CA,AWP,WE,Towers with Radar,63,6,63,1,133,0,6,312,1,319,63,12,375,2,452,624,0,624,1076
12/09/2014,LGB,CA,AWP,WE,Towers with Radar,59,5,55,4,123,0,12,319,2,333,59,17,374,6,456,458,0,458,914
12/10/2014,LGB,CA,AWP,WE,Towers with Radar,64,14,100,2,180,1,2,176,1,180,65,16,276,3,360,442,0,442,802
12/11/2014,LGB,CA,AWP,WE,Towers with Radar,70,6,85,0,161,0,14,196,19,229,70,20,281,19,390,444,0,444,834
12/12/2014,LGB,CA,AWP,WE,Towers with Radar,67,8,39,6,120,0,5,81,4,90,67,13,120,10,210,217,0,217,427
12/13/2014,LGB,CA,AWP,WE,Towers with Radar,55,9,62,2,128,1,4,259,0,264,56,13,321,2,392,377,0,377,769
12/14/2014,LGB,CA,AWP,WE,Towers with Radar,65,4,55,0,124,0,3,262,1,266,65,7,317,1,390,301,0,301,691
12/15/2014,LGB,CA,AWP,WE,Towers with Radar,64,10,77,4,155,0,8,316,0,324,64,18,393,4,479,588,0,588,1067
12/16/2014,LGB,CA,AWP,WE,Towers with Radar,61,8,56,1,126,0,9,166,0,175,61,17,222,1,301,366,0,366,667
12/17/2014,LGB,CA,AWP,WE,Towers with Radar,65,7,67,0,139,0,7,203,0,210,65,14,270,0,349,461,0,461,810
12/18/2014,LGB,CA,AWP,WE,Towers with Radar,70,8,85,3,166,0,11,286,3,300,70,19,371,6,466,563,0,563,1029
12/19/2014,LGB,CA,AWP,WE,Towers with Radar,68,12,76,3,159,0,13,256,0,269,68,25,332,3,428,493,0,493,921
12/20/2014,LGB,CA,AWP,WE,Towers with Radar,62,4,73,2,141,0,1,200,0,201,62,5,273,2,342,453,0,453,795
12/21/2014,LGB,CA,AWP,WE,Towers with Radar,70,5,53,1,129,0,1,249,0,250,70,6,302,1,379,576,0,576,955
12/22/2014,LGB,CA,AWP,WE,Towers with Radar,59,12,75,4,150,0,9,249,0,258,59,21,324,4,408,517,0,517,925
12/23/2014,LGB,CA,AWP,WE,Towers with Radar,67,10,69,4,150,0,12,353,0,365,67,22,422,4,515,453,0,453,968
12/24/2014,LGB,CA,AWP,WE,Towers with Radar,64,8,39,1,112,0,9,200,0,209,64,17,239,1,321,246,0,246,567
12/25/2014,LGB,CA,AWP,WE,Towers with Radar,58,3,20,0,81,0,0,68,0,68,58,3,88,0,149,82,0,82,231
12/26/2014,LGB,CA,AWP,WE,Towers with Radar,66,7,51,3,127,0,9,255,2,266,66,16,306,5,393,409,0,409,802
12/27/2014,LGB,CA,AWP,WE,Towers with Radar,66,7,50,0,123,0,5,246,0,251,66,12,296,0,374,527,0,527,901
12/28/2014,LGB,CA,AWP,WE,Towers with Radar,65,10,44,0,119,0,13,164,0,177,65,23,208,0,296,300,0,300,596
12/29/2014,LGB,CA,AWP,WE,Towers with Radar,66,5,47,1,119,0,11,211,0,222,66,16,258,1,341,401,0,401,742
12/30/2014,LGB,CA,AWP,WE,Towers with Radar,70,6,78,1,155,0,18,242,0,260,70,24,320,1,415,608,0,608,1023
12/31/2014,LGB,CA,AWP,WE,Towers with Radar,62,3,48,1,114,0,16,231,1,248,62,19,279,2,362,276,0,276,638
01/01/2015,LGB,CA,AWP,WE,Towers with Radar,64,2,19,0,85,1,0,121,0,122,65,2,140,0,207,150,0,150,357
01/02/2015,LGB,CA,AWP,WE,Towers with Radar,69,3,56,0,128,0,10,298,1,309,69,13,354,1,437,480,0,480,917
01/03/2015,LGB,CA,AWP,WE,Towers with Radar,65,7,64,0,136,0,6,255,1,262,65,13,319,1,398,390,0,390,788
01/04/2015,LGB,CA,AWP,WE,Towers with Radar,62,2,75,3,142,0,6,241,0,247,62,8,316,3,389,324,0,324,713
01/05/2015,LGB,CA,AWP,WE,Towers with Radar,70,2,52,1,125,0,11,267,1,279,70,13,319,2,404,449,0,449,853
01/06/2015,LGB,CA,AWP,WE,Towers with Radar,58,4,55,9,126,0,9,261,8,278,58,13,316,17,404,596,0,596,1000
01/07/2015,LGB,CA,AWP,WE,Towers with Radar,54,8,79,0,141,0,26,244,0,270,54,34,323,0,411,371,0,371,782
01/08/2015,LGB,CA,AWP,WE,Towers with Radar,64,1,86,7,158,2,10,293,6,311,66,11,379,13,469,449,0,449,918
01/09/2015,LGB,CA,AWP,WE,Towers with Radar,69,8,84,0,161,0,6,175,0,181,69,14,259,0,342,352,0,352,694
01/10/2015,LGB,CA,AWP,WE,Towers with Radar,50,10,62,4,126,0,5,198,1,204,50,15,260,5,330,354,0,354,684
01/11/2015,LGB,CA,AWP,WE,Towers with Radar,65,16,44,1,126,0,0,32,0,32,65,16,76,1,158,36,0,36,194
01/12/2015,LGB,CA,AWP,WE,Towers with Radar,65,17,70,1,153,0,27,194,0,221,65,44,264,1,374,402,0,402,776
01/13/2015,LGB,CA,AWP,WE,Towers with Radar,56,7,63,5,131,0,8,254,3,265,56,15,317,8,396,464,0,464,860
01/14/2015,LGB,CA,AWP,WE,Towers with Radar,55,4,88,4,151,0,8,313,3,324,55,12,401,7,475,360,0,360,835
01/15/2015,LGB,CA,AWP,WE,Towers with Radar,67,3,67,5,142,0,11,264,6,281,67,14,331,11,423,296,0,296,719
01/16/2015,LGB,CA,AWP,WE,Towers with Radar,67,10,64,2,143,0,6,299,0,305,67,16,363,2,448,516,0,516,964
01/17/2015,LGB,CA,AWP,WE,Towers with Radar,51,14,60,2,127,0,5,219,2,226,51,19,279,4,353,345,0,345,698
01/18/2015,LGB,CA,AWP,WE,Towers with Radar,61,10,55,4,130,0,1,211,4,216,61,11,266,8,346,240,0,240,586
01/19/2015,LGB,CA,AWP,WE,Towers with Radar,67,6,59,4,136,0,5,184,1,190,67,11,243,5,326,323,0,323,649
01/20/2015,LGB,CA,AWP,WE,Towers with Radar,59,11,95,3,168,0,6,88,15,109,59,17,183,18,277,329,0,329,606
01/21/2015,LGB,CA,AWP,WE,Towers with Radar,58,2,60,2,122,0,10,305,0,315,58,12,365,2,437,403,0,403,840
01/22/2015,LGB,CA,AWP,WE,Towers with Radar,64,9,68,0,141,0,11,210,0,221,64,20,278,0,362,297,0,297,659
01/23/2015,LGB,CA,AWP,WE,Towers with Radar,65,8,69,0,142,0,9,269,0,278,65,17,338,0,420,405,0,405,825
01/24/2015,LGB,CA,AWP,WE,Towers with Radar,56,4,29,0,89,0,3,163,0,166,56,7,192,0,255,320,0,320,575
01/25/2015,LGB,CA,AWP,WE,Towers with Radar,68,6,61,0,135,1,5,248,0,254,69,11,309,0,389,304,0,304,693
01/26/2015,LGB,CA,AWP,WE,Towers with Radar,61,1,46,1,109,0,15,194,1,210,61,16,240,2,319,261,0,261,580
01/27/2015,LGB,CA,AWP,WE,Towers with Radar,61,7,85,1,154,0,6,218,0,224,61,13,303,1,378,389,0,389,767
01/28/2015,LGB,CA,AWP,WE,Towers with Radar,55,11,75,2,143,1,12,293,10,316,56,23,368,12,459,333,0,333,792
01/29/2015,LGB,CA,AWP,WE,Towers with Radar,66,5,70,2,143,0,10,187,3,200,66,15,257,5,343,306,0,306,649
01/30/2015,LGB,CA,AWP,WE,Towers with Radar,67,5,76,1,149,0,6,195,1,202,67,11,271,2,351,449,0,449,800
01/31/2015,LGB,CA,AWP,WE,Towers with Radar,50,8,89,2,149,0,2,262,2,266,50,10,351,4,415,418,0,418,833
02/01/2015,LGB,CA,AWP,WE,Towers with Radar,57,2,58,2,119,0,0,177,0,177,57,2,235,2,296,258,0,258,554
02/02/2015,LGB,CA,AWP,WE,Towers with Radar,65,5,82,1,153,0,6,165,1,172,65,11,247,2,325,304,0,304,629
02/03/2015,LGB,CA,AWP,WE,Towers with Radar,58,12,62,0,132,0,5,140,1,146,58,17,202,1,278,296,0,296,574
02/04/2015,LGB,CA,AWP,WE,Towers with Radar,57,11,143,0,211,0,1,135,0,136,57,12,278,0,347,307,0,307,654
02/05/2015,LGB,CA,AWP,WE,Towers with Radar,63,4,66,1,134,0,5,131,0,136,63,9,197,1,270,265,0,265,535
02/06/2015,LGB,CA,AWP,WE,Towers with Radar,68,10,59,3,140,0,3,200,0,203,68,13,259,3,343,434,0,434,777
02/07/2015,LGB,CA,AWP,WE,Towers with Radar,50,4,72,3,129,0,1,146,0,147,50,5,218,3,276,279,0,279,555
02/08/2015,LGB,CA,AWP,WE,Towers with Radar,61,2,68,4,135,0,0,193,0,193,61,2,261,4,328,408,0,408,736
02/09/2015,LGB,CA,AWP,WE,Towers with Radar,64,11,82,7,164,0,7,193,6,206,64,18,275,13,370,330,0,330,700
02/10/2015,LGB,CA,AWP,WE,Towers with Radar,57,11,77,6,151,0,10,245,10,265,57,21,322,16,416,346,0,346,762
02/11/2015,LGB,CA,AWP,WE,Towers with Radar,56,8,67,8,139,1,6,280,0,287,57,14,347,8,426,381,0,381,807
02/12/2015,LGB,CA,AWP,WE,Towers with Radar,68,2,79,8,157,0,6,336,4,346,68,8,415,12,503,400,0,400,903
02/13/2015,LGB,CA,AWP,WE,Towers with Radar,66,6,96,5,173,0,10,351,3,364,66,16,447,8,537,447,0,447,984
02/14/2015,LGB,CA,AWP,WE,Towers with Radar,52,1,47,9,109,0,4,256,7,267,52,5,303,16,376,479,0,479,855
02/15/2015,LGB,CA,AWP,WE,Towers with Radar,59,3,57,4,123,0,4,193,4,201,59,7,250,8,324,190,0,190,514
02/16/2015,LGB,CA,AWP,WE,Towers with Radar,64,13,80,4,161,0,9,166,4,179,64,22,246,8,340,248,0,248,588
02/17/2015,LGB,CA,AWP,WE,Towers with Radar,59,6,67,12,144,0,10,310,20,340,59,16,377,32,484,456,0,456,940
02/18/2015,LGB,CA,AWP,WE,Towers with Radar,60,8,89,12,169,0,5,229,7,241,60,13,318,19,410,438,0,438,848
02/19/2015,LGB,CA,AWP,WE,Towers with Radar,64,10,97,3,174,0,10,213,1,224,64,20,310,4,398,448,0,448,846
02/20/2015,LGB,CA,AWP,WE,Towers with Radar,62,1,94,3,160,0,12,294,1,307,62,13,388,4,467,524,0,524,991
02/21/2015,LGB,CA,AWP,WE,Towers with Radar,51,4,86,0,141,0,4,228,0,232,51,8,314,0,373,363,0,363,736
02/22/2015,LGB,CA,AWP,WE,Towers with Radar,59,12,75,0,146,0,0,140,0,140,59,12,215,0,286,276,0,276,562
02/23/2015,LGB,CA,AWP,WE,Towers with Radar,66,13,92,2,173,0,9,224,5,238,66,22,316,7,411,418,0,418,829
02/24/2015,LGB,CA,AWP,WE,Towers with Radar,60,9,104,0,173,0,21,298,7,326,60,30,402,7,499,427,0,427,926
02/25/2015,LGB,CA,AWP,WE,Towers with Radar,60,8,90,1,159,0,11,302,0,313,60,19,392,1,472,430,0,430,902
02/26/2015,LGB,CA,AWP,WE,Towers with Radar,65,11,106,3,185,0,10,284,2,296,65,21,390,5,481,499,0,499,980
02/27/2015,LGB,CA,AWP,WE,Towers with Radar,64,6,100,1,171,0,10,190,3,203,64,16,290,4,374,420,0,420,794
02/28/2015,LGB,CA,AWP,WE,Towers with Radar,50,2,40,3,95,0,1,130,2,133,50,3,170,5,228,244,0,244,472
03/01/2015,LGB,CA,AWP,WE,Towers with Radar,59,3,63,2,127,0,0,159,3,162,59,3,222,5,289,226,0,226,515
03/02/2015,LGB,CA,AWP,WE,Towers with Radar,64,6,59,1,130,0,8,140,0,148,64,14,199,1,278,272,0,272,550
03/03/2015,LGB,CA,AWP,WE,Towers with Radar,61,4,89,0,154,0,19,375,0,394,61,23,464,0,548,335,0,335,883
03/04/2015,LGB,CA,AWP,WE,Towers with Radar,58,5,98,0,161,1,5,334,0,340,59,10,432,0,501,506,0,506,1007
03/05/2015,LGB,CA,AWP,WE,Towers with Radar,63,5,68,2,138,0,13,283,0,296,63,18,351,2,434,322,0,322,756
03/06/2015,LGB,CA,AWP,WE,Towers with Radar,63,4,101,1,169,0,12,260,2,274,63,16,361,3,443,403,0,403,846
03/07/2015,LGB,CA,AWP,WE,Towers with Radar,54,4,75,0,133,0,2,244,0,246,54,6,319,0,379,332,0,332,711
03/08/2015,LGB,CA,AWP,WE,Towers with Radar,60,11,68,1,140,1,2,164,0,167,61,13,232,1,307,392,0,392,699
03/09/2015,LGB,CA,AWP,WE,Towers with Radar,68,6,56,3,133,0,8,210,1,219,68,14,266,4,352,344,0,344,696
03/10/2015,LGB,CA,AWP,WE,Towers with Radar,64,7,95,2,168,0,4,238,1,243,64,11,333,3,411,308,0,308,719
03/11/2015,LGB,CA,AWP,WE,Towers with Radar,69,7,90,8,174,0,5,250,4,259,69,12,340,12,433,392,0,392,825
03/12/2015,LGB,CA,AWP,WE,Towers with Radar,67,9,78,1,155,0,15,192,0,207,67,24,270,1,362,287,0,287,649
03/13/2015,LGB,CA,AWP,WE,Towers with Radar,64,10,88,0,162,0,7,215,0,222,64,17,303,0,384,337,0,337,721
03/14/2015,LGB,CA,AWP,WE,Towers with Radar,56,4,72,6,138,0,7,347,3,357,56,11,419,9,495,430,0,430,925
03/15/2015,LGB,CA,AWP,WE,Towers with Radar,64,5,68,0,137,0,0,237,0,237,64,5,305,0,374,254,0,254,628
03/16/2015,LGB,CA,AWP,WE,Towers with Radar,66,10,78,0,154,0,13,238,1,252,66,23,316,1,406,376,0,376,782
03/17/2015,LGB,CA,AWP,WE,Towers with Radar,62,8,65,1,136,0,10,327,2,339,62,18,392,3,475,400,0,400,875
03/18/2015,LGB,CA,AWP,WE,Towers with Radar,65,3,78,7,153,0,13,222,8,243,65,16,300,15,396,409,0,409,805
03/19/2015,LGB,CA,AWP,WE,Towers with Radar,65,11,107,5,188,0,12,231,4,247,65,23,338,9,435,339,0,339,774
03/20/2015,LGB,CA,AWP,WE,Towers with Radar,65,12,95,7,179,0,5,304,0,309,65,17,399,7,488,355,0,355,843
03/21/2015,LGB,CA,AWP,WE,Towers with Radar,55,10,104,4,173,0,1,230,0,231,55,11,334,4,404,408,0,408,812
03/22/2015,LGB,CA,AWP,WE,Towers with Radar,65,9,122,0,196,1,2,221,0,224,66,11,343,0,420,222,0,222,642
03/23/2015,LGB,CA,AWP,WE,Towers with Radar,65,6,96,2,169,0,12,235,0,247,65,18,331,2,416,289,0,289,705
03/24/2015,LGB,CA,AWP,WE,Towers with Radar,60,15,81,4,160,0,11,261,1,273,60,26,342,5,433,317,0,317,750
03/25/2015,LGB,CA,AWP,WE,Towers with Radar,60,7,79,4,150,1,8,221,2,232,61,15,300,6,382,362,0,362,744
03/26/2015,LGB,CA,AWP,WE,Towers with Radar,66,8,97,5,176,0,13,310,2,325,66,21,407,7,501,289,0,289,790
03/27/2015,LGB,CA,AWP,WE,Towers with Radar,69,7,77,5,158,1,12,272,5,290,70,19,349,10,448,436,0,436,884
03/28/2015,LGB,CA,AWP,WE,Towers with Radar,58,6,90,0,154,0,2,219,5,226,58,8,309,5,380,302,0,302,682
03/29/2015,LGB,CA,AWP,WE,Towers with Radar,61,7,87,0,155,0,1,183,0,184,61,8,270,0,339,179,0,179,518
03/30/2015,LGB,CA,AWP,WE,Towers with Radar,66,9,93,0,168,0,9,177,0,186,66,18,270,0,354,320,0,320,674
03/31/2015,LGB,CA,AWP,WE,Towers with Radar,62,11,56,0,129,0,10,257,0,267,62,21,313,0,396,376,0,376,772
04/01/2015,LGB,CA,AWP,WE,Towers with Radar,66,9,78,2,155,0,12,264,2,278,66,21,342,4,433,284,0,284,717
04/02/2015,LGB,CA,AWP,WE,Towers with Radar,67,11,65,2,145,1,15,295,0,311,68,26,360,2,456,430,0,430,886
04/03/2015,LGB,CA,AWP,WE,Towers with Radar,70,7,83,0,160,1,15,294,0,310,71,22,377,0,470,547,0,547,1017
04/04/2015,LGB,CA,AWP,WE,Towers with Radar,56,1,59,0,116,0,8,213,0,221,56,9,272,0,337,236,0,236,573
04/05/2015,LGB,CA,AWP,WE,Towers with Radar,62,9,49,0,120,0,1,157,0,158,62,10,206,0,278,180,0,180,458
04/06/2015,LGB,CA,AWP,WE,Towers with Radar,67,7,57,4,135,0,7,211,6,224,67,14,268,10,359,277,0,277,636
04/07/2015,LGB,CA,AWP,WE,Towers with Radar,67,8,72,2,149,0,14,226,0,240,67,22,298,2,389,382,0,382,771
04/08/2015,LGB,CA,AWP,WE,Towers with Radar,68,9,65,2,144,1,19,268,0,288,69,28,333,2,432,362,0,362,794
04/09/2015,LGB,CA,AWP,WE,Towers with Radar,70,7,78,3,158,1,10,281,2,294,71,17,359,5,452,437,0,437,889
04/10/2015,LGB,CA,AWP,WE,Towers with Radar,68,12,91,3,174,0,10,221,0,231,68,22,312,3,405,387,0,387,792
04/11/2015,LGB,CA,AWP,WE,Towers with Radar,60,1,58,2,121,0,9,265,1,275,60,10,323,3,396,399,0,399,795
04/12/2015,LGB,CA,AWP,WE,Towers with Radar,65,5,64,1,135,1,0,217,0,218,66,5,281,1,353,303,0,303,656
04/13/2015,LGB,CA,AWP,WE,Towers with Radar,69,11,53,1,134,0,18,213,0,231,69,29,266,1,365,373,0,373,738
04/14/2015,LGB,CA,AWP,WE,Towers with Radar,60,4,73,3,140,0,17,306,8,331,60,21,379,11,471,452,4,456,927
04/15/2015,LGB,CA,AWP,WE,Towers with Radar,58,10,89,8,165,0,14,284,6,304,58,24,373,14,469,462,0,462,931
04/16/2015,LGB,CA,AWP,WE,Towers with Radar,65,11,85,0,161,0,8,271,0,279,65,19,356,0,440,341,0,341,781
04/17/2015,LGB,CA,AWP,WE,Towers with Radar,70,4,85,1,160,1,9,216,0,226,71,13,301,1,386,353,0,353,739
04/18/2015,LGB,CA,AWP,WE,Towers with Radar,59,7,64,2,132,0,2,290,0,292,59,9,354,2,424,395,0,395,819
04/19/2015,LGB,CA,AWP,WE,Towers with Radar,62,9,72,0,143,0,2,181,0,183,62,11,253,0,326,271,0,271,597
04/20/2015,LGB,CA,AWP,WE,Towers with Radar,67,7,85,2,161,1,5,207,4,217,68,12,292,6,378,339,0,339,717
04/21/2015,LGB,CA,AWP,WE,Towers with Radar,61,4,99,5,169,2,21,287,5,315,63,25,386,10,484,555,0,555,1039
04/22/2015,LGB,CA,AWP,WE,Towers with Radar,63,5,82,4,154,1,11,287,2,301,64,16,369,6,455,494,0,494,949
04/23/2015,LGB,CA,AWP,WE,Towers with Radar,65,2,65,2,134,0,11,228,0,239,65,13,293,2,373,445,0,445,818
04/24/2015,LGB,CA,AWP,WE,Towers with Radar,66,5,77,0,148,0,16,217,0,233,66,21,294,0,381,450,0,450,831
04/25/2015,LGB,CA,AWP,WE,Towers with Radar,56,3,62,0,121,0,2,173,0,175,56,5,235,0,296,318,0,318,614
04/26/2015,LGB,CA,AWP,WE,Towers with Radar,62,4,69,0,135,1,2,204,0,207,63,6,273,0,342,290,0,290,632
04/27/2015,LGB,CA,AWP,WE,Towers with Radar,65,4,66,0,135,0,12,204,0,216,65,16,270,0,351,309,0,309,660
04/28/2015,LGB,CA,AWP,WE,Towers with Radar,67,6,74,0,147,1,18,304,1,324,68,24,378,1,471,406,0,406,877
04/29/2015,LGB,CA,AWP,WE,Towers with Radar,62,10,80,4,156,0,18,322,4,344,62,28,402,8,500,459,0,459,959
04/30/2015,LGB,CA,AWP,WE,Towers with Radar,68,10,79,1,158,1,16,300,0,317,69,26,379,1,475,629,0,629,1104
05/01/2015,LGB,CA,AWP,WE,Towers with Radar,66,5,77,0,148,0,9,301,0,310,66,14,378,0,458,453,0,453,911
05/02/2015,LGB,CA,AWP,WE,Towers with Radar,55,3,58,0,116,0,2,264,0,266,55,5,322,0,382,498,0,498,880
05/03/2015,LGB,CA,AWP,WE,Towers with Radar,61,3,74,1,139,0,2,205,1,208,61,5,279,2,347,285,0,285,632
05/04/2015,LGB,CA,AWP,WE,Towers with Radar,69,2,76,2,149,3,12,163,0,178,72,14,239,2,327,410,0,410,737
05/05/2015,LGB,CA,AWP,WE,Towers with Radar,68,4,86,3,161,0,17,227,2,246,68,21,313,5,407,681,0,681,1088
05/06/2015,LGB,CA,AWP,WE,Towers with Radar,74,3,82,3,162,0,13,263,2,278,74,16,345,5,440,445,0,445,885
05/07/2015,LGB,CA,AWP,WE,Towers with Radar,67,6,87,7,167,0,13,212,5,230,67,19,299,12,397,400,0,400,797
05/08/2015,LGB,CA,AWP,WE,Towers with Radar,72,3,69,1,145,0,5,180,0,185,72,8,249,1,330,388,0,388,718
05/09/2015,LGB,CA,AWP,WE,Towers with Radar,55,3,77,2,137,0,1,224,0,225,55,4,301,2,362,618,0,618,980
05/10/2015,LGB,CA,AWP,WE,Towers with Radar,61,3,44,3,111,0,1,165,1,167,61,4,209,4,278,283,0,283,561
05/11/2015,LGB,CA,AWP,WE,Towers with Radar,70,3,73,5,151,0,12,291,4,307,70,15,364,9,458,455,0,455,913
05/12/2015,LGB,CA,AWP,WE,Towers with Radar,68,3,76,2,149,0,12,335,0,347,68,15,411,2,496,544,0,544,1040
05/13/2015,LGB,CA,AWP,WE,Towers with Radar,70,4,90,2,166,0,30,308,3,341,70,34,398,5,507,539,0,539,1046
05/14/2015,LGB,CA,AWP,WE,Towers with Radar,69,5,62,0,136,0,8,223,0,231,69,13,285,0,367,354,0,354,721
05/15/2015,LGB,CA,AWP,WE,Towers with Radar,72,11,50,7,140,0,8,162,13,183,72,19,212,20,323,286,12,298,621
05/16/2015,LGB,CA,AWP,WE,Towers with Radar,62,4,70,2,138,0,0,270,2,272,62,4,340,4,410,495,0,495,905
05/17/2015,LGB,CA,AWP,WE,Towers with Radar,66,4,89,0,159,0,0,189,0,189,66,4,278,0,348,346,10,356,704
05/18/2015,LGB,CA,AWP,WE,Towers with Radar,70,3,50,2,125,0,15,148,1,164,70,18,198,3,289,322,0,322,611
05/19/2015,LGB,CA,AWP,WE,Towers with Radar,71,10,90,3,174,1,11,222,4,238,72,21,312,7,412,374,0,374,786
05/20/2015,LGB,CA,AWP,WE,Towers with Radar,71,5,89,2,167,0,11,235,2,248,71,16,324,4,415,438,0,438,853
05/21/2015,LGB,CA,AWP,WE,Towers with Radar,72,5,96,5,178,0,24,315,0,339,72,29,411,5,517,620,0,620,1137
05/22/2015,LGB,CA,AWP,WE,Towers with Radar,72,4,92,13,181,0,12,211,7,230,72,16,303,20,411,515,0,515,926
05/23/2015,LGB,CA,AWP,WE,Towers with Radar,59,1,55,13,128,0,2,215,7,224,59,3,270,20,352,253,0,253,605
05/24/2015,LGB,CA,AWP,WE,Towers with Radar,64,2,77,8,151,0,1,190,0,191,64,3,267,8,342,250,0,250,592
05/25/2015,LGB,CA,AWP,WE,Towers with Radar,61,3,91,9,164,0,0,232,0,232,61,3,323,9,396,363,0,363,759
05/26/2015,LGB,CA,AWP,WE,Towers with Radar,69,8,81,0,158,0,9,216,0,225,69,17,297,0,383,510,0,510,893
05/27/2015,LGB,CA,AWP,WE,Towers with Radar,68,11,99,1,179,0,16,280,1,297,68,27,379,2,476,451,0,451,927
05/28/2015,LGB,CA,AWP,WE,Towers with Radar,68,9,80,0,157,0,12,230,1,243,68,21,310,1,400,376,0,376,776
05/29/2015,LGB,CA,AWP,WE,Towers with Radar,68,13,72,0,153,0,6,245,0,251,68,19,317,0,404,482,0,482,886
05/30/2015,LGB,CA,AWP,WE,Towers with Radar,63,11,80,0,154,0,2,157,0,159,63,13,237,0,313,198,0,198,511
05/31/2015,LGB,CA,AWP,WE,Towers with Radar,68,7,86,0,161,1,0,156,0,157,69,7,242,0,318,300,0,300,618
06/01/2015,LGB,CA,AWP,WE,Towers with Radar,70,2,64,1,137,0,8,214,0,222,70,10,278,1,359,409,0,409,768
06/02/2015,LGB,CA,AWP,WE,Towers with Radar,68,4,85,2,159,0,10,262,0,272,68,14,347,2,431,574,0,574,1005
06/03/2015,LGB,CA,AWP,WE,Towers with Radar,66,4,78,0,148,0,14,226,0,240,66,18,304,0,388,504,0,504,892
06/04/2015,LGB,CA,AWP,WE,Towers with Radar,75,2,110,0,187,1,11,263,0,275,76,13,373,0,462,593,0,593,1055
06/05/2015,LGB,CA,AWP,WE,Towers with Radar,72,8,69,1,150,0,12,200,2,214,72,20,269,3,364,462,0,462,826
06/06/2015,LGB,CA,AWP,WE,Towers with Radar,62,2,65,1,130,0,2,225,0,227,62,4,290,1,357,479,0,479,836
06/07/2015,LGB,CA,AWP,WE,Towers with Radar,68,8,62,1,139,0,0,72,0,72,68,8,134,1,211,231,0,231,442
06/08/2015,LGB,CA,AWP,WE,Towers with Radar,74,7,66,0,147,0,12,125,1,138,74,19,191,1,285,418,0,418,703
06/09/2015,LGB,CA,AWP,WE,Towers with Radar,69,15,71,2,157,0,17,423,1,441,69,32,494,3,598,879,0,879,1477
06/10/2015,LGB,CA,AWP,WE,Towers with Radar,70,16,109,2,197,0,7,152,0,159,70,23,261,2,356,396,0,396,752
06/11/2015,LGB,CA,AWP,WE,Towers with Radar,71,11,118,3,203,0,9,244,27,280,71,20,362,30,483,505,0,505,988
06/12/2015,LGB,CA,AWP,WE,Towers with Radar,74,6,90,4,174,0,5,166,1,172,74,11,256,5,346,573,0,573,919
06/13/2015,LGB,CA,AWP,WE,Towers with Radar,63,2,94,2,161,0,0,205,0,205,63,2,299,2,366,538,0,538,904
06/14/2015,LGB,CA,AWP,WE,Towers with Radar,72,5,70,4,151,0,3,132,0,135,72,8,202,4,286,377,0,377,663
06/15/2015,LGB,CA,AWP,WE,Towers with Radar,74,5,73,2,154,0,24,260,4,288,74,29,333,6,442,564,0,564,1006
06/16/2015,LGB,CA,AWP,WE,Towers with Radar,70,7,85,3,165,0,14,292,0,306,70,21,377,3,471,371,0,371,842
06/17/2015,LGB,CA,AWP,WE,Towers with Radar,69,9,107,0,185,0,20,309,0,329,69,29,416,0,514,595,0,595,1109
06/18/2015,LGB,CA,AWP,WE,Towers with Radar,71,16,107,0,194,0,23,149,0,172,71,39,256,0,366,256,0,256,622
06/19/2015,LGB,CA,AWP,WE,Towers with Radar,73,20,85,3,181,0,5,190,1,196,73,25,275,4,377,326,0,326,703
06/20/2015,LGB,CA,AWP,WE,Towers with Radar,69,2,74,3,148,0,2,280,0,282,69,4,354,3,430,261,0,261,691
06/21/2015,LGB,CA,AWP,WE,Towers with Radar,69,8,65,1,143,0,0,128,0,128,69,8,193,1,271,164,0,164,435
06/22/2015,LGB,CA,AWP,WE,Towers with Radar,75,10,74,3,162,0,13,301,1,315,75,23,375,4,477,519,0,519,996
06/23/2015,LGB,CA,AWP,WE,Towers with Radar,72,8,84,2,166,1,16,346,0,363,73,24,430,2,529,491,0,491,1020
06/24/2015,LGB,CA,AWP,WE,Towers with Radar,75,8,69,8,160,2,16,262,3,283,77,24,331,11,443,332,0,332,775
06/25/2015,LGB,CA,AWP,WE,Towers with Radar,74,10,74,1,159,0,16,248,2,266,74,26,322,3,425,452,22,474,899
06/26/2015,LGB,CA,AWP,WE,Towers with Radar,72,13,69,2,156,0,24,253,0,277,72,37,322,2,433,506,0,506,939
06/27/2015,LGB,CA,AWP,WE,Towers with Radar,67,1,46,2,116,0,7,295,0,302,67,8,341,2,418,388,0,388,806
06/28/2015,LGB,CA,AWP,WE,Towers with Radar,68,6,49,2,125,0,1,257,0,258,68,7,306,2,383,328,0,328,711
06/29/2015,LGB,CA,AWP,WE,Towers with Radar,71,1,74,2,148,0,12,205,1,218,71,13,279,3,366,405,0,405,771
06/30/2015,LGB,CA,AWP,WE,Towers with Radar,73,4,62,1,140,1,14,284,2,301,74,18,346,3,441,470,0,470,911
07/01/2015,LGB,CA,AWP,WE,Towers with Radar,74,6,71,1,152,0,18,282,3,303,74,24,353,4,455,485,0,485,940
07/02/2015,LGB,CA,AWP,WE,Towers with Radar,73,1,63,0,137,0,15,337,2,354,73,16,400,2,491,567,0,567,1058
07/03/2015,LGB,CA,AWP,WE,Towers with Radar,67,4,67,0,138,1,10,305,0,316,68,14,372,0,454,778,0,778,1232
07/04/2015,LGB,CA,AWP,WE,Towers with Radar,66,3,39,0,108,0,1,112,0,113,66,4,151,0,221,350,0,350,571
07/05/2015,LGB,CA,AWP,WE,Towers with Radar,70,8,66,2,146,0,1,146,0,147,70,9,212,2,293,280,0,280,573
07/06/2015,LGB,CA,AWP,WE,Towers with Radar,74,3,75,3,155,0,9,202,1,212,74,12,277,4,367,556,0,556,923
07/07/2015,LGB,CA,AWP,WE,Towers with Radar,74,5,69,0,148,0,8,179,0,187,74,13,248,0,335,463,0,463,798
07/08/2015,LGB,CA,AWP,WE,Towers with Radar,74,2,85,4,165,0,14,203,0,217,74,16,288,4,382,570,0,570,952
07/09/2015,LGB,CA,AWP,WE,Towers with Radar,70,8,89,2,169,0,16,249,0,265,70,24,338,2,434,654,0,654,1088
07/10/2015,LGB,CA,AWP,WE,Towers with Radar,74,4,67,4,149,0,15,232,1,248,74,19,299,5,397,556,0,556,953
07/11/2015,LGB,CA,AWP,WE,Towers with Radar,70,4,47,0,121,0,2,318,0,320,70,6,365,0,441,424,0,424,865
07/12/2015,LGB,CA,AWP,WE,Towers with Radar,70,8,57,0,135,0,0,203,0,203,70,8,260,0,338,347,0,347,685
07/13/2015,LGB,CA,AWP,WE,Towers with Radar,74,9,59,3,145,0,16,285,2,303,74,25,344,5,448,622,0,622,1070
07/14/2015,LGB,CA,AWP,WE,Towers with Radar,72,10,68,6,156,0,12,269,1,282,72,22,337,7,438,451,0,451,889
07/15/2015,LGB,CA,AWP,WE,Towers with Radar,73,5,66,1,145,0,12,294,0,306,73,17,360,1,451,599,32,631,1082
07/16/2015,LGB,CA,AWP,WE,Towers with Radar,70,15,79,2,166,0,21,276,3,300,70,36,355,5,466,465,0,465,931
07/17/2015,LGB,CA,AWP,WE,Towers with Radar,77,7,73,1,158,0,14,262,0,276,77,21,335,1,434,524,0,524,958
07/18/2015,LGB,CA,AWP,WE,Towers with Radar,67,6,34,2,109,0,4,162,2,168,67,10,196,4,277,301,0,301,578
07/19/2015,LGB,CA,AWP,WE,Towers with Radar,70,7,51,0,128,0,0,122,0,122,70,7,173,0,250,314,0,314,564
07/20/2015,LGB,CA,AWP,WE,Towers with Radar,76,6,47,1,130,0,16,213,0,229,76,22,260,1,359,404,0,404,763
07/21/2015,LGB,CA,AWP,WE,Towers with Radar,74,7,71,3,155,0,10,209,1,220,74,17,280,4,375,443,0,443,818
07/22/2015,LGB,CA,AWP,WE,Towers with Radar,75,6,84,7,172,0,17,360,10,387,75,23,444,17,559,798,0,798,1357
07/23/2015,LGB,CA,AWP,WE,Towers with Radar,73,8,72,0,153,0,13,290,3,306,73,21,362,3,459,577,30,607,1066
07/24/2015,LGB,CA,AWP,WE,Towers with Radar,74,20,65,0,159,0,3,215,0,218,74,23,280,0,377,392,0,392,769
07/25/2015,LGB,CA,AWP,WE,Towers with Radar,70,5,55,0,130,0,6,283,2,291,70,11,338,2,421,367,0,367,788
07/26/2015,LGB,CA,AWP,WE,Towers with Radar,66,8,62,0,136,0,1,342,0,343,66,9,404,0,479,381,0,381,860
07/27/2015,LGB,CA,AWP,WE,Towers with Radar,80,6,71,4,161,2,19,178,1,200,82,25,249,5,361,335,0,335,696
07/28/2015,LGB,CA,AWP,WE,Towers with Radar,74,12,85,3,174,0,20,291,3,314,74,32,376,6,488,527,0,527,1015
07/29/2015,LGB,CA,AWP,WE,Towers with Radar,75,12,86,13,186,1,15,328,5,349,76,27,414,18,535,598,0,598,1133
07/30/2015,LGB,CA,AWP,WE,Towers with Radar,76,8,68,3,155,0,21,270,5,296,76,29,338,8,451,494,0,494,945
07/31/2015,LGB,CA,AWP,WE,Towers with Radar,76,10,89,3,178,0,12,229,0,241,76,22,318,3,419,425,0,425,844
08/01/2015,LGB,CA,AWP,WE,Towers with Radar,68,4,63,1,136,0,3,211,0,214,68,7,274,1,350,414,0,414,764
08/02/2015,LGB,CA,AWP,WE,Towers with Radar,70,7,64,1,142,0,2,107,1,110,70,9,171,2,252,286,0,286,538
08/03/2015,LGB,CA,AWP,WE,Towers with Radar,67,15,65,3,150,0,8,198,2,208,67,23,263,5,358,262,0,262,620
08/04/2015,LGB,CA,AWP,WE,Towers with Radar,70,5,52,1,128,0,21,273,3,297,70,26,325,4,425,363,0,363,788
08/05/2015,LGB,CA,AWP,WE,Towers with Radar,76,12,53,3,144,0,18,292,1,311,76,30,345,4,455,541,0,541,996
08/06/2015,LGB,CA,AWP,WE,Towers with Radar,74,7,47,0,128,0,8,304,3,315,74,15,351,3,443,628,0,628,1071
08/07/2015,LGB,CA,AWP,WE,Towers with Radar,71,10,65,4,150,0,17,310,8,335,71,27,375,12,485,461,0,461,946
08/08/2015,LGB,CA,AWP,WE,Towers with Radar,67,15,53,1,136,0,3,257,0,260,67,18,310,1,396,452,0,452,848
08/09/2015,LGB,CA,AWP,WE,Towers with Radar,73,12,49,0,134,0,0,200,0,200,73,12,249,0,334,344,0,344,678
08/10/2015,LGB,CA,AWP,WE,Towers with Radar,72,4,75,0,151,0,19,280,0,299,72,23,355,0,450,368,0,368,818
08/11/2015,LGB,CA,AWP,WE,Towers with Radar,72,12,76,0,160,0,26,306,0,332,72,38,382,0,492,555,0,555,1047
08/12/2015,LGB,CA,AWP,WE,Towers with Radar,74,11,59,0,144,0,18,390,0,408,74,29,449,0,552,660,0,660,1212
08/13/2015,LGB,CA,AWP,WE,Towers with Radar,73,9,63,6,151,0,17,329,2,348,73,26,392,8,499,642,0,642,1141
08/14/2015,LGB,CA,AWP,WE,Towers with Radar,73,9,63,1,146,0,17,295,2,314,73,26,358,3,460,731,0,731,1191
08/15/2015,LGB,CA,AWP,WE,Towers with Radar,68,9,33,0,110,0,7,256,0,263,68,16,289,0,373,438,0,438,811
08/16/2015,LGB,CA,AWP,WE,Towers with Radar,70,7,44,0,121,0,1,250,3,254,70,8,294,3,375,257,0,257,632
08/17/2015,LGB,CA,AWP,WE,Towers with Radar,74,7,57,0,138,0,6,183,0,189,74,13,240,0,327,324,0,324,651
08/18/2015,LGB,CA,AWP,WE,Towers with Radar,66,7,73,2,148,0,15,283,2,300,66,22,356,4,448,634,0,634,1082
08/19/2015,LGB,CA,AWP,WE,Towers with Radar,74,7,73,0,154,0,18,389,0,407,74,25,462,0,561,694,0,694,1255
08/20/2015,LGB,CA,AWP,WE,Towers with Radar,72,10,84,4,170,0,17,287,2,306,72,27,371,6,476,803,0,803,1279
08/21/2015,LGB,CA,AWP,WE,Towers with Radar,74,5,55,11,145,0,16,188,1,205,74,21,243,12,350,640,0,640,990
08/22/2015,LGB,CA,AWP,WE,Towers with Radar,70,4,56,1,131,0,5,223,0,228,70,9,279,1,359,515,0,515,874
08/23/2015,LGB,CA,AWP,WE,Towers with Radar,74,10,55,0,139,0,2,219,0,221,74,12,274,0,360,382,0,382,742
08/24/2015,LGB,CA,AWP,WE,Towers with Radar,74,12,56,1,143,0,5,193,1,199,74,17,249,2,342,401,0,401,743
08/25/2015,LGB,CA,AWP,WE,Towers with Radar,68,16,69,3,156,0,5,242,9,256,68,21,311,12,412,524,0,524,936
08/26/2015,LGB,CA,AWP,WE,Towers with Radar,72,2,52,0,126,0,13,356,0,369,72,15,408,0,495,545,0,545,1040
08/27/2015,LGB,CA,AWP,WE,Towers with Radar,77,2,42,0,121,2,14,252,1,269,79,16,294,1,390,680,0,680,1070
08/28/2015,LGB,CA,AWP,WE,Towers with Radar,74,8,52,0,134,0,15,265,1,281,74,23,317,1,415,524,0,524,939
08/29/2015,LGB,CA,AWP,WE,Towers with Radar,66,2,20,0,88,0,4,222,4,230,66,6,242,4,318,432,0,432,750
08/30/2015,LGB,CA,AWP,WE,Towers with Radar,70,6,54,0,130,0,0,184,0,184,70,6,238,0,314,246,0,246,560
08/31/2015,LGB,CA,AWP,WE,Towers with Radar,73,5,58,0,136,0,16,235,0,251,73,21,293,0,387,604,0,604,991
09/01/2015,LGB,CA,AWP,WE,Towers with Radar,70,5,57,6,138,0,16,258,2,276,70,21,315,8,414,562,10,572,986
09/02/2015,LGB,CA,AWP,WE,Towers with Radar,74,14,64,0,152,0,9,306,0,315,74,23,370,0,467,483,0,483,950
09/03/2015,LGB,CA,AWP,WE,Towers with Radar,74,8,65,7,154,0,12,226,0,238,74,20,291,7,392,433,0,433,825
09/04/2015,LGB,CA,AWP,WE,Towers with Radar,74,13,53,12,152,0,19,252,9,280,74,32,305,21,432,442,0,442,874
09/05/2015,LGB,CA,AWP,WE,Towers with Radar,62,2,36,8,108,0,7,239,5,251,62,9,275,13,359,407,0,407,766
09/06/2015,LGB,CA,AWP,WE,Towers with Radar,63,13,35,11,122,0,0,176,6,182,63,13,211,17,304,202,0,202,506
09/07/2015,LGB,CA,AWP,WE,Towers with Radar,67,7,49,8,131,0,7,234,7,248,67,14,283,15,379,424,0,424,803
09/08/2015,LGB,CA,AWP,WE,Towers with Radar,67,4,56,2,129,0,11,274,2,287,67,15,330,4,416,489,0,489,905
09/09/2015,LGB,CA,AWP,WE,Towers with Radar,64,10,48,2,124,0,19,343,2,364,64,29,391,4,488,442,0,442,930
09/10/2015,LGB,CA,AWP,WE,Towers with Radar,65,4,44,4,117,0,14,256,0,270,65,18,300,4,387,362,0,362,749
09/11/2015,LGB,CA,AWP,WE,Towers with Radar,65,4,52,6,127,0,10,222,4,236,65,14,274,10,363,350,0,350,713
09/12/2015,LGB,CA,AWP,WE,Towers with Radar,53,5,39,3,100,0,6,292,2,300,53,11,331,5,400,386,0,386,786
09/13/2015,LGB,CA,AWP,WE,Towers with Radar,63,9,53,1,126,0,3,235,2,240,63,12,288,3,366,411,0,411,777
09/14/2015,LGB,CA,AWP,WE,Towers with Radar,66,6,84,2,158,0,7,240,2,249,66,13,324,4,407,389,0,389,796
09/15/2015,LGB,CA,AWP,WE,Towers with Radar,63,11,91,0,165,0,14,163,16,193,63,25,254,16,358,401,0,401,759
09/16/2015,LGB,CA,AWP,WE,Towers with Radar,63,4,87,0,154,0,18,282,0,300,63,22,369,0,454,515,0,515,969
09/17/2015,LGB,CA,AWP,WE,Towers with Radar,66,11,62,1,140,0,10,337,3,350,66,21,399,4,490,542,0,542,1032
09/18/2015,LGB,CA,AWP,WE,Towers with Radar,64,7,71,0,142,0,13,298,0,311,64,20,369,0,453,423,0,423,876
09/19/2015,LGB,CA,AWP,WE,Towers with Radar,57,9,47,0,113,0,6,208,0,214,57,15,255,0,327,321,0,321,648
09/20/2015,LGB,CA,AWP,WE,Towers with Radar,63,16,51,0,130,0,1,163,0,164,63,17,214,0,294,284,0,284,578
09/21/2015,LGB,CA,AWP,WE,Towers with Radar,66,18,41,1,126,0,14,200,0,214,66,32,241,1,340,301,0,301,641
09/22/2015,LGB,CA,AWP,WE,Towers with Radar,61,15,42,0,118,0,15,230,0,245,61,30,272,0,363,505,0,505,868
09/23/2015,LGB,CA,AWP,WE,Towers with Radar,64,6,52,1,123,0,18,292,1,311,64,24,344,2,434,571,0,571,1005
09/24/2015,LGB,CA,AWP,WE,Towers with Radar,65,9,68,2,144,0,14,318,2,334,65,23,386,4,478,488,0,488,966
09/25/2015,LGB,CA,AWP,WE,Towers with Radar,65,10,57,0,132,0,10,365,2,377,65,20,422,2,509,539,0,539,1048
09/26/2015,LGB,CA,AWP,WE,Towers with Radar,54,5,29,0,88,0,4,249,0,253,54,9,278,0,341,384,0,384,725
09/27/2015,LGB,CA,AWP,WE,Towers with Radar,61,17,43,1,122,0,0,223,0,223,61,17,266,1,345,240,0,240,585
09/28/2015,LGB,CA,AWP,WE,Towers with Radar,62,9,53,0,124,0,7,182,1,190,62,16,235,1,314,267,0,267,581
09/29/2015,LGB,CA,AWP,WE,Towers with Radar,58,10,52,3,123,0,11,336,0,347,58,21,388,3,470,503,0,503,973
09/30/2015,LGB,CA,AWP,WE,Towers with Radar,65,15,35,0,115,0,11,256,2,269,65,26,291,2,384,516,14,530,914
10/01/2015,LGB,CA,AWP,WE,Towers with Radar,68,8,41,2,119,0,10,266,1,277,68,18,307,3,396,378,0,378,774
10/02/2015,LGB,CA,AWP,WE,Towers with Radar,66,9,63,1,139,0,5,217,0,222,66,14,280,1,361,426,0,426,787
10/03/2015,LGB,CA,AWP,WE,Towers with Radar,55,3,36,0,94,0,4,242,0,246,55,7,278,0,340,376,0,376,716
10/04/2015,LGB,CA,AWP,WE,Towers with Radar,63,9,71,0,143,0,0,162,0,162,63,9,233,0,305,260,0,260,565
10/05/2015,LGB,CA,AWP,WE,Towers with Radar,66,11,42,17,136,0,12,178,15,205,66,23,220,32,341,453,0,453,794
10/06/2015,LGB,CA,AWP,WE,Towers with Radar,66,1,71,3,141,0,20,265,6,291,66,21,336,9,432,529,0,529,961
10/07/2015,LGB,CA,AWP,WE,Towers with Radar,64,5,59,0,128,0,13,268,0,281,64,18,327,0,409,592,0,592,1001
10/08/2015,LGB,CA,AWP,WE,Towers with Radar,66,8,65,2,141,0,13,275,2,290,66,21,340,4,431,585,0,585,1016
10/09/2015,LGB,CA,AWP,WE,Towers with Radar,66,3,43,1,113,0,17,260,1,278,66,20,303,2,391,508,0,508,899
10/10/2015,LGB,CA,AWP,WE,Towers with Radar,58,7,39,1,105,0,3,122,0,125,58,10,161,1,230,164,0,164,394
10/11/2015,LGB,CA,AWP,WE,Towers with Radar,62,7,46,1,116,0,0,153,0,153,62,7,199,1,269,290,0,290,559
10/12/2015,LGB,CA,AWP,WE,Towers with Radar,66,8,46,1,121,0,7,157,0,164,66,15,203,1,285,393,0,393,678
10/13/2015,LGB,CA,AWP,WE,Towers with Radar,65,15,68,2,150,0,12,288,0,300,65,27,356,2,450,499,0,499,949
10/14/2015,LGB,CA,AWP,WE,Towers with Radar,65,3,59,6,133,0,12,231,7,250,65,15,290,13,383,589,0,589,972
10/15/2015,LGB,CA,AWP,WE,Towers with Radar,68,4,96,1,169,0,4,263,0,267,68,8,359,1,436,649,0,649,1085
10/16/2015,LGB,CA,AWP,WE,Towers with Radar,66,6,93,1,166,0,4,89,0,93,66,10,182,1,259,500,0,500,759
10/17/2015,LGB,CA,AWP,WE,Towers with Radar,56,2,62,2,122,0,3,236,0,239,56,5,298,2,361,243,0,243,604
10/18/2015,LGB,CA,AWP,WE,Towers with Radar,61,9,85,1,156,0,1,146,0,147,61,10,231,1,303,311,0,311,614
10/19/2015,LGB,CA,AWP,WE,Towers with Radar,69,9,71,5,154,0,12,196,0,208,69,21,267,5,362,545,8,553,915
10/20/2015,LGB,CA,AWP,WE,Towers with Radar,66,10,57,9,142,0,11,262,8,281,66,21,319,17,423,452,0,452,875
10/21/2015,LGB,CA,AWP,WE,Towers with Radar,64,15,43,0,122,0,13,422,2,437,64,28,465,2,559,595,2,597,1156
10/22/2015,LGB,CA,AWP,WE,Towers with Radar,66,7,64,1,138,0,11,308,1,320,66,18,372,2,458,539,0,539,997
10/23/2015,LGB,CA,AWP,WE,Towers with Radar,66,18,64,2,150,0,11,217,1,229,66,29,281,3,379,595,0,595,974
10/24/2015,LGB,CA,AWP,WE,Towers with Radar,53,16,36,4,109,0,2,287,4,293,53,18,323,8,402,305,0,305,707
10/25/2015,LGB,CA,AWP,WE,Towers with Radar,60,9,76,1,146,0,2,212,0,214,60,11,288,1,360,334,0,334,694
10/26/2015,LGB,CA,AWP,WE,Towers with Radar,64,10,58,2,134,0,6,187,22,215,64,16,245,24,349,342,0,342,691
10/27/2015,LGB,CA,AWP,WE,Towers with Radar,60,7,55,1,123,0,12,261,0,273,60,19,316,1,396,476,0,476,872
10/28/2015,LGB,CA,AWP,WE,Towers with Radar,60,8,53,9,130,0,8,293,3,304,60,16,346,12,434,517,0,517,951
10/29/2015,LGB,CA,AWP,WE,Towers with Radar,64,11,51,1,127,0,14,212,2,228,64,25,263,3,355,538,0,538,893
10/30/2015,LGB,CA,AWP,WE,Towers with Radar,62,6,52,1,121,0,7,233,0,240,62,13,285,1,361,444,0,444,805
10/31/2015,LGB,CA,AWP,WE,Towers with Radar,46,9,37,1,93,0,8,356,0,364,46,17,393,1,457,512,0,512,969
11/01/2015,LGB,CA,AWP,WE,Towers with Radar,60,9,45,1,115,0,0,139,0,139,60,9,184,1,254,182,0,182,436
11/02/2015,LGB,CA,AWP,WE,Towers with Radar,67,8,63,2,140,0,6,139,0,145,67,14,202,2,285,274,0,274,559
11/03/2015,LGB,CA,AWP,WE,Towers with Radar,63,6,73,2,144,0,10,248,0,258,63,16,321,2,402,493,0,493,895
11/04/2015,LGB,CA,AWP,WE,Towers with Radar,66,8,64,2,140,0,12,290,1,303,66,20,354,3,443,496,0,496,939
11/05/2015,LGB,CA,AWP,WE,Towers with Radar,65,7,74,4,150,0,15,308,0,323,65,22,382,4,473,535,0,535,1008
11/06/2015,LGB,CA,AWP,WE,Towers with Radar,64,11,71,6,152,0,6,267,2,275,64,17,338,8,427,538,0,538,965
11/07/2015,LGB,CA,AWP,WE,Towers with Radar,52,6,41,1,100,0,1,301,0,302,52,7,342,1,402,290,0,290,692
11/08/2015,LGB,CA,AWP,WE,Towers with Radar,61,13,45,4,123,0,0,212,0,212,61,13,257,4,335,272,0,272,607
11/09/2015,LGB,CA,AWP,WE,Towers with Radar,64,4,56,2,126,0,12,154,2,168,64,16,210,4,294,454,0,454,748
11/10/2015,LGB,CA,AWP,WE,Towers with Radar,60,9,65,7,141,0,33,260,1,294,60,42,325,8,435,456,0,456,891
11/11/2015,LGB,CA,AWP,WE,Towers with Radar,60,6,56,7,129,0,7,317,0,324,60,13,373,7,453,552,0,552,1005
11/12/2015,LGB,CA,AWP,WE,Towers with Radar,64,6,44,1,115,0,10,258,2,270,64,16,302,3,385,493,0,493,878
11/13/2015,LGB,CA,AWP,WE,Towers with Radar,65,6,50,2,123,0,10,237,2,249,65,16,287,4,372,479,0,479,851
11/14/2015,LGB,CA,AWP,WE,Towers with Radar,54,6,38,4,102,0,8,288,1,297,54,14,326,5,399,358,0,358,757
11/15/2015,LGB,CA,AWP,WE,Towers with Radar,61,7,31,6,105,0,0,100,1,101,61,7,131,7,206,197,0,197,403
11/16/2015,LGB,CA,AWP,WE,Towers with Radar,64,7,41,4,116,0,6,78,3,87,64,13,119,7,203,54,0,54,257
11/17/2015,LGB,CA,AWP,WE,Towers with Radar,60,10,72,7,149,0,11,298,6,315,60,21,370,13,464,442,0,442,906
11/18/2015,LGB,CA,AWP,WE,Towers with Radar,62,8,60,2,132,0,5,323,0,328,62,13,383,2,460,586,0,586,1046
11/19/2015,LGB,CA,AWP,WE,Towers with Radar,65,1,58,0,124,0,9,395,1,405,65,10,453,1,529,429,0,429,958
11/20/2015,LGB,CA,AWP,WE,Towers with Radar,64,11,82,0,157,0,4,255,1,260,64,15,337,1,417,416,0,416,833
11/21/2015,LGB,CA,AWP,WE,Towers with Radar,56,10,50,3,119,0,5,344,5,354,56,15,394,8,473,330,0,330,803
11/22/2015,LGB,CA,AWP,WE,Towers with Radar,59,11,45,3,118,0,0,180,0,180,59,11,225,3,298,227,0,227,525
11/23/2015,LGB,CA,AWP,WE,Towers with Radar,67,6,55,0,128,0,9,224,0,233,67,15,279,0,361,314,0,314,675
11/24/2015,LGB,CA,AWP,WE,Towers with Radar,70,10,50,2,132,0,10,231,0,241,70,20,281,2,373,340,0,340,713
11/25/2015,LGB,CA,AWP,WE,Towers with Radar,66,4,42,3,115,0,9,176,0,185,66,13,218,3,300,219,0,219,519
11/26/2015,LGB,CA,AWP,WE,Towers with Radar,44,6,12,2,64,0,0,87,0,87,44,6,99,2,151,102,0,102,253
11/27/2015,LGB,CA,AWP,WE,Towers with Radar,54,4,35,0,93,0,11,191,1,203,54,15,226,1,296,260,0,260,556
11/28/2015,LGB,CA,AWP,WE,Towers with Radar,60,9,29,2,100,0,3,212,13,228,60,12,241,15,328,270,0,270,598
11/29/2015,LGB,CA,AWP,WE,Towers with Radar,65,6,42,2,115,0,0,139,0,139,65,6,181,2,254,180,0,180,434
11/30/2015,LGB,CA,AWP,WE,Towers with Radar,66,1,75,3,145,0,5,198,1,204,66,6,273,4,349,323,0,323,672
12/01/2015,LGB,CA,AWP,WE,Towers with Radar,64,2,57,5,128,0,6,296,5,307,64,8,353,10,435,462,0,462,897
12/02/2015,LGB,CA,AWP,WE,Towers with Radar,60,5,72,2,139,0,3,203,1,207,60,8,275,3,346,444,0,444,790
12/03/2015,LGB,CA,AWP,WE,Towers with Radar,66,6,79,1,152,0,3,266,0,269,66,9,345,1,421,443,0,443,864
12/04/2015,LGB,CA,AWP,WE,Towers with Radar,64,15,74,6,159,0,7,227,5,239,64,22,301,11,398,462,0,462,860
12/05/2015,LGB,CA,AWP,WE,Towers with Radar,51,8,45,3,107,0,1,219,0,220,51,9,264,3,327,214,0,214,541
12/06/2015,LGB,CA,AWP,WE,Towers with Radar,61,9,51,1,122,0,2,164,0,166,61,11,215,1,288,184,0,184,472
12/07/2015,LGB,CA,AWP,WE,Towers with Radar,63,7,65,1,136,0,13,212,1,226,63,20,277,2,362,329,0,329,691
12/08/2015,LGB,CA,AWP,WE,Towers with Radar,57,6,55,3,121,0,17,271,0,288,57,23,326,3,409,482,0,482,891
12/09/2015,LGB,CA,AWP,WE,Towers with Radar,61,13,76,3,153,0,9,443,3,455,61,22,519,6,608,481,0,481,1089
12/10/2015,LGB,CA,AWP,WE,Towers with Radar,68,15,94,2,179,0,5,90,0,95,68,20,184,2,274,284,0,284,558
12/11/2015,LGB,CA,AWP,WE,Towers with Radar,66,5,57,1,129,0,8,129,0,137,66,13,186,1,266,170,0,170,436
12/12/2015,LGB,CA,AWP,WE,Towers with Radar,52,10,40,5,107,0,4,314,2,320,52,14,354,7,427,313,0,313,740
12/13/2015,LGB,CA,AWP,WE,Towers with Radar,61,5,53,6,125,0,3,163,1,167,61,8,216,7,292,266,0,266,558
12/14/2015,LGB,CA,AWP,WE,Towers with Radar,62,2,27,1,92,0,9,127,0,136,62,11,154,1,228,81,0,81,309
12/15/2015,LGB,CA,AWP,WE,Towers with Radar,62,3,39,1,105,0,14,205,0,219,62,17,244,1,324,487,4,491,815
12/16/2015,LGB,CA,AWP,WE,Towers with Radar,66,3,63,0,132,0,3,263,16,282,66,6,326,16,414,409,0,409,823
12/17/2015,LGB,CA,AWP,WE,Towers with Radar,67,3,59,0,129,0,14,288,0,302,67,17,347,0,431,450,0,450,881
12/18/2015,LGB,CA,AWP,WE,Towers with Radar,64,1,68,1,134,0,9,210,3,222,64,10,278,4,356,442,6,448,804
12/19/2015,LGB,CA,AWP,WE,Towers with Radar,55,6,77,2,140,0,2,180,0,182,55,8,257,2,322,357,0,357,679
12/20/2015,LGB,CA,AWP,WE,Towers with Radar,64,9,62,3,138,0,0,201,0,201,64,9,263,3,339,375,0,375,714
12/21/2015,LGB,CA,AWP,WE,Towers with Radar,67,4,63,1,135,0,14,203,0,217,67,18,266,1,352,468,0,468,820
12/22/2015,LGB,CA,AWP,WE,Towers with Radar,65,4,51,5,125,0,2,46,0,48,65,6,97,5,173,3,0,3,176
12/23/2015,LGB,CA,AWP,WE,Towers with Radar,67,9,58,1,135,0,17,308,2,327,67,26,366,3,462,460,0,460,922
12/24/2015,LGB,CA,AWP,WE,Towers with Radar,58,2,22,4,86,0,12,134,3,149,58,14,156,7,235,258,0,258,493
12/25/2015,LGB,CA,AWP,WE,Towers with Radar,50,6,19,1,76,0,0,73,1,74,50,6,92,2,150,96,0,96,246
12/26/2015,LGB,CA,AWP,WE,Towers with Radar,58,7,41,0,106,0,2,171,8,181,58,9,212,8,287,269,0,269,556
12/27/2015,LGB,CA,AWP,WE,Towers with Radar,63,13,42,0,118,0,0,231,0,231,63,13,273,0,349,307,0,307,656
12/28/2015,LGB,CA,AWP,WE,Towers with Radar,62,8,49,4,123,0,13,204,2,219,62,21,253,6,342,532,0,532,874
12/29/2015,LGB,CA,AWP,WE,Towers with Radar,63,16,39,0,118,0,6,263,0,269,63,22,302,0,387,580,0,580,967
12/30/2015,LGB,CA,AWP,WE,Towers with Radar,64,16,56,2,138,0,11,330,1,342,64,27,386,3,480,604,0,604,1084
12/31/2015,LGB,CA,AWP,WE,Towers with Radar,57,8,40,0,105,0,4,219,0,223,57,12,259,0,328,425,0,425,753
01/01/2016,LGB,CA,AWP,WE,Towers with Radar,56,5,13,0,74,0,0,123,0,123,56,5,136,0,197,111,0,111,308
01/02/2016,LGB,CA,AWP,WE,Towers with Radar,59,8,64,0,131,0,3,240,1,244,59,11,304,1,375,464,0,464,839
01/03/2016,LGB,CA,AWP,WE,Towers with Radar,67,13,67,0,147,0,0,157,0,157,67,13,224,0,304,344,0,344,648
01/04/2016,LGB,CA,AWP,WE,Towers with Radar,59,7,52,0,118,0,9,209,0,218,59,16,261,0,336,514,0,514,850
01/05/2016,LGB,CA,AWP,WE,Towers with Radar,61,8,20,4,93,0,4,50,7,61,61,12,70,11,154,30,12,42,196
01/06/2016,LGB,CA,AWP,WE,Towers with Radar,60,15,27,1,103,0,16,38,1,55,60,31,65,2,158,76,0,76,234
01/07/2016,LGB,CA,AWP,WE,Towers with Radar,66,8,87,5,166,0,10,228,1,239,66,18,315,6,405,352,0,352,757
01/08/2016,LGB,CA,AWP,WE,Towers with Radar,61,10,54,0,125,0,17,254,1,272,61,27,308,1,397,441,0,441,838
01/09/2016,LGB,CA,AWP,WE,Towers with Radar,47,9,61,0,117,0,3,212,0,215,47,12,273,0,332,223,0,223,555
01/10/2016,LGB,CA,AWP,WE,Towers with Radar,62,10,66,1,139,0,7,118,0,125,62,17,184,1,264,236,8,244,508
01/11/2016,LGB,CA,AWP,WE,Towers with Radar,65,5,61,1,132,0,12,214,1,227,65,17,275,2,359,351,0,351,710
01/12/2016,LGB,CA,AWP,WE,Towers with Radar,57,6,59,0,122,0,14,296,2,312,57,20,355,2,434,533,0,533,967
01/13/2016,LGB,CA,AWP,WE,Towers with Radar,55,0,61,3,119,0,6,288,2,296,55,6,349,5,415,679,0,679,1094
01/14/2016,LGB,CA,AWP,WE,Towers with Radar,65,6,53,1,125,0,6,326,0,332,65,12,379,1,457,558,0,558,1015
01/15/2016,LGB,CA,AWP,WE,Towers with Radar,66,5,92,0,163,0,9,264,0,273,66,14,356,0,436,600,0,600,1036
01/16/2016,LGB,CA,AWP,WE,Towers with Radar,50,5,45,0,100,0,6,321,0,327,50,11,366,0,427,620,0,620,1047
01/17/2016,LGB,CA,AWP,WE,Towers with Radar,57,2,62,2,123,0,0,125,0,125,57,2,187,2,248,216,0,216,464
01/18/2016,LGB,CA,AWP,WE,Towers with Radar,67,6,62,0,135,0,1,112,0,113,67,7,174,0,248,387,0,387,635
01/19/2016,LGB,CA,AWP,WE,Towers with Radar,61,9,67,1,138,0,10,209,0,219,61,19,276,1,357,386,0,386,743
01/20/2016,LGB,CA,AWP,WE,Towers with Radar,57,5,76,2,140,0,0,250,0,250,57,5,326,2,390,411,0,411,801
01/21/2016,LGB,CA,AWP,WE,Towers with Radar,64,4,73,1,142,0,15,354,1,370,64,19,427,2,512,395,0,395,907
01/22/2016,LGB,CA,AWP,WE,Towers with Radar,62,10,76,4,152,0,9,357,1,367,62,19,433,5,519,512,0,512,1031
01/23/2016,LGB,CA,AWP,WE,Towers with Radar,46,4,64,3,117,0,3,118,0,121,46,7,182,3,238,252,0,252,490
01/24/2016,LGB,CA,AWP,WE,Towers with Radar,60,4,45,1,110,0,0,186,0,186,60,4,231,1,296,249,0,249,545
01/25/2016,LGB,CA,AWP,WE,Towers with Radar,63,7,61,3,134,0,8,181,2,191,63,15,242,5,325,339,0,339,664
01/26/2016,LGB,CA,AWP,WE,Towers with Radar,58,9,70,3,140,0,9,312,1,322,58,18,382,4,462,470,0,470,932
01/27/2016,LGB,CA,AWP,WE,Towers with Radar,58,7,60,2,127,0,7,278,0,285,58,14,338,2,412,582,0,582,994
01/28/2016,LGB,CA,AWP,WE,Towers with Radar,66,13,68,2,149,0,14,264,1,279,66,27,332,3,428,454,0,454,882
01/29/2016,LGB,CA,AWP,WE,Towers with Radar,64,13,53,6,136,0,8,293,2,303,64,21,346,8,439,569,0,569,1008
01/30/2016,LGB,CA,AWP,WE,Towers with Radar,54,2,69,2,127,0,2,136,0,138,54,4,205,2,265,470,0,470,735
01/31/2016,LGB,CA,AWP,WE,Towers with Radar,64,9,29,0,102,0,0,14,0,14,64,9,43,0,116,2,0,2,118
02/01/2016,LGB,CA,AWP,WE,Towers with Radar,64,12,34,2,112,0,5,32,2,39,64,17,66,4,151,32,0,32,183
02/02/2016,LGB,CA,AWP,WE,Towers with Radar,60,9,80,0,149,0,5,290,0,295,60,14,370,0,444,658,0,658,1102
02/03/2016,LGB,CA,AWP,WE,Towers with Radar,60,10,63,0,133,0,3,403,2,408,60,13,466,2,541,718,0,718,1259
02/04/2016,LGB,CA,AWP,WE,Towers with Radar,67,13,77,0,157,0,3,389,0,392,67,16,466,0,549,699,0,699,1248
02/05/2016,LGB,CA,AWP,WE,Towers with Radar,62,11,46,0,119,0,14,224,0,238,62,25,270,0,357,584,0,584,941
02/06/2016,LGB,CA,AWP,WE,Towers with Radar,50,4,66,1,121,0,4,260,2,266,50,8,326,3,387,578,0,578,965
02/07/2016,LGB,CA,AWP,WE,Towers with Radar,58,5,51,0,114,0,1,157,1,159,58,6,208,1,273,485,0,485,758
02/08/2016,LGB,CA,AWP,WE,Towers with Radar,64,10,56,2,132,0,11,224,0,235,64,21,280,2,367,352,0,352,719
02/09/2016,LGB,CA,AWP,WE,Towers with Radar,56,8,70,1,135,0,14,320,7,341,56,22,390,8,476,669,0,669,1145
02/10/2016,LGB,CA,AWP,WE,Towers with Radar,56,7,70,5,138,0,13,325,4,342,56,20,395,9,480,756,0,756,1236
02/11/2016,LGB,CA,AWP,WE,Towers with Radar,66,27,85,2,180,0,13,242,0,255,66,40,327,2,435,661,0,661,1096
02/12/2016,LGB,CA,AWP,WE,Towers with Radar,66,37,65,1,169,0,6,147,0,153,66,43,212,1,322,340,0,340,662
02/13/2016,LGB,CA,AWP,WE,Towers with Radar,58,12,76,2,148,0,1,231,0,232,58,13,307,2,380,291,0,291,671
02/14/2016,LGB,CA,AWP,WE,Towers with Radar,59,8,49,1,117,0,0,164,0,164,59,8,213,1,281,212,0,212,493
02/15/2016,LGB,CA,AWP,WE,Towers with Radar,65,4,66,0,135,0,13,210,0,223,65,17,276,0,358,298,0,298,656
02/16/2016,LGB,CA,AWP,WE,Towers with Radar,59,5,63,0,127,0,15,315,0,330,59,20,378,0,457,535,0,535,992
02/17/2016,LGB,CA,AWP,WE,Towers with Radar,58,3,55,0,116,0,8,149,0,157,58,11,204,0,273,209,0,209,482
02/18/2016,LGB,CA,AWP,WE,Towers with Radar,64,10,69,5,148,0,12,182,3,197,64,22,251,8,345,311,0,311,656
02/19/2016,LGB,CA,AWP,WE,Towers with Radar,64,6,45,3,118,0,12,217,2,231,64,18,262,5,349,485,0,485,834
02/20/2016,LGB,CA,AWP,WE,Towers with Radar,57,7,58,7,129,0,5,255,0,260,57,12,313,7,389,463,0,463,852
02/21/2016,LGB,CA,AWP,WE,Towers with Radar,62,3,59,2,126,0,0,187,0,187,62,3,246,2,313,229,0,229,542
02/22/2016,LGB,CA,AWP,WE,Towers with Radar,66,12,77,0,155,0,21,233,0,254,66,33,310,0,409,268,0,268,677
02/23/2016,LGB,CA,AWP,WE,Towers with Radar,58,16,69,0,143,0,14,226,0,240,58,30,295,0,383,387,0,387,770
02/24/2016,LGB,CA,AWP,WE,Towers with Radar,57,5,67,2,131,0,15,271,2,288,57,20,338,4,419,292,0,292,711
02/25/2016,LGB,CA,AWP,WE,Towers with Radar,66,7,72,0,145,0,9,271,0,280,66,16,343,0,425,480,0,480,905
02/26/2016,LGB,CA,AWP,WE,Towers with Radar,66,9,65,4,144,0,8,276,1,285,66,17,341,5,429,516,0,516,945
02/27/2016,LGB,CA,AWP,WE,Towers with Radar,58,5,62,8,133,0,1,231,0,232,58,6,293,8,365,348,0,348,713
02/28/2016,LGB,CA,AWP,WE,Towers with Radar,62,4,85,1,152,0,0,173,0,173,62,4,258,1,325,201,0,201,526
02/29/2016,LGB,CA,AWP,WE,Towers with Radar,66,12,77,4,159,0,7,165,2,174,66,19,242,6,333,241,0,241,574
03/01/2016,LGB,CA,AWP,WE,Towers with Radar,56,9,62,7,134,0,7,239,7,253,56,16,301,14,387,384,0,384,771
03/02/2016,LGB,CA,AWP,WE,Towers with Radar,58,7,60,3,128,0,6,240,2,248,58,13,300,5,376,378,0,378,754
03/03/2016,LGB,CA,AWP,WE,Towers with Radar,66,10,74,1,151,0,6,190,3,199,66,16,264,4,350,255,0,255,605
03/04/2016,LGB,CA,AWP,WE,Towers with Radar,66,11,88,0,165,0,17,277,0,294,66,28,365,0,459,518,0,518,977
03/05/2016,LGB,CA,AWP,WE,Towers with Radar,58,8,71,0,137,0,5,141,0,146,58,13,212,0,283,356,0,356,639
03/06/2016,LGB,CA,AWP,WE,Towers with Radar,61,9,40,0,110,0,1,117,0,118,61,10,157,0,228,145,0,145,373
03/07/2016,LGB,CA,AWP,WE,Towers with Radar,66,6,41,4,117,0,13,34,3,50,66,19,75,7,167,11,0,11,178
03/08/2016,LGB,CA,AWP,WE,Towers with Radar,58,6,68,1,133,0,11,256,1,268,58,17,324,2,401,514,0,514,915
03/09/2016,LGB,CA,AWP,WE,Towers with Radar,60,15,62,2,139,0,11,299,1,311,60,26,361,3,450,571,0,571,1021
03/10/2016,LGB,CA,AWP,WE,Towers with Radar,65,15,55,4,139,0,16,284,0,300,65,31,339,4,439,670,0,670,1109
03/11/2016,LGB,CA,AWP,WE,Towers with Radar,66,13,59,0,138,0,8,95,0,103,66,21,154,0,241,273,0,273,514
03/12/2016,LGB,CA,AWP,WE,Towers with Radar,58,10,82,1,151,0,2,285,0,287,58,12,367,1,438,452,0,452,890
03/13/2016,LGB,CA,AWP,WE,Towers with Radar,62,12,76,3,153,0,0,175,0,175,62,12,251,3,328,329,0,329,657
03/14/2016,LGB,CA,AWP,WE,Towers with Radar,66,8,68,0,142,0,4,192,0,196,66,12,260,0,338,496,0,496,834
03/15/2016,LGB,CA,AWP,WE,Towers with Radar,60,9,76,9,154,0,20,306,7,333,60,29,382,16,487,590,0,590,1077
03/16/2016,LGB,CA,AWP,WE,Towers with Radar,60,7,97,1,165,0,19,345,0,364,60,26,442,1,529,552,0,552,1081
03/17/2016,LGB,CA,AWP,WE,Towers with Radar,66,16,94,2,178,0,9,355,1,365,66,25,449,3,543,531,0,531,1074
03/18/2016,LGB,CA,AWP,WE,Towers with Radar,66,8,76,2,152,0,9,257,0,266,66,17,333,2,418,577,0,577,995
03/19/2016,LGB,CA,AWP,WE,Towers with Radar,58,10,63,1,132,0,5,187,0,192,58,15,250,1,324,266,0,266,590
03/20/2016,LGB,CA,AWP,WE,Towers with Radar,62,9,81,0,152,0,0,152,0,152,62,9,233,0,304,177,0,177,481
03/21/2016,LGB,CA,AWP,WE,Towers with Radar,64,10,76,0,150,0,11,201,0,212,64,21,277,0,362,371,0,371,733
03/22/2016,LGB,CA,AWP,WE,Towers with Radar,64,6,60,0,130,0,12,205,6,223,64,18,265,6,353,259,0,259,612
03/23/2016,LGB,CA,AWP,WE,Towers with Radar,64,4,69,4,141,0,22,447,5,474,64,26,516,9,615,645,0,645,1260
03/24/2016,LGB,CA,AWP,WE,Towers with Radar,68,12,89,2,171,0,17,359,81,457,68,29,448,83,628,433,0,433,1061
03/25/2016,LGB,CA,AWP,WE,Towers with Radar,68,5,75,0,148,0,11,344,0,355,68,16,419,0,503,519,0,519,1022
03/26/2016,LGB,CA,AWP,WE,Towers with Radar,63,15,67,0,145,0,4,280,0,284,63,19,347,0,429,407,0,407,836
03/27/2016,LGB,CA,AWP,WE,Towers with Radar,62,7,55,1,125,0,0,106,1,107,62,7,161,2,232,265,0,265,497
03/28/2016,LGB,CA,AWP,WE,Towers with Radar,65,8,55,0,128,0,19,102,0,121,65,27,157,0,249,398,0,398,647
03/29/2016,LGB,CA,AWP,WE,Towers with Radar,62,4,61,2,129,0,17,235,0,252,62,21,296,2,381,535,0,535,916
03/30/2016,LGB,CA,AWP,WE,Towers with Radar,64,5,103,3,175,0,14,423,0,437,64,19,526,3,612,564,0,564,1176
03/31/2016,LGB,CA,AWP,WE,Towers with Radar,66,8,84,0,158,0,16,364,1,381,66,24,448,1,539,541,0,541,1080
04/01/2016,LGB,CA,AWP,WE,Towers with Radar,65,4,79,2,150,0,10,230,2,242,65,14,309,4,392,483,0,483,875
04/02/2016,LGB,CA,AWP,WE,Towers with Radar,60,7,49,2,118,0,1,216,0,217,60,8,265,2,335,215,0,215,550
04/03/2016,LGB,CA,AWP,WE,Towers with Radar,62,4,73,0,139,0,0,196,0,196,62,4,269,0,335,194,0,194,529
04/04/2016,LGB,CA,AWP,WE,Towers with Radar,65,4,68,0,137,0,16,229,0,245,65,20,297,0,382,402,0,402,784
04/05/2016,LGB,CA,AWP,WE,Towers with Radar,62,8,76,2,148,0,14,230,3,247,62,22,306,5,395,484,0,484,879
04/06/2016,LGB,CA,AWP,WE,Towers with Radar,63,10,68,0,141,0,21,195,0,216,63,31,263,0,357,305,0,305,662
04/07/2016,LGB,CA,AWP,WE,Towers with Radar,66,5,75,0,146,0,16,149,0,165,66,21,224,0,311,287,0,287,598
04/08/2016,LGB,CA,AWP,WE,Towers with Radar,68,19,50,0,137,0,2,38,0,40,68,21,88,0,177,26,0,26,203
04/09/2016,LGB,CA,AWP,WE,Towers with Radar,61,2,53,5,121,0,1,110,2,113,61,3,163,7,234,147,0,147,381
04/10/2016,LGB,CA,AWP,WE,Towers with Radar,63,4,72,7,146,0,0,184,0,184,63,4,256,7,330,277,0,277,607
04/11/2016,LGB,CA,AWP,WE,Towers with Radar,66,2,58,2,128,0,20,198,1,219,66,22,256,3,347,327,0,327,674
04/12/2016,LGB,CA,AWP,WE,Towers with Radar,62,4,73,3,142,0,15,246,0,261,62,19,319,3,403,479,0,479,882
04/13/2016,LGB,CA,AWP,WE,Towers with Radar,63,1,109,13,186,0,2,226,1,229,63,3,335,14,415,425,0,425,840
04/14/2016,LGB,CA,AWP,WE,Towers with Radar,67,13,92,1,173,0,13,204,0,217,67,26,296,1,390,331,0,331,721
04/15/2016,LGB,CA,AWP,WE,Towers with Radar,67,9,82,5,163,0,16,250,4,270,67,25,332,9,433,425,0,425,858
04/16/2016,LGB,CA,AWP,WE,Towers with Radar,60,2,58,5,125,0,2,297,2,301,60,4,355,7,426,394,0,394,820
04/17/2016,LGB,CA,AWP,WE,Towers with Radar,63,4,83,11,161,0,0,210,4,214,63,4,293,15,375,366,0,366,741
04/18/2016,LGB,CA,AWP,WE,Towers with Radar,64,11,77,2,154,0,20,248,1,269,64,31,325,3,423,435,0,435,858
04/19/2016,LGB,CA,AWP,WE,Towers with Radar,62,5,75,3,145,0,14,236,2,252,62,19,311,5,397,424,0,424,821
04/20/2016,LGB,CA,AWP,WE,Towers with Radar,62,12,90,7,171,0,17,309,2,328,62,29,399,9,499,529,0,529,1028
04/21/2016,LGB,CA,AWP,WE,Towers with Radar,69,3,80,2,154,0,8,253,6,267,69,11,333,8,421,628,0,628,1049
04/22/2016,LGB,CA,AWP,WE,Towers with Radar,67,4,77,2,150,0,8,261,0,269,67,12,338,2,419,430,0,430,849
04/23/2016,LGB,CA,AWP,WE,Towers with Radar,63,2,62,0,127,0,3,278,0,281,63,5,340,0,408,532,0,532,940
04/24/2016,LGB,CA,AWP,WE,Towers with Radar,64,3,71,0,138,0,1,170,0,171,64,4,241,0,309,327,0,327,636
04/25/2016,LGB,CA,AWP,WE,Towers with Radar,68,11,67,0,146,0,14,142,0,156,68,25,209,0,302,207,0,207,509
04/26/2016,LGB,CA,AWP,WE,Towers with Radar,61,2,96,2,161,0,16,259,1,276,61,18,355,3,437,561,14,575,1012
04/27/2016,LGB,CA,AWP,WE,Towers with Radar,62,5,91,5,163,0,15,387,2,404,62,20,478,7,567,496,0,496,1063
04/28/2016,LGB,CA,AWP,WE,Towers with Radar,69,3,66,0,138,0,23,270,5,298,69,26,336,5,436,452,0,452,888
04/29/2016,LGB,CA,AWP,WE,Towers with Radar,68,3,99,2,172,0,8,299,0,307,68,11,398,2,479,516,0,516,995
04/30/2016,LGB,CA,AWP,WE,Towers with Radar,60,5,61,1,127,0,2,266,0,268,60,7,327,1,395,639,0,639,1034
05/01/2016,LGB,CA,AWP,WE,Towers with Radar,60,8,59,1,128,0,0,183,0,183,60,8,242,1,311,439,0,439,750
05/02/2016,LGB,CA,AWP,WE,Towers with Radar,69,11,66,0,146,0,14,227,0,241,69,25,293,0,387,510,0,510,897
05/03/2016,LGB,CA,AWP,WE,Towers with Radar,63,10,73,2,148,0,20,343,3,366,63,30,416,5,514,636,1,637,1151
05/04/2016,LGB,CA,AWP,WE,Towers with Radar,71,17,89,2,179,0,11,218,1,230,71,28,307,3,409,514,0,514,923
05/05/2016,LGB,CA,AWP,WE,Towers with Radar,70,13,71,1,155,0,12,254,1,267,70,25,325,2,422,639,0,639,1061
05/06/2016,LGB,CA,AWP,WE,Towers with Radar,70,10,57,0,137,0,15,151,1,167,70,25,208,1,304,521,0,521,825
05/07/2016,LGB,CA,AWP,WE,Towers with Radar,62,6,59,0,127,0,6,213,0,219,62,12,272,0,346,670,0,670,1016
05/08/2016,LGB,CA,AWP,WE,Towers with Radar,64,15,47,0,126,0,7,143,0,150,64,22,190,0,276,482,0,482,758
05/09/2016,LGB,CA,AWP,WE,Towers with Radar,69,2,85,0,156,0,15,178,0,193,69,17,263,0,349,474,0,474,823
05/10/2016,LGB,CA,AWP,WE,Towers with Radar,68,7,70,0,145,0,8,188,0,196,68,15,258,0,341,512,0,512,853
05/11/2016,LGB,CA,AWP,WE,Towers with Radar,67,6,93,2,168,0,11,316,1,328,67,17,409,3,496,637,0,637,1133
05/12/2016,LGB,CA,AWP,WE,Towers with Radar,71,10,81,0,162,0,19,232,0,251,71,29,313,0,413,544,0,544,957
05/13/2016,LGB,CA,AWP,WE,Towers with Radar,71,11,71,1,154,0,6,218,1,225,71,17,289,2,379,425,0,425,804
05/14/2016,LGB,CA,AWP,WE,Towers with Radar,67,2,77,3,149,0,0,272,0,272,67,2,349,3,421,469,0,469,890
05/15/2016,LGB,CA,AWP,WE,Towers with Radar,69,9,62,7,147,0,0,170,0,170,69,9,232,7,317,384,0,384,701
05/16/2016,LGB,CA,AWP,WE,Towers with Radar,69,9,83,2,163,0,15,215,0,230,69,24,298,2,393,498,0,498,891
05/17/2016,LGB,CA,AWP,WE,Towers with Radar,70,5,75,0,150,0,13,317,0,330,70,18,392,0,480,486,0,486,966
05/18/2016,LGB,CA,AWP,WE,Towers with Radar,64,6,106,3,179,0,11,211,1,223,64,17,317,4,402,382,0,382,784
05/19/2016,LGB,CA,AWP,WE,Towers with Radar,73,4,87,3,167,0,6,173,0,179,73,10,260,3,346,433,0,433,779
05/20/2016,LGB,CA,AWP,WE,Towers with Radar,72,8,97,3,180,0,18,236,0,254,72,26,333,3,434,421,0,421,855
05/21/2016,LGB,CA,AWP,WE,Towers with Radar,64,10,57,4,135,0,2,262,1,265,64,12,319,5,400,376,0,376,776
05/22/2016,LGB,CA,AWP,WE,Towers with Radar,71,7,50,0,128,0,0,178,0,178,71,7,228,0,306,267,0,267,573
05/23/2016,LGB,CA,AWP,WE,Towers with Radar,71,6,62,4,143,0,14,257,0,271,71,20,319,4,414,237,1,238,652
05/24/2016,LGB,CA,AWP,WE,Towers with Radar,70,2,77,3,152,0,18,233,0,251,70,20,310,3,403,423,0,423,826
05/25/2016,LGB,CA,AWP,WE,Towers with Radar,70,7,106,3,186,0,10,188,1,199,70,17,294,4,385,348,0,348,733
05/26/2016,LGB,CA,AWP,WE,Towers with Radar,73,5,100,1,179,0,16,277,0,293,73,21,377,1,472,477,0,477,949
05/27/2016,LGB,CA,AWP,WE,Towers with Radar,74,10,82,3,169,0,8,285,2,295,74,18,367,5,464,547,0,547,1011
05/28/2016,LGB,CA,AWP,WE,Towers with Radar,69,9,72,1,151,0,8,145,0,153,69,17,217,1,304,296,0,296,600
05/29/2016,LGB,CA,AWP,WE,Towers with Radar,60,6,54,0,120,0,0,116,0,116,60,6,170,0,236,249,0,249,485
05/30/2016,LGB,CA,AWP,WE,Towers with Radar,66,3,93,0,162,0,0,170,1,171,66,3,263,1,333,305,0,305,638
05/31/2016,LGB,CA,AWP,WE,Towers with Radar,71,15,79,0,165,0,13,185,0,198,71,28,264,0,363,381,0,381,744
06/01/2016,LGB,CA,AWP,WE,Towers with Radar,72,22,91,1,186,0,5,139,0,144,72,27,230,1,330,353,0,353,683
06/02/2016,LGB,CA,AWP,WE,Towers with Radar,71,9,83,0,163,0,15,309,2,326,71,24,392,2,489,393,0,393,882
06/03/2016,LGB,CA,AWP,WE,Towers with Radar,78,13,87,4,182,0,9,183,0,192,78,22,270,4,374,254,0,254,628
06/04/2016,LGB,CA,AWP,WE,Towers with Radar,66,7,49,4,126,0,1,119,0,120,66,8,168,4,246,198,0,198,444
06/05/2016,LGB,CA,AWP,WE,Towers with Radar,70,10,70,2,152,0,0,170,0,170,70,10,240,2,322,249,0,249,571
06/06/2016,LGB,CA,AWP,WE,Towers with Radar,80,7,92,2,181,0,10,203,1,214,80,17,295,3,395,379,0,379,774
06/07/2016,LGB,CA,AWP,WE,Towers with Radar,77,10,81,1,169,0,17,251,2,270,77,27,332,3,439,473,0,473,912
06/08/2016,LGB,CA,AWP,WE,Towers with Radar,78,21,114,2,215,0,9,228,0,237,78,30,342,2,452,598,0,598,1050
06/09/2016,LGB,CA,AWP,WE,Towers with Radar,81,18,115,2,216,0,3,99,0,102,81,21,214,2,318,252,0,252,570
06/10/2016,LGB,CA,AWP,WE,Towers with Radar,84,6,97,3,190,0,16,223,0,239,84,22,320,3,429,516,0,516,945
06/11/2016,LGB,CA,AWP,WE,Towers with Radar,72,2,70,3,147,0,8,133,0,141,72,10,203,3,288,258,0,258,546
06/12/2016,LGB,CA,AWP,WE,Towers with Radar,76,3,74,2,155,0,0,183,0,183,76,3,257,2,338,355,0,355,693
06/13/2016,LGB,CA,AWP,WE,Towers with Radar,78,4,76,3,161,0,18,210,1,229,78,22,286,4,390,408,0,408,798
06/14/2016,LGB,CA,AWP,WE,Towers with Radar,79,12,86,1,178,0,7,252,0,259,79,19,338,1,437,567,0,567,1004
06/15/2016,LGB,CA,AWP,WE,Towers with Radar,78,11,62,6,157,0,7,296,2,305,78,18,358,8,462,476,0,476,938
06/16/2016,LGB,CA,AWP,WE,Towers with Radar,80,6,77,3,166,0,10,302,3,315,80,16,379,6,481,514,0,514,995
06/17/2016,LGB,CA,AWP,WE,Towers with Radar,82,5,70,0,157,0,19,311,3,333,82,24,381,3,490,365,0,365,855
06/18/2016,LGB,CA,AWP,WE,Towers with Radar,73,4,68,0,145,0,5,204,0,209,73,9,272,0,354,285,0,285,639
06/19/2016,LGB,CA,AWP,WE,Towers with Radar,79,8,32,0,119,0,1,174,0,175,79,9,206,0,294,254,0,254,548
06/20/2016,LGB,CA,AWP,WE,Towers with Radar,79,9,64,0,152,0,11,214,0,225,79,20,278,0,377,361,0,361,738
06/21/2016,LGB,CA,AWP,WE,Towers with Radar,85,1,63,1,150,0,8,252,0,260,85,9,315,1,410,261,0,261,671
06/22/2016,LGB,CA,AWP,WE,Towers with Radar,82,15,60,0,157,0,20,246,0,266,82,35,306,0,423,558,0,558,981
06/23/2016,LGB,CA,AWP,WE,Towers with Radar,79,8,64,0,151,0,13,190,0,203,79,21,254,0,354,471,0,471,825
06/24/2016,LGB,CA,AWP,WE,Towers with Radar,82,14,81,1,178,0,12,214,0,226,82,26,295,1,404,523,0,523,927
06/25/2016,LGB,CA,AWP,WE,Towers with Radar,71,6,66,1,144,0,0,223,0,223,71,6,289,1,367,352,0,352,719
06/26/2016,LGB,CA,AWP,WE,Towers with Radar,78,7,57,1,143,0,0,162,0,162,78,7,219,1,305,221,0,221,526
06/27/2016,LGB,CA,AWP,WE,Towers with Radar,82,15,86,2,185,0,11,183,0,194,82,26,269,2,379,449,0,449,828
06/28/2016,LGB,CA,AWP,WE,Towers with Radar,83,14,70,3,170,0,15,180,0,195,83,29,250,3,365,470,0,470,835
06/29/2016,LGB,CA,AWP,WE,Towers with Radar,82,10,75,0,167,0,17,297,0,314,82,27,372,0,481,666,0,666,1147
06/30/2016,LGB,CA,AWP,WE,Towers with Radar,81,12,74,0,167,0,16,234,1,251,81,28,308,1,418,692,0,692,1110
07/01/2016,LGB,CA,AWP,WE,Towers with Radar,81,12,99,3,195,0,15,203,2,220,81,27,302,5,415,469,0,469,884
07/02/2016,LGB,CA,AWP,WE,Towers with Radar,63,5,49,0,117,0,2,189,2,193,63,7,238,2,310,388,0,388,698
07/03/2016,LGB,CA,AWP,WE,Towers with Radar,59,2,54,0,115,0,0,186,0,186,59,2,240,0,301,356,0,356,657
07/04/2016,LGB,CA,AWP,WE,Towers with Radar,68,3,36,2,109,0,0,113,0,113,68,3,149,2,222,252,0,252,474
07/05/2016,LGB,CA,AWP,WE,Towers with Radar,78,5,70,1,154,0,20,250,2,272,78,25,320,3,426,439,0,439,865
07/06/2016,LGB,CA,AWP,WE,Towers with Radar,80,7,83,3,173,0,14,318,0,332,80,21,401,3,505,495,0,495,1000
07/07/2016,LGB,CA,AWP,WE,Towers with Radar,80,11,62,1,154,0,16,252,0,268,80,27,314,1,422,603,0,603,1025
07/08/2016,LGB,CA,AWP,WE,Towers with Radar,82,3,84,0,169,0,14,296,0,310,82,17,380,0,479,736,0,736,1215
07/09/2016,LGB,CA,AWP,WE,Towers with Radar,72,6,83,2,163,0,5,228,0,233,72,11,311,2,396,455,0,455,851
07/10/2016,LGB,CA,AWP,WE,Towers with Radar,79,15,56,1,151,0,0,160,0,160,79,15,216,1,311,320,0,320,631
07/11/2016,LGB,CA,AWP,WE,Towers with Radar,83,11,64,0,158,0,17,198,0,215,83,28,262,0,373,460,0,460,833
07/12/2016,LGB,CA,AWP,WE,Towers with Radar,83,5,82,1,171,0,12,227,0,239,83,17,309,1,410,536,0,536,946
07/13/2016,LGB,CA,AWP,WE,Towers with Radar,84,6,60,0,150,0,12,267,0,279,84,18,327,0,429,585,0,585,1014
07/14/2016,LGB,CA,AWP,WE,Towers with Radar,82,8,72,2,164,0,32,234,0,266,82,40,306,2,430,532,0,532,962
07/15/2016,LGB,CA,AWP,WE,Towers with Radar,83,9,54,0,146,0,13,239,0,252,83,22,293,0,398,509,0,509,907
07/16/2016,LGB,CA,AWP,WE,Towers with Radar,72,2,67,0,141,0,3,269,0,272,72,5,336,0,413,474,0,474,887
07/17/2016,LGB,CA,AWP,WE,Towers with Radar,80,7,49,0,136,0,0,153,0,153,80,7,202,0,289,225,0,225,514
07/18/2016,LGB,CA,AWP,WE,Towers with Radar,85,5,50,0,140,0,11,211,2,224,85,16,261,2,364,622,0,622,986
07/19/2016,LGB,CA,AWP,WE,Towers with Radar,80,1,82,1,164,0,18,271,1,290,80,19,353,2,454,572,0,572,1026
07/20/2016,LGB,CA,AWP,WE,Towers with Radar,74,6,59,0,139,0,14,250,0,264,74,20,309,0,403,625,0,625,1028
07/21/2016,LGB,CA,AWP,WE,Towers with Radar,77,0,67,4,148,0,14,293,0,307,77,14,360,4,455,534,1,535,990
07/22/2016,LGB,CA,AWP,WE,Towers with Radar,79,4,78,0,161,0,16,295,0,311,79,20,373,0,472,454,0,454,926
07/23/2016,LGB,CA,AWP,WE,Towers with Radar,74,6,45,3,128,0,5,276,0,281,74,11,321,3,409,438,0,438,847
07/24/2016,LGB,CA,AWP,WE,Towers with Radar,78,4,81,3,166,0,1,124,0,125,78,5,205,3,291,90,0,90,381
07/25/2016,LGB,CA,AWP,WE,Towers with Radar,81,14,72,0,167,0,17,230,4,251,81,31,302,4,418,446,0,446,864
07/26/2016,LGB,CA,AWP,WE,Towers with Radar,84,13,48,0,145,0,11,252,0,263,84,24,300,0,408,683,0,683,1091
07/27/2016,LGB,CA,AWP,WE,Towers with Radar,81,1,69,1,152,1,14,270,1,286,82,15,339,2,438,696,0,696,1134
07/28/2016,LGB,CA,AWP,WE,Towers with Radar,79,4,77,0,160,0,20,274,0,294,79,24,351,0,454,611,0,611,1065
07/29/2016,LGB,CA,AWP,WE,Towers with Radar,81,11,51,1,144,0,18,280,0,298,81,29,331,1,442,477,0,477,919
07/30/2016,LGB,CA,AWP,WE,Towers with Radar,75,11,57,4,147,0,4,169,0,173,75,15,226,4,320,341,0,341,661
07/31/2016,LGB,CA,AWP,WE,Towers with Radar,78,11,63,0,152,0,0,204,0,204,78,11,267,0,356,256,0,256,612
08/01/2016,LGB,CA,AWP,WE,Towers with Radar,77,9,49,1,136,0,17,166,1,184,77,26,215,2,320,387,0,387,707
08/02/2016,LGB,CA,AWP,WE,Towers with Radar,80,5,67,1,153,0,16,251,1,268,80,21,318,2,421,515,0,515,936
08/03/2016,LGB,CA,AWP,WE,Towers with Radar,80,9,63,2,154,0,19,306,1,326,80,28,369,3,480,502,0,502,982
08/04/2016,LGB,CA,AWP,WE,Towers with Radar,83,20,44,0,147,0,17,274,0,291,83,37,318,0,438,584,0,584,1022
08/05/2016,LGB,CA,AWP,WE,Towers with Radar,82,6,84,0,172,0,19,265,3,287,82,25,349,3,459,547,0,547,1006
08/06/2016,LGB,CA,AWP,WE,Towers with Radar,73,6,70,0,149,0,2,186,0,188,73,8,256,0,337,332,0,332,669
08/07/2016,LGB,CA,AWP,WE,Towers with Radar,78,16,64,0,158,0,0,183,1,184,78,16,247,1,342,409,0,409,751
08/08/2016,LGB,CA,AWP,WE,Towers with Radar,81,8,57,0,146,0,10,148,0,158,81,18,205,0,304,392,0,392,696
08/09/2016,LGB,CA,AWP,WE,Towers with Radar,80,9,67,2,158,0,21,196,0,217,80,30,263,2,375,511,0,511,886
08/10/2016,LGB,CA,AWP,WE,Towers with Radar,81,9,60,3,153,0,12,248,4,264,81,21,308,7,417,562,0,562,979
08/11/2016,LGB,CA,AWP,WE,Towers with Radar,81,9,70,0,160,0,9,259,0,268,81,18,329,0,428,535,0,535,963
08/12/2016,LGB,CA,AWP,WE,Towers with Radar,81,19,68,0,168,0,13,256,0,269,81,32,324,0,437,603,0,603,1040
08/13/2016,LGB,CA,AWP,WE,Towers with Radar,75,12,42,0,129,0,0,237,2,239,75,12,279,2,368,410,0,410,778
08/14/2016,LGB,CA,AWP,WE,Towers with Radar,82,8,61,0,151,0,1,197,0,198,82,9,258,0,349,263,0,263,612
08/15/2016,LGB,CA,AWP,WE,Towers with Radar,88,10,70,0,168,0,10,209,0,219,88,20,279,0,387,499,0,499,886
08/16/2016,LGB,CA,AWP,WE,Towers with Radar,86,9,65,0,160,0,19,293,1,313,86,28,358,1,473,605,0,605,1078
08/17/2016,LGB,CA,AWP,WE,Towers with Radar,86,6,87,0,179,0,14,307,0,321,86,20,394,0,500,552,0,552,1052
08/18/2016,LGB,CA,AWP,WE,Towers with Radar,88,14,92,2,196,0,13,271,0,284,88,27,363,2,480,464,0,464,944
08/19/2016,LGB,CA,AWP,WE,Towers with Radar,65,8,43,1,117,0,9,252,0,261,65,17,295,1,378,486,0,486,864
08/20/2016,LGB,CA,AWP,WE,Towers with Radar,83,6,44,1,134,0,6,206,0,212,83,12,250,1,346,389,0,389,735
08/21/2016,LGB,CA,AWP,WE,Towers with Radar,88,11,44,1,144,0,0,146,1,147,88,11,190,2,291,297,0,297,588
08/22/2016,LGB,CA,AWP,WE,Towers with Radar,91,12,76,3,182,0,16,255,3,274,91,28,331,6,456,624,0,624,1080
08/23/2016,LGB,CA,AWP,WE,Towers with Radar,81,13,81,2,177,0,22,325,1,348,81,35,406,3,525,749,0,749,1274
08/24/2016,LGB,CA,AWP,WE,Towers with Radar,83,10,87,2,182,0,13,375,5,393,83,23,462,7,575,643,0,643,1218
08/25/2016,LGB,CA,AWP,WE,Towers with Radar,86,9,97,0,192,0,13,239,1,253,86,22,336,1,445,583,0,583,1028
08/26/2016,LGB,CA,AWP,WE,Towers with Radar,95,12,76,3,186,1,7,225,1,234,96,19,301,4,420,665,0,665,1085
08/27/2016,LGB,CA,AWP,WE,Towers with Radar,77,6,66,0,149,0,2,184,0,186,77,8,250,0,335,456,0,456,791
08/28/2016,LGB,CA,AWP,WE,Towers with Radar,87,4,57,4,152,0,0,202,0,202,87,4,259,4,354,472,0,472,826
08/29/2016,LGB,CA,AWP,WE,Towers with Radar,89,16,65,0,170,0,16,204,0,220,89,32,269,0,390,549,0,549,939
08/30/2016,LGB,CA,AWP,WE,Towers with Radar,80,14,65,3,162,0,8,281,0,289,80,22,346,3,451,543,0,543,994
08/31/2016,LGB,CA,AWP,WE,Towers with Radar,83,16,91,0,190,0,15,311,0,326,83,31,402,0,516,563,0,563,1079
09/01/2016,LGB,CA,AWP,WE,Towers with Radar,88,10,103,0,201,0,11,234,1,246,88,21,337,1,447,382,0,382,829
09/02/2016,LGB,CA,AWP,WE,Towers with Radar,90,4,71,0,165,0,12,201,1,214,90,16,272,1,379,545,0,545,924
09/03/2016,LGB,CA,AWP,WE,Towers with Radar,67,4,52,0,123,0,4,171,1,176,67,8,223,1,299,433,0,433,732
09/04/2016,LGB,CA,AWP,WE,Towers with Radar,61,11,43,0,115,0,0,135,0,135,61,11,178,0,250,359,0,359,609
09/05/2016,LGB,CA,AWP,WE,Towers with Radar,81,4,68,0,153,0,0,151,0,151,81,4,219,0,304,387,0,387,691
09/06/2016,LGB,CA,AWP,WE,Towers with Radar,79,7,98,1,185,0,13,248,0,261,79,20,346,1,446,501,0,501,947
09/07/2016,LGB,CA,AWP,WE,Towers with Radar,78,12,82,0,172,0,15,151,0,166,78,27,233,0,338,252,0,252,590
09/08/2016,LGB,CA,AWP,WE,Towers with Radar,82,6,69,5,162,0,21,287,1,309,82,27,356,6,471,546,0,546,1017
09/09/2016,LGB,CA,AWP,WE,Towers with Radar,82,6,75,0,163,0,10,256,1,267,82,16,331,1,430,511,0,511,941
09/10/2016,LGB,CA,AWP,WE,Towers with Radar,62,17,45,0,124,0,3,225,0,228,62,20,270,0,352,430,0,430,782
09/11/2016,LGB,CA,AWP,WE,Towers with Radar,77,13,57,2,149,0,2,182,0,184,77,15,239,2,333,321,0,321,654
09/12/2016,LGB,CA,AWP,WE,Towers with Radar,80,7,77,3,167,0,12,122,0,134,80,19,199,3,301,502,0,502,803
09/13/2016,LGB,CA,AWP,WE,Towers with Radar,70,11,85,2,168,0,18,230,0,248,70,29,315,2,416,562,0,562,978
09/14/2016,LGB,CA,AWP,WE,Towers with Radar,76,7,74,1,158,0,11,311,0,322,76,18,385,1,480,734,0,734,1214
09/15/2016,LGB,CA,AWP,WE,Towers with Radar,81,9,70,0,160,0,25,272,0,297,81,34,342,0,457,652,0,652,1109
09/16/2016,LGB,CA,AWP,WE,Towers with Radar,82,10,78,3,173,0,20,322,0,342,82,30,400,3,515,540,0,540,1055
09/17/2016,LGB,CA,AWP,WE,Towers with Radar,64,7,52,2,125,0,1,248,0,249,64,8,300,2,374,502,0,502,876
09/18/2016,LGB,CA,AWP,WE,Towers with Radar,85,6,44,1,136,0,0,220,0,220,85,6,264,1,356,415,0,415,771
09/19/2016,LGB,CA,AWP,WE,Towers with Radar,86,13,67,1,167,0,11,194,1,206,86,24,261,2,373,373,0,373,746
09/20/2016,LGB,CA,AWP,WE,Towers with Radar,76,2,59,0,137,0,16,268,1,285,76,18,327,1,422,393,0,393,815
09/21/2016,LGB,CA,AWP,WE,Towers with Radar,76,5,79,1,161,0,17,341,0,358,76,22,420,1,519,496,0,496,1015
09/22/2016,LGB,CA,AWP,WE,Towers with Radar,91,10,63,1,165,0,15,269,3,287,91,25,332,4,452,371,0,371,823
09/23/2016,LGB,CA,AWP,WE,Towers with Radar,88,5,59,4,156,0,12,296,0,308,88,17,355,4,464,503,0,503,967
09/24/2016,LGB,CA,AWP,WE,Towers with Radar,70,8,53,5,136,0,3,280,0,283,70,11,333,5,419,458,0,458,877
09/25/2016,LGB,CA,AWP,WE,Towers with Radar,84,11,67,5,167,0,0,163,1,164,84,11,230,6,331,330,0,330,661
09/26/2016,LGB,CA,AWP,WE,Towers with Radar,87,10,61,0,158,0,22,187,1,210,87,32,248,1,368,339,0,339,707
09/27/2016,LGB,CA,AWP,WE,Towers with Radar,80,11,77,2,170,0,13,311,0,324,80,24,388,2,494,616,0,616,1110
09/28/2016,LGB,CA,AWP,WE,Towers with Radar,81,9,79,3,172,0,10,360,0,370,81,19,439,3,542,549,0,549,1091
09/29/2016,LGB,CA,AWP,WE,Towers with Radar,84,5,86,4,179,0,13,349,0,362,84,18,435,4,541,721,0,721,1262
09/30/2016,LGB,CA,AWP,WE,Towers with Radar,88,6,81,2,177,0,11,219,1,231,88,17,300,3,408,506,0,506,914
10/01/2016,LGB,CA,AWP,WE,Towers with Radar,72,7,66,1,146,0,2,229,0,231,72,9,295,1,377,424,0,424,801
10/02/2016,LGB,CA,AWP,WE,Towers with Radar,84,14,78,0,176,0,1,175,0,176,84,15,253,0,352,421,0,421,773
10/03/2016,LGB,CA,AWP,WE,Towers with Radar,90,9,91,1,191,2,12,206,0,220,92,21,297,1,411,417,0,417,828
10/04/2016,LGB,CA,AWP,WE,Towers with Radar,78,12,84,2,176,0,9,232,0,241,78,21,316,2,417,448,0,448,865
10/05/2016,LGB,CA,AWP,WE,Towers with Radar,81,6,68,0,155,0,15,301,0,316,81,21,369,0,471,618,0,618,1089
10/06/2016,LGB,CA,AWP,WE,Towers with Radar,87,12,88,0,187,0,15,336,1,352,87,27,424,1,539,649,0,649,1188
10/07/2016,LGB,CA,AWP,WE,Towers with Radar,88,7,68,2,165,0,18,248,0,266,88,25,316,2,431,451,0,451,882
10/08/2016,LGB,CA,AWP,WE,Towers with Radar,73,7,66,0,146,0,4,273,0,277,73,11,339,0,423,324,0,324,747
10/09/2016,LGB,CA,AWP,WE,Towers with Radar,82,9,46,1,138,0,1,224,0,225,82,10,270,1,363,370,0,370,733
10/10/2016,LGB,CA,AWP,WE,Towers with Radar,88,4,58,2,152,0,13,244,0,257,88,17,302,2,409,461,0,461,870
10/11/2016,LGB,CA,AWP,WE,Towers with Radar,83,2,75,0,160,0,14,192,0,206,83,16,267,0,366,414,0,414,780
10/12/2016,LGB,CA,AWP,WE,Towers with Radar,85,6,95,0,186,0,10,209,1,220,85,16,304,1,406,521,0,521,927
10/13/2016,LGB,CA,AWP,WE,Towers with Radar,86,10,92,0,188,0,14,315,3,332,86,24,407,3,520,514,0,514,1034
10/14/2016,LGB,CA,AWP,WE,Towers with Radar,86,10,92,4,192,0,18,182,0,200,86,28,274,4,392,356,0,356,748
10/15/2016,LGB,CA,AWP,WE,Towers with Radar,70,5,74,2,151,0,3,192,0,195,70,8,266,2,346,498,0,498,844
10/16/2016,LGB,CA,AWP,WE,Towers with Radar,83,7,72,0,162,0,0,154,0,154,83,7,226,0,316,284,0,284,600
10/17/2016,LGB,CA,AWP,WE,Towers with Radar,87,6,97,2,192,0,12,140,0,152,87,18,237,2,344,310,0,310,654
10/18/2016,LGB,CA,AWP,WE,Towers with Radar,82,9,94,2,187,0,12,273,0,285,82,21,367,2,472,337,0,337,809
10/19/2016,LGB,CA,AWP,WE,Towers with Radar,82,10,83,2,177,0,18,373,1,392,82,28,456,3,569,490,0,490,1059
10/20/2016,LGB,CA,AWP,WE,Towers with Radar,86,11,96,4,197,0,9,293,0,302,86,20,389,4,499,418,0,418,917
10/21/2016,LGB,CA,AWP,WE,Towers with Radar,89,4,59,3,155,0,8,252,1,261,89,12,311,4,416,433,0,433,849
10/22/2016,LGB,CA,AWP,WE,Towers with Radar,71,5,55,3,134,0,5,213,0,218,71,10,268,3,352,302,0,302,654
10/23/2016,LGB,CA,AWP,WE,Towers with Radar,83,9,48,1,141,0,2,152,0,154,83,11,200,1,295,260,0,260,555
10/24/2016,LGB,CA,AWP,WE,Towers with Radar,89,26,69,3,187,0,2,63,0,65,89,28,132,3,252,159,0,159,411
10/25/2016,LGB,CA,AWP,WE,Towers with Radar,78,32,75,3,188,0,10,245,1,256,78,42,320,4,444,383,0,383,827
10/26/2016,LGB,CA,AWP,WE,Towers with Radar,76,5,81,2,164,0,12,242,4,258,76,17,323,6,422,413,0,413,835
10/27/2016,LGB,CA,AWP,WE,Towers with Radar,87,9,96,0,192,0,13,283,1,297,87,22,379,1,489,493,0,493,982
10/28/2016,LGB,CA,AWP,WE,Towers with Radar,89,5,81,0,175,0,12,165,0,177,89,17,246,0,352,435,0,435,787
10/29/2016,LGB,CA,AWP,WE,Towers with Radar,74,7,56,0,137,0,5,232,0,237,74,12,288,0,374,413,0,413,787
10/30/2016,LGB,CA,AWP,WE,Towers with Radar,80,12,56,0,148,0,1,69,0,70,80,13,125,0,218,201,0,201,419
10/31/2016,LGB,CA,AWP,WE,Towers with Radar,78,11,69,2,160,0,11,205,0,216,78,22,274,2,376,417,0,417,793
11/01/2016,LGB,CA,AWP,WE,Towers with Radar,76,4,89,1,170,0,14,214,1,229,76,18,303,2,399,357,0,357,756
11/02/2016,LGB,CA,AWP,WE,Towers with Radar,78,15,82,0,175,0,12,284,1,297,78,27,366,1,472,456,0,456,928
11/03/2016,LGB,CA,AWP,WE,Towers with Radar,82,16,83,3,184,0,14,250,1,265,82,30,333,4,449,415,0,415,864
11/04/2016,LGB,CA,AWP,WE,Towers with Radar,88,7,67,0,162,0,12,213,0,225,88,19,280,0,387,370,0,370,757
11/05/2016,LGB,CA,AWP,WE,Towers with Radar,71,7,64,0,142,0,2,352,0,354,71,9,416,0,496,345,0,345,841
11/06/2016,LGB,CA,AWP,WE,Towers with Radar,82,12,84,0,178,0,3,256,5,264,82,15,340,5,442,284,0,284,726
11/07/2016,LGB,CA,AWP,WE,Towers with Radar,86,8,61,1,156,0,9,182,0,191,86,17,243,1,347,402,0,402,749
11/08/2016,LGB,CA,AWP,WE,Towers with Radar,76,8,58,0,142,0,16,264,0,280,76,24,322,0,422,508,0,508,930
11/09/2016,LGB,CA,AWP,WE,Towers with Radar,78,14,64,8,164,0,6,259,7,272,78,20,323,15,436,512,0,512,948
11/10/2016,LGB,CA,AWP,WE,Towers with Radar,86,19,81,0,186,0,14,385,0,399,86,33,466,0,585,571,0,571,1156
11/11/2016,LGB,CA,AWP,WE,Towers with Radar,87,2,73,0,162,0,9,284,2,295,87,11,357,2,457,450,0,450,907
11/12/2016,LGB,CA,AWP,WE,Towers with Radar,68,8,60,0,136,0,3,322,0,325,68,11,382,0,461,465,0,465,926
11/13/2016,LGB,CA,AWP,WE,Towers with Radar,79,9,56,0,144,0,0,189,0,189,79,9,245,0,333,318,0,318,651
11/14/2016,LGB,CA,AWP,WE,Towers with Radar,84,7,62,2,155,0,16,165,1,182,84,23,227,3,337,469,0,469,806
11/15/2016,LGB,CA,AWP,WE,Towers with Radar,84,16,74,1,175,0,15,180,1,196,84,31,254,2,371,418,0,418,789
11/16/2016,LGB,CA,AWP,WE,Towers with Radar,76,15,70,0,161,0,7,201,0,208,76,22,271,0,369,628,0,628,997
11/17/2016,LGB,CA,AWP,WE,Towers with Radar,86,10,69,0,165,0,11,250,2,263,86,21,319,2,428,425,0,425,853
11/18/2016,LGB,CA,AWP,WE,Towers with Radar,86,7,84,1,178,0,10,262,1,273,86,17,346,2,451,490,0,490,941
11/19/2016,LGB,CA,AWP,WE,Towers with Radar,77,9,59,1,146,0,2,204,0,206,77,11,263,1,352,375,0,375,727
11/20/2016,LGB,CA,AWP,WE,Towers with Radar,80,10,66,2,158,0,0,71,0,71,80,10,137,2,229,122,0,122,351
11/21/2016,LGB,CA,AWP,WE,Towers with Radar,83,5,63,8,159,0,3,155,2,160,83,8,218,10,319,444,0,444,763
11/22/2016,LGB,CA,AWP,WE,Towers with Radar,86,7,47,1,141,0,14,248,3,265,86,21,295,4,406,535,0,535,941
11/23/2016,LGB,CA,AWP,WE,Towers with Radar,86,7,73,0,166,0,15,273,0,288,86,22,346,0,454,323,0,323,777
11/24/2016,LGB,CA,AWP,WE,Towers with Radar,54,5,21,2,82,0,0,55,0,55,54,5,76,2,137,52,0,52,189
11/25/2016,LGB,CA,AWP,WE,Towers with Radar,72,6,37,1,116,0,16,223,0,239,72,22,260,1,355,246,0,246,601
11/26/2016,LGB,CA,AWP,WE,Towers with Radar,78,8,30,0,116,0,0,121,0,121,78,8,151,0,237,306,0,306,543
11/27/2016,LGB,CA,AWP,WE,Towers with Radar,84,8,61,0,153,0,1,97,0,98,84,9,158,0,251,67,0,67,318
11/28/2016,LGB,CA,AWP,WE,Towers with Radar,91,9,58,0,158,0,8,180,0,188,91,17,238,0,346,488,0,488,834
11/29/2016,LGB,CA,AWP,WE,Towers with Radar,84,6,59,4,153,0,11,245,0,256,84,17,304,4,409,569,0,569,978
11/30/2016,LGB,CA,AWP,WE,Towers with Radar,86,11,70,5,172,0,14,262,2,278,86,25,332,7,450,648,0,648,1098
12/01/2016,LGB,CA,AWP,WE,Towers with Radar,96,2,58,0,156,0,9,233,6,248,96,11,291,6,404,424,0,424,828
12/02/2016,LGB,CA,AWP,WE,Towers with Radar,90,6,41,0,137,0,7,139,1,147,90,13,180,1,284,294,0,294,578
12/03/2016,LGB,CA,AWP,WE,Towers with Radar,76,5,52,0,133,0,2,246,1,249,76,7,298,1,382,453,0,453,835
12/04/2016,LGB,CA,AWP,WE,Towers with Radar,89,0,56,0,145,0,1,199,0,200,89,1,255,0,345,233,0,233,578
12/05/2016,LGB,CA,AWP,WE,Towers with Radar,85,0,72,4,161,0,5,146,1,152,85,5,218,5,313,393,0,393,706
12/06/2016,LGB,CA,AWP,WE,Towers with Radar,84,9,89,4,186,0,9,206,0,215,84,18,295,4,401,780,0,780,1181
12/07/2016,LGB,CA,AWP,WE,Towers with Radar,86,12,107,0,205,0,10,270,2,282,86,22,377,2,487,540,0,540,1027
12/08/2016,LGB,CA,AWP,WE,Towers with Radar,96,13,77,1,187,0,12,249,0,261,96,25,326,1,448,421,0,421,869
12/09/2016,LGB,CA,AWP,WE,Towers with Radar,98,12,104,2,216,0,5,183,0,188,98,17,287,2,404,387,0,387,791
12/10/2016,LGB,CA,AWP,WE,Towers with Radar,74,10,93,0,177,0,1,98,0,99,74,11,191,0,276,192,0,192,468
12/11/2016,LGB,CA,AWP,WE,Towers with Radar,89,19,61,1,170,0,3,65,0,68,89,22,126,1,238,277,0,277,515
12/12/2016,LGB,CA,AWP,WE,Towers with Radar,89,24,61,3,177,0,13,101,0,114,89,37,162,3,291,408,0,408,699
12/13/2016,LGB,CA,AWP,WE,Towers with Radar,84,22,96,2,204,0,17,187,0,204,84,39,283,2,408,483,0,483,891
12/14/2016,LGB,CA,AWP,WE,Towers with Radar,88,7,70,5,170,0,5,197,3,205,88,12,267,8,375,449,0,449,824
12/15/2016,LGB,CA,AWP,WE,Towers with Radar,83,14,51,3,151,0,11,82,0,93,83,25,133,3,244,205,0,205,449
12/16/2016,LGB,CA,AWP,WE,Towers with Radar,89,7,47,0,143,0,10,73,0,83,89,17,120,0,226,115,0,115,341
12/17/2016,LGB,CA,AWP,WE,Towers with Radar,73,7,71,0,151,0,3,278,0,281,73,10,349,0,432,236,0,236,668
12/18/2016,LGB,CA,AWP,WE,Towers with Radar,84,5,53,0,142,0,2,181,0,183,84,7,234,0,325,240,0,240,565
12/19/2016,LGB,CA,AWP,WE,Towers with Radar,86,0,52,1,139,0,7,176,1,184,86,7,228,2,323,253,0,253,576
12/20/2016,LGB,CA,AWP,WE,Towers with Radar,86,1,72,4,163,0,7,208,0,215,86,8,280,4,378,455,0,455,833
12/21/2016,LGB,CA,AWP,WE,Towers with Radar,89,11,85,0,185,0,7,128,0,135,89,18,213,0,320,142,0,142,462
12/22/2016,LGB,CA,AWP,WE,Towers with Radar,87,7,61,0,155,0,2,100,0,102,87,9,161,0,257,167,0,167,424
12/23/2016,LGB,CA,AWP,WE,Towers with Radar,92,24,41,0,157,0,8,56,0,64,92,32,97,0,221,96,0,96,317
12/24/2016,LGB,CA,AWP,WE,Towers with Radar,73,7,15,0,95,0,2,96,0,98,73,9,111,0,193,114,0,114,307
12/25/2016,LGB,CA,AWP,WE,Towers with Radar,78,6,17,0,101,0,0,92,0,92,78,6,109,0,193,23,0,23,216
12/26/2016,LGB,CA,AWP,WE,Towers with Radar,84,9,51,0,144,0,0,200,0,200,84,9,251,0,344,341,0,341,685
12/27/2016,LGB,CA,AWP,WE,Towers with Radar,85,10,68,1,164,0,7,260,1,268,85,17,328,2,432,441,0,441,873
12/28/2016,LGB,CA,AWP,WE,Towers with Radar,88,16,58,1,163,0,8,335,1,344,88,24,393,2,507,347,0,347,854
12/29/2016,LGB,CA,AWP,WE,Towers with Radar,89,12,62,0,163,0,10,317,0,327,89,22,379,0,490,462,0,462,952
12/30/2016,LGB,CA,AWP,WE,Towers with Radar,92,6,44,2,144,0,11,162,0,173,92,17,206,2,317,217,0,217,534
12/31/2016,LGB,CA,AWP,WE,Towers with Radar,75,7,32,1,115,0,3,63,0,66,75,10,95,1,181,165,0,165,346
01/01/2017,LGB,CA,AWP,WE,Towers with Radar,75,7,37,0,119,0,0,135,1,136,75,7,172,1,255,128,0,128,383
01/02/2017,LGB,CA,AWP,WE,Towers with Radar,82,8,67,0,157,0,1,134,0,135,82,9,201,0,292,402,0,402,694
01/03/2017,LGB,CA,AWP,WE,Towers with Radar,87,7,62,0,156,0,5,170,0,175,87,12,232,0,331,414,0,414,745
01/04/2017,LGB,CA,AWP,WE,Towers with Radar,96,4,58,0,158,0,8,176,0,184,96,12,234,0,342,380,0,380,722
01/05/2017,LGB,CA,AWP,WE,Towers with Radar,96,11,44,2,153,0,4,49,0,53,96,15,93,2,206,102,0,102,308
01/06/2017,LGB,CA,AWP,WE,Towers with Radar,99,3,76,0,178,0,17,314,0,331,99,20,390,0,509,563,0,563,1072
01/07/2017,LGB,CA,AWP,WE,Towers with Radar,93,4,53,0,150,0,1,182,0,183,93,5,235,0,333,348,0,348,681
01/08/2017,LGB,CA,AWP,WE,Towers with Radar,80,4,59,0,143,0,0,196,0,196,80,4,255,0,339,299,0,299,638
01/09/2017,LGB,CA,AWP,WE,Towers with Radar,94,4,31,1,130,0,4,52,1,57,94,8,83,2,187,96,0,96,283
01/10/2017,LGB,CA,AWP,WE,Towers with Radar,93,6,102,0,201,0,10,102,0,112,93,16,204,0,313,187,0,187,500
01/11/2017,LGB,CA,AWP,WE,Towers with Radar,97,4,84,0,185,0,5,128,0,133,97,9,212,0,318,467,0,467,785
01/12/2017,LGB,CA,AWP,WE,Towers with Radar,100,9,49,1,159,0,6,55,0,61,100,15,104,1,220,41,0,41,261
01/13/2017,LGB,CA,AWP,WE,Towers with Radar,97,2,94,2,195,0,5,169,2,176,97,7,263,4,371,503,0,503,874
01/14/2017,LGB,CA,AWP,WE,Towers with Radar,93,3,57,0,153,0,1,291,0,292,93,4,348,0,445,326,0,326,771
01/15/2017,LGB,CA,AWP,WE,Towers with Radar,96,8,68,1,173,0,0,142,2,144,96,8,210,3,317,307,0,307,624
01/16/2017,LGB,CA,AWP,WE,Towers with Radar,99,6,66,3,174,0,10,198,0,208,99,16,264,3,382,437,0,437,819
01/17/2017,LGB,CA,AWP,WE,Towers with Radar,92,8,79,0,179,0,7,211,0,218,92,15,290,0,397,384,0,384,781
01/18/2017,LGB,CA,AWP,WE,Towers with Radar,97,7,94,4,202,0,9,165,2,176,97,16,259,6,378,550,0,550,928
01/19/2017,LGB,CA,AWP,WE,Towers with Radar,99,2,62,2,165,0,5,151,2,158,99,7,213,4,323,313,0,313,636
01/20/2017,LGB,CA,AWP,WE,Towers with Radar,95,5,27,0,127,0,2,37,0,39,95,7,64,0,166,2,0,2,168
01/21/2017,LGB,CA,AWP,WE,Towers with Radar,90,4,44,0,138,0,3,233,0,236,90,7,277,0,374,465,0,465,839
01/22/2017,LGB,CA,AWP,WE,Towers with Radar,93,9,23,1,126,0,0,5,0,5,93,9,28,1,131,0,0,0,131
01/23/2017,LGB,CA,AWP,WE,Towers with Radar,98,3,26,3,130,0,5,93,4,102,98,8,119,7,232,120,0,120,352
01/24/2017,LGB,CA,AWP,WE,Towers with Radar,97,9,66,3,175,0,9,266,0,275,97,18,332,3,450,632,0,632,1082
01/25/2017,LGB,CA,AWP,WE,Towers with Radar,96,15,107,1,219,0,7,300,1,308,96,22,407,2,527,503,3,506,1033
01/26/2017,LGB,CA,AWP,WE,Towers with Radar,96,13,80,2,191,0,7,234,0,241,96,20,314,2,432,457,0,457,889
01/27/2017,LGB,CA,AWP,WE,Towers with Radar,96,9,67,4,176,0,4,240,0,244,96,13,307,4,420,582,0,582,1002
01/28/2017,LGB,CA,AWP,WE,Towers with Radar,93,6,81,0,180,0,1,264,0,265,93,7,345,0,445,531,0,531,976
01/29/2017,LGB,CA,AWP,WE,Towers with Radar,100,5,56,2,163,0,0,198,1,199,100,5,254,3,362,414,0,414,776
01/30/2017,LGB,CA,AWP,WE,Towers with Radar,101,5,65,1,172,0,5,253,1,259,101,10,318,2,431,577,0,577,1008
01/31/2017,LGB,CA,AWP,WE,Towers with Radar,100,7,92,2,201,0,4,295,0,299,100,11,387,2,500,642,0,642,1142
02/01/2017,LGB,CA,AWP,WE,Towers with Radar,100,10,79,1,190,0,5,212,0,217,100,15,291,1,407,560,0,560,967
02/02/2017,LGB,CA,AWP,WE,Towers with Radar,98,7,78,1,184,1,6,210,0,217,99,13,288,1,401,728,0,728,1129
02/03/2017,LGB,CA,AWP,WE,Towers with Radar,96,11,43,2,152,0,0,9,0,9,96,11,52,2,161,8,0,8,169
02/04/2017,LGB,CA,AWP,WE,Towers with Radar,98,7,83,2,190,0,2,172,0,174,98,9,255,2,364,396,0,396,760
02/05/2017,LGB,CA,AWP,WE,Towers with Radar,96,8,56,0,160,0,0,97,0,97,96,8,153,0,257,263,0,263,520
02/06/2017,LGB,CA,AWP,WE,Towers with Radar,97,27,43,0,167,0,0,3,0,3,97,27,46,0,170,0,0,0,170
02/07/2017,LGB,CA,AWP,WE,Towers with Radar,97,15,57,0,169,0,1,51,0,52,97,16,108,0,221,72,0,72,293
02/08/2017,LGB,CA,AWP,WE,Towers with Radar,97,14,69,2,182,0,5,116,1,122,97,19,185,3,304,448,0,448,752
02/09/2017,LGB,CA,AWP,WE,Towers with Radar,81,9,86,2,178,0,8,176,2,186,81,17,262,4,364,408,0,408,772
02/10/2017,LGB,CA,AWP,WE,Towers with Radar,100,7,52,2,161,0,0,53,1,54,100,7,105,3,215,183,0,183,398
02/11/2017,LGB,CA,AWP,WE,Towers with Radar,98,3,50,1,152,0,2,119,0,121,98,5,169,1,273,410,0,410,683
02/12/2017,LGB,CA,AWP,WE,Towers with Radar,98,4,66,3,171,0,0,293,2,295,98,4,359,5,466,458,0,458,924
02/13/2017,LGB,CA,AWP,WE,Towers with Radar,98,7,105,3,213,0,5,294,4,303,98,12,399,7,516,443,0,443,959
02/14/2017,LGB,CA,AWP,WE,Towers with Radar,95,8,80,3,186,0,7,247,2,256,95,15,327,5,442,594,0,594,1036
02/15/2017,LGB,CA,AWP,WE,Towers with Radar,91,8,80,1,180,0,5,124,1,130,91,13,204,2,310,273,0,273,583
02/16/2017,LGB,CA,AWP,WE,Towers with Radar,101,14,97,4,216,0,5,173,5,183,101,19,270,9,399,488,1,489,888
02/17/2017,LGB,CA,AWP,WE,Towers with Radar,92,18,31,2,143,0,0,11,0,11,92,18,42,2,154,34,0,34,188
02/18/2017,LGB,CA,AWP,WE,Towers with Radar,101,9,30,1,141,0,4,41,2,47,101,13,71,3,188,54,0,54,242
02/19/2017,LGB,CA,AWP,WE,Towers with Radar,93,7,66,0,166,0,0,163,0,163,93,7,229,0,329,394,0,394,723
02/20/2017,LGB,CA,AWP,WE,Towers with Radar,96,16,76,5,193,0,0,82,3,85,96,16,158,8,278,198,0,198,476
02/21/2017,LGB,CA,AWP,WE,Towers with Radar,96,6,79,3,184,0,7,164,3,174,96,13,243,6,358,666,0,666,1024
02/22/2017,LGB,CA,AWP,WE,Towers with Radar,96,4,103,1,204,0,9,313,1,323,96,13,416,2,527,535,0,535,1062
02/23/2017,LGB,CA,AWP,WE,Towers with Radar,94,6,77,3,180,0,11,285,2,298,94,17,362,5,478,350,0,350,828
02/24/2017,LGB,CA,AWP,WE,Towers with Radar,95,7,76,1,179,0,6,364,0,370,95,13,440,1,549,608,0,608,1157
02/25/2017,LGB,CA,AWP,WE,Towers with Radar,95,7,87,3,192,0,2,286,0,288,95,9,373,3,480,439,0,439,919
02/26/2017,LGB,CA,AWP,WE,Towers with Radar,95,2,45,4,146,0,0,91,0,91,95,2,136,4,237,164,0,164,401
02/27/2017,LGB,CA,AWP,WE,Towers with Radar,97,6,60,1,164,0,0,167,15,182,97,6,227,16,346,433,0,433,779
02/28/2017,LGB,CA,AWP,WE,Towers with Radar,97,5,65,4,171,0,11,308,0,319,97,16,373,4,490,438,0,438,928
03/01/2017,LGB,CA,AWP,WE,Towers with Radar,99,8,64,0,171,0,10,298,2,310,99,18,362,2,481,394,0,394,875
03/02/2017,LGB,CA,AWP,WE,Towers with Radar,100,14,72,1,187,0,11,314,4,329,100,25,386,5,516,521,0,521,1037
03/03/2017,LGB,CA,AWP,WE,Towers with Radar,100,10,62,0,172,0,15,325,0,340,100,25,387,0,512,595,0,595,1107
03/04/2017,LGB,CA,AWP,WE,Towers with Radar,102,6,62,1,171,0,3,269,0,272,102,9,331,1,443,298,0,298,741
03/05/2017,LGB,CA,AWP,WE,Towers with Radar,100,10,45,1,156,0,1,97,0,98,100,11,142,1,254,291,0,291,545
03/06/2017,LGB,CA,AWP,WE,Towers with Radar,101,8,56,1,166,0,12,321,2,335,101,20,377,3,501,596,0,596,1097
03/07/2017,LGB,CA,AWP,WE,Towers with Radar,104,5,81,0,190,0,21,290,1,312,104,26,371,1,502,574,0,574,1076
03/08/2017,LGB,CA,AWP,WE,Towers with Radar,100,15,76,3,194,0,21,332,1,354,100,36,408,4,548,613,0,613,1161
03/09/2017,LGB,CA,AWP,WE,Towers with Radar,96,11,77,1,185,0,14,271,0,285,96,25,348,1,470,630,0,630,1100
03/10/2017,LGB,CA,AWP,WE,Towers with Radar,100,7,77,4,188,0,8,205,3,216,100,15,282,7,404,565,0,565,969
03/11/2017,LGB,CA,AWP,WE,Towers with Radar,103,6,48,1,158,0,0,6,0,6,103,6,54,1,164,0,0,0,164
03/12/2017,LGB,CA,AWP,WE,Towers with Radar,102,5,61,0,168,0,0,140,0,140,102,5,201,0,308,222,0,222,530
03/13/2017,LGB,CA,AWP,WE,Towers with Radar,108,21,108,0,237,0,6,81,0,87,108,27,189,0,324,230,0,230,554
03/14/2017,LGB,CA,AWP,WE,Towers with Radar,92,2,61,1,156,0,18,298,1,317,92,20,359,2,473,592,0,592,1065
03/15/2017,LGB,CA,AWP,WE,Towers with Radar,112,9,80,3,204,0,11,210,2,223,112,20,290,5,427,563,0,563,990
03/16/2017,LGB,CA,AWP,WE,Towers with Radar,100,13,65,6,184,0,8,252,5,265,100,21,317,11,449,559,1,560,1009
03/17/2017,LGB,CA,AWP,WE,Towers with Radar,103,11,72,2,188,0,10,172,0,182,103,21,244,2,370,248,0,248,618
03/18/2017,LGB,CA,AWP,WE,Towers with Radar,101,5,49,0,155,0,1,192,0,193,101,6,241,0,348,347,0,347,695
03/19/2017,LGB,CA,AWP,WE,Towers with Radar,103,8,119,2,232,0,0,133,0,133,103,8,252,2,365,165,0,165,530
03/20/2017,LGB,CA,AWP,WE,Towers with Radar,99,10,75,0,184,0,15,215,0,230,99,25,290,0,414,536,0,536,950
03/21/2017,LGB,CA,AWP,WE,Towers with Radar,97,7,77,3,184,0,15,159,0,174,97,22,236,3,358,384,0,384,742
03/22/2017,LGB,CA,AWP,WE,Towers with Radar,94,5,50,6,155,0,9,177,0,186,94,14,227,6,341,333,0,333,674
03/23/2017,LGB,CA,AWP,WE,Towers with Radar,100,3,81,1,185,0,9,253,2,264,100,12,334,3,449,399,0,399,848
03/24/2017,LGB,CA,AWP,WE,Towers with Radar,98,12,64,0,174,0,9,185,1,195,98,21,249,1,369,234,0,234,603
03/25/2017,LGB,CA,AWP,WE,Towers with Radar,100,13,71,1,185,0,1,212,0,213,100,14,283,1,398,371,0,371,769
03/26/2017,LGB,CA,AWP,WE,Towers with Radar,102,8,57,0,167,0,3,194,0,197,102,11,251,0,364,289,0,289,653
03/27/2017,LGB,CA,AWP,WE,Towers with Radar,103,10,70,1,184,0,14,186,0,200,103,24,256,1,384,344,0,344,728
03/28/2017,LGB,CA,AWP,WE,Towers with Radar,102,4,81,1,188,0,26,297,1,324,102,30,378,2,512,565,0,565,1077
03/29/2017,LGB,CA,AWP,WE,Towers with Radar,100,8,66,3,177,0,23,240,0,263,100,31,306,3,440,464,0,464,904
03/30/2017,LGB,CA,AWP,WE,Towers with Radar,92,13,87,0,192,0,18,230,1,249,92,31,317,1,441,418,0,418,859
03/31/2017,LGB,CA,AWP,WE,Towers with Radar,99,13,59,1,172,0,10,190,2,202,99,23,249,3,374,474,0,474,848
04/01/2017,LGB,CA,AWP,WE,Towers with Radar,102,4,68,1,175,0,6,247,2,255,102,10,315,3,430,309,0,309,739
04/02/2017,LGB,CA,AWP,WE,Towers with Radar,100,9,53,2,164,0,1,349,2,352,100,10,402,4,516,371,0,371,887
04/03/2017,LGB,CA,AWP,WE,Towers with Radar,100,3,62,0,165,0,11,164,0,175,100,14,226,0,340,596,0,596,936
04/04/2017,LGB,CA,AWP,WE,Towers with Radar,98,9,77,0,184,0,15,247,1,263,98,24,324,1,447,544,0,544,991
04/05/2017,LGB,CA,AWP,WE,Towers with Radar,98,2,85,2,187,0,9,311,0,320,98,11,396,2,507,642,0,642,1149
04/06/2017,LGB,CA,AWP,WE,Towers with Radar,94,16,89,0,199,0,14,216,0,230,94,30,305,0,429,626,0,626,1055
04/07/2017,LGB,CA,AWP,WE,Towers with Radar,97,8,72,4,181,0,10,191,0,201,97,18,263,4,382,480,0,480,862
04/08/2017,LGB,CA,AWP,WE,Towers with Radar,103,7,51,1,162,0,2,171,0,173,103,9,222,1,335,298,0,298,633
04/09/2017,LGB,CA,AWP,WE,Towers with Radar,100,3,62,1,166,0,5,150,2,157,100,8,212,3,323,235,0,235,558
04/10/2017,LGB,CA,AWP,WE,Towers with Radar,103,1,76,2,182,0,14,237,0,251,103,15,313,2,433,630,0,630,1063
04/11/2017,LGB,CA,AWP,WE,Towers with Radar,100,5,76,2,183,0,23,290,0,313,100,28,366,2,496,712,0,712,1208
04/12/2017,LGB,CA,AWP,WE,Towers with Radar,100,10,67,2,179,0,15,231,0,246,100,25,298,2,425,568,4,572,997
04/13/2017,LGB,CA,AWP,WE,Towers with Radar,103,9,64,1,177,0,14,209,4,227,103,23,273,5,404,405,0,405,809
04/14/2017,LGB,CA,AWP,WE,Towers with Radar,100,5,69,3,177,0,8,198,4,210,100,13,267,7,387,336,0,336,723
04/15/2017,LGB,CA,AWP,WE,Towers with Radar,96,8,48,1,153,0,3,247,5,255,96,11,295,6,408,410,0,410,818
04/16/2017,LGB,CA,AWP,WE,Towers with Radar,98,10,39,1,148,0,0,192,0,192,98,10,231,1,340,254,0,254,594
04/17/2017,LGB,CA,AWP,WE,Towers with Radar,100,5,69,0,174,0,17,242,1,260,100,22,311,1,434,632,0,632,1066
04/18/2017,LGB,CA,AWP,WE,Towers with Radar,99,6,70,3,178,0,16,199,0,215,99,22,269,3,393,487,0,487,880
04/19/2017,LGB,CA,AWP,WE,Towers with Radar,101,6,106,4,217,0,10,284,1,295,101,16,390,5,512,506,0,506,1018
04/20/2017,LGB,CA,AWP,WE,Towers with Radar,102,2,99,2,205,0,14,267,1,282,102,16,366,3,487,501,0,501,988
04/21/2017,LGB,CA,AWP,WE,Towers with Radar,100,3,73,7,183,0,12,246,1,259,100,15,319,8,442,446,0,446,888
04/22/2017,LGB,CA,AWP,WE,Towers with Radar,100,7,56,10,173,0,1,206,1,208,100,8,262,11,381,355,0,355,736
04/23/2017,LGB,CA,AWP,WE,Towers with Radar,100,3,60,4,167,0,0,244,3,247,100,3,304,7,414,236,0,236,650
04/24/2017,LGB,CA,AWP,WE,Towers with Radar,99,7,81,4,191,0,16,209,3,228,99,23,290,7,419,383,0,383,802
04/25/2017,LGB,CA,AWP,WE,Towers with Radar,100,15,90,1,206,0,37,258,0,295,100,52,348,1,501,333,0,333,834
04/26/2017,LGB,CA,AWP,WE,Towers with Radar,100,3,77,1,181,0,9,266,0,275,100,12,343,1,456,569,0,569,1025
04/27/2017,LGB,CA,AWP,WE,Towers with Radar,100,7,85,4,196,0,20,203,0,223,100,27,288,4,419,319,0,319,738
04/28/2017,LGB,CA,AWP,WE,Towers with Radar,98,4,71,1,174,0,9,200,0,209,98,13,271,1,383,391,0,391,774
04/29/2017,LGB,CA,AWP,WE,Towers with Radar,100,11,43,0,154,0,4,176,0,180,100,15,219,0,334,316,0,316,650
04/30/2017,LGB,CA,AWP,WE,Towers with Radar,100,3,46,0,149,0,0,182,0,182,100,3,228,0,331,275,0,275,606
05/01/2017,LGB,CA,AWP,WE,Towers with Radar,101,4,59,1,165,1,21,222,0,244,102,25,281,1,409,508,0,508,917
05/02/2017,LGB,CA,AWP,WE,Towers with Radar,98,10,49,1,158,0,18,280,0,298,98,28,329,1,456,635,0,635,1091
05/03/2017,LGB,CA,AWP,WE,Towers with Radar,101,11,61,6,179,0,11,306,1,318,101,22,367,7,497,504,0,504,1001
05/04/2017,LGB,CA,AWP,WE,Towers with Radar,100,8,63,4,175,0,16,315,4,335,100,24,378,8,510,481,0,481,991
05/05/2017,LGB,CA,AWP,WE,Towers with Radar,99,12,90,0,201,0,11,154,2,167,99,23,244,2,368,439,0,439,807
05/06/2017,LGB,CA,AWP,WE,Towers with Radar,98,11,53,1,163,0,5,136,0,141,98,16,189,1,304,278,0,278,582
05/07/2017,LGB,CA,AWP,WE,Towers with Radar,101,7,52,0,160,0,0,102,0,102,101,7,154,0,262,157,0,157,419
05/08/2017,LGB,CA,AWP,WE,Towers with Radar,101,4,66,3,174,0,17,287,1,305,101,21,353,4,479,435,0,435,914
05/09/2017,LGB,CA,AWP,WE,Towers with Radar,101,3,57,0,161,0,7,230,0,237,101,10,287,0,398,724,0,724,1122
05/10/2017,LGB,CA,AWP,WE,Towers with Radar,99,4,98,2,203,0,12,294,0,306,99,16,392,2,509,339,0,339,848
05/11/2017,LGB,CA,AWP,WE,Towers with Radar,105,8,72,6,191,0,18,280,3,301,105,26,352,9,492,651,0,651,1143
05/12/2017,LGB,CA,AWP,WE,Towers with Radar,100,13,73,0,186,0,6,169,0,175,100,19,242,0,361,475,0,475,836
05/13/2017,LGB,CA,AWP,WE,Towers with Radar,99,7,56,1,163,0,3,205,1,209,99,10,261,2,372,312,0,312,684
05/14/2017,LGB,CA,AWP,WE,Towers with Radar,98,4,37,0,139,0,1,136,0,137,98,5,173,0,276,201,0,201,477
05/15/2017,LGB,CA,AWP,WE,Towers with Radar,102,11,57,0,170,0,18,209,3,230,102,29,266,3,400,770,0,770,1170
05/16/2017,LGB,CA,AWP,WE,Towers with Radar,99,4,75,2,180,0,17,240,0,257,99,21,315,2,437,648,0,648,1085
05/17/2017,LGB,CA,AWP,WE,Towers with Radar,100,5,94,0,199,0,10,257,1,268,100,15,351,1,467,729,0,729,1196
05/18/2017,LGB,CA,AWP,WE,Towers with Radar,102,4,68,2,176,0,15,369,0,384,102,19,437,2,560,623,0,623,1183
05/19/2017,LGB,CA,AWP,WE,Towers with Radar,99,6,60,7,172,0,6,313,2,321,99,12,373,9,493,584,0,584,1077
05/20/2017,LGB,CA,AWP,WE,Towers with Radar,97,2,47,5,151,0,1,303,2,306,97,3,350,7,457,338,0,338,795
05/21/2017,LGB,CA,AWP,WE,Towers with Radar,101,4,60,2,167,0,0,197,0,197,101,4,257,2,364,229,0,229,593
05/22/2017,LGB,CA,AWP,WE,Towers with Radar,103,18,74,3,198,0,10,206,0,216,103,28,280,3,414,479,0,479,893
05/23/2017,LGB,CA,AWP,WE,Towers with Radar,96,8,87,0,191,0,27,288,0,315,96,35,375,0,506,633,0,633,1139
05/24/2017,LGB,CA,AWP,WE,Towers with Radar,93,11,89,1,194,0,15,142,0,157,93,26,231,1,351,412,0,412,763
05/25/2017,LGB,CA,AWP,WE,Towers with Radar,101,8,105,6,220,0,7,202,2,211,101,15,307,8,431,475,0,475,906
05/26/2017,LGB,CA,AWP,WE,Towers with Radar,97,8,86,4,195,0,11,273,0,284,97,19,359,4,479,500,0,500,979
05/27/2017,LGB,CA,AWP,WE,Towers with Radar,98,6,45,0,149,0,6,203,0,209,98,12,248,0,358,346,0,346,704
05/28/2017,LGB,CA,AWP,WE,Towers with Radar,99,7,37,0,143,0,0,149,0,149,99,7,186,0,292,209,0,209,501
05/29/2017,LGB,CA,AWP,WE,Towers with Radar,97,11,64,1,173,0,0,237,0,237,97,11,301,1,410,294,0,294,704
05/30/2017,LGB,CA,AWP,WE,Towers with Radar,98,19,80,2,199,0,13,200,0,213,98,32,280,2,412,565,0,565,977
05/31/2017,LGB,CA,AWP,WE,Towers with Radar,100,15,95,2,212,0,4,178,0,182,100,19,273,2,394,563,0,563,957
06/01/2017,LGB,CA,AWP,WE,Towers with Radar,97,15,81,0,193,0,17,226,0,243,97,32,307,0,436,621,0,621,1057
06/02/2017,LGB,CA,AWP,WE,Towers with Radar,100,14,77,0,191,0,21,240,2,263,100,35,317,2,454,497,0,497,951
06/03/2017,LGB,CA,AWP,WE,Towers with Radar,96,2,76,3,177,0,3,122,0,125,96,5,198,3,302,193,0,193,495
06/04/2017,LGB,CA,AWP,WE,Towers with Radar,98,10,53,2,163,0,0,134,6,140,98,10,187,8,303,213,0,213,516
06/05/2017,LGB,CA,AWP,WE,Towers with Radar,97,22,92,1,212,0,6,79,0,85,97,28,171,1,297,175,0,175,472
06/06/2017,LGB,CA,AWP,WE,Towers with Radar,98,6,85,0,189,0,0,150,1,151,98,6,235,1,340,466,0,466,806
06/07/2017,LGB,CA,AWP,WE,Towers with Radar,102,8,103,1,214,0,4,151,0,155,102,12,254,1,369,470,0,470,839
06/08/2017,LGB,CA,AWP,WE,Towers with Radar,95,5,84,0,184,0,18,175,0,193,95,23,259,0,377,585,0,585,962
06/09/2017,LGB,CA,AWP,WE,Towers with Radar,98,2,58,0,158,0,28,226,1,255,98,30,284,1,413,385,0,385,798
06/10/2017,LGB,CA,AWP,WE,Towers with Radar,96,4,46,2,148,0,8,166,2,176,96,12,212,4,324,310,0,310,634
06/11/2017,LGB,CA,AWP,WE,Towers with Radar,98,6,58,3,165,1,3,140,0,144,99,9,198,3,309,369,0,369,678
06/12/2017,LGB,CA,AWP,WE,Towers with Radar,96,10,72,1,179,0,28,271,0,299,96,38,343,1,478,371,0,371,849
06/13/2017,LGB,CA,AWP,WE,Towers with Radar,100,14,110,8,232,0,29,316,6,351,100,43,426,14,583,811,0,811,1394
06/14/2017,LGB,CA,AWP,WE,Towers with Radar,99,2,76,6,183,0,20,254,2,276,99,22,330,8,459,521,0,521,980
06/15/2017,LGB,CA,AWP,WE,Towers with Radar,96,3,74,3,176,0,24,267,2,293,96,27,341,5,469,327,0,327,796
06/16/2017,LGB,CA,AWP,WE,Towers with Radar,98,10,76,0,184,0,12,249,0,261,98,22,325,0,445,414,0,414,859
06/17/2017,LGB,CA,AWP,WE,Towers with Radar,96,14,71,0,181,0,5,240,0,245,96,19,311,0,426,374,0,374,800
06/18/2017,LGB,CA,AWP,WE,Towers with Radar,99,9,41,2,151,0,1,144,0,145,99,10,185,2,296,218,0,218,514
06/19/2017,LGB,CA,AWP,WE,Towers with Radar,85,7,53,1,146,0,15,196,1,212,85,22,249,2,358,454,0,454,812
06/20/2017,LGB,CA,AWP,WE,Towers with Radar,84,14,94,1,193,0,19,250,1,270,84,33,344,2,463,438,0,438,901
06/21/2017,LGB,CA,AWP,WE,Towers with Radar,100,6,73,3,182,0,59,279,2,340,100,65,352,5,522,644,0,644,1166
06/22/2017,LGB,CA,AWP,WE,Towers with Radar,96,31,124,0,251,0,3,181,0,184,96,34,305,0,435,229,0,229,664
06/23/2017,LGB,CA,AWP,WE,Towers with Radar,97,10,95,2,204,0,10,140,0,150,97,20,235,2,354,465,0,465,819
06/24/2017,LGB,CA,AWP,WE,Towers with Radar,99,7,63,0,169,0,10,202,0,212,99,17,265,0,381,321,0,321,702
06/25/2017,LGB,CA,AWP,WE,Towers with Radar,96,5,49,0,150,0,0,158,0,158,96,5,207,0,308,239,0,239,547
06/26/2017,LGB,CA,AWP,WE,Towers with Radar,97,5,63,1,166,0,21,164,1,186,97,26,227,2,352,377,0,377,729
06/27/2017,LGB,CA,AWP,WE,Towers with Radar,101,7,99,0,207,0,26,293,0,319,101,33,392,0,526,547,0,547,1073
06/28/2017,LGB,CA,AWP,WE,Towers with Radar,97,10,73,2,182,0,8,112,0,120,97,18,185,2,302,258,0,258,560
06/29/2017,LGB,CA,AWP,WE,Towers with Radar,99,5,93,3,200,0,13,293,0,306,99,18,386,3,506,595,0,595,1101
06/30/2017,LGB,CA,AWP,WE,Towers with Radar,100,17,93,0,210,0,13,243,1,257,100,30,336,1,467,426,0,426,893
07/01/2017,LGB,CA,AWP,WE,Towers with Radar,94,12,69,0,175,0,1,178,0,179,94,13,247,0,354,326,0,326,680
07/02/2017,LGB,CA,AWP,WE,Towers with Radar,92,9,43,0,144,0,1,151,0,152,92,10,194,0,296,327,0,327,623
07/03/2017,LGB,CA,AWP,WE,Towers with Radar,91,2,57,1,151,0,32,236,0,268,91,34,293,1,419,529,0,529,948
07/04/2017,LGB,CA,AWP,WE,Towers with Radar,89,0,42,1,132,0,0,207,1,208,89,0,249,2,340,355,0,355,695
07/05/2017,LGB,CA,AWP,WE,Towers with Radar,98,10,86,2,196,0,30,286,0,316,98,40,372,2,512,598,0,598,1110
07/06/2017,LGB,CA,AWP,WE,Towers with Radar,97,4,60,1,162,0,20,356,0,376,97,24,416,1,538,437,0,437,975
07/07/2017,LGB,CA,AWP,WE,Towers with Radar,95,4,65,0,164,0,14,264,0,278,95,18,329,0,442,481,0,481,923
07/08/2017,LGB,CA,AWP,WE,Towers with Radar,95,4,63,1,163,0,6,265,0,271,95,10,328,1,434,314,0,314,748
07/09/2017,LGB,CA,AWP,WE,Towers with Radar,96,5,59,1,161,0,5,198,2,205,96,10,257,3,366,374,0,374,740
07/10/2017,LGB,CA,AWP,WE,Towers with Radar,99,7,50,0,156,0,30,278,4,312,99,37,328,4,468,608,0,608,1076
07/11/2017,LGB,CA,AWP,WE,Towers with Radar,98,9,71,1,179,0,11,239,0,250,98,20,310,1,429,537,0,537,966
07/12/2017,LGB,CA,AWP,WE,Towers with Radar,98,16,77,0,191,0,16,272,0,288,98,32,349,0,479,424,0,424,903
07/13/2017,LGB,CA,AWP,WE,Towers with Radar,97,8,70,3,178,0,19,271,0,290,97,27,341,3,468,541,0,541,1009
07/14/2017,LGB,CA,AWP,WE,Towers with Radar,93,20,66,4,183,0,3,255,0,258,93,23,321,4,441,501,0,501,942
07/15/2017,LGB,CA,AWP,WE,Towers with Radar,96,6,59,0,161,0,6,260,0,266,96,12,319,0,427,262,0,262,689
07/16/2017,LGB,CA,AWP,WE,Towers with Radar,96,4,55,3,158,0,1,196,0,197,96,5,251,3,355,385,0,385,740
07/17/2017,LGB,CA,AWP,WE,Towers with Radar,96,12,67,2,177,0,13,266,2,281,96,25,333,4,458,433,0,433,891
07/18/2017,LGB,CA,AWP,WE,Towers with Radar,99,8,57,1,165,0,24,327,1,352,99,32,384,2,517,604,0,604,1121
07/19/2017,LGB,CA,AWP,WE,Towers with Radar,100,3,71,1,175,0,17,274,0,291,100,20,345,1,466,697,0,697,1163
07/20/2017,LGB,CA,AWP,WE,Towers with Radar,100,3,71,2,176,0,22,225,0,247,100,25,296,2,423,516,0,516,939
07/21/2017,LGB,CA,AWP,WE,Towers with Radar,99,9,69,1,178,0,12,221,0,233,99,21,290,1,411,565,0,565,976
07/22/2017,LGB,CA,AWP,WE,Towers with Radar,98,4,45,1,148,0,6,225,2,233,98,10,270,3,381,458,0,458,839
07/23/2017,LGB,CA,AWP,WE,Towers with Radar,97,8,40,1,146,0,1,220,0,221,97,9,260,1,367,287,0,287,654
07/24/2017,LGB,CA,AWP,WE,Towers with Radar,96,5,57,3,161,0,30,252,0,282,96,35,309,3,443,614,0,614,1057
07/25/2017,LGB,CA,AWP,WE,Towers with Radar,100,10,56,10,176,0,18,178,7,203,100,28,234,17,379,616,0,616,995
07/26/2017,LGB,CA,AWP,WE,Towers with Radar,98,10,59,0,167,0,13,244,0,257,98,23,303,0,424,633,0,633,1057
07/27/2017,LGB,CA,AWP,WE,Towers with Radar,98,8,65,1,172,0,10,334,0,344,98,18,399,1,516,594,0,594,1110
07/28/2017,LGB,CA,AWP,WE,Towers with Radar,99,14,54,3,170,0,6,228,0,234,99,20,282,3,404,487,0,487,891
07/29/2017,LGB,CA,AWP,WE,Towers with Radar,101,8,52,4,165,0,3,236,0,239,101,11,288,4,404,377,0,377,781
07/30/2017,LGB,CA,AWP,WE,Towers with Radar,96,14,62,0,172,0,0,177,0,177,96,14,239,0,349,336,0,336,685
07/31/2017,LGB,CA,AWP,WE,Towers with Radar,97,15,79,0,191,0,22,206,0,228,97,37,285,0,419,457,0,457,876
08/01/2017,LGB,CA,AWP,WE,Towers with Radar,100,5,59,3,167,0,16,233,2,251,100,21,292,5,418,654,0,654,1072
08/02/2017,LGB,CA,AWP,WE,Towers with Radar,95,6,57,0,158,0,20,231,1,252,95,26,288,1,410,530,0,530,940
08/03/2017,LGB,CA,AWP,WE,Towers with Radar,98,8,57,1,164,0,21,231,0,252,98,29,288,1,416,497,0,497,913
08/04/2017,LGB,CA,AWP,WE,Towers with Radar,98,11,52,4,165,0,26,218,0,244,98,37,270,4,409,543,0,543,952
08/05/2017,LGB,CA,AWP,WE,Towers with Radar,99,3,61,0,163,0,20,234,0,254,99,23,295,0,417,437,0,437,854
08/06/2017,LGB,CA,AWP,WE,Towers with Radar,103,9,41,2,155,0,0,169,6,175,103,9,210,8,330,273,0,273,603
08/07/2017,LGB,CA,AWP,WE,Towers with Radar,100,12,54,1,167,0,16,205,2,223,100,28,259,3,390,400,1,401,791
08/08/2017,LGB,CA,AWP,WE,Towers with Radar,99,5,86,0,190,0,25,266,0,291,99,30,352,0,481,679,0,679,1160
08/09/2017,LGB,CA,AWP,WE,Towers with Radar,106,6,84,1,197,0,10,206,3,219,106,16,290,4,416,457,0,457,873
08/10/2017,LGB,CA,AWP,WE,Towers with Radar,100,10,90,0,200,0,28,285,0,313,100,38,375,0,513,574,0,574,1087
08/11/2017,LGB,CA,AWP,WE,Towers with Radar,100,13,70,1,184,0,13,249,1,263,100,26,319,2,447,649,0,649,1096
08/12/2017,LGB,CA,AWP,WE,Towers with Radar,100,16,58,2,176,0,8,183,0,191,100,24,241,2,367,276,0,276,643
08/13/2017,LGB,CA,AWP,WE,Towers with Radar,102,11,64,3,180,0,0,237,0,237,102,11,301,3,417,339,0,339,756
08/14/2017,LGB,CA,AWP,WE,Towers with Radar,100,14,79,3,196,0,14,239,1,254,100,28,318,4,450,460,0,460,910
08/15/2017,LGB,CA,AWP,WE,Towers with Radar,102,18,76,5,201,0,17,239,2,258,102,35,315,7,459,491,0,491,950
08/16/2017,LGB,CA,AWP,WE,Towers with Radar,102,9,74,1,186,0,16,180,0,196,102,25,254,1,382,350,0,350,732
08/17/2017,LGB,CA,AWP,WE,Towers with Radar,100,8,87,0,195,0,12,232,0,244,100,20,319,0,439,442,0,442,881
08/18/2017,LGB,CA,AWP,WE,Towers with Radar,100,15,83,2,200,0,10,232,2,244,100,25,315,4,444,463,0,463,907
08/19/2017,LGB,CA,AWP,WE,Towers with Radar,104,11,73,0,188,0,2,214,0,216,104,13,287,0,404,400,0,400,804
08/20/2017,LGB,CA,AWP,WE,Towers with Radar,101,17,72,0,190,0,1,158,0,159,101,18,230,0,349,274,0,274,623
08/21/2017,LGB,CA,AWP,WE,Towers with Radar,100,6,62,2,170,0,14,251,1,266,100,20,313,3,436,413,0,413,849
08/22/2017,LGB,CA,AWP,WE,Towers with Radar,99,10,76,2,187,0,17,257,0,274,99,27,333,2,461,417,0,417,878
08/23/2017,LGB,CA,AWP,WE,Towers with Radar,100,22,82,0,204,0,25,305,0,330,100,47,387,0,534,414,0,414,948
08/24/2017,LGB,CA,AWP,WE,Towers with Radar,100,10,67,2,179,0,16,207,1,224,100,26,274,3,403,436,0,436,839
08/25/2017,LGB,CA,AWP,WE,Towers with Radar,100,18,66,1,185,0,15,154,0,169,100,33,220,1,354,278,0,278,632
08/26/2017,LGB,CA,AWP,WE,Towers with Radar,100,11,67,2,180,0,1,189,1,191,100,12,256,3,371,375,0,375,746
08/27/2017,LGB,CA,AWP,WE,Towers with Radar,100,11,43,0,154,0,0,162,0,162,100,11,205,0,316,206,0,206,522
08/28/2017,LGB,CA,AWP,WE,Towers with Radar,99,11,62,0,172,0,18,289,0,307,99,29,351,0,479,403,0,403,882
08/29/2017,LGB,CA,AWP,WE,Towers with Radar,93,4,69,0,166,0,26,241,0,267,93,30,310,0,433,631,0,631,1064
08/30/2017,LGB,CA,AWP,WE,Towers with Radar,96,7,61,1,165,0,25,271,0,296,96,32,332,1,461,583,0,583,1044
08/31/2017,LGB,CA,AWP,WE,Towers with Radar,99,3,68,2,172,0,23,240,1,264,99,26,308,3,436,538,0,538,974
09/01/2017,LGB,CA,AWP,WE,Towers with Radar,100,6,71,3,180,0,25,232,1,258,100,31,303,4,438,360,0,360,798
09/02/2017,LGB,CA,AWP,WE,Towers with Radar,95,2,34,0,131,0,2,191,0,193,95,4,225,0,324,266,0,266,590
09/03/2017,LGB,CA,AWP,WE,Towers with Radar,96,9,31,0,136,0,0,164,0,164,96,9,195,0,300,186,0,186,486
09/04/2017,LGB,CA,AWP,WE,Towers with Radar,99,8,82,0,189,0,0,102,6,108,99,8,184,6,297,292,0,292,589
09/05/2017,LGB,CA,AWP,WE,Towers with Radar,96,8,68,3,175,0,30,264,2,296,96,38,332,5,471,514,0,514,985
09/06/2017,LGB,CA,AWP,WE,Towers with Radar,98,8,88,0,194,0,26,248,0,274,98,34,336,0,468,517,0,517,985
09/07/2017,LGB,CA,AWP,WE,Towers with Radar,99,13,93,3,208,0,8,329,0,337,99,21,422,3,545,606,0,606,1151
09/08/2017,LGB,CA,AWP,WE,Towers with Radar,96,4,79,1,180,0,2,220,1,223,96,6,299,2,403,443,0,443,846
09/09/2017,LGB,CA,AWP,WE,Towers with Radar,89,3,72,1,165,0,4,222,0,226,89,7,294,1,391,357,0,357,748
09/10/2017,LGB,CA,AWP,WE,Towers with Radar,100,9,52,0,161,0,0,165,0,165,100,9,217,0,326,283,0,283,609
09/11/2017,LGB,CA,AWP,WE,Towers with Radar,97,7,55,0,159,0,17,237,1,255,97,24,292,1,414,562,0,562,976
09/12/2017,LGB,CA,AWP,WE,Towers with Radar,96,10,67,0,173,0,21,194,1,216,96,31,261,1,389,437,0,437,826
09/13/2017,LGB,CA,AWP,WE,Towers with Radar,102,7,95,0,204,0,15,218,1,234,102,22,313,1,438,622,0,622,1060
09/14/2017,LGB,CA,AWP,WE,Towers with Radar,101,5,83,2,191,0,22,249,2,273,101,27,332,4,464,583,0,583,1047
09/15/2017,LGB,CA,AWP,WE,Towers with Radar,100,5,96,0,201,0,12,178,0,190,100,17,274,0,391,508,0,508,899
09/16/2017,LGB,CA,AWP,WE,Towers with Radar,100,2,60,2,164,0,4,261,0,265,100,6,321,2,429,400,0,400,829
09/17/2017,LGB,CA,AWP,WE,Towers with Radar,104,12,81,2,199,0,1,113,0,114,104,13,194,2,313,376,0,376,689
09/18/2017,LGB,CA,AWP,WE,Towers with Radar,102,5,91,0,198,0,24,190,3,217,102,29,281,3,415,466,0,466,881
09/19/2017,LGB,CA,AWP,WE,Towers with Radar,100,21,88,0,209,0,23,267,0,290,100,44,355,0,499,604,0,604,1103
09/20/2017,LGB,CA,AWP,WE,Towers with Radar,102,3,86,0,191,0,15,209,0,224,102,18,295,0,415,453,0,453,868
09/21/2017,LGB,CA,AWP,WE,Towers with Radar,104,6,91,0,201,0,21,177,0,198,104,27,268,0,399,518,0,518,917
09/22/2017,LGB,CA,AWP,WE,Towers with Radar,99,10,72,6,187,0,17,224,2,243,99,27,296,8,430,409,0,409,839
09/23/2017,LGB,CA,AWP,WE,Towers with Radar,100,9,66,2,177,0,5,219,0,224,100,14,285,2,401,519,0,519,920
09/24/2017,LGB,CA,AWP,WE,Towers with Radar,106,9,79,0,194,0,0,200,2,202,106,9,279,2,396,320,0,320,716
09/25/2017,LGB,CA,AWP,WE,Towers with Radar,100,3,59,3,165,0,18,287,3,308,100,21,346,6,473,502,0,502,975
09/26/2017,LGB,CA,AWP,WE,Towers with Radar,98,11,63,0,172,0,25,240,0,265,98,36,303,0,437,514,0,514,951
09/27/2017,LGB,CA,AWP,WE,Towers with Radar,102,13,84,2,201,0,10,248,0,258,102,23,332,2,459,638,0,638,1097
09/28/2017,LGB,CA,AWP,WE,Towers with Radar,102,8,49,0,159,0,22,252,0,274,102,30,301,0,433,579,0,579,1012
09/29/2017,LGB,CA,AWP,WE,Towers with Radar,100,7,62,1,170,0,17,239,5,261,100,24,301,6,431,573,0,573,1004
09/30/2017,LGB,CA,AWP,WE,Towers with Radar,98,14,52,0,164,0,6,180,0,186,98,20,232,0,350,297,0,297,647
10/01/2017,LGB,CA,AWP,WE,Towers with Radar,100,11,60,0,171,0,0,203,2,205,100,11,263,2,376,379,0,379,755
10/02/2017,LGB,CA,AWP,WE,Towers with Radar,101,9,61,1,172,0,22,170,2,194,101,31,231,3,366,475,0,475,841
10/03/2017,LGB,CA,AWP,WE,Towers with Radar,98,11,79,4,192,0,14,212,2,228,98,25,291,6,420,358,0,358,778
10/04/2017,LGB,CA,AWP,WE,Towers with Radar,100,4,86,1,191,0,11,245,4,260,100,15,331,5,451,678,0,678,1129
10/05/2017,LGB,CA,AWP,WE,Towers with Radar,101,2,81,1,185,0,15,238,0,253,101,17,319,1,438,613,0,613,1051
10/06/2017,LGB,CA,AWP,WE,Towers with Radar,102,9,79,2,192,0,15,218,1,234,102,24,297,3,426,432,0,432,858
10/07/2017,LGB,CA,AWP,WE,Towers with Radar,100,6,109,0,215,0,2,175,0,177,100,8,284,0,392,312,0,312,704
10/08/2017,LGB,CA,AWP,WE,Towers with Radar,100,5,75,0,180,0,1,189,0,190,100,6,264,0,370,213,0,213,583
10/09/2017,LGB,CA,AWP,WE,Towers with Radar,100,4,41,0,145,0,13,192,0,205,100,17,233,0,350,356,0,356,706
10/10/2017,LGB,CA,AWP,WE,Towers with Radar,100,13,78,1,192,0,21,326,2,349,100,34,404,3,541,441,0,441,982
10/11/2017,LGB,CA,AWP,WE,Towers with Radar,96,3,84,0,183,0,15,286,0,301,96,18,370,0,484,495,0,495,979
10/12/2017,LGB,CA,AWP,WE,Towers with Radar,99,0,93,0,192,0,15,250,0,265,99,15,343,0,457,533,0,533,990
10/13/2017,LGB,CA,AWP,WE,Towers with Radar,100,14,61,1,176,0,11,251,0,262,100,25,312,1,438,502,0,502,940
10/14/2017,LGB,CA,AWP,WE,Towers with Radar,102,7,56,0,165,1,5,273,0,279,103,12,329,0,444,592,0,592,1036
10/15/2017,LGB,CA,AWP,WE,Towers with Radar,100,7,50,1,158,0,0,199,0,199,100,7,249,1,357,326,0,326,683
10/16/2017,LGB,CA,AWP,WE,Towers with Radar,100,6,66,1,173,0,22,226,1,249,100,28,292,2,422,442,0,442,864
10/17/2017,LGB,CA,AWP,WE,Towers with Radar,101,3,60,0,164,0,13,240,0,253,101,16,300,0,417,363,0,363,780
10/18/2017,LGB,CA,AWP,WE,Towers with Radar,100,8,69,3,180,0,9,339,2,350,100,17,408,5,530,466,0,466,996
10/19/2017,LGB,CA,AWP,WE,Towers with Radar,99,7,113,3,222,0,13,196,0,209,99,20,309,3,431,541,0,541,972
10/20/2017,LGB,CA,AWP,WE,Towers with Radar,102,7,78,2,189,0,10,241,3,254,102,17,319,5,443,509,0,509,952
10/21/2017,LGB,CA,AWP,WE,Towers with Radar,104,8,45,0,157,0,10,239,0,249,104,18,284,0,406,385,0,385,791
10/22/2017,LGB,CA,AWP,WE,Towers with Radar,100,7,77,1,185,0,0,234,3,237,100,7,311,4,422,489,0,489,911
10/23/2017,LGB,CA,AWP,WE,Towers with Radar,103,9,52,0,164,0,21,245,0,266,103,30,297,0,430,470,0,470,900
10/24/2017,LGB,CA,AWP,WE,Towers with Radar,98,3,45,6,152,0,18,219,0,237,98,21,264,6,389,310,0,310,699
10/25/2017,LGB,CA,AWP,WE,Towers with Radar,100,18,71,1,190,0,15,238,1,254,100,33,309,2,444,536,0,536,980
10/26/2017,LGB,CA,AWP,WE,Towers with Radar,100,8,63,1,172,0,14,285,0,299,100,22,348,1,471,647,0,647,1118
10/27/2017,LGB,CA,AWP,WE,Towers with Radar,102,4,66,1,173,0,12,258,1,271,102,16,324,2,444,522,0,522,966
10/28/2017,LGB,CA,AWP,WE,Towers with Radar,100,7,38,1,146,0,1,143,3,147,100,8,181,4,293,293,0,293,586
10/29/2017,LGB,CA,AWP,WE,Towers with Radar,103,7,75,0,185,0,0,128,0,128,103,7,203,0,313,225,0,225,538
10/30/2017,LGB,CA,AWP,WE,Towers with Radar,100,12,99,0,211,0,14,260,0,274,100,26,359,0,485,536,0,536,1021
10/31/2017,LGB,CA,AWP,WE,Towers with Radar,98,5,97,1,201,0,20,252,0,272,98,25,349,1,473,358,0,358,831
11/01/2017,LGB,CA,AWP,WE,Towers with Radar,97,9,67,2,175,0,15,168,0,183,97,24,235,2,358,535,0,535,893
11/02/2017,LGB,CA,AWP,WE,Towers with Radar,101,2,104,0,207,0,13,231,0,244,101,15,335,0,451,669,0,669,1120
11/03/2017,LGB,CA,AWP,WE,Towers with Radar,98,7,69,2,176,0,19,272,1,292,98,26,341,3,468,515,0,515,983
11/04/2017,LGB,CA,AWP,WE,Towers with Radar,99,7,53,2,161,0,2,381,1,384,99,9,434,3,545,382,0,382,927
11/05/2017,LGB,CA,AWP,WE,Towers with Radar,101,9,75,0,185,0,0,163,0,163,101,9,238,0,348,296,0,296,644
11/06/2017,LGB,CA,AWP,WE,Towers with Radar,101,8,61,0,170,0,14,235,0,249,101,22,296,0,419,521,0,521,940
11/07/2017,LGB,CA,AWP,WE,Towers with Radar,100,3,65,0,168,0,15,283,0,298,100,18,348,0,466,548,0,548,1014
11/08/2017,LGB,CA,AWP,WE,Towers with Radar,98,5,80,2,185,0,10,272,2,284,98,15,352,4,469,472,0,472,941
11/09/2017,LGB,CA,AWP,WE,Towers with Radar,103,6,85,1,195,0,6,232,1,239,103,12,317,2,434,720,0,720,1154
11/10/2017,LGB,CA,AWP,WE,Towers with Radar,102,2,89,1,194,0,14,231,0,245,102,16,320,1,439,564,0,564,1003
11/11/2017,LGB,CA,AWP,WE,Towers with Radar,100,5,55,0,160,0,7,335,1,343,100,12,390,1,503,377,0,377,880
11/12/2017,LGB,CA,AWP,WE,Towers with Radar,100,5,48,2,155,0,3,168,0,171,100,8,216,2,326,320,0,320,646
11/13/2017,LGB,CA,AWP,WE,Towers with Radar,102,16,84,0,202,0,12,272,1,285,102,28,356,1,487,623,0,623,1110
11/14/2017,LGB,CA,AWP,WE,Towers with Radar,103,9,82,0,194,0,16,319,1,336,103,25,401,1,530,545,0,545,1075
11/15/2017,LGB,CA,AWP,WE,Towers with Radar,102,10,70,3,185,0,17,314,0,331,102,27,384,3,516,432,0,432,948
11/16/2017,LGB,CA,AWP,WE,Towers with Radar,103,8,54,1,166,0,9,239,1,249,103,17,293,2,415,465,0,465,880
11/17/2017,LGB,CA,AWP,WE,Towers with Radar,105,6,80,4,195,0,13,197,2,212,105,19,277,6,407,466,0,466,873
11/18/2017,LGB,CA,AWP,WE,Towers with Radar,104,3,65,4,176,0,1,283,0,284,104,4,348,4,460,289,0,289,749
11/19/2017,LGB,CA,AWP,WE,Towers with Radar,101,5,76,3,185,0,0,200,0,200,101,5,276,3,385,376,0,376,761
11/20/2017,LGB,CA,AWP,WE,Towers with Radar,101,7,69,5,182,0,8,247,1,256,101,15,316,6,438,363,0,363,801
11/21/2017,LGB,CA,AWP,WE,Towers with Radar,104,16,72,5,197,0,22,277,4,303,104,38,349,9,500,352,0,352,852
11/22/2017,LGB,CA,AWP,WE,Towers with Radar,104,22,56,2,184,0,12,265,2,279,104,34,321,4,463,394,0,394,857
11/23/2017,LGB,CA,AWP,WE,Towers with Radar,65,5,12,0,82,0,0,88,0,88,65,5,100,0,170,44,0,44,214
11/24/2017,LGB,CA,AWP,WE,Towers with Radar,88,4,35,0,127,0,5,180,1,186,88,9,215,1,313,288,0,288,601
11/25/2017,LGB,CA,AWP,WE,Towers with Radar,101,14,47,0,162,0,6,228,0,234,101,20,275,0,396,270,0,270,666
11/26/2017,LGB,CA,AWP,WE,Towers with Radar,100,5,68,0,173,0,0,112,0,112,100,5,180,0,285,135,0,135,420
11/27/2017,LGB,CA,AWP,WE,Towers with Radar,102,5,61,2,170,0,12,172,0,184,102,17,233,2,354,319,0,319,673
11/28/2017,LGB,CA,AWP,WE,Towers with Radar,98,7,56,1,162,0,13,308,0,321,98,20,364,1,483,594,0,594,1077
11/29/2017,LGB,CA,AWP,WE,Towers with Radar,102,14,60,0,176,0,21,231,0,252,102,35,291,0,428,463,0,463,891
11/30/2017,LGB,CA,AWP,WE,Towers with Radar,100,6,71,1,178,0,10,197,1,208,100,16,268,2,386,518,0,518,904
12/01/2017,LGB,CA,AWP,WE,Towers with Radar,98,18,62,0,178,0,15,273,0,288,98,33,335,0,466,547,0,547,1013
12/02/2017,LGB,CA,AWP,WE,Towers with Radar,100,2,47,0,149,0,3,251,0,254,100,5,298,0,403,326,0,326,729
12/03/2017,LGB,CA,AWP,WE,Towers with Radar,99,10,37,0,146,0,0,181,0,181,99,10,218,0,327,284,0,284,611
12/04/2017,LGB,CA,AWP,WE,Towers with Radar,100,9,44,0,153,0,17,172,0,189,100,26,216,0,342,364,0,364,706
12/05/2017,LGB,CA,AWP,WE,Towers with Radar,103,13,49,0,165,0,12,120,1,133,103,25,169,1,298,221,0,221,519
12/06/2017,LGB,CA,AWP,WE,Towers with Radar,100,14,66,1,181,0,12,241,1,254,100,26,307,2,435,688,0,688,1123
12/07/2017,LGB,CA,AWP,WE,Towers with Radar,101,9,62,0,172,0,15,145,0,160,101,24,207,0,332,349,0,349,681
12/08/2017,LGB,CA,AWP,WE,Towers with Radar,100,3,62,2,167,0,11,298,0,309,100,14,360,2,476,605,0,605,1081
12/09/2017,LGB,CA,AWP,WE,Towers with Radar,103,6,69,6,184,0,3,250,3,256,103,9,319,9,440,352,0,352,792
12/10/2017,LGB,CA,AWP,WE,Towers with Radar,101,4,55,10,170,0,3,230,1,234,101,7,285,11,404,347,0,347,751
12/11/2017,LGB,CA,AWP,WE,Towers with Radar,101,9,76,0,186,0,12,212,0,224,101,21,288,0,410,482,0,482,892
12/12/2017,LGB,CA,AWP,WE,Towers with Radar,102,7,76,0,185,0,24,248,2,274,102,31,324,2,459,600,0,600,1059
12/13/2017,LGB,CA,AWP,WE,Towers with Radar,99,6,89,2,196,0,10,262,1,273,99,16,351,3,469,712,0,712,1181
12/14/2017,LGB,CA,AWP,WE,Towers with Radar,104,11,60,0,175,0,12,222,2,236,104,23,282,2,411,495,0,495,906
12/15/2017,LGB,CA,AWP,WE,Towers with Radar,103,3,80,1,187,0,8,285,0,293,103,11,365,1,480,640,0,640,1120
12/16/2017,LGB,CA,AWP,WE,Towers with Radar,103,7,62,1,173,0,5,223,2,230,103,12,285,3,403,386,0,386,789
12/17/2017,LGB,CA,AWP,WE,Towers with Radar,97,6,43,0,146,0,0,179,0,179,97,6,222,0,325,293,0,293,618
12/18/2017,LGB,CA,AWP,WE,Towers with Radar,102,8,63,2,175,0,16,267,0,283,102,24,330,2,458,546,0,546,1004
12/19/2017,LGB,CA,AWP,WE,Towers with Radar,102,7,75,1,185,0,14,259,0,273,102,21,334,1,458,415,0,415,873
12/20/2017,LGB,CA,AWP,WE,Towers with Radar,102,10,88,3,203,0,11,209,0,220,102,21,297,3,423,684,0,684,1107
12/21/2017,LGB,CA,AWP,WE,Towers with Radar,104,3,81,0,188,0,9,252,3,264,104,12,333,3,452,561,0,561,1013
12/22/2017,LGB,CA,AWP,WE,Towers with Radar,101,6,70,3,180,0,37,195,1,233,101,43,265,4,413,575,0,575,988
12/23/2017,LGB,CA,AWP,WE,Towers with Radar,103,3,57,1,164,0,6,171,0,177,103,9,228,1,341,188,0,188,529
12/24/2017,LGB,CA,AWP,WE,Towers with Radar,92,1,24,0,117,0,1,120,0,121,92,2,144,0,238,165,0,165,403
12/25/2017,LGB,CA,AWP,WE,Towers with Radar,90,0,21,0,111,0,0,86,0,86,90,0,107,0,197,61,0,61,258
12/26/2017,LGB,CA,AWP,WE,Towers with Radar,101,12,65,1,179,0,8,171,0,179,101,20,236,1,358,274,0,274,632
12/27/2017,LGB,CA,AWP,WE,Towers with Radar,104,13,78,2,197,0,5,197,0,202,104,18,275,2,399,227,0,227,626
12/28/2017,LGB,CA,AWP,WE,Towers with Radar,103,7,70,0,180,0,8,183,0,191,103,15,253,0,371,321,0,321,692
12/29/2017,LGB,CA,AWP,WE,Towers with Radar,103,5,56,2,166,0,8,255,0,263,103,13,311,2,429,461,0,461,890
12/30/2017,LGB,CA,AWP,WE,Towers with Radar,106,7,33,0,146,0,7,236,0,243,106,14,269,0,389,258,0,258,647
12/31/2017,LGB,CA,AWP,WE,Towers with Radar,93,10,32,0,135,0,0,89,0,89,93,10,121,0,224,67,0,67,291
01/01/2018,LGB,CA,AWP,WE,Towers with Radar,98,6,28,0,132,0,0,67,0,67,98,6,95,0,199,44,0,44,243
01/02/2018,LGB,CA,AWP,WE,Towers with Radar,104,12,78,0,194,0,5,163,0,168,104,17,241,0,362,211,0,211,573
01/03/2018,LGB,CA,AWP,WE,Towers with Radar,100,11,78,0,189,0,11,247,0,258,100,22,325,0,447,480,0,480,927
01/04/2018,LGB,CA,AWP,WE,Towers with Radar,96,5,65,1,167,0,7,197,1,205,96,12,262,2,372,454,0,454,826
01/05/2018,LGB,CA,AWP,WE,Towers with Radar,98,11,71,2,182,0,11,219,1,231,98,22,290,3,413,588,0,588,1001
01/06/2018,LGB,CA,AWP,WE,Towers with Radar,96,12,45,0,153,0,0,209,0,209,96,12,254,0,362,200,0,200,562
01/07/2018,LGB,CA,AWP,WE,Towers with Radar,93,10,72,2,177,0,0,206,0,206,93,10,278,2,383,148,0,148,531
01/08/2018,LGB,CA,AWP,WE,Towers with Radar,95,2,65,0,162,0,15,178,0,193,95,17,243,0,355,302,0,302,657
01/09/2018,LGB,CA,AWP,WE,Towers with Radar,98,5,41,1,145,0,8,52,1,61,98,13,93,2,206,75,0,75,281
01/10/2018,LGB,CA,AWP,WE,Towers with Radar,99,7,100,1,207,0,16,333,2,351,99,23,433,3,558,1112,0,1112,1670
01/11/2018,LGB,CA,AWP,WE,Towers with Radar,103,16,78,6,203,0,11,229,2,242,103,27,307,8,445,519,0,519,964
01/12/2018,LGB,CA,AWP,WE,Towers with Radar,100,14,99,3,216,0,17,293,0,310,100,31,392,3,526,442,0,442,968
01/13/2018,LGB,CA,AWP,WE,Towers with Radar,103,5,61,5,174,0,0,261,0,261,103,5,322,5,435,295,0,295,730
01/14/2018,LGB,CA,AWP,WE,Towers with Radar,104,6,52,1,163,0,1,173,0,174,104,7,225,1,337,179,0,179,516
01/15/2018,LGB,CA,AWP,WE,Towers with Radar,104,6,86,1,197,0,8,296,0,304,104,14,382,1,501,313,0,313,814
01/16/2018,LGB,CA,AWP,WE,Towers with Radar,97,6,96,3,202,0,13,238,3,254,97,19,334,6,456,447,0,447,903
01/17/2018,LGB,CA,AWP,WE,Towers with Radar,103,11,63,0,177,0,19,275,2,296,103,30,338,2,473,491,1,492,965
01/18/2018,LGB,CA,AWP,WE,Towers with Radar,102,6,100,0,208,0,13,298,4,315,102,19,398,4,523,439,0,439,962
01/19/2018,LGB,CA,AWP,WE,Towers with Radar,103,7,99,0,209,0,12,303,0,315,103,19,402,0,524,446,0,446,970
01/20/2018,LGB,CA,AWP,WE,Towers with Radar,107,8,41,0,156,0,3,162,0,165,107,11,203,0,321,112,0,112,433
01/21/2018,LGB,CA,AWP,WE,Towers with Radar,102,7,45,0,154,0,1,235,0,236,102,8,280,0,390,283,0,283,673
01/22/2018,LGB,CA,AWP,WE,Towers with Radar,100,15,64,3,182,0,12,230,1,243,100,27,294,4,425,293,0,293,718
01/23/2018,LGB,CA,AWP,WE,Towers with Radar,100,13,83,1,197,0,14,220,1,235,100,27,303,2,432,291,0,291,723
01/24/2018,LGB,CA,AWP,WE,Towers with Radar,104,17,64,0,185,0,13,203,0,216,104,30,267,0,401,430,0,430,831
01/25/2018,LGB,CA,AWP,WE,Towers with Radar,101,5,84,0,190,0,6,214,9,229,101,11,298,9,419,471,0,471,890
01/26/2018,LGB,CA,AWP,WE,Towers with Radar,101,6,77,3,187,0,11,274,0,285,101,17,351,3,472,366,0,366,838
01/27/2018,LGB,CA,AWP,WE,Towers with Radar,104,10,74,3,191,0,4,257,0,261,104,14,331,3,452,186,0,186,638
01/28/2018,LGB,CA,AWP,WE,Towers with Radar,102,8,39,0,149,0,0,186,0,186,102,8,225,0,335,244,0,244,579
01/29/2018,LGB,CA,AWP,WE,Towers with Radar,104,12,67,1,184,0,13,248,1,262,104,25,315,2,446,274,0,274,720
01/30/2018,LGB,CA,AWP,WE,Towers with Radar,102,2,71,2,177,0,17,253,4,274,102,19,324,6,451,456,0,456,907
01/31/2018,LGB,CA,AWP,WE,Towers with Radar,101,6,93,3,203,0,12,209,1,222,101,18,302,4,425,484,0,484,909
02/01/2018,LGB,CA,AWP,WE,Towers with Radar,102,9,92,0,203,0,14,217,0,231,102,23,309,0,434,270,0,270,704
02/02/2018,LGB,CA,AWP,WE,Towers with Radar,98,8,71,1,178,0,15,300,1,316,98,23,371,2,494,401,0,401,895
02/03/2018,LGB,CA,AWP,WE,Towers with Radar,110,9,56,0,175,0,2,202,0,204,110,11,258,0,379,333,0,333,712
02/04/2018,LGB,CA,AWP,WE,Towers with Radar,103,8,47,0,158,0,2,209,0,211,103,10,256,0,369,218,0,218,587
02/05/2018,LGB,CA,AWP,WE,Towers with Radar,103,13,81,1,198,0,7,192,0,199,103,20,273,1,397,233,0,233,630
02/06/2018,LGB,CA,AWP,WE,Towers with Radar,102,7,85,2,196,0,14,250,7,271,102,21,335,9,467,278,0,278,745
02/07/2018,LGB,CA,AWP,WE,Towers with Radar,95,12,71,0,178,0,14,261,0,275,95,26,332,0,453,354,0,354,807
02/08/2018,LGB,CA,AWP,WE,Towers with Radar,102,3,85,0,190,0,11,293,1,305,102,14,378,1,495,442,0,442,937
02/09/2018,LGB,CA,AWP,WE,Towers with Radar,107,18,104,0,229,0,8,238,0,246,107,26,342,0,475,231,0,231,706
02/10/2018,LGB,CA,AWP,WE,Towers with Radar,105,8,96,1,210,0,3,232,0,235,105,11,328,1,445,367,0,367,812
02/11/2018,LGB,CA,AWP,WE,Towers with Radar,103,9,62,2,176,0,0,220,0,220,103,9,282,2,396,227,0,227,623
02/12/2018,LGB,CA,AWP,WE,Towers with Radar,102,10,67,1,180,0,18,280,0,298,102,28,347,1,478,484,0,484,962
02/13/2018,LGB,CA,AWP,WE,Towers with Radar,94,9,74,1,178,0,15,264,0,279,94,24,338,1,457,443,0,443,900
02/14/2018,LGB,CA,AWP,WE,Towers with Radar,103,12,68,1,184,0,15,354,0,369,103,27,422,1,553,384,0,384,937
02/15/2018,LGB,CA,AWP,WE,Towers with Radar,104,9,97,2,212,0,18,324,0,342,104,27,421,2,554,310,0,310,864
02/16/2018,LGB,CA,AWP,WE,Towers with Radar,102,9,90,1,202,0,7,342,0,349,102,16,432,1,551,333,0,333,884
02/17/2018,LGB,CA,AWP,WE,Towers with Radar,101,3,49,2,155,0,2,268,0,270,101,5,317,2,425,280,0,280,705
02/18/2018,LGB,CA,AWP,WE,Towers with Radar,105,3,52,2,162,0,0,212,0,212,105,3,264,2,374,202,0,202,576
02/19/2018,LGB,CA,AWP,WE,Towers with Radar,101,7,45,0,153,0,4,117,1,122,101,11,162,1,275,112,0,112,387
02/20/2018,LGB,CA,AWP,WE,Towers with Radar,105,4,88,2,199,0,16,265,0,281,105,20,353,2,480,307,0,307,787
02/21/2018,LGB,CA,AWP,WE,Towers with Radar,101,11,95,0,207,0,14,281,1,296,101,25,376,1,503,318,0,318,821
02/22/2018,LGB,CA,AWP,WE,Towers with Radar,102,5,62,2,171,0,15,196,0,211,102,20,258,2,382,452,0,452,834
02/23/2018,LGB,CA,AWP,WE,Towers with Radar,103,11,66,1,181,0,7,152,2,161,103,18,218,3,342,107,0,107,449
02/24/2018,LGB,CA,AWP,WE,Towers with Radar,102,5,49,0,156,0,3,287,5,295,102,8,336,5,451,277,0,277,728
02/25/2018,LGB,CA,AWP,WE,Towers with Radar,103,5,45,3,156,0,0,188,0,188,103,5,233,3,344,255,0,255,599
02/26/2018,LGB,CA,AWP,WE,Towers with Radar,101,7,55,2,165,0,19,193,0,212,101,26,248,2,377,280,0,280,657
02/27/2018,LGB,CA,AWP,WE,Towers with Radar,100,7,56,1,164,0,13,210,1,224,100,20,266,2,388,295,0,295,683
02/28/2018,LGB,CA,AWP,WE,Towers with Radar,102,10,70,0,182,0,12,226,3,241,102,22,296,3,423,341,0,341,764
03/01/2018,LGB,CA,AWP,WE,Towers with Radar,102,10,72,5,189,0,18,266,9,293,102,28,338,14,482,288,12,300,782
03/02/2018,LGB,CA,AWP,WE,Towers with Radar,97,4,39,2,142,0,5,60,1,66,97,9,99,3,208,61,0,61,269
03/03/2018,LGB,CA,AWP,WE,Towers with Radar,98,5,54,2,159,0,6,181,0,187,98,11,235,2,346,226,0,226,572
03/04/2018,LGB,CA,AWP,WE,Towers with Radar,103,5,42,3,153,0,0,206,0,206,103,5,248,3,359,297,0,297,656
03/05/2018,LGB,CA,AWP,WE,Towers with Radar,105,10,53,0,168,0,19,180,0,199,105,29,233,0,367,318,0,318,685
03/06/2018,LGB,CA,AWP,WE,Towers with Radar,98,4,43,1,146,0,16,252,1,269,98,20,295,2,415,430,0,430,845
03/07/2018,LGB,CA,AWP,WE,Towers with Radar,100,15,77,1,193,0,23,236,1,260,100,38,313,2,453,424,0,424,877
03/08/2018,LGB,CA,AWP,WE,Towers with Radar,102,16,60,2,180,0,16,196,1,213,102,32,256,3,393,309,1,310,703
03/09/2018,LGB,CA,AWP,WE,Towers with Radar,106,16,73,1,196,0,14,272,0,286,106,30,345,1,482,435,0,435,917
03/10/2018,LGB,CA,AWP,WE,Towers with Radar,120,6,49,3,178,0,0,5,0,5,120,6,54,3,183,12,0,12,195
03/11/2018,LGB,CA,AWP,WE,Towers with Radar,104,8,59,1,172,0,0,85,0,85,104,8,144,1,257,103,0,103,360
03/12/2018,LGB,CA,AWP,WE,Towers with Radar,103,10,62,0,175,0,15,147,1,163,103,25,209,1,338,291,0,291,629
03/13/2018,LGB,CA,AWP,WE,Towers with Radar,110,14,59,1,184,0,0,52,10,62,110,14,111,11,246,108,0,108,354
03/14/2018,LGB,CA,AWP,WE,Towers with Radar,103,18,72,1,194,0,21,186,0,207,103,39,258,1,401,319,0,319,720
03/15/2018,LGB,CA,AWP,WE,Towers with Radar,103,6,78,0,187,0,17,225,0,242,103,23,303,0,429,373,0,373,802
03/16/2018,LGB,CA,AWP,WE,Towers with Radar,102,3,59,0,164,0,20,186,0,206,102,23,245,0,370,326,0,326,696
03/17/2018,LGB,CA,AWP,WE,Towers with Radar,103,4,57,0,164,0,1,228,3,232,103,5,285,3,396,252,0,252,648
03/18/2018,LGB,CA,AWP,WE,Towers with Radar,102,4,40,0,146,0,0,245,0,245,102,4,285,0,391,208,0,208,599
03/19/2018,LGB,CA,AWP,WE,Towers with Radar,101,9,75,0,185,0,20,304,0,324,101,29,379,0,509,478,0,478,987
03/20/2018,LGB,CA,AWP,WE,Towers with Radar,102,9,67,0,178,0,19,229,0,248,102,28,296,0,426,331,0,331,757
03/21/2018,LGB,CA,AWP,WE,Towers with Radar,100,13,52,0,165,0,14,174,0,188,100,27,226,0,353,319,0,319,672
03/22/2018,LGB,CA,AWP,WE,Towers with Radar,102,15,48,0,165,0,10,56,0,66,102,25,104,0,231,65,0,65,296
03/23/2018,LGB,CA,AWP,WE,Towers with Radar,103,6,80,0,189,0,8,193,0,201,103,14,273,0,390,296,0,296,686
03/24/2018,LGB,CA,AWP,WE,Towers with Radar,106,6,56,0,168,0,3,316,0,319,106,9,372,0,487,343,0,343,830
03/25/2018,LGB,CA,AWP,WE,Towers with Radar,102,10,58,0,170,0,1,190,1,192,102,11,248,1,362,222,0,222,584
03/26/2018,LGB,CA,AWP,WE,Towers with Radar,102,5,58,0,165,0,22,284,0,306,102,27,342,0,471,405,0,405,876
03/27/2018,LGB,CA,AWP,WE,Towers with Radar,101,3,62,0,166,0,11,261,1,273,101,14,323,1,439,305,0,305,744
03/28/2018,LGB,CA,AWP,WE,Towers with Radar,101,13,88,2,204,1,7,253,0,261,102,20,341,2,465,357,0,357,822
03/29/2018,LGB,CA,AWP,WE,Towers with Radar,102,7,64,0,173,0,12,197,1,210,102,19,261,1,383,328,0,328,711
03/30/2018,LGB,CA,AWP,WE,Towers with Radar,105,5,57,7,174,0,12,242,6,260,105,17,299,13,434,274,0,274,708
03/31/2018,LGB,CA,AWP,WE,Towers with Radar,111,8,48,0,167,0,1,151,0,152,111,9,199,0,319,151,0,151,470
04/01/2018,LGB,CA,AWP,WE,Towers with Radar,104,1,34,0,139,0,0,137,0,137,104,1,171,0,276,104,0,104,380
04/02/2018,LGB,CA,AWP,WE,Towers with Radar,104,9,67,4,184,0,20,223,0,243,104,29,290,4,427,456,0,456,883
04/03/2018,LGB,CA,AWP,WE,Towers with Radar,104,2,81,1,188,0,18,303,1,322,104,20,384,2,510,396,0,396,906
04/04/2018,LGB,CA,AWP,WE,Towers with Radar,106,14,58,6,184,0,11,128,0,139,106,25,186,6,323,284,0,284,607
04/05/2018,LGB,CA,AWP,WE,Towers with Radar,110,22,94,0,226,0,3,143,0,146,110,25,237,0,372,278,1,279,651
04/06/2018,LGB,CA,AWP,WE,Towers with Radar,101,15,67,0,183,0,16,239,0,255,101,31,306,0,438,424,0,424,862
04/07/2018,LGB,CA,AWP,WE,Towers with Radar,102,8,57,0,167,0,1,115,0,116,102,9,172,0,283,243,0,243,526
04/08/2018,LGB,CA,AWP,WE,Towers with Radar,103,9,50,2,164,0,1,167,0,168,103,10,217,2,332,319,0,319,651
04/09/2018,LGB,CA,AWP,WE,Towers with Radar,102,1,75,0,178,0,23,266,2,291,102,24,341,2,469,412,0,412,881
04/10/2018,LGB,CA,AWP,WE,Towers with Radar,102,10,70,5,187,0,23,226,1,250,102,33,296,6,437,365,0,365,802
04/11/2018,LGB,CA,AWP,WE,Towers with Radar,104,7,88,2,201,0,14,199,4,217,104,21,287,6,418,532,0,532,950
04/12/2018,LGB,CA,AWP,WE,Towers with Radar,103,11,65,3,182,0,12,173,1,186,103,23,238,4,368,252,0,252,620
04/13/2018,LGB,CA,AWP,WE,Towers with Radar,104,5,97,1,207,0,14,291,0,305,104,19,388,1,512,413,0,413,925
04/14/2018,LGB,CA,AWP,WE,Towers with Radar,101,12,51,0,164,0,5,311,0,316,101,17,362,0,480,299,0,299,779
04/15/2018,LGB,CA,AWP,WE,Towers with Radar,103,15,76,0,194,0,0,237,0,237,103,15,313,0,431,285,0,285,716
04/16/2018,LGB,CA,AWP,WE,Towers with Radar,96,8,43,0,147,0,22,152,3,177,96,30,195,3,324,227,0,227,551
04/17/2018,LGB,CA,AWP,WE,Towers with Radar,102,8,62,0,172,0,12,257,1,270,102,20,319,1,442,381,0,381,823
04/18/2018,LGB,CA,AWP,WE,Towers with Radar,102,7,77,1,187,0,17,154,0,171,102,24,231,1,358,337,0,337,695
04/19/2018,LGB,CA,AWP,WE,Towers with Radar,102,5,82,1,190,0,18,174,0,192,102,23,256,1,382,365,0,365,747
04/20/2018,LGB,CA,AWP,WE,Towers with Radar,102,8,74,3,187,0,14,218,3,235,102,22,292,6,422,416,0,416,838
04/21/2018,LGB,CA,AWP,WE,Towers with Radar,96,6,45,2,149,0,4,245,0,249,96,10,290,2,398,270,0,270,668
04/22/2018,LGB,CA,AWP,WE,Towers with Radar,103,14,56,0,173,0,1,203,4,208,103,15,259,4,381,207,0,207,588
04/23/2018,LGB,CA,AWP,WE,Towers with Radar,104,11,61,0,176,0,10,191,5,206,104,21,252,5,382,402,0,402,784
04/24/2018,LGB,CA,AWP,WE,Towers with Radar,104,6,72,0,182,0,19,184,0,203,104,25,256,0,385,330,0,330,715
04/25/2018,LGB,CA,AWP,WE,Towers with Radar,103,9,68,0,180,0,22,241,2,265,103,31,309,2,445,422,0,422,867
04/26/2018,LGB,CA,AWP,WE,Towers with Radar,102,11,106,3,222,0,21,343,1,365,102,32,449,4,587,397,0,397,984
04/27/2018,LGB,CA,AWP,WE,Towers with Radar,102,11,58,1,172,0,17,211,0,228,102,28,269,1,400,434,0,434,834
04/28/2018,LGB,CA,AWP,WE,Towers with Radar,102,13,38,3,156,0,4,228,0,232,102,17,266,3,388,278,0,278,666
04/29/2018,LGB,CA,AWP,WE,Towers with Radar,104,10,35,2,151,0,0,179,0,179,104,10,214,2,330,224,0,224,554
04/30/2018,LGB,CA,AWP,WE,Towers with Radar,102,14,88,4,208,0,20,200,5,225,102,34,288,9,433,417,0,417,850
05/01/2018,LGB,CA,AWP,WE,Towers with Radar,108,8,59,2,177,0,16,118,0,134,108,24,177,2,311,292,0,292,603
05/02/2018,LGB,CA,AWP,WE,Towers with Radar,102,15,89,1,207,0,14,169,0,183,102,29,258,1,390,381,0,381,771
05/03/2018,LGB,CA,AWP,WE,Towers with Radar,98,5,61,4,168,0,18,223,0,241,98,23,284,4,409,272,0,272,681
05/04/2018,LGB,CA,AWP,WE,Towers with Radar,102,7,63,7,179,0,16,269,2,287,102,23,332,9,466,434,0,434,900
05/05/2018,LGB,CA,AWP,WE,Towers with Radar,100,4,45,2,151,0,5,206,0,211,100,9,251,2,362,215,0,215,577
05/06/2018,LGB,CA,AWP,WE,Towers with Radar,103,8,54,7,172,0,0,190,0,190,103,8,244,7,362,182,0,182,544
05/07/2018,LGB,CA,AWP,WE,Towers with Radar,103,12,57,3,175,0,17,175,0,192,103,29,232,3,367,431,0,431,798
05/08/2018,LGB,CA,AWP,WE,Towers with Radar,102,9,58,3,172,0,14,203,1,218,102,23,261,4,390,341,0,341,731
05/09/2018,LGB,CA,AWP,WE,Towers with Radar,102,9,71,2,184,0,16,230,0,246,102,25,301,2,430,355,32,387,817
05/10/2018,LGB,CA,AWP,WE,Towers with Radar,102,15,78,5,200,0,29,232,3,264,102,44,310,8,464,304,0,304,768
05/11/2018,LGB,CA,AWP,WE,Towers with Radar,103,4,92,3,202,0,18,113,0,131,103,22,205,3,333,288,0,288,621
05/12/2018,LGB,CA,AWP,WE,Towers with Radar,101,9,36,2,148,0,4,211,1,216,101,13,247,3,364,390,0,390,754
05/13/2018,LGB,CA,AWP,WE,Towers with Radar,101,4,33,4,142,0,0,125,0,125,101,4,158,4,267,163,0,163,430
05/14/2018,LGB,CA,AWP,WE,Towers with Radar,101,10,78,3,192,0,21,198,1,220,101,31,276,4,412,275,0,275,687
05/15/2018,LGB,CA,AWP,WE,Towers with Radar,100,5,63,2,170,0,24,270,0,294,100,29,333,2,464,267,0,267,731
05/16/2018,LGB,CA,AWP,WE,Towers with Radar,100,11,63,1,175,0,14,238,0,252,100,25,301,1,427,198,0,198,625
05/17/2018,LGB,CA,AWP,WE,Towers with Radar,103,11,64,2,180,0,12,217,1,230,103,23,281,3,410,316,0,316,726
05/18/2018,LGB,CA,AWP,WE,Towers with Radar,102,7,86,2,197,0,18,175,0,193,102,25,261,2,390,223,0,223,613
05/19/2018,LGB,CA,AWP,WE,Towers with Radar,99,4,70,7,180,0,4,136,2,142,99,8,206,9,322,275,0,275,597
05/20/2018,LGB,CA,AWP,WE,Towers with Radar,104,12,80,5,201,0,0,142,0,142,104,12,222,5,343,276,0,276,619
05/21/2018,LGB,CA,AWP,WE,Towers with Radar,101,7,101,2,211,0,4,142,0,146,101,11,243,2,357,311,0,311,668
05/22/2018,LGB,CA,AWP,WE,Towers with Radar,102,12,77,2,193,0,18,155,2,175,102,30,232,4,368,327,0,327,695
05/23/2018,LGB,CA,AWP,WE,Towers with Radar,102,11,75,0,188,0,32,180,0,212,102,43,255,0,400,356,0,356,756
05/24/2018,LGB,CA,AWP,WE,Towers with Radar,102,6,85,2,195,0,14,142,0,156,102,20,227,2,351,432,0,432,783
05/25/2018,LGB,CA,AWP,WE,Towers with Radar,102,9,53,2,166,0,20,233,0,253,102,29,286,2,419,368,0,368,787
05/26/2018,LGB,CA,AWP,WE,Towers with Radar,102,3,47,1,153,0,1,192,0,193,102,4,239,1,346,301,0,301,647
05/27/2018,LGB,CA,AWP,WE,Towers with Radar,106,3,44,4,157,0,0,165,0,165,106,3,209,4,322,231,0,231,553
05/28/2018,LGB,CA,AWP,WE,Towers with Radar,104,3,78,3,188,0,2,211,0,213,104,5,289,3,401,321,0,321,722
05/29/2018,LGB,CA,AWP,WE,Towers with Radar,102,27,79,6,214,0,15,131,0,146,102,42,210,6,360,229,0,229,589
05/30/2018,LGB,CA,AWP,WE,Towers with Radar,102,31,71,2,206,0,23,145,2,170,102,54,216,4,376,386,0,386,762
05/31/2018,LGB,CA,AWP,WE,Towers with Radar,99,22,65,1,187,0,21,196,0,217,99,43,261,1,404,310,0,310,714
06/01/2018,LGB,CA,AWP,WE,Towers with Radar,101,9,69,3,182,0,13,242,1,256,101,22,311,4,438,316,0,316,754
06/02/2018,LGB,CA,AWP,WE,Towers with Radar,98,3,34,5,140,0,4,240,0,244,98,7,274,5,384,200,0,200,584
06/03/2018,LGB,CA,AWP,WE,Towers with Radar,100,7,32,1,140,0,2,192,0,194,100,9,224,1,334,234,0,234,568
06/04/2018,LGB,CA,AWP,WE,Towers with Radar,100,10,56,0,166,0,20,197,1,218,100,30,253,1,384,228,0,228,612
06/05/2018,LGB,CA,AWP,WE,Towers with Radar,101,19,99,3,222,0,16,175,0,191,101,35,274,3,413,265,0,265,678
06/06/2018,LGB,CA,AWP,WE,Towers with Radar,100,5,107,0,212,0,20,221,0,241,100,25,328,0,453,434,0,434,887
06/07/2018,LGB,CA,AWP,WE,Towers with Radar,98,9,67,0,174,0,28,226,1,255,98,37,293,1,429,428,0,428,857
06/08/2018,LGB,CA,AWP,WE,Towers with Radar,98,12,60,0,170,0,26,248,0,274,98,38,308,0,444,355,0,355,799
06/09/2018,LGB,CA,AWP,WE,Towers with Radar,98,11,41,0,150,0,1,231,0,232,98,12,272,0,382,292,0,292,674
06/10/2018,LGB,CA,AWP,WE,Towers with Radar,98,12,31,2,143,0,0,175,0,175,98,12,206,2,318,222,0,222,540
06/11/2018,LGB,CA,AWP,WE,Towers with Radar,98,17,66,0,181,0,14,175,0,189,98,31,241,0,370,332,0,332,702
06/12/2018,LGB,CA,AWP,WE,Towers with Radar,95,22,76,2,195,0,36,225,2,263,95,58,301,4,458,366,0,366,824
06/13/2018,LGB,CA,AWP,WE,Towers with Radar,98,27,80,2,207,0,22,214,1,237,98,49,294,3,444,311,0,311,755
06/14/2018,LGB,CA,AWP,WE,Towers with Radar,99,25,79,2,205,0,28,195,2,225,99,53,274,4,430,311,0,311,741
06/15/2018,LGB,CA,AWP,WE,Towers with Radar,99,9,59,1,168,0,25,235,2,262,99,34,294,3,430,353,0,353,783
06/16/2018,LGB,CA,AWP,WE,Towers with Radar,96,4,32,4,136,0,5,125,0,130,96,9,157,4,266,193,0,193,459
06/17/2018,LGB,CA,AWP,WE,Towers with Radar,99,9,45,3,156,0,0,158,0,158,99,9,203,3,314,177,0,177,491
06/18/2018,LGB,CA,AWP,WE,Towers with Radar,105,15,57,2,179,0,21,174,2,197,105,36,231,4,376,327,0,327,703
06/19/2018,LGB,CA,AWP,WE,Towers with Radar,99,6,83,0,188,0,23,231,2,256,99,29,314,2,444,440,0,440,884
06/20/2018,LGB,CA,AWP,WE,Towers with Radar,96,10,90,0,196,0,8,187,1,196,96,18,277,1,392,255,0,255,647
06/21/2018,LGB,CA,AWP,WE,Towers with Radar,99,20,96,3,218,0,6,150,0,156,99,26,246,3,374,134,0,134,508
06/22/2018,LGB,CA,AWP,WE,Towers with Radar,102,16,70,2,190,0,17,161,1,179,102,33,231,3,369,263,0,263,632
06/23/2018,LGB,CA,AWP,WE,Towers with Radar,97,9,61,5,172,0,0,93,0,93,97,9,154,5,265,137,0,137,402
06/24/2018,LGB,CA,AWP,WE,Towers with Radar,101,15,76,2,194,0,0,182,41,223,101,15,258,43,417,195,0,195,612
06/25/2018,LGB,CA,AWP,WE,Towers with Radar,99,5,83,1,188,0,34,178,2,214,99,39,261,3,402,347,0,347,749
06/26/2018,LGB,CA,AWP,WE,Towers with Radar,99,11,69,2,181,0,30,200,3,233,99,41,269,5,414,256,0,256,670
06/27/2018,LGB,CA,AWP,WE,Towers with Radar,100,22,99,0,221,0,11,185,0,196,100,33,284,0,417,272,0,272,689
06/28/2018,LGB,CA,AWP,WE,Towers with Radar,101,10,86,3,200,0,26,223,3,252,101,36,309,6,452,353,0,353,805
06/29/2018,LGB,CA,AWP,WE,Towers with Radar,96,15,69,0,180,0,25,190,0,215,96,40,259,0,395,313,0,313,708
06/30/2018,LGB,CA,AWP,WE,Towers with Radar,97,7,38,1,143,0,7,207,0,214,97,14,245,1,357,299,0,299,656
07/01/2018,LGB,CA,AWP,WE,Towers with Radar,99,6,56,0,161,0,0,143,0,143,99,6,199,0,304,93,0,93,397
07/02/2018,LGB,CA,AWP,WE,Towers with Radar,98,9,63,10,180,0,23,162,2,187,98,32,225,12,367,245,0,245,612
07/03/2018,LGB,CA,AWP,WE,Towers with Radar,96,8,59,2,165,0,25,176,1,202,96,33,235,3,367,341,0,341,708
07/04/2018,LGB,CA,AWP,WE,Towers with Radar,87,4,19,0,110,0,0,130,0,130,87,4,149,0,240,128,0,128,368
07/05/2018,LGB,CA,AWP,WE,Towers with Radar,98,4,46,0,148,0,31,185,0,216,98,35,231,0,364,363,0,363,727
07/06/2018,LGB,CA,AWP,WE,Towers with Radar,98,14,59,0,171,0,29,172,0,201,98,43,231,0,372,208,0,208,580
07/07/2018,LGB,CA,AWP,WE,Towers with Radar,96,4,40,1,141,0,2,201,2,205,96,6,241,3,346,116,0,116,462
07/08/2018,LGB,CA,AWP,WE,Towers with Radar,98,9,35,0,142,0,0,143,0,143,98,9,178,0,285,236,0,236,521
07/09/2018,LGB,CA,AWP,WE,Towers with Radar,98,16,95,5,214,0,19,191,0,210,98,35,286,5,424,262,0,262,686
07/10/2018,LGB,CA,AWP,WE,Towers with Radar,99,19,70,0,188,0,16,221,0,237,99,35,291,0,425,338,0,338,763
07/11/2018,LGB,CA,AWP,WE,Towers with Radar,95,14,67,0,176,0,23,231,0,254,95,37,298,0,430,399,0,399,829
07/12/2018,LGB,CA,AWP,WE,Towers with Radar,100,10,54,2,166,0,23,229,3,255,100,33,283,5,421,425,0,425,846
07/13/2018,LGB,CA,AWP,WE,Towers with Radar,98,12,68,3,181,0,34,246,1,281,98,46,314,4,462,407,0,407,869
07/14/2018,LGB,CA,AWP,WE,Towers with Radar,98,8,48,0,154,0,2,280,0,282,98,10,328,0,436,247,0,247,683
07/15/2018,LGB,CA,AWP,WE,Towers with Radar,97,13,48,1,159,0,0,182,0,182,97,13,230,1,341,143,0,143,484
07/16/2018,LGB,CA,AWP,WE,Towers with Radar,98,12,68,1,179,0,16,178,2,196,98,28,246,3,375,277,0,277,652
07/17/2018,LGB,CA,AWP,WE,Towers with Radar,97,16,76,0,189,0,22,185,0,207,97,38,261,0,396,212,0,212,608
07/18/2018,LGB,CA,AWP,WE,Towers with Radar,99,13,92,0,204,0,17,202,2,221,99,30,294,2,425,193,0,193,618
07/19/2018,LGB,CA,AWP,WE,Towers with Radar,99,8,76,2,185,0,18,212,1,231,99,26,288,3,416,338,0,338,754
07/20/2018,LGB,CA,AWP,WE,Towers with Radar,98,10,90,2,200,0,20,258,0,278,98,30,348,2,478,189,0,189,667
07/21/2018,LGB,CA,AWP,WE,Towers with Radar,98,8,62,0,168,0,5,207,0,212,98,13,269,0,380,204,0,204,584
07/22/2018,LGB,CA,AWP,WE,Towers with Radar,98,11,40,2,151,0,1,165,0,166,98,12,205,2,317,167,0,167,484
07/23/2018,LGB,CA,AWP,WE,Towers with Radar,97,5,86,2,190,0,14,203,1,218,97,19,289,3,408,233,0,233,641
07/24/2018,LGB,CA,AWP,WE,Towers with Radar,99,16,81,1,197,0,33,264,2,299,99,49,345,3,496,389,0,389,885
07/25/2018,LGB,CA,AWP,WE,Towers with Radar,95,11,76,1,183,0,15,214,0,229,95,26,290,1,412,281,0,281,693
07/26/2018,LGB,CA,AWP,WE,Towers with Radar,96,37,102,2,237,0,2,79,0,81,96,39,181,2,318,155,0,155,473
07/27/2018,LGB,CA,AWP,WE,Towers with Radar,96,23,69,2,190,0,15,215,0,230,96,38,284,2,420,231,0,231,651
07/28/2018,LGB,CA,AWP,WE,Towers with Radar,99,18,42,2,161,0,2,154,0,156,99,20,196,2,317,298,0,298,615
07/29/2018,LGB,CA,AWP,WE,Towers with Radar,104,15,47,0,166,0,2,150,0,152,104,17,197,0,318,211,0,211,529
07/30/2018,LGB,CA,AWP,WE,Towers with Radar,95,11,58,0,164,0,23,166,0,189,95,34,224,0,353,386,0,386,739
07/31/2018,LGB,CA,AWP,WE,Towers with Radar,99,10,83,0,192,0,26,230,0,256,99,36,313,0,448,486,0,486,934
08/01/2018,LGB,CA,AWP,WE,Towers with Radar,100,12,66,0,178,0,24,224,0,248,100,36,290,0,426,404,0,404,830
08/02/2018,LGB,CA,AWP,WE,Towers with Radar,99,6,61,1,167,0,23,253,1,277,99,29,314,2,444,422,0,422,866
08/03/2018,LGB,CA,AWP,WE,Towers with Radar,99,15,53,2,169,0,20,280,0,300,99,35,333,2,469,354,0,354,823
08/04/2018,LGB,CA,AWP,WE,Towers with Radar,96,14,30,4,144,0,3,189,1,193,96,17,219,5,337,209,0,209,546
08/05/2018,LGB,CA,AWP,WE,Towers with Radar,98,18,35,0,151,0,0,188,2,190,98,18,223,2,341,153,0,153,494
08/06/2018,LGB,CA,AWP,WE,Towers with Radar,101,10,52,0,163,0,16,168,0,184,101,26,220,0,347,428,0,428,775
08/07/2018,LGB,CA,AWP,WE,Towers with Radar,97,20,51,2,170,0,29,265,0,294,97,49,316,2,464,390,0,390,854
08/08/2018,LGB,CA,AWP,WE,Towers with Radar,97,19,68,1,185,0,24,214,1,239,97,43,282,2,424,413,0,413,837
08/09/2018,LGB,CA,AWP,WE,Towers with Radar,99,22,69,0,190,0,24,213,0,237,99,46,282,0,427,376,0,376,803
08/10/2018,LGB,CA,AWP,WE,Towers with Radar,103,15,81,6,205,0,11,253,1,265,103,26,334,7,470,249,0,249,719
08/11/2018,LGB,CA,AWP,WE,Towers with Radar,94,9,60,0,163,0,5,230,3,238,94,14,290,3,401,173,0,173,574
08/12/2018,LGB,CA,AWP,WE,Towers with Radar,96,13,62,0,171,0,0,158,0,158,96,13,220,0,329,188,0,188,517
08/13/2018,LGB,CA,AWP,WE,Towers with Radar,96,19,66,0,181,0,15,219,1,235,96,34,285,1,416,200,0,200,616
08/14/2018,LGB,CA,AWP,WE,Towers with Radar,96,16,81,6,199,0,23,184,0,207,96,39,265,6,406,379,0,379,785
08/15/2018,LGB,CA,AWP,WE,Towers with Radar,98,20,75,2,195,0,21,222,1,244,98,41,297,3,439,393,0,393,832
08/16/2018,LGB,CA,AWP,WE,Towers with Radar,97,11,86,3,197,0,14,166,0,180,97,25,252,3,377,295,0,295,672
08/17/2018,LGB,CA,AWP,WE,Towers with Radar,100,15,95,2,212,0,9,163,0,172,100,24,258,2,384,246,0,246,630
08/18/2018,LGB,CA,AWP,WE,Towers with Radar,98,12,53,0,163,0,0,181,0,181,98,12,234,0,344,190,0,190,534
08/19/2018,LGB,CA,AWP,WE,Towers with Radar,98,14,46,0,158,0,0,127,1,128,98,14,173,1,286,210,0,210,496
08/20/2018,LGB,CA,AWP,WE,Towers with Radar,100,20,64,2,186,0,5,143,1,149,100,25,207,3,335,281,0,281,616
08/21/2018,LGB,CA,AWP,WE,Towers with Radar,101,11,80,0,192,0,21,200,0,221,101,32,280,0,413,336,0,336,749
08/22/2018,LGB,CA,AWP,WE,Towers with Radar,99,15,75,0,189,0,11,171,0,182,99,26,246,0,371,350,0,350,721
08/23/2018,LGB,CA,AWP,WE,Towers with Radar,96,10,89,1,196,0,21,164,0,185,96,31,253,1,381,353,0,353,734
08/24/2018,LGB,CA,AWP,WE,Towers with Radar,98,19,82,0,199,0,14,190,3,207,98,33,272,3,406,299,0,299,705
08/25/2018,LGB,CA,AWP,WE,Towers with Radar,99,11,52,1,163,0,2,121,0,123,99,13,173,1,286,274,0,274,560
08/26/2018,LGB,CA,AWP,WE,Towers with Radar,100,9,40,1,150,0,0,139,0,139,100,9,179,1,289,241,0,241,530
08/27/2018,LGB,CA,AWP,WE,Towers with Radar,97,14,63,3,177,0,15,191,1,207,97,29,254,4,384,328,0,328,712
08/28/2018,LGB,CA,AWP,WE,Towers with Radar,98,18,67,0,183,0,26,202,0,228,98,44,269,0,411,411,0,411,822
08/29/2018,LGB,CA,AWP,WE,Towers with Radar,100,12,85,0,197,0,24,285,0,309,100,36,370,0,506,387,0,387,893
08/30/2018,LGB,CA,AWP,WE,Towers with Radar,100,20,74,1,195,0,27,256,2,285,100,47,330,3,480,372,0,372,852
08/31/2018,LGB,CA,AWP,WE,Towers with Radar,98,15,62,4,179,0,22,235,1,258,98,37,297,5,437,341,0,341,778
09/01/2018,LGB,CA,AWP,WE,Towers with Radar,96,7,70,0,173,0,4,135,1,140,96,11,205,1,313,199,0,199,512
09/02/2018,LGB,CA,AWP,WE,Towers with Radar,97,6,38,2,143,0,0,105,1,106,97,6,143,3,249,194,0,194,443
09/03/2018,LGB,CA,AWP,WE,Towers with Radar,94,16,59,0,169,0,4,149,2,155,94,20,208,2,324,288,0,288,612
09/04/2018,LGB,CA,AWP,WE,Towers with Radar,96,10,83,6,195,0,18,147,0,165,96,28,230,6,360,447,0,447,807
09/05/2018,LGB,CA,AWP,WE,Towers with Radar,86,22,89,1,198,0,34,187,0,221,86,56,276,1,419,371,0,371,790
09/06/2018,LGB,CA,AWP,WE,Towers with Radar,87,9,78,5,179,0,24,221,3,248,87,33,299,8,427,366,0,366,793
09/07/2018,LGB,CA,AWP,WE,Towers with Radar,87,12,83,0,182,0,11,198,0,209,87,23,281,0,391,334,0,334,725
09/08/2018,LGB,CA,AWP,WE,Towers with Radar,73,15,73,0,161,0,0,111,1,112,73,15,184,1,273,63,0,63,336
09/09/2018,LGB,CA,AWP,WE,Towers with Radar,81,14,55,0,150,0,0,155,0,155,81,14,210,0,305,173,0,173,478
09/10/2018,LGB,CA,AWP,WE,Towers with Radar,86,12,76,2,176,0,21,142,2,165,86,33,218,4,341,396,0,396,737
09/11/2018,LGB,CA,AWP,WE,Towers with Radar,87,6,99,2,194,0,17,211,1,229,87,23,310,3,423,319,0,319,742
09/12/2018,LGB,CA,AWP,WE,Towers with Radar,86,17,89,3,195,0,26,224,1,251,86,43,313,4,446,380,0,380,826
09/13/2018,LGB,CA,AWP,WE,Towers with Radar,87,7,93,0,187,0,20,239,0,259,87,27,332,0,446,265,0,265,711
09/14/2018,LGB,CA,AWP,WE,Towers with Radar,86,10,72,0,168,0,23,236,0,259,86,33,308,0,427,372,0,372,799
09/15/2018,LGB,CA,AWP,WE,Towers with Radar,72,11,41,0,124,0,5,191,0,196,72,16,232,0,320,191,0,191,511
09/16/2018,LGB,CA,AWP,WE,Towers with Radar,80,22,63,0,165,0,1,137,0,138,80,23,200,0,303,161,0,161,464
09/17/2018,LGB,CA,AWP,WE,Towers with Radar,88,8,57,0,153,0,23,162,2,187,88,31,219,2,340,259,0,259,599
09/18/2018,LGB,CA,AWP,WE,Towers with Radar,88,10,64,4,166,0,9,226,0,235,88,19,290,4,401,298,0,298,699
09/19/2018,LGB,CA,AWP,WE,Towers with Radar,85,16,63,1,165,0,20,247,0,267,85,36,310,1,432,351,0,351,783
09/20/2018,LGB,CA,AWP,WE,Towers with Radar,87,31,75,0,193,0,17,190,0,207,87,48,265,0,400,304,0,304,704
09/21/2018,LGB,CA,AWP,WE,Towers with Radar,89,9,65,0,163,0,14,224,1,239,89,23,289,1,402,211,0,211,613
09/22/2018,LGB,CA,AWP,WE,Towers with Radar,74,8,45,0,127,0,5,244,0,249,74,13,289,0,376,237,0,237,613
09/23/2018,LGB,CA,AWP,WE,Towers with Radar,81,13,59,1,154,0,1,161,1,163,81,14,220,2,317,223,0,223,540
09/24/2018,LGB,CA,AWP,WE,Towers with Radar,91,12,84,0,187,0,22,141,0,163,91,34,225,0,350,203,0,203,553
09/25/2018,LGB,CA,AWP,WE,Towers with Radar,92,9,91,3,195,0,14,150,2,166,92,23,241,5,361,338,0,338,699
09/26/2018,LGB,CA,AWP,WE,Towers with Radar,88,11,84,0,183,0,14,166,3,183,88,25,250,3,366,217,0,217,583
09/27/2018,LGB,CA,AWP,WE,Towers with Radar,88,12,64,2,166,0,23,205,1,229,88,35,269,3,395,358,0,358,753
09/28/2018,LGB,CA,AWP,WE,Towers with Radar,88,25,85,0,198,0,8,87,0,95,88,33,172,0,293,176,0,176,469
09/29/2018,LGB,CA,AWP,WE,Towers with Radar,75,11,40,1,127,0,4,178,0,182,75,15,218,1,309,279,0,279,588
09/30/2018,LGB,CA,AWP,WE,Towers with Radar,81,13,49,0,143,0,0,140,0,140,81,13,189,0,283,235,0,235,518
10/01/2018,LGB,CA,AWP,WE,Towers with Radar,88,8,62,1,159,0,14,172,0,186,88,22,234,1,345,336,0,336,681
10/02/2018,LGB,CA,AWP,WE,Towers with Radar,87,3,58,2,150,0,30,179,3,212,87,33,237,5,362,374,0,374,736
10/03/2018,LGB,CA,AWP,WE,Towers with Radar,87,9,46,1,143,0,11,163,0,174,87,20,209,1,317,299,0,299,616
10/04/2018,LGB,CA,AWP,WE,Towers with Radar,87,13,69,1,170,0,13,240,0,253,87,26,309,1,423,423,0,423,846
10/05/2018,LGB,CA,AWP,WE,Towers with Radar,88,10,75,0,173,0,20,246,0,266,88,30,321,0,439,322,0,322,761
10/06/2018,LGB,CA,AWP,WE,Towers with Radar,76,11,85,0,172,0,5,202,0,207,76,16,287,0,379,326,0,326,705
10/07/2018,LGB,CA,AWP,WE,Towers with Radar,79,13,61,0,153,0,2,175,1,178,79,15,236,1,331,114,0,114,445
10/08/2018,LGB,CA,AWP,WE,Towers with Radar,87,6,56,3,152,0,17,173,1,191,87,23,229,4,343,389,0,389,732
10/09/2018,LGB,CA,AWP,WE,Towers with Radar,88,7,75,1,171,0,16,219,1,236,88,23,294,2,407,567,0,567,974
10/10/2018,LGB,CA,AWP,WE,Towers with Radar,89,15,92,2,198,0,14,196,2,212,89,29,288,4,410,391,0,391,801
10/11/2018,LGB,CA,AWP,WE,Towers with Radar,91,11,82,2,186,0,22,209,1,232,91,33,291,3,418,512,0,512,930
10/12/2018,LGB,CA,AWP,WE,Towers with Radar,90,10,58,0,158,0,19,195,0,214,90,29,253,0,372,536,0,536,908
10/13/2018,LGB,CA,AWP,WE,Towers with Radar,79,18,33,1,131,0,1,114,2,117,79,19,147,3,248,364,0,364,612
10/14/2018,LGB,CA,AWP,WE,Towers with Radar,79,14,51,0,144,0,3,137,1,141,79,17,188,1,285,269,0,269,554
10/15/2018,LGB,CA,AWP,WE,Towers with Radar,90,5,38,1,134,0,16,122,0,138,90,21,160,1,272,170,0,170,442
10/16/2018,LGB,CA,AWP,WE,Towers with Radar,85,8,89,3,185,0,38,239,2,279,85,46,328,5,464,581,0,581,1045
10/17/2018,LGB,CA,AWP,WE,Towers with Radar,84,11,71,0,166,0,13,275,1,289,84,24,346,1,455,347,0,347,802
10/18/2018,LGB,CA,AWP,WE,Towers with Radar,83,11,53,1,148,0,16,219,0,235,83,27,272,1,383,375,0,375,758
10/19/2018,LGB,CA,AWP,WE,Towers with Radar,85,12,62,2,161,0,15,194,1,210,85,27,256,3,371,376,0,376,747
10/20/2018,LGB,CA,AWP,WE,Towers with Radar,74,20,33,0,127,0,6,186,0,192,74,26,219,0,319,236,0,236,555
10/21/2018,LGB,CA,AWP,WE,Towers with Radar,76,18,47,1,142,0,3,155,2,160,76,21,202,3,302,188,0,188,490
10/22/2018,LGB,CA,AWP,WE,Towers with Radar,88,19,71,0,178,0,15,197,0,212,88,34,268,0,390,413,0,413,803
10/23/2018,LGB,CA,AWP,WE,Towers with Radar,85,19,81,2,187,0,3,173,0,176,85,22,254,2,363,279,0,279,642
10/24/2018,LGB,CA,AWP,WE,Towers with Radar,84,14,81,1,180,0,6,241,1,248,84,20,322,2,428,320,0,320,748
10/25/2018,LGB,CA,AWP,WE,Towers with Radar,85,22,65,3,175,0,12,262,0,274,85,34,327,3,449,323,0,323,772
10/26/2018,LGB,CA,AWP,WE,Towers with Radar,88,9,64,4,165,0,2,258,1,261,88,11,322,5,426,481,0,481,907
10/27/2018,LGB,CA,AWP,WE,Towers with Radar,76,11,40,2,129,0,0,207,0,207,76,11,247,2,336,231,0,231,567
10/28/2018,LGB,CA,AWP,WE,Towers with Radar,82,15,67,1,165,0,0,89,0,89,82,15,156,1,254,146,0,146,400
10/29/2018,LGB,CA,AWP,WE,Towers with Radar,87,20,81,3,191,0,5,196,0,201,87,25,277,3,392,343,0,343,735
10/30/2018,LGB,CA,AWP,WE,Towers with Radar,84,7,74,2,167,0,16,252,3,271,84,23,326,5,438,438,0,438,876
10/31/2018,LGB,CA,AWP,WE,Towers with Radar,80,13,74,1,168,0,15,245,0,260,80,28,319,1,428,431,0,431,859
11/01/2018,LGB,CA,AWP,WE,Towers with Radar,85,11,59,1,156,0,14,251,0,265,85,25,310,1,421,472,0,472,893
11/02/2018,LGB,CA,AWP,WE,Towers with Radar,87,8,83,2,180,0,14,252,1,267,87,22,335,3,447,458,0,458,905
11/03/2018,LGB,CA,AWP,WE,Towers with Radar,81,6,51,1,139,0,5,286,0,291,81,11,337,1,430,337,0,337,767
11/04/2018,LGB,CA,AWP,WE,Towers with Radar,85,9,61,0,155,0,0,199,0,199,85,9,260,0,354,234,0,234,588
11/05/2018,LGB,CA,AWP,WE,Towers with Radar,91,20,51,3,165,0,10,231,0,241,91,30,282,3,406,408,0,408,814
11/06/2018,LGB,CA,AWP,WE,Towers with Radar,84,20,52,0,156,0,6,233,2,241,84,26,285,2,397,415,0,415,812
11/07/2018,LGB,CA,AWP,WE,Towers with Radar,86,14,85,1,186,0,6,252,0,258,86,20,337,1,444,442,0,442,886
11/08/2018,LGB,CA,AWP,WE,Towers with Radar,89,15,75,0,179,0,8,245,1,254,89,23,320,1,433,472,0,472,905
11/09/2018,LGB,CA,AWP,WE,Towers with Radar,86,15,40,6,147,0,16,170,3,189,86,31,210,9,336,234,0,234,570
11/10/2018,LGB,CA,AWP,WE,Towers with Radar,84,14,39,1,138,0,4,291,0,295,84,18,330,1,433,331,0,331,764
11/11/2018,LGB,CA,AWP,WE,Towers with Radar,86,10,47,0,143,0,0,134,0,134,86,10,181,0,277,232,2,234,511
11/12/2018,LGB,CA,AWP,WE,Towers with Radar,89,15,69,0,173,0,19,196,2,217,89,34,265,2,390,433,0,433,823
11/13/2018,LGB,CA,AWP,WE,Towers with Radar,83,8,42,0,133,0,12,148,0,160,83,20,190,0,293,341,0,341,634
11/14/2018,LGB,CA,AWP,WE,Towers with Radar,84,13,83,1,181,0,8,205,1,214,84,21,288,2,395,415,0,415,810
11/15/2018,LGB,CA,AWP,WE,Towers with Radar,88,12,73,0,173,0,9,214,0,223,88,21,287,0,396,400,0,400,796
11/16/2018,LGB,CA,AWP,WE,Towers with Radar,86,6,70,1,163,0,14,210,0,224,86,20,280,1,387,435,0,435,822
11/17/2018,LGB,CA,AWP,WE,Towers with Radar,82,9,61,3,155,0,4,405,0,409,82,13,466,3,564,299,0,299,863
11/18/2018,LGB,CA,AWP,WE,Towers with Radar,83,17,55,1,156,0,0,197,0,197,83,17,252,1,353,321,0,321,674
11/19/2018,LGB,CA,AWP,WE,Towers with Radar,87,10,60,1,158,0,9,144,0,153,87,19,204,1,311,496,0,496,807
11/20/2018,LGB,CA,AWP,WE,Towers with Radar,88,9,61,0,158,0,10,207,0,217,88,19,268,0,375,408,0,408,783
11/21/2018,LGB,CA,AWP,WE,Towers with Radar,86,7,55,1,149,0,13,205,0,218,86,20,260,1,367,307,0,307,674
11/22/2018,LGB,CA,AWP,WE,Towers with Radar,62,4,10,0,76,0,0,76,0,76,62,4,86,0,152,195,0,195,347
11/23/2018,LGB,CA,AWP,WE,Towers with Radar,72,6,39,2,119,0,6,187,2,195,72,12,226,4,314,352,0,352,666
11/24/2018,LGB,CA,AWP,WE,Towers with Radar,80,12,47,0,139,0,6,162,0,168,80,18,209,0,307,281,0,281,588
11/25/2018,LGB,CA,AWP,WE,Towers with Radar,83,11,79,1,174,0,2,189,0,191,83,13,268,1,365,300,0,300,665
11/26/2018,LGB,CA,AWP,WE,Towers with Radar,88,7,58,0,153,0,13,231,0,244,88,20,289,0,397,241,0,241,638
11/27/2018,LGB,CA,AWP,WE,Towers with Radar,88,8,65,0,161,0,12,272,0,284,88,20,337,0,445,502,0,502,947
11/28/2018,LGB,CA,AWP,WE,Towers with Radar,85,9,65,0,159,0,11,234,0,245,85,20,299,0,404,561,0,561,965
11/29/2018,LGB,CA,AWP,WE,Towers with Radar,86,5,34,0,125,0,11,82,0,93,86,16,116,0,218,112,0,112,330
11/30/2018,LGB,CA,AWP,WE,Towers with Radar,87,10,90,2,189,0,16,280,1,297,87,26,370,3,486,505,0,505,991
12/01/2018,LGB,CA,AWP,WE,Towers with Radar,81,5,38,0,124,0,2,211,0,213,81,7,249,0,337,387,0,387,724
12/02/2018,LGB,CA,AWP,WE,Towers with Radar,83,7,62,0,152,0,1,210,0,211,83,8,272,0,363,210,0,210,573
12/03/2018,LGB,CA,AWP,WE,Towers with Radar,87,8,50,0,145,0,16,204,0,220,87,24,254,0,365,473,0,473,838
12/04/2018,LGB,CA,AWP,WE,Towers with Radar,88,12,73,2,175,0,16,252,0,268,88,28,325,2,443,460,0,460,903
12/05/2018,LGB,CA,AWP,WE,Towers with Radar,88,9,39,2,138,0,11,117,0,128,88,20,156,2,266,429,0,429,695
12/06/2018,LGB,CA,AWP,WE,Towers with Radar,87,25,37,1,150,0,0,40,0,40,87,25,77,1,190,34,0,34,224
12/07/2018,LGB,CA,AWP,WE,Towers with Radar,88,22,72,4,186,0,30,287,0,317,88,52,359,4,503,478,0,478,981
12/08/2018,LGB,CA,AWP,WE,Towers with Radar,78,8,46,2,134,0,2,247,1,250,78,10,293,3,384,405,0,405,789
12/09/2018,LGB,CA,AWP,WE,Towers with Radar,85,13,62,4,164,0,1,174,0,175,85,14,236,4,339,312,0,312,651
12/10/2018,LGB,CA,AWP,WE,Towers with Radar,90,18,74,1,183,0,17,200,0,217,90,35,274,1,400,391,0,391,791
12/11/2018,LGB,CA,AWP,WE,Towers with Radar,86,7,70,0,163,0,11,205,1,217,86,18,275,1,380,466,0,466,846
12/12/2018,LGB,CA,AWP,WE,Towers with Radar,87,11,71,1,170,0,9,182,2,193,87,20,253,3,363,529,0,529,892
12/13/2018,LGB,CA,AWP,WE,Towers with Radar,88,10,80,1,179,0,13,328,1,342,88,23,408,2,521,494,0,494,1015
12/14/2018,LGB,CA,AWP,WE,Towers with Radar,86,5,99,1,191,0,9,283,1,293,86,14,382,2,484,618,0,618,1102
12/15/2018,LGB,CA,AWP,WE,Towers with Radar,78,7,56,1,142,0,4,245,0,249,78,11,301,1,391,438,0,438,829
12/16/2018,LGB,CA,AWP,WE,Towers with Radar,85,12,56,0,153,0,2,162,0,164,85,14,218,0,317,376,0,376,693
12/17/2018,LGB,CA,AWP,WE,Towers with Radar,87,10,55,0,152,0,14,127,0,141,87,24,182,0,293,406,0,406,699
12/18/2018,LGB,CA,AWP,WE,Towers with Radar,88,8,73,0,169,0,13,229,2,244,88,21,302,2,413,469,1,470,883
12/19/2018,LGB,CA,AWP,WE,Towers with Radar,90,4,77,0,171,0,8,236,0,244,90,12,313,0,415,417,0,417,832
12/20/2018,LGB,CA,AWP,WE,Towers with Radar,90,9,73,1,173,0,10,280,0,290,90,19,353,1,463,515,0,515,978
12/21/2018,LGB,CA,AWP,WE,Towers with Radar,90,9,65,1,165,0,12,241,2,255,90,21,306,3,420,376,0,376,796
12/22/2018,LGB,CA,AWP,WE,Towers with Radar,82,9,64,3,158,0,1,144,0,145,82,10,208,3,303,312,0,312,615
12/23/2018,LGB,CA,AWP,WE,Towers with Radar,85,5,55,0,145,0,0,72,0,72,85,5,127,0,217,124,0,124,341
12/24/2018,LGB,CA,AWP,WE,Towers with Radar,75,14,34,2,125,0,0,47,0,47,75,14,81,2,172,70,0,70,242
12/25/2018,LGB,CA,AWP,WE,Towers with Radar,72,7,9,0,88,0,0,39,0,39,72,7,48,0,127,56,0,56,183
12/26/2018,LGB,CA,AWP,WE,Towers with Radar,86,14,54,1,155,0,7,206,0,213,86,21,260,1,368,242,0,242,610
12/27/2018,LGB,CA,AWP,WE,Towers with Radar,92,12,65,1,170,0,9,172,0,181,92,21,237,1,351,186,0,186,537
12/28/2018,LGB,CA,AWP,WE,Towers with Radar,88,7,30,1,126,0,10,175,2,187,88,17,205,3,313,339,0,339,652
12/29/2018,LGB,CA,AWP,WE,Towers with Radar,83,10,37,0,130,0,7,189,0,196,83,17,226,0,326,336,0,336,662
12/30/2018,LGB,CA,AWP,WE,Towers with Radar,89,12,24,0,125,0,0,178,0,178,89,12,202,0,303,175,0,175,478
12/31/2018,LGB,CA,AWP,WE,Towers with Radar,79,11,18,0,108,0,3,114,0,117,79,14,132,0,225,337,0,337,562
01/01/2019,LGB,CA,AWP,WE,Towers with Radar,84,5,18,1,108,0,0,82,0,82,84,5,100,1,190,94,0,94,284
01/02/2019,LGB,CA,AWP,WE,Towers with Radar,93,9,44,0,146,0,11,193,0,204,93,20,237,0,350,255,0,255,605
01/03/2019,LGB,CA,AWP,WE,Towers with Radar,91,11,49,4,155,0,16,243,0,259,91,27,292,4,414,462,0,462,876
01/04/2019,LGB,CA,AWP,WE,Towers with Radar,87,7,66,0,160,0,14,268,1,283,87,21,334,1,443,401,0,401,844
01/05/2019,LGB,CA,AWP,WE,Towers with Radar,80,12,38,2,132,0,2,123,0,125,80,14,161,2,257,325,0,325,582
01/06/2019,LGB,CA,AWP,WE,Towers with Radar,83,13,37,0,133,0,0,135,0,135,83,13,172,0,268,301,0,301,569
01/07/2019,LGB,CA,AWP,WE,Towers with Radar,87,9,43,0,139,0,12,74,2,88,87,21,117,2,227,330,0,330,557
01/08/2019,LGB,CA,AWP,WE,Towers with Radar,85,10,74,2,171,0,16,223,1,240,85,26,297,3,411,613,0,613,1024
01/09/2019,LGB,CA,AWP,WE,Towers with Radar,83,13,72,2,170,0,16,238,1,255,83,29,310,3,425,569,0,569,994
01/10/2019,LGB,CA,AWP,WE,Towers with Radar,81,9,89,1,180,0,12,237,0,249,81,21,326,1,429,493,0,493,922
01/11/2019,LGB,CA,AWP,WE,Towers with Radar,84,22,71,1,178,0,5,174,2,181,84,27,245,3,359,609,0,609,968
01/12/2019,LGB,CA,AWP,WE,Towers with Radar,76,6,60,1,143,0,2,158,1,161,76,8,218,2,304,408,0,408,712
01/13/2019,LGB,CA,AWP,WE,Towers with Radar,81,14,73,0,168,0,0,166,0,166,81,14,239,0,334,388,0,388,722
01/14/2019,LGB,CA,AWP,WE,Towers with Radar,85,20,27,0,132,0,0,26,0,26,85,20,53,0,158,64,0,64,222
01/15/2019,LGB,CA,AWP,WE,Towers with Radar,83,20,43,0,146,0,16,78,0,94,83,36,121,0,240,216,0,216,456
01/16/2019,LGB,CA,AWP,WE,Towers with Radar,88,18,41,0,147,0,0,0,0,0,88,18,41,0,147,0,0,0,147
01/17/2019,LGB,CA,AWP,WE,Towers with Radar,86,17,30,0,133,0,0,27,0,27,86,17,57,0,160,13,0,13,173
01/18/2019,LGB,CA,AWP,WE,Towers with Radar,84,19,124,5,232,0,33,223,0,256,84,52,347,5,488,537,0,537,1025
01/19/2019,LGB,CA,AWP,WE,Towers with Radar,74,7,54,4,139,0,9,231,0,240,74,16,285,4,379,356,0,356,735
01/20/2019,LGB,CA,AWP,WE,Towers with Radar,75,10,39,4,128,0,1,194,0,195,75,11,233,4,323,550,0,550,873
01/21/2019,LGB,CA,AWP,WE,Towers with Radar,85,18,69,0,172,0,16,171,1,188,85,34,240,1,360,274,0,274,634
01/22/2019,LGB,CA,AWP,WE,Towers with Radar,82,9,78,4,173,0,11,252,0,263,82,20,330,4,436,588,1,589,1025
01/23/2019,LGB,CA,AWP,WE,Towers with Radar,86,11,80,4,181,0,14,309,0,323,86,25,389,4,504,697,0,697,1201
01/24/2019,LGB,CA,AWP,WE,Towers with Radar,84,13,71,3,171,0,9,228,1,238,84,22,299,4,409,739,0,739,1148
01/25/2019,LGB,CA,AWP,WE,Towers with Radar,88,12,78,0,178,0,9,257,0,266,88,21,335,0,444,631,0,631,1075
01/26/2019,LGB,CA,AWP,WE,Towers with Radar,72,6,45,0,123,0,2,220,0,222,72,8,265,0,345,399,0,399,744
01/27/2019,LGB,CA,AWP,WE,Towers with Radar,80,7,71,2,160,0,1,238,0,239,80,8,309,2,399,441,0,441,840
01/28/2019,LGB,CA,AWP,WE,Towers with Radar,86,15,48,2,151,0,16,208,1,225,86,31,256,3,376,653,0,653,1029
01/29/2019,LGB,CA,AWP,WE,Towers with Radar,81,15,94,3,193,0,15,204,0,219,81,30,298,3,412,447,0,447,859
01/30/2019,LGB,CA,AWP,WE,Towers with Radar,84,12,98,6,200,0,20,219,3,242,84,32,317,9,442,699,0,699,1141
01/31/2019,LGB,CA,AWP,WE,Towers with Radar,84,14,35,2,135,0,7,65,0,72,84,21,100,2,207,140,0,140,347
02/01/2019,LGB,CA,AWP,WE,Towers with Radar,86,17,94,1,198,0,7,199,2,208,86,24,293,3,406,586,0,586,992
02/02/2019,LGB,CA,AWP,WE,Towers with Radar,74,9,17,1,101,0,0,32,0,32,74,9,49,1,133,6,0,6,139
02/03/2019,LGB,CA,AWP,WE,Towers with Radar,80,12,21,4,117,0,2,26,2,30,80,14,47,6,147,68,0,68,215
02/04/2019,LGB,CA,AWP,WE,Towers with Radar,84,9,50,6,149,0,7,69,0,76,84,16,119,6,225,214,0,214,439
02/05/2019,LGB,CA,AWP,WE,Towers with Radar,82,10,58,3,153,0,8,113,0,121,82,18,171,3,274,302,1,303,577
02/06/2019,LGB,CA,AWP,WE,Towers with Radar,83,17,90,2,192,0,16,316,2,334,83,33,406,4,526,805,0,805,1331
02/07/2019,LGB,CA,AWP,WE,Towers with Radar,84,18,115,4,221,0,14,337,0,351,84,32,452,4,572,722,0,722,1294
02/08/2019,LGB,CA,AWP,WE,Towers with Radar,84,9,89,4,186,0,7,282,0,289,84,16,371,4,475,516,0,516,991
02/09/2019,LGB,CA,AWP,WE,Towers with Radar,74,6,60,0,140,0,2,201,0,203,74,8,261,0,343,326,0,326,669
02/10/2019,LGB,CA,AWP,WE,Towers with Radar,80,4,40,1,125,0,0,103,4,107,80,4,143,5,232,250,0,250,482
02/11/2019,LGB,CA,AWP,WE,Towers with Radar,86,12,104,1,203,0,18,281,1,300,86,30,385,2,503,615,0,615,1118
02/12/2019,LGB,CA,AWP,WE,Towers with Radar,82,11,93,1,187,0,12,221,0,233,82,23,314,1,420,478,0,478,898
02/13/2019,LGB,CA,AWP,WE,Towers with Radar,82,10,58,1,151,0,3,72,0,75,82,13,130,1,226,265,0,265,491
02/14/2019,LGB,CA,AWP,WE,Towers with Radar,83,15,35,0,133,0,0,28,0,28,83,15,63,0,161,25,0,25,186
02/15/2019,LGB,CA,AWP,WE,Towers with Radar,84,20,44,2,150,0,18,154,0,172,84,38,198,2,322,402,0,402,724
02/16/2019,LGB,CA,AWP,WE,Towers with Radar,81,6,58,0,145,0,2,246,1,249,81,8,304,1,394,341,0,341,735
02/17/2019,LGB,CA,AWP,WE,Towers with Radar,82,11,31,0,124,0,0,92,0,92,82,11,123,0,216,169,0,169,385
02/18/2019,LGB,CA,AWP,WE,Towers with Radar,85,18,64,3,170,0,12,228,2,242,85,30,292,5,412,544,0,544,956
02/19/2019,LGB,CA,AWP,WE,Towers with Radar,87,18,76,1,182,0,21,223,0,244,87,39,299,1,426,440,0,440,866
02/20/2019,LGB,CA,AWP,WE,Towers with Radar,85,13,82,6,186,0,15,231,1,247,85,28,313,7,433,610,0,610,1043
02/21/2019,LGB,CA,AWP,WE,Towers with Radar,80,8,53,2,143,0,13,219,3,235,80,21,272,5,378,544,0,544,922
02/22/2019,LGB,CA,AWP,WE,Towers with Radar,82,20,105,0,207,0,14,326,1,341,82,34,431,1,548,687,0,687,1235
02/23/2019,LGB,CA,AWP,WE,Towers with Radar,78,15,60,1,154,0,2,293,0,295,78,17,353,1,449,532,0,532,981
02/24/2019,LGB,CA,AWP,WE,Towers with Radar,80,10,62,0,152,0,2,230,0,232,80,12,292,0,384,404,0,404,788
02/25/2019,LGB,CA,AWP,WE,Towers with Radar,80,9,79,3,171,0,10,203,1,214,80,19,282,4,385,409,0,409,794
02/26/2019,LGB,CA,AWP,WE,Towers with Radar,85,9,103,0,197,0,14,165,0,179,85,23,268,0,376,323,0,323,699
02/27/2019,LGB,CA,AWP,WE,Towers with Radar,84,9,77,3,173,0,18,223,1,242,84,27,300,4,415,700,0,700,1115
02/28/2019,LGB,CA,AWP,WE,Towers with Radar,82,10,81,0,173,0,10,151,0,161,82,20,232,0,334,538,0,538,872
03/01/2019,LGB,CA,AWP,WE,Towers with Radar,84,19,98,1,202,0,15,202,1,218,84,34,300,2,420,554,0,554,974
03/02/2019,LGB,CA,AWP,WE,Towers with Radar,84,18,19,2,123,0,0,12,0,12,84,18,31,2,135,0,0,0,135
03/03/2019,LGB,CA,AWP,WE,Towers with Radar,79,16,57,0,152,0,1,65,0,66,79,17,122,0,218,162,0,162,380
03/04/2019,LGB,CA,AWP,WE,Towers with Radar,80,11,103,2,196,0,18,232,0,250,80,29,335,2,446,584,0,584,1030
03/05/2019,LGB,CA,AWP,WE,Towers with Radar,86,16,99,0,201,0,12,154,0,166,86,28,253,0,367,521,0,521,888
03/06/2019,LGB,CA,AWP,WE,Towers with Radar,84,16,50,1,151,0,0,15,0,15,84,16,65,1,166,0,0,0,166
03/07/2019,LGB,CA,AWP,WE,Towers with Radar,82,18,69,1,170,0,22,293,0,315,82,40,362,1,485,562,0,562,1047
03/08/2019,LGB,CA,AWP,WE,Towers with Radar,85,15,61,1,162,0,19,239,2,260,85,34,300,3,422,429,0,429,851
03/09/2019,LGB,CA,AWP,WE,Towers with Radar,76,10,56,0,142,0,2,314,0,316,76,12,370,0,458,536,0,536,994
03/10/2019,LGB,CA,AWP,WE,Towers with Radar,79,15,39,1,134,0,0,155,0,155,79,15,194,1,289,276,0,276,565
03/11/2019,LGB,CA,AWP,WE,Towers with Radar,87,12,66,1,166,0,10,183,0,193,87,22,249,1,359,648,0,648,1007
03/12/2019,LGB,CA,AWP,WE,Towers with Radar,84,11,74,1,170,0,14,247,0,261,84,25,321,1,431,577,0,577,1008
03/13/2019,LGB,CA,AWP,WE,Towers with Radar,85,14,79,4,182,0,19,266,3,288,85,33,345,7,470,511,0,511,981
03/14/2019,LGB,CA,AWP,WE,Towers with Radar,83,11,58,0,152,0,14,239,0,253,83,25,297,0,405,485,0,485,890
03/15/2019,LGB,CA,AWP,WE,Towers with Radar,86,12,79,3,180,0,12,281,1,294,86,24,360,4,474,619,0,619,1093
03/16/2019,LGB,CA,AWP,WE,Towers with Radar,80,9,59,1,149,0,5,335,0,340,80,14,394,1,489,361,0,361,850
03/17/2019,LGB,CA,AWP,WE,Towers with Radar,81,10,62,5,158,0,0,227,1,228,81,10,289,6,386,321,0,321,707
03/18/2019,LGB,CA,AWP,WE,Towers with Radar,85,13,69,2,169,0,21,231,3,255,85,34,300,5,424,401,0,401,825
03/19/2019,LGB,CA,AWP,WE,Towers with Radar,85,17,79,2,183,0,9,94,0,103,85,26,173,2,286,149,0,149,435
03/20/2019,LGB,CA,AWP,WE,Towers with Radar,84,7,50,3,144,0,14,110,2,126,84,21,160,5,270,351,0,351,621
03/21/2019,LGB,CA,AWP,WE,Towers with Radar,85,11,57,3,156,0,17,183,6,206,85,28,240,9,362,363,0,363,725
03/22/2019,LGB,CA,AWP,WE,Towers with Radar,84,22,79,1,186,0,17,287,6,310,84,39,366,7,496,546,0,546,1042
03/23/2019,LGB,CA,AWP,WE,Towers with Radar,78,11,77,1,167,0,4,213,0,217,78,15,290,1,384,379,0,379,763
03/24/2019,LGB,CA,AWP,WE,Towers with Radar,84,10,63,0,157,0,1,187,0,188,84,11,250,0,345,244,0,244,589
03/25/2019,LGB,CA,AWP,WE,Towers with Radar,87,14,71,0,172,0,13,248,0,261,87,27,319,0,433,335,0,335,768
03/26/2019,LGB,CA,AWP,WE,Towers with Radar,90,10,88,3,191,0,20,268,2,290,90,30,356,5,481,552,0,552,1033
03/27/2019,LGB,CA,AWP,WE,Towers with Radar,91,14,74,0,179,0,12,246,0,258,91,26,320,0,437,514,0,514,951
03/28/2019,LGB,CA,AWP,WE,Towers with Radar,88,10,66,1,165,0,18,229,1,248,88,28,295,2,413,434,0,434,847
03/29/2019,LGB,CA,AWP,WE,Towers with Radar,86,12,81,0,179,0,10,293,0,303,86,22,374,0,482,565,0,565,1047
03/30/2019,LGB,CA,AWP,WE,Towers with Radar,80,7,38,0,125,0,9,301,1,311,80,16,339,1,436,386,0,386,822
03/31/2019,LGB,CA,AWP,WE,Towers with Radar,80,7,55,0,142,0,0,193,0,193,80,7,248,0,335,228,0,228,563
04/01/2019,LGB,CA,AWP,WE,Towers with Radar,87,12,62,1,162,0,18,155,0,173,87,30,217,1,335,384,0,384,719
04/02/2019,LGB,CA,AWP,WE,Towers with Radar,86,16,59,0,161,0,14,169,0,183,86,30,228,0,344,485,0,485,829
04/03/2019,LGB,CA,AWP,WE,Towers with Radar,84,23,71,0,178,0,17,258,2,277,84,40,329,2,455,570,0,570,1025
04/04/2019,LGB,CA,AWP,WE,Towers with Radar,84,23,69,1,177,0,17,236,1,254,84,40,305,2,431,334,0,334,765
04/05/2019,LGB,CA,AWP,WE,Towers with Radar,85,25,54,0,164,0,20,180,0,200,85,45,234,0,364,337,0,337,701
04/06/2019,LGB,CA,AWP,WE,Towers with Radar,78,10,64,1,153,0,2,244,1,247,78,12,308,2,400,302,0,302,702
04/07/2019,LGB,CA,AWP,WE,Towers with Radar,81,19,50,2,152,0,4,156,0,160,81,23,206,2,312,293,0,293,605
04/08/2019,LGB,CA,AWP,WE,Towers with Radar,94,18,64,0,176,0,25,210,2,237,94,43,274,2,413,455,0,455,868
04/09/2019,LGB,CA,AWP,WE,Towers with Radar,99,16,58,0,173,0,18,145,0,163,99,34,203,0,336,418,0,418,754
04/10/2019,LGB,CA,AWP,WE,Towers with Radar,95,19,65,0,179,0,16,173,2,191,95,35,238,2,370,209,0,209,579
04/11/2019,LGB,CA,AWP,WE,Towers with Radar,95,14,68,5,182,0,19,240,4,263,95,33,308,9,445,491,0,491,936
04/12/2019,LGB,CA,AWP,WE,Towers with Radar,93,17,77,1,188,0,10,327,0,337,93,27,404,1,525,449,0,449,974
04/13/2019,LGB,CA,AWP,WE,Towers with Radar,88,14,49,0,151,0,5,411,0,416,88,19,460,0,567,320,0,320,887
04/14/2019,LGB,CA,AWP,WE,Towers with Radar,89,20,79,0,188,0,2,198,1,201,89,22,277,1,389,186,0,186,575
04/15/2019,LGB,CA,AWP,WE,Towers with Radar,95,17,80,0,192,0,21,192,4,217,95,38,272,4,409,485,6,491,900
04/16/2019,LGB,CA,AWP,WE,Towers with Radar,91,15,78,0,184,0,13,252,0,265,91,28,330,0,449,600,0,600,1049
04/17/2019,LGB,CA,AWP,WE,Towers with Radar,93,16,76,4,189,0,13,286,2,301,93,29,362,6,490,561,0,561,1051
04/18/2019,LGB,CA,AWP,WE,Towers with Radar,93,15,92,0,200,0,16,318,1,335,93,31,410,1,535,398,0,398,933
04/19/2019,LGB,CA,AWP,WE,Towers with Radar,93,14,72,0,179,0,4,172,2,178,93,18,244,2,357,325,0,325,682
04/20/2019,LGB,CA,AWP,WE,Towers with Radar,83,8,47,2,140,0,4,169,0,173,83,12,216,2,313,445,0,445,758
04/21/2019,LGB,CA,AWP,WE,Towers with Radar,91,7,39,0,137,0,0,123,1,124,91,7,162,1,261,226,0,226,487
04/22/2019,LGB,CA,AWP,WE,Towers with Radar,91,10,72,0,173,0,19,226,1,246,91,29,298,1,419,383,0,383,802
04/23/2019,LGB,CA,AWP,WE,Towers with Radar,93,11,97,2,203,0,8,237,1,246,93,19,334,3,449,348,0,348,797
04/24/2019,LGB,CA,AWP,WE,Towers with Radar,94,13,115,0,222,0,8,290,0,298,94,21,405,0,520,486,0,486,1006
04/25/2019,LGB,CA,AWP,WE,Towers with Radar,90,13,69,16,188,0,14,313,6,333,90,27,382,22,521,593,0,593,1114
04/26/2019,LGB,CA,AWP,WE,Towers with Radar,93,12,96,0,201,0,10,211,0,221,93,22,307,0,422,357,0,357,779
04/27/2019,LGB,CA,AWP,WE,Towers with Radar,86,10,65,0,161,0,0,147,0,147,86,10,212,0,308,425,0,425,733
04/28/2019,LGB,CA,AWP,WE,Towers with Radar,92,16,60,3,171,0,2,144,0,146,92,18,204,3,317,340,0,340,657
04/29/2019,LGB,CA,AWP,WE,Towers with Radar,94,9,76,3,182,0,9,91,0,100,94,18,167,3,282,287,0,287,569
04/30/2019,LGB,CA,AWP,WE,Towers with Radar,93,14,92,6,205,0,24,240,6,270,93,38,332,12,475,513,0,513,988
05/01/2019,LGB,CA,AWP,WE,Towers with Radar,92,15,87,4,198,0,23,319,0,342,92,38,406,4,540,548,1,549,1089
05/02/2019,LGB,CA,AWP,WE,Towers with Radar,93,20,87,1,201,0,16,264,2,282,93,36,351,3,483,566,0,566,1049
05/03/2019,LGB,CA,AWP,WE,Towers with Radar,94,11,87,0,192,0,18,216,0,234,94,29,303,0,426,317,0,317,743
05/04/2019,LGB,CA,AWP,WE,Towers with Radar,88,6,62,0,156,0,2,227,0,229,88,8,289,0,385,392,0,392,777
05/05/2019,LGB,CA,AWP,WE,Towers with Radar,90,11,58,0,159,0,0,165,0,165,90,11,223,0,324,265,0,265,589
05/06/2019,LGB,CA,AWP,WE,Towers with Radar,93,5,72,0,170,0,18,152,1,171,93,23,224,1,341,341,0,341,682
05/07/2019,LGB,CA,AWP,WE,Towers with Radar,94,8,107,0,209,0,10,178,0,188,94,18,285,0,397,501,0,501,898
05/08/2019,LGB,CA,AWP,WE,Towers with Radar,94,14,86,0,194,0,7,180,2,189,94,21,266,2,383,660,0,660,1043
05/09/2019,LGB,CA,AWP,WE,Towers with Radar,92,9,107,3,211,0,19,215,2,236,92,28,322,5,447,546,0,546,993
05/10/2019,LGB,CA,AWP,WE,Towers with Radar,93,16,113,0,222,0,14,170,0,184,93,30,283,0,406,377,0,377,783
05/11/2019,LGB,CA,AWP,WE,Towers with Radar,87,2,56,1,146,0,4,218,0,222,87,6,274,1,368,267,0,267,635
05/12/2019,LGB,CA,AWP,WE,Towers with Radar,90,5,46,0,141,0,0,142,0,142,90,5,188,0,283,262,0,262,545
05/13/2019,LGB,CA,AWP,WE,Towers with Radar,92,8,91,0,191,0,19,111,2,132,92,27,202,2,323,243,0,243,566
05/14/2019,LGB,CA,AWP,WE,Towers with Radar,94,8,102,0,204,0,11,159,1,171,94,19,261,1,375,350,0,350,725
05/15/2019,LGB,CA,AWP,WE,Towers with Radar,95,5,123,0,223,0,24,171,0,195,95,29,294,0,418,506,0,506,924
05/16/2019,LGB,CA,AWP,WE,Towers with Radar,94,8,42,1,145,0,13,89,1,103,94,21,131,2,248,129,0,129,377
05/17/2019,LGB,CA,AWP,WE,Towers with Radar,94,6,60,0,160,0,14,266,0,280,94,20,326,0,440,546,0,546,986
05/18/2019,LGB,CA,AWP,WE,Towers with Radar,88,0,53,1,142,0,4,234,0,238,88,4,287,1,380,432,0,432,812
05/19/2019,LGB,CA,AWP,WE,Towers with Radar,86,5,52,3,146,0,0,91,0,91,86,5,143,3,237,114,0,114,351
05/20/2019,LGB,CA,AWP,WE,Towers with Radar,95,1,63,2,161,0,15,191,3,209,95,16,254,5,370,377,0,377,747
05/21/2019,LGB,CA,AWP,WE,Towers with Radar,94,12,48,2,156,0,17,190,0,207,94,29,238,2,363,420,0,420,783
05/22/2019,LGB,CA,AWP,WE,Towers with Radar,92,8,94,0,194,0,17,242,0,259,92,25,336,0,453,535,0,535,988
05/23/2019,LGB,CA,AWP,WE,Towers with Radar,96,12,100,0,208,0,9,182,0,191,96,21,282,0,399,516,0,516,915
05/24/2019,LGB,CA,AWP,WE,Towers with Radar,96,5,101,0,202,0,21,327,0,348,96,26,428,0,550,581,0,581,1131
05/25/2019,LGB,CA,AWP,WE,Towers with Radar,89,5,76,0,170,0,6,265,1,272,89,11,341,1,442,402,0,402,844
05/26/2019,LGB,CA,AWP,WE,Towers with Radar,96,3,26,0,125,0,0,70,0,70,96,3,96,0,195,147,0,147,342
05/27/2019,LGB,CA,AWP,WE,Towers with Radar,91,8,68,0,167,0,0,275,0,275,91,8,343,0,442,411,0,411,853
05/28/2019,LGB,CA,AWP,WE,Towers with Radar,89,5,75,0,169,0,16,244,0,260,89,21,319,0,429,437,0,437,866
05/29/2019,LGB,CA,AWP,WE,Towers with Radar,89,8,66,2,165,0,15,268,6,289,89,23,334,8,454,553,0,553,1007
05/30/2019,LGB,CA,AWP,WE,Towers with Radar,93,10,90,1,194,0,14,244,0,258,93,24,334,1,452,504,0,504,956
05/31/2019,LGB,CA,AWP,WE,Towers with Radar,97,6,83,4,190,0,13,167,1,181,97,19,250,5,371,385,0,385,756
06/01/2019,LGB,CA,AWP,WE,Towers with Radar,88,7,67,0,162,0,5,175,0,180,88,12,242,0,342,310,0,310,652
06/02/2019,LGB,CA,AWP,WE,Towers with Radar,92,6,82,1,181,0,0,147,0,147,92,6,229,1,328,307,0,307,635
06/03/2019,LGB,CA,AWP,WE,Towers with Radar,97,7,68,1,173,0,7,157,0,164,97,14,225,1,337,744,0,744,1081
06/04/2019,LGB,CA,AWP,WE,Towers with Radar,91,9,83,1,184,0,29,128,2,159,91,38,211,3,343,489,0,489,832
06/05/2019,LGB,CA,AWP,WE,Towers with Radar,95,6,96,1,198,0,20,148,0,168,95,26,244,1,366,335,0,335,701
06/06/2019,LGB,CA,AWP,WE,Towers with Radar,97,12,121,1,231,0,20,177,0,197,97,32,298,1,428,301,0,301,729
06/07/2019,LGB,CA,AWP,WE,Towers with Radar,96,4,95,2,197,0,0,202,1,203,96,4,297,3,400,588,0,588,988
06/08/2019,LGB,CA,AWP,WE,Towers with Radar,87,7,79,2,175,0,21,242,0,263,87,28,321,2,438,325,0,325,763
06/09/2019,LGB,CA,AWP,WE,Towers with Radar,92,11,93,0,196,0,1,225,0,226,92,12,318,0,422,239,0,239,661
06/10/2019,LGB,CA,AWP,WE,Towers with Radar,96,9,68,1,174,0,23,197,0,220,96,32,265,1,394,552,0,552,946
06/11/2019,LGB,CA,AWP,WE,Towers with Radar,97,12,75,1,185,0,15,282,2,299,97,27,357,3,484,686,0,686,1170
06/12/2019,LGB,CA,AWP,WE,Towers with Radar,94,20,88,0,202,0,13,228,3,244,94,33,316,3,446,502,0,502,948
06/13/2019,LGB,CA,AWP,WE,Towers with Radar,98,18,74,0,190,0,23,192,0,215,98,41,266,0,405,472,0,472,877
06/14/2019,LGB,CA,AWP,WE,Towers with Radar,95,9,92,0,196,0,23,184,0,207,95,32,276,0,403,527,0,527,930
06/15/2019,LGB,CA,AWP,WE,Towers with Radar,88,12,90,0,190,0,0,194,0,194,88,12,284,0,384,421,0,421,805
06/16/2019,LGB,CA,AWP,WE,Towers with Radar,92,10,65,1,168,0,3,90,0,93,92,13,155,1,261,272,0,272,533
06/17/2019,LGB,CA,AWP,WE,Towers with Radar,96,3,84,1,184,0,22,186,0,208,96,25,270,1,392,530,0,530,922
06/18/2019,LGB,CA,AWP,WE,Towers with Radar,96,9,74,0,179,0,15,176,0,191,96,24,250,0,370,664,0,664,1034
06/19/2019,LGB,CA,AWP,WE,Towers with Radar,98,3,89,1,191,0,21,324,0,345,98,24,413,1,536,592,0,592,1128
06/20/2019,LGB,CA,AWP,WE,Towers with Radar,96,6,88,2,192,0,14,210,0,224,96,20,298,2,416,548,0,548,964
06/21/2019,LGB,CA,AWP,WE,Towers with Radar,96,6,79,0,181,0,13,220,0,233,96,19,299,0,414,457,0,457,871
06/22/2019,LGB,CA,AWP,WE,Towers with Radar,89,10,69,0,168,0,14,213,0,227,89,24,282,0,395,316,0,316,711
06/23/2019,LGB,CA,AWP,WE,Towers with Radar,92,7,62,0,161,0,3,164,1,168,92,10,226,1,329,277,0,277,606
06/24/2019,LGB,CA,AWP,WE,Towers with Radar,97,11,69,1,178,0,16,138,2,156,97,27,207,3,334,326,0,326,660
06/25/2019,LGB,CA,AWP,WE,Towers with Radar,94,8,73,3,178,0,12,172,2,186,94,20,245,5,364,946,0,946,1310
06/26/2019,LGB,CA,AWP,WE,Towers with Radar,96,10,72,4,182,0,41,291,7,339,96,51,363,11,521,656,0,656,1177
06/27/2019,LGB,CA,AWP,WE,Towers with Radar,95,6,83,0,184,0,42,281,1,324,95,48,364,1,508,600,0,600,1108
06/28/2019,LGB,CA,AWP,WE,Towers with Radar,96,12,73,1,182,0,28,286,2,316,96,40,359,3,498,485,0,485,983
06/29/2019,LGB,CA,AWP,WE,Towers with Radar,90,6,42,1,139,0,1,227,0,228,90,7,269,1,367,446,0,446,813
06/30/2019,LGB,CA,AWP,WE,Towers with Radar,96,11,39,0,146,0,1,205,0,206,96,12,244,0,352,218,0,218,570
07/01/2019,LGB,CA,AWP,WE,Towers with Radar,96,12,82,3,193,0,23,230,0,253,96,35,312,3,446,497,0,497,943
07/02/2019,LGB,CA,AWP,WE,Towers with Radar,96,16,67,0,179,0,25,235,0,260,96,41,302,0,439,522,0,522,961
07/03/2019,LGB,CA,AWP,WE,Towers with Radar,96,5,55,0,156,0,21,259,0,280,96,26,314,0,436,661,0,661,1097
07/04/2019,LGB,CA,AWP,WE,Towers with Radar,77,4,25,0,106,0,0,173,0,173,77,4,198,0,279,455,0,455,734
07/05/2019,LGB,CA,AWP,WE,Towers with Radar,85,6,49,0,140,0,20,207,1,228,85,26,256,1,368,363,0,363,731
07/06/2019,LGB,CA,AWP,WE,Towers with Radar,87,5,58,1,151,0,7,235,2,244,87,12,293,3,395,418,0,418,813
07/07/2019,LGB,CA,AWP,WE,Towers with Radar,92,5,58,0,155,0,0,124,0,124,92,5,182,0,279,187,0,187,466
07/08/2019,LGB,CA,AWP,WE,Towers with Radar,96,8,69,0,173,0,17,223,2,242,96,25,292,2,415,701,0,701,1116
07/09/2019,LGB,CA,AWP,WE,Towers with Radar,97,4,68,0,169,0,40,239,0,279,97,44,307,0,448,729,0,729,1177
07/10/2019,LGB,CA,AWP,WE,Towers with Radar,98,12,73,0,183,0,16,240,1,257,98,28,313,1,440,790,0,790,1230
07/11/2019,LGB,CA,AWP,WE,Towers with Radar,96,20,83,0,199,0,15,258,0,273,96,35,341,0,472,509,0,509,981
07/12/2019,LGB,CA,AWP,WE,Towers with Radar,94,16,68,0,178,0,16,303,0,319,94,32,371,0,497,582,0,582,1079
07/13/2019,LGB,CA,AWP,WE,Towers with Radar,92,11,60,0,163,0,2,157,0,159,92,13,217,0,322,256,0,256,578
07/14/2019,LGB,CA,AWP,WE,Towers with Radar,94,9,63,0,166,0,0,197,0,197,94,9,260,0,363,332,0,332,695
07/15/2019,LGB,CA,AWP,WE,Towers with Radar,96,13,79,0,188,0,17,208,2,227,96,30,287,2,415,499,0,499,914
07/16/2019,LGB,CA,AWP,WE,Towers with Radar,96,17,89,1,203,0,25,214,2,241,96,42,303,3,444,371,0,371,815
07/17/2019,LGB,CA,AWP,WE,Towers with Radar,97,8,88,0,193,0,23,226,0,249,97,31,314,0,442,644,0,644,1086
07/18/2019,LGB,CA,AWP,WE,Towers with Radar,95,16,56,1,168,0,20,274,2,296,95,36,330,3,464,488,2,490,954
07/19/2019,LGB,CA,AWP,WE,Towers with Radar,97,5,54,0,156,0,27,233,0,260,97,32,287,0,416,397,0,397,813
07/20/2019,LGB,CA,AWP,WE,Towers with Radar,90,7,57,0,154,0,2,237,2,241,90,9,294,2,395,387,0,387,782
07/21/2019,LGB,CA,AWP,WE,Towers with Radar,96,9,45,1,151,0,0,195,0,195,96,9,240,1,346,322,0,322,668
07/22/2019,LGB,CA,AWP,WE,Towers with Radar,96,10,72,1,179,0,19,244,2,265,96,29,316,3,444,545,0,545,989
07/23/2019,LGB,CA,AWP,WE,Towers with Radar,99,10,63,0,172,0,30,254,0,284,99,40,317,0,456,699,0,699,1155
07/24/2019,LGB,CA,AWP,WE,Towers with Radar,99,5,72,0,176,0,19,236,0,255,99,24,308,0,431,723,0,723,1154
07/25/2019,LGB,CA,AWP,WE,Towers with Radar,94,6,68,1,169,0,22,241,1,264,94,28,309,2,433,561,0,561,994
07/26/2019,LGB,CA,AWP,WE,Towers with Radar,95,11,64,0,170,0,27,327,0,354,95,38,391,0,524,680,0,680,1204
07/27/2019,LGB,CA,AWP,WE,Towers with Radar,93,5,53,1,152,0,20,211,0,231,93,25,264,1,383,389,0,389,772
07/28/2019,LGB,CA,AWP,WE,Towers with Radar,92,6,65,1,164,0,0,197,0,197,92,6,262,1,361,169,0,169,530
07/29/2019,LGB,CA,AWP,WE,Towers with Radar,95,13,63,1,172,0,16,220,0,236,95,29,283,1,408,595,0,595,1003
07/30/2019,LGB,CA,AWP,WE,Towers with Radar,101,6,68,3,178,0,18,281,2,301,101,24,349,5,479,633,0,633,1112
07/31/2019,LGB,CA,AWP,WE,Towers with Radar,96,14,84,2,196,0,12,240,1,253,96,26,324,3,449,468,0,468,917
08/01/2019,LGB,CA,AWP,WE,Towers with Radar,97,16,55,1,169,0,26,244,0,270,97,42,299,1,439,572,0,572,1011
08/02/2019,LGB,CA,AWP,WE,Towers with Radar,95,7,55,0,157,0,29,301,0,330,95,36,356,0,487,518,0,518,1005
08/03/2019,LGB,CA,AWP,WE,Towers with Radar,88,10,75,1,174,0,0,221,0,221,88,10,296,1,395,297,0,297,692
08/04/2019,LGB,CA,AWP,WE,Towers with Radar,92,9,63,2,166,0,0,199,0,199,92,9,262,2,365,295,0,295,660
08/05/2019,LGB,CA,AWP,WE,Towers with Radar,97,17,62,1,177,0,14,221,1,236,97,31,283,2,413,546,0,546,959
08/06/2019,LGB,CA,AWP,WE,Towers with Radar,95,13,79,1,188,0,12,249,1,262,95,25,328,2,450,767,0,767,1217
08/07/2019,LGB,CA,AWP,WE,Towers with Radar,96,21,83,3,203,0,10,248,2,260,96,31,331,5,463,523,0,523,986
08/08/2019,LGB,CA,AWP,WE,Towers with Radar,94,24,86,0,204,0,8,249,0,257,94,32,335,0,461,507,0,507,968
08/09/2019,LGB,CA,AWP,WE,Towers with Radar,98,17,89,0,204,0,10,258,0,268,98,27,347,0,472,546,0,546,1018
08/10/2019,LGB,CA,AWP,WE,Towers with Radar,88,7,64,0,159,0,1,242,0,243,88,8,306,0,402,320,0,320,722
08/11/2019,LGB,CA,AWP,WE,Towers with Radar,92,9,48,0,149,0,0,166,0,166,92,9,214,0,315,326,0,326,641
08/12/2019,LGB,CA,AWP,WE,Towers with Radar,95,15,79,0,189,0,9,222,0,231,95,24,301,0,420,577,0,577,997
08/13/2019,LGB,CA,AWP,WE,Towers with Radar,96,12,85,0,193,0,12,210,1,223,96,24,295,1,416,565,0,565,981
08/14/2019,LGB,CA,AWP,WE,Towers with Radar,97,25,55,0,177,0,8,228,0,236,97,33,283,0,413,571,0,571,984
08/15/2019,LGB,CA,AWP,WE,Towers with Radar,94,16,95,0,205,0,15,283,0,298,94,31,378,0,503,640,0,640,1143
08/16/2019,LGB,CA,AWP,WE,Towers with Radar,95,19,71,1,186,0,12,290,2,304,95,31,361,3,490,509,0,509,999
08/17/2019,LGB,CA,AWP,WE,Towers with Radar,88,10,67,1,166,0,5,271,0,276,88,15,338,1,442,435,0,435,877
08/18/2019,LGB,CA,AWP,WE,Towers with Radar,95,8,67,0,170,0,2,213,0,215,95,10,280,0,385,349,0,349,734
08/19/2019,LGB,CA,AWP,WE,Towers with Radar,97,10,99,0,206,0,18,258,0,276,97,28,357,0,482,471,0,471,953
08/20/2019,LGB,CA,AWP,WE,Towers with Radar,96,8,79,0,183,0,21,297,3,321,96,29,376,3,504,824,0,824,1328
08/21/2019,LGB,CA,AWP,WE,Towers with Radar,97,8,79,0,184,0,16,261,0,277,97,24,340,0,461,612,0,612,1073
08/22/2019,LGB,CA,AWP,WE,Towers with Radar,96,21,88,2,207,0,10,216,1,227,96,31,304,3,434,527,0,527,961
08/23/2019,LGB,CA,AWP,WE,Towers with Radar,96,16,83,2,197,0,19,228,0,247,96,35,311,2,444,438,0,438,882
08/24/2019,LGB,CA,AWP,WE,Towers with Radar,90,8,38,1,137,0,6,320,0,326,90,14,358,1,463,376,0,376,839
08/25/2019,LGB,CA,AWP,WE,Towers with Radar,92,15,46,1,154,0,1,170,0,171,92,16,216,1,325,309,0,309,634
08/26/2019,LGB,CA,AWP,WE,Towers with Radar,94,16,50,1,161,0,18,203,0,221,94,34,253,1,382,639,0,639,1021
08/27/2019,LGB,CA,AWP,WE,Towers with Radar,97,5,80,2,184,0,28,234,0,262,97,33,314,2,446,491,0,491,937
08/28/2019,LGB,CA,AWP,WE,Towers with Radar,98,13,75,3,189,0,17,204,0,221,98,30,279,3,410,455,0,455,865
08/29/2019,LGB,CA,AWP,WE,Towers with Radar,96,6,67,6,175,0,14,289,2,305,96,20,356,8,480,576,0,576,1056
08/30/2019,LGB,CA,AWP,WE,Towers with Radar,95,12,97,0,204,0,22,262,0,284,95,34,359,0,488,435,0,435,923
08/31/2019,LGB,CA,AWP,WE,Towers with Radar,86,6,28,0,120,0,2,210,0,212,86,8,238,0,332,248,0,248,580
09/01/2019,LGB,CA,AWP,WE,Towers with Radar,80,6,41,2,129,0,0,153,0,153,80,6,194,2,282,179,0,179,461
09/02/2019,LGB,CA,AWP,WE,Towers with Radar,90,2,58,0,150,0,1,197,0,198,90,3,255,0,348,356,0,356,704
09/03/2019,LGB,CA,AWP,WE,Towers with Radar,97,6,76,2,181,0,23,215,0,238,97,29,291,2,419,471,0,471,890
09/04/2019,LGB,CA,AWP,WE,Towers with Radar,102,8,70,0,180,0,26,223,0,249,102,34,293,0,429,552,0,552,981
09/05/2019,LGB,CA,AWP,WE,Towers with Radar,94,11,76,1,182,0,24,267,0,291,94,35,343,1,473,586,0,586,1059
09/06/2019,LGB,CA,AWP,WE,Towers with Radar,98,7,70,0,175,0,24,221,0,245,98,31,291,0,420,530,0,530,950
09/07/2019,LGB,CA,AWP,WE,Towers with Radar,89,1,50,1,141,0,4,223,0,227,89,5,273,1,368,286,0,286,654
09/08/2019,LGB,CA,AWP,WE,Towers with Radar,98,9,55,0,162,0,0,160,0,160,98,9,215,0,322,171,0,171,493
09/09/2019,LGB,CA,AWP,WE,Towers with Radar,99,14,80,1,194,0,18,186,5,209,99,32,266,6,403,497,0,497,900
09/10/2019,LGB,CA,AWP,WE,Towers with Radar,100,9,85,1,195,0,20,207,0,227,100,29,292,1,422,512,0,512,934
09/11/2019,LGB,CA,AWP,WE,Towers with Radar,91,11,73,0,175,0,16,235,0,251,91,27,308,0,426,502,0,502,928
09/12/2019,LGB,CA,AWP,WE,Towers with Radar,96,11,86,3,196,0,15,295,0,310,96,26,381,3,506,778,0,778,1284
09/13/2019,LGB,CA,AWP,WE,Towers with Radar,97,15,72,1,185,0,18,248,0,266,97,33,320,1,451,483,0,483,934
09/14/2019,LGB,CA,AWP,WE,Towers with Radar,89,10,48,0,147,0,3,229,1,233,89,13,277,1,380,282,0,282,662
09/15/2019,LGB,CA,AWP,WE,Towers with Radar,97,19,52,0,168,0,1,147,0,148,97,20,199,0,316,163,0,163,479
09/16/2019,LGB,CA,AWP,WE,Towers with Radar,96,15,61,1,173,0,18,186,0,204,96,33,247,1,377,447,0,447,824
09/17/2019,LGB,CA,AWP,WE,Towers with Radar,96,18,78,0,192,0,17,124,0,141,96,35,202,0,333,338,0,338,671
09/18/2019,LGB,CA,AWP,WE,Towers with Radar,95,17,83,0,195,0,14,194,1,209,95,31,277,1,404,426,0,426,830
09/19/2019,LGB,CA,AWP,WE,Towers with Radar,96,12,87,1,196,0,18,209,4,231,96,30,296,5,427,682,0,682,1109
09/20/2019,LGB,CA,AWP,WE,Towers with Radar,96,19,72,1,188,0,18,158,0,176,96,37,230,1,364,491,0,491,855
09/21/2019,LGB,CA,AWP,WE,Towers with Radar,86,6,30,0,122,0,4,199,0,203,86,10,229,0,325,353,0,353,678
09/22/2019,LGB,CA,AWP,WE,Towers with Radar,92,10,55,1,158,0,1,219,0,220,92,11,274,1,378,369,0,369,747
09/23/2019,LGB,CA,AWP,WE,Towers with Radar,96,25,57,0,178,0,11,206,0,217,96,36,263,0,395,557,0,557,952
09/24/2019,LGB,CA,AWP,WE,Towers with Radar,94,12,80,1,187,0,23,238,2,263,94,35,318,3,450,571,0,571,1021
09/25/2019,LGB,CA,AWP,WE,Towers with Radar,94,21,94,0,209,0,11,170,0,181,94,32,264,0,390,451,0,451,841
09/26/2019,LGB,CA,AWP,WE,Towers with Radar,96,12,78,1,187,0,21,215,0,236,96,33,293,1,423,845,0,845,1268
09/27/2019,LGB,CA,AWP,WE,Towers with Radar,95,9,70,0,174,0,17,211,0,228,95,26,281,0,402,551,0,551,953
09/28/2019,LGB,CA,AWP,WE,Towers with Radar,89,5,37,0,131,0,2,127,1,130,89,7,164,1,261,315,0,315,576
09/29/2019,LGB,CA,AWP,WE,Towers with Radar,93,8,41,0,142,0,0,183,0,183,93,8,224,0,325,336,0,336,661
09/30/2019,LGB,CA,AWP,WE,Towers with Radar,97,6,86,3,192,0,13,182,1,196,97,19,268,4,388,534,0,534,922
10/01/2019,LGB,CA,AWP,WE,Towers with Radar,92,6,69,1,168,0,21,244,4,269,92,27,313,5,437,810,0,810,1247
10/02/2019,LGB,CA,AWP,WE,Towers with Radar,92,8,96,4,200,0,18,216,0,234,92,26,312,4,434,731,0,731,1165
10/03/2019,LGB,CA,AWP,WE,Towers with Radar,92,10,63,0,165,0,12,254,0,266,92,22,317,0,431,696,0,696,1127
10/04/2019,LGB,CA,AWP,WE,Towers with Radar,90,9,40,0,139,0,13,191,0,204,90,22,231,0,343,668,0,668,1011
10/05/2019,LGB,CA,AWP,WE,Towers with Radar,82,5,37,0,124,0,6,180,0,186,82,11,217,0,310,483,0,483,793
10/06/2019,LGB,CA,AWP,WE,Towers with Radar,92,14,41,0,147,0,0,222,0,222,92,14,263,0,369,278,0,278,647
10/07/2019,LGB,CA,AWP,WE,Towers with Radar,90,10,69,2,171,0,11,251,1,263,90,21,320,3,434,674,0,674,1108
10/08/2019,LGB,CA,AWP,WE,Towers with Radar,90,5,68,1,164,0,20,235,1,256,90,25,303,2,420,762,0,762,1182
10/09/2019,LGB,CA,AWP,WE,Towers with Radar,92,10,77,0,179,0,10,188,0,198,92,20,265,0,377,549,0,549,926
10/10/2019,LGB,CA,AWP,WE,Towers with Radar,96,18,68,0,182,0,13,235,0,248,96,31,303,0,430,768,0,768,1198
10/11/2019,LGB,CA,AWP,WE,Towers with Radar,90,9,61,0,160,0,18,316,2,336,90,27,377,2,496,419,0,419,915
10/12/2019,LGB,CA,AWP,WE,Towers with Radar,82,3,23,0,108,0,4,251,0,255,82,7,274,0,363,481,0,481,844
10/13/2019,LGB,CA,AWP,WE,Towers with Radar,91,19,46,0,156,0,1,197,0,198,91,20,243,0,354,329,0,329,683
10/14/2019,LGB,CA,AWP,WE,Towers with Radar,91,15,74,2,182,0,27,208,0,235,91,42,282,2,417,614,0,614,1031
10/15/2019,LGB,CA,AWP,WE,Towers with Radar,91,19,56,2,168,0,14,189,4,207,91,33,245,6,375,448,0,448,823
10/16/2019,LGB,CA,AWP,WE,Towers with Radar,92,14,83,0,189,0,10,253,1,264,92,24,336,1,453,628,0,628,1081
10/17/2019,LGB,CA,AWP,WE,Towers with Radar,91,21,88,2,202,0,6,155,0,161,91,27,243,2,363,386,0,386,749
10/18/2019,LGB,CA,AWP,WE,Towers with Radar,91,12,78,0,181,0,12,225,0,237,91,24,303,0,418,616,0,616,1034
10/19/2019,LGB,CA,AWP,WE,Towers with Radar,82,16,54,1,153,0,2,180,0,182,82,18,234,1,335,396,0,396,731
10/20/2019,LGB,CA,AWP,WE,Towers with Radar,92,9,44,1,146,0,0,161,1,162,92,9,205,2,308,341,0,341,649
10/21/2019,LGB,CA,AWP,WE,Towers with Radar,90,15,62,0,167,0,12,224,0,236,90,27,286,0,403,673,0,673,1076
10/22/2019,LGB,CA,AWP,WE,Towers with Radar,89,7,62,6,164,0,21,165,3,189,89,28,227,9,353,693,0,693,1046
10/23/2019,LGB,CA,AWP,WE,Towers with Radar,91,6,104,1,202,0,21,290,0,311,91,27,394,1,513,627,0,627,1140
10/24/2019,LGB,CA,AWP,WE,Towers with Radar,92,9,55,0,156,0,16,225,0,241,92,25,280,0,397,624,0,624,1021
10/25/2019,LGB,CA,AWP,WE,Towers with Radar,91,10,79,2,182,0,14,245,0,259,91,24,324,2,441,563,0,563,1004
10/26/2019,LGB,CA,AWP,WE,Towers with Radar,89,2,48,0,139,0,3,307,0,310,89,5,355,0,449,414,0,414,863
10/27/2019,LGB,CA,AWP,WE,Towers with Radar,86,7,56,0,149,0,0,89,0,89,86,7,145,0,238,265,0,265,503
10/28/2019,LGB,CA,AWP,WE,Towers with Radar,87,4,74,2,167,0,12,252,3,267,87,16,326,5,434,810,0,810,1244
10/29/2019,LGB,CA,AWP,WE,Towers with Radar,99,1,77,0,177,0,21,290,2,313,99,22,367,2,490,630,0,630,1120
10/30/2019,LGB,CA,AWP,WE,Towers with Radar,100,8,29,1,138,0,11,179,2,192,100,19,208,3,330,408,0,408,738
10/31/2019,LGB,CA,AWP,WE,Towers with Radar,94,7,81,0,182,0,18,289,0,307,94,25,370,0,489,621,0,621,1110
11/01/2019,LGB,CA,AWP,WE,Towers with Radar,97,8,95,3,203,0,14,298,1,313,97,22,393,4,516,612,1,613,1129
11/02/2019,LGB,CA,AWP,WE,Towers with Radar,90,11,74,2,177,0,3,436,1,440,90,14,510,3,617,536,0,536,1153
11/03/2019,LGB,CA,AWP,WE,Towers with Radar,96,12,82,7,197,0,0,196,1,197,96,12,278,8,394,292,0,292,686
11/04/2019,LGB,CA,AWP,WE,Towers with Radar,96,11,68,4,179,0,15,186,2,203,96,26,254,6,382,439,0,439,821
11/05/2019,LGB,CA,AWP,WE,Towers with Radar,95,6,83,3,187,0,18,181,2,201,95,24,264,5,388,594,0,594,982
11/06/2019,LGB,CA,AWP,WE,Towers with Radar,98,11,69,2,180,0,4,140,0,144,98,15,209,2,324,430,0,430,754
11/07/2019,LGB,CA,AWP,WE,Towers with Radar,95,13,91,2,201,0,8,142,0,150,95,21,233,2,351,337,0,337,688
11/08/2019,LGB,CA,AWP,WE,Towers with Radar,96,9,67,0,172,0,19,273,0,292,96,28,340,0,464,462,0,462,926
11/09/2019,LGB,CA,AWP,WE,Towers with Radar,91,7,69,0,167,0,4,246,0,250,91,11,315,0,417,615,0,615,1032
11/10/2019,LGB,CA,AWP,WE,Towers with Radar,97,11,52,0,160,0,1,145,0,146,97,12,197,0,306,288,0,288,594
11/11/2019,LGB,CA,AWP,WE,Towers with Radar,96,8,77,0,181,0,11,195,1,207,96,19,272,1,388,511,0,511,899
11/12/2019,LGB,CA,AWP,WE,Towers with Radar,95,8,90,2,195,0,8,23,0,31,95,16,113,2,226,42,0,42,268
11/13/2019,LGB,CA,AWP,WE,Towers with Radar,96,7,66,0,169,0,3,134,0,137,96,10,200,0,306,277,0,277,583
11/14/2019,LGB,CA,AWP,WE,Towers with Radar,98,8,96,0,202,0,6,212,0,218,98,14,308,0,420,390,0,390,810
11/15/2019,LGB,CA,AWP,WE,Towers with Radar,100,12,97,0,209,0,11,268,0,279,100,23,365,0,488,783,0,783,1271
11/16/2019,LGB,CA,AWP,WE,Towers with Radar,90,4,63,0,157,0,1,279,0,280,90,5,342,0,437,416,0,416,853
11/17/2019,LGB,CA,AWP,WE,Towers with Radar,96,7,59,0,162,0,0,259,0,259,96,7,318,0,421,333,0,333,754
11/18/2019,LGB,CA,AWP,WE,Towers with Radar,97,3,82,1,183,0,8,233,0,241,97,11,315,1,424,683,0,683,1107
11/19/2019,LGB,CA,AWP,WE,Towers with Radar,94,10,102,3,209,0,14,190,1,205,94,24,292,4,414,595,0,595,1009
11/20/2019,LGB,CA,AWP,WE,Towers with Radar,94,6,45,1,146,0,9,64,1,74,94,15,109,2,220,209,0,209,429
11/21/2019,LGB,CA,AWP,WE,Towers with Radar,98,7,100,3,208,0,18,248,0,266,98,25,348,3,474,594,0,594,1068
11/22/2019,LGB,CA,AWP,WE,Towers with Radar,98,7,91,2,198,0,11,342,1,354,98,18,433,3,552,510,0,510,1062
11/23/2019,LGB,CA,AWP,WE,Towers with Radar,91,10,71,0,172,0,4,304,0,308,91,14,375,0,480,420,0,420,900
11/24/2019,LGB,CA,AWP,WE,Towers with Radar,101,7,34,2,144,0,43,180,0,223,101,50,214,2,367,331,0,331,698
11/25/2019,LGB,CA,AWP,WE,Towers with Radar,96,4,50,5,155,0,19,169,3,191,96,23,219,8,346,427,0,427,773
11/26/2019,LGB,CA,AWP,WE,Towers with Radar,99,9,82,1,191,0,19,307,0,326,99,28,389,1,517,793,0,793,1310
11/27/2019,LGB,CA,AWP,WE,Towers with Radar,100,9,28,0,137,0,8,35,0,43,100,17,63,0,180,117,0,117,297
11/28/2019,LGB,CA,AWP,WE,Towers with Radar,78,4,3,0,85,0,0,16,0,16,78,4,19,0,101,0,0,0,101
11/29/2019,LGB,CA,AWP,WE,Towers with Radar,82,6,25,0,113,0,9,118,0,127,82,15,143,0,240,250,0,250,490
11/30/2019,LGB,CA,AWP,WE,Towers with Radar,98,10,47,0,155,0,3,246,0,249,98,13,293,0,404,365,0,365,769
12/01/2019,LGB,CA,AWP,WE,Towers with Radar,97,5,58,0,160,0,0,144,0,144,97,5,202,0,304,278,0,278,582
12/02/2019,LGB,CA,AWP,WE,Towers with Radar,97,5,78,0,180,0,12,212,0,224,97,17,290,0,404,569,0,569,973
12/03/2019,LGB,CA,AWP,WE,Towers with Radar,98,11,81,0,190,0,8,220,1,229,98,19,301,1,419,564,0,564,983
12/04/2019,LGB,CA,AWP,WE,Towers with Radar,90,16,61,0,167,0,5,30,0,35,90,21,91,0,202,50,0,50,252
12/05/2019,LGB,CA,AWP,WE,Towers with Radar,100,10,90,1,201,0,11,257,0,268,100,21,347,1,469,692,0,692,1161
12/06/2019,LGB,CA,AWP,WE,Towers with Radar,96,6,67,0,169,0,20,207,0,227,96,26,274,0,396,399,0,399,795
12/07/2019,LGB,CA,AWP,WE,Towers with Radar,93,5,36,1,135,0,1,133,0,134,93,6,169,1,269,387,0,387,656
12/08/2019,LGB,CA,AWP,WE,Towers with Radar,103,9,48,0,160,0,0,47,0,47,103,9,95,0,207,196,0,196,403
12/09/2019,LGB,CA,AWP,WE,Towers with Radar,98,14,88,5,205,0,15,218,0,233,98,29,306,5,438,433,0,433,871
12/10/2019,LGB,CA,AWP,WE,Towers with Radar,99,23,96,1,219,0,11,213,2,226,99,34,309,3,445,559,0,559,1004
12/11/2019,LGB,CA,AWP,WE,Towers with Radar,96,13,93,0,202,0,13,261,1,275,96,26,354,1,477,762,0,762,1239
12/12/2019,LGB,CA,AWP,WE,Towers with Radar,100,17,81,1,199,0,11,292,0,303,100,28,373,1,502,697,0,697,1199
12/13/2019,LGB,CA,AWP,WE,Towers with Radar,95,21,88,3,207,0,7,135,0,142,95,28,223,3,349,186,0,186,535
12/14/2019,LGB,CA,AWP,WE,Towers with Radar,89,6,73,4,172,0,2,152,0,154,89,8,225,4,326,416,0,416,742
12/15/2019,LGB,CA,AWP,WE,Towers with Radar,99,13,50,5,167,0,0,147,2,149,99,13,197,7,316,245,0,245,561
12/16/2019,LGB,CA,AWP,WE,Towers with Radar,98,13,64,1,176,0,11,269,4,284,98,24,333,5,460,301,0,301,761
12/17/2019,LGB,CA,AWP,WE,Towers with Radar,97,12,52,2,163,0,11,178,2,191,97,23,230,4,354,366,0,366,720
12/18/2019,LGB,CA,AWP,WE,Towers with Radar,97,15,94,1,207,0,7,236,1,244,97,22,330,2,451,524,0,524,975
12/19/2019,LGB,CA,AWP,WE,Towers with Radar,98,1,67,0,166,0,14,263,0,277,98,15,330,0,443,656,0,656,1099
12/20/2019,LGB,CA,AWP,WE,Towers with Radar,99,11,95,2,207,0,14,261,0,275,99,25,356,2,482,560,0,560,1042
12/21/2019,LGB,CA,AWP,WE,Towers with Radar,100,7,45,0,152,0,4,255,0,259,100,11,300,0,411,356,0,356,767
12/22/2019,LGB,CA,AWP,WE,Towers with Radar,101,4,39,0,144,0,1,143,0,144,101,5,182,0,288,216,0,216,504
12/23/2019,LGB,CA,AWP,WE,Towers with Radar,100,7,28,1,136,0,7,86,0,93,100,14,114,1,229,220,0,220,449
12/24/2019,LGB,CA,AWP,WE,Towers with Radar,88,2,22,2,114,0,5,83,2,90,88,7,105,4,204,266,0,266,470
12/25/2019,LGB,CA,AWP,WE,Towers with Radar,82,6,5,0,93,0,1,23,0,24,82,7,28,0,117,92,0,92,209
12/26/2019,LGB,CA,AWP,WE,Towers with Radar,102,11,40,0,153,0,5,100,0,105,102,16,140,0,258,196,0,196,454
12/27/2019,LGB,CA,AWP,WE,Towers with Radar,98,9,62,0,169,0,9,196,0,205,98,18,258,0,374,333,0,333,707
12/28/2019,LGB,CA,AWP,WE,Towers with Radar,96,5,30,1,132,0,2,195,0,197,96,7,225,1,329,538,0,538,867
12/29/2019,LGB,CA,AWP,WE,Towers with Radar,103,11,41,0,155,0,0,194,0,194,103,11,235,0,349,382,0,382,731
12/30/2019,LGB,CA,AWP,WE,Towers with Radar,98,11,35,0,144,0,10,184,1,195,98,21,219,1,339,402,0,402,741
12/31/2019,LGB,CA,AWP,WE,Towers with Radar,97,7,27,0,131,0,6,139,0,145,97,13,166,0,276,320,0,320,596
01/01/2020,LGB,CA,AWP,WE,Towers with Radar,94,7,22,0,123,0,1,120,1,122,94,8,142,1,245,102,0,102,347
01/02/2020,LGB,CA,AWP,WE,Towers with Radar,102,8,58,0,168,0,7,212,0,219,102,15,270,0,387,465,0,465,852
01/03/2020,LGB,CA,AWP,WE,Towers with Radar,96,6,74,0,176,0,18,233,0,251,96,24,307,0,427,355,0,355,782
01/04/2020,LGB,CA,AWP,WE,Towers with Radar,96,7,51,0,154,0,3,210,0,213,96,10,261,0,367,305,0,305,672
01/05/2020,LGB,CA,AWP,WE,Towers with Radar,96,10,47,1,154,0,0,171,1,172,96,10,218,2,326,206,0,206,532
01/06/2020,LGB,CA,AWP,WE,Towers with Radar,97,8,63,0,168,0,11,205,0,216,97,19,268,0,384,496,0,496,880
01/07/2020,LGB,CA,AWP,WE,Towers with Radar,92,8,77,1,178,0,13,225,2,240,92,21,302,3,418,496,0,496,914
01/08/2020,LGB,CA,AWP,WE,Towers with Radar,95,4,82,1,182,0,9,218,1,228,95,13,300,2,410,535,0,535,945
01/09/2020,LGB,CA,AWP,WE,Towers with Radar,94,10,63,2,169,0,9,216,0,225,94,19,279,2,394,434,0,434,828
01/10/2020,LGB,CA,AWP,WE,Towers with Radar,94,3,81,2,180,0,10,284,0,294,94,13,365,2,474,497,0,497,971
01/11/2020,LGB,CA,AWP,WE,Towers with Radar,88,8,46,1,143,0,1,277,0,278,88,9,323,1,421,438,0,438,859
01/12/2020,LGB,CA,AWP,WE,Towers with Radar,93,7,57,0,157,0,0,170,0,170,93,7,227,0,327,259,0,259,586
01/13/2020,LGB,CA,AWP,WE,Towers with Radar,94,3,53,0,150,0,14,197,0,211,94,17,250,0,361,540,0,540,901
01/14/2020,LGB,CA,AWP,WE,Towers with Radar,90,5,87,3,185,0,11,224,1,236,90,16,311,4,421,554,0,554,975
01/15/2020,LGB,CA,AWP,WE,Towers with Radar,94,4,85,1,184,0,19,229,1,249,94,23,314,2,433,502,0,502,935
01/16/2020,LGB,CA,AWP,WE,Towers with Radar,95,9,70,1,175,0,9,94,1,104,95,18,164,2,279,311,0,311,590
01/17/2020,LGB,CA,AWP,WE,Towers with Radar,98,11,68,1,178,0,7,250,1,258,98,18,318,2,436,457,0,457,893
01/18/2020,LGB,CA,AWP,WE,Towers with Radar,89,8,64,6,167,0,4,226,1,231,89,12,290,7,398,501,0,501,899
01/19/2020,LGB,CA,AWP,WE,Towers with Radar,95,8,56,6,165,0,0,174,0,174,95,8,230,6,339,463,0,463,802
01/20/2020,LGB,CA,AWP,WE,Towers with Radar,95,11,73,4,183,0,17,217,0,234,95,28,290,4,417,424,0,424,841
01/21/2020,LGB,CA,AWP,WE,Towers with Radar,90,10,67,2,169,0,17,219,2,238,90,27,286,4,407,500,0,500,907
01/22/2020,LGB,CA,AWP,WE,Towers with Radar,94,16,63,0,173,0,13,267,0,280,94,29,330,0,453,481,0,481,934
01/23/2020,LGB,CA,AWP,WE,Towers with Radar,94,9,89,0,192,0,12,292,0,304,94,21,381,0,496,332,0,332,828
01/24/2020,LGB,CA,AWP,WE,Towers with Radar,94,13,73,0,180,0,15,213,0,228,94,28,286,0,408,327,0,327,735
01/25/2020,LGB,CA,AWP,WE,Towers with Radar,90,17,42,0,149,0,1,145,1,147,90,18,187,1,296,259,0,259,555
01/26/2020,LGB,CA,AWP,WE,Towers with Radar,93,13,58,0,164,0,0,59,0,59,93,13,117,0,223,256,0,256,479
01/27/2020,LGB,CA,AWP,WE,Towers with Radar,94,12,74,1,181,0,11,188,2,201,94,23,262,3,382,344,0,344,726
01/28/2020,LGB,CA,AWP,WE,Towers with Radar,95,7,77,1,180,0,10,268,2,280,95,17,345,3,460,488,0,488,948
01/29/2020,LGB,CA,AWP,WE,Towers with Radar,95,10,97,0,202,0,38,266,1,305,95,48,363,1,507,538,0,538,1045
01/30/2020,LGB,CA,AWP,WE,Towers with Radar,95,17,99,2,213,0,13,291,0,304,95,30,390,2,517,531,0,531,1048
01/31/2020,LGB,CA,AWP,WE,Towers with Radar,96,7,78,0,181,0,16,291,0,307,96,23,369,0,488,547,0,547,1035
02/01/2020,LGB,CA,AWP,WE,Towers with Radar,90,11,51,0,152,0,3,225,0,228,90,14,276,0,380,390,0,390,770
02/02/2020,LGB,CA,AWP,WE,Towers with Radar,99,11,32,2,144,0,0,96,0,96,99,11,128,2,240,195,0,195,435
02/03/2020,LGB,CA,AWP,WE,Towers with Radar,98,13,43,0,154,1,2,128,0,131,99,15,171,0,285,52,0,52,337
02/04/2020,LGB,CA,AWP,WE,Towers with Radar,91,17,59,0,167,0,18,176,0,194,91,35,235,0,361,443,0,443,804
02/05/2020,LGB,CA,AWP,WE,Towers with Radar,96,16,75,1,188,0,20,295,0,315,96,36,370,1,503,669,0,669,1172
02/06/2020,LGB,CA,AWP,WE,Towers with Radar,96,16,58,1,171,0,7,317,1,325,96,23,375,2,496,621,0,621,1117
02/07/2020,LGB,CA,AWP,WE,Towers with Radar,96,8,73,0,177,0,17,264,0,281,96,25,337,0,458,416,0,416,874
02/08/2020,LGB,CA,AWP,WE,Towers with Radar,96,6,47,0,149,0,4,179,0,183,96,10,226,0,332,302,0,302,634
02/09/2020,LGB,CA,AWP,WE,Towers with Radar,93,5,32,0,130,0,0,22,0,22,93,5,54,0,152,13,0,13,165
02/10/2020,LGB,CA,AWP,WE,Towers with Radar,98,11,69,0,178,0,14,180,0,194,98,25,249,0,372,493,0,493,865
02/11/2020,LGB,CA,AWP,WE,Towers with Radar,92,3,83,0,178,0,14,277,0,291,92,17,360,0,469,688,0,688,1157
02/12/2020,LGB,CA,AWP,WE,Towers with Radar,99,13,76,4,192,0,13,271,0,284,99,26,347,4,476,617,0,617,1093
02/13/2020,LGB,CA,AWP,WE,Towers with Radar,96,7,79,1,183,0,15,320,2,337,96,22,399,3,520,771,0,771,1291
02/14/2020,LGB,CA,AWP,WE,Towers with Radar,102,13,62,6,183,0,19,257,1,277,102,32,319,7,460,609,0,609,1069
02/15/2020,LGB,CA,AWP,WE,Towers with Radar,94,39,45,5,183,0,2,180,0,182,94,41,225,5,365,454,0,454,819
02/16/2020,LGB,CA,AWP,WE,Towers with Radar,98,20,61,2,181,0,3,186,0,189,98,23,247,2,370,428,0,428,798
02/17/2020,LGB,CA,AWP,WE,Towers with Radar,99,22,59,5,185,0,10,180,1,191,99,32,239,6,376,422,0,422,798
02/18/2020,LGB,CA,AWP,WE,Towers with Radar,99,20,71,3,193,0,20,153,1,174,99,40,224,4,367,415,0,415,782
02/19/2020,LGB,CA,AWP,WE,Towers with Radar,98,5,84,6,193,0,12,319,1,332,98,17,403,7,525,721,0,721,1246
02/20/2020,LGB,CA,AWP,WE,Towers with Radar,98,8,100,3,209,0,7,333,2,342,98,15,433,5,551,590,0,590,1141
02/21/2020,LGB,CA,AWP,WE,Towers with Radar,99,8,76,0,183,0,11,263,0,274,99,19,339,0,457,544,0,544,1001
02/22/2020,LGB,CA,AWP,WE,Towers with Radar,90,13,29,0,132,0,4,114,0,118,90,17,143,0,250,249,0,249,499
02/23/2020,LGB,CA,AWP,WE,Towers with Radar,99,8,60,2,169,0,25,189,2,216,99,33,249,4,385,505,0,505,890
02/24/2020,LGB,CA,AWP,WE,Towers with Radar,100,8,50,1,159,0,21,203,0,224,100,29,253,1,383,670,0,670,1053
02/25/2020,LGB,CA,AWP,WE,Towers with Radar,100,5,65,1,171,0,21,216,1,238,100,26,281,2,409,665,0,665,1074
02/26/2020,LGB,CA,AWP,WE,Towers with Radar,98,6,84,2,190,0,9,249,0,258,98,15,333,2,448,622,0,622,1070
02/27/2020,LGB,CA,AWP,WE,Towers with Radar,98,9,78,0,185,0,15,266,3,284,98,24,344,3,469,503,0,503,972
02/28/2020,LGB,CA,AWP,WE,Towers with Radar,104,9,89,3,205,0,15,290,1,306,104,24,379,4,511,594,0,594,1105
02/29/2020,LGB,CA,AWP,WE,Towers with Radar,89,1,57,1,148,0,2,240,0,242,89,3,297,1,390,367,0,367,757
03/01/2020,LGB,CA,AWP,WE,Towers with Radar,98,1,34,1,134,0,0,75,0,75,98,1,109,1,209,206,0,206,415
03/02/2020,LGB,CA,AWP,WE,Towers with Radar,99,6,63,2,170,0,18,209,3,230,99,24,272,5,400,483,0,483,883
03/03/2020,LGB,CA,AWP,WE,Towers with Radar,97,14,83,3,197,0,13,286,1,300,97,27,369,4,497,604,0,604,1101
03/04/2020,LGB,CA,AWP,WE,Towers with Radar,99,13,88,3,203,0,16,280,0,296,99,29,368,3,499,660,0,660,1159
03/05/2020,LGB,CA,AWP,WE,Towers with Radar,97,7,108,0,212,0,9,252,0,261,97,16,360,0,473,719,0,719,1192
03/06/2020,LGB,CA,AWP,WE,Towers with Radar,102,17,86,2,207,0,15,209,0,224,102,32,295,2,431,515,0,515,946
03/07/2020,LGB,CA,AWP,WE,Towers with Radar,94,7,78,0,179,0,2,192,0,194,94,9,270,0,373,409,0,409,782
03/08/2020,LGB,CA,AWP,WE,Towers with Radar,98,15,53,2,168,0,1,178,0,179,98,16,231,2,347,384,0,384,731
03/09/2020,LGB,CA,AWP,WE,Towers with Radar,96,7,91,0,194,0,20,208,0,228,96,27,299,0,422,612,0,612,1034
03/10/2020,LGB,CA,AWP,WE,Towers with Radar,92,10,29,3,134,0,2,63,2,67,92,12,92,5,201,103,0,103,304
03/11/2020,LGB,CA,AWP,WE,Towers with Radar,87,3,97,3,190,0,22,262,0,284,87,25,359,3,474,756,0,756,1230
03/12/2020,LGB,CA,AWP,WE,Towers with Radar,97,7,31,1,136,0,7,93,0,100,97,14,124,1,236,127,0,127,363
03/13/2020,LGB,CA,AWP,WE,Towers with Radar,96,14,39,2,151,0,9,101,0,110,96,23,140,2,261,221,0,221,482
03/14/2020,LGB,CA,AWP,WE,Towers with Radar,88,5,64,0,157,0,3,143,0,146,88,8,207,0,303,360,0,360,663
03/15/2020,LGB,CA,AWP,WE,Towers with Radar,96,1,48,0,145,0,0,135,0,135,96,1,183,0,280,371,0,371,651
03/16/2020,LGB,CA,AWP,WE,Towers with Radar,96,6,44,0,146,0,9,70,1,80,96,15,114,1,226,273,0,273,499
03/17/2020,LGB,CA,AWP,WE,Towers with Radar,96,2,79,0,177,0,16,217,0,233,96,18,296,0,410,638,0,638,1048
03/18/2020,LGB,CA,AWP,WE,Towers with Radar,79,3,46,1,129,0,12,260,0,272,79,15,306,1,401,348,0,348,749
03/19/2020,LGB,CA,AWP,WE,Towers with Radar,85,3,37,0,125,0,13,156,0,169,85,16,193,0,294,539,0,539,833
03/20/2020,LGB,CA,AWP,WE,Towers with Radar,83,7,22,0,112,0,16,111,0,127,83,23,133,0,239,174,0,174,413
03/21/2020,LGB,CA,AWP,WE,Towers with Radar,76,1,44,2,123,0,1,127,0,128,76,2,171,2,251,227,0,227,478
03/22/2020,LGB,CA,AWP,WE,Towers with Radar,73,3,14,0,90,0,1,43,0,44,73,4,57,0,134,96,0,96,230
03/23/2020,LGB,CA,AWP,WE,Towers with Radar,61,1,30,1,93,0,7,92,0,99,61,8,122,1,192,333,0,333,525
03/24/2020,LGB,CA,AWP,WE,Towers with Radar,58,4,37,0,99,0,7,120,0,127,58,11,157,0,226,286,0,286,512
03/25/2020,LGB,CA,AWP,WE,Towers with Radar,61,1,30,4,96,0,7,120,0,127,61,8,150,4,223,298,0,298,521
03/26/2020,LGB,CA,AWP,WE,Towers with Radar,49,2,35,3,89,0,5,78,3,86,49,7,113,6,175,170,0,170,345
03/27/2020,LGB,CA,AWP,WE,Towers with Radar,48,2,36,2,88,0,7,126,3,136,48,9,162,5,224,208,0,208,432
03/28/2020,LGB,CA,AWP,WE,Towers with Radar,36,1,33,2,72,0,8,104,0,112,36,9,137,2,184,166,0,166,350
03/29/2020,LGB,CA,AWP,WE,Towers with Radar,43,2,7,0,52,0,0,74,0,74,43,2,81,0,126,152,0,152,278
03/30/2020,LGB,CA,AWP,WE,Towers with Radar,28,6,42,3,79,0,7,114,6,127,28,13,156,9,206,254,2,256,462
03/31/2020,LGB,CA,AWP,WE,Towers with Radar,47,5,30,2,84,0,10,152,0,162,47,15,182,2,246,446,0,446,692
04/01/2020,LGB,CA,AWP,WE,Towers with Radar,31,2,29,1,63,0,10,127,1,138,31,12,156,2,201,318,0,318,519
04/02/2020,LGB,CA,AWP,WE,Towers with Radar,31,3,46,0,80,0,5,115,1,121,31,8,161,1,201,254,0,254,455
04/03/2020,LGB,CA,AWP,WE,Towers with Radar,27,3,40,2,72,0,6,154,0,160,27,9,194,2,232,252,0,252,484
04/04/2020,LGB,CA,AWP,WE,Towers with Radar,28,3,30,7,68,0,2,156,0,158,28,5,186,7,226,227,0,227,453
04/05/2020,LGB,CA,AWP,WE,Towers with Radar,28,1,17,2,48,0,0,74,0,74,28,1,91,2,122,116,0,116,238
04/06/2020,LGB,CA,AWP,WE,Towers with Radar,23,5,13,0,41,0,5,50,0,55,23,10,63,0,96,63,0,63,159
04/07/2020,LGB,CA,AWP,WE,Towers with Radar,17,6,26,2,51,0,5,81,0,86,17,11,107,2,137,168,0,168,305
04/08/2020,LGB,CA,AWP,WE,Towers with Radar,25,3,30,3,61,0,6,109,6,121,25,9,139,9,182,315,0,315,497
04/09/2020,LGB,CA,AWP,WE,Towers with Radar,24,4,8,0,36,0,3,12,0,15,24,7,20,0,51,164,0,164,215
04/10/2020,LGB,CA,AWP,WE,Towers with Radar,21,4,17,0,42,0,5,83,0,88,21,9,100,0,130,224,0,224,354
04/11/2020,LGB,CA,AWP,WE,Towers with Radar,21,1,35,0,57,0,2,103,0,105,21,3,138,0,162,182,0,182,344
04/12/2020,LGB,CA,AWP,WE,Towers with Radar,23,0,15,0,38,0,0,40,0,40,23,0,55,0,78,87,0,87,165
04/13/2020,LGB,CA,AWP,WE,Towers with Radar,16,4,58,1,79,0,7,115,1,123,16,11,173,2,202,259,0,259,461
04/14/2020,LGB,CA,AWP,WE,Towers with Radar,18,3,62,0,83,0,8,177,0,185,18,11,239,0,268,415,0,415,683
04/15/2020,LGB,CA,AWP,WE,Towers with Radar,17,0,56,0,73,0,4,163,0,167,17,4,219,0,240,320,0,320,560
04/16/2020,LGB,CA,AWP,WE,Towers with Radar,16,3,42,0,61,0,4,117,0,121,16,7,159,0,182,173,0,173,355
04/17/2020,LGB,CA,AWP,WE,Towers with Radar,14,1,30,0,45,0,5,97,0,102,14,6,127,0,147,213,0,213,360
04/18/2020,LGB,CA,AWP,WE,Towers with Radar,20,3,37,0,60,0,5,91,0,96,20,8,128,0,156,175,0,175,331
04/19/2020,LGB,CA,AWP,WE,Towers with Radar,16,1,20,4,41,0,2,105,0,107,16,3,125,4,148,214,0,214,362
04/20/2020,LGB,CA,AWP,WE,Towers with Radar,14,7,37,0,58,0,6,112,0,118,14,13,149,0,176,148,0,148,324
04/21/2020,LGB,CA,AWP,WE,Towers with Radar,17,3,49,4,73,0,6,154,3,163,17,9,203,7,236,220,0,220,456
04/22/2020,LGB,CA,AWP,WE,Towers with Radar,15,3,53,3,74,0,6,157,4,167,15,9,210,7,241,202,0,202,443
04/23/2020,LGB,CA,AWP,WE,Towers with Radar,21,2,61,2,86,0,3,145,0,148,21,5,206,2,234,235,0,235,469
04/24/2020,LGB,CA,AWP,WE,Towers with Radar,19,3,46,6,74,0,13,106,0,119,19,16,152,6,193,389,0,389,582
04/25/2020,LGB,CA,AWP,WE,Towers with Radar,14,1,41,2,58,0,4,143,1,148,14,5,184,3,206,154,0,154,360
04/26/2020,LGB,CA,AWP,WE,Towers with Radar,15,1,24,1,41,0,0,88,1,89,15,1,112,2,130,150,0,150,280
04/27/2020,LGB,CA,AWP,WE,Towers with Radar,16,4,42,0,62,0,4,96,0,100,16,8,138,0,162,208,0,208,370
04/28/2020,LGB,CA,AWP,WE,Towers with Radar,19,7,38,0,64,0,6,110,0,116,19,13,148,0,180,303,0,303,483
04/29/2020,LGB,CA,AWP,WE,Towers with Radar,18,11,43,2,74,0,6,70,0,76,18,17,113,2,150,183,0,183,333
04/30/2020,LGB,CA,AWP,WE,Towers with Radar,26,10,53,0,89,0,2,117,0,119,26,12,170,0,208,249,0,249,457
05/01/2020,LGB,CA,AWP,WE,Towers with Radar,18,5,61,0,84,0,10,168,0,178,18,15,229,0,262,289,0,289,551
05/02/2020,LGB,CA,AWP,WE,Towers with Radar,13,4,55,0,72,0,3,122,0,125,13,7,177,0,197,164,0,164,361
05/03/2020,LGB,CA,AWP,WE,Towers with Radar,25,5,37,0,67,0,0,179,0,179,25,5,216,0,246,264,0,264,510
05/04/2020,LGB,CA,AWP,WE,Towers with Radar,20,5,40,1,66,0,9,210,6,225,20,14,250,7,291,364,0,364,655
05/05/2020,LGB,CA,AWP,WE,Towers with Radar,21,2,57,1,81,0,6,210,1,217,21,8,267,2,298,447,0,447,745
05/06/2020,LGB,CA,AWP,WE,Towers with Radar,19,1,64,0,84,0,7,189,0,196,19,8,253,0,280,297,0,297,577
05/07/2020,LGB,CA,AWP,WE,Towers with Radar,20,2,59,0,81,0,7,206,0,213,20,9,265,0,294,385,0,385,679
05/08/2020,LGB,CA,AWP,WE,Towers with Radar,24,5,78,0,107,0,8,205,3,216,24,13,283,3,323,451,0,451,774
05/09/2020,LGB,CA,AWP,WE,Towers with Radar,16,1,35,1,53,0,1,105,1,107,16,2,140,2,160,341,0,341,501
05/10/2020,LGB,CA,AWP,WE,Towers with Radar,20,2,15,0,37,0,0,60,0,60,20,2,75,0,97,160,0,160,257
05/11/2020,LGB,CA,AWP,WE,Towers with Radar,20,4,57,1,82,0,7,156,1,164,20,11,213,2,246,423,0,423,669
05/12/2020,LGB,CA,AWP,WE,Towers with Radar,20,4,55,2,81,0,6,100,0,106,20,10,155,2,187,610,0,610,797
05/13/2020,LGB,CA,AWP,WE,Towers with Radar,18,3,60,1,82,0,14,233,0,247,18,17,293,1,329,550,0,550,879
05/14/2020,LGB,CA,AWP,WE,Towers with Radar,22,8,64,0,94,0,7,224,2,233,22,15,288,2,327,430,0,430,757
05/15/2020,LGB,CA,AWP,WE,Towers with Radar,22,4,48,0,74,0,7,203,0,210,22,11,251,0,284,494,0,494,778
05/16/2020,LGB,CA,AWP,WE,Towers with Radar,16,4,35,2,57,0,2,198,3,203,16,6,233,5,260,314,0,314,574
05/17/2020,LGB,CA,AWP,WE,Towers with Radar,20,3,28,0,51,0,0,137,0,137,20,3,165,0,188,283,0,283,471
05/18/2020,LGB,CA,AWP,WE,Towers with Radar,18,15,48,0,81,0,6,62,1,69,18,21,110,1,150,150,0,150,300
05/19/2020,LGB,CA,AWP,WE,Towers with Radar,23,5,71,2,101,0,10,197,0,207,23,15,268,2,308,347,0,347,655
05/20/2020,LGB,CA,AWP,WE,Towers with Radar,18,15,77,3,113,0,10,254,1,265,18,25,331,4,378,457,0,457,835
05/21/2020,LGB,CA,AWP,WE,Towers with Radar,20,3,84,3,110,0,8,227,0,235,20,11,311,3,345,385,0,385,730
05/22/2020,LGB,CA,AWP,WE,Towers with Radar,22,8,64,0,94,0,9,217,0,226,22,17,281,0,320,333,0,333,653
05/23/2020,LGB,CA,AWP,WE,Towers with Radar,16,2,42,0,60,0,3,134,0,137,16,5,176,0,197,281,0,281,478
05/24/2020,LGB,CA,AWP,WE,Towers with Radar,20,3,29,0,52,0,0,116,0,116,20,3,145,0,168,268,0,268,436
05/25/2020,LGB,CA,AWP,WE,Towers with Radar,16,3,60,0,79,0,0,156,0,156,16,3,216,0,235,409,0,409,644
05/26/2020,LGB,CA,AWP,WE,Towers with Radar,18,5,87,1,111,0,8,174,0,182,18,13,261,1,293,586,0,586,879
05/27/2020,LGB,CA,AWP,WE,Towers with Radar,18,7,93,0,118,0,5,158,0,163,18,12,251,0,281,468,0,468,749
05/28/2020,LGB,CA,AWP,WE,Towers with Radar,20,13,80,0,113,0,7,151,0,158,20,20,231,0,271,489,0,489,760
05/29/2020,LGB,CA,AWP,WE,Towers with Radar,21,10,94,2,127,0,0,106,0,106,21,10,200,2,233,461,0,461,694
05/30/2020,LGB,CA,AWP,WE,Towers with Radar,15,4,30,0,49,0,6,176,0,182,15,10,206,0,231,420,0,420,651
05/31/2020,LGB,CA,AWP,WE,Towers with Radar,21,6,34,0,61,0,0,171,2,173,21,6,205,2,234,280,0,280,514
06/01/2020,LGB,CA,AWP,WE,Towers with Radar,18,1,61,2,82,0,11,168,2,181,18,12,229,4,263,408,0,408,671
06/02/2020,LGB,CA,AWP,WE,Towers with Radar,17,3,73,1,94,0,11,216,0,227,17,14,289,1,321,375,0,375,696
06/03/2020,LGB,CA,AWP,WE,Towers with Radar,18,1,82,2,103,0,3,244,2,249,18,4,326,4,352,564,0,564,916
06/04/2020,LGB,CA,AWP,WE,Towers with Radar,22,15,89,0,126,0,2,77,0,79,22,17,166,0,205,325,0,325,530
06/05/2020,LGB,CA,AWP,WE,Towers with Radar,19,4,85,0,108,0,8,167,0,175,19,12,252,0,283,686,0,686,969
06/06/2020,LGB,CA,AWP,WE,Towers with Radar,19,4,38,0,61,0,1,149,0,150,19,5,187,0,211,359,0,359,570
06/07/2020,LGB,CA,AWP,WE,Towers with Radar,31,2,35,0,68,0,0,143,0,143,31,2,178,0,211,253,0,253,464
06/08/2020,LGB,CA,AWP,WE,Towers with Radar,32,4,59,3,98,0,13,186,0,199,32,17,245,3,297,531,0,531,828
06/09/2020,LGB,CA,AWP,WE,Towers with Radar,26,9,70,0,105,0,5,201,0,206,26,14,271,0,311,278,0,278,589
06/10/2020,LGB,CA,AWP,WE,Towers with Radar,24,10,72,0,106,0,9,241,0,250,24,19,313,0,356,588,0,588,944
06/11/2020,LGB,CA,AWP,WE,Towers with Radar,38,7,79,2,126,0,12,277,1,290,38,19,356,3,416,714,0,714,1130
06/12/2020,LGB,CA,AWP,WE,Towers with Radar,35,8,103,0,146,0,8,241,0,249,35,16,344,0,395,514,0,514,909
06/13/2020,LGB,CA,AWP,WE,Towers with Radar,22,0,53,0,75,0,19,201,0,220,22,19,254,0,295,404,0,404,699
06/14/2020,LGB,CA,AWP,WE,Towers with Radar,32,5,28,0,65,0,0,139,0,139,32,5,167,0,204,241,0,241,445
06/15/2020,LGB,CA,AWP,WE,Towers with Radar,34,10,68,0,112,0,10,189,0,199,34,20,257,0,311,468,0,468,779
06/16/2020,LGB,CA,AWP,WE,Towers with Radar,25,3,87,3,118,0,7,223,2,232,25,10,310,5,350,580,0,580,930
06/17/2020,LGB,CA,AWP,WE,Towers with Radar,24,2,114,0,140,0,22,187,0,209,24,24,301,0,349,787,0,787,1136
06/18/2020,LGB,CA,AWP,WE,Towers with Radar,37,5,72,1,115,0,7,123,0,130,37,12,195,1,245,613,0,613,858
06/19/2020,LGB,CA,AWP,WE,Towers with Radar,34,2,86,5,127,0,12,167,0,179,34,14,253,5,306,465,0,465,771
06/20/2020,LGB,CA,AWP,WE,Towers with Radar,22,3,71,3,99,0,5,129,0,134,22,8,200,3,233,368,0,368,601
06/21/2020,LGB,CA,AWP,WE,Towers with Radar,29,1,36,0,66,0,0,125,0,125,29,1,161,0,191,265,0,265,456
06/22/2020,LGB,CA,AWP,WE,Towers with Radar,34,10,57,2,103,0,12,221,0,233,34,22,278,2,336,352,0,352,688
06/23/2020,LGB,CA,AWP,WE,Towers with Radar,24,16,95,2,137,0,12,154,0,166,24,28,249,2,303,364,0,364,667
06/24/2020,LGB,CA,AWP,WE,Towers with Radar,24,6,113,0,143,0,9,152,0,161,24,15,265,0,304,493,0,493,797
06/25/2020,LGB,CA,AWP,WE,Towers with Radar,36,13,84,1,134,0,9,202,1,212,36,22,286,2,346,371,0,371,717
06/26/2020,LGB,CA,AWP,WE,Towers with Radar,34,10,73,4,121,0,8,158,0,166,34,18,231,4,287,416,0,416,703
06/27/2020,LGB,CA,AWP,WE,Towers with Radar,20,10,64,4,98,0,2,165,0,167,20,12,229,4,265,240,0,240,505
06/28/2020,LGB,CA,AWP,WE,Towers with Radar,37,9,39,3,88,0,1,64,0,65,37,10,103,3,153,157,0,157,310
06/29/2020,LGB,CA,AWP,WE,Towers with Radar,33,18,71,1,123,0,14,186,0,200,33,32,257,1,323,471,0,471,794
06/30/2020,LGB,CA,AWP,WE,Towers with Radar,30,12,68,0,110,0,14,234,0,248,30,26,302,0,358,512,0,512,870
07/01/2020,LGB,CA,AWP,WE,Towers with Radar,34,12,88,0,134,0,15,175,0,190,34,27,263,0,324,439,0,439,763
07/02/2020,LGB,CA,AWP,WE,Towers with Radar,40,5,81,0,126,0,16,225,0,241,40,21,306,0,367,457,0,457,824
07/03/2020,LGB,CA,AWP,WE,Towers with Radar,37,7,75,2,121,0,18,246,0,264,37,25,321,2,385,400,0,400,785
07/04/2020,LGB,CA,AWP,WE,Towers with Radar,32,2,24,0,58,0,0,150,0,150,32,2,174,0,208,243,0,243,451
07/05/2020,LGB,CA,AWP,WE,Towers with Radar,40,3,36,0,79,0,0,149,0,149,40,3,185,0,228,293,0,293,521
07/06/2020,LGB,CA,AWP,WE,Towers with Radar,36,4,82,0,122,0,9,221,0,230,36,13,303,0,352,455,0,455,807
07/07/2020,LGB,CA,AWP,WE,Towers with Radar,33,13,68,1,115,0,9,193,1,203,33,22,261,2,318,464,0,464,782
07/08/2020,LGB,CA,AWP,WE,Towers with Radar,32,14,105,0,151,0,11,219,0,230,32,25,324,0,381,394,0,394,775
07/09/2020,LGB,CA,AWP,WE,Towers with Radar,42,13,100,0,155,0,12,219,2,233,42,25,319,2,388,448,0,448,836
07/10/2020,LGB,CA,AWP,WE,Towers with Radar,38,7,81,4,130,0,9,191,0,200,38,16,272,4,330,443,0,443,773
07/11/2020,LGB,CA,AWP,WE,Towers with Radar,36,4,38,2,80,0,3,199,0,202,36,7,237,2,282,296,0,296,578
07/12/2020,LGB,CA,AWP,WE,Towers with Radar,39,3,44,0,86,0,0,156,0,156,39,3,200,0,242,256,0,256,498
07/13/2020,LGB,CA,AWP,WE,Towers with Radar,35,8,64,1,108,0,9,177,1,187,35,17,241,2,295,503,0,503,798
07/14/2020,LGB,CA,AWP,WE,Towers with Radar,32,6,83,2,123,0,11,152,3,166,32,17,235,5,289,476,0,476,765
07/15/2020,LGB,CA,AWP,WE,Towers with Radar,32,11,101,1,145,0,9,216,0,225,32,20,317,1,370,591,0,591,961
07/16/2020,LGB,CA,AWP,WE,Towers with Radar,43,11,88,1,143,0,13,173,0,186,43,24,261,1,329,641,0,641,970
07/17/2020,LGB,CA,AWP,WE,Towers with Radar,38,7,96,2,143,0,10,220,2,232,38,17,316,4,375,495,0,495,870
07/18/2020,LGB,CA,AWP,WE,Towers with Radar,37,5,54,4,100,0,3,201,0,204,37,8,255,4,304,340,0,340,644
07/19/2020,LGB,CA,AWP,WE,Towers with Radar,41,5,63,1,110,0,0,211,0,211,41,5,274,1,321,200,0,200,521
07/20/2020,LGB,CA,AWP,WE,Towers with Radar,39,7,59,3,108,0,6,267,2,275,39,13,326,5,383,489,0,489,872
07/21/2020,LGB,CA,AWP,WE,Towers with Radar,32,4,95,4,135,0,10,260,5,275,32,14,355,9,410,703,0,703,1113
07/22/2020,LGB,CA,AWP,WE,Towers with Radar,34,11,96,5,146,0,15,193,2,210,34,26,289,7,356,385,0,385,741
07/23/2020,LGB,CA,AWP,WE,Towers with Radar,43,5,84,2,134,0,11,208,2,221,43,16,292,4,355,708,0,708,1063
07/24/2020,LGB,CA,AWP,WE,Towers with Radar,38,5,89,3,135,0,22,233,5,260,38,27,322,8,395,671,0,671,1066
07/25/2020,LGB,CA,AWP,WE,Towers with Radar,38,0,72,7,117,0,3,252,0,255,38,3,324,7,372,393,0,393,765
07/26/2020,LGB,CA,AWP,WE,Towers with Radar,40,6,78,6,130,0,0,195,3,198,40,6,273,9,328,243,0,243,571
07/27/2020,LGB,CA,AWP,WE,Towers with Radar,40,2,79,1,122,0,15,214,0,229,40,17,293,1,351,566,0,566,917
07/28/2020,LGB,CA,AWP,WE,Towers with Radar,35,6,84,0,125,0,8,230,0,238,35,14,314,0,363,656,0,656,1019
07/29/2020,LGB,CA,AWP,WE,Towers with Radar,34,14,90,2,140,0,15,174,1,190,34,29,264,3,330,643,0,643,973
07/30/2020,LGB,CA,AWP,WE,Towers with Radar,42,13,81,0,136,0,6,228,0,234,42,19,309,0,370,614,0,614,984
07/31/2020,LGB,CA,AWP,WE,Towers with Radar,38,4,84,1,127,0,10,277,0,287,38,14,361,1,414,520,0,520,934
08/01/2020,LGB,CA,AWP,WE,Towers with Radar,38,5,67,0,110,0,3,222,0,225,38,8,289,0,335,331,0,331,666
08/02/2020,LGB,CA,AWP,WE,Towers with Radar,50,5,49,0,104,0,0,130,0,130,50,5,179,0,234,317,0,317,551
08/03/2020,LGB,CA,AWP,WE,Towers with Radar,44,10,83,1,138,0,12,228,0,240,44,22,311,1,378,411,0,411,789
08/04/2020,LGB,CA,AWP,WE,Towers with Radar,34,4,77,0,115,0,6,138,0,144,34,10,215,0,259,657,0,657,916
08/05/2020,LGB,CA,AWP,WE,Towers with Radar,33,6,106,0,145,0,26,260,0,286,33,32,366,0,431,731,0,731,1162
08/06/2020,LGB,CA,AWP,WE,Towers with Radar,50,12,90,2,154,0,36,245,0,281,50,48,335,2,435,790,0,790,1225
08/07/2020,LGB,CA,AWP,WE,Towers with Radar,43,8,72,0,123,0,18,294,0,312,43,26,366,0,435,553,0,553,988
08/08/2020,LGB,CA,AWP,WE,Towers with Radar,36,9,50,0,95,0,1,208,0,209,36,10,258,0,304,507,0,507,811
08/09/2020,LGB,CA,AWP,WE,Towers with Radar,48,11,46,0,105,0,0,192,1,193,48,11,238,1,298,390,0,390,688
08/10/2020,LGB,CA,AWP,WE,Towers with Radar,39,14,89,1,143,0,13,189,0,202,39,27,278,1,345,445,0,445,790
08/11/2020,LGB,CA,AWP,WE,Towers with Radar,28,10,73,2,113,0,24,248,0,272,28,34,321,2,385,628,0,628,1013
08/12/2020,LGB,CA,AWP,WE,Towers with Radar,25,9,89,2,125,0,16,331,2,349,25,25,420,4,474,645,0,645,1119
08/13/2020,LGB,CA,AWP,WE,Towers with Radar,36,14,87,0,137,0,22,285,0,307,36,36,372,0,444,629,0,629,1073
08/14/2020,LGB,CA,AWP,WE,Towers with Radar,26,9,95,6,136,0,22,296,0,318,26,31,391,6,454,603,0,603,1057
08/15/2020,LGB,CA,AWP,WE,Towers with Radar,22,6,39,2,69,0,2,213,8,223,22,8,252,10,292,542,0,542,834
08/16/2020,LGB,CA,AWP,WE,Towers with Radar,36,9,65,1,111,0,1,205,5,211,36,10,270,6,322,321,0,321,643
08/17/2020,LGB,CA,AWP,WE,Towers with Radar,26,12,71,2,111,0,18,232,0,250,26,30,303,2,361,592,0,592,953
08/18/2020,LGB,CA,AWP,WE,Towers with Radar,26,9,83,5,123,0,12,219,2,233,26,21,302,7,356,617,0,617,973
08/19/2020,LGB,CA,AWP,WE,Towers with Radar,24,10,77,2,113,0,13,265,0,278,24,23,342,2,391,699,0,699,1090
08/20/2020,LGB,CA,AWP,WE,Towers with Radar,35,8,92,1,136,0,12,245,2,259,35,20,337,3,395,729,0,729,1124
08/21/2020,LGB,CA,AWP,WE,Towers with Radar,26,10,75,9,120,0,17,230,1,248,26,27,305,10,368,764,0,764,1132
08/22/2020,LGB,CA,AWP,WE,Towers with Radar,22,4,42,11,79,0,6,182,0,188,22,10,224,11,267,512,0,512,779
08/23/2020,LGB,CA,AWP,WE,Towers with Radar,32,10,54,8,104,0,0,166,0,166,32,10,220,8,270,318,0,318,588
08/24/2020,LGB,CA,AWP,WE,Towers with Radar,26,16,87,0,129,0,18,188,0,206,26,34,275,0,335,457,0,457,792
08/25/2020,LGB,CA,AWP,WE,Towers with Radar,24,11,90,3,128,0,18,239,0,257,24,29,329,3,385,667,0,667,1052
08/26/2020,LGB,CA,AWP,WE,Towers with Radar,24,12,79,0,115,0,19,257,0,276,24,31,336,0,391,651,0,651,1042
08/27/2020,LGB,CA,AWP,WE,Towers with Radar,34,13,94,0,141,0,15,246,0,261,34,28,340,0,402,707,0,707,1109
08/28/2020,LGB,CA,AWP,WE,Towers with Radar,26,7,83,0,116,0,8,256,0,264,26,15,339,0,380,589,0,589,969
08/29/2020,LGB,CA,AWP,WE,Towers with Radar,22,6,62,2,92,0,3,217,0,220,22,9,279,2,312,382,0,382,694
08/30/2020,LGB,CA,AWP,WE,Towers with Radar,33,8,66,3,110,0,2,198,0,200,33,10,264,3,310,289,0,289,599
08/31/2020,LGB,CA,AWP,WE,Towers with Radar,29,8,60,1,98,0,25,214,2,241,29,33,274,3,339,720,0,720,1059
09/01/2020,LGB,CA,AWP,WE,Towers with Radar,22,9,69,1,101,0,23,237,0,260,22,32,306,1,361,684,0,684,1045
09/02/2020,LGB,CA,AWP,WE,Towers with Radar,22,8,62,0,92,0,23,292,0,315,22,31,354,0,407,810,0,810,1217
09/03/2020,LGB,CA,AWP,WE,Towers with Radar,32,18,96,2,148,0,24,265,1,290,32,42,361,3,438,628,0,628,1066
09/04/2020,LGB,CA,AWP,WE,Towers with Radar,26,15,85,0,126,0,20,287,0,307,26,35,372,0,433,709,0,709,1142
09/05/2020,LGB,CA,AWP,WE,Towers with Radar,19,6,34,0,59,0,4,225,0,229,19,10,259,0,288,360,0,360,648
09/06/2020,LGB,CA,AWP,WE,Towers with Radar,42,5,31,0,78,0,0,154,1,155,42,5,185,1,233,189,0,189,422
09/07/2020,LGB,CA,AWP,WE,Towers with Radar,38,8,68,1,115,0,0,34,0,34,38,8,102,1,149,58,0,58,207
09/08/2020,LGB,CA,AWP,WE,Towers with Radar,33,2,80,0,115,0,19,155,0,174,33,21,235,0,289,872,0,872,1161
09/09/2020,LGB,CA,AWP,WE,Towers with Radar,33,14,98,0,145,0,16,201,0,217,33,30,299,0,362,782,0,782,1144
09/10/2020,LGB,CA,AWP,WE,Towers with Radar,48,5,78,1,132,0,11,205,8,224,48,16,283,9,356,467,0,467,823
09/11/2020,LGB,CA,AWP,WE,Towers with Radar,40,7,74,2,123,0,16,202,1,219,40,23,276,3,342,677,0,677,1019
09/12/2020,LGB,CA,AWP,WE,Towers with Radar,34,7,56,6,103,0,1,127,0,128,34,8,183,6,231,413,0,413,644
09/13/2020,LGB,CA,AWP,WE,Towers with Radar,48,11,53,2,114,0,0,120,0,120,48,11,173,2,234,192,0,192,426
09/14/2020,LGB,CA,AWP,WE,Towers with Radar,40,15,91,1,147,0,19,165,0,184,40,34,256,1,331,615,0,615,946
09/15/2020,LGB,CA,AWP,WE,Towers with Radar,38,13,69,3,123,0,11,161,2,174,38,24,230,5,297,554,0,554,851
09/16/2020,LGB,CA,AWP,WE,Towers with Radar,37,21,93,3,154,0,10,218,0,228,37,31,311,3,382,523,2,525,907
09/17/2020,LGB,CA,AWP,WE,Towers with Radar,46,19,99,0,164,0,10,270,2,282,46,29,369,2,446,685,0,685,1131
09/18/2020,LGB,CA,AWP,WE,Towers with Radar,40,12,72,2,126,0,11,272,0,283,40,23,344,2,409,582,0,582,991
09/19/2020,LGB,CA,AWP,WE,Towers with Radar,34,3,45,0,82,0,3,256,0,259,34,6,301,0,341,453,0,453,794
09/20/2020,LGB,CA,AWP,WE,Towers with Radar,44,7,62,0,113,0,0,198,0,198,44,7,260,0,311,250,0,250,561
09/21/2020,LGB,CA,AWP,WE,Towers with Radar,40,10,66,0,116,0,13,252,0,265,40,23,318,0,381,504,0,504,885
09/22/2020,LGB,CA,AWP,WE,Towers with Radar,36,6,68,2,112,0,16,364,0,380,36,22,432,2,492,613,0,613,1105
09/23/2020,LGB,CA,AWP,WE,Towers with Radar,37,18,69,0,124,0,22,300,0,322,37,40,369,0,446,515,0,515,961
09/24/2020,LGB,CA,AWP,WE,Towers with Radar,46,7,73,1,127,0,16,251,1,268,46,23,324,2,395,469,0,469,864
09/25/2020,LGB,CA,AWP,WE,Towers with Radar,40,16,80,2,138,0,12,241,0,253,40,28,321,2,391,498,0,498,889
09/26/2020,LGB,CA,AWP,WE,Towers with Radar,31,9,53,3,96,0,4,183,1,188,31,13,236,4,284,305,0,305,589
09/27/2020,LGB,CA,AWP,WE,Towers with Radar,45,9,60,1,115,0,0,169,1,170,45,9,229,2,285,260,0,260,545
09/28/2020,LGB,CA,AWP,WE,Towers with Radar,40,13,77,0,130,0,12,179,1,192,40,25,256,1,322,412,0,412,734
09/29/2020,LGB,CA,AWP,WE,Towers with Radar,36,9,73,1,119,0,12,192,0,204,36,21,265,1,323,447,0,447,770
09/30/2020,LGB,CA,AWP,WE,Towers with Radar,35,12,76,2,125,0,18,230,1,249,35,30,306,3,374,502,0,502,876
10/01/2020,LGB,CA,AWP,WE,Towers with Radar,46,13,66,0,125,0,13,253,0,266,46,26,319,0,391,540,0,540,931
10/02/2020,LGB,CA,AWP,WE,Towers with Radar,43,7,79,1,130,0,13,279,0,292,43,20,358,1,422,496,0,496,918
10/03/2020,LGB,CA,AWP,WE,Towers with Radar,40,3,55,0,98,0,2,197,0,199,40,5,252,0,297,345,0,345,642
10/04/2020,LGB,CA,AWP,WE,Towers with Radar,44,10,64,0,118,0,2,174,0,176,44,12,238,0,294,362,0,362,656
10/05/2020,LGB,CA,AWP,WE,Towers with Radar,40,14,83,0,137,0,8,173,0,181,40,22,256,0,318,437,0,437,755
10/06/2020,LGB,CA,AWP,WE,Towers with Radar,40,5,79,0,124,0,9,162,1,172,40,14,241,1,296,442,0,442,738
10/07/2020,LGB,CA,AWP,WE,Towers with Radar,36,13,96,0,145,0,8,219,0,227,36,21,315,0,372,433,0,433,805
10/08/2020,LGB,CA,AWP,WE,Towers with Radar,37,8,81,0,126,0,15,209,0,224,37,23,290,0,350,611,0,611,961
10/09/2020,LGB,CA,AWP,WE,Towers with Radar,36,5,82,0,123,0,13,187,0,200,36,18,269,0,323,709,0,709,1032
10/10/2020,LGB,CA,AWP,WE,Towers with Radar,35,4,58,1,98,0,3,281,0,284,35,7,339,1,382,396,0,396,778
10/11/2020,LGB,CA,AWP,WE,Towers with Radar,34,9,53,0,96,0,1,191,0,192,34,10,244,0,288,374,0,374,662
10/12/2020,LGB,CA,AWP,WE,Towers with Radar,36,5,64,0,105,0,11,217,0,228,36,16,281,0,333,536,0,536,869
10/13/2020,LGB,CA,AWP,WE,Towers with Radar,36,10,68,0,114,0,25,282,0,307,36,35,350,0,421,490,0,490,911
10/14/2020,LGB,CA,AWP,WE,Towers with Radar,38,6,97,0,141,0,12,267,0,279,38,18,364,0,420,532,0,532,952
10/15/2020,LGB,CA,AWP,WE,Towers with Radar,36,17,72,0,125,0,12,199,2,213,36,29,271,2,338,607,0,607,945
10/16/2020,LGB,CA,AWP,WE,Towers with Radar,38,8,78,0,124,0,16,210,0,226,38,24,288,0,350,389,0,389,739
10/17/2020,LGB,CA,AWP,WE,Towers with Radar,36,10,58,0,104,0,1,216,0,217,36,11,274,0,321,360,0,360,681
10/18/2020,LGB,CA,AWP,WE,Towers with Radar,33,23,45,1,102,0,0,86,0,86,33,23,131,1,188,68,0,68,256
10/19/2020,LGB,CA,AWP,WE,Towers with Radar,36,11,53,4,104,0,10,160,0,170,36,21,213,4,274,543,0,543,817
10/20/2020,LGB,CA,AWP,WE,Towers with Radar,37,5,72,0,114,0,14,214,0,228,37,19,286,0,342,551,0,551,893
10/21/2020,LGB,CA,AWP,WE,Towers with Radar,38,6,110,1,155,0,11,115,1,127,38,17,225,2,282,459,0,459,741
10/22/2020,LGB,CA,AWP,WE,Towers with Radar,36,14,79,1,130,0,14,239,2,255,36,28,318,3,385,681,0,681,1066
10/23/2020,LGB,CA,AWP,WE,Towers with Radar,36,16,83,3,138,0,18,175,2,195,36,34,258,5,333,610,0,610,943
10/24/2020,LGB,CA,AWP,WE,Towers with Radar,36,10,52,2,100,0,4,212,1,217,36,14,264,3,317,369,0,369,686
10/25/2020,LGB,CA,AWP,WE,Towers with Radar,37,7,63,0,107,0,0,113,0,113,37,7,176,0,220,266,0,266,486
10/26/2020,LGB,CA,AWP,WE,Towers with Radar,38,9,40,2,89,0,11,58,1,70,38,20,98,3,159,148,0,148,307
10/27/2020,LGB,CA,AWP,WE,Towers with Radar,37,10,78,3,128,0,50,148,1,199,37,60,226,4,327,503,0,503,830
10/28/2020,LGB,CA,AWP,WE,Towers with Radar,36,8,67,0,111,0,13,218,0,231,36,21,285,0,342,543,0,543,885
10/29/2020,LGB,CA,AWP,WE,Towers with Radar,38,18,109,3,168,0,14,224,1,239,38,32,333,4,407,428,0,428,835
10/30/2020,LGB,CA,AWP,WE,Towers with Radar,37,10,79,1,127,0,10,231,1,242,37,20,310,2,369,435,0,435,804
10/31/2020,LGB,CA,AWP,WE,Towers with Radar,33,5,57,0,95,0,6,210,0,216,33,11,267,0,311,389,0,389,700
11/01/2020,LGB,CA,AWP,WE,Towers with Radar,33,9,47,0,89,0,0,163,0,163,33,9,210,0,252,328,0,328,580
11/02/2020,LGB,CA,AWP,WE,Towers with Radar,36,15,82,2,135,0,16,191,0,207,36,31,273,2,342,429,0,429,771
11/03/2020,LGB,CA,AWP,WE,Towers with Radar,36,13,70,0,119,0,11,178,0,189,36,24,248,0,308,461,0,461,769
11/04/2020,LGB,CA,AWP,WE,Towers with Radar,41,14,105,0,160,0,6,198,0,204,41,20,303,0,364,480,0,480,844
11/05/2020,LGB,CA,AWP,WE,Towers with Radar,42,6,100,4,152,0,16,240,0,256,42,22,340,4,408,646,0,646,1054
11/06/2020,LGB,CA,AWP,WE,Towers with Radar,41,8,79,5,133,0,8,97,2,107,41,16,176,7,240,170,0,170,410
11/07/2020,LGB,CA,AWP,WE,Towers with Radar,40,5,22,0,67,0,2,63,0,65,40,7,85,0,132,125,0,125,257
11/08/2020,LGB,CA,AWP,WE,Towers with Radar,46,5,27,0,78,0,0,56,0,56,46,5,83,0,134,95,0,95,229
11/09/2020,LGB,CA,AWP,WE,Towers with Radar,42,6,80,2,130,0,21,213,4,238,42,27,293,6,368,516,0,516,884
11/10/2020,LGB,CA,AWP,WE,Towers with Radar,42,7,92,3,144,0,16,274,1,291,42,23,366,4,435,678,2,680,1115
11/11/2020,LGB,CA,AWP,WE,Towers with Radar,42,6,83,3,134,0,7,301,0,308,42,13,384,3,442,648,0,648,1090
11/12/2020,LGB,CA,AWP,WE,Towers with Radar,42,10,94,0,146,0,16,253,2,271,42,26,347,2,417,442,0,442,859
11/13/2020,LGB,CA,AWP,WE,Towers with Radar,42,8,79,1,130,0,15,277,0,292,42,23,356,1,422,539,0,539,961
11/14/2020,LGB,CA,AWP,WE,Towers with Radar,40,8,58,2,108,0,1,213,0,214,40,9,271,2,322,459,0,459,781
11/15/2020,LGB,CA,AWP,WE,Towers with Radar,40,4,60,1,105,0,0,216,0,216,40,4,276,1,321,514,0,514,835
11/16/2020,LGB,CA,AWP,WE,Towers with Radar,42,14,84,2,142,0,11,198,0,209,42,25,282,2,351,536,0,536,887
11/17/2020,LGB,CA,AWP,WE,Towers with Radar,40,13,79,1,133,0,8,244,0,252,40,21,323,1,385,665,0,665,1050
11/18/2020,LGB,CA,AWP,WE,Towers with Radar,42,8,76,2,128,0,16,213,0,229,42,24,289,2,357,666,0,666,1023
11/19/2020,LGB,CA,AWP,WE,Towers with Radar,42,17,77,1,137,0,12,241,0,253,42,29,318,1,390,571,0,571,961
11/20/2020,LGB,CA,AWP,WE,Towers with Radar,48,13,99,6,166,0,14,266,0,280,48,27,365,6,446,594,0,594,1040
11/21/2020,LGB,CA,AWP,WE,Towers with Radar,44,9,70,1,124,0,1,219,0,220,44,10,289,1,344,346,0,346,690
11/22/2020,LGB,CA,AWP,WE,Towers with Radar,40,6,39,0,85,0,1,140,0,141,40,7,179,0,226,308,0,308,534
11/23/2020,LGB,CA,AWP,WE,Towers with Radar,50,7,73,3,133,0,19,154,2,175,50,26,227,5,308,680,0,680,988
11/24/2020,LGB,CA,AWP,WE,Towers with Radar,48,8,58,1,115,0,9,240,1,250,48,17,298,2,365,644,0,644,1009
11/25/2020,LGB,CA,AWP,WE,Towers with Radar,49,13,84,1,147,0,8,175,0,183,49,21,259,1,330,388,0,388,718
11/26/2020,LGB,CA,AWP,WE,Towers with Radar,38,2,20,0,60,0,0,66,0,66,38,2,86,0,126,195,0,195,321
11/27/2020,LGB,CA,AWP,WE,Towers with Radar,46,4,33,0,83,0,7,144,0,151,46,11,177,0,234,396,0,396,630
11/28/2020,LGB,CA,AWP,WE,Towers with Radar,44,4,55,0,103,0,2,189,0,191,44,6,244,0,294,385,0,385,679
11/29/2020,LGB,CA,AWP,WE,Towers with Radar,49,3,59,0,111,0,0,201,0,201,49,3,260,0,312,434,0,434,746
11/30/2020,LGB,CA,AWP,WE,Towers with Radar,49,4,43,1,97,0,12,177,0,189,49,16,220,1,286,659,0,659,945
12/01/2020,LGB,CA,AWP,WE,Towers with Radar,46,12,80,0,138,0,5,188,2,195,46,17,268,2,333,546,0,546,879
12/02/2020,LGB,CA,AWP,WE,Towers with Radar,44,15,81,1,141,0,19,234,0,253,44,34,315,1,394,665,0,665,1059
12/03/2020,LGB,CA,AWP,WE,Towers with Radar,49,13,33,3,98,0,10,105,0,115,49,23,138,3,213,197,0,197,410
12/04/2020,LGB,CA,AWP,WE,Towers with Radar,45,11,71,1,128,0,12,229,0,241,45,23,300,1,369,531,0,531,900
12/05/2020,LGB,CA,AWP,WE,Towers with Radar,40,2,57,0,99,0,3,219,0,222,40,5,276,0,321,401,0,401,722
12/06/2020,LGB,CA,AWP,WE,Towers with Radar,45,9,56,0,110,0,4,163,0,167,45,13,219,0,277,352,0,352,629
12/07/2020,LGB,CA,AWP,WE,Towers with Radar,45,8,79,0,132,0,15,162,0,177,45,23,241,0,309,450,0,450,759
12/08/2020,LGB,CA,AWP,WE,Towers with Radar,44,2,38,4,88,0,8,219,0,227,44,10,257,4,315,457,0,457,772
12/09/2020,LGB,CA,AWP,WE,Towers with Radar,44,14,90,0,148,0,13,248,0,261,44,27,338,0,409,498,0,498,907
12/10/2020,LGB,CA,AWP,WE,Towers with Radar,46,2,82,7,137,0,10,190,3,203,46,12,272,10,340,529,0,529,869
12/11/2020,LGB,CA,AWP,WE,Towers with Radar,44,3,85,1,133,0,12,194,1,207,44,15,279,2,340,701,0,701,1041
12/12/2020,LGB,CA,AWP,WE,Towers with Radar,42,5,54,0,101,0,3,127,0,130,42,8,181,0,231,494,0,494,725
12/13/2020,LGB,CA,AWP,WE,Towers with Radar,44,4,63,0,111,0,1,189,0,190,44,5,252,0,301,400,0,400,701
12/14/2020,LGB,CA,AWP,WE,Towers with Radar,46,7,50,2,105,0,17,131,0,148,46,24,181,2,253,402,0,402,655
12/15/2020,LGB,CA,AWP,WE,Towers with Radar,46,11,88,0,145,0,14,225,1,240,46,25,313,1,385,554,0,554,939
12/16/2020,LGB,CA,AWP,WE,Towers with Radar,46,9,70,0,125,0,11,247,0,258,46,20,317,0,383,627,0,627,1010
12/17/2020,LGB,CA,AWP,WE,Towers with Radar,46,9,61,0,116,0,12,172,0,184,46,21,233,0,300,551,0,551,851
12/18/2020,LGB,CA,AWP,WE,Towers with Radar,51,23,75,2,151,0,3,198,0,201,51,26,273,2,352,415,0,415,767
12/19/2020,LGB,CA,AWP,WE,Towers with Radar,50,2,59,0,111,0,2,228,0,230,50,4,287,0,341,414,0,414,755
12/20/2020,LGB,CA,AWP,WE,Towers with Radar,45,7,33,0,85,0,0,180,0,180,45,7,213,0,265,332,0,332,597
12/21/2020,LGB,CA,AWP,WE,Towers with Radar,50,15,60,4,129,0,15,181,1,197,50,30,241,5,326,447,0,447,773
12/22/2020,LGB,CA,AWP,WE,Towers with Radar,51,13,72,1,137,0,9,163,1,173,51,22,235,2,310,489,0,489,799
12/23/2020,LGB,CA,AWP,WE,Towers with Radar,51,7,58,0,116,0,8,130,0,138,51,15,188,0,254,425,0,425,679
12/24/2020,LGB,CA,AWP,WE,Towers with Radar,41,3,35,2,81,0,7,107,1,115,41,10,142,3,196,296,0,296,492
12/25/2020,LGB,CA,AWP,WE,Towers with Radar,38,3,16,0,57,0,0,67,0,67,38,3,83,0,124,138,0,138,262
12/26/2020,LGB,CA,AWP,WE,Towers with Radar,45,5,54,0,104,0,3,185,0,188,45,8,239,0,292,468,0,468,760
12/27/2020,LGB,CA,AWP,WE,Towers with Radar,48,4,60,0,112,0,0,135,0,135,48,4,195,0,247,345,0,345,592
12/28/2020,LGB,CA,AWP,WE,Towers with Radar,53,6,16,0,75,0,8,25,0,33,53,14,41,0,108,63,0,63,171
12/29/2020,LGB,CA,AWP,WE,Towers with Radar,49,14,45,1,109,0,4,222,2,228,49,18,267,3,337,513,0,513,850
12/30/2020,LGB,CA,AWP,WE,Towers with Radar,50,9,48,2,109,0,9,247,0,256,50,18,295,2,365,572,0,572,937
12/31/2020,LGB,CA,AWP,WE,Towers with Radar,42,4,25,0,71,0,2,148,0,150,42,6,173,0,221,389,0,389,610
01/01/2021,LGB,CA,AWP,WE,Towers with Radar,38,0,25,0,63,0,0,127,0,127,38,0,152,0,190,283,0,283,473
01/02/2021,LGB,CA,AWP,WE,Towers with Radar,45,8,52,0,105,0,0,200,0,200,45,8,252,0,305,511,0,511,816
01/03/2021,LGB,CA,AWP,WE,Towers with Radar,49,7,66,0,122,0,1,117,0,118,49,8,183,0,240,256,0,256,496
01/04/2021,LGB,CA,AWP,WE,Towers with Radar,47,7,60,0,114,0,3,203,1,207,47,10,263,1,321,587,0,587,908
01/05/2021,LGB,CA,AWP,WE,Towers with Radar,42,4,68,5,119,0,9,139,1,149,42,13,207,6,268,505,0,505,773
01/06/2021,LGB,CA,AWP,WE,Towers with Radar,44,9,63,3,119,0,9,212,1,222,44,18,275,4,341,663,0,663,1004
01/07/2021,LGB,CA,AWP,WE,Towers with Radar,45,10,88,0,143,0,9,174,0,183,45,19,262,0,326,764,0,764,1090
01/08/2021,LGB,CA,AWP,WE,Towers with Radar,41,7,59,0,107,0,3,139,1,143,41,10,198,1,250,324,0,324,574
01/09/2021,LGB,CA,AWP,WE,Towers with Radar,40,7,41,0,88,0,3,194,0,197,40,10,235,0,285,406,0,406,691
01/10/2021,LGB,CA,AWP,WE,Towers with Radar,44,6,58,0,108,0,2,214,0,216,44,8,272,0,324,509,0,509,833
01/11/2021,LGB,CA,AWP,WE,Towers with Radar,46,11,66,2,125,0,16,223,1,240,46,27,289,3,365,615,0,615,980
01/12/2021,LGB,CA,AWP,WE,Towers with Radar,43,2,65,3,113,0,12,236,2,250,43,14,301,5,363,657,0,657,1020
01/13/2021,LGB,CA,AWP,WE,Towers with Radar,43,6,68,3,120,0,9,263,0,272,43,15,331,3,392,730,0,730,1122
01/14/2021,LGB,CA,AWP,WE,Towers with Radar,45,5,58,0,108,0,10,162,0,172,45,15,220,0,280,554,0,554,834
01/15/2021,LGB,CA,AWP,WE,Towers with Radar,45,3,69,0,117,0,12,210,0,222,45,15,279,0,339,578,0,578,917
01/16/2021,LGB,CA,AWP,WE,Towers with Radar,40,11,64,0,115,0,3,247,2,252,40,14,311,2,367,576,0,576,943
01/17/2021,LGB,CA,AWP,WE,Towers with Radar,44,2,39,0,85,0,0,189,0,189,44,2,228,0,274,386,0,386,660
01/18/2021,LGB,CA,AWP,WE,Towers with Radar,48,5,68,0,121,0,12,195,0,207,48,17,263,0,328,609,0,609,937
01/19/2021,LGB,CA,AWP,WE,Towers with Radar,43,5,21,0,69,0,11,91,2,104,43,16,112,2,173,193,0,193,366
01/20/2021,LGB,CA,AWP,WE,Towers with Radar,45,8,31,6,90,0,12,118,1,131,45,20,149,7,221,257,0,257,478
01/21/2021,LGB,CA,AWP,WE,Towers with Radar,45,4,91,0,140,0,6,284,1,291,45,10,375,1,431,429,0,429,860
01/22/2021,LGB,CA,AWP,WE,Towers with Radar,45,10,86,4,145,0,4,132,0,136,45,14,218,4,281,455,0,455,736
01/23/2021,LGB,CA,AWP,WE,Towers with Radar,40,5,16,1,62,0,2,76,0,78,40,7,92,1,140,299,0,299,439
01/24/2021,LGB,CA,AWP,WE,Towers with Radar,44,15,69,1,129,0,2,232,0,234,44,17,301,1,363,442,0,442,805
01/25/2021,LGB,CA,AWP,WE,Towers with Radar,46,8,12,2,68,0,0,57,0,57,46,8,69,2,125,56,0,56,181
01/26/2021,LGB,CA,AWP,WE,Towers with Radar,45,13,81,2,141,0,23,333,2,358,45,36,414,4,499,682,0,682,1181
01/27/2021,LGB,CA,AWP,WE,Towers with Radar,43,3,38,5,89,0,10,153,0,163,43,13,191,5,252,477,0,477,729
01/28/2021,LGB,CA,AWP,WE,Towers with Radar,48,4,30,0,82,0,6,148,0,154,48,10,178,0,236,420,0,420,656
01/29/2021,LGB,CA,AWP,WE,Towers with Radar,46,7,28,0,81,0,4,57,0,61,46,11,85,0,142,161,0,161,303
01/30/2021,LGB,CA,AWP,WE,Towers with Radar,40,5,74,0,119,0,1,235,0,236,40,6,309,0,355,513,0,513,868
01/31/2021,LGB,CA,AWP,WE,Towers with Radar,48,11,70,0,129,0,1,216,2,219,48,12,286,2,348,403,0,403,751
02/01/2021,LGB,CA,AWP,WE,Towers with Radar,48,1,84,0,133,0,12,213,0,225,48,13,297,0,358,482,0,482,840
02/02/2021,LGB,CA,AWP,WE,Towers with Radar,43,4,88,0,135,0,9,226,0,235,43,13,314,0,370,659,0,659,1029
02/03/2021,LGB,CA,AWP,WE,Towers with Radar,45,5,74,2,126,0,4,153,0,157,45,9,227,2,283,491,0,491,774
02/04/2021,LGB,CA,AWP,WE,Towers with Radar,47,8,104,1,160,0,7,269,0,276,47,15,373,1,436,688,0,688,1124
02/05/2021,LGB,CA,AWP,WE,Towers with Radar,45,9,92,8,154,0,4,229,0,233,45,13,321,8,387,534,0,534,921
02/06/2021,LGB,CA,AWP,WE,Towers with Radar,42,7,63,1,113,0,2,247,0,249,42,9,310,1,362,352,0,352,714
02/07/2021,LGB,CA,AWP,WE,Towers with Radar,42,3,64,2,111,0,0,121,0,121,42,3,185,2,232,184,0,184,416
02/08/2021,LGB,CA,AWP,WE,Towers with Radar,45,17,84,0,146,0,6,150,4,160,45,23,234,4,306,388,0,388,694
02/09/2021,LGB,CA,AWP,WE,Towers with Radar,43,4,72,1,120,0,9,165,0,174,43,13,237,1,294,550,0,550,844
02/10/2021,LGB,CA,AWP,WE,Towers with Radar,43,11,111,3,168,0,10,219,2,231,43,21,330,5,399,784,0,784,1183
02/11/2021,LGB,CA,AWP,WE,Towers with Radar,45,12,89,1,147,0,7,269,2,278,45,19,358,3,425,552,0,552,977
02/12/2021,LGB,CA,AWP,WE,Towers with Radar,47,12,60,1,120,0,5,131,0,136,47,17,191,1,256,223,0,223,479
02/13/2021,LGB,CA,AWP,WE,Towers with Radar,40,5,49,0,94,0,3,159,1,163,40,8,208,1,257,406,0,406,663
02/14/2021,LGB,CA,AWP,WE,Towers with Radar,39,9,35,0,83,0,0,187,0,187,39,9,222,0,270,139,0,139,409
02/15/2021,LGB,CA,AWP,WE,Towers with Radar,41,10,90,0,141,0,7,266,0,273,41,17,356,0,414,635,4,639,1053
02/16/2021,LGB,CA,AWP,WE,Towers with Radar,37,12,72,0,121,0,7,239,2,248,37,19,311,2,369,611,0,611,980
02/17/2021,LGB,CA,AWP,WE,Towers with Radar,37,9,80,4,130,0,18,312,1,331,37,27,392,5,461,528,0,528,989
02/18/2021,LGB,CA,AWP,WE,Towers with Radar,43,6,67,4,120,0,7,284,0,291,43,13,351,4,411,550,0,550,961
02/19/2021,LGB,CA,AWP,WE,Towers with Radar,45,7,94,2,148,0,10,255,1,266,45,17,349,3,414,585,0,585,999
02/20/2021,LGB,CA,AWP,WE,Towers with Radar,40,8,45,0,93,0,1,123,0,124,40,9,168,0,217,240,0,240,457
02/21/2021,LGB,CA,AWP,WE,Towers with Radar,44,10,51,0,105,0,0,211,0,211,44,10,262,0,316,566,0,566,882
02/22/2021,LGB,CA,AWP,WE,Towers with Radar,46,4,57,1,108,0,7,195,0,202,46,11,252,1,310,502,0,502,812
02/23/2021,LGB,CA,AWP,WE,Towers with Radar,41,7,79,2,129,0,13,242,0,255,41,20,321,2,384,602,0,602,986
02/24/2021,LGB,CA,AWP,WE,Towers with Radar,41,12,88,4,145,0,16,223,0,239,41,28,311,4,384,658,0,658,1042
02/25/2021,LGB,CA,AWP,WE,Towers with Radar,45,12,58,0,115,0,10,207,0,217,45,22,265,0,332,726,0,726,1058
02/26/2021,LGB,CA,AWP,WE,Towers with Radar,45,9,100,0,154,0,9,250,0,259,45,18,350,0,413,601,0,601,1014
02/27/2021,LGB,CA,AWP,WE,Towers with Radar,40,5,54,0,99,0,2,205,0,207,40,7,259,0,306,442,0,442,748
02/28/2021,LGB,CA,AWP,WE,Towers with Radar,43,10,32,0,85,0,0,119,0,119,43,10,151,0,204,187,0,187,391
03/01/2021,LGB,CA,AWP,WE,Towers with Radar,46,2,62,1,111,0,17,226,1,244,46,19,288,2,355,673,0,673,1028
03/02/2021,LGB,CA,AWP,WE,Towers with Radar,39,14,96,0,149,0,2,281,0,283,39,16,377,0,432,754,0,754,1186
03/03/2021,LGB,CA,AWP,WE,Towers with Radar,42,16,46,0,104,0,3,68,0,71,42,19,114,0,175,139,0,139,314
03/04/2021,LGB,CA,AWP,WE,Towers with Radar,47,15,80,0,142,0,8,262,8,278,47,23,342,8,420,664,0,664,1084
03/05/2021,LGB,CA,AWP,WE,Towers with Radar,46,5,82,1,134,0,5,217,1,223,46,10,299,2,357,498,0,498,855
03/06/2021,LGB,CA,AWP,WE,Towers with Radar,42,5,50,0,97,0,3,226,1,230,42,8,276,1,327,505,0,505,832
03/07/2021,LGB,CA,AWP,WE,Towers with Radar,52,4,86,0,142,0,2,183,0,185,52,6,269,0,327,527,0,527,854
03/08/2021,LGB,CA,AWP,WE,Towers with Radar,48,5,73,3,129,0,12,231,1,244,48,17,304,4,373,680,0,680,1053
03/09/2021,LGB,CA,AWP,WE,Towers with Radar,45,13,66,0,124,0,16,191,0,207,45,29,257,0,331,467,0,467,798
03/10/2021,LGB,CA,AWP,WE,Towers with Radar,49,6,34,1,90,0,10,86,0,96,49,16,120,1,186,274,0,274,460
03/11/2021,LGB,CA,AWP,WE,Towers with Radar,74,11,66,0,151,0,14,205,1,220,74,25,271,1,371,555,0,555,926
03/12/2021,LGB,CA,AWP,WE,Towers with Radar,72,11,72,2,157,0,10,248,0,258,72,21,320,2,415,403,0,403,818
03/13/2021,LGB,CA,AWP,WE,Towers with Radar,54,6,83,1,144,0,1,279,0,280,54,7,362,1,424,377,0,377,801
03/14/2021,LGB,CA,AWP,WE,Towers with Radar,59,15,64,0,138,0,2,158,0,160,59,17,222,0,298,539,0,539,837
03/15/2021,LGB,CA,AWP,WE,Towers with Radar,59,6,27,0,92,0,9,49,0,58,59,15,76,0,150,36,0,36,186
03/16/2021,LGB,CA,AWP,WE,Towers with Radar,67,11,100,0,178,0,16,357,0,373,67,27,457,0,551,733,0,733,1284
03/17/2021,LGB,CA,AWP,WE,Towers with Radar,68,8,106,1,183,0,8,292,0,300,68,16,398,1,483,830,0,830,1313
03/18/2021,LGB,CA,AWP,WE,Towers with Radar,68,16,80,0,164,0,3,276,1,280,68,19,356,1,444,821,0,821,1265
03/19/2021,LGB,CA,AWP,WE,Towers with Radar,70,15,84,0,169,0,3,280,0,283,70,18,364,0,452,495,0,495,947
03/20/2021,LGB,CA,AWP,WE,Towers with Radar,62,4,77,2,145,0,3,282,2,287,62,7,359,4,432,381,0,381,813
03/21/2021,LGB,CA,AWP,WE,Towers with Radar,72,9,61,0,142,0,0,224,0,224,72,9,285,0,366,439,0,439,805
03/22/2021,LGB,CA,AWP,WE,Towers with Radar,70,21,84,2,177,0,13,249,1,263,70,34,333,3,440,652,0,652,1092
03/23/2021,LGB,CA,AWP,WE,Towers with Radar,68,10,56,1,135,0,15,186,0,201,68,25,242,1,336,532,0,532,868
03/24/2021,LGB,CA,AWP,WE,Towers with Radar,70,8,84,0,162,0,8,262,2,272,70,16,346,2,434,635,0,635,1069
03/25/2021,LGB,CA,AWP,WE,Towers with Radar,75,17,71,2,165,0,10,183,2,195,75,27,254,4,360,720,0,720,1080
03/26/2021,LGB,CA,AWP,WE,Towers with Radar,73,4,71,1,149,0,19,284,0,303,73,23,355,1,452,601,0,601,1053
03/27/2021,LGB,CA,AWP,WE,Towers with Radar,60,2,72,0,134,0,2,269,0,271,60,4,341,0,405,301,0,301,706
03/28/2021,LGB,CA,AWP,WE,Towers with Radar,70,4,63,0,137,0,0,218,0,218,70,4,281,0,355,431,0,431,786
03/29/2021,LGB,CA,AWP,WE,Towers with Radar,72,4,71,1,148,0,22,231,0,253,72,26,302,1,401,584,0,584,985
03/30/2021,LGB,CA,AWP,WE,Towers with Radar,66,10,92,2,170,0,21,241,0,262,66,31,333,2,432,826,0,826,1258
03/31/2021,LGB,CA,AWP,WE,Towers with Radar,69,10,68,0,147,0,13,271,0,284,69,23,339,0,431,653,0,653,1084
04/01/2021,LGB,CA,AWP,WE,Towers with Radar,74,6,78,0,158,0,11,211,0,222,74,17,289,0,380,649,0,649,1029
04/02/2021,LGB,CA,AWP,WE,Towers with Radar,74,12,80,0,166,0,11,224,0,235,74,23,304,0,401,530,0,530,931
04/03/2021,LGB,CA,AWP,WE,Towers with Radar,64,8,70,0,142,0,2,216,0,218,64,10,286,0,360,412,0,412,772
04/04/2021,LGB,CA,AWP,WE,Towers with Radar,72,1,54,0,127,0,0,189,0,189,72,1,243,0,316,338,0,338,654
04/05/2021,LGB,CA,AWP,WE,Towers with Radar,74,14,90,0,178,0,14,215,0,229,74,28,305,0,407,380,0,380,787
04/06/2021,LGB,CA,AWP,WE,Towers with Radar,73,10,81,2,166,0,19,258,0,277,73,29,339,2,443,567,0,567,1010
04/07/2021,LGB,CA,AWP,WE,Towers with Radar,71,9,92,2,174,0,18,343,3,364,71,27,435,5,538,662,0,662,1200
04/08/2021,LGB,CA,AWP,WE,Towers with Radar,74,7,91,2,174,0,13,256,1,270,74,20,347,3,444,672,0,672,1116
04/09/2021,LGB,CA,AWP,WE,Towers with Radar,74,6,83,2,165,0,12,229,2,243,74,18,312,4,408,624,0,624,1032
04/10/2021,LGB,CA,AWP,WE,Towers with Radar,63,3,64,0,130,0,4,267,0,271,63,7,331,0,401,428,0,428,829
04/11/2021,LGB,CA,AWP,WE,Towers with Radar,73,9,82,0,164,0,2,168,0,170,73,11,250,0,334,252,0,252,586
04/12/2021,LGB,CA,AWP,WE,Towers with Radar,70,11,72,0,153,0,9,115,0,124,70,20,187,0,277,499,0,499,776
04/13/2021,LGB,CA,AWP,WE,Towers with Radar,60,20,97,3,180,0,7,181,1,189,60,27,278,4,369,618,0,618,987
04/14/2021,LGB,CA,AWP,WE,Towers with Radar,62,9,101,1,173,0,25,281,1,307,62,34,382,2,480,624,0,624,1104
04/15/2021,LGB,CA,AWP,WE,Towers with Radar,73,13,103,0,189,0,21,290,1,312,73,34,393,1,501,976,0,976,1477
04/16/2021,LGB,CA,AWP,WE,Towers with Radar,71,8,69,1,149,0,13,189,0,202,71,21,258,1,351,568,0,568,919
04/17/2021,LGB,CA,AWP,WE,Towers with Radar,62,4,57,0,123,0,6,222,0,228,62,10,279,0,351,574,0,574,925
04/18/2021,LGB,CA,AWP,WE,Towers with Radar,74,8,50,0,132,0,3,167,0,170,74,11,217,0,302,305,0,305,607
04/19/2021,LGB,CA,AWP,WE,Towers with Radar,73,9,67,0,149,0,15,237,0,252,73,24,304,0,401,560,0,560,961
04/20/2021,LGB,CA,AWP,WE,Towers with Radar,60,4,96,0,160,0,20,260,0,280,60,24,356,0,440,580,0,580,1020
04/21/2021,LGB,CA,AWP,WE,Towers with Radar,65,9,90,0,164,0,19,215,0,234,65,28,305,0,398,556,0,556,954
04/22/2021,LGB,CA,AWP,WE,Towers with Radar,73,19,103,0,195,0,16,198,0,214,73,35,301,0,409,750,0,750,1159
04/23/2021,LGB,CA,AWP,WE,Towers with Radar,70,9,79,3,161,0,11,228,0,239,70,20,307,3,400,651,0,651,1051
04/24/2021,LGB,CA,AWP,WE,Towers with Radar,59,6,63,4,132,0,4,233,0,237,59,10,296,4,369,374,0,374,743
04/25/2021,LGB,CA,AWP,WE,Towers with Radar,74,9,82,6,171,0,0,193,0,193,74,9,275,6,364,458,0,458,822
04/26/2021,LGB,CA,AWP,WE,Towers with Radar,75,9,62,2,148,0,11,174,0,185,75,20,236,2,333,588,0,588,921
04/27/2021,LGB,CA,AWP,WE,Towers with Radar,62,16,80,3,161,0,26,305,0,331,62,42,385,3,492,700,0,700,1192
04/28/2021,LGB,CA,AWP,WE,Towers with Radar,62,8,117,1,188,0,14,314,1,329,62,22,431,2,517,534,0,534,1051
04/29/2021,LGB,CA,AWP,WE,Towers with Radar,72,17,85,0,174,0,21,297,0,318,72,38,382,0,492,661,0,661,1153
04/30/2021,LGB,CA,AWP,WE,Towers with Radar,70,9,81,1,161,0,12,292,0,304,70,21,373,1,465,670,0,670,1135
05/01/2021,LGB,CA,AWP,WE,Towers with Radar,62,8,60,2,132,0,7,211,0,218,62,15,271,2,350,410,0,410,760
05/02/2021,LGB,CA,AWP,WE,Towers with Radar,71,2,62,1,136,0,0,180,0,180,71,2,242,1,316,534,0,534,850
05/03/2021,LGB,CA,AWP,WE,Towers with Radar,74,4,90,2,170,0,10,276,2,288,74,14,366,4,458,532,0,532,990
05/04/2021,LGB,CA,AWP,WE,Towers with Radar,61,14,77,0,152,0,28,301,0,329,61,42,378,0,481,717,0,717,1198
05/05/2021,LGB,CA,AWP,WE,Towers with Radar,62,9,68,1,140,0,13,231,4,248,62,22,299,5,388,791,0,791,1179
05/06/2021,LGB,CA,AWP,WE,Towers with Radar,72,10,85,1,168,0,10,187,0,197,72,20,272,1,365,677,0,677,1042
05/07/2021,LGB,CA,AWP,WE,Towers with Radar,72,7,70,0,149,0,11,219,0,230,72,18,289,0,379,733,0,733,1112
05/08/2021,LGB,CA,AWP,WE,Towers with Radar,62,10,58,0,130,0,4,235,0,239,62,14,293,0,369,559,0,559,928
05/09/2021,LGB,CA,AWP,WE,Towers with Radar,70,4,41,0,115,0,1,148,0,149,70,5,189,0,264,293,0,293,557
05/10/2021,LGB,CA,AWP,WE,Towers with Radar,75,9,73,0,157,0,14,188,0,202,75,23,261,0,359,487,0,487,846
05/11/2021,LGB,CA,AWP,WE,Towers with Radar,73,21,79,6,179,0,20,290,0,310,73,41,369,6,489,660,0,660,1149
05/12/2021,LGB,CA,AWP,WE,Towers with Radar,73,13,104,1,191,0,13,246,1,260,73,26,350,2,451,642,0,642,1093
05/13/2021,LGB,CA,AWP,WE,Towers with Radar,72,11,106,1,190,0,8,115,0,123,72,19,221,1,313,356,0,356,669
05/14/2021,LGB,CA,AWP,WE,Towers with Radar,73,10,76,1,160,0,11,219,0,230,73,21,295,1,390,595,0,595,985
05/15/2021,LGB,CA,AWP,WE,Towers with Radar,60,1,57,0,118,0,5,216,0,221,60,6,273,0,339,541,0,541,880
05/16/2021,LGB,CA,AWP,WE,Towers with Radar,70,8,71,0,149,0,0,119,0,119,70,8,190,0,268,409,0,409,677
05/17/2021,LGB,CA,AWP,WE,Towers with Radar,75,6,70,0,151,0,4,164,0,168,75,10,234,0,319,502,0,502,821
05/18/2021,LGB,CA,AWP,WE,Towers with Radar,73,12,81,2,168,0,23,262,1,286,73,35,343,3,454,586,0,586,1040
05/19/2021,LGB,CA,AWP,WE,Towers with Radar,72,16,115,0,203,0,16,205,0,221,72,32,320,0,424,552,0,552,976
05/20/2021,LGB,CA,AWP,WE,Towers with Radar,71,10,79,1,161,0,16,275,0,291,71,26,354,1,452,655,0,655,1107
05/21/2021,LGB,CA,AWP,WE,Towers with Radar,72,10,62,1,145,0,15,193,0,208,72,25,255,1,353,262,6,268,621
05/22/2021,LGB,CA,AWP,WE,Towers with Radar,58,6,83,0,147,0,4,235,0,239,58,10,318,0,386,404,0,404,790
05/23/2021,LGB,CA,AWP,WE,Towers with Radar,70,15,62,0,147,0,0,217,0,217,70,15,279,0,364,357,0,357,721
05/24/2021,LGB,CA,AWP,WE,Towers with Radar,71,17,83,0,171,0,22,283,0,305,71,39,366,0,476,543,0,543,1019
05/25/2021,LGB,CA,AWP,WE,Towers with Radar,70,16,74,1,161,0,22,224,0,246,70,38,298,1,407,747,0,747,1154
05/26/2021,LGB,CA,AWP,WE,Towers with Radar,75,7,59,1,142,0,17,275,1,293,75,24,334,2,435,495,0,495,930
05/27/2021,LGB,CA,AWP,WE,Towers with Radar,71,17,72,2,162,0,13,236,0,249,71,30,308,2,411,552,0,552,963
05/28/2021,LGB,CA,AWP,WE,Towers with Radar,76,9,88,0,173,0,24,288,0,312,76,33,376,0,485,607,0,607,1092
05/29/2021,LGB,CA,AWP,WE,Towers with Radar,58,6,72,0,136,0,11,144,0,155,58,17,216,0,291,474,0,474,765
05/30/2021,LGB,CA,AWP,WE,Towers with Radar,68,10,60,0,138,0,4,170,1,175,68,14,230,1,313,406,0,406,719
05/31/2021,LGB,CA,AWP,WE,Towers with Radar,71,2,81,0,154,0,4,173,0,177,71,6,254,0,331,282,0,282,613
06/01/2021,LGB,CA,AWP,WE,Towers with Radar,73,12,68,1,154,0,17,219,0,236,73,29,287,1,390,580,0,580,970
06/02/2021,LGB,CA,AWP,WE,Towers with Radar,70,10,107,2,189,0,12,235,1,248,70,22,342,3,437,635,0,635,1072
06/03/2021,LGB,CA,AWP,WE,Towers with Radar,70,12,87,0,169,0,16,229,0,245,70,28,316,0,414,595,0,595,1009
06/04/2021,LGB,CA,AWP,WE,Towers with Radar,73,10,88,2,173,0,19,243,1,263,73,29,331,3,436,572,0,572,1008
06/05/2021,LGB,CA,AWP,WE,Towers with Radar,62,3,61,2,128,0,4,216,0,220,62,7,277,2,348,404,0,404,752
06/06/2021,LGB,CA,AWP,WE,Towers with Radar,73,13,64,4,154,0,0,200,1,201,73,13,264,5,355,328,0,328,683
06/07/2021,LGB,CA,AWP,WE,Towers with Radar,72,8,58,3,141,0,18,135,0,153,72,26,193,3,294,468,0,468,762
06/08/2021,LGB,CA,AWP,WE,Towers with Radar,69,11,85,0,165,0,21,385,0,406,69,32,470,0,571,704,0,704,1275
06/09/2021,LGB,CA,AWP,WE,Towers with Radar,68,10,102,2,182,0,20,328,0,348,68,30,430,2,530,791,0,791,1321
06/10/2021,LGB,CA,AWP,WE,Towers with Radar,71,11,78,3,163,0,15,263,0,278,71,26,341,3,441,718,0,718,1159
06/11/2021,LGB,CA,AWP,WE,Towers with Radar,72,11,73,3,159,0,20,252,0,272,72,31,325,3,431,569,0,569,1000
06/12/2021,LGB,CA,AWP,WE,Towers with Radar,58,17,52,0,127,0,3,231,0,234,58,20,283,0,361,537,0,537,898
06/13/2021,LGB,CA,AWP,WE,Towers with Radar,74,11,46,0,131,0,0,185,0,185,74,11,231,0,316,338,0,338,654
06/14/2021,LGB,CA,AWP,WE,Towers with Radar,69,9,76,1,155,0,28,209,5,242,69,37,285,6,397,595,0,595,992
06/15/2021,LGB,CA,AWP,WE,Towers with Radar,59,7,87,2,155,0,22,356,0,378,59,29,443,2,533,863,0,863,1396
06/16/2021,LGB,CA,AWP,WE,Towers with Radar,70,12,91,0,173,0,25,271,0,296,70,37,362,0,469,877,0,877,1346
06/17/2021,LGB,CA,AWP,WE,Towers with Radar,71,15,96,1,183,0,12,178,0,190,71,27,274,1,373,490,0,490,863
06/18/2021,LGB,CA,AWP,WE,Towers with Radar,74,18,81,1,174,0,15,206,0,221,74,33,287,1,395,524,0,524,919
06/19/2021,LGB,CA,AWP,WE,Towers with Radar,57,13,68,0,138,0,2,204,1,207,57,15,272,1,345,489,0,489,834
06/20/2021,LGB,CA,AWP,WE,Towers with Radar,70,15,46,0,131,0,0,146,0,146,70,15,192,0,277,159,0,159,436
06/21/2021,LGB,CA,AWP,WE,Towers with Radar,80,18,69,1,168,0,23,233,1,257,80,41,302,2,425,685,0,685,1110
06/22/2021,LGB,CA,AWP,WE,Towers with Radar,73,9,65,0,147,0,28,286,0,314,73,37,351,0,461,1059,0,1059,1520
06/23/2021,LGB,CA,AWP,WE,Towers with Radar,72,3,110,0,185,0,28,284,0,312,72,31,394,0,497,775,0,775,1272
06/24/2021,LGB,CA,AWP,WE,Towers with Radar,72,8,76,2,158,0,25,258,2,285,72,33,334,4,443,854,0,854,1297
06/25/2021,LGB,CA,AWP,WE,Towers with Radar,71,8,68,3,150,0,24,265,0,289,71,32,333,3,439,710,0,710,1149
06/26/2021,LGB,CA,AWP,WE,Towers with Radar,57,5,62,3,127,0,6,271,0,277,57,11,333,3,404,410,0,410,814
06/27/2021,LGB,CA,AWP,WE,Towers with Radar,71,11,60,2,144,0,1,182,1,184,71,12,242,3,328,318,0,318,646
06/28/2021,LGB,CA,AWP,WE,Towers with Radar,77,9,95,1,182,0,23,201,0,224,77,32,296,1,406,484,0,484,890
06/29/2021,LGB,CA,AWP,WE,Towers with Radar,70,26,78,4,178,0,9,66,0,75,70,35,144,4,253,117,0,117,370
06/30/2021,LGB,CA,AWP,WE,Towers with Radar,69,22,78,8,177,0,6,162,0,168,69,28,240,8,345,588,0,588,933
07/01/2021,LGB,CA,AWP,WE,Towers with Radar,70,11,92,0,173,0,17,260,0,277,70,28,352,0,450,595,0,595,1045
07/02/2021,LGB,CA,AWP,WE,Towers with Radar,71,12,70,0,153,0,16,186,0,202,71,28,256,0,355,553,0,553,908
07/03/2021,LGB,CA,AWP,WE,Towers with Radar,60,16,53,0,129,0,3,191,0,194,60,19,244,0,323,415,0,415,738
07/04/2021,LGB,CA,AWP,WE,Towers with Radar,67,2,46,0,115,0,0,154,0,154,67,2,200,0,269,217,0,217,486
07/05/2021,LGB,CA,AWP,WE,Towers with Radar,67,8,71,1,147,0,0,197,0,197,67,8,268,1,344,731,0,731,1075
07/06/2021,LGB,CA,AWP,WE,Towers with Radar,76,8,64,4,152,0,28,307,0,335,76,36,371,4,487,713,0,713,1200
07/07/2021,LGB,CA,AWP,WE,Towers with Radar,73,8,93,1,175,0,25,270,0,295,73,33,363,1,470,640,0,640,1110
07/08/2021,LGB,CA,AWP,WE,Towers with Radar,71,14,92,2,179,0,22,293,1,316,71,36,385,3,495,610,0,610,1105
07/09/2021,LGB,CA,AWP,WE,Towers with Radar,74,9,85,0,168,0,24,278,1,303,74,33,363,1,471,716,0,716,1187
07/10/2021,LGB,CA,AWP,WE,Towers with Radar,58,4,38,2,102,0,6,294,0,300,58,10,332,2,402,400,0,400,802
07/11/2021,LGB,CA,AWP,WE,Towers with Radar,72,11,55,1,139,0,0,236,0,236,72,11,291,1,375,342,0,342,717
07/12/2021,LGB,CA,AWP,WE,Towers with Radar,76,8,81,0,165,0,20,224,0,244,76,28,305,0,409,567,0,567,976
07/13/2021,LGB,CA,AWP,WE,Towers with Radar,70,13,81,0,164,0,25,217,4,246,70,38,298,4,410,719,0,719,1129
07/14/2021,LGB,CA,AWP,WE,Towers with Radar,71,16,94,0,181,0,26,257,3,286,71,42,351,3,467,425,0,425,892
07/15/2021,LGB,CA,AWP,WE,Towers with Radar,73,14,84,0,171,0,26,236,1,263,73,40,320,1,434,711,0,711,1145
07/16/2021,LGB,CA,AWP,WE,Towers with Radar,74,6,82,4,166,0,25,244,0,269,74,31,326,4,435,445,0,445,880
07/17/2021,LGB,CA,AWP,WE,Towers with Radar,58,7,74,5,144,0,5,307,2,314,58,12,381,7,458,436,0,436,894
07/18/2021,LGB,CA,AWP,WE,Towers with Radar,72,14,48,2,136,0,0,196,0,196,72,14,244,2,332,404,0,404,736
07/19/2021,LGB,CA,AWP,WE,Towers with Radar,74,13,78,0,165,0,32,241,2,275,74,45,319,2,440,574,0,574,1014
07/20/2021,LGB,CA,AWP,WE,Towers with Radar,70,5,66,3,144,0,23,269,3,295,70,28,335,6,439,837,0,837,1276
07/21/2021,LGB,CA,AWP,WE,Towers with Radar,70,14,93,2,179,0,24,276,6,306,70,38,369,8,485,668,0,668,1153
07/22/2021,LGB,CA,AWP,WE,Towers with Radar,72,11,93,1,177,0,18,310,0,328,72,29,403,1,505,522,0,522,1027
07/23/2021,LGB,CA,AWP,WE,Towers with Radar,74,10,82,3,169,0,16,195,2,213,74,26,277,5,382,579,0,579,961
07/24/2021,LGB,CA,AWP,WE,Towers with Radar,60,7,53,0,120,0,1,238,0,239,60,8,291,0,359,503,0,503,862
07/25/2021,LGB,CA,AWP,WE,Towers with Radar,72,7,38,1,118,0,0,196,0,196,72,7,234,1,314,425,2,427,741
07/26/2021,LGB,CA,AWP,WE,Towers with Radar,75,16,67,0,158,0,22,169,0,191,75,38,236,0,349,727,0,727,1076
07/27/2021,LGB,CA,AWP,WE,Towers with Radar,72,16,87,2,177,0,34,238,1,273,72,50,325,3,450,747,0,747,1197
07/28/2021,LGB,CA,AWP,WE,Towers with Radar,73,7,83,1,164,0,25,318,5,348,73,32,401,6,512,870,0,870,1382
07/29/2021,LGB,CA,AWP,WE,Towers with Radar,72,8,86,0,166,0,27,300,1,328,72,35,386,1,494,647,0,647,1141
07/30/2021,LGB,CA,AWP,WE,Towers with Radar,75,17,57,4,153,0,27,181,0,208,75,44,238,4,361,604,0,604,965
07/31/2021,LGB,CA,AWP,WE,Towers with Radar,59,12,59,5,135,0,4,226,0,230,59,16,285,5,365,414,0,414,779
08/01/2021,LGB,CA,AWP,WE,Towers with Radar,71,11,40,3,125,0,0,222,1,223,71,11,262,4,348,339,0,339,687
08/02/2021,LGB,CA,AWP,WE,Towers with Radar,77,11,74,0,162,0,16,226,0,242,77,27,300,0,404,612,0,612,1016
08/03/2021,LGB,CA,AWP,WE,Towers with Radar,71,11,64,0,146,0,24,275,0,299,71,35,339,0,445,723,0,723,1168
08/04/2021,LGB,CA,AWP,WE,Towers with Radar,73,8,62,1,144,0,16,308,0,324,73,24,370,1,468,755,0,755,1223
08/05/2021,LGB,CA,AWP,WE,Towers with Radar,76,14,81,0,171,0,17,323,0,340,76,31,404,0,511,801,0,801,1312
08/06/2021,LGB,CA,AWP,WE,Towers with Radar,74,25,77,0,176,0,2,148,0,150,74,27,225,0,326,424,0,424,750
08/07/2021,LGB,CA,AWP,WE,Towers with Radar,61,14,64,0,139,0,2,181,0,183,61,16,245,0,322,341,0,341,663
08/08/2021,LGB,CA,AWP,WE,Towers with Radar,73,17,65,1,156,0,0,157,1,158,73,17,222,2,314,299,0,299,613
08/09/2021,LGB,CA,AWP,WE,Towers with Radar,73,10,69,1,153,0,25,220,1,246,73,35,289,2,399,726,0,726,1125
08/10/2021,LGB,CA,AWP,WE,Towers with Radar,73,21,100,1,195,0,19,181,2,202,73,40,281,3,397,633,0,633,1030
08/11/2021,LGB,CA,AWP,WE,Towers with Radar,72,20,68,3,163,0,15,214,17,246,72,35,282,20,409,698,0,698,1107
08/12/2021,LGB,CA,AWP,WE,Towers with Radar,72,7,91,0,170,0,14,307,0,321,72,21,398,0,491,602,0,602,1093
08/13/2021,LGB,CA,AWP,WE,Towers with Radar,72,8,67,0,147,0,15,226,1,242,72,23,293,1,389,696,0,696,1085
08/14/2021,LGB,CA,AWP,WE,Towers with Radar,61,11,62,0,134,0,6,216,0,222,61,17,278,0,356,329,0,329,685
08/15/2021,LGB,CA,AWP,WE,Towers with Radar,72,10,60,0,142,0,0,220,0,220,72,10,280,0,362,421,0,421,783
08/16/2021,LGB,CA,AWP,WE,Towers with Radar,74,10,57,0,141,0,15,212,1,228,74,25,269,1,369,575,0,575,944
08/17/2021,LGB,CA,AWP,WE,Towers with Radar,68,12,72,2,154,0,20,160,0,180,68,32,232,2,334,711,0,711,1045
08/18/2021,LGB,CA,AWP,WE,Towers with Radar,69,9,84,0,162,0,11,173,0,184,69,20,257,0,346,731,0,731,1077
08/19/2021,LGB,CA,AWP,WE,Towers with Radar,66,17,71,0,154,0,18,247,0,265,66,35,318,0,419,770,0,770,1189
08/20/2021,LGB,CA,AWP,WE,Towers with Radar,67,4,100,2,173,0,14,206,0,220,67,18,306,2,393,862,0,862,1255
08/21/2021,LGB,CA,AWP,WE,Towers with Radar,60,12,59,0,131,0,2,81,0,83,60,14,140,0,214,198,0,198,412
08/22/2021,LGB,CA,AWP,WE,Towers with Radar,73,8,58,0,139,0,0,173,0,173,73,8,231,0,312,426,0,426,738
08/23/2021,LGB,CA,AWP,WE,Towers with Radar,72,8,65,9,154,0,19,168,0,187,72,27,233,9,341,707,0,707,1048
08/24/2021,LGB,CA,AWP,WE,Towers with Radar,69,8,89,0,166,0,18,337,0,355,69,26,426,0,521,857,0,857,1378
08/25/2021,LGB,CA,AWP,WE,Towers with Radar,72,12,107,0,191,0,12,313,0,325,72,24,420,0,516,851,0,851,1367
08/26/2021,LGB,CA,AWP,WE,Towers with Radar,70,11,93,4,178,0,18,301,2,321,70,29,394,6,499,709,0,709,1208
08/27/2021,LGB,CA,AWP,WE,Towers with Radar,70,16,70,2,158,0,22,296,1,319,70,38,366,3,477,808,0,808,1285
08/28/2021,LGB,CA,AWP,WE,Towers with Radar,58,7,50,0,115,0,1,208,0,209,58,8,258,0,324,349,0,349,673
08/29/2021,LGB,CA,AWP,WE,Towers with Radar,72,9,58,0,139,0,0,208,0,208,72,9,266,0,347,347,0,347,694
08/30/2021,LGB,CA,AWP,WE,Towers with Radar,70,8,92,0,170,0,16,235,1,252,70,24,327,1,422,560,0,560,982
08/31/2021,LGB,CA,AWP,WE,Towers with Radar,70,15,84,0,169,0,26,206,1,233,70,41,290,1,402,693,0,693,1095
09/01/2021,LGB,CA,AWP,WE,Towers with Radar,69,11,113,2,195,0,17,216,0,233,69,28,329,2,428,741,0,741,1169
09/02/2021,LGB,CA,AWP,WE,Towers with Radar,72,7,105,2,186,0,22,229,0,251,72,29,334,2,437,642,0,642,1079
09/03/2021,LGB,CA,AWP,WE,Towers with Radar,72,17,97,2,188,0,9,206,0,215,72,26,303,2,403,579,0,579,982
09/04/2021,LGB,CA,AWP,WE,Towers with Radar,59,6,44,2,111,0,14,280,1,295,59,20,324,3,406,448,0,448,854
09/05/2021,LGB,CA,AWP,WE,Towers with Radar,68,7,36,1,112,0,0,240,0,240,68,7,276,1,352,455,0,455,807
09/06/2021,LGB,CA,AWP,WE,Towers with Radar,71,5,64,0,140,0,1,224,0,225,71,6,288,0,365,316,0,316,681
09/07/2021,LGB,CA,AWP,WE,Towers with Radar,67,16,79,5,167,0,13,216,1,230,67,29,295,6,397,608,0,608,1005
09/08/2021,LGB,CA,AWP,WE,Towers with Radar,68,10,93,0,171,0,11,262,2,275,68,21,355,2,446,523,0,523,969
09/09/2021,LGB,CA,AWP,WE,Towers with Radar,70,17,88,2,177,0,28,302,0,330,70,45,390,2,507,750,0,750,1257
09/10/2021,LGB,CA,AWP,WE,Towers with Radar,70,13,64,0,147,0,18,250,0,268,70,31,314,0,415,550,0,550,965
09/11/2021,LGB,CA,AWP,WE,Towers with Radar,58,6,58,0,122,0,5,281,0,286,58,11,339,0,408,455,0,455,863
09/12/2021,LGB,CA,AWP,WE,Towers with Radar,90,11,76,2,179,0,1,250,2,253,90,12,326,4,432,334,0,334,766
09/13/2021,LGB,CA,AWP,WE,Towers with Radar,69,22,73,2,166,0,15,157,0,172,69,37,230,2,338,323,0,323,661
09/14/2021,LGB,CA,AWP,WE,Towers with Radar,68,4,77,5,154,0,17,288,0,305,68,21,365,5,459,532,0,532,991
09/15/2021,LGB,CA,AWP,WE,Towers with Radar,71,17,86,1,175,0,14,273,1,288,71,31,359,2,463,450,0,450,913
09/16/2021,LGB,CA,AWP,WE,Towers with Radar,73,8,97,4,182,0,30,214,1,245,73,38,311,5,427,548,0,548,975
09/17/2021,LGB,CA,AWP,WE,Towers with Radar,75,12,77,3,167,0,13,254,2,269,75,25,331,5,436,900,0,900,1336
09/18/2021,LGB,CA,AWP,WE,Towers with Radar,60,7,55,0,122,0,14,207,0,221,60,21,262,0,343,638,0,638,981
09/19/2021,LGB,CA,AWP,WE,Towers with Radar,91,11,41,1,144,0,0,188,0,188,91,11,229,1,332,455,0,455,787
09/20/2021,LGB,CA,AWP,WE,Towers with Radar,71,9,71,1,152,0,18,245,0,263,71,27,316,1,415,728,0,728,1143
09/21/2021,LGB,CA,AWP,WE,Towers with Radar,69,16,74,3,162,0,29,272,2,303,69,45,346,5,465,151,0,151,616
09/22/2021,LGB,CA,AWP,WE,Towers with Radar,68,22,104,3,197,0,16,292,2,310,68,38,396,5,507,10,0,10,517
09/23/2021,LGB,CA,AWP,WE,Towers with Radar,71,20,84,2,177,0,18,226,0,244,71,38,310,2,421,50,0,50,471
09/24/2021,LGB,CA,AWP,WE,Towers with Radar,70,17,71,2,160,0,11,212,0,223,70,28,283,2,383,58,0,58,441
09/25/2021,LGB,CA,AWP,WE,Towers with Radar,60,14,50,1,125,0,5,319,2,326,60,19,369,3,451,39,0,39,490
09/26/2021,LGB,CA,AWP,WE,Towers with Radar,96,28,79,2,205,0,0,89,0,89,96,28,168,2,294,80,0,80,374
09/27/2021,LGB,CA,AWP,WE,Towers with Radar,72,22,81,1,176,0,17,95,0,112,72,39,176,1,288,827,0,827,1115
09/28/2021,LGB,CA,AWP,WE,Towers with Radar,65,15,93,0,173,0,25,225,0,250,65,40,318,0,423,920,0,920,1343
09/29/2021,LGB,CA,AWP,WE,Towers with Radar,68,5,92,0,165,0,15,241,0,256,68,20,333,0,421,688,0,688,1109
09/30/2021,LGB,CA,AWP,WE,Towers with Radar,70,11,61,1,143,0,17,242,1,260,70,28,303,2,403,651,0,651,1054
10/01/2021,LGB,CA,AWP,WE,Towers with Radar,68,11,69,1,149,0,18,247,1,266,68,29,316,2,415,520,0,520,935
10/02/2021,LGB,CA,AWP,WE,Towers with Radar,62,7,32,0,101,0,4,313,0,317,62,11,345,0,418,393,0,393,811
10/03/2021,LGB,CA,AWP,WE,Towers with Radar,90,4,47,4,145,0,1,190,4,195,90,5,237,8,340,402,0,402,742
10/04/2021,LGB,CA,AWP,WE,Towers with Radar,67,8,51,4,130,0,11,219,11,241,67,19,270,15,371,690,0,690,1061
10/05/2021,LGB,CA,AWP,WE,Towers with Radar,67,12,88,3,170,0,28,304,4,336,67,40,392,7,506,962,0,962,1468
10/06/2021,LGB,CA,AWP,WE,Towers with Radar,69,8,114,9,200,0,15,195,0,210,69,23,309,9,410,572,0,572,982
10/07/2021,LGB,CA,AWP,WE,Towers with Radar,84,8,101,6,199,0,14,152,0,166,84,22,253,6,365,796,0,796,1161
10/08/2021,LGB,CA,AWP,WE,Towers with Radar,88,11,69,2,170,0,16,192,2,210,88,27,261,4,380,547,0,547,927
10/09/2021,LGB,CA,AWP,WE,Towers with Radar,66,6,62,0,134,0,7,298,0,305,66,13,360,0,439,366,0,366,805
10/10/2021,LGB,CA,AWP,WE,Towers with Radar,67,8,58,0,133,0,3,213,0,216,67,11,271,0,349,449,0,449,798
10/11/2021,LGB,CA,AWP,WE,Towers with Radar,72,16,75,1,164,0,15,138,1,154,72,31,213,2,318,349,0,349,667
10/12/2021,LGB,CA,AWP,WE,Towers with Radar,74,12,80,3,169,0,28,206,0,234,74,40,286,3,403,385,0,385,788
10/13/2021,LGB,CA,AWP,WE,Towers with Radar,79,11,97,4,191,0,16,308,0,324,79,27,405,4,515,749,0,749,1264
10/14/2021,LGB,CA,AWP,WE,Towers with Radar,82,18,106,2,208,0,15,302,0,317,82,33,408,2,525,734,0,734,1259
10/15/2021,LGB,CA,AWP,WE,Towers with Radar,91,11,68,0,170,0,15,263,0,278,91,26,331,0,448,592,0,592,1040
10/16/2021,LGB,CA,AWP,WE,Towers with Radar,81,4,50,0,135,0,4,305,0,309,81,8,355,0,444,574,0,574,1018
10/17/2021,LGB,CA,AWP,WE,Towers with Radar,89,5,48,0,142,0,1,216,0,217,89,6,264,0,359,470,0,470,829
10/18/2021,LGB,CA,AWP,WE,Towers with Radar,87,11,78,1,177,0,17,209,0,226,87,28,287,1,403,739,0,739,1142
10/19/2021,LGB,CA,AWP,WE,Towers with Radar,76,8,91,3,178,0,27,262,0,289,76,35,353,3,467,795,0,795,1262
10/20/2021,LGB,CA,AWP,WE,Towers with Radar,76,20,117,3,216,0,18,316,2,336,76,38,433,5,552,881,0,881,1433
10/21/2021,LGB,CA,AWP,WE,Towers with Radar,82,13,91,3,189,0,19,285,0,304,82,32,376,3,493,909,0,909,1402
10/22/2021,LGB,CA,AWP,WE,Towers with Radar,80,9,82,5,176,0,16,182,1,199,80,25,264,6,375,506,0,506,881
10/23/2021,LGB,CA,AWP,WE,Towers with Radar,77,11,39,1,128,0,13,96,0,109,77,24,135,1,237,195,0,195,432
10/24/2021,LGB,CA,AWP,WE,Towers with Radar,88,7,52,0,147,0,2,205,0,207,88,9,257,0,354,500,0,500,854
10/25/2021,LGB,CA,AWP,WE,Towers with Radar,89,10,27,0,126,0,1,29,0,30,89,11,56,0,156,0,0,0,156
10/26/2021,LGB,CA,AWP,WE,Towers with Radar,77,11,102,2,192,0,36,297,0,333,77,47,399,2,525,802,0,802,1327
10/27/2021,LGB,CA,AWP,WE,Towers with Radar,79,9,90,0,178,0,25,290,0,315,79,34,380,0,493,881,0,881,1374
10/28/2021,LGB,CA,AWP,WE,Towers with Radar,85,5,97,2,189,0,8,246,0,254,85,13,343,2,443,691,0,691,1134
10/29/2021,LGB,CA,AWP,WE,Towers with Radar,87,13,83,1,184,0,18,291,0,309,87,31,374,1,493,791,0,791,1284
10/30/2021,LGB,CA,AWP,WE,Towers with Radar,75,9,81,0,165,0,1,157,1,159,75,10,238,1,324,354,0,354,678
10/31/2021,LGB,CA,AWP,WE,Towers with Radar,80,3,64,1,148,0,0,133,0,133,80,3,197,1,281,594,0,594,875
11/01/2021,LGB,CA,AWP,WE,Towers with Radar,86,6,59,3,154,0,5,117,0,122,86,11,176,3,276,500,0,500,776
11/02/2021,LGB,CA,AWP,WE,Towers with Radar,82,13,115,1,211,0,23,170,0,193,82,36,285,1,404,609,0,609,1013
11/03/2021,LGB,CA,AWP,WE,Towers with Radar,86,6,90,2,184,0,4,203,1,208,86,10,293,3,392,584,0,584,976
11/04/2021,LGB,CA,AWP,WE,Towers with Radar,95,13,104,8,220,0,5,116,0,121,95,18,220,8,341,414,0,414,755
11/05/2021,LGB,CA,AWP,WE,Towers with Radar,102,11,83,3,199,0,0,104,0,104,102,11,187,3,303,186,0,186,489
11/06/2021,LGB,CA,AWP,WE,Towers with Radar,79,11,119,6,215,0,0,224,0,224,79,11,343,6,439,161,0,161,600
11/07/2021,LGB,CA,AWP,WE,Towers with Radar,93,6,66,5,170,0,1,106,0,107,93,7,172,5,277,331,0,331,608
11/08/2021,LGB,CA,AWP,WE,Towers with Radar,88,6,88,8,190,0,23,239,1,263,88,29,327,9,453,641,0,641,1094
11/09/2021,LGB,CA,AWP,WE,Towers with Radar,91,12,64,10,177,0,17,219,0,236,91,29,283,10,413,764,0,764,1177
11/10/2021,LGB,CA,AWP,WE,Towers with Radar,91,16,79,4,190,0,18,273,0,291,91,34,352,4,481,770,0,770,1251
11/11/2021,LGB,CA,AWP,WE,Towers with Radar,93,11,75,0,179,0,18,431,0,449,93,29,506,0,628,1017,0,1017,1645
11/12/2021,LGB,CA,AWP,WE,Towers with Radar,96,3,89,0,188,0,16,308,0,324,96,19,397,0,512,831,0,831,1343
11/13/2021,LGB,CA,AWP,WE,Towers with Radar,82,4,67,2,155,0,3,343,0,346,82,7,410,2,501,588,0,588,1089
11/14/2021,LGB,CA,AWP,WE,Towers with Radar,94,13,51,0,158,0,0,268,0,268,94,13,319,0,426,679,0,679,1105
11/15/2021,LGB,CA,AWP,WE,Towers with Radar,92,13,59,0,164,0,19,240,0,259,92,32,299,0,423,725,0,725,1148
11/16/2021,LGB,CA,AWP,WE,Towers with Radar,93,18,100,1,212,0,0,126,0,126,93,18,226,1,338,372,0,372,710
11/17/2021,LGB,CA,AWP,WE,Towers with Radar,95,12,98,3,208,0,9,251,1,261,95,21,349,4,469,607,0,607,1076
11/18/2021,LGB,CA,AWP,WE,Towers with Radar,92,21,127,3,243,0,4,123,0,127,92,25,250,3,370,308,0,308,678
11/19/2021,LGB,CA,AWP,WE,Towers with Radar,92,15,87,8,202,0,4,175,0,179,92,19,262,8,381,509,0,509,890
11/20/2021,LGB,CA,AWP,WE,Towers with Radar,78,8,105,8,199,0,0,100,0,100,78,8,205,8,299,100,0,100,399
11/21/2021,LGB,CA,AWP,WE,Towers with Radar,91,8,45,4,148,0,0,227,0,227,91,8,272,4,375,496,0,496,871
11/22/2021,LGB,CA,AWP,WE,Towers with Radar,93,14,97,2,206,0,26,231,0,257,93,40,328,2,463,759,0,759,1222
11/23/2021,LGB,CA,AWP,WE,Towers with Radar,95,4,88,1,188,0,27,268,0,295,95,31,356,1,483,937,0,937,1420
11/24/2021,LGB,CA,AWP,WE,Towers with Radar,98,18,51,0,167,0,21,265,0,286,98,39,316,0,453,918,0,918,1371
11/25/2021,LGB,CA,AWP,WE,Towers with Radar,85,3,9,0,97,0,1,64,0,65,85,4,73,0,162,85,0,85,247
11/26/2021,LGB,CA,AWP,WE,Towers with Radar,93,6,64,0,163,0,9,216,0,225,93,15,280,0,388,563,0,563,951
11/27/2021,LGB,CA,AWP,WE,Towers with Radar,83,7,75,0,165,0,3,277,0,280,83,10,352,0,445,486,0,486,931
11/28/2021,LGB,CA,AWP,WE,Towers with Radar,94,10,73,0,177,0,8,207,0,215,94,18,280,0,392,455,0,455,847
11/29/2021,LGB,CA,AWP,WE,Towers with Radar,96,6,86,2,190,0,14,210,0,224,96,20,296,2,414,713,0,713,1127
11/30/2021,LGB,CA,AWP,WE,Towers with Radar,94,13,78,3,188,0,9,194,1,204,94,22,272,4,392,671,0,671,1063
12/01/2021,LGB,CA,AWP,WE,Towers with Radar,109,22,99,2,232,0,7,41,0,48,109,29,140,2,280,155,0,155,435
12/02/2021,LGB,CA,AWP,WE,Towers with Radar,96,28,81,3,208,0,2,94,0,96,96,30,175,3,304,166,0,166,470
12/03/2021,LGB,CA,AWP,WE,Towers with Radar,89,13,92,2,196,0,2,158,0,160,89,15,250,2,356,349,0,349,705
12/04/2021,LGB,CA,AWP,WE,Towers with Radar,80,12,82,0,174,0,4,189,0,193,80,16,271,0,367,595,0,595,962
12/05/2021,LGB,CA,AWP,WE,Towers with Radar,93,4,58,0,155,0,0,136,0,136,93,4,194,0,291,293,0,293,584
12/06/2021,LGB,CA,AWP,WE,Towers with Radar,81,16,77,1,175,0,2,75,0,77,81,18,152,1,252,264,0,264,516
12/07/2021,LGB,CA,AWP,WE,Towers with Radar,93,13,99,4,209,0,15,156,1,172,93,28,255,5,381,623,1,624,1005
12/08/2021,LGB,CA,AWP,WE,Towers with Radar,94,26,97,4,221,0,8,291,0,299,94,34,388,4,520,793,0,793,1313
12/09/2021,LGB,CA,AWP,WE,Towers with Radar,93,5,60,2,160,0,11,74,0,85,93,16,134,2,245,534,0,534,779
12/10/2021,LGB,CA,AWP,WE,Towers with Radar,93,9,93,0,195,0,15,307,0,322,93,24,400,0,517,837,0,837,1354
12/11/2021,LGB,CA,AWP,WE,Towers with Radar,80,2,61,0,143,0,3,320,0,323,80,5,381,0,466,614,0,614,1080
12/12/2021,LGB,CA,AWP,WE,Towers with Radar,91,8,73,0,172,0,2,270,0,272,91,10,343,0,444,706,0,706,1150
12/13/2021,LGB,CA,AWP,WE,Towers with Radar,92,9,81,0,182,0,15,177,0,192,92,24,258,0,374,736,0,736,1110
12/14/2021,LGB,CA,AWP,WE,Towers with Radar,89,5,24,0,118,0,0,25,0,25,89,5,49,0,143,8,0,8,151
12/15/2021,LGB,CA,AWP,WE,Towers with Radar,91,12,84,1,188,0,23,356,0,379,91,35,440,1,567,813,0,813,1380
12/16/2021,LGB,CA,AWP,WE,Towers with Radar,92,13,82,0,187,0,17,192,1,210,92,30,274,1,397,677,0,677,1074
12/17/2021,LGB,CA,AWP,WE,Towers with Radar,92,15,104,0,211,0,15,321,3,339,92,30,425,3,550,807,0,807,1357
12/18/2021,LGB,CA,AWP,WE,Towers with Radar,81,13,74,0,168,0,5,297,0,302,81,18,371,0,470,632,0,632,1102
12/19/2021,LGB,CA,AWP,WE,Towers with Radar,89,10,60,0,159,0,1,254,0,255,89,11,314,0,414,521,0,521,935
12/20/2021,LGB,CA,AWP,WE,Towers with Radar,92,14,70,2,178,0,23,188,0,211,92,37,258,2,389,711,0,711,1100
12/21/2021,LGB,CA,AWP,WE,Towers with Radar,92,14,65,0,171,0,21,308,0,329,92,35,373,0,500,806,0,806,1306
12/22/2021,LGB,CA,AWP,WE,Towers with Radar,92,12,73,0,177,0,21,275,1,297,92,33,348,1,474,836,0,836,1310
12/23/2021,LGB,CA,AWP,WE,Towers with Radar,95,4,35,0,134,0,9,28,4,41,95,13,63,4,175,162,0,162,337
12/24/2021,LGB,CA,AWP,WE,Towers with Radar,88,3,23,0,114,0,9,96,0,105,88,12,119,0,219,216,0,216,435
12/25/2021,LGB,CA,AWP,WE,Towers with Radar,76,7,10,0,93,0,0,23,0,23,76,7,33,0,116,42,0,42,158
12/26/2021,LGB,CA,AWP,WE,Towers with Radar,88,1,52,0,141,0,1,223,0,224,88,2,275,0,365,484,0,484,849
12/27/2021,LGB,CA,AWP,WE,Towers with Radar,89,11,51,0,151,0,5,73,0,78,89,16,124,0,229,261,0,261,490
12/28/2021,LGB,CA,AWP,WE,Towers with Radar,89,9,46,0,144,0,10,106,2,118,89,19,152,2,262,420,0,420,682
12/29/2021,LGB,CA,AWP,WE,Towers with Radar,93,10,24,0,127,0,7,31,0,38,93,17,55,0,165,105,0,105,270
12/30/2021,LGB,CA,AWP,WE,Towers with Radar,95,11,29,0,135,0,0,11,0,11,95,11,40,0,146,6,0,6,152
12/31/2021,LGB,CA,AWP,WE,Towers with Radar,91,4,49,0,144,0,7,149,0,156,91,11,198,0,300,410,0,410,710
01/01/2022,LGB,CA,AWP,WE,Towers with Radar,70,7,23,0,100,0,2,170,0,172,70,9,193,0,272,322,0,322,594
01/02/2022,LGB,CA,AWP,WE,Towers with Radar,85,7,72,2,166,0,2,190,0,192,85,9,262,2,358,440,0,440,798
01/03/2022,LGB,CA,AWP,WE,Towers with Radar,82,12,66,3,163,0,11,232,1,244,82,23,298,4,407,727,0,727,1134
01/04/2022,LGB,CA,AWP,WE,Towers with Radar,83,6,77,0,166,0,11,238,0,249,83,17,315,0,415,646,0,646,1061
01/05/2022,LGB,CA,AWP,WE,Towers with Radar,81,9,73,0,163,0,15,259,0,274,81,24,332,0,437,748,0,748,1185
01/06/2022,LGB,CA,AWP,WE,Towers with Radar,81,10,87,0,178,0,8,218,0,226,81,18,305,0,404,450,0,450,854
01/07/2022,LGB,CA,AWP,WE,Towers with Radar,82,10,81,0,173,0,0,26,0,26,82,10,107,0,199,12,0,12,211
01/08/2022,LGB,CA,AWP,WE,Towers with Radar,76,7,44,0,127,0,13,200,0,213,76,20,244,0,340,342,0,342,682
01/09/2022,LGB,CA,AWP,WE,Towers with Radar,83,7,60,0,150,0,3,280,0,283,83,10,340,0,433,563,0,563,996
01/10/2022,LGB,CA,AWP,WE,Towers with Radar,89,11,59,1,160,0,9,243,1,253,89,20,302,2,413,367,0,367,780
01/11/2022,LGB,CA,AWP,WE,Towers with Radar,87,5,44,2,138,0,12,313,1,326,87,17,357,3,464,11,0,11,475
01/12/2022,LGB,CA,AWP,WE,Towers with Radar,88,5,54,0,147,0,13,299,0,312,88,18,353,0,459,7,0,7,466
01/13/2022,LGB,CA,AWP,WE,Towers with Radar,221,15,29,1,266,0,12,242,1,255,221,27,271,2,521,7,0,7,528
01/14/2022,LGB,CA,AWP,WE,Towers with Radar,91,5,55,1,152,0,10,285,2,297,91,15,340,3,449,6,0,6,455
01/15/2022,LGB,CA,AWP,WE,Towers with Radar,77,6,35,2,120,0,4,222,0,226,77,10,257,2,346,9,0,9,355
01/16/2022,LGB,CA,AWP,WE,Towers with Radar,83,4,43,2,132,0,0,220,0,220,83,4,263,2,352,18,0,18,370
01/17/2022,LGB,CA,AWP,WE,Towers with Radar,88,6,73,2,169,0,5,167,0,172,88,11,240,2,341,6,0,6,347
01/18/2022,LGB,CA,AWP,WE,Towers with Radar,92,17,71,0,180,0,8,138,1,147,92,25,209,1,327,6,0,6,333
01/19/2022,LGB,CA,AWP,WE,Towers with Radar,88,8,86,0,182,0,18,166,0,184,88,26,252,0,366,0,0,0,366
01/20/2022,LGB,CA,AWP,WE,Towers with Radar,87,13,94,3,197,0,19,364,0,383,87,32,458,3,580,1034,0,1034,1614
01/21/2022,LGB,CA,AWP,WE,Towers with Radar,91,7,87,3,188,0,4,209,1,214,91,11,296,4,402,626,0,626,1028
01/22/2022,LGB,CA,AWP,WE,Towers with Radar,78,6,42,6,132,0,2,194,0,196,78,8,236,6,328,487,0,487,815
01/23/2022,LGB,CA,AWP,WE,Towers with Radar,90,12,42,3,147,0,0,196,0,196,90,12,238,3,343,506,0,506,849
01/24/2022,LGB,CA,AWP,WE,Towers with Radar,85,7,73,2,167,0,13,276,0,289,85,20,349,2,456,802,0,802,1258
01/25/2022,LGB,CA,AWP,WE,Towers with Radar,88,6,58,4,156,0,18,221,2,241,88,24,279,6,397,755,0,755,1152
01/26/2022,LGB,CA,AWP,WE,Towers with Radar,89,7,73,2,171,0,26,275,1,302,89,33,348,3,473,636,0,636,1109
01/27/2022,LGB,CA,AWP,WE,Towers with Radar,89,4,77,5,175,0,8,273,3,284,89,12,350,8,459,895,0,895,1354
01/28/2022,LGB,CA,AWP,WE,Towers with Radar,90,3,53,2,148,0,13,275,0,288,90,16,328,2,436,495,0,495,931
01/29/2022,LGB,CA,AWP,WE,Towers with Radar,77,0,79,2,158,0,2,305,0,307,77,2,384,2,465,620,1,621,1086
01/30/2022,LGB,CA,AWP,WE,Towers with Radar,91,3,58,2,154,0,1,244,0,245,91,4,302,2,399,608,0,608,1007
01/31/2022,LGB,CA,AWP,WE,Towers with Radar,87,16,66,2,171,0,15,167,2,184,87,31,233,4,355,496,0,496,851
02/01/2022,LGB,CA,AWP,WE,Towers with Radar,86,9,101,3,199,0,7,205,0,212,86,16,306,3,411,681,0,681,1092
02/02/2022,LGB,CA,AWP,WE,Towers with Radar,85,8,46,4,143,0,10,174,2,186,85,18,220,6,329,518,1,519,848
02/03/2022,LGB,CA,AWP,WE,Towers with Radar,69,14,108,2,193,0,9,304,1,314,69,23,412,3,507,764,0,764,1271
02/04/2022,LGB,CA,AWP,WE,Towers with Radar,85,8,41,6,140,0,11,227,0,238,85,19,268,6,378,557,0,557,935
02/05/2022,LGB,CA,AWP,WE,Towers with Radar,77,6,50,2,135,0,1,252,1,254,77,7,302,3,389,689,0,689,1078
02/06/2022,LGB,CA,AWP,WE,Towers with Radar,83,19,59,4,165,0,0,281,0,281,83,19,340,4,446,493,0,493,939
02/07/2022,LGB,CA,AWP,WE,Towers with Radar,87,10,102,1,200,0,18,264,0,282,87,28,366,1,482,798,0,798,1280
02/08/2022,LGB,CA,AWP,WE,Towers with Radar,85,7,89,2,183,0,30,233,0,263,85,37,322,2,446,822,0,822,1268
02/09/2022,LGB,CA,AWP,WE,Towers with Radar,88,6,73,2,169,0,17,259,5,281,88,23,332,7,450,589,0,589,1039
02/10/2022,LGB,CA,AWP,WE,Towers with Radar,88,24,58,0,170,0,14,210,0,224,88,38,268,0,394,603,0,603,997
02/11/2022,LGB,CA,AWP,WE,Towers with Radar,92,32,113,1,238,0,27,260,0,287,92,59,373,1,525,508,0,508,1033
02/12/2022,LGB,CA,AWP,WE,Towers with Radar,78,11,72,0,161,0,4,280,0,284,78,15,352,0,445,488,0,488,933
02/13/2022,LGB,CA,AWP,WE,Towers with Radar,84,38,60,0,182,0,0,137,1,138,84,38,197,1,320,271,0,271,591
02/14/2022,LGB,CA,AWP,WE,Towers with Radar,86,35,104,0,225,0,11,158,0,169,86,46,262,0,394,322,0,322,716
02/15/2022,LGB,CA,AWP,WE,Towers with Radar,87,8,68,0,163,0,16,133,0,149,87,24,201,0,312,543,0,543,855
02/16/2022,LGB,CA,AWP,WE,Towers with Radar,87,16,99,1,203,0,21,259,1,281,87,37,358,2,484,914,0,914,1398
02/17/2022,LGB,CA,AWP,WE,Towers with Radar,87,12,65,4,168,0,10,245,0,255,87,22,310,4,423,712,0,712,1135
02/18/2022,LGB,CA,AWP,WE,Towers with Radar,90,12,92,0,194,0,8,326,0,334,90,20,418,0,528,1041,0,1041,1569
02/19/2022,LGB,CA,AWP,WE,Towers with Radar,76,4,63,2,145,0,2,170,1,173,76,6,233,3,318,515,0,515,833
02/20/2022,LGB,CA,AWP,WE,Towers with Radar,83,11,62,0,156,0,0,221,0,221,83,11,283,0,377,419,0,419,796
02/21/2022,LGB,CA,AWP,WE,Towers with Radar,89,8,82,0,179,0,13,144,0,157,89,21,226,0,336,672,0,672,1008
02/22/2022,LGB,CA,AWP,WE,Towers with Radar,89,25,31,0,145,0,15,98,0,113,89,40,129,0,258,237,0,237,495
02/23/2022,LGB,CA,AWP,WE,Towers with Radar,82,13,74,0,169,0,18,190,7,215,82,31,264,7,384,456,0,456,840
02/24/2022,LGB,CA,AWP,WE,Towers with Radar,86,12,135,0,233,0,17,277,1,295,86,29,412,1,528,795,0,795,1323
02/25/2022,LGB,CA,AWP,WE,Towers with Radar,90,8,93,0,191,0,10,300,3,313,90,18,393,3,504,928,0,928,1432
02/26/2022,LGB,CA,AWP,WE,Towers with Radar,78,9,61,0,148,0,5,274,0,279,78,14,335,0,427,695,0,695,1122
02/27/2022,LGB,CA,AWP,WE,Towers with Radar,86,19,52,0,157,0,1,229,0,230,86,20,281,0,387,508,0,508,895
02/28/2022,LGB,CA,AWP,WE,Towers with Radar,90,13,74,1,178,0,15,217,0,232,90,28,291,1,410,761,0,761,1171
03/01/2022,LGB,CA,AWP,WE,Towers with Radar,88,13,55,1,157,0,24,327,0,351,88,37,382,1,508,839,0,839,1347
03/02/2022,LGB,CA,AWP,WE,Towers with Radar,89,15,81,0,185,0,16,361,2,379,89,31,442,2,564,840,0,840,1404
03/03/2022,LGB,CA,AWP,WE,Towers with Radar,89,16,77,6,188,0,16,178,0,194,89,32,255,6,382,474,0,474,856
03/04/2022,LGB,CA,AWP,WE,Towers with Radar,92,14,54,1,161,0,10,170,0,180,92,24,224,1,341,360,0,360,701
03/05/2022,LGB,CA,AWP,WE,Towers with Radar,83,11,23,0,117,0,2,109,0,111,83,13,132,0,228,201,0,201,429
03/06/2022,LGB,CA,AWP,WE,Towers with Radar,89,4,73,0,166,0,18,225,0,243,89,22,298,0,409,483,0,483,892
03/07/2022,LGB,CA,AWP,WE,Towers with Radar,90,11,66,0,167,0,17,251,0,268,90,28,317,0,435,667,0,667,1102
03/08/2022,LGB,CA,AWP,WE,Towers with Radar,88,11,64,3,166,0,18,268,2,288,88,29,332,5,454,785,0,785,1239
03/09/2022,LGB,CA,AWP,WE,Towers with Radar,87,10,96,1,194,0,13,206,0,219,87,23,302,1,413,623,0,623,1036
03/10/2022,LGB,CA,AWP,WE,Towers with Radar,90,6,68,5,169,0,15,283,1,299,90,21,351,6,468,589,0,589,1057
03/11/2022,LGB,CA,AWP,WE,Towers with Radar,91,11,67,0,169,0,12,372,0,384,91,23,439,0,553,846,1,847,1400
03/12/2022,LGB,CA,AWP,WE,Towers with Radar,80,3,65,1,149,0,6,334,1,341,80,9,399,2,490,687,0,687,1177
03/13/2022,LGB,CA,AWP,WE,Towers with Radar,85,11,62,0,158,0,0,261,0,261,85,11,323,0,419,607,0,607,1026
03/14/2022,LGB,CA,AWP,WE,Towers with Radar,91,18,85,0,194,0,17,232,0,249,91,35,317,0,443,774,0,774,1217
03/15/2022,LGB,CA,AWP,WE,Towers with Radar,88,11,89,2,190,0,20,277,0,297,88,31,366,2,487,873,0,873,1360
03/16/2022,LGB,CA,AWP,WE,Towers with Radar,90,11,88,1,190,0,14,292,1,307,90,25,380,2,497,729,0,729,1226
03/17/2022,LGB,CA,AWP,WE,Towers with Radar,90,7,81,2,180,0,27,322,0,349,90,34,403,2,529,822,0,822,1351
03/18/2022,LGB,CA,AWP,WE,Towers with Radar,90,5,79,0,174,0,10,331,1,342,90,15,410,1,516,727,0,727,1243
03/19/2022,LGB,CA,AWP,WE,Towers with Radar,83,7,58,1,149,0,4,223,1,228,83,11,281,2,377,317,0,317,694
03/20/2022,LGB,CA,AWP,WE,Towers with Radar,90,7,37,2,136,0,0,143,0,143,90,7,180,2,279,264,0,264,543
03/21/2022,LGB,CA,AWP,WE,Towers with Radar,86,2,56,2,146,0,18,225,1,244,86,20,281,3,390,857,0,857,1247
03/22/2022,LGB,CA,AWP,WE,Towers with Radar,87,4,78,1,170,0,19,303,5,327,87,23,381,6,497,742,0,742,1239
03/23/2022,LGB,CA,AWP,WE,Towers with Radar,88,7,93,1,189,0,12,263,2,277,88,19,356,3,466,800,0,800,1266
03/24/2022,LGB,CA,AWP,WE,Towers with Radar,93,3,90,0,186,0,18,300,0,318,93,21,390,0,504,624,0,624,1128
03/25/2022,LGB,CA,AWP,WE,Towers with Radar,92,3,72,2,169,0,10,214,1,225,92,13,286,3,394,452,0,452,846
03/26/2022,LGB,CA,AWP,WE,Towers with Radar,80,5,78,0,163,0,1,189,0,190,80,6,267,0,353,242,0,242,595
03/27/2022,LGB,CA,AWP,WE,Towers with Radar,90,5,33,0,128,0,0,169,0,169,90,5,202,0,297,513,0,513,810
03/28/2022,LGB,CA,AWP,WE,Towers with Radar,92,9,11,0,112,0,10,20,3,33,92,19,31,3,145,21,0,21,166
03/29/2022,LGB,CA,AWP,WE,Towers with Radar,90,4,82,1,177,0,17,245,0,262,90,21,327,1,439,723,0,723,1162
03/30/2022,LGB,CA,AWP,WE,Towers with Radar,88,6,76,3,173,0,16,241,0,257,88,22,317,3,430,774,0,774,1204
03/31/2022,LGB,CA,AWP,WE,Towers with Radar,89,5,78,0,172,0,17,160,1,178,89,22,238,1,350,661,0,661,1011
04/01/2022,LGB,CA,AWP,WE,Towers with Radar,93,15,95,0,203,0,12,241,0,253,93,27,336,0,456,709,0,709,1165
04/02/2022,LGB,CA,AWP,WE,Towers with Radar,76,13,64,0,153,0,1,124,0,125,76,14,188,0,278,459,0,459,737
04/03/2022,LGB,CA,AWP,WE,Towers with Radar,84,5,71,0,160,0,3,141,0,144,84,8,212,0,304,622,0,622,926
04/04/2022,LGB,CA,AWP,WE,Towers with Radar,90,13,74,3,180,0,13,200,1,214,90,26,274,4,394,557,0,557,951
04/05/2022,LGB,CA,AWP,WE,Towers with Radar,91,10,88,2,191,0,14,258,0,272,91,24,346,2,463,431,0,431,894
04/06/2022,LGB,CA,AWP,WE,Towers with Radar,90,9,86,1,186,0,14,298,0,312,90,23,384,1,498,926,0,926,1424
04/07/2022,LGB,CA,AWP,WE,Towers with Radar,91,8,86,1,186,0,23,228,0,251,91,31,314,1,437,640,0,640,1077
04/08/2022,LGB,CA,AWP,WE,Towers with Radar,91,2,90,2,185,0,15,305,4,324,91,17,395,6,509,571,0,571,1080
04/09/2022,LGB,CA,AWP,WE,Towers with Radar,71,9,79,0,159,0,8,288,0,296,71,17,367,0,455,469,0,469,924
04/10/2022,LGB,CA,AWP,WE,Towers with Radar,90,12,69,0,171,0,0,136,0,136,90,12,205,0,307,290,0,290,597
04/11/2022,LGB,CA,AWP,WE,Towers with Radar,89,17,80,4,190,0,19,202,2,223,89,36,282,6,413,541,0,541,954
04/12/2022,LGB,CA,AWP,WE,Towers with Radar,92,12,35,0,139,0,20,81,0,101,92,32,116,0,240,115,0,115,355
04/13/2022,LGB,CA,AWP,WE,Towers with Radar,92,10,88,2,192,0,18,302,1,321,92,28,390,3,513,935,0,935,1448
04/14/2022,LGB,CA,AWP,WE,Towers with Radar,91,3,62,0,156,0,12,322,0,334,91,15,384,0,490,68,1,69,559
04/15/2022,LGB,CA,AWP,WE,Towers with Radar,91,7,55,0,153,0,14,316,0,330,91,21,371,0,483,217,0,217,700
04/16/2022,LGB,CA,AWP,WE,Towers with Radar,68,7,76,0,151,0,5,213,0,218,68,12,289,0,369,607,0,607,976
04/17/2022,LGB,CA,AWP,WE,Towers with Radar,90,12,54,0,156,0,0,193,0,193,90,12,247,0,349,378,0,378,727
04/18/2022,LGB,CA,AWP,WE,Towers with Radar,93,6,68,3,170,0,16,269,3,288,93,22,337,6,458,71,0,71,529
04/19/2022,LGB,CA,AWP,WE,Towers with Radar,92,8,89,0,189,0,19,241,0,260,92,27,330,0,449,706,0,706,1155
04/20/2022,LGB,CA,AWP,WE,Towers with Radar,90,17,84,0,191,0,15,254,0,269,90,32,338,0,460,834,0,834,1294
04/21/2022,LGB,CA,AWP,WE,Towers with Radar,93,2,107,0,202,0,13,290,0,303,93,15,397,0,505,770,0,770,1275
04/22/2022,LGB,CA,AWP,WE,Towers with Radar,92,6,86,2,186,0,13,166,0,179,92,19,252,2,365,340,0,340,705
04/23/2022,LGB,CA,AWP,WE,Towers with Radar,69,4,79,3,155,0,4,278,0,282,69,8,357,3,437,678,0,678,1115
04/24/2022,LGB,CA,AWP,WE,Towers with Radar,92,1,68,0,161,0,0,280,0,280,92,1,348,0,441,522,0,522,963
04/25/2022,LGB,CA,AWP,WE,Towers with Radar,93,5,71,4,173,0,21,250,0,271,93,26,321,4,444,595,0,595,1039
04/26/2022,LGB,CA,AWP,WE,Towers with Radar,92,5,92,3,192,0,23,275,0,298,92,28,367,3,490,699,0,699,1189
04/27/2022,LGB,CA,AWP,WE,Towers with Radar,90,10,90,0,190,0,22,270,0,292,90,32,360,0,482,760,0,760,1242
04/28/2022,LGB,CA,AWP,WE,Towers with Radar,96,3,66,4,169,0,10,256,2,268,96,13,322,6,437,103,0,103,540
04/29/2022,LGB,CA,AWP,WE,Towers with Radar,94,14,73,0,181,0,10,274,0,284,94,24,347,0,465,412,0,412,877
04/30/2022,LGB,CA,AWP,WE,Towers with Radar,72,9,60,3,144,0,3,247,1,251,72,12,307,4,395,415,0,415,810
05/01/2022,LGB,CA,AWP,WE,Towers with Radar,88,16,59,0,163,0,3,151,0,154,88,19,210,0,317,26,0,26,343
05/02/2022,LGB,CA,AWP,WE,Towers with Radar,92,11,55,2,160,0,16,167,0,183,92,27,222,2,343,82,0,82,425
05/03/2022,LGB,CA,AWP,WE,Towers with Radar,94,9,65,3,171,0,22,250,2,274,94,31,315,5,445,874,0,874,1319
05/04/2022,LGB,CA,AWP,WE,Towers with Radar,93,10,70,2,175,0,14,335,0,349,93,24,405,2,524,897,0,897,1421
05/05/2022,LGB,CA,AWP,WE,Towers with Radar,91,10,89,1,191,0,14,215,1,230,91,24,304,2,421,863,0,863,1284
05/06/2022,LGB,CA,AWP,WE,Towers with Radar,90,8,83,2,183,0,10,317,0,327,90,18,400,2,510,208,0,208,718
05/07/2022,LGB,CA,AWP,WE,Towers with Radar,68,4,42,0,114,0,4,235,1,240,68,8,277,1,354,575,0,575,929
05/08/2022,LGB,CA,AWP,WE,Towers with Radar,85,7,48,0,140,0,0,143,0,143,85,7,191,0,283,454,0,454,737
05/09/2022,LGB,CA,AWP,WE,Towers with Radar,90,7,69,0,166,0,15,211,0,226,90,22,280,0,392,496,0,496,888
05/10/2022,LGB,CA,AWP,WE,Towers with Radar,88,8,82,1,179,0,19,235,0,254,88,27,317,1,433,408,0,408,841
05/11/2022,LGB,CA,AWP,WE,Towers with Radar,90,12,68,0,170,0,12,277,1,290,90,24,345,1,460,190,0,190,650
05/12/2022,LGB,CA,AWP,WE,Towers with Radar,90,7,66,0,163,0,17,311,0,328,90,24,377,0,491,287,0,287,778
05/13/2022,LGB,CA,AWP,WE,Towers with Radar,91,4,61,2,158,0,17,312,0,329,91,21,373,2,487,699,0,699,1186
05/14/2022,LGB,CA,AWP,WE,Towers with Radar,69,9,38,0,116,0,2,322,0,324,69,11,360,0,440,364,0,364,804
05/15/2022,LGB,CA,AWP,WE,Towers with Radar,88,11,60,0,159,0,0,209,0,209,88,11,269,0,368,342,0,342,710
05/16/2022,LGB,CA,AWP,WE,Towers with Radar,90,15,57,0,162,0,11,182,2,195,90,26,239,2,357,635,0,635,992
05/17/2022,LGB,CA,AWP,WE,Towers with Radar,88,21,56,0,165,0,15,233,1,249,88,36,289,1,414,455,0,455,869
05/18/2022,LGB,CA,AWP,WE,Towers with Radar,92,11,125,0,228,0,16,206,4,226,92,27,331,4,454,818,0,818,1272
05/19/2022,LGB,CA,AWP,WE,Towers with Radar,92,23,93,2,210,0,3,40,0,43,92,26,133,2,253,76,0,76,329
05/20/2022,LGB,CA,AWP,WE,Towers with Radar,90,11,85,0,186,0,13,57,1,71,90,24,142,1,257,221,0,221,478
05/21/2022,LGB,CA,AWP,WE,Towers with Radar,69,7,62,0,138,0,7,266,1,274,69,14,328,1,412,151,0,151,563
05/22/2022,LGB,CA,AWP,WE,Towers with Radar,88,5,49,0,142,0,1,187,0,188,88,6,236,0,330,271,0,271,601
05/23/2022,LGB,CA,AWP,WE,Towers with Radar,90,7,78,0,175,0,13,141,0,154,90,20,219,0,329,62,0,62,391
05/24/2022,LGB,CA,AWP,WE,Towers with Radar,89,5,78,0,172,0,15,275,1,291,89,20,353,1,463,98,0,98,561
05/25/2022,LGB,CA,AWP,WE,Towers with Radar,90,12,69,4,175,0,11,210,1,222,90,23,279,5,397,258,1,259,656
05/26/2022,LGB,CA,AWP,WE,Towers with Radar,89,11,46,0,146,1,14,203,0,218,90,25,249,0,364,254,0,254,618
05/27/2022,LGB,CA,AWP,WE,Towers with Radar,92,7,89,1,189,0,17,235,1,253,92,24,324,2,442,533,0,533,975
05/28/2022,LGB,CA,AWP,WE,Towers with Radar,68,4,45,0,117,0,4,193,1,198,68,8,238,1,315,350,0,350,665
05/29/2022,LGB,CA,AWP,WE,Towers with Radar,91,3,43,0,137,0,0,206,0,206,91,3,249,0,343,448,0,448,791
05/30/2022,LGB,CA,AWP,WE,Towers with Radar,88,5,59,0,152,0,1,200,3,204,88,6,259,3,356,560,0,560,916
05/31/2022,LGB,CA,AWP,WE,Towers with Radar,87,3,69,1,160,0,21,262,3,286,87,24,331,4,446,192,0,192,638
06/01/2022,LGB,CA,AWP,WE,Towers with Radar,92,4,87,0,183,0,20,262,0,282,92,24,349,0,465,358,0,358,823
06/02/2022,LGB,CA,AWP,WE,Towers with Radar,90,13,86,5,194,0,13,193,1,207,90,26,279,6,401,718,0,718,1119
06/03/2022,LGB,CA,AWP,WE,Towers with Radar,90,12,70,0,172,0,16,213,0,229,90,28,283,0,401,529,0,529,930
06/04/2022,LGB,CA,AWP,WE,Towers with Radar,66,4,58,5,133,0,3,176,0,179,66,7,234,5,312,324,0,324,636
06/05/2022,LGB,CA,AWP,WE,Towers with Radar,89,7,65,1,162,0,21,182,0,203,89,28,247,1,365,367,0,367,732
06/06/2022,LGB,CA,AWP,WE,Towers with Radar,90,9,86,1,186,0,18,204,1,223,90,27,290,2,409,400,0,400,809
06/07/2022,LGB,CA,AWP,WE,Towers with Radar,89,18,96,0,203,0,16,175,0,191,89,34,271,0,394,213,0,213,607
06/08/2022,LGB,CA,AWP,WE,Towers with Radar,90,29,77,2,198,0,5,55,0,60,90,34,132,2,258,82,0,82,340
06/09/2022,LGB,CA,AWP,WE,Towers with Radar,92,53,55,2,202,0,11,34,0,45,92,64,89,2,247,0,0,0,247
06/10/2022,LGB,CA,AWP,WE,Towers with Radar,92,26,50,6,174,0,15,18,1,34,92,41,68,7,208,6,0,6,214
06/11/2022,LGB,CA,AWP,WE,Towers with Radar,69,23,44,0,136,0,5,167,0,172,69,28,211,0,308,312,0,312,620
06/12/2022,LGB,CA,AWP,WE,Towers with Radar,94,12,60,0,166,0,1,251,0,252,94,13,311,0,418,416,0,416,834
06/13/2022,LGB,CA,AWP,WE,Towers with Radar,92,14,108,1,215,0,6,196,1,203,92,20,304,2,418,571,0,571,989
06/14/2022,LGB,CA,AWP,WE,Towers with Radar,90,17,81,1,189,0,59,267,1,327,90,76,348,2,516,771,0,771,1287
06/15/2022,LGB,CA,AWP,WE,Towers with Radar,90,20,101,5,216,0,14,277,5,296,90,34,378,10,512,708,0,708,1220
06/16/2022,LGB,CA,AWP,WE,Towers with Radar,91,22,99,0,212,0,13,158,1,172,91,35,257,1,384,639,0,639,1023
06/17/2022,LGB,CA,AWP,WE,Towers with Radar,91,7,97,0,195,0,18,252,1,271,91,25,349,1,466,864,0,864,1330
06/18/2022,LGB,CA,AWP,WE,Towers with Radar,70,5,66,0,141,0,5,313,0,318,70,10,379,0,459,539,0,539,998
06/19/2022,LGB,CA,AWP,WE,Towers with Radar,92,5,49,0,146,0,1,237,0,238,92,6,286,0,384,482,0,482,866
06/20/2022,LGB,CA,AWP,WE,Towers with Radar,92,7,83,0,182,0,23,343,0,366,92,30,426,0,548,620,0,620,1168
06/21/2022,LGB,CA,AWP,WE,Towers with Radar,92,5,84,0,181,0,22,296,0,318,92,27,380,0,499,180,0,180,679
06/22/2022,LGB,CA,AWP,WE,Towers with Radar,90,11,68,2,171,0,20,223,3,246,90,31,291,5,417,782,0,782,1199
06/23/2022,LGB,CA,AWP,WE,Towers with Radar,90,13,87,1,191,0,19,244,0,263,90,32,331,1,454,916,0,916,1370
06/24/2022,LGB,CA,AWP,WE,Towers with Radar,92,9,82,0,183,0,18,328,2,348,92,27,410,2,531,530,0,530,1061
06/25/2022,LGB,CA,AWP,WE,Towers with Radar,68,8,63,1,140,0,3,260,1,264,68,11,323,2,404,548,0,548,952
06/26/2022,LGB,CA,AWP,WE,Towers with Radar,90,11,58,0,159,0,0,187,0,187,90,11,245,0,346,488,0,488,834
06/27/2022,LGB,CA,AWP,WE,Towers with Radar,91,10,55,4,160,0,20,242,1,263,91,30,297,5,423,32,0,32,455
06/28/2022,LGB,CA,AWP,WE,Towers with Radar,91,20,81,0,192,0,35,316,0,351,91,55,397,0,543,734,0,734,1277
06/29/2022,LGB,CA,AWP,WE,Towers with Radar,90,13,91,0,194,0,14,280,0,294,90,27,371,0,488,554,0,554,1042
06/30/2022,LGB,CA,AWP,WE,Towers with Radar,93,8,68,0,169,0,16,248,0,264,93,24,316,0,433,75,0,75,508
07/01/2022,LGB,CA,AWP,WE,Towers with Radar,93,18,66,0,177,0,16,297,0,313,93,34,363,0,490,86,0,86,576
07/02/2022,LGB,CA,AWP,WE,Towers with Radar,68,9,52,0,129,0,6,250,0,256,68,15,302,0,385,255,0,255,640
07/03/2022,LGB,CA,AWP,WE,Towers with Radar,86,11,34,0,131,0,0,221,1,222,86,11,255,1,353,144,0,144,497
07/04/2022,LGB,CA,AWP,WE,Towers with Radar,88,2,26,0,116,0,0,183,0,183,88,2,209,0,299,198,0,198,497
07/05/2022,LGB,CA,AWP,WE,Towers with Radar,92,9,70,0,171,0,15,236,0,251,92,24,306,0,422,272,0,272,694
07/06/2022,LGB,CA,AWP,WE,Towers with Radar,90,6,85,2,183,0,38,308,0,346,90,44,393,2,529,32,0,32,561
07/07/2022,LGB,CA,AWP,WE,Towers with Radar,90,9,62,1,162,0,26,278,0,304,90,35,340,1,466,59,0,59,525
07/08/2022,LGB,CA,AWP,WE,Towers with Radar,90,18,97,0,205,0,12,226,0,238,90,30,323,0,443,183,0,183,626
07/09/2022,LGB,CA,AWP,WE,Towers with Radar,70,9,69,0,148,0,3,235,0,238,70,12,304,0,386,53,0,53,439
07/10/2022,LGB,CA,AWP,WE,Towers with Radar,91,8,48,0,147,0,0,244,0,244,91,8,292,0,391,52,0,52,443
07/11/2022,LGB,CA,AWP,WE,Towers with Radar,90,10,36,1,137,0,16,149,1,166,90,26,185,2,303,40,0,40,343
07/12/2022,LGB,CA,AWP,WE,Towers with Radar,90,14,74,0,178,5,46,275,0,326,95,60,349,0,504,105,0,105,609
07/13/2022,LGB,CA,AWP,WE,Towers with Radar,90,15,73,3,181,0,21,278,2,301,90,36,351,5,482,63,0,63,545
07/14/2022,LGB,CA,AWP,WE,Towers with Radar,86,17,86,2,191,0,24,350,0,374,86,41,436,2,565,498,0,498,1063
07/15/2022,LGB,CA,AWP,WE,Towers with Radar,88,10,70,0,168,0,23,308,2,333,88,33,378,2,501,426,0,426,927
07/16/2022,LGB,CA,AWP,WE,Towers with Radar,70,1,67,0,138,0,12,271,0,283,70,13,338,0,421,295,0,295,716
07/17/2022,LGB,CA,AWP,WE,Towers with Radar,86,6,52,0,144,0,0,200,0,200,86,6,252,0,344,157,0,157,501
07/18/2022,LGB,CA,AWP,WE,Towers with Radar,90,9,70,0,169,0,27,279,0,306,90,36,349,0,475,156,0,156,631
07/19/2022,LGB,CA,AWP,WE,Towers with Radar,92,10,69,0,171,0,15,298,0,313,92,25,367,0,484,190,0,190,674
07/20/2022,LGB,CA,AWP,WE,Towers with Radar,89,8,80,0,177,0,20,308,0,328,89,28,388,0,505,178,0,178,683
07/21/2022,LGB,CA,AWP,WE,Towers with Radar,92,7,84,0,183,0,28,369,3,400,92,35,453,3,583,88,0,88,671
07/22/2022,LGB,CA,AWP,WE,Towers with Radar,91,10,67,0,168,0,27,280,0,307,91,37,347,0,475,80,0,80,555
07/23/2022,LGB,CA,AWP,WE,Towers with Radar,67,8,50,2,127,0,1,228,0,229,67,9,278,2,356,422,0,422,778
07/24/2022,LGB,CA,AWP,WE,Towers with Radar,88,5,82,2,177,0,0,221,0,221,88,5,303,2,398,265,0,265,663
07/25/2022,LGB,CA,AWP,WE,Towers with Radar,89,6,69,0,164,0,23,249,0,272,89,29,318,0,436,351,0,351,787
07/26/2022,LGB,CA,AWP,WE,Towers with Radar,100,7,66,0,173,0,28,255,0,283,100,35,321,0,456,527,0,527,983
07/27/2022,LGB,CA,AWP,WE,Towers with Radar,90,17,68,0,175,0,25,338,1,364,90,42,406,1,539,382,0,382,921
07/28/2022,LGB,CA,AWP,WE,Towers with Radar,90,9,69,4,172,0,26,256,1,283,90,35,325,5,455,542,0,542,997
07/29/2022,LGB,CA,AWP,WE,Towers with Radar,92,6,64,0,162,0,20,251,0,271,92,26,315,0,433,588,0,588,1021
07/30/2022,LGB,CA,AWP,WE,Towers with Radar,72,12,47,0,131,0,1,249,0,250,72,13,296,0,381,281,0,281,662
07/31/2022,LGB,CA,AWP,WE,Towers with Radar,86,12,37,0,135,0,0,166,0,166,86,12,203,0,301,337,0,337,638
08/01/2022,LGB,CA,AWP,WE,Towers with Radar,89,6,54,0,149,0,23,308,3,334,89,29,362,3,483,691,0,691,1174
08/02/2022,LGB,CA,AWP,WE,Towers with Radar,91,5,66,0,162,0,33,333,0,366,91,38,399,0,528,770,0,770,1298
08/03/2022,LGB,CA,AWP,WE,Towers with Radar,89,2,75,1,167,0,20,295,0,315,89,22,370,1,482,768,0,768,1250
08/04/2022,LGB,CA,AWP,WE,Towers with Radar,87,12,72,0,171,0,21,272,0,293,87,33,344,0,464,784,0,784,1248
08/05/2022,LGB,CA,AWP,WE,Towers with Radar,87,15,71,2,175,0,19,303,0,322,87,34,374,2,497,594,0,594,1091
08/06/2022,LGB,CA,AWP,WE,Towers with Radar,72,13,44,0,129,0,10,285,0,295,72,23,329,0,424,472,0,472,896
08/07/2022,LGB,CA,AWP,WE,Towers with Radar,86,16,70,0,172,0,3,218,0,221,86,19,288,0,393,302,0,302,695
08/08/2022,LGB,CA,AWP,WE,Towers with Radar,88,11,58,1,158,0,20,277,1,298,88,31,335,2,456,620,0,620,1076
08/09/2022,LGB,CA,AWP,WE,Towers with Radar,88,9,60,3,160,0,22,291,1,314,88,31,351,4,474,839,0,839,1313
08/10/2022,LGB,CA,AWP,WE,Towers with Radar,90,12,77,2,181,0,22,399,0,421,90,34,476,2,602,912,0,912,1514
08/11/2022,LGB,CA,AWP,WE,Towers with Radar,88,11,82,0,181,0,25,338,0,363,88,36,420,0,544,802,0,802,1346
08/12/2022,LGB,CA,AWP,WE,Towers with Radar,90,5,79,0,174,0,16,322,0,338,90,21,401,0,512,361,0,361,873
08/13/2022,LGB,CA,AWP,WE,Towers with Radar,68,7,48,2,125,0,54,219,0,273,68,61,267,2,398,540,0,540,938
08/14/2022,LGB,CA,AWP,WE,Towers with Radar,88,16,62,0,166,0,4,255,0,259,88,20,317,0,425,292,0,292,717
08/15/2022,LGB,CA,AWP,WE,Towers with Radar,87,9,42,1,139,0,18,245,1,264,87,27,287,2,403,421,0,421,824
08/16/2022,LGB,CA,AWP,WE,Towers with Radar,87,9,75,1,172,0,21,312,0,333,87,30,387,1,505,404,0,404,909
08/17/2022,LGB,CA,AWP,WE,Towers with Radar,92,11,62,0,165,0,14,368,0,382,92,25,430,0,547,40,0,40,587
08/18/2022,LGB,CA,AWP,WE,Towers with Radar,90,11,54,0,155,0,25,263,1,289,90,36,317,1,444,622,0,622,1066
08/19/2022,LGB,CA,AWP,WE,Towers with Radar,88,10,74,0,172,0,15,283,0,298,88,25,357,0,470,647,0,647,1117
08/20/2022,LGB,CA,AWP,WE,Towers with Radar,69,5,67,0,141,0,1,172,0,173,69,6,239,0,314,433,0,433,747
08/21/2022,LGB,CA,AWP,WE,Towers with Radar,86,17,66,2,171,0,1,137,0,138,86,18,203,2,309,402,0,402,711
08/22/2022,LGB,CA,AWP,WE,Towers with Radar,87,8,79,0,174,0,16,243,0,259,87,24,322,0,433,388,0,388,821
08/23/2022,LGB,CA,AWP,WE,Towers with Radar,84,15,90,1,190,0,25,289,0,314,84,40,379,1,504,386,0,386,890
08/24/2022,LGB,CA,AWP,WE,Towers with Radar,83,18,85,1,187,0,19,283,1,303,83,37,368,2,490,666,0,666,1156
08/25/2022,LGB,CA,AWP,WE,Towers with Radar,92,10,70,0,172,0,20,281,1,302,92,30,351,1,474,549,0,549,1023
08/26/2022,LGB,CA,AWP,WE,Towers with Radar,89,14,56,0,159,0,12,260,0,272,89,26,316,0,431,706,0,706,1137
08/27/2022,LGB,CA,AWP,WE,Towers with Radar,71,4,48,0,123,0,2,244,0,246,71,6,292,0,369,256,0,256,625
08/28/2022,LGB,CA,AWP,WE,Towers with Radar,88,5,45,0,138,0,0,169,0,169,88,5,214,0,307,289,0,289,596
08/29/2022,LGB,CA,AWP,WE,Towers with Radar,90,5,69,2,166,0,22,218,0,240,90,27,287,2,406,476,0,476,882
08/30/2022,LGB,CA,AWP,WE,Towers with Radar,86,5,71,0,162,0,21,265,1,287,86,26,336,1,449,685,0,685,1134
08/31/2022,LGB,CA,AWP,WE,Towers with Radar,88,12,73,4,177,0,23,347,0,370,88,35,420,4,547,701,0,701,1248
09/01/2022,LGB,CA,AWP,WE,Towers with Radar,90,9,74,1,174,0,28,365,0,393,90,37,439,1,567,900,0,900,1467
09/02/2022,LGB,CA,AWP,WE,Towers with Radar,89,15,72,0,176,0,18,314,0,332,89,33,386,0,508,600,0,600,1108
09/03/2022,LGB,CA,AWP,WE,Towers with Radar,69,4,44,1,118,0,4,260,0,264,69,8,304,1,382,497,0,497,879
09/04/2022,LGB,CA,AWP,WE,Towers with Radar,74,4,37,2,117,0,0,152,0,152,74,4,189,2,269,333,0,333,602
09/05/2022,LGB,CA,AWP,WE,Towers with Radar,87,10,66,0,163,0,0,263,0,263,87,10,329,0,426,710,0,710,1136
09/06/2022,LGB,CA,AWP,WE,Towers with Radar,93,8,76,3,180,0,21,310,0,331,93,29,386,3,511,1025,0,1025,1536
09/07/2022,LGB,CA,AWP,WE,Towers with Radar,90,12,108,0,210,0,24,305,0,329,90,36,413,0,539,446,0,446,985
09/08/2022,LGB,CA,AWP,WE,Towers with Radar,99,6,84,0,189,0,25,319,0,344,99,31,403,0,533,581,0,581,1114
09/09/2022,LGB,CA,AWP,WE,Towers with Radar,92,16,66,0,174,0,2,182,0,184,92,18,248,0,358,328,0,328,686
09/10/2022,LGB,CA,AWP,WE,Towers with Radar,70,4,40,0,114,0,6,193,3,202,70,10,233,3,316,484,0,484,800
09/11/2022,LGB,CA,AWP,WE,Towers with Radar,88,9,65,0,162,0,4,294,3,301,88,13,359,3,463,452,0,452,915
09/12/2022,LGB,CA,AWP,WE,Towers with Radar,94,15,99,0,208,0,25,351,1,377,94,40,450,1,585,665,0,665,1250
09/13/2022,LGB,CA,AWP,WE,Towers with Radar,90,12,95,0,197,0,19,360,0,379,90,31,455,0,576,449,0,449,1025
09/14/2022,LGB,CA,AWP,WE,Towers with Radar,95,9,95,0,199,0,17,390,0,407,95,26,485,0,606,808,0,808,1414
09/15/2022,LGB,CA,AWP,WE,Towers with Radar,92,6,110,2,210,0,26,259,2,287,92,32,369,4,497,533,0,533,1030
09/16/2022,LGB,CA,AWP,WE,Towers with Radar,90,9,81,0,180,0,10,237,3,250,90,19,318,3,430,70,0,70,500
09/17/2022,LGB,CA,AWP,WE,Towers with Radar,68,4,71,0,143,0,2,187,0,189,68,6,258,0,332,345,0,345,677
09/18/2022,LGB,CA,AWP,WE,Towers with Radar,82,11,57,0,150,0,0,172,0,172,82,11,229,0,322,525,0,525,847
09/19/2022,LGB,CA,AWP,WE,Towers with Radar,94,12,92,0,198,0,18,243,0,261,94,30,335,0,459,454,0,454,913
09/20/2022,LGB,CA,AWP,WE,Towers with Radar,89,4,81,0,174,0,18,284,1,303,89,22,365,1,477,730,0,730,1207
09/21/2022,LGB,CA,AWP,WE,Towers with Radar,90,12,73,1,176,0,15,279,0,294,90,27,352,1,470,800,1,801,1271
09/22/2022,LGB,CA,AWP,WE,Towers with Radar,94,17,58,3,172,0,15,295,2,312,94,32,353,5,484,559,0,559,1043
09/23/2022,LGB,CA,AWP,WE,Towers with Radar,95,12,85,1,193,0,15,279,0,294,95,27,364,1,487,660,0,660,1147
09/24/2022,LGB,CA,AWP,WE,Towers with Radar,70,15,44,1,130,0,3,211,0,214,70,18,255,1,344,420,0,420,764
09/25/2022,LGB,CA,AWP,WE,Towers with Radar,85,9,63,0,157,0,0,180,0,180,85,9,243,0,337,293,0,293,630
09/26/2022,LGB,CA,AWP,WE,Towers with Radar,91,6,70,1,168,0,20,244,0,264,91,26,314,1,432,439,0,439,871
09/27/2022,LGB,CA,AWP,WE,Towers with Radar,91,10,96,2,199,0,21,321,1,343,91,31,417,3,542,208,0,208,750
09/28/2022,LGB,CA,AWP,WE,Towers with Radar,95,8,73,0,176,0,8,240,0,248,95,16,313,0,424,596,0,596,1020
09/29/2022,LGB,CA,AWP,WE,Towers with Radar,92,13,78,3,186,0,15,215,0,230,92,28,293,3,416,724,0,724,1140
09/30/2022,LGB,CA,AWP,WE,Towers with Radar,92,9,78,0,179,0,13,236,0,249,92,22,314,0,428,341,0,341,769
10/01/2022,LGB,CA,AWP,WE,Towers with Radar,68,10,57,0,135,0,2,156,0,158,68,12,213,0,293,477,0,477,770
10/02/2022,LGB,CA,AWP,WE,Towers with Radar,90,11,43,2,146,0,3,158,0,161,90,14,201,2,307,317,0,317,624
10/03/2022,LGB,CA,AWP,WE,Towers with Radar,91,15,59,0,165,0,21,236,0,257,91,36,295,0,422,771,0,771,1193
10/04/2022,LGB,CA,AWP,WE,Towers with Radar,90,15,102,0,207,0,26,274,0,300,90,41,376,0,507,990,0,990,1497
10/05/2022,LGB,CA,AWP,WE,Towers with Radar,93,18,99,3,213,0,12,239,0,251,93,30,338,3,464,419,0,419,883
10/06/2022,LGB,CA,AWP,WE,Towers with Radar,90,25,110,0,225,0,10,56,1,67,90,35,166,1,292,250,0,250,542
10/07/2022,LGB,CA,AWP,WE,Towers with Radar,93,12,95,0,200,0,16,267,0,283,93,28,362,0,483,708,0,708,1191
10/08/2022,LGB,CA,AWP,WE,Towers with Radar,69,8,57,0,134,0,0,186,0,186,69,8,243,0,320,280,0,280,600
10/09/2022,LGB,CA,AWP,WE,Towers with Radar,85,9,85,0,179,0,0,166,0,166,85,9,251,0,345,305,0,305,650
10/10/2022,LGB,CA,AWP,WE,Towers with Radar,92,15,80,0,187,0,13,216,0,229,92,28,296,0,416,735,0,735,1151
10/11/2022,LGB,CA,AWP,WE,Towers with Radar,93,18,107,1,219,0,30,175,0,205,93,48,282,1,424,581,0,581,1005
10/12/2022,LGB,CA,AWP,WE,Towers with Radar,92,24,51,2,169,0,6,90,1,97,92,30,141,3,266,274,0,274,540
10/13/2022,LGB,CA,AWP,WE,Towers with Radar,96,44,75,0,215,0,0,9,0,9,96,44,84,0,224,0,0,0,224
10/14/2022,LGB,CA,AWP,WE,Towers with Radar,91,31,65,3,190,0,1,43,0,44,91,32,108,3,234,6,0,6,240
10/15/2022,LGB,CA,AWP,WE,Towers with Radar,70,3,79,0,152,0,17,215,0,232,70,20,294,0,384,148,0,148,532
10/16/2022,LGB,CA,AWP,WE,Towers with Radar,83,11,96,2,192,0,0,209,0,209,83,11,305,2,401,176,0,176,577
10/17/2022,LGB,CA,AWP,WE,Towers with Radar,92,12,89,0,193,0,17,243,2,262,92,29,332,2,455,385,0,385,840
10/18/2022,LGB,CA,AWP,WE,Towers with Radar,94,4,59,0,157,0,23,364,0,387,94,27,423,0,544,663,0,663,1207
10/19/2022,LGB,CA,AWP,WE,Towers with Radar,94,13,75,0,182,0,20,338,0,358,94,33,413,0,540,587,0,587,1127
10/20/2022,LGB,CA,AWP,WE,Towers with Radar,92,9,67,0,168,0,16,337,0,353,92,25,404,0,521,256,0,256,777
10/21/2022,LGB,CA,AWP,WE,Towers with Radar,91,15,87,2,195,0,10,258,0,268,91,25,345,2,463,420,0,420,883
10/22/2022,LGB,CA,AWP,WE,Towers with Radar,68,1,82,0,151,0,3,184,0,187,68,4,266,0,338,40,0,40,378
10/23/2022,LGB,CA,AWP,WE,Towers with Radar,81,11,87,0,179,0,0,262,0,262,81,11,349,0,441,94,0,94,535
10/24/2022,LGB,CA,AWP,WE,Towers with Radar,91,6,66,0,163,0,14,245,0,259,91,20,311,0,422,480,0,480,902
10/25/2022,LGB,CA,AWP,WE,Towers with Radar,92,10,83,1,186,0,20,324,0,344,92,30,407,1,530,640,0,640,1170
10/26/2022,LGB,CA,AWP,WE,Towers with Radar,92,22,87,4,205,0,20,362,4,386,92,42,449,8,591,841,0,841,1432
10/27/2022,LGB,CA,AWP,WE,Towers with Radar,92,12,68,0,172,0,15,292,1,308,92,27,360,1,480,551,0,551,1031
10/28/2022,LGB,CA,AWP,WE,Towers with Radar,93,16,60,1,170,0,10,402,1,413,93,26,462,2,583,393,0,393,976
10/29/2022,LGB,CA,AWP,WE,Towers with Radar,70,3,73,0,146,0,4,353,0,357,70,7,426,0,503,708,0,708,1211
10/30/2022,LGB,CA,AWP,WE,Towers with Radar,85,7,74,1,167,0,1,288,0,289,85,8,362,1,456,339,0,339,795
10/31/2022,LGB,CA,AWP,WE,Towers with Radar,96,9,58,0,163,0,19,226,0,245,96,28,284,0,408,586,0,586,994
11/01/2022,LGB,CA,AWP,WE,Towers with Radar,93,8,79,2,182,0,17,166,0,183,93,25,245,2,365,856,0,856,1221
11/02/2022,LGB,CA,AWP,WE,Towers with Radar,93,7,60,1,161,0,12,217,0,229,93,19,277,1,390,118,0,118,508
11/03/2022,LGB,CA,AWP,WE,Towers with Radar,93,9,61,1,164,0,12,258,0,270,93,21,319,1,434,344,0,344,778
11/04/2022,LGB,CA,AWP,WE,Towers with Radar,93,10,67,2,172,0,18,271,1,290,93,28,338,3,462,705,0,705,1167
11/05/2022,LGB,CA,AWP,WE,Towers with Radar,75,11,54,0,140,0,1,306,1,308,75,12,360,1,448,583,0,583,1031
11/06/2022,LGB,CA,AWP,WE,Towers with Radar,97,8,66,1,172,0,0,243,0,243,97,8,309,1,415,378,0,378,793
11/07/2022,LGB,CA,AWP,WE,Towers with Radar,93,13,74,2,182,0,9,33,0,42,93,22,107,2,224,32,0,32,256
11/08/2022,LGB,CA,AWP,WE,Towers with Radar,93,8,32,0,133,0,8,43,0,51,93,16,75,0,184,47,0,47,231
11/09/2022,LGB,CA,AWP,WE,Towers with Radar,95,16,89,0,200,0,22,353,0,375,95,38,442,0,575,791,0,791,1366
11/10/2022,LGB,CA,AWP,WE,Towers with Radar,95,4,85,0,184,0,12,330,2,344,95,16,415,2,528,88,0,88,616
11/11/2022,LGB,CA,AWP,WE,Towers with Radar,94,6,62,0,162,0,14,364,0,378,94,20,426,0,540,405,0,405,945
11/12/2022,LGB,CA,AWP,WE,Towers with Radar,75,4,61,2,142,0,4,316,0,320,75,8,377,2,462,49,0,49,511
11/13/2022,LGB,CA,AWP,WE,Towers with Radar,93,12,62,1,168,0,0,222,0,222,93,12,284,1,390,594,0,594,984
11/14/2022,LGB,CA,AWP,WE,Towers with Radar,94,10,71,3,178,0,11,292,0,303,94,21,363,3,481,445,0,445,926
11/15/2022,LGB,CA,AWP,WE,Towers with Radar,94,23,85,0,202,0,14,282,1,297,94,37,367,1,499,385,0,385,884
11/16/2022,LGB,CA,AWP,WE,Towers with Radar,94,8,48,2,152,0,8,254,1,263,94,16,302,3,415,293,0,293,708
11/17/2022,LGB,CA,AWP,WE,Towers with Radar,94,12,77,2,185,0,12,317,0,329,94,24,394,2,514,648,0,648,1162
11/18/2022,LGB,CA,AWP,WE,Towers with Radar,94,12,84,0,190,0,7,304,0,311,94,19,388,0,501,335,0,335,836
11/19/2022,LGB,CA,AWP,WE,Towers with Radar,74,6,51,0,131,0,4,239,0,243,74,10,290,0,374,307,0,307,681
11/20/2022,LGB,CA,AWP,WE,Towers with Radar,95,12,58,0,165,0,0,203,0,203,95,12,261,0,368,361,0,361,729
11/21/2022,LGB,CA,AWP,WE,Towers with Radar,95,9,89,0,193,0,7,289,1,297,95,16,378,1,490,356,0,356,846
11/22/2022,LGB,CA,AWP,WE,Towers with Radar,94,9,70,3,176,0,12,269,0,281,94,21,339,3,457,559,0,559,1016
11/23/2022,LGB,CA,AWP,WE,Towers with Radar,94,6,80,1,181,0,12,240,0,252,94,18,320,1,433,106,0,106,539
11/24/2022,LGB,CA,AWP,WE,Towers with Radar,78,5,19,0,102,0,1,84,0,85,78,6,103,0,187,184,0,184,371
11/25/2022,LGB,CA,AWP,WE,Towers with Radar,97,5,49,0,151,0,10,196,0,206,97,15,245,0,357,388,0,388,745
11/26/2022,LGB,CA,AWP,WE,Towers with Radar,74,9,39,0,122,0,6,269,0,275,74,15,308,0,397,526,0,526,923
11/27/2022,LGB,CA,AWP,WE,Towers with Radar,96,13,74,0,183,0,0,176,0,176,96,13,250,0,359,330,0,330,689
11/28/2022,LGB,CA,AWP,WE,Towers with Radar,95,6,67,0,168,0,0,13,0,13,95,6,80,0,181,0,0,0,181
11/29/2022,LGB,CA,AWP,WE,Towers with Radar,96,10,61,0,167,0,12,231,0,243,96,22,292,0,410,443,0,443,853
11/30/2022,LGB,CA,AWP,WE,Towers with Radar,95,10,99,2,206,0,8,222,1,231,95,18,321,3,437,752,0,752,1189
12/01/2022,LGB,CA,AWP,WE,Towers with Radar,96,14,61,0,171,0,12,157,0,169,96,26,218,0,340,572,0,572,912
12/02/2022,LGB,CA,AWP,WE,Towers with Radar,97,13,58,3,171,0,4,75,0,79,97,17,133,3,250,254,0,254,504
12/03/2022,LGB,CA,AWP,WE,Towers with Radar,74,3,77,4,158,0,6,260,0,266,74,9,337,4,424,514,0,514,938
12/04/2022,LGB,CA,AWP,WE,Towers with Radar,105,8,59,2,174,0,0,48,0,48,105,8,107,2,222,216,0,216,438
12/05/2022,LGB,CA,AWP,WE,Towers with Radar,95,8,95,1,199,0,15,266,1,282,95,23,361,2,481,416,0,416,897
12/06/2022,LGB,CA,AWP,WE,Towers with Radar,98,7,85,2,192,0,13,293,0,306,98,20,378,2,498,379,0,379,877
12/07/2022,LGB,CA,AWP,WE,Towers with Radar,96,4,99,2,201,0,10,302,1,313,96,14,401,3,514,236,0,236,750
12/08/2022,LGB,CA,AWP,WE,Towers with Radar,96,11,97,1,205,0,9,279,0,288,96,20,376,1,493,199,0,199,692
12/09/2022,LGB,CA,AWP,WE,Towers with Radar,95,13,96,1,205,0,10,322,0,332,95,23,418,1,537,142,0,142,679
12/10/2022,LGB,CA,AWP,WE,Towers with Radar,73,4,54,0,131,0,2,185,0,187,73,6,239,0,318,271,0,271,589
12/11/2022,LGB,CA,AWP,WE,Towers with Radar,94,8,32,1,135,0,0,50,0,50,94,8,82,1,185,38,0,38,223
12/12/2022,LGB,CA,AWP,WE,Towers with Radar,98,6,63,0,167,0,11,95,0,106,98,17,158,0,273,315,0,315,588
12/13/2022,LGB,CA,AWP,WE,Towers with Radar,99,11,105,0,215,0,8,283,0,291,99,19,388,0,506,417,0,417,923
12/14/2022,LGB,CA,AWP,WE,Towers with Radar,100,12,80,0,192,0,16,300,0,316,100,28,380,0,508,390,0,390,898
12/15/2022,LGB,CA,AWP,WE,Towers with Radar,98,12,81,1,192,0,6,287,0,293,98,18,368,1,485,382,0,382,867
12/16/2022,LGB,CA,AWP,WE,Towers with Radar,100,6,72,0,178,0,5,297,0,302,100,11,369,0,480,499,0,499,979
12/17/2022,LGB,CA,AWP,WE,Towers with Radar,78,9,56,0,143,0,6,216,0,222,78,15,272,0,365,402,0,402,767
12/18/2022,LGB,CA,AWP,WE,Towers with Radar,90,6,56,0,152,0,4,202,1,207,90,10,258,1,359,482,0,482,841
12/19/2022,LGB,CA,AWP,WE,Towers with Radar,95,11,88,0,194,0,8,196,0,204,95,19,284,0,398,299,0,299,697
12/20/2022,LGB,CA,AWP,WE,Towers with Radar,97,9,65,0,171,0,10,242,0,252,97,19,307,0,423,299,0,299,722
12/21/2022,LGB,CA,AWP,WE,Towers with Radar,96,9,99,0,204,0,7,237,0,244,96,16,336,0,448,595,0,595,1043
12/22/2022,LGB,CA,AWP,WE,Towers with Radar,89,12,93,1,195,0,7,278,0,285,89,19,371,1,480,168,0,168,648
12/23/2022,LGB,CA,AWP,WE,Towers with Radar,82,10,47,0,139,0,4,146,0,150,82,14,193,0,289,366,0,366,655
12/24/2022,LGB,CA,AWP,WE,Towers with Radar,35,7,19,0,61,0,1,128,0,129,35,8,147,0,190,382,0,382,572
12/25/2022,LGB,CA,AWP,WE,Towers with Radar,41,6,10,0,57,0,0,79,0,79,41,6,89,0,136,146,0,146,282
12/26/2022,LGB,CA,AWP,WE,Towers with Radar,33,3,57,0,93,0,2,221,0,223,33,5,278,0,316,395,0,395,711
12/27/2022,LGB,CA,AWP,WE,Towers with Radar,30,8,66,0,104,0,2,77,0,79,30,10,143,0,183,287,0,287,470
12/28/2022,LGB,CA,AWP,WE,Towers with Radar,35,12,72,0,119,0,9,138,2,149,35,21,210,2,268,554,0,554,822
12/29/2022,LGB,CA,AWP,WE,Towers with Radar,35,5,61,0,101,0,11,123,0,134,35,16,184,0,235,307,0,307,542
12/30/2022,LGB,CA,AWP,WE,Towers with Radar,94,12,55,0,161,0,0,4,0,4,94,12,59,0,165,0,0,0,165
12/31/2022,LGB,CA,AWP,WE,Towers with Radar,57,0,14,0,71,0,0,0,0,0,57,0,14,0,71,0,0,0,71
01/01/2023,LGB,CA,AWP,WE,Towers with Radar,94,6,19,0,119,0,3,70,0,73,94,9,89,0,192,75,0,75,267
01/02/2023,LGB,CA,AWP,WE,Towers with Radar,93,4,65,0,162,0,9,255,0,264,93,13,320,0,426,128,0,128,554
01/03/2023,LGB,CA,AWP,WE,Towers with Radar,102,4,24,0,130,0,0,5,0,5,102,4,29,0,135,0,0,0,135
01/04/2023,LGB,CA,AWP,WE,Towers with Radar,93,7,29,0,129,0,0,0,0,0,93,7,29,0,129,0,0,0,129
01/05/2023,LGB,CA,AWP,WE,Towers with Radar,94,3,33,3,133,0,0,5,3,8,94,3,38,6,141,0,0,0,141
01/06/2023,LGB,CA,AWP,WE,Towers with Radar,97,15,99,0,211,0,25,329,1,355,97,40,428,1,566,487,0,487,1053
01/07/2023,LGB,CA,AWP,WE,Towers with Radar,84,8,76,0,168,0,4,267,1,272,84,12,343,1,440,672,0,672,1112
01/08/2023,LGB,CA,AWP,WE,Towers with Radar,91,6,75,0,172,0,0,223,0,223,91,6,298,0,395,620,0,620,1015
01/09/2023,LGB,CA,AWP,WE,Towers with Radar,97,15,82,0,194,0,0,22,0,22,97,15,104,0,216,48,0,48,264
01/10/2023,LGB,CA,AWP,WE,Towers with Radar,102,11,68,0,181,0,0,64,0,64,102,11,132,0,245,240,0,240,485
01/11/2023,LGB,CA,AWP,WE,Towers with Radar,91,7,102,0,200,0,26,203,0,229,91,33,305,0,429,781,0,781,1210
01/12/2023,LGB,CA,AWP,WE,Towers with Radar,99,6,95,0,200,0,11,291,1,303,99,17,386,1,503,926,0,926,1429
01/13/2023,LGB,CA,AWP,WE,Towers with Radar,96,4,107,0,207,0,6,299,0,305,96,10,406,0,512,696,0,696,1208
01/14/2023,LGB,CA,AWP,WE,Towers with Radar,73,2,22,0,97,0,1,18,0,19,73,3,40,0,116,74,0,74,190
01/15/2023,LGB,CA,AWP,WE,Towers with Radar,82,13,37,0,132,0,0,122,0,122,82,13,159,0,254,288,0,288,542
01/16/2023,LGB,CA,AWP,WE,Towers with Radar,96,5,31,0,132,0,0,62,0,62,96,5,93,0,194,164,0,164,358
01/17/2023,LGB,CA,AWP,WE,Towers with Radar,95,5,121,0,221,0,20,332,1,353,95,25,453,1,574,684,0,684,1258
01/18/2023,LGB,CA,AWP,WE,Towers with Radar,95,16,123,6,240,0,15,346,6,367,95,31,469,12,607,494,0,494,1101
01/19/2023,LGB,CA,AWP,WE,Towers with Radar,95,9,87,0,191,0,10,203,0,213,95,19,290,0,404,712,0,712,1116
01/20/2023,LGB,CA,AWP,WE,Towers with Radar,96,10,82,0,188,0,9,288,0,297,96,19,370,0,485,762,0,762,1247
01/21/2023,LGB,CA,AWP,WE,Towers with Radar,74,9,73,0,156,0,1,213,0,214,74,10,286,0,370,448,0,448,818
01/22/2023,LGB,CA,AWP,WE,Towers with Radar,86,9,68,0,163,0,1,222,0,223,86,10,290,0,386,402,0,402,788
01/23/2023,LGB,CA,AWP,WE,Towers with Radar,96,12,72,0,180,0,28,228,0,256,96,40,300,0,436,787,0,787,1223
01/24/2023,LGB,CA,AWP,WE,Towers with Radar,96,14,114,4,228,0,8,239,5,252,96,22,353,9,480,652,0,652,1132
01/25/2023,LGB,CA,AWP,WE,Towers with Radar,94,13,119,0,226,0,8,353,0,361,94,21,472,0,587,304,0,304,891
01/26/2023,LGB,CA,AWP,WE,Towers with Radar,97,9,49,0,155,0,8,138,1,147,97,17,187,1,302,273,0,273,575
01/27/2023,LGB,CA,AWP,WE,Towers with Radar,100,15,80,0,195,0,10,281,0,291,100,25,361,0,486,564,0,564,1050
01/28/2023,LGB,CA,AWP,WE,Towers with Radar,74,13,73,0,160,0,3,227,0,230,74,16,300,0,390,458,0,458,848
01/29/2023,LGB,CA,AWP,WE,Towers with Radar,82,10,32,0,124,0,0,131,0,131,82,10,163,0,255,506,0,506,761
01/30/2023,LGB,CA,AWP,WE,Towers with Radar,92,16,37,0,145,0,10,106,1,117,92,26,143,1,262,442,0,442,704
01/31/2023,LGB,CA,AWP,WE,Towers with Radar,88,7,105,0,200,0,5,347,1,353,88,12,452,1,553,680,0,680,1233
02/01/2023,LGB,CA,AWP,WE,Towers with Radar,86,16,98,0,200,0,8,334,0,342,86,24,432,0,542,768,0,768,1310
02/02/2023,LGB,CA,AWP,WE,Towers with Radar,96,13,91,0,200,0,9,281,0,290,96,22,372,0,490,312,0,312,802
02/03/2023,LGB,CA,AWP,WE,Towers with Radar,94,12,108,1,215,0,4,280,1,285,94,16,388,2,500,680,0,680,1180
02/04/2023,LGB,CA,AWP,WE,Towers with Radar,75,8,59,0,142,0,2,273,0,275,75,10,332,0,417,550,0,550,967
02/05/2023,LGB,CA,AWP,WE,Towers with Radar,86,12,54,0,152,0,3,212,6,221,86,15,266,6,373,363,0,363,736
02/06/2023,LGB,CA,AWP,WE,Towers with Radar,97,12,93,1,203,0,11,272,1,284,97,23,365,2,487,831,0,831,1318
02/07/2023,LGB,CA,AWP,WE,Towers with Radar,95,14,97,1,207,0,12,294,0,306,95,26,391,1,513,686,0,686,1199
02/08/2023,LGB,CA,AWP,WE,Towers with Radar,98,9,93,0,200,0,5,366,4,375,98,14,459,4,575,1043,0,1043,1618
02/09/2023,LGB,CA,AWP,WE,Towers with Radar,95,8,94,2,199,0,8,256,2,266,95,16,350,4,465,601,0,601,1066
02/10/2023,LGB,CA,AWP,WE,Towers with Radar,96,8,85,3,192,0,9,283,0,292,96,17,368,3,484,771,0,771,1255
02/11/2023,LGB,CA,AWP,WE,Towers with Radar,74,9,54,5,142,0,2,152,1,155,74,11,206,6,297,506,0,506,803
02/12/2023,LGB,CA,AWP,WE,Towers with Radar,85,9,63,4,161,0,7,189,0,196,85,16,252,4,357,238,0,238,595
02/13/2023,LGB,CA,AWP,WE,Towers with Radar,97,16,90,2,205,0,7,246,0,253,97,23,336,2,458,294,0,294,752
02/14/2023,LGB,CA,AWP,WE,Towers with Radar,96,13,65,2,176,0,8,208,0,216,96,21,273,2,392,735,0,735,1127
02/15/2023,LGB,CA,AWP,WE,Towers with Radar,93,7,106,0,206,0,6,388,2,396,93,13,494,2,602,608,0,608,1210
02/16/2023,LGB,CA,AWP,WE,Towers with Radar,96,14,84,4,198,0,12,345,0,357,96,26,429,4,555,926,0,926,1481
02/17/2023,LGB,CA,AWP,WE,Towers with Radar,95,13,109,0,217,0,8,305,0,313,95,21,414,0,530,776,0,776,1306
02/18/2023,LGB,CA,AWP,WE,Towers with Radar,77,8,79,0,164,0,2,255,0,257,77,10,334,0,421,628,0,628,1049
02/19/2023,LGB,CA,AWP,WE,Towers with Radar,84,6,68,0,158,0,0,280,0,280,84,6,348,0,438,226,0,226,664
02/20/2023,LGB,CA,AWP,WE,Towers with Radar,98,16,99,1,214,0,11,302,0,313,98,27,401,1,527,739,0,739,1266
02/21/2023,LGB,CA,AWP,WE,Towers with Radar,94,18,87,1,200,0,9,142,2,153,94,27,229,3,353,518,0,518,871
02/22/2023,LGB,CA,AWP,WE,Towers with Radar,98,11,37,0,146,0,1,67,0,68,98,12,104,0,214,83,0,83,297
02/23/2023,LGB,CA,AWP,WE,Towers with Radar,96,3,42,2,143,0,24,83,0,107,96,27,125,2,250,535,0,535,785
02/24/2023,LGB,CA,AWP,WE,Towers with Radar,90,5,24,0,119,0,0,9,0,9,90,5,33,0,128,8,0,8,136
02/25/2023,LGB,CA,AWP,WE,Towers with Radar,74,9,27,1,111,0,8,38,0,46,74,17,65,1,157,34,0,34,191
02/26/2023,LGB,CA,AWP,WE,Towers with Radar,84,8,57,2,151,0,1,233,0,234,84,9,290,2,385,549,0,549,934
02/27/2023,LGB,CA,AWP,WE,Towers with Radar,94,15,23,4,136,0,10,66,0,76,94,25,89,4,212,150,0,150,362
02/28/2023,LGB,CA,AWP,WE,Towers with Radar,93,31,59,1,184,0,15,211,1,227,93,46,270,2,411,481,0,481,892
03/01/2023,LGB,CA,AWP,WE,Towers with Radar,85,11,43,0,139,0,0,66,0,66,85,11,109,0,205,65,0,65,270
03/02/2023,LGB,CA,AWP,WE,Towers with Radar,88,20,99,1,208,0,47,387,0,434,88,67,486,1,642,964,0,964,1606
03/03/2023,LGB,CA,AWP,WE,Towers with Radar,90,17,88,5,200,0,15,323,0,338,90,32,411,5,538,969,0,969,1507
03/04/2023,LGB,CA,AWP,WE,Towers with Radar,68,10,59,6,143,0,13,187,1,201,68,23,246,7,344,866,0,866,1210
03/05/2023,LGB,CA,AWP,WE,Towers with Radar,79,11,52,1,143,0,1,97,0,98,79,12,149,1,241,366,0,366,607
03/06/2023,LGB,CA,AWP,WE,Towers with Radar,90,23,73,3,189,0,30,283,1,314,90,53,356,4,503,830,0,830,1333
03/07/2023,LGB,CA,AWP,WE,Towers with Radar,90,15,84,4,193,0,20,314,5,339,90,35,398,9,532,1009,0,1009,1541
03/08/2023,LGB,CA,AWP,WE,Towers with Radar,92,29,93,0,214,0,28,260,1,289,92,57,353,1,503,930,0,930,1433
03/09/2023,LGB,CA,AWP,WE,Towers with Radar,93,25,92,2,212,0,16,323,2,341,93,41,415,4,553,608,0,608,1161
03/10/2023,LGB,CA,AWP,WE,Towers with Radar,100,9,33,0,142,0,0,0,0,0,100,9,33,0,142,0,0,0,142
03/11/2023,LGB,CA,AWP,WE,Towers with Radar,72,11,57,0,140,0,0,0,0,0,72,11,57,0,140,0,0,0,140
03/12/2023,LGB,CA,AWP,WE,Towers with Radar,80,22,47,0,149,0,3,87,0,90,80,25,134,0,239,256,0,256,495
03/13/2023,LGB,CA,AWP,WE,Towers with Radar,93,15,81,3,192,0,15,166,0,181,93,30,247,3,373,640,0,640,1013
03/14/2023,LGB,CA,AWP,WE,Towers with Radar,91,10,25,1,127,0,0,0,0,0,91,10,25,1,127,0,0,0,127
03/15/2023,LGB,CA,AWP,WE,Towers with Radar,90,10,52,2,154,0,0,36,0,36,90,10,88,2,190,176,0,176,366
03/16/2023,LGB,CA,AWP,WE,Towers with Radar,91,30,98,2,221,0,32,266,2,300,91,62,364,4,521,1077,0,1077,1598
03/17/2023,LGB,CA,AWP,WE,Towers with Radar,94,23,98,0,215,0,17,349,0,366,94,40,447,0,581,774,0,774,1355
03/18/2023,LGB,CA,AWP,WE,Towers with Radar,76,23,68,2,169,0,10,294,0,304,76,33,362,2,473,600,0,600,1073
03/19/2023,LGB,CA,AWP,WE,Towers with Radar,82,16,71,1,170,0,4,150,0,154,82,20,221,1,324,399,0,399,723
03/20/2023,LGB,CA,AWP,WE,Towers with Radar,93,13,57,1,164,0,11,144,0,155,93,24,201,1,319,481,0,481,800
03/21/2023,LGB,CA,AWP,WE,Towers with Radar,100,9,20,1,130,0,3,29,0,32,100,12,49,1,162,7,0,7,169
03/22/2023,LGB,CA,AWP,WE,Towers with Radar,93,8,42,0,143,0,13,133,0,146,93,21,175,0,289,372,0,372,661
03/23/2023,LGB,CA,AWP,WE,Towers with Radar,92,6,62,0,160,0,7,289,0,296,92,13,351,0,456,907,0,907,1363
03/24/2023,LGB,CA,AWP,WE,Towers with Radar,94,22,71,0,187,0,9,327,0,336,94,31,398,0,523,578,0,578,1101
03/25/2023,LGB,CA,AWP,WE,Towers with Radar,70,13,62,0,145,0,8,220,1,229,70,21,282,1,374,497,0,497,871
03/26/2023,LGB,CA,AWP,WE,Towers with Radar,80,17,51,0,148,0,0,310,0,310,80,17,361,0,458,427,0,427,885
03/27/2023,LGB,CA,AWP,WE,Towers with Radar,93,20,80,0,193,0,12,323,0,335,93,32,403,0,528,639,0,639,1167
03/28/2023,LGB,CA,AWP,WE,Towers with Radar,92,17,88,1,198,0,17,371,1,389,92,34,459,2,587,530,0,530,1117
03/29/2023,LGB,CA,AWP,WE,Towers with Radar,95,10,42,0,147,0,8,108,1,117,95,18,150,1,264,322,0,322,586
03/30/2023,LGB,CA,AWP,WE,Towers with Radar,92,11,70,0,173,0,3,220,0,223,92,14,290,0,396,523,0,523,919
03/31/2023,LGB,CA,AWP,WE,Towers with Radar,90,32,58,0,180,0,20,290,0,310,90,52,348,0,490,423,0,423,913
04/01/2023,LGB,CA,AWP,WE,Towers with Radar,72,22,36,4,134,0,2,265,0,267,72,24,301,4,401,542,0,542,943
04/02/2023,LGB,CA,AWP,WE,Towers with Radar,79,21,45,2,147,0,2,277,0,279,79,23,322,2,426,513,0,513,939
04/03/2023,LGB,CA,AWP,WE,Towers with Radar,92,7,52,0,151,0,13,140,0,153,92,20,192,0,304,389,0,389,693
04/04/2023,LGB,CA,AWP,WE,Towers with Radar,92,24,65,0,181,0,15,199,0,214,92,39,264,0,395,276,0,276,671
04/05/2023,LGB,CA,AWP,WE,Towers with Radar,94,25,70,7,196,0,12,405,2,419,94,37,475,9,615,904,0,904,1519
04/06/2023,LGB,CA,AWP,WE,Towers with Radar,93,13,72,2,180,0,38,223,0,261,93,51,295,2,441,774,0,774,1215
04/07/2023,LGB,CA,AWP,WE,Towers with Radar,91,20,66,3,180,0,12,327,0,339,91,32,393,3,519,633,0,633,1152
04/08/2023,LGB,CA,AWP,WE,Towers with Radar,74,23,39,4,140,0,10,209,0,219,74,33,248,4,359,371,0,371,730
04/09/2023,LGB,CA,AWP,WE,Towers with Radar,84,13,31,5,133,0,4,159,0,163,84,17,190,5,296,307,0,307,603
04/10/2023,LGB,CA,AWP,WE,Towers with Radar,92,31,55,2,180,0,10,169,0,179,92,41,224,2,359,586,0,586,945
04/11/2023,LGB,CA,AWP,WE,Towers with Radar,92,23,62,0,177,0,9,161,0,170,92,32,223,0,347,607,0,607,954
04/12/2023,LGB,CA,AWP,WE,Towers with Radar,92,9,115,1,217,0,1,78,0,79,92,10,193,1,296,376,0,376,672
04/13/2023,LGB,CA,AWP,WE,Towers with Radar,94,28,89,2,213,0,2,124,0,126,94,30,213,2,339,681,0,681,1020
04/14/2023,LGB,CA,AWP,WE,Towers with Radar,92,38,83,0,213,0,20,258,0,278,92,58,341,0,491,798,0,798,1289
04/15/2023,LGB,CA,AWP,WE,Towers with Radar,75,27,67,5,174,0,10,292,0,302,75,37,359,5,476,646,0,646,1122
04/16/2023,LGB,CA,AWP,WE,Towers with Radar,84,24,69,0,177,0,39,126,6,171,84,63,195,6,348,384,0,384,732
04/17/2023,LGB,CA,AWP,WE,Towers with Radar,96,26,85,3,210,0,18,212,0,230,96,44,297,3,440,389,0,389,829
04/18/2023,LGB,CA,AWP,WE,Towers with Radar,91,6,43,1,141,0,18,265,0,283,91,24,308,1,424,64,0,64,488
04/19/2023,LGB,CA,AWP,WE,Towers with Radar,88,18,44,0,150,0,10,350,1,361,88,28,394,1,511,15,0,15,526
04/20/2023,LGB,CA,AWP,WE,Towers with Radar,94,31,75,0,200,0,19,335,0,354,94,50,410,0,554,813,0,813,1367
04/21/2023,LGB,CA,AWP,WE,Towers with Radar,92,26,69,0,187,0,16,262,0,278,92,42,331,0,465,710,0,710,1175
04/22/2023,LGB,CA,AWP,WE,Towers with Radar,71,14,45,2,132,0,7,285,0,292,71,21,330,2,424,313,0,313,737
04/23/2023,LGB,CA,AWP,WE,Towers with Radar,85,18,58,0,161,0,9,183,0,192,85,27,241,0,353,318,0,318,671
04/24/2023,LGB,CA,AWP,WE,Towers with Radar,91,12,71,3,177,0,11,154,0,165,91,23,225,3,342,842,0,842,1184
04/25/2023,LGB,CA,AWP,WE,Towers with Radar,86,20,40,0,146,0,11,200,0,211,86,31,240,0,357,102,0,102,459
04/26/2023,LGB,CA,AWP,WE,Towers with Radar,92,13,53,1,159,0,6,274,0,280,92,19,327,1,439,51,0,51,490
04/27/2023,LGB,CA,AWP,WE,Towers with Radar,95,27,96,1,219,0,18,275,1,294,95,45,371,2,513,561,0,561,1074
04/28/2023,LGB,CA,AWP,WE,Towers with Radar,97,29,54,0,180,0,9,195,0,204,97,38,249,0,384,669,0,669,1053
04/29/2023,LGB,CA,AWP,WE,Towers with Radar,75,28,45,0,148,0,11,193,6,210,75,39,238,6,358,399,0,399,757
04/30/2023,LGB,CA,AWP,WE,Towers with Radar,85,11,90,0,186,0,2,30,0,32,85,13,120,0,218,11,0,11,229
05/01/2023,LGB,CA,AWP,WE,Towers with Radar,98,28,69,0,195,0,10,211,1,222,98,38,280,1,417,742,0,742,1159
05/02/2023,LGB,CA,AWP,WE,Towers with Radar,89,17,29,0,135,0,6,255,1,262,89,23,284,1,397,130,0,130,527
05/03/2023,LGB,CA,AWP,WE,Towers with Radar,90,14,56,0,160,0,12,247,0,259,90,26,303,0,419,47,0,47,466
05/04/2023,LGB,CA,AWP,WE,Towers with Radar,97,17,48,0,162,0,8,179,1,188,97,25,227,1,350,738,0,738,1088
05/05/2023,LGB,CA,AWP,WE,Towers with Radar,92,25,93,0,210,0,13,240,0,253,92,38,333,0,463,614,0,614,1077
05/06/2023,LGB,CA,AWP,WE,Towers with Radar,76,28,32,0,136,0,10,256,0,266,76,38,288,0,402,626,0,626,1028
05/07/2023,LGB,CA,AWP,WE,Towers with Radar,83,27,39,0,149,0,4,201,0,205,83,31,240,0,354,354,2,356,710
05/08/2023,LGB,CA,AWP,WE,Towers with Radar,93,40,63,0,196,0,14,175,0,189,93,54,238,0,385,838,0,838,1223
05/09/2023,LGB,CA,AWP,WE,Towers with Radar,88,17,52,2,159,0,18,192,0,210,88,35,244,2,369,92,0,92,461
05/10/2023,LGB,CA,AWP,WE,Towers with Radar,88,23,48,0,159,0,13,300,1,314,88,36,348,1,473,88,0,88,561
05/11/2023,LGB,CA,AWP,WE,Towers with Radar,93,37,59,0,189,0,19,259,0,278,93,56,318,0,467,932,0,932,1399
05/12/2023,LGB,CA,AWP,WE,Towers with Radar,89,20,96,0,205,0,20,293,0,313,89,40,389,0,518,900,0,900,1418
05/13/2023,LGB,CA,AWP,WE,Towers with Radar,74,24,62,1,161,0,4,198,0,202,74,28,260,1,363,514,0,514,877
05/14/2023,LGB,CA,AWP,WE,Towers with Radar,82,27,54,3,166,0,4,136,0,140,82,31,190,3,306,244,0,244,550
05/15/2023,LGB,CA,AWP,WE,Towers with Radar,91,15,78,2,186,0,1,71,0,72,91,16,149,2,258,306,0,306,564
05/16/2023,LGB,CA,AWP,WE,Towers with Radar,88,26,38,3,155,0,19,172,0,191,88,45,210,3,346,51,0,51,397
05/17/2023,LGB,CA,AWP,WE,Towers with Radar,88,24,55,2,169,0,16,189,0,205,88,40,244,2,374,86,0,86,460
05/18/2023,LGB,CA,AWP,WE,Towers with Radar,93,15,82,3,193,0,7,88,1,96,93,22,170,4,289,709,0,709,998
05/19/2023,LGB,CA,AWP,WE,Towers with Radar,92,17,114,0,223,0,2,72,0,74,92,19,186,0,297,274,0,274,571
05/20/2023,LGB,CA,AWP,WE,Towers with Radar,74,20,48,0,142,0,3,148,0,151,74,23,196,0,293,452,0,452,745
05/21/2023,LGB,CA,AWP,WE,Towers with Radar,83,27,53,0,163,0,1,121,0,122,83,28,174,0,285,308,0,308,593
05/22/2023,LGB,CA,AWP,WE,Towers with Radar,93,11,87,0,191,0,1,93,0,94,93,12,180,0,285,307,0,307,592
05/23/2023,LGB,CA,AWP,WE,Towers with Radar,90,18,62,1,171,0,8,108,3,119,90,26,170,4,290,142,0,142,432
05/24/2023,LGB,CA,AWP,WE,Towers with Radar,88,22,73,0,183,0,27,240,0,267,88,49,313,0,450,21,0,21,471
05/25/2023,LGB,CA,AWP,WE,Towers with Radar,93,31,85,4,213,0,21,315,0,336,93,52,400,4,549,759,0,759,1308
05/26/2023,LGB,CA,AWP,WE,Towers with Radar,91,38,96,1,226,0,14,251,0,265,91,52,347,1,491,324,0,324,815
05/27/2023,LGB,CA,AWP,WE,Towers with Radar,76,25,53,1,155,0,10,215,0,225,76,35,268,1,380,573,0,573,953
05/28/2023,LGB,CA,AWP,WE,Towers with Radar,83,19,60,1,163,0,4,169,4,177,83,23,229,5,340,596,0,596,936
05/29/2023,LGB,CA,AWP,WE,Towers with Radar,91,15,67,0,173,0,4,178,1,183,91,19,245,1,356,695,0,695,1051
05/30/2023,LGB,CA,AWP,WE,Towers with Radar,92,30,81,0,203,0,20,194,3,217,92,50,275,3,420,886,0,886,1306
05/31/2023,LGB,CA,AWP,WE,Towers with Radar,92,25,61,3,181,0,20,243,1,264,92,45,304,4,445,997,0,997,1442
06/01/2023,LGB,CA,AWP,WE,Towers with Radar,93,42,91,0,226,0,29,326,0,355,93,71,417,0,581,904,0,904,1485
06/02/2023,LGB,CA,AWP,WE,Towers with Radar,92,37,59,4,192,0,19,223,4,246,92,56,282,8,438,721,0,721,1159
06/03/2023,LGB,CA,AWP,WE,Towers with Radar,73,30,56,2,161,0,5,247,0,252,73,35,303,2,413,576,0,576,989
06/04/2023,LGB,CA,AWP,WE,Towers with Radar,87,29,53,1,170,0,0,111,0,111,87,29,164,1,281,382,0,382,663
06/05/2023,LGB,CA,AWP,WE,Towers with Radar,94,12,71,1,178,0,16,217,0,233,94,28,288,1,411,819,0,819,1230
06/06/2023,LGB,CA,AWP,WE,Towers with Radar,94,33,63,5,195,0,18,247,2,267,94,51,310,7,462,797,0,797,1259
06/07/2023,LGB,CA,AWP,WE,Towers with Radar,94,30,74,0,198,0,17,248,0,265,94,47,322,0,463,968,0,968,1431
06/08/2023,LGB,CA,AWP,WE,Towers with Radar,93,38,88,1,220,0,19,318,1,338,93,57,406,2,558,1031,0,1031,1589
06/09/2023,LGB,CA,AWP,WE,Towers with Radar,92,34,62,3,191,0,12,118,2,132,92,46,180,5,323,1124,0,1124,1447
06/10/2023,LGB,CA,AWP,WE,Towers with Radar,74,36,60,1,171,0,2,137,2,141,74,38,197,3,312,577,0,577,889
06/11/2023,LGB,CA,AWP,WE,Towers with Radar,88,13,53,1,155,0,2,97,2,101,88,15,150,3,256,266,0,266,522
06/12/2023,LGB,CA,AWP,WE,Towers with Radar,94,29,82,0,205,0,19,202,0,221,94,48,284,0,426,735,0,735,1161
06/13/2023,LGB,CA,AWP,WE,Towers with Radar,95,36,79,0,210,0,22,278,0,300,95,58,357,0,510,839,0,839,1349
06/14/2023,LGB,CA,AWP,WE,Towers with Radar,94,30,77,0,201,0,18,252,0,270,94,48,329,0,471,1092,0,1092,1563
06/15/2023,LGB,CA,AWP,WE,Towers with Radar,93,31,92,0,216,0,9,199,1,209,93,40,291,1,425,788,0,788,1213
06/16/2023,LGB,CA,AWP,WE,Towers with Radar,99,18,74,0,191,0,19,186,0,205,99,37,260,0,396,833,0,833,1229
06/17/2023,LGB,CA,AWP,WE,Towers with Radar,75,19,51,0,145,0,3,292,0,295,75,22,343,0,440,554,0,554,994
06/18/2023,LGB,CA,AWP,WE,Towers with Radar,87,20,43,0,150,0,0,127,0,127,87,20,170,0,277,250,0,250,527
06/19/2023,LGB,CA,AWP,WE,Towers with Radar,94,28,54,0,176,0,9,197,0,206,94,37,251,0,382,587,0,587,969
06/20/2023,LGB,CA,AWP,WE,Towers with Radar,94,20,47,2,163,0,22,312,0,334,94,42,359,2,497,714,0,714,1211
06/21/2023,LGB,CA,AWP,WE,Towers with Radar,94,26,90,2,212,0,21,319,0,340,94,47,409,2,552,743,0,743,1295
06/22/2023,LGB,CA,AWP,WE,Towers with Radar,93,22,73,0,188,0,27,234,0,261,93,49,307,0,449,845,0,845,1294
06/23/2023,LGB,CA,AWP,WE,Towers with Radar,94,27,74,0,195,0,26,330,0,356,94,53,404,0,551,852,0,852,1403
06/24/2023,LGB,CA,AWP,WE,Towers with Radar,74,16,47,0,137,0,7,279,0,286,74,23,326,0,423,527,0,527,950
06/25/2023,LGB,CA,AWP,WE,Towers with Radar,86,25,47,0,158,0,4,274,0,278,86,29,321,0,436,590,0,590,1026
06/26/2023,LGB,CA,AWP,WE,Towers with Radar,94,18,70,1,183,0,21,259,0,280,94,39,329,1,463,833,0,833,1296
06/27/2023,LGB,CA,AWP,WE,Towers with Radar,94,14,78,0,186,0,21,276,0,297,94,35,354,0,483,497,0,497,980
06/28/2023,LGB,CA,AWP,WE,Towers with Radar,94,20,89,0,203,0,15,265,0,280,94,35,354,0,483,1067,0,1067,1550
06/29/2023,LGB,CA,AWP,WE,Towers with Radar,94,21,91,0,206,0,22,334,0,356,94,43,425,0,562,973,0,973,1535
06/30/2023,LGB,CA,AWP,WE,Towers with Radar,94,21,60,0,175,0,14,269,1,284,94,35,329,1,459,558,0,558,1017
07/01/2023,LGB,CA,AWP,WE,Towers with Radar,74,15,52,0,141,0,7,229,0,236,74,22,281,0,377,464,0,464,841
07/02/2023,LGB,CA,AWP,WE,Towers with Radar,83,12,31,0,126,0,1,162,0,163,83,13,193,0,289,297,0,297,586
07/03/2023,LGB,CA,AWP,WE,Towers with Radar,94,16,58,0,168,0,7,207,0,214,94,23,265,0,382,643,0,643,1025
07/04/2023,LGB,CA,AWP,WE,Towers with Radar,91,5,39,0,135,0,0,166,0,166,91,5,205,0,301,211,0,211,512
07/05/2023,LGB,CA,AWP,WE,Towers with Radar,95,11,51,0,157,0,22,293,0,315,95,33,344,0,472,788,0,788,1260
07/06/2023,LGB,CA,AWP,WE,Towers with Radar,94,28,80,2,204,0,23,247,0,270,94,51,327,2,474,802,0,802,1276
07/07/2023,LGB,CA,AWP,WE,Towers with Radar,94,26,42,4,166,0,22,290,0,312,94,48,332,4,478,798,0,798,1276
07/08/2023,LGB,CA,AWP,WE,Towers with Radar,74,17,39,0,130,0,14,261,4,279,74,31,300,4,409,803,0,803,1212
07/09/2023,LGB,CA,AWP,WE,Towers with Radar,83,8,34,0,125,0,1,193,0,194,83,9,227,0,319,428,0,428,747
07/10/2023,LGB,CA,AWP,WE,Towers with Radar,94,27,51,0,172,0,18,204,0,222,94,45,255,0,394,476,0,476,870
07/11/2023,LGB,CA,AWP,WE,Towers with Radar,98,22,56,1,177,0,21,286,2,309,98,43,342,3,486,616,0,616,1102
07/12/2023,LGB,CA,AWP,WE,Towers with Radar,100,15,65,0,180,0,15,353,0,368,100,30,418,0,548,707,0,707,1255
07/13/2023,LGB,CA,AWP,WE,Towers with Radar,100,20,50,1,171,0,20,314,0,334,100,40,364,1,505,789,0,789,1294
07/14/2023,LGB,CA,AWP,WE,Towers with Radar,100,26,47,1,174,0,23,295,0,318,100,49,342,1,492,863,0,863,1355
07/15/2023,LGB,CA,AWP,WE,Towers with Radar,80,14,41,1,136,0,2,236,1,239,80,16,277,2,375,246,0,246,621
07/16/2023,LGB,CA,AWP,WE,Towers with Radar,86,14,43,0,143,0,0,205,1,206,86,14,248,1,349,346,0,346,695
07/17/2023,LGB,CA,AWP,WE,Towers with Radar,99,24,53,0,176,0,21,270,1,292,99,45,323,1,468,589,0,589,1057
07/18/2023,LGB,CA,AWP,WE,Towers with Radar,100,10,60,0,170,0,15,309,1,325,100,25,369,1,495,565,2,567,1062
07/19/2023,LGB,CA,AWP,WE,Towers with Radar,102,25,58,1,186,0,17,432,1,450,102,42,490,2,636,562,0,562,1198
07/20/2023,LGB,CA,AWP,WE,Towers with Radar,100,19,55,2,176,0,20,314,2,336,100,39,369,4,512,1020,0,1020,1532
07/21/2023,LGB,CA,AWP,WE,Towers with Radar,100,26,67,0,193,0,13,190,0,203,100,39,257,0,396,452,0,452,848
07/22/2023,LGB,CA,AWP,WE,Towers with Radar,81,17,45,2,145,0,4,168,0,172,81,21,213,2,317,324,0,324,641
07/23/2023,LGB,CA,AWP,WE,Towers with Radar,89,33,50,0,172,0,4,110,0,114,89,37,160,0,286,196,0,196,482
07/24/2023,LGB,CA,AWP,WE,Towers with Radar,101,22,45,0,168,0,11,262,0,273,101,33,307,0,441,624,1,625,1066
07/25/2023,LGB,CA,AWP,WE,Towers with Radar,100,31,46,1,178,0,28,294,0,322,100,59,340,1,500,466,0,466,966
07/26/2023,LGB,CA,AWP,WE,Towers with Radar,100,28,57,1,186,0,28,275,3,306,100,56,332,4,492,815,0,815,1307
07/27/2023,LGB,CA,AWP,WE,Towers with Radar,100,13,61,1,175,0,22,311,2,335,100,35,372,3,510,988,0,988,1498
07/28/2023,LGB,CA,AWP,WE,Towers with Radar,102,31,72,2,207,0,11,209,0,220,102,42,281,2,427,561,0,561,988
07/29/2023,LGB,CA,AWP,WE,Towers with Radar,82,22,39,3,146,0,0,192,1,193,82,22,231,4,339,432,0,432,771
07/30/2023,LGB,CA,AWP,WE,Towers with Radar,89,10,70,2,171,0,0,125,0,125,89,10,195,2,296,100,0,100,396
07/31/2023,LGB,CA,AWP,WE,Towers with Radar,102,20,61,0,183,0,11,213,0,224,102,31,274,0,407,526,0,526,933
08/01/2023,LGB,CA,AWP,WE,Towers with Radar,98,29,63,0,190,0,27,317,1,345,98,56,380,1,535,489,0,489,1024
08/02/2023,LGB,CA,AWP,WE,Towers with Radar,101,25,74,0,200,0,15,350,0,365,101,40,424,0,565,594,0,594,1159
08/03/2023,LGB,CA,AWP,WE,Towers with Radar,100,31,53,0,184,0,22,303,1,326,100,53,356,1,510,705,0,705,1215
08/04/2023,LGB,CA,AWP,WE,Towers with Radar,101,46,70,3,220,0,15,260,0,275,101,61,330,3,495,852,0,852,1347
08/05/2023,LGB,CA,AWP,WE,Towers with Radar,80,22,50,7,159,0,6,222,0,228,80,28,272,7,387,534,0,534,921
08/06/2023,LGB,CA,AWP,WE,Towers with Radar,90,29,38,2,159,0,5,196,0,201,90,34,234,2,360,472,0,472,832
08/07/2023,LGB,CA,AWP,WE,Towers with Radar,98,23,60,0,181,0,12,283,0,295,98,35,343,0,476,526,0,526,1002
08/08/2023,LGB,CA,AWP,WE,Towers with Radar,100,25,70,0,195,0,23,333,1,357,100,48,403,1,552,919,0,919,1471
08/09/2023,LGB,CA,AWP,WE,Towers with Radar,99,46,79,2,226,0,23,333,0,356,99,69,412,2,582,794,0,794,1376
08/10/2023,LGB,CA,AWP,WE,Towers with Radar,100,38,76,6,220,0,3,272,0,275,100,41,348,6,495,928,0,928,1423
08/11/2023,LGB,CA,AWP,WE,Towers with Radar,102,44,82,1,229,0,24,250,1,275,102,68,332,2,504,790,0,790,1294
08/12/2023,LGB,CA,AWP,WE,Towers with Radar,81,21,49,0,151,0,12,291,0,303,81,33,340,0,454,448,0,448,902
08/13/2023,LGB,CA,AWP,WE,Towers with Radar,89,28,41,2,160,0,7,267,2,276,89,35,308,4,436,340,0,340,776
08/14/2023,LGB,CA,AWP,WE,Towers with Radar,100,15,61,1,177,0,9,332,2,343,100,24,393,3,520,206,0,206,726
08/15/2023,LGB,CA,AWP,WE,Towers with Radar,102,21,73,0,196,0,22,341,0,363,102,43,414,0,559,671,0,671,1230
08/16/2023,LGB,CA,AWP,WE,Towers with Radar,105,24,71,2,202,0,24,452,2,478,105,48,523,4,680,912,0,912,1592
08/17/2023,LGB,CA,AWP,WE,Towers with Radar,100,28,61,0,189,1,18,485,0,504,101,46,546,0,693,985,0,985,1678
08/18/2023,LGB,CA,AWP,WE,Towers with Radar,99,43,64,0,206,0,13,377,2,392,99,56,441,2,598,654,0,654,1252
08/19/2023,LGB,CA,AWP,WE,Towers with Radar,79,13,43,1,136,0,1,256,3,260,79,14,299,4,396,590,0,590,986
08/20/2023,LGB,CA,AWP,WE,Towers with Radar,51,5,7,0,63,0,0,5,0,5,51,5,12,0,68,0,0,0,68
08/21/2023,LGB,CA,AWP,WE,Towers with Radar,82,6,38,0,126,0,7,246,2,255,82,13,284,2,381,580,0,580,961
08/22/2023,LGB,CA,AWP,WE,Towers with Radar,100,22,73,0,195,0,9,321,0,330,100,31,394,0,525,911,0,911,1436
08/23/2023,LGB,CA,AWP,WE,Towers with Radar,100,23,88,1,212,0,8,331,1,340,100,31,419,2,552,822,0,822,1374
08/24/2023,LGB,CA,AWP,WE,Towers with Radar,99,24,102,0,225,0,7,258,0,265,99,31,360,0,490,876,0,876,1366
08/25/2023,LGB,CA,AWP,WE,Towers with Radar,100,37,52,1,190,0,21,334,2,357,100,58,386,3,547,575,0,575,1122
08/26/2023,LGB,CA,AWP,WE,Towers with Radar,81,17,43,0,141,0,2,253,0,255,81,19,296,0,396,642,0,642,1038
08/27/2023,LGB,CA,AWP,WE,Towers with Radar,98,24,41,0,163,0,2,215,0,217,98,26,256,0,380,373,0,373,753
08/28/2023,LGB,CA,AWP,WE,Towers with Radar,100,30,89,1,220,0,21,283,5,309,100,51,372,6,529,688,0,688,1217
08/29/2023,LGB,CA,AWP,WE,Towers with Radar,103,24,42,0,169,0,22,347,0,369,103,46,389,0,538,980,0,980,1518
08/30/2023,LGB,CA,AWP,WE,Towers with Radar,101,16,72,0,189,0,22,354,0,376,101,38,426,0,565,1108,0,1108,1673
08/31/2023,LGB,CA,AWP,WE,Towers with Radar,103,25,66,0,194,0,6,238,0,244,103,31,304,0,438,736,0,736,1174
