01/01/2000,LIH,HI,AWP,WE,Federal Contract Tower,82,2,3,0,87,3,98,19,0,120,85,100,22,0,207,10,0,10,217
01/02/2000,LIH,HI,AWP,WE,Federal Contract Tower,95,2,3,0,100,2,112,14,0,128,97,114,17,0,228,18,0,18,246
01/03/2000,LIH,HI,AWP,WE,Federal Contract Tower,93,2,3,4,102,0,161,16,3,180,93,163,19,7,282,24,10,34,316
01/04/2000,LIH,HI,AWP,WE,Federal Contract Tower,90,2,3,4,99,0,135,6,8,149,90,137,9,12,248,34,8,42,290
01/05/2000,LIH,HI,AWP,WE,Federal Contract Tower,92,2,1,4,99,0,116,0,20,136,92,118,1,24,235,18,0,18,253
01/06/2000,LIH,HI,AWP,WE,Federal Contract Tower,89,2,3,3,97,0,88,3,0,91,89,90,6,3,188,60,0,60,248
01/07/2000,LIH,HI,AWP,WE,Federal Contract Tower,89,2,3,0,94,5,90,8,0,103,94,92,11,0,197,32,0,32,229
01/08/2000,LIH,HI,AWP,WE,Federal Contract Tower,87,2,3,2,94,4,68,10,0,82,91,70,13,2,176,15,0,15,191
01/09/2000,LIH,HI,AWP,WE,Federal Contract Tower,93,2,3,0,98,0,106,16,0,122,93,108,19,0,220,14,0,14,234
01/10/2000,LIH,HI,AWP,WE,Federal Contract Tower,87,2,3,0,92,4,109,6,0,119,91,111,9,0,211,26,0,26,237
01/11/2000,LIH,HI,AWP,WE,Federal Contract Tower,90,2,3,5,100,1,130,6,7,144,91,132,9,12,244,40,4,44,288
01/12/2000,LIH,HI,AWP,WE,Federal Contract Tower,87,2,3,4,96,3,90,3,3,99,90,92,6,7,195,22,4,26,221
01/13/2000,LIH,HI,AWP,WE,Federal Contract Tower,90,2,3,2,97,0,146,8,0,154,90,148,11,2,251,20,0,20,271
01/14/2000,LIH,HI,AWP,WE,Federal Contract Tower,94,2,3,5,104,0,138,11,7,156,94,140,14,12,260,54,0,54,314
01/15/2000,LIH,HI,AWP,WE,Federal Contract Tower,88,2,3,0,93,8,50,3,0,61,96,52,6,0,154,16,0,16,170
01/16/2000,LIH,HI,AWP,WE,Federal Contract Tower,89,2,3,0,94,4,119,9,0,132,93,121,12,0,226,18,0,18,244
01/17/2000,LIH,HI,AWP,WE,Federal Contract Tower,87,2,3,3,95,4,138,6,0,148,91,140,9,3,243,28,0,28,271
01/18/2000,LIH,HI,AWP,WE,Federal Contract Tower,89,2,3,5,99,1,146,1,7,155,90,148,4,12,254,52,30,82,336
01/19/2000,LIH,HI,AWP,WE,Federal Contract Tower,93,2,4,5,104,0,6,8,8,22,93,8,12,13,126,8,12,20,146
01/20/2000,LIH,HI,AWP,WE,Federal Contract Tower,89,2,4,5,100,0,140,0,20,160,89,142,4,25,260,26,6,32,292
01/21/2000,LIH,HI,AWP,WE,Federal Contract Tower,93,2,3,5,103,0,106,2,5,113,93,108,5,10,216,16,0,16,232
01/22/2000,LIH,HI,AWP,WE,Federal Contract Tower,90,2,3,0,95,3,120,15,0,138,93,122,18,0,233,12,0,12,245
01/23/2000,LIH,HI,AWP,WE,Federal Contract Tower,87,1,4,0,92,7,165,2,0,174,94,166,6,0,266,14,0,14,280
01/24/2000,LIH,HI,AWP,WE,Federal Contract Tower,89,1,4,4,98,0,177,5,11,193,89,178,9,15,291,32,0,32,323
01/25/2000,LIH,HI,AWP,WE,Federal Contract Tower,92,1,4,4,101,0,189,1,15,205,92,190,5,19,306,28,24,52,358
01/26/2000,LIH,HI,AWP,WE,Federal Contract Tower,85,1,4,4,94,0,109,3,13,125,85,110,7,17,219,22,8,30,249
01/27/2000,LIH,HI,AWP,WE,Federal Contract Tower,93,1,3,5,102,0,137,1,11,149,93,138,4,16,251,30,0,30,281
01/28/2000,LIH,HI,AWP,WE,Federal Contract Tower,89,1,3,5,98,2,119,2,3,126,91,120,5,8,224,26,0,26,250
01/29/2000,LIH,HI,AWP,WE,Federal Contract Tower,89,1,3,0,93,7,137,10,0,154,96,138,13,0,247,18,0,18,265
01/30/2000,LIH,HI,AWP,WE,Federal Contract Tower,85,1,2,0,88,7,157,12,0,176,92,158,14,0,264,35,0,35,299
01/31/2000,LIH,HI,AWP,WE,Federal Contract Tower,88,1,4,5,98,0,188,10,7,205,88,189,14,12,303,24,0,24,327
02/01/2000,LIH,HI,AWP,WE,Federal Contract Tower,89,2,2,6,99,0,160,9,6,175,89,162,11,12,274,20,10,30,304
02/02/2000,LIH,HI,AWP,WE,Federal Contract Tower,84,2,1,3,90,3,138,5,0,146,87,140,6,3,236,30,0,30,266
02/03/2000,LIH,HI,AWP,WE,Federal Contract Tower,88,3,1,0,92,3,103,5,0,111,91,106,6,0,203,76,0,76,279
02/04/2000,LIH,HI,AWP,WE,Federal Contract Tower,93,2,1,6,102,0,102,15,4,121,93,104,16,10,223,46,6,52,275
02/05/2000,LIH,HI,AWP,WE,Federal Contract Tower,98,3,1,6,108,0,105,11,6,122,98,108,12,12,230,12,0,12,242
02/06/2000,LIH,HI,AWP,WE,Federal Contract Tower,97,2,1,6,106,1,127,11,0,139,98,129,12,6,245,22,0,22,267
02/07/2000,LIH,HI,AWP,WE,Federal Contract Tower,85,2,1,0,88,4,209,10,0,223,89,211,11,0,311,50,0,50,361
02/08/2000,LIH,HI,AWP,WE,Federal Contract Tower,86,3,1,6,96,0,191,13,26,230,86,194,14,32,326,50,12,62,388
02/09/2000,LIH,HI,AWP,WE,Federal Contract Tower,91,2,1,7,101,0,159,9,3,171,91,161,10,10,272,36,0,36,308
02/10/2000,LIH,HI,AWP,WE,Federal Contract Tower,93,3,1,8,105,0,176,8,22,206,93,179,9,30,311,20,0,20,331
02/11/2000,LIH,HI,AWP,WE,Federal Contract Tower,88,3,1,4,96,4,161,14,0,179,92,164,15,4,275,30,0,30,305
02/12/2000,LIH,HI,AWP,WE,Federal Contract Tower,86,3,1,0,90,9,171,9,0,189,95,174,10,0,279,44,0,44,323
02/13/2000,LIH,HI,AWP,WE,Federal Contract Tower,82,1,2,4,89,8,183,15,0,206,90,184,17,4,295,25,0,25,320
02/14/2000,LIH,HI,AWP,WE,Federal Contract Tower,84,2,2,6,94,0,166,0,5,171,84,168,2,11,265,16,34,50,315
02/15/2000,LIH,HI,AWP,WE,Federal Contract Tower,89,1,2,7,99,0,193,6,12,211,89,194,8,19,310,30,8,38,348
02/16/2000,LIH,HI,AWP,WE,Federal Contract Tower,83,1,2,0,86,6,169,4,0,179,89,170,6,0,265,26,0,26,291
02/17/2000,LIH,HI,AWP,WE,Federal Contract Tower,92,2,2,4,100,0,177,1,0,178,92,179,3,4,278,52,8,60,338
02/18/2000,LIH,HI,AWP,WE,Federal Contract Tower,94,1,2,6,103,0,179,12,0,191,94,180,14,6,294,56,6,62,356
02/19/2000,LIH,HI,AWP,WE,Federal Contract Tower,85,1,2,0,88,7,127,12,0,146,92,128,14,0,234,24,0,24,258
02/20/2000,LIH,HI,AWP,WE,Federal Contract Tower,89,1,2,2,94,3,175,11,0,189,92,176,13,2,283,30,10,40,323
02/21/2000,LIH,HI,AWP,WE,Federal Contract Tower,89,1,2,2,94,3,207,13,0,223,92,208,15,2,317,46,6,52,369
02/22/2000,LIH,HI,AWP,WE,Federal Contract Tower,90,1,2,7,100,2,181,3,1,187,92,182,5,8,287,46,6,52,339
02/23/2000,LIH,HI,AWP,WE,Federal Contract Tower,90,1,2,7,100,0,168,0,1,169,90,169,2,8,269,28,14,42,311
02/24/2000,LIH,HI,AWP,WE,Federal Contract Tower,94,1,2,4,101,0,167,8,0,175,94,168,10,4,276,44,2,46,322
02/25/2000,LIH,HI,AWP,WE,Federal Contract Tower,96,1,2,2,101,0,169,9,0,178,96,170,11,2,279,20,0,20,299
02/26/2000,LIH,HI,AWP,WE,Federal Contract Tower,94,1,2,0,97,6,120,10,0,136,100,121,12,0,233,20,0,20,253
02/27/2000,LIH,HI,AWP,WE,Federal Contract Tower,88,2,2,4,96,5,183,20,0,208,93,185,22,4,304,30,0,30,334
02/28/2000,LIH,HI,AWP,WE,Federal Contract Tower,87,1,2,6,96,0,206,0,8,214,87,207,2,14,310,26,0,26,336
02/29/2000,LIH,HI,AWP,WE,Federal Contract Tower,86,1,2,5,94,0,223,11,4,238,86,224,13,9,332,36,0,36,368
03/01/2000,LIH,HI,AWP,WE,Federal Contract Tower,86,3,3,7,99,0,170,2,27,199,86,173,5,34,298,20,15,35,333
03/02/2000,LIH,HI,AWP,WE,Federal Contract Tower,91,3,2,0,96,0,171,6,0,177,91,174,8,0,273,42,8,50,323
03/03/2000,LIH,HI,AWP,WE,Federal Contract Tower,86,3,2,0,91,3,143,10,0,156,89,146,12,0,247,34,0,34,281
03/04/2000,LIH,HI,AWP,WE,Federal Contract Tower,84,3,2,2,91,9,154,10,0,173,93,157,12,2,264,20,0,20,284
03/05/2000,LIH,HI,AWP,WE,Federal Contract Tower,91,3,2,6,102,3,179,3,2,187,94,182,5,8,289,31,3,34,323
03/06/2000,LIH,HI,AWP,WE,Federal Contract Tower,89,3,2,6,100,0,188,9,6,203,89,191,11,12,303,32,0,32,335
03/07/2000,LIH,HI,AWP,WE,Federal Contract Tower,86,3,2,5,96,1,177,1,8,187,87,180,3,13,283,36,12,48,331
03/08/2000,LIH,HI,AWP,WE,Federal Contract Tower,89,3,2,6,100,0,203,4,5,212,89,206,6,11,312,26,35,61,373
03/09/2000,LIH,HI,AWP,WE,Federal Contract Tower,87,3,2,0,92,5,157,4,0,166,92,160,6,0,258,32,2,34,292
03/10/2000,LIH,HI,AWP,WE,Federal Contract Tower,94,2,4,0,100,0,195,0,0,195,94,197,4,0,295,80,20,100,395
03/11/2000,LIH,HI,AWP,WE,Federal Contract Tower,90,2,3,0,95,7,138,15,0,160,97,140,18,0,255,55,0,55,310
03/12/2000,LIH,HI,AWP,WE,Federal Contract Tower,86,2,3,0,91,9,165,12,0,186,95,167,15,0,277,15,0,15,292
03/13/2000,LIH,HI,AWP,WE,Federal Contract Tower,89,2,2,6,99,0,221,0,8,229,89,223,2,14,328,42,42,84,412
03/14/2000,LIH,HI,AWP,WE,Federal Contract Tower,81,2,3,2,88,7,206,3,0,216,88,208,6,2,304,26,0,26,330
03/15/2000,LIH,HI,AWP,WE,Federal Contract Tower,80,1,3,3,87,5,208,0,0,213,85,209,3,3,300,24,0,24,324
03/16/2000,LIH,HI,AWP,WE,Federal Contract Tower,91,2,2,0,95,0,202,0,0,202,91,204,2,0,297,26,0,26,323
03/17/2000,LIH,HI,AWP,WE,Federal Contract Tower,91,2,3,0,96,0,161,3,0,164,91,163,6,0,260,30,0,30,290
03/18/2000,LIH,HI,AWP,WE,Federal Contract Tower,93,2,3,0,98,0,140,14,0,154,93,142,17,0,252,32,0,32,284
03/19/2000,LIH,HI,AWP,WE,Federal Contract Tower,82,2,3,0,87,7,178,2,0,187,89,180,5,0,274,58,0,58,332
03/20/2000,LIH,HI,AWP,WE,Federal Contract Tower,92,2,3,2,99,2,213,5,0,220,94,215,8,2,319,66,0,66,385
03/21/2000,LIH,HI,AWP,WE,Federal Contract Tower,82,2,3,5,92,0,204,9,25,238,82,206,12,30,330,60,10,70,400
03/22/2000,LIH,HI,AWP,WE,Federal Contract Tower,92,2,3,5,102,0,187,12,7,206,92,189,15,12,308,36,0,36,344
03/23/2000,LIH,HI,AWP,WE,Federal Contract Tower,85,2,3,4,94,6,170,11,2,189,91,172,14,6,283,34,0,34,317
03/24/2000,LIH,HI,AWP,WE,Federal Contract Tower,100,2,2,0,104,3,185,20,0,208,103,187,22,0,312,32,2,34,346
03/25/2000,LIH,HI,AWP,WE,Federal Contract Tower,91,2,2,2,97,6,168,19,0,193,97,170,21,2,290,44,0,44,334
03/26/2000,LIH,HI,AWP,WE,Federal Contract Tower,90,2,2,0,94,4,183,12,0,199,94,185,14,0,293,23,0,23,316
03/27/2000,LIH,HI,AWP,WE,Federal Contract Tower,91,2,2,6,101,0,212,6,1,219,91,214,8,7,320,50,2,52,372
03/28/2000,LIH,HI,AWP,WE,Federal Contract Tower,86,2,2,2,92,0,226,4,0,230,86,228,6,2,322,20,0,20,342
03/29/2000,LIH,HI,AWP,WE,Federal Contract Tower,86,2,2,5,95,0,198,2,3,203,86,200,4,8,298,22,15,37,335
03/30/2000,LIH,HI,AWP,WE,Federal Contract Tower,89,2,2,1,94,0,178,2,0,180,89,180,4,1,274,34,0,34,308
03/31/2000,LIH,HI,AWP,WE,Federal Contract Tower,98,2,2,1,103,3,106,8,0,117,101,108,10,1,220,56,0,56,276
04/01/2000,LIH,HI,AWP,WE,Federal Contract Tower,86,3,2,0,91,9,83,7,0,99,95,86,9,0,190,12,0,12,202
04/02/2000,LIH,HI,AWP,WE,Federal Contract Tower,85,3,0,0,88,12,51,0,0,63,97,54,0,0,151,14,0,14,165
04/03/2000,LIH,HI,AWP,WE,Federal Contract Tower,82,3,2,2,89,0,7,2,0,9,82,10,4,2,98,0,0,0,98
04/04/2000,LIH,HI,AWP,WE,Federal Contract Tower,88,3,2,7,100,0,1,1,3,5,88,4,3,10,105,2,0,2,107
04/05/2000,LIH,HI,AWP,WE,Federal Contract Tower,88,3,2,7,100,0,169,1,3,173,88,172,3,10,273,18,11,29,302
04/06/2000,LIH,HI,AWP,WE,Federal Contract Tower,89,3,3,0,95,0,179,4,0,183,89,182,7,0,278,36,8,44,322
04/07/2000,LIH,HI,AWP,WE,Federal Contract Tower,95,3,3,0,101,0,199,9,0,208,95,202,12,0,309,40,0,40,349
04/08/2000,LIH,HI,AWP,WE,Federal Contract Tower,97,3,2,6,108,1,145,12,0,158,98,148,14,6,266,42,0,42,308
04/09/2000,LIH,HI,AWP,WE,Federal Contract Tower,93,3,3,2,101,3,159,11,0,173,96,162,14,2,274,78,4,82,356
04/10/2000,LIH,HI,AWP,WE,Federal Contract Tower,85,3,2,8,98,1,183,1,0,185,86,186,3,8,283,30,0,30,313
04/11/2000,LIH,HI,AWP,WE,Federal Contract Tower,80,3,2,2,87,8,211,8,0,227,88,214,10,2,314,40,0,40,354
04/12/2000,LIH,HI,AWP,WE,Federal Contract Tower,88,3,3,9,103,0,212,10,12,234,88,215,13,21,337,26,18,44,381
04/13/2000,LIH,HI,AWP,WE,Federal Contract Tower,88,3,2,2,95,0,205,16,0,221,88,208,18,2,316,32,23,55,371
04/14/2000,LIH,HI,AWP,WE,Federal Contract Tower,91,3,3,0,97,9,148,7,0,164,100,151,10,0,261,58,0,58,319
04/15/2000,LIH,HI,AWP,WE,Federal Contract Tower,91,3,3,8,105,6,153,15,0,174,97,156,18,8,279,26,1,27,306
04/16/2000,LIH,HI,AWP,WE,Federal Contract Tower,84,3,2,0,89,10,144,10,0,164,94,147,12,0,253,30,0,30,283
04/17/2000,LIH,HI,AWP,WE,Federal Contract Tower,83,3,2,0,88,4,170,4,0,178,87,173,6,0,266,46,0,46,312
04/18/2000,LIH,HI,AWP,WE,Federal Contract Tower,80,2,4,9,95,0,215,7,19,241,80,217,11,28,336,58,46,104,440
04/19/2000,LIH,HI,AWP,WE,Federal Contract Tower,88,3,4,11,106,0,193,16,37,246,88,196,20,48,352,33,42,75,427
04/20/2000,LIH,HI,AWP,WE,Federal Contract Tower,88,2,4,4,98,0,190,16,0,206,88,192,20,4,304,24,0,24,328
04/21/2000,LIH,HI,AWP,WE,Federal Contract Tower,91,2,3,0,96,3,150,8,0,161,94,152,11,0,257,24,0,24,281
04/22/2000,LIH,HI,AWP,WE,Federal Contract Tower,88,2,3,0,93,11,130,12,0,153,99,132,15,0,246,45,0,45,291
04/23/2000,LIH,HI,AWP,WE,Federal Contract Tower,81,2,3,0,86,9,130,1,0,140,90,132,4,0,226,21,0,21,247
04/24/2000,LIH,HI,AWP,WE,Federal Contract Tower,85,2,3,5,95,0,227,12,0,239,85,229,15,5,334,36,0,36,370
04/25/2000,LIH,HI,AWP,WE,Federal Contract Tower,88,2,3,7,100,0,215,3,5,223,88,217,6,12,323,26,8,34,357
04/26/2000,LIH,HI,AWP,WE,Federal Contract Tower,87,2,1,7,97,0,171,0,4,175,87,173,1,11,272,51,0,51,323
04/27/2000,LIH,HI,AWP,WE,Federal Contract Tower,85,2,3,2,92,0,128,3,0,131,85,130,6,2,223,70,12,82,305
04/28/2000,LIH,HI,AWP,WE,Federal Contract Tower,92,2,3,0,97,1,160,2,0,163,93,162,5,0,260,66,6,72,332
04/29/2000,LIH,HI,AWP,WE,Federal Contract Tower,93,2,3,8,106,0,139,14,4,157,93,141,17,12,263,58,0,58,321
04/30/2000,LIH,HI,AWP,WE,Federal Contract Tower,86,2,2,0,90,7,194,19,0,220,93,196,21,0,310,45,0,45,355
05/01/2000,LIH,HI,AWP,WE,Federal Contract Tower,81,3,1,6,91,3,220,1,7,231,84,223,2,13,322,46,0,46,368
05/02/2000,LIH,HI,AWP,WE,Federal Contract Tower,86,4,2,8,100,0,238,8,47,293,86,242,10,55,393,50,20,70,463
05/03/2000,LIH,HI,AWP,WE,Federal Contract Tower,87,3,1,6,97,0,185,8,9,202,87,188,9,15,299,30,2,32,331
05/04/2000,LIH,HI,AWP,WE,Federal Contract Tower,83,3,1,0,87,0,174,7,0,181,83,177,8,0,268,36,54,90,358
05/05/2000,LIH,HI,AWP,WE,Federal Contract Tower,97,3,1,2,103,0,149,11,0,160,97,152,12,2,263,36,0,36,299
05/06/2000,LIH,HI,AWP,WE,Federal Contract Tower,92,3,1,4,100,6,157,22,0,185,98,160,23,4,285,30,0,30,315
05/07/2000,LIH,HI,AWP,WE,Federal Contract Tower,89,3,1,0,93,6,194,26,0,226,95,197,27,0,319,35,0,35,354
05/08/2000,LIH,HI,AWP,WE,Federal Contract Tower,88,2,1,6,97,0,190,10,6,206,88,192,11,12,303,36,0,36,339
05/09/2000,LIH,HI,AWP,WE,Federal Contract Tower,83,2,1,6,92,1,194,15,6,216,84,196,16,12,308,44,0,44,352
05/10/2000,LIH,HI,AWP,WE,Federal Contract Tower,83,1,2,4,90,5,199,2,0,206,88,200,4,4,296,30,0,30,326
05/11/2000,LIH,HI,AWP,WE,Federal Contract Tower,83,1,2,2,88,0,150,0,0,150,83,151,2,2,238,42,10,52,290
05/12/2000,LIH,HI,AWP,WE,Federal Contract Tower,92,2,2,7,103,1,147,7,2,157,93,149,9,9,260,14,14,28,288
05/13/2000,LIH,HI,AWP,WE,Federal Contract Tower,86,1,2,0,89,5,111,12,0,128,91,112,14,0,217,33,0,33,250
05/14/2000,LIH,HI,AWP,WE,Federal Contract Tower,86,1,2,0,89,10,128,3,0,141,96,129,5,0,230,12,0,12,242
05/15/2000,LIH,HI,AWP,WE,Federal Contract Tower,80,2,2,6,90,6,165,8,1,180,86,167,10,7,270,26,0,26,296
05/16/2000,LIH,HI,AWP,WE,Federal Contract Tower,87,2,2,7,98,0,210,9,2,221,87,212,11,9,319,28,0,28,347
05/17/2000,LIH,HI,AWP,WE,Federal Contract Tower,86,2,2,8,98,0,163,1,12,176,86,165,3,20,274,32,1,33,307
05/18/2000,LIH,HI,AWP,WE,Federal Contract Tower,74,1,2,6,83,0,158,10,6,174,74,159,12,12,257,26,0,26,283
05/19/2000,LIH,HI,AWP,WE,Federal Contract Tower,99,2,2,8,111,0,170,3,7,180,99,172,5,15,291,46,8,54,345
05/20/2000,LIH,HI,AWP,WE,Federal Contract Tower,95,2,2,6,105,5,130,1,0,136,100,132,3,6,241,64,0,64,305
05/21/2000,LIH,HI,AWP,WE,Federal Contract Tower,93,2,2,4,101,5,146,10,0,161,98,148,12,4,262,56,4,60,322
05/22/2000,LIH,HI,AWP,WE,Federal Contract Tower,79,2,2,6,89,0,214,8,16,238,79,216,10,22,327,32,0,32,359
05/23/2000,LIH,HI,AWP,WE,Federal Contract Tower,83,1,2,5,91,4,233,5,0,242,87,234,7,5,333,54,5,59,392
05/24/2000,LIH,HI,AWP,WE,Federal Contract Tower,86,2,2,6,96,0,206,4,2,212,86,208,6,8,308,41,0,41,349
05/25/2000,LIH,HI,AWP,WE,Federal Contract Tower,85,1,2,5,93,0,198,13,0,211,85,199,15,5,304,46,6,52,356
05/26/2000,LIH,HI,AWP,WE,Federal Contract Tower,90,2,2,0,94,7,177,4,0,188,97,179,6,0,282,31,0,31,313
05/27/2000,LIH,HI,AWP,WE,Federal Contract Tower,96,2,2,0,100,8,144,12,0,164,104,146,14,0,264,64,0,64,328
05/28/2000,LIH,HI,AWP,WE,Federal Contract Tower,93,2,2,0,97,5,159,10,0,174,98,161,12,0,271,24,0,24,295
05/29/2000,LIH,HI,AWP,WE,Federal Contract Tower,82,2,2,0,86,4,184,16,0,204,86,186,18,0,290,68,0,68,358
05/30/2000,LIH,HI,AWP,WE,Federal Contract Tower,80,2,1,0,83,5,214,18,0,237,85,216,19,0,320,69,0,69,389
05/31/2000,LIH,HI,AWP,WE,Federal Contract Tower,86,1,1,6,94,1,227,10,0,238,87,228,11,6,332,45,0,45,377
06/01/2000,LIH,HI,AWP,WE,Federal Contract Tower,88,3,4,10,105,0,201,6,10,217,88,204,10,20,322,47,0,47,369
06/02/2000,LIH,HI,AWP,WE,Federal Contract Tower,96,3,4,12,115,0,186,7,22,215,96,189,11,34,330,38,8,46,376
06/03/2000,LIH,HI,AWP,WE,Federal Contract Tower,87,3,3,0,93,12,148,23,0,183,99,151,26,0,276,63,0,63,339
06/04/2000,LIH,HI,AWP,WE,Federal Contract Tower,98,3,4,4,109,0,144,29,0,173,98,147,33,4,282,28,0,28,310
06/05/2000,LIH,HI,AWP,WE,Federal Contract Tower,78,2,3,4,87,6,204,1,0,211,84,206,4,4,298,62,1,63,361
06/06/2000,LIH,HI,AWP,WE,Federal Contract Tower,86,3,4,12,105,0,245,0,36,281,86,248,4,48,386,52,24,76,462
06/07/2000,LIH,HI,AWP,WE,Federal Contract Tower,87,3,3,10,103,0,163,8,7,178,87,166,11,17,281,32,0,32,313
06/08/2000,LIH,HI,AWP,WE,Federal Contract Tower,86,3,3,10,102,0,179,4,10,193,86,182,7,20,295,35,10,45,340
06/09/2000,LIH,HI,AWP,WE,Federal Contract Tower,98,3,3,10,114,4,145,8,0,157,102,148,11,10,271,27,1,28,299
06/10/2000,LIH,HI,AWP,WE,Federal Contract Tower,85,2,3,0,90,14,116,8,0,138,99,118,11,0,228,16,0,16,244
06/11/2000,LIH,HI,AWP,WE,Federal Contract Tower,85,2,3,0,90,14,143,1,0,158,99,145,4,0,248,17,0,17,265
06/12/2000,LIH,HI,AWP,WE,Federal Contract Tower,84,3,3,6,96,0,177,20,0,197,84,180,23,6,293,36,16,52,345
06/13/2000,LIH,HI,AWP,WE,Federal Contract Tower,81,2,3,8,94,4,211,6,0,221,85,213,9,8,315,23,0,23,338
06/14/2000,LIH,HI,AWP,WE,Federal Contract Tower,80,2,3,8,93,2,178,7,2,189,82,180,10,10,282,45,6,51,333
06/15/2000,LIH,HI,AWP,WE,Federal Contract Tower,87,2,4,10,103,0,159,5,15,179,87,161,9,25,282,54,0,54,336
06/16/2000,LIH,HI,AWP,WE,Federal Contract Tower,87,2,4,6,99,5,160,2,0,167,92,162,6,6,266,28,0,28,294
06/17/2000,LIH,HI,AWP,WE,Federal Contract Tower,86,2,4,0,92,14,129,10,0,153,100,131,14,0,245,22,0,22,267
06/18/2000,LIH,HI,AWP,WE,Federal Contract Tower,87,2,4,2,95,10,177,10,0,197,97,179,14,2,292,25,0,25,317
06/19/2000,LIH,HI,AWP,WE,Federal Contract Tower,83,1,4,8,96,0,191,3,2,196,83,192,7,10,292,39,1,40,332
06/20/2000,LIH,HI,AWP,WE,Federal Contract Tower,86,1,4,6,97,1,173,12,0,186,87,174,16,6,283,52,0,52,335
06/21/2000,LIH,HI,AWP,WE,Federal Contract Tower,81,1,4,8,94,0,200,3,2,205,81,201,7,10,299,77,14,91,390
06/22/2000,LIH,HI,AWP,WE,Federal Contract Tower,83,1,4,5,93,4,170,4,0,178,87,171,8,5,271,76,2,78,349
06/23/2000,LIH,HI,AWP,WE,Federal Contract Tower,101,2,4,5,112,0,171,7,0,178,101,173,11,5,290,30,6,36,326
06/24/2000,LIH,HI,AWP,WE,Federal Contract Tower,95,2,4,0,101,11,138,10,0,159,106,140,14,0,260,31,0,31,291
06/25/2000,LIH,HI,AWP,WE,Federal Contract Tower,94,2,4,2,102,9,200,8,0,217,103,202,12,2,319,29,0,29,348
06/26/2000,LIH,HI,AWP,WE,Federal Contract Tower,84,2,4,8,98,0,257,3,2,262,84,259,7,10,360,46,0,46,406
06/27/2000,LIH,HI,AWP,WE,Federal Contract Tower,88,2,4,9,103,0,222,3,12,237,88,224,7,21,340,26,0,26,366
06/28/2000,LIH,HI,AWP,WE,Federal Contract Tower,83,2,3,9,97,0,223,9,12,244,83,225,12,21,341,67,12,79,420
06/29/2000,LIH,HI,AWP,WE,Federal Contract Tower,79,1,3,4,87,5,225,13,0,243,84,226,16,4,330,123,2,125,455
06/30/2000,LIH,HI,AWP,WE,Federal Contract Tower,93,2,3,2,100,8,191,21,0,220,101,193,24,2,320,81,0,81,401
07/01/2000,LIH,HI,AWP,WE,Federal Contract Tower,107,3,2,8,120,0,151,9,2,162,107,154,11,10,282,38,0,38,320
07/02/2000,LIH,HI,AWP,WE,Federal Contract Tower,87,2,2,0,91,9,180,3,0,192,96,182,5,0,283,46,0,46,329
07/03/2000,LIH,HI,AWP,WE,Federal Contract Tower,89,2,2,0,93,0,227,16,0,243,89,229,18,0,336,26,6,32,368
07/04/2000,LIH,HI,AWP,WE,Federal Contract Tower,80,2,2,0,84,9,194,2,0,205,89,196,4,0,289,30,0,30,319
07/05/2000,LIH,HI,AWP,WE,Federal Contract Tower,91,3,2,9,105,0,189,4,38,231,91,192,6,47,336,70,7,77,413
07/06/2000,LIH,HI,AWP,WE,Federal Contract Tower,90,3,2,7,102,0,156,5,16,177,90,159,7,23,279,36,39,75,354
07/07/2000,LIH,HI,AWP,WE,Federal Contract Tower,94,3,2,6,105,2,202,3,2,209,96,205,5,8,314,36,0,36,350
07/08/2000,LIH,HI,AWP,WE,Federal Contract Tower,100,3,2,0,105,9,139,13,0,161,109,142,15,0,266,26,0,26,292
07/09/2000,LIH,HI,AWP,WE,Federal Contract Tower,96,3,2,6,107,4,161,12,1,178,100,164,14,7,285,44,0,44,329
07/10/2000,LIH,HI,AWP,WE,Federal Contract Tower,89,2,2,7,100,1,226,8,3,238,90,228,10,10,338,30,0,30,368
07/11/2000,LIH,HI,AWP,WE,Federal Contract Tower,87,3,2,6,98,0,195,13,7,215,87,198,15,13,313,58,0,58,371
07/12/2000,LIH,HI,AWP,WE,Federal Contract Tower,91,3,2,6,102,0,217,4,6,227,91,220,6,12,329,44,0,44,373
07/13/2000,LIH,HI,AWP,WE,Federal Contract Tower,88,2,2,5,97,0,196,6,0,202,88,198,8,5,299,61,0,61,360
07/14/2000,LIH,HI,AWP,WE,Federal Contract Tower,94,3,2,5,104,2,205,15,0,222,96,208,17,5,326,28,0,28,354
07/15/2000,LIH,HI,AWP,WE,Federal Contract Tower,96,3,2,0,101,8,142,11,0,161,104,145,13,0,262,24,0,24,286
07/16/2000,LIH,HI,AWP,WE,Federal Contract Tower,90,2,2,1,95,7,160,7,0,174,97,162,9,1,269,24,0,24,293
07/17/2000,LIH,HI,AWP,WE,Federal Contract Tower,83,1,3,0,87,7,222,1,0,230,90,223,4,0,317,40,0,40,357
07/18/2000,LIH,HI,AWP,WE,Federal Contract Tower,89,1,3,1,94,3,175,2,0,180,92,176,5,1,274,48,0,48,322
07/19/2000,LIH,HI,AWP,WE,Federal Contract Tower,91,1,3,6,101,0,203,8,4,215,91,204,11,10,316,36,5,41,357
07/20/2000,LIH,HI,AWP,WE,Federal Contract Tower,89,2,3,6,100,0,208,3,9,220,89,210,6,15,320,55,8,63,383
07/21/2000,LIH,HI,AWP,WE,Federal Contract Tower,96,2,3,6,107,0,141,2,7,150,96,143,5,13,257,20,0,20,277
07/22/2000,LIH,HI,AWP,WE,Federal Contract Tower,98,2,3,0,103,8,110,10,0,128,106,112,13,0,231,22,0,22,253
07/23/2000,LIH,HI,AWP,WE,Federal Contract Tower,89,1,3,0,93,9,137,7,0,153,98,138,10,0,246,45,0,45,291
07/24/2000,LIH,HI,AWP,WE,Federal Contract Tower,87,1,3,5,96,1,159,3,1,164,88,160,6,6,260,20,0,20,280
07/25/2000,LIH,HI,AWP,WE,Federal Contract Tower,86,2,3,7,98,0,146,0,19,165,86,148,3,26,263,40,0,40,303
07/26/2000,LIH,HI,AWP,WE,Federal Contract Tower,79,1,1,4,85,3,139,7,0,149,82,140,8,4,234,73,0,73,307
07/27/2000,LIH,HI,AWP,WE,Federal Contract Tower,88,1,2,7,98,0,137,5,3,145,88,138,7,10,243,39,0,39,282
07/28/2000,LIH,HI,AWP,WE,Federal Contract Tower,92,1,2,6,101,2,115,5,0,122,94,116,7,6,223,33,0,33,256
07/29/2000,LIH,HI,AWP,WE,Federal Contract Tower,97,2,2,0,101,8,91,16,0,115,105,93,18,0,216,94,0,94,310
07/30/2000,LIH,HI,AWP,WE,Federal Contract Tower,93,1,2,2,98,6,153,5,0,164,99,154,7,2,262,32,0,32,294
07/31/2000,LIH,HI,AWP,WE,Federal Contract Tower,89,1,2,7,99,1,112,0,5,118,90,113,2,12,217,44,0,44,261
08/01/2000,LIH,HI,AWP,WE,Federal Contract Tower,88,2,1,8,99,2,111,0,0,113,90,113,1,8,212,30,0,30,242
08/02/2000,LIH,HI,AWP,WE,Federal Contract Tower,85,2,2,8,97,3,125,11,3,142,88,127,13,11,239,28,14,42,281
08/03/2000,LIH,HI,AWP,WE,Federal Contract Tower,91,3,3,13,110,0,180,10,34,224,91,183,13,47,334,42,26,68,402
08/04/2000,LIH,HI,AWP,WE,Federal Contract Tower,97,2,2,8,109,6,133,6,0,145,103,135,8,8,254,32,0,32,286
08/05/2000,LIH,HI,AWP,WE,Federal Contract Tower,97,2,2,0,101,14,123,5,0,142,111,125,7,0,243,18,0,18,261
08/06/2000,LIH,HI,AWP,WE,Federal Contract Tower,90,2,2,2,96,9,128,8,0,145,99,130,10,2,241,21,0,21,262
08/07/2000,LIH,HI,AWP,WE,Federal Contract Tower,91,2,2,10,105,0,168,1,3,172,91,170,3,13,277,31,20,51,328
08/08/2000,LIH,HI,AWP,WE,Federal Contract Tower,86,3,3,12,104,0,166,4,27,197,86,169,7,39,301,40,18,58,359
08/09/2000,LIH,HI,AWP,WE,Federal Contract Tower,89,3,2,10,104,0,167,9,12,188,89,170,11,22,292,32,6,38,330
08/10/2000,LIH,HI,AWP,WE,Federal Contract Tower,90,2,3,10,105,0,139,7,7,153,90,141,10,17,258,30,0,30,288
08/11/2000,LIH,HI,AWP,WE,Federal Contract Tower,101,3,2,6,112,6,144,14,0,164,107,147,16,6,276,34,0,34,310
08/12/2000,LIH,HI,AWP,WE,Federal Contract Tower,91,2,2,0,95,11,122,15,0,148,102,124,17,0,243,23,0,23,266
08/13/2000,LIH,HI,AWP,WE,Federal Contract Tower,89,2,2,0,93,10,119,12,0,141,99,121,14,0,234,32,0,32,266
08/14/2000,LIH,HI,AWP,WE,Federal Contract Tower,93,2,2,11,108,0,176,9,4,189,93,178,11,15,297,38,0,38,335
08/15/2000,LIH,HI,AWP,WE,Federal Contract Tower,93,3,2,12,110,0,196,10,19,225,93,199,12,31,335,40,0,40,375
08/16/2000,LIH,HI,AWP,WE,Federal Contract Tower,92,3,2,11,108,0,181,15,5,201,92,184,17,16,309,40,0,40,349
08/17/2000,LIH,HI,AWP,WE,Federal Contract Tower,84,2,2,4,92,6,143,7,0,156,90,145,9,4,248,38,0,38,286
08/18/2000,LIH,HI,AWP,WE,Federal Contract Tower,92,2,2,4,100,8,133,1,0,142,100,135,3,4,242,37,0,37,279
08/19/2000,LIH,HI,AWP,WE,Federal Contract Tower,98,3,2,0,103,4,104,21,0,129,102,107,23,0,232,10,0,10,242
08/20/2000,LIH,HI,AWP,WE,Federal Contract Tower,92,2,3,4,101,8,110,4,0,122,100,112,7,4,223,18,0,18,241
08/21/2000,LIH,HI,AWP,WE,Federal Contract Tower,86,2,2,9,99,1,150,4,6,161,87,152,6,15,260,26,6,32,292
08/22/2000,LIH,HI,AWP,WE,Federal Contract Tower,87,1,4,9,101,0,173,2,11,186,87,174,6,20,287,28,4,32,319
08/23/2000,LIH,HI,AWP,WE,Federal Contract Tower,88,1,3,6,98,1,159,5,0,165,89,160,8,6,263,52,0,52,315
08/24/2000,LIH,HI,AWP,WE,Federal Contract Tower,89,1,2,9,101,0,183,0,12,195,89,184,2,21,296,12,14,26,322
08/25/2000,LIH,HI,AWP,WE,Federal Contract Tower,99,2,3,7,111,5,126,6,0,137,104,128,9,7,248,55,8,63,311
08/26/2000,LIH,HI,AWP,WE,Federal Contract Tower,93,1,3,0,97,10,130,14,0,154,103,131,17,0,251,22,0,22,273
08/27/2000,LIH,HI,AWP,WE,Federal Contract Tower,93,1,3,2,99,6,81,9,0,96,99,82,12,2,195,18,0,18,213
08/28/2000,LIH,HI,AWP,WE,Federal Contract Tower,84,1,3,9,97,0,137,10,6,153,84,138,13,15,250,36,0,36,286
08/29/2000,LIH,HI,AWP,WE,Federal Contract Tower,78,1,3,5,87,5,170,26,0,201,83,171,29,5,288,42,0,42,330
08/30/2000,LIH,HI,AWP,WE,Federal Contract Tower,86,1,3,8,98,4,122,15,0,141,90,123,18,8,239,32,0,32,271
08/31/2000,LIH,HI,AWP,WE,Federal Contract Tower,88,1,2,10,101,1,105,7,10,123,89,106,9,20,224,30,11,41,265
09/01/2000,LIH,HI,AWP,WE,Federal Contract Tower,103,3,2,8,116,2,95,1,2,100,105,98,3,10,216,6,12,18,234
09/02/2000,LIH,HI,AWP,WE,Federal Contract Tower,94,3,2,0,99,9,76,20,0,105,103,79,22,0,204,0,17,17,221
09/03/2000,LIH,HI,AWP,WE,Federal Contract Tower,97,3,2,6,108,5,95,8,0,108,102,98,10,6,216,16,0,16,232
09/04/2000,LIH,HI,AWP,WE,Federal Contract Tower,92,2,2,0,96,8,125,16,0,149,100,127,18,0,245,29,0,29,274
09/05/2000,LIH,HI,AWP,WE,Federal Contract Tower,88,2,2,7,99,0,84,1,1,86,88,86,3,8,185,28,0,28,213
09/06/2000,LIH,HI,AWP,WE,Federal Contract Tower,89,2,3,7,101,0,95,0,11,106,89,97,3,18,207,26,24,50,257
09/07/2000,LIH,HI,AWP,WE,Federal Contract Tower,84,1,2,4,91,3,149,0,0,152,87,150,2,4,243,29,12,41,284
09/08/2000,LIH,HI,AWP,WE,Federal Contract Tower,95,2,3,3,103,4,144,3,0,151,99,146,6,3,254,32,0,32,286
09/09/2000,LIH,HI,AWP,WE,Federal Contract Tower,83,1,2,0,86,8,116,8,0,132,91,117,10,0,218,75,0,75,293
09/10/2000,LIH,HI,AWP,WE,Federal Contract Tower,87,2,2,4,95,6,104,3,0,113,93,106,5,4,208,6,0,6,214
09/11/2000,LIH,HI,AWP,WE,Federal Contract Tower,82,2,2,7,93,0,162,6,9,177,82,164,8,16,270,44,0,44,314
09/12/2000,LIH,HI,AWP,WE,Federal Contract Tower,84,2,3,7,96,0,174,2,13,189,84,176,5,20,285,40,10,50,335
09/13/2000,LIH,HI,AWP,WE,Federal Contract Tower,83,2,2,6,93,0,191,1,0,192,83,193,3,6,285,40,10,50,335
09/14/2000,LIH,HI,AWP,WE,Federal Contract Tower,81,1,2,4,88,0,166,1,0,167,81,167,3,4,255,16,8,24,279
09/15/2000,LIH,HI,AWP,WE,Federal Contract Tower,90,2,2,3,97,2,142,4,0,148,92,144,6,3,245,4,5,9,254
09/16/2000,LIH,HI,AWP,WE,Federal Contract Tower,88,2,2,0,92,5,109,12,0,126,93,111,14,0,218,24,0,24,242
09/17/2000,LIH,HI,AWP,WE,Federal Contract Tower,87,2,2,0,91,8,153,11,0,172,95,155,13,0,263,27,0,27,290
09/18/2000,LIH,HI,AWP,WE,Federal Contract Tower,81,1,2,0,84,5,162,1,0,168,86,163,3,0,252,38,0,38,290
09/19/2000,LIH,HI,AWP,WE,Federal Contract Tower,85,2,2,6,95,0,241,9,1,251,85,243,11,7,346,42,8,50,396
09/20/2000,LIH,HI,AWP,WE,Federal Contract Tower,84,2,3,6,95,0,162,8,13,183,84,164,11,19,278,44,12,56,334
09/21/2000,LIH,HI,AWP,WE,Federal Contract Tower,77,2,2,0,81,7,190,7,0,204,84,192,9,0,285,16,0,16,301
09/22/2000,LIH,HI,AWP,WE,Federal Contract Tower,86,2,1,0,89,5,161,14,0,180,91,163,15,0,269,12,0,12,281
09/23/2000,LIH,HI,AWP,WE,Federal Contract Tower,90,2,1,0,93,8,163,19,0,190,98,165,20,0,283,80,0,80,363
09/24/2000,LIH,HI,AWP,WE,Federal Contract Tower,93,2,1,6,102,4,137,13,0,154,97,139,14,6,256,55,4,59,315
09/25/2000,LIH,HI,AWP,WE,Federal Contract Tower,81,1,1,7,90,1,199,0,0,200,82,200,1,7,290,51,0,51,341
09/26/2000,LIH,HI,AWP,WE,Federal Contract Tower,83,2,2,7,94,0,210,4,12,226,83,212,6,19,320,54,2,56,376
09/27/2000,LIH,HI,AWP,WE,Federal Contract Tower,85,3,2,10,100,0,167,8,41,216,85,170,10,51,316,69,20,89,405
09/28/2000,LIH,HI,AWP,WE,Federal Contract Tower,85,1,1,0,87,2,113,1,0,116,87,114,2,0,203,16,0,16,219
09/29/2000,LIH,HI,AWP,WE,Federal Contract Tower,93,2,2,7,104,0,128,2,9,139,93,130,4,16,243,20,34,54,297
09/30/2000,LIH,HI,AWP,WE,Federal Contract Tower,87,2,1,0,90,8,185,7,0,200,95,187,8,0,290,38,0,38,328
10/01/2000,LIH,HI,AWP,WE,Federal Contract Tower,90,2,1,0,93,8,133,7,0,148,98,135,8,0,241,16,0,16,257
10/02/2000,LIH,HI,AWP,WE,Federal Contract Tower,86,2,1,5,94,0,182,5,5,192,86,184,6,10,286,107,0,107,393
10/03/2000,LIH,HI,AWP,WE,Federal Contract Tower,83,3,1,5,92,0,194,5,15,214,83,197,6,20,306,18,0,18,324
10/04/2000,LIH,HI,AWP,WE,Federal Contract Tower,84,2,1,2,89,3,196,4,0,203,87,198,5,2,292,20,0,20,312
10/05/2000,LIH,HI,AWP,WE,Federal Contract Tower,81,2,1,3,87,0,161,4,0,165,81,163,5,3,252,59,29,88,340
10/06/2000,LIH,HI,AWP,WE,Federal Contract Tower,92,2,1,6,101,5,157,13,0,175,97,159,14,6,276,74,0,74,350
10/07/2000,LIH,HI,AWP,WE,Federal Contract Tower,83,2,1,0,86,7,132,3,0,142,90,134,4,0,228,20,0,20,248
10/08/2000,LIH,HI,AWP,WE,Federal Contract Tower,86,2,1,0,89,6,176,3,0,185,92,178,4,0,274,27,0,27,301
10/09/2000,LIH,HI,AWP,WE,Federal Contract Tower,82,2,1,0,85,4,183,1,0,188,86,185,2,0,273,30,0,30,303
10/10/2000,LIH,HI,AWP,WE,Federal Contract Tower,89,3,1,6,99,0,192,8,12,212,89,195,9,18,311,40,6,46,357
10/11/2000,LIH,HI,AWP,WE,Federal Contract Tower,77,2,1,5,85,4,186,3,8,201,81,188,4,13,286,30,4,34,320
10/12/2000,LIH,HI,AWP,WE,Federal Contract Tower,86,2,1,6,95,0,174,3,16,193,86,176,4,22,288,28,22,50,338
10/13/2000,LIH,HI,AWP,WE,Federal Contract Tower,92,2,1,6,101,0,149,4,5,158,92,151,5,11,259,32,14,46,305
10/14/2000,LIH,HI,AWP,WE,Federal Contract Tower,94,3,1,6,104,0,157,1,4,162,94,160,2,10,266,26,0,26,292
10/15/2000,LIH,HI,AWP,WE,Federal Contract Tower,93,2,2,4,101,5,140,8,0,153,98,142,10,4,254,25,0,25,279
10/16/2000,LIH,HI,AWP,WE,Federal Contract Tower,88,1,2,6,97,0,194,11,8,213,88,195,13,14,310,31,16,47,357
10/17/2000,LIH,HI,AWP,WE,Federal Contract Tower,83,1,2,2,88,7,214,2,0,223,90,215,4,2,311,34,0,34,345
10/18/2000,LIH,HI,AWP,WE,Federal Contract Tower,78,1,2,5,86,6,227,2,5,240,84,228,4,10,326,62,3,65,391
10/19/2000,LIH,HI,AWP,WE,Federal Contract Tower,82,1,2,6,91,0,169,3,4,176,82,170,5,10,267,86,0,86,353
10/20/2000,LIH,HI,AWP,WE,Federal Contract Tower,94,2,2,0,98,6,166,1,0,173,100,168,3,0,271,28,2,30,301
10/21/2000,LIH,HI,AWP,WE,Federal Contract Tower,97,2,2,0,101,5,169,5,0,179,102,171,7,0,280,28,0,28,308
10/22/2000,LIH,HI,AWP,WE,Federal Contract Tower,97,2,2,0,101,6,164,5,0,175,103,166,7,0,276,36,0,36,312
10/23/2000,LIH,HI,AWP,WE,Federal Contract Tower,83,1,2,4,90,0,195,3,4,202,83,196,5,8,292,94,17,111,403
10/24/2000,LIH,HI,AWP,WE,Federal Contract Tower,86,1,2,5,94,0,203,5,11,219,86,204,7,16,313,105,0,105,418
10/25/2000,LIH,HI,AWP,WE,Federal Contract Tower,82,1,2,5,90,0,182,8,3,193,82,183,10,8,283,34,0,34,317
10/26/2000,LIH,HI,AWP,WE,Federal Contract Tower,85,1,1,5,92,0,184,0,7,191,85,185,1,12,283,45,18,63,346
10/27/2000,LIH,HI,AWP,WE,Federal Contract Tower,93,1,2,5,101,6,160,15,2,183,99,161,17,7,284,60,0,60,344
10/28/2000,LIH,HI,AWP,WE,Federal Contract Tower,97,2,1,6,106,0,144,8,3,155,97,146,9,9,261,14,8,22,283
10/29/2000,LIH,HI,AWP,WE,Federal Contract Tower,86,1,1,0,88,8,151,9,0,168,94,152,10,0,256,16,0,16,272
10/30/2000,LIH,HI,AWP,WE,Federal Contract Tower,91,2,1,6,100,0,201,12,5,218,91,203,13,11,318,42,0,42,360
10/31/2000,LIH,HI,AWP,WE,Federal Contract Tower,93,2,1,6,102,0,163,14,7,184,93,165,15,13,286,60,33,93,379
11/01/2000,LIH,HI,AWP,WE,Federal Contract Tower,94,3,2,8,107,0,61,2,3,66,94,64,4,11,173,14,18,32,205
11/02/2000,LIH,HI,AWP,WE,Federal Contract Tower,89,3,2,8,102,0,93,5,6,104,89,96,7,14,206,95,0,95,301
11/03/2000,LIH,HI,AWP,WE,Federal Contract Tower,99,4,3,11,117,0,176,5,39,220,99,180,8,50,337,134,42,176,513
11/04/2000,LIH,HI,AWP,WE,Federal Contract Tower,94,3,2,8,107,3,125,5,14,147,97,128,7,22,254,66,0,66,320
11/05/2000,LIH,HI,AWP,WE,Federal Contract Tower,77,2,1,2,82,7,130,5,0,142,84,132,6,2,224,11,1,12,236
11/06/2000,LIH,HI,AWP,WE,Federal Contract Tower,88,3,2,4,97,2,187,12,0,201,90,190,14,4,298,31,0,31,329
11/07/2000,LIH,HI,AWP,WE,Federal Contract Tower,91,3,2,8,104,0,198,24,0,222,91,201,26,8,326,75,0,75,401
11/08/2000,LIH,HI,AWP,WE,Federal Contract Tower,91,3,2,7,103,2,156,6,1,165,93,159,8,8,268,14,0,14,282
11/09/2000,LIH,HI,AWP,WE,Federal Contract Tower,85,2,3,0,90,10,169,1,0,180,95,171,4,0,270,42,0,42,312
11/10/2000,LIH,HI,AWP,WE,Federal Contract Tower,92,2,3,0,97,8,144,9,0,161,100,146,12,0,258,57,0,57,315
11/11/2000,LIH,HI,AWP,WE,Federal Contract Tower,87,2,3,0,92,11,108,5,0,124,98,110,8,0,216,27,0,27,243
11/12/2000,LIH,HI,AWP,WE,Federal Contract Tower,82,2,1,0,85,9,82,0,0,91,91,84,1,0,176,2,0,2,178
11/13/2000,LIH,HI,AWP,WE,Federal Contract Tower,92,2,3,6,103,1,163,8,0,172,93,165,11,6,275,18,0,18,293
11/14/2000,LIH,HI,AWP,WE,Federal Contract Tower,93,3,4,10,110,0,195,11,38,244,93,198,15,48,354,69,0,69,423
11/15/2000,LIH,HI,AWP,WE,Federal Contract Tower,83,2,3,7,95,0,163,8,5,176,83,165,11,12,271,32,6,38,309
11/16/2000,LIH,HI,AWP,WE,Federal Contract Tower,85,2,3,2,92,6,146,2,0,154,91,148,5,2,246,24,17,41,287
11/17/2000,LIH,HI,AWP,WE,Federal Contract Tower,96,2,3,4,105,6,153,9,0,168,102,155,12,4,273,22,0,22,295
11/18/2000,LIH,HI,AWP,WE,Federal Contract Tower,92,2,3,0,97,6,106,9,0,121,98,108,12,0,218,40,0,40,258
11/19/2000,LIH,HI,AWP,WE,Federal Contract Tower,91,2,3,0,96,8,132,9,0,149,99,134,12,0,245,53,0,53,298
11/20/2000,LIH,HI,AWP,WE,Federal Contract Tower,92,2,2,4,100,5,181,3,0,189,97,183,5,4,289,30,0,30,319
11/21/2000,LIH,HI,AWP,WE,Federal Contract Tower,88,2,3,9,102,0,178,13,17,208,88,180,16,26,310,51,36,87,397
11/22/2000,LIH,HI,AWP,WE,Federal Contract Tower,85,2,2,0,89,3,170,10,0,183,88,172,12,0,272,27,2,29,301
11/23/2000,LIH,HI,AWP,WE,Federal Contract Tower,93,2,2,0,97,2,101,9,0,112,95,103,11,0,209,18,0,18,227
11/24/2000,LIH,HI,AWP,WE,Federal Contract Tower,89,2,2,2,95,8,159,3,0,170,97,161,5,2,265,14,0,14,279
11/25/2000,LIH,HI,AWP,WE,Federal Contract Tower,100,2,2,0,104,9,107,5,0,121,109,109,7,0,225,18,0,18,243
11/26/2000,LIH,HI,AWP,WE,Federal Contract Tower,101,2,2,6,111,0,132,7,0,139,101,134,9,6,250,31,8,39,289
11/27/2000,LIH,HI,AWP,WE,Federal Contract Tower,87,2,2,7,98,0,99,12,4,115,87,101,14,11,213,14,2,16,229
11/28/2000,LIH,HI,AWP,WE,Federal Contract Tower,85,2,2,0,89,4,164,15,0,183,89,166,17,0,272,42,0,42,314
11/29/2000,LIH,HI,AWP,WE,Federal Contract Tower,94,2,2,8,106,0,156,19,7,182,94,158,21,15,288,100,0,100,388
11/30/2000,LIH,HI,AWP,WE,Federal Contract Tower,89,2,2,6,99,4,104,35,0,143,93,106,37,6,242,74,0,74,316
12/01/2000,LIH,HI,AWP,WE,Federal Contract Tower,88,3,1,1,93,7,102,12,0,121,95,105,13,1,214,25,0,25,239
12/02/2000,LIH,HI,AWP,WE,Federal Contract Tower,89,3,1,4,97,5,93,3,0,101,94,96,4,4,198,20,4,24,222
12/03/2000,LIH,HI,AWP,WE,Federal Contract Tower,83,3,1,0,87,9,83,6,0,98,92,86,7,0,185,17,0,17,202
12/04/2000,LIH,HI,AWP,WE,Federal Contract Tower,82,2,1,0,85,6,122,12,0,140,88,124,13,0,225,185,0,185,410
12/05/2000,LIH,HI,AWP,WE,Federal Contract Tower,92,2,3,4,101,2,140,19,0,161,94,142,22,4,262,55,0,55,317
12/06/2000,LIH,HI,AWP,WE,Federal Contract Tower,93,2,3,5,103,0,127,0,7,134,93,129,3,12,237,100,13,113,350
12/07/2000,LIH,HI,AWP,WE,Federal Contract Tower,90,2,2,5,99,1,89,11,1,102,91,91,13,6,201,120,0,120,321
12/08/2000,LIH,HI,AWP,WE,Federal Contract Tower,84,2,2,0,88,7,117,2,0,126,91,119,4,0,214,62,0,62,276
12/09/2000,LIH,HI,AWP,WE,Federal Contract Tower,85,2,2,0,89,7,73,7,0,87,92,75,9,0,176,92,0,92,268
12/10/2000,LIH,HI,AWP,WE,Federal Contract Tower,95,2,3,5,105,2,75,13,1,91,97,77,16,6,196,13,0,13,209
12/11/2000,LIH,HI,AWP,WE,Federal Contract Tower,95,2,0,6,103,0,52,0,31,83,95,54,0,37,186,165,34,199,385
12/12/2000,LIH,HI,AWP,WE,Federal Contract Tower,96,2,0,5,103,0,112,0,6,118,96,114,0,11,221,87,10,97,318
12/13/2000,LIH,HI,AWP,WE,Federal Contract Tower,85,2,2,4,93,0,106,7,0,113,85,108,9,4,206,112,0,112,318
12/14/2000,LIH,HI,AWP,WE,Federal Contract Tower,90,2,3,6,101,0,101,3,22,126,90,103,6,28,227,39,28,67,294
12/15/2000,LIH,HI,AWP,WE,Federal Contract Tower,100,2,3,5,110,0,125,1,0,126,100,127,4,5,236,24,11,35,271
12/16/2000,LIH,HI,AWP,WE,Federal Contract Tower,96,2,3,3,104,6,60,3,0,69,102,62,6,3,173,14,0,14,187
12/17/2000,LIH,HI,AWP,WE,Federal Contract Tower,97,2,3,5,107,4,84,5,2,95,101,86,8,7,202,10,0,10,212
12/18/2000,LIH,HI,AWP,WE,Federal Contract Tower,90,2,2,4,98,4,110,4,0,118,94,112,6,4,216,192,2,194,410
12/19/2000,LIH,HI,AWP,WE,Federal Contract Tower,94,2,3,4,103,0,138,1,6,145,94,140,4,10,248,232,0,232,480
12/20/2000,LIH,HI,AWP,WE,Federal Contract Tower,84,2,2,2,90,4,95,0,0,99,88,97,2,2,189,79,2,81,270
12/21/2000,LIH,HI,AWP,WE,Federal Contract Tower,94,2,2,5,103,0,65,2,6,73,94,67,4,11,176,14,4,18,194
12/22/2000,LIH,HI,AWP,WE,Federal Contract Tower,102,2,2,5,111,0,138,5,1,144,102,140,7,6,255,16,0,16,271
12/23/2000,LIH,HI,AWP,WE,Federal Contract Tower,102,2,2,6,112,0,117,8,4,129,102,119,10,10,241,16,0,16,257
12/24/2000,LIH,HI,AWP,WE,Federal Contract Tower,89,2,1,0,92,7,168,10,0,185,96,170,11,0,277,8,0,8,285
12/25/2000,LIH,HI,AWP,WE,Federal Contract Tower,91,2,1,0,94,3,59,7,0,69,94,61,8,0,163,0,0,0,163
12/26/2000,LIH,HI,AWP,WE,Federal Contract Tower,89,2,1,0,92,0,210,10,0,220,89,212,11,0,312,20,0,20,332
12/27/2000,LIH,HI,AWP,WE,Federal Contract Tower,87,2,2,4,95,0,204,9,3,216,87,206,11,7,311,52,14,66,377
12/28/2000,LIH,HI,AWP,WE,Federal Contract Tower,86,2,2,6,96,0,213,9,10,232,86,215,11,16,328,66,17,83,411
12/29/2000,LIH,HI,AWP,WE,Federal Contract Tower,107,2,2,6,117,0,207,9,2,218,107,209,11,8,335,24,0,24,359
12/30/2000,LIH,HI,AWP,WE,Federal Contract Tower,95,2,2,1,100,3,150,11,0,164,98,152,13,1,264,18,0,18,282
12/31/2000,LIH,HI,AWP,WE,Federal Contract Tower,89,2,1,0,92,6,186,4,0,196,95,188,5,0,288,14,0,14,302
01/01/2001,LIH,HI,AWP,WE,Federal Contract Tower,88,3,2,0,93,8,100,3,0,111,96,103,5,0,204,18,0,18,222
01/02/2001,LIH,HI,AWP,WE,Federal Contract Tower,93,3,1,6,103,0,173,11,0,184,93,176,12,6,287,16,0,16,303
01/03/2001,LIH,HI,AWP,WE,Federal Contract Tower,88,3,1,2,94,5,169,5,0,179,93,172,6,2,273,26,0,26,299
01/04/2001,LIH,HI,AWP,WE,Federal Contract Tower,96,3,1,8,108,0,136,2,4,142,96,139,3,12,250,18,0,18,268
01/05/2001,LIH,HI,AWP,WE,Federal Contract Tower,101,3,2,8,114,0,150,4,8,162,101,153,6,16,276,20,0,20,296
01/06/2001,LIH,HI,AWP,WE,Federal Contract Tower,94,3,1,4,102,8,98,8,0,114,102,101,9,4,216,46,0,46,262
01/07/2001,LIH,HI,AWP,WE,Federal Contract Tower,97,3,1,4,105,6,101,8,0,115,103,104,9,4,220,59,0,59,279
01/08/2001,LIH,HI,AWP,WE,Federal Contract Tower,85,3,1,8,97,0,136,4,19,159,85,139,5,27,256,18,3,21,277
01/09/2001,LIH,HI,AWP,WE,Federal Contract Tower,82,2,1,7,92,0,127,4,5,136,82,129,5,12,228,20,0,20,248
01/10/2001,LIH,HI,AWP,WE,Federal Contract Tower,76,2,0,1,79,8,138,0,0,146,84,140,0,1,225,74,0,74,299
01/11/2001,LIH,HI,AWP,WE,Federal Contract Tower,84,3,1,8,96,0,95,9,10,114,84,98,10,18,210,66,17,83,293
01/12/2001,LIH,HI,AWP,WE,Federal Contract Tower,86,3,1,0,90,8,127,5,0,140,94,130,6,0,230,24,0,24,254
01/13/2001,LIH,HI,AWP,WE,Federal Contract Tower,82,2,1,0,85,10,113,5,0,128,92,115,6,0,213,46,0,46,259
01/14/2001,LIH,HI,AWP,WE,Federal Contract Tower,87,2,2,0,91,7,32,4,0,43,94,34,6,0,134,18,0,18,152
01/15/2001,LIH,HI,AWP,WE,Federal Contract Tower,86,2,2,0,90,0,184,11,0,195,86,186,13,0,285,42,0,42,327
01/16/2001,LIH,HI,AWP,WE,Federal Contract Tower,82,2,3,10,97,0,166,0,41,207,82,168,3,51,304,24,20,44,348
01/17/2001,LIH,HI,AWP,WE,Federal Contract Tower,66,1,2,3,72,22,132,7,0,161,88,133,9,3,233,38,0,38,271
01/18/2001,LIH,HI,AWP,WE,Federal Contract Tower,77,1,2,6,86,7,109,1,0,117,84,110,3,6,203,59,2,61,264
01/19/2001,LIH,HI,AWP,WE,Federal Contract Tower,93,2,2,8,105,0,123,2,0,125,93,125,4,8,230,40,0,40,270
01/20/2001,LIH,HI,AWP,WE,Federal Contract Tower,84,1,2,0,87,10,121,2,0,133,94,122,4,0,220,16,0,16,236
01/21/2001,LIH,HI,AWP,WE,Federal Contract Tower,84,1,2,1,88,9,127,11,0,147,93,128,13,1,235,2,0,2,237
01/22/2001,LIH,HI,AWP,WE,Federal Contract Tower,86,2,2,9,99,0,173,2,19,194,86,175,4,28,293,17,2,19,312
01/23/2001,LIH,HI,AWP,WE,Federal Contract Tower,75,1,2,0,78,8,140,1,0,149,83,141,3,0,227,55,0,55,282
01/24/2001,LIH,HI,AWP,WE,Federal Contract Tower,81,1,2,7,91,2,144,0,0,146,83,145,2,7,237,54,0,54,291
01/25/2001,LIH,HI,AWP,WE,Federal Contract Tower,76,1,2,2,81,5,147,2,0,154,81,148,4,2,235,56,0,56,291
01/26/2001,LIH,HI,AWP,WE,Federal Contract Tower,81,2,2,0,85,6,153,5,0,164,87,155,7,0,249,8,0,8,257
01/27/2001,LIH,HI,AWP,WE,Federal Contract Tower,90,2,2,0,94,10,110,16,0,136,100,112,18,0,230,18,0,18,248
01/28/2001,LIH,HI,AWP,WE,Federal Contract Tower,80,2,2,0,84,8,111,6,0,125,88,113,8,0,209,22,0,22,231
01/29/2001,LIH,HI,AWP,WE,Federal Contract Tower,83,2,2,7,94,0,122,1,9,132,83,124,3,16,226,16,0,16,242
01/30/2001,LIH,HI,AWP,WE,Federal Contract Tower,84,2,2,9,97,0,112,9,7,128,84,114,11,16,225,17,104,121,346
01/31/2001,LIH,HI,AWP,WE,Federal Contract Tower,84,2,2,8,96,0,125,20,12,157,84,127,22,20,253,53,0,53,306
02/01/2001,LIH,HI,AWP,WE,Federal Contract Tower,78,2,1,2,83,6,88,13,0,107,84,90,14,2,190,138,0,138,328
02/02/2001,LIH,HI,AWP,WE,Federal Contract Tower,86,3,1,5,95,6,138,11,0,155,92,141,12,5,250,22,36,58,308
02/03/2001,LIH,HI,AWP,WE,Federal Contract Tower,98,3,1,4,106,1,89,3,0,93,99,92,4,4,199,19,0,19,218
02/04/2001,LIH,HI,AWP,WE,Federal Contract Tower,93,3,1,1,98,8,88,11,0,107,101,91,12,1,205,13,0,13,218
02/05/2001,LIH,HI,AWP,WE,Federal Contract Tower,80,2,1,4,87,4,167,8,0,179,84,169,9,4,266,52,10,62,328
02/06/2001,LIH,HI,AWP,WE,Federal Contract Tower,90,3,2,10,105,0,124,5,15,144,90,127,7,25,249,28,22,50,299
02/07/2001,LIH,HI,AWP,WE,Federal Contract Tower,83,2,2,7,94,0,167,9,8,184,83,169,11,15,278,64,96,160,438
02/08/2001,LIH,HI,AWP,WE,Federal Contract Tower,79,2,2,8,91,0,136,26,21,183,79,138,28,29,274,26,66,92,366
02/09/2001,LIH,HI,AWP,WE,Federal Contract Tower,91,2,2,4,99,3,8,5,0,16,94,10,7,4,115,2,0,2,117
02/10/2001,LIH,HI,AWP,WE,Federal Contract Tower,88,2,2,0,92,4,90,8,0,102,92,92,10,0,194,8,0,8,202
02/11/2001,LIH,HI,AWP,WE,Federal Contract Tower,87,2,2,1,92,4,177,7,0,188,91,179,9,1,280,21,0,21,301
02/12/2001,LIH,HI,AWP,WE,Federal Contract Tower,82,2,2,7,93,0,160,11,5,176,82,162,13,12,269,18,0,18,287
02/13/2001,LIH,HI,AWP,WE,Federal Contract Tower,82,2,2,7,93,0,139,14,2,155,82,141,16,9,248,20,63,83,331
02/14/2001,LIH,HI,AWP,WE,Federal Contract Tower,83,1,2,4,90,0,68,5,0,73,83,69,7,4,163,8,0,8,171
02/15/2001,LIH,HI,AWP,WE,Federal Contract Tower,81,2,2,6,91,0,100,6,4,110,81,102,8,10,201,53,26,79,280
02/16/2001,LIH,HI,AWP,WE,Federal Contract Tower,88,2,2,0,92,3,230,10,0,243,91,232,12,0,335,49,0,49,384
02/17/2001,LIH,HI,AWP,WE,Federal Contract Tower,85,2,2,0,89,8,176,8,0,192,93,178,10,0,281,20,0,20,301
02/18/2001,LIH,HI,AWP,WE,Federal Contract Tower,79,1,2,0,82,9,186,8,0,203,88,187,10,0,285,4,0,4,289
02/19/2001,LIH,HI,AWP,WE,Federal Contract Tower,77,2,2,0,81,5,171,4,0,180,82,173,6,0,261,46,0,46,307
02/20/2001,LIH,HI,AWP,WE,Federal Contract Tower,85,2,2,6,95,0,164,5,5,174,85,166,7,11,269,35,18,53,322
02/21/2001,LIH,HI,AWP,WE,Federal Contract Tower,85,2,2,4,93,1,167,9,0,177,86,169,11,4,270,11,0,11,281
02/22/2001,LIH,HI,AWP,WE,Federal Contract Tower,77,2,1,0,80,5,123,6,0,134,82,125,7,0,214,22,0,22,236
02/23/2001,LIH,HI,AWP,WE,Federal Contract Tower,91,2,1,7,101,0,217,5,1,223,91,219,6,8,324,28,28,56,380
02/24/2001,LIH,HI,AWP,WE,Federal Contract Tower,87,2,1,2,92,6,146,8,0,160,93,148,9,2,252,20,4,24,276
02/25/2001,LIH,HI,AWP,WE,Federal Contract Tower,75,1,1,0,77,8,1,8,0,17,83,2,9,0,94,0,0,0,94
02/26/2001,LIH,HI,AWP,WE,Federal Contract Tower,74,1,1,0,76,4,167,3,0,174,78,168,4,0,250,14,0,14,264
02/27/2001,LIH,HI,AWP,WE,Federal Contract Tower,83,2,1,7,93,0,161,14,5,180,83,163,15,12,273,20,2,22,295
02/28/2001,LIH,HI,AWP,WE,Federal Contract Tower,69,1,1,2,73,6,185,3,0,194,75,186,4,2,267,32,0,32,299
03/01/2001,LIH,HI,AWP,WE,Federal Contract Tower,82,3,2,8,95,4,133,12,3,152,86,136,14,11,247,14,18,32,279
03/02/2001,LIH,HI,AWP,WE,Federal Contract Tower,80,3,2,6,91,6,161,4,0,171,86,164,6,6,262,42,4,46,308
03/03/2001,LIH,HI,AWP,WE,Federal Contract Tower,87,3,2,2,94,8,102,5,0,115,95,105,7,2,209,24,7,31,240
03/04/2001,LIH,HI,AWP,WE,Federal Contract Tower,78,2,2,4,86,8,158,16,0,182,86,160,18,4,268,90,6,96,364
03/05/2001,LIH,HI,AWP,WE,Federal Contract Tower,76,3,2,10,91,0,135,9,20,164,76,138,11,30,255,47,0,47,302
03/06/2001,LIH,HI,AWP,WE,Federal Contract Tower,70,2,2,8,82,0,151,12,1,164,70,153,14,9,246,42,21,63,309
03/07/2001,LIH,HI,AWP,WE,Federal Contract Tower,82,3,2,9,96,0,159,7,7,173,82,162,9,16,269,20,0,20,289
03/08/2001,LIH,HI,AWP,WE,Federal Contract Tower,78,2,1,8,89,3,158,0,5,166,81,160,1,13,255,51,12,63,318
03/09/2001,LIH,HI,AWP,WE,Federal Contract Tower,93,3,2,0,98,0,171,6,0,177,93,174,8,0,275,41,0,41,316
03/10/2001,LIH,HI,AWP,WE,Federal Contract Tower,89,3,2,0,94,8,106,13,0,127,97,109,15,0,221,29,0,29,250
03/11/2001,LIH,HI,AWP,WE,Federal Contract Tower,82,3,2,2,89,12,118,11,0,141,94,121,13,2,230,18,18,36,266
03/12/2001,LIH,HI,AWP,WE,Federal Contract Tower,81,3,2,8,94,0,190,8,2,200,81,193,10,10,294,16,0,16,310
03/13/2001,LIH,HI,AWP,WE,Federal Contract Tower,76,2,2,2,82,4,166,16,0,186,80,168,18,2,268,20,17,37,305
03/14/2001,LIH,HI,AWP,WE,Federal Contract Tower,66,1,3,0,70,6,196,4,0,206,72,197,7,0,276,22,26,48,324
03/15/2001,LIH,HI,AWP,WE,Federal Contract Tower,84,2,3,0,89,4,180,5,0,189,88,182,8,0,278,14,2,16,294
03/16/2001,LIH,HI,AWP,WE,Federal Contract Tower,77,1,3,0,81,8,197,12,0,217,85,198,15,0,298,17,0,17,315
03/17/2001,LIH,HI,AWP,WE,Federal Contract Tower,85,2,3,0,90,10,139,9,0,158,95,141,12,0,248,12,0,12,260
03/18/2001,LIH,HI,AWP,WE,Federal Contract Tower,77,1,3,8,89,7,170,18,8,203,84,171,21,16,292,0,0,0,292
03/19/2001,LIH,HI,AWP,WE,Federal Contract Tower,84,2,4,11,101,0,173,2,29,204,84,175,6,40,305,12,26,38,343
03/20/2001,LIH,HI,AWP,WE,Federal Contract Tower,78,2,3,8,91,0,184,4,14,202,78,186,7,22,293,22,0,22,315
03/21/2001,LIH,HI,AWP,WE,Federal Contract Tower,80,2,3,8,93,0,215,9,10,234,80,217,12,18,327,44,24,68,395
03/22/2001,LIH,HI,AWP,WE,Federal Contract Tower,84,2,2,9,97,0,149,2,1,152,84,151,4,10,249,12,0,12,261
03/23/2001,LIH,HI,AWP,WE,Federal Contract Tower,85,2,2,2,91,4,211,6,0,221,89,213,8,2,312,16,0,16,328
03/24/2001,LIH,HI,AWP,WE,Federal Contract Tower,82,2,2,0,86,4,101,10,0,115,86,103,12,0,201,3,0,3,204
03/25/2001,LIH,HI,AWP,WE,Federal Contract Tower,80,1,2,0,83,7,157,5,0,169,87,158,7,0,252,6,0,6,258
03/26/2001,LIH,HI,AWP,WE,Federal Contract Tower,74,1,2,1,78,7,213,0,0,220,81,214,2,1,298,14,0,14,312
03/27/2001,LIH,HI,AWP,WE,Federal Contract Tower,85,2,2,9,98,0,164,8,4,176,85,166,10,13,274,24,34,58,332
03/28/2001,LIH,HI,AWP,WE,Federal Contract Tower,79,2,2,9,92,0,164,8,14,186,79,166,10,23,278,20,14,34,312
03/29/2001,LIH,HI,AWP,WE,Federal Contract Tower,81,2,2,8,93,0,137,9,3,149,81,139,11,11,242,16,24,40,282
03/30/2001,LIH,HI,AWP,WE,Federal Contract Tower,98,2,1,10,111,2,145,0,0,147,100,147,1,10,258,11,22,33,291
03/31/2001,LIH,HI,AWP,WE,Federal Contract Tower,88,2,2,0,92,0,91,4,0,95,88,93,6,0,187,18,0,18,205
04/01/2001,LIH,HI,AWP,WE,Federal Contract Tower,85,1,2,0,88,1,136,4,0,141,86,137,6,0,229,20,0,20,249
04/02/2001,LIH,HI,AWP,WE,Federal Contract Tower,87,1,2,2,92,2,30,0,0,32,89,31,2,2,124,22,4,26,150
04/03/2001,LIH,HI,AWP,WE,Federal Contract Tower,83,2,3,1,89,0,136,25,1,162,83,138,28,2,251,48,0,48,299
04/04/2001,LIH,HI,AWP,WE,Federal Contract Tower,79,2,7,5,93,0,158,15,5,178,79,160,22,10,271,28,50,78,349
04/05/2001,LIH,HI,AWP,WE,Federal Contract Tower,77,2,3,1,83,0,153,5,3,161,77,155,8,4,244,22,34,56,300
04/06/2001,LIH,HI,AWP,WE,Federal Contract Tower,90,4,1,2,97,0,138,13,1,152,90,142,14,3,249,28,4,32,281
04/07/2001,LIH,HI,AWP,WE,Federal Contract Tower,90,0,1,5,96,0,106,3,0,109,90,106,4,5,205,36,10,46,251
04/08/2001,LIH,HI,AWP,WE,Federal Contract Tower,94,0,0,2,96,0,99,5,0,104,94,99,5,2,200,10,0,10,210
04/09/2001,LIH,HI,AWP,WE,Federal Contract Tower,83,2,0,5,90,0,208,3,0,211,83,210,3,5,301,24,8,32,333
04/10/2001,LIH,HI,AWP,WE,Federal Contract Tower,84,2,4,36,126,0,154,2,2,158,84,156,6,38,284,12,0,12,296
04/11/2001,LIH,HI,AWP,WE,Federal Contract Tower,84,2,2,18,106,0,149,9,0,158,84,151,11,18,264,16,0,16,280
04/12/2001,LIH,HI,AWP,WE,Federal Contract Tower,80,1,5,2,88,0,127,7,0,134,80,128,12,2,222,6,16,22,244
04/13/2001,LIH,HI,AWP,WE,Federal Contract Tower,87,3,3,0,93,0,149,6,0,155,87,152,9,0,248,10,0,10,258
04/14/2001,LIH,HI,AWP,WE,Federal Contract Tower,94,1,6,0,101,0,117,3,0,120,94,118,9,0,221,64,0,64,285
04/15/2001,LIH,HI,AWP,WE,Federal Contract Tower,87,0,2,0,89,0,133,4,0,137,87,133,6,0,226,4,0,4,230
04/16/2001,LIH,HI,AWP,WE,Federal Contract Tower,80,2,4,0,86,0,175,4,0,179,80,177,8,0,265,14,0,14,279
04/17/2001,LIH,HI,AWP,WE,Federal Contract Tower,90,2,4,13,109,0,156,4,0,160,90,158,8,13,269,44,16,60,329
04/18/2001,LIH,HI,AWP,WE,Federal Contract Tower,86,2,3,14,105,0,149,8,0,157,86,151,11,14,262,38,28,66,328
04/19/2001,LIH,HI,AWP,WE,Federal Contract Tower,81,2,2,0,85,0,140,8,0,148,81,142,10,0,233,46,8,54,287
04/20/2001,LIH,HI,AWP,WE,Federal Contract Tower,90,1,0,13,104,0,154,5,1,160,90,155,5,14,264,20,30,50,314
04/21/2001,LIH,HI,AWP,WE,Federal Contract Tower,97,0,2,0,99,0,112,6,2,120,97,112,8,2,219,10,2,12,231
04/22/2001,LIH,HI,AWP,WE,Federal Contract Tower,86,0,2,0,88,0,130,0,0,130,86,130,2,0,218,18,0,18,236
04/23/2001,LIH,HI,AWP,WE,Federal Contract Tower,81,2,1,2,86,0,210,2,0,212,81,212,3,2,298,46,2,48,346
04/24/2001,LIH,HI,AWP,WE,Federal Contract Tower,81,2,2,13,98,0,156,14,0,170,81,158,16,13,268,68,34,102,370
04/25/2001,LIH,HI,AWP,WE,Federal Contract Tower,79,2,4,16,101,0,198,10,0,208,79,200,14,16,309,24,0,24,333
04/26/2001,LIH,HI,AWP,WE,Federal Contract Tower,79,2,2,2,85,0,155,2,2,159,79,157,4,4,244,4,4,8,252
04/27/2001,LIH,HI,AWP,WE,Federal Contract Tower,91,4,3,0,98,0,131,6,0,137,91,135,9,0,235,74,0,74,309
04/28/2001,LIH,HI,AWP,WE,Federal Contract Tower,93,0,0,0,93,0,95,1,0,96,93,95,1,0,189,8,0,8,197
04/29/2001,LIH,HI,AWP,WE,Federal Contract Tower,87,0,0,0,87,0,5,0,0,5,87,5,0,0,92,2,0,2,94
04/30/2001,LIH,HI,AWP,WE,Federal Contract Tower,81,3,0,4,88,0,198,8,4,210,81,201,8,8,298,38,0,38,336
05/01/2001,LIH,HI,AWP,WE,Federal Contract Tower,80,2,1,16,99,0,163,1,0,164,80,165,2,16,263,42,2,44,307
05/02/2001,LIH,HI,AWP,WE,Federal Contract Tower,80,2,1,11,94,0,186,13,2,201,80,188,14,13,295,92,14,106,401
05/03/2001,LIH,HI,AWP,WE,Federal Contract Tower,84,2,3,3,92,0,159,4,2,165,84,161,7,5,257,36,0,36,293
05/04/2001,LIH,HI,AWP,WE,Federal Contract Tower,91,2,0,9,102,0,151,3,0,154,91,153,3,9,256,8,0,8,264
05/05/2001,LIH,HI,AWP,WE,Federal Contract Tower,90,0,3,4,97,0,114,9,0,123,90,114,12,4,220,17,0,17,237
05/06/2001,LIH,HI,AWP,WE,Federal Contract Tower,89,0,2,4,95,0,164,4,0,168,89,164,6,4,263,16,0,16,279
05/07/2001,LIH,HI,AWP,WE,Federal Contract Tower,81,2,1,29,113,0,177,5,1,183,81,179,6,30,296,32,11,43,339
05/08/2001,LIH,HI,AWP,WE,Federal Contract Tower,83,2,0,7,92,0,182,6,2,190,83,184,6,9,282,62,10,72,354
05/09/2001,LIH,HI,AWP,WE,Federal Contract Tower,81,2,0,24,107,0,167,6,3,176,81,169,6,27,283,26,53,79,362
05/10/2001,LIH,HI,AWP,WE,Federal Contract Tower,79,2,2,13,96,0,171,8,4,183,79,173,10,17,279,26,0,26,305
05/11/2001,LIH,HI,AWP,WE,Federal Contract Tower,93,2,0,6,101,0,179,8,0,187,93,181,8,6,288,27,0,27,315
05/12/2001,LIH,HI,AWP,WE,Federal Contract Tower,93,0,3,0,96,0,100,1,0,101,93,100,4,0,197,12,0,12,209
05/13/2001,LIH,HI,AWP,WE,Federal Contract Tower,89,0,3,0,92,0,138,3,0,141,89,138,6,0,233,10,0,10,243
05/14/2001,LIH,HI,AWP,WE,Federal Contract Tower,79,2,0,22,103,0,180,4,0,184,79,182,4,22,287,28,0,28,315
05/15/2001,LIH,HI,AWP,WE,Federal Contract Tower,83,2,4,16,105,0,158,6,0,164,83,160,10,16,269,30,0,30,299
05/16/2001,LIH,HI,AWP,WE,Federal Contract Tower,80,2,0,0,82,0,164,2,0,166,80,166,2,0,248,22,4,26,274
05/17/2001,LIH,HI,AWP,WE,Federal Contract Tower,81,2,1,7,91,0,175,6,0,181,81,177,7,7,272,74,0,74,346
05/18/2001,LIH,HI,AWP,WE,Federal Contract Tower,94,3,3,2,102,0,160,5,2,167,94,163,8,4,269,22,2,24,293
05/19/2001,LIH,HI,AWP,WE,Federal Contract Tower,93,0,3,0,96,0,105,19,0,124,93,105,22,0,220,21,0,21,241
05/20/2001,LIH,HI,AWP,WE,Federal Contract Tower,94,0,0,0,94,0,148,12,0,160,94,148,12,0,254,28,0,28,282
05/21/2001,LIH,HI,AWP,WE,Federal Contract Tower,74,2,2,11,89,0,204,5,0,209,74,206,7,11,298,20,22,42,340
05/22/2001,LIH,HI,AWP,WE,Federal Contract Tower,77,2,1,30,110,0,168,16,0,184,77,170,17,30,294,26,0,26,320
05/23/2001,LIH,HI,AWP,WE,Federal Contract Tower,80,2,6,23,111,0,211,14,5,230,80,213,20,28,341,32,4,36,377
05/24/2001,LIH,HI,AWP,WE,Federal Contract Tower,83,2,1,13,99,0,170,4,4,178,83,172,5,17,277,54,6,60,337
05/25/2001,LIH,HI,AWP,WE,Federal Contract Tower,91,2,0,0,93,0,142,0,0,142,91,144,0,0,235,18,0,18,253
05/26/2001,LIH,HI,AWP,WE,Federal Contract Tower,104,0,1,0,105,0,139,6,0,145,104,139,7,0,250,35,0,35,285
05/27/2001,LIH,HI,AWP,WE,Federal Contract Tower,89,0,6,0,95,0,125,6,0,131,89,125,12,0,226,22,0,22,248
05/28/2001,LIH,HI,AWP,WE,Federal Contract Tower,82,0,1,0,83,0,168,14,0,182,82,168,15,0,265,22,0,22,287
05/29/2001,LIH,HI,AWP,WE,Federal Contract Tower,77,2,0,17,96,0,138,2,1,141,77,140,2,18,237,12,2,14,251
05/30/2001,LIH,HI,AWP,WE,Federal Contract Tower,76,1,4,0,81,0,170,4,0,174,76,171,8,0,255,20,0,20,275
05/31/2001,LIH,HI,AWP,WE,Federal Contract Tower,78,2,0,8,88,0,186,4,0,190,78,188,4,8,278,16,34,50,328
06/01/2001,LIH,HI,AWP,WE,Federal Contract Tower,96,2,1,2,101,0,197,7,0,204,96,199,8,2,305,22,0,22,327
06/02/2001,LIH,HI,AWP,WE,Federal Contract Tower,94,0,2,0,96,0,103,4,0,107,94,103,6,0,203,13,0,13,216
06/03/2001,LIH,HI,AWP,WE,Federal Contract Tower,94,0,2,1,97,0,146,8,0,154,94,146,10,1,251,42,0,42,293
06/04/2001,LIH,HI,AWP,WE,Federal Contract Tower,77,2,0,0,79,0,172,8,0,180,77,174,8,0,259,24,0,24,283
06/05/2001,LIH,HI,AWP,WE,Federal Contract Tower,79,4,0,0,83,0,192,4,0,196,79,196,4,0,279,20,14,34,313
06/06/2001,LIH,HI,AWP,WE,Federal Contract Tower,80,4,0,10,94,0,173,4,0,177,80,177,4,10,271,33,0,33,304
06/07/2001,LIH,HI,AWP,WE,Federal Contract Tower,82,2,0,7,91,0,168,4,4,176,82,170,4,11,267,34,22,56,323
06/08/2001,LIH,HI,AWP,WE,Federal Contract Tower,96,2,3,2,103,0,173,8,0,181,96,175,11,2,284,25,0,25,309
06/09/2001,LIH,HI,AWP,WE,Federal Contract Tower,97,0,0,0,97,0,99,1,0,100,97,99,1,0,197,0,0,0,197
06/10/2001,LIH,HI,AWP,WE,Federal Contract Tower,93,0,1,0,94,0,134,0,0,134,93,134,1,0,228,12,0,12,240
06/11/2001,LIH,HI,AWP,WE,Federal Contract Tower,83,2,2,14,101,0,188,6,2,196,83,190,8,16,297,10,58,68,365
06/12/2001,LIH,HI,AWP,WE,Federal Contract Tower,84,2,1,40,127,0,166,2,0,168,84,168,3,40,295,12,24,36,331
06/13/2001,LIH,HI,AWP,WE,Federal Contract Tower,75,2,1,10,88,0,184,6,6,196,75,186,7,16,284,28,6,34,318
06/14/2001,LIH,HI,AWP,WE,Federal Contract Tower,80,2,0,6,88,0,160,0,0,160,80,162,0,6,248,58,8,66,314
06/15/2001,LIH,HI,AWP,WE,Federal Contract Tower,104,2,5,5,116,0,148,8,0,156,104,150,13,5,272,16,0,16,288
06/16/2001,LIH,HI,AWP,WE,Federal Contract Tower,105,0,0,0,105,0,139,7,0,146,105,139,7,0,251,16,0,16,267
06/17/2001,LIH,HI,AWP,WE,Federal Contract Tower,99,0,0,0,99,0,156,4,0,160,99,156,4,0,259,6,0,6,265
06/18/2001,LIH,HI,AWP,WE,Federal Contract Tower,86,2,0,13,101,0,190,4,0,194,86,192,4,13,295,24,14,38,333
06/19/2001,LIH,HI,AWP,WE,Federal Contract Tower,89,2,0,36,127,0,188,6,0,194,89,190,6,36,321,22,28,50,371
06/20/2001,LIH,HI,AWP,WE,Federal Contract Tower,89,2,0,0,91,0,195,4,0,199,89,197,4,0,290,36,0,36,326
06/21/2001,LIH,HI,AWP,WE,Federal Contract Tower,81,2,0,8,91,0,163,8,0,171,81,165,8,8,262,24,12,36,298
06/22/2001,LIH,HI,AWP,WE,Federal Contract Tower,102,2,1,0,105,0,189,8,4,201,102,191,9,4,306,38,0,38,344
06/23/2001,LIH,HI,AWP,WE,Federal Contract Tower,108,0,0,0,108,0,156,7,0,163,108,156,7,0,271,38,0,38,309
06/24/2001,LIH,HI,AWP,WE,Federal Contract Tower,93,0,6,0,99,0,145,5,0,150,93,145,11,0,249,18,0,18,267
06/25/2001,LIH,HI,AWP,WE,Federal Contract Tower,88,2,1,14,105,0,12,17,10,39,88,14,18,24,144,36,0,36,180
06/26/2001,LIH,HI,AWP,WE,Federal Contract Tower,91,2,7,40,140,0,182,21,2,205,91,184,28,42,345,24,0,24,369
06/27/2001,LIH,HI,AWP,WE,Federal Contract Tower,90,2,1,40,133,0,217,10,6,233,90,219,11,46,366,50,8,58,424
06/28/2001,LIH,HI,AWP,WE,Federal Contract Tower,87,6,1,13,107,0,170,12,1,183,87,176,13,14,290,70,20,90,380
06/29/2001,LIH,HI,AWP,WE,Federal Contract Tower,101,2,2,8,113,0,232,5,0,237,101,234,7,8,350,30,0,30,380
06/30/2001,LIH,HI,AWP,WE,Federal Contract Tower,107,0,3,4,114,0,181,4,0,185,107,181,7,4,299,16,0,16,315
07/01/2001,LIH,HI,AWP,WE,Federal Contract Tower,100,0,0,0,100,0,167,10,0,177,100,167,10,0,277,28,0,28,305
07/02/2001,LIH,HI,AWP,WE,Federal Contract Tower,91,1,2,18,112,0,215,6,0,221,91,216,8,18,333,38,0,38,371
07/03/2001,LIH,HI,AWP,WE,Federal Contract Tower,91,2,1,0,94,0,200,4,0,204,91,202,5,0,298,14,0,14,312
07/04/2001,LIH,HI,AWP,WE,Federal Contract Tower,91,0,3,0,94,0,224,11,0,235,91,224,14,0,329,46,0,46,375
07/05/2001,LIH,HI,AWP,WE,Federal Contract Tower,91,4,3,0,98,0,197,2,0,199,91,201,5,0,297,36,0,36,333
07/06/2001,LIH,HI,AWP,WE,Federal Contract Tower,103,5,1,10,119,0,192,16,2,210,103,197,17,12,329,38,0,38,367
07/07/2001,LIH,HI,AWP,WE,Federal Contract Tower,106,0,2,0,108,0,165,9,0,174,106,165,11,0,282,22,0,22,304
07/08/2001,LIH,HI,AWP,WE,Federal Contract Tower,101,0,4,0,105,0,164,2,0,166,101,164,6,0,271,24,0,24,295
07/09/2001,LIH,HI,AWP,WE,Federal Contract Tower,86,2,1,23,112,0,216,14,1,231,86,218,15,24,343,34,48,82,425
07/10/2001,LIH,HI,AWP,WE,Federal Contract Tower,89,2,6,1,98,0,204,6,1,211,89,206,12,2,309,24,0,24,333
07/11/2001,LIH,HI,AWP,WE,Federal Contract Tower,91,2,1,21,115,0,211,2,1,214,91,213,3,22,329,22,28,50,379
07/12/2001,LIH,HI,AWP,WE,Federal Contract Tower,92,2,1,1,96,0,179,7,1,187,92,181,8,2,283,14,0,14,297
07/13/2001,LIH,HI,AWP,WE,Federal Contract Tower,100,2,2,0,104,4,221,6,0,231,104,223,8,0,335,14,0,14,349
07/14/2001,LIH,HI,AWP,WE,Federal Contract Tower,108,1,0,9,118,0,163,9,1,173,108,164,9,10,291,8,8,16,307
07/15/2001,LIH,HI,AWP,WE,Federal Contract Tower,100,2,2,0,104,0,139,4,0,143,100,141,6,0,247,12,0,12,259
07/16/2001,LIH,HI,AWP,WE,Federal Contract Tower,89,2,3,4,98,0,197,10,5,212,89,199,13,9,310,18,2,20,330
07/17/2001,LIH,HI,AWP,WE,Federal Contract Tower,92,6,1,7,106,0,173,10,0,183,92,179,11,7,289,60,14,74,363
07/18/2001,LIH,HI,AWP,WE,Federal Contract Tower,86,2,3,0,91,0,186,6,0,192,86,188,9,0,283,50,0,50,333
07/19/2001,LIH,HI,AWP,WE,Federal Contract Tower,91,2,1,2,96,0,201,7,8,216,91,203,8,10,312,36,6,42,354
07/20/2001,LIH,HI,AWP,WE,Federal Contract Tower,102,4,5,9,120,0,222,6,2,230,102,226,11,11,350,26,8,34,384
07/21/2001,LIH,HI,AWP,WE,Federal Contract Tower,107,1,1,8,117,0,146,8,0,154,107,147,9,8,271,26,0,26,297
07/22/2001,LIH,HI,AWP,WE,Federal Contract Tower,102,0,0,0,102,0,158,0,0,158,102,158,0,0,260,10,0,10,270
07/23/2001,LIH,HI,AWP,WE,Federal Contract Tower,91,2,1,7,101,0,199,5,0,204,91,201,6,7,305,14,20,34,339
07/24/2001,LIH,HI,AWP,WE,Federal Contract Tower,90,2,4,4,100,0,190,4,0,194,90,192,8,4,294,20,0,20,314
07/25/2001,LIH,HI,AWP,WE,Federal Contract Tower,90,2,2,4,98,0,182,8,0,190,90,184,10,4,288,14,24,38,326
07/26/2001,LIH,HI,AWP,WE,Federal Contract Tower,88,2,0,1,91,0,209,4,0,213,88,211,4,1,304,14,14,28,332
07/27/2001,LIH,HI,AWP,WE,Federal Contract Tower,103,4,4,8,119,0,205,4,2,211,103,209,8,10,330,22,94,116,446
07/28/2001,LIH,HI,AWP,WE,Federal Contract Tower,103,4,3,7,117,0,140,4,0,144,103,144,7,7,261,12,18,30,291
07/29/2001,LIH,HI,AWP,WE,Federal Contract Tower,84,2,1,3,90,10,111,5,0,126,94,113,6,3,216,56,0,56,272
07/30/2001,LIH,HI,AWP,WE,Federal Contract Tower,91,2,0,0,93,0,199,1,0,200,91,201,1,0,293,30,20,50,343
07/31/2001,LIH,HI,AWP,WE,Federal Contract Tower,91,2,3,10,106,0,170,12,2,184,91,172,15,12,290,18,0,18,308
08/01/2001,LIH,HI,AWP,WE,Federal Contract Tower,90,4,3,1,98,1,185,0,0,186,91,189,3,1,284,36,0,36,320
08/02/2001,LIH,HI,AWP,WE,Federal Contract Tower,87,4,2,2,95,1,179,5,1,186,88,183,7,3,281,72,0,72,353
08/03/2001,LIH,HI,AWP,WE,Federal Contract Tower,114,4,2,14,134,1,175,3,0,179,115,179,5,14,313,34,0,34,347
08/04/2001,LIH,HI,AWP,WE,Federal Contract Tower,118,0,10,0,128,0,147,6,0,153,118,147,16,0,281,36,0,36,317
08/05/2001,LIH,HI,AWP,WE,Federal Contract Tower,111,0,3,0,114,0,145,7,0,152,111,145,10,0,266,12,0,12,278
08/06/2001,LIH,HI,AWP,WE,Federal Contract Tower,91,2,2,26,121,0,230,6,0,236,91,232,8,26,357,18,32,50,407
08/07/2001,LIH,HI,AWP,WE,Federal Contract Tower,81,2,3,28,114,0,164,2,15,181,81,166,5,43,295,12,32,44,339
08/08/2001,LIH,HI,AWP,WE,Federal Contract Tower,91,2,2,6,101,0,199,1,0,200,91,201,3,6,301,24,20,44,345
08/09/2001,LIH,HI,AWP,WE,Federal Contract Tower,93,2,3,20,118,0,157,2,0,159,93,159,5,20,277,10,50,60,337
08/10/2001,LIH,HI,AWP,WE,Federal Contract Tower,102,2,2,10,116,0,239,4,2,245,102,241,6,12,361,10,6,16,377
08/11/2001,LIH,HI,AWP,WE,Federal Contract Tower,103,0,5,0,108,0,185,7,0,192,103,185,12,0,300,6,0,6,306
08/12/2001,LIH,HI,AWP,WE,Federal Contract Tower,97,0,3,0,100,0,140,9,1,150,97,140,12,1,250,20,0,20,270
08/13/2001,LIH,HI,AWP,WE,Federal Contract Tower,90,2,2,21,115,0,226,2,3,231,90,228,4,24,346,18,29,47,393
08/14/2001,LIH,HI,AWP,WE,Federal Contract Tower,90,2,8,26,126,0,166,0,2,168,90,168,8,28,294,16,42,58,352
08/15/2001,LIH,HI,AWP,WE,Federal Contract Tower,89,2,0,3,94,0,168,0,0,168,89,170,0,3,262,32,0,32,294
08/16/2001,LIH,HI,AWP,WE,Federal Contract Tower,91,8,2,14,115,0,91,2,4,97,91,99,4,18,212,26,4,30,242
08/17/2001,LIH,HI,AWP,WE,Federal Contract Tower,102,6,6,4,118,0,215,13,6,234,102,221,19,10,352,42,0,42,394
08/18/2001,LIH,HI,AWP,WE,Federal Contract Tower,104,5,2,12,123,0,84,1,0,85,104,89,3,12,208,19,0,19,227
08/19/2001,LIH,HI,AWP,WE,Federal Contract Tower,98,0,8,8,114,0,140,8,0,148,98,140,16,8,262,14,0,14,276
08/20/2001,LIH,HI,AWP,WE,Federal Contract Tower,86,2,5,12,105,0,158,8,0,166,86,160,13,12,271,14,14,28,299
08/21/2001,LIH,HI,AWP,WE,Federal Contract Tower,88,2,2,2,94,0,170,2,4,176,88,172,4,6,270,18,0,18,288
08/22/2001,LIH,HI,AWP,WE,Federal Contract Tower,81,2,2,0,85,0,170,8,10,188,81,172,10,10,273,26,0,26,299
08/23/2001,LIH,HI,AWP,WE,Federal Contract Tower,82,2,2,7,93,0,204,11,0,215,82,206,13,7,308,18,12,30,338
08/24/2001,LIH,HI,AWP,WE,Federal Contract Tower,101,2,3,11,117,0,170,7,2,179,101,172,10,13,296,24,0,24,320
08/25/2001,LIH,HI,AWP,WE,Federal Contract Tower,100,0,0,0,100,0,125,7,1,133,100,125,7,1,233,24,0,24,257
08/26/2001,LIH,HI,AWP,WE,Federal Contract Tower,99,0,2,0,101,0,151,9,0,160,99,151,11,0,261,16,0,16,277
08/27/2001,LIH,HI,AWP,WE,Federal Contract Tower,94,5,0,9,108,0,185,4,4,193,94,190,4,13,301,24,18,42,343
08/28/2001,LIH,HI,AWP,WE,Federal Contract Tower,87,2,9,14,112,0,166,23,12,201,87,168,32,26,313,28,28,56,369
08/29/2001,LIH,HI,AWP,WE,Federal Contract Tower,85,2,1,10,98,0,134,19,0,153,85,136,20,10,251,10,0,10,261
08/30/2001,LIH,HI,AWP,WE,Federal Contract Tower,92,4,2,16,114,0,154,23,0,177,92,158,25,16,291,20,10,30,321
08/31/2001,LIH,HI,AWP,WE,Federal Contract Tower,104,4,2,0,110,0,168,16,2,186,104,172,18,2,296,16,0,16,312
09/01/2001,LIH,HI,AWP,WE,Federal Contract Tower,97,1,0,0,98,1,120,0,0,121,98,121,0,0,219,4,0,4,223
09/02/2001,LIH,HI,AWP,WE,Federal Contract Tower,94,0,1,0,95,0,144,8,0,152,94,144,9,0,247,8,0,8,255
09/03/2001,LIH,HI,AWP,WE,Federal Contract Tower,86,0,1,0,87,0,170,7,0,177,86,170,8,0,264,14,0,14,278
09/04/2001,LIH,HI,AWP,WE,Federal Contract Tower,77,2,0,7,86,0,136,8,7,151,77,138,8,14,237,32,8,40,277
09/05/2001,LIH,HI,AWP,WE,Federal Contract Tower,73,2,3,39,117,0,155,9,3,167,73,157,12,42,284,48,2,50,334
09/06/2001,LIH,HI,AWP,WE,Federal Contract Tower,80,2,1,9,92,0,157,6,1,164,80,159,7,10,256,26,0,26,282
09/07/2001,LIH,HI,AWP,WE,Federal Contract Tower,99,2,1,37,139,0,183,0,1,184,99,185,1,38,323,8,28,36,359
09/08/2001,LIH,HI,AWP,WE,Federal Contract Tower,94,0,0,0,94,0,112,3,0,115,94,112,3,0,209,26,0,26,235
09/09/2001,LIH,HI,AWP,WE,Federal Contract Tower,92,0,2,0,94,0,158,18,0,176,92,158,20,0,270,28,0,28,298
09/10/2001,LIH,HI,AWP,WE,Federal Contract Tower,81,2,0,0,83,0,185,4,0,189,81,187,4,0,272,22,0,22,294
09/11/2001,LIH,HI,AWP,WE,Federal Contract Tower,0,2,0,0,2,0,0,0,0,0,0,2,0,0,2,0,0,0,2
09/12/2001,LIH,HI,AWP,WE,Federal Contract Tower,0,0,0,0,0,0,0,0,0,0,0,0,0,0,0,0,0,0,0
09/13/2001,LIH,HI,AWP,WE,Federal Contract Tower,10,2,0,0,12,0,10,0,0,10,10,12,0,0,22,0,0,0,22
09/14/2001,LIH,HI,AWP,WE,Federal Contract Tower,96,6,0,0,102,0,162,0,0,162,96,168,0,0,264,10,0,10,274
09/15/2001,LIH,HI,AWP,WE,Federal Contract Tower,89,0,0,0,89,0,98,0,0,98,89,98,0,0,187,10,0,10,197
09/16/2001,LIH,HI,AWP,WE,Federal Contract Tower,88,0,0,0,88,0,80,0,0,80,88,80,0,0,168,2,0,2,170
09/17/2001,LIH,HI,AWP,WE,Federal Contract Tower,89,2,8,7,106,0,135,0,1,136,89,137,8,8,242,8,0,8,250
09/18/2001,LIH,HI,AWP,WE,Federal Contract Tower,81,2,0,7,90,0,88,0,2,90,81,90,0,9,180,12,26,38,218
09/19/2001,LIH,HI,AWP,WE,Federal Contract Tower,80,4,4,10,98,0,149,0,0,149,80,153,4,10,247,8,15,23,270
09/20/2001,LIH,HI,AWP,WE,Federal Contract Tower,87,4,2,22,115,0,155,7,4,166,87,159,9,26,281,16,0,16,297
09/21/2001,LIH,HI,AWP,WE,Federal Contract Tower,92,2,2,2,98,0,113,0,0,113,92,115,2,2,211,4,16,20,231
09/22/2001,LIH,HI,AWP,WE,Federal Contract Tower,91,2,2,0,95,0,68,0,0,68,91,70,2,0,163,12,0,12,175
09/23/2001,LIH,HI,AWP,WE,Federal Contract Tower,89,0,0,0,89,0,130,0,1,131,89,130,0,1,220,6,0,6,226
09/24/2001,LIH,HI,AWP,WE,Federal Contract Tower,72,3,0,0,75,0,167,0,0,167,72,170,0,0,242,12,2,14,256
09/25/2001,LIH,HI,AWP,WE,Federal Contract Tower,69,2,2,40,113,0,138,7,4,149,69,140,9,44,262,12,0,12,274
09/26/2001,LIH,HI,AWP,WE,Federal Contract Tower,69,6,6,0,81,0,180,6,0,186,69,186,12,0,267,14,0,14,281
09/27/2001,LIH,HI,AWP,WE,Federal Contract Tower,66,1,0,2,69,7,151,0,0,158,73,152,0,2,227,14,0,14,241
09/28/2001,LIH,HI,AWP,WE,Federal Contract Tower,73,4,2,44,123,0,160,3,0,163,73,164,5,44,286,6,14,20,306
09/29/2001,LIH,HI,AWP,WE,Federal Contract Tower,76,0,3,0,79,0,138,4,0,142,76,138,7,0,221,6,0,6,227
09/30/2001,LIH,HI,AWP,WE,Federal Contract Tower,81,0,8,2,91,0,154,4,0,158,81,154,12,2,249,8,0,8,257
10/01/2001,LIH,HI,AWP,WE,Federal Contract Tower,86,4,1,0,91,0,164,7,0,171,86,168,8,0,262,30,12,42,304
10/02/2001,LIH,HI,AWP,WE,Federal Contract Tower,71,6,4,22,103,0,138,0,3,141,71,144,4,25,244,42,22,64,308
10/03/2001,LIH,HI,AWP,WE,Federal Contract Tower,66,4,2,1,73,0,122,2,1,125,66,126,4,2,198,16,14,30,228
10/04/2001,LIH,HI,AWP,WE,Federal Contract Tower,69,4,2,12,87,0,164,4,0,168,69,168,6,12,255,16,0,16,271
10/05/2001,LIH,HI,AWP,WE,Federal Contract Tower,81,2,5,4,92,0,40,0,2,42,81,42,5,6,134,8,2,10,144
10/06/2001,LIH,HI,AWP,WE,Federal Contract Tower,83,0,3,0,86,0,186,6,0,192,83,186,9,0,278,4,0,4,282
10/07/2001,LIH,HI,AWP,WE,Federal Contract Tower,74,0,3,0,77,0,120,4,0,124,74,120,7,0,201,6,0,6,207
10/08/2001,LIH,HI,AWP,WE,Federal Contract Tower,66,5,5,0,76,0,181,10,0,191,66,186,15,0,267,24,0,24,291
10/09/2001,LIH,HI,AWP,WE,Federal Contract Tower,67,3,13,2,85,0,178,14,0,192,67,181,27,2,277,26,0,26,303
10/10/2001,LIH,HI,AWP,WE,Federal Contract Tower,66,4,0,16,86,0,190,3,0,193,66,194,3,16,279,21,0,21,300
10/11/2001,LIH,HI,AWP,WE,Federal Contract Tower,66,4,1,8,79,0,180,10,2,192,66,184,11,10,271,28,40,68,339
10/12/2001,LIH,HI,AWP,WE,Federal Contract Tower,79,2,4,4,89,0,199,7,0,206,79,201,11,4,295,14,4,18,313
10/13/2001,LIH,HI,AWP,WE,Federal Contract Tower,75,0,4,4,83,0,150,4,0,154,75,150,8,4,237,10,0,10,247
10/14/2001,LIH,HI,AWP,WE,Federal Contract Tower,76,0,2,0,78,0,154,9,0,163,76,154,11,0,241,6,0,6,247
10/15/2001,LIH,HI,AWP,WE,Federal Contract Tower,66,4,2,14,86,0,162,0,0,162,66,166,2,14,248,4,0,4,252
10/16/2001,LIH,HI,AWP,WE,Federal Contract Tower,65,2,2,23,92,0,152,0,0,152,65,154,2,23,244,10,0,10,254
10/17/2001,LIH,HI,AWP,WE,Federal Contract Tower,67,2,0,1,70,0,182,4,0,186,67,184,4,1,256,18,10,28,284
10/18/2001,LIH,HI,AWP,WE,Federal Contract Tower,65,7,0,2,74,0,184,5,0,189,65,191,5,2,263,20,0,20,283
10/19/2001,LIH,HI,AWP,WE,Federal Contract Tower,80,2,7,8,97,0,186,4,0,190,80,188,11,8,287,30,10,40,327
10/20/2001,LIH,HI,AWP,WE,Federal Contract Tower,76,0,0,10,86,0,118,6,0,124,76,118,6,10,210,22,8,30,240
10/21/2001,LIH,HI,AWP,WE,Federal Contract Tower,75,0,2,0,77,0,156,4,0,160,75,156,6,0,237,12,0,12,249
10/22/2001,LIH,HI,AWP,WE,Federal Contract Tower,67,6,0,26,99,0,145,0,0,145,67,151,0,26,244,41,0,41,285
10/23/2001,LIH,HI,AWP,WE,Federal Contract Tower,67,4,1,14,86,0,130,4,1,135,67,134,5,15,221,40,10,50,271
10/24/2001,LIH,HI,AWP,WE,Federal Contract Tower,67,2,2,2,73,0,190,0,0,190,67,192,2,2,263,36,0,36,299
10/25/2001,LIH,HI,AWP,WE,Federal Contract Tower,67,4,0,5,76,0,152,12,0,164,67,156,12,5,240,34,0,34,274
10/26/2001,LIH,HI,AWP,WE,Federal Contract Tower,73,4,2,5,84,0,152,5,0,157,73,156,7,5,241,20,0,20,261
10/27/2001,LIH,HI,AWP,WE,Federal Contract Tower,76,2,2,0,80,0,82,4,0,86,76,84,6,0,166,4,0,4,170
10/28/2001,LIH,HI,AWP,WE,Federal Contract Tower,20,0,0,3,23,53,143,4,1,201,73,143,4,4,224,8,0,8,232
10/29/2001,LIH,HI,AWP,WE,Federal Contract Tower,73,5,0,21,99,0,178,4,9,191,73,183,4,30,290,11,8,19,309
10/30/2001,LIH,HI,AWP,WE,Federal Contract Tower,69,2,8,9,88,0,166,12,4,182,69,168,20,13,270,24,8,32,302
10/31/2001,LIH,HI,AWP,WE,Federal Contract Tower,70,8,0,8,86,0,169,1,0,170,70,177,1,8,256,28,0,28,284
11/01/2001,LIH,HI,AWP,WE,Federal Contract Tower,66,1,1,7,75,0,164,6,9,179,66,165,7,16,254,24,0,24,278
11/02/2001,LIH,HI,AWP,WE,Federal Contract Tower,73,2,3,6,84,0,173,5,0,178,73,175,8,6,262,10,0,10,272
11/03/2001,LIH,HI,AWP,WE,Federal Contract Tower,75,1,2,7,85,0,123,2,4,129,75,124,4,11,214,2,5,7,221
11/04/2001,LIH,HI,AWP,WE,Federal Contract Tower,73,0,0,4,77,0,120,11,0,131,73,120,11,4,208,30,0,30,238
11/05/2001,LIH,HI,AWP,WE,Federal Contract Tower,69,2,3,0,74,0,158,4,0,162,69,160,7,0,236,16,8,24,260
11/06/2001,LIH,HI,AWP,WE,Federal Contract Tower,65,2,2,12,81,0,142,6,2,150,65,144,8,14,231,58,0,58,289
11/07/2001,LIH,HI,AWP,WE,Federal Contract Tower,69,3,0,0,72,0,130,3,0,133,69,133,3,0,205,32,0,32,237
11/08/2001,LIH,HI,AWP,WE,Federal Contract Tower,66,2,3,8,79,0,156,9,0,165,66,158,12,8,244,12,0,12,256
11/09/2001,LIH,HI,AWP,WE,Federal Contract Tower,80,2,1,1,84,0,184,9,0,193,80,186,10,1,277,30,0,30,307
11/10/2001,LIH,HI,AWP,WE,Federal Contract Tower,77,0,2,0,79,0,138,5,0,143,77,138,7,0,222,12,8,20,242
11/11/2001,LIH,HI,AWP,WE,Federal Contract Tower,72,0,1,0,73,0,183,0,0,183,72,183,1,0,256,34,0,34,290
11/12/2001,LIH,HI,AWP,WE,Federal Contract Tower,67,2,2,0,71,0,166,3,0,169,67,168,5,0,240,24,0,24,264
11/13/2001,LIH,HI,AWP,WE,Federal Contract Tower,69,5,0,0,74,0,169,2,0,171,69,174,2,0,245,20,0,20,265
11/14/2001,LIH,HI,AWP,WE,Federal Contract Tower,67,4,7,10,88,0,164,0,0,164,67,168,7,10,252,26,0,26,278
11/15/2001,LIH,HI,AWP,WE,Federal Contract Tower,70,2,1,6,79,0,153,4,0,157,70,155,5,6,236,34,0,34,270
11/16/2001,LIH,HI,AWP,WE,Federal Contract Tower,74,4,4,2,84,0,175,11,1,187,74,179,15,3,271,30,2,32,303
11/17/2001,LIH,HI,AWP,WE,Federal Contract Tower,77,0,2,0,79,0,153,15,0,168,77,153,17,0,247,6,0,6,253
11/18/2001,LIH,HI,AWP,WE,Federal Contract Tower,79,0,4,0,83,0,164,2,0,166,79,164,6,0,249,24,0,24,273
11/19/2001,LIH,HI,AWP,WE,Federal Contract Tower,72,2,2,8,84,0,179,5,0,184,72,181,7,8,268,28,4,32,300
11/20/2001,LIH,HI,AWP,WE,Federal Contract Tower,67,2,3,5,77,0,176,7,1,184,67,178,10,6,261,20,0,20,281
11/21/2001,LIH,HI,AWP,WE,Federal Contract Tower,78,2,8,2,90,0,146,0,0,146,78,148,8,2,236,10,0,10,246
11/22/2001,LIH,HI,AWP,WE,Federal Contract Tower,59,1,1,0,61,8,89,0,0,97,67,90,1,0,158,12,0,12,170
11/23/2001,LIH,HI,AWP,WE,Federal Contract Tower,80,2,0,0,82,0,183,10,0,193,80,185,10,0,275,12,0,12,287
11/24/2001,LIH,HI,AWP,WE,Federal Contract Tower,78,0,0,0,78,0,143,3,0,146,78,143,3,0,224,16,0,16,240
11/25/2001,LIH,HI,AWP,WE,Federal Contract Tower,83,0,0,0,83,0,164,4,0,168,83,164,4,0,251,6,0,6,257
11/26/2001,LIH,HI,AWP,WE,Federal Contract Tower,68,2,2,0,72,0,35,0,0,35,68,37,2,0,107,8,26,34,141
11/27/2001,LIH,HI,AWP,WE,Federal Contract Tower,65,4,0,23,92,0,7,0,0,7,65,11,0,23,99,2,6,8,107
11/28/2001,LIH,HI,AWP,WE,Federal Contract Tower,67,2,0,6,75,0,115,3,0,118,67,117,3,6,193,20,0,20,213
11/29/2001,LIH,HI,AWP,WE,Federal Contract Tower,67,4,0,0,71,0,183,9,0,192,67,187,9,0,263,26,8,34,297
11/30/2001,LIH,HI,AWP,WE,Federal Contract Tower,76,2,0,6,84,0,171,4,0,175,76,173,4,6,259,40,0,40,299
12/01/2001,LIH,HI,AWP,WE,Federal Contract Tower,73,6,3,0,82,2,75,0,0,77,75,81,3,0,159,10,0,10,169
12/02/2001,LIH,HI,AWP,WE,Federal Contract Tower,71,2,3,2,78,2,122,11,0,135,73,124,14,2,213,24,0,24,237
12/03/2001,LIH,HI,AWP,WE,Federal Contract Tower,66,4,5,32,107,1,137,0,3,141,67,141,5,35,248,34,0,34,282
12/04/2001,LIH,HI,AWP,WE,Federal Contract Tower,68,1,2,10,81,1,67,2,0,70,69,68,4,10,151,50,0,50,201
12/05/2001,LIH,HI,AWP,WE,Federal Contract Tower,65,2,2,2,71,2,139,10,0,151,67,141,12,2,222,78,0,78,300
12/06/2001,LIH,HI,AWP,WE,Federal Contract Tower,68,4,2,2,76,1,184,5,0,190,69,188,7,2,266,70,0,70,336
12/07/2001,LIH,HI,AWP,WE,Federal Contract Tower,76,4,0,14,94,1,115,0,0,116,77,119,0,14,210,54,0,54,264
12/08/2001,LIH,HI,AWP,WE,Federal Contract Tower,73,0,4,0,77,1,99,6,0,106,74,99,10,0,183,132,0,132,315
12/09/2001,LIH,HI,AWP,WE,Federal Contract Tower,74,0,3,1,78,1,108,3,1,113,75,108,6,2,191,20,0,20,211
12/10/2001,LIH,HI,AWP,WE,Federal Contract Tower,68,4,4,18,94,1,117,1,7,126,69,121,5,25,220,103,0,103,323
12/11/2001,LIH,HI,AWP,WE,Federal Contract Tower,71,2,1,50,124,1,145,1,0,147,72,147,2,50,271,112,0,112,383
12/12/2001,LIH,HI,AWP,WE,Federal Contract Tower,66,4,2,2,74,0,203,12,0,215,66,207,14,2,289,102,2,104,393
12/13/2001,LIH,HI,AWP,WE,Federal Contract Tower,67,2,0,16,85,1,10,4,0,15,68,12,4,16,100,30,0,30,130
12/14/2001,LIH,HI,AWP,WE,Federal Contract Tower,74,8,1,1,84,1,16,1,1,19,75,24,2,2,103,2,4,6,109
12/15/2001,LIH,HI,AWP,WE,Federal Contract Tower,72,2,0,0,74,1,93,1,0,95,73,95,1,0,169,0,0,0,169
12/16/2001,LIH,HI,AWP,WE,Federal Contract Tower,71,0,0,0,71,1,125,9,0,135,72,125,9,0,206,4,0,4,210
12/17/2001,LIH,HI,AWP,WE,Federal Contract Tower,74,4,2,0,80,1,89,0,0,90,75,93,2,0,170,27,0,27,197
12/18/2001,LIH,HI,AWP,WE,Federal Contract Tower,74,9,0,0,83,1,68,2,0,71,75,77,2,0,154,37,0,37,191
12/19/2001,LIH,HI,AWP,WE,Federal Contract Tower,68,4,2,2,76,1,184,7,0,192,69,188,9,2,268,50,0,50,318
12/20/2001,LIH,HI,AWP,WE,Federal Contract Tower,67,2,4,23,96,1,185,6,17,209,68,187,10,40,305,60,16,76,381
12/21/2001,LIH,HI,AWP,WE,Federal Contract Tower,82,10,0,0,92,1,98,11,0,110,83,108,11,0,202,29,0,29,231
12/22/2001,LIH,HI,AWP,WE,Federal Contract Tower,87,2,1,0,90,1,175,11,0,187,88,177,12,0,277,25,0,25,302
12/23/2001,LIH,HI,AWP,WE,Federal Contract Tower,77,0,0,3,80,1,143,2,0,146,78,143,2,3,226,12,12,24,250
12/24/2001,LIH,HI,AWP,WE,Federal Contract Tower,76,6,2,0,84,1,138,4,0,143,77,144,6,0,227,30,0,30,257
12/25/2001,LIH,HI,AWP,WE,Federal Contract Tower,68,0,1,0,69,1,45,3,0,49,69,45,4,0,118,18,0,18,136
12/26/2001,LIH,HI,AWP,WE,Federal Contract Tower,69,3,1,4,77,4,181,2,0,187,73,184,3,4,264,22,4,26,290
12/27/2001,LIH,HI,AWP,WE,Federal Contract Tower,71,6,4,1,82,1,204,4,7,216,72,210,8,8,298,18,0,18,316
12/28/2001,LIH,HI,AWP,WE,Federal Contract Tower,80,4,1,3,88,1,225,1,1,228,81,229,2,4,316,18,12,30,346
12/29/2001,LIH,HI,AWP,WE,Federal Contract Tower,81,2,2,2,87,1,259,3,0,263,82,261,5,2,350,8,0,8,358
12/30/2001,LIH,HI,AWP,WE,Federal Contract Tower,73,2,0,0,75,1,152,4,0,157,74,154,4,0,232,10,0,10,242
12/31/2001,LIH,HI,AWP,WE,Federal Contract Tower,68,2,3,0,73,1,210,4,0,215,69,212,7,0,288,12,0,12,300
01/01/2002,LIH,HI,AWP,WE,Federal Contract Tower,74,2,5,0,81,1,159,8,0,168,75,161,13,0,249,6,0,6,255
01/02/2002,LIH,HI,AWP,WE,Federal Contract Tower,75,3,6,14,98,1,121,10,0,132,76,124,16,14,230,30,0,30,260
01/03/2002,LIH,HI,AWP,WE,Federal Contract Tower,77,2,2,21,102,1,172,4,3,180,78,174,6,24,282,20,22,42,324
01/04/2002,LIH,HI,AWP,WE,Federal Contract Tower,84,2,2,4,92,1,151,14,0,166,85,153,16,4,258,20,0,20,278
01/05/2002,LIH,HI,AWP,WE,Federal Contract Tower,83,0,7,4,94,0,127,8,0,135,83,127,15,4,229,28,0,28,257
01/06/2002,LIH,HI,AWP,WE,Federal Contract Tower,80,0,1,0,81,0,91,4,0,95,80,91,5,0,176,19,0,19,195
01/07/2002,LIH,HI,AWP,WE,Federal Contract Tower,80,4,3,4,91,0,119,10,0,129,80,123,13,4,220,34,7,41,261
01/08/2002,LIH,HI,AWP,WE,Federal Contract Tower,73,2,3,12,90,0,102,5,0,107,73,104,8,12,197,18,0,18,215
01/09/2002,LIH,HI,AWP,WE,Federal Contract Tower,75,3,4,2,84,0,96,8,0,104,75,99,12,2,188,12,0,12,200
01/10/2002,LIH,HI,AWP,WE,Federal Contract Tower,65,2,2,8,77,6,189,6,37,238,71,191,8,45,315,50,6,56,371
01/11/2002,LIH,HI,AWP,WE,Federal Contract Tower,83,4,0,10,97,0,151,2,0,153,83,155,2,10,250,75,6,81,331
01/12/2002,LIH,HI,AWP,WE,Federal Contract Tower,81,0,4,0,85,0,153,4,0,157,81,153,8,0,242,28,0,28,270
01/13/2002,LIH,HI,AWP,WE,Federal Contract Tower,79,0,3,0,82,0,151,3,0,154,79,151,6,0,236,6,0,6,242
01/14/2002,LIH,HI,AWP,WE,Federal Contract Tower,79,2,0,18,99,0,164,8,0,172,79,166,8,18,271,30,24,54,325
01/15/2002,LIH,HI,AWP,WE,Federal Contract Tower,78,2,4,11,95,0,169,2,17,188,78,171,6,28,283,16,24,40,323
01/16/2002,LIH,HI,AWP,WE,Federal Contract Tower,73,2,3,24,102,0,161,11,0,172,73,163,14,24,274,14,8,22,296
01/17/2002,LIH,HI,AWP,WE,Federal Contract Tower,76,4,1,4,85,0,84,4,2,90,76,88,5,6,175,15,0,15,190
01/18/2002,LIH,HI,AWP,WE,Federal Contract Tower,80,4,3,16,103,0,47,2,0,49,80,51,5,16,152,37,0,37,189
01/19/2002,LIH,HI,AWP,WE,Federal Contract Tower,75,0,2,2,79,0,11,4,0,15,75,11,6,2,94,0,2,2,96
01/20/2002,LIH,HI,AWP,WE,Federal Contract Tower,83,0,0,2,85,0,76,0,0,76,83,76,0,2,161,0,4,4,165
01/21/2002,LIH,HI,AWP,WE,Federal Contract Tower,78,3,1,0,82,0,119,10,0,129,78,122,11,0,211,34,0,34,245
01/22/2002,LIH,HI,AWP,WE,Federal Contract Tower,76,2,0,20,98,0,175,6,6,187,76,177,6,26,285,14,0,14,299
01/23/2002,LIH,HI,AWP,WE,Federal Contract Tower,76,4,0,21,101,0,186,4,0,190,76,190,4,21,291,20,0,20,311
01/24/2002,LIH,HI,AWP,WE,Federal Contract Tower,79,2,1,16,98,0,130,11,14,155,79,132,12,30,253,8,1,9,262
01/25/2002,LIH,HI,AWP,WE,Federal Contract Tower,77,2,11,8,98,0,71,0,4,75,77,73,11,12,173,4,0,4,177
01/26/2002,LIH,HI,AWP,WE,Federal Contract Tower,83,2,8,0,93,0,134,12,0,146,83,136,20,0,239,14,0,14,253
01/27/2002,LIH,HI,AWP,WE,Federal Contract Tower,81,0,6,0,87,0,86,5,0,91,81,86,11,0,178,8,0,8,186
01/28/2002,LIH,HI,AWP,WE,Federal Contract Tower,78,2,0,2,82,0,11,0,0,11,78,13,0,2,93,26,0,26,119
01/29/2002,LIH,HI,AWP,WE,Federal Contract Tower,73,8,4,10,95,0,26,2,0,28,73,34,6,10,123,28,0,28,151
01/30/2002,LIH,HI,AWP,WE,Federal Contract Tower,78,8,2,42,130,0,34,2,8,44,78,42,4,50,174,8,14,22,196
01/31/2002,LIH,HI,AWP,WE,Federal Contract Tower,75,5,6,4,90,0,92,8,2,102,75,97,14,6,192,10,0,10,202
02/01/2002,LIH,HI,AWP,WE,Federal Contract Tower,79,2,0,0,81,0,150,4,0,154,79,152,4,0,235,18,0,18,253
02/02/2002,LIH,HI,AWP,WE,Federal Contract Tower,82,0,5,0,87,0,153,7,0,160,82,153,12,0,247,23,0,23,270
02/03/2002,LIH,HI,AWP,WE,Federal Contract Tower,81,0,2,0,83,0,113,6,0,119,81,113,8,0,202,14,0,14,216
02/04/2002,LIH,HI,AWP,WE,Federal Contract Tower,74,11,6,4,95,0,156,0,4,160,74,167,6,8,255,28,0,28,283
02/05/2002,LIH,HI,AWP,WE,Federal Contract Tower,76,2,10,10,98,0,128,10,0,138,76,130,20,10,236,16,0,16,252
02/06/2002,LIH,HI,AWP,WE,Federal Contract Tower,75,4,3,12,94,0,166,3,6,175,75,170,6,18,269,46,12,58,327
02/07/2002,LIH,HI,AWP,WE,Federal Contract Tower,78,2,2,2,84,0,131,3,2,136,78,133,5,4,220,26,0,26,246
02/08/2002,LIH,HI,AWP,WE,Federal Contract Tower,83,2,3,0,88,0,24,0,0,24,83,26,3,0,112,12,0,12,124
02/09/2002,LIH,HI,AWP,WE,Federal Contract Tower,82,2,1,2,87,0,175,1,0,176,82,177,2,2,263,10,0,10,273
02/10/2002,LIH,HI,AWP,WE,Federal Contract Tower,83,1,2,2,88,0,127,1,0,128,83,128,3,2,216,0,0,0,216
02/11/2002,LIH,HI,AWP,WE,Federal Contract Tower,75,5,0,30,110,0,178,0,0,178,75,183,0,30,288,24,10,34,322
02/12/2002,LIH,HI,AWP,WE,Federal Contract Tower,76,6,10,34,126,0,176,6,2,184,76,182,16,36,310,30,6,36,346
02/13/2002,LIH,HI,AWP,WE,Federal Contract Tower,70,4,1,4,79,0,176,4,2,182,70,180,5,6,261,28,20,48,309
02/14/2002,LIH,HI,AWP,WE,Federal Contract Tower,73,2,5,12,92,0,165,5,0,170,73,167,10,12,262,45,0,45,307
02/15/2002,LIH,HI,AWP,WE,Federal Contract Tower,88,2,4,0,94,0,180,0,2,182,88,182,4,2,276,16,0,16,292
02/16/2002,LIH,HI,AWP,WE,Federal Contract Tower,85,4,0,0,89,0,193,4,0,197,85,197,4,0,286,16,0,16,302
02/17/2002,LIH,HI,AWP,WE,Federal Contract Tower,78,0,0,0,78,0,134,6,0,140,78,134,6,0,218,10,0,10,228
02/18/2002,LIH,HI,AWP,WE,Federal Contract Tower,76,2,2,0,80,0,188,20,4,212,76,190,22,4,292,24,0,24,316
02/19/2002,LIH,HI,AWP,WE,Federal Contract Tower,76,2,0,18,96,0,179,6,0,185,76,181,6,18,281,34,0,34,315
02/20/2002,LIH,HI,AWP,WE,Federal Contract Tower,74,2,2,2,80,0,130,4,0,134,74,132,6,2,214,14,16,30,244
02/21/2002,LIH,HI,AWP,WE,Federal Contract Tower,72,4,4,6,86,0,171,10,2,183,72,175,14,8,269,32,2,34,303
02/22/2002,LIH,HI,AWP,WE,Federal Contract Tower,86,2,3,17,108,0,198,6,0,204,86,200,9,17,312,18,0,18,330
02/23/2002,LIH,HI,AWP,WE,Federal Contract Tower,87,0,5,0,92,0,200,5,0,205,87,200,10,0,297,14,0,14,311
02/24/2002,LIH,HI,AWP,WE,Federal Contract Tower,76,0,0,0,76,0,162,3,0,165,76,162,3,0,241,12,0,12,253
02/25/2002,LIH,HI,AWP,WE,Federal Contract Tower,76,2,7,14,99,0,98,8,0,106,76,100,15,14,205,14,0,14,219
02/26/2002,LIH,HI,AWP,WE,Federal Contract Tower,76,3,16,22,117,0,167,6,0,173,76,170,22,22,290,20,10,30,320
02/27/2002,LIH,HI,AWP,WE,Federal Contract Tower,78,2,0,12,92,0,189,12,4,205,78,191,12,16,297,28,4,32,329
02/28/2002,LIH,HI,AWP,WE,Federal Contract Tower,85,2,5,36,128,0,209,3,4,216,85,211,8,40,344,30,54,84,428
03/01/2002,LIH,HI,AWP,WE,Federal Contract Tower,81,2,6,3,92,0,144,4,0,148,81,146,10,3,240,18,0,18,258
03/02/2002,LIH,HI,AWP,WE,Federal Contract Tower,80,0,3,6,89,0,158,12,0,170,80,158,15,6,259,23,13,36,295
03/03/2002,LIH,HI,AWP,WE,Federal Contract Tower,81,0,3,2,86,0,174,12,0,186,81,174,15,2,272,18,0,18,290
03/04/2002,LIH,HI,AWP,WE,Federal Contract Tower,74,4,3,0,81,0,148,5,0,153,74,152,8,0,234,14,2,16,250
03/05/2002,LIH,HI,AWP,WE,Federal Contract Tower,76,4,0,20,100,0,192,22,4,218,76,196,22,24,318,12,28,40,358
03/06/2002,LIH,HI,AWP,WE,Federal Contract Tower,77,2,5,6,90,0,26,14,4,44,77,28,19,10,134,14,6,20,154
03/07/2002,LIH,HI,AWP,WE,Federal Contract Tower,78,4,2,0,84,0,156,17,0,173,78,160,19,0,257,18,0,18,275
03/08/2002,LIH,HI,AWP,WE,Federal Contract Tower,82,2,2,7,93,0,214,12,0,226,82,216,14,7,319,32,43,75,394
03/09/2002,LIH,HI,AWP,WE,Federal Contract Tower,82,0,7,0,89,0,190,4,0,194,82,190,11,0,283,51,0,51,334
03/10/2002,LIH,HI,AWP,WE,Federal Contract Tower,79,0,0,0,79,0,156,2,0,158,79,156,2,0,237,20,0,20,257
03/11/2002,LIH,HI,AWP,WE,Federal Contract Tower,75,2,2,3,82,0,164,0,0,164,75,166,2,3,246,30,2,32,278
03/12/2002,LIH,HI,AWP,WE,Federal Contract Tower,74,3,0,27,104,0,196,4,1,201,74,199,4,28,305,42,12,54,359
03/13/2002,LIH,HI,AWP,WE,Federal Contract Tower,75,2,2,0,79,0,212,2,3,217,75,214,4,3,296,22,0,22,318
03/14/2002,LIH,HI,AWP,WE,Federal Contract Tower,77,2,3,21,103,0,200,10,0,210,77,202,13,21,313,28,2,30,343
03/15/2002,LIH,HI,AWP,WE,Federal Contract Tower,82,2,2,20,106,0,174,1,0,175,82,176,3,20,281,10,17,27,308
03/16/2002,LIH,HI,AWP,WE,Federal Contract Tower,82,4,2,4,92,0,144,8,0,152,82,148,10,4,244,18,0,18,262
03/17/2002,LIH,HI,AWP,WE,Federal Contract Tower,80,1,2,0,83,0,139,5,0,144,80,140,7,0,227,10,0,10,237
03/18/2002,LIH,HI,AWP,WE,Federal Contract Tower,78,10,0,11,99,0,120,3,0,123,78,130,3,11,222,24,0,24,246
03/19/2002,LIH,HI,AWP,WE,Federal Contract Tower,74,8,0,30,112,0,153,10,0,163,74,161,10,30,275,34,20,54,329
03/20/2002,LIH,HI,AWP,WE,Federal Contract Tower,77,9,2,20,108,0,152,4,4,160,77,161,6,24,268,28,0,28,296
03/21/2002,LIH,HI,AWP,WE,Federal Contract Tower,77,9,6,8,100,0,154,9,0,163,77,163,15,8,263,30,0,30,293
03/22/2002,LIH,HI,AWP,WE,Federal Contract Tower,84,5,1,0,90,0,187,9,3,199,84,192,10,3,289,12,0,12,301
03/23/2002,LIH,HI,AWP,WE,Federal Contract Tower,86,2,1,13,102,0,204,7,2,213,86,206,8,15,315,29,17,46,361
03/24/2002,LIH,HI,AWP,WE,Federal Contract Tower,87,6,1,0,94,0,21,3,0,24,87,27,4,0,118,23,0,23,141
03/25/2002,LIH,HI,AWP,WE,Federal Contract Tower,77,4,2,2,85,0,0,0,0,0,77,4,2,2,85,0,0,0,85
03/26/2002,LIH,HI,AWP,WE,Federal Contract Tower,75,4,2,22,103,0,4,8,0,12,75,8,10,22,115,16,24,40,155
03/27/2002,LIH,HI,AWP,WE,Federal Contract Tower,77,4,4,5,90,0,209,5,0,214,77,213,9,5,304,22,6,28,332
03/28/2002,LIH,HI,AWP,WE,Federal Contract Tower,77,3,4,4,88,0,232,8,2,242,77,235,12,6,330,6,0,6,336
03/29/2002,LIH,HI,AWP,WE,Federal Contract Tower,82,6,4,6,98,0,40,0,0,40,82,46,4,6,138,16,0,16,154
03/30/2002,LIH,HI,AWP,WE,Federal Contract Tower,87,0,1,0,88,0,216,3,0,219,87,216,4,0,307,17,0,17,324
03/31/2002,LIH,HI,AWP,WE,Federal Contract Tower,82,2,2,0,86,0,134,0,0,134,82,136,2,0,220,8,0,8,228
04/01/2002,LIH,HI,AWP,WE,Federal Contract Tower,73,9,1,16,99,0,166,5,0,171,73,175,6,16,270,42,0,42,312
04/02/2002,LIH,HI,AWP,WE,Federal Contract Tower,73,10,0,16,99,0,172,4,0,176,73,182,4,16,275,20,0,20,295
04/03/2002,LIH,HI,AWP,WE,Federal Contract Tower,76,5,5,6,92,0,193,6,0,199,76,198,11,6,291,26,30,56,347
04/04/2002,LIH,HI,AWP,WE,Federal Contract Tower,75,4,7,23,109,0,167,6,0,173,75,171,13,23,282,6,8,14,296
04/05/2002,LIH,HI,AWP,WE,Federal Contract Tower,83,4,2,15,104,0,148,8,1,157,83,152,10,16,261,42,29,71,332
04/06/2002,LIH,HI,AWP,WE,Federal Contract Tower,85,0,8,0,93,0,177,4,0,181,85,177,12,0,274,15,0,15,289
04/07/2002,LIH,HI,AWP,WE,Federal Contract Tower,84,0,2,2,88,0,150,4,0,154,84,150,6,2,242,24,0,24,266
04/08/2002,LIH,HI,AWP,WE,Federal Contract Tower,77,4,3,14,98,0,189,5,0,194,77,193,8,14,292,8,0,8,300
04/09/2002,LIH,HI,AWP,WE,Federal Contract Tower,74,4,1,12,91,0,198,12,2,212,74,202,13,14,303,26,0,26,329
04/10/2002,LIH,HI,AWP,WE,Federal Contract Tower,76,4,0,6,86,0,204,4,0,208,76,208,4,6,294,26,18,44,338
04/11/2002,LIH,HI,AWP,WE,Federal Contract Tower,77,5,5,11,98,0,190,7,1,198,77,195,12,12,296,14,14,28,324
04/12/2002,LIH,HI,AWP,WE,Federal Contract Tower,87,4,2,18,111,0,145,7,0,152,87,149,9,18,263,20,20,40,303
04/13/2002,LIH,HI,AWP,WE,Federal Contract Tower,83,0,5,0,88,0,155,6,0,161,83,155,11,0,249,11,0,11,260
04/14/2002,LIH,HI,AWP,WE,Federal Contract Tower,81,0,9,2,92,0,122,9,0,131,81,122,18,2,223,30,0,30,253
04/15/2002,LIH,HI,AWP,WE,Federal Contract Tower,77,4,0,16,97,0,153,5,0,158,77,157,5,16,255,12,0,12,267
04/16/2002,LIH,HI,AWP,WE,Federal Contract Tower,76,3,2,24,105,0,198,8,0,206,76,201,10,24,311,38,0,38,349
04/17/2002,LIH,HI,AWP,WE,Federal Contract Tower,74,4,6,2,86,0,198,6,4,208,74,202,12,6,294,40,2,42,336
04/18/2002,LIH,HI,AWP,WE,Federal Contract Tower,77,5,5,6,93,0,206,2,0,208,77,211,7,6,301,50,0,50,351
04/19/2002,LIH,HI,AWP,WE,Federal Contract Tower,86,4,1,0,91,0,150,11,0,161,86,154,12,0,252,106,0,106,358
04/20/2002,LIH,HI,AWP,WE,Federal Contract Tower,82,0,1,0,83,0,212,15,0,227,82,212,16,0,310,24,0,24,334
04/21/2002,LIH,HI,AWP,WE,Federal Contract Tower,83,0,4,0,87,0,154,5,0,159,83,154,9,0,246,25,0,25,271
04/22/2002,LIH,HI,AWP,WE,Federal Contract Tower,78,4,2,10,94,0,167,2,0,169,78,171,4,10,263,54,0,54,317
04/23/2002,LIH,HI,AWP,WE,Federal Contract Tower,75,6,2,12,95,0,188,10,0,198,75,194,12,12,293,82,0,82,375
04/24/2002,LIH,HI,AWP,WE,Federal Contract Tower,74,4,0,18,96,0,220,8,0,228,74,224,8,18,324,36,54,90,414
04/25/2002,LIH,HI,AWP,WE,Federal Contract Tower,73,7,2,7,89,0,169,8,0,177,73,176,10,7,266,64,26,90,356
04/26/2002,LIH,HI,AWP,WE,Federal Contract Tower,84,4,1,0,89,0,121,8,0,129,84,125,9,0,218,24,12,36,254
04/27/2002,LIH,HI,AWP,WE,Federal Contract Tower,85,0,0,0,85,0,184,10,0,194,85,184,10,0,279,24,0,24,303
04/28/2002,LIH,HI,AWP,WE,Federal Contract Tower,82,0,1,0,83,0,152,0,0,152,82,152,1,0,235,8,0,8,243
04/29/2002,LIH,HI,AWP,WE,Federal Contract Tower,76,4,0,6,86,0,50,2,1,53,76,54,2,7,139,12,6,18,157
04/30/2002,LIH,HI,AWP,WE,Federal Contract Tower,76,4,0,39,119,0,231,6,0,237,76,235,6,39,356,43,56,99,455
05/01/2002,LIH,HI,AWP,WE,Federal Contract Tower,73,4,3,2,82,0,218,6,2,226,73,222,9,4,308,24,10,34,342
05/02/2002,LIH,HI,AWP,WE,Federal Contract Tower,82,3,0,21,106,0,170,10,0,180,82,173,10,21,286,22,6,28,314
05/03/2002,LIH,HI,AWP,WE,Federal Contract Tower,93,5,0,12,110,0,126,3,0,129,93,131,3,12,239,32,0,32,271
05/04/2002,LIH,HI,AWP,WE,Federal Contract Tower,82,0,2,4,88,0,158,2,0,160,82,158,4,4,248,68,0,68,316
05/05/2002,LIH,HI,AWP,WE,Federal Contract Tower,80,2,0,4,86,0,137,1,0,138,80,139,1,4,224,11,0,11,235
05/06/2002,LIH,HI,AWP,WE,Federal Contract Tower,73,6,2,0,81,0,76,0,0,76,73,82,2,0,157,21,0,21,178
05/07/2002,LIH,HI,AWP,WE,Federal Contract Tower,75,5,8,10,98,0,22,16,6,44,75,27,24,16,142,30,18,48,190
05/08/2002,LIH,HI,AWP,WE,Federal Contract Tower,74,4,0,8,86,0,133,6,2,141,74,137,6,10,227,20,10,30,257
05/09/2002,LIH,HI,AWP,WE,Federal Contract Tower,75,2,2,14,93,0,204,4,0,208,75,206,6,14,301,27,0,27,328
05/10/2002,LIH,HI,AWP,WE,Federal Contract Tower,85,5,0,28,118,0,62,7,1,70,85,67,7,29,188,22,42,64,252
05/11/2002,LIH,HI,AWP,WE,Federal Contract Tower,85,0,0,2,87,0,145,3,0,148,85,145,3,2,235,34,0,34,269
05/12/2002,LIH,HI,AWP,WE,Federal Contract Tower,78,2,0,0,80,0,7,0,0,7,78,9,0,0,87,6,0,6,93
05/13/2002,LIH,HI,AWP,WE,Federal Contract Tower,76,4,0,38,118,0,173,6,1,180,76,177,6,39,298,57,0,57,355
05/14/2002,LIH,HI,AWP,WE,Federal Contract Tower,76,11,0,2,89,0,71,5,1,77,76,82,5,3,166,23,0,23,189
05/15/2002,LIH,HI,AWP,WE,Federal Contract Tower,75,4,11,36,126,0,214,9,10,233,75,218,20,46,359,24,48,72,431
05/16/2002,LIH,HI,AWP,WE,Federal Contract Tower,76,2,4,4,86,0,222,15,0,237,76,224,19,4,323,40,0,40,363
05/17/2002,LIH,HI,AWP,WE,Federal Contract Tower,87,4,2,3,96,0,165,6,3,174,87,169,8,6,270,19,0,19,289
05/18/2002,LIH,HI,AWP,WE,Federal Contract Tower,81,1,4,0,86,0,140,9,0,149,81,141,13,0,235,16,0,16,251
05/19/2002,LIH,HI,AWP,WE,Federal Contract Tower,85,2,0,0,87,0,169,7,1,177,85,171,7,1,264,50,0,50,314
05/20/2002,LIH,HI,AWP,WE,Federal Contract Tower,75,2,2,22,101,0,117,4,2,123,75,119,6,24,224,10,0,10,234
05/21/2002,LIH,HI,AWP,WE,Federal Contract Tower,77,3,2,3,85,0,188,18,3,209,77,191,20,6,294,28,0,28,322
05/22/2002,LIH,HI,AWP,WE,Federal Contract Tower,76,5,4,5,90,0,162,16,0,178,76,167,20,5,268,40,12,52,320
05/23/2002,LIH,HI,AWP,WE,Federal Contract Tower,72,3,0,0,75,0,193,21,0,214,72,196,21,0,289,32,2,34,323
05/24/2002,LIH,HI,AWP,WE,Federal Contract Tower,85,4,5,5,99,0,184,7,0,191,85,188,12,5,290,61,6,67,357
05/25/2002,LIH,HI,AWP,WE,Federal Contract Tower,85,0,0,0,85,0,182,12,0,194,85,182,12,0,279,30,0,30,309
05/26/2002,LIH,HI,AWP,WE,Federal Contract Tower,80,0,0,1,81,0,162,4,0,166,80,162,4,1,247,11,0,11,258
05/27/2002,LIH,HI,AWP,WE,Federal Contract Tower,86,0,1,0,87,0,162,17,0,179,86,162,18,0,266,38,0,38,304
05/28/2002,LIH,HI,AWP,WE,Federal Contract Tower,83,3,0,6,92,0,176,6,2,184,83,179,6,8,276,34,0,34,310
05/29/2002,LIH,HI,AWP,WE,Federal Contract Tower,81,2,3,2,88,0,198,2,7,207,81,200,5,9,295,12,0,12,307
05/30/2002,LIH,HI,AWP,WE,Federal Contract Tower,76,4,2,7,89,0,150,9,2,161,76,154,11,9,250,24,21,45,295
05/31/2002,LIH,HI,AWP,WE,Federal Contract Tower,90,4,5,9,108,0,178,16,0,194,90,182,21,9,302,65,0,65,367
06/01/2002,LIH,HI,AWP,WE,Federal Contract Tower,85,1,1,0,87,0,136,4,0,140,85,137,5,0,227,32,0,32,259
06/02/2002,LIH,HI,AWP,WE,Federal Contract Tower,79,0,3,2,84,0,90,11,0,101,79,90,14,2,185,32,0,32,217
06/03/2002,LIH,HI,AWP,WE,Federal Contract Tower,81,4,0,6,91,0,170,6,2,178,81,174,6,8,269,56,0,56,325
06/04/2002,LIH,HI,AWP,WE,Federal Contract Tower,74,4,0,5,83,0,174,10,4,188,74,178,10,9,271,50,0,50,321
06/05/2002,LIH,HI,AWP,WE,Federal Contract Tower,82,8,0,14,104,0,203,6,4,213,82,211,6,18,317,34,22,56,373
06/06/2002,LIH,HI,AWP,WE,Federal Contract Tower,76,4,3,22,105,0,175,10,2,187,76,179,13,24,292,54,0,54,346
06/07/2002,LIH,HI,AWP,WE,Federal Contract Tower,90,10,0,2,102,0,141,5,5,151,90,151,5,7,253,28,0,28,281
06/08/2002,LIH,HI,AWP,WE,Federal Contract Tower,96,0,3,0,99,0,139,5,0,144,96,139,8,0,243,43,0,43,286
06/09/2002,LIH,HI,AWP,WE,Federal Contract Tower,91,0,2,0,93,0,116,7,0,123,91,116,9,0,216,44,0,44,260
06/10/2002,LIH,HI,AWP,WE,Federal Contract Tower,79,4,0,23,106,0,163,4,2,169,79,167,4,25,275,42,25,67,342
06/11/2002,LIH,HI,AWP,WE,Federal Contract Tower,87,6,0,21,114,0,192,4,0,196,87,198,4,21,310,26,0,26,336
06/12/2002,LIH,HI,AWP,WE,Federal Contract Tower,85,2,0,2,89,0,196,7,0,203,85,198,7,2,292,40,0,40,332
06/13/2002,LIH,HI,AWP,WE,Federal Contract Tower,75,4,0,27,106,0,164,4,0,168,75,168,4,27,274,83,18,101,375
06/14/2002,LIH,HI,AWP,WE,Federal Contract Tower,84,7,7,12,110,0,165,3,0,168,84,172,10,12,278,27,0,27,305
06/15/2002,LIH,HI,AWP,WE,Federal Contract Tower,92,2,6,0,100,0,173,3,0,176,92,175,9,0,276,21,0,21,297
06/16/2002,LIH,HI,AWP,WE,Federal Contract Tower,81,0,3,0,84,0,109,0,0,109,81,109,3,0,193,23,0,23,216
06/17/2002,LIH,HI,AWP,WE,Federal Contract Tower,76,4,3,2,85,0,157,0,1,158,76,161,3,3,243,16,18,34,277
06/18/2002,LIH,HI,AWP,WE,Federal Contract Tower,74,7,1,0,82,0,161,0,0,161,74,168,1,0,243,52,0,52,295
06/19/2002,LIH,HI,AWP,WE,Federal Contract Tower,72,7,0,19,98,0,172,2,0,174,72,179,2,19,272,90,16,106,378
06/20/2002,LIH,HI,AWP,WE,Federal Contract Tower,73,4,8,1,86,0,181,6,7,194,73,185,14,8,280,72,0,72,352
06/21/2002,LIH,HI,AWP,WE,Federal Contract Tower,86,6,3,0,95,0,168,6,2,176,86,174,9,2,271,30,0,30,301
06/22/2002,LIH,HI,AWP,WE,Federal Contract Tower,95,2,0,0,97,0,110,2,6,118,95,112,2,6,215,12,0,12,227
06/23/2002,LIH,HI,AWP,WE,Federal Contract Tower,83,0,2,8,93,0,140,0,0,140,83,140,2,8,233,14,0,14,247
06/24/2002,LIH,HI,AWP,WE,Federal Contract Tower,76,4,2,36,118,0,189,3,0,192,76,193,5,36,310,23,1,24,334
06/25/2002,LIH,HI,AWP,WE,Federal Contract Tower,72,6,0,14,92,0,177,2,4,183,72,183,2,18,275,30,0,30,305
06/26/2002,LIH,HI,AWP,WE,Federal Contract Tower,72,7,3,3,85,0,174,5,2,181,72,181,8,5,266,16,12,28,294
06/27/2002,LIH,HI,AWP,WE,Federal Contract Tower,75,6,1,20,102,0,202,4,1,207,75,208,5,21,309,20,10,30,339
06/28/2002,LIH,HI,AWP,WE,Federal Contract Tower,84,5,4,4,97,0,179,9,2,190,84,184,13,6,287,23,0,23,310
06/29/2002,LIH,HI,AWP,WE,Federal Contract Tower,94,0,0,0,94,0,179,13,0,192,94,179,13,0,286,26,4,30,316
06/30/2002,LIH,HI,AWP,WE,Federal Contract Tower,93,0,2,0,95,0,168,6,5,179,93,168,8,5,274,14,0,14,288
07/01/2002,LIH,HI,AWP,WE,Federal Contract Tower,95,4,0,1,100,0,152,6,3,161,95,156,6,4,261,16,0,16,277
07/02/2002,LIH,HI,AWP,WE,Federal Contract Tower,77,8,0,15,100,0,201,10,2,213,77,209,10,17,313,18,6,24,337
07/03/2002,LIH,HI,AWP,WE,Federal Contract Tower,73,6,1,6,86,0,204,10,0,214,73,210,11,6,300,22,0,22,322
07/04/2002,LIH,HI,AWP,WE,Federal Contract Tower,73,1,1,1,76,0,161,6,1,168,73,162,7,2,244,19,0,19,263
07/05/2002,LIH,HI,AWP,WE,Federal Contract Tower,84,7,1,0,92,0,187,10,0,197,84,194,11,0,289,38,0,38,327
07/06/2002,LIH,HI,AWP,WE,Federal Contract Tower,96,0,3,0,99,0,201,0,0,201,96,201,3,0,300,30,0,30,330
07/07/2002,LIH,HI,AWP,WE,Federal Contract Tower,86,0,10,0,96,0,158,10,0,168,86,158,20,0,264,10,0,10,274
07/08/2002,LIH,HI,AWP,WE,Federal Contract Tower,74,6,3,1,84,0,195,5,5,205,74,201,8,6,289,14,4,18,307
07/09/2002,LIH,HI,AWP,WE,Federal Contract Tower,87,4,3,0,94,0,166,7,0,173,87,170,10,0,267,16,0,16,283
07/10/2002,LIH,HI,AWP,WE,Federal Contract Tower,74,6,1,14,95,0,182,0,8,190,74,188,1,22,285,22,0,22,307
07/11/2002,LIH,HI,AWP,WE,Federal Contract Tower,73,4,1,0,78,0,190,8,2,200,73,194,9,2,278,8,0,8,286
07/12/2002,LIH,HI,AWP,WE,Federal Contract Tower,91,4,3,6,104,0,180,4,2,186,91,184,7,8,290,26,0,26,316
07/13/2002,LIH,HI,AWP,WE,Federal Contract Tower,96,0,4,8,108,0,163,4,0,167,96,163,8,8,275,20,16,36,311
07/14/2002,LIH,HI,AWP,WE,Federal Contract Tower,80,0,0,2,82,0,167,7,0,174,80,167,7,2,256,14,0,14,270
07/15/2002,LIH,HI,AWP,WE,Federal Contract Tower,75,30,3,5,113,0,175,5,1,181,75,205,8,6,294,27,2,29,323
07/16/2002,LIH,HI,AWP,WE,Federal Contract Tower,73,6,2,10,91,0,159,3,8,170,73,165,5,18,261,12,20,32,293
07/17/2002,LIH,HI,AWP,WE,Federal Contract Tower,73,10,0,17,100,0,195,6,2,203,73,205,6,19,303,30,4,34,337
07/18/2002,LIH,HI,AWP,WE,Federal Contract Tower,79,4,2,30,115,0,102,6,2,110,79,106,8,32,225,19,10,29,254
07/19/2002,LIH,HI,AWP,WE,Federal Contract Tower,88,12,1,14,115,0,176,3,4,183,88,188,4,18,298,34,28,62,360
07/20/2002,LIH,HI,AWP,WE,Federal Contract Tower,95,0,0,2,97,0,185,5,0,190,95,185,5,2,287,29,0,29,316
07/21/2002,LIH,HI,AWP,WE,Federal Contract Tower,84,2,3,0,89,0,136,15,0,151,84,138,18,0,240,14,0,14,254
07/22/2002,LIH,HI,AWP,WE,Federal Contract Tower,76,15,2,3,96,0,198,5,2,205,76,213,7,5,301,53,6,59,360
07/23/2002,LIH,HI,AWP,WE,Federal Contract Tower,73,4,2,18,97,0,161,2,0,163,73,165,4,18,260,8,0,8,268
07/24/2002,LIH,HI,AWP,WE,Federal Contract Tower,74,6,2,21,103,0,192,2,2,196,74,198,4,23,299,56,4,60,359
07/25/2002,LIH,HI,AWP,WE,Federal Contract Tower,74,3,2,35,114,0,182,9,4,195,74,185,11,39,309,22,6,28,337
07/26/2002,LIH,HI,AWP,WE,Federal Contract Tower,85,7,0,4,96,0,162,4,0,166,85,169,4,4,262,22,4,26,288
07/27/2002,LIH,HI,AWP,WE,Federal Contract Tower,92,0,0,0,92,0,158,15,2,175,92,158,15,2,267,10,0,10,277
07/28/2002,LIH,HI,AWP,WE,Federal Contract Tower,79,2,3,0,84,0,142,9,2,153,79,144,12,2,237,16,0,16,253
07/29/2002,LIH,HI,AWP,WE,Federal Contract Tower,74,6,0,12,92,0,147,12,0,159,74,153,12,12,251,14,1,15,266
07/30/2002,LIH,HI,AWP,WE,Federal Contract Tower,74,6,0,12,92,0,182,18,2,202,74,188,18,14,294,18,0,18,312
07/31/2002,LIH,HI,AWP,WE,Federal Contract Tower,72,4,2,6,84,0,178,5,5,188,72,182,7,11,272,40,44,84,356
08/01/2002,LIH,HI,AWP,WE,Federal Contract Tower,74,4,0,2,80,0,174,0,0,174,74,178,0,2,254,14,0,14,268
08/02/2002,LIH,HI,AWP,WE,Federal Contract Tower,87,6,2,2,97,0,172,2,0,174,87,178,4,2,271,68,18,86,357
08/03/2002,LIH,HI,AWP,WE,Federal Contract Tower,93,0,0,0,93,0,183,7,0,190,93,183,7,0,283,90,0,90,373
08/04/2002,LIH,HI,AWP,WE,Federal Contract Tower,81,3,0,2,86,0,125,0,0,125,81,128,0,2,211,12,0,12,223
08/05/2002,LIH,HI,AWP,WE,Federal Contract Tower,76,8,2,27,113,0,138,6,2,146,76,146,8,29,259,73,17,90,349
08/06/2002,LIH,HI,AWP,WE,Federal Contract Tower,78,6,5,14,103,0,170,1,0,171,78,176,6,14,274,16,10,26,300
08/07/2002,LIH,HI,AWP,WE,Federal Contract Tower,74,6,1,6,87,0,197,5,3,205,74,203,6,9,292,29,2,31,323
08/08/2002,LIH,HI,AWP,WE,Federal Contract Tower,73,8,5,11,97,0,196,2,0,198,73,204,7,11,295,17,26,43,338
08/09/2002,LIH,HI,AWP,WE,Federal Contract Tower,87,6,7,4,104,0,178,2,1,181,87,184,9,5,285,8,0,8,293
08/10/2002,LIH,HI,AWP,WE,Federal Contract Tower,95,2,4,0,101,0,176,10,0,186,95,178,14,0,287,11,0,11,298
08/11/2002,LIH,HI,AWP,WE,Federal Contract Tower,86,0,0,0,86,0,139,0,0,139,86,139,0,0,225,9,0,9,234
08/12/2002,LIH,HI,AWP,WE,Federal Contract Tower,75,10,0,32,117,0,138,4,0,142,75,148,4,32,259,8,0,8,267
08/13/2002,LIH,HI,AWP,WE,Federal Contract Tower,73,10,3,16,102,0,162,4,1,167,73,172,7,17,269,14,6,20,289
08/14/2002,LIH,HI,AWP,WE,Federal Contract Tower,76,8,2,13,99,0,176,7,3,186,76,184,9,16,285,20,0,20,305
08/15/2002,LIH,HI,AWP,WE,Federal Contract Tower,78,5,5,20,108,0,180,5,0,185,78,185,10,20,293,16,0,16,309
08/16/2002,LIH,HI,AWP,WE,Federal Contract Tower,89,7,5,0,101,0,187,8,0,195,89,194,13,0,296,12,0,12,308
08/17/2002,LIH,HI,AWP,WE,Federal Contract Tower,93,0,2,0,95,0,174,2,0,176,93,174,4,0,271,22,0,22,293
08/18/2002,LIH,HI,AWP,WE,Federal Contract Tower,87,0,1,0,88,0,160,5,0,165,87,160,6,0,253,8,0,8,261
08/19/2002,LIH,HI,AWP,WE,Federal Contract Tower,78,11,1,3,93,0,176,2,0,178,78,187,3,3,271,34,0,34,305
08/20/2002,LIH,HI,AWP,WE,Federal Contract Tower,77,6,5,13,101,0,194,2,1,197,77,200,7,14,298,26,34,60,358
08/21/2002,LIH,HI,AWP,WE,Federal Contract Tower,75,6,4,8,93,0,174,10,0,184,75,180,14,8,277,26,0,26,303
08/22/2002,LIH,HI,AWP,WE,Federal Contract Tower,76,6,9,3,94,0,174,1,0,175,76,180,10,3,269,62,10,72,341
08/23/2002,LIH,HI,AWP,WE,Federal Contract Tower,84,6,3,5,98,0,134,3,4,141,84,140,6,9,239,42,0,42,281
08/24/2002,LIH,HI,AWP,WE,Federal Contract Tower,88,0,2,0,90,0,138,0,0,138,88,138,2,0,228,14,0,14,242
08/25/2002,LIH,HI,AWP,WE,Federal Contract Tower,87,1,1,2,91,0,120,2,0,122,87,121,3,2,213,12,0,12,225
08/26/2002,LIH,HI,AWP,WE,Federal Contract Tower,79,6,2,16,103,0,142,10,2,154,79,148,12,18,257,30,0,30,287
08/27/2002,LIH,HI,AWP,WE,Federal Contract Tower,76,8,2,18,104,0,166,8,2,176,76,174,10,20,280,50,4,54,334
08/28/2002,LIH,HI,AWP,WE,Federal Contract Tower,76,6,2,12,96,0,160,8,0,168,76,166,10,12,264,26,0,26,290
08/29/2002,LIH,HI,AWP,WE,Federal Contract Tower,75,4,1,0,80,0,127,2,0,129,75,131,3,0,209,6,12,18,227
08/30/2002,LIH,HI,AWP,WE,Federal Contract Tower,86,7,4,0,97,0,123,9,0,132,86,130,13,0,229,18,0,18,247
08/31/2002,LIH,HI,AWP,WE,Federal Contract Tower,90,0,1,4,95,0,143,15,3,161,90,143,16,7,256,14,14,28,284
09/01/2002,LIH,HI,AWP,WE,Federal Contract Tower,81,1,2,0,84,1,130,9,0,140,82,131,11,0,224,43,0,43,267
09/02/2002,LIH,HI,AWP,WE,Federal Contract Tower,75,1,2,0,78,1,122,8,0,131,76,123,10,0,209,14,0,14,223
09/03/2002,LIH,HI,AWP,WE,Federal Contract Tower,73,6,1,17,97,0,141,2,1,144,73,147,3,18,241,12,4,16,257
09/04/2002,LIH,HI,AWP,WE,Federal Contract Tower,72,7,1,32,112,1,163,6,0,170,73,170,7,32,282,34,0,34,316
09/05/2002,LIH,HI,AWP,WE,Federal Contract Tower,67,5,0,3,75,1,143,1,0,145,68,148,1,3,220,20,18,38,258
09/06/2002,LIH,HI,AWP,WE,Federal Contract Tower,78,2,1,0,81,1,122,3,0,126,79,124,4,0,207,37,0,37,244
09/07/2002,LIH,HI,AWP,WE,Federal Contract Tower,78,0,6,12,96,1,130,15,0,146,79,130,21,12,242,30,0,30,272
09/08/2002,LIH,HI,AWP,WE,Federal Contract Tower,71,0,3,1,75,1,136,5,5,147,72,136,8,6,222,6,0,6,228
09/09/2002,LIH,HI,AWP,WE,Federal Contract Tower,69,6,0,15,90,1,124,0,0,125,70,130,0,15,215,14,0,14,229
09/10/2002,LIH,HI,AWP,WE,Federal Contract Tower,68,6,3,24,101,1,148,3,0,152,69,154,6,24,253,53,0,53,306
09/11/2002,LIH,HI,AWP,WE,Federal Contract Tower,64,9,1,8,82,1,158,6,1,166,65,167,7,9,248,22,0,22,270
09/12/2002,LIH,HI,AWP,WE,Federal Contract Tower,69,4,3,2,78,0,150,7,0,157,69,154,10,2,235,44,66,110,345
09/13/2002,LIH,HI,AWP,WE,Federal Contract Tower,77,6,3,7,93,1,155,7,5,168,78,161,10,12,261,34,4,38,299
09/14/2002,LIH,HI,AWP,WE,Federal Contract Tower,79,2,1,0,82,1,126,9,0,136,80,128,10,0,218,10,0,10,228
09/15/2002,LIH,HI,AWP,WE,Federal Contract Tower,71,1,4,1,77,1,88,5,1,95,72,89,9,2,172,10,0,10,182
09/16/2002,LIH,HI,AWP,WE,Federal Contract Tower,67,6,1,16,90,0,158,2,0,160,67,164,3,16,250,20,0,20,270
09/17/2002,LIH,HI,AWP,WE,Federal Contract Tower,63,3,1,3,70,3,149,4,0,156,66,152,5,3,226,36,2,38,264
09/18/2002,LIH,HI,AWP,WE,Federal Contract Tower,64,0,2,5,71,0,180,6,1,187,64,180,8,6,258,20,14,34,292
09/19/2002,LIH,HI,AWP,WE,Federal Contract Tower,62,6,2,32,102,0,172,9,4,185,62,178,11,36,287,18,2,20,307
09/20/2002,LIH,HI,AWP,WE,Federal Contract Tower,78,5,1,16,100,0,127,7,3,137,78,132,8,19,237,34,31,65,302
09/21/2002,LIH,HI,AWP,WE,Federal Contract Tower,76,2,2,0,80,0,148,2,0,150,76,150,4,0,230,16,0,16,246
09/22/2002,LIH,HI,AWP,WE,Federal Contract Tower,74,2,0,0,76,0,114,4,0,118,74,116,4,0,194,4,2,6,200
09/23/2002,LIH,HI,AWP,WE,Federal Contract Tower,66,6,2,22,96,0,166,6,1,173,66,172,8,23,269,10,6,16,285
09/24/2002,LIH,HI,AWP,WE,Federal Contract Tower,66,6,1,2,75,0,186,8,1,195,66,192,9,3,270,10,0,10,280
09/25/2002,LIH,HI,AWP,WE,Federal Contract Tower,66,4,1,4,75,0,188,1,0,189,66,192,2,4,264,28,2,30,294
09/26/2002,LIH,HI,AWP,WE,Federal Contract Tower,66,4,0,10,80,0,190,8,0,198,66,194,8,10,278,82,2,84,362
09/27/2002,LIH,HI,AWP,WE,Federal Contract Tower,74,6,4,17,101,0,171,1,0,172,74,177,5,17,273,120,9,129,402
09/28/2002,LIH,HI,AWP,WE,Federal Contract Tower,79,2,2,0,83,0,173,7,0,180,79,175,9,0,263,68,0,68,331
09/29/2002,LIH,HI,AWP,WE,Federal Contract Tower,71,0,2,0,73,0,143,7,0,150,71,143,9,0,223,2,0,2,225
09/30/2002,LIH,HI,AWP,WE,Federal Contract Tower,63,4,1,6,74,0,144,10,3,157,63,148,11,9,231,12,2,14,245
10/01/2002,LIH,HI,AWP,WE,Federal Contract Tower,63,4,0,30,97,0,181,13,2,196,63,185,13,32,293,30,12,42,335
10/02/2002,LIH,HI,AWP,WE,Federal Contract Tower,66,4,2,0,72,0,164,10,0,174,66,168,12,0,246,38,0,38,284
10/03/2002,LIH,HI,AWP,WE,Federal Contract Tower,68,4,1,12,85,0,144,17,0,161,68,148,18,12,246,34,20,54,300
10/04/2002,LIH,HI,AWP,WE,Federal Contract Tower,76,8,1,6,91,0,158,5,0,163,76,166,6,6,254,26,0,26,280
10/05/2002,LIH,HI,AWP,WE,Federal Contract Tower,76,2,0,4,82,0,172,4,2,178,76,174,4,6,260,34,0,34,294
10/06/2002,LIH,HI,AWP,WE,Federal Contract Tower,74,0,1,2,77,0,109,2,2,113,74,109,3,4,190,10,0,10,200
10/07/2002,LIH,HI,AWP,WE,Federal Contract Tower,67,5,4,3,79,0,184,3,2,189,67,189,7,5,268,20,16,36,304
10/08/2002,LIH,HI,AWP,WE,Federal Contract Tower,68,6,2,19,95,0,170,2,1,173,68,176,4,20,268,20,22,42,310
10/09/2002,LIH,HI,AWP,WE,Federal Contract Tower,70,5,1,16,92,0,194,2,1,197,70,199,3,17,289,34,20,54,343
10/10/2002,LIH,HI,AWP,WE,Federal Contract Tower,64,6,2,21,93,0,181,12,0,193,64,187,14,21,286,16,20,36,322
10/11/2002,LIH,HI,AWP,WE,Federal Contract Tower,77,6,2,2,87,0,180,6,0,186,77,186,8,2,273,10,0,10,283
10/12/2002,LIH,HI,AWP,WE,Federal Contract Tower,83,3,1,1,88,0,185,9,0,194,83,188,10,1,282,24,12,36,318
10/13/2002,LIH,HI,AWP,WE,Federal Contract Tower,74,0,3,0,77,0,130,5,0,135,74,130,8,0,212,6,0,6,218
10/14/2002,LIH,HI,AWP,WE,Federal Contract Tower,67,2,2,0,71,0,180,4,0,184,67,182,6,0,255,14,0,14,269
10/15/2002,LIH,HI,AWP,WE,Federal Contract Tower,71,14,4,12,101,0,195,9,1,205,71,209,13,13,306,36,3,39,345
10/16/2002,LIH,HI,AWP,WE,Federal Contract Tower,68,25,2,8,103,0,151,4,0,155,68,176,6,8,258,24,44,68,326
10/17/2002,LIH,HI,AWP,WE,Federal Contract Tower,68,6,10,2,86,0,30,3,3,36,68,36,13,5,122,17,0,17,139
10/18/2002,LIH,HI,AWP,WE,Federal Contract Tower,77,6,1,4,88,0,148,9,0,157,77,154,10,4,245,10,0,10,255
10/19/2002,LIH,HI,AWP,WE,Federal Contract Tower,83,2,4,2,91,0,154,2,0,156,83,156,6,2,247,9,20,29,276
10/20/2002,LIH,HI,AWP,WE,Federal Contract Tower,76,1,0,0,77,0,150,13,0,163,76,151,13,0,240,20,2,22,262
10/21/2002,LIH,HI,AWP,WE,Federal Contract Tower,67,8,1,14,90,0,142,2,5,149,67,150,3,19,239,22,8,30,269
10/22/2002,LIH,HI,AWP,WE,Federal Contract Tower,67,6,2,14,89,0,152,6,0,158,67,158,8,14,247,32,0,32,279
10/23/2002,LIH,HI,AWP,WE,Federal Contract Tower,69,6,0,6,81,0,156,2,1,159,69,162,2,7,240,20,2,22,262
10/24/2002,LIH,HI,AWP,WE,Federal Contract Tower,67,6,1,24,98,0,179,7,0,186,67,185,8,24,284,8,0,8,292
10/25/2002,LIH,HI,AWP,WE,Federal Contract Tower,74,6,1,18,99,0,147,9,2,158,74,153,10,20,257,4,14,18,275
10/26/2002,LIH,HI,AWP,WE,Federal Contract Tower,78,3,1,0,82,0,144,8,0,152,78,147,9,0,234,18,0,18,252
10/27/2002,LIH,HI,AWP,WE,Federal Contract Tower,72,0,3,2,77,0,162,10,0,172,72,162,13,2,249,12,0,12,261
10/28/2002,LIH,HI,AWP,WE,Federal Contract Tower,70,6,0,2,78,0,139,6,2,147,70,145,6,4,225,12,0,12,237
10/29/2002,LIH,HI,AWP,WE,Federal Contract Tower,70,8,2,20,100,0,146,2,0,148,70,154,4,20,248,18,4,22,270
10/30/2002,LIH,HI,AWP,WE,Federal Contract Tower,67,8,3,0,78,0,177,4,0,181,67,185,7,0,259,16,0,16,275
10/31/2002,LIH,HI,AWP,WE,Federal Contract Tower,67,6,3,7,83,0,158,15,1,174,67,164,18,8,257,10,0,10,267
11/01/2002,LIH,HI,AWP,WE,Federal Contract Tower,76,11,0,2,89,0,167,5,0,172,76,178,5,2,261,4,0,4,265
11/02/2002,LIH,HI,AWP,WE,Federal Contract Tower,76,2,3,4,85,0,146,2,6,154,76,148,5,10,239,6,0,6,245
11/03/2002,LIH,HI,AWP,WE,Federal Contract Tower,73,2,2,5,82,0,82,10,1,93,73,84,12,6,175,20,0,20,195
11/04/2002,LIH,HI,AWP,WE,Federal Contract Tower,68,6,4,0,78,0,111,4,0,115,68,117,8,0,193,12,0,12,205
11/05/2002,LIH,HI,AWP,WE,Federal Contract Tower,64,10,0,25,99,0,156,2,0,158,64,166,2,25,257,28,0,28,285
11/06/2002,LIH,HI,AWP,WE,Federal Contract Tower,68,6,0,0,74,0,152,1,0,153,68,158,1,0,227,40,28,68,295
11/07/2002,LIH,HI,AWP,WE,Federal Contract Tower,68,4,2,2,76,0,156,8,0,164,68,160,10,2,240,20,0,20,260
11/08/2002,LIH,HI,AWP,WE,Federal Contract Tower,80,6,0,4,90,0,138,13,0,151,80,144,13,4,241,14,0,14,255
11/09/2002,LIH,HI,AWP,WE,Federal Contract Tower,76,2,3,0,81,0,159,3,0,162,76,161,6,0,243,12,0,12,255
11/10/2002,LIH,HI,AWP,WE,Federal Contract Tower,73,0,1,0,74,0,104,2,0,106,73,104,3,0,180,57,0,57,237
11/11/2002,LIH,HI,AWP,WE,Federal Contract Tower,67,4,1,0,72,0,136,0,0,136,67,140,1,0,208,24,0,24,232
11/12/2002,LIH,HI,AWP,WE,Federal Contract Tower,68,4,2,18,92,0,160,16,0,176,68,164,18,18,268,22,0,22,290
11/13/2002,LIH,HI,AWP,WE,Federal Contract Tower,68,10,8,26,112,0,8,2,0,10,68,18,10,26,122,7,0,7,129
11/14/2002,LIH,HI,AWP,WE,Federal Contract Tower,63,6,1,13,83,0,153,2,1,156,63,159,3,14,239,22,12,34,273
11/15/2002,LIH,HI,AWP,WE,Federal Contract Tower,72,10,4,14,100,0,0,0,1,1,72,10,4,15,101,6,0,6,107
11/16/2002,LIH,HI,AWP,WE,Federal Contract Tower,75,2,4,0,81,0,88,0,0,88,75,90,4,0,169,4,0,4,173
11/17/2002,LIH,HI,AWP,WE,Federal Contract Tower,76,0,1,4,81,0,151,1,0,152,76,151,2,4,233,6,0,6,239
11/18/2002,LIH,HI,AWP,WE,Federal Contract Tower,72,7,9,4,92,0,150,4,4,158,72,157,13,8,250,18,0,18,268
11/19/2002,LIH,HI,AWP,WE,Federal Contract Tower,63,4,1,4,72,0,152,1,6,159,63,156,2,10,231,16,2,18,249
11/20/2002,LIH,HI,AWP,WE,Federal Contract Tower,65,6,7,2,80,0,144,2,4,150,65,150,9,6,230,0,4,4,234
11/21/2002,LIH,HI,AWP,WE,Federal Contract Tower,68,8,4,12,92,0,138,11,5,154,68,146,15,17,246,30,8,38,284
11/22/2002,LIH,HI,AWP,WE,Federal Contract Tower,83,6,2,2,93,0,105,19,0,124,83,111,21,2,217,18,0,18,235
11/23/2002,LIH,HI,AWP,WE,Federal Contract Tower,85,3,3,0,91,0,112,11,1,124,85,115,14,1,215,22,0,22,237
11/24/2002,LIH,HI,AWP,WE,Federal Contract Tower,78,0,8,0,86,0,119,3,0,122,78,119,11,0,208,18,0,18,226
11/25/2002,LIH,HI,AWP,WE,Federal Contract Tower,67,7,2,12,88,0,106,2,0,108,67,113,4,12,196,14,2,16,212
11/26/2002,LIH,HI,AWP,WE,Federal Contract Tower,65,6,4,15,90,0,198,3,2,203,65,204,7,17,293,26,20,46,339
11/27/2002,LIH,HI,AWP,WE,Federal Contract Tower,73,8,12,0,93,0,122,5,3,130,73,130,17,3,223,14,0,14,237
11/28/2002,LIH,HI,AWP,WE,Federal Contract Tower,70,4,4,0,78,0,100,8,0,108,70,104,12,0,186,34,0,34,220
11/29/2002,LIH,HI,AWP,WE,Federal Contract Tower,84,7,5,0,96,0,211,6,0,217,84,218,11,0,313,18,0,18,331
11/30/2002,LIH,HI,AWP,WE,Federal Contract Tower,83,4,6,0,93,0,180,8,0,188,83,184,14,0,281,46,0,46,327
12/01/2002,LIH,HI,AWP,WE,Federal Contract Tower,78,0,4,0,82,0,180,5,0,185,78,180,9,0,267,24,0,24,291
12/02/2002,LIH,HI,AWP,WE,Federal Contract Tower,64,6,2,3,75,0,152,6,0,158,64,158,8,3,233,24,32,56,289
12/03/2002,LIH,HI,AWP,WE,Federal Contract Tower,58,6,4,23,91,0,164,17,0,181,58,170,21,23,272,10,4,14,286
12/04/2002,LIH,HI,AWP,WE,Federal Contract Tower,55,6,1,16,78,0,142,4,0,146,55,148,5,16,224,88,0,88,312
12/05/2002,LIH,HI,AWP,WE,Federal Contract Tower,58,6,1,18,83,0,128,8,1,137,58,134,9,19,220,162,12,174,394
12/06/2002,LIH,HI,AWP,WE,Federal Contract Tower,73,12,6,6,97,0,7,1,0,8,73,19,7,6,105,36,0,36,141
12/07/2002,LIH,HI,AWP,WE,Federal Contract Tower,62,2,3,1,68,0,120,4,0,124,62,122,7,1,192,48,0,48,240
12/08/2002,LIH,HI,AWP,WE,Federal Contract Tower,65,0,0,2,67,0,85,2,0,87,65,85,2,2,154,92,0,92,246
12/09/2002,LIH,HI,AWP,WE,Federal Contract Tower,59,4,0,2,65,0,106,8,0,114,59,110,8,2,179,162,2,164,343
12/10/2002,LIH,HI,AWP,WE,Federal Contract Tower,55,4,0,15,74,0,142,5,4,151,55,146,5,19,225,140,0,140,365
12/11/2002,LIH,HI,AWP,WE,Federal Contract Tower,59,6,5,18,88,0,134,8,0,142,59,140,13,18,230,60,58,118,348
12/12/2002,LIH,HI,AWP,WE,Federal Contract Tower,60,9,11,9,89,0,108,2,2,112,60,117,13,11,201,223,26,249,450
12/13/2002,LIH,HI,AWP,WE,Federal Contract Tower,70,6,2,5,83,0,75,2,1,78,70,81,4,6,161,28,0,28,189
12/14/2002,LIH,HI,AWP,WE,Federal Contract Tower,65,3,2,3,73,0,106,11,0,117,65,109,13,3,190,22,0,22,212
12/15/2002,LIH,HI,AWP,WE,Federal Contract Tower,65,0,0,0,65,0,99,18,0,117,65,99,18,0,182,10,0,10,192
12/16/2002,LIH,HI,AWP,WE,Federal Contract Tower,61,7,2,10,80,0,96,0,0,96,61,103,2,10,176,8,2,10,186
12/17/2002,LIH,HI,AWP,WE,Federal Contract Tower,52,8,0,10,70,0,78,2,1,81,52,86,2,11,151,16,36,52,203
12/18/2002,LIH,HI,AWP,WE,Federal Contract Tower,57,6,1,14,78,0,180,0,0,180,57,186,1,14,258,12,20,32,290
12/19/2002,LIH,HI,AWP,WE,Federal Contract Tower,59,6,4,10,79,0,128,4,0,132,59,134,8,10,211,18,14,32,243
12/20/2002,LIH,HI,AWP,WE,Federal Contract Tower,79,7,6,7,99,0,85,2,0,87,79,92,8,7,186,14,0,14,200
12/21/2002,LIH,HI,AWP,WE,Federal Contract Tower,82,10,1,4,97,0,107,0,1,108,82,117,1,5,205,2,2,4,209
12/22/2002,LIH,HI,AWP,WE,Federal Contract Tower,72,2,0,0,74,0,116,7,0,123,72,118,7,0,197,12,1,13,210
12/23/2002,LIH,HI,AWP,WE,Federal Contract Tower,67,6,6,2,81,0,134,0,6,140,67,140,6,8,221,13,0,13,234
12/24/2002,LIH,HI,AWP,WE,Federal Contract Tower,63,10,4,0,77,0,182,7,0,189,63,192,11,0,266,4,0,4,270
12/25/2002,LIH,HI,AWP,WE,Federal Contract Tower,59,0,5,0,64,0,48,2,0,50,59,48,7,0,114,4,0,4,118
12/26/2002,LIH,HI,AWP,WE,Federal Contract Tower,69,4,6,4,83,0,216,8,0,224,69,220,14,4,307,18,10,28,335
12/27/2002,LIH,HI,AWP,WE,Federal Contract Tower,83,7,2,0,92,0,175,3,0,178,83,182,5,0,270,14,0,14,284
12/28/2002,LIH,HI,AWP,WE,Federal Contract Tower,80,2,5,0,87,0,186,3,0,189,80,188,8,0,276,14,0,14,290
12/29/2002,LIH,HI,AWP,WE,Federal Contract Tower,74,0,2,0,76,0,196,4,0,200,74,196,6,0,276,12,0,12,288
12/30/2002,LIH,HI,AWP,WE,Federal Contract Tower,62,4,2,5,73,0,214,4,0,218,62,218,6,5,291,26,6,32,323
12/31/2002,LIH,HI,AWP,WE,Federal Contract Tower,63,6,2,0,71,0,241,0,0,241,63,247,2,0,312,42,0,42,354
01/01/2003,LIH,HI,AWP,WE,Federal Contract Tower,60,3,5,0,68,1,156,4,0,161,61,159,9,0,229,34,0,34,263
01/02/2003,LIH,HI,AWP,WE,Federal Contract Tower,69,9,7,1,86,0,167,1,1,169,69,176,8,2,255,24,0,24,279
01/03/2003,LIH,HI,AWP,WE,Federal Contract Tower,79,7,7,9,102,0,152,5,3,160,79,159,12,12,262,30,4,34,296
01/04/2003,LIH,HI,AWP,WE,Federal Contract Tower,75,7,7,0,89,1,31,0,0,32,76,38,7,0,121,8,0,8,129
01/05/2003,LIH,HI,AWP,WE,Federal Contract Tower,71,1,4,0,76,1,137,5,0,143,72,138,9,0,219,20,0,20,239
01/06/2003,LIH,HI,AWP,WE,Federal Contract Tower,59,7,0,31,97,0,122,6,1,129,59,129,6,32,226,37,36,73,299
01/07/2003,LIH,HI,AWP,WE,Federal Contract Tower,62,7,0,8,77,0,153,14,3,170,62,160,14,11,247,40,30,70,317
01/08/2003,LIH,HI,AWP,WE,Federal Contract Tower,57,6,0,13,76,0,160,8,3,171,57,166,8,16,247,40,14,54,301
01/09/2003,LIH,HI,AWP,WE,Federal Contract Tower,57,6,0,6,69,0,180,6,0,186,57,186,6,6,255,70,28,98,353
01/10/2003,LIH,HI,AWP,WE,Federal Contract Tower,72,8,1,42,123,0,67,9,1,77,72,75,10,43,200,60,0,60,260
01/11/2003,LIH,HI,AWP,WE,Federal Contract Tower,65,2,1,10,78,0,166,8,0,174,65,168,9,10,252,27,0,27,279
01/12/2003,LIH,HI,AWP,WE,Federal Contract Tower,63,0,2,2,67,0,121,5,0,126,63,121,7,2,193,9,0,9,202
01/13/2003,LIH,HI,AWP,WE,Federal Contract Tower,55,6,4,2,67,0,160,6,12,178,55,166,10,14,245,31,6,37,282
01/14/2003,LIH,HI,AWP,WE,Federal Contract Tower,52,8,5,10,75,0,124,8,0,132,52,132,13,10,207,24,0,24,231
01/15/2003,LIH,HI,AWP,WE,Federal Contract Tower,55,6,3,10,74,0,54,1,6,61,55,60,4,16,135,52,4,56,191
01/16/2003,LIH,HI,AWP,WE,Federal Contract Tower,55,8,0,4,67,0,148,10,0,158,55,156,10,4,225,34,16,50,275
01/17/2003,LIH,HI,AWP,WE,Federal Contract Tower,69,6,1,4,80,0,139,1,0,140,69,145,2,4,220,32,8,40,260
01/18/2003,LIH,HI,AWP,WE,Federal Contract Tower,61,2,7,0,70,0,121,7,0,128,61,123,14,0,198,10,0,10,208
01/19/2003,LIH,HI,AWP,WE,Federal Contract Tower,67,0,1,0,68,0,61,1,0,62,67,61,2,0,130,34,0,34,164
01/20/2003,LIH,HI,AWP,WE,Federal Contract Tower,58,2,0,0,60,0,142,10,0,152,58,144,10,0,212,54,0,54,266
01/21/2003,LIH,HI,AWP,WE,Federal Contract Tower,53,6,2,25,86,0,202,20,2,224,53,208,22,27,310,62,0,62,372
01/22/2003,LIH,HI,AWP,WE,Federal Contract Tower,49,6,2,6,63,0,178,4,0,182,49,184,6,6,245,28,8,36,281
01/23/2003,LIH,HI,AWP,WE,Federal Contract Tower,52,4,2,0,58,2,52,9,0,63,54,56,11,0,121,16,0,16,137
01/24/2003,LIH,HI,AWP,WE,Federal Contract Tower,70,5,1,10,86,2,3,0,0,5,72,8,1,10,91,2,0,2,93
01/25/2003,LIH,HI,AWP,WE,Federal Contract Tower,65,2,5,0,72,0,150,13,0,163,65,152,18,0,235,78,1,79,314
01/26/2003,LIH,HI,AWP,WE,Federal Contract Tower,64,0,6,0,70,0,132,14,0,146,64,132,20,0,216,46,0,46,262
01/27/2003,LIH,HI,AWP,WE,Federal Contract Tower,51,8,1,13,73,0,144,4,0,148,51,152,5,13,221,50,6,56,277
01/28/2003,LIH,HI,AWP,WE,Federal Contract Tower,53,8,3,2,66,0,192,13,0,205,53,200,16,2,271,95,0,95,366
01/29/2003,LIH,HI,AWP,WE,Federal Contract Tower,57,5,2,9,73,0,33,1,9,43,57,38,3,18,116,8,2,10,126
01/30/2003,LIH,HI,AWP,WE,Federal Contract Tower,54,12,3,26,95,0,12,0,0,12,54,24,3,26,107,10,0,10,117
01/31/2003,LIH,HI,AWP,WE,Federal Contract Tower,73,4,2,24,103,0,138,1,2,141,73,142,3,26,244,61,0,61,305
02/01/2003,LIH,HI,AWP,WE,Federal Contract Tower,73,4,9,12,98,1,133,5,0,139,74,137,14,12,237,9,0,9,246
02/02/2003,LIH,HI,AWP,WE,Federal Contract Tower,67,10,4,4,85,1,128,7,0,136,68,138,11,4,221,28,0,28,249
02/03/2003,LIH,HI,AWP,WE,Federal Contract Tower,58,6,1,21,86,1,152,1,0,154,59,158,2,21,240,10,12,22,262
02/04/2003,LIH,HI,AWP,WE,Federal Contract Tower,55,6,1,33,95,1,134,7,0,142,56,140,8,33,237,52,50,102,339
02/05/2003,LIH,HI,AWP,WE,Federal Contract Tower,57,6,1,11,75,0,120,6,3,129,57,126,7,14,204,84,6,90,294
02/06/2003,LIH,HI,AWP,WE,Federal Contract Tower,57,10,1,10,78,0,54,1,1,56,57,64,2,11,134,30,12,42,176
02/07/2003,LIH,HI,AWP,WE,Federal Contract Tower,70,8,0,26,104,0,130,2,1,133,70,138,2,27,237,20,26,46,283
02/08/2003,LIH,HI,AWP,WE,Federal Contract Tower,66,2,2,0,70,0,113,8,0,121,66,115,10,0,191,58,0,58,249
02/09/2003,LIH,HI,AWP,WE,Federal Contract Tower,67,0,1,2,70,0,95,15,0,110,67,95,16,2,180,42,0,42,222
02/10/2003,LIH,HI,AWP,WE,Federal Contract Tower,54,6,2,2,64,0,106,4,0,110,54,112,6,2,174,36,0,36,210
02/11/2003,LIH,HI,AWP,WE,Federal Contract Tower,60,6,1,25,92,0,142,4,0,146,60,148,5,25,238,66,10,76,314
02/12/2003,LIH,HI,AWP,WE,Federal Contract Tower,58,10,0,28,96,0,114,2,0,116,58,124,2,28,212,10,0,10,222
02/13/2003,LIH,HI,AWP,WE,Federal Contract Tower,58,6,5,2,71,0,50,0,0,50,58,56,5,2,121,20,0,20,141
02/14/2003,LIH,HI,AWP,WE,Federal Contract Tower,76,7,2,10,95,0,0,1,0,1,76,7,3,10,96,22,0,22,118
02/15/2003,LIH,HI,AWP,WE,Federal Contract Tower,78,2,6,0,86,0,186,2,0,188,78,188,8,0,274,48,0,48,322
02/16/2003,LIH,HI,AWP,WE,Federal Contract Tower,71,0,1,1,73,0,169,10,0,179,71,169,11,1,252,23,1,24,276
02/17/2003,LIH,HI,AWP,WE,Federal Contract Tower,65,2,1,0,68,0,207,20,0,227,65,209,21,0,295,26,2,28,323
02/18/2003,LIH,HI,AWP,WE,Federal Contract Tower,60,5,3,0,68,0,135,5,0,140,60,140,8,0,208,62,0,62,270
02/19/2003,LIH,HI,AWP,WE,Federal Contract Tower,61,8,2,16,87,0,158,4,0,162,61,166,6,16,249,40,6,46,295
02/20/2003,LIH,HI,AWP,WE,Federal Contract Tower,61,4,7,8,80,0,162,7,0,169,61,166,14,8,249,54,0,54,303
02/21/2003,LIH,HI,AWP,WE,Federal Contract Tower,78,4,3,6,91,0,159,8,0,167,78,163,11,6,258,30,18,48,306
02/22/2003,LIH,HI,AWP,WE,Federal Contract Tower,76,2,12,8,98,0,157,10,0,167,76,159,22,8,265,86,0,86,351
02/23/2003,LIH,HI,AWP,WE,Federal Contract Tower,71,2,2,4,79,0,100,10,0,110,71,102,12,4,189,34,0,34,223
02/24/2003,LIH,HI,AWP,WE,Federal Contract Tower,61,4,3,10,78,0,134,6,0,140,61,138,9,10,218,96,0,96,314
02/25/2003,LIH,HI,AWP,WE,Federal Contract Tower,61,4,9,2,76,0,148,12,0,160,61,152,21,2,236,100,8,108,344
02/26/2003,LIH,HI,AWP,WE,Federal Contract Tower,57,4,3,5,69,0,144,3,0,147,57,148,6,5,216,72,20,92,308
02/27/2003,LIH,HI,AWP,WE,Federal Contract Tower,60,4,8,2,74,0,134,7,2,143,60,138,15,4,217,76,0,76,293
02/28/2003,LIH,HI,AWP,WE,Federal Contract Tower,80,10,1,6,97,0,76,5,0,81,80,86,6,6,178,38,0,38,216
03/01/2003,LIH,HI,AWP,WE,Federal Contract Tower,75,2,4,0,81,0,180,7,0,187,75,182,11,0,268,28,0,28,296
03/02/2003,LIH,HI,AWP,WE,Federal Contract Tower,68,0,1,4,73,0,126,4,0,130,68,126,5,4,203,62,0,62,265
03/03/2003,LIH,HI,AWP,WE,Federal Contract Tower,64,4,0,12,80,0,162,4,0,166,64,166,4,12,246,77,6,83,329
03/04/2003,LIH,HI,AWP,WE,Federal Contract Tower,58,4,2,8,72,0,168,2,0,170,58,172,4,8,242,60,0,60,302
03/05/2003,LIH,HI,AWP,WE,Federal Contract Tower,61,4,0,29,94,0,124,4,4,132,61,128,4,33,226,58,0,58,284
03/06/2003,LIH,HI,AWP,WE,Federal Contract Tower,65,6,0,10,81,0,47,5,0,52,65,53,5,10,133,32,0,32,165
03/07/2003,LIH,HI,AWP,WE,Federal Contract Tower,72,5,0,10,87,0,179,7,6,192,72,184,7,16,279,48,0,48,327
03/08/2003,LIH,HI,AWP,WE,Federal Contract Tower,70,2,4,0,76,0,146,10,0,156,70,148,14,0,232,28,0,28,260
03/09/2003,LIH,HI,AWP,WE,Federal Contract Tower,68,0,1,2,71,0,90,10,0,100,68,90,11,2,171,10,4,14,185
03/10/2003,LIH,HI,AWP,WE,Federal Contract Tower,60,4,2,12,78,0,154,6,2,162,60,158,8,14,240,102,0,102,342
03/11/2003,LIH,HI,AWP,WE,Federal Contract Tower,60,4,0,21,85,0,154,6,0,160,60,158,6,21,245,68,0,68,313
03/12/2003,LIH,HI,AWP,WE,Federal Contract Tower,66,4,3,12,85,0,164,4,0,168,66,168,7,12,253,32,0,32,285
03/13/2003,LIH,HI,AWP,WE,Federal Contract Tower,67,4,1,14,86,0,166,12,2,180,67,170,13,16,266,48,7,55,321
03/14/2003,LIH,HI,AWP,WE,Federal Contract Tower,70,4,0,4,78,0,128,9,0,137,70,132,9,4,215,35,2,37,252
03/15/2003,LIH,HI,AWP,WE,Federal Contract Tower,71,8,4,0,83,0,1,0,0,1,71,9,4,0,84,6,0,6,90
03/16/2003,LIH,HI,AWP,WE,Federal Contract Tower,70,0,5,0,75,0,140,8,0,148,70,140,13,0,223,4,0,4,227
03/17/2003,LIH,HI,AWP,WE,Federal Contract Tower,63,4,0,5,72,0,168,8,1,177,63,172,8,6,249,108,0,108,357
03/18/2003,LIH,HI,AWP,WE,Federal Contract Tower,58,4,6,12,80,0,196,1,2,199,58,200,7,14,279,54,4,58,337
03/19/2003,LIH,HI,AWP,WE,Federal Contract Tower,69,7,7,0,83,0,200,4,2,206,69,207,11,2,289,18,0,18,307
03/20/2003,LIH,HI,AWP,WE,Federal Contract Tower,68,4,1,3,76,0,145,4,0,149,68,149,5,3,225,44,0,44,269
03/21/2003,LIH,HI,AWP,WE,Federal Contract Tower,73,10,1,2,86,0,164,14,0,178,73,174,15,2,264,6,0,6,270
03/22/2003,LIH,HI,AWP,WE,Federal Contract Tower,76,2,4,0,82,0,139,8,0,147,76,141,12,0,229,8,0,8,237
03/23/2003,LIH,HI,AWP,WE,Federal Contract Tower,70,0,2,0,72,0,151,5,0,156,70,151,7,0,228,6,0,6,234
03/24/2003,LIH,HI,AWP,WE,Federal Contract Tower,67,6,3,20,96,0,150,5,0,155,67,156,8,20,251,32,0,32,283
03/25/2003,LIH,HI,AWP,WE,Federal Contract Tower,61,4,2,0,67,0,178,17,4,199,61,182,19,4,266,46,0,46,312
03/26/2003,LIH,HI,AWP,WE,Federal Contract Tower,66,12,1,7,86,0,97,5,0,102,66,109,6,7,188,68,6,74,262
03/27/2003,LIH,HI,AWP,WE,Federal Contract Tower,70,8,14,18,110,0,90,1,2,93,70,98,15,20,203,74,10,84,287
03/28/2003,LIH,HI,AWP,WE,Federal Contract Tower,70,9,6,8,93,0,147,4,2,153,70,156,10,10,246,59,0,59,305
03/29/2003,LIH,HI,AWP,WE,Federal Contract Tower,74,2,4,8,88,0,152,25,0,177,74,154,29,8,265,44,0,44,309
03/30/2003,LIH,HI,AWP,WE,Federal Contract Tower,72,2,3,8,85,0,0,2,0,2,72,2,5,8,87,0,0,0,87
03/31/2003,LIH,HI,AWP,WE,Federal Contract Tower,64,6,1,6,77,0,20,0,0,20,64,26,1,6,97,8,0,8,105
04/01/2003,LIH,HI,AWP,WE,Federal Contract Tower,54,4,7,18,83,0,174,6,8,188,54,178,13,26,271,10,30,40,311
04/02/2003,LIH,HI,AWP,WE,Federal Contract Tower,53,4,2,1,60,0,174,4,3,181,53,178,6,4,241,40,0,40,281
04/03/2003,LIH,HI,AWP,WE,Federal Contract Tower,58,7,4,26,95,0,148,5,0,153,58,155,9,26,248,38,8,46,294
04/04/2003,LIH,HI,AWP,WE,Federal Contract Tower,69,9,5,2,85,0,181,8,0,189,69,190,13,2,274,13,0,13,287
04/05/2003,LIH,HI,AWP,WE,Federal Contract Tower,68,2,2,0,72,0,126,9,0,135,68,128,11,0,207,6,0,6,213
04/06/2003,LIH,HI,AWP,WE,Federal Contract Tower,69,0,4,10,83,0,74,4,0,78,69,74,8,10,161,2,0,2,163
04/07/2003,LIH,HI,AWP,WE,Federal Contract Tower,56,6,0,5,67,0,134,6,0,140,56,140,6,5,207,12,14,26,233
04/08/2003,LIH,HI,AWP,WE,Federal Contract Tower,57,6,5,43,111,1,156,8,1,166,58,162,13,44,277,40,14,54,331
04/09/2003,LIH,HI,AWP,WE,Federal Contract Tower,56,6,0,0,62,0,144,2,0,146,56,150,2,0,208,44,0,44,252
04/10/2003,LIH,HI,AWP,WE,Federal Contract Tower,59,6,1,20,86,0,158,2,0,160,59,164,3,20,246,8,0,8,254
04/11/2003,LIH,HI,AWP,WE,Federal Contract Tower,70,8,1,10,89,0,122,6,0,128,70,130,7,10,217,20,0,20,237
04/12/2003,LIH,HI,AWP,WE,Federal Contract Tower,72,2,5,0,79,0,36,0,0,36,72,38,5,0,115,8,0,8,123
04/13/2003,LIH,HI,AWP,WE,Federal Contract Tower,65,0,6,0,71,0,141,5,0,146,65,141,11,0,217,6,0,6,223
04/14/2003,LIH,HI,AWP,WE,Federal Contract Tower,56,8,3,24,91,0,130,6,1,137,56,138,9,25,228,16,12,28,256
04/15/2003,LIH,HI,AWP,WE,Federal Contract Tower,59,7,8,26,100,0,182,5,2,189,59,189,13,28,289,24,0,24,313
04/16/2003,LIH,HI,AWP,WE,Federal Contract Tower,51,5,2,31,89,0,157,0,2,159,51,162,2,33,248,30,2,32,280
04/17/2003,LIH,HI,AWP,WE,Federal Contract Tower,61,9,0,16,86,0,127,12,0,139,61,136,12,16,225,16,4,20,245
04/18/2003,LIH,HI,AWP,WE,Federal Contract Tower,65,8,8,0,81,0,136,6,0,142,65,144,14,0,223,11,0,11,234
04/19/2003,LIH,HI,AWP,WE,Federal Contract Tower,69,2,7,0,78,0,142,12,0,154,69,144,19,0,232,16,0,16,248
04/20/2003,LIH,HI,AWP,WE,Federal Contract Tower,63,2,3,0,68,0,60,2,0,62,63,62,5,0,130,2,0,2,132
04/21/2003,LIH,HI,AWP,WE,Federal Contract Tower,57,4,3,4,68,0,124,4,0,128,57,128,7,4,196,34,0,34,230
04/22/2003,LIH,HI,AWP,WE,Federal Contract Tower,54,6,12,13,85,0,122,7,0,129,54,128,19,13,214,24,0,24,238
04/23/2003,LIH,HI,AWP,WE,Federal Contract Tower,58,6,3,7,74,0,130,4,1,135,58,136,7,8,209,12,0,12,221
04/24/2003,LIH,HI,AWP,WE,Federal Contract Tower,59,7,3,4,73,0,167,16,0,183,59,174,19,4,256,16,0,16,272
04/25/2003,LIH,HI,AWP,WE,Federal Contract Tower,66,6,1,16,89,0,115,10,0,125,66,121,11,16,214,18,2,20,234
04/26/2003,LIH,HI,AWP,WE,Federal Contract Tower,63,2,5,0,70,0,135,12,0,147,63,137,17,0,217,18,0,18,235
04/27/2003,LIH,HI,AWP,WE,Federal Contract Tower,69,0,3,0,72,0,132,11,0,143,69,132,14,0,215,6,0,6,221
04/28/2003,LIH,HI,AWP,WE,Federal Contract Tower,55,6,0,2,63,0,148,10,10,168,55,154,10,12,231,16,4,20,251
04/29/2003,LIH,HI,AWP,WE,Federal Contract Tower,56,8,2,20,86,0,180,3,0,183,56,188,5,20,269,10,0,10,279
04/30/2003,LIH,HI,AWP,WE,Federal Contract Tower,54,4,3,13,74,0,158,5,1,164,54,162,8,14,238,16,0,16,254
05/01/2003,LIH,HI,AWP,WE,Federal Contract Tower,59,4,11,19,93,0,72,3,2,77,59,76,14,21,170,24,0,24,194
05/02/2003,LIH,HI,AWP,WE,Federal Contract Tower,65,4,2,8,79,0,145,5,0,150,65,149,7,8,229,18,0,18,247
05/03/2003,LIH,HI,AWP,WE,Federal Contract Tower,64,2,1,6,73,0,180,10,0,190,64,182,11,6,263,18,0,18,281
05/04/2003,LIH,HI,AWP,WE,Federal Contract Tower,62,0,1,2,65,0,122,6,0,128,62,122,7,2,193,30,0,30,223
05/05/2003,LIH,HI,AWP,WE,Federal Contract Tower,55,4,3,11,73,0,144,7,3,154,55,148,10,14,227,24,0,24,251
05/06/2003,LIH,HI,AWP,WE,Federal Contract Tower,56,5,3,62,126,0,176,4,6,186,56,181,7,68,312,43,0,43,355
05/07/2003,LIH,HI,AWP,WE,Federal Contract Tower,53,8,2,11,74,0,102,6,1,109,53,110,8,12,183,16,29,45,228
05/08/2003,LIH,HI,AWP,WE,Federal Contract Tower,57,11,2,35,105,0,166,8,0,174,57,177,10,35,279,20,13,33,312
05/09/2003,LIH,HI,AWP,WE,Federal Contract Tower,65,4,1,4,74,0,184,5,0,189,65,188,6,4,263,30,0,30,293
05/10/2003,LIH,HI,AWP,WE,Federal Contract Tower,65,2,3,0,70,0,157,10,0,167,65,159,13,0,237,12,0,12,249
05/11/2003,LIH,HI,AWP,WE,Federal Contract Tower,65,0,0,0,65,0,106,7,0,113,65,106,7,0,178,28,0,28,206
05/12/2003,LIH,HI,AWP,WE,Federal Contract Tower,54,4,0,0,58,0,140,9,2,151,54,144,9,2,209,14,0,14,223
05/13/2003,LIH,HI,AWP,WE,Federal Contract Tower,55,4,0,11,70,0,112,6,0,118,55,116,6,11,188,66,26,92,280
05/14/2003,LIH,HI,AWP,WE,Federal Contract Tower,54,4,2,18,78,0,152,8,0,160,54,156,10,18,238,68,28,96,334
05/15/2003,LIH,HI,AWP,WE,Federal Contract Tower,57,6,3,1,67,0,158,14,0,172,57,164,17,1,239,52,8,60,299
05/16/2003,LIH,HI,AWP,WE,Federal Contract Tower,66,6,6,4,82,0,137,9,0,146,66,143,15,4,228,20,2,22,250
05/17/2003,LIH,HI,AWP,WE,Federal Contract Tower,65,2,0,0,67,0,141,3,0,144,65,143,3,0,211,32,0,32,243
05/18/2003,LIH,HI,AWP,WE,Federal Contract Tower,63,0,0,0,63,0,152,14,0,166,63,152,14,0,229,20,0,20,249
05/19/2003,LIH,HI,AWP,WE,Federal Contract Tower,58,6,7,16,87,0,148,1,4,153,58,154,8,20,240,12,2,14,254
05/20/2003,LIH,HI,AWP,WE,Federal Contract Tower,56,6,8,11,81,0,196,2,3,201,56,202,10,14,282,40,0,40,322
05/21/2003,LIH,HI,AWP,WE,Federal Contract Tower,58,5,7,4,74,0,172,10,10,192,58,177,17,14,266,20,17,37,303
05/22/2003,LIH,HI,AWP,WE,Federal Contract Tower,56,6,0,0,62,0,188,5,0,193,56,194,5,0,255,20,0,20,275
05/23/2003,LIH,HI,AWP,WE,Federal Contract Tower,71,6,2,13,92,0,154,12,1,167,71,160,14,14,259,45,0,45,304
05/24/2003,LIH,HI,AWP,WE,Federal Contract Tower,72,2,1,0,75,0,156,12,0,168,72,158,13,0,243,28,0,28,271
05/25/2003,LIH,HI,AWP,WE,Federal Contract Tower,65,0,1,0,66,0,140,2,0,142,65,140,3,0,208,10,0,10,218
05/26/2003,LIH,HI,AWP,WE,Federal Contract Tower,60,0,1,0,61,0,140,7,0,147,60,140,8,0,208,10,0,10,218
05/27/2003,LIH,HI,AWP,WE,Federal Contract Tower,59,6,3,11,79,0,190,8,0,198,59,196,11,11,277,18,12,30,307
05/28/2003,LIH,HI,AWP,WE,Federal Contract Tower,56,10,4,6,76,0,170,4,0,174,56,180,8,6,250,24,26,50,300
05/29/2003,LIH,HI,AWP,WE,Federal Contract Tower,56,6,0,20,82,0,214,9,0,223,56,220,9,20,305,30,0,30,335
05/30/2003,LIH,HI,AWP,WE,Federal Contract Tower,66,6,0,2,74,0,167,7,0,174,66,173,7,2,248,6,0,6,254
05/31/2003,LIH,HI,AWP,WE,Federal Contract Tower,67,2,2,2,73,0,157,11,0,168,67,159,13,2,241,15,0,15,256
06/01/2003,LIH,HI,AWP,WE,Federal Contract Tower,70,0,0,4,74,0,112,8,0,120,70,112,8,4,194,8,0,8,202
06/02/2003,LIH,HI,AWP,WE,Federal Contract Tower,55,6,1,8,70,0,148,2,1,151,55,154,3,9,221,34,0,34,255
06/03/2003,LIH,HI,AWP,WE,Federal Contract Tower,58,6,0,25,89,0,146,8,2,156,58,152,8,27,245,18,0,18,263
06/04/2003,LIH,HI,AWP,WE,Federal Contract Tower,53,6,3,0,62,0,136,8,0,144,53,142,11,0,206,74,0,74,280
06/05/2003,LIH,HI,AWP,WE,Federal Contract Tower,57,6,4,10,77,0,132,6,5,143,57,138,10,15,220,30,0,30,250
06/06/2003,LIH,HI,AWP,WE,Federal Contract Tower,73,4,2,2,81,0,139,20,0,159,73,143,22,2,240,74,0,74,314
06/07/2003,LIH,HI,AWP,WE,Federal Contract Tower,70,2,0,0,72,0,114,2,0,116,70,116,2,0,188,8,0,8,196
06/08/2003,LIH,HI,AWP,WE,Federal Contract Tower,70,0,2,0,72,0,108,6,0,114,70,108,8,0,186,4,0,4,190
06/09/2003,LIH,HI,AWP,WE,Federal Contract Tower,57,7,2,22,88,0,163,13,0,176,57,170,15,22,264,38,14,52,316
06/10/2003,LIH,HI,AWP,WE,Federal Contract Tower,58,7,3,9,77,0,170,6,0,176,58,177,9,9,253,26,4,30,283
06/11/2003,LIH,HI,AWP,WE,Federal Contract Tower,57,14,4,10,85,0,168,7,0,175,57,182,11,10,260,26,2,28,288
06/12/2003,LIH,HI,AWP,WE,Federal Contract Tower,60,4,0,1,65,0,178,4,0,182,60,182,4,1,247,20,16,36,283
06/13/2003,LIH,HI,AWP,WE,Federal Contract Tower,72,8,1,15,96,0,157,10,0,167,72,165,11,15,263,10,8,18,281
06/14/2003,LIH,HI,AWP,WE,Federal Contract Tower,79,2,3,7,91,0,138,11,1,150,79,140,14,8,241,64,8,72,313
06/15/2003,LIH,HI,AWP,WE,Federal Contract Tower,71,0,2,0,73,0,140,3,0,143,71,140,5,0,216,12,0,12,228
06/16/2003,LIH,HI,AWP,WE,Federal Contract Tower,61,6,2,13,82,0,146,12,0,158,61,152,14,13,240,46,54,100,340
06/17/2003,LIH,HI,AWP,WE,Federal Contract Tower,61,6,2,6,75,0,144,16,0,160,61,150,18,6,235,48,0,48,283
06/18/2003,LIH,HI,AWP,WE,Federal Contract Tower,60,6,2,7,75,0,156,12,1,169,60,162,14,8,244,102,10,112,356
06/19/2003,LIH,HI,AWP,WE,Federal Contract Tower,60,6,1,33,100,0,134,2,1,137,60,140,3,34,237,58,12,70,307
06/20/2003,LIH,HI,AWP,WE,Federal Contract Tower,78,9,1,35,123,0,104,2,0,106,78,113,3,35,229,38,18,56,285
06/21/2003,LIH,HI,AWP,WE,Federal Contract Tower,82,2,0,7,91,0,165,12,0,177,82,167,12,7,268,26,0,26,294
06/22/2003,LIH,HI,AWP,WE,Federal Contract Tower,72,3,5,0,80,0,122,22,0,144,72,125,27,0,224,60,0,60,284
06/23/2003,LIH,HI,AWP,WE,Federal Contract Tower,70,10,4,4,88,0,144,14,2,160,70,154,18,6,248,71,0,71,319
06/24/2003,LIH,HI,AWP,WE,Federal Contract Tower,66,6,2,1,75,0,166,8,0,174,66,172,10,1,249,80,2,82,331
06/25/2003,LIH,HI,AWP,WE,Federal Contract Tower,68,6,2,18,94,0,172,2,2,176,68,178,4,20,270,78,30,108,378
06/26/2003,LIH,HI,AWP,WE,Federal Contract Tower,68,7,5,7,87,0,168,10,0,178,68,175,15,7,265,34,0,34,299
06/27/2003,LIH,HI,AWP,WE,Federal Contract Tower,80,8,2,2,92,0,159,10,0,169,80,167,12,2,261,14,0,14,275
06/28/2003,LIH,HI,AWP,WE,Federal Contract Tower,84,3,2,0,89,0,156,15,0,171,84,159,17,0,260,38,0,38,298
06/29/2003,LIH,HI,AWP,WE,Federal Contract Tower,75,1,6,0,82,0,116,4,0,120,75,117,10,0,202,11,0,11,213
06/30/2003,LIH,HI,AWP,WE,Federal Contract Tower,68,6,0,10,84,0,158,6,0,164,68,164,6,10,248,60,2,62,310
07/01/2003,LIH,HI,AWP,WE,Federal Contract Tower,65,7,0,31,103,3,169,6,7,185,68,176,6,38,288,78,6,84,372
07/02/2003,LIH,HI,AWP,WE,Federal Contract Tower,64,11,0,14,89,5,173,8,0,186,69,184,8,14,275,80,0,80,355
07/03/2003,LIH,HI,AWP,WE,Federal Contract Tower,71,9,2,4,86,5,191,12,0,208,76,200,14,4,294,48,1,49,343
07/04/2003,LIH,HI,AWP,WE,Federal Contract Tower,75,3,2,0,80,4,124,1,0,129,79,127,3,0,209,42,0,42,251
07/05/2003,LIH,HI,AWP,WE,Federal Contract Tower,77,7,4,0,88,5,155,15,0,175,82,162,19,0,263,42,0,42,305
07/06/2003,LIH,HI,AWP,WE,Federal Contract Tower,74,3,3,0,80,4,149,7,0,160,78,152,10,0,240,29,0,29,269
07/07/2003,LIH,HI,AWP,WE,Federal Contract Tower,68,10,7,0,85,4,170,6,0,180,72,180,13,0,265,64,0,64,329
07/08/2003,LIH,HI,AWP,WE,Federal Contract Tower,62,11,1,23,97,4,163,14,2,183,66,174,15,25,280,76,36,112,392
07/09/2003,LIH,HI,AWP,WE,Federal Contract Tower,66,9,5,16,96,4,179,8,1,192,70,188,13,17,288,64,12,76,364
07/10/2003,LIH,HI,AWP,WE,Federal Contract Tower,62,11,1,14,88,4,157,7,2,170,66,168,8,16,258,62,0,62,320
07/11/2003,LIH,HI,AWP,WE,Federal Contract Tower,79,11,2,1,93,4,145,4,1,154,83,156,6,2,247,144,0,144,391
07/12/2003,LIH,HI,AWP,WE,Federal Contract Tower,75,6,4,3,88,3,168,11,1,183,78,174,15,4,271,12,0,12,283
07/13/2003,LIH,HI,AWP,WE,Federal Contract Tower,71,3,2,0,76,3,142,4,0,149,74,145,6,0,225,47,0,47,272
07/14/2003,LIH,HI,AWP,WE,Federal Contract Tower,70,11,2,0,83,3,146,10,0,159,73,157,12,0,242,90,0,90,332
07/15/2003,LIH,HI,AWP,WE,Federal Contract Tower,65,10,0,16,91,3,152,11,1,167,68,162,11,17,258,136,12,148,406
07/16/2003,LIH,HI,AWP,WE,Federal Contract Tower,69,10,2,1,82,3,162,4,3,172,72,172,6,4,254,28,0,28,282
07/17/2003,LIH,HI,AWP,WE,Federal Contract Tower,67,10,0,0,77,3,154,10,5,172,70,164,10,5,249,18,0,18,267
07/18/2003,LIH,HI,AWP,WE,Federal Contract Tower,78,10,3,6,97,3,171,12,2,188,81,181,15,8,285,101,0,101,386
07/19/2003,LIH,HI,AWP,WE,Federal Contract Tower,80,7,0,0,87,3,158,11,0,172,83,165,11,0,259,8,0,8,267
07/20/2003,LIH,HI,AWP,WE,Federal Contract Tower,75,27,4,3,109,0,121,3,0,124,75,148,7,3,233,32,0,32,265
07/21/2003,LIH,HI,AWP,WE,Federal Contract Tower,74,12,1,13,100,3,154,11,2,170,77,166,12,15,270,92,2,94,364
07/22/2003,LIH,HI,AWP,WE,Federal Contract Tower,71,11,1,1,84,3,162,9,3,177,74,173,10,4,261,140,0,140,401
07/23/2003,LIH,HI,AWP,WE,Federal Contract Tower,67,10,0,17,94,3,115,10,2,130,70,125,10,19,224,74,0,74,298
07/24/2003,LIH,HI,AWP,WE,Federal Contract Tower,74,13,4,23,114,3,134,10,2,149,77,147,14,25,263,132,42,174,437
07/25/2003,LIH,HI,AWP,WE,Federal Contract Tower,81,10,2,11,104,3,125,8,1,137,84,135,10,12,241,14,0,14,255
07/26/2003,LIH,HI,AWP,WE,Federal Contract Tower,82,8,0,3,93,3,62,1,1,67,85,70,1,4,160,12,0,12,172
07/27/2003,LIH,HI,AWP,WE,Federal Contract Tower,73,3,0,2,78,3,101,2,0,106,76,104,2,2,184,4,0,4,188
07/28/2003,LIH,HI,AWP,WE,Federal Contract Tower,71,13,1,29,114,3,121,6,9,139,74,134,7,38,253,63,8,71,324
07/29/2003,LIH,HI,AWP,WE,Federal Contract Tower,65,15,0,15,95,3,111,10,9,133,68,126,10,24,228,72,0,72,300
07/30/2003,LIH,HI,AWP,WE,Federal Contract Tower,68,12,2,3,85,3,106,12,1,122,71,118,14,4,207,38,0,38,245
07/31/2003,LIH,HI,AWP,WE,Federal Contract Tower,67,12,1,9,89,3,88,13,5,109,70,100,14,14,198,63,0,63,261
08/01/2003,LIH,HI,AWP,WE,Federal Contract Tower,77,8,5,2,92,0,112,17,0,129,77,120,22,2,221,62,0,62,283
08/02/2003,LIH,HI,AWP,WE,Federal Contract Tower,90,2,4,1,97,0,117,11,0,128,90,119,15,1,225,34,0,34,259
08/03/2003,LIH,HI,AWP,WE,Federal Contract Tower,79,0,6,2,87,0,97,16,0,113,79,97,22,2,200,12,0,12,212
08/04/2003,LIH,HI,AWP,WE,Federal Contract Tower,75,6,3,0,84,0,112,10,0,122,75,118,13,0,206,72,0,72,278
08/05/2003,LIH,HI,AWP,WE,Federal Contract Tower,68,9,0,38,115,0,138,2,2,142,68,147,2,40,257,110,2,112,369
08/06/2003,LIH,HI,AWP,WE,Federal Contract Tower,73,15,3,18,109,0,131,10,0,141,73,146,13,18,250,38,0,38,288
08/07/2003,LIH,HI,AWP,WE,Federal Contract Tower,75,9,10,10,104,0,97,7,0,104,75,106,17,10,208,20,0,20,228
08/08/2003,LIH,HI,AWP,WE,Federal Contract Tower,88,7,5,2,102,0,122,6,0,128,88,129,11,2,230,86,0,86,316
08/09/2003,LIH,HI,AWP,WE,Federal Contract Tower,90,2,2,4,98,0,142,10,0,152,90,144,12,4,250,12,0,12,262
08/10/2003,LIH,HI,AWP,WE,Federal Contract Tower,76,0,2,0,78,0,110,8,0,118,76,110,10,0,196,6,0,6,202
08/11/2003,LIH,HI,AWP,WE,Federal Contract Tower,75,6,2,4,87,0,112,4,0,116,75,118,6,4,203,66,0,66,269
08/12/2003,LIH,HI,AWP,WE,Federal Contract Tower,68,8,0,3,79,0,163,4,0,167,68,171,4,3,246,60,0,60,306
08/13/2003,LIH,HI,AWP,WE,Federal Contract Tower,74,6,1,4,85,0,140,6,0,146,74,146,7,4,231,46,0,46,277
08/14/2003,LIH,HI,AWP,WE,Federal Contract Tower,77,9,2,17,105,0,127,6,1,134,77,136,8,18,239,56,2,58,297
08/15/2003,LIH,HI,AWP,WE,Federal Contract Tower,83,6,1,0,90,0,119,7,0,126,83,125,8,0,216,106,0,106,322
08/16/2003,LIH,HI,AWP,WE,Federal Contract Tower,90,4,0,0,94,0,116,6,0,122,90,120,6,0,216,60,0,60,276
08/17/2003,LIH,HI,AWP,WE,Federal Contract Tower,79,2,7,0,88,0,108,14,2,124,79,110,21,2,212,24,0,24,236
08/18/2003,LIH,HI,AWP,WE,Federal Contract Tower,76,8,3,13,100,0,130,10,0,140,76,138,13,13,240,28,0,28,268
08/19/2003,LIH,HI,AWP,WE,Federal Contract Tower,73,8,1,24,106,0,130,9,0,139,73,138,10,24,245,92,8,100,345
08/20/2003,LIH,HI,AWP,WE,Federal Contract Tower,76,8,4,13,101,0,150,8,7,165,76,158,12,20,266,86,0,86,352
08/21/2003,LIH,HI,AWP,WE,Federal Contract Tower,63,10,0,17,90,0,90,3,6,99,63,100,3,23,189,14,6,20,209
08/22/2003,LIH,HI,AWP,WE,Federal Contract Tower,79,6,0,3,88,0,106,6,23,135,79,112,6,26,223,82,0,82,305
08/23/2003,LIH,HI,AWP,WE,Federal Contract Tower,81,2,2,0,85,0,94,7,2,103,81,96,9,2,188,50,6,56,244
08/24/2003,LIH,HI,AWP,WE,Federal Contract Tower,75,1,5,1,82,0,85,16,1,102,75,86,21,2,184,56,0,56,240
08/25/2003,LIH,HI,AWP,WE,Federal Contract Tower,62,6,2,12,82,0,112,4,2,118,62,118,6,14,200,120,4,124,324
08/26/2003,LIH,HI,AWP,WE,Federal Contract Tower,59,8,2,16,85,0,126,10,0,136,59,134,12,16,221,98,14,112,333
08/27/2003,LIH,HI,AWP,WE,Federal Contract Tower,62,6,1,13,82,0,102,6,0,108,62,108,7,13,190,88,12,100,290
08/28/2003,LIH,HI,AWP,WE,Federal Contract Tower,63,10,0,7,80,0,116,6,15,137,63,126,6,22,217,53,15,68,285
08/29/2003,LIH,HI,AWP,WE,Federal Contract Tower,79,9,5,4,97,0,120,11,0,131,79,129,16,4,228,76,0,76,304
08/30/2003,LIH,HI,AWP,WE,Federal Contract Tower,74,2,2,0,78,0,102,5,0,107,74,104,7,0,185,16,0,16,201
08/31/2003,LIH,HI,AWP,WE,Federal Contract Tower,72,0,6,0,78,0,86,12,2,100,72,86,18,2,178,38,0,38,216
09/01/2003,LIH,HI,AWP,WE,Federal Contract Tower,70,2,2,4,78,0,98,0,0,98,70,100,2,4,176,8,0,8,184
09/02/2003,LIH,HI,AWP,WE,Federal Contract Tower,54,11,0,8,73,0,104,2,2,108,54,115,2,10,181,34,10,44,225
09/03/2003,LIH,HI,AWP,WE,Federal Contract Tower,56,10,1,6,73,0,100,4,0,104,56,110,5,6,177,84,6,90,267
09/04/2003,LIH,HI,AWP,WE,Federal Contract Tower,62,8,0,5,75,0,108,14,4,126,62,116,14,9,201,90,5,95,296
09/05/2003,LIH,HI,AWP,WE,Federal Contract Tower,73,6,1,2,82,0,114,15,2,131,73,120,16,4,213,36,2,38,251
09/06/2003,LIH,HI,AWP,WE,Federal Contract Tower,67,2,5,6,80,0,108,13,0,121,67,110,18,6,201,6,6,12,213
09/07/2003,LIH,HI,AWP,WE,Federal Contract Tower,67,1,0,2,70,0,93,4,0,97,67,94,4,2,167,10,0,10,177
09/08/2003,LIH,HI,AWP,WE,Federal Contract Tower,58,7,0,10,75,0,100,2,0,102,58,107,2,10,177,26,8,34,211
09/09/2003,LIH,HI,AWP,WE,Federal Contract Tower,57,7,0,12,76,0,111,6,0,117,57,118,6,12,193,24,14,38,231
09/10/2003,LIH,HI,AWP,WE,Federal Contract Tower,57,12,0,24,93,0,118,2,2,122,57,130,2,26,215,80,14,94,309
09/11/2003,LIH,HI,AWP,WE,Federal Contract Tower,58,10,0,17,85,0,100,12,2,114,58,110,12,19,199,44,38,82,281
09/12/2003,LIH,HI,AWP,WE,Federal Contract Tower,72,8,0,14,94,0,120,8,4,132,72,128,8,18,226,60,52,112,338
09/13/2003,LIH,HI,AWP,WE,Federal Contract Tower,69,2,4,0,75,0,125,7,0,132,69,127,11,0,207,46,0,46,253
09/14/2003,LIH,HI,AWP,WE,Federal Contract Tower,64,0,0,3,67,0,114,8,1,123,64,114,8,4,190,18,0,18,208
09/15/2003,LIH,HI,AWP,WE,Federal Contract Tower,55,8,2,6,71,0,112,12,5,129,55,120,14,11,200,10,0,10,210
09/16/2003,LIH,HI,AWP,WE,Federal Contract Tower,54,8,1,7,70,0,132,16,4,152,54,140,17,11,222,8,2,10,232
09/17/2003,LIH,HI,AWP,WE,Federal Contract Tower,55,12,1,3,71,0,126,16,0,142,55,138,17,3,213,14,1,15,228
09/18/2003,LIH,HI,AWP,WE,Federal Contract Tower,56,10,0,7,73,0,128,10,1,139,56,138,10,8,212,28,8,36,248
09/19/2003,LIH,HI,AWP,WE,Federal Contract Tower,67,9,2,15,93,0,102,13,0,115,67,111,15,15,208,22,6,28,236
09/20/2003,LIH,HI,AWP,WE,Federal Contract Tower,69,2,2,0,73,0,130,5,0,135,69,132,7,0,208,4,0,4,212
09/21/2003,LIH,HI,AWP,WE,Federal Contract Tower,64,0,1,2,67,0,117,0,0,117,64,117,1,2,184,0,0,0,184
09/22/2003,LIH,HI,AWP,WE,Federal Contract Tower,56,7,0,4,67,0,146,2,0,148,56,153,2,4,215,2,0,2,217
09/23/2003,LIH,HI,AWP,WE,Federal Contract Tower,55,10,3,5,73,0,126,0,0,126,55,136,3,5,199,4,0,4,203
09/24/2003,LIH,HI,AWP,WE,Federal Contract Tower,57,8,3,40,108,0,139,10,32,181,57,147,13,72,289,12,0,12,301
09/25/2003,LIH,HI,AWP,WE,Federal Contract Tower,54,12,0,6,72,0,104,4,0,108,54,116,4,6,180,58,6,64,244
09/26/2003,LIH,HI,AWP,WE,Federal Contract Tower,71,6,0,5,82,0,107,9,0,116,71,113,9,5,198,15,0,15,213
09/27/2003,LIH,HI,AWP,WE,Federal Contract Tower,67,2,13,0,82,0,118,18,0,136,67,120,31,0,218,38,0,38,256
09/28/2003,LIH,HI,AWP,WE,Federal Contract Tower,65,0,4,0,69,0,120,6,2,128,65,120,10,2,197,14,0,14,211
09/29/2003,LIH,HI,AWP,WE,Federal Contract Tower,56,10,0,0,66,0,108,10,4,122,56,118,10,4,188,20,0,20,208
09/30/2003,LIH,HI,AWP,WE,Federal Contract Tower,54,8,2,0,64,0,132,0,0,132,54,140,2,0,196,10,0,10,206
10/01/2003,LIH,HI,AWP,WE,Federal Contract Tower,54,7,1,7,69,0,130,9,4,143,54,137,10,11,212,14,10,24,236
10/02/2003,LIH,HI,AWP,WE,Federal Contract Tower,56,7,1,7,71,0,17,1,2,20,56,24,2,9,91,4,14,18,109
10/03/2003,LIH,HI,AWP,WE,Federal Contract Tower,73,8,1,8,90,0,127,9,0,136,73,135,10,8,226,12,2,14,240
10/04/2003,LIH,HI,AWP,WE,Federal Contract Tower,70,8,1,8,87,1,116,10,2,129,71,124,11,10,216,8,6,14,230
10/05/2003,LIH,HI,AWP,WE,Federal Contract Tower,55,6,1,2,64,11,138,1,0,150,66,144,2,2,214,22,0,22,236
10/06/2003,LIH,HI,AWP,WE,Federal Contract Tower,55,8,1,9,73,0,152,9,18,179,55,160,10,27,252,10,4,14,266
10/07/2003,LIH,HI,AWP,WE,Federal Contract Tower,57,8,1,10,76,0,130,3,12,145,57,138,4,22,221,14,34,48,269
10/08/2003,LIH,HI,AWP,WE,Federal Contract Tower,58,8,1,10,77,0,126,0,14,140,58,134,1,24,217,28,8,36,253
10/09/2003,LIH,HI,AWP,WE,Federal Contract Tower,59,7,1,8,75,1,172,7,3,183,60,179,8,11,258,20,4,24,282
10/10/2003,LIH,HI,AWP,WE,Federal Contract Tower,74,8,1,2,85,4,153,17,0,174,78,161,18,2,259,18,0,18,277
10/11/2003,LIH,HI,AWP,WE,Federal Contract Tower,58,7,1,0,66,11,105,14,0,130,69,112,15,0,196,0,0,0,196
10/12/2003,LIH,HI,AWP,WE,Federal Contract Tower,55,6,1,2,64,12,102,10,0,124,67,108,11,2,188,48,0,48,236
10/13/2003,LIH,HI,AWP,WE,Federal Contract Tower,50,6,1,0,57,8,114,3,0,125,58,120,4,0,182,70,0,70,252
10/14/2003,LIH,HI,AWP,WE,Federal Contract Tower,57,8,1,10,76,0,149,3,17,169,57,157,4,27,245,46,8,54,299
10/15/2003,LIH,HI,AWP,WE,Federal Contract Tower,58,7,1,9,75,0,147,5,7,159,58,154,6,16,234,22,20,42,276
10/16/2003,LIH,HI,AWP,WE,Federal Contract Tower,62,7,1,9,79,0,136,4,2,142,62,143,5,11,221,40,6,46,267
10/17/2003,LIH,HI,AWP,WE,Federal Contract Tower,74,8,2,10,94,0,146,8,8,162,74,154,10,18,256,20,0,20,276
10/18/2003,LIH,HI,AWP,WE,Federal Contract Tower,57,6,2,0,65,12,124,1,0,137,69,130,3,0,202,6,0,6,208
10/19/2003,LIH,HI,AWP,WE,Federal Contract Tower,55,5,2,5,67,13,107,5,0,125,68,112,7,5,192,20,2,22,214
10/20/2003,LIH,HI,AWP,WE,Federal Contract Tower,59,6,2,8,75,0,143,13,0,156,59,149,15,8,231,8,17,25,256
10/21/2003,LIH,HI,AWP,WE,Federal Contract Tower,70,7,2,10,89,0,144,7,0,151,70,151,9,10,240,20,0,20,260
10/22/2003,LIH,HI,AWP,WE,Federal Contract Tower,62,6,2,8,78,0,158,19,6,183,62,164,21,14,261,96,14,110,371
10/23/2003,LIH,HI,AWP,WE,Federal Contract Tower,61,7,2,8,78,0,149,12,12,173,61,156,14,20,251,78,66,144,395
10/24/2003,LIH,HI,AWP,WE,Federal Contract Tower,76,8,2,9,95,3,102,27,6,138,79,110,29,15,233,108,10,118,351
10/25/2003,LIH,HI,AWP,WE,Federal Contract Tower,59,6,2,6,73,11,109,9,0,129,70,115,11,6,202,16,10,26,228
10/26/2003,LIH,HI,AWP,WE,Federal Contract Tower,55,5,2,1,63,9,96,2,0,107,64,101,4,1,170,12,0,12,182
10/27/2003,LIH,HI,AWP,WE,Federal Contract Tower,55,5,2,4,66,2,139,4,0,145,57,144,6,4,211,14,0,14,225
10/28/2003,LIH,HI,AWP,WE,Federal Contract Tower,57,6,2,6,71,0,18,0,3,21,57,24,2,9,92,12,0,12,104
10/29/2003,LIH,HI,AWP,WE,Federal Contract Tower,51,5,1,6,63,3,87,3,1,94,54,92,4,7,157,14,0,14,171
10/30/2003,LIH,HI,AWP,WE,Federal Contract Tower,58,6,1,9,74,0,104,0,2,106,58,110,1,11,180,10,4,14,194
10/31/2003,LIH,HI,AWP,WE,Federal Contract Tower,67,7,1,6,81,0,131,9,0,140,67,138,10,6,221,74,8,82,303
11/01/2003,LIH,HI,AWP,WE,Federal Contract Tower,58,6,2,2,68,7,118,16,0,141,65,124,18,2,209,6,0,6,215
11/02/2003,LIH,HI,AWP,WE,Federal Contract Tower,55,6,2,2,65,9,116,10,0,135,64,122,12,2,200,30,0,30,230
11/03/2003,LIH,HI,AWP,WE,Federal Contract Tower,57,7,2,6,72,0,108,9,9,126,57,115,11,15,198,140,10,150,348
11/04/2003,LIH,HI,AWP,WE,Federal Contract Tower,56,7,2,6,71,0,119,10,13,142,56,126,12,19,213,124,6,130,343
11/05/2003,LIH,HI,AWP,WE,Federal Contract Tower,56,7,2,6,71,0,117,5,8,130,56,124,7,14,201,187,0,187,388
11/06/2003,LIH,HI,AWP,WE,Federal Contract Tower,57,6,2,5,70,0,128,12,3,143,57,134,14,8,213,110,0,110,323
11/07/2003,LIH,HI,AWP,WE,Federal Contract Tower,71,10,2,9,92,0,123,0,31,154,71,133,2,40,246,100,34,134,380
11/08/2003,LIH,HI,AWP,WE,Federal Contract Tower,59,6,2,5,72,7,124,4,11,146,66,130,6,16,218,27,4,31,249
11/09/2003,LIH,HI,AWP,WE,Federal Contract Tower,59,6,2,6,73,5,134,7,6,152,64,140,9,12,225,16,0,16,241
11/10/2003,LIH,HI,AWP,WE,Federal Contract Tower,57,6,2,5,70,0,124,4,0,128,57,130,6,5,198,140,0,140,338
11/11/2003,LIH,HI,AWP,WE,Federal Contract Tower,52,5,1,0,58,7,142,4,0,153,59,147,5,0,211,144,0,144,355
11/12/2003,LIH,HI,AWP,WE,Federal Contract Tower,52,6,1,2,61,4,135,10,0,149,56,141,11,2,210,96,0,96,306
11/13/2003,LIH,HI,AWP,WE,Federal Contract Tower,57,6,2,6,71,0,122,5,9,136,57,128,7,15,207,118,8,126,333
11/14/2003,LIH,HI,AWP,WE,Federal Contract Tower,70,6,3,8,87,0,100,13,0,113,70,106,16,8,200,152,0,152,352
11/15/2003,LIH,HI,AWP,WE,Federal Contract Tower,58,5,3,0,66,8,105,5,0,118,66,110,8,0,184,24,0,24,208
11/16/2003,LIH,HI,AWP,WE,Federal Contract Tower,52,5,2,0,59,13,87,6,0,106,65,92,8,0,165,10,0,10,175
11/17/2003,LIH,HI,AWP,WE,Federal Contract Tower,59,6,3,7,75,0,118,5,7,130,59,124,8,14,205,120,0,120,325
11/18/2003,LIH,HI,AWP,WE,Federal Contract Tower,56,5,3,7,71,0,147,11,1,159,56,152,14,8,230,148,0,148,378
11/19/2003,LIH,HI,AWP,WE,Federal Contract Tower,55,5,1,4,65,0,31,0,0,31,55,36,1,4,96,10,0,10,106
11/20/2003,LIH,HI,AWP,WE,Federal Contract Tower,52,5,2,0,59,6,105,7,0,118,58,110,9,0,177,50,0,50,227
11/21/2003,LIH,HI,AWP,WE,Federal Contract Tower,67,6,3,5,81,4,119,7,0,130,71,125,10,5,211,80,0,80,291
11/22/2003,LIH,HI,AWP,WE,Federal Contract Tower,62,5,3,6,76,6,89,5,5,105,68,94,8,11,181,38,6,44,225
11/23/2003,LIH,HI,AWP,WE,Federal Contract Tower,58,5,3,1,67,7,87,17,0,111,65,92,20,1,178,12,0,12,190
11/24/2003,LIH,HI,AWP,WE,Federal Contract Tower,85,7,4,8,104,1,131,2,0,134,86,138,6,8,238,30,0,30,268
11/25/2003,LIH,HI,AWP,WE,Federal Contract Tower,66,7,3,7,83,0,144,5,8,157,66,151,8,15,240,14,0,14,254
11/26/2003,LIH,HI,AWP,WE,Federal Contract Tower,64,6,3,6,79,0,135,8,3,146,64,141,11,9,225,26,24,50,275
11/27/2003,LIH,HI,AWP,WE,Federal Contract Tower,49,4,1,0,54,10,102,11,0,123,59,106,12,0,177,94,0,94,271
11/28/2003,LIH,HI,AWP,WE,Federal Contract Tower,71,6,2,4,83,0,177,14,0,191,71,183,16,4,274,46,0,46,320
11/29/2003,LIH,HI,AWP,WE,Federal Contract Tower,65,6,2,0,73,6,112,10,0,128,71,118,12,0,201,20,0,20,221
11/30/2003,LIH,HI,AWP,WE,Federal Contract Tower,60,5,2,0,67,7,49,8,0,64,67,54,10,0,131,4,0,4,135
12/01/2003,LIH,HI,AWP,WE,Federal Contract Tower,58,8,3,2,71,2,48,5,0,55,60,56,8,2,126,28,0,28,154
12/02/2003,LIH,HI,AWP,WE,Federal Contract Tower,54,7,3,6,70,0,105,5,9,119,54,112,8,15,189,106,12,118,307
12/03/2003,LIH,HI,AWP,WE,Federal Contract Tower,55,7,3,5,70,0,84,9,4,97,55,91,12,9,167,214,12,226,393
12/04/2003,LIH,HI,AWP,WE,Federal Contract Tower,58,8,2,5,73,0,91,0,7,98,58,99,2,12,171,112,8,120,291
12/05/2003,LIH,HI,AWP,WE,Federal Contract Tower,65,8,4,2,79,2,60,5,0,67,67,68,9,2,146,190,0,190,336
12/06/2003,LIH,HI,AWP,WE,Federal Contract Tower,57,8,3,4,72,7,112,7,0,126,64,120,10,4,198,102,0,102,300
12/07/2003,LIH,HI,AWP,WE,Federal Contract Tower,60,8,3,0,71,5,54,11,0,70,65,62,14,0,141,10,0,10,151
12/08/2003,LIH,HI,AWP,WE,Federal Contract Tower,56,8,4,5,73,0,87,1,7,95,56,95,5,12,168,140,0,140,308
12/09/2003,LIH,HI,AWP,WE,Federal Contract Tower,58,8,3,4,73,0,98,2,2,102,58,106,5,6,175,152,10,162,337
12/10/2003,LIH,HI,AWP,WE,Federal Contract Tower,57,8,3,4,72,1,106,1,6,114,58,114,4,10,186,122,8,130,316
12/11/2003,LIH,HI,AWP,WE,Federal Contract Tower,58,8,4,5,75,0,90,21,3,114,58,98,25,8,189,72,4,76,265
12/12/2003,LIH,HI,AWP,WE,Federal Contract Tower,72,10,3,6,91,0,74,0,8,82,72,84,3,14,173,12,0,12,185
12/13/2003,LIH,HI,AWP,WE,Federal Contract Tower,56,8,3,0,67,7,88,9,0,104,63,96,12,0,171,10,0,10,181
12/14/2003,LIH,HI,AWP,WE,Federal Contract Tower,51,7,3,0,61,13,51,7,0,71,64,58,10,0,132,8,0,8,140
12/15/2003,LIH,HI,AWP,WE,Federal Contract Tower,59,8,3,0,70,2,110,13,0,125,61,118,16,0,195,56,0,56,251
12/16/2003,LIH,HI,AWP,WE,Federal Contract Tower,58,8,3,6,75,0,88,12,4,104,58,96,15,10,179,124,4,128,307
12/17/2003,LIH,HI,AWP,WE,Federal Contract Tower,56,8,3,6,73,0,101,10,6,117,56,109,13,12,190,186,8,194,384
12/18/2003,LIH,HI,AWP,WE,Federal Contract Tower,58,8,2,5,73,0,98,10,0,108,58,106,12,5,181,150,0,150,331
12/19/2003,LIH,HI,AWP,WE,Federal Contract Tower,68,9,3,0,80,3,77,15,0,95,71,86,18,0,175,124,0,124,299
12/20/2003,LIH,HI,AWP,WE,Federal Contract Tower,65,7,3,0,75,7,110,17,0,134,72,117,20,0,209,14,0,14,223
12/21/2003,LIH,HI,AWP,WE,Federal Contract Tower,55,6,2,0,63,12,128,10,0,150,67,134,12,0,213,10,0,10,223
12/22/2003,LIH,HI,AWP,WE,Federal Contract Tower,68,10,4,8,90,0,139,4,25,168,68,149,8,33,258,118,46,164,422
12/23/2003,LIH,HI,AWP,WE,Federal Contract Tower,69,10,3,7,89,0,136,12,11,159,69,146,15,18,248,116,6,122,370
12/24/2003,LIH,HI,AWP,WE,Federal Contract Tower,58,7,2,0,67,0,198,5,0,203,58,205,7,0,270,74,0,74,344
12/25/2003,LIH,HI,AWP,WE,Federal Contract Tower,47,5,2,0,54,9,34,4,0,47,56,39,6,0,101,14,0,14,115
12/26/2003,LIH,HI,AWP,WE,Federal Contract Tower,76,9,3,0,88,1,200,10,0,211,77,209,13,0,299,92,0,92,391
12/27/2003,LIH,HI,AWP,WE,Federal Contract Tower,67,7,3,0,77,5,136,16,0,157,72,143,19,0,234,62,0,62,296
12/28/2003,LIH,HI,AWP,WE,Federal Contract Tower,55,7,2,0,64,10,145,3,0,158,65,152,5,0,222,14,0,14,236
12/29/2003,LIH,HI,AWP,WE,Federal Contract Tower,58,8,2,4,72,4,158,10,0,172,62,166,12,4,244,70,2,72,316
12/30/2003,LIH,HI,AWP,WE,Federal Contract Tower,69,9,3,0,81,0,7,18,0,25,69,16,21,0,106,60,0,60,166
12/31/2003,LIH,HI,AWP,WE,Federal Contract Tower,62,8,2,0,72,1,168,9,0,178,63,176,11,0,250,86,0,86,336
01/01/2004,LIH,HI,AWP,WE,Federal Contract Tower,52,7,3,0,62,5,83,4,0,92,57,90,7,0,154,10,0,10,164
01/02/2004,LIH,HI,AWP,WE,Federal Contract Tower,73,7,4,0,84,0,60,3,0,63,73,67,7,0,147,63,0,63,210
01/03/2004,LIH,HI,AWP,WE,Federal Contract Tower,74,9,4,0,87,0,176,20,0,196,74,185,24,0,283,20,0,20,303
01/04/2004,LIH,HI,AWP,WE,Federal Contract Tower,60,8,3,0,71,7,150,16,0,173,67,158,19,0,244,18,0,18,262
01/05/2004,LIH,HI,AWP,WE,Federal Contract Tower,62,8,4,5,79,0,190,9,5,204,62,198,13,10,283,12,3,15,298
01/06/2004,LIH,HI,AWP,WE,Federal Contract Tower,55,6,3,2,66,2,146,23,0,171,57,152,26,2,237,34,0,34,271
01/07/2004,LIH,HI,AWP,WE,Federal Contract Tower,60,8,4,5,77,0,157,6,9,172,60,165,10,14,249,100,34,134,383
01/08/2004,LIH,HI,AWP,WE,Federal Contract Tower,58,8,3,4,73,0,164,24,2,190,58,172,27,6,263,82,10,92,355
01/09/2004,LIH,HI,AWP,WE,Federal Contract Tower,72,9,4,5,90,0,122,8,13,143,72,131,12,18,233,74,24,98,331
01/10/2004,LIH,HI,AWP,WE,Federal Contract Tower,60,7,3,4,74,5,145,7,6,163,65,152,10,10,237,6,22,28,265
01/11/2004,LIH,HI,AWP,WE,Federal Contract Tower,55,6,3,3,67,9,107,10,0,126,64,113,13,3,193,24,0,24,217
01/12/2004,LIH,HI,AWP,WE,Federal Contract Tower,61,9,4,5,79,0,126,6,10,142,61,135,10,15,221,118,1,119,340
01/13/2004,LIH,HI,AWP,WE,Federal Contract Tower,64,8,4,5,81,0,142,2,4,148,64,150,6,9,229,62,20,82,311
01/14/2004,LIH,HI,AWP,WE,Federal Contract Tower,58,7,0,0,65,5,2,0,0,7,63,9,0,0,72,0,0,0,72
01/15/2004,LIH,HI,AWP,WE,Federal Contract Tower,58,8,3,6,75,0,134,11,12,157,58,142,14,18,232,64,22,86,318
01/16/2004,LIH,HI,AWP,WE,Federal Contract Tower,72,7,3,6,88,0,169,18,0,187,72,176,21,6,275,72,0,72,347
01/17/2004,LIH,HI,AWP,WE,Federal Contract Tower,54,6,1,0,61,9,137,0,0,146,63,143,1,0,207,44,0,44,251
01/18/2004,LIH,HI,AWP,WE,Federal Contract Tower,57,6,2,2,67,8,110,18,0,136,65,116,20,2,203,18,0,18,221
01/19/2004,LIH,HI,AWP,WE,Federal Contract Tower,52,5,2,0,59,4,133,10,0,147,56,138,12,0,206,102,0,102,308
01/20/2004,LIH,HI,AWP,WE,Federal Contract Tower,60,7,2,6,75,0,117,11,0,128,60,124,13,6,203,60,0,60,263
01/21/2004,LIH,HI,AWP,WE,Federal Contract Tower,60,8,2,6,76,0,95,0,11,106,60,103,2,17,182,70,0,70,252
01/22/2004,LIH,HI,AWP,WE,Federal Contract Tower,56,5,1,0,62,0,14,0,0,14,56,19,1,0,76,12,0,12,88
01/23/2004,LIH,HI,AWP,WE,Federal Contract Tower,66,8,2,1,77,0,151,2,0,153,66,159,4,1,230,44,2,46,276
01/24/2004,LIH,HI,AWP,WE,Federal Contract Tower,61,8,2,0,71,6,150,20,0,176,67,158,22,0,247,30,0,30,277
01/25/2004,LIH,HI,AWP,WE,Federal Contract Tower,53,7,2,0,62,11,115,7,0,133,64,122,9,0,195,22,0,22,217
01/26/2004,LIH,HI,AWP,WE,Federal Contract Tower,58,8,0,5,71,0,86,0,3,89,58,94,0,8,160,4,0,4,164
01/27/2004,LIH,HI,AWP,WE,Federal Contract Tower,69,8,2,5,84,7,114,18,0,139,76,122,20,5,223,108,4,112,335
01/28/2004,LIH,HI,AWP,WE,Federal Contract Tower,66,8,2,5,81,3,131,8,1,143,69,139,10,6,224,64,2,66,290
01/29/2004,LIH,HI,AWP,WE,Federal Contract Tower,58,8,2,4,72,0,126,18,8,152,58,134,20,12,224,50,30,80,304
01/30/2004,LIH,HI,AWP,WE,Federal Contract Tower,70,8,3,4,85,4,76,9,0,89,74,84,12,4,174,58,0,58,232
01/31/2004,LIH,HI,AWP,WE,Federal Contract Tower,61,7,2,0,70,3,102,8,0,113,64,109,10,0,183,18,0,18,201
02/01/2004,LIH,HI,AWP,WE,Federal Contract Tower,57,6,1,0,64,9,67,11,0,87,66,73,12,0,151,2,0,2,153
02/02/2004,LIH,HI,AWP,WE,Federal Contract Tower,59,7,2,7,75,0,115,5,12,132,59,122,7,19,207,58,18,76,283
02/03/2004,LIH,HI,AWP,WE,Federal Contract Tower,58,6,2,5,71,0,122,2,1,125,58,128,4,6,196,30,2,32,228
02/04/2004,LIH,HI,AWP,WE,Federal Contract Tower,60,7,2,6,75,0,115,13,5,133,60,122,15,11,208,64,5,69,277
02/05/2004,LIH,HI,AWP,WE,Federal Contract Tower,58,6,2,7,73,0,85,8,5,98,58,91,10,12,171,64,8,72,243
02/06/2004,LIH,HI,AWP,WE,Federal Contract Tower,71,8,2,8,89,0,80,11,1,92,71,88,13,9,181,84,0,84,265
02/07/2004,LIH,HI,AWP,WE,Federal Contract Tower,55,6,1,0,62,10,94,14,0,118,65,100,15,0,180,16,0,16,196
02/08/2004,LIH,HI,AWP,WE,Federal Contract Tower,60,7,1,2,70,7,105,19,0,131,67,112,20,2,201,16,0,16,217
02/09/2004,LIH,HI,AWP,WE,Federal Contract Tower,61,6,2,6,75,3,122,14,0,139,64,128,16,6,214,34,0,34,248
02/10/2004,LIH,HI,AWP,WE,Federal Contract Tower,58,6,2,7,73,0,106,10,1,117,58,112,12,8,190,44,4,48,238
02/11/2004,LIH,HI,AWP,WE,Federal Contract Tower,55,5,2,2,64,5,131,11,0,147,60,136,13,2,211,62,0,62,273
02/12/2004,LIH,HI,AWP,WE,Federal Contract Tower,59,6,3,6,74,0,116,15,10,141,59,122,18,16,215,80,26,106,321
02/13/2004,LIH,HI,AWP,WE,Federal Contract Tower,70,6,3,5,84,2,127,12,0,141,72,133,15,5,225,76,6,82,307
02/14/2004,LIH,HI,AWP,WE,Federal Contract Tower,65,6,3,6,80,5,147,2,0,154,70,153,5,6,234,18,26,44,278
02/15/2004,LIH,HI,AWP,WE,Federal Contract Tower,56,5,2,0,63,8,71,7,0,86,64,76,9,0,149,8,0,8,157
02/16/2004,LIH,HI,AWP,WE,Federal Contract Tower,63,6,3,0,72,9,157,17,0,183,72,163,20,0,255,80,0,80,335
02/17/2004,LIH,HI,AWP,WE,Federal Contract Tower,60,6,3,6,75,0,134,7,2,143,60,140,10,8,218,78,8,86,304
02/18/2004,LIH,HI,AWP,WE,Federal Contract Tower,60,6,2,4,72,0,138,2,0,140,60,144,4,4,212,120,0,120,332
02/19/2004,LIH,HI,AWP,WE,Federal Contract Tower,57,6,3,5,71,0,163,4,7,174,57,169,7,12,245,56,8,64,309
02/20/2004,LIH,HI,AWP,WE,Federal Contract Tower,71,7,3,7,88,0,141,6,5,152,71,148,9,12,240,166,0,166,406
02/21/2004,LIH,HI,AWP,WE,Federal Contract Tower,62,5,3,0,70,3,164,25,0,192,65,169,28,0,262,26,0,26,288
02/22/2004,LIH,HI,AWP,WE,Federal Contract Tower,55,5,2,0,62,9,126,21,0,156,64,131,23,0,218,18,0,18,236
02/23/2004,LIH,HI,AWP,WE,Federal Contract Tower,58,5,2,0,65,4,148,12,0,164,62,153,14,0,229,52,0,52,281
02/24/2004,LIH,HI,AWP,WE,Federal Contract Tower,75,8,3,7,93,0,162,8,12,182,75,170,11,19,275,46,8,54,329
02/25/2004,LIH,HI,AWP,WE,Federal Contract Tower,66,9,2,9,86,0,133,4,27,164,66,142,6,36,250,58,15,73,323
02/26/2004,LIH,HI,AWP,WE,Federal Contract Tower,51,5,1,0,57,3,7,4,0,14,54,12,5,0,71,30,0,30,101
02/27/2004,LIH,HI,AWP,WE,Federal Contract Tower,53,4,0,0,57,7,0,0,0,7,60,4,0,0,64,4,0,4,68
02/28/2004,LIH,HI,AWP,WE,Federal Contract Tower,65,6,2,8,81,0,146,4,12,162,65,152,6,20,243,26,14,40,283
02/29/2004,LIH,HI,AWP,WE,Federal Contract Tower,55,5,1,2,63,10,154,18,0,182,65,159,19,2,245,8,0,8,253
03/01/2004,LIH,HI,AWP,WE,Federal Contract Tower,61,10,4,9,84,0,83,0,13,96,61,93,4,22,180,74,4,78,258
03/02/2004,LIH,HI,AWP,WE,Federal Contract Tower,60,7,4,8,79,0,161,3,6,170,60,168,7,14,249,49,38,87,336
03/03/2004,LIH,HI,AWP,WE,Federal Contract Tower,54,7,4,6,71,0,161,0,4,165,54,168,4,10,236,120,6,126,362
03/04/2004,LIH,HI,AWP,WE,Federal Contract Tower,53,7,0,6,66,7,5,0,2,14,60,12,0,8,80,24,4,28,108
03/05/2004,LIH,HI,AWP,WE,Federal Contract Tower,62,8,4,2,76,4,138,8,0,150,66,146,12,2,226,62,0,62,288
03/06/2004,LIH,HI,AWP,WE,Federal Contract Tower,52,6,4,0,62,12,156,14,0,182,64,162,18,0,244,26,0,26,270
03/07/2004,LIH,HI,AWP,WE,Federal Contract Tower,53,7,4,0,64,11,80,8,0,99,64,87,12,0,163,22,0,22,185
03/08/2004,LIH,HI,AWP,WE,Federal Contract Tower,60,9,5,6,80,0,159,30,0,189,60,168,35,6,269,32,4,36,305
03/09/2004,LIH,HI,AWP,WE,Federal Contract Tower,56,8,4,6,74,0,171,20,0,191,56,179,24,6,265,70,0,70,335
03/10/2004,LIH,HI,AWP,WE,Federal Contract Tower,60,8,4,7,79,0,149,9,11,169,60,157,13,18,248,34,0,34,282
03/11/2004,LIH,HI,AWP,WE,Federal Contract Tower,59,8,4,6,77,0,144,9,5,158,59,152,13,11,235,26,32,58,293
03/12/2004,LIH,HI,AWP,WE,Federal Contract Tower,70,9,5,8,92,2,102,11,1,116,72,111,16,9,208,44,4,48,256
03/13/2004,LIH,HI,AWP,WE,Federal Contract Tower,65,6,4,7,82,4,0,8,7,19,69,6,12,14,101,14,4,18,119
03/14/2004,LIH,HI,AWP,WE,Federal Contract Tower,51,6,4,0,61,14,122,10,0,146,65,128,14,0,207,12,0,12,219
03/15/2004,LIH,HI,AWP,WE,Federal Contract Tower,74,11,5,10,100,0,141,2,10,153,74,152,7,20,253,79,0,79,332
03/16/2004,LIH,HI,AWP,WE,Federal Contract Tower,56,7,2,6,71,3,78,0,4,85,59,85,2,10,156,30,0,30,186
03/17/2004,LIH,HI,AWP,WE,Federal Contract Tower,63,7,4,4,78,0,170,12,0,182,63,177,16,4,260,86,0,86,346
03/18/2004,LIH,HI,AWP,WE,Federal Contract Tower,65,7,3,9,84,0,119,13,2,134,65,126,16,11,218,100,10,110,328
03/19/2004,LIH,HI,AWP,WE,Federal Contract Tower,74,8,4,9,95,0,172,13,2,187,74,180,17,11,282,66,10,76,358
03/20/2004,LIH,HI,AWP,WE,Federal Contract Tower,77,9,4,8,98,4,79,32,0,115,81,88,36,8,213,32,0,32,245
03/21/2004,LIH,HI,AWP,WE,Federal Contract Tower,60,7,3,4,74,11,83,13,0,107,71,90,16,4,181,43,0,43,224
03/22/2004,LIH,HI,AWP,WE,Federal Contract Tower,60,7,3,4,74,0,61,19,0,80,60,68,22,4,154,16,0,16,170
03/23/2004,LIH,HI,AWP,WE,Federal Contract Tower,58,8,3,9,78,0,80,6,5,91,58,88,9,14,169,28,22,50,219
03/24/2004,LIH,HI,AWP,WE,Federal Contract Tower,58,8,3,9,78,0,101,3,17,121,58,109,6,26,199,26,36,62,261
03/25/2004,LIH,HI,AWP,WE,Federal Contract Tower,66,8,4,8,86,0,160,10,4,174,66,168,14,12,260,70,10,80,340
03/26/2004,LIH,HI,AWP,WE,Federal Contract Tower,65,7,3,6,81,6,121,9,0,136,71,128,12,6,217,38,0,38,255
03/27/2004,LIH,HI,AWP,WE,Federal Contract Tower,73,9,4,8,94,2,186,24,2,214,75,195,28,10,308,44,16,60,368
03/28/2004,LIH,HI,AWP,WE,Federal Contract Tower,60,8,3,0,71,6,81,10,0,97,66,89,13,0,168,6,0,6,174
03/29/2004,LIH,HI,AWP,WE,Federal Contract Tower,61,9,3,7,80,0,16,0,12,28,61,25,3,19,108,8,10,18,126
03/30/2004,LIH,HI,AWP,WE,Federal Contract Tower,61,8,3,7,79,0,118,1,13,132,61,126,4,20,211,36,6,42,253
03/31/2004,LIH,HI,AWP,WE,Federal Contract Tower,62,9,3,8,82,0,155,11,13,179,62,164,14,21,261,62,0,62,323
04/01/2004,LIH,HI,AWP,WE,Federal Contract Tower,59,6,4,2,71,3,140,2,0,145,62,146,6,2,216,70,0,70,286
04/02/2004,LIH,HI,AWP,WE,Federal Contract Tower,72,7,6,6,91,0,54,12,6,72,72,61,18,12,163,32,8,40,203
04/03/2004,LIH,HI,AWP,WE,Federal Contract Tower,64,5,5,2,76,6,93,7,0,106,70,98,12,2,182,16,0,16,198
04/04/2004,LIH,HI,AWP,WE,Federal Contract Tower,59,5,4,2,70,7,82,7,0,96,66,87,11,2,166,12,0,12,178
04/05/2004,LIH,HI,AWP,WE,Federal Contract Tower,63,6,5,4,78,0,174,8,8,190,63,180,13,12,268,20,39,59,327
04/06/2004,LIH,HI,AWP,WE,Federal Contract Tower,60,6,5,4,75,0,192,8,4,204,60,198,13,8,279,26,0,26,305
04/07/2004,LIH,HI,AWP,WE,Federal Contract Tower,61,7,5,5,78,0,169,10,4,183,61,176,15,9,261,66,24,90,351
04/08/2004,LIH,HI,AWP,WE,Federal Contract Tower,64,6,5,5,80,0,149,6,5,160,64,155,11,10,240,60,8,68,308
04/09/2004,LIH,HI,AWP,WE,Federal Contract Tower,75,8,5,4,92,0,162,18,0,180,75,170,23,4,272,50,2,52,324
04/10/2004,LIH,HI,AWP,WE,Federal Contract Tower,61,6,4,0,71,9,145,13,0,167,70,151,17,0,238,32,0,32,270
04/11/2004,LIH,HI,AWP,WE,Federal Contract Tower,62,7,4,0,73,6,86,10,0,102,68,93,14,0,175,14,0,14,189
04/12/2004,LIH,HI,AWP,WE,Federal Contract Tower,60,7,5,4,76,0,161,19,12,192,60,168,24,16,268,46,4,50,318
04/13/2004,LIH,HI,AWP,WE,Federal Contract Tower,54,5,4,1,64,5,163,7,0,175,59,168,11,1,239,104,0,104,343
04/14/2004,LIH,HI,AWP,WE,Federal Contract Tower,59,6,4,0,69,1,160,11,0,172,60,166,15,0,241,94,0,94,335
04/15/2004,LIH,HI,AWP,WE,Federal Contract Tower,59,6,3,6,74,1,138,7,4,150,60,144,10,10,224,66,2,68,292
04/16/2004,LIH,HI,AWP,WE,Federal Contract Tower,69,7,4,6,86,0,84,7,2,93,69,91,11,8,179,12,0,12,191
04/17/2004,LIH,HI,AWP,WE,Federal Contract Tower,63,7,4,1,75,7,142,19,0,168,70,149,23,1,243,26,18,44,287
04/18/2004,LIH,HI,AWP,WE,Federal Contract Tower,58,6,3,0,67,6,93,13,0,112,64,99,16,0,179,20,6,26,205
04/19/2004,LIH,HI,AWP,WE,Federal Contract Tower,61,7,4,6,78,0,142,6,3,151,61,149,10,9,229,44,3,47,276
04/20/2004,LIH,HI,AWP,WE,Federal Contract Tower,59,6,3,6,74,0,168,12,4,184,59,174,15,10,258,132,4,136,394
04/21/2004,LIH,HI,AWP,WE,Federal Contract Tower,63,7,4,5,79,2,141,3,14,160,65,148,7,19,239,24,30,54,293
04/22/2004,LIH,HI,AWP,WE,Federal Contract Tower,67,7,4,6,84,0,123,18,10,151,67,130,22,16,235,46,20,66,301
04/23/2004,LIH,HI,AWP,WE,Federal Contract Tower,71,7,4,6,88,0,147,21,1,169,71,154,25,7,257,46,0,46,303
04/24/2004,LIH,HI,AWP,WE,Federal Contract Tower,55,4,3,0,62,9,155,16,0,180,64,159,19,0,242,32,0,32,274
04/25/2004,LIH,HI,AWP,WE,Federal Contract Tower,60,5,3,0,68,5,97,31,0,133,65,102,34,0,201,45,0,45,246
04/26/2004,LIH,HI,AWP,WE,Federal Contract Tower,54,6,4,5,69,0,136,4,11,151,54,142,8,16,220,16,4,20,240
04/27/2004,LIH,HI,AWP,WE,Federal Contract Tower,60,6,4,5,75,0,167,7,4,178,60,173,11,9,253,54,78,132,385
04/28/2004,LIH,HI,AWP,WE,Federal Contract Tower,68,7,4,5,84,0,171,13,1,185,68,178,17,6,269,78,0,78,347
04/29/2004,LIH,HI,AWP,WE,Federal Contract Tower,78,8,5,5,96,0,182,17,7,206,78,190,22,12,302,72,6,78,380
04/30/2004,LIH,HI,AWP,WE,Federal Contract Tower,70,7,4,2,83,2,27,6,0,35,72,34,10,2,118,38,0,38,156
05/01/2004,LIH,HI,AWP,WE,Federal Contract Tower,60,5,3,0,68,7,158,11,0,176,67,163,14,0,244,46,0,46,290
05/02/2004,LIH,HI,AWP,WE,Federal Contract Tower,62,4,3,2,71,2,157,13,0,172,64,161,16,2,243,26,2,28,271
05/03/2004,LIH,HI,AWP,WE,Federal Contract Tower,57,4,3,3,67,2,133,13,1,149,59,137,16,4,216,59,0,59,275
05/04/2004,LIH,HI,AWP,WE,Federal Contract Tower,69,5,4,3,81,0,127,2,8,137,69,132,6,11,218,70,14,84,302
05/05/2004,LIH,HI,AWP,WE,Federal Contract Tower,65,5,4,3,77,0,120,6,5,131,65,125,10,8,208,43,18,61,269
05/06/2004,LIH,HI,AWP,WE,Federal Contract Tower,64,5,4,3,76,0,141,0,16,157,64,146,4,19,233,52,24,76,309
05/07/2004,LIH,HI,AWP,WE,Federal Contract Tower,75,5,4,3,87,0,98,11,0,109,75,103,15,3,196,68,8,76,272
05/08/2004,LIH,HI,AWP,WE,Federal Contract Tower,60,5,3,3,71,6,114,17,0,137,66,119,20,3,208,36,4,40,248
05/09/2004,LIH,HI,AWP,WE,Federal Contract Tower,65,6,3,0,74,5,54,1,0,60,70,60,4,0,134,8,0,8,142
05/10/2004,LIH,HI,AWP,WE,Federal Contract Tower,61,6,4,4,75,0,89,6,30,125,61,95,10,34,200,58,0,58,258
05/11/2004,LIH,HI,AWP,WE,Federal Contract Tower,57,5,3,3,68,0,160,28,0,188,57,165,31,3,256,48,2,50,306
05/12/2004,LIH,HI,AWP,WE,Federal Contract Tower,59,6,4,3,72,0,154,18,13,185,59,160,22,16,257,78,0,78,335
05/13/2004,LIH,HI,AWP,WE,Federal Contract Tower,63,6,3,0,72,0,170,29,0,199,63,176,32,0,271,56,0,56,327
05/14/2004,LIH,HI,AWP,WE,Federal Contract Tower,67,6,2,0,75,6,108,0,0,114,73,114,2,0,189,48,0,48,237
05/15/2004,LIH,HI,AWP,WE,Federal Contract Tower,60,5,3,3,71,5,49,4,5,63,65,54,7,8,134,38,44,82,216
05/16/2004,LIH,HI,AWP,WE,Federal Contract Tower,68,6,4,0,78,8,143,22,0,173,76,149,26,0,251,34,0,34,285
05/17/2004,LIH,HI,AWP,WE,Federal Contract Tower,67,6,3,0,76,5,162,0,0,167,72,168,3,0,243,29,0,29,272
05/18/2004,LIH,HI,AWP,WE,Federal Contract Tower,58,5,2,4,69,1,175,5,9,190,59,180,7,13,259,50,0,50,309
05/19/2004,LIH,HI,AWP,WE,Federal Contract Tower,64,6,2,4,76,0,188,10,4,202,64,194,12,8,278,108,4,112,390
05/20/2004,LIH,HI,AWP,WE,Federal Contract Tower,60,6,2,4,72,0,188,6,0,194,60,194,8,4,266,96,0,96,362
05/21/2004,LIH,HI,AWP,WE,Federal Contract Tower,75,7,3,4,89,0,150,14,0,164,75,157,17,4,253,60,0,60,313
05/22/2004,LIH,HI,AWP,WE,Federal Contract Tower,56,5,2,0,63,6,126,16,0,148,62,131,18,0,211,46,0,46,257
05/23/2004,LIH,HI,AWP,WE,Federal Contract Tower,62,6,2,1,71,5,126,6,0,137,67,132,8,1,208,14,0,14,222
05/24/2004,LIH,HI,AWP,WE,Federal Contract Tower,62,5,2,3,72,0,142,0,0,142,62,147,2,3,214,52,0,52,266
05/25/2004,LIH,HI,AWP,WE,Federal Contract Tower,57,4,2,4,67,0,162,19,3,184,57,166,21,7,251,76,0,76,327
05/26/2004,LIH,HI,AWP,WE,Federal Contract Tower,59,4,2,0,65,4,172,17,0,193,63,176,19,0,258,144,0,144,402
05/27/2004,LIH,HI,AWP,WE,Federal Contract Tower,58,4,2,4,68,1,125,17,2,145,59,129,19,6,213,92,12,104,317
05/28/2004,LIH,HI,AWP,WE,Federal Contract Tower,71,5,3,4,83,4,147,21,0,172,75,152,24,4,255,68,6,74,329
05/29/2004,LIH,HI,AWP,WE,Federal Contract Tower,76,7,3,5,91,0,133,37,1,171,76,140,40,6,262,80,20,100,362
05/30/2004,LIH,HI,AWP,WE,Federal Contract Tower,73,6,3,2,84,7,139,14,0,160,80,145,17,2,244,45,2,47,291
05/31/2004,LIH,HI,AWP,WE,Federal Contract Tower,56,5,2,0,63,5,129,28,0,162,61,134,30,0,225,108,0,108,333
06/01/2004,LIH,HI,AWP,WE,Federal Contract Tower,57,6,2,6,71,0,138,4,8,150,57,144,6,14,221,95,24,119,340
06/02/2004,LIH,HI,AWP,WE,Federal Contract Tower,60,5,2,2,69,1,151,6,0,158,61,156,8,2,227,30,0,30,257
06/03/2004,LIH,HI,AWP,WE,Federal Contract Tower,63,5,2,3,73,0,138,16,0,154,63,143,18,3,227,88,0,88,315
06/04/2004,LIH,HI,AWP,WE,Federal Contract Tower,74,7,2,7,90,0,113,22,10,145,74,120,24,17,235,108,0,108,343
06/05/2004,LIH,HI,AWP,WE,Federal Contract Tower,64,5,2,0,71,5,146,89,0,240,69,151,91,0,311,78,0,78,389
06/06/2004,LIH,HI,AWP,WE,Federal Contract Tower,63,5,2,4,74,4,121,34,0,159,67,126,36,4,233,58,0,58,291
06/07/2004,LIH,HI,AWP,WE,Federal Contract Tower,60,6,2,6,74,0,150,18,3,171,60,156,20,9,245,144,32,176,421
06/08/2004,LIH,HI,AWP,WE,Federal Contract Tower,60,6,2,6,74,0,55,11,1,67,60,61,13,7,141,104,0,104,245
06/09/2004,LIH,HI,AWP,WE,Federal Contract Tower,63,6,2,6,77,0,168,11,0,179,63,174,13,6,256,108,12,120,376
06/10/2004,LIH,HI,AWP,WE,Federal Contract Tower,67,6,3,7,83,0,158,10,7,175,67,164,13,14,258,39,0,39,297
06/11/2004,LIH,HI,AWP,WE,Federal Contract Tower,67,5,3,4,79,8,177,6,0,191,75,182,9,4,270,102,1,103,373
06/12/2004,LIH,HI,AWP,WE,Federal Contract Tower,75,6,3,4,88,10,156,26,0,192,85,162,29,4,280,32,8,40,320
06/13/2004,LIH,HI,AWP,WE,Federal Contract Tower,64,4,3,0,71,9,107,5,0,121,73,111,8,0,192,12,0,12,204
06/14/2004,LIH,HI,AWP,WE,Federal Contract Tower,70,6,3,7,86,0,142,21,5,168,70,148,24,12,254,90,2,92,346
06/15/2004,LIH,HI,AWP,WE,Federal Contract Tower,61,4,3,3,71,4,136,9,0,149,65,140,12,3,220,110,0,110,330
06/16/2004,LIH,HI,AWP,WE,Federal Contract Tower,76,6,3,7,92,2,138,5,1,146,78,144,8,8,238,100,8,108,346
06/17/2004,LIH,HI,AWP,WE,Federal Contract Tower,73,5,3,0,81,7,157,7,0,171,80,162,10,0,252,130,0,130,382
06/18/2004,LIH,HI,AWP,WE,Federal Contract Tower,83,6,3,3,95,2,134,10,0,146,85,140,13,3,241,65,0,65,306
06/19/2004,LIH,HI,AWP,WE,Federal Contract Tower,75,5,3,0,83,10,81,22,0,113,85,86,25,0,196,66,0,66,262
06/20/2004,LIH,HI,AWP,WE,Federal Contract Tower,65,5,3,2,75,5,169,26,0,200,70,174,29,2,275,62,0,62,337
06/21/2004,LIH,HI,AWP,WE,Federal Contract Tower,72,6,3,7,88,0,165,7,13,185,72,171,10,20,273,64,10,74,347
06/22/2004,LIH,HI,AWP,WE,Federal Contract Tower,67,6,4,6,83,0,146,8,13,167,67,152,12,19,250,76,0,76,326
06/23/2004,LIH,HI,AWP,WE,Federal Contract Tower,65,5,3,5,78,7,195,13,1,216,72,200,16,6,294,79,28,107,401
06/24/2004,LIH,HI,AWP,WE,Federal Contract Tower,65,5,3,2,75,6,166,16,0,188,71,171,19,2,263,83,0,83,346
06/25/2004,LIH,HI,AWP,WE,Federal Contract Tower,79,6,2,7,94,3,156,11,0,170,82,162,13,7,264,43,0,43,307
06/26/2004,LIH,HI,AWP,WE,Federal Contract Tower,82,6,2,2,92,8,148,27,0,183,90,154,29,2,275,112,4,116,391
06/27/2004,LIH,HI,AWP,WE,Federal Contract Tower,70,5,2,2,79,4,139,24,0,167,74,144,26,2,246,108,0,108,354
06/28/2004,LIH,HI,AWP,WE,Federal Contract Tower,72,6,3,8,89,0,159,30,22,211,72,165,33,30,300,79,28,107,407
06/29/2004,LIH,HI,AWP,WE,Federal Contract Tower,70,6,2,7,85,0,162,14,8,184,70,168,16,15,269,40,18,58,327
06/30/2004,LIH,HI,AWP,WE,Federal Contract Tower,73,6,2,7,88,0,184,16,3,203,73,190,18,10,291,40,0,40,331
07/01/2004,LIH,HI,AWP,WE,Federal Contract Tower,75,6,2,4,87,3,143,9,0,155,78,149,11,4,242,12,0,12,254
07/02/2004,LIH,HI,AWP,WE,Federal Contract Tower,82,6,2,0,90,5,154,8,0,167,87,160,10,0,257,9,0,9,266
07/03/2004,LIH,HI,AWP,WE,Federal Contract Tower,82,6,2,0,90,4,111,5,0,120,86,117,7,0,210,21,0,21,231
07/04/2004,LIH,HI,AWP,WE,Federal Contract Tower,62,6,1,0,69,12,105,10,0,127,74,111,11,0,196,13,0,13,209
07/05/2004,LIH,HI,AWP,WE,Federal Contract Tower,62,6,1,1,70,12,151,12,0,175,74,157,13,1,245,26,0,26,271
07/06/2004,LIH,HI,AWP,WE,Federal Contract Tower,70,6,2,8,86,0,176,12,13,201,70,182,14,21,287,44,16,60,347
07/07/2004,LIH,HI,AWP,WE,Federal Contract Tower,71,7,2,8,88,0,153,10,19,182,71,160,12,27,270,100,12,112,382
07/08/2004,LIH,HI,AWP,WE,Federal Contract Tower,67,5,2,0,74,5,170,4,0,179,72,175,6,0,253,20,0,20,273
07/09/2004,LIH,HI,AWP,WE,Federal Contract Tower,79,7,2,9,97,0,175,10,6,191,79,182,12,15,288,29,18,47,335
07/10/2004,LIH,HI,AWP,WE,Federal Contract Tower,78,6,2,8,94,7,163,20,0,190,85,169,22,8,284,58,32,90,374
07/11/2004,LIH,HI,AWP,WE,Federal Contract Tower,69,5,2,7,83,3,127,32,3,165,72,132,34,10,248,46,12,58,306
07/12/2004,LIH,HI,AWP,WE,Federal Contract Tower,74,6,2,8,90,0,180,15,9,204,74,186,17,17,294,74,12,86,380
07/13/2004,LIH,HI,AWP,WE,Federal Contract Tower,73,6,3,10,92,0,190,9,28,227,73,196,12,38,319,86,0,86,405
07/14/2004,LIH,HI,AWP,WE,Federal Contract Tower,71,5,3,8,87,0,185,17,4,206,71,190,20,12,293,97,4,101,394
07/15/2004,LIH,HI,AWP,WE,Federal Contract Tower,64,4,2,7,77,1,166,9,5,181,65,170,11,12,258,65,3,68,326
07/16/2004,LIH,HI,AWP,WE,Federal Contract Tower,72,5,3,4,84,7,154,7,0,168,79,159,10,4,252,18,2,20,272
07/17/2004,LIH,HI,AWP,WE,Federal Contract Tower,92,7,3,9,111,4,148,12,21,185,96,155,15,30,296,22,36,58,354
07/18/2004,LIH,HI,AWP,WE,Federal Contract Tower,70,4,3,6,83,2,127,9,0,138,72,131,12,6,221,16,18,34,255
07/19/2004,LIH,HI,AWP,WE,Federal Contract Tower,68,4,3,1,76,2,199,6,0,207,70,203,9,1,283,48,0,48,331
07/20/2004,LIH,HI,AWP,WE,Federal Contract Tower,69,4,3,6,82,0,200,42,19,261,69,204,45,25,343,48,0,48,391
07/21/2004,LIH,HI,AWP,WE,Federal Contract Tower,71,5,3,7,86,0,179,14,13,206,71,184,17,20,292,44,0,44,336
07/22/2004,LIH,HI,AWP,WE,Federal Contract Tower,72,5,3,0,80,0,147,11,0,158,72,152,14,0,238,34,0,34,272
07/23/2004,LIH,HI,AWP,WE,Federal Contract Tower,76,5,3,0,84,5,148,6,0,159,81,153,9,0,243,80,0,80,323
07/24/2004,LIH,HI,AWP,WE,Federal Contract Tower,74,5,3,0,82,11,178,18,0,207,85,183,21,0,289,24,0,24,313
07/25/2004,LIH,HI,AWP,WE,Federal Contract Tower,62,5,1,0,68,12,143,5,0,160,74,148,6,0,228,18,0,18,246
07/26/2004,LIH,HI,AWP,WE,Federal Contract Tower,71,4,2,7,84,0,182,5,3,190,71,186,7,10,274,10,4,14,288
07/27/2004,LIH,HI,AWP,WE,Federal Contract Tower,68,4,2,7,81,0,185,23,4,212,68,189,25,11,293,32,20,52,345
07/28/2004,LIH,HI,AWP,WE,Federal Contract Tower,68,4,2,1,75,2,178,10,0,190,70,182,12,1,265,43,21,64,329
07/29/2004,LIH,HI,AWP,WE,Federal Contract Tower,72,5,2,7,86,0,155,10,4,169,72,160,12,11,255,50,6,56,311
07/30/2004,LIH,HI,AWP,WE,Federal Contract Tower,79,5,2,5,91,0,120,21,0,141,79,125,23,5,232,53,16,69,301
07/31/2004,LIH,HI,AWP,WE,Federal Contract Tower,78,5,2,0,85,6,128,19,0,153,84,133,21,0,238,76,0,76,314
08/01/2004,LIH,HI,AWP,WE,Federal Contract Tower,62,6,1,0,69,12,127,18,0,157,74,133,19,0,226,44,0,44,270
08/02/2004,LIH,HI,AWP,WE,Federal Contract Tower,70,6,0,6,82,5,102,0,0,107,75,108,0,6,189,12,0,12,201
08/03/2004,LIH,HI,AWP,WE,Federal Contract Tower,70,7,2,8,87,0,185,14,12,211,70,192,16,20,298,72,52,124,422
08/04/2004,LIH,HI,AWP,WE,Federal Contract Tower,63,6,1,1,71,7,52,0,0,59,70,58,1,1,130,6,2,8,138
08/05/2004,LIH,HI,AWP,WE,Federal Contract Tower,67,6,2,5,80,4,183,15,0,202,71,189,17,5,282,86,8,94,376
08/06/2004,LIH,HI,AWP,WE,Federal Contract Tower,77,7,2,0,86,4,199,9,0,212,81,206,11,0,298,25,0,25,323
08/07/2004,LIH,HI,AWP,WE,Federal Contract Tower,84,8,2,4,98,4,137,14,0,155,88,145,16,4,253,22,0,22,275
08/08/2004,LIH,HI,AWP,WE,Federal Contract Tower,70,6,2,8,86,5,136,11,4,156,75,142,13,12,242,34,14,48,290
08/09/2004,LIH,HI,AWP,WE,Federal Contract Tower,73,9,3,11,96,0,147,9,45,201,73,156,12,56,297,89,42,131,428
08/10/2004,LIH,HI,AWP,WE,Federal Contract Tower,71,7,2,9,89,0,185,19,15,219,71,192,21,24,308,46,0,46,354
08/11/2004,LIH,HI,AWP,WE,Federal Contract Tower,72,6,2,8,88,0,152,10,0,162,72,158,12,8,250,42,2,44,294
08/12/2004,LIH,HI,AWP,WE,Federal Contract Tower,69,5,3,4,81,2,141,13,0,156,71,146,16,4,237,101,0,101,338
08/13/2004,LIH,HI,AWP,WE,Federal Contract Tower,74,5,3,3,85,4,150,0,0,154,78,155,3,3,239,34,4,38,277
08/14/2004,LIH,HI,AWP,WE,Federal Contract Tower,77,6,3,6,92,9,112,15,0,136,86,118,18,6,228,48,16,64,292
08/15/2004,LIH,HI,AWP,WE,Federal Contract Tower,63,5,2,0,70,8,141,20,0,169,71,146,22,0,239,8,0,8,247
08/16/2004,LIH,HI,AWP,WE,Federal Contract Tower,73,5,3,6,87,0,205,16,0,221,73,210,19,6,308,26,0,26,334
08/17/2004,LIH,HI,AWP,WE,Federal Contract Tower,72,6,3,9,90,0,204,18,10,232,72,210,21,19,322,24,8,32,354
08/18/2004,LIH,HI,AWP,WE,Federal Contract Tower,76,6,3,10,95,0,185,6,10,201,76,191,9,20,296,12,0,12,308
08/19/2004,LIH,HI,AWP,WE,Federal Contract Tower,73,6,3,8,90,0,165,4,4,173,73,171,7,12,263,18,6,24,287
08/20/2004,LIH,HI,AWP,WE,Federal Contract Tower,74,5,3,0,82,6,140,11,0,157,80,145,14,0,239,21,0,21,260
08/21/2004,LIH,HI,AWP,WE,Federal Contract Tower,75,5,3,4,87,12,94,5,0,111,87,99,8,4,198,32,24,56,254
08/22/2004,LIH,HI,AWP,WE,Federal Contract Tower,64,5,2,0,71,12,140,2,0,154,76,145,4,0,225,32,0,32,257
08/23/2004,LIH,HI,AWP,WE,Federal Contract Tower,67,6,3,8,84,0,183,17,16,216,67,189,20,24,300,20,30,50,350
08/24/2004,LIH,HI,AWP,WE,Federal Contract Tower,63,5,2,4,74,0,180,7,0,187,63,185,9,4,261,16,14,30,291
08/25/2004,LIH,HI,AWP,WE,Federal Contract Tower,68,6,3,8,85,0,153,5,18,176,68,159,8,26,261,138,2,140,401
08/26/2004,LIH,HI,AWP,WE,Federal Contract Tower,65,5,3,3,76,0,133,11,0,144,65,138,14,3,220,88,0,88,308
08/27/2004,LIH,HI,AWP,WE,Federal Contract Tower,71,5,2,2,80,4,104,18,0,126,75,109,20,2,206,58,0,58,264
08/28/2004,LIH,HI,AWP,WE,Federal Contract Tower,71,5,2,6,84,12,102,12,0,126,83,107,14,6,210,26,18,44,254
08/29/2004,LIH,HI,AWP,WE,Federal Contract Tower,58,4,1,0,63,12,128,5,0,145,70,132,6,0,208,44,0,44,252
08/30/2004,LIH,HI,AWP,WE,Federal Contract Tower,67,5,2,8,82,0,141,5,2,148,67,146,7,10,230,46,0,46,276
08/31/2004,LIH,HI,AWP,WE,Federal Contract Tower,66,5,2,8,81,0,165,17,13,195,66,170,19,21,276,18,28,46,322
09/01/2004,LIH,HI,AWP,WE,Federal Contract Tower,60,7,1,4,72,5,142,10,0,157,65,149,11,4,229,22,0,22,251
09/02/2004,LIH,HI,AWP,WE,Federal Contract Tower,65,8,1,0,74,1,109,6,0,116,66,117,7,0,190,14,12,26,216
09/03/2004,LIH,HI,AWP,WE,Federal Contract Tower,67,8,1,0,76,10,116,12,0,138,77,124,13,0,214,25,0,25,239
09/04/2004,LIH,HI,AWP,WE,Federal Contract Tower,66,7,1,0,74,13,120,10,0,143,79,127,11,0,217,36,0,36,253
09/05/2004,LIH,HI,AWP,WE,Federal Contract Tower,58,7,1,2,68,12,109,3,0,124,70,116,4,2,192,8,2,10,202
09/06/2004,LIH,HI,AWP,WE,Federal Contract Tower,56,6,1,0,63,10,141,13,0,164,66,147,14,0,227,36,0,36,263
09/07/2004,LIH,HI,AWP,WE,Federal Contract Tower,62,8,1,4,75,2,169,8,0,179,64,177,9,4,254,26,0,26,280
09/08/2004,LIH,HI,AWP,WE,Federal Contract Tower,65,10,2,10,87,0,185,10,24,219,65,195,12,34,306,17,16,33,339
09/09/2004,LIH,HI,AWP,WE,Federal Contract Tower,61,7,2,8,78,0,138,15,2,155,61,145,17,10,233,19,0,19,252
09/10/2004,LIH,HI,AWP,WE,Federal Contract Tower,60,6,2,1,69,9,134,11,0,154,69,140,13,1,223,20,0,20,243
09/11/2004,LIH,HI,AWP,WE,Federal Contract Tower,57,6,2,2,67,8,123,14,0,145,65,129,16,2,212,23,2,25,237
09/12/2004,LIH,HI,AWP,WE,Federal Contract Tower,51,5,2,0,58,12,129,11,0,152,63,134,13,0,210,22,0,22,232
09/13/2004,LIH,HI,AWP,WE,Federal Contract Tower,55,5,2,4,66,4,177,10,0,191,59,182,12,4,257,44,0,44,301
09/14/2004,LIH,HI,AWP,WE,Federal Contract Tower,60,8,3,9,80,0,182,4,28,214,60,190,7,37,294,15,10,25,319
09/15/2004,LIH,HI,AWP,WE,Federal Contract Tower,64,8,3,10,85,0,192,13,22,227,64,200,16,32,312,64,28,92,404
09/16/2004,LIH,HI,AWP,WE,Federal Contract Tower,60,6,2,7,75,0,144,7,0,151,60,150,9,7,226,64,0,64,290
09/17/2004,LIH,HI,AWP,WE,Federal Contract Tower,64,7,2,3,76,5,125,14,0,144,69,132,16,3,220,44,2,46,266
09/18/2004,LIH,HI,AWP,WE,Federal Contract Tower,60,6,2,0,68,5,121,10,0,136,65,127,12,0,204,34,0,34,238
09/19/2004,LIH,HI,AWP,WE,Federal Contract Tower,55,6,2,0,63,7,77,7,0,91,62,83,9,0,154,24,0,24,178
09/20/2004,LIH,HI,AWP,WE,Federal Contract Tower,57,5,2,0,64,2,196,11,0,209,59,201,13,0,273,144,0,144,417
09/21/2004,LIH,HI,AWP,WE,Federal Contract Tower,62,7,3,8,80,0,174,4,26,204,62,181,7,34,284,24,6,30,314
09/22/2004,LIH,HI,AWP,WE,Federal Contract Tower,59,6,2,5,72,3,166,7,2,178,62,172,9,7,250,50,0,50,300
09/23/2004,LIH,HI,AWP,WE,Federal Contract Tower,64,7,2,6,79,0,123,7,3,133,64,130,9,9,212,62,30,92,304
09/24/2004,LIH,HI,AWP,WE,Federal Contract Tower,67,7,2,2,78,3,123,11,0,137,70,130,13,2,215,65,2,67,282
09/25/2004,LIH,HI,AWP,WE,Federal Contract Tower,59,6,1,6,72,6,152,22,0,180,65,158,23,6,252,34,2,36,288
09/26/2004,LIH,HI,AWP,WE,Federal Contract Tower,60,6,1,4,71,2,127,36,0,165,62,133,37,4,236,36,0,36,272
09/27/2004,LIH,HI,AWP,WE,Federal Contract Tower,62,8,2,8,80,0,154,25,22,201,62,162,27,30,281,50,24,74,355
09/28/2004,LIH,HI,AWP,WE,Federal Contract Tower,60,8,2,8,78,0,156,14,24,194,60,164,16,32,272,70,18,88,360
09/29/2004,LIH,HI,AWP,WE,Federal Contract Tower,63,7,1,5,76,0,171,13,0,184,63,178,14,5,260,42,2,44,304
09/30/2004,LIH,HI,AWP,WE,Federal Contract Tower,58,6,1,0,65,5,120,10,0,135,63,126,11,0,200,36,0,36,236
10/01/2004,LIH,HI,AWP,WE,Federal Contract Tower,67,12,3,8,90,0,116,9,0,125,67,128,12,8,215,61,10,71,286
10/02/2004,LIH,HI,AWP,WE,Federal Contract Tower,67,4,0,4,75,0,74,11,12,97,67,78,11,16,172,32,6,38,210
10/03/2004,LIH,HI,AWP,WE,Federal Contract Tower,65,3,4,6,78,0,140,10,6,156,65,143,14,12,234,52,18,70,304
10/04/2004,LIH,HI,AWP,WE,Federal Contract Tower,73,12,1,30,116,0,146,15,8,169,73,158,16,38,285,10,26,36,321
10/05/2004,LIH,HI,AWP,WE,Federal Contract Tower,61,15,16,2,94,0,163,14,2,179,61,178,30,4,273,20,0,20,293
10/06/2004,LIH,HI,AWP,WE,Federal Contract Tower,63,15,5,0,83,0,184,11,0,195,63,199,16,0,278,15,8,23,301
10/07/2004,LIH,HI,AWP,WE,Federal Contract Tower,70,5,1,4,80,0,42,8,0,50,70,47,9,4,130,9,0,9,139
10/08/2004,LIH,HI,AWP,WE,Federal Contract Tower,75,9,1,2,87,0,184,5,2,191,75,193,6,4,278,30,14,44,322
10/09/2004,LIH,HI,AWP,WE,Federal Contract Tower,75,5,2,2,84,0,175,16,2,193,75,180,18,4,277,28,8,36,313
10/10/2004,LIH,HI,AWP,WE,Federal Contract Tower,68,2,0,0,70,0,178,12,0,190,68,180,12,0,260,18,0,18,278
10/11/2004,LIH,HI,AWP,WE,Federal Contract Tower,69,7,2,0,78,0,201,6,0,207,69,208,8,0,285,10,1,11,296
10/12/2004,LIH,HI,AWP,WE,Federal Contract Tower,64,8,3,0,75,0,190,13,0,203,64,198,16,0,278,30,4,34,312
10/13/2004,LIH,HI,AWP,WE,Federal Contract Tower,61,6,12,2,81,0,178,10,0,188,61,184,22,2,269,70,2,72,341
10/14/2004,LIH,HI,AWP,WE,Federal Contract Tower,70,7,3,3,83,0,155,1,0,156,70,162,4,3,239,34,0,34,273
10/15/2004,LIH,HI,AWP,WE,Federal Contract Tower,74,7,1,1,83,0,36,0,4,40,74,43,1,5,123,30,0,30,153
10/16/2004,LIH,HI,AWP,WE,Federal Contract Tower,74,7,0,2,83,0,142,14,2,158,74,149,14,4,241,36,22,58,299
10/17/2004,LIH,HI,AWP,WE,Federal Contract Tower,70,2,4,0,76,0,122,4,0,126,70,124,8,0,202,12,0,12,214
10/18/2004,LIH,HI,AWP,WE,Federal Contract Tower,70,9,1,0,80,0,173,9,0,182,70,182,10,0,262,70,2,72,334
10/19/2004,LIH,HI,AWP,WE,Federal Contract Tower,66,8,4,4,82,0,173,11,0,184,66,181,15,4,266,58,0,58,324
10/20/2004,LIH,HI,AWP,WE,Federal Contract Tower,73,8,1,20,102,0,170,3,0,173,73,178,4,20,275,38,2,40,315
10/21/2004,LIH,HI,AWP,WE,Federal Contract Tower,69,8,3,8,88,0,121,4,0,125,69,129,7,8,213,65,11,76,289
10/22/2004,LIH,HI,AWP,WE,Federal Contract Tower,75,7,1,3,86,0,104,17,5,126,75,111,18,8,212,89,4,93,305
10/23/2004,LIH,HI,AWP,WE,Federal Contract Tower,72,1,0,2,75,0,111,16,0,127,72,112,16,2,202,26,48,74,276
10/24/2004,LIH,HI,AWP,WE,Federal Contract Tower,69,0,2,0,71,0,62,2,0,64,69,62,4,0,135,11,0,11,146
10/25/2004,LIH,HI,AWP,WE,Federal Contract Tower,69,8,0,10,87,0,118,6,0,124,69,126,6,10,211,20,0,20,231
10/26/2004,LIH,HI,AWP,WE,Federal Contract Tower,68,8,1,10,87,0,140,10,8,158,68,148,11,18,245,24,2,26,271
10/27/2004,LIH,HI,AWP,WE,Federal Contract Tower,71,11,0,5,87,0,147,4,0,151,71,158,4,5,238,98,0,98,336
10/28/2004,LIH,HI,AWP,WE,Federal Contract Tower,69,6,6,3,84,0,140,6,0,146,69,146,12,3,230,77,0,77,307
10/29/2004,LIH,HI,AWP,WE,Federal Contract Tower,75,9,7,5,96,0,154,12,2,168,75,163,19,7,264,27,2,29,293
10/30/2004,LIH,HI,AWP,WE,Federal Contract Tower,72,10,2,0,84,0,18,4,0,22,72,28,6,0,106,44,0,44,150
10/31/2004,LIH,HI,AWP,WE,Federal Contract Tower,70,0,4,0,74,0,92,5,0,97,70,92,9,0,171,56,0,56,227
11/01/2004,LIH,HI,AWP,WE,Federal Contract Tower,66,7,6,36,115,0,166,5,8,179,66,173,11,44,294,16,34,50,344
11/02/2004,LIH,HI,AWP,WE,Federal Contract Tower,68,8,1,24,101,0,147,12,3,162,68,155,13,27,263,100,2,102,365
11/03/2004,LIH,HI,AWP,WE,Federal Contract Tower,67,10,0,10,87,0,97,14,2,113,67,107,14,12,200,16,0,16,216
11/04/2004,LIH,HI,AWP,WE,Federal Contract Tower,63,7,4,10,84,0,87,9,1,97,63,94,13,11,181,106,2,108,289
11/05/2004,LIH,HI,AWP,WE,Federal Contract Tower,72,6,0,0,78,0,8,1,0,9,72,14,1,0,87,28,0,28,115
11/06/2004,LIH,HI,AWP,WE,Federal Contract Tower,72,8,0,2,82,0,60,9,0,69,72,68,9,2,151,24,6,30,181
11/07/2004,LIH,HI,AWP,WE,Federal Contract Tower,69,2,0,7,78,0,110,5,3,118,69,112,5,10,196,74,12,86,282
11/08/2004,LIH,HI,AWP,WE,Federal Contract Tower,68,9,4,16,97,0,136,15,4,155,68,145,19,20,252,64,2,66,318
11/09/2004,LIH,HI,AWP,WE,Federal Contract Tower,65,4,2,4,75,0,160,10,3,173,65,164,12,7,248,116,0,116,364
11/10/2004,LIH,HI,AWP,WE,Federal Contract Tower,69,6,1,8,84,0,158,11,2,171,69,164,12,10,255,76,0,76,331
11/11/2004,LIH,HI,AWP,WE,Federal Contract Tower,68,4,0,4,76,0,138,15,2,155,68,142,15,6,231,26,0,26,257
11/12/2004,LIH,HI,AWP,WE,Federal Contract Tower,73,3,0,1,77,0,146,6,0,152,73,149,6,1,229,69,28,97,326
11/13/2004,LIH,HI,AWP,WE,Federal Contract Tower,72,6,2,0,80,0,78,6,0,84,72,84,8,0,164,46,0,46,210
11/14/2004,LIH,HI,AWP,WE,Federal Contract Tower,69,6,5,0,80,0,114,6,0,120,69,120,11,0,200,2,0,2,202
11/15/2004,LIH,HI,AWP,WE,Federal Contract Tower,68,10,7,4,89,0,119,11,2,132,68,129,18,6,221,25,0,25,246
11/16/2004,LIH,HI,AWP,WE,Federal Contract Tower,65,6,2,5,78,0,138,7,2,147,65,144,9,7,225,104,0,104,329
11/17/2004,LIH,HI,AWP,WE,Federal Contract Tower,70,15,3,9,97,0,53,4,0,57,70,68,7,9,154,38,0,38,192
11/18/2004,LIH,HI,AWP,WE,Federal Contract Tower,66,9,1,5,81,0,123,9,2,134,66,132,10,7,215,88,1,89,304
11/19/2004,LIH,HI,AWP,WE,Federal Contract Tower,73,5,4,3,85,0,125,5,5,135,73,130,9,8,220,13,2,15,235
11/20/2004,LIH,HI,AWP,WE,Federal Contract Tower,74,4,1,0,79,0,104,9,0,113,74,108,10,0,192,66,0,66,258
11/21/2004,LIH,HI,AWP,WE,Federal Contract Tower,70,4,6,0,80,0,166,4,4,174,70,170,10,4,254,16,2,18,272
11/22/2004,LIH,HI,AWP,WE,Federal Contract Tower,68,10,0,8,86,0,174,5,0,179,68,184,5,8,265,70,0,70,335
11/23/2004,LIH,HI,AWP,WE,Federal Contract Tower,67,7,2,14,90,0,185,6,0,191,67,192,8,14,281,50,0,50,331
11/24/2004,LIH,HI,AWP,WE,Federal Contract Tower,70,7,6,16,99,0,95,14,0,109,70,102,20,16,208,97,10,107,315
11/25/2004,LIH,HI,AWP,WE,Federal Contract Tower,67,4,1,0,72,0,76,9,1,86,67,80,10,1,158,75,0,75,233
11/26/2004,LIH,HI,AWP,WE,Federal Contract Tower,78,8,7,0,93,0,130,6,0,136,78,138,13,0,229,100,0,100,329
11/27/2004,LIH,HI,AWP,WE,Federal Contract Tower,72,8,0,3,83,0,125,14,1,140,72,133,14,4,223,42,24,66,289
11/28/2004,LIH,HI,AWP,WE,Federal Contract Tower,74,0,4,0,78,0,114,10,0,124,74,114,14,0,202,24,0,24,226
11/29/2004,LIH,HI,AWP,WE,Federal Contract Tower,66,5,0,16,87,0,132,13,6,151,66,137,13,22,238,95,18,113,351
11/30/2004,LIH,HI,AWP,WE,Federal Contract Tower,63,6,0,2,71,0,106,8,2,116,63,112,8,4,187,130,4,134,321
12/01/2004,LIH,HI,AWP,WE,Federal Contract Tower,65,6,1,11,83,0,118,16,1,135,65,124,17,12,218,144,2,146,364
12/02/2004,LIH,HI,AWP,WE,Federal Contract Tower,69,4,1,0,74,0,77,10,0,87,69,81,11,0,161,159,0,159,320
12/03/2004,LIH,HI,AWP,WE,Federal Contract Tower,72,11,0,0,83,0,114,4,0,118,72,125,4,0,201,84,0,84,285
12/04/2004,LIH,HI,AWP,WE,Federal Contract Tower,71,8,1,6,86,0,54,2,0,56,71,62,3,6,142,136,0,136,278
12/05/2004,LIH,HI,AWP,WE,Federal Contract Tower,72,3,0,4,79,0,81,9,0,90,72,84,9,4,169,24,0,24,193
12/06/2004,LIH,HI,AWP,WE,Federal Contract Tower,70,4,3,0,77,0,146,24,0,170,70,150,27,0,247,182,0,182,429
12/07/2004,LIH,HI,AWP,WE,Federal Contract Tower,64,9,1,9,83,0,145,8,2,155,64,154,9,11,238,88,12,100,338
12/08/2004,LIH,HI,AWP,WE,Federal Contract Tower,70,6,1,24,101,0,120,4,0,124,70,126,5,24,225,175,0,175,400
12/09/2004,LIH,HI,AWP,WE,Federal Contract Tower,66,8,5,3,82,0,89,9,0,98,66,97,14,3,180,161,0,161,341
12/10/2004,LIH,HI,AWP,WE,Federal Contract Tower,75,9,0,0,84,0,116,8,0,124,75,125,8,0,208,176,0,176,384
12/11/2004,LIH,HI,AWP,WE,Federal Contract Tower,71,3,3,4,81,0,70,10,0,80,71,73,13,4,161,92,0,92,253
12/12/2004,LIH,HI,AWP,WE,Federal Contract Tower,68,4,0,5,77,0,96,17,0,113,68,100,17,5,190,34,8,42,232
12/13/2004,LIH,HI,AWP,WE,Federal Contract Tower,67,8,2,14,91,0,173,19,0,192,67,181,21,14,283,59,12,71,354
12/14/2004,LIH,HI,AWP,WE,Federal Contract Tower,64,8,0,4,76,0,148,18,0,166,64,156,18,4,242,66,8,74,316
12/15/2004,LIH,HI,AWP,WE,Federal Contract Tower,66,7,2,7,82,0,72,16,1,89,66,79,18,8,171,146,14,160,331
12/16/2004,LIH,HI,AWP,WE,Federal Contract Tower,71,14,1,8,94,0,36,6,0,42,71,50,7,8,136,148,0,148,284
12/17/2004,LIH,HI,AWP,WE,Federal Contract Tower,80,10,3,3,96,0,76,5,0,81,80,86,8,3,177,63,0,63,240
12/18/2004,LIH,HI,AWP,WE,Federal Contract Tower,72,12,4,0,88,0,90,10,0,100,72,102,14,0,188,42,0,42,230
12/19/2004,LIH,HI,AWP,WE,Federal Contract Tower,74,2,6,0,82,0,59,6,0,65,74,61,12,0,147,21,0,21,168
12/20/2004,LIH,HI,AWP,WE,Federal Contract Tower,68,8,2,2,80,0,181,7,0,188,68,189,9,2,268,44,2,46,314
12/21/2004,LIH,HI,AWP,WE,Federal Contract Tower,68,8,8,3,87,0,159,9,1,169,68,167,17,4,256,50,4,54,310
12/22/2004,LIH,HI,AWP,WE,Federal Contract Tower,69,14,1,16,100,0,152,6,0,158,69,166,7,16,258,62,2,64,322
12/23/2004,LIH,HI,AWP,WE,Federal Contract Tower,75,6,7,18,106,0,86,8,0,94,75,92,15,18,200,36,0,36,236
12/24/2004,LIH,HI,AWP,WE,Federal Contract Tower,76,6,4,0,86,0,82,3,0,85,76,88,7,0,171,18,0,18,189
12/25/2004,LIH,HI,AWP,WE,Federal Contract Tower,74,1,1,0,76,0,64,2,0,66,74,65,3,0,142,12,0,12,154
12/26/2004,LIH,HI,AWP,WE,Federal Contract Tower,76,2,8,8,94,0,142,4,0,146,76,144,12,8,240,14,6,20,260
12/27/2004,LIH,HI,AWP,WE,Federal Contract Tower,65,12,3,0,80,0,78,0,0,78,65,90,3,0,158,4,0,4,162
12/28/2004,LIH,HI,AWP,WE,Federal Contract Tower,67,9,10,22,108,0,211,14,4,229,67,220,24,26,337,55,2,57,394
12/29/2004,LIH,HI,AWP,WE,Federal Contract Tower,67,5,2,5,79,0,273,14,0,287,67,278,16,5,366,60,18,78,444
12/30/2004,LIH,HI,AWP,WE,Federal Contract Tower,70,8,3,0,81,0,52,1,0,53,70,60,4,0,134,28,0,28,162
12/31/2004,LIH,HI,AWP,WE,Federal Contract Tower,80,12,7,0,99,0,4,1,0,5,80,16,8,0,104,6,0,6,110
01/01/2005,LIH,HI,AWP,WE,Federal Contract Tower,72,8,0,0,80,0,0,0,0,0,72,8,0,0,80,0,0,0,80
01/02/2005,LIH,HI,AWP,WE,Federal Contract Tower,71,2,5,0,78,0,174,20,0,194,71,176,25,0,272,16,0,16,288
01/03/2005,LIH,HI,AWP,WE,Federal Contract Tower,66,7,2,0,75,0,221,20,0,241,66,228,22,0,316,104,0,104,420
01/04/2005,LIH,HI,AWP,WE,Federal Contract Tower,69,9,4,3,85,0,176,14,0,190,69,185,18,3,275,18,6,24,299
01/05/2005,LIH,HI,AWP,WE,Federal Contract Tower,70,5,3,32,110,0,144,10,0,154,70,149,13,32,264,16,18,34,298
01/06/2005,LIH,HI,AWP,WE,Federal Contract Tower,72,9,6,8,95,0,117,16,1,134,72,126,22,9,229,111,13,124,353
01/07/2005,LIH,HI,AWP,WE,Federal Contract Tower,76,5,2,7,90,0,93,0,0,93,76,98,2,7,183,33,0,33,216
01/08/2005,LIH,HI,AWP,WE,Federal Contract Tower,72,2,2,8,84,0,110,9,0,119,72,112,11,8,203,34,12,46,249
01/09/2005,LIH,HI,AWP,WE,Federal Contract Tower,72,3,0,5,80,0,64,7,7,78,72,67,7,12,158,36,12,48,206
01/10/2005,LIH,HI,AWP,WE,Federal Contract Tower,67,2,2,13,84,0,184,20,0,204,67,186,22,13,288,42,38,80,368
01/11/2005,LIH,HI,AWP,WE,Federal Contract Tower,69,7,0,12,88,0,177,4,2,183,69,184,4,14,271,144,2,146,417
01/12/2005,LIH,HI,AWP,WE,Federal Contract Tower,70,3,0,30,103,0,168,18,0,186,70,171,18,30,289,40,0,40,329
01/13/2005,LIH,HI,AWP,WE,Federal Contract Tower,70,3,3,0,76,0,53,5,0,58,70,56,8,0,134,18,0,18,152
01/14/2005,LIH,HI,AWP,WE,Federal Contract Tower,71,8,0,2,81,0,114,13,1,128,71,122,13,3,209,20,0,20,229
01/15/2005,LIH,HI,AWP,WE,Federal Contract Tower,74,5,4,2,85,0,70,4,0,74,74,75,8,2,159,22,0,22,181
01/16/2005,LIH,HI,AWP,WE,Federal Contract Tower,73,5,2,0,80,0,0,1,0,1,73,5,3,0,81,0,0,0,81
01/17/2005,LIH,HI,AWP,WE,Federal Contract Tower,66,8,0,0,74,0,188,2,0,190,66,196,2,0,264,12,0,12,276
01/18/2005,LIH,HI,AWP,WE,Federal Contract Tower,70,6,4,2,82,0,192,14,2,208,70,198,18,4,290,48,4,52,342
01/19/2005,LIH,HI,AWP,WE,Federal Contract Tower,68,4,3,8,83,0,174,9,0,183,68,178,12,8,266,88,0,88,354
01/20/2005,LIH,HI,AWP,WE,Federal Contract Tower,72,5,6,9,92,0,126,14,0,140,72,131,20,9,232,35,10,45,277
01/21/2005,LIH,HI,AWP,WE,Federal Contract Tower,75,8,3,8,94,0,83,7,5,95,75,91,10,13,189,102,18,120,309
01/22/2005,LIH,HI,AWP,WE,Federal Contract Tower,70,2,2,0,74,0,104,15,0,119,70,106,17,0,193,42,0,42,235
01/23/2005,LIH,HI,AWP,WE,Federal Contract Tower,71,3,0,0,74,0,83,10,0,93,71,86,10,0,167,36,0,36,203
01/24/2005,LIH,HI,AWP,WE,Federal Contract Tower,66,6,1,0,73,0,162,23,0,185,66,168,24,0,258,80,0,80,338
01/25/2005,LIH,HI,AWP,WE,Federal Contract Tower,68,4,9,5,86,0,172,14,2,188,68,176,23,7,274,56,32,88,362
01/26/2005,LIH,HI,AWP,WE,Federal Contract Tower,65,4,1,10,80,0,56,13,0,69,65,60,14,10,149,108,6,114,263
01/27/2005,LIH,HI,AWP,WE,Federal Contract Tower,71,4,2,7,84,0,167,5,0,172,71,171,7,7,256,64,2,66,322
01/28/2005,LIH,HI,AWP,WE,Federal Contract Tower,72,5,3,2,82,0,136,9,0,145,72,141,12,2,227,17,0,17,244
01/29/2005,LIH,HI,AWP,WE,Federal Contract Tower,71,0,2,0,73,0,91,7,2,100,71,91,9,2,173,22,0,22,195
01/30/2005,LIH,HI,AWP,WE,Federal Contract Tower,67,2,2,0,71,0,87,12,0,99,67,89,14,0,170,30,0,30,200
01/31/2005,LIH,HI,AWP,WE,Federal Contract Tower,68,6,4,4,82,0,96,2,0,98,68,102,6,4,180,46,0,46,226
02/01/2005,LIH,HI,AWP,WE,Federal Contract Tower,69,6,0,4,79,0,122,3,2,127,69,128,3,6,206,86,0,86,292
02/02/2005,LIH,HI,AWP,WE,Federal Contract Tower,68,4,0,5,77,0,6,0,0,6,68,10,0,5,83,2,0,2,85
02/03/2005,LIH,HI,AWP,WE,Federal Contract Tower,68,4,0,14,86,0,108,12,0,120,68,112,12,14,206,91,16,107,313
02/04/2005,LIH,HI,AWP,WE,Federal Contract Tower,76,8,2,9,95,0,42,6,0,48,76,50,8,9,143,69,15,84,227
02/05/2005,LIH,HI,AWP,WE,Federal Contract Tower,72,3,0,0,75,0,137,12,0,149,72,140,12,0,224,36,0,36,260
02/06/2005,LIH,HI,AWP,WE,Federal Contract Tower,72,0,0,0,72,0,142,14,0,156,72,142,14,0,228,44,0,44,272
02/07/2005,LIH,HI,AWP,WE,Federal Contract Tower,66,8,0,8,82,0,188,11,5,204,66,196,11,13,286,104,6,110,396
02/08/2005,LIH,HI,AWP,WE,Federal Contract Tower,68,4,5,1,78,0,158,16,0,174,68,162,21,1,252,59,10,69,321
02/09/2005,LIH,HI,AWP,WE,Federal Contract Tower,67,7,4,8,86,0,168,22,0,190,67,175,26,8,276,89,9,98,374
02/10/2005,LIH,HI,AWP,WE,Federal Contract Tower,70,4,1,4,79,0,152,18,2,172,70,156,19,6,251,75,19,94,345
02/11/2005,LIH,HI,AWP,WE,Federal Contract Tower,78,5,0,0,83,0,84,10,0,94,78,89,10,0,177,32,0,32,209
02/12/2005,LIH,HI,AWP,WE,Federal Contract Tower,77,1,0,5,83,0,34,6,1,41,77,35,6,6,124,7,0,7,131
02/13/2005,LIH,HI,AWP,WE,Federal Contract Tower,69,2,2,10,83,0,135,16,0,151,69,137,18,10,234,9,0,9,243
02/14/2005,LIH,HI,AWP,WE,Federal Contract Tower,68,7,1,13,89,0,238,12,0,250,68,245,13,13,339,72,0,72,411
02/15/2005,LIH,HI,AWP,WE,Federal Contract Tower,75,4,6,3,88,0,186,12,0,198,75,190,18,3,286,82,6,88,374
02/16/2005,LIH,HI,AWP,WE,Federal Contract Tower,71,7,1,7,86,0,144,18,0,162,71,151,19,7,248,90,0,90,338
02/17/2005,LIH,HI,AWP,WE,Federal Contract Tower,73,6,6,3,88,0,149,33,0,182,73,155,39,3,270,75,9,84,354
02/18/2005,LIH,HI,AWP,WE,Federal Contract Tower,75,4,3,2,84,0,121,9,1,131,75,125,12,3,215,57,0,57,272
02/19/2005,LIH,HI,AWP,WE,Federal Contract Tower,71,2,8,2,83,0,110,22,0,132,71,112,30,2,215,52,0,52,267
02/20/2005,LIH,HI,AWP,WE,Federal Contract Tower,73,2,0,4,79,0,114,8,0,122,73,116,8,4,201,6,0,6,207
02/21/2005,LIH,HI,AWP,WE,Federal Contract Tower,68,5,3,0,76,0,181,21,0,202,68,186,24,0,278,20,0,20,298
02/22/2005,LIH,HI,AWP,WE,Federal Contract Tower,71,7,0,10,88,0,196,18,0,214,71,203,18,10,302,20,0,20,322
02/23/2005,LIH,HI,AWP,WE,Federal Contract Tower,67,6,5,8,86,0,169,8,0,177,67,175,13,8,263,62,0,62,325
02/24/2005,LIH,HI,AWP,WE,Federal Contract Tower,70,11,0,5,86,0,160,14,1,175,70,171,14,6,261,22,4,26,287
02/25/2005,LIH,HI,AWP,WE,Federal Contract Tower,77,5,4,3,89,0,124,4,0,128,77,129,8,3,217,46,2,48,265
02/26/2005,LIH,HI,AWP,WE,Federal Contract Tower,72,2,6,6,86,0,134,13,0,147,72,136,19,6,233,7,5,12,245
02/27/2005,LIH,HI,AWP,WE,Federal Contract Tower,70,2,2,2,76,0,98,16,0,114,70,100,18,2,190,41,0,41,231
02/28/2005,LIH,HI,AWP,WE,Federal Contract Tower,66,4,0,0,70,0,232,15,0,247,66,236,15,0,317,12,0,12,329
03/01/2005,LIH,HI,AWP,WE,Federal Contract Tower,69,6,0,5,80,0,210,16,0,226,69,216,16,5,306,14,6,20,326
03/02/2005,LIH,HI,AWP,WE,Federal Contract Tower,70,6,0,13,89,0,202,14,3,219,70,208,14,16,308,43,15,58,366
03/03/2005,LIH,HI,AWP,WE,Federal Contract Tower,70,4,3,5,82,0,158,16,0,174,70,162,19,5,256,25,8,33,289
03/04/2005,LIH,HI,AWP,WE,Federal Contract Tower,77,10,1,4,92,0,128,9,2,139,77,138,10,6,231,21,18,39,270
03/05/2005,LIH,HI,AWP,WE,Federal Contract Tower,71,5,6,6,88,0,52,8,0,60,71,57,14,6,148,14,0,14,162
03/06/2005,LIH,HI,AWP,WE,Federal Contract Tower,73,1,2,2,78,0,143,8,0,151,73,144,10,2,229,19,4,23,252
03/07/2005,LIH,HI,AWP,WE,Federal Contract Tower,66,4,0,0,70,0,181,15,0,196,66,185,15,0,266,31,0,31,297
03/08/2005,LIH,HI,AWP,WE,Federal Contract Tower,67,10,3,9,89,0,147,10,0,157,67,157,13,9,246,16,8,24,270
03/09/2005,LIH,HI,AWP,WE,Federal Contract Tower,68,14,13,15,110,0,99,11,0,110,68,113,24,15,220,64,3,67,287
03/10/2005,LIH,HI,AWP,WE,Federal Contract Tower,69,5,1,15,90,0,156,14,0,170,69,161,15,15,260,62,6,68,328
03/11/2005,LIH,HI,AWP,WE,Federal Contract Tower,73,12,2,5,92,0,138,4,0,142,73,150,6,5,234,53,4,57,291
03/12/2005,LIH,HI,AWP,WE,Federal Contract Tower,70,11,3,0,84,0,60,0,1,61,70,71,3,1,145,12,0,12,157
03/13/2005,LIH,HI,AWP,WE,Federal Contract Tower,70,4,3,0,77,0,146,11,0,157,70,150,14,0,234,16,0,16,250
03/14/2005,LIH,HI,AWP,WE,Federal Contract Tower,67,13,0,16,96,0,209,6,0,215,67,222,6,16,311,74,5,79,390
03/15/2005,LIH,HI,AWP,WE,Federal Contract Tower,70,13,0,20,103,0,170,9,8,187,70,183,9,28,290,29,18,47,337
03/16/2005,LIH,HI,AWP,WE,Federal Contract Tower,67,10,0,2,79,0,248,14,1,263,67,258,14,3,342,89,0,89,431
03/17/2005,LIH,HI,AWP,WE,Federal Contract Tower,67,8,8,8,91,0,178,16,0,194,67,186,24,8,285,70,3,73,358
03/18/2005,LIH,HI,AWP,WE,Federal Contract Tower,76,10,3,6,95,0,146,15,8,169,76,156,18,14,264,38,6,44,308
03/19/2005,LIH,HI,AWP,WE,Federal Contract Tower,78,11,4,0,93,0,97,26,0,123,78,108,30,0,216,19,0,19,235
03/20/2005,LIH,HI,AWP,WE,Federal Contract Tower,72,1,4,0,77,0,171,18,0,189,72,172,22,0,266,33,0,33,299
03/21/2005,LIH,HI,AWP,WE,Federal Contract Tower,67,13,3,0,83,0,206,16,0,222,67,219,19,0,305,44,0,44,349
03/22/2005,LIH,HI,AWP,WE,Federal Contract Tower,69,9,11,3,92,0,189,12,0,201,69,198,23,3,293,34,0,34,327
03/23/2005,LIH,HI,AWP,WE,Federal Contract Tower,67,11,7,12,97,0,213,12,0,225,67,224,19,12,322,79,17,96,418
03/24/2005,LIH,HI,AWP,WE,Federal Contract Tower,72,11,4,12,99,0,181,9,7,197,72,192,13,19,296,94,6,100,396
03/25/2005,LIH,HI,AWP,WE,Federal Contract Tower,76,14,10,0,100,0,95,3,0,98,76,109,13,0,198,58,0,58,256
03/26/2005,LIH,HI,AWP,WE,Federal Contract Tower,70,8,10,0,88,0,105,10,0,115,70,113,20,0,203,11,0,11,214
03/27/2005,LIH,HI,AWP,WE,Federal Contract Tower,73,1,2,0,76,0,118,11,0,129,73,119,13,0,205,12,0,12,217
03/28/2005,LIH,HI,AWP,WE,Federal Contract Tower,66,11,3,0,80,0,216,1,0,217,66,227,4,0,297,84,0,84,381
03/29/2005,LIH,HI,AWP,WE,Federal Contract Tower,69,17,5,8,99,0,72,1,0,73,69,89,6,8,172,87,0,87,259
03/30/2005,LIH,HI,AWP,WE,Federal Contract Tower,64,11,0,0,75,0,168,0,0,168,64,179,0,0,243,88,0,88,331
03/31/2005,LIH,HI,AWP,WE,Federal Contract Tower,71,12,2,2,87,0,184,12,0,196,71,196,14,2,283,126,10,136,419
04/01/2005,LIH,HI,AWP,WE,Federal Contract Tower,76,13,3,5,97,0,130,14,0,144,76,143,17,5,241,24,0,24,265
04/02/2005,LIH,HI,AWP,WE,Federal Contract Tower,72,5,5,0,82,0,88,9,1,98,72,93,14,1,180,9,0,9,189
04/03/2005,LIH,HI,AWP,WE,Federal Contract Tower,69,0,2,2,73,0,92,6,0,98,69,92,8,2,171,12,1,13,184
04/04/2005,LIH,HI,AWP,WE,Federal Contract Tower,69,8,1,29,107,0,166,14,1,181,69,174,15,30,288,32,10,42,330
04/05/2005,LIH,HI,AWP,WE,Federal Contract Tower,66,12,5,12,95,0,192,20,2,214,66,204,25,14,309,58,14,72,381
04/06/2005,LIH,HI,AWP,WE,Federal Contract Tower,71,10,2,10,93,0,189,10,10,209,71,199,12,20,302,32,0,32,334
04/07/2005,LIH,HI,AWP,WE,Federal Contract Tower,70,14,4,2,90,0,126,17,0,143,70,140,21,2,233,56,0,56,289
04/08/2005,LIH,HI,AWP,WE,Federal Contract Tower,81,11,15,2,109,0,156,18,1,175,81,167,33,3,284,42,4,46,330
04/09/2005,LIH,HI,AWP,WE,Federal Contract Tower,70,4,5,1,80,0,85,14,1,100,70,89,19,2,180,18,0,18,198
04/10/2005,LIH,HI,AWP,WE,Federal Contract Tower,69,0,2,0,71,0,84,10,0,94,69,84,12,0,165,21,0,21,186
04/11/2005,LIH,HI,AWP,WE,Federal Contract Tower,70,8,6,0,84,0,172,11,0,183,70,180,17,0,267,13,0,13,280
04/12/2005,LIH,HI,AWP,WE,Federal Contract Tower,70,9,1,6,86,0,174,9,0,183,70,183,10,6,269,54,0,54,323
04/13/2005,LIH,HI,AWP,WE,Federal Contract Tower,70,9,2,18,99,0,187,14,5,206,70,196,16,23,305,48,8,56,361
04/14/2005,LIH,HI,AWP,WE,Federal Contract Tower,70,9,5,11,95,0,142,6,8,156,70,151,11,19,251,83,0,83,334
04/15/2005,LIH,HI,AWP,WE,Federal Contract Tower,76,12,8,7,103,0,171,10,2,183,76,183,18,9,286,22,0,22,308
04/16/2005,LIH,HI,AWP,WE,Federal Contract Tower,71,4,12,5,92,0,108,19,0,127,71,112,31,5,219,32,6,38,257
04/17/2005,LIH,HI,AWP,WE,Federal Contract Tower,69,0,1,0,70,0,105,7,0,112,69,105,8,0,182,22,1,23,205
04/18/2005,LIH,HI,AWP,WE,Federal Contract Tower,70,8,2,14,94,0,182,8,0,190,70,190,10,14,284,77,0,77,361
04/19/2005,LIH,HI,AWP,WE,Federal Contract Tower,71,8,2,16,97,0,162,10,12,184,71,170,12,28,281,50,32,82,363
04/20/2005,LIH,HI,AWP,WE,Federal Contract Tower,65,8,2,9,84,0,146,14,4,164,65,154,16,13,248,58,30,88,336
04/21/2005,LIH,HI,AWP,WE,Federal Contract Tower,73,11,1,10,95,0,132,9,1,142,73,143,10,11,237,62,24,86,323
04/22/2005,LIH,HI,AWP,WE,Federal Contract Tower,77,8,0,8,93,0,132,10,2,144,77,140,10,10,237,44,0,44,281
04/23/2005,LIH,HI,AWP,WE,Federal Contract Tower,69,4,3,0,76,0,102,10,0,112,69,106,13,0,188,20,0,20,208
04/24/2005,LIH,HI,AWP,WE,Federal Contract Tower,71,0,2,4,77,0,94,7,0,101,71,94,9,4,178,15,2,17,195
04/25/2005,LIH,HI,AWP,WE,Federal Contract Tower,70,13,3,10,96,0,186,6,0,192,70,199,9,10,288,27,0,27,315
04/26/2005,LIH,HI,AWP,WE,Federal Contract Tower,68,13,2,7,90,0,165,12,0,177,68,178,14,7,267,48,8,56,323
04/27/2005,LIH,HI,AWP,WE,Federal Contract Tower,67,10,0,9,86,0,147,4,0,151,67,157,4,9,237,58,0,58,295
04/28/2005,LIH,HI,AWP,WE,Federal Contract Tower,70,9,2,11,92,0,102,10,0,112,70,111,12,11,204,73,6,79,283
04/29/2005,LIH,HI,AWP,WE,Federal Contract Tower,78,9,5,0,92,0,129,15,0,144,78,138,20,0,236,45,2,47,283
04/30/2005,LIH,HI,AWP,WE,Federal Contract Tower,70,6,5,0,81,0,92,19,0,111,70,98,24,0,192,60,0,60,252
05/01/2005,LIH,HI,AWP,WE,Federal Contract Tower,71,9,3,0,83,0,83,15,0,98,71,92,18,0,181,17,0,17,198
05/02/2005,LIH,HI,AWP,WE,Federal Contract Tower,69,13,1,12,95,0,112,8,0,120,69,125,9,12,215,70,0,70,285
05/03/2005,LIH,HI,AWP,WE,Federal Contract Tower,71,8,5,5,89,0,128,10,2,140,71,136,15,7,229,28,0,28,257
05/04/2005,LIH,HI,AWP,WE,Federal Contract Tower,69,8,1,16,94,0,163,15,6,184,69,171,16,22,278,60,16,76,354
05/05/2005,LIH,HI,AWP,WE,Federal Contract Tower,72,11,4,19,106,0,134,13,0,147,72,145,17,19,253,46,10,56,309
05/06/2005,LIH,HI,AWP,WE,Federal Contract Tower,80,16,4,12,112,0,96,14,0,110,80,112,18,12,222,20,0,20,242
05/07/2005,LIH,HI,AWP,WE,Federal Contract Tower,72,5,0,0,77,0,72,8,0,80,72,77,8,0,157,9,0,9,166
05/08/2005,LIH,HI,AWP,WE,Federal Contract Tower,71,0,0,0,71,0,70,11,0,81,71,70,11,0,152,51,0,51,203
05/09/2005,LIH,HI,AWP,WE,Federal Contract Tower,71,8,0,4,83,0,149,10,2,161,71,157,10,6,244,24,13,37,281
05/10/2005,LIH,HI,AWP,WE,Federal Contract Tower,70,10,8,14,102,0,148,8,0,156,70,158,16,14,258,48,0,48,306
05/11/2005,LIH,HI,AWP,WE,Federal Contract Tower,71,7,0,10,88,0,144,9,0,153,71,151,9,10,241,40,0,40,281
05/12/2005,LIH,HI,AWP,WE,Federal Contract Tower,72,70,9,15,166,0,120,7,2,129,72,190,16,17,295,40,18,58,353
05/13/2005,LIH,HI,AWP,WE,Federal Contract Tower,79,13,5,2,99,0,118,10,0,128,79,131,15,2,227,24,0,24,251
05/14/2005,LIH,HI,AWP,WE,Federal Contract Tower,74,3,14,2,93,0,137,21,0,158,74,140,35,2,251,18,0,18,269
05/15/2005,LIH,HI,AWP,WE,Federal Contract Tower,72,0,2,10,84,0,98,9,1,108,72,98,11,11,192,22,0,22,214
05/16/2005,LIH,HI,AWP,WE,Federal Contract Tower,72,7,3,23,105,0,193,10,3,206,72,200,13,26,311,48,1,49,360
05/17/2005,LIH,HI,AWP,WE,Federal Contract Tower,70,8,3,7,88,0,170,5,2,177,70,178,8,9,265,30,0,30,295
05/18/2005,LIH,HI,AWP,WE,Federal Contract Tower,69,11,4,5,89,0,176,14,0,190,69,187,18,5,279,68,0,68,347
05/19/2005,LIH,HI,AWP,WE,Federal Contract Tower,72,10,2,5,89,0,158,5,0,163,72,168,7,5,252,65,6,71,323
05/20/2005,LIH,HI,AWP,WE,Federal Contract Tower,80,7,2,4,93,0,140,10,2,152,80,147,12,6,245,10,8,18,263
05/21/2005,LIH,HI,AWP,WE,Federal Contract Tower,72,4,2,12,90,0,114,4,4,122,72,118,6,16,212,10,0,10,222
05/22/2005,LIH,HI,AWP,WE,Federal Contract Tower,74,0,0,0,74,0,86,7,0,93,74,86,7,0,167,16,0,16,183
05/23/2005,LIH,HI,AWP,WE,Federal Contract Tower,68,8,1,20,97,0,188,11,1,200,68,196,12,21,297,52,0,52,349
05/24/2005,LIH,HI,AWP,WE,Federal Contract Tower,74,9,0,8,91,0,170,15,2,187,74,179,15,10,278,50,33,83,361
05/25/2005,LIH,HI,AWP,WE,Federal Contract Tower,71,9,0,4,84,0,179,14,0,193,71,188,14,4,277,64,4,68,345
05/26/2005,LIH,HI,AWP,WE,Federal Contract Tower,73,9,1,19,102,0,146,8,8,162,73,155,9,27,264,60,0,60,324
05/27/2005,LIH,HI,AWP,WE,Federal Contract Tower,86,9,2,8,105,0,126,8,6,140,86,135,10,14,245,18,0,18,263
05/28/2005,LIH,HI,AWP,WE,Federal Contract Tower,75,4,0,4,83,0,127,6,6,139,75,131,6,10,222,12,0,12,234
05/29/2005,LIH,HI,AWP,WE,Federal Contract Tower,75,0,0,0,75,0,100,12,1,113,75,100,12,1,188,51,0,51,239
05/30/2005,LIH,HI,AWP,WE,Federal Contract Tower,78,0,1,0,79,0,184,17,0,201,78,184,18,0,280,22,0,22,302
05/31/2005,LIH,HI,AWP,WE,Federal Contract Tower,72,16,4,15,107,0,170,21,5,196,72,186,25,20,303,34,14,48,351
06/01/2005,LIH,HI,AWP,WE,Federal Contract Tower,68,10,2,10,90,0,141,14,10,165,68,151,16,20,255,66,2,68,323
06/02/2005,LIH,HI,AWP,WE,Federal Contract Tower,75,9,4,3,91,0,124,10,6,140,75,133,14,9,231,50,5,55,286
06/03/2005,LIH,HI,AWP,WE,Federal Contract Tower,80,15,1,3,99,0,118,12,6,136,80,133,13,9,235,20,2,22,257
06/04/2005,LIH,HI,AWP,WE,Federal Contract Tower,72,4,11,30,117,0,108,6,6,120,72,112,17,36,237,14,0,14,251
06/05/2005,LIH,HI,AWP,WE,Federal Contract Tower,71,2,1,2,76,0,92,8,0,100,71,94,9,2,176,10,0,10,186
06/06/2005,LIH,HI,AWP,WE,Federal Contract Tower,70,12,1,19,102,0,187,10,7,204,70,199,11,26,306,50,11,61,367
06/07/2005,LIH,HI,AWP,WE,Federal Contract Tower,69,10,0,9,88,0,186,7,3,196,69,196,7,12,284,26,0,26,310
06/08/2005,LIH,HI,AWP,WE,Federal Contract Tower,68,15,0,8,91,0,164,31,0,195,68,179,31,8,286,52,20,72,358
06/09/2005,LIH,HI,AWP,WE,Federal Contract Tower,72,13,0,22,107,0,154,18,18,190,72,167,18,40,297,36,8,44,341
06/10/2005,LIH,HI,AWP,WE,Federal Contract Tower,86,12,2,2,102,0,159,12,2,173,86,171,14,4,275,13,0,13,288
06/11/2005,LIH,HI,AWP,WE,Federal Contract Tower,84,4,6,0,94,0,134,5,0,139,84,138,11,0,233,13,0,13,246
06/12/2005,LIH,HI,AWP,WE,Federal Contract Tower,77,2,0,0,79,0,124,0,0,124,77,126,0,0,203,13,0,13,216
06/13/2005,LIH,HI,AWP,WE,Federal Contract Tower,76,12,1,4,93,0,202,12,0,214,76,214,13,4,307,19,0,19,326
06/14/2005,LIH,HI,AWP,WE,Federal Contract Tower,73,12,2,18,105,0,189,14,16,219,73,201,16,34,324,24,0,24,348
06/15/2005,LIH,HI,AWP,WE,Federal Contract Tower,76,11,1,20,108,0,185,22,18,225,76,196,23,38,333,54,0,54,387
06/16/2005,LIH,HI,AWP,WE,Federal Contract Tower,76,11,2,11,100,0,148,20,11,179,76,159,22,22,279,39,0,39,318
06/17/2005,LIH,HI,AWP,WE,Federal Contract Tower,86,13,0,20,119,0,150,20,8,178,86,163,20,28,297,36,0,36,333
06/18/2005,LIH,HI,AWP,WE,Federal Contract Tower,91,4,3,0,98,1,125,8,0,134,92,129,11,0,232,23,0,23,255
06/19/2005,LIH,HI,AWP,WE,Federal Contract Tower,77,6,0,0,83,0,0,2,0,2,77,6,2,0,85,5,0,5,90
06/20/2005,LIH,HI,AWP,WE,Federal Contract Tower,75,13,0,26,114,0,200,8,5,213,75,213,8,31,327,32,4,36,363
06/21/2005,LIH,HI,AWP,WE,Federal Contract Tower,75,12,2,10,99,0,200,20,0,220,75,212,22,10,319,54,0,54,373
06/22/2005,LIH,HI,AWP,WE,Federal Contract Tower,81,10,2,6,99,0,188,10,5,203,81,198,12,11,302,68,0,68,370
06/23/2005,LIH,HI,AWP,WE,Federal Contract Tower,77,11,4,4,96,0,164,26,4,194,77,175,30,8,290,36,6,42,332
06/24/2005,LIH,HI,AWP,WE,Federal Contract Tower,88,12,5,4,109,0,142,9,0,151,88,154,14,4,260,26,0,26,286
06/25/2005,LIH,HI,AWP,WE,Federal Contract Tower,91,4,4,4,103,0,115,5,0,120,91,119,9,4,223,30,2,32,255
06/26/2005,LIH,HI,AWP,WE,Federal Contract Tower,79,4,0,0,83,0,115,8,0,123,79,119,8,0,206,36,18,54,260
06/27/2005,LIH,HI,AWP,WE,Federal Contract Tower,81,13,2,14,110,0,204,3,10,217,81,217,5,24,327,70,0,70,397
06/28/2005,LIH,HI,AWP,WE,Federal Contract Tower,75,10,0,20,105,0,196,12,5,213,75,206,12,25,318,56,10,66,384
06/29/2005,LIH,HI,AWP,WE,Federal Contract Tower,84,10,1,10,105,0,204,14,8,226,84,214,15,18,331,40,2,42,373
06/30/2005,LIH,HI,AWP,WE,Federal Contract Tower,78,14,3,3,98,0,168,12,3,183,78,182,15,6,281,76,4,80,361
07/01/2005,LIH,HI,AWP,WE,Federal Contract Tower,92,16,1,0,109,0,145,14,0,159,92,161,15,0,268,14,0,14,282
07/02/2005,LIH,HI,AWP,WE,Federal Contract Tower,95,4,2,4,105,0,101,7,2,110,95,105,9,6,215,24,0,24,239
07/03/2005,LIH,HI,AWP,WE,Federal Contract Tower,80,3,6,8,97,0,125,4,0,129,80,128,10,8,226,19,12,31,257
07/04/2005,LIH,HI,AWP,WE,Federal Contract Tower,80,3,2,10,95,0,200,11,0,211,80,203,13,10,306,31,0,31,337
07/05/2005,LIH,HI,AWP,WE,Federal Contract Tower,77,16,2,2,97,0,174,17,1,192,77,190,19,3,289,16,36,52,341
07/06/2005,LIH,HI,AWP,WE,Federal Contract Tower,77,12,0,2,91,0,188,12,1,201,77,200,12,3,292,64,0,64,356
07/07/2005,LIH,HI,AWP,WE,Federal Contract Tower,82,13,3,15,113,0,164,15,13,192,82,177,18,28,305,58,10,68,373
07/08/2005,LIH,HI,AWP,WE,Federal Contract Tower,86,12,3,9,110,0,126,11,0,137,86,138,14,9,247,46,0,46,293
07/09/2005,LIH,HI,AWP,WE,Federal Contract Tower,89,6,9,8,112,0,127,6,5,138,89,133,15,13,250,10,0,10,260
07/10/2005,LIH,HI,AWP,WE,Federal Contract Tower,77,2,0,0,79,0,110,14,0,124,77,112,14,0,203,16,0,16,219
07/11/2005,LIH,HI,AWP,WE,Federal Contract Tower,79,11,2,13,105,0,163,17,0,180,79,174,19,13,285,16,2,18,303
07/12/2005,LIH,HI,AWP,WE,Federal Contract Tower,75,12,0,2,89,0,168,6,0,174,75,180,6,2,263,30,0,30,293
07/13/2005,LIH,HI,AWP,WE,Federal Contract Tower,78,11,0,9,98,0,168,14,4,186,78,179,14,13,284,40,68,108,392
07/14/2005,LIH,HI,AWP,WE,Federal Contract Tower,83,11,0,7,101,0,150,14,7,171,83,161,14,14,272,103,2,105,377
07/15/2005,LIH,HI,AWP,WE,Federal Contract Tower,90,9,0,0,99,0,130,13,0,143,90,139,13,0,242,24,0,24,266
07/16/2005,LIH,HI,AWP,WE,Federal Contract Tower,92,5,3,4,104,0,112,18,4,134,92,117,21,8,238,10,2,12,250
07/17/2005,LIH,HI,AWP,WE,Federal Contract Tower,82,0,0,0,82,0,64,5,0,69,82,64,5,0,151,23,0,23,174
07/18/2005,LIH,HI,AWP,WE,Federal Contract Tower,80,14,7,43,144,0,202,16,16,234,80,216,23,59,378,48,24,72,450
07/19/2005,LIH,HI,AWP,WE,Federal Contract Tower,78,10,2,11,101,0,184,9,3,196,78,194,11,14,297,34,24,58,355
07/20/2005,LIH,HI,AWP,WE,Federal Contract Tower,74,14,1,6,95,0,192,10,4,206,74,206,11,10,301,28,0,28,329
07/21/2005,LIH,HI,AWP,WE,Federal Contract Tower,78,10,0,13,101,0,168,9,6,183,78,178,9,19,284,62,2,64,348
07/22/2005,LIH,HI,AWP,WE,Federal Contract Tower,88,10,4,8,110,0,158,17,4,179,88,168,21,12,289,60,4,64,353
07/23/2005,LIH,HI,AWP,WE,Federal Contract Tower,88,9,1,0,98,0,121,12,2,135,88,130,13,2,233,26,40,66,299
07/24/2005,LIH,HI,AWP,WE,Federal Contract Tower,77,1,2,2,82,0,127,5,0,132,77,128,7,2,214,17,18,35,249
07/25/2005,LIH,HI,AWP,WE,Federal Contract Tower,80,14,8,2,104,0,215,13,3,231,80,229,21,5,335,50,36,86,421
07/26/2005,LIH,HI,AWP,WE,Federal Contract Tower,77,10,0,11,98,0,197,7,1,205,77,207,7,12,303,40,2,42,345
07/27/2005,LIH,HI,AWP,WE,Federal Contract Tower,76,6,3,16,101,0,198,22,16,236,76,204,25,32,337,52,4,56,393
07/28/2005,LIH,HI,AWP,WE,Federal Contract Tower,81,11,6,4,102,0,164,10,1,175,81,175,16,5,277,62,0,62,339
07/29/2005,LIH,HI,AWP,WE,Federal Contract Tower,88,11,3,5,107,0,188,26,1,215,88,199,29,6,322,24,1,25,347
07/30/2005,LIH,HI,AWP,WE,Federal Contract Tower,98,2,10,4,114,0,117,11,7,135,98,119,21,11,249,13,3,16,265
07/31/2005,LIH,HI,AWP,WE,Federal Contract Tower,79,0,1,0,80,0,104,16,0,120,79,104,17,0,200,12,0,12,212
08/01/2005,LIH,HI,AWP,WE,Federal Contract Tower,79,9,5,11,104,0,176,8,0,184,79,185,13,11,288,30,17,47,335
08/02/2005,LIH,HI,AWP,WE,Federal Contract Tower,77,10,7,9,103,0,168,10,1,179,77,178,17,10,282,95,0,95,377
08/03/2005,LIH,HI,AWP,WE,Federal Contract Tower,78,11,6,4,99,0,146,10,4,160,78,157,16,8,259,6,40,46,305
08/04/2005,LIH,HI,AWP,WE,Federal Contract Tower,79,11,4,15,109,0,234,14,10,258,79,245,18,25,367,46,36,82,449
08/05/2005,LIH,HI,AWP,WE,Federal Contract Tower,89,10,7,4,110,0,170,15,0,185,89,180,22,4,295,21,10,31,326
08/06/2005,LIH,HI,AWP,WE,Federal Contract Tower,89,5,12,2,108,0,136,17,2,155,89,141,29,4,263,4,10,14,277
08/07/2005,LIH,HI,AWP,WE,Federal Contract Tower,80,0,4,2,86,0,142,33,0,175,80,142,37,2,261,17,6,23,284
08/08/2005,LIH,HI,AWP,WE,Federal Contract Tower,79,9,8,17,113,0,219,6,3,228,79,228,14,20,341,13,17,30,371
08/09/2005,LIH,HI,AWP,WE,Federal Contract Tower,76,7,9,16,108,0,198,8,2,208,76,205,17,18,316,22,50,72,388
08/10/2005,LIH,HI,AWP,WE,Federal Contract Tower,75,13,0,13,101,0,204,8,13,225,75,217,8,26,326,40,10,50,376
08/11/2005,LIH,HI,AWP,WE,Federal Contract Tower,80,10,0,10,100,0,172,10,6,188,80,182,10,16,288,52,24,76,364
08/12/2005,LIH,HI,AWP,WE,Federal Contract Tower,91,10,5,6,112,0,154,8,4,166,91,164,13,10,278,26,3,29,307
08/13/2005,LIH,HI,AWP,WE,Federal Contract Tower,87,2,2,5,96,0,148,8,0,156,87,150,10,5,252,15,13,28,280
08/14/2005,LIH,HI,AWP,WE,Federal Contract Tower,75,3,1,0,79,0,124,8,0,132,75,127,9,0,211,4,12,16,227
08/15/2005,LIH,HI,AWP,WE,Federal Contract Tower,79,9,5,7,100,0,222,4,0,226,79,231,9,7,326,2,23,25,351
08/16/2005,LIH,HI,AWP,WE,Federal Contract Tower,74,8,1,14,97,0,186,7,0,193,74,194,8,14,290,38,14,52,342
08/17/2005,LIH,HI,AWP,WE,Federal Contract Tower,77,12,0,4,93,0,198,12,4,214,77,210,12,8,307,14,16,30,337
08/18/2005,LIH,HI,AWP,WE,Federal Contract Tower,83,8,2,6,99,0,194,18,8,220,83,202,20,14,319,55,8,63,382
08/19/2005,LIH,HI,AWP,WE,Federal Contract Tower,88,10,6,1,105,0,166,10,0,176,88,176,16,1,281,27,16,43,324
08/20/2005,LIH,HI,AWP,WE,Federal Contract Tower,89,3,8,0,100,0,88,11,0,99,89,91,19,0,199,14,0,14,213
08/21/2005,LIH,HI,AWP,WE,Federal Contract Tower,66,1,0,0,67,0,107,12,0,119,66,108,12,0,186,14,0,14,200
08/22/2005,LIH,HI,AWP,WE,Federal Contract Tower,78,10,0,25,113,0,183,14,4,201,78,193,14,29,314,7,16,23,337
08/23/2005,LIH,HI,AWP,WE,Federal Contract Tower,75,8,0,20,103,0,168,22,0,190,75,176,22,20,293,14,30,44,337
08/24/2005,LIH,HI,AWP,WE,Federal Contract Tower,78,8,1,8,95,0,148,6,0,154,78,156,7,8,249,48,28,76,325
08/25/2005,LIH,HI,AWP,WE,Federal Contract Tower,77,11,4,13,105,0,162,14,4,180,77,173,18,17,285,42,15,57,342
08/26/2005,LIH,HI,AWP,WE,Federal Contract Tower,88,10,5,7,110,0,171,20,6,197,88,181,25,13,307,18,6,24,331
08/27/2005,LIH,HI,AWP,WE,Federal Contract Tower,87,2,2,0,91,0,96,36,0,132,87,98,38,0,223,40,0,40,263
08/28/2005,LIH,HI,AWP,WE,Federal Contract Tower,78,2,0,0,80,0,105,8,0,113,78,107,8,0,193,51,0,51,244
08/29/2005,LIH,HI,AWP,WE,Federal Contract Tower,73,16,0,2,91,0,159,7,0,166,73,175,7,2,257,17,0,17,274
08/30/2005,LIH,HI,AWP,WE,Federal Contract Tower,77,16,3,27,123,0,156,14,7,177,77,172,17,34,300,60,12,72,372
08/31/2005,LIH,HI,AWP,WE,Federal Contract Tower,75,17,0,5,97,0,168,12,4,184,75,185,12,9,281,32,12,44,325
09/01/2005,LIH,HI,AWP,WE,Federal Contract Tower,74,12,2,10,98,0,138,8,14,160,74,150,10,24,258,78,8,86,344
09/02/2005,LIH,HI,AWP,WE,Federal Contract Tower,84,8,4,0,96,0,130,10,0,140,84,138,14,0,236,32,0,32,268
09/03/2005,LIH,HI,AWP,WE,Federal Contract Tower,81,3,4,0,88,0,107,14,0,121,81,110,18,0,209,24,0,24,233
09/04/2005,LIH,HI,AWP,WE,Federal Contract Tower,76,0,4,0,80,0,86,7,0,93,76,86,11,0,173,13,0,13,186
09/05/2005,LIH,HI,AWP,WE,Federal Contract Tower,77,0,3,9,89,0,173,11,0,184,77,173,14,9,273,29,6,35,308
09/06/2005,LIH,HI,AWP,WE,Federal Contract Tower,71,13,3,8,95,0,166,10,6,182,71,179,13,14,277,20,22,42,319
09/07/2005,LIH,HI,AWP,WE,Federal Contract Tower,69,11,2,1,83,0,166,18,0,184,69,177,20,1,267,80,0,80,347
09/08/2005,LIH,HI,AWP,WE,Federal Contract Tower,71,12,3,4,90,0,188,20,6,214,71,200,23,10,304,26,0,26,330
09/09/2005,LIH,HI,AWP,WE,Federal Contract Tower,80,11,5,8,104,0,176,17,9,202,80,187,22,17,306,46,0,46,352
09/10/2005,LIH,HI,AWP,WE,Federal Contract Tower,81,3,0,6,90,0,108,8,2,118,81,111,8,8,208,42,11,53,261
09/11/2005,LIH,HI,AWP,WE,Federal Contract Tower,75,0,5,14,94,0,91,18,4,113,75,91,23,18,207,33,0,33,240
09/12/2005,LIH,HI,AWP,WE,Federal Contract Tower,72,11,1,12,96,0,152,6,9,167,72,163,7,21,263,35,22,57,320
09/13/2005,LIH,HI,AWP,WE,Federal Contract Tower,70,8,1,15,94,0,174,4,7,185,70,182,5,22,279,16,4,20,299
09/14/2005,LIH,HI,AWP,WE,Federal Contract Tower,71,11,4,30,116,0,150,20,26,196,71,161,24,56,312,60,4,64,376
09/15/2005,LIH,HI,AWP,WE,Federal Contract Tower,73,12,0,4,89,0,148,7,2,157,73,160,7,6,246,50,0,50,296
09/16/2005,LIH,HI,AWP,WE,Federal Contract Tower,81,9,8,10,108,0,116,8,5,129,81,125,16,15,237,42,20,62,299
09/17/2005,LIH,HI,AWP,WE,Federal Contract Tower,78,3,0,14,95,0,132,3,5,140,78,135,3,19,235,16,0,16,251
09/18/2005,LIH,HI,AWP,WE,Federal Contract Tower,73,4,1,0,78,0,122,6,0,128,73,126,7,0,206,5,0,5,211
09/19/2005,LIH,HI,AWP,WE,Federal Contract Tower,70,15,2,11,98,0,205,13,8,226,70,220,15,19,324,54,2,56,380
09/20/2005,LIH,HI,AWP,WE,Federal Contract Tower,72,11,1,15,99,0,192,13,1,206,72,203,14,16,305,54,16,70,375
09/21/2005,LIH,HI,AWP,WE,Federal Contract Tower,70,10,0,9,89,0,208,25,5,238,70,218,25,14,327,28,0,28,355
09/22/2005,LIH,HI,AWP,WE,Federal Contract Tower,77,13,0,7,97,0,183,21,9,213,77,196,21,16,310,16,8,24,334
09/23/2005,LIH,HI,AWP,WE,Federal Contract Tower,81,14,3,3,101,0,128,8,5,141,81,142,11,8,242,14,0,14,256
09/24/2005,LIH,HI,AWP,WE,Federal Contract Tower,78,5,6,4,93,0,76,6,2,84,78,81,12,6,177,40,18,58,235
09/25/2005,LIH,HI,AWP,WE,Federal Contract Tower,77,0,1,2,80,0,127,16,0,143,77,127,17,2,223,33,0,33,256
09/26/2005,LIH,HI,AWP,WE,Federal Contract Tower,69,11,2,11,93,0,118,5,0,123,69,129,7,11,216,62,22,84,300
09/27/2005,LIH,HI,AWP,WE,Federal Contract Tower,73,11,2,16,102,0,124,7,2,133,73,135,9,18,235,94,38,132,367
09/28/2005,LIH,HI,AWP,WE,Federal Contract Tower,71,19,1,9,100,0,110,18,8,136,71,129,19,17,236,58,8,66,302
09/29/2005,LIH,HI,AWP,WE,Federal Contract Tower,74,18,9,14,115,0,174,8,9,191,74,192,17,23,306,89,6,95,401
09/30/2005,LIH,HI,AWP,WE,Federal Contract Tower,79,9,1,4,93,0,97,5,3,105,79,106,6,7,198,44,0,44,242
10/01/2005,LIH,HI,AWP,WE,Federal Contract Tower,78,3,2,6,89,0,78,2,0,80,78,81,4,6,169,17,6,23,192
10/02/2005,LIH,HI,AWP,WE,Federal Contract Tower,74,6,3,0,83,0,71,6,0,77,74,77,9,0,160,16,0,16,176
10/03/2005,LIH,HI,AWP,WE,Federal Contract Tower,73,13,2,23,111,0,159,4,0,163,73,172,6,23,274,42,7,49,323
10/04/2005,LIH,HI,AWP,WE,Federal Contract Tower,72,13,2,0,87,0,172,10,2,184,72,185,12,2,271,60,0,60,331
10/05/2005,LIH,HI,AWP,WE,Federal Contract Tower,77,11,2,4,94,0,170,5,2,177,77,181,7,6,271,70,16,86,357
10/06/2005,LIH,HI,AWP,WE,Federal Contract Tower,77,12,7,14,110,0,165,0,8,173,77,177,7,22,283,47,8,55,338
10/07/2005,LIH,HI,AWP,WE,Federal Contract Tower,85,15,2,8,110,0,183,9,6,198,85,198,11,14,308,32,7,39,347
10/08/2005,LIH,HI,AWP,WE,Federal Contract Tower,78,1,4,0,83,0,92,14,0,106,78,93,18,0,189,61,0,61,250
10/09/2005,LIH,HI,AWP,WE,Federal Contract Tower,75,0,5,0,80,0,140,2,0,142,75,140,7,0,222,23,0,23,245
10/10/2005,LIH,HI,AWP,WE,Federal Contract Tower,74,8,1,0,83,0,185,4,0,189,74,193,5,0,272,23,0,23,295
10/11/2005,LIH,HI,AWP,WE,Federal Contract Tower,73,13,2,10,98,0,172,4,1,177,73,185,6,11,275,64,42,106,381
10/12/2005,LIH,HI,AWP,WE,Federal Contract Tower,74,12,1,18,105,0,156,5,16,177,74,168,6,34,282,60,0,60,342
10/13/2005,LIH,HI,AWP,WE,Federal Contract Tower,74,10,0,6,90,0,156,8,6,170,74,166,8,12,260,56,8,64,324
10/14/2005,LIH,HI,AWP,WE,Federal Contract Tower,80,10,0,15,105,0,168,10,10,188,80,178,10,25,293,93,14,107,400
10/15/2005,LIH,HI,AWP,WE,Federal Contract Tower,78,5,0,2,85,0,130,13,0,143,78,135,13,2,228,37,0,37,265
10/16/2005,LIH,HI,AWP,WE,Federal Contract Tower,74,1,3,2,80,0,112,14,0,126,74,113,17,2,206,66,0,66,272
10/17/2005,LIH,HI,AWP,WE,Federal Contract Tower,74,12,3,7,96,0,196,8,4,208,74,208,11,11,304,86,6,92,396
10/18/2005,LIH,HI,AWP,WE,Federal Contract Tower,72,9,1,5,87,0,180,16,0,196,72,189,17,5,283,48,16,64,347
10/19/2005,LIH,HI,AWP,WE,Federal Contract Tower,74,11,3,12,100,0,152,8,10,170,74,163,11,22,270,38,10,48,318
10/20/2005,LIH,HI,AWP,WE,Federal Contract Tower,71,10,0,16,97,0,164,10,0,174,71,174,10,16,271,24,22,46,317
10/21/2005,LIH,HI,AWP,WE,Federal Contract Tower,83,8,3,13,107,0,170,4,8,182,83,178,7,21,289,34,8,42,331
10/22/2005,LIH,HI,AWP,WE,Federal Contract Tower,78,5,0,2,85,0,2,0,0,2,78,7,0,2,87,2,0,2,89
10/23/2005,LIH,HI,AWP,WE,Federal Contract Tower,76,8,0,0,84,0,107,4,0,111,76,115,4,0,195,32,0,32,227
10/24/2005,LIH,HI,AWP,WE,Federal Contract Tower,72,9,2,10,93,0,188,6,0,194,72,197,8,10,287,41,0,41,328
10/25/2005,LIH,HI,AWP,WE,Federal Contract Tower,66,9,0,5,80,0,156,6,4,166,66,165,6,9,246,30,6,36,282
10/26/2005,LIH,HI,AWP,WE,Federal Contract Tower,78,10,1,3,92,0,150,12,1,163,78,160,13,4,255,56,0,56,311
10/27/2005,LIH,HI,AWP,WE,Federal Contract Tower,69,9,6,6,90,0,175,23,1,199,69,184,29,7,289,46,0,46,335
10/28/2005,LIH,HI,AWP,WE,Federal Contract Tower,81,11,2,5,99,0,180,6,0,186,81,191,8,5,285,32,6,38,323
10/29/2005,LIH,HI,AWP,WE,Federal Contract Tower,79,5,4,0,88,0,125,0,0,125,79,130,4,0,213,20,0,20,233
10/30/2005,LIH,HI,AWP,WE,Federal Contract Tower,73,2,3,0,78,0,113,2,0,115,73,115,5,0,193,15,14,29,222
10/31/2005,LIH,HI,AWP,WE,Federal Contract Tower,71,18,3,18,110,0,136,1,3,140,71,154,4,21,250,47,4,51,301
11/01/2005,LIH,HI,AWP,WE,Federal Contract Tower,64,7,0,24,95,0,102,0,2,104,64,109,0,26,199,20,8,28,227
11/02/2005,LIH,HI,AWP,WE,Federal Contract Tower,71,13,2,15,101,0,168,8,12,188,71,181,10,27,289,66,4,70,359
11/03/2005,LIH,HI,AWP,WE,Federal Contract Tower,73,13,2,0,88,0,156,3,1,160,73,169,5,1,248,16,0,16,264
11/04/2005,LIH,HI,AWP,WE,Federal Contract Tower,79,9,5,7,100,0,138,6,0,144,79,147,11,7,244,32,0,32,276
11/05/2005,LIH,HI,AWP,WE,Federal Contract Tower,78,3,6,2,89,0,89,5,0,94,78,92,11,2,183,54,0,54,237
11/06/2005,LIH,HI,AWP,WE,Federal Contract Tower,76,0,3,10,89,0,102,5,0,107,76,102,8,10,196,35,8,43,239
11/07/2005,LIH,HI,AWP,WE,Federal Contract Tower,73,11,3,30,117,0,190,7,2,199,73,201,10,32,316,38,0,38,354
11/08/2005,LIH,HI,AWP,WE,Federal Contract Tower,72,7,2,5,86,0,136,9,1,146,72,143,11,6,232,34,2,36,268
11/09/2005,LIH,HI,AWP,WE,Federal Contract Tower,72,9,6,9,96,0,184,3,9,196,72,193,9,18,292,38,0,38,330
11/10/2005,LIH,HI,AWP,WE,Federal Contract Tower,72,7,1,4,84,0,210,16,0,226,72,217,17,4,310,76,4,80,390
11/11/2005,LIH,HI,AWP,WE,Federal Contract Tower,79,5,5,0,89,0,161,14,0,175,79,166,19,0,264,50,0,50,314
11/12/2005,LIH,HI,AWP,WE,Federal Contract Tower,81,3,3,0,87,0,98,8,0,106,81,101,11,0,193,21,0,21,214
11/13/2005,LIH,HI,AWP,WE,Federal Contract Tower,77,1,4,0,82,0,129,16,0,145,77,130,20,0,227,53,0,53,280
11/14/2005,LIH,HI,AWP,WE,Federal Contract Tower,71,16,1,7,95,0,186,13,0,199,71,202,14,7,294,50,0,50,344
11/15/2005,LIH,HI,AWP,WE,Federal Contract Tower,72,10,2,10,94,0,161,9,6,176,72,171,11,16,270,42,4,46,316
11/16/2005,LIH,HI,AWP,WE,Federal Contract Tower,71,8,2,9,90,0,146,14,0,160,71,154,16,9,250,22,24,46,296
11/17/2005,LIH,HI,AWP,WE,Federal Contract Tower,75,9,4,8,96,0,164,11,2,177,75,173,15,10,273,38,34,72,345
11/18/2005,LIH,HI,AWP,WE,Federal Contract Tower,81,11,7,7,106,0,145,10,0,155,81,156,17,7,261,32,0,32,293
11/19/2005,LIH,HI,AWP,WE,Federal Contract Tower,80,3,8,12,103,0,72,9,1,82,80,75,17,13,185,50,26,76,261
11/20/2005,LIH,HI,AWP,WE,Federal Contract Tower,77,0,4,7,88,0,129,15,4,148,77,129,19,11,236,36,32,68,304
11/21/2005,LIH,HI,AWP,WE,Federal Contract Tower,69,13,1,0,83,0,64,3,2,69,69,77,4,2,152,30,0,30,182
11/22/2005,LIH,HI,AWP,WE,Federal Contract Tower,71,11,4,5,91,0,174,15,2,191,71,185,19,7,282,20,12,32,314
11/23/2005,LIH,HI,AWP,WE,Federal Contract Tower,76,13,8,6,103,0,156,8,1,165,76,169,16,7,268,44,6,50,318
11/24/2005,LIH,HI,AWP,WE,Federal Contract Tower,72,4,0,0,76,0,145,9,0,154,72,149,9,0,230,7,0,7,237
11/25/2005,LIH,HI,AWP,WE,Federal Contract Tower,75,6,4,0,85,0,114,4,0,118,75,120,8,0,203,6,0,6,209
11/26/2005,LIH,HI,AWP,WE,Federal Contract Tower,81,2,11,0,94,0,41,3,0,44,81,43,14,0,138,21,0,21,159
11/27/2005,LIH,HI,AWP,WE,Federal Contract Tower,78,1,5,7,91,0,134,10,0,144,78,135,15,7,235,43,8,51,286
11/28/2005,LIH,HI,AWP,WE,Federal Contract Tower,71,9,1,12,93,0,168,8,6,182,71,177,9,18,275,42,0,42,317
11/29/2005,LIH,HI,AWP,WE,Federal Contract Tower,71,9,0,11,91,0,150,2,4,156,71,159,2,15,247,12,0,12,259
11/30/2005,LIH,HI,AWP,WE,Federal Contract Tower,68,11,3,15,97,0,122,4,4,130,68,133,7,19,227,144,0,144,371
12/01/2005,LIH,HI,AWP,WE,Federal Contract Tower,71,16,0,5,92,0,125,10,0,135,71,141,10,5,227,110,4,114,341
12/02/2005,LIH,HI,AWP,WE,Federal Contract Tower,75,10,1,7,93,0,131,12,2,145,75,141,13,9,238,158,4,162,400
12/03/2005,LIH,HI,AWP,WE,Federal Contract Tower,75,2,1,8,86,0,88,14,0,102,75,90,15,8,188,20,0,20,208
12/04/2005,LIH,HI,AWP,WE,Federal Contract Tower,74,0,8,2,84,0,76,4,0,80,74,76,12,2,164,10,0,10,174
12/05/2005,LIH,HI,AWP,WE,Federal Contract Tower,71,13,0,19,103,0,146,4,0,150,71,159,4,19,253,44,10,54,307
12/06/2005,LIH,HI,AWP,WE,Federal Contract Tower,71,11,0,8,90,0,134,10,4,148,71,145,10,12,238,96,4,100,338
12/07/2005,LIH,HI,AWP,WE,Federal Contract Tower,73,14,4,23,114,0,112,6,3,121,73,126,10,26,235,52,4,56,291
12/08/2005,LIH,HI,AWP,WE,Federal Contract Tower,73,13,4,6,96,0,137,5,0,142,73,150,9,6,238,58,10,68,306
12/09/2005,LIH,HI,AWP,WE,Federal Contract Tower,80,14,1,8,103,0,99,3,0,102,80,113,4,8,205,107,18,125,330
12/10/2005,LIH,HI,AWP,WE,Federal Contract Tower,79,4,2,11,96,0,64,11,0,75,79,68,13,11,171,31,8,39,210
12/11/2005,LIH,HI,AWP,WE,Federal Contract Tower,77,0,4,0,81,0,81,8,0,89,77,81,12,0,170,12,0,12,182
12/12/2005,LIH,HI,AWP,WE,Federal Contract Tower,72,18,1,17,108,0,144,6,4,154,72,162,7,21,262,28,20,48,310
12/13/2005,LIH,HI,AWP,WE,Federal Contract Tower,65,14,0,7,86,0,154,2,4,160,65,168,2,11,246,12,12,24,270
12/14/2005,LIH,HI,AWP,WE,Federal Contract Tower,72,13,2,2,89,0,106,12,0,118,72,119,14,2,207,108,0,108,315
12/15/2005,LIH,HI,AWP,WE,Federal Contract Tower,74,17,2,0,93,0,150,10,0,160,74,167,12,0,253,64,0,64,317
12/16/2005,LIH,HI,AWP,WE,Federal Contract Tower,78,13,2,4,97,0,118,8,0,126,78,131,10,4,223,6,18,24,247
12/17/2005,LIH,HI,AWP,WE,Federal Contract Tower,77,10,6,1,94,0,69,9,2,80,77,79,15,3,174,16,0,16,190
12/18/2005,LIH,HI,AWP,WE,Federal Contract Tower,74,1,0,0,75,0,5,4,0,9,74,6,4,0,84,9,0,9,93
12/19/2005,LIH,HI,AWP,WE,Federal Contract Tower,74,17,0,17,108,0,147,8,0,155,74,164,8,17,263,28,30,58,321
12/20/2005,LIH,HI,AWP,WE,Federal Contract Tower,72,21,3,10,106,0,166,18,0,184,72,187,21,10,290,26,18,44,334
12/21/2005,LIH,HI,AWP,WE,Federal Contract Tower,76,18,3,9,106,0,160,8,0,168,76,178,11,9,274,28,0,28,302
12/22/2005,LIH,HI,AWP,WE,Federal Contract Tower,72,17,1,0,90,0,159,8,0,167,72,176,9,0,257,58,0,58,315
12/23/2005,LIH,HI,AWP,WE,Federal Contract Tower,83,15,3,0,101,0,169,7,0,176,83,184,10,0,277,0,0,0,277
12/24/2005,LIH,HI,AWP,WE,Federal Contract Tower,80,8,6,0,94,0,139,12,0,151,80,147,18,0,245,19,0,19,264
12/25/2005,LIH,HI,AWP,WE,Federal Contract Tower,75,0,2,0,77,0,18,10,0,28,75,18,12,0,105,1,0,1,106
12/26/2005,LIH,HI,AWP,WE,Federal Contract Tower,77,2,9,0,88,0,190,21,0,211,77,192,30,0,299,20,0,20,319
12/27/2005,LIH,HI,AWP,WE,Federal Contract Tower,70,10,5,4,89,0,186,15,0,201,70,196,20,4,290,52,16,68,358
12/28/2005,LIH,HI,AWP,WE,Federal Contract Tower,77,14,4,14,109,0,186,6,0,192,77,200,10,14,301,48,4,52,353
12/29/2005,LIH,HI,AWP,WE,Federal Contract Tower,75,11,9,8,103,0,194,6,0,200,75,205,15,8,303,52,4,56,359
12/30/2005,LIH,HI,AWP,WE,Federal Contract Tower,81,7,6,0,94,0,157,10,0,167,81,164,16,0,261,30,0,30,291
12/31/2005,LIH,HI,AWP,WE,Federal Contract Tower,77,3,5,0,85,0,146,5,0,151,77,149,10,0,236,36,0,36,272
01/01/2006,LIH,HI,AWP,WE,Federal Contract Tower,74,6,3,0,83,0,112,2,0,114,74,118,5,0,197,30,0,30,227
01/02/2006,LIH,HI,AWP,WE,Federal Contract Tower,76,4,1,11,92,0,191,6,0,197,76,195,7,11,289,38,16,54,343
01/03/2006,LIH,HI,AWP,WE,Federal Contract Tower,73,14,2,14,103,0,160,8,0,168,73,174,10,14,271,58,40,98,369
01/04/2006,LIH,HI,AWP,WE,Federal Contract Tower,75,8,5,16,104,0,134,8,0,142,75,142,13,16,246,46,6,52,298
01/05/2006,LIH,HI,AWP,WE,Federal Contract Tower,72,11,1,6,90,0,187,15,5,207,72,198,16,11,297,36,24,60,357
01/06/2006,LIH,HI,AWP,WE,Federal Contract Tower,79,7,4,6,96,0,152,9,0,161,79,159,13,6,257,38,16,54,311
01/07/2006,LIH,HI,AWP,WE,Federal Contract Tower,79,3,5,4,91,0,91,4,0,95,79,94,9,4,186,4,0,4,190
01/08/2006,LIH,HI,AWP,WE,Federal Contract Tower,74,2,4,2,82,0,112,4,2,118,74,114,8,4,200,6,8,14,214
01/09/2006,LIH,HI,AWP,WE,Federal Contract Tower,72,10,1,2,85,0,157,10,0,167,72,167,11,2,252,10,0,10,262
01/10/2006,LIH,HI,AWP,WE,Federal Contract Tower,71,11,0,7,89,0,148,8,2,158,71,159,8,9,247,20,0,20,267
01/11/2006,LIH,HI,AWP,WE,Federal Contract Tower,73,13,1,4,91,0,142,9,0,151,73,155,10,4,242,24,0,24,266
01/12/2006,LIH,HI,AWP,WE,Federal Contract Tower,71,11,5,4,91,0,146,4,3,153,71,157,9,7,244,14,8,22,266
01/13/2006,LIH,HI,AWP,WE,Federal Contract Tower,74,11,3,0,88,0,106,10,1,117,74,117,13,1,205,30,2,32,237
01/14/2006,LIH,HI,AWP,WE,Federal Contract Tower,75,3,4,0,82,0,88,10,6,104,75,91,14,6,186,48,4,52,238
01/15/2006,LIH,HI,AWP,WE,Federal Contract Tower,67,2,2,6,77,0,114,7,3,124,67,116,9,9,201,65,0,65,266
01/16/2006,LIH,HI,AWP,WE,Federal Contract Tower,69,6,0,6,81,0,154,8,0,162,69,160,8,6,243,16,0,16,259
01/17/2006,LIH,HI,AWP,WE,Federal Contract Tower,72,9,1,3,85,0,144,8,0,152,72,153,9,3,237,42,0,42,279
01/18/2006,LIH,HI,AWP,WE,Federal Contract Tower,72,12,1,14,99,0,136,2,0,138,72,148,3,14,237,60,48,108,345
01/19/2006,LIH,HI,AWP,WE,Federal Contract Tower,72,8,3,7,90,0,176,10,0,186,72,184,13,7,276,22,0,22,298
01/20/2006,LIH,HI,AWP,WE,Federal Contract Tower,77,7,3,0,87,0,86,4,0,90,77,93,7,0,177,18,0,18,195
01/21/2006,LIH,HI,AWP,WE,Federal Contract Tower,77,4,4,0,85,0,101,6,0,107,77,105,10,0,192,32,0,32,224
01/22/2006,LIH,HI,AWP,WE,Federal Contract Tower,72,0,1,0,73,0,122,8,0,130,72,122,9,0,203,16,0,16,219
01/23/2006,LIH,HI,AWP,WE,Federal Contract Tower,71,11,1,27,110,0,147,5,0,152,71,158,6,27,262,24,4,28,290
01/24/2006,LIH,HI,AWP,WE,Federal Contract Tower,70,10,2,13,95,0,44,3,0,47,70,54,5,13,142,50,4,54,196
01/25/2006,LIH,HI,AWP,WE,Federal Contract Tower,66,11,1,0,78,0,8,0,0,8,66,19,1,0,86,6,0,6,92
01/26/2006,LIH,HI,AWP,WE,Federal Contract Tower,73,9,6,4,92,0,62,3,0,65,73,71,9,4,157,16,0,16,173
01/27/2006,LIH,HI,AWP,WE,Federal Contract Tower,77,11,1,3,92,0,174,2,0,176,77,185,3,3,268,6,24,30,298
01/28/2006,LIH,HI,AWP,WE,Federal Contract Tower,76,2,4,0,82,0,142,6,0,148,76,144,10,0,230,22,0,22,252
01/29/2006,LIH,HI,AWP,WE,Federal Contract Tower,73,4,3,0,80,0,114,5,0,119,73,118,8,0,199,16,0,16,215
01/30/2006,LIH,HI,AWP,WE,Federal Contract Tower,75,15,3,6,99,0,159,1,0,160,75,174,4,6,259,38,2,40,299
01/31/2006,LIH,HI,AWP,WE,Federal Contract Tower,73,6,4,12,95,0,176,16,8,200,73,182,20,20,295,54,10,64,359
02/01/2006,LIH,HI,AWP,WE,Federal Contract Tower,70,10,1,10,91,0,148,2,2,152,70,158,3,12,243,36,0,36,279
02/02/2006,LIH,HI,AWP,WE,Federal Contract Tower,59,15,3,12,89,0,58,12,4,74,59,73,15,16,163,20,14,34,197
02/03/2006,LIH,HI,AWP,WE,Federal Contract Tower,69,12,5,8,94,0,141,7,0,148,69,153,12,8,242,2,0,2,244
02/04/2006,LIH,HI,AWP,WE,Federal Contract Tower,70,8,5,8,91,0,113,13,0,126,70,121,18,8,217,14,0,14,231
02/05/2006,LIH,HI,AWP,WE,Federal Contract Tower,65,9,5,8,87,0,89,5,0,94,65,98,10,8,181,29,1,30,211
02/06/2006,LIH,HI,AWP,WE,Federal Contract Tower,65,18,3,21,107,0,196,6,7,209,65,214,9,28,316,18,0,18,334
02/07/2006,LIH,HI,AWP,WE,Federal Contract Tower,65,13,1,15,94,0,180,9,4,193,65,193,10,19,287,26,6,32,319
02/08/2006,LIH,HI,AWP,WE,Federal Contract Tower,70,18,2,20,110,0,104,5,2,111,70,122,7,22,221,20,14,34,255
02/09/2006,LIH,HI,AWP,WE,Federal Contract Tower,67,15,2,0,84,0,162,4,0,166,67,177,6,0,250,24,12,36,286
02/10/2006,LIH,HI,AWP,WE,Federal Contract Tower,72,14,0,14,100,0,158,8,4,170,72,172,8,18,270,62,16,78,348
02/11/2006,LIH,HI,AWP,WE,Federal Contract Tower,75,8,1,2,86,0,103,3,0,106,75,111,4,2,192,36,14,50,242
02/12/2006,LIH,HI,AWP,WE,Federal Contract Tower,67,14,1,6,88,0,123,6,0,129,67,137,7,6,217,30,0,30,247
02/13/2006,LIH,HI,AWP,WE,Federal Contract Tower,65,16,2,0,83,0,168,1,2,171,65,184,3,2,254,14,0,14,268
02/14/2006,LIH,HI,AWP,WE,Federal Contract Tower,69,16,2,13,100,0,198,14,4,216,69,214,16,17,316,50,8,58,374
02/15/2006,LIH,HI,AWP,WE,Federal Contract Tower,70,16,6,14,106,0,194,12,0,206,70,210,18,14,312,54,28,82,394
02/16/2006,LIH,HI,AWP,WE,Federal Contract Tower,67,17,5,14,103,0,168,4,0,172,67,185,9,14,275,32,10,42,317
02/17/2006,LIH,HI,AWP,WE,Federal Contract Tower,73,19,1,12,105,0,143,10,0,153,73,162,11,12,258,14,8,22,280
02/18/2006,LIH,HI,AWP,WE,Federal Contract Tower,75,10,1,0,86,0,107,5,0,112,75,117,6,0,198,19,0,19,217
02/19/2006,LIH,HI,AWP,WE,Federal Contract Tower,66,11,0,0,77,0,108,6,0,114,66,119,6,0,191,32,0,32,223
02/20/2006,LIH,HI,AWP,WE,Federal Contract Tower,68,14,4,0,86,0,77,3,0,80,68,91,7,0,166,12,0,12,178
02/21/2006,LIH,HI,AWP,WE,Federal Contract Tower,68,16,0,3,87,0,2,2,0,4,68,18,2,3,91,18,0,18,109
02/22/2006,LIH,HI,AWP,WE,Federal Contract Tower,69,16,5,9,99,0,200,10,0,210,69,216,15,9,309,28,8,36,345
02/23/2006,LIH,HI,AWP,WE,Federal Contract Tower,60,20,1,1,82,0,10,0,0,10,60,30,1,1,92,16,0,16,108
02/24/2006,LIH,HI,AWP,WE,Federal Contract Tower,72,18,1,6,97,0,194,10,0,204,72,212,11,6,301,16,6,22,323
02/25/2006,LIH,HI,AWP,WE,Federal Contract Tower,70,12,2,7,91,0,166,7,0,173,70,178,9,7,264,22,0,22,286
02/26/2006,LIH,HI,AWP,WE,Federal Contract Tower,67,16,0,0,83,0,85,4,0,89,67,101,4,0,172,16,0,16,188
02/27/2006,LIH,HI,AWP,WE,Federal Contract Tower,66,18,4,28,116,0,127,0,0,127,66,145,4,28,243,8,0,8,251
02/28/2006,LIH,HI,AWP,WE,Federal Contract Tower,68,14,0,11,93,0,50,0,0,50,68,64,0,11,143,10,0,10,153
03/01/2006,LIH,HI,AWP,WE,Federal Contract Tower,70,17,5,2,94,0,42,2,1,45,70,59,7,3,139,10,6,16,155
03/02/2006,LIH,HI,AWP,WE,Federal Contract Tower,63,12,1,9,85,0,4,0,0,4,63,16,1,9,89,2,0,2,91
03/03/2006,LIH,HI,AWP,WE,Federal Contract Tower,72,13,5,7,97,0,178,2,4,184,72,191,7,11,281,16,0,16,297
03/04/2006,LIH,HI,AWP,WE,Federal Contract Tower,70,7,3,11,91,0,137,3,1,141,70,144,6,12,232,16,0,16,248
03/05/2006,LIH,HI,AWP,WE,Federal Contract Tower,68,12,3,6,89,0,121,10,0,131,68,133,13,6,220,13,2,15,235
03/06/2006,LIH,HI,AWP,WE,Federal Contract Tower,67,14,1,14,96,0,193,9,4,206,67,207,10,18,302,18,0,18,320
03/07/2006,LIH,HI,AWP,WE,Federal Contract Tower,66,17,2,10,95,0,204,8,0,212,66,221,10,10,307,44,8,52,359
03/08/2006,LIH,HI,AWP,WE,Federal Contract Tower,67,24,6,24,121,0,194,10,1,205,67,218,16,25,326,34,10,44,370
03/09/2006,LIH,HI,AWP,WE,Federal Contract Tower,64,19,1,0,84,0,51,2,0,53,64,70,3,0,137,32,0,32,169
03/10/2006,LIH,HI,AWP,WE,Federal Contract Tower,73,17,6,6,102,0,20,0,0,20,73,37,6,6,122,4,0,4,126
03/11/2006,LIH,HI,AWP,WE,Federal Contract Tower,71,13,0,2,86,0,78,2,0,80,71,91,2,2,166,4,0,4,170
03/12/2006,LIH,HI,AWP,WE,Federal Contract Tower,68,12,0,0,80,0,128,2,0,130,68,140,2,0,210,4,0,4,214
03/13/2006,LIH,HI,AWP,WE,Federal Contract Tower,66,14,0,16,96,0,167,2,0,169,66,181,2,16,265,6,0,6,271
03/14/2006,LIH,HI,AWP,WE,Federal Contract Tower,63,13,1,12,89,0,106,4,7,117,63,119,5,19,206,14,0,14,220
03/15/2006,LIH,HI,AWP,WE,Federal Contract Tower,64,20,1,10,95,0,170,16,16,202,64,190,17,26,297,18,0,18,315
03/16/2006,LIH,HI,AWP,WE,Federal Contract Tower,66,15,3,3,87,0,6,0,2,8,66,21,3,5,95,14,0,14,109
03/17/2006,LIH,HI,AWP,WE,Federal Contract Tower,76,17,2,3,98,0,42,4,2,48,76,59,6,5,146,12,0,12,158
03/18/2006,LIH,HI,AWP,WE,Federal Contract Tower,77,13,2,10,102,0,116,2,7,125,77,129,4,17,227,22,0,22,249
03/19/2006,LIH,HI,AWP,WE,Federal Contract Tower,64,11,0,0,75,0,84,4,6,94,64,95,4,6,169,22,0,22,191
03/20/2006,LIH,HI,AWP,WE,Federal Contract Tower,66,14,0,3,83,0,218,14,6,238,66,232,14,9,321,24,0,24,345
03/21/2006,LIH,HI,AWP,WE,Federal Contract Tower,67,17,3,10,97,0,196,13,6,215,67,213,16,16,312,20,2,22,334
03/22/2006,LIH,HI,AWP,WE,Federal Contract Tower,67,16,0,8,91,0,128,8,2,138,67,144,8,10,229,4,0,4,233
03/23/2006,LIH,HI,AWP,WE,Federal Contract Tower,73,19,3,12,107,0,166,7,6,179,73,185,10,18,286,12,4,16,302
03/24/2006,LIH,HI,AWP,WE,Federal Contract Tower,77,16,1,2,96,0,174,2,3,179,77,190,3,5,275,30,0,30,305
03/25/2006,LIH,HI,AWP,WE,Federal Contract Tower,71,9,0,0,80,0,103,7,0,110,71,112,7,0,190,6,2,8,198
03/26/2006,LIH,HI,AWP,WE,Federal Contract Tower,65,7,0,2,74,0,82,2,0,84,65,89,2,2,158,8,0,8,166
03/27/2006,LIH,HI,AWP,WE,Federal Contract Tower,71,16,1,0,88,0,104,4,0,108,71,120,5,0,196,8,0,8,204
03/28/2006,LIH,HI,AWP,WE,Federal Contract Tower,67,18,0,1,86,0,72,0,3,75,67,90,0,4,161,10,0,10,171
03/29/2006,LIH,HI,AWP,WE,Federal Contract Tower,68,19,0,0,87,0,210,2,0,212,68,229,2,0,299,30,0,30,329
03/30/2006,LIH,HI,AWP,WE,Federal Contract Tower,66,20,2,0,88,0,6,2,0,8,66,26,4,0,96,50,0,50,146
03/31/2006,LIH,HI,AWP,WE,Federal Contract Tower,70,15,3,2,90,0,136,2,0,138,70,151,5,2,228,74,0,74,302
04/01/2006,LIH,HI,AWP,WE,Federal Contract Tower,71,9,4,0,84,1,122,0,0,123,72,131,4,0,207,48,0,48,255
04/02/2006,LIH,HI,AWP,WE,Federal Contract Tower,66,9,1,2,78,0,116,5,0,121,66,125,6,2,199,15,0,15,214
04/03/2006,LIH,HI,AWP,WE,Federal Contract Tower,69,17,4,6,96,0,165,1,1,167,69,182,5,7,263,12,12,24,287
04/04/2006,LIH,HI,AWP,WE,Federal Contract Tower,58,20,0,7,85,0,130,2,2,134,58,150,2,9,219,14,2,16,235
04/05/2006,LIH,HI,AWP,WE,Federal Contract Tower,65,15,1,12,93,0,194,14,0,208,65,209,15,12,301,26,8,34,335
04/06/2006,LIH,HI,AWP,WE,Federal Contract Tower,63,18,5,14,100,0,179,5,0,184,63,197,10,14,284,32,12,44,328
04/07/2006,LIH,HI,AWP,WE,Federal Contract Tower,67,15,3,2,87,0,194,13,0,207,67,209,16,2,294,16,2,18,312
04/08/2006,LIH,HI,AWP,WE,Federal Contract Tower,66,11,4,0,81,0,108,6,0,114,66,119,10,0,195,28,0,28,223
04/09/2006,LIH,HI,AWP,WE,Federal Contract Tower,66,9,2,0,77,0,132,6,0,138,66,141,8,0,215,6,0,6,221
04/10/2006,LIH,HI,AWP,WE,Federal Contract Tower,63,18,4,12,97,0,140,2,2,144,63,158,6,14,241,10,0,10,251
04/11/2006,LIH,HI,AWP,WE,Federal Contract Tower,63,17,3,2,85,0,166,10,0,176,63,183,13,2,261,20,26,46,307
04/12/2006,LIH,HI,AWP,WE,Federal Contract Tower,57,16,3,5,81,0,160,11,0,171,57,176,14,5,252,18,0,18,270
04/13/2006,LIH,HI,AWP,WE,Federal Contract Tower,59,19,7,1,86,0,180,8,0,188,59,199,15,1,274,40,0,40,314
04/14/2006,LIH,HI,AWP,WE,Federal Contract Tower,65,18,1,0,84,0,133,7,0,140,65,151,8,0,224,12,0,12,236
04/15/2006,LIH,HI,AWP,WE,Federal Contract Tower,70,13,4,8,95,0,126,5,0,131,70,139,9,8,226,22,0,22,248
04/16/2006,LIH,HI,AWP,WE,Federal Contract Tower,62,9,0,0,71,0,125,1,0,126,62,134,1,0,197,10,0,10,207
04/17/2006,LIH,HI,AWP,WE,Federal Contract Tower,59,18,5,5,87,0,178,4,4,186,59,196,9,9,273,48,2,50,323
04/18/2006,LIH,HI,AWP,WE,Federal Contract Tower,60,16,0,11,87,0,170,10,0,180,60,186,10,11,267,46,0,46,313
04/19/2006,LIH,HI,AWP,WE,Federal Contract Tower,64,22,3,2,91,0,140,18,0,158,64,162,21,2,249,30,2,32,281
04/20/2006,LIH,HI,AWP,WE,Federal Contract Tower,66,18,3,4,91,0,338,18,14,370,66,356,21,18,461,36,20,56,517
04/21/2006,LIH,HI,AWP,WE,Federal Contract Tower,67,17,4,9,97,0,151,4,0,155,67,168,8,9,252,42,1,43,295
04/22/2006,LIH,HI,AWP,WE,Federal Contract Tower,72,10,4,28,114,0,131,7,0,138,72,141,11,28,252,22,26,48,300
04/23/2006,LIH,HI,AWP,WE,Federal Contract Tower,65,9,8,2,84,0,132,4,0,136,65,141,12,2,220,9,0,9,229
04/24/2006,LIH,HI,AWP,WE,Federal Contract Tower,62,19,3,22,106,0,170,9,0,179,62,189,12,22,285,36,0,36,321
04/25/2006,LIH,HI,AWP,WE,Federal Contract Tower,65,20,5,11,101,0,136,6,0,142,65,156,11,11,243,30,4,34,277
04/26/2006,LIH,HI,AWP,WE,Federal Contract Tower,67,19,8,4,98,0,172,8,0,180,67,191,16,4,278,72,0,72,350
04/27/2006,LIH,HI,AWP,WE,Federal Contract Tower,57,18,3,5,83,0,203,7,0,210,57,221,10,5,293,30,4,34,327
04/28/2006,LIH,HI,AWP,WE,Federal Contract Tower,69,15,2,0,86,0,163,7,0,170,69,178,9,0,256,66,0,66,322
04/29/2006,LIH,HI,AWP,WE,Federal Contract Tower,70,11,2,2,85,0,136,13,0,149,70,147,15,2,234,39,0,39,273
04/30/2006,LIH,HI,AWP,WE,Federal Contract Tower,68,10,3,0,81,0,122,3,0,125,68,132,6,0,206,22,0,22,228
05/01/2006,LIH,HI,AWP,WE,Federal Contract Tower,68,22,0,40,130,0,147,11,2,160,68,169,11,42,290,43,46,89,379
05/02/2006,LIH,HI,AWP,WE,Federal Contract Tower,67,18,2,4,91,0,144,16,2,162,67,162,18,6,253,70,0,70,323
05/03/2006,LIH,HI,AWP,WE,Federal Contract Tower,72,18,4,6,100,0,131,9,0,140,72,149,13,6,240,56,6,62,302
05/04/2006,LIH,HI,AWP,WE,Federal Contract Tower,67,23,0,2,92,0,138,15,0,153,67,161,15,2,245,40,0,40,285
05/05/2006,LIH,HI,AWP,WE,Federal Contract Tower,66,16,0,18,100,0,152,10,0,162,66,168,10,18,262,23,18,41,303
05/06/2006,LIH,HI,AWP,WE,Federal Contract Tower,73,12,4,0,89,0,80,7,6,93,73,92,11,6,182,17,0,17,199
05/07/2006,LIH,HI,AWP,WE,Federal Contract Tower,69,8,2,2,81,0,103,7,0,110,69,111,9,2,191,5,2,7,198
05/08/2006,LIH,HI,AWP,WE,Federal Contract Tower,69,19,4,14,106,0,117,2,0,119,69,136,6,14,225,15,8,23,248
05/09/2006,LIH,HI,AWP,WE,Federal Contract Tower,70,15,4,7,96,0,113,2,0,115,70,128,6,7,211,20,0,20,231
05/10/2006,LIH,HI,AWP,WE,Federal Contract Tower,64,19,0,0,83,0,158,5,0,163,64,177,5,0,246,46,0,46,292
05/11/2006,LIH,HI,AWP,WE,Federal Contract Tower,66,19,8,10,103,0,193,5,5,203,66,212,13,15,306,58,14,72,378
05/12/2006,LIH,HI,AWP,WE,Federal Contract Tower,70,16,3,3,92,0,164,13,2,179,70,180,16,5,271,41,0,41,312
05/13/2006,LIH,HI,AWP,WE,Federal Contract Tower,73,11,0,0,84,0,98,14,3,115,73,109,14,3,199,24,0,24,223
05/14/2006,LIH,HI,AWP,WE,Federal Contract Tower,68,11,1,0,80,0,122,6,2,130,68,133,7,2,210,26,0,26,236
05/15/2006,LIH,HI,AWP,WE,Federal Contract Tower,65,18,2,2,87,0,120,5,0,125,65,138,7,2,212,30,0,30,242
05/16/2006,LIH,HI,AWP,WE,Federal Contract Tower,68,15,1,0,84,0,161,24,2,187,68,176,25,2,271,64,0,64,335
05/17/2006,LIH,HI,AWP,WE,Federal Contract Tower,68,20,0,6,94,0,152,10,0,162,68,172,10,6,256,32,0,32,288
05/18/2006,LIH,HI,AWP,WE,Federal Contract Tower,70,16,5,3,94,0,211,13,0,224,70,227,18,3,318,42,0,42,360
05/19/2006,LIH,HI,AWP,WE,Federal Contract Tower,71,15,2,0,88,0,164,12,4,180,71,179,14,4,268,36,0,36,304
05/20/2006,LIH,HI,AWP,WE,Federal Contract Tower,71,10,5,11,97,0,114,4,0,118,71,124,9,11,215,20,2,22,237
05/21/2006,LIH,HI,AWP,WE,Federal Contract Tower,73,9,1,0,83,0,92,7,0,99,73,101,8,0,182,26,0,26,208
05/22/2006,LIH,HI,AWP,WE,Federal Contract Tower,66,21,1,4,92,0,138,8,0,146,66,159,9,4,238,62,0,62,300
05/23/2006,LIH,HI,AWP,WE,Federal Contract Tower,69,15,4,9,97,0,136,14,0,150,69,151,18,9,247,32,0,32,279
05/24/2006,LIH,HI,AWP,WE,Federal Contract Tower,69,19,0,6,94,0,172,16,0,188,69,191,16,6,282,32,4,36,318
05/25/2006,LIH,HI,AWP,WE,Federal Contract Tower,70,24,4,8,106,0,184,20,0,204,70,208,24,8,310,12,2,14,324
05/26/2006,LIH,HI,AWP,WE,Federal Contract Tower,78,15,1,1,95,0,167,11,0,178,78,182,12,1,273,26,0,26,299
05/27/2006,LIH,HI,AWP,WE,Federal Contract Tower,73,12,2,0,87,0,112,10,0,122,73,124,12,0,209,18,0,18,227
05/28/2006,LIH,HI,AWP,WE,Federal Contract Tower,70,17,5,5,97,0,158,8,0,166,70,175,13,5,263,29,20,49,312
05/29/2006,LIH,HI,AWP,WE,Federal Contract Tower,76,10,3,4,93,0,212,14,0,226,76,222,17,4,319,40,0,40,359
05/30/2006,LIH,HI,AWP,WE,Federal Contract Tower,68,21,1,4,94,0,168,10,2,180,68,189,11,6,274,40,10,50,324
05/31/2006,LIH,HI,AWP,WE,Federal Contract Tower,64,17,4,15,100,0,180,12,1,193,64,197,16,16,293,50,20,70,363
06/01/2006,LIH,HI,AWP,WE,Federal Contract Tower,68,16,3,13,100,0,234,18,0,252,68,250,21,13,352,62,12,74,426
06/02/2006,LIH,HI,AWP,WE,Federal Contract Tower,72,25,2,5,104,0,192,23,2,217,72,217,25,7,321,54,28,82,403
06/03/2006,LIH,HI,AWP,WE,Federal Contract Tower,80,22,5,0,107,0,95,8,2,105,80,117,13,2,212,18,0,18,230
06/04/2006,LIH,HI,AWP,WE,Federal Contract Tower,69,16,9,9,103,0,80,5,0,85,69,96,14,9,188,26,4,30,218
06/05/2006,LIH,HI,AWP,WE,Federal Contract Tower,69,25,0,3,97,0,200,4,0,204,69,225,4,3,301,30,16,46,347
06/06/2006,LIH,HI,AWP,WE,Federal Contract Tower,70,23,13,6,112,0,184,14,0,198,70,207,27,6,310,32,26,58,368
06/07/2006,LIH,HI,AWP,WE,Federal Contract Tower,69,24,3,9,105,0,152,8,0,160,69,176,11,9,265,30,12,42,307
06/08/2006,LIH,HI,AWP,WE,Federal Contract Tower,68,22,4,2,96,0,148,10,0,158,68,170,14,2,254,40,20,60,314
06/09/2006,LIH,HI,AWP,WE,Federal Contract Tower,85,32,3,1,121,0,174,6,0,180,85,206,9,1,301,6,4,10,311
06/10/2006,LIH,HI,AWP,WE,Federal Contract Tower,84,23,2,8,117,0,152,5,0,157,84,175,7,8,274,13,0,13,287
06/11/2006,LIH,HI,AWP,WE,Federal Contract Tower,96,23,11,0,130,0,120,4,0,124,96,143,15,0,254,24,0,24,278
06/12/2006,LIH,HI,AWP,WE,Federal Contract Tower,73,27,5,0,105,0,166,2,13,181,73,193,7,13,286,26,2,28,314
06/13/2006,LIH,HI,AWP,WE,Federal Contract Tower,66,28,2,6,102,0,166,4,0,170,66,194,6,6,272,24,0,24,296
06/14/2006,LIH,HI,AWP,WE,Federal Contract Tower,73,27,0,0,100,0,113,0,0,113,73,140,0,0,213,44,0,44,257
06/15/2006,LIH,HI,AWP,WE,Federal Contract Tower,79,26,3,7,115,0,174,11,0,185,79,200,14,7,300,34,12,46,346
06/16/2006,LIH,HI,AWP,WE,Federal Contract Tower,76,27,1,2,106,0,162,8,4,174,76,189,9,6,280,30,0,30,310
06/17/2006,LIH,HI,AWP,WE,Federal Contract Tower,81,27,2,4,114,0,142,2,3,147,81,169,4,7,261,39,0,39,300
06/18/2006,LIH,HI,AWP,WE,Federal Contract Tower,80,23,2,0,105,0,167,2,0,169,80,190,4,0,274,16,0,16,290
06/19/2006,LIH,HI,AWP,WE,Federal Contract Tower,74,29,2,8,113,0,151,6,2,159,74,180,8,10,272,36,1,37,309
06/20/2006,LIH,HI,AWP,WE,Federal Contract Tower,75,27,2,7,111,0,186,4,0,190,75,213,6,7,301,18,10,28,329
06/21/2006,LIH,HI,AWP,WE,Federal Contract Tower,68,23,1,2,94,0,188,4,0,192,68,211,5,2,286,28,12,40,326
06/22/2006,LIH,HI,AWP,WE,Federal Contract Tower,78,30,2,0,110,0,163,8,0,171,78,193,10,0,281,52,0,52,333
06/23/2006,LIH,HI,AWP,WE,Federal Contract Tower,86,32,2,0,120,0,174,7,0,181,86,206,9,0,301,28,0,28,329
06/24/2006,LIH,HI,AWP,WE,Federal Contract Tower,82,23,1,0,106,0,148,4,0,152,82,171,5,0,258,28,0,28,286
06/25/2006,LIH,HI,AWP,WE,Federal Contract Tower,78,20,3,0,101,0,152,26,0,178,78,172,29,0,279,26,0,26,305
06/26/2006,LIH,HI,AWP,WE,Federal Contract Tower,81,30,6,0,117,0,163,3,0,166,81,193,9,0,283,52,0,52,335
06/27/2006,LIH,HI,AWP,WE,Federal Contract Tower,74,26,1,3,104,0,154,4,0,158,74,180,5,3,262,28,0,28,290
06/28/2006,LIH,HI,AWP,WE,Federal Contract Tower,79,33,4,6,122,0,164,12,0,176,79,197,16,6,298,28,0,28,326
06/29/2006,LIH,HI,AWP,WE,Federal Contract Tower,81,31,3,0,115,0,206,8,0,214,81,237,11,0,329,18,0,18,347
06/30/2006,LIH,HI,AWP,WE,Federal Contract Tower,86,35,2,0,123,0,155,6,0,161,86,190,8,0,284,18,0,18,302
07/01/2006,LIH,HI,AWP,WE,Federal Contract Tower,83,32,0,10,125,0,178,8,0,186,83,210,8,10,311,20,0,20,331
07/02/2006,LIH,HI,AWP,WE,Federal Contract Tower,78,30,3,0,111,0,149,8,0,157,78,179,11,0,268,12,2,14,282
07/03/2006,LIH,HI,AWP,WE,Federal Contract Tower,78,36,3,2,119,0,170,15,0,185,78,206,18,2,304,38,2,40,344
07/04/2006,LIH,HI,AWP,WE,Federal Contract Tower,85,25,3,0,113,0,186,7,0,193,85,211,10,0,306,16,0,16,322
07/05/2006,LIH,HI,AWP,WE,Federal Contract Tower,82,30,2,11,125,0,186,8,0,194,82,216,10,11,319,30,0,30,349
07/06/2006,LIH,HI,AWP,WE,Federal Contract Tower,81,41,2,6,130,0,200,5,0,205,81,241,7,6,335,40,16,56,391
07/07/2006,LIH,HI,AWP,WE,Federal Contract Tower,90,33,1,2,126,0,141,3,0,144,90,174,4,2,270,36,0,36,306
07/08/2006,LIH,HI,AWP,WE,Federal Contract Tower,83,33,0,0,116,0,172,0,0,172,83,205,0,0,288,42,0,42,330
07/09/2006,LIH,HI,AWP,WE,Federal Contract Tower,83,32,2,0,117,0,4,36,0,40,83,36,38,0,157,160,0,160,317
07/10/2006,LIH,HI,AWP,WE,Federal Contract Tower,77,36,2,4,119,0,154,6,0,160,77,190,8,4,279,37,36,73,352
07/11/2006,LIH,HI,AWP,WE,Federal Contract Tower,86,35,1,2,124,0,142,8,2,152,86,177,9,4,276,68,2,70,346
07/12/2006,LIH,HI,AWP,WE,Federal Contract Tower,77,36,1,13,127,0,178,17,0,195,77,214,18,13,322,36,28,64,386
07/13/2006,LIH,HI,AWP,WE,Federal Contract Tower,77,37,4,2,120,0,176,12,4,192,77,213,16,6,312,44,0,44,356
07/14/2006,LIH,HI,AWP,WE,Federal Contract Tower,89,34,5,0,128,0,37,4,0,41,89,71,9,0,169,16,0,16,185
07/15/2006,LIH,HI,AWP,WE,Federal Contract Tower,88,32,0,0,120,0,127,8,0,135,88,159,8,0,255,32,0,32,287
07/16/2006,LIH,HI,AWP,WE,Federal Contract Tower,82,26,3,2,113,0,124,7,0,131,82,150,10,2,244,20,0,20,264
07/17/2006,LIH,HI,AWP,WE,Federal Contract Tower,80,35,6,6,127,0,178,8,0,186,80,213,14,6,313,40,0,40,353
07/18/2006,LIH,HI,AWP,WE,Federal Contract Tower,78,36,2,0,116,0,158,9,0,167,78,194,11,0,283,94,0,94,377
07/19/2006,LIH,HI,AWP,WE,Federal Contract Tower,80,33,0,9,122,0,138,12,0,150,80,171,12,9,272,76,6,82,354
07/20/2006,LIH,HI,AWP,WE,Federal Contract Tower,78,30,0,9,117,0,192,20,0,212,78,222,20,9,329,64,0,64,393
07/21/2006,LIH,HI,AWP,WE,Federal Contract Tower,91,35,1,10,137,0,142,4,0,146,91,177,5,10,283,38,0,38,321
07/22/2006,LIH,HI,AWP,WE,Federal Contract Tower,82,35,2,0,119,0,187,15,0,202,82,222,17,0,321,13,0,13,334
07/23/2006,LIH,HI,AWP,WE,Federal Contract Tower,78,29,5,0,112,0,141,7,2,150,78,170,12,2,262,24,0,24,286
07/24/2006,LIH,HI,AWP,WE,Federal Contract Tower,79,41,2,0,122,0,160,8,4,172,79,201,10,4,294,46,14,60,354
07/25/2006,LIH,HI,AWP,WE,Federal Contract Tower,82,32,3,8,125,0,170,12,2,184,82,202,15,10,309,84,54,138,447
07/26/2006,LIH,HI,AWP,WE,Federal Contract Tower,80,33,3,6,122,0,156,18,2,176,80,189,21,8,298,64,8,72,370
07/27/2006,LIH,HI,AWP,WE,Federal Contract Tower,79,38,5,10,132,0,160,14,0,174,79,198,19,10,306,66,0,66,372
07/28/2006,LIH,HI,AWP,WE,Federal Contract Tower,83,40,5,12,140,0,130,6,2,138,83,170,11,14,278,80,18,98,376
07/29/2006,LIH,HI,AWP,WE,Federal Contract Tower,84,42,3,0,129,0,103,11,4,118,84,145,14,4,247,33,0,33,280
07/30/2006,LIH,HI,AWP,WE,Federal Contract Tower,83,27,0,0,110,0,153,10,0,163,83,180,10,0,273,27,0,27,300
07/31/2006,LIH,HI,AWP,WE,Federal Contract Tower,84,35,6,10,135,0,108,9,0,117,84,143,15,10,252,23,3,26,278
08/01/2006,LIH,HI,AWP,WE,Federal Contract Tower,74,36,1,0,111,0,58,0,0,58,74,94,1,0,169,10,0,10,179
08/02/2006,LIH,HI,AWP,WE,Federal Contract Tower,79,33,0,8,120,0,194,19,8,221,79,227,19,16,341,55,10,65,406
08/03/2006,LIH,HI,AWP,WE,Federal Contract Tower,81,33,6,14,134,0,218,18,0,236,81,251,24,14,370,50,0,50,420
08/04/2006,LIH,HI,AWP,WE,Federal Contract Tower,90,31,0,10,131,0,158,6,0,164,90,189,6,10,295,66,16,82,377
08/05/2006,LIH,HI,AWP,WE,Federal Contract Tower,81,36,2,0,119,0,161,42,0,203,81,197,44,0,322,34,0,34,356
08/06/2006,LIH,HI,AWP,WE,Federal Contract Tower,82,30,4,2,118,0,101,6,18,125,82,131,10,20,243,10,0,10,253
08/07/2006,LIH,HI,AWP,WE,Federal Contract Tower,80,34,4,0,118,0,171,10,0,181,80,205,14,0,299,68,0,68,367
08/08/2006,LIH,HI,AWP,WE,Federal Contract Tower,79,34,4,4,121,0,214,18,0,232,79,248,22,4,353,58,0,58,411
08/09/2006,LIH,HI,AWP,WE,Federal Contract Tower,84,31,3,5,123,0,190,19,0,209,84,221,22,5,332,98,0,98,430
08/10/2006,LIH,HI,AWP,WE,Federal Contract Tower,83,27,2,6,118,0,218,24,0,242,83,245,26,6,360,72,2,74,434
08/11/2006,LIH,HI,AWP,WE,Federal Contract Tower,88,30,0,0,118,0,166,8,0,174,88,196,8,0,292,32,0,32,324
08/12/2006,LIH,HI,AWP,WE,Federal Contract Tower,82,36,6,0,124,0,166,10,0,176,82,202,16,0,300,22,0,22,322
08/13/2006,LIH,HI,AWP,WE,Federal Contract Tower,80,34,1,0,115,0,145,11,0,156,80,179,12,0,271,27,0,27,298
08/14/2006,LIH,HI,AWP,WE,Federal Contract Tower,78,39,0,2,119,0,173,17,0,190,78,212,17,2,309,11,0,11,320
08/15/2006,LIH,HI,AWP,WE,Federal Contract Tower,78,32,0,0,110,0,180,20,0,200,78,212,20,0,310,88,0,88,398
08/16/2006,LIH,HI,AWP,WE,Federal Contract Tower,78,35,3,3,119,0,164,22,0,186,78,199,25,3,305,32,6,38,343
08/17/2006,LIH,HI,AWP,WE,Federal Contract Tower,81,32,0,0,113,0,180,14,0,194,81,212,14,0,307,76,0,76,383
08/18/2006,LIH,HI,AWP,WE,Federal Contract Tower,88,37,4,10,139,0,191,12,0,203,88,228,16,10,342,30,2,32,374
08/19/2006,LIH,HI,AWP,WE,Federal Contract Tower,81,37,1,0,119,0,152,4,0,156,81,189,5,0,275,38,0,38,313
08/20/2006,LIH,HI,AWP,WE,Federal Contract Tower,80,29,2,0,111,0,132,7,0,139,80,161,9,0,250,12,0,12,262
08/21/2006,LIH,HI,AWP,WE,Federal Contract Tower,84,34,2,28,148,0,147,11,0,158,84,181,13,28,306,76,0,76,382
08/22/2006,LIH,HI,AWP,WE,Federal Contract Tower,80,34,4,10,128,0,158,12,6,176,80,192,16,16,304,76,8,84,388
08/23/2006,LIH,HI,AWP,WE,Federal Contract Tower,78,31,5,1,115,0,166,22,0,188,78,197,27,1,303,86,0,86,389
08/24/2006,LIH,HI,AWP,WE,Federal Contract Tower,76,34,1,6,117,0,180,20,0,200,76,214,21,6,317,56,0,56,373
08/25/2006,LIH,HI,AWP,WE,Federal Contract Tower,85,38,11,5,139,0,154,4,6,164,85,192,15,11,303,14,12,26,329
08/26/2006,LIH,HI,AWP,WE,Federal Contract Tower,84,31,6,0,121,2,89,8,0,99,86,120,14,0,220,52,0,52,272
08/27/2006,LIH,HI,AWP,WE,Federal Contract Tower,78,45,1,0,124,0,158,10,0,168,78,203,11,0,292,6,0,6,298
08/28/2006,LIH,HI,AWP,WE,Federal Contract Tower,74,39,0,2,115,0,159,25,0,184,74,198,25,2,299,69,0,69,368
08/29/2006,LIH,HI,AWP,WE,Federal Contract Tower,77,43,4,0,124,0,144,28,0,172,77,187,32,0,296,146,0,146,442
08/30/2006,LIH,HI,AWP,WE,Federal Contract Tower,74,38,4,9,125,0,136,12,6,154,74,174,16,15,279,84,0,84,363
08/31/2006,LIH,HI,AWP,WE,Federal Contract Tower,75,40,1,9,125,0,144,10,9,163,75,184,11,18,288,62,10,72,360
09/01/2006,LIH,HI,AWP,WE,Federal Contract Tower,85,42,1,0,128,0,169,14,0,183,85,211,15,0,311,70,0,70,381
09/02/2006,LIH,HI,AWP,WE,Federal Contract Tower,80,31,1,0,112,0,158,14,0,172,80,189,15,0,284,2,0,2,286
09/03/2006,LIH,HI,AWP,WE,Federal Contract Tower,73,31,2,0,106,0,136,20,0,156,73,167,22,0,262,14,0,14,276
09/04/2006,LIH,HI,AWP,WE,Federal Contract Tower,72,27,1,0,100,0,138,23,0,161,72,165,24,0,261,30,0,30,291
09/05/2006,LIH,HI,AWP,WE,Federal Contract Tower,75,34,2,6,117,0,148,12,0,160,75,182,14,6,277,96,0,96,373
09/06/2006,LIH,HI,AWP,WE,Federal Contract Tower,72,35,5,4,116,0,132,16,0,148,72,167,21,4,264,96,0,96,360
09/07/2006,LIH,HI,AWP,WE,Federal Contract Tower,71,37,0,10,118,0,170,9,2,181,71,207,9,12,299,92,12,104,403
09/08/2006,LIH,HI,AWP,WE,Federal Contract Tower,79,44,0,9,132,0,176,22,0,198,79,220,22,9,330,116,20,136,466
09/09/2006,LIH,HI,AWP,WE,Federal Contract Tower,81,30,0,4,115,0,165,22,2,189,81,195,22,6,304,118,0,118,422
09/10/2006,LIH,HI,AWP,WE,Federal Contract Tower,75,31,0,4,110,0,165,10,0,175,75,196,10,4,285,60,0,60,345
09/11/2006,LIH,HI,AWP,WE,Federal Contract Tower,73,42,0,16,131,0,172,7,6,185,73,214,7,22,316,140,16,156,472
09/12/2006,LIH,HI,AWP,WE,Federal Contract Tower,69,37,2,0,108,0,144,18,0,162,69,181,20,0,270,202,2,204,474
09/13/2006,LIH,HI,AWP,WE,Federal Contract Tower,71,35,1,4,111,0,176,13,0,189,71,211,14,4,300,278,6,284,584
09/14/2006,LIH,HI,AWP,WE,Federal Contract Tower,72,35,3,4,114,0,198,24,0,222,72,233,27,4,336,290,10,300,636
09/15/2006,LIH,HI,AWP,WE,Federal Contract Tower,79,41,2,2,124,0,154,7,0,161,79,195,9,2,285,250,0,250,535
09/16/2006,LIH,HI,AWP,WE,Federal Contract Tower,79,37,3,0,119,0,118,9,0,127,79,155,12,0,246,152,0,152,398
09/17/2006,LIH,HI,AWP,WE,Federal Contract Tower,79,29,0,0,108,0,167,9,0,176,79,196,9,0,284,234,0,234,518
09/18/2006,LIH,HI,AWP,WE,Federal Contract Tower,74,37,5,9,125,0,130,20,8,158,74,167,25,17,283,308,14,322,605
09/19/2006,LIH,HI,AWP,WE,Federal Contract Tower,73,39,2,8,122,0,172,16,0,188,73,211,18,8,310,346,6,352,662
09/20/2006,LIH,HI,AWP,WE,Federal Contract Tower,71,35,7,0,113,0,149,8,0,157,71,184,15,0,270,326,4,330,600
09/21/2006,LIH,HI,AWP,WE,Federal Contract Tower,70,39,2,6,117,0,192,25,2,219,70,231,27,8,336,360,4,364,700
09/22/2006,LIH,HI,AWP,WE,Federal Contract Tower,72,39,1,0,112,0,144,17,2,163,72,183,18,2,275,294,2,296,571
09/23/2006,LIH,HI,AWP,WE,Federal Contract Tower,74,37,0,0,111,0,150,15,0,165,74,187,15,0,276,238,2,240,516
09/24/2006,LIH,HI,AWP,WE,Federal Contract Tower,79,31,2,0,112,0,149,15,6,170,79,180,17,6,282,248,0,248,530
09/25/2006,LIH,HI,AWP,WE,Federal Contract Tower,73,37,0,12,122,0,171,22,7,200,73,208,22,19,322,355,3,358,680
09/26/2006,LIH,HI,AWP,WE,Federal Contract Tower,68,43,3,9,123,0,170,33,2,205,68,213,36,11,328,450,38,488,816
09/27/2006,LIH,HI,AWP,WE,Federal Contract Tower,71,46,3,4,124,0,126,15,2,143,71,172,18,6,267,300,22,322,589
09/28/2006,LIH,HI,AWP,WE,Federal Contract Tower,71,40,0,0,111,0,170,15,0,185,71,210,15,0,296,314,0,314,610
09/29/2006,LIH,HI,AWP,WE,Federal Contract Tower,76,40,1,0,117,0,138,12,0,150,76,178,13,0,267,104,0,104,371
09/30/2006,LIH,HI,AWP,WE,Federal Contract Tower,75,37,0,6,118,0,153,11,0,164,75,190,11,6,282,70,16,86,368
10/01/2006,LIH,HI,AWP,WE,Federal Contract Tower,76,26,0,0,102,0,100,16,0,116,76,126,16,0,218,2,0,2,220
10/02/2006,LIH,HI,AWP,WE,Federal Contract Tower,69,39,2,0,110,0,120,10,0,130,69,159,12,0,240,84,0,84,324
10/03/2006,LIH,HI,AWP,WE,Federal Contract Tower,69,38,2,8,117,0,194,30,0,224,69,232,32,8,341,98,0,98,439
10/04/2006,LIH,HI,AWP,WE,Federal Contract Tower,70,36,0,9,115,0,198,17,0,215,70,234,17,9,330,122,2,124,454
10/05/2006,LIH,HI,AWP,WE,Federal Contract Tower,70,47,1,0,118,0,148,16,0,164,70,195,17,0,282,56,0,56,338
10/06/2006,LIH,HI,AWP,WE,Federal Contract Tower,77,41,1,4,123,0,157,20,0,177,77,198,21,4,300,100,2,102,402
10/07/2006,LIH,HI,AWP,WE,Federal Contract Tower,80,37,1,4,122,0,156,21,0,177,80,193,22,4,299,42,14,56,355
10/08/2006,LIH,HI,AWP,WE,Federal Contract Tower,73,36,1,0,110,0,152,23,0,175,73,188,24,0,285,44,0,44,329
10/09/2006,LIH,HI,AWP,WE,Federal Contract Tower,68,37,1,0,106,0,131,8,0,139,68,168,9,0,245,22,0,22,267
10/10/2006,LIH,HI,AWP,WE,Federal Contract Tower,69,37,3,7,116,0,148,10,4,162,69,185,13,11,278,60,14,74,352
10/11/2006,LIH,HI,AWP,WE,Federal Contract Tower,71,45,5,6,127,0,150,18,0,168,71,195,23,6,295,108,6,114,409
10/12/2006,LIH,HI,AWP,WE,Federal Contract Tower,68,39,0,2,109,0,190,17,0,207,68,229,17,2,316,96,0,96,412
10/13/2006,LIH,HI,AWP,WE,Federal Contract Tower,71,40,3,8,122,0,167,17,0,184,71,207,20,8,306,94,0,94,400
10/14/2006,LIH,HI,AWP,WE,Federal Contract Tower,78,35,0,4,117,0,104,6,0,110,78,139,6,4,227,59,0,59,286
10/15/2006,LIH,HI,AWP,WE,Federal Contract Tower,50,30,1,3,84,0,154,4,0,158,50,184,5,3,242,34,0,34,276
10/16/2006,LIH,HI,AWP,WE,Federal Contract Tower,71,36,2,28,137,0,141,13,0,154,71,177,15,28,291,117,2,119,410
10/17/2006,LIH,HI,AWP,WE,Federal Contract Tower,73,39,3,13,128,0,176,20,0,196,73,215,23,13,324,70,16,86,410
10/18/2006,LIH,HI,AWP,WE,Federal Contract Tower,75,39,0,2,116,0,200,14,0,214,75,239,14,2,330,62,0,62,392
10/19/2006,LIH,HI,AWP,WE,Federal Contract Tower,67,36,0,6,109,0,207,19,2,228,67,243,19,8,337,110,10,120,457
10/20/2006,LIH,HI,AWP,WE,Federal Contract Tower,78,35,0,3,116,0,178,15,0,193,78,213,15,3,309,42,2,44,353
10/21/2006,LIH,HI,AWP,WE,Federal Contract Tower,84,39,0,0,123,0,150,0,0,150,84,189,0,0,273,66,0,66,339
10/22/2006,LIH,HI,AWP,WE,Federal Contract Tower,77,30,4,0,111,0,124,4,0,128,77,154,8,0,239,16,0,16,255
10/23/2006,LIH,HI,AWP,WE,Federal Contract Tower,71,42,0,2,115,0,150,24,2,176,71,192,24,4,291,133,4,137,428
10/24/2006,LIH,HI,AWP,WE,Federal Contract Tower,68,41,6,8,123,0,160,15,6,181,68,201,21,14,304,116,0,116,420
10/25/2006,LIH,HI,AWP,WE,Federal Contract Tower,70,40,0,4,114,0,189,19,0,208,70,229,19,4,322,129,0,129,451
10/26/2006,LIH,HI,AWP,WE,Federal Contract Tower,69,39,2,3,113,0,174,14,3,191,69,213,16,6,304,132,14,146,450
10/27/2006,LIH,HI,AWP,WE,Federal Contract Tower,79,36,1,4,120,0,163,24,0,187,79,199,25,4,307,92,4,96,403
10/28/2006,LIH,HI,AWP,WE,Federal Contract Tower,78,34,0,8,120,0,107,12,0,119,78,141,12,8,239,42,18,60,299
10/29/2006,LIH,HI,AWP,WE,Federal Contract Tower,76,28,1,0,105,0,16,7,0,23,76,44,8,0,128,67,0,67,195
10/30/2006,LIH,HI,AWP,WE,Federal Contract Tower,70,42,0,5,117,0,154,14,3,171,70,196,14,8,288,132,0,132,420
10/31/2006,LIH,HI,AWP,WE,Federal Contract Tower,69,35,3,2,109,0,104,10,10,124,69,139,13,12,233,96,10,106,339
11/01/2006,LIH,HI,AWP,WE,Federal Contract Tower,66,36,2,5,109,0,0,0,0,0,66,36,2,5,109,12,4,16,125
11/02/2006,LIH,HI,AWP,WE,Federal Contract Tower,62,34,6,2,104,0,143,5,0,148,62,177,11,2,252,116,4,120,372
11/03/2006,LIH,HI,AWP,WE,Federal Contract Tower,77,42,4,6,129,0,120,16,0,136,77,162,20,6,265,120,14,134,399
11/04/2006,LIH,HI,AWP,WE,Federal Contract Tower,74,39,4,0,117,0,169,26,0,195,74,208,30,0,312,198,0,198,510
11/05/2006,LIH,HI,AWP,WE,Federal Contract Tower,73,30,3,8,114,0,165,13,2,180,73,195,16,10,294,148,4,152,446
11/06/2006,LIH,HI,AWP,WE,Federal Contract Tower,71,37,2,8,118,0,165,31,10,206,71,202,33,18,324,194,32,226,550
11/07/2006,LIH,HI,AWP,WE,Federal Contract Tower,66,35,3,19,123,0,158,28,19,205,66,193,31,38,328,112,22,134,462
11/08/2006,LIH,HI,AWP,WE,Federal Contract Tower,67,38,0,2,107,0,126,8,0,134,67,164,8,2,241,46,2,48,289
11/09/2006,LIH,HI,AWP,WE,Federal Contract Tower,66,35,2,7,110,0,136,14,0,150,66,171,16,7,260,168,14,182,442
11/10/2006,LIH,HI,AWP,WE,Federal Contract Tower,77,36,2,0,115,0,134,13,2,149,77,170,15,2,264,126,0,126,390
11/11/2006,LIH,HI,AWP,WE,Federal Contract Tower,78,32,3,0,113,0,121,20,0,141,78,153,23,0,254,84,0,84,338
11/12/2006,LIH,HI,AWP,WE,Federal Contract Tower,73,28,4,0,105,0,138,20,0,158,73,166,24,0,263,74,0,74,337
11/13/2006,LIH,HI,AWP,WE,Federal Contract Tower,68,41,15,4,128,0,96,8,4,108,68,137,23,8,236,136,10,146,382
11/14/2006,LIH,HI,AWP,WE,Federal Contract Tower,70,45,1,1,117,0,144,24,3,171,70,189,25,4,288,110,12,122,410
11/15/2006,LIH,HI,AWP,WE,Federal Contract Tower,68,41,8,3,120,0,138,22,1,161,68,179,30,4,281,100,8,108,389
11/16/2006,LIH,HI,AWP,WE,Federal Contract Tower,66,37,3,2,108,0,132,19,0,151,66,169,22,2,259,114,0,114,373
11/17/2006,LIH,HI,AWP,WE,Federal Contract Tower,79,33,3,0,115,0,114,19,0,133,79,147,22,0,248,130,0,130,378
11/18/2006,LIH,HI,AWP,WE,Federal Contract Tower,75,38,5,0,118,0,135,16,0,151,75,173,21,0,269,32,0,32,301
11/19/2006,LIH,HI,AWP,WE,Federal Contract Tower,71,31,3,1,106,0,122,19,0,141,71,153,22,1,247,38,0,38,285
11/20/2006,LIH,HI,AWP,WE,Federal Contract Tower,68,48,2,0,118,0,134,5,1,140,68,182,7,1,258,50,0,50,308
11/21/2006,LIH,HI,AWP,WE,Federal Contract Tower,65,38,4,5,112,0,130,22,3,155,65,168,26,8,267,100,0,100,367
11/22/2006,LIH,HI,AWP,WE,Federal Contract Tower,75,39,5,4,123,0,168,15,0,183,75,207,20,4,306,162,0,162,468
11/23/2006,LIH,HI,AWP,WE,Federal Contract Tower,65,30,0,0,95,0,127,8,0,135,65,157,8,0,230,30,2,32,262
11/24/2006,LIH,HI,AWP,WE,Federal Contract Tower,72,33,4,0,109,0,161,4,0,165,72,194,8,0,274,140,0,140,414
11/25/2006,LIH,HI,AWP,WE,Federal Contract Tower,78,33,2,1,114,0,150,16,0,166,78,183,18,1,280,36,0,36,316
11/26/2006,LIH,HI,AWP,WE,Federal Contract Tower,70,32,3,0,105,0,118,19,0,137,70,150,22,0,242,32,0,32,274
11/27/2006,LIH,HI,AWP,WE,Federal Contract Tower,66,40,0,4,110,0,155,11,4,170,66,195,11,8,280,92,0,92,372
11/28/2006,LIH,HI,AWP,WE,Federal Contract Tower,66,41,0,4,111,0,102,6,12,120,66,143,6,16,231,78,0,78,309
11/29/2006,LIH,HI,AWP,WE,Federal Contract Tower,65,43,1,4,113,0,100,14,4,118,65,143,15,8,231,124,8,132,363
11/30/2006,LIH,HI,AWP,WE,Federal Contract Tower,68,33,0,8,109,0,126,15,0,141,68,159,15,8,250,128,12,140,390
12/01/2006,LIH,HI,AWP,WE,Federal Contract Tower,76,31,0,19,126,0,104,20,0,124,76,135,20,19,250,136,8,144,394
12/02/2006,LIH,HI,AWP,WE,Federal Contract Tower,72,55,0,0,127,0,22,6,0,28,72,77,6,0,155,28,0,28,183
12/03/2006,LIH,HI,AWP,WE,Federal Contract Tower,73,21,4,8,106,0,58,0,0,58,73,79,4,8,164,10,18,28,192
12/04/2006,LIH,HI,AWP,WE,Federal Contract Tower,74,36,1,3,114,0,148,21,3,172,74,184,22,6,286,136,0,136,422
12/05/2006,LIH,HI,AWP,WE,Federal Contract Tower,67,26,0,2,95,0,170,16,0,186,67,196,16,2,281,156,0,156,437
12/06/2006,LIH,HI,AWP,WE,Federal Contract Tower,64,29,1,6,100,0,136,17,0,153,64,165,18,6,253,78,12,90,343
12/07/2006,LIH,HI,AWP,WE,Federal Contract Tower,69,33,5,0,107,0,126,14,0,140,69,159,19,0,247,110,6,116,363
12/08/2006,LIH,HI,AWP,WE,Federal Contract Tower,77,28,6,4,115,0,100,10,4,114,77,128,16,8,229,200,2,202,431
12/09/2006,LIH,HI,AWP,WE,Federal Contract Tower,72,21,1,0,94,0,125,14,0,139,72,146,15,0,233,50,0,50,283
12/10/2006,LIH,HI,AWP,WE,Federal Contract Tower,77,24,2,2,105,0,128,25,0,153,77,152,27,2,258,78,0,78,336
12/11/2006,LIH,HI,AWP,WE,Federal Contract Tower,66,36,2,7,111,0,141,18,9,168,66,177,20,16,279,44,20,64,343
12/12/2006,LIH,HI,AWP,WE,Federal Contract Tower,67,32,3,0,102,0,154,10,0,164,67,186,13,0,266,116,0,116,382
12/13/2006,LIH,HI,AWP,WE,Federal Contract Tower,67,30,1,2,100,0,114,16,0,130,67,144,17,2,230,86,12,98,328
12/14/2006,LIH,HI,AWP,WE,Federal Contract Tower,78,36,2,6,122,0,100,24,0,124,78,136,26,6,246,70,4,74,320
12/15/2006,LIH,HI,AWP,WE,Federal Contract Tower,82,34,7,4,127,0,87,11,8,106,82,121,18,12,233,50,28,78,311
12/16/2006,LIH,HI,AWP,WE,Federal Contract Tower,72,27,3,8,110,0,70,4,0,74,72,97,7,8,184,34,2,36,220
12/17/2006,LIH,HI,AWP,WE,Federal Contract Tower,71,22,2,0,95,0,99,18,0,117,71,121,20,0,212,59,0,59,271
12/18/2006,LIH,HI,AWP,WE,Federal Contract Tower,70,34,6,4,114,0,140,13,6,159,70,174,19,10,273,54,4,58,331
12/19/2006,LIH,HI,AWP,WE,Federal Contract Tower,82,29,6,2,119,0,170,26,2,198,82,199,32,4,317,108,0,108,425
12/20/2006,LIH,HI,AWP,WE,Federal Contract Tower,82,28,0,10,120,0,108,16,0,124,82,136,16,10,244,114,0,114,358
12/21/2006,LIH,HI,AWP,WE,Federal Contract Tower,70,34,5,2,111,0,100,14,0,114,70,134,19,2,225,32,4,36,261
12/22/2006,LIH,HI,AWP,WE,Federal Contract Tower,80,34,11,2,127,0,142,12,0,154,80,176,23,2,281,62,0,62,343
12/23/2006,LIH,HI,AWP,WE,Federal Contract Tower,73,36,3,0,112,0,164,2,0,166,73,200,5,0,278,14,0,14,292
12/24/2006,LIH,HI,AWP,WE,Federal Contract Tower,67,30,3,0,100,0,180,10,0,190,67,210,13,0,290,28,0,28,318
12/25/2006,LIH,HI,AWP,WE,Federal Contract Tower,70,19,2,0,91,0,49,2,0,51,70,68,4,0,142,10,0,10,152
12/26/2006,LIH,HI,AWP,WE,Federal Contract Tower,71,29,5,6,111,0,190,10,0,200,71,219,15,6,311,18,0,18,329
12/27/2006,LIH,HI,AWP,WE,Federal Contract Tower,70,32,4,9,115,0,222,14,0,236,70,254,18,9,351,78,6,84,435
12/28/2006,LIH,HI,AWP,WE,Federal Contract Tower,69,34,4,2,109,0,164,10,0,174,69,198,14,2,283,32,0,32,315
12/29/2006,LIH,HI,AWP,WE,Federal Contract Tower,81,35,2,2,120,0,165,10,0,175,81,200,12,2,295,52,0,52,347
12/30/2006,LIH,HI,AWP,WE,Federal Contract Tower,76,32,8,0,116,0,194,16,2,212,76,226,24,2,328,32,0,32,360
12/31/2006,LIH,HI,AWP,WE,Federal Contract Tower,69,24,0,0,93,0,219,16,2,237,69,243,16,2,330,18,0,18,348
01/01/2007,LIH,HI,AWP,WE,Federal Contract Tower,70,19,5,0,94,0,182,5,0,187,70,201,10,0,281,51,0,51,332
01/02/2007,LIH,HI,AWP,WE,Federal Contract Tower,66,31,7,0,104,0,162,21,0,183,66,193,28,0,287,90,0,90,377
01/03/2007,LIH,HI,AWP,WE,Federal Contract Tower,69,30,3,3,105,0,176,12,0,188,69,206,15,3,293,46,0,46,339
01/04/2007,LIH,HI,AWP,WE,Federal Contract Tower,67,29,7,9,112,0,112,4,0,116,67,141,11,9,228,30,0,30,258
01/05/2007,LIH,HI,AWP,WE,Federal Contract Tower,76,29,4,4,113,0,138,18,0,156,76,167,22,4,269,68,4,72,341
01/06/2007,LIH,HI,AWP,WE,Federal Contract Tower,73,31,1,9,114,0,95,15,0,110,73,126,16,9,224,10,0,10,234
01/07/2007,LIH,HI,AWP,WE,Federal Contract Tower,70,25,1,6,102,0,79,14,1,94,70,104,15,7,196,148,2,150,346
01/08/2007,LIH,HI,AWP,WE,Federal Contract Tower,71,28,0,0,99,0,8,4,0,12,71,36,4,0,111,8,0,8,119
01/09/2007,LIH,HI,AWP,WE,Federal Contract Tower,68,28,0,9,105,0,64,4,8,76,68,92,4,17,181,138,2,140,321
01/10/2007,LIH,HI,AWP,WE,Federal Contract Tower,67,25,2,4,98,0,134,4,0,138,67,159,6,4,236,16,8,24,260
01/11/2007,LIH,HI,AWP,WE,Federal Contract Tower,71,30,2,0,103,0,136,8,0,144,71,166,10,0,247,48,0,48,295
01/12/2007,LIH,HI,AWP,WE,Federal Contract Tower,71,26,4,4,105,0,167,16,0,183,71,193,20,4,288,34,0,34,322
01/13/2007,LIH,HI,AWP,WE,Federal Contract Tower,74,26,4,0,104,0,131,24,2,157,74,157,28,2,261,100,0,100,361
01/14/2007,LIH,HI,AWP,WE,Federal Contract Tower,67,19,0,0,86,0,159,15,4,178,67,178,15,4,264,66,10,76,340
01/15/2007,LIH,HI,AWP,WE,Federal Contract Tower,65,27,3,0,95,0,174,28,0,202,65,201,31,0,297,90,0,90,387
01/16/2007,LIH,HI,AWP,WE,Federal Contract Tower,62,27,1,7,97,0,164,14,11,189,62,191,15,18,286,68,2,70,356
01/17/2007,LIH,HI,AWP,WE,Federal Contract Tower,73,31,1,4,109,0,150,22,4,176,73,181,23,8,285,76,6,82,367
01/18/2007,LIH,HI,AWP,WE,Federal Contract Tower,70,27,1,0,98,0,158,12,4,174,70,185,13,4,272,74,0,74,346
01/19/2007,LIH,HI,AWP,WE,Federal Contract Tower,73,29,3,16,121,0,128,12,0,140,73,157,15,16,261,42,0,42,303
01/20/2007,LIH,HI,AWP,WE,Federal Contract Tower,73,25,1,2,101,0,134,15,3,152,73,159,16,5,253,40,10,50,303
01/21/2007,LIH,HI,AWP,WE,Federal Contract Tower,71,21,0,3,95,0,119,26,3,148,71,140,26,6,243,56,0,56,299
01/22/2007,LIH,HI,AWP,WE,Federal Contract Tower,66,26,0,8,100,0,146,20,8,174,66,172,20,16,274,56,10,66,340
01/23/2007,LIH,HI,AWP,WE,Federal Contract Tower,69,28,1,0,98,0,158,30,0,188,69,186,31,0,286,72,0,72,358
01/24/2007,LIH,HI,AWP,WE,Federal Contract Tower,67,21,1,0,89,0,180,12,0,192,67,201,13,0,281,56,0,56,337
01/25/2007,LIH,HI,AWP,WE,Federal Contract Tower,66,26,0,8,100,0,176,23,0,199,66,202,23,8,299,36,4,40,339
01/26/2007,LIH,HI,AWP,WE,Federal Contract Tower,77,25,0,1,103,0,150,20,1,171,77,175,20,2,274,90,0,90,364
01/27/2007,LIH,HI,AWP,WE,Federal Contract Tower,75,27,0,0,102,0,145,21,0,166,75,172,21,0,268,48,0,48,316
01/28/2007,LIH,HI,AWP,WE,Federal Contract Tower,68,19,1,8,96,0,140,19,10,169,68,159,20,18,265,32,0,32,297
01/29/2007,LIH,HI,AWP,WE,Federal Contract Tower,63,29,0,0,92,0,33,0,0,33,63,62,0,0,125,10,0,10,135
01/30/2007,LIH,HI,AWP,WE,Federal Contract Tower,66,27,3,3,99,0,54,9,1,64,66,81,12,4,163,30,0,30,193
01/31/2007,LIH,HI,AWP,WE,Federal Contract Tower,67,28,3,0,98,0,65,2,0,67,67,93,5,0,165,8,0,8,173
02/01/2007,LIH,HI,AWP,WE,Federal Contract Tower,61,32,0,2,95,0,13,0,0,13,61,45,0,2,108,8,0,8,116
02/02/2007,LIH,HI,AWP,WE,Federal Contract Tower,73,33,4,10,120,0,124,10,0,134,73,157,14,10,254,124,0,124,378
02/03/2007,LIH,HI,AWP,WE,Federal Contract Tower,71,29,3,0,103,0,161,11,0,172,71,190,14,0,275,58,0,58,333
02/04/2007,LIH,HI,AWP,WE,Federal Contract Tower,71,19,3,0,93,0,120,8,1,129,71,139,11,1,222,6,1,7,229
02/05/2007,LIH,HI,AWP,WE,Federal Contract Tower,63,36,4,0,103,0,187,14,2,203,63,223,18,2,306,127,1,128,434
02/06/2007,LIH,HI,AWP,WE,Federal Contract Tower,70,27,0,3,100,0,154,25,6,185,70,181,25,9,285,108,0,108,393
02/07/2007,LIH,HI,AWP,WE,Federal Contract Tower,64,27,1,3,95,0,22,11,0,33,64,49,12,3,128,114,0,114,242
02/08/2007,LIH,HI,AWP,WE,Federal Contract Tower,65,29,2,3,99,0,212,21,0,233,65,241,23,3,332,74,10,84,416
02/09/2007,LIH,HI,AWP,WE,Federal Contract Tower,70,31,2,8,111,0,184,24,0,208,70,215,26,8,319,32,0,32,351
02/10/2007,LIH,HI,AWP,WE,Federal Contract Tower,76,22,3,4,105,0,148,13,0,161,76,170,16,4,266,56,0,56,322
02/11/2007,LIH,HI,AWP,WE,Federal Contract Tower,66,21,1,6,94,0,135,14,0,149,66,156,15,6,243,36,20,56,299
02/12/2007,LIH,HI,AWP,WE,Federal Contract Tower,76,28,0,2,106,13,171,20,3,207,89,199,20,5,313,94,0,94,407
02/13/2007,LIH,HI,AWP,WE,Federal Contract Tower,66,27,0,2,95,0,156,20,4,180,66,183,20,6,275,66,0,66,341
02/14/2007,LIH,HI,AWP,WE,Federal Contract Tower,65,25,0,2,92,0,216,22,0,238,65,241,22,2,330,90,0,90,420
02/15/2007,LIH,HI,AWP,WE,Federal Contract Tower,70,28,5,8,111,0,160,10,4,174,70,188,15,12,285,128,24,152,437
02/16/2007,LIH,HI,AWP,WE,Federal Contract Tower,72,22,3,3,100,0,172,9,1,182,72,194,12,4,282,100,4,104,386
02/17/2007,LIH,HI,AWP,WE,Federal Contract Tower,74,24,0,0,98,3,140,12,0,155,77,164,12,0,253,42,0,42,295
02/18/2007,LIH,HI,AWP,WE,Federal Contract Tower,67,20,2,0,89,0,105,7,0,112,67,125,9,0,201,32,0,32,233
02/19/2007,LIH,HI,AWP,WE,Federal Contract Tower,72,20,0,0,92,0,190,19,0,209,72,210,19,0,301,70,0,70,371
02/20/2007,LIH,HI,AWP,WE,Federal Contract Tower,65,32,4,7,108,0,146,10,7,163,65,178,14,14,271,60,0,60,331
02/21/2007,LIH,HI,AWP,WE,Federal Contract Tower,71,23,1,6,101,0,150,24,0,174,71,173,25,6,275,188,0,188,463
02/22/2007,LIH,HI,AWP,WE,Federal Contract Tower,73,24,4,9,110,0,176,12,5,193,73,200,16,14,303,158,10,168,471
02/23/2007,LIH,HI,AWP,WE,Federal Contract Tower,78,27,3,10,118,0,158,16,2,176,78,185,19,12,294,128,4,132,426
02/24/2007,LIH,HI,AWP,WE,Federal Contract Tower,73,25,3,2,103,0,158,6,0,164,73,183,9,2,267,60,10,70,337
02/25/2007,LIH,HI,AWP,WE,Federal Contract Tower,70,21,0,0,91,0,147,12,0,159,70,168,12,0,250,146,0,146,396
02/26/2007,LIH,HI,AWP,WE,Federal Contract Tower,66,24,3,7,100,0,149,16,8,173,66,173,19,15,273,110,8,118,391
02/27/2007,LIH,HI,AWP,WE,Federal Contract Tower,65,23,1,11,100,0,158,18,7,183,65,181,19,18,283,132,0,132,415
02/28/2007,LIH,HI,AWP,WE,Federal Contract Tower,65,21,2,9,97,0,168,12,0,180,65,189,14,9,277,38,10,48,325
03/01/2007,LIH,HI,AWP,WE,Federal Contract Tower,65,26,3,8,102,0,154,9,1,164,65,180,12,9,266,126,6,132,398
03/02/2007,LIH,HI,AWP,WE,Federal Contract Tower,70,28,4,6,108,0,157,18,0,175,70,185,22,6,283,72,6,78,361
03/03/2007,LIH,HI,AWP,WE,Federal Contract Tower,74,24,2,4,104,0,159,8,0,167,74,183,10,4,271,80,0,80,351
03/04/2007,LIH,HI,AWP,WE,Federal Contract Tower,71,17,3,2,93,0,145,17,0,162,71,162,20,2,255,16,0,16,271
03/05/2007,LIH,HI,AWP,WE,Federal Contract Tower,66,25,2,11,104,0,211,17,9,237,66,236,19,20,341,48,2,50,391
03/06/2007,LIH,HI,AWP,WE,Federal Contract Tower,66,34,0,8,108,0,181,38,6,225,66,215,38,14,333,133,0,133,466
03/07/2007,LIH,HI,AWP,WE,Federal Contract Tower,66,23,2,0,91,0,166,32,0,198,66,189,34,0,289,180,0,180,469
03/08/2007,LIH,HI,AWP,WE,Federal Contract Tower,66,30,2,8,106,0,138,16,2,156,66,168,18,10,262,172,4,176,438
03/09/2007,LIH,HI,AWP,WE,Federal Contract Tower,72,24,0,2,98,0,18,10,0,28,72,42,10,2,126,68,0,68,194
03/10/2007,LIH,HI,AWP,WE,Federal Contract Tower,80,19,2,3,104,0,94,14,3,111,80,113,16,6,215,32,0,32,247
03/11/2007,LIH,HI,AWP,WE,Federal Contract Tower,68,22,1,0,91,0,113,16,0,129,68,135,17,0,220,31,0,31,251
03/12/2007,LIH,HI,AWP,WE,Federal Contract Tower,66,27,2,6,101,0,107,6,4,117,66,134,8,10,218,84,10,94,312
03/13/2007,LIH,HI,AWP,WE,Federal Contract Tower,64,29,3,9,105,0,66,8,11,85,64,95,11,20,190,108,0,108,298
03/14/2007,LIH,HI,AWP,WE,Federal Contract Tower,63,24,0,10,97,0,90,15,10,115,63,114,15,20,212,70,0,70,282
03/15/2007,LIH,HI,AWP,WE,Federal Contract Tower,63,28,10,5,106,0,88,14,3,105,63,116,24,8,211,54,0,54,265
03/16/2007,LIH,HI,AWP,WE,Federal Contract Tower,71,25,1,4,101,0,71,19,2,92,71,96,20,6,193,74,6,80,273
03/17/2007,LIH,HI,AWP,WE,Federal Contract Tower,74,27,1,2,104,0,94,13,0,107,74,121,14,2,211,50,4,54,265
03/18/2007,LIH,HI,AWP,WE,Federal Contract Tower,71,20,5,4,100,0,100,9,4,113,71,120,14,8,213,38,0,38,251
03/19/2007,LIH,HI,AWP,WE,Federal Contract Tower,66,29,4,2,101,0,91,23,5,119,66,120,27,7,220,119,0,119,339
03/20/2007,LIH,HI,AWP,WE,Federal Contract Tower,63,27,1,7,98,0,102,13,5,120,63,129,14,12,218,128,6,134,352
03/21/2007,LIH,HI,AWP,WE,Federal Contract Tower,65,27,2,7,101,0,86,38,5,129,65,113,40,12,230,80,0,80,310
03/22/2007,LIH,HI,AWP,WE,Federal Contract Tower,65,24,3,7,99,0,78,16,0,94,65,102,19,7,193,114,10,124,317
03/23/2007,LIH,HI,AWP,WE,Federal Contract Tower,72,26,5,0,103,0,2,18,2,22,72,28,23,2,125,70,0,70,195
03/24/2007,LIH,HI,AWP,WE,Federal Contract Tower,77,22,5,0,104,0,79,10,2,91,77,101,15,2,195,60,0,60,255
03/25/2007,LIH,HI,AWP,WE,Federal Contract Tower,73,22,4,0,99,0,91,7,0,98,73,113,11,0,197,2,0,2,199
03/26/2007,LIH,HI,AWP,WE,Federal Contract Tower,68,29,0,1,98,0,82,15,2,99,68,111,15,3,197,115,10,125,322
03/27/2007,LIH,HI,AWP,WE,Federal Contract Tower,62,25,1,0,88,0,124,38,0,162,62,149,39,0,250,54,0,54,304
03/28/2007,LIH,HI,AWP,WE,Federal Contract Tower,66,28,1,1,96,0,158,28,1,187,66,186,29,2,283,74,0,74,357
03/29/2007,LIH,HI,AWP,WE,Federal Contract Tower,63,28,1,1,93,0,102,16,4,122,63,130,17,5,215,36,0,36,251
03/30/2007,LIH,HI,AWP,WE,Federal Contract Tower,73,23,1,3,100,0,100,0,0,100,73,123,1,3,200,80,6,86,286
03/31/2007,LIH,HI,AWP,WE,Federal Contract Tower,72,22,0,5,99,0,0,12,0,12,72,22,12,5,111,4,0,4,115
04/01/2007,LIH,HI,AWP,WE,Federal Contract Tower,74,18,1,3,96,0,92,6,2,100,74,110,7,5,196,14,4,18,214
04/02/2007,LIH,HI,AWP,WE,Federal Contract Tower,65,25,2,0,92,0,99,13,0,112,65,124,15,0,204,6,0,6,210
04/03/2007,LIH,HI,AWP,WE,Federal Contract Tower,64,23,0,11,98,0,128,20,9,157,64,151,20,20,255,110,8,118,373
04/04/2007,LIH,HI,AWP,WE,Federal Contract Tower,65,27,7,2,101,0,116,24,5,145,65,143,31,7,246,126,8,134,380
04/05/2007,LIH,HI,AWP,WE,Federal Contract Tower,66,27,0,7,100,0,110,26,0,136,66,137,26,7,236,52,20,72,308
04/06/2007,LIH,HI,AWP,WE,Federal Contract Tower,73,22,2,2,99,0,100,16,0,116,73,122,18,2,215,74,2,76,291
04/07/2007,LIH,HI,AWP,WE,Federal Contract Tower,73,26,2,2,103,0,99,9,1,109,73,125,11,3,212,12,0,12,224
04/08/2007,LIH,HI,AWP,WE,Federal Contract Tower,69,17,0,0,86,0,76,7,0,83,69,93,7,0,169,6,0,6,175
04/09/2007,LIH,HI,AWP,WE,Federal Contract Tower,69,29,2,0,100,0,101,30,0,131,69,130,32,0,231,75,0,75,306
04/10/2007,LIH,HI,AWP,WE,Federal Contract Tower,64,21,5,2,92,0,106,26,17,149,64,127,31,19,241,82,18,100,341
04/11/2007,LIH,HI,AWP,WE,Federal Contract Tower,64,22,2,0,88,0,96,30,6,132,64,118,32,6,220,150,2,152,372
04/12/2007,LIH,HI,AWP,WE,Federal Contract Tower,62,25,3,11,101,0,108,19,0,127,62,133,22,11,228,98,8,106,334
04/13/2007,LIH,HI,AWP,WE,Federal Contract Tower,70,25,5,14,114,0,73,12,4,89,70,98,17,18,203,68,0,68,271
04/14/2007,LIH,HI,AWP,WE,Federal Contract Tower,71,25,3,0,99,0,92,19,0,111,71,117,22,0,210,20,0,20,230
04/15/2007,LIH,HI,AWP,WE,Federal Contract Tower,70,18,9,6,103,0,104,14,3,121,70,122,23,9,224,26,2,28,252
04/16/2007,LIH,HI,AWP,WE,Federal Contract Tower,65,26,5,3,99,0,99,15,4,118,65,125,20,7,217,112,4,116,333
04/17/2007,LIH,HI,AWP,WE,Federal Contract Tower,65,23,1,12,101,0,119,18,4,141,65,142,19,16,242,54,6,60,302
04/18/2007,LIH,HI,AWP,WE,Federal Contract Tower,65,25,2,6,98,0,136,15,0,151,65,161,17,6,249,98,0,98,347
04/19/2007,LIH,HI,AWP,WE,Federal Contract Tower,67,26,3,8,104,0,128,20,2,150,67,154,23,10,254,44,4,48,302
04/20/2007,LIH,HI,AWP,WE,Federal Contract Tower,73,32,4,0,109,0,108,21,4,133,73,140,25,4,242,94,0,94,336
04/21/2007,LIH,HI,AWP,WE,Federal Contract Tower,74,20,1,0,95,0,74,6,0,80,74,94,7,0,175,10,0,10,185
04/22/2007,LIH,HI,AWP,WE,Federal Contract Tower,68,19,2,0,89,0,108,8,0,116,68,127,10,0,205,8,0,8,213
04/23/2007,LIH,HI,AWP,WE,Federal Contract Tower,63,25,1,5,94,0,92,10,0,102,63,117,11,5,196,28,6,34,230
04/24/2007,LIH,HI,AWP,WE,Federal Contract Tower,65,25,0,0,90,0,88,10,0,98,65,113,10,0,188,64,0,64,252
04/25/2007,LIH,HI,AWP,WE,Federal Contract Tower,61,27,1,2,91,0,128,30,0,158,61,155,31,2,249,110,0,110,359
04/26/2007,LIH,HI,AWP,WE,Federal Contract Tower,63,23,2,0,88,0,134,28,0,162,63,157,30,0,250,64,0,64,314
04/27/2007,LIH,HI,AWP,WE,Federal Contract Tower,71,27,0,6,104,0,96,19,2,117,71,123,19,8,221,30,0,30,251
04/28/2007,LIH,HI,AWP,WE,Federal Contract Tower,74,21,0,0,95,0,126,16,0,142,74,147,16,0,237,10,0,10,247
04/29/2007,LIH,HI,AWP,WE,Federal Contract Tower,67,22,2,0,91,0,72,24,0,96,67,94,26,0,187,48,0,48,235
04/30/2007,LIH,HI,AWP,WE,Federal Contract Tower,63,25,2,4,94,0,129,18,1,148,63,154,20,5,242,36,1,37,279
05/01/2007,LIH,HI,AWP,WE,Federal Contract Tower,62,24,1,6,93,0,105,18,6,129,62,129,19,12,222,34,0,34,256
05/02/2007,LIH,HI,AWP,WE,Federal Contract Tower,64,23,0,11,98,0,116,12,0,128,64,139,12,11,226,88,0,88,314
05/03/2007,LIH,HI,AWP,WE,Federal Contract Tower,63,25,3,2,93,0,110,12,0,122,63,135,15,2,215,96,0,96,311
05/04/2007,LIH,HI,AWP,WE,Federal Contract Tower,66,26,6,7,105,0,86,16,1,103,66,112,22,8,208,42,0,42,250
05/05/2007,LIH,HI,AWP,WE,Federal Contract Tower,74,22,3,2,101,0,106,9,0,115,74,128,12,2,216,10,0,10,226
05/06/2007,LIH,HI,AWP,WE,Federal Contract Tower,63,19,2,8,92,0,110,12,0,122,63,129,14,8,214,10,0,10,224
05/07/2007,LIH,HI,AWP,WE,Federal Contract Tower,61,24,0,6,91,0,106,18,6,130,61,130,18,12,221,47,12,59,280
05/08/2007,LIH,HI,AWP,WE,Federal Contract Tower,61,27,0,13,101,0,110,13,14,137,61,137,13,27,238,50,14,64,302
05/09/2007,LIH,HI,AWP,WE,Federal Contract Tower,60,28,0,5,93,0,90,16,0,106,60,118,16,5,199,64,0,64,263
05/10/2007,LIH,HI,AWP,WE,Federal Contract Tower,65,22,0,0,87,0,98,18,0,116,65,120,18,0,203,122,2,124,327
05/11/2007,LIH,HI,AWP,WE,Federal Contract Tower,65,28,5,6,104,0,91,10,0,101,65,119,15,6,205,50,20,70,275
05/12/2007,LIH,HI,AWP,WE,Federal Contract Tower,70,30,1,0,101,0,137,21,0,158,70,167,22,0,259,40,0,40,299
05/13/2007,LIH,HI,AWP,WE,Federal Contract Tower,65,19,0,0,84,0,120,5,0,125,65,139,5,0,209,6,0,6,215
05/14/2007,LIH,HI,AWP,WE,Federal Contract Tower,62,31,3,0,96,0,117,17,0,134,62,148,20,0,230,65,0,65,295
05/15/2007,LIH,HI,AWP,WE,Federal Contract Tower,62,27,2,0,91,0,126,28,0,154,62,153,30,0,245,90,0,90,335
05/16/2007,LIH,HI,AWP,WE,Federal Contract Tower,61,26,2,7,96,1,120,0,0,121,62,146,2,7,217,44,0,44,261
05/17/2007,LIH,HI,AWP,WE,Federal Contract Tower,61,26,0,6,93,0,122,25,0,147,61,148,25,6,240,96,0,96,336
05/18/2007,LIH,HI,AWP,WE,Federal Contract Tower,68,21,2,2,93,0,122,16,2,140,68,143,18,4,233,168,0,168,401
05/19/2007,LIH,HI,AWP,WE,Federal Contract Tower,72,24,2,4,102,0,149,20,5,174,72,173,22,9,276,62,2,64,340
05/20/2007,LIH,HI,AWP,WE,Federal Contract Tower,66,20,1,0,87,0,126,12,0,138,66,146,13,0,225,29,0,29,254
05/21/2007,LIH,HI,AWP,WE,Federal Contract Tower,62,30,0,1,93,0,137,20,1,158,62,167,20,2,251,94,5,99,350
05/22/2007,LIH,HI,AWP,WE,Federal Contract Tower,65,25,3,5,98,0,128,27,3,158,65,153,30,8,256,126,0,126,382
05/23/2007,LIH,HI,AWP,WE,Federal Contract Tower,61,28,2,12,103,0,134,24,0,158,61,162,26,12,261,130,0,130,391
05/24/2007,LIH,HI,AWP,WE,Federal Contract Tower,55,30,7,10,102,0,134,36,0,170,55,164,43,10,272,96,0,96,368
05/25/2007,LIH,HI,AWP,WE,Federal Contract Tower,67,28,8,0,103,0,140,35,8,183,67,168,43,8,286,88,0,88,374
05/26/2007,LIH,HI,AWP,WE,Federal Contract Tower,74,19,5,0,98,0,141,9,2,152,74,160,14,2,250,16,12,28,278
05/27/2007,LIH,HI,AWP,WE,Federal Contract Tower,63,20,3,0,86,0,128,12,1,141,63,148,15,1,227,10,6,16,243
05/28/2007,LIH,HI,AWP,WE,Federal Contract Tower,66,24,0,0,90,0,140,17,0,157,66,164,17,0,247,90,0,90,337
05/29/2007,LIH,HI,AWP,WE,Federal Contract Tower,63,29,1,4,97,0,172,12,1,185,63,201,13,5,282,112,0,112,394
05/30/2007,LIH,HI,AWP,WE,Federal Contract Tower,66,28,2,18,114,0,144,28,0,172,66,172,30,18,286,20,4,24,310
05/31/2007,LIH,HI,AWP,WE,Federal Contract Tower,64,24,0,16,104,0,122,25,8,155,64,146,25,24,259,124,8,132,391
06/01/2007,LIH,HI,AWP,WE,Federal Contract Tower,70,29,0,10,109,0,126,18,0,144,70,155,18,10,253,66,22,88,341
06/02/2007,LIH,HI,AWP,WE,Federal Contract Tower,70,27,1,1,99,0,140,10,3,153,70,167,11,4,252,16,5,21,273
06/03/2007,LIH,HI,AWP,WE,Federal Contract Tower,65,18,5,0,88,0,138,23,0,161,65,156,28,0,249,12,0,12,261
06/04/2007,LIH,HI,AWP,WE,Federal Contract Tower,61,30,7,5,103,0,110,11,5,126,61,140,18,10,229,92,0,92,321
06/05/2007,LIH,HI,AWP,WE,Federal Contract Tower,64,28,2,4,98,0,112,16,0,128,64,140,18,4,226,96,0,96,322
06/06/2007,LIH,HI,AWP,WE,Federal Contract Tower,64,24,8,4,100,0,160,30,6,196,64,184,38,10,296,48,14,62,358
06/07/2007,LIH,HI,AWP,WE,Federal Contract Tower,67,28,9,8,112,0,144,12,0,156,67,172,21,8,268,118,0,118,386
06/08/2007,LIH,HI,AWP,WE,Federal Contract Tower,76,26,8,4,114,0,122,13,0,135,76,148,21,4,249,56,0,56,305
06/09/2007,LIH,HI,AWP,WE,Federal Contract Tower,72,23,14,0,109,0,134,12,0,146,72,157,26,0,255,22,0,22,277
06/10/2007,LIH,HI,AWP,WE,Federal Contract Tower,68,22,6,4,100,0,122,8,0,130,68,144,14,4,230,17,0,17,247
06/11/2007,LIH,HI,AWP,WE,Federal Contract Tower,73,28,5,7,113,0,154,25,9,188,73,182,30,16,301,88,6,94,395
06/12/2007,LIH,HI,AWP,WE,Federal Contract Tower,71,23,1,0,95,0,144,22,2,168,71,167,23,2,263,102,18,120,383
06/13/2007,LIH,HI,AWP,WE,Federal Contract Tower,68,24,2,5,99,0,150,10,0,160,68,174,12,5,259,36,0,36,295
06/14/2007,LIH,HI,AWP,WE,Federal Contract Tower,70,26,0,10,106,0,134,20,2,156,70,160,20,12,262,50,0,50,312
06/15/2007,LIH,HI,AWP,WE,Federal Contract Tower,72,27,2,5,106,0,126,11,1,138,72,153,13,6,244,106,0,106,350
06/16/2007,LIH,HI,AWP,WE,Federal Contract Tower,74,21,8,4,107,0,134,8,0,142,74,155,16,4,249,10,0,10,259
06/17/2007,LIH,HI,AWP,WE,Federal Contract Tower,70,18,1,0,89,0,128,9,0,137,70,146,10,0,226,14,0,14,240
06/18/2007,LIH,HI,AWP,WE,Federal Contract Tower,72,33,2,12,119,0,144,11,12,167,72,177,13,24,286,143,10,153,439
06/19/2007,LIH,HI,AWP,WE,Federal Contract Tower,66,23,1,9,99,0,136,12,0,148,66,159,13,9,247,72,0,72,319
06/20/2007,LIH,HI,AWP,WE,Federal Contract Tower,73,25,2,17,117,0,128,25,2,155,73,153,27,19,272,60,0,60,332
06/21/2007,LIH,HI,AWP,WE,Federal Contract Tower,71,25,0,4,100,0,147,14,0,161,71,172,14,4,261,82,2,84,345
06/22/2007,LIH,HI,AWP,WE,Federal Contract Tower,75,25,4,0,104,0,127,19,0,146,75,152,23,0,250,72,0,72,322
06/23/2007,LIH,HI,AWP,WE,Federal Contract Tower,72,23,2,4,101,0,161,20,3,184,72,184,22,7,285,45,14,59,344
06/24/2007,LIH,HI,AWP,WE,Federal Contract Tower,63,21,4,0,88,0,146,13,0,159,63,167,17,0,247,48,0,48,295
06/25/2007,LIH,HI,AWP,WE,Federal Contract Tower,69,31,5,6,111,0,166,22,9,197,69,197,27,15,308,52,18,70,378
06/26/2007,LIH,HI,AWP,WE,Federal Contract Tower,69,25,5,3,102,0,146,34,0,180,69,171,39,3,282,120,8,128,410
06/27/2007,LIH,HI,AWP,WE,Federal Contract Tower,66,29,4,5,104,0,114,20,0,134,66,143,24,5,238,68,24,92,330
06/28/2007,LIH,HI,AWP,WE,Federal Contract Tower,69,29,1,2,101,0,154,13,6,173,69,183,14,8,274,96,1,97,371
06/29/2007,LIH,HI,AWP,WE,Federal Contract Tower,71,26,3,4,104,0,112,16,4,132,71,138,19,8,236,78,12,90,326
06/30/2007,LIH,HI,AWP,WE,Federal Contract Tower,75,27,1,2,105,0,140,5,0,145,75,167,6,2,250,18,0,18,268
07/01/2007,LIH,HI,AWP,WE,Federal Contract Tower,79,20,3,3,105,0,163,5,2,170,79,183,8,5,275,10,11,21,296
07/02/2007,LIH,HI,AWP,WE,Federal Contract Tower,75,30,2,10,117,0,146,20,14,180,75,176,22,24,297,107,102,209,506
07/03/2007,LIH,HI,AWP,WE,Federal Contract Tower,75,28,2,0,105,0,172,25,0,197,75,200,27,0,302,68,0,68,370
07/04/2007,LIH,HI,AWP,WE,Federal Contract Tower,73,18,2,4,97,0,152,17,0,169,73,170,19,4,266,140,0,140,406
07/05/2007,LIH,HI,AWP,WE,Federal Contract Tower,71,28,3,13,115,0,154,16,4,174,71,182,19,17,289,134,24,158,447
07/06/2007,LIH,HI,AWP,WE,Federal Contract Tower,77,27,3,3,110,0,134,15,1,150,77,161,18,4,260,68,6,74,334
07/07/2007,LIH,HI,AWP,WE,Federal Contract Tower,78,24,1,6,109,0,186,3,2,191,78,210,4,8,300,24,8,32,332
07/08/2007,LIH,HI,AWP,WE,Federal Contract Tower,75,22,1,0,98,0,138,12,0,150,75,160,13,0,248,14,0,14,262
07/09/2007,LIH,HI,AWP,WE,Federal Contract Tower,75,27,0,13,115,0,168,8,14,190,75,195,8,27,305,40,16,56,361
07/10/2007,LIH,HI,AWP,WE,Federal Contract Tower,71,26,0,7,104,0,120,10,0,130,71,146,10,7,234,22,0,22,256
07/11/2007,LIH,HI,AWP,WE,Federal Contract Tower,74,22,1,5,102,0,88,20,0,108,74,110,21,5,210,46,12,58,268
07/12/2007,LIH,HI,AWP,WE,Federal Contract Tower,77,23,4,17,121,0,155,18,1,174,77,178,22,18,295,56,10,66,361
07/13/2007,LIH,HI,AWP,WE,Federal Contract Tower,79,24,2,15,120,0,112,11,1,124,79,136,13,16,244,34,2,36,280
07/14/2007,LIH,HI,AWP,WE,Federal Contract Tower,78,21,3,0,102,0,110,7,0,117,78,131,10,0,219,6,0,6,225
07/15/2007,LIH,HI,AWP,WE,Federal Contract Tower,78,23,1,0,102,0,140,1,0,141,78,163,2,0,243,22,0,22,265
07/16/2007,LIH,HI,AWP,WE,Federal Contract Tower,75,28,0,9,112,0,148,21,14,183,75,176,21,23,295,83,21,104,399
07/17/2007,LIH,HI,AWP,WE,Federal Contract Tower,73,26,6,8,113,0,158,30,0,188,73,184,36,8,301,90,20,110,411
07/18/2007,LIH,HI,AWP,WE,Federal Contract Tower,74,25,0,8,107,0,138,31,4,173,74,163,31,12,280,76,10,86,366
07/19/2007,LIH,HI,AWP,WE,Federal Contract Tower,79,25,0,16,120,0,140,12,0,152,79,165,12,16,272,56,58,114,386
07/20/2007,LIH,HI,AWP,WE,Federal Contract Tower,82,22,1,8,113,0,106,9,0,115,82,128,10,8,228,68,16,84,312
07/21/2007,LIH,HI,AWP,WE,Federal Contract Tower,83,27,1,4,115,0,91,6,2,99,83,118,7,6,214,22,0,22,236
07/22/2007,LIH,HI,AWP,WE,Federal Contract Tower,80,20,4,4,108,5,158,10,4,177,85,178,14,8,285,32,8,40,325
07/23/2007,LIH,HI,AWP,WE,Federal Contract Tower,75,27,5,7,114,0,138,12,7,157,75,165,17,14,271,72,10,82,353
07/24/2007,LIH,HI,AWP,WE,Federal Contract Tower,79,28,2,3,112,0,158,17,4,179,79,186,19,7,291,102,48,150,441
07/25/2007,LIH,HI,AWP,WE,Federal Contract Tower,76,27,5,0,108,0,158,31,0,189,76,185,36,0,297,170,0,170,467
07/26/2007,LIH,HI,AWP,WE,Federal Contract Tower,75,30,5,17,127,0,178,26,0,204,75,208,31,17,331,90,26,116,447
07/27/2007,LIH,HI,AWP,WE,Federal Contract Tower,83,31,3,12,129,0,155,20,2,177,83,186,23,14,306,32,20,52,358
07/28/2007,LIH,HI,AWP,WE,Federal Contract Tower,82,20,4,0,106,0,173,16,3,192,82,193,20,3,298,28,0,28,326
07/29/2007,LIH,HI,AWP,WE,Federal Contract Tower,79,20,3,0,102,0,140,6,4,150,79,160,9,4,252,10,0,10,262
07/30/2007,LIH,HI,AWP,WE,Federal Contract Tower,84,32,2,11,129,6,204,19,11,240,90,236,21,22,369,73,0,73,442
07/31/2007,LIH,HI,AWP,WE,Federal Contract Tower,76,24,6,5,111,0,188,16,6,210,76,212,22,11,321,48,60,108,429
08/01/2007,LIH,HI,AWP,WE,Federal Contract Tower,76,24,2,11,113,0,138,12,0,150,76,162,14,11,263,40,20,60,323
08/02/2007,LIH,HI,AWP,WE,Federal Contract Tower,77,25,3,31,136,0,142,12,4,158,77,167,15,35,294,16,26,42,336
08/03/2007,LIH,HI,AWP,WE,Federal Contract Tower,79,30,5,22,136,0,130,14,0,144,79,160,19,22,280,74,20,94,374
08/04/2007,LIH,HI,AWP,WE,Federal Contract Tower,76,28,1,5,110,0,142,9,0,151,76,170,10,5,261,30,0,30,291
08/05/2007,LIH,HI,AWP,WE,Federal Contract Tower,78,26,2,2,108,0,125,15,0,140,78,151,17,2,248,24,0,24,272
08/06/2007,LIH,HI,AWP,WE,Federal Contract Tower,74,32,4,20,130,0,151,6,0,157,74,183,10,20,287,86,16,102,389
08/07/2007,LIH,HI,AWP,WE,Federal Contract Tower,73,26,2,0,101,0,142,22,2,166,73,168,24,2,267,98,12,110,377
08/08/2007,LIH,HI,AWP,WE,Federal Contract Tower,79,21,4,13,117,0,150,12,4,166,79,171,16,17,283,112,18,130,413
08/09/2007,LIH,HI,AWP,WE,Federal Contract Tower,78,26,0,17,121,0,134,18,1,153,78,160,18,18,274,78,10,88,362
08/10/2007,LIH,HI,AWP,WE,Federal Contract Tower,77,31,4,12,124,0,143,9,2,154,77,174,13,14,278,30,18,48,326
08/11/2007,LIH,HI,AWP,WE,Federal Contract Tower,78,29,1,27,135,0,138,16,24,178,78,167,17,51,313,31,30,61,374
08/12/2007,LIH,HI,AWP,WE,Federal Contract Tower,76,22,0,0,98,0,158,7,4,169,76,180,7,4,267,104,0,104,371
08/13/2007,LIH,HI,AWP,WE,Federal Contract Tower,78,28,4,2,112,0,167,14,2,183,78,195,18,4,295,108,0,108,403
08/14/2007,LIH,HI,AWP,WE,Federal Contract Tower,78,25,9,0,112,0,138,12,2,152,78,163,21,2,264,44,16,60,324
08/15/2007,LIH,HI,AWP,WE,Federal Contract Tower,82,25,8,0,115,0,106,10,4,120,82,131,18,4,235,22,12,34,269
08/16/2007,LIH,HI,AWP,WE,Federal Contract Tower,78,30,10,11,129,0,140,30,1,171,78,170,40,12,300,50,16,66,366
08/17/2007,LIH,HI,AWP,WE,Federal Contract Tower,85,23,3,11,122,0,156,3,3,162,85,179,6,14,284,68,6,74,358
08/18/2007,LIH,HI,AWP,WE,Federal Contract Tower,84,23,4,0,111,0,148,10,0,158,84,171,14,0,269,25,0,25,294
08/19/2007,LIH,HI,AWP,WE,Federal Contract Tower,79,24,6,0,109,0,121,9,0,130,79,145,15,0,239,38,0,38,277
08/20/2007,LIH,HI,AWP,WE,Federal Contract Tower,81,33,6,4,124,0,178,18,0,196,81,211,24,4,320,82,0,82,402
08/21/2007,LIH,HI,AWP,WE,Federal Contract Tower,74,24,5,1,104,0,162,3,0,165,74,186,8,1,269,40,26,66,335
08/22/2007,LIH,HI,AWP,WE,Federal Contract Tower,73,23,3,0,99,0,158,18,0,176,73,181,21,0,275,54,0,54,329
08/23/2007,LIH,HI,AWP,WE,Federal Contract Tower,73,27,4,21,125,0,140,18,2,160,73,167,22,23,285,42,8,50,335
08/24/2007,LIH,HI,AWP,WE,Federal Contract Tower,78,26,11,12,127,0,108,17,2,127,78,134,28,14,254,40,6,46,300
08/25/2007,LIH,HI,AWP,WE,Federal Contract Tower,79,29,4,3,115,0,104,52,2,158,79,133,56,5,273,18,2,20,293
08/26/2007,LIH,HI,AWP,WE,Federal Contract Tower,74,23,3,0,100,0,131,10,0,141,74,154,13,0,241,18,0,18,259
08/27/2007,LIH,HI,AWP,WE,Federal Contract Tower,74,32,4,3,113,0,150,15,8,173,74,182,19,11,286,51,0,51,337
08/28/2007,LIH,HI,AWP,WE,Federal Contract Tower,73,21,5,6,105,0,134,18,0,152,73,155,23,6,257,30,12,42,299
08/29/2007,LIH,HI,AWP,WE,Federal Contract Tower,73,26,0,8,107,0,146,26,0,172,73,172,26,8,279,46,2,48,327
08/30/2007,LIH,HI,AWP,WE,Federal Contract Tower,72,26,2,11,111,0,121,18,13,152,72,147,20,24,263,35,10,45,308
08/31/2007,LIH,HI,AWP,WE,Federal Contract Tower,80,31,2,12,125,0,93,20,0,113,80,124,22,12,238,56,22,78,316
09/01/2007,LIH,HI,AWP,WE,Federal Contract Tower,78,27,2,0,107,0,112,14,2,128,78,139,16,2,235,10,0,10,245
09/02/2007,LIH,HI,AWP,WE,Federal Contract Tower,73,19,3,0,95,0,111,6,0,117,73,130,9,0,212,77,0,77,289
09/03/2007,LIH,HI,AWP,WE,Federal Contract Tower,74,21,1,0,96,0,155,17,0,172,74,176,18,0,268,109,0,109,377
09/04/2007,LIH,HI,AWP,WE,Federal Contract Tower,67,30,4,12,113,0,132,24,0,156,67,162,28,12,269,42,2,44,313
09/05/2007,LIH,HI,AWP,WE,Federal Contract Tower,66,29,1,7,103,0,98,18,2,118,66,127,19,9,221,66,32,98,319
09/06/2007,LIH,HI,AWP,WE,Federal Contract Tower,64,31,3,10,108,0,146,27,6,179,64,177,30,16,287,48,44,92,379
09/07/2007,LIH,HI,AWP,WE,Federal Contract Tower,74,25,1,3,103,0,117,10,11,138,74,142,11,14,241,30,30,60,301
09/08/2007,LIH,HI,AWP,WE,Federal Contract Tower,73,21,1,2,97,0,116,7,0,123,73,137,8,2,220,28,0,28,248
09/09/2007,LIH,HI,AWP,WE,Federal Contract Tower,66,24,1,4,95,0,119,6,0,125,66,143,7,4,220,40,0,40,260
09/10/2007,LIH,HI,AWP,WE,Federal Contract Tower,67,27,0,3,97,0,0,0,0,0,67,27,0,3,97,24,20,44,141
09/11/2007,LIH,HI,AWP,WE,Federal Contract Tower,65,21,0,6,92,0,162,5,6,173,65,183,5,12,265,66,0,66,331
09/12/2007,LIH,HI,AWP,WE,Federal Contract Tower,66,25,0,12,103,0,148,6,4,158,66,173,6,16,261,16,2,18,279
09/13/2007,LIH,HI,AWP,WE,Federal Contract Tower,63,27,2,7,99,0,172,14,8,194,63,199,16,15,293,70,28,98,391
09/14/2007,LIH,HI,AWP,WE,Federal Contract Tower,72,24,1,10,107,0,111,9,0,120,72,135,10,10,227,40,0,40,267
09/15/2007,LIH,HI,AWP,WE,Federal Contract Tower,71,25,0,4,100,0,112,12,0,124,71,137,12,4,224,10,10,20,244
09/16/2007,LIH,HI,AWP,WE,Federal Contract Tower,75,24,1,0,100,8,99,0,0,107,83,123,1,0,207,16,0,16,223
09/17/2007,LIH,HI,AWP,WE,Federal Contract Tower,65,25,5,12,107,0,118,9,6,133,65,143,14,18,240,124,14,138,378
09/18/2007,LIH,HI,AWP,WE,Federal Contract Tower,70,27,2,0,99,0,130,6,7,143,70,157,8,7,242,22,6,28,270
09/19/2007,LIH,HI,AWP,WE,Federal Contract Tower,72,24,1,32,129,0,130,16,0,146,72,154,17,32,275,80,0,80,355
09/20/2007,LIH,HI,AWP,WE,Federal Contract Tower,65,25,5,8,103,0,110,10,2,122,65,135,15,10,225,64,12,76,301
09/21/2007,LIH,HI,AWP,WE,Federal Contract Tower,72,32,3,10,117,0,138,14,2,154,72,170,17,12,271,100,12,112,383
09/22/2007,LIH,HI,AWP,WE,Federal Contract Tower,70,23,2,4,99,0,123,9,0,132,70,146,11,4,231,8,0,8,239
09/23/2007,LIH,HI,AWP,WE,Federal Contract Tower,67,19,0,0,86,0,117,10,0,127,67,136,10,0,213,52,1,53,266
09/24/2007,LIH,HI,AWP,WE,Federal Contract Tower,64,26,0,1,91,0,144,14,0,158,64,170,14,1,249,93,4,97,346
09/25/2007,LIH,HI,AWP,WE,Federal Contract Tower,64,23,3,2,92,0,148,16,5,169,64,171,19,7,261,78,16,94,355
09/26/2007,LIH,HI,AWP,WE,Federal Contract Tower,82,23,3,32,140,0,142,14,2,158,82,165,17,34,298,68,12,80,378
09/27/2007,LIH,HI,AWP,WE,Federal Contract Tower,65,25,3,2,95,0,148,10,4,162,65,173,13,6,257,54,32,86,343
09/28/2007,LIH,HI,AWP,WE,Federal Contract Tower,74,28,0,6,108,0,107,7,0,114,74,135,7,6,222,32,16,48,270
09/29/2007,LIH,HI,AWP,WE,Federal Contract Tower,71,22,1,0,94,0,122,13,0,135,71,144,14,0,229,84,0,84,313
09/30/2007,LIH,HI,AWP,WE,Federal Contract Tower,67,27,2,0,96,0,99,9,0,108,67,126,11,0,204,62,0,62,266
10/01/2007,LIH,HI,AWP,WE,Federal Contract Tower,64,33,1,16,114,0,108,11,16,135,64,141,12,32,249,92,0,92,341
10/02/2007,LIH,HI,AWP,WE,Federal Contract Tower,65,24,0,9,98,0,132,9,2,143,65,156,9,11,241,74,42,116,357
10/03/2007,LIH,HI,AWP,WE,Federal Contract Tower,66,24,4,20,114,0,169,26,0,195,66,193,30,20,309,58,12,70,379
10/04/2007,LIH,HI,AWP,WE,Federal Contract Tower,66,19,1,1,87,0,152,20,3,175,66,171,21,4,262,108,0,108,370
10/05/2007,LIH,HI,AWP,WE,Federal Contract Tower,71,22,2,5,100,0,140,8,6,154,71,162,10,11,254,68,34,102,356
10/06/2007,LIH,HI,AWP,WE,Federal Contract Tower,74,20,1,2,97,0,118,16,0,134,74,138,17,2,231,24,0,24,255
10/07/2007,LIH,HI,AWP,WE,Federal Contract Tower,67,14,1,0,82,0,88,5,0,93,67,102,6,0,175,32,0,32,207
10/08/2007,LIH,HI,AWP,WE,Federal Contract Tower,68,21,1,0,90,0,158,20,0,178,68,179,21,0,268,90,0,90,358
10/09/2007,LIH,HI,AWP,WE,Federal Contract Tower,63,28,0,12,103,0,176,22,24,222,63,204,22,36,325,86,8,94,419
10/10/2007,LIH,HI,AWP,WE,Federal Contract Tower,64,26,3,11,104,0,161,33,19,213,64,187,36,30,317,80,8,88,405
10/11/2007,LIH,HI,AWP,WE,Federal Contract Tower,65,22,4,2,93,0,156,32,1,189,65,178,36,3,282,70,16,86,368
10/12/2007,LIH,HI,AWP,WE,Federal Contract Tower,66,19,5,2,92,0,95,0,0,95,66,114,5,2,187,106,2,108,295
10/13/2007,LIH,HI,AWP,WE,Federal Contract Tower,77,22,0,4,103,0,129,14,0,143,77,151,14,4,246,24,0,24,270
10/14/2007,LIH,HI,AWP,WE,Federal Contract Tower,66,19,2,2,89,0,131,9,0,140,66,150,11,2,229,31,0,31,260
10/15/2007,LIH,HI,AWP,WE,Federal Contract Tower,67,26,9,6,108,0,150,18,6,174,67,176,27,12,282,124,2,126,408
10/16/2007,LIH,HI,AWP,WE,Federal Contract Tower,62,22,8,21,113,0,132,29,14,175,62,154,37,35,288,152,29,181,469
10/17/2007,LIH,HI,AWP,WE,Federal Contract Tower,65,21,0,24,110,0,107,18,0,125,65,128,18,24,235,71,1,72,307
10/18/2007,LIH,HI,AWP,WE,Federal Contract Tower,67,32,3,7,109,0,142,23,1,166,67,174,26,8,275,100,0,100,375
10/19/2007,LIH,HI,AWP,WE,Federal Contract Tower,69,31,13,10,123,0,121,0,0,121,69,152,13,10,244,96,0,96,340
10/20/2007,LIH,HI,AWP,WE,Federal Contract Tower,74,24,4,0,102,0,131,9,0,140,74,155,13,0,242,25,0,25,267
10/21/2007,LIH,HI,AWP,WE,Federal Contract Tower,65,23,0,2,90,0,133,9,0,142,65,156,9,2,232,51,0,51,283
10/22/2007,LIH,HI,AWP,WE,Federal Contract Tower,65,29,2,3,99,0,131,14,2,147,65,160,16,5,246,77,0,77,323
10/23/2007,LIH,HI,AWP,WE,Federal Contract Tower,63,31,0,10,104,0,134,18,1,153,63,165,18,11,257,74,12,86,343
10/24/2007,LIH,HI,AWP,WE,Federal Contract Tower,66,25,1,10,102,0,130,27,6,163,66,155,28,16,265,114,18,132,397
10/25/2007,LIH,HI,AWP,WE,Federal Contract Tower,64,24,3,17,108,0,148,9,1,158,64,172,12,18,266,92,4,96,362
10/26/2007,LIH,HI,AWP,WE,Federal Contract Tower,71,28,4,1,104,0,131,7,3,141,71,159,11,4,245,36,14,50,295
10/27/2007,LIH,HI,AWP,WE,Federal Contract Tower,73,18,3,6,100,0,121,16,0,137,73,139,19,6,237,48,6,54,291
10/28/2007,LIH,HI,AWP,WE,Federal Contract Tower,88,24,0,0,112,0,122,10,0,132,88,146,10,0,244,18,0,18,262
10/29/2007,LIH,HI,AWP,WE,Federal Contract Tower,71,30,1,3,105,1,149,21,12,183,72,179,22,15,288,98,0,98,386
10/30/2007,LIH,HI,AWP,WE,Federal Contract Tower,66,25,3,5,99,0,160,18,3,181,66,185,21,8,280,129,14,143,423
10/31/2007,LIH,HI,AWP,WE,Federal Contract Tower,68,29,0,7,104,0,143,29,9,181,68,172,29,16,285,109,8,117,402
11/01/2007,LIH,HI,AWP,WE,Federal Contract Tower,62,36,1,20,119,0,127,17,0,144,62,163,18,20,263,66,0,66,329
11/02/2007,LIH,HI,AWP,WE,Federal Contract Tower,77,38,2,0,117,0,125,17,0,142,77,163,19,0,259,38,0,38,297
11/03/2007,LIH,HI,AWP,WE,Federal Contract Tower,72,27,5,0,104,0,23,5,0,28,72,50,10,0,132,12,0,12,144
11/04/2007,LIH,HI,AWP,WE,Federal Contract Tower,65,22,3,0,90,0,42,4,0,46,65,64,7,0,136,21,0,21,157
11/05/2007,LIH,HI,AWP,WE,Federal Contract Tower,69,26,0,6,101,0,99,5,2,106,69,125,5,8,207,113,12,125,332
11/06/2007,LIH,HI,AWP,WE,Federal Contract Tower,68,26,3,7,104,0,148,20,1,169,68,174,23,8,273,102,37,139,412
11/07/2007,LIH,HI,AWP,WE,Federal Contract Tower,65,37,3,0,105,0,176,30,6,212,65,213,33,6,317,101,0,101,418
11/08/2007,LIH,HI,AWP,WE,Federal Contract Tower,66,26,5,5,102,0,171,33,9,213,66,197,38,14,315,86,0,86,401
11/09/2007,LIH,HI,AWP,WE,Federal Contract Tower,72,25,6,1,104,0,118,16,0,134,72,143,22,1,238,93,4,97,335
11/10/2007,LIH,HI,AWP,WE,Federal Contract Tower,73,29,2,2,106,0,144,28,0,172,73,173,30,2,278,58,0,58,336
11/11/2007,LIH,HI,AWP,WE,Federal Contract Tower,69,21,0,0,90,0,123,16,0,139,69,144,16,0,229,63,0,63,292
11/12/2007,LIH,HI,AWP,WE,Federal Contract Tower,66,27,3,0,96,0,151,34,0,185,66,178,37,0,281,38,0,38,319
11/13/2007,LIH,HI,AWP,WE,Federal Contract Tower,68,28,5,8,109,0,148,36,3,187,68,176,41,11,296,119,13,132,428
11/14/2007,LIH,HI,AWP,WE,Federal Contract Tower,79,22,2,7,110,0,142,25,1,168,79,164,27,8,278,124,0,124,402
11/15/2007,LIH,HI,AWP,WE,Federal Contract Tower,73,20,0,4,97,0,110,7,0,117,73,130,7,4,214,50,0,50,264
11/16/2007,LIH,HI,AWP,WE,Federal Contract Tower,72,30,1,7,110,0,119,12,1,132,72,149,13,8,242,48,0,48,290
11/17/2007,LIH,HI,AWP,WE,Federal Contract Tower,71,35,1,3,110,0,115,6,4,125,71,150,7,7,235,28,6,34,269
11/18/2007,LIH,HI,AWP,WE,Federal Contract Tower,71,20,1,0,92,0,130,10,0,140,71,150,11,0,232,28,0,28,260
11/19/2007,LIH,HI,AWP,WE,Federal Contract Tower,70,22,4,3,99,0,141,18,0,159,70,163,22,3,258,107,16,123,381
11/20/2007,LIH,HI,AWP,WE,Federal Contract Tower,67,25,2,5,99,0,208,28,5,241,67,233,30,10,340,104,8,112,452
11/21/2007,LIH,HI,AWP,WE,Federal Contract Tower,74,24,1,2,101,0,142,24,0,166,74,166,25,2,267,110,0,110,377
11/22/2007,LIH,HI,AWP,WE,Federal Contract Tower,66,15,0,0,81,0,77,12,0,89,66,92,12,0,170,44,0,44,214
11/23/2007,LIH,HI,AWP,WE,Federal Contract Tower,72,26,9,0,107,0,118,11,0,129,72,144,20,0,236,40,0,40,276
11/24/2007,LIH,HI,AWP,WE,Federal Contract Tower,74,27,2,0,103,0,121,11,0,132,74,148,13,0,235,57,0,57,292
11/25/2007,LIH,HI,AWP,WE,Federal Contract Tower,69,21,4,2,96,0,114,23,0,137,69,135,27,2,233,147,0,147,380
11/26/2007,LIH,HI,AWP,WE,Federal Contract Tower,72,32,2,7,113,0,158,24,2,184,72,190,26,9,297,55,3,58,355
11/27/2007,LIH,HI,AWP,WE,Federal Contract Tower,69,25,0,8,102,0,148,13,8,169,69,173,13,16,271,77,15,92,363
11/28/2007,LIH,HI,AWP,WE,Federal Contract Tower,66,31,0,12,109,0,3,7,0,10,66,34,7,12,119,78,0,78,197
11/29/2007,LIH,HI,AWP,WE,Federal Contract Tower,69,22,2,15,108,0,130,22,9,161,69,152,24,24,269,91,14,105,374
11/30/2007,LIH,HI,AWP,WE,Federal Contract Tower,71,29,3,4,107,0,74,10,0,84,71,103,13,4,191,70,14,84,275
12/01/2007,LIH,HI,AWP,WE,Federal Contract Tower,71,20,1,2,94,0,109,4,2,115,71,129,5,4,209,54,0,54,263
12/02/2007,LIH,HI,AWP,WE,Federal Contract Tower,66,22,0,0,88,0,64,14,0,78,66,86,14,0,166,46,0,46,212
12/03/2007,LIH,HI,AWP,WE,Federal Contract Tower,65,22,3,2,92,0,62,8,1,71,65,84,11,3,163,146,1,147,310
12/04/2007,LIH,HI,AWP,WE,Federal Contract Tower,69,25,0,2,96,0,1,0,2,3,69,26,0,4,99,2,0,2,101
12/05/2007,LIH,HI,AWP,WE,Federal Contract Tower,68,32,0,9,109,0,107,13,0,120,68,139,13,9,229,67,4,71,300
12/06/2007,LIH,HI,AWP,WE,Federal Contract Tower,81,25,0,3,109,0,68,21,0,89,81,93,21,3,198,57,10,67,265
12/07/2007,LIH,HI,AWP,WE,Federal Contract Tower,71,30,3,4,108,0,5,2,0,7,71,35,5,4,115,34,0,34,149
12/08/2007,LIH,HI,AWP,WE,Federal Contract Tower,74,23,2,0,99,0,60,2,0,62,74,83,4,0,161,18,0,18,179
12/09/2007,LIH,HI,AWP,WE,Federal Contract Tower,70,21,0,0,91,0,113,16,0,129,70,134,16,0,220,90,0,90,310
12/10/2007,LIH,HI,AWP,WE,Federal Contract Tower,69,26,4,0,99,0,142,20,2,164,69,168,24,2,263,120,2,122,385
12/11/2007,LIH,HI,AWP,WE,Federal Contract Tower,68,23,6,7,104,0,144,22,0,166,68,167,28,7,270,175,0,175,445
12/12/2007,LIH,HI,AWP,WE,Federal Contract Tower,68,25,1,10,104,0,132,26,0,158,68,157,27,10,262,104,19,123,385
12/13/2007,LIH,HI,AWP,WE,Federal Contract Tower,69,27,9,0,105,0,144,10,2,156,69,171,19,2,261,106,0,106,367
12/14/2007,LIH,HI,AWP,WE,Federal Contract Tower,70,35,2,5,112,0,106,2,1,109,70,141,4,6,221,26,0,26,247
12/15/2007,LIH,HI,AWP,WE,Federal Contract Tower,72,26,9,0,107,0,93,10,0,103,72,119,19,0,210,38,0,38,248
12/16/2007,LIH,HI,AWP,WE,Federal Contract Tower,76,17,1,0,94,3,82,3,0,88,79,99,4,0,182,54,0,54,236
12/17/2007,LIH,HI,AWP,WE,Federal Contract Tower,75,28,2,1,106,0,108,13,2,123,75,136,15,3,229,39,0,39,268
12/18/2007,LIH,HI,AWP,WE,Federal Contract Tower,71,25,4,7,107,0,136,22,0,158,71,161,26,7,265,91,18,109,374
12/19/2007,LIH,HI,AWP,WE,Federal Contract Tower,75,25,0,15,115,0,107,6,1,114,75,132,6,16,229,229,8,237,466
12/20/2007,LIH,HI,AWP,WE,Federal Contract Tower,79,21,0,3,103,0,145,5,0,150,79,166,5,3,253,98,18,116,369
12/21/2007,LIH,HI,AWP,WE,Federal Contract Tower,78,25,6,4,113,0,123,8,0,131,78,148,14,4,244,134,2,136,380
12/22/2007,LIH,HI,AWP,WE,Federal Contract Tower,72,29,7,2,110,0,122,5,0,127,72,151,12,2,237,26,0,26,263
12/23/2007,LIH,HI,AWP,WE,Federal Contract Tower,74,21,1,0,96,0,144,3,0,147,74,165,4,0,243,14,0,14,257
12/24/2007,LIH,HI,AWP,WE,Federal Contract Tower,71,26,4,0,101,0,159,8,0,167,71,185,12,0,268,38,0,38,306
12/25/2007,LIH,HI,AWP,WE,Federal Contract Tower,73,17,2,0,92,0,15,6,0,21,73,32,8,0,113,6,0,6,119
12/26/2007,LIH,HI,AWP,WE,Federal Contract Tower,71,26,5,1,103,1,195,12,0,208,72,221,17,1,311,20,0,20,331
12/27/2007,LIH,HI,AWP,WE,Federal Contract Tower,74,25,7,12,118,0,176,4,3,183,74,201,11,15,301,32,0,32,333
12/28/2007,LIH,HI,AWP,WE,Federal Contract Tower,79,27,7,0,113,0,151,2,0,153,79,178,9,0,266,66,0,66,332
12/29/2007,LIH,HI,AWP,WE,Federal Contract Tower,76,21,4,2,103,0,215,15,0,230,76,236,19,2,333,58,0,58,391
12/30/2007,LIH,HI,AWP,WE,Federal Contract Tower,74,18,1,0,93,0,207,22,0,229,74,225,23,0,322,42,0,42,364
12/31/2007,LIH,HI,AWP,WE,Federal Contract Tower,73,29,4,0,106,0,192,17,0,209,73,221,21,0,315,38,0,38,353
01/01/2008,LIH,HI,AWP,WE,Federal Contract Tower,75,19,3,0,97,0,40,1,0,41,75,59,4,0,138,20,0,20,158
01/02/2008,LIH,HI,AWP,WE,Federal Contract Tower,72,24,5,14,115,0,194,5,1,200,72,218,10,15,315,64,16,80,395
01/03/2008,LIH,HI,AWP,WE,Federal Contract Tower,74,27,11,3,115,0,215,20,2,237,74,242,31,5,352,72,4,76,428
01/04/2008,LIH,HI,AWP,WE,Federal Contract Tower,75,25,10,6,116,0,170,16,0,186,75,195,26,6,302,76,2,78,380
01/05/2008,LIH,HI,AWP,WE,Federal Contract Tower,79,21,6,1,107,0,137,7,0,144,79,158,13,1,251,70,0,70,321
01/06/2008,LIH,HI,AWP,WE,Federal Contract Tower,73,31,2,7,113,0,163,11,0,174,73,194,13,7,287,82,20,102,389
01/07/2008,LIH,HI,AWP,WE,Federal Contract Tower,75,26,6,8,115,0,137,11,6,154,75,163,17,14,269,56,32,88,357
01/08/2008,LIH,HI,AWP,WE,Federal Contract Tower,71,23,7,15,116,0,166,17,11,194,71,189,24,26,310,116,0,116,426
01/09/2008,LIH,HI,AWP,WE,Federal Contract Tower,75,31,10,21,137,0,140,11,4,155,75,171,21,25,292,59,10,69,361
01/10/2008,LIH,HI,AWP,WE,Federal Contract Tower,73,25,1,19,118,0,118,6,0,124,73,143,7,19,242,120,0,120,362
01/11/2008,LIH,HI,AWP,WE,Federal Contract Tower,76,23,22,6,127,0,137,14,4,155,76,160,36,10,282,94,0,94,376
01/12/2008,LIH,HI,AWP,WE,Federal Contract Tower,80,18,7,0,105,0,120,16,0,136,80,138,23,0,241,16,0,16,257
01/13/2008,LIH,HI,AWP,WE,Federal Contract Tower,73,18,7,5,103,0,111,7,4,122,73,129,14,9,225,41,12,53,278
01/14/2008,LIH,HI,AWP,WE,Federal Contract Tower,68,26,2,11,107,0,117,7,13,137,68,143,9,24,244,53,0,53,297
01/15/2008,LIH,HI,AWP,WE,Federal Contract Tower,71,22,3,7,103,0,94,11,9,114,71,116,14,16,217,161,13,174,391
01/16/2008,LIH,HI,AWP,WE,Federal Contract Tower,72,22,3,15,112,0,124,26,1,151,72,146,29,16,263,72,7,79,342
01/17/2008,LIH,HI,AWP,WE,Federal Contract Tower,73,22,3,24,122,0,147,19,1,167,73,169,22,25,289,88,0,88,377
01/18/2008,LIH,HI,AWP,WE,Federal Contract Tower,77,25,4,2,108,0,140,14,0,154,77,165,18,2,262,104,0,104,366
01/19/2008,LIH,HI,AWP,WE,Federal Contract Tower,78,15,5,0,98,0,132,3,0,135,78,147,8,0,233,72,0,72,305
01/20/2008,LIH,HI,AWP,WE,Federal Contract Tower,74,21,0,2,97,0,118,6,0,124,74,139,6,2,221,15,0,15,236
01/21/2008,LIH,HI,AWP,WE,Federal Contract Tower,73,19,1,2,95,0,134,15,0,149,73,153,16,2,244,82,0,82,326
01/22/2008,LIH,HI,AWP,WE,Federal Contract Tower,72,18,0,13,103,0,165,23,8,196,72,183,23,21,299,35,2,37,336
01/23/2008,LIH,HI,AWP,WE,Federal Contract Tower,73,24,2,4,103,0,132,14,0,146,73,156,16,4,249,119,0,119,368
01/24/2008,LIH,HI,AWP,WE,Federal Contract Tower,74,19,5,14,112,0,171,28,4,203,74,190,33,18,315,92,0,92,407
01/25/2008,LIH,HI,AWP,WE,Federal Contract Tower,81,28,1,0,110,0,126,12,2,140,81,154,13,2,250,130,0,130,380
01/26/2008,LIH,HI,AWP,WE,Federal Contract Tower,80,14,1,0,95,0,107,5,0,112,80,121,6,0,207,116,0,116,323
01/27/2008,LIH,HI,AWP,WE,Federal Contract Tower,81,19,0,9,109,0,95,5,0,100,81,114,5,9,209,174,8,182,391
01/28/2008,LIH,HI,AWP,WE,Federal Contract Tower,71,20,1,3,95,0,111,11,1,123,71,131,12,4,218,178,0,178,396
01/29/2008,LIH,HI,AWP,WE,Federal Contract Tower,69,20,1,7,97,0,132,14,1,147,69,152,15,8,244,61,0,61,305
01/30/2008,LIH,HI,AWP,WE,Federal Contract Tower,76,18,0,10,104,0,116,18,6,140,76,134,18,16,244,140,0,140,384
01/31/2008,LIH,HI,AWP,WE,Federal Contract Tower,75,23,1,8,107,0,171,15,0,186,75,194,16,8,293,119,0,119,412
02/01/2008,LIH,HI,AWP,WE,Federal Contract Tower,76,26,4,24,130,0,104,3,2,109,76,130,7,26,239,34,8,42,281
02/02/2008,LIH,HI,AWP,WE,Federal Contract Tower,77,17,5,4,103,0,89,5,0,94,77,106,10,4,197,54,8,62,259
02/03/2008,LIH,HI,AWP,WE,Federal Contract Tower,74,16,0,0,90,0,45,3,1,49,74,61,3,1,139,2,0,2,141
02/04/2008,LIH,HI,AWP,WE,Federal Contract Tower,71,23,2,8,104,0,61,0,2,63,71,84,2,10,167,8,45,53,220
02/05/2008,LIH,HI,AWP,WE,Federal Contract Tower,72,29,0,23,124,0,56,4,14,74,72,85,4,37,198,109,16,125,323
02/06/2008,LIH,HI,AWP,WE,Federal Contract Tower,78,21,1,2,102,0,147,20,0,167,78,168,21,2,269,96,4,100,369
02/07/2008,LIH,HI,AWP,WE,Federal Contract Tower,74,22,1,16,113,0,164,29,0,193,74,186,30,16,306,130,26,156,462
02/08/2008,LIH,HI,AWP,WE,Federal Contract Tower,70,24,2,0,96,6,180,11,0,197,76,204,13,0,293,144,0,144,437
02/09/2008,LIH,HI,AWP,WE,Federal Contract Tower,81,19,6,4,110,0,129,11,0,140,81,148,17,4,250,22,24,46,296
02/10/2008,LIH,HI,AWP,WE,Federal Contract Tower,77,20,5,6,108,0,127,5,0,132,77,147,10,6,240,10,2,12,252
02/11/2008,LIH,HI,AWP,WE,Federal Contract Tower,72,21,5,3,101,0,168,27,8,203,72,189,32,11,304,119,0,119,423
02/12/2008,LIH,HI,AWP,WE,Federal Contract Tower,72,23,1,7,103,0,156,33,0,189,72,179,34,7,292,54,40,94,386
02/13/2008,LIH,HI,AWP,WE,Federal Contract Tower,72,29,1,4,106,0,132,19,14,165,72,161,20,18,271,139,4,143,414
02/14/2008,LIH,HI,AWP,WE,Federal Contract Tower,73,21,4,18,116,0,182,20,2,204,73,203,24,20,320,50,0,50,370
02/15/2008,LIH,HI,AWP,WE,Federal Contract Tower,76,22,6,2,106,0,115,16,2,133,76,137,22,4,239,46,60,106,345
02/16/2008,LIH,HI,AWP,WE,Federal Contract Tower,77,26,3,6,112,0,103,8,2,113,77,129,11,8,225,14,10,24,249
02/17/2008,LIH,HI,AWP,WE,Federal Contract Tower,77,16,1,2,96,0,154,11,0,165,77,170,12,2,261,4,0,4,265
02/18/2008,LIH,HI,AWP,WE,Federal Contract Tower,74,30,1,6,111,0,160,50,1,211,74,190,51,7,322,52,2,54,376
02/19/2008,LIH,HI,AWP,WE,Federal Contract Tower,72,22,0,13,107,0,202,18,4,224,72,224,18,17,331,54,2,56,387
02/20/2008,LIH,HI,AWP,WE,Federal Contract Tower,72,21,14,5,112,0,172,22,1,195,72,193,36,6,307,192,2,194,501
02/21/2008,LIH,HI,AWP,WE,Federal Contract Tower,77,26,8,20,131,0,203,21,26,250,77,229,29,46,381,62,0,62,443
02/22/2008,LIH,HI,AWP,WE,Federal Contract Tower,78,24,3,12,117,0,175,24,3,202,78,199,27,15,319,104,0,104,423
02/23/2008,LIH,HI,AWP,WE,Federal Contract Tower,77,19,5,0,101,0,167,8,0,175,77,186,13,0,276,84,0,84,360
02/24/2008,LIH,HI,AWP,WE,Federal Contract Tower,73,20,5,5,103,0,76,15,5,96,73,96,20,10,199,83,0,83,282
02/25/2008,LIH,HI,AWP,WE,Federal Contract Tower,73,20,5,7,105,0,151,26,1,178,73,171,31,8,283,119,6,125,408
02/26/2008,LIH,HI,AWP,WE,Federal Contract Tower,71,25,3,20,119,0,178,20,10,208,71,203,23,30,327,79,16,95,422
02/27/2008,LIH,HI,AWP,WE,Federal Contract Tower,80,20,3,8,111,5,130,19,0,154,85,150,22,8,265,84,14,98,363
02/28/2008,LIH,HI,AWP,WE,Federal Contract Tower,83,22,1,9,115,0,164,9,7,180,83,186,10,16,295,76,15,91,386
02/29/2008,LIH,HI,AWP,WE,Federal Contract Tower,76,24,4,4,108,0,147,9,0,156,76,171,13,4,264,52,6,58,322
03/01/2008,LIH,HI,AWP,WE,Federal Contract Tower,78,18,2,0,98,0,93,12,0,105,78,111,14,0,203,19,0,19,222
03/02/2008,LIH,HI,AWP,WE,Federal Contract Tower,76,20,5,0,101,0,111,13,0,124,76,131,18,0,225,60,0,60,285
03/03/2008,LIH,HI,AWP,WE,Federal Contract Tower,72,24,3,12,111,1,161,27,11,200,73,185,30,23,311,51,5,56,367
03/04/2008,LIH,HI,AWP,WE,Federal Contract Tower,72,21,6,5,104,0,162,40,0,202,72,183,46,5,306,78,28,106,412
03/05/2008,LIH,HI,AWP,WE,Federal Contract Tower,75,19,2,26,122,0,130,7,14,151,75,149,9,40,273,76,8,84,357
03/06/2008,LIH,HI,AWP,WE,Federal Contract Tower,70,24,9,18,121,0,159,23,3,185,70,183,32,21,306,108,0,108,414
03/07/2008,LIH,HI,AWP,WE,Federal Contract Tower,77,20,3,4,104,0,148,12,0,160,77,168,15,4,264,80,8,88,352
03/08/2008,LIH,HI,AWP,WE,Federal Contract Tower,75,19,0,1,95,0,121,9,1,131,75,140,9,2,226,47,10,57,283
03/09/2008,LIH,HI,AWP,WE,Federal Contract Tower,76,20,1,2,99,0,133,17,3,153,76,153,18,5,252,14,0,14,266
03/10/2008,LIH,HI,AWP,WE,Federal Contract Tower,74,22,3,12,111,0,151,32,6,189,74,173,35,18,300,95,8,103,403
03/11/2008,LIH,HI,AWP,WE,Federal Contract Tower,72,27,2,17,118,0,203,37,11,251,72,230,39,28,369,85,31,116,485
03/12/2008,LIH,HI,AWP,WE,Federal Contract Tower,75,25,1,16,117,0,159,31,8,198,75,184,32,24,315,112,28,140,455
03/13/2008,LIH,HI,AWP,WE,Federal Contract Tower,72,23,5,3,103,0,144,17,6,167,72,167,22,9,270,114,12,126,396
03/14/2008,LIH,HI,AWP,WE,Federal Contract Tower,78,21,5,9,113,0,139,12,2,153,78,160,17,11,266,94,8,102,368
03/15/2008,LIH,HI,AWP,WE,Federal Contract Tower,80,18,3,16,117,0,124,4,8,136,80,142,7,24,253,76,18,94,347
03/16/2008,LIH,HI,AWP,WE,Federal Contract Tower,78,16,0,1,95,0,124,14,10,148,78,140,14,11,243,26,0,26,269
03/17/2008,LIH,HI,AWP,WE,Federal Contract Tower,69,25,0,7,101,0,144,24,6,174,69,169,24,13,275,135,10,145,420
03/18/2008,LIH,HI,AWP,WE,Federal Contract Tower,74,30,2,7,113,0,122,21,14,157,74,152,23,21,270,108,30,138,408
03/19/2008,LIH,HI,AWP,WE,Federal Contract Tower,77,26,1,7,111,1,163,9,0,173,78,189,10,7,284,170,0,170,454
03/20/2008,LIH,HI,AWP,WE,Federal Contract Tower,71,26,1,0,98,0,167,20,2,189,71,193,21,2,287,164,30,194,481
03/21/2008,LIH,HI,AWP,WE,Federal Contract Tower,77,27,5,8,117,0,140,22,0,162,77,167,27,8,279,140,6,146,425
03/22/2008,LIH,HI,AWP,WE,Federal Contract Tower,81,18,3,0,102,0,135,10,0,145,81,153,13,0,247,30,0,30,277
03/23/2008,LIH,HI,AWP,WE,Federal Contract Tower,77,16,1,2,96,0,110,11,0,121,77,126,12,2,217,24,0,24,241
03/24/2008,LIH,HI,AWP,WE,Federal Contract Tower,75,25,9,14,123,0,177,27,4,208,75,202,36,18,331,198,0,198,529
03/25/2008,LIH,HI,AWP,WE,Federal Contract Tower,74,24,3,7,108,0,192,30,7,229,74,216,33,14,337,145,23,168,505
03/26/2008,LIH,HI,AWP,WE,Federal Contract Tower,73,20,0,12,105,0,213,21,9,243,73,233,21,21,348,193,0,193,541
03/27/2008,LIH,HI,AWP,WE,Federal Contract Tower,73,26,9,10,118,0,215,12,0,227,73,241,21,10,345,176,7,183,528
03/28/2008,LIH,HI,AWP,WE,Federal Contract Tower,92,26,7,2,127,0,185,25,2,212,92,211,32,4,339,130,0,130,469
03/29/2008,LIH,HI,AWP,WE,Federal Contract Tower,85,15,4,1,105,0,117,9,0,126,85,132,13,1,231,106,0,106,337
03/30/2008,LIH,HI,AWP,WE,Federal Contract Tower,75,18,1,0,94,0,85,15,0,100,75,103,16,0,194,47,0,47,241
03/31/2008,LIH,HI,AWP,WE,Federal Contract Tower,70,27,3,11,111,0,149,16,5,170,70,176,19,16,281,194,36,230,511
04/01/2008,LIH,HI,AWP,WE,Federal Contract Tower,48,35,8,5,96,0,124,17,2,143,48,159,25,7,239,110,4,114,353
04/02/2008,LIH,HI,AWP,WE,Federal Contract Tower,60,28,5,9,102,0,130,39,0,169,60,158,44,9,271,129,0,129,400
04/03/2008,LIH,HI,AWP,WE,Federal Contract Tower,64,20,2,8,94,0,153,10,4,167,64,173,12,12,261,168,31,199,460
04/04/2008,LIH,HI,AWP,WE,Federal Contract Tower,51,32,3,11,97,0,178,21,6,205,51,210,24,17,302,162,22,184,486
04/05/2008,LIH,HI,AWP,WE,Federal Contract Tower,55,41,9,6,111,0,88,2,2,92,55,129,11,8,203,108,0,108,311
04/06/2008,LIH,HI,AWP,WE,Federal Contract Tower,44,21,2,0,67,0,118,15,0,133,44,139,17,0,200,40,0,40,240
04/07/2008,LIH,HI,AWP,WE,Federal Contract Tower,50,35,1,10,96,0,137,19,6,162,50,172,20,16,258,62,8,70,328
04/08/2008,LIH,HI,AWP,WE,Federal Contract Tower,50,30,2,2,84,0,140,19,2,161,50,170,21,4,245,48,0,48,293
04/09/2008,LIH,HI,AWP,WE,Federal Contract Tower,49,32,1,19,101,0,87,25,9,121,49,119,26,28,222,54,12,66,288
04/10/2008,LIH,HI,AWP,WE,Federal Contract Tower,49,35,8,9,101,0,147,8,2,157,49,182,16,11,258,130,6,136,394
04/11/2008,LIH,HI,AWP,WE,Federal Contract Tower,54,31,4,8,97,0,182,14,0,196,54,213,18,8,293,160,12,172,465
04/12/2008,LIH,HI,AWP,WE,Federal Contract Tower,54,29,2,0,85,0,113,15,0,128,54,142,17,0,213,112,0,112,325
04/13/2008,LIH,HI,AWP,WE,Federal Contract Tower,50,29,3,0,82,0,101,4,0,105,50,130,7,0,187,48,0,48,235
04/14/2008,LIH,HI,AWP,WE,Federal Contract Tower,48,32,3,11,94,0,164,29,7,200,48,196,32,18,294,150,6,156,450
04/15/2008,LIH,HI,AWP,WE,Federal Contract Tower,44,34,5,0,83,0,177,20,0,197,44,211,25,0,280,146,0,146,426
04/16/2008,LIH,HI,AWP,WE,Federal Contract Tower,48,27,4,7,86,0,199,21,1,221,48,226,25,8,307,87,0,87,394
04/17/2008,LIH,HI,AWP,WE,Federal Contract Tower,51,27,0,2,80,0,97,4,2,103,51,124,4,4,183,42,0,42,225
04/18/2008,LIH,HI,AWP,WE,Federal Contract Tower,55,30,7,3,95,0,148,9,7,164,55,178,16,10,259,56,0,56,315
04/19/2008,LIH,HI,AWP,WE,Federal Contract Tower,56,28,3,3,90,0,126,12,0,138,56,154,15,3,228,81,27,108,336
04/20/2008,LIH,HI,AWP,WE,Federal Contract Tower,56,20,1,0,77,0,102,5,0,107,56,122,6,0,184,30,0,30,214
04/21/2008,LIH,HI,AWP,WE,Federal Contract Tower,42,34,4,8,88,0,139,22,4,165,42,173,26,12,253,126,18,144,397
04/22/2008,LIH,HI,AWP,WE,Federal Contract Tower,43,29,0,0,72,0,164,21,0,185,43,193,21,0,257,103,0,103,360
04/23/2008,LIH,HI,AWP,WE,Federal Contract Tower,49,26,1,11,87,0,165,30,8,203,49,191,31,19,290,60,4,64,354
04/24/2008,LIH,HI,AWP,WE,Federal Contract Tower,53,34,1,2,90,0,165,20,0,185,53,199,21,2,275,115,14,129,404
04/25/2008,LIH,HI,AWP,WE,Federal Contract Tower,50,33,2,0,85,0,90,15,0,105,50,123,17,0,190,58,0,58,248
04/26/2008,LIH,HI,AWP,WE,Federal Contract Tower,52,30,5,3,90,0,101,17,3,121,52,131,22,6,211,78,0,78,289
04/27/2008,LIH,HI,AWP,WE,Federal Contract Tower,49,24,3,2,78,0,91,18,7,116,49,115,21,9,194,42,6,48,242
04/28/2008,LIH,HI,AWP,WE,Federal Contract Tower,44,34,5,3,86,0,132,21,3,156,44,166,26,6,242,86,0,86,328
04/29/2008,LIH,HI,AWP,WE,Federal Contract Tower,42,39,7,5,93,0,120,35,11,166,42,159,42,16,259,200,4,204,463
04/30/2008,LIH,HI,AWP,WE,Federal Contract Tower,51,32,4,10,97,0,153,29,0,182,51,185,33,10,279,144,11,155,434
05/01/2008,LIH,HI,AWP,WE,Federal Contract Tower,56,36,4,2,98,0,137,20,2,159,56,173,24,4,257,45,1,46,303
05/02/2008,LIH,HI,AWP,WE,Federal Contract Tower,58,31,3,8,100,0,91,15,0,106,58,122,18,8,206,28,12,40,246
05/03/2008,LIH,HI,AWP,WE,Federal Contract Tower,61,22,0,0,83,0,70,13,0,83,61,92,13,0,166,58,0,58,224
05/04/2008,LIH,HI,AWP,WE,Federal Contract Tower,50,28,1,0,79,0,133,21,0,154,50,161,22,0,233,118,0,118,351
05/05/2008,LIH,HI,AWP,WE,Federal Contract Tower,45,40,7,5,97,0,132,43,3,178,45,172,50,8,275,108,2,110,385
05/06/2008,LIH,HI,AWP,WE,Federal Contract Tower,43,36,0,2,81,0,120,29,4,153,43,156,29,6,234,78,0,78,312
05/07/2008,LIH,HI,AWP,WE,Federal Contract Tower,50,23,3,9,85,0,136,27,10,173,50,159,30,19,258,47,6,53,311
05/08/2008,LIH,HI,AWP,WE,Federal Contract Tower,59,23,2,0,84,0,158,36,0,194,59,181,38,0,278,81,0,81,359
05/09/2008,LIH,HI,AWP,WE,Federal Contract Tower,53,30,2,0,85,0,100,20,0,120,53,130,22,0,205,68,0,68,273
05/10/2008,LIH,HI,AWP,WE,Federal Contract Tower,53,27,1,4,85,0,97,10,0,107,53,124,11,4,192,84,4,88,280
05/11/2008,LIH,HI,AWP,WE,Federal Contract Tower,46,24,0,0,70,0,114,5,0,119,46,138,5,0,189,10,0,10,199
05/12/2008,LIH,HI,AWP,WE,Federal Contract Tower,43,36,4,19,102,0,139,22,2,163,43,175,26,21,265,132,32,164,429
05/13/2008,LIH,HI,AWP,WE,Federal Contract Tower,49,30,7,2,88,0,141,32,3,176,49,171,39,5,264,62,32,94,358
05/14/2008,LIH,HI,AWP,WE,Federal Contract Tower,58,24,6,7,95,0,177,21,0,198,58,201,27,7,293,72,4,76,369
05/15/2008,LIH,HI,AWP,WE,Federal Contract Tower,51,29,4,12,96,0,165,2,4,171,51,194,6,16,267,66,4,70,337
05/16/2008,LIH,HI,AWP,WE,Federal Contract Tower,53,33,5,9,100,0,120,16,1,137,53,153,21,10,237,71,18,89,326
05/17/2008,LIH,HI,AWP,WE,Federal Contract Tower,52,27,4,0,83,0,95,7,0,102,52,122,11,0,185,26,0,26,211
05/18/2008,LIH,HI,AWP,WE,Federal Contract Tower,50,21,0,0,71,0,95,11,0,106,50,116,11,0,177,24,0,24,201
05/19/2008,LIH,HI,AWP,WE,Federal Contract Tower,46,35,7,16,104,0,126,28,12,166,46,161,35,28,270,103,16,119,389
05/20/2008,LIH,HI,AWP,WE,Federal Contract Tower,50,21,1,3,75,0,154,25,0,179,50,175,26,3,254,147,0,147,401
05/21/2008,LIH,HI,AWP,WE,Federal Contract Tower,52,32,3,3,90,0,130,22,4,156,52,162,25,7,246,63,4,67,313
05/22/2008,LIH,HI,AWP,WE,Federal Contract Tower,53,40,3,2,98,0,137,10,10,157,53,177,13,12,255,46,0,46,301
05/23/2008,LIH,HI,AWP,WE,Federal Contract Tower,54,37,7,3,101,0,156,19,1,176,54,193,26,4,277,76,0,76,353
05/24/2008,LIH,HI,AWP,WE,Federal Contract Tower,56,32,5,4,97,0,158,14,0,172,56,190,19,4,269,32,4,36,305
05/25/2008,LIH,HI,AWP,WE,Federal Contract Tower,49,27,1,0,77,0,115,7,0,122,49,142,8,0,199,36,0,36,235
05/26/2008,LIH,HI,AWP,WE,Federal Contract Tower,53,27,1,3,84,0,135,17,0,152,53,162,18,3,236,30,6,36,272
05/27/2008,LIH,HI,AWP,WE,Federal Contract Tower,50,38,2,13,103,0,161,22,6,189,50,199,24,19,292,50,0,50,342
05/28/2008,LIH,HI,AWP,WE,Federal Contract Tower,52,38,7,1,98,0,146,17,0,163,52,184,24,1,261,52,0,52,313
05/29/2008,LIH,HI,AWP,WE,Federal Contract Tower,49,28,0,3,80,0,179,15,0,194,49,207,15,3,274,71,0,71,345
05/30/2008,LIH,HI,AWP,WE,Federal Contract Tower,52,34,0,0,86,0,121,11,0,132,52,155,11,0,218,82,0,82,300
05/31/2008,LIH,HI,AWP,WE,Federal Contract Tower,55,28,0,0,83,0,115,17,0,132,55,143,17,0,215,78,0,78,293
06/01/2008,LIH,HI,AWP,WE,Federal Contract Tower,48,22,1,0,71,0,85,6,0,91,48,107,7,0,162,10,0,10,172
06/02/2008,LIH,HI,AWP,WE,Federal Contract Tower,47,40,0,6,93,2,135,13,4,154,49,175,13,10,247,52,24,76,323
06/03/2008,LIH,HI,AWP,WE,Federal Contract Tower,50,38,0,5,93,0,128,18,5,151,50,166,18,10,244,66,16,82,326
06/04/2008,LIH,HI,AWP,WE,Federal Contract Tower,55,23,0,2,80,0,141,12,9,162,55,164,12,11,242,53,5,58,300
06/05/2008,LIH,HI,AWP,WE,Federal Contract Tower,51,38,2,6,97,0,168,5,4,177,51,206,7,10,274,56,0,56,330
06/06/2008,LIH,HI,AWP,WE,Federal Contract Tower,52,39,2,0,93,0,120,7,1,128,52,159,9,1,221,62,0,62,283
06/07/2008,LIH,HI,AWP,WE,Federal Contract Tower,55,32,3,6,96,0,85,8,0,93,55,117,11,6,189,36,8,44,233
06/08/2008,LIH,HI,AWP,WE,Federal Contract Tower,55,26,2,0,83,0,84,5,0,89,55,110,7,0,172,38,0,38,210
06/09/2008,LIH,HI,AWP,WE,Federal Contract Tower,52,43,0,5,100,0,125,21,2,148,52,168,21,7,248,92,2,94,342
06/10/2008,LIH,HI,AWP,WE,Federal Contract Tower,52,36,2,16,106,0,166,13,3,182,52,202,15,19,288,50,10,60,348
06/11/2008,LIH,HI,AWP,WE,Federal Contract Tower,50,35,0,4,89,0,166,21,5,192,50,201,21,9,281,69,18,87,368
06/12/2008,LIH,HI,AWP,WE,Federal Contract Tower,55,39,0,9,103,0,107,11,0,118,55,146,11,9,221,65,0,65,286
06/13/2008,LIH,HI,AWP,WE,Federal Contract Tower,55,46,0,4,105,0,160,7,4,171,55,206,7,8,276,34,5,39,315
06/14/2008,LIH,HI,AWP,WE,Federal Contract Tower,58,41,2,0,101,0,119,7,0,126,58,160,9,0,227,42,0,42,269
06/15/2008,LIH,HI,AWP,WE,Federal Contract Tower,55,30,2,0,87,0,106,10,0,116,55,136,12,0,203,18,0,18,221
06/16/2008,LIH,HI,AWP,WE,Federal Contract Tower,55,40,3,7,105,0,126,14,1,141,55,166,17,8,246,78,12,90,336
06/17/2008,LIH,HI,AWP,WE,Federal Contract Tower,52,38,4,0,94,0,151,21,13,185,52,189,25,13,279,36,0,36,315
06/18/2008,LIH,HI,AWP,WE,Federal Contract Tower,51,43,2,1,97,0,162,25,8,195,51,205,27,9,292,29,0,29,321
06/19/2008,LIH,HI,AWP,WE,Federal Contract Tower,56,38,2,19,115,0,162,21,6,189,56,200,23,25,304,54,0,54,358
06/20/2008,LIH,HI,AWP,WE,Federal Contract Tower,62,41,1,2,106,0,173,8,2,183,62,214,9,4,289,32,0,32,321
06/21/2008,LIH,HI,AWP,WE,Federal Contract Tower,59,34,3,2,98,0,112,11,0,123,59,146,14,2,221,28,0,28,249
06/22/2008,LIH,HI,AWP,WE,Federal Contract Tower,59,30,1,0,90,0,91,10,0,101,59,121,11,0,191,46,0,46,237
06/23/2008,LIH,HI,AWP,WE,Federal Contract Tower,55,44,3,12,114,0,122,17,7,146,55,166,20,19,260,36,18,54,314
06/24/2008,LIH,HI,AWP,WE,Federal Contract Tower,52,38,0,4,94,0,143,7,5,155,52,181,7,9,249,87,12,99,348
06/25/2008,LIH,HI,AWP,WE,Federal Contract Tower,50,44,1,6,101,0,104,14,2,120,50,148,15,8,221,34,2,36,257
06/26/2008,LIH,HI,AWP,WE,Federal Contract Tower,54,40,1,16,111,0,152,10,13,175,54,192,11,29,286,95,15,110,396
06/27/2008,LIH,HI,AWP,WE,Federal Contract Tower,60,40,2,0,102,0,132,10,0,142,60,172,12,0,244,50,0,50,294
06/28/2008,LIH,HI,AWP,WE,Federal Contract Tower,60,37,3,2,102,0,92,7,2,101,60,129,10,4,203,42,8,50,253
06/29/2008,LIH,HI,AWP,WE,Federal Contract Tower,58,38,1,0,97,0,130,22,2,154,58,168,23,2,251,91,0,91,342
06/30/2008,LIH,HI,AWP,WE,Federal Contract Tower,54,41,2,5,102,2,145,17,4,168,56,186,19,9,270,33,12,45,315
07/01/2008,LIH,HI,AWP,WE,Federal Contract Tower,52,37,4,3,96,0,127,21,2,150,52,164,25,5,246,64,4,68,314
07/02/2008,LIH,HI,AWP,WE,Federal Contract Tower,56,36,2,8,102,0,144,13,1,158,56,180,15,9,260,63,12,75,335
07/03/2008,LIH,HI,AWP,WE,Federal Contract Tower,56,34,1,1,92,155,8,3,0,166,211,42,4,1,258,61,4,65,323
07/04/2008,LIH,HI,AWP,WE,Federal Contract Tower,60,25,1,0,86,0,125,5,0,130,60,150,6,0,216,70,0,70,286
07/05/2008,LIH,HI,AWP,WE,Federal Contract Tower,60,28,3,0,91,0,110,8,0,118,60,138,11,0,209,64,0,64,273
07/06/2008,LIH,HI,AWP,WE,Federal Contract Tower,58,25,4,0,87,0,124,7,2,133,58,149,11,2,220,113,0,113,333
07/07/2008,LIH,HI,AWP,WE,Federal Contract Tower,54,34,3,0,91,0,163,19,0,182,54,197,22,0,273,110,0,110,383
07/08/2008,LIH,HI,AWP,WE,Federal Contract Tower,54,30,1,2,87,0,130,29,1,160,54,160,30,3,247,75,0,75,322
07/09/2008,LIH,HI,AWP,WE,Federal Contract Tower,55,31,1,8,95,0,166,11,0,177,55,197,12,8,272,78,0,78,350
07/10/2008,LIH,HI,AWP,WE,Federal Contract Tower,56,32,6,16,110,0,188,16,3,207,56,220,22,19,317,44,22,66,383
07/11/2008,LIH,HI,AWP,WE,Federal Contract Tower,58,32,6,0,96,130,16,6,0,152,188,48,12,0,248,54,0,54,302
07/12/2008,LIH,HI,AWP,WE,Federal Contract Tower,57,33,12,1,103,0,119,6,1,126,57,152,18,2,229,46,20,66,295
07/13/2008,LIH,HI,AWP,WE,Federal Contract Tower,59,26,0,4,89,0,132,12,1,145,59,158,12,5,234,102,12,114,348
07/14/2008,LIH,HI,AWP,WE,Federal Contract Tower,53,34,2,1,90,0,113,22,1,136,53,147,24,2,226,88,0,88,314
07/15/2008,LIH,HI,AWP,WE,Federal Contract Tower,54,34,5,7,100,0,153,20,0,173,54,187,25,7,273,60,16,76,349
07/16/2008,LIH,HI,AWP,WE,Federal Contract Tower,53,33,3,0,89,0,160,26,4,190,53,193,29,4,279,36,0,36,315
07/17/2008,LIH,HI,AWP,WE,Federal Contract Tower,56,36,1,4,97,0,176,17,6,199,56,212,18,10,296,48,0,48,344
07/18/2008,LIH,HI,AWP,WE,Federal Contract Tower,58,29,2,4,93,0,142,4,4,150,58,171,6,8,243,26,0,26,269
07/19/2008,LIH,HI,AWP,WE,Federal Contract Tower,59,28,4,0,91,0,106,8,0,114,59,134,12,0,205,22,0,22,227
07/20/2008,LIH,HI,AWP,WE,Federal Contract Tower,52,27,2,0,81,0,85,6,0,91,52,112,8,0,172,18,0,18,190
07/21/2008,LIH,HI,AWP,WE,Federal Contract Tower,53,43,3,12,111,0,160,22,6,188,53,203,25,18,299,28,2,30,329
07/22/2008,LIH,HI,AWP,WE,Federal Contract Tower,52,36,3,10,101,0,143,13,13,169,52,179,16,23,270,52,2,54,324
07/23/2008,LIH,HI,AWP,WE,Federal Contract Tower,55,40,0,9,104,0,150,9,5,164,55,190,9,14,268,36,0,36,304
07/24/2008,LIH,HI,AWP,WE,Federal Contract Tower,55,29,13,4,101,0,179,18,1,198,55,208,31,5,299,48,0,48,347
07/25/2008,LIH,HI,AWP,WE,Federal Contract Tower,58,36,10,0,104,0,159,16,6,181,58,195,26,6,285,74,4,78,363
07/26/2008,LIH,HI,AWP,WE,Federal Contract Tower,59,36,2,0,97,0,128,11,0,139,59,164,13,0,236,42,0,42,278
07/27/2008,LIH,HI,AWP,WE,Federal Contract Tower,59,27,9,0,95,3,128,4,0,135,62,155,13,0,230,48,0,48,278
07/28/2008,LIH,HI,AWP,WE,Federal Contract Tower,53,34,4,2,93,0,104,9,0,113,53,138,13,2,206,68,4,72,278
07/29/2008,LIH,HI,AWP,WE,Federal Contract Tower,48,31,4,5,88,0,138,25,1,164,48,169,29,6,252,50,2,52,304
07/30/2008,LIH,HI,AWP,WE,Federal Contract Tower,53,32,0,4,89,0,149,8,2,159,53,181,8,6,248,34,0,34,282
07/31/2008,LIH,HI,AWP,WE,Federal Contract Tower,57,35,3,1,96,0,179,8,3,190,57,214,11,4,286,34,12,46,332
08/01/2008,LIH,HI,AWP,WE,Federal Contract Tower,55,37,2,2,96,0,163,13,0,176,55,200,15,2,272,52,0,52,324
08/02/2008,LIH,HI,AWP,WE,Federal Contract Tower,59,31,0,2,92,0,133,15,0,148,59,164,15,2,240,84,0,84,324
08/03/2008,LIH,HI,AWP,WE,Federal Contract Tower,52,26,0,0,78,0,110,13,0,123,52,136,13,0,201,32,0,32,233
08/04/2008,LIH,HI,AWP,WE,Federal Contract Tower,55,37,4,13,109,0,126,23,7,156,55,163,27,20,265,98,18,116,381
08/05/2008,LIH,HI,AWP,WE,Federal Contract Tower,48,36,1,11,96,0,131,15,1,147,48,167,16,12,243,41,2,43,286
08/06/2008,LIH,HI,AWP,WE,Federal Contract Tower,52,34,3,2,91,0,167,24,3,194,52,201,27,5,285,57,20,77,362
08/07/2008,LIH,HI,AWP,WE,Federal Contract Tower,54,36,2,12,104,0,178,17,2,197,54,214,19,14,301,62,22,84,385
08/08/2008,LIH,HI,AWP,WE,Federal Contract Tower,54,35,5,0,94,0,162,21,0,183,54,197,26,0,277,40,0,40,317
08/09/2008,LIH,HI,AWP,WE,Federal Contract Tower,58,31,3,0,92,0,136,18,0,154,58,167,21,0,246,36,0,36,282
08/10/2008,LIH,HI,AWP,WE,Federal Contract Tower,50,26,9,0,85,0,125,16,0,141,50,151,25,0,226,48,0,48,274
08/11/2008,LIH,HI,AWP,WE,Federal Contract Tower,52,34,1,4,91,0,148,20,3,171,52,182,21,7,262,54,8,62,324
08/12/2008,LIH,HI,AWP,WE,Federal Contract Tower,48,34,4,2,88,0,156,20,3,179,48,190,24,5,267,44,16,60,327
08/13/2008,LIH,HI,AWP,WE,Federal Contract Tower,51,36,6,0,93,0,174,29,8,211,51,210,35,8,304,40,9,49,353
08/14/2008,LIH,HI,AWP,WE,Federal Contract Tower,51,32,7,4,94,0,174,25,0,199,51,206,32,4,293,74,22,96,389
08/15/2008,LIH,HI,AWP,WE,Federal Contract Tower,53,36,8,4,101,0,174,20,0,194,53,210,28,4,295,38,6,44,339
08/16/2008,LIH,HI,AWP,WE,Federal Contract Tower,58,42,11,0,111,0,110,32,0,142,58,152,43,0,253,38,0,38,291
08/17/2008,LIH,HI,AWP,WE,Federal Contract Tower,56,23,1,3,83,0,116,10,1,127,56,139,11,4,210,18,6,24,234
08/18/2008,LIH,HI,AWP,WE,Federal Contract Tower,50,33,3,2,88,0,132,10,6,148,50,165,13,8,236,26,0,26,262
08/19/2008,LIH,HI,AWP,WE,Federal Contract Tower,48,42,2,3,95,0,144,21,3,168,48,186,23,6,263,60,0,60,323
08/20/2008,LIH,HI,AWP,WE,Federal Contract Tower,52,41,4,4,101,0,129,22,0,151,52,170,26,4,252,30,0,30,282
08/21/2008,LIH,HI,AWP,WE,Federal Contract Tower,52,35,5,7,99,0,192,24,3,219,52,227,29,10,318,50,30,80,398
08/22/2008,LIH,HI,AWP,WE,Federal Contract Tower,54,42,0,7,103,0,153,16,1,170,54,195,16,8,273,36,0,36,309
08/23/2008,LIH,HI,AWP,WE,Federal Contract Tower,54,33,0,0,87,0,107,6,0,113,54,140,6,0,200,32,0,32,232
08/24/2008,LIH,HI,AWP,WE,Federal Contract Tower,55,28,0,0,83,0,83,10,0,93,55,111,10,0,176,34,0,34,210
08/25/2008,LIH,HI,AWP,WE,Federal Contract Tower,50,39,4,3,96,0,131,16,0,147,50,170,20,3,243,40,4,44,287
08/26/2008,LIH,HI,AWP,WE,Federal Contract Tower,48,34,4,2,88,0,142,18,2,162,48,176,22,4,250,68,10,78,328
08/27/2008,LIH,HI,AWP,WE,Federal Contract Tower,49,30,3,2,84,0,135,24,7,166,49,165,27,9,250,30,6,36,286
08/28/2008,LIH,HI,AWP,WE,Federal Contract Tower,51,36,2,15,104,0,151,30,9,190,51,187,32,24,294,32,18,50,344
08/29/2008,LIH,HI,AWP,WE,Federal Contract Tower,56,33,6,0,95,0,142,16,0,158,56,175,22,0,253,92,0,92,345
08/30/2008,LIH,HI,AWP,WE,Federal Contract Tower,55,28,2,0,85,0,94,15,2,111,55,122,17,2,196,24,0,24,220
08/31/2008,LIH,HI,AWP,WE,Federal Contract Tower,53,22,3,0,78,0,102,14,0,116,53,124,17,0,194,44,0,44,238
09/01/2008,LIH,HI,AWP,WE,Federal Contract Tower,51,28,4,0,83,0,129,13,0,142,51,157,17,0,225,32,0,32,257
09/02/2008,LIH,HI,AWP,WE,Federal Contract Tower,38,36,1,9,84,0,117,13,2,132,38,153,14,11,216,44,18,62,278
09/03/2008,LIH,HI,AWP,WE,Federal Contract Tower,40,32,2,8,82,0,136,19,3,158,40,168,21,11,240,34,0,34,274
09/04/2008,LIH,HI,AWP,WE,Federal Contract Tower,46,32,0,6,84,0,167,3,2,172,46,199,3,8,256,64,4,68,324
09/05/2008,LIH,HI,AWP,WE,Federal Contract Tower,50,31,1,4,86,0,136,15,2,153,50,167,16,6,239,58,28,86,325
09/06/2008,LIH,HI,AWP,WE,Federal Contract Tower,48,26,1,0,75,0,90,19,0,109,48,116,20,0,184,50,0,50,234
09/07/2008,LIH,HI,AWP,WE,Federal Contract Tower,47,28,1,0,76,0,87,14,0,101,47,115,15,0,177,48,0,48,225
09/08/2008,LIH,HI,AWP,WE,Federal Contract Tower,41,28,3,11,83,0,97,7,3,107,41,125,10,14,190,38,6,44,234
09/09/2008,LIH,HI,AWP,WE,Federal Contract Tower,38,30,0,6,74,0,96,8,2,106,38,126,8,8,180,52,20,72,252
09/10/2008,LIH,HI,AWP,WE,Federal Contract Tower,42,31,1,1,75,0,136,20,0,156,42,167,21,1,231,102,0,102,333
09/11/2008,LIH,HI,AWP,WE,Federal Contract Tower,43,29,3,2,77,0,171,26,1,198,43,200,29,3,275,120,0,120,395
09/12/2008,LIH,HI,AWP,WE,Federal Contract Tower,46,34,4,5,89,0,134,8,4,146,46,168,12,9,235,86,0,86,321
09/13/2008,LIH,HI,AWP,WE,Federal Contract Tower,49,25,2,0,76,0,71,12,0,83,49,96,14,0,159,19,0,19,178
09/14/2008,LIH,HI,AWP,WE,Federal Contract Tower,44,26,3,4,77,0,112,10,0,122,44,138,13,4,199,8,8,16,215
09/15/2008,LIH,HI,AWP,WE,Federal Contract Tower,42,31,2,13,88,0,123,13,7,143,42,154,15,20,231,27,14,41,272
09/16/2008,LIH,HI,AWP,WE,Federal Contract Tower,37,30,2,6,75,0,119,27,3,149,37,149,29,9,224,48,0,48,272
09/17/2008,LIH,HI,AWP,WE,Federal Contract Tower,39,34,1,1,75,0,131,17,3,151,39,165,18,4,226,22,0,22,248
09/18/2008,LIH,HI,AWP,WE,Federal Contract Tower,42,32,1,16,91,0,147,20,1,168,42,179,21,17,259,56,8,64,323
09/19/2008,LIH,HI,AWP,WE,Federal Contract Tower,47,29,6,11,93,0,137,18,3,158,47,166,24,14,251,60,6,66,317
09/20/2008,LIH,HI,AWP,WE,Federal Contract Tower,47,32,1,4,84,0,127,11,0,138,47,159,12,4,222,77,2,79,301
09/21/2008,LIH,HI,AWP,WE,Federal Contract Tower,46,29,4,0,79,0,103,11,18,132,46,132,15,18,211,26,0,26,237
09/22/2008,LIH,HI,AWP,WE,Federal Contract Tower,42,33,2,5,82,0,87,15,4,106,42,120,17,9,188,46,0,46,234
09/23/2008,LIH,HI,AWP,WE,Federal Contract Tower,37,28,0,4,69,0,103,25,2,130,37,131,25,6,199,56,8,64,263
09/24/2008,LIH,HI,AWP,WE,Federal Contract Tower,39,32,2,5,78,0,140,16,7,163,39,172,18,12,241,37,0,37,278
09/25/2008,LIH,HI,AWP,WE,Federal Contract Tower,42,29,5,2,78,0,165,34,7,206,42,194,39,9,284,46,0,46,330
09/26/2008,LIH,HI,AWP,WE,Federal Contract Tower,47,32,2,3,84,0,143,8,0,151,47,175,10,3,235,36,12,48,283
09/27/2008,LIH,HI,AWP,WE,Federal Contract Tower,52,25,0,2,79,0,108,11,14,133,52,133,11,16,212,40,0,40,252
09/28/2008,LIH,HI,AWP,WE,Federal Contract Tower,44,23,2,0,69,0,128,24,0,152,44,151,26,0,221,16,0,16,237
09/29/2008,LIH,HI,AWP,WE,Federal Contract Tower,44,36,0,12,92,0,108,12,18,138,44,144,12,30,230,24,10,34,264
09/30/2008,LIH,HI,AWP,WE,Federal Contract Tower,38,31,0,1,70,0,129,14,0,143,38,160,14,1,213,66,2,68,281
10/01/2008,LIH,HI,AWP,WE,Federal Contract Tower,45,32,2,8,87,0,156,24,0,180,45,188,26,8,267,55,10,65,332
10/02/2008,LIH,HI,AWP,WE,Federal Contract Tower,45,33,1,21,100,0,158,11,9,178,45,191,12,30,278,39,25,64,342
10/03/2008,LIH,HI,AWP,WE,Federal Contract Tower,51,38,3,10,102,0,117,25,1,143,51,155,28,11,245,64,2,66,311
10/04/2008,LIH,HI,AWP,WE,Federal Contract Tower,60,21,1,0,82,0,88,14,0,102,60,109,15,0,184,52,0,52,236
10/05/2008,LIH,HI,AWP,WE,Federal Contract Tower,51,25,2,0,78,0,96,18,0,114,51,121,20,0,192,2,0,2,194
10/06/2008,LIH,HI,AWP,WE,Federal Contract Tower,50,32,1,0,83,0,108,11,0,119,50,140,12,0,202,40,0,40,242
10/07/2008,LIH,HI,AWP,WE,Federal Contract Tower,41,30,0,5,76,0,118,19,1,138,41,148,19,6,214,28,14,42,256
10/08/2008,LIH,HI,AWP,WE,Federal Contract Tower,45,27,3,3,78,0,166,30,0,196,45,193,33,3,274,25,4,29,303
10/09/2008,LIH,HI,AWP,WE,Federal Contract Tower,46,31,1,20,98,0,150,18,1,169,46,181,19,21,267,74,6,80,347
10/10/2008,LIH,HI,AWP,WE,Federal Contract Tower,50,32,3,0,85,0,77,5,0,82,50,109,8,0,167,54,0,54,221
10/11/2008,LIH,HI,AWP,WE,Federal Contract Tower,53,25,2,2,82,0,98,8,2,108,53,123,10,4,190,28,4,32,222
10/12/2008,LIH,HI,AWP,WE,Federal Contract Tower,52,22,4,1,79,0,101,11,0,112,52,123,15,1,191,13,0,13,204
10/13/2008,LIH,HI,AWP,WE,Federal Contract Tower,47,30,3,8,88,0,119,14,0,133,47,149,17,8,221,44,4,48,269
10/14/2008,LIH,HI,AWP,WE,Federal Contract Tower,41,32,0,3,76,0,132,3,2,137,41,164,3,5,213,50,0,50,263
10/15/2008,LIH,HI,AWP,WE,Federal Contract Tower,45,29,1,3,78,0,185,15,4,204,45,214,16,7,282,28,0,28,310
10/16/2008,LIH,HI,AWP,WE,Federal Contract Tower,47,33,4,6,90,0,168,21,2,191,47,201,25,8,281,70,0,70,351
10/17/2008,LIH,HI,AWP,WE,Federal Contract Tower,48,35,1,0,84,0,165,11,0,176,48,200,12,0,260,52,0,52,312
10/18/2008,LIH,HI,AWP,WE,Federal Contract Tower,55,26,5,0,86,0,101,3,1,105,55,127,8,1,191,16,0,16,207
10/19/2008,LIH,HI,AWP,WE,Federal Contract Tower,51,24,1,0,76,0,85,3,0,88,51,109,4,0,164,2,0,2,166
10/20/2008,LIH,HI,AWP,WE,Federal Contract Tower,46,30,0,8,84,0,113,7,1,121,46,143,7,9,205,24,14,38,243
10/21/2008,LIH,HI,AWP,WE,Federal Contract Tower,41,29,0,9,79,0,120,22,16,158,41,149,22,25,237,68,4,72,309
10/22/2008,LIH,HI,AWP,WE,Federal Contract Tower,43,29,1,4,77,0,168,22,14,204,43,197,23,18,281,74,6,80,361
10/23/2008,LIH,HI,AWP,WE,Federal Contract Tower,46,32,11,12,101,0,168,23,2,193,46,200,34,14,294,102,4,106,400
10/24/2008,LIH,HI,AWP,WE,Federal Contract Tower,49,32,2,0,83,0,138,8,1,147,49,170,10,1,230,54,0,54,284
10/25/2008,LIH,HI,AWP,WE,Federal Contract Tower,55,26,3,10,94,0,84,4,5,93,55,110,7,15,187,52,32,84,271
10/26/2008,LIH,HI,AWP,WE,Federal Contract Tower,50,27,3,0,80,0,68,12,0,80,50,95,15,0,160,6,0,6,166
10/27/2008,LIH,HI,AWP,WE,Federal Contract Tower,50,29,1,0,80,0,109,5,0,114,50,138,6,0,194,63,0,63,257
10/28/2008,LIH,HI,AWP,WE,Federal Contract Tower,43,42,7,2,94,0,96,11,4,111,43,138,18,6,205,16,0,16,221
10/29/2008,LIH,HI,AWP,WE,Federal Contract Tower,45,27,1,6,79,0,143,9,24,176,45,170,10,30,255,40,2,42,297
10/30/2008,LIH,HI,AWP,WE,Federal Contract Tower,48,32,0,6,86,0,5,4,0,9,48,37,4,6,95,6,0,6,101
10/31/2008,LIH,HI,AWP,WE,Federal Contract Tower,50,35,2,1,88,0,166,15,1,182,50,201,17,2,270,86,0,86,356
11/01/2008,LIH,HI,AWP,WE,Federal Contract Tower,55,29,1,2,87,0,84,12,2,98,55,113,13,4,185,20,4,24,209
11/02/2008,LIH,HI,AWP,WE,Federal Contract Tower,53,23,1,2,79,0,76,9,0,85,53,99,10,2,164,44,0,44,208
11/03/2008,LIH,HI,AWP,WE,Federal Contract Tower,52,34,3,1,90,0,92,13,8,113,52,126,16,9,203,112,8,120,323
11/04/2008,LIH,HI,AWP,WE,Federal Contract Tower,48,32,1,12,93,0,110,16,6,132,48,142,17,18,225,59,0,59,284
11/05/2008,LIH,HI,AWP,WE,Federal Contract Tower,49,30,2,6,87,0,149,22,2,173,49,179,24,8,260,24,17,41,301
11/06/2008,LIH,HI,AWP,WE,Federal Contract Tower,49,28,4,2,83,0,143,22,2,167,49,171,26,4,250,46,14,60,310
11/07/2008,LIH,HI,AWP,WE,Federal Contract Tower,52,30,2,28,112,0,117,40,3,160,52,147,42,31,272,54,42,96,368
11/08/2008,LIH,HI,AWP,WE,Federal Contract Tower,59,25,2,4,90,0,86,8,0,94,59,111,10,4,184,4,14,18,202
11/09/2008,LIH,HI,AWP,WE,Federal Contract Tower,52,27,0,0,79,0,86,8,0,94,52,113,8,0,173,28,0,28,201
11/10/2008,LIH,HI,AWP,WE,Federal Contract Tower,53,38,4,2,97,0,122,31,3,156,53,160,35,5,253,10,10,20,273
11/11/2008,LIH,HI,AWP,WE,Federal Contract Tower,46,26,1,0,73,0,130,22,4,156,46,156,23,4,229,46,0,46,275
11/12/2008,LIH,HI,AWP,WE,Federal Contract Tower,50,30,4,11,95,0,100,18,0,118,50,130,22,11,213,28,14,42,255
11/13/2008,LIH,HI,AWP,WE,Federal Contract Tower,50,34,4,1,89,0,142,16,4,162,50,176,20,5,251,46,26,72,323
11/14/2008,LIH,HI,AWP,WE,Federal Contract Tower,51,31,3,6,91,0,108,19,0,127,51,139,22,6,218,26,28,54,272
11/15/2008,LIH,HI,AWP,WE,Federal Contract Tower,52,21,6,3,82,0,68,11,1,80,52,89,17,4,162,8,2,10,172
11/16/2008,LIH,HI,AWP,WE,Federal Contract Tower,52,25,3,0,80,0,14,4,0,18,52,39,7,0,98,10,0,10,108
11/17/2008,LIH,HI,AWP,WE,Federal Contract Tower,50,32,0,7,89,0,0,0,0,0,50,32,0,7,89,2,6,8,97
11/18/2008,LIH,HI,AWP,WE,Federal Contract Tower,50,30,4,6,90,0,122,9,0,131,50,152,13,6,221,48,8,56,277
11/19/2008,LIH,HI,AWP,WE,Federal Contract Tower,63,30,1,5,99,0,125,13,5,143,63,155,14,10,242,32,0,32,274
11/20/2008,LIH,HI,AWP,WE,Federal Contract Tower,55,33,4,8,100,0,170,14,0,184,55,203,18,8,284,90,10,100,384
11/21/2008,LIH,HI,AWP,WE,Federal Contract Tower,64,34,3,4,105,0,56,4,0,60,64,90,7,4,165,14,4,18,183
11/22/2008,LIH,HI,AWP,WE,Federal Contract Tower,64,24,0,2,90,0,25,2,0,27,64,49,2,2,117,75,0,75,192
11/23/2008,LIH,HI,AWP,WE,Federal Contract Tower,59,24,0,2,85,0,48,4,0,52,59,72,4,2,137,10,0,10,147
11/24/2008,LIH,HI,AWP,WE,Federal Contract Tower,59,32,1,12,104,0,106,21,0,127,59,138,22,12,231,48,26,74,305
11/25/2008,LIH,HI,AWP,WE,Federal Contract Tower,58,29,3,8,98,0,100,27,0,127,58,129,30,8,225,50,10,60,285
11/26/2008,LIH,HI,AWP,WE,Federal Contract Tower,63,35,2,5,105,0,119,28,3,150,63,154,30,8,255,74,0,74,329
11/27/2008,LIH,HI,AWP,WE,Federal Contract Tower,59,22,2,0,83,0,88,11,0,99,59,110,13,0,182,28,0,28,210
11/28/2008,LIH,HI,AWP,WE,Federal Contract Tower,67,37,0,0,104,0,115,7,0,122,67,152,7,0,226,32,0,32,258
11/29/2008,LIH,HI,AWP,WE,Federal Contract Tower,66,28,2,0,96,0,0,4,0,4,66,28,6,0,100,0,0,0,100
11/30/2008,LIH,HI,AWP,WE,Federal Contract Tower,67,23,1,0,91,0,104,6,0,110,67,127,7,0,201,20,0,20,221
12/01/2008,LIH,HI,AWP,WE,Federal Contract Tower,65,33,4,3,105,0,70,12,0,82,65,103,16,3,187,52,4,56,243
12/02/2008,LIH,HI,AWP,WE,Federal Contract Tower,55,32,1,3,91,0,56,8,2,66,55,88,9,5,157,58,0,58,215
12/03/2008,LIH,HI,AWP,WE,Federal Contract Tower,54,30,3,3,90,0,133,33,0,166,54,163,36,3,256,36,0,36,292
12/04/2008,LIH,HI,AWP,WE,Federal Contract Tower,62,28,3,0,93,0,106,23,4,133,62,134,26,4,226,65,4,69,295
12/05/2008,LIH,HI,AWP,WE,Federal Contract Tower,71,30,2,1,104,0,92,15,0,107,71,122,17,1,211,52,0,52,263
12/06/2008,LIH,HI,AWP,WE,Federal Contract Tower,61,23,2,6,92,0,64,11,0,75,61,87,13,6,167,70,0,70,237
12/07/2008,LIH,HI,AWP,WE,Federal Contract Tower,64,25,2,4,95,0,67,10,0,77,64,92,12,4,172,56,0,56,228
12/08/2008,LIH,HI,AWP,WE,Federal Contract Tower,59,34,2,12,107,0,91,16,6,113,59,125,18,18,220,88,6,94,314
12/09/2008,LIH,HI,AWP,WE,Federal Contract Tower,55,31,0,7,93,0,88,25,1,114,55,119,25,8,207,52,0,52,259
12/10/2008,LIH,HI,AWP,WE,Federal Contract Tower,58,33,0,14,105,0,74,13,0,87,58,107,13,14,192,62,0,62,254
12/11/2008,LIH,HI,AWP,WE,Federal Contract Tower,55,33,0,10,98,0,66,6,0,72,55,99,6,10,170,92,0,92,262
12/12/2008,LIH,HI,AWP,WE,Federal Contract Tower,63,32,3,4,102,0,40,0,0,40,63,72,3,4,142,63,0,63,205
12/13/2008,LIH,HI,AWP,WE,Federal Contract Tower,75,20,0,0,95,0,0,0,0,0,75,20,0,0,95,2,0,2,97
12/14/2008,LIH,HI,AWP,WE,Federal Contract Tower,61,31,1,4,97,0,87,19,0,106,61,118,20,4,203,6,0,6,209
12/15/2008,LIH,HI,AWP,WE,Federal Contract Tower,53,32,1,3,89,0,76,10,4,90,53,108,11,7,179,34,1,35,214
12/16/2008,LIH,HI,AWP,WE,Federal Contract Tower,53,33,0,4,90,0,62,15,3,80,53,95,15,7,170,47,8,55,225
12/17/2008,LIH,HI,AWP,WE,Federal Contract Tower,72,27,1,4,104,0,57,13,4,74,72,84,14,8,178,66,2,68,246
12/18/2008,LIH,HI,AWP,WE,Federal Contract Tower,64,29,0,1,94,0,60,14,0,74,64,89,14,1,168,60,0,60,228
12/19/2008,LIH,HI,AWP,WE,Federal Contract Tower,68,35,7,3,113,0,61,8,3,72,68,96,15,6,185,22,0,22,207
12/20/2008,LIH,HI,AWP,WE,Federal Contract Tower,71,29,4,2,106,0,90,10,0,100,71,119,14,2,206,19,0,19,225
12/21/2008,LIH,HI,AWP,WE,Federal Contract Tower,60,33,1,0,94,0,89,12,0,101,60,122,13,0,195,26,0,26,221
12/22/2008,LIH,HI,AWP,WE,Federal Contract Tower,63,35,5,2,105,0,104,11,3,118,63,139,16,5,223,12,10,22,245
12/23/2008,LIH,HI,AWP,WE,Federal Contract Tower,64,35,5,10,114,0,100,14,3,117,64,135,19,13,231,46,18,64,295
12/24/2008,LIH,HI,AWP,WE,Federal Contract Tower,61,33,3,0,97,0,137,15,0,152,61,170,18,0,249,101,0,101,350
12/25/2008,LIH,HI,AWP,WE,Federal Contract Tower,67,29,0,0,96,0,84,4,0,88,67,113,4,0,184,18,0,18,202
12/26/2008,LIH,HI,AWP,WE,Federal Contract Tower,64,31,2,0,97,0,183,12,0,195,64,214,14,0,292,100,0,100,392
12/27/2008,LIH,HI,AWP,WE,Federal Contract Tower,75,32,1,0,108,0,113,7,0,120,75,145,8,0,228,39,0,39,267
12/28/2008,LIH,HI,AWP,WE,Federal Contract Tower,73,24,3,0,100,0,166,11,0,177,73,190,14,0,277,46,0,46,323
12/29/2008,LIH,HI,AWP,WE,Federal Contract Tower,65,28,3,9,105,0,177,15,7,199,65,205,18,16,304,72,4,76,380
12/30/2008,LIH,HI,AWP,WE,Federal Contract Tower,68,31,3,11,113,0,162,22,2,186,68,193,25,13,299,50,14,64,363
12/31/2008,LIH,HI,AWP,WE,Federal Contract Tower,63,31,2,3,99,0,146,24,3,173,63,177,26,6,272,94,0,94,366
01/01/2009,LIH,HI,AWP,WE,Federal Contract Tower,64,22,0,0,86,0,160,7,0,167,64,182,7,0,253,18,0,18,271
01/02/2009,LIH,HI,AWP,WE,Federal Contract Tower,69,36,2,2,109,0,80,8,0,88,69,116,10,2,197,82,0,82,279
01/03/2009,LIH,HI,AWP,WE,Federal Contract Tower,67,29,6,0,102,0,84,10,0,94,67,113,16,0,196,32,0,32,228
01/04/2009,LIH,HI,AWP,WE,Federal Contract Tower,72,27,2,1,102,0,92,0,0,92,72,119,2,1,194,42,10,52,246
01/05/2009,LIH,HI,AWP,WE,Federal Contract Tower,65,27,5,1,98,0,86,9,2,97,65,113,14,3,195,15,6,21,216
01/06/2009,LIH,HI,AWP,WE,Federal Contract Tower,58,25,2,6,91,0,128,31,4,163,58,153,33,10,254,126,14,140,394
01/07/2009,LIH,HI,AWP,WE,Federal Contract Tower,54,24,4,8,90,0,134,15,2,151,54,158,19,10,241,191,0,191,432
01/08/2009,LIH,HI,AWP,WE,Federal Contract Tower,55,24,6,10,95,0,146,14,2,162,55,170,20,12,257,20,0,20,277
01/09/2009,LIH,HI,AWP,WE,Federal Contract Tower,68,25,2,10,105,0,125,15,2,142,68,150,17,12,247,132,4,136,383
01/10/2009,LIH,HI,AWP,WE,Federal Contract Tower,71,23,5,4,103,0,46,5,0,51,71,69,10,4,154,21,6,27,181
01/11/2009,LIH,HI,AWP,WE,Federal Contract Tower,62,27,2,2,93,0,61,10,0,71,62,88,12,2,164,14,2,16,180
01/12/2009,LIH,HI,AWP,WE,Federal Contract Tower,59,28,2,17,106,0,116,11,11,138,59,144,13,28,244,24,26,50,294
01/13/2009,LIH,HI,AWP,WE,Federal Contract Tower,55,26,0,10,91,0,108,28,7,143,55,134,28,17,234,68,0,68,302
01/14/2009,LIH,HI,AWP,WE,Federal Contract Tower,58,28,3,3,92,0,152,18,5,175,58,180,21,8,267,28,2,30,297
01/15/2009,LIH,HI,AWP,WE,Federal Contract Tower,63,30,1,6,100,0,50,2,0,52,63,80,3,6,152,22,0,22,174
01/16/2009,LIH,HI,AWP,WE,Federal Contract Tower,67,28,3,0,98,0,39,7,0,46,67,67,10,0,144,18,0,18,162
01/17/2009,LIH,HI,AWP,WE,Federal Contract Tower,66,20,2,2,90,0,106,9,2,117,66,126,11,4,207,36,0,36,243
01/18/2009,LIH,HI,AWP,WE,Federal Contract Tower,68,23,3,0,94,0,106,15,0,121,68,129,18,0,215,10,0,10,225
01/19/2009,LIH,HI,AWP,WE,Federal Contract Tower,59,26,2,0,87,0,119,11,0,130,59,145,13,0,217,32,0,32,249
01/20/2009,LIH,HI,AWP,WE,Federal Contract Tower,57,26,1,7,91,0,102,17,2,121,57,128,18,9,212,40,18,58,270
01/21/2009,LIH,HI,AWP,WE,Federal Contract Tower,58,26,6,12,102,0,99,23,5,127,58,125,29,17,229,99,0,99,328
01/22/2009,LIH,HI,AWP,WE,Federal Contract Tower,59,27,5,13,104,0,112,9,7,128,59,139,14,20,232,76,28,104,336
01/23/2009,LIH,HI,AWP,WE,Federal Contract Tower,66,27,2,11,106,0,117,12,0,129,66,144,14,11,235,36,31,67,302
01/24/2009,LIH,HI,AWP,WE,Federal Contract Tower,65,22,4,0,91,0,78,5,0,83,65,100,9,0,174,5,0,5,179
01/25/2009,LIH,HI,AWP,WE,Federal Contract Tower,66,24,2,0,92,0,72,18,2,92,66,96,20,2,184,56,16,72,256
01/26/2009,LIH,HI,AWP,WE,Federal Contract Tower,68,30,0,1,99,0,77,3,1,81,68,107,3,2,180,63,0,63,243
01/27/2009,LIH,HI,AWP,WE,Federal Contract Tower,58,25,3,3,89,0,112,16,3,131,58,137,19,6,220,84,2,86,306
01/28/2009,LIH,HI,AWP,WE,Federal Contract Tower,57,28,1,2,88,0,134,18,0,152,57,162,19,2,240,85,0,85,325
01/29/2009,LIH,HI,AWP,WE,Federal Contract Tower,61,27,6,2,96,0,169,12,1,182,61,196,18,3,278,48,0,48,326
01/30/2009,LIH,HI,AWP,WE,Federal Contract Tower,69,28,3,10,110,0,121,8,0,129,69,149,11,10,239,66,2,68,307
01/31/2009,LIH,HI,AWP,WE,Federal Contract Tower,66,27,3,0,96,0,92,5,0,97,66,119,8,0,193,42,0,42,235
02/01/2009,LIH,HI,AWP,WE,Federal Contract Tower,61,24,1,0,86,0,60,6,2,68,61,84,7,2,154,74,0,74,228
02/02/2009,LIH,HI,AWP,WE,Federal Contract Tower,57,25,1,0,83,0,86,12,0,98,57,111,13,0,181,23,0,23,204
02/03/2009,LIH,HI,AWP,WE,Federal Contract Tower,62,28,3,6,99,0,56,9,6,71,62,84,12,12,170,22,0,22,192
02/04/2009,LIH,HI,AWP,WE,Federal Contract Tower,58,31,9,5,103,0,94,5,0,99,58,125,14,5,202,55,0,55,257
02/05/2009,LIH,HI,AWP,WE,Federal Contract Tower,62,27,1,6,96,0,134,17,7,158,62,161,18,13,254,44,2,46,300
02/06/2009,LIH,HI,AWP,WE,Federal Contract Tower,65,31,4,6,106,0,134,10,6,150,65,165,14,12,256,60,2,62,318
02/07/2009,LIH,HI,AWP,WE,Federal Contract Tower,69,30,3,0,102,0,89,15,0,104,69,119,18,0,206,17,0,17,223
02/08/2009,LIH,HI,AWP,WE,Federal Contract Tower,60,26,5,2,93,0,88,8,0,96,60,114,13,2,189,20,0,20,209
02/09/2009,LIH,HI,AWP,WE,Federal Contract Tower,63,22,1,16,102,0,106,11,10,127,63,128,12,26,229,24,6,30,259
02/10/2009,LIH,HI,AWP,WE,Federal Contract Tower,59,24,2,2,87,0,112,18,0,130,59,136,20,2,217,30,2,32,249
02/11/2009,LIH,HI,AWP,WE,Federal Contract Tower,59,25,1,16,101,0,132,29,0,161,59,157,30,16,262,45,22,67,329
02/12/2009,LIH,HI,AWP,WE,Federal Contract Tower,62,27,2,2,93,0,138,12,0,150,62,165,14,2,243,50,0,50,293
02/13/2009,LIH,HI,AWP,WE,Federal Contract Tower,68,28,3,0,99,0,96,5,0,101,68,124,8,0,200,72,0,72,272
02/14/2009,LIH,HI,AWP,WE,Federal Contract Tower,66,29,2,0,97,0,82,0,0,82,66,111,2,0,179,14,0,14,193
02/15/2009,LIH,HI,AWP,WE,Federal Contract Tower,62,25,2,0,89,0,94,5,0,99,62,119,7,0,188,20,0,20,208
02/16/2009,LIH,HI,AWP,WE,Federal Contract Tower,64,26,4,6,100,0,122,19,3,144,64,148,23,9,244,60,4,64,308
02/17/2009,LIH,HI,AWP,WE,Federal Contract Tower,60,24,2,7,93,0,104,22,0,126,60,128,24,7,219,44,0,44,263
02/18/2009,LIH,HI,AWP,WE,Federal Contract Tower,59,24,4,5,92,0,101,25,2,128,59,125,29,7,220,20,16,36,256
02/19/2009,LIH,HI,AWP,WE,Federal Contract Tower,62,31,4,11,108,0,160,28,0,188,62,191,32,11,296,81,10,91,387
02/20/2009,LIH,HI,AWP,WE,Federal Contract Tower,64,45,4,12,125,0,121,7,0,128,64,166,11,12,253,32,0,32,285
02/21/2009,LIH,HI,AWP,WE,Federal Contract Tower,69,22,1,4,96,0,97,15,0,112,69,119,16,4,208,29,12,41,249
02/22/2009,LIH,HI,AWP,WE,Federal Contract Tower,62,25,3,0,90,0,99,17,0,116,62,124,20,0,206,8,0,8,214
02/23/2009,LIH,HI,AWP,WE,Federal Contract Tower,61,26,8,0,95,0,140,19,0,159,61,166,27,0,254,50,0,50,304
02/24/2009,LIH,HI,AWP,WE,Federal Contract Tower,61,28,1,2,92,0,107,15,0,122,61,135,16,2,214,38,0,38,252
02/25/2009,LIH,HI,AWP,WE,Federal Contract Tower,57,24,0,6,87,0,76,6,2,84,57,100,6,8,171,27,8,35,206
02/26/2009,LIH,HI,AWP,WE,Federal Contract Tower,64,25,4,8,101,0,141,10,0,151,64,166,14,8,252,28,6,34,286
02/27/2009,LIH,HI,AWP,WE,Federal Contract Tower,64,30,5,0,99,0,112,6,0,118,64,142,11,0,217,26,0,26,243
02/28/2009,LIH,HI,AWP,WE,Federal Contract Tower,69,23,8,0,100,0,41,1,0,42,69,64,9,0,142,0,0,0,142
03/01/2009,LIH,HI,AWP,WE,Federal Contract Tower,63,29,1,0,93,0,53,0,0,53,63,82,1,0,146,8,0,8,154
03/02/2009,LIH,HI,AWP,WE,Federal Contract Tower,60,30,0,17,107,0,98,10,5,113,60,128,10,22,220,6,14,20,240
03/03/2009,LIH,HI,AWP,WE,Federal Contract Tower,59,27,0,5,91,0,72,8,0,80,59,99,8,5,171,30,10,40,211
03/04/2009,LIH,HI,AWP,WE,Federal Contract Tower,55,28,1,2,86,0,93,8,0,101,55,121,9,2,187,48,0,48,235
03/05/2009,LIH,HI,AWP,WE,Federal Contract Tower,59,28,4,2,93,0,87,9,0,96,59,115,13,2,189,80,0,80,269
03/06/2009,LIH,HI,AWP,WE,Federal Contract Tower,63,36,4,4,107,0,81,8,2,91,63,117,12,6,198,48,4,52,250
03/07/2009,LIH,HI,AWP,WE,Federal Contract Tower,71,26,1,9,107,0,24,7,1,32,71,50,8,10,139,14,6,20,159
03/08/2009,LIH,HI,AWP,WE,Federal Contract Tower,53,31,0,2,86,0,87,14,0,101,53,118,14,2,187,64,0,64,251
03/09/2009,LIH,HI,AWP,WE,Federal Contract Tower,52,29,0,10,91,0,20,5,6,31,52,49,5,16,122,8,20,28,150
03/10/2009,LIH,HI,AWP,WE,Federal Contract Tower,55,25,0,8,88,0,106,15,0,121,55,131,15,8,209,54,0,54,263
03/11/2009,LIH,HI,AWP,WE,Federal Contract Tower,53,27,4,2,86,0,123,18,4,145,53,150,22,6,231,42,7,49,280
03/12/2009,LIH,HI,AWP,WE,Federal Contract Tower,56,21,3,3,83,0,138,7,4,149,56,159,10,7,232,51,3,54,286
03/13/2009,LIH,HI,AWP,WE,Federal Contract Tower,61,32,1,16,110,0,7,12,7,26,61,39,13,23,136,12,10,22,158
03/14/2009,LIH,HI,AWP,WE,Federal Contract Tower,62,28,5,6,101,0,102,5,4,111,62,130,10,10,212,74,18,92,304
03/15/2009,LIH,HI,AWP,WE,Federal Contract Tower,57,25,0,0,82,0,80,0,0,80,57,105,0,0,162,36,0,36,198
03/16/2009,LIH,HI,AWP,WE,Federal Contract Tower,56,25,1,14,96,0,108,12,11,131,56,133,13,25,227,40,14,54,281
03/17/2009,LIH,HI,AWP,WE,Federal Contract Tower,54,27,3,8,92,0,110,11,2,123,54,137,14,10,215,38,2,40,255
03/18/2009,LIH,HI,AWP,WE,Federal Contract Tower,55,28,5,1,89,0,127,23,2,152,55,155,28,3,241,69,12,81,322
03/19/2009,LIH,HI,AWP,WE,Federal Contract Tower,57,23,2,2,84,0,118,9,2,129,57,141,11,4,213,36,0,36,249
03/20/2009,LIH,HI,AWP,WE,Federal Contract Tower,59,32,1,4,96,0,137,8,4,149,59,169,9,8,245,54,2,56,301
03/21/2009,LIH,HI,AWP,WE,Federal Contract Tower,66,25,1,6,98,0,94,11,0,105,66,119,12,6,203,15,4,19,222
03/22/2009,LIH,HI,AWP,WE,Federal Contract Tower,57,29,4,0,90,0,90,7,0,97,57,119,11,0,187,10,0,10,197
03/23/2009,LIH,HI,AWP,WE,Federal Contract Tower,56,26,1,10,93,0,104,15,11,130,56,130,16,21,223,40,0,40,263
03/24/2009,LIH,HI,AWP,WE,Federal Contract Tower,58,25,0,9,92,0,134,13,6,153,58,159,13,15,245,12,4,16,261
03/25/2009,LIH,HI,AWP,WE,Federal Contract Tower,58,24,3,6,91,0,111,12,10,133,58,135,15,16,224,38,0,38,262
03/26/2009,LIH,HI,AWP,WE,Federal Contract Tower,56,25,1,9,91,0,150,23,3,176,56,175,24,12,267,24,10,34,301
03/27/2009,LIH,HI,AWP,WE,Federal Contract Tower,61,33,5,8,107,0,110,8,0,118,61,143,13,8,225,22,0,22,247
03/28/2009,LIH,HI,AWP,WE,Federal Contract Tower,62,29,7,7,105,0,84,11,0,95,62,113,18,7,200,24,38,62,262
03/29/2009,LIH,HI,AWP,WE,Federal Contract Tower,58,29,3,0,90,0,58,7,0,65,58,87,10,0,155,18,0,18,173
03/30/2009,LIH,HI,AWP,WE,Federal Contract Tower,60,28,4,0,92,0,109,17,0,126,60,137,21,0,218,18,0,18,236
03/31/2009,LIH,HI,AWP,WE,Federal Contract Tower,59,35,2,2,98,0,100,20,0,120,59,135,22,2,218,44,0,44,262
04/01/2009,LIH,HI,AWP,WE,Federal Contract Tower,59,26,0,10,95,0,95,17,3,115,59,121,17,13,210,60,0,60,270
04/02/2009,LIH,HI,AWP,WE,Federal Contract Tower,58,22,8,5,93,1,114,14,4,133,59,136,22,9,226,16,4,20,246
04/03/2009,LIH,HI,AWP,WE,Federal Contract Tower,57,26,3,6,92,0,124,6,0,130,57,150,9,6,222,22,0,22,244
04/04/2009,LIH,HI,AWP,WE,Federal Contract Tower,65,23,2,6,96,0,43,2,0,45,65,66,4,6,141,14,2,16,157
04/05/2009,LIH,HI,AWP,WE,Federal Contract Tower,57,22,4,2,85,0,55,14,0,69,57,77,18,2,154,34,0,34,188
04/06/2009,LIH,HI,AWP,WE,Federal Contract Tower,56,28,0,6,90,0,88,6,7,101,56,116,6,13,191,22,0,22,213
04/07/2009,LIH,HI,AWP,WE,Federal Contract Tower,55,28,0,2,85,0,132,28,10,170,55,160,28,12,255,44,4,48,303
04/08/2009,LIH,HI,AWP,WE,Federal Contract Tower,58,23,5,6,92,0,148,16,9,173,58,171,21,15,265,78,4,82,347
04/09/2009,LIH,HI,AWP,WE,Federal Contract Tower,54,26,4,9,93,0,124,8,2,134,54,150,12,11,227,17,4,21,248
04/10/2009,LIH,HI,AWP,WE,Federal Contract Tower,57,33,3,16,109,0,89,3,0,92,57,122,6,16,201,40,0,40,241
04/11/2009,LIH,HI,AWP,WE,Federal Contract Tower,63,28,7,3,101,0,97,9,0,106,63,125,16,3,207,18,0,18,225
04/12/2009,LIH,HI,AWP,WE,Federal Contract Tower,58,24,1,1,84,0,70,15,0,85,58,94,16,1,169,6,0,6,175
04/13/2009,LIH,HI,AWP,WE,Federal Contract Tower,57,26,8,12,103,0,130,11,9,150,57,156,19,21,253,44,34,78,331
04/14/2009,LIH,HI,AWP,WE,Federal Contract Tower,56,27,0,2,85,0,124,8,2,134,56,151,8,4,219,32,21,53,272
04/15/2009,LIH,HI,AWP,WE,Federal Contract Tower,56,23,1,8,88,0,110,14,7,131,56,133,15,15,219,30,18,48,267
04/16/2009,LIH,HI,AWP,WE,Federal Contract Tower,53,29,1,14,97,0,150,12,1,163,53,179,13,15,260,49,24,73,333
04/17/2009,LIH,HI,AWP,WE,Federal Contract Tower,59,27,1,8,95,0,132,2,0,134,59,159,3,8,229,22,8,30,259
04/18/2009,LIH,HI,AWP,WE,Federal Contract Tower,63,24,1,0,88,0,75,4,0,79,63,99,5,0,167,12,0,12,179
04/19/2009,LIH,HI,AWP,WE,Federal Contract Tower,58,23,3,0,84,0,58,11,0,69,58,81,14,0,153,63,0,63,216
04/20/2009,LIH,HI,AWP,WE,Federal Contract Tower,55,26,10,7,98,0,60,5,0,65,55,86,15,7,163,88,0,88,251
04/21/2009,LIH,HI,AWP,WE,Federal Contract Tower,55,25,0,12,92,0,104,9,6,119,55,129,9,18,211,182,8,190,401
04/22/2009,LIH,HI,AWP,WE,Federal Contract Tower,50,28,2,13,93,0,156,13,7,176,50,184,15,20,269,66,39,105,374
04/23/2009,LIH,HI,AWP,WE,Federal Contract Tower,56,22,0,13,91,0,144,10,0,154,56,166,10,13,245,76,3,79,324
04/24/2009,LIH,HI,AWP,WE,Federal Contract Tower,59,27,1,12,99,0,126,15,2,143,59,153,16,14,242,56,4,60,302
04/25/2009,LIH,HI,AWP,WE,Federal Contract Tower,64,22,1,13,100,0,99,18,0,117,64,121,19,13,217,33,8,41,258
04/26/2009,LIH,HI,AWP,WE,Federal Contract Tower,56,21,0,2,79,0,157,16,0,173,56,178,16,2,252,35,0,35,287
04/27/2009,LIH,HI,AWP,WE,Federal Contract Tower,57,32,2,9,100,0,112,4,9,125,57,144,6,18,225,59,14,73,298
04/28/2009,LIH,HI,AWP,WE,Federal Contract Tower,55,29,1,13,98,0,68,15,1,84,55,97,16,14,182,30,28,58,240
04/29/2009,LIH,HI,AWP,WE,Federal Contract Tower,51,23,4,20,98,0,111,20,4,135,51,134,24,24,233,39,10,49,282
04/30/2009,LIH,HI,AWP,WE,Federal Contract Tower,55,31,0,6,92,0,122,13,0,135,55,153,13,6,227,16,22,38,265
05/01/2009,LIH,HI,AWP,WE,Federal Contract Tower,58,32,2,16,108,0,125,11,4,140,58,157,13,20,248,22,22,44,292
05/02/2009,LIH,HI,AWP,WE,Federal Contract Tower,64,22,0,8,94,0,78,18,0,96,64,100,18,8,190,22,10,32,222
05/03/2009,LIH,HI,AWP,WE,Federal Contract Tower,56,22,2,2,82,78,14,0,2,94,134,36,2,4,176,0,0,0,176
05/04/2009,LIH,HI,AWP,WE,Federal Contract Tower,60,27,9,16,112,0,106,24,14,144,60,133,33,30,256,14,42,56,312
05/05/2009,LIH,HI,AWP,WE,Federal Contract Tower,54,30,2,16,102,0,128,25,16,169,54,158,27,32,271,44,30,74,345
05/06/2009,LIH,HI,AWP,WE,Federal Contract Tower,56,27,1,10,94,0,106,31,9,146,56,133,32,19,240,22,11,33,273
05/07/2009,LIH,HI,AWP,WE,Federal Contract Tower,56,24,1,11,92,0,158,11,12,181,56,182,12,23,273,38,12,50,323
05/08/2009,LIH,HI,AWP,WE,Federal Contract Tower,64,23,0,12,99,0,124,7,0,131,64,147,7,12,230,24,24,48,278
05/09/2009,LIH,HI,AWP,WE,Federal Contract Tower,64,20,4,8,96,0,90,7,0,97,64,110,11,8,193,14,20,34,227
05/10/2009,LIH,HI,AWP,WE,Federal Contract Tower,56,26,3,0,85,0,72,9,2,83,56,98,12,2,168,14,0,14,182
05/11/2009,LIH,HI,AWP,WE,Federal Contract Tower,55,27,1,18,101,0,104,12,5,121,55,131,13,23,222,28,26,54,276
05/12/2009,LIH,HI,AWP,WE,Federal Contract Tower,56,25,0,10,91,0,98,10,4,112,56,123,10,14,203,36,14,50,253
05/13/2009,LIH,HI,AWP,WE,Federal Contract Tower,55,32,1,15,103,0,146,15,6,167,55,178,16,21,270,68,5,73,343
05/14/2009,LIH,HI,AWP,WE,Federal Contract Tower,60,20,0,9,89,0,165,13,0,178,60,185,13,9,267,10,0,10,277
05/15/2009,LIH,HI,AWP,WE,Federal Contract Tower,59,27,1,6,93,0,121,3,0,124,59,148,4,6,217,8,0,8,225
05/16/2009,LIH,HI,AWP,WE,Federal Contract Tower,67,23,1,0,91,0,62,6,0,68,67,85,7,0,159,24,0,24,183
05/17/2009,LIH,HI,AWP,WE,Federal Contract Tower,58,26,2,0,86,0,37,11,0,48,58,63,13,0,134,0,0,0,134
05/18/2009,LIH,HI,AWP,WE,Federal Contract Tower,58,25,1,3,87,0,123,11,3,137,58,148,12,6,224,60,20,80,304
05/19/2009,LIH,HI,AWP,WE,Federal Contract Tower,57,30,0,8,95,0,158,11,6,175,57,188,11,14,270,34,16,50,320
05/20/2009,LIH,HI,AWP,WE,Federal Contract Tower,55,23,0,8,86,0,135,17,2,154,55,158,17,10,240,28,22,50,290
05/21/2009,LIH,HI,AWP,WE,Federal Contract Tower,55,23,2,5,85,0,147,5,3,155,55,170,7,8,240,10,2,12,252
05/22/2009,LIH,HI,AWP,WE,Federal Contract Tower,61,44,0,8,113,0,165,9,1,175,61,209,9,9,288,26,28,54,342
05/23/2009,LIH,HI,AWP,WE,Federal Contract Tower,66,25,0,0,91,0,106,9,0,115,66,131,9,0,206,17,0,17,223
05/24/2009,LIH,HI,AWP,WE,Federal Contract Tower,55,26,1,0,82,0,85,3,0,88,55,111,4,0,170,4,0,4,174
05/25/2009,LIH,HI,AWP,WE,Federal Contract Tower,56,31,1,0,88,0,130,17,0,147,56,161,18,0,235,75,0,75,310
05/26/2009,LIH,HI,AWP,WE,Federal Contract Tower,53,26,6,8,93,0,136,15,7,158,53,162,21,15,251,62,1,63,314
05/27/2009,LIH,HI,AWP,WE,Federal Contract Tower,58,28,0,13,99,0,128,10,6,144,58,156,10,19,243,34,14,48,291
05/28/2009,LIH,HI,AWP,WE,Federal Contract Tower,56,27,1,9,93,0,117,8,0,125,56,144,9,9,218,26,15,41,259
05/29/2009,LIH,HI,AWP,WE,Federal Contract Tower,59,30,4,8,101,0,133,4,2,139,59,163,8,10,240,16,32,48,288
05/30/2009,LIH,HI,AWP,WE,Federal Contract Tower,64,29,1,4,98,0,111,16,3,130,64,140,17,7,228,24,18,42,270
05/31/2009,LIH,HI,AWP,WE,Federal Contract Tower,59,24,2,0,85,0,85,9,0,94,59,109,11,0,179,6,0,6,185
06/01/2009,LIH,HI,AWP,WE,Federal Contract Tower,56,32,0,7,95,0,113,10,4,127,56,145,10,11,222,16,2,18,240
06/02/2009,LIH,HI,AWP,WE,Federal Contract Tower,57,26,3,13,99,0,150,12,1,163,57,176,15,14,262,75,4,79,341
06/03/2009,LIH,HI,AWP,WE,Federal Contract Tower,55,26,0,9,90,0,131,10,0,141,55,157,10,9,231,46,3,49,280
06/04/2009,LIH,HI,AWP,WE,Federal Contract Tower,58,27,2,6,93,0,145,12,4,161,58,172,14,10,254,44,2,46,300
06/05/2009,LIH,HI,AWP,WE,Federal Contract Tower,63,34,5,0,102,0,113,6,0,119,63,147,11,0,221,22,0,22,243
06/06/2009,LIH,HI,AWP,WE,Federal Contract Tower,68,28,2,14,112,0,85,12,5,102,68,113,14,19,214,12,2,14,228
06/07/2009,LIH,HI,AWP,WE,Federal Contract Tower,63,27,0,2,92,0,82,15,2,99,63,109,15,4,191,52,0,52,243
06/08/2009,LIH,HI,AWP,WE,Federal Contract Tower,57,34,0,19,110,0,122,12,6,140,57,156,12,25,250,72,20,92,342
06/09/2009,LIH,HI,AWP,WE,Federal Contract Tower,59,26,6,15,106,0,121,13,15,149,59,147,19,30,255,20,20,40,295
06/10/2009,LIH,HI,AWP,WE,Federal Contract Tower,55,22,0,6,83,0,131,11,0,142,55,153,11,6,225,16,0,16,241
06/11/2009,LIH,HI,AWP,WE,Federal Contract Tower,57,30,6,2,95,0,151,18,2,171,57,181,24,4,266,24,6,30,296
06/12/2009,LIH,HI,AWP,WE,Federal Contract Tower,62,36,2,4,104,0,137,18,0,155,62,173,20,4,259,38,36,74,333
06/13/2009,LIH,HI,AWP,WE,Federal Contract Tower,70,26,2,0,98,0,96,13,0,109,70,122,15,0,207,42,0,42,249
06/14/2009,LIH,HI,AWP,WE,Federal Contract Tower,62,34,2,0,98,0,114,10,0,124,62,148,12,0,222,23,0,23,245
06/15/2009,LIH,HI,AWP,WE,Federal Contract Tower,61,28,0,0,89,0,130,12,0,142,61,158,12,0,231,45,0,45,276
06/16/2009,LIH,HI,AWP,WE,Federal Contract Tower,58,27,2,4,91,0,110,10,4,124,58,137,12,8,215,46,0,46,261
06/17/2009,LIH,HI,AWP,WE,Federal Contract Tower,55,29,3,6,93,0,143,12,10,165,55,172,15,16,258,33,2,35,293
06/18/2009,LIH,HI,AWP,WE,Federal Contract Tower,59,29,3,5,96,0,186,10,6,202,59,215,13,11,298,30,0,30,328
06/19/2009,LIH,HI,AWP,WE,Federal Contract Tower,67,36,3,9,115,0,82,3,3,88,67,118,6,12,203,10,30,40,243
06/20/2009,LIH,HI,AWP,WE,Federal Contract Tower,68,30,0,1,99,0,113,13,0,126,68,143,13,1,225,28,2,30,255
06/21/2009,LIH,HI,AWP,WE,Federal Contract Tower,68,26,1,0,95,0,56,1,0,57,68,82,2,0,152,6,0,6,158
06/22/2009,LIH,HI,AWP,WE,Federal Contract Tower,63,31,3,0,97,0,120,6,0,126,63,151,9,0,223,37,0,37,260
06/23/2009,LIH,HI,AWP,WE,Federal Contract Tower,60,25,0,9,94,0,122,15,0,137,60,147,15,9,231,44,36,80,311
06/24/2009,LIH,HI,AWP,WE,Federal Contract Tower,58,26,13,10,107,0,160,11,0,171,58,186,24,10,278,59,20,79,357
06/25/2009,LIH,HI,AWP,WE,Federal Contract Tower,60,29,8,8,105,0,168,11,4,183,60,197,19,12,288,44,36,80,368
06/26/2009,LIH,HI,AWP,WE,Federal Contract Tower,68,39,1,3,111,0,139,11,3,153,68,178,12,6,264,40,6,46,310
06/27/2009,LIH,HI,AWP,WE,Federal Contract Tower,73,28,2,0,103,0,126,7,0,133,73,154,9,0,236,10,0,10,246
06/28/2009,LIH,HI,AWP,WE,Federal Contract Tower,67,41,1,4,113,0,102,6,0,108,67,143,7,4,221,52,0,52,273
06/29/2009,LIH,HI,AWP,WE,Federal Contract Tower,61,24,0,17,102,0,137,12,2,151,61,161,12,19,253,22,21,43,296
06/30/2009,LIH,HI,AWP,WE,Federal Contract Tower,62,31,3,11,107,0,178,16,0,194,62,209,19,11,301,74,28,102,403
07/01/2009,LIH,HI,AWP,WE,Federal Contract Tower,62,26,0,16,104,0,154,21,2,177,62,180,21,18,281,35,19,54,335
07/02/2009,LIH,HI,AWP,WE,Federal Contract Tower,66,24,1,3,94,0,168,13,0,181,66,192,14,3,275,50,12,62,337
07/03/2009,LIH,HI,AWP,WE,Federal Contract Tower,69,35,0,0,104,0,137,16,0,153,69,172,16,0,257,100,0,100,357
07/04/2009,LIH,HI,AWP,WE,Federal Contract Tower,71,26,2,0,99,0,83,6,0,89,71,109,8,0,188,68,0,68,256
07/05/2009,LIH,HI,AWP,WE,Federal Contract Tower,69,34,1,0,104,0,96,12,0,108,69,130,13,0,212,4,0,4,216
07/06/2009,LIH,HI,AWP,WE,Federal Contract Tower,62,29,2,12,105,0,135,13,1,149,62,164,15,13,254,110,13,123,377
07/07/2009,LIH,HI,AWP,WE,Federal Contract Tower,61,24,6,8,99,0,114,8,2,124,61,138,14,10,223,86,10,96,319
07/08/2009,LIH,HI,AWP,WE,Federal Contract Tower,58,28,2,9,97,0,133,6,0,139,58,161,8,9,236,37,10,47,283
07/09/2009,LIH,HI,AWP,WE,Federal Contract Tower,58,27,0,28,113,0,147,7,1,155,58,174,7,29,268,20,33,53,321
07/10/2009,LIH,HI,AWP,WE,Federal Contract Tower,69,33,2,17,121,0,104,5,1,110,69,137,7,18,231,34,34,68,299
07/11/2009,LIH,HI,AWP,WE,Federal Contract Tower,70,30,1,15,116,0,62,3,0,65,70,92,4,15,181,16,12,28,209
07/12/2009,LIH,HI,AWP,WE,Federal Contract Tower,70,26,0,0,96,0,90,6,0,96,70,116,6,0,192,6,0,6,198
07/13/2009,LIH,HI,AWP,WE,Federal Contract Tower,59,30,2,7,98,0,116,5,2,123,59,146,7,9,221,10,14,24,245
07/14/2009,LIH,HI,AWP,WE,Federal Contract Tower,61,28,2,17,108,0,134,14,12,160,61,162,16,29,268,68,38,106,374
07/15/2009,LIH,HI,AWP,WE,Federal Contract Tower,61,25,5,4,95,0,141,26,0,167,61,166,31,4,262,20,2,22,284
07/16/2009,LIH,HI,AWP,WE,Federal Contract Tower,61,25,1,4,91,0,168,9,2,179,61,193,10,6,270,44,2,46,316
07/17/2009,LIH,HI,AWP,WE,Federal Contract Tower,70,37,4,9,120,0,142,13,0,155,70,179,17,9,275,30,23,53,328
07/18/2009,LIH,HI,AWP,WE,Federal Contract Tower,70,29,2,14,115,0,91,14,12,117,70,120,16,26,232,21,29,50,282
07/19/2009,LIH,HI,AWP,WE,Federal Contract Tower,68,30,0,1,99,0,99,11,0,110,68,129,11,1,209,16,0,16,225
07/20/2009,LIH,HI,AWP,WE,Federal Contract Tower,61,26,2,8,97,0,155,8,3,166,61,181,10,11,263,92,46,138,401
07/21/2009,LIH,HI,AWP,WE,Federal Contract Tower,62,30,2,6,100,0,138,13,0,151,62,168,15,6,251,74,14,88,339
07/22/2009,LIH,HI,AWP,WE,Federal Contract Tower,62,24,5,2,93,0,138,20,2,160,62,162,25,4,253,49,0,49,302
07/23/2009,LIH,HI,AWP,WE,Federal Contract Tower,63,28,5,2,98,0,53,3,3,59,63,81,8,5,157,10,0,10,167
07/24/2009,LIH,HI,AWP,WE,Federal Contract Tower,67,34,3,12,116,0,170,7,0,177,67,204,10,12,293,18,30,48,341
07/25/2009,LIH,HI,AWP,WE,Federal Contract Tower,68,32,2,21,123,0,101,10,1,112,68,133,12,22,235,38,28,66,301
07/26/2009,LIH,HI,AWP,WE,Federal Contract Tower,67,28,4,6,105,0,109,14,3,126,67,137,18,9,231,14,0,14,245
07/27/2009,LIH,HI,AWP,WE,Federal Contract Tower,62,28,5,4,99,0,166,14,1,181,62,194,19,5,280,62,0,62,342
07/28/2009,LIH,HI,AWP,WE,Federal Contract Tower,60,28,5,12,105,0,80,6,4,90,60,108,11,16,195,24,0,24,219
07/29/2009,LIH,HI,AWP,WE,Federal Contract Tower,58,27,2,7,94,0,127,21,7,155,58,154,23,14,249,26,3,29,278
07/30/2009,LIH,HI,AWP,WE,Federal Contract Tower,61,32,3,1,97,0,156,19,5,180,61,188,22,6,277,13,0,13,290
07/31/2009,LIH,HI,AWP,WE,Federal Contract Tower,86,32,1,20,139,0,158,13,0,171,86,190,14,20,310,22,0,22,332
08/01/2009,LIH,HI,AWP,WE,Federal Contract Tower,67,29,5,24,125,0,107,8,3,118,67,136,13,27,243,26,6,32,275
08/02/2009,LIH,HI,AWP,WE,Federal Contract Tower,67,32,1,2,102,0,90,5,0,95,67,122,6,2,197,4,0,4,201
08/03/2009,LIH,HI,AWP,WE,Federal Contract Tower,61,27,0,49,137,0,131,10,2,143,61,158,10,51,280,32,23,55,335
08/04/2009,LIH,HI,AWP,WE,Federal Contract Tower,57,30,0,11,98,0,136,11,3,150,57,166,11,14,248,21,55,76,324
08/05/2009,LIH,HI,AWP,WE,Federal Contract Tower,61,26,0,12,99,0,156,13,0,169,61,182,13,12,268,12,6,18,286
08/06/2009,LIH,HI,AWP,WE,Federal Contract Tower,63,33,1,0,97,0,159,5,0,164,63,192,6,0,261,62,0,62,323
08/07/2009,LIH,HI,AWP,WE,Federal Contract Tower,68,42,7,20,137,0,165,11,4,180,68,207,18,24,317,18,18,36,353
08/08/2009,LIH,HI,AWP,WE,Federal Contract Tower,69,36,1,13,119,0,129,6,1,136,69,165,7,14,255,14,34,48,303
08/09/2009,LIH,HI,AWP,WE,Federal Contract Tower,66,35,0,10,111,0,117,8,2,127,66,152,8,12,238,14,4,18,256
08/10/2009,LIH,HI,AWP,WE,Federal Contract Tower,61,27,5,18,111,0,116,9,10,135,61,143,14,28,246,24,24,48,294
08/11/2009,LIH,HI,AWP,WE,Federal Contract Tower,57,27,0,71,155,0,89,12,10,111,57,116,12,81,266,48,44,92,358
08/12/2009,LIH,HI,AWP,WE,Federal Contract Tower,60,26,2,8,96,0,18,4,0,22,60,44,6,8,118,2,0,2,120
08/13/2009,LIH,HI,AWP,WE,Federal Contract Tower,60,31,2,7,100,0,1,2,2,5,60,32,4,9,105,26,2,28,133
08/14/2009,LIH,HI,AWP,WE,Federal Contract Tower,69,55,1,6,131,0,180,9,0,189,69,235,10,6,320,100,0,100,420
08/15/2009,LIH,HI,AWP,WE,Federal Contract Tower,67,31,3,4,105,0,138,17,0,155,67,169,20,4,260,24,0,24,284
08/16/2009,LIH,HI,AWP,WE,Federal Contract Tower,64,30,1,0,95,0,119,7,0,126,64,149,8,0,221,18,0,18,239
08/17/2009,LIH,HI,AWP,WE,Federal Contract Tower,58,22,4,11,95,0,148,14,7,169,58,170,18,18,264,20,12,32,296
08/18/2009,LIH,HI,AWP,WE,Federal Contract Tower,55,22,3,8,88,0,119,10,0,129,55,141,13,8,217,43,2,45,262
08/19/2009,LIH,HI,AWP,WE,Federal Contract Tower,58,24,4,7,93,0,141,12,0,153,58,165,16,7,246,25,1,26,272
08/20/2009,LIH,HI,AWP,WE,Federal Contract Tower,64,21,3,12,100,0,84,9,0,93,64,105,12,12,193,36,8,44,237
08/21/2009,LIH,HI,AWP,WE,Federal Contract Tower,69,30,7,14,120,0,161,9,2,172,69,191,16,16,292,54,2,56,348
08/22/2009,LIH,HI,AWP,WE,Federal Contract Tower,62,24,3,2,91,0,103,6,0,109,62,127,9,2,200,24,0,24,224
08/23/2009,LIH,HI,AWP,WE,Federal Contract Tower,69,21,6,0,96,0,75,11,0,86,69,96,17,0,182,18,0,18,200
08/24/2009,LIH,HI,AWP,WE,Federal Contract Tower,59,27,0,11,97,0,99,8,0,107,59,126,8,11,204,44,3,47,251
08/25/2009,LIH,HI,AWP,WE,Federal Contract Tower,55,23,2,4,84,0,130,12,3,145,55,153,14,7,229,58,5,63,292
08/26/2009,LIH,HI,AWP,WE,Federal Contract Tower,54,26,1,14,95,0,111,18,0,129,54,137,19,14,224,68,25,93,317
08/27/2009,LIH,HI,AWP,WE,Federal Contract Tower,55,30,4,10,99,0,115,10,4,129,55,145,14,14,228,36,12,48,276
08/28/2009,LIH,HI,AWP,WE,Federal Contract Tower,66,27,0,2,95,0,141,15,0,156,66,168,15,2,251,84,6,90,341
08/29/2009,LIH,HI,AWP,WE,Federal Contract Tower,68,23,2,15,108,0,73,14,1,88,68,96,16,16,196,35,24,59,255
08/30/2009,LIH,HI,AWP,WE,Federal Contract Tower,70,18,1,13,102,0,94,11,5,110,70,112,12,18,212,42,18,60,272
08/31/2009,LIH,HI,AWP,WE,Federal Contract Tower,59,30,2,12,103,0,120,13,0,133,59,150,15,12,236,24,20,44,280
09/01/2009,LIH,HI,AWP,WE,Federal Contract Tower,55,22,1,7,85,0,104,14,0,118,55,126,15,7,203,24,13,37,240
09/02/2009,LIH,HI,AWP,WE,Federal Contract Tower,55,28,0,0,83,0,126,11,0,137,55,154,11,0,220,28,0,28,248
09/03/2009,LIH,HI,AWP,WE,Federal Contract Tower,58,21,2,11,92,0,153,6,6,165,58,174,8,17,257,12,7,19,276
09/04/2009,LIH,HI,AWP,WE,Federal Contract Tower,65,34,4,24,127,0,127,10,0,137,65,161,14,24,264,18,2,20,284
09/05/2009,LIH,HI,AWP,WE,Federal Contract Tower,65,21,3,0,89,0,101,4,0,105,65,122,7,0,194,46,0,46,240
09/06/2009,LIH,HI,AWP,WE,Federal Contract Tower,62,24,2,0,88,0,53,8,0,61,62,77,10,0,149,26,0,26,175
09/07/2009,LIH,HI,AWP,WE,Federal Contract Tower,57,19,1,0,77,0,133,14,0,147,57,152,15,0,224,26,0,26,250
09/08/2009,LIH,HI,AWP,WE,Federal Contract Tower,56,24,2,7,89,0,148,21,3,172,56,172,23,10,261,40,8,48,309
09/09/2009,LIH,HI,AWP,WE,Federal Contract Tower,51,24,3,14,92,0,123,23,0,146,51,147,26,14,238,22,1,23,261
09/10/2009,LIH,HI,AWP,WE,Federal Contract Tower,55,23,3,13,94,0,148,7,4,159,55,171,10,17,253,26,25,51,304
09/11/2009,LIH,HI,AWP,WE,Federal Contract Tower,62,25,1,9,97,0,132,14,1,147,62,157,15,10,244,56,44,100,344
09/12/2009,LIH,HI,AWP,WE,Federal Contract Tower,65,21,2,39,127,0,82,12,1,95,65,103,14,40,222,10,18,28,250
09/13/2009,LIH,HI,AWP,WE,Federal Contract Tower,59,26,1,1,87,0,88,10,4,102,59,114,11,5,189,68,4,72,261
09/14/2009,LIH,HI,AWP,WE,Federal Contract Tower,56,33,0,19,108,0,114,4,0,118,56,147,4,19,226,63,3,66,292
09/15/2009,LIH,HI,AWP,WE,Federal Contract Tower,53,27,1,11,92,0,162,17,2,181,53,189,18,13,273,48,0,48,321
09/16/2009,LIH,HI,AWP,WE,Federal Contract Tower,49,23,8,0,80,0,145,12,0,157,49,168,20,0,237,38,0,38,275
09/17/2009,LIH,HI,AWP,WE,Federal Contract Tower,56,24,4,9,93,0,144,17,16,177,56,168,21,25,270,40,18,58,328
09/18/2009,LIH,HI,AWP,WE,Federal Contract Tower,58,23,2,3,86,0,123,11,1,135,58,146,13,4,221,10,12,22,243
09/19/2009,LIH,HI,AWP,WE,Federal Contract Tower,57,20,1,2,80,0,106,3,0,109,57,126,4,2,189,43,0,43,232
09/20/2009,LIH,HI,AWP,WE,Federal Contract Tower,55,23,2,2,82,0,78,3,0,81,55,101,5,2,163,4,0,4,167
09/21/2009,LIH,HI,AWP,WE,Federal Contract Tower,56,24,4,16,100,0,129,6,2,137,56,153,10,18,237,22,1,23,260
09/22/2009,LIH,HI,AWP,WE,Federal Contract Tower,53,26,2,3,84,0,108,15,0,123,53,134,17,3,207,32,2,34,241
09/23/2009,LIH,HI,AWP,WE,Federal Contract Tower,50,34,2,7,93,0,168,16,1,185,50,202,18,8,278,34,12,46,324
09/24/2009,LIH,HI,AWP,WE,Federal Contract Tower,58,33,5,4,100,0,151,24,1,176,58,184,29,5,276,44,1,45,321
09/25/2009,LIH,HI,AWP,WE,Federal Contract Tower,59,37,4,2,102,0,117,6,1,124,59,154,10,3,226,70,0,70,296
09/26/2009,LIH,HI,AWP,WE,Federal Contract Tower,65,29,0,0,94,0,130,9,0,139,65,159,9,0,233,74,0,74,307
09/27/2009,LIH,HI,AWP,WE,Federal Contract Tower,59,22,0,0,81,0,106,5,0,111,59,128,5,0,192,22,0,22,214
09/28/2009,LIH,HI,AWP,WE,Federal Contract Tower,55,25,1,0,81,0,142,8,0,150,55,167,9,0,231,46,0,46,277
09/29/2009,LIH,HI,AWP,WE,Federal Contract Tower,54,24,2,2,82,0,170,11,0,181,54,194,13,2,263,55,0,55,318
09/30/2009,LIH,HI,AWP,WE,Federal Contract Tower,52,24,2,8,86,0,138,17,0,155,52,162,19,8,241,45,0,45,286
10/01/2009,LIH,HI,AWP,WE,Federal Contract Tower,57,22,3,13,95,0,132,8,2,142,57,154,11,15,237,85,7,92,329
10/02/2009,LIH,HI,AWP,WE,Federal Contract Tower,59,24,3,8,94,0,116,32,0,148,59,140,35,8,242,42,16,58,300
10/03/2009,LIH,HI,AWP,WE,Federal Contract Tower,65,19,2,8,94,0,93,6,0,99,65,112,8,8,193,22,6,28,221
10/04/2009,LIH,HI,AWP,WE,Federal Contract Tower,59,21,1,2,83,0,121,2,0,123,59,142,3,2,206,18,0,18,224
10/05/2009,LIH,HI,AWP,WE,Federal Contract Tower,55,21,0,8,84,0,151,7,1,159,55,172,7,9,243,55,27,82,325
10/06/2009,LIH,HI,AWP,WE,Federal Contract Tower,52,24,6,0,82,0,164,18,0,182,52,188,24,0,264,52,0,52,316
10/07/2009,LIH,HI,AWP,WE,Federal Contract Tower,53,27,5,5,90,0,164,18,0,182,53,191,23,5,272,34,12,46,318
10/08/2009,LIH,HI,AWP,WE,Federal Contract Tower,57,25,2,12,96,0,171,9,5,185,57,196,11,17,281,15,43,58,339
10/09/2009,LIH,HI,AWP,WE,Federal Contract Tower,58,24,3,0,85,0,109,10,0,119,58,133,13,0,204,22,0,22,226
10/10/2009,LIH,HI,AWP,WE,Federal Contract Tower,62,30,1,0,93,0,18,0,0,18,62,48,1,0,111,12,0,12,123
10/11/2009,LIH,HI,AWP,WE,Federal Contract Tower,59,20,1,6,86,0,126,6,0,132,59,146,7,6,218,20,0,20,238
10/12/2009,LIH,HI,AWP,WE,Federal Contract Tower,55,25,2,0,82,0,135,12,0,147,55,160,14,0,229,34,0,34,263
10/13/2009,LIH,HI,AWP,WE,Federal Contract Tower,54,30,1,10,95,0,144,16,0,160,54,174,17,10,255,36,4,40,295
10/14/2009,LIH,HI,AWP,WE,Federal Contract Tower,49,29,2,9,89,0,166,29,0,195,49,195,31,9,284,64,7,71,355
10/15/2009,LIH,HI,AWP,WE,Federal Contract Tower,50,28,1,0,79,0,192,8,2,202,50,220,9,2,281,37,0,37,318
10/16/2009,LIH,HI,AWP,WE,Federal Contract Tower,57,33,2,6,98,0,144,5,0,149,57,177,7,6,247,46,0,46,293
10/17/2009,LIH,HI,AWP,WE,Federal Contract Tower,56,32,3,8,99,0,131,13,0,144,56,163,16,8,243,73,2,75,318
10/18/2009,LIH,HI,AWP,WE,Federal Contract Tower,52,25,0,0,77,0,125,8,0,133,52,150,8,0,210,40,0,40,250
10/19/2009,LIH,HI,AWP,WE,Federal Contract Tower,49,26,3,35,113,0,136,9,11,156,49,162,12,46,269,54,12,66,335
10/20/2009,LIH,HI,AWP,WE,Federal Contract Tower,47,22,1,15,85,0,138,11,9,158,47,160,12,24,243,54,8,62,305
10/21/2009,LIH,HI,AWP,WE,Federal Contract Tower,46,30,0,6,82,0,140,16,0,156,46,170,16,6,238,37,9,46,284
10/22/2009,LIH,HI,AWP,WE,Federal Contract Tower,49,24,5,21,99,0,152,6,3,161,49,176,11,24,260,56,15,71,331
10/23/2009,LIH,HI,AWP,WE,Federal Contract Tower,51,31,0,4,86,0,126,1,1,128,51,157,1,5,214,40,2,42,256
10/24/2009,LIH,HI,AWP,WE,Federal Contract Tower,54,30,2,6,92,0,77,3,0,80,54,107,5,6,172,70,8,78,250
10/25/2009,LIH,HI,AWP,WE,Federal Contract Tower,51,21,1,7,80,0,87,11,7,105,51,108,12,14,185,16,20,36,221
10/26/2009,LIH,HI,AWP,WE,Federal Contract Tower,48,24,0,10,82,0,99,17,1,117,48,123,17,11,199,50,0,50,249
10/27/2009,LIH,HI,AWP,WE,Federal Contract Tower,46,25,3,1,75,0,150,27,6,183,46,175,30,7,258,78,16,94,352
10/28/2009,LIH,HI,AWP,WE,Federal Contract Tower,48,29,7,3,87,0,124,31,4,159,48,153,38,7,246,87,0,87,333
10/29/2009,LIH,HI,AWP,WE,Federal Contract Tower,48,29,3,14,94,0,49,4,1,54,48,78,7,15,148,37,1,38,186
10/30/2009,LIH,HI,AWP,WE,Federal Contract Tower,54,34,0,11,99,0,180,11,2,193,54,214,11,13,292,44,11,55,347
10/31/2009,LIH,HI,AWP,WE,Federal Contract Tower,53,25,0,0,78,0,123,8,0,131,53,148,8,0,209,73,0,73,282
11/01/2009,LIH,HI,AWP,WE,Federal Contract Tower,53,19,1,0,73,0,99,11,0,110,53,118,12,0,183,24,0,24,207
11/02/2009,LIH,HI,AWP,WE,Federal Contract Tower,50,27,5,12,94,0,103,11,3,117,50,130,16,15,211,34,9,43,254
11/03/2009,LIH,HI,AWP,WE,Federal Contract Tower,48,26,7,7,88,0,4,2,1,7,48,30,9,8,95,14,6,20,115
11/04/2009,LIH,HI,AWP,WE,Federal Contract Tower,47,27,2,9,85,0,119,13,0,132,47,146,15,9,217,41,2,43,260
11/05/2009,LIH,HI,AWP,WE,Federal Contract Tower,53,28,8,13,102,0,162,27,4,193,53,190,35,17,295,38,10,48,343
11/06/2009,LIH,HI,AWP,WE,Federal Contract Tower,56,32,1,9,98,0,143,11,0,154,56,175,12,9,252,54,28,82,334
11/07/2009,LIH,HI,AWP,WE,Federal Contract Tower,55,29,1,2,87,0,51,7,2,60,55,80,8,4,147,32,0,32,179
11/08/2009,LIH,HI,AWP,WE,Federal Contract Tower,50,23,2,4,79,0,101,4,0,105,50,124,6,4,184,56,10,66,250
11/09/2009,LIH,HI,AWP,WE,Federal Contract Tower,47,24,3,30,104,0,134,7,7,148,47,158,10,37,252,130,19,149,401
11/10/2009,LIH,HI,AWP,WE,Federal Contract Tower,43,22,0,9,74,0,158,21,10,189,43,180,21,19,263,58,6,64,327
11/11/2009,LIH,HI,AWP,WE,Federal Contract Tower,44,25,1,1,71,0,55,9,2,66,44,80,10,3,137,44,0,44,181
11/12/2009,LIH,HI,AWP,WE,Federal Contract Tower,44,24,0,1,69,0,117,7,9,133,44,141,7,10,202,71,0,71,273
11/13/2009,LIH,HI,AWP,WE,Federal Contract Tower,50,28,1,1,80,0,127,9,4,140,50,155,10,5,220,52,0,52,272
11/14/2009,LIH,HI,AWP,WE,Federal Contract Tower,51,25,1,0,77,0,15,0,0,15,51,40,1,0,92,2,0,2,94
11/15/2009,LIH,HI,AWP,WE,Federal Contract Tower,45,29,0,0,74,0,118,3,0,121,45,147,3,0,195,17,0,17,212
11/16/2009,LIH,HI,AWP,WE,Federal Contract Tower,42,29,0,6,77,0,132,5,2,139,42,161,5,8,216,55,0,55,271
11/17/2009,LIH,HI,AWP,WE,Federal Contract Tower,43,26,1,5,75,0,76,3,5,84,43,102,4,10,159,34,2,36,195
11/18/2009,LIH,HI,AWP,WE,Federal Contract Tower,43,25,2,8,78,0,114,13,4,131,43,139,15,12,209,26,2,28,237
11/19/2009,LIH,HI,AWP,WE,Federal Contract Tower,43,21,3,3,70,0,152,30,5,187,43,173,33,8,257,30,14,44,301
11/20/2009,LIH,HI,AWP,WE,Federal Contract Tower,48,28,2,8,86,0,129,17,0,146,48,157,19,8,232,106,8,114,346
11/21/2009,LIH,HI,AWP,WE,Federal Contract Tower,46,25,2,3,76,0,68,22,0,90,46,93,24,3,166,94,32,126,292
11/22/2009,LIH,HI,AWP,WE,Federal Contract Tower,47,33,6,0,86,0,90,10,0,100,47,123,16,0,186,52,0,52,238
11/23/2009,LIH,HI,AWP,WE,Federal Contract Tower,44,32,3,9,88,0,120,14,0,134,44,152,17,9,222,100,0,100,322
11/24/2009,LIH,HI,AWP,WE,Federal Contract Tower,43,26,1,0,70,0,130,18,0,148,43,156,19,0,218,94,0,94,312
11/25/2009,LIH,HI,AWP,WE,Federal Contract Tower,46,25,2,5,78,0,136,15,3,154,46,161,17,8,232,108,10,118,350
11/26/2009,LIH,HI,AWP,WE,Federal Contract Tower,42,23,1,0,66,0,42,0,0,42,42,65,1,0,108,10,0,10,118
11/27/2009,LIH,HI,AWP,WE,Federal Contract Tower,55,29,1,0,85,0,142,28,0,170,55,171,29,0,255,48,0,48,303
11/28/2009,LIH,HI,AWP,WE,Federal Contract Tower,50,28,1,0,79,0,114,8,0,122,50,142,9,0,201,116,0,116,317
11/29/2009,LIH,HI,AWP,WE,Federal Contract Tower,51,28,6,0,85,0,101,2,0,103,51,129,8,0,188,8,0,8,196
11/30/2009,LIH,HI,AWP,WE,Federal Contract Tower,42,28,0,10,80,0,63,6,8,77,42,91,6,18,157,54,16,70,227
12/01/2009,LIH,HI,AWP,WE,Federal Contract Tower,41,24,0,12,77,0,98,19,7,124,41,122,19,19,201,58,25,83,284
12/02/2009,LIH,HI,AWP,WE,Federal Contract Tower,43,24,1,18,86,0,154,9,2,165,43,178,10,20,251,95,14,109,360
12/03/2009,LIH,HI,AWP,WE,Federal Contract Tower,44,25,2,9,80,0,120,15,2,137,44,145,17,11,217,54,2,56,273
12/04/2009,LIH,HI,AWP,WE,Federal Contract Tower,52,31,2,4,89,0,126,7,0,133,52,157,9,4,222,65,0,65,287
12/05/2009,LIH,HI,AWP,WE,Federal Contract Tower,48,22,3,8,81,0,93,10,1,104,48,115,13,9,185,30,18,48,233
12/06/2009,LIH,HI,AWP,WE,Federal Contract Tower,47,22,1,4,74,0,81,10,0,91,47,103,11,4,165,68,0,68,233
12/07/2009,LIH,HI,AWP,WE,Federal Contract Tower,44,27,3,5,79,0,127,13,7,147,44,154,16,12,226,66,36,102,328
12/08/2009,LIH,HI,AWP,WE,Federal Contract Tower,45,25,3,14,87,0,140,35,5,180,45,165,38,19,267,52,12,64,331
12/09/2009,LIH,HI,AWP,WE,Federal Contract Tower,44,24,2,22,92,0,95,27,7,129,44,119,29,29,221,58,22,80,301
12/10/2009,LIH,HI,AWP,WE,Federal Contract Tower,43,25,4,11,83,0,113,18,1,132,43,138,22,12,215,56,16,72,287
12/11/2009,LIH,HI,AWP,WE,Federal Contract Tower,51,30,6,12,99,0,95,27,3,125,51,125,33,15,224,76,24,100,324
12/12/2009,LIH,HI,AWP,WE,Federal Contract Tower,49,22,3,6,80,0,80,11,0,91,49,102,14,6,171,160,6,166,337
12/13/2009,LIH,HI,AWP,WE,Federal Contract Tower,46,21,0,0,67,0,70,7,0,77,46,91,7,0,144,44,0,44,188
12/14/2009,LIH,HI,AWP,WE,Federal Contract Tower,42,35,0,10,87,0,119,19,5,143,42,154,19,15,230,94,43,137,367
12/15/2009,LIH,HI,AWP,WE,Federal Contract Tower,41,36,0,12,89,0,108,24,1,133,41,144,24,13,222,94,12,106,328
12/16/2009,LIH,HI,AWP,WE,Federal Contract Tower,43,36,0,3,82,0,75,27,5,107,43,111,27,8,189,72,49,121,310
12/17/2009,LIH,HI,AWP,WE,Federal Contract Tower,46,26,3,5,80,0,102,23,2,127,46,128,26,7,207,84,0,84,291
12/18/2009,LIH,HI,AWP,WE,Federal Contract Tower,53,36,1,4,94,0,105,20,4,129,53,141,21,8,223,124,0,124,347
12/19/2009,LIH,HI,AWP,WE,Federal Contract Tower,53,24,1,8,86,0,61,13,4,78,53,85,14,12,164,14,2,16,180
12/20/2009,LIH,HI,AWP,WE,Federal Contract Tower,52,24,5,0,81,0,66,4,0,70,52,90,9,0,151,18,0,18,169
12/21/2009,LIH,HI,AWP,WE,Federal Contract Tower,51,38,2,11,102,0,143,21,9,173,51,181,23,20,275,80,50,130,405
12/22/2009,LIH,HI,AWP,WE,Federal Contract Tower,49,31,3,6,89,0,128,26,5,159,49,159,29,11,248,100,44,144,392
12/23/2009,LIH,HI,AWP,WE,Federal Contract Tower,52,28,5,14,99,0,157,13,0,170,52,185,18,14,269,59,38,97,366
12/24/2009,LIH,HI,AWP,WE,Federal Contract Tower,50,25,2,1,78,0,73,3,1,77,50,98,5,2,155,33,2,35,190
12/25/2009,LIH,HI,AWP,WE,Federal Contract Tower,47,19,2,0,68,0,54,0,0,54,47,73,2,0,122,14,0,14,136
12/26/2009,LIH,HI,AWP,WE,Federal Contract Tower,51,29,7,2,89,0,154,5,0,159,51,183,12,2,248,80,2,82,330
12/27/2009,LIH,HI,AWP,WE,Federal Contract Tower,51,24,3,0,78,0,188,6,0,194,51,212,9,0,272,26,0,26,298
12/28/2009,LIH,HI,AWP,WE,Federal Contract Tower,48,32,1,2,83,0,209,10,4,223,48,241,11,6,306,58,24,82,388
12/29/2009,LIH,HI,AWP,WE,Federal Contract Tower,48,30,2,9,89,0,111,11,2,124,48,141,13,11,213,82,10,92,305
12/30/2009,LIH,HI,AWP,WE,Federal Contract Tower,51,22,5,0,78,0,186,25,0,211,51,208,30,0,289,56,0,56,345
12/31/2009,LIH,HI,AWP,WE,Federal Contract Tower,50,25,6,2,83,0,175,12,0,187,50,200,18,2,270,20,12,32,302
01/01/2010,LIH,HI,AWP,WE,Federal Contract Tower,50,22,3,0,75,0,159,19,0,178,50,181,22,0,253,50,0,50,303
01/02/2010,LIH,HI,AWP,WE,Federal Contract Tower,51,31,10,2,94,0,164,5,0,169,51,195,15,2,263,30,40,70,333
01/03/2010,LIH,HI,AWP,WE,Federal Contract Tower,49,22,6,2,79,0,112,7,0,119,49,134,13,2,198,4,10,14,212
01/04/2010,LIH,HI,AWP,WE,Federal Contract Tower,49,27,4,11,91,0,81,9,1,91,49,108,13,12,182,48,6,54,236
01/05/2010,LIH,HI,AWP,WE,Federal Contract Tower,41,27,3,12,83,0,4,3,0,7,41,31,6,12,90,32,10,42,132
01/06/2010,LIH,HI,AWP,WE,Federal Contract Tower,45,24,1,12,82,0,138,25,16,179,45,162,26,28,261,150,49,199,460
01/07/2010,LIH,HI,AWP,WE,Federal Contract Tower,48,24,0,14,86,0,192,27,4,223,48,216,27,18,309,145,38,183,492
01/08/2010,LIH,HI,AWP,WE,Federal Contract Tower,47,27,1,10,85,0,161,25,2,188,47,188,26,12,273,92,36,128,401
01/09/2010,LIH,HI,AWP,WE,Federal Contract Tower,49,28,6,2,85,0,94,9,0,103,49,122,15,2,188,16,0,16,204
01/10/2010,LIH,HI,AWP,WE,Federal Contract Tower,41,22,2,3,68,0,66,3,0,69,41,88,5,3,137,18,0,18,155
01/11/2010,LIH,HI,AWP,WE,Federal Contract Tower,44,29,3,8,84,0,132,26,4,162,44,161,29,12,246,52,68,120,366
01/12/2010,LIH,HI,AWP,WE,Federal Contract Tower,44,24,2,10,80,0,110,30,1,141,44,134,32,11,221,74,14,88,309
01/13/2010,LIH,HI,AWP,WE,Federal Contract Tower,39,27,2,13,81,0,82,25,0,107,39,109,27,13,188,148,8,156,344
01/14/2010,LIH,HI,AWP,WE,Federal Contract Tower,44,26,11,5,86,0,111,15,3,129,44,137,26,8,215,129,24,153,368
01/15/2010,LIH,HI,AWP,WE,Federal Contract Tower,47,23,2,6,78,0,129,10,2,141,47,152,12,8,219,98,22,120,339
01/16/2010,LIH,HI,AWP,WE,Federal Contract Tower,50,23,3,6,82,0,87,32,0,119,50,110,35,6,201,36,10,46,247
01/17/2010,LIH,HI,AWP,WE,Federal Contract Tower,44,25,2,0,71,0,78,16,1,95,44,103,18,1,166,63,2,65,231
01/18/2010,LIH,HI,AWP,WE,Federal Contract Tower,42,24,1,0,67,0,124,21,0,145,42,148,22,0,212,93,0,93,305
01/19/2010,LIH,HI,AWP,WE,Federal Contract Tower,44,25,6,11,86,0,148,26,1,175,44,173,32,12,261,146,6,152,413
01/20/2010,LIH,HI,AWP,WE,Federal Contract Tower,45,30,9,12,96,0,58,19,0,77,45,88,28,12,173,55,22,77,250
01/21/2010,LIH,HI,AWP,WE,Federal Contract Tower,40,17,2,9,68,0,129,12,4,145,40,146,14,13,213,97,2,99,312
01/22/2010,LIH,HI,AWP,WE,Federal Contract Tower,54,27,3,9,93,0,159,16,2,177,54,186,19,11,270,34,24,58,328
01/23/2010,LIH,HI,AWP,WE,Federal Contract Tower,60,24,6,10,100,0,92,2,2,96,60,116,8,12,196,30,30,60,256
01/24/2010,LIH,HI,AWP,WE,Federal Contract Tower,44,23,2,4,73,0,83,4,0,87,44,106,6,4,160,70,0,70,230
01/25/2010,LIH,HI,AWP,WE,Federal Contract Tower,42,28,5,5,80,0,135,5,2,142,42,163,10,7,222,68,0,68,290
01/26/2010,LIH,HI,AWP,WE,Federal Contract Tower,49,28,0,5,82,0,26,1,0,27,49,54,1,5,109,78,7,85,194
01/27/2010,LIH,HI,AWP,WE,Federal Contract Tower,45,27,4,3,79,0,156,36,1,193,45,183,40,4,272,98,10,108,380
01/28/2010,LIH,HI,AWP,WE,Federal Contract Tower,47,23,2,3,75,0,188,19,5,212,47,211,21,8,287,78,7,85,372
01/29/2010,LIH,HI,AWP,WE,Federal Contract Tower,46,32,2,0,80,0,67,5,0,72,46,99,7,0,152,48,0,48,200
01/30/2010,LIH,HI,AWP,WE,Federal Contract Tower,51,27,10,8,96,0,7,5,0,12,51,34,15,8,108,32,0,32,140
01/31/2010,LIH,HI,AWP,WE,Federal Contract Tower,45,20,7,0,72,0,115,11,0,126,45,135,18,0,198,139,0,139,337
02/01/2010,LIH,HI,AWP,WE,Federal Contract Tower,43,21,6,11,81,0,155,15,6,176,43,176,21,17,257,92,41,133,390
02/02/2010,LIH,HI,AWP,WE,Federal Contract Tower,45,32,0,20,97,0,88,15,1,104,45,120,15,21,201,194,56,250,451
02/03/2010,LIH,HI,AWP,WE,Federal Contract Tower,43,26,4,4,77,0,98,15,3,116,43,124,19,7,193,52,32,84,277
02/04/2010,LIH,HI,AWP,WE,Federal Contract Tower,47,24,13,17,101,0,154,31,6,191,47,178,44,23,292,178,24,202,494
02/05/2010,LIH,HI,AWP,WE,Federal Contract Tower,48,24,4,4,80,0,139,21,0,160,48,163,25,4,240,98,4,102,342
02/06/2010,LIH,HI,AWP,WE,Federal Contract Tower,48,20,3,0,71,0,121,15,0,136,48,141,18,0,207,166,0,166,373
02/07/2010,LIH,HI,AWP,WE,Federal Contract Tower,44,19,1,1,65,0,80,19,0,99,44,99,20,1,164,114,0,114,278
02/08/2010,LIH,HI,AWP,WE,Federal Contract Tower,41,29,2,4,76,0,126,17,0,143,41,155,19,4,219,147,8,155,374
02/09/2010,LIH,HI,AWP,WE,Federal Contract Tower,47,19,3,10,79,0,143,20,1,164,47,162,23,11,243,116,2,118,361
02/10/2010,LIH,HI,AWP,WE,Federal Contract Tower,43,23,7,16,89,0,80,17,3,100,43,103,24,19,189,100,14,114,303
02/11/2010,LIH,HI,AWP,WE,Federal Contract Tower,51,21,2,24,98,0,170,23,6,199,51,191,25,30,297,54,16,70,367
02/12/2010,LIH,HI,AWP,WE,Federal Contract Tower,52,22,2,4,80,0,154,22,0,176,52,176,24,4,256,86,2,88,344
02/13/2010,LIH,HI,AWP,WE,Federal Contract Tower,54,25,2,2,83,0,121,15,0,136,54,146,17,2,219,22,10,32,251
02/14/2010,LIH,HI,AWP,WE,Federal Contract Tower,42,21,3,0,66,0,116,12,0,128,42,137,15,0,194,97,0,97,291
02/15/2010,LIH,HI,AWP,WE,Federal Contract Tower,51,22,0,0,73,0,128,21,1,150,51,150,21,1,223,166,0,166,389
02/16/2010,LIH,HI,AWP,WE,Federal Contract Tower,48,22,1,10,81,0,120,22,10,152,48,142,23,20,233,68,14,82,315
02/17/2010,LIH,HI,AWP,WE,Federal Contract Tower,64,12,1,20,97,0,109,16,4,129,64,121,17,24,226,43,32,75,301
02/18/2010,LIH,HI,AWP,WE,Federal Contract Tower,63,6,4,20,93,0,153,21,4,178,63,159,25,24,271,100,49,149,420
02/19/2010,LIH,HI,AWP,WE,Federal Contract Tower,65,8,4,2,79,0,137,20,0,157,65,145,24,2,236,70,0,70,306
02/20/2010,LIH,HI,AWP,WE,Federal Contract Tower,70,7,3,6,86,0,141,16,0,157,70,148,19,6,243,56,4,60,303
02/21/2010,LIH,HI,AWP,WE,Federal Contract Tower,62,5,2,2,71,0,105,11,0,116,62,110,13,2,187,40,2,42,229
02/22/2010,LIH,HI,AWP,WE,Federal Contract Tower,63,9,7,6,85,0,104,13,2,119,63,113,20,8,204,62,4,66,270
02/23/2010,LIH,HI,AWP,WE,Federal Contract Tower,60,13,3,9,85,0,138,27,3,168,60,151,30,12,253,84,9,93,346
02/24/2010,LIH,HI,AWP,WE,Federal Contract Tower,57,11,4,3,75,0,139,30,1,170,57,150,34,4,245,149,21,170,415
02/25/2010,LIH,HI,AWP,WE,Federal Contract Tower,64,9,8,10,91,0,161,26,3,190,64,170,34,13,281,199,0,199,480
02/26/2010,LIH,HI,AWP,WE,Federal Contract Tower,65,10,5,0,80,0,133,14,0,147,65,143,19,0,227,82,2,84,311
02/27/2010,LIH,HI,AWP,WE,Federal Contract Tower,69,13,3,6,91,0,19,23,4,46,69,32,26,10,137,4,0,4,141
02/28/2010,LIH,HI,AWP,WE,Federal Contract Tower,62,3,1,1,67,0,79,0,0,79,62,82,1,1,146,16,0,16,162
03/01/2010,LIH,HI,AWP,WE,Federal Contract Tower,66,17,0,19,102,0,94,14,1,109,66,111,14,20,211,31,22,53,264
03/02/2010,LIH,HI,AWP,WE,Federal Contract Tower,59,6,0,7,72,0,110,22,1,133,59,116,22,8,205,18,22,40,245
03/03/2010,LIH,HI,AWP,WE,Federal Contract Tower,60,16,2,14,92,0,92,19,0,111,60,108,21,14,203,14,10,24,227
03/04/2010,LIH,HI,AWP,WE,Federal Contract Tower,61,14,2,3,80,0,107,14,0,121,61,121,16,3,201,22,0,22,223
03/05/2010,LIH,HI,AWP,WE,Federal Contract Tower,72,8,0,84,164,0,109,11,0,120,72,117,11,84,284,46,8,54,338
03/06/2010,LIH,HI,AWP,WE,Federal Contract Tower,70,6,1,0,77,0,83,7,0,90,70,89,8,0,167,12,0,12,179
03/07/2010,LIH,HI,AWP,WE,Federal Contract Tower,67,3,1,2,73,0,74,15,0,89,67,77,16,2,162,66,2,68,230
03/08/2010,LIH,HI,AWP,WE,Federal Contract Tower,69,6,3,15,93,0,105,11,1,117,69,111,14,16,210,35,2,37,247
03/09/2010,LIH,HI,AWP,WE,Federal Contract Tower,59,8,2,1,70,0,53,5,1,59,59,61,7,2,129,19,7,26,155
03/10/2010,LIH,HI,AWP,WE,Federal Contract Tower,59,7,2,9,77,0,120,10,2,132,59,127,12,11,209,16,12,28,237
03/11/2010,LIH,HI,AWP,WE,Federal Contract Tower,63,8,0,27,98,0,157,17,2,176,63,165,17,29,274,62,25,87,361
03/12/2010,LIH,HI,AWP,WE,Federal Contract Tower,75,12,3,2,92,0,123,20,0,143,75,135,23,2,235,44,0,44,279
03/13/2010,LIH,HI,AWP,WE,Federal Contract Tower,74,8,3,6,91,0,114,15,0,129,74,122,18,6,220,52,0,52,272
03/14/2010,LIH,HI,AWP,WE,Federal Contract Tower,67,3,2,2,74,0,77,11,1,89,67,80,13,3,163,45,0,45,208
03/15/2010,LIH,HI,AWP,WE,Federal Contract Tower,67,12,2,15,96,0,8,5,0,13,67,20,7,15,109,16,0,16,125
03/16/2010,LIH,HI,AWP,WE,Federal Contract Tower,57,7,0,6,70,0,160,21,5,186,57,167,21,11,256,66,6,72,328
03/17/2010,LIH,HI,AWP,WE,Federal Contract Tower,59,12,3,13,87,0,136,25,0,161,59,148,28,13,248,77,0,77,325
03/18/2010,LIH,HI,AWP,WE,Federal Contract Tower,62,14,1,15,92,0,210,18,2,230,62,224,19,17,322,98,14,112,434
03/19/2010,LIH,HI,AWP,WE,Federal Contract Tower,74,6,2,2,84,0,170,14,2,186,74,176,16,4,270,44,0,44,314
03/20/2010,LIH,HI,AWP,WE,Federal Contract Tower,75,5,12,0,92,0,117,10,0,127,75,122,22,0,219,100,0,100,319
03/21/2010,LIH,HI,AWP,WE,Federal Contract Tower,74,4,3,0,81,0,100,18,0,118,74,104,21,0,199,70,0,70,269
03/22/2010,LIH,HI,AWP,WE,Federal Contract Tower,65,12,4,13,94,0,181,19,4,204,65,193,23,17,298,94,0,94,392
03/23/2010,LIH,HI,AWP,WE,Federal Contract Tower,58,11,1,4,74,0,176,27,3,206,58,187,28,7,280,93,2,95,375
03/24/2010,LIH,HI,AWP,WE,Federal Contract Tower,60,11,4,13,88,0,140,14,0,154,60,151,18,13,242,74,22,96,338
03/25/2010,LIH,HI,AWP,WE,Federal Contract Tower,60,9,5,4,78,0,164,16,5,185,60,173,21,9,263,89,0,89,352
03/26/2010,LIH,HI,AWP,WE,Federal Contract Tower,75,13,8,1,97,0,127,18,1,146,75,140,26,2,243,96,2,98,341
03/27/2010,LIH,HI,AWP,WE,Federal Contract Tower,77,2,4,0,83,0,125,11,0,136,77,127,15,0,219,50,0,50,269
03/28/2010,LIH,HI,AWP,WE,Federal Contract Tower,74,19,6,0,99,0,102,19,0,121,74,121,25,0,220,68,0,68,288
03/29/2010,LIH,HI,AWP,WE,Federal Contract Tower,70,8,6,11,95,0,120,6,1,127,70,128,12,12,222,52,0,52,274
03/30/2010,LIH,HI,AWP,WE,Federal Contract Tower,59,6,2,0,67,0,142,10,12,164,59,148,12,12,231,82,0,82,313
03/31/2010,LIH,HI,AWP,WE,Federal Contract Tower,57,8,15,9,89,0,135,24,0,159,57,143,39,9,248,96,5,101,349
04/01/2010,LIH,HI,AWP,WE,Federal Contract Tower,63,7,11,18,99,0,167,25,0,192,63,174,36,18,291,88,7,95,386
04/02/2010,LIH,HI,AWP,WE,Federal Contract Tower,72,9,3,0,84,0,130,17,0,147,72,139,20,0,231,52,0,52,283
04/03/2010,LIH,HI,AWP,WE,Federal Contract Tower,75,4,1,4,84,0,113,13,0,126,75,117,14,4,210,38,0,38,248
04/04/2010,LIH,HI,AWP,WE,Federal Contract Tower,72,12,1,2,87,0,56,3,8,67,72,68,4,10,154,78,8,86,240
04/05/2010,LIH,HI,AWP,WE,Federal Contract Tower,70,8,0,3,81,0,114,18,2,134,70,122,18,5,215,152,10,162,377
04/06/2010,LIH,HI,AWP,WE,Federal Contract Tower,59,6,1,0,66,0,118,18,0,136,59,124,19,0,202,164,0,164,366
04/07/2010,LIH,HI,AWP,WE,Federal Contract Tower,60,14,6,0,80,0,116,15,0,131,60,130,21,0,211,104,2,106,317
04/08/2010,LIH,HI,AWP,WE,Federal Contract Tower,54,11,6,7,78,0,156,19,0,175,54,167,25,7,253,88,8,96,349
04/09/2010,LIH,HI,AWP,WE,Federal Contract Tower,74,6,6,10,96,0,121,24,0,145,74,127,30,10,241,38,2,40,281
04/10/2010,LIH,HI,AWP,WE,Federal Contract Tower,77,11,9,3,100,0,119,15,1,135,77,130,24,4,235,18,0,18,253
04/11/2010,LIH,HI,AWP,WE,Federal Contract Tower,68,0,4,2,74,0,112,9,0,121,68,112,13,2,195,44,0,44,239
04/12/2010,LIH,HI,AWP,WE,Federal Contract Tower,67,6,2,5,80,0,118,18,5,141,67,124,20,10,221,90,1,91,312
04/13/2010,LIH,HI,AWP,WE,Federal Contract Tower,53,10,1,10,74,0,132,16,0,148,53,142,17,10,222,66,4,70,292
04/14/2010,LIH,HI,AWP,WE,Federal Contract Tower,57,11,2,13,83,0,133,38,1,172,57,144,40,14,255,81,7,88,343
04/15/2010,LIH,HI,AWP,WE,Federal Contract Tower,57,9,3,11,80,0,157,18,0,175,57,166,21,11,255,61,2,63,318
04/16/2010,LIH,HI,AWP,WE,Federal Contract Tower,78,10,5,12,105,0,106,23,0,129,78,116,28,12,234,32,0,32,266
04/17/2010,LIH,HI,AWP,WE,Federal Contract Tower,78,3,4,2,87,0,104,15,0,119,78,107,19,2,206,62,0,62,268
04/18/2010,LIH,HI,AWP,WE,Federal Contract Tower,70,5,2,2,79,0,91,7,0,98,70,96,9,2,177,52,0,52,229
04/19/2010,LIH,HI,AWP,WE,Federal Contract Tower,68,6,3,6,83,0,185,15,5,205,68,191,18,11,288,82,4,86,374
04/20/2010,LIH,HI,AWP,WE,Federal Contract Tower,59,9,5,11,84,0,64,13,3,80,59,73,18,14,164,30,13,43,207
04/21/2010,LIH,HI,AWP,WE,Federal Contract Tower,58,8,7,0,73,0,3,3,0,6,58,11,10,0,79,6,0,6,85
04/22/2010,LIH,HI,AWP,WE,Federal Contract Tower,58,10,5,11,84,0,176,20,1,197,58,186,25,12,281,92,4,96,377
04/23/2010,LIH,HI,AWP,WE,Federal Contract Tower,75,11,5,0,91,0,150,15,0,165,75,161,20,0,256,58,0,58,314
04/24/2010,LIH,HI,AWP,WE,Federal Contract Tower,79,5,2,4,90,0,106,17,0,123,79,111,19,4,213,36,0,36,249
04/25/2010,LIH,HI,AWP,WE,Federal Contract Tower,71,1,0,0,72,0,128,17,0,145,71,129,17,0,217,80,0,80,297
04/26/2010,LIH,HI,AWP,WE,Federal Contract Tower,67,10,3,3,83,0,130,32,0,162,67,140,35,3,245,114,4,118,363
04/27/2010,LIH,HI,AWP,WE,Federal Contract Tower,57,7,1,0,65,0,129,34,0,163,57,136,35,0,228,48,0,48,276
04/28/2010,LIH,HI,AWP,WE,Federal Contract Tower,62,10,3,0,75,0,109,32,5,146,62,119,35,5,221,111,0,111,332
04/29/2010,LIH,HI,AWP,WE,Federal Contract Tower,60,10,4,16,90,0,138,15,2,155,60,148,19,18,245,46,15,61,306
04/30/2010,LIH,HI,AWP,WE,Federal Contract Tower,73,15,3,13,104,0,134,14,9,157,73,149,17,22,261,27,17,44,305
05/01/2010,LIH,HI,AWP,WE,Federal Contract Tower,74,4,1,5,84,0,99,6,1,106,74,103,7,6,190,61,0,61,251
05/02/2010,LIH,HI,AWP,WE,Federal Contract Tower,68,1,1,2,72,0,15,3,0,18,68,16,4,2,90,347,0,347,437
05/03/2010,LIH,HI,AWP,WE,Federal Contract Tower,67,12,3,0,82,0,11,2,0,13,67,23,5,0,95,152,0,152,247
05/04/2010,LIH,HI,AWP,WE,Federal Contract Tower,64,8,1,1,74,0,162,47,0,209,64,170,48,1,283,255,0,255,538
05/05/2010,LIH,HI,AWP,WE,Federal Contract Tower,63,9,4,3,79,0,137,27,0,164,63,146,31,3,243,245,17,262,505
05/06/2010,LIH,HI,AWP,WE,Federal Contract Tower,67,10,2,4,83,0,157,37,0,194,67,167,39,4,277,106,4,110,387
05/07/2010,LIH,HI,AWP,WE,Federal Contract Tower,72,8,3,1,84,0,132,3,3,138,72,140,6,4,222,40,12,52,274
05/08/2010,LIH,HI,AWP,WE,Federal Contract Tower,73,3,3,0,79,0,82,10,0,92,73,85,13,0,171,20,0,20,191
05/09/2010,LIH,HI,AWP,WE,Federal Contract Tower,66,2,0,0,68,0,94,2,0,96,66,96,2,0,164,54,0,54,218
05/10/2010,LIH,HI,AWP,WE,Federal Contract Tower,68,13,1,7,89,0,104,10,2,116,68,117,11,9,205,76,1,77,282
05/11/2010,LIH,HI,AWP,WE,Federal Contract Tower,64,8,3,0,75,0,132,13,0,145,64,140,16,0,220,116,0,116,336
05/12/2010,LIH,HI,AWP,WE,Federal Contract Tower,61,14,5,9,89,0,114,31,0,145,61,128,36,9,234,112,15,127,361
05/13/2010,LIH,HI,AWP,WE,Federal Contract Tower,66,10,4,2,82,0,161,20,4,185,66,171,24,6,267,71,4,75,342
05/14/2010,LIH,HI,AWP,WE,Federal Contract Tower,72,11,1,0,84,0,136,16,0,152,72,147,17,0,236,56,0,56,292
05/15/2010,LIH,HI,AWP,WE,Federal Contract Tower,77,3,1,0,81,0,96,8,0,104,77,99,9,0,185,18,0,18,203
05/16/2010,LIH,HI,AWP,WE,Federal Contract Tower,73,4,3,0,80,0,102,10,0,112,73,106,13,0,192,50,0,50,242
05/17/2010,LIH,HI,AWP,WE,Federal Contract Tower,70,7,4,4,85,0,125,22,0,147,70,132,26,4,232,111,16,127,359
05/18/2010,LIH,HI,AWP,WE,Federal Contract Tower,65,14,0,8,87,0,114,26,1,141,65,128,26,9,228,146,0,146,374
05/19/2010,LIH,HI,AWP,WE,Federal Contract Tower,61,8,1,3,73,0,122,31,2,155,61,130,32,5,228,100,7,107,335
05/20/2010,LIH,HI,AWP,WE,Federal Contract Tower,69,7,6,6,88,0,149,24,1,174,69,156,30,7,262,138,0,138,400
05/21/2010,LIH,HI,AWP,WE,Federal Contract Tower,67,11,9,10,97,0,115,8,2,125,67,126,17,12,222,38,15,53,275
05/22/2010,LIH,HI,AWP,WE,Federal Contract Tower,82,2,0,0,84,0,132,17,0,149,82,134,17,0,233,35,0,35,268
05/23/2010,LIH,HI,AWP,WE,Federal Contract Tower,72,0,1,0,73,0,95,18,0,113,72,95,19,0,186,68,0,68,254
05/24/2010,LIH,HI,AWP,WE,Federal Contract Tower,68,8,4,15,95,0,148,20,1,169,68,156,24,16,264,151,12,163,427
05/25/2010,LIH,HI,AWP,WE,Federal Contract Tower,62,10,4,3,79,0,138,21,0,159,62,148,25,3,238,144,2,146,384
05/26/2010,LIH,HI,AWP,WE,Federal Contract Tower,62,8,4,9,83,0,138,35,1,174,62,146,39,10,257,163,15,178,435
05/27/2010,LIH,HI,AWP,WE,Federal Contract Tower,69,10,3,8,90,0,171,37,0,208,69,181,40,8,298,130,8,138,436
05/28/2010,LIH,HI,AWP,WE,Federal Contract Tower,80,7,1,9,97,0,164,18,0,182,80,171,19,9,279,73,6,79,358
05/29/2010,LIH,HI,AWP,WE,Federal Contract Tower,79,7,1,0,87,106,23,0,0,129,185,30,1,0,216,31,0,31,247
05/30/2010,LIH,HI,AWP,WE,Federal Contract Tower,63,2,1,0,66,0,123,19,0,142,63,125,20,0,208,36,0,36,244
05/31/2010,LIH,HI,AWP,WE,Federal Contract Tower,72,3,0,0,75,0,116,28,0,144,72,119,28,0,219,94,0,94,313
06/01/2010,LIH,HI,AWP,WE,Federal Contract Tower,68,8,4,5,85,0,134,16,2,152,68,142,20,7,237,166,10,176,413
06/02/2010,LIH,HI,AWP,WE,Federal Contract Tower,65,16,1,15,97,0,131,33,0,164,65,147,34,15,261,166,6,172,433
06/03/2010,LIH,HI,AWP,WE,Federal Contract Tower,63,8,5,8,84,0,168,37,0,205,63,176,42,8,289,136,2,138,427
06/04/2010,LIH,HI,AWP,WE,Federal Contract Tower,75,9,11,7,102,0,143,22,0,165,75,152,33,7,267,119,9,128,395
06/05/2010,LIH,HI,AWP,WE,Federal Contract Tower,77,4,0,2,83,0,104,18,0,122,77,108,18,2,205,17,2,19,224
06/06/2010,LIH,HI,AWP,WE,Federal Contract Tower,73,0,1,2,76,0,123,9,0,132,73,123,10,2,208,119,0,119,327
06/07/2010,LIH,HI,AWP,WE,Federal Contract Tower,73,6,0,9,88,0,150,20,7,177,73,156,20,16,265,142,3,145,410
06/08/2010,LIH,HI,AWP,WE,Federal Contract Tower,67,10,0,6,83,0,134,20,0,154,67,144,20,6,237,180,2,182,419
06/09/2010,LIH,HI,AWP,WE,Federal Contract Tower,69,8,1,4,82,0,137,29,0,166,69,145,30,4,248,202,12,214,462
06/10/2010,LIH,HI,AWP,WE,Federal Contract Tower,77,11,1,6,95,0,169,29,2,200,77,180,30,8,295,123,15,138,433
06/11/2010,LIH,HI,AWP,WE,Federal Contract Tower,88,8,2,2,100,0,160,22,0,182,88,168,24,2,282,74,0,74,356
06/12/2010,LIH,HI,AWP,WE,Federal Contract Tower,80,1,6,0,87,0,108,5,0,113,80,109,11,0,200,30,0,30,230
06/13/2010,LIH,HI,AWP,WE,Federal Contract Tower,86,3,4,0,93,0,127,16,0,143,86,130,20,0,236,129,0,129,365
06/14/2010,LIH,HI,AWP,WE,Federal Contract Tower,75,9,0,5,89,0,166,34,0,200,75,175,34,5,289,176,2,178,467
06/15/2010,LIH,HI,AWP,WE,Federal Contract Tower,70,10,0,1,81,0,168,36,8,212,70,178,36,9,293,134,0,134,427
06/16/2010,LIH,HI,AWP,WE,Federal Contract Tower,69,10,3,1,83,0,159,30,10,199,69,169,33,11,282,120,0,120,402
06/17/2010,LIH,HI,AWP,WE,Federal Contract Tower,81,7,8,3,99,0,187,33,10,230,81,194,41,13,329,113,0,113,442
06/18/2010,LIH,HI,AWP,WE,Federal Contract Tower,94,7,5,13,119,0,136,20,0,156,94,143,25,13,275,104,6,110,385
06/19/2010,LIH,HI,AWP,WE,Federal Contract Tower,85,5,5,0,95,0,137,2,0,139,85,142,7,0,234,31,0,31,265
06/20/2010,LIH,HI,AWP,WE,Federal Contract Tower,87,1,1,0,89,0,146,5,2,153,87,147,6,2,242,77,0,77,319
06/21/2010,LIH,HI,AWP,WE,Federal Contract Tower,78,12,2,13,105,0,134,35,3,172,78,146,37,16,277,110,5,115,392
06/22/2010,LIH,HI,AWP,WE,Federal Contract Tower,73,7,2,4,86,0,170,19,0,189,73,177,21,4,275,72,0,72,347
06/23/2010,LIH,HI,AWP,WE,Federal Contract Tower,75,9,1,12,97,0,118,13,1,132,75,127,14,13,229,137,15,152,381
06/24/2010,LIH,HI,AWP,WE,Federal Contract Tower,77,7,3,8,95,0,173,11,1,185,77,180,14,9,280,39,22,61,341
06/25/2010,LIH,HI,AWP,WE,Federal Contract Tower,84,5,0,1,90,0,135,11,0,146,84,140,11,1,236,58,0,58,294
06/26/2010,LIH,HI,AWP,WE,Federal Contract Tower,90,2,2,5,99,0,117,0,0,117,90,119,2,5,216,46,32,78,294
06/27/2010,LIH,HI,AWP,WE,Federal Contract Tower,85,1,0,0,86,0,112,8,0,120,85,113,8,0,206,83,0,83,289
06/28/2010,LIH,HI,AWP,WE,Federal Contract Tower,79,6,2,10,97,0,133,28,11,172,79,139,30,21,269,107,14,121,390
06/29/2010,LIH,HI,AWP,WE,Federal Contract Tower,76,10,1,10,97,0,122,15,5,142,76,132,16,15,239,53,1,54,293
06/30/2010,LIH,HI,AWP,WE,Federal Contract Tower,75,7,4,0,86,0,157,23,0,180,75,164,27,0,266,164,0,164,430
07/01/2010,LIH,HI,AWP,WE,Federal Contract Tower,81,9,7,14,111,0,146,9,7,162,81,155,16,21,273,63,3,66,339
07/02/2010,LIH,HI,AWP,WE,Federal Contract Tower,87,11,5,2,105,0,164,7,0,171,87,175,12,2,276,59,0,59,335
07/03/2010,LIH,HI,AWP,WE,Federal Contract Tower,86,9,0,0,95,0,102,19,0,121,86,111,19,0,216,28,0,28,244
07/04/2010,LIH,HI,AWP,WE,Federal Contract Tower,84,2,3,0,89,0,145,3,0,148,84,147,6,0,237,18,0,18,255
07/05/2010,LIH,HI,AWP,WE,Federal Contract Tower,75,2,0,0,77,0,155,30,0,185,75,157,30,0,262,135,0,135,397
07/06/2010,LIH,HI,AWP,WE,Federal Contract Tower,78,6,2,12,98,0,108,31,8,147,78,114,33,20,245,32,0,32,277
07/07/2010,LIH,HI,AWP,WE,Federal Contract Tower,78,9,2,7,96,0,181,33,2,216,78,190,35,9,312,126,2,128,440
07/08/2010,LIH,HI,AWP,WE,Federal Contract Tower,79,9,1,6,95,0,168,14,0,182,79,177,15,6,277,93,15,108,385
07/09/2010,LIH,HI,AWP,WE,Federal Contract Tower,87,9,4,4,104,0,212,11,0,223,87,221,15,4,327,95,0,95,422
07/10/2010,LIH,HI,AWP,WE,Federal Contract Tower,89,4,3,4,100,0,138,4,0,142,89,142,7,4,242,12,8,20,262
07/11/2010,LIH,HI,AWP,WE,Federal Contract Tower,88,7,1,2,98,0,98,6,1,105,88,105,7,3,203,53,2,55,258
07/12/2010,LIH,HI,AWP,WE,Federal Contract Tower,80,10,3,9,102,0,177,20,1,198,80,187,23,10,300,73,23,96,396
07/13/2010,LIH,HI,AWP,WE,Federal Contract Tower,76,9,2,9,96,0,174,28,2,204,76,183,30,11,300,72,9,81,381
07/14/2010,LIH,HI,AWP,WE,Federal Contract Tower,70,12,3,2,87,0,162,28,0,190,70,174,31,2,277,98,15,113,390
07/15/2010,LIH,HI,AWP,WE,Federal Contract Tower,79,11,2,6,98,0,167,34,1,202,79,178,36,7,300,117,24,141,441
07/16/2010,LIH,HI,AWP,WE,Federal Contract Tower,86,7,1,0,94,0,82,17,0,99,86,89,18,0,193,76,0,76,269
07/17/2010,LIH,HI,AWP,WE,Federal Contract Tower,80,5,6,2,93,0,111,8,0,119,80,116,14,2,212,52,0,52,264
07/18/2010,LIH,HI,AWP,WE,Federal Contract Tower,88,3,1,0,92,0,52,9,0,61,88,55,10,0,153,22,0,22,175
07/19/2010,LIH,HI,AWP,WE,Federal Contract Tower,77,11,0,6,94,0,164,19,2,185,77,175,19,8,279,106,6,112,391
07/20/2010,LIH,HI,AWP,WE,Federal Contract Tower,77,8,5,4,94,0,182,20,0,202,77,190,25,4,296,104,0,104,400
07/21/2010,LIH,HI,AWP,WE,Federal Contract Tower,74,11,2,0,87,0,184,25,0,209,74,195,27,0,296,181,0,181,477
07/22/2010,LIH,HI,AWP,WE,Federal Contract Tower,76,7,3,4,90,0,223,18,0,241,76,230,21,4,331,96,8,104,435
07/23/2010,LIH,HI,AWP,WE,Federal Contract Tower,90,6,10,10,116,0,130,22,0,152,90,136,32,10,268,84,4,88,356
07/24/2010,LIH,HI,AWP,WE,Federal Contract Tower,91,9,1,4,105,0,126,13,1,140,91,135,14,5,245,89,0,89,334
07/25/2010,LIH,HI,AWP,WE,Federal Contract Tower,85,4,0,0,89,0,136,11,3,150,85,140,11,3,239,12,0,12,251
07/26/2010,LIH,HI,AWP,WE,Federal Contract Tower,79,6,2,2,89,0,154,22,0,176,79,160,24,2,265,111,0,111,376
07/27/2010,LIH,HI,AWP,WE,Federal Contract Tower,75,10,3,5,93,0,138,17,1,156,75,148,20,6,249,134,4,138,387
07/28/2010,LIH,HI,AWP,WE,Federal Contract Tower,72,9,6,1,88,0,130,33,0,163,72,139,39,1,251,130,1,131,382
07/29/2010,LIH,HI,AWP,WE,Federal Contract Tower,80,12,3,0,95,0,145,21,1,167,80,157,24,1,262,163,0,163,425
07/30/2010,LIH,HI,AWP,WE,Federal Contract Tower,107,9,3,4,123,0,141,21,0,162,107,150,24,4,285,48,0,48,333
07/31/2010,LIH,HI,AWP,WE,Federal Contract Tower,91,3,3,0,97,0,142,18,0,160,91,145,21,0,257,60,0,60,317
08/01/2010,LIH,HI,AWP,WE,Federal Contract Tower,87,3,3,0,93,0,110,8,0,118,87,113,11,0,211,21,0,21,232
08/02/2010,LIH,HI,AWP,WE,Federal Contract Tower,81,5,1,8,95,0,196,23,0,219,81,201,24,8,314,82,0,82,396
08/03/2010,LIH,HI,AWP,WE,Federal Contract Tower,73,15,1,11,100,0,162,20,0,182,73,177,21,11,282,102,10,112,394
08/04/2010,LIH,HI,AWP,WE,Federal Contract Tower,72,8,3,6,89,0,135,17,0,152,72,143,20,6,241,37,1,38,279
08/05/2010,LIH,HI,AWP,WE,Federal Contract Tower,78,9,1,9,97,0,178,17,0,195,78,187,18,9,292,60,4,64,356
08/06/2010,LIH,HI,AWP,WE,Federal Contract Tower,91,11,3,2,107,0,182,27,0,209,91,193,30,2,316,74,0,74,390
08/07/2010,LIH,HI,AWP,WE,Federal Contract Tower,89,3,2,5,99,0,147,16,0,163,89,150,18,5,262,25,2,27,289
08/08/2010,LIH,HI,AWP,WE,Federal Contract Tower,85,1,0,0,86,0,78,2,0,80,85,79,2,0,166,30,0,30,196
08/09/2010,LIH,HI,AWP,WE,Federal Contract Tower,81,7,0,6,94,0,174,14,0,188,81,181,14,6,282,45,4,49,331
08/10/2010,LIH,HI,AWP,WE,Federal Contract Tower,76,11,0,7,94,0,210,21,2,233,76,221,21,9,327,130,30,160,487
08/11/2010,LIH,HI,AWP,WE,Federal Contract Tower,76,7,1,6,90,0,165,19,0,184,76,172,20,6,274,36,4,40,314
08/12/2010,LIH,HI,AWP,WE,Federal Contract Tower,73,6,2,16,97,0,190,16,0,206,73,196,18,16,303,145,20,165,468
08/13/2010,LIH,HI,AWP,WE,Federal Contract Tower,86,16,1,2,105,0,160,16,0,176,86,176,17,2,281,53,0,53,334
08/14/2010,LIH,HI,AWP,WE,Federal Contract Tower,90,2,4,1,97,0,150,11,0,161,90,152,15,1,258,30,0,30,288
08/15/2010,LIH,HI,AWP,WE,Federal Contract Tower,87,0,4,0,91,0,123,13,0,136,87,123,17,0,227,78,0,78,305
08/16/2010,LIH,HI,AWP,WE,Federal Contract Tower,74,7,2,6,89,0,132,9,0,141,74,139,11,6,230,103,1,104,334
08/17/2010,LIH,HI,AWP,WE,Federal Contract Tower,75,6,4,4,89,0,128,16,0,144,75,134,20,4,233,70,2,72,305
08/18/2010,LIH,HI,AWP,WE,Federal Contract Tower,72,8,0,1,81,0,171,15,0,186,72,179,15,1,267,75,1,76,343
08/19/2010,LIH,HI,AWP,WE,Federal Contract Tower,79,10,2,9,100,0,190,18,0,208,79,200,20,9,308,52,6,58,366
08/20/2010,LIH,HI,AWP,WE,Federal Contract Tower,88,15,2,5,110,0,128,13,0,141,88,143,15,5,251,79,0,79,330
08/21/2010,LIH,HI,AWP,WE,Federal Contract Tower,87,1,0,0,88,0,122,10,2,134,87,123,10,2,222,30,0,30,252
08/22/2010,LIH,HI,AWP,WE,Federal Contract Tower,87,3,2,0,92,0,88,6,0,94,87,91,8,0,186,18,0,18,204
08/23/2010,LIH,HI,AWP,WE,Federal Contract Tower,73,14,4,9,100,0,148,17,0,165,73,162,21,9,265,174,22,196,461
08/24/2010,LIH,HI,AWP,WE,Federal Contract Tower,68,8,1,8,85,0,128,34,2,164,68,136,35,10,249,100,42,142,391
08/25/2010,LIH,HI,AWP,WE,Federal Contract Tower,68,9,3,14,94,0,152,23,3,178,68,161,26,17,272,110,44,154,426
08/26/2010,LIH,HI,AWP,WE,Federal Contract Tower,72,6,3,7,88,0,142,16,2,160,72,148,19,9,248,106,4,110,358
08/27/2010,LIH,HI,AWP,WE,Federal Contract Tower,82,8,0,12,102,0,144,21,1,166,82,152,21,13,268,106,6,112,380
08/28/2010,LIH,HI,AWP,WE,Federal Contract Tower,81,3,0,0,84,0,153,8,0,161,81,156,8,0,245,52,0,52,297
08/29/2010,LIH,HI,AWP,WE,Federal Contract Tower,76,5,2,2,85,0,91,6,4,101,76,96,8,6,186,23,16,39,225
08/30/2010,LIH,HI,AWP,WE,Federal Contract Tower,70,8,4,4,86,0,113,44,1,158,70,121,48,5,244,99,0,99,343
08/31/2010,LIH,HI,AWP,WE,Federal Contract Tower,69,9,3,3,84,0,126,32,8,166,69,135,35,11,250,31,4,35,285
09/01/2010,LIH,HI,AWP,WE,Federal Contract Tower,66,10,1,9,86,0,122,37,0,159,66,132,38,9,245,107,16,123,368
09/02/2010,LIH,HI,AWP,WE,Federal Contract Tower,72,6,1,7,86,0,165,25,0,190,72,171,26,7,276,152,12,164,440
09/03/2010,LIH,HI,AWP,WE,Federal Contract Tower,83,5,5,3,96,0,132,15,0,147,83,137,20,3,243,78,0,78,321
09/04/2010,LIH,HI,AWP,WE,Federal Contract Tower,83,9,1,2,95,0,114,7,1,122,83,123,8,3,217,36,18,54,271
09/05/2010,LIH,HI,AWP,WE,Federal Contract Tower,76,4,2,0,82,0,90,3,0,93,76,94,5,0,175,38,0,38,213
09/06/2010,LIH,HI,AWP,WE,Federal Contract Tower,76,0,0,4,80,0,137,27,2,166,76,137,27,6,246,57,0,57,303
09/07/2010,LIH,HI,AWP,WE,Federal Contract Tower,61,7,3,3,74,0,100,30,2,132,61,107,33,5,206,97,2,99,305
09/08/2010,LIH,HI,AWP,WE,Federal Contract Tower,60,10,1,11,82,0,148,26,0,174,60,158,27,11,256,67,7,74,330
09/09/2010,LIH,HI,AWP,WE,Federal Contract Tower,67,10,3,19,99,0,166,34,8,208,67,176,37,27,307,76,17,93,400
09/10/2010,LIH,HI,AWP,WE,Federal Contract Tower,70,13,5,8,96,0,152,23,0,175,70,165,28,8,271,31,0,31,302
09/11/2010,LIH,HI,AWP,WE,Federal Contract Tower,78,1,0,2,81,0,108,18,0,126,78,109,18,2,207,38,0,38,245
09/12/2010,LIH,HI,AWP,WE,Federal Contract Tower,71,2,0,5,78,0,108,19,5,132,71,110,19,10,210,24,8,32,242
09/13/2010,LIH,HI,AWP,WE,Federal Contract Tower,70,8,1,0,79,0,142,14,5,161,70,150,15,5,240,104,0,104,344
09/14/2010,LIH,HI,AWP,WE,Federal Contract Tower,63,10,2,7,82,0,140,27,10,177,63,150,29,17,259,84,2,86,345
09/15/2010,LIH,HI,AWP,WE,Federal Contract Tower,62,10,1,0,73,0,155,32,4,191,62,165,33,4,264,93,0,93,357
09/16/2010,LIH,HI,AWP,WE,Federal Contract Tower,68,9,1,8,86,0,150,23,3,176,68,159,24,11,262,87,20,107,369
09/17/2010,LIH,HI,AWP,WE,Federal Contract Tower,74,10,1,4,89,0,147,10,4,161,74,157,11,8,250,76,14,90,340
09/18/2010,LIH,HI,AWP,WE,Federal Contract Tower,74,6,0,0,80,0,87,18,0,105,74,93,18,0,185,26,0,26,211
09/19/2010,LIH,HI,AWP,WE,Federal Contract Tower,72,5,0,2,79,0,78,13,0,91,72,83,13,2,170,39,0,39,209
09/20/2010,LIH,HI,AWP,WE,Federal Contract Tower,66,8,1,9,84,0,120,29,2,151,66,128,30,11,235,89,8,97,332
09/21/2010,LIH,HI,AWP,WE,Federal Contract Tower,63,8,4,9,84,0,166,37,2,205,63,174,41,11,289,82,6,88,377
09/22/2010,LIH,HI,AWP,WE,Federal Contract Tower,63,11,1,3,78,0,160,24,2,186,63,171,25,5,264,85,10,95,359
09/23/2010,LIH,HI,AWP,WE,Federal Contract Tower,66,9,2,8,85,0,159,23,0,182,66,168,25,8,267,82,22,104,371
09/24/2010,LIH,HI,AWP,WE,Federal Contract Tower,67,6,3,1,77,0,177,10,0,187,67,183,13,1,264,52,0,52,316
09/25/2010,LIH,HI,AWP,WE,Federal Contract Tower,70,2,0,0,72,0,120,13,0,133,70,122,13,0,205,36,0,36,241
09/26/2010,LIH,HI,AWP,WE,Federal Contract Tower,67,1,0,0,68,0,98,12,0,110,67,99,12,0,178,12,0,12,190
09/27/2010,LIH,HI,AWP,WE,Federal Contract Tower,62,9,0,0,71,0,156,25,2,183,62,165,25,2,254,113,0,113,367
09/28/2010,LIH,HI,AWP,WE,Federal Contract Tower,63,8,1,6,78,0,162,22,8,192,63,170,23,14,270,92,0,92,362
09/29/2010,LIH,HI,AWP,WE,Federal Contract Tower,62,7,3,5,77,0,147,13,0,160,62,154,16,5,237,83,1,84,321
09/30/2010,LIH,HI,AWP,WE,Federal Contract Tower,58,9,7,6,80,0,175,13,1,189,58,184,20,7,269,72,0,72,341
10/01/2010,LIH,HI,AWP,WE,Federal Contract Tower,68,8,4,3,83,0,156,19,0,175,68,164,23,3,258,44,0,44,302
10/02/2010,LIH,HI,AWP,WE,Federal Contract Tower,71,1,3,5,80,0,106,7,0,113,71,107,10,5,193,20,0,20,213
10/03/2010,LIH,HI,AWP,WE,Federal Contract Tower,69,1,0,2,72,0,90,5,0,95,69,91,5,2,167,8,0,8,175
10/04/2010,LIH,HI,AWP,WE,Federal Contract Tower,66,7,4,0,77,0,168,13,1,182,66,175,17,1,259,136,0,136,395
10/05/2010,LIH,HI,AWP,WE,Federal Contract Tower,60,8,3,11,82,0,188,22,2,212,60,196,25,13,294,92,6,98,392
10/06/2010,LIH,HI,AWP,WE,Federal Contract Tower,65,8,6,3,82,0,186,18,2,206,65,194,24,5,288,93,3,96,384
10/07/2010,LIH,HI,AWP,WE,Federal Contract Tower,66,7,7,7,87,0,167,30,0,197,66,174,37,7,284,106,16,122,406
10/08/2010,LIH,HI,AWP,WE,Federal Contract Tower,77,9,1,3,90,0,208,10,0,218,77,217,11,3,308,48,0,48,356
10/09/2010,LIH,HI,AWP,WE,Federal Contract Tower,77,4,3,2,86,0,107,11,0,118,77,111,14,2,204,69,0,69,273
10/10/2010,LIH,HI,AWP,WE,Federal Contract Tower,70,0,0,0,70,0,100,3,0,103,70,100,3,0,173,54,0,54,227
10/11/2010,LIH,HI,AWP,WE,Federal Contract Tower,72,7,0,2,81,0,149,24,1,174,72,156,24,3,255,76,10,86,341
10/12/2010,LIH,HI,AWP,WE,Federal Contract Tower,65,11,4,5,85,0,168,32,3,203,65,179,36,8,288,77,0,77,365
10/13/2010,LIH,HI,AWP,WE,Federal Contract Tower,67,11,4,11,93,0,184,10,1,195,67,195,14,12,288,124,0,124,412
10/14/2010,LIH,HI,AWP,WE,Federal Contract Tower,66,10,2,8,86,0,212,16,5,233,66,222,18,13,319,112,6,118,437
10/15/2010,LIH,HI,AWP,WE,Federal Contract Tower,72,8,0,4,84,0,165,25,0,190,72,173,25,4,274,50,4,54,328
10/16/2010,LIH,HI,AWP,WE,Federal Contract Tower,79,3,7,3,92,0,127,10,1,138,79,130,17,4,230,48,2,50,280
10/17/2010,LIH,HI,AWP,WE,Federal Contract Tower,72,10,1,0,83,0,98,9,0,107,72,108,10,0,190,68,0,68,258
10/18/2010,LIH,HI,AWP,WE,Federal Contract Tower,66,6,2,10,84,0,137,20,0,157,66,143,22,10,241,106,11,117,358
10/19/2010,LIH,HI,AWP,WE,Federal Contract Tower,64,7,5,16,92,0,160,12,3,175,64,167,17,19,267,71,6,77,344
10/20/2010,LIH,HI,AWP,WE,Federal Contract Tower,68,8,3,3,82,0,195,24,0,219,68,203,27,3,301,86,16,102,403
10/21/2010,LIH,HI,AWP,WE,Federal Contract Tower,67,15,2,4,88,0,186,26,0,212,67,201,28,4,300,44,3,47,347
10/22/2010,LIH,HI,AWP,WE,Federal Contract Tower,71,7,7,8,93,0,176,21,5,202,71,183,28,13,295,72,6,78,373
10/23/2010,LIH,HI,AWP,WE,Federal Contract Tower,71,7,2,3,83,0,121,7,0,128,71,128,9,3,211,80,4,84,295
10/24/2010,LIH,HI,AWP,WE,Federal Contract Tower,70,5,4,0,79,0,100,3,0,103,70,105,7,0,182,6,0,6,188
10/25/2010,LIH,HI,AWP,WE,Federal Contract Tower,68,16,9,2,95,0,155,10,0,165,68,171,19,2,260,52,22,74,334
10/26/2010,LIH,HI,AWP,WE,Federal Contract Tower,64,10,2,6,82,0,144,13,0,157,64,154,15,6,239,40,22,62,301
10/27/2010,LIH,HI,AWP,WE,Federal Contract Tower,65,10,2,4,81,0,147,17,9,173,65,157,19,13,254,28,0,28,282
10/28/2010,LIH,HI,AWP,WE,Federal Contract Tower,69,14,4,0,87,0,168,6,0,174,69,182,10,0,261,49,0,49,310
10/29/2010,LIH,HI,AWP,WE,Federal Contract Tower,70,15,0,0,85,0,166,6,0,172,70,181,6,0,257,108,0,108,365
10/30/2010,LIH,HI,AWP,WE,Federal Contract Tower,74,5,3,0,82,0,109,9,1,119,74,114,12,1,201,60,2,62,263
10/31/2010,LIH,HI,AWP,WE,Federal Contract Tower,67,3,5,0,75,0,97,7,0,104,67,100,12,0,179,0,0,0,179
11/01/2010,LIH,HI,AWP,WE,Federal Contract Tower,67,10,4,12,93,0,113,18,9,140,67,123,22,21,233,124,0,124,357
11/02/2010,LIH,HI,AWP,WE,Federal Contract Tower,67,9,1,3,80,0,115,25,0,140,67,124,26,3,220,102,1,103,323
11/03/2010,LIH,HI,AWP,WE,Federal Contract Tower,64,6,0,9,79,0,129,9,4,142,64,135,9,13,221,116,0,116,337
11/04/2010,LIH,HI,AWP,WE,Federal Contract Tower,70,8,3,3,84,0,109,3,2,114,70,117,6,5,198,98,3,101,299
11/05/2010,LIH,HI,AWP,WE,Federal Contract Tower,75,8,1,0,84,0,156,11,0,167,75,164,12,0,251,160,0,160,411
11/06/2010,LIH,HI,AWP,WE,Federal Contract Tower,78,1,0,7,86,0,94,7,0,101,78,95,7,7,187,38,0,38,225
11/07/2010,LIH,HI,AWP,WE,Federal Contract Tower,67,3,3,2,75,0,99,10,0,109,67,102,13,2,184,46,0,46,230
11/08/2010,LIH,HI,AWP,WE,Federal Contract Tower,62,9,7,0,78,0,133,14,2,149,62,142,21,2,227,137,1,138,365
11/09/2010,LIH,HI,AWP,WE,Federal Contract Tower,61,10,6,6,83,0,144,33,0,177,61,154,39,6,260,152,12,164,424
11/10/2010,LIH,HI,AWP,WE,Federal Contract Tower,62,8,0,12,82,0,166,32,4,202,62,174,32,16,284,150,3,153,437
11/11/2010,LIH,HI,AWP,WE,Federal Contract Tower,64,9,4,0,77,0,169,32,0,201,64,178,36,0,278,166,0,166,444
11/12/2010,LIH,HI,AWP,WE,Federal Contract Tower,70,10,2,3,85,0,145,16,1,162,70,155,18,4,247,236,8,244,491
11/13/2010,LIH,HI,AWP,WE,Federal Contract Tower,74,6,0,8,88,0,117,18,0,135,74,123,18,8,223,128,2,130,353
11/14/2010,LIH,HI,AWP,WE,Federal Contract Tower,70,5,3,1,79,0,93,11,0,104,70,98,14,1,183,72,0,72,255
11/15/2010,LIH,HI,AWP,WE,Federal Contract Tower,64,8,0,5,77,0,111,20,0,131,64,119,20,5,208,120,0,120,328
11/16/2010,LIH,HI,AWP,WE,Federal Contract Tower,60,7,7,13,87,0,152,34,8,194,60,159,41,21,281,137,8,145,426
11/17/2010,LIH,HI,AWP,WE,Federal Contract Tower,59,8,1,0,68,0,104,10,2,116,59,112,11,2,184,80,0,80,264
11/18/2010,LIH,HI,AWP,WE,Federal Contract Tower,61,10,5,4,80,0,86,1,0,87,61,96,6,4,167,46,0,46,213
11/19/2010,LIH,HI,AWP,WE,Federal Contract Tower,75,8,5,7,95,0,158,21,0,179,75,166,26,7,274,67,4,71,345
11/20/2010,LIH,HI,AWP,WE,Federal Contract Tower,72,5,5,0,82,0,95,9,0,104,72,100,14,0,186,62,0,62,248
11/21/2010,LIH,HI,AWP,WE,Federal Contract Tower,74,0,5,0,79,0,106,10,0,116,74,106,15,0,195,64,0,64,259
11/22/2010,LIH,HI,AWP,WE,Federal Contract Tower,64,6,0,2,72,0,161,41,0,202,64,167,41,2,274,161,1,162,436
11/23/2010,LIH,HI,AWP,WE,Federal Contract Tower,60,6,4,9,79,0,150,35,0,185,60,156,39,9,264,52,11,63,327
11/24/2010,LIH,HI,AWP,WE,Federal Contract Tower,67,7,0,6,80,0,151,19,0,170,67,158,19,6,250,76,3,79,329
11/25/2010,LIH,HI,AWP,WE,Federal Contract Tower,63,1,0,0,64,0,114,4,0,118,63,115,4,0,182,33,0,33,215
11/26/2010,LIH,HI,AWP,WE,Federal Contract Tower,79,8,1,0,88,0,161,15,0,176,79,169,16,0,264,91,0,91,355
11/27/2010,LIH,HI,AWP,WE,Federal Contract Tower,78,1,3,0,82,0,94,6,0,100,78,95,9,0,182,38,0,38,220
11/28/2010,LIH,HI,AWP,WE,Federal Contract Tower,83,1,0,1,85,0,98,6,0,104,83,99,6,1,189,38,6,44,233
11/29/2010,LIH,HI,AWP,WE,Federal Contract Tower,66,14,3,15,98,0,108,23,0,131,66,122,26,15,229,131,9,140,369
11/30/2010,LIH,HI,AWP,WE,Federal Contract Tower,60,6,0,8,74,0,118,26,1,145,60,124,26,9,219,170,8,178,397
12/01/2010,LIH,HI,AWP,WE,Federal Contract Tower,63,11,9,12,95,0,121,12,0,133,63,132,21,12,228,150,5,155,383
12/02/2010,LIH,HI,AWP,WE,Federal Contract Tower,65,11,1,1,78,0,86,13,3,102,65,97,14,4,180,97,2,99,279
12/03/2010,LIH,HI,AWP,WE,Federal Contract Tower,77,11,0,4,92,0,62,6,0,68,77,73,6,4,160,26,0,26,186
12/04/2010,LIH,HI,AWP,WE,Federal Contract Tower,75,9,1,9,94,0,109,10,8,127,75,118,11,17,221,4,0,4,225
12/05/2010,LIH,HI,AWP,WE,Federal Contract Tower,67,2,0,0,69,0,110,6,0,116,67,112,6,0,185,71,0,71,256
12/06/2010,LIH,HI,AWP,WE,Federal Contract Tower,64,10,0,31,105,0,114,16,0,130,64,124,16,31,235,43,19,62,297
12/07/2010,LIH,HI,AWP,WE,Federal Contract Tower,62,8,0,11,81,0,116,36,7,159,62,124,36,18,240,35,35,70,310
12/08/2010,LIH,HI,AWP,WE,Federal Contract Tower,64,15,0,12,91,0,130,29,3,162,64,145,29,15,253,33,10,43,296
12/09/2010,LIH,HI,AWP,WE,Federal Contract Tower,56,9,2,0,67,0,2,3,0,5,56,11,5,0,72,2,0,2,74
12/10/2010,LIH,HI,AWP,WE,Federal Contract Tower,75,12,2,7,96,0,99,5,0,104,75,111,7,7,200,20,0,20,220
12/11/2010,LIH,HI,AWP,WE,Federal Contract Tower,73,6,0,4,83,0,104,9,0,113,73,110,9,4,196,77,5,82,278
12/12/2010,LIH,HI,AWP,WE,Federal Contract Tower,70,8,1,0,79,0,92,11,0,103,70,100,12,0,182,34,0,34,216
12/13/2010,LIH,HI,AWP,WE,Federal Contract Tower,65,11,1,5,82,0,108,48,8,164,65,119,49,13,246,46,0,46,292
12/14/2010,LIH,HI,AWP,WE,Federal Contract Tower,62,9,3,2,76,0,130,36,4,170,62,139,39,6,246,98,0,98,344
12/15/2010,LIH,HI,AWP,WE,Federal Contract Tower,63,13,3,5,84,0,132,21,2,155,63,145,24,7,239,110,3,113,352
12/16/2010,LIH,HI,AWP,WE,Federal Contract Tower,66,14,0,2,82,0,137,30,3,170,66,151,30,5,252,26,0,26,278
12/17/2010,LIH,HI,AWP,WE,Federal Contract Tower,76,14,4,2,96,0,115,26,0,141,76,129,30,2,237,30,0,30,267
12/18/2010,LIH,HI,AWP,WE,Federal Contract Tower,72,6,2,0,80,0,63,7,0,70,72,69,9,0,150,39,0,39,189
12/19/2010,LIH,HI,AWP,WE,Federal Contract Tower,67,8,6,0,81,0,0,2,0,2,67,8,8,0,83,0,0,0,83
12/20/2010,LIH,HI,AWP,WE,Federal Contract Tower,68,13,3,6,90,0,0,0,3,3,68,13,3,9,93,0,0,0,93
12/21/2010,LIH,HI,AWP,WE,Federal Contract Tower,61,9,1,4,75,0,2,0,0,2,61,11,1,4,77,28,0,28,105
12/22/2010,LIH,HI,AWP,WE,Federal Contract Tower,67,17,1,4,89,0,206,33,0,239,67,223,34,4,328,92,0,92,420
12/23/2010,LIH,HI,AWP,WE,Federal Contract Tower,70,15,4,0,89,0,205,41,0,246,70,220,45,0,335,123,0,123,458
12/24/2010,LIH,HI,AWP,WE,Federal Contract Tower,74,11,1,0,86,0,211,15,2,228,74,222,16,2,314,67,0,67,381
12/25/2010,LIH,HI,AWP,WE,Federal Contract Tower,72,7,1,0,80,0,115,8,0,123,72,122,9,0,203,6,0,6,209
12/26/2010,LIH,HI,AWP,WE,Federal Contract Tower,83,4,8,1,96,0,119,4,0,123,83,123,12,1,219,74,0,74,293
12/27/2010,LIH,HI,AWP,WE,Federal Contract Tower,68,9,5,0,82,0,1,5,0,6,68,10,10,0,88,5,0,5,93
12/28/2010,LIH,HI,AWP,WE,Federal Contract Tower,69,8,5,10,92,0,174,23,1,198,69,182,28,11,290,41,7,48,338
12/29/2010,LIH,HI,AWP,WE,Federal Contract Tower,69,11,7,3,90,0,228,23,1,252,69,239,30,4,342,170,9,179,521
12/30/2010,LIH,HI,AWP,WE,Federal Contract Tower,70,15,6,4,95,0,149,28,0,177,70,164,34,4,272,54,0,54,326
12/31/2010,LIH,HI,AWP,WE,Federal Contract Tower,75,11,2,0,88,0,232,12,0,244,75,243,14,0,332,55,0,55,387
01/01/2011,LIH,HI,AWP,WE,Federal Contract Tower,5,5,4,0,14,0,184,13,0,197,5,189,17,0,211,8,0,8,219
01/02/2011,LIH,HI,AWP,WE,Federal Contract Tower,77,1,14,0,92,0,104,14,0,118,77,105,28,0,210,72,0,72,282
01/03/2011,LIH,HI,AWP,WE,Federal Contract Tower,69,9,4,15,97,0,158,24,0,182,69,167,28,15,279,131,14,145,424
01/04/2011,LIH,HI,AWP,WE,Federal Contract Tower,56,8,9,15,88,0,148,26,1,175,56,156,35,16,263,66,7,73,336
01/05/2011,LIH,HI,AWP,WE,Federal Contract Tower,65,10,4,4,83,0,153,34,0,187,65,163,38,4,270,36,3,39,309
01/06/2011,LIH,HI,AWP,WE,Federal Contract Tower,62,15,5,19,101,0,164,25,1,190,62,179,30,20,291,83,26,109,400
01/07/2011,LIH,HI,AWP,WE,Federal Contract Tower,66,8,3,5,82,0,151,17,1,169,66,159,20,6,251,112,0,112,363
01/08/2011,LIH,HI,AWP,WE,Federal Contract Tower,69,7,1,3,80,0,98,6,1,105,69,105,7,4,185,42,6,48,233
01/09/2011,LIH,HI,AWP,WE,Federal Contract Tower,66,5,5,0,76,0,116,7,0,123,66,121,12,0,199,50,0,50,249
01/10/2011,LIH,HI,AWP,WE,Federal Contract Tower,60,15,7,17,99,0,36,12,5,53,60,51,19,22,152,97,25,122,274
01/11/2011,LIH,HI,AWP,WE,Federal Contract Tower,61,8,4,6,79,0,238,30,4,272,61,246,34,10,351,78,17,95,446
01/12/2011,LIH,HI,AWP,WE,Federal Contract Tower,59,15,1,4,79,0,0,1,0,1,59,15,2,4,80,16,13,29,109
01/13/2011,LIH,HI,AWP,WE,Federal Contract Tower,64,16,2,14,96,0,47,8,0,55,64,63,10,14,151,28,57,85,236
01/14/2011,LIH,HI,AWP,WE,Federal Contract Tower,73,16,1,11,101,0,87,0,0,87,73,103,1,11,188,49,6,55,243
01/15/2011,LIH,HI,AWP,WE,Federal Contract Tower,72,6,0,0,78,0,153,15,0,168,72,159,15,0,246,31,0,31,277
01/16/2011,LIH,HI,AWP,WE,Federal Contract Tower,66,5,5,0,76,0,57,0,0,57,66,62,5,0,133,65,0,65,198
01/17/2011,LIH,HI,AWP,WE,Federal Contract Tower,62,13,0,0,75,0,199,21,0,220,62,212,21,0,295,124,0,124,419
01/18/2011,LIH,HI,AWP,WE,Federal Contract Tower,61,9,0,7,77,0,150,21,9,180,61,159,21,16,257,72,10,82,339
01/19/2011,LIH,HI,AWP,WE,Federal Contract Tower,64,6,3,12,85,0,125,22,10,157,64,131,25,22,242,47,0,47,289
01/20/2011,LIH,HI,AWP,WE,Federal Contract Tower,62,10,0,14,86,0,136,23,5,164,62,146,23,19,250,114,48,162,412
01/21/2011,LIH,HI,AWP,WE,Federal Contract Tower,69,7,2,5,83,0,158,22,4,184,69,165,24,9,267,58,12,70,337
01/22/2011,LIH,HI,AWP,WE,Federal Contract Tower,75,7,7,0,89,0,112,5,0,117,75,119,12,0,206,49,0,49,255
01/23/2011,LIH,HI,AWP,WE,Federal Contract Tower,71,4,2,0,77,0,100,11,0,111,71,104,13,0,188,51,0,51,239
01/24/2011,LIH,HI,AWP,WE,Federal Contract Tower,66,6,5,28,105,0,170,23,8,201,66,176,28,36,306,171,17,188,494
01/25/2011,LIH,HI,AWP,WE,Federal Contract Tower,61,10,1,15,87,0,184,27,5,216,61,194,28,20,303,104,0,104,407
01/26/2011,LIH,HI,AWP,WE,Federal Contract Tower,68,7,7,4,86,0,140,37,0,177,68,147,44,4,263,79,14,93,356
01/27/2011,LIH,HI,AWP,WE,Federal Contract Tower,63,7,4,14,88,0,166,33,4,203,63,173,37,18,291,67,14,81,372
01/28/2011,LIH,HI,AWP,WE,Federal Contract Tower,68,7,1,8,84,0,157,31,0,188,68,164,32,8,272,81,4,85,357
01/29/2011,LIH,HI,AWP,WE,Federal Contract Tower,72,6,1,0,79,0,104,13,0,117,72,110,14,0,196,55,0,55,251
01/30/2011,LIH,HI,AWP,WE,Federal Contract Tower,68,2,1,0,71,0,44,6,0,50,68,46,7,0,121,2,0,2,123
01/31/2011,LIH,HI,AWP,WE,Federal Contract Tower,75,16,8,7,106,0,158,18,7,183,75,174,26,14,289,99,7,106,395
02/01/2011,LIH,HI,AWP,WE,Federal Contract Tower,61,7,1,23,92,0,162,15,3,180,61,169,16,26,272,113,15,128,400
02/02/2011,LIH,HI,AWP,WE,Federal Contract Tower,63,9,4,11,87,0,130,22,1,153,63,139,26,12,240,78,2,80,320
02/03/2011,LIH,HI,AWP,WE,Federal Contract Tower,64,8,3,11,86,0,181,28,0,209,64,189,31,11,295,109,16,125,420
02/04/2011,LIH,HI,AWP,WE,Federal Contract Tower,68,9,2,2,81,0,132,31,0,163,68,141,33,2,244,126,6,132,376
02/05/2011,LIH,HI,AWP,WE,Federal Contract Tower,73,6,0,0,79,0,106,18,0,124,73,112,18,0,203,73,0,73,276
02/06/2011,LIH,HI,AWP,WE,Federal Contract Tower,69,3,1,0,73,0,3,6,0,9,69,6,7,0,82,46,0,46,128
02/07/2011,LIH,HI,AWP,WE,Federal Contract Tower,59,8,2,12,81,0,127,23,1,151,59,135,25,13,232,65,4,69,301
02/08/2011,LIH,HI,AWP,WE,Federal Contract Tower,64,10,0,3,77,0,180,21,0,201,64,190,21,3,278,78,12,90,368
02/09/2011,LIH,HI,AWP,WE,Federal Contract Tower,60,7,6,22,95,0,180,30,5,215,60,187,36,27,310,76,7,83,393
02/10/2011,LIH,HI,AWP,WE,Federal Contract Tower,63,15,4,10,92,0,29,2,2,33,63,44,6,12,125,4,0,4,129
02/11/2011,LIH,HI,AWP,WE,Federal Contract Tower,68,9,3,0,80,0,42,19,0,61,68,51,22,0,141,52,0,52,193
02/12/2011,LIH,HI,AWP,WE,Federal Contract Tower,71,22,5,2,100,0,47,3,0,50,71,69,8,2,150,27,0,27,177
02/13/2011,LIH,HI,AWP,WE,Federal Contract Tower,61,3,1,2,67,0,103,6,0,109,61,106,7,2,176,26,0,26,202
02/14/2011,LIH,HI,AWP,WE,Federal Contract Tower,63,14,1,6,84,0,207,38,0,245,63,221,39,6,329,88,0,88,417
02/15/2011,LIH,HI,AWP,WE,Federal Contract Tower,62,12,5,11,90,0,214,30,8,252,62,226,35,19,342,86,12,98,440
02/16/2011,LIH,HI,AWP,WE,Federal Contract Tower,64,14,4,5,87,0,171,37,3,211,64,185,41,8,298,77,0,77,375
02/17/2011,LIH,HI,AWP,WE,Federal Contract Tower,64,9,0,4,77,0,137,26,0,163,64,146,26,4,240,48,18,66,306
02/18/2011,LIH,HI,AWP,WE,Federal Contract Tower,72,6,3,1,82,0,127,20,2,149,72,133,23,3,231,126,0,126,357
02/19/2011,LIH,HI,AWP,WE,Federal Contract Tower,72,4,4,0,80,0,148,19,0,167,72,152,23,0,247,8,0,8,255
02/20/2011,LIH,HI,AWP,WE,Federal Contract Tower,69,4,1,0,74,0,64,14,0,78,69,68,15,0,152,24,0,24,176
02/21/2011,LIH,HI,AWP,WE,Federal Contract Tower,63,10,2,0,75,0,108,9,0,117,63,118,11,0,192,104,0,104,296
02/22/2011,LIH,HI,AWP,WE,Federal Contract Tower,65,9,2,9,85,0,192,30,0,222,65,201,32,9,307,95,5,100,407
02/23/2011,LIH,HI,AWP,WE,Federal Contract Tower,65,17,3,0,85,0,155,33,0,188,65,172,36,0,273,61,0,61,334
02/24/2011,LIH,HI,AWP,WE,Federal Contract Tower,64,18,0,5,87,0,228,33,7,268,64,246,33,12,355,34,12,46,401
02/25/2011,LIH,HI,AWP,WE,Federal Contract Tower,71,15,13,1,100,0,167,38,1,206,71,182,51,2,306,129,0,129,435
02/26/2011,LIH,HI,AWP,WE,Federal Contract Tower,75,7,6,0,88,0,132,15,0,147,75,139,21,0,235,57,0,57,292
02/27/2011,LIH,HI,AWP,WE,Federal Contract Tower,67,9,3,0,79,0,145,12,0,157,67,154,15,0,236,9,0,9,245
02/28/2011,LIH,HI,AWP,WE,Federal Contract Tower,65,13,13,0,91,0,178,17,0,195,65,191,30,0,286,116,0,116,402
03/01/2011,LIH,HI,AWP,WE,Federal Contract Tower,57,11,1,3,72,0,182,24,0,206,57,193,25,3,278,122,11,133,411
03/02/2011,LIH,HI,AWP,WE,Federal Contract Tower,61,12,2,10,85,0,154,17,1,172,61,166,19,11,257,118,12,130,387
03/03/2011,LIH,HI,AWP,WE,Federal Contract Tower,58,8,7,1,74,0,2,8,2,12,58,10,15,3,86,12,0,12,98
03/04/2011,LIH,HI,AWP,WE,Federal Contract Tower,69,9,1,0,79,0,65,0,0,65,69,74,1,0,144,55,0,55,199
03/05/2011,LIH,HI,AWP,WE,Federal Contract Tower,73,5,5,7,90,0,121,1,0,122,73,126,6,7,212,78,8,86,298
03/06/2011,LIH,HI,AWP,WE,Federal Contract Tower,70,6,0,3,79,0,131,8,0,139,70,137,8,3,218,52,0,52,270
03/07/2011,LIH,HI,AWP,WE,Federal Contract Tower,62,18,1,11,92,0,211,10,1,222,62,229,11,12,314,71,24,95,409
03/08/2011,LIH,HI,AWP,WE,Federal Contract Tower,64,9,2,14,89,0,182,23,2,207,64,191,25,16,296,87,2,89,385
03/09/2011,LIH,HI,AWP,WE,Federal Contract Tower,65,8,2,3,78,0,132,25,1,158,65,140,27,4,236,121,0,121,357
03/10/2011,LIH,HI,AWP,WE,Federal Contract Tower,64,11,3,4,82,0,150,24,4,178,64,161,27,8,260,85,10,95,355
03/11/2011,LIH,HI,AWP,WE,Federal Contract Tower,62,16,2,0,80,0,76,13,4,93,62,92,15,4,173,47,0,47,220
03/12/2011,LIH,HI,AWP,WE,Federal Contract Tower,76,8,2,0,86,0,132,10,0,142,76,140,12,0,228,76,0,76,304
03/13/2011,LIH,HI,AWP,WE,Federal Contract Tower,70,5,2,0,77,0,119,18,0,137,70,124,20,0,214,48,0,48,262
03/14/2011,LIH,HI,AWP,WE,Federal Contract Tower,64,10,1,11,86,0,205,24,0,229,64,215,25,11,315,94,15,109,424
03/15/2011,LIH,HI,AWP,WE,Federal Contract Tower,64,9,2,8,83,0,196,16,3,215,64,205,18,11,298,98,8,106,404
03/16/2011,LIH,HI,AWP,WE,Federal Contract Tower,64,12,2,13,91,0,158,12,2,172,64,170,14,15,263,20,27,47,310
03/17/2011,LIH,HI,AWP,WE,Federal Contract Tower,63,10,3,3,79,0,132,6,4,142,63,142,9,7,221,44,0,44,265
03/18/2011,LIH,HI,AWP,WE,Federal Contract Tower,70,12,1,12,95,0,180,14,0,194,70,192,15,12,289,52,8,60,349
03/19/2011,LIH,HI,AWP,WE,Federal Contract Tower,81,9,2,0,92,0,91,11,0,102,81,100,13,0,194,65,0,65,259
03/20/2011,LIH,HI,AWP,WE,Federal Contract Tower,74,5,2,0,81,0,100,10,0,110,74,105,12,0,191,20,0,20,211
03/21/2011,LIH,HI,AWP,WE,Federal Contract Tower,69,11,7,5,92,0,166,24,6,196,69,177,31,11,288,119,10,129,417
03/22/2011,LIH,HI,AWP,WE,Federal Contract Tower,65,6,3,24,98,0,118,17,1,136,65,124,20,25,234,51,27,78,312
03/23/2011,LIH,HI,AWP,WE,Federal Contract Tower,65,11,0,13,89,0,163,16,2,181,65,174,16,15,270,45,7,52,322
03/24/2011,LIH,HI,AWP,WE,Federal Contract Tower,65,9,2,9,85,0,158,22,6,186,65,167,24,15,271,76,3,79,350
03/25/2011,LIH,HI,AWP,WE,Federal Contract Tower,74,6,1,4,85,0,148,21,0,169,74,154,22,4,254,51,6,57,311
03/26/2011,LIH,HI,AWP,WE,Federal Contract Tower,79,4,7,2,92,0,138,6,0,144,79,142,13,2,236,51,0,51,287
03/27/2011,LIH,HI,AWP,WE,Federal Contract Tower,74,4,2,0,80,0,116,7,0,123,74,120,9,0,203,10,0,10,213
03/28/2011,LIH,HI,AWP,WE,Federal Contract Tower,63,10,1,15,89,0,171,32,4,207,63,181,33,19,296,83,20,103,399
03/29/2011,LIH,HI,AWP,WE,Federal Contract Tower,66,10,4,14,94,0,154,27,3,184,66,164,31,17,278,124,14,138,416
03/30/2011,LIH,HI,AWP,WE,Federal Contract Tower,64,11,2,6,83,0,134,15,5,154,64,145,17,11,237,84,15,99,336
03/31/2011,LIH,HI,AWP,WE,Federal Contract Tower,65,11,1,28,105,0,158,20,4,182,65,169,21,32,287,60,39,99,386
04/01/2011,LIH,HI,AWP,WE,Federal Contract Tower,72,12,4,24,112,0,99,13,1,113,72,111,17,25,225,90,3,93,318
04/02/2011,LIH,HI,AWP,WE,Federal Contract Tower,76,7,2,14,99,0,133,9,0,142,76,140,11,14,241,38,0,38,279
04/03/2011,LIH,HI,AWP,WE,Federal Contract Tower,69,1,0,2,72,0,162,22,2,186,69,163,22,4,258,75,14,89,347
04/04/2011,LIH,HI,AWP,WE,Federal Contract Tower,66,14,2,22,104,0,178,15,6,199,66,192,17,28,303,63,29,92,395
04/05/2011,LIH,HI,AWP,WE,Federal Contract Tower,62,7,2,5,76,0,142,21,0,163,62,149,23,5,239,110,2,112,351
04/06/2011,LIH,HI,AWP,WE,Federal Contract Tower,68,12,1,2,83,0,94,4,0,98,68,106,5,2,181,25,0,25,206
04/07/2011,LIH,HI,AWP,WE,Federal Contract Tower,64,10,1,6,81,0,144,12,5,161,64,154,13,11,242,26,0,26,268
04/08/2011,LIH,HI,AWP,WE,Federal Contract Tower,73,8,1,0,82,0,161,11,0,172,73,169,12,0,254,67,0,67,321
04/09/2011,LIH,HI,AWP,WE,Federal Contract Tower,79,9,2,0,90,0,125,7,0,132,79,134,9,0,222,48,0,48,270
04/10/2011,LIH,HI,AWP,WE,Federal Contract Tower,77,3,0,0,80,0,123,8,0,131,77,126,8,0,211,65,0,65,276
04/11/2011,LIH,HI,AWP,WE,Federal Contract Tower,66,10,2,9,87,0,169,19,7,195,66,179,21,16,282,70,12,82,364
04/12/2011,LIH,HI,AWP,WE,Federal Contract Tower,60,9,2,8,79,0,156,34,1,191,60,165,36,9,270,85,17,102,372
04/13/2011,LIH,HI,AWP,WE,Federal Contract Tower,71,14,6,0,91,0,127,22,0,149,71,141,28,0,240,50,0,50,290
04/14/2011,LIH,HI,AWP,WE,Federal Contract Tower,67,8,3,2,80,0,147,9,1,157,67,155,12,3,237,66,2,68,305
04/15/2011,LIH,HI,AWP,WE,Federal Contract Tower,70,7,6,0,83,0,39,17,0,56,70,46,23,0,139,38,0,38,177
04/16/2011,LIH,HI,AWP,WE,Federal Contract Tower,80,6,3,0,89,0,144,19,0,163,80,150,22,0,252,26,0,26,278
04/17/2011,LIH,HI,AWP,WE,Federal Contract Tower,74,3,0,0,77,0,114,16,0,130,74,117,16,0,207,50,0,50,257
04/18/2011,LIH,HI,AWP,WE,Federal Contract Tower,69,10,1,14,94,0,137,13,2,152,69,147,14,16,246,63,19,82,328
04/19/2011,LIH,HI,AWP,WE,Federal Contract Tower,62,10,2,7,81,0,205,28,15,248,62,215,30,22,329,56,0,56,385
04/20/2011,LIH,HI,AWP,WE,Federal Contract Tower,65,13,4,0,82,0,195,30,3,228,65,208,34,3,310,26,0,26,336
04/21/2011,LIH,HI,AWP,WE,Federal Contract Tower,63,8,1,8,80,0,217,28,2,247,63,225,29,10,327,32,16,48,375
04/22/2011,LIH,HI,AWP,WE,Federal Contract Tower,72,13,1,0,86,0,165,23,2,190,72,178,24,2,276,100,0,100,376
04/23/2011,LIH,HI,AWP,WE,Federal Contract Tower,76,8,4,0,88,0,131,15,0,146,76,139,19,0,234,50,0,50,284
04/24/2011,LIH,HI,AWP,WE,Federal Contract Tower,69,4,2,0,75,0,152,14,0,166,69,156,16,0,241,32,0,32,273
04/25/2011,LIH,HI,AWP,WE,Federal Contract Tower,66,10,0,6,82,0,144,21,2,167,66,154,21,8,249,63,0,63,312
04/26/2011,LIH,HI,AWP,WE,Federal Contract Tower,62,7,5,8,82,0,106,26,2,134,62,113,31,10,216,26,0,26,242
04/27/2011,LIH,HI,AWP,WE,Federal Contract Tower,65,9,1,5,80,0,124,36,0,160,65,133,37,5,240,60,0,60,300
04/28/2011,LIH,HI,AWP,WE,Federal Contract Tower,65,12,0,12,89,0,135,25,8,168,65,147,25,20,257,42,14,56,313
04/29/2011,LIH,HI,AWP,WE,Federal Contract Tower,74,6,1,9,90,0,131,12,6,149,74,137,13,15,239,68,0,68,307
04/30/2011,LIH,HI,AWP,WE,Federal Contract Tower,80,6,5,2,93,0,80,13,2,95,80,86,18,4,188,28,0,28,216
05/01/2011,LIH,HI,AWP,WE,Federal Contract Tower,73,5,1,4,83,0,91,8,0,99,73,96,9,4,182,17,0,17,199
05/02/2011,LIH,HI,AWP,WE,Federal Contract Tower,59,9,0,19,87,0,195,21,3,219,59,204,21,22,306,74,15,89,395
05/03/2011,LIH,HI,AWP,WE,Federal Contract Tower,63,8,4,11,86,0,148,15,0,163,63,156,19,11,249,111,16,127,376
05/04/2011,LIH,HI,AWP,WE,Federal Contract Tower,65,8,2,5,80,0,102,9,0,111,65,110,11,5,191,36,0,36,227
05/05/2011,LIH,HI,AWP,WE,Federal Contract Tower,60,11,3,16,90,0,177,19,3,199,60,188,22,19,289,101,18,119,408
05/06/2011,LIH,HI,AWP,WE,Federal Contract Tower,71,10,0,16,97,0,81,27,5,113,71,91,27,21,210,73,5,78,288
05/07/2011,LIH,HI,AWP,WE,Federal Contract Tower,73,6,0,0,79,0,85,7,0,92,73,91,7,0,171,13,0,13,184
05/08/2011,LIH,HI,AWP,WE,Federal Contract Tower,72,3,0,0,75,0,0,0,0,0,72,3,0,0,75,2,0,2,77
05/09/2011,LIH,HI,AWP,WE,Federal Contract Tower,69,8,1,0,78,0,38,0,1,39,69,46,1,1,117,74,0,74,191
05/10/2011,LIH,HI,AWP,WE,Federal Contract Tower,62,9,9,0,80,0,82,12,0,94,62,91,21,0,174,28,0,28,202
05/11/2011,LIH,HI,AWP,WE,Federal Contract Tower,62,9,0,0,71,0,160,12,0,172,62,169,12,0,243,42,0,42,285
05/12/2011,LIH,HI,AWP,WE,Federal Contract Tower,64,9,0,4,77,0,171,14,7,192,64,180,14,11,269,25,0,25,294
05/13/2011,LIH,HI,AWP,WE,Federal Contract Tower,73,15,4,6,98,0,168,32,0,200,73,183,36,6,298,44,0,44,342
05/14/2011,LIH,HI,AWP,WE,Federal Contract Tower,77,4,3,2,86,0,90,3,0,93,77,94,6,2,179,13,0,13,192
05/15/2011,LIH,HI,AWP,WE,Federal Contract Tower,72,7,0,2,81,0,117,2,0,119,72,124,2,2,200,9,0,9,209
05/16/2011,LIH,HI,AWP,WE,Federal Contract Tower,70,10,2,13,95,0,165,14,1,180,70,175,16,14,275,54,19,73,348
05/17/2011,LIH,HI,AWP,WE,Federal Contract Tower,62,7,2,12,83,0,139,16,6,161,62,146,18,18,244,33,17,50,294
05/18/2011,LIH,HI,AWP,WE,Federal Contract Tower,62,8,0,4,74,0,130,24,2,156,62,138,24,6,230,41,2,43,273
05/19/2011,LIH,HI,AWP,WE,Federal Contract Tower,63,11,0,10,84,0,175,26,2,203,63,186,26,12,287,40,0,40,327
05/20/2011,LIH,HI,AWP,WE,Federal Contract Tower,75,12,0,6,93,0,179,29,2,210,75,191,29,8,303,28,2,30,333
05/21/2011,LIH,HI,AWP,WE,Federal Contract Tower,75,5,0,2,82,0,134,7,1,142,75,139,7,3,224,33,0,33,257
05/22/2011,LIH,HI,AWP,WE,Federal Contract Tower,76,5,3,2,86,0,88,9,0,97,76,93,12,2,183,75,0,75,258
05/23/2011,LIH,HI,AWP,WE,Federal Contract Tower,66,6,0,9,81,0,177,20,2,199,66,183,20,11,280,111,10,121,401
05/24/2011,LIH,HI,AWP,WE,Federal Contract Tower,67,10,3,7,87,0,200,18,0,218,67,210,21,7,305,96,8,104,409
05/25/2011,LIH,HI,AWP,WE,Federal Contract Tower,63,11,0,5,79,0,160,20,1,181,63,171,20,6,260,81,0,81,341
05/26/2011,LIH,HI,AWP,WE,Federal Contract Tower,65,8,2,5,80,0,177,19,3,199,65,185,21,8,279,74,2,76,355
05/27/2011,LIH,HI,AWP,WE,Federal Contract Tower,72,9,1,0,82,0,153,15,0,168,72,162,16,0,250,47,0,47,297
05/28/2011,LIH,HI,AWP,WE,Federal Contract Tower,79,8,0,5,92,0,107,7,0,114,79,115,7,5,206,60,0,60,266
05/29/2011,LIH,HI,AWP,WE,Federal Contract Tower,75,3,0,0,78,0,136,4,0,140,75,139,4,0,218,15,0,15,233
05/30/2011,LIH,HI,AWP,WE,Federal Contract Tower,73,7,0,0,80,0,154,11,0,165,73,161,11,0,245,65,0,65,310
05/31/2011,LIH,HI,AWP,WE,Federal Contract Tower,63,9,2,12,86,0,164,16,7,187,63,173,18,19,273,91,0,91,364
06/01/2011,LIH,HI,AWP,WE,Federal Contract Tower,71,9,1,9,90,0,120,13,1,134,71,129,14,10,224,64,0,64,288
06/02/2011,LIH,HI,AWP,WE,Federal Contract Tower,74,12,1,7,94,0,176,11,0,187,74,188,12,7,281,28,0,28,309
06/03/2011,LIH,HI,AWP,WE,Federal Contract Tower,72,10,2,0,84,0,84,7,0,91,72,94,9,0,175,42,0,42,217
06/04/2011,LIH,HI,AWP,WE,Federal Contract Tower,77,5,0,2,84,0,88,2,0,90,77,93,2,2,174,12,0,12,186
06/05/2011,LIH,HI,AWP,WE,Federal Contract Tower,71,1,0,2,74,0,119,5,2,126,71,120,5,4,200,39,0,39,239
06/06/2011,LIH,HI,AWP,WE,Federal Contract Tower,68,8,1,2,79,0,170,14,1,185,68,178,15,3,264,67,0,67,331
06/07/2011,LIH,HI,AWP,WE,Federal Contract Tower,71,10,2,8,91,0,134,25,3,162,71,144,27,11,253,128,21,149,402
06/08/2011,LIH,HI,AWP,WE,Federal Contract Tower,71,8,3,0,82,0,150,22,2,174,71,158,25,2,256,131,0,131,387
06/09/2011,LIH,HI,AWP,WE,Federal Contract Tower,75,17,3,10,105,0,153,30,6,189,75,170,33,16,294,56,14,70,364
06/10/2011,LIH,HI,AWP,WE,Federal Contract Tower,77,12,4,3,96,0,144,15,0,159,77,156,19,3,255,50,0,50,305
06/11/2011,LIH,HI,AWP,WE,Federal Contract Tower,75,5,2,0,82,0,115,10,0,125,75,120,12,0,207,20,0,20,227
06/12/2011,LIH,HI,AWP,WE,Federal Contract Tower,77,4,1,0,82,0,109,5,0,114,77,113,6,0,196,59,0,59,255
06/13/2011,LIH,HI,AWP,WE,Federal Contract Tower,78,11,1,13,103,0,120,17,2,139,78,131,18,15,242,73,19,92,334
06/14/2011,LIH,HI,AWP,WE,Federal Contract Tower,72,6,2,7,87,0,187,14,4,205,72,193,16,11,292,106,2,108,400
06/15/2011,LIH,HI,AWP,WE,Federal Contract Tower,78,11,1,17,107,0,149,24,5,178,78,160,25,22,285,78,0,78,363
06/16/2011,LIH,HI,AWP,WE,Federal Contract Tower,76,10,3,14,103,0,194,18,7,219,76,204,21,21,322,94,3,97,419
06/17/2011,LIH,HI,AWP,WE,Federal Contract Tower,80,12,4,1,97,0,167,23,0,190,80,179,27,1,287,135,0,135,422
06/18/2011,LIH,HI,AWP,WE,Federal Contract Tower,79,6,2,0,87,0,102,5,0,107,79,108,7,0,194,64,0,64,258
06/19/2011,LIH,HI,AWP,WE,Federal Contract Tower,81,1,1,0,83,0,130,1,0,131,81,131,2,0,214,65,0,65,279
06/20/2011,LIH,HI,AWP,WE,Federal Contract Tower,73,11,1,8,93,0,161,23,1,185,73,172,24,9,278,29,29,58,336
06/21/2011,LIH,HI,AWP,WE,Federal Contract Tower,79,8,2,2,91,0,166,24,3,193,79,174,26,5,284,49,0,49,333
06/22/2011,LIH,HI,AWP,WE,Federal Contract Tower,81,6,3,15,105,0,150,21,2,173,81,156,24,17,278,88,9,97,375
06/23/2011,LIH,HI,AWP,WE,Federal Contract Tower,83,8,8,17,116,0,125,22,2,149,83,133,30,19,265,80,10,90,355
06/24/2011,LIH,HI,AWP,WE,Federal Contract Tower,84,11,3,5,103,0,184,15,3,202,84,195,18,8,305,47,0,47,352
06/25/2011,LIH,HI,AWP,WE,Federal Contract Tower,77,7,4,0,88,0,129,15,0,144,77,136,19,0,232,13,0,13,245
06/26/2011,LIH,HI,AWP,WE,Federal Contract Tower,77,5,4,0,86,0,147,6,0,153,77,152,10,0,239,64,0,64,303
06/27/2011,LIH,HI,AWP,WE,Federal Contract Tower,79,6,0,19,104,0,168,17,4,189,79,174,17,23,293,65,40,105,398
06/28/2011,LIH,HI,AWP,WE,Federal Contract Tower,75,9,1,18,103,0,158,23,3,184,75,167,24,21,287,84,17,101,388
06/29/2011,LIH,HI,AWP,WE,Federal Contract Tower,72,8,4,6,90,0,158,34,3,195,72,166,38,9,285,38,23,61,346
06/30/2011,LIH,HI,AWP,WE,Federal Contract Tower,84,7,2,0,93,0,181,22,0,203,84,188,24,0,296,35,0,35,331
07/01/2011,LIH,HI,AWP,WE,Federal Contract Tower,85,7,0,0,92,0,184,23,3,210,85,191,23,3,302,100,0,100,402
07/02/2011,LIH,HI,AWP,WE,Federal Contract Tower,81,4,0,0,85,0,139,16,0,155,81,143,16,0,240,55,0,55,295
07/03/2011,LIH,HI,AWP,WE,Federal Contract Tower,76,2,5,0,83,0,203,9,0,212,76,205,14,0,295,51,0,51,346
07/04/2011,LIH,HI,AWP,WE,Federal Contract Tower,76,2,3,0,81,0,159,13,0,172,76,161,16,0,253,36,0,36,289
07/05/2011,LIH,HI,AWP,WE,Federal Contract Tower,73,9,9,17,108,0,194,11,3,208,73,203,20,20,316,69,16,85,401
07/06/2011,LIH,HI,AWP,WE,Federal Contract Tower,75,9,0,25,109,0,197,18,3,218,75,206,18,28,327,97,31,128,455
07/07/2011,LIH,HI,AWP,WE,Federal Contract Tower,79,8,5,27,119,0,137,7,4,148,79,145,12,31,267,33,36,69,336
07/08/2011,LIH,HI,AWP,WE,Federal Contract Tower,82,8,1,10,101,0,170,12,0,182,82,178,13,10,283,75,0,75,358
07/09/2011,LIH,HI,AWP,WE,Federal Contract Tower,80,6,4,0,90,0,139,15,0,154,80,145,19,0,244,40,0,40,284
07/10/2011,LIH,HI,AWP,WE,Federal Contract Tower,81,4,0,0,85,0,156,13,2,171,81,160,13,2,256,97,0,97,353
07/11/2011,LIH,HI,AWP,WE,Federal Contract Tower,77,9,1,12,99,0,188,16,5,209,77,197,17,17,308,90,26,116,424
07/12/2011,LIH,HI,AWP,WE,Federal Contract Tower,69,10,4,19,102,0,180,41,11,232,69,190,45,30,334,52,45,97,431
07/13/2011,LIH,HI,AWP,WE,Federal Contract Tower,73,9,5,13,100,0,141,52,5,198,73,150,57,18,298,67,10,77,375
07/14/2011,LIH,HI,AWP,WE,Federal Contract Tower,76,8,7,9,100,0,178,32,6,216,76,186,39,15,316,81,28,109,425
07/15/2011,LIH,HI,AWP,WE,Federal Contract Tower,85,9,0,6,100,0,185,11,4,200,85,194,11,10,300,58,2,60,360
07/16/2011,LIH,HI,AWP,WE,Federal Contract Tower,81,2,3,0,86,0,150,7,0,157,81,152,10,0,243,68,0,68,311
07/17/2011,LIH,HI,AWP,WE,Federal Contract Tower,81,3,4,2,90,0,151,8,0,159,81,154,12,2,249,42,0,42,291
07/18/2011,LIH,HI,AWP,WE,Federal Contract Tower,79,7,1,16,103,0,170,14,18,202,79,177,15,34,305,86,5,91,396
07/19/2011,LIH,HI,AWP,WE,Federal Contract Tower,71,5,3,13,92,0,176,18,1,195,71,181,21,14,287,90,5,95,382
07/20/2011,LIH,HI,AWP,WE,Federal Contract Tower,76,8,4,8,96,0,168,15,2,185,76,176,19,10,281,69,2,71,352
07/21/2011,LIH,HI,AWP,WE,Federal Contract Tower,73,8,5,8,94,0,192,38,3,233,73,200,43,11,327,118,20,138,465
07/22/2011,LIH,HI,AWP,WE,Federal Contract Tower,82,8,4,4,98,0,194,25,0,219,82,202,29,4,317,73,22,95,412
07/23/2011,LIH,HI,AWP,WE,Federal Contract Tower,81,2,0,0,83,0,139,8,0,147,81,141,8,0,230,49,0,49,279
07/24/2011,LIH,HI,AWP,WE,Federal Contract Tower,79,0,0,0,79,0,171,10,2,183,79,171,10,2,262,91,0,91,353
07/25/2011,LIH,HI,AWP,WE,Federal Contract Tower,77,10,3,13,103,0,160,12,1,173,77,170,15,14,276,82,32,114,390
07/26/2011,LIH,HI,AWP,WE,Federal Contract Tower,67,8,1,14,90,0,168,22,2,192,67,176,23,16,282,32,10,42,324
07/27/2011,LIH,HI,AWP,WE,Federal Contract Tower,75,7,3,11,96,0,178,23,0,201,75,185,26,11,297,94,20,114,411
07/28/2011,LIH,HI,AWP,WE,Federal Contract Tower,80,7,2,2,91,0,208,25,2,235,80,215,27,4,326,101,24,125,451
07/29/2011,LIH,HI,AWP,WE,Federal Contract Tower,80,6,2,4,92,0,155,12,0,167,80,161,14,4,259,61,2,63,322
07/30/2011,LIH,HI,AWP,WE,Federal Contract Tower,81,3,5,0,89,0,158,5,0,163,81,161,10,0,252,44,0,44,296
07/31/2011,LIH,HI,AWP,WE,Federal Contract Tower,80,2,4,0,86,0,136,11,0,147,80,138,15,0,233,74,0,74,307
08/01/2011,LIH,HI,AWP,WE,Federal Contract Tower,69,7,7,17,100,0,198,16,0,214,69,205,23,17,314,92,40,132,446
08/02/2011,LIH,HI,AWP,WE,Federal Contract Tower,68,10,5,8,91,0,198,17,1,216,68,208,22,9,307,78,14,92,399
08/03/2011,LIH,HI,AWP,WE,Federal Contract Tower,71,8,3,29,111,0,209,19,2,230,71,217,22,31,341,48,35,83,424
08/04/2011,LIH,HI,AWP,WE,Federal Contract Tower,78,7,1,20,106,0,212,21,2,235,78,219,22,22,341,73,7,80,421
08/05/2011,LIH,HI,AWP,WE,Federal Contract Tower,83,9,4,2,98,0,105,10,1,116,83,114,14,3,214,41,0,41,255
08/06/2011,LIH,HI,AWP,WE,Federal Contract Tower,78,7,1,1,87,0,159,6,0,165,78,166,7,1,252,21,0,21,273
08/07/2011,LIH,HI,AWP,WE,Federal Contract Tower,82,11,1,2,96,0,149,20,0,169,82,160,21,2,265,16,0,16,281
08/08/2011,LIH,HI,AWP,WE,Federal Contract Tower,76,8,1,6,91,0,171,21,0,192,76,179,22,6,283,83,2,85,368
08/09/2011,LIH,HI,AWP,WE,Federal Contract Tower,70,14,7,3,94,0,170,13,0,183,70,184,20,3,277,114,0,114,391
08/10/2011,LIH,HI,AWP,WE,Federal Contract Tower,80,10,4,7,101,0,203,9,0,212,80,213,13,7,313,46,23,69,382
08/11/2011,LIH,HI,AWP,WE,Federal Contract Tower,71,8,5,2,86,0,198,12,3,213,71,206,17,5,299,108,0,108,407
08/12/2011,LIH,HI,AWP,WE,Federal Contract Tower,87,6,3,11,107,0,177,12,2,191,87,183,15,13,298,50,6,56,354
08/13/2011,LIH,HI,AWP,WE,Federal Contract Tower,81,2,3,0,86,0,164,10,0,174,81,166,13,0,260,55,0,55,315
08/14/2011,LIH,HI,AWP,WE,Federal Contract Tower,79,2,1,3,85,0,155,4,2,161,79,157,5,5,246,17,1,18,264
08/15/2011,LIH,HI,AWP,WE,Federal Contract Tower,77,7,3,10,97,0,171,17,5,193,77,178,20,15,290,48,1,49,339
08/16/2011,LIH,HI,AWP,WE,Federal Contract Tower,69,13,6,15,103,0,203,29,0,232,69,216,35,15,335,86,21,107,442
08/17/2011,LIH,HI,AWP,WE,Federal Contract Tower,71,9,8,5,93,0,179,24,3,206,71,188,32,8,299,44,0,44,343
08/18/2011,LIH,HI,AWP,WE,Federal Contract Tower,75,7,2,6,90,0,174,28,4,206,75,181,30,10,296,53,4,57,353
08/19/2011,LIH,HI,AWP,WE,Federal Contract Tower,82,6,1,6,95,0,141,11,4,156,82,147,12,10,251,46,3,49,300
08/20/2011,LIH,HI,AWP,WE,Federal Contract Tower,78,5,3,15,101,0,120,6,5,131,78,125,9,20,232,13,11,24,256
08/21/2011,LIH,HI,AWP,WE,Federal Contract Tower,78,5,1,2,86,0,167,10,0,177,78,172,11,2,263,33,0,33,296
08/22/2011,LIH,HI,AWP,WE,Federal Contract Tower,70,12,2,22,106,0,184,15,8,207,70,196,17,30,313,46,46,92,405
08/23/2011,LIH,HI,AWP,WE,Federal Contract Tower,68,6,1,8,83,0,166,21,2,189,68,172,22,10,272,82,27,109,381
08/24/2011,LIH,HI,AWP,WE,Federal Contract Tower,65,6,1,0,72,0,152,13,2,167,65,158,14,2,239,69,0,69,308
08/25/2011,LIH,HI,AWP,WE,Federal Contract Tower,73,7,0,9,89,0,188,13,1,202,73,195,13,10,291,65,1,66,357
08/26/2011,LIH,HI,AWP,WE,Federal Contract Tower,78,8,3,4,93,0,139,33,0,172,78,147,36,4,265,40,0,40,305
08/27/2011,LIH,HI,AWP,WE,Federal Contract Tower,77,4,2,0,83,0,126,6,0,132,77,130,8,0,215,12,0,12,227
08/28/2011,LIH,HI,AWP,WE,Federal Contract Tower,73,4,4,0,81,0,127,12,0,139,73,131,16,0,220,39,0,39,259
08/29/2011,LIH,HI,AWP,WE,Federal Contract Tower,66,12,3,9,90,0,180,4,1,185,66,192,7,10,275,40,35,75,350
08/30/2011,LIH,HI,AWP,WE,Federal Contract Tower,64,9,7,16,96,0,168,17,0,185,64,177,24,16,281,66,7,73,354
08/31/2011,LIH,HI,AWP,WE,Federal Contract Tower,61,6,4,4,75,0,157,6,0,163,61,163,10,4,238,70,0,70,308
09/01/2011,LIH,HI,AWP,WE,Federal Contract Tower,68,7,5,6,86,0,149,15,2,166,68,156,20,8,252,34,0,34,286
09/02/2011,LIH,HI,AWP,WE,Federal Contract Tower,77,6,2,0,85,0,121,21,0,142,77,127,23,0,227,38,0,38,265
09/03/2011,LIH,HI,AWP,WE,Federal Contract Tower,78,7,1,0,86,0,136,9,0,145,78,143,10,0,231,15,0,15,246
09/04/2011,LIH,HI,AWP,WE,Federal Contract Tower,75,2,1,3,81,0,118,6,0,124,75,120,7,3,205,20,12,32,237
09/05/2011,LIH,HI,AWP,WE,Federal Contract Tower,69,2,2,0,73,0,156,11,0,167,69,158,13,0,240,37,0,37,277
09/06/2011,LIH,HI,AWP,WE,Federal Contract Tower,64,6,1,12,83,0,162,12,1,175,64,168,13,13,258,101,24,125,383
09/07/2011,LIH,HI,AWP,WE,Federal Contract Tower,65,8,0,23,96,0,147,11,0,158,65,155,11,23,254,64,33,97,351
09/08/2011,LIH,HI,AWP,WE,Federal Contract Tower,66,6,2,6,80,0,217,15,3,235,66,223,17,9,315,61,21,82,397
09/09/2011,LIH,HI,AWP,WE,Federal Contract Tower,73,7,1,4,85,0,151,21,0,172,73,158,22,4,257,62,0,62,319
09/10/2011,LIH,HI,AWP,WE,Federal Contract Tower,74,6,1,0,81,0,133,11,0,144,74,139,12,0,225,24,0,24,249
09/11/2011,LIH,HI,AWP,WE,Federal Contract Tower,67,7,1,0,75,0,109,3,0,112,67,116,4,0,187,4,0,4,191
09/12/2011,LIH,HI,AWP,WE,Federal Contract Tower,66,10,7,2,85,0,165,5,0,170,66,175,12,2,255,30,2,32,287
09/13/2011,LIH,HI,AWP,WE,Federal Contract Tower,62,6,2,5,75,0,184,10,0,194,62,190,12,5,269,66,1,67,336
09/14/2011,LIH,HI,AWP,WE,Federal Contract Tower,65,8,4,8,85,0,180,25,5,210,65,188,29,13,295,61,1,62,357
09/15/2011,LIH,HI,AWP,WE,Federal Contract Tower,64,8,2,20,94,0,193,27,1,221,64,201,29,21,315,65,26,91,406
09/16/2011,LIH,HI,AWP,WE,Federal Contract Tower,67,10,0,13,90,0,176,21,1,198,67,186,21,14,288,56,0,56,344
09/17/2011,LIH,HI,AWP,WE,Federal Contract Tower,68,2,3,4,77,0,80,9,0,89,68,82,12,4,166,33,0,33,199
09/18/2011,LIH,HI,AWP,WE,Federal Contract Tower,71,1,1,0,73,0,148,8,0,156,71,149,9,0,229,18,0,18,247
09/19/2011,LIH,HI,AWP,WE,Federal Contract Tower,67,7,1,29,104,0,205,5,2,212,67,212,6,31,316,61,43,104,420
09/20/2011,LIH,HI,AWP,WE,Federal Contract Tower,60,7,4,8,79,0,152,9,1,162,60,159,13,9,241,76,24,100,341
09/21/2011,LIH,HI,AWP,WE,Federal Contract Tower,61,7,1,13,82,0,170,22,13,205,61,177,23,26,287,60,0,60,347
09/22/2011,LIH,HI,AWP,WE,Federal Contract Tower,64,7,5,26,102,0,212,12,4,228,64,219,17,30,330,71,0,71,401
09/23/2011,LIH,HI,AWP,WE,Federal Contract Tower,70,8,5,1,84,0,176,23,2,201,70,184,28,3,285,66,0,66,351
09/24/2011,LIH,HI,AWP,WE,Federal Contract Tower,73,1,0,0,74,0,157,11,0,168,73,158,11,0,242,5,0,5,247
09/25/2011,LIH,HI,AWP,WE,Federal Contract Tower,71,4,3,0,78,0,170,12,0,182,71,174,15,0,260,63,0,63,323
09/26/2011,LIH,HI,AWP,WE,Federal Contract Tower,69,11,4,10,94,0,162,17,2,181,69,173,21,12,275,68,16,84,359
09/27/2011,LIH,HI,AWP,WE,Federal Contract Tower,62,6,3,7,78,0,174,10,0,184,62,180,13,7,262,25,1,26,288
09/28/2011,LIH,HI,AWP,WE,Federal Contract Tower,60,10,5,5,80,0,148,12,2,162,60,158,17,7,242,52,4,56,298
09/29/2011,LIH,HI,AWP,WE,Federal Contract Tower,61,12,3,3,79,0,180,23,2,205,61,192,26,5,284,52,0,52,336
09/30/2011,LIH,HI,AWP,WE,Federal Contract Tower,74,12,1,11,98,0,132,15,1,148,74,144,16,12,246,32,22,54,300
10/01/2011,LIH,HI,AWP,WE,Federal Contract Tower,66,4,4,4,78,0,97,4,1,102,66,101,8,5,180,13,2,15,195
10/02/2011,LIH,HI,AWP,WE,Federal Contract Tower,73,4,2,2,81,0,113,14,2,129,73,117,16,4,210,32,0,32,242
10/03/2011,LIH,HI,AWP,WE,Federal Contract Tower,68,8,3,9,88,0,170,12,2,184,68,178,15,11,272,54,14,68,340
10/04/2011,LIH,HI,AWP,WE,Federal Contract Tower,60,6,2,12,80,0,172,30,19,221,60,178,32,31,301,62,8,70,371
10/05/2011,LIH,HI,AWP,WE,Federal Contract Tower,63,6,2,16,87,0,188,19,3,210,63,194,21,19,297,40,20,60,357
10/06/2011,LIH,HI,AWP,WE,Federal Contract Tower,63,9,2,31,105,0,173,11,13,197,63,182,13,44,302,52,10,62,364
10/07/2011,LIH,HI,AWP,WE,Federal Contract Tower,83,11,4,8,106,0,189,17,0,206,83,200,21,8,312,48,2,50,362
10/08/2011,LIH,HI,AWP,WE,Federal Contract Tower,74,2,0,2,78,0,138,17,0,155,74,140,17,2,233,7,0,7,240
10/09/2011,LIH,HI,AWP,WE,Federal Contract Tower,71,5,0,0,76,0,118,12,0,130,71,123,12,0,206,43,0,43,249
10/10/2011,LIH,HI,AWP,WE,Federal Contract Tower,66,7,0,1,74,0,196,7,0,203,66,203,7,1,277,51,0,51,328
10/11/2011,LIH,HI,AWP,WE,Federal Contract Tower,64,8,0,6,78,0,170,19,0,189,64,178,19,6,267,30,7,37,304
10/12/2011,LIH,HI,AWP,WE,Federal Contract Tower,64,10,3,13,90,0,182,19,0,201,64,192,22,13,291,31,16,47,338
10/13/2011,LIH,HI,AWP,WE,Federal Contract Tower,64,10,1,11,86,0,189,10,1,200,64,199,11,12,286,22,10,32,318
10/14/2011,LIH,HI,AWP,WE,Federal Contract Tower,71,7,4,7,89,0,175,22,0,197,71,182,26,7,286,28,6,34,320
10/15/2011,LIH,HI,AWP,WE,Federal Contract Tower,76,4,3,0,83,0,136,8,0,144,76,140,11,0,227,15,0,15,242
10/16/2011,LIH,HI,AWP,WE,Federal Contract Tower,72,1,3,0,76,0,126,10,0,136,72,127,13,0,212,6,0,6,218
10/17/2011,LIH,HI,AWP,WE,Federal Contract Tower,67,8,0,7,82,0,188,9,1,198,67,196,9,8,280,45,4,49,329
10/18/2011,LIH,HI,AWP,WE,Federal Contract Tower,63,6,1,13,83,0,190,13,1,204,63,196,14,14,287,36,15,51,338
10/19/2011,LIH,HI,AWP,WE,Federal Contract Tower,65,7,3,27,102,0,210,23,2,235,65,217,26,29,337,56,10,66,403
10/20/2011,LIH,HI,AWP,WE,Federal Contract Tower,64,8,4,22,98,0,206,26,10,242,64,214,30,32,340,58,12,70,410
10/21/2011,LIH,HI,AWP,WE,Federal Contract Tower,73,6,1,9,89,0,162,27,1,190,73,168,28,10,279,42,0,42,321
10/22/2011,LIH,HI,AWP,WE,Federal Contract Tower,74,8,2,0,84,0,127,15,0,142,74,135,17,0,226,18,0,18,244
10/23/2011,LIH,HI,AWP,WE,Federal Contract Tower,73,2,4,0,79,0,134,5,0,139,73,136,9,0,218,19,0,19,237
10/24/2011,LIH,HI,AWP,WE,Federal Contract Tower,66,7,0,6,79,0,185,8,1,194,66,192,8,7,273,33,0,33,306
10/25/2011,LIH,HI,AWP,WE,Federal Contract Tower,63,7,6,4,80,0,180,12,0,192,63,187,18,4,272,29,3,32,304
10/26/2011,LIH,HI,AWP,WE,Federal Contract Tower,66,6,1,26,99,0,175,6,12,193,66,181,7,38,292,25,6,31,323
10/27/2011,LIH,HI,AWP,WE,Federal Contract Tower,66,10,0,18,94,0,186,12,1,199,66,196,12,19,293,32,4,36,329
10/28/2011,LIH,HI,AWP,WE,Federal Contract Tower,72,12,2,32,118,0,149,16,1,166,72,161,18,33,284,58,0,58,342
10/29/2011,LIH,HI,AWP,WE,Federal Contract Tower,75,3,0,0,78,0,98,7,0,105,75,101,7,0,183,5,0,5,188
10/30/2011,LIH,HI,AWP,WE,Federal Contract Tower,70,2,1,0,73,0,135,10,0,145,70,137,11,0,218,8,0,8,226
10/31/2011,LIH,HI,AWP,WE,Federal Contract Tower,68,9,2,18,97,0,186,5,3,194,68,195,7,21,291,12,6,18,309
11/01/2011,LIH,HI,AWP,WE,Federal Contract Tower,64,6,1,15,86,0,120,10,1,131,64,126,11,16,217,18,9,27,244
11/02/2011,LIH,HI,AWP,WE,Federal Contract Tower,63,11,0,13,87,0,77,9,4,90,63,88,9,17,177,40,9,49,226
11/03/2011,LIH,HI,AWP,WE,Federal Contract Tower,64,11,2,21,98,0,202,19,3,224,64,213,21,24,322,32,6,38,360
11/04/2011,LIH,HI,AWP,WE,Federal Contract Tower,71,9,0,5,85,0,99,9,4,112,71,108,9,9,197,24,18,42,239
11/05/2011,LIH,HI,AWP,WE,Federal Contract Tower,76,5,0,3,84,0,1,4,0,5,76,6,4,3,89,0,0,0,89
11/06/2011,LIH,HI,AWP,WE,Federal Contract Tower,61,2,1,0,64,0,125,7,2,134,61,127,8,2,198,10,0,10,208
11/07/2011,LIH,HI,AWP,WE,Federal Contract Tower,63,6,8,8,85,0,142,4,0,146,63,148,12,8,231,16,3,19,250
11/08/2011,LIH,HI,AWP,WE,Federal Contract Tower,62,8,1,12,83,0,204,35,1,240,62,212,36,13,323,58,0,58,381
11/09/2011,LIH,HI,AWP,WE,Federal Contract Tower,62,14,1,14,91,0,162,15,0,177,62,176,16,14,268,43,0,43,311
11/10/2011,LIH,HI,AWP,WE,Federal Contract Tower,59,14,9,7,89,0,167,6,2,175,59,181,15,9,264,56,1,57,321
11/11/2011,LIH,HI,AWP,WE,Federal Contract Tower,74,8,1,1,84,0,96,14,0,110,74,104,15,1,194,24,0,24,218
11/12/2011,LIH,HI,AWP,WE,Federal Contract Tower,73,3,3,9,88,0,107,13,0,120,73,110,16,9,208,12,0,12,220
11/13/2011,LIH,HI,AWP,WE,Federal Contract Tower,71,4,2,8,85,0,116,14,0,130,71,120,16,8,215,22,5,27,242
11/14/2011,LIH,HI,AWP,WE,Federal Contract Tower,67,20,2,8,97,0,151,5,0,156,67,171,7,8,253,18,0,18,271
11/15/2011,LIH,HI,AWP,WE,Federal Contract Tower,65,6,3,7,81,0,152,14,2,168,65,158,17,9,249,64,0,64,313
11/16/2011,LIH,HI,AWP,WE,Federal Contract Tower,64,8,4,9,85,0,149,25,0,174,64,157,29,9,259,14,0,14,273
11/17/2011,LIH,HI,AWP,WE,Federal Contract Tower,63,9,5,32,109,0,153,16,0,169,63,162,21,32,278,30,15,45,323
11/18/2011,LIH,HI,AWP,WE,Federal Contract Tower,73,9,3,0,85,0,72,5,0,77,73,81,8,0,162,26,0,26,188
11/19/2011,LIH,HI,AWP,WE,Federal Contract Tower,74,4,3,0,81,0,73,2,0,75,74,77,5,0,156,40,0,40,196
11/20/2011,LIH,HI,AWP,WE,Federal Contract Tower,71,2,2,0,75,0,93,2,0,95,71,95,4,0,170,6,0,6,176
11/21/2011,LIH,HI,AWP,WE,Federal Contract Tower,66,10,1,7,84,0,148,10,3,161,66,158,11,10,245,20,0,20,265
11/22/2011,LIH,HI,AWP,WE,Federal Contract Tower,65,8,9,7,89,0,122,7,4,133,65,130,16,11,222,34,0,34,256
11/23/2011,LIH,HI,AWP,WE,Federal Contract Tower,69,6,0,4,79,0,155,17,0,172,69,161,17,4,251,33,3,36,287
11/24/2011,LIH,HI,AWP,WE,Federal Contract Tower,61,3,1,0,65,0,135,3,1,139,61,138,4,1,204,7,0,7,211
11/25/2011,LIH,HI,AWP,WE,Federal Contract Tower,72,13,4,0,89,0,141,17,0,158,72,154,21,0,247,60,0,60,307
11/26/2011,LIH,HI,AWP,WE,Federal Contract Tower,74,4,3,0,81,0,79,3,0,82,74,83,6,0,163,8,0,8,171
11/27/2011,LIH,HI,AWP,WE,Federal Contract Tower,78,1,6,0,85,0,100,6,0,106,78,101,12,0,191,6,0,6,197
11/28/2011,LIH,HI,AWP,WE,Federal Contract Tower,67,11,3,32,113,0,109,7,0,116,67,120,10,32,229,23,16,39,268
11/29/2011,LIH,HI,AWP,WE,Federal Contract Tower,61,8,4,20,93,0,140,18,5,163,61,148,22,25,256,32,12,44,300
11/30/2011,LIH,HI,AWP,WE,Federal Contract Tower,62,8,5,28,103,0,77,15,4,96,62,85,20,32,199,20,5,25,224
12/01/2011,LIH,HI,AWP,WE,Federal Contract Tower,68,15,1,25,109,0,110,12,3,125,68,125,13,28,234,53,4,57,291
12/02/2011,LIH,HI,AWP,WE,Federal Contract Tower,73,9,3,17,102,0,51,9,1,61,73,60,12,18,163,74,12,86,249
12/03/2011,LIH,HI,AWP,WE,Federal Contract Tower,75,3,0,12,90,0,109,8,0,117,75,112,8,12,207,65,0,65,272
12/04/2011,LIH,HI,AWP,WE,Federal Contract Tower,70,2,0,2,74,0,80,20,0,100,70,82,20,2,174,78,1,79,253
12/05/2011,LIH,HI,AWP,WE,Federal Contract Tower,73,9,1,12,95,0,143,5,0,148,73,152,6,12,243,28,10,38,281
12/06/2011,LIH,HI,AWP,WE,Federal Contract Tower,61,9,2,24,96,0,142,21,0,163,61,151,23,24,259,84,23,107,366
12/07/2011,LIH,HI,AWP,WE,Federal Contract Tower,57,8,6,16,87,0,127,13,0,140,57,135,19,16,227,34,2,36,263
12/08/2011,LIH,HI,AWP,WE,Federal Contract Tower,64,6,1,22,93,0,164,17,3,184,64,170,18,25,277,72,12,84,361
12/09/2011,LIH,HI,AWP,WE,Federal Contract Tower,72,12,2,7,93,0,116,27,2,145,72,128,29,9,238,34,10,44,282
12/10/2011,LIH,HI,AWP,WE,Federal Contract Tower,74,10,0,0,84,0,102,4,1,107,74,112,4,1,191,114,0,114,305
12/11/2011,LIH,HI,AWP,WE,Federal Contract Tower,69,5,3,3,80,60,4,1,0,65,129,9,4,3,145,119,0,119,264
12/12/2011,LIH,HI,AWP,WE,Federal Contract Tower,69,13,3,11,96,0,88,4,3,95,69,101,7,14,191,40,4,44,235
12/13/2011,LIH,HI,AWP,WE,Federal Contract Tower,64,11,0,4,79,0,80,6,1,87,64,91,6,5,166,86,25,111,277
12/14/2011,LIH,HI,AWP,WE,Federal Contract Tower,63,13,3,11,90,0,139,10,0,149,63,152,13,11,239,78,1,79,318
12/15/2011,LIH,HI,AWP,WE,Federal Contract Tower,64,12,1,12,89,0,152,12,1,165,64,164,13,13,254,33,6,39,293
12/16/2011,LIH,HI,AWP,WE,Federal Contract Tower,73,17,4,5,99,0,134,17,1,152,73,151,21,6,251,45,2,47,298
12/17/2011,LIH,HI,AWP,WE,Federal Contract Tower,75,6,6,0,87,0,92,2,0,94,75,98,8,0,181,4,0,4,185
12/18/2011,LIH,HI,AWP,WE,Federal Contract Tower,71,1,4,0,76,0,92,5,0,97,71,93,9,0,173,26,0,26,199
12/19/2011,LIH,HI,AWP,WE,Federal Contract Tower,68,15,5,5,93,0,139,3,0,142,68,154,8,5,235,24,1,25,260
12/20/2011,LIH,HI,AWP,WE,Federal Contract Tower,61,11,4,6,82,0,122,8,0,130,61,133,12,6,212,24,0,24,236
12/21/2011,LIH,HI,AWP,WE,Federal Contract Tower,67,10,1,11,89,0,120,14,0,134,67,130,15,11,223,28,0,28,251
12/22/2011,LIH,HI,AWP,WE,Federal Contract Tower,70,12,4,2,88,0,165,10,0,175,70,177,14,2,263,34,0,34,297
12/23/2011,LIH,HI,AWP,WE,Federal Contract Tower,79,13,4,2,98,0,160,22,0,182,79,173,26,2,280,36,10,46,326
12/24/2011,LIH,HI,AWP,WE,Federal Contract Tower,75,7,1,0,83,0,126,0,0,126,75,133,1,0,209,8,0,8,217
12/25/2011,LIH,HI,AWP,WE,Federal Contract Tower,70,0,7,0,77,0,71,0,1,72,70,71,7,1,149,8,0,8,157
12/26/2011,LIH,HI,AWP,WE,Federal Contract Tower,72,2,9,0,83,0,232,3,0,235,72,234,12,0,318,30,0,30,348
12/27/2011,LIH,HI,AWP,WE,Federal Contract Tower,67,9,10,7,93,0,210,8,3,221,67,219,18,10,314,30,0,30,344
12/28/2011,LIH,HI,AWP,WE,Federal Contract Tower,70,7,5,14,96,0,228,23,0,251,70,235,28,14,347,65,16,81,428
12/29/2011,LIH,HI,AWP,WE,Federal Contract Tower,70,10,9,3,92,0,214,20,1,235,70,224,29,4,327,48,0,48,375
12/30/2011,LIH,HI,AWP,WE,Federal Contract Tower,82,9,10,2,103,0,180,22,0,202,82,189,32,2,305,67,0,67,372
12/31/2011,LIH,HI,AWP,WE,Federal Contract Tower,72,5,2,0,79,0,170,13,0,183,72,175,15,0,262,5,0,5,267
01/01/2012,LIH,HI,AWP,WE,Federal Contract Tower,79,1,5,0,85,0,115,8,0,123,79,116,13,0,208,22,0,22,230
01/02/2012,LIH,HI,AWP,WE,Federal Contract Tower,73,1,11,0,85,0,213,7,0,220,73,214,18,0,305,14,0,14,319
01/03/2012,LIH,HI,AWP,WE,Federal Contract Tower,68,7,9,11,95,0,154,14,6,174,68,161,23,17,269,40,6,46,315
01/04/2012,LIH,HI,AWP,WE,Federal Contract Tower,62,7,2,8,79,0,138,12,1,151,62,145,14,9,230,17,0,17,247
01/05/2012,LIH,HI,AWP,WE,Federal Contract Tower,67,8,7,43,125,0,187,11,5,203,67,195,18,48,328,30,2,32,360
01/06/2012,LIH,HI,AWP,WE,Federal Contract Tower,75,6,3,15,99,0,178,15,1,194,75,184,18,16,293,34,8,42,335
01/07/2012,LIH,HI,AWP,WE,Federal Contract Tower,78,5,4,2,89,0,92,14,0,106,78,97,18,2,195,28,0,28,223
01/08/2012,LIH,HI,AWP,WE,Federal Contract Tower,75,6,1,5,87,0,136,12,0,148,75,142,13,5,235,47,0,47,282
01/09/2012,LIH,HI,AWP,WE,Federal Contract Tower,74,7,2,11,94,0,134,5,0,139,74,141,7,11,233,43,1,44,277
01/10/2012,LIH,HI,AWP,WE,Federal Contract Tower,64,15,1,12,92,0,138,17,0,155,64,153,18,12,247,24,2,26,273
01/11/2012,LIH,HI,AWP,WE,Federal Contract Tower,72,6,6,12,96,0,158,5,0,163,72,164,11,12,259,37,4,41,300
01/12/2012,LIH,HI,AWP,WE,Federal Contract Tower,72,11,5,8,96,0,166,15,1,182,72,177,20,9,278,27,0,27,305
01/13/2012,LIH,HI,AWP,WE,Federal Contract Tower,79,10,8,6,103,0,134,15,1,150,79,144,23,7,253,28,1,29,282
01/14/2012,LIH,HI,AWP,WE,Federal Contract Tower,79,7,1,0,87,0,93,13,0,106,79,100,14,0,193,18,0,18,211
01/15/2012,LIH,HI,AWP,WE,Federal Contract Tower,77,3,2,1,83,0,53,17,0,70,77,56,19,1,153,14,0,14,167
01/16/2012,LIH,HI,AWP,WE,Federal Contract Tower,78,12,3,0,93,0,12,3,0,15,78,24,6,0,108,4,0,4,112
01/17/2012,LIH,HI,AWP,WE,Federal Contract Tower,72,7,1,0,80,0,0,1,0,1,72,7,2,0,81,2,0,2,83
01/18/2012,LIH,HI,AWP,WE,Federal Contract Tower,72,14,5,26,117,0,109,4,5,118,72,123,9,31,235,47,3,50,285
01/19/2012,LIH,HI,AWP,WE,Federal Contract Tower,71,8,6,9,94,0,200,22,4,226,71,208,28,13,320,52,26,78,398
01/20/2012,LIH,HI,AWP,WE,Federal Contract Tower,80,11,8,11,110,0,188,14,2,204,80,199,22,13,314,52,5,57,371
01/21/2012,LIH,HI,AWP,WE,Federal Contract Tower,78,15,0,2,95,0,148,18,0,166,78,163,18,2,261,26,0,26,287
01/22/2012,LIH,HI,AWP,WE,Federal Contract Tower,77,5,0,2,84,0,119,5,0,124,77,124,5,2,208,64,0,64,272
01/23/2012,LIH,HI,AWP,WE,Federal Contract Tower,73,13,2,10,98,0,145,6,2,153,73,158,8,12,251,24,1,25,276
01/24/2012,LIH,HI,AWP,WE,Federal Contract Tower,70,14,3,5,92,0,136,22,0,158,70,150,25,5,250,49,0,49,299
01/25/2012,LIH,HI,AWP,WE,Federal Contract Tower,77,9,0,0,86,0,142,17,2,161,77,151,17,2,247,44,0,44,291
01/26/2012,LIH,HI,AWP,WE,Federal Contract Tower,73,10,13,8,104,0,37,2,0,39,73,47,15,8,143,16,0,16,159
01/27/2012,LIH,HI,AWP,WE,Federal Contract Tower,77,10,6,0,93,0,154,18,0,172,77,164,24,0,265,49,0,49,314
01/28/2012,LIH,HI,AWP,WE,Federal Contract Tower,83,13,2,0,98,0,135,19,0,154,83,148,21,0,252,10,0,10,262
01/29/2012,LIH,HI,AWP,WE,Federal Contract Tower,76,3,0,0,79,0,152,16,0,168,76,155,16,0,247,24,0,24,271
01/30/2012,LIH,HI,AWP,WE,Federal Contract Tower,72,16,0,11,99,0,145,5,1,151,72,161,5,12,250,69,5,74,324
01/31/2012,LIH,HI,AWP,WE,Federal Contract Tower,71,9,2,12,94,0,130,20,0,150,71,139,22,12,244,70,4,74,318
02/01/2012,LIH,HI,AWP,WE,Federal Contract Tower,78,9,3,14,104,0,137,20,0,157,78,146,23,14,261,40,1,41,302
02/02/2012,LIH,HI,AWP,WE,Federal Contract Tower,72,9,1,25,107,0,139,28,3,170,72,148,29,28,277,27,0,27,304
02/03/2012,LIH,HI,AWP,WE,Federal Contract Tower,78,8,2,4,92,0,123,26,1,150,78,131,28,5,242,36,26,62,304
02/04/2012,LIH,HI,AWP,WE,Federal Contract Tower,83,2,3,8,96,0,111,31,0,142,83,113,34,8,238,19,4,23,261
02/05/2012,LIH,HI,AWP,WE,Federal Contract Tower,79,3,2,0,84,0,42,11,0,53,79,45,13,0,137,18,0,18,155
02/06/2012,LIH,HI,AWP,WE,Federal Contract Tower,74,10,2,4,90,0,185,2,0,187,74,195,4,4,277,27,12,39,316
02/07/2012,LIH,HI,AWP,WE,Federal Contract Tower,76,9,2,0,87,0,10,2,0,12,76,19,4,0,99,8,0,8,107
02/08/2012,LIH,HI,AWP,WE,Federal Contract Tower,67,8,1,5,81,0,204,11,2,217,67,212,12,7,298,28,1,29,327
02/09/2012,LIH,HI,AWP,WE,Federal Contract Tower,74,9,6,2,91,0,172,20,0,192,74,181,26,2,283,67,0,67,350
02/10/2012,LIH,HI,AWP,WE,Federal Contract Tower,80,12,5,2,99,0,197,13,2,212,80,209,18,4,311,58,0,58,369
02/11/2012,LIH,HI,AWP,WE,Federal Contract Tower,77,7,1,10,95,0,152,12,2,166,77,159,13,12,261,24,18,42,303
02/12/2012,LIH,HI,AWP,WE,Federal Contract Tower,78,6,1,4,89,0,122,14,0,136,78,128,15,4,225,48,0,48,273
02/13/2012,LIH,HI,AWP,WE,Federal Contract Tower,72,8,6,6,92,0,188,13,0,201,72,196,19,6,293,64,3,67,360
02/14/2012,LIH,HI,AWP,WE,Federal Contract Tower,71,7,4,2,84,0,188,29,0,217,71,195,33,2,301,52,5,57,358
02/15/2012,LIH,HI,AWP,WE,Federal Contract Tower,70,7,2,2,81,0,178,17,1,196,70,185,19,3,277,49,0,49,326
02/16/2012,LIH,HI,AWP,WE,Federal Contract Tower,74,8,3,9,94,0,167,26,0,193,74,175,29,9,287,65,1,66,353
02/17/2012,LIH,HI,AWP,WE,Federal Contract Tower,79,8,4,8,99,0,161,28,0,189,79,169,32,8,288,59,0,59,347
02/18/2012,LIH,HI,AWP,WE,Federal Contract Tower,78,6,10,6,100,0,131,14,0,145,78,137,24,6,245,22,12,34,279
02/19/2012,LIH,HI,AWP,WE,Federal Contract Tower,75,2,4,0,81,0,86,3,0,89,75,88,7,0,170,8,0,8,178
02/20/2012,LIH,HI,AWP,WE,Federal Contract Tower,78,10,0,0,88,0,154,6,0,160,78,164,6,0,248,33,0,33,281
02/21/2012,LIH,HI,AWP,WE,Federal Contract Tower,71,10,5,17,103,0,158,9,2,169,71,168,14,19,272,25,18,43,315
02/22/2012,LIH,HI,AWP,WE,Federal Contract Tower,65,11,0,2,78,0,184,17,0,201,65,195,17,2,279,82,0,82,361
02/23/2012,LIH,HI,AWP,WE,Federal Contract Tower,71,11,3,4,89,0,177,24,4,205,71,188,27,8,294,98,0,98,392
02/24/2012,LIH,HI,AWP,WE,Federal Contract Tower,79,7,4,10,100,0,141,19,2,162,79,148,23,12,262,89,0,89,351
02/25/2012,LIH,HI,AWP,WE,Federal Contract Tower,80,5,2,4,91,0,73,13,0,86,80,78,15,4,177,18,0,18,195
02/26/2012,LIH,HI,AWP,WE,Federal Contract Tower,76,6,1,4,87,0,0,1,0,1,76,6,2,4,88,0,0,0,88
02/27/2012,LIH,HI,AWP,WE,Federal Contract Tower,76,9,2,18,105,0,186,18,1,205,76,195,20,19,310,67,10,77,387
02/28/2012,LIH,HI,AWP,WE,Federal Contract Tower,72,9,3,3,87,0,150,15,2,167,72,159,18,5,254,74,8,82,336
02/29/2012,LIH,HI,AWP,WE,Federal Contract Tower,72,12,3,5,92,0,76,11,0,87,72,88,14,5,179,21,12,33,212
03/01/2012,LIH,HI,AWP,WE,Federal Contract Tower,72,9,1,1,83,0,164,16,1,181,72,173,17,2,264,63,0,63,327
03/02/2012,LIH,HI,AWP,WE,Federal Contract Tower,77,11,6,8,102,0,160,17,0,177,77,171,23,8,279,42,2,44,323
03/03/2012,LIH,HI,AWP,WE,Federal Contract Tower,80,8,7,0,95,0,65,6,0,71,80,73,13,0,166,80,0,80,246
03/04/2012,LIH,HI,AWP,WE,Federal Contract Tower,77,1,0,0,78,0,2,4,0,6,77,3,4,0,84,28,0,28,112
03/05/2012,LIH,HI,AWP,WE,Federal Contract Tower,68,13,2,7,90,0,0,0,0,0,68,13,2,7,90,0,0,0,90
03/06/2012,LIH,HI,AWP,WE,Federal Contract Tower,75,13,4,3,95,0,43,4,2,49,75,56,8,5,144,25,0,25,169
03/07/2012,LIH,HI,AWP,WE,Federal Contract Tower,76,11,8,2,97,0,169,13,0,182,76,180,21,2,279,77,0,77,356
03/08/2012,LIH,HI,AWP,WE,Federal Contract Tower,69,9,5,6,89,0,198,10,2,210,69,207,15,8,299,28,0,28,327
03/09/2012,LIH,HI,AWP,WE,Federal Contract Tower,76,12,1,0,89,0,38,0,0,38,76,50,1,0,127,6,0,6,133
03/10/2012,LIH,HI,AWP,WE,Federal Contract Tower,79,10,5,10,104,0,112,9,0,121,79,122,14,10,225,14,0,14,239
03/11/2012,LIH,HI,AWP,WE,Federal Contract Tower,75,3,1,7,86,0,44,4,2,50,75,47,5,9,136,38,0,38,174
03/12/2012,LIH,HI,AWP,WE,Federal Contract Tower,76,10,2,8,96,0,174,15,1,190,76,184,17,9,286,56,1,57,343
03/13/2012,LIH,HI,AWP,WE,Federal Contract Tower,71,9,2,6,88,0,178,31,5,214,71,187,33,11,302,104,5,109,411
03/14/2012,LIH,HI,AWP,WE,Federal Contract Tower,75,9,2,24,110,0,202,17,4,223,75,211,19,28,333,54,36,90,423
03/15/2012,LIH,HI,AWP,WE,Federal Contract Tower,74,7,2,11,94,0,209,27,7,243,74,216,29,18,337,70,14,84,421
03/16/2012,LIH,HI,AWP,WE,Federal Contract Tower,78,10,0,10,98,0,185,9,4,198,78,195,9,14,296,60,4,64,360
03/17/2012,LIH,HI,AWP,WE,Federal Contract Tower,81,4,6,0,91,0,178,16,0,194,81,182,22,0,285,17,0,17,302
03/18/2012,LIH,HI,AWP,WE,Federal Contract Tower,79,2,4,0,85,0,120,11,0,131,79,122,15,0,216,12,0,12,228
03/19/2012,LIH,HI,AWP,WE,Federal Contract Tower,73,12,0,12,97,0,163,7,0,170,73,175,7,12,267,103,32,135,402
03/20/2012,LIH,HI,AWP,WE,Federal Contract Tower,72,12,0,6,90,0,181,16,2,199,72,193,16,8,289,100,10,110,399
03/21/2012,LIH,HI,AWP,WE,Federal Contract Tower,78,11,2,8,99,0,158,14,1,173,78,169,16,9,272,111,3,114,386
03/22/2012,LIH,HI,AWP,WE,Federal Contract Tower,74,15,0,3,92,0,174,15,3,192,74,189,15,6,284,41,0,41,325
03/23/2012,LIH,HI,AWP,WE,Federal Contract Tower,81,21,4,18,124,0,95,9,0,104,81,116,13,18,228,72,0,72,300
03/24/2012,LIH,HI,AWP,WE,Federal Contract Tower,82,4,2,6,94,0,130,14,0,144,82,134,16,6,238,8,0,8,246
03/25/2012,LIH,HI,AWP,WE,Federal Contract Tower,81,2,1,0,84,0,143,10,0,153,81,145,11,0,237,36,0,36,273
03/26/2012,LIH,HI,AWP,WE,Federal Contract Tower,78,8,15,7,108,0,206,12,3,221,78,214,27,10,329,52,22,74,403
03/27/2012,LIH,HI,AWP,WE,Federal Contract Tower,72,8,3,6,89,0,188,12,1,201,72,196,15,7,290,18,4,22,312
03/28/2012,LIH,HI,AWP,WE,Federal Contract Tower,72,15,3,7,97,0,169,28,0,197,72,184,31,7,294,24,0,24,318
03/29/2012,LIH,HI,AWP,WE,Federal Contract Tower,77,13,7,3,100,0,171,32,0,203,77,184,39,3,303,20,1,21,324
03/30/2012,LIH,HI,AWP,WE,Federal Contract Tower,79,14,4,14,111,0,165,12,0,177,79,179,16,14,288,58,0,58,346
03/31/2012,LIH,HI,AWP,WE,Federal Contract Tower,85,7,4,0,96,0,104,26,0,130,85,111,30,0,226,24,0,24,250
04/01/2012,LIH,HI,AWP,WE,Federal Contract Tower,73,6,4,4,87,0,116,8,0,124,73,122,12,4,211,64,0,64,275
04/02/2012,LIH,HI,AWP,WE,Federal Contract Tower,77,9,1,9,96,0,185,25,2,212,77,194,26,11,308,44,28,72,380
04/03/2012,LIH,HI,AWP,WE,Federal Contract Tower,76,8,1,7,92,0,142,24,0,166,76,150,25,7,258,62,3,65,323
04/04/2012,LIH,HI,AWP,WE,Federal Contract Tower,73,12,6,3,94,0,206,23,2,231,73,218,29,5,325,50,3,53,378
04/05/2012,LIH,HI,AWP,WE,Federal Contract Tower,75,10,2,10,97,0,169,18,1,188,75,179,20,11,285,86,1,87,372
04/06/2012,LIH,HI,AWP,WE,Federal Contract Tower,84,8,2,10,104,0,166,22,2,190,84,174,24,12,294,72,0,72,366
04/07/2012,LIH,HI,AWP,WE,Federal Contract Tower,85,5,2,0,92,0,93,3,0,96,85,98,5,0,188,13,0,13,201
04/08/2012,LIH,HI,AWP,WE,Federal Contract Tower,83,3,0,0,86,0,43,3,0,46,83,46,3,0,132,11,0,11,143
04/09/2012,LIH,HI,AWP,WE,Federal Contract Tower,77,15,1,0,93,0,152,25,0,177,77,167,26,0,270,32,0,32,302
04/10/2012,LIH,HI,AWP,WE,Federal Contract Tower,73,11,6,4,94,0,154,11,0,165,73,165,17,4,259,64,0,64,323
04/11/2012,LIH,HI,AWP,WE,Federal Contract Tower,75,14,2,5,96,0,133,19,1,153,75,147,21,6,249,91,1,92,341
04/12/2012,LIH,HI,AWP,WE,Federal Contract Tower,78,7,6,2,93,0,179,10,1,190,78,186,16,3,283,73,0,73,356
04/13/2012,LIH,HI,AWP,WE,Federal Contract Tower,80,9,4,3,96,0,182,27,0,209,80,191,31,3,305,35,2,37,342
04/14/2012,LIH,HI,AWP,WE,Federal Contract Tower,87,2,5,0,94,0,133,19,0,152,87,135,24,0,246,23,0,23,269
04/15/2012,LIH,HI,AWP,WE,Federal Contract Tower,80,2,3,0,85,0,97,10,0,107,80,99,13,0,192,21,0,21,213
04/16/2012,LIH,HI,AWP,WE,Federal Contract Tower,73,12,4,9,98,0,164,7,1,172,73,176,11,10,270,95,4,99,369
04/17/2012,LIH,HI,AWP,WE,Federal Contract Tower,75,9,2,3,89,0,154,16,0,170,75,163,18,3,259,105,0,105,364
04/18/2012,LIH,HI,AWP,WE,Federal Contract Tower,76,10,10,6,102,0,164,13,0,177,76,174,23,6,279,128,8,136,415
04/19/2012,LIH,HI,AWP,WE,Federal Contract Tower,75,8,14,8,105,0,192,37,4,233,75,200,51,12,338,162,0,162,500
04/20/2012,LIH,HI,AWP,WE,Federal Contract Tower,84,11,1,9,105,0,172,7,0,179,84,183,8,9,284,63,12,75,359
04/21/2012,LIH,HI,AWP,WE,Federal Contract Tower,84,4,4,0,92,0,136,25,0,161,84,140,29,0,253,77,1,78,331
04/22/2012,LIH,HI,AWP,WE,Federal Contract Tower,81,4,3,0,88,0,124,4,0,128,81,128,7,0,216,49,0,49,265
04/23/2012,LIH,HI,AWP,WE,Federal Contract Tower,78,8,4,26,116,0,160,14,3,177,78,168,18,29,293,110,59,169,462
04/24/2012,LIH,HI,AWP,WE,Federal Contract Tower,75,9,1,9,94,0,178,4,1,183,75,187,5,10,277,38,5,43,320
04/25/2012,LIH,HI,AWP,WE,Federal Contract Tower,75,10,1,2,88,0,176,12,0,188,75,186,13,2,276,75,0,75,351
04/26/2012,LIH,HI,AWP,WE,Federal Contract Tower,74,9,8,6,97,0,169,24,2,195,74,178,32,8,292,118,1,119,411
04/27/2012,LIH,HI,AWP,WE,Federal Contract Tower,92,7,0,0,99,0,191,15,0,206,92,198,15,0,305,60,0,60,365
04/28/2012,LIH,HI,AWP,WE,Federal Contract Tower,79,3,3,0,85,0,174,26,0,200,79,177,29,0,285,42,0,42,327
04/29/2012,LIH,HI,AWP,WE,Federal Contract Tower,80,6,5,0,91,0,148,11,0,159,80,154,16,0,250,9,0,9,259
04/30/2012,LIH,HI,AWP,WE,Federal Contract Tower,73,15,0,1,89,0,186,24,0,210,73,201,24,1,299,15,0,15,314
05/01/2012,LIH,HI,AWP,WE,Federal Contract Tower,75,7,2,11,95,0,144,20,2,166,75,151,22,13,261,56,23,79,340
05/02/2012,LIH,HI,AWP,WE,Federal Contract Tower,74,15,3,7,99,0,205,18,2,225,74,220,21,9,324,95,4,99,423
05/03/2012,LIH,HI,AWP,WE,Federal Contract Tower,76,6,6,8,96,0,177,20,1,198,76,183,26,9,294,117,2,119,413
05/04/2012,LIH,HI,AWP,WE,Federal Contract Tower,79,13,2,0,94,0,170,7,0,177,79,183,9,0,271,30,0,30,301
05/05/2012,LIH,HI,AWP,WE,Federal Contract Tower,79,0,4,5,88,0,158,18,0,176,79,158,22,5,264,60,4,64,328
05/06/2012,LIH,HI,AWP,WE,Federal Contract Tower,82,5,6,9,102,0,114,5,0,119,82,119,11,9,221,19,0,19,240
05/07/2012,LIH,HI,AWP,WE,Federal Contract Tower,81,17,1,2,101,0,225,17,1,243,81,242,18,3,344,86,0,86,430
05/08/2012,LIH,HI,AWP,WE,Federal Contract Tower,77,17,4,25,123,0,204,19,2,225,77,221,23,27,348,131,7,138,486
05/09/2012,LIH,HI,AWP,WE,Federal Contract Tower,74,9,2,8,93,0,166,45,0,211,74,175,47,8,304,108,24,132,436
05/10/2012,LIH,HI,AWP,WE,Federal Contract Tower,75,10,3,5,93,0,213,25,1,239,75,223,28,6,332,74,14,88,420
05/11/2012,LIH,HI,AWP,WE,Federal Contract Tower,83,10,2,6,101,0,173,11,0,184,83,183,13,6,285,62,11,73,358
05/12/2012,LIH,HI,AWP,WE,Federal Contract Tower,84,2,6,0,92,0,143,34,0,177,84,145,40,0,269,83,0,83,352
05/13/2012,LIH,HI,AWP,WE,Federal Contract Tower,85,2,1,0,88,0,139,11,0,150,85,141,12,0,238,7,15,22,260
05/14/2012,LIH,HI,AWP,WE,Federal Contract Tower,84,8,4,8,104,0,156,13,0,169,84,164,17,8,273,36,18,54,327
05/15/2012,LIH,HI,AWP,WE,Federal Contract Tower,72,9,1,4,86,0,158,16,1,175,72,167,17,5,261,56,2,58,319
05/16/2012,LIH,HI,AWP,WE,Federal Contract Tower,72,8,2,2,84,0,134,20,0,154,72,142,22,2,238,38,0,38,276
05/17/2012,LIH,HI,AWP,WE,Federal Contract Tower,73,11,2,6,92,0,180,29,3,212,73,191,31,9,304,55,25,80,384
05/18/2012,LIH,HI,AWP,WE,Federal Contract Tower,85,9,1,1,96,0,165,30,0,195,85,174,31,1,291,123,12,135,426
05/19/2012,LIH,HI,AWP,WE,Federal Contract Tower,91,6,6,4,107,0,128,16,1,145,91,134,22,5,252,92,5,97,349
05/20/2012,LIH,HI,AWP,WE,Federal Contract Tower,88,3,2,0,93,0,136,16,0,152,88,139,18,0,245,5,0,5,250
05/21/2012,LIH,HI,AWP,WE,Federal Contract Tower,71,7,2,11,91,0,178,7,1,186,71,185,9,12,277,87,3,90,367
05/22/2012,LIH,HI,AWP,WE,Federal Contract Tower,71,11,2,13,97,0,174,10,0,184,71,185,12,13,281,86,11,97,378
05/23/2012,LIH,HI,AWP,WE,Federal Contract Tower,71,10,2,11,94,0,161,36,1,198,71,171,38,12,292,110,12,122,414
05/24/2012,LIH,HI,AWP,WE,Federal Contract Tower,76,8,6,0,90,0,185,34,1,220,76,193,40,1,310,68,0,68,378
05/25/2012,LIH,HI,AWP,WE,Federal Contract Tower,90,13,5,3,111,0,192,29,0,221,90,205,34,3,332,46,0,46,378
05/26/2012,LIH,HI,AWP,WE,Federal Contract Tower,84,2,4,0,90,0,120,11,0,131,84,122,15,0,221,14,0,14,235
05/27/2012,LIH,HI,AWP,WE,Federal Contract Tower,83,6,5,0,94,0,149,6,0,155,83,155,11,0,249,16,0,16,265
05/28/2012,LIH,HI,AWP,WE,Federal Contract Tower,76,1,5,1,83,0,176,10,0,186,76,177,15,1,269,45,0,45,314
05/29/2012,LIH,HI,AWP,WE,Federal Contract Tower,72,9,4,3,88,0,182,34,2,218,72,191,38,5,306,93,2,95,401
05/30/2012,LIH,HI,AWP,WE,Federal Contract Tower,75,8,7,8,98,0,170,43,0,213,75,178,50,8,311,38,2,40,351
05/31/2012,LIH,HI,AWP,WE,Federal Contract Tower,75,13,3,4,95,0,186,28,2,216,75,199,31,6,311,49,1,50,361
06/01/2012,LIH,HI,AWP,WE,Federal Contract Tower,84,11,7,0,102,0,201,38,1,240,84,212,45,1,342,80,0,80,422
06/02/2012,LIH,HI,AWP,WE,Federal Contract Tower,93,5,4,8,110,0,179,19,8,206,93,184,23,16,316,82,0,82,398
06/03/2012,LIH,HI,AWP,WE,Federal Contract Tower,87,5,4,1,97,0,117,6,0,123,87,122,10,1,220,38,0,38,258
06/04/2012,LIH,HI,AWP,WE,Federal Contract Tower,86,7,5,16,114,0,217,24,2,243,86,224,29,18,357,101,12,113,470
06/05/2012,LIH,HI,AWP,WE,Federal Contract Tower,76,9,4,15,104,0,148,28,1,177,76,157,32,16,281,72,8,80,361
06/06/2012,LIH,HI,AWP,WE,Federal Contract Tower,80,9,10,15,114,0,128,15,2,145,80,137,25,17,259,40,2,42,301
06/07/2012,LIH,HI,AWP,WE,Federal Contract Tower,82,10,5,10,107,0,169,20,15,204,82,179,25,25,311,40,6,46,357
06/08/2012,LIH,HI,AWP,WE,Federal Contract Tower,99,10,3,4,116,0,192,26,0,218,99,202,29,4,334,32,0,32,366
06/09/2012,LIH,HI,AWP,WE,Federal Contract Tower,96,11,1,1,109,0,175,9,0,184,96,186,10,1,293,45,22,67,360
06/10/2012,LIH,HI,AWP,WE,Federal Contract Tower,95,5,1,1,102,0,139,7,0,146,95,144,8,1,248,0,0,0,248
06/11/2012,LIH,HI,AWP,WE,Federal Contract Tower,82,10,3,13,108,0,188,23,1,212,82,198,26,14,320,47,6,53,373
06/12/2012,LIH,HI,AWP,WE,Federal Contract Tower,81,8,1,1,91,0,182,22,0,204,81,190,23,1,295,70,0,70,365
06/13/2012,LIH,HI,AWP,WE,Federal Contract Tower,82,18,2,0,102,0,160,34,0,194,82,178,36,0,296,76,0,76,372
06/14/2012,LIH,HI,AWP,WE,Federal Contract Tower,87,38,4,0,129,0,214,10,3,227,87,252,14,3,356,44,0,44,400
06/15/2012,LIH,HI,AWP,WE,Federal Contract Tower,92,11,5,0,108,0,228,11,0,239,92,239,16,0,347,136,0,136,483
06/16/2012,LIH,HI,AWP,WE,Federal Contract Tower,87,8,6,0,101,0,155,17,2,174,87,163,23,2,275,7,0,7,282
06/17/2012,LIH,HI,AWP,WE,Federal Contract Tower,86,9,1,0,96,0,136,9,0,145,86,145,10,0,241,21,0,21,262
06/18/2012,LIH,HI,AWP,WE,Federal Contract Tower,84,9,5,8,106,0,161,10,0,171,84,170,15,8,277,125,4,129,406
06/19/2012,LIH,HI,AWP,WE,Federal Contract Tower,83,7,1,10,101,0,60,7,4,71,83,67,8,14,172,68,3,71,243
06/20/2012,LIH,HI,AWP,WE,Federal Contract Tower,81,10,0,10,101,0,218,8,0,226,81,228,8,10,327,55,0,55,382
06/21/2012,LIH,HI,AWP,WE,Federal Contract Tower,91,9,3,18,121,0,256,6,0,262,91,265,9,18,383,123,12,135,518
06/22/2012,LIH,HI,AWP,WE,Federal Contract Tower,95,12,5,3,115,0,247,19,2,268,95,259,24,5,383,87,2,89,472
06/23/2012,LIH,HI,AWP,WE,Federal Contract Tower,93,3,6,0,102,0,156,16,0,172,93,159,22,0,274,96,0,96,370
06/24/2012,LIH,HI,AWP,WE,Federal Contract Tower,93,8,1,0,102,0,177,14,0,191,93,185,15,0,293,26,2,28,321
06/25/2012,LIH,HI,AWP,WE,Federal Contract Tower,83,10,3,3,99,0,141,14,0,155,83,151,17,3,254,52,2,54,308
06/26/2012,LIH,HI,AWP,WE,Federal Contract Tower,81,8,2,16,107,0,207,19,2,228,81,215,21,18,335,117,0,117,452
06/27/2012,LIH,HI,AWP,WE,Federal Contract Tower,86,10,3,9,108,0,155,24,1,180,86,165,27,10,288,89,2,91,379
06/28/2012,LIH,HI,AWP,WE,Federal Contract Tower,93,12,3,10,118,0,253,13,11,277,93,265,16,21,395,66,0,66,461
06/29/2012,LIH,HI,AWP,WE,Federal Contract Tower,97,10,5,5,117,0,201,15,9,225,97,211,20,14,342,33,38,71,413
06/30/2012,LIH,HI,AWP,WE,Federal Contract Tower,97,4,6,2,109,0,162,18,11,191,97,166,24,13,300,40,4,44,344
07/01/2012,LIH,HI,AWP,WE,Federal Contract Tower,86,1,1,0,88,0,167,13,0,180,86,168,14,0,268,11,0,11,279
07/02/2012,LIH,HI,AWP,WE,Federal Contract Tower,82,11,5,8,106,0,236,20,10,266,82,247,25,18,372,96,7,103,475
07/03/2012,LIH,HI,AWP,WE,Federal Contract Tower,79,10,5,2,96,0,204,38,0,242,79,214,43,2,338,92,0,92,430
07/04/2012,LIH,HI,AWP,WE,Federal Contract Tower,82,2,1,0,85,0,197,18,0,215,82,199,19,0,300,29,0,29,329
07/05/2012,LIH,HI,AWP,WE,Federal Contract Tower,90,2,2,5,99,0,159,23,1,183,90,161,25,6,282,44,0,44,326
07/06/2012,LIH,HI,AWP,WE,Federal Contract Tower,91,8,5,16,120,0,224,17,0,241,91,232,22,16,361,54,16,70,431
07/07/2012,LIH,HI,AWP,WE,Federal Contract Tower,92,6,5,3,106,0,182,19,0,201,92,188,24,3,307,33,2,35,342
07/08/2012,LIH,HI,AWP,WE,Federal Contract Tower,91,5,3,2,101,0,174,14,0,188,91,179,17,2,289,51,0,51,340
07/09/2012,LIH,HI,AWP,WE,Federal Contract Tower,85,7,0,3,95,0,209,14,2,225,85,216,14,5,320,90,1,91,411
07/10/2012,LIH,HI,AWP,WE,Federal Contract Tower,82,12,2,2,98,0,198,21,0,219,82,210,23,2,317,148,2,150,467
07/11/2012,LIH,HI,AWP,WE,Federal Contract Tower,79,11,5,4,99,0,166,33,2,201,79,177,38,6,300,70,2,72,372
07/12/2012,LIH,HI,AWP,WE,Federal Contract Tower,86,11,1,12,110,0,198,22,3,223,86,209,23,15,333,76,0,76,409
07/13/2012,LIH,HI,AWP,WE,Federal Contract Tower,97,14,1,3,115,0,151,20,0,171,97,165,21,3,286,84,0,84,370
07/14/2012,LIH,HI,AWP,WE,Federal Contract Tower,99,10,3,8,120,0,199,17,2,218,99,209,20,10,338,22,4,26,364
07/15/2012,LIH,HI,AWP,WE,Federal Contract Tower,92,6,2,2,102,0,132,15,3,150,92,138,17,5,252,36,2,38,290
07/16/2012,LIH,HI,AWP,WE,Federal Contract Tower,88,5,3,0,96,0,139,12,0,151,88,144,15,0,247,29,0,29,276
07/17/2012,LIH,HI,AWP,WE,Federal Contract Tower,79,11,2,0,92,0,95,19,0,114,79,106,21,0,206,69,1,70,276
07/18/2012,LIH,HI,AWP,WE,Federal Contract Tower,85,12,3,4,104,0,148,26,2,176,85,160,29,6,280,116,4,120,400
07/19/2012,LIH,HI,AWP,WE,Federal Contract Tower,86,15,1,17,119,0,218,21,9,248,86,233,22,26,367,109,12,121,488
07/20/2012,LIH,HI,AWP,WE,Federal Contract Tower,91,11,1,4,107,0,246,24,2,272,91,257,25,6,379,30,0,30,409
07/21/2012,LIH,HI,AWP,WE,Federal Contract Tower,96,7,5,0,108,0,168,8,0,176,96,175,13,0,284,70,0,70,354
07/22/2012,LIH,HI,AWP,WE,Federal Contract Tower,90,8,2,0,100,0,170,9,0,179,90,178,11,0,279,24,0,24,303
07/23/2012,LIH,HI,AWP,WE,Federal Contract Tower,86,6,0,5,97,0,223,8,1,232,86,229,8,6,329,107,3,110,439
07/24/2012,LIH,HI,AWP,WE,Federal Contract Tower,79,9,5,0,93,0,196,23,0,219,79,205,28,0,312,98,0,98,410
07/25/2012,LIH,HI,AWP,WE,Federal Contract Tower,79,10,3,12,104,0,164,26,0,190,79,174,29,12,294,85,3,88,382
07/26/2012,LIH,HI,AWP,WE,Federal Contract Tower,84,8,6,10,108,0,213,28,0,241,84,221,34,10,349,46,0,46,395
07/27/2012,LIH,HI,AWP,WE,Federal Contract Tower,88,6,1,11,106,0,200,13,0,213,88,206,14,11,319,44,0,44,363
07/28/2012,LIH,HI,AWP,WE,Federal Contract Tower,90,8,0,0,98,0,152,17,2,171,90,160,17,2,269,44,0,44,313
07/29/2012,LIH,HI,AWP,WE,Federal Contract Tower,96,2,1,0,99,0,132,6,0,138,96,134,7,0,237,27,0,27,264
07/30/2012,LIH,HI,AWP,WE,Federal Contract Tower,78,7,0,2,87,0,183,5,3,191,78,190,5,5,278,65,1,66,344
07/31/2012,LIH,HI,AWP,WE,Federal Contract Tower,82,8,8,11,109,0,154,14,0,168,82,162,22,11,277,62,4,66,343
08/01/2012,LIH,HI,AWP,WE,Federal Contract Tower,79,10,2,8,99,0,168,30,3,201,79,178,32,11,300,68,4,72,372
08/02/2012,LIH,HI,AWP,WE,Federal Contract Tower,83,11,0,21,115,0,204,31,2,237,83,215,31,23,352,101,2,103,455
08/03/2012,LIH,HI,AWP,WE,Federal Contract Tower,90,7,1,3,101,0,216,20,6,242,90,223,21,9,343,19,8,27,370
08/04/2012,LIH,HI,AWP,WE,Federal Contract Tower,92,7,2,4,105,0,157,19,0,176,92,164,21,4,281,57,0,57,338
08/05/2012,LIH,HI,AWP,WE,Federal Contract Tower,91,4,0,2,97,0,137,8,0,145,91,141,8,2,242,20,0,20,262
08/06/2012,LIH,HI,AWP,WE,Federal Contract Tower,89,10,1,4,104,0,221,12,1,234,89,231,13,5,338,48,2,50,388
08/07/2012,LIH,HI,AWP,WE,Federal Contract Tower,77,10,3,2,92,0,180,12,0,192,77,190,15,2,284,39,8,47,331
08/08/2012,LIH,HI,AWP,WE,Federal Contract Tower,80,9,1,8,98,0,142,10,0,152,80,151,11,8,250,70,24,94,344
08/09/2012,LIH,HI,AWP,WE,Federal Contract Tower,80,11,1,5,97,0,194,19,2,215,80,205,20,7,312,53,12,65,377
08/10/2012,LIH,HI,AWP,WE,Federal Contract Tower,95,9,4,2,110,0,212,15,0,227,95,221,19,2,337,42,0,42,379
08/11/2012,LIH,HI,AWP,WE,Federal Contract Tower,94,7,2,0,103,0,164,18,0,182,94,171,20,0,285,20,0,20,305
08/12/2012,LIH,HI,AWP,WE,Federal Contract Tower,85,26,0,0,111,0,129,3,0,132,85,155,3,0,243,14,0,14,257
08/13/2012,LIH,HI,AWP,WE,Federal Contract Tower,81,6,1,26,114,0,170,17,4,191,81,176,18,30,305,67,32,99,404
08/14/2012,LIH,HI,AWP,WE,Federal Contract Tower,74,8,0,12,94,0,158,15,3,176,74,166,15,15,270,44,15,59,329
08/15/2012,LIH,HI,AWP,WE,Federal Contract Tower,78,11,0,1,90,0,182,44,1,227,78,193,44,2,317,88,0,88,405
08/16/2012,LIH,HI,AWP,WE,Federal Contract Tower,82,11,3,6,102,0,254,30,10,294,82,265,33,16,396,105,1,106,502
08/17/2012,LIH,HI,AWP,WE,Federal Contract Tower,84,13,0,4,101,0,189,16,0,205,84,202,16,4,306,24,0,24,330
08/18/2012,LIH,HI,AWP,WE,Federal Contract Tower,88,6,1,0,95,0,175,14,0,189,88,181,15,0,284,12,0,12,296
08/19/2012,LIH,HI,AWP,WE,Federal Contract Tower,99,2,7,0,108,0,179,5,0,184,99,181,12,0,292,42,0,42,334
08/20/2012,LIH,HI,AWP,WE,Federal Contract Tower,77,8,5,0,90,0,162,20,0,182,77,170,25,0,272,65,0,65,337
08/21/2012,LIH,HI,AWP,WE,Federal Contract Tower,70,10,1,10,91,0,184,34,2,220,70,194,35,12,311,46,14,60,371
08/22/2012,LIH,HI,AWP,WE,Federal Contract Tower,77,10,0,8,95,0,194,26,0,220,77,204,26,8,315,32,3,35,350
08/23/2012,LIH,HI,AWP,WE,Federal Contract Tower,79,8,0,0,87,0,176,22,3,201,79,184,22,3,288,40,0,40,328
08/24/2012,LIH,HI,AWP,WE,Federal Contract Tower,89,13,4,2,108,0,170,24,6,200,89,183,28,8,308,35,0,35,343
08/25/2012,LIH,HI,AWP,WE,Federal Contract Tower,95,3,0,0,98,0,158,24,0,182,95,161,24,0,280,30,0,30,310
08/26/2012,LIH,HI,AWP,WE,Federal Contract Tower,100,2,2,0,104,0,151,12,0,163,100,153,14,0,267,28,0,28,295
08/27/2012,LIH,HI,AWP,WE,Federal Contract Tower,77,7,1,10,95,0,133,4,0,137,77,140,5,10,232,25,3,28,260
08/28/2012,LIH,HI,AWP,WE,Federal Contract Tower,71,9,1,11,92,0,144,15,0,159,71,153,16,11,251,94,6,100,351
08/29/2012,LIH,HI,AWP,WE,Federal Contract Tower,74,11,2,11,98,0,136,21,3,160,74,147,23,14,258,27,10,37,295
08/30/2012,LIH,HI,AWP,WE,Federal Contract Tower,79,12,1,4,96,0,210,31,2,243,79,222,32,6,339,44,1,45,384
08/31/2012,LIH,HI,AWP,WE,Federal Contract Tower,92,10,1,0,103,0,198,16,0,214,92,208,17,0,317,20,0,20,337
09/01/2012,LIH,HI,AWP,WE,Federal Contract Tower,83,5,2,0,90,0,134,3,0,137,83,139,5,0,227,12,0,12,239
09/02/2012,LIH,HI,AWP,WE,Federal Contract Tower,82,9,5,0,96,0,142,0,0,142,82,151,5,0,238,6,0,6,244
09/03/2012,LIH,HI,AWP,WE,Federal Contract Tower,79,1,4,0,84,0,187,6,0,193,79,188,10,0,277,38,0,38,315
09/04/2012,LIH,HI,AWP,WE,Federal Contract Tower,65,11,5,2,83,0,162,18,0,180,65,173,23,2,263,34,2,36,299
09/05/2012,LIH,HI,AWP,WE,Federal Contract Tower,69,9,1,6,85,0,142,15,1,158,69,151,16,7,243,50,3,53,296
09/06/2012,LIH,HI,AWP,WE,Federal Contract Tower,73,8,6,9,96,0,210,26,4,240,73,218,32,13,336,46,0,46,382
09/07/2012,LIH,HI,AWP,WE,Federal Contract Tower,78,11,3,4,96,0,181,12,0,193,78,192,15,4,289,24,10,34,323
09/08/2012,LIH,HI,AWP,WE,Federal Contract Tower,79,10,5,5,99,0,145,4,0,149,79,155,9,5,248,13,10,23,271
09/09/2012,LIH,HI,AWP,WE,Federal Contract Tower,82,5,4,0,91,0,121,6,0,127,82,126,10,0,218,6,0,6,224
09/10/2012,LIH,HI,AWP,WE,Federal Contract Tower,70,7,1,3,81,0,167,30,5,202,70,174,31,8,283,24,0,24,307
09/11/2012,LIH,HI,AWP,WE,Federal Contract Tower,67,6,2,5,80,0,172,35,0,207,67,178,37,5,287,36,4,40,327
09/12/2012,LIH,HI,AWP,WE,Federal Contract Tower,69,9,3,18,99,0,154,26,0,180,69,163,29,18,279,22,11,33,312
09/13/2012,LIH,HI,AWP,WE,Federal Contract Tower,70,11,2,19,102,0,198,42,3,243,70,209,44,22,345,48,6,54,399
09/14/2012,LIH,HI,AWP,WE,Federal Contract Tower,66,7,5,2,80,0,157,22,0,179,66,164,27,2,259,14,0,14,273
09/15/2012,LIH,HI,AWP,WE,Federal Contract Tower,79,5,4,4,92,0,176,2,0,178,79,181,6,4,270,12,4,16,286
09/16/2012,LIH,HI,AWP,WE,Federal Contract Tower,77,4,0,2,83,0,158,5,0,163,77,162,5,2,246,4,0,4,250
09/17/2012,LIH,HI,AWP,WE,Federal Contract Tower,71,6,4,21,102,0,147,25,3,175,71,153,29,24,277,24,1,25,302
09/18/2012,LIH,HI,AWP,WE,Federal Contract Tower,68,10,0,11,89,0,170,23,3,196,68,180,23,14,285,16,3,19,304
09/19/2012,LIH,HI,AWP,WE,Federal Contract Tower,68,9,3,4,84,0,198,19,0,217,68,207,22,4,301,19,14,33,334
09/20/2012,LIH,HI,AWP,WE,Federal Contract Tower,72,11,4,10,97,0,222,24,3,249,72,233,28,13,346,31,8,39,385
09/21/2012,LIH,HI,AWP,WE,Federal Contract Tower,82,11,1,5,99,0,160,24,0,184,82,171,25,5,283,20,14,34,317
09/22/2012,LIH,HI,AWP,WE,Federal Contract Tower,92,4,1,0,97,0,147,13,0,160,92,151,14,0,257,14,0,14,271
09/23/2012,LIH,HI,AWP,WE,Federal Contract Tower,75,8,1,3,87,0,168,8,2,178,75,176,9,5,265,6,1,7,272
09/24/2012,LIH,HI,AWP,WE,Federal Contract Tower,72,11,0,1,84,0,205,14,1,220,72,216,14,2,304,6,0,6,310
09/25/2012,LIH,HI,AWP,WE,Federal Contract Tower,68,7,2,2,79,0,189,29,0,218,68,196,31,2,297,28,0,28,325
09/26/2012,LIH,HI,AWP,WE,Federal Contract Tower,73,8,1,12,94,0,197,17,0,214,73,205,18,12,308,69,8,77,385
09/27/2012,LIH,HI,AWP,WE,Federal Contract Tower,72,11,1,12,96,0,205,24,0,229,72,216,25,12,325,36,18,54,379
09/28/2012,LIH,HI,AWP,WE,Federal Contract Tower,84,7,1,0,92,0,174,24,0,198,84,181,25,0,290,10,0,10,300
09/29/2012,LIH,HI,AWP,WE,Federal Contract Tower,85,4,3,0,92,0,129,21,0,150,85,133,24,0,242,0,0,0,242
09/30/2012,LIH,HI,AWP,WE,Federal Contract Tower,84,9,3,0,96,0,136,4,0,140,84,145,7,0,236,122,0,122,358
10/01/2012,LIH,HI,AWP,WE,Federal Contract Tower,71,3,1,5,80,0,172,15,6,193,71,175,16,11,273,47,9,56,329
10/02/2012,LIH,HI,AWP,WE,Federal Contract Tower,70,7,2,6,85,0,185,43,0,228,70,192,45,6,313,33,0,33,346
10/03/2012,LIH,HI,AWP,WE,Federal Contract Tower,69,13,0,5,87,0,176,13,8,197,69,189,13,13,284,34,0,34,318
10/04/2012,LIH,HI,AWP,WE,Federal Contract Tower,78,7,4,4,93,0,197,22,0,219,78,204,26,4,312,24,0,24,336
10/05/2012,LIH,HI,AWP,WE,Federal Contract Tower,82,16,0,4,102,0,174,20,0,194,82,190,20,4,296,12,0,12,308
10/06/2012,LIH,HI,AWP,WE,Federal Contract Tower,79,6,5,3,93,0,136,3,1,140,79,142,8,4,233,17,0,17,250
10/07/2012,LIH,HI,AWP,WE,Federal Contract Tower,77,2,0,0,79,0,129,3,0,132,77,131,3,0,211,38,0,38,249
10/08/2012,LIH,HI,AWP,WE,Federal Contract Tower,77,6,0,0,83,0,61,13,0,74,77,67,13,0,157,2,0,2,159
10/09/2012,LIH,HI,AWP,WE,Federal Contract Tower,68,17,1,8,94,0,178,22,3,203,68,195,23,11,297,26,16,42,339
10/10/2012,LIH,HI,AWP,WE,Federal Contract Tower,72,8,3,2,85,0,210,35,0,245,72,218,38,2,330,65,0,65,395
10/11/2012,LIH,HI,AWP,WE,Federal Contract Tower,73,8,0,12,93,0,224,42,0,266,73,232,42,12,359,35,0,35,394
10/12/2012,LIH,HI,AWP,WE,Federal Contract Tower,84,15,7,9,115,0,204,23,2,229,84,219,30,11,344,22,0,22,366
10/13/2012,LIH,HI,AWP,WE,Federal Contract Tower,83,9,5,8,105,0,187,20,2,209,83,196,25,10,314,12,0,12,326
10/14/2012,LIH,HI,AWP,WE,Federal Contract Tower,76,12,0,6,94,0,139,15,1,155,76,151,15,7,249,8,0,8,257
10/15/2012,LIH,HI,AWP,WE,Federal Contract Tower,78,15,1,0,94,0,225,24,1,250,78,240,25,1,344,20,0,20,364
10/16/2012,LIH,HI,AWP,WE,Federal Contract Tower,68,12,1,3,84,0,160,33,4,197,68,172,34,7,281,16,2,18,299
10/17/2012,LIH,HI,AWP,WE,Federal Contract Tower,66,12,2,2,82,0,188,20,1,209,66,200,22,3,291,32,2,34,325
10/18/2012,LIH,HI,AWP,WE,Federal Contract Tower,75,8,2,4,89,0,233,23,3,259,75,241,25,7,348,30,24,54,402
10/19/2012,LIH,HI,AWP,WE,Federal Contract Tower,78,11,3,2,94,0,197,25,0,222,78,208,28,2,316,22,0,22,338
10/20/2012,LIH,HI,AWP,WE,Federal Contract Tower,77,6,3,5,91,0,194,19,0,213,77,200,22,5,304,26,14,40,344
10/21/2012,LIH,HI,AWP,WE,Federal Contract Tower,91,7,2,0,100,0,174,12,0,186,91,181,14,0,286,0,0,0,286
10/22/2012,LIH,HI,AWP,WE,Federal Contract Tower,72,10,9,8,99,0,195,29,5,229,72,205,38,13,328,15,18,33,361
10/23/2012,LIH,HI,AWP,WE,Federal Contract Tower,66,8,0,8,82,0,159,16,1,176,66,167,16,9,258,29,4,33,291
10/24/2012,LIH,HI,AWP,WE,Federal Contract Tower,68,7,3,11,89,0,170,37,1,208,68,177,40,12,297,32,0,32,329
10/25/2012,LIH,HI,AWP,WE,Federal Contract Tower,72,11,4,5,92,0,215,36,0,251,72,226,40,5,343,18,8,26,369
10/26/2012,LIH,HI,AWP,WE,Federal Contract Tower,83,11,1,11,106,0,179,10,0,189,83,190,11,11,295,21,2,23,318
10/27/2012,LIH,HI,AWP,WE,Federal Contract Tower,77,5,2,0,84,0,161,13,0,174,77,166,15,0,258,22,0,22,280
10/28/2012,LIH,HI,AWP,WE,Federal Contract Tower,81,1,1,0,83,0,171,16,0,187,81,172,17,0,270,30,0,30,300
10/29/2012,LIH,HI,AWP,WE,Federal Contract Tower,68,9,5,5,87,0,177,33,1,211,68,186,38,6,298,93,22,115,413
10/30/2012,LIH,HI,AWP,WE,Federal Contract Tower,67,12,0,2,81,0,164,22,0,186,67,176,22,2,267,97,0,97,364
10/31/2012,LIH,HI,AWP,WE,Federal Contract Tower,66,7,1,4,78,0,182,43,0,225,66,189,44,4,303,86,0,86,389
11/01/2012,LIH,HI,AWP,WE,Federal Contract Tower,68,11,2,21,102,0,182,18,1,201,68,193,20,22,303,68,12,80,383
11/02/2012,LIH,HI,AWP,WE,Federal Contract Tower,73,12,6,7,98,0,125,14,2,141,73,137,20,9,239,66,12,78,317
11/03/2012,LIH,HI,AWP,WE,Federal Contract Tower,76,4,1,6,87,0,152,19,0,171,76,156,20,6,258,4,0,4,262
11/04/2012,LIH,HI,AWP,WE,Federal Contract Tower,69,2,0,2,73,0,123,20,0,143,69,125,20,2,216,62,0,62,278
11/05/2012,LIH,HI,AWP,WE,Federal Contract Tower,72,8,2,7,89,0,197,27,1,225,72,205,29,8,314,44,4,48,362
11/06/2012,LIH,HI,AWP,WE,Federal Contract Tower,67,6,5,0,78,0,158,41,0,199,67,164,46,0,277,36,0,36,313
11/07/2012,LIH,HI,AWP,WE,Federal Contract Tower,66,10,4,12,92,0,169,14,0,183,66,179,18,12,275,28,0,28,303
11/08/2012,LIH,HI,AWP,WE,Federal Contract Tower,71,9,6,17,103,0,240,21,4,265,71,249,27,21,368,40,3,43,411
11/09/2012,LIH,HI,AWP,WE,Federal Contract Tower,80,9,6,19,114,0,167,12,0,179,80,176,18,19,293,24,4,28,321
11/10/2012,LIH,HI,AWP,WE,Federal Contract Tower,79,7,0,0,86,0,146,18,0,164,79,153,18,0,250,16,0,16,266
11/11/2012,LIH,HI,AWP,WE,Federal Contract Tower,72,1,0,0,73,0,160,9,0,169,72,161,9,0,242,36,0,36,278
11/12/2012,LIH,HI,AWP,WE,Federal Contract Tower,70,12,0,0,82,0,228,17,0,245,70,240,17,0,327,4,0,4,331
11/13/2012,LIH,HI,AWP,WE,Federal Contract Tower,68,8,1,1,78,0,186,11,0,197,68,194,12,1,275,30,2,32,307
11/14/2012,LIH,HI,AWP,WE,Federal Contract Tower,68,9,3,10,90,0,166,29,0,195,68,175,32,10,285,20,0,20,305
11/15/2012,LIH,HI,AWP,WE,Federal Contract Tower,83,5,2,9,99,0,185,18,0,203,83,190,20,9,302,22,0,22,324
11/16/2012,LIH,HI,AWP,WE,Federal Contract Tower,75,9,3,4,91,0,157,16,1,174,75,166,19,5,265,50,0,50,315
11/17/2012,LIH,HI,AWP,WE,Federal Contract Tower,79,2,1,0,82,0,123,7,0,130,79,125,8,0,212,49,0,49,261
11/18/2012,LIH,HI,AWP,WE,Federal Contract Tower,73,4,2,0,79,0,148,7,0,155,73,152,9,0,234,4,0,4,238
11/19/2012,LIH,HI,AWP,WE,Federal Contract Tower,69,13,2,14,98,0,207,12,0,219,69,220,14,14,317,12,10,22,339
11/20/2012,LIH,HI,AWP,WE,Federal Contract Tower,70,12,7,4,93,0,160,5,0,165,70,172,12,4,258,112,2,114,372
11/21/2012,LIH,HI,AWP,WE,Federal Contract Tower,75,13,6,0,94,0,217,10,0,227,75,230,16,0,321,132,0,132,453
11/22/2012,LIH,HI,AWP,WE,Federal Contract Tower,68,3,1,0,72,0,134,6,0,140,68,137,7,0,212,14,0,14,226
11/23/2012,LIH,HI,AWP,WE,Federal Contract Tower,78,7,8,0,93,0,183,11,0,194,78,190,19,0,287,44,0,44,331
11/24/2012,LIH,HI,AWP,WE,Federal Contract Tower,78,2,3,0,83,0,194,9,0,203,78,196,12,0,286,6,0,6,292
11/25/2012,LIH,HI,AWP,WE,Federal Contract Tower,78,1,4,0,83,0,142,2,0,144,78,143,6,0,227,40,0,40,267
11/26/2012,LIH,HI,AWP,WE,Federal Contract Tower,77,10,3,2,92,0,177,32,1,210,77,187,35,3,302,47,1,48,350
11/27/2012,LIH,HI,AWP,WE,Federal Contract Tower,68,8,1,1,78,0,156,33,1,190,68,164,34,2,268,40,0,40,308
11/28/2012,LIH,HI,AWP,WE,Federal Contract Tower,67,7,2,0,76,0,165,30,0,195,67,172,32,0,271,39,0,39,310
11/29/2012,LIH,HI,AWP,WE,Federal Contract Tower,72,3,4,2,81,0,189,17,0,206,72,192,21,2,287,38,0,38,325
11/30/2012,LIH,HI,AWP,WE,Federal Contract Tower,77,6,8,8,99,0,168,18,4,190,77,174,26,12,289,16,0,16,305
12/01/2012,LIH,HI,AWP,WE,Federal Contract Tower,79,4,1,4,88,0,135,13,0,148,79,139,14,4,236,13,0,13,249
12/02/2012,LIH,HI,AWP,WE,Federal Contract Tower,77,6,1,4,88,0,92,6,0,98,77,98,7,4,186,14,0,14,200
12/03/2012,LIH,HI,AWP,WE,Federal Contract Tower,71,15,10,3,99,0,64,3,0,67,71,79,13,3,166,14,1,15,181
12/04/2012,LIH,HI,AWP,WE,Federal Contract Tower,57,9,7,4,77,0,108,27,12,147,57,117,34,16,224,26,2,28,252
12/05/2012,LIH,HI,AWP,WE,Federal Contract Tower,68,10,1,6,85,0,35,1,0,36,68,45,2,6,121,4,0,4,125
12/06/2012,LIH,HI,AWP,WE,Federal Contract Tower,70,8,2,4,84,0,225,11,0,236,70,233,13,4,320,18,0,18,338
12/07/2012,LIH,HI,AWP,WE,Federal Contract Tower,76,6,0,5,87,0,168,19,0,187,76,174,19,5,274,14,0,14,288
12/08/2012,LIH,HI,AWP,WE,Federal Contract Tower,82,4,0,0,86,0,152,11,0,163,82,156,11,0,249,8,0,8,257
12/09/2012,LIH,HI,AWP,WE,Federal Contract Tower,70,8,3,0,81,0,107,10,0,117,70,115,13,0,198,36,0,36,234
12/10/2012,LIH,HI,AWP,WE,Federal Contract Tower,70,18,2,15,105,0,158,29,1,188,70,176,31,16,293,50,20,70,363
12/11/2012,LIH,HI,AWP,WE,Federal Contract Tower,67,9,12,10,98,0,124,32,1,157,67,133,44,11,255,28,0,28,283
12/12/2012,LIH,HI,AWP,WE,Federal Contract Tower,65,9,5,0,79,0,146,20,0,166,65,155,25,0,245,29,0,29,274
12/13/2012,LIH,HI,AWP,WE,Federal Contract Tower,70,19,7,10,106,0,144,15,0,159,70,163,22,10,265,30,0,30,295
12/14/2012,LIH,HI,AWP,WE,Federal Contract Tower,76,13,0,3,92,0,156,23,0,179,76,169,23,3,271,26,10,36,307
12/15/2012,LIH,HI,AWP,WE,Federal Contract Tower,80,6,3,4,93,0,156,7,0,163,80,162,10,4,256,36,0,36,292
12/16/2012,LIH,HI,AWP,WE,Federal Contract Tower,79,7,0,1,87,0,125,11,0,136,79,132,11,1,223,12,0,12,235
12/17/2012,LIH,HI,AWP,WE,Federal Contract Tower,68,18,4,0,90,0,99,21,0,120,68,117,25,0,210,0,0,0,210
12/18/2012,LIH,HI,AWP,WE,Federal Contract Tower,64,24,8,5,101,0,2,5,0,7,64,26,13,5,108,11,1,12,120
12/19/2012,LIH,HI,AWP,WE,Federal Contract Tower,66,11,5,0,82,0,154,19,0,173,66,165,24,0,255,12,0,12,267
12/20/2012,LIH,HI,AWP,WE,Federal Contract Tower,70,15,6,5,96,0,210,24,1,235,70,225,30,6,331,18,0,18,349
12/21/2012,LIH,HI,AWP,WE,Federal Contract Tower,76,12,4,8,100,0,228,23,0,251,76,240,27,8,351,20,0,20,371
12/22/2012,LIH,HI,AWP,WE,Federal Contract Tower,72,7,9,2,90,0,236,10,0,246,72,243,19,2,336,8,0,8,344
12/23/2012,LIH,HI,AWP,WE,Federal Contract Tower,76,7,3,0,86,0,197,1,0,198,76,204,4,0,284,10,0,10,294
12/24/2012,LIH,HI,AWP,WE,Federal Contract Tower,75,14,0,2,91,0,228,12,0,240,75,242,12,2,331,14,0,14,345
12/25/2012,LIH,HI,AWP,WE,Federal Contract Tower,66,2,1,0,69,0,88,20,0,108,66,90,21,0,177,19,0,19,196
12/26/2012,LIH,HI,AWP,WE,Federal Contract Tower,75,11,12,2,100,0,266,39,0,305,75,277,51,2,405,49,0,49,454
12/27/2012,LIH,HI,AWP,WE,Federal Contract Tower,70,8,12,14,104,0,275,33,5,313,70,283,45,19,417,43,8,51,468
12/28/2012,LIH,HI,AWP,WE,Federal Contract Tower,78,7,9,0,94,0,314,21,2,337,78,321,30,2,431,18,0,18,449
12/29/2012,LIH,HI,AWP,WE,Federal Contract Tower,73,2,2,0,77,0,251,37,0,288,73,253,39,0,365,24,0,24,389
12/30/2012,LIH,HI,AWP,WE,Federal Contract Tower,75,4,1,0,80,0,275,20,0,295,75,279,21,0,375,5,0,5,380
12/31/2012,LIH,HI,AWP,WE,Federal Contract Tower,74,15,2,0,91,0,257,10,0,267,74,272,12,0,358,6,0,6,364
01/01/2013,LIH,HI,AWP,WE,Federal Contract Tower,67,1,5,0,73,0,218,5,0,223,67,219,10,0,296,22,0,22,318
01/02/2013,LIH,HI,AWP,WE,Federal Contract Tower,70,12,10,8,100,0,152,20,0,172,70,164,30,8,272,44,8,52,324
01/03/2013,LIH,HI,AWP,WE,Federal Contract Tower,72,11,7,1,91,0,140,28,1,169,72,151,35,2,260,36,0,36,296
01/04/2013,LIH,HI,AWP,WE,Federal Contract Tower,79,7,3,21,110,0,273,17,1,291,79,280,20,22,401,0,0,0,401
01/05/2013,LIH,HI,AWP,WE,Federal Contract Tower,77,10,8,8,103,0,177,2,0,179,77,187,10,8,282,13,0,13,295
01/06/2013,LIH,HI,AWP,WE,Federal Contract Tower,77,3,0,6,86,180,14,0,0,194,257,17,0,6,280,25,0,25,305
01/07/2013,LIH,HI,AWP,WE,Federal Contract Tower,74,19,4,6,103,0,148,43,0,191,74,167,47,6,294,39,0,39,333
01/08/2013,LIH,HI,AWP,WE,Federal Contract Tower,67,10,5,14,96,0,124,38,0,162,67,134,43,14,258,28,14,42,300
01/09/2013,LIH,HI,AWP,WE,Federal Contract Tower,65,12,5,10,92,0,182,18,0,200,65,194,23,10,292,34,0,34,326
01/10/2013,LIH,HI,AWP,WE,Federal Contract Tower,66,12,3,0,81,0,225,18,0,243,66,237,21,0,324,20,0,20,344
01/11/2013,LIH,HI,AWP,WE,Federal Contract Tower,72,9,2,0,83,0,193,8,2,203,72,202,10,2,286,30,0,30,316
01/12/2013,LIH,HI,AWP,WE,Federal Contract Tower,68,5,3,0,76,0,181,9,0,190,68,186,12,0,266,16,0,16,282
01/13/2013,LIH,HI,AWP,WE,Federal Contract Tower,67,6,3,0,76,0,121,5,0,126,67,127,8,0,202,7,0,7,209
01/14/2013,LIH,HI,AWP,WE,Federal Contract Tower,67,9,1,6,83,0,148,31,0,179,67,157,32,6,262,26,10,36,298
01/15/2013,LIH,HI,AWP,WE,Federal Contract Tower,66,12,2,0,80,0,184,37,0,221,66,196,39,0,301,40,0,40,341
01/16/2013,LIH,HI,AWP,WE,Federal Contract Tower,71,19,12,2,104,0,174,43,0,217,71,193,55,2,321,34,0,34,355
01/17/2013,LIH,HI,AWP,WE,Federal Contract Tower,71,15,1,23,110,0,222,13,2,237,71,237,14,25,347,28,7,35,382
01/18/2013,LIH,HI,AWP,WE,Federal Contract Tower,72,14,3,1,90,0,210,14,0,224,72,224,17,1,314,30,10,40,354
01/19/2013,LIH,HI,AWP,WE,Federal Contract Tower,80,8,5,8,101,0,167,8,0,175,80,175,13,8,276,35,0,35,311
01/20/2013,LIH,HI,AWP,WE,Federal Contract Tower,68,6,3,0,77,0,227,0,0,227,68,233,3,0,304,39,0,39,343
01/21/2013,LIH,HI,AWP,WE,Federal Contract Tower,70,11,0,0,81,0,205,30,0,235,70,216,30,0,316,49,0,49,365
01/22/2013,LIH,HI,AWP,WE,Federal Contract Tower,58,11,3,9,81,0,152,36,0,188,58,163,39,9,269,30,0,30,299
01/23/2013,LIH,HI,AWP,WE,Federal Contract Tower,59,10,5,19,93,0,182,30,1,213,59,192,35,20,306,44,20,64,370
01/24/2013,LIH,HI,AWP,WE,Federal Contract Tower,61,12,5,24,102,0,225,19,3,247,61,237,24,27,349,30,12,42,391
01/25/2013,LIH,HI,AWP,WE,Federal Contract Tower,70,9,6,19,104,0,204,9,1,214,70,213,15,20,318,38,15,53,371
01/26/2013,LIH,HI,AWP,WE,Federal Contract Tower,74,1,5,0,80,0,178,2,2,182,74,179,7,2,262,12,0,12,274
01/27/2013,LIH,HI,AWP,WE,Federal Contract Tower,62,3,1,0,66,0,0,0,0,0,62,3,1,0,66,0,0,0,66
01/28/2013,LIH,HI,AWP,WE,Federal Contract Tower,68,10,5,5,88,0,145,25,1,171,68,155,30,6,259,32,3,35,294
01/29/2013,LIH,HI,AWP,WE,Federal Contract Tower,69,10,0,12,91,0,172,32,2,206,69,182,32,14,297,30,16,46,343
01/30/2013,LIH,HI,AWP,WE,Federal Contract Tower,72,5,3,25,105,0,182,24,0,206,72,187,27,25,311,34,20,54,365
01/31/2013,LIH,HI,AWP,WE,Federal Contract Tower,68,11,7,18,104,0,259,29,14,302,68,270,36,32,406,15,48,63,469
02/01/2013,LIH,HI,AWP,WE,Federal Contract Tower,76,7,7,10,100,0,203,17,0,220,76,210,24,10,320,24,0,24,344
02/02/2013,LIH,HI,AWP,WE,Federal Contract Tower,69,3,1,0,73,0,183,11,0,194,69,186,12,0,267,31,0,31,298
02/03/2013,LIH,HI,AWP,WE,Federal Contract Tower,68,5,3,0,76,0,191,7,0,198,68,196,10,0,274,6,0,6,280
02/04/2013,LIH,HI,AWP,WE,Federal Contract Tower,70,8,0,1,79,0,180,53,0,233,70,188,53,1,312,63,0,63,375
02/05/2013,LIH,HI,AWP,WE,Federal Contract Tower,70,3,1,2,76,0,162,26,0,188,70,165,27,2,264,28,0,28,292
02/06/2013,LIH,HI,AWP,WE,Federal Contract Tower,71,7,3,12,93,0,196,38,0,234,71,203,41,12,327,39,0,39,366
02/07/2013,LIH,HI,AWP,WE,Federal Contract Tower,65,12,0,23,100,0,208,32,4,244,65,220,32,27,344,65,8,73,417
02/08/2013,LIH,HI,AWP,WE,Federal Contract Tower,74,2,6,10,92,0,227,12,1,240,74,229,18,11,332,23,4,27,359
02/09/2013,LIH,HI,AWP,WE,Federal Contract Tower,85,3,3,2,93,0,180,20,0,200,85,183,23,2,293,18,0,18,311
02/10/2013,LIH,HI,AWP,WE,Federal Contract Tower,71,5,5,3,84,216,24,1,0,241,287,29,6,3,325,16,0,16,341
02/11/2013,LIH,HI,AWP,WE,Federal Contract Tower,77,5,2,0,84,0,173,21,0,194,77,178,23,0,278,30,0,30,308
02/12/2013,LIH,HI,AWP,WE,Federal Contract Tower,65,6,3,23,97,0,195,31,4,230,65,201,34,27,327,39,3,42,369
02/13/2013,LIH,HI,AWP,WE,Federal Contract Tower,65,3,4,0,72,0,195,10,0,205,65,198,14,0,277,14,0,14,291
02/14/2013,LIH,HI,AWP,WE,Federal Contract Tower,68,9,6,2,85,0,226,11,2,239,68,235,17,4,324,40,0,40,364
02/15/2013,LIH,HI,AWP,WE,Federal Contract Tower,76,2,4,8,90,0,248,15,0,263,76,250,19,8,353,16,0,16,369
02/16/2013,LIH,HI,AWP,WE,Federal Contract Tower,76,5,3,2,86,0,144,11,0,155,76,149,14,2,241,6,0,6,247
02/17/2013,LIH,HI,AWP,WE,Federal Contract Tower,74,0,9,0,83,0,159,5,0,164,74,159,14,0,247,26,0,26,273
02/18/2013,LIH,HI,AWP,WE,Federal Contract Tower,67,6,1,5,79,0,195,24,0,219,67,201,25,5,298,26,8,34,332
02/19/2013,LIH,HI,AWP,WE,Federal Contract Tower,73,6,1,4,84,0,174,33,2,209,73,180,34,6,293,42,0,42,335
02/20/2013,LIH,HI,AWP,WE,Federal Contract Tower,72,2,1,6,81,0,223,17,0,240,72,225,18,6,321,28,8,36,357
02/21/2013,LIH,HI,AWP,WE,Federal Contract Tower,68,8,3,16,95,0,155,12,1,168,68,163,15,17,263,46,0,46,309
02/22/2013,LIH,HI,AWP,WE,Federal Contract Tower,80,3,2,5,90,0,183,19,9,211,80,186,21,14,301,28,0,28,329
02/23/2013,LIH,HI,AWP,WE,Federal Contract Tower,78,3,2,9,92,0,195,10,3,208,78,198,12,12,300,10,0,10,310
02/24/2013,LIH,HI,AWP,WE,Federal Contract Tower,59,5,3,0,67,0,154,8,3,165,59,159,11,3,232,17,2,19,251
02/25/2013,LIH,HI,AWP,WE,Federal Contract Tower,74,8,2,19,103,0,233,38,0,271,74,241,40,19,374,55,20,75,449
02/26/2013,LIH,HI,AWP,WE,Federal Contract Tower,71,3,2,7,83,0,198,32,1,231,71,201,34,8,314,44,0,44,358
02/27/2013,LIH,HI,AWP,WE,Federal Contract Tower,68,5,4,10,87,0,217,36,5,258,68,222,40,15,345,36,2,38,383
02/28/2013,LIH,HI,AWP,WE,Federal Contract Tower,61,10,3,6,80,0,205,33,4,242,61,215,36,10,322,39,2,41,363
03/01/2013,LIH,HI,AWP,WE,Federal Contract Tower,80,3,3,8,94,0,220,26,3,249,80,223,29,11,343,28,8,36,379
03/02/2013,LIH,HI,AWP,WE,Federal Contract Tower,75,0,3,0,78,0,221,8,0,229,75,221,11,0,307,6,0,6,313
03/03/2013,LIH,HI,AWP,WE,Federal Contract Tower,65,2,1,0,68,0,175,7,0,182,65,177,8,0,250,2,0,2,252
03/04/2013,LIH,HI,AWP,WE,Federal Contract Tower,73,15,1,1,90,0,189,14,5,208,73,204,15,6,298,27,0,27,325
03/05/2013,LIH,HI,AWP,WE,Federal Contract Tower,72,3,2,2,79,0,178,32,6,216,72,181,34,8,295,28,0,28,323
03/06/2013,LIH,HI,AWP,WE,Federal Contract Tower,68,5,4,1,78,0,204,36,1,241,68,209,40,2,319,34,0,34,353
03/07/2013,LIH,HI,AWP,WE,Federal Contract Tower,74,4,2,6,86,0,217,31,3,251,74,221,33,9,337,56,0,56,393
03/08/2013,LIH,HI,AWP,WE,Federal Contract Tower,74,6,1,8,89,0,226,17,0,243,74,232,18,8,332,12,0,12,344
03/09/2013,LIH,HI,AWP,WE,Federal Contract Tower,81,1,6,0,88,0,63,13,0,76,81,64,19,0,164,4,0,4,168
03/10/2013,LIH,HI,AWP,WE,Federal Contract Tower,67,6,4,6,83,0,210,21,0,231,67,216,25,6,314,32,0,32,346
03/11/2013,LIH,HI,AWP,WE,Federal Contract Tower,70,8,7,12,97,0,210,22,0,232,70,218,29,12,329,28,0,28,357
03/12/2013,LIH,HI,AWP,WE,Federal Contract Tower,70,6,4,6,86,0,224,47,0,271,70,230,51,6,357,16,0,16,373
03/13/2013,LIH,HI,AWP,WE,Federal Contract Tower,67,6,4,17,94,0,207,26,1,234,67,213,30,18,328,25,0,25,353
03/14/2013,LIH,HI,AWP,WE,Federal Contract Tower,70,5,1,12,88,0,203,11,0,214,70,208,12,12,302,20,0,20,322
03/15/2013,LIH,HI,AWP,WE,Federal Contract Tower,76,8,4,6,94,0,209,14,0,223,76,217,18,6,317,22,0,22,339
03/16/2013,LIH,HI,AWP,WE,Federal Contract Tower,83,2,7,0,92,0,173,5,0,178,83,175,12,0,270,14,0,14,284
03/17/2013,LIH,HI,AWP,WE,Federal Contract Tower,69,4,6,0,79,0,149,7,0,156,69,153,13,0,235,27,0,27,262
03/18/2013,LIH,HI,AWP,WE,Federal Contract Tower,72,15,1,21,109,0,228,16,1,245,72,243,17,22,354,8,0,8,362
03/19/2013,LIH,HI,AWP,WE,Federal Contract Tower,70,3,1,16,90,0,242,15,10,267,70,245,16,26,357,24,27,51,408
03/20/2013,LIH,HI,AWP,WE,Federal Contract Tower,79,1,3,10,93,0,204,21,0,225,79,205,24,10,318,24,0,24,342
03/21/2013,LIH,HI,AWP,WE,Federal Contract Tower,71,6,0,4,81,0,200,16,14,230,71,206,16,18,311,8,44,52,363
03/22/2013,LIH,HI,AWP,WE,Federal Contract Tower,78,4,2,10,94,0,154,7,0,161,78,158,9,10,255,14,0,14,269
03/23/2013,LIH,HI,AWP,WE,Federal Contract Tower,81,2,12,0,95,0,179,6,0,185,81,181,18,0,280,10,0,10,290
03/24/2013,LIH,HI,AWP,WE,Federal Contract Tower,74,5,3,0,82,0,184,4,0,188,74,189,7,0,270,8,0,8,278
03/25/2013,LIH,HI,AWP,WE,Federal Contract Tower,74,13,2,6,95,0,164,28,0,192,74,177,30,6,287,21,1,22,309
03/26/2013,LIH,HI,AWP,WE,Federal Contract Tower,65,18,4,10,97,0,136,20,0,156,65,154,24,10,253,18,2,20,273
03/27/2013,LIH,HI,AWP,WE,Federal Contract Tower,73,11,5,0,89,0,46,2,0,48,73,57,7,0,137,32,0,32,169
03/28/2013,LIH,HI,AWP,WE,Federal Contract Tower,68,9,6,2,85,0,261,18,0,279,68,270,24,2,364,33,0,33,397
03/29/2013,LIH,HI,AWP,WE,Federal Contract Tower,75,14,4,11,104,0,132,7,1,140,75,146,11,12,244,14,0,14,258
03/30/2013,LIH,HI,AWP,WE,Federal Contract Tower,87,0,4,0,91,0,190,8,0,198,87,190,12,0,289,12,0,12,301
03/31/2013,LIH,HI,AWP,WE,Federal Contract Tower,77,3,2,0,82,0,213,4,0,217,77,216,6,0,299,14,0,14,313
04/01/2013,LIH,HI,AWP,WE,Federal Contract Tower,66,15,2,4,87,0,222,36,0,258,66,237,38,4,345,46,16,62,407
04/02/2013,LIH,HI,AWP,WE,Federal Contract Tower,67,9,2,10,88,0,218,32,4,254,67,227,34,14,342,32,42,74,416
04/03/2013,LIH,HI,AWP,WE,Federal Contract Tower,67,11,6,8,92,0,213,21,20,254,67,224,27,28,346,31,0,31,377
04/04/2013,LIH,HI,AWP,WE,Federal Contract Tower,66,16,3,21,106,0,180,22,2,204,66,196,25,23,310,14,34,48,358
04/05/2013,LIH,HI,AWP,WE,Federal Contract Tower,82,8,6,0,96,0,187,19,0,206,82,195,25,0,302,22,0,22,324
04/06/2013,LIH,HI,AWP,WE,Federal Contract Tower,77,2,6,1,86,0,156,7,0,163,77,158,13,1,249,32,0,32,281
04/07/2013,LIH,HI,AWP,WE,Federal Contract Tower,72,6,0,2,80,0,173,19,0,192,72,179,19,2,272,66,0,66,338
04/08/2013,LIH,HI,AWP,WE,Federal Contract Tower,82,9,5,0,96,0,230,41,0,271,82,239,46,0,367,43,0,43,410
04/09/2013,LIH,HI,AWP,WE,Federal Contract Tower,67,11,5,1,84,0,195,20,0,215,67,206,25,1,299,33,0,33,332
04/10/2013,LIH,HI,AWP,WE,Federal Contract Tower,65,12,8,18,103,0,178,17,0,195,65,190,25,18,298,37,36,73,371
04/11/2013,LIH,HI,AWP,WE,Federal Contract Tower,70,11,2,14,97,0,258,19,0,277,70,269,21,14,374,36,0,36,410
04/12/2013,LIH,HI,AWP,WE,Federal Contract Tower,74,7,6,16,103,0,95,8,0,103,74,102,14,16,206,32,12,44,250
04/13/2013,LIH,HI,AWP,WE,Federal Contract Tower,76,2,3,0,81,0,3,2,0,5,76,5,5,0,86,6,0,6,92
04/14/2013,LIH,HI,AWP,WE,Federal Contract Tower,71,1,1,0,73,0,198,9,0,207,71,199,10,0,280,30,0,30,310
04/15/2013,LIH,HI,AWP,WE,Federal Contract Tower,74,12,4,8,98,0,229,44,0,273,74,241,48,8,371,42,0,42,413
04/16/2013,LIH,HI,AWP,WE,Federal Contract Tower,66,15,6,3,90,0,218,40,3,261,66,233,46,6,351,26,6,32,383
04/17/2013,LIH,HI,AWP,WE,Federal Contract Tower,69,13,5,12,99,0,233,43,0,276,69,246,48,12,375,36,0,36,411
04/18/2013,LIH,HI,AWP,WE,Federal Contract Tower,68,12,2,3,85,0,222,37,3,262,68,234,39,6,347,22,2,24,371
04/19/2013,LIH,HI,AWP,WE,Federal Contract Tower,72,9,5,3,89,0,152,25,0,177,72,161,30,3,266,40,0,40,306
04/20/2013,LIH,HI,AWP,WE,Federal Contract Tower,88,9,5,1,103,0,225,8,0,233,88,234,13,1,336,32,0,32,368
04/21/2013,LIH,HI,AWP,WE,Federal Contract Tower,70,7,6,0,83,0,39,3,0,42,70,46,9,0,125,76,0,76,201
04/22/2013,LIH,HI,AWP,WE,Federal Contract Tower,70,15,6,3,94,0,53,14,0,67,70,68,20,3,161,20,0,20,181
04/23/2013,LIH,HI,AWP,WE,Federal Contract Tower,71,6,3,5,85,0,137,29,2,168,71,143,32,7,253,42,12,54,307
04/24/2013,LIH,HI,AWP,WE,Federal Contract Tower,72,12,3,12,99,0,221,30,1,252,72,233,33,13,351,42,12,54,405
04/25/2013,LIH,HI,AWP,WE,Federal Contract Tower,73,16,2,14,105,0,243,28,7,278,73,259,30,21,383,76,0,76,459
04/26/2013,LIH,HI,AWP,WE,Federal Contract Tower,76,10,1,4,91,0,257,25,0,282,76,267,26,4,373,30,22,52,425
04/27/2013,LIH,HI,AWP,WE,Federal Contract Tower,78,3,1,0,82,0,231,19,0,250,78,234,20,0,332,28,0,28,360
04/28/2013,LIH,HI,AWP,WE,Federal Contract Tower,75,4,0,0,79,0,196,5,0,201,75,200,5,0,280,29,0,29,309
04/29/2013,LIH,HI,AWP,WE,Federal Contract Tower,67,13,2,12,94,0,215,7,0,222,67,228,9,12,316,42,0,42,358
04/30/2013,LIH,HI,AWP,WE,Federal Contract Tower,63,8,2,12,85,0,150,44,12,206,63,158,46,24,291,40,34,74,365
05/01/2013,LIH,HI,AWP,WE,Federal Contract Tower,67,11,7,0,85,0,222,31,0,253,67,233,38,0,338,38,0,38,376
05/02/2013,LIH,HI,AWP,WE,Federal Contract Tower,71,10,1,8,90,0,228,30,0,258,71,238,31,8,348,66,0,66,414
05/03/2013,LIH,HI,AWP,WE,Federal Contract Tower,72,9,7,6,94,0,188,16,0,204,72,197,23,6,298,40,0,40,338
05/04/2013,LIH,HI,AWP,WE,Federal Contract Tower,77,6,4,3,90,0,150,18,0,168,77,156,22,3,258,34,0,34,292
05/05/2013,LIH,HI,AWP,WE,Federal Contract Tower,67,9,5,6,87,0,105,4,1,110,67,114,9,7,197,80,0,80,277
05/06/2013,LIH,HI,AWP,WE,Federal Contract Tower,73,7,8,11,99,0,232,50,4,286,73,239,58,15,385,56,0,56,441
05/07/2013,LIH,HI,AWP,WE,Federal Contract Tower,65,10,4,5,84,0,232,28,0,260,65,242,32,5,344,42,26,68,412
05/08/2013,LIH,HI,AWP,WE,Federal Contract Tower,68,10,10,0,88,0,170,18,0,188,68,180,28,0,276,56,0,56,332
05/09/2013,LIH,HI,AWP,WE,Federal Contract Tower,71,8,2,8,89,0,222,25,0,247,71,230,27,8,336,60,0,60,396
05/10/2013,LIH,HI,AWP,WE,Federal Contract Tower,69,10,3,5,87,0,94,13,4,111,69,104,16,9,198,39,40,79,277
05/11/2013,LIH,HI,AWP,WE,Federal Contract Tower,81,3,8,2,94,0,185,26,0,211,81,188,34,2,305,20,10,30,335
05/12/2013,LIH,HI,AWP,WE,Federal Contract Tower,68,1,0,0,69,0,191,14,1,206,68,192,14,1,275,64,0,64,339
05/13/2013,LIH,HI,AWP,WE,Federal Contract Tower,65,14,2,1,82,0,60,16,3,79,65,74,18,4,161,44,0,44,205
05/14/2013,LIH,HI,AWP,WE,Federal Contract Tower,67,12,0,5,84,0,196,45,5,246,67,208,45,10,330,80,0,80,410
05/15/2013,LIH,HI,AWP,WE,Federal Contract Tower,67,12,3,14,96,0,178,46,0,224,67,190,49,14,320,41,0,41,361
05/16/2013,LIH,HI,AWP,WE,Federal Contract Tower,68,18,6,9,101,0,223,43,8,274,68,241,49,17,375,58,26,84,459
05/17/2013,LIH,HI,AWP,WE,Federal Contract Tower,77,13,3,0,93,0,195,33,1,229,77,208,36,1,322,38,0,38,360
05/18/2013,LIH,HI,AWP,WE,Federal Contract Tower,71,2,2,0,75,0,177,19,0,196,71,179,21,0,271,56,0,56,327
05/19/2013,LIH,HI,AWP,WE,Federal Contract Tower,71,3,3,0,77,0,140,19,0,159,71,143,22,0,236,56,0,56,292
05/20/2013,LIH,HI,AWP,WE,Federal Contract Tower,68,13,3,18,102,0,225,13,3,241,68,238,16,21,343,64,22,86,429
05/21/2013,LIH,HI,AWP,WE,Federal Contract Tower,66,7,0,11,84,0,232,26,5,263,66,239,26,16,347,54,22,76,423
05/22/2013,LIH,HI,AWP,WE,Federal Contract Tower,63,14,4,18,99,0,231,28,7,266,63,245,32,25,365,32,28,60,425
05/23/2013,LIH,HI,AWP,WE,Federal Contract Tower,69,12,7,5,93,0,245,38,1,284,69,257,45,6,377,75,0,75,452
05/24/2013,LIH,HI,AWP,WE,Federal Contract Tower,77,7,3,1,88,0,238,28,1,267,77,245,31,2,355,36,0,36,391
05/25/2013,LIH,HI,AWP,WE,Federal Contract Tower,79,3,3,0,85,0,165,13,0,178,79,168,16,0,263,50,0,50,313
05/26/2013,LIH,HI,AWP,WE,Federal Contract Tower,70,4,2,4,80,0,175,12,0,187,70,179,14,4,267,67,0,67,334
05/27/2013,LIH,HI,AWP,WE,Federal Contract Tower,69,4,2,0,75,0,199,57,0,256,69,203,59,0,331,90,0,90,421
05/28/2013,LIH,HI,AWP,WE,Federal Contract Tower,65,5,7,7,84,0,176,40,5,221,65,181,47,12,305,40,42,82,387
05/29/2013,LIH,HI,AWP,WE,Federal Contract Tower,64,12,5,10,91,0,183,16,1,200,64,195,21,11,291,26,8,34,325
05/30/2013,LIH,HI,AWP,WE,Federal Contract Tower,66,11,10,20,107,0,193,40,2,235,66,204,50,22,342,88,30,118,460
05/31/2013,LIH,HI,AWP,WE,Federal Contract Tower,71,8,7,12,98,0,208,27,6,241,71,216,34,18,339,118,0,118,457
06/01/2013,LIH,HI,AWP,WE,Federal Contract Tower,85,0,6,1,92,0,151,26,0,177,85,151,32,1,269,78,0,78,347
06/02/2013,LIH,HI,AWP,WE,Federal Contract Tower,71,6,10,3,90,0,172,8,0,180,71,178,18,3,270,98,0,98,368
06/03/2013,LIH,HI,AWP,WE,Federal Contract Tower,77,15,6,8,106,0,197,30,0,227,77,212,36,8,333,60,0,60,393
06/04/2013,LIH,HI,AWP,WE,Federal Contract Tower,72,8,6,11,97,0,178,50,4,232,72,186,56,15,329,38,28,66,395
06/05/2013,LIH,HI,AWP,WE,Federal Contract Tower,71,7,4,9,91,0,148,27,0,175,71,155,31,9,266,24,18,42,308
06/06/2013,LIH,HI,AWP,WE,Federal Contract Tower,73,10,8,5,96,0,216,39,0,255,73,226,47,5,351,52,0,52,403
06/07/2013,LIH,HI,AWP,WE,Federal Contract Tower,79,7,3,7,96,1,205,14,0,220,80,212,17,7,316,56,2,58,374
06/08/2013,LIH,HI,AWP,WE,Federal Contract Tower,92,4,4,12,112,0,150,16,0,166,92,154,20,12,278,62,0,62,340
06/09/2013,LIH,HI,AWP,WE,Federal Contract Tower,76,5,3,0,84,0,190,17,0,207,76,195,20,0,291,38,0,38,329
06/10/2013,LIH,HI,AWP,WE,Federal Contract Tower,82,7,3,11,103,0,206,17,0,223,82,213,20,11,326,32,40,72,398
06/11/2013,LIH,HI,AWP,WE,Federal Contract Tower,76,10,1,5,92,0,160,38,0,198,76,170,39,5,290,40,2,42,332
06/12/2013,LIH,HI,AWP,WE,Federal Contract Tower,77,8,2,15,102,0,186,16,0,202,77,194,18,15,304,48,6,54,358
06/13/2013,LIH,HI,AWP,WE,Federal Contract Tower,76,12,1,18,107,0,208,25,2,235,76,220,26,20,342,70,0,70,412
06/14/2013,LIH,HI,AWP,WE,Federal Contract Tower,85,4,3,0,92,0,222,20,0,242,85,226,23,0,334,40,6,46,380
06/15/2013,LIH,HI,AWP,WE,Federal Contract Tower,84,2,3,0,89,0,176,9,0,185,84,178,12,0,274,26,0,26,300
06/16/2013,LIH,HI,AWP,WE,Federal Contract Tower,77,1,4,0,82,0,171,15,0,186,77,172,19,0,268,52,0,52,320
06/17/2013,LIH,HI,AWP,WE,Federal Contract Tower,78,10,3,10,101,0,169,41,2,212,78,179,44,12,313,50,56,106,419
06/18/2013,LIH,HI,AWP,WE,Federal Contract Tower,74,9,3,6,92,0,182,25,6,213,74,191,28,12,305,66,38,104,409
06/19/2013,LIH,HI,AWP,WE,Federal Contract Tower,78,11,2,12,103,0,197,26,4,227,78,208,28,16,330,58,18,76,406
06/20/2013,LIH,HI,AWP,WE,Federal Contract Tower,76,10,3,2,91,0,236,28,0,264,76,246,31,2,355,70,0,70,425
06/21/2013,LIH,HI,AWP,WE,Federal Contract Tower,84,8,3,2,97,0,198,21,4,223,84,206,24,6,320,32,18,50,370
06/22/2013,LIH,HI,AWP,WE,Federal Contract Tower,79,1,3,8,91,1,141,14,0,156,80,142,17,8,247,34,0,34,281
06/23/2013,LIH,HI,AWP,WE,Federal Contract Tower,72,2,2,0,76,0,163,4,3,170,72,165,6,3,246,28,0,28,274
06/24/2013,LIH,HI,AWP,WE,Federal Contract Tower,77,15,7,7,106,0,235,9,4,248,77,250,16,11,354,56,6,62,416
06/25/2013,LIH,HI,AWP,WE,Federal Contract Tower,78,10,5,1,94,0,208,22,1,231,78,218,27,2,325,68,20,88,413
06/26/2013,LIH,HI,AWP,WE,Federal Contract Tower,76,9,1,3,89,0,197,20,0,217,76,206,21,3,306,54,26,80,386
06/27/2013,LIH,HI,AWP,WE,Federal Contract Tower,77,12,1,6,96,0,257,33,2,292,77,269,34,8,388,82,26,108,496
06/28/2013,LIH,HI,AWP,WE,Federal Contract Tower,78,12,2,11,103,0,206,29,2,237,78,218,31,13,340,42,18,60,400
06/29/2013,LIH,HI,AWP,WE,Federal Contract Tower,79,7,3,2,91,0,155,11,0,166,79,162,14,2,257,50,8,58,315
06/30/2013,LIH,HI,AWP,WE,Federal Contract Tower,75,1,2,0,78,0,182,17,0,199,75,183,19,0,277,34,0,34,311
07/01/2013,LIH,HI,AWP,WE,Federal Contract Tower,71,15,2,19,107,0,217,20,0,237,71,232,22,19,344,54,0,54,398
07/02/2013,LIH,HI,AWP,WE,Federal Contract Tower,72,10,1,13,96,0,226,23,11,260,72,236,24,24,356,28,27,55,411
07/03/2013,LIH,HI,AWP,WE,Federal Contract Tower,75,14,2,14,105,0,200,22,2,224,75,214,24,16,329,62,0,62,391
07/04/2013,LIH,HI,AWP,WE,Federal Contract Tower,70,4,1,0,75,0,212,15,0,227,70,216,16,0,302,26,0,26,328
07/05/2013,LIH,HI,AWP,WE,Federal Contract Tower,84,7,2,0,93,0,235,23,0,258,84,242,25,0,351,44,0,44,395
07/06/2013,LIH,HI,AWP,WE,Federal Contract Tower,81,3,3,8,95,0,199,11,0,210,81,202,14,8,305,64,0,64,369
07/07/2013,LIH,HI,AWP,WE,Federal Contract Tower,80,1,2,0,83,0,194,6,0,200,80,195,8,0,283,54,0,54,337
07/08/2013,LIH,HI,AWP,WE,Federal Contract Tower,77,8,1,9,95,0,216,12,0,228,77,224,13,9,323,46,10,56,379
07/09/2013,LIH,HI,AWP,WE,Federal Contract Tower,76,11,1,15,103,0,236,25,15,276,76,247,26,30,379,74,34,108,487
07/10/2013,LIH,HI,AWP,WE,Federal Contract Tower,74,11,1,4,90,0,156,19,0,175,74,167,20,4,265,58,0,58,323
07/11/2013,LIH,HI,AWP,WE,Federal Contract Tower,73,16,3,5,97,0,223,12,2,237,73,239,15,7,334,34,32,66,400
07/12/2013,LIH,HI,AWP,WE,Federal Contract Tower,86,12,2,9,109,0,199,27,3,229,86,211,29,12,338,86,44,130,468
07/13/2013,LIH,HI,AWP,WE,Federal Contract Tower,80,6,6,2,94,0,154,16,0,170,80,160,22,2,264,44,0,44,308
07/14/2013,LIH,HI,AWP,WE,Federal Contract Tower,75,3,2,2,82,0,153,22,6,181,75,156,24,8,263,14,10,24,287
07/15/2013,LIH,HI,AWP,WE,Federal Contract Tower,73,18,2,10,103,0,240,31,1,272,73,258,33,11,375,64,0,64,439
07/16/2013,LIH,HI,AWP,WE,Federal Contract Tower,74,8,3,6,91,0,215,46,4,265,74,223,49,10,356,67,18,85,441
07/17/2013,LIH,HI,AWP,WE,Federal Contract Tower,74,12,4,14,104,0,191,19,1,211,74,203,23,15,315,54,40,94,409
07/18/2013,LIH,HI,AWP,WE,Federal Contract Tower,73,21,0,16,110,0,222,14,0,236,73,243,14,16,346,72,18,90,436
07/19/2013,LIH,HI,AWP,WE,Federal Contract Tower,86,7,2,12,107,0,195,14,7,216,86,202,16,19,323,30,6,36,359
07/20/2013,LIH,HI,AWP,WE,Federal Contract Tower,84,1,9,0,94,0,181,31,0,212,84,182,40,0,306,30,0,30,336
07/21/2013,LIH,HI,AWP,WE,Federal Contract Tower,79,3,2,2,86,0,182,5,2,189,79,185,7,4,275,28,0,28,303
07/22/2013,LIH,HI,AWP,WE,Federal Contract Tower,69,16,1,14,100,0,207,34,4,245,69,223,35,18,345,36,0,36,381
07/23/2013,LIH,HI,AWP,WE,Federal Contract Tower,72,12,0,8,92,0,188,29,6,223,72,200,29,14,315,28,46,74,389
07/24/2013,LIH,HI,AWP,WE,Federal Contract Tower,77,9,7,5,98,0,211,39,5,255,77,220,46,10,353,40,0,40,393
07/25/2013,LIH,HI,AWP,WE,Federal Contract Tower,72,15,3,11,101,0,230,30,2,262,72,245,33,13,363,26,12,38,401
07/26/2013,LIH,HI,AWP,WE,Federal Contract Tower,83,6,1,0,90,0,235,14,4,253,83,241,15,4,343,46,0,46,389
07/27/2013,LIH,HI,AWP,WE,Federal Contract Tower,78,7,10,0,95,0,183,32,0,215,78,190,42,0,310,30,0,30,340
07/28/2013,LIH,HI,AWP,WE,Federal Contract Tower,74,6,2,2,84,0,203,33,0,236,74,209,35,2,320,18,10,28,348
07/29/2013,LIH,HI,AWP,WE,Federal Contract Tower,62,18,2,0,82,0,95,19,0,114,62,113,21,0,196,22,0,22,218
07/30/2013,LIH,HI,AWP,WE,Federal Contract Tower,78,10,0,0,88,0,10,7,0,17,78,20,7,0,105,18,0,18,123
07/31/2013,LIH,HI,AWP,WE,Federal Contract Tower,69,16,1,20,106,0,171,17,0,188,69,187,18,20,294,34,28,62,356
08/01/2013,LIH,HI,AWP,WE,Federal Contract Tower,68,17,5,1,91,0,282,29,5,316,68,299,34,6,407,58,2,60,467
08/02/2013,LIH,HI,AWP,WE,Federal Contract Tower,92,8,2,4,106,0,256,36,0,292,92,264,38,4,398,36,0,36,434
08/03/2013,LIH,HI,AWP,WE,Federal Contract Tower,98,3,2,0,103,0,184,26,0,210,98,187,28,0,313,38,0,38,351
08/04/2013,LIH,HI,AWP,WE,Federal Contract Tower,86,1,3,0,90,0,158,32,0,190,86,159,35,0,280,56,0,56,336
08/05/2013,LIH,HI,AWP,WE,Federal Contract Tower,74,15,2,37,128,0,216,24,0,240,74,231,26,37,368,38,14,52,420
08/06/2013,LIH,HI,AWP,WE,Federal Contract Tower,73,14,6,27,120,0,234,44,3,281,73,248,50,30,401,44,28,72,473
08/07/2013,LIH,HI,AWP,WE,Federal Contract Tower,70,14,7,6,97,0,241,29,4,274,70,255,36,10,371,42,0,42,413
08/08/2013,LIH,HI,AWP,WE,Federal Contract Tower,73,11,3,15,102,0,262,28,3,293,73,273,31,18,395,24,18,42,437
08/09/2013,LIH,HI,AWP,WE,Federal Contract Tower,79,6,5,4,94,0,239,28,6,273,79,245,33,10,367,34,10,44,411
08/10/2013,LIH,HI,AWP,WE,Federal Contract Tower,80,4,3,2,89,0,151,13,0,164,80,155,16,2,253,50,0,50,303
08/11/2013,LIH,HI,AWP,WE,Federal Contract Tower,72,6,0,2,80,0,113,21,0,134,72,119,21,2,214,66,0,66,280
08/12/2013,LIH,HI,AWP,WE,Federal Contract Tower,69,11,0,8,88,0,246,24,0,270,69,257,24,8,358,40,10,50,408
08/13/2013,LIH,HI,AWP,WE,Federal Contract Tower,75,11,2,0,88,0,210,37,3,250,75,221,39,3,338,40,0,40,378
08/14/2013,LIH,HI,AWP,WE,Federal Contract Tower,71,10,3,14,98,0,234,19,2,255,71,244,22,16,353,62,23,85,438
08/15/2013,LIH,HI,AWP,WE,Federal Contract Tower,69,15,2,12,98,0,250,22,2,274,69,265,24,14,372,32,0,32,404
08/16/2013,LIH,HI,AWP,WE,Federal Contract Tower,80,6,5,8,99,0,197,28,0,225,80,203,33,8,324,20,3,23,347
08/17/2013,LIH,HI,AWP,WE,Federal Contract Tower,74,4,1,2,81,0,216,13,0,229,74,220,14,2,310,66,2,68,378
08/18/2013,LIH,HI,AWP,WE,Federal Contract Tower,74,1,6,0,81,0,159,11,0,170,74,160,17,0,251,30,0,30,281
08/19/2013,LIH,HI,AWP,WE,Federal Contract Tower,68,10,5,13,96,0,201,17,0,218,68,211,22,13,314,24,10,34,348
08/20/2013,LIH,HI,AWP,WE,Federal Contract Tower,71,9,6,8,94,0,204,35,0,239,71,213,41,8,333,38,0,38,371
08/21/2013,LIH,HI,AWP,WE,Federal Contract Tower,73,14,3,7,97,0,187,26,1,214,73,201,29,8,311,22,8,30,341
08/22/2013,LIH,HI,AWP,WE,Federal Contract Tower,73,9,8,9,99,0,210,24,2,236,73,219,32,11,335,62,0,62,397
08/23/2013,LIH,HI,AWP,WE,Federal Contract Tower,78,7,0,21,106,0,213,19,0,232,78,220,19,21,338,56,0,56,394
08/24/2013,LIH,HI,AWP,WE,Federal Contract Tower,79,4,3,1,87,0,158,33,0,191,79,162,36,1,278,28,0,28,306
08/25/2013,LIH,HI,AWP,WE,Federal Contract Tower,74,5,2,2,83,0,144,23,0,167,74,149,25,2,250,40,2,42,292
08/26/2013,LIH,HI,AWP,WE,Federal Contract Tower,71,14,0,14,99,0,212,30,3,245,71,226,30,17,344,46,24,70,414
08/27/2013,LIH,HI,AWP,WE,Federal Contract Tower,69,10,5,6,90,0,184,29,2,215,69,194,34,8,305,56,2,58,363
08/28/2013,LIH,HI,AWP,WE,Federal Contract Tower,67,14,3,3,87,0,192,41,2,235,67,206,44,5,322,36,0,36,358
08/29/2013,LIH,HI,AWP,WE,Federal Contract Tower,69,15,5,10,99,0,202,17,2,221,69,217,22,12,320,34,4,38,358
08/30/2013,LIH,HI,AWP,WE,Federal Contract Tower,78,9,2,3,92,0,189,44,6,239,78,198,46,9,331,64,20,84,415
08/31/2013,LIH,HI,AWP,WE,Federal Contract Tower,90,3,2,0,95,0,172,54,2,228,90,175,56,2,323,58,0,58,381
09/01/2013,LIH,HI,AWP,WE,Federal Contract Tower,75,4,4,0,83,0,120,25,0,145,75,124,29,0,228,28,0,28,256
09/02/2013,LIH,HI,AWP,WE,Federal Contract Tower,71,2,0,0,73,0,219,44,0,263,71,221,44,0,336,28,0,28,364
09/03/2013,LIH,HI,AWP,WE,Federal Contract Tower,60,10,1,4,75,0,180,35,1,216,60,190,36,5,291,38,0,38,329
09/04/2013,LIH,HI,AWP,WE,Federal Contract Tower,67,11,0,40,118,0,156,34,0,190,67,167,34,40,308,62,6,68,376
09/05/2013,LIH,HI,AWP,WE,Federal Contract Tower,72,12,0,34,118,0,241,58,1,300,72,253,58,35,418,40,51,91,509
09/06/2013,LIH,HI,AWP,WE,Federal Contract Tower,75,14,2,0,91,0,190,33,0,223,75,204,35,0,314,40,0,40,354
09/07/2013,LIH,HI,AWP,WE,Federal Contract Tower,72,4,3,1,80,0,54,9,0,63,72,58,12,1,143,50,0,50,193
09/08/2013,LIH,HI,AWP,WE,Federal Contract Tower,67,5,6,0,78,0,178,21,0,199,67,183,27,0,277,16,0,16,293
09/09/2013,LIH,HI,AWP,WE,Federal Contract Tower,75,10,3,9,97,0,205,26,0,231,75,215,29,9,328,38,0,38,366
09/10/2013,LIH,HI,AWP,WE,Federal Contract Tower,66,12,2,8,88,0,164,36,0,200,66,176,38,8,288,70,0,70,358
09/11/2013,LIH,HI,AWP,WE,Federal Contract Tower,67,12,0,2,81,0,165,37,0,202,67,177,37,2,283,56,0,56,339
09/12/2013,LIH,HI,AWP,WE,Federal Contract Tower,62,16,3,12,93,0,64,12,3,79,62,80,15,15,172,52,6,58,230
09/13/2013,LIH,HI,AWP,WE,Federal Contract Tower,69,9,14,6,98,0,149,26,0,175,69,158,40,6,273,30,0,30,303
09/14/2013,LIH,HI,AWP,WE,Federal Contract Tower,73,2,5,0,80,0,153,29,0,182,73,155,34,0,262,36,0,36,298
09/15/2013,LIH,HI,AWP,WE,Federal Contract Tower,62,4,3,0,69,0,172,6,0,178,62,176,9,0,247,18,0,18,265
09/16/2013,LIH,HI,AWP,WE,Federal Contract Tower,66,14,5,11,96,0,253,25,2,280,66,267,30,13,376,40,0,40,416
09/17/2013,LIH,HI,AWP,WE,Federal Contract Tower,66,14,2,5,87,0,204,34,7,245,66,218,36,12,332,38,2,40,372
09/18/2013,LIH,HI,AWP,WE,Federal Contract Tower,67,10,1,14,92,0,174,38,4,216,67,184,39,18,308,48,62,110,418
09/19/2013,LIH,HI,AWP,WE,Federal Contract Tower,72,12,6,23,113,0,229,52,8,289,72,241,58,31,402,48,24,72,474
09/20/2013,LIH,HI,AWP,WE,Federal Contract Tower,76,9,2,9,96,0,232,18,1,251,76,241,20,10,347,26,14,40,387
09/21/2013,LIH,HI,AWP,WE,Federal Contract Tower,76,5,1,7,89,0,139,25,0,164,76,144,26,7,253,48,16,64,317
09/22/2013,LIH,HI,AWP,WE,Federal Contract Tower,64,6,2,0,72,0,145,6,0,151,64,151,8,0,223,62,0,62,285
09/23/2013,LIH,HI,AWP,WE,Federal Contract Tower,64,12,1,32,109,0,198,17,0,215,64,210,18,32,324,18,30,48,372
09/24/2013,LIH,HI,AWP,WE,Federal Contract Tower,62,10,5,7,84,0,204,28,0,232,62,214,33,7,316,42,0,42,358
09/25/2013,LIH,HI,AWP,WE,Federal Contract Tower,64,11,3,5,83,0,181,41,0,222,64,192,44,5,305,26,0,26,331
09/26/2013,LIH,HI,AWP,WE,Federal Contract Tower,61,18,3,15,97,0,125,37,8,170,61,143,40,23,267,29,22,51,318
09/27/2013,LIH,HI,AWP,WE,Federal Contract Tower,75,17,1,5,98,0,192,26,1,219,75,209,27,6,317,40,6,46,363
09/28/2013,LIH,HI,AWP,WE,Federal Contract Tower,75,5,2,0,82,0,113,29,0,142,75,118,31,0,224,18,0,18,242
09/29/2013,LIH,HI,AWP,WE,Federal Contract Tower,64,1,1,0,66,0,156,13,4,173,64,157,14,4,239,32,0,32,271
09/30/2013,LIH,HI,AWP,WE,Federal Contract Tower,66,12,11,0,89,0,113,16,0,129,66,125,27,0,218,22,2,24,242
10/01/2013,LIH,HI,AWP,WE,Federal Contract Tower,65,18,3,10,96,0,175,39,0,214,65,193,42,10,310,40,0,40,350
10/02/2013,LIH,HI,AWP,WE,Federal Contract Tower,66,8,3,1,78,0,156,30,0,186,66,164,33,1,264,28,4,32,296
10/03/2013,LIH,HI,AWP,WE,Federal Contract Tower,68,8,2,3,81,0,214,24,7,245,68,222,26,10,326,30,2,32,358
10/04/2013,LIH,HI,AWP,WE,Federal Contract Tower,81,10,3,10,104,0,190,40,0,230,81,200,43,10,334,30,0,30,364
10/05/2013,LIH,HI,AWP,WE,Federal Contract Tower,73,2,2,0,77,0,121,31,0,152,73,123,33,0,229,74,0,74,303
10/06/2013,LIH,HI,AWP,WE,Federal Contract Tower,66,4,0,0,70,0,145,37,0,182,66,149,37,0,252,28,0,28,280
10/07/2013,LIH,HI,AWP,WE,Federal Contract Tower,73,8,2,16,99,0,228,29,0,257,73,236,31,16,356,48,4,52,408
10/08/2013,LIH,HI,AWP,WE,Federal Contract Tower,66,10,7,5,88,0,182,38,4,224,66,192,45,9,312,30,0,30,342
10/09/2013,LIH,HI,AWP,WE,Federal Contract Tower,67,12,2,2,83,0,181,20,0,201,67,193,22,2,284,30,0,30,314
10/10/2013,LIH,HI,AWP,WE,Federal Contract Tower,68,12,1,19,100,0,235,24,4,263,68,247,25,23,363,38,32,70,433
10/11/2013,LIH,HI,AWP,WE,Federal Contract Tower,74,10,1,14,99,0,171,23,0,194,74,181,24,14,293,28,0,28,321
10/12/2013,LIH,HI,AWP,WE,Federal Contract Tower,75,2,1,2,80,0,195,24,0,219,75,197,25,2,299,38,0,38,337
10/13/2013,LIH,HI,AWP,WE,Federal Contract Tower,67,1,3,4,75,0,213,9,0,222,67,214,12,4,297,4,0,4,301
10/14/2013,LIH,HI,AWP,WE,Federal Contract Tower,67,8,0,0,75,0,161,33,0,194,67,169,33,0,269,54,0,54,323
10/15/2013,LIH,HI,AWP,WE,Federal Contract Tower,66,11,5,19,101,0,182,37,0,219,66,193,42,19,320,34,30,64,384
10/16/2013,LIH,HI,AWP,WE,Federal Contract Tower,63,10,1,2,76,0,198,52,0,250,63,208,53,2,326,44,18,62,388
10/17/2013,LIH,HI,AWP,WE,Federal Contract Tower,64,11,6,15,96,0,218,58,7,283,64,229,64,22,379,20,60,80,459
10/18/2013,LIH,HI,AWP,WE,Federal Contract Tower,76,11,2,4,93,0,236,26,6,268,76,247,28,10,361,22,0,22,383
10/19/2013,LIH,HI,AWP,WE,Federal Contract Tower,75,4,3,0,82,0,131,21,0,152,75,135,24,0,234,54,0,54,288
10/20/2013,LIH,HI,AWP,WE,Federal Contract Tower,65,2,1,0,68,0,185,16,0,201,65,187,17,0,269,36,0,36,305
10/21/2013,LIH,HI,AWP,WE,Federal Contract Tower,68,12,1,21,102,0,190,40,0,230,68,202,41,21,332,22,32,54,386
10/22/2013,LIH,HI,AWP,WE,Federal Contract Tower,75,0,1,2,78,0,75,36,0,111,75,75,37,2,189,22,0,22,211
10/23/2013,LIH,HI,AWP,WE,Federal Contract Tower,64,13,0,6,83,0,160,35,12,207,64,173,35,18,290,20,0,20,310
10/24/2013,LIH,HI,AWP,WE,Federal Contract Tower,67,14,2,41,124,0,214,31,8,253,67,228,33,49,377,48,30,78,455
10/25/2013,LIH,HI,AWP,WE,Federal Contract Tower,75,4,7,31,117,0,206,36,7,249,75,210,43,38,366,68,24,92,458
10/26/2013,LIH,HI,AWP,WE,Federal Contract Tower,62,10,0,10,82,0,182,46,11,239,62,192,46,21,321,48,48,96,417
10/27/2013,LIH,HI,AWP,WE,Federal Contract Tower,66,3,1,0,70,0,117,27,0,144,66,120,28,0,214,14,0,14,228
10/28/2013,LIH,HI,AWP,WE,Federal Contract Tower,69,5,5,9,88,0,215,38,4,257,69,220,43,13,345,50,0,50,395
10/29/2013,LIH,HI,AWP,WE,Federal Contract Tower,64,9,7,16,96,0,212,55,2,269,64,221,62,18,365,36,14,50,415
10/30/2013,LIH,HI,AWP,WE,Federal Contract Tower,63,14,5,10,92,0,172,33,2,207,63,186,38,12,299,26,4,30,329
10/31/2013,LIH,HI,AWP,WE,Federal Contract Tower,63,8,1,16,88,0,185,31,23,239,63,193,32,39,327,24,20,44,371
11/01/2013,LIH,HI,AWP,WE,Federal Contract Tower,67,15,3,0,85,0,144,36,0,180,67,159,39,0,265,30,0,30,295
11/02/2013,LIH,HI,AWP,WE,Federal Contract Tower,79,6,2,0,87,0,107,36,2,145,79,113,38,2,232,24,2,26,258
11/03/2013,LIH,HI,AWP,WE,Federal Contract Tower,70,1,1,0,72,0,84,29,0,113,70,85,30,0,185,14,0,14,199
11/04/2013,LIH,HI,AWP,WE,Federal Contract Tower,71,8,0,15,94,0,139,44,0,183,71,147,44,15,277,31,7,38,315
11/05/2013,LIH,HI,AWP,WE,Federal Contract Tower,66,12,2,11,91,0,164,38,2,204,66,176,40,13,295,52,32,84,379
11/06/2013,LIH,HI,AWP,WE,Federal Contract Tower,69,11,4,11,95,0,142,33,4,179,69,153,37,15,274,40,34,74,348
11/07/2013,LIH,HI,AWP,WE,Federal Contract Tower,66,17,1,0,84,0,199,36,8,243,66,216,37,8,327,60,26,86,413
11/08/2013,LIH,HI,AWP,WE,Federal Contract Tower,74,10,0,11,95,0,153,33,5,191,74,163,33,16,286,92,2,94,380
11/09/2013,LIH,HI,AWP,WE,Federal Contract Tower,74,1,6,1,82,0,35,3,2,40,74,36,9,3,122,38,0,38,160
11/10/2013,LIH,HI,AWP,WE,Federal Contract Tower,68,3,0,0,71,0,48,6,0,54,68,51,6,0,125,56,0,56,181
11/11/2013,LIH,HI,AWP,WE,Federal Contract Tower,62,12,0,0,74,0,195,43,0,238,62,207,43,0,312,48,0,48,360
11/12/2013,LIH,HI,AWP,WE,Federal Contract Tower,60,13,1,6,80,0,190,52,11,253,60,203,53,17,333,54,4,58,391
11/13/2013,LIH,HI,AWP,WE,Federal Contract Tower,70,11,2,9,92,0,190,27,2,219,70,201,29,11,311,30,12,42,353
11/14/2013,LIH,HI,AWP,WE,Federal Contract Tower,67,14,2,29,112,0,218,51,0,269,67,232,53,29,381,30,34,64,445
11/15/2013,LIH,HI,AWP,WE,Federal Contract Tower,75,12,2,2,91,0,0,5,0,5,75,12,7,2,96,8,18,26,122
11/16/2013,LIH,HI,AWP,WE,Federal Contract Tower,69,1,1,0,71,0,147,44,0,191,69,148,45,0,262,28,0,28,290
11/17/2013,LIH,HI,AWP,WE,Federal Contract Tower,69,1,1,0,71,0,125,35,0,160,69,126,36,0,231,48,0,48,279
11/18/2013,LIH,HI,AWP,WE,Federal Contract Tower,68,17,0,20,105,0,137,56,10,203,68,154,56,30,308,49,34,83,391
11/19/2013,LIH,HI,AWP,WE,Federal Contract Tower,60,17,0,8,85,0,160,53,5,218,60,177,53,13,303,34,14,48,351
11/20/2013,LIH,HI,AWP,WE,Federal Contract Tower,70,11,4,0,85,0,120,42,2,164,70,131,46,2,249,24,0,24,273
11/21/2013,LIH,HI,AWP,WE,Federal Contract Tower,65,18,2,11,96,0,166,43,4,213,65,184,45,15,309,38,0,38,347
11/22/2013,LIH,HI,AWP,WE,Federal Contract Tower,75,14,2,12,103,0,145,41,8,194,75,159,43,20,297,64,30,94,391
11/23/2013,LIH,HI,AWP,WE,Federal Contract Tower,77,3,6,0,86,0,140,36,12,188,77,143,42,12,274,164,0,164,438
11/24/2013,LIH,HI,AWP,WE,Federal Contract Tower,71,16,4,0,91,0,120,36,0,156,71,136,40,0,247,152,0,152,399
11/25/2013,LIH,HI,AWP,WE,Federal Contract Tower,68,10,7,19,104,0,206,53,12,271,68,216,60,31,375,93,58,151,526
11/26/2013,LIH,HI,AWP,WE,Federal Contract Tower,60,15,6,36,117,0,204,45,11,260,60,219,51,47,377,36,30,66,443
11/27/2013,LIH,HI,AWP,WE,Federal Contract Tower,70,26,1,6,103,0,208,50,0,258,70,234,51,6,361,18,0,18,379
11/28/2013,LIH,HI,AWP,WE,Federal Contract Tower,71,4,0,0,75,0,152,40,0,192,71,156,40,0,267,26,0,26,293
11/29/2013,LIH,HI,AWP,WE,Federal Contract Tower,74,10,0,4,88,0,118,23,0,141,74,128,23,4,229,34,0,34,263
11/30/2013,LIH,HI,AWP,WE,Federal Contract Tower,75,6,2,0,83,0,1,0,0,1,75,7,2,0,84,10,0,10,94
12/01/2013,LIH,HI,AWP,WE,Federal Contract Tower,76,3,3,0,82,0,86,12,0,98,76,89,15,0,180,34,0,34,214
12/02/2013,LIH,HI,AWP,WE,Federal Contract Tower,66,11,0,15,92,0,195,53,18,266,66,206,53,33,358,34,65,99,457
12/03/2013,LIH,HI,AWP,WE,Federal Contract Tower,59,14,1,12,86,0,174,36,6,216,59,188,37,18,302,52,22,74,376
12/04/2013,LIH,HI,AWP,WE,Federal Contract Tower,68,10,1,8,87,0,131,47,1,179,68,141,48,9,266,20,10,30,296
12/05/2013,LIH,HI,AWP,WE,Federal Contract Tower,62,15,0,26,103,0,185,46,9,240,62,200,46,35,343,28,80,108,451
12/06/2013,LIH,HI,AWP,WE,Federal Contract Tower,70,18,0,16,104,0,104,26,1,131,70,122,26,17,235,46,16,62,297
12/07/2013,LIH,HI,AWP,WE,Federal Contract Tower,76,5,1,3,85,0,137,37,4,178,76,142,38,7,263,22,2,24,287
12/08/2013,LIH,HI,AWP,WE,Federal Contract Tower,72,7,0,2,81,0,56,13,0,69,72,63,13,2,150,76,0,76,226
12/09/2013,LIH,HI,AWP,WE,Federal Contract Tower,71,10,4,10,95,0,173,48,1,222,71,183,52,11,317,42,14,56,373
12/10/2013,LIH,HI,AWP,WE,Federal Contract Tower,60,15,3,11,89,0,148,19,4,171,60,163,22,15,260,46,10,56,316
12/11/2013,LIH,HI,AWP,WE,Federal Contract Tower,75,10,3,4,92,0,150,34,0,184,75,160,37,4,276,78,0,78,354
12/12/2013,LIH,HI,AWP,WE,Federal Contract Tower,66,16,4,27,113,0,191,46,3,240,66,207,50,30,353,71,25,96,449
12/13/2013,LIH,HI,AWP,WE,Federal Contract Tower,78,16,4,6,104,0,110,34,8,152,78,126,38,14,256,40,26,66,322
12/14/2013,LIH,HI,AWP,WE,Federal Contract Tower,74,2,1,0,77,0,97,38,0,135,74,99,39,0,212,70,0,70,282
12/15/2013,LIH,HI,AWP,WE,Federal Contract Tower,71,2,1,0,74,0,29,6,0,35,71,31,7,0,109,56,0,56,165
12/16/2013,LIH,HI,AWP,WE,Federal Contract Tower,72,8,0,11,91,0,133,21,2,156,72,141,21,13,247,18,24,42,289
12/17/2013,LIH,HI,AWP,WE,Federal Contract Tower,60,16,9,27,112,0,154,19,7,180,60,170,28,34,292,30,26,56,348
12/18/2013,LIH,HI,AWP,WE,Federal Contract Tower,71,5,5,17,98,0,121,21,0,142,71,126,26,17,240,38,12,50,290
12/19/2013,LIH,HI,AWP,WE,Federal Contract Tower,71,11,3,17,102,0,159,52,8,219,71,170,55,25,321,30,14,44,365
12/20/2013,LIH,HI,AWP,WE,Federal Contract Tower,83,10,7,26,126,0,139,42,3,184,83,149,49,29,310,24,12,36,346
12/21/2013,LIH,HI,AWP,WE,Federal Contract Tower,77,8,15,0,100,0,114,32,0,146,77,122,47,0,246,36,0,36,282
12/22/2013,LIH,HI,AWP,WE,Federal Contract Tower,71,5,3,0,79,0,130,24,0,154,71,135,27,0,233,14,0,14,247
12/23/2013,LIH,HI,AWP,WE,Federal Contract Tower,71,11,3,1,86,0,187,31,2,220,71,198,34,3,306,18,4,22,328
12/24/2013,LIH,HI,AWP,WE,Federal Contract Tower,74,12,2,1,89,0,209,26,0,235,74,221,28,1,324,36,6,42,366
12/25/2013,LIH,HI,AWP,WE,Federal Contract Tower,69,6,5,0,80,0,90,2,0,92,69,96,7,0,172,14,0,14,186
12/26/2013,LIH,HI,AWP,WE,Federal Contract Tower,75,12,6,0,93,0,249,57,8,314,75,261,63,8,407,20,0,20,427
12/27/2013,LIH,HI,AWP,WE,Federal Contract Tower,76,12,10,4,102,0,217,49,2,268,76,229,59,6,370,70,0,70,440
12/28/2013,LIH,HI,AWP,WE,Federal Contract Tower,76,3,6,0,85,0,208,59,0,267,76,211,65,0,352,44,0,44,396
12/29/2013,LIH,HI,AWP,WE,Federal Contract Tower,65,12,6,0,83,0,246,35,0,281,65,258,41,0,364,72,0,72,436
12/30/2013,LIH,HI,AWP,WE,Federal Contract Tower,69,17,10,30,126,0,254,28,2,284,69,271,38,32,410,63,43,106,516
12/31/2013,LIH,HI,AWP,WE,Federal Contract Tower,67,18,3,0,88,0,213,18,0,231,67,231,21,0,319,43,0,43,362
01/01/2014,LIH,HI,AWP,WE,Federal Contract Tower,64,4,2,0,70,0,205,15,0,220,64,209,17,0,290,32,0,32,322
01/02/2014,LIH,HI,AWP,WE,Federal Contract Tower,65,15,7,4,91,0,94,31,10,135,65,109,38,14,226,34,2,36,262
01/03/2014,LIH,HI,AWP,WE,Federal Contract Tower,71,13,12,32,128,0,204,58,0,262,71,217,70,32,390,70,0,70,460
01/04/2014,LIH,HI,AWP,WE,Federal Contract Tower,74,5,4,1,84,0,179,57,0,236,74,184,61,1,320,78,0,78,398
01/05/2014,LIH,HI,AWP,WE,Federal Contract Tower,67,2,5,2,76,0,168,30,0,198,67,170,35,2,274,22,0,22,296
01/06/2014,LIH,HI,AWP,WE,Federal Contract Tower,67,18,7,1,93,0,217,49,0,266,67,235,56,1,359,61,19,80,439
01/07/2014,LIH,HI,AWP,WE,Federal Contract Tower,64,16,5,21,106,0,218,43,10,271,64,234,48,31,377,56,12,68,445
01/08/2014,LIH,HI,AWP,WE,Federal Contract Tower,67,17,5,22,111,0,180,21,1,202,67,197,26,23,313,38,16,54,367
01/09/2014,LIH,HI,AWP,WE,Federal Contract Tower,66,18,12,10,106,0,207,29,0,236,66,225,41,10,342,52,12,64,406
01/10/2014,LIH,HI,AWP,WE,Federal Contract Tower,76,9,2,12,99,0,148,34,6,188,76,157,36,18,287,32,28,60,347
01/11/2014,LIH,HI,AWP,WE,Federal Contract Tower,77,4,6,0,87,0,160,36,0,196,77,164,42,0,283,26,0,26,309
01/12/2014,LIH,HI,AWP,WE,Federal Contract Tower,59,4,3,0,66,0,102,21,0,123,59,106,24,0,189,42,0,42,231
01/13/2014,LIH,HI,AWP,WE,Federal Contract Tower,56,12,3,14,85,0,141,29,9,179,56,153,32,23,264,28,10,38,302
01/14/2014,LIH,HI,AWP,WE,Federal Contract Tower,62,17,2,19,100,0,247,52,4,303,62,264,54,23,403,40,0,40,443
01/15/2014,LIH,HI,AWP,WE,Federal Contract Tower,73,12,0,21,106,0,135,36,7,178,73,147,36,28,284,36,18,54,338
01/16/2014,LIH,HI,AWP,WE,Federal Contract Tower,68,12,0,6,86,0,129,35,0,164,68,141,35,6,250,54,4,58,308
01/17/2014,LIH,HI,AWP,WE,Federal Contract Tower,74,13,7,33,127,0,198,55,6,259,74,211,62,39,386,58,16,74,460
01/18/2014,LIH,HI,AWP,WE,Federal Contract Tower,74,0,2,10,86,0,129,75,0,204,74,129,77,10,290,18,0,18,308
01/19/2014,LIH,HI,AWP,WE,Federal Contract Tower,65,2,1,0,68,0,113,20,0,133,65,115,21,0,201,30,0,30,231
01/20/2014,LIH,HI,AWP,WE,Federal Contract Tower,64,16,0,0,80,0,210,69,0,279,64,226,69,0,359,40,0,40,399
01/21/2014,LIH,HI,AWP,WE,Federal Contract Tower,61,16,2,16,95,0,176,29,0,205,61,192,31,16,300,80,6,86,386
01/22/2014,LIH,HI,AWP,WE,Federal Contract Tower,67,12,4,34,117,0,69,37,0,106,67,81,41,34,223,32,0,32,255
01/23/2014,LIH,HI,AWP,WE,Federal Contract Tower,70,17,7,28,122,0,228,64,0,292,70,245,71,28,414,62,8,70,484
01/24/2014,LIH,HI,AWP,WE,Federal Contract Tower,71,8,0,8,87,0,209,54,3,266,71,217,54,11,353,66,0,66,419
01/25/2014,LIH,HI,AWP,WE,Federal Contract Tower,77,2,0,0,79,0,137,38,0,175,77,139,38,0,254,32,0,32,286
01/26/2014,LIH,HI,AWP,WE,Federal Contract Tower,65,7,5,4,81,0,71,19,0,90,65,78,24,4,171,18,0,18,189
01/27/2014,LIH,HI,AWP,WE,Federal Contract Tower,59,14,2,2,77,0,110,34,0,144,59,124,36,2,221,38,10,48,269
01/28/2014,LIH,HI,AWP,WE,Federal Contract Tower,63,16,2,28,109,0,216,28,16,260,63,232,30,44,369,39,36,75,444
01/29/2014,LIH,HI,AWP,WE,Federal Contract Tower,69,8,2,28,107,0,169,25,17,211,69,177,27,45,318,36,24,60,378
01/30/2014,LIH,HI,AWP,WE,Federal Contract Tower,67,16,4,29,116,0,247,44,8,299,67,263,48,37,415,26,0,26,441
01/31/2014,LIH,HI,AWP,WE,Federal Contract Tower,74,14,2,2,92,0,155,48,2,205,74,169,50,4,297,74,0,74,371
02/01/2014,LIH,HI,AWP,WE,Federal Contract Tower,68,2,3,0,73,0,75,28,0,103,68,77,31,0,176,46,0,46,222
02/02/2014,LIH,HI,AWP,WE,Federal Contract Tower,69,5,1,6,81,0,95,18,0,113,69,100,19,6,194,8,0,8,202
02/03/2014,LIH,HI,AWP,WE,Federal Contract Tower,63,16,2,18,99,0,179,35,1,215,63,195,37,19,314,38,12,50,364
02/04/2014,LIH,HI,AWP,WE,Federal Contract Tower,57,14,5,18,94,0,142,50,0,192,57,156,55,18,286,14,0,14,300
02/05/2014,LIH,HI,AWP,WE,Federal Contract Tower,70,14,4,0,88,0,26,0,0,26,70,40,4,0,114,12,0,12,126
02/06/2014,LIH,HI,AWP,WE,Federal Contract Tower,67,10,8,14,99,0,139,25,7,171,67,149,33,21,270,84,6,90,360
02/07/2014,LIH,HI,AWP,WE,Federal Contract Tower,73,12,7,6,98,0,31,20,0,51,73,43,27,6,149,40,0,40,189
02/08/2014,LIH,HI,AWP,WE,Federal Contract Tower,71,11,2,1,85,0,155,70,0,225,71,166,72,1,310,98,0,98,408
02/09/2014,LIH,HI,AWP,WE,Federal Contract Tower,66,5,2,4,77,0,59,21,0,80,66,64,23,4,157,52,0,52,209
02/10/2014,LIH,HI,AWP,WE,Federal Contract Tower,67,16,8,7,98,0,78,23,5,106,67,94,31,12,204,92,0,92,296
02/11/2014,LIH,HI,AWP,WE,Federal Contract Tower,62,18,0,32,112,0,158,34,12,204,62,176,34,44,316,28,8,36,352
02/12/2014,LIH,HI,AWP,WE,Federal Contract Tower,66,10,1,28,105,0,133,13,0,146,66,143,14,28,251,86,32,118,369
02/13/2014,LIH,HI,AWP,WE,Federal Contract Tower,63,14,2,31,110,0,28,6,3,37,63,42,8,34,147,8,0,8,155
02/14/2014,LIH,HI,AWP,WE,Federal Contract Tower,75,15,3,4,97,0,107,19,0,126,75,122,22,4,223,26,0,26,249
02/15/2014,LIH,HI,AWP,WE,Federal Contract Tower,69,10,12,8,99,0,21,5,0,26,69,31,17,8,125,2,0,2,127
02/16/2014,LIH,HI,AWP,WE,Federal Contract Tower,66,8,3,0,77,0,33,1,0,34,66,41,4,0,111,6,0,6,117
02/17/2014,LIH,HI,AWP,WE,Federal Contract Tower,66,20,1,0,87,0,144,29,0,173,66,164,30,0,260,26,0,26,286
02/18/2014,LIH,HI,AWP,WE,Federal Contract Tower,65,12,5,16,98,0,212,68,2,282,65,224,73,18,380,67,20,87,467
02/19/2014,LIH,HI,AWP,WE,Federal Contract Tower,62,20,0,27,109,0,213,49,1,263,62,233,49,28,372,42,8,50,422
02/20/2014,LIH,HI,AWP,WE,Federal Contract Tower,68,17,3,10,98,0,243,57,0,300,68,260,60,10,398,32,12,44,442
02/21/2014,LIH,HI,AWP,WE,Federal Contract Tower,70,28,2,4,104,0,62,10,0,72,70,90,12,4,176,18,0,18,194
02/22/2014,LIH,HI,AWP,WE,Federal Contract Tower,74,10,3,0,87,0,188,39,0,227,74,198,42,0,314,32,0,32,346
02/23/2014,LIH,HI,AWP,WE,Federal Contract Tower,69,6,2,0,77,0,131,40,0,171,69,137,42,0,248,52,0,52,300
02/24/2014,LIH,HI,AWP,WE,Federal Contract Tower,73,13,0,4,90,0,225,53,0,278,73,238,53,4,368,46,18,64,432
02/25/2014,LIH,HI,AWP,WE,Federal Contract Tower,64,11,9,23,107,0,232,79,2,313,64,243,88,25,420,52,2,54,474
02/26/2014,LIH,HI,AWP,WE,Federal Contract Tower,66,17,4,16,103,0,186,32,4,222,66,203,36,20,325,42,8,50,375
02/27/2014,LIH,HI,AWP,WE,Federal Contract Tower,66,13,7,22,108,0,212,58,0,270,66,225,65,22,378,96,0,96,474
02/28/2014,LIH,HI,AWP,WE,Federal Contract Tower,73,16,8,15,112,0,146,37,7,190,73,162,45,22,302,16,32,48,350
03/01/2014,LIH,HI,AWP,WE,Federal Contract Tower,73,7,2,4,86,0,86,35,0,121,73,93,37,4,207,32,8,40,247
03/02/2014,LIH,HI,AWP,WE,Federal Contract Tower,65,6,2,1,74,0,63,21,0,84,65,69,23,1,158,24,0,24,182
03/03/2014,LIH,HI,AWP,WE,Federal Contract Tower,62,18,3,22,105,0,183,30,0,213,62,201,33,22,318,46,26,72,390
03/04/2014,LIH,HI,AWP,WE,Federal Contract Tower,64,17,1,34,116,0,236,52,15,303,64,253,53,49,419,74,0,74,493
03/05/2014,LIH,HI,AWP,WE,Federal Contract Tower,64,14,3,17,98,0,182,38,2,222,64,196,41,19,320,54,8,62,382
03/06/2014,LIH,HI,AWP,WE,Federal Contract Tower,72,17,0,23,112,0,157,40,5,202,72,174,40,28,314,28,0,28,342
03/07/2014,LIH,HI,AWP,WE,Federal Contract Tower,65,18,2,17,102,0,44,14,0,58,65,62,16,17,160,46,16,62,222
03/08/2014,LIH,HI,AWP,WE,Federal Contract Tower,75,8,9,7,99,0,123,17,1,141,75,131,26,8,240,26,6,32,272
03/09/2014,LIH,HI,AWP,WE,Federal Contract Tower,74,5,1,14,94,0,119,25,0,144,74,124,26,14,238,54,0,54,292
03/10/2014,LIH,HI,AWP,WE,Federal Contract Tower,72,15,17,34,138,0,156,21,0,177,72,171,38,34,315,50,0,50,365
03/11/2014,LIH,HI,AWP,WE,Federal Contract Tower,76,20,3,23,122,0,219,56,14,289,76,239,59,37,411,42,12,54,465
03/12/2014,LIH,HI,AWP,WE,Federal Contract Tower,74,24,1,14,113,0,242,56,0,298,74,266,57,14,411,64,0,64,475
03/13/2014,LIH,HI,AWP,WE,Federal Contract Tower,75,20,1,22,118,0,248,58,5,311,75,268,59,27,429,36,20,56,485
03/14/2014,LIH,HI,AWP,WE,Federal Contract Tower,77,13,0,27,117,0,195,36,2,233,77,208,36,29,350,76,42,118,468
03/15/2014,LIH,HI,AWP,WE,Federal Contract Tower,81,3,3,0,87,0,80,12,0,92,81,83,15,0,179,16,0,16,195
03/16/2014,LIH,HI,AWP,WE,Federal Contract Tower,74,6,2,0,82,0,15,0,0,15,74,21,2,0,97,0,0,0,97
03/17/2014,LIH,HI,AWP,WE,Federal Contract Tower,72,19,3,11,105,0,188,25,2,215,72,207,28,13,320,30,0,30,350
03/18/2014,LIH,HI,AWP,WE,Federal Contract Tower,73,14,4,28,119,0,234,39,5,278,73,248,43,33,397,40,24,64,461
03/19/2014,LIH,HI,AWP,WE,Federal Contract Tower,72,13,5,10,100,0,176,32,10,218,72,189,37,20,318,22,2,24,342
03/20/2014,LIH,HI,AWP,WE,Federal Contract Tower,74,21,4,8,107,0,162,29,3,194,74,183,33,11,301,66,0,66,367
03/21/2014,LIH,HI,AWP,WE,Federal Contract Tower,79,16,5,9,109,0,206,8,1,215,79,222,13,10,324,36,0,36,360
03/22/2014,LIH,HI,AWP,WE,Federal Contract Tower,80,5,5,0,90,0,144,41,0,185,80,149,46,0,275,14,0,14,289
03/23/2014,LIH,HI,AWP,WE,Federal Contract Tower,76,8,3,0,87,0,147,37,0,184,76,155,40,0,271,20,0,20,291
03/24/2014,LIH,HI,AWP,WE,Federal Contract Tower,68,20,4,20,112,0,186,39,0,225,68,206,43,20,337,22,26,48,385
03/25/2014,LIH,HI,AWP,WE,Federal Contract Tower,69,14,3,10,96,0,208,39,7,254,69,222,42,17,350,52,0,52,402
03/26/2014,LIH,HI,AWP,WE,Federal Contract Tower,69,17,4,11,101,0,151,21,2,174,69,168,25,13,275,32,12,44,319
03/27/2014,LIH,HI,AWP,WE,Federal Contract Tower,69,20,2,27,118,0,222,75,5,302,69,242,77,32,420,48,0,48,468
03/28/2014,LIH,HI,AWP,WE,Federal Contract Tower,77,13,3,18,111,0,174,58,0,232,77,187,61,18,343,28,0,28,371
03/29/2014,LIH,HI,AWP,WE,Federal Contract Tower,77,6,2,0,85,0,67,24,3,94,77,73,26,3,179,26,0,26,205
03/30/2014,LIH,HI,AWP,WE,Federal Contract Tower,78,5,0,0,83,0,130,35,0,165,78,135,35,0,248,36,0,36,284
03/31/2014,LIH,HI,AWP,WE,Federal Contract Tower,69,22,10,8,109,0,147,17,6,170,69,169,27,14,279,32,0,32,311
04/01/2014,LIH,HI,AWP,WE,Federal Contract Tower,65,17,2,24,108,0,176,26,3,205,65,193,28,27,313,44,0,44,357
04/02/2014,LIH,HI,AWP,WE,Federal Contract Tower,60,13,5,18,96,0,93,25,2,120,60,106,30,20,216,26,6,32,248
04/03/2014,LIH,HI,AWP,WE,Federal Contract Tower,74,13,2,33,122,0,193,60,6,259,74,206,62,39,381,42,0,42,423
04/04/2014,LIH,HI,AWP,WE,Federal Contract Tower,72,16,3,16,107,0,139,44,0,183,72,155,47,16,290,24,2,26,316
04/05/2014,LIH,HI,AWP,WE,Federal Contract Tower,72,6,2,1,81,0,133,66,0,199,72,139,68,1,280,24,0,24,304
04/06/2014,LIH,HI,AWP,WE,Federal Contract Tower,74,1,0,2,77,0,94,30,0,124,74,95,30,2,201,14,0,14,215
04/07/2014,LIH,HI,AWP,WE,Federal Contract Tower,78,13,3,6,100,0,171,33,0,204,78,184,36,6,304,30,0,30,334
04/08/2014,LIH,HI,AWP,WE,Federal Contract Tower,75,7,1,12,95,0,190,33,0,223,75,197,34,12,318,48,0,48,366
04/09/2014,LIH,HI,AWP,WE,Federal Contract Tower,65,14,1,11,91,0,189,21,1,211,65,203,22,12,302,32,0,32,334
04/10/2014,LIH,HI,AWP,WE,Federal Contract Tower,73,14,2,5,94,0,195,35,3,233,73,209,37,8,327,59,0,59,386
04/11/2014,LIH,HI,AWP,WE,Federal Contract Tower,73,15,2,6,96,0,165,57,1,223,73,180,59,7,319,66,0,66,385
04/12/2014,LIH,HI,AWP,WE,Federal Contract Tower,79,5,9,0,93,0,140,43,0,183,79,145,52,0,276,30,0,30,306
04/13/2014,LIH,HI,AWP,WE,Federal Contract Tower,73,3,0,0,76,0,48,32,0,80,73,51,32,0,156,30,0,30,186
04/14/2014,LIH,HI,AWP,WE,Federal Contract Tower,74,9,4,12,99,0,186,43,0,229,74,195,47,12,328,40,0,40,368
04/15/2014,LIH,HI,AWP,WE,Federal Contract Tower,72,11,8,4,95,0,191,42,0,233,72,202,50,4,328,58,10,68,396
04/16/2014,LIH,HI,AWP,WE,Federal Contract Tower,66,15,12,1,94,0,188,42,0,230,66,203,54,1,324,34,0,34,358
04/17/2014,LIH,HI,AWP,WE,Federal Contract Tower,72,17,8,10,107,0,210,31,4,245,72,227,39,14,352,40,0,40,392
04/18/2014,LIH,HI,AWP,WE,Federal Contract Tower,71,13,5,18,107,0,173,53,0,226,71,186,58,18,333,40,0,40,373
04/19/2014,LIH,HI,AWP,WE,Federal Contract Tower,73,2,2,0,77,0,164,46,0,210,73,166,48,0,287,28,0,28,315
04/20/2014,LIH,HI,AWP,WE,Federal Contract Tower,72,3,0,0,75,0,102,38,0,140,72,105,38,0,215,30,0,30,245
04/21/2014,LIH,HI,AWP,WE,Federal Contract Tower,66,18,0,0,84,0,154,53,0,207,66,172,53,0,291,46,0,46,337
04/22/2014,LIH,HI,AWP,WE,Federal Contract Tower,70,13,0,19,102,0,183,50,0,233,70,196,50,19,335,44,14,58,393
04/23/2014,LIH,HI,AWP,WE,Federal Contract Tower,64,19,3,6,92,0,176,66,0,242,64,195,69,6,334,49,10,59,393
04/24/2014,LIH,HI,AWP,WE,Federal Contract Tower,71,15,3,12,101,0,123,31,0,154,71,138,34,12,255,34,0,34,289
04/25/2014,LIH,HI,AWP,WE,Federal Contract Tower,71,12,1,8,92,0,169,30,2,201,71,181,31,10,293,28,4,32,325
04/26/2014,LIH,HI,AWP,WE,Federal Contract Tower,73,3,4,0,80,0,104,34,0,138,73,107,38,0,218,54,0,54,272
04/27/2014,LIH,HI,AWP,WE,Federal Contract Tower,61,7,0,0,68,0,116,46,0,162,61,123,46,0,230,40,0,40,270
04/28/2014,LIH,HI,AWP,WE,Federal Contract Tower,68,10,1,6,85,0,191,89,0,280,68,201,90,6,365,50,0,50,415
04/29/2014,LIH,HI,AWP,WE,Federal Contract Tower,66,16,0,12,94,0,194,77,0,271,66,210,77,12,365,52,8,60,425
04/30/2014,LIH,HI,AWP,WE,Federal Contract Tower,64,12,1,13,90,0,141,50,4,195,64,153,51,17,285,34,24,58,343
05/01/2014,LIH,HI,AWP,WE,Federal Contract Tower,67,16,4,1,88,0,194,45,1,240,67,210,49,2,328,34,12,46,374
05/02/2014,LIH,HI,AWP,WE,Federal Contract Tower,72,19,8,3,102,0,160,31,1,192,72,179,39,4,294,44,0,44,338
05/03/2014,LIH,HI,AWP,WE,Federal Contract Tower,71,3,3,0,77,0,131,52,0,183,71,134,55,0,260,26,8,34,294
05/04/2014,LIH,HI,AWP,WE,Federal Contract Tower,68,4,3,0,75,0,113,45,0,158,68,117,48,0,233,12,0,12,245
05/05/2014,LIH,HI,AWP,WE,Federal Contract Tower,70,10,10,0,90,0,216,73,0,289,70,226,83,0,379,54,0,54,433
05/06/2014,LIH,HI,AWP,WE,Federal Contract Tower,66,12,1,14,93,0,169,49,2,220,66,181,50,16,313,44,0,44,357
05/07/2014,LIH,HI,AWP,WE,Federal Contract Tower,64,13,0,2,79,0,163,33,0,196,64,176,33,2,275,42,0,42,317
05/08/2014,LIH,HI,AWP,WE,Federal Contract Tower,69,19,1,1,90,0,190,64,3,257,69,209,65,4,347,66,0,66,413
05/09/2014,LIH,HI,AWP,WE,Federal Contract Tower,70,13,0,0,83,0,197,42,0,239,70,210,42,0,322,136,0,136,458
05/10/2014,LIH,HI,AWP,WE,Federal Contract Tower,71,5,5,0,81,0,84,38,0,122,71,89,43,0,203,24,0,24,227
05/11/2014,LIH,HI,AWP,WE,Federal Contract Tower,70,3,6,0,79,0,40,13,0,53,70,43,19,0,132,36,0,36,168
05/12/2014,LIH,HI,AWP,WE,Federal Contract Tower,67,9,0,9,85,0,170,22,0,192,67,179,22,9,277,52,20,72,349
05/13/2014,LIH,HI,AWP,WE,Federal Contract Tower,65,17,1,0,83,0,180,70,0,250,65,197,71,0,333,176,10,186,519
05/14/2014,LIH,HI,AWP,WE,Federal Contract Tower,66,16,3,22,107,0,189,54,3,246,66,205,57,25,353,110,40,150,503
05/15/2014,LIH,HI,AWP,WE,Federal Contract Tower,70,11,2,12,95,0,212,50,4,266,70,223,52,16,361,36,14,50,411
05/16/2014,LIH,HI,AWP,WE,Federal Contract Tower,69,14,5,24,112,0,164,36,4,204,69,178,41,28,316,28,0,28,344
05/17/2014,LIH,HI,AWP,WE,Federal Contract Tower,73,3,2,0,78,0,112,41,0,153,73,115,43,0,231,50,0,50,281
05/18/2014,LIH,HI,AWP,WE,Federal Contract Tower,69,2,1,12,84,0,105,22,0,127,69,107,23,12,211,26,0,26,237
05/19/2014,LIH,HI,AWP,WE,Federal Contract Tower,67,14,2,6,89,0,200,52,0,252,67,214,54,6,341,116,26,142,483
05/20/2014,LIH,HI,AWP,WE,Federal Contract Tower,66,12,2,0,80,0,184,51,1,236,66,196,53,1,316,26,0,26,342
05/21/2014,LIH,HI,AWP,WE,Federal Contract Tower,65,12,2,8,87,0,194,25,2,221,65,206,27,10,308,28,12,40,348
05/22/2014,LIH,HI,AWP,WE,Federal Contract Tower,73,15,3,12,103,0,253,47,0,300,73,268,50,12,403,68,4,72,475
05/23/2014,LIH,HI,AWP,WE,Federal Contract Tower,78,14,4,2,98,0,79,10,0,89,78,93,14,2,187,20,0,20,207
05/24/2014,LIH,HI,AWP,WE,Federal Contract Tower,76,2,4,0,82,0,156,19,0,175,76,158,23,0,257,12,0,12,269
05/25/2014,LIH,HI,AWP,WE,Federal Contract Tower,63,2,3,0,68,0,61,13,0,74,63,63,16,0,142,4,0,4,146
05/26/2014,LIH,HI,AWP,WE,Federal Contract Tower,71,2,5,0,78,0,148,44,0,192,71,150,49,0,270,66,0,66,336
05/27/2014,LIH,HI,AWP,WE,Federal Contract Tower,66,12,2,17,97,0,192,31,3,226,66,204,33,20,323,32,8,40,363
05/28/2014,LIH,HI,AWP,WE,Federal Contract Tower,67,12,2,6,87,0,172,24,0,196,67,184,26,6,283,22,0,22,305
05/29/2014,LIH,HI,AWP,WE,Federal Contract Tower,65,15,5,4,89,0,190,47,0,237,65,205,52,4,326,30,0,30,356
05/30/2014,LIH,HI,AWP,WE,Federal Contract Tower,74,13,4,4,95,0,184,26,0,210,74,197,30,4,305,30,0,30,335
05/31/2014,LIH,HI,AWP,WE,Federal Contract Tower,78,1,3,2,84,0,156,43,0,199,78,157,46,2,283,34,0,34,317
06/01/2014,LIH,HI,AWP,WE,Federal Contract Tower,71,5,3,4,83,0,102,31,0,133,71,107,34,4,216,12,8,20,236
06/02/2014,LIH,HI,AWP,WE,Federal Contract Tower,73,12,6,14,105,0,133,21,0,154,73,145,27,14,259,40,0,40,299
06/03/2014,LIH,HI,AWP,WE,Federal Contract Tower,68,14,4,15,101,0,198,74,2,274,68,212,78,17,375,28,2,30,405
06/04/2014,LIH,HI,AWP,WE,Federal Contract Tower,64,10,6,8,88,0,160,25,8,193,64,170,31,16,281,30,6,36,317
06/05/2014,LIH,HI,AWP,WE,Federal Contract Tower,72,16,7,10,105,0,204,46,0,250,72,220,53,10,355,36,0,36,391
06/06/2014,LIH,HI,AWP,WE,Federal Contract Tower,72,11,0,3,86,0,160,40,0,200,72,171,40,3,286,48,18,66,352
06/07/2014,LIH,HI,AWP,WE,Federal Contract Tower,77,7,7,1,92,0,166,32,0,198,77,173,39,1,290,22,0,22,312
06/08/2014,LIH,HI,AWP,WE,Federal Contract Tower,76,5,0,2,83,0,126,31,0,157,76,131,31,2,240,20,0,20,260
06/09/2014,LIH,HI,AWP,WE,Federal Contract Tower,72,12,11,0,95,0,193,53,0,246,72,205,64,0,341,36,0,36,377
06/10/2014,LIH,HI,AWP,WE,Federal Contract Tower,69,14,7,10,100,0,168,49,0,217,69,182,56,10,317,40,0,40,357
06/11/2014,LIH,HI,AWP,WE,Federal Contract Tower,73,13,4,10,100,0,170,18,0,188,73,183,22,10,288,54,0,54,342
06/12/2014,LIH,HI,AWP,WE,Federal Contract Tower,74,11,1,9,95,0,212,51,0,263,74,223,52,9,358,38,0,38,396
06/13/2014,LIH,HI,AWP,WE,Federal Contract Tower,76,13,4,0,93,0,204,59,0,263,76,217,63,0,356,34,0,34,390
06/14/2014,LIH,HI,AWP,WE,Federal Contract Tower,76,2,7,0,85,0,141,31,0,172,76,143,38,0,257,20,8,28,285
06/15/2014,LIH,HI,AWP,WE,Federal Contract Tower,77,7,2,0,86,0,129,22,0,151,77,136,24,0,237,66,0,66,303
06/16/2014,LIH,HI,AWP,WE,Federal Contract Tower,75,8,4,4,91,0,171,41,0,212,75,179,45,4,303,58,0,58,361
06/17/2014,LIH,HI,AWP,WE,Federal Contract Tower,74,23,3,7,107,0,200,36,13,249,74,223,39,20,356,36,0,36,392
06/18/2014,LIH,HI,AWP,WE,Federal Contract Tower,67,12,6,15,100,0,200,41,5,246,67,212,47,20,346,48,10,58,404
06/19/2014,LIH,HI,AWP,WE,Federal Contract Tower,74,12,3,16,105,0,251,37,4,292,74,263,40,20,397,40,0,40,437
06/20/2014,LIH,HI,AWP,WE,Federal Contract Tower,75,11,3,16,105,0,205,43,4,252,75,216,46,20,357,46,4,50,407
06/21/2014,LIH,HI,AWP,WE,Federal Contract Tower,82,1,4,0,87,0,167,55,0,222,82,168,59,0,309,90,0,90,399
06/22/2014,LIH,HI,AWP,WE,Federal Contract Tower,80,4,1,0,85,0,116,54,0,170,80,120,55,0,255,22,0,22,277
06/23/2014,LIH,HI,AWP,WE,Federal Contract Tower,73,6,2,4,85,0,180,45,0,225,73,186,47,4,310,26,0,26,336
06/24/2014,LIH,HI,AWP,WE,Federal Contract Tower,78,8,3,0,89,0,196,44,0,240,78,204,47,0,329,32,0,32,361
06/25/2014,LIH,HI,AWP,WE,Federal Contract Tower,71,12,13,4,100,0,191,36,0,227,71,203,49,4,327,40,10,50,377
06/26/2014,LIH,HI,AWP,WE,Federal Contract Tower,75,16,6,8,105,0,201,34,2,237,75,217,40,10,342,32,4,36,378
06/27/2014,LIH,HI,AWP,WE,Federal Contract Tower,79,13,2,10,104,0,227,43,0,270,79,240,45,10,374,36,0,36,410
06/28/2014,LIH,HI,AWP,WE,Federal Contract Tower,82,4,5,0,91,0,151,37,0,188,82,155,42,0,279,26,0,26,305
06/29/2014,LIH,HI,AWP,WE,Federal Contract Tower,74,2,2,1,79,0,128,36,0,164,74,130,38,1,243,32,0,32,275
06/30/2014,LIH,HI,AWP,WE,Federal Contract Tower,77,13,5,10,105,0,207,35,0,242,77,220,40,10,347,44,44,88,435
07/01/2014,LIH,HI,AWP,WE,Federal Contract Tower,73,10,3,0,86,0,179,45,0,224,73,189,48,0,310,27,0,27,337
07/02/2014,LIH,HI,AWP,WE,Federal Contract Tower,75,12,2,4,93,0,204,36,0,240,75,216,38,4,333,28,0,28,361
07/03/2014,LIH,HI,AWP,WE,Federal Contract Tower,79,14,3,6,102,0,245,53,1,299,79,259,56,7,401,44,2,46,447
07/04/2014,LIH,HI,AWP,WE,Federal Contract Tower,77,5,0,1,83,0,238,20,0,258,77,243,20,1,341,32,0,32,373
07/05/2014,LIH,HI,AWP,WE,Federal Contract Tower,78,6,2,0,86,0,180,38,0,218,78,186,40,0,304,30,0,30,334
07/06/2014,LIH,HI,AWP,WE,Federal Contract Tower,82,3,6,3,94,0,180,17,6,203,82,183,23,9,297,32,24,56,353
07/07/2014,LIH,HI,AWP,WE,Federal Contract Tower,70,18,2,9,99,0,221,27,0,248,70,239,29,9,347,40,0,40,387
07/08/2014,LIH,HI,AWP,WE,Federal Contract Tower,73,12,2,12,99,0,182,48,2,232,73,194,50,14,331,30,4,34,365
07/09/2014,LIH,HI,AWP,WE,Federal Contract Tower,70,13,4,7,94,0,201,37,6,244,70,214,41,13,338,64,4,68,406
07/10/2014,LIH,HI,AWP,WE,Federal Contract Tower,77,13,1,27,118,0,220,49,4,273,77,233,50,31,391,84,14,98,489
07/11/2014,LIH,HI,AWP,WE,Federal Contract Tower,80,13,2,22,117,0,218,46,0,264,80,231,48,22,381,44,26,70,451
07/12/2014,LIH,HI,AWP,WE,Federal Contract Tower,80,7,5,3,95,0,168,36,0,204,80,175,41,3,299,36,4,40,339
07/13/2014,LIH,HI,AWP,WE,Federal Contract Tower,82,2,2,2,88,0,162,36,0,198,82,164,38,2,286,52,6,58,344
07/14/2014,LIH,HI,AWP,WE,Federal Contract Tower,74,14,3,2,93,0,179,24,9,212,74,193,27,11,305,56,0,56,361
07/15/2014,LIH,HI,AWP,WE,Federal Contract Tower,71,17,2,8,98,0,167,47,0,214,71,184,49,8,312,88,4,92,404
07/16/2014,LIH,HI,AWP,WE,Federal Contract Tower,78,11,2,14,105,0,167,38,8,213,78,178,40,22,318,36,0,36,354
07/17/2014,LIH,HI,AWP,WE,Federal Contract Tower,76,17,1,2,96,0,224,34,2,260,76,241,35,4,356,36,0,36,392
07/18/2014,LIH,HI,AWP,WE,Federal Contract Tower,81,12,0,0,93,0,238,37,0,275,81,250,37,0,368,14,0,14,382
07/19/2014,LIH,HI,AWP,WE,Federal Contract Tower,80,3,3,0,86,0,180,25,2,207,80,183,28,2,293,22,0,22,315
07/20/2014,LIH,HI,AWP,WE,Federal Contract Tower,82,1,1,0,84,0,24,2,0,26,82,25,3,0,110,4,0,4,114
07/21/2014,LIH,HI,AWP,WE,Federal Contract Tower,79,12,2,0,93,0,185,20,0,205,79,197,22,0,298,48,0,48,346
07/22/2014,LIH,HI,AWP,WE,Federal Contract Tower,70,14,1,2,87,0,198,33,5,236,70,212,34,7,323,34,0,34,357
07/23/2014,LIH,HI,AWP,WE,Federal Contract Tower,74,17,4,5,100,0,221,41,6,268,74,238,45,11,368,72,4,76,444
07/24/2014,LIH,HI,AWP,WE,Federal Contract Tower,76,12,4,2,94,0,266,35,7,308,76,278,39,9,402,34,8,42,444
07/25/2014,LIH,HI,AWP,WE,Federal Contract Tower,80,13,2,10,105,0,224,70,16,310,80,237,72,26,415,44,0,44,459
07/26/2014,LIH,HI,AWP,WE,Federal Contract Tower,81,3,2,4,90,0,158,50,0,208,81,161,52,4,298,26,0,26,324
07/27/2014,LIH,HI,AWP,WE,Federal Contract Tower,75,5,1,0,81,0,178,40,4,222,75,183,41,4,303,28,0,28,331
07/28/2014,LIH,HI,AWP,WE,Federal Contract Tower,72,12,2,0,86,0,160,43,0,203,72,172,45,0,289,65,0,65,354
07/29/2014,LIH,HI,AWP,WE,Federal Contract Tower,72,13,2,7,94,0,204,32,4,240,72,217,34,11,334,54,8,62,396
07/30/2014,LIH,HI,AWP,WE,Federal Contract Tower,81,8,3,8,100,0,215,50,2,267,81,223,53,10,367,38,0,38,405
07/31/2014,LIH,HI,AWP,WE,Federal Contract Tower,77,15,0,0,92,0,237,44,2,283,77,252,44,2,375,50,0,50,425
08/01/2014,LIH,HI,AWP,WE,Federal Contract Tower,78,16,2,15,111,0,248,48,1,297,78,264,50,16,408,44,14,58,466
08/02/2014,LIH,HI,AWP,WE,Federal Contract Tower,80,4,5,0,89,0,142,46,0,188,80,146,51,0,277,16,0,16,293
08/03/2014,LIH,HI,AWP,WE,Federal Contract Tower,78,3,5,0,86,0,118,34,0,152,78,121,39,0,238,40,0,40,278
08/04/2014,LIH,HI,AWP,WE,Federal Contract Tower,76,12,0,18,106,0,227,35,4,266,76,239,35,22,372,60,8,68,440
08/05/2014,LIH,HI,AWP,WE,Federal Contract Tower,71,14,6,1,92,0,246,60,1,307,71,260,66,2,399,40,6,46,445
08/06/2014,LIH,HI,AWP,WE,Federal Contract Tower,78,15,2,3,98,0,206,27,1,234,78,221,29,4,332,36,0,36,368
08/07/2014,LIH,HI,AWP,WE,Federal Contract Tower,74,18,4,10,106,0,212,34,0,246,74,230,38,10,352,48,0,48,400
08/08/2014,LIH,HI,AWP,WE,Federal Contract Tower,59,1,1,0,61,1,1,0,0,2,60,2,1,0,63,4,0,4,67
08/09/2014,LIH,HI,AWP,WE,Federal Contract Tower,83,8,3,1,95,0,4,10,0,14,83,12,13,1,109,0,0,0,109
08/10/2014,LIH,HI,AWP,WE,Federal Contract Tower,81,2,0,0,83,0,100,25,0,125,81,102,25,0,208,14,0,14,222
08/11/2014,LIH,HI,AWP,WE,Federal Contract Tower,75,13,0,0,88,0,149,66,0,215,75,162,66,0,303,30,0,30,333
08/12/2014,LIH,HI,AWP,WE,Federal Contract Tower,72,17,4,8,101,0,224,21,4,249,72,241,25,12,350,44,0,44,394
08/13/2014,LIH,HI,AWP,WE,Federal Contract Tower,73,13,3,19,108,0,187,18,3,208,73,200,21,22,316,60,28,88,404
08/14/2014,LIH,HI,AWP,WE,Federal Contract Tower,74,10,1,3,88,0,259,36,0,295,74,269,37,3,383,57,4,61,444
08/15/2014,LIH,HI,AWP,WE,Federal Contract Tower,80,11,10,23,124,0,225,54,2,281,80,236,64,25,405,66,52,118,523
08/16/2014,LIH,HI,AWP,WE,Federal Contract Tower,81,7,13,0,101,0,184,68,0,252,81,191,81,0,353,48,0,48,401
08/17/2014,LIH,HI,AWP,WE,Federal Contract Tower,80,2,6,0,88,0,157,71,0,228,80,159,77,0,316,68,0,68,384
08/18/2014,LIH,HI,AWP,WE,Federal Contract Tower,76,12,1,8,97,0,202,51,0,253,76,214,52,8,350,96,0,96,446
08/19/2014,LIH,HI,AWP,WE,Federal Contract Tower,71,11,5,22,109,0,206,45,1,252,71,217,50,23,361,36,0,36,397
08/20/2014,LIH,HI,AWP,WE,Federal Contract Tower,70,15,1,5,91,0,200,24,1,225,70,215,25,6,316,38,0,38,354
08/21/2014,LIH,HI,AWP,WE,Federal Contract Tower,72,12,1,16,101,0,223,45,3,271,72,235,46,19,372,36,2,38,410
08/22/2014,LIH,HI,AWP,WE,Federal Contract Tower,75,21,0,15,111,0,209,38,4,251,75,230,38,19,362,48,0,48,410
08/23/2014,LIH,HI,AWP,WE,Federal Contract Tower,75,4,10,2,91,0,162,50,4,216,75,166,60,6,307,38,0,38,345
08/24/2014,LIH,HI,AWP,WE,Federal Contract Tower,74,4,0,0,78,0,94,40,0,134,74,98,40,0,212,22,0,22,234
08/25/2014,LIH,HI,AWP,WE,Federal Contract Tower,74,8,1,6,89,0,145,48,0,193,74,153,49,6,282,36,0,36,318
08/26/2014,LIH,HI,AWP,WE,Federal Contract Tower,68,13,3,8,92,0,176,31,4,211,68,189,34,12,303,21,0,21,324
08/27/2014,LIH,HI,AWP,WE,Federal Contract Tower,70,14,5,13,102,0,160,25,5,190,70,174,30,18,292,20,2,22,314
08/28/2014,LIH,HI,AWP,WE,Federal Contract Tower,71,15,3,17,106,0,236,49,6,291,71,251,52,23,397,44,32,76,473
08/29/2014,LIH,HI,AWP,WE,Federal Contract Tower,77,15,2,0,94,0,216,44,0,260,77,231,46,0,354,42,0,42,396
08/30/2014,LIH,HI,AWP,WE,Federal Contract Tower,76,8,2,0,86,0,158,72,0,230,76,166,74,0,316,26,0,26,342
08/31/2014,LIH,HI,AWP,WE,Federal Contract Tower,72,2,3,0,77,0,111,57,0,168,72,113,60,0,245,22,0,22,267
09/01/2014,LIH,HI,AWP,WE,Federal Contract Tower,73,2,1,0,76,0,160,55,2,217,73,162,56,2,293,34,0,34,327
09/02/2014,LIH,HI,AWP,WE,Federal Contract Tower,61,14,4,5,84,0,184,30,1,215,61,198,34,6,299,36,0,36,335
09/03/2014,LIH,HI,AWP,WE,Federal Contract Tower,66,14,3,1,84,0,151,30,2,183,66,165,33,3,267,34,4,38,305
09/04/2014,LIH,HI,AWP,WE,Federal Contract Tower,65,13,0,13,91,0,211,39,6,256,65,224,39,19,347,60,4,64,411
09/05/2014,LIH,HI,AWP,WE,Federal Contract Tower,69,13,0,14,96,0,202,30,0,232,69,215,30,14,328,52,0,52,380
09/06/2014,LIH,HI,AWP,WE,Federal Contract Tower,75,6,2,6,89,0,139,50,0,189,75,145,52,6,278,30,0,30,308
09/07/2014,LIH,HI,AWP,WE,Federal Contract Tower,65,3,0,0,68,128,56,0,0,184,193,59,0,0,252,68,0,68,320
09/08/2014,LIH,HI,AWP,WE,Federal Contract Tower,69,12,2,8,91,0,166,79,0,245,69,178,81,8,336,126,66,192,528
09/09/2014,LIH,HI,AWP,WE,Federal Contract Tower,62,12,6,7,87,0,203,58,6,267,62,215,64,13,354,82,20,102,456
09/10/2014,LIH,HI,AWP,WE,Federal Contract Tower,66,10,10,19,105,0,207,38,3,248,66,217,48,22,353,64,54,118,471
09/11/2014,LIH,HI,AWP,WE,Federal Contract Tower,66,16,0,39,121,0,216,43,4,263,66,232,43,43,384,54,0,54,438
09/12/2014,LIH,HI,AWP,WE,Federal Contract Tower,71,12,1,21,105,0,229,46,8,283,71,241,47,29,388,42,0,42,430
09/13/2014,LIH,HI,AWP,WE,Federal Contract Tower,71,1,2,0,74,0,132,34,0,166,71,133,36,0,240,36,0,36,276
09/14/2014,LIH,HI,AWP,WE,Federal Contract Tower,65,5,1,0,71,0,123,50,0,173,65,128,51,0,244,64,0,64,308
09/15/2014,LIH,HI,AWP,WE,Federal Contract Tower,64,12,0,10,86,0,203,43,0,246,64,215,43,10,332,72,0,72,404
09/16/2014,LIH,HI,AWP,WE,Federal Contract Tower,62,20,0,4,86,0,212,36,0,248,62,232,36,4,334,38,0,38,372
09/17/2014,LIH,HI,AWP,WE,Federal Contract Tower,64,11,1,12,88,0,182,35,0,217,64,193,36,12,305,50,0,50,355
09/18/2014,LIH,HI,AWP,WE,Federal Contract Tower,65,15,1,9,90,0,211,42,0,253,65,226,43,9,343,56,0,56,399
09/19/2014,LIH,HI,AWP,WE,Federal Contract Tower,70,6,5,8,89,0,206,66,4,276,70,212,71,12,365,46,12,58,423
09/20/2014,LIH,HI,AWP,WE,Federal Contract Tower,70,1,2,0,73,0,152,53,0,205,70,153,55,0,278,58,10,68,346
09/21/2014,LIH,HI,AWP,WE,Federal Contract Tower,67,2,1,0,70,0,168,50,0,218,67,170,51,0,288,48,0,48,336
09/22/2014,LIH,HI,AWP,WE,Federal Contract Tower,65,11,1,18,95,0,195,59,0,254,65,206,60,18,349,28,0,28,377
09/23/2014,LIH,HI,AWP,WE,Federal Contract Tower,61,10,0,9,80,0,207,46,5,258,61,217,46,14,338,54,0,54,392
09/24/2014,LIH,HI,AWP,WE,Federal Contract Tower,63,12,0,13,88,0,190,33,6,229,63,202,33,19,317,46,0,46,363
09/25/2014,LIH,HI,AWP,WE,Federal Contract Tower,66,11,5,5,87,0,148,22,5,175,66,159,27,10,262,50,0,50,312
09/26/2014,LIH,HI,AWP,WE,Federal Contract Tower,71,14,5,2,92,0,173,26,0,199,71,187,31,2,291,44,0,44,335
09/27/2014,LIH,HI,AWP,WE,Federal Contract Tower,76,1,0,0,77,0,138,21,0,159,76,139,21,0,236,44,0,44,280
09/28/2014,LIH,HI,AWP,WE,Federal Contract Tower,69,4,1,0,74,0,140,40,0,180,69,144,41,0,254,14,0,14,268
09/29/2014,LIH,HI,AWP,WE,Federal Contract Tower,67,11,2,3,83,0,184,25,2,211,67,195,27,5,294,36,18,54,348
09/30/2014,LIH,HI,AWP,WE,Federal Contract Tower,61,22,5,10,98,0,166,49,12,227,61,188,54,22,325,38,0,38,363
10/01/2014,LIH,HI,AWP,WE,Federal Contract Tower,64,13,0,1,78,0,181,34,5,220,64,194,34,6,298,20,16,36,334
10/02/2014,LIH,HI,AWP,WE,Federal Contract Tower,68,16,4,37,125,0,232,44,17,293,68,248,48,54,418,40,40,80,498
10/03/2014,LIH,HI,AWP,WE,Federal Contract Tower,70,16,3,17,106,0,203,37,1,241,70,219,40,18,347,36,2,38,385
10/04/2014,LIH,HI,AWP,WE,Federal Contract Tower,79,4,4,3,90,0,152,45,0,197,79,156,49,3,287,32,0,32,319
10/05/2014,LIH,HI,AWP,WE,Federal Contract Tower,71,4,2,3,80,0,124,41,1,166,71,128,43,4,246,18,0,18,264
10/06/2014,LIH,HI,AWP,WE,Federal Contract Tower,67,17,2,2,88,0,215,50,0,265,67,232,52,2,353,36,14,50,403
10/07/2014,LIH,HI,AWP,WE,Federal Contract Tower,63,15,6,31,115,0,176,45,2,223,63,191,51,33,338,28,18,46,384
10/08/2014,LIH,HI,AWP,WE,Federal Contract Tower,69,16,7,16,108,0,191,33,0,224,69,207,40,16,332,96,6,102,434
10/09/2014,LIH,HI,AWP,WE,Federal Contract Tower,73,14,1,14,102,0,223,27,4,254,73,237,28,18,356,38,6,44,400
10/10/2014,LIH,HI,AWP,WE,Federal Contract Tower,74,17,5,17,113,0,194,38,0,232,74,211,43,17,345,46,10,56,401
10/11/2014,LIH,HI,AWP,WE,Federal Contract Tower,78,7,6,0,91,0,172,40,0,212,78,179,46,0,303,18,0,18,321
10/12/2014,LIH,HI,AWP,WE,Federal Contract Tower,67,2,2,0,71,0,152,40,0,192,67,154,42,0,263,16,0,16,279
10/13/2014,LIH,HI,AWP,WE,Federal Contract Tower,64,12,2,0,78,0,196,23,0,219,64,208,25,0,297,72,0,72,369
10/14/2014,LIH,HI,AWP,WE,Federal Contract Tower,62,17,4,33,116,0,180,45,2,227,62,197,49,35,343,30,34,64,407
10/15/2014,LIH,HI,AWP,WE,Federal Contract Tower,68,11,13,8,100,0,217,38,8,263,68,228,51,16,363,34,4,38,401
10/16/2014,LIH,HI,AWP,WE,Federal Contract Tower,65,16,0,5,86,0,267,36,7,310,65,283,36,12,396,42,18,60,456
10/17/2014,LIH,HI,AWP,WE,Federal Contract Tower,70,13,1,0,84,0,178,42,0,220,70,191,43,0,304,24,0,24,328
10/18/2014,LIH,HI,AWP,WE,Federal Contract Tower,74,3,4,0,81,0,11,16,0,27,74,14,20,0,108,6,0,6,114
10/19/2014,LIH,HI,AWP,WE,Federal Contract Tower,54,8,2,0,64,0,0,0,0,0,54,8,2,0,64,0,0,0,64
10/20/2014,LIH,HI,AWP,WE,Federal Contract Tower,60,14,0,0,74,0,110,19,2,131,60,124,19,2,205,24,0,24,229
10/21/2014,LIH,HI,AWP,WE,Federal Contract Tower,69,9,4,6,88,0,254,47,2,303,69,263,51,8,391,70,0,70,461
10/22/2014,LIH,HI,AWP,WE,Federal Contract Tower,69,11,9,31,120,0,166,30,0,196,69,177,39,31,316,32,26,58,374
10/23/2014,LIH,HI,AWP,WE,Federal Contract Tower,73,12,0,12,97,0,209,34,7,250,73,221,34,19,347,66,48,114,461
10/24/2014,LIH,HI,AWP,WE,Federal Contract Tower,73,15,2,14,104,0,217,23,2,242,73,232,25,16,346,98,0,98,444
10/25/2014,LIH,HI,AWP,WE,Federal Contract Tower,81,4,1,0,86,0,171,32,0,203,81,175,33,0,289,206,0,206,495
10/26/2014,LIH,HI,AWP,WE,Federal Contract Tower,64,3,3,0,70,0,158,39,1,198,64,161,42,1,268,152,0,152,420
10/27/2014,LIH,HI,AWP,WE,Federal Contract Tower,62,17,5,12,96,0,187,34,5,226,62,204,39,17,322,26,42,68,390
10/28/2014,LIH,HI,AWP,WE,Federal Contract Tower,66,15,1,14,96,0,192,41,8,241,66,207,42,22,337,36,6,42,379
10/29/2014,LIH,HI,AWP,WE,Federal Contract Tower,68,10,0,11,89,0,202,38,0,240,68,212,38,11,329,32,0,32,361
10/30/2014,LIH,HI,AWP,WE,Federal Contract Tower,67,15,1,19,102,0,186,28,1,215,67,201,29,20,317,64,0,64,381
10/31/2014,LIH,HI,AWP,WE,Federal Contract Tower,70,13,1,10,94,0,12,8,0,20,70,25,9,10,114,0,0,0,114
11/01/2014,LIH,HI,AWP,WE,Federal Contract Tower,72,3,3,2,80,0,130,23,0,153,72,133,26,2,233,40,4,44,277
11/02/2014,LIH,HI,AWP,WE,Federal Contract Tower,71,2,0,0,73,0,74,11,2,87,71,76,11,2,160,10,0,10,170
11/03/2014,LIH,HI,AWP,WE,Federal Contract Tower,70,13,3,25,111,0,140,42,5,187,70,153,45,30,298,62,10,72,370
11/04/2014,LIH,HI,AWP,WE,Federal Contract Tower,63,14,17,37,131,0,210,57,2,269,63,224,74,39,400,42,42,84,484
11/05/2014,LIH,HI,AWP,WE,Federal Contract Tower,74,7,6,22,109,0,161,31,4,196,74,168,37,26,305,48,10,58,363
11/06/2014,LIH,HI,AWP,WE,Federal Contract Tower,70,12,3,29,114,0,213,46,2,261,70,225,49,31,375,46,2,48,423
11/07/2014,LIH,HI,AWP,WE,Federal Contract Tower,72,16,0,3,91,0,202,32,0,234,72,218,32,3,325,44,0,44,369
11/08/2014,LIH,HI,AWP,WE,Federal Contract Tower,75,1,2,2,80,0,139,32,1,172,75,140,34,3,252,24,2,26,278
11/09/2014,LIH,HI,AWP,WE,Federal Contract Tower,69,7,0,0,76,0,147,34,0,181,69,154,34,0,257,26,0,26,283
11/10/2014,LIH,HI,AWP,WE,Federal Contract Tower,72,9,0,12,93,0,254,85,0,339,72,263,85,12,432,76,0,76,508
11/11/2014,LIH,HI,AWP,WE,Federal Contract Tower,63,8,6,9,86,0,100,36,0,136,63,108,42,9,222,36,16,52,274
11/12/2014,LIH,HI,AWP,WE,Federal Contract Tower,66,18,4,12,100,0,184,42,3,229,66,202,46,15,329,36,0,36,365
11/13/2014,LIH,HI,AWP,WE,Federal Contract Tower,67,17,0,14,98,0,255,23,8,286,67,272,23,22,384,30,2,32,416
11/14/2014,LIH,HI,AWP,WE,Federal Contract Tower,72,13,3,4,92,0,162,39,1,202,72,175,42,5,294,38,0,38,332
11/15/2014,LIH,HI,AWP,WE,Federal Contract Tower,75,7,0,0,82,0,154,39,0,193,75,161,39,0,275,74,0,74,349
11/16/2014,LIH,HI,AWP,WE,Federal Contract Tower,65,4,2,0,71,0,159,36,0,195,65,163,38,0,266,24,0,24,290
11/17/2014,LIH,HI,AWP,WE,Federal Contract Tower,64,17,1,14,96,0,190,56,0,246,64,207,57,14,342,76,0,76,418
11/18/2014,LIH,HI,AWP,WE,Federal Contract Tower,64,19,4,20,107,0,182,40,0,222,64,201,44,20,329,58,0,58,387
11/19/2014,LIH,HI,AWP,WE,Federal Contract Tower,69,28,1,6,104,0,153,18,0,171,69,181,19,6,275,26,0,26,301
11/20/2014,LIH,HI,AWP,WE,Federal Contract Tower,71,13,1,12,97,0,189,40,2,231,71,202,41,14,328,48,4,52,380
11/21/2014,LIH,HI,AWP,WE,Federal Contract Tower,73,10,1,7,91,0,156,27,5,188,73,166,28,12,279,52,20,72,351
11/22/2014,LIH,HI,AWP,WE,Federal Contract Tower,69,1,6,4,80,0,118,14,0,132,69,119,20,4,212,50,0,50,262
11/23/2014,LIH,HI,AWP,WE,Federal Contract Tower,65,4,0,0,69,0,126,44,4,174,65,130,44,4,243,34,0,34,277
11/24/2014,LIH,HI,AWP,WE,Federal Contract Tower,74,14,4,7,99,0,192,65,2,259,74,206,69,9,358,26,0,26,384
11/25/2014,LIH,HI,AWP,WE,Federal Contract Tower,63,18,3,19,103,0,211,25,7,243,63,229,28,26,346,30,0,30,376
11/26/2014,LIH,HI,AWP,WE,Federal Contract Tower,69,14,1,0,84,0,204,33,2,239,69,218,34,2,323,14,0,14,337
11/27/2014,LIH,HI,AWP,WE,Federal Contract Tower,69,4,1,0,74,0,123,16,0,139,69,127,17,0,213,24,0,24,237
11/28/2014,LIH,HI,AWP,WE,Federal Contract Tower,71,9,4,0,84,0,196,28,0,224,71,205,32,0,308,20,0,20,328
11/29/2014,LIH,HI,AWP,WE,Federal Contract Tower,76,2,3,0,81,0,130,30,0,160,76,132,33,0,241,18,0,18,259
11/30/2014,LIH,HI,AWP,WE,Federal Contract Tower,71,2,3,0,76,0,165,25,0,190,71,167,28,0,266,24,0,24,290
12/01/2014,LIH,HI,AWP,WE,Federal Contract Tower,69,9,3,32,113,0,156,28,2,186,69,165,31,34,299,22,6,28,327
12/02/2014,LIH,HI,AWP,WE,Federal Contract Tower,64,20,3,20,107,0,180,43,4,227,64,200,46,24,334,30,4,34,368
12/03/2014,LIH,HI,AWP,WE,Federal Contract Tower,74,4,2,14,94,0,76,26,6,108,74,80,28,20,202,34,0,34,236
12/04/2014,LIH,HI,AWP,WE,Federal Contract Tower,67,17,0,24,108,0,182,41,5,228,67,199,41,29,336,60,14,74,410
12/05/2014,LIH,HI,AWP,WE,Federal Contract Tower,69,12,2,6,89,0,152,28,0,180,69,164,30,6,269,90,0,90,359
12/06/2014,LIH,HI,AWP,WE,Federal Contract Tower,73,2,1,7,83,0,123,26,0,149,73,125,27,7,232,20,2,22,254
12/07/2014,LIH,HI,AWP,WE,Federal Contract Tower,69,2,0,7,78,0,120,22,0,142,69,122,22,7,220,12,0,12,232
12/08/2014,LIH,HI,AWP,WE,Federal Contract Tower,66,10,2,27,105,0,202,49,2,253,66,212,51,29,358,96,32,128,486
12/09/2014,LIH,HI,AWP,WE,Federal Contract Tower,64,15,4,25,108,0,174,43,1,218,64,189,47,26,326,36,14,50,376
12/10/2014,LIH,HI,AWP,WE,Federal Contract Tower,71,8,0,14,93,0,46,14,0,60,71,54,14,14,153,28,0,28,181
12/11/2014,LIH,HI,AWP,WE,Federal Contract Tower,66,13,1,17,97,0,223,31,3,257,66,236,32,20,354,36,4,40,394
12/12/2014,LIH,HI,AWP,WE,Federal Contract Tower,74,14,1,4,93,0,184,24,6,214,74,198,25,10,307,34,0,34,341
12/13/2014,LIH,HI,AWP,WE,Federal Contract Tower,69,5,2,2,78,0,38,10,0,48,69,43,12,2,126,16,2,18,144
12/14/2014,LIH,HI,AWP,WE,Federal Contract Tower,66,2,3,0,71,0,87,8,0,95,66,89,11,0,166,46,0,46,212
12/15/2014,LIH,HI,AWP,WE,Federal Contract Tower,72,11,4,13,100,0,155,27,0,182,72,166,31,13,282,24,0,24,306
12/16/2014,LIH,HI,AWP,WE,Federal Contract Tower,64,15,3,25,107,0,210,32,3,245,64,225,35,28,352,34,4,38,390
12/17/2014,LIH,HI,AWP,WE,Federal Contract Tower,71,15,1,5,92,0,134,6,5,145,71,149,7,10,237,32,0,32,269
12/18/2014,LIH,HI,AWP,WE,Federal Contract Tower,74,18,2,16,110,0,178,26,2,206,74,196,28,18,316,36,32,68,384
12/19/2014,LIH,HI,AWP,WE,Federal Contract Tower,79,19,1,28,127,0,218,25,5,248,79,237,26,33,375,26,10,36,411
12/20/2014,LIH,HI,AWP,WE,Federal Contract Tower,74,5,6,2,87,0,146,22,0,168,74,151,28,2,255,6,0,6,261
12/21/2014,LIH,HI,AWP,WE,Federal Contract Tower,76,5,4,0,85,0,177,31,0,208,76,182,35,0,293,26,0,26,319
12/22/2014,LIH,HI,AWP,WE,Federal Contract Tower,75,12,2,4,93,0,76,10,1,87,75,88,12,5,180,12,0,12,192
12/23/2014,LIH,HI,AWP,WE,Federal Contract Tower,73,21,0,0,94,0,72,0,0,72,73,93,0,0,166,16,0,16,182
12/24/2014,LIH,HI,AWP,WE,Federal Contract Tower,71,19,0,0,90,0,312,26,0,338,71,331,26,0,428,36,0,36,464
12/25/2014,LIH,HI,AWP,WE,Federal Contract Tower,75,2,0,0,77,0,129,18,0,147,75,131,18,0,224,10,0,10,234
12/26/2014,LIH,HI,AWP,WE,Federal Contract Tower,78,13,14,0,105,0,317,38,0,355,78,330,52,0,460,24,0,24,484
12/27/2014,LIH,HI,AWP,WE,Federal Contract Tower,84,6,7,0,97,0,253,43,0,296,84,259,50,0,393,48,0,48,441
12/28/2014,LIH,HI,AWP,WE,Federal Contract Tower,76,7,4,8,95,0,300,22,0,322,76,307,26,8,417,40,0,40,457
12/29/2014,LIH,HI,AWP,WE,Federal Contract Tower,77,17,6,2,102,0,314,53,0,367,77,331,59,2,469,32,0,32,501
12/30/2014,LIH,HI,AWP,WE,Federal Contract Tower,71,21,9,0,101,0,160,30,0,190,71,181,39,0,291,6,0,6,297
12/31/2014,LIH,HI,AWP,WE,Federal Contract Tower,71,19,3,14,107,0,317,59,0,376,71,336,62,14,483,20,4,24,507
01/01/2015,LIH,HI,AWP,WE,Federal Contract Tower,70,7,4,0,81,0,308,22,0,330,70,315,26,0,411,36,0,36,447
01/02/2015,LIH,HI,AWP,WE,Federal Contract Tower,70,13,4,2,89,0,131,8,0,139,70,144,12,2,228,16,0,16,244
01/03/2015,LIH,HI,AWP,WE,Federal Contract Tower,78,5,9,0,92,0,238,14,0,252,78,243,23,0,344,42,0,42,386
01/04/2015,LIH,HI,AWP,WE,Federal Contract Tower,70,4,5,11,90,0,246,9,0,255,70,250,14,11,345,22,0,22,367
01/05/2015,LIH,HI,AWP,WE,Federal Contract Tower,70,14,3,16,103,0,244,32,0,276,70,258,35,16,379,26,24,50,429
01/06/2015,LIH,HI,AWP,WE,Federal Contract Tower,65,14,4,20,103,0,280,30,0,310,65,294,34,20,413,26,0,26,439
01/07/2015,LIH,HI,AWP,WE,Federal Contract Tower,63,13,5,17,98,0,252,34,1,287,63,265,39,18,385,30,0,30,415
01/08/2015,LIH,HI,AWP,WE,Federal Contract Tower,65,16,3,16,100,0,254,23,2,279,65,270,26,18,379,36,12,48,427
01/09/2015,LIH,HI,AWP,WE,Federal Contract Tower,68,17,2,24,111,0,250,14,0,264,68,267,16,24,375,32,16,48,423
01/10/2015,LIH,HI,AWP,WE,Federal Contract Tower,68,5,1,7,81,0,165,29,0,194,68,170,30,7,275,12,0,12,287
01/11/2015,LIH,HI,AWP,WE,Federal Contract Tower,67,2,1,10,80,0,165,29,0,194,67,167,30,10,274,28,8,36,310
01/12/2015,LIH,HI,AWP,WE,Federal Contract Tower,61,14,0,10,85,0,201,39,0,240,61,215,39,10,325,48,4,52,377
01/13/2015,LIH,HI,AWP,WE,Federal Contract Tower,65,12,3,28,108,0,206,50,3,259,65,218,53,31,367,18,14,32,399
01/14/2015,LIH,HI,AWP,WE,Federal Contract Tower,67,9,5,14,95,0,174,50,2,226,67,183,55,16,321,30,0,30,351
01/15/2015,LIH,HI,AWP,WE,Federal Contract Tower,63,9,5,13,90,0,212,43,1,256,63,221,48,14,346,26,4,30,376
01/16/2015,LIH,HI,AWP,WE,Federal Contract Tower,69,12,4,0,85,0,214,42,1,257,69,226,46,1,342,32,0,32,374
01/17/2015,LIH,HI,AWP,WE,Federal Contract Tower,70,9,0,0,79,0,126,20,0,146,70,135,20,0,225,8,0,8,233
01/18/2015,LIH,HI,AWP,WE,Federal Contract Tower,63,4,4,12,83,0,172,14,2,188,63,176,18,14,271,22,8,30,301
01/19/2015,LIH,HI,AWP,WE,Federal Contract Tower,65,8,2,2,77,0,218,53,0,271,65,226,55,2,348,12,0,12,360
01/20/2015,LIH,HI,AWP,WE,Federal Contract Tower,64,9,3,28,104,0,288,50,1,339,64,297,53,29,443,18,22,40,483
01/21/2015,LIH,HI,AWP,WE,Federal Contract Tower,63,12,1,3,79,0,234,52,0,286,63,246,53,3,365,34,6,40,405
01/22/2015,LIH,HI,AWP,WE,Federal Contract Tower,70,11,1,21,103,0,268,35,0,303,70,279,36,21,406,32,4,36,442
01/23/2015,LIH,HI,AWP,WE,Federal Contract Tower,70,12,4,15,101,0,194,40,0,234,70,206,44,15,335,30,0,30,365
01/24/2015,LIH,HI,AWP,WE,Federal Contract Tower,68,3,5,0,76,0,46,20,0,66,68,49,25,0,142,8,0,8,150
01/25/2015,LIH,HI,AWP,WE,Federal Contract Tower,64,3,4,2,73,0,214,17,0,231,64,217,21,2,304,22,6,28,332
01/26/2015,LIH,HI,AWP,WE,Federal Contract Tower,67,13,6,3,89,0,178,52,1,231,67,191,58,4,320,54,0,54,374
01/27/2015,LIH,HI,AWP,WE,Federal Contract Tower,66,15,10,11,102,0,232,31,11,274,66,247,41,22,376,46,24,70,446
01/28/2015,LIH,HI,AWP,WE,Federal Contract Tower,65,20,4,11,100,0,211,26,2,239,65,231,30,13,339,22,4,26,365
01/29/2015,LIH,HI,AWP,WE,Federal Contract Tower,66,14,9,6,95,0,179,36,0,215,66,193,45,6,310,28,0,28,338
01/30/2015,LIH,HI,AWP,WE,Federal Contract Tower,67,12,2,2,83,0,252,16,1,269,67,264,18,3,352,48,0,48,400
01/31/2015,LIH,HI,AWP,WE,Federal Contract Tower,72,9,2,0,83,0,196,35,0,231,72,205,37,0,314,22,0,22,336
02/01/2015,LIH,HI,AWP,WE,Federal Contract Tower,64,0,0,0,64,0,152,14,0,166,64,152,14,0,230,20,0,20,250
02/02/2015,LIH,HI,AWP,WE,Federal Contract Tower,65,11,2,5,83,0,2,0,11,13,65,13,2,16,96,0,0,0,96
02/03/2015,LIH,HI,AWP,WE,Federal Contract Tower,65,13,0,3,81,0,184,29,0,213,65,197,29,3,294,56,20,76,370
02/04/2015,LIH,HI,AWP,WE,Federal Contract Tower,64,12,2,26,104,0,214,54,2,270,64,226,56,28,374,18,6,24,398
02/05/2015,LIH,HI,AWP,WE,Federal Contract Tower,70,21,3,18,112,0,268,32,17,317,70,289,35,35,429,18,8,26,455
02/06/2015,LIH,HI,AWP,WE,Federal Contract Tower,70,14,2,21,107,0,291,26,0,317,70,305,28,21,424,32,16,48,472
02/07/2015,LIH,HI,AWP,WE,Federal Contract Tower,66,4,4,1,75,0,204,31,0,235,66,208,35,1,310,6,0,6,316
02/08/2015,LIH,HI,AWP,WE,Federal Contract Tower,72,7,2,4,85,0,192,18,3,213,72,199,20,7,298,20,0,20,318
02/09/2015,LIH,HI,AWP,WE,Federal Contract Tower,64,12,2,8,86,0,42,12,0,54,64,54,14,8,140,20,0,20,160
02/10/2015,LIH,HI,AWP,WE,Federal Contract Tower,61,16,1,11,89,0,274,52,0,326,61,290,53,11,415,8,18,26,441
02/11/2015,LIH,HI,AWP,WE,Federal Contract Tower,67,11,1,7,86,0,272,60,2,334,67,283,61,9,420,18,18,36,456
02/12/2015,LIH,HI,AWP,WE,Federal Contract Tower,63,10,5,7,85,0,296,64,0,360,63,306,69,7,445,16,10,26,471
02/13/2015,LIH,HI,AWP,WE,Federal Contract Tower,74,15,1,8,98,0,38,16,4,58,74,53,17,12,156,26,0,26,182
02/14/2015,LIH,HI,AWP,WE,Federal Contract Tower,70,2,6,7,85,0,83,4,0,87,70,85,10,7,172,22,0,22,194
02/15/2015,LIH,HI,AWP,WE,Federal Contract Tower,66,4,5,0,75,0,231,5,0,236,66,235,10,0,311,42,0,42,353
02/16/2015,LIH,HI,AWP,WE,Federal Contract Tower,67,5,3,5,80,0,213,40,14,267,67,218,43,19,347,28,16,44,391
02/17/2015,LIH,HI,AWP,WE,Federal Contract Tower,63,14,5,0,82,0,271,74,0,345,63,285,79,0,427,30,0,30,457
02/18/2015,LIH,HI,AWP,WE,Federal Contract Tower,67,14,0,2,83,0,247,52,2,301,67,261,52,4,384,22,0,22,406
02/19/2015,LIH,HI,AWP,WE,Federal Contract Tower,67,15,1,9,92,0,198,35,16,249,67,213,36,25,341,24,8,32,373
02/20/2015,LIH,HI,AWP,WE,Federal Contract Tower,73,15,5,14,107,0,231,27,6,264,73,246,32,20,371,26,6,32,403
02/21/2015,LIH,HI,AWP,WE,Federal Contract Tower,74,10,2,0,86,0,231,28,2,261,74,241,30,2,347,8,0,8,355
02/22/2015,LIH,HI,AWP,WE,Federal Contract Tower,67,8,0,0,75,0,190,17,8,215,67,198,17,8,290,48,0,48,338
02/23/2015,LIH,HI,AWP,WE,Federal Contract Tower,70,10,1,3,84,0,227,46,2,275,70,237,47,5,359,56,0,56,415
02/24/2015,LIH,HI,AWP,WE,Federal Contract Tower,72,8,3,12,95,0,242,43,3,288,72,250,46,15,383,54,6,60,443
02/25/2015,LIH,HI,AWP,WE,Federal Contract Tower,73,20,0,9,102,0,234,44,1,279,73,254,44,10,381,72,0,72,453
02/26/2015,LIH,HI,AWP,WE,Federal Contract Tower,76,13,1,0,90,0,192,38,0,230,76,205,39,0,320,70,0,70,390
02/27/2015,LIH,HI,AWP,WE,Federal Contract Tower,76,12,4,2,94,0,270,27,0,297,76,282,31,2,391,34,0,34,425
02/28/2015,LIH,HI,AWP,WE,Federal Contract Tower,69,2,5,6,82,0,160,15,1,176,69,162,20,7,258,16,10,26,284
03/01/2015,LIH,HI,AWP,WE,Federal Contract Tower,65,4,1,0,70,0,156,10,0,166,65,160,11,0,236,24,0,24,260
03/02/2015,LIH,HI,AWP,WE,Federal Contract Tower,66,10,2,11,89,0,164,40,0,204,66,174,42,11,293,26,6,32,325
03/03/2015,LIH,HI,AWP,WE,Federal Contract Tower,66,12,0,20,98,0,224,35,2,261,66,236,35,22,359,42,0,42,401
03/04/2015,LIH,HI,AWP,WE,Federal Contract Tower,69,9,3,46,127,0,172,26,10,208,69,181,29,56,335,18,10,28,363
03/05/2015,LIH,HI,AWP,WE,Federal Contract Tower,68,13,4,9,94,0,262,21,3,286,68,275,25,12,380,26,16,42,422
03/06/2015,LIH,HI,AWP,WE,Federal Contract Tower,71,13,1,10,95,0,228,11,0,239,71,241,12,10,334,56,0,56,390
03/07/2015,LIH,HI,AWP,WE,Federal Contract Tower,70,0,6,2,78,0,167,16,0,183,70,167,22,2,261,50,4,54,315
03/08/2015,LIH,HI,AWP,WE,Federal Contract Tower,71,5,4,2,82,0,180,27,0,207,71,185,31,2,289,26,0,26,315
03/09/2015,LIH,HI,AWP,WE,Federal Contract Tower,72,13,6,6,97,0,214,38,3,255,72,227,44,9,352,68,2,70,422
03/10/2015,LIH,HI,AWP,WE,Federal Contract Tower,72,9,2,0,83,0,268,31,0,299,72,277,33,0,382,40,0,40,422
03/11/2015,LIH,HI,AWP,WE,Federal Contract Tower,69,8,7,12,96,0,226,43,7,276,69,234,50,19,372,48,0,48,420
03/12/2015,LIH,HI,AWP,WE,Federal Contract Tower,68,15,3,14,100,0,264,30,24,318,68,279,33,38,418,28,0,28,446
03/13/2015,LIH,HI,AWP,WE,Federal Contract Tower,73,9,2,6,90,0,239,18,1,258,73,248,20,7,348,32,0,32,380
03/14/2015,LIH,HI,AWP,WE,Federal Contract Tower,74,9,3,0,86,0,210,8,0,218,74,219,11,0,304,32,0,32,336
03/15/2015,LIH,HI,AWP,WE,Federal Contract Tower,68,6,3,8,85,0,167,28,0,195,68,173,31,8,280,28,0,28,308
03/16/2015,LIH,HI,AWP,WE,Federal Contract Tower,71,13,9,21,114,0,222,61,2,285,71,235,70,23,399,36,8,44,443
03/17/2015,LIH,HI,AWP,WE,Federal Contract Tower,68,6,4,28,106,0,254,53,1,308,68,260,57,29,414,42,0,42,456
03/18/2015,LIH,HI,AWP,WE,Federal Contract Tower,75,14,2,32,123,0,225,25,4,254,75,239,27,36,377,40,24,64,441
03/19/2015,LIH,HI,AWP,WE,Federal Contract Tower,69,11,12,25,117,0,1,2,1,4,69,12,14,26,121,12,0,12,133
03/20/2015,LIH,HI,AWP,WE,Federal Contract Tower,74,9,7,16,106,0,138,21,4,163,74,147,28,20,269,42,10,52,321
03/21/2015,LIH,HI,AWP,WE,Federal Contract Tower,73,5,8,8,94,0,221,15,8,244,73,226,23,16,338,14,0,14,352
03/22/2015,LIH,HI,AWP,WE,Federal Contract Tower,73,9,1,0,83,0,152,13,5,170,73,161,14,5,253,22,0,22,275
03/23/2015,LIH,HI,AWP,WE,Federal Contract Tower,74,10,4,10,98,0,262,42,10,314,74,272,46,20,412,32,52,84,496
03/24/2015,LIH,HI,AWP,WE,Federal Contract Tower,71,6,3,13,93,0,287,32,1,320,71,293,35,14,413,30,4,34,447
03/25/2015,LIH,HI,AWP,WE,Federal Contract Tower,69,11,1,11,92,0,4,2,0,6,69,15,3,11,98,2,0,2,100
03/26/2015,LIH,HI,AWP,WE,Federal Contract Tower,71,11,2,25,109,0,303,11,4,318,71,314,13,29,427,38,0,38,465
03/27/2015,LIH,HI,AWP,WE,Federal Contract Tower,75,15,3,6,99,0,317,18,4,339,75,332,21,10,438,72,0,72,510
03/28/2015,LIH,HI,AWP,WE,Federal Contract Tower,70,15,17,0,102,0,234,42,0,276,70,249,59,0,378,102,0,102,480
03/29/2015,LIH,HI,AWP,WE,Federal Contract Tower,74,15,7,0,96,0,176,10,0,186,74,191,17,0,282,60,0,60,342
03/30/2015,LIH,HI,AWP,WE,Federal Contract Tower,69,12,2,12,95,0,232,38,0,270,69,244,40,12,365,26,0,26,391
03/31/2015,LIH,HI,AWP,WE,Federal Contract Tower,69,13,3,12,97,0,200,28,3,231,69,213,31,15,328,20,0,20,348
04/01/2015,LIH,HI,AWP,WE,Federal Contract Tower,69,10,6,29,114,0,198,31,10,239,69,208,37,39,353,10,28,38,391
04/02/2015,LIH,HI,AWP,WE,Federal Contract Tower,70,19,2,2,93,0,257,29,2,288,70,276,31,4,381,44,0,44,425
04/03/2015,LIH,HI,AWP,WE,Federal Contract Tower,72,14,3,3,92,0,258,26,2,286,72,272,29,5,378,42,18,60,438
04/04/2015,LIH,HI,AWP,WE,Federal Contract Tower,74,7,6,3,90,0,192,16,1,209,74,199,22,4,299,30,6,36,335
04/05/2015,LIH,HI,AWP,WE,Federal Contract Tower,69,0,1,0,70,0,114,16,0,130,69,114,17,0,200,14,0,14,214
04/06/2015,LIH,HI,AWP,WE,Federal Contract Tower,76,8,3,22,109,0,247,61,11,319,76,255,64,33,428,36,0,36,464
04/07/2015,LIH,HI,AWP,WE,Federal Contract Tower,66,9,3,21,99,0,186,39,5,230,66,195,42,26,329,34,14,48,377
04/08/2015,LIH,HI,AWP,WE,Federal Contract Tower,69,14,4,6,93,0,210,31,9,250,69,224,35,15,343,28,12,40,383
04/09/2015,LIH,HI,AWP,WE,Federal Contract Tower,75,16,1,24,116,0,226,31,3,260,75,242,32,27,376,52,18,70,446
04/10/2015,LIH,HI,AWP,WE,Federal Contract Tower,73,14,6,16,109,0,234,28,10,272,73,248,34,26,381,54,10,64,445
04/11/2015,LIH,HI,AWP,WE,Federal Contract Tower,77,5,7,2,91,0,179,48,0,227,77,184,55,2,318,28,0,28,346
04/12/2015,LIH,HI,AWP,WE,Federal Contract Tower,67,13,3,8,91,0,160,6,4,170,67,173,9,12,261,14,8,22,283
04/13/2015,LIH,HI,AWP,WE,Federal Contract Tower,67,12,9,1,89,0,191,46,11,248,67,203,55,12,337,28,0,28,365
04/14/2015,LIH,HI,AWP,WE,Federal Contract Tower,68,16,10,18,112,0,160,51,4,215,68,176,61,22,327,32,0,32,359
04/15/2015,LIH,HI,AWP,WE,Federal Contract Tower,69,14,1,17,101,0,158,20,4,182,69,172,21,21,283,36,0,36,319
04/16/2015,LIH,HI,AWP,WE,Federal Contract Tower,68,12,5,13,98,0,186,19,3,208,68,198,24,16,306,22,14,36,342
04/17/2015,LIH,HI,AWP,WE,Federal Contract Tower,73,15,5,6,99,0,255,17,4,276,73,270,22,10,375,46,0,46,421
04/18/2015,LIH,HI,AWP,WE,Federal Contract Tower,75,5,5,1,86,0,214,8,1,223,75,219,13,2,309,58,12,70,379
04/19/2015,LIH,HI,AWP,WE,Federal Contract Tower,67,5,3,0,75,0,136,5,0,141,67,141,8,0,216,12,0,12,228
04/20/2015,LIH,HI,AWP,WE,Federal Contract Tower,66,11,2,4,83,0,193,44,0,237,66,204,46,4,320,40,0,40,360
04/21/2015,LIH,HI,AWP,WE,Federal Contract Tower,67,15,7,9,98,0,186,49,2,237,67,201,56,11,335,28,2,30,365
04/22/2015,LIH,HI,AWP,WE,Federal Contract Tower,67,15,9,23,114,0,190,42,4,236,67,205,51,27,350,30,24,54,404
04/23/2015,LIH,HI,AWP,WE,Federal Contract Tower,68,15,9,10,102,0,255,24,0,279,68,270,33,10,381,60,6,66,447
04/24/2015,LIH,HI,AWP,WE,Federal Contract Tower,74,16,5,4,99,0,238,25,0,263,74,254,30,4,362,48,0,48,410
04/25/2015,LIH,HI,AWP,WE,Federal Contract Tower,75,7,3,0,85,0,124,14,0,138,75,131,17,0,223,32,0,32,255
04/26/2015,LIH,HI,AWP,WE,Federal Contract Tower,72,3,7,0,82,0,42,24,1,67,72,45,31,1,149,8,0,8,157
04/27/2015,LIH,HI,AWP,WE,Federal Contract Tower,68,13,3,9,93,0,222,37,5,264,68,235,40,14,357,36,6,42,399
04/28/2015,LIH,HI,AWP,WE,Federal Contract Tower,67,12,9,5,93,0,158,35,0,193,67,170,44,5,286,16,0,16,302
04/29/2015,LIH,HI,AWP,WE,Federal Contract Tower,68,20,9,4,101,0,183,33,0,216,68,203,42,4,317,46,0,46,363
04/30/2015,LIH,HI,AWP,WE,Federal Contract Tower,68,12,3,17,100,0,227,21,5,253,68,239,24,22,353,40,2,42,395
05/01/2015,LIH,HI,AWP,WE,Federal Contract Tower,71,16,5,3,95,0,254,19,0,273,71,270,24,3,368,42,20,62,430
05/02/2015,LIH,HI,AWP,WE,Federal Contract Tower,71,2,3,4,80,0,213,25,1,239,71,215,28,5,319,42,4,46,365
05/03/2015,LIH,HI,AWP,WE,Federal Contract Tower,67,6,2,4,79,0,202,12,3,217,67,208,14,7,296,40,0,40,336
05/04/2015,LIH,HI,AWP,WE,Federal Contract Tower,51,12,5,3,71,0,196,48,0,244,51,208,53,3,315,48,0,48,363
05/05/2015,LIH,HI,AWP,WE,Federal Contract Tower,62,14,3,4,83,0,184,55,0,239,62,198,58,4,322,54,0,54,376
05/06/2015,LIH,HI,AWP,WE,Federal Contract Tower,66,15,1,13,95,0,197,32,0,229,66,212,33,13,324,52,0,52,376
05/07/2015,LIH,HI,AWP,WE,Federal Contract Tower,69,16,7,8,100,0,247,41,0,288,69,263,48,8,388,48,0,48,436
05/08/2015,LIH,HI,AWP,WE,Federal Contract Tower,71,15,3,11,100,0,235,16,2,253,71,250,19,13,353,44,12,56,409
05/09/2015,LIH,HI,AWP,WE,Federal Contract Tower,70,10,1,0,81,0,152,20,0,172,70,162,21,0,253,48,0,48,301
05/10/2015,LIH,HI,AWP,WE,Federal Contract Tower,65,3,2,0,70,0,149,4,0,153,65,152,6,0,223,8,0,8,231
05/11/2015,LIH,HI,AWP,WE,Federal Contract Tower,66,18,4,14,102,0,133,65,2,200,66,151,69,16,302,34,6,40,342
05/12/2015,LIH,HI,AWP,WE,Federal Contract Tower,68,11,4,12,95,0,217,49,7,273,68,228,53,19,368,28,24,52,420
05/13/2015,LIH,HI,AWP,WE,Federal Contract Tower,67,13,3,7,90,0,187,30,0,217,67,200,33,7,307,26,8,34,341
05/14/2015,LIH,HI,AWP,WE,Federal Contract Tower,70,13,0,10,93,0,233,29,3,265,70,246,29,13,358,58,0,58,416
05/15/2015,LIH,HI,AWP,WE,Federal Contract Tower,72,11,1,11,95,0,271,32,1,304,72,282,33,12,399,40,6,46,445
05/16/2015,LIH,HI,AWP,WE,Federal Contract Tower,69,3,2,0,74,0,182,36,0,218,69,185,38,0,292,30,0,30,322
05/17/2015,LIH,HI,AWP,WE,Federal Contract Tower,67,3,2,0,72,0,195,14,0,209,67,198,16,0,281,34,0,34,315
05/18/2015,LIH,HI,AWP,WE,Federal Contract Tower,66,10,1,26,103,0,192,16,0,208,66,202,17,26,311,16,0,16,327
05/19/2015,LIH,HI,AWP,WE,Federal Contract Tower,68,15,2,18,103,0,243,75,2,320,68,258,77,20,423,56,12,68,491
05/20/2015,LIH,HI,AWP,WE,Federal Contract Tower,66,15,4,8,93,0,202,65,0,267,66,217,69,8,360,26,0,26,386
05/21/2015,LIH,HI,AWP,WE,Federal Contract Tower,76,14,3,23,116,0,233,41,1,275,76,247,44,24,391,38,6,44,435
05/22/2015,LIH,HI,AWP,WE,Federal Contract Tower,80,16,4,8,108,0,153,28,2,183,80,169,32,10,291,32,10,42,333
05/23/2015,LIH,HI,AWP,WE,Federal Contract Tower,72,2,3,0,77,0,270,37,0,307,72,272,40,0,384,34,0,34,418
05/24/2015,LIH,HI,AWP,WE,Federal Contract Tower,68,5,0,0,73,0,202,14,0,216,68,207,14,0,289,58,0,58,347
05/25/2015,LIH,HI,AWP,WE,Federal Contract Tower,73,7,2,0,82,0,248,37,0,285,73,255,39,0,367,22,0,22,389
05/26/2015,LIH,HI,AWP,WE,Federal Contract Tower,75,14,7,37,133,0,228,30,5,263,75,242,37,42,396,44,12,56,452
05/27/2015,LIH,HI,AWP,WE,Federal Contract Tower,82,10,15,29,136,0,181,64,6,251,82,191,79,35,387,52,0,52,439
05/28/2015,LIH,HI,AWP,WE,Federal Contract Tower,76,13,9,14,112,0,325,26,8,359,76,338,35,22,471,58,0,58,529
05/29/2015,LIH,HI,AWP,WE,Federal Contract Tower,77,15,0,20,112,0,265,18,2,285,77,280,18,22,397,44,10,54,451
05/30/2015,LIH,HI,AWP,WE,Federal Contract Tower,78,7,1,0,86,0,214,15,0,229,78,221,16,0,315,28,0,28,343
05/31/2015,LIH,HI,AWP,WE,Federal Contract Tower,71,2,3,0,76,0,157,9,0,166,71,159,12,0,242,8,0,8,250
06/01/2015,LIH,HI,AWP,WE,Federal Contract Tower,64,12,1,10,87,0,206,15,0,221,64,218,16,10,308,24,16,40,348
06/02/2015,LIH,HI,AWP,WE,Federal Contract Tower,56,13,4,13,86,0,210,38,7,255,56,223,42,20,341,26,14,40,381
06/03/2015,LIH,HI,AWP,WE,Federal Contract Tower,64,8,5,12,89,0,246,55,0,301,64,254,60,12,390,48,0,48,438
06/04/2015,LIH,HI,AWP,WE,Federal Contract Tower,74,11,5,21,111,0,251,65,7,323,74,262,70,28,434,34,0,34,468
06/05/2015,LIH,HI,AWP,WE,Federal Contract Tower,77,11,1,11,100,0,274,30,1,305,77,285,31,12,405,40,0,40,445
06/06/2015,LIH,HI,AWP,WE,Federal Contract Tower,69,3,3,1,76,0,201,28,4,233,69,204,31,5,309,22,0,22,331
06/07/2015,LIH,HI,AWP,WE,Federal Contract Tower,68,2,0,8,78,0,202,11,0,213,68,204,11,8,291,34,6,40,331
06/08/2015,LIH,HI,AWP,WE,Federal Contract Tower,63,0,10,2,75,0,204,39,0,243,63,204,49,2,318,30,0,30,348
06/09/2015,LIH,HI,AWP,WE,Federal Contract Tower,66,11,3,13,93,0,203,43,6,252,66,214,46,19,345,44,10,54,399
06/10/2015,LIH,HI,AWP,WE,Federal Contract Tower,66,6,0,18,90,0,207,51,0,258,66,213,51,18,348,56,24,80,428
06/11/2015,LIH,HI,AWP,WE,Federal Contract Tower,66,12,0,16,94,0,272,35,4,311,66,284,35,20,405,78,10,88,493
06/12/2015,LIH,HI,AWP,WE,Federal Contract Tower,71,10,3,6,90,0,224,33,4,261,71,234,36,10,351,54,0,54,405
06/13/2015,LIH,HI,AWP,WE,Federal Contract Tower,66,4,1,0,71,0,212,32,0,244,66,216,33,0,315,18,0,18,333
06/14/2015,LIH,HI,AWP,WE,Federal Contract Tower,69,3,1,0,73,0,144,25,0,169,69,147,26,0,242,16,0,16,258
06/15/2015,LIH,HI,AWP,WE,Federal Contract Tower,67,14,1,13,95,0,214,47,1,262,67,228,48,14,357,42,0,42,399
06/16/2015,LIH,HI,AWP,WE,Federal Contract Tower,66,12,4,18,100,0,278,66,6,350,66,290,70,24,450,34,36,70,520
06/17/2015,LIH,HI,AWP,WE,Federal Contract Tower,63,16,3,24,106,0,254,42,1,297,63,270,45,25,403,28,10,38,441
06/18/2015,LIH,HI,AWP,WE,Federal Contract Tower,71,11,1,14,97,0,297,31,1,329,71,308,32,15,426,66,2,68,494
06/19/2015,LIH,HI,AWP,WE,Federal Contract Tower,66,16,1,12,95,0,212,30,0,242,66,228,31,12,337,46,4,50,387
06/20/2015,LIH,HI,AWP,WE,Federal Contract Tower,71,2,1,2,76,0,178,10,0,188,71,180,11,2,264,32,0,32,296
06/21/2015,LIH,HI,AWP,WE,Federal Contract Tower,67,2,1,0,70,0,174,6,0,180,67,176,7,0,250,16,0,16,266
06/22/2015,LIH,HI,AWP,WE,Federal Contract Tower,70,15,1,16,102,0,252,50,1,303,70,267,51,17,405,36,18,54,459
06/23/2015,LIH,HI,AWP,WE,Federal Contract Tower,65,8,1,20,94,0,222,62,14,298,65,230,63,34,392,112,0,112,504
06/24/2015,LIH,HI,AWP,WE,Federal Contract Tower,63,10,1,28,102,0,204,65,12,281,63,214,66,40,383,84,0,84,467
06/25/2015,LIH,HI,AWP,WE,Federal Contract Tower,68,12,0,27,107,0,342,69,0,411,68,354,69,27,518,104,0,104,622
06/26/2015,LIH,HI,AWP,WE,Federal Contract Tower,69,10,2,9,90,0,268,28,2,298,69,278,30,11,388,44,0,44,432
06/27/2015,LIH,HI,AWP,WE,Federal Contract Tower,72,5,11,0,88,0,240,65,0,305,72,245,76,0,393,48,0,48,441
06/28/2015,LIH,HI,AWP,WE,Federal Contract Tower,71,3,2,0,76,0,179,13,0,192,71,182,15,0,268,62,0,62,330
06/29/2015,LIH,HI,AWP,WE,Federal Contract Tower,64,12,1,7,84,0,209,16,0,225,64,221,17,7,309,48,8,56,365
06/30/2015,LIH,HI,AWP,WE,Federal Contract Tower,63,13,3,4,83,0,227,47,10,284,63,240,50,14,367,30,0,30,397
07/01/2015,LIH,HI,AWP,WE,Federal Contract Tower,63,11,1,21,96,0,249,39,3,291,63,260,40,24,387,50,44,94,481
07/02/2015,LIH,HI,AWP,WE,Federal Contract Tower,68,14,3,1,86,0,328,23,2,353,68,342,26,3,439,50,0,50,489
07/03/2015,LIH,HI,AWP,WE,Federal Contract Tower,71,17,1,0,89,0,264,29,0,293,71,281,30,0,382,56,0,56,438
07/04/2015,LIH,HI,AWP,WE,Federal Contract Tower,65,1,2,0,68,0,205,1,0,206,65,206,3,0,274,20,0,20,294
07/05/2015,LIH,HI,AWP,WE,Federal Contract Tower,68,7,3,0,78,0,202,13,0,215,68,209,16,0,293,22,0,22,315
07/06/2015,LIH,HI,AWP,WE,Federal Contract Tower,67,12,2,4,85,0,244,24,0,268,67,256,26,4,353,24,0,24,377
07/07/2015,LIH,HI,AWP,WE,Federal Contract Tower,70,10,3,10,93,0,234,54,14,302,70,244,57,24,395,38,24,62,457
07/08/2015,LIH,HI,AWP,WE,Federal Contract Tower,65,12,2,8,87,0,221,52,2,275,65,233,54,10,362,62,9,71,433
07/09/2015,LIH,HI,AWP,WE,Federal Contract Tower,71,18,5,0,94,0,277,22,1,300,71,295,27,1,394,67,1,68,462
07/10/2015,LIH,HI,AWP,WE,Federal Contract Tower,71,13,3,1,88,0,147,19,0,166,71,160,22,1,254,46,0,46,300
07/11/2015,LIH,HI,AWP,WE,Federal Contract Tower,68,13,0,5,86,0,200,10,0,210,68,213,10,5,296,40,16,56,352
07/12/2015,LIH,HI,AWP,WE,Federal Contract Tower,69,8,1,5,83,0,0,0,0,0,69,8,1,5,83,4,0,4,87
07/13/2015,LIH,HI,AWP,WE,Federal Contract Tower,58,13,4,7,82,0,109,2,0,111,58,122,6,7,193,8,0,8,201
07/14/2015,LIH,HI,AWP,WE,Federal Contract Tower,66,14,2,14,96,0,240,36,7,283,66,254,38,21,379,48,4,52,431
07/15/2015,LIH,HI,AWP,WE,Federal Contract Tower,65,16,2,3,86,0,252,35,0,287,65,268,37,3,373,18,0,18,391
07/16/2015,LIH,HI,AWP,WE,Federal Contract Tower,71,14,1,29,115,0,317,33,3,353,71,331,34,32,468,76,22,98,566
07/17/2015,LIH,HI,AWP,WE,Federal Contract Tower,90,13,2,4,109,0,221,34,0,255,90,234,36,4,364,48,0,48,412
07/18/2015,LIH,HI,AWP,WE,Federal Contract Tower,66,6,1,0,73,0,291,30,0,321,66,297,31,0,394,28,0,28,422
07/19/2015,LIH,HI,AWP,WE,Federal Contract Tower,70,1,4,0,75,0,225,22,0,247,70,226,26,0,322,20,0,20,342
07/20/2015,LIH,HI,AWP,WE,Federal Contract Tower,67,14,2,17,100,0,187,32,2,221,67,201,34,19,321,52,48,100,421
07/21/2015,LIH,HI,AWP,WE,Federal Contract Tower,67,12,1,1,81,0,190,37,5,232,67,202,38,6,313,76,0,76,389
07/22/2015,LIH,HI,AWP,WE,Federal Contract Tower,65,13,1,8,87,0,207,30,3,240,65,220,31,11,327,68,6,74,401
07/23/2015,LIH,HI,AWP,WE,Federal Contract Tower,67,17,4,9,97,0,308,41,2,351,67,325,45,11,448,74,0,74,522
07/24/2015,LIH,HI,AWP,WE,Federal Contract Tower,69,12,2,12,95,0,281,27,0,308,69,293,29,12,403,32,4,36,439
07/25/2015,LIH,HI,AWP,WE,Federal Contract Tower,67,3,2,0,72,0,232,12,0,244,67,235,14,0,316,30,0,30,346
07/26/2015,LIH,HI,AWP,WE,Federal Contract Tower,67,4,1,2,74,0,155,8,0,163,67,159,9,2,237,14,6,20,257
07/27/2015,LIH,HI,AWP,WE,Federal Contract Tower,67,10,1,0,78,0,194,22,0,216,67,204,23,0,294,30,0,30,324
07/28/2015,LIH,HI,AWP,WE,Federal Contract Tower,108,13,2,10,133,0,206,23,4,233,108,219,25,14,366,59,8,67,433
07/29/2015,LIH,HI,AWP,WE,Federal Contract Tower,67,15,4,17,103,0,272,22,8,302,67,287,26,25,405,34,10,44,449
07/30/2015,LIH,HI,AWP,WE,Federal Contract Tower,66,10,2,14,92,0,282,28,2,312,66,292,30,16,404,70,18,88,492
07/31/2015,LIH,HI,AWP,WE,Federal Contract Tower,66,8,4,17,95,0,264,17,10,291,66,272,21,27,386,58,10,68,454
08/01/2015,LIH,HI,AWP,WE,Federal Contract Tower,67,4,2,0,73,0,210,13,0,223,67,214,15,0,296,18,0,18,314
08/02/2015,LIH,HI,AWP,WE,Federal Contract Tower,67,4,1,0,72,0,202,10,0,212,67,206,11,0,284,20,0,20,304
08/03/2015,LIH,HI,AWP,WE,Federal Contract Tower,64,13,1,10,88,0,301,13,2,316,64,314,14,12,404,30,32,62,466
08/04/2015,LIH,HI,AWP,WE,Federal Contract Tower,66,14,27,0,107,0,260,28,5,293,66,274,55,5,400,26,28,54,454
08/05/2015,LIH,HI,AWP,WE,Federal Contract Tower,61,14,0,17,92,0,188,15,4,207,61,202,15,21,299,32,34,66,365
08/06/2015,LIH,HI,AWP,WE,Federal Contract Tower,67,13,7,3,90,0,182,16,2,200,67,195,23,5,290,14,6,20,310
08/07/2015,LIH,HI,AWP,WE,Federal Contract Tower,70,10,4,2,86,0,200,9,0,209,70,210,13,2,295,20,8,28,323
08/08/2015,LIH,HI,AWP,WE,Federal Contract Tower,69,3,3,4,79,0,240,12,0,252,69,243,15,4,331,30,12,42,373
08/09/2015,LIH,HI,AWP,WE,Federal Contract Tower,65,2,7,2,76,0,226,10,0,236,65,228,17,2,312,12,0,12,324
08/10/2015,LIH,HI,AWP,WE,Federal Contract Tower,63,17,1,20,101,0,320,63,0,383,63,337,64,20,484,30,12,42,526
08/11/2015,LIH,HI,AWP,WE,Federal Contract Tower,66,13,0,3,82,0,224,27,0,251,66,237,27,3,333,16,30,46,379
08/12/2015,LIH,HI,AWP,WE,Federal Contract Tower,63,13,1,8,85,0,275,44,0,319,63,288,45,8,404,26,0,26,430
08/13/2015,LIH,HI,AWP,WE,Federal Contract Tower,68,10,2,6,86,0,262,19,6,287,68,272,21,12,373,48,32,80,453
08/14/2015,LIH,HI,AWP,WE,Federal Contract Tower,69,13,0,12,94,0,294,20,0,314,69,307,20,12,408,38,2,40,448
08/15/2015,LIH,HI,AWP,WE,Federal Contract Tower,70,11,3,0,84,0,242,14,0,256,70,253,17,0,340,26,0,26,366
08/16/2015,LIH,HI,AWP,WE,Federal Contract Tower,68,4,4,0,76,0,222,21,2,245,68,226,25,2,321,158,0,158,479
08/17/2015,LIH,HI,AWP,WE,Federal Contract Tower,65,14,2,0,81,0,236,29,0,265,65,250,31,0,346,62,0,62,408
08/18/2015,LIH,HI,AWP,WE,Federal Contract Tower,64,14,4,13,95,0,152,33,6,191,64,166,37,19,286,31,12,43,329
08/19/2015,LIH,HI,AWP,WE,Federal Contract Tower,64,12,1,10,87,0,240,36,24,300,64,252,37,34,387,12,12,24,411
08/20/2015,LIH,HI,AWP,WE,Federal Contract Tower,70,12,3,2,87,0,283,28,2,313,70,295,31,4,400,50,0,50,450
08/21/2015,LIH,HI,AWP,WE,Federal Contract Tower,63,11,1,10,85,0,300,26,2,328,63,311,27,12,413,36,6,42,455
08/22/2015,LIH,HI,AWP,WE,Federal Contract Tower,69,9,0,0,78,0,229,14,0,243,69,238,14,0,321,58,0,58,379
08/23/2015,LIH,HI,AWP,WE,Federal Contract Tower,70,3,1,0,74,0,134,15,0,149,70,137,16,0,223,70,0,70,293
08/24/2015,LIH,HI,AWP,WE,Federal Contract Tower,64,13,7,14,98,0,159,6,1,166,64,172,13,15,264,24,16,40,304
08/25/2015,LIH,HI,AWP,WE,Federal Contract Tower,59,11,1,9,80,0,152,20,8,180,59,163,21,17,260,16,28,44,304
08/26/2015,LIH,HI,AWP,WE,Federal Contract Tower,60,11,1,3,75,0,152,32,8,192,60,163,33,11,267,10,0,10,277
08/27/2015,LIH,HI,AWP,WE,Federal Contract Tower,64,11,9,0,84,0,222,18,1,241,64,233,27,1,325,32,0,32,357
08/28/2015,LIH,HI,AWP,WE,Federal Contract Tower,69,10,4,9,92,0,182,20,4,206,69,192,24,13,298,26,10,36,334
08/29/2015,LIH,HI,AWP,WE,Federal Contract Tower,64,2,2,0,68,0,179,12,0,191,64,181,14,0,259,26,0,26,285
08/30/2015,LIH,HI,AWP,WE,Federal Contract Tower,62,6,2,0,70,0,198,23,0,221,62,204,25,0,291,24,0,24,315
08/31/2015,LIH,HI,AWP,WE,Federal Contract Tower,63,13,0,9,85,0,67,27,0,94,63,80,27,9,179,18,0,18,197
09/01/2015,LIH,HI,AWP,WE,Federal Contract Tower,62,13,1,14,90,0,226,35,0,261,62,239,36,14,351,34,10,44,395
09/02/2015,LIH,HI,AWP,WE,Federal Contract Tower,63,8,3,8,82,0,167,32,3,202,63,175,35,11,284,20,26,46,330
09/03/2015,LIH,HI,AWP,WE,Federal Contract Tower,61,15,2,0,78,0,152,18,2,172,61,167,20,2,250,29,0,29,279
09/04/2015,LIH,HI,AWP,WE,Federal Contract Tower,68,9,2,0,79,0,186,42,0,228,68,195,44,0,307,26,0,26,333
09/05/2015,LIH,HI,AWP,WE,Federal Contract Tower,61,2,3,1,67,0,152,13,1,166,61,154,16,2,233,22,0,22,255
09/06/2015,LIH,HI,AWP,WE,Federal Contract Tower,59,4,1,0,64,0,178,14,0,192,59,182,15,0,256,28,0,28,284
09/07/2015,LIH,HI,AWP,WE,Federal Contract Tower,61,1,0,0,62,0,242,36,0,278,61,243,36,0,340,42,0,42,382
09/08/2015,LIH,HI,AWP,WE,Federal Contract Tower,54,11,1,8,74,0,219,21,1,241,54,230,22,9,315,40,12,52,367
09/09/2015,LIH,HI,AWP,WE,Federal Contract Tower,53,12,7,14,86,0,199,30,3,232,53,211,37,17,318,10,2,12,330
09/10/2015,LIH,HI,AWP,WE,Federal Contract Tower,50,14,8,17,89,0,135,0,4,139,50,149,8,21,228,38,0,38,266
09/11/2015,LIH,HI,AWP,WE,Federal Contract Tower,60,11,3,4,78,0,152,12,2,166,60,163,15,6,244,32,4,36,280
09/12/2015,LIH,HI,AWP,WE,Federal Contract Tower,57,12,1,2,72,0,22,6,0,28,57,34,7,2,100,14,0,14,114
09/13/2015,LIH,HI,AWP,WE,Federal Contract Tower,55,5,2,2,64,0,202,12,0,214,55,207,14,2,278,24,0,24,302
09/14/2015,LIH,HI,AWP,WE,Federal Contract Tower,52,12,1,14,79,0,248,27,0,275,52,260,28,14,354,34,30,64,418
09/15/2015,LIH,HI,AWP,WE,Federal Contract Tower,55,12,2,13,82,0,104,23,4,131,55,116,25,17,213,26,31,57,270
09/16/2015,LIH,HI,AWP,WE,Federal Contract Tower,50,10,1,19,80,0,215,52,2,269,50,225,53,21,349,16,58,74,423
09/17/2015,LIH,HI,AWP,WE,Federal Contract Tower,53,13,6,10,82,0,257,42,0,299,53,270,48,10,381,28,2,30,411
09/18/2015,LIH,HI,AWP,WE,Federal Contract Tower,54,12,6,23,95,0,216,27,2,245,54,228,33,25,340,60,7,67,407
09/19/2015,LIH,HI,AWP,WE,Federal Contract Tower,53,4,3,0,60,0,163,14,0,177,53,167,17,0,237,30,0,30,267
09/20/2015,LIH,HI,AWP,WE,Federal Contract Tower,54,3,0,8,65,0,207,26,0,233,54,210,26,8,298,22,0,22,320
09/21/2015,LIH,HI,AWP,WE,Federal Contract Tower,54,11,2,21,88,0,253,20,0,273,54,264,22,21,361,48,14,62,423
09/22/2015,LIH,HI,AWP,WE,Federal Contract Tower,52,6,3,26,87,0,224,32,2,258,52,230,35,28,345,36,10,46,391
09/23/2015,LIH,HI,AWP,WE,Federal Contract Tower,51,12,5,36,104,0,173,38,5,216,51,185,43,41,320,52,12,64,384
09/24/2015,LIH,HI,AWP,WE,Federal Contract Tower,53,14,2,40,109,0,271,12,7,290,53,285,14,47,399,64,4,68,467
09/25/2015,LIH,HI,AWP,WE,Federal Contract Tower,59,9,0,7,75,0,181,20,0,201,59,190,20,7,276,46,0,46,322
09/26/2015,LIH,HI,AWP,WE,Federal Contract Tower,53,8,6,0,67,0,156,19,0,175,53,164,25,0,242,36,0,36,278
09/27/2015,LIH,HI,AWP,WE,Federal Contract Tower,53,1,0,0,54,0,194,12,0,206,53,195,12,0,260,68,0,68,328
09/28/2015,LIH,HI,AWP,WE,Federal Contract Tower,53,12,2,12,79,0,215,32,0,247,53,227,34,12,326,36,6,42,368
09/29/2015,LIH,HI,AWP,WE,Federal Contract Tower,53,12,1,22,88,0,194,11,7,212,53,206,12,29,300,81,4,85,385
09/30/2015,LIH,HI,AWP,WE,Federal Contract Tower,53,10,0,15,78,0,221,29,1,251,53,231,29,16,329,26,0,26,355
10/01/2015,LIH,HI,AWP,WE,Federal Contract Tower,52,18,1,23,94,0,244,37,10,291,52,262,38,33,385,74,10,84,469
10/02/2015,LIH,HI,AWP,WE,Federal Contract Tower,57,11,3,13,84,0,241,31,2,274,57,252,34,15,358,50,0,50,408
10/03/2015,LIH,HI,AWP,WE,Federal Contract Tower,55,0,0,1,56,0,185,6,0,191,55,185,6,1,247,32,0,32,279
10/04/2015,LIH,HI,AWP,WE,Federal Contract Tower,53,6,4,2,65,0,135,15,0,150,53,141,19,2,215,36,0,36,251
10/05/2015,LIH,HI,AWP,WE,Federal Contract Tower,54,10,2,18,84,0,160,24,3,187,54,170,26,21,271,50,30,80,351
10/06/2015,LIH,HI,AWP,WE,Federal Contract Tower,56,8,2,16,82,0,216,28,9,253,56,224,30,25,335,22,0,22,357
10/07/2015,LIH,HI,AWP,WE,Federal Contract Tower,55,6,4,26,91,0,232,53,4,289,55,238,57,30,380,16,12,28,408
10/08/2015,LIH,HI,AWP,WE,Federal Contract Tower,54,15,1,42,112,0,263,44,4,311,54,278,45,46,423,40,0,40,463
10/09/2015,LIH,HI,AWP,WE,Federal Contract Tower,57,12,2,21,92,0,218,24,0,242,57,230,26,21,334,54,16,70,404
10/10/2015,LIH,HI,AWP,WE,Federal Contract Tower,55,4,3,3,65,0,213,14,0,227,55,217,17,3,292,30,0,30,322
10/11/2015,LIH,HI,AWP,WE,Federal Contract Tower,56,7,3,19,85,0,162,20,4,186,56,169,23,23,271,24,20,44,315
10/12/2015,LIH,HI,AWP,WE,Federal Contract Tower,54,10,2,17,83,0,177,31,1,209,54,187,33,18,292,50,0,50,342
10/13/2015,LIH,HI,AWP,WE,Federal Contract Tower,55,10,8,33,106,0,198,28,0,226,55,208,36,33,332,36,4,40,372
10/14/2015,LIH,HI,AWP,WE,Federal Contract Tower,54,18,0,43,115,0,184,52,1,237,54,202,52,44,352,46,0,46,398
10/15/2015,LIH,HI,AWP,WE,Federal Contract Tower,54,12,3,10,79,0,242,36,9,287,54,254,39,19,366,90,18,108,474
10/16/2015,LIH,HI,AWP,WE,Federal Contract Tower,57,16,3,2,78,0,233,24,2,259,57,249,27,4,337,40,2,42,379
10/17/2015,LIH,HI,AWP,WE,Federal Contract Tower,54,9,1,1,65,0,149,2,0,151,54,158,3,1,216,8,0,8,224
10/18/2015,LIH,HI,AWP,WE,Federal Contract Tower,53,1,1,1,56,0,134,4,0,138,53,135,5,1,194,12,0,12,206
10/19/2015,LIH,HI,AWP,WE,Federal Contract Tower,55,13,2,25,95,0,205,39,3,247,55,218,41,28,342,62,10,72,414
10/20/2015,LIH,HI,AWP,WE,Federal Contract Tower,55,14,6,34,109,0,116,26,4,146,55,130,32,38,255,28,0,28,283
10/21/2015,LIH,HI,AWP,WE,Federal Contract Tower,54,10,3,27,94,0,256,39,13,308,54,266,42,40,402,16,4,20,422
10/22/2015,LIH,HI,AWP,WE,Federal Contract Tower,54,14,3,29,100,0,253,28,4,285,54,267,31,33,385,48,0,48,433
10/23/2015,LIH,HI,AWP,WE,Federal Contract Tower,59,11,2,18,90,0,237,38,4,279,59,248,40,22,369,15,11,26,395
10/24/2015,LIH,HI,AWP,WE,Federal Contract Tower,56,4,0,0,60,0,227,17,0,244,56,231,17,0,304,32,0,32,336
10/25/2015,LIH,HI,AWP,WE,Federal Contract Tower,52,2,4,0,58,0,174,19,0,193,52,176,23,0,251,18,0,18,269
10/26/2015,LIH,HI,AWP,WE,Federal Contract Tower,51,14,1,13,79,0,179,16,2,197,51,193,17,15,276,30,0,30,306
10/27/2015,LIH,HI,AWP,WE,Federal Contract Tower,54,14,11,37,116,0,197,29,9,235,54,211,40,46,351,26,4,30,381
10/28/2015,LIH,HI,AWP,WE,Federal Contract Tower,50,16,1,6,73,0,170,42,2,214,50,186,43,8,287,22,0,22,309
10/29/2015,LIH,HI,AWP,WE,Federal Contract Tower,51,12,0,23,86,0,242,10,0,252,51,254,10,23,338,38,0,38,376
10/30/2015,LIH,HI,AWP,WE,Federal Contract Tower,57,18,5,14,94,0,209,21,6,236,57,227,26,20,330,92,0,92,422
10/31/2015,LIH,HI,AWP,WE,Federal Contract Tower,53,6,4,0,63,0,145,12,1,158,53,151,16,1,221,22,0,22,243
11/01/2015,LIH,HI,AWP,WE,Federal Contract Tower,56,3,1,0,60,0,104,6,0,110,56,107,7,0,170,10,0,10,180
11/02/2015,LIH,HI,AWP,WE,Federal Contract Tower,55,13,22,22,112,0,160,20,6,186,55,173,42,28,298,114,6,120,418
11/03/2015,LIH,HI,AWP,WE,Federal Contract Tower,53,17,4,34,108,0,231,17,0,248,53,248,21,34,356,168,6,174,530
11/04/2015,LIH,HI,AWP,WE,Federal Contract Tower,56,15,3,11,85,0,195,40,0,235,56,210,43,11,320,20,36,56,376
11/05/2015,LIH,HI,AWP,WE,Federal Contract Tower,57,9,3,40,109,0,211,15,0,226,57,220,18,40,335,30,6,36,371
11/06/2015,LIH,HI,AWP,WE,Federal Contract Tower,62,12,3,24,101,0,222,22,2,246,62,234,25,26,347,20,8,28,375
11/07/2015,LIH,HI,AWP,WE,Federal Contract Tower,57,7,3,2,69,0,98,7,0,105,57,105,10,2,174,26,0,26,200
11/08/2015,LIH,HI,AWP,WE,Federal Contract Tower,57,3,2,4,66,0,169,2,0,171,57,172,4,4,237,22,8,30,267
11/09/2015,LIH,HI,AWP,WE,Federal Contract Tower,57,10,6,6,79,0,173,20,0,193,57,183,26,6,272,16,0,16,288
11/10/2015,LIH,HI,AWP,WE,Federal Contract Tower,53,19,0,36,108,0,205,16,0,221,53,224,16,36,329,28,4,32,361
11/11/2015,LIH,HI,AWP,WE,Federal Contract Tower,54,6,4,0,64,0,226,25,0,251,54,232,29,0,315,26,0,26,341
11/12/2015,LIH,HI,AWP,WE,Federal Contract Tower,53,18,1,33,105,0,219,17,1,237,53,237,18,34,342,34,10,44,386
11/13/2015,LIH,HI,AWP,WE,Federal Contract Tower,61,9,1,14,85,0,210,10,0,220,61,219,11,14,305,38,0,38,343
11/14/2015,LIH,HI,AWP,WE,Federal Contract Tower,57,5,3,1,66,0,172,10,1,183,57,177,13,2,249,140,0,140,389
11/15/2015,LIH,HI,AWP,WE,Federal Contract Tower,57,3,0,1,61,0,176,20,1,197,57,179,20,2,258,212,0,212,470
11/16/2015,LIH,HI,AWP,WE,Federal Contract Tower,56,11,5,14,86,0,210,27,5,242,56,221,32,19,328,114,6,120,448
11/17/2015,LIH,HI,AWP,WE,Federal Contract Tower,55,14,8,40,117,0,228,30,0,258,55,242,38,40,375,62,0,62,437
11/18/2015,LIH,HI,AWP,WE,Federal Contract Tower,58,12,2,22,94,0,191,30,0,221,58,203,32,22,315,44,0,44,359
11/19/2015,LIH,HI,AWP,WE,Federal Contract Tower,55,13,9,22,99,0,149,34,6,189,55,162,43,28,288,40,26,66,354
11/20/2015,LIH,HI,AWP,WE,Federal Contract Tower,66,13,5,7,91,0,0,1,0,1,66,13,6,7,92,0,0,0,92
11/21/2015,LIH,HI,AWP,WE,Federal Contract Tower,56,11,7,0,74,0,55,10,0,65,56,66,17,0,139,12,0,12,151
11/22/2015,LIH,HI,AWP,WE,Federal Contract Tower,55,3,5,2,65,0,125,7,1,133,55,128,12,3,198,38,0,38,236
11/23/2015,LIH,HI,AWP,WE,Federal Contract Tower,60,10,4,18,92,0,168,40,0,208,60,178,44,18,300,64,0,64,364
11/24/2015,LIH,HI,AWP,WE,Federal Contract Tower,57,10,4,7,78,0,247,25,1,273,57,257,29,8,351,40,0,40,391
11/25/2015,LIH,HI,AWP,WE,Federal Contract Tower,60,7,1,1,69,0,194,57,2,253,60,201,58,3,322,32,4,36,358
11/26/2015,LIH,HI,AWP,WE,Federal Contract Tower,51,0,3,0,54,0,124,8,0,132,51,124,11,0,186,28,0,28,214
11/27/2015,LIH,HI,AWP,WE,Federal Contract Tower,58,10,0,1,69,0,96,7,3,106,58,106,7,4,175,22,8,30,205
11/28/2015,LIH,HI,AWP,WE,Federal Contract Tower,57,1,2,0,60,0,181,18,0,199,57,182,20,0,259,38,0,38,297
11/29/2015,LIH,HI,AWP,WE,Federal Contract Tower,61,7,2,6,76,0,150,17,0,167,61,157,19,6,243,34,6,40,283
11/30/2015,LIH,HI,AWP,WE,Federal Contract Tower,56,13,1,24,94,0,204,31,18,253,56,217,32,42,347,24,0,24,371
12/01/2015,LIH,HI,AWP,WE,Federal Contract Tower,56,11,6,20,93,0,103,25,2,130,56,114,31,22,223,10,16,26,249
12/02/2015,LIH,HI,AWP,WE,Federal Contract Tower,60,10,0,5,75,0,129,24,1,154,60,139,24,6,229,42,10,52,281
12/03/2015,LIH,HI,AWP,WE,Federal Contract Tower,56,16,3,3,78,0,214,16,4,234,56,230,19,7,312,38,1,39,351
12/04/2015,LIH,HI,AWP,WE,Federal Contract Tower,62,13,0,3,78,0,205,8,3,216,62,218,8,6,294,34,0,34,328
12/05/2015,LIH,HI,AWP,WE,Federal Contract Tower,60,5,4,3,72,0,169,9,0,178,60,174,13,3,250,24,0,24,274
12/06/2015,LIH,HI,AWP,WE,Federal Contract Tower,56,4,2,2,64,0,150,15,0,165,56,154,17,2,229,32,0,32,261
12/07/2015,LIH,HI,AWP,WE,Federal Contract Tower,59,12,3,6,80,0,207,12,2,221,59,219,15,8,301,50,6,56,357
12/08/2015,LIH,HI,AWP,WE,Federal Contract Tower,57,8,0,7,72,0,166,22,2,190,57,174,22,9,262,26,0,26,288
12/09/2015,LIH,HI,AWP,WE,Federal Contract Tower,58,9,0,27,94,0,150,40,0,190,58,159,40,27,284,30,8,38,322
12/10/2015,LIH,HI,AWP,WE,Federal Contract Tower,58,15,1,32,106,0,151,34,1,186,58,166,35,33,292,34,2,36,328
12/11/2015,LIH,HI,AWP,WE,Federal Contract Tower,63,12,0,3,78,0,162,22,0,184,63,174,22,3,262,34,0,34,296
12/12/2015,LIH,HI,AWP,WE,Federal Contract Tower,57,6,3,4,70,0,115,23,0,138,57,121,26,4,208,32,4,36,244
12/13/2015,LIH,HI,AWP,WE,Federal Contract Tower,56,6,1,0,63,0,152,8,0,160,56,158,9,0,223,20,0,20,243
12/14/2015,LIH,HI,AWP,WE,Federal Contract Tower,58,10,0,20,88,0,139,18,2,159,58,149,18,22,247,27,9,36,283
12/15/2015,LIH,HI,AWP,WE,Federal Contract Tower,63,6,2,38,109,0,131,28,0,159,63,137,30,38,268,18,42,60,328
12/16/2015,LIH,HI,AWP,WE,Federal Contract Tower,63,12,2,15,92,0,103,24,0,127,63,115,26,15,219,36,0,36,255
12/17/2015,LIH,HI,AWP,WE,Federal Contract Tower,60,14,7,17,98,0,186,20,1,207,60,200,27,18,305,56,6,62,367
12/18/2015,LIH,HI,AWP,WE,Federal Contract Tower,74,12,8,8,102,0,81,3,4,88,74,93,11,12,190,26,30,56,246
12/19/2015,LIH,HI,AWP,WE,Federal Contract Tower,68,3,3,0,74,0,71,4,9,84,68,74,7,9,158,26,32,58,216
12/20/2015,LIH,HI,AWP,WE,Federal Contract Tower,71,5,2,0,78,0,97,0,6,103,71,102,2,6,181,28,0,28,209
12/21/2015,LIH,HI,AWP,WE,Federal Contract Tower,70,19,6,2,97,0,250,32,4,286,70,269,38,6,383,30,0,30,413
12/22/2015,LIH,HI,AWP,WE,Federal Contract Tower,67,10,4,8,89,0,232,26,0,258,67,242,30,8,347,32,0,32,379
12/23/2015,LIH,HI,AWP,WE,Federal Contract Tower,69,6,4,12,91,0,283,36,0,319,69,289,40,12,410,24,0,24,434
12/24/2015,LIH,HI,AWP,WE,Federal Contract Tower,64,16,4,2,86,0,309,28,2,339,64,325,32,4,425,42,0,42,467
12/25/2015,LIH,HI,AWP,WE,Federal Contract Tower,62,3,1,0,66,0,115,2,0,117,62,118,3,0,183,22,0,22,205
12/26/2015,LIH,HI,AWP,WE,Federal Contract Tower,69,11,6,0,86,0,243,11,2,256,69,254,17,2,342,46,0,46,388
12/27/2015,LIH,HI,AWP,WE,Federal Contract Tower,71,7,7,0,85,0,267,10,2,279,71,274,17,2,364,40,0,40,404
12/28/2015,LIH,HI,AWP,WE,Federal Contract Tower,64,15,5,6,90,0,313,29,2,344,64,328,34,8,434,34,0,34,468
12/29/2015,LIH,HI,AWP,WE,Federal Contract Tower,64,15,6,7,92,0,284,30,2,316,64,299,36,9,408,41,2,43,451
12/30/2015,LIH,HI,AWP,WE,Federal Contract Tower,66,20,5,4,95,0,295,34,1,330,66,315,39,5,425,28,4,32,457
12/31/2015,LIH,HI,AWP,WE,Federal Contract Tower,62,16,4,0,82,0,306,27,0,333,62,322,31,0,415,46,0,46,461
01/01/2016,LIH,HI,AWP,WE,Federal Contract Tower,63,6,3,0,72,0,271,1,0,272,63,277,4,0,344,32,0,32,376
01/02/2016,LIH,HI,AWP,WE,Federal Contract Tower,66,7,6,0,79,0,273,18,0,291,66,280,24,0,370,40,0,40,410
01/03/2016,LIH,HI,AWP,WE,Federal Contract Tower,66,3,8,0,77,0,224,6,0,230,66,227,14,0,307,30,0,30,337
01/04/2016,LIH,HI,AWP,WE,Federal Contract Tower,62,13,3,1,79,0,238,19,3,260,62,251,22,4,339,30,0,30,369
01/05/2016,LIH,HI,AWP,WE,Federal Contract Tower,60,12,6,8,86,0,177,20,3,200,60,189,26,11,286,32,0,32,318
01/06/2016,LIH,HI,AWP,WE,Federal Contract Tower,55,15,2,12,84,0,196,23,1,220,55,211,25,13,304,36,4,40,344
01/07/2016,LIH,HI,AWP,WE,Federal Contract Tower,57,16,5,6,84,0,273,18,0,291,57,289,23,6,375,58,0,58,433
01/08/2016,LIH,HI,AWP,WE,Federal Contract Tower,66,10,7,4,87,0,224,14,0,238,66,234,21,4,325,46,0,46,371
01/09/2016,LIH,HI,AWP,WE,Federal Contract Tower,65,6,6,1,78,0,179,14,0,193,65,185,20,1,271,30,0,30,301
01/10/2016,LIH,HI,AWP,WE,Federal Contract Tower,57,7,4,10,78,0,143,5,0,148,57,150,9,10,226,18,0,18,244
01/11/2016,LIH,HI,AWP,WE,Federal Contract Tower,59,16,3,20,98,0,190,16,4,210,59,206,19,24,308,40,0,40,348
01/12/2016,LIH,HI,AWP,WE,Federal Contract Tower,56,12,1,12,81,0,185,21,2,208,56,197,22,14,289,192,4,196,485
01/13/2016,LIH,HI,AWP,WE,Federal Contract Tower,54,15,1,4,74,0,176,40,0,216,54,191,41,4,290,232,0,232,522
01/14/2016,LIH,HI,AWP,WE,Federal Contract Tower,54,13,2,6,75,0,212,37,9,258,54,225,39,15,333,44,0,44,377
01/15/2016,LIH,HI,AWP,WE,Federal Contract Tower,59,12,2,0,73,0,226,26,0,252,59,238,28,0,325,44,8,52,377
01/16/2016,LIH,HI,AWP,WE,Federal Contract Tower,65,2,3,0,70,0,230,17,0,247,65,232,20,0,317,51,0,51,368
01/17/2016,LIH,HI,AWP,WE,Federal Contract Tower,60,6,3,0,69,0,179,11,0,190,60,185,14,0,259,22,0,22,281
01/18/2016,LIH,HI,AWP,WE,Federal Contract Tower,57,6,1,0,64,0,175,36,0,211,57,181,37,0,275,41,0,41,316
01/19/2016,LIH,HI,AWP,WE,Federal Contract Tower,55,12,2,0,69,0,187,35,0,222,55,199,37,0,291,26,0,26,317
01/20/2016,LIH,HI,AWP,WE,Federal Contract Tower,56,13,6,22,97,0,131,20,10,161,56,144,26,32,258,18,0,18,276
01/21/2016,LIH,HI,AWP,WE,Federal Contract Tower,55,14,1,14,84,0,229,21,1,251,55,243,22,15,335,34,8,42,377
01/22/2016,LIH,HI,AWP,WE,Federal Contract Tower,65,8,8,10,91,0,251,27,1,279,65,259,35,11,370,40,17,57,427
01/23/2016,LIH,HI,AWP,WE,Federal Contract Tower,66,6,6,0,78,0,230,22,4,256,66,236,28,4,334,72,0,72,406
01/24/2016,LIH,HI,AWP,WE,Federal Contract Tower,57,6,4,4,71,0,116,22,2,140,57,122,26,6,211,44,0,44,255
01/25/2016,LIH,HI,AWP,WE,Federal Contract Tower,57,10,3,22,92,0,167,58,1,226,57,177,61,23,318,58,48,106,424
01/26/2016,LIH,HI,AWP,WE,Federal Contract Tower,55,12,5,8,80,0,207,29,0,236,55,219,34,8,316,14,17,31,347
01/27/2016,LIH,HI,AWP,WE,Federal Contract Tower,57,11,1,12,81,0,168,34,3,205,57,179,35,15,286,26,36,62,348
01/28/2016,LIH,HI,AWP,WE,Federal Contract Tower,54,13,1,10,78,0,223,32,10,265,54,236,33,20,343,22,8,30,373
01/29/2016,LIH,HI,AWP,WE,Federal Contract Tower,63,10,1,3,77,0,204,16,6,226,63,214,17,9,303,64,0,64,367
01/30/2016,LIH,HI,AWP,WE,Federal Contract Tower,64,3,1,2,70,0,126,30,0,156,64,129,31,2,226,32,4,36,262
01/31/2016,LIH,HI,AWP,WE,Federal Contract Tower,58,5,5,0,68,0,94,12,0,106,58,99,17,0,174,38,0,38,212
02/01/2016,LIH,HI,AWP,WE,Federal Contract Tower,57,10,5,4,76,0,198,17,4,219,57,208,22,8,295,30,10,40,335
02/02/2016,LIH,HI,AWP,WE,Federal Contract Tower,56,14,9,12,91,0,208,38,9,255,56,222,47,21,346,32,8,40,386
02/03/2016,LIH,HI,AWP,WE,Federal Contract Tower,56,12,0,9,77,0,147,32,0,179,56,159,32,9,256,12,12,24,280
02/04/2016,LIH,HI,AWP,WE,Federal Contract Tower,58,14,9,8,89,0,242,29,0,271,58,256,38,8,360,34,0,34,394
02/05/2016,LIH,HI,AWP,WE,Federal Contract Tower,61,14,0,0,75,0,269,41,0,310,61,283,41,0,385,50,0,50,435
02/06/2016,LIH,HI,AWP,WE,Federal Contract Tower,65,6,8,0,79,0,128,20,0,148,65,134,28,0,227,26,0,26,253
02/07/2016,LIH,HI,AWP,WE,Federal Contract Tower,59,4,0,0,63,0,136,1,0,137,59,140,1,0,200,30,0,30,230
02/08/2016,LIH,HI,AWP,WE,Federal Contract Tower,56,19,2,19,96,0,190,44,2,236,56,209,46,21,332,28,34,62,394
02/09/2016,LIH,HI,AWP,WE,Federal Contract Tower,56,15,0,8,79,0,219,31,3,253,56,234,31,11,332,50,6,56,388
02/10/2016,LIH,HI,AWP,WE,Federal Contract Tower,54,16,3,1,74,0,214,34,1,249,54,230,37,2,323,28,0,28,351
02/11/2016,LIH,HI,AWP,WE,Federal Contract Tower,59,12,1,10,82,0,292,22,3,317,59,304,23,13,399,40,12,52,451
02/12/2016,LIH,HI,AWP,WE,Federal Contract Tower,66,15,2,7,90,0,226,32,1,259,66,241,34,8,349,46,0,46,395
02/13/2016,LIH,HI,AWP,WE,Federal Contract Tower,66,4,5,0,75,0,199,33,0,232,66,203,38,0,307,32,0,32,339
02/14/2016,LIH,HI,AWP,WE,Federal Contract Tower,58,1,1,0,60,0,212,13,1,226,58,213,14,1,286,22,0,22,308
02/15/2016,LIH,HI,AWP,WE,Federal Contract Tower,56,9,0,6,71,0,172,16,0,188,56,181,16,6,259,24,8,32,291
02/16/2016,LIH,HI,AWP,WE,Federal Contract Tower,56,10,4,2,72,0,12,15,0,27,56,22,19,2,99,48,0,48,147
02/17/2016,LIH,HI,AWP,WE,Federal Contract Tower,57,12,4,31,104,0,199,30,0,229,57,211,34,31,333,19,0,19,352
02/18/2016,LIH,HI,AWP,WE,Federal Contract Tower,55,14,3,11,83,0,260,21,6,287,55,274,24,17,370,46,2,48,418
02/19/2016,LIH,HI,AWP,WE,Federal Contract Tower,67,14,1,15,97,0,263,25,1,289,67,277,26,16,386,38,6,44,430
02/20/2016,LIH,HI,AWP,WE,Federal Contract Tower,62,2,3,1,68,0,150,26,0,176,62,152,29,1,244,36,0,36,280
02/21/2016,LIH,HI,AWP,WE,Federal Contract Tower,56,3,2,2,63,0,145,7,1,153,56,148,9,3,216,34,0,34,250
02/22/2016,LIH,HI,AWP,WE,Federal Contract Tower,60,16,3,6,85,0,225,45,0,270,60,241,48,6,355,36,0,36,391
02/23/2016,LIH,HI,AWP,WE,Federal Contract Tower,57,11,3,28,99,0,140,38,0,178,57,151,41,28,277,38,4,42,319
02/24/2016,LIH,HI,AWP,WE,Federal Contract Tower,61,11,1,14,87,0,219,47,2,268,61,230,48,16,355,15,0,15,370
02/25/2016,LIH,HI,AWP,WE,Federal Contract Tower,54,19,2,23,98,0,207,13,3,223,54,226,15,26,321,28,10,38,359
02/26/2016,LIH,HI,AWP,WE,Federal Contract Tower,65,15,1,2,83,0,205,38,6,249,65,220,39,8,332,22,2,24,356
02/27/2016,LIH,HI,AWP,WE,Federal Contract Tower,62,7,3,0,72,0,171,21,4,196,62,178,24,4,268,45,0,45,313
02/28/2016,LIH,HI,AWP,WE,Federal Contract Tower,56,3,3,0,62,0,148,19,0,167,56,151,22,0,229,28,0,28,257
02/29/2016,LIH,HI,AWP,WE,Federal Contract Tower,57,15,7,21,100,0,168,12,2,182,57,183,19,23,282,7,12,19,301
03/01/2016,LIH,HI,AWP,WE,Federal Contract Tower,55,16,0,46,117,0,179,28,5,212,55,195,28,51,329,28,34,62,391
03/02/2016,LIH,HI,AWP,WE,Federal Contract Tower,58,15,5,17,95,0,159,16,2,177,58,174,21,19,272,34,8,42,314
03/03/2016,LIH,HI,AWP,WE,Federal Contract Tower,56,14,1,28,99,0,185,28,2,215,56,199,29,30,314,18,12,30,344
03/04/2016,LIH,HI,AWP,WE,Federal Contract Tower,65,12,2,25,104,0,188,38,1,227,65,200,40,26,331,30,6,36,367
03/05/2016,LIH,HI,AWP,WE,Federal Contract Tower,62,8,7,1,78,0,168,15,2,185,62,176,22,3,263,32,0,32,295
03/06/2016,LIH,HI,AWP,WE,Federal Contract Tower,58,6,3,2,69,0,186,17,0,203,58,192,20,2,272,21,0,21,293
03/07/2016,LIH,HI,AWP,WE,Federal Contract Tower,55,17,2,13,87,0,242,20,1,263,55,259,22,14,350,40,4,44,394
03/08/2016,LIH,HI,AWP,WE,Federal Contract Tower,59,12,0,6,77,0,5,4,0,9,59,17,4,6,86,4,0,4,90
03/09/2016,LIH,HI,AWP,WE,Federal Contract Tower,59,10,1,26,96,0,212,23,0,235,59,222,24,26,331,16,4,20,351
03/10/2016,LIH,HI,AWP,WE,Federal Contract Tower,60,14,6,28,108,0,208,28,5,241,60,222,34,33,349,32,6,38,387
03/11/2016,LIH,HI,AWP,WE,Federal Contract Tower,65,11,2,12,90,0,160,30,6,196,65,171,32,18,286,36,16,52,338
03/12/2016,LIH,HI,AWP,WE,Federal Contract Tower,65,4,6,0,75,0,204,16,0,220,65,208,22,0,295,38,0,38,333
03/13/2016,LIH,HI,AWP,WE,Federal Contract Tower,60,6,2,0,68,0,135,4,0,139,60,141,6,0,207,26,0,26,233
03/14/2016,LIH,HI,AWP,WE,Federal Contract Tower,61,16,2,20,99,0,165,24,0,189,61,181,26,20,288,24,0,24,312
03/15/2016,LIH,HI,AWP,WE,Federal Contract Tower,74,13,4,7,98,0,212,42,6,260,74,225,46,13,358,34,2,36,394
03/16/2016,LIH,HI,AWP,WE,Federal Contract Tower,75,14,4,7,100,0,175,39,3,217,75,189,43,10,317,38,0,38,355
03/17/2016,LIH,HI,AWP,WE,Federal Contract Tower,75,13,0,8,96,0,196,28,8,232,75,209,28,16,328,16,14,30,358
03/18/2016,LIH,HI,AWP,WE,Federal Contract Tower,77,8,2,8,95,0,204,28,0,232,77,212,30,8,327,54,0,54,381
03/19/2016,LIH,HI,AWP,WE,Federal Contract Tower,78,7,5,2,92,0,160,26,0,186,78,167,31,2,278,36,0,36,314
03/20/2016,LIH,HI,AWP,WE,Federal Contract Tower,75,5,3,0,83,0,204,13,2,219,75,209,16,2,302,28,0,28,330
03/21/2016,LIH,HI,AWP,WE,Federal Contract Tower,75,12,2,8,97,0,212,13,0,225,75,224,15,8,322,25,0,25,347
03/22/2016,LIH,HI,AWP,WE,Federal Contract Tower,74,12,4,4,94,0,142,16,1,159,74,154,20,5,253,22,4,26,279
03/23/2016,LIH,HI,AWP,WE,Federal Contract Tower,74,11,4,7,96,0,225,30,0,255,74,236,34,7,351,18,0,18,369
03/24/2016,LIH,HI,AWP,WE,Federal Contract Tower,74,12,5,8,99,0,250,33,0,283,74,262,38,8,382,30,2,32,414
03/25/2016,LIH,HI,AWP,WE,Federal Contract Tower,76,8,3,2,89,0,138,8,0,146,76,146,11,2,235,32,0,32,267
03/26/2016,LIH,HI,AWP,WE,Federal Contract Tower,80,0,4,10,94,0,219,18,0,237,80,219,22,10,331,46,0,46,377
03/27/2016,LIH,HI,AWP,WE,Federal Contract Tower,76,3,5,0,84,0,146,8,0,154,76,149,13,0,238,32,0,32,270
03/28/2016,LIH,HI,AWP,WE,Federal Contract Tower,68,15,0,0,83,0,247,26,0,273,68,262,26,0,356,36,0,36,392
03/29/2016,LIH,HI,AWP,WE,Federal Contract Tower,72,13,7,16,108,0,253,42,5,300,72,266,49,21,408,42,4,46,454
03/30/2016,LIH,HI,AWP,WE,Federal Contract Tower,66,16,1,12,95,0,241,37,0,278,66,257,38,12,373,80,14,94,467
03/31/2016,LIH,HI,AWP,WE,Federal Contract Tower,72,9,9,8,98,0,256,14,1,271,72,265,23,9,369,36,0,36,405
04/01/2016,LIH,HI,AWP,WE,Federal Contract Tower,82,15,7,3,107,0,228,27,3,258,82,243,34,6,365,54,0,54,419
04/02/2016,LIH,HI,AWP,WE,Federal Contract Tower,85,5,6,1,97,0,178,33,0,211,85,183,39,1,308,34,0,34,342
04/03/2016,LIH,HI,AWP,WE,Federal Contract Tower,79,3,2,6,90,0,170,16,3,189,79,173,18,9,279,25,10,35,314
04/04/2016,LIH,HI,AWP,WE,Federal Contract Tower,74,16,3,10,103,0,186,14,1,201,74,202,17,11,304,34,0,34,338
04/05/2016,LIH,HI,AWP,WE,Federal Contract Tower,71,10,2,2,85,0,102,40,2,144,71,112,42,4,229,28,0,28,257
04/06/2016,LIH,HI,AWP,WE,Federal Contract Tower,69,9,7,19,104,0,186,37,7,230,69,195,44,26,334,20,0,20,354
04/07/2016,LIH,HI,AWP,WE,Federal Contract Tower,72,8,8,15,103,0,113,27,2,142,72,121,35,17,245,48,4,52,297
04/08/2016,LIH,HI,AWP,WE,Federal Contract Tower,82,14,6,12,114,0,230,29,2,261,82,244,35,14,375,48,8,56,431
04/09/2016,LIH,HI,AWP,WE,Federal Contract Tower,79,9,4,4,96,0,203,32,0,235,79,212,36,4,331,68,0,68,399
04/10/2016,LIH,HI,AWP,WE,Federal Contract Tower,80,3,0,0,83,0,182,14,0,196,80,185,14,0,279,38,0,38,317
04/11/2016,LIH,HI,AWP,WE,Federal Contract Tower,69,20,0,0,89,0,191,24,0,215,69,211,24,0,304,62,0,62,366
04/12/2016,LIH,HI,AWP,WE,Federal Contract Tower,70,12,1,6,89,0,232,18,0,250,70,244,19,6,339,98,0,98,437
04/13/2016,LIH,HI,AWP,WE,Federal Contract Tower,72,8,6,8,94,0,206,42,0,248,72,214,48,8,342,54,0,54,396
04/14/2016,LIH,HI,AWP,WE,Federal Contract Tower,70,13,3,17,103,0,232,39,1,272,70,245,42,18,375,68,10,78,453
04/15/2016,LIH,HI,AWP,WE,Federal Contract Tower,80,10,5,6,101,0,228,23,2,253,80,238,28,8,354,104,0,104,458
04/16/2016,LIH,HI,AWP,WE,Federal Contract Tower,81,11,7,0,99,0,98,16,0,114,81,109,23,0,213,108,12,120,333
04/17/2016,LIH,HI,AWP,WE,Federal Contract Tower,71,2,0,0,73,0,11,2,0,13,71,13,2,0,86,74,0,74,160
04/18/2016,LIH,HI,AWP,WE,Federal Contract Tower,82,20,6,20,128,0,217,52,2,271,82,237,58,22,399,100,0,100,499
04/19/2016,LIH,HI,AWP,WE,Federal Contract Tower,70,10,9,12,101,0,250,16,1,267,70,260,25,13,368,82,6,88,456
04/20/2016,LIH,HI,AWP,WE,Federal Contract Tower,67,14,4,6,91,0,192,42,0,234,67,206,46,6,325,56,0,56,381
04/21/2016,LIH,HI,AWP,WE,Federal Contract Tower,66,15,1,3,85,0,255,27,2,284,66,270,28,5,369,42,0,42,411
04/22/2016,LIH,HI,AWP,WE,Federal Contract Tower,79,14,1,3,97,0,238,32,0,270,79,252,33,3,367,52,3,55,422
04/23/2016,LIH,HI,AWP,WE,Federal Contract Tower,85,10,7,0,102,0,146,24,0,170,85,156,31,0,272,22,0,22,294
04/24/2016,LIH,HI,AWP,WE,Federal Contract Tower,79,2,31,5,117,0,156,14,0,170,79,158,45,5,287,30,0,30,317
04/25/2016,LIH,HI,AWP,WE,Federal Contract Tower,67,19,1,9,96,0,197,35,0,232,67,216,36,9,328,22,0,22,350
04/26/2016,LIH,HI,AWP,WE,Federal Contract Tower,70,16,2,18,106,0,222,21,0,243,70,238,23,18,349,42,0,42,391
04/27/2016,LIH,HI,AWP,WE,Federal Contract Tower,64,19,5,11,99,0,165,29,2,196,64,184,34,13,295,14,25,39,334
04/28/2016,LIH,HI,AWP,WE,Federal Contract Tower,72,10,8,6,96,0,189,14,0,203,72,199,22,6,299,35,0,35,334
04/29/2016,LIH,HI,AWP,WE,Federal Contract Tower,80,11,1,5,97,0,228,24,4,256,80,239,25,9,353,80,4,84,437
04/30/2016,LIH,HI,AWP,WE,Federal Contract Tower,79,10,7,2,98,0,134,12,2,148,79,144,19,4,246,42,0,42,288
05/01/2016,LIH,HI,AWP,WE,Federal Contract Tower,77,2,0,14,93,0,130,4,1,135,77,132,4,15,228,24,0,24,252
05/02/2016,LIH,HI,AWP,WE,Federal Contract Tower,70,13,4,14,101,0,171,37,0,208,70,184,41,14,309,16,0,16,325
05/03/2016,LIH,HI,AWP,WE,Federal Contract Tower,69,19,5,22,115,0,186,27,0,213,69,205,32,22,328,32,10,42,370
05/04/2016,LIH,HI,AWP,WE,Federal Contract Tower,66,14,4,28,112,0,143,22,0,165,66,157,26,28,277,22,4,26,303
05/05/2016,LIH,HI,AWP,WE,Federal Contract Tower,72,12,11,10,105,0,218,11,0,229,72,230,22,10,334,32,0,32,366
05/06/2016,LIH,HI,AWP,WE,Federal Contract Tower,81,10,10,0,101,0,222,34,0,256,81,232,44,0,357,49,0,49,406
05/07/2016,LIH,HI,AWP,WE,Federal Contract Tower,80,8,6,0,94,0,202,24,2,228,80,210,30,2,322,44,0,44,366
05/08/2016,LIH,HI,AWP,WE,Federal Contract Tower,76,4,2,2,84,0,164,20,0,184,76,168,22,2,268,30,2,32,300
05/09/2016,LIH,HI,AWP,WE,Federal Contract Tower,64,21,3,7,95,0,210,14,2,226,64,231,17,9,321,26,8,34,355
05/10/2016,LIH,HI,AWP,WE,Federal Contract Tower,70,20,7,13,110,0,234,14,0,248,70,254,21,13,358,26,8,34,392
05/11/2016,LIH,HI,AWP,WE,Federal Contract Tower,65,18,3,10,96,0,211,28,0,239,65,229,31,10,335,34,0,34,369
05/12/2016,LIH,HI,AWP,WE,Federal Contract Tower,70,20,7,12,109,0,250,13,4,267,70,270,20,16,376,54,2,56,432
05/13/2016,LIH,HI,AWP,WE,Federal Contract Tower,77,16,3,16,112,0,244,24,0,268,77,260,27,16,380,36,0,36,416
05/14/2016,LIH,HI,AWP,WE,Federal Contract Tower,86,3,8,6,103,0,142,16,0,158,86,145,24,6,261,30,0,30,291
05/15/2016,LIH,HI,AWP,WE,Federal Contract Tower,68,6,3,2,79,0,170,12,0,182,68,176,15,2,261,48,0,48,309
05/16/2016,LIH,HI,AWP,WE,Federal Contract Tower,68,16,4,14,102,0,209,12,6,227,68,225,16,20,329,44,0,44,373
05/17/2016,LIH,HI,AWP,WE,Federal Contract Tower,66,11,7,16,100,0,213,17,4,234,66,224,24,20,334,42,2,44,378
05/18/2016,LIH,HI,AWP,WE,Federal Contract Tower,68,13,9,15,105,0,180,29,0,209,68,193,38,15,314,26,0,26,340
05/19/2016,LIH,HI,AWP,WE,Federal Contract Tower,75,10,4,19,108,0,258,28,0,286,75,268,32,19,394,37,0,37,431
05/20/2016,LIH,HI,AWP,WE,Federal Contract Tower,80,5,7,16,108,0,218,36,2,256,80,223,43,18,364,24,0,24,388
05/21/2016,LIH,HI,AWP,WE,Federal Contract Tower,83,3,3,0,89,0,168,22,2,192,83,171,25,2,281,40,0,40,321
05/22/2016,LIH,HI,AWP,WE,Federal Contract Tower,77,1,2,0,80,0,152,10,2,164,77,153,12,2,244,18,0,18,262
05/23/2016,LIH,HI,AWP,WE,Federal Contract Tower,71,23,7,10,111,0,196,33,0,229,71,219,40,10,340,36,12,48,388
05/24/2016,LIH,HI,AWP,WE,Federal Contract Tower,74,13,8,5,100,0,208,7,6,221,74,221,15,11,321,32,4,36,357
05/25/2016,LIH,HI,AWP,WE,Federal Contract Tower,71,17,11,7,106,0,198,23,1,222,71,215,34,8,328,40,4,44,372
05/26/2016,LIH,HI,AWP,WE,Federal Contract Tower,75,13,13,8,109,0,263,14,0,277,75,276,27,8,386,36,0,36,422
05/27/2016,LIH,HI,AWP,WE,Federal Contract Tower,83,16,5,15,119,0,262,29,3,294,83,278,34,18,413,40,0,40,453
05/28/2016,LIH,HI,AWP,WE,Federal Contract Tower,84,5,3,0,92,0,204,20,0,224,84,209,23,0,316,18,0,18,334
05/29/2016,LIH,HI,AWP,WE,Federal Contract Tower,78,1,2,0,81,0,169,7,2,178,78,170,9,2,259,24,0,24,283
05/30/2016,LIH,HI,AWP,WE,Federal Contract Tower,75,9,4,0,88,0,199,13,0,212,75,208,17,0,300,24,0,24,324
05/31/2016,LIH,HI,AWP,WE,Federal Contract Tower,79,14,0,15,108,0,160,24,3,187,79,174,24,18,295,28,0,28,323
06/01/2016,LIH,HI,AWP,WE,Federal Contract Tower,83,10,5,19,117,0,186,21,4,211,83,196,26,23,328,24,2,26,354
06/02/2016,LIH,HI,AWP,WE,Federal Contract Tower,82,17,6,17,122,0,160,12,0,172,82,177,18,17,294,22,0,22,316
06/03/2016,LIH,HI,AWP,WE,Federal Contract Tower,91,9,8,5,113,0,276,14,4,294,91,285,22,9,407,38,0,38,445
06/04/2016,LIH,HI,AWP,WE,Federal Contract Tower,84,7,4,1,96,0,68,6,0,74,84,75,10,1,170,22,0,22,192
06/05/2016,LIH,HI,AWP,WE,Federal Contract Tower,79,11,1,5,96,0,211,9,0,220,79,222,10,5,316,22,0,22,338
06/06/2016,LIH,HI,AWP,WE,Federal Contract Tower,75,18,1,12,106,0,218,27,0,245,75,236,28,12,351,42,2,44,395
06/07/2016,LIH,HI,AWP,WE,Federal Contract Tower,81,13,5,10,109,0,214,20,2,236,81,227,25,12,345,30,4,34,379
06/08/2016,LIH,HI,AWP,WE,Federal Contract Tower,79,15,4,14,112,0,238,16,1,255,79,253,20,15,367,48,0,48,415
06/09/2016,LIH,HI,AWP,WE,Federal Contract Tower,81,14,5,16,116,0,239,13,1,253,81,253,18,17,369,44,20,64,433
06/10/2016,LIH,HI,AWP,WE,Federal Contract Tower,92,15,3,22,132,0,222,24,2,248,92,237,27,24,380,36,24,60,440
06/11/2016,LIH,HI,AWP,WE,Federal Contract Tower,90,1,4,2,97,0,176,12,0,188,90,177,16,2,285,26,0,26,311
06/12/2016,LIH,HI,AWP,WE,Federal Contract Tower,85,3,0,0,88,0,188,4,0,192,85,191,4,0,280,58,0,58,338
06/13/2016,LIH,HI,AWP,WE,Federal Contract Tower,76,18,1,8,103,0,197,20,9,226,76,215,21,17,329,30,10,40,369
06/14/2016,LIH,HI,AWP,WE,Federal Contract Tower,73,11,2,25,111,0,200,22,1,223,73,211,24,26,334,18,0,18,352
06/15/2016,LIH,HI,AWP,WE,Federal Contract Tower,79,12,9,30,130,0,226,23,3,252,79,238,32,33,382,12,0,12,394
06/16/2016,LIH,HI,AWP,WE,Federal Contract Tower,80,15,10,16,121,0,242,31,2,275,80,257,41,18,396,36,8,44,440
06/17/2016,LIH,HI,AWP,WE,Federal Contract Tower,82,13,10,14,119,0,184,16,2,202,82,197,26,16,321,40,14,54,375
06/18/2016,LIH,HI,AWP,WE,Federal Contract Tower,86,1,5,2,94,0,226,24,0,250,86,227,29,2,344,60,0,60,404
06/19/2016,LIH,HI,AWP,WE,Federal Contract Tower,77,4,1,0,82,0,173,11,0,184,77,177,12,0,266,58,0,58,324
06/20/2016,LIH,HI,AWP,WE,Federal Contract Tower,74,20,5,14,113,0,183,28,0,211,74,203,33,14,324,24,2,26,350
06/21/2016,LIH,HI,AWP,WE,Federal Contract Tower,81,12,3,24,120,0,210,5,3,218,81,222,8,27,338,26,0,26,364
06/22/2016,LIH,HI,AWP,WE,Federal Contract Tower,78,17,2,15,112,0,219,29,0,248,78,236,31,15,360,26,0,26,386
06/23/2016,LIH,HI,AWP,WE,Federal Contract Tower,80,8,12,16,116,0,243,14,3,260,80,251,26,19,376,26,20,46,422
06/24/2016,LIH,HI,AWP,WE,Federal Contract Tower,82,11,6,4,103,0,236,30,0,266,82,247,36,4,369,44,0,44,413
06/25/2016,LIH,HI,AWP,WE,Federal Contract Tower,86,4,9,1,100,0,186,24,3,213,86,190,33,4,313,40,0,40,353
06/26/2016,LIH,HI,AWP,WE,Federal Contract Tower,81,7,3,2,93,0,180,14,0,194,81,187,17,2,287,14,0,14,301
06/27/2016,LIH,HI,AWP,WE,Federal Contract Tower,77,18,3,15,113,0,203,28,3,234,77,221,31,18,347,21,0,21,368
06/28/2016,LIH,HI,AWP,WE,Federal Contract Tower,82,11,1,16,110,0,230,29,4,263,82,241,30,20,373,36,0,36,409
06/29/2016,LIH,HI,AWP,WE,Federal Contract Tower,80,11,4,15,110,0,234,32,3,269,80,245,36,18,379,14,0,14,393
06/30/2016,LIH,HI,AWP,WE,Federal Contract Tower,84,16,8,0,108,0,261,19,0,280,84,277,27,0,388,32,0,32,420
07/01/2016,LIH,HI,AWP,WE,Federal Contract Tower,82,13,4,6,105,0,266,26,1,293,82,279,30,7,398,36,0,36,434
07/02/2016,LIH,HI,AWP,WE,Federal Contract Tower,85,4,2,0,91,0,231,19,0,250,85,235,21,0,341,38,0,38,379
07/03/2016,LIH,HI,AWP,WE,Federal Contract Tower,81,1,0,0,82,0,175,15,2,192,81,176,15,2,274,32,0,32,306
07/04/2016,LIH,HI,AWP,WE,Federal Contract Tower,76,5,0,0,81,0,205,27,0,232,76,210,27,0,313,22,0,22,335
07/05/2016,LIH,HI,AWP,WE,Federal Contract Tower,81,14,7,11,113,0,68,12,1,81,81,82,19,12,194,46,20,66,260
07/06/2016,LIH,HI,AWP,WE,Federal Contract Tower,77,15,7,39,138,0,251,35,1,287,77,266,42,40,425,30,10,40,465
07/07/2016,LIH,HI,AWP,WE,Federal Contract Tower,87,9,4,15,115,0,289,21,3,313,87,298,25,18,428,24,0,24,452
07/08/2016,LIH,HI,AWP,WE,Federal Contract Tower,86,11,3,10,110,0,304,36,6,346,86,315,39,16,456,44,8,52,508
07/09/2016,LIH,HI,AWP,WE,Federal Contract Tower,87,3,4,2,96,0,226,30,0,256,87,229,34,2,352,22,0,22,374
07/10/2016,LIH,HI,AWP,WE,Federal Contract Tower,84,4,0,3,91,0,212,17,0,229,84,216,17,3,320,30,0,30,350
07/11/2016,LIH,HI,AWP,WE,Federal Contract Tower,79,12,3,6,100,0,260,39,0,299,79,272,42,6,399,6,0,6,405
07/12/2016,LIH,HI,AWP,WE,Federal Contract Tower,84,13,6,4,107,0,233,27,3,263,84,246,33,7,370,40,6,46,416
07/13/2016,LIH,HI,AWP,WE,Federal Contract Tower,77,14,5,9,105,0,189,11,2,202,77,203,16,11,307,18,0,18,325
07/14/2016,LIH,HI,AWP,WE,Federal Contract Tower,81,16,5,11,113,0,236,26,0,262,81,252,31,11,375,38,0,38,413
07/15/2016,LIH,HI,AWP,WE,Federal Contract Tower,88,12,4,12,116,0,232,20,2,254,88,244,24,14,370,70,22,92,462
07/16/2016,LIH,HI,AWP,WE,Federal Contract Tower,85,2,3,0,90,0,198,16,1,215,85,200,19,1,305,44,0,44,349
07/17/2016,LIH,HI,AWP,WE,Federal Contract Tower,81,2,1,0,84,0,186,4,0,190,81,188,5,0,274,26,2,28,302
07/18/2016,LIH,HI,AWP,WE,Federal Contract Tower,83,14,1,1,99,0,235,18,0,253,83,249,19,1,352,14,0,14,366
07/19/2016,LIH,HI,AWP,WE,Federal Contract Tower,75,22,0,4,101,0,195,25,2,222,75,217,25,6,323,16,0,16,339
07/20/2016,LIH,HI,AWP,WE,Federal Contract Tower,75,15,2,8,100,0,208,30,3,241,75,223,32,11,341,50,0,50,391
07/21/2016,LIH,HI,AWP,WE,Federal Contract Tower,84,16,0,19,119,0,281,17,0,298,84,297,17,19,417,34,0,34,451
07/22/2016,LIH,HI,AWP,WE,Federal Contract Tower,81,22,2,3,108,0,253,6,0,259,81,275,8,3,367,38,0,38,405
07/23/2016,LIH,HI,AWP,WE,Federal Contract Tower,104,5,4,4,117,0,234,10,0,244,104,239,14,4,361,16,0,16,377
07/24/2016,LIH,HI,AWP,WE,Federal Contract Tower,77,6,3,2,88,0,47,12,0,59,77,53,15,2,147,12,0,12,159
07/25/2016,LIH,HI,AWP,WE,Federal Contract Tower,80,15,3,0,98,0,139,10,2,151,80,154,13,2,249,24,0,24,273
07/26/2016,LIH,HI,AWP,WE,Federal Contract Tower,81,17,2,10,110,0,257,10,3,270,81,274,12,13,380,36,0,36,416
07/27/2016,LIH,HI,AWP,WE,Federal Contract Tower,77,12,4,15,108,0,283,40,1,324,77,295,44,16,432,24,0,24,456
07/28/2016,LIH,HI,AWP,WE,Federal Contract Tower,75,13,5,5,98,0,303,28,3,334,75,316,33,8,432,44,0,44,476
07/29/2016,LIH,HI,AWP,WE,Federal Contract Tower,85,14,3,4,106,0,286,26,1,313,85,300,29,5,419,64,4,68,487
07/30/2016,LIH,HI,AWP,WE,Federal Contract Tower,84,0,1,0,85,0,183,26,0,209,84,183,27,0,294,30,0,30,324
07/31/2016,LIH,HI,AWP,WE,Federal Contract Tower,83,2,1,0,86,0,158,7,0,165,83,160,8,0,251,22,0,22,273
08/01/2016,LIH,HI,AWP,WE,Federal Contract Tower,79,12,7,5,103,0,136,40,6,182,79,148,47,11,285,36,0,36,321
08/02/2016,LIH,HI,AWP,WE,Federal Contract Tower,74,16,4,15,109,0,120,40,2,162,74,136,44,17,271,60,8,68,339
08/03/2016,LIH,HI,AWP,WE,Federal Contract Tower,76,15,6,12,109,0,298,33,0,331,76,313,39,12,440,18,0,18,458
08/04/2016,LIH,HI,AWP,WE,Federal Contract Tower,84,13,2,0,99,0,253,17,2,272,84,266,19,2,371,28,0,28,399
08/05/2016,LIH,HI,AWP,WE,Federal Contract Tower,82,9,3,4,98,0,269,16,0,285,82,278,19,4,383,48,8,56,439
08/06/2016,LIH,HI,AWP,WE,Federal Contract Tower,84,5,3,1,93,0,132,18,0,150,84,137,21,1,243,24,0,24,267
08/07/2016,LIH,HI,AWP,WE,Federal Contract Tower,80,9,6,0,95,0,26,2,0,28,80,35,8,0,123,6,0,6,129
08/08/2016,LIH,HI,AWP,WE,Federal Contract Tower,75,13,4,2,94,0,259,13,1,273,75,272,17,3,367,28,0,28,395
08/09/2016,LIH,HI,AWP,WE,Federal Contract Tower,75,17,7,17,116,0,260,52,1,313,75,277,59,18,429,42,0,42,471
08/10/2016,LIH,HI,AWP,WE,Federal Contract Tower,68,13,6,6,93,0,276,28,3,307,68,289,34,9,400,26,8,34,434
08/11/2016,LIH,HI,AWP,WE,Federal Contract Tower,79,20,1,45,145,0,253,9,0,262,79,273,10,45,407,46,6,52,459
08/12/2016,LIH,HI,AWP,WE,Federal Contract Tower,85,17,3,10,115,0,256,20,0,276,85,273,23,10,391,24,0,24,415
08/13/2016,LIH,HI,AWP,WE,Federal Contract Tower,82,2,7,0,91,0,175,24,2,201,82,177,31,2,292,30,0,30,322
08/14/2016,LIH,HI,AWP,WE,Federal Contract Tower,86,3,6,0,95,0,157,14,0,171,86,160,20,0,266,20,0,20,286
08/15/2016,LIH,HI,AWP,WE,Federal Contract Tower,72,16,6,8,102,0,256,35,3,294,72,272,41,11,396,32,0,32,428
08/16/2016,LIH,HI,AWP,WE,Federal Contract Tower,74,15,4,18,111,0,212,31,1,244,74,227,35,19,355,24,2,26,381
08/17/2016,LIH,HI,AWP,WE,Federal Contract Tower,74,13,6,13,106,0,228,30,3,261,74,241,36,16,367,26,0,26,393
08/18/2016,LIH,HI,AWP,WE,Federal Contract Tower,82,21,3,1,107,0,225,40,3,268,82,246,43,4,375,46,0,46,421
08/19/2016,LIH,HI,AWP,WE,Federal Contract Tower,84,18,4,3,109,0,255,45,1,301,84,273,49,4,410,30,0,30,440
08/20/2016,LIH,HI,AWP,WE,Federal Contract Tower,82,3,3,0,88,0,200,15,0,215,82,203,18,0,303,38,0,38,341
08/21/2016,LIH,HI,AWP,WE,Federal Contract Tower,83,3,7,0,93,0,165,8,0,173,83,168,15,0,266,18,0,18,284
08/22/2016,LIH,HI,AWP,WE,Federal Contract Tower,75,18,4,9,106,0,116,29,1,146,75,134,33,10,252,12,1,13,265
08/23/2016,LIH,HI,AWP,WE,Federal Contract Tower,72,15,6,10,103,0,213,31,0,244,72,228,37,10,347,30,0,30,377
08/24/2016,LIH,HI,AWP,WE,Federal Contract Tower,69,17,4,20,110,0,220,24,1,245,69,237,28,21,355,14,4,18,373
08/25/2016,LIH,HI,AWP,WE,Federal Contract Tower,76,11,2,7,96,0,274,19,10,303,76,285,21,17,399,44,0,44,443
08/26/2016,LIH,HI,AWP,WE,Federal Contract Tower,80,11,5,4,100,0,250,12,3,265,80,261,17,7,365,50,0,50,415
08/27/2016,LIH,HI,AWP,WE,Federal Contract Tower,83,6,4,0,93,0,175,34,0,209,83,181,38,0,302,78,0,78,380
08/28/2016,LIH,HI,AWP,WE,Federal Contract Tower,79,0,0,9,88,0,129,12,0,141,79,129,12,9,229,52,0,52,281
08/29/2016,LIH,HI,AWP,WE,Federal Contract Tower,67,15,4,6,92,0,171,44,5,220,67,186,48,11,312,32,0,32,344
08/30/2016,LIH,HI,AWP,WE,Federal Contract Tower,71,10,4,16,101,0,189,24,1,214,71,199,28,17,315,60,0,60,375
08/31/2016,LIH,HI,AWP,WE,Federal Contract Tower,70,16,7,15,108,0,173,20,0,193,70,189,27,15,301,42,0,42,343
09/01/2016,LIH,HI,AWP,WE,Federal Contract Tower,73,12,5,27,117,0,52,10,0,62,73,64,15,27,179,30,0,30,209
09/02/2016,LIH,HI,AWP,WE,Federal Contract Tower,82,13,5,15,115,0,212,17,0,229,82,225,22,15,344,34,0,34,378
09/03/2016,LIH,HI,AWP,WE,Federal Contract Tower,79,3,4,3,89,0,88,11,0,99,79,91,15,3,188,44,0,44,232
09/04/2016,LIH,HI,AWP,WE,Federal Contract Tower,79,4,0,2,85,0,154,6,0,160,79,158,6,2,245,20,0,20,265
09/05/2016,LIH,HI,AWP,WE,Federal Contract Tower,69,9,2,0,80,0,197,21,0,218,69,206,23,0,298,24,0,24,322
09/06/2016,LIH,HI,AWP,WE,Federal Contract Tower,64,14,5,3,86,0,209,11,12,232,64,223,16,15,318,36,2,38,356
09/07/2016,LIH,HI,AWP,WE,Federal Contract Tower,56,16,8,28,108,0,209,13,3,225,56,225,21,31,333,18,14,32,365
09/08/2016,LIH,HI,AWP,WE,Federal Contract Tower,62,11,0,5,78,0,257,9,4,270,62,268,9,9,348,52,0,52,400
09/09/2016,LIH,HI,AWP,WE,Federal Contract Tower,68,12,3,7,90,0,238,22,8,268,68,250,25,15,358,48,32,80,438
09/10/2016,LIH,HI,AWP,WE,Federal Contract Tower,69,8,2,17,96,0,174,15,0,189,69,182,17,17,285,18,0,18,303
09/11/2016,LIH,HI,AWP,WE,Federal Contract Tower,60,6,0,4,70,0,155,15,0,170,60,161,15,4,240,58,0,58,298
09/12/2016,LIH,HI,AWP,WE,Federal Contract Tower,58,19,5,16,98,0,197,24,1,222,58,216,29,17,320,20,0,20,340
09/13/2016,LIH,HI,AWP,WE,Federal Contract Tower,61,12,2,7,82,0,228,31,2,261,61,240,33,9,343,22,0,22,365
09/14/2016,LIH,HI,AWP,WE,Federal Contract Tower,55,18,11,18,102,0,191,12,4,207,55,209,23,22,309,52,34,86,395
09/15/2016,LIH,HI,AWP,WE,Federal Contract Tower,61,13,14,11,99,0,241,16,1,258,61,254,30,12,357,58,16,74,431
09/16/2016,LIH,HI,AWP,WE,Federal Contract Tower,69,13,9,4,95,0,246,12,0,258,69,259,21,4,353,46,0,46,399
09/17/2016,LIH,HI,AWP,WE,Federal Contract Tower,70,5,10,0,85,0,132,14,0,146,70,137,24,0,231,26,0,26,257
09/18/2016,LIH,HI,AWP,WE,Federal Contract Tower,63,2,2,0,67,0,191,12,0,203,63,193,14,0,270,22,0,22,292
09/19/2016,LIH,HI,AWP,WE,Federal Contract Tower,59,13,5,5,82,1,247,22,0,270,60,260,27,5,352,34,0,34,386
09/20/2016,LIH,HI,AWP,WE,Federal Contract Tower,62,11,1,5,79,0,234,29,4,267,62,245,30,9,346,22,0,22,368
09/21/2016,LIH,HI,AWP,WE,Federal Contract Tower,60,14,5,3,82,0,274,19,0,293,60,288,24,3,375,36,0,36,411
09/22/2016,LIH,HI,AWP,WE,Federal Contract Tower,64,10,5,2,81,0,294,8,0,302,64,304,13,2,383,44,0,44,427
09/23/2016,LIH,HI,AWP,WE,Federal Contract Tower,65,8,10,8,91,0,270,18,0,288,65,278,28,8,379,42,0,42,421
09/24/2016,LIH,HI,AWP,WE,Federal Contract Tower,71,4,6,4,85,0,201,12,0,213,71,205,18,4,298,66,0,66,364
09/25/2016,LIH,HI,AWP,WE,Federal Contract Tower,64,4,0,0,68,0,200,6,0,206,64,204,6,0,274,108,0,108,382
09/26/2016,LIH,HI,AWP,WE,Federal Contract Tower,59,19,4,12,94,0,212,31,4,247,59,231,35,16,341,32,0,32,373
09/27/2016,LIH,HI,AWP,WE,Federal Contract Tower,63,13,2,2,80,0,231,28,6,265,63,244,30,8,345,22,0,22,367
09/28/2016,LIH,HI,AWP,WE,Federal Contract Tower,56,15,3,9,83,0,194,38,1,233,56,209,41,10,316,16,0,16,332
09/29/2016,LIH,HI,AWP,WE,Federal Contract Tower,59,12,3,6,80,0,232,18,4,254,59,244,21,10,334,50,0,50,384
09/30/2016,LIH,HI,AWP,WE,Federal Contract Tower,67,14,7,0,88,0,206,27,2,235,67,220,34,2,323,34,4,38,361
10/01/2016,LIH,HI,AWP,WE,Federal Contract Tower,65,5,2,1,73,0,118,11,0,129,65,123,13,1,202,26,0,26,228
10/02/2016,LIH,HI,AWP,WE,Federal Contract Tower,67,2,2,5,76,0,174,2,2,178,67,176,4,7,254,38,0,38,292
10/03/2016,LIH,HI,AWP,WE,Federal Contract Tower,56,16,5,0,77,0,116,27,0,143,56,132,32,0,220,21,0,21,241
10/04/2016,LIH,HI,AWP,WE,Federal Contract Tower,54,22,3,14,93,0,204,39,0,243,54,226,42,14,336,36,0,36,372
10/05/2016,LIH,HI,AWP,WE,Federal Contract Tower,60,18,0,12,90,0,207,30,0,237,60,225,30,12,327,30,26,56,383
10/06/2016,LIH,HI,AWP,WE,Federal Contract Tower,63,21,4,3,91,0,270,25,4,299,63,291,29,7,390,46,2,48,438
10/07/2016,LIH,HI,AWP,WE,Federal Contract Tower,73,11,3,7,94,0,240,19,2,261,73,251,22,9,355,17,7,24,379
10/08/2016,LIH,HI,AWP,WE,Federal Contract Tower,72,6,3,0,81,0,168,20,0,188,72,174,23,0,269,32,0,32,301
10/09/2016,LIH,HI,AWP,WE,Federal Contract Tower,68,3,2,0,73,0,188,16,0,204,68,191,18,0,277,52,0,52,329
10/10/2016,LIH,HI,AWP,WE,Federal Contract Tower,59,11,3,0,73,0,204,24,0,228,59,215,27,0,301,34,0,34,335
10/11/2016,LIH,HI,AWP,WE,Federal Contract Tower,59,18,6,14,97,0,236,20,0,256,59,254,26,14,353,40,8,48,401
10/12/2016,LIH,HI,AWP,WE,Federal Contract Tower,63,15,5,2,85,0,238,26,0,264,63,253,31,2,349,28,6,34,383
10/13/2016,LIH,HI,AWP,WE,Federal Contract Tower,65,14,6,0,85,0,256,18,1,275,65,270,24,1,360,40,0,40,400
10/14/2016,LIH,HI,AWP,WE,Federal Contract Tower,70,13,11,13,107,0,235,17,0,252,70,248,28,13,359,52,20,72,431
10/15/2016,LIH,HI,AWP,WE,Federal Contract Tower,71,4,1,0,76,0,168,13,2,183,71,172,14,2,259,18,0,18,277
10/16/2016,LIH,HI,AWP,WE,Federal Contract Tower,69,6,2,2,79,0,161,12,0,173,69,167,14,2,252,24,0,24,276
10/17/2016,LIH,HI,AWP,WE,Federal Contract Tower,60,16,6,6,88,0,243,31,2,276,60,259,37,8,364,20,4,24,388
10/18/2016,LIH,HI,AWP,WE,Federal Contract Tower,64,15,8,15,102,0,212,18,0,230,64,227,26,15,332,40,0,40,372
10/19/2016,LIH,HI,AWP,WE,Federal Contract Tower,59,17,4,7,87,0,191,17,1,209,59,208,21,8,296,40,22,62,358
10/20/2016,LIH,HI,AWP,WE,Federal Contract Tower,61,16,3,4,84,0,272,12,0,284,61,288,15,4,368,42,4,46,414
10/22/2016,LIH,HI,AWP,WE,Federal Contract Tower,67,6,1,0,74,0,202,28,0,230,67,208,29,0,304,36,0,36,340
10/23/2016,LIH,HI,AWP,WE,Federal Contract Tower,70,5,2,0,77,0,205,12,0,217,70,210,14,0,294,30,0,30,324
10/24/2016,LIH,HI,AWP,WE,Federal Contract Tower,64,12,1,8,85,0,200,33,0,233,64,212,34,8,318,14,0,14,332
10/25/2016,LIH,HI,AWP,WE,Federal Contract Tower,62,11,3,5,81,0,205,43,10,258,62,216,46,15,339,40,2,42,381
10/26/2016,LIH,HI,AWP,WE,Federal Contract Tower,62,14,14,6,96,0,206,7,3,216,62,220,21,9,312,97,0,97,409
10/27/2016,LIH,HI,AWP,WE,Federal Contract Tower,61,15,4,6,86,0,238,4,0,242,61,253,8,6,328,66,0,66,394
10/28/2016,LIH,HI,AWP,WE,Federal Contract Tower,70,14,1,0,85,0,202,3,2,207,70,216,4,2,292,26,0,26,318
10/29/2016,LIH,HI,AWP,WE,Federal Contract Tower,74,5,2,0,81,0,104,6,0,110,74,109,8,0,191,26,6,32,223
10/30/2016,LIH,HI,AWP,WE,Federal Contract Tower,67,9,6,0,82,0,143,2,0,145,67,152,8,0,227,32,0,32,259
10/31/2016,LIH,HI,AWP,WE,Federal Contract Tower,60,13,4,2,79,0,139,14,0,153,60,152,18,2,232,14,0,14,246
11/01/2016,LIH,HI,AWP,WE,Federal Contract Tower,61,19,14,1,95,0,194,41,1,236,61,213,55,2,331,28,0,28,359
11/02/2016,LIH,HI,AWP,WE,Federal Contract Tower,58,14,5,7,84,0,207,14,1,222,58,221,19,8,306,42,4,46,352
11/03/2016,LIH,HI,AWP,WE,Federal Contract Tower,64,9,14,7,94,0,213,21,0,234,64,222,35,7,328,26,0,26,354
11/04/2016,LIH,HI,AWP,WE,Federal Contract Tower,67,13,6,5,91,0,209,28,1,238,67,222,34,6,329,28,0,28,357
11/05/2016,LIH,HI,AWP,WE,Federal Contract Tower,66,5,2,3,76,0,188,23,0,211,66,193,25,3,287,184,0,184,471
11/06/2016,LIH,HI,AWP,WE,Federal Contract Tower,65,2,2,2,71,0,211,16,0,227,65,213,18,2,298,184,0,184,482
11/07/2016,LIH,HI,AWP,WE,Federal Contract Tower,67,11,13,18,109,0,47,15,0,62,67,58,28,18,171,110,0,110,281
11/08/2016,LIH,HI,AWP,WE,Federal Contract Tower,62,16,3,9,90,0,279,25,3,307,62,295,28,12,397,108,0,108,505
11/09/2016,LIH,HI,AWP,WE,Federal Contract Tower,56,22,5,3,86,0,235,13,16,264,56,257,18,19,350,118,4,122,472
11/10/2016,LIH,HI,AWP,WE,Federal Contract Tower,69,13,8,0,90,0,255,19,3,277,69,268,27,3,367,122,8,130,497
11/11/2016,LIH,HI,AWP,WE,Federal Contract Tower,72,11,3,0,86,0,278,11,0,289,72,289,14,0,375,54,0,54,429
11/12/2016,LIH,HI,AWP,WE,Federal Contract Tower,66,3,2,0,71,0,198,29,1,228,66,201,31,1,299,16,0,16,315
11/13/2016,LIH,HI,AWP,WE,Federal Contract Tower,66,5,4,0,75,0,159,4,0,163,66,164,8,0,238,58,0,58,296
11/14/2016,LIH,HI,AWP,WE,Federal Contract Tower,67,10,5,10,92,0,189,11,0,200,67,199,16,10,292,30,0,30,322
11/15/2016,LIH,HI,AWP,WE,Federal Contract Tower,65,22,6,22,115,0,205,27,4,236,65,227,33,26,351,36,0,36,387
11/16/2016,LIH,HI,AWP,WE,Federal Contract Tower,64,19,4,0,87,2,120,33,0,155,66,139,37,0,242,18,0,18,260
11/17/2016,LIH,HI,AWP,WE,Federal Contract Tower,69,13,1,2,85,0,242,30,4,276,69,255,31,6,361,48,8,56,417
11/18/2016,LIH,HI,AWP,WE,Federal Contract Tower,73,17,7,2,99,0,209,20,2,231,73,226,27,4,330,30,0,30,360
11/19/2016,LIH,HI,AWP,WE,Federal Contract Tower,69,2,11,2,84,2,6,3,0,11,71,8,14,2,95,44,0,44,139
11/20/2016,LIH,HI,AWP,WE,Federal Contract Tower,66,2,7,0,75,0,175,14,0,189,66,177,21,0,264,24,0,24,288
11/21/2016,LIH,HI,AWP,WE,Federal Contract Tower,64,17,10,8,99,0,127,17,0,144,64,144,27,8,243,22,0,22,265
11/22/2016,LIH,HI,AWP,WE,Federal Contract Tower,69,15,4,21,109,0,209,24,2,235,69,224,28,23,344,28,4,32,376
11/23/2016,LIH,HI,AWP,WE,Federal Contract Tower,65,16,5,5,91,0,3,6,1,10,65,19,11,6,101,14,0,14,115
11/24/2016,LIH,HI,AWP,WE,Federal Contract Tower,67,1,1,0,69,0,135,4,0,139,67,136,5,0,208,40,0,40,248
11/25/2016,LIH,HI,AWP,WE,Federal Contract Tower,71,18,2,0,91,0,254,1,0,255,71,272,3,0,346,28,0,28,374
11/26/2016,LIH,HI,AWP,WE,Federal Contract Tower,70,3,7,0,80,0,194,8,1,203,70,197,15,1,283,18,0,18,301
11/27/2016,LIH,HI,AWP,WE,Federal Contract Tower,69,7,2,1,79,0,135,14,0,149,69,142,16,1,228,16,0,16,244
11/28/2016,LIH,HI,AWP,WE,Federal Contract Tower,70,15,4,9,98,0,174,9,3,186,70,189,13,12,284,22,0,22,306
11/29/2016,LIH,HI,AWP,WE,Federal Contract Tower,64,21,8,7,100,0,185,18,1,204,64,206,26,8,304,54,0,54,358
11/30/2016,LIH,HI,AWP,WE,Federal Contract Tower,69,14,9,17,109,0,158,24,8,190,69,172,33,25,299,28,12,40,339
12/01/2016,LIH,HI,AWP,WE,Federal Contract Tower,68,16,2,8,94,0,151,12,0,163,68,167,14,8,257,34,0,34,291
12/02/2016,LIH,HI,AWP,WE,Federal Contract Tower,74,11,1,15,101,0,122,8,1,131,74,133,9,16,232,38,8,46,278
12/03/2016,LIH,HI,AWP,WE,Federal Contract Tower,67,9,9,6,91,0,136,10,0,146,67,145,19,6,237,26,0,26,263
12/04/2016,LIH,HI,AWP,WE,Federal Contract Tower,67,4,0,2,73,0,86,8,0,94,67,90,8,2,167,16,0,16,183
12/05/2016,LIH,HI,AWP,WE,Federal Contract Tower,61,25,10,11,107,0,146,12,0,158,61,171,22,11,265,20,6,26,291
12/06/2016,LIH,HI,AWP,WE,Federal Contract Tower,65,13,5,8,91,0,228,29,2,259,65,241,34,10,350,60,0,60,410
12/07/2016,LIH,HI,AWP,WE,Federal Contract Tower,68,12,4,13,97,0,179,26,5,210,68,191,30,18,307,30,0,30,337
12/08/2016,LIH,HI,AWP,WE,Federal Contract Tower,66,16,1,0,83,0,168,8,0,176,66,184,9,0,259,26,0,26,285
12/09/2016,LIH,HI,AWP,WE,Federal Contract Tower,71,16,6,4,97,0,151,3,0,154,71,167,9,4,251,38,0,38,289
12/10/2016,LIH,HI,AWP,WE,Federal Contract Tower,70,6,0,8,84,0,128,12,3,143,70,134,12,11,227,22,0,22,249
12/11/2016,LIH,HI,AWP,WE,Federal Contract Tower,67,4,3,0,74,0,95,5,3,103,67,99,8,3,177,12,0,12,189
12/12/2016,LIH,HI,AWP,WE,Federal Contract Tower,64,12,1,9,86,0,189,10,4,203,64,201,11,13,289,38,0,38,327
12/13/2016,LIH,HI,AWP,WE,Federal Contract Tower,69,13,2,9,93,0,214,24,9,247,69,227,26,18,340,66,0,66,406
12/14/2016,LIH,HI,AWP,WE,Federal Contract Tower,68,10,3,4,85,0,170,10,6,186,68,180,13,10,271,26,0,26,297
12/15/2016,LIH,HI,AWP,WE,Federal Contract Tower,80,14,4,19,117,0,167,9,4,180,80,181,13,23,297,38,0,38,335
12/16/2016,LIH,HI,AWP,WE,Federal Contract Tower,82,13,11,5,111,0,142,6,1,149,82,155,17,6,260,46,0,46,306
12/17/2016,LIH,HI,AWP,WE,Federal Contract Tower,76,8,8,0,92,0,124,8,0,132,76,132,16,0,224,26,0,26,250
12/18/2016,LIH,HI,AWP,WE,Federal Contract Tower,77,5,4,0,86,0,108,12,0,120,77,113,16,0,206,24,0,24,230
12/19/2016,LIH,HI,AWP,WE,Federal Contract Tower,78,14,5,8,105,0,146,19,0,165,78,160,24,8,270,14,0,14,284
12/20/2016,LIH,HI,AWP,WE,Federal Contract Tower,78,8,3,10,99,0,254,16,4,274,78,262,19,14,373,36,0,36,409
12/21/2016,LIH,HI,AWP,WE,Federal Contract Tower,70,13,7,10,100,0,229,15,2,246,70,242,22,12,346,60,6,66,412
12/22/2016,LIH,HI,AWP,WE,Federal Contract Tower,85,14,7,6,112,0,282,11,5,298,85,296,18,11,410,65,0,65,475
12/23/2016,LIH,HI,AWP,WE,Federal Contract Tower,82,16,8,0,106,0,289,18,0,307,82,305,26,0,413,34,0,34,447
12/24/2016,LIH,HI,AWP,WE,Federal Contract Tower,75,10,1,0,86,0,260,7,0,267,75,270,8,0,353,28,0,28,381
12/25/2016,LIH,HI,AWP,WE,Federal Contract Tower,72,4,1,0,77,0,106,0,0,106,72,110,1,0,183,20,0,20,203
12/26/2016,LIH,HI,AWP,WE,Federal Contract Tower,77,9,5,5,96,0,125,24,0,149,77,134,29,5,245,14,0,14,259
12/27/2016,LIH,HI,AWP,WE,Federal Contract Tower,76,14,13,14,117,0,265,11,2,278,76,279,24,16,395,26,42,68,463
12/28/2016,LIH,HI,AWP,WE,Federal Contract Tower,72,19,4,12,107,0,258,12,0,270,72,277,16,12,377,24,2,26,403
12/29/2016,LIH,HI,AWP,WE,Federal Contract Tower,80,15,13,20,128,0,291,8,5,304,80,306,21,25,432,32,42,74,506
12/30/2016,LIH,HI,AWP,WE,Federal Contract Tower,82,13,5,3,103,0,302,11,0,313,82,315,16,3,416,32,12,44,460
12/31/2016,LIH,HI,AWP,WE,Federal Contract Tower,72,9,13,0,94,0,281,6,0,287,72,290,19,0,381,26,0,26,407
01/01/2017,LIH,HI,AWP,WE,Federal Contract Tower,74,8,9,0,91,0,253,4,0,257,74,261,13,0,348,24,0,24,372
01/02/2017,LIH,HI,AWP,WE,Federal Contract Tower,74,11,9,0,94,0,250,31,0,281,74,261,40,0,375,14,0,14,389
01/03/2017,LIH,HI,AWP,WE,Federal Contract Tower,76,10,8,22,116,0,253,16,0,269,76,263,24,22,385,28,2,30,415
01/04/2017,LIH,HI,AWP,WE,Federal Contract Tower,68,19,5,17,109,0,227,14,1,242,68,246,19,18,351,22,8,30,381
01/05/2017,LIH,HI,AWP,WE,Federal Contract Tower,73,13,5,11,102,0,246,17,5,268,73,259,22,16,370,58,0,58,428
01/06/2017,LIH,HI,AWP,WE,Federal Contract Tower,76,11,5,0,92,0,277,7,0,284,76,288,12,0,376,36,0,36,412
01/07/2017,LIH,HI,AWP,WE,Federal Contract Tower,80,7,2,5,94,0,213,5,0,218,80,220,7,5,312,26,0,26,338
01/08/2017,LIH,HI,AWP,WE,Federal Contract Tower,70,4,0,4,78,0,135,13,0,148,70,139,13,4,226,40,0,40,266
01/09/2017,LIH,HI,AWP,WE,Federal Contract Tower,68,15,2,8,93,0,180,25,1,206,68,195,27,9,299,28,10,38,337
01/10/2017,LIH,HI,AWP,WE,Federal Contract Tower,68,7,4,16,95,0,184,21,8,213,68,191,25,24,308,34,20,54,362
01/11/2017,LIH,HI,AWP,WE,Federal Contract Tower,65,13,4,4,86,0,175,18,0,193,65,188,22,4,279,30,0,30,309
01/12/2017,LIH,HI,AWP,WE,Federal Contract Tower,70,13,1,12,96,0,197,21,2,220,70,210,22,14,316,22,2,24,340
01/13/2017,LIH,HI,AWP,WE,Federal Contract Tower,71,17,4,8,100,0,210,12,1,223,71,227,16,9,323,28,0,28,351
01/14/2017,LIH,HI,AWP,WE,Federal Contract Tower,70,4,4,0,78,0,170,20,2,192,70,174,24,2,270,30,0,30,300
01/15/2017,LIH,HI,AWP,WE,Federal Contract Tower,69,3,2,8,82,0,133,11,0,144,69,136,13,8,226,34,0,34,260
01/16/2017,LIH,HI,AWP,WE,Federal Contract Tower,64,10,1,0,75,0,240,14,0,254,64,250,15,0,329,24,0,24,353
01/17/2017,LIH,HI,AWP,WE,Federal Contract Tower,70,11,5,12,98,0,236,11,3,250,70,247,16,15,348,46,4,50,398
01/18/2017,LIH,HI,AWP,WE,Federal Contract Tower,65,12,11,7,95,0,197,21,2,220,65,209,32,9,315,16,2,18,333
01/19/2017,LIH,HI,AWP,WE,Federal Contract Tower,69,11,4,9,93,0,239,21,0,260,69,250,25,9,353,34,0,34,387
01/20/2017,LIH,HI,AWP,WE,Federal Contract Tower,72,15,12,7,106,0,227,7,0,234,72,242,19,7,340,34,8,42,382
01/21/2017,LIH,HI,AWP,WE,Federal Contract Tower,74,2,10,1,87,0,1,0,0,1,74,3,10,1,88,0,0,0,88
01/22/2017,LIH,HI,AWP,WE,Federal Contract Tower,68,3,3,5,79,0,57,5,18,80,68,60,8,23,159,28,6,34,193
01/23/2017,LIH,HI,AWP,WE,Federal Contract Tower,67,19,4,6,96,0,211,20,3,234,67,230,24,9,330,26,0,26,356
01/24/2017,LIH,HI,AWP,WE,Federal Contract Tower,65,9,4,13,91,0,146,26,1,173,65,155,30,14,264,26,0,26,290
01/25/2017,LIH,HI,AWP,WE,Federal Contract Tower,69,14,5,23,111,0,249,16,5,270,69,263,21,28,381,30,2,32,413
01/26/2017,LIH,HI,AWP,WE,Federal Contract Tower,70,13,1,10,94,0,279,9,12,300,70,292,10,22,394,38,0,38,432
01/27/2017,LIH,HI,AWP,WE,Federal Contract Tower,73,13,2,2,90,0,232,5,0,237,73,245,7,2,327,42,0,42,369
01/28/2017,LIH,HI,AWP,WE,Federal Contract Tower,70,2,1,0,73,0,139,13,0,152,70,141,14,0,225,24,0,24,249
01/29/2017,LIH,HI,AWP,WE,Federal Contract Tower,67,2,2,0,71,0,115,6,0,121,67,117,8,0,192,22,0,22,214
01/30/2017,LIH,HI,AWP,WE,Federal Contract Tower,66,17,3,18,104,0,228,8,1,237,66,245,11,19,341,32,0,32,373
01/31/2017,LIH,HI,AWP,WE,Federal Contract Tower,64,16,3,15,98,0,175,11,12,198,64,191,14,27,296,18,0,18,314
02/01/2017,LIH,HI,AWP,WE,Federal Contract Tower,67,14,4,2,87,0,197,16,11,224,67,211,20,13,311,24,0,24,335
02/02/2017,LIH,HI,AWP,WE,Federal Contract Tower,72,15,8,8,103,0,220,12,6,238,72,235,20,14,341,38,0,38,379
02/03/2017,LIH,HI,AWP,WE,Federal Contract Tower,73,9,3,4,89,0,248,5,12,265,73,257,8,16,354,40,0,40,394
02/04/2017,LIH,HI,AWP,WE,Federal Contract Tower,71,2,4,2,79,0,180,8,5,193,71,182,12,7,272,28,0,28,300
02/05/2017,LIH,HI,AWP,WE,Federal Contract Tower,66,4,1,0,71,0,28,4,0,32,66,32,5,0,103,34,0,34,137
02/06/2017,LIH,HI,AWP,WE,Federal Contract Tower,64,13,4,8,89,0,146,14,1,161,64,159,18,9,250,12,0,12,262
02/07/2017,LIH,HI,AWP,WE,Federal Contract Tower,65,9,4,21,99,0,0,0,0,0,65,9,4,21,99,82,0,82,181
02/08/2017,LIH,HI,AWP,WE,Federal Contract Tower,70,21,2,20,113,0,218,14,10,242,70,239,16,30,355,30,0,30,385
02/09/2017,LIH,HI,AWP,WE,Federal Contract Tower,73,12,5,3,93,0,270,13,11,294,73,282,18,14,387,100,0,100,487
02/10/2017,LIH,HI,AWP,WE,Federal Contract Tower,75,8,2,2,87,0,192,8,2,202,75,200,10,4,289,54,0,54,343
02/11/2017,LIH,HI,AWP,WE,Federal Contract Tower,60,6,8,1,75,0,93,6,8,107,60,99,14,9,182,32,0,32,214
02/12/2017,LIH,HI,AWP,WE,Federal Contract Tower,70,5,0,2,77,0,215,6,1,222,70,220,6,3,299,37,0,37,336
02/13/2017,LIH,HI,AWP,WE,Federal Contract Tower,67,16,4,4,91,0,218,7,1,226,67,234,11,5,317,76,0,76,393
02/14/2017,LIH,HI,AWP,WE,Federal Contract Tower,65,6,2,6,79,0,191,8,2,201,65,197,10,8,280,30,0,30,310
02/15/2017,LIH,HI,AWP,WE,Federal Contract Tower,72,11,2,19,104,0,7,0,3,10,72,18,2,22,114,0,0,0,114
02/16/2017,LIH,HI,AWP,WE,Federal Contract Tower,61,11,2,9,83,0,304,9,3,316,61,315,11,12,399,62,4,66,465
02/17/2017,LIH,HI,AWP,WE,Federal Contract Tower,79,12,4,0,95,0,264,14,0,278,79,276,18,0,373,36,0,36,409
02/18/2017,LIH,HI,AWP,WE,Federal Contract Tower,76,4,2,0,82,2,168,13,3,186,78,172,15,3,268,41,0,41,309
02/19/2017,LIH,HI,AWP,WE,Federal Contract Tower,72,4,2,0,78,0,152,2,0,154,72,156,4,0,232,54,0,54,286
02/20/2017,LIH,HI,AWP,WE,Federal Contract Tower,73,7,2,2,84,0,242,20,0,262,73,249,22,2,346,44,0,44,390
02/21/2017,LIH,HI,AWP,WE,Federal Contract Tower,70,12,5,3,90,0,261,35,3,299,70,273,40,6,389,26,0,26,415
02/22/2017,LIH,HI,AWP,WE,Federal Contract Tower,75,12,1,2,90,0,236,19,1,256,75,248,20,3,346,28,0,28,374
02/23/2017,LIH,HI,AWP,WE,Federal Contract Tower,77,7,5,5,94,0,269,12,0,281,77,276,17,5,375,56,0,56,431
02/24/2017,LIH,HI,AWP,WE,Federal Contract Tower,81,17,3,9,110,0,246,4,3,253,81,263,7,12,363,40,8,48,411
02/25/2017,LIH,HI,AWP,WE,Federal Contract Tower,78,5,6,0,89,0,208,18,0,226,78,213,24,0,315,88,0,88,403
02/26/2017,LIH,HI,AWP,WE,Federal Contract Tower,73,2,2,0,77,0,155,4,0,159,73,157,6,0,236,22,0,22,258
02/27/2017,LIH,HI,AWP,WE,Federal Contract Tower,69,10,3,0,82,0,196,18,4,218,69,206,21,4,300,34,0,34,334
02/28/2017,LIH,HI,AWP,WE,Federal Contract Tower,74,11,8,0,93,0,70,4,0,74,74,81,12,0,167,24,0,24,191
03/01/2017,LIH,HI,AWP,WE,Federal Contract Tower,73,14,1,23,111,1,118,12,0,131,74,132,13,23,242,26,6,32,274
03/02/2017,LIH,HI,AWP,WE,Federal Contract Tower,70,11,2,8,91,0,303,7,2,312,70,314,9,10,403,40,0,40,443
03/03/2017,LIH,HI,AWP,WE,Federal Contract Tower,78,12,6,1,97,0,269,17,5,291,78,281,23,6,388,40,0,40,428
03/04/2017,LIH,HI,AWP,WE,Federal Contract Tower,75,3,7,0,85,0,25,0,0,25,75,28,7,0,110,10,0,10,120
03/05/2017,LIH,HI,AWP,WE,Federal Contract Tower,70,3,0,8,81,0,219,21,0,240,70,222,21,8,321,32,0,32,353
03/06/2017,LIH,HI,AWP,WE,Federal Contract Tower,66,16,5,8,95,0,218,8,0,226,66,234,13,8,321,48,0,48,369
03/07/2017,LIH,HI,AWP,WE,Federal Contract Tower,70,12,4,10,96,0,227,10,1,238,70,239,14,11,334,42,0,42,376
03/08/2017,LIH,HI,AWP,WE,Federal Contract Tower,73,7,3,3,86,0,204,9,1,214,73,211,12,4,300,44,2,46,346
03/09/2017,LIH,HI,AWP,WE,Federal Contract Tower,71,14,6,0,91,0,186,4,0,190,71,200,10,0,281,40,0,40,321
03/10/2017,LIH,HI,AWP,WE,Federal Contract Tower,77,11,5,0,93,0,206,4,1,211,77,217,9,1,304,44,0,44,348
03/11/2017,LIH,HI,AWP,WE,Federal Contract Tower,78,3,1,0,82,0,172,6,0,178,78,175,7,0,260,32,0,32,292
03/13/2017,LIH,HI,AWP,WE,Federal Contract Tower,70,14,5,9,98,0,266,7,3,276,70,280,12,12,374,40,4,44,418
03/14/2017,LIH,HI,AWP,WE,Federal Contract Tower,72,11,4,0,87,0,229,7,2,238,72,240,11,2,325,57,0,57,382
03/15/2017,LIH,HI,AWP,WE,Federal Contract Tower,77,15,4,4,100,0,220,6,2,228,77,235,10,6,328,68,0,68,396
03/16/2017,LIH,HI,AWP,WE,Federal Contract Tower,75,11,5,4,95,0,213,3,0,216,75,224,8,4,311,40,0,40,351
03/17/2017,LIH,HI,AWP,WE,Federal Contract Tower,88,10,7,0,105,0,246,10,0,256,88,256,17,0,361,52,0,52,413
03/18/2017,LIH,HI,AWP,WE,Federal Contract Tower,87,1,1,4,93,0,222,6,0,228,87,223,7,4,321,78,0,78,399
03/19/2017,LIH,HI,AWP,WE,Federal Contract Tower,73,12,1,0,86,0,198,17,0,215,73,210,18,0,301,74,0,74,375
03/20/2017,LIH,HI,AWP,WE,Federal Contract Tower,73,15,2,10,100,0,236,41,5,282,73,251,43,15,382,40,8,48,430
03/21/2017,LIH,HI,AWP,WE,Federal Contract Tower,71,10,3,14,98,0,233,34,3,270,71,243,37,17,368,36,0,36,404
03/22/2017,LIH,HI,AWP,WE,Federal Contract Tower,106,14,3,8,131,0,187,24,0,211,106,201,27,8,342,42,0,42,384
03/23/2017,LIH,HI,AWP,WE,Federal Contract Tower,79,15,1,2,97,0,242,20,5,267,79,257,21,7,364,44,0,44,408
03/24/2017,LIH,HI,AWP,WE,Federal Contract Tower,78,14,12,1,105,0,243,8,3,254,78,257,20,4,359,44,0,44,403
03/26/2017,LIH,HI,AWP,WE,Federal Contract Tower,75,3,1,1,80,0,202,15,0,217,75,205,16,1,297,48,0,48,345
03/27/2017,LIH,HI,AWP,WE,Federal Contract Tower,75,15,3,7,100,0,215,22,0,237,75,230,25,7,337,50,0,50,387
03/28/2017,LIH,HI,AWP,WE,Federal Contract Tower,71,9,4,0,84,0,213,17,4,234,71,222,21,4,318,24,0,24,342
03/29/2017,LIH,HI,AWP,WE,Federal Contract Tower,75,10,4,10,99,0,208,20,0,228,75,218,24,10,327,52,0,52,379
03/30/2017,LIH,HI,AWP,WE,Federal Contract Tower,76,17,4,4,101,0,196,12,0,208,76,213,16,4,309,50,0,50,359
03/31/2017,LIH,HI,AWP,WE,Federal Contract Tower,83,11,7,0,101,0,207,18,0,225,83,218,25,0,326,58,0,58,384
04/01/2017,LIH,HI,AWP,WE,Federal Contract Tower,82,5,5,6,98,0,154,18,1,173,82,159,23,7,271,77,0,77,348
04/02/2017,LIH,HI,AWP,WE,Federal Contract Tower,80,3,4,4,91,0,168,5,0,173,80,171,9,4,264,18,0,18,282
04/03/2017,LIH,HI,AWP,WE,Federal Contract Tower,74,10,0,3,87,0,220,17,3,240,74,230,17,6,327,38,0,38,365
04/04/2017,LIH,HI,AWP,WE,Federal Contract Tower,74,13,9,10,106,0,191,29,0,220,74,204,38,10,326,27,0,27,353
04/05/2017,LIH,HI,AWP,WE,Federal Contract Tower,73,14,3,0,90,0,198,19,0,217,73,212,22,0,307,26,0,26,333
04/06/2017,LIH,HI,AWP,WE,Federal Contract Tower,73,12,2,5,92,0,236,17,1,254,73,248,19,6,346,54,0,54,400
04/07/2017,LIH,HI,AWP,WE,Federal Contract Tower,67,28,9,2,106,0,253,5,0,258,67,281,14,2,364,50,14,64,428
04/08/2017,LIH,HI,AWP,WE,Federal Contract Tower,79,3,2,0,84,0,177,40,0,217,79,180,42,0,301,40,0,40,341
04/09/2017,LIH,HI,AWP,WE,Federal Contract Tower,74,3,4,0,81,0,167,10,0,177,74,170,14,0,258,42,0,42,300
04/10/2017,LIH,HI,AWP,WE,Federal Contract Tower,72,17,2,2,93,0,230,13,2,245,72,247,15,4,338,42,8,50,388
04/11/2017,LIH,HI,AWP,WE,Federal Contract Tower,76,16,6,3,101,0,229,13,5,247,76,245,19,8,348,42,14,56,404
04/12/2017,LIH,HI,AWP,WE,Federal Contract Tower,73,9,1,0,83,0,216,26,9,251,73,225,27,9,334,30,0,30,364
04/13/2017,LIH,HI,AWP,WE,Federal Contract Tower,74,12,0,1,87,0,213,9,0,222,74,225,9,1,309,50,0,50,359
04/14/2017,LIH,HI,AWP,WE,Federal Contract Tower,81,9,7,0,97,0,246,0,3,249,81,255,7,3,346,60,0,60,406
04/15/2017,LIH,HI,AWP,WE,Federal Contract Tower,81,10,6,0,97,0,203,2,0,205,81,213,8,0,302,48,0,48,350
04/16/2017,LIH,HI,AWP,WE,Federal Contract Tower,76,5,6,0,87,0,168,0,2,170,76,173,6,2,257,26,6,32,289
04/17/2017,LIH,HI,AWP,WE,Federal Contract Tower,75,18,5,0,98,0,196,23,0,219,75,214,28,0,317,31,0,31,348
04/18/2017,LIH,HI,AWP,WE,Federal Contract Tower,66,6,8,7,87,0,248,23,3,274,66,254,31,10,361,24,0,24,385
04/19/2017,LIH,HI,AWP,WE,Federal Contract Tower,75,14,5,6,100,0,218,11,3,232,75,232,16,9,332,24,0,24,356
04/20/2017,LIH,HI,AWP,WE,Federal Contract Tower,77,15,5,7,104,1,145,14,1,161,78,160,19,8,265,66,0,66,331
04/21/2017,LIH,HI,AWP,WE,Federal Contract Tower,77,11,7,3,98,0,97,13,1,111,77,108,20,4,209,54,0,54,263
04/22/2017,LIH,HI,AWP,WE,Federal Contract Tower,83,3,8,1,95,0,90,2,0,92,83,93,10,1,187,18,0,18,205
04/23/2017,LIH,HI,AWP,WE,Federal Contract Tower,76,4,3,0,83,0,224,4,0,228,76,228,7,0,311,70,0,70,381
04/24/2017,LIH,HI,AWP,WE,Federal Contract Tower,67,15,6,5,93,0,236,25,1,262,67,251,31,6,355,23,2,25,380
04/25/2017,LIH,HI,AWP,WE,Federal Contract Tower,71,12,4,5,92,0,232,5,3,240,71,244,9,8,332,32,0,32,364
04/26/2017,LIH,HI,AWP,WE,Federal Contract Tower,75,13,9,5,102,0,211,14,0,225,75,224,23,5,327,56,0,56,383
04/27/2017,LIH,HI,AWP,WE,Federal Contract Tower,76,14,6,9,105,0,229,19,1,249,76,243,25,10,354,100,0,100,454
04/28/2017,LIH,HI,AWP,WE,Federal Contract Tower,75,10,4,2,91,3,138,4,3,148,78,148,8,5,239,46,0,46,285
04/29/2017,LIH,HI,AWP,WE,Federal Contract Tower,80,2,6,0,88,0,185,17,8,210,80,187,23,8,298,20,0,20,318
04/30/2017,LIH,HI,AWP,WE,Federal Contract Tower,68,3,1,4,76,0,211,8,5,224,68,214,9,9,300,20,0,20,320
05/01/2017,LIH,HI,AWP,WE,Federal Contract Tower,75,12,2,13,102,0,181,15,1,197,75,193,17,14,299,14,4,18,317
05/02/2017,LIH,HI,AWP,WE,Federal Contract Tower,75,11,8,5,99,0,244,19,1,264,75,255,27,6,363,42,0,42,405
05/03/2017,LIH,HI,AWP,WE,Federal Contract Tower,72,11,6,3,92,0,207,25,7,239,72,218,31,10,331,34,0,34,365
05/04/2017,LIH,HI,AWP,WE,Federal Contract Tower,72,12,2,5,91,0,248,12,6,266,72,260,14,11,357,48,8,56,413
05/05/2017,LIH,HI,AWP,WE,Federal Contract Tower,83,12,5,0,100,0,220,14,2,236,83,232,19,2,336,46,0,46,382
05/06/2017,LIH,HI,AWP,WE,Federal Contract Tower,78,5,11,0,94,0,200,6,1,207,78,205,17,1,301,62,0,62,363
05/07/2017,LIH,HI,AWP,WE,Federal Contract Tower,76,2,0,7,85,0,166,2,2,170,76,168,2,9,255,24,0,24,279
05/08/2017,LIH,HI,AWP,WE,Federal Contract Tower,77,13,9,4,103,0,233,24,8,265,77,246,33,12,368,24,0,24,392
05/09/2017,LIH,HI,AWP,WE,Federal Contract Tower,77,18,14,13,122,0,232,16,0,248,77,250,30,13,370,22,0,22,392
05/10/2017,LIH,HI,AWP,WE,Federal Contract Tower,74,18,7,1,100,0,203,26,1,230,74,221,33,2,330,33,0,33,363
05/11/2017,LIH,HI,AWP,WE,Federal Contract Tower,76,12,9,5,102,0,246,27,3,276,76,258,36,8,378,30,4,34,412
05/12/2017,LIH,HI,AWP,WE,Federal Contract Tower,78,15,7,0,100,0,213,11,0,224,78,228,18,0,324,38,0,38,362
05/13/2017,LIH,HI,AWP,WE,Federal Contract Tower,78,1,5,0,84,0,206,16,2,224,78,207,21,2,308,44,0,44,352
05/14/2017,LIH,HI,AWP,WE,Federal Contract Tower,78,2,2,0,82,0,150,16,0,166,78,152,18,0,248,26,0,26,274
05/15/2017,LIH,HI,AWP,WE,Federal Contract Tower,82,15,8,2,107,0,212,24,3,239,82,227,32,5,346,20,0,20,366
05/16/2017,LIH,HI,AWP,WE,Federal Contract Tower,77,14,2,6,99,0,202,32,1,235,77,216,34,7,334,34,0,34,368
05/17/2017,LIH,HI,AWP,WE,Federal Contract Tower,79,12,4,6,101,0,212,27,8,247,79,224,31,14,348,26,0,26,374
05/18/2017,LIH,HI,AWP,WE,Federal Contract Tower,81,9,3,4,97,0,262,9,0,271,81,271,12,4,368,48,0,48,416
05/19/2017,LIH,HI,AWP,WE,Federal Contract Tower,83,13,4,0,100,0,235,10,6,251,83,248,14,6,351,28,0,28,379
05/20/2017,LIH,HI,AWP,WE,Federal Contract Tower,86,1,17,0,104,0,214,20,4,238,86,215,37,4,342,44,0,44,386
05/21/2017,LIH,HI,AWP,WE,Federal Contract Tower,80,4,8,2,94,0,176,10,0,186,80,180,18,2,280,76,0,76,356
05/22/2017,LIH,HI,AWP,WE,Federal Contract Tower,79,15,6,4,104,0,223,35,0,258,79,238,41,4,362,46,4,50,412
05/23/2017,LIH,HI,AWP,WE,Federal Contract Tower,79,10,4,17,110,0,234,12,10,256,79,244,16,27,366,76,0,76,442
05/24/2017,LIH,HI,AWP,WE,Federal Contract Tower,82,11,4,8,105,0,163,15,1,179,82,174,19,9,284,36,0,36,320
05/25/2017,LIH,HI,AWP,WE,Federal Contract Tower,82,10,2,4,98,0,248,9,0,257,82,258,11,4,355,68,0,68,423
05/26/2017,LIH,HI,AWP,WE,Federal Contract Tower,84,12,2,2,100,0,234,8,1,243,84,246,10,3,343,41,0,41,384
05/27/2017,LIH,HI,AWP,WE,Federal Contract Tower,90,1,7,0,98,0,180,7,1,188,90,181,14,1,286,30,0,30,316
05/28/2017,LIH,HI,AWP,WE,Federal Contract Tower,89,2,2,0,93,0,217,2,0,219,89,219,4,0,312,23,0,23,335
05/29/2017,LIH,HI,AWP,WE,Federal Contract Tower,87,4,1,0,92,0,277,12,0,289,87,281,13,0,381,14,0,14,395
05/30/2017,LIH,HI,AWP,WE,Federal Contract Tower,88,10,2,7,107,0,275,12,2,289,88,285,14,9,396,32,12,44,440
05/31/2017,LIH,HI,AWP,WE,Federal Contract Tower,85,14,7,8,114,0,230,19,0,249,85,244,26,8,363,24,4,28,391
06/01/2017,LIH,HI,AWP,WE,Federal Contract Tower,90,13,7,4,114,0,274,19,0,293,90,287,26,4,407,52,2,54,461
06/02/2017,LIH,HI,AWP,WE,Federal Contract Tower,94,11,2,0,107,0,268,4,0,272,94,279,6,0,379,34,0,34,413
06/03/2017,LIH,HI,AWP,WE,Federal Contract Tower,95,2,2,3,102,0,204,12,0,216,95,206,14,3,318,22,0,22,340
06/04/2017,LIH,HI,AWP,WE,Federal Contract Tower,93,3,0,4,100,0,73,6,0,79,93,76,6,4,179,18,0,18,197
06/05/2017,LIH,HI,AWP,WE,Federal Contract Tower,84,15,1,6,106,0,231,20,0,251,84,246,21,6,357,28,0,28,385
06/06/2017,LIH,HI,AWP,WE,Federal Contract Tower,92,9,3,2,106,0,264,19,6,289,92,273,22,8,395,45,0,45,440
06/07/2017,LIH,HI,AWP,WE,Federal Contract Tower,89,15,5,9,118,0,252,16,1,269,89,267,21,10,387,32,20,52,439
06/08/2017,LIH,HI,AWP,WE,Federal Contract Tower,96,12,2,22,132,0,266,9,5,280,96,278,11,27,412,32,0,32,444
06/09/2017,LIH,HI,AWP,WE,Federal Contract Tower,92,10,3,3,108,0,105,16,1,122,92,115,19,4,230,28,0,28,258
06/10/2017,LIH,HI,AWP,WE,Federal Contract Tower,102,4,6,3,115,0,42,4,0,46,102,46,10,3,161,14,0,14,175
06/11/2017,LIH,HI,AWP,WE,Federal Contract Tower,95,6,4,2,107,0,238,8,0,246,95,244,12,2,353,42,0,42,395
06/12/2017,LIH,HI,AWP,WE,Federal Contract Tower,91,12,3,0,106,0,244,11,4,259,91,256,14,4,365,28,0,28,393
06/13/2017,LIH,HI,AWP,WE,Federal Contract Tower,92,15,7,6,120,0,236,23,3,262,92,251,30,9,382,42,6,48,430
06/14/2017,LIH,HI,AWP,WE,Federal Contract Tower,93,16,8,1,118,0,205,36,1,242,93,221,44,2,360,30,0,30,390
06/15/2017,LIH,HI,AWP,WE,Federal Contract Tower,90,10,6,0,106,0,230,18,7,255,90,240,24,7,361,62,0,62,423
06/16/2017,LIH,HI,AWP,WE,Federal Contract Tower,93,11,6,1,111,0,283,3,2,288,93,294,9,3,399,70,0,70,469
06/17/2017,LIH,HI,AWP,WE,Federal Contract Tower,102,3,7,1,113,0,218,13,0,231,102,221,20,1,344,38,0,38,382
06/18/2017,LIH,HI,AWP,WE,Federal Contract Tower,94,5,3,1,103,0,174,4,0,178,94,179,7,1,281,38,0,38,319
06/19/2017,LIH,HI,AWP,WE,Federal Contract Tower,92,11,5,22,130,0,224,9,6,239,92,235,14,28,369,16,0,16,385
06/20/2017,LIH,HI,AWP,WE,Federal Contract Tower,80,16,8,4,108,0,214,14,3,231,80,230,22,7,339,26,4,30,369
06/21/2017,LIH,HI,AWP,WE,Federal Contract Tower,93,11,6,1,111,0,215,25,0,240,93,226,31,1,351,30,0,30,381
06/22/2017,LIH,HI,AWP,WE,Federal Contract Tower,97,12,1,4,114,0,267,11,2,280,97,279,12,6,394,42,0,42,436
06/23/2017,LIH,HI,AWP,WE,Federal Contract Tower,99,16,3,0,118,0,228,5,0,233,99,244,8,0,351,36,0,36,387
06/24/2017,LIH,HI,AWP,WE,Federal Contract Tower,100,5,6,1,112,0,217,21,2,240,100,222,27,3,352,16,0,16,368
06/25/2017,LIH,HI,AWP,WE,Federal Contract Tower,103,0,6,1,110,0,204,12,0,216,103,204,18,1,326,34,0,34,360
06/26/2017,LIH,HI,AWP,WE,Federal Contract Tower,94,10,2,15,121,0,241,22,1,264,94,251,24,16,385,30,2,32,417
06/27/2017,LIH,HI,AWP,WE,Federal Contract Tower,95,13,3,0,111,0,248,13,3,264,95,261,16,3,375,90,0,90,465
06/28/2017,LIH,HI,AWP,WE,Federal Contract Tower,98,16,2,10,126,0,218,27,3,248,98,234,29,13,374,16,16,32,406
06/29/2017,LIH,HI,AWP,WE,Federal Contract Tower,96,15,8,4,123,0,281,16,6,303,96,296,24,10,426,46,2,48,474
06/30/2017,LIH,HI,AWP,WE,Federal Contract Tower,103,17,6,11,137,0,255,0,0,255,103,272,6,11,392,48,0,48,440
07/01/2017,LIH,HI,AWP,WE,Federal Contract Tower,102,3,3,1,109,0,244,8,0,252,102,247,11,1,361,72,0,72,433
07/02/2017,LIH,HI,AWP,WE,Federal Contract Tower,95,3,3,1,102,1,208,9,0,218,96,211,12,1,320,24,0,24,344
07/03/2017,LIH,HI,AWP,WE,Federal Contract Tower,91,12,4,0,107,0,230,9,0,239,91,242,13,0,346,20,0,20,366
07/04/2017,LIH,HI,AWP,WE,Federal Contract Tower,87,2,1,0,90,0,234,6,0,240,87,236,7,0,330,36,0,36,366
07/05/2017,LIH,HI,AWP,WE,Federal Contract Tower,86,10,2,4,102,0,262,16,0,278,86,272,18,4,380,34,0,34,414
07/06/2017,LIH,HI,AWP,WE,Federal Contract Tower,95,10,10,4,119,0,285,38,7,330,95,295,48,11,449,28,2,30,479
07/07/2017,LIH,HI,AWP,WE,Federal Contract Tower,96,14,1,8,119,0,274,18,1,293,96,288,19,9,412,38,0,38,450
07/08/2017,LIH,HI,AWP,WE,Federal Contract Tower,102,4,11,10,127,0,216,8,2,226,102,220,19,12,353,26,0,26,379
07/09/2017,LIH,HI,AWP,WE,Federal Contract Tower,96,9,4,11,120,0,205,4,1,210,96,214,8,12,330,66,0,66,396
07/10/2017,LIH,HI,AWP,WE,Federal Contract Tower,89,17,6,13,125,0,217,3,2,222,89,234,9,15,347,32,0,32,379
07/11/2017,LIH,HI,AWP,WE,Federal Contract Tower,93,14,8,9,124,0,251,13,9,273,93,265,21,18,397,32,4,36,433
07/12/2017,LIH,HI,AWP,WE,Federal Contract Tower,94,12,6,4,116,0,253,20,3,276,94,265,26,7,392,40,14,54,446
07/13/2017,LIH,HI,AWP,WE,Federal Contract Tower,99,12,3,2,116,0,244,6,4,254,99,256,9,6,370,54,2,56,426
07/14/2017,LIH,HI,AWP,WE,Federal Contract Tower,98,12,2,2,114,0,280,20,8,308,98,292,22,10,422,32,4,36,458
07/15/2017,LIH,HI,AWP,WE,Federal Contract Tower,101,5,1,2,109,0,208,16,12,236,101,213,17,14,345,36,2,38,383
07/16/2017,LIH,HI,AWP,WE,Federal Contract Tower,97,3,0,0,100,0,198,5,8,211,97,201,5,8,311,42,2,44,355
07/17/2017,LIH,HI,AWP,WE,Federal Contract Tower,89,15,1,2,107,0,235,24,9,268,89,250,25,11,375,20,0,20,395
07/18/2017,LIH,HI,AWP,WE,Federal Contract Tower,94,12,1,2,109,0,267,25,6,298,94,279,26,8,407,26,2,28,435
07/19/2017,LIH,HI,AWP,WE,Federal Contract Tower,92,13,5,8,118,0,214,30,1,245,92,227,35,9,363,68,0,68,431
07/20/2017,LIH,HI,AWP,WE,Federal Contract Tower,96,12,3,5,116,0,237,7,5,249,96,249,10,10,365,50,0,50,415
07/21/2017,LIH,HI,AWP,WE,Federal Contract Tower,93,11,1,0,105,0,232,8,6,246,93,243,9,6,351,54,0,54,405
07/22/2017,LIH,HI,AWP,WE,Federal Contract Tower,102,3,0,1,106,0,190,16,2,208,102,193,16,3,314,36,0,36,350
07/23/2017,LIH,HI,AWP,WE,Federal Contract Tower,98,2,1,4,105,0,182,27,4,213,98,184,28,8,318,46,0,46,364
07/24/2017,LIH,HI,AWP,WE,Federal Contract Tower,93,11,7,1,112,0,37,8,0,45,93,48,15,1,157,40,0,40,197
07/25/2017,LIH,HI,AWP,WE,Federal Contract Tower,88,17,4,14,123,0,296,22,6,324,88,313,26,20,447,58,0,58,505
07/26/2017,LIH,HI,AWP,WE,Federal Contract Tower,95,13,0,3,111,270,19,0,3,292,365,32,0,6,403,38,2,40,443
07/27/2017,LIH,HI,AWP,WE,Federal Contract Tower,99,9,2,0,110,294,12,0,4,310,393,21,2,4,420,34,0,34,454
07/28/2017,LIH,HI,AWP,WE,Federal Contract Tower,99,14,3,0,116,0,287,11,7,305,99,301,14,7,421,58,0,58,479
07/29/2017,LIH,HI,AWP,WE,Federal Contract Tower,100,4,6,0,110,0,236,12,0,248,100,240,18,0,358,54,0,54,412
07/30/2017,LIH,HI,AWP,WE,Federal Contract Tower,96,4,2,0,102,0,212,11,0,223,96,216,13,0,325,38,0,38,363
07/31/2017,LIH,HI,AWP,WE,Federal Contract Tower,88,13,1,0,102,0,270,40,0,310,88,283,41,0,412,16,0,16,428
08/01/2017,LIH,HI,AWP,WE,Federal Contract Tower,91,8,4,8,111,0,225,14,2,241,91,233,18,10,352,28,0,28,380
08/02/2017,LIH,HI,AWP,WE,Federal Contract Tower,88,11,8,19,126,0,253,28,3,284,88,264,36,22,410,20,0,20,430
08/03/2017,LIH,HI,AWP,WE,Federal Contract Tower,92,14,7,4,117,0,254,16,4,274,92,268,23,8,391,70,10,80,471
08/04/2017,LIH,HI,AWP,WE,Federal Contract Tower,95,14,5,4,118,0,226,22,0,248,95,240,27,4,366,38,0,38,404
08/05/2017,LIH,HI,AWP,WE,Federal Contract Tower,104,5,4,2,115,0,184,16,2,202,104,189,20,4,317,32,0,32,349
08/06/2017,LIH,HI,AWP,WE,Federal Contract Tower,96,7,1,2,106,0,180,16,0,196,96,187,17,2,302,32,0,32,334
08/07/2017,LIH,HI,AWP,WE,Federal Contract Tower,92,9,3,4,108,0,267,37,0,304,92,276,40,4,412,34,0,34,446
08/08/2017,LIH,HI,AWP,WE,Federal Contract Tower,93,12,2,10,117,0,289,15,5,309,93,301,17,15,426,34,0,34,460
08/09/2017,LIH,HI,AWP,WE,Federal Contract Tower,86,6,7,3,102,0,244,21,0,265,86,250,28,3,367,52,0,52,419
08/10/2017,LIH,HI,AWP,WE,Federal Contract Tower,94,10,3,16,123,0,264,12,7,283,94,274,15,23,406,56,6,62,468
08/11/2017,LIH,HI,AWP,WE,Federal Contract Tower,95,15,2,7,119,0,248,10,6,264,95,263,12,13,383,30,2,32,415
08/12/2017,LIH,HI,AWP,WE,Federal Contract Tower,97,3,1,1,102,0,245,20,0,265,97,248,21,1,367,31,0,31,398
08/13/2017,LIH,HI,AWP,WE,Federal Contract Tower,95,2,2,0,99,0,183,6,0,189,95,185,8,0,288,26,0,26,314
08/14/2017,LIH,HI,AWP,WE,Federal Contract Tower,89,16,2,9,116,0,228,15,1,244,89,244,17,10,360,14,0,14,374
08/15/2017,LIH,HI,AWP,WE,Federal Contract Tower,91,9,2,4,106,0,222,17,7,246,91,231,19,11,352,34,0,34,386
08/16/2017,LIH,HI,AWP,WE,Federal Contract Tower,89,13,2,7,111,0,234,12,0,246,89,247,14,7,357,26,8,34,391
08/17/2017,LIH,HI,AWP,WE,Federal Contract Tower,94,15,2,11,122,0,222,7,5,234,94,237,9,16,356,48,0,48,404
08/18/2017,LIH,HI,AWP,WE,Federal Contract Tower,94,14,3,0,111,0,260,6,0,266,94,274,9,0,377,46,0,46,423
08/19/2017,LIH,HI,AWP,WE,Federal Contract Tower,101,6,5,0,112,0,208,7,0,215,101,214,12,0,327,30,0,30,357
08/20/2017,LIH,HI,AWP,WE,Federal Contract Tower,96,2,9,0,107,0,161,14,2,177,96,163,23,2,284,34,0,34,318
08/21/2017,LIH,HI,AWP,WE,Federal Contract Tower,78,12,4,0,94,0,117,14,5,136,78,129,18,5,230,16,0,16,246
08/22/2017,LIH,HI,AWP,WE,Federal Contract Tower,85,9,10,4,108,0,206,38,2,246,85,215,48,6,354,22,0,22,376
08/23/2017,LIH,HI,AWP,WE,Federal Contract Tower,80,9,3,3,95,0,226,26,0,252,80,235,29,3,347,38,0,38,385
08/24/2017,LIH,HI,AWP,WE,Federal Contract Tower,6,10,4,10,30,0,247,16,6,269,6,257,20,16,299,42,0,42,341
08/25/2017,LIH,HI,AWP,WE,Federal Contract Tower,98,14,4,4,120,0,219,4,0,223,98,233,8,4,343,42,2,44,387
08/26/2017,LIH,HI,AWP,WE,Federal Contract Tower,98,4,2,1,105,0,212,5,0,217,98,216,7,1,322,32,0,32,354
08/27/2017,LIH,HI,AWP,WE,Federal Contract Tower,89,2,3,2,96,0,158,19,1,178,89,160,22,3,274,40,0,40,314
08/28/2017,LIH,HI,AWP,WE,Federal Contract Tower,83,20,2,3,108,0,193,23,7,223,83,213,25,10,331,50,0,50,381
08/29/2017,LIH,HI,AWP,WE,Federal Contract Tower,82,16,3,7,108,0,215,18,2,235,82,231,21,9,343,40,0,40,383
08/30/2017,LIH,HI,AWP,WE,Federal Contract Tower,79,8,9,8,104,0,211,26,0,237,79,219,35,8,341,46,6,52,393
08/31/2017,LIH,HI,AWP,WE,Federal Contract Tower,89,10,2,8,109,0,256,12,4,272,89,266,14,12,381,40,2,42,423
09/01/2017,LIH,HI,AWP,WE,Federal Contract Tower,95,12,2,0,109,0,248,16,1,265,95,260,18,1,374,40,0,40,414
09/02/2017,LIH,HI,AWP,WE,Federal Contract Tower,86,3,6,0,95,0,180,13,1,194,86,183,19,1,289,28,0,28,317
09/03/2017,LIH,HI,AWP,WE,Federal Contract Tower,82,3,0,0,85,0,162,10,0,172,82,165,10,0,257,46,0,46,303
09/04/2017,LIH,HI,AWP,WE,Federal Contract Tower,87,3,3,1,94,0,217,20,0,237,87,220,23,1,331,38,0,38,369
09/05/2017,LIH,HI,AWP,WE,Federal Contract Tower,76,16,4,2,98,0,191,13,1,205,76,207,17,3,303,38,0,38,341
09/06/2017,LIH,HI,AWP,WE,Federal Contract Tower,72,16,1,20,109,0,183,8,5,196,72,199,9,25,305,48,14,62,367
09/07/2017,LIH,HI,AWP,WE,Federal Contract Tower,80,12,6,10,108,0,205,26,5,236,80,217,32,15,344,110,0,110,454
09/09/2017,LIH,HI,AWP,WE,Federal Contract Tower,85,2,4,3,94,0,166,16,2,184,85,168,20,5,278,50,0,50,328
09/10/2017,LIH,HI,AWP,WE,Federal Contract Tower,76,4,0,4,84,0,178,7,0,185,76,182,7,4,269,24,10,34,303
09/11/2017,LIH,HI,AWP,WE,Federal Contract Tower,76,8,2,0,86,0,199,36,0,235,76,207,38,0,321,28,0,28,349
09/12/2017,LIH,HI,AWP,WE,Federal Contract Tower,66,9,3,6,84,0,203,34,1,238,66,212,37,7,322,22,0,22,344
09/13/2017,LIH,HI,AWP,WE,Federal Contract Tower,68,10,2,5,85,0,228,28,1,257,68,238,30,6,342,34,0,34,376
09/14/2017,LIH,HI,AWP,WE,Federal Contract Tower,75,11,1,2,89,0,228,14,0,242,75,239,15,2,331,32,0,32,363
09/15/2017,LIH,HI,AWP,WE,Federal Contract Tower,75,12,1,4,92,0,267,4,4,275,75,279,5,8,367,38,4,42,409
09/16/2017,LIH,HI,AWP,WE,Federal Contract Tower,80,1,3,2,86,0,141,10,8,159,80,142,13,10,245,30,0,30,275
09/17/2017,LIH,HI,AWP,WE,Federal Contract Tower,69,1,1,3,74,0,182,8,5,195,69,183,9,8,269,24,0,24,293
09/18/2017,LIH,HI,AWP,WE,Federal Contract Tower,69,9,2,6,86,0,237,10,2,249,69,246,12,8,335,32,2,34,369
09/19/2017,LIH,HI,AWP,WE,Federal Contract Tower,70,14,4,9,97,0,217,13,14,244,70,231,17,23,341,50,0,50,391
09/20/2017,LIH,HI,AWP,WE,Federal Contract Tower,68,8,1,2,79,0,253,20,2,275,68,261,21,4,354,34,0,34,388
09/21/2017,LIH,HI,AWP,WE,Federal Contract Tower,72,14,2,9,97,0,272,8,1,281,72,286,10,10,378,60,0,60,438
09/22/2017,LIH,HI,AWP,WE,Federal Contract Tower,73,8,3,0,84,0,215,9,0,224,73,223,12,0,308,34,0,34,342
09/23/2017,LIH,HI,AWP,WE,Federal Contract Tower,80,2,1,0,83,0,208,14,0,222,80,210,15,0,305,63,0,63,368
09/24/2017,LIH,HI,AWP,WE,Federal Contract Tower,68,4,3,0,75,0,203,13,0,216,68,207,16,0,291,26,0,26,317
09/25/2017,LIH,HI,AWP,WE,Federal Contract Tower,70,8,2,0,80,0,196,15,0,211,70,204,17,0,291,22,0,22,313
09/26/2017,LIH,HI,AWP,WE,Federal Contract Tower,66,12,1,4,83,0,234,23,0,257,66,246,24,4,340,24,0,24,364
09/27/2017,LIH,HI,AWP,WE,Federal Contract Tower,70,10,1,0,81,0,179,20,2,201,70,189,21,2,282,30,6,36,318
09/28/2017,LIH,HI,AWP,WE,Federal Contract Tower,76,12,1,2,91,0,222,17,4,243,76,234,18,6,334,76,7,83,417
09/29/2017,LIH,HI,AWP,WE,Federal Contract Tower,76,11,1,2,90,0,224,8,0,232,76,235,9,2,322,98,0,98,420
09/30/2017,LIH,HI,AWP,WE,Federal Contract Tower,80,6,5,0,91,0,187,22,1,210,80,193,27,1,301,76,0,76,377
10/01/2017,LIH,HI,AWP,WE,Federal Contract Tower,68,5,3,0,76,0,145,11,3,159,68,150,14,3,235,14,0,14,249
10/02/2017,LIH,HI,AWP,WE,Federal Contract Tower,71,15,4,2,92,0,49,4,0,53,71,64,8,2,145,18,4,22,167
10/03/2017,LIH,HI,AWP,WE,Federal Contract Tower,71,12,6,6,95,0,259,3,5,267,71,271,9,11,362,24,0,24,386
10/04/2017,LIH,HI,AWP,WE,Federal Contract Tower,67,15,1,8,91,0,211,13,0,224,67,226,14,8,315,30,0,30,345
10/05/2017,LIH,HI,AWP,WE,Federal Contract Tower,76,11,5,8,100,0,280,10,8,298,76,291,15,16,398,92,0,92,490
10/06/2017,LIH,HI,AWP,WE,Federal Contract Tower,75,15,2,0,92,0,24,14,0,38,75,39,16,0,130,54,0,54,184
10/07/2017,LIH,HI,AWP,WE,Federal Contract Tower,78,4,5,1,88,0,247,11,0,258,78,251,16,1,346,28,0,28,374
10/08/2017,LIH,HI,AWP,WE,Federal Contract Tower,70,2,1,1,74,0,200,6,2,208,70,202,7,3,282,94,10,104,386
10/09/2017,LIH,HI,AWP,WE,Federal Contract Tower,71,8,0,0,79,0,293,6,0,299,71,301,6,0,378,79,0,79,457
10/10/2017,LIH,HI,AWP,WE,Federal Contract Tower,69,15,0,8,92,0,237,12,2,251,69,252,12,10,343,86,0,86,429
10/11/2017,LIH,HI,AWP,WE,Federal Contract Tower,67,11,3,7,88,0,212,9,2,223,67,223,12,9,311,66,8,74,385
10/12/2017,LIH,HI,AWP,WE,Federal Contract Tower,72,8,0,20,100,0,156,11,0,167,72,164,11,20,267,62,0,62,329
10/13/2017,LIH,HI,AWP,WE,Federal Contract Tower,65,10,2,6,83,0,237,16,1,254,65,247,18,7,337,56,0,56,393
10/14/2017,LIH,HI,AWP,WE,Federal Contract Tower,84,5,0,2,91,0,248,6,0,254,84,253,6,2,345,44,0,44,389
10/15/2017,LIH,HI,AWP,WE,Federal Contract Tower,69,1,1,4,75,0,132,2,0,134,69,133,3,4,209,36,0,36,245
10/16/2017,LIH,HI,AWP,WE,Federal Contract Tower,69,13,2,2,86,0,186,12,0,198,69,199,14,2,284,38,0,38,322
10/17/2017,LIH,HI,AWP,WE,Federal Contract Tower,69,10,5,12,96,0,161,13,0,174,69,171,18,12,270,42,0,42,312
10/18/2017,LIH,HI,AWP,WE,Federal Contract Tower,70,11,2,11,94,0,202,25,1,228,70,213,27,12,322,26,4,30,352
10/19/2017,LIH,HI,AWP,WE,Federal Contract Tower,72,11,1,2,86,0,203,10,0,213,72,214,11,2,299,34,0,34,333
10/20/2017,LIH,HI,AWP,WE,Federal Contract Tower,74,8,2,0,84,0,198,26,2,226,74,206,28,2,310,14,0,14,324
10/21/2017,LIH,HI,AWP,WE,Federal Contract Tower,79,3,0,0,82,0,245,11,0,256,79,248,11,0,338,42,0,42,380
10/22/2017,LIH,HI,AWP,WE,Federal Contract Tower,71,9,2,0,82,0,185,3,2,190,71,194,5,2,272,22,6,28,300
10/23/2017,LIH,HI,AWP,WE,Federal Contract Tower,73,7,5,4,89,0,3,3,0,6,73,10,8,4,95,4,0,4,99
10/24/2017,LIH,HI,AWP,WE,Federal Contract Tower,74,17,9,27,127,0,282,34,2,318,74,299,43,29,445,16,2,18,463
10/25/2017,LIH,HI,AWP,WE,Federal Contract Tower,73,13,6,7,99,0,275,22,0,297,73,288,28,7,396,72,13,85,481
10/26/2017,LIH,HI,AWP,WE,Federal Contract Tower,74,17,1,16,108,0,256,9,0,265,74,273,10,16,373,42,0,42,415
10/27/2017,LIH,HI,AWP,WE,Federal Contract Tower,76,10,9,0,95,0,224,10,2,236,76,234,19,2,331,36,0,36,367
10/28/2017,LIH,HI,AWP,WE,Federal Contract Tower,80,5,9,2,96,0,200,12,0,212,80,205,21,2,308,30,0,30,338
10/29/2017,LIH,HI,AWP,WE,Federal Contract Tower,76,2,2,2,82,0,175,4,2,181,76,177,6,4,263,40,0,40,303
10/30/2017,LIH,HI,AWP,WE,Federal Contract Tower,76,10,4,4,94,0,219,31,0,250,76,229,35,4,344,14,0,14,358
10/31/2017,LIH,HI,AWP,WE,Federal Contract Tower,66,15,4,3,88,0,45,6,0,51,66,60,10,3,139,0,0,0,139
11/01/2017,LIH,HI,AWP,WE,Federal Contract Tower,71,9,5,3,88,0,11,2,2,15,71,20,7,5,103,8,0,8,111
11/02/2017,LIH,HI,AWP,WE,Federal Contract Tower,75,8,4,0,87,0,257,4,0,261,75,265,8,0,348,85,0,85,433
11/03/2017,LIH,HI,AWP,WE,Federal Contract Tower,77,9,6,2,94,0,260,8,3,271,77,269,14,5,365,46,0,46,411
11/04/2017,LIH,HI,AWP,WE,Federal Contract Tower,79,5,1,5,90,0,188,10,2,200,79,193,11,7,290,112,0,112,402
11/05/2017,LIH,HI,AWP,WE,Federal Contract Tower,72,10,3,2,87,0,160,3,0,163,72,170,6,2,250,154,0,154,404
11/06/2017,LIH,HI,AWP,WE,Federal Contract Tower,74,13,5,5,97,0,232,2,2,236,74,245,7,7,333,112,0,112,445
11/07/2017,LIH,HI,AWP,WE,Federal Contract Tower,71,15,3,0,89,0,227,16,2,245,71,242,19,2,334,48,0,48,382
11/08/2017,LIH,HI,AWP,WE,Federal Contract Tower,74,16,9,0,99,0,207,13,1,221,74,223,22,1,320,72,0,72,392
11/09/2017,LIH,HI,AWP,WE,Federal Contract Tower,76,17,5,2,100,0,232,37,4,273,76,249,42,6,373,22,0,22,395
11/10/2017,LIH,HI,AWP,WE,Federal Contract Tower,74,11,3,0,88,0,176,7,0,183,74,187,10,0,271,38,0,38,309
11/11/2017,LIH,HI,AWP,WE,Federal Contract Tower,62,0,2,0,64,0,107,10,0,117,62,107,12,0,181,16,0,16,197
11/12/2017,LIH,HI,AWP,WE,Federal Contract Tower,63,4,1,0,68,0,188,10,0,198,63,192,11,0,266,26,0,26,292
11/13/2017,LIH,HI,AWP,WE,Federal Contract Tower,61,11,4,4,80,0,219,28,1,248,61,230,32,5,328,12,0,12,340
11/14/2017,LIH,HI,AWP,WE,Federal Contract Tower,62,10,10,0,82,0,200,3,0,203,62,210,13,0,285,48,0,48,333
11/15/2017,LIH,HI,AWP,WE,Federal Contract Tower,59,14,13,7,93,0,193,19,0,212,59,207,32,7,305,42,8,50,355
11/16/2017,LIH,HI,AWP,WE,Federal Contract Tower,59,18,4,3,84,0,261,4,0,265,59,279,8,3,349,52,0,52,401
11/17/2017,LIH,HI,AWP,WE,Federal Contract Tower,61,12,3,9,85,0,242,9,3,254,61,254,12,12,339,40,0,40,379
11/18/2017,LIH,HI,AWP,WE,Federal Contract Tower,72,6,11,0,89,0,108,5,1,114,72,114,16,1,203,18,0,18,221
11/19/2017,LIH,HI,AWP,WE,Federal Contract Tower,70,4,2,0,76,0,211,1,0,212,70,215,3,0,288,34,0,34,322
11/20/2017,LIH,HI,AWP,WE,Federal Contract Tower,61,12,9,12,94,0,239,34,1,274,61,251,43,13,368,68,12,80,448
11/21/2017,LIH,HI,AWP,WE,Federal Contract Tower,65,5,8,2,80,0,235,10,0,245,65,240,18,2,325,58,0,58,383
11/22/2017,LIH,HI,AWP,WE,Federal Contract Tower,67,13,0,2,82,0,231,14,0,245,67,244,14,2,327,30,0,30,357
11/23/2017,LIH,HI,AWP,WE,Federal Contract Tower,62,7,0,0,69,0,136,15,0,151,62,143,15,0,220,20,0,20,240
11/24/2017,LIH,HI,AWP,WE,Federal Contract Tower,65,14,1,0,80,0,214,2,0,216,65,228,3,0,296,32,0,32,328
11/25/2017,LIH,HI,AWP,WE,Federal Contract Tower,72,0,9,1,82,0,182,2,2,186,72,182,11,3,268,30,0,30,298
11/26/2017,LIH,HI,AWP,WE,Federal Contract Tower,73,1,6,1,81,0,88,2,0,90,73,89,8,1,171,22,12,34,205
11/27/2017,LIH,HI,AWP,WE,Federal Contract Tower,63,11,3,3,80,0,17,4,0,21,63,28,7,3,101,34,0,34,135
11/28/2017,LIH,HI,AWP,WE,Federal Contract Tower,59,10,2,12,83,0,257,4,1,262,59,267,6,13,345,68,6,74,419
11/29/2017,LIH,HI,AWP,WE,Federal Contract Tower,67,6,1,5,79,0,220,22,0,242,67,226,23,5,321,26,0,26,347
11/30/2017,LIH,HI,AWP,WE,Federal Contract Tower,73,11,0,2,86,0,140,10,3,153,73,151,10,5,239,74,1,75,314
12/01/2017,LIH,HI,AWP,WE,Federal Contract Tower,59,10,2,0,71,0,166,2,0,168,59,176,4,0,239,48,0,48,287
12/02/2017,LIH,HI,AWP,WE,Federal Contract Tower,64,8,3,10,85,0,115,1,0,116,64,123,4,10,201,30,0,30,231
12/03/2017,LIH,HI,AWP,WE,Federal Contract Tower,61,1,1,4,67,0,153,2,0,155,61,154,3,4,222,42,0,42,264
12/04/2017,LIH,HI,AWP,WE,Federal Contract Tower,65,12,3,2,82,0,231,25,1,257,65,243,28,3,339,12,0,12,351
12/05/2017,LIH,HI,AWP,WE,Federal Contract Tower,58,14,5,6,83,0,118,25,1,144,58,132,30,7,227,38,0,38,265
12/06/2017,LIH,HI,AWP,WE,Federal Contract Tower,60,26,3,4,93,0,198,19,3,220,60,224,22,7,313,18,2,20,333
12/07/2017,LIH,HI,AWP,WE,Federal Contract Tower,66,10,5,1,82,0,232,17,1,250,66,242,22,2,332,46,0,46,378
12/08/2017,LIH,HI,AWP,WE,Federal Contract Tower,65,14,1,0,80,0,213,22,4,239,65,227,23,4,319,52,0,52,371
12/09/2017,LIH,HI,AWP,WE,Federal Contract Tower,64,3,0,0,67,0,171,31,1,203,64,174,31,1,270,24,0,24,294
12/10/2017,LIH,HI,AWP,WE,Federal Contract Tower,62,1,1,1,65,0,154,9,1,164,62,155,10,2,229,34,0,34,263
12/11/2017,LIH,HI,AWP,WE,Federal Contract Tower,61,13,8,6,88,0,144,18,4,166,61,157,26,10,254,24,0,24,278
12/12/2017,LIH,HI,AWP,WE,Federal Contract Tower,59,12,2,0,73,0,117,15,3,135,59,129,17,3,208,18,0,18,226
12/13/2017,LIH,HI,AWP,WE,Federal Contract Tower,58,12,3,6,79,0,258,13,0,271,58,270,16,6,350,42,0,42,392
12/14/2017,LIH,HI,AWP,WE,Federal Contract Tower,63,12,1,1,77,0,149,13,4,166,63,161,14,5,243,34,0,34,277
12/15/2017,LIH,HI,AWP,WE,Federal Contract Tower,75,8,1,0,84,0,170,12,0,182,75,178,13,0,266,50,0,50,316
12/16/2017,LIH,HI,AWP,WE,Federal Contract Tower,67,6,4,0,77,0,146,22,2,170,67,152,26,2,247,52,0,52,299
12/17/2017,LIH,HI,AWP,WE,Federal Contract Tower,68,13,7,0,88,0,132,4,0,136,68,145,11,0,224,38,0,38,262
12/18/2017,LIH,HI,AWP,WE,Federal Contract Tower,68,15,7,8,98,0,202,21,0,223,68,217,28,8,321,12,0,12,333
12/19/2017,LIH,HI,AWP,WE,Federal Contract Tower,65,11,6,4,86,0,74,5,2,81,65,85,11,6,167,26,0,26,193
12/20/2017,LIH,HI,AWP,WE,Federal Contract Tower,71,12,4,2,89,0,224,9,0,233,71,236,13,2,322,46,8,54,376
12/21/2017,LIH,HI,AWP,WE,Federal Contract Tower,79,15,6,3,103,0,319,32,0,351,79,334,38,3,454,40,0,40,494
12/22/2017,LIH,HI,AWP,WE,Federal Contract Tower,77,15,9,0,101,0,284,13,0,297,77,299,22,0,398,54,0,54,452
12/23/2017,LIH,HI,AWP,WE,Federal Contract Tower,79,8,7,0,94,0,242,13,0,255,79,250,20,0,349,36,0,36,385
12/24/2017,LIH,HI,AWP,WE,Federal Contract Tower,73,5,3,0,81,0,249,9,0,258,73,254,12,0,339,26,0,26,365
12/25/2017,LIH,HI,AWP,WE,Federal Contract Tower,70,0,1,0,71,0,144,18,0,162,70,144,19,0,233,16,0,16,249
12/26/2017,LIH,HI,AWP,WE,Federal Contract Tower,74,14,6,1,95,0,149,4,0,153,74,163,10,1,248,36,0,36,284
12/27/2017,LIH,HI,AWP,WE,Federal Contract Tower,74,14,5,10,103,0,266,14,0,280,74,280,19,10,383,34,0,34,417
12/28/2017,LIH,HI,AWP,WE,Federal Contract Tower,76,12,5,2,95,0,297,12,1,310,76,309,17,3,405,46,0,46,451
12/29/2017,LIH,HI,AWP,WE,Federal Contract Tower,82,15,3,1,101,0,144,10,1,155,82,159,13,2,256,24,0,24,280
12/30/2017,LIH,HI,AWP,WE,Federal Contract Tower,78,7,5,0,90,0,286,10,0,296,78,293,15,0,386,42,0,42,428
12/31/2017,LIH,HI,AWP,WE,Federal Contract Tower,77,2,13,0,92,0,230,13,0,243,77,232,26,0,335,40,0,40,375
01/01/2018,LIH,HI,AWP,WE,Federal Contract Tower,77,3,9,0,89,0,247,25,2,274,77,250,34,2,363,32,4,36,399
01/02/2018,LIH,HI,AWP,WE,Federal Contract Tower,72,10,14,1,97,0,331,10,1,342,72,341,24,2,439,36,10,46,485
01/03/2018,LIH,HI,AWP,WE,Federal Contract Tower,70,15,1,20,106,0,290,15,0,305,70,305,16,20,411,34,0,34,445
01/04/2018,LIH,HI,AWP,WE,Federal Contract Tower,70,12,2,1,85,0,337,13,3,353,70,349,15,4,438,36,4,40,478
01/05/2018,LIH,HI,AWP,WE,Federal Contract Tower,75,18,8,10,111,0,267,2,1,270,75,285,10,11,381,37,4,41,422
01/06/2018,LIH,HI,AWP,WE,Federal Contract Tower,81,3,5,5,94,0,244,6,0,250,81,247,11,5,344,48,0,48,392
01/07/2018,LIH,HI,AWP,WE,Federal Contract Tower,74,8,3,2,87,0,197,10,0,207,74,205,13,2,294,16,0,16,310
01/08/2018,LIH,HI,AWP,WE,Federal Contract Tower,69,12,6,7,94,0,197,11,3,211,69,209,17,10,305,40,0,40,345
01/09/2018,LIH,HI,AWP,WE,Federal Contract Tower,67,13,2,2,84,0,266,10,4,280,67,279,12,6,364,54,0,54,418
01/10/2018,LIH,HI,AWP,WE,Federal Contract Tower,64,12,1,8,85,0,233,12,0,245,64,245,13,8,330,48,12,60,390
01/11/2018,LIH,HI,AWP,WE,Federal Contract Tower,61,20,8,8,97,0,240,14,6,260,61,260,22,14,357,42,0,42,399
01/12/2018,LIH,HI,AWP,WE,Federal Contract Tower,70,12,9,19,110,0,250,20,0,270,70,262,29,19,380,56,0,56,436
01/13/2018,LIH,HI,AWP,WE,Federal Contract Tower,70,8,4,0,82,0,174,13,2,189,70,182,17,2,271,36,0,36,307
01/14/2018,LIH,HI,AWP,WE,Federal Contract Tower,66,6,1,0,73,0,192,15,0,207,66,198,16,0,280,18,0,18,298
01/15/2018,LIH,HI,AWP,WE,Federal Contract Tower,70,7,2,0,79,0,262,16,0,278,70,269,18,0,357,24,0,24,381
01/16/2018,LIH,HI,AWP,WE,Federal Contract Tower,62,14,5,4,85,0,246,16,4,266,62,260,21,8,351,22,0,22,373
01/17/2018,LIH,HI,AWP,WE,Federal Contract Tower,61,14,5,12,92,0,197,9,2,208,61,211,14,14,300,20,0,20,320
01/18/2018,LIH,HI,AWP,WE,Federal Contract Tower,65,13,6,3,87,0,176,23,6,205,65,189,29,9,292,20,14,34,326
01/19/2018,LIH,HI,AWP,WE,Federal Contract Tower,69,8,3,4,84,0,159,4,0,163,69,167,7,4,247,50,0,50,297
01/20/2018,LIH,HI,AWP,WE,Federal Contract Tower,73,5,8,0,86,0,80,3,0,83,73,85,11,0,169,27,0,27,196
01/21/2018,LIH,HI,AWP,WE,Federal Contract Tower,68,4,0,0,72,0,179,4,0,183,68,183,4,0,255,48,0,48,303
01/22/2018,LIH,HI,AWP,WE,Federal Contract Tower,68,10,6,5,89,0,263,14,2,279,68,273,20,7,368,30,0,30,398
01/23/2018,LIH,HI,AWP,WE,Federal Contract Tower,65,16,3,7,91,0,205,20,2,227,65,221,23,9,318,36,0,36,354
01/24/2018,LIH,HI,AWP,WE,Federal Contract Tower,62,15,7,9,93,0,197,24,1,222,62,212,31,10,315,28,0,28,343
01/25/2018,LIH,HI,AWP,WE,Federal Contract Tower,63,12,8,9,92,0,244,15,2,261,63,256,23,11,353,52,0,52,405
01/26/2018,LIH,HI,AWP,WE,Federal Contract Tower,70,14,8,4,96,0,279,12,0,291,70,293,20,4,387,58,0,58,445
01/27/2018,LIH,HI,AWP,WE,Federal Contract Tower,74,2,7,3,86,0,203,6,2,211,74,205,13,5,297,42,0,42,339
01/28/2018,LIH,HI,AWP,WE,Federal Contract Tower,65,4,4,2,75,0,171,7,4,182,65,175,11,6,257,98,0,98,355
01/29/2018,LIH,HI,AWP,WE,Federal Contract Tower,63,12,1,7,83,0,270,27,3,300,63,282,28,10,383,36,0,36,419
01/30/2018,LIH,HI,AWP,WE,Federal Contract Tower,61,15,5,0,81,0,139,21,2,162,61,154,26,2,243,10,0,10,253
01/31/2018,LIH,HI,AWP,WE,Federal Contract Tower,66,15,3,2,86,0,189,20,0,209,66,204,23,2,295,16,0,16,311
02/01/2018,LIH,HI,AWP,WE,Federal Contract Tower,64,16,2,8,90,0,177,14,4,195,64,193,16,12,285,38,0,38,323
02/03/2018,LIH,HI,AWP,WE,Federal Contract Tower,73,6,3,0,82,0,182,4,0,186,73,188,7,0,268,32,0,32,300
02/04/2018,LIH,HI,AWP,WE,Federal Contract Tower,65,1,4,0,70,0,7,0,0,7,65,8,4,0,77,6,0,6,83
02/05/2018,LIH,HI,AWP,WE,Federal Contract Tower,70,8,7,12,97,0,173,18,0,191,70,181,25,12,288,22,0,22,310
02/06/2018,LIH,HI,AWP,WE,Federal Contract Tower,62,11,8,10,91,0,203,17,1,221,62,214,25,11,312,14,20,34,346
02/07/2018,LIH,HI,AWP,WE,Federal Contract Tower,64,8,4,4,80,0,250,23,1,274,64,258,27,5,354,20,0,20,374
02/08/2018,LIH,HI,AWP,WE,Federal Contract Tower,66,11,2,0,79,0,289,24,0,313,66,300,26,0,392,50,0,50,442
02/09/2018,LIH,HI,AWP,WE,Federal Contract Tower,69,15,4,0,88,0,267,16,0,283,69,282,20,0,371,54,8,62,433
02/10/2018,LIH,HI,AWP,WE,Federal Contract Tower,74,1,4,2,81,0,279,5,0,284,74,280,9,2,365,38,0,38,403
02/11/2018,LIH,HI,AWP,WE,Federal Contract Tower,69,5,1,2,77,0,170,12,0,182,69,175,13,2,259,16,6,22,281
02/12/2018,LIH,HI,AWP,WE,Federal Contract Tower,67,10,4,2,83,0,207,13,2,222,67,217,17,4,305,24,0,24,329
02/13/2018,LIH,HI,AWP,WE,Federal Contract Tower,65,12,6,4,87,0,211,7,0,218,65,223,13,4,305,39,0,39,344
02/14/2018,LIH,HI,AWP,WE,Federal Contract Tower,63,8,4,12,87,0,199,18,1,218,63,207,22,13,305,39,0,39,344
02/15/2018,LIH,HI,AWP,WE,Federal Contract Tower,70,10,11,1,92,0,268,25,2,295,70,278,36,3,387,50,22,72,459
02/16/2018,LIH,HI,AWP,WE,Federal Contract Tower,77,15,2,5,99,0,248,2,0,250,77,263,4,5,349,46,0,46,395
02/17/2018,LIH,HI,AWP,WE,Federal Contract Tower,75,0,4,0,79,0,239,17,3,259,75,239,21,3,338,27,0,27,365
02/18/2018,LIH,HI,AWP,WE,Federal Contract Tower,68,3,6,0,77,0,75,4,0,79,68,78,10,0,156,18,0,18,174
02/19/2018,LIH,HI,AWP,WE,Federal Contract Tower,66,7,7,0,80,0,247,18,0,265,66,254,25,0,345,24,0,24,369
02/20/2018,LIH,HI,AWP,WE,Federal Contract Tower,70,8,5,2,85,0,257,16,2,275,70,265,21,4,360,42,0,42,402
02/21/2018,LIH,HI,AWP,WE,Federal Contract Tower,67,12,2,5,86,0,274,43,4,321,67,286,45,9,407,26,0,26,433
02/22/2018,LIH,HI,AWP,WE,Federal Contract Tower,68,10,2,4,84,0,67,24,2,93,68,77,26,6,177,70,0,70,247
02/23/2018,LIH,HI,AWP,WE,Federal Contract Tower,67,10,4,8,89,0,206,5,0,211,67,216,9,8,300,62,0,62,362
02/24/2018,LIH,HI,AWP,WE,Federal Contract Tower,71,9,9,0,89,0,154,10,0,164,71,163,19,0,253,52,0,52,305
02/25/2018,LIH,HI,AWP,WE,Federal Contract Tower,73,4,4,0,81,0,2,2,0,4,73,6,6,0,85,32,0,32,117
02/26/2018,LIH,HI,AWP,WE,Federal Contract Tower,69,11,1,6,87,0,204,10,0,214,69,215,11,6,301,44,0,44,345
02/27/2018,LIH,HI,AWP,WE,Federal Contract Tower,66,8,4,0,78,0,257,6,0,263,66,265,10,0,341,36,0,36,377
02/28/2018,LIH,HI,AWP,WE,Federal Contract Tower,67,16,6,8,97,0,147,6,0,153,67,163,12,8,250,20,0,20,270
03/01/2018,LIH,HI,AWP,WE,Federal Contract Tower,71,11,9,3,94,0,196,12,3,211,71,207,21,6,305,48,2,50,355
03/02/2018,LIH,HI,AWP,WE,Federal Contract Tower,73,8,4,3,88,0,213,7,2,222,73,221,11,5,310,42,2,44,354
03/03/2018,LIH,HI,AWP,WE,Federal Contract Tower,71,5,2,8,86,0,178,6,0,184,71,183,8,8,270,26,0,26,296
03/04/2018,LIH,HI,AWP,WE,Federal Contract Tower,70,9,8,2,89,0,0,188,8,196,70,9,196,10,285,32,0,32,317
03/05/2018,LIH,HI,AWP,WE,Federal Contract Tower,71,12,0,10,93,0,247,0,1,248,71,259,0,11,341,30,0,30,371
03/06/2018,LIH,HI,AWP,WE,Federal Contract Tower,71,13,5,7,96,0,225,21,1,247,71,238,26,8,343,44,6,50,393
03/07/2018,LIH,HI,AWP,WE,Federal Contract Tower,69,16,4,3,92,0,209,13,0,222,69,225,17,3,314,20,0,20,334
03/08/2018,LIH,HI,AWP,WE,Federal Contract Tower,72,13,1,0,86,0,223,21,0,244,72,236,22,0,330,28,2,30,360
03/09/2018,LIH,HI,AWP,WE,Federal Contract Tower,77,20,4,6,107,0,175,10,0,185,77,195,14,6,292,22,0,22,314
03/10/2018,LIH,HI,AWP,WE,Federal Contract Tower,73,3,3,0,79,0,213,10,0,223,73,216,13,0,302,33,2,35,337
03/11/2018,LIH,HI,AWP,WE,Federal Contract Tower,80,4,0,0,84,0,211,11,0,222,80,215,11,0,306,32,0,32,338
03/12/2018,LIH,HI,AWP,WE,Federal Contract Tower,75,15,2,12,104,0,220,17,2,239,75,235,19,14,343,18,8,26,369
03/13/2018,LIH,HI,AWP,WE,Federal Contract Tower,77,17,2,2,98,0,169,21,2,192,77,186,23,4,290,18,0,18,308
03/14/2018,LIH,HI,AWP,WE,Federal Contract Tower,77,15,1,0,93,0,0,2,0,2,77,15,3,0,95,4,0,4,99
03/15/2018,LIH,HI,AWP,WE,Federal Contract Tower,69,11,2,3,85,0,38,1,0,39,69,49,3,3,124,30,8,38,162
03/16/2018,LIH,HI,AWP,WE,Federal Contract Tower,83,17,4,4,108,0,278,5,0,283,83,295,9,4,391,42,0,42,433
03/17/2018,LIH,HI,AWP,WE,Federal Contract Tower,82,3,4,0,89,0,256,8,1,265,82,259,12,1,354,32,0,32,386
03/18/2018,LIH,HI,AWP,WE,Federal Contract Tower,76,4,2,0,82,0,20,3,0,23,76,24,5,0,105,24,0,24,129
03/19/2018,LIH,HI,AWP,WE,Federal Contract Tower,77,13,0,1,91,0,230,25,1,256,77,243,25,2,347,22,0,22,369
03/20/2018,LIH,HI,AWP,WE,Federal Contract Tower,69,9,6,0,84,0,71,18,13,102,69,80,24,13,186,42,0,42,228
03/21/2018,LIH,HI,AWP,WE,Federal Contract Tower,70,10,4,9,93,0,209,9,0,218,70,219,13,9,311,61,6,67,378
03/22/2018,LIH,HI,AWP,WE,Federal Contract Tower,77,7,5,6,95,0,6,2,0,8,77,13,7,6,103,56,0,56,159
03/23/2018,LIH,HI,AWP,WE,Federal Contract Tower,82,6,9,2,99,0,184,3,0,187,82,190,12,2,286,64,2,66,352
03/24/2018,LIH,HI,AWP,WE,Federal Contract Tower,81,5,5,0,91,0,38,1,1,40,81,43,6,1,131,24,0,24,155
03/25/2018,LIH,HI,AWP,WE,Federal Contract Tower,79,6,6,0,91,0,174,4,0,178,79,180,10,0,269,28,0,28,297
03/26/2018,LIH,HI,AWP,WE,Federal Contract Tower,74,12,2,0,88,0,306,26,2,334,74,318,28,2,422,38,0,38,460
03/27/2018,LIH,HI,AWP,WE,Federal Contract Tower,77,16,2,7,102,0,257,22,3,282,77,273,24,10,384,70,1,71,455
03/28/2018,LIH,HI,AWP,WE,Federal Contract Tower,74,10,6,0,90,0,272,30,1,303,74,282,36,1,393,80,0,80,473
03/29/2018,LIH,HI,AWP,WE,Federal Contract Tower,75,19,6,1,101,0,295,22,5,322,75,314,28,6,423,70,4,74,497
03/30/2018,LIH,HI,AWP,WE,Federal Contract Tower,85,6,5,0,96,0,282,5,0,287,85,288,10,0,383,60,0,60,443
03/31/2018,LIH,HI,AWP,WE,Federal Contract Tower,77,10,4,0,91,0,146,4,0,150,77,156,8,0,241,28,0,28,269
04/01/2018,LIH,HI,AWP,WE,Federal Contract Tower,81,2,0,0,83,0,160,6,0,166,81,162,6,0,249,18,0,18,267
04/02/2018,LIH,HI,AWP,WE,Federal Contract Tower,78,14,5,0,97,0,33,16,0,49,78,47,21,0,146,20,0,20,166
04/03/2018,LIH,HI,AWP,WE,Federal Contract Tower,73,15,1,3,92,0,235,23,1,259,73,250,24,4,351,38,0,38,389
04/04/2018,LIH,HI,AWP,WE,Federal Contract Tower,69,14,4,0,87,0,22,2,0,24,69,36,6,0,111,20,0,20,131
04/05/2018,LIH,HI,AWP,WE,Federal Contract Tower,69,16,2,6,93,0,206,8,0,214,69,222,10,6,307,32,0,32,339
04/06/2018,LIH,HI,AWP,WE,Federal Contract Tower,80,13,3,1,97,0,92,1,1,94,80,105,4,2,191,38,0,38,229
04/07/2018,LIH,HI,AWP,WE,Federal Contract Tower,77,4,12,1,94,0,12,3,0,15,77,16,15,1,109,17,0,17,126
04/08/2018,LIH,HI,AWP,WE,Federal Contract Tower,76,10,1,1,88,0,19,2,0,21,76,29,3,1,109,68,0,68,177
04/09/2018,LIH,HI,AWP,WE,Federal Contract Tower,79,13,4,0,96,0,299,8,0,307,79,312,12,0,403,64,0,64,467
04/10/2018,LIH,HI,AWP,WE,Federal Contract Tower,67,10,10,4,91,0,252,7,0,259,67,262,17,4,350,52,6,58,408
04/11/2018,LIH,HI,AWP,WE,Federal Contract Tower,68,11,12,10,101,0,170,8,0,178,68,181,20,10,279,27,4,31,310
04/12/2018,LIH,HI,AWP,WE,Federal Contract Tower,73,12,9,0,94,0,175,6,0,181,73,187,15,0,275,44,2,46,321
04/13/2018,LIH,HI,AWP,WE,Federal Contract Tower,77,12,11,2,102,0,210,4,0,214,77,222,15,2,316,50,0,50,366
04/14/2018,LIH,HI,AWP,WE,Federal Contract Tower,78,7,11,0,96,0,4,1,0,5,78,11,12,0,101,6,0,6,107
04/15/2018,LIH,HI,AWP,WE,Federal Contract Tower,80,3,1,6,90,0,9,3,9,21,80,12,4,15,111,28,0,28,139
04/16/2018,LIH,HI,AWP,WE,Federal Contract Tower,70,12,5,2,89,0,226,4,20,250,70,238,9,22,339,40,2,42,381
04/17/2018,LIH,HI,AWP,WE,Federal Contract Tower,67,13,2,1,83,0,0,0,0,0,67,13,2,1,83,36,0,36,119
04/18/2018,LIH,HI,AWP,WE,Federal Contract Tower,72,15,3,3,93,0,265,3,8,276,72,280,6,11,369,44,0,44,413
04/19/2018,LIH,HI,AWP,WE,Federal Contract Tower,73,10,8,3,94,0,237,6,11,254,73,247,14,14,348,52,0,52,400
04/20/2018,LIH,HI,AWP,WE,Federal Contract Tower,81,12,4,10,107,0,180,6,9,195,81,192,10,19,302,46,2,48,350
04/21/2018,LIH,HI,AWP,WE,Federal Contract Tower,73,4,4,0,81,0,257,12,5,274,73,261,16,5,355,52,0,52,407
04/22/2018,LIH,HI,AWP,WE,Federal Contract Tower,77,4,3,2,86,0,212,2,8,222,77,216,5,10,308,42,0,42,350
04/23/2018,LIH,HI,AWP,WE,Federal Contract Tower,73,13,5,0,91,0,240,12,0,252,73,253,17,0,343,38,0,38,381
04/24/2018,LIH,HI,AWP,WE,Federal Contract Tower,68,13,2,2,85,0,240,16,2,258,68,253,18,4,343,34,4,38,381
04/25/2018,LIH,HI,AWP,WE,Federal Contract Tower,67,13,1,7,88,0,247,24,14,285,67,260,25,21,373,22,0,22,395
04/26/2018,LIH,HI,AWP,WE,Federal Contract Tower,73,18,3,2,96,0,249,19,4,272,73,267,22,6,368,30,0,30,398
04/27/2018,LIH,HI,AWP,WE,Federal Contract Tower,79,14,2,3,98,0,196,2,12,210,79,210,4,15,308,44,0,44,352
04/28/2018,LIH,HI,AWP,WE,Federal Contract Tower,76,4,1,0,81,0,212,8,3,223,76,216,9,3,304,43,0,43,347
04/29/2018,LIH,HI,AWP,WE,Federal Contract Tower,77,6,2,0,85,0,141,5,2,148,77,147,7,2,233,48,0,48,281
04/30/2018,LIH,HI,AWP,WE,Federal Contract Tower,2224,319,132,71,2746,0,5250,230,136,5616,2224,5569,362,207,8362,1132,20,1152,9514
05/01/2018,LIH,HI,AWP,WE,Federal Contract Tower,65,13,3,3,84,0,257,18,8,283,65,270,21,11,367,53,0,53,420
05/02/2018,LIH,HI,AWP,WE,Federal Contract Tower,63,16,5,0,84,0,195,8,5,208,63,211,13,5,292,56,0,56,348
05/03/2018,LIH,HI,AWP,WE,Federal Contract Tower,74,16,8,6,104,0,31,13,0,44,74,47,21,6,148,32,0,32,180
05/04/2018,LIH,HI,AWP,WE,Federal Contract Tower,81,13,0,8,102,0,196,4,0,200,81,209,4,8,302,50,0,50,352
05/05/2018,LIH,HI,AWP,WE,Federal Contract Tower,78,5,4,1,88,0,216,9,0,225,78,221,13,1,313,46,0,46,359
05/06/2018,LIH,HI,AWP,WE,Federal Contract Tower,83,3,2,4,92,0,229,11,2,242,83,232,13,6,334,56,0,56,390
05/07/2018,LIH,HI,AWP,WE,Federal Contract Tower,72,12,7,17,108,0,249,2,1,252,72,261,9,18,360,26,0,26,386
05/08/2018,LIH,HI,AWP,WE,Federal Contract Tower,69,18,5,2,94,0,224,8,2,234,69,242,13,4,328,38,0,38,366
05/09/2018,LIH,HI,AWP,WE,Federal Contract Tower,67,13,2,1,83,0,239,14,2,255,67,252,16,3,338,34,0,34,372
05/10/2018,LIH,HI,AWP,WE,Federal Contract Tower,69,15,8,2,94,0,224,6,3,233,69,239,14,5,327,44,6,50,377
05/11/2018,LIH,HI,AWP,WE,Federal Contract Tower,82,11,4,0,97,0,238,30,2,270,82,249,34,2,367,26,0,26,393
05/12/2018,LIH,HI,AWP,WE,Federal Contract Tower,76,1,1,0,78,0,196,6,0,202,76,197,7,0,280,28,0,28,308
05/13/2018,LIH,HI,AWP,WE,Federal Contract Tower,77,4,3,0,84,0,164,6,0,170,77,168,9,0,254,22,0,22,276
05/14/2018,LIH,HI,AWP,WE,Federal Contract Tower,73,15,0,16,104,0,147,0,3,150,73,162,0,19,254,26,0,26,280
05/15/2018,LIH,HI,AWP,WE,Federal Contract Tower,76,15,0,6,97,0,212,8,2,222,76,227,8,8,319,60,12,72,391
05/16/2018,LIH,HI,AWP,WE,Federal Contract Tower,71,14,0,1,86,0,261,3,2,266,71,275,3,3,352,46,4,50,402
05/17/2018,LIH,HI,AWP,WE,Federal Contract Tower,67,12,1,3,83,0,270,21,2,293,67,282,22,5,376,76,0,76,452
05/18/2018,LIH,HI,AWP,WE,Federal Contract Tower,76,12,2,0,90,0,266,11,0,277,76,278,13,0,367,118,0,118,485
05/19/2018,LIH,HI,AWP,WE,Federal Contract Tower,78,0,4,0,82,0,174,16,0,190,78,174,20,0,272,46,0,46,318
05/20/2018,LIH,HI,AWP,WE,Federal Contract Tower,77,9,1,0,87,0,186,8,0,194,77,195,9,0,281,28,0,28,309
05/21/2018,LIH,HI,AWP,WE,Federal Contract Tower,65,13,7,2,87,0,215,17,2,234,65,228,24,4,321,88,0,88,409
05/22/2018,LIH,HI,AWP,WE,Federal Contract Tower,68,17,5,5,95,0,234,8,6,248,68,251,13,11,343,28,8,36,379
05/23/2018,LIH,HI,AWP,WE,Federal Contract Tower,69,15,5,11,100,0,248,29,1,278,69,263,34,12,378,53,10,63,441
05/24/2018,LIH,HI,AWP,WE,Federal Contract Tower,72,11,8,4,95,0,242,7,3,252,72,253,15,7,347,52,1,53,400
05/25/2018,LIH,HI,AWP,WE,Federal Contract Tower,83,10,4,0,97,0,216,0,0,216,83,226,4,0,313,42,0,42,355
05/26/2018,LIH,HI,AWP,WE,Federal Contract Tower,84,6,7,0,97,0,219,9,0,228,84,225,16,0,325,43,0,43,368
05/27/2018,LIH,HI,AWP,WE,Federal Contract Tower,81,2,0,0,83,0,103,6,0,109,81,105,6,0,192,32,0,32,224
05/28/2018,LIH,HI,AWP,WE,Federal Contract Tower,74,9,2,0,85,0,264,18,0,282,74,273,20,0,367,24,0,24,391
05/29/2018,LIH,HI,AWP,WE,Federal Contract Tower,80,14,2,6,102,0,203,19,0,222,80,217,21,6,324,38,0,38,362
05/30/2018,LIH,HI,AWP,WE,Federal Contract Tower,74,16,2,10,102,0,195,6,0,201,74,211,8,10,303,32,1,33,336
05/31/2018,LIH,HI,AWP,WE,Federal Contract Tower,76,14,2,10,102,0,277,9,0,286,76,291,11,10,388,82,0,82,470
06/01/2018,LIH,HI,AWP,WE,Federal Contract Tower,87,16,1,2,106,0,253,33,1,287,87,269,34,3,393,58,0,58,451
06/02/2018,LIH,HI,AWP,WE,Federal Contract Tower,86,2,0,0,88,0,193,9,0,202,86,195,9,0,290,37,0,37,327
06/03/2018,LIH,HI,AWP,WE,Federal Contract Tower,85,5,2,2,94,0,209,5,0,214,85,214,7,2,308,30,0,30,338
06/04/2018,LIH,HI,AWP,WE,Federal Contract Tower,76,8,5,4,93,0,248,28,0,276,76,256,33,4,369,44,0,44,413
06/05/2018,LIH,HI,AWP,WE,Federal Contract Tower,80,16,3,8,107,0,240,39,0,279,80,256,42,8,386,50,0,50,436
06/06/2018,LIH,HI,AWP,WE,Federal Contract Tower,77,22,0,10,109,0,240,35,0,275,77,262,35,10,384,50,6,56,440
06/07/2018,LIH,HI,AWP,WE,Federal Contract Tower,80,16,2,0,98,0,242,21,2,265,80,258,23,2,363,26,0,26,389
06/08/2018,LIH,HI,AWP,WE,Federal Contract Tower,85,21,3,0,109,0,206,15,0,221,85,227,18,0,330,52,0,52,382
06/09/2018,LIH,HI,AWP,WE,Federal Contract Tower,82,6,1,0,89,0,204,8,0,212,82,210,9,0,301,20,0,20,321
06/10/2018,LIH,HI,AWP,WE,Federal Contract Tower,84,3,4,0,91,0,169,5,0,174,84,172,9,0,265,34,0,34,299
06/11/2018,LIH,HI,AWP,WE,Federal Contract Tower,79,15,5,1,100,0,218,12,1,231,79,233,17,2,331,48,0,48,379
06/12/2018,LIH,HI,AWP,WE,Federal Contract Tower,86,21,1,2,110,0,217,36,2,255,86,238,37,4,365,18,0,18,383
06/13/2018,LIH,HI,AWP,WE,Federal Contract Tower,83,11,1,12,107,0,215,21,0,236,83,226,22,12,343,30,0,30,373
06/14/2018,LIH,HI,AWP,WE,Federal Contract Tower,81,14,3,7,105,0,180,3,0,183,81,194,6,7,288,48,18,66,354
06/15/2018,LIH,HI,AWP,WE,Federal Contract Tower,87,16,4,4,111,0,244,10,0,254,87,260,14,4,365,48,0,48,413
06/16/2018,LIH,HI,AWP,WE,Federal Contract Tower,84,7,6,8,105,0,191,38,0,229,84,198,44,8,334,6,0,6,340
06/17/2018,LIH,HI,AWP,WE,Federal Contract Tower,82,9,3,0,94,0,201,22,0,223,82,210,25,0,317,40,0,40,357
06/18/2018,LIH,HI,AWP,WE,Federal Contract Tower,83,16,2,0,101,0,240,33,0,273,83,256,35,0,374,16,0,16,390
06/19/2018,LIH,HI,AWP,WE,Federal Contract Tower,81,14,1,3,99,0,181,27,3,211,81,195,28,6,310,24,0,24,334
06/20/2018,LIH,HI,AWP,WE,Federal Contract Tower,79,9,2,10,100,0,241,31,0,272,79,250,33,10,372,25,0,25,397
06/21/2018,LIH,HI,AWP,WE,Federal Contract Tower,76,18,0,4,98,0,269,14,2,285,76,287,14,6,383,48,0,48,431
06/22/2018,LIH,HI,AWP,WE,Federal Contract Tower,102,13,2,1,118,0,256,7,0,263,102,269,9,1,381,50,0,50,431
06/23/2018,LIH,HI,AWP,WE,Federal Contract Tower,87,7,6,8,108,0,193,32,1,226,87,200,38,9,334,54,0,54,388
06/25/2018,LIH,HI,AWP,WE,Federal Contract Tower,80,10,6,1,97,0,232,17,1,250,80,242,23,2,347,35,0,35,382
06/26/2018,LIH,HI,AWP,WE,Federal Contract Tower,80,12,1,4,97,0,255,49,0,304,80,267,50,4,401,12,0,12,413
06/27/2018,LIH,HI,AWP,WE,Federal Contract Tower,80,13,2,0,95,0,155,35,2,192,80,168,37,2,287,42,0,42,329
06/28/2018,LIH,HI,AWP,WE,Federal Contract Tower,84,18,4,2,108,0,169,23,1,193,84,187,27,3,301,46,0,46,347
06/29/2018,LIH,HI,AWP,WE,Federal Contract Tower,89,20,2,2,113,0,213,7,0,220,89,233,9,2,333,69,0,69,402
06/30/2018,LIH,HI,AWP,WE,Federal Contract Tower,84,5,4,0,93,0,264,3,0,267,84,269,7,0,360,50,0,50,410
07/01/2018,LIH,HI,AWP,WE,Federal Contract Tower,83,10,2,23,118,0,239,8,0,247,83,249,10,23,365,40,0,40,405
07/02/2018,LIH,HI,AWP,WE,Federal Contract Tower,77,12,1,1,91,0,240,6,1,247,77,252,7,2,338,51,0,51,389
07/03/2018,LIH,HI,AWP,WE,Federal Contract Tower,88,11,1,14,114,0,219,19,0,238,88,230,20,14,352,22,0,22,374
07/04/2018,LIH,HI,AWP,WE,Federal Contract Tower,73,6,4,0,83,0,246,21,0,267,73,252,25,0,350,28,0,28,378
07/05/2018,LIH,HI,AWP,WE,Federal Contract Tower,78,17,1,1,97,0,340,30,0,370,78,357,31,1,467,36,0,36,503
07/06/2018,LIH,HI,AWP,WE,Federal Contract Tower,85,20,2,0,107,0,233,3,0,236,85,253,5,0,343,42,0,42,385
07/07/2018,LIH,HI,AWP,WE,Federal Contract Tower,86,4,6,7,103,0,195,14,2,211,86,199,20,9,314,44,0,44,358
07/08/2018,LIH,HI,AWP,WE,Federal Contract Tower,82,3,3,7,95,0,136,8,1,145,82,139,11,8,240,30,8,38,278
07/09/2018,LIH,HI,AWP,WE,Federal Contract Tower,76,15,3,1,95,0,195,11,7,213,76,210,14,8,308,44,6,50,358
07/10/2018,LIH,HI,AWP,WE,Federal Contract Tower,86,10,0,2,98,0,261,2,3,266,86,271,2,5,364,34,0,34,398
07/11/2018,LIH,HI,AWP,WE,Federal Contract Tower,83,13,0,13,109,0,238,17,5,260,83,251,17,18,369,40,0,40,409
07/12/2018,LIH,HI,AWP,WE,Federal Contract Tower,85,20,0,0,105,0,285,7,4,296,85,305,7,4,401,40,0,40,441
07/13/2018,LIH,HI,AWP,WE,Federal Contract Tower,87,13,3,0,103,0,191,19,0,210,87,204,22,0,313,40,0,40,353
07/14/2018,LIH,HI,AWP,WE,Federal Contract Tower,86,10,4,3,103,0,83,12,0,95,86,93,16,3,198,40,0,40,238
07/15/2018,LIH,HI,AWP,WE,Federal Contract Tower,83,5,1,0,89,0,187,8,2,197,83,192,9,2,286,56,0,56,342
07/17/2018,LIH,HI,AWP,WE,Federal Contract Tower,82,13,2,1,98,0,258,33,0,291,82,271,35,1,389,12,0,12,401
07/18/2018,LIH,HI,AWP,WE,Federal Contract Tower,86,23,0,2,111,0,233,10,0,243,86,256,10,2,354,42,0,42,396
07/19/2018,LIH,HI,AWP,WE,Federal Contract Tower,84,13,0,2,99,0,312,24,3,339,84,325,24,5,438,44,8,52,490
07/20/2018,LIH,HI,AWP,WE,Federal Contract Tower,89,25,5,0,119,0,245,7,0,252,89,270,12,0,371,26,0,26,397
07/21/2018,LIH,HI,AWP,WE,Federal Contract Tower,88,9,6,0,103,0,230,12,3,245,88,239,18,3,348,38,0,38,386
07/22/2018,LIH,HI,AWP,WE,Federal Contract Tower,89,3,3,0,95,0,185,5,0,190,89,188,8,0,285,48,0,48,333
07/23/2018,LIH,HI,AWP,WE,Federal Contract Tower,76,11,11,6,104,0,37,8,0,45,76,48,19,6,149,42,0,42,191
07/24/2018,LIH,HI,AWP,WE,Federal Contract Tower,85,15,2,8,110,0,228,21,0,249,85,243,23,8,359,24,0,24,383
07/25/2018,LIH,HI,AWP,WE,Federal Contract Tower,88,13,3,5,109,0,308,49,1,358,88,321,52,6,467,44,6,50,517
07/26/2018,LIH,HI,AWP,WE,Federal Contract Tower,83,15,6,1,105,0,305,20,5,330,83,320,26,6,435,30,0,30,465
07/27/2018,LIH,HI,AWP,WE,Federal Contract Tower,76,19,3,1,99,0,298,9,2,309,76,317,12,3,408,40,0,40,448
07/28/2018,LIH,HI,AWP,WE,Federal Contract Tower,86,8,3,0,97,0,266,4,0,270,86,274,7,0,367,28,2,30,397
07/29/2018,LIH,HI,AWP,WE,Federal Contract Tower,83,9,1,0,93,0,237,12,0,249,83,246,13,0,342,34,0,34,376
07/30/2018,LIH,HI,AWP,WE,Federal Contract Tower,85,13,3,0,101,0,146,24,0,170,85,159,27,0,271,62,0,62,333
07/31/2018,LIH,HI,AWP,WE,Federal Contract Tower,86,23,4,4,117,0,250,28,4,282,86,273,32,8,399,36,0,36,435
08/01/2018,LIH,HI,AWP,WE,Federal Contract Tower,83,14,2,4,103,0,279,24,0,303,83,293,26,4,406,42,0,42,448
08/02/2018,LIH,HI,AWP,WE,Federal Contract Tower,85,8,1,11,105,0,311,23,4,338,85,319,24,15,443,18,0,18,461
08/03/2018,LIH,HI,AWP,WE,Federal Contract Tower,89,18,2,0,109,0,269,7,0,276,89,287,9,0,385,56,0,56,441
08/04/2018,LIH,HI,AWP,WE,Federal Contract Tower,119,12,5,6,142,0,217,4,4,225,119,229,9,10,367,34,0,34,401
08/05/2018,LIH,HI,AWP,WE,Federal Contract Tower,86,1,3,0,90,0,191,9,0,200,86,192,12,0,290,58,0,58,348
08/06/2018,LIH,HI,AWP,WE,Federal Contract Tower,79,17,6,4,106,0,212,21,0,233,79,229,27,4,339,62,10,72,411
08/07/2018,LIH,HI,AWP,WE,Federal Contract Tower,87,13,0,4,104,0,285,40,0,325,87,298,40,4,429,32,0,32,461
08/08/2018,LIH,HI,AWP,WE,Federal Contract Tower,80,15,3,6,104,0,309,22,0,331,80,324,25,6,435,66,0,66,501
08/09/2018,LIH,HI,AWP,WE,Federal Contract Tower,85,14,0,0,99,0,14,0,0,14,85,28,0,0,113,4,0,4,117
08/10/2018,LIH,HI,AWP,WE,Federal Contract Tower,92,27,3,8,130,0,95,4,0,99,92,122,7,8,229,34,0,34,263
08/11/2018,LIH,HI,AWP,WE,Federal Contract Tower,84,0,5,0,89,0,274,9,0,283,84,274,14,0,372,52,0,52,424
08/12/2018,LIH,HI,AWP,WE,Federal Contract Tower,83,3,5,0,91,0,225,15,0,240,83,228,20,0,331,90,0,90,421
08/13/2018,LIH,HI,AWP,WE,Federal Contract Tower,82,10,0,7,99,0,274,17,1,292,82,284,17,8,391,40,0,40,431
08/14/2018,LIH,HI,AWP,WE,Federal Contract Tower,87,15,8,0,110,0,275,42,0,317,87,290,50,0,427,10,0,10,437
08/15/2018,LIH,HI,AWP,WE,Federal Contract Tower,79,11,3,4,97,0,279,52,0,331,79,290,55,4,428,60,8,68,496
08/16/2018,LIH,HI,AWP,WE,Federal Contract Tower,79,18,2,0,99,0,259,13,4,276,79,277,15,4,375,41,0,41,416
08/17/2018,LIH,HI,AWP,WE,Federal Contract Tower,89,21,3,1,114,0,293,5,0,298,89,314,8,1,412,52,0,52,464
08/18/2018,LIH,HI,AWP,WE,Federal Contract Tower,89,9,7,0,105,0,210,15,0,225,89,219,22,0,330,38,0,38,368
08/19/2018,LIH,HI,AWP,WE,Federal Contract Tower,85,7,2,4,98,0,189,12,5,206,85,196,14,9,304,28,0,28,332
08/20/2018,LIH,HI,AWP,WE,Federal Contract Tower,84,15,3,2,104,0,245,24,0,269,84,260,27,2,373,36,8,44,417
08/21/2018,LIH,HI,AWP,WE,Federal Contract Tower,75,17,1,0,93,0,308,31,0,339,75,325,32,0,432,25,0,25,457
08/22/2018,LIH,HI,AWP,WE,Federal Contract Tower,73,18,5,2,98,0,285,25,0,310,73,303,30,2,408,18,0,18,426
08/23/2018,LIH,HI,AWP,WE,Federal Contract Tower,75,13,1,0,89,0,0,0,0,0,75,13,1,0,89,10,0,10,99
08/24/2018,LIH,HI,AWP,WE,Federal Contract Tower,75,0,0,0,75,0,0,0,0,0,75,0,0,0,75,0,0,0,75
08/25/2018,LIH,HI,AWP,WE,Federal Contract Tower,81,0,0,0,81,0,12,0,0,12,81,12,0,0,93,0,0,0,93
08/26/2018,LIH,HI,AWP,WE,Federal Contract Tower,81,4,2,0,87,0,1,2,3,6,81,5,4,3,93,0,0,0,93
08/28/2018,LIH,HI,AWP,WE,Federal Contract Tower,69,14,4,2,89,1,2,0,0,3,70,16,4,2,92,2,0,2,94
08/29/2018,LIH,HI,AWP,WE,Federal Contract Tower,74,16,0,5,95,0,231,19,1,251,74,247,19,6,346,30,0,30,376
08/30/2018,LIH,HI,AWP,WE,Federal Contract Tower,80,18,2,2,102,0,266,7,2,275,80,284,9,4,377,66,0,66,443
08/31/2018,LIH,HI,AWP,WE,Federal Contract Tower,83,17,0,0,100,0,215,8,0,223,83,232,8,0,323,58,0,58,381
09/01/2018,LIH,HI,AWP,WE,Federal Contract Tower,82,3,6,0,91,0,206,5,0,211,82,209,11,0,302,22,0,22,324
09/02/2018,LIH,HI,AWP,WE,Federal Contract Tower,73,6,1,3,83,0,162,1,5,168,73,168,2,8,251,26,0,26,277
09/03/2018,LIH,HI,AWP,WE,Federal Contract Tower,81,4,3,0,88,0,197,12,0,209,81,201,15,0,297,56,0,56,353
09/04/2018,LIH,HI,AWP,WE,Federal Contract Tower,66,17,2,2,87,0,217,7,0,224,66,234,9,2,311,92,0,92,403
09/05/2018,LIH,HI,AWP,WE,Federal Contract Tower,62,17,1,1,81,0,125,1,1,127,62,142,2,2,208,28,0,28,236
09/06/2018,LIH,HI,AWP,WE,Federal Contract Tower,65,15,1,3,84,0,266,3,1,270,65,281,4,4,354,44,0,44,398
09/07/2018,LIH,HI,AWP,WE,Federal Contract Tower,75,24,1,1,101,0,238,0,0,238,75,262,1,1,339,44,0,44,383
09/08/2018,LIH,HI,AWP,WE,Federal Contract Tower,79,2,6,2,89,0,190,10,0,200,79,192,16,2,289,26,0,26,315
09/09/2018,LIH,HI,AWP,WE,Federal Contract Tower,71,4,5,2,82,0,168,4,0,172,71,172,9,2,254,38,0,38,292
09/10/2018,LIH,HI,AWP,WE,Federal Contract Tower,66,13,4,1,84,0,218,9,5,232,66,231,13,6,316,52,0,52,368
09/11/2018,LIH,HI,AWP,WE,Federal Contract Tower,69,16,2,4,91,0,233,8,2,243,69,249,10,6,334,52,0,52,386
09/12/2018,LIH,HI,AWP,WE,Federal Contract Tower,65,8,1,1,75,0,83,11,0,94,65,91,12,1,169,38,0,38,207
09/13/2018,LIH,HI,AWP,WE,Federal Contract Tower,65,21,3,8,97,0,78,0,0,78,65,99,3,8,175,56,0,56,231
09/14/2018,LIH,HI,AWP,WE,Federal Contract Tower,73,19,3,2,97,0,190,8,7,205,73,209,11,9,302,92,0,92,394
09/15/2018,LIH,HI,AWP,WE,Federal Contract Tower,80,8,0,4,92,0,148,8,2,158,80,156,8,6,250,26,0,26,276
09/16/2018,LIH,HI,AWP,WE,Federal Contract Tower,75,5,3,0,83,0,204,2,0,206,75,209,5,0,289,30,0,30,319
09/17/2018,LIH,HI,AWP,WE,Federal Contract Tower,66,19,5,4,94,0,201,4,1,206,66,220,9,5,300,70,0,70,370
09/18/2018,LIH,HI,AWP,WE,Federal Contract Tower,62,16,9,10,97,0,216,3,7,226,62,232,12,17,323,118,0,118,441
09/19/2018,LIH,HI,AWP,WE,Federal Contract Tower,57,19,5,12,93,0,294,2,4,300,57,313,7,16,393,154,8,162,555
09/20/2018,LIH,HI,AWP,WE,Federal Contract Tower,65,15,0,1,81,0,244,5,0,249,65,259,5,1,330,58,0,58,388
09/21/2018,LIH,HI,AWP,WE,Federal Contract Tower,71,22,1,6,100,0,208,12,3,223,71,230,13,9,323,72,8,80,403
09/22/2018,LIH,HI,AWP,WE,Federal Contract Tower,79,4,9,2,94,0,263,4,1,268,79,267,13,3,362,96,0,96,458
09/23/2018,LIH,HI,AWP,WE,Federal Contract Tower,73,6,3,0,82,0,206,2,2,210,73,212,5,2,292,66,0,66,358
09/24/2018,LIH,HI,AWP,WE,Federal Contract Tower,68,12,3,4,87,0,235,4,0,239,68,247,7,4,326,80,0,80,406
09/25/2018,LIH,HI,AWP,WE,Federal Contract Tower,64,14,3,0,81,0,87,12,2,101,64,101,15,2,182,34,2,36,218
09/26/2018,LIH,HI,AWP,WE,Federal Contract Tower,70,17,1,6,94,0,97,1,2,100,70,114,2,8,194,50,0,50,244
09/27/2018,LIH,HI,AWP,WE,Federal Contract Tower,64,19,2,20,105,0,225,2,0,227,64,244,4,20,332,38,0,38,370
09/28/2018,LIH,HI,AWP,WE,Federal Contract Tower,78,21,3,3,105,0,240,11,5,256,78,261,14,8,361,43,1,44,405
09/29/2018,LIH,HI,AWP,WE,Federal Contract Tower,78,0,3,0,81,0,5,9,2,16,78,5,12,2,97,58,0,58,155
09/30/2018,LIH,HI,AWP,WE,Federal Contract Tower,69,1,3,0,73,0,162,9,18,189,69,163,12,18,262,86,0,86,348
10/01/2018,LIH,HI,AWP,WE,Federal Contract Tower,64,20,0,7,91,0,154,0,0,154,64,174,0,7,245,32,2,34,279
10/02/2018,LIH,HI,AWP,WE,Federal Contract Tower,61,21,3,6,91,0,242,17,0,259,61,263,20,6,350,24,36,60,410
10/03/2018,LIH,HI,AWP,WE,Federal Contract Tower,68,19,1,20,108,0,211,25,1,237,68,230,26,21,345,30,8,38,383
10/04/2018,LIH,HI,AWP,WE,Federal Contract Tower,73,15,1,1,90,0,319,13,3,335,73,334,14,4,425,40,1,41,466
10/05/2018,LIH,HI,AWP,WE,Federal Contract Tower,79,11,0,3,93,0,231,9,2,242,79,242,9,5,335,42,4,46,381
10/06/2018,LIH,HI,AWP,WE,Federal Contract Tower,79,7,4,0,90,0,227,3,0,230,79,234,7,0,320,88,0,88,408
10/07/2018,LIH,HI,AWP,WE,Federal Contract Tower,73,3,2,1,79,0,211,23,0,234,73,214,25,1,313,62,0,62,375
10/08/2018,LIH,HI,AWP,WE,Federal Contract Tower,75,11,1,0,87,0,272,28,0,300,75,283,29,0,387,94,0,94,481
10/09/2018,LIH,HI,AWP,WE,Federal Contract Tower,70,13,3,8,94,0,290,23,6,319,70,303,26,14,413,38,0,38,451
10/10/2018,LIH,HI,AWP,WE,Federal Contract Tower,70,17,2,2,91,0,255,26,4,285,70,272,28,6,376,32,0,32,408
10/11/2018,LIH,HI,AWP,WE,Federal Contract Tower,68,18,3,0,89,0,269,10,2,281,68,287,13,2,370,24,0,24,394
10/12/2018,LIH,HI,AWP,WE,Federal Contract Tower,79,18,3,4,104,0,236,5,3,244,79,254,8,7,348,66,10,76,424
10/13/2018,LIH,HI,AWP,WE,Federal Contract Tower,78,3,4,4,89,0,227,16,2,245,78,230,20,6,334,62,0,62,396
10/14/2018,LIH,HI,AWP,WE,Federal Contract Tower,74,7,1,2,84,0,117,13,0,130,74,124,14,2,214,48,0,48,262
10/15/2018,LIH,HI,AWP,WE,Federal Contract Tower,72,17,0,2,91,0,218,3,0,221,72,235,3,2,312,35,0,35,347
10/16/2018,LIH,HI,AWP,WE,Federal Contract Tower,64,23,0,10,97,0,280,28,3,311,64,303,28,13,408,82,0,82,490
10/17/2018,LIH,HI,AWP,WE,Federal Contract Tower,66,18,1,12,97,0,237,17,0,254,66,255,18,12,351,32,8,40,391
10/18/2018,LIH,HI,AWP,WE,Federal Contract Tower,71,19,2,5,97,0,253,15,2,270,71,272,17,7,367,24,0,24,391
10/19/2018,LIH,HI,AWP,WE,Federal Contract Tower,65,14,2,0,81,0,258,5,1,264,65,272,7,1,345,72,0,72,417
10/20/2018,LIH,HI,AWP,WE,Federal Contract Tower,76,5,4,7,92,0,213,11,0,224,76,218,15,7,316,50,0,50,366
10/21/2018,LIH,HI,AWP,WE,Federal Contract Tower,78,1,6,0,85,0,179,10,0,189,78,180,16,0,274,58,0,58,332
10/22/2018,LIH,HI,AWP,WE,Federal Contract Tower,72,12,3,0,87,0,251,23,0,274,72,263,26,0,361,45,0,45,406
10/23/2018,LIH,HI,AWP,WE,Federal Contract Tower,69,15,10,0,94,0,285,30,1,316,69,300,40,1,410,73,0,73,483
10/24/2018,LIH,HI,AWP,WE,Federal Contract Tower,69,10,10,2,91,0,190,16,2,208,69,200,26,4,299,84,0,84,383
10/25/2018,LIH,HI,AWP,WE,Federal Contract Tower,66,25,2,4,97,0,273,13,4,290,66,298,15,8,387,42,0,42,429
10/26/2018,LIH,HI,AWP,WE,Federal Contract Tower,82,11,2,0,95,0,270,9,0,279,82,281,11,0,374,76,0,76,450
10/27/2018,LIH,HI,AWP,WE,Federal Contract Tower,77,2,6,0,85,0,211,8,1,220,77,213,14,1,305,63,5,68,373
10/28/2018,LIH,HI,AWP,WE,Federal Contract Tower,76,2,2,4,84,0,163,12,2,177,76,165,14,6,261,48,0,48,309
10/29/2018,LIH,HI,AWP,WE,Federal Contract Tower,75,14,3,2,94,0,35,4,0,39,75,49,7,2,133,47,0,47,180
10/30/2018,LIH,HI,AWP,WE,Federal Contract Tower,60,22,3,8,93,0,161,24,0,185,60,183,27,8,278,16,2,18,296
10/31/2018,LIH,HI,AWP,WE,Federal Contract Tower,62,13,12,6,93,0,221,39,0,260,62,234,51,6,353,90,0,90,443
11/01/2018,LIH,HI,AWP,WE,Federal Contract Tower,69,18,3,0,90,0,258,7,0,265,69,276,10,0,355,74,0,74,429
11/02/2018,LIH,HI,AWP,WE,Federal Contract Tower,78,15,5,1,99,0,301,27,2,330,78,316,32,3,429,28,0,28,457
11/03/2018,LIH,HI,AWP,WE,Federal Contract Tower,80,2,5,3,90,0,193,18,27,238,80,195,23,30,328,32,8,40,368
11/04/2018,LIH,HI,AWP,WE,Federal Contract Tower,73,4,3,2,82,0,148,8,5,161,73,152,11,7,243,80,0,80,323
11/06/2018,LIH,HI,AWP,WE,Federal Contract Tower,62,16,1,12,91,0,221,19,0,240,62,237,20,12,331,50,0,50,381
11/07/2018,LIH,HI,AWP,WE,Federal Contract Tower,65,12,0,10,87,0,194,13,0,207,65,206,13,10,294,43,0,43,337
11/08/2018,LIH,HI,AWP,WE,Federal Contract Tower,65,16,8,4,93,0,217,22,0,239,65,233,30,4,332,58,0,58,390
11/09/2018,LIH,HI,AWP,WE,Federal Contract Tower,84,23,4,4,115,0,169,18,0,187,84,192,22,4,302,52,0,52,354
11/10/2018,LIH,HI,AWP,WE,Federal Contract Tower,79,1,5,0,85,0,273,36,2,311,79,274,41,2,396,24,0,24,420
11/11/2018,LIH,HI,AWP,WE,Federal Contract Tower,75,5,1,2,83,0,195,17,0,212,75,200,18,2,295,56,6,62,357
11/12/2018,LIH,HI,AWP,WE,Federal Contract Tower,68,11,3,0,82,0,224,2,0,226,68,235,5,0,308,56,0,56,364
11/13/2018,LIH,HI,AWP,WE,Federal Contract Tower,60,15,4,4,83,0,98,14,0,112,60,113,18,4,195,38,0,38,233
11/14/2018,LIH,HI,AWP,WE,Federal Contract Tower,61,14,15,6,96,0,199,38,0,237,61,213,53,6,333,53,2,55,388
11/15/2018,LIH,HI,AWP,WE,Federal Contract Tower,71,13,2,2,88,0,226,15,0,241,71,239,17,2,329,60,10,70,399
11/16/2018,LIH,HI,AWP,WE,Federal Contract Tower,77,20,4,6,107,0,178,12,0,190,77,198,16,6,297,78,2,80,377
11/17/2018,LIH,HI,AWP,WE,Federal Contract Tower,87,2,4,2,95,0,167,9,0,176,87,169,13,2,271,110,0,110,381
11/18/2018,LIH,HI,AWP,WE,Federal Contract Tower,84,6,1,0,91,0,181,6,3,190,84,187,7,3,281,54,0,54,335
11/19/2018,LIH,HI,AWP,WE,Federal Contract Tower,71,13,1,3,88,1,232,18,0,251,72,245,19,3,339,60,12,72,411
11/20/2018,LIH,HI,AWP,WE,Federal Contract Tower,72,17,5,15,109,0,194,16,5,215,72,211,21,20,324,56,0,56,380
11/21/2018,LIH,HI,AWP,WE,Federal Contract Tower,68,15,4,5,92,242,23,0,0,265,310,38,4,5,357,22,4,26,383
11/22/2018,LIH,HI,AWP,WE,Federal Contract Tower,66,1,0,0,67,0,146,14,0,160,66,147,14,0,227,8,0,8,235
11/23/2018,LIH,HI,AWP,WE,Federal Contract Tower,79,13,0,0,92,0,302,6,0,308,79,315,6,0,400,84,0,84,484
11/24/2018,LIH,HI,AWP,WE,Federal Contract Tower,80,4,5,0,89,0,289,4,0,293,80,293,9,0,382,26,0,26,408
11/25/2018,LIH,HI,AWP,WE,Federal Contract Tower,79,3,1,0,83,0,236,4,2,242,79,239,5,2,325,34,0,34,359
11/26/2018,LIH,HI,AWP,WE,Federal Contract Tower,69,17,1,1,88,0,238,27,3,268,69,255,28,4,356,68,0,68,424
11/27/2018,LIH,HI,AWP,WE,Federal Contract Tower,65,13,2,9,89,0,101,16,1,118,65,114,18,10,207,70,10,80,287
11/28/2018,LIH,HI,AWP,WE,Federal Contract Tower,67,14,5,6,92,0,247,33,0,280,67,261,38,6,372,70,0,70,442
11/29/2018,LIH,HI,AWP,WE,Federal Contract Tower,69,16,3,2,90,0,195,31,1,227,69,211,34,3,317,40,0,40,357
11/30/2018,LIH,HI,AWP,WE,Federal Contract Tower,78,17,0,2,97,0,99,13,0,112,78,116,13,2,209,66,0,66,275
12/01/2018,LIH,HI,AWP,WE,Federal Contract Tower,80,5,4,5,94,0,245,4,0,249,80,250,8,5,343,100,0,100,443
12/02/2018,LIH,HI,AWP,WE,Federal Contract Tower,74,11,3,0,88,0,158,0,0,158,74,169,3,0,246,60,0,60,306
12/03/2018,LIH,HI,AWP,WE,Federal Contract Tower,67,21,5,8,101,0,195,17,2,214,67,216,22,10,315,36,6,42,357
12/04/2018,LIH,HI,AWP,WE,Federal Contract Tower,61,7,3,12,83,0,196,17,3,216,61,203,20,15,299,92,2,94,393
12/05/2018,LIH,HI,AWP,WE,Federal Contract Tower,71,6,5,0,82,0,154,48,5,207,71,160,53,5,289,46,0,46,335
12/06/2018,LIH,HI,AWP,WE,Federal Contract Tower,66,17,0,13,96,0,176,16,0,192,66,193,16,13,288,14,0,14,302
12/07/2018,LIH,HI,AWP,WE,Federal Contract Tower,80,20,0,1,101,0,193,33,0,226,80,213,33,1,327,70,0,70,397
12/08/2018,LIH,HI,AWP,WE,Federal Contract Tower,81,13,0,4,98,0,137,1,4,142,81,150,1,8,240,12,0,12,252
12/09/2018,LIH,HI,AWP,WE,Federal Contract Tower,73,7,2,5,87,0,99,9,2,110,73,106,11,7,197,12,0,12,209
12/10/2018,LIH,HI,AWP,WE,Federal Contract Tower,69,30,0,2,101,0,53,1,0,54,69,83,1,2,155,38,0,38,193
12/11/2018,LIH,HI,AWP,WE,Federal Contract Tower,69,13,2,6,90,0,203,9,0,212,69,216,11,6,302,78,2,80,382
12/12/2018,LIH,HI,AWP,WE,Federal Contract Tower,67,17,5,0,89,0,174,47,0,221,67,191,52,0,310,84,0,84,394
12/13/2018,LIH,HI,AWP,WE,Federal Contract Tower,75,12,7,0,94,0,194,23,0,217,75,206,30,0,311,76,0,76,387
12/14/2018,LIH,HI,AWP,WE,Federal Contract Tower,103,28,2,0,133,0,256,14,0,270,103,284,16,0,403,52,0,52,455
12/15/2018,LIH,HI,AWP,WE,Federal Contract Tower,82,8,4,1,95,0,163,12,1,176,82,171,16,2,271,128,0,128,399
12/16/2018,LIH,HI,AWP,WE,Federal Contract Tower,73,3,7,0,83,0,175,5,4,184,73,178,12,4,267,14,4,18,285
12/17/2018,LIH,HI,AWP,WE,Federal Contract Tower,65,31,2,0,98,0,202,41,0,243,65,233,43,0,341,14,0,14,355
12/18/2018,LIH,HI,AWP,WE,Federal Contract Tower,65,13,5,0,83,0,112,18,3,133,65,125,23,3,216,54,0,54,270
12/19/2018,LIH,HI,AWP,WE,Federal Contract Tower,81,9,2,4,96,0,239,44,0,283,81,248,46,4,379,76,0,76,455
12/20/2018,LIH,HI,AWP,WE,Federal Contract Tower,78,16,7,0,101,0,246,44,0,290,78,262,51,0,391,32,0,32,423
12/21/2018,LIH,HI,AWP,WE,Federal Contract Tower,92,18,3,4,117,0,262,7,0,269,92,280,10,4,386,48,0,48,434
12/22/2018,LIH,HI,AWP,WE,Federal Contract Tower,92,7,11,0,110,0,228,8,0,236,92,235,19,0,346,10,0,10,356
12/23/2018,LIH,HI,AWP,WE,Federal Contract Tower,83,4,4,0,91,0,338,12,0,350,83,342,16,0,441,52,0,52,493
12/24/2018,LIH,HI,AWP,WE,Federal Contract Tower,83,10,0,0,93,0,295,38,0,333,83,305,38,0,426,16,0,16,442
12/25/2018,LIH,HI,AWP,WE,Federal Contract Tower,73,2,3,0,78,0,99,12,0,111,73,101,15,0,189,14,0,14,203
12/26/2018,LIH,HI,AWP,WE,Federal Contract Tower,75,17,8,2,102,0,279,23,0,302,75,296,31,2,404,26,0,26,430
12/27/2018,LIH,HI,AWP,WE,Federal Contract Tower,76,13,2,2,93,0,338,9,8,355,76,351,11,10,448,67,0,67,515
12/28/2018,LIH,HI,AWP,WE,Federal Contract Tower,91,13,4,4,112,0,195,3,0,198,91,208,7,4,310,20,0,20,330
12/29/2018,LIH,HI,AWP,WE,Federal Contract Tower,88,2,10,0,100,0,234,2,0,236,88,236,12,0,336,39,0,39,375
12/30/2018,LIH,HI,AWP,WE,Federal Contract Tower,82,9,9,0,100,5,372,3,0,380,87,381,12,0,480,46,0,46,526
12/31/2018,LIH,HI,AWP,WE,Federal Contract Tower,84,18,2,0,104,0,327,7,0,334,84,345,9,0,438,26,0,26,464
01/01/2019,LIH,HI,AWP,WE,Federal Contract Tower,74,3,4,0,81,0,204,11,0,215,74,207,15,0,296,25,0,25,321
01/02/2019,LIH,HI,AWP,WE,Federal Contract Tower,78,21,10,4,113,0,294,8,2,304,78,315,18,6,417,33,2,35,452
01/03/2019,LIH,HI,AWP,WE,Federal Contract Tower,75,14,6,1,96,0,304,12,0,316,75,318,18,1,412,24,0,24,436
01/04/2019,LIH,HI,AWP,WE,Federal Contract Tower,88,19,6,7,120,0,327,8,0,335,88,346,14,7,455,26,10,36,491
01/05/2019,LIH,HI,AWP,WE,Federal Contract Tower,81,5,9,0,95,0,266,27,0,293,81,271,36,0,388,6,0,6,394
01/06/2019,LIH,HI,AWP,WE,Federal Contract Tower,79,11,2,2,94,0,258,22,0,280,79,269,24,2,374,46,20,66,440
01/07/2019,LIH,HI,AWP,WE,Federal Contract Tower,71,13,0,4,88,0,230,32,7,269,71,243,32,11,357,51,0,51,408
01/08/2019,LIH,HI,AWP,WE,Federal Contract Tower,64,13,2,8,87,0,195,21,2,218,64,208,23,10,305,49,0,49,354
01/09/2019,LIH,HI,AWP,WE,Federal Contract Tower,62,24,0,2,88,0,225,38,0,263,62,249,38,2,351,14,2,16,367
01/10/2019,LIH,HI,AWP,WE,Federal Contract Tower,67,14,1,6,88,0,247,25,8,280,67,261,26,14,368,48,2,50,418
01/11/2019,LIH,HI,AWP,WE,Federal Contract Tower,69,17,0,0,86,0,200,6,0,206,69,217,6,0,292,28,0,28,320
01/12/2019,LIH,HI,AWP,WE,Federal Contract Tower,74,2,7,6,89,0,190,18,0,208,74,192,25,6,297,30,2,32,329
01/13/2019,LIH,HI,AWP,WE,Federal Contract Tower,71,3,4,2,80,0,192,11,3,206,71,195,15,5,286,14,0,14,300
01/14/2019,LIH,HI,AWP,WE,Federal Contract Tower,70,13,4,1,88,0,203,5,0,208,70,216,9,1,296,30,0,30,326
01/15/2019,LIH,HI,AWP,WE,Federal Contract Tower,58,8,0,10,76,0,243,21,1,265,58,251,21,11,341,42,6,48,389
01/16/2019,LIH,HI,AWP,WE,Federal Contract Tower,61,15,4,0,80,0,218,5,0,223,61,233,9,0,303,28,0,28,331
01/17/2019,LIH,HI,AWP,WE,Federal Contract Tower,68,14,3,1,86,0,89,8,6,103,68,103,11,7,189,11,6,17,206
01/18/2019,LIH,HI,AWP,WE,Federal Contract Tower,76,16,2,0,94,0,308,10,0,318,76,324,12,0,412,24,0,24,436
01/19/2019,LIH,HI,AWP,WE,Federal Contract Tower,76,2,4,0,82,0,232,11,0,243,76,234,15,0,325,36,0,36,361
01/20/2019,LIH,HI,AWP,WE,Federal Contract Tower,69,2,5,0,76,0,170,7,0,177,69,172,12,0,253,26,0,26,279
01/21/2019,LIH,HI,AWP,WE,Federal Contract Tower,72,6,2,0,80,0,197,2,0,199,72,203,4,0,279,44,0,44,323
01/22/2019,LIH,HI,AWP,WE,Federal Contract Tower,68,10,4,8,90,0,215,29,3,247,68,225,33,11,337,94,0,94,431
01/23/2019,LIH,HI,AWP,WE,Federal Contract Tower,64,17,5,5,91,0,196,22,13,231,64,213,27,18,322,26,0,26,348
01/24/2019,LIH,HI,AWP,WE,Federal Contract Tower,64,13,0,7,84,0,246,20,0,266,64,259,20,7,350,26,0,26,376
01/25/2019,LIH,HI,AWP,WE,Federal Contract Tower,76,17,8,4,105,0,87,6,0,93,76,104,14,4,198,22,0,22,220
01/26/2019,LIH,HI,AWP,WE,Federal Contract Tower,73,4,9,3,89,0,215,7,1,223,73,219,16,4,312,18,1,19,331
01/27/2019,LIH,HI,AWP,WE,Federal Contract Tower,67,2,4,1,74,0,187,20,0,207,67,189,24,1,281,64,0,64,345
01/28/2019,LIH,HI,AWP,WE,Federal Contract Tower,69,12,9,1,91,0,215,42,0,257,69,227,51,1,348,18,0,18,366
01/29/2019,LIH,HI,AWP,WE,Federal Contract Tower,60,15,1,10,86,1,270,38,2,311,61,285,39,12,397,50,0,50,447
01/30/2019,LIH,HI,AWP,WE,Federal Contract Tower,66,12,2,4,84,0,169,8,1,178,66,181,10,5,262,18,3,21,283
01/31/2019,LIH,HI,AWP,WE,Federal Contract Tower,64,10,1,2,77,0,182,13,3,198,64,192,14,5,275,15,0,15,290
02/01/2019,LIH,HI,AWP,WE,Federal Contract Tower,69,13,3,2,87,0,134,23,0,157,69,147,26,2,244,20,0,20,264
02/02/2019,LIH,HI,AWP,WE,Federal Contract Tower,75,3,1,3,82,0,212,8,2,222,75,215,9,5,304,10,0,10,314
02/03/2019,LIH,HI,AWP,WE,Federal Contract Tower,66,2,2,0,70,0,196,24,0,220,66,198,26,0,290,34,0,34,324
02/04/2019,LIH,HI,AWP,WE,Federal Contract Tower,67,10,1,2,80,0,223,25,8,256,67,233,26,10,336,30,0,30,366
02/05/2019,LIH,HI,AWP,WE,Federal Contract Tower,57,15,3,8,83,0,165,11,3,179,57,180,14,11,262,72,0,72,334
02/06/2019,LIH,HI,AWP,WE,Federal Contract Tower,62,15,1,7,85,0,200,28,2,230,62,215,29,9,315,56,0,56,371
02/07/2019,LIH,HI,AWP,WE,Federal Contract Tower,62,16,1,13,92,0,251,19,5,275,62,267,20,18,367,32,2,34,401
02/08/2019,LIH,HI,AWP,WE,Federal Contract Tower,72,15,2,0,89,0,236,6,0,242,72,251,8,0,331,40,0,40,371
02/09/2019,LIH,HI,AWP,WE,Federal Contract Tower,74,7,4,2,87,0,112,12,0,124,74,119,16,2,211,22,0,22,233
02/10/2019,LIH,HI,AWP,WE,Federal Contract Tower,71,6,0,0,77,0,2,2,0,4,71,8,2,0,81,0,0,0,81
02/11/2019,LIH,HI,AWP,WE,Federal Contract Tower,67,9,0,2,78,0,220,7,0,227,67,229,7,2,305,60,0,60,365
02/12/2019,LIH,HI,AWP,WE,Federal Contract Tower,60,16,3,7,86,0,281,26,0,307,60,297,29,7,393,24,0,24,417
02/13/2019,LIH,HI,AWP,WE,Federal Contract Tower,66,18,0,0,84,0,177,12,0,189,66,195,12,0,273,22,0,22,295
02/14/2019,LIH,HI,AWP,WE,Federal Contract Tower,66,11,0,0,77,0,14,6,0,20,66,25,6,0,97,0,0,0,97
02/15/2019,LIH,HI,AWP,WE,Federal Contract Tower,76,15,2,0,93,0,293,9,0,302,76,308,11,0,395,28,0,28,423
02/16/2019,LIH,HI,AWP,WE,Federal Contract Tower,75,1,7,0,83,0,227,2,0,229,75,228,9,0,312,46,0,46,358
02/17/2019,LIH,HI,AWP,WE,Federal Contract Tower,72,8,3,0,83,0,62,11,2,75,72,70,14,2,158,23,1,24,182
02/18/2019,LIH,HI,AWP,WE,Federal Contract Tower,67,4,1,0,72,0,252,14,0,266,67,256,15,0,338,51,0,51,389
02/19/2019,LIH,HI,AWP,WE,Federal Contract Tower,65,13,2,6,86,0,193,28,0,221,65,206,30,6,307,76,0,76,383
02/20/2019,LIH,HI,AWP,WE,Federal Contract Tower,62,14,1,0,77,0,252,25,2,279,62,266,26,2,356,56,0,56,412
02/21/2019,LIH,HI,AWP,WE,Federal Contract Tower,63,8,4,3,78,0,282,27,2,311,63,290,31,5,389,80,10,90,479
02/22/2019,LIH,HI,AWP,WE,Federal Contract Tower,68,9,4,0,81,0,243,16,0,259,68,252,20,0,340,29,0,29,369
02/23/2019,LIH,HI,AWP,WE,Federal Contract Tower,75,6,5,0,86,0,263,11,2,276,75,269,16,2,362,24,0,24,386
02/24/2019,LIH,HI,AWP,WE,Federal Contract Tower,69,3,3,0,75,0,199,7,5,211,69,202,10,5,286,34,4,38,324
02/25/2019,LIH,HI,AWP,WE,Federal Contract Tower,70,12,2,0,84,0,199,26,0,225,70,211,28,0,309,14,0,14,323
02/26/2019,LIH,HI,AWP,WE,Federal Contract Tower,63,11,0,0,74,0,219,16,0,235,63,230,16,0,309,56,2,58,367
02/27/2019,LIH,HI,AWP,WE,Federal Contract Tower,63,18,2,6,89,0,200,24,0,224,63,218,26,6,313,14,14,28,341
02/28/2019,LIH,HI,AWP,WE,Federal Contract Tower,65,13,8,0,86,0,278,31,0,309,65,291,39,0,395,6,0,6,401
03/01/2019,LIH,HI,AWP,WE,Federal Contract Tower,68,12,2,2,84,0,256,11,0,267,68,268,13,2,351,42,0,42,393
03/02/2019,LIH,HI,AWP,WE,Federal Contract Tower,79,0,4,1,84,0,226,6,0,232,79,226,10,1,316,38,0,38,354
03/03/2019,LIH,HI,AWP,WE,Federal Contract Tower,70,4,0,0,74,0,218,15,0,233,70,222,15,0,307,33,0,33,340
03/04/2019,LIH,HI,AWP,WE,Federal Contract Tower,72,15,1,16,104,0,245,1,2,248,72,260,2,18,352,54,0,54,406
03/05/2019,LIH,HI,AWP,WE,Federal Contract Tower,65,14,0,1,80,0,162,5,0,167,65,176,5,1,247,25,0,25,272
03/06/2019,LIH,HI,AWP,WE,Federal Contract Tower,71,20,3,3,97,0,45,0,0,45,71,65,3,3,142,26,0,26,168
03/07/2019,LIH,HI,AWP,WE,Federal Contract Tower,68,7,2,2,79,0,222,5,0,227,68,229,7,2,306,28,0,28,334
03/08/2019,LIH,HI,AWP,WE,Federal Contract Tower,74,10,1,2,87,0,220,16,3,239,74,230,17,5,326,60,6,66,392
03/09/2019,LIH,HI,AWP,WE,Federal Contract Tower,74,4,7,0,85,0,133,5,0,138,74,137,12,0,223,26,0,26,249
03/10/2019,LIH,HI,AWP,WE,Federal Contract Tower,78,1,0,0,79,0,182,11,0,193,78,183,11,0,272,66,0,66,338
03/11/2019,LIH,HI,AWP,WE,Federal Contract Tower,73,14,0,0,87,0,195,4,0,199,73,209,4,0,286,56,0,56,342
03/12/2019,LIH,HI,AWP,WE,Federal Contract Tower,67,12,1,10,90,0,213,3,3,219,67,225,4,13,309,44,4,48,357
03/13/2019,LIH,HI,AWP,WE,Federal Contract Tower,70,22,1,5,98,0,212,1,0,213,70,234,2,5,311,44,4,48,359
03/14/2019,LIH,HI,AWP,WE,Federal Contract Tower,71,11,7,0,89,0,295,10,2,307,71,306,17,2,396,62,0,62,458
03/15/2019,LIH,HI,AWP,WE,Federal Contract Tower,76,14,4,0,94,0,267,16,2,285,76,281,20,2,379,36,8,44,423
03/16/2019,LIH,HI,AWP,WE,Federal Contract Tower,82,11,7,0,100,0,255,20,0,275,82,266,27,0,375,30,0,30,405
03/17/2019,LIH,HI,AWP,WE,Federal Contract Tower,78,1,1,0,80,0,205,20,0,225,78,206,21,0,305,16,0,16,321
03/18/2019,LIH,HI,AWP,WE,Federal Contract Tower,76,13,3,2,94,0,225,6,2,233,76,238,9,4,327,24,0,24,351
03/19/2019,LIH,HI,AWP,WE,Federal Contract Tower,71,12,4,2,89,0,315,18,0,333,71,327,22,2,422,50,0,50,472
03/20/2019,LIH,HI,AWP,WE,Federal Contract Tower,76,11,3,2,92,0,244,14,0,258,76,255,17,2,350,46,0,46,396
03/21/2019,LIH,HI,AWP,WE,Federal Contract Tower,74,12,1,2,89,0,286,15,9,310,74,298,16,11,399,28,0,28,427
03/22/2019,LIH,HI,AWP,WE,Federal Contract Tower,78,10,6,0,94,0,270,11,0,281,78,280,17,0,375,46,0,46,421
03/23/2019,LIH,HI,AWP,WE,Federal Contract Tower,82,13,16,0,111,0,160,2,8,170,82,173,18,8,281,20,0,20,301
03/24/2019,LIH,HI,AWP,WE,Federal Contract Tower,81,1,6,0,88,0,71,2,0,73,81,72,8,0,161,14,0,14,175
03/25/2019,LIH,HI,AWP,WE,Federal Contract Tower,82,14,1,2,99,0,231,4,0,235,82,245,5,2,334,58,0,58,392
03/26/2019,LIH,HI,AWP,WE,Federal Contract Tower,68,14,1,4,87,0,108,7,0,115,68,122,8,4,202,30,0,30,232
03/27/2019,LIH,HI,AWP,WE,Federal Contract Tower,67,14,2,0,83,0,213,36,2,251,67,227,38,2,334,26,0,26,360
03/28/2019,LIH,HI,AWP,WE,Federal Contract Tower,70,16,2,0,88,0,135,34,0,169,70,151,36,0,257,16,0,16,273
03/29/2019,LIH,HI,AWP,WE,Federal Contract Tower,78,17,4,0,99,0,319,2,1,322,78,336,6,1,421,32,0,32,453
03/30/2019,LIH,HI,AWP,WE,Federal Contract Tower,82,4,5,0,91,0,334,17,1,352,82,338,22,1,443,28,1,29,472
03/31/2019,LIH,HI,AWP,WE,Federal Contract Tower,70,6,2,0,78,0,206,9,0,215,70,212,11,0,293,40,4,44,337
04/01/2019,LIH,HI,AWP,WE,Federal Contract Tower,78,11,5,10,104,0,142,3,0,145,78,153,8,10,249,48,6,54,303
04/02/2019,LIH,HI,AWP,WE,Federal Contract Tower,68,10,0,8,86,0,248,17,0,265,68,258,17,8,351,66,0,66,417
04/03/2019,LIH,HI,AWP,WE,Federal Contract Tower,70,15,1,3,89,0,277,8,0,285,70,292,9,3,374,44,14,58,432
04/04/2019,LIH,HI,AWP,WE,Federal Contract Tower,73,15,3,0,91,0,332,32,0,364,73,347,35,0,455,10,0,10,465
04/05/2019,LIH,HI,AWP,WE,Federal Contract Tower,76,14,3,4,97,0,300,2,0,302,76,314,5,4,399,22,0,22,421
04/06/2019,LIH,HI,AWP,WE,Federal Contract Tower,75,7,2,1,85,0,226,17,0,243,75,233,19,1,328,34,0,34,362
04/07/2019,LIH,HI,AWP,WE,Federal Contract Tower,74,3,1,3,81,0,124,10,0,134,74,127,11,3,215,17,0,17,232
04/08/2019,LIH,HI,AWP,WE,Federal Contract Tower,72,16,4,6,98,0,114,19,1,134,72,130,23,7,232,10,9,19,251
04/09/2019,LIH,HI,AWP,WE,Federal Contract Tower,70,13,3,6,92,0,228,9,2,239,70,241,12,8,331,34,0,34,365
04/10/2019,LIH,HI,AWP,WE,Federal Contract Tower,69,9,1,2,81,0,246,4,2,252,69,255,5,4,333,32,0,32,365
04/11/2019,LIH,HI,AWP,WE,Federal Contract Tower,70,20,6,2,98,0,230,4,3,237,70,250,10,5,335,24,0,24,359
04/12/2019,LIH,HI,AWP,WE,Federal Contract Tower,73,12,0,2,87,0,283,12,1,296,73,295,12,3,383,40,12,52,435
04/13/2019,LIH,HI,AWP,WE,Federal Contract Tower,73,6,4,2,85,0,205,2,0,207,73,211,6,2,292,24,0,24,316
04/14/2019,LIH,HI,AWP,WE,Federal Contract Tower,78,3,0,0,81,0,195,4,0,199,78,198,4,0,280,26,0,26,306
04/15/2019,LIH,HI,AWP,WE,Federal Contract Tower,73,10,1,0,84,0,244,25,1,270,73,254,26,1,354,60,3,63,417
04/16/2019,LIH,HI,AWP,WE,Federal Contract Tower,70,16,2,9,97,0,210,13,2,225,70,226,15,11,322,64,2,66,388
04/17/2019,LIH,HI,AWP,WE,Federal Contract Tower,70,18,4,6,98,0,221,19,0,240,70,239,23,6,338,66,4,70,408
04/18/2019,LIH,HI,AWP,WE,Federal Contract Tower,72,16,3,0,91,0,311,33,4,348,72,327,36,4,439,30,3,33,472
04/19/2019,LIH,HI,AWP,WE,Federal Contract Tower,75,11,3,0,89,0,336,15,0,351,75,347,18,0,440,32,4,36,476
04/20/2019,LIH,HI,AWP,WE,Federal Contract Tower,79,6,4,1,90,0,314,22,0,336,79,320,26,1,426,6,0,6,432
04/21/2019,LIH,HI,AWP,WE,Federal Contract Tower,76,2,0,0,78,0,182,3,0,185,76,184,3,0,263,28,0,28,291
04/22/2019,LIH,HI,AWP,WE,Federal Contract Tower,75,12,4,0,91,0,244,29,0,273,75,256,33,0,364,6,0,6,370
04/23/2019,LIH,HI,AWP,WE,Federal Contract Tower,69,16,0,0,85,0,174,21,1,196,69,190,21,1,281,62,0,62,343
04/24/2019,LIH,HI,AWP,WE,Federal Contract Tower,69,14,2,2,87,0,275,43,6,324,69,289,45,8,411,92,2,94,505
04/25/2019,LIH,HI,AWP,WE,Federal Contract Tower,74,13,6,1,94,0,266,34,4,304,74,279,40,5,398,24,4,28,426
04/26/2019,LIH,HI,AWP,WE,Federal Contract Tower,76,18,4,1,99,0,270,7,2,279,76,288,11,3,378,38,0,38,416
04/27/2019,LIH,HI,AWP,WE,Federal Contract Tower,90,9,7,0,106,0,153,1,0,154,90,162,8,0,260,48,0,48,308
04/28/2019,LIH,HI,AWP,WE,Federal Contract Tower,74,3,2,0,79,0,180,10,1,191,74,183,12,1,270,128,0,128,398
04/29/2019,LIH,HI,AWP,WE,Federal Contract Tower,74,11,0,0,85,0,113,4,0,117,74,124,4,0,202,56,0,56,258
04/30/2019,LIH,HI,AWP,WE,Federal Contract Tower,68,9,2,2,81,0,170,18,0,188,68,179,20,2,269,67,0,67,336
05/01/2019,LIH,HI,AWP,WE,Federal Contract Tower,67,17,0,15,99,0,92,5,2,99,67,109,5,17,198,16,0,16,214
05/02/2019,LIH,HI,AWP,WE,Federal Contract Tower,69,14,2,2,87,0,246,22,2,270,69,260,24,4,357,34,0,34,391
05/03/2019,LIH,HI,AWP,WE,Federal Contract Tower,72,10,1,4,87,0,263,7,0,270,72,273,8,4,357,40,0,40,397
05/04/2019,LIH,HI,AWP,WE,Federal Contract Tower,76,5,13,2,96,0,134,5,0,139,76,139,18,2,235,14,0,14,249
05/05/2019,LIH,HI,AWP,WE,Federal Contract Tower,73,4,2,2,81,0,208,8,0,216,73,212,10,2,297,22,0,22,319
05/06/2019,LIH,HI,AWP,WE,Federal Contract Tower,70,9,2,11,92,0,249,30,0,279,70,258,32,11,371,30,0,30,401
05/07/2019,LIH,HI,AWP,WE,Federal Contract Tower,68,17,1,0,86,0,224,26,0,250,68,241,27,0,336,59,0,59,395
05/08/2019,LIH,HI,AWP,WE,Federal Contract Tower,72,9,5,3,89,0,222,26,0,248,72,231,31,3,337,42,0,42,379
05/09/2019,LIH,HI,AWP,WE,Federal Contract Tower,73,9,1,8,91,0,326,17,1,344,73,335,18,9,435,54,4,58,493
05/10/2019,LIH,HI,AWP,WE,Federal Contract Tower,79,11,1,4,95,0,259,19,0,278,79,270,20,4,373,70,0,70,443
05/11/2019,LIH,HI,AWP,WE,Federal Contract Tower,75,1,2,0,78,0,211,5,0,216,75,212,7,0,294,58,0,58,352
05/12/2019,LIH,HI,AWP,WE,Federal Contract Tower,70,0,0,0,70,0,143,5,0,148,70,143,5,0,218,58,0,58,276
05/13/2019,LIH,HI,AWP,WE,Federal Contract Tower,76,16,4,2,98,0,229,26,1,256,76,245,30,3,354,54,0,54,408
05/14/2019,LIH,HI,AWP,WE,Federal Contract Tower,71,18,2,4,95,0,194,5,14,213,71,212,7,18,308,62,0,62,370
05/15/2019,LIH,HI,AWP,WE,Federal Contract Tower,62,23,0,4,89,0,240,24,0,264,62,263,24,4,353,24,0,24,377
05/16/2019,LIH,HI,AWP,WE,Federal Contract Tower,74,22,2,2,100,0,229,4,2,235,74,251,6,4,335,34,0,34,369
05/17/2019,LIH,HI,AWP,WE,Federal Contract Tower,90,13,2,0,105,0,291,7,0,298,90,304,9,0,403,24,0,24,427
05/18/2019,LIH,HI,AWP,WE,Federal Contract Tower,77,6,6,0,89,0,190,14,0,204,77,196,20,0,293,54,0,54,347
05/19/2019,LIH,HI,AWP,WE,Federal Contract Tower,75,1,1,0,77,0,145,10,0,155,75,146,11,0,232,6,0,6,238
05/20/2019,LIH,HI,AWP,WE,Federal Contract Tower,78,9,1,2,90,0,226,31,6,263,78,235,32,8,353,11,0,11,364
05/21/2019,LIH,HI,AWP,WE,Federal Contract Tower,70,15,1,6,92,0,251,42,5,298,70,266,43,11,390,12,0,12,402
05/22/2019,LIH,HI,AWP,WE,Federal Contract Tower,72,11,5,2,90,0,228,6,1,235,72,239,11,3,325,38,0,38,363
05/24/2019,LIH,HI,AWP,WE,Federal Contract Tower,93,16,3,0,112,0,374,1,0,375,93,390,4,0,487,51,0,51,538
05/26/2019,LIH,HI,AWP,WE,Federal Contract Tower,79,0,0,0,79,0,201,12,0,213,79,201,12,0,292,38,0,38,330
05/27/2019,LIH,HI,AWP,WE,Federal Contract Tower,75,10,3,0,88,0,216,14,6,236,75,226,17,6,324,21,0,21,345
05/28/2019,LIH,HI,AWP,WE,Federal Contract Tower,75,12,6,0,93,0,266,17,1,284,75,278,23,1,377,28,0,28,405
05/29/2019,LIH,HI,AWP,WE,Federal Contract Tower,67,16,3,0,86,0,196,25,0,221,67,212,28,0,307,28,0,28,335
05/30/2019,LIH,HI,AWP,WE,Federal Contract Tower,67,11,1,1,80,0,231,30,0,261,67,242,31,1,341,18,0,18,359
05/31/2019,LIH,HI,AWP,WE,Federal Contract Tower,83,16,1,1,101,0,259,6,1,266,83,275,7,2,367,40,0,40,407
06/01/2019,LIH,HI,AWP,WE,Federal Contract Tower,90,1,1,1,93,0,218,3,2,223,90,219,4,3,316,29,4,33,349
06/02/2019,LIH,HI,AWP,WE,Federal Contract Tower,82,5,0,2,89,0,187,7,2,196,82,192,7,4,285,40,0,40,325
06/03/2019,LIH,HI,AWP,WE,Federal Contract Tower,75,10,5,7,97,0,238,8,0,246,75,248,13,7,343,14,14,28,371
06/04/2019,LIH,HI,AWP,WE,Federal Contract Tower,74,14,3,3,94,0,213,15,0,228,74,227,18,3,322,101,0,101,423
06/05/2019,LIH,HI,AWP,WE,Federal Contract Tower,75,16,2,4,97,0,208,14,0,222,75,224,16,4,319,26,8,34,353
06/06/2019,LIH,HI,AWP,WE,Federal Contract Tower,80,16,3,8,107,0,245,19,3,267,80,261,22,11,374,122,10,132,506
06/07/2019,LIH,HI,AWP,WE,Federal Contract Tower,96,7,9,2,114,0,256,19,2,277,96,263,28,4,391,120,0,120,511
06/08/2019,LIH,HI,AWP,WE,Federal Contract Tower,88,1,1,0,90,0,191,4,0,195,88,192,5,0,285,34,0,34,319
06/09/2019,LIH,HI,AWP,WE,Federal Contract Tower,90,6,3,0,99,0,204,3,0,207,90,210,6,0,306,36,0,36,342
06/10/2019,LIH,HI,AWP,WE,Federal Contract Tower,85,8,4,7,104,0,226,16,0,242,85,234,20,7,346,42,0,42,388
06/11/2019,LIH,HI,AWP,WE,Federal Contract Tower,82,9,0,1,92,0,275,30,8,313,82,284,30,9,405,107,0,107,512
06/12/2019,LIH,HI,AWP,WE,Federal Contract Tower,87,18,0,3,108,0,208,40,2,250,87,226,40,5,358,32,0,32,390
06/13/2019,LIH,HI,AWP,WE,Federal Contract Tower,78,24,1,0,103,0,236,25,0,261,78,260,26,0,364,18,0,18,382
06/14/2019,LIH,HI,AWP,WE,Federal Contract Tower,89,13,4,0,106,0,239,12,0,251,89,252,16,0,357,16,0,16,373
06/15/2019,LIH,HI,AWP,WE,Federal Contract Tower,87,7,4,0,98,0,203,50,0,253,87,210,54,0,351,14,0,14,365
06/16/2019,LIH,HI,AWP,WE,Federal Contract Tower,80,2,3,0,85,0,225,6,0,231,80,227,9,0,316,56,0,56,372
06/17/2019,LIH,HI,AWP,WE,Federal Contract Tower,84,10,3,2,99,0,224,21,0,245,84,234,24,2,344,12,0,12,356
06/18/2019,LIH,HI,AWP,WE,Federal Contract Tower,77,14,1,16,108,0,245,16,1,262,77,259,17,17,370,22,0,22,392
06/19/2019,LIH,HI,AWP,WE,Federal Contract Tower,76,13,0,9,98,0,209,3,6,218,76,222,3,15,316,26,12,38,354
06/20/2019,LIH,HI,AWP,WE,Federal Contract Tower,77,13,4,6,100,0,261,22,4,287,77,274,26,10,387,72,0,72,459
06/21/2019,LIH,HI,AWP,WE,Federal Contract Tower,81,10,3,1,95,0,253,5,0,258,81,263,8,1,353,32,4,36,389
06/22/2019,LIH,HI,AWP,WE,Federal Contract Tower,94,2,3,0,99,0,217,16,0,233,94,219,19,0,332,24,0,24,356
06/23/2019,LIH,HI,AWP,WE,Federal Contract Tower,87,1,2,3,93,0,7,2,2,11,87,8,4,5,104,5,0,5,109
06/24/2019,LIH,HI,AWP,WE,Federal Contract Tower,81,14,2,3,100,0,151,2,9,162,81,165,4,12,262,49,4,53,315
06/25/2019,LIH,HI,AWP,WE,Federal Contract Tower,76,14,6,0,96,0,121,22,6,149,76,135,28,6,245,10,1,11,256
06/26/2019,LIH,HI,AWP,WE,Federal Contract Tower,79,20,2,0,101,0,3,4,4,11,79,23,6,4,112,60,0,60,172
06/27/2019,LIH,HI,AWP,WE,Federal Contract Tower,83,16,1,4,104,0,122,27,0,149,83,138,28,4,253,24,0,24,277
06/28/2019,LIH,HI,AWP,WE,Federal Contract Tower,89,13,0,0,102,0,211,4,0,215,89,224,4,0,317,36,0,36,353
06/29/2019,LIH,HI,AWP,WE,Federal Contract Tower,87,3,10,0,100,0,344,27,0,371,87,347,37,0,471,36,0,36,507
06/30/2019,LIH,HI,AWP,WE,Federal Contract Tower,82,2,7,0,91,0,246,10,0,256,82,248,17,0,347,52,0,52,399
07/01/2019,LIH,HI,AWP,WE,Federal Contract Tower,82,15,1,15,113,0,272,12,1,285,82,287,13,16,398,38,0,38,436
07/02/2019,LIH,HI,AWP,WE,Federal Contract Tower,73,9,0,11,93,0,248,13,3,264,73,257,13,14,357,41,5,46,403
07/03/2019,LIH,HI,AWP,WE,Federal Contract Tower,79,14,9,10,112,0,231,16,4,251,79,245,25,14,363,56,0,56,419
07/04/2019,LIH,HI,AWP,WE,Federal Contract Tower,75,6,0,0,81,0,286,25,2,313,75,292,25,2,394,50,0,50,444
07/05/2019,LIH,HI,AWP,WE,Federal Contract Tower,85,10,3,0,98,0,233,9,0,242,85,243,12,0,340,64,0,64,404
07/06/2019,LIH,HI,AWP,WE,Federal Contract Tower,94,6,4,0,104,0,236,14,0,250,94,242,18,0,354,26,0,26,380
07/07/2019,LIH,HI,AWP,WE,Federal Contract Tower,90,4,3,6,103,0,223,8,0,231,90,227,11,6,334,44,0,44,378
07/08/2019,LIH,HI,AWP,WE,Federal Contract Tower,80,9,0,8,97,0,195,12,0,207,80,204,12,8,304,32,4,36,340
07/09/2019,LIH,HI,AWP,WE,Federal Contract Tower,76,12,0,14,102,0,180,23,5,208,76,192,23,19,310,22,0,22,332
07/10/2019,LIH,HI,AWP,WE,Federal Contract Tower,83,14,12,3,112,0,226,27,3,256,83,240,39,6,368,10,0,10,378
07/11/2019,LIH,HI,AWP,WE,Federal Contract Tower,80,17,3,6,106,0,240,12,4,256,80,257,15,10,362,54,0,54,416
07/12/2019,LIH,HI,AWP,WE,Federal Contract Tower,88,16,0,17,121,0,277,11,2,290,88,293,11,19,411,54,0,54,465
07/13/2019,LIH,HI,AWP,WE,Federal Contract Tower,92,3,7,4,106,0,213,4,0,217,92,216,11,4,323,70,0,70,393
07/14/2019,LIH,HI,AWP,WE,Federal Contract Tower,89,7,2,1,99,0,167,6,0,173,89,174,8,1,272,34,0,34,306
07/15/2019,LIH,HI,AWP,WE,Federal Contract Tower,78,12,1,3,94,0,226,17,3,246,78,238,18,6,340,33,0,33,373
07/16/2019,LIH,HI,AWP,WE,Federal Contract Tower,78,6,1,20,105,0,241,14,2,257,78,247,15,22,362,44,15,59,421
07/17/2019,LIH,HI,AWP,WE,Federal Contract Tower,78,14,5,2,99,0,192,22,3,217,78,206,27,5,316,34,0,34,350
07/18/2019,LIH,HI,AWP,WE,Federal Contract Tower,76,20,8,0,104,0,237,19,0,256,76,257,27,0,360,30,0,30,390
07/19/2019,LIH,HI,AWP,WE,Federal Contract Tower,89,12,1,11,113,0,166,13,1,180,89,178,14,12,293,30,4,34,327
07/20/2019,LIH,HI,AWP,WE,Federal Contract Tower,95,0,9,2,106,0,220,12,0,232,95,220,21,2,338,22,0,22,360
07/21/2019,LIH,HI,AWP,WE,Federal Contract Tower,83,1,1,6,91,1,185,23,0,209,84,186,24,6,300,26,0,26,326
07/22/2019,LIH,HI,AWP,WE,Federal Contract Tower,80,15,3,13,111,0,149,10,4,163,80,164,13,17,274,26,0,26,300
07/23/2019,LIH,HI,AWP,WE,Federal Contract Tower,79,15,3,0,97,0,243,10,0,253,79,258,13,0,350,57,0,57,407
07/24/2019,LIH,HI,AWP,WE,Federal Contract Tower,82,14,4,6,106,0,261,19,9,289,82,275,23,15,395,32,0,32,427
07/25/2019,LIH,HI,AWP,WE,Federal Contract Tower,75,16,0,3,94,0,282,31,5,318,75,298,31,8,412,46,6,52,464
07/26/2019,LIH,HI,AWP,WE,Federal Contract Tower,96,10,5,0,111,0,308,22,0,330,96,318,27,0,441,44,0,44,485
07/27/2019,LIH,HI,AWP,WE,Federal Contract Tower,95,2,5,0,102,0,248,10,0,258,95,250,15,0,360,116,0,116,476
07/28/2019,LIH,HI,AWP,WE,Federal Contract Tower,84,3,4,0,91,0,160,14,0,174,84,163,18,0,265,35,0,35,300
07/29/2019,LIH,HI,AWP,WE,Federal Contract Tower,77,14,4,2,97,0,199,11,2,212,77,213,15,4,309,36,0,36,345
07/30/2019,LIH,HI,AWP,WE,Federal Contract Tower,78,20,4,7,109,0,249,5,6,260,78,269,9,13,369,24,0,24,393
07/31/2019,LIH,HI,AWP,WE,Federal Contract Tower,81,16,7,11,115,0,221,10,0,231,81,237,17,11,346,28,0,28,374
08/01/2019,LIH,HI,AWP,WE,Federal Contract Tower,70,17,7,5,99,0,283,10,5,298,70,300,17,10,397,58,0,58,455
08/02/2019,LIH,HI,AWP,WE,Federal Contract Tower,104,16,1,7,128,0,195,8,1,204,104,211,9,8,332,62,0,62,394
08/03/2019,LIH,HI,AWP,WE,Federal Contract Tower,89,1,4,10,104,0,189,12,0,201,89,190,16,10,305,48,0,48,353
08/04/2019,LIH,HI,AWP,WE,Federal Contract Tower,104,1,0,2,107,0,88,0,0,88,104,89,0,2,195,28,0,28,223
08/05/2019,LIH,HI,AWP,WE,Federal Contract Tower,82,9,0,8,99,0,260,8,0,268,82,269,8,8,367,44,0,44,411
08/06/2019,LIH,HI,AWP,WE,Federal Contract Tower,78,12,2,10,102,0,119,2,2,123,78,131,4,12,225,30,0,30,255
08/07/2019,LIH,HI,AWP,WE,Federal Contract Tower,82,16,2,5,105,0,210,7,1,218,82,226,9,6,323,34,0,34,357
08/08/2019,LIH,HI,AWP,WE,Federal Contract Tower,74,21,1,7,103,0,327,18,2,347,74,348,19,9,450,38,10,48,498
08/09/2019,LIH,HI,AWP,WE,Federal Contract Tower,86,15,9,5,115,0,285,10,2,297,86,300,19,7,412,50,0,50,462
08/10/2019,LIH,HI,AWP,WE,Federal Contract Tower,88,7,1,0,96,0,218,11,0,229,88,225,12,0,325,38,0,38,363
08/11/2019,LIH,HI,AWP,WE,Federal Contract Tower,86,3,1,6,96,0,220,31,0,251,86,223,32,6,347,33,0,33,380
08/12/2019,LIH,HI,AWP,WE,Federal Contract Tower,78,13,8,4,103,0,218,25,2,245,78,231,33,6,348,72,2,74,422
08/13/2019,LIH,HI,AWP,WE,Federal Contract Tower,75,13,5,8,101,0,263,20,3,286,75,276,25,11,387,139,0,139,526
08/14/2019,LIH,HI,AWP,WE,Federal Contract Tower,83,15,1,0,99,0,214,28,0,242,83,229,29,0,341,30,0,30,371
08/15/2019,LIH,HI,AWP,WE,Federal Contract Tower,69,15,0,1,85,0,236,26,4,266,69,251,26,5,351,40,0,40,391
08/16/2019,LIH,HI,AWP,WE,Federal Contract Tower,87,12,2,2,103,0,158,12,3,173,87,170,14,5,276,48,4,52,328
08/17/2019,LIH,HI,AWP,WE,Federal Contract Tower,92,4,3,0,99,0,196,11,2,209,92,200,14,2,308,40,0,40,348
08/18/2019,LIH,HI,AWP,WE,Federal Contract Tower,88,4,4,0,96,0,206,29,0,235,88,210,33,0,331,103,2,105,436
08/19/2019,LIH,HI,AWP,WE,Federal Contract Tower,78,13,6,8,105,0,219,18,5,242,78,232,24,13,347,41,6,47,394
08/20/2019,LIH,HI,AWP,WE,Federal Contract Tower,65,11,1,10,87,0,234,19,8,261,65,245,20,18,348,26,10,36,384
08/21/2019,LIH,HI,AWP,WE,Federal Contract Tower,68,17,2,7,94,0,191,17,5,213,68,208,19,12,307,66,2,68,375
08/22/2019,LIH,HI,AWP,WE,Federal Contract Tower,69,19,3,8,99,0,101,9,3,113,69,120,12,11,212,36,0,36,248
08/23/2019,LIH,HI,AWP,WE,Federal Contract Tower,74,14,0,2,90,0,256,18,0,274,74,270,18,2,364,50,0,50,414
08/25/2019,LIH,HI,AWP,WE,Federal Contract Tower,79,2,2,0,83,0,145,9,7,161,79,147,11,7,244,34,0,34,278
08/26/2019,LIH,HI,AWP,WE,Federal Contract Tower,73,11,1,5,90,0,182,18,5,205,73,193,19,10,295,30,4,34,329
08/27/2019,LIH,HI,AWP,WE,Federal Contract Tower,67,13,5,1,86,0,219,16,1,236,67,232,21,2,322,92,0,92,414
08/28/2019,LIH,HI,AWP,WE,Federal Contract Tower,70,13,3,0,86,0,177,22,0,199,70,190,25,0,285,18,0,18,303
08/29/2019,LIH,HI,AWP,WE,Federal Contract Tower,67,15,4,2,88,0,209,11,0,220,67,224,15,2,308,28,0,28,336
08/30/2019,LIH,HI,AWP,WE,Federal Contract Tower,84,15,4,2,105,0,235,13,0,248,84,250,17,2,353,30,0,30,383
08/31/2019,LIH,HI,AWP,WE,Federal Contract Tower,76,2,5,0,83,0,178,9,0,187,76,180,14,0,270,26,0,26,296
09/01/2019,LIH,HI,AWP,WE,Federal Contract Tower,75,3,7,0,85,0,121,3,0,124,75,124,10,0,209,34,0,34,243
09/02/2019,LIH,HI,AWP,WE,Federal Contract Tower,74,4,2,0,80,0,196,15,0,211,74,200,17,0,291,22,0,22,313
09/03/2019,LIH,HI,AWP,WE,Federal Contract Tower,61,14,4,4,83,0,238,9,4,251,61,252,13,8,334,79,6,85,419
09/04/2019,LIH,HI,AWP,WE,Federal Contract Tower,64,15,5,5,89,0,210,7,0,217,64,225,12,5,306,24,0,24,330
09/05/2019,LIH,HI,AWP,WE,Federal Contract Tower,69,14,4,12,99,0,243,14,2,259,69,257,18,14,358,22,4,26,384
09/06/2019,LIH,HI,AWP,WE,Federal Contract Tower,82,18,0,5,105,0,194,10,1,205,82,212,10,6,310,26,4,30,340
09/08/2019,LIH,HI,AWP,WE,Federal Contract Tower,76,4,6,2,88,0,149,16,0,165,76,153,22,2,253,24,0,24,277
09/09/2019,LIH,HI,AWP,WE,Federal Contract Tower,69,10,0,4,83,0,193,10,0,203,69,203,10,4,286,28,0,28,314
09/10/2019,LIH,HI,AWP,WE,Federal Contract Tower,64,8,0,11,83,0,252,13,2,267,64,260,13,13,350,33,0,33,383
09/11/2019,LIH,HI,AWP,WE,Federal Contract Tower,66,14,0,0,80,0,223,19,11,253,66,237,19,11,333,24,0,24,357
09/12/2019,LIH,HI,AWP,WE,Federal Contract Tower,65,13,9,6,93,0,226,31,6,263,65,239,40,12,356,34,2,36,392
09/13/2019,LIH,HI,AWP,WE,Federal Contract Tower,70,17,1,6,94,0,202,6,0,208,70,219,7,6,302,34,2,36,338
09/14/2019,LIH,HI,AWP,WE,Federal Contract Tower,65,6,1,0,72,0,165,5,0,170,65,171,6,0,242,138,0,138,380
09/15/2019,LIH,HI,AWP,WE,Federal Contract Tower,78,9,2,0,89,0,197,17,0,214,78,206,19,0,303,176,0,176,479
09/16/2019,LIH,HI,AWP,WE,Federal Contract Tower,71,14,3,0,88,0,232,6,0,238,71,246,9,0,326,132,0,132,458
09/17/2019,LIH,HI,AWP,WE,Federal Contract Tower,59,10,0,0,69,0,271,20,1,292,59,281,20,1,361,40,0,40,401
09/18/2019,LIH,HI,AWP,WE,Federal Contract Tower,61,15,1,17,94,0,204,16,2,222,61,219,17,19,316,22,0,22,338
09/19/2019,LIH,HI,AWP,WE,Federal Contract Tower,64,18,2,0,84,0,287,7,0,294,64,305,9,0,378,42,0,42,420
09/20/2019,LIH,HI,AWP,WE,Federal Contract Tower,66,17,2,0,85,0,176,14,0,190,66,193,16,0,275,24,0,24,299
09/21/2019,LIH,HI,AWP,WE,Federal Contract Tower,68,1,0,0,69,0,166,16,0,182,68,167,16,0,251,52,10,62,313
09/22/2019,LIH,HI,AWP,WE,Federal Contract Tower,74,2,1,0,77,0,148,5,0,153,74,150,6,0,230,86,0,86,316
09/23/2019,LIH,HI,AWP,WE,Federal Contract Tower,71,13,4,0,88,0,49,2,0,51,71,62,6,0,139,34,0,34,173
09/24/2019,LIH,HI,AWP,WE,Federal Contract Tower,65,6,6,4,81,0,281,8,0,289,65,287,14,4,370,23,12,35,405
09/25/2019,LIH,HI,AWP,WE,Federal Contract Tower,64,18,0,2,84,0,84,2,0,86,64,102,2,2,170,16,0,16,186
09/26/2019,LIH,HI,AWP,WE,Federal Contract Tower,60,9,4,10,83,0,212,3,2,217,60,221,7,12,300,24,0,24,324
09/27/2019,LIH,HI,AWP,WE,Federal Contract Tower,69,13,0,0,82,0,240,0,0,240,69,253,0,0,322,52,0,52,374
09/28/2019,LIH,HI,AWP,WE,Federal Contract Tower,69,9,3,2,83,0,169,6,1,176,69,178,9,3,259,44,0,44,303
09/29/2019,LIH,HI,AWP,WE,Federal Contract Tower,73,3,0,0,76,0,160,3,0,163,73,163,3,0,239,20,0,20,259
09/30/2019,LIH,HI,AWP,WE,Federal Contract Tower,73,14,1,5,93,0,205,12,1,218,73,219,13,6,311,30,0,30,341
10/01/2019,LIH,HI,AWP,WE,Federal Contract Tower,65,17,0,4,86,0,192,17,2,211,65,209,17,6,297,24,8,32,329
10/02/2019,LIH,HI,AWP,WE,Federal Contract Tower,66,13,0,14,93,0,195,8,2,205,66,208,8,16,298,52,4,56,354
10/03/2019,LIH,HI,AWP,WE,Federal Contract Tower,66,12,1,8,87,0,205,9,2,216,66,217,10,10,303,36,4,40,343
10/04/2019,LIH,HI,AWP,WE,Federal Contract Tower,75,12,1,0,88,0,126,5,0,131,75,138,6,0,219,20,0,20,239
10/05/2019,LIH,HI,AWP,WE,Federal Contract Tower,70,1,3,0,74,0,225,6,2,233,70,226,9,2,307,42,0,42,349
10/06/2019,LIH,HI,AWP,WE,Federal Contract Tower,83,4,1,0,88,0,133,7,2,142,83,137,8,2,230,20,0,20,250
10/07/2019,LIH,HI,AWP,WE,Federal Contract Tower,74,12,1,6,93,0,224,16,0,240,74,236,17,6,333,38,0,38,371
10/08/2019,LIH,HI,AWP,WE,Federal Contract Tower,67,10,1,6,84,0,201,22,0,223,67,211,23,6,307,40,0,40,347
10/09/2019,LIH,HI,AWP,WE,Federal Contract Tower,70,16,0,4,90,0,292,19,2,313,70,308,19,6,403,22,4,26,429
10/10/2019,LIH,HI,AWP,WE,Federal Contract Tower,65,15,3,9,92,0,223,23,2,248,65,238,26,11,340,26,0,26,366
10/11/2019,LIH,HI,AWP,WE,Federal Contract Tower,75,16,3,0,94,0,131,7,0,138,75,147,10,0,232,22,0,22,254
10/12/2019,LIH,HI,AWP,WE,Federal Contract Tower,75,3,1,0,79,0,252,4,0,256,75,255,5,0,335,34,0,34,369
10/13/2019,LIH,HI,AWP,WE,Federal Contract Tower,73,1,1,0,75,0,159,10,0,169,73,160,11,0,244,21,0,21,265
10/14/2019,LIH,HI,AWP,WE,Federal Contract Tower,75,6,5,2,88,0,200,16,0,216,75,206,21,2,304,38,4,42,346
10/15/2019,LIH,HI,AWP,WE,Federal Contract Tower,67,15,0,10,92,0,252,7,8,267,67,267,7,18,359,54,0,54,413
10/16/2019,LIH,HI,AWP,WE,Federal Contract Tower,72,17,4,3,96,0,51,8,1,60,72,68,12,4,156,16,0,16,172
10/17/2019,LIH,HI,AWP,WE,Federal Contract Tower,71,16,7,7,101,0,258,12,1,271,71,274,19,8,372,48,0,48,420
10/18/2019,LIH,HI,AWP,WE,Federal Contract Tower,76,14,5,12,107,0,251,3,0,254,76,265,8,12,361,64,0,64,425
10/19/2019,LIH,HI,AWP,WE,Federal Contract Tower,75,0,6,0,81,0,217,4,0,221,75,217,10,0,302,38,0,38,340
10/20/2019,LIH,HI,AWP,WE,Federal Contract Tower,74,3,3,0,80,0,157,6,0,163,74,160,9,0,243,20,0,20,263
10/21/2019,LIH,HI,AWP,WE,Federal Contract Tower,72,11,3,5,91,0,203,9,0,212,72,214,12,5,303,12,0,12,315
10/22/2019,LIH,HI,AWP,WE,Federal Contract Tower,68,8,4,21,101,0,197,9,4,210,68,205,13,25,311,40,0,40,351
10/23/2019,LIH,HI,AWP,WE,Federal Contract Tower,69,11,8,14,102,0,194,14,0,208,69,205,22,14,310,30,0,30,340
10/24/2019,LIH,HI,AWP,WE,Federal Contract Tower,67,12,4,4,87,0,226,11,3,240,67,238,15,7,327,32,0,32,359
10/25/2019,LIH,HI,AWP,WE,Federal Contract Tower,75,10,3,2,90,0,262,16,0,278,75,272,19,2,368,48,0,48,416
10/26/2019,LIH,HI,AWP,WE,Federal Contract Tower,75,4,2,0,81,0,176,8,1,185,75,180,10,1,266,30,0,30,296
10/27/2019,LIH,HI,AWP,WE,Federal Contract Tower,79,3,2,0,84,0,166,15,2,183,79,169,17,2,267,22,0,22,289
10/28/2019,LIH,HI,AWP,WE,Federal Contract Tower,71,8,1,4,84,0,210,6,0,216,71,218,7,4,300,36,1,37,337
10/29/2019,LIH,HI,AWP,WE,Federal Contract Tower,70,16,1,7,94,0,185,19,7,211,70,201,20,14,305,32,16,48,353
10/30/2019,LIH,HI,AWP,WE,Federal Contract Tower,67,11,6,8,92,0,184,11,0,195,67,195,17,8,287,12,0,12,299
10/31/2019,LIH,HI,AWP,WE,Federal Contract Tower,61,19,2,0,82,0,213,19,0,232,61,232,21,0,314,16,0,16,330
11/01/2019,LIH,HI,AWP,WE,Federal Contract Tower,73,18,3,2,96,0,219,1,0,220,73,237,4,2,316,38,0,38,354
11/02/2019,LIH,HI,AWP,WE,Federal Contract Tower,74,3,4,3,84,0,169,11,0,180,74,172,15,3,264,24,8,32,296
11/03/2019,LIH,HI,AWP,WE,Federal Contract Tower,68,8,4,2,82,0,98,15,1,114,68,106,19,3,196,12,0,12,208
11/04/2019,LIH,HI,AWP,WE,Federal Contract Tower,69,11,4,0,84,0,88,8,0,96,69,99,12,0,180,16,0,16,196
11/05/2019,LIH,HI,AWP,WE,Federal Contract Tower,61,12,2,4,79,0,243,23,1,267,61,255,25,5,346,16,0,16,362
11/06/2019,LIH,HI,AWP,WE,Federal Contract Tower,69,14,5,0,88,0,217,10,0,227,69,231,15,0,315,34,0,34,349
11/07/2019,LIH,HI,AWP,WE,Federal Contract Tower,62,18,2,12,94,0,235,5,0,240,62,253,7,12,334,26,0,26,360
11/08/2019,LIH,HI,AWP,WE,Federal Contract Tower,71,11,1,4,87,0,261,4,0,265,71,272,5,4,352,28,0,28,380
11/09/2019,LIH,HI,AWP,WE,Federal Contract Tower,71,4,4,0,79,0,137,4,0,141,71,141,8,0,220,28,0,28,248
11/10/2019,LIH,HI,AWP,WE,Federal Contract Tower,76,1,0,0,77,0,124,25,0,149,76,125,25,0,226,6,0,6,232
11/11/2019,LIH,HI,AWP,WE,Federal Contract Tower,73,7,3,4,87,0,203,10,0,213,73,210,13,4,300,22,0,22,322
11/12/2019,LIH,HI,AWP,WE,Federal Contract Tower,72,9,3,4,88,0,202,8,3,213,72,211,11,7,301,36,8,44,345
11/13/2019,LIH,HI,AWP,WE,Federal Contract Tower,75,15,8,7,105,0,236,10,1,247,75,251,18,8,352,40,0,40,392
11/14/2019,LIH,HI,AWP,WE,Federal Contract Tower,77,13,3,14,107,0,314,16,4,334,77,327,19,18,441,64,6,70,511
11/15/2019,LIH,HI,AWP,WE,Federal Contract Tower,87,9,7,2,105,0,199,11,2,212,87,208,18,4,317,82,0,82,399
11/16/2019,LIH,HI,AWP,WE,Federal Contract Tower,80,7,2,0,89,0,46,12,0,58,80,53,14,0,147,18,0,18,165
11/17/2019,LIH,HI,AWP,WE,Federal Contract Tower,75,1,9,0,85,0,66,2,0,68,75,67,11,0,153,30,0,30,183
11/18/2019,LIH,HI,AWP,WE,Federal Contract Tower,75,13,6,8,102,0,238,18,3,259,75,251,24,11,361,103,10,113,474
11/19/2019,LIH,HI,AWP,WE,Federal Contract Tower,68,11,1,3,83,0,58,13,1,72,68,69,14,4,155,16,0,16,171
11/20/2019,LIH,HI,AWP,WE,Federal Contract Tower,81,13,1,11,106,0,246,16,9,271,81,259,17,20,377,26,4,30,407
11/21/2019,LIH,HI,AWP,WE,Federal Contract Tower,83,11,3,4,101,0,194,19,0,213,83,205,22,4,314,120,0,120,434
11/22/2019,LIH,HI,AWP,WE,Federal Contract Tower,85,14,3,0,102,0,191,5,0,196,85,205,8,0,298,34,0,34,332
11/23/2019,LIH,HI,AWP,WE,Federal Contract Tower,89,7,1,0,97,0,68,2,0,70,89,75,3,0,167,14,0,14,181
11/24/2019,LIH,HI,AWP,WE,Federal Contract Tower,81,2,4,0,87,0,190,2,10,202,81,192,6,10,289,34,2,36,325
11/25/2019,LIH,HI,AWP,WE,Federal Contract Tower,84,13,0,8,105,0,232,24,0,256,84,245,24,8,361,34,0,34,395
11/26/2019,LIH,HI,AWP,WE,Federal Contract Tower,94,16,2,4,116,0,283,14,0,297,94,299,16,4,413,26,0,26,439
11/27/2019,LIH,HI,AWP,WE,Federal Contract Tower,90,17,0,2,109,0,220,25,1,246,90,237,25,3,355,20,0,20,375
11/28/2019,LIH,HI,AWP,WE,Federal Contract Tower,77,5,0,0,82,0,145,4,0,149,77,150,4,0,231,20,0,20,251
11/29/2019,LIH,HI,AWP,WE,Federal Contract Tower,80,13,1,0,94,0,290,8,0,298,80,303,9,0,392,46,0,46,438
11/30/2019,LIH,HI,AWP,WE,Federal Contract Tower,87,3,4,0,94,0,182,4,0,186,87,185,8,0,280,33,0,33,313
12/01/2019,LIH,HI,AWP,WE,Federal Contract Tower,92,1,0,0,93,0,110,0,0,110,92,111,0,0,203,20,0,20,223
12/02/2019,LIH,HI,AWP,WE,Federal Contract Tower,83,7,3,1,94,0,191,16,0,207,83,198,19,1,301,48,0,48,349
12/03/2019,LIH,HI,AWP,WE,Federal Contract Tower,81,9,4,6,100,0,138,10,2,150,81,147,14,8,250,24,0,24,274
12/04/2019,LIH,HI,AWP,WE,Federal Contract Tower,75,12,3,2,92,0,164,9,2,175,75,176,12,4,267,22,0,22,289
12/05/2019,LIH,HI,AWP,WE,Federal Contract Tower,80,20,8,6,114,0,146,13,1,160,80,166,21,7,274,26,0,26,300
12/06/2019,LIH,HI,AWP,WE,Federal Contract Tower,81,10,4,0,95,0,188,19,4,211,81,198,23,4,306,40,0,40,346
12/07/2019,LIH,HI,AWP,WE,Federal Contract Tower,75,4,4,0,83,0,145,11,3,159,75,149,15,3,242,30,0,30,272
12/08/2019,LIH,HI,AWP,WE,Federal Contract Tower,72,0,2,0,74,0,151,9,0,160,72,151,11,0,234,30,0,30,264
12/09/2019,LIH,HI,AWP,WE,Federal Contract Tower,87,8,2,3,100,0,209,24,1,234,87,217,26,4,334,28,2,30,364
12/10/2019,LIH,HI,AWP,WE,Federal Contract Tower,85,5,5,6,101,0,200,14,3,217,85,205,19,9,318,16,0,16,334
12/11/2019,LIH,HI,AWP,WE,Federal Contract Tower,73,18,6,9,106,0,241,18,2,261,73,259,24,11,367,28,26,54,421
12/12/2019,LIH,HI,AWP,WE,Federal Contract Tower,76,9,0,3,88,0,174,26,0,200,76,183,26,3,288,42,4,46,334
12/13/2019,LIH,HI,AWP,WE,Federal Contract Tower,82,9,2,2,95,0,91,0,1,92,82,100,2,3,187,18,10,28,215
12/14/2019,LIH,HI,AWP,WE,Federal Contract Tower,82,0,9,0,91,0,155,2,1,158,82,155,11,1,249,44,0,44,293
12/15/2019,LIH,HI,AWP,WE,Federal Contract Tower,74,1,0,0,75,0,96,3,3,102,74,97,3,3,177,22,0,22,199
12/16/2019,LIH,HI,AWP,WE,Federal Contract Tower,81,8,7,6,102,0,187,16,1,204,81,195,23,7,306,92,0,92,398
12/17/2019,LIH,HI,AWP,WE,Federal Contract Tower,74,8,3,4,89,0,114,4,0,118,74,122,7,4,207,20,6,26,233
12/18/2019,LIH,HI,AWP,WE,Federal Contract Tower,85,7,3,9,104,0,234,17,0,251,85,241,20,9,355,20,0,20,375
12/19/2019,LIH,HI,AWP,WE,Federal Contract Tower,89,6,4,1,100,0,251,10,2,263,89,257,14,3,363,46,0,46,409
12/20/2019,LIH,HI,AWP,WE,Federal Contract Tower,93,7,2,2,104,0,3,0,0,3,93,10,2,2,107,0,0,0,107
12/21/2019,LIH,HI,AWP,WE,Federal Contract Tower,98,1,13,0,112,0,7,1,0,8,98,8,14,0,120,4,0,4,124
12/22/2019,LIH,HI,AWP,WE,Federal Contract Tower,88,5,4,0,97,0,173,2,0,175,88,178,6,0,272,32,0,32,304
12/23/2019,LIH,HI,AWP,WE,Federal Contract Tower,91,10,3,0,104,0,200,12,0,212,91,210,15,0,316,34,1,35,351
12/24/2019,LIH,HI,AWP,WE,Federal Contract Tower,86,11,2,0,99,0,43,3,0,46,86,54,5,0,145,24,0,24,169
12/25/2019,LIH,HI,AWP,WE,Federal Contract Tower,81,8,1,0,90,0,90,4,0,94,81,98,5,0,184,18,0,18,202
12/26/2019,LIH,HI,AWP,WE,Federal Contract Tower,87,18,9,2,116,0,322,7,2,331,87,340,16,4,447,28,4,32,479
12/27/2019,LIH,HI,AWP,WE,Federal Contract Tower,91,20,3,12,126,0,183,9,2,194,91,203,12,14,320,30,0,30,350
12/28/2019,LIH,HI,AWP,WE,Federal Contract Tower,91,1,7,0,99,0,9,3,0,12,91,10,10,0,111,26,0,26,137
12/29/2019,LIH,HI,AWP,WE,Federal Contract Tower,85,3,0,0,88,0,267,5,0,272,85,270,5,0,360,46,0,46,406
12/30/2019,LIH,HI,AWP,WE,Federal Contract Tower,90,14,7,1,112,0,281,15,2,298,90,295,22,3,410,28,0,28,438
12/31/2019,LIH,HI,AWP,WE,Federal Contract Tower,87,23,4,4,118,0,170,4,0,174,87,193,8,4,292,12,4,16,308
01/01/2020,LIH,HI,AWP,WE,Federal Contract Tower,84,5,2,0,91,0,155,4,0,159,84,160,6,0,250,8,0,8,258
01/02/2020,LIH,HI,AWP,WE,Federal Contract Tower,89,8,10,0,107,0,185,26,0,211,89,193,36,0,318,6,0,6,324
01/03/2020,LIH,HI,AWP,WE,Federal Contract Tower,90,14,10,0,114,0,223,4,0,227,90,237,14,0,341,42,0,42,383
01/04/2020,LIH,HI,AWP,WE,Federal Contract Tower,81,3,11,0,95,0,11,0,0,11,81,14,11,0,106,14,0,14,120
01/05/2020,LIH,HI,AWP,WE,Federal Contract Tower,86,2,3,10,101,0,162,6,0,168,86,164,9,10,269,36,2,38,307
01/06/2020,LIH,HI,AWP,WE,Federal Contract Tower,86,9,5,6,106,0,144,7,0,151,86,153,12,6,257,28,0,28,285
01/07/2020,LIH,HI,AWP,WE,Federal Contract Tower,78,10,0,10,98,0,118,4,0,122,78,128,4,10,220,28,0,28,248
01/08/2020,LIH,HI,AWP,WE,Federal Contract Tower,73,16,2,7,98,0,142,10,1,153,73,158,12,8,251,38,0,38,289
01/09/2020,LIH,HI,AWP,WE,Federal Contract Tower,72,14,2,2,90,0,55,8,0,63,72,69,10,2,153,14,0,14,167
01/10/2020,LIH,HI,AWP,WE,Federal Contract Tower,68,18,1,0,87,0,17,0,0,17,68,35,1,0,104,2,0,2,106
01/11/2020,LIH,HI,AWP,WE,Federal Contract Tower,80,2,11,4,97,0,4,1,0,5,80,6,12,4,102,35,2,37,139
01/12/2020,LIH,HI,AWP,WE,Federal Contract Tower,81,0,1,2,84,0,6,0,0,6,81,6,1,2,90,0,0,0,90
01/13/2020,LIH,HI,AWP,WE,Federal Contract Tower,78,18,0,10,106,0,12,4,0,16,78,30,4,10,122,16,0,16,138
01/14/2020,LIH,HI,AWP,WE,Federal Contract Tower,70,10,2,4,86,0,79,7,1,87,70,89,9,5,173,16,0,16,189
01/15/2020,LIH,HI,AWP,WE,Federal Contract Tower,73,15,5,4,97,0,82,0,0,82,73,97,5,4,179,16,0,16,195
01/16/2020,LIH,HI,AWP,WE,Federal Contract Tower,74,11,2,6,93,0,185,1,4,190,74,196,3,10,283,58,0,58,341
01/17/2020,LIH,HI,AWP,WE,Federal Contract Tower,74,6,3,10,93,0,109,1,3,113,74,115,4,13,206,24,0,24,230
01/18/2020,LIH,HI,AWP,WE,Federal Contract Tower,77,0,9,0,86,0,123,5,0,128,77,123,14,0,214,20,0,20,234
01/19/2020,LIH,HI,AWP,WE,Federal Contract Tower,75,2,2,7,86,0,103,1,0,104,75,105,3,7,190,18,0,18,208
01/20/2020,LIH,HI,AWP,WE,Federal Contract Tower,82,2,10,0,94,0,126,10,0,136,82,128,20,0,230,20,0,20,250
01/21/2020,LIH,HI,AWP,WE,Federal Contract Tower,70,9,1,9,89,0,119,10,4,133,70,128,11,13,222,30,4,34,256
01/22/2020,LIH,HI,AWP,WE,Federal Contract Tower,75,14,3,11,103,0,156,12,1,169,75,170,15,12,272,16,0,16,288
01/23/2020,LIH,HI,AWP,WE,Federal Contract Tower,83,27,5,3,118,0,189,14,2,205,83,216,19,5,323,110,0,110,433
01/24/2020,LIH,HI,AWP,WE,Federal Contract Tower,75,26,5,4,110,0,164,6,3,173,75,190,11,7,283,40,0,40,323
01/25/2020,LIH,HI,AWP,WE,Federal Contract Tower,79,0,6,0,85,0,129,10,0,139,79,129,16,0,224,64,0,64,288
01/26/2020,LIH,HI,AWP,WE,Federal Contract Tower,75,3,2,0,80,0,75,7,0,82,75,78,9,0,162,38,0,38,200
01/27/2020,LIH,HI,AWP,WE,Federal Contract Tower,86,32,1,1,120,0,170,10,2,182,86,202,11,3,302,49,24,73,375
01/28/2020,LIH,HI,AWP,WE,Federal Contract Tower,81,41,0,2,124,0,138,26,0,164,81,179,26,2,288,46,0,46,334
01/29/2020,LIH,HI,AWP,WE,Federal Contract Tower,82,16,1,6,105,0,92,12,0,104,82,108,13,6,209,42,6,48,257
01/30/2020,LIH,HI,AWP,WE,Federal Contract Tower,72,31,2,1,106,0,155,13,0,168,72,186,15,1,274,18,0,18,292
01/31/2020,LIH,HI,AWP,WE,Federal Contract Tower,87,7,0,7,101,0,128,20,0,148,87,135,20,7,249,84,7,91,340
02/01/2020,LIH,HI,AWP,WE,Federal Contract Tower,76,4,7,6,93,0,54,12,0,66,76,58,19,6,159,54,0,54,213
02/02/2020,LIH,HI,AWP,WE,Federal Contract Tower,71,7,2,6,86,0,77,5,0,82,71,84,7,6,168,10,0,10,178
02/03/2020,LIH,HI,AWP,WE,Federal Contract Tower,88,8,1,3,100,0,158,27,13,198,88,166,28,16,298,29,0,29,327
02/04/2020,LIH,HI,AWP,WE,Federal Contract Tower,76,8,0,3,87,0,131,16,2,149,76,139,16,5,236,38,0,38,274
02/05/2020,LIH,HI,AWP,WE,Federal Contract Tower,85,8,1,6,100,0,8,8,0,16,85,16,9,6,116,4,0,4,120
02/06/2020,LIH,HI,AWP,WE,Federal Contract Tower,82,12,1,10,105,0,114,8,1,123,82,126,9,11,228,22,0,22,250
02/07/2020,LIH,HI,AWP,WE,Federal Contract Tower,83,5,0,1,89,0,168,4,5,177,83,173,4,6,266,50,0,50,316
02/08/2020,LIH,HI,AWP,WE,Federal Contract Tower,76,4,6,1,87,0,172,5,0,177,76,176,11,1,264,74,0,74,338
02/09/2020,LIH,HI,AWP,WE,Federal Contract Tower,72,0,1,4,77,0,96,7,0,103,72,96,8,4,180,10,0,10,190
02/10/2020,LIH,HI,AWP,WE,Federal Contract Tower,88,11,1,7,107,0,27,6,0,33,88,38,7,7,140,8,0,8,148
02/11/2020,LIH,HI,AWP,WE,Federal Contract Tower,82,10,0,0,92,0,118,8,7,133,82,128,8,7,225,24,0,24,249
02/12/2020,LIH,HI,AWP,WE,Federal Contract Tower,87,8,1,6,102,13,193,18,1,225,100,201,19,7,327,19,0,19,346
02/13/2020,LIH,HI,AWP,WE,Federal Contract Tower,81,8,1,2,92,0,154,9,1,164,81,162,10,3,256,22,0,22,278
02/14/2020,LIH,HI,AWP,WE,Federal Contract Tower,85,5,2,0,92,0,190,2,0,192,85,195,4,0,284,42,0,42,326
02/15/2020,LIH,HI,AWP,WE,Federal Contract Tower,85,6,2,0,93,0,117,9,0,126,85,123,11,0,219,42,0,42,261
02/16/2020,LIH,HI,AWP,WE,Federal Contract Tower,80,3,1,0,84,0,79,11,0,90,80,82,12,0,174,8,0,8,182
02/17/2020,LIH,HI,AWP,WE,Federal Contract Tower,84,10,1,0,95,0,78,6,0,84,84,88,7,0,179,36,0,36,215
02/18/2020,LIH,HI,AWP,WE,Federal Contract Tower,89,9,0,1,99,0,108,12,0,120,89,117,12,1,219,46,0,46,265
02/19/2020,LIH,HI,AWP,WE,Federal Contract Tower,87,5,0,7,99,0,71,4,14,89,87,76,4,21,188,32,22,54,242
02/20/2020,LIH,HI,AWP,WE,Federal Contract Tower,83,10,0,1,94,0,115,7,0,122,83,125,7,1,216,50,0,50,266
02/21/2020,LIH,HI,AWP,WE,Federal Contract Tower,74,4,1,2,81,0,181,4,1,186,74,185,5,3,267,62,0,62,329
02/22/2020,LIH,HI,AWP,WE,Federal Contract Tower,85,2,1,1,89,0,140,7,0,147,85,142,8,1,236,38,10,48,284
02/23/2020,LIH,HI,AWP,WE,Federal Contract Tower,78,0,4,1,83,0,115,5,0,120,78,115,9,1,203,12,0,12,215
02/24/2020,LIH,HI,AWP,WE,Federal Contract Tower,80,8,1,10,99,0,180,8,2,190,80,188,9,12,289,44,6,50,339
02/25/2020,LIH,HI,AWP,WE,Federal Contract Tower,79,14,3,25,121,0,163,7,3,173,79,177,10,28,294,73,4,77,371
02/26/2020,LIH,HI,AWP,WE,Federal Contract Tower,76,9,2,12,99,0,149,12,2,163,76,158,14,14,262,36,0,36,298
02/27/2020,LIH,HI,AWP,WE,Federal Contract Tower,82,12,6,12,112,0,164,9,1,174,82,176,15,13,286,22,16,38,324
02/28/2020,LIH,HI,AWP,WE,Federal Contract Tower,88,7,2,0,97,0,131,8,0,139,88,138,10,0,236,30,0,30,266
02/29/2020,LIH,HI,AWP,WE,Federal Contract Tower,83,2,0,0,85,0,49,3,0,52,83,51,3,0,137,34,0,34,171
03/01/2020,LIH,HI,AWP,WE,Federal Contract Tower,83,4,3,0,90,0,20,4,0,24,83,24,7,0,114,20,0,20,134
03/02/2020,LIH,HI,AWP,WE,Federal Contract Tower,82,9,0,0,91,2,57,3,0,62,84,66,3,0,153,17,0,17,170
03/03/2020,LIH,HI,AWP,WE,Federal Contract Tower,78,15,6,9,108,0,191,12,1,204,78,206,18,10,312,19,14,33,345
03/04/2020,LIH,HI,AWP,WE,Federal Contract Tower,82,6,1,0,89,0,156,7,0,163,82,162,8,0,252,30,0,30,282
03/05/2020,LIH,HI,AWP,WE,Federal Contract Tower,78,17,3,9,107,0,172,7,0,179,78,189,10,9,286,26,6,32,318
03/06/2020,LIH,HI,AWP,WE,Federal Contract Tower,90,11,3,2,106,0,98,2,0,100,90,109,5,2,206,32,0,32,238
03/07/2020,LIH,HI,AWP,WE,Federal Contract Tower,93,5,5,1,104,0,27,2,0,29,93,32,7,1,133,12,5,17,150
03/08/2020,LIH,HI,AWP,WE,Federal Contract Tower,83,2,1,2,88,0,105,14,12,131,83,107,15,14,219,38,0,38,257
03/09/2020,LIH,HI,AWP,WE,Federal Contract Tower,86,8,3,0,97,0,143,7,0,150,86,151,10,0,247,20,0,20,267
03/10/2020,LIH,HI,AWP,WE,Federal Contract Tower,80,14,1,1,96,0,142,21,2,165,80,156,22,3,261,16,0,16,277
03/11/2020,LIH,HI,AWP,WE,Federal Contract Tower,91,0,0,4,95,0,171,27,4,202,91,171,27,8,297,14,6,20,317
03/12/2020,LIH,HI,AWP,WE,Federal Contract Tower,84,12,2,5,103,0,145,8,10,163,84,157,10,15,266,42,6,48,314
03/13/2020,LIH,HI,AWP,WE,Federal Contract Tower,85,8,3,0,96,0,122,14,0,136,85,130,17,0,232,26,0,26,258
03/14/2020,LIH,HI,AWP,WE,Federal Contract Tower,86,4,10,0,100,0,179,12,0,191,86,183,22,0,291,36,0,36,327
03/15/2020,LIH,HI,AWP,WE,Federal Contract Tower,83,4,3,0,90,0,92,6,2,100,83,96,9,2,190,16,0,16,206
03/16/2020,LIH,HI,AWP,WE,Federal Contract Tower,96,2,4,0,102,0,0,0,0,0,96,2,4,0,102,0,0,0,102
03/17/2020,LIH,HI,AWP,WE,Federal Contract Tower,87,9,2,0,98,0,0,2,0,2,87,9,4,0,100,0,0,0,100
03/18/2020,LIH,HI,AWP,WE,Federal Contract Tower,83,11,3,0,97,0,30,10,0,40,83,41,13,0,137,10,0,10,147
03/19/2020,LIH,HI,AWP,WE,Federal Contract Tower,87,14,2,0,103,0,70,4,2,76,87,84,6,2,179,12,0,12,191
03/20/2020,LIH,HI,AWP,WE,Federal Contract Tower,83,6,3,1,93,0,89,1,0,90,83,95,4,1,183,16,0,16,199
03/21/2020,LIH,HI,AWP,WE,Federal Contract Tower,84,7,2,6,99,0,39,4,0,43,84,46,6,6,142,6,0,6,148
03/22/2020,LIH,HI,AWP,WE,Federal Contract Tower,83,3,4,0,90,0,14,4,0,18,83,17,8,0,108,0,0,0,108
03/23/2020,LIH,HI,AWP,WE,Federal Contract Tower,84,10,5,3,102,0,24,4,0,28,84,34,9,3,130,28,2,30,160
03/24/2020,LIH,HI,AWP,WE,Federal Contract Tower,68,11,0,10,89,0,5,3,0,8,68,16,3,10,97,0,0,0,97
03/25/2020,LIH,HI,AWP,WE,Federal Contract Tower,68,6,3,0,77,0,2,4,0,6,68,8,7,0,83,4,0,4,87
03/26/2020,LIH,HI,AWP,WE,Federal Contract Tower,58,7,4,4,73,0,13,5,0,18,58,20,9,4,91,0,0,0,91
03/27/2020,LIH,HI,AWP,WE,Federal Contract Tower,31,11,2,5,49,0,0,4,0,4,31,11,6,5,53,0,4,4,57
03/28/2020,LIH,HI,AWP,WE,Federal Contract Tower,27,5,0,0,32,0,4,0,0,4,27,9,0,0,36,0,0,0,36
03/29/2020,LIH,HI,AWP,WE,Federal Contract Tower,34,0,0,0,34,0,0,2,0,2,34,0,2,0,36,0,0,0,36
03/30/2020,LIH,HI,AWP,WE,Federal Contract Tower,34,5,0,6,45,0,2,2,0,4,34,7,2,6,49,0,0,0,49
03/31/2020,LIH,HI,AWP,WE,Federal Contract Tower,32,11,0,4,47,0,12,4,3,19,32,23,4,7,66,8,4,12,78
04/01/2020,LIH,HI,AWP,WE,Federal Contract Tower,24,6,1,0,31,0,4,9,0,13,24,10,10,0,44,0,0,0,44
04/02/2020,LIH,HI,AWP,WE,Federal Contract Tower,22,8,1,18,49,0,7,4,0,11,22,15,5,18,60,3,15,18,78
04/03/2020,LIH,HI,AWP,WE,Federal Contract Tower,22,6,0,2,30,0,7,4,4,15,22,13,4,6,45,2,0,2,47
04/04/2020,LIH,HI,AWP,WE,Federal Contract Tower,18,2,2,0,22,0,1,7,0,8,18,3,9,0,30,0,0,0,30
04/05/2020,LIH,HI,AWP,WE,Federal Contract Tower,16,1,0,0,17,0,2,3,0,5,16,3,3,0,22,0,0,0,22
04/06/2020,LIH,HI,AWP,WE,Federal Contract Tower,22,5,1,0,28,0,14,0,0,14,22,19,1,0,42,4,0,4,46
04/07/2020,LIH,HI,AWP,WE,Federal Contract Tower,16,8,0,0,24,0,6,4,4,14,16,14,4,4,38,0,0,0,38
04/08/2020,LIH,HI,AWP,WE,Federal Contract Tower,16,16,2,4,38,0,7,5,3,15,16,23,7,7,53,0,0,0,53
04/09/2020,LIH,HI,AWP,WE,Federal Contract Tower,17,2,1,2,22,0,6,6,0,12,17,8,7,2,34,8,0,8,42
04/10/2020,LIH,HI,AWP,WE,Federal Contract Tower,17,5,1,0,23,0,4,4,0,8,17,9,5,0,31,0,0,0,31
04/11/2020,LIH,HI,AWP,WE,Federal Contract Tower,23,0,2,1,26,0,3,4,0,7,23,3,6,1,33,6,0,6,39
04/12/2020,LIH,HI,AWP,WE,Federal Contract Tower,13,3,1,1,18,0,3,0,0,3,13,6,1,1,21,2,6,8,29
04/13/2020,LIH,HI,AWP,WE,Federal Contract Tower,17,5,8,0,30,0,6,0,2,8,17,11,8,2,38,0,0,0,38
04/14/2020,LIH,HI,AWP,WE,Federal Contract Tower,13,10,3,8,34,0,6,14,4,24,13,16,17,12,58,4,0,4,62
04/15/2020,LIH,HI,AWP,WE,Federal Contract Tower,15,9,1,2,27,0,2,2,1,5,15,11,3,3,32,0,0,0,32
04/16/2020,LIH,HI,AWP,WE,Federal Contract Tower,15,7,0,2,24,0,11,4,4,19,15,18,4,6,43,0,14,14,57
04/17/2020,LIH,HI,AWP,WE,Federal Contract Tower,19,3,3,2,27,0,14,2,0,16,19,17,5,2,43,0,0,0,43
04/18/2020,LIH,HI,AWP,WE,Federal Contract Tower,17,2,0,0,19,0,7,5,2,14,17,9,5,2,33,0,0,0,33
04/19/2020,LIH,HI,AWP,WE,Federal Contract Tower,16,4,0,0,20,0,4,4,0,8,16,8,4,0,28,3,0,3,31
04/20/2020,LIH,HI,AWP,WE,Federal Contract Tower,14,2,1,0,17,0,9,4,0,13,14,11,5,0,30,2,0,2,32
04/21/2020,LIH,HI,AWP,WE,Federal Contract Tower,11,9,1,2,23,0,7,8,1,16,11,16,9,3,39,13,8,21,60
04/22/2020,LIH,HI,AWP,WE,Federal Contract Tower,15,9,1,2,27,0,14,8,2,24,15,23,9,4,51,12,0,12,63
04/23/2020,LIH,HI,AWP,WE,Federal Contract Tower,18,4,0,4,26,0,17,3,0,20,18,21,3,4,46,22,0,22,68
04/24/2020,LIH,HI,AWP,WE,Federal Contract Tower,18,5,2,6,31,0,12,4,0,16,18,17,6,6,47,14,0,14,61
04/25/2020,LIH,HI,AWP,WE,Federal Contract Tower,16,0,2,0,18,0,11,6,2,19,16,11,8,2,37,0,0,0,37
04/26/2020,LIH,HI,AWP,WE,Federal Contract Tower,13,4,0,1,18,0,4,0,0,4,13,8,0,1,22,0,6,6,28
04/27/2020,LIH,HI,AWP,WE,Federal Contract Tower,17,8,2,6,33,0,7,2,0,9,17,15,4,6,42,10,0,10,52
04/29/2020,LIH,HI,AWP,WE,Federal Contract Tower,15,10,2,4,31,0,6,2,0,8,15,16,4,4,39,0,0,0,39
04/30/2020,LIH,HI,AWP,WE,Federal Contract Tower,14,4,0,0,18,0,16,4,0,20,14,20,4,0,38,10,0,10,48
05/01/2020,LIH,HI,AWP,WE,Federal Contract Tower,21,4,1,0,26,0,7,9,3,19,21,11,10,3,45,6,3,9,54
05/02/2020,LIH,HI,AWP,WE,Federal Contract Tower,19,3,0,0,22,0,7,7,0,14,19,10,7,0,36,10,0,10,46
05/03/2020,LIH,HI,AWP,WE,Federal Contract Tower,13,1,1,2,17,0,6,3,0,9,13,7,4,2,26,0,4,4,30
05/04/2020,LIH,HI,AWP,WE,Federal Contract Tower,16,9,1,4,30,0,8,6,0,14,16,17,7,4,44,2,2,4,48
05/05/2020,LIH,HI,AWP,WE,Federal Contract Tower,13,12,0,8,33,0,8,7,0,15,13,20,7,8,48,6,0,6,54
05/06/2020,LIH,HI,AWP,WE,Federal Contract Tower,19,8,1,0,28,0,6,5,0,11,19,14,6,0,39,8,0,8,47
05/07/2020,LIH,HI,AWP,WE,Federal Contract Tower,19,6,0,5,30,0,3,0,0,3,19,9,0,5,33,4,8,12,45
05/08/2020,LIH,HI,AWP,WE,Federal Contract Tower,12,12,0,0,24,0,4,15,0,19,12,16,15,0,43,42,5,47,90
05/09/2020,LIH,HI,AWP,WE,Federal Contract Tower,17,2,0,0,19,0,6,4,1,11,17,8,4,1,30,2,0,2,32
05/10/2020,LIH,HI,AWP,WE,Federal Contract Tower,13,2,1,0,16,0,5,2,0,7,13,7,3,0,23,4,0,4,27
05/11/2020,LIH,HI,AWP,WE,Federal Contract Tower,23,4,0,8,35,0,7,13,3,23,23,11,13,11,58,9,4,13,71
05/12/2020,LIH,HI,AWP,WE,Federal Contract Tower,16,7,3,2,28,0,10,7,0,17,16,17,10,2,45,12,8,20,65
05/13/2020,LIH,HI,AWP,WE,Federal Contract Tower,17,6,1,10,34,0,17,13,0,30,17,23,14,10,64,10,8,18,82
05/14/2020,LIH,HI,AWP,WE,Federal Contract Tower,17,11,5,6,39,1,11,7,4,23,18,22,12,10,62,8,0,8,70
05/15/2020,LIH,HI,AWP,WE,Federal Contract Tower,14,10,2,6,32,0,6,8,0,14,14,16,10,6,46,2,0,2,48
05/16/2020,LIH,HI,AWP,WE,Federal Contract Tower,19,1,2,1,23,0,5,0,3,8,19,6,2,4,31,0,6,6,37
05/17/2020,LIH,HI,AWP,WE,Federal Contract Tower,13,2,0,0,15,0,3,0,0,3,13,5,0,0,18,0,0,0,18
05/18/2020,LIH,HI,AWP,WE,Federal Contract Tower,17,9,0,2,28,0,3,0,0,3,17,12,0,2,31,0,0,0,31
05/19/2020,LIH,HI,AWP,WE,Federal Contract Tower,16,15,1,4,36,0,11,6,0,17,16,26,7,4,53,8,0,8,61
05/20/2020,LIH,HI,AWP,WE,Federal Contract Tower,16,9,1,3,29,0,9,2,0,11,16,18,3,3,40,16,0,16,56
05/21/2020,LIH,HI,AWP,WE,Federal Contract Tower,22,9,0,13,44,0,7,2,1,10,22,16,2,14,54,6,3,9,63
05/22/2020,LIH,HI,AWP,WE,Federal Contract Tower,22,9,1,10,42,0,15,8,4,27,22,24,9,14,69,15,2,17,86
05/23/2020,LIH,HI,AWP,WE,Federal Contract Tower,20,3,3,0,26,0,5,12,0,17,20,8,15,0,43,0,0,0,43
05/24/2020,LIH,HI,AWP,WE,Federal Contract Tower,16,0,0,0,16,0,0,4,4,8,16,0,4,4,24,0,2,2,26
05/25/2020,LIH,HI,AWP,WE,Federal Contract Tower,17,2,2,6,27,0,7,4,1,12,17,9,6,7,39,12,2,14,53
05/26/2020,LIH,HI,AWP,WE,Federal Contract Tower,18,12,1,4,35,0,16,6,0,22,18,28,7,4,57,30,4,34,91
05/27/2020,LIH,HI,AWP,WE,Federal Contract Tower,15,11,8,4,38,0,4,5,0,9,15,15,13,4,47,0,0,0,47
05/28/2020,LIH,HI,AWP,WE,Federal Contract Tower,15,11,0,6,32,0,5,5,0,10,15,16,5,6,42,0,0,0,42
05/29/2020,LIH,HI,AWP,WE,Federal Contract Tower,16,9,4,5,34,1,3,8,2,14,17,12,12,7,48,14,6,20,68
05/30/2020,LIH,HI,AWP,WE,Federal Contract Tower,20,7,7,0,34,0,5,7,1,13,20,12,14,1,47,2,0,2,49
05/31/2020,LIH,HI,AWP,WE,Federal Contract Tower,17,0,3,0,20,0,0,4,1,5,17,0,7,1,25,0,0,0,25
06/01/2020,LIH,HI,AWP,WE,Federal Contract Tower,18,9,3,2,32,0,10,1,0,11,18,19,4,2,43,4,12,16,59
06/02/2020,LIH,HI,AWP,WE,Federal Contract Tower,21,15,8,15,59,0,17,9,0,26,21,32,17,15,85,6,12,18,103
06/03/2020,LIH,HI,AWP,WE,Federal Contract Tower,16,9,5,4,34,0,13,8,3,24,16,22,13,7,58,0,0,0,58
06/04/2020,LIH,HI,AWP,WE,Federal Contract Tower,17,11,9,4,41,0,13,9,1,23,17,24,18,5,64,6,0,6,70
06/05/2020,LIH,HI,AWP,WE,Federal Contract Tower,22,6,0,10,38,0,7,3,0,10,22,13,3,10,48,2,0,2,50
06/06/2020,LIH,HI,AWP,WE,Federal Contract Tower,19,4,4,0,27,0,5,2,2,9,19,9,6,2,36,0,0,0,36
06/07/2020,LIH,HI,AWP,WE,Federal Contract Tower,18,1,0,0,19,0,1,6,0,7,18,2,6,0,26,0,0,0,26
06/08/2020,LIH,HI,AWP,WE,Federal Contract Tower,21,9,2,6,38,0,18,0,0,18,21,27,2,6,56,10,0,10,66
06/09/2020,LIH,HI,AWP,WE,Federal Contract Tower,20,20,0,10,50,0,8,5,4,17,20,28,5,14,67,0,0,0,67
06/10/2020,LIH,HI,AWP,WE,Federal Contract Tower,19,9,1,2,31,0,7,11,0,18,19,16,12,2,49,6,0,6,55
06/11/2020,LIH,HI,AWP,WE,Federal Contract Tower,20,10,2,6,38,0,16,5,2,23,20,26,7,8,61,20,0,20,81
06/12/2020,LIH,HI,AWP,WE,Federal Contract Tower,19,10,2,6,37,0,4,0,2,6,19,14,2,8,43,9,3,12,55
06/13/2020,LIH,HI,AWP,WE,Federal Contract Tower,21,0,1,0,22,0,18,5,0,23,21,18,6,0,45,14,0,14,59
06/14/2020,LIH,HI,AWP,WE,Federal Contract Tower,19,5,1,0,25,0,0,10,0,10,19,5,11,0,35,4,0,4,39
06/15/2020,LIH,HI,AWP,WE,Federal Contract Tower,20,9,2,8,39,0,22,14,7,43,20,31,16,15,82,12,10,22,104
06/16/2020,LIH,HI,AWP,WE,Federal Contract Tower,23,14,2,4,43,0,15,16,4,35,23,29,18,8,78,2,0,2,80
06/17/2020,LIH,HI,AWP,WE,Federal Contract Tower,27,8,0,4,39,0,13,11,2,26,27,21,11,6,65,6,0,6,71
06/18/2020,LIH,HI,AWP,WE,Federal Contract Tower,24,11,2,9,46,0,3,9,2,14,24,14,11,11,60,2,6,8,68
06/19/2020,LIH,HI,AWP,WE,Federal Contract Tower,25,8,0,0,33,0,9,2,0,11,25,17,2,0,44,8,0,8,52
06/20/2020,LIH,HI,AWP,WE,Federal Contract Tower,21,3,4,0,28,0,5,5,0,10,21,8,9,0,38,0,0,0,38
06/21/2020,LIH,HI,AWP,WE,Federal Contract Tower,22,1,0,0,23,0,0,4,0,4,22,1,4,0,27,0,0,0,27
06/22/2020,LIH,HI,AWP,WE,Federal Contract Tower,23,10,5,1,39,0,15,5,18,38,23,25,10,19,77,46,0,46,123
06/23/2020,LIH,HI,AWP,WE,Federal Contract Tower,25,12,0,1,38,0,17,26,5,48,25,29,26,6,86,26,0,26,112
06/24/2020,LIH,HI,AWP,WE,Federal Contract Tower,27,8,1,12,48,0,12,19,7,38,27,20,20,19,86,0,12,12,98
06/25/2020,LIH,HI,AWP,WE,Federal Contract Tower,24,10,0,0,34,0,23,0,6,29,24,33,0,6,63,14,0,14,77
06/26/2020,LIH,HI,AWP,WE,Federal Contract Tower,26,9,5,0,40,0,16,12,2,30,26,25,17,2,70,10,0,10,80
06/27/2020,LIH,HI,AWP,WE,Federal Contract Tower,23,0,10,6,39,0,4,3,0,7,23,4,13,6,46,4,0,4,50
06/28/2020,LIH,HI,AWP,WE,Federal Contract Tower,26,4,2,1,33,0,2,3,0,5,26,6,5,1,38,0,8,8,46
06/29/2020,LIH,HI,AWP,WE,Federal Contract Tower,29,8,1,7,45,0,30,7,3,40,29,38,8,10,85,4,0,4,89
06/30/2020,LIH,HI,AWP,WE,Federal Contract Tower,26,9,1,0,36,0,15,5,13,33,26,24,6,13,69,8,0,8,77
07/01/2020,LIH,HI,AWP,WE,Federal Contract Tower,28,8,4,7,47,0,10,20,1,31,28,18,24,8,78,12,0,12,90
07/02/2020,LIH,HI,AWP,WE,Federal Contract Tower,36,10,7,0,53,0,18,8,0,26,36,28,15,0,79,24,0,24,103
07/03/2020,LIH,HI,AWP,WE,Federal Contract Tower,29,4,4,1,38,0,10,8,11,29,29,14,12,12,67,14,0,14,81
07/04/2020,LIH,HI,AWP,WE,Federal Contract Tower,23,0,5,3,31,0,0,2,0,2,23,0,7,3,33,0,8,8,41
07/05/2020,LIH,HI,AWP,WE,Federal Contract Tower,30,6,4,7,47,0,7,4,0,11,30,13,8,7,58,21,2,23,81
07/06/2020,LIH,HI,AWP,WE,Federal Contract Tower,26,9,1,0,36,0,11,9,0,20,26,20,10,0,56,2,0,2,58
07/07/2020,LIH,HI,AWP,WE,Federal Contract Tower,38,15,0,4,57,0,13,7,4,24,38,28,7,8,81,2,2,4,85
07/08/2020,LIH,HI,AWP,WE,Federal Contract Tower,27,9,0,4,40,0,5,13,0,18,27,14,13,4,58,8,0,8,66
07/09/2020,LIH,HI,AWP,WE,Federal Contract Tower,31,9,0,3,43,0,9,4,2,15,31,18,4,5,58,0,8,8,66
07/10/2020,LIH,HI,AWP,WE,Federal Contract Tower,26,12,5,6,49,0,10,2,0,12,26,22,7,6,61,2,0,2,63
07/11/2020,LIH,HI,AWP,WE,Federal Contract Tower,26,4,8,1,39,0,4,4,0,8,26,8,12,1,47,0,0,0,47
07/12/2020,LIH,HI,AWP,WE,Federal Contract Tower,26,4,1,2,33,0,0,1,0,1,26,4,2,2,34,0,0,0,34
07/13/2020,LIH,HI,AWP,WE,Federal Contract Tower,27,9,0,2,38,0,2,8,2,12,27,11,8,4,50,0,6,6,56
07/14/2020,LIH,HI,AWP,WE,Federal Contract Tower,28,13,1,4,46,0,7,6,3,16,28,20,7,7,62,6,0,6,68
07/15/2020,LIH,HI,AWP,WE,Federal Contract Tower,29,10,2,0,41,0,12,8,6,26,29,22,10,6,67,5,0,5,72
07/16/2020,LIH,HI,AWP,WE,Federal Contract Tower,30,12,2,9,53,0,18,12,0,30,30,30,14,9,83,4,0,4,87
07/17/2020,LIH,HI,AWP,WE,Federal Contract Tower,26,15,0,0,41,0,16,3,4,23,26,31,3,4,64,12,0,12,76
07/18/2020,LIH,HI,AWP,WE,Federal Contract Tower,25,7,5,0,37,0,9,18,0,27,25,16,23,0,64,0,0,0,64
07/19/2020,LIH,HI,AWP,WE,Federal Contract Tower,25,5,2,0,32,0,2,2,0,4,25,7,4,0,36,0,0,0,36
07/20/2020,LIH,HI,AWP,WE,Federal Contract Tower,29,11,2,6,48,0,5,2,0,7,29,16,4,6,55,6,0,6,61
07/21/2020,LIH,HI,AWP,WE,Federal Contract Tower,30,10,5,5,50,0,12,9,2,23,30,22,14,7,73,18,0,18,91
07/22/2020,LIH,HI,AWP,WE,Federal Contract Tower,28,12,1,8,49,0,2,1,1,4,28,14,2,9,53,0,0,0,53
07/23/2020,LIH,HI,AWP,WE,Federal Contract Tower,30,7,5,8,50,0,21,8,2,31,30,28,13,10,81,12,0,12,93
07/24/2020,LIH,HI,AWP,WE,Federal Contract Tower,31,12,0,6,49,0,12,11,0,23,31,24,11,6,72,59,2,61,133
07/25/2020,LIH,HI,AWP,WE,Federal Contract Tower,21,3,8,0,32,0,6,1,0,7,21,9,9,0,39,16,0,16,55
07/26/2020,LIH,HI,AWP,WE,Federal Contract Tower,0,0,1,0,1,0,5,0,2,7,0,5,1,2,8,2,0,2,10
07/27/2020,LIH,HI,AWP,WE,Federal Contract Tower,24,13,1,0,38,0,5,0,0,5,24,18,1,0,43,0,0,0,43
07/28/2020,LIH,HI,AWP,WE,Federal Contract Tower,30,11,0,5,46,0,6,5,1,12,30,17,5,6,58,6,4,10,68
07/29/2020,LIH,HI,AWP,WE,Federal Contract Tower,29,12,0,10,51,0,9,21,0,30,29,21,21,10,81,28,0,28,109
07/30/2020,LIH,HI,AWP,WE,Federal Contract Tower,31,11,3,10,55,0,9,4,2,15,31,20,7,12,70,10,8,18,88
07/31/2020,LIH,HI,AWP,WE,Federal Contract Tower,29,13,0,4,46,0,14,10,1,25,29,27,10,5,71,12,0,12,83
08/01/2020,LIH,HI,AWP,WE,Federal Contract Tower,27,3,3,1,34,0,11,10,0,21,27,14,13,1,55,37,0,37,92
08/02/2020,LIH,HI,AWP,WE,Federal Contract Tower,32,4,1,4,41,0,2,9,0,11,32,6,10,4,52,6,4,10,62
08/03/2020,LIH,HI,AWP,WE,Federal Contract Tower,33,8,1,2,44,0,17,8,0,25,33,25,9,2,69,4,10,14,83
08/04/2020,LIH,HI,AWP,WE,Federal Contract Tower,26,6,2,4,38,0,15,19,1,35,26,21,21,5,73,36,0,36,109
08/05/2020,LIH,HI,AWP,WE,Federal Contract Tower,27,8,3,0,38,0,2,14,0,16,27,10,17,0,54,0,0,0,54
08/06/2020,LIH,HI,AWP,WE,Federal Contract Tower,33,14,11,9,67,0,37,4,0,41,33,51,15,9,108,14,12,26,134
08/07/2020,LIH,HI,AWP,WE,Federal Contract Tower,32,7,0,2,41,0,10,6,2,18,32,17,6,4,59,26,0,26,85
08/08/2020,LIH,HI,AWP,WE,Federal Contract Tower,26,17,0,0,43,0,7,29,0,36,26,24,29,0,79,14,0,14,93
08/09/2020,LIH,HI,AWP,WE,Federal Contract Tower,29,2,1,0,32,0,4,7,0,11,29,6,8,0,43,2,0,2,45
08/10/2020,LIH,HI,AWP,WE,Federal Contract Tower,35,8,1,6,50,0,20,11,0,31,35,28,12,6,81,20,6,26,107
08/11/2020,LIH,HI,AWP,WE,Federal Contract Tower,27,9,9,2,47,0,8,16,4,28,27,17,25,6,75,20,0,20,95
08/12/2020,LIH,HI,AWP,WE,Federal Contract Tower,19,8,18,3,48,0,13,13,11,37,19,21,31,14,85,12,0,12,97
08/13/2020,LIH,HI,AWP,WE,Federal Contract Tower,21,14,14,4,53,0,8,17,0,25,21,22,31,4,78,20,0,20,98
08/14/2020,LIH,HI,AWP,WE,Federal Contract Tower,20,9,3,1,33,0,17,17,1,35,20,26,20,2,68,26,0,26,94
08/15/2020,LIH,HI,AWP,WE,Federal Contract Tower,21,2,2,0,25,0,5,11,0,16,21,7,13,0,41,2,0,2,43
08/16/2020,LIH,HI,AWP,WE,Federal Contract Tower,19,2,0,0,21,0,5,9,0,14,19,7,9,0,35,25,0,25,60
08/17/2020,LIH,HI,AWP,WE,Federal Contract Tower,22,7,3,4,36,0,25,6,1,32,22,32,9,5,68,6,0,6,74
08/18/2020,LIH,HI,AWP,WE,Federal Contract Tower,19,11,0,1,31,0,9,11,2,22,19,20,11,3,53,18,0,18,71
08/19/2020,LIH,HI,AWP,WE,Federal Contract Tower,18,9,2,2,31,0,12,3,0,15,18,21,5,2,46,18,4,22,68
08/20/2020,LIH,HI,AWP,WE,Federal Contract Tower,23,10,5,3,41,0,9,7,3,19,23,19,12,6,60,16,0,16,76
08/21/2020,LIH,HI,AWP,WE,Federal Contract Tower,18,12,2,0,32,0,9,9,2,20,18,21,11,2,52,2,0,2,54
08/22/2020,LIH,HI,AWP,WE,Federal Contract Tower,23,1,1,8,33,0,3,7,0,10,23,4,8,8,43,18,0,18,61
08/23/2020,LIH,HI,AWP,WE,Federal Contract Tower,21,2,3,8,34,0,4,2,0,6,21,6,5,8,40,29,0,29,69
08/24/2020,LIH,HI,AWP,WE,Federal Contract Tower,21,11,0,3,35,0,17,4,3,24,21,28,4,6,59,18,4,22,81
08/25/2020,LIH,HI,AWP,WE,Federal Contract Tower,21,11,0,1,33,0,7,13,0,20,21,18,13,1,53,34,8,42,95
08/26/2020,LIH,HI,AWP,WE,Federal Contract Tower,19,9,1,4,33,0,5,7,4,16,19,14,8,8,49,24,0,24,73
08/27/2020,LIH,HI,AWP,WE,Federal Contract Tower,20,16,1,0,37,0,12,4,1,17,20,28,5,1,54,4,28,32,86
08/28/2020,LIH,HI,AWP,WE,Federal Contract Tower,18,9,0,7,34,0,9,8,5,22,18,18,8,12,56,30,8,38,94
08/29/2020,LIH,HI,AWP,WE,Federal Contract Tower,20,1,1,0,22,0,5,5,0,10,20,6,6,0,32,0,0,0,32
08/30/2020,LIH,HI,AWP,WE,Federal Contract Tower,16,8,0,0,24,0,1,1,0,2,16,9,1,0,26,6,0,6,32
08/31/2020,LIH,HI,AWP,WE,Federal Contract Tower,21,13,6,4,44,0,22,3,0,25,21,35,9,4,69,6,12,18,87
09/01/2020,LIH,HI,AWP,WE,Federal Contract Tower,17,11,3,5,36,0,1,4,1,6,17,12,7,6,42,4,6,10,52
09/02/2020,LIH,HI,AWP,WE,Federal Contract Tower,18,8,4,5,35,0,9,6,1,16,18,17,10,6,51,6,8,14,65
09/03/2020,LIH,HI,AWP,WE,Federal Contract Tower,18,12,3,2,35,0,15,8,0,23,18,27,11,2,58,36,12,48,106
09/04/2020,LIH,HI,AWP,WE,Federal Contract Tower,18,15,2,0,35,0,9,3,0,12,18,24,5,0,47,34,0,34,81
09/05/2020,LIH,HI,AWP,WE,Federal Contract Tower,20,3,0,0,23,0,3,12,0,15,20,6,12,0,38,10,0,10,48
09/06/2020,LIH,HI,AWP,WE,Federal Contract Tower,15,2,1,0,18,1,4,7,0,12,16,6,8,0,30,66,0,66,96
09/07/2020,LIH,HI,AWP,WE,Federal Contract Tower,17,5,1,0,23,0,22,5,0,27,17,27,6,0,50,28,0,28,78
09/08/2020,LIH,HI,AWP,WE,Federal Contract Tower,14,13,7,4,38,0,22,20,2,44,14,35,27,6,82,60,0,60,142
09/09/2020,LIH,HI,AWP,WE,Federal Contract Tower,17,5,5,7,34,0,17,7,0,24,17,22,12,7,58,12,0,12,70
09/10/2020,LIH,HI,AWP,WE,Federal Contract Tower,19,12,2,4,37,0,18,9,2,29,19,30,11,6,66,39,1,40,106
09/11/2020,LIH,HI,AWP,WE,Federal Contract Tower,17,15,0,1,33,1,25,7,1,34,18,40,7,2,67,52,1,53,120
09/12/2020,LIH,HI,AWP,WE,Federal Contract Tower,19,1,2,1,23,0,6,8,0,14,19,7,10,1,37,24,0,24,61
09/13/2020,LIH,HI,AWP,WE,Federal Contract Tower,14,5,3,0,22,0,5,9,0,14,14,10,12,0,36,21,0,21,57
09/14/2020,LIH,HI,AWP,WE,Federal Contract Tower,19,9,3,0,31,0,14,22,0,36,19,23,25,0,67,30,0,30,97
09/15/2020,LIH,HI,AWP,WE,Federal Contract Tower,16,13,0,14,43,0,17,10,2,29,16,30,10,16,72,42,6,48,120
09/16/2020,LIH,HI,AWP,WE,Federal Contract Tower,16,7,4,11,38,0,16,8,4,28,16,23,12,15,66,14,8,22,88
09/17/2020,LIH,HI,AWP,WE,Federal Contract Tower,17,12,3,7,39,0,4,2,4,10,17,16,5,11,49,0,4,4,53
09/18/2020,LIH,HI,AWP,WE,Federal Contract Tower,16,15,3,3,37,0,14,8,2,24,16,29,11,5,61,34,0,34,95
09/19/2020,LIH,HI,AWP,WE,Federal Contract Tower,20,4,4,0,28,0,6,7,0,13,20,10,11,0,41,16,0,16,57
09/20/2020,LIH,HI,AWP,WE,Federal Contract Tower,18,1,0,3,22,0,0,12,4,16,18,1,12,7,38,24,0,24,62
09/21/2020,LIH,HI,AWP,WE,Federal Contract Tower,20,12,0,0,32,0,28,6,0,34,20,40,6,0,66,70,0,70,136
09/22/2020,LIH,HI,AWP,WE,Federal Contract Tower,17,15,11,0,43,0,18,9,0,27,17,33,20,0,70,38,0,38,108
09/23/2020,LIH,HI,AWP,WE,Federal Contract Tower,17,2,1,0,20,0,13,12,6,31,17,15,13,6,51,12,0,12,63
09/24/2020,LIH,HI,AWP,WE,Federal Contract Tower,14,13,0,11,38,0,7,4,0,11,14,20,4,11,49,30,0,30,79
09/25/2020,LIH,HI,AWP,WE,Federal Contract Tower,21,17,0,4,42,0,6,1,1,8,21,23,1,5,50,16,10,26,76
09/26/2020,LIH,HI,AWP,WE,Federal Contract Tower,24,2,0,0,26,0,9,23,0,32,24,11,23,0,58,12,8,20,78
09/27/2020,LIH,HI,AWP,WE,Federal Contract Tower,14,3,0,0,17,0,1,24,0,25,14,4,24,0,42,10,0,10,52
09/28/2020,LIH,HI,AWP,WE,Federal Contract Tower,19,11,1,3,34,0,2,5,1,8,19,13,6,4,42,26,21,47,89
09/29/2020,LIH,HI,AWP,WE,Federal Contract Tower,16,8,0,3,27,0,15,6,1,22,16,23,6,4,49,16,0,16,65
09/30/2020,LIH,HI,AWP,WE,Federal Contract Tower,17,6,1,3,27,0,16,11,0,27,17,22,12,3,54,4,0,4,58
10/01/2020,LIH,HI,AWP,WE,Federal Contract Tower,17,8,0,0,25,0,15,6,0,21,17,23,6,0,46,2,0,2,48
10/02/2020,LIH,HI,AWP,WE,Federal Contract Tower,21,8,6,0,35,0,20,3,0,23,21,28,9,0,58,10,2,12,70
10/03/2020,LIH,HI,AWP,WE,Federal Contract Tower,15,7,3,0,25,0,14,6,0,20,15,21,9,0,45,8,0,8,53
10/04/2020,LIH,HI,AWP,WE,Federal Contract Tower,13,4,1,0,18,0,1,6,0,7,13,5,7,0,25,9,0,9,34
10/05/2020,LIH,HI,AWP,WE,Federal Contract Tower,24,9,2,6,41,0,17,4,0,21,24,26,6,6,62,9,0,9,71
10/06/2020,LIH,HI,AWP,WE,Federal Contract Tower,18,10,5,12,45,0,16,3,1,20,18,26,8,13,65,6,0,6,71
10/07/2020,LIH,HI,AWP,WE,Federal Contract Tower,20,4,0,6,30,0,5,6,0,11,20,9,6,6,41,0,0,0,41
10/08/2020,LIH,HI,AWP,WE,Federal Contract Tower,20,15,2,8,45,0,18,6,0,24,20,33,8,8,69,6,0,6,75
10/09/2020,LIH,HI,AWP,WE,Federal Contract Tower,19,11,2,4,36,0,11,4,0,15,19,22,6,4,51,12,4,16,67
10/10/2020,LIH,HI,AWP,WE,Federal Contract Tower,15,4,0,7,26,0,4,10,6,20,15,8,10,13,46,2,0,2,48
10/11/2020,LIH,HI,AWP,WE,Federal Contract Tower,18,1,2,0,21,0,4,6,0,10,18,5,8,0,31,16,0,16,47
10/12/2020,LIH,HI,AWP,WE,Federal Contract Tower,19,8,1,0,28,0,12,2,0,14,19,20,3,0,42,6,0,6,48
10/13/2020,LIH,HI,AWP,WE,Federal Contract Tower,22,10,3,7,42,0,18,9,2,29,22,28,12,9,71,26,0,26,97
10/14/2020,LIH,HI,AWP,WE,Federal Contract Tower,23,6,4,7,40,0,10,12,5,27,23,16,16,12,67,0,0,0,67
10/15/2020,LIH,HI,AWP,WE,Federal Contract Tower,39,11,3,1,54,0,10,3,0,13,39,21,6,1,67,8,6,14,81
10/16/2020,LIH,HI,AWP,WE,Federal Contract Tower,35,23,4,2,64,0,8,3,10,21,35,31,7,12,85,2,0,2,87
10/17/2020,LIH,HI,AWP,WE,Federal Contract Tower,34,2,5,0,41,0,3,3,0,6,34,5,8,0,47,0,0,0,47
10/18/2020,LIH,HI,AWP,WE,Federal Contract Tower,37,2,2,0,41,0,6,2,0,8,37,8,4,0,49,0,0,0,49
10/19/2020,LIH,HI,AWP,WE,Federal Contract Tower,41,14,4,6,65,0,36,7,0,43,41,50,11,6,108,6,12,18,126
10/20/2020,LIH,HI,AWP,WE,Federal Contract Tower,43,12,1,0,56,0,4,3,0,7,43,16,4,0,63,12,0,12,75
10/21/2020,LIH,HI,AWP,WE,Federal Contract Tower,37,8,4,6,55,0,18,5,1,24,37,26,9,7,79,0,0,0,79
10/22/2020,LIH,HI,AWP,WE,Federal Contract Tower,46,17,0,0,63,0,70,11,0,81,46,87,11,0,144,23,2,25,169
10/23/2020,LIH,HI,AWP,WE,Federal Contract Tower,43,14,3,0,60,0,27,1,0,28,43,41,4,0,88,7,0,7,95
10/24/2020,LIH,HI,AWP,WE,Federal Contract Tower,30,10,5,0,45,0,25,13,0,38,30,35,18,0,83,0,0,0,83
10/25/2020,LIH,HI,AWP,WE,Federal Contract Tower,43,4,3,0,50,0,10,4,0,14,43,14,7,0,64,0,0,0,64
10/26/2020,LIH,HI,AWP,WE,Federal Contract Tower,38,11,2,4,55,0,30,11,1,42,38,41,13,5,97,22,0,22,119
10/27/2020,LIH,HI,AWP,WE,Federal Contract Tower,40,11,9,8,68,0,36,11,0,47,40,47,20,8,115,36,0,36,151
10/28/2020,LIH,HI,AWP,WE,Federal Contract Tower,36,21,8,0,65,0,15,5,0,20,36,36,13,0,85,24,0,24,109
10/29/2020,LIH,HI,AWP,WE,Federal Contract Tower,34,18,3,2,57,0,46,19,0,65,34,64,22,2,122,50,0,50,172
10/30/2020,LIH,HI,AWP,WE,Federal Contract Tower,31,17,1,0,49,0,62,25,0,87,31,79,26,0,136,50,0,50,186
10/31/2020,LIH,HI,AWP,WE,Federal Contract Tower,29,3,3,0,35,0,20,6,0,26,29,23,9,0,61,30,0,30,91
11/01/2020,LIH,HI,AWP,WE,Federal Contract Tower,32,6,4,0,42,0,22,6,0,28,32,28,10,0,70,34,0,34,104
11/02/2020,LIH,HI,AWP,WE,Federal Contract Tower,37,6,2,8,53,0,63,6,0,69,37,69,8,8,122,14,0,14,136
11/03/2020,LIH,HI,AWP,WE,Federal Contract Tower,32,13,1,8,54,0,23,13,5,41,32,36,14,13,95,38,0,38,133
11/04/2020,LIH,HI,AWP,WE,Federal Contract Tower,37,5,2,0,44,0,16,7,0,23,37,21,9,0,67,14,0,14,81
11/05/2020,LIH,HI,AWP,WE,Federal Contract Tower,41,12,2,0,55,0,30,2,0,32,41,42,4,0,87,26,0,26,113
11/06/2020,LIH,HI,AWP,WE,Federal Contract Tower,40,11,3,0,54,0,82,7,0,89,40,93,10,0,143,0,0,0,143
11/07/2020,LIH,HI,AWP,WE,Federal Contract Tower,34,6,2,0,42,0,22,12,0,34,34,28,14,0,76,14,4,18,94
11/08/2020,LIH,HI,AWP,WE,Federal Contract Tower,37,8,8,0,53,0,23,10,0,33,37,31,18,0,86,18,0,18,104
11/09/2020,LIH,HI,AWP,WE,Federal Contract Tower,39,13,2,2,56,0,40,20,0,60,39,53,22,2,116,41,0,41,157
11/10/2020,LIH,HI,AWP,WE,Federal Contract Tower,42,14,4,1,61,0,49,11,4,64,42,63,15,5,125,28,0,28,153
11/11/2020,LIH,HI,AWP,WE,Federal Contract Tower,40,3,3,3,49,0,28,4,1,33,40,31,7,4,82,0,0,0,82
11/12/2020,LIH,HI,AWP,WE,Federal Contract Tower,38,16,1,5,60,0,43,12,1,56,38,59,13,6,116,38,0,38,154
11/13/2020,LIH,HI,AWP,WE,Federal Contract Tower,45,10,5,4,64,0,58,7,1,66,45,68,12,5,130,21,0,21,151
11/14/2020,LIH,HI,AWP,WE,Federal Contract Tower,38,7,4,0,49,0,46,7,0,53,38,53,11,0,102,20,0,20,122
11/15/2020,LIH,HI,AWP,WE,Federal Contract Tower,34,0,2,0,36,0,21,6,0,27,34,21,8,0,63,0,0,0,63
11/16/2020,LIH,HI,AWP,WE,Federal Contract Tower,37,8,3,11,59,0,74,11,4,89,37,82,14,15,148,2,5,7,155
11/17/2020,LIH,HI,AWP,WE,Federal Contract Tower,38,15,3,1,57,0,47,20,1,68,38,62,23,2,125,46,0,46,171
11/18/2020,LIH,HI,AWP,WE,Federal Contract Tower,50,11,1,2,64,0,5,0,0,5,50,16,1,2,69,2,0,2,71
11/19/2020,LIH,HI,AWP,WE,Federal Contract Tower,47,15,3,13,78,0,67,8,5,80,47,82,11,18,158,32,2,34,192
11/20/2020,LIH,HI,AWP,WE,Federal Contract Tower,48,14,4,0,66,0,51,3,0,54,48,65,7,0,120,30,0,30,150
11/21/2020,LIH,HI,AWP,WE,Federal Contract Tower,47,6,8,0,61,0,0,0,0,0,47,6,8,0,61,0,0,0,61
11/22/2020,LIH,HI,AWP,WE,Federal Contract Tower,46,5,2,0,53,0,30,3,7,40,46,35,5,7,93,8,4,12,105
11/23/2020,LIH,HI,AWP,WE,Federal Contract Tower,49,8,0,2,59,0,60,9,0,69,49,68,9,2,128,12,0,12,140
11/24/2020,LIH,HI,AWP,WE,Federal Contract Tower,55,8,2,7,72,0,34,5,1,40,55,42,7,8,112,10,0,10,122
11/25/2020,LIH,HI,AWP,WE,Federal Contract Tower,51,9,2,2,64,0,25,2,0,27,51,34,4,2,91,6,0,6,97
11/26/2020,LIH,HI,AWP,WE,Federal Contract Tower,42,4,0,0,46,0,23,3,0,26,42,27,3,0,72,20,0,20,92
11/27/2020,LIH,HI,AWP,WE,Federal Contract Tower,45,9,4,0,58,0,100,14,0,114,45,109,18,0,172,28,0,28,200
11/28/2020,LIH,HI,AWP,WE,Federal Contract Tower,49,13,5,0,67,0,82,19,0,101,49,95,24,0,168,0,0,0,168
11/29/2020,LIH,HI,AWP,WE,Federal Contract Tower,45,7,1,0,53,0,45,7,0,52,45,52,8,0,105,18,0,18,123
11/30/2020,LIH,HI,AWP,WE,Federal Contract Tower,50,12,6,3,71,0,70,7,3,80,50,82,13,6,151,31,0,31,182
12/01/2020,LIH,HI,AWP,WE,Federal Contract Tower,46,10,1,16,73,0,74,13,1,88,46,84,14,17,161,28,4,32,193
12/02/2020,LIH,HI,AWP,WE,Federal Contract Tower,32,5,1,2,40,0,47,9,2,58,32,52,10,4,98,10,8,18,116
12/03/2020,LIH,HI,AWP,WE,Federal Contract Tower,24,6,2,4,36,0,44,9,2,55,24,50,11,6,91,8,0,8,99
12/04/2020,LIH,HI,AWP,WE,Federal Contract Tower,29,5,0,0,34,0,54,4,5,63,29,59,4,5,97,32,0,32,129
12/05/2020,LIH,HI,AWP,WE,Federal Contract Tower,33,2,1,2,38,0,32,12,0,44,33,34,13,2,82,2,0,2,84
12/06/2020,LIH,HI,AWP,WE,Federal Contract Tower,22,4,4,6,36,0,6,10,5,21,22,10,14,11,57,0,4,4,61
12/07/2020,LIH,HI,AWP,WE,Federal Contract Tower,28,13,2,13,56,5,14,12,0,31,33,27,14,13,87,0,4,4,91
12/08/2020,LIH,HI,AWP,WE,Federal Contract Tower,26,6,0,7,39,0,31,12,3,46,26,37,12,10,85,50,0,50,135
12/09/2020,LIH,HI,AWP,WE,Federal Contract Tower,25,7,3,1,36,0,22,9,0,31,25,29,12,1,67,16,0,16,83
12/10/2020,LIH,HI,AWP,WE,Federal Contract Tower,28,5,2,0,35,0,16,4,2,22,28,21,6,2,57,20,0,20,77
12/11/2020,LIH,HI,AWP,WE,Federal Contract Tower,25,7,0,4,36,0,12,11,0,23,25,19,11,4,59,21,0,21,80
12/12/2020,LIH,HI,AWP,WE,Federal Contract Tower,19,3,1,0,23,0,7,14,1,22,19,10,15,1,45,8,6,14,59
12/13/2020,LIH,HI,AWP,WE,Federal Contract Tower,17,5,4,0,26,0,8,20,0,28,17,13,24,0,54,30,0,30,84
12/14/2020,LIH,HI,AWP,WE,Federal Contract Tower,22,6,6,0,34,0,14,7,0,21,22,20,13,0,55,0,0,0,55
12/15/2020,LIH,HI,AWP,WE,Federal Contract Tower,19,4,1,0,24,0,21,2,6,29,19,25,3,6,53,2,18,20,73
12/16/2020,LIH,HI,AWP,WE,Federal Contract Tower,18,3,3,4,28,0,24,5,1,30,18,27,8,5,58,0,4,4,62
12/17/2020,LIH,HI,AWP,WE,Federal Contract Tower,22,14,7,12,55,0,18,7,4,29,22,32,14,16,84,10,8,18,102
12/18/2020,LIH,HI,AWP,WE,Federal Contract Tower,21,5,1,0,27,0,22,3,0,25,21,27,4,0,52,8,0,8,60
12/19/2020,LIH,HI,AWP,WE,Federal Contract Tower,19,5,3,0,27,0,11,8,0,19,19,16,11,0,46,18,0,18,64
12/20/2020,LIH,HI,AWP,WE,Federal Contract Tower,16,6,5,0,27,0,1,2,0,3,16,7,7,0,30,16,0,16,46
12/21/2020,LIH,HI,AWP,WE,Federal Contract Tower,23,9,0,6,38,0,19,2,0,21,23,28,2,6,59,0,0,0,59
12/22/2020,LIH,HI,AWP,WE,Federal Contract Tower,21,8,5,4,38,0,13,6,0,19,21,21,11,4,57,10,0,10,67
12/23/2020,LIH,HI,AWP,WE,Federal Contract Tower,20,8,2,0,30,0,26,10,0,36,20,34,12,0,66,18,0,18,84
12/24/2020,LIH,HI,AWP,WE,Federal Contract Tower,17,1,3,0,21,0,10,5,0,15,17,11,8,0,36,10,0,10,46
12/25/2020,LIH,HI,AWP,WE,Federal Contract Tower,17,3,0,0,20,0,0,0,0,0,17,3,0,0,20,0,0,0,20
12/26/2020,LIH,HI,AWP,WE,Federal Contract Tower,14,5,9,0,28,0,7,6,0,13,14,12,15,0,41,12,0,12,53
12/27/2020,LIH,HI,AWP,WE,Federal Contract Tower,17,1,5,0,23,0,4,0,4,8,17,5,5,4,31,2,0,2,33
12/28/2020,LIH,HI,AWP,WE,Federal Contract Tower,18,9,0,0,27,0,16,6,0,22,18,25,6,0,49,6,0,6,55
12/29/2020,LIH,HI,AWP,WE,Federal Contract Tower,17,6,0,2,25,0,15,7,0,22,17,21,7,2,47,6,0,6,53
12/30/2020,LIH,HI,AWP,WE,Federal Contract Tower,19,7,5,0,31,0,9,5,0,14,19,16,10,0,45,18,0,18,63
12/31/2020,LIH,HI,AWP,WE,Federal Contract Tower,20,1,0,0,21,0,5,0,0,5,20,6,0,0,26,48,0,48,74
01/01/2021,LIH,HI,AWP,WE,Federal Contract Tower,16,0,1,0,17,0,0,0,0,0,16,0,1,0,17,0,0,0,17
01/02/2021,LIH,HI,AWP,WE,Federal Contract Tower,12,4,1,0,17,0,6,10,0,16,12,10,11,0,33,60,0,60,93
01/03/2021,LIH,HI,AWP,WE,Federal Contract Tower,17,1,4,0,22,0,5,2,0,7,17,6,6,0,29,46,0,46,75
01/04/2021,LIH,HI,AWP,WE,Federal Contract Tower,16,11,3,3,33,0,11,12,1,24,16,22,15,4,57,14,0,14,71
01/05/2021,LIH,HI,AWP,WE,Federal Contract Tower,20,12,13,2,47,0,9,5,2,16,20,21,18,4,63,18,0,18,81
01/06/2021,LIH,HI,AWP,WE,Federal Contract Tower,21,10,1,0,32,0,13,5,0,18,21,23,6,0,50,28,0,28,78
01/07/2021,LIH,HI,AWP,WE,Federal Contract Tower,24,11,2,4,41,0,10,4,0,14,24,21,6,4,55,2,0,2,57
01/08/2021,LIH,HI,AWP,WE,Federal Contract Tower,24,15,2,2,43,0,23,12,0,35,24,38,14,2,78,50,0,50,128
01/09/2021,LIH,HI,AWP,WE,Federal Contract Tower,19,11,4,0,34,0,12,4,0,16,19,23,8,0,50,6,0,6,56
01/10/2021,LIH,HI,AWP,WE,Federal Contract Tower,21,11,6,0,38,0,4,3,0,7,21,15,9,0,45,2,0,2,47
01/11/2021,LIH,HI,AWP,WE,Federal Contract Tower,23,10,8,13,54,0,25,13,2,40,23,35,21,15,94,58,0,58,152
01/12/2021,LIH,HI,AWP,WE,Federal Contract Tower,16,16,1,7,40,0,21,12,4,37,16,37,13,11,77,4,20,24,101
01/13/2021,LIH,HI,AWP,WE,Federal Contract Tower,21,7,6,4,38,0,9,6,0,15,21,16,12,4,53,0,10,10,63
01/14/2021,LIH,HI,AWP,WE,Federal Contract Tower,21,10,2,6,39,0,12,3,1,16,21,22,5,7,55,16,8,24,79
01/15/2021,LIH,HI,AWP,WE,Federal Contract Tower,24,18,5,8,55,0,11,23,0,34,24,29,28,8,89,10,0,10,99
01/16/2021,LIH,HI,AWP,WE,Federal Contract Tower,20,9,1,0,30,0,3,8,0,11,20,12,9,0,41,0,0,0,41
01/17/2021,LIH,HI,AWP,WE,Federal Contract Tower,21,0,0,0,21,0,2,10,0,12,21,2,10,0,33,0,0,0,33
01/18/2021,LIH,HI,AWP,WE,Federal Contract Tower,21,9,1,0,31,0,1,0,0,1,21,10,1,0,32,0,0,0,32
01/19/2021,LIH,HI,AWP,WE,Federal Contract Tower,25,18,1,0,44,0,0,0,0,0,25,18,1,0,44,0,0,0,44
01/20/2021,LIH,HI,AWP,WE,Federal Contract Tower,25,7,0,4,36,0,5,7,0,12,25,12,7,4,48,2,2,4,52
01/21/2021,LIH,HI,AWP,WE,Federal Contract Tower,22,10,2,5,39,0,18,5,0,23,22,28,7,5,62,14,6,20,82
01/22/2021,LIH,HI,AWP,WE,Federal Contract Tower,22,13,0,5,40,0,19,5,1,25,22,32,5,6,65,23,0,23,88
01/23/2021,LIH,HI,AWP,WE,Federal Contract Tower,21,3,2,0,26,0,3,1,0,4,21,6,3,0,30,0,0,0,30
01/24/2021,LIH,HI,AWP,WE,Federal Contract Tower,18,0,3,0,21,0,4,0,0,4,18,4,3,0,25,0,0,0,25
01/25/2021,LIH,HI,AWP,WE,Federal Contract Tower,21,13,5,1,40,0,3,0,1,4,21,16,5,2,44,28,0,28,72
01/26/2021,LIH,HI,AWP,WE,Federal Contract Tower,22,13,3,12,50,0,6,0,0,6,22,19,3,12,56,15,2,17,73
01/27/2021,LIH,HI,AWP,WE,Federal Contract Tower,21,6,11,0,38,0,11,4,0,15,21,17,15,0,53,2,0,2,55
01/28/2021,LIH,HI,AWP,WE,Federal Contract Tower,22,7,0,6,35,0,14,3,0,17,22,21,3,6,52,6,4,10,62
01/29/2021,LIH,HI,AWP,WE,Federal Contract Tower,19,19,2,2,42,0,17,7,0,24,19,36,9,2,66,16,0,16,82
01/30/2021,LIH,HI,AWP,WE,Federal Contract Tower,20,7,3,0,30,0,7,3,0,10,20,14,6,0,40,0,0,0,40
01/31/2021,LIH,HI,AWP,WE,Federal Contract Tower,20,6,1,8,35,0,12,3,6,21,20,18,4,14,56,30,0,30,86
02/01/2021,LIH,HI,AWP,WE,Federal Contract Tower,19,11,7,6,43,0,10,4,0,14,19,21,11,6,57,28,0,28,85
02/02/2021,LIH,HI,AWP,WE,Federal Contract Tower,18,19,1,3,41,0,12,8,3,23,18,31,9,6,64,14,9,23,87
02/03/2021,LIH,HI,AWP,WE,Federal Contract Tower,21,8,0,0,29,0,7,2,0,9,21,15,2,0,38,0,0,0,38
02/04/2021,LIH,HI,AWP,WE,Federal Contract Tower,19,12,0,6,37,0,34,1,1,36,19,46,1,7,73,44,18,62,135
02/05/2021,LIH,HI,AWP,WE,Federal Contract Tower,20,14,3,0,37,0,42,8,0,50,20,56,11,0,87,48,0,48,135
02/06/2021,LIH,HI,AWP,WE,Federal Contract Tower,17,3,1,0,21,0,32,3,0,35,17,35,4,0,56,12,0,12,68
02/07/2021,LIH,HI,AWP,WE,Federal Contract Tower,16,2,5,0,23,0,7,1,3,11,16,9,6,3,34,0,0,0,34
02/08/2021,LIH,HI,AWP,WE,Federal Contract Tower,18,13,2,6,39,0,22,2,0,24,18,35,4,6,63,4,0,4,67
02/09/2021,LIH,HI,AWP,WE,Federal Contract Tower,19,8,2,7,36,0,10,5,5,20,19,18,7,12,56,10,0,10,66
02/10/2021,LIH,HI,AWP,WE,Federal Contract Tower,21,7,3,16,47,0,15,2,1,18,21,22,5,17,65,12,0,12,77
02/11/2021,LIH,HI,AWP,WE,Federal Contract Tower,19,10,5,3,37,0,40,1,1,42,19,50,6,4,79,24,0,24,103
02/12/2021,LIH,HI,AWP,WE,Federal Contract Tower,21,13,1,0,35,0,50,8,1,59,21,63,9,1,94,40,2,42,136
02/13/2021,LIH,HI,AWP,WE,Federal Contract Tower,16,5,7,0,28,0,35,5,0,40,16,40,12,0,68,44,0,44,112
02/14/2021,LIH,HI,AWP,WE,Federal Contract Tower,17,5,0,0,22,0,48,8,0,56,17,53,8,0,78,0,0,0,78
02/15/2021,LIH,HI,AWP,WE,Federal Contract Tower,24,11,2,0,37,0,58,10,0,68,24,69,12,0,105,6,0,6,111
02/16/2021,LIH,HI,AWP,WE,Federal Contract Tower,22,19,5,12,58,0,10,0,5,15,22,29,5,17,73,0,4,4,77
02/17/2021,LIH,HI,AWP,WE,Federal Contract Tower,25,13,1,0,39,0,1,0,0,1,25,14,1,0,40,0,0,0,40
02/18/2021,LIH,HI,AWP,WE,Federal Contract Tower,20,13,0,2,35,0,21,0,0,21,20,34,0,2,56,10,0,10,66
02/19/2021,LIH,HI,AWP,WE,Federal Contract Tower,20,10,2,5,37,0,11,0,2,13,20,21,2,7,50,2,0,2,52
02/20/2021,LIH,HI,AWP,WE,Federal Contract Tower,21,6,2,2,31,0,27,10,0,37,21,33,12,2,68,4,0,4,72
02/21/2021,LIH,HI,AWP,WE,Federal Contract Tower,20,3,3,3,29,0,16,9,0,25,20,19,12,3,54,2,30,32,86
02/22/2021,LIH,HI,AWP,WE,Federal Contract Tower,25,8,18,6,57,0,49,15,1,65,25,57,33,7,122,24,0,24,146
02/23/2021,LIH,HI,AWP,WE,Federal Contract Tower,25,14,12,4,55,0,18,2,0,20,25,32,14,4,75,16,0,16,91
02/24/2021,LIH,HI,AWP,WE,Federal Contract Tower,25,6,5,2,38,0,30,9,0,39,25,36,14,2,77,38,0,38,115
02/25/2021,LIH,HI,AWP,WE,Federal Contract Tower,27,11,1,0,39,0,24,2,0,26,27,35,3,0,65,14,0,14,79
02/26/2021,LIH,HI,AWP,WE,Federal Contract Tower,25,9,1,2,37,0,43,8,0,51,25,52,9,2,88,34,0,34,122
02/27/2021,LIH,HI,AWP,WE,Federal Contract Tower,22,4,7,0,33,0,8,11,0,19,22,12,18,0,52,2,0,2,54
02/28/2021,LIH,HI,AWP,WE,Federal Contract Tower,21,5,0,0,26,0,9,2,0,11,21,14,2,0,37,10,0,10,47
03/01/2021,LIH,HI,AWP,WE,Federal Contract Tower,25,11,0,2,38,0,16,4,0,20,25,27,4,2,58,12,0,12,70
03/02/2021,LIH,HI,AWP,WE,Federal Contract Tower,22,17,1,1,41,0,23,7,1,31,22,40,8,2,72,8,0,8,80
03/03/2021,LIH,HI,AWP,WE,Federal Contract Tower,21,4,1,0,26,0,53,4,2,59,21,57,5,2,85,27,8,35,120
03/04/2021,LIH,HI,AWP,WE,Federal Contract Tower,23,11,2,2,38,0,50,6,5,61,23,61,8,7,99,12,0,12,111
03/05/2021,LIH,HI,AWP,WE,Federal Contract Tower,24,18,7,1,50,0,32,9,4,45,24,50,16,5,95,8,0,8,103
03/06/2021,LIH,HI,AWP,WE,Federal Contract Tower,19,9,7,0,35,0,2,1,0,3,19,11,8,0,38,2,0,2,40
03/07/2021,LIH,HI,AWP,WE,Federal Contract Tower,15,1,2,0,18,0,15,7,0,22,15,16,9,0,40,34,0,34,74
03/08/2021,LIH,HI,AWP,WE,Federal Contract Tower,24,16,2,6,48,0,3,6,0,9,24,19,8,6,57,6,0,6,63
03/09/2021,LIH,HI,AWP,WE,Federal Contract Tower,23,9,3,6,41,0,4,0,0,4,23,13,3,6,45,0,0,0,45
03/10/2021,LIH,HI,AWP,WE,Federal Contract Tower,24,4,1,3,32,0,9,4,0,13,24,13,5,3,45,2,0,2,47
03/11/2021,LIH,HI,AWP,WE,Federal Contract Tower,27,11,1,0,39,0,29,5,0,34,27,40,6,0,73,9,0,9,82
03/12/2021,LIH,HI,AWP,WE,Federal Contract Tower,28,11,3,1,43,0,6,0,0,6,28,17,3,1,49,2,0,2,51
03/13/2021,LIH,HI,AWP,WE,Federal Contract Tower,24,3,8,6,41,0,4,8,6,18,24,7,16,12,59,0,0,0,59
03/14/2021,LIH,HI,AWP,WE,Federal Contract Tower,22,3,3,5,33,0,4,1,0,5,22,7,4,5,38,0,0,0,38
03/15/2021,LIH,HI,AWP,WE,Federal Contract Tower,26,12,4,6,48,0,30,10,0,40,26,42,14,6,88,32,3,35,123
03/16/2021,LIH,HI,AWP,WE,Federal Contract Tower,21,18,0,6,45,0,4,0,0,4,21,22,0,6,49,0,0,0,49
03/17/2021,LIH,HI,AWP,WE,Federal Contract Tower,27,9,3,6,45,0,87,14,5,106,27,96,17,11,151,18,4,22,173
03/18/2021,LIH,HI,AWP,WE,Federal Contract Tower,25,16,3,0,44,0,26,0,0,26,25,42,3,0,70,0,0,0,70
03/19/2021,LIH,HI,AWP,WE,Federal Contract Tower,28,16,4,0,48,0,71,4,0,75,28,87,8,0,123,20,0,20,143
03/20/2021,LIH,HI,AWP,WE,Federal Contract Tower,28,6,3,0,37,0,7,13,0,20,28,13,16,0,57,18,0,18,75
03/21/2021,LIH,HI,AWP,WE,Federal Contract Tower,24,0,0,0,24,0,21,4,0,25,24,21,4,0,49,2,0,2,51
03/22/2021,LIH,HI,AWP,WE,Federal Contract Tower,25,14,6,18,63,0,65,14,0,79,25,79,20,18,142,20,6,26,168
03/23/2021,LIH,HI,AWP,WE,Federal Contract Tower,22,25,1,0,48,0,80,13,3,96,22,105,14,3,144,6,0,6,150
03/24/2021,LIH,HI,AWP,WE,Federal Contract Tower,23,16,0,0,39,0,33,0,0,33,23,49,0,0,72,6,1,7,79
03/25/2021,LIH,HI,AWP,WE,Federal Contract Tower,22,9,3,0,34,0,29,3,0,32,22,38,6,0,66,0,4,4,70
03/26/2021,LIH,HI,AWP,WE,Federal Contract Tower,30,14,4,6,54,0,64,11,3,78,30,78,15,9,132,21,0,21,153
03/27/2021,LIH,HI,AWP,WE,Federal Contract Tower,27,6,2,0,35,0,45,23,0,68,27,51,25,0,103,4,0,4,107
03/28/2021,LIH,HI,AWP,WE,Federal Contract Tower,24,11,1,0,36,0,12,7,0,19,24,23,8,0,55,18,0,18,73
03/29/2021,LIH,HI,AWP,WE,Federal Contract Tower,24,14,4,5,47,0,28,6,2,36,24,42,10,7,83,10,0,10,93
03/30/2021,LIH,HI,AWP,WE,Federal Contract Tower,20,17,2,15,54,0,44,10,0,54,20,61,12,15,108,14,0,14,122
03/31/2021,LIH,HI,AWP,WE,Federal Contract Tower,26,8,3,5,42,0,57,6,7,70,26,65,9,12,112,26,8,34,146
04/01/2021,LIH,HI,AWP,WE,Federal Contract Tower,26,7,1,9,43,0,75,14,0,89,26,82,15,9,132,20,0,20,152
04/02/2021,LIH,HI,AWP,WE,Federal Contract Tower,33,9,1,1,44,0,62,4,0,66,33,71,5,1,110,10,0,10,120
04/03/2021,LIH,HI,AWP,WE,Federal Contract Tower,29,4,5,7,45,0,56,8,0,64,29,60,13,7,109,44,0,44,153
04/04/2021,LIH,HI,AWP,WE,Federal Contract Tower,25,3,1,0,29,0,18,5,0,23,25,21,6,0,52,14,0,14,66
04/05/2021,LIH,HI,AWP,WE,Federal Contract Tower,44,18,3,0,65,0,57,6,1,64,44,75,9,1,129,8,8,16,145
04/06/2021,LIH,HI,AWP,WE,Federal Contract Tower,32,14,2,8,56,0,42,5,1,48,32,56,7,9,104,14,0,14,118
04/07/2021,LIH,HI,AWP,WE,Federal Contract Tower,44,6,1,2,53,0,63,3,0,66,44,69,4,2,119,26,0,26,145
04/08/2021,LIH,HI,AWP,WE,Federal Contract Tower,44,19,1,0,64,0,123,8,0,131,44,142,9,0,195,16,0,16,211
04/09/2021,LIH,HI,AWP,WE,Federal Contract Tower,51,7,1,4,63,0,148,9,0,157,51,155,10,4,220,24,0,24,244
04/10/2021,LIH,HI,AWP,WE,Federal Contract Tower,48,4,5,2,59,0,52,12,0,64,48,56,17,2,123,18,0,18,141
04/11/2021,LIH,HI,AWP,WE,Federal Contract Tower,51,2,7,2,62,0,10,17,0,27,51,12,24,2,89,42,0,42,131
04/12/2021,LIH,HI,AWP,WE,Federal Contract Tower,53,13,0,1,67,0,126,12,0,138,53,139,12,1,205,10,20,30,235
04/13/2021,LIH,HI,AWP,WE,Federal Contract Tower,43,11,2,6,62,0,155,19,0,174,43,166,21,6,236,50,0,50,286
04/14/2021,LIH,HI,AWP,WE,Federal Contract Tower,44,4,5,3,56,0,124,35,2,161,44,128,40,5,217,32,12,44,261
04/15/2021,LIH,HI,AWP,WE,Federal Contract Tower,42,9,3,7,61,0,128,6,7,141,42,137,9,14,202,26,0,26,228
04/16/2021,LIH,HI,AWP,WE,Federal Contract Tower,48,8,6,1,63,0,73,5,0,78,48,81,11,1,141,14,4,18,159
04/17/2021,LIH,HI,AWP,WE,Federal Contract Tower,44,4,4,0,52,0,42,11,0,53,44,46,15,0,105,26,0,26,131
04/18/2021,LIH,HI,AWP,WE,Federal Contract Tower,41,6,3,0,50,0,28,7,0,35,41,34,10,0,85,6,0,6,91
04/19/2021,LIH,HI,AWP,WE,Federal Contract Tower,43,8,3,0,54,0,127,12,0,139,43,135,15,0,193,18,0,18,211
04/20/2021,LIH,HI,AWP,WE,Federal Contract Tower,40,7,1,2,50,0,63,3,0,66,40,70,4,2,116,16,0,16,132
04/21/2021,LIH,HI,AWP,WE,Federal Contract Tower,40,11,4,0,55,0,81,3,0,84,40,92,7,0,139,5,0,5,144
04/22/2021,LIH,HI,AWP,WE,Federal Contract Tower,47,7,1,4,59,0,140,13,7,160,47,147,14,11,219,37,14,51,270
04/23/2021,LIH,HI,AWP,WE,Federal Contract Tower,50,9,1,3,63,0,141,4,0,145,50,150,5,3,208,46,0,46,254
04/24/2021,LIH,HI,AWP,WE,Federal Contract Tower,36,4,4,0,44,0,61,10,0,71,36,65,14,0,115,0,0,0,115
04/25/2021,LIH,HI,AWP,WE,Federal Contract Tower,42,2,4,0,48,0,52,8,0,60,42,54,12,0,108,20,0,20,128
04/26/2021,LIH,HI,AWP,WE,Federal Contract Tower,42,9,2,2,55,0,119,7,2,128,42,128,9,4,183,24,0,24,207
04/27/2021,LIH,HI,AWP,WE,Federal Contract Tower,38,11,4,11,64,0,129,12,9,150,38,140,16,20,214,48,2,50,264
04/28/2021,LIH,HI,AWP,WE,Federal Contract Tower,44,6,3,2,55,0,63,8,0,71,44,69,11,2,126,14,6,20,146
04/29/2021,LIH,HI,AWP,WE,Federal Contract Tower,44,6,7,6,63,0,129,15,7,151,44,135,22,13,214,54,14,68,282
04/30/2021,LIH,HI,AWP,WE,Federal Contract Tower,44,14,4,0,62,0,136,4,0,140,44,150,8,0,202,63,0,63,265
05/01/2021,LIH,HI,AWP,WE,Federal Contract Tower,46,4,10,2,62,0,76,11,0,87,46,80,21,2,149,4,0,4,153
05/02/2021,LIH,HI,AWP,WE,Federal Contract Tower,43,3,8,10,64,0,45,5,0,50,43,48,13,10,114,10,8,18,132
05/03/2021,LIH,HI,AWP,WE,Federal Contract Tower,50,8,1,2,61,0,129,9,5,143,50,137,10,7,204,44,0,44,248
05/04/2021,LIH,HI,AWP,WE,Federal Contract Tower,45,7,1,6,59,0,129,14,1,144,45,136,15,7,203,22,0,22,225
05/05/2021,LIH,HI,AWP,WE,Federal Contract Tower,46,6,1,0,53,0,121,4,0,125,46,127,5,0,178,72,0,72,250
05/06/2021,LIH,HI,AWP,WE,Federal Contract Tower,47,8,2,8,65,0,155,6,3,164,47,163,8,11,229,22,4,26,255
05/07/2021,LIH,HI,AWP,WE,Federal Contract Tower,55,4,2,0,61,0,127,1,1,129,55,131,3,1,190,64,0,64,254
05/08/2021,LIH,HI,AWP,WE,Federal Contract Tower,50,11,4,1,66,0,55,6,1,62,50,66,10,2,128,28,0,28,156
05/09/2021,LIH,HI,AWP,WE,Federal Contract Tower,45,7,3,0,55,0,39,11,0,50,45,46,14,0,105,4,0,4,109
05/10/2021,LIH,HI,AWP,WE,Federal Contract Tower,53,7,3,8,71,0,141,8,2,151,53,148,11,10,222,15,0,15,237
05/11/2021,LIH,HI,AWP,WE,Federal Contract Tower,42,8,4,7,61,0,173,11,0,184,42,181,15,7,245,14,10,24,269
05/12/2021,LIH,HI,AWP,WE,Federal Contract Tower,46,7,0,8,61,0,151,6,4,161,46,158,6,12,222,16,0,16,238
05/13/2021,LIH,HI,AWP,WE,Federal Contract Tower,49,8,9,10,76,0,155,5,0,160,49,163,14,10,236,38,0,38,274
05/14/2021,LIH,HI,AWP,WE,Federal Contract Tower,55,7,9,5,76,0,190,12,0,202,55,197,21,5,278,42,6,48,326
05/15/2021,LIH,HI,AWP,WE,Federal Contract Tower,48,5,4,0,57,0,69,5,0,74,48,74,9,0,131,2,0,2,133
05/16/2021,LIH,HI,AWP,WE,Federal Contract Tower,46,4,5,0,55,0,35,10,0,45,46,39,15,0,100,24,0,24,124
05/17/2021,LIH,HI,AWP,WE,Federal Contract Tower,49,8,5,0,62,0,162,15,0,177,49,170,20,0,239,18,2,20,259
05/18/2021,LIH,HI,AWP,WE,Federal Contract Tower,46,9,4,1,60,0,127,16,3,146,46,136,20,4,206,32,0,32,238
05/19/2021,LIH,HI,AWP,WE,Federal Contract Tower,47,6,2,3,58,0,191,7,1,199,47,197,9,4,257,18,0,18,275
05/20/2021,LIH,HI,AWP,WE,Federal Contract Tower,53,7,5,2,67,0,192,12,1,205,53,199,17,3,272,26,8,34,306
05/21/2021,LIH,HI,AWP,WE,Federal Contract Tower,61,6,3,2,72,0,211,0,3,214,61,217,3,5,286,14,24,38,324
05/22/2021,LIH,HI,AWP,WE,Federal Contract Tower,50,2,2,2,56,0,75,4,0,79,50,77,6,2,135,18,0,18,153
05/23/2021,LIH,HI,AWP,WE,Federal Contract Tower,53,5,4,0,62,0,42,8,0,50,53,47,12,0,112,8,0,8,120
05/24/2021,LIH,HI,AWP,WE,Federal Contract Tower,54,11,6,0,71,0,196,14,0,210,54,207,20,0,281,28,0,28,309
05/25/2021,LIH,HI,AWP,WE,Federal Contract Tower,50,8,12,4,74,0,165,19,4,188,50,173,31,8,262,72,0,72,334
05/26/2021,LIH,HI,AWP,WE,Federal Contract Tower,55,10,3,0,68,0,175,8,2,185,55,185,11,2,253,26,0,26,279
05/27/2021,LIH,HI,AWP,WE,Federal Contract Tower,53,13,5,5,76,0,168,11,1,180,53,181,16,6,256,40,2,42,298
05/28/2021,LIH,HI,AWP,WE,Federal Contract Tower,63,2,8,1,74,0,216,4,0,220,63,218,12,1,294,76,0,76,370
05/29/2021,LIH,HI,AWP,WE,Federal Contract Tower,55,1,10,0,66,0,88,8,0,96,55,89,18,0,162,19,0,19,181
05/30/2021,LIH,HI,AWP,WE,Federal Contract Tower,52,3,3,0,58,0,54,8,0,62,52,57,11,0,120,60,0,60,180
05/31/2021,LIH,HI,AWP,WE,Federal Contract Tower,56,4,1,0,61,0,130,23,0,153,56,134,24,0,214,18,0,18,232
06/01/2021,LIH,HI,AWP,WE,Federal Contract Tower,65,11,4,6,86,0,161,16,2,179,65,172,20,8,265,24,0,24,289
06/02/2021,LIH,HI,AWP,WE,Federal Contract Tower,72,6,7,6,91,0,163,15,1,179,72,169,22,7,270,46,4,50,320
06/03/2021,LIH,HI,AWP,WE,Federal Contract Tower,80,7,3,5,95,0,84,11,4,99,80,91,14,9,194,20,0,20,214
06/04/2021,LIH,HI,AWP,WE,Federal Contract Tower,83,7,2,4,96,0,73,2,0,75,83,80,4,4,171,0,42,42,213
06/05/2021,LIH,HI,AWP,WE,Federal Contract Tower,75,5,7,0,87,0,120,10,0,130,75,125,17,0,217,34,0,34,251
06/06/2021,LIH,HI,AWP,WE,Federal Contract Tower,82,1,3,0,86,0,39,4,3,46,82,40,7,3,132,4,0,4,136
06/07/2021,LIH,HI,AWP,WE,Federal Contract Tower,84,12,3,0,99,0,161,16,0,177,84,173,19,0,276,70,0,70,346
06/08/2021,LIH,HI,AWP,WE,Federal Contract Tower,77,10,0,5,92,0,187,22,1,210,77,197,22,6,302,70,0,70,372
06/09/2021,LIH,HI,AWP,WE,Federal Contract Tower,97,7,1,0,105,0,188,11,0,199,97,195,12,0,304,24,0,24,328
06/10/2021,LIH,HI,AWP,WE,Federal Contract Tower,86,6,6,0,98,0,139,13,0,152,86,145,19,0,250,14,0,14,264
06/11/2021,LIH,HI,AWP,WE,Federal Contract Tower,81,7,7,0,95,0,197,6,0,203,81,204,13,0,298,22,0,22,320
06/12/2021,LIH,HI,AWP,WE,Federal Contract Tower,77,3,4,0,84,0,61,6,0,67,77,64,10,0,151,14,0,14,165
06/13/2021,LIH,HI,AWP,WE,Federal Contract Tower,84,4,1,2,91,0,52,10,0,62,84,56,11,2,153,34,0,34,187
06/14/2021,LIH,HI,AWP,WE,Federal Contract Tower,78,4,4,0,86,1,200,13,0,214,79,204,17,0,300,24,0,24,324
06/15/2021,LIH,HI,AWP,WE,Federal Contract Tower,81,9,4,4,98,0,190,10,0,200,81,199,14,4,298,29,6,35,333
06/16/2021,LIH,HI,AWP,WE,Federal Contract Tower,82,6,4,0,92,0,163,18,0,181,82,169,22,0,273,24,0,24,297
06/17/2021,LIH,HI,AWP,WE,Federal Contract Tower,90,5,1,2,98,0,214,27,18,259,90,219,28,20,357,10,0,10,367
06/18/2021,LIH,HI,AWP,WE,Federal Contract Tower,85,11,2,0,98,0,239,9,0,248,85,250,11,0,346,16,0,16,362
06/19/2021,LIH,HI,AWP,WE,Federal Contract Tower,75,8,7,0,90,0,132,3,0,135,75,140,10,0,225,24,0,24,249
06/20/2021,LIH,HI,AWP,WE,Federal Contract Tower,83,3,5,0,91,0,57,6,0,63,83,60,11,0,154,6,0,6,160
06/21/2021,LIH,HI,AWP,WE,Federal Contract Tower,79,4,3,7,93,0,163,12,4,179,79,167,15,11,272,24,6,30,302
06/22/2021,LIH,HI,AWP,WE,Federal Contract Tower,77,12,7,4,100,0,226,8,3,237,77,238,15,7,337,17,0,17,354
06/23/2021,LIH,HI,AWP,WE,Federal Contract Tower,86,12,3,8,109,0,227,18,5,250,86,239,21,13,359,20,8,28,387
06/24/2021,LIH,HI,AWP,WE,Federal Contract Tower,93,7,3,12,115,0,234,3,1,238,93,241,6,13,353,92,6,98,451
06/25/2021,LIH,HI,AWP,WE,Federal Contract Tower,103,5,2,1,111,0,242,0,0,242,103,247,2,1,353,64,16,80,433
06/26/2021,LIH,HI,AWP,WE,Federal Contract Tower,72,4,3,0,79,0,145,6,0,151,72,149,9,0,230,22,0,22,252
06/28/2021,LIH,HI,AWP,WE,Federal Contract Tower,83,8,4,0,95,0,212,12,0,224,83,220,16,0,319,22,0,22,341
06/29/2021,LIH,HI,AWP,WE,Federal Contract Tower,83,6,2,6,97,0,204,16,4,224,83,210,18,10,321,13,8,21,342
06/30/2021,LIH,HI,AWP,WE,Federal Contract Tower,90,3,6,2,101,0,215,15,0,230,90,218,21,2,331,34,0,34,365
07/01/2021,LIH,HI,AWP,WE,Federal Contract Tower,88,5,7,0,100,0,173,7,0,180,88,178,14,0,280,22,0,22,302
07/02/2021,LIH,HI,AWP,WE,Federal Contract Tower,88,12,1,0,101,0,171,0,0,171,88,183,1,0,272,30,0,30,302
07/03/2021,LIH,HI,AWP,WE,Federal Contract Tower,89,7,6,0,102,0,86,2,0,88,89,93,8,0,190,8,0,8,198
07/04/2021,LIH,HI,AWP,WE,Federal Contract Tower,76,4,1,0,81,0,54,19,0,73,76,58,20,0,154,2,0,2,156
07/05/2021,LIH,HI,AWP,WE,Federal Contract Tower,76,4,0,0,80,0,186,15,0,201,76,190,15,0,281,16,0,16,297
07/06/2021,LIH,HI,AWP,WE,Federal Contract Tower,80,13,6,6,105,0,205,17,2,224,80,218,23,8,329,18,11,29,358
07/07/2021,LIH,HI,AWP,WE,Federal Contract Tower,84,11,5,1,101,0,244,12,0,256,84,255,17,1,357,28,0,28,385
07/08/2021,LIH,HI,AWP,WE,Federal Contract Tower,87,9,6,0,102,0,245,3,2,250,87,254,9,2,352,30,0,30,382
07/09/2021,LIH,HI,AWP,WE,Federal Contract Tower,90,7,4,0,101,0,247,6,0,253,90,254,10,0,354,36,0,36,390
07/10/2021,LIH,HI,AWP,WE,Federal Contract Tower,84,0,1,0,85,0,152,8,0,160,84,152,9,0,245,8,0,8,253
07/12/2021,LIH,HI,AWP,WE,Federal Contract Tower,80,4,3,0,87,0,166,12,0,178,80,170,15,0,265,22,0,22,287
07/13/2021,LIH,HI,AWP,WE,Federal Contract Tower,83,9,5,2,99,0,254,6,0,260,83,263,11,2,359,18,0,18,377
07/14/2021,LIH,HI,AWP,WE,Federal Contract Tower,82,16,3,2,103,0,165,12,0,177,82,181,15,2,280,26,0,26,306
07/15/2021,LIH,HI,AWP,WE,Federal Contract Tower,90,4,5,8,107,0,188,6,3,197,90,192,11,11,304,14,0,14,318
07/16/2021,LIH,HI,AWP,WE,Federal Contract Tower,92,11,0,5,108,0,233,2,1,236,92,244,2,6,344,27,0,27,371
07/17/2021,LIH,HI,AWP,WE,Federal Contract Tower,86,3,5,3,97,0,121,9,0,130,86,124,14,3,227,20,8,28,255
07/18/2021,LIH,HI,AWP,WE,Federal Contract Tower,81,4,6,4,95,0,59,4,4,67,81,63,10,8,162,13,0,13,175
07/19/2021,LIH,HI,AWP,WE,Federal Contract Tower,86,6,4,4,100,0,148,12,3,163,86,154,16,7,263,12,0,12,275
07/20/2021,LIH,HI,AWP,WE,Federal Contract Tower,81,14,4,3,102,0,201,11,2,214,81,215,15,5,316,18,0,18,334
07/21/2021,LIH,HI,AWP,WE,Federal Contract Tower,81,13,9,8,111,0,129,7,0,136,81,142,16,8,247,20,0,20,267
07/22/2021,LIH,HI,AWP,WE,Federal Contract Tower,95,20,1,2,118,0,161,15,4,180,95,181,16,6,298,14,0,14,312
07/23/2021,LIH,HI,AWP,WE,Federal Contract Tower,82,11,2,8,103,0,176,3,0,179,82,187,5,8,282,24,2,26,308
07/25/2021,LIH,HI,AWP,WE,Federal Contract Tower,80,3,5,8,96,0,90,6,0,96,80,93,11,8,192,14,0,14,206
07/26/2021,LIH,HI,AWP,WE,Federal Contract Tower,84,9,2,1,96,0,206,10,0,216,84,215,12,1,312,22,0,22,334
07/27/2021,LIH,HI,AWP,WE,Federal Contract Tower,85,13,1,4,103,0,208,17,2,227,85,221,18,6,330,24,0,24,354
07/28/2021,LIH,HI,AWP,WE,Federal Contract Tower,86,12,6,0,104,0,236,13,2,251,86,248,19,2,355,24,0,24,379
07/29/2021,LIH,HI,AWP,WE,Federal Contract Tower,89,10,3,1,103,0,213,7,1,221,89,223,10,2,324,19,7,26,350
07/30/2021,LIH,HI,AWP,WE,Federal Contract Tower,95,1,5,1,102,0,239,5,0,244,95,240,10,1,346,35,1,36,382
07/31/2021,LIH,HI,AWP,WE,Federal Contract Tower,88,2,3,1,94,0,113,5,0,118,88,115,8,1,212,18,0,18,230
08/01/2021,LIH,HI,AWP,WE,Federal Contract Tower,89,1,9,0,99,0,50,3,0,53,89,51,12,0,152,18,0,18,170
08/02/2021,LIH,HI,AWP,WE,Federal Contract Tower,89,13,3,2,107,0,170,10,0,180,89,183,13,2,287,24,0,24,311
08/03/2021,LIH,HI,AWP,WE,Federal Contract Tower,88,12,0,7,107,0,205,7,1,213,88,217,7,8,320,14,0,14,334
08/04/2021,LIH,HI,AWP,WE,Federal Contract Tower,89,10,7,0,106,0,206,8,0,214,89,216,15,0,320,34,0,34,354
08/05/2021,LIH,HI,AWP,WE,Federal Contract Tower,92,11,7,0,110,0,208,10,0,218,92,219,17,0,328,17,0,17,345
08/06/2021,LIH,HI,AWP,WE,Federal Contract Tower,97,5,0,0,102,0,202,2,0,204,97,207,2,0,306,70,0,70,376
08/07/2021,LIH,HI,AWP,WE,Federal Contract Tower,90,0,1,0,91,0,181,8,0,189,90,181,9,0,280,31,0,31,311
08/08/2021,LIH,HI,AWP,WE,Federal Contract Tower,87,2,2,2,93,0,80,7,0,87,87,82,9,2,180,14,0,14,194
08/09/2021,LIH,HI,AWP,WE,Federal Contract Tower,91,8,3,0,102,0,203,12,0,215,91,211,15,0,317,29,0,29,346
08/10/2021,LIH,HI,AWP,WE,Federal Contract Tower,88,20,3,2,113,0,209,10,0,219,88,229,13,2,332,48,0,48,380
08/11/2021,LIH,HI,AWP,WE,Federal Contract Tower,90,11,4,2,107,0,177,16,3,196,90,188,20,5,303,24,0,24,327
08/12/2021,LIH,HI,AWP,WE,Federal Contract Tower,95,6,4,2,107,0,209,13,5,227,95,215,17,7,334,26,8,34,368
08/13/2021,LIH,HI,AWP,WE,Federal Contract Tower,99,3,0,0,102,0,206,6,2,214,99,209,6,2,316,36,0,36,352
08/14/2021,LIH,HI,AWP,WE,Federal Contract Tower,98,1,2,0,101,0,148,6,0,154,98,149,8,0,255,26,0,26,281
08/15/2021,LIH,HI,AWP,WE,Federal Contract Tower,90,2,2,2,96,0,64,4,3,71,90,66,6,5,167,12,2,14,181
08/16/2021,LIH,HI,AWP,WE,Federal Contract Tower,93,11,3,4,111,0,215,16,2,233,93,226,19,6,344,20,4,24,368
08/17/2021,LIH,HI,AWP,WE,Federal Contract Tower,89,15,3,4,111,0,171,16,4,191,89,186,19,8,302,18,0,18,320
08/18/2021,LIH,HI,AWP,WE,Federal Contract Tower,86,9,8,1,104,0,187,10,0,197,86,196,18,1,301,58,0,58,359
08/19/2021,LIH,HI,AWP,WE,Federal Contract Tower,100,10,1,2,113,0,214,13,1,228,100,224,14,3,341,28,0,28,369
08/20/2021,LIH,HI,AWP,WE,Federal Contract Tower,94,5,3,0,102,0,214,10,0,224,94,219,13,0,326,61,0,61,387
08/21/2021,LIH,HI,AWP,WE,Federal Contract Tower,90,1,5,3,99,0,144,5,8,157,90,145,10,11,256,25,0,25,281
08/23/2021,LIH,HI,AWP,WE,Federal Contract Tower,80,8,3,8,99,0,41,11,0,52,80,49,14,8,151,20,12,32,183
08/24/2021,LIH,HI,AWP,WE,Federal Contract Tower,86,11,3,12,112,0,143,13,0,156,86,154,16,12,268,23,0,23,291
08/25/2021,LIH,HI,AWP,WE,Federal Contract Tower,80,11,3,16,110,0,255,10,2,267,80,266,13,18,377,14,0,14,391
08/26/2021,LIH,HI,AWP,WE,Federal Contract Tower,95,6,0,7,108,0,246,32,0,278,95,252,32,7,386,12,0,12,398
08/27/2021,LIH,HI,AWP,WE,Federal Contract Tower,99,6,4,5,114,0,222,2,1,225,99,228,6,6,339,58,0,58,397
08/28/2021,LIH,HI,AWP,WE,Federal Contract Tower,91,4,5,0,100,0,158,3,0,161,91,162,8,0,261,23,0,23,284
08/29/2021,LIH,HI,AWP,WE,Federal Contract Tower,89,4,1,4,98,0,70,8,0,78,89,74,9,4,176,6,0,6,182
08/30/2021,LIH,HI,AWP,WE,Federal Contract Tower,87,16,1,6,110,0,139,5,1,145,87,155,6,7,255,36,4,40,295
08/31/2021,LIH,HI,AWP,WE,Federal Contract Tower,84,11,2,6,103,0,161,10,2,173,84,172,12,8,276,24,0,24,300
09/01/2021,LIH,HI,AWP,WE,Federal Contract Tower,89,12,15,4,120,0,245,9,0,254,89,257,24,4,374,28,10,38,412
09/02/2021,LIH,HI,AWP,WE,Federal Contract Tower,90,17,7,4,118,0,201,11,8,220,90,218,18,12,338,25,10,35,373
09/03/2021,LIH,HI,AWP,WE,Federal Contract Tower,93,18,4,0,115,0,177,8,0,185,93,195,12,0,300,63,2,65,365
09/04/2021,LIH,HI,AWP,WE,Federal Contract Tower,93,6,0,0,99,0,151,3,0,154,93,157,3,0,253,46,0,46,299
09/05/2021,LIH,HI,AWP,WE,Federal Contract Tower,79,1,2,4,86,0,52,5,0,57,79,53,7,4,143,14,2,16,159
09/06/2021,LIH,HI,AWP,WE,Federal Contract Tower,79,3,1,1,84,0,226,4,0,230,79,229,5,1,314,85,2,87,401
09/07/2021,LIH,HI,AWP,WE,Federal Contract Tower,80,10,1,16,107,0,202,8,2,212,80,212,9,18,319,26,2,28,347
09/08/2021,LIH,HI,AWP,WE,Federal Contract Tower,87,9,1,8,105,0,232,3,0,235,87,241,4,8,340,56,0,56,396
09/09/2021,LIH,HI,AWP,WE,Federal Contract Tower,87,9,7,6,109,0,206,2,2,210,87,215,9,8,319,64,6,70,389
09/10/2021,LIH,HI,AWP,WE,Federal Contract Tower,93,14,3,2,112,0,230,0,0,230,93,244,3,2,342,12,0,12,354
09/11/2021,LIH,HI,AWP,WE,Federal Contract Tower,86,3,3,2,94,0,140,5,0,145,86,143,8,2,239,20,5,25,264
09/12/2021,LIH,HI,AWP,WE,Federal Contract Tower,89,4,2,0,95,0,69,4,0,73,89,73,6,0,168,10,0,10,178
09/13/2021,LIH,HI,AWP,WE,Federal Contract Tower,84,7,1,3,95,0,213,2,0,215,84,220,3,3,310,23,0,23,333
09/14/2021,LIH,HI,AWP,WE,Federal Contract Tower,85,13,3,8,109,0,187,8,2,197,85,200,11,10,306,38,8,46,352
09/15/2021,LIH,HI,AWP,WE,Federal Contract Tower,90,12,3,0,105,0,160,11,2,173,90,172,14,2,278,22,10,32,310
09/16/2021,LIH,HI,AWP,WE,Federal Contract Tower,85,12,3,7,107,0,172,2,1,175,85,184,5,8,282,43,0,43,325
09/17/2021,LIH,HI,AWP,WE,Federal Contract Tower,89,16,10,2,117,0,223,2,0,225,89,239,12,2,342,14,0,14,356
09/18/2021,LIH,HI,AWP,WE,Federal Contract Tower,89,4,7,0,100,0,153,7,0,160,89,157,14,0,260,38,0,38,298
09/19/2021,LIH,HI,AWP,WE,Federal Contract Tower,84,4,2,5,95,0,6,4,0,10,84,10,6,5,105,110,0,110,215
09/20/2021,LIH,HI,AWP,WE,Federal Contract Tower,83,11,0,1,95,0,208,9,1,218,83,219,9,2,313,1,6,7,320
09/21/2021,LIH,HI,AWP,WE,Federal Contract Tower,83,11,1,7,102,0,209,12,2,223,83,220,13,9,325,37,0,37,362
09/22/2021,LIH,HI,AWP,WE,Federal Contract Tower,88,8,0,1,97,0,250,13,1,264,88,258,13,2,361,20,0,20,381
09/23/2021,LIH,HI,AWP,WE,Federal Contract Tower,88,14,0,0,102,0,216,4,0,220,88,230,4,0,322,22,2,24,346
09/24/2021,LIH,HI,AWP,WE,Federal Contract Tower,88,11,3,0,102,0,98,10,0,108,88,109,13,0,210,36,0,36,246
09/25/2021,LIH,HI,AWP,WE,Federal Contract Tower,88,5,5,4,102,0,194,14,0,208,88,199,19,4,310,22,0,22,332
09/26/2021,LIH,HI,AWP,WE,Federal Contract Tower,82,8,12,0,102,0,53,7,0,60,82,61,19,0,162,56,0,56,218
09/27/2021,LIH,HI,AWP,WE,Federal Contract Tower,87,12,2,1,102,0,254,10,0,264,87,266,12,1,366,42,0,42,408
09/28/2021,LIH,HI,AWP,WE,Federal Contract Tower,81,14,1,1,97,0,185,7,0,192,81,199,8,1,289,32,0,32,321
09/29/2021,LIH,HI,AWP,WE,Federal Contract Tower,82,12,1,12,107,0,205,13,7,225,82,217,14,19,332,70,0,70,402
09/30/2021,LIH,HI,AWP,WE,Federal Contract Tower,82,15,1,5,103,0,186,6,0,192,82,201,7,5,295,60,0,60,355
10/01/2021,LIH,HI,AWP,WE,Federal Contract Tower,86,16,6,0,108,0,188,5,1,194,86,204,11,1,302,34,0,34,336
10/02/2021,LIH,HI,AWP,WE,Federal Contract Tower,82,3,4,0,89,0,156,2,0,158,82,159,6,0,247,20,0,20,267
10/03/2021,LIH,HI,AWP,WE,Federal Contract Tower,85,3,1,0,89,0,0,3,0,3,85,3,4,0,92,0,0,0,92
10/04/2021,LIH,HI,AWP,WE,Federal Contract Tower,80,8,3,18,109,0,191,1,2,194,80,199,4,20,303,22,4,26,329
10/05/2021,LIH,HI,AWP,WE,Federal Contract Tower,83,11,1,0,95,0,189,7,0,196,83,200,8,0,291,21,0,21,312
10/06/2021,LIH,HI,AWP,WE,Federal Contract Tower,79,10,5,2,96,0,175,11,2,188,79,185,16,4,284,22,6,28,312
10/07/2021,LIH,HI,AWP,WE,Federal Contract Tower,83,8,2,3,96,0,164,9,0,173,83,172,11,3,269,24,0,24,293
10/08/2021,LIH,HI,AWP,WE,Federal Contract Tower,90,10,1,2,103,0,156,2,0,158,90,166,3,2,261,18,4,22,283
10/09/2021,LIH,HI,AWP,WE,Federal Contract Tower,87,11,5,0,103,0,116,7,0,123,87,127,12,0,226,6,0,6,232
10/10/2021,LIH,HI,AWP,WE,Federal Contract Tower,74,3,3,0,80,0,6,2,0,8,74,9,5,0,88,24,0,24,112
10/11/2021,LIH,HI,AWP,WE,Federal Contract Tower,84,11,1,0,96,0,187,13,0,200,84,198,14,0,296,18,0,18,314
10/12/2021,LIH,HI,AWP,WE,Federal Contract Tower,82,11,5,8,106,0,68,7,0,75,82,79,12,8,181,36,0,36,217
10/13/2021,LIH,HI,AWP,WE,Federal Contract Tower,82,14,2,0,98,0,157,9,0,166,82,171,11,0,264,22,4,26,290
10/14/2021,LIH,HI,AWP,WE,Federal Contract Tower,88,16,1,0,105,0,195,10,0,205,88,211,11,0,310,22,0,22,332
10/15/2021,LIH,HI,AWP,WE,Federal Contract Tower,87,19,2,0,108,0,220,13,2,235,87,239,15,2,343,40,0,40,383
10/16/2021,LIH,HI,AWP,WE,Federal Contract Tower,82,16,5,0,103,0,165,9,0,174,82,181,14,0,277,64,0,64,341
10/17/2021,LIH,HI,AWP,WE,Federal Contract Tower,81,6,3,0,90,0,44,5,1,50,81,50,8,1,140,21,0,21,161
10/18/2021,LIH,HI,AWP,WE,Federal Contract Tower,84,8,1,2,95,0,164,13,0,177,84,172,14,2,272,20,0,20,292
10/19/2021,LIH,HI,AWP,WE,Federal Contract Tower,80,11,3,0,94,0,169,1,2,172,80,180,4,2,266,30,0,30,296
10/20/2021,LIH,HI,AWP,WE,Federal Contract Tower,86,14,0,0,100,0,211,13,0,224,86,225,13,0,324,50,0,50,374
10/21/2021,LIH,HI,AWP,WE,Federal Contract Tower,86,11,3,1,101,0,217,5,4,226,86,228,8,5,327,28,12,40,367
10/22/2021,LIH,HI,AWP,WE,Federal Contract Tower,80,10,9,2,101,0,153,1,0,154,80,163,10,2,255,98,0,98,353
10/23/2021,LIH,HI,AWP,WE,Federal Contract Tower,81,4,1,1,87,0,194,3,1,198,81,198,4,2,285,62,0,62,347
10/24/2021,LIH,HI,AWP,WE,Federal Contract Tower,83,4,3,0,90,0,58,3,0,61,83,62,6,0,151,30,0,30,181
10/25/2021,LIH,HI,AWP,WE,Federal Contract Tower,83,10,4,0,97,0,167,3,1,171,83,177,7,1,268,22,0,22,290
10/26/2021,LIH,HI,AWP,WE,Federal Contract Tower,79,9,1,0,89,0,144,12,0,156,79,153,13,0,245,34,0,34,279
10/27/2021,LIH,HI,AWP,WE,Federal Contract Tower,81,19,2,1,103,0,191,17,1,209,81,210,19,2,312,56,0,56,368
10/28/2021,LIH,HI,AWP,WE,Federal Contract Tower,86,12,10,8,116,0,98,9,0,107,86,110,19,8,223,26,0,26,249
10/29/2021,LIH,HI,AWP,WE,Federal Contract Tower,85,14,1,5,105,0,163,5,1,169,85,177,6,6,274,72,6,78,352
10/30/2021,LIH,HI,AWP,WE,Federal Contract Tower,86,21,2,0,109,0,105,9,1,115,86,126,11,1,224,14,0,14,238
10/31/2021,LIH,HI,AWP,WE,Federal Contract Tower,72,6,5,0,83,0,34,6,0,40,72,40,11,0,123,38,0,38,161
11/01/2021,LIH,HI,AWP,WE,Federal Contract Tower,80,11,2,1,94,0,61,8,1,70,80,72,10,2,164,24,0,24,188
11/02/2021,LIH,HI,AWP,WE,Federal Contract Tower,78,15,0,4,97,1,180,5,4,190,79,195,5,8,287,26,0,26,313
11/03/2021,LIH,HI,AWP,WE,Federal Contract Tower,80,16,2,2,100,0,180,1,4,185,80,196,3,6,285,56,0,56,341
11/04/2021,LIH,HI,AWP,WE,Federal Contract Tower,83,11,0,1,95,0,36,0,0,36,83,47,0,1,131,18,0,18,149
11/05/2021,LIH,HI,AWP,WE,Federal Contract Tower,84,11,1,0,96,0,197,5,3,205,84,208,6,3,301,22,0,22,323
11/06/2021,LIH,HI,AWP,WE,Federal Contract Tower,82,16,4,2,104,0,170,6,1,177,82,186,10,3,281,20,0,20,301
11/08/2021,LIH,HI,AWP,WE,Federal Contract Tower,77,14,2,1,94,0,153,16,0,169,77,167,18,1,263,28,0,28,291
11/09/2021,LIH,HI,AWP,WE,Federal Contract Tower,83,13,3,2,101,0,215,5,3,223,83,228,8,5,324,38,0,38,362
11/10/2021,LIH,HI,AWP,WE,Federal Contract Tower,71,14,4,2,91,0,198,28,3,229,71,212,32,5,320,36,0,36,356
11/11/2021,LIH,HI,AWP,WE,Federal Contract Tower,81,7,7,0,95,0,228,6,0,234,81,235,13,0,329,34,0,34,363
11/12/2021,LIH,HI,AWP,WE,Federal Contract Tower,86,14,3,0,103,0,211,1,0,212,86,225,4,0,315,54,0,54,369
11/13/2021,LIH,HI,AWP,WE,Federal Contract Tower,79,1,10,0,90,0,166,13,0,179,79,167,23,0,269,18,0,18,287
11/14/2021,LIH,HI,AWP,WE,Federal Contract Tower,75,13,3,0,91,0,137,12,0,149,75,150,15,0,240,30,0,30,270
11/16/2021,LIH,HI,AWP,WE,Federal Contract Tower,79,13,1,3,96,0,183,5,6,194,79,196,6,9,290,23,0,23,313
11/17/2021,LIH,HI,AWP,WE,Federal Contract Tower,79,9,5,3,96,0,130,18,6,154,79,139,23,9,250,14,6,20,270
11/18/2021,LIH,HI,AWP,WE,Federal Contract Tower,82,11,2,2,97,0,150,12,0,162,82,161,14,2,259,28,10,38,297
11/19/2021,LIH,HI,AWP,WE,Federal Contract Tower,91,14,8,1,114,0,208,8,3,219,91,222,16,4,333,30,0,30,363
11/20/2021,LIH,HI,AWP,WE,Federal Contract Tower,89,7,5,0,101,0,166,4,0,170,89,173,9,0,271,18,0,18,289
11/21/2021,LIH,HI,AWP,WE,Federal Contract Tower,78,15,2,0,95,0,53,6,0,59,78,68,8,0,154,48,0,48,202
11/22/2021,LIH,HI,AWP,WE,Federal Contract Tower,86,23,2,1,112,0,219,9,6,234,86,242,11,7,346,22,0,22,368
11/23/2021,LIH,HI,AWP,WE,Federal Contract Tower,85,14,1,5,105,0,219,10,0,229,85,233,11,5,334,10,0,10,344
11/24/2021,LIH,HI,AWP,WE,Federal Contract Tower,87,12,5,4,108,0,251,16,0,267,87,263,21,4,375,10,0,10,385
11/25/2021,LIH,HI,AWP,WE,Federal Contract Tower,78,2,1,0,81,0,117,12,0,129,78,119,13,0,210,6,0,6,216
11/26/2021,LIH,HI,AWP,WE,Federal Contract Tower,85,7,6,0,98,0,236,4,0,240,85,243,10,0,338,14,0,14,352
11/27/2021,LIH,HI,AWP,WE,Federal Contract Tower,88,8,3,0,99,0,200,6,0,206,88,208,9,0,305,38,0,38,343
11/28/2021,LIH,HI,AWP,WE,Federal Contract Tower,86,4,6,0,96,0,46,4,0,50,86,50,10,0,146,22,0,22,168
11/29/2021,LIH,HI,AWP,WE,Federal Contract Tower,83,16,1,1,101,0,150,9,0,159,83,166,10,1,260,22,0,22,282
11/30/2021,LIH,HI,AWP,WE,Federal Contract Tower,78,16,2,6,102,0,160,7,2,169,78,176,9,8,271,28,0,28,299
12/01/2021,LIH,HI,AWP,WE,Federal Contract Tower,73,16,3,10,102,0,167,3,0,170,73,183,6,10,272,14,0,14,286
12/02/2021,LIH,HI,AWP,WE,Federal Contract Tower,82,18,4,2,106,0,103,4,0,107,82,121,8,2,213,32,0,32,245
12/03/2021,LIH,HI,AWP,WE,Federal Contract Tower,84,12,4,1,101,0,35,1,0,36,84,47,5,1,137,16,0,16,153
12/04/2021,LIH,HI,AWP,WE,Federal Contract Tower,79,11,5,0,95,0,136,1,0,137,79,147,6,0,232,16,0,16,248
12/05/2021,LIH,HI,AWP,WE,Federal Contract Tower,73,11,4,0,88,0,47,8,0,55,73,58,12,0,143,12,0,12,155
12/06/2021,LIH,HI,AWP,WE,Federal Contract Tower,75,9,1,0,85,0,0,0,0,0,75,9,1,0,85,0,0,0,85
12/07/2021,LIH,HI,AWP,WE,Federal Contract Tower,80,15,7,0,102,0,33,4,1,38,80,48,11,1,140,0,0,0,140
12/08/2021,LIH,HI,AWP,WE,Federal Contract Tower,78,11,7,14,110,0,140,2,2,144,78,151,9,16,254,26,2,28,282
12/09/2021,LIH,HI,AWP,WE,Federal Contract Tower,82,18,8,2,110,0,246,2,0,248,82,264,10,2,358,46,0,46,404
12/10/2021,LIH,HI,AWP,WE,Federal Contract Tower,86,13,5,6,110,0,108,0,0,108,86,121,5,6,218,12,0,12,230
12/11/2021,LIH,HI,AWP,WE,Federal Contract Tower,78,10,4,4,96,0,163,2,0,165,78,173,6,4,261,24,0,24,285
12/12/2021,LIH,HI,AWP,WE,Federal Contract Tower,73,3,1,0,77,0,43,0,0,43,73,46,1,0,120,34,0,34,154
12/13/2021,LIH,HI,AWP,WE,Federal Contract Tower,76,16,4,2,98,0,157,4,0,161,76,173,8,2,259,10,0,10,269
12/14/2021,LIH,HI,AWP,WE,Federal Contract Tower,79,17,6,4,106,0,146,1,0,147,79,163,7,4,253,25,2,27,280
12/15/2021,LIH,HI,AWP,WE,Federal Contract Tower,74,17,4,6,101,0,152,5,2,159,74,169,9,8,260,28,0,28,288
12/16/2021,LIH,HI,AWP,WE,Federal Contract Tower,90,15,4,8,117,0,212,4,3,219,90,227,8,11,336,58,6,64,400
12/17/2021,LIH,HI,AWP,WE,Federal Contract Tower,91,14,9,2,116,0,187,7,0,194,91,201,16,2,310,28,0,28,338
12/18/2021,LIH,HI,AWP,WE,Federal Contract Tower,79,9,9,0,97,0,139,8,0,147,79,148,17,0,244,4,0,4,248
12/19/2021,LIH,HI,AWP,WE,Federal Contract Tower,89,8,5,0,102,0,62,1,0,63,89,70,6,0,165,2,0,2,167
12/20/2021,LIH,HI,AWP,WE,Federal Contract Tower,90,13,7,5,115,0,184,3,0,187,90,197,10,5,302,12,0,12,314
12/21/2021,LIH,HI,AWP,WE,Federal Contract Tower,86,18,2,2,108,0,158,1,0,159,86,176,3,2,267,8,0,8,275
12/22/2021,LIH,HI,AWP,WE,Federal Contract Tower,90,20,7,0,117,0,257,9,2,268,90,277,16,2,385,14,0,14,399
12/23/2021,LIH,HI,AWP,WE,Federal Contract Tower,97,12,14,0,123,0,255,1,0,256,97,267,15,0,379,28,0,28,407
12/24/2021,LIH,HI,AWP,WE,Federal Contract Tower,88,17,0,0,105,0,222,4,0,226,88,239,4,0,331,16,0,16,347
12/25/2021,LIH,HI,AWP,WE,Federal Contract Tower,81,2,4,0,87,0,73,0,0,73,81,75,4,0,160,8,0,8,168
12/26/2021,LIH,HI,AWP,WE,Federal Contract Tower,84,6,16,0,106,0,116,1,0,117,84,122,17,0,223,22,0,22,245
12/27/2021,LIH,HI,AWP,WE,Federal Contract Tower,90,14,12,0,116,0,229,2,0,231,90,243,14,0,347,12,0,12,359
12/28/2021,LIH,HI,AWP,WE,Federal Contract Tower,86,14,6,4,110,0,228,18,0,246,86,242,24,4,356,12,0,12,368
12/29/2021,LIH,HI,AWP,WE,Federal Contract Tower,85,19,10,0,114,0,234,17,2,253,85,253,27,2,367,28,0,28,395
12/30/2021,LIH,HI,AWP,WE,Federal Contract Tower,81,8,9,2,100,0,13,0,0,13,81,21,9,2,113,0,0,0,113
12/31/2021,LIH,HI,AWP,WE,Federal Contract Tower,81,8,4,0,93,0,80,0,0,80,81,88,4,0,173,28,0,28,201
01/01/2022,LIH,HI,AWP,WE,Federal Contract Tower,73,4,14,0,91,0,1,0,0,1,73,5,14,0,92,0,0,0,92
01/02/2022,LIH,HI,AWP,WE,Federal Contract Tower,86,14,7,0,107,0,68,0,0,68,86,82,7,0,175,20,0,20,195
01/03/2022,LIH,HI,AWP,WE,Federal Contract Tower,84,19,8,0,111,0,169,11,0,180,84,188,19,0,291,20,0,20,311
01/04/2022,LIH,HI,AWP,WE,Federal Contract Tower,74,13,6,4,97,0,238,7,0,245,74,251,13,4,342,22,0,22,364
01/05/2022,LIH,HI,AWP,WE,Federal Contract Tower,77,21,15,16,129,0,242,5,1,248,77,263,20,17,377,8,4,12,389
01/06/2022,LIH,HI,AWP,WE,Federal Contract Tower,79,14,3,5,101,0,204,6,1,211,79,218,9,6,312,10,0,10,322
01/07/2022,LIH,HI,AWP,WE,Federal Contract Tower,75,15,5,2,97,0,191,8,0,199,75,206,13,2,296,16,0,16,312
01/08/2022,LIH,HI,AWP,WE,Federal Contract Tower,83,2,5,2,92,0,126,6,0,132,83,128,11,2,224,24,0,24,248
01/09/2022,LIH,HI,AWP,WE,Federal Contract Tower,76,5,4,0,85,0,59,5,0,64,76,64,9,0,149,26,0,26,175
01/10/2022,LIH,HI,AWP,WE,Federal Contract Tower,73,16,8,11,108,0,155,5,0,160,73,171,13,11,268,28,0,28,296
01/11/2022,LIH,HI,AWP,WE,Federal Contract Tower,67,17,2,2,88,0,231,1,2,234,67,248,3,4,322,36,0,36,358
01/12/2022,LIH,HI,AWP,WE,Federal Contract Tower,72,12,8,3,95,0,186,10,0,196,72,198,18,3,291,24,4,28,319
01/13/2022,LIH,HI,AWP,WE,Federal Contract Tower,76,13,3,9,101,0,194,13,0,207,76,207,16,9,308,48,0,48,356
01/14/2022,LIH,HI,AWP,WE,Federal Contract Tower,81,12,2,0,95,0,205,7,0,212,81,217,9,0,307,48,0,48,355
01/15/2022,LIH,HI,AWP,WE,Federal Contract Tower,72,8,4,0,84,0,138,10,0,148,72,146,14,0,232,50,0,50,282
01/16/2022,LIH,HI,AWP,WE,Federal Contract Tower,67,2,3,3,75,0,37,6,2,45,67,39,9,5,120,12,0,12,132
01/17/2022,LIH,HI,AWP,WE,Federal Contract Tower,73,7,0,0,80,0,182,21,0,203,73,189,21,0,283,28,0,28,311
01/18/2022,LIH,HI,AWP,WE,Federal Contract Tower,76,10,5,10,101,0,166,0,1,167,76,176,5,11,268,26,0,26,294
01/19/2022,LIH,HI,AWP,WE,Federal Contract Tower,68,13,0,4,85,0,151,19,4,174,68,164,19,8,259,38,0,38,297
01/20/2022,LIH,HI,AWP,WE,Federal Contract Tower,75,12,1,7,95,0,222,12,1,235,75,234,13,8,330,32,0,32,362
01/21/2022,LIH,HI,AWP,WE,Federal Contract Tower,81,13,4,0,98,0,166,15,0,181,81,179,19,0,279,18,0,18,297
01/22/2022,LIH,HI,AWP,WE,Federal Contract Tower,72,1,5,0,78,0,41,0,0,41,72,42,5,0,119,24,0,24,143
01/23/2022,LIH,HI,AWP,WE,Federal Contract Tower,72,3,7,0,82,0,46,1,0,47,72,49,8,0,129,72,0,72,201
01/24/2022,LIH,HI,AWP,WE,Federal Contract Tower,74,6,2,2,84,0,190,7,2,199,74,196,9,4,283,14,0,14,297
01/25/2022,LIH,HI,AWP,WE,Federal Contract Tower,62,13,4,14,93,0,215,3,8,226,62,228,7,22,319,10,0,10,329
01/26/2022,LIH,HI,AWP,WE,Federal Contract Tower,72,11,4,6,93,0,176,13,0,189,72,187,17,6,282,26,4,30,312
01/27/2022,LIH,HI,AWP,WE,Federal Contract Tower,75,12,5,16,108,0,158,5,0,163,75,170,10,16,271,14,20,34,305
01/28/2022,LIH,HI,AWP,WE,Federal Contract Tower,69,10,9,0,88,0,236,4,0,240,69,246,13,0,328,24,0,24,352
01/29/2022,LIH,HI,AWP,WE,Federal Contract Tower,70,35,4,0,109,0,123,12,0,135,70,158,16,0,244,56,0,56,300
01/30/2022,LIH,HI,AWP,WE,Federal Contract Tower,72,4,3,0,79,0,72,4,0,76,72,76,7,0,155,24,0,24,179
01/31/2022,LIH,HI,AWP,WE,Federal Contract Tower,71,17,3,8,99,0,147,11,0,158,71,164,14,8,257,18,0,18,275
02/01/2022,LIH,HI,AWP,WE,Federal Contract Tower,73,11,13,6,103,0,174,0,6,180,73,185,13,12,283,12,0,12,295
02/02/2022,LIH,HI,AWP,WE,Federal Contract Tower,72,10,2,4,88,0,185,4,0,189,72,195,6,4,277,30,0,30,307
02/03/2022,LIH,HI,AWP,WE,Federal Contract Tower,77,6,1,4,88,0,166,6,3,175,77,172,7,7,263,18,0,18,281
02/04/2022,LIH,HI,AWP,WE,Federal Contract Tower,81,8,5,1,95,0,186,1,0,187,81,194,6,1,282,16,0,16,298
02/05/2022,LIH,HI,AWP,WE,Federal Contract Tower,79,3,9,0,91,0,133,2,0,135,79,136,11,0,226,34,0,34,260
02/06/2022,LIH,HI,AWP,WE,Federal Contract Tower,73,4,9,0,86,0,70,3,1,74,73,74,12,1,160,20,0,20,180
02/07/2022,LIH,HI,AWP,WE,Federal Contract Tower,78,13,3,4,98,0,178,4,0,182,78,191,7,4,280,22,0,22,302
02/08/2022,LIH,HI,AWP,WE,Federal Contract Tower,72,11,1,19,103,0,234,2,1,237,72,245,3,20,340,18,0,18,358
02/09/2022,LIH,HI,AWP,WE,Federal Contract Tower,75,15,5,2,97,0,200,2,0,202,75,215,7,2,299,20,0,20,319
02/10/2022,LIH,HI,AWP,WE,Federal Contract Tower,75,11,4,8,98,0,197,7,0,204,75,208,11,8,302,20,0,20,322
02/11/2022,LIH,HI,AWP,WE,Federal Contract Tower,73,7,1,4,85,0,235,3,1,239,73,242,4,5,324,20,0,20,344
02/12/2022,LIH,HI,AWP,WE,Federal Contract Tower,76,6,5,0,87,0,146,7,0,153,76,152,12,0,240,18,0,18,258
02/13/2022,LIH,HI,AWP,WE,Federal Contract Tower,76,1,3,0,80,0,73,7,0,80,76,74,10,0,160,10,12,22,182
02/14/2022,LIH,HI,AWP,WE,Federal Contract Tower,72,12,3,2,89,0,234,3,0,237,72,246,6,2,326,18,0,18,344
02/15/2022,LIH,HI,AWP,WE,Federal Contract Tower,70,17,5,12,104,0,228,11,14,253,70,245,16,26,357,4,8,12,369
02/16/2022,LIH,HI,AWP,WE,Federal Contract Tower,71,12,3,0,86,0,232,6,2,240,71,244,9,2,326,20,4,24,350
02/17/2022,LIH,HI,AWP,WE,Federal Contract Tower,77,13,0,2,92,0,211,5,2,218,77,224,5,4,310,22,0,22,332
02/18/2022,LIH,HI,AWP,WE,Federal Contract Tower,76,9,3,0,88,0,215,2,0,217,76,224,5,0,305,32,0,32,337
02/19/2022,LIH,HI,AWP,WE,Federal Contract Tower,76,6,9,0,91,0,154,9,0,163,76,160,18,0,254,44,0,44,298
02/20/2022,LIH,HI,AWP,WE,Federal Contract Tower,79,7,3,0,89,0,99,4,0,103,79,106,7,0,192,16,0,16,208
02/21/2022,LIH,HI,AWP,WE,Federal Contract Tower,73,5,3,2,83,0,224,12,0,236,73,229,15,2,319,48,0,48,367
02/22/2022,LIH,HI,AWP,WE,Federal Contract Tower,71,11,2,8,92,0,192,21,10,223,71,203,23,18,315,60,0,60,375
02/23/2022,LIH,HI,AWP,WE,Federal Contract Tower,68,16,4,9,97,0,238,13,0,251,68,254,17,9,348,108,0,108,456
02/24/2022,LIH,HI,AWP,WE,Federal Contract Tower,76,10,4,3,93,0,205,14,4,223,76,215,18,7,316,38,4,42,358
02/25/2022,LIH,HI,AWP,WE,Federal Contract Tower,76,19,10,2,107,0,269,9,10,288,76,288,19,12,395,18,0,18,413
02/26/2022,LIH,HI,AWP,WE,Federal Contract Tower,74,7,12,0,93,0,161,12,0,173,74,168,24,0,266,70,0,70,336
02/27/2022,LIH,HI,AWP,WE,Federal Contract Tower,74,7,1,0,82,0,50,6,0,56,74,57,7,0,138,24,0,24,162
02/28/2022,LIH,HI,AWP,WE,Federal Contract Tower,76,10,7,0,93,0,199,13,2,214,76,209,20,2,307,88,0,88,395
03/01/2022,LIH,HI,AWP,WE,Federal Contract Tower,70,11,7,10,98,0,229,10,4,243,70,240,17,14,341,40,8,48,389
03/02/2022,LIH,HI,AWP,WE,Federal Contract Tower,74,12,3,3,92,0,190,23,0,213,74,202,26,3,305,58,6,64,369
03/03/2022,LIH,HI,AWP,WE,Federal Contract Tower,76,14,1,0,91,0,168,7,0,175,76,182,8,0,266,14,0,14,280
03/04/2022,LIH,HI,AWP,WE,Federal Contract Tower,80,10,5,2,97,0,128,4,3,135,80,138,9,5,232,26,0,26,258
03/05/2022,LIH,HI,AWP,WE,Federal Contract Tower,75,1,2,1,79,0,202,18,2,222,75,203,20,3,301,54,0,54,355
03/06/2022,LIH,HI,AWP,WE,Federal Contract Tower,74,2,2,2,80,0,112,10,7,129,74,114,12,9,209,16,0,16,225
03/07/2022,LIH,HI,AWP,WE,Federal Contract Tower,81,13,1,12,107,0,208,0,4,212,81,221,1,16,319,10,2,12,331
03/08/2022,LIH,HI,AWP,WE,Federal Contract Tower,74,14,3,0,91,0,189,6,4,199,74,203,9,4,290,38,0,38,328
03/09/2022,LIH,HI,AWP,WE,Federal Contract Tower,79,12,2,2,95,0,204,9,8,221,79,216,11,10,316,28,0,28,344
03/10/2022,LIH,HI,AWP,WE,Federal Contract Tower,80,11,5,0,96,0,177,20,5,202,80,188,25,5,298,36,0,36,334
03/11/2022,LIH,HI,AWP,WE,Federal Contract Tower,82,7,4,1,94,0,251,16,2,269,82,258,20,3,363,44,0,44,407
03/12/2022,LIH,HI,AWP,WE,Federal Contract Tower,81,2,9,0,92,1,163,16,0,180,82,165,25,0,272,28,0,28,300
03/13/2022,LIH,HI,AWP,WE,Federal Contract Tower,83,3,2,0,88,0,97,14,0,111,83,100,16,0,199,46,0,46,245
03/14/2022,LIH,HI,AWP,WE,Federal Contract Tower,85,13,11,4,113,0,228,17,0,245,85,241,28,4,358,26,0,26,384
03/15/2022,LIH,HI,AWP,WE,Federal Contract Tower,73,10,1,4,88,0,236,17,4,257,73,246,18,8,345,44,0,44,389
03/16/2022,LIH,HI,AWP,WE,Federal Contract Tower,79,14,6,5,104,0,227,12,5,244,79,241,18,10,348,18,0,18,366
03/17/2022,LIH,HI,AWP,WE,Federal Contract Tower,89,15,3,1,108,0,223,5,7,235,89,238,8,8,343,26,0,26,369
03/18/2022,LIH,HI,AWP,WE,Federal Contract Tower,93,11,5,0,109,0,260,10,0,270,93,271,15,0,379,32,0,32,411
03/19/2022,LIH,HI,AWP,WE,Federal Contract Tower,89,4,7,0,100,0,168,17,0,185,89,172,24,0,285,28,0,28,313
03/20/2022,LIH,HI,AWP,WE,Federal Contract Tower,86,0,5,0,91,0,71,6,1,78,86,71,11,1,169,16,0,16,185
03/21/2022,LIH,HI,AWP,WE,Federal Contract Tower,90,11,7,5,113,0,244,7,3,254,90,255,14,8,367,30,0,30,397
03/22/2022,LIH,HI,AWP,WE,Federal Contract Tower,79,16,4,3,102,0,5,0,1,6,79,21,4,4,108,2,0,2,110
03/23/2022,LIH,HI,AWP,WE,Federal Contract Tower,83,13,3,0,99,0,173,6,1,180,83,186,9,1,279,42,0,42,321
03/24/2022,LIH,HI,AWP,WE,Federal Contract Tower,87,14,7,0,108,0,184,11,0,195,87,198,18,0,303,40,0,40,343
03/25/2022,LIH,HI,AWP,WE,Federal Contract Tower,94,9,6,2,111,0,229,7,0,236,94,238,13,2,347,36,0,36,383
03/26/2022,LIH,HI,AWP,WE,Federal Contract Tower,90,2,6,0,98,0,166,18,0,184,90,168,24,0,282,24,0,24,306
03/27/2022,LIH,HI,AWP,WE,Federal Contract Tower,88,3,6,0,97,0,94,10,0,104,88,97,16,0,201,28,0,28,229
03/28/2022,LIH,HI,AWP,WE,Federal Contract Tower,93,13,4,12,122,0,150,7,7,164,93,163,11,19,286,36,2,38,324
03/29/2022,LIH,HI,AWP,WE,Federal Contract Tower,80,11,2,7,100,0,228,21,1,250,80,239,23,8,350,63,0,63,413
03/30/2022,LIH,HI,AWP,WE,Federal Contract Tower,82,11,4,0,97,0,187,21,0,208,82,198,25,0,305,60,0,60,365
03/31/2022,LIH,HI,AWP,WE,Federal Contract Tower,94,11,8,2,115,0,219,16,1,236,94,230,24,3,351,18,14,32,383
04/01/2022,LIH,HI,AWP,WE,Federal Contract Tower,101,16,3,3,123,0,175,4,0,179,101,191,7,3,302,26,0,26,328
04/02/2022,LIH,HI,AWP,WE,Federal Contract Tower,92,9,4,0,105,0,90,6,0,96,92,99,10,0,201,10,0,10,211
04/03/2022,LIH,HI,AWP,WE,Federal Contract Tower,81,2,5,2,90,0,53,2,0,55,81,55,7,2,145,12,0,12,157
04/04/2022,LIH,HI,AWP,WE,Federal Contract Tower,93,16,8,4,121,0,224,17,0,241,93,240,25,4,362,44,0,44,406
04/05/2022,LIH,HI,AWP,WE,Federal Contract Tower,73,9,12,20,114,0,185,7,13,205,73,194,19,33,319,40,4,44,363
04/06/2022,LIH,HI,AWP,WE,Federal Contract Tower,83,11,1,10,105,0,213,14,5,232,83,224,15,15,337,14,2,16,353
04/07/2022,LIH,HI,AWP,WE,Federal Contract Tower,82,16,7,5,110,0,218,16,3,237,82,234,23,8,347,16,0,16,363
04/08/2022,LIH,HI,AWP,WE,Federal Contract Tower,89,10,4,1,104,0,238,19,4,261,89,248,23,5,365,18,0,18,383
04/09/2022,LIH,HI,AWP,WE,Federal Contract Tower,91,0,5,0,96,0,149,17,0,166,91,149,22,0,262,28,0,28,290
04/10/2022,LIH,HI,AWP,WE,Federal Contract Tower,82,5,0,0,87,0,41,3,0,44,82,46,3,0,131,26,0,26,157
04/11/2022,LIH,HI,AWP,WE,Federal Contract Tower,92,13,4,3,112,0,229,10,0,239,92,242,14,3,351,30,0,30,381
04/12/2022,LIH,HI,AWP,WE,Federal Contract Tower,77,14,2,2,95,0,230,8,1,239,77,244,10,3,334,24,0,24,358
04/13/2022,LIH,HI,AWP,WE,Federal Contract Tower,77,10,5,3,95,0,223,12,1,236,77,233,17,4,331,90,2,92,423
04/14/2022,LIH,HI,AWP,WE,Federal Contract Tower,92,20,7,2,121,0,198,10,0,208,92,218,17,2,329,50,0,50,379
04/15/2022,LIH,HI,AWP,WE,Federal Contract Tower,83,14,7,4,108,0,253,12,1,266,83,267,19,5,374,44,0,44,418
04/16/2022,LIH,HI,AWP,WE,Federal Contract Tower,86,3,13,0,102,0,68,4,0,72,86,71,17,0,174,16,0,16,190
04/17/2022,LIH,HI,AWP,WE,Federal Contract Tower,85,9,8,0,102,0,88,0,0,88,85,97,8,0,190,16,0,16,206
04/18/2022,LIH,HI,AWP,WE,Federal Contract Tower,88,14,3,5,110,0,236,11,2,249,88,250,14,7,359,52,2,54,413
04/19/2022,LIH,HI,AWP,WE,Federal Contract Tower,75,9,3,4,91,0,224,8,1,233,75,233,11,5,324,54,0,54,378
04/20/2022,LIH,HI,AWP,WE,Federal Contract Tower,79,12,2,4,97,0,223,14,4,241,79,235,16,8,338,12,4,16,354
04/21/2022,LIH,HI,AWP,WE,Federal Contract Tower,86,17,4,9,116,0,176,5,4,185,86,193,9,13,301,30,6,36,337
04/22/2022,LIH,HI,AWP,WE,Federal Contract Tower,88,21,3,2,114,0,232,5,0,237,88,253,8,2,351,24,0,24,375
04/23/2022,LIH,HI,AWP,WE,Federal Contract Tower,81,1,7,0,89,0,169,18,0,187,81,170,25,0,276,32,0,32,308
04/24/2022,LIH,HI,AWP,WE,Federal Contract Tower,78,3,6,0,87,0,101,21,2,124,78,104,27,2,211,36,0,36,247
04/25/2022,LIH,HI,AWP,WE,Federal Contract Tower,87,8,1,0,96,0,209,21,6,236,87,217,22,6,332,28,0,28,360
04/26/2022,LIH,HI,AWP,WE,Federal Contract Tower,74,15,0,2,91,0,157,4,0,161,74,172,4,2,252,69,0,69,321
04/27/2022,LIH,HI,AWP,WE,Federal Contract Tower,76,13,2,10,101,0,202,16,2,220,76,215,18,12,321,48,0,48,369
04/28/2022,LIH,HI,AWP,WE,Federal Contract Tower,84,12,7,7,110,0,221,2,4,227,84,233,9,11,337,28,2,30,367
04/29/2022,LIH,HI,AWP,WE,Federal Contract Tower,88,14,0,0,102,0,215,5,0,220,88,229,5,0,322,40,0,40,362
04/30/2022,LIH,HI,AWP,WE,Federal Contract Tower,84,7,7,0,98,0,147,9,0,156,84,154,16,0,254,10,0,10,264
05/01/2022,LIH,HI,AWP,WE,Federal Contract Tower,79,3,2,0,84,0,86,4,0,90,79,89,6,0,174,44,0,44,218
05/02/2022,LIH,HI,AWP,WE,Federal Contract Tower,92,11,2,14,119,0,87,7,0,94,92,98,9,14,213,18,10,28,241
05/03/2022,LIH,HI,AWP,WE,Federal Contract Tower,76,17,6,0,99,0,218,8,4,230,76,235,14,4,329,134,0,134,463
05/04/2022,LIH,HI,AWP,WE,Federal Contract Tower,75,10,2,8,95,0,155,18,0,173,75,165,20,8,268,68,0,68,336
05/05/2022,LIH,HI,AWP,WE,Federal Contract Tower,89,14,1,5,109,0,215,12,0,227,89,229,13,5,336,52,0,52,388
05/06/2022,LIH,HI,AWP,WE,Federal Contract Tower,89,12,0,2,103,0,164,10,0,174,89,176,10,2,277,30,0,30,307
05/07/2022,LIH,HI,AWP,WE,Federal Contract Tower,89,4,5,0,98,0,156,7,0,163,89,160,12,0,261,22,0,22,283
05/08/2022,LIH,HI,AWP,WE,Federal Contract Tower,81,4,1,2,88,0,125,11,0,136,81,129,12,2,224,20,0,20,244
05/09/2022,LIH,HI,AWP,WE,Federal Contract Tower,89,10,2,8,109,0,242,12,0,254,89,252,14,8,363,31,0,31,394
05/10/2022,LIH,HI,AWP,WE,Federal Contract Tower,81,10,3,4,98,0,196,8,1,205,81,206,11,5,303,73,4,77,380
05/11/2022,LIH,HI,AWP,WE,Federal Contract Tower,81,11,0,4,96,0,196,16,0,212,81,207,16,4,308,18,0,18,326
05/12/2022,LIH,HI,AWP,WE,Federal Contract Tower,90,10,2,1,103,0,203,6,0,209,90,213,8,1,312,10,0,10,322
05/13/2022,LIH,HI,AWP,WE,Federal Contract Tower,87,12,3,0,102,0,178,4,0,182,87,190,7,0,284,26,0,26,310
05/14/2022,LIH,HI,AWP,WE,Federal Contract Tower,84,1,7,0,92,0,170,16,0,186,84,171,23,0,278,20,0,20,298
05/15/2022,LIH,HI,AWP,WE,Federal Contract Tower,82,5,4,2,93,0,116,11,0,127,82,121,15,2,220,28,0,28,248
05/16/2022,LIH,HI,AWP,WE,Federal Contract Tower,90,8,2,0,100,0,208,2,0,210,90,216,4,0,310,18,0,18,328
05/17/2022,LIH,HI,AWP,WE,Federal Contract Tower,81,18,0,8,107,0,188,6,2,196,81,206,6,10,303,34,0,34,337
05/18/2022,LIH,HI,AWP,WE,Federal Contract Tower,80,14,6,0,100,0,1,0,0,1,80,15,6,0,101,8,0,8,109
05/19/2022,LIH,HI,AWP,WE,Federal Contract Tower,88,13,3,4,108,0,140,12,0,152,88,153,15,4,260,32,0,32,292
05/20/2022,LIH,HI,AWP,WE,Federal Contract Tower,84,12,2,0,98,0,233,13,0,246,84,245,15,0,344,20,0,20,364
05/21/2022,LIH,HI,AWP,WE,Federal Contract Tower,87,3,9,0,99,0,219,2,0,221,87,222,11,0,320,20,0,20,340
05/22/2022,LIH,HI,AWP,WE,Federal Contract Tower,84,2,7,0,93,0,149,8,0,157,84,151,15,0,250,28,0,28,278
05/23/2022,LIH,HI,AWP,WE,Federal Contract Tower,86,11,5,2,104,0,222,15,0,237,86,233,20,2,341,18,0,18,359
05/24/2022,LIH,HI,AWP,WE,Federal Contract Tower,78,9,2,0,89,0,205,10,0,215,78,214,12,0,304,32,0,32,336
05/25/2022,LIH,HI,AWP,WE,Federal Contract Tower,78,13,10,2,103,0,211,17,1,229,78,224,27,3,332,22,0,22,354
05/26/2022,LIH,HI,AWP,WE,Federal Contract Tower,87,11,3,6,107,0,251,5,2,258,87,262,8,8,365,16,12,28,393
05/27/2022,LIH,HI,AWP,WE,Federal Contract Tower,87,23,0,0,110,0,237,10,0,247,87,260,10,0,357,24,0,24,381
05/28/2022,LIH,HI,AWP,WE,Federal Contract Tower,83,9,10,0,102,0,207,15,0,222,83,216,25,0,324,23,0,23,347
05/29/2022,LIH,HI,AWP,WE,Federal Contract Tower,83,2,3,0,88,0,75,4,0,79,83,77,7,0,167,32,0,32,199
05/30/2022,LIH,HI,AWP,WE,Federal Contract Tower,90,2,3,0,95,0,233,9,0,242,90,235,12,0,337,21,0,21,358
05/31/2022,LIH,HI,AWP,WE,Federal Contract Tower,84,9,2,9,104,0,219,11,4,234,84,228,13,13,338,35,0,35,373
06/01/2022,LIH,HI,AWP,WE,Federal Contract Tower,80,6,0,4,90,0,134,16,1,151,80,140,16,5,241,14,0,14,255
06/02/2022,LIH,HI,AWP,WE,Federal Contract Tower,86,15,7,4,112,0,234,8,6,248,86,249,15,10,360,12,0,12,372
06/03/2022,LIH,HI,AWP,WE,Federal Contract Tower,86,16,3,0,105,0,262,11,0,273,86,278,14,0,378,28,0,28,406
06/04/2022,LIH,HI,AWP,WE,Federal Contract Tower,83,9,6,0,98,0,217,25,0,242,83,226,31,0,340,48,0,48,388
06/05/2022,LIH,HI,AWP,WE,Federal Contract Tower,89,8,3,1,101,0,126,2,0,128,89,134,5,1,229,32,0,32,261
06/06/2022,LIH,HI,AWP,WE,Federal Contract Tower,94,9,0,0,103,0,231,5,0,236,94,240,5,0,339,50,0,50,389
06/07/2022,LIH,HI,AWP,WE,Federal Contract Tower,88,11,3,4,106,0,232,9,10,251,88,243,12,14,357,28,0,28,385
06/08/2022,LIH,HI,AWP,WE,Federal Contract Tower,87,10,2,7,106,0,214,9,1,224,87,224,11,8,330,24,0,24,354
06/09/2022,LIH,HI,AWP,WE,Federal Contract Tower,92,14,6,2,114,0,238,14,3,255,92,252,20,5,369,18,0,18,387
06/10/2022,LIH,HI,AWP,WE,Federal Contract Tower,92,11,1,7,111,0,245,12,0,257,92,256,13,7,368,22,0,22,390
06/11/2022,LIH,HI,AWP,WE,Federal Contract Tower,93,6,7,0,106,0,220,10,0,230,93,226,17,0,336,16,0,16,352
06/12/2022,LIH,HI,AWP,WE,Federal Contract Tower,80,7,4,0,91,0,116,5,0,121,80,123,9,0,212,22,0,22,234
06/13/2022,LIH,HI,AWP,WE,Federal Contract Tower,92,10,4,0,106,0,222,3,0,225,92,232,7,0,331,22,0,22,353
06/14/2022,LIH,HI,AWP,WE,Federal Contract Tower,86,14,1,10,111,0,220,14,0,234,86,234,15,10,345,40,0,40,385
06/15/2022,LIH,HI,AWP,WE,Federal Contract Tower,86,14,3,0,103,0,193,19,2,214,86,207,22,2,317,18,0,18,335
06/16/2022,LIH,HI,AWP,WE,Federal Contract Tower,92,17,3,12,124,0,206,16,2,224,92,223,19,14,348,46,4,50,398
06/17/2022,LIH,HI,AWP,WE,Federal Contract Tower,93,15,2,0,110,0,249,10,0,259,93,264,12,0,369,22,0,22,391
06/18/2022,LIH,HI,AWP,WE,Federal Contract Tower,89,4,8,0,101,0,212,14,0,226,89,216,22,0,327,22,0,22,349
06/19/2022,LIH,HI,AWP,WE,Federal Contract Tower,89,4,3,1,97,0,158,2,1,161,89,162,5,2,258,38,0,38,296
06/20/2022,LIH,HI,AWP,WE,Federal Contract Tower,92,6,4,0,102,0,244,20,0,264,92,250,24,0,366,38,0,38,404
06/21/2022,LIH,HI,AWP,WE,Federal Contract Tower,90,22,2,5,119,0,227,7,8,242,90,249,9,13,361,30,0,30,391
06/22/2022,LIH,HI,AWP,WE,Federal Contract Tower,83,22,5,1,111,0,226,8,7,241,83,248,13,8,352,32,0,32,384
06/23/2022,LIH,HI,AWP,WE,Federal Contract Tower,92,14,1,5,112,0,237,13,5,255,92,251,14,10,367,28,0,28,395
06/24/2022,LIH,HI,AWP,WE,Federal Contract Tower,91,9,9,3,112,0,218,13,0,231,91,227,22,3,343,36,0,36,379
06/25/2022,LIH,HI,AWP,WE,Federal Contract Tower,92,9,10,0,111,0,224,18,0,242,92,233,28,0,353,34,0,34,387
06/26/2022,LIH,HI,AWP,WE,Federal Contract Tower,88,6,2,0,96,0,127,5,0,132,88,133,7,0,228,56,0,56,284
06/27/2022,LIH,HI,AWP,WE,Federal Contract Tower,92,13,4,6,115,0,288,6,6,300,92,301,10,12,415,42,0,42,457
06/28/2022,LIH,HI,AWP,WE,Federal Contract Tower,89,9,1,2,101,0,254,13,0,267,89,263,14,2,368,42,0,42,410
06/29/2022,LIH,HI,AWP,WE,Federal Contract Tower,87,12,4,11,114,0,200,12,0,212,87,212,16,11,326,34,0,34,360
06/30/2022,LIH,HI,AWP,WE,Federal Contract Tower,94,13,3,14,124,0,208,12,2,222,94,221,15,16,346,94,0,94,440
07/01/2022,LIH,HI,AWP,WE,Federal Contract Tower,92,14,4,0,110,0,228,8,0,236,92,242,12,0,346,28,0,28,374
07/02/2022,LIH,HI,AWP,WE,Federal Contract Tower,92,5,0,0,97,0,188,9,0,197,92,193,9,0,294,30,0,30,324
07/03/2022,LIH,HI,AWP,WE,Federal Contract Tower,87,5,3,0,95,0,160,3,0,163,87,165,6,0,258,46,0,46,304
07/04/2022,LIH,HI,AWP,WE,Federal Contract Tower,82,0,0,0,82,0,217,0,0,217,82,217,0,0,299,22,0,22,321
07/05/2022,LIH,HI,AWP,WE,Federal Contract Tower,86,13,2,1,102,0,259,2,0,261,86,272,4,1,363,32,0,32,395
07/06/2022,LIH,HI,AWP,WE,Federal Contract Tower,90,10,6,13,119,0,224,14,0,238,90,234,20,13,357,18,0,18,375
07/07/2022,LIH,HI,AWP,WE,Federal Contract Tower,93,13,7,8,121,0,236,14,3,253,93,249,21,11,374,30,0,30,404
07/08/2022,LIH,HI,AWP,WE,Federal Contract Tower,94,10,5,3,112,0,242,9,1,252,94,252,14,4,364,44,0,44,408
07/09/2022,LIH,HI,AWP,WE,Federal Contract Tower,88,4,4,2,98,0,192,11,0,203,88,196,15,2,301,22,0,22,323
07/10/2022,LIH,HI,AWP,WE,Federal Contract Tower,93,2,6,2,103,0,122,0,0,122,93,124,6,2,225,24,0,24,249
07/11/2022,LIH,HI,AWP,WE,Federal Contract Tower,93,10,2,4,109,0,210,12,3,225,93,220,14,7,334,38,6,44,378
07/12/2022,LIH,HI,AWP,WE,Federal Contract Tower,88,15,2,6,111,0,229,13,4,246,88,244,15,10,357,72,0,72,429
07/13/2022,LIH,HI,AWP,WE,Federal Contract Tower,89,13,5,3,110,0,183,5,1,189,89,196,10,4,299,52,0,52,351
07/14/2022,LIH,HI,AWP,WE,Federal Contract Tower,92,13,8,6,119,0,212,15,7,234,92,225,23,13,353,40,2,42,395
07/15/2022,LIH,HI,AWP,WE,Federal Contract Tower,95,11,3,0,109,0,209,3,0,212,95,220,6,0,321,26,0,26,347
07/16/2022,LIH,HI,AWP,WE,Federal Contract Tower,91,9,3,0,103,0,203,8,4,215,91,212,11,4,318,20,0,20,338
07/17/2022,LIH,HI,AWP,WE,Federal Contract Tower,93,4,1,0,98,0,128,6,0,134,93,132,7,0,232,6,0,6,238
07/18/2022,LIH,HI,AWP,WE,Federal Contract Tower,99,6,4,6,115,0,248,6,0,254,99,254,10,6,369,38,0,38,407
07/19/2022,LIH,HI,AWP,WE,Federal Contract Tower,86,17,3,3,109,0,234,11,4,249,86,251,14,7,358,34,4,38,396
07/20/2022,LIH,HI,AWP,WE,Federal Contract Tower,88,14,1,5,108,0,232,22,0,254,88,246,23,5,362,28,0,28,390
07/21/2022,LIH,HI,AWP,WE,Federal Contract Tower,95,10,2,4,111,0,239,12,2,253,95,249,14,6,364,30,0,30,394
07/22/2022,LIH,HI,AWP,WE,Federal Contract Tower,96,11,2,2,111,0,245,10,10,265,96,256,12,12,376,30,0,30,406
07/23/2022,LIH,HI,AWP,WE,Federal Contract Tower,91,3,3,0,97,0,201,12,1,214,91,204,15,1,311,28,0,28,339
07/24/2022,LIH,HI,AWP,WE,Federal Contract Tower,93,2,1,5,101,0,148,7,1,156,93,150,8,6,257,24,0,24,281
07/25/2022,LIH,HI,AWP,WE,Federal Contract Tower,93,7,0,1,101,0,259,18,1,278,93,266,18,2,379,34,0,34,413
07/26/2022,LIH,HI,AWP,WE,Federal Contract Tower,88,11,2,3,104,0,219,10,3,232,88,230,12,6,336,34,0,34,370
07/27/2022,LIH,HI,AWP,WE,Federal Contract Tower,90,7,1,1,99,0,212,19,2,233,90,219,20,3,332,30,0,30,362
07/28/2022,LIH,HI,AWP,WE,Federal Contract Tower,93,12,4,0,109,0,255,12,0,267,93,267,16,0,376,41,0,41,417
07/29/2022,LIH,HI,AWP,WE,Federal Contract Tower,94,13,17,2,126,0,246,13,1,260,94,259,30,3,386,42,20,62,448
07/30/2022,LIH,HI,AWP,WE,Federal Contract Tower,93,6,10,1,110,0,201,8,1,210,93,207,18,2,320,24,0,24,344
07/31/2022,LIH,HI,AWP,WE,Federal Contract Tower,93,4,2,0,99,0,132,0,0,132,93,136,2,0,231,18,0,18,249
08/01/2022,LIH,HI,AWP,WE,Federal Contract Tower,92,8,3,18,121,0,233,11,0,244,92,241,14,18,365,32,10,42,407
08/02/2022,LIH,HI,AWP,WE,Federal Contract Tower,83,16,2,2,103,0,218,13,2,233,83,234,15,4,336,29,0,29,365
08/03/2022,LIH,HI,AWP,WE,Federal Contract Tower,86,12,1,1,100,0,248,18,0,266,86,260,19,1,366,46,0,46,412
08/04/2022,LIH,HI,AWP,WE,Federal Contract Tower,94,14,1,9,118,0,230,18,4,252,94,244,19,13,370,78,0,78,448
08/05/2022,LIH,HI,AWP,WE,Federal Contract Tower,90,13,7,2,112,0,276,11,3,290,90,289,18,5,402,46,0,46,448
08/06/2022,LIH,HI,AWP,WE,Federal Contract Tower,89,2,5,1,97,0,221,9,4,234,89,223,14,5,331,30,6,36,367
08/07/2022,LIH,HI,AWP,WE,Federal Contract Tower,91,7,4,1,103,0,124,10,0,134,91,131,14,1,237,40,0,40,277
08/08/2022,LIH,HI,AWP,WE,Federal Contract Tower,93,11,2,4,110,0,270,7,1,278,93,281,9,5,388,16,0,16,404
08/09/2022,LIH,HI,AWP,WE,Federal Contract Tower,86,14,2,9,111,0,213,8,3,224,86,227,10,12,335,22,0,22,357
08/10/2022,LIH,HI,AWP,WE,Federal Contract Tower,88,9,3,1,101,0,233,8,0,241,88,242,11,1,342,10,0,10,352
08/11/2022,LIH,HI,AWP,WE,Federal Contract Tower,91,15,17,8,131,0,255,8,14,277,91,270,25,22,408,8,0,8,416
08/12/2022,LIH,HI,AWP,WE,Federal Contract Tower,95,14,5,0,114,0,267,8,0,275,95,281,13,0,389,24,0,24,413
08/13/2022,LIH,HI,AWP,WE,Federal Contract Tower,90,3,9,0,102,0,257,5,0,262,90,260,14,0,364,28,0,28,392
08/14/2022,LIH,HI,AWP,WE,Federal Contract Tower,90,11,8,2,111,0,155,7,0,162,90,166,15,2,273,26,0,26,299
08/15/2022,LIH,HI,AWP,WE,Federal Contract Tower,92,12,9,9,122,0,211,2,1,214,92,223,11,10,336,68,0,68,404
08/16/2022,LIH,HI,AWP,WE,Federal Contract Tower,84,14,8,16,122,0,233,21,1,255,84,247,29,17,377,26,0,26,403
08/17/2022,LIH,HI,AWP,WE,Federal Contract Tower,86,11,7,5,109,0,206,6,0,212,86,217,13,5,321,28,0,28,349
08/18/2022,LIH,HI,AWP,WE,Federal Contract Tower,95,9,3,1,108,0,232,13,2,247,95,241,16,3,355,16,0,16,371
08/19/2022,LIH,HI,AWP,WE,Federal Contract Tower,91,9,3,0,103,0,243,11,0,254,91,252,14,0,357,40,0,40,397
08/20/2022,LIH,HI,AWP,WE,Federal Contract Tower,86,5,4,0,95,0,176,11,0,187,86,181,15,0,282,26,0,26,308
08/21/2022,LIH,HI,AWP,WE,Federal Contract Tower,92,5,8,1,106,0,166,4,0,170,92,171,12,1,276,22,0,22,298
08/22/2022,LIH,HI,AWP,WE,Federal Contract Tower,97,11,1,6,115,0,242,6,0,248,97,253,7,6,363,24,0,24,387
08/23/2022,LIH,HI,AWP,WE,Federal Contract Tower,84,13,3,2,102,0,262,14,0,276,84,275,17,2,378,94,0,94,472
08/24/2022,LIH,HI,AWP,WE,Federal Contract Tower,83,14,0,3,100,0,165,1,3,169,83,179,1,6,269,46,0,46,315
08/25/2022,LIH,HI,AWP,WE,Federal Contract Tower,91,11,4,8,114,0,173,10,0,183,91,184,14,8,297,42,0,42,339
08/26/2022,LIH,HI,AWP,WE,Federal Contract Tower,97,15,1,1,114,0,253,2,2,257,97,268,3,3,371,34,0,34,405
08/27/2022,LIH,HI,AWP,WE,Federal Contract Tower,90,4,10,1,105,0,213,11,0,224,90,217,21,1,329,24,0,24,353
08/28/2022,LIH,HI,AWP,WE,Federal Contract Tower,92,8,0,2,102,0,132,5,0,137,92,140,5,2,239,12,0,12,251
08/29/2022,LIH,HI,AWP,WE,Federal Contract Tower,98,10,0,0,108,0,201,2,4,207,98,211,2,4,315,28,10,38,353
08/30/2022,LIH,HI,AWP,WE,Federal Contract Tower,83,15,0,10,108,0,230,8,4,242,83,245,8,14,350,22,4,26,376
08/31/2022,LIH,HI,AWP,WE,Federal Contract Tower,86,9,1,0,96,0,225,11,0,236,86,234,12,0,332,14,0,14,346
09/01/2022,LIH,HI,AWP,WE,Federal Contract Tower,94,15,3,0,112,0,252,15,0,267,94,267,18,0,379,42,0,42,421
09/02/2022,LIH,HI,AWP,WE,Federal Contract Tower,96,9,2,1,108,0,255,8,1,264,96,264,10,2,372,26,0,26,398
09/03/2022,LIH,HI,AWP,WE,Federal Contract Tower,90,3,14,4,111,0,119,3,0,122,90,122,17,4,233,26,0,26,259
09/04/2022,LIH,HI,AWP,WE,Federal Contract Tower,84,2,1,0,87,0,197,9,0,206,84,199,10,0,293,30,0,30,323
09/05/2022,LIH,HI,AWP,WE,Federal Contract Tower,92,1,0,0,93,0,232,8,0,240,92,233,8,0,333,34,0,34,367
09/06/2022,LIH,HI,AWP,WE,Federal Contract Tower,82,11,5,4,102,0,239,18,1,258,82,250,23,5,360,28,0,28,388
09/07/2022,LIH,HI,AWP,WE,Federal Contract Tower,86,6,6,2,100,0,203,13,0,216,86,209,19,2,316,42,0,42,358
09/08/2022,LIH,HI,AWP,WE,Federal Contract Tower,87,8,2,6,103,0,243,22,7,272,87,251,24,13,375,18,0,18,393
09/09/2022,LIH,HI,AWP,WE,Federal Contract Tower,89,14,5,10,118,0,177,9,5,191,89,191,14,15,309,38,0,38,347
09/10/2022,LIH,HI,AWP,WE,Federal Contract Tower,83,4,3,0,90,0,174,12,2,188,83,178,15,2,278,26,0,26,304
09/11/2022,LIH,HI,AWP,WE,Federal Contract Tower,81,2,2,1,86,0,101,4,4,109,81,103,6,5,195,18,0,18,213
09/12/2022,LIH,HI,AWP,WE,Federal Contract Tower,84,12,0,2,98,0,235,6,0,241,84,247,6,2,339,40,0,40,379
09/13/2022,LIH,HI,AWP,WE,Federal Contract Tower,85,11,2,4,102,0,247,5,4,256,85,258,7,8,358,88,2,90,448
09/14/2022,LIH,HI,AWP,WE,Federal Contract Tower,84,15,4,0,103,0,202,8,1,211,84,217,12,1,314,26,0,26,340
09/15/2022,LIH,HI,AWP,WE,Federal Contract Tower,86,17,8,0,111,0,257,2,0,259,86,274,10,0,370,60,0,60,430
09/16/2022,LIH,HI,AWP,WE,Federal Contract Tower,89,14,8,3,114,0,189,0,0,189,89,203,8,3,303,28,0,28,331
09/17/2022,LIH,HI,AWP,WE,Federal Contract Tower,85,2,7,0,94,0,196,4,1,201,85,198,11,1,295,78,0,78,373
09/18/2022,LIH,HI,AWP,WE,Federal Contract Tower,83,5,3,0,91,0,135,1,0,136,83,140,4,0,227,86,0,86,313
09/19/2022,LIH,HI,AWP,WE,Federal Contract Tower,85,10,2,6,103,0,210,1,8,219,85,220,3,14,322,78,0,78,400
09/20/2022,LIH,HI,AWP,WE,Federal Contract Tower,82,14,0,4,100,0,220,1,0,221,82,234,1,4,321,42,0,42,363
09/21/2022,LIH,HI,AWP,WE,Federal Contract Tower,82,11,2,2,97,0,207,2,0,209,82,218,4,2,306,28,0,28,334
09/22/2022,LIH,HI,AWP,WE,Federal Contract Tower,86,14,5,4,109,0,225,0,6,231,86,239,5,10,340,30,0,30,370
09/23/2022,LIH,HI,AWP,WE,Federal Contract Tower,86,18,0,3,107,0,239,0,0,239,86,257,0,3,346,46,0,46,392
09/24/2022,LIH,HI,AWP,WE,Federal Contract Tower,84,3,9,1,97,0,209,5,0,214,84,212,14,1,311,106,0,106,417
09/25/2022,LIH,HI,AWP,WE,Federal Contract Tower,83,6,4,1,94,0,137,3,0,140,83,143,7,1,234,80,0,80,314
09/26/2022,LIH,HI,AWP,WE,Federal Contract Tower,87,10,0,0,97,0,211,6,0,217,87,221,6,0,314,84,0,84,398
09/27/2022,LIH,HI,AWP,WE,Federal Contract Tower,84,13,1,1,99,0,210,10,4,224,84,223,11,5,323,58,0,58,381
09/28/2022,LIH,HI,AWP,WE,Federal Contract Tower,82,12,2,3,99,0,247,11,0,258,82,259,13,3,357,62,0,62,419
09/29/2022,LIH,HI,AWP,WE,Federal Contract Tower,86,11,3,1,101,0,238,3,0,241,86,249,6,1,342,46,0,46,388
09/30/2022,LIH,HI,AWP,WE,Federal Contract Tower,88,12,0,2,102,0,222,2,0,224,88,234,2,2,326,22,0,22,348
10/01/2022,LIH,HI,AWP,WE,Federal Contract Tower,84,2,3,2,91,0,212,13,0,225,84,214,16,2,316,56,0,56,372
10/02/2022,LIH,HI,AWP,WE,Federal Contract Tower,75,0,0,0,75,0,5,3,0,8,75,5,3,0,83,8,0,8,91
10/03/2022,LIH,HI,AWP,WE,Federal Contract Tower,84,8,0,5,97,0,250,4,6,260,84,258,4,11,357,166,0,166,523
10/04/2022,LIH,HI,AWP,WE,Federal Contract Tower,80,7,2,4,93,0,288,2,2,292,80,295,4,6,385,138,0,138,523
10/05/2022,LIH,HI,AWP,WE,Federal Contract Tower,83,7,0,2,92,0,230,6,4,240,83,237,6,6,332,76,0,76,408
10/06/2022,LIH,HI,AWP,WE,Federal Contract Tower,88,10,3,0,101,0,302,15,2,319,88,312,18,2,420,56,0,56,476
10/07/2022,LIH,HI,AWP,WE,Federal Contract Tower,86,11,3,0,100,0,251,2,0,253,86,262,5,0,353,33,0,33,386
10/08/2022,LIH,HI,AWP,WE,Federal Contract Tower,85,6,7,2,100,0,221,15,0,236,85,227,22,2,336,44,0,44,380
10/09/2022,LIH,HI,AWP,WE,Federal Contract Tower,77,11,4,0,92,0,200,12,4,216,77,211,16,4,308,30,0,30,338
10/10/2022,LIH,HI,AWP,WE,Federal Contract Tower,87,11,0,0,98,0,238,9,0,247,87,249,9,0,345,58,0,58,403
10/11/2022,LIH,HI,AWP,WE,Federal Contract Tower,80,15,3,0,98,0,152,8,0,160,80,167,11,0,258,42,0,42,300
10/12/2022,LIH,HI,AWP,WE,Federal Contract Tower,76,11,3,0,90,0,108,25,0,133,76,119,28,0,223,8,0,8,231
10/13/2022,LIH,HI,AWP,WE,Federal Contract Tower,81,12,1,2,96,0,237,8,0,245,81,249,9,2,341,56,0,56,397
10/14/2022,LIH,HI,AWP,WE,Federal Contract Tower,87,9,2,0,98,0,233,0,0,233,87,242,2,0,331,38,0,38,369
10/15/2022,LIH,HI,AWP,WE,Federal Contract Tower,86,3,7,0,96,0,240,3,0,243,86,243,10,0,339,42,0,42,381
10/16/2022,LIH,HI,AWP,WE,Federal Contract Tower,84,3,1,0,88,0,165,3,0,168,84,168,4,0,256,32,0,32,288
10/17/2022,LIH,HI,AWP,WE,Federal Contract Tower,85,11,0,1,97,0,217,10,0,227,85,228,10,1,324,52,0,52,376
10/18/2022,LIH,HI,AWP,WE,Federal Contract Tower,77,12,4,5,98,0,251,9,6,266,77,263,13,11,364,42,0,42,406
10/19/2022,LIH,HI,AWP,WE,Federal Contract Tower,84,13,0,2,99,0,28,0,2,30,84,41,0,4,129,22,0,22,151
10/20/2022,LIH,HI,AWP,WE,Federal Contract Tower,84,11,5,1,101,0,234,7,3,244,84,245,12,4,345,65,0,65,410
10/21/2022,LIH,HI,AWP,WE,Federal Contract Tower,88,10,2,4,104,0,227,12,0,239,88,237,14,4,343,46,0,46,389
10/22/2022,LIH,HI,AWP,WE,Federal Contract Tower,86,2,5,0,93,0,267,9,5,281,86,269,14,5,374,30,0,30,404
10/23/2022,LIH,HI,AWP,WE,Federal Contract Tower,82,4,0,0,86,0,162,2,0,164,82,166,2,0,250,58,0,58,308
10/24/2022,LIH,HI,AWP,WE,Federal Contract Tower,83,15,3,0,101,0,196,17,0,213,83,211,20,0,314,38,0,38,352
10/25/2022,LIH,HI,AWP,WE,Federal Contract Tower,81,9,4,3,97,0,226,20,7,253,81,235,24,10,350,30,0,30,380
10/26/2022,LIH,HI,AWP,WE,Federal Contract Tower,78,15,2,0,95,0,82,11,1,94,78,97,13,1,189,16,0,16,205
10/27/2022,LIH,HI,AWP,WE,Federal Contract Tower,86,14,3,2,105,0,297,9,2,308,86,311,12,4,413,48,4,52,465
10/28/2022,LIH,HI,AWP,WE,Federal Contract Tower,88,15,3,0,106,0,247,1,0,248,88,262,4,0,354,38,0,38,392
10/29/2022,LIH,HI,AWP,WE,Federal Contract Tower,87,12,11,2,112,0,153,8,0,161,87,165,19,2,273,33,0,33,306
10/30/2022,LIH,HI,AWP,WE,Federal Contract Tower,72,2,5,0,79,0,134,4,0,138,72,136,9,0,217,32,0,32,249
10/31/2022,LIH,HI,AWP,WE,Federal Contract Tower,84,10,3,0,97,0,176,23,0,199,84,186,26,0,296,76,0,76,372
11/01/2022,LIH,HI,AWP,WE,Federal Contract Tower,82,13,3,14,112,0,201,12,3,216,82,214,15,17,328,52,0,52,380
11/02/2022,LIH,HI,AWP,WE,Federal Contract Tower,88,10,4,3,105,0,173,16,0,189,88,183,20,3,294,30,0,30,324
11/03/2022,LIH,HI,AWP,WE,Federal Contract Tower,85,13,2,1,101,0,248,8,4,260,85,261,10,5,361,56,0,56,417
11/04/2022,LIH,HI,AWP,WE,Federal Contract Tower,88,11,1,0,100,0,203,13,1,217,88,214,14,1,317,42,0,42,359
11/05/2022,LIH,HI,AWP,WE,Federal Contract Tower,86,6,5,0,97,0,169,6,0,175,86,175,11,0,272,74,0,74,346
11/06/2022,LIH,HI,AWP,WE,Federal Contract Tower,82,1,6,2,91,0,110,3,0,113,82,111,9,2,204,38,0,38,242
11/07/2022,LIH,HI,AWP,WE,Federal Contract Tower,77,15,1,0,93,0,200,20,0,220,77,215,21,0,313,40,0,40,353
11/08/2022,LIH,HI,AWP,WE,Federal Contract Tower,79,14,2,1,96,0,172,12,3,187,79,186,14,4,283,40,0,40,323
11/09/2022,LIH,HI,AWP,WE,Federal Contract Tower,78,9,4,4,95,0,252,9,4,265,78,261,13,8,360,46,0,46,406
11/10/2022,LIH,HI,AWP,WE,Federal Contract Tower,85,11,3,0,99,0,246,13,3,262,85,257,16,3,361,44,0,44,405
11/11/2022,LIH,HI,AWP,WE,Federal Contract Tower,85,12,2,0,99,0,186,6,0,192,85,198,8,0,291,46,0,46,337
11/12/2022,LIH,HI,AWP,WE,Federal Contract Tower,86,2,9,0,97,0,121,1,2,124,86,123,10,2,221,28,0,28,249
11/13/2022,LIH,HI,AWP,WE,Federal Contract Tower,81,0,9,0,90,0,147,6,2,155,81,147,15,2,245,24,0,24,269
11/14/2022,LIH,HI,AWP,WE,Federal Contract Tower,82,14,0,8,104,0,193,6,0,199,82,207,6,8,303,38,0,38,341
11/15/2022,LIH,HI,AWP,WE,Federal Contract Tower,87,11,3,4,105,0,200,25,4,229,87,211,28,8,334,16,0,16,350
11/16/2022,LIH,HI,AWP,WE,Federal Contract Tower,83,7,3,1,94,0,204,25,2,231,83,211,28,3,325,20,0,20,345
11/17/2022,LIH,HI,AWP,WE,Federal Contract Tower,79,12,3,0,94,0,208,7,1,216,79,220,10,1,310,20,0,20,330
11/18/2022,LIH,HI,AWP,WE,Federal Contract Tower,87,10,8,2,107,0,216,4,2,222,87,226,12,4,329,30,0,30,359
11/19/2022,LIH,HI,AWP,WE,Federal Contract Tower,90,1,10,2,103,0,151,6,2,159,90,152,16,4,262,20,0,20,282
11/20/2022,LIH,HI,AWP,WE,Federal Contract Tower,82,0,4,2,88,0,168,2,3,173,82,168,6,5,261,88,4,92,353
11/21/2022,LIH,HI,AWP,WE,Federal Contract Tower,90,12,1,3,106,0,170,1,0,171,90,182,2,3,277,45,0,45,322
11/22/2022,LIH,HI,AWP,WE,Federal Contract Tower,83,16,4,6,109,0,220,6,3,229,83,236,10,9,338,60,0,60,398
11/23/2022,LIH,HI,AWP,WE,Federal Contract Tower,90,10,1,4,105,0,233,11,0,244,90,243,12,4,349,38,4,42,391
11/24/2022,LIH,HI,AWP,WE,Federal Contract Tower,78,0,0,0,78,0,0,0,0,0,78,0,0,0,78,2,0,2,80
11/25/2022,LIH,HI,AWP,WE,Federal Contract Tower,85,7,3,0,95,0,243,5,0,248,85,250,8,0,343,78,0,78,421
11/26/2022,LIH,HI,AWP,WE,Federal Contract Tower,83,6,7,0,96,0,236,8,0,244,83,242,15,0,340,24,0,24,364
11/27/2022,LIH,HI,AWP,WE,Federal Contract Tower,83,5,6,3,97,0,161,3,2,166,83,166,9,5,263,32,0,32,295
11/28/2022,LIH,HI,AWP,WE,Federal Contract Tower,89,17,3,2,111,0,106,6,1,113,89,123,9,3,224,38,0,38,262
11/29/2022,LIH,HI,AWP,WE,Federal Contract Tower,79,10,4,0,93,0,186,15,9,210,79,196,19,9,303,42,0,42,345
11/30/2022,LIH,HI,AWP,WE,Federal Contract Tower,84,10,5,2,101,0,161,24,2,187,84,171,29,4,288,66,0,66,354
12/01/2022,LIH,HI,AWP,WE,Federal Contract Tower,86,9,4,6,105,0,202,9,11,222,86,211,13,17,327,80,0,80,407
12/02/2022,LIH,HI,AWP,WE,Federal Contract Tower,81,10,1,1,93,0,145,3,5,153,81,155,4,6,246,107,0,107,353
12/03/2022,LIH,HI,AWP,WE,Federal Contract Tower,82,4,2,0,88,0,160,4,0,164,82,164,6,0,252,20,0,20,272
12/04/2022,LIH,HI,AWP,WE,Federal Contract Tower,75,2,4,0,81,0,158,8,0,166,75,160,12,0,247,52,0,52,299
12/05/2022,LIH,HI,AWP,WE,Federal Contract Tower,80,11,2,1,94,0,72,1,4,77,80,83,3,5,171,16,14,30,201
12/06/2022,LIH,HI,AWP,WE,Federal Contract Tower,80,15,1,8,104,0,122,13,2,137,80,137,14,10,241,26,2,28,269
12/07/2022,LIH,HI,AWP,WE,Federal Contract Tower,81,13,4,2,100,0,171,10,0,181,81,184,14,2,281,76,0,76,357
12/08/2022,LIH,HI,AWP,WE,Federal Contract Tower,81,11,2,2,96,0,202,13,0,215,81,213,15,2,311,48,0,48,359
12/09/2022,LIH,HI,AWP,WE,Federal Contract Tower,82,8,2,0,92,0,149,4,0,153,82,157,6,0,245,50,0,50,295
12/10/2022,LIH,HI,AWP,WE,Federal Contract Tower,87,3,6,8,104,0,169,2,2,173,87,172,8,10,277,28,0,28,305
12/11/2022,LIH,HI,AWP,WE,Federal Contract Tower,78,6,3,0,87,0,82,4,2,88,78,88,7,2,175,12,0,12,187
12/12/2022,LIH,HI,AWP,WE,Federal Contract Tower,86,9,2,0,97,0,164,4,0,168,86,173,6,0,265,33,0,33,298
12/13/2022,LIH,HI,AWP,WE,Federal Contract Tower,82,7,0,0,89,0,189,10,0,199,82,196,10,0,288,78,0,78,366
12/14/2022,LIH,HI,AWP,WE,Federal Contract Tower,82,11,8,0,101,0,188,13,0,201,82,199,21,0,302,58,0,58,360
12/15/2022,LIH,HI,AWP,WE,Federal Contract Tower,86,15,6,0,107,0,192,12,4,208,86,207,18,4,315,54,0,54,369
12/16/2022,LIH,HI,AWP,WE,Federal Contract Tower,87,9,3,0,99,0,131,5,0,136,87,140,8,0,235,14,0,14,249
12/17/2022,LIH,HI,AWP,WE,Federal Contract Tower,93,2,4,0,99,0,182,6,0,188,93,184,10,0,287,32,0,32,319
12/18/2022,LIH,HI,AWP,WE,Federal Contract Tower,85,7,4,0,96,0,0,0,0,0,85,7,4,0,96,0,0,0,96
12/19/2022,LIH,HI,AWP,WE,Federal Contract Tower,90,8,3,0,101,0,22,0,0,22,90,30,3,0,123,0,0,0,123
12/20/2022,LIH,HI,AWP,WE,Federal Contract Tower,76,11,1,0,88,0,191,9,4,204,76,202,10,4,292,42,0,42,334
12/21/2022,LIH,HI,AWP,WE,Federal Contract Tower,89,14,5,0,108,0,208,10,0,218,89,222,15,0,326,20,0,20,346
12/22/2022,LIH,HI,AWP,WE,Federal Contract Tower,88,11,8,0,107,0,278,5,1,284,88,289,13,1,391,42,0,42,433
12/23/2022,LIH,HI,AWP,WE,Federal Contract Tower,88,8,3,0,99,0,236,5,0,241,88,244,8,0,340,40,0,40,380
12/24/2022,LIH,HI,AWP,WE,Federal Contract Tower,85,1,5,0,91,0,273,5,0,278,85,274,10,0,369,42,0,42,411
12/25/2022,LIH,HI,AWP,WE,Federal Contract Tower,71,4,2,0,77,0,31,8,4,43,71,35,10,4,120,0,0,0,120
12/26/2022,LIH,HI,AWP,WE,Federal Contract Tower,80,4,4,2,90,0,278,12,3,293,80,282,16,5,383,26,0,26,409
12/27/2022,LIH,HI,AWP,WE,Federal Contract Tower,76,15,4,12,107,0,272,21,5,298,76,287,25,17,405,22,0,22,427
12/28/2022,LIH,HI,AWP,WE,Federal Contract Tower,86,12,9,0,107,0,273,14,2,289,86,285,23,2,396,34,0,34,430
12/29/2022,LIH,HI,AWP,WE,Federal Contract Tower,92,16,5,0,113,0,223,7,0,230,92,239,12,0,343,20,0,20,363
12/30/2022,LIH,HI,AWP,WE,Federal Contract Tower,96,10,4,0,110,0,324,11,0,335,96,334,15,0,445,28,0,28,473
12/31/2022,LIH,HI,AWP,WE,Federal Contract Tower,96,1,4,0,101,0,241,16,0,257,96,242,20,0,358,40,2,42,400
01/01/2023,LIH,HI,AWP,WE,Federal Contract Tower,85,6,11,0,102,0,152,6,0,158,85,158,17,0,260,20,0,20,280
01/02/2023,LIH,HI,AWP,WE,Federal Contract Tower,92,14,5,0,111,0,234,17,0,251,92,248,22,0,362,32,0,32,394
01/03/2023,LIH,HI,AWP,WE,Federal Contract Tower,83,9,9,0,101,0,187,15,0,202,83,196,24,0,303,22,0,22,325
01/04/2023,LIH,HI,AWP,WE,Federal Contract Tower,89,14,7,11,121,0,19,9,0,28,89,33,16,11,149,10,2,12,161
01/05/2023,LIH,HI,AWP,WE,Federal Contract Tower,90,15,2,2,109,0,309,19,0,328,90,324,21,2,437,50,0,50,487
01/06/2023,LIH,HI,AWP,WE,Federal Contract Tower,97,10,4,2,113,0,304,4,0,308,97,314,8,2,421,56,0,56,477
01/07/2023,LIH,HI,AWP,WE,Federal Contract Tower,82,4,11,1,98,0,189,0,4,193,82,193,11,5,291,44,8,52,343
01/08/2023,LIH,HI,AWP,WE,Federal Contract Tower,87,2,7,3,99,0,173,7,1,181,87,175,14,4,280,50,0,50,330
01/09/2023,LIH,HI,AWP,WE,Federal Contract Tower,92,13,5,6,116,0,202,11,0,213,92,215,16,6,329,49,0,49,378
01/10/2023,LIH,HI,AWP,WE,Federal Contract Tower,82,8,3,1,94,0,226,8,6,240,82,234,11,7,334,46,0,46,380
01/11/2023,LIH,HI,AWP,WE,Federal Contract Tower,89,8,3,0,100,0,193,17,0,210,89,201,20,0,310,42,0,42,352
01/12/2023,LIH,HI,AWP,WE,Federal Contract Tower,80,12,1,4,97,0,217,14,2,233,80,229,15,6,330,28,0,28,358
01/13/2023,LIH,HI,AWP,WE,Federal Contract Tower,88,13,1,0,102,0,227,4,0,231,88,240,5,0,333,50,0,50,383
01/14/2023,LIH,HI,AWP,WE,Federal Contract Tower,85,2,5,0,92,0,246,6,0,252,85,248,11,0,344,38,0,38,382
01/15/2023,LIH,HI,AWP,WE,Federal Contract Tower,82,2,2,0,86,0,150,2,0,152,82,152,4,0,238,26,0,26,264
01/16/2023,LIH,HI,AWP,WE,Federal Contract Tower,89,6,2,0,97,0,197,14,0,211,89,203,16,0,308,28,0,28,336
01/17/2023,LIH,HI,AWP,WE,Federal Contract Tower,85,16,2,0,103,0,190,12,3,205,85,206,14,3,308,34,0,34,342
01/18/2023,LIH,HI,AWP,WE,Federal Contract Tower,85,12,1,2,100,0,190,1,0,191,85,202,2,2,291,34,0,34,325
01/19/2023,LIH,HI,AWP,WE,Federal Contract Tower,91,6,4,5,106,0,42,4,2,48,91,48,8,7,154,24,0,24,178
01/20/2023,LIH,HI,AWP,WE,Federal Contract Tower,94,10,2,0,106,0,165,6,0,171,94,175,8,0,277,34,0,34,311
01/21/2023,LIH,HI,AWP,WE,Federal Contract Tower,88,0,5,0,93,0,12,1,0,13,88,12,6,0,106,16,0,16,122
01/23/2023,LIH,HI,AWP,WE,Federal Contract Tower,94,9,0,0,103,0,252,9,0,261,94,261,9,0,364,70,0,70,434
01/24/2023,LIH,HI,AWP,WE,Federal Contract Tower,87,9,3,2,101,0,170,7,2,179,87,179,10,4,280,30,4,34,314
01/25/2023,LIH,HI,AWP,WE,Federal Contract Tower,89,16,7,4,116,0,138,22,0,160,89,154,29,4,276,46,0,46,322
01/26/2023,LIH,HI,AWP,WE,Federal Contract Tower,88,14,1,4,107,0,286,23,0,309,88,300,24,4,416,90,0,90,506
01/27/2023,LIH,HI,AWP,WE,Federal Contract Tower,91,8,1,0,100,0,236,2,0,238,91,244,3,0,338,46,0,46,384
01/28/2023,LIH,HI,AWP,WE,Federal Contract Tower,86,5,10,0,101,0,153,4,0,157,86,158,14,0,258,50,0,50,308
01/30/2023,LIH,HI,AWP,WE,Federal Contract Tower,86,12,1,1,100,0,0,0,1,1,86,12,1,2,101,0,0,0,101
01/31/2023,LIH,HI,AWP,WE,Federal Contract Tower,85,13,2,6,106,0,235,0,0,235,85,248,2,6,341,36,0,36,377
02/01/2023,LIH,HI,AWP,WE,Federal Contract Tower,154,11,0,8,173,0,189,6,1,196,154,200,6,9,369,32,0,32,401
02/02/2023,LIH,HI,AWP,WE,Federal Contract Tower,88,11,0,1,100,0,208,14,0,222,88,219,14,1,322,36,0,36,358
02/03/2023,LIH,HI,AWP,WE,Federal Contract Tower,90,11,2,6,109,0,2,0,0,2,90,13,2,6,111,2,0,2,113
02/04/2023,LIH,HI,AWP,WE,Federal Contract Tower,83,1,7,0,91,0,0,2,0,2,83,1,9,0,93,0,0,0,93
02/05/2023,LIH,HI,AWP,WE,Federal Contract Tower,83,4,2,0,89,0,188,0,0,188,83,192,2,0,277,50,0,50,327
02/06/2023,LIH,HI,AWP,WE,Federal Contract Tower,85,11,2,4,102,0,203,13,1,217,85,214,15,5,319,40,0,40,359
02/07/2023,LIH,HI,AWP,WE,Federal Contract Tower,78,7,0,4,89,0,165,10,2,177,78,172,10,6,266,40,0,40,306
02/08/2023,LIH,HI,AWP,WE,Federal Contract Tower,84,11,5,4,104,0,161,5,3,169,84,172,10,7,273,33,0,33,306
02/09/2023,LIH,HI,AWP,WE,Federal Contract Tower,88,11,0,2,101,0,16,0,0,16,88,27,0,2,117,1,0,1,118
02/10/2023,LIH,HI,AWP,WE,Federal Contract Tower,86,10,0,1,97,0,33,0,0,33,86,43,0,1,130,8,0,8,138
02/11/2023,LIH,HI,AWP,WE,Federal Contract Tower,89,4,6,0,99,0,216,1,0,217,89,220,7,0,316,46,0,46,362
02/12/2023,LIH,HI,AWP,WE,Federal Contract Tower,84,7,1,0,92,0,135,2,0,137,84,142,3,0,229,24,0,24,253
02/13/2023,LIH,HI,AWP,WE,Federal Contract Tower,87,10,1,2,100,0,206,3,0,209,87,216,4,2,309,30,0,30,339
02/14/2023,LIH,HI,AWP,WE,Federal Contract Tower,84,12,13,2,111,0,204,2,0,206,84,216,15,2,317,38,0,38,355
02/15/2023,LIH,HI,AWP,WE,Federal Contract Tower,85,13,1,1,100,0,166,5,2,173,85,179,6,3,273,28,0,28,301
02/16/2023,LIH,HI,AWP,WE,Federal Contract Tower,90,17,1,9,117,0,292,13,1,306,90,309,14,10,423,26,0,26,449
02/17/2023,LIH,HI,AWP,WE,Federal Contract Tower,87,11,5,0,103,0,182,0,0,182,87,193,5,0,285,44,0,44,329
02/18/2023,LIH,HI,AWP,WE,Federal Contract Tower,88,2,7,1,98,0,7,2,0,9,88,9,9,1,107,8,0,8,115
02/19/2023,LIH,HI,AWP,WE,Federal Contract Tower,89,3,4,0,96,0,196,6,0,202,89,199,10,0,298,30,0,30,328
02/20/2023,LIH,HI,AWP,WE,Federal Contract Tower,91,5,2,0,98,0,60,27,0,87,91,65,29,0,185,34,0,34,219
02/21/2023,LIH,HI,AWP,WE,Federal Contract Tower,86,9,1,0,96,0,57,5,4,66,86,66,6,4,162,38,0,38,200
02/22/2023,LIH,HI,AWP,WE,Federal Contract Tower,88,12,2,6,108,0,134,14,0,148,88,146,16,6,256,36,0,36,292
02/23/2023,LIH,HI,AWP,WE,Federal Contract Tower,87,13,1,8,109,0,92,13,0,105,87,105,14,8,214,24,0,24,238
02/24/2023,LIH,HI,AWP,WE,Federal Contract Tower,90,12,3,0,105,0,244,0,6,250,90,256,3,6,355,48,0,48,403
02/25/2023,LIH,HI,AWP,WE,Federal Contract Tower,85,1,8,0,94,0,204,4,0,208,85,205,12,0,302,50,0,50,352
02/26/2023,LIH,HI,AWP,WE,Federal Contract Tower,82,3,5,3,93,0,213,0,5,218,82,216,5,8,311,66,0,66,377
02/27/2023,LIH,HI,AWP,WE,Federal Contract Tower,89,8,3,0,100,0,160,11,0,171,89,168,14,0,271,32,0,32,303
02/28/2023,LIH,HI,AWP,WE,Federal Contract Tower,87,10,1,6,104,0,142,8,8,158,87,152,9,14,262,51,8,59,321
03/01/2023,LIH,HI,AWP,WE,Federal Contract Tower,84,9,2,4,99,0,118,3,0,121,84,127,5,4,220,38,0,38,258
03/02/2023,LIH,HI,AWP,WE,Federal Contract Tower,84,13,2,2,101,0,190,7,2,199,84,203,9,4,300,34,0,34,334
03/03/2023,LIH,HI,AWP,WE,Federal Contract Tower,90,16,2,6,114,0,220,5,0,225,90,236,7,6,339,36,0,36,375
03/04/2023,LIH,HI,AWP,WE,Federal Contract Tower,87,0,10,10,107,0,206,3,0,209,87,206,13,10,316,58,0,58,374
03/05/2023,LIH,HI,AWP,WE,Federal Contract Tower,76,5,1,5,87,0,201,0,1,202,76,206,1,6,289,30,4,34,323
03/06/2023,LIH,HI,AWP,WE,Federal Contract Tower,96,7,2,16,121,0,259,7,7,273,96,266,9,23,394,46,0,46,440
03/07/2023,LIH,HI,AWP,WE,Federal Contract Tower,81,10,3,12,106,0,181,0,2,183,81,191,3,14,289,32,0,32,321
03/08/2023,LIH,HI,AWP,WE,Federal Contract Tower,84,11,2,0,97,0,15,0,3,18,84,26,2,3,115,2,0,2,117
03/09/2023,LIH,HI,AWP,WE,Federal Contract Tower,87,13,1,0,101,0,278,3,0,281,87,291,4,0,382,40,0,40,422
03/10/2023,LIH,HI,AWP,WE,Federal Contract Tower,90,8,0,0,98,0,217,3,2,222,90,225,3,2,320,40,0,40,360
03/11/2023,LIH,HI,AWP,WE,Federal Contract Tower,93,0,6,0,99,0,182,10,0,192,93,182,16,0,291,38,0,38,329
03/12/2023,LIH,HI,AWP,WE,Federal Contract Tower,87,0,2,0,89,0,124,2,0,126,87,124,4,0,215,48,0,48,263
03/13/2023,LIH,HI,AWP,WE,Federal Contract Tower,92,5,1,0,98,0,276,1,6,283,92,281,2,6,381,38,0,38,419
03/14/2023,LIH,HI,AWP,WE,Federal Contract Tower,85,10,11,0,106,0,12,1,0,13,85,22,12,0,119,20,0,20,139
03/15/2023,LIH,HI,AWP,WE,Federal Contract Tower,87,10,3,1,101,0,178,5,1,184,87,188,8,2,285,42,0,42,327
03/16/2023,LIH,HI,AWP,WE,Federal Contract Tower,92,14,2,2,110,0,306,0,2,308,92,320,2,4,418,32,0,32,450
03/17/2023,LIH,HI,AWP,WE,Federal Contract Tower,90,10,1,4,105,0,305,3,0,308,90,315,4,4,413,50,0,50,463
03/18/2023,LIH,HI,AWP,WE,Federal Contract Tower,91,2,6,0,99,0,253,8,0,261,91,255,14,0,360,38,0,38,398
03/19/2023,LIH,HI,AWP,WE,Federal Contract Tower,94,4,4,0,102,0,11,1,0,12,94,15,5,0,114,10,0,10,124
03/20/2023,LIH,HI,AWP,WE,Federal Contract Tower,92,13,2,14,121,0,233,8,0,241,92,246,10,14,362,66,2,68,430
03/21/2023,LIH,HI,AWP,WE,Federal Contract Tower,83,13,5,4,105,0,230,7,0,237,83,243,12,4,342,42,0,42,384
03/22/2023,LIH,HI,AWP,WE,Federal Contract Tower,87,15,1,4,107,0,187,17,5,209,87,202,18,9,316,28,0,28,344
03/23/2023,LIH,HI,AWP,WE,Federal Contract Tower,90,20,4,3,117,0,17,2,2,21,90,37,6,5,138,10,0,10,148
03/24/2023,LIH,HI,AWP,WE,Federal Contract Tower,94,15,16,0,125,0,265,11,0,276,94,280,27,0,401,20,0,20,421
03/25/2023,LIH,HI,AWP,WE,Federal Contract Tower,96,3,20,0,119,0,222,11,0,233,96,225,31,0,352,30,0,30,382
03/26/2023,LIH,HI,AWP,WE,Federal Contract Tower,95,8,10,1,114,0,185,9,0,194,95,193,19,1,308,52,0,52,360
03/27/2023,LIH,HI,AWP,WE,Federal Contract Tower,96,10,1,0,107,0,213,14,0,227,96,223,15,0,334,90,0,90,424
03/28/2023,LIH,HI,AWP,WE,Federal Contract Tower,87,17,10,2,116,0,200,4,12,216,87,217,14,14,332,66,10,76,408
03/29/2023,LIH,HI,AWP,WE,Federal Contract Tower,97,10,8,3,118,0,2,0,0,2,97,12,8,3,120,8,0,8,128
03/30/2023,LIH,HI,AWP,WE,Federal Contract Tower,90,10,3,4,107,0,259,5,4,268,90,269,8,8,375,40,0,40,415
03/31/2023,LIH,HI,AWP,WE,Federal Contract Tower,94,13,8,0,115,0,123,1,0,124,94,136,9,0,239,40,0,40,279
04/01/2023,LIH,HI,AWP,WE,Federal Contract Tower,91,7,4,0,102,0,10,0,0,10,91,17,4,0,112,24,0,24,136
04/02/2023,LIH,HI,AWP,WE,Federal Contract Tower,97,4,7,5,113,0,196,0,0,196,97,200,7,5,309,38,0,38,347
04/03/2023,LIH,HI,AWP,WE,Federal Contract Tower,96,24,2,2,124,0,246,15,4,265,96,270,17,6,389,20,0,20,409
04/04/2023,LIH,HI,AWP,WE,Federal Contract Tower,88,13,17,4,122,0,165,1,0,166,88,178,18,4,288,47,0,47,335
04/05/2023,LIH,HI,AWP,WE,Federal Contract Tower,92,12,5,10,119,0,263,14,2,279,92,275,19,12,398,16,0,16,414
04/06/2023,LIH,HI,AWP,WE,Federal Contract Tower,97,12,6,5,120,0,229,7,1,237,97,241,13,6,357,28,0,28,385
04/07/2023,LIH,HI,AWP,WE,Federal Contract Tower,99,10,3,6,118,0,231,2,0,233,99,241,5,6,351,46,0,46,397
04/08/2023,LIH,HI,AWP,WE,Federal Contract Tower,91,5,7,0,103,0,218,12,0,230,91,223,19,0,333,30,0,30,363
04/10/2023,LIH,HI,AWP,WE,Federal Contract Tower,95,9,1,0,105,0,237,10,1,248,95,246,11,1,353,28,0,28,381
04/11/2023,LIH,HI,AWP,WE,Federal Contract Tower,87,12,8,12,119,0,202,4,4,210,87,214,12,16,329,57,0,57,386
04/12/2023,LIH,HI,AWP,WE,Federal Contract Tower,91,9,10,3,113,0,199,16,1,216,91,208,26,4,329,66,0,66,395
04/13/2023,LIH,HI,AWP,WE,Federal Contract Tower,95,17,7,0,119,0,254,8,0,262,95,271,15,0,381,48,0,48,429
04/14/2023,LIH,HI,AWP,WE,Federal Contract Tower,98,9,7,4,118,0,216,0,0,216,98,225,7,4,334,80,0,80,414
04/15/2023,LIH,HI,AWP,WE,Federal Contract Tower,86,4,8,0,98,0,195,9,0,204,86,199,17,0,302,32,0,32,334
04/16/2023,LIH,HI,AWP,WE,Federal Contract Tower,95,5,4,0,104,0,193,5,0,198,95,198,9,0,302,30,0,30,332
04/17/2023,LIH,HI,AWP,WE,Federal Contract Tower,99,11,1,1,112,0,196,8,0,204,99,207,9,1,316,30,0,30,346
04/18/2023,LIH,HI,AWP,WE,Federal Contract Tower,72,12,0,0,84,2,6,3,0,11,74,18,3,0,95,4,0,4,99
04/19/2023,LIH,HI,AWP,WE,Federal Contract Tower,82,7,3,10,102,0,221,9,3,233,82,228,12,13,335,32,4,36,371
04/20/2023,LIH,HI,AWP,WE,Federal Contract Tower,96,9,7,4,116,0,259,8,5,272,96,268,15,9,388,28,0,28,416
04/21/2023,LIH,HI,AWP,WE,Federal Contract Tower,96,2,1,4,103,0,299,5,0,304,96,301,6,4,407,46,0,46,453
04/22/2023,LIH,HI,AWP,WE,Federal Contract Tower,93,3,5,0,101,0,216,11,0,227,93,219,16,0,328,42,0,42,370
04/23/2023,LIH,HI,AWP,WE,Federal Contract Tower,86,0,9,6,101,0,133,0,0,133,86,133,9,6,234,42,0,42,276
04/24/2023,LIH,HI,AWP,WE,Federal Contract Tower,98,13,0,5,116,0,37,0,3,40,98,50,0,8,156,26,0,26,182
04/25/2023,LIH,HI,AWP,WE,Federal Contract Tower,80,17,7,17,121,0,220,0,7,227,80,237,7,24,348,64,0,64,412
04/26/2023,LIH,HI,AWP,WE,Federal Contract Tower,100,12,3,2,117,0,226,13,4,243,100,238,16,6,360,30,0,30,390
04/27/2023,LIH,HI,AWP,WE,Federal Contract Tower,93,14,2,7,116,0,282,7,0,289,93,296,9,7,405,28,9,37,442
04/28/2023,LIH,HI,AWP,WE,Federal Contract Tower,93,8,1,8,110,0,54,2,0,56,93,62,3,8,166,24,0,24,190
04/29/2023,LIH,HI,AWP,WE,Federal Contract Tower,93,1,11,0,105,0,241,9,0,250,93,242,20,0,355,28,0,28,383
04/30/2023,LIH,HI,AWP,WE,Federal Contract Tower,87,4,3,8,102,0,221,2,0,223,87,225,5,8,325,38,0,38,363
05/01/2023,LIH,HI,AWP,WE,Federal Contract Tower,96,14,4,8,122,0,182,6,0,188,96,196,10,8,310,32,4,36,346
05/02/2023,LIH,HI,AWP,WE,Federal Contract Tower,86,12,2,3,103,0,146,0,0,146,86,158,2,3,249,22,0,22,271
05/03/2023,LIH,HI,AWP,WE,Federal Contract Tower,90,10,5,0,105,0,214,10,2,226,90,224,15,2,331,26,0,26,357
05/04/2023,LIH,HI,AWP,WE,Federal Contract Tower,96,15,5,1,117,0,277,4,0,281,96,292,9,1,398,44,0,44,442
05/05/2023,LIH,HI,AWP,WE,Federal Contract Tower,97,8,0,1,106,0,247,9,1,257,97,255,9,2,363,58,0,58,421
05/06/2023,LIH,HI,AWP,WE,Federal Contract Tower,90,0,5,0,95,0,228,2,0,230,90,228,7,0,325,24,0,24,349
05/07/2023,LIH,HI,AWP,WE,Federal Contract Tower,94,2,1,2,99,0,167,4,1,172,94,169,5,3,271,28,0,28,299
05/08/2023,LIH,HI,AWP,WE,Federal Contract Tower,93,11,1,8,113,0,218,4,4,226,93,229,5,12,339,28,0,28,367
05/09/2023,LIH,HI,AWP,WE,Federal Contract Tower,85,16,5,6,112,0,168,11,0,179,85,184,16,6,291,36,0,36,327
05/10/2023,LIH,HI,AWP,WE,Federal Contract Tower,91,12,1,5,109,0,233,7,0,240,91,245,8,5,349,52,0,52,401
05/11/2023,LIH,HI,AWP,WE,Federal Contract Tower,94,11,0,2,107,0,236,14,1,251,94,247,14,3,358,22,0,22,380
05/12/2023,LIH,HI,AWP,WE,Federal Contract Tower,83,10,1,2,96,0,237,4,0,241,83,247,5,2,337,28,0,28,365
05/13/2023,LIH,HI,AWP,WE,Federal Contract Tower,91,4,4,0,99,0,205,4,0,209,91,209,8,0,308,58,0,58,366
05/14/2023,LIH,HI,AWP,WE,Federal Contract Tower,80,5,1,0,86,0,181,3,0,184,80,186,4,0,270,98,0,98,368
05/15/2023,LIH,HI,AWP,WE,Federal Contract Tower,94,11,2,0,107,0,209,17,0,226,94,220,19,0,333,42,0,42,375
05/16/2023,LIH,HI,AWP,WE,Federal Contract Tower,82,12,2,2,98,0,229,16,1,246,82,241,18,3,344,36,0,36,380
05/17/2023,LIH,HI,AWP,WE,Federal Contract Tower,84,13,2,2,101,0,223,21,0,244,84,236,23,2,345,38,0,38,383
05/18/2023,LIH,HI,AWP,WE,Federal Contract Tower,93,14,3,0,110,0,48,10,0,58,93,62,13,0,168,22,0,22,190
05/19/2023,LIH,HI,AWP,WE,Federal Contract Tower,92,12,0,0,104,0,103,3,0,106,92,115,3,0,210,29,0,29,239
05/20/2023,LIH,HI,AWP,WE,Federal Contract Tower,94,10,1,0,105,0,256,0,0,256,94,266,1,0,361,24,0,24,385
05/21/2023,LIH,HI,AWP,WE,Federal Contract Tower,92,0,1,0,93,0,191,1,0,192,92,191,2,0,285,30,0,30,315
05/22/2023,LIH,HI,AWP,WE,Federal Contract Tower,96,7,0,3,106,0,202,15,1,218,96,209,15,4,324,26,0,26,350
05/23/2023,LIH,HI,AWP,WE,Federal Contract Tower,90,11,4,10,115,0,218,6,0,224,90,229,10,10,339,52,4,56,395
05/24/2023,LIH,HI,AWP,WE,Federal Contract Tower,78,9,3,2,92,0,199,13,4,216,78,208,16,6,308,52,0,52,360
05/25/2023,LIH,HI,AWP,WE,Federal Contract Tower,98,14,4,1,117,0,247,12,1,260,98,261,16,2,377,36,0,36,413
05/26/2023,LIH,HI,AWP,WE,Federal Contract Tower,103,8,1,2,114,0,282,6,0,288,103,290,7,2,402,46,0,46,448
05/27/2023,LIH,HI,AWP,WE,Federal Contract Tower,94,2,3,0,99,0,219,7,0,226,94,221,10,0,325,45,0,45,370
05/28/2023,LIH,HI,AWP,WE,Federal Contract Tower,90,0,2,0,92,0,171,1,0,172,90,171,3,0,264,62,0,62,326
05/29/2023,LIH,HI,AWP,WE,Federal Contract Tower,97,7,3,1,108,0,210,14,0,224,97,217,17,1,332,48,12,60,392
05/30/2023,LIH,HI,AWP,WE,Federal Contract Tower,89,14,0,2,105,0,202,4,0,206,89,216,4,2,311,30,0,30,341
05/31/2023,LIH,HI,AWP,WE,Federal Contract Tower,86,10,1,8,105,0,213,13,4,230,86,223,14,12,335,42,0,42,377
06/01/2023,LIH,HI,AWP,WE,Federal Contract Tower,96,13,8,5,122,0,214,14,0,228,96,227,22,5,350,46,0,46,396
06/02/2023,LIH,HI,AWP,WE,Federal Contract Tower,105,18,3,2,128,0,291,9,0,300,105,309,12,2,428,78,0,78,506
06/03/2023,LIH,HI,AWP,WE,Federal Contract Tower,94,6,1,0,101,0,208,8,0,216,94,214,9,0,317,31,0,31,348
06/05/2023,LIH,HI,AWP,WE,Federal Contract Tower,95,9,2,0,106,0,198,9,0,207,95,207,11,0,313,114,0,114,427
06/06/2023,LIH,HI,AWP,WE,Federal Contract Tower,93,16,0,9,118,0,233,15,0,248,93,249,15,9,366,78,0,78,444
06/07/2023,LIH,HI,AWP,WE,Federal Contract Tower,97,16,2,15,130,0,215,14,0,229,97,231,16,15,359,82,2,84,443
06/08/2023,LIH,HI,AWP,WE,Federal Contract Tower,101,13,3,4,121,0,237,10,5,252,101,250,13,9,373,90,0,90,463
06/09/2023,LIH,HI,AWP,WE,Federal Contract Tower,103,9,0,0,112,0,255,9,2,266,103,264,9,2,378,76,0,76,454
06/10/2023,LIH,HI,AWP,WE,Federal Contract Tower,103,3,0,0,106,0,198,11,0,209,103,201,11,0,315,34,0,34,349
06/11/2023,LIH,HI,AWP,WE,Federal Contract Tower,89,3,1,0,93,0,158,6,0,164,89,161,7,0,257,28,0,28,285
06/12/2023,LIH,HI,AWP,WE,Federal Contract Tower,98,12,2,2,114,0,209,3,0,212,98,221,5,2,326,36,0,36,362
06/13/2023,LIH,HI,AWP,WE,Federal Contract Tower,95,12,4,9,120,0,126,2,1,129,95,138,6,10,249,38,0,38,287
06/14/2023,LIH,HI,AWP,WE,Federal Contract Tower,95,9,2,1,107,0,273,3,2,278,95,282,5,3,385,20,0,20,405
06/15/2023,LIH,HI,AWP,WE,Federal Contract Tower,96,14,1,4,115,0,251,0,2,253,96,265,1,6,368,47,0,47,415
06/16/2023,LIH,HI,AWP,WE,Federal Contract Tower,103,5,1,0,109,0,202,0,10,212,103,207,1,10,321,66,0,66,387
06/17/2023,LIH,HI,AWP,WE,Federal Contract Tower,100,3,11,2,116,0,242,5,0,247,100,245,16,2,363,42,0,42,405
06/18/2023,LIH,HI,AWP,WE,Federal Contract Tower,89,2,1,0,92,0,211,5,1,217,89,213,6,1,309,38,0,38,347
06/19/2023,LIH,HI,AWP,WE,Federal Contract Tower,90,9,1,1,101,0,241,5,0,246,90,250,6,1,347,40,0,40,387
06/20/2023,LIH,HI,AWP,WE,Federal Contract Tower,94,15,6,2,117,0,261,3,0,264,94,276,9,2,381,40,0,40,421
06/21/2023,LIH,HI,AWP,WE,Federal Contract Tower,99,11,11,0,121,0,244,7,0,251,99,255,18,0,372,80,0,80,452
06/22/2023,LIH,HI,AWP,WE,Federal Contract Tower,95,13,2,5,115,0,226,10,3,239,95,239,12,8,354,38,0,38,392
06/23/2023,LIH,HI,AWP,WE,Federal Contract Tower,105,11,5,9,130,0,228,1,1,230,105,239,6,10,360,52,0,52,412
06/24/2023,LIH,HI,AWP,WE,Federal Contract Tower,92,6,1,0,99,0,213,2,3,218,92,219,3,3,317,60,2,62,379
06/25/2023,LIH,HI,AWP,WE,Federal Contract Tower,93,2,2,2,99,0,159,6,0,165,93,161,8,2,264,38,0,38,302
06/26/2023,LIH,HI,AWP,WE,Federal Contract Tower,99,7,0,5,111,0,204,4,1,209,99,211,4,6,320,36,0,36,356
06/27/2023,LIH,HI,AWP,WE,Federal Contract Tower,89,15,4,11,119,0,242,18,1,261,89,257,22,12,380,48,0,48,428
06/28/2023,LIH,HI,AWP,WE,Federal Contract Tower,96,7,3,0,106,0,184,18,0,202,96,191,21,0,308,38,0,38,346
06/29/2023,LIH,HI,AWP,WE,Federal Contract Tower,97,17,3,0,117,0,245,8,0,253,97,262,11,0,370,67,0,67,437
06/30/2023,LIH,HI,AWP,WE,Federal Contract Tower,101,14,3,0,118,0,262,18,2,282,101,276,21,2,400,53,0,53,453
07/01/2023,LIH,HI,AWP,WE,Federal Contract Tower,97,5,5,1,108,0,201,4,0,205,97,206,9,1,313,50,4,54,367
07/03/2023,LIH,HI,AWP,WE,Federal Contract Tower,94,10,2,0,106,0,219,16,0,235,94,229,18,0,341,62,0,62,403
07/04/2023,LIH,HI,AWP,WE,Federal Contract Tower,90,6,1,0,97,0,208,22,1,231,90,214,23,1,328,86,0,86,414
07/05/2023,LIH,HI,AWP,WE,Federal Contract Tower,91,8,0,2,101,0,221,22,0,243,91,229,22,2,344,46,0,46,390
07/06/2023,LIH,HI,AWP,WE,Federal Contract Tower,95,15,6,2,118,0,223,12,0,235,95,238,18,2,353,60,0,60,413
07/07/2023,LIH,HI,AWP,WE,Federal Contract Tower,100,8,1,0,109,0,275,4,1,280,100,283,5,1,389,43,0,43,432
07/08/2023,LIH,HI,AWP,WE,Federal Contract Tower,93,6,4,0,103,0,195,2,0,197,93,201,6,0,300,38,0,38,338
07/09/2023,LIH,HI,AWP,WE,Federal Contract Tower,92,2,5,0,99,0,156,6,0,162,92,158,11,0,261,38,0,38,299
07/10/2023,LIH,HI,AWP,WE,Federal Contract Tower,98,15,3,1,117,0,185,16,2,203,98,200,19,3,320,25,0,25,345
07/11/2023,LIH,HI,AWP,WE,Federal Contract Tower,89,11,2,3,105,0,114,9,4,127,89,125,11,7,232,66,0,66,298
07/12/2023,LIH,HI,AWP,WE,Federal Contract Tower,96,8,5,6,115,0,215,17,0,232,96,223,22,6,347,88,0,88,435
07/13/2023,LIH,HI,AWP,WE,Federal Contract Tower,96,10,2,2,110,0,235,14,0,249,96,245,16,2,359,68,0,68,427
07/14/2023,LIH,HI,AWP,WE,Federal Contract Tower,102,9,7,2,120,0,320,10,0,330,102,329,17,2,450,44,0,44,494
07/15/2023,LIH,HI,AWP,WE,Federal Contract Tower,99,2,4,3,108,0,244,10,0,254,99,246,14,3,362,50,0,50,412
07/16/2023,LIH,HI,AWP,WE,Federal Contract Tower,93,3,3,0,99,0,163,3,2,168,93,166,6,2,267,38,0,38,305
07/17/2023,LIH,HI,AWP,WE,Federal Contract Tower,101,10,2,2,115,0,224,13,3,240,101,234,15,5,355,46,0,46,401
07/18/2023,LIH,HI,AWP,WE,Federal Contract Tower,97,6,3,4,110,0,159,6,0,165,97,165,9,4,275,36,0,36,311
07/19/2023,LIH,HI,AWP,WE,Federal Contract Tower,97,11,2,0,110,0,89,0,0,89,97,100,2,0,199,10,0,10,209
07/20/2023,LIH,HI,AWP,WE,Federal Contract Tower,97,12,2,8,119,0,263,18,0,281,97,275,20,8,400,36,0,36,436
07/21/2023,LIH,HI,AWP,WE,Federal Contract Tower,102,10,4,0,116,0,226,0,0,226,102,236,4,0,342,46,0,46,388
07/22/2023,LIH,HI,AWP,WE,Federal Contract Tower,93,2,3,2,100,0,183,2,0,185,93,185,5,2,285,58,0,58,343
07/23/2023,LIH,HI,AWP,WE,Federal Contract Tower,93,3,4,0,100,0,126,1,0,127,93,129,5,0,227,36,0,36,263
07/24/2023,LIH,HI,AWP,WE,Federal Contract Tower,102,13,0,0,115,0,193,14,0,207,102,206,14,0,322,32,0,32,354
07/25/2023,LIH,HI,AWP,WE,Federal Contract Tower,93,12,2,10,117,0,226,5,0,231,93,238,7,10,348,38,0,38,386
07/26/2023,LIH,HI,AWP,WE,Federal Contract Tower,96,13,0,8,117,0,245,12,0,257,96,258,12,8,374,66,0,66,440
07/27/2023,LIH,HI,AWP,WE,Federal Contract Tower,95,10,2,0,107,0,274,6,0,280,95,284,8,0,387,36,0,36,423
07/28/2023,LIH,HI,AWP,WE,Federal Contract Tower,97,10,5,0,112,0,258,1,0,259,97,268,6,0,371,46,0,46,417
07/29/2023,LIH,HI,AWP,WE,Federal Contract Tower,93,1,1,2,97,0,150,5,0,155,93,151,6,2,252,48,0,48,300
07/30/2023,LIH,HI,AWP,WE,Federal Contract Tower,92,0,0,0,92,0,162,7,4,173,92,162,7,4,265,62,0,62,327
07/31/2023,LIH,HI,AWP,WE,Federal Contract Tower,98,16,1,8,123,0,246,12,0,258,98,262,13,8,381,48,0,48,429
08/01/2023,LIH,HI,AWP,WE,Federal Contract Tower,94,8,7,4,113,0,262,2,0,264,94,270,9,4,377,56,0,56,433
08/02/2023,LIH,HI,AWP,WE,Federal Contract Tower,96,6,1,6,109,0,203,10,0,213,96,209,11,6,322,26,0,26,348
08/03/2023,LIH,HI,AWP,WE,Federal Contract Tower,98,13,2,4,117,0,249,19,4,272,98,262,21,8,389,40,0,40,429
08/04/2023,LIH,HI,AWP,WE,Federal Contract Tower,98,10,2,1,111,0,238,0,3,241,98,248,2,4,352,42,0,42,394
08/05/2023,LIH,HI,AWP,WE,Federal Contract Tower,101,1,4,1,107,0,212,9,2,223,101,213,13,3,330,34,0,34,364
08/06/2023,LIH,HI,AWP,WE,Federal Contract Tower,95,10,2,2,109,0,144,3,0,147,95,154,5,2,256,42,0,42,298
08/07/2023,LIH,HI,AWP,WE,Federal Contract Tower,99,10,2,6,117,0,226,14,0,240,99,236,16,6,357,34,0,34,391
08/08/2023,LIH,HI,AWP,WE,Federal Contract Tower,94,9,1,4,108,0,70,1,0,71,94,79,2,4,179,40,0,40,219
08/09/2023,LIH,HI,AWP,WE,Federal Contract Tower,109,13,2,2,126,0,166,4,0,170,109,179,6,2,296,32,0,32,328
08/10/2023,LIH,HI,AWP,WE,Federal Contract Tower,97,8,3,0,108,0,305,12,0,317,97,313,15,0,425,42,0,42,467
08/11/2023,LIH,HI,AWP,WE,Federal Contract Tower,100,11,7,0,118,0,254,6,0,260,100,265,13,0,378,36,0,36,414
08/12/2023,LIH,HI,AWP,WE,Federal Contract Tower,97,3,3,0,103,0,274,11,0,285,97,277,14,0,388,46,0,46,434
08/13/2023,LIH,HI,AWP,WE,Federal Contract Tower,92,3,8,0,103,0,187,9,0,196,92,190,17,0,299,46,0,46,345
08/14/2023,LIH,HI,AWP,WE,Federal Contract Tower,98,8,1,0,107,0,248,22,0,270,98,256,23,0,377,46,0,46,423
08/15/2023,LIH,HI,AWP,WE,Federal Contract Tower,94,8,0,22,124,0,262,8,0,270,94,270,8,22,394,48,0,48,442
08/16/2023,LIH,HI,AWP,WE,Federal Contract Tower,93,15,1,4,113,0,218,17,4,239,93,233,18,8,352,16,0,16,368
08/17/2023,LIH,HI,AWP,WE,Federal Contract Tower,96,8,8,2,114,0,318,11,7,336,96,326,19,9,450,34,0,34,484
08/18/2023,LIH,HI,AWP,WE,Federal Contract Tower,99,10,4,2,115,0,312,9,0,321,99,322,13,2,436,34,0,34,470
08/19/2023,LIH,HI,AWP,WE,Federal Contract Tower,98,5,2,0,105,0,238,5,0,243,98,243,7,0,348,40,0,40,388
08/20/2023,LIH,HI,AWP,WE,Federal Contract Tower,88,3,4,0,95,0,183,13,0,196,88,186,17,0,291,58,0,58,349
08/21/2023,LIH,HI,AWP,WE,Federal Contract Tower,96,14,3,1,114,0,246,20,2,268,96,260,23,3,382,50,0,50,432
08/22/2023,LIH,HI,AWP,WE,Federal Contract Tower,99,9,7,6,121,0,199,20,2,221,99,208,27,8,342,52,0,52,394
08/23/2023,LIH,HI,AWP,WE,Federal Contract Tower,85,13,3,4,105,0,224,42,0,266,85,237,45,4,371,28,0,28,399
08/24/2023,LIH,HI,AWP,WE,Federal Contract Tower,96,6,5,6,113,0,257,9,0,266,96,263,14,6,379,29,0,29,408
08/25/2023,LIH,HI,AWP,WE,Federal Contract Tower,98,13,0,0,111,0,227,2,0,229,98,240,2,0,340,42,0,42,382
08/26/2023,LIH,HI,AWP,WE,Federal Contract Tower,99,5,10,0,114,0,205,10,2,217,99,210,20,2,331,48,0,48,379
08/27/2023,LIH,HI,AWP,WE,Federal Contract Tower,89,2,3,1,95,0,189,8,0,197,89,191,11,1,292,32,2,34,326
08/28/2023,LIH,HI,AWP,WE,Federal Contract Tower,97,9,2,7,115,0,232,17,3,252,97,241,19,10,367,50,0,50,417
08/29/2023,LIH,HI,AWP,WE,Federal Contract Tower,90,12,5,0,107,0,202,11,1,214,90,214,16,1,321,38,0,38,359
08/30/2023,LIH,HI,AWP,WE,Federal Contract Tower,94,11,1,8,114,0,192,13,3,208,94,203,14,11,322,46,0,46,368
08/31/2023,LIH,HI,AWP,WE,Federal Contract Tower,93,19,2,5,119,0,235,13,0,248,93,254,15,5,367,16,0,16,383
