01/01/2000,LIT,AR,ASW,CE,Towers with Radar,65,18,35,5,123,0,0,59,0,59,65,18,94,5,182,28,6,34,216
01/02/2000,LIT,AR,ASW,CE,Towers with Radar,88,21,83,7,199,0,0,29,3,32,88,21,112,10,231,16,8,24,255
01/03/2000,LIT,AR,ASW,CE,Towers with Radar,93,58,52,2,205,0,2,22,0,24,93,60,74,2,229,6,4,10,239
01/04/2000,LIT,AR,ASW,CE,Towers with Radar,103,105,131,24,363,0,6,78,0,84,103,111,209,24,447,72,30,102,549
01/05/2000,LIT,AR,ASW,CE,Towers with Radar,95,82,137,8,322,0,0,147,2,149,95,82,284,10,471,30,34,64,535
01/06/2000,LIT,AR,ASW,CE,Towers with Radar,110,77,127,77,391,0,0,142,6,148,110,77,269,83,539,37,228,265,804
01/07/2000,LIT,AR,ASW,CE,Towers with Radar,104,77,140,28,349,0,0,142,2,144,104,77,282,30,493,34,36,70,563
01/08/2000,LIT,AR,ASW,CE,Towers with Radar,93,35,67,0,195,0,0,7,0,7,93,35,74,0,202,10,0,10,212
01/09/2000,LIT,AR,ASW,CE,Towers with Radar,87,37,78,5,207,0,0,53,1,54,87,37,131,6,261,10,2,12,273
01/10/2000,LIT,AR,ASW,CE,Towers with Radar,107,46,118,29,300,0,1,105,0,106,107,47,223,29,406,16,56,72,478
01/11/2000,LIT,AR,ASW,CE,Towers with Radar,94,80,128,48,350,0,0,128,4,132,94,80,256,52,482,54,132,186,668
01/12/2000,LIT,AR,ASW,CE,Towers with Radar,102,82,200,23,407,0,0,54,3,57,102,82,254,26,464,22,48,70,534
01/13/2000,LIT,AR,ASW,CE,Towers with Radar,101,92,126,45,364,0,1,128,4,133,101,93,254,49,497,40,122,162,659
01/14/2000,LIT,AR,ASW,CE,Towers with Radar,100,99,136,46,381,0,0,153,2,155,100,99,289,48,536,36,108,144,680
01/15/2000,LIT,AR,ASW,CE,Towers with Radar,100,36,84,4,224,0,0,107,0,107,100,36,191,4,331,36,2,38,369
01/16/2000,LIT,AR,ASW,CE,Towers with Radar,91,21,81,0,193,0,0,49,0,49,91,21,130,0,242,38,0,38,280
01/17/2000,LIT,AR,ASW,CE,Towers with Radar,104,43,72,3,222,0,0,28,0,28,104,43,100,3,250,20,0,20,270
01/18/2000,LIT,AR,ASW,CE,Towers with Radar,104,74,178,24,380,0,18,16,0,34,104,92,194,24,414,16,42,58,472
01/19/2000,LIT,AR,ASW,CE,Towers with Radar,94,92,210,20,416,0,0,17,0,17,94,92,227,20,433,26,38,64,497
01/20/2000,LIT,AR,ASW,CE,Towers with Radar,105,91,152,34,382,0,9,41,3,53,105,100,193,37,435,22,136,158,593
01/21/2000,LIT,AR,ASW,CE,Towers with Radar,103,97,152,32,384,0,6,111,12,129,103,103,263,44,513,18,122,140,653
01/22/2000,LIT,AR,ASW,CE,Towers with Radar,77,51,88,17,233,23,9,7,5,44,100,60,95,22,277,14,16,30,307
01/23/2000,LIT,AR,ASW,CE,Towers with Radar,90,38,78,8,214,0,2,30,2,34,90,40,108,10,248,36,62,98,346
01/24/2000,LIT,AR,ASW,CE,Towers with Radar,100,71,115,55,341,0,5,95,4,104,100,76,210,59,445,56,104,160,605
01/25/2000,LIT,AR,ASW,CE,Towers with Radar,95,104,144,20,363,0,6,118,5,129,95,110,262,25,492,77,52,129,621
01/26/2000,LIT,AR,ASW,CE,Towers with Radar,97,75,158,60,390,0,2,80,6,88,97,77,238,66,478,42,160,202,680
01/27/2000,LIT,AR,ASW,CE,Towers with Radar,51,47,48,7,153,0,2,7,1,10,51,49,55,8,163,0,28,28,191
01/28/2000,LIT,AR,ASW,CE,Towers with Radar,70,50,31,0,151,0,0,5,0,5,70,50,36,0,156,0,0,0,156
01/29/2000,LIT,AR,ASW,CE,Towers with Radar,80,30,33,0,143,0,0,7,0,7,80,30,40,0,150,0,0,0,150
01/30/2000,LIT,AR,ASW,CE,Towers with Radar,82,38,42,0,162,0,2,30,0,32,82,40,72,0,194,2,0,2,196
01/31/2000,LIT,AR,ASW,CE,Towers with Radar,97,76,95,19,287,0,2,70,5,77,97,78,165,24,364,6,96,102,466
02/01/2000,LIT,AR,ASW,CE,Towers with Radar,98,84,149,50,381,1,4,80,4,89,99,88,229,54,470,24,134,158,628
02/02/2000,LIT,AR,ASW,CE,Towers with Radar,98,84,150,30,362,0,1,105,1,107,98,85,255,31,469,62,78,140,609
02/03/2000,LIT,AR,ASW,CE,Towers with Radar,94,69,144,26,333,0,0,132,19,151,94,69,276,45,484,22,126,148,632
02/04/2000,LIT,AR,ASW,CE,Towers with Radar,107,79,176,34,396,0,0,97,3,100,107,79,273,37,496,30,42,72,568
02/05/2000,LIT,AR,ASW,CE,Towers with Radar,102,34,98,4,238,0,3,137,0,140,102,37,235,4,378,70,0,70,448
02/06/2000,LIT,AR,ASW,CE,Towers with Radar,93,25,67,1,186,0,2,87,0,89,93,27,154,1,275,30,0,30,305
02/07/2000,LIT,AR,ASW,CE,Towers with Radar,97,64,110,29,300,0,0,101,0,101,97,64,211,29,401,26,58,84,485
02/08/2000,LIT,AR,ASW,CE,Towers with Radar,99,118,151,28,396,0,15,124,6,145,99,133,275,34,541,62,120,182,723
02/09/2000,LIT,AR,ASW,CE,Towers with Radar,96,102,164,13,375,0,16,111,0,127,96,118,275,13,502,40,16,56,558
02/10/2000,LIT,AR,ASW,CE,Towers with Radar,102,70,178,6,356,0,0,40,0,40,102,70,218,6,396,6,28,34,430
02/11/2000,LIT,AR,ASW,CE,Towers with Radar,97,92,205,36,430,0,0,3,44,47,97,92,208,80,477,38,92,130,607
02/12/2000,LIT,AR,ASW,CE,Towers with Radar,62,39,84,1,186,27,0,15,0,42,89,39,99,1,228,10,0,10,238
02/13/2000,LIT,AR,ASW,CE,Towers with Radar,48,34,63,11,156,39,3,0,1,43,87,37,63,12,199,2,0,2,201
02/14/2000,LIT,AR,ASW,CE,Towers with Radar,103,61,143,25,332,0,0,97,19,116,103,61,240,44,448,35,61,96,544
02/15/2000,LIT,AR,ASW,CE,Towers with Radar,93,86,164,28,371,0,25,136,25,186,93,111,300,53,557,26,148,174,731
02/16/2000,LIT,AR,ASW,CE,Towers with Radar,93,83,158,20,354,0,6,146,0,152,93,89,304,20,506,6,28,34,540
02/17/2000,LIT,AR,ASW,CE,Towers with Radar,119,84,146,28,377,2,10,0,21,33,121,94,146,49,410,56,88,144,554
02/18/2000,LIT,AR,ASW,CE,Towers with Radar,85,67,128,22,302,0,3,4,8,15,85,70,132,30,317,4,34,38,355
02/19/2000,LIT,AR,ASW,CE,Towers with Radar,70,48,93,3,214,21,2,76,0,99,91,50,169,3,313,44,0,44,357
02/20/2000,LIT,AR,ASW,CE,Towers with Radar,49,34,66,2,151,32,4,98,0,134,81,38,164,2,285,24,0,24,309
02/21/2000,LIT,AR,ASW,CE,Towers with Radar,70,47,94,12,223,31,0,155,0,186,101,47,249,12,409,56,0,56,465
02/22/2000,LIT,AR,ASW,CE,Towers with Radar,98,81,156,26,361,0,5,122,0,127,98,86,278,26,488,68,34,102,590
02/23/2000,LIT,AR,ASW,CE,Towers with Radar,101,79,161,16,357,0,0,45,0,45,101,79,206,16,402,26,32,58,460
02/24/2000,LIT,AR,ASW,CE,Towers with Radar,102,95,182,18,397,0,8,67,0,75,102,103,249,18,472,64,62,126,598
02/25/2000,LIT,AR,ASW,CE,Towers with Radar,99,76,146,21,342,0,34,33,0,67,99,110,179,21,409,42,8,50,459
02/26/2000,LIT,AR,ASW,CE,Towers with Radar,44,29,54,5,132,44,7,0,0,51,88,36,54,5,183,22,0,22,205
02/27/2000,LIT,AR,ASW,CE,Towers with Radar,57,32,77,12,178,30,0,131,0,161,87,32,208,12,339,28,8,36,375
02/28/2000,LIT,AR,ASW,CE,Towers with Radar,96,53,131,23,303,9,0,172,24,205,105,53,303,47,508,100,28,128,636
02/29/2000,LIT,AR,ASW,CE,Towers with Radar,91,87,170,23,371,0,0,95,0,95,91,87,265,23,466,22,44,66,532
03/01/2000,LIT,AR,ASW,CE,Towers with Radar,95,71,158,28,352,0,1,139,1,141,95,72,297,29,493,14,24,38,531
03/02/2000,LIT,AR,ASW,CE,Towers with Radar,91,79,160,51,381,0,1,71,1,73,91,80,231,52,454,28,24,52,506
03/03/2000,LIT,AR,ASW,CE,Towers with Radar,97,87,139,51,374,0,1,13,2,16,97,88,152,53,390,4,34,38,428
03/04/2000,LIT,AR,ASW,CE,Towers with Radar,89,37,111,4,241,0,1,96,0,97,89,38,207,4,338,40,0,40,378
03/05/2000,LIT,AR,ASW,CE,Towers with Radar,57,26,77,0,160,29,0,108,0,137,86,26,185,0,297,24,8,32,329
03/06/2000,LIT,AR,ASW,CE,Towers with Radar,95,68,112,16,291,0,2,82,3,87,95,70,194,19,378,42,90,132,510
03/07/2000,LIT,AR,ASW,CE,Towers with Radar,101,74,138,10,323,0,1,130,0,131,101,75,268,10,454,32,56,88,542
03/08/2000,LIT,AR,ASW,CE,Towers with Radar,101,86,170,34,391,0,1,49,1,51,101,87,219,35,442,10,84,94,536
03/09/2000,LIT,AR,ASW,CE,Towers with Radar,103,75,166,31,375,0,1,159,3,163,103,76,325,34,538,27,122,149,687
03/10/2000,LIT,AR,ASW,CE,Towers with Radar,93,73,22,14,202,0,1,54,2,57,93,74,76,16,259,10,24,34,293
03/11/2000,LIT,AR,ASW,CE,Towers with Radar,96,54,63,3,216,0,1,29,0,30,96,55,92,3,246,28,0,28,274
03/12/2000,LIT,AR,ASW,CE,Towers with Radar,87,38,66,5,196,0,3,117,1,121,87,41,183,6,317,50,2,52,369
03/13/2000,LIT,AR,ASW,CE,Towers with Radar,91,59,106,17,273,0,3,144,0,147,91,62,250,17,420,32,86,118,538
03/14/2000,LIT,AR,ASW,CE,Towers with Radar,96,74,141,31,342,0,4,115,2,121,96,78,256,33,463,22,116,138,601
03/15/2000,LIT,AR,ASW,CE,Towers with Radar,95,64,187,46,392,0,0,40,7,47,95,64,227,53,439,6,148,154,593
03/16/2000,LIT,AR,ASW,CE,Towers with Radar,103,91,140,46,380,0,0,24,3,27,103,91,164,49,407,10,164,174,581
03/17/2000,LIT,AR,ASW,CE,Towers with Radar,97,94,133,51,375,0,2,71,2,75,97,96,204,53,450,52,88,140,590
03/18/2000,LIT,AR,ASW,CE,Towers with Radar,93,45,135,0,273,0,2,50,0,52,93,47,185,0,325,26,0,26,351
03/19/2000,LIT,AR,ASW,CE,Towers with Radar,86,42,107,1,236,0,0,22,1,23,86,42,129,2,259,16,0,16,275
03/20/2000,LIT,AR,ASW,CE,Towers with Radar,102,57,141,22,322,0,0,105,4,109,102,57,246,26,431,46,42,88,519
03/21/2000,LIT,AR,ASW,CE,Towers with Radar,101,104,168,21,394,0,0,111,3,114,101,104,279,24,508,48,40,88,596
03/22/2000,LIT,AR,ASW,CE,Towers with Radar,100,85,210,11,406,0,0,110,1,111,100,85,320,12,517,56,32,88,605
03/23/2000,LIT,AR,ASW,CE,Towers with Radar,102,83,157,15,357,0,0,117,2,119,102,83,274,17,476,30,84,114,590
03/24/2000,LIT,AR,ASW,CE,Towers with Radar,97,82,170,106,455,0,0,103,7,110,97,82,273,113,565,28,240,268,833
03/25/2000,LIT,AR,ASW,CE,Towers with Radar,96,40,89,3,228,0,0,55,1,56,96,40,144,4,284,10,0,10,294
03/26/2000,LIT,AR,ASW,CE,Towers with Radar,91,32,74,46,243,0,0,70,5,75,91,32,144,51,318,40,8,48,366
03/27/2000,LIT,AR,ASW,CE,Towers with Radar,93,71,117,33,314,0,0,112,4,116,93,71,229,37,430,30,84,114,544
03/28/2000,LIT,AR,ASW,CE,Towers with Radar,99,82,151,38,370,0,0,160,10,170,99,82,311,48,540,34,50,84,624
03/29/2000,LIT,AR,ASW,CE,Towers with Radar,101,87,141,26,355,0,0,58,2,60,101,87,199,28,415,0,118,118,533
03/30/2000,LIT,AR,ASW,CE,Towers with Radar,97,85,188,37,407,0,0,32,1,33,97,85,220,38,440,10,62,72,512
03/31/2000,LIT,AR,ASW,CE,Towers with Radar,97,76,143,36,352,0,0,136,13,149,97,76,279,49,501,26,258,284,785
04/01/2000,LIT,AR,ASW,CE,Towers with Radar,91,36,84,5,216,0,0,84,0,84,91,36,168,5,300,14,2,16,316
04/02/2000,LIT,AR,ASW,CE,Towers with Radar,94,23,77,2,196,0,0,1,0,1,94,23,78,2,197,8,0,8,205
04/03/2000,LIT,AR,ASW,CE,Towers with Radar,108,58,121,14,301,0,0,22,0,22,108,58,143,14,323,6,10,16,339
04/04/2000,LIT,AR,ASW,CE,Towers with Radar,95,95,140,28,358,0,3,141,0,144,95,98,281,28,502,28,54,82,584
04/05/2000,LIT,AR,ASW,CE,Towers with Radar,99,88,131,19,337,0,4,121,1,126,99,92,252,20,463,20,134,154,617
04/06/2000,LIT,AR,ASW,CE,Towers with Radar,99,102,130,25,356,0,2,124,2,128,99,104,254,27,484,30,104,134,618
04/07/2000,LIT,AR,ASW,CE,Towers with Radar,86,96,125,34,341,0,5,56,1,62,86,101,181,35,403,26,76,102,505
04/08/2000,LIT,AR,ASW,CE,Towers with Radar,84,54,57,4,199,0,4,78,2,84,84,58,135,6,283,14,0,14,297
04/09/2000,LIT,AR,ASW,CE,Towers with Radar,88,28,80,5,201,0,0,91,3,94,88,28,171,8,295,2,0,2,297
04/10/2000,LIT,AR,ASW,CE,Towers with Radar,98,61,143,35,337,0,1,93,5,99,98,62,236,40,436,26,70,96,532
04/11/2000,LIT,AR,ASW,CE,Towers with Radar,97,94,108,11,310,0,0,9,0,9,97,94,117,11,319,2,48,50,369
04/12/2000,LIT,AR,ASW,CE,Towers with Radar,97,87,185,30,399,0,1,36,0,37,97,88,221,30,436,34,74,108,544
04/13/2000,LIT,AR,ASW,CE,Towers with Radar,91,98,186,27,402,0,0,57,2,59,91,98,243,29,461,13,166,179,640
04/14/2000,LIT,AR,ASW,CE,Towers with Radar,109,82,179,23,393,0,0,54,2,56,109,82,233,25,449,40,62,102,551
04/15/2000,LIT,AR,ASW,CE,Towers with Radar,92,35,89,0,216,0,0,37,0,37,92,35,126,0,253,4,0,4,257
04/16/2000,LIT,AR,ASW,CE,Towers with Radar,85,28,55,7,175,0,0,41,0,41,85,28,96,7,216,26,0,26,242
04/17/2000,LIT,AR,ASW,CE,Towers with Radar,97,58,128,24,307,0,2,157,6,165,97,60,285,30,472,20,16,36,508
04/18/2000,LIT,AR,ASW,CE,Towers with Radar,93,107,141,18,359,0,4,158,3,165,93,111,299,21,524,46,8,54,578
04/19/2000,LIT,AR,ASW,CE,Towers with Radar,94,90,172,12,368,0,0,101,1,102,94,90,273,13,470,20,24,44,514
04/20/2000,LIT,AR,ASW,CE,Towers with Radar,100,76,166,26,368,0,0,71,3,74,100,76,237,29,442,8,56,64,506
04/21/2000,LIT,AR,ASW,CE,Towers with Radar,97,90,104,30,321,0,1,120,4,125,97,91,224,34,446,20,94,114,560
04/22/2000,LIT,AR,ASW,CE,Towers with Radar,96,21,65,7,189,0,5,125,1,131,96,26,190,8,320,44,2,46,366
04/23/2000,LIT,AR,ASW,CE,Towers with Radar,78,32,40,0,150,0,1,15,0,16,78,33,55,0,166,20,0,20,186
04/24/2000,LIT,AR,ASW,CE,Towers with Radar,99,66,146,24,335,0,1,48,0,49,99,67,194,24,384,2,26,28,412
04/25/2000,LIT,AR,ASW,CE,Towers with Radar,95,91,157,25,368,0,1,177,2,180,95,92,334,27,548,28,46,74,622
04/26/2000,LIT,AR,ASW,CE,Towers with Radar,95,77,140,37,349,0,1,139,3,143,95,78,279,40,492,8,98,106,598
04/27/2000,LIT,AR,ASW,CE,Towers with Radar,94,86,176,28,384,0,1,80,1,82,94,87,256,29,466,8,80,88,554
04/28/2000,LIT,AR,ASW,CE,Towers with Radar,96,83,143,31,353,0,7,146,7,160,96,90,289,38,513,48,36,84,597
04/29/2000,LIT,AR,ASW,CE,Towers with Radar,99,41,68,7,215,0,2,126,0,128,99,43,194,7,343,30,4,34,377
04/30/2000,LIT,AR,ASW,CE,Towers with Radar,87,37,67,4,195,0,2,66,0,68,87,39,133,4,263,6,2,8,271
05/01/2000,LIT,AR,ASW,CE,Towers with Radar,98,66,119,20,303,0,1,65,3,69,98,67,184,23,372,18,34,52,424
05/02/2000,LIT,AR,ASW,CE,Towers with Radar,100,103,116,25,344,0,2,54,2,58,100,105,170,27,402,10,46,56,458
05/03/2000,LIT,AR,ASW,CE,Towers with Radar,91,105,161,22,379,0,0,24,2,26,91,105,185,24,405,12,72,84,489
05/04/2000,LIT,AR,ASW,CE,Towers with Radar,95,93,119,16,323,0,0,11,0,11,95,93,130,16,334,8,58,66,400
05/05/2000,LIT,AR,ASW,CE,Towers with Radar,94,77,141,37,349,0,1,25,4,30,94,78,166,41,379,14,14,28,407
05/06/2000,LIT,AR,ASW,CE,Towers with Radar,96,39,63,6,204,0,1,7,1,9,96,40,70,7,213,0,0,0,213
05/07/2000,LIT,AR,ASW,CE,Towers with Radar,88,51,76,9,224,0,0,50,1,51,88,51,126,10,275,26,2,28,303
05/08/2000,LIT,AR,ASW,CE,Towers with Radar,111,30,131,19,291,0,1,97,0,98,111,31,228,19,389,8,16,24,413
05/09/2000,LIT,AR,ASW,CE,Towers with Radar,95,93,130,35,353,0,0,52,3,55,95,93,182,38,408,10,102,112,520
05/10/2000,LIT,AR,ASW,CE,Towers with Radar,97,85,157,55,394,0,0,106,5,111,97,85,263,60,505,28,40,68,573
05/11/2000,LIT,AR,ASW,CE,Towers with Radar,100,85,157,10,352,0,0,54,0,54,100,85,211,10,406,20,16,36,442
05/12/2000,LIT,AR,ASW,CE,Towers with Radar,87,96,141,16,340,0,0,59,4,63,87,96,200,20,403,20,30,50,453
05/13/2000,LIT,AR,ASW,CE,Towers with Radar,97,36,99,2,234,0,0,97,2,99,97,36,196,4,333,14,2,16,349
05/14/2000,LIT,AR,ASW,CE,Towers with Radar,90,28,57,1,176,0,0,124,0,124,90,28,181,1,300,22,0,22,322
05/15/2000,LIT,AR,ASW,CE,Towers with Radar,96,65,122,20,303,0,0,110,2,112,96,65,232,22,415,22,20,42,457
05/16/2000,LIT,AR,ASW,CE,Towers with Radar,96,89,148,19,352,0,0,95,0,95,96,89,243,19,447,8,102,110,557
05/17/2000,LIT,AR,ASW,CE,Towers with Radar,88,76,186,11,361,0,2,59,1,62,88,78,245,12,423,4,8,12,435
05/18/2000,LIT,AR,ASW,CE,Towers with Radar,95,76,145,21,337,0,3,64,1,68,95,79,209,22,405,22,26,48,453
05/19/2000,LIT,AR,ASW,CE,Towers with Radar,97,68,157,28,350,0,0,39,1,40,97,68,196,29,390,12,32,44,434
05/20/2000,LIT,AR,ASW,CE,Towers with Radar,95,49,110,3,257,0,1,9,0,10,95,50,119,3,267,2,2,4,271
05/21/2000,LIT,AR,ASW,CE,Towers with Radar,80,32,77,9,198,0,0,47,0,47,80,32,124,9,245,16,0,16,261
05/22/2000,LIT,AR,ASW,CE,Towers with Radar,94,51,112,38,295,0,0,118,1,119,94,51,230,39,414,14,48,62,476
05/23/2000,LIT,AR,ASW,CE,Towers with Radar,98,86,148,29,361,0,2,111,0,113,98,88,259,29,474,14,56,70,544
05/24/2000,LIT,AR,ASW,CE,Towers with Radar,92,96,177,20,385,0,1,89,1,91,92,97,266,21,476,15,43,58,534
05/25/2000,LIT,AR,ASW,CE,Towers with Radar,101,80,204,14,399,0,0,59,15,74,101,80,263,29,473,14,22,36,509
05/26/2000,LIT,AR,ASW,CE,Towers with Radar,101,84,140,12,337,0,0,49,1,50,101,84,189,13,387,22,0,22,409
05/27/2000,LIT,AR,ASW,CE,Towers with Radar,97,31,61,0,189,0,0,22,0,22,97,31,83,0,211,20,0,20,231
05/28/2000,LIT,AR,ASW,CE,Towers with Radar,74,22,58,5,159,0,2,74,1,77,74,24,132,6,236,16,0,16,252
05/29/2000,LIT,AR,ASW,CE,Towers with Radar,79,39,78,3,199,0,0,128,0,128,79,39,206,3,327,24,0,24,351
05/30/2000,LIT,AR,ASW,CE,Towers with Radar,83,80,153,35,351,0,0,149,3,152,83,80,302,38,503,12,50,62,565
05/31/2000,LIT,AR,ASW,CE,Towers with Radar,101,81,153,23,358,0,1,116,0,117,101,82,269,23,475,24,74,98,573
06/01/2000,LIT,AR,ASW,CE,Towers with Radar,100,84,155,32,371,0,1,116,1,118,100,85,271,33,489,4,19,23,512
06/02/2000,LIT,AR,ASW,CE,Towers with Radar,94,82,149,16,341,0,0,100,2,102,94,82,249,18,443,42,2,44,487
06/03/2000,LIT,AR,ASW,CE,Towers with Radar,87,38,56,11,192,0,0,36,0,36,87,38,92,11,228,10,6,16,244
06/04/2000,LIT,AR,ASW,CE,Towers with Radar,85,34,69,3,191,0,0,9,0,9,85,34,78,3,200,8,0,8,208
06/05/2000,LIT,AR,ASW,CE,Towers with Radar,101,54,132,51,338,0,0,67,2,69,101,54,199,53,407,4,30,34,441
06/06/2000,LIT,AR,ASW,CE,Towers with Radar,98,78,127,55,358,0,0,170,7,177,98,78,297,62,535,52,128,180,715
06/07/2000,LIT,AR,ASW,CE,Towers with Radar,102,61,166,30,359,0,0,160,10,170,102,61,326,40,529,6,94,100,629
06/08/2000,LIT,AR,ASW,CE,Towers with Radar,107,92,156,19,374,0,0,159,0,159,107,92,315,19,533,30,40,70,603
06/09/2000,LIT,AR,ASW,CE,Towers with Radar,98,86,171,59,414,0,0,125,10,135,98,86,296,69,549,16,98,114,663
06/10/2000,LIT,AR,ASW,CE,Towers with Radar,94,51,74,3,222,0,1,64,0,65,94,52,138,3,287,8,0,8,295
06/11/2000,LIT,AR,ASW,CE,Towers with Radar,88,36,76,1,201,0,0,47,0,47,88,36,123,1,248,4,0,4,252
06/12/2000,LIT,AR,ASW,CE,Towers with Radar,99,62,137,20,318,0,0,109,1,110,99,62,246,21,428,68,60,128,556
06/13/2000,LIT,AR,ASW,CE,Towers with Radar,118,70,144,26,358,0,0,109,2,111,118,70,253,28,469,24,100,124,593
06/14/2000,LIT,AR,ASW,CE,Towers with Radar,88,83,145,24,340,0,0,42,4,46,88,83,187,28,386,6,68,74,460
06/15/2000,LIT,AR,ASW,CE,Towers with Radar,107,96,165,41,409,0,0,43,0,43,107,96,208,41,452,4,82,86,538
06/16/2000,LIT,AR,ASW,CE,Towers with Radar,93,82,168,53,396,0,6,57,5,68,93,88,225,58,464,32,120,152,616
06/17/2000,LIT,AR,ASW,CE,Towers with Radar,91,41,55,0,187,0,0,33,0,33,91,41,88,0,220,38,0,38,258
06/18/2000,LIT,AR,ASW,CE,Towers with Radar,84,32,60,2,178,0,0,21,3,24,84,32,81,5,202,18,2,20,222
06/19/2000,LIT,AR,ASW,CE,Towers with Radar,92,80,108,16,296,0,0,31,0,31,92,80,139,16,327,0,4,4,331
06/20/2000,LIT,AR,ASW,CE,Towers with Radar,95,91,170,39,395,0,4,48,5,57,95,95,218,44,452,24,114,138,590
06/21/2000,LIT,AR,ASW,CE,Towers with Radar,93,86,115,15,309,0,5,12,2,19,93,91,127,17,328,10,21,31,359
06/22/2000,LIT,AR,ASW,CE,Towers with Radar,99,95,184,25,403,0,1,115,6,122,99,96,299,31,525,56,80,136,661
06/23/2000,LIT,AR,ASW,CE,Towers with Radar,102,100,163,15,380,3,6,133,7,149,105,106,296,22,529,18,18,36,565
06/24/2000,LIT,AR,ASW,CE,Towers with Radar,84,61,68,0,213,0,7,79,2,88,84,68,147,2,301,22,0,22,323
06/25/2000,LIT,AR,ASW,CE,Towers with Radar,82,35,59,4,180,5,0,94,0,99,87,35,153,4,279,23,28,51,330
06/26/2000,LIT,AR,ASW,CE,Towers with Radar,100,76,134,30,340,10,18,29,24,81,110,94,163,54,421,22,152,174,595
06/27/2000,LIT,AR,ASW,CE,Towers with Radar,102,99,212,52,465,0,5,119,13,137,102,104,331,65,602,54,214,268,870
06/28/2000,LIT,AR,ASW,CE,Towers with Radar,106,124,194,47,471,0,3,41,1,45,106,127,235,48,516,30,196,226,742
06/29/2000,LIT,AR,ASW,CE,Towers with Radar,103,109,148,94,454,0,3,111,6,120,103,112,259,100,574,40,100,140,714
06/30/2000,LIT,AR,ASW,CE,Towers with Radar,96,89,177,55,417,0,3,129,2,134,96,92,306,57,551,66,124,190,741
07/01/2000,LIT,AR,ASW,CE,Towers with Radar,97,32,76,0,205,1,1,91,0,93,98,33,167,0,298,20,0,20,318
07/02/2000,LIT,AR,ASW,CE,Towers with Radar,71,24,45,0,140,1,0,43,0,44,72,24,88,0,184,42,0,42,226
07/03/2000,LIT,AR,ASW,CE,Towers with Radar,78,37,66,0,181,0,6,64,0,70,78,43,130,0,251,30,0,30,281
07/04/2000,LIT,AR,ASW,CE,Towers with Radar,79,60,68,4,211,1,3,57,0,61,80,63,125,4,272,58,0,58,330
07/05/2000,LIT,AR,ASW,CE,Towers with Radar,87,69,145,26,327,0,2,116,0,118,87,71,261,26,445,64,72,136,581
07/06/2000,LIT,AR,ASW,CE,Towers with Radar,103,100,145,29,377,0,4,127,4,135,103,104,272,33,512,70,94,164,676
07/07/2000,LIT,AR,ASW,CE,Towers with Radar,99,83,126,41,349,0,1,92,3,96,99,84,218,44,445,8,108,116,561
07/08/2000,LIT,AR,ASW,CE,Towers with Radar,89,35,76,19,219,0,0,74,1,75,89,35,150,20,294,22,22,44,338
07/09/2000,LIT,AR,ASW,CE,Towers with Radar,90,24,76,0,190,0,0,71,0,71,90,24,147,0,261,24,6,30,291
07/10/2000,LIT,AR,ASW,CE,Towers with Radar,99,53,87,29,268,0,0,94,1,95,99,53,181,30,363,10,60,70,433
07/11/2000,LIT,AR,ASW,CE,Towers with Radar,99,77,112,47,335,1,0,141,7,149,100,77,253,54,484,20,214,234,718
07/12/2000,LIT,AR,ASW,CE,Towers with Radar,94,69,168,40,371,1,0,131,8,140,95,69,299,48,511,48,132,180,691
07/13/2000,LIT,AR,ASW,CE,Towers with Radar,103,86,178,49,416,0,0,99,8,107,103,86,277,57,523,36,150,186,709
07/14/2000,LIT,AR,ASW,CE,Towers with Radar,98,82,138,24,342,0,4,133,12,149,98,86,271,36,491,40,62,102,593
07/15/2000,LIT,AR,ASW,CE,Towers with Radar,85,41,65,1,192,0,7,89,1,97,85,48,154,2,289,60,4,64,353
07/16/2000,LIT,AR,ASW,CE,Towers with Radar,87,32,51,13,183,0,0,68,0,68,87,32,119,13,251,38,58,96,347
07/17/2000,LIT,AR,ASW,CE,Towers with Radar,102,62,113,37,314,0,0,105,13,118,102,62,218,50,432,32,146,178,610
07/18/2000,LIT,AR,ASW,CE,Towers with Radar,96,91,158,21,366,0,0,107,3,110,96,91,265,24,476,18,114,132,608
07/19/2000,LIT,AR,ASW,CE,Towers with Radar,97,95,166,40,398,0,2,113,5,120,97,97,279,45,518,52,124,176,694
07/20/2000,LIT,AR,ASW,CE,Towers with Radar,99,96,130,37,362,0,1,76,2,79,99,97,206,39,441,58,56,114,555
07/21/2000,LIT,AR,ASW,CE,Towers with Radar,98,94,140,16,348,0,8,77,6,91,98,102,217,22,439,82,56,138,577
07/22/2000,LIT,AR,ASW,CE,Towers with Radar,90,52,56,6,204,0,7,55,0,62,90,59,111,6,266,56,4,60,326
07/23/2000,LIT,AR,ASW,CE,Towers with Radar,80,42,63,10,195,0,0,90,1,91,80,42,153,11,286,40,22,62,348
07/24/2000,LIT,AR,ASW,CE,Towers with Radar,102,83,100,39,324,0,1,156,5,162,102,84,256,44,486,38,101,139,625
07/25/2000,LIT,AR,ASW,CE,Towers with Radar,104,117,98,37,356,0,9,169,7,185,104,126,267,44,541,80,96,176,717
07/26/2000,LIT,AR,ASW,CE,Towers with Radar,98,97,139,36,370,0,1,163,5,169,98,98,302,41,539,32,74,106,645
07/27/2000,LIT,AR,ASW,CE,Towers with Radar,97,97,155,50,399,0,2,163,11,176,97,99,318,61,575,50,124,174,749
07/28/2000,LIT,AR,ASW,CE,Towers with Radar,96,82,130,22,330,0,0,120,4,124,96,82,250,26,454,48,46,94,548
07/29/2000,LIT,AR,ASW,CE,Towers with Radar,90,39,64,3,196,0,1,55,0,56,90,40,119,3,252,36,0,36,288
07/30/2000,LIT,AR,ASW,CE,Towers with Radar,78,35,69,8,190,0,0,65,0,65,78,35,134,8,255,18,6,24,279
07/31/2000,LIT,AR,ASW,CE,Towers with Radar,93,64,108,40,305,0,4,108,4,116,93,68,216,44,421,30,116,146,567
08/01/2000,LIT,AR,ASW,CE,Towers with Radar,105,92,122,50,369,2,12,105,14,133,107,104,227,64,502,42,222,264,766
08/02/2000,LIT,AR,ASW,CE,Towers with Radar,93,99,156,74,422,1,3,105,10,119,94,102,261,84,541,32,82,114,655
08/03/2000,LIT,AR,ASW,CE,Towers with Radar,101,110,165,49,425,1,3,105,6,115,102,113,270,55,540,72,148,220,760
08/04/2000,LIT,AR,ASW,CE,Towers with Radar,103,126,139,15,383,1,2,103,13,119,104,128,242,28,502,84,42,126,628
08/05/2000,LIT,AR,ASW,CE,Towers with Radar,89,35,71,3,198,1,1,93,0,95,90,36,164,3,293,34,0,34,327
08/06/2000,LIT,AR,ASW,CE,Towers with Radar,82,59,63,0,204,0,4,90,0,94,82,63,153,0,298,38,0,38,336
08/07/2000,LIT,AR,ASW,CE,Towers with Radar,101,70,109,40,320,0,5,114,10,129,101,75,223,50,449,32,96,128,577
08/08/2000,LIT,AR,ASW,CE,Towers with Radar,92,74,157,52,375,0,7,131,6,144,92,81,288,58,519,80,70,150,669
08/09/2000,LIT,AR,ASW,CE,Towers with Radar,99,108,137,31,375,0,15,146,2,163,99,123,283,33,538,60,80,140,678
08/10/2000,LIT,AR,ASW,CE,Towers with Radar,95,119,162,52,428,0,8,142,2,152,95,127,304,54,580,76,140,216,796
08/11/2000,LIT,AR,ASW,CE,Towers with Radar,100,84,128,41,353,0,2,119,4,125,100,86,247,45,478,22,58,80,558
08/12/2000,LIT,AR,ASW,CE,Towers with Radar,92,35,63,4,194,0,9,102,0,111,92,44,165,4,305,39,8,47,352
08/13/2000,LIT,AR,ASW,CE,Towers with Radar,79,30,56,6,171,0,1,84,0,85,79,31,140,6,256,20,14,34,290
08/14/2000,LIT,AR,ASW,CE,Towers with Radar,90,79,105,37,311,1,3,124,2,130,91,82,229,39,441,42,66,108,549
08/15/2000,LIT,AR,ASW,CE,Towers with Radar,106,86,153,49,394,0,2,113,3,118,106,88,266,52,512,18,140,158,670
08/16/2000,LIT,AR,ASW,CE,Towers with Radar,95,92,135,46,368,0,6,125,5,136,95,98,260,51,504,47,110,157,661
08/17/2000,LIT,AR,ASW,CE,Towers with Radar,97,91,139,64,391,0,6,143,18,167,97,97,282,82,558,48,176,224,782
08/18/2000,LIT,AR,ASW,CE,Towers with Radar,106,96,119,54,375,0,1,109,9,119,106,97,228,63,494,22,130,152,646
08/19/2000,LIT,AR,ASW,CE,Towers with Radar,90,51,64,2,207,0,1,85,1,87,90,52,149,3,294,32,6,38,332
08/20/2000,LIT,AR,ASW,CE,Towers with Radar,83,35,51,18,187,0,1,76,4,81,83,36,127,22,268,12,16,28,296
08/21/2000,LIT,AR,ASW,CE,Towers with Radar,98,86,148,40,372,0,0,95,10,105,98,86,243,50,477,22,124,146,623
08/22/2000,LIT,AR,ASW,CE,Towers with Radar,83,60,102,28,273,17,0,109,8,134,100,60,211,36,407,36,110,146,553
08/23/2000,LIT,AR,ASW,CE,Towers with Radar,98,86,143,71,398,0,2,103,9,114,98,88,246,80,512,26,182,208,720
08/24/2000,LIT,AR,ASW,CE,Towers with Radar,102,103,153,50,408,0,11,138,8,157,102,114,291,58,565,40,104,144,709
08/25/2000,LIT,AR,ASW,CE,Towers with Radar,100,118,133,34,385,0,15,148,6,169,100,133,281,40,554,76,36,112,666
08/26/2000,LIT,AR,ASW,CE,Towers with Radar,95,47,58,5,205,0,3,61,0,64,95,50,119,5,269,64,0,64,333
08/27/2000,LIT,AR,ASW,CE,Towers with Radar,85,34,57,7,183,0,1,73,0,74,85,35,130,7,257,4,2,6,263
08/28/2000,LIT,AR,ASW,CE,Towers with Radar,104,65,102,26,297,0,1,105,3,109,104,66,207,29,406,38,74,112,518
08/29/2000,LIT,AR,ASW,CE,Towers with Radar,98,83,150,15,346,0,0,130,0,130,98,83,280,15,476,16,42,58,534
08/30/2000,LIT,AR,ASW,CE,Towers with Radar,95,91,177,15,378,0,0,120,7,127,95,91,297,22,505,18,26,44,549
08/31/2000,LIT,AR,ASW,CE,Towers with Radar,91,106,131,26,354,1,2,102,12,117,92,108,233,38,471,44,166,210,681
09/01/2000,LIT,AR,ASW,CE,Towers with Radar,98,87,142,32,359,0,0,94,9,103,98,87,236,41,462,28,170,198,660
09/02/2000,LIT,AR,ASW,CE,Towers with Radar,80,28,38,0,146,0,0,99,2,101,80,28,137,2,247,34,0,34,281
09/03/2000,LIT,AR,ASW,CE,Towers with Radar,68,18,38,5,129,0,0,60,1,61,68,18,98,6,190,2,0,2,192
09/04/2000,LIT,AR,ASW,CE,Towers with Radar,84,43,45,1,173,0,0,71,2,73,84,43,116,3,246,14,0,14,260
09/05/2000,LIT,AR,ASW,CE,Towers with Radar,99,68,116,63,346,0,2,68,10,80,99,70,184,73,426,8,62,70,496
09/06/2000,LIT,AR,ASW,CE,Towers with Radar,97,87,139,48,371,0,2,96,3,101,97,89,235,51,472,34,44,78,550
09/07/2000,LIT,AR,ASW,CE,Towers with Radar,100,74,201,89,464,0,0,102,10,112,100,74,303,99,576,33,113,146,722
09/08/2000,LIT,AR,ASW,CE,Towers with Radar,98,90,171,50,409,0,0,19,3,22,98,90,190,53,431,24,52,76,507
09/09/2000,LIT,AR,ASW,CE,Towers with Radar,84,24,88,0,196,0,0,11,0,11,84,24,99,0,207,6,0,6,213
09/10/2000,LIT,AR,ASW,CE,Towers with Radar,85,35,112,10,242,0,0,43,1,44,85,35,155,11,286,38,8,46,332
09/11/2000,LIT,AR,ASW,CE,Towers with Radar,90,93,148,40,371,0,15,85,8,108,90,108,233,48,479,84,88,172,651
09/12/2000,LIT,AR,ASW,CE,Towers with Radar,101,107,105,20,333,0,20,83,13,116,101,127,188,33,449,48,76,124,573
09/13/2000,LIT,AR,ASW,CE,Towers with Radar,95,90,158,35,378,0,9,115,4,128,95,99,273,39,506,40,116,156,662
09/14/2000,LIT,AR,ASW,CE,Towers with Radar,96,85,152,36,369,0,0,112,9,121,96,85,264,45,490,20,78,98,588
09/15/2000,LIT,AR,ASW,CE,Towers with Radar,102,87,141,15,345,0,0,159,9,168,102,87,300,24,513,38,78,116,629
09/16/2000,LIT,AR,ASW,CE,Towers with Radar,85,43,81,4,213,0,0,121,2,123,85,43,202,6,336,38,0,38,374
09/17/2000,LIT,AR,ASW,CE,Towers with Radar,83,37,68,10,198,0,0,128,6,134,83,37,196,16,332,30,34,64,396
09/18/2000,LIT,AR,ASW,CE,Towers with Radar,106,53,124,20,303,0,0,126,1,127,106,53,250,21,430,58,66,124,554
09/19/2000,LIT,AR,ASW,CE,Towers with Radar,99,90,131,8,328,0,7,99,3,109,99,97,230,11,437,24,24,48,485
09/20/2000,LIT,AR,ASW,CE,Towers with Radar,99,84,171,13,367,0,0,77,10,87,99,84,248,23,454,26,30,56,510
09/21/2000,LIT,AR,ASW,CE,Towers with Radar,99,88,210,36,433,0,3,136,7,146,99,91,346,43,579,44,68,112,691
09/22/2000,LIT,AR,ASW,CE,Towers with Radar,119,89,125,86,419,5,0,74,17,96,124,89,199,103,515,98,110,208,723
09/23/2000,LIT,AR,ASW,CE,Towers with Radar,88,44,209,2,343,0,1,159,4,164,88,45,368,6,507,78,2,80,587
09/24/2000,LIT,AR,ASW,CE,Towers with Radar,90,29,144,2,265,0,0,3,0,3,90,29,147,2,268,32,0,32,300
09/25/2000,LIT,AR,ASW,CE,Towers with Radar,104,92,174,45,415,0,3,35,4,42,104,95,209,49,457,46,108,154,611
09/26/2000,LIT,AR,ASW,CE,Towers with Radar,98,133,180,21,432,0,16,137,5,158,98,149,317,26,590,88,68,156,746
09/27/2000,LIT,AR,ASW,CE,Towers with Radar,99,100,190,27,416,0,12,145,8,165,99,112,335,35,581,80,48,128,709
09/28/2000,LIT,AR,ASW,CE,Towers with Radar,95,108,181,10,394,0,0,134,6,140,95,108,315,16,534,42,24,66,600
09/29/2000,LIT,AR,ASW,CE,Towers with Radar,91,69,131,9,300,7,27,209,0,243,98,96,340,9,543,88,2,90,633
09/30/2000,LIT,AR,ASW,CE,Towers with Radar,83,36,79,0,198,0,0,98,0,98,83,36,177,0,296,28,2,30,326
10/01/2000,LIT,AR,ASW,CE,Towers with Radar,88,44,62,6,200,1,1,94,0,96,89,45,156,6,296,20,0,20,316
10/02/2000,LIT,AR,ASW,CE,Towers with Radar,98,78,89,25,290,1,1,96,6,104,99,79,185,31,394,28,26,54,448
10/03/2000,LIT,AR,ASW,CE,Towers with Radar,95,105,137,32,369,1,5,97,4,107,96,110,234,36,476,32,70,102,578
10/04/2000,LIT,AR,ASW,CE,Towers with Radar,97,85,171,65,418,1,2,122,4,129,98,87,293,69,547,20,120,140,687
10/05/2000,LIT,AR,ASW,CE,Towers with Radar,108,112,148,60,428,1,4,119,11,135,109,116,267,71,563,52,155,207,770
10/06/2000,LIT,AR,ASW,CE,Towers with Radar,100,101,151,37,389,1,0,71,14,86,101,101,222,51,475,32,32,64,539
10/07/2000,LIT,AR,ASW,CE,Towers with Radar,86,44,62,8,200,1,0,60,2,63,87,44,122,10,263,18,4,22,285
10/08/2000,LIT,AR,ASW,CE,Towers with Radar,77,52,68,9,206,0,0,78,3,81,77,52,146,12,287,0,28,28,315
10/09/2000,LIT,AR,ASW,CE,Towers with Radar,100,59,88,8,255,0,0,102,3,105,100,59,190,11,360,44,22,66,426
10/10/2000,LIT,AR,ASW,CE,Towers with Radar,99,86,134,28,347,0,0,139,5,144,99,86,273,33,491,38,78,116,607
10/11/2000,LIT,AR,ASW,CE,Towers with Radar,93,86,159,37,375,0,0,123,9,132,93,86,282,46,507,26,124,150,657
10/12/2000,LIT,AR,ASW,CE,Towers with Radar,100,95,169,39,403,0,0,149,12,161,100,95,318,51,564,79,88,167,731
10/13/2000,LIT,AR,ASW,CE,Towers with Radar,108,85,127,11,331,0,0,133,3,136,108,85,260,14,467,17,16,33,500
10/14/2000,LIT,AR,ASW,CE,Towers with Radar,90,42,70,4,206,0,0,123,1,124,90,42,193,5,330,58,0,58,388
10/15/2000,LIT,AR,ASW,CE,Towers with Radar,102,39,124,4,269,1,0,72,0,73,103,39,196,4,342,56,0,56,398
10/16/2000,LIT,AR,ASW,CE,Towers with Radar,101,71,109,15,296,0,0,27,7,34,101,71,136,22,330,28,8,36,366
10/17/2000,LIT,AR,ASW,CE,Towers with Radar,99,90,150,33,372,0,0,74,6,80,99,90,224,39,452,26,20,46,498
10/18/2000,LIT,AR,ASW,CE,Towers with Radar,104,75,186,13,378,0,0,152,3,155,104,75,338,16,533,28,23,51,584
10/19/2000,LIT,AR,ASW,CE,Towers with Radar,101,96,180,14,391,0,0,125,3,128,101,96,305,17,519,30,14,44,563
10/20/2000,LIT,AR,ASW,CE,Towers with Radar,105,84,121,43,353,0,2,126,5,133,105,86,247,48,486,47,12,59,545
10/21/2000,LIT,AR,ASW,CE,Towers with Radar,89,32,76,24,221,0,0,42,0,42,89,32,118,24,263,60,0,60,323
10/22/2000,LIT,AR,ASW,CE,Towers with Radar,84,41,82,8,215,0,0,51,3,54,84,41,133,11,269,43,7,50,319
10/23/2000,LIT,AR,ASW,CE,Towers with Radar,90,75,121,22,308,0,0,90,4,94,90,75,211,26,402,16,36,52,454
10/24/2000,LIT,AR,ASW,CE,Towers with Radar,103,81,131,26,341,0,2,113,2,117,103,83,244,28,458,22,54,76,534
10/25/2000,LIT,AR,ASW,CE,Towers with Radar,95,79,155,24,353,0,1,91,1,93,95,80,246,25,446,18,50,68,514
10/26/2000,LIT,AR,ASW,CE,Towers with Radar,102,87,154,36,379,0,0,91,9,100,102,87,245,45,479,42,78,120,599
10/27/2000,LIT,AR,ASW,CE,Towers with Radar,104,84,140,27,355,0,8,53,9,70,104,92,193,36,425,36,84,120,545
10/28/2000,LIT,AR,ASW,CE,Towers with Radar,91,38,78,21,228,0,0,75,2,77,91,38,153,23,305,30,24,54,359
10/29/2000,LIT,AR,ASW,CE,Towers with Radar,83,36,94,6,219,0,0,46,0,46,83,36,140,6,265,32,8,40,305
10/30/2000,LIT,AR,ASW,CE,Towers with Radar,94,69,96,15,274,0,0,65,1,66,94,69,161,16,340,26,44,70,410
10/31/2000,LIT,AR,ASW,CE,Towers with Radar,104,102,148,55,409,0,0,84,5,89,104,102,232,60,498,32,134,166,664
11/01/2000,LIT,AR,ASW,CE,Towers with Radar,103,95,145,21,364,1,1,71,2,75,104,96,216,23,439,14,38,52,491
11/02/2000,LIT,AR,ASW,CE,Towers with Radar,92,87,131,31,341,0,1,19,6,26,92,88,150,37,367,14,92,106,473
11/03/2000,LIT,AR,ASW,CE,Towers with Radar,95,75,126,43,339,0,2,18,3,23,95,77,144,46,362,24,57,81,443
11/04/2000,LIT,AR,ASW,CE,Towers with Radar,85,35,63,0,183,0,0,1,0,1,85,35,64,0,184,0,0,0,184
11/05/2000,LIT,AR,ASW,CE,Towers with Radar,91,39,58,8,196,0,0,0,1,1,91,39,58,9,197,2,0,2,199
11/06/2000,LIT,AR,ASW,CE,Towers with Radar,95,67,94,34,290,1,0,32,5,38,96,67,126,39,328,28,102,130,458
11/07/2000,LIT,AR,ASW,CE,Towers with Radar,96,95,137,49,377,1,3,77,11,92,97,98,214,60,469,30,88,118,587
11/08/2000,LIT,AR,ASW,CE,Towers with Radar,92,89,120,3,304,1,6,0,0,7,93,95,120,3,311,20,6,26,337
11/09/2000,LIT,AR,ASW,CE,Towers with Radar,108,95,204,48,455,0,0,28,4,32,108,95,232,52,487,64,60,124,611
11/10/2000,LIT,AR,ASW,CE,Towers with Radar,99,102,164,7,372,0,0,93,1,94,99,102,257,8,466,46,4,50,516
11/11/2000,LIT,AR,ASW,CE,Towers with Radar,91,33,68,9,201,1,0,21,0,22,92,33,89,9,223,16,0,16,239
11/12/2000,LIT,AR,ASW,CE,Towers with Radar,78,48,64,3,193,1,0,10,0,11,79,48,74,3,204,6,0,6,210
11/13/2000,LIT,AR,ASW,CE,Towers with Radar,91,86,129,62,368,0,2,101,7,110,91,88,230,69,478,36,120,156,634
11/14/2000,LIT,AR,ASW,CE,Towers with Radar,101,93,98,37,329,0,0,118,34,152,101,93,216,71,481,16,87,103,584
11/15/2000,LIT,AR,ASW,CE,Towers with Radar,89,93,195,60,437,0,0,106,4,110,89,93,301,64,547,60,104,164,711
11/16/2000,LIT,AR,ASW,CE,Towers with Radar,103,75,171,66,415,0,0,59,5,64,103,75,230,71,479,40,126,166,645
11/17/2000,LIT,AR,ASW,CE,Towers with Radar,100,95,190,49,434,0,3,112,4,119,100,98,302,53,553,98,60,158,711
11/18/2000,LIT,AR,ASW,CE,Towers with Radar,88,31,86,31,236,0,0,51,2,53,88,31,137,33,289,36,57,93,382
11/19/2000,LIT,AR,ASW,CE,Towers with Radar,84,47,56,24,211,1,1,64,2,68,85,48,120,26,279,2,6,8,287
11/20/2000,LIT,AR,ASW,CE,Towers with Radar,99,67,138,38,342,0,2,97,7,106,99,69,235,45,448,60,106,166,614
11/21/2000,LIT,AR,ASW,CE,Towers with Radar,100,108,181,47,436,1,3,170,4,178,101,111,351,51,614,110,144,254,868
11/22/2000,LIT,AR,ASW,CE,Towers with Radar,102,84,150,47,383,0,4,154,12,170,102,88,304,59,553,24,128,152,705
11/23/2000,LIT,AR,ASW,CE,Towers with Radar,69,46,34,0,149,0,0,3,2,5,69,46,37,2,154,2,0,2,156
11/24/2000,LIT,AR,ASW,CE,Towers with Radar,67,39,51,0,157,0,0,0,0,0,67,39,51,0,157,0,0,0,157
11/25/2000,LIT,AR,ASW,CE,Towers with Radar,79,31,88,4,202,0,0,38,0,38,79,31,126,4,240,23,10,33,273
11/26/2000,LIT,AR,ASW,CE,Towers with Radar,87,44,73,0,204,0,2,75,0,77,87,46,148,0,281,10,0,10,291
11/27/2000,LIT,AR,ASW,CE,Towers with Radar,84,81,101,69,335,0,0,126,11,137,84,81,227,80,472,46,208,254,726
11/28/2000,LIT,AR,ASW,CE,Towers with Radar,102,90,184,28,404,0,0,76,0,76,102,90,260,28,480,46,50,96,576
11/29/2000,LIT,AR,ASW,CE,Towers with Radar,94,98,158,61,411,0,0,153,8,161,94,98,311,69,572,44,132,176,748
11/30/2000,LIT,AR,ASW,CE,Towers with Radar,111,82,142,34,369,0,1,155,0,156,111,83,297,34,525,34,99,133,658
12/01/2000,LIT,AR,ASW,CE,Towers with Radar,94,88,166,30,378,1,6,95,11,113,95,94,261,41,491,29,80,109,600
12/02/2000,LIT,AR,ASW,CE,Towers with Radar,94,53,67,3,217,0,1,71,4,76,94,54,138,7,293,46,14,60,353
12/03/2000,LIT,AR,ASW,CE,Towers with Radar,81,50,57,0,188,0,13,79,0,92,81,63,136,0,280,13,0,13,293
12/04/2000,LIT,AR,ASW,CE,Towers with Radar,97,77,109,38,321,0,0,123,5,128,97,77,232,43,449,22,74,96,545
12/05/2000,LIT,AR,ASW,CE,Towers with Radar,96,101,142,16,355,0,0,141,3,144,96,101,283,19,499,45,47,92,591
12/06/2000,LIT,AR,ASW,CE,Towers with Radar,97,105,133,9,344,0,1,55,0,56,97,106,188,9,400,76,16,92,492
12/07/2000,LIT,AR,ASW,CE,Towers with Radar,103,77,174,35,389,0,0,150,14,164,103,77,324,49,553,26,88,114,667
12/08/2000,LIT,AR,ASW,CE,Towers with Radar,99,91,166,20,376,0,0,139,4,143,99,91,305,24,519,60,26,86,605
12/09/2000,LIT,AR,ASW,CE,Towers with Radar,70,54,71,12,207,21,1,76,0,98,91,55,147,12,305,37,20,57,362
12/10/2000,LIT,AR,ASW,CE,Towers with Radar,85,47,104,3,239,0,1,25,1,27,85,48,129,4,266,24,0,24,290
12/11/2000,LIT,AR,ASW,CE,Towers with Radar,94,62,82,57,295,0,0,19,9,28,94,62,101,66,323,38,36,74,397
12/12/2000,LIT,AR,ASW,CE,Towers with Radar,87,93,142,54,376,0,1,83,6,90,87,94,225,60,466,18,54,72,538
12/13/2000,LIT,AR,ASW,CE,Towers with Radar,25,22,23,0,70,0,0,0,1,1,25,22,23,1,71,0,0,0,71
12/14/2000,LIT,AR,ASW,CE,Towers with Radar,97,79,116,30,322,0,0,8,1,9,97,79,124,31,331,2,2,4,335
12/15/2000,LIT,AR,ASW,CE,Towers with Radar,93,92,94,6,285,0,0,0,1,1,93,92,94,7,286,14,0,14,300
12/16/2000,LIT,AR,ASW,CE,Towers with Radar,93,38,37,102,270,0,0,2,2,4,93,38,39,104,274,2,88,90,364
12/17/2000,LIT,AR,ASW,CE,Towers with Radar,86,55,68,2,211,0,2,83,2,87,86,57,151,4,298,46,0,46,344
12/18/2000,LIT,AR,ASW,CE,Towers with Radar,94,71,103,29,297,0,0,36,3,39,94,71,139,32,336,22,62,84,420
12/19/2000,LIT,AR,ASW,CE,Towers with Radar,103,116,108,54,381,2,14,91,7,114,105,130,199,61,495,72,80,152,647
12/20/2000,LIT,AR,ASW,CE,Towers with Radar,100,89,137,30,356,0,9,95,10,114,100,98,232,40,470,54,130,184,654
12/21/2000,LIT,AR,ASW,CE,Towers with Radar,98,91,124,24,337,0,12,74,0,86,98,103,198,24,423,14,90,104,527
12/22/2000,LIT,AR,ASW,CE,Towers with Radar,108,95,114,0,317,8,9,86,1,104,116,104,200,1,421,56,2,58,479
12/23/2000,LIT,AR,ASW,CE,Towers with Radar,87,42,55,1,185,0,2,50,0,52,87,44,105,1,237,20,0,20,257
12/24/2000,LIT,AR,ASW,CE,Towers with Radar,69,19,29,0,117,0,0,50,0,50,69,19,79,0,167,2,0,2,169
12/25/2000,LIT,AR,ASW,CE,Towers with Radar,38,11,15,0,64,0,0,4,0,4,38,11,19,0,68,0,0,0,68
12/26/2000,LIT,AR,ASW,CE,Towers with Radar,0,0,0,0,0,0,0,0,0,0,0,0,0,0,0,0,0,0,0
12/27/2000,LIT,AR,ASW,CE,Towers with Radar,45,14,36,0,95,0,0,0,0,0,45,14,36,0,95,0,0,0,95
12/28/2000,LIT,AR,ASW,CE,Towers with Radar,94,74,70,0,238,0,2,13,0,15,94,76,83,0,253,0,0,0,253
12/29/2000,LIT,AR,ASW,CE,Towers with Radar,92,78,53,4,227,0,4,33,0,37,92,82,86,4,264,0,4,4,268
12/30/2000,LIT,AR,ASW,CE,Towers with Radar,86,47,41,0,174,2,5,35,0,42,88,52,76,0,216,6,0,6,222
12/31/2000,LIT,AR,ASW,CE,Towers with Radar,67,27,30,0,124,0,3,17,0,20,67,30,47,0,144,6,0,6,150
01/01/2001,LIT,AR,ASW,CE,Towers with Radar,68,28,29,0,125,0,1,12,0,13,68,29,41,0,138,2,0,2,140
01/02/2001,LIT,AR,ASW,CE,Towers with Radar,95,73,89,3,260,0,2,46,2,50,95,75,135,5,310,6,8,14,324
01/03/2001,LIT,AR,ASW,CE,Towers with Radar,98,79,99,36,312,0,5,84,3,92,98,84,183,39,404,61,76,137,541
01/04/2001,LIT,AR,ASW,CE,Towers with Radar,100,80,164,31,375,0,3,127,1,131,100,83,291,32,506,84,128,212,718
01/05/2001,LIT,AR,ASW,CE,Towers with Radar,98,92,125,41,356,0,20,116,10,146,98,112,241,51,502,55,60,115,617
01/06/2001,LIT,AR,ASW,CE,Towers with Radar,89,44,65,1,199,0,1,136,0,137,89,45,201,1,336,112,0,112,448
01/07/2001,LIT,AR,ASW,CE,Towers with Radar,91,34,75,17,217,0,0,50,1,51,91,34,125,18,268,24,28,52,320
01/08/2001,LIT,AR,ASW,CE,Towers with Radar,96,61,96,31,284,0,0,105,1,106,96,61,201,32,390,28,92,120,510
01/09/2001,LIT,AR,ASW,CE,Towers with Radar,98,78,121,23,320,0,0,129,3,132,98,78,250,26,452,44,122,166,618
01/10/2001,LIT,AR,ASW,CE,Towers with Radar,99,90,166,39,394,0,3,92,2,97,99,93,258,41,491,22,140,162,653
01/11/2001,LIT,AR,ASW,CE,Towers with Radar,95,75,99,4,273,0,0,2,0,2,95,75,101,4,275,2,6,8,283
01/12/2001,LIT,AR,ASW,CE,Towers with Radar,110,75,225,64,474,0,0,14,4,18,110,75,239,68,492,26,116,142,634
01/13/2001,LIT,AR,ASW,CE,Towers with Radar,90,48,61,1,200,0,0,10,0,10,90,48,71,1,210,6,4,10,220
01/14/2001,LIT,AR,ASW,CE,Towers with Radar,84,39,59,0,182,0,0,38,0,38,84,39,97,0,220,24,0,24,244
01/15/2001,LIT,AR,ASW,CE,Towers with Radar,96,56,139,5,296,0,0,112,0,112,96,56,251,5,408,24,2,26,434
01/16/2001,LIT,AR,ASW,CE,Towers with Radar,92,80,133,26,331,0,6,44,2,52,92,86,177,28,383,91,106,197,580
01/17/2001,LIT,AR,ASW,CE,Towers with Radar,87,100,106,22,315,0,4,1,2,7,87,104,107,24,322,16,78,94,416
01/18/2001,LIT,AR,ASW,CE,Towers with Radar,91,81,168,36,376,0,0,4,0,4,91,81,172,36,380,10,20,30,410
01/19/2001,LIT,AR,ASW,CE,Towers with Radar,102,91,103,30,326,0,6,44,7,57,102,97,147,37,383,45,120,165,548
01/20/2001,LIT,AR,ASW,CE,Towers with Radar,90,57,74,3,224,0,10,106,4,120,90,67,180,7,344,88,2,90,434
01/21/2001,LIT,AR,ASW,CE,Towers with Radar,82,44,65,18,209,0,1,93,4,98,82,45,158,22,307,26,32,58,365
01/22/2001,LIT,AR,ASW,CE,Towers with Radar,92,74,100,21,287,0,0,110,7,117,92,74,210,28,404,34,44,78,482
01/23/2001,LIT,AR,ASW,CE,Towers with Radar,96,81,153,49,379,0,1,40,5,46,96,82,193,54,425,76,164,240,665
01/24/2001,LIT,AR,ASW,CE,Towers with Radar,97,87,169,33,386,0,0,81,2,83,97,87,250,35,469,50,62,112,581
01/25/2001,LIT,AR,ASW,CE,Towers with Radar,104,85,184,46,419,0,2,199,2,203,104,87,383,48,622,42,94,136,758
01/26/2001,LIT,AR,ASW,CE,Towers with Radar,101,87,128,46,362,0,9,102,0,111,101,96,230,46,473,16,44,60,533
01/27/2001,LIT,AR,ASW,CE,Towers with Radar,87,58,69,23,237,0,0,133,15,148,87,58,202,38,385,88,144,232,617
01/28/2001,LIT,AR,ASW,CE,Towers with Radar,82,39,54,1,176,0,0,20,1,21,82,39,74,2,197,64,0,64,261
01/29/2001,LIT,AR,ASW,CE,Towers with Radar,95,64,102,13,274,0,0,11,2,13,95,64,113,15,287,4,72,76,363
01/30/2001,LIT,AR,ASW,CE,Towers with Radar,97,95,138,71,401,0,7,90,5,102,97,102,228,76,503,52,206,258,761
01/31/2001,LIT,AR,ASW,CE,Towers with Radar,97,96,138,28,359,0,6,125,3,134,97,102,263,31,493,40,84,124,617
02/01/2001,LIT,AR,ASW,CE,Towers with Radar,99,88,139,32,358,0,0,153,15,168,99,88,292,47,526,34,104,138,664
02/02/2001,LIT,AR,ASW,CE,Towers with Radar,99,80,117,45,341,1,5,131,0,137,100,85,248,45,478,132,54,186,664
02/03/2001,LIT,AR,ASW,CE,Towers with Radar,75,15,74,2,166,1,1,125,0,127,76,16,199,2,293,66,2,68,361
02/04/2001,LIT,AR,ASW,CE,Towers with Radar,82,43,69,5,199,1,0,73,1,75,83,43,142,6,274,72,4,76,350
02/05/2001,LIT,AR,ASW,CE,Towers with Radar,94,75,130,25,324,1,0,119,2,122,95,75,249,27,446,12,58,70,516
02/06/2001,LIT,AR,ASW,CE,Towers with Radar,94,100,168,38,400,1,12,88,5,106,95,112,256,43,506,58,82,140,646
02/07/2001,LIT,AR,ASW,CE,Towers with Radar,97,89,195,36,417,1,1,80,4,86,98,90,275,40,503,74,88,162,665
02/08/2001,LIT,AR,ASW,CE,Towers with Radar,93,85,142,25,345,1,1,38,7,47,94,86,180,32,392,24,90,114,506
02/09/2001,LIT,AR,ASW,CE,Towers with Radar,94,71,86,14,265,1,6,13,2,22,95,77,99,16,287,28,46,74,361
02/10/2001,LIT,AR,ASW,CE,Towers with Radar,81,56,88,8,233,1,9,133,2,145,82,65,221,10,378,72,24,96,474
02/11/2001,LIT,AR,ASW,CE,Towers with Radar,81,39,59,7,186,1,0,27,0,28,82,39,86,7,214,0,2,2,216
02/12/2001,LIT,AR,ASW,CE,Towers with Radar,92,78,100,10,280,1,0,0,0,1,93,78,100,10,281,0,8,8,289
02/13/2001,LIT,AR,ASW,CE,Towers with Radar,99,88,84,6,277,1,0,0,0,1,100,88,84,6,278,0,0,0,278
02/14/2001,LIT,AR,ASW,CE,Towers with Radar,97,65,87,12,261,1,0,0,0,1,98,65,87,12,262,10,12,22,284
02/15/2001,LIT,AR,ASW,CE,Towers with Radar,95,91,145,64,395,1,0,5,12,18,96,91,150,76,413,29,174,203,616
02/16/2001,LIT,AR,ASW,CE,Towers with Radar,100,92,100,42,334,1,0,4,0,5,101,92,104,42,339,2,32,34,373
02/17/2001,LIT,AR,ASW,CE,Towers with Radar,84,68,68,11,231,1,6,150,2,159,85,74,218,13,390,64,22,86,476
02/18/2001,LIT,AR,ASW,CE,Towers with Radar,84,48,46,2,180,0,1,103,0,104,84,49,149,2,284,28,2,30,314
02/19/2001,LIT,AR,ASW,CE,Towers with Radar,99,86,116,6,307,0,10,145,0,155,99,96,261,6,462,46,0,46,508
02/20/2001,LIT,AR,ASW,CE,Towers with Radar,104,83,196,27,410,0,1,39,4,44,104,84,235,31,454,24,76,100,554
02/21/2001,LIT,AR,ASW,CE,Towers with Radar,97,91,155,61,404,0,1,14,5,20,97,92,169,66,424,30,198,228,652
02/22/2001,LIT,AR,ASW,CE,Towers with Radar,88,83,189,47,407,0,0,46,9,55,88,83,235,56,462,24,168,192,654
02/23/2001,LIT,AR,ASW,CE,Towers with Radar,99,84,124,47,354,0,0,16,2,18,99,84,140,49,372,14,96,110,482
02/24/2001,LIT,AR,ASW,CE,Towers with Radar,95,48,37,5,185,0,0,10,0,10,95,48,47,5,195,4,2,6,201
02/25/2001,LIT,AR,ASW,CE,Towers with Radar,88,43,89,5,225,0,0,109,1,110,88,43,198,6,335,14,8,22,357
02/26/2001,LIT,AR,ASW,CE,Towers with Radar,99,96,96,30,321,0,0,112,2,114,99,96,208,32,435,42,93,135,570
02/27/2001,LIT,AR,ASW,CE,Towers with Radar,90,93,133,14,330,0,0,7,0,7,90,93,140,14,337,12,12,24,361
02/28/2001,LIT,AR,ASW,CE,Towers with Radar,97,82,123,59,361,0,0,57,6,63,97,82,180,65,424,36,196,232,656
03/01/2001,LIT,AR,ASW,CE,Towers with Radar,102,98,164,42,406,0,0,21,10,31,102,98,185,52,437,22,186,208,645
03/02/2001,LIT,AR,ASW,CE,Towers with Radar,102,101,131,34,368,0,0,27,8,35,102,101,158,42,403,14,148,162,565
03/03/2001,LIT,AR,ASW,CE,Towers with Radar,90,53,66,8,217,0,0,0,1,1,90,53,66,9,218,2,0,2,220
03/04/2001,LIT,AR,ASW,CE,Towers with Radar,85,51,70,5,211,0,0,56,2,58,85,51,126,7,269,32,8,40,309
03/05/2001,LIT,AR,ASW,CE,Towers with Radar,99,94,90,56,339,0,2,165,3,170,99,96,255,59,509,30,148,178,687
03/06/2001,LIT,AR,ASW,CE,Towers with Radar,98,121,144,42,405,0,5,151,4,160,98,126,295,46,565,70,128,198,763
03/07/2001,LIT,AR,ASW,CE,Towers with Radar,96,107,158,54,415,0,1,148,11,160,96,108,306,65,575,52,250,302,877
03/08/2001,LIT,AR,ASW,CE,Towers with Radar,101,97,155,52,405,0,0,119,2,121,101,97,274,54,526,22,144,166,692
03/09/2001,LIT,AR,ASW,CE,Towers with Radar,96,99,123,98,416,0,0,129,6,135,96,99,252,104,551,30,90,120,671
03/10/2001,LIT,AR,ASW,CE,Towers with Radar,87,54,67,35,243,0,0,133,24,157,87,54,200,59,400,28,102,130,530
03/11/2001,LIT,AR,ASW,CE,Towers with Radar,81,47,48,64,240,0,0,64,2,66,81,47,112,66,306,56,14,70,376
03/12/2001,LIT,AR,ASW,CE,Towers with Radar,67,85,103,72,327,0,0,52,0,52,67,85,155,72,379,6,208,214,593
03/13/2001,LIT,AR,ASW,CE,Towers with Radar,99,110,132,33,374,0,0,136,4,140,99,110,268,37,514,64,104,168,682
03/14/2001,LIT,AR,ASW,CE,Towers with Radar,95,109,184,16,404,0,0,81,2,83,95,109,265,18,487,32,12,44,531
03/15/2001,LIT,AR,ASW,CE,Towers with Radar,100,97,133,28,358,0,0,17,1,18,100,97,150,29,376,28,58,86,462
03/16/2001,LIT,AR,ASW,CE,Towers with Radar,97,109,122,29,357,0,1,52,6,59,97,110,174,35,416,20,53,73,489
03/17/2001,LIT,AR,ASW,CE,Towers with Radar,88,45,69,3,205,0,13,122,5,140,88,58,191,8,345,31,1,32,377
03/18/2001,LIT,AR,ASW,CE,Towers with Radar,80,58,67,2,207,0,0,74,3,77,80,58,141,5,284,45,0,45,329
03/19/2001,LIT,AR,ASW,CE,Towers with Radar,94,91,110,25,320,0,1,110,1,112,94,92,220,26,432,38,86,124,556
03/20/2001,LIT,AR,ASW,CE,Towers with Radar,96,107,144,30,377,0,2,122,0,124,96,109,266,30,501,10,60,70,571
03/21/2001,LIT,AR,ASW,CE,Towers with Radar,94,126,176,23,419,0,13,115,0,128,94,139,291,23,547,34,50,84,631
03/22/2001,LIT,AR,ASW,CE,Towers with Radar,96,90,133,17,336,0,4,111,3,118,96,94,244,20,454,12,78,90,544
03/23/2001,LIT,AR,ASW,CE,Towers with Radar,95,119,128,28,370,0,21,98,1,120,95,140,226,29,490,22,76,98,588
03/24/2001,LIT,AR,ASW,CE,Towers with Radar,85,59,64,15,223,0,0,38,20,58,85,59,102,35,281,14,188,202,483
03/25/2001,LIT,AR,ASW,CE,Towers with Radar,79,62,60,5,206,0,0,87,0,87,79,62,147,5,293,49,0,49,342
03/26/2001,LIT,AR,ASW,CE,Towers with Radar,101,86,97,47,331,0,2,89,0,91,101,88,186,47,422,20,60,80,502
03/27/2001,LIT,AR,ASW,CE,Towers with Radar,98,111,135,29,373,0,2,138,1,141,98,113,273,30,514,44,134,178,692
03/28/2001,LIT,AR,ASW,CE,Towers with Radar,97,119,118,24,358,0,0,28,2,30,97,119,146,26,388,22,90,112,500
03/29/2001,LIT,AR,ASW,CE,Towers with Radar,96,97,118,22,333,0,0,3,0,3,96,97,121,22,336,12,0,12,348
03/30/2001,LIT,AR,ASW,CE,Towers with Radar,99,112,135,22,368,0,0,34,2,36,99,112,169,24,404,24,80,104,508
03/31/2001,LIT,AR,ASW,CE,Towers with Radar,81,51,61,8,201,0,0,38,2,40,81,51,99,10,241,26,6,32,273
04/01/2001,LIT,AR,ASW,CE,Towers with Radar,82,49,86,8,225,1,0,89,0,90,83,49,175,8,315,18,4,22,337
04/02/2001,LIT,AR,ASW,CE,Towers with Radar,89,96,96,15,296,0,9,82,4,95,89,105,178,19,391,22,200,222,613
04/03/2001,LIT,AR,ASW,CE,Towers with Radar,92,110,147,35,384,1,0,42,5,48,93,110,189,40,432,32,126,158,590
04/04/2001,LIT,AR,ASW,CE,Towers with Radar,95,100,173,31,399,0,7,8,1,16,95,107,181,32,415,30,40,70,485
04/05/2001,LIT,AR,ASW,CE,Towers with Radar,99,98,177,9,383,0,1,37,2,40,99,99,214,11,423,16,38,54,477
04/06/2001,LIT,AR,ASW,CE,Towers with Radar,90,92,165,19,366,0,0,65,2,67,90,92,230,21,433,14,30,44,477
04/07/2001,LIT,AR,ASW,CE,Towers with Radar,89,45,93,9,236,1,0,60,0,61,90,45,153,9,297,40,2,42,339
04/08/2001,LIT,AR,ASW,CE,Towers with Radar,79,53,70,0,202,0,0,48,0,48,79,53,118,0,250,2,0,2,252
04/09/2001,LIT,AR,ASW,CE,Towers with Radar,89,84,115,20,308,0,1,91,0,92,89,85,206,20,400,26,70,96,496
04/10/2001,LIT,AR,ASW,CE,Towers with Radar,100,111,151,25,387,0,2,63,1,66,100,113,214,26,453,62,90,152,605
04/11/2001,LIT,AR,ASW,CE,Towers with Radar,84,89,146,6,325,0,3,21,0,24,84,92,167,6,349,4,8,12,361
04/12/2001,LIT,AR,ASW,CE,Towers with Radar,99,103,205,16,423,1,0,150,1,152,100,103,355,17,575,28,48,76,651
04/13/2001,LIT,AR,ASW,CE,Towers with Radar,98,108,113,24,343,1,1,91,5,98,99,109,204,29,441,28,76,104,545
04/14/2001,LIT,AR,ASW,CE,Towers with Radar,79,51,38,0,168,0,1,17,0,18,79,52,55,0,186,36,0,36,222
04/15/2001,LIT,AR,ASW,CE,Towers with Radar,81,45,47,0,173,0,0,43,0,43,81,45,90,0,216,12,0,12,228
04/16/2001,LIT,AR,ASW,CE,Towers with Radar,96,69,117,13,295,0,0,145,0,145,96,69,262,13,440,40,24,64,504
04/17/2001,LIT,AR,ASW,CE,Towers with Radar,95,110,120,11,336,0,1,144,1,146,95,111,264,12,482,50,46,96,578
04/18/2001,LIT,AR,ASW,CE,Towers with Radar,90,95,135,12,332,1,9,107,2,119,91,104,242,14,451,40,22,62,513
04/19/2001,LIT,AR,ASW,CE,Towers with Radar,88,107,136,8,339,0,0,121,3,124,88,107,257,11,463,10,22,32,495
04/20/2001,LIT,AR,ASW,CE,Towers with Radar,98,97,115,3,313,1,0,34,1,36,99,97,149,4,349,32,4,36,385
04/21/2001,LIT,AR,ASW,CE,Towers with Radar,85,49,52,8,194,0,0,35,0,35,85,49,87,8,229,10,20,30,259
04/22/2001,LIT,AR,ASW,CE,Towers with Radar,76,53,47,7,183,1,0,33,0,34,77,53,80,7,217,10,10,20,237
04/23/2001,LIT,AR,ASW,CE,Towers with Radar,93,82,87,12,274,1,0,30,0,31,94,82,117,12,305,20,30,50,355
04/24/2001,LIT,AR,ASW,CE,Towers with Radar,96,116,137,29,378,0,0,142,0,142,96,116,279,29,520,27,25,52,572
04/25/2001,LIT,AR,ASW,CE,Towers with Radar,94,129,174,7,404,1,2,137,0,140,95,131,311,7,544,52,2,54,598
04/26/2001,LIT,AR,ASW,CE,Towers with Radar,96,108,143,7,354,0,2,160,2,164,96,110,303,9,518,34,16,50,568
04/27/2001,LIT,AR,ASW,CE,Towers with Radar,93,98,133,14,338,0,5,128,4,137,93,103,261,18,475,54,50,104,579
04/28/2001,LIT,AR,ASW,CE,Towers with Radar,86,49,71,1,207,0,0,132,0,132,86,49,203,1,339,22,0,22,361
04/29/2001,LIT,AR,ASW,CE,Towers with Radar,77,46,63,6,192,0,0,107,0,107,77,46,170,6,299,32,0,32,331
04/30/2001,LIT,AR,ASW,CE,Towers with Radar,90,96,108,16,310,0,3,112,0,115,90,99,220,16,425,76,6,82,507
05/01/2001,LIT,AR,ASW,CE,Towers with Radar,99,116,153,5,373,0,12,106,0,118,99,128,259,5,491,86,10,96,587
05/02/2001,LIT,AR,ASW,CE,Towers with Radar,90,79,124,8,301,0,6,81,5,92,90,85,205,13,393,48,34,82,475
05/03/2001,LIT,AR,ASW,CE,Towers with Radar,93,96,140,24,353,0,3,119,10,132,93,99,259,34,485,36,104,140,625
05/04/2001,LIT,AR,ASW,CE,Towers with Radar,100,97,135,22,354,0,1,103,3,107,100,98,238,25,461,24,74,98,559
05/05/2001,LIT,AR,ASW,CE,Towers with Radar,85,46,54,6,191,0,0,40,0,40,85,46,94,6,231,35,4,39,270
05/06/2001,LIT,AR,ASW,CE,Towers with Radar,76,51,55,12,194,0,0,68,1,69,76,51,123,13,263,12,10,22,285
05/07/2001,LIT,AR,ASW,CE,Towers with Radar,79,79,119,26,303,0,0,26,1,27,79,79,145,27,330,38,40,78,408
05/08/2001,LIT,AR,ASW,CE,Towers with Radar,94,115,149,41,399,0,0,94,3,97,94,115,243,44,496,64,118,182,678
05/09/2001,LIT,AR,ASW,CE,Towers with Radar,92,101,157,4,354,0,1,122,0,123,92,102,279,4,477,48,2,50,527
05/10/2001,LIT,AR,ASW,CE,Towers with Radar,89,107,156,54,406,0,0,113,10,123,89,107,269,64,529,36,76,112,641
05/11/2001,LIT,AR,ASW,CE,Towers with Radar,91,86,125,18,320,0,1,68,4,73,91,87,193,22,393,32,16,48,441
05/12/2001,LIT,AR,ASW,CE,Towers with Radar,82,49,55,2,188,0,4,81,0,85,82,53,136,2,273,35,0,35,308
05/13/2001,LIT,AR,ASW,CE,Towers with Radar,84,44,58,1,187,0,0,68,5,73,84,44,126,6,260,22,2,24,284
05/14/2001,LIT,AR,ASW,CE,Towers with Radar,89,82,146,10,327,0,0,122,4,126,89,82,268,14,453,74,46,120,573
05/15/2001,LIT,AR,ASW,CE,Towers with Radar,99,101,147,25,372,0,2,120,2,124,99,103,267,27,496,12,24,36,532
05/16/2001,LIT,AR,ASW,CE,Towers with Radar,94,103,177,41,415,0,0,111,1,112,94,103,288,42,527,26,48,74,601
05/17/2001,LIT,AR,ASW,CE,Towers with Radar,98,93,159,32,382,0,2,132,7,141,98,95,291,39,523,74,106,180,703
05/18/2001,LIT,AR,ASW,CE,Towers with Radar,95,88,107,16,306,0,0,61,2,63,95,88,168,18,369,24,52,76,445
05/19/2001,LIT,AR,ASW,CE,Towers with Radar,88,61,49,7,205,0,0,103,1,104,88,61,152,8,309,50,4,54,363
05/20/2001,LIT,AR,ASW,CE,Towers with Radar,91,51,54,1,197,0,0,30,1,31,91,51,84,2,228,10,0,10,238
05/21/2001,LIT,AR,ASW,CE,Towers with Radar,93,85,109,46,333,0,10,14,0,24,93,95,123,46,357,48,234,282,639
05/22/2001,LIT,AR,ASW,CE,Towers with Radar,95,110,126,41,372,0,9,137,2,148,95,119,263,43,520,66,250,316,836
05/23/2001,LIT,AR,ASW,CE,Towers with Radar,95,104,137,21,357,0,2,115,2,119,95,106,252,23,476,74,72,146,622
05/24/2001,LIT,AR,ASW,CE,Towers with Radar,95,111,154,12,372,0,0,116,3,119,95,111,270,15,491,51,46,97,588
05/25/2001,LIT,AR,ASW,CE,Towers with Radar,90,98,145,3,336,0,0,134,5,139,90,98,279,8,475,32,4,36,511
05/26/2001,LIT,AR,ASW,CE,Towers with Radar,76,54,75,3,208,0,0,118,1,119,76,54,193,4,327,50,6,56,383
05/27/2001,LIT,AR,ASW,CE,Towers with Radar,64,27,36,3,130,0,0,41,0,41,64,27,77,3,171,28,0,28,199
05/28/2001,LIT,AR,ASW,CE,Towers with Radar,75,52,53,0,180,0,0,46,0,46,75,52,99,0,226,32,0,32,258
05/29/2001,LIT,AR,ASW,CE,Towers with Radar,87,91,124,7,309,0,0,82,1,83,87,91,206,8,392,40,10,50,442
05/30/2001,LIT,AR,ASW,CE,Towers with Radar,99,84,124,15,322,0,0,31,0,31,99,84,155,15,353,34,28,62,415
05/31/2001,LIT,AR,ASW,CE,Towers with Radar,97,86,110,49,342,0,0,45,8,53,97,86,155,57,395,21,134,155,550
06/01/2001,LIT,AR,ASW,CE,Towers with Radar,99,101,135,33,368,1,3,167,2,173,100,104,302,35,541,50,146,196,737
06/02/2001,LIT,AR,ASW,CE,Towers with Radar,81,58,57,2,198,1,7,103,2,113,82,65,160,4,311,40,0,40,351
06/03/2001,LIT,AR,ASW,CE,Towers with Radar,84,49,53,3,189,1,0,46,2,49,85,49,99,5,238,8,4,12,250
06/04/2001,LIT,AR,ASW,CE,Towers with Radar,83,77,112,26,298,1,2,41,0,44,84,79,153,26,342,24,105,129,471
06/05/2001,LIT,AR,ASW,CE,Towers with Radar,91,131,136,34,392,1,4,63,2,70,92,135,199,36,462,20,68,88,550
06/06/2001,LIT,AR,ASW,CE,Towers with Radar,95,121,143,20,379,1,0,16,0,17,96,121,159,20,396,20,20,40,436
06/07/2001,LIT,AR,ASW,CE,Towers with Radar,99,107,178,21,405,1,0,33,0,34,100,107,211,21,439,54,18,72,511
06/08/2001,LIT,AR,ASW,CE,Towers with Radar,95,102,171,64,432,1,0,112,9,122,96,102,283,73,554,48,146,194,748
06/09/2001,LIT,AR,ASW,CE,Towers with Radar,81,49,74,23,227,1,0,135,0,136,82,49,209,23,363,60,24,84,447
06/10/2001,LIT,AR,ASW,CE,Towers with Radar,84,52,77,32,245,1,0,81,0,82,85,52,158,32,327,14,49,63,390
06/11/2001,LIT,AR,ASW,CE,Towers with Radar,91,79,115,44,329,1,12,130,1,144,92,91,245,45,473,54,118,172,645
06/12/2001,LIT,AR,ASW,CE,Towers with Radar,98,110,134,30,372,1,11,165,2,179,99,121,299,32,551,42,62,104,655
06/13/2001,LIT,AR,ASW,CE,Towers with Radar,91,102,141,32,366,0,0,125,18,143,91,102,266,50,509,52,114,166,675
06/14/2001,LIT,AR,ASW,CE,Towers with Radar,95,113,173,22,403,1,0,64,0,65,96,113,237,22,468,34,16,50,518
06/15/2001,LIT,AR,ASW,CE,Towers with Radar,102,109,148,17,376,1,12,101,0,114,103,121,249,17,490,62,12,74,564
06/16/2001,LIT,AR,ASW,CE,Towers with Radar,85,70,75,4,234,1,12,165,1,179,86,82,240,5,413,80,2,82,495
06/17/2001,LIT,AR,ASW,CE,Towers with Radar,80,58,64,2,204,1,0,94,0,95,81,58,158,2,299,16,0,16,315
06/18/2001,LIT,AR,ASW,CE,Towers with Radar,90,90,105,15,300,1,5,131,1,138,91,95,236,16,438,34,30,64,502
06/19/2001,LIT,AR,ASW,CE,Towers with Radar,88,101,145,23,357,1,0,140,1,142,89,101,285,24,499,68,16,84,583
06/20/2001,LIT,AR,ASW,CE,Towers with Radar,109,126,121,30,386,1,8,123,2,134,110,134,244,32,520,74,28,102,622
06/21/2001,LIT,AR,ASW,CE,Towers with Radar,87,117,118,38,360,1,2,66,8,77,88,119,184,46,437,18,96,114,551
06/22/2001,LIT,AR,ASW,CE,Towers with Radar,94,127,163,69,453,0,4,138,3,145,94,131,301,72,598,80,128,208,806
06/23/2001,LIT,AR,ASW,CE,Towers with Radar,100,70,71,12,253,0,9,109,0,118,100,79,180,12,371,60,24,84,455
06/24/2001,LIT,AR,ASW,CE,Towers with Radar,76,60,63,10,209,0,3,98,0,101,76,63,161,10,310,52,2,54,364
06/25/2001,LIT,AR,ASW,CE,Towers with Radar,90,84,120,43,337,0,1,117,6,124,90,85,237,49,461,76,112,188,649
06/26/2001,LIT,AR,ASW,CE,Towers with Radar,97,118,138,20,373,0,1,119,7,127,97,119,257,27,500,20,58,78,578
06/27/2001,LIT,AR,ASW,CE,Towers with Radar,89,107,112,29,337,0,1,57,1,59,89,108,169,30,396,4,96,100,496
06/28/2001,LIT,AR,ASW,CE,Towers with Radar,90,111,128,38,367,0,1,22,4,27,90,112,150,42,394,10,98,108,502
06/29/2001,LIT,AR,ASW,CE,Towers with Radar,98,112,138,36,384,0,1,44,0,45,98,113,182,36,429,82,76,158,587
06/30/2001,LIT,AR,ASW,CE,Towers with Radar,81,48,55,3,187,0,1,46,0,47,81,49,101,3,234,14,8,22,256
07/01/2001,LIT,AR,ASW,CE,Towers with Radar,84,51,63,8,206,0,0,63,0,63,84,51,126,8,269,12,4,16,285
07/02/2001,LIT,AR,ASW,CE,Towers with Radar,95,96,105,28,324,0,0,75,0,75,95,96,180,28,399,66,102,168,567
07/03/2001,LIT,AR,ASW,CE,Towers with Radar,89,104,111,27,331,0,0,106,2,108,89,104,217,29,439,50,74,124,563
07/04/2001,LIT,AR,ASW,CE,Towers with Radar,73,48,31,6,158,0,0,75,0,75,73,48,106,6,233,14,22,36,269
07/05/2001,LIT,AR,ASW,CE,Towers with Radar,92,97,86,3,278,0,0,101,2,103,92,97,187,5,381,62,18,80,461
07/06/2001,LIT,AR,ASW,CE,Towers with Radar,95,93,114,50,352,0,1,119,4,124,95,94,233,54,476,30,84,114,590
07/07/2001,LIT,AR,ASW,CE,Towers with Radar,78,45,44,6,173,0,0,96,0,96,78,45,140,6,269,56,56,112,381
07/08/2001,LIT,AR,ASW,CE,Towers with Radar,81,53,62,6,202,0,0,87,1,88,81,53,149,7,290,18,0,18,308
07/09/2001,LIT,AR,ASW,CE,Towers with Radar,96,84,116,11,307,0,1,105,0,106,96,85,221,11,413,36,34,70,483
07/10/2001,LIT,AR,ASW,CE,Towers with Radar,98,109,124,8,339,0,0,99,0,99,98,109,223,8,438,72,24,96,534
07/11/2001,LIT,AR,ASW,CE,Towers with Radar,96,95,143,33,367,0,1,127,3,131,96,96,270,36,498,94,108,202,700
07/12/2001,LIT,AR,ASW,CE,Towers with Radar,90,87,141,30,348,0,1,99,2,102,90,88,240,32,450,28,116,144,594
07/13/2001,LIT,AR,ASW,CE,Towers with Radar,89,98,125,2,314,0,0,42,0,42,89,98,167,2,356,20,0,20,376
07/14/2001,LIT,AR,ASW,CE,Towers with Radar,83,62,48,0,193,0,0,128,2,130,83,62,176,2,323,74,0,74,397
07/15/2001,LIT,AR,ASW,CE,Towers with Radar,84,53,80,7,224,0,0,83,0,83,84,53,163,7,307,70,16,86,393
07/16/2001,LIT,AR,ASW,CE,Towers with Radar,91,77,101,13,282,0,2,85,0,87,91,79,186,13,369,40,14,54,423
07/17/2001,LIT,AR,ASW,CE,Towers with Radar,98,102,159,19,378,0,0,88,1,89,98,102,247,20,467,100,70,170,637
07/18/2001,LIT,AR,ASW,CE,Towers with Radar,95,110,148,27,380,0,6,116,3,125,95,116,264,30,505,60,112,172,677
07/19/2001,LIT,AR,ASW,CE,Towers with Radar,96,105,193,59,453,0,2,103,1,106,96,107,296,60,559,76,90,166,725
07/20/2001,LIT,AR,ASW,CE,Towers with Radar,87,99,155,25,366,0,12,137,2,151,87,111,292,27,517,116,128,244,761
07/21/2001,LIT,AR,ASW,CE,Towers with Radar,90,50,58,23,221,0,7,82,3,92,90,57,140,26,313,28,72,100,413
07/22/2001,LIT,AR,ASW,CE,Towers with Radar,83,55,72,0,210,0,0,64,0,64,83,55,136,0,274,60,0,60,334
07/23/2001,LIT,AR,ASW,CE,Towers with Radar,88,74,100,31,293,0,2,111,9,122,88,76,211,40,415,64,76,140,555
07/24/2001,LIT,AR,ASW,CE,Towers with Radar,96,87,136,24,343,0,0,121,6,127,96,87,257,30,470,50,66,116,586
07/25/2001,LIT,AR,ASW,CE,Towers with Radar,94,90,153,20,357,0,0,99,2,101,94,90,252,22,458,36,34,70,528
07/26/2001,LIT,AR,ASW,CE,Towers with Radar,90,112,154,32,388,0,0,54,1,55,90,112,208,33,443,12,90,102,545
07/27/2001,LIT,AR,ASW,CE,Towers with Radar,102,100,129,29,360,0,2,65,4,71,102,102,194,33,431,10,72,82,513
07/28/2001,LIT,AR,ASW,CE,Towers with Radar,84,55,60,8,207,0,8,30,0,38,84,63,90,8,245,8,0,8,253
07/29/2001,LIT,AR,ASW,CE,Towers with Radar,78,52,84,3,217,0,0,42,0,42,78,52,126,3,259,18,0,18,277
07/30/2001,LIT,AR,ASW,CE,Towers with Radar,0,0,0,0,0,0,0,0,0,0,0,0,0,0,0,0,0,0,0
07/31/2001,LIT,AR,ASW,CE,Towers with Radar,94,99,143,34,370,0,2,86,8,96,94,101,229,42,466,18,108,126,592
08/01/2001,LIT,AR,ASW,CE,Towers with Radar,93,103,164,65,425,1,2,64,1,68,94,105,228,66,493,6,64,70,563
08/02/2001,LIT,AR,ASW,CE,Towers with Radar,96,95,143,59,393,1,1,131,7,140,97,96,274,66,533,66,146,212,745
08/03/2001,LIT,AR,ASW,CE,Towers with Radar,93,122,110,23,348,1,0,130,2,133,94,122,240,25,481,44,48,92,573
08/04/2001,LIT,AR,ASW,CE,Towers with Radar,85,61,65,4,215,1,11,84,0,96,86,72,149,4,311,50,2,52,363
08/05/2001,LIT,AR,ASW,CE,Towers with Radar,81,43,63,8,195,1,0,70,0,71,82,43,133,8,266,48,8,56,322
08/06/2001,LIT,AR,ASW,CE,Towers with Radar,96,84,77,56,313,1,1,74,12,88,97,85,151,68,401,10,64,74,475
08/07/2001,LIT,AR,ASW,CE,Towers with Radar,96,102,120,37,355,1,0,63,4,68,97,102,183,41,423,42,92,134,557
08/08/2001,LIT,AR,ASW,CE,Towers with Radar,98,107,108,42,355,0,1,76,0,77,98,108,184,42,432,30,143,173,605
08/09/2001,LIT,AR,ASW,CE,Towers with Radar,84,96,139,36,355,0,1,89,3,93,84,97,228,39,448,72,86,158,606
08/10/2001,LIT,AR,ASW,CE,Towers with Radar,107,109,128,14,358,0,1,53,1,55,107,110,181,15,413,26,8,34,447
08/11/2001,LIT,AR,ASW,CE,Towers with Radar,87,71,54,19,231,0,1,32,2,35,87,72,86,21,266,40,38,78,344
08/12/2001,LIT,AR,ASW,CE,Towers with Radar,86,56,50,7,199,0,1,23,0,24,86,57,73,7,223,32,6,38,261
08/13/2001,LIT,AR,ASW,CE,Towers with Radar,94,95,139,52,380,0,5,74,4,83,94,100,213,56,463,38,62,100,563
08/14/2001,LIT,AR,ASW,CE,Towers with Radar,97,111,141,62,411,0,7,196,5,208,97,118,337,67,619,92,144,236,855
08/15/2001,LIT,AR,ASW,CE,Towers with Radar,94,114,131,25,364,0,5,152,6,163,94,119,283,31,527,22,50,72,599
08/16/2001,LIT,AR,ASW,CE,Towers with Radar,94,112,133,55,394,0,3,2,2,7,94,115,135,57,401,52,92,144,545
08/17/2001,LIT,AR,ASW,CE,Towers with Radar,92,110,106,67,375,0,4,12,5,21,92,114,118,72,396,66,166,232,628
08/18/2001,LIT,AR,ASW,CE,Towers with Radar,93,56,67,4,220,0,0,82,0,82,93,56,149,4,302,64,0,64,366
08/19/2001,LIT,AR,ASW,CE,Towers with Radar,81,51,40,14,186,0,0,67,0,67,81,51,107,14,253,8,6,14,267
08/20/2001,LIT,AR,ASW,CE,Towers with Radar,90,91,121,33,335,0,0,73,8,81,90,91,194,41,416,58,214,272,688
08/21/2001,LIT,AR,ASW,CE,Towers with Radar,91,112,155,17,375,0,0,116,2,118,91,112,271,19,493,38,60,98,591
08/22/2001,LIT,AR,ASW,CE,Towers with Radar,91,107,129,12,339,0,0,142,26,168,91,107,271,38,507,50,48,98,605
08/23/2001,LIT,AR,ASW,CE,Towers with Radar,94,116,153,50,413,0,3,156,6,165,94,119,309,56,578,74,102,176,754
08/24/2001,LIT,AR,ASW,CE,Towers with Radar,94,116,127,59,396,0,9,128,5,142,94,125,255,64,538,28,80,108,646
08/25/2001,LIT,AR,ASW,CE,Towers with Radar,85,48,82,13,228,0,2,95,1,98,85,50,177,14,326,50,11,61,387
08/26/2001,LIT,AR,ASW,CE,Towers with Radar,80,58,65,10,213,0,5,63,0,68,80,63,128,10,281,42,10,52,333
08/27/2001,LIT,AR,ASW,CE,Towers with Radar,86,99,109,13,307,0,0,93,1,94,86,99,202,14,401,26,54,80,481
08/28/2001,LIT,AR,ASW,CE,Towers with Radar,91,129,169,29,418,0,9,121,3,133,91,138,290,32,551,72,76,148,699
08/29/2001,LIT,AR,ASW,CE,Towers with Radar,102,121,161,56,440,0,7,100,1,108,102,128,261,57,548,78,90,168,716
08/30/2001,LIT,AR,ASW,CE,Towers with Radar,95,107,170,34,406,0,0,40,4,44,95,107,210,38,450,24,44,68,518
08/31/2001,LIT,AR,ASW,CE,Towers with Radar,99,110,177,25,411,0,0,6,2,8,99,110,183,27,419,28,32,60,479
09/01/2001,LIT,AR,ASW,CE,Towers with Radar,75,54,61,0,190,1,1,25,0,27,76,55,86,0,217,36,0,36,253
09/02/2001,LIT,AR,ASW,CE,Towers with Radar,65,46,30,2,143,0,1,15,0,16,65,47,45,2,159,26,4,30,189
09/03/2001,LIT,AR,ASW,CE,Towers with Radar,79,56,70,0,205,0,1,67,2,70,79,57,137,2,275,28,0,28,303
09/04/2001,LIT,AR,ASW,CE,Towers with Radar,92,87,109,31,319,0,4,97,2,103,92,91,206,33,422,50,40,90,512
09/05/2001,LIT,AR,ASW,CE,Towers with Radar,85,129,143,28,385,0,4,94,3,101,85,133,237,31,486,52,86,138,624
09/06/2001,LIT,AR,ASW,CE,Towers with Radar,91,120,155,47,413,0,1,110,4,115,91,121,265,51,528,82,174,256,784
09/07/2001,LIT,AR,ASW,CE,Towers with Radar,97,101,142,28,368,0,2,80,2,84,97,103,222,30,452,52,90,142,594
09/08/2001,LIT,AR,ASW,CE,Towers with Radar,88,49,73,16,226,0,2,44,2,48,88,51,117,18,274,20,84,104,378
09/09/2001,LIT,AR,ASW,CE,Towers with Radar,80,48,74,11,213,0,2,35,1,38,80,50,109,12,251,52,18,70,321
09/10/2001,LIT,AR,ASW,CE,Towers with Radar,91,93,93,27,304,0,2,128,1,131,91,95,221,28,435,26,44,70,505
09/11/2001,LIT,AR,ASW,CE,Towers with Radar,44,43,36,4,127,0,9,14,0,23,44,52,50,4,150,22,0,22,172
09/12/2001,LIT,AR,ASW,CE,Towers with Radar,0,0,3,0,3,0,1,9,0,10,0,1,12,0,13,0,0,0,13
09/13/2001,LIT,AR,ASW,CE,Towers with Radar,17,39,9,10,75,0,2,5,2,9,17,41,14,12,84,0,10,10,94
09/14/2001,LIT,AR,ASW,CE,Towers with Radar,52,102,51,19,224,0,3,12,1,16,52,105,63,20,240,0,62,62,302
09/15/2001,LIT,AR,ASW,CE,Towers with Radar,69,62,85,34,250,0,2,4,0,6,69,64,89,34,256,8,124,132,388
09/16/2001,LIT,AR,ASW,CE,Towers with Radar,85,50,59,0,194,0,1,4,0,5,85,51,63,0,199,0,0,0,199
09/17/2001,LIT,AR,ASW,CE,Towers with Radar,83,89,129,37,338,0,2,5,1,8,83,91,134,38,346,14,90,104,450
09/18/2001,LIT,AR,ASW,CE,Towers with Radar,79,91,119,24,313,0,1,7,10,18,79,92,126,34,331,0,92,92,423
09/19/2001,LIT,AR,ASW,CE,Towers with Radar,79,124,183,26,412,0,1,11,1,13,79,125,194,27,425,22,78,100,525
09/20/2001,LIT,AR,ASW,CE,Towers with Radar,86,130,169,24,409,0,1,52,2,55,86,131,221,26,464,14,65,79,543
09/21/2001,LIT,AR,ASW,CE,Towers with Radar,83,113,128,30,354,0,1,29,4,34,83,114,157,34,388,30,128,158,546
09/22/2001,LIT,AR,ASW,CE,Towers with Radar,73,61,74,3,211,0,1,65,0,66,73,62,139,3,277,12,2,14,291
09/23/2001,LIT,AR,ASW,CE,Towers with Radar,73,49,64,1,187,0,1,40,1,42,73,50,104,2,229,6,0,6,235
09/24/2001,LIT,AR,ASW,CE,Towers with Radar,85,91,142,25,343,0,0,43,43,86,85,91,185,68,429,18,128,146,575
09/25/2001,LIT,AR,ASW,CE,Towers with Radar,84,116,156,19,375,0,1,104,3,108,84,117,260,22,483,46,74,120,603
09/26/2001,LIT,AR,ASW,CE,Towers with Radar,90,119,149,32,390,0,4,136,0,140,90,123,285,32,530,56,32,88,618
09/27/2001,LIT,AR,ASW,CE,Towers with Radar,92,123,161,16,392,0,3,131,1,135,92,126,292,17,527,90,110,200,727
09/28/2001,LIT,AR,ASW,CE,Towers with Radar,77,105,163,12,357,0,1,122,2,125,77,106,285,14,482,92,2,94,576
09/29/2001,LIT,AR,ASW,CE,Towers with Radar,79,50,48,0,177,0,1,121,0,122,79,51,169,0,299,26,0,26,325
09/30/2001,LIT,AR,ASW,CE,Towers with Radar,49,43,64,0,156,27,0,113,0,140,76,43,177,0,296,58,2,60,356
10/01/2001,LIT,AR,ASW,CE,Towers with Radar,83,89,124,45,341,0,0,101,27,128,83,89,225,72,469,22,130,152,621
10/02/2001,LIT,AR,ASW,CE,Towers with Radar,87,112,143,35,377,0,2,124,3,129,87,114,267,38,506,46,116,162,668
10/03/2001,LIT,AR,ASW,CE,Towers with Radar,90,120,133,40,383,0,0,123,0,123,90,120,256,40,506,40,154,194,700
10/04/2001,LIT,AR,ASW,CE,Towers with Radar,97,109,148,30,384,0,1,103,4,108,97,110,251,34,492,64,74,138,630
10/05/2001,LIT,AR,ASW,CE,Towers with Radar,87,94,100,3,284,0,4,14,0,18,87,98,114,3,302,14,2,16,318
10/06/2001,LIT,AR,ASW,CE,Towers with Radar,83,50,78,4,215,0,0,113,0,113,83,50,191,4,328,62,14,76,404
10/07/2001,LIT,AR,ASW,CE,Towers with Radar,75,56,69,4,204,0,0,75,0,75,75,56,144,4,279,36,7,43,322
10/08/2001,LIT,AR,ASW,CE,Towers with Radar,87,65,128,7,287,0,0,101,0,101,87,65,229,7,388,62,4,66,454
10/09/2001,LIT,AR,ASW,CE,Towers with Radar,91,88,151,9,339,0,0,73,0,73,91,88,224,9,412,44,66,110,522
10/10/2001,LIT,AR,ASW,CE,Towers with Radar,91,91,127,25,334,0,0,8,0,8,91,91,135,25,342,8,70,78,420
10/11/2001,LIT,AR,ASW,CE,Towers with Radar,97,109,102,15,323,0,0,8,0,8,97,109,110,15,331,24,32,56,387
10/12/2001,LIT,AR,ASW,CE,Towers with Radar,95,112,132,49,388,0,2,62,4,68,95,114,194,53,456,52,80,132,588
10/13/2001,LIT,AR,ASW,CE,Towers with Radar,86,42,50,1,179,0,2,12,0,14,86,44,62,1,193,8,0,8,201
10/14/2001,LIT,AR,ASW,CE,Towers with Radar,80,46,80,0,206,0,0,85,3,88,80,46,165,3,294,20,0,20,314
10/15/2001,LIT,AR,ASW,CE,Towers with Radar,85,75,131,6,297,0,0,87,0,87,85,75,218,6,384,26,20,46,430
10/16/2001,LIT,AR,ASW,CE,Towers with Radar,86,102,147,22,357,0,6,131,11,148,86,108,278,33,505,20,96,116,621
10/17/2001,LIT,AR,ASW,CE,Towers with Radar,91,102,156,50,399,0,0,148,10,158,91,102,304,60,557,40,104,144,701
10/18/2001,LIT,AR,ASW,CE,Towers with Radar,92,128,208,43,471,0,2,189,6,197,92,130,397,49,668,67,148,215,883
10/19/2001,LIT,AR,ASW,CE,Towers with Radar,86,112,152,35,385,0,7,149,2,158,86,119,301,37,543,76,70,146,689
10/20/2001,LIT,AR,ASW,CE,Towers with Radar,82,51,154,2,289,0,2,253,6,261,82,53,407,8,550,64,24,88,638
10/21/2001,LIT,AR,ASW,CE,Towers with Radar,79,54,133,9,275,0,0,126,1,127,79,54,259,10,402,74,4,78,480
10/22/2001,LIT,AR,ASW,CE,Towers with Radar,86,86,159,21,352,0,0,74,1,75,86,86,233,22,427,30,92,122,549
10/23/2001,LIT,AR,ASW,CE,Towers with Radar,89,102,156,17,364,0,1,24,1,26,89,103,180,18,390,32,25,57,447
10/24/2001,LIT,AR,ASW,CE,Towers with Radar,90,91,170,27,378,0,0,29,1,30,90,91,199,28,408,30,58,88,496
10/25/2001,LIT,AR,ASW,CE,Towers with Radar,91,105,190,43,429,0,0,129,10,139,91,105,319,53,568,34,92,126,694
10/26/2001,LIT,AR,ASW,CE,Towers with Radar,95,102,143,13,353,0,0,116,4,120,95,102,259,17,473,56,16,72,545
10/27/2001,LIT,AR,ASW,CE,Towers with Radar,79,49,79,8,215,0,0,86,0,86,79,49,165,8,301,30,20,50,351
10/28/2001,LIT,AR,ASW,CE,Towers with Radar,69,56,85,2,212,0,0,107,0,107,69,56,192,2,319,20,0,20,339
10/29/2001,LIT,AR,ASW,CE,Towers with Radar,79,96,115,27,317,0,17,101,1,119,79,113,216,28,436,52,64,116,552
10/30/2001,LIT,AR,ASW,CE,Towers with Radar,88,111,135,43,377,0,0,111,2,113,88,111,246,45,490,52,180,232,722
10/31/2001,LIT,AR,ASW,CE,Towers with Radar,87,103,113,35,338,0,0,104,11,115,87,103,217,46,453,28,98,126,579
11/01/2001,LIT,AR,ASW,CE,Towers with Radar,81,117,131,51,380,2,2,81,6,91,83,119,212,57,471,42,178,220,691
11/02/2001,LIT,AR,ASW,CE,Towers with Radar,87,104,147,30,368,0,0,39,6,45,87,104,186,36,413,52,156,208,621
11/03/2001,LIT,AR,ASW,CE,Towers with Radar,77,51,67,9,204,2,4,32,0,38,79,55,99,9,242,42,12,54,296
11/04/2001,LIT,AR,ASW,CE,Towers with Radar,69,47,59,5,180,0,7,72,0,79,69,54,131,5,259,28,2,30,289
11/05/2001,LIT,AR,ASW,CE,Towers with Radar,75,96,125,41,337,22,5,91,1,119,97,101,216,42,456,62,114,176,632
11/06/2001,LIT,AR,ASW,CE,Towers with Radar,89,107,115,17,328,1,6,117,2,126,90,113,232,19,454,28,50,78,532
11/07/2001,LIT,AR,ASW,CE,Towers with Radar,80,101,132,22,335,0,0,130,3,133,80,101,262,25,468,22,98,120,588
11/08/2001,LIT,AR,ASW,CE,Towers with Radar,83,101,158,26,368,2,0,111,22,135,85,101,269,48,503,22,112,134,637
11/09/2001,LIT,AR,ASW,CE,Towers with Radar,89,91,134,26,340,0,0,132,1,133,89,91,266,27,473,94,100,194,667
11/10/2001,LIT,AR,ASW,CE,Towers with Radar,82,41,90,0,213,1,0,65,0,66,83,41,155,0,279,42,4,46,325
11/11/2001,LIT,AR,ASW,CE,Towers with Radar,73,45,89,0,207,0,0,81,0,81,73,45,170,0,288,24,0,24,312
11/12/2001,LIT,AR,ASW,CE,Towers with Radar,82,68,101,1,252,0,0,97,2,99,82,68,198,3,351,30,0,30,381
11/13/2001,LIT,AR,ASW,CE,Towers with Radar,87,88,174,22,371,0,0,104,5,109,87,88,278,27,480,66,32,98,578
11/14/2001,LIT,AR,ASW,CE,Towers with Radar,79,94,141,47,361,1,2,126,6,135,80,96,267,53,496,40,72,112,608
11/15/2001,LIT,AR,ASW,CE,Towers with Radar,89,102,186,42,419,0,5,141,3,149,89,107,327,45,568,56,98,154,722
11/16/2001,LIT,AR,ASW,CE,Towers with Radar,84,96,146,43,369,0,0,133,13,146,84,96,279,56,515,72,103,175,690
11/17/2001,LIT,AR,ASW,CE,Towers with Radar,75,55,69,12,211,0,1,105,1,107,75,56,174,13,318,42,14,56,374
11/18/2001,LIT,AR,ASW,CE,Towers with Radar,75,43,74,10,202,0,0,82,2,84,75,43,156,12,286,14,6,20,306
11/19/2001,LIT,AR,ASW,CE,Towers with Radar,78,89,124,19,310,0,0,57,0,57,78,89,181,19,367,20,58,78,445
11/20/2001,LIT,AR,ASW,CE,Towers with Radar,85,108,149,19,361,1,0,106,5,112,86,108,255,24,473,32,34,66,539
11/21/2001,LIT,AR,ASW,CE,Towers with Radar,85,87,133,18,323,1,0,149,3,153,86,87,282,21,476,88,59,147,623
11/22/2001,LIT,AR,ASW,CE,Towers with Radar,54,45,49,2,150,1,0,42,0,43,55,45,91,2,193,2,0,2,195
11/23/2001,LIT,AR,ASW,CE,Towers with Radar,58,46,79,0,183,1,0,11,0,12,59,46,90,0,195,0,0,0,195
11/24/2001,LIT,AR,ASW,CE,Towers with Radar,62,45,43,5,155,1,0,45,0,46,63,45,88,5,201,40,0,40,241
11/25/2001,LIT,AR,ASW,CE,Towers with Radar,67,48,118,1,234,1,0,116,0,117,68,48,234,1,351,16,0,16,367
11/26/2001,LIT,AR,ASW,CE,Towers with Radar,76,86,87,39,288,0,0,5,0,5,76,86,92,39,293,0,0,0,293
11/27/2001,LIT,AR,ASW,CE,Towers with Radar,83,128,126,83,420,1,0,69,1,71,84,128,195,84,491,20,196,216,707
11/28/2001,LIT,AR,ASW,CE,Towers with Radar,85,99,72,19,275,0,0,0,0,0,85,99,72,19,275,12,32,44,319
11/29/2001,LIT,AR,ASW,CE,Towers with Radar,96,105,81,24,306,1,0,1,191,193,97,105,82,215,499,0,32,32,531
11/30/2001,LIT,AR,ASW,CE,Towers with Radar,81,94,143,40,358,0,0,101,4,105,81,94,244,44,463,26,78,104,567
12/01/2001,LIT,AR,ASW,CE,Towers with Radar,70,30,64,0,164,0,1,120,0,121,70,31,184,0,285,76,8,84,369
12/02/2001,LIT,AR,ASW,CE,Towers with Radar,63,52,76,0,191,0,0,105,1,106,63,52,181,1,297,54,10,64,361
12/03/2001,LIT,AR,ASW,CE,Towers with Radar,73,83,142,45,343,0,0,70,4,74,73,83,212,49,417,26,54,80,497
12/04/2001,LIT,AR,ASW,CE,Towers with Radar,81,108,168,22,379,0,0,128,7,135,81,108,296,29,514,68,68,136,650
12/05/2001,LIT,AR,ASW,CE,Towers with Radar,79,101,193,75,448,0,0,22,3,25,79,101,215,78,473,28,92,120,593
12/06/2001,LIT,AR,ASW,CE,Towers with Radar,86,103,143,20,352,0,0,17,2,19,86,103,160,22,371,8,36,44,415
12/07/2001,LIT,AR,ASW,CE,Towers with Radar,78,90,126,48,342,0,0,4,1,5,78,90,130,49,347,17,8,25,372
12/08/2001,LIT,AR,ASW,CE,Towers with Radar,59,57,80,5,201,13,0,40,0,53,72,57,120,5,254,56,4,60,314
12/09/2001,LIT,AR,ASW,CE,Towers with Radar,66,42,68,15,191,0,0,88,1,89,66,42,156,16,280,50,26,76,356
12/10/2001,LIT,AR,ASW,CE,Towers with Radar,74,81,131,20,306,0,2,134,18,154,74,83,265,38,460,76,76,152,612
12/11/2001,LIT,AR,ASW,CE,Towers with Radar,86,98,171,37,392,0,0,72,3,75,86,98,243,40,467,30,70,100,567
12/12/2001,LIT,AR,ASW,CE,Towers with Radar,79,98,127,1,305,0,0,1,0,1,79,98,128,1,306,0,0,0,306
12/13/2001,LIT,AR,ASW,CE,Towers with Radar,79,101,161,40,381,0,0,11,5,16,79,101,172,45,397,56,264,320,717
12/14/2001,LIT,AR,ASW,CE,Towers with Radar,84,103,176,44,407,0,0,64,6,70,84,103,240,50,477,60,106,166,643
12/15/2001,LIT,AR,ASW,CE,Towers with Radar,66,54,69,16,205,0,0,50,0,50,66,54,119,16,255,58,20,78,333
12/16/2001,LIT,AR,ASW,CE,Towers with Radar,67,50,38,6,161,0,0,0,0,0,67,50,38,6,161,0,4,4,165
12/17/2001,LIT,AR,ASW,CE,Towers with Radar,77,81,114,58,330,0,0,26,12,38,77,81,140,70,368,30,156,186,554
12/18/2001,LIT,AR,ASW,CE,Towers with Radar,79,108,139,27,353,0,0,195,5,200,79,108,334,32,553,35,147,182,735
12/19/2001,LIT,AR,ASW,CE,Towers with Radar,82,90,153,33,358,0,0,89,1,90,82,90,242,34,448,18,108,126,574
12/20/2001,LIT,AR,ASW,CE,Towers with Radar,85,110,147,15,357,0,0,159,1,160,85,110,306,16,517,72,46,118,635
12/21/2001,LIT,AR,ASW,CE,Towers with Radar,82,106,126,1,315,0,0,149,0,149,82,106,275,1,464,58,0,58,522
12/22/2001,LIT,AR,ASW,CE,Towers with Radar,69,50,76,0,195,0,0,11,0,11,69,50,87,0,206,6,0,6,212
12/23/2001,LIT,AR,ASW,CE,Towers with Radar,60,40,40,0,140,0,0,63,0,63,60,40,103,0,203,2,1,3,206
12/24/2001,LIT,AR,ASW,CE,Towers with Radar,59,45,46,0,150,0,0,53,0,53,59,45,99,0,203,8,0,8,211
12/25/2001,LIT,AR,ASW,CE,Towers with Radar,52,43,28,0,123,0,0,25,0,25,52,43,53,0,148,0,0,0,148
12/26/2001,LIT,AR,ASW,CE,Towers with Radar,79,67,83,5,234,0,0,85,1,86,79,67,168,6,320,16,0,16,336
12/27/2001,LIT,AR,ASW,CE,Towers with Radar,83,91,94,10,278,0,0,140,0,140,83,91,234,10,418,38,42,80,498
12/28/2001,LIT,AR,ASW,CE,Towers with Radar,76,78,90,2,246,0,0,122,0,122,76,78,212,2,368,80,8,88,456
12/29/2001,LIT,AR,ASW,CE,Towers with Radar,68,45,68,0,181,0,0,72,0,72,68,45,140,0,253,46,0,46,299
12/30/2001,LIT,AR,ASW,CE,Towers with Radar,64,38,42,0,144,0,0,55,0,55,64,38,97,0,199,28,0,28,227
12/31/2001,LIT,AR,ASW,CE,Towers with Radar,58,48,44,0,150,0,0,54,0,54,58,48,98,0,204,25,0,25,229
01/01/2002,LIT,AR,ASW,CE,Towers with Radar,62,54,43,0,159,2,0,27,0,29,64,54,70,0,188,20,0,20,208
01/02/2002,LIT,AR,ASW,CE,Towers with Radar,0,0,0,0,0,0,0,0,0,0,0,0,0,0,0,0,0,0,0
01/03/2002,LIT,AR,ASW,CE,Towers with Radar,76,82,101,10,269,0,0,88,0,88,76,82,189,10,357,26,24,50,407
01/04/2002,LIT,AR,ASW,CE,Towers with Radar,73,93,100,33,299,0,0,86,8,94,73,93,186,41,393,14,132,146,539
01/05/2002,LIT,AR,ASW,CE,Towers with Radar,66,41,36,1,144,0,0,11,0,11,66,41,47,1,155,6,0,6,161
01/06/2002,LIT,AR,ASW,CE,Towers with Radar,62,46,59,4,171,0,0,52,0,52,62,46,111,4,223,60,0,60,283
01/07/2002,LIT,AR,ASW,CE,Towers with Radar,77,90,61,11,239,0,0,77,0,77,77,90,138,11,316,38,32,70,386
01/08/2002,LIT,AR,ASW,CE,Towers with Radar,83,86,133,17,319,0,0,106,0,106,83,86,239,17,425,24,80,104,529
01/09/2002,LIT,AR,ASW,CE,Towers with Radar,77,84,153,50,364,0,0,117,4,121,77,84,270,54,485,18,210,228,713
01/10/2002,LIT,AR,ASW,CE,Towers with Radar,76,97,158,14,345,0,0,16,1,17,76,97,174,15,362,48,58,106,468
01/11/2002,LIT,AR,ASW,CE,Towers with Radar,83,88,131,21,323,0,2,103,0,105,83,90,234,21,428,84,32,116,544
01/12/2002,LIT,AR,ASW,CE,Towers with Radar,66,46,62,3,177,0,1,112,0,113,66,47,174,3,290,78,22,100,390
01/13/2002,LIT,AR,ASW,CE,Towers with Radar,67,57,59,15,198,0,2,97,0,99,67,59,156,15,297,70,18,88,385
01/14/2002,LIT,AR,ASW,CE,Towers with Radar,76,75,103,40,294,0,9,89,0,98,76,84,192,40,392,110,66,176,568
01/15/2002,LIT,AR,ASW,CE,Towers with Radar,79,99,117,44,339,0,2,108,0,110,79,101,225,44,449,18,188,206,655
01/16/2002,LIT,AR,ASW,CE,Towers with Radar,76,119,178,37,410,0,1,130,0,131,76,120,308,37,541,84,138,222,763
01/17/2002,LIT,AR,ASW,CE,Towers with Radar,77,101,175,28,381,0,1,42,21,64,77,102,217,49,445,72,70,142,587
01/18/2002,LIT,AR,ASW,CE,Towers with Radar,71,116,143,33,363,0,2,14,0,16,71,118,157,33,379,16,54,70,449
01/19/2002,LIT,AR,ASW,CE,Towers with Radar,72,38,43,1,154,0,1,14,0,15,72,39,57,1,169,30,0,30,199
01/20/2002,LIT,AR,ASW,CE,Towers with Radar,64,46,87,10,207,0,0,49,1,50,64,46,136,11,257,32,14,46,303
01/21/2002,LIT,AR,ASW,CE,Towers with Radar,76,65,116,0,257,0,0,118,0,118,76,65,234,0,375,62,0,62,437
01/22/2002,LIT,AR,ASW,CE,Towers with Radar,74,89,124,18,305,0,0,44,1,45,74,89,168,19,350,32,18,50,400
01/23/2002,LIT,AR,ASW,CE,Towers with Radar,78,108,90,22,298,0,0,15,0,15,78,108,105,22,313,12,48,60,373
01/24/2002,LIT,AR,ASW,CE,Towers with Radar,71,89,159,12,331,0,0,9,0,9,71,89,168,12,340,14,42,56,396
01/25/2002,LIT,AR,ASW,CE,Towers with Radar,78,90,139,91,398,0,0,143,6,149,78,90,282,97,547,78,126,204,751
01/26/2002,LIT,AR,ASW,CE,Towers with Radar,73,38,94,19,224,0,0,139,0,139,73,38,233,19,363,60,0,60,423
01/27/2002,LIT,AR,ASW,CE,Towers with Radar,49,46,69,17,181,12,0,139,35,186,61,46,208,52,367,54,0,54,421
01/28/2002,LIT,AR,ASW,CE,Towers with Radar,73,80,117,43,313,0,0,124,4,128,73,80,241,47,441,52,60,112,553
01/29/2002,LIT,AR,ASW,CE,Towers with Radar,75,100,128,87,390,0,0,0,35,35,75,100,128,122,425,16,140,156,581
01/30/2002,LIT,AR,ASW,CE,Towers with Radar,76,110,122,22,330,0,0,23,5,28,76,110,145,27,358,22,60,82,440
01/31/2002,LIT,AR,ASW,CE,Towers with Radar,72,90,91,26,279,0,0,4,0,4,72,90,95,26,283,2,100,102,385
02/01/2002,LIT,AR,ASW,CE,Towers with Radar,77,99,142,60,378,0,7,123,7,137,77,106,265,67,515,22,160,182,697
02/02/2002,LIT,AR,ASW,CE,Towers with Radar,64,52,85,7,208,0,0,108,5,113,64,52,193,12,321,82,16,98,419
02/03/2002,LIT,AR,ASW,CE,Towers with Radar,61,60,66,0,187,0,3,36,0,39,61,63,102,0,226,4,0,4,230
02/04/2002,LIT,AR,ASW,CE,Towers with Radar,78,89,113,28,308,0,6,116,0,122,78,95,229,28,430,64,98,162,592
02/05/2002,LIT,AR,ASW,CE,Towers with Radar,71,86,93,28,278,0,9,48,4,61,71,95,141,32,339,42,148,190,529
02/06/2002,LIT,AR,ASW,CE,Towers with Radar,72,81,66,10,229,0,0,1,0,1,72,81,67,10,230,2,12,14,244
02/07/2002,LIT,AR,ASW,CE,Towers with Radar,76,105,140,46,367,0,0,62,4,66,76,105,202,50,433,28,242,270,703
02/08/2002,LIT,AR,ASW,CE,Towers with Radar,79,98,182,31,390,0,2,93,6,101,79,100,275,37,491,82,88,170,661
02/09/2002,LIT,AR,ASW,CE,Towers with Radar,68,70,111,23,272,0,4,82,6,92,68,74,193,29,364,62,88,150,514
02/10/2002,LIT,AR,ASW,CE,Towers with Radar,52,62,91,5,210,0,1,27,1,29,52,63,118,6,239,18,0,18,257
02/11/2002,LIT,AR,ASW,CE,Towers with Radar,75,119,139,18,351,0,8,121,2,131,75,127,260,20,482,74,72,146,628
02/12/2002,LIT,AR,ASW,CE,Towers with Radar,79,110,143,20,352,0,9,121,0,130,79,119,264,20,482,48,84,132,614
02/13/2002,LIT,AR,ASW,CE,Towers with Radar,72,108,138,37,355,0,0,112,2,114,72,108,250,39,469,50,108,158,627
02/14/2002,LIT,AR,ASW,CE,Towers with Radar,79,91,103,31,304,0,0,106,2,108,79,91,209,33,412,24,102,126,538
02/15/2002,LIT,AR,ASW,CE,Towers with Radar,77,90,174,12,353,0,0,42,1,43,77,90,216,13,396,32,30,62,458
02/16/2002,LIT,AR,ASW,CE,Towers with Radar,68,59,102,3,232,0,2,116,2,120,68,61,218,5,352,48,0,48,400
02/17/2002,LIT,AR,ASW,CE,Towers with Radar,64,59,59,0,182,0,0,100,0,100,64,59,159,0,282,6,0,6,288
02/18/2002,LIT,AR,ASW,CE,Towers with Radar,74,82,112,7,275,0,1,114,0,115,74,83,226,7,390,24,6,30,420
02/19/2002,LIT,AR,ASW,CE,Towers with Radar,73,97,87,62,319,0,0,6,2,8,73,97,93,64,327,46,80,126,453
02/20/2002,LIT,AR,ASW,CE,Towers with Radar,85,100,180,34,399,0,0,60,4,64,85,100,240,38,463,52,80,132,595
02/21/2002,LIT,AR,ASW,CE,Towers with Radar,77,95,197,62,431,0,0,124,3,127,77,95,321,65,558,24,146,170,728
02/22/2002,LIT,AR,ASW,CE,Towers with Radar,83,124,126,25,358,0,5,118,1,124,83,129,244,26,482,48,8,56,538
02/23/2002,LIT,AR,ASW,CE,Towers with Radar,63,61,94,13,231,0,0,108,1,109,63,61,202,14,340,34,10,44,384
02/24/2002,LIT,AR,ASW,CE,Towers with Radar,61,56,84,13,214,0,0,88,4,92,61,56,172,17,306,16,16,32,338
02/25/2002,LIT,AR,ASW,CE,Towers with Radar,72,98,101,30,301,0,0,31,5,36,72,98,132,35,337,18,136,154,491
02/26/2002,LIT,AR,ASW,CE,Towers with Radar,80,91,103,36,310,0,2,39,3,44,80,93,142,39,354,16,84,100,454
02/27/2002,LIT,AR,ASW,CE,Towers with Radar,78,116,121,35,350,0,5,94,3,102,78,121,215,38,452,50,138,188,640
02/28/2002,LIT,AR,ASW,CE,Towers with Radar,75,98,164,31,368,0,0,130,7,137,75,98,294,38,505,44,196,240,745
03/01/2002,LIT,AR,ASW,CE,Towers with Radar,73,102,90,25,290,0,1,6,1,8,73,103,96,26,298,84,72,156,454
03/02/2002,LIT,AR,ASW,CE,Towers with Radar,65,53,37,0,155,0,1,12,0,13,65,54,49,0,168,10,0,10,178
03/03/2002,LIT,AR,ASW,CE,Towers with Radar,58,63,58,1,180,0,1,26,2,29,58,64,84,3,209,0,0,0,209
03/04/2002,LIT,AR,ASW,CE,Towers with Radar,75,95,87,7,264,0,5,104,0,109,75,100,191,7,373,18,86,104,477
03/05/2002,LIT,AR,ASW,CE,Towers with Radar,73,108,134,9,324,0,5,95,0,100,73,113,229,9,424,36,36,72,496
03/06/2002,LIT,AR,ASW,CE,Towers with Radar,76,128,149,26,379,0,4,85,2,91,76,132,234,28,470,36,92,128,598
03/07/2002,LIT,AR,ASW,CE,Towers with Radar,75,94,75,55,299,0,2,49,7,58,75,96,124,62,357,70,138,208,565
03/08/2002,LIT,AR,ASW,CE,Towers with Radar,77,115,101,17,310,0,1,55,2,58,77,116,156,19,368,40,84,124,492
03/09/2002,LIT,AR,ASW,CE,Towers with Radar,68,51,48,0,167,0,3,23,0,26,68,54,71,0,193,26,0,26,219
03/10/2002,LIT,AR,ASW,CE,Towers with Radar,62,46,81,1,190,0,1,126,0,127,62,47,207,1,317,33,8,41,358
03/11/2002,LIT,AR,ASW,CE,Towers with Radar,74,89,135,24,322,0,0,2,16,18,74,89,137,40,340,4,92,96,436
03/12/2002,LIT,AR,ASW,CE,Towers with Radar,80,130,199,49,458,0,3,48,11,62,80,133,247,60,520,16,156,172,692
03/13/2002,LIT,AR,ASW,CE,Towers with Radar,75,114,211,22,422,0,2,120,1,123,75,116,331,23,545,34,104,138,683
03/14/2002,LIT,AR,ASW,CE,Towers with Radar,76,112,133,36,357,0,7,97,1,105,76,119,230,37,462,76,138,214,676
03/15/2002,LIT,AR,ASW,CE,Towers with Radar,78,102,119,26,325,0,1,71,6,78,78,103,190,32,403,76,134,210,613
03/16/2002,LIT,AR,ASW,CE,Towers with Radar,65,61,117,10,253,0,1,88,0,89,65,62,205,10,342,20,4,24,366
03/17/2002,LIT,AR,ASW,CE,Towers with Radar,58,59,55,1,173,0,1,0,0,1,58,60,55,1,174,0,0,0,174
03/18/2002,LIT,AR,ASW,CE,Towers with Radar,74,78,110,0,262,0,1,0,0,1,74,79,110,0,263,18,0,18,281
03/19/2002,LIT,AR,ASW,CE,Towers with Radar,77,107,101,0,285,0,1,0,0,1,77,108,101,0,286,6,0,6,292
03/20/2002,LIT,AR,ASW,CE,Towers with Radar,86,109,121,19,335,0,1,15,0,16,86,110,136,19,351,16,76,92,443
03/21/2002,LIT,AR,ASW,CE,Towers with Radar,73,108,147,19,347,0,1,109,3,113,73,109,256,22,460,36,48,84,544
03/22/2002,LIT,AR,ASW,CE,Towers with Radar,82,118,155,30,385,0,1,150,1,152,82,119,305,31,537,66,120,186,723
03/23/2002,LIT,AR,ASW,CE,Towers with Radar,54,58,79,4,195,12,0,128,0,140,66,58,207,4,335,84,0,84,419
03/24/2002,LIT,AR,ASW,CE,Towers with Radar,58,58,76,6,198,0,1,42,1,44,58,59,118,7,242,16,0,16,258
03/25/2002,LIT,AR,ASW,CE,Towers with Radar,69,90,92,64,315,0,3,23,3,29,69,93,115,67,344,47,25,72,416
03/26/2002,LIT,AR,ASW,CE,Towers with Radar,77,116,112,28,333,0,1,49,1,51,77,117,161,29,384,38,28,66,450
03/27/2002,LIT,AR,ASW,CE,Towers with Radar,76,129,135,47,387,0,1,145,2,148,76,130,280,49,535,44,84,128,663
03/28/2002,LIT,AR,ASW,CE,Towers with Radar,82,102,168,53,405,0,1,28,12,41,82,103,196,65,446,34,66,100,546
03/29/2002,LIT,AR,ASW,CE,Towers with Radar,76,99,136,13,324,0,1,32,1,34,76,100,168,14,358,24,44,68,426
03/30/2002,LIT,AR,ASW,CE,Towers with Radar,32,41,46,0,119,33,7,0,0,40,65,48,46,0,159,0,0,0,159
03/31/2002,LIT,AR,ASW,CE,Towers with Radar,63,53,43,0,159,0,0,33,1,34,63,53,76,1,193,12,0,12,205
04/01/2002,LIT,AR,ASW,CE,Towers with Radar,74,76,128,79,357,0,2,109,5,116,74,78,237,84,473,18,206,224,697
04/02/2002,LIT,AR,ASW,CE,Towers with Radar,76,89,160,35,360,0,2,64,4,70,76,91,224,39,430,20,154,174,604
04/03/2002,LIT,AR,ASW,CE,Towers with Radar,74,116,148,42,380,0,2,97,5,104,74,118,245,47,484,32,132,164,648
04/04/2002,LIT,AR,ASW,CE,Towers with Radar,80,99,133,38,350,0,2,165,0,167,80,101,298,38,517,88,126,214,731
04/05/2002,LIT,AR,ASW,CE,Towers with Radar,76,105,170,29,380,0,2,120,3,125,76,107,290,32,505,91,82,173,678
04/06/2002,LIT,AR,ASW,CE,Towers with Radar,64,58,88,17,227,0,2,86,11,99,64,60,174,28,326,57,90,147,473
04/07/2002,LIT,AR,ASW,CE,Towers with Radar,61,61,77,2,201,0,2,20,1,23,61,63,97,3,224,42,0,42,266
04/08/2002,LIT,AR,ASW,CE,Towers with Radar,74,91,97,20,282,0,9,24,0,33,74,100,121,20,315,64,4,68,383
04/09/2002,LIT,AR,ASW,CE,Towers with Radar,75,89,134,22,320,4,21,102,8,135,79,110,236,30,455,42,72,114,569
04/10/2002,LIT,AR,ASW,CE,Towers with Radar,79,106,136,20,341,0,2,121,7,130,79,108,257,27,471,30,100,130,601
04/11/2002,LIT,AR,ASW,CE,Towers with Radar,72,116,157,20,365,0,2,155,2,159,72,118,312,22,524,52,84,136,660
04/12/2002,LIT,AR,ASW,CE,Towers with Radar,76,107,157,8,348,0,2,54,0,56,76,109,211,8,404,8,0,8,412
04/13/2002,LIT,AR,ASW,CE,Towers with Radar,69,44,107,0,220,0,2,62,0,64,69,46,169,0,284,70,2,72,356
04/14/2002,LIT,AR,ASW,CE,Towers with Radar,64,57,95,15,231,0,2,58,1,61,64,59,153,16,292,20,42,62,354
04/15/2002,LIT,AR,ASW,CE,Towers with Radar,76,91,113,29,309,0,2,101,0,103,76,93,214,29,412,34,106,140,552
04/16/2002,LIT,AR,ASW,CE,Towers with Radar,76,130,163,26,395,0,2,59,3,64,76,132,222,29,459,34,92,126,585
04/17/2002,LIT,AR,ASW,CE,Towers with Radar,78,97,163,21,359,0,2,106,3,111,78,99,269,24,470,20,112,132,602
04/18/2002,LIT,AR,ASW,CE,Towers with Radar,82,114,170,47,413,0,4,108,6,118,82,118,278,53,531,56,190,246,777
04/19/2002,LIT,AR,ASW,CE,Towers with Radar,69,83,124,16,292,0,23,110,0,133,69,106,234,16,425,44,30,74,499
04/20/2002,LIT,AR,ASW,CE,Towers with Radar,74,57,81,7,219,0,2,57,1,60,74,59,138,8,279,77,9,86,365
04/21/2002,LIT,AR,ASW,CE,Towers with Radar,67,65,97,13,242,0,2,17,3,22,67,67,114,16,264,10,102,112,376
04/22/2002,LIT,AR,ASW,CE,Towers with Radar,74,87,132,25,318,0,2,142,3,147,74,89,274,28,465,18,36,54,519
04/23/2002,LIT,AR,ASW,CE,Towers with Radar,85,99,139,21,344,0,2,55,3,60,85,101,194,24,404,18,32,50,454
04/24/2002,LIT,AR,ASW,CE,Towers with Radar,71,111,171,35,388,0,2,46,1,49,71,113,217,36,437,24,76,100,537
04/25/2002,LIT,AR,ASW,CE,Towers with Radar,84,123,177,20,404,0,7,128,4,139,84,130,305,24,543,36,44,80,623
04/26/2002,LIT,AR,ASW,CE,Towers with Radar,75,115,139,6,335,0,2,12,1,15,75,117,151,7,350,0,28,28,378
04/27/2002,LIT,AR,ASW,CE,Towers with Radar,70,56,65,1,192,0,2,14,0,16,70,58,79,1,208,8,0,8,216
04/28/2002,LIT,AR,ASW,CE,Towers with Radar,67,58,84,7,216,0,2,50,0,52,67,60,134,7,268,18,0,18,286
04/29/2002,LIT,AR,ASW,CE,Towers with Radar,77,92,121,35,325,0,2,93,0,95,77,94,214,35,420,18,52,70,490
04/30/2002,LIT,AR,ASW,CE,Towers with Radar,81,119,171,12,383,0,1,33,2,36,81,120,204,14,419,42,34,76,495
05/01/2002,LIT,AR,ASW,CE,Towers with Radar,77,108,173,58,416,0,0,78,1,79,77,108,251,59,495,34,52,86,581
05/02/2002,LIT,AR,ASW,CE,Towers with Radar,78,96,180,18,372,0,0,20,2,22,78,96,200,20,394,16,28,44,438
05/03/2002,LIT,AR,ASW,CE,Towers with Radar,79,96,109,25,309,0,0,4,2,6,79,96,113,27,315,8,34,42,357
05/04/2002,LIT,AR,ASW,CE,Towers with Radar,73,46,74,4,197,0,0,48,0,48,73,46,122,4,245,44,8,52,297
05/05/2002,LIT,AR,ASW,CE,Towers with Radar,64,70,94,4,232,0,0,35,0,35,64,70,129,4,267,34,0,34,301
05/06/2002,LIT,AR,ASW,CE,Towers with Radar,74,87,106,56,323,0,0,77,2,79,74,87,183,58,402,26,142,168,570
05/07/2002,LIT,AR,ASW,CE,Towers with Radar,79,101,126,38,344,0,0,66,0,66,79,101,192,38,410,44,70,114,524
05/08/2002,LIT,AR,ASW,CE,Towers with Radar,72,125,159,50,406,0,1,71,1,73,72,126,230,51,479,26,232,258,737
05/09/2002,LIT,AR,ASW,CE,Towers with Radar,75,127,163,14,379,0,0,34,6,40,75,127,197,20,419,22,76,98,517
05/10/2002,LIT,AR,ASW,CE,Towers with Radar,82,107,120,15,324,0,0,17,0,17,82,107,137,15,341,2,62,64,405
05/11/2002,LIT,AR,ASW,CE,Towers with Radar,69,46,79,3,197,0,0,65,0,65,69,46,144,3,262,28,6,34,296
05/12/2002,LIT,AR,ASW,CE,Towers with Radar,60,66,49,3,178,0,0,16,0,16,60,66,65,3,194,7,0,7,201
05/13/2002,LIT,AR,ASW,CE,Towers with Radar,72,81,133,44,330,0,0,88,0,88,72,81,221,44,418,24,28,52,470
05/14/2002,LIT,AR,ASW,CE,Towers with Radar,79,130,163,21,393,0,0,192,2,194,79,130,355,23,587,60,16,76,663
05/15/2002,LIT,AR,ASW,CE,Towers with Radar,85,114,171,39,409,0,0,156,3,159,85,114,327,42,568,66,22,88,656
05/16/2002,LIT,AR,ASW,CE,Towers with Radar,76,124,171,20,391,0,0,119,0,119,76,124,290,20,510,59,26,85,595
05/17/2002,LIT,AR,ASW,CE,Towers with Radar,80,106,117,7,310,0,0,17,0,17,80,106,134,7,327,29,10,39,366
05/18/2002,LIT,AR,ASW,CE,Towers with Radar,70,61,105,8,244,0,0,96,2,98,70,61,201,10,342,86,17,103,445
05/19/2002,LIT,AR,ASW,CE,Towers with Radar,66,55,89,12,222,0,0,163,0,163,66,55,252,12,385,82,2,84,469
05/20/2002,LIT,AR,ASW,CE,Towers with Radar,72,104,125,20,321,0,0,139,0,139,72,104,264,20,460,18,88,106,566
05/21/2002,LIT,AR,ASW,CE,Towers with Radar,77,110,170,32,389,0,6,190,2,198,77,116,360,34,587,44,102,146,733
05/22/2002,LIT,AR,ASW,CE,Towers with Radar,73,106,165,20,364,0,0,144,3,147,73,106,309,23,511,46,60,106,617
05/23/2002,LIT,AR,ASW,CE,Towers with Radar,86,107,159,17,369,0,0,150,0,150,86,107,309,17,519,87,41,128,647
05/24/2002,LIT,AR,ASW,CE,Towers with Radar,72,105,181,17,375,0,0,124,6,130,72,105,305,23,505,48,60,108,613
05/25/2002,LIT,AR,ASW,CE,Towers with Radar,70,50,73,4,197,0,0,74,0,74,70,50,147,4,271,40,0,40,311
05/26/2002,LIT,AR,ASW,CE,Towers with Radar,59,45,40,0,144,0,3,24,0,27,59,48,64,0,171,8,0,8,179
05/27/2002,LIT,AR,ASW,CE,Towers with Radar,58,54,80,0,192,0,0,75,0,75,58,54,155,0,267,24,0,24,291
05/28/2002,LIT,AR,ASW,CE,Towers with Radar,79,105,113,23,320,0,0,62,2,64,79,105,175,25,384,36,60,96,480
05/29/2002,LIT,AR,ASW,CE,Towers with Radar,77,106,153,14,350,0,0,27,0,27,77,106,180,14,377,18,48,66,443
05/30/2002,LIT,AR,ASW,CE,Towers with Radar,77,122,155,13,367,0,1,47,2,50,77,123,202,15,417,61,22,83,500
05/31/2002,LIT,AR,ASW,CE,Towers with Radar,79,106,141,10,336,0,0,161,8,169,79,106,302,18,505,34,20,54,559
06/01/2002,LIT,AR,ASW,CE,Towers with Radar,69,66,81,3,219,0,0,106,0,106,69,66,187,3,325,18,0,18,343
06/02/2002,LIT,AR,ASW,CE,Towers with Radar,64,59,78,8,209,0,0,63,0,63,64,59,141,8,272,16,0,16,288
06/03/2002,LIT,AR,ASW,CE,Towers with Radar,81,86,127,14,308,0,1,134,0,135,81,87,261,14,443,34,42,76,519
06/04/2002,LIT,AR,ASW,CE,Towers with Radar,76,123,142,27,368,0,1,135,6,142,76,124,277,33,510,32,42,74,584
06/05/2002,LIT,AR,ASW,CE,Towers with Radar,80,93,139,3,315,0,0,69,0,69,80,93,208,3,384,10,12,22,406
06/06/2002,LIT,AR,ASW,CE,Towers with Radar,72,158,156,54,440,0,0,110,0,110,72,158,266,54,550,40,100,140,690
06/07/2002,LIT,AR,ASW,CE,Towers with Radar,78,126,175,32,411,0,2,156,6,164,78,128,331,38,575,52,46,98,673
06/08/2002,LIT,AR,ASW,CE,Towers with Radar,79,58,87,11,235,0,0,105,13,118,79,58,192,24,353,85,26,111,464
06/09/2002,LIT,AR,ASW,CE,Towers with Radar,68,61,80,5,214,0,0,24,0,24,68,61,104,5,238,6,0,6,244
06/10/2002,LIT,AR,ASW,CE,Towers with Radar,76,92,102,16,286,0,0,9,2,11,76,92,111,18,297,14,46,60,357
06/11/2002,LIT,AR,ASW,CE,Towers with Radar,76,146,173,28,423,0,0,72,1,73,76,146,245,29,496,28,64,92,588
06/12/2002,LIT,AR,ASW,CE,Towers with Radar,79,119,175,15,388,0,0,106,2,108,79,119,281,17,496,26,46,72,568
06/13/2002,LIT,AR,ASW,CE,Towers with Radar,82,106,107,13,308,0,2,103,4,109,82,108,210,17,417,40,10,50,467
06/14/2002,LIT,AR,ASW,CE,Towers with Radar,76,124,129,34,363,0,6,134,9,149,76,130,263,43,512,36,81,117,629
06/15/2002,LIT,AR,ASW,CE,Towers with Radar,73,53,76,1,203,0,0,133,1,134,73,53,209,2,337,100,12,112,449
06/16/2002,LIT,AR,ASW,CE,Towers with Radar,70,62,74,10,216,0,0,72,0,72,70,62,146,10,288,32,4,36,324
06/17/2002,LIT,AR,ASW,CE,Towers with Radar,80,85,153,25,343,0,0,112,3,115,80,85,265,28,458,64,72,136,594
06/18/2002,LIT,AR,ASW,CE,Towers with Radar,88,128,179,26,421,0,0,139,0,139,88,128,318,26,560,48,18,66,626
06/19/2002,LIT,AR,ASW,CE,Towers with Radar,83,150,144,49,426,0,1,142,2,145,83,151,286,51,571,52,120,172,743
06/20/2002,LIT,AR,ASW,CE,Towers with Radar,88,118,168,39,413,0,0,142,3,145,88,118,310,42,558,70,180,250,808
06/21/2002,LIT,AR,ASW,CE,Towers with Radar,74,137,132,33,376,0,0,118,4,122,74,137,250,37,498,59,92,151,649
06/22/2002,LIT,AR,ASW,CE,Towers with Radar,77,62,74,13,226,0,0,80,5,85,77,62,154,18,311,20,50,70,381
06/23/2002,LIT,AR,ASW,CE,Towers with Radar,68,68,82,12,230,0,0,59,0,59,68,68,141,12,289,16,12,28,317
06/24/2002,LIT,AR,ASW,CE,Towers with Radar,78,99,125,57,359,0,0,75,3,78,78,99,200,60,437,36,186,222,659
06/25/2002,LIT,AR,ASW,CE,Towers with Radar,80,112,145,81,418,0,2,78,4,84,80,114,223,85,502,40,186,226,728
06/26/2002,LIT,AR,ASW,CE,Towers with Radar,85,112,208,21,426,0,2,45,0,47,85,114,253,21,473,60,48,108,581
06/27/2002,LIT,AR,ASW,CE,Towers with Radar,80,130,216,36,462,0,0,75,2,77,80,130,291,38,539,46,136,182,721
06/28/2002,LIT,AR,ASW,CE,Towers with Radar,77,117,175,26,395,0,0,65,0,65,77,117,240,26,460,40,22,62,522
06/29/2002,LIT,AR,ASW,CE,Towers with Radar,71,56,76,6,209,0,0,61,0,61,71,56,137,6,270,16,12,28,298
06/30/2002,LIT,AR,ASW,CE,Towers with Radar,72,61,89,2,224,0,0,73,0,73,72,61,162,2,297,84,2,86,383
07/01/2002,LIT,AR,ASW,CE,Towers with Radar,82,86,131,29,328,1,0,90,0,91,83,86,221,29,419,48,144,192,611
07/02/2002,LIT,AR,ASW,CE,Towers with Radar,74,86,157,29,346,1,0,75,9,85,75,86,232,38,431,34,84,118,549
07/03/2002,LIT,AR,ASW,CE,Towers with Radar,76,100,115,28,319,0,0,90,4,94,76,100,205,32,413,28,96,124,537
07/04/2002,LIT,AR,ASW,CE,Towers with Radar,73,59,34,1,167,1,8,54,0,63,74,67,88,1,230,28,0,28,258
07/05/2002,LIT,AR,ASW,CE,Towers with Radar,66,72,77,1,216,1,0,88,0,89,67,72,165,1,305,68,2,70,375
07/06/2002,LIT,AR,ASW,CE,Towers with Radar,72,55,48,1,176,0,0,76,0,76,72,55,124,1,252,36,0,36,288
07/07/2002,LIT,AR,ASW,CE,Towers with Radar,67,66,72,3,208,1,0,77,1,79,68,66,149,4,287,22,0,22,309
07/08/2002,LIT,AR,ASW,CE,Towers with Radar,80,90,121,26,317,1,0,110,3,114,81,90,231,29,431,46,162,208,639
07/09/2002,LIT,AR,ASW,CE,Towers with Radar,78,102,154,38,372,0,0,130,1,131,78,102,284,39,503,30,88,118,621
07/10/2002,LIT,AR,ASW,CE,Towers with Radar,81,103,173,46,403,1,1,99,0,101,82,104,272,46,504,42,92,134,638
07/11/2002,LIT,AR,ASW,CE,Towers with Radar,80,105,138,55,378,0,0,104,9,113,80,105,242,64,491,92,178,270,761
07/12/2002,LIT,AR,ASW,CE,Towers with Radar,89,111,106,17,323,1,0,64,2,67,90,111,170,19,390,26,26,52,442
07/13/2002,LIT,AR,ASW,CE,Towers with Radar,76,54,89,6,225,0,0,26,0,26,76,54,115,6,251,32,0,32,283
07/14/2002,LIT,AR,ASW,CE,Towers with Radar,68,52,89,3,212,1,0,15,0,16,69,52,104,3,228,8,0,8,236
07/15/2002,LIT,AR,ASW,CE,Towers with Radar,73,96,135,35,339,0,0,40,3,43,73,96,175,38,382,50,104,154,536
07/16/2002,LIT,AR,ASW,CE,Towers with Radar,81,113,149,13,356,0,0,33,1,34,81,113,182,14,390,18,78,96,486
07/17/2002,LIT,AR,ASW,CE,Towers with Radar,83,94,128,39,344,1,0,17,0,18,84,94,145,39,362,54,94,148,510
07/18/2002,LIT,AR,ASW,CE,Towers with Radar,73,110,161,40,384,0,0,63,6,69,73,110,224,46,453,28,176,204,657
07/19/2002,LIT,AR,ASW,CE,Towers with Radar,80,121,139,27,367,1,0,84,0,85,81,121,223,27,452,38,44,82,534
07/20/2002,LIT,AR,ASW,CE,Towers with Radar,81,66,61,4,212,0,0,80,2,82,81,66,141,6,294,36,8,44,338
07/21/2002,LIT,AR,ASW,CE,Towers with Radar,71,64,60,17,212,0,2,87,3,92,71,66,147,20,304,32,24,56,360
07/22/2002,LIT,AR,ASW,CE,Towers with Radar,74,109,106,22,311,1,6,84,0,91,75,115,190,22,402,50,58,108,510
07/23/2002,LIT,AR,ASW,CE,Towers with Radar,88,109,150,14,361,0,0,80,2,82,88,109,230,16,443,34,80,114,557
07/24/2002,LIT,AR,ASW,CE,Towers with Radar,81,123,165,26,395,0,0,69,1,70,81,123,234,27,465,56,136,192,657
07/25/2002,LIT,AR,ASW,CE,Towers with Radar,73,114,159,51,397,1,0,135,9,145,74,114,294,60,542,78,140,218,760
07/26/2002,LIT,AR,ASW,CE,Towers with Radar,82,116,148,37,383,0,0,88,5,93,82,116,236,42,476,74,118,192,668
07/27/2002,LIT,AR,ASW,CE,Towers with Radar,85,69,80,2,236,0,0,37,0,37,85,69,117,2,273,14,22,36,309
07/28/2002,LIT,AR,ASW,CE,Towers with Radar,77,59,66,12,214,0,0,76,0,76,77,59,142,12,290,44,10,54,344
07/29/2002,LIT,AR,ASW,CE,Towers with Radar,79,89,95,35,298,0,0,57,3,60,79,89,152,38,358,26,54,80,438
07/30/2002,LIT,AR,ASW,CE,Towers with Radar,90,102,157,26,375,0,0,82,2,84,90,102,239,28,459,18,86,104,563
07/31/2002,LIT,AR,ASW,CE,Towers with Radar,82,104,156,21,363,0,0,64,2,66,82,104,220,23,429,40,36,76,505
08/01/2002,LIT,AR,ASW,CE,Towers with Radar,82,112,172,44,410,0,0,131,8,139,82,112,303,52,549,66,202,268,817
08/02/2002,LIT,AR,ASW,CE,Towers with Radar,80,115,124,27,346,0,0,106,5,111,80,115,230,32,457,40,58,98,555
08/03/2002,LIT,AR,ASW,CE,Towers with Radar,73,63,75,3,214,0,0,91,0,91,73,63,166,3,305,48,2,50,355
08/04/2002,LIT,AR,ASW,CE,Towers with Radar,65,71,74,9,219,0,0,66,0,66,65,71,140,9,285,60,2,62,347
08/05/2002,LIT,AR,ASW,CE,Towers with Radar,77,86,113,42,318,0,2,95,3,100,77,88,208,45,418,12,54,66,484
08/06/2002,LIT,AR,ASW,CE,Towers with Radar,89,110,146,31,376,0,0,79,0,79,89,110,225,31,455,74,30,104,559
08/07/2002,LIT,AR,ASW,CE,Towers with Radar,77,119,174,19,389,0,0,132,3,135,77,119,306,22,524,32,116,148,672
08/08/2002,LIT,AR,ASW,CE,Towers with Radar,77,109,134,27,347,0,0,136,2,138,77,109,270,29,485,86,94,180,665
08/09/2002,LIT,AR,ASW,CE,Towers with Radar,80,106,147,43,376,0,2,160,3,165,80,108,307,46,541,86,116,202,743
08/10/2002,LIT,AR,ASW,CE,Towers with Radar,74,65,79,1,219,0,0,112,5,117,74,65,191,6,336,30,0,30,366
08/11/2002,LIT,AR,ASW,CE,Towers with Radar,66,58,77,8,209,0,0,93,1,94,66,58,170,9,303,44,4,48,351
08/12/2002,LIT,AR,ASW,CE,Towers with Radar,76,95,139,52,362,0,1,81,3,85,76,96,220,55,447,36,194,230,677
08/13/2002,LIT,AR,ASW,CE,Towers with Radar,72,116,151,8,347,0,0,27,0,27,72,116,178,8,374,20,56,76,450
08/14/2002,LIT,AR,ASW,CE,Towers with Radar,78,109,131,60,378,0,0,54,11,65,78,109,185,71,443,46,150,196,639
08/15/2002,LIT,AR,ASW,CE,Towers with Radar,80,110,195,52,437,0,0,67,14,81,80,110,262,66,518,64,118,182,700
08/16/2002,LIT,AR,ASW,CE,Towers with Radar,78,104,152,12,346,0,0,26,0,26,78,104,178,12,372,44,8,52,424
08/17/2002,LIT,AR,ASW,CE,Towers with Radar,81,52,99,0,232,0,0,63,3,66,81,52,162,3,298,45,2,47,345
08/18/2002,LIT,AR,ASW,CE,Towers with Radar,66,72,68,5,211,0,0,65,3,68,66,72,133,8,279,24,26,50,329
08/19/2002,LIT,AR,ASW,CE,Towers with Radar,81,98,109,68,356,0,0,110,1,111,81,98,219,69,467,52,194,246,713
08/20/2002,LIT,AR,ASW,CE,Towers with Radar,76,120,153,56,405,0,0,103,5,108,76,120,256,61,513,32,230,262,775
08/21/2002,LIT,AR,ASW,CE,Towers with Radar,84,110,132,44,370,0,0,112,6,118,84,110,244,50,488,46,180,226,714
08/22/2002,LIT,AR,ASW,CE,Towers with Radar,76,117,136,28,357,0,0,125,3,128,76,117,261,31,485,44,28,72,557
08/23/2002,LIT,AR,ASW,CE,Towers with Radar,75,117,140,54,386,0,0,77,9,86,75,117,217,63,472,198,43,241,713
08/24/2002,LIT,AR,ASW,CE,Towers with Radar,80,64,73,3,220,0,0,77,0,77,80,64,150,3,297,34,6,40,337
08/25/2002,LIT,AR,ASW,CE,Towers with Radar,70,68,71,7,216,0,0,64,0,64,70,68,135,7,280,22,10,32,312
08/26/2002,LIT,AR,ASW,CE,Towers with Radar,76,100,85,48,309,0,0,107,6,113,76,100,192,54,422,40,158,198,620
08/27/2002,LIT,AR,ASW,CE,Towers with Radar,76,107,155,33,371,0,0,142,11,153,76,107,297,44,524,36,154,190,714
08/28/2002,LIT,AR,ASW,CE,Towers with Radar,85,104,130,56,375,0,1,125,4,130,85,105,255,60,505,42,130,172,677
08/29/2002,LIT,AR,ASW,CE,Towers with Radar,83,126,211,44,464,0,0,140,2,142,83,126,351,46,606,46,152,198,804
08/30/2002,LIT,AR,ASW,CE,Towers with Radar,80,107,127,4,318,0,0,95,2,97,80,107,222,6,415,30,0,30,445
08/31/2002,LIT,AR,ASW,CE,Towers with Radar,70,68,79,2,219,0,0,122,0,122,70,68,201,2,341,42,0,42,383
09/01/2002,LIT,AR,ASW,CE,Towers with Radar,50,46,36,0,132,2,0,61,0,63,52,46,97,0,195,8,0,8,203
09/02/2002,LIT,AR,ASW,CE,Towers with Radar,68,69,70,1,208,1,0,97,1,99,69,69,167,2,307,50,0,50,357
09/03/2002,LIT,AR,ASW,CE,Towers with Radar,68,101,130,22,321,0,0,86,1,87,68,101,216,23,408,12,116,128,536
09/04/2002,LIT,AR,ASW,CE,Towers with Radar,72,119,138,21,350,0,0,141,1,142,72,119,279,22,492,46,118,164,656
09/05/2002,LIT,AR,ASW,CE,Towers with Radar,80,110,42,74,306,0,0,130,6,136,80,110,172,80,442,46,177,223,665
09/06/2002,LIT,AR,ASW,CE,Towers with Radar,66,120,134,28,348,0,0,140,14,154,66,120,274,42,502,42,86,128,630
09/07/2002,LIT,AR,ASW,CE,Towers with Radar,65,76,94,8,243,0,0,100,4,104,65,76,194,12,347,76,20,96,443
09/08/2002,LIT,AR,ASW,CE,Towers with Radar,56,68,87,15,226,0,0,64,2,66,56,68,151,17,292,36,18,54,346
09/09/2002,LIT,AR,ASW,CE,Towers with Radar,62,88,99,31,280,0,0,82,7,89,62,88,181,38,369,18,134,152,521
09/10/2002,LIT,AR,ASW,CE,Towers with Radar,67,120,148,33,368,0,0,95,3,98,67,120,243,36,466,48,110,158,624
09/11/2002,LIT,AR,ASW,CE,Towers with Radar,64,111,117,43,335,0,0,109,5,114,64,111,226,48,449,44,142,186,635
09/12/2002,LIT,AR,ASW,CE,Towers with Radar,68,118,142,25,353,0,0,130,6,136,68,118,272,31,489,76,114,190,679
09/13/2002,LIT,AR,ASW,CE,Towers with Radar,74,102,156,29,361,0,0,128,8,136,74,102,284,37,497,28,188,216,713
09/14/2002,LIT,AR,ASW,CE,Towers with Radar,65,74,82,4,225,0,0,91,1,92,65,74,173,5,317,42,0,42,359
09/15/2002,LIT,AR,ASW,CE,Towers with Radar,64,84,99,2,249,0,5,34,1,40,64,89,133,3,289,16,4,20,309
09/16/2002,LIT,AR,ASW,CE,Towers with Radar,64,92,138,43,337,0,1,47,1,49,64,93,185,44,386,26,42,68,454
09/17/2002,LIT,AR,ASW,CE,Towers with Radar,81,112,167,41,401,0,0,67,1,68,81,112,234,42,469,18,182,200,669
09/18/2002,LIT,AR,ASW,CE,Towers with Radar,72,129,163,31,395,0,0,43,1,44,72,129,206,32,439,34,30,64,503
09/19/2002,LIT,AR,ASW,CE,Towers with Radar,73,114,135,7,329,0,0,9,2,11,73,114,144,9,340,0,0,0,340
09/20/2002,LIT,AR,ASW,CE,Towers with Radar,75,139,131,20,365,0,0,51,1,52,75,139,182,21,417,26,28,54,471
09/21/2002,LIT,AR,ASW,CE,Towers with Radar,70,90,94,6,260,0,0,67,0,67,70,90,161,6,327,42,4,46,373
09/22/2002,LIT,AR,ASW,CE,Towers with Radar,55,76,83,25,239,0,0,87,0,87,55,76,170,25,326,32,66,98,424
09/23/2002,LIT,AR,ASW,CE,Towers with Radar,71,115,122,26,334,0,0,134,3,137,71,115,256,29,471,18,58,76,547
09/24/2002,LIT,AR,ASW,CE,Towers with Radar,68,121,122,23,334,0,3,164,2,169,68,124,286,25,503,44,66,110,613
09/25/2002,LIT,AR,ASW,CE,Towers with Radar,71,115,159,37,382,0,0,119,1,120,71,115,278,38,502,50,164,214,716
09/26/2002,LIT,AR,ASW,CE,Towers with Radar,72,139,189,14,414,0,0,32,0,32,72,139,221,14,446,12,54,66,512
09/27/2002,LIT,AR,ASW,CE,Towers with Radar,65,138,116,30,349,0,0,129,3,132,65,138,245,33,481,56,72,128,609
09/28/2002,LIT,AR,ASW,CE,Towers with Radar,63,69,98,0,230,0,0,127,0,127,63,69,225,0,357,48,0,48,405
09/29/2002,LIT,AR,ASW,CE,Towers with Radar,59,73,101,7,240,0,0,128,0,128,59,73,229,7,368,50,2,52,420
09/30/2002,LIT,AR,ASW,CE,Towers with Radar,53,78,90,0,221,14,20,174,0,208,67,98,264,0,429,18,0,18,447
10/01/2002,LIT,AR,ASW,CE,Towers with Radar,67,115,175,20,377,1,2,121,3,127,68,117,296,23,504,48,42,90,594
10/02/2002,LIT,AR,ASW,CE,Towers with Radar,68,99,154,25,346,1,0,100,2,103,69,99,254,27,449,64,134,198,647
10/03/2002,LIT,AR,ASW,CE,Towers with Radar,72,103,123,30,328,0,0,48,3,51,72,103,171,33,379,20,92,112,491
10/04/2002,LIT,AR,ASW,CE,Towers with Radar,76,132,103,8,319,1,15,71,0,87,77,147,174,8,406,34,0,34,440
10/05/2002,LIT,AR,ASW,CE,Towers with Radar,63,72,81,11,227,0,0,113,3,116,63,72,194,14,343,58,0,58,401
10/06/2002,LIT,AR,ASW,CE,Towers with Radar,50,77,56,14,197,0,2,74,0,76,50,79,130,14,273,20,44,64,337
10/07/2002,LIT,AR,ASW,CE,Towers with Radar,77,107,90,24,298,1,0,109,7,117,78,107,199,31,415,12,58,70,485
10/08/2002,LIT,AR,ASW,CE,Towers with Radar,74,127,141,33,375,1,0,120,6,127,75,127,261,39,502,22,134,156,658
10/09/2002,LIT,AR,ASW,CE,Towers with Radar,68,127,159,45,399,0,0,8,0,8,68,127,167,45,407,20,78,98,505
10/10/2002,LIT,AR,ASW,CE,Towers with Radar,72,115,151,16,354,1,0,2,0,3,73,115,153,16,357,0,0,0,357
10/11/2002,LIT,AR,ASW,CE,Towers with Radar,73,116,173,16,378,0,6,57,2,65,73,122,230,18,443,32,12,44,487
10/12/2002,LIT,AR,ASW,CE,Towers with Radar,66,62,106,5,239,1,0,76,0,77,67,62,182,5,316,62,2,64,380
10/13/2002,LIT,AR,ASW,CE,Towers with Radar,53,73,70,2,198,1,0,64,0,65,54,73,134,2,263,14,6,20,283
10/14/2002,LIT,AR,ASW,CE,Towers with Radar,66,99,129,15,309,0,0,140,0,140,66,99,269,15,449,50,24,74,523
10/15/2002,LIT,AR,ASW,CE,Towers with Radar,71,109,157,16,353,0,0,145,0,145,71,109,302,16,498,30,82,112,610
10/16/2002,LIT,AR,ASW,CE,Towers with Radar,65,126,173,22,386,0,1,125,6,132,65,127,298,28,518,46,110,156,674
10/17/2002,LIT,AR,ASW,CE,Towers with Radar,82,132,189,45,448,0,1,178,5,184,82,133,367,50,632,46,176,222,854
10/18/2002,LIT,AR,ASW,CE,Towers with Radar,69,128,148,29,374,0,1,130,8,139,69,129,278,37,513,78,180,258,771
10/19/2002,LIT,AR,ASW,CE,Towers with Radar,71,73,165,13,322,0,0,7,0,7,71,73,172,13,329,56,30,86,415
10/20/2002,LIT,AR,ASW,CE,Towers with Radar,59,68,164,8,299,0,0,8,0,8,59,68,172,8,307,24,0,24,331
10/21/2002,LIT,AR,ASW,CE,Towers with Radar,70,111,158,18,357,0,0,74,1,75,70,111,232,19,432,26,84,110,542
10/22/2002,LIT,AR,ASW,CE,Towers with Radar,68,127,167,21,383,0,0,83,3,86,68,127,250,24,469,30,116,146,615
10/23/2002,LIT,AR,ASW,CE,Towers with Radar,66,131,152,18,367,0,0,66,1,67,66,131,218,19,434,26,42,68,502
10/24/2002,LIT,AR,ASW,CE,Towers with Radar,73,124,183,22,402,0,0,59,0,59,73,124,242,22,461,30,70,100,561
10/25/2002,LIT,AR,ASW,CE,Towers with Radar,69,126,128,20,343,0,0,4,2,6,69,126,132,22,349,38,10,48,397
10/26/2002,LIT,AR,ASW,CE,Towers with Radar,62,65,142,1,270,0,0,43,1,44,62,65,185,2,314,42,4,46,360
10/27/2002,LIT,AR,ASW,CE,Towers with Radar,52,68,178,19,317,0,0,1,0,1,52,68,179,19,318,20,12,32,350
10/28/2002,LIT,AR,ASW,CE,Towers with Radar,66,110,129,25,330,0,0,0,0,0,66,110,129,25,330,0,0,0,330
10/29/2002,LIT,AR,ASW,CE,Towers with Radar,68,124,177,32,401,0,0,28,4,32,68,124,205,36,433,36,62,98,531
10/30/2002,LIT,AR,ASW,CE,Towers with Radar,73,116,172,87,448,0,0,26,2,28,73,116,198,89,476,24,126,150,626
10/31/2002,LIT,AR,ASW,CE,Towers with Radar,73,120,177,19,389,0,10,107,6,123,73,130,284,25,512,40,76,116,628
11/01/2002,LIT,AR,ASW,CE,Towers with Radar,71,110,206,58,445,1,0,55,4,60,72,110,261,62,505,42,62,104,609
11/02/2002,LIT,AR,ASW,CE,Towers with Radar,64,84,106,2,256,1,0,24,2,27,65,84,130,4,283,22,0,22,305
11/03/2002,LIT,AR,ASW,CE,Towers with Radar,40,57,73,4,174,11,9,1,0,21,51,66,74,4,195,6,0,6,201
11/04/2002,LIT,AR,ASW,CE,Towers with Radar,65,109,146,25,345,0,0,29,0,29,65,109,175,25,374,40,50,90,464
11/05/2002,LIT,AR,ASW,CE,Towers with Radar,67,98,133,29,327,1,0,15,0,16,68,98,148,29,343,22,92,114,457
11/06/2002,LIT,AR,ASW,CE,Towers with Radar,72,113,114,28,327,1,0,121,3,125,73,113,235,31,452,48,150,198,650
11/07/2002,LIT,AR,ASW,CE,Towers with Radar,67,103,127,31,328,1,0,152,8,161,68,103,279,39,489,58,92,150,639
11/08/2002,LIT,AR,ASW,CE,Towers with Radar,67,111,142,23,343,0,2,6,13,21,67,113,148,36,364,74,168,242,606
11/09/2002,LIT,AR,ASW,CE,Towers with Radar,68,44,65,0,177,1,0,31,0,32,69,44,96,0,209,14,0,14,223
11/10/2002,LIT,AR,ASW,CE,Towers with Radar,47,58,85,9,199,1,0,53,2,56,48,58,138,11,255,4,56,60,315
11/11/2002,LIT,AR,ASW,CE,Towers with Radar,62,92,92,5,251,1,0,121,0,122,63,92,213,5,373,13,0,13,386
11/12/2002,LIT,AR,ASW,CE,Towers with Radar,67,103,129,24,323,1,0,122,0,123,68,103,251,24,446,40,80,120,566
11/13/2002,LIT,AR,ASW,CE,Towers with Radar,73,103,157,25,358,1,0,156,2,159,74,103,313,27,517,42,208,250,767
11/14/2002,LIT,AR,ASW,CE,Towers with Radar,65,117,144,37,363,1,0,88,2,91,66,117,232,39,454,40,126,166,620
11/15/2002,LIT,AR,ASW,CE,Towers with Radar,69,116,150,19,354,1,0,35,2,38,70,116,185,21,392,38,104,142,534
11/16/2002,LIT,AR,ASW,CE,Towers with Radar,61,59,88,14,222,1,0,88,2,91,62,59,176,16,313,46,113,159,472
11/17/2002,LIT,AR,ASW,CE,Towers with Radar,52,61,74,0,187,1,0,133,0,134,53,61,207,0,321,74,0,74,395
11/18/2002,LIT,AR,ASW,CE,Towers with Radar,62,97,145,46,350,1,0,84,5,90,63,97,229,51,440,58,118,176,616
11/19/2002,LIT,AR,ASW,CE,Towers with Radar,70,118,127,31,346,1,3,123,0,127,71,121,250,31,473,38,80,118,591
11/20/2002,LIT,AR,ASW,CE,Towers with Radar,71,107,158,29,365,1,0,141,1,143,72,107,299,30,508,32,76,108,616
11/21/2002,LIT,AR,ASW,CE,Towers with Radar,62,101,153,26,342,0,2,112,0,114,62,103,265,26,456,48,44,92,548
11/22/2002,LIT,AR,ASW,CE,Towers with Radar,73,114,145,15,347,0,1,156,4,161,73,115,301,19,508,100,36,136,644
11/23/2002,LIT,AR,ASW,CE,Towers with Radar,71,62,67,0,200,0,0,113,3,116,71,62,180,3,316,84,0,84,400
11/24/2002,LIT,AR,ASW,CE,Towers with Radar,49,61,64,4,178,0,0,92,3,95,49,61,156,7,273,44,0,44,317
11/25/2002,LIT,AR,ASW,CE,Towers with Radar,66,95,94,28,283,0,0,6,0,6,66,95,100,28,289,0,60,60,349
11/26/2002,LIT,AR,ASW,CE,Towers with Radar,71,117,103,24,315,0,0,54,0,54,71,117,157,24,369,16,58,74,443
11/27/2002,LIT,AR,ASW,CE,Towers with Radar,72,124,173,23,392,0,0,116,3,119,72,124,289,26,511,20,92,112,623
11/28/2002,LIT,AR,ASW,CE,Towers with Radar,52,58,38,0,148,0,0,30,0,30,52,58,68,0,178,18,0,18,196
11/29/2002,LIT,AR,ASW,CE,Towers with Radar,46,43,96,2,187,0,0,94,1,95,46,43,190,3,282,14,10,24,306
11/30/2002,LIT,AR,ASW,CE,Towers with Radar,59,45,52,3,159,0,0,65,1,66,59,45,117,4,225,20,0,20,245
12/01/2002,LIT,AR,ASW,CE,Towers with Radar,51,67,96,2,216,2,2,81,2,87,53,69,177,4,303,24,0,24,327
12/02/2002,LIT,AR,ASW,CE,Towers with Radar,76,96,104,72,348,0,1,81,6,88,76,97,185,78,436,28,120,148,584
12/03/2002,LIT,AR,ASW,CE,Towers with Radar,75,117,136,24,352,1,0,50,3,54,76,117,186,27,406,46,96,142,548
12/04/2002,LIT,AR,ASW,CE,Towers with Radar,65,96,94,8,263,2,0,0,0,2,67,96,94,8,265,0,0,0,265
12/05/2002,LIT,AR,ASW,CE,Towers with Radar,77,107,115,44,343,1,0,65,2,68,78,107,180,46,411,32,94,126,537
12/06/2002,LIT,AR,ASW,CE,Towers with Radar,69,100,156,39,364,1,0,33,4,38,70,100,189,43,402,36,115,151,553
12/07/2002,LIT,AR,ASW,CE,Towers with Radar,62,57,87,12,218,0,0,112,0,112,62,57,199,12,330,21,30,51,381
12/08/2002,LIT,AR,ASW,CE,Towers with Radar,52,65,86,7,210,1,0,66,0,67,53,65,152,7,277,14,2,16,293
12/09/2002,LIT,AR,ASW,CE,Towers with Radar,62,115,118,32,327,0,0,66,0,66,62,115,184,32,393,50,62,112,505
12/10/2002,LIT,AR,ASW,CE,Towers with Radar,68,112,145,21,346,0,0,41,13,54,68,112,186,34,400,26,176,202,602
12/11/2002,LIT,AR,ASW,CE,Towers with Radar,75,123,160,6,364,1,0,24,0,25,76,123,184,6,389,24,30,54,443
12/12/2002,LIT,AR,ASW,CE,Towers with Radar,81,126,183,47,437,0,0,60,4,64,81,126,243,51,501,42,82,124,625
12/13/2002,LIT,AR,ASW,CE,Towers with Radar,73,111,160,9,353,2,0,15,0,17,75,111,175,9,370,0,18,18,388
12/14/2002,LIT,AR,ASW,CE,Towers with Radar,61,60,76,7,204,2,1,102,2,107,63,61,178,9,311,34,6,40,351
12/15/2002,LIT,AR,ASW,CE,Towers with Radar,54,76,48,9,187,0,0,108,7,115,54,76,156,16,302,74,10,84,386
12/16/2002,LIT,AR,ASW,CE,Towers with Radar,67,95,179,9,350,2,0,21,0,23,69,95,200,9,373,28,14,42,415
12/17/2002,LIT,AR,ASW,CE,Towers with Radar,77,112,209,37,435,0,1,53,1,55,77,113,262,38,490,74,112,186,676
12/18/2002,LIT,AR,ASW,CE,Towers with Radar,73,110,127,26,336,1,1,10,0,12,74,111,137,26,348,22,136,158,506
12/19/2002,LIT,AR,ASW,CE,Towers with Radar,95,112,172,23,402,1,4,36,1,42,96,116,208,24,444,52,56,108,552
12/20/2002,LIT,AR,ASW,CE,Towers with Radar,83,123,150,18,374,0,7,137,0,144,83,130,287,18,518,48,70,118,636
12/21/2002,LIT,AR,ASW,CE,Towers with Radar,73,73,63,4,213,0,2,73,0,75,73,75,136,4,288,56,0,56,344
12/22/2002,LIT,AR,ASW,CE,Towers with Radar,55,63,56,2,176,0,1,97,0,98,55,64,153,2,274,28,0,28,302
12/23/2002,LIT,AR,ASW,CE,Towers with Radar,75,87,73,1,236,1,3,21,0,25,76,90,94,1,261,22,0,22,283
12/24/2002,LIT,AR,ASW,CE,Towers with Radar,68,96,35,0,199,1,1,1,0,3,69,97,36,0,202,0,0,0,202
12/25/2002,LIT,AR,ASW,CE,Towers with Radar,50,53,28,0,131,1,1,26,0,28,51,54,54,0,159,0,0,0,159
12/26/2002,LIT,AR,ASW,CE,Towers with Radar,69,84,79,3,235,1,1,85,2,89,70,85,164,5,324,6,4,10,334
12/27/2002,LIT,AR,ASW,CE,Towers with Radar,80,91,109,4,284,1,1,121,0,123,81,92,230,4,407,90,2,92,499
12/28/2002,LIT,AR,ASW,CE,Towers with Radar,65,58,71,0,194,1,1,89,0,91,66,59,160,0,285,12,0,12,297
12/29/2002,LIT,AR,ASW,CE,Towers with Radar,53,56,51,1,161,1,3,67,0,71,54,59,118,1,232,8,0,8,240
12/30/2002,LIT,AR,ASW,CE,Towers with Radar,67,70,80,0,217,1,1,13,0,15,68,71,93,0,232,12,0,12,244
12/31/2002,LIT,AR,ASW,CE,Towers with Radar,72,90,59,0,221,1,1,2,0,4,73,91,61,0,225,4,0,4,229
01/01/2003,LIT,AR,ASW,CE,Towers with Radar,43,57,70,0,170,0,0,34,0,34,43,57,104,0,204,20,0,20,224
01/02/2003,LIT,AR,ASW,CE,Towers with Radar,72,84,91,6,253,0,0,17,1,18,72,84,108,7,271,14,0,14,285
01/03/2003,LIT,AR,ASW,CE,Towers with Radar,72,98,101,5,276,0,0,141,5,146,72,98,242,10,422,42,8,50,472
01/04/2003,LIT,AR,ASW,CE,Towers with Radar,65,72,69,4,210,0,0,111,0,111,65,72,180,4,321,44,0,44,365
01/05/2003,LIT,AR,ASW,CE,Towers with Radar,67,44,93,6,210,0,0,110,1,111,67,44,203,7,321,22,0,22,343
01/06/2003,LIT,AR,ASW,CE,Towers with Radar,69,92,115,37,313,0,4,59,1,64,69,96,174,38,377,46,204,250,627
01/07/2003,LIT,AR,ASW,CE,Towers with Radar,78,112,111,50,351,0,0,101,2,103,78,112,212,52,454,34,120,154,608
01/08/2003,LIT,AR,ASW,CE,Towers with Radar,69,102,134,15,320,0,0,104,2,106,69,102,238,17,426,12,46,58,484
01/09/2003,LIT,AR,ASW,CE,Towers with Radar,70,98,127,28,323,0,0,98,6,104,70,98,225,34,427,48,106,154,581
01/10/2003,LIT,AR,ASW,CE,Towers with Radar,70,100,111,11,292,0,0,111,6,117,70,100,222,17,409,44,36,80,489
01/11/2003,LIT,AR,ASW,CE,Towers with Radar,71,52,70,15,208,0,0,124,5,129,71,52,194,20,337,43,30,73,410
01/12/2003,LIT,AR,ASW,CE,Towers with Radar,60,42,59,8,169,0,0,34,4,38,60,42,93,12,207,10,20,30,237
01/13/2003,LIT,AR,ASW,CE,Towers with Radar,67,92,121,11,291,0,4,45,0,49,67,96,166,11,340,50,42,92,432
01/14/2003,LIT,AR,ASW,CE,Towers with Radar,72,109,155,10,346,0,0,71,1,72,72,109,226,11,418,12,44,56,474
01/15/2003,LIT,AR,ASW,CE,Towers with Radar,78,89,170,32,369,0,0,97,3,100,78,89,267,35,469,16,146,162,631
01/16/2003,LIT,AR,ASW,CE,Towers with Radar,72,100,95,19,286,0,0,6,5,11,72,100,101,24,297,0,122,122,419
01/17/2003,LIT,AR,ASW,CE,Towers with Radar,73,110,115,11,309,0,2,100,3,105,73,112,215,14,414,28,28,56,470
01/18/2003,LIT,AR,ASW,CE,Towers with Radar,65,59,46,0,170,0,2,68,0,70,65,61,114,0,240,12,0,12,252
01/19/2003,LIT,AR,ASW,CE,Towers with Radar,61,49,58,3,171,0,0,77,0,77,61,49,135,3,248,24,0,24,272
01/20/2003,LIT,AR,ASW,CE,Towers with Radar,83,70,125,0,278,0,0,60,0,60,83,70,185,0,338,2,0,2,340
01/21/2003,LIT,AR,ASW,CE,Towers with Radar,74,108,128,36,346,0,0,13,0,13,74,108,141,36,359,0,36,36,395
01/22/2003,LIT,AR,ASW,CE,Towers with Radar,73,113,164,13,363,0,0,72,2,74,73,113,236,15,437,16,40,56,493
01/23/2003,LIT,AR,ASW,CE,Towers with Radar,70,107,134,22,333,0,0,93,4,97,70,107,227,26,430,30,114,144,574
01/24/2003,LIT,AR,ASW,CE,Towers with Radar,79,101,150,66,396,0,0,112,0,112,79,101,262,66,508,26,4,30,538
01/25/2003,LIT,AR,ASW,CE,Towers with Radar,68,49,64,16,197,0,0,86,1,87,68,49,150,17,284,76,0,76,360
01/26/2003,LIT,AR,ASW,CE,Towers with Radar,61,64,47,62,234,0,0,75,0,75,61,64,122,62,309,38,6,44,353
01/27/2003,LIT,AR,ASW,CE,Towers with Radar,66,89,97,3,255,0,0,83,1,84,66,89,180,4,339,14,2,16,355
01/28/2003,LIT,AR,ASW,CE,Towers with Radar,74,196,147,17,434,0,0,10,0,10,74,196,157,17,444,2,104,106,550
01/29/2003,LIT,AR,ASW,CE,Towers with Radar,67,101,153,14,335,0,0,5,0,5,67,101,158,14,340,32,52,84,424
01/30/2003,LIT,AR,ASW,CE,Towers with Radar,92,118,208,41,459,0,1,92,10,103,92,119,300,51,562,28,216,244,806
01/31/2003,LIT,AR,ASW,CE,Towers with Radar,73,102,148,21,344,0,0,58,2,60,73,102,206,23,404,22,116,138,542
02/01/2003,LIT,AR,ASW,CE,Towers with Radar,68,52,50,5,175,0,0,99,7,106,68,52,149,12,281,48,2,50,331
02/02/2003,LIT,AR,ASW,CE,Towers with Radar,53,60,69,0,182,0,0,11,0,11,53,60,80,0,193,4,0,4,197
02/03/2003,LIT,AR,ASW,CE,Towers with Radar,72,106,117,20,315,0,2,26,5,33,72,108,143,25,348,36,72,108,456
02/04/2003,LIT,AR,ASW,CE,Towers with Radar,78,112,130,16,336,0,1,106,2,109,78,113,236,18,445,12,58,70,515
02/05/2003,LIT,AR,ASW,CE,Towers with Radar,74,123,157,17,371,0,0,74,1,75,74,123,231,18,446,38,30,68,514
02/06/2003,LIT,AR,ASW,CE,Towers with Radar,68,109,61,0,238,0,0,1,0,1,68,109,62,0,239,0,0,0,239
02/07/2003,LIT,AR,ASW,CE,Towers with Radar,75,117,125,21,338,0,0,84,5,89,75,117,209,26,427,50,100,150,577
02/08/2003,LIT,AR,ASW,CE,Towers with Radar,62,52,86,2,202,0,0,87,3,90,62,52,173,5,292,10,4,14,306
02/09/2003,LIT,AR,ASW,CE,Towers with Radar,48,60,44,0,152,0,0,6,0,6,48,60,50,0,158,0,0,0,158
02/10/2003,LIT,AR,ASW,CE,Towers with Radar,72,98,118,30,318,0,0,101,3,104,72,98,219,33,422,30,66,96,518
02/11/2003,LIT,AR,ASW,CE,Towers with Radar,75,114,139,29,357,0,0,136,2,138,75,114,275,31,495,38,232,270,765
02/12/2003,LIT,AR,ASW,CE,Towers with Radar,79,112,177,18,386,0,0,152,3,155,79,112,329,21,541,42,104,146,687
02/13/2003,LIT,AR,ASW,CE,Towers with Radar,70,108,167,26,371,0,0,39,5,44,70,108,206,31,415,16,64,80,495
02/14/2003,LIT,AR,ASW,CE,Towers with Radar,77,112,116,4,309,0,0,2,0,2,77,112,118,4,311,14,8,22,333
02/15/2003,LIT,AR,ASW,CE,Towers with Radar,68,42,62,0,172,0,0,1,0,1,68,42,63,0,173,10,0,10,183
02/16/2003,LIT,AR,ASW,CE,Towers with Radar,56,53,52,2,163,0,2,7,0,9,56,55,59,2,172,0,0,0,172
02/17/2003,LIT,AR,ASW,CE,Towers with Radar,78,75,125,0,278,0,1,91,0,92,78,76,216,0,370,14,0,14,384
02/18/2003,LIT,AR,ASW,CE,Towers with Radar,73,78,131,26,308,0,0,85,1,86,73,78,216,27,394,32,104,136,530
02/19/2003,LIT,AR,ASW,CE,Towers with Radar,83,113,163,3,362,0,0,3,2,5,83,113,166,5,367,4,40,44,411
02/20/2003,LIT,AR,ASW,CE,Towers with Radar,71,107,186,20,384,0,0,3,1,4,71,107,189,21,388,9,30,39,427
02/21/2003,LIT,AR,ASW,CE,Towers with Radar,75,91,101,2,269,0,0,0,0,0,75,91,101,2,269,4,0,4,273
02/22/2003,LIT,AR,ASW,CE,Towers with Radar,60,59,65,13,197,0,0,10,1,11,60,59,75,14,208,2,28,30,238
02/23/2003,LIT,AR,ASW,CE,Towers with Radar,54,57,79,1,191,0,0,6,0,6,54,57,85,1,197,20,0,20,217
02/24/2003,LIT,AR,ASW,CE,Towers with Radar,67,96,113,24,300,0,0,54,3,57,67,96,167,27,357,38,68,106,463
02/25/2003,LIT,AR,ASW,CE,Towers with Radar,66,88,63,1,218,0,0,11,0,11,66,88,74,1,229,0,0,0,229
02/26/2003,LIT,AR,ASW,CE,Towers with Radar,44,49,32,0,125,0,0,0,0,0,44,49,32,0,125,0,0,0,125
02/27/2003,LIT,AR,ASW,CE,Towers with Radar,78,123,76,2,279,0,0,3,0,3,78,123,79,2,282,10,0,10,292
02/28/2003,LIT,AR,ASW,CE,Towers with Radar,75,102,104,8,289,0,0,1,0,1,75,102,105,8,290,0,12,12,302
03/01/2003,LIT,AR,ASW,CE,Towers with Radar,59,57,81,40,237,0,0,2,2,4,59,57,83,42,241,24,80,104,345
03/02/2003,LIT,AR,ASW,CE,Towers with Radar,65,56,94,13,228,0,0,64,13,77,65,56,158,26,305,62,114,176,481
03/03/2003,LIT,AR,ASW,CE,Towers with Radar,69,90,135,2,296,0,0,104,2,106,69,90,239,4,402,58,10,68,470
03/04/2003,LIT,AR,ASW,CE,Towers with Radar,81,103,168,32,384,0,0,82,2,84,81,103,250,34,468,42,194,236,704
03/05/2003,LIT,AR,ASW,CE,Towers with Radar,80,105,184,7,376,0,0,34,1,35,80,105,218,8,411,20,22,42,453
03/06/2003,LIT,AR,ASW,CE,Towers with Radar,85,115,183,29,412,0,4,105,4,113,85,119,288,33,525,24,194,218,743
03/07/2003,LIT,AR,ASW,CE,Towers with Radar,82,121,135,7,345,0,12,122,0,134,82,133,257,7,479,44,94,138,617
03/08/2003,LIT,AR,ASW,CE,Towers with Radar,57,70,69,3,199,0,0,96,1,97,57,70,165,4,296,24,0,24,320
03/09/2003,LIT,AR,ASW,CE,Towers with Radar,60,65,77,4,206,0,0,140,0,140,60,65,217,4,346,28,6,34,380
03/10/2003,LIT,AR,ASW,CE,Towers with Radar,72,115,99,21,307,0,6,121,1,128,72,121,220,22,435,34,52,86,521
03/11/2003,LIT,AR,ASW,CE,Towers with Radar,73,101,153,20,347,0,0,86,2,88,73,101,239,22,435,20,90,110,545
03/12/2003,LIT,AR,ASW,CE,Towers with Radar,82,118,143,12,355,0,0,82,1,83,82,118,225,13,438,20,108,128,566
03/13/2003,LIT,AR,ASW,CE,Towers with Radar,72,103,122,30,327,0,0,58,1,59,72,103,180,31,386,30,132,162,548
03/14/2003,LIT,AR,ASW,CE,Towers with Radar,75,114,230,33,452,0,0,41,16,57,75,114,271,49,509,51,170,221,730
03/15/2003,LIT,AR,ASW,CE,Towers with Radar,58,68,68,6,200,0,0,28,0,28,58,68,96,6,228,22,0,22,250
03/16/2003,LIT,AR,ASW,CE,Towers with Radar,56,54,116,2,228,0,0,67,0,67,56,54,183,2,295,24,0,24,319
03/17/2003,LIT,AR,ASW,CE,Towers with Radar,69,105,112,26,312,0,0,82,0,82,69,105,194,26,394,22,158,180,574
03/18/2003,LIT,AR,ASW,CE,Towers with Radar,81,118,100,18,317,0,0,9,0,9,81,118,109,18,326,16,88,104,430
03/19/2003,LIT,AR,ASW,CE,Towers with Radar,74,130,132,25,361,0,0,89,5,94,74,130,221,30,455,28,94,122,577
03/20/2003,LIT,AR,ASW,CE,Towers with Radar,75,119,149,50,393,0,2,25,5,32,75,121,174,55,425,30,147,177,602
03/21/2003,LIT,AR,ASW,CE,Towers with Radar,75,113,171,55,414,0,2,77,14,93,75,115,248,69,507,54,232,286,793
03/22/2003,LIT,AR,ASW,CE,Towers with Radar,63,60,103,26,252,0,2,72,8,82,63,62,175,34,334,82,238,320,654
03/23/2003,LIT,AR,ASW,CE,Towers with Radar,53,69,88,1,211,0,0,102,1,103,53,69,190,2,314,17,0,17,331
03/24/2003,LIT,AR,ASW,CE,Towers with Radar,70,111,75,39,295,0,0,93,0,93,70,111,168,39,388,10,112,122,510
03/25/2003,LIT,AR,ASW,CE,Towers with Radar,67,129,105,26,327,0,0,36,2,38,67,129,141,28,365,14,92,106,471
03/26/2003,LIT,AR,ASW,CE,Towers with Radar,86,119,159,19,383,0,0,139,0,139,86,119,298,19,522,30,114,144,666
03/27/2003,LIT,AR,ASW,CE,Towers with Radar,70,123,143,56,392,0,3,120,10,133,70,126,263,66,525,72,270,342,867
03/28/2003,LIT,AR,ASW,CE,Towers with Radar,71,103,90,52,316,0,0,13,7,20,71,103,103,59,336,34,160,194,530
03/29/2003,LIT,AR,ASW,CE,Towers with Radar,62,67,64,1,194,0,0,64,0,64,62,67,128,1,258,38,28,66,324
03/30/2003,LIT,AR,ASW,CE,Towers with Radar,63,57,83,1,204,0,0,89,0,89,63,57,172,1,293,28,0,28,321
03/31/2003,LIT,AR,ASW,CE,Towers with Radar,77,106,85,9,277,0,0,101,0,101,77,106,186,9,378,22,70,92,470
04/01/2003,LIT,AR,ASW,CE,Towers with Radar,77,144,132,41,394,0,0,70,2,72,77,144,202,43,466,16,140,156,622
04/02/2003,LIT,AR,ASW,CE,Towers with Radar,82,106,119,46,353,0,0,64,0,64,82,106,183,46,417,16,222,238,655
04/03/2003,LIT,AR,ASW,CE,Towers with Radar,73,117,150,47,387,0,3,44,2,49,73,120,194,49,436,64,190,254,690
04/04/2003,LIT,AR,ASW,CE,Towers with Radar,71,96,129,40,336,0,0,33,12,45,71,96,162,52,381,18,142,160,541
04/05/2003,LIT,AR,ASW,CE,Towers with Radar,63,63,63,30,219,0,0,91,9,100,63,63,154,39,319,42,168,210,529
04/06/2003,LIT,AR,ASW,CE,Towers with Radar,55,46,48,2,151,0,0,5,0,5,55,46,53,2,156,0,0,0,156
04/07/2003,LIT,AR,ASW,CE,Towers with Radar,63,109,128,31,331,0,0,28,1,29,63,109,156,32,360,16,152,168,528
04/08/2003,LIT,AR,ASW,CE,Towers with Radar,72,112,151,60,395,0,0,61,4,65,72,112,212,64,460,4,232,236,696
04/09/2003,LIT,AR,ASW,CE,Towers with Radar,67,121,155,48,391,0,0,73,0,73,67,121,228,48,464,16,344,360,824
04/10/2003,LIT,AR,ASW,CE,Towers with Radar,68,111,136,22,337,0,0,127,5,132,68,111,263,27,469,30,82,112,581
04/11/2003,LIT,AR,ASW,CE,Towers with Radar,66,112,111,31,320,0,0,131,5,136,66,112,242,36,456,48,146,194,650
04/12/2003,LIT,AR,ASW,CE,Towers with Radar,57,67,68,2,194,0,0,115,0,115,57,67,183,2,309,70,0,70,379
04/13/2003,LIT,AR,ASW,CE,Towers with Radar,53,63,86,13,215,0,0,91,0,91,53,63,177,13,306,6,28,34,340
04/14/2003,LIT,AR,ASW,CE,Towers with Radar,72,95,98,30,295,0,0,72,1,73,72,95,170,31,368,54,114,168,536
04/15/2003,LIT,AR,ASW,CE,Towers with Radar,69,111,126,45,351,0,0,88,0,88,69,111,214,45,439,20,160,180,619
04/16/2003,LIT,AR,ASW,CE,Towers with Radar,67,104,145,19,335,0,0,18,1,19,67,104,163,20,354,8,72,80,434
04/17/2003,LIT,AR,ASW,CE,Towers with Radar,83,102,195,33,413,0,2,101,2,105,83,104,296,35,518,82,136,218,736
04/18/2003,LIT,AR,ASW,CE,Towers with Radar,78,110,128,8,324,0,2,104,2,108,78,112,232,10,432,53,0,53,485
04/19/2003,LIT,AR,ASW,CE,Towers with Radar,51,60,45,2,158,0,0,28,0,28,51,60,73,2,186,0,0,0,186
04/20/2003,LIT,AR,ASW,CE,Towers with Radar,57,79,46,0,182,0,0,29,0,29,57,79,75,0,211,16,0,16,227
04/21/2003,LIT,AR,ASW,CE,Towers with Radar,68,93,129,59,349,0,0,69,0,69,68,93,198,59,418,22,6,28,446
04/22/2003,LIT,AR,ASW,CE,Towers with Radar,67,115,131,43,356,0,0,119,2,121,67,115,250,45,477,44,48,92,569
04/23/2003,LIT,AR,ASW,CE,Towers with Radar,72,98,157,64,391,0,0,60,5,65,72,98,217,69,456,4,8,12,468
04/24/2003,LIT,AR,ASW,CE,Towers with Radar,76,105,127,12,320,0,0,19,1,20,76,105,146,13,340,6,6,12,352
04/25/2003,LIT,AR,ASW,CE,Towers with Radar,70,113,130,30,343,0,0,85,7,92,70,113,215,37,435,40,50,90,525
04/26/2003,LIT,AR,ASW,CE,Towers with Radar,59,64,89,9,221,0,0,85,12,97,59,64,174,21,318,58,30,88,406
04/27/2003,LIT,AR,ASW,CE,Towers with Radar,48,70,90,2,210,0,3,107,0,110,48,73,197,2,320,32,0,32,352
04/28/2003,LIT,AR,ASW,CE,Towers with Radar,74,107,105,31,317,0,0,99,2,101,74,107,204,33,418,26,36,62,480
04/29/2003,LIT,AR,ASW,CE,Towers with Radar,63,122,132,14,331,0,0,109,8,117,63,122,241,22,448,20,12,32,480
04/30/2003,LIT,AR,ASW,CE,Towers with Radar,78,102,134,20,334,0,0,98,5,103,78,102,232,25,437,22,56,78,515
05/01/2003,LIT,AR,ASW,CE,Towers with Radar,72,96,128,20,316,0,0,73,0,73,72,96,201,20,389,34,12,46,435
05/02/2003,LIT,AR,ASW,CE,Towers with Radar,74,137,146,27,384,0,0,69,12,81,74,137,215,39,465,50,82,132,597
05/03/2003,LIT,AR,ASW,CE,Towers with Radar,49,71,75,11,206,0,0,41,2,43,49,71,116,13,249,56,12,68,317
05/04/2003,LIT,AR,ASW,CE,Towers with Radar,49,75,70,3,197,0,0,18,1,19,49,75,88,4,216,0,8,8,224
05/05/2003,LIT,AR,ASW,CE,Towers with Radar,69,106,84,12,271,0,0,10,0,10,69,106,94,12,281,18,0,18,299
05/06/2003,LIT,AR,ASW,CE,Towers with Radar,73,102,126,37,338,0,0,21,2,23,73,102,147,39,361,26,74,100,461
05/07/2003,LIT,AR,ASW,CE,Towers with Radar,60,117,130,14,321,0,0,63,1,64,60,117,193,15,385,30,6,36,421
05/08/2003,LIT,AR,ASW,CE,Towers with Radar,71,107,160,17,355,0,2,31,1,34,71,109,191,18,389,32,49,81,470
05/09/2003,LIT,AR,ASW,CE,Towers with Radar,67,109,166,6,348,0,0,76,2,78,67,109,242,8,426,12,6,18,444
05/10/2003,LIT,AR,ASW,CE,Towers with Radar,61,66,61,3,191,0,0,22,0,22,61,66,83,3,213,29,0,29,242
05/11/2003,LIT,AR,ASW,CE,Towers with Radar,48,73,50,2,173,0,0,71,0,71,48,73,121,2,244,41,6,47,291
05/12/2003,LIT,AR,ASW,CE,Towers with Radar,70,89,129,13,301,0,2,130,4,136,70,91,259,17,437,50,40,90,527
05/13/2003,LIT,AR,ASW,CE,Towers with Radar,67,106,144,27,344,0,0,83,1,84,67,106,227,28,428,16,104,120,548
05/14/2003,LIT,AR,ASW,CE,Towers with Radar,62,125,131,31,349,0,0,11,0,11,62,125,142,31,360,18,78,96,456
05/15/2003,LIT,AR,ASW,CE,Towers with Radar,72,117,180,26,395,0,1,97,1,99,72,118,277,27,494,30,42,72,566
05/16/2003,LIT,AR,ASW,CE,Towers with Radar,61,114,95,5,275,0,2,14,0,16,61,116,109,5,291,4,2,6,297
05/17/2003,LIT,AR,ASW,CE,Towers with Radar,65,74,71,28,238,0,0,2,2,4,65,74,73,30,242,16,52,68,310
05/18/2003,LIT,AR,ASW,CE,Towers with Radar,52,74,66,6,198,0,0,45,0,45,52,74,111,6,243,20,18,38,281
05/19/2003,LIT,AR,ASW,CE,Towers with Radar,63,101,171,14,349,0,0,83,1,84,63,101,254,15,433,42,82,124,557
05/20/2003,LIT,AR,ASW,CE,Towers with Radar,71,111,119,42,343,0,1,18,0,19,71,112,137,42,362,8,70,78,440
05/21/2003,LIT,AR,ASW,CE,Towers with Radar,67,113,171,21,372,0,1,100,4,105,67,114,271,25,477,60,72,132,609
05/22/2003,LIT,AR,ASW,CE,Towers with Radar,67,117,177,43,404,0,0,123,6,129,67,117,300,49,533,78,134,212,745
05/23/2003,LIT,AR,ASW,CE,Towers with Radar,64,109,133,36,342,0,2,144,2,148,64,111,277,38,490,62,80,142,632
05/24/2003,LIT,AR,ASW,CE,Towers with Radar,58,58,70,5,191,0,0,75,2,77,58,58,145,7,268,32,0,32,300
05/25/2003,LIT,AR,ASW,CE,Towers with Radar,54,50,38,0,142,0,12,32,0,44,54,62,70,0,186,12,0,12,198
05/26/2003,LIT,AR,ASW,CE,Towers with Radar,46,77,68,8,199,0,0,86,0,86,46,77,154,8,285,10,4,14,299
05/27/2003,LIT,AR,ASW,CE,Towers with Radar,69,124,104,26,323,0,0,120,1,121,69,124,224,27,444,2,112,114,558
05/28/2003,LIT,AR,ASW,CE,Towers with Radar,65,126,121,22,334,0,0,97,2,99,65,126,218,24,433,22,60,82,515
05/29/2003,LIT,AR,ASW,CE,Towers with Radar,70,111,132,12,325,0,0,113,0,113,70,111,245,12,438,50,54,104,542
05/30/2003,LIT,AR,ASW,CE,Towers with Radar,69,117,147,27,360,0,0,142,5,147,69,117,289,32,507,18,30,48,555
05/31/2003,LIT,AR,ASW,CE,Towers with Radar,63,63,80,3,209,0,0,86,0,86,63,63,166,3,295,72,0,72,367
06/01/2003,LIT,AR,ASW,CE,Towers with Radar,55,70,71,12,208,0,0,64,2,66,55,70,135,14,274,10,14,24,298
06/02/2003,LIT,AR,ASW,CE,Towers with Radar,69,103,98,13,283,0,0,15,0,15,69,103,113,13,298,2,16,18,316
06/03/2003,LIT,AR,ASW,CE,Towers with Radar,68,122,137,39,366,0,0,93,0,93,68,122,230,39,459,18,128,146,605
06/04/2003,LIT,AR,ASW,CE,Towers with Radar,68,105,165,50,388,0,0,83,0,83,68,105,248,50,471,50,132,182,653
06/05/2003,LIT,AR,ASW,CE,Towers with Radar,73,120,143,36,372,0,0,41,4,45,73,120,184,40,417,18,81,99,516
06/06/2003,LIT,AR,ASW,CE,Towers with Radar,63,116,143,45,367,0,0,9,0,9,63,116,152,45,376,14,104,118,494
06/07/2003,LIT,AR,ASW,CE,Towers with Radar,57,60,89,5,211,0,0,129,0,129,57,60,218,5,340,42,0,42,382
06/08/2003,LIT,AR,ASW,CE,Towers with Radar,52,76,66,11,205,0,2,71,2,75,52,78,137,13,280,28,2,30,310
06/09/2003,LIT,AR,ASW,CE,Towers with Radar,75,114,113,37,339,0,2,131,2,135,75,116,244,39,474,48,92,140,614
06/10/2003,LIT,AR,ASW,CE,Towers with Radar,71,112,148,15,346,0,0,103,2,105,71,112,251,17,451,12,72,84,535
06/11/2003,LIT,AR,ASW,CE,Towers with Radar,75,110,125,15,325,0,0,30,2,32,75,110,155,17,357,12,76,88,445
06/12/2003,LIT,AR,ASW,CE,Towers with Radar,66,116,132,57,371,0,0,58,4,62,66,116,190,61,433,36,160,196,629
06/13/2003,LIT,AR,ASW,CE,Towers with Radar,72,121,140,49,382,0,0,87,6,93,72,121,227,55,475,34,146,180,655
06/14/2003,LIT,AR,ASW,CE,Towers with Radar,58,76,112,44,290,0,6,63,14,83,58,82,175,58,373,102,50,152,525
06/15/2003,LIT,AR,ASW,CE,Towers with Radar,68,53,68,14,203,0,6,44,0,50,68,59,112,14,253,39,4,43,296
06/16/2003,LIT,AR,ASW,CE,Towers with Radar,67,101,99,7,274,0,0,11,0,11,67,101,110,7,285,6,56,62,347
06/17/2003,LIT,AR,ASW,CE,Towers with Radar,70,115,105,5,295,0,0,8,1,9,70,115,113,6,304,6,10,16,320
06/18/2003,LIT,AR,ASW,CE,Towers with Radar,78,114,156,14,362,0,0,19,0,19,78,114,175,14,381,8,76,84,465
06/19/2003,LIT,AR,ASW,CE,Towers with Radar,79,127,175,34,415,0,0,44,0,44,79,127,219,34,459,38,126,164,623
06/20/2003,LIT,AR,ASW,CE,Towers with Radar,87,122,190,32,431,0,1,135,10,146,87,123,325,42,577,48,188,236,813
06/21/2003,LIT,AR,ASW,CE,Towers with Radar,59,80,84,15,238,0,0,111,7,118,59,80,195,22,356,26,68,94,450
06/22/2003,LIT,AR,ASW,CE,Towers with Radar,62,66,72,6,206,0,2,104,11,117,62,68,176,17,323,16,6,22,345
06/23/2003,LIT,AR,ASW,CE,Towers with Radar,66,108,108,22,304,0,0,92,0,92,66,108,200,22,396,16,76,92,488
06/24/2003,LIT,AR,ASW,CE,Towers with Radar,69,128,135,41,373,0,0,143,2,145,69,128,278,43,518,38,150,188,706
06/25/2003,LIT,AR,ASW,CE,Towers with Radar,74,116,164,12,366,0,0,91,0,91,74,116,255,12,457,10,14,24,481
06/26/2003,LIT,AR,ASW,CE,Towers with Radar,79,123,149,41,392,0,8,29,2,39,79,131,178,43,431,32,56,88,519
06/27/2003,LIT,AR,ASW,CE,Towers with Radar,74,105,160,30,369,0,0,136,5,141,74,105,296,35,510,86,80,166,676
06/28/2003,LIT,AR,ASW,CE,Towers with Radar,60,64,68,15,207,0,0,88,4,92,60,64,156,19,299,46,76,122,421
06/29/2003,LIT,AR,ASW,CE,Towers with Radar,57,67,66,6,196,0,0,88,0,88,57,67,154,6,284,63,20,83,367
06/30/2003,LIT,AR,ASW,CE,Towers with Radar,60,94,103,39,296,0,0,39,0,39,60,94,142,39,335,18,182,200,535
07/01/2003,LIT,AR,ASW,CE,Towers with Radar,75,111,117,65,368,0,0,44,6,50,75,111,161,71,418,32,190,222,640
07/02/2003,LIT,AR,ASW,CE,Towers with Radar,71,98,159,34,362,0,0,122,14,136,71,98,281,48,498,16,130,146,644
07/03/2003,LIT,AR,ASW,CE,Towers with Radar,79,92,128,4,303,0,0,111,1,112,79,92,239,5,415,18,0,18,433
07/04/2003,LIT,AR,ASW,CE,Towers with Radar,61,64,37,0,162,0,0,77,0,77,61,64,114,0,239,98,0,98,337
07/05/2003,LIT,AR,ASW,CE,Towers with Radar,52,50,89,0,191,0,0,36,1,37,52,50,125,1,228,62,0,62,290
07/06/2003,LIT,AR,ASW,CE,Towers with Radar,47,70,110,5,232,0,0,60,0,60,47,70,170,5,292,34,0,34,326
07/07/2003,LIT,AR,ASW,CE,Towers with Radar,79,85,102,40,306,0,0,105,3,108,79,85,207,43,414,44,148,192,606
07/08/2003,LIT,AR,ASW,CE,Towers with Radar,70,113,102,49,334,0,2,109,4,115,70,115,211,53,449,16,138,154,603
07/09/2003,LIT,AR,ASW,CE,Towers with Radar,75,98,155,53,381,0,0,162,4,166,75,98,317,57,547,22,222,244,791
07/10/2003,LIT,AR,ASW,CE,Towers with Radar,75,104,146,40,365,0,0,53,0,53,75,104,199,40,418,30,224,254,672
07/11/2003,LIT,AR,ASW,CE,Towers with Radar,70,99,140,52,361,0,0,139,18,157,70,99,279,70,518,76,290,366,884
07/12/2003,LIT,AR,ASW,CE,Towers with Radar,59,66,42,21,188,0,0,55,6,61,59,66,97,27,249,16,96,112,361
07/13/2003,LIT,AR,ASW,CE,Towers with Radar,59,71,54,2,186,0,0,28,0,28,59,71,82,2,214,4,0,4,218
07/14/2003,LIT,AR,ASW,CE,Towers with Radar,68,105,125,35,333,0,0,96,1,97,68,105,221,36,430,16,62,78,508
07/15/2003,LIT,AR,ASW,CE,Towers with Radar,62,110,131,20,323,0,0,128,2,130,62,110,259,22,453,40,30,70,523
07/16/2003,LIT,AR,ASW,CE,Towers with Radar,74,100,162,22,358,0,0,105,5,110,74,100,267,27,468,24,58,82,550
07/17/2003,LIT,AR,ASW,CE,Towers with Radar,77,107,160,44,388,0,4,129,1,134,77,111,289,45,522,6,198,204,726
07/18/2003,LIT,AR,ASW,CE,Towers with Radar,85,100,145,37,367,0,1,93,0,94,85,101,238,37,461,46,102,148,609
07/19/2003,LIT,AR,ASW,CE,Towers with Radar,64,69,59,5,197,0,0,54,1,55,64,69,113,6,252,18,8,26,278
07/20/2003,LIT,AR,ASW,CE,Towers with Radar,59,62,88,10,219,0,0,69,0,69,59,62,157,10,288,38,8,46,334
07/21/2003,LIT,AR,ASW,CE,Towers with Radar,64,97,110,21,292,0,2,63,12,77,64,99,173,33,369,10,158,168,537
07/22/2003,LIT,AR,ASW,CE,Towers with Radar,75,114,124,25,338,0,0,52,2,54,75,114,176,27,392,24,72,96,488
07/23/2003,LIT,AR,ASW,CE,Towers with Radar,78,109,167,20,374,0,0,129,4,133,78,109,296,24,507,28,68,96,603
07/24/2003,LIT,AR,ASW,CE,Towers with Radar,73,119,144,34,370,0,0,120,1,121,73,119,264,35,491,42,114,156,647
07/25/2003,LIT,AR,ASW,CE,Towers with Radar,76,114,128,37,355,0,0,122,7,129,76,114,250,44,484,23,167,190,674
07/26/2003,LIT,AR,ASW,CE,Towers with Radar,59,77,75,36,247,0,0,100,6,106,59,77,175,42,353,76,229,305,658
07/27/2003,LIT,AR,ASW,CE,Towers with Radar,57,62,63,3,185,0,0,65,0,65,57,62,128,3,250,6,16,22,272
07/28/2003,LIT,AR,ASW,CE,Towers with Radar,71,101,118,17,307,0,0,95,2,97,71,101,213,19,404,46,84,130,534
07/29/2003,LIT,AR,ASW,CE,Towers with Radar,94,107,138,14,353,0,2,60,0,62,94,109,198,14,415,28,120,148,563
07/30/2003,LIT,AR,ASW,CE,Towers with Radar,75,113,126,15,329,0,0,40,1,41,75,113,166,16,370,8,74,82,452
07/31/2003,LIT,AR,ASW,CE,Towers with Radar,77,98,155,84,414,0,0,93,12,105,77,98,248,96,519,48,130,178,697
08/01/2003,LIT,AR,ASW,CE,Towers with Radar,75,104,136,25,340,0,0,106,5,111,75,104,242,30,451,68,114,182,633
08/02/2003,LIT,AR,ASW,CE,Towers with Radar,59,74,80,7,220,0,0,36,2,38,59,74,116,9,258,54,44,98,356
08/03/2003,LIT,AR,ASW,CE,Towers with Radar,54,69,66,0,189,0,8,5,0,13,54,77,71,0,202,4,0,4,206
08/04/2003,LIT,AR,ASW,CE,Towers with Radar,67,93,105,29,294,0,2,75,3,80,67,95,180,32,374,20,70,90,464
08/05/2003,LIT,AR,ASW,CE,Towers with Radar,83,120,137,34,374,0,0,44,9,53,83,120,181,43,427,10,194,204,631
08/06/2003,LIT,AR,ASW,CE,Towers with Radar,78,107,146,25,356,0,0,44,0,44,78,107,190,25,400,20,190,210,610
08/07/2003,LIT,AR,ASW,CE,Towers with Radar,103,125,154,21,403,0,0,135,2,137,103,125,289,23,540,62,164,226,766
08/08/2003,LIT,AR,ASW,CE,Towers with Radar,70,146,158,28,402,0,0,125,4,129,70,146,283,32,531,58,125,183,714
08/09/2003,LIT,AR,ASW,CE,Towers with Radar,61,68,77,20,226,0,0,36,4,40,61,68,113,24,266,32,26,58,324
08/10/2003,LIT,AR,ASW,CE,Towers with Radar,52,67,82,9,210,0,6,59,1,66,52,73,141,10,276,8,6,14,290
08/11/2003,LIT,AR,ASW,CE,Towers with Radar,66,109,100,27,302,0,0,48,0,48,66,109,148,27,350,15,18,33,383
08/12/2003,LIT,AR,ASW,CE,Towers with Radar,79,111,152,31,373,0,0,91,3,94,79,111,243,34,467,22,44,66,533
08/13/2003,LIT,AR,ASW,CE,Towers with Radar,77,112,199,21,409,0,0,32,0,32,77,112,231,21,441,22,40,62,503
08/14/2003,LIT,AR,ASW,CE,Towers with Radar,71,106,159,34,370,0,0,83,2,85,71,106,242,36,455,68,116,184,639
08/15/2003,LIT,AR,ASW,CE,Towers with Radar,78,94,162,73,407,0,0,112,2,114,78,94,274,75,521,30,63,93,614
08/16/2003,LIT,AR,ASW,CE,Towers with Radar,55,66,78,5,204,0,0,90,0,90,55,66,168,5,294,58,4,62,356
08/17/2003,LIT,AR,ASW,CE,Towers with Radar,52,64,60,28,204,0,0,69,0,69,52,64,129,28,273,34,32,66,339
08/18/2003,LIT,AR,ASW,CE,Towers with Radar,69,98,111,24,302,0,0,98,1,99,69,98,209,25,401,22,68,90,491
08/19/2003,LIT,AR,ASW,CE,Towers with Radar,74,124,129,25,352,0,0,56,10,66,74,124,185,35,418,34,120,154,572
08/20/2003,LIT,AR,ASW,CE,Towers with Radar,82,120,147,31,380,0,2,99,1,102,82,122,246,32,482,16,86,102,584
08/21/2003,LIT,AR,ASW,CE,Towers with Radar,75,127,175,29,406,0,2,105,0,107,75,129,280,29,513,88,128,216,729
08/22/2003,LIT,AR,ASW,CE,Towers with Radar,76,125,137,30,368,0,2,114,16,132,76,127,251,46,500,66,156,222,722
08/23/2003,LIT,AR,ASW,CE,Towers with Radar,81,72,44,8,205,0,0,84,6,90,81,72,128,14,295,24,130,154,449
08/24/2003,LIT,AR,ASW,CE,Towers with Radar,55,81,96,11,243,0,0,62,0,62,55,81,158,11,305,20,8,28,333
08/25/2003,LIT,AR,ASW,CE,Towers with Radar,79,105,140,35,359,0,0,91,1,92,79,105,231,36,451,54,174,228,679
08/26/2003,LIT,AR,ASW,CE,Towers with Radar,64,106,128,8,306,0,0,77,7,84,64,106,205,15,390,70,88,158,548
08/27/2003,LIT,AR,ASW,CE,Towers with Radar,85,101,156,63,405,0,0,77,4,81,85,101,233,67,486,40,240,280,766
08/28/2003,LIT,AR,ASW,CE,Towers with Radar,0,0,0,0,0,70,116,256,44,486,70,116,256,44,486,24,278,302,788
08/29/2003,LIT,AR,ASW,CE,Towers with Radar,0,0,0,0,0,85,119,189,30,423,85,119,189,30,423,48,89,137,560
08/30/2003,LIT,AR,ASW,CE,Towers with Radar,0,0,0,0,0,61,67,98,0,226,61,67,98,0,226,60,0,60,286
08/31/2003,LIT,AR,ASW,CE,Towers with Radar,0,0,0,0,0,45,47,65,0,157,45,47,65,0,157,4,0,4,161
09/01/2003,LIT,AR,ASW,CE,Towers with Radar,56,68,61,1,186,0,2,15,0,17,56,70,76,1,203,2,0,2,205
09/02/2003,LIT,AR,ASW,CE,Towers with Radar,66,106,111,53,336,0,0,13,1,14,66,106,124,54,350,20,184,204,554
09/03/2003,LIT,AR,ASW,CE,Towers with Radar,75,96,156,39,366,0,0,24,1,25,75,96,180,40,391,16,120,136,527
09/04/2003,LIT,AR,ASW,CE,Towers with Radar,79,109,159,18,365,0,0,166,3,169,79,109,325,21,534,72,24,96,630
09/05/2003,LIT,AR,ASW,CE,Towers with Radar,75,101,138,59,373,0,0,197,9,206,75,101,335,68,579,78,156,234,813
09/06/2003,LIT,AR,ASW,CE,Towers with Radar,61,63,78,22,224,0,1,118,4,123,61,64,196,26,347,51,150,201,548
09/07/2003,LIT,AR,ASW,CE,Towers with Radar,52,65,62,8,187,0,0,111,0,111,52,65,173,8,298,26,78,104,402
09/08/2003,LIT,AR,ASW,CE,Towers with Radar,73,89,120,12,294,0,0,95,5,100,73,89,215,17,394,46,98,144,538
09/09/2003,LIT,AR,ASW,CE,Towers with Radar,73,100,147,24,344,0,2,118,2,122,73,102,265,26,466,52,114,166,632
09/10/2003,LIT,AR,ASW,CE,Towers with Radar,72,107,151,27,357,0,0,98,0,98,72,107,249,27,455,20,48,68,523
09/11/2003,LIT,AR,ASW,CE,Towers with Radar,72,106,124,16,318,0,0,37,0,37,72,106,161,16,355,24,50,74,429
09/12/2003,LIT,AR,ASW,CE,Towers with Radar,76,116,131,20,343,0,2,4,2,8,76,118,135,22,351,24,20,44,395
09/13/2003,LIT,AR,ASW,CE,Towers with Radar,54,79,77,7,217,0,7,17,0,24,54,86,94,7,241,110,44,154,395
09/14/2003,LIT,AR,ASW,CE,Towers with Radar,53,71,100,17,241,0,0,52,1,53,53,71,152,18,294,56,4,60,354
09/15/2003,LIT,AR,ASW,CE,Towers with Radar,69,105,135,28,337,0,0,335,3,338,69,105,470,31,675,66,140,206,881
09/16/2003,LIT,AR,ASW,CE,Towers with Radar,74,106,115,21,316,0,0,153,0,153,74,106,268,21,469,46,96,142,611
09/17/2003,LIT,AR,ASW,CE,Towers with Radar,69,120,164,35,388,0,0,122,2,124,69,120,286,37,512,44,148,192,704
09/18/2003,LIT,AR,ASW,CE,Towers with Radar,73,113,139,33,358,0,2,172,6,180,73,115,311,39,538,69,94,163,701
09/19/2003,LIT,AR,ASW,CE,Towers with Radar,73,113,144,23,353,0,2,124,3,129,73,115,268,26,482,44,66,110,592
09/20/2003,LIT,AR,ASW,CE,Towers with Radar,53,69,75,4,201,0,0,122,6,128,53,69,197,10,329,54,44,98,427
09/21/2003,LIT,AR,ASW,CE,Towers with Radar,51,66,69,5,191,0,0,30,4,34,51,66,99,9,225,6,10,16,241
09/22/2003,LIT,AR,ASW,CE,Towers with Radar,68,109,106,4,287,0,4,66,1,71,68,113,172,5,358,26,2,28,386
09/23/2003,LIT,AR,ASW,CE,Towers with Radar,71,122,129,44,366,0,0,131,0,131,71,122,260,44,497,64,326,390,887
09/24/2003,LIT,AR,ASW,CE,Towers with Radar,70,116,168,7,361,0,0,145,0,145,70,116,313,7,506,18,4,22,528
09/25/2003,LIT,AR,ASW,CE,Towers with Radar,69,110,243,17,439,0,0,146,4,150,69,110,389,21,589,24,46,70,659
09/26/2003,LIT,AR,ASW,CE,Towers with Radar,90,95,142,8,335,0,0,120,1,121,90,95,262,9,456,32,0,32,488
09/27/2003,LIT,AR,ASW,CE,Towers with Radar,59,76,132,1,268,0,0,184,0,184,59,76,316,1,452,76,0,76,528
09/28/2003,LIT,AR,ASW,CE,Towers with Radar,57,60,127,1,245,0,0,137,0,137,57,60,264,1,382,66,0,66,448
09/29/2003,LIT,AR,ASW,CE,Towers with Radar,60,105,108,1,274,0,0,120,0,120,60,105,228,1,394,18,14,32,426
09/30/2003,LIT,AR,ASW,CE,Towers with Radar,75,120,142,2,339,0,0,98,0,98,75,120,240,2,437,16,0,16,453
10/01/2003,LIT,AR,ASW,CE,Towers with Radar,75,104,136,25,340,0,0,106,5,111,75,104,242,30,451,68,114,182,633
10/02/2003,LIT,AR,ASW,CE,Towers with Radar,59,74,80,7,220,0,0,36,2,38,59,74,116,9,258,54,44,98,356
10/03/2003,LIT,AR,ASW,CE,Towers with Radar,54,69,66,0,189,0,8,5,0,13,54,77,71,0,202,4,0,4,206
10/04/2003,LIT,AR,ASW,CE,Towers with Radar,67,93,105,29,294,0,2,75,3,80,67,95,180,32,374,20,70,90,464
10/05/2003,LIT,AR,ASW,CE,Towers with Radar,83,120,137,34,374,0,0,44,9,53,83,120,181,43,427,10,194,204,631
10/06/2003,LIT,AR,ASW,CE,Towers with Radar,78,107,146,25,356,0,0,44,0,44,78,107,190,25,400,20,190,210,610
10/07/2003,LIT,AR,ASW,CE,Towers with Radar,103,125,154,21,403,0,0,135,2,137,103,125,289,23,540,62,164,226,766
10/08/2003,LIT,AR,ASW,CE,Towers with Radar,70,146,158,28,402,0,0,125,4,129,70,146,283,32,531,58,125,183,714
10/09/2003,LIT,AR,ASW,CE,Towers with Radar,61,68,77,20,226,0,0,36,4,40,61,68,113,24,266,32,26,58,324
10/10/2003,LIT,AR,ASW,CE,Towers with Radar,52,67,82,9,210,0,6,59,1,66,52,73,141,10,276,8,6,14,290
10/11/2003,LIT,AR,ASW,CE,Towers with Radar,66,109,100,27,302,0,0,48,0,48,66,109,148,27,350,15,18,33,383
10/12/2003,LIT,AR,ASW,CE,Towers with Radar,79,111,152,31,373,0,0,91,3,94,79,111,243,34,467,22,44,66,533
10/13/2003,LIT,AR,ASW,CE,Towers with Radar,77,112,199,21,409,0,0,32,0,32,77,112,231,21,441,22,40,62,503
10/14/2003,LIT,AR,ASW,CE,Towers with Radar,71,106,159,34,370,0,0,83,2,85,71,106,242,36,455,68,116,184,639
10/15/2003,LIT,AR,ASW,CE,Towers with Radar,78,94,162,73,407,0,0,112,2,114,78,94,274,75,521,30,63,93,614
10/16/2003,LIT,AR,ASW,CE,Towers with Radar,55,66,78,5,204,0,0,90,0,90,55,66,168,5,294,58,4,62,356
10/17/2003,LIT,AR,ASW,CE,Towers with Radar,52,64,60,28,204,0,0,69,0,69,52,64,129,28,273,34,32,66,339
10/18/2003,LIT,AR,ASW,CE,Towers with Radar,69,98,111,24,302,0,0,98,1,99,69,98,209,25,401,22,68,90,491
10/19/2003,LIT,AR,ASW,CE,Towers with Radar,74,124,129,25,352,0,0,56,10,66,74,124,185,35,418,34,120,154,572
10/20/2003,LIT,AR,ASW,CE,Towers with Radar,82,120,147,31,380,0,2,99,1,102,82,122,246,32,482,16,86,102,584
10/21/2003,LIT,AR,ASW,CE,Towers with Radar,75,127,175,29,406,0,2,105,0,107,75,129,280,29,513,88,128,216,729
10/22/2003,LIT,AR,ASW,CE,Towers with Radar,76,125,137,30,368,0,2,114,16,132,76,127,251,46,500,66,156,222,722
10/23/2003,LIT,AR,ASW,CE,Towers with Radar,81,72,44,8,205,0,0,84,6,90,81,72,128,14,295,24,130,154,449
10/24/2003,LIT,AR,ASW,CE,Towers with Radar,55,81,96,11,243,0,0,62,0,62,55,81,158,11,305,20,8,28,333
10/25/2003,LIT,AR,ASW,CE,Towers with Radar,79,105,140,35,359,0,0,91,1,92,79,105,231,36,451,54,174,228,679
10/26/2003,LIT,AR,ASW,CE,Towers with Radar,64,106,128,8,306,0,0,77,7,84,64,106,205,15,390,70,88,158,548
10/27/2003,LIT,AR,ASW,CE,Towers with Radar,85,101,156,63,405,0,0,77,4,81,85,101,233,67,486,40,240,280,766
10/28/2003,LIT,AR,ASW,CE,Towers with Radar,70,116,167,42,395,0,0,89,2,91,70,116,256,44,486,24,278,302,788
10/29/2003,LIT,AR,ASW,CE,Towers with Radar,85,119,113,25,342,0,0,76,5,81,85,119,189,30,423,48,89,137,560
10/30/2003,LIT,AR,ASW,CE,Towers with Radar,61,67,40,0,168,0,0,58,0,58,61,67,98,0,226,60,0,60,286
10/31/2003,LIT,AR,ASW,CE,Towers with Radar,45,47,50,0,142,0,0,15,0,15,45,47,65,0,157,4,0,4,161
11/01/2003,LIT,AR,ASW,CE,Towers with Radar,66,55,76,3,200,0,0,0,0,0,66,55,76,3,200,64,0,64,264
11/02/2003,LIT,AR,ASW,CE,Towers with Radar,50,75,76,2,203,0,0,72,0,72,50,75,148,2,275,34,0,34,309
11/03/2003,LIT,AR,ASW,CE,Towers with Radar,65,110,99,42,316,0,0,87,0,87,65,110,186,42,403,18,24,42,445
11/04/2003,LIT,AR,ASW,CE,Towers with Radar,71,121,132,27,351,0,0,115,4,119,71,121,247,31,470,16,78,94,564
11/05/2003,LIT,AR,ASW,CE,Towers with Radar,93,96,149,29,367,0,0,60,5,65,93,96,209,34,432,8,118,126,558
11/06/2003,LIT,AR,ASW,CE,Towers with Radar,75,116,187,78,456,0,0,7,0,7,75,116,194,78,463,4,32,36,499
11/07/2003,LIT,AR,ASW,CE,Towers with Radar,67,114,176,28,385,0,0,6,2,8,67,114,182,30,393,10,20,30,423
11/08/2003,LIT,AR,ASW,CE,Towers with Radar,52,86,77,41,256,0,0,46,5,51,52,86,123,46,307,2,298,300,607
11/09/2003,LIT,AR,ASW,CE,Towers with Radar,53,81,85,2,221,0,1,66,0,67,53,82,151,2,288,22,12,34,322
11/10/2003,LIT,AR,ASW,CE,Towers with Radar,76,113,129,9,327,0,0,62,0,62,76,113,191,9,389,46,4,50,439
11/11/2003,LIT,AR,ASW,CE,Towers with Radar,64,102,126,7,299,0,0,30,0,30,64,102,156,7,329,2,0,2,331
11/12/2003,LIT,AR,ASW,CE,Towers with Radar,66,107,191,9,373,0,0,37,2,39,66,107,228,11,412,8,2,10,422
11/13/2003,LIT,AR,ASW,CE,Towers with Radar,79,120,139,10,348,0,2,166,8,176,79,122,305,18,524,50,62,112,636
11/14/2003,LIT,AR,ASW,CE,Towers with Radar,69,99,125,32,325,0,0,71,0,71,69,99,196,32,396,14,110,124,520
11/15/2003,LIT,AR,ASW,CE,Towers with Radar,51,78,93,7,229,0,0,6,0,6,51,78,99,7,235,2,0,2,237
11/16/2003,LIT,AR,ASW,CE,Towers with Radar,53,64,88,4,209,0,0,0,0,0,53,64,88,4,209,2,0,2,211
11/17/2003,LIT,AR,ASW,CE,Towers with Radar,74,78,83,14,249,0,0,0,0,0,74,78,83,14,249,4,26,30,279
11/18/2003,LIT,AR,ASW,CE,Towers with Radar,69,124,147,13,353,0,0,20,1,21,69,124,167,14,374,2,74,76,450
11/19/2003,LIT,AR,ASW,CE,Towers with Radar,65,129,171,11,376,0,0,109,0,109,65,129,280,11,485,24,16,40,525
11/20/2003,LIT,AR,ASW,CE,Towers with Radar,72,125,162,28,387,0,0,175,21,196,72,125,337,49,583,30,98,128,711
11/21/2003,LIT,AR,ASW,CE,Towers with Radar,67,122,151,24,364,0,0,164,0,164,67,122,315,24,528,64,114,178,706
11/22/2003,LIT,AR,ASW,CE,Towers with Radar,57,96,131,43,327,0,0,80,5,85,57,96,211,48,412,32,258,290,702
11/23/2003,LIT,AR,ASW,CE,Towers with Radar,57,72,70,2,201,0,0,5,0,5,57,72,75,2,206,6,0,6,212
11/24/2003,LIT,AR,ASW,CE,Towers with Radar,61,117,106,16,300,0,0,91,0,91,61,117,197,16,391,42,36,78,469
11/25/2003,LIT,AR,ASW,CE,Towers with Radar,67,111,146,16,340,0,0,109,1,110,67,111,255,17,450,26,84,110,560
11/26/2003,LIT,AR,ASW,CE,Towers with Radar,69,137,169,9,384,0,0,35,2,37,69,137,204,11,421,14,22,36,457
11/27/2003,LIT,AR,ASW,CE,Towers with Radar,51,64,36,0,151,0,0,2,0,2,51,64,38,0,153,0,0,0,153
11/28/2003,LIT,AR,ASW,CE,Towers with Radar,47,67,76,0,190,0,0,51,0,51,47,67,127,0,241,0,0,0,241
11/29/2003,LIT,AR,ASW,CE,Towers with Radar,52,61,73,0,186,0,2,78,0,80,52,63,151,0,266,44,0,44,310
11/30/2003,LIT,AR,ASW,CE,Towers with Radar,58,77,78,0,213,0,0,82,0,82,58,77,160,0,295,12,0,12,307
12/01/2003,LIT,AR,ASW,CE,Towers with Radar,63,100,97,40,300,0,0,86,1,87,63,100,183,41,387,48,164,212,599
12/02/2003,LIT,AR,ASW,CE,Towers with Radar,73,121,148,25,367,0,0,91,0,91,73,121,239,25,458,42,166,208,666
12/03/2003,LIT,AR,ASW,CE,Towers with Radar,67,130,146,12,355,0,0,3,0,3,67,130,149,12,358,4,28,32,390
12/04/2003,LIT,AR,ASW,CE,Towers with Radar,67,122,192,15,396,0,0,86,0,86,67,122,278,15,482,26,66,92,574
12/05/2003,LIT,AR,ASW,CE,Towers with Radar,64,120,126,12,322,0,0,55,0,55,64,120,181,12,377,44,102,146,523
12/06/2003,LIT,AR,ASW,CE,Towers with Radar,57,78,101,35,271,0,0,111,5,116,57,78,212,40,387,60,144,204,591
12/07/2003,LIT,AR,ASW,CE,Towers with Radar,57,83,97,2,239,0,0,90,0,90,57,83,187,2,329,28,0,28,357
12/08/2003,LIT,AR,ASW,CE,Towers with Radar,69,109,139,25,342,0,0,15,2,17,69,109,154,27,359,14,150,164,523
12/09/2003,LIT,AR,ASW,CE,Towers with Radar,79,106,136,13,334,0,0,16,0,16,79,106,152,13,350,6,50,56,406
12/10/2003,LIT,AR,ASW,CE,Towers with Radar,69,120,121,16,326,0,0,19,2,21,69,120,140,18,347,6,70,76,423
12/11/2003,LIT,AR,ASW,CE,Towers with Radar,76,126,166,17,385,0,0,117,4,121,76,126,283,21,506,104,72,176,682
12/12/2003,LIT,AR,ASW,CE,Towers with Radar,67,129,160,30,386,0,0,124,10,134,67,129,284,40,520,61,202,263,783
12/13/2003,LIT,AR,ASW,CE,Towers with Radar,54,67,52,0,173,0,0,2,0,2,54,67,54,0,175,4,0,4,179
12/14/2003,LIT,AR,ASW,CE,Towers with Radar,53,94,74,24,245,0,0,62,2,64,53,94,136,26,309,30,126,156,465
12/15/2003,LIT,AR,ASW,CE,Towers with Radar,65,121,127,24,337,0,0,70,1,71,65,121,197,25,408,50,84,134,542
12/16/2003,LIT,AR,ASW,CE,Towers with Radar,72,118,149,13,352,0,0,38,1,39,72,118,187,14,391,12,8,20,411
12/17/2003,LIT,AR,ASW,CE,Towers with Radar,69,120,172,18,379,0,0,131,0,131,69,120,303,18,510,38,42,80,590
12/18/2003,LIT,AR,ASW,CE,Towers with Radar,74,116,111,16,317,0,0,78,0,78,74,116,189,16,395,4,74,78,473
12/19/2003,LIT,AR,ASW,CE,Towers with Radar,69,133,135,1,338,0,0,6,1,7,69,133,141,2,345,30,0,30,375
12/20/2003,LIT,AR,ASW,CE,Towers with Radar,54,69,68,0,191,0,0,111,0,111,54,69,179,0,302,38,0,38,340
12/21/2003,LIT,AR,ASW,CE,Towers with Radar,61,89,53,0,203,0,0,65,0,65,61,89,118,0,268,34,0,34,302
12/22/2003,LIT,AR,ASW,CE,Towers with Radar,63,109,112,1,285,22,0,0,1,23,85,109,112,2,308,34,0,34,342
12/23/2003,LIT,AR,ASW,CE,Towers with Radar,72,128,91,2,293,0,0,67,0,67,72,128,158,2,360,2,2,4,364
12/24/2003,LIT,AR,ASW,CE,Towers with Radar,75,68,47,0,190,0,0,73,0,73,75,68,120,0,263,6,0,6,269
12/25/2003,LIT,AR,ASW,CE,Towers with Radar,42,63,19,0,124,0,0,37,0,37,42,63,56,0,161,6,0,6,167
12/26/2003,LIT,AR,ASW,CE,Towers with Radar,62,85,70,0,217,0,0,75,0,75,62,85,145,0,292,22,0,22,314
12/27/2003,LIT,AR,ASW,CE,Towers with Radar,56,70,79,0,205,0,0,22,0,22,56,70,101,0,227,14,0,14,241
12/28/2003,LIT,AR,ASW,CE,Towers with Radar,55,80,66,2,203,0,0,1,0,1,55,80,67,2,204,26,0,26,230
12/29/2003,LIT,AR,ASW,CE,Towers with Radar,61,94,97,8,260,0,0,50,7,57,61,94,147,15,317,10,6,16,333
12/30/2003,LIT,AR,ASW,CE,Towers with Radar,68,106,103,9,286,0,0,107,1,108,68,106,210,10,394,14,18,32,426
12/31/2003,LIT,AR,ASW,CE,Towers with Radar,59,89,81,0,229,0,0,95,0,95,59,89,176,0,324,10,0,10,334
01/01/2004,LIT,AR,ASW,CE,Towers with Radar,34,78,45,0,157,0,0,3,0,3,34,78,48,0,160,14,0,14,174
01/02/2004,LIT,AR,ASW,CE,Towers with Radar,59,77,76,0,212,0,0,19,8,27,59,77,95,8,239,26,4,30,269
01/03/2004,LIT,AR,ASW,CE,Towers with Radar,48,71,84,6,209,0,0,25,0,25,48,71,109,6,234,30,4,34,268
01/04/2004,LIT,AR,ASW,CE,Towers with Radar,64,64,64,1,193,0,0,3,0,3,64,64,67,1,196,6,0,6,202
01/05/2004,LIT,AR,ASW,CE,Towers with Radar,61,102,89,4,256,0,0,36,1,37,61,102,125,5,293,4,0,4,297
01/06/2004,LIT,AR,ASW,CE,Towers with Radar,74,105,110,3,292,0,0,92,1,93,74,105,202,4,385,10,24,34,419
01/07/2004,LIT,AR,ASW,CE,Towers with Radar,80,125,115,20,340,0,2,102,4,108,80,127,217,24,448,50,122,172,620
01/08/2004,LIT,AR,ASW,CE,Towers with Radar,67,133,129,18,347,0,0,8,0,8,67,133,137,18,355,12,58,70,425
01/09/2004,LIT,AR,ASW,CE,Towers with Radar,65,117,145,19,346,0,2,44,6,52,65,119,189,25,398,30,127,157,555
01/10/2004,LIT,AR,ASW,CE,Towers with Radar,56,68,90,7,221,0,1,129,1,131,56,69,219,8,352,32,32,64,416
01/11/2004,LIT,AR,ASW,CE,Towers with Radar,59,70,71,6,206,0,0,79,0,79,59,70,150,6,285,36,14,50,335
01/12/2004,LIT,AR,ASW,CE,Towers with Radar,64,106,87,24,281,0,0,72,0,72,64,106,159,24,353,19,74,93,446
01/13/2004,LIT,AR,ASW,CE,Towers with Radar,67,126,152,9,354,0,0,56,0,56,67,126,208,9,410,48,38,86,496
01/14/2004,LIT,AR,ASW,CE,Towers with Radar,83,121,221,22,447,0,0,73,12,85,83,121,294,34,532,58,84,142,674
01/15/2004,LIT,AR,ASW,CE,Towers with Radar,66,119,133,2,320,0,2,124,1,127,66,121,257,3,447,60,2,62,509
01/16/2004,LIT,AR,ASW,CE,Towers with Radar,67,117,118,25,327,0,0,72,4,76,67,117,190,29,403,72,144,216,619
01/17/2004,LIT,AR,ASW,CE,Towers with Radar,52,63,69,1,185,0,0,0,0,0,52,63,69,1,185,14,0,14,199
01/18/2004,LIT,AR,ASW,CE,Towers with Radar,64,60,66,2,192,0,0,32,0,32,64,60,98,2,224,17,0,17,241
01/19/2004,LIT,AR,ASW,CE,Towers with Radar,63,80,84,0,227,0,0,97,0,97,63,80,181,0,324,24,0,24,348
01/20/2004,LIT,AR,ASW,CE,Towers with Radar,74,98,125,23,320,0,0,104,5,109,74,98,229,28,429,16,60,76,505
01/21/2004,LIT,AR,ASW,CE,Towers with Radar,69,116,141,27,353,0,0,100,6,106,69,116,241,33,459,30,64,94,553
01/22/2004,LIT,AR,ASW,CE,Towers with Radar,68,131,166,25,390,0,0,138,1,139,68,131,304,26,529,36,106,142,671
01/23/2004,LIT,AR,ASW,CE,Towers with Radar,63,107,145,48,363,0,0,113,4,117,63,107,258,52,480,40,170,210,690
01/24/2004,LIT,AR,ASW,CE,Towers with Radar,58,58,64,8,188,0,1,10,4,15,58,59,74,12,203,16,46,62,265
01/25/2004,LIT,AR,ASW,CE,Towers with Radar,54,59,65,12,190,0,2,37,0,39,54,61,102,12,229,12,8,20,249
01/26/2004,LIT,AR,ASW,CE,Towers with Radar,79,75,106,12,272,0,0,29,0,29,79,75,135,12,301,8,2,10,311
01/27/2004,LIT,AR,ASW,CE,Towers with Radar,75,102,113,33,323,0,0,95,8,103,75,102,208,41,426,26,112,138,564
01/28/2004,LIT,AR,ASW,CE,Towers with Radar,78,115,132,17,342,0,0,108,0,108,78,115,240,17,450,64,20,84,534
01/29/2004,LIT,AR,ASW,CE,Towers with Radar,68,113,153,17,351,0,0,75,4,79,68,113,228,21,430,40,26,66,496
01/30/2004,LIT,AR,ASW,CE,Towers with Radar,65,121,152,32,370,0,0,86,3,89,65,121,238,35,459,26,236,262,721
01/31/2004,LIT,AR,ASW,CE,Towers with Radar,51,78,81,2,212,0,0,101,0,101,51,78,182,2,313,28,20,48,361
02/01/2004,LIT,AR,ASW,CE,Towers with Radar,53,54,54,5,166,0,0,47,1,48,53,54,101,6,214,46,6,52,266
02/02/2004,LIT,AR,ASW,CE,Towers with Radar,59,116,98,48,321,0,0,8,0,8,59,116,106,48,329,9,88,97,426
02/03/2004,LIT,AR,ASW,CE,Towers with Radar,70,122,132,19,343,0,0,128,0,128,70,122,260,19,471,67,66,133,604
02/04/2004,LIT,AR,ASW,CE,Towers with Radar,75,117,122,18,332,0,4,60,1,65,75,121,182,19,397,42,96,138,535
02/05/2004,LIT,AR,ASW,CE,Towers with Radar,75,106,113,19,313,0,0,0,0,0,75,106,113,19,313,0,32,32,345
02/06/2004,LIT,AR,ASW,CE,Towers with Radar,76,115,142,96,429,0,0,39,0,39,76,115,181,96,468,30,52,82,550
02/07/2004,LIT,AR,ASW,CE,Towers with Radar,56,70,75,36,237,0,0,80,0,80,56,70,155,36,317,17,57,74,391
02/08/2004,LIT,AR,ASW,CE,Towers with Radar,50,63,63,55,231,0,0,78,1,79,50,63,141,56,310,11,0,11,321
02/09/2004,LIT,AR,ASW,CE,Towers with Radar,62,96,79,10,247,0,0,1,0,1,62,96,80,10,248,2,8,10,258
02/10/2004,LIT,AR,ASW,CE,Towers with Radar,69,112,145,35,361,0,0,88,4,92,69,112,233,39,453,28,94,122,575
02/11/2004,LIT,AR,ASW,CE,Towers with Radar,67,134,143,20,364,0,0,33,0,33,67,134,176,20,397,8,76,84,481
02/12/2004,LIT,AR,ASW,CE,Towers with Radar,60,114,160,16,350,0,0,91,1,92,60,114,251,17,442,30,74,104,546
02/13/2004,LIT,AR,ASW,CE,Towers with Radar,73,124,165,44,406,0,0,139,0,139,73,124,304,44,545,40,70,110,655
02/14/2004,LIT,AR,ASW,CE,Towers with Radar,53,55,48,3,159,0,0,28,0,28,53,55,76,3,187,96,0,96,283
02/15/2004,LIT,AR,ASW,CE,Towers with Radar,60,52,84,1,197,0,0,57,1,58,60,52,141,2,255,41,0,41,296
02/16/2004,LIT,AR,ASW,CE,Towers with Radar,60,70,99,1,230,0,0,107,0,107,60,70,206,1,337,32,0,32,369
02/17/2004,LIT,AR,ASW,CE,Towers with Radar,73,105,123,23,324,0,0,74,3,77,73,105,197,26,401,46,198,244,645
02/18/2004,LIT,AR,ASW,CE,Towers with Radar,67,136,155,62,420,0,0,143,9,152,67,136,298,71,572,70,278,348,920
02/19/2004,LIT,AR,ASW,CE,Towers with Radar,67,112,137,33,349,0,0,116,2,118,67,112,253,35,467,16,172,188,655
02/20/2004,LIT,AR,ASW,CE,Towers with Radar,67,116,109,30,322,0,0,47,6,53,67,116,156,36,375,18,200,218,593
02/21/2004,LIT,AR,ASW,CE,Towers with Radar,47,65,68,4,184,0,0,111,0,111,47,65,179,4,295,32,0,32,327
02/22/2004,LIT,AR,ASW,CE,Towers with Radar,56,59,74,31,220,0,0,55,1,56,56,59,129,32,276,16,28,44,320
02/23/2004,LIT,AR,ASW,CE,Towers with Radar,71,93,116,39,319,0,0,74,1,75,71,93,190,40,394,65,188,253,647
02/24/2004,LIT,AR,ASW,CE,Towers with Radar,72,141,140,9,362,0,0,43,0,43,72,141,183,9,405,30,72,102,507
02/25/2004,LIT,AR,ASW,CE,Towers with Radar,63,110,115,29,317,0,0,19,1,20,63,110,134,30,337,4,28,32,369
02/26/2004,LIT,AR,ASW,CE,Towers with Radar,66,119,176,22,383,0,0,47,9,56,66,119,223,31,439,56,54,110,549
02/27/2004,LIT,AR,ASW,CE,Towers with Radar,80,112,122,12,326,0,0,135,3,138,80,112,257,15,464,42,26,68,532
02/28/2004,LIT,AR,ASW,CE,Towers with Radar,56,70,108,8,242,0,42,118,0,160,56,112,226,8,402,38,12,50,452
02/29/2004,LIT,AR,ASW,CE,Towers with Radar,53,72,54,0,179,0,0,16,0,16,53,72,70,0,195,1,0,1,196
03/01/2004,LIT,AR,ASW,CE,Towers with Radar,58,100,105,21,284,0,0,41,2,43,58,100,146,23,327,14,56,70,397
03/02/2004,LIT,AR,ASW,CE,Towers with Radar,71,105,121,40,337,0,2,120,2,124,71,107,241,42,461,62,166,228,689
03/03/2004,LIT,AR,ASW,CE,Towers with Radar,72,104,144,7,327,0,0,4,0,4,72,104,148,7,331,2,58,60,391
03/04/2004,LIT,AR,ASW,CE,Towers with Radar,88,103,130,29,350,0,0,23,10,33,88,103,153,39,383,36,164,200,583
03/05/2004,LIT,AR,ASW,CE,Towers with Radar,74,109,156,43,382,0,0,47,3,50,74,109,203,46,432,22,138,160,592
03/06/2004,LIT,AR,ASW,CE,Towers with Radar,54,73,88,10,225,0,0,122,1,123,54,73,210,11,348,22,66,88,436
03/07/2004,LIT,AR,ASW,CE,Towers with Radar,52,68,63,0,183,0,0,62,0,62,52,68,125,0,245,6,0,6,251
03/08/2004,LIT,AR,ASW,CE,Towers with Radar,64,103,130,29,326,0,0,116,0,116,64,103,246,29,442,38,118,156,598
03/09/2004,LIT,AR,ASW,CE,Towers with Radar,71,111,144,68,394,0,0,89,6,95,71,111,233,74,489,6,252,258,747
03/10/2004,LIT,AR,ASW,CE,Towers with Radar,81,106,183,35,405,0,0,181,18,199,81,106,364,53,604,82,246,328,932
03/11/2004,LIT,AR,ASW,CE,Towers with Radar,83,97,160,55,395,0,0,108,7,115,83,97,268,62,510,70,236,306,816
03/12/2004,LIT,AR,ASW,CE,Towers with Radar,72,98,155,41,366,0,0,152,6,158,72,98,307,47,524,34,188,222,746
03/13/2004,LIT,AR,ASW,CE,Towers with Radar,61,72,101,2,236,0,0,44,0,44,61,72,145,2,280,48,4,52,332
03/14/2004,LIT,AR,ASW,CE,Towers with Radar,59,65,69,3,196,0,0,47,0,47,59,65,116,3,243,16,4,20,263
03/15/2004,LIT,AR,ASW,CE,Towers with Radar,66,85,145,23,319,0,0,1,0,1,66,85,146,23,320,6,23,29,349
03/16/2004,LIT,AR,ASW,CE,Towers with Radar,71,98,142,44,355,0,0,117,7,124,71,98,259,51,479,66,154,220,699
03/17/2004,LIT,AR,ASW,CE,Towers with Radar,69,120,141,42,372,0,2,126,0,128,69,122,267,42,500,14,160,174,674
03/18/2004,LIT,AR,ASW,CE,Towers with Radar,74,102,119,22,317,0,0,67,2,69,74,102,186,24,386,22,62,84,470
03/19/2004,LIT,AR,ASW,CE,Towers with Radar,64,123,119,47,353,0,0,77,1,78,64,123,196,48,431,30,134,164,595
03/20/2004,LIT,AR,ASW,CE,Towers with Radar,54,76,108,0,238,0,0,32,0,32,54,76,140,0,270,4,6,10,280
03/21/2004,LIT,AR,ASW,CE,Towers with Radar,63,70,92,8,233,0,1,96,0,97,63,71,188,8,330,16,4,20,350
03/22/2004,LIT,AR,ASW,CE,Towers with Radar,62,88,83,36,269,0,0,72,2,74,62,88,155,38,343,8,256,264,607
03/23/2004,LIT,AR,ASW,CE,Towers with Radar,72,105,135,57,369,0,0,100,16,116,72,105,235,73,485,32,222,254,739
03/24/2004,LIT,AR,ASW,CE,Towers with Radar,67,93,152,46,358,0,1,86,9,96,67,94,238,55,454,50,264,314,768
03/25/2004,LIT,AR,ASW,CE,Towers with Radar,77,97,191,44,409,0,0,42,8,50,77,97,233,52,459,26,146,172,631
03/26/2004,LIT,AR,ASW,CE,Towers with Radar,73,102,134,25,334,0,0,61,3,64,73,102,195,28,398,40,118,158,556
03/27/2004,LIT,AR,ASW,CE,Towers with Radar,59,56,83,5,203,0,0,82,1,83,59,56,165,6,286,36,0,36,322
03/28/2004,LIT,AR,ASW,CE,Towers with Radar,56,70,62,39,227,0,0,17,2,19,56,70,79,41,246,4,4,8,254
03/29/2004,LIT,AR,ASW,CE,Towers with Radar,66,86,117,65,334,0,2,121,0,123,66,88,238,65,457,16,150,166,623
03/30/2004,LIT,AR,ASW,CE,Towers with Radar,73,119,144,34,370,0,0,94,5,99,73,119,238,39,469,36,62,98,567
03/31/2004,LIT,AR,ASW,CE,Towers with Radar,79,98,188,52,417,0,0,131,9,140,79,98,319,61,557,60,278,338,895
04/01/2004,LIT,AR,ASW,CE,Towers with Radar,78,104,154,33,369,0,0,156,6,162,78,104,310,39,531,60,262,322,853
04/02/2004,LIT,AR,ASW,CE,Towers with Radar,76,87,139,33,335,0,2,120,0,122,76,89,259,33,457,28,122,150,607
04/03/2004,LIT,AR,ASW,CE,Towers with Radar,55,67,90,8,220,0,0,101,0,101,55,67,191,8,321,18,25,43,364
04/04/2004,LIT,AR,ASW,CE,Towers with Radar,59,63,76,6,204,0,0,96,0,96,59,63,172,6,300,16,2,18,318
04/05/2004,LIT,AR,ASW,CE,Towers with Radar,66,87,117,55,325,0,0,69,3,72,66,87,186,58,397,10,178,188,585
04/06/2004,LIT,AR,ASW,CE,Towers with Radar,65,117,159,43,384,0,0,124,16,140,65,117,283,59,524,34,268,302,826
04/07/2004,LIT,AR,ASW,CE,Towers with Radar,65,107,127,54,353,0,1,30,13,44,65,108,157,67,397,36,368,404,801
04/08/2004,LIT,AR,ASW,CE,Towers with Radar,76,113,169,26,384,0,0,148,4,152,76,113,317,30,536,66,164,230,766
04/09/2004,LIT,AR,ASW,CE,Towers with Radar,67,100,144,40,351,0,1,107,8,116,67,101,251,48,467,70,162,232,699
04/10/2004,LIT,AR,ASW,CE,Towers with Radar,68,63,47,3,181,0,0,3,0,3,68,63,50,3,184,0,0,0,184
04/11/2004,LIT,AR,ASW,CE,Towers with Radar,64,63,74,8,209,0,0,26,0,26,64,63,100,8,235,6,0,6,241
04/12/2004,LIT,AR,ASW,CE,Towers with Radar,73,98,132,23,326,0,0,20,0,20,73,98,152,23,346,14,67,81,427
04/13/2004,LIT,AR,ASW,CE,Towers with Radar,79,112,156,29,376,0,0,105,6,111,79,112,261,35,487,54,144,198,685
04/14/2004,LIT,AR,ASW,CE,Towers with Radar,91,97,187,17,392,0,0,161,6,167,91,97,348,23,559,116,138,254,813
04/15/2004,LIT,AR,ASW,CE,Towers with Radar,63,104,170,29,366,0,0,153,5,158,63,104,323,34,524,20,36,56,580
04/16/2004,LIT,AR,ASW,CE,Towers with Radar,71,122,168,41,402,0,2,101,0,103,71,124,269,41,505,120,178,298,803
04/17/2004,LIT,AR,ASW,CE,Towers with Radar,56,77,67,14,214,0,0,72,13,85,56,77,139,27,299,4,50,54,353
04/18/2004,LIT,AR,ASW,CE,Towers with Radar,72,67,94,12,245,0,0,69,0,69,72,67,163,12,314,2,2,4,318
04/19/2004,LIT,AR,ASW,CE,Towers with Radar,75,94,162,53,384,0,0,45,2,47,75,94,207,55,431,25,73,98,529
04/20/2004,LIT,AR,ASW,CE,Towers with Radar,77,93,162,44,376,0,0,75,6,81,77,93,237,50,457,14,210,224,681
04/21/2004,LIT,AR,ASW,CE,Towers with Radar,76,96,138,3,313,0,0,10,2,12,76,96,148,5,325,4,34,38,363
04/22/2004,LIT,AR,ASW,CE,Towers with Radar,77,122,168,33,400,0,0,38,9,47,77,122,206,42,447,40,164,204,651
04/23/2004,LIT,AR,ASW,CE,Towers with Radar,69,105,119,16,309,0,0,45,0,45,69,105,164,16,354,40,0,40,394
04/24/2004,LIT,AR,ASW,CE,Towers with Radar,61,64,58,2,185,0,0,11,1,12,61,64,69,3,197,14,0,14,211
04/25/2004,LIT,AR,ASW,CE,Towers with Radar,63,70,110,25,268,0,0,49,3,52,63,70,159,28,320,24,16,40,360
04/26/2004,LIT,AR,ASW,CE,Towers with Radar,63,87,141,42,333,0,0,119,9,128,63,87,260,51,461,12,246,258,719
04/27/2004,LIT,AR,ASW,CE,Towers with Radar,85,115,149,86,435,0,0,171,1,172,85,115,320,87,607,36,152,188,795
04/28/2004,LIT,AR,ASW,CE,Towers with Radar,76,134,114,21,345,0,0,154,5,159,76,134,268,26,504,12,108,120,624
04/29/2004,LIT,AR,ASW,CE,Towers with Radar,69,100,171,49,389,0,0,59,6,65,69,100,230,55,454,18,94,112,566
04/30/2004,LIT,AR,ASW,CE,Towers with Radar,78,100,162,29,369,0,0,43,2,45,78,100,205,31,414,22,120,142,556
05/01/2004,LIT,AR,ASW,CE,Towers with Radar,71,78,70,42,261,0,0,12,1,13,71,78,82,43,274,26,104,130,404
05/02/2004,LIT,AR,ASW,CE,Towers with Radar,70,75,93,3,241,0,2,83,0,85,70,77,176,3,326,28,2,30,356
05/03/2004,LIT,AR,ASW,CE,Towers with Radar,60,102,119,17,298,0,0,114,0,114,60,102,233,17,412,16,82,98,510
05/04/2004,LIT,AR,ASW,CE,Towers with Radar,78,127,162,28,395,0,1,137,4,142,78,128,299,32,537,14,74,88,625
05/05/2004,LIT,AR,ASW,CE,Towers with Radar,80,113,152,27,372,0,0,158,15,173,80,113,310,42,545,60,96,156,701
05/06/2004,LIT,AR,ASW,CE,Towers with Radar,69,113,167,11,360,0,0,165,6,171,69,113,332,17,531,42,114,156,687
05/07/2004,LIT,AR,ASW,CE,Towers with Radar,81,101,148,40,370,0,0,40,5,45,81,101,188,45,415,42,164,206,621
05/08/2004,LIT,AR,ASW,CE,Towers with Radar,71,66,72,12,221,0,0,114,2,116,71,66,186,14,337,14,6,20,357
05/09/2004,LIT,AR,ASW,CE,Towers with Radar,74,58,51,6,189,0,0,66,0,66,74,58,117,6,255,8,0,8,263
05/10/2004,LIT,AR,ASW,CE,Towers with Radar,65,91,127,37,320,0,0,1,0,1,65,91,128,37,321,34,98,132,453
05/11/2004,LIT,AR,ASW,CE,Towers with Radar,74,124,165,35,398,0,2,74,20,96,74,126,239,55,494,58,254,312,806
05/12/2004,LIT,AR,ASW,CE,Towers with Radar,90,107,162,47,406,0,0,11,2,13,90,107,173,49,419,12,60,72,491
05/13/2004,LIT,AR,ASW,CE,Towers with Radar,68,117,181,35,401,0,0,10,1,11,68,117,191,36,412,18,68,86,498
05/14/2004,LIT,AR,ASW,CE,Towers with Radar,77,108,160,76,421,0,0,19,5,24,77,108,179,81,445,14,280,294,739
05/15/2004,LIT,AR,ASW,CE,Towers with Radar,64,78,98,19,259,0,0,40,14,54,64,78,138,33,313,12,156,168,481
05/16/2004,LIT,AR,ASW,CE,Towers with Radar,57,92,90,12,251,0,0,17,0,17,57,92,107,12,268,14,10,24,292
05/17/2004,LIT,AR,ASW,CE,Towers with Radar,63,97,188,43,391,0,1,15,0,16,63,98,203,43,407,18,98,116,523
05/18/2004,LIT,AR,ASW,CE,Towers with Radar,74,139,224,34,471,0,0,60,5,65,74,139,284,39,536,50,128,178,714
05/19/2004,LIT,AR,ASW,CE,Towers with Radar,78,114,210,36,438,0,0,74,4,78,78,114,284,40,516,50,194,244,760
05/20/2004,LIT,AR,ASW,CE,Towers with Radar,79,104,174,52,409,0,0,114,11,125,79,104,288,63,534,22,226,248,782
05/21/2004,LIT,AR,ASW,CE,Towers with Radar,65,108,163,30,366,0,0,121,0,121,65,108,284,30,487,64,170,234,721
05/22/2004,LIT,AR,ASW,CE,Towers with Radar,61,72,85,5,223,0,0,67,2,69,61,72,152,7,292,46,94,140,432
05/23/2004,LIT,AR,ASW,CE,Towers with Radar,56,72,97,3,228,0,0,35,0,35,56,72,132,3,263,16,0,16,279
05/24/2004,LIT,AR,ASW,CE,Towers with Radar,64,104,118,15,301,0,0,61,2,63,64,104,179,17,364,10,68,78,442
05/25/2004,LIT,AR,ASW,CE,Towers with Radar,64,113,163,24,364,0,0,55,4,59,64,113,218,28,423,4,178,182,605
05/26/2004,LIT,AR,ASW,CE,Towers with Radar,76,108,133,42,359,0,0,56,12,68,76,108,189,54,427,72,282,354,781
05/27/2004,LIT,AR,ASW,CE,Towers with Radar,65,113,154,30,362,0,0,72,1,73,65,113,226,31,435,4,128,132,567
05/28/2004,LIT,AR,ASW,CE,Towers with Radar,89,121,142,6,358,0,0,57,0,57,89,121,199,6,415,6,4,10,425
05/29/2004,LIT,AR,ASW,CE,Towers with Radar,63,67,71,2,203,0,0,26,0,26,63,67,97,2,229,36,0,36,265
05/30/2004,LIT,AR,ASW,CE,Towers with Radar,46,51,27,0,124,0,0,5,0,5,46,51,32,0,129,0,0,0,129
05/31/2004,LIT,AR,ASW,CE,Towers with Radar,61,98,72,2,233,0,0,76,2,78,61,98,148,4,311,18,20,38,349
06/01/2004,LIT,AR,ASW,CE,Towers with Radar,63,90,114,13,280,4,19,14,0,37,67,109,128,13,317,6,76,82,399
06/02/2004,LIT,AR,ASW,CE,Towers with Radar,76,110,140,28,354,0,17,112,0,129,76,127,252,28,483,24,146,170,653
06/03/2004,LIT,AR,ASW,CE,Towers with Radar,71,103,131,12,317,0,28,165,0,193,71,131,296,12,510,83,18,101,611
06/04/2004,LIT,AR,ASW,CE,Towers with Radar,64,92,117,21,294,7,12,205,0,224,71,104,322,21,518,16,22,38,556
06/05/2004,LIT,AR,ASW,CE,Towers with Radar,41,60,76,7,184,28,11,90,0,129,69,71,166,7,313,14,6,20,333
06/06/2004,LIT,AR,ASW,CE,Towers with Radar,45,65,83,10,203,21,16,25,0,62,66,81,108,10,265,34,4,38,303
06/07/2004,LIT,AR,ASW,CE,Towers with Radar,63,90,114,24,291,7,10,80,0,97,70,100,194,24,388,22,28,50,438
06/08/2004,LIT,AR,ASW,CE,Towers with Radar,70,101,128,24,323,6,4,53,0,63,76,105,181,24,386,20,114,134,520
06/09/2004,LIT,AR,ASW,CE,Towers with Radar,94,121,172,33,420,2,0,79,0,81,96,121,251,33,501,68,186,254,755
06/10/2004,LIT,AR,ASW,CE,Towers with Radar,75,125,160,34,394,0,10,96,7,113,75,135,256,41,507,28,250,278,785
06/11/2004,LIT,AR,ASW,CE,Towers with Radar,73,110,140,25,348,0,2,98,0,100,73,112,238,25,448,14,78,92,540
06/12/2004,LIT,AR,ASW,CE,Towers with Radar,47,67,86,13,213,22,0,59,0,81,69,67,145,13,294,58,60,118,412
06/13/2004,LIT,AR,ASW,CE,Towers with Radar,42,61,77,6,186,18,23,44,0,85,60,84,121,6,271,34,0,34,305
06/14/2004,LIT,AR,ASW,CE,Towers with Radar,71,97,136,28,332,0,0,87,18,105,71,97,223,46,437,50,114,164,601
06/15/2004,LIT,AR,ASW,CE,Towers with Radar,80,119,204,42,445,0,0,105,21,126,80,119,309,63,571,24,58,82,653
06/16/2004,LIT,AR,ASW,CE,Towers with Radar,81,111,154,31,377,0,0,46,5,51,81,111,200,36,428,0,104,104,532
06/17/2004,LIT,AR,ASW,CE,Towers with Radar,75,113,171,35,394,0,0,70,14,84,75,113,241,49,478,34,162,196,674
06/18/2004,LIT,AR,ASW,CE,Towers with Radar,70,104,152,31,357,0,0,88,43,131,70,104,240,74,488,38,262,300,788
06/19/2004,LIT,AR,ASW,CE,Towers with Radar,52,61,95,18,226,20,0,21,0,41,72,61,116,18,267,16,46,62,329
06/20/2004,LIT,AR,ASW,CE,Towers with Radar,48,67,88,8,211,9,24,48,0,81,57,91,136,8,292,10,36,46,338
06/21/2004,LIT,AR,ASW,CE,Towers with Radar,64,91,127,25,307,0,0,38,5,43,64,91,165,30,350,16,108,124,474
06/22/2004,LIT,AR,ASW,CE,Towers with Radar,70,98,127,25,320,5,40,11,4,60,75,138,138,29,380,36,60,96,476
06/23/2004,LIT,AR,ASW,CE,Towers with Radar,90,113,178,36,417,0,0,91,5,96,90,113,269,41,513,22,98,120,633
06/24/2004,LIT,AR,ASW,CE,Towers with Radar,67,129,179,25,400,0,0,42,0,42,67,129,221,25,442,32,36,68,510
06/25/2004,LIT,AR,ASW,CE,Towers with Radar,81,101,178,36,396,0,0,6,43,49,81,101,184,79,445,4,146,150,595
06/26/2004,LIT,AR,ASW,CE,Towers with Radar,55,66,101,20,242,16,0,24,11,51,71,66,125,31,293,27,138,165,458
06/27/2004,LIT,AR,ASW,CE,Towers with Radar,48,67,87,14,216,13,9,40,0,62,61,76,127,14,278,18,60,78,356
06/28/2004,LIT,AR,ASW,CE,Towers with Radar,65,98,132,27,322,0,0,8,6,14,65,98,140,33,336,22,108,130,466
06/29/2004,LIT,AR,ASW,CE,Towers with Radar,69,117,153,21,360,0,0,43,0,43,69,117,196,21,403,32,46,78,481
06/30/2004,LIT,AR,ASW,CE,Towers with Radar,81,108,148,19,356,0,0,39,0,39,81,108,187,19,395,18,46,64,459
07/01/2004,LIT,AR,ASW,CE,Towers with Radar,87,103,155,33,378,0,0,10,0,10,87,103,165,33,388,18,134,152,540
07/02/2004,LIT,AR,ASW,CE,Towers with Radar,77,94,107,12,290,75,9,0,0,84,152,103,107,12,374,14,0,14,388
07/03/2004,LIT,AR,ASW,CE,Towers with Radar,39,49,59,0,147,30,20,34,0,84,69,69,93,0,231,2,0,2,233
07/04/2004,LIT,AR,ASW,CE,Towers with Radar,26,32,38,0,96,24,33,20,0,77,50,65,58,0,173,4,0,4,177
07/05/2004,LIT,AR,ASW,CE,Towers with Radar,46,57,69,2,174,20,21,83,0,124,66,78,152,2,298,18,0,18,316
07/06/2004,LIT,AR,ASW,CE,Towers with Radar,69,101,136,32,338,0,0,91,13,104,69,101,227,45,442,52,180,232,674
07/07/2004,LIT,AR,ASW,CE,Towers with Radar,81,96,122,18,317,3,0,79,0,82,84,96,201,18,399,30,106,136,535
07/08/2004,LIT,AR,ASW,CE,Towers with Radar,83,101,123,20,327,0,9,149,0,158,83,110,272,20,485,62,72,134,619
07/09/2004,LIT,AR,ASW,CE,Towers with Radar,79,110,152,35,376,0,0,136,18,154,79,110,288,53,530,26,84,110,640
07/10/2004,LIT,AR,ASW,CE,Towers with Radar,60,72,91,21,244,0,0,94,12,106,60,72,185,33,350,34,126,160,510
07/11/2004,LIT,AR,ASW,CE,Towers with Radar,44,55,66,6,171,19,15,65,0,99,63,70,131,6,270,6,2,8,278
07/12/2004,LIT,AR,ASW,CE,Towers with Radar,69,94,115,25,303,0,9,109,0,118,69,103,224,25,421,6,64,70,491
07/13/2004,LIT,AR,ASW,CE,Towers with Radar,87,106,129,30,352,0,0,122,12,134,87,106,251,42,486,46,100,146,632
07/14/2004,LIT,AR,ASW,CE,Towers with Radar,77,97,137,32,343,0,0,159,16,175,77,97,296,48,518,22,194,216,734
07/15/2004,LIT,AR,ASW,CE,Towers with Radar,71,106,130,30,337,0,11,125,24,160,71,117,255,54,497,44,120,164,661
07/16/2004,LIT,AR,ASW,CE,Towers with Radar,75,103,128,29,335,0,0,83,18,101,75,103,211,47,436,34,90,124,560
07/17/2004,LIT,AR,ASW,CE,Towers with Radar,59,79,101,22,261,0,0,140,28,168,59,79,241,50,429,40,144,184,613
07/18/2004,LIT,AR,ASW,CE,Towers with Radar,49,59,73,10,191,21,5,61,0,87,70,64,134,10,278,18,22,40,318
07/19/2004,LIT,AR,ASW,CE,Towers with Radar,68,95,118,13,294,0,6,124,0,130,68,101,242,13,424,22,24,46,470
07/20/2004,LIT,AR,ASW,CE,Towers with Radar,76,101,125,28,330,0,2,144,22,168,76,103,269,50,498,64,252,316,814
07/21/2004,LIT,AR,ASW,CE,Towers with Radar,81,101,158,35,375,0,0,137,27,164,81,101,295,62,539,30,106,136,675
07/22/2004,LIT,AR,ASW,CE,Towers with Radar,76,105,138,31,350,0,0,123,5,128,76,105,261,36,478,68,156,224,702
07/23/2004,LIT,AR,ASW,CE,Towers with Radar,79,100,137,31,347,0,0,55,38,93,79,100,192,69,440,52,162,214,654
07/24/2004,LIT,AR,ASW,CE,Towers with Radar,50,59,74,7,190,16,19,12,0,47,66,78,86,7,237,10,54,64,301
07/25/2004,LIT,AR,ASW,CE,Towers with Radar,43,52,64,1,160,15,12,40,0,67,58,64,104,1,227,26,0,26,253
07/26/2004,LIT,AR,ASW,CE,Towers with Radar,79,99,133,30,341,0,0,40,1,41,79,99,173,31,382,32,86,118,500
07/27/2004,LIT,AR,ASW,CE,Towers with Radar,83,97,142,32,354,0,0,87,39,126,83,97,229,71,480,60,194,254,734
07/28/2004,LIT,AR,ASW,CE,Towers with Radar,83,95,127,16,321,0,0,121,0,121,83,95,248,16,442,32,50,82,524
07/29/2004,LIT,AR,ASW,CE,Towers with Radar,87,108,134,30,359,0,1,50,2,53,87,109,184,32,412,12,220,232,644
07/30/2004,LIT,AR,ASW,CE,Towers with Radar,74,93,127,28,322,0,0,14,3,17,74,93,141,31,339,17,194,211,550
07/31/2004,LIT,AR,ASW,CE,Towers with Radar,58,69,86,18,231,13,4,75,0,92,71,73,161,18,323,44,76,120,443
08/01/2004,LIT,AR,ASW,CE,Towers with Radar,38,51,66,5,160,28,11,65,0,104,66,62,131,5,264,14,6,20,284
08/02/2004,LIT,AR,ASW,CE,Towers with Radar,64,87,108,17,276,1,11,86,0,98,65,98,194,17,374,8,16,24,398
08/03/2004,LIT,AR,ASW,CE,Towers with Radar,71,112,140,30,353,0,5,114,4,123,71,117,254,34,476,36,60,96,572
08/04/2004,LIT,AR,ASW,CE,Towers with Radar,75,105,139,16,335,0,0,101,0,101,75,105,240,16,436,56,66,122,558
08/05/2004,LIT,AR,ASW,CE,Towers with Radar,73,110,152,21,356,0,0,107,0,107,73,110,259,21,463,32,112,144,607
08/06/2004,LIT,AR,ASW,CE,Towers with Radar,80,108,156,33,377,0,0,123,10,133,80,108,279,43,510,20,196,216,726
08/07/2004,LIT,AR,ASW,CE,Towers with Radar,46,63,78,17,204,14,15,123,0,152,60,78,201,17,356,28,78,106,462
08/08/2004,LIT,AR,ASW,CE,Towers with Radar,39,53,66,6,164,29,8,79,0,116,68,61,145,6,280,24,6,30,310
08/09/2004,LIT,AR,ASW,CE,Towers with Radar,64,89,111,25,289,0,11,100,5,116,64,100,211,30,405,18,158,176,581
08/10/2004,LIT,AR,ASW,CE,Towers with Radar,73,110,138,30,351,0,10,100,18,128,73,120,238,48,479,16,126,142,621
08/11/2004,LIT,AR,ASW,CE,Towers with Radar,73,102,130,27,332,0,0,9,1,10,73,102,139,28,342,0,34,34,376
08/12/2004,LIT,AR,ASW,CE,Towers with Radar,72,121,153,31,377,0,0,116,1,117,72,121,269,32,494,26,64,90,584
08/13/2004,LIT,AR,ASW,CE,Towers with Radar,72,113,160,33,378,0,0,91,23,114,72,113,251,56,492,38,171,209,701
08/14/2004,LIT,AR,ASW,CE,Towers with Radar,44,59,74,13,190,25,9,83,0,117,69,68,157,13,307,6,64,70,377
08/15/2004,LIT,AR,ASW,CE,Towers with Radar,40,55,68,4,167,32,4,65,0,101,72,59,133,4,268,12,0,12,280
08/16/2004,LIT,AR,ASW,CE,Towers with Radar,65,87,126,26,304,0,0,104,24,128,65,87,230,50,432,28,186,214,646
08/17/2004,LIT,AR,ASW,CE,Towers with Radar,79,107,153,31,370,0,0,113,15,128,79,107,266,46,498,30,142,172,670
08/18/2004,LIT,AR,ASW,CE,Towers with Radar,73,116,146,25,360,0,6,141,0,147,73,122,287,25,507,49,108,157,664
08/19/2004,LIT,AR,ASW,CE,Towers with Radar,70,101,127,18,316,0,2,109,0,111,70,103,236,18,427,54,184,238,665
08/20/2004,LIT,AR,ASW,CE,Towers with Radar,71,94,119,24,308,16,7,31,197,251,87,101,150,221,559,24,272,296,855
08/21/2004,LIT,AR,ASW,CE,Towers with Radar,56,74,94,11,235,10,8,48,0,66,66,82,142,11,301,86,82,168,469
08/22/2004,LIT,AR,ASW,CE,Towers with Radar,45,59,75,3,182,18,16,48,0,82,63,75,123,3,264,47,8,55,319
08/23/2004,LIT,AR,ASW,CE,Towers with Radar,71,92,123,25,311,0,0,19,0,19,71,92,142,25,330,20,44,64,394
08/24/2004,LIT,AR,ASW,CE,Towers with Radar,69,106,165,33,373,0,0,29,21,50,69,106,194,54,423,12,128,140,563
08/25/2004,LIT,AR,ASW,CE,Towers with Radar,78,104,144,29,355,0,0,54,22,76,78,104,198,51,431,20,188,208,639
08/26/2004,LIT,AR,ASW,CE,Towers with Radar,90,123,171,35,419,0,0,140,41,181,90,123,311,76,600,42,204,246,846
08/27/2004,LIT,AR,ASW,CE,Towers with Radar,68,102,130,25,325,0,8,121,0,129,68,110,251,25,454,24,140,164,618
08/28/2004,LIT,AR,ASW,CE,Towers with Radar,39,50,65,2,156,20,24,52,0,96,59,74,117,2,252,42,0,42,294
08/29/2004,LIT,AR,ASW,CE,Towers with Radar,39,51,65,5,160,26,11,39,0,76,65,62,104,5,236,3,0,3,239
08/30/2004,LIT,AR,ASW,CE,Towers with Radar,64,89,114,18,285,0,9,97,0,106,64,98,211,18,391,48,75,123,514
08/31/2004,LIT,AR,ASW,CE,Towers with Radar,80,96,146,30,352,0,0,96,27,123,80,96,242,57,475,82,192,274,749
09/01/2004,LIT,AR,ASW,CE,Towers with Radar,74,109,158,35,376,0,0,117,11,128,74,109,275,46,504,32,258,290,794
09/02/2004,LIT,AR,ASW,CE,Towers with Radar,74,109,166,37,386,0,0,109,0,109,74,109,275,37,495,46,134,180,675
09/03/2004,LIT,AR,ASW,CE,Towers with Radar,80,112,152,28,372,1,5,33,0,39,81,117,185,28,411,10,58,68,479
09/04/2004,LIT,AR,ASW,CE,Towers with Radar,50,69,96,6,221,12,0,45,0,57,62,69,141,6,278,12,18,30,308
09/05/2004,LIT,AR,ASW,CE,Towers with Radar,37,52,70,1,160,14,3,58,0,75,51,55,128,1,235,3,6,9,244
09/06/2004,LIT,AR,ASW,CE,Towers with Radar,39,55,74,7,175,18,27,18,0,63,57,82,92,7,238,14,0,14,252
09/07/2004,LIT,AR,ASW,CE,Towers with Radar,71,94,134,30,329,6,0,63,35,104,77,94,197,65,433,10,98,108,541
09/08/2004,LIT,AR,ASW,CE,Towers with Radar,76,106,153,33,368,0,0,151,0,151,76,106,304,33,519,40,22,62,581
09/09/2004,LIT,AR,ASW,CE,Towers with Radar,74,103,145,31,353,0,0,167,0,167,74,103,312,31,520,88,136,224,744
09/10/2004,LIT,AR,ASW,CE,Towers with Radar,74,114,162,36,386,0,0,141,31,172,74,114,303,67,558,28,178,206,764
09/11/2004,LIT,AR,ASW,CE,Towers with Radar,56,79,107,24,266,7,6,58,20,91,63,85,165,44,357,20,210,230,587
09/12/2004,LIT,AR,ASW,CE,Towers with Radar,47,66,89,6,208,11,20,95,0,126,58,86,184,6,334,16,48,64,398
09/13/2004,LIT,AR,ASW,CE,Towers with Radar,59,83,113,25,280,11,27,77,80,195,70,110,190,105,475,0,57,57,532
09/14/2004,LIT,AR,ASW,CE,Towers with Radar,82,122,181,39,424,0,0,92,6,98,82,122,273,45,522,22,76,98,620
09/15/2004,LIT,AR,ASW,CE,Towers with Radar,83,102,185,28,398,0,0,102,0,102,83,102,287,28,500,66,130,196,696
09/16/2004,LIT,AR,ASW,CE,Towers with Radar,66,116,160,30,372,0,12,85,0,97,66,128,245,30,469,56,106,162,631
09/17/2004,LIT,AR,ASW,CE,Towers with Radar,83,96,172,30,381,0,0,116,0,116,83,96,288,30,497,38,315,353,850
09/18/2004,LIT,AR,ASW,CE,Towers with Radar,49,67,93,20,229,8,9,72,5,94,57,76,165,25,323,18,120,138,461
09/19/2004,LIT,AR,ASW,CE,Towers with Radar,42,56,78,7,183,17,34,76,0,127,59,90,154,7,310,14,8,22,332
09/20/2004,LIT,AR,ASW,CE,Towers with Radar,75,102,141,31,349,2,11,95,16,124,77,113,236,47,473,10,169,179,652
09/21/2004,LIT,AR,ASW,CE,Towers with Radar,71,115,160,34,380,0,3,82,28,113,71,118,242,62,493,22,298,320,813
09/22/2004,LIT,AR,ASW,CE,Towers with Radar,75,106,153,33,367,0,0,127,3,130,75,106,280,36,497,48,80,128,625
09/23/2004,LIT,AR,ASW,CE,Towers with Radar,90,117,197,42,446,0,0,188,44,232,90,117,385,86,678,50,272,322,1000
09/24/2004,LIT,AR,ASW,CE,Towers with Radar,75,127,176,38,416,0,1,41,18,60,75,128,217,56,476,14,266,280,756
09/25/2004,LIT,AR,ASW,CE,Towers with Radar,59,80,114,10,263,0,0,170,0,170,59,80,284,10,433,71,48,119,552
09/26/2004,LIT,AR,ASW,CE,Towers with Radar,37,13,69,5,124,26,0,177,0,203,63,13,246,5,327,14,0,14,341
09/27/2004,LIT,AR,ASW,CE,Towers with Radar,60,84,116,25,285,0,4,55,7,66,60,88,171,32,351,22,64,86,437
09/28/2004,LIT,AR,ASW,CE,Towers with Radar,80,107,151,32,370,1,0,110,0,111,81,107,261,32,481,30,62,92,573
09/29/2004,LIT,AR,ASW,CE,Towers with Radar,64,87,120,6,277,10,30,146,0,186,74,117,266,6,463,40,4,44,507
09/30/2004,LIT,AR,ASW,CE,Towers with Radar,72,98,134,17,321,9,39,172,0,220,81,137,306,17,541,26,10,36,577
10/01/2004,LIT,AR,ASW,CE,Combined TRACON& Tower with Radar,67,114,172,34,387,0,0,94,0,94,67,114,266,34,481,26,142,168,649
10/02/2004,LIT,AR,ASW,CE,Combined TRACON& Tower with Radar,62,76,72,11,221,0,2,46,1,49,62,78,118,12,270,2,20,22,292
10/03/2004,LIT,AR,ASW,CE,Combined TRACON& Tower with Radar,57,72,78,0,207,0,0,92,0,92,57,72,170,0,299,12,0,12,311
10/04/2004,LIT,AR,ASW,CE,Combined TRACON& Tower with Radar,55,75,122,4,256,0,1,69,2,72,55,76,191,6,328,18,164,182,510
10/05/2004,LIT,AR,ASW,CE,Combined TRACON& Tower with Radar,70,115,124,37,346,0,1,107,9,117,70,116,231,46,463,38,148,186,649
10/06/2004,LIT,AR,ASW,CE,Combined TRACON& Tower with Radar,71,111,121,23,326,0,6,119,0,125,71,117,240,23,451,77,56,133,584
10/07/2004,LIT,AR,ASW,CE,Combined TRACON& Tower with Radar,71,101,180,59,411,0,0,71,13,84,71,101,251,72,495,34,182,216,711
10/08/2004,LIT,AR,ASW,CE,Combined TRACON& Tower with Radar,68,99,120,16,303,0,1,2,0,3,68,100,122,16,306,8,6,14,320
10/09/2004,LIT,AR,ASW,CE,Combined TRACON& Tower with Radar,67,86,76,12,241,0,0,7,0,7,67,86,83,12,248,12,0,12,260
10/10/2004,LIT,AR,ASW,CE,Combined TRACON& Tower with Radar,66,76,65,4,211,0,0,0,0,0,66,76,65,4,211,8,0,8,219
10/11/2004,LIT,AR,ASW,CE,Combined TRACON& Tower with Radar,69,94,134,4,301,0,2,3,0,5,69,96,137,4,306,12,2,14,320
10/12/2004,LIT,AR,ASW,CE,Combined TRACON& Tower with Radar,81,91,186,26,384,0,2,21,0,23,81,93,207,26,407,28,104,132,539
10/13/2004,LIT,AR,ASW,CE,Combined TRACON& Tower with Radar,74,107,146,50,377,0,0,120,6,126,74,107,266,56,503,66,242,308,811
10/14/2004,LIT,AR,ASW,CE,Combined TRACON& Tower with Radar,85,111,161,61,418,0,2,57,15,74,85,113,218,76,492,38,282,320,812
10/15/2004,LIT,AR,ASW,CE,Combined TRACON& Tower with Radar,75,107,133,109,424,0,0,123,6,129,75,107,256,115,553,28,406,434,987
10/16/2004,LIT,AR,ASW,CE,Combined TRACON& Tower with Radar,72,85,69,63,289,0,1,84,12,97,72,86,153,75,386,109,112,221,607
10/17/2004,LIT,AR,ASW,CE,Combined TRACON& Tower with Radar,61,81,101,7,250,0,0,25,1,26,61,81,126,8,276,20,0,20,296
10/18/2004,LIT,AR,ASW,CE,Combined TRACON& Tower with Radar,72,105,88,28,293,0,1,22,2,25,72,106,110,30,318,0,16,16,334
10/19/2004,LIT,AR,ASW,CE,Combined TRACON& Tower with Radar,82,117,169,39,407,0,1,84,2,87,82,118,253,41,494,18,78,96,590
10/20/2004,LIT,AR,ASW,CE,Combined TRACON& Tower with Radar,74,112,188,71,445,0,0,0,0,0,74,112,188,71,445,6,68,74,519
10/21/2004,LIT,AR,ASW,CE,Combined TRACON& Tower with Radar,84,113,181,22,400,0,0,4,0,4,84,113,185,22,404,12,24,36,440
10/22/2004,LIT,AR,ASW,CE,Combined TRACON& Tower with Radar,69,105,152,55,381,0,0,9,2,11,69,105,161,57,392,18,28,46,438
10/23/2004,LIT,AR,ASW,CE,Combined TRACON& Tower with Radar,69,88,61,6,224,0,1,21,2,24,69,89,82,8,248,20,2,22,270
10/24/2004,LIT,AR,ASW,CE,Combined TRACON& Tower with Radar,61,80,108,5,254,0,1,115,0,116,61,81,223,5,370,32,0,32,402
10/25/2004,LIT,AR,ASW,CE,Combined TRACON& Tower with Radar,68,91,113,26,298,0,0,29,1,30,68,91,142,27,328,51,146,197,525
10/26/2004,LIT,AR,ASW,CE,Combined TRACON& Tower with Radar,83,113,144,58,398,0,0,37,8,45,83,113,181,66,443,4,242,246,689
10/27/2004,LIT,AR,ASW,CE,Combined TRACON& Tower with Radar,77,108,179,29,393,0,0,28,2,30,77,108,207,31,423,24,88,112,535
10/28/2004,LIT,AR,ASW,CE,Combined TRACON& Tower with Radar,76,112,202,26,416,0,0,70,1,71,76,112,272,27,487,74,78,152,639
10/29/2004,LIT,AR,ASW,CE,Combined TRACON& Tower with Radar,75,112,147,39,373,0,0,79,11,90,75,112,226,50,463,60,158,218,681
10/30/2004,LIT,AR,ASW,CE,Combined TRACON& Tower with Radar,62,82,86,6,236,0,4,100,0,104,62,86,186,6,340,75,0,75,415
10/31/2004,LIT,AR,ASW,CE,Combined TRACON& Tower with Radar,68,68,79,2,217,0,1,18,0,19,68,69,97,2,236,10,0,10,246
11/01/2004,LIT,AR,ASW,CE,Combined TRACON& Tower with Radar,60,92,91,6,249,0,1,2,0,3,60,93,93,6,252,0,0,0,252
11/02/2004,LIT,AR,ASW,CE,Combined TRACON& Tower with Radar,68,133,97,37,335,0,0,4,0,4,68,133,101,37,339,10,62,72,411
11/03/2004,LIT,AR,ASW,CE,Combined TRACON& Tower with Radar,95,101,145,25,366,0,0,1,0,1,95,101,146,25,367,6,50,56,423
11/04/2004,LIT,AR,ASW,CE,Combined TRACON& Tower with Radar,78,106,175,40,399,0,0,75,4,79,78,106,250,44,478,32,178,210,688
11/05/2004,LIT,AR,ASW,CE,Combined TRACON& Tower with Radar,76,104,140,21,341,0,14,123,0,137,76,118,263,21,478,10,16,26,504
11/06/2004,LIT,AR,ASW,CE,Combined TRACON& Tower with Radar,60,83,59,45,247,0,1,125,4,130,60,84,184,49,377,26,190,216,593
11/07/2004,LIT,AR,ASW,CE,Combined TRACON& Tower with Radar,56,79,88,4,227,0,0,106,0,106,56,79,194,4,333,62,14,76,409
11/08/2004,LIT,AR,ASW,CE,Combined TRACON& Tower with Radar,65,89,134,40,328,0,0,123,1,124,65,89,257,41,452,40,216,256,708
11/09/2004,LIT,AR,ASW,CE,Combined TRACON& Tower with Radar,70,104,135,38,347,0,0,127,3,130,70,104,262,41,477,26,132,158,635
11/10/2004,LIT,AR,ASW,CE,Combined TRACON& Tower with Radar,80,131,172,35,418,0,1,79,11,91,80,132,251,46,509,22,122,144,653
11/11/2004,LIT,AR,ASW,CE,Combined TRACON& Tower with Radar,84,121,150,57,412,0,0,34,0,34,84,121,184,57,446,24,0,24,470
11/12/2004,LIT,AR,ASW,CE,Combined TRACON& Tower with Radar,74,108,170,30,382,0,3,36,23,62,74,111,206,53,444,26,113,139,583
11/13/2004,LIT,AR,ASW,CE,Combined TRACON& Tower with Radar,65,86,96,7,254,0,1,86,4,91,65,87,182,11,345,52,20,72,417
11/14/2004,LIT,AR,ASW,CE,Combined TRACON& Tower with Radar,53,77,95,15,240,0,2,88,0,90,53,79,183,15,330,42,14,56,386
11/15/2004,LIT,AR,ASW,CE,Combined TRACON& Tower with Radar,67,109,135,28,339,0,0,94,2,96,67,109,229,30,435,18,170,188,623
11/16/2004,LIT,AR,ASW,CE,Combined TRACON& Tower with Radar,77,130,189,31,427,0,1,91,3,95,77,131,280,34,522,20,122,142,664
11/17/2004,LIT,AR,ASW,CE,Combined TRACON& Tower with Radar,82,146,196,28,452,0,0,67,3,70,82,146,263,31,522,18,54,72,594
11/18/2004,LIT,AR,ASW,CE,Combined TRACON& Tower with Radar,87,157,163,12,419,0,4,13,2,19,87,161,176,14,438,0,2,2,440
11/19/2004,LIT,AR,ASW,CE,Combined TRACON& Tower with Radar,80,118,203,6,407,0,1,18,0,19,80,119,221,6,426,14,10,24,450
11/20/2004,LIT,AR,ASW,CE,Combined TRACON& Tower with Radar,81,91,107,29,308,0,0,35,2,37,81,91,142,31,345,28,206,234,579
11/21/2004,LIT,AR,ASW,CE,Combined TRACON& Tower with Radar,58,80,72,3,213,0,0,3,0,3,58,80,75,3,216,17,10,27,243
11/22/2004,LIT,AR,ASW,CE,Combined TRACON& Tower with Radar,65,87,75,5,232,0,0,0,0,0,65,87,75,5,232,0,0,0,232
11/23/2004,LIT,AR,ASW,CE,Combined TRACON& Tower with Radar,84,98,112,4,298,0,0,1,0,1,84,98,113,4,299,2,4,6,305
11/24/2004,LIT,AR,ASW,CE,Combined TRACON& Tower with Radar,89,134,105,19,347,0,0,13,1,14,89,134,118,20,361,0,0,0,361
11/25/2004,LIT,AR,ASW,CE,Combined TRACON& Tower with Radar,52,65,44,0,161,0,0,44,0,44,52,65,88,0,205,42,0,42,247
11/26/2004,LIT,AR,ASW,CE,Combined TRACON& Tower with Radar,58,71,149,0,278,0,1,89,0,90,58,72,238,0,368,40,0,40,408
11/27/2004,LIT,AR,ASW,CE,Combined TRACON& Tower with Radar,69,75,82,0,226,0,2,20,0,22,69,77,102,0,248,6,0,6,254
11/28/2004,LIT,AR,ASW,CE,Combined TRACON& Tower with Radar,58,84,102,0,244,0,0,51,0,51,58,84,153,0,295,2,0,2,297
11/29/2004,LIT,AR,ASW,CE,Combined TRACON& Tower with Radar,77,107,66,76,326,0,1,13,0,14,77,108,79,76,340,0,78,78,418
11/30/2004,LIT,AR,ASW,CE,Combined TRACON& Tower with Radar,79,122,114,52,367,0,0,0,0,0,79,122,114,52,367,4,69,73,440
12/01/2004,LIT,AR,ASW,CE,Combined TRACON& Tower with Radar,83,134,156,39,412,0,2,131,5,138,83,136,287,44,550,20,102,122,672
12/02/2004,LIT,AR,ASW,CE,Combined TRACON& Tower with Radar,86,111,164,36,397,0,1,135,4,140,86,112,299,40,537,28,92,120,657
12/03/2004,LIT,AR,ASW,CE,Combined TRACON& Tower with Radar,72,127,127,38,364,0,4,149,6,159,72,131,276,44,523,50,40,90,613
12/04/2004,LIT,AR,ASW,CE,Combined TRACON& Tower with Radar,67,91,101,11,270,0,2,109,2,113,67,93,210,13,383,34,48,82,465
12/05/2004,LIT,AR,ASW,CE,Combined TRACON& Tower with Radar,54,70,38,6,168,0,0,5,0,5,54,70,43,6,173,0,16,16,189
12/06/2004,LIT,AR,ASW,CE,Combined TRACON& Tower with Radar,67,96,68,9,240,0,0,0,0,0,67,96,68,9,240,0,4,4,244
12/07/2004,LIT,AR,ASW,CE,Combined TRACON& Tower with Radar,77,105,136,46,364,0,0,107,11,118,77,105,243,57,482,16,140,156,638
12/08/2004,LIT,AR,ASW,CE,Combined TRACON& Tower with Radar,82,117,154,36,389,0,1,133,9,143,82,118,287,45,532,42,124,166,698
12/09/2004,LIT,AR,ASW,CE,Combined TRACON& Tower with Radar,83,121,218,41,463,0,0,79,1,80,83,121,297,42,543,39,73,112,655
12/10/2004,LIT,AR,ASW,CE,Combined TRACON& Tower with Radar,71,125,123,24,343,0,2,49,2,53,71,127,172,26,396,78,50,128,524
12/11/2004,LIT,AR,ASW,CE,Combined TRACON& Tower with Radar,67,74,68,21,230,0,0,85,8,93,67,74,153,29,323,28,70,98,421
12/12/2004,LIT,AR,ASW,CE,Combined TRACON& Tower with Radar,51,82,54,5,192,0,1,68,0,69,51,83,122,5,261,10,0,10,271
12/13/2004,LIT,AR,ASW,CE,Combined TRACON& Tower with Radar,65,101,108,19,293,0,2,57,5,64,65,103,165,24,357,8,22,30,387
12/14/2004,LIT,AR,ASW,CE,Combined TRACON& Tower with Radar,77,130,140,18,365,0,2,110,5,117,77,132,250,23,482,24,78,102,584
12/15/2004,LIT,AR,ASW,CE,Combined TRACON& Tower with Radar,72,128,147,36,383,0,0,102,7,109,72,128,249,43,492,26,90,116,608
12/16/2004,LIT,AR,ASW,CE,Combined TRACON& Tower with Radar,74,134,176,17,401,0,4,116,4,124,74,138,292,21,525,48,56,104,629
12/17/2004,LIT,AR,ASW,CE,Combined TRACON& Tower with Radar,77,134,114,19,344,0,0,107,2,109,77,134,221,21,453,32,112,144,597
12/18/2004,LIT,AR,ASW,CE,Combined TRACON& Tower with Radar,60,83,81,7,231,0,2,73,22,97,60,85,154,29,328,40,40,80,408
12/19/2004,LIT,AR,ASW,CE,Combined TRACON& Tower with Radar,58,74,53,2,187,0,2,48,0,50,58,76,101,2,237,10,0,10,247
12/20/2004,LIT,AR,ASW,CE,Combined TRACON& Tower with Radar,43,95,73,10,221,0,4,56,0,60,43,99,129,10,281,0,12,12,293
12/21/2004,LIT,AR,ASW,CE,Combined TRACON& Tower with Radar,69,137,156,34,396,0,2,21,0,23,69,139,177,34,419,26,40,66,485
12/22/2004,LIT,AR,ASW,CE,Combined TRACON& Tower with Radar,61,90,42,1,194,0,0,4,0,4,61,90,46,1,198,0,0,0,198
12/23/2004,LIT,AR,ASW,CE,Combined TRACON& Tower with Radar,69,103,77,2,251,0,4,33,0,37,69,107,110,2,288,0,0,0,288
12/24/2004,LIT,AR,ASW,CE,Combined TRACON& Tower with Radar,65,87,52,0,204,0,4,26,0,30,65,91,78,0,234,8,0,8,242
12/25/2004,LIT,AR,ASW,CE,Combined TRACON& Tower with Radar,51,40,18,0,109,0,0,19,0,19,51,40,37,0,128,0,0,0,128
12/26/2004,LIT,AR,ASW,CE,Combined TRACON& Tower with Radar,58,74,76,0,208,0,0,41,0,41,58,74,117,0,249,0,0,0,249
12/27/2004,LIT,AR,ASW,CE,Combined TRACON& Tower with Radar,68,95,93,10,266,0,0,83,0,83,68,95,176,10,349,8,10,18,367
12/28/2004,LIT,AR,ASW,CE,Combined TRACON& Tower with Radar,78,102,100,3,283,0,0,97,3,100,78,102,197,6,383,12,6,18,401
12/29/2004,LIT,AR,ASW,CE,Combined TRACON& Tower with Radar,70,122,132,12,336,0,2,69,9,80,70,124,201,21,416,24,2,26,442
12/30/2004,LIT,AR,ASW,CE,Combined TRACON& Tower with Radar,80,100,104,1,285,0,1,50,8,59,80,101,154,9,344,22,30,52,396
12/31/2004,LIT,AR,ASW,CE,Combined TRACON& Tower with Radar,62,87,83,2,234,0,1,10,0,11,62,88,93,2,245,24,0,24,269
01/01/2005,LIT,AR,ASW,CE,Combined TRACON& Tower with Radar,63,61,30,0,154,0,2,0,0,2,63,63,30,0,156,0,0,0,156
01/02/2005,LIT,AR,ASW,CE,Combined TRACON& Tower with Radar,53,63,62,6,184,0,0,1,0,1,53,63,63,6,185,0,0,0,185
01/03/2005,LIT,AR,ASW,CE,Combined TRACON& Tower with Radar,65,100,78,25,268,0,0,1,0,1,65,100,79,25,269,0,0,0,269
01/04/2005,LIT,AR,ASW,CE,Combined TRACON& Tower with Radar,70,115,107,12,304,0,0,3,1,4,70,115,110,13,308,2,48,50,358
01/05/2005,LIT,AR,ASW,CE,Combined TRACON& Tower with Radar,61,109,95,36,301,0,0,1,0,1,61,109,96,36,302,8,62,70,372
01/06/2005,LIT,AR,ASW,CE,Combined TRACON& Tower with Radar,84,109,155,27,375,0,3,50,7,60,84,112,205,34,435,22,74,96,531
01/07/2005,LIT,AR,ASW,CE,Combined TRACON& Tower with Radar,72,103,104,2,281,0,0,3,0,3,72,103,107,2,284,0,0,0,284
01/08/2005,LIT,AR,ASW,CE,Combined TRACON& Tower with Radar,71,78,92,28,269,0,0,17,11,28,71,78,109,39,297,14,162,176,473
01/09/2005,LIT,AR,ASW,CE,Combined TRACON& Tower with Radar,59,83,91,8,241,0,0,5,1,6,59,83,96,9,247,9,14,23,270
01/10/2005,LIT,AR,ASW,CE,Combined TRACON& Tower with Radar,69,95,97,11,272,0,0,4,1,5,69,95,101,12,277,0,6,6,283
01/11/2005,LIT,AR,ASW,CE,Combined TRACON& Tower with Radar,78,115,140,9,342,0,1,21,3,25,78,116,161,12,367,14,90,104,471
01/12/2005,LIT,AR,ASW,CE,Combined TRACON& Tower with Radar,68,102,123,21,314,0,0,11,0,11,68,102,134,21,325,2,32,34,359
01/13/2005,LIT,AR,ASW,CE,Combined TRACON& Tower with Radar,70,109,131,22,332,0,3,34,1,38,70,112,165,23,370,30,82,112,482
01/14/2005,LIT,AR,ASW,CE,Combined TRACON& Tower with Radar,73,117,134,36,360,0,2,119,4,125,73,119,253,40,485,54,130,184,669
01/15/2005,LIT,AR,ASW,CE,Combined TRACON& Tower with Radar,62,87,69,7,225,0,2,74,0,76,62,89,143,7,301,14,0,14,315
01/16/2005,LIT,AR,ASW,CE,Combined TRACON& Tower with Radar,66,68,65,0,199,0,1,86,0,87,66,69,151,0,286,16,0,16,302
01/17/2005,LIT,AR,ASW,CE,Combined TRACON& Tower with Radar,65,77,107,5,254,0,1,92,0,93,65,78,199,5,347,10,0,10,357
01/18/2005,LIT,AR,ASW,CE,Combined TRACON& Tower with Radar,85,105,149,27,366,0,1,87,2,90,85,106,236,29,456,16,132,148,604
01/19/2005,LIT,AR,ASW,CE,Combined TRACON& Tower with Radar,71,94,139,14,318,0,0,107,0,107,71,94,246,14,425,32,50,82,507
01/20/2005,LIT,AR,ASW,CE,Combined TRACON& Tower with Radar,87,93,129,48,357,0,0,109,1,110,87,93,238,49,467,24,172,196,663
01/21/2005,LIT,AR,ASW,CE,Combined TRACON& Tower with Radar,77,109,148,107,441,0,0,78,13,91,77,109,226,120,532,40,274,314,846
01/22/2005,LIT,AR,ASW,CE,Combined TRACON& Tower with Radar,59,65,67,23,214,0,1,34,0,35,59,66,101,23,249,14,72,86,335
01/23/2005,LIT,AR,ASW,CE,Combined TRACON& Tower with Radar,66,76,70,58,270,0,0,72,0,72,66,76,142,58,342,4,0,4,346
01/24/2005,LIT,AR,ASW,CE,Combined TRACON& Tower with Radar,64,104,85,24,277,0,0,92,2,94,64,104,177,26,371,14,111,125,496
01/25/2005,LIT,AR,ASW,CE,Combined TRACON& Tower with Radar,82,133,92,34,341,0,1,104,2,107,82,134,196,36,448,16,84,100,548
01/26/2005,LIT,AR,ASW,CE,Combined TRACON& Tower with Radar,63,120,124,29,336,0,0,128,0,128,63,120,252,29,464,14,110,124,588
01/27/2005,LIT,AR,ASW,CE,Combined TRACON& Tower with Radar,80,114,132,18,344,0,2,70,11,83,80,116,202,29,427,20,148,168,595
01/28/2005,LIT,AR,ASW,CE,Combined TRACON& Tower with Radar,73,112,99,16,300,0,0,11,3,14,73,112,110,19,314,0,36,36,350
01/29/2005,LIT,AR,ASW,CE,Combined TRACON& Tower with Radar,58,68,70,0,196,0,5,8,0,13,58,73,78,0,209,2,0,2,211
01/30/2005,LIT,AR,ASW,CE,Combined TRACON& Tower with Radar,51,81,75,6,213,0,2,13,4,19,51,83,88,10,232,10,0,10,242
01/31/2005,LIT,AR,ASW,CE,Combined TRACON& Tower with Radar,71,104,80,11,266,0,0,1,2,3,71,104,81,13,269,2,18,20,289
02/01/2005,LIT,AR,ASW,CE,Combined TRACON& Tower with Radar,88,130,109,29,356,0,7,8,0,15,88,137,117,29,371,0,60,60,431
02/02/2005,LIT,AR,ASW,CE,Combined TRACON& Tower with Radar,84,108,106,16,314,0,0,2,0,2,84,108,108,16,316,0,12,12,328
02/03/2005,LIT,AR,ASW,CE,Combined TRACON& Tower with Radar,81,132,151,8,372,0,5,34,0,39,81,137,185,8,411,18,30,48,459
02/04/2005,LIT,AR,ASW,CE,Combined TRACON& Tower with Radar,85,108,156,14,363,0,1,81,13,95,85,109,237,27,458,28,64,92,550
02/05/2005,LIT,AR,ASW,CE,Combined TRACON& Tower with Radar,81,73,93,12,259,0,2,126,0,128,81,75,219,12,387,38,30,68,455
02/06/2005,LIT,AR,ASW,CE,Combined TRACON& Tower with Radar,69,61,45,7,182,0,0,11,0,11,69,61,56,7,193,2,6,8,201
02/07/2005,LIT,AR,ASW,CE,Combined TRACON& Tower with Radar,68,110,116,25,319,0,0,3,0,3,68,110,119,25,322,0,18,18,340
02/08/2005,LIT,AR,ASW,CE,Combined TRACON& Tower with Radar,77,135,161,35,408,0,2,21,4,27,77,137,182,39,435,26,118,144,579
02/09/2005,LIT,AR,ASW,CE,Combined TRACON& Tower with Radar,76,112,162,32,382,0,0,18,0,18,76,112,180,32,400,12,130,142,542
02/10/2005,LIT,AR,ASW,CE,Combined TRACON& Tower with Radar,83,111,142,14,350,0,0,142,2,144,83,111,284,16,494,20,50,70,564
02/11/2005,LIT,AR,ASW,CE,Combined TRACON& Tower with Radar,83,106,121,46,356,0,0,180,4,184,83,106,301,50,540,24,110,134,674
02/12/2005,LIT,AR,ASW,CE,Combined TRACON& Tower with Radar,78,73,76,54,281,0,4,46,9,59,78,77,122,63,340,16,342,358,698
02/13/2005,LIT,AR,ASW,CE,Combined TRACON& Tower with Radar,58,76,52,18,204,0,1,5,0,6,58,77,57,18,210,8,22,30,240
02/14/2005,LIT,AR,ASW,CE,Combined TRACON& Tower with Radar,70,101,90,48,309,0,2,168,10,180,70,103,258,58,489,28,216,244,733
02/15/2005,LIT,AR,ASW,CE,Combined TRACON& Tower with Radar,81,116,135,34,366,0,1,127,3,131,81,117,262,37,497,18,100,118,615
02/16/2005,LIT,AR,ASW,CE,Combined TRACON& Tower with Radar,83,120,164,42,409,0,1,91,3,95,83,121,255,45,504,42,228,270,774
02/17/2005,LIT,AR,ASW,CE,Combined TRACON& Tower with Radar,78,128,171,35,412,0,1,129,0,130,78,129,300,35,542,28,74,102,644
02/18/2005,LIT,AR,ASW,CE,Combined TRACON& Tower with Radar,74,124,113,29,340,0,0,137,9,146,74,124,250,38,486,54,120,174,660
02/19/2005,LIT,AR,ASW,CE,Combined TRACON& Tower with Radar,69,77,58,7,211,0,12,39,0,51,69,89,97,7,262,2,20,22,284
02/20/2005,LIT,AR,ASW,CE,Combined TRACON& Tower with Radar,67,70,48,1,186,0,0,4,0,4,67,70,52,1,190,0,0,0,190
02/21/2005,LIT,AR,ASW,CE,Combined TRACON& Tower with Radar,69,94,98,7,268,0,2,50,1,53,69,96,148,8,321,26,0,26,347
02/22/2005,LIT,AR,ASW,CE,Combined TRACON& Tower with Radar,86,103,134,31,354,0,1,109,7,117,86,104,243,38,471,4,148,152,623
02/23/2005,LIT,AR,ASW,CE,Combined TRACON& Tower with Radar,76,124,93,33,326,0,1,2,0,3,76,125,95,33,329,0,36,36,365
02/24/2005,LIT,AR,ASW,CE,Combined TRACON& Tower with Radar,79,112,137,35,363,0,2,51,4,57,79,114,188,39,420,20,98,118,538
02/25/2005,LIT,AR,ASW,CE,Combined TRACON& Tower with Radar,75,121,153,34,383,0,0,190,5,195,75,121,343,39,578,58,80,138,716
02/26/2005,LIT,AR,ASW,CE,Combined TRACON& Tower with Radar,74,87,88,7,256,0,0,130,2,132,74,87,218,9,388,50,24,74,462
02/27/2005,LIT,AR,ASW,CE,Combined TRACON& Tower with Radar,62,79,74,2,217,0,0,26,0,26,62,79,100,2,243,24,4,28,271
02/28/2005,LIT,AR,ASW,CE,Combined TRACON& Tower with Radar,66,102,113,18,299,0,0,52,6,58,66,102,165,24,357,12,30,42,399
03/01/2005,LIT,AR,ASW,CE,Combined TRACON& Tower with Radar,91,114,127,32,364,0,0,110,3,113,91,114,237,35,477,32,160,192,669
03/02/2005,LIT,AR,ASW,CE,Combined TRACON& Tower with Radar,82,131,143,25,381,0,0,53,3,56,82,131,196,28,437,16,146,162,599
03/03/2005,LIT,AR,ASW,CE,Combined TRACON& Tower with Radar,80,123,172,16,391,0,0,88,2,90,80,123,260,18,481,34,30,64,545
03/04/2005,LIT,AR,ASW,CE,Combined TRACON& Tower with Radar,78,126,129,25,358,0,3,131,3,137,78,129,260,28,495,28,38,66,561
03/05/2005,LIT,AR,ASW,CE,Combined TRACON& Tower with Radar,78,71,82,20,251,0,2,149,6,157,78,73,231,26,408,12,30,42,450
03/06/2005,LIT,AR,ASW,CE,Combined TRACON& Tower with Radar,71,86,81,3,241,0,1,84,0,85,71,87,165,3,326,22,0,22,348
03/07/2005,LIT,AR,ASW,CE,Combined TRACON& Tower with Radar,75,96,105,9,285,0,0,28,2,30,75,96,133,11,315,8,12,20,335
03/08/2005,LIT,AR,ASW,CE,Combined TRACON& Tower with Radar,81,111,141,29,362,0,1,116,3,120,81,112,257,32,482,18,110,128,610
03/09/2005,LIT,AR,ASW,CE,Combined TRACON& Tower with Radar,74,129,105,24,332,0,1,14,1,16,74,130,119,25,348,20,46,66,414
03/10/2005,LIT,AR,ASW,CE,Combined TRACON& Tower with Radar,89,123,152,33,397,0,1,123,15,139,89,124,275,48,536,28,102,130,666
03/11/2005,LIT,AR,ASW,CE,Combined TRACON& Tower with Radar,76,108,118,40,342,0,0,59,5,64,76,108,177,45,406,14,72,86,492
03/12/2005,LIT,AR,ASW,CE,Combined TRACON& Tower with Radar,74,81,69,8,232,0,0,92,1,93,74,81,161,9,325,42,12,54,379
03/13/2005,LIT,AR,ASW,CE,Combined TRACON& Tower with Radar,0,0,2,4,6,0,0,0,0,0,0,0,2,4,6,4,6,10,16
03/14/2005,LIT,AR,ASW,CE,Combined TRACON& Tower with Radar,70,103,106,7,286,0,5,98,2,105,70,108,204,9,391,53,30,83,474
03/15/2005,LIT,AR,ASW,CE,Combined TRACON& Tower with Radar,61,127,180,42,410,0,2,29,5,36,61,129,209,47,446,18,212,230,676
03/16/2005,LIT,AR,ASW,CE,Combined TRACON& Tower with Radar,69,137,162,13,381,0,0,24,1,25,69,137,186,14,406,6,182,188,594
03/17/2005,LIT,AR,ASW,CE,Combined TRACON& Tower with Radar,95,109,156,47,407,0,1,147,5,153,95,110,303,52,560,63,216,279,839
03/18/2005,LIT,AR,ASW,CE,Combined TRACON& Tower with Radar,84,125,164,40,413,0,0,103,3,106,84,125,267,43,519,70,130,200,719
03/19/2005,LIT,AR,ASW,CE,Combined TRACON& Tower with Radar,74,99,98,28,299,0,1,96,12,109,74,100,194,40,408,14,36,50,458
03/20/2005,LIT,AR,ASW,CE,Combined TRACON& Tower with Radar,70,75,60,7,212,0,8,41,1,50,70,83,101,8,262,6,60,66,328
03/21/2005,LIT,AR,ASW,CE,Combined TRACON& Tower with Radar,75,106,79,47,307,0,2,7,10,19,75,108,86,57,326,10,201,211,537
03/22/2005,LIT,AR,ASW,CE,Combined TRACON& Tower with Radar,78,117,97,17,309,0,0,20,1,21,78,117,117,18,330,12,82,94,424
03/23/2005,LIT,AR,ASW,CE,Combined TRACON& Tower with Radar,80,121,138,32,371,0,0,53,10,63,80,121,191,42,434,10,62,72,506
03/24/2005,LIT,AR,ASW,CE,Combined TRACON& Tower with Radar,82,123,137,34,376,0,1,93,9,103,82,124,230,43,479,4,114,118,597
03/25/2005,LIT,AR,ASW,CE,Combined TRACON& Tower with Radar,80,110,130,39,359,0,1,109,8,118,80,111,239,47,477,134,66,200,677
03/26/2005,LIT,AR,ASW,CE,Combined TRACON& Tower with Radar,72,75,76,1,224,0,2,2,0,4,72,77,78,1,228,48,4,52,280
03/27/2005,LIT,AR,ASW,CE,Combined TRACON& Tower with Radar,71,72,50,0,193,0,0,2,0,2,71,72,52,0,195,2,0,2,197
03/28/2005,LIT,AR,ASW,CE,Combined TRACON& Tower with Radar,77,89,121,20,307,0,1,123,16,140,77,90,244,36,447,28,80,108,555
03/29/2005,LIT,AR,ASW,CE,Combined TRACON& Tower with Radar,87,113,106,9,315,0,1,109,2,112,87,114,215,11,427,40,36,76,503
03/30/2005,LIT,AR,ASW,CE,Combined TRACON& Tower with Radar,90,107,151,34,382,0,1,61,6,68,90,108,212,40,450,26,44,70,520
03/31/2005,LIT,AR,ASW,CE,Combined TRACON& Tower with Radar,81,105,143,28,357,0,0,69,9,78,81,105,212,37,435,18,80,98,533
04/01/2005,LIT,AR,ASW,CE,Combined TRACON& Tower with Radar,82,111,121,22,336,0,0,44,0,44,82,111,165,22,380,24,158,182,562
04/02/2005,LIT,AR,ASW,CE,Combined TRACON& Tower with Radar,68,83,83,12,246,0,0,99,0,99,68,83,182,12,345,16,6,22,367
04/03/2005,LIT,AR,ASW,CE,Combined TRACON& Tower with Radar,59,83,77,9,228,0,0,101,2,103,59,83,178,11,331,26,10,36,367
04/04/2005,LIT,AR,ASW,CE,Combined TRACON& Tower with Radar,65,106,105,30,306,0,2,77,0,79,65,108,182,30,385,38,16,54,439
04/05/2005,LIT,AR,ASW,CE,Combined TRACON& Tower with Radar,86,124,140,18,368,0,0,40,1,41,86,124,180,19,409,10,96,106,515
04/06/2005,LIT,AR,ASW,CE,Combined TRACON& Tower with Radar,74,128,86,21,309,0,0,21,5,26,74,128,107,26,335,8,206,214,549
04/07/2005,LIT,AR,ASW,CE,Combined TRACON& Tower with Radar,74,125,159,65,423,0,0,17,0,17,74,125,176,65,440,4,136,140,580
04/08/2005,LIT,AR,ASW,CE,Combined TRACON& Tower with Radar,73,116,145,21,355,0,0,100,4,104,73,116,245,25,459,30,56,86,545
04/09/2005,LIT,AR,ASW,CE,Combined TRACON& Tower with Radar,67,82,104,20,273,0,7,62,0,69,67,89,166,20,342,44,94,138,480
04/10/2005,LIT,AR,ASW,CE,Combined TRACON& Tower with Radar,62,89,77,4,232,0,0,47,0,47,62,89,124,4,279,16,80,96,375
04/11/2005,LIT,AR,ASW,CE,Combined TRACON& Tower with Radar,74,102,36,2,214,0,0,4,0,4,74,102,40,2,218,0,0,0,218
04/12/2005,LIT,AR,ASW,CE,Combined TRACON& Tower with Radar,75,118,135,70,398,0,3,79,0,82,75,121,214,70,480,22,142,164,644
04/13/2005,LIT,AR,ASW,CE,Combined TRACON& Tower with Radar,81,143,217,14,455,0,1,54,0,55,81,144,271,14,510,54,34,88,598
04/14/2005,LIT,AR,ASW,CE,Combined TRACON& Tower with Radar,78,141,139,36,394,0,1,95,1,97,78,142,234,37,491,6,14,20,511
04/15/2005,LIT,AR,ASW,CE,Combined TRACON& Tower with Radar,93,129,145,14,381,0,1,130,4,135,93,130,275,18,516,68,4,72,588
04/16/2005,LIT,AR,ASW,CE,Combined TRACON& Tower with Radar,79,83,73,5,240,0,1,90,4,95,79,84,163,9,335,94,21,115,450
04/17/2005,LIT,AR,ASW,CE,Combined TRACON& Tower with Radar,58,90,78,5,231,0,0,76,0,76,58,90,154,5,307,16,0,16,323
04/18/2005,LIT,AR,ASW,CE,Combined TRACON& Tower with Radar,71,129,87,21,308,0,0,81,4,85,71,129,168,25,393,22,158,180,573
04/19/2005,LIT,AR,ASW,CE,Combined TRACON& Tower with Radar,79,122,111,56,368,0,1,74,4,79,79,123,185,60,447,34,158,192,639
04/20/2005,LIT,AR,ASW,CE,Combined TRACON& Tower with Radar,78,125,152,13,368,0,2,76,4,82,78,127,228,17,450,58,144,202,652
04/21/2005,LIT,AR,ASW,CE,Combined TRACON& Tower with Radar,72,137,125,33,367,0,2,92,4,98,72,139,217,37,465,20,154,174,639
04/22/2005,LIT,AR,ASW,CE,Combined TRACON& Tower with Radar,86,127,118,43,374,0,2,59,2,63,86,129,177,45,437,42,62,104,541
04/23/2005,LIT,AR,ASW,CE,Combined TRACON& Tower with Radar,74,88,86,4,252,0,0,49,2,51,74,88,135,6,303,28,66,94,397
04/24/2005,LIT,AR,ASW,CE,Combined TRACON& Tower with Radar,59,85,79,5,228,0,5,67,2,74,59,90,146,7,302,14,44,58,360
04/25/2005,LIT,AR,ASW,CE,Combined TRACON& Tower with Radar,79,129,121,12,341,0,12,55,3,70,79,141,176,15,411,38,54,92,503
04/26/2005,LIT,AR,ASW,CE,Combined TRACON& Tower with Radar,74,132,133,37,376,0,1,46,4,51,74,133,179,41,427,8,154,162,589
04/27/2005,LIT,AR,ASW,CE,Combined TRACON& Tower with Radar,80,137,168,22,407,0,3,123,4,130,80,140,291,26,537,52,56,108,645
04/28/2005,LIT,AR,ASW,CE,Combined TRACON& Tower with Radar,73,124,144,13,354,0,3,56,0,59,73,127,200,13,413,8,16,24,437
04/29/2005,LIT,AR,ASW,CE,Combined TRACON& Tower with Radar,78,135,92,2,307,0,0,10,0,10,78,135,102,2,317,8,0,8,325
04/30/2005,LIT,AR,ASW,CE,Combined TRACON& Tower with Radar,68,74,83,10,235,0,1,79,0,80,68,75,162,10,315,92,10,102,417
05/01/2005,LIT,AR,ASW,CE,Combined TRACON& Tower with Radar,56,88,77,3,224,0,1,104,0,105,56,89,181,3,329,43,0,43,372
05/02/2005,LIT,AR,ASW,CE,Combined TRACON& Tower with Radar,66,97,113,8,284,0,0,51,5,56,66,97,164,13,340,16,46,62,402
05/03/2005,LIT,AR,ASW,CE,Combined TRACON& Tower with Radar,74,126,129,5,334,0,0,107,3,110,74,126,236,8,444,50,0,50,494
05/04/2005,LIT,AR,ASW,CE,Combined TRACON& Tower with Radar,90,111,172,15,388,0,1,127,2,130,90,112,299,17,518,58,92,150,668
05/05/2005,LIT,AR,ASW,CE,Combined TRACON& Tower with Radar,77,135,117,40,369,0,8,100,11,119,77,143,217,51,488,18,110,128,616
05/06/2005,LIT,AR,ASW,CE,Combined TRACON& Tower with Radar,82,123,135,13,353,0,1,130,0,131,82,124,265,13,484,28,90,118,602
05/07/2005,LIT,AR,ASW,CE,Combined TRACON& Tower with Radar,74,89,51,12,226,0,3,83,0,86,74,92,134,12,312,32,4,36,348
05/08/2005,LIT,AR,ASW,CE,Combined TRACON& Tower with Radar,60,83,56,4,203,0,0,43,0,43,60,83,99,4,246,4,0,4,250
05/09/2005,LIT,AR,ASW,CE,Combined TRACON& Tower with Radar,71,112,113,34,330,0,1,56,8,65,71,113,169,42,395,22,126,148,543
05/10/2005,LIT,AR,ASW,CE,Combined TRACON& Tower with Radar,73,135,173,23,404,0,0,59,0,59,73,135,232,23,463,52,126,178,641
05/11/2005,LIT,AR,ASW,CE,Combined TRACON& Tower with Radar,86,113,154,30,383,0,0,138,6,144,86,113,292,36,527,24,136,160,687
05/12/2005,LIT,AR,ASW,CE,Combined TRACON& Tower with Radar,84,116,184,24,408,0,3,113,7,123,84,119,297,31,531,42,96,138,669
05/13/2005,LIT,AR,ASW,CE,Combined TRACON& Tower with Radar,70,130,142,10,352,0,0,90,6,96,70,130,232,16,448,32,40,72,520
05/14/2005,LIT,AR,ASW,CE,Combined TRACON& Tower with Radar,68,92,51,2,213,0,0,29,0,29,68,92,80,2,242,12,12,24,266
05/15/2005,LIT,AR,ASW,CE,Combined TRACON& Tower with Radar,61,93,77,0,231,0,0,66,0,66,61,93,143,0,297,0,0,0,297
05/16/2005,LIT,AR,ASW,CE,Combined TRACON& Tower with Radar,82,101,125,11,319,0,0,91,1,92,82,101,216,12,411,22,44,66,477
05/17/2005,LIT,AR,ASW,CE,Combined TRACON& Tower with Radar,80,108,115,7,310,0,0,89,3,92,80,108,204,10,402,14,14,28,430
05/18/2005,LIT,AR,ASW,CE,Combined TRACON& Tower with Radar,80,118,163,14,375,0,4,105,6,115,80,122,268,20,490,66,54,120,610
05/19/2005,LIT,AR,ASW,CE,Combined TRACON& Tower with Radar,72,110,142,27,351,0,0,107,2,109,72,110,249,29,460,16,104,120,580
05/20/2005,LIT,AR,ASW,CE,Combined TRACON& Tower with Radar,79,135,121,26,361,0,2,67,8,77,79,137,188,34,438,38,56,94,532
05/21/2005,LIT,AR,ASW,CE,Combined TRACON& Tower with Radar,74,82,98,25,279,0,5,98,2,105,74,87,196,27,384,28,110,138,522
05/22/2005,LIT,AR,ASW,CE,Combined TRACON& Tower with Radar,63,99,93,5,260,0,0,78,0,78,63,99,171,5,338,8,6,14,352
05/23/2005,LIT,AR,ASW,CE,Combined TRACON& Tower with Radar,69,101,113,44,327,0,1,33,2,36,69,102,146,46,363,20,50,70,433
05/24/2005,LIT,AR,ASW,CE,Combined TRACON& Tower with Radar,82,117,139,40,378,0,0,74,1,75,82,117,213,41,453,42,232,274,727
05/25/2005,LIT,AR,ASW,CE,Combined TRACON& Tower with Radar,83,130,137,49,399,0,2,93,2,97,83,132,230,51,496,12,120,132,628
05/26/2005,LIT,AR,ASW,CE,Combined TRACON& Tower with Radar,79,123,145,44,391,0,0,118,3,121,79,123,263,47,512,34,164,198,710
05/27/2005,LIT,AR,ASW,CE,Combined TRACON& Tower with Radar,71,129,146,13,359,0,0,100,0,100,71,129,246,13,459,26,0,26,485
05/28/2005,LIT,AR,ASW,CE,Combined TRACON& Tower with Radar,82,71,44,0,197,0,1,62,0,63,82,72,106,0,260,6,0,6,266
05/29/2005,LIT,AR,ASW,CE,Combined TRACON& Tower with Radar,56,71,36,0,163,0,2,20,0,22,56,73,56,0,185,0,0,0,185
05/30/2005,LIT,AR,ASW,CE,Combined TRACON& Tower with Radar,63,84,65,2,214,0,0,14,0,14,63,84,79,2,228,10,0,10,238
05/31/2005,LIT,AR,ASW,CE,Combined TRACON& Tower with Radar,72,117,115,23,327,0,0,73,5,78,72,117,188,28,405,36,176,212,617
06/01/2005,LIT,AR,ASW,CE,Combined TRACON& Tower with Radar,81,122,158,24,385,0,0,30,3,33,81,122,188,27,418,44,180,224,642
06/02/2005,LIT,AR,ASW,CE,Combined TRACON& Tower with Radar,71,115,163,31,380,0,0,105,0,105,71,115,268,31,485,22,68,90,575
06/03/2005,LIT,AR,ASW,CE,Combined TRACON& Tower with Radar,76,142,164,31,413,0,2,75,5,82,76,144,239,36,495,80,184,264,759
06/04/2005,LIT,AR,ASW,CE,Combined TRACON& Tower with Radar,86,89,67,4,246,0,0,0,0,0,86,89,67,4,246,10,24,34,280
06/05/2005,LIT,AR,ASW,CE,Combined TRACON& Tower with Radar,68,91,56,4,219,0,4,61,0,65,68,95,117,4,284,4,2,6,290
06/06/2005,LIT,AR,ASW,CE,Combined TRACON& Tower with Radar,81,87,106,28,302,0,0,77,9,86,81,87,183,37,388,16,88,104,492
06/07/2005,LIT,AR,ASW,CE,Combined TRACON& Tower with Radar,87,128,141,31,387,0,1,48,1,50,87,129,189,32,437,20,50,70,507
06/08/2005,LIT,AR,ASW,CE,Combined TRACON& Tower with Radar,73,117,171,20,381,0,2,68,5,75,73,119,239,25,456,26,114,140,596
06/09/2005,LIT,AR,ASW,CE,Combined TRACON& Tower with Radar,73,111,129,25,338,0,0,60,0,60,73,111,189,25,398,22,244,266,664
06/10/2005,LIT,AR,ASW,CE,Combined TRACON& Tower with Radar,77,132,159,23,391,0,0,100,5,105,77,132,259,28,496,20,166,186,682
06/11/2005,LIT,AR,ASW,CE,Combined TRACON& Tower with Radar,73,79,57,3,212,0,1,45,0,46,73,80,102,3,258,11,30,41,299
06/12/2005,LIT,AR,ASW,CE,Combined TRACON& Tower with Radar,72,96,88,13,269,0,3,49,0,52,72,99,137,13,321,32,10,42,363
06/13/2005,LIT,AR,ASW,CE,Combined TRACON& Tower with Radar,72,112,115,31,330,0,3,74,13,90,72,115,189,44,420,10,128,138,558
06/14/2005,LIT,AR,ASW,CE,Combined TRACON& Tower with Radar,83,131,141,18,373,0,5,103,0,108,83,136,244,18,481,30,108,138,619
06/15/2005,LIT,AR,ASW,CE,Combined TRACON& Tower with Radar,81,122,150,17,370,0,2,114,0,116,81,124,264,17,486,32,122,154,640
06/16/2005,LIT,AR,ASW,CE,Combined TRACON& Tower with Radar,73,138,166,20,397,0,0,84,2,86,73,138,250,22,483,28,134,162,645
06/17/2005,LIT,AR,ASW,CE,Combined TRACON& Tower with Radar,78,133,124,6,341,0,2,16,3,21,78,135,140,9,362,18,2,20,382
06/18/2005,LIT,AR,ASW,CE,Combined TRACON& Tower with Radar,70,91,70,11,242,0,0,89,0,89,70,91,159,11,331,0,0,0,331
06/19/2005,LIT,AR,ASW,CE,Combined TRACON& Tower with Radar,60,99,50,7,216,0,2,76,1,79,60,101,126,8,295,2,4,6,301
06/20/2005,LIT,AR,ASW,CE,Combined TRACON& Tower with Radar,69,116,135,8,328,0,0,105,0,105,69,116,240,8,433,40,6,46,479
06/21/2005,LIT,AR,ASW,CE,Combined TRACON& Tower with Radar,77,127,156,14,374,0,14,81,4,99,77,141,237,18,473,20,30,50,523
06/22/2005,LIT,AR,ASW,CE,Combined TRACON& Tower with Radar,76,123,160,14,373,0,2,88,1,91,76,125,248,15,464,12,16,28,492
06/23/2005,LIT,AR,ASW,CE,Combined TRACON& Tower with Radar,85,128,131,27,371,0,1,95,1,97,85,129,226,28,468,32,10,42,510
06/24/2005,LIT,AR,ASW,CE,Combined TRACON& Tower with Radar,80,118,150,10,358,0,3,84,3,90,80,121,234,13,448,16,110,126,574
06/25/2005,LIT,AR,ASW,CE,Combined TRACON& Tower with Radar,72,86,76,3,237,0,3,44,4,51,72,89,120,7,288,2,0,2,290
06/26/2005,LIT,AR,ASW,CE,Combined TRACON& Tower with Radar,70,91,56,5,222,0,0,52,10,62,70,91,108,15,284,14,8,22,306
06/27/2005,LIT,AR,ASW,CE,Combined TRACON& Tower with Radar,67,126,130,6,329,0,2,43,2,47,67,128,173,8,376,10,92,102,478
06/28/2005,LIT,AR,ASW,CE,Combined TRACON& Tower with Radar,73,141,125,28,367,0,4,60,2,66,73,145,185,30,433,2,124,126,559
06/29/2005,LIT,AR,ASW,CE,Combined TRACON& Tower with Radar,0,0,0,0,0,0,0,0,0,0,0,0,0,0,0,12,4,16,16
06/30/2005,LIT,AR,ASW,CE,Combined TRACON& Tower with Radar,76,127,132,11,346,0,1,89,1,91,76,128,221,12,437,0,0,0,437
07/01/2005,LIT,AR,ASW,CE,Combined TRACON& Tower with Radar,75,116,98,44,333,0,2,24,0,26,75,118,122,44,359,12,90,102,461
07/02/2005,LIT,AR,ASW,CE,Combined TRACON& Tower with Radar,74,91,55,1,221,0,0,47,0,47,74,91,102,1,268,6,0,6,274
07/03/2005,LIT,AR,ASW,CE,Combined TRACON& Tower with Radar,53,79,42,2,176,0,0,37,0,37,53,79,79,2,213,12,0,12,225
07/04/2005,LIT,AR,ASW,CE,Combined TRACON& Tower with Radar,61,82,29,0,172,0,1,34,0,35,61,83,63,0,207,2,0,2,209
07/05/2005,LIT,AR,ASW,CE,Combined TRACON& Tower with Radar,73,107,94,18,292,0,2,37,0,39,73,109,131,18,331,8,46,54,385
07/06/2005,LIT,AR,ASW,CE,Combined TRACON& Tower with Radar,78,129,99,41,347,0,2,11,0,13,78,131,110,41,360,0,34,34,394
07/07/2005,LIT,AR,ASW,CE,Combined TRACON& Tower with Radar,77,123,142,12,354,0,2,96,4,102,77,125,238,16,456,6,22,28,484
07/08/2005,LIT,AR,ASW,CE,Combined TRACON& Tower with Radar,70,129,110,24,333,0,7,118,3,128,70,136,228,27,461,0,0,0,461
07/09/2005,LIT,AR,ASW,CE,Combined TRACON& Tower with Radar,69,89,64,13,235,0,2,55,0,57,69,91,119,13,292,0,0,0,292
07/10/2005,LIT,AR,ASW,CE,Combined TRACON& Tower with Radar,63,76,72,20,231,0,0,38,0,38,63,76,110,20,269,14,0,14,283
07/11/2005,LIT,AR,ASW,CE,Combined TRACON& Tower with Radar,71,112,70,25,278,0,2,22,1,25,71,114,92,26,303,0,26,26,329
07/12/2005,LIT,AR,ASW,CE,Combined TRACON& Tower with Radar,78,126,113,41,358,0,2,55,4,61,78,128,168,45,419,18,168,186,605
07/13/2005,LIT,AR,ASW,CE,Combined TRACON& Tower with Radar,76,120,125,16,337,0,0,81,0,81,76,120,206,16,418,0,0,0,418
07/14/2005,LIT,AR,ASW,CE,Combined TRACON& Tower with Radar,72,117,116,54,359,0,4,72,2,78,72,121,188,56,437,10,178,188,625
07/15/2005,LIT,AR,ASW,CE,Combined TRACON& Tower with Radar,82,114,126,64,386,0,2,26,0,28,82,116,152,64,414,0,110,110,524
07/16/2005,LIT,AR,ASW,CE,Combined TRACON& Tower with Radar,68,88,64,9,229,0,1,27,0,28,68,89,91,9,257,14,80,94,351
07/17/2005,LIT,AR,ASW,CE,Combined TRACON& Tower with Radar,56,84,92,0,232,0,3,21,0,24,56,87,113,0,256,10,0,10,266
07/18/2005,LIT,AR,ASW,CE,Combined TRACON& Tower with Radar,71,111,145,37,364,0,0,33,0,33,71,111,178,37,397,6,144,150,547
07/19/2005,LIT,AR,ASW,CE,Combined TRACON& Tower with Radar,88,132,126,14,360,0,2,74,1,77,88,134,200,15,437,18,6,24,461
07/20/2005,LIT,AR,ASW,CE,Combined TRACON& Tower with Radar,73,129,127,22,351,0,4,105,4,113,73,133,232,26,464,20,64,84,548
07/21/2005,LIT,AR,ASW,CE,Combined TRACON& Tower with Radar,78,114,154,20,366,0,3,80,5,88,78,117,234,25,454,28,62,90,544
07/22/2005,LIT,AR,ASW,CE,Combined TRACON& Tower with Radar,77,122,108,8,315,0,2,103,0,105,77,124,211,8,420,18,42,60,480
07/23/2005,LIT,AR,ASW,CE,Combined TRACON& Tower with Radar,66,83,49,2,200,0,3,64,1,68,66,86,113,3,268,24,6,30,298
07/24/2005,LIT,AR,ASW,CE,Combined TRACON& Tower with Radar,62,86,56,4,208,0,1,56,0,57,62,87,112,4,265,34,0,34,299
07/25/2005,LIT,AR,ASW,CE,Combined TRACON& Tower with Radar,66,121,112,15,314,0,8,69,0,77,66,129,181,15,391,2,10,12,403
07/26/2005,LIT,AR,ASW,CE,Combined TRACON& Tower with Radar,75,135,131,11,352,0,1,91,1,93,75,136,222,12,445,6,74,80,525
07/27/2005,LIT,AR,ASW,CE,Combined TRACON& Tower with Radar,78,136,145,23,382,0,0,40,0,40,78,136,185,23,422,4,160,164,586
07/28/2005,LIT,AR,ASW,CE,Combined TRACON& Tower with Radar,73,121,150,28,372,0,0,71,0,71,73,121,221,28,443,0,124,124,567
07/29/2005,LIT,AR,ASW,CE,Combined TRACON& Tower with Radar,74,114,114,29,331,0,3,94,3,100,74,117,208,32,431,6,266,272,703
07/30/2005,LIT,AR,ASW,CE,Combined TRACON& Tower with Radar,71,89,59,15,234,0,1,59,0,60,71,90,118,15,294,18,54,72,366
07/31/2005,LIT,AR,ASW,CE,Combined TRACON& Tower with Radar,62,90,45,0,197,0,4,75,0,79,62,94,120,0,276,0,0,0,276
08/01/2005,LIT,AR,ASW,CE,Combined TRACON& Tower with Radar,67,107,93,25,292,0,2,64,0,66,67,109,157,25,358,0,36,36,394
08/02/2005,LIT,AR,ASW,CE,Combined TRACON& Tower with Radar,78,119,112,38,347,0,3,76,2,81,78,122,188,40,428,10,361,371,799
08/03/2005,LIT,AR,ASW,CE,Combined TRACON& Tower with Radar,75,133,119,14,341,0,0,70,5,75,75,133,189,19,416,12,104,116,532
08/04/2005,LIT,AR,ASW,CE,Combined TRACON& Tower with Radar,76,129,111,27,343,0,4,82,2,88,76,133,193,29,431,8,54,62,493
08/05/2005,LIT,AR,ASW,CE,Combined TRACON& Tower with Radar,76,134,118,23,351,0,4,79,2,85,76,138,197,25,436,8,142,150,586
08/06/2005,LIT,AR,ASW,CE,Combined TRACON& Tower with Radar,67,100,87,9,263,0,0,49,1,50,67,100,136,10,313,0,118,118,431
08/07/2005,LIT,AR,ASW,CE,Combined TRACON& Tower with Radar,66,93,82,15,256,0,1,60,0,61,66,94,142,15,317,24,50,74,391
08/08/2005,LIT,AR,ASW,CE,Combined TRACON& Tower with Radar,68,96,124,26,314,0,1,58,1,60,68,97,182,27,374,6,0,6,380
08/09/2005,LIT,AR,ASW,CE,Combined TRACON& Tower with Radar,81,142,97,27,347,0,1,88,3,92,81,143,185,30,439,0,0,0,439
08/10/2005,LIT,AR,ASW,CE,Combined TRACON& Tower with Radar,77,128,151,18,374,0,0,68,5,73,77,128,219,23,447,16,166,182,629
08/11/2005,LIT,AR,ASW,CE,Combined TRACON& Tower with Radar,73,130,140,32,375,0,4,86,1,91,73,134,226,33,466,0,210,210,676
08/12/2005,LIT,AR,ASW,CE,Combined TRACON& Tower with Radar,77,131,109,21,338,0,0,91,4,95,77,131,200,25,433,10,20,30,463
08/13/2005,LIT,AR,ASW,CE,Combined TRACON& Tower with Radar,67,94,77,9,247,0,2,58,1,61,67,96,135,10,308,18,8,26,334
08/14/2005,LIT,AR,ASW,CE,Combined TRACON& Tower with Radar,63,82,75,6,226,0,0,41,2,43,63,82,116,8,269,28,6,34,303
08/15/2005,LIT,AR,ASW,CE,Combined TRACON& Tower with Radar,68,100,103,24,295,0,2,74,0,76,68,102,177,24,371,0,0,0,371
08/16/2005,LIT,AR,ASW,CE,Combined TRACON& Tower with Radar,78,120,129,21,348,0,8,64,1,73,78,128,193,22,421,2,82,84,505
08/17/2005,LIT,AR,ASW,CE,Combined TRACON& Tower with Radar,78,112,156,11,357,0,4,55,0,59,78,116,211,11,416,6,96,102,518
08/18/2005,LIT,AR,ASW,CE,Combined TRACON& Tower with Radar,80,108,150,19,357,0,2,108,0,110,80,110,258,19,467,30,32,62,529
08/19/2005,LIT,AR,ASW,CE,Combined TRACON& Tower with Radar,76,138,116,24,354,0,2,102,0,104,76,140,218,24,458,18,22,40,498
08/20/2005,LIT,AR,ASW,CE,Combined TRACON& Tower with Radar,72,89,57,37,255,0,0,64,3,67,72,89,121,40,322,17,24,41,363
08/21/2005,LIT,AR,ASW,CE,Combined TRACON& Tower with Radar,64,91,46,9,210,0,0,42,1,43,64,91,88,10,253,4,0,4,257
08/22/2005,LIT,AR,ASW,CE,Combined TRACON& Tower with Radar,71,105,78,18,272,0,1,57,3,61,71,106,135,21,333,14,8,22,355
08/23/2005,LIT,AR,ASW,CE,Combined TRACON& Tower with Radar,78,119,95,14,306,0,5,55,0,60,78,124,150,14,366,56,138,194,560
08/24/2005,LIT,AR,ASW,CE,Combined TRACON& Tower with Radar,82,120,144,31,377,0,4,62,2,68,82,124,206,33,445,4,68,72,517
08/25/2005,LIT,AR,ASW,CE,Combined TRACON& Tower with Radar,80,127,131,52,390,0,6,83,2,91,80,133,214,54,481,12,186,198,679
08/26/2005,LIT,AR,ASW,CE,Combined TRACON& Tower with Radar,79,126,110,35,350,0,0,70,4,74,79,126,180,39,424,22,132,154,578
08/27/2005,LIT,AR,ASW,CE,Combined TRACON& Tower with Radar,65,82,75,16,238,0,0,16,0,16,65,82,91,16,254,6,30,36,290
08/28/2005,LIT,AR,ASW,CE,Combined TRACON& Tower with Radar,59,90,73,25,247,0,3,35,1,39,59,93,108,26,286,0,34,34,320
08/29/2005,LIT,AR,ASW,CE,Combined TRACON& Tower with Radar,67,103,72,10,252,0,0,9,0,9,67,103,81,10,261,0,0,0,261
08/30/2005,LIT,AR,ASW,CE,Combined TRACON& Tower with Radar,81,123,103,34,341,0,0,92,0,92,81,123,195,34,433,18,152,170,603
08/31/2005,LIT,AR,ASW,CE,Combined TRACON& Tower with Radar,80,116,131,30,357,0,1,102,7,110,80,117,233,37,467,12,101,113,580
09/01/2005,LIT,AR,ASW,CE,Combined TRACON& Tower with Radar,78,137,150,27,392,0,5,104,1,110,78,142,254,28,502,6,86,92,594
09/02/2005,LIT,AR,ASW,CE,Combined TRACON& Tower with Radar,72,129,121,7,329,0,6,104,1,111,72,135,225,8,440,30,0,30,470
09/03/2005,LIT,AR,ASW,CE,Combined TRACON& Tower with Radar,64,89,81,2,236,0,8,41,3,52,64,97,122,5,288,0,0,0,288
09/04/2005,LIT,AR,ASW,CE,Combined TRACON& Tower with Radar,50,68,69,5,192,0,2,35,2,39,50,70,104,7,231,0,0,0,231
09/05/2005,LIT,AR,ASW,CE,Combined TRACON& Tower with Radar,61,85,70,4,220,0,1,56,0,57,61,86,126,4,277,6,0,6,283
09/06/2005,LIT,AR,ASW,CE,Combined TRACON& Tower with Radar,67,115,121,29,332,0,0,71,4,75,67,115,192,33,407,34,62,96,503
09/07/2005,LIT,AR,ASW,CE,Combined TRACON& Tower with Radar,76,124,124,27,351,0,2,75,4,81,76,126,199,31,432,10,42,52,484
09/08/2005,LIT,AR,ASW,CE,Combined TRACON& Tower with Radar,74,119,121,41,355,0,2,82,2,86,74,121,203,43,441,32,200,232,673
09/09/2005,LIT,AR,ASW,CE,Combined TRACON& Tower with Radar,73,132,131,25,361,0,0,92,0,92,73,132,223,25,453,22,46,68,521
09/10/2005,LIT,AR,ASW,CE,Combined TRACON& Tower with Radar,60,92,67,13,232,0,2,69,1,72,60,94,136,14,304,10,8,18,322
09/11/2005,LIT,AR,ASW,CE,Combined TRACON& Tower with Radar,55,88,93,7,243,0,0,64,2,66,55,88,157,9,309,42,0,42,351
09/12/2005,LIT,AR,ASW,CE,Combined TRACON& Tower with Radar,67,105,102,17,291,0,1,78,2,81,67,106,180,19,372,22,90,112,484
09/13/2005,LIT,AR,ASW,CE,Combined TRACON& Tower with Radar,72,114,123,18,327,0,3,95,2,100,72,117,218,20,427,18,0,18,445
09/14/2005,LIT,AR,ASW,CE,Combined TRACON& Tower with Radar,73,125,88,18,304,0,4,23,0,27,73,129,111,18,331,14,114,128,459
09/15/2005,LIT,AR,ASW,CE,Combined TRACON& Tower with Radar,72,128,109,2,311,0,2,23,0,25,72,130,132,2,336,10,6,16,352
09/16/2005,LIT,AR,ASW,CE,Combined TRACON& Tower with Radar,72,123,125,55,375,0,6,72,2,80,72,129,197,57,455,10,62,72,527
09/17/2005,LIT,AR,ASW,CE,Combined TRACON& Tower with Radar,64,81,74,0,219,0,3,54,1,58,64,84,128,1,277,52,6,58,335
09/18/2005,LIT,AR,ASW,CE,Combined TRACON& Tower with Radar,56,80,77,7,220,0,2,72,1,75,56,82,149,8,295,18,12,30,325
09/19/2005,LIT,AR,ASW,CE,Combined TRACON& Tower with Radar,67,111,109,37,324,0,1,88,2,91,67,112,197,39,415,76,126,202,617
09/20/2005,LIT,AR,ASW,CE,Combined TRACON& Tower with Radar,76,128,115,37,356,0,4,91,4,99,76,132,206,41,455,10,138,148,603
09/21/2005,LIT,AR,ASW,CE,Combined TRACON& Tower with Radar,74,132,130,31,367,0,0,63,2,65,74,132,193,33,432,38,310,348,780
09/22/2005,LIT,AR,ASW,CE,Combined TRACON& Tower with Radar,79,134,183,23,419,0,0,109,2,111,79,134,292,25,530,6,106,112,642
09/23/2005,LIT,AR,ASW,CE,Combined TRACON& Tower with Radar,73,136,109,37,355,0,6,103,3,112,73,142,212,40,467,24,40,64,531
09/24/2005,LIT,AR,ASW,CE,Combined TRACON& Tower with Radar,62,67,92,10,231,0,3,64,3,70,62,70,156,13,301,10,10,20,321
09/25/2005,LIT,AR,ASW,CE,Combined TRACON& Tower with Radar,70,74,53,2,199,0,1,1,1,3,70,75,54,3,202,2,0,2,204
09/26/2005,LIT,AR,ASW,CE,Combined TRACON& Tower with Radar,69,122,107,29,327,0,0,76,2,78,69,122,183,31,405,34,148,182,587
09/27/2005,LIT,AR,ASW,CE,Combined TRACON& Tower with Radar,79,135,176,24,414,1,4,60,1,66,80,139,236,25,480,58,40,98,578
09/28/2005,LIT,AR,ASW,CE,Combined TRACON& Tower with Radar,76,129,138,13,356,0,1,68,2,71,76,130,206,15,427,10,22,32,459
09/29/2005,LIT,AR,ASW,CE,Combined TRACON& Tower with Radar,75,121,136,6,338,0,3,77,3,83,75,124,213,9,421,42,90,132,553
09/30/2005,LIT,AR,ASW,CE,Combined TRACON& Tower with Radar,75,121,111,7,314,0,1,61,1,63,75,122,172,8,377,18,4,22,399
10/01/2005,LIT,AR,ASW,CE,Combined TRACON& Tower with Radar,62,80,57,2,201,0,5,63,0,68,62,85,120,2,269,12,0,12,281
10/02/2005,LIT,AR,ASW,CE,Combined TRACON& Tower with Radar,52,84,89,13,238,0,2,36,0,38,52,86,125,13,276,28,88,116,392
10/03/2005,LIT,AR,ASW,CE,Combined TRACON& Tower with Radar,68,112,90,16,286,0,1,86,1,88,68,113,176,17,374,42,80,122,496
10/04/2005,LIT,AR,ASW,CE,Combined TRACON& Tower with Radar,76,127,124,36,363,0,6,72,5,83,76,133,196,41,446,34,184,218,664
10/05/2005,LIT,AR,ASW,CE,Combined TRACON& Tower with Radar,74,130,141,13,358,0,0,104,9,113,74,130,245,22,471,82,118,200,671
10/06/2005,LIT,AR,ASW,CE,Combined TRACON& Tower with Radar,75,119,144,21,359,0,4,47,6,57,75,123,191,27,416,14,134,148,564
10/07/2005,LIT,AR,ASW,CE,Combined TRACON& Tower with Radar,73,113,115,42,343,0,1,91,2,94,73,114,206,44,437,24,20,44,481
10/08/2005,LIT,AR,ASW,CE,Combined TRACON& Tower with Radar,57,88,66,8,219,0,2,75,2,79,57,90,141,10,298,2,0,2,300
10/09/2005,LIT,AR,ASW,CE,Combined TRACON& Tower with Radar,56,80,70,10,216,0,3,73,7,83,56,83,143,17,299,0,0,0,299
10/10/2005,LIT,AR,ASW,CE,Combined TRACON& Tower with Radar,68,96,121,21,306,0,4,60,2,66,68,100,181,23,372,34,18,52,424
10/11/2005,LIT,AR,ASW,CE,Combined TRACON& Tower with Radar,75,102,115,22,314,0,1,65,0,66,75,103,180,22,380,24,62,86,466
10/12/2005,LIT,AR,ASW,CE,Combined TRACON& Tower with Radar,74,109,128,32,343,0,1,80,15,96,74,110,208,47,439,28,249,277,716
10/13/2005,LIT,AR,ASW,CE,Combined TRACON& Tower with Radar,78,138,121,33,370,0,1,97,1,99,78,139,218,34,469,26,245,271,740
10/14/2005,LIT,AR,ASW,CE,Combined TRACON& Tower with Radar,72,122,130,43,367,0,1,101,4,106,72,123,231,47,473,98,118,216,689
10/15/2005,LIT,AR,ASW,CE,Combined TRACON& Tower with Radar,62,74,81,2,219,0,0,89,1,90,62,74,170,3,309,24,0,24,333
10/16/2005,LIT,AR,ASW,CE,Combined TRACON& Tower with Radar,56,82,80,5,223,0,2,74,0,76,56,84,154,5,299,38,0,38,337
10/17/2005,LIT,AR,ASW,CE,Combined TRACON& Tower with Radar,68,112,73,13,266,0,1,77,5,83,68,113,150,18,349,32,138,170,519
10/18/2005,LIT,AR,ASW,CE,Combined TRACON& Tower with Radar,72,115,119,24,330,0,3,72,8,83,72,118,191,32,413,18,84,102,515
10/19/2005,LIT,AR,ASW,CE,Combined TRACON& Tower with Radar,76,107,147,20,350,0,5,92,3,100,76,112,239,23,450,42,96,138,588
10/20/2005,LIT,AR,ASW,CE,Combined TRACON& Tower with Radar,70,110,128,45,353,1,6,49,1,57,71,116,177,46,410,18,151,169,579
10/21/2005,LIT,AR,ASW,CE,Combined TRACON& Tower with Radar,76,112,133,41,362,0,1,52,0,53,76,113,185,41,415,60,320,380,795
10/22/2005,LIT,AR,ASW,CE,Combined TRACON& Tower with Radar,63,77,59,9,208,0,2,73,0,75,63,79,132,9,283,20,0,20,303
10/23/2005,LIT,AR,ASW,CE,Combined TRACON& Tower with Radar,53,82,57,10,202,0,6,28,0,34,53,88,85,10,236,0,0,0,236
10/24/2005,LIT,AR,ASW,CE,Combined TRACON& Tower with Radar,66,108,76,22,272,0,1,61,1,63,66,109,137,23,335,4,14,18,353
10/25/2005,LIT,AR,ASW,CE,Combined TRACON& Tower with Radar,70,110,102,32,314,0,1,91,5,97,70,111,193,37,411,41,120,161,572
10/26/2005,LIT,AR,ASW,CE,Combined TRACON& Tower with Radar,71,119,130,11,331,0,8,86,3,97,71,127,216,14,428,30,26,56,484
10/27/2005,LIT,AR,ASW,CE,Combined TRACON& Tower with Radar,69,108,125,33,335,0,4,72,1,77,69,112,197,34,412,10,164,174,586
10/28/2005,LIT,AR,ASW,CE,Combined TRACON& Tower with Radar,73,118,110,17,318,0,4,79,1,84,73,122,189,18,402,30,0,30,432
10/29/2005,LIT,AR,ASW,CE,Combined TRACON& Tower with Radar,58,78,74,4,214,0,1,73,0,74,58,79,147,4,288,18,0,18,306
10/30/2005,LIT,AR,ASW,CE,Combined TRACON& Tower with Radar,59,78,82,15,234,0,2,43,3,48,59,80,125,18,282,0,12,12,294
10/31/2005,LIT,AR,ASW,CE,Combined TRACON& Tower with Radar,60,89,64,18,231,0,0,31,0,31,60,89,95,18,262,16,16,32,294
11/01/2005,LIT,AR,ASW,CE,Combined TRACON& Tower with Radar,65,116,116,33,330,0,2,74,1,77,65,118,190,34,407,20,12,32,439
11/02/2005,LIT,AR,ASW,CE,Combined TRACON& Tower with Radar,66,122,157,7,352,0,2,119,6,127,66,124,276,13,479,28,60,88,567
11/03/2005,LIT,AR,ASW,CE,Combined TRACON& Tower with Radar,66,133,146,29,374,0,0,99,6,105,66,133,245,35,479,46,146,192,671
11/04/2005,LIT,AR,ASW,CE,Combined TRACON& Tower with Radar,63,136,132,53,384,0,3,62,3,68,63,139,194,56,452,20,124,144,596
11/05/2005,LIT,AR,ASW,CE,Combined TRACON& Tower with Radar,54,91,89,4,238,0,2,20,0,22,54,93,109,4,260,16,0,16,276
11/06/2005,LIT,AR,ASW,CE,Combined TRACON& Tower with Radar,50,91,89,8,238,0,2,75,1,78,50,93,164,9,316,10,2,12,328
11/07/2005,LIT,AR,ASW,CE,Combined TRACON& Tower with Radar,62,109,72,33,276,0,2,63,3,68,62,111,135,36,344,18,160,178,522
11/08/2005,LIT,AR,ASW,CE,Combined TRACON& Tower with Radar,71,131,122,30,354,0,1,72,6,79,71,132,194,36,433,12,192,204,637
11/09/2005,LIT,AR,ASW,CE,Combined TRACON& Tower with Radar,67,109,128,27,331,0,7,40,3,50,67,116,168,30,381,10,70,80,461
11/10/2005,LIT,AR,ASW,CE,Combined TRACON& Tower with Radar,75,103,131,36,345,0,2,100,8,110,75,105,231,44,455,16,168,184,639
11/11/2005,LIT,AR,ASW,CE,Combined TRACON& Tower with Radar,66,108,98,7,279,0,1,106,2,109,66,109,204,9,388,22,2,24,412
11/12/2005,LIT,AR,ASW,CE,Combined TRACON& Tower with Radar,58,85,79,4,226,0,0,21,0,21,58,85,100,4,247,12,0,12,259
11/13/2005,LIT,AR,ASW,CE,Combined TRACON& Tower with Radar,58,62,55,5,180,0,2,1,0,3,58,64,56,5,183,0,0,0,183
11/14/2005,LIT,AR,ASW,CE,Combined TRACON& Tower with Radar,61,101,73,11,246,0,3,11,0,14,61,104,84,11,260,6,0,6,266
11/15/2005,LIT,AR,ASW,CE,Combined TRACON& Tower with Radar,79,92,70,4,245,0,5,12,2,19,79,97,82,6,264,0,0,0,264
11/16/2005,LIT,AR,ASW,CE,Combined TRACON& Tower with Radar,70,112,131,20,333,0,3,84,8,95,70,115,215,28,428,20,24,44,472
11/17/2005,LIT,AR,ASW,CE,Combined TRACON& Tower with Radar,71,124,121,17,333,0,3,114,3,120,71,127,235,20,453,8,0,8,461
11/18/2005,LIT,AR,ASW,CE,Combined TRACON& Tower with Radar,71,110,122,13,316,0,5,126,6,137,71,115,248,19,453,122,32,154,607
11/19/2005,LIT,AR,ASW,CE,Combined TRACON& Tower with Radar,63,85,75,8,231,0,1,67,0,68,63,86,142,8,299,0,0,0,299
11/20/2005,LIT,AR,ASW,CE,Combined TRACON& Tower with Radar,58,71,81,3,213,0,2,33,5,40,58,73,114,8,253,0,0,0,253
11/21/2005,LIT,AR,ASW,CE,Combined TRACON& Tower with Radar,65,93,100,34,292,0,3,47,2,52,65,96,147,36,344,50,102,152,496
11/22/2005,LIT,AR,ASW,CE,Combined TRACON& Tower with Radar,69,108,97,29,303,0,0,74,7,81,69,108,171,36,384,26,262,288,672
11/23/2005,LIT,AR,ASW,CE,Combined TRACON& Tower with Radar,65,112,100,30,307,0,1,108,0,109,65,113,208,30,416,14,40,54,470
11/24/2005,LIT,AR,ASW,CE,Combined TRACON& Tower with Radar,53,66,32,3,154,0,1,30,0,31,53,67,62,3,185,0,0,0,185
11/25/2005,LIT,AR,ASW,CE,Combined TRACON& Tower with Radar,49,72,54,2,177,0,3,63,2,68,49,75,117,4,245,0,0,0,245
11/26/2005,LIT,AR,ASW,CE,Combined TRACON& Tower with Radar,56,70,58,0,184,0,2,21,0,23,56,72,79,0,207,22,0,22,229
11/27/2005,LIT,AR,ASW,CE,Combined TRACON& Tower with Radar,51,69,83,3,206,0,3,4,0,7,51,72,87,3,213,4,0,4,217
11/28/2005,LIT,AR,ASW,CE,Combined TRACON& Tower with Radar,72,109,70,52,303,0,2,29,0,31,72,111,99,52,334,16,206,222,556
11/29/2005,LIT,AR,ASW,CE,Combined TRACON& Tower with Radar,70,126,112,24,332,0,2,75,1,78,70,128,187,25,410,0,169,169,579
11/30/2005,LIT,AR,ASW,CE,Combined TRACON& Tower with Radar,67,117,116,14,314,0,1,94,3,98,67,118,210,17,412,2,112,114,526
12/01/2005,LIT,AR,ASW,CE,Combined TRACON& Tower with Radar,67,125,118,21,331,0,2,76,3,81,67,127,194,24,412,40,98,138,550
12/02/2005,LIT,AR,ASW,CE,Combined TRACON& Tower with Radar,72,103,127,55,357,0,1,59,10,70,72,104,186,65,427,0,262,262,689
12/03/2005,LIT,AR,ASW,CE,Combined TRACON& Tower with Radar,56,82,69,6,213,0,0,24,0,24,56,82,93,6,237,12,0,12,249
12/04/2005,LIT,AR,ASW,CE,Combined TRACON& Tower with Radar,60,69,73,8,210,0,0,35,0,35,60,69,108,8,245,0,0,0,245
12/05/2005,LIT,AR,ASW,CE,Combined TRACON& Tower with Radar,73,89,99,41,302,0,0,70,0,70,73,89,169,41,372,0,0,0,372
12/06/2005,LIT,AR,ASW,CE,Combined TRACON& Tower with Radar,65,98,117,20,300,0,0,95,0,95,65,98,212,20,395,24,162,186,581
12/07/2005,LIT,AR,ASW,CE,Combined TRACON& Tower with Radar,67,105,137,19,328,0,3,64,5,72,67,108,201,24,400,28,244,272,672
12/08/2005,LIT,AR,ASW,CE,Combined TRACON& Tower with Radar,71,92,94,15,272,0,0,16,0,16,71,92,110,15,288,0,15,15,303
12/09/2005,LIT,AR,ASW,CE,Combined TRACON& Tower with Radar,67,104,96,33,300,0,1,65,3,69,67,105,161,36,369,20,112,132,501
12/10/2005,LIT,AR,ASW,CE,Combined TRACON& Tower with Radar,57,70,59,6,192,0,6,66,4,76,57,76,125,10,268,30,0,30,298
12/11/2005,LIT,AR,ASW,CE,Combined TRACON& Tower with Radar,59,63,58,0,180,0,6,67,0,73,59,69,125,0,253,42,0,42,295
12/12/2005,LIT,AR,ASW,CE,Combined TRACON& Tower with Radar,71,88,106,34,299,0,1,104,1,106,71,89,210,35,405,52,116,168,573
12/13/2005,LIT,AR,ASW,CE,Combined TRACON& Tower with Radar,68,106,90,37,301,0,4,103,0,107,68,110,193,37,408,84,128,212,620
12/14/2005,LIT,AR,ASW,CE,Combined TRACON& Tower with Radar,63,101,147,18,329,0,0,27,0,27,63,101,174,18,356,20,96,116,472
12/15/2005,LIT,AR,ASW,CE,Combined TRACON& Tower with Radar,61,88,145,15,309,0,3,83,6,92,61,91,228,21,401,34,14,48,449
12/16/2005,LIT,AR,ASW,CE,Combined TRACON& Tower with Radar,59,111,93,14,277,0,3,80,3,86,59,114,173,17,363,4,52,56,419
12/17/2005,LIT,AR,ASW,CE,Combined TRACON& Tower with Radar,56,88,55,2,201,0,1,46,1,48,56,89,101,3,249,24,0,24,273
12/18/2005,LIT,AR,ASW,CE,Combined TRACON& Tower with Radar,56,75,67,2,200,0,4,45,0,49,56,79,112,2,249,0,0,0,249
12/19/2005,LIT,AR,ASW,CE,Combined TRACON& Tower with Radar,64,93,97,14,268,0,1,76,1,78,64,94,173,15,346,8,12,20,366
12/20/2005,LIT,AR,ASW,CE,Combined TRACON& Tower with Radar,65,101,125,42,333,0,0,39,0,39,65,101,164,42,372,24,240,264,636
12/21/2005,LIT,AR,ASW,CE,Combined TRACON& Tower with Radar,66,113,122,28,329,0,1,48,1,50,66,114,170,29,379,14,120,134,513
12/22/2005,LIT,AR,ASW,CE,Combined TRACON& Tower with Radar,64,108,84,15,271,0,3,77,4,84,64,111,161,19,355,4,8,12,367
12/23/2005,LIT,AR,ASW,CE,Combined TRACON& Tower with Radar,68,90,82,4,244,0,7,83,0,90,68,97,165,4,334,0,0,0,334
12/24/2005,LIT,AR,ASW,CE,Combined TRACON& Tower with Radar,56,61,20,0,137,0,3,19,0,22,56,64,39,0,159,0,0,0,159
12/25/2005,LIT,AR,ASW,CE,Combined TRACON& Tower with Radar,50,61,20,0,131,0,0,10,0,10,50,61,30,0,141,0,0,0,141
12/26/2005,LIT,AR,ASW,CE,Combined TRACON& Tower with Radar,61,82,75,2,220,0,3,63,1,67,61,85,138,3,287,0,0,0,287
12/27/2005,LIT,AR,ASW,CE,Combined TRACON& Tower with Radar,63,100,94,3,260,0,0,20,1,21,63,100,114,4,281,0,0,0,281
12/28/2005,LIT,AR,ASW,CE,Combined TRACON& Tower with Radar,72,91,90,20,273,0,5,84,0,89,72,96,174,20,362,4,138,142,504
12/29/2005,LIT,AR,ASW,CE,Combined TRACON& Tower with Radar,69,96,86,5,256,0,0,109,2,111,69,96,195,7,367,30,3,33,400
12/30/2005,LIT,AR,ASW,CE,Combined TRACON& Tower with Radar,69,91,100,1,261,0,2,43,4,49,69,93,143,5,310,42,0,42,352
12/31/2005,LIT,AR,ASW,CE,Combined TRACON& Tower with Radar,55,61,45,1,162,0,1,72,0,73,55,62,117,1,235,32,0,32,267
01/01/2006,LIT,AR,ASW,CE,Combined TRACON& Tower with Radar,49,63,31,0,143,0,8,15,1,24,49,71,46,1,167,8,0,8,175
01/02/2006,LIT,AR,ASW,CE,Combined TRACON& Tower with Radar,59,82,59,2,202,0,0,31,0,31,59,82,90,2,233,8,0,8,241
01/03/2006,LIT,AR,ASW,CE,Combined TRACON& Tower with Radar,62,92,85,21,260,0,3,80,3,86,62,95,165,24,346,18,164,182,528
01/04/2006,LIT,AR,ASW,CE,Combined TRACON& Tower with Radar,66,91,90,29,276,0,5,86,5,96,66,96,176,34,372,0,84,84,456
01/05/2006,LIT,AR,ASW,CE,Combined TRACON& Tower with Radar,70,98,98,9,275,0,2,92,5,99,70,100,190,14,374,0,48,48,422
01/06/2006,LIT,AR,ASW,CE,Combined TRACON& Tower with Radar,69,93,91,22,275,0,1,81,6,88,69,94,172,28,363,24,18,42,405
01/07/2006,LIT,AR,ASW,CE,Combined TRACON& Tower with Radar,53,70,58,3,184,0,1,81,2,84,53,71,139,5,268,28,0,28,296
01/08/2006,LIT,AR,ASW,CE,Combined TRACON& Tower with Radar,56,62,56,11,185,0,3,27,0,30,56,65,83,11,215,6,0,6,221
01/09/2006,LIT,AR,ASW,CE,Combined TRACON& Tower with Radar,64,79,104,22,269,0,2,34,1,37,64,81,138,23,306,20,38,58,364
01/10/2006,LIT,AR,ASW,CE,Combined TRACON& Tower with Radar,66,74,113,31,284,0,2,7,0,9,66,76,120,31,293,0,118,118,411
01/11/2006,LIT,AR,ASW,CE,Combined TRACON& Tower with Radar,69,87,141,26,323,0,0,96,7,103,69,87,237,33,426,94,138,232,658
01/12/2006,LIT,AR,ASW,CE,Combined TRACON& Tower with Radar,68,96,127,20,311,0,3,16,0,19,68,99,143,20,330,0,4,4,334
01/13/2006,LIT,AR,ASW,CE,Combined TRACON& Tower with Radar,70,87,110,26,293,0,2,24,0,26,70,89,134,26,319,0,28,28,347
01/14/2006,LIT,AR,ASW,CE,Combined TRACON& Tower with Radar,53,72,77,3,205,0,1,93,0,94,53,73,170,3,299,42,0,42,341
01/15/2006,LIT,AR,ASW,CE,Combined TRACON& Tower with Radar,58,69,63,0,190,0,1,53,0,54,58,70,116,0,244,20,0,20,264
01/16/2006,LIT,AR,ASW,CE,Combined TRACON& Tower with Radar,61,68,117,18,264,0,1,12,0,13,61,69,129,18,277,0,0,0,277
01/17/2006,LIT,AR,ASW,CE,Combined TRACON& Tower with Radar,72,74,104,30,280,0,0,26,0,26,72,74,130,30,306,0,72,72,378
01/18/2006,LIT,AR,ASW,CE,Combined TRACON& Tower with Radar,70,78,137,24,309,0,2,112,6,120,70,80,249,30,429,46,120,166,595
01/19/2006,LIT,AR,ASW,CE,Combined TRACON& Tower with Radar,71,87,142,18,318,0,1,45,2,48,71,88,187,20,366,20,32,52,418
01/20/2006,LIT,AR,ASW,CE,Combined TRACON& Tower with Radar,66,79,105,40,290,0,12,45,3,60,66,91,150,43,350,16,98,114,464
01/21/2006,LIT,AR,ASW,CE,Combined TRACON& Tower with Radar,51,64,49,3,167,0,1,80,0,81,51,65,129,3,248,4,0,4,252
01/22/2006,LIT,AR,ASW,CE,Combined TRACON& Tower with Radar,52,60,31,4,147,0,0,5,0,5,52,60,36,4,152,0,0,0,152
01/23/2006,LIT,AR,ASW,CE,Combined TRACON& Tower with Radar,66,92,119,23,300,0,2,58,6,66,66,94,177,29,366,32,228,260,626
01/24/2006,LIT,AR,ASW,CE,Combined TRACON& Tower with Radar,69,86,116,22,293,0,1,99,0,100,69,87,215,22,393,14,34,48,441
01/25/2006,LIT,AR,ASW,CE,Combined TRACON& Tower with Radar,68,90,128,30,316,0,0,100,3,103,68,90,228,33,419,44,82,126,545
01/26/2006,LIT,AR,ASW,CE,Combined TRACON& Tower with Radar,70,97,133,13,313,0,2,109,3,114,70,99,242,16,427,66,72,138,565
01/27/2006,LIT,AR,ASW,CE,Combined TRACON& Tower with Radar,66,82,103,18,269,0,2,75,2,79,66,84,178,20,348,72,104,176,524
01/28/2006,LIT,AR,ASW,CE,Combined TRACON& Tower with Radar,50,59,55,4,168,0,0,0,0,0,50,59,55,4,168,0,0,0,168
01/29/2006,LIT,AR,ASW,CE,Combined TRACON& Tower with Radar,59,69,61,4,193,0,0,71,1,72,59,69,132,5,265,0,0,0,265
01/30/2006,LIT,AR,ASW,CE,Combined TRACON& Tower with Radar,66,70,88,20,244,0,2,70,2,74,66,72,158,22,318,0,10,10,328
01/31/2006,LIT,AR,ASW,CE,Combined TRACON& Tower with Radar,66,85,84,22,257,0,1,106,1,108,66,86,190,23,365,2,0,2,367
02/01/2006,LIT,AR,ASW,CE,Combined TRACON& Tower with Radar,64,94,119,12,289,0,2,57,3,62,64,96,176,15,351,0,52,52,403
02/02/2006,LIT,AR,ASW,CE,Combined TRACON& Tower with Radar,71,101,133,19,324,0,4,7,1,12,71,105,140,20,336,0,0,0,336
02/03/2006,LIT,AR,ASW,CE,Combined TRACON& Tower with Radar,63,95,106,20,284,0,2,33,4,39,63,97,139,24,323,8,56,64,387
02/04/2006,LIT,AR,ASW,CE,Combined TRACON& Tower with Radar,53,70,71,6,200,0,1,54,6,61,53,71,125,12,261,6,0,6,267
02/05/2006,LIT,AR,ASW,CE,Combined TRACON& Tower with Radar,55,70,53,9,187,0,3,49,0,52,55,73,102,9,239,2,8,10,249
02/06/2006,LIT,AR,ASW,CE,Combined TRACON& Tower with Radar,60,90,109,41,300,0,3,35,0,38,60,93,144,41,338,0,236,236,574
02/07/2006,LIT,AR,ASW,CE,Combined TRACON& Tower with Radar,65,95,115,10,285,0,3,100,1,104,65,98,215,11,389,0,42,42,431
02/08/2006,LIT,AR,ASW,CE,Combined TRACON& Tower with Radar,70,85,108,24,287,0,0,79,0,79,70,85,187,24,366,0,16,16,382
02/09/2006,LIT,AR,ASW,CE,Combined TRACON& Tower with Radar,66,97,96,22,281,0,8,114,2,124,66,105,210,24,405,0,88,88,493
02/10/2006,LIT,AR,ASW,CE,Combined TRACON& Tower with Radar,61,89,100,4,254,0,1,13,0,14,61,90,113,4,268,0,0,0,268
02/11/2006,LIT,AR,ASW,CE,Combined TRACON& Tower with Radar,51,79,56,4,190,0,2,30,0,32,51,81,86,4,222,0,0,0,222
02/12/2006,LIT,AR,ASW,CE,Combined TRACON& Tower with Radar,54,64,66,6,190,0,1,76,4,81,54,65,142,10,271,0,0,0,271
02/13/2006,LIT,AR,ASW,CE,Combined TRACON& Tower with Radar,54,75,67,24,220,0,0,101,1,102,54,75,168,25,322,0,120,120,442
02/14/2006,LIT,AR,ASW,CE,Combined TRACON& Tower with Radar,63,97,102,49,311,0,1,139,3,143,63,98,241,52,454,0,24,24,478
02/15/2006,LIT,AR,ASW,CE,Combined TRACON& Tower with Radar,62,107,159,12,340,0,3,61,0,64,62,110,220,12,404,0,18,18,422
02/16/2006,LIT,AR,ASW,CE,Combined TRACON& Tower with Radar,61,103,141,5,310,0,0,15,0,15,61,103,156,5,325,0,56,56,381
02/17/2006,LIT,AR,ASW,CE,Combined TRACON& Tower with Radar,64,92,109,15,280,0,5,29,4,38,64,97,138,19,318,0,2,2,320
02/18/2006,LIT,AR,ASW,CE,Combined TRACON& Tower with Radar,47,39,12,0,98,0,6,4,0,10,47,45,16,0,108,0,0,0,108
02/19/2006,LIT,AR,ASW,CE,Combined TRACON& Tower with Radar,45,66,36,2,149,0,16,4,0,20,45,82,40,2,169,0,0,0,169
02/20/2006,LIT,AR,ASW,CE,Combined TRACON& Tower with Radar,51,82,60,7,200,0,6,0,0,6,51,88,60,7,206,0,0,0,206
02/21/2006,LIT,AR,ASW,CE,Combined TRACON& Tower with Radar,69,90,88,36,283,0,3,5,3,11,69,93,93,39,294,2,14,16,310
02/22/2006,LIT,AR,ASW,CE,Combined TRACON& Tower with Radar,64,105,103,6,278,0,2,4,0,6,64,107,107,6,284,0,0,0,284
02/23/2006,LIT,AR,ASW,CE,Combined TRACON& Tower with Radar,65,105,119,29,318,0,6,101,1,108,65,111,220,30,426,6,136,142,568
02/24/2006,LIT,AR,ASW,CE,Combined TRACON& Tower with Radar,64,99,113,27,303,0,5,97,9,111,64,104,210,36,414,0,66,66,480
02/25/2006,LIT,AR,ASW,CE,Combined TRACON& Tower with Radar,50,78,76,12,216,0,3,24,0,27,50,81,100,12,243,6,0,6,249
02/26/2006,LIT,AR,ASW,CE,Combined TRACON& Tower with Radar,53,75,74,10,212,0,3,113,6,122,53,78,187,16,334,6,2,8,342
02/27/2006,LIT,AR,ASW,CE,Combined TRACON& Tower with Radar,58,96,89,30,273,0,0,96,9,105,58,96,185,39,378,38,288,326,704
02/28/2006,LIT,AR,ASW,CE,Combined TRACON& Tower with Radar,65,95,128,8,296,0,5,107,1,113,65,100,235,9,409,28,0,28,437
03/01/2006,LIT,AR,ASW,CE,Combined TRACON& Tower with Radar,66,109,139,12,326,0,8,67,5,80,66,117,206,17,406,0,92,92,498
03/02/2006,LIT,AR,ASW,CE,Combined TRACON& Tower with Radar,66,108,124,25,323,0,2,88,3,93,66,110,212,28,416,20,118,138,554
03/03/2006,LIT,AR,ASW,CE,Combined TRACON& Tower with Radar,69,107,125,14,315,0,7,111,0,118,69,114,236,14,433,20,30,50,483
03/04/2006,LIT,AR,ASW,CE,Combined TRACON& Tower with Radar,60,75,62,15,212,0,3,119,1,123,60,78,181,16,335,10,22,32,367
03/05/2006,LIT,AR,ASW,CE,Combined TRACON& Tower with Radar,57,94,89,2,242,0,1,39,0,40,57,95,128,2,282,19,0,19,301
03/06/2006,LIT,AR,ASW,CE,Combined TRACON& Tower with Radar,61,109,99,13,282,0,0,55,1,56,61,109,154,14,338,2,84,86,424
03/07/2006,LIT,AR,ASW,CE,Combined TRACON& Tower with Radar,71,96,89,13,269,0,3,88,0,91,71,99,177,13,360,6,54,60,420
03/08/2006,LIT,AR,ASW,CE,Combined TRACON& Tower with Radar,67,98,128,19,312,0,1,31,0,32,67,99,159,19,344,36,8,44,388
03/09/2006,LIT,AR,ASW,CE,Combined TRACON& Tower with Radar,72,86,79,2,239,0,3,18,1,22,72,89,97,3,261,10,0,10,271
03/10/2006,LIT,AR,ASW,CE,Combined TRACON& Tower with Radar,73,92,135,34,334,0,8,127,1,136,73,100,262,35,470,52,154,206,676
03/11/2006,LIT,AR,ASW,CE,Combined TRACON& Tower with Radar,53,71,66,5,195,0,0,37,3,40,53,71,103,8,235,0,86,86,321
03/12/2006,LIT,AR,ASW,CE,Combined TRACON& Tower with Radar,55,73,45,9,182,0,2,19,0,21,55,75,64,9,203,0,0,0,203
03/13/2006,LIT,AR,ASW,CE,Combined TRACON& Tower with Radar,61,101,74,21,257,0,2,36,0,38,61,103,110,21,295,28,84,112,407
03/14/2006,LIT,AR,ASW,CE,Combined TRACON& Tower with Radar,73,94,109,23,299,0,2,128,1,131,73,96,237,24,430,58,46,104,534
03/15/2006,LIT,AR,ASW,CE,Combined TRACON& Tower with Radar,65,111,106,22,304,0,1,111,3,115,65,112,217,25,419,0,24,24,443
03/16/2006,LIT,AR,ASW,CE,Combined TRACON& Tower with Radar,68,90,147,31,336,0,3,89,0,92,68,93,236,31,428,0,40,40,468
03/17/2006,LIT,AR,ASW,CE,Combined TRACON& Tower with Radar,68,98,94,38,298,0,2,96,5,103,68,100,190,43,401,14,50,64,465
03/18/2006,LIT,AR,ASW,CE,Combined TRACON& Tower with Radar,58,63,69,9,199,0,8,15,0,23,58,71,84,9,222,4,0,4,226
03/19/2006,LIT,AR,ASW,CE,Combined TRACON& Tower with Radar,55,75,38,1,169,0,0,2,0,2,55,75,40,1,171,0,0,0,171
03/20/2006,LIT,AR,ASW,CE,Combined TRACON& Tower with Radar,65,87,77,2,231,0,0,0,0,0,65,87,77,2,231,0,0,0,231
03/21/2006,LIT,AR,ASW,CE,Combined TRACON& Tower with Radar,68,104,139,29,340,0,2,16,0,18,68,106,155,29,358,2,86,88,446
03/22/2006,LIT,AR,ASW,CE,Combined TRACON& Tower with Radar,67,103,127,35,332,0,4,79,0,83,67,107,206,35,415,18,82,100,515
03/23/2006,LIT,AR,ASW,CE,Combined TRACON& Tower with Radar,73,96,102,33,304,0,5,16,0,21,73,101,118,33,325,22,46,68,393
03/24/2006,LIT,AR,ASW,CE,Combined TRACON& Tower with Radar,67,97,113,34,311,0,2,122,0,124,67,99,235,34,435,20,0,20,455
03/25/2006,LIT,AR,ASW,CE,Combined TRACON& Tower with Radar,54,71,97,2,224,0,2,123,0,125,54,73,220,2,349,36,0,36,385
03/26/2006,LIT,AR,ASW,CE,Combined TRACON& Tower with Radar,56,64,62,8,190,0,3,85,0,88,56,67,147,8,278,12,0,12,290
03/27/2006,LIT,AR,ASW,CE,Combined TRACON& Tower with Radar,62,77,114,24,277,0,0,19,0,19,62,77,133,24,296,0,30,30,326
03/28/2006,LIT,AR,ASW,CE,Combined TRACON& Tower with Radar,68,86,100,13,267,0,6,67,2,75,68,92,167,15,342,10,0,10,352
03/29/2006,LIT,AR,ASW,CE,Combined TRACON& Tower with Radar,68,96,111,11,286,0,1,69,1,71,68,97,180,12,357,0,8,8,365
03/30/2006,LIT,AR,ASW,CE,Combined TRACON& Tower with Radar,68,112,123,7,310,0,4,15,0,19,68,116,138,7,329,0,32,32,361
03/31/2006,LIT,AR,ASW,CE,Combined TRACON& Tower with Radar,65,82,118,19,284,0,0,23,0,23,65,82,141,19,307,20,22,42,349
04/01/2006,LIT,AR,ASW,CE,Combined TRACON& Tower with Radar,54,63,78,13,208,0,5,14,1,20,54,68,92,14,228,34,46,80,308
04/02/2006,LIT,AR,ASW,CE,Combined TRACON& Tower with Radar,60,86,42,3,191,0,0,11,0,11,60,86,53,3,202,0,2,2,204
04/03/2006,LIT,AR,ASW,CE,Combined TRACON& Tower with Radar,64,83,86,13,246,0,8,89,5,102,64,91,175,18,348,8,0,8,356
04/04/2006,LIT,AR,ASW,CE,Combined TRACON& Tower with Radar,72,75,96,7,250,0,0,128,1,129,72,75,224,8,379,118,0,118,497
04/05/2006,LIT,AR,ASW,CE,Combined TRACON& Tower with Radar,71,88,106,9,274,0,5,35,0,40,71,93,141,9,314,14,0,14,328
04/06/2006,LIT,AR,ASW,CE,Combined TRACON& Tower with Radar,67,108,100,16,291,0,2,25,0,27,67,110,125,16,318,0,0,0,318
04/07/2006,LIT,AR,ASW,CE,Combined TRACON& Tower with Radar,69,109,104,28,310,0,0,40,0,40,69,109,144,28,350,18,138,156,506
04/08/2006,LIT,AR,ASW,CE,Combined TRACON& Tower with Radar,57,80,63,19,219,0,4,63,3,70,57,84,126,22,289,0,12,12,301
04/09/2006,LIT,AR,ASW,CE,Combined TRACON& Tower with Radar,63,67,78,28,236,0,2,80,1,83,63,69,158,29,319,0,0,0,319
04/10/2006,LIT,AR,ASW,CE,Combined TRACON& Tower with Radar,65,87,97,15,264,0,0,81,0,81,65,87,178,15,345,18,52,70,415
04/11/2006,LIT,AR,ASW,CE,Combined TRACON& Tower with Radar,76,98,106,19,299,0,2,77,8,87,76,100,183,27,386,44,88,132,518
04/12/2006,LIT,AR,ASW,CE,Combined TRACON& Tower with Radar,77,98,131,10,316,0,2,96,2,100,77,100,227,12,416,10,96,106,522
04/13/2006,LIT,AR,ASW,CE,Combined TRACON& Tower with Radar,72,88,150,14,324,0,3,80,1,84,72,91,230,15,408,30,0,30,438
04/14/2006,LIT,AR,ASW,CE,Combined TRACON& Tower with Radar,69,94,93,8,264,0,1,90,2,93,69,95,183,10,357,82,78,160,517
04/15/2006,LIT,AR,ASW,CE,Combined TRACON& Tower with Radar,52,70,58,3,183,0,3,43,2,48,52,73,101,5,231,2,0,2,233
04/16/2006,LIT,AR,ASW,CE,Combined TRACON& Tower with Radar,61,69,43,1,174,0,0,42,0,42,61,69,85,1,216,2,0,2,218
04/17/2006,LIT,AR,ASW,CE,Combined TRACON& Tower with Radar,64,90,78,10,242,0,5,81,0,86,64,95,159,10,328,6,22,28,356
04/18/2006,LIT,AR,ASW,CE,Combined TRACON& Tower with Radar,72,95,125,24,316,0,5,107,0,112,72,100,232,24,428,24,54,78,506
04/19/2006,LIT,AR,ASW,CE,Combined TRACON& Tower with Radar,72,120,130,18,340,0,8,89,2,99,72,128,219,20,439,18,42,60,499
04/20/2006,LIT,AR,ASW,CE,Combined TRACON& Tower with Radar,64,113,117,21,315,0,3,33,0,36,64,116,150,21,351,0,0,0,351
04/21/2006,LIT,AR,ASW,CE,Combined TRACON& Tower with Radar,67,97,94,14,272,0,5,13,0,18,67,102,107,14,290,0,52,52,342
04/22/2006,LIT,AR,ASW,CE,Combined TRACON& Tower with Radar,56,66,56,9,187,0,4,77,0,81,56,70,133,9,268,29,0,29,297
04/23/2006,LIT,AR,ASW,CE,Combined TRACON& Tower with Radar,60,84,61,8,213,0,0,63,1,64,60,84,124,9,277,16,0,16,293
04/24/2006,LIT,AR,ASW,CE,Combined TRACON& Tower with Radar,62,96,81,16,255,0,6,70,0,76,62,102,151,16,331,4,90,94,425
04/25/2006,LIT,AR,ASW,CE,Combined TRACON& Tower with Radar,68,96,89,15,268,0,4,27,0,31,68,100,116,15,299,6,174,180,479
04/26/2006,LIT,AR,ASW,CE,Combined TRACON& Tower with Radar,71,105,132,45,353,0,0,31,0,31,71,105,163,45,384,20,92,112,496
04/27/2006,LIT,AR,ASW,CE,Combined TRACON& Tower with Radar,71,97,141,2,311,0,0,113,0,113,71,97,254,2,424,60,20,80,504
04/28/2006,LIT,AR,ASW,CE,Combined TRACON& Tower with Radar,66,91,109,7,273,0,1,61,2,64,66,92,170,9,337,88,18,106,443
04/29/2006,LIT,AR,ASW,CE,Combined TRACON& Tower with Radar,54,65,23,1,143,0,0,0,0,0,54,65,23,1,143,0,0,0,143
04/30/2006,LIT,AR,ASW,CE,Combined TRACON& Tower with Radar,58,79,55,8,200,0,4,45,1,50,58,83,100,9,250,246,0,246,496
05/01/2006,LIT,AR,ASW,CE,Combined TRACON& Tower with Radar,68,93,84,16,261,0,2,109,0,111,68,95,193,16,372,15,74,89,461
05/02/2006,LIT,AR,ASW,CE,Combined TRACON& Tower with Radar,67,111,85,14,277,0,0,59,0,59,67,111,144,14,336,76,148,224,560
05/03/2006,LIT,AR,ASW,CE,Combined TRACON& Tower with Radar,72,103,111,5,291,0,2,62,2,66,72,105,173,7,357,38,4,42,399
05/04/2006,LIT,AR,ASW,CE,Combined TRACON& Tower with Radar,77,82,69,16,244,0,2,5,0,7,77,84,74,16,251,0,62,62,313
05/05/2006,LIT,AR,ASW,CE,Combined TRACON& Tower with Radar,68,101,95,58,322,0,0,56,3,59,68,101,151,61,381,32,100,132,513
05/06/2006,LIT,AR,ASW,CE,Combined TRACON& Tower with Radar,57,68,50,5,180,0,2,21,1,24,57,70,71,6,204,50,0,50,254
05/07/2006,LIT,AR,ASW,CE,Combined TRACON& Tower with Radar,58,81,83,5,227,0,1,26,0,27,58,82,109,5,254,0,0,0,254
05/08/2006,LIT,AR,ASW,CE,Combined TRACON& Tower with Radar,66,101,124,12,303,0,2,73,4,79,66,103,197,16,382,10,94,104,486
05/09/2006,LIT,AR,ASW,CE,Combined TRACON& Tower with Radar,69,90,108,5,272,0,0,21,0,21,69,90,129,5,293,16,22,38,331
05/10/2006,LIT,AR,ASW,CE,Combined TRACON& Tower with Radar,75,84,97,16,272,0,0,14,0,14,75,84,111,16,286,8,36,44,330
05/11/2006,LIT,AR,ASW,CE,Combined TRACON& Tower with Radar,73,105,143,23,344,0,1,65,1,67,73,106,208,24,411,44,38,82,493
05/12/2006,LIT,AR,ASW,CE,Combined TRACON& Tower with Radar,68,112,123,12,315,0,2,85,2,89,68,114,208,14,404,30,0,30,434
05/13/2006,LIT,AR,ASW,CE,Combined TRACON& Tower with Radar,55,72,75,5,207,0,3,86,0,89,55,75,161,5,296,6,0,6,302
05/14/2006,LIT,AR,ASW,CE,Combined TRACON& Tower with Radar,61,60,50,8,179,0,1,59,1,61,61,61,109,9,240,4,0,4,244
05/15/2006,LIT,AR,ASW,CE,Combined TRACON& Tower with Radar,64,90,100,39,293,0,4,73,3,80,64,94,173,42,373,20,76,96,469
05/16/2006,LIT,AR,ASW,CE,Combined TRACON& Tower with Radar,72,94,142,13,321,0,4,73,1,78,72,98,215,14,399,8,24,32,431
05/17/2006,LIT,AR,ASW,CE,Combined TRACON& Tower with Radar,71,106,128,3,308,0,1,77,5,83,71,107,205,8,391,6,0,6,397
05/18/2006,LIT,AR,ASW,CE,Combined TRACON& Tower with Radar,76,106,144,18,344,0,0,113,3,116,76,106,257,21,460,24,66,90,550
05/19/2006,LIT,AR,ASW,CE,Combined TRACON& Tower with Radar,71,94,107,6,278,0,3,91,0,94,71,97,198,6,372,84,46,130,502
05/20/2006,LIT,AR,ASW,CE,Combined TRACON& Tower with Radar,54,85,91,2,232,0,6,116,0,122,54,91,207,2,354,42,0,42,396
05/21/2006,LIT,AR,ASW,CE,Combined TRACON& Tower with Radar,62,66,81,10,219,0,1,60,1,62,62,67,141,11,281,12,2,14,295
05/22/2006,LIT,AR,ASW,CE,Combined TRACON& Tower with Radar,64,92,121,24,301,0,3,66,3,72,64,95,187,27,373,0,0,0,373
05/23/2006,LIT,AR,ASW,CE,Combined TRACON& Tower with Radar,72,93,107,20,292,0,0,78,2,80,72,93,185,22,372,0,48,48,420
05/24/2006,LIT,AR,ASW,CE,Combined TRACON& Tower with Radar,68,83,92,23,266,0,2,76,2,80,68,85,168,25,346,6,8,14,360
05/25/2006,LIT,AR,ASW,CE,Combined TRACON& Tower with Radar,71,108,106,26,311,0,5,87,6,98,71,113,193,32,409,16,162,178,587
05/26/2006,LIT,AR,ASW,CE,Combined TRACON& Tower with Radar,73,98,97,6,274,0,1,52,1,54,73,99,149,7,328,4,0,4,332
05/27/2006,LIT,AR,ASW,CE,Combined TRACON& Tower with Radar,54,66,55,0,175,0,0,54,2,56,54,66,109,2,231,72,0,72,303
05/28/2006,LIT,AR,ASW,CE,Combined TRACON& Tower with Radar,57,62,42,2,163,0,3,29,0,32,57,65,71,2,195,0,0,0,195
05/29/2006,LIT,AR,ASW,CE,Combined TRACON& Tower with Radar,56,62,71,4,193,0,0,7,1,8,56,62,78,5,201,0,0,0,201
05/30/2006,LIT,AR,ASW,CE,Combined TRACON& Tower with Radar,65,91,111,23,290,0,0,25,1,26,65,91,136,24,316,78,68,146,462
05/31/2006,LIT,AR,ASW,CE,Combined TRACON& Tower with Radar,71,103,122,23,319,0,5,39,3,47,71,108,161,26,366,10,272,282,648
06/01/2006,LIT,AR,ASW,CE,Combined TRACON& Tower with Radar,69,100,105,18,292,0,0,43,3,46,69,100,148,21,338,2,62,64,402
06/02/2006,LIT,AR,ASW,CE,Combined TRACON& Tower with Radar,71,98,128,34,331,0,1,57,7,65,71,99,185,41,396,10,34,44,440
06/03/2006,LIT,AR,ASW,CE,Combined TRACON& Tower with Radar,60,76,51,1,188,0,3,86,1,90,60,79,137,2,278,16,0,16,294
06/04/2006,LIT,AR,ASW,CE,Combined TRACON& Tower with Radar,60,69,55,7,191,0,1,71,1,73,60,70,126,8,264,14,8,22,286
06/05/2006,LIT,AR,ASW,CE,Combined TRACON& Tower with Radar,66,89,77,26,258,0,5,66,0,71,66,94,143,26,329,0,68,68,397
06/06/2006,LIT,AR,ASW,CE,Combined TRACON& Tower with Radar,66,106,98,9,279,0,3,17,1,21,66,109,115,10,300,18,30,48,348
06/07/2006,LIT,AR,ASW,CE,Combined TRACON& Tower with Radar,71,98,122,23,314,0,2,91,1,94,71,100,213,24,408,14,32,46,454
06/08/2006,LIT,AR,ASW,CE,Combined TRACON& Tower with Radar,68,95,109,10,282,0,5,109,0,114,68,100,218,10,396,60,60,120,516
06/09/2006,LIT,AR,ASW,CE,Combined TRACON& Tower with Radar,69,103,109,9,290,0,2,77,1,80,69,105,186,10,370,90,2,92,462
06/10/2006,LIT,AR,ASW,CE,Combined TRACON& Tower with Radar,53,80,72,22,227,0,1,82,3,86,53,81,154,25,313,44,26,70,383
06/11/2006,LIT,AR,ASW,CE,Combined TRACON& Tower with Radar,62,72,64,14,212,0,2,52,1,55,62,74,116,15,267,28,0,28,295
06/12/2006,LIT,AR,ASW,CE,Combined TRACON& Tower with Radar,65,89,104,24,282,0,2,37,3,42,65,91,141,27,324,0,32,32,356
06/13/2006,LIT,AR,ASW,CE,Combined TRACON& Tower with Radar,71,95,85,25,276,0,0,67,0,67,71,95,152,25,343,74,132,206,549
06/14/2006,LIT,AR,ASW,CE,Combined TRACON& Tower with Radar,72,92,97,23,284,0,3,103,2,108,72,95,200,25,392,10,32,42,434
06/15/2006,LIT,AR,ASW,CE,Combined TRACON& Tower with Radar,67,101,137,26,331,0,1,102,7,110,67,102,239,33,441,56,96,152,593
06/16/2006,LIT,AR,ASW,CE,Combined TRACON& Tower with Radar,74,113,116,36,339,0,2,68,5,75,74,115,184,41,414,20,40,60,474
06/17/2006,LIT,AR,ASW,CE,Combined TRACON& Tower with Radar,68,105,51,4,228,0,2,7,0,9,68,107,58,4,237,2,0,2,239
06/18/2006,LIT,AR,ASW,CE,Combined TRACON& Tower with Radar,62,79,66,5,212,0,1,5,0,6,62,80,71,5,218,16,0,16,234
06/19/2006,LIT,AR,ASW,CE,Combined TRACON& Tower with Radar,64,100,103,17,284,0,1,71,0,72,64,101,174,17,356,10,8,18,374
06/20/2006,LIT,AR,ASW,CE,Combined TRACON& Tower with Radar,77,102,111,29,319,0,5,66,1,72,77,107,177,30,391,12,28,40,431
06/21/2006,LIT,AR,ASW,CE,Combined TRACON& Tower with Radar,70,106,126,21,323,0,2,70,3,75,70,108,196,24,398,0,114,114,512
06/22/2006,LIT,AR,ASW,CE,Combined TRACON& Tower with Radar,69,112,119,22,322,0,1,60,2,63,69,113,179,24,385,21,34,55,440
06/23/2006,LIT,AR,ASW,CE,Combined TRACON& Tower with Radar,67,102,114,16,299,0,1,39,0,40,67,103,153,16,339,6,16,22,361
06/24/2006,LIT,AR,ASW,CE,Combined TRACON& Tower with Radar,60,80,71,12,223,0,5,21,6,32,60,85,92,18,255,38,0,38,293
06/25/2006,LIT,AR,ASW,CE,Combined TRACON& Tower with Radar,60,66,59,5,190,0,2,32,2,36,60,68,91,7,226,0,0,0,226
06/26/2006,LIT,AR,ASW,CE,Combined TRACON& Tower with Radar,64,75,118,17,274,0,2,82,3,87,64,77,200,20,361,0,4,4,365
06/27/2006,LIT,AR,ASW,CE,Combined TRACON& Tower with Radar,68,90,119,12,289,0,0,84,1,85,68,90,203,13,374,0,28,28,402
06/28/2006,LIT,AR,ASW,CE,Combined TRACON& Tower with Radar,67,106,120,20,313,0,3,85,0,88,67,109,205,20,401,6,148,154,555
06/29/2006,LIT,AR,ASW,CE,Combined TRACON& Tower with Radar,70,105,122,13,310,0,4,85,4,93,70,109,207,17,403,0,30,30,433
06/30/2006,LIT,AR,ASW,CE,Combined TRACON& Tower with Radar,66,99,116,13,294,0,5,93,3,101,66,104,209,16,395,28,32,60,455
07/01/2006,LIT,AR,ASW,CE,Combined TRACON& Tower with Radar,63,81,55,21,220,0,2,71,0,73,63,83,126,21,293,50,0,50,343
07/02/2006,LIT,AR,ASW,CE,Combined TRACON& Tower with Radar,58,66,27,0,151,0,3,55,1,59,58,69,82,1,210,0,0,0,210
07/03/2006,LIT,AR,ASW,CE,Combined TRACON& Tower with Radar,53,65,26,4,148,0,8,35,1,44,53,73,61,5,192,20,8,28,220
07/04/2006,LIT,AR,ASW,CE,Combined TRACON& Tower with Radar,50,61,36,3,150,0,0,13,0,13,50,61,49,3,163,10,0,10,173
07/05/2006,LIT,AR,ASW,CE,Combined TRACON& Tower with Radar,65,72,95,8,240,0,0,9,4,13,65,72,104,12,253,40,74,114,367
07/06/2006,LIT,AR,ASW,CE,Combined TRACON& Tower with Radar,71,89,116,39,315,0,0,71,4,75,71,89,187,43,390,82,66,148,538
07/07/2006,LIT,AR,ASW,CE,Combined TRACON& Tower with Radar,67,85,105,41,298,0,3,102,0,105,67,88,207,41,403,110,98,208,611
07/08/2006,LIT,AR,ASW,CE,Combined TRACON& Tower with Radar,59,79,69,28,235,0,6,63,0,69,59,85,132,28,304,48,0,48,352
07/09/2006,LIT,AR,ASW,CE,Combined TRACON& Tower with Radar,59,68,69,14,210,0,2,43,0,45,59,70,112,14,255,52,6,58,313
07/10/2006,LIT,AR,ASW,CE,Combined TRACON& Tower with Radar,62,75,89,8,234,0,2,27,0,29,62,77,116,8,263,0,8,8,271
07/11/2006,LIT,AR,ASW,CE,Combined TRACON& Tower with Radar,72,90,127,27,316,0,6,48,4,58,72,96,175,31,374,4,136,140,514
07/12/2006,LIT,AR,ASW,CE,Combined TRACON& Tower with Radar,65,83,114,16,278,0,4,49,0,53,65,87,163,16,331,28,26,54,385
07/13/2006,LIT,AR,ASW,CE,Combined TRACON& Tower with Radar,69,94,137,10,310,0,5,74,1,80,69,99,211,11,390,12,14,26,416
07/14/2006,LIT,AR,ASW,CE,Combined TRACON& Tower with Radar,68,86,99,22,275,0,4,75,2,81,68,90,174,24,356,0,6,6,362
07/15/2006,LIT,AR,ASW,CE,Combined TRACON& Tower with Radar,58,77,47,25,207,0,1,51,2,54,58,78,98,27,261,0,46,46,307
07/16/2006,LIT,AR,ASW,CE,Combined TRACON& Tower with Radar,59,73,63,20,215,0,3,59,1,63,59,76,122,21,278,64,14,78,356
07/17/2006,LIT,AR,ASW,CE,Combined TRACON& Tower with Radar,64,90,77,11,242,0,1,58,2,61,64,91,135,13,303,10,8,18,321
07/18/2006,LIT,AR,ASW,CE,Combined TRACON& Tower with Radar,66,98,135,24,323,0,5,84,4,93,66,103,219,28,416,16,58,74,490
07/19/2006,LIT,AR,ASW,CE,Combined TRACON& Tower with Radar,66,104,142,2,314,0,1,78,2,81,66,105,220,4,395,14,0,14,409
07/20/2006,LIT,AR,ASW,CE,Combined TRACON& Tower with Radar,69,93,134,18,314,0,2,74,3,79,69,95,208,21,393,14,58,72,465
07/21/2006,LIT,AR,ASW,CE,Combined TRACON& Tower with Radar,67,85,92,18,262,0,6,65,1,72,67,91,157,19,334,55,44,99,433
07/22/2006,LIT,AR,ASW,CE,Combined TRACON& Tower with Radar,59,78,52,3,192,0,3,60,0,63,59,81,112,3,255,82,12,94,349
07/23/2006,LIT,AR,ASW,CE,Combined TRACON& Tower with Radar,59,75,70,6,210,0,1,56,1,58,59,76,126,7,268,0,0,0,268
07/24/2006,LIT,AR,ASW,CE,Combined TRACON& Tower with Radar,63,74,101,26,264,0,7,68,6,81,63,81,169,32,345,0,68,68,413
07/25/2006,LIT,AR,ASW,CE,Combined TRACON& Tower with Radar,72,95,115,12,294,0,6,74,4,84,72,101,189,16,378,54,0,54,432
07/26/2006,LIT,AR,ASW,CE,Combined TRACON& Tower with Radar,77,103,135,39,354,0,6,54,1,61,77,109,189,40,415,56,10,66,481
07/27/2006,LIT,AR,ASW,CE,Combined TRACON& Tower with Radar,63,108,134,15,320,0,0,3,0,3,63,108,137,15,323,0,12,12,335
07/28/2006,LIT,AR,ASW,CE,Combined TRACON& Tower with Radar,69,95,122,13,299,0,1,14,5,20,69,96,136,18,319,0,24,24,343
07/29/2006,LIT,AR,ASW,CE,Combined TRACON& Tower with Radar,59,78,54,10,201,0,1,63,2,66,59,79,117,12,267,44,0,44,311
07/30/2006,LIT,AR,ASW,CE,Combined TRACON& Tower with Radar,62,78,68,9,217,0,7,51,2,60,62,85,119,11,277,0,0,0,277
07/31/2006,LIT,AR,ASW,CE,Combined TRACON& Tower with Radar,64,98,68,7,237,0,3,66,1,70,64,101,134,8,307,6,48,54,361
08/01/2006,LIT,AR,ASW,CE,Combined TRACON& Tower with Radar,68,102,86,22,278,0,9,77,3,89,68,111,163,25,367,8,88,96,463
08/02/2006,LIT,AR,ASW,CE,Combined TRACON& Tower with Radar,66,98,93,9,266,0,8,83,2,93,66,106,176,11,359,22,46,68,427
08/03/2006,LIT,AR,ASW,CE,Combined TRACON& Tower with Radar,66,117,127,6,316,0,4,89,2,95,66,121,216,8,411,0,0,0,411
08/04/2006,LIT,AR,ASW,CE,Combined TRACON& Tower with Radar,66,93,92,20,271,0,1,43,2,46,66,94,135,22,317,4,92,96,413
08/05/2006,LIT,AR,ASW,CE,Combined TRACON& Tower with Radar,57,78,64,10,209,0,4,76,2,82,57,82,140,12,291,0,0,0,291
08/06/2006,LIT,AR,ASW,CE,Combined TRACON& Tower with Radar,58,74,49,18,199,0,3,41,1,45,58,77,90,19,244,0,0,0,244
08/07/2006,LIT,AR,ASW,CE,Combined TRACON& Tower with Radar,75,88,79,20,262,0,1,66,2,69,75,89,145,22,331,14,66,80,411
08/08/2006,LIT,AR,ASW,CE,Combined TRACON& Tower with Radar,69,114,98,16,297,0,5,68,0,73,69,119,166,16,370,138,0,138,508
08/09/2006,LIT,AR,ASW,CE,Combined TRACON& Tower with Radar,68,90,99,24,281,0,5,70,1,76,68,95,169,25,357,20,98,118,475
08/10/2006,LIT,AR,ASW,CE,Combined TRACON& Tower with Radar,68,95,110,11,284,0,6,79,2,87,68,101,189,13,371,0,18,18,389
08/11/2006,LIT,AR,ASW,CE,Combined TRACON& Tower with Radar,66,95,106,39,306,0,8,27,1,36,66,103,133,40,342,4,110,114,456
08/12/2006,LIT,AR,ASW,CE,Combined TRACON& Tower with Radar,54,72,84,13,223,0,2,32,0,34,54,74,116,13,257,24,0,24,281
08/13/2006,LIT,AR,ASW,CE,Combined TRACON& Tower with Radar,59,74,51,13,197,0,2,29,2,33,59,76,80,15,230,12,4,16,246
08/14/2006,LIT,AR,ASW,CE,Combined TRACON& Tower with Radar,62,100,111,12,285,0,1,62,1,64,62,101,173,13,349,18,0,18,367
08/15/2006,LIT,AR,ASW,CE,Combined TRACON& Tower with Radar,71,92,125,20,308,0,1,45,2,48,71,93,170,22,356,90,102,192,548
08/16/2006,LIT,AR,ASW,CE,Combined TRACON& Tower with Radar,68,105,132,15,320,0,2,83,2,87,68,107,215,17,407,64,76,140,547
08/17/2006,LIT,AR,ASW,CE,Combined TRACON& Tower with Radar,68,101,113,22,304,0,5,85,4,94,68,106,198,26,398,78,146,224,622
08/18/2006,LIT,AR,ASW,CE,Combined TRACON& Tower with Radar,66,101,100,28,295,0,5,77,3,85,66,106,177,31,380,20,70,90,470
08/19/2006,LIT,AR,ASW,CE,Combined TRACON& Tower with Radar,57,73,46,30,206,0,3,55,4,62,57,76,101,34,268,16,0,16,284
08/20/2006,LIT,AR,ASW,CE,Combined TRACON& Tower with Radar,60,77,40,8,185,0,0,46,0,46,60,77,86,8,231,0,0,0,231
08/21/2006,LIT,AR,ASW,CE,Combined TRACON& Tower with Radar,64,92,58,27,241,0,2,33,0,35,64,94,91,27,276,0,90,90,366
08/22/2006,LIT,AR,ASW,CE,Combined TRACON& Tower with Radar,74,90,134,45,343,0,6,76,3,85,74,96,210,48,428,104,170,274,702
08/23/2006,LIT,AR,ASW,CE,Combined TRACON& Tower with Radar,71,84,151,6,312,0,4,23,0,27,71,88,174,6,339,36,14,50,389
08/24/2006,LIT,AR,ASW,CE,Combined TRACON& Tower with Radar,70,88,135,27,320,0,6,68,0,74,70,94,203,27,394,44,166,210,604
08/25/2006,LIT,AR,ASW,CE,Combined TRACON& Tower with Radar,73,92,112,32,309,0,2,78,2,82,73,94,190,34,391,0,64,64,455
08/26/2006,LIT,AR,ASW,CE,Combined TRACON& Tower with Radar,61,72,42,3,178,0,1,43,0,44,61,73,85,3,222,16,0,16,238
08/27/2006,LIT,AR,ASW,CE,Combined TRACON& Tower with Radar,64,62,38,6,170,0,3,24,1,28,64,65,62,7,198,0,2,2,200
08/28/2006,LIT,AR,ASW,CE,Combined TRACON& Tower with Radar,63,89,88,5,245,0,5,12,1,18,63,94,100,6,263,0,0,0,263
08/29/2006,LIT,AR,ASW,CE,Combined TRACON& Tower with Radar,70,90,150,23,333,0,2,43,3,48,70,92,193,26,381,60,80,140,521
08/30/2006,LIT,AR,ASW,CE,Combined TRACON& Tower with Radar,73,94,138,7,312,0,5,44,1,50,73,99,182,8,362,58,174,232,594
08/31/2006,LIT,AR,ASW,CE,Combined TRACON& Tower with Radar,65,110,105,30,310,0,9,86,2,97,65,119,191,32,407,60,94,154,561
09/01/2006,LIT,AR,ASW,CE,Combined TRACON& Tower with Radar,67,105,95,14,281,0,1,73,6,80,67,106,168,20,361,8,0,8,369
09/02/2006,LIT,AR,ASW,CE,Combined TRACON& Tower with Radar,56,71,76,0,203,0,0,32,0,32,56,71,108,0,235,12,0,12,247
09/03/2006,LIT,AR,ASW,CE,Combined TRACON& Tower with Radar,53,54,72,3,182,0,1,44,0,45,53,55,116,3,227,4,0,4,231
09/04/2006,LIT,AR,ASW,CE,Combined TRACON& Tower with Radar,63,64,52,8,187,0,0,53,2,55,63,64,105,10,242,0,0,0,242
09/05/2006,LIT,AR,ASW,CE,Combined TRACON& Tower with Radar,66,98,75,13,252,0,2,62,0,64,66,100,137,13,316,88,62,150,466
09/06/2006,LIT,AR,ASW,CE,Combined TRACON& Tower with Radar,72,101,108,33,314,0,3,99,3,105,72,104,207,36,419,76,92,168,587
09/07/2006,LIT,AR,ASW,CE,Combined TRACON& Tower with Radar,72,100,150,23,345,0,4,103,1,108,72,104,253,24,453,30,36,66,519
09/08/2006,LIT,AR,ASW,CE,Combined TRACON& Tower with Radar,75,112,116,11,314,0,1,88,2,91,75,113,204,13,405,30,0,30,435
09/09/2006,LIT,AR,ASW,CE,Combined TRACON& Tower with Radar,61,91,79,16,247,0,2,87,2,91,61,93,166,18,338,4,0,4,342
09/10/2006,LIT,AR,ASW,CE,Combined TRACON& Tower with Radar,65,65,76,8,214,0,1,45,1,47,65,66,121,9,261,0,0,0,261
09/11/2006,LIT,AR,ASW,CE,Combined TRACON& Tower with Radar,58,81,97,6,242,0,2,32,0,34,58,83,129,6,276,0,0,0,276
09/12/2006,LIT,AR,ASW,CE,Combined TRACON& Tower with Radar,70,99,135,18,322,0,2,44,2,48,70,101,179,20,370,8,84,92,462
09/13/2006,LIT,AR,ASW,CE,Combined TRACON& Tower with Radar,71,95,119,26,311,0,2,66,0,68,71,97,185,26,379,46,20,66,445
09/14/2006,LIT,AR,ASW,CE,Combined TRACON& Tower with Radar,70,93,167,15,345,0,2,84,3,89,70,95,251,18,434,4,24,28,462
09/15/2006,LIT,AR,ASW,CE,Combined TRACON& Tower with Radar,70,96,97,50,313,0,3,79,3,85,70,99,176,53,398,0,94,94,492
09/16/2006,LIT,AR,ASW,CE,Combined TRACON& Tower with Radar,61,95,60,12,228,0,7,72,4,83,61,102,132,16,311,0,0,0,311
09/17/2006,LIT,AR,ASW,CE,Combined TRACON& Tower with Radar,60,76,68,12,216,0,0,10,5,15,60,76,78,17,231,12,0,12,243
09/18/2006,LIT,AR,ASW,CE,Combined TRACON& Tower with Radar,65,112,97,14,288,0,2,12,2,16,65,114,109,16,304,0,0,0,304
09/19/2006,LIT,AR,ASW,CE,Combined TRACON& Tower with Radar,73,97,122,7,299,0,15,87,0,102,73,112,209,7,401,116,80,196,597
09/20/2006,LIT,AR,ASW,CE,Combined TRACON& Tower with Radar,72,107,154,9,342,0,2,77,3,82,72,109,231,12,424,40,20,60,484
09/21/2006,LIT,AR,ASW,CE,Combined TRACON& Tower with Radar,71,93,151,18,333,0,3,75,1,79,71,96,226,19,412,48,6,54,466
09/22/2006,LIT,AR,ASW,CE,Combined TRACON& Tower with Radar,73,90,79,13,255,0,4,9,1,14,73,94,88,14,269,0,50,50,319
09/23/2006,LIT,AR,ASW,CE,Combined TRACON& Tower with Radar,61,73,42,4,180,0,4,9,2,15,61,77,51,6,195,18,0,18,213
09/24/2006,LIT,AR,ASW,CE,Combined TRACON& Tower with Radar,61,63,61,6,191,0,3,39,1,43,61,66,100,7,234,12,0,12,246
09/25/2006,LIT,AR,ASW,CE,Combined TRACON& Tower with Radar,70,91,68,19,248,0,5,85,2,92,70,96,153,21,340,14,74,88,428
09/26/2006,LIT,AR,ASW,CE,Combined TRACON& Tower with Radar,66,93,102,16,277,0,7,102,3,112,66,100,204,19,389,28,38,66,455
09/27/2006,LIT,AR,ASW,CE,Combined TRACON& Tower with Radar,72,104,144,14,334,0,4,69,1,74,72,108,213,15,408,38,24,62,470
09/28/2006,LIT,AR,ASW,CE,Combined TRACON& Tower with Radar,68,106,135,5,314,0,1,52,0,53,68,107,187,5,367,78,90,168,535
09/29/2006,LIT,AR,ASW,CE,Combined TRACON& Tower with Radar,73,96,107,3,279,0,6,99,7,112,73,102,206,10,391,42,0,42,433
09/30/2006,LIT,AR,ASW,CE,Combined TRACON& Tower with Radar,56,72,65,1,194,0,2,88,3,93,56,74,153,4,287,6,0,6,293
10/01/2006,LIT,AR,ASW,CE,Combined TRACON& Tower with Radar,58,71,57,2,188,0,3,48,3,54,58,74,105,5,242,12,0,12,254
10/02/2006,LIT,AR,ASW,CE,Combined TRACON& Tower with Radar,67,91,95,10,263,0,5,48,3,56,67,96,143,13,319,0,28,28,347
10/03/2006,LIT,AR,ASW,CE,Combined TRACON& Tower with Radar,68,88,110,25,291,0,3,91,1,95,68,91,201,26,386,98,140,238,624
10/04/2006,LIT,AR,ASW,CE,Combined TRACON& Tower with Radar,70,91,122,19,302,0,5,68,3,76,70,96,190,22,378,26,174,200,578
10/05/2006,LIT,AR,ASW,CE,Combined TRACON& Tower with Radar,71,85,115,27,298,0,3,78,2,83,71,88,193,29,381,42,38,80,461
10/06/2006,LIT,AR,ASW,CE,Combined TRACON& Tower with Radar,75,91,126,23,315,0,3,93,0,96,75,94,219,23,411,20,8,28,439
10/07/2006,LIT,AR,ASW,CE,Combined TRACON& Tower with Radar,56,70,53,11,190,0,2,63,0,65,56,72,116,11,255,8,0,8,263
10/08/2006,LIT,AR,ASW,CE,Combined TRACON& Tower with Radar,66,67,83,7,223,0,4,68,1,73,66,71,151,8,296,62,0,62,358
10/09/2006,LIT,AR,ASW,CE,Combined TRACON& Tower with Radar,69,88,86,27,270,0,2,57,0,59,69,90,143,27,329,48,0,48,377
10/10/2006,LIT,AR,ASW,CE,Combined TRACON& Tower with Radar,72,82,126,23,303,0,1,50,2,53,72,83,176,25,356,46,78,124,480
10/11/2006,LIT,AR,ASW,CE,Combined TRACON& Tower with Radar,71,123,127,28,349,0,7,69,2,78,71,130,196,30,427,54,138,192,619
10/12/2006,LIT,AR,ASW,CE,Combined TRACON& Tower with Radar,73,107,165,4,349,0,4,53,1,58,73,111,218,5,407,14,0,14,421
10/13/2006,LIT,AR,ASW,CE,Combined TRACON& Tower with Radar,78,91,118,35,322,0,2,80,5,87,78,93,198,40,409,24,156,180,589
10/14/2006,LIT,AR,ASW,CE,Combined TRACON& Tower with Radar,57,84,89,13,243,0,2,139,4,145,57,86,228,17,388,24,0,24,412
10/15/2006,LIT,AR,ASW,CE,Combined TRACON& Tower with Radar,64,73,124,11,272,0,0,49,1,50,64,73,173,12,322,10,8,18,340
10/16/2006,LIT,AR,ASW,CE,Combined TRACON& Tower with Radar,74,78,61,4,217,0,0,0,0,0,74,78,61,4,217,0,0,0,217
10/17/2006,LIT,AR,ASW,CE,Combined TRACON& Tower with Radar,76,101,137,32,346,0,3,34,4,41,76,104,171,36,387,84,71,155,542
10/18/2006,LIT,AR,ASW,CE,Combined TRACON& Tower with Radar,77,100,138,20,335,0,11,71,3,85,77,111,209,23,420,52,164,216,636
10/19/2006,LIT,AR,ASW,CE,Combined TRACON& Tower with Radar,73,109,163,6,351,0,1,1,0,2,73,110,164,6,353,0,0,0,353
10/20/2006,LIT,AR,ASW,CE,Combined TRACON& Tower with Radar,72,106,122,17,317,0,7,78,1,86,72,113,200,18,403,0,0,0,403
10/21/2006,LIT,AR,ASW,CE,Combined TRACON& Tower with Radar,56,74,89,19,238,0,1,57,3,61,56,75,146,22,299,20,0,20,319
10/22/2006,LIT,AR,ASW,CE,Combined TRACON& Tower with Radar,61,69,74,14,218,0,7,50,5,62,61,76,124,19,280,8,0,8,288
10/23/2006,LIT,AR,ASW,CE,Combined TRACON& Tower with Radar,65,99,111,16,291,0,3,96,2,101,65,102,207,18,392,0,40,40,432
10/24/2006,LIT,AR,ASW,CE,Combined TRACON& Tower with Radar,70,93,111,7,281,0,10,70,4,84,70,103,181,11,365,28,0,28,393
10/25/2006,LIT,AR,ASW,CE,Combined TRACON& Tower with Radar,69,101,123,14,307,0,1,4,0,5,69,102,127,14,312,0,12,12,324
10/26/2006,LIT,AR,ASW,CE,Combined TRACON& Tower with Radar,69,90,111,7,277,0,0,0,0,0,69,90,111,7,277,0,0,0,277
10/27/2006,LIT,AR,ASW,CE,Combined TRACON& Tower with Radar,69,121,125,19,334,0,0,21,2,23,69,121,146,21,357,0,0,0,357
10/28/2006,LIT,AR,ASW,CE,Combined TRACON& Tower with Radar,60,78,69,18,225,0,7,60,3,70,60,85,129,21,295,23,20,43,338
10/29/2006,LIT,AR,ASW,CE,Combined TRACON& Tower with Radar,59,72,86,1,218,0,0,72,2,74,59,72,158,3,292,0,0,0,292
10/30/2006,LIT,AR,ASW,CE,Combined TRACON& Tower with Radar,69,104,93,8,274,0,1,45,2,48,69,105,138,10,322,0,6,6,328
10/31/2006,LIT,AR,ASW,CE,Combined TRACON& Tower with Radar,72,92,136,4,304,0,3,9,0,12,72,95,145,4,316,8,6,14,330
11/01/2006,LIT,AR,ASW,CE,Combined TRACON& Tower with Radar,75,105,140,17,337,0,0,13,0,13,75,105,153,17,350,0,0,0,350
11/02/2006,LIT,AR,ASW,CE,Combined TRACON& Tower with Radar,72,103,138,14,327,0,4,113,1,118,72,107,251,15,445,0,0,0,445
11/03/2006,LIT,AR,ASW,CE,Combined TRACON& Tower with Radar,71,99,113,14,297,0,1,77,4,82,71,100,190,18,379,28,0,28,407
11/04/2006,LIT,AR,ASW,CE,Combined TRACON& Tower with Radar,60,78,47,3,188,0,1,54,6,61,60,79,101,9,249,28,8,36,285
11/05/2006,LIT,AR,ASW,CE,Combined TRACON& Tower with Radar,60,70,84,4,218,0,1,37,5,43,60,71,121,9,261,6,0,6,267
11/06/2006,LIT,AR,ASW,CE,Combined TRACON& Tower with Radar,67,92,99,41,299,0,0,2,0,2,67,92,101,41,301,0,88,88,389
11/07/2006,LIT,AR,ASW,CE,Combined TRACON& Tower with Radar,71,112,126,17,326,0,5,36,0,41,71,117,162,17,367,72,12,84,451
11/08/2006,LIT,AR,ASW,CE,Combined TRACON& Tower with Radar,75,96,129,25,325,0,1,83,4,88,75,97,212,29,413,42,10,52,465
11/09/2006,LIT,AR,ASW,CE,Combined TRACON& Tower with Radar,73,94,142,15,324,0,6,89,2,97,73,100,231,17,421,0,10,10,431
11/10/2006,LIT,AR,ASW,CE,Combined TRACON& Tower with Radar,70,104,121,6,301,0,5,19,1,25,70,109,140,7,326,36,0,36,362
11/11/2006,LIT,AR,ASW,CE,Combined TRACON& Tower with Radar,55,87,79,0,221,0,2,33,0,35,55,89,112,0,256,0,0,0,256
11/12/2006,LIT,AR,ASW,CE,Combined TRACON& Tower with Radar,62,74,96,4,236,0,2,46,1,49,62,76,142,5,285,0,48,48,333
11/13/2006,LIT,AR,ASW,CE,Combined TRACON& Tower with Radar,65,116,109,19,309,0,5,48,0,53,65,121,157,19,362,0,12,12,374
11/14/2006,LIT,AR,ASW,CE,Combined TRACON& Tower with Radar,70,90,117,5,282,0,2,7,0,9,70,92,124,5,291,0,0,0,291
11/15/2006,LIT,AR,ASW,CE,Combined TRACON& Tower with Radar,68,88,79,5,240,0,0,1,0,1,68,88,80,5,241,0,0,0,241
11/16/2006,LIT,AR,ASW,CE,Combined TRACON& Tower with Radar,73,96,124,13,306,0,4,50,7,61,73,100,174,20,367,67,78,145,512
11/17/2006,LIT,AR,ASW,CE,Combined TRACON& Tower with Radar,75,118,147,8,348,0,2,82,1,85,75,120,229,9,433,24,20,44,477
11/18/2006,LIT,AR,ASW,CE,Combined TRACON& Tower with Radar,66,71,71,10,218,0,0,40,0,40,66,71,111,10,258,56,48,104,362
11/19/2006,LIT,AR,ASW,CE,Combined TRACON& Tower with Radar,60,83,57,8,208,0,3,53,0,56,60,86,110,8,264,0,0,0,264
11/20/2006,LIT,AR,ASW,CE,Combined TRACON& Tower with Radar,63,90,71,39,263,0,8,77,2,87,63,98,148,41,350,16,102,118,468
11/21/2006,LIT,AR,ASW,CE,Combined TRACON& Tower with Radar,71,114,107,8,300,0,6,91,1,98,71,120,198,9,398,40,0,40,438
11/22/2006,LIT,AR,ASW,CE,Combined TRACON& Tower with Radar,73,107,83,30,293,0,12,68,2,82,73,119,151,32,375,0,112,112,487
11/23/2006,LIT,AR,ASW,CE,Combined TRACON& Tower with Radar,55,52,39,0,146,0,2,31,0,33,55,54,70,0,179,14,0,14,193
11/24/2006,LIT,AR,ASW,CE,Combined TRACON& Tower with Radar,58,49,122,3,232,0,5,47,1,53,58,54,169,4,285,0,0,0,285
11/25/2006,LIT,AR,ASW,CE,Combined TRACON& Tower with Radar,67,76,56,1,200,0,1,66,2,69,67,77,122,3,269,0,0,0,269
11/26/2006,LIT,AR,ASW,CE,Combined TRACON& Tower with Radar,67,78,92,2,239,0,0,26,3,29,67,78,118,5,268,0,0,0,268
11/27/2006,LIT,AR,ASW,CE,Combined TRACON& Tower with Radar,68,99,85,4,256,0,7,46,0,53,68,106,131,4,309,18,0,18,327
11/28/2006,LIT,AR,ASW,CE,Combined TRACON& Tower with Radar,78,103,115,9,305,0,0,1,0,1,78,103,116,9,306,2,0,2,308
11/29/2006,LIT,AR,ASW,CE,Combined TRACON& Tower with Radar,75,94,115,6,290,0,1,15,0,16,75,95,130,6,306,0,0,0,306
11/30/2006,LIT,AR,ASW,CE,Combined TRACON& Tower with Radar,64,89,60,0,213,0,0,1,0,1,64,89,61,0,214,0,0,0,214
12/01/2006,LIT,AR,ASW,CE,Combined TRACON& Tower with Radar,72,88,116,18,294,0,3,38,1,42,72,91,154,19,336,54,18,72,408
12/02/2006,LIT,AR,ASW,CE,Combined TRACON& Tower with Radar,61,65,74,2,202,0,1,58,6,65,61,66,132,8,267,50,2,52,319
12/03/2006,LIT,AR,ASW,CE,Combined TRACON& Tower with Radar,62,76,84,13,235,0,2,45,0,47,62,78,129,13,282,0,0,0,282
12/04/2006,LIT,AR,ASW,CE,Combined TRACON& Tower with Radar,68,94,106,11,279,0,4,65,0,69,68,98,171,11,348,0,14,14,362
12/05/2006,LIT,AR,ASW,CE,Combined TRACON& Tower with Radar,75,105,142,15,337,0,6,82,2,90,75,111,224,17,427,62,0,62,489
12/06/2006,LIT,AR,ASW,CE,Combined TRACON& Tower with Radar,76,108,103,18,305,0,4,78,5,87,76,112,181,23,392,44,0,44,436
12/07/2006,LIT,AR,ASW,CE,Combined TRACON& Tower with Radar,72,112,123,17,324,0,3,44,1,48,72,115,167,18,372,4,0,4,376
12/08/2006,LIT,AR,ASW,CE,Combined TRACON& Tower with Radar,43,66,74,10,193,0,2,46,2,50,43,68,120,12,243,76,32,108,351
12/09/2006,LIT,AR,ASW,CE,Combined TRACON& Tower with Radar,58,79,66,19,222,0,2,65,1,68,58,81,131,20,290,0,0,0,290
12/10/2006,LIT,AR,ASW,CE,Combined TRACON& Tower with Radar,62,81,74,15,232,0,1,31,0,32,62,82,105,15,264,34,0,34,298
12/11/2006,LIT,AR,ASW,CE,Combined TRACON& Tower with Radar,65,107,108,19,299,0,1,1,0,2,65,108,109,19,301,0,0,0,301
12/12/2006,LIT,AR,ASW,CE,Combined TRACON& Tower with Radar,76,109,105,7,297,0,2,37,1,40,76,111,142,8,337,26,16,42,379
12/13/2006,LIT,AR,ASW,CE,Combined TRACON& Tower with Radar,77,110,135,26,348,0,12,89,5,106,77,122,224,31,454,40,128,168,622
12/14/2006,LIT,AR,ASW,CE,Combined TRACON& Tower with Radar,73,97,139,14,323,0,5,77,1,83,73,102,216,15,406,0,72,72,478
12/15/2006,LIT,AR,ASW,CE,Combined TRACON& Tower with Radar,78,104,134,14,330,0,7,56,2,65,78,111,190,16,395,12,146,158,553
12/16/2006,LIT,AR,ASW,CE,Combined TRACON& Tower with Radar,65,83,82,36,266,0,3,18,0,21,65,86,100,36,287,26,12,38,325
12/17/2006,LIT,AR,ASW,CE,Combined TRACON& Tower with Radar,59,86,48,7,200,0,0,25,0,25,59,86,73,7,225,4,0,4,229
12/18/2006,LIT,AR,ASW,CE,Combined TRACON& Tower with Radar,69,109,112,7,297,0,0,2,0,2,69,109,114,7,299,0,0,0,299
12/19/2006,LIT,AR,ASW,CE,Combined TRACON& Tower with Radar,78,116,119,13,326,0,0,1,0,1,78,116,120,13,327,0,6,6,333
12/20/2006,LIT,AR,ASW,CE,Combined TRACON& Tower with Radar,75,113,126,14,328,0,4,10,0,14,75,117,136,14,342,0,0,0,342
12/21/2006,LIT,AR,ASW,CE,Combined TRACON& Tower with Radar,69,113,129,21,332,0,4,34,0,38,69,117,163,21,370,20,78,98,468
12/22/2006,LIT,AR,ASW,CE,Combined TRACON& Tower with Radar,75,102,112,6,295,0,4,98,1,103,75,106,210,7,398,64,0,64,462
12/23/2006,LIT,AR,ASW,CE,Combined TRACON& Tower with Radar,62,67,63,1,193,0,1,71,0,72,62,68,134,1,265,82,0,82,347
12/24/2006,LIT,AR,ASW,CE,Combined TRACON& Tower with Radar,49,61,28,0,138,0,2,24,0,26,49,63,52,0,164,0,0,0,164
12/25/2006,LIT,AR,ASW,CE,Combined TRACON& Tower with Radar,52,55,12,0,119,0,2,2,1,5,52,57,14,1,124,0,0,0,124
12/26/2006,LIT,AR,ASW,CE,Combined TRACON& Tower with Radar,75,82,85,0,242,0,3,62,0,65,75,85,147,0,307,46,0,46,353
12/27/2006,LIT,AR,ASW,CE,Combined TRACON& Tower with Radar,71,86,89,2,248,0,2,69,0,71,71,88,158,2,319,42,0,42,361
12/28/2006,LIT,AR,ASW,CE,Combined TRACON& Tower with Radar,72,90,73,0,235,0,2,45,1,48,72,92,118,1,283,52,0,52,335
12/29/2006,LIT,AR,ASW,CE,Combined TRACON& Tower with Radar,81,81,66,0,228,0,4,12,0,16,81,85,78,0,244,0,0,0,244
12/30/2006,LIT,AR,ASW,CE,Combined TRACON& Tower with Radar,76,73,30,0,179,0,1,1,0,2,76,74,31,0,181,0,0,0,181
12/31/2006,LIT,AR,ASW,CE,Combined TRACON& Tower with Radar,53,58,45,0,156,0,1,14,0,15,53,59,59,0,171,0,0,0,171
01/01/2007,LIT,AR,ASW,CE,Combined TRACON& Tower with Radar,63,61,33,0,157,0,1,12,0,13,63,62,45,0,170,0,0,0,170
01/02/2007,LIT,AR,ASW,CE,Combined TRACON& Tower with Radar,77,76,61,5,219,0,4,67,0,71,77,80,128,5,290,46,0,46,336
01/03/2007,LIT,AR,ASW,CE,Combined TRACON& Tower with Radar,75,91,67,12,245,0,3,61,1,65,75,94,128,13,310,0,26,26,336
01/04/2007,LIT,AR,ASW,CE,Combined TRACON& Tower with Radar,72,89,65,4,230,0,1,0,0,1,72,90,65,4,231,6,0,6,237
01/05/2007,LIT,AR,ASW,CE,Combined TRACON& Tower with Radar,70,90,110,22,292,0,0,7,2,9,70,90,117,24,301,0,42,42,343
01/06/2007,LIT,AR,ASW,CE,Combined TRACON& Tower with Radar,61,63,77,26,227,0,2,39,4,45,61,65,116,30,272,44,16,60,332
01/07/2007,LIT,AR,ASW,CE,Combined TRACON& Tower with Radar,56,60,67,26,209,0,2,8,2,12,56,62,75,28,221,0,0,0,221
01/08/2007,LIT,AR,ASW,CE,Combined TRACON& Tower with Radar,72,83,88,14,257,0,2,65,0,67,72,85,153,14,324,0,0,0,324
01/09/2007,LIT,AR,ASW,CE,Combined TRACON& Tower with Radar,74,68,78,18,238,0,3,84,11,98,74,71,162,29,336,2,110,112,448
01/10/2007,LIT,AR,ASW,CE,Combined TRACON& Tower with Radar,75,86,117,23,301,0,4,93,4,101,75,90,210,27,402,34,172,206,608
01/11/2007,LIT,AR,ASW,CE,Combined TRACON& Tower with Radar,76,79,131,16,302,0,7,21,0,28,76,86,152,16,330,30,100,130,460
01/12/2007,LIT,AR,ASW,CE,Combined TRACON& Tower with Radar,86,101,87,3,277,0,2,1,0,3,86,103,88,3,280,0,0,0,280
01/13/2007,LIT,AR,ASW,CE,Combined TRACON& Tower with Radar,57,50,19,0,126,0,0,1,0,1,57,50,20,0,127,0,0,0,127
01/14/2007,LIT,AR,ASW,CE,Combined TRACON& Tower with Radar,51,46,25,0,122,0,0,0,0,0,51,46,25,0,122,0,0,0,122
01/15/2007,LIT,AR,ASW,CE,Combined TRACON& Tower with Radar,65,66,69,9,209,0,0,0,1,1,65,66,69,10,210,0,0,0,210
01/16/2007,LIT,AR,ASW,CE,Combined TRACON& Tower with Radar,77,71,92,19,259,0,3,40,2,45,77,74,132,21,304,14,148,162,466
01/17/2007,LIT,AR,ASW,CE,Combined TRACON& Tower with Radar,66,80,129,17,292,0,1,28,0,29,66,81,157,17,321,40,42,82,403
01/18/2007,LIT,AR,ASW,CE,Combined TRACON& Tower with Radar,75,82,125,12,294,0,1,62,2,65,75,83,187,14,359,0,12,12,371
01/19/2007,LIT,AR,ASW,CE,Combined TRACON& Tower with Radar,78,90,108,17,293,0,4,63,9,76,78,94,171,26,369,6,42,48,417
01/20/2007,LIT,AR,ASW,CE,Combined TRACON& Tower with Radar,61,64,39,0,164,0,0,10,0,10,61,64,49,0,174,8,0,8,182
01/21/2007,LIT,AR,ASW,CE,Combined TRACON& Tower with Radar,53,54,54,9,170,0,2,1,0,3,53,56,55,9,173,0,0,0,173
01/22/2007,LIT,AR,ASW,CE,Combined TRACON& Tower with Radar,75,72,111,20,278,0,1,32,1,34,75,73,143,21,312,8,90,98,410
01/23/2007,LIT,AR,ASW,CE,Combined TRACON& Tower with Radar,77,74,115,33,299,0,1,78,9,88,77,75,193,42,387,124,260,384,771
01/24/2007,LIT,AR,ASW,CE,Combined TRACON& Tower with Radar,73,82,136,52,343,0,4,59,1,64,73,86,195,53,407,66,394,460,867
01/25/2007,LIT,AR,ASW,CE,Combined TRACON& Tower with Radar,72,95,122,20,309,0,5,81,3,89,72,100,203,23,398,26,32,58,456
01/26/2007,LIT,AR,ASW,CE,Combined TRACON& Tower with Radar,77,75,115,82,349,0,10,99,1,110,77,85,214,83,459,70,4,74,533
01/27/2007,LIT,AR,ASW,CE,Combined TRACON& Tower with Radar,63,53,69,18,203,0,3,27,0,30,63,56,96,18,233,12,0,12,245
01/28/2007,LIT,AR,ASW,CE,Combined TRACON& Tower with Radar,57,60,68,59,244,0,5,44,0,49,57,65,112,59,293,0,0,0,293
01/29/2007,LIT,AR,ASW,CE,Combined TRACON& Tower with Radar,74,69,99,11,253,0,0,65,3,68,74,69,164,14,321,0,16,16,337
01/30/2007,LIT,AR,ASW,CE,Combined TRACON& Tower with Radar,60,59,75,11,205,0,4,65,1,70,60,63,140,12,275,10,86,96,371
01/31/2007,LIT,AR,ASW,CE,Combined TRACON& Tower with Radar,72,84,116,19,291,0,0,34,1,35,72,84,150,20,326,0,76,76,402
02/01/2007,LIT,AR,ASW,CE,Combined TRACON& Tower with Radar,73,82,63,6,224,0,0,0,2,2,73,82,63,8,226,16,4,20,246
02/02/2007,LIT,AR,ASW,CE,Combined TRACON& Tower with Radar,78,94,77,4,253,0,3,29,2,34,78,97,106,6,287,6,6,12,299
02/03/2007,LIT,AR,ASW,CE,Combined TRACON& Tower with Radar,57,73,45,4,179,0,1,54,0,55,57,74,99,4,234,14,0,14,248
02/04/2007,LIT,AR,ASW,CE,Combined TRACON& Tower with Radar,56,72,44,5,177,0,3,35,1,39,56,75,79,6,216,0,0,0,216
02/05/2007,LIT,AR,ASW,CE,Combined TRACON& Tower with Radar,69,75,97,13,254,0,2,61,0,63,69,77,158,13,317,0,42,42,359
02/06/2007,LIT,AR,ASW,CE,Combined TRACON& Tower with Radar,81,72,77,17,247,0,1,59,2,62,81,73,136,19,309,0,0,0,309
02/07/2007,LIT,AR,ASW,CE,Combined TRACON& Tower with Radar,74,92,134,23,323,0,4,38,0,42,74,96,172,23,365,0,160,160,525
02/08/2007,LIT,AR,ASW,CE,Combined TRACON& Tower with Radar,78,83,122,35,318,0,2,22,0,24,78,85,144,35,342,0,142,142,484
02/09/2007,LIT,AR,ASW,CE,Combined TRACON& Tower with Radar,77,82,101,17,277,0,1,31,0,32,77,83,132,17,309,24,32,56,365
02/10/2007,LIT,AR,ASW,CE,Combined TRACON& Tower with Radar,64,71,63,10,208,0,1,64,4,69,64,72,127,14,277,66,68,134,411
02/11/2007,LIT,AR,ASW,CE,Combined TRACON& Tower with Radar,52,71,66,6,195,0,0,38,0,38,52,71,104,6,233,0,0,0,233
02/12/2007,LIT,AR,ASW,CE,Combined TRACON& Tower with Radar,66,77,89,15,247,0,4,12,2,18,66,81,101,17,265,2,26,28,293
02/13/2007,LIT,AR,ASW,CE,Combined TRACON& Tower with Radar,71,78,101,2,252,0,2,2,1,5,71,80,103,3,257,0,0,0,257
02/14/2007,LIT,AR,ASW,CE,Combined TRACON& Tower with Radar,75,98,98,7,278,0,1,102,2,105,75,99,200,9,383,4,166,170,553
02/15/2007,LIT,AR,ASW,CE,Combined TRACON& Tower with Radar,75,110,107,30,322,0,3,62,1,66,75,113,169,31,388,32,118,150,538
02/16/2007,LIT,AR,ASW,CE,Combined TRACON& Tower with Radar,80,84,125,32,321,0,4,84,0,88,80,88,209,32,409,60,66,126,535
02/17/2007,LIT,AR,ASW,CE,Combined TRACON& Tower with Radar,59,59,43,3,164,0,2,38,0,40,59,61,81,3,204,0,0,0,204
02/18/2007,LIT,AR,ASW,CE,Combined TRACON& Tower with Radar,61,71,75,1,208,0,2,84,0,86,61,73,159,1,294,0,0,0,294
02/19/2007,LIT,AR,ASW,CE,Combined TRACON& Tower with Radar,71,74,74,2,221,0,0,37,0,37,71,74,111,2,258,0,0,0,258
02/20/2007,LIT,AR,ASW,CE,Combined TRACON& Tower with Radar,28,38,46,6,118,0,1,11,2,14,28,39,57,8,132,0,84,84,216
02/21/2007,LIT,AR,ASW,CE,Combined TRACON& Tower with Radar,77,80,141,24,322,0,3,96,2,101,77,83,237,26,423,0,40,40,463
02/22/2007,LIT,AR,ASW,CE,Combined TRACON& Tower with Radar,78,97,107,26,308,0,1,136,12,149,78,98,243,38,457,4,70,74,531
02/23/2007,LIT,AR,ASW,CE,Combined TRACON& Tower with Radar,78,107,125,23,333,0,4,83,5,92,78,111,208,28,425,22,12,34,459
02/24/2007,LIT,AR,ASW,CE,Combined TRACON& Tower with Radar,72,67,26,0,165,0,1,2,0,3,72,68,28,0,168,0,0,0,168
02/25/2007,LIT,AR,ASW,CE,Combined TRACON& Tower with Radar,59,77,56,1,193,0,1,38,0,39,59,78,94,1,232,0,0,0,232
02/26/2007,LIT,AR,ASW,CE,Combined TRACON& Tower with Radar,78,82,103,40,303,0,0,86,8,94,78,82,189,48,397,6,138,144,541
02/27/2007,LIT,AR,ASW,CE,Combined TRACON& Tower with Radar,74,94,103,14,285,0,1,133,0,134,74,95,236,14,419,52,178,230,649
02/28/2007,LIT,AR,ASW,CE,Combined TRACON& Tower with Radar,70,113,121,7,311,0,0,33,0,33,70,113,154,7,344,80,46,126,470
03/01/2007,LIT,AR,ASW,CE,Combined TRACON& Tower with Radar,59,83,77,0,219,0,0,13,0,13,59,83,90,0,232,0,0,0,232
03/02/2007,LIT,AR,ASW,CE,Combined TRACON& Tower with Radar,79,94,106,31,310,0,5,77,4,86,79,99,183,35,396,16,98,114,510
03/03/2007,LIT,AR,ASW,CE,Combined TRACON& Tower with Radar,67,63,32,21,183,0,0,26,1,27,67,63,58,22,210,0,12,12,222
03/04/2007,LIT,AR,ASW,CE,Combined TRACON& Tower with Radar,64,69,61,19,213,0,0,76,0,76,64,69,137,19,289,16,0,16,305
03/05/2007,LIT,AR,ASW,CE,Combined TRACON& Tower with Radar,78,81,104,9,272,0,2,71,5,78,78,83,175,14,350,0,68,68,418
03/06/2007,LIT,AR,ASW,CE,Combined TRACON& Tower with Radar,73,85,112,12,282,0,0,127,2,129,73,85,239,14,411,46,70,116,527
03/07/2007,LIT,AR,ASW,CE,Combined TRACON& Tower with Radar,87,101,114,20,322,0,6,90,5,101,87,107,204,25,423,12,52,64,487
03/08/2007,LIT,AR,ASW,CE,Combined TRACON& Tower with Radar,82,83,120,4,289,0,7,106,0,113,82,90,226,4,402,86,0,86,488
03/09/2007,LIT,AR,ASW,CE,Combined TRACON& Tower with Radar,85,100,112,20,317,0,10,32,6,48,85,110,144,26,365,34,162,196,561
03/10/2007,LIT,AR,ASW,CE,Combined TRACON& Tower with Radar,60,70,50,23,203,0,4,45,2,51,60,74,95,25,254,18,68,86,340
03/11/2007,LIT,AR,ASW,CE,Combined TRACON& Tower with Radar,71,61,77,6,215,0,1,28,0,29,71,62,105,6,244,0,0,0,244
03/12/2007,LIT,AR,ASW,CE,Combined TRACON& Tower with Radar,76,68,103,10,257,0,5,65,0,70,76,73,168,10,327,0,0,0,327
03/13/2007,LIT,AR,ASW,CE,Combined TRACON& Tower with Radar,77,82,137,19,315,0,1,15,0,16,77,83,152,19,331,34,84,118,449
03/14/2007,LIT,AR,ASW,CE,Combined TRACON& Tower with Radar,82,71,118,2,273,0,2,9,0,11,82,73,127,2,284,12,0,12,296
03/15/2007,LIT,AR,ASW,CE,Combined TRACON& Tower with Radar,81,88,121,16,306,0,4,64,0,68,81,92,185,16,374,0,0,0,374
03/16/2007,LIT,AR,ASW,CE,Combined TRACON& Tower with Radar,83,87,115,16,301,0,3,69,3,75,83,90,184,19,376,12,20,32,408
03/17/2007,LIT,AR,ASW,CE,Combined TRACON& Tower with Radar,74,62,92,0,228,0,5,62,6,73,74,67,154,6,301,36,0,36,337
03/18/2007,LIT,AR,ASW,CE,Combined TRACON& Tower with Radar,69,64,70,7,210,0,1,50,3,54,69,65,120,10,264,0,0,0,264
03/19/2007,LIT,AR,ASW,CE,Combined TRACON& Tower with Radar,73,94,105,42,314,0,2,21,0,23,73,96,126,42,337,14,158,172,509
03/20/2007,LIT,AR,ASW,CE,Combined TRACON& Tower with Radar,73,94,114,2,283,0,3,44,2,49,73,97,158,4,332,0,10,10,342
03/21/2007,LIT,AR,ASW,CE,Combined TRACON& Tower with Radar,80,93,159,18,350,0,1,66,0,67,80,94,225,18,417,34,68,102,519
03/22/2007,LIT,AR,ASW,CE,Combined TRACON& Tower with Radar,86,79,118,19,302,0,1,72,8,81,86,80,190,27,383,16,163,179,562
03/23/2007,LIT,AR,ASW,CE,Combined TRACON& Tower with Radar,85,75,138,19,317,0,1,64,3,68,85,76,202,22,385,0,0,0,385
03/24/2007,LIT,AR,ASW,CE,Combined TRACON& Tower with Radar,65,59,53,1,178,0,4,76,1,81,65,63,129,2,259,62,0,62,321
03/25/2007,LIT,AR,ASW,CE,Combined TRACON& Tower with Radar,70,65,51,11,197,0,7,54,1,62,70,72,105,12,259,0,0,0,259
03/26/2007,LIT,AR,ASW,CE,Combined TRACON& Tower with Radar,79,70,129,18,296,0,1,62,0,63,79,71,191,18,359,28,12,40,399
03/27/2007,LIT,AR,ASW,CE,Combined TRACON& Tower with Radar,80,84,107,3,274,0,2,31,1,34,80,86,138,4,308,12,26,38,346
03/28/2007,LIT,AR,ASW,CE,Combined TRACON& Tower with Radar,83,81,116,56,336,0,2,36,4,42,83,83,152,60,378,92,186,278,656
03/29/2007,LIT,AR,ASW,CE,Combined TRACON& Tower with Radar,78,95,101,25,299,0,6,93,0,99,78,101,194,25,398,36,102,138,536
03/30/2007,LIT,AR,ASW,CE,Combined TRACON& Tower with Radar,86,92,118,27,323,0,3,73,2,78,86,95,191,29,401,12,10,22,423
03/31/2007,LIT,AR,ASW,CE,Combined TRACON& Tower with Radar,73,62,54,2,191,0,2,10,0,12,73,64,64,2,203,24,0,24,227
04/01/2007,LIT,AR,ASW,CE,Combined TRACON& Tower with Radar,69,63,82,13,227,0,3,68,0,71,69,66,150,13,298,6,0,6,304
04/02/2007,LIT,AR,ASW,CE,Combined TRACON& Tower with Radar,83,100,86,49,318,0,2,62,5,69,83,102,148,54,387,42,68,110,497
04/03/2007,LIT,AR,ASW,CE,Combined TRACON& Tower with Radar,67,88,95,24,274,0,2,27,2,31,67,90,122,26,305,28,134,162,467
04/04/2007,LIT,AR,ASW,CE,Combined TRACON& Tower with Radar,86,98,153,30,367,0,4,95,3,102,86,102,248,33,469,94,26,120,589
04/05/2007,LIT,AR,ASW,CE,Combined TRACON& Tower with Radar,75,101,160,27,363,0,2,93,2,97,75,103,253,29,460,76,50,126,586
04/06/2007,LIT,AR,ASW,CE,Combined TRACON& Tower with Radar,83,78,91,5,257,0,2,41,0,43,83,80,132,5,300,20,32,52,352
04/07/2007,LIT,AR,ASW,CE,Combined TRACON& Tower with Radar,60,58,48,4,170,0,3,49,0,52,60,61,97,4,222,18,0,18,240
04/08/2007,LIT,AR,ASW,CE,Combined TRACON& Tower with Radar,66,65,41,0,172,0,0,32,0,32,66,65,73,0,204,0,0,0,204
04/09/2007,LIT,AR,ASW,CE,Combined TRACON& Tower with Radar,73,81,121,9,284,0,4,69,3,76,73,85,190,12,360,52,60,112,472
04/10/2007,LIT,AR,ASW,CE,Combined TRACON& Tower with Radar,80,96,113,23,312,0,2,10,2,14,80,98,123,25,326,0,82,82,408
04/12/2007,LIT,AR,ASW,CE,Combined TRACON& Tower with Radar,83,74,121,33,311,0,6,100,7,113,83,80,221,40,424,86,130,216,640
04/13/2007,LIT,AR,ASW,CE,Combined TRACON& Tower with Radar,73,68,102,9,252,0,10,17,3,30,73,78,119,12,282,66,0,66,348
04/14/2007,LIT,AR,ASW,CE,Combined TRACON& Tower with Radar,69,70,58,3,200,0,2,6,0,8,69,72,64,3,208,0,0,0,208
04/15/2007,LIT,AR,ASW,CE,Combined TRACON& Tower with Radar,73,60,69,8,210,0,4,60,0,64,73,64,129,8,274,0,0,0,274
04/16/2007,LIT,AR,ASW,CE,Combined TRACON& Tower with Radar,77,65,109,13,264,0,0,107,3,110,77,65,216,16,374,0,0,0,374
04/17/2007,LIT,AR,ASW,CE,Combined TRACON& Tower with Radar,82,74,139,58,353,0,2,81,0,83,82,76,220,58,436,70,162,232,668
04/18/2007,LIT,AR,ASW,CE,Combined TRACON& Tower with Radar,84,85,142,44,355,0,3,63,2,68,84,88,205,46,423,68,48,116,539
04/19/2007,LIT,AR,ASW,CE,Combined TRACON& Tower with Radar,84,94,155,22,355,0,4,99,5,108,84,98,254,27,463,50,80,130,593
04/20/2007,LIT,AR,ASW,CE,Combined TRACON& Tower with Radar,83,73,163,18,337,0,0,122,0,122,83,73,285,18,459,70,12,82,541
04/21/2007,LIT,AR,ASW,CE,Combined TRACON& Tower with Radar,62,61,43,2,168,0,0,81,1,82,62,61,124,3,250,36,0,36,286
04/22/2007,LIT,AR,ASW,CE,Combined TRACON& Tower with Radar,70,56,66,18,210,0,1,41,0,42,70,57,107,18,252,12,0,12,264
04/23/2007,LIT,AR,ASW,CE,Combined TRACON& Tower with Radar,81,71,113,14,279,0,3,47,0,50,81,74,160,14,329,0,26,26,355
04/24/2007,LIT,AR,ASW,CE,Combined TRACON& Tower with Radar,83,73,139,17,312,0,3,19,0,22,83,76,158,17,334,0,0,0,334
04/25/2007,LIT,AR,ASW,CE,Combined TRACON& Tower with Radar,79,76,88,7,250,0,4,2,2,8,79,80,90,9,258,0,0,0,258
04/26/2007,LIT,AR,ASW,CE,Combined TRACON& Tower with Radar,83,80,151,42,356,0,4,59,3,66,83,84,210,45,422,42,250,292,714
04/27/2007,LIT,AR,ASW,CE,Combined TRACON& Tower with Radar,82,83,99,39,303,0,2,80,7,89,82,85,179,46,392,14,104,118,510
04/28/2007,LIT,AR,ASW,CE,Combined TRACON& Tower with Radar,68,59,52,10,189,0,4,53,2,59,68,63,105,12,248,20,0,20,268
04/29/2007,LIT,AR,ASW,CE,Combined TRACON& Tower with Radar,70,82,53,16,221,0,1,81,1,83,70,83,134,17,304,6,0,6,310
04/30/2007,LIT,AR,ASW,CE,Combined TRACON& Tower with Radar,80,78,140,26,324,0,3,84,5,92,80,81,224,31,416,12,0,12,428
05/01/2007,LIT,AR,ASW,CE,Combined TRACON& Tower with Radar,81,78,101,24,284,0,3,42,0,45,81,81,143,24,329,68,30,98,427
05/02/2007,LIT,AR,ASW,CE,Combined TRACON& Tower with Radar,87,85,124,49,345,0,3,7,0,10,87,88,131,49,355,2,108,110,465
05/03/2007,LIT,AR,ASW,CE,Combined TRACON& Tower with Radar,88,94,120,18,320,0,1,19,2,22,88,95,139,20,342,0,42,42,384
05/04/2007,LIT,AR,ASW,CE,Combined TRACON& Tower with Radar,82,92,159,52,385,0,1,36,4,41,82,93,195,56,426,24,0,24,450
05/05/2007,LIT,AR,ASW,CE,Combined TRACON& Tower with Radar,71,59,50,14,194,0,4,38,2,44,71,63,88,16,238,0,0,0,238
05/06/2007,LIT,AR,ASW,CE,Combined TRACON& Tower with Radar,76,73,80,9,238,0,0,48,0,48,76,73,128,9,286,0,0,0,286
05/07/2007,LIT,AR,ASW,CE,Combined TRACON& Tower with Radar,82,70,100,8,260,0,0,52,0,52,82,70,152,8,312,0,0,0,312
05/08/2007,LIT,AR,ASW,CE,Combined TRACON& Tower with Radar,83,74,132,10,299,0,4,60,1,65,83,78,192,11,364,56,0,56,420
05/09/2007,LIT,AR,ASW,CE,Combined TRACON& Tower with Radar,81,95,136,12,324,0,9,52,4,65,81,104,188,16,389,64,0,64,453
05/10/2007,LIT,AR,ASW,CE,Combined TRACON& Tower with Radar,83,88,131,12,314,0,5,50,1,56,83,93,181,13,370,30,0,30,400
05/11/2007,LIT,AR,ASW,CE,Combined TRACON& Tower with Radar,87,84,160,17,348,0,2,64,1,67,87,86,224,18,415,46,32,78,493
05/12/2007,LIT,AR,ASW,CE,Combined TRACON& Tower with Radar,69,64,56,0,189,0,5,54,0,59,69,69,110,0,248,10,4,14,262
05/13/2007,LIT,AR,ASW,CE,Combined TRACON& Tower with Radar,72,58,51,22,203,0,0,50,5,55,72,58,101,27,258,8,0,8,266
05/14/2007,LIT,AR,ASW,CE,Combined TRACON& Tower with Radar,84,64,91,20,259,0,2,88,2,92,84,66,179,22,351,16,68,84,435
05/15/2007,LIT,AR,ASW,CE,Combined TRACON& Tower with Radar,78,69,104,19,270,0,4,62,0,66,78,73,166,19,336,32,22,54,390
05/16/2007,LIT,AR,ASW,CE,Combined TRACON& Tower with Radar,84,116,111,13,324,0,2,73,1,76,84,118,184,14,400,138,36,174,574
05/17/2007,LIT,AR,ASW,CE,Combined TRACON& Tower with Radar,90,71,106,15,282,0,2,108,6,116,90,73,214,21,398,22,0,22,420
05/18/2007,LIT,AR,ASW,CE,Combined TRACON& Tower with Radar,89,75,116,38,318,0,1,112,6,119,89,76,228,44,437,82,24,106,543
05/19/2007,LIT,AR,ASW,CE,Combined TRACON& Tower with Radar,76,68,64,10,218,0,1,87,4,92,76,69,151,14,310,30,0,30,340
05/20/2007,LIT,AR,ASW,CE,Combined TRACON& Tower with Radar,75,61,72,19,227,0,4,60,2,66,75,65,132,21,293,0,0,0,293
05/21/2007,LIT,AR,ASW,CE,Combined TRACON& Tower with Radar,88,77,99,27,291,0,4,73,2,79,88,81,172,29,370,8,14,22,392
05/22/2007,LIT,AR,ASW,CE,Combined TRACON& Tower with Radar,86,61,115,47,309,0,4,60,2,66,86,65,175,49,375,20,116,136,511
05/23/2007,LIT,AR,ASW,CE,Combined TRACON& Tower with Radar,88,73,109,29,299,0,2,79,2,83,88,75,188,31,382,80,142,222,604
05/24/2007,LIT,AR,ASW,CE,Combined TRACON& Tower with Radar,75,72,139,38,324,0,0,75,2,77,75,72,214,40,401,0,138,138,539
05/25/2007,LIT,AR,ASW,CE,Combined TRACON& Tower with Radar,92,71,104,34,301,0,1,49,2,52,92,72,153,36,353,0,148,148,501
05/26/2007,LIT,AR,ASW,CE,Combined TRACON& Tower with Radar,72,59,51,0,182,0,0,38,0,38,72,59,89,0,220,0,0,0,220
05/27/2007,LIT,AR,ASW,CE,Combined TRACON& Tower with Radar,67,38,33,0,138,0,3,29,0,32,67,41,62,0,170,0,0,0,170
05/28/2007,LIT,AR,ASW,CE,Combined TRACON& Tower with Radar,74,56,48,5,183,1,0,32,0,33,75,56,80,5,216,12,0,12,228
05/29/2007,LIT,AR,ASW,CE,Combined TRACON& Tower with Radar,76,82,123,12,293,0,2,40,0,42,76,84,163,12,335,0,24,24,359
05/30/2007,LIT,AR,ASW,CE,Combined TRACON& Tower with Radar,94,66,97,21,278,0,0,14,7,21,94,66,111,28,299,34,52,86,385
05/31/2007,LIT,AR,ASW,CE,Combined TRACON& Tower with Radar,87,81,125,60,353,0,8,55,7,70,87,89,180,67,423,76,132,208,631
06/01/2007,LIT,AR,ASW,CE,Combined TRACON& Tower with Radar,85,74,127,24,310,0,9,71,0,80,85,83,198,24,390,82,152,234,624
06/02/2007,LIT,AR,ASW,CE,Combined TRACON& Tower with Radar,78,59,52,6,195,0,2,40,0,42,78,61,92,6,237,102,0,102,339
06/03/2007,LIT,AR,ASW,CE,Combined TRACON& Tower with Radar,77,53,66,4,200,0,0,29,0,29,77,53,95,4,229,0,0,0,229
06/04/2007,LIT,AR,ASW,CE,Combined TRACON& Tower with Radar,84,70,98,29,281,0,0,75,12,87,84,70,173,41,368,12,60,72,440
06/05/2007,LIT,AR,ASW,CE,Combined TRACON& Tower with Radar,88,88,127,33,336,0,2,70,2,74,88,90,197,35,410,6,62,68,478
06/06/2007,LIT,AR,ASW,CE,Combined TRACON& Tower with Radar,85,72,112,43,312,0,0,63,14,77,85,72,175,57,389,16,78,94,483
06/07/2007,LIT,AR,ASW,CE,Combined TRACON& Tower with Radar,90,62,125,24,301,0,2,31,2,35,90,64,156,26,336,4,2,6,342
06/08/2007,LIT,AR,ASW,CE,Combined TRACON& Tower with Radar,89,67,113,17,286,0,1,15,1,17,89,68,128,18,303,0,0,0,303
06/09/2007,LIT,AR,ASW,CE,Combined TRACON& Tower with Radar,80,58,80,8,226,0,3,45,1,49,80,61,125,9,275,10,2,12,287
06/10/2007,LIT,AR,ASW,CE,Combined TRACON& Tower with Radar,74,68,62,1,205,0,4,38,1,43,74,72,100,2,248,0,0,0,248
06/11/2007,LIT,AR,ASW,CE,Combined TRACON& Tower with Radar,81,73,115,17,286,0,2,49,2,53,81,75,164,19,339,20,38,58,397
06/12/2007,LIT,AR,ASW,CE,Combined TRACON& Tower with Radar,89,83,117,17,306,0,0,68,0,68,89,83,185,17,374,42,114,156,530
06/13/2007,LIT,AR,ASW,CE,Combined TRACON& Tower with Radar,91,90,115,16,312,0,0,68,5,73,91,90,183,21,385,26,122,148,533
06/14/2007,LIT,AR,ASW,CE,Combined TRACON& Tower with Radar,88,78,110,29,305,0,7,67,2,76,88,85,177,31,381,4,84,88,469
06/15/2007,LIT,AR,ASW,CE,Combined TRACON& Tower with Radar,88,81,140,11,320,0,2,49,0,51,88,83,189,11,371,0,0,0,371
06/16/2007,LIT,AR,ASW,CE,Combined TRACON& Tower with Radar,76,66,45,14,201,0,4,55,1,60,76,70,100,15,261,44,0,44,305
06/17/2007,LIT,AR,ASW,CE,Combined TRACON& Tower with Radar,73,57,42,8,180,0,2,29,2,33,73,59,71,10,213,8,0,8,221
06/18/2007,LIT,AR,ASW,CE,Combined TRACON& Tower with Radar,84,69,91,19,263,0,4,26,2,32,84,73,117,21,295,0,0,0,295
06/19/2007,LIT,AR,ASW,CE,Combined TRACON& Tower with Radar,90,72,113,3,278,0,1,25,3,29,90,73,138,6,307,0,40,40,347
06/20/2007,LIT,AR,ASW,CE,Combined TRACON& Tower with Radar,88,96,130,17,331,0,3,74,3,80,88,99,204,20,411,72,20,92,503
06/21/2007,LIT,AR,ASW,CE,Combined TRACON& Tower with Radar,83,87,146,24,340,0,2,103,2,107,83,89,249,26,447,38,76,114,561
06/22/2007,LIT,AR,ASW,CE,Combined TRACON& Tower with Radar,98,77,110,9,294,0,11,101,2,114,98,88,211,11,408,0,20,20,428
06/23/2007,LIT,AR,ASW,CE,Combined TRACON& Tower with Radar,76,58,58,9,201,0,4,53,0,57,76,62,111,9,258,0,0,0,258
06/24/2007,LIT,AR,ASW,CE,Combined TRACON& Tower with Radar,71,64,82,3,220,0,0,40,0,40,71,64,122,3,260,0,0,0,260
06/25/2007,LIT,AR,ASW,CE,Combined TRACON& Tower with Radar,81,76,84,20,261,0,0,65,1,66,81,76,149,21,327,22,22,44,371
06/26/2007,LIT,AR,ASW,CE,Combined TRACON& Tower with Radar,60,58,71,38,227,0,1,22,0,23,60,59,93,38,250,4,92,96,346
06/27/2007,LIT,AR,ASW,CE,Combined TRACON& Tower with Radar,85,92,117,58,352,0,5,46,5,56,85,97,163,63,408,4,180,184,592
06/28/2007,LIT,AR,ASW,CE,Combined TRACON& Tower with Radar,88,77,132,54,351,0,4,49,0,53,88,81,181,54,404,46,270,316,720
06/29/2007,LIT,AR,ASW,CE,Combined TRACON& Tower with Radar,82,83,134,13,312,0,7,46,4,57,82,90,180,17,369,24,0,24,393
06/30/2007,LIT,AR,ASW,CE,Combined TRACON& Tower with Radar,75,64,59,6,204,0,4,37,4,45,75,68,96,10,249,0,0,0,249
07/01/2007,LIT,AR,ASW,CE,Combined TRACON& Tower with Radar,69,58,57,1,185,0,1,8,0,9,69,59,65,1,194,0,0,0,194
07/02/2007,LIT,AR,ASW,CE,Combined TRACON& Tower with Radar,82,81,86,33,282,0,2,19,0,21,82,83,105,33,303,0,32,32,335
07/03/2007,LIT,AR,ASW,CE,Combined TRACON& Tower with Radar,78,64,86,16,244,0,6,58,0,64,78,70,144,16,308,60,0,60,368
07/04/2007,LIT,AR,ASW,CE,Combined TRACON& Tower with Radar,67,54,34,1,156,0,2,21,0,23,67,56,55,1,179,0,0,0,179
07/05/2007,LIT,AR,ASW,CE,Combined TRACON& Tower with Radar,82,63,80,0,225,0,2,44,0,46,82,65,124,0,271,0,0,0,271
07/06/2007,LIT,AR,ASW,CE,Combined TRACON& Tower with Radar,89,63,95,24,271,0,1,52,2,55,89,64,147,26,326,46,56,102,428
07/07/2007,LIT,AR,ASW,CE,Combined TRACON& Tower with Radar,76,60,57,3,196,0,6,57,5,68,76,66,114,8,264,20,0,20,284
07/08/2007,LIT,AR,ASW,CE,Combined TRACON& Tower with Radar,74,75,50,16,215,0,4,60,0,64,74,79,110,16,279,8,0,8,287
07/09/2007,LIT,AR,ASW,CE,Combined TRACON& Tower with Radar,76,63,82,1,222,0,0,18,1,19,76,63,100,2,241,0,0,0,241
07/10/2007,LIT,AR,ASW,CE,Combined TRACON& Tower with Radar,93,82,129,14,318,0,2,8,0,10,93,84,137,14,328,8,0,8,336
07/11/2007,LIT,AR,ASW,CE,Combined TRACON& Tower with Radar,81,79,119,30,309,0,0,78,1,79,81,79,197,31,388,4,150,154,542
07/12/2007,LIT,AR,ASW,CE,Combined TRACON& Tower with Radar,91,87,126,11,315,0,4,53,1,58,91,91,179,12,373,0,0,0,373
07/13/2007,LIT,AR,ASW,CE,Combined TRACON& Tower with Radar,83,73,117,13,286,0,0,7,1,8,83,73,124,14,294,0,0,0,294
07/14/2007,LIT,AR,ASW,CE,Combined TRACON& Tower with Radar,78,56,70,12,216,0,3,39,2,44,78,59,109,14,260,0,0,0,260
07/15/2007,LIT,AR,ASW,CE,Combined TRACON& Tower with Radar,68,66,54,21,209,0,1,47,6,54,68,67,101,27,263,0,0,0,263
07/16/2007,LIT,AR,ASW,CE,Combined TRACON& Tower with Radar,81,70,118,24,293,0,3,48,2,53,81,73,166,26,346,10,38,48,394
07/17/2007,LIT,AR,ASW,CE,Combined TRACON& Tower with Radar,88,75,130,23,316,0,0,63,0,63,88,75,193,23,379,30,70,100,479
07/18/2007,LIT,AR,ASW,CE,Combined TRACON& Tower with Radar,90,74,142,18,324,0,2,76,7,85,90,76,218,25,409,10,0,10,419
07/19/2007,LIT,AR,ASW,CE,Combined TRACON& Tower with Radar,90,73,130,21,314,0,4,116,4,124,90,77,246,25,438,138,100,238,676
07/20/2007,LIT,AR,ASW,CE,Combined TRACON& Tower with Radar,84,81,124,11,300,1,2,49,1,53,85,83,173,12,353,0,0,0,353
07/21/2007,LIT,AR,ASW,CE,Combined TRACON& Tower with Radar,78,57,51,5,191,0,4,78,2,84,78,61,129,7,275,0,0,0,275
07/22/2007,LIT,AR,ASW,CE,Combined TRACON& Tower with Radar,74,58,52,13,197,0,0,75,2,77,74,58,127,15,274,0,0,0,274
07/23/2007,LIT,AR,ASW,CE,Combined TRACON& Tower with Radar,82,67,93,8,250,0,2,82,3,87,82,69,175,11,337,0,0,0,337
07/24/2007,LIT,AR,ASW,CE,Combined TRACON& Tower with Radar,88,79,117,43,327,0,3,94,8,105,88,82,211,51,432,42,110,152,584
07/25/2007,LIT,AR,ASW,CE,Combined TRACON& Tower with Radar,89,95,125,31,340,0,1,62,1,64,89,96,187,32,404,6,66,72,476
07/26/2007,LIT,AR,ASW,CE,Combined TRACON& Tower with Radar,85,81,138,52,356,0,0,68,1,69,85,81,206,53,425,30,82,112,537
07/27/2007,LIT,AR,ASW,CE,Combined TRACON& Tower with Radar,87,74,97,51,309,0,7,58,1,66,87,81,155,52,375,52,0,52,427
07/28/2007,LIT,AR,ASW,CE,Combined TRACON& Tower with Radar,81,55,59,6,201,0,1,58,0,59,81,56,117,6,260,16,0,16,276
07/29/2007,LIT,AR,ASW,CE,Combined TRACON& Tower with Radar,70,64,55,2,191,0,2,27,1,30,70,66,82,3,221,0,0,0,221
07/30/2007,LIT,AR,ASW,CE,Combined TRACON& Tower with Radar,88,77,89,40,294,0,2,40,2,44,88,79,129,42,338,0,28,28,366
07/31/2007,LIT,AR,ASW,CE,Combined TRACON& Tower with Radar,92,78,100,29,299,0,2,74,8,84,92,80,174,37,383,138,102,240,623
08/01/2007,LIT,AR,ASW,CE,Combined TRACON& Tower with Radar,90,87,103,21,301,0,12,55,0,67,90,99,158,21,368,16,20,36,404
08/02/2007,LIT,AR,ASW,CE,Combined TRACON& Tower with Radar,85,85,114,24,308,0,1,50,0,51,85,86,164,24,359,106,300,406,765
08/03/2007,LIT,AR,ASW,CE,Combined TRACON& Tower with Radar,88,77,119,23,307,0,3,71,4,78,88,80,190,27,385,2,0,2,387
08/04/2007,LIT,AR,ASW,CE,Combined TRACON& Tower with Radar,79,54,42,0,175,0,5,49,1,55,79,59,91,1,230,0,0,0,230
08/05/2007,LIT,AR,ASW,CE,Combined TRACON& Tower with Radar,74,54,60,9,197,0,1,52,2,55,74,55,112,11,252,0,0,0,252
08/06/2007,LIT,AR,ASW,CE,Combined TRACON& Tower with Radar,83,73,84,27,267,0,2,69,1,72,83,75,153,28,339,24,46,70,409
08/07/2007,LIT,AR,ASW,CE,Combined TRACON& Tower with Radar,85,67,121,29,302,0,2,75,6,83,85,69,196,35,385,14,24,38,423
08/08/2007,LIT,AR,ASW,CE,Combined TRACON& Tower with Radar,90,84,128,25,327,0,1,73,4,78,90,85,201,29,405,4,48,52,457
08/09/2007,LIT,AR,ASW,CE,Combined TRACON& Tower with Radar,87,78,103,8,276,0,5,73,0,78,87,83,176,8,354,0,24,24,378
08/10/2007,LIT,AR,ASW,CE,Combined TRACON& Tower with Radar,87,77,100,22,286,0,6,88,5,99,87,83,188,27,385,0,0,0,385
08/11/2007,LIT,AR,ASW,CE,Combined TRACON& Tower with Radar,76,55,54,1,186,0,0,51,2,53,76,55,105,3,239,8,0,8,247
08/12/2007,LIT,AR,ASW,CE,Combined TRACON& Tower with Radar,70,62,54,28,214,0,2,65,3,70,70,64,119,31,284,0,0,0,284
08/13/2007,LIT,AR,ASW,CE,Combined TRACON& Tower with Radar,86,62,80,7,235,0,5,63,2,70,86,67,143,9,305,8,120,128,433
08/14/2007,LIT,AR,ASW,CE,Combined TRACON& Tower with Radar,0,0,0,0,0,84,74,199,17,374,84,74,199,17,374,100,46,146,520
08/15/2007,LIT,AR,ASW,CE,Combined TRACON& Tower with Radar,84,73,116,14,287,0,4,83,1,88,84,77,199,15,375,40,202,242,617
08/16/2007,LIT,AR,ASW,CE,Combined TRACON& Tower with Radar,91,69,157,41,358,0,0,94,2,96,91,69,251,43,454,68,172,240,694
08/17/2007,LIT,AR,ASW,CE,Combined TRACON& Tower with Radar,94,71,137,27,329,0,0,66,2,68,94,71,203,29,397,66,86,152,549
08/18/2007,LIT,AR,ASW,CE,Combined TRACON& Tower with Radar,82,79,38,1,200,0,2,41,0,43,82,81,79,1,243,6,0,6,249
08/19/2007,LIT,AR,ASW,CE,Combined TRACON& Tower with Radar,71,53,38,30,192,0,4,41,3,48,71,57,79,33,240,0,0,0,240
08/20/2007,LIT,AR,ASW,CE,Combined TRACON& Tower with Radar,77,72,134,28,311,0,1,49,0,50,77,73,183,28,361,32,256,288,649
08/21/2007,LIT,AR,ASW,CE,Combined TRACON& Tower with Radar,85,79,117,35,316,0,6,85,6,97,85,85,202,41,413,0,60,60,473
08/22/2007,LIT,AR,ASW,CE,Combined TRACON& Tower with Radar,86,76,118,38,318,0,3,66,3,72,86,79,184,41,390,48,238,286,676
08/23/2007,LIT,AR,ASW,CE,Combined TRACON& Tower with Radar,83,83,102,20,288,0,7,101,5,113,83,90,203,25,401,94,166,260,661
08/24/2007,LIT,AR,ASW,CE,Combined TRACON& Tower with Radar,81,59,95,38,273,0,2,69,9,80,81,61,164,47,353,2,192,194,547
08/25/2007,LIT,AR,ASW,CE,Combined TRACON& Tower with Radar,81,63,50,20,214,0,1,45,0,46,81,64,95,20,260,72,0,72,332
08/26/2007,LIT,AR,ASW,CE,Combined TRACON& Tower with Radar,72,57,67,12,208,0,1,52,0,53,72,58,119,12,261,8,22,30,291
08/27/2007,LIT,AR,ASW,CE,Combined TRACON& Tower with Radar,78,60,98,31,267,0,1,92,2,95,78,61,190,33,362,16,0,16,378
08/28/2007,LIT,AR,ASW,CE,Combined TRACON& Tower with Radar,84,85,114,46,329,0,9,93,1,103,84,94,207,47,432,0,60,60,492
08/29/2007,LIT,AR,ASW,CE,Combined TRACON& Tower with Radar,84,89,126,31,330,0,7,59,6,72,84,96,185,37,402,0,100,100,502
08/30/2007,LIT,AR,ASW,CE,Combined TRACON& Tower with Radar,81,89,126,30,326,0,3,56,0,59,81,92,182,30,385,0,63,63,448
08/31/2007,LIT,AR,ASW,CE,Combined TRACON& Tower with Radar,88,77,111,16,292,0,2,106,4,112,88,79,217,20,404,52,0,52,456
09/01/2007,LIT,AR,ASW,CE,Combined TRACON& Tower with Radar,69,39,38,5,151,0,3,74,0,77,69,42,112,5,228,0,0,0,228
09/02/2007,LIT,AR,ASW,CE,Combined TRACON& Tower with Radar,64,42,38,1,145,1,4,64,1,70,65,46,102,2,215,0,0,0,215
09/03/2007,LIT,AR,ASW,CE,Combined TRACON& Tower with Radar,73,58,66,3,200,1,4,43,1,49,74,62,109,4,249,8,0,8,257
09/04/2007,LIT,AR,ASW,CE,Combined TRACON& Tower with Radar,73,73,128,5,279,0,3,22,0,25,73,76,150,5,304,0,16,16,320
09/05/2007,LIT,AR,ASW,CE,Combined TRACON& Tower with Radar,82,65,86,14,247,0,0,1,0,1,82,65,87,14,248,6,0,6,254
09/06/2007,LIT,AR,ASW,CE,Combined TRACON& Tower with Radar,73,90,131,39,333,0,4,42,0,46,73,94,173,39,379,40,112,152,531
09/07/2007,LIT,AR,ASW,CE,Combined TRACON& Tower with Radar,83,84,115,20,302,0,2,26,0,28,83,86,141,20,330,26,184,210,540
09/08/2007,LIT,AR,ASW,CE,Combined TRACON& Tower with Radar,63,60,59,12,194,0,4,25,1,30,63,64,84,13,224,0,0,0,224
09/09/2007,LIT,AR,ASW,CE,Combined TRACON& Tower with Radar,69,69,55,6,199,0,2,13,0,15,69,71,68,6,214,6,0,6,220
09/10/2007,LIT,AR,ASW,CE,Combined TRACON& Tower with Radar,72,77,123,20,292,0,1,3,1,5,72,78,126,21,297,0,0,0,297
09/11/2007,LIT,AR,ASW,CE,Combined TRACON& Tower with Radar,83,100,130,45,358,0,2,38,4,44,83,102,168,49,402,26,180,206,608
09/12/2007,LIT,AR,ASW,CE,Combined TRACON& Tower with Radar,72,98,149,40,359,5,2,90,6,103,77,100,239,46,462,42,114,156,618
09/13/2007,LIT,AR,ASW,CE,Combined TRACON& Tower with Radar,73,96,147,35,351,0,1,45,0,46,73,97,192,35,397,26,148,174,571
09/14/2007,LIT,AR,ASW,CE,Combined TRACON& Tower with Radar,81,90,131,63,365,0,2,45,3,50,81,92,176,66,415,32,114,146,561
09/15/2007,LIT,AR,ASW,CE,Combined TRACON& Tower with Radar,66,58,69,7,200,0,3,51,4,58,66,61,120,11,258,64,0,64,322
09/16/2007,LIT,AR,ASW,CE,Combined TRACON& Tower with Radar,70,68,68,6,212,0,2,76,7,85,70,70,144,13,297,0,0,0,297
09/17/2007,LIT,AR,ASW,CE,Combined TRACON& Tower with Radar,75,91,115,43,324,0,4,82,2,88,75,95,197,45,412,6,200,206,618
09/18/2007,LIT,AR,ASW,CE,Combined TRACON& Tower with Radar,62,84,121,54,321,0,0,73,4,77,62,84,194,58,398,52,188,240,638
09/19/2007,LIT,AR,ASW,CE,Combined TRACON& Tower with Radar,82,106,134,52,374,0,4,92,4,100,82,110,226,56,474,58,194,252,726
09/20/2007,LIT,AR,ASW,CE,Combined TRACON& Tower with Radar,79,87,143,28,337,0,2,80,5,87,79,89,223,33,424,10,0,10,434
09/21/2007,LIT,AR,ASW,CE,Combined TRACON& Tower with Radar,79,87,143,26,335,0,2,83,3,88,79,89,226,29,423,14,156,170,593
09/22/2007,LIT,AR,ASW,CE,Combined TRACON& Tower with Radar,64,72,49,11,196,0,4,66,1,71,64,76,115,12,267,0,0,0,267
09/23/2007,LIT,AR,ASW,CE,Combined TRACON& Tower with Radar,74,64,81,12,231,0,0,23,0,23,74,64,104,12,254,0,0,0,254
09/24/2007,LIT,AR,ASW,CE,Combined TRACON& Tower with Radar,77,88,95,84,344,0,0,8,0,8,77,88,103,84,352,0,20,20,372
09/25/2007,LIT,AR,ASW,CE,Combined TRACON& Tower with Radar,78,91,136,24,329,0,0,17,4,21,78,91,153,28,350,0,8,8,358
09/26/2007,LIT,AR,ASW,CE,Combined TRACON& Tower with Radar,80,97,128,24,329,0,2,18,1,21,80,99,146,25,350,14,182,196,546
09/27/2007,LIT,AR,ASW,CE,Combined TRACON& Tower with Radar,80,93,158,28,359,0,3,85,2,90,80,96,243,30,449,36,220,256,705
09/28/2007,LIT,AR,ASW,CE,Combined TRACON& Tower with Radar,82,77,110,18,287,0,0,104,10,114,82,77,214,28,401,76,154,230,631
09/29/2007,LIT,AR,ASW,CE,Combined TRACON& Tower with Radar,61,76,80,2,219,0,1,88,2,91,61,77,168,4,310,12,0,12,322
09/30/2007,LIT,AR,ASW,CE,Combined TRACON& Tower with Radar,75,71,93,5,244,0,0,54,5,59,75,71,147,10,303,0,0,0,303
10/01/2007,LIT,AR,ASW,CE,Combined TRACON& Tower with Radar,77,82,88,23,270,0,3,28,1,32,77,85,116,24,302,8,130,138,440
10/02/2007,LIT,AR,ASW,CE,Combined TRACON& Tower with Radar,79,81,120,44,324,0,4,78,2,84,79,85,198,46,408,26,170,196,604
10/03/2007,LIT,AR,ASW,CE,Combined TRACON& Tower with Radar,79,87,119,19,304,0,5,59,0,64,79,92,178,19,368,36,54,90,458
10/04/2007,LIT,AR,ASW,CE,Combined TRACON& Tower with Radar,78,91,122,31,322,0,0,103,1,104,78,91,225,32,426,56,118,174,600
10/05/2007,LIT,AR,ASW,CE,Combined TRACON& Tower with Radar,81,92,104,45,322,0,1,92,5,98,81,93,196,50,420,26,0,26,446
10/06/2007,LIT,AR,ASW,CE,Combined TRACON& Tower with Radar,58,67,76,4,205,0,2,27,0,29,58,69,103,4,234,10,0,10,244
10/07/2007,LIT,AR,ASW,CE,Combined TRACON& Tower with Radar,69,62,64,8,203,0,0,30,1,31,69,62,94,9,234,0,0,0,234
10/08/2007,LIT,AR,ASW,CE,Combined TRACON& Tower with Radar,72,88,69,5,234,0,2,29,0,31,72,90,98,5,265,0,0,0,265
10/09/2007,LIT,AR,ASW,CE,Combined TRACON& Tower with Radar,77,86,123,23,309,0,3,76,2,81,77,89,199,25,390,14,6,20,410
10/10/2007,LIT,AR,ASW,CE,Combined TRACON& Tower with Radar,82,83,121,49,335,0,5,82,4,91,82,88,203,53,426,32,218,250,676
10/11/2007,LIT,AR,ASW,CE,Combined TRACON& Tower with Radar,81,94,126,39,340,0,6,95,0,101,81,100,221,39,441,66,92,158,599
10/12/2007,LIT,AR,ASW,CE,Combined TRACON& Tower with Radar,76,81,114,25,296,0,6,100,6,112,76,87,214,31,408,32,74,106,514
10/13/2007,LIT,AR,ASW,CE,Combined TRACON& Tower with Radar,62,61,74,6,203,0,2,82,0,84,62,63,156,6,287,6,0,6,293
10/14/2007,LIT,AR,ASW,CE,Combined TRACON& Tower with Radar,67,68,71,4,210,0,3,85,0,88,67,71,156,4,298,0,0,0,298
10/15/2007,LIT,AR,ASW,CE,Combined TRACON& Tower with Radar,73,76,87,4,240,0,2,4,0,6,73,78,91,4,246,0,0,0,246
10/16/2007,LIT,AR,ASW,CE,Combined TRACON& Tower with Radar,76,83,146,19,324,0,1,36,1,38,76,84,182,20,362,10,32,42,404
10/17/2007,LIT,AR,ASW,CE,Combined TRACON& Tower with Radar,84,85,141,29,339,0,2,5,0,7,84,87,146,29,346,22,0,22,368
10/18/2007,LIT,AR,ASW,CE,Combined TRACON& Tower with Radar,80,92,154,44,370,0,2,46,4,52,80,94,200,48,422,0,24,24,446
10/19/2007,LIT,AR,ASW,CE,Combined TRACON& Tower with Radar,81,95,129,37,342,0,3,73,4,80,81,98,202,41,422,12,272,284,706
10/20/2007,LIT,AR,ASW,CE,Combined TRACON& Tower with Radar,59,63,65,4,191,0,0,50,6,56,59,63,115,10,247,16,16,32,279
10/21/2007,LIT,AR,ASW,CE,Combined TRACON& Tower with Radar,69,71,62,9,211,0,6,53,1,60,69,77,115,10,271,0,0,0,271
10/22/2007,LIT,AR,ASW,CE,Combined TRACON& Tower with Radar,72,99,92,17,280,0,1,6,0,7,72,100,98,17,287,0,0,0,287
10/23/2007,LIT,AR,ASW,CE,Combined TRACON& Tower with Radar,81,81,133,40,335,0,0,5,0,5,81,81,138,40,340,0,16,16,356
10/24/2007,LIT,AR,ASW,CE,Combined TRACON& Tower with Radar,80,78,116,27,301,0,4,41,5,50,80,82,157,32,351,0,14,14,365
10/25/2007,LIT,AR,ASW,CE,Combined TRACON& Tower with Radar,76,86,141,18,321,0,0,13,5,18,76,86,154,23,339,0,0,0,339
10/26/2007,LIT,AR,ASW,CE,Combined TRACON& Tower with Radar,79,83,129,50,341,0,3,20,2,25,79,86,149,52,366,16,38,54,420
10/27/2007,LIT,AR,ASW,CE,Combined TRACON& Tower with Radar,60,79,73,1,213,0,1,57,1,59,60,80,130,2,272,0,0,0,272
10/28/2007,LIT,AR,ASW,CE,Combined TRACON& Tower with Radar,67,69,70,18,224,0,0,73,2,75,67,69,143,20,299,18,0,18,317
10/29/2007,LIT,AR,ASW,CE,Combined TRACON& Tower with Radar,82,75,102,25,284,0,2,66,0,68,82,77,168,25,352,0,68,68,420
10/30/2007,LIT,AR,ASW,CE,Combined TRACON& Tower with Radar,82,67,131,34,314,0,2,94,4,100,82,69,225,38,414,48,190,238,652
10/31/2007,LIT,AR,ASW,CE,Combined TRACON& Tower with Radar,76,79,97,21,273,0,2,90,4,96,76,81,187,25,369,138,76,214,583
11/01/2007,LIT,AR,ASW,CE,Combined TRACON& Tower with Radar,79,80,149,10,318,0,3,75,3,81,79,83,224,13,399,10,24,34,433
11/02/2007,LIT,AR,ASW,CE,Combined TRACON& Tower with Radar,81,77,115,34,307,0,3,84,1,88,81,80,199,35,395,10,138,148,543
11/03/2007,LIT,AR,ASW,CE,Combined TRACON& Tower with Radar,62,70,47,3,182,0,3,45,2,50,62,73,92,5,232,0,0,0,232
11/04/2007,LIT,AR,ASW,CE,Combined TRACON& Tower with Radar,68,68,77,2,215,0,1,44,1,46,68,69,121,3,261,18,0,18,279
11/05/2007,LIT,AR,ASW,CE,Combined TRACON& Tower with Radar,75,83,91,30,279,0,0,53,1,54,75,83,144,31,333,6,42,48,381
11/06/2007,LIT,AR,ASW,CE,Combined TRACON& Tower with Radar,78,72,114,26,290,0,2,65,2,69,78,74,179,28,359,18,70,88,447
11/07/2007,LIT,AR,ASW,CE,Combined TRACON& Tower with Radar,79,87,115,25,306,0,2,93,2,97,79,89,208,27,403,26,60,86,489
11/08/2007,LIT,AR,ASW,CE,Combined TRACON& Tower with Radar,111,77,129,11,328,0,1,80,3,84,111,78,209,14,412,30,22,52,464
11/09/2007,LIT,AR,ASW,CE,Combined TRACON& Tower with Radar,79,91,108,18,296,0,4,86,1,91,79,95,194,19,387,26,54,80,467
11/10/2007,LIT,AR,ASW,CE,Combined TRACON& Tower with Radar,60,63,58,7,188,0,5,46,0,51,60,68,104,7,239,6,0,6,245
11/11/2007,LIT,AR,ASW,CE,Combined TRACON& Tower with Radar,68,54,81,6,209,0,1,33,0,34,68,55,114,6,243,18,0,18,261
11/12/2007,LIT,AR,ASW,CE,Combined TRACON& Tower with Radar,79,78,94,3,254,0,3,28,0,31,79,81,122,3,285,12,0,12,297
11/13/2007,LIT,AR,ASW,CE,Combined TRACON& Tower with Radar,79,80,130,31,320,0,1,31,1,33,79,81,161,32,353,50,76,126,479
11/14/2007,LIT,AR,ASW,CE,Combined TRACON& Tower with Radar,78,77,159,55,369,0,2,14,3,19,78,79,173,58,388,59,24,83,471
11/15/2007,LIT,AR,ASW,CE,Combined TRACON& Tower with Radar,83,84,115,21,303,0,9,106,5,120,83,93,221,26,423,18,24,42,465
11/16/2007,LIT,AR,ASW,CE,Combined TRACON& Tower with Radar,81,88,170,30,369,0,6,83,5,94,81,94,253,35,463,48,36,84,547
11/17/2007,LIT,AR,ASW,CE,Combined TRACON& Tower with Radar,63,58,82,14,217,0,0,59,3,62,63,58,141,17,279,18,0,18,297
11/18/2007,LIT,AR,ASW,CE,Combined TRACON& Tower with Radar,70,63,92,15,240,0,2,15,2,19,70,65,107,17,259,0,0,0,259
11/19/2007,LIT,AR,ASW,CE,Combined TRACON& Tower with Radar,75,74,129,11,289,0,0,13,0,13,75,74,142,11,302,4,0,4,306
11/20/2007,LIT,AR,ASW,CE,Combined TRACON& Tower with Radar,81,88,139,36,344,0,0,9,0,9,81,88,148,36,353,0,20,20,373
11/21/2007,LIT,AR,ASW,CE,Combined TRACON& Tower with Radar,89,100,71,18,278,0,4,2,0,6,89,104,73,18,284,0,0,0,284
11/22/2007,LIT,AR,ASW,CE,Combined TRACON& Tower with Radar,57,51,23,0,131,0,1,12,0,13,57,52,35,0,144,0,0,0,144
11/23/2007,LIT,AR,ASW,CE,Combined TRACON& Tower with Radar,63,56,51,0,170,0,0,41,0,41,63,56,92,0,211,6,0,6,217
11/24/2007,LIT,AR,ASW,CE,Combined TRACON& Tower with Radar,60,68,60,2,190,0,0,30,0,30,60,68,90,2,220,6,0,6,226
11/25/2007,LIT,AR,ASW,CE,Combined TRACON& Tower with Radar,67,69,60,3,199,0,0,3,0,3,67,69,63,3,202,0,0,0,202
11/26/2007,LIT,AR,ASW,CE,Combined TRACON& Tower with Radar,93,80,85,51,309,0,3,6,3,12,93,83,91,54,321,50,84,134,455
11/27/2007,LIT,AR,ASW,CE,Combined TRACON& Tower with Radar,77,73,125,66,341,0,0,90,10,100,77,73,215,76,441,52,134,186,627
11/28/2007,LIT,AR,ASW,CE,Combined TRACON& Tower with Radar,81,92,130,37,340,0,5,73,3,81,81,97,203,40,421,16,98,114,535
11/29/2007,LIT,AR,ASW,CE,Combined TRACON& Tower with Radar,76,86,126,20,308,0,1,110,1,112,76,87,236,21,420,40,114,154,574
11/30/2007,LIT,AR,ASW,CE,Combined TRACON& Tower with Radar,77,71,123,23,294,0,5,63,2,70,77,76,186,25,364,24,22,46,410
12/01/2007,LIT,AR,ASW,CE,Combined TRACON& Tower with Radar,58,69,66,5,198,0,1,40,1,42,58,70,106,6,240,0,0,0,240
12/02/2007,LIT,AR,ASW,CE,Combined TRACON& Tower with Radar,66,69,59,1,195,0,1,7,1,9,66,70,66,2,204,0,0,0,204
12/03/2007,LIT,AR,ASW,CE,Combined TRACON& Tower with Radar,71,89,97,4,261,0,0,94,0,94,71,89,191,4,355,0,0,0,355
12/04/2007,LIT,AR,ASW,CE,Combined TRACON& Tower with Radar,78,92,123,9,302,0,2,75,6,83,78,94,198,15,385,22,140,162,547
12/05/2007,LIT,AR,ASW,CE,Combined TRACON& Tower with Radar,73,83,118,23,297,0,1,69,2,72,73,84,187,25,369,112,171,283,652
12/06/2007,LIT,AR,ASW,CE,Combined TRACON& Tower with Radar,75,107,132,32,346,0,11,63,7,81,75,118,195,39,427,30,332,362,789
12/07/2007,LIT,AR,ASW,CE,Combined TRACON& Tower with Radar,77,92,126,61,356,0,0,6,0,6,77,92,132,61,362,28,196,224,586
12/08/2007,LIT,AR,ASW,CE,Combined TRACON& Tower with Radar,59,63,60,7,189,0,0,1,0,1,59,63,61,7,190,22,0,22,212
12/09/2007,LIT,AR,ASW,CE,Combined TRACON& Tower with Radar,62,51,61,0,174,0,0,2,0,2,62,51,63,0,176,0,0,0,176
12/10/2007,LIT,AR,ASW,CE,Combined TRACON& Tower with Radar,77,77,76,6,236,0,0,0,0,0,77,77,76,6,236,0,0,0,236
12/11/2007,LIT,AR,ASW,CE,Combined TRACON& Tower with Radar,75,70,89,2,236,0,3,4,2,9,75,73,93,4,245,48,0,48,293
12/12/2007,LIT,AR,ASW,CE,Combined TRACON& Tower with Radar,80,86,121,8,295,0,0,0,0,0,80,86,121,8,295,0,0,0,295
12/13/2007,LIT,AR,ASW,CE,Combined TRACON& Tower with Radar,71,112,133,44,360,0,1,37,4,42,71,113,170,48,402,64,130,194,596
12/14/2007,LIT,AR,ASW,CE,Combined TRACON& Tower with Radar,73,94,141,21,329,0,5,5,0,10,73,99,146,21,339,60,158,218,557
12/15/2007,LIT,AR,ASW,CE,Combined TRACON& Tower with Radar,56,80,42,0,178,0,0,2,0,2,56,80,44,0,180,0,0,0,180
12/16/2007,LIT,AR,ASW,CE,Combined TRACON& Tower with Radar,64,82,53,0,199,0,5,42,1,48,64,87,95,1,247,0,0,0,247
12/17/2007,LIT,AR,ASW,CE,Combined TRACON& Tower with Radar,67,85,92,20,264,0,1,97,9,107,67,86,189,29,371,4,74,78,449
12/18/2007,LIT,AR,ASW,CE,Combined TRACON& Tower with Radar,72,108,154,32,366,0,0,30,2,32,72,108,184,34,398,2,80,82,480
12/19/2007,LIT,AR,ASW,CE,Combined TRACON& Tower with Radar,79,100,152,22,353,0,0,0,0,0,79,100,152,22,353,0,0,0,353
12/20/2007,LIT,AR,ASW,CE,Combined TRACON& Tower with Radar,74,85,149,24,332,0,2,13,0,15,74,87,162,24,347,0,0,0,347
12/21/2007,LIT,AR,ASW,CE,Combined TRACON& Tower with Radar,76,83,146,9,314,0,0,5,0,5,76,83,151,9,319,0,0,0,319
12/22/2007,LIT,AR,ASW,CE,Combined TRACON& Tower with Radar,60,75,44,0,179,0,1,2,0,3,60,76,46,0,182,0,0,0,182
12/23/2007,LIT,AR,ASW,CE,Combined TRACON& Tower with Radar,59,72,59,0,190,0,2,72,0,74,59,74,131,0,264,0,0,0,264
12/24/2007,LIT,AR,ASW,CE,Combined TRACON& Tower with Radar,58,59,26,0,143,0,0,39,0,39,58,59,65,0,182,0,0,0,182
12/25/2007,LIT,AR,ASW,CE,Combined TRACON& Tower with Radar,48,55,11,0,114,0,1,14,0,15,48,56,25,0,129,18,0,18,147
12/26/2007,LIT,AR,ASW,CE,Combined TRACON& Tower with Radar,67,82,63,1,213,0,1,19,1,21,67,83,82,2,234,0,0,0,234
12/27/2007,LIT,AR,ASW,CE,Combined TRACON& Tower with Radar,67,82,79,3,231,0,0,0,0,0,67,82,79,3,231,0,0,0,231
12/28/2007,LIT,AR,ASW,CE,Combined TRACON& Tower with Radar,66,86,77,8,237,0,0,17,0,17,66,86,94,8,254,0,0,0,254
12/29/2007,LIT,AR,ASW,CE,Combined TRACON& Tower with Radar,58,78,62,0,198,0,2,60,0,62,58,80,122,0,260,30,0,30,290
12/30/2007,LIT,AR,ASW,CE,Combined TRACON& Tower with Radar,60,86,68,0,214,0,0,47,0,47,60,86,115,0,261,14,0,14,275
12/31/2007,LIT,AR,ASW,CE,Combined TRACON& Tower with Radar,59,58,48,5,170,0,4,44,1,49,59,62,92,6,219,0,0,0,219
01/01/2008,LIT,AR,ASW,CE,Combined TRACON& Tower with Radar,57,60,31,0,148,0,0,21,0,21,57,60,52,0,169,6,0,6,175
01/02/2008,LIT,AR,ASW,CE,Combined TRACON& Tower with Radar,70,80,56,6,212,0,2,54,1,57,70,82,110,7,269,88,0,88,357
01/03/2008,LIT,AR,ASW,CE,Combined TRACON& Tower with Radar,77,90,82,8,257,0,1,81,1,83,77,91,163,9,340,2,0,2,342
01/04/2008,LIT,AR,ASW,CE,Combined TRACON& Tower with Radar,74,91,82,31,278,0,4,67,2,73,74,95,149,33,351,0,0,0,351
01/05/2008,LIT,AR,ASW,CE,Combined TRACON& Tower with Radar,53,70,59,11,193,0,3,5,0,8,53,73,64,11,201,8,0,8,209
01/06/2008,LIT,AR,ASW,CE,Combined TRACON& Tower with Radar,63,80,62,2,207,0,0,15,0,15,63,80,77,2,222,0,0,0,222
01/07/2008,LIT,AR,ASW,CE,Combined TRACON& Tower with Radar,63,88,64,3,218,0,5,9,0,14,63,93,73,3,232,0,0,0,232
01/08/2008,LIT,AR,ASW,CE,Combined TRACON& Tower with Radar,69,95,62,37,263,0,6,1,4,11,69,101,63,41,274,8,184,192,466
01/09/2008,LIT,AR,ASW,CE,Combined TRACON& Tower with Radar,70,78,122,16,286,0,4,85,1,90,70,82,207,17,376,44,190,234,610
01/10/2008,LIT,AR,ASW,CE,Combined TRACON& Tower with Radar,70,83,91,11,255,0,4,22,4,30,70,87,113,15,285,32,28,60,345
01/11/2008,LIT,AR,ASW,CE,Combined TRACON& Tower with Radar,70,87,97,50,304,0,3,96,9,108,70,90,193,59,412,14,332,346,758
01/12/2008,LIT,AR,ASW,CE,Combined TRACON& Tower with Radar,50,71,35,20,176,0,3,47,5,55,50,74,82,25,231,56,2,58,289
01/13/2008,LIT,AR,ASW,CE,Combined TRACON& Tower with Radar,58,73,63,19,213,0,0,46,3,49,58,73,109,22,262,70,82,152,414
01/14/2008,LIT,AR,ASW,CE,Combined TRACON& Tower with Radar,67,94,81,34,276,0,3,80,4,87,67,97,161,38,363,24,46,70,433
01/15/2008,LIT,AR,ASW,CE,Combined TRACON& Tower with Radar,69,95,96,11,271,0,0,92,3,95,69,95,188,14,366,58,42,100,466
01/16/2008,LIT,AR,ASW,CE,Combined TRACON& Tower with Radar,66,90,111,14,281,0,4,27,0,31,66,94,138,14,312,0,24,24,336
01/17/2008,LIT,AR,ASW,CE,Combined TRACON& Tower with Radar,69,87,103,29,288,0,4,16,3,23,69,91,119,32,311,142,240,382,693
01/18/2008,LIT,AR,ASW,CE,Combined TRACON& Tower with Radar,69,90,142,47,348,0,6,94,8,108,69,96,236,55,456,46,2,48,504
01/19/2008,LIT,AR,ASW,CE,Combined TRACON& Tower with Radar,46,72,66,10,194,0,1,63,0,64,46,73,129,10,258,140,32,172,430
01/20/2008,LIT,AR,ASW,CE,Combined TRACON& Tower with Radar,60,71,54,3,188,0,1,82,4,87,60,72,136,7,275,0,0,0,275
01/21/2008,LIT,AR,ASW,CE,Combined TRACON& Tower with Radar,63,85,80,0,228,0,6,62,0,68,63,91,142,0,296,0,0,0,296
01/22/2008,LIT,AR,ASW,CE,Combined TRACON& Tower with Radar,70,86,113,11,280,0,1,3,0,4,70,87,116,11,284,6,8,14,298
01/23/2008,LIT,AR,ASW,CE,Combined TRACON& Tower with Radar,69,90,115,66,340,0,2,25,5,32,69,92,140,71,372,0,254,254,626
01/24/2008,LIT,AR,ASW,CE,Combined TRACON& Tower with Radar,69,87,130,31,317,0,4,80,1,85,69,91,210,32,402,8,56,64,466
01/25/2008,LIT,AR,ASW,CE,Combined TRACON& Tower with Radar,59,75,55,6,195,0,4,5,0,9,59,79,60,6,204,0,0,0,204
01/26/2008,LIT,AR,ASW,CE,Combined TRACON& Tower with Radar,51,62,57,1,171,0,0,2,0,2,51,62,59,1,173,0,0,0,173
01/27/2008,LIT,AR,ASW,CE,Combined TRACON& Tower with Radar,57,60,49,12,178,0,3,31,0,34,57,63,80,12,212,0,0,0,212
01/28/2008,LIT,AR,ASW,CE,Combined TRACON& Tower with Radar,61,76,102,32,271,0,3,22,0,25,61,79,124,32,296,22,134,156,452
01/29/2008,LIT,AR,ASW,CE,Combined TRACON& Tower with Radar,74,98,99,11,282,0,2,9,0,11,74,100,108,11,293,8,62,70,363
01/30/2008,LIT,AR,ASW,CE,Combined TRACON& Tower with Radar,67,104,123,10,304,0,2,104,2,108,67,106,227,12,412,12,46,58,470
01/31/2008,LIT,AR,ASW,CE,Combined TRACON& Tower with Radar,62,72,77,0,211,0,0,0,0,0,62,72,77,0,211,0,0,0,211
02/01/2008,LIT,AR,ASW,CE,Combined TRACON& Tower with Radar,62,89,117,19,287,0,5,65,3,73,62,94,182,22,360,96,38,134,494
02/02/2008,LIT,AR,ASW,CE,Combined TRACON& Tower with Radar,52,68,69,0,189,0,1,94,2,97,52,69,163,2,286,34,12,46,332
02/03/2008,LIT,AR,ASW,CE,Combined TRACON& Tower with Radar,51,66,31,5,153,0,2,4,0,6,51,68,35,5,159,0,0,0,159
02/04/2008,LIT,AR,ASW,CE,Combined TRACON& Tower with Radar,59,72,85,20,236,0,2,21,1,24,59,74,106,21,260,0,0,0,260
02/05/2008,LIT,AR,ASW,CE,Combined TRACON& Tower with Radar,70,74,66,21,231,0,2,1,0,3,70,76,67,21,234,0,110,110,344
02/06/2008,LIT,AR,ASW,CE,Combined TRACON& Tower with Radar,63,90,89,10,252,0,8,18,0,26,63,98,107,10,278,24,20,44,322
02/07/2008,LIT,AR,ASW,CE,Combined TRACON& Tower with Radar,68,88,130,13,299,0,0,96,0,96,68,88,226,13,395,24,18,42,437
02/08/2008,LIT,AR,ASW,CE,Combined TRACON& Tower with Radar,71,86,101,10,268,0,2,79,3,84,71,88,180,13,352,24,0,24,376
02/09/2008,LIT,AR,ASW,CE,Combined TRACON& Tower with Radar,49,59,50,4,162,0,5,79,2,86,49,64,129,6,248,44,0,44,292
02/10/2008,LIT,AR,ASW,CE,Combined TRACON& Tower with Radar,57,59,67,1,184,0,5,63,1,69,57,64,130,2,253,8,0,8,261
02/11/2008,LIT,AR,ASW,CE,Combined TRACON& Tower with Radar,64,79,72,5,220,0,2,45,3,50,64,81,117,8,270,40,0,40,310
02/12/2008,LIT,AR,ASW,CE,Combined TRACON& Tower with Radar,58,84,40,25,207,0,0,4,0,4,58,84,44,25,211,0,0,0,211
02/13/2008,LIT,AR,ASW,CE,Combined TRACON& Tower with Radar,66,101,117,41,325,0,0,72,7,79,66,101,189,48,404,12,26,38,442
02/14/2008,LIT,AR,ASW,CE,Combined TRACON& Tower with Radar,73,83,96,16,268,0,2,80,0,82,73,85,176,16,350,2,8,10,360
02/15/2008,LIT,AR,ASW,CE,Combined TRACON& Tower with Radar,72,90,107,16,285,0,2,12,2,16,72,92,119,18,301,8,140,148,449
02/16/2008,LIT,AR,ASW,CE,Combined TRACON& Tower with Radar,63,80,30,12,185,0,0,0,0,0,63,80,30,12,185,0,12,12,197
02/17/2008,LIT,AR,ASW,CE,Combined TRACON& Tower with Radar,57,69,55,5,186,0,2,11,0,13,57,71,66,5,199,0,0,0,199
02/18/2008,LIT,AR,ASW,CE,Combined TRACON& Tower with Radar,64,82,96,6,248,0,1,65,2,68,64,83,161,8,316,8,0,8,324
02/19/2008,LIT,AR,ASW,CE,Combined TRACON& Tower with Radar,74,83,136,24,317,0,1,106,2,109,74,84,242,26,426,0,0,0,426
02/20/2008,LIT,AR,ASW,CE,Combined TRACON& Tower with Radar,68,92,101,26,287,0,1,37,2,40,68,93,138,28,327,0,48,48,375
02/21/2008,LIT,AR,ASW,CE,Combined TRACON& Tower with Radar,71,77,70,0,218,0,0,0,0,0,71,77,70,0,218,0,0,0,218
02/22/2008,LIT,AR,ASW,CE,Combined TRACON& Tower with Radar,71,80,118,52,321,0,1,9,4,14,71,81,127,56,335,16,198,214,549
02/23/2008,LIT,AR,ASW,CE,Combined TRACON& Tower with Radar,60,61,49,7,177,0,2,14,3,19,60,63,63,10,196,12,0,12,208
02/24/2008,LIT,AR,ASW,CE,Combined TRACON& Tower with Radar,63,57,68,0,188,0,1,22,1,24,63,58,90,1,212,20,0,20,232
02/25/2008,LIT,AR,ASW,CE,Combined TRACON& Tower with Radar,66,79,105,14,264,0,1,24,0,25,66,80,129,14,289,20,88,108,397
02/26/2008,LIT,AR,ASW,CE,Combined TRACON& Tower with Radar,73,82,90,31,276,0,3,20,1,24,73,85,110,32,300,0,0,0,300
02/27/2008,LIT,AR,ASW,CE,Combined TRACON& Tower with Radar,76,102,141,24,343,0,3,84,4,91,76,105,225,28,434,14,68,82,516
02/28/2008,LIT,AR,ASW,CE,Combined TRACON& Tower with Radar,73,75,114,16,278,0,0,85,2,87,73,75,199,18,365,48,0,48,413
02/29/2008,LIT,AR,ASW,CE,Combined TRACON& Tower with Radar,72,73,108,21,274,0,0,50,2,52,72,73,158,23,326,12,2,14,340
03/01/2008,LIT,AR,ASW,CE,Combined TRACON& Tower with Radar,57,78,45,28,208,0,0,81,0,81,57,78,126,28,289,30,92,122,411
03/02/2008,LIT,AR,ASW,CE,Combined TRACON& Tower with Radar,62,57,76,17,212,0,0,31,0,31,62,57,107,17,243,0,0,0,243
03/03/2008,LIT,AR,ASW,CE,Combined TRACON& Tower with Radar,67,75,37,11,190,0,2,0,0,2,67,77,37,11,192,0,0,0,192
03/04/2008,LIT,AR,ASW,CE,Combined TRACON& Tower with Radar,70,80,81,22,253,0,1,19,4,24,70,81,100,26,277,2,96,98,375
03/05/2008,LIT,AR,ASW,CE,Combined TRACON& Tower with Radar,69,82,120,12,283,0,0,82,8,90,69,82,202,20,373,6,72,78,451
03/06/2008,LIT,AR,ASW,CE,Combined TRACON& Tower with Radar,60,92,129,18,299,0,1,25,4,30,60,93,154,22,329,0,82,82,411
03/07/2008,LIT,AR,ASW,CE,Combined TRACON& Tower with Radar,58,59,42,3,162,0,1,1,0,2,58,60,43,3,164,0,0,0,164
03/08/2008,LIT,AR,ASW,CE,Combined TRACON& Tower with Radar,58,78,56,10,202,0,2,39,4,45,58,80,95,14,247,8,10,18,265
03/09/2008,LIT,AR,ASW,CE,Combined TRACON& Tower with Radar,65,53,55,2,175,0,1,65,1,67,65,54,120,3,242,0,0,0,242
03/10/2008,LIT,AR,ASW,CE,Combined TRACON& Tower with Radar,70,78,93,31,272,0,3,76,6,85,70,81,169,37,357,24,150,174,531
03/11/2008,LIT,AR,ASW,CE,Combined TRACON& Tower with Radar,76,87,120,27,310,0,6,97,3,106,76,93,217,30,416,0,200,200,616
03/12/2008,LIT,AR,ASW,CE,Combined TRACON& Tower with Radar,72,95,115,18,300,0,6,112,3,121,72,101,227,21,421,0,102,102,523
03/13/2008,LIT,AR,ASW,CE,Combined TRACON& Tower with Radar,65,84,113,8,270,0,10,79,1,90,65,94,192,9,360,52,0,52,412
03/14/2008,LIT,AR,ASW,CE,Combined TRACON& Tower with Radar,71,77,90,53,291,0,3,24,0,27,71,80,114,53,318,24,136,160,478
03/15/2008,LIT,AR,ASW,CE,Combined TRACON& Tower with Radar,50,71,65,2,188,0,7,16,0,23,50,78,81,2,211,0,0,0,211
03/16/2008,LIT,AR,ASW,CE,Combined TRACON& Tower with Radar,65,58,86,6,215,0,3,32,0,35,65,61,118,6,250,0,0,0,250
03/17/2008,LIT,AR,ASW,CE,Combined TRACON& Tower with Radar,69,85,108,20,282,0,5,21,3,29,69,90,129,23,311,0,0,0,311
03/18/2008,LIT,AR,ASW,CE,Combined TRACON& Tower with Radar,73,70,45,13,201,0,3,4,0,7,73,73,49,13,208,0,0,0,208
03/19/2008,LIT,AR,ASW,CE,Combined TRACON& Tower with Radar,92,98,108,23,321,0,3,13,0,16,92,101,121,23,337,0,36,36,373
03/20/2008,LIT,AR,ASW,CE,Combined TRACON& Tower with Radar,68,85,138,28,319,0,0,101,3,104,68,85,239,31,423,42,236,278,701
03/21/2008,LIT,AR,ASW,CE,Combined TRACON& Tower with Radar,65,90,121,17,293,0,7,65,3,75,65,97,186,20,368,38,84,122,490
03/22/2008,LIT,AR,ASW,CE,Combined TRACON& Tower with Radar,59,66,77,0,202,0,0,60,0,60,59,66,137,0,262,40,0,40,302
03/23/2008,LIT,AR,ASW,CE,Combined TRACON& Tower with Radar,70,61,74,0,205,0,4,46,1,51,70,65,120,1,256,14,0,14,270
03/24/2008,LIT,AR,ASW,CE,Combined TRACON& Tower with Radar,67,89,99,9,264,0,0,76,5,81,67,89,175,14,345,10,18,28,373
03/25/2008,LIT,AR,ASW,CE,Combined TRACON& Tower with Radar,69,87,126,33,315,0,0,64,6,70,69,87,190,39,385,34,84,118,503
03/26/2008,LIT,AR,ASW,CE,Combined TRACON& Tower with Radar,69,78,143,23,313,0,1,42,7,50,69,79,185,30,363,22,6,28,391
03/27/2008,LIT,AR,ASW,CE,Combined TRACON& Tower with Radar,72,105,106,29,312,0,9,22,5,36,72,114,128,34,348,8,0,8,356
03/28/2008,LIT,AR,ASW,CE,Combined TRACON& Tower with Radar,66,93,107,14,280,0,1,6,1,8,66,94,113,15,288,12,16,28,316
03/29/2008,LIT,AR,ASW,CE,Combined TRACON& Tower with Radar,55,67,71,4,197,0,1,1,0,2,55,68,72,4,199,0,0,0,199
03/30/2008,LIT,AR,ASW,CE,Combined TRACON& Tower with Radar,62,56,56,0,174,0,1,5,1,7,62,57,61,1,181,0,0,0,181
03/31/2008,LIT,AR,ASW,CE,Combined TRACON& Tower with Radar,59,86,93,21,259,0,2,1,0,3,59,88,94,21,262,0,0,0,262
04/01/2008,LIT,AR,ASW,CE,Combined TRACON& Tower with Radar,78,90,120,43,331,0,7,39,5,51,78,97,159,48,382,0,6,6,388
04/02/2008,LIT,AR,ASW,CE,Combined TRACON& Tower with Radar,74,66,127,5,272,0,2,26,2,30,74,68,153,7,302,0,0,0,302
04/03/2008,LIT,AR,ASW,CE,Combined TRACON& Tower with Radar,74,85,88,10,257,0,2,13,1,16,74,87,101,11,273,0,0,0,273
04/04/2008,LIT,AR,ASW,CE,Combined TRACON& Tower with Radar,71,76,84,2,233,0,1,7,0,8,71,77,91,2,241,8,8,16,257
04/05/2008,LIT,AR,ASW,CE,Combined TRACON& Tower with Radar,54,68,60,17,199,0,5,82,1,88,54,73,142,18,287,0,0,0,287
04/06/2008,LIT,AR,ASW,CE,Combined TRACON& Tower with Radar,66,58,72,9,205,0,3,76,2,81,66,61,148,11,286,0,0,0,286
04/07/2008,LIT,AR,ASW,CE,Combined TRACON& Tower with Radar,70,74,110,9,263,0,6,103,1,110,70,80,213,10,373,2,32,34,407
04/08/2008,LIT,AR,ASW,CE,Combined TRACON& Tower with Radar,75,66,102,2,245,0,2,22,1,25,75,68,124,3,270,0,0,0,270
04/09/2008,LIT,AR,ASW,CE,Combined TRACON& Tower with Radar,68,79,82,9,238,0,3,9,0,12,68,82,91,9,250,2,0,2,252
04/10/2008,LIT,AR,ASW,CE,Combined TRACON& Tower with Radar,71,65,41,1,178,0,4,1,1,6,71,69,42,2,184,0,0,0,184
04/11/2008,LIT,AR,ASW,CE,Combined TRACON& Tower with Radar,92,87,78,20,277,0,0,69,3,72,92,87,147,23,349,30,64,94,443
04/12/2008,LIT,AR,ASW,CE,Combined TRACON& Tower with Radar,55,66,49,2,172,0,9,17,1,27,55,75,66,3,199,66,0,66,265
04/13/2008,LIT,AR,ASW,CE,Combined TRACON& Tower with Radar,68,48,60,15,191,0,3,38,5,46,68,51,98,20,237,0,0,0,237
04/14/2008,LIT,AR,ASW,CE,Combined TRACON& Tower with Radar,71,68,104,5,248,0,1,95,0,96,71,69,199,5,344,18,26,44,388
04/15/2008,LIT,AR,ASW,CE,Combined TRACON& Tower with Radar,78,67,105,13,263,0,2,80,5,87,78,69,185,18,350,10,0,10,360
04/16/2008,LIT,AR,ASW,CE,Combined TRACON& Tower with Radar,73,71,103,8,255,0,2,59,8,69,73,73,162,16,324,0,22,22,346
04/17/2008,LIT,AR,ASW,CE,Combined TRACON& Tower with Radar,76,70,136,15,297,0,5,44,5,54,76,75,180,20,351,66,130,196,547
04/18/2008,LIT,AR,ASW,CE,Combined TRACON& Tower with Radar,76,61,81,26,244,0,0,8,1,9,76,61,89,27,253,32,0,32,285
04/19/2008,LIT,AR,ASW,CE,Combined TRACON& Tower with Radar,56,58,43,10,167,0,0,59,0,59,56,58,102,10,226,0,0,0,226
04/20/2008,LIT,AR,ASW,CE,Combined TRACON& Tower with Radar,70,49,49,3,171,0,1,72,0,73,70,50,121,3,244,64,94,158,402
04/21/2008,LIT,AR,ASW,CE,Combined TRACON& Tower with Radar,71,78,78,13,240,0,0,86,4,90,71,78,164,17,330,0,30,30,360
04/22/2008,LIT,AR,ASW,CE,Combined TRACON& Tower with Radar,80,67,120,12,279,0,3,44,10,57,80,70,164,22,336,0,186,186,522
04/23/2008,LIT,AR,ASW,CE,Combined TRACON& Tower with Radar,74,80,112,29,295,0,0,62,7,69,74,80,174,36,364,0,0,0,364
04/24/2008,LIT,AR,ASW,CE,Combined TRACON& Tower with Radar,75,80,115,17,287,0,1,13,1,15,75,81,128,18,302,6,70,76,378
04/25/2008,LIT,AR,ASW,CE,Combined TRACON& Tower with Radar,82,78,133,1,294,0,2,35,0,37,82,80,168,1,331,0,0,0,331
04/26/2008,LIT,AR,ASW,CE,Combined TRACON& Tower with Radar,54,62,55,6,177,0,4,58,3,65,54,66,113,9,242,52,0,52,294
04/27/2008,LIT,AR,ASW,CE,Combined TRACON& Tower with Radar,69,51,42,4,166,0,1,14,2,17,69,52,56,6,183,0,0,0,183
04/28/2008,LIT,AR,ASW,CE,Combined TRACON& Tower with Radar,71,68,71,26,236,0,0,83,11,94,71,68,154,37,330,10,34,44,374
04/29/2008,LIT,AR,ASW,CE,Combined TRACON& Tower with Radar,75,75,119,36,305,0,1,91,7,99,75,76,210,43,404,8,202,210,614
04/30/2008,LIT,AR,ASW,CE,Combined TRACON& Tower with Radar,78,84,116,30,308,0,5,64,6,75,78,89,180,36,383,0,0,0,383
05/01/2008,LIT,AR,ASW,CE,Combined TRACON& Tower with Radar,74,72,110,27,283,0,0,34,3,37,74,72,144,30,320,18,46,64,384
05/02/2008,LIT,AR,ASW,CE,Combined TRACON& Tower with Radar,73,58,76,13,220,0,5,18,0,23,73,63,94,13,243,0,34,34,277
05/03/2008,LIT,AR,ASW,CE,Combined TRACON& Tower with Radar,62,56,53,0,171,0,3,65,1,69,62,59,118,1,240,50,0,50,290
05/04/2008,LIT,AR,ASW,CE,Combined TRACON& Tower with Radar,68,55,62,8,193,0,3,69,3,75,68,58,131,11,268,0,0,0,268
05/05/2008,LIT,AR,ASW,CE,Combined TRACON& Tower with Radar,72,66,87,7,232,0,8,88,0,96,72,74,175,7,328,0,0,0,328
05/06/2008,LIT,AR,ASW,CE,Combined TRACON& Tower with Radar,71,74,105,13,263,0,1,41,5,47,71,75,146,18,310,0,36,36,346
05/07/2008,LIT,AR,ASW,CE,Combined TRACON& Tower with Radar,71,65,99,15,250,1,2,15,2,20,72,67,114,17,270,0,8,8,278
05/08/2008,LIT,AR,ASW,CE,Combined TRACON& Tower with Radar,79,80,112,15,286,0,1,40,6,47,79,81,152,21,333,12,0,12,345
05/09/2008,LIT,AR,ASW,CE,Combined TRACON& Tower with Radar,78,71,92,14,255,0,6,67,7,80,78,77,159,21,335,28,188,216,551
05/10/2008,LIT,AR,ASW,CE,Combined TRACON& Tower with Radar,61,61,61,2,185,0,3,7,0,10,61,64,68,2,195,10,0,10,205
05/11/2008,LIT,AR,ASW,CE,Combined TRACON& Tower with Radar,69,55,37,2,163,0,3,19,1,23,69,58,56,3,186,18,0,18,204
05/12/2008,LIT,AR,ASW,CE,Combined TRACON& Tower with Radar,71,69,100,9,249,0,0,124,7,131,71,69,224,16,380,4,52,56,436
05/13/2008,LIT,AR,ASW,CE,Combined TRACON& Tower with Radar,77,70,136,7,290,0,3,33,0,36,77,73,169,7,326,10,34,44,370
05/14/2008,LIT,AR,ASW,CE,Combined TRACON& Tower with Radar,87,84,97,18,286,0,3,13,2,18,87,87,110,20,304,2,54,56,360
05/15/2008,LIT,AR,ASW,CE,Combined TRACON& Tower with Radar,80,86,88,29,283,0,8,11,0,19,80,94,99,29,302,40,28,68,370
05/16/2008,LIT,AR,ASW,CE,Combined TRACON& Tower with Radar,75,86,107,45,313,0,4,100,4,108,75,90,207,49,421,0,36,36,457
05/17/2008,LIT,AR,ASW,CE,Combined TRACON& Tower with Radar,66,61,45,7,179,0,0,78,0,78,66,61,123,7,257,66,22,88,345
05/18/2008,LIT,AR,ASW,CE,Combined TRACON& Tower with Radar,67,57,76,4,204,0,2,64,0,66,67,59,140,4,270,0,0,0,270
05/19/2008,LIT,AR,ASW,CE,Combined TRACON& Tower with Radar,71,67,81,32,251,0,0,57,0,57,71,67,138,32,308,82,40,122,430
05/20/2008,LIT,AR,ASW,CE,Combined TRACON& Tower with Radar,75,74,106,38,293,0,1,66,4,71,75,75,172,42,364,1,42,43,407
05/21/2008,LIT,AR,ASW,CE,Combined TRACON& Tower with Radar,79,75,123,38,315,0,0,86,7,93,79,75,209,45,408,2,126,128,536
05/22/2008,LIT,AR,ASW,CE,Combined TRACON& Tower with Radar,76,72,141,26,315,0,12,71,5,88,76,84,212,31,403,0,0,0,403
05/23/2008,LIT,AR,ASW,CE,Combined TRACON& Tower with Radar,75,75,115,19,284,0,9,18,5,32,75,84,133,24,316,0,0,0,316
05/24/2008,LIT,AR,ASW,CE,Combined TRACON& Tower with Radar,60,58,45,1,164,0,3,9,0,12,60,61,54,1,176,0,0,0,176
05/25/2008,LIT,AR,ASW,CE,Combined TRACON& Tower with Radar,61,53,20,0,134,0,2,32,3,37,61,55,52,3,171,68,0,68,239
05/26/2008,LIT,AR,ASW,CE,Combined TRACON& Tower with Radar,70,55,38,4,167,0,4,55,0,59,70,59,93,4,226,6,0,6,232
05/27/2008,LIT,AR,ASW,CE,Combined TRACON& Tower with Radar,68,75,85,1,229,0,3,11,1,15,68,78,96,2,244,4,0,4,248
05/28/2008,LIT,AR,ASW,CE,Combined TRACON& Tower with Radar,75,74,135,25,309,0,2,26,3,31,75,76,161,28,340,0,0,0,340
05/29/2008,LIT,AR,ASW,CE,Combined TRACON& Tower with Radar,81,76,122,16,295,0,7,27,6,40,81,83,149,22,335,0,0,0,335
05/30/2008,LIT,AR,ASW,CE,Combined TRACON& Tower with Radar,79,76,81,6,242,0,3,63,0,66,79,79,144,6,308,28,0,28,336
05/31/2008,LIT,AR,ASW,CE,Combined TRACON& Tower with Radar,60,52,31,0,143,0,2,67,0,69,60,54,98,0,212,0,0,0,212
06/01/2008,LIT,AR,ASW,CE,Combined TRACON& Tower with Radar,68,62,50,6,186,0,4,40,0,44,68,66,90,6,230,30,0,30,260
06/02/2008,LIT,AR,ASW,CE,Combined TRACON& Tower with Radar,70,71,76,4,221,0,4,73,0,77,70,75,149,4,298,66,0,66,364
06/03/2008,LIT,AR,ASW,CE,Combined TRACON& Tower with Radar,76,75,90,4,245,0,2,51,2,55,76,77,141,6,300,6,0,6,306
06/04/2008,LIT,AR,ASW,CE,Combined TRACON& Tower with Radar,73,67,80,11,231,0,1,30,1,32,73,68,110,12,263,0,0,0,263
06/05/2008,LIT,AR,ASW,CE,Combined TRACON& Tower with Radar,72,92,131,14,309,0,1,29,2,32,72,93,160,16,341,30,4,34,375
06/06/2008,LIT,AR,ASW,CE,Combined TRACON& Tower with Radar,75,86,83,19,263,0,4,49,1,54,75,90,132,20,317,92,0,92,409
06/07/2008,LIT,AR,ASW,CE,Combined TRACON& Tower with Radar,63,61,63,2,189,0,0,51,0,51,63,61,114,2,240,0,0,0,240
06/08/2008,LIT,AR,ASW,CE,Combined TRACON& Tower with Radar,63,56,57,5,181,0,0,50,4,54,63,56,107,9,235,72,0,72,307
06/09/2008,LIT,AR,ASW,CE,Combined TRACON& Tower with Radar,66,60,69,9,204,0,4,34,4,42,66,64,103,13,246,12,12,24,270
06/10/2008,LIT,AR,ASW,CE,Combined TRACON& Tower with Radar,80,73,155,37,345,0,3,28,7,38,80,76,183,44,383,0,0,0,383
06/11/2008,LIT,AR,ASW,CE,Combined TRACON& Tower with Radar,77,72,131,6,286,0,0,77,2,79,77,72,208,8,365,22,0,22,387
06/12/2008,LIT,AR,ASW,CE,Combined TRACON& Tower with Radar,74,75,114,17,280,0,6,67,2,75,74,81,181,19,355,0,4,4,359
06/13/2008,LIT,AR,ASW,CE,Combined TRACON& Tower with Radar,79,70,91,28,268,0,17,39,9,65,79,87,130,37,333,0,24,24,357
06/14/2008,LIT,AR,ASW,CE,Combined TRACON& Tower with Radar,65,65,48,5,183,0,5,38,5,48,65,70,86,10,231,0,0,0,231
06/15/2008,LIT,AR,ASW,CE,Combined TRACON& Tower with Radar,64,67,69,1,201,0,0,30,0,30,64,67,99,1,231,0,0,0,231
06/16/2008,LIT,AR,ASW,CE,Combined TRACON& Tower with Radar,72,74,74,9,229,0,16,57,0,73,72,90,131,9,302,0,0,0,302
06/17/2008,LIT,AR,ASW,CE,Combined TRACON& Tower with Radar,82,87,102,27,298,0,8,84,4,96,82,95,186,31,394,26,60,86,480
06/18/2008,LIT,AR,ASW,CE,Combined TRACON& Tower with Radar,78,86,109,5,278,0,9,89,3,101,78,95,198,8,379,0,0,0,379
06/19/2008,LIT,AR,ASW,CE,Combined TRACON& Tower with Radar,69,90,112,4,275,0,7,82,2,91,69,97,194,6,366,68,0,68,434
06/20/2008,LIT,AR,ASW,CE,Combined TRACON& Tower with Radar,78,82,94,3,257,1,3,34,3,41,79,85,128,6,298,84,0,84,382
06/21/2008,LIT,AR,ASW,CE,Combined TRACON& Tower with Radar,62,74,52,5,193,0,0,60,3,63,62,74,112,8,256,0,0,0,256
06/22/2008,LIT,AR,ASW,CE,Combined TRACON& Tower with Radar,62,68,65,7,202,0,4,57,7,68,62,72,122,14,270,0,0,0,270
06/23/2008,LIT,AR,ASW,CE,Combined TRACON& Tower with Radar,72,79,71,8,230,0,4,39,4,47,72,83,110,12,277,12,0,12,289
06/24/2008,LIT,AR,ASW,CE,Combined TRACON& Tower with Radar,80,73,109,3,265,0,3,65,2,70,80,76,174,5,335,0,0,0,335
06/25/2008,LIT,AR,ASW,CE,Combined TRACON& Tower with Radar,76,83,123,38,320,0,3,58,12,73,76,86,181,50,393,10,156,166,559
06/26/2008,LIT,AR,ASW,CE,Combined TRACON& Tower with Radar,74,72,131,15,292,0,3,41,7,51,74,75,172,22,343,54,0,54,397
06/27/2008,LIT,AR,ASW,CE,Combined TRACON& Tower with Radar,83,68,131,29,311,0,1,49,4,54,83,69,180,33,365,76,52,128,493
06/28/2008,LIT,AR,ASW,CE,Combined TRACON& Tower with Radar,62,59,53,5,179,0,6,13,2,21,62,65,66,7,200,0,0,0,200
06/29/2008,LIT,AR,ASW,CE,Combined TRACON& Tower with Radar,60,59,60,12,191,0,0,52,0,52,60,59,112,12,243,18,16,34,277
06/30/2008,LIT,AR,ASW,CE,Combined TRACON& Tower with Radar,73,64,93,16,246,0,3,86,3,92,73,67,179,19,338,0,8,8,346
07/01/2008,LIT,AR,ASW,CE,Combined TRACON& Tower with Radar,80,65,79,5,229,0,5,58,3,66,80,70,137,8,295,4,0,4,299
07/02/2008,LIT,AR,ASW,CE,Combined TRACON& Tower with Radar,75,72,87,2,236,0,0,90,2,92,75,72,177,4,328,12,32,44,372
07/03/2008,LIT,AR,ASW,CE,Combined TRACON& Tower with Radar,74,63,73,20,230,0,4,74,7,85,74,67,147,27,315,0,0,0,315
07/04/2008,LIT,AR,ASW,CE,Combined TRACON& Tower with Radar,62,41,23,1,127,0,5,20,1,26,62,46,43,2,153,0,0,0,153
07/05/2008,LIT,AR,ASW,CE,Combined TRACON& Tower with Radar,54,59,28,0,141,0,0,20,1,21,54,59,48,1,162,24,0,24,186
07/06/2008,LIT,AR,ASW,CE,Combined TRACON& Tower with Radar,63,64,45,5,177,0,4,25,0,29,63,68,70,5,206,0,0,0,206
07/07/2008,LIT,AR,ASW,CE,Combined TRACON& Tower with Radar,68,74,59,4,205,0,2,69,5,76,68,76,128,9,281,0,0,0,281
07/08/2008,LIT,AR,ASW,CE,Combined TRACON& Tower with Radar,87,68,100,31,286,0,3,78,3,84,87,71,178,34,370,42,58,100,470
07/09/2008,LIT,AR,ASW,CE,Combined TRACON& Tower with Radar,84,72,111,20,287,0,4,35,3,42,84,76,146,23,329,2,28,30,359
07/10/2008,LIT,AR,ASW,CE,Combined TRACON& Tower with Radar,74,72,93,7,246,0,5,45,0,50,74,77,138,7,296,0,0,0,296
07/11/2008,LIT,AR,ASW,CE,Combined TRACON& Tower with Radar,74,68,112,50,304,0,2,80,8,90,74,70,192,58,394,0,36,36,430
07/12/2008,LIT,AR,ASW,CE,Combined TRACON& Tower with Radar,66,65,56,5,192,0,1,63,3,67,66,66,119,8,259,0,16,16,275
07/13/2008,LIT,AR,ASW,CE,Combined TRACON& Tower with Radar,64,60,74,2,200,0,0,24,0,24,64,60,98,2,224,0,0,0,224
07/14/2008,LIT,AR,ASW,CE,Combined TRACON& Tower with Radar,71,75,81,7,234,0,1,79,0,80,71,76,160,7,314,6,0,6,320
07/15/2008,LIT,AR,ASW,CE,Combined TRACON& Tower with Radar,77,73,90,19,259,0,4,97,3,104,77,77,187,22,363,0,12,12,375
07/16/2008,LIT,AR,ASW,CE,Combined TRACON& Tower with Radar,73,71,90,19,253,0,2,87,4,93,73,73,177,23,346,14,104,118,464
07/17/2008,LIT,AR,ASW,CE,Combined TRACON& Tower with Radar,76,66,101,10,253,0,5,75,3,83,76,71,176,13,336,24,88,112,448
07/18/2008,LIT,AR,ASW,CE,Combined TRACON& Tower with Radar,76,64,94,11,245,0,12,63,0,75,76,76,157,11,320,130,4,134,454
07/19/2008,LIT,AR,ASW,CE,Combined TRACON& Tower with Radar,61,58,57,3,179,0,1,68,2,71,61,59,125,5,250,2,0,2,252
07/20/2008,LIT,AR,ASW,CE,Combined TRACON& Tower with Radar,60,65,30,12,167,0,4,59,2,65,60,69,89,14,232,48,0,48,280
07/21/2008,LIT,AR,ASW,CE,Combined TRACON& Tower with Radar,67,77,63,24,231,0,4,52,2,58,67,81,115,26,289,4,30,34,323
07/22/2008,LIT,AR,ASW,CE,Combined TRACON& Tower with Radar,74,75,96,19,264,0,2,65,2,69,74,77,161,21,333,0,0,0,333
07/23/2008,LIT,AR,ASW,CE,Combined TRACON& Tower with Radar,76,70,98,8,252,0,4,55,1,60,76,74,153,9,312,20,170,190,502
07/24/2008,LIT,AR,ASW,CE,Combined TRACON& Tower with Radar,73,64,120,32,289,0,0,73,4,77,73,64,193,36,366,0,112,112,478
07/25/2008,LIT,AR,ASW,CE,Combined TRACON& Tower with Radar,75,72,114,16,277,0,1,65,2,68,75,73,179,18,345,70,64,134,479
07/26/2008,LIT,AR,ASW,CE,Combined TRACON& Tower with Radar,61,70,74,12,217,0,7,49,1,57,61,77,123,13,274,84,4,88,362
07/27/2008,LIT,AR,ASW,CE,Combined TRACON& Tower with Radar,60,65,68,4,197,0,1,47,0,48,60,66,115,4,245,92,0,92,337
07/28/2008,LIT,AR,ASW,CE,Combined TRACON& Tower with Radar,69,64,73,8,214,0,1,55,4,60,69,65,128,12,274,0,14,14,288
07/29/2008,LIT,AR,ASW,CE,Combined TRACON& Tower with Radar,78,71,102,35,286,0,4,70,3,77,78,75,172,38,363,10,92,102,465
07/30/2008,LIT,AR,ASW,CE,Combined TRACON& Tower with Radar,73,82,96,14,265,0,2,61,3,66,73,84,157,17,331,32,96,128,459
07/31/2008,LIT,AR,ASW,CE,Combined TRACON& Tower with Radar,77,81,104,17,279,0,5,53,4,62,77,86,157,21,341,14,82,96,437
08/01/2008,LIT,AR,ASW,CE,Combined TRACON& Tower with Radar,72,78,81,42,273,0,3,75,7,85,72,81,156,49,358,26,116,142,500
08/02/2008,LIT,AR,ASW,CE,Combined TRACON& Tower with Radar,61,61,42,18,182,0,0,47,0,47,61,61,89,18,229,54,0,54,283
08/03/2008,LIT,AR,ASW,CE,Combined TRACON& Tower with Radar,66,61,52,6,185,0,4,44,0,48,66,65,96,6,233,0,0,0,233
08/04/2008,LIT,AR,ASW,CE,Combined TRACON& Tower with Radar,67,71,63,24,225,0,6,51,2,59,67,77,114,26,284,6,32,38,322
08/05/2008,LIT,AR,ASW,CE,Combined TRACON& Tower with Radar,72,90,95,31,288,0,2,66,11,79,72,92,161,42,367,0,292,292,659
08/06/2008,LIT,AR,ASW,CE,Combined TRACON& Tower with Radar,74,87,94,22,277,0,7,66,4,77,74,94,160,26,354,0,170,170,524
08/07/2008,LIT,AR,ASW,CE,Combined TRACON& Tower with Radar,77,82,114,9,282,0,5,34,2,41,77,87,148,11,323,104,158,262,585
08/08/2008,LIT,AR,ASW,CE,Combined TRACON& Tower with Radar,75,78,80,39,272,0,3,84,2,89,75,81,164,41,361,18,86,104,465
08/09/2008,LIT,AR,ASW,CE,Combined TRACON& Tower with Radar,58,69,51,9,187,0,2,63,5,70,58,71,114,14,257,0,52,52,309
08/10/2008,LIT,AR,ASW,CE,Combined TRACON& Tower with Radar,61,70,48,0,179,0,0,0,0,0,61,70,48,0,179,0,0,0,179
08/11/2008,LIT,AR,ASW,CE,Combined TRACON& Tower with Radar,70,77,99,2,248,0,2,6,1,9,70,79,105,3,257,95,10,105,362
08/12/2008,LIT,AR,ASW,CE,Combined TRACON& Tower with Radar,74,76,90,7,247,0,2,10,1,13,74,78,100,8,260,18,0,18,278
08/13/2008,LIT,AR,ASW,CE,Combined TRACON& Tower with Radar,74,77,157,42,350,0,5,79,12,96,74,82,236,54,446,0,0,0,446
08/14/2008,LIT,AR,ASW,CE,Combined TRACON& Tower with Radar,74,75,115,9,273,0,4,100,4,108,74,79,215,13,381,80,46,126,507
08/15/2008,LIT,AR,ASW,CE,Combined TRACON& Tower with Radar,73,63,85,15,236,0,5,26,1,32,73,68,111,16,268,53,26,79,347
08/16/2008,LIT,AR,ASW,CE,Combined TRACON& Tower with Radar,61,69,53,11,194,0,3,18,0,21,61,72,71,11,215,0,0,0,215
08/17/2008,LIT,AR,ASW,CE,Combined TRACON& Tower with Radar,61,66,44,8,179,0,0,68,1,69,61,66,112,9,248,66,0,66,314
08/18/2008,LIT,AR,ASW,CE,Combined TRACON& Tower with Radar,69,72,77,9,227,0,6,70,0,76,69,78,147,9,303,4,28,32,335
08/19/2008,LIT,AR,ASW,CE,Combined TRACON& Tower with Radar,71,62,106,12,251,0,1,25,2,28,71,63,131,14,279,2,2,4,283
08/20/2008,LIT,AR,ASW,CE,Combined TRACON& Tower with Radar,71,72,63,4,210,0,0,1,0,1,71,72,64,4,211,0,0,0,211
08/21/2008,LIT,AR,ASW,CE,Combined TRACON& Tower with Radar,74,68,117,20,279,0,3,11,0,14,74,71,128,20,293,24,0,24,317
08/22/2008,LIT,AR,ASW,CE,Combined TRACON& Tower with Radar,77,88,100,12,277,0,0,18,2,20,77,88,118,14,297,0,0,0,297
08/23/2008,LIT,AR,ASW,CE,Combined TRACON& Tower with Radar,53,63,55,1,172,0,0,32,3,35,53,63,87,4,207,26,0,26,233
08/24/2008,LIT,AR,ASW,CE,Combined TRACON& Tower with Radar,57,70,55,11,193,0,6,14,1,21,57,76,69,12,214,24,16,40,254
08/25/2008,LIT,AR,ASW,CE,Combined TRACON& Tower with Radar,72,79,83,28,262,0,2,30,4,36,72,81,113,32,298,0,32,32,330
08/26/2008,LIT,AR,ASW,CE,Combined TRACON& Tower with Radar,67,62,108,29,266,0,1,63,5,69,67,63,171,34,335,28,138,166,501
08/27/2008,LIT,AR,ASW,CE,Combined TRACON& Tower with Radar,77,81,96,27,281,0,0,89,40,129,77,81,185,67,410,18,164,182,592
08/28/2008,LIT,AR,ASW,CE,Combined TRACON& Tower with Radar,71,95,115,37,318,0,5,59,7,71,71,100,174,44,389,80,12,92,481
08/29/2008,LIT,AR,ASW,CE,Combined TRACON& Tower with Radar,76,78,88,26,268,0,2,39,1,42,76,80,127,27,310,66,8,74,384
08/30/2008,LIT,AR,ASW,CE,Combined TRACON& Tower with Radar,50,54,46,0,150,0,5,64,0,69,50,59,110,0,219,8,0,8,227
08/31/2008,LIT,AR,ASW,CE,Combined TRACON& Tower with Radar,42,38,61,18,159,0,1,27,9,37,42,39,88,27,196,6,0,6,202
09/01/2008,LIT,AR,ASW,CE,Combined TRACON& Tower with Radar,58,55,50,8,171,0,3,33,3,39,58,58,83,11,210,0,0,0,210
09/02/2008,LIT,AR,ASW,CE,Combined TRACON& Tower with Radar,66,61,33,0,160,0,1,0,0,1,66,62,33,0,161,0,0,0,161
09/03/2008,LIT,AR,ASW,CE,Combined TRACON& Tower with Radar,70,45,35,0,150,0,0,0,0,0,70,45,35,0,150,0,0,0,150
09/04/2008,LIT,AR,ASW,CE,Combined TRACON& Tower with Radar,70,63,93,21,247,0,0,8,0,8,70,63,101,21,255,10,92,102,357
09/05/2008,LIT,AR,ASW,CE,Combined TRACON& Tower with Radar,71,80,114,20,285,0,1,33,0,34,71,81,147,20,319,46,148,194,513
09/06/2008,LIT,AR,ASW,CE,Combined TRACON& Tower with Radar,55,49,51,0,155,0,2,38,0,40,55,51,89,0,195,34,0,34,229
09/07/2008,LIT,AR,ASW,CE,Combined TRACON& Tower with Radar,60,45,55,14,174,0,1,48,2,51,60,46,103,16,225,34,0,34,259
09/08/2008,LIT,AR,ASW,CE,Combined TRACON& Tower with Radar,65,59,86,25,235,0,1,72,6,79,65,60,158,31,314,58,0,58,372
09/09/2008,LIT,AR,ASW,CE,Combined TRACON& Tower with Radar,73,59,113,19,264,0,5,18,1,24,73,64,131,20,288,14,24,38,326
09/10/2008,LIT,AR,ASW,CE,Combined TRACON& Tower with Radar,76,73,125,54,328,0,3,13,2,18,76,76,138,56,346,14,14,28,374
09/11/2008,LIT,AR,ASW,CE,Combined TRACON& Tower with Radar,72,68,125,51,316,0,1,43,4,48,72,69,168,55,364,36,194,230,594
09/12/2008,LIT,AR,ASW,CE,Combined TRACON& Tower with Radar,73,59,89,42,263,0,1,22,4,27,73,60,111,46,290,36,96,132,422
09/13/2008,LIT,AR,ASW,CE,Combined TRACON& Tower with Radar,49,37,31,0,117,0,2,7,0,9,49,39,38,0,126,0,0,0,126
09/14/2008,LIT,AR,ASW,CE,Combined TRACON& Tower with Radar,58,23,31,6,118,0,5,13,1,19,58,28,44,7,137,4,0,4,141
09/15/2008,LIT,AR,ASW,CE,Combined TRACON& Tower with Radar,61,62,105,24,252,0,3,47,3,53,61,65,152,27,305,6,22,28,333
09/16/2008,LIT,AR,ASW,CE,Combined TRACON& Tower with Radar,74,67,124,40,305,0,3,72,11,86,74,70,196,51,391,10,232,242,633
09/17/2008,LIT,AR,ASW,CE,Combined TRACON& Tower with Radar,72,72,135,22,301,0,4,103,0,107,72,76,238,22,408,120,166,286,694
09/18/2008,LIT,AR,ASW,CE,Combined TRACON& Tower with Radar,74,94,148,35,351,0,2,83,7,92,74,96,231,42,443,112,184,296,739
09/19/2008,LIT,AR,ASW,CE,Combined TRACON& Tower with Radar,77,87,111,24,299,0,0,62,3,65,77,87,173,27,364,84,96,180,544
09/20/2008,LIT,AR,ASW,CE,Combined TRACON& Tower with Radar,57,50,66,2,175,0,1,25,0,26,57,51,91,2,201,2,0,2,203
09/21/2008,LIT,AR,ASW,CE,Combined TRACON& Tower with Radar,62,46,70,6,184,0,0,37,2,39,62,46,107,8,223,0,0,0,223
09/22/2008,LIT,AR,ASW,CE,Combined TRACON& Tower with Radar,68,65,82,19,234,0,4,65,3,72,68,69,147,22,306,20,220,240,546
09/23/2008,LIT,AR,ASW,CE,Combined TRACON& Tower with Radar,74,66,90,12,242,0,7,85,7,99,74,73,175,19,341,28,66,94,435
09/24/2008,LIT,AR,ASW,CE,Combined TRACON& Tower with Radar,71,56,120,24,271,0,1,75,7,83,71,57,195,31,354,32,48,80,434
09/25/2008,LIT,AR,ASW,CE,Combined TRACON& Tower with Radar,72,75,103,35,285,0,2,84,7,93,72,77,187,42,378,10,90,100,478
09/26/2008,LIT,AR,ASW,CE,Combined TRACON& Tower with Radar,73,51,99,33,256,0,3,68,5,76,73,54,167,38,332,48,212,260,592
09/27/2008,LIT,AR,ASW,CE,Combined TRACON& Tower with Radar,57,41,35,3,136,0,1,64,2,67,57,42,99,5,203,16,0,16,219
09/28/2008,LIT,AR,ASW,CE,Combined TRACON& Tower with Radar,62,35,58,8,163,0,0,55,0,55,62,35,113,8,218,8,0,8,226
09/29/2008,LIT,AR,ASW,CE,Combined TRACON& Tower with Radar,69,59,88,23,239,0,1,77,2,80,69,60,165,25,319,14,8,22,341
09/30/2008,LIT,AR,ASW,CE,Combined TRACON& Tower with Radar,73,60,110,14,257,0,5,101,6,112,73,65,211,20,369,0,0,0,369
10/01/2008,LIT,AR,ASW,CE,Combined TRACON& Tower with Radar,72,58,80,23,233,0,2,82,1,85,72,60,162,24,318,56,58,114,432
10/02/2008,LIT,AR,ASW,CE,Combined TRACON& Tower with Radar,71,57,79,20,227,0,2,92,2,96,71,59,171,22,323,48,124,172,495
10/03/2008,LIT,AR,ASW,CE,Combined TRACON& Tower with Radar,73,63,104,28,268,0,11,60,5,76,73,74,164,33,344,96,70,166,510
10/04/2008,LIT,AR,ASW,CE,Combined TRACON& Tower with Radar,54,47,54,0,155,0,0,33,0,33,54,47,87,0,188,40,0,40,228
10/05/2008,LIT,AR,ASW,CE,Combined TRACON& Tower with Radar,60,43,86,13,202,0,5,60,9,74,60,48,146,22,276,30,0,30,306
10/06/2008,LIT,AR,ASW,CE,Combined TRACON& Tower with Radar,63,53,66,20,202,0,3,33,1,37,63,56,99,21,239,28,90,118,357
10/07/2008,LIT,AR,ASW,CE,Combined TRACON& Tower with Radar,74,49,76,14,213,0,2,13,1,16,74,51,89,15,229,14,132,146,375
10/08/2008,LIT,AR,ASW,CE,Combined TRACON& Tower with Radar,72,54,93,29,248,0,2,49,2,53,72,56,142,31,301,30,162,192,493
10/09/2008,LIT,AR,ASW,CE,Combined TRACON& Tower with Radar,73,55,97,15,240,0,5,108,6,119,73,60,205,21,359,74,16,90,449
10/10/2008,LIT,AR,ASW,CE,Combined TRACON& Tower with Radar,71,68,80,10,229,0,2,86,4,92,71,70,166,14,321,74,6,80,401
10/11/2008,LIT,AR,ASW,CE,Combined TRACON& Tower with Radar,63,47,31,6,147,0,4,67,0,71,63,51,98,6,218,4,0,4,222
10/12/2008,LIT,AR,ASW,CE,Combined TRACON& Tower with Radar,59,50,55,15,179,0,0,36,0,36,59,50,91,15,215,0,0,0,215
10/13/2008,LIT,AR,ASW,CE,Combined TRACON& Tower with Radar,66,54,95,10,225,0,4,20,0,24,66,58,115,10,249,14,0,14,263
10/14/2008,LIT,AR,ASW,CE,Combined TRACON& Tower with Radar,78,72,102,17,269,0,5,18,1,24,78,77,120,18,293,0,0,0,293
10/15/2008,LIT,AR,ASW,CE,Combined TRACON& Tower with Radar,68,58,96,17,239,0,2,19,0,21,68,60,115,17,260,2,34,36,296
10/16/2008,LIT,AR,ASW,CE,Combined TRACON& Tower with Radar,70,78,108,10,266,0,1,24,2,27,70,79,132,12,293,14,2,16,309
10/17/2008,LIT,AR,ASW,CE,Combined TRACON& Tower with Radar,93,66,94,18,271,0,2,61,7,70,93,68,155,25,341,116,82,198,539
10/18/2008,LIT,AR,ASW,CE,Combined TRACON& Tower with Radar,55,51,42,1,149,0,3,49,4,56,55,54,91,5,205,10,0,10,215
10/19/2008,LIT,AR,ASW,CE,Combined TRACON& Tower with Radar,60,42,56,7,165,0,0,52,4,56,60,42,108,11,221,0,0,0,221
10/20/2008,LIT,AR,ASW,CE,Combined TRACON& Tower with Radar,65,55,79,19,218,0,2,79,6,87,65,57,158,25,305,0,0,0,305
10/21/2008,LIT,AR,ASW,CE,Combined TRACON& Tower with Radar,74,61,95,32,262,0,1,70,5,76,74,62,165,37,338,58,34,92,430
10/22/2008,LIT,AR,ASW,CE,Combined TRACON& Tower with Radar,71,64,88,20,243,0,0,49,3,52,71,64,137,23,295,0,54,54,349
10/23/2008,LIT,AR,ASW,CE,Combined TRACON& Tower with Radar,68,64,108,42,282,0,4,46,6,56,68,68,154,48,338,94,514,608,946
10/24/2008,LIT,AR,ASW,CE,Combined TRACON& Tower with Radar,70,65,100,94,329,0,2,71,7,80,70,67,171,101,409,46,94,140,549
10/25/2008,LIT,AR,ASW,CE,Combined TRACON& Tower with Radar,56,58,61,5,180,0,2,54,5,61,56,60,115,10,241,0,0,0,241
10/26/2008,LIT,AR,ASW,CE,Combined TRACON& Tower with Radar,59,59,90,1,209,0,0,65,2,67,59,59,155,3,276,8,24,32,308
10/27/2008,LIT,AR,ASW,CE,Combined TRACON& Tower with Radar,67,53,78,17,215,0,2,39,3,44,67,55,117,20,259,0,48,48,307
10/28/2008,LIT,AR,ASW,CE,Combined TRACON& Tower with Radar,72,59,117,23,271,0,3,62,2,67,72,62,179,25,338,10,10,20,358
10/29/2008,LIT,AR,ASW,CE,Combined TRACON& Tower with Radar,72,66,116,18,272,0,2,100,4,106,72,68,216,22,378,12,20,32,410
10/30/2008,LIT,AR,ASW,CE,Combined TRACON& Tower with Radar,72,70,119,41,302,0,5,74,2,81,72,75,193,43,383,4,116,120,503
10/31/2008,LIT,AR,ASW,CE,Combined TRACON& Tower with Radar,72,52,110,47,281,0,5,78,0,83,72,57,188,47,364,42,106,148,512
11/01/2008,LIT,AR,ASW,CE,Combined TRACON& Tower with Radar,54,57,46,1,158,0,5,64,1,70,54,62,110,2,228,0,0,0,228
11/02/2008,LIT,AR,ASW,CE,Combined TRACON& Tower with Radar,63,49,60,2,174,0,3,60,1,64,63,52,120,3,238,0,0,0,238
11/03/2008,LIT,AR,ASW,CE,Combined TRACON& Tower with Radar,69,61,80,26,236,0,0,55,3,58,69,61,135,29,294,32,28,60,354
11/04/2008,LIT,AR,ASW,CE,Combined TRACON& Tower with Radar,75,69,73,37,254,0,7,61,1,69,75,76,134,38,323,16,92,108,431
11/05/2008,LIT,AR,ASW,CE,Combined TRACON& Tower with Radar,74,62,130,28,294,0,3,50,4,57,74,65,180,32,351,10,0,10,361
11/06/2008,LIT,AR,ASW,CE,Combined TRACON& Tower with Radar,74,60,97,30,261,0,4,28,1,33,74,64,125,31,294,40,92,132,426
11/07/2008,LIT,AR,ASW,CE,Combined TRACON& Tower with Radar,73,59,80,46,258,0,4,47,3,54,73,63,127,49,312,0,374,374,686
11/08/2008,LIT,AR,ASW,CE,Combined TRACON& Tower with Radar,54,67,42,13,176,0,3,46,1,50,54,70,88,14,226,0,0,0,226
11/09/2008,LIT,AR,ASW,CE,Combined TRACON& Tower with Radar,61,54,56,0,171,0,2,56,0,58,61,56,112,0,229,14,0,14,243
11/10/2008,LIT,AR,ASW,CE,Combined TRACON& Tower with Radar,70,61,66,13,210,0,5,35,4,44,70,66,101,17,254,6,56,62,316
11/11/2008,LIT,AR,ASW,CE,Combined TRACON& Tower with Radar,76,59,83,2,220,0,0,4,1,5,76,59,87,3,225,0,0,0,225
11/12/2008,LIT,AR,ASW,CE,Combined TRACON& Tower with Radar,74,81,109,22,286,0,0,1,0,1,74,81,110,22,287,0,0,0,287
11/13/2008,LIT,AR,ASW,CE,Combined TRACON& Tower with Radar,71,79,127,54,331,0,1,23,3,27,71,80,150,57,358,40,66,106,464
11/14/2008,LIT,AR,ASW,CE,Combined TRACON& Tower with Radar,80,68,100,40,288,0,4,16,0,20,80,72,116,40,308,0,0,0,308
11/15/2008,LIT,AR,ASW,CE,Combined TRACON& Tower with Radar,60,56,52,3,171,0,0,14,0,14,60,56,66,3,185,0,0,0,185
11/16/2008,LIT,AR,ASW,CE,Combined TRACON& Tower with Radar,62,48,58,1,169,0,6,65,1,72,62,54,123,2,241,0,0,0,241
11/17/2008,LIT,AR,ASW,CE,Combined TRACON& Tower with Radar,67,70,82,18,237,0,3,65,1,69,67,73,147,19,306,4,72,76,382
11/18/2008,LIT,AR,ASW,CE,Combined TRACON& Tower with Radar,77,53,99,22,251,0,3,78,2,83,77,56,177,24,334,36,138,174,508
11/19/2008,LIT,AR,ASW,CE,Combined TRACON& Tower with Radar,73,71,104,25,273,0,4,73,6,83,73,75,177,31,356,4,114,118,474
11/20/2008,LIT,AR,ASW,CE,Combined TRACON& Tower with Radar,74,69,110,18,271,0,4,65,4,73,74,73,175,22,344,4,22,26,370
11/21/2008,LIT,AR,ASW,CE,Combined TRACON& Tower with Radar,77,73,97,16,263,0,4,68,3,75,77,77,165,19,338,12,38,50,388
11/22/2008,LIT,AR,ASW,CE,Combined TRACON& Tower with Radar,58,52,60,2,172,0,1,78,1,80,58,53,138,3,252,52,0,52,304
11/23/2008,LIT,AR,ASW,CE,Combined TRACON& Tower with Radar,59,58,61,2,180,0,0,11,0,11,59,58,72,2,191,0,0,0,191
11/24/2008,LIT,AR,ASW,CE,Combined TRACON& Tower with Radar,67,60,68,9,204,0,1,34,1,36,67,61,102,10,240,0,0,0,240
11/25/2008,LIT,AR,ASW,CE,Combined TRACON& Tower with Radar,75,79,85,13,252,0,2,73,3,78,75,81,158,16,330,0,0,0,330
11/26/2008,LIT,AR,ASW,CE,Combined TRACON& Tower with Radar,76,69,56,6,207,0,4,51,1,56,76,73,107,7,263,0,0,0,263
11/27/2008,LIT,AR,ASW,CE,Combined TRACON& Tower with Radar,43,35,26,1,105,0,0,30,2,32,43,35,56,3,137,0,0,0,137
11/28/2008,LIT,AR,ASW,CE,Combined TRACON& Tower with Radar,59,54,40,1,154,0,0,14,2,16,59,54,54,3,170,0,0,0,170
11/29/2008,LIT,AR,ASW,CE,Combined TRACON& Tower with Radar,64,61,44,4,173,0,2,13,0,15,64,63,57,4,188,0,0,0,188
11/30/2008,LIT,AR,ASW,CE,Combined TRACON& Tower with Radar,63,56,60,4,183,0,6,15,0,21,63,62,75,4,204,64,0,64,268
12/01/2008,LIT,AR,ASW,CE,Combined TRACON& Tower with Radar,69,68,82,23,242,0,2,21,4,27,69,70,103,27,269,0,24,24,293
12/02/2008,LIT,AR,ASW,CE,Combined TRACON& Tower with Radar,74,69,106,14,263,0,4,56,9,69,74,73,162,23,332,10,36,46,378
12/03/2008,LIT,AR,ASW,CE,Combined TRACON& Tower with Radar,73,62,65,6,206,0,4,10,2,16,73,66,75,8,222,0,0,0,222
12/04/2008,LIT,AR,ASW,CE,Combined TRACON& Tower with Radar,78,56,118,30,282,0,7,72,8,87,78,63,190,38,369,40,114,154,523
12/05/2008,LIT,AR,ASW,CE,Combined TRACON& Tower with Radar,77,75,95,6,253,0,1,59,5,65,77,76,154,11,318,96,26,122,440
12/06/2008,LIT,AR,ASW,CE,Combined TRACON& Tower with Radar,60,49,40,6,155,0,0,73,6,79,60,49,113,12,234,18,0,18,252
12/07/2008,LIT,AR,ASW,CE,Combined TRACON& Tower with Radar,64,52,31,5,152,0,1,69,1,71,64,53,100,6,223,30,0,30,253
12/08/2008,LIT,AR,ASW,CE,Combined TRACON& Tower with Radar,71,53,87,17,228,0,1,31,0,32,71,54,118,17,260,16,200,216,476
12/09/2008,LIT,AR,ASW,CE,Combined TRACON& Tower with Radar,76,70,71,6,223,0,0,0,0,0,76,70,71,6,223,0,16,16,239
12/10/2008,LIT,AR,ASW,CE,Combined TRACON& Tower with Radar,79,72,93,48,292,0,0,3,2,5,79,72,96,50,297,82,146,228,525
12/11/2008,LIT,AR,ASW,CE,Combined TRACON& Tower with Radar,77,68,89,37,271,0,1,55,5,61,77,69,144,42,332,72,302,374,706
12/12/2008,LIT,AR,ASW,CE,Combined TRACON& Tower with Radar,73,82,102,42,299,0,3,90,3,96,73,85,192,45,395,64,334,398,793
12/13/2008,LIT,AR,ASW,CE,Combined TRACON& Tower with Radar,53,65,51,1,170,0,5,57,0,62,53,70,108,1,232,0,0,0,232
12/14/2008,LIT,AR,ASW,CE,Combined TRACON& Tower with Radar,60,47,48,6,161,0,0,4,0,4,60,47,52,6,165,0,0,0,165
12/15/2008,LIT,AR,ASW,CE,Combined TRACON& Tower with Radar,52,52,72,2,178,0,0,0,0,0,52,52,72,2,178,0,0,0,178
12/16/2008,LIT,AR,ASW,CE,Combined TRACON& Tower with Radar,59,54,34,4,151,0,0,0,0,0,59,54,34,4,151,6,0,6,157
12/17/2008,LIT,AR,ASW,CE,Combined TRACON& Tower with Radar,76,67,74,14,231,0,0,0,0,0,76,67,74,14,231,0,0,0,231
12/18/2008,LIT,AR,ASW,CE,Combined TRACON& Tower with Radar,54,63,64,2,183,0,0,0,0,0,54,63,64,2,183,0,0,0,183
12/19/2008,LIT,AR,ASW,CE,Combined TRACON& Tower with Radar,69,91,103,21,284,0,1,71,2,74,69,92,174,23,358,12,18,30,388
12/20/2008,LIT,AR,ASW,CE,Combined TRACON& Tower with Radar,53,79,54,13,199,0,2,14,0,16,53,81,68,13,215,0,0,0,215
12/21/2008,LIT,AR,ASW,CE,Combined TRACON& Tower with Radar,55,61,35,11,162,0,0,45,2,47,55,61,80,13,209,4,34,38,247
12/22/2008,LIT,AR,ASW,CE,Combined TRACON& Tower with Radar,63,81,92,15,251,0,9,53,0,62,63,90,145,15,313,4,12,16,329
12/23/2008,LIT,AR,ASW,CE,Combined TRACON& Tower with Radar,71,79,57,0,207,0,0,0,0,0,71,79,57,0,207,0,0,0,207
12/24/2008,LIT,AR,ASW,CE,Combined TRACON& Tower with Radar,60,64,33,6,163,0,3,17,5,25,60,67,50,11,188,14,0,14,202
12/25/2008,LIT,AR,ASW,CE,Combined TRACON& Tower with Radar,51,35,10,0,96,0,1,13,0,14,51,36,23,0,110,0,0,0,110
12/26/2008,LIT,AR,ASW,CE,Combined TRACON& Tower with Radar,56,68,40,0,164,0,1,1,0,2,56,69,41,0,166,0,0,0,166
12/27/2008,LIT,AR,ASW,CE,Combined TRACON& Tower with Radar,54,52,20,0,126,0,0,2,0,2,54,52,22,0,128,0,0,0,128
12/28/2008,LIT,AR,ASW,CE,Combined TRACON& Tower with Radar,57,59,50,3,169,0,5,55,0,60,57,64,105,3,229,44,0,44,273
12/29/2008,LIT,AR,ASW,CE,Combined TRACON& Tower with Radar,57,62,75,8,202,0,1,85,2,88,57,63,160,10,290,16,0,16,306
12/30/2008,LIT,AR,ASW,CE,Combined TRACON& Tower with Radar,69,75,79,13,236,0,2,67,0,69,69,77,146,13,305,18,52,70,375
12/31/2008,LIT,AR,ASW,CE,Combined TRACON& Tower with Radar,52,65,60,0,177,0,3,63,0,66,52,68,123,0,243,0,0,0,243
01/01/2009,LIT,AR,ASW,CE,Combined TRACON& Tower with Radar,46,43,33,0,122,0,3,49,0,52,46,46,82,0,174,48,0,48,222
01/02/2009,LIT,AR,ASW,CE,Combined TRACON& Tower with Radar,61,58,54,6,179,0,0,10,0,10,61,58,64,6,189,12,0,12,201
01/03/2009,LIT,AR,ASW,CE,Combined TRACON& Tower with Radar,50,63,45,2,160,0,0,11,1,12,50,63,56,3,172,0,0,0,172
01/04/2009,LIT,AR,ASW,CE,Combined TRACON& Tower with Radar,54,74,66,0,194,0,1,1,2,4,54,75,67,2,198,0,0,0,198
01/05/2009,LIT,AR,ASW,CE,Combined TRACON& Tower with Radar,58,62,33,2,155,0,2,0,0,2,58,64,33,2,157,0,0,0,157
01/06/2009,LIT,AR,ASW,CE,Combined TRACON& Tower with Radar,61,83,42,24,210,0,0,0,0,0,61,83,42,24,210,0,0,0,210
01/07/2009,LIT,AR,ASW,CE,Combined TRACON& Tower with Radar,67,75,97,41,280,0,2,57,3,62,67,77,154,44,342,0,60,60,402
01/08/2009,LIT,AR,ASW,CE,Combined TRACON& Tower with Radar,64,78,100,13,255,0,3,96,1,100,64,81,196,14,355,0,130,130,485
01/09/2009,LIT,AR,ASW,CE,Combined TRACON& Tower with Radar,62,82,67,68,279,0,2,19,3,24,62,84,86,71,303,24,186,210,513
01/10/2009,LIT,AR,ASW,CE,Combined TRACON& Tower with Radar,50,54,36,13,153,0,0,12,2,14,50,54,48,15,167,0,0,0,167
01/11/2009,LIT,AR,ASW,CE,Combined TRACON& Tower with Radar,47,65,53,0,165,0,0,67,1,68,47,65,120,1,233,20,0,20,253
01/12/2009,LIT,AR,ASW,CE,Combined TRACON& Tower with Radar,57,74,77,37,245,0,2,45,8,55,57,76,122,45,300,20,228,248,548
01/13/2009,LIT,AR,ASW,CE,Combined TRACON& Tower with Radar,60,74,76,26,236,0,1,41,3,45,60,75,117,29,281,46,264,310,591
01/14/2009,LIT,AR,ASW,CE,Combined TRACON& Tower with Radar,60,88,81,12,241,0,0,54,3,57,60,88,135,15,298,28,74,102,400
01/15/2009,LIT,AR,ASW,CE,Combined TRACON& Tower with Radar,63,75,88,15,241,0,6,25,0,31,63,81,113,15,272,6,34,40,312
01/16/2009,LIT,AR,ASW,CE,Combined TRACON& Tower with Radar,59,85,90,38,272,0,2,50,0,52,59,87,140,38,324,30,14,44,368
01/17/2009,LIT,AR,ASW,CE,Combined TRACON& Tower with Radar,47,56,45,6,154,0,4,49,1,54,47,60,94,7,208,42,0,42,250
01/18/2009,LIT,AR,ASW,CE,Combined TRACON& Tower with Radar,48,59,41,0,148,0,1,41,0,42,48,60,82,0,190,30,0,30,220
01/19/2009,LIT,AR,ASW,CE,Combined TRACON& Tower with Radar,58,66,64,8,196,0,0,41,0,41,58,66,105,8,237,0,0,0,237
01/20/2009,LIT,AR,ASW,CE,Combined TRACON& Tower with Radar,60,75,87,29,251,0,2,71,3,76,60,77,158,32,327,74,0,74,401
01/21/2009,LIT,AR,ASW,CE,Combined TRACON& Tower with Radar,55,89,93,31,268,0,6,79,6,91,55,95,172,37,359,10,66,76,435
01/22/2009,LIT,AR,ASW,CE,Combined TRACON& Tower with Radar,56,78,94,15,243,0,4,58,5,67,56,82,152,20,310,62,196,258,568
01/23/2009,LIT,AR,ASW,CE,Combined TRACON& Tower with Radar,58,81,95,119,353,0,3,52,7,62,58,84,147,126,415,0,70,70,485
01/24/2009,LIT,AR,ASW,CE,Combined TRACON& Tower with Radar,50,63,43,22,178,0,0,42,1,43,50,63,85,23,221,56,0,56,277
01/25/2009,LIT,AR,ASW,CE,Combined TRACON& Tower with Radar,45,61,51,64,221,0,1,42,1,44,45,62,93,65,265,0,0,0,265
01/26/2009,LIT,AR,ASW,CE,Combined TRACON& Tower with Radar,55,71,46,11,183,0,0,10,1,11,55,71,56,12,194,6,0,6,200
01/27/2009,LIT,AR,ASW,CE,Combined TRACON& Tower with Radar,46,51,22,0,119,0,0,0,0,0,46,51,22,0,119,0,0,0,119
01/28/2009,LIT,AR,ASW,CE,Combined TRACON& Tower with Radar,61,67,64,32,224,0,1,4,1,6,61,68,68,33,230,0,58,58,288
01/29/2009,LIT,AR,ASW,CE,Combined TRACON& Tower with Radar,61,78,99,20,258,0,2,42,3,47,61,80,141,23,305,12,210,222,527
01/30/2009,LIT,AR,ASW,CE,Combined TRACON& Tower with Radar,68,79,85,18,250,0,3,64,4,71,68,82,149,22,321,80,222,302,623
01/31/2009,LIT,AR,ASW,CE,Combined TRACON& Tower with Radar,46,58,42,8,154,0,2,74,3,79,46,60,116,11,233,54,46,100,333
02/01/2009,LIT,AR,ASW,CE,Combined TRACON& Tower with Radar,44,66,36,5,151,0,6,41,0,47,44,72,77,5,198,0,0,0,198
02/02/2009,LIT,AR,ASW,CE,Combined TRACON& Tower with Radar,55,76,68,45,244,0,4,60,3,67,55,80,128,48,311,6,130,136,447
02/03/2009,LIT,AR,ASW,CE,Combined TRACON& Tower with Radar,58,67,70,36,231,0,4,55,3,62,58,71,125,39,293,25,0,25,318
02/04/2009,LIT,AR,ASW,CE,Combined TRACON& Tower with Radar,59,73,88,15,235,0,0,64,1,65,59,73,152,16,300,4,56,60,360
02/05/2009,LIT,AR,ASW,CE,Combined TRACON& Tower with Radar,63,74,88,26,251,0,0,85,2,87,63,74,173,28,338,36,126,162,500
02/06/2009,LIT,AR,ASW,CE,Combined TRACON& Tower with Radar,64,75,100,38,277,0,5,27,3,35,64,80,127,41,312,10,124,134,446
02/07/2009,LIT,AR,ASW,CE,Combined TRACON& Tower with Radar,46,60,39,3,148,0,1,28,2,31,46,61,67,5,179,54,0,54,233
02/08/2009,LIT,AR,ASW,CE,Combined TRACON& Tower with Radar,50,58,56,0,164,0,1,30,1,32,50,59,86,1,196,0,0,0,196
02/09/2009,LIT,AR,ASW,CE,Combined TRACON& Tower with Radar,58,71,54,25,208,0,0,12,0,12,58,71,66,25,220,0,202,202,422
02/10/2009,LIT,AR,ASW,CE,Combined TRACON& Tower with Radar,58,70,69,4,201,0,1,2,0,3,58,71,71,4,204,0,0,0,204
02/11/2009,LIT,AR,ASW,CE,Combined TRACON& Tower with Radar,62,78,62,27,229,0,2,22,4,28,62,80,84,31,257,0,69,69,326
02/12/2009,LIT,AR,ASW,CE,Combined TRACON& Tower with Radar,63,88,75,23,249,0,4,87,2,93,63,92,162,25,342,17,18,35,377
02/13/2009,LIT,AR,ASW,CE,Combined TRACON& Tower with Radar,62,78,88,17,245,0,2,56,5,63,62,80,144,22,308,234,22,256,564
02/14/2009,LIT,AR,ASW,CE,Combined TRACON& Tower with Radar,45,61,45,5,156,0,4,60,0,64,45,65,105,5,220,0,0,0,220
02/15/2009,LIT,AR,ASW,CE,Combined TRACON& Tower with Radar,52,69,64,4,189,0,3,33,2,38,52,72,97,6,227,0,0,0,227
02/16/2009,LIT,AR,ASW,CE,Combined TRACON& Tower with Radar,65,67,77,0,209,0,0,74,3,77,65,67,151,3,286,10,0,10,296
02/17/2009,LIT,AR,ASW,CE,Combined TRACON& Tower with Radar,65,71,87,2,225,0,0,11,0,11,65,71,98,2,236,0,10,10,246
02/18/2009,LIT,AR,ASW,CE,Combined TRACON& Tower with Radar,67,90,75,53,285,0,3,30,1,34,67,93,105,54,319,6,94,100,419
02/19/2009,LIT,AR,ASW,CE,Combined TRACON& Tower with Radar,67,87,104,14,272,0,0,72,3,75,67,87,176,17,347,8,224,232,579
02/20/2009,LIT,AR,ASW,CE,Combined TRACON& Tower with Radar,68,76,92,20,256,0,1,87,3,91,68,77,179,23,347,22,98,120,467
02/21/2009,LIT,AR,ASW,CE,Combined TRACON& Tower with Radar,48,50,28,7,133,0,0,12,2,14,48,50,40,9,147,0,0,0,147
02/22/2009,LIT,AR,ASW,CE,Combined TRACON& Tower with Radar,50,61,62,1,174,0,3,73,1,77,50,64,135,2,251,28,0,28,279
02/23/2009,LIT,AR,ASW,CE,Combined TRACON& Tower with Radar,65,70,61,11,207,0,0,58,0,58,65,70,119,11,265,42,146,188,453
02/24/2009,LIT,AR,ASW,CE,Combined TRACON& Tower with Radar,64,81,101,29,275,0,1,50,6,57,64,82,151,35,332,18,92,110,442
02/25/2009,LIT,AR,ASW,CE,Combined TRACON& Tower with Radar,68,77,107,26,278,0,4,33,3,40,68,81,140,29,318,38,188,226,544
02/26/2009,LIT,AR,ASW,CE,Combined TRACON& Tower with Radar,68,69,66,31,234,0,1,15,2,18,68,70,81,33,252,0,20,20,272
02/27/2009,LIT,AR,ASW,CE,Combined TRACON& Tower with Radar,69,84,71,2,226,0,2,11,2,15,69,86,82,4,241,12,0,12,253
02/28/2009,LIT,AR,ASW,CE,Combined TRACON& Tower with Radar,47,62,18,0,127,0,2,2,1,5,47,64,20,1,132,0,0,0,132
03/01/2009,LIT,AR,ASW,CE,Combined TRACON& Tower with Radar,49,66,59,12,186,0,6,54,4,64,49,72,113,16,250,0,0,0,250
03/02/2009,LIT,AR,ASW,CE,Combined TRACON& Tower with Radar,57,60,37,21,175,0,7,43,1,51,57,67,80,22,226,20,214,234,460
03/03/2009,LIT,AR,ASW,CE,Combined TRACON& Tower with Radar,65,76,78,16,235,0,3,61,8,72,65,79,139,24,307,0,160,160,467
03/04/2009,LIT,AR,ASW,CE,Combined TRACON& Tower with Radar,66,99,113,14,292,0,3,42,1,46,66,102,155,15,338,0,70,70,408
03/05/2009,LIT,AR,ASW,CE,Combined TRACON& Tower with Radar,69,85,77,41,272,0,4,30,1,35,69,89,107,42,307,62,220,282,589
03/06/2009,LIT,AR,ASW,CE,Combined TRACON& Tower with Radar,64,87,96,4,251,0,3,33,0,36,64,90,129,4,287,64,0,64,351
03/07/2009,LIT,AR,ASW,CE,Combined TRACON& Tower with Radar,53,54,39,14,160,0,0,26,0,26,53,54,65,14,186,6,24,30,216
03/08/2009,LIT,AR,ASW,CE,Combined TRACON& Tower with Radar,48,69,56,7,180,0,3,12,2,17,48,72,68,9,197,0,0,0,197
03/09/2009,LIT,AR,ASW,CE,Combined TRACON& Tower with Radar,64,68,64,30,226,0,0,37,0,37,64,68,101,30,263,64,242,306,569
03/10/2009,LIT,AR,ASW,CE,Combined TRACON& Tower with Radar,66,70,90,18,244,0,0,12,0,12,66,70,102,18,256,0,70,70,326
03/11/2009,LIT,AR,ASW,CE,Combined TRACON& Tower with Radar,64,89,67,5,225,0,2,3,0,5,64,91,70,5,230,0,0,0,230
03/12/2009,LIT,AR,ASW,CE,Combined TRACON& Tower with Radar,64,80,53,6,203,0,0,2,0,2,64,80,55,6,205,0,0,0,205
03/13/2009,LIT,AR,ASW,CE,Combined TRACON& Tower with Radar,60,90,60,9,219,0,7,14,1,22,60,97,74,10,241,10,20,30,271
03/14/2009,LIT,AR,ASW,CE,Combined TRACON& Tower with Radar,50,66,52,4,172,0,1,6,0,7,50,67,58,4,179,0,0,0,179
03/15/2009,LIT,AR,ASW,CE,Combined TRACON& Tower with Radar,54,78,69,0,201,0,2,11,0,13,54,80,80,0,214,0,0,0,214
03/16/2009,LIT,AR,ASW,CE,Combined TRACON& Tower with Radar,68,78,73,96,315,0,1,48,9,58,68,79,121,105,373,12,152,164,537
03/17/2009,LIT,AR,ASW,CE,Combined TRACON& Tower with Radar,66,85,99,23,273,0,2,35,4,41,66,87,134,27,314,0,78,78,392
03/18/2009,LIT,AR,ASW,CE,Combined TRACON& Tower with Radar,63,75,94,18,250,0,1,78,6,85,63,76,172,24,335,0,72,72,407
03/19/2009,LIT,AR,ASW,CE,Combined TRACON& Tower with Radar,70,77,97,15,259,0,0,39,3,42,70,77,136,18,301,0,80,80,381
03/20/2009,LIT,AR,ASW,CE,Combined TRACON& Tower with Radar,66,99,97,40,302,0,3,93,4,100,66,102,190,44,402,14,0,14,416
03/21/2009,LIT,AR,ASW,CE,Combined TRACON& Tower with Radar,58,75,76,4,213,0,4,47,1,52,58,79,123,5,265,54,38,92,357
03/22/2009,LIT,AR,ASW,CE,Combined TRACON& Tower with Radar,51,82,59,7,199,0,0,51,1,52,51,82,110,8,251,0,0,0,251
03/23/2009,LIT,AR,ASW,CE,Combined TRACON& Tower with Radar,62,90,74,16,242,0,4,33,8,45,62,94,107,24,287,0,136,136,423
03/24/2009,LIT,AR,ASW,CE,Combined TRACON& Tower with Radar,71,81,59,42,253,0,3,11,3,17,71,84,70,45,270,0,56,56,326
03/25/2009,LIT,AR,ASW,CE,Combined TRACON& Tower with Radar,74,86,105,27,292,0,6,54,2,62,74,92,159,29,354,26,24,50,404
03/26/2009,LIT,AR,ASW,CE,Combined TRACON& Tower with Radar,66,71,82,36,255,0,3,3,0,6,66,74,85,36,261,50,243,293,554
03/27/2009,LIT,AR,ASW,CE,Combined TRACON& Tower with Radar,68,76,83,70,297,0,4,8,2,14,68,80,91,72,311,12,276,288,599
03/28/2009,LIT,AR,ASW,CE,Combined TRACON& Tower with Radar,46,50,17,1,114,0,0,9,0,9,46,50,26,1,123,0,0,0,123
03/29/2009,LIT,AR,ASW,CE,Combined TRACON& Tower with Radar,49,68,57,2,176,0,3,51,0,54,49,71,108,2,230,3,0,3,233
03/30/2009,LIT,AR,ASW,CE,Combined TRACON& Tower with Radar,58,86,94,38,276,0,6,55,7,68,58,92,149,45,344,12,178,190,534
03/31/2009,LIT,AR,ASW,CE,Combined TRACON& Tower with Radar,71,72,78,11,232,0,1,21,3,25,71,73,99,14,257,0,184,184,441
04/01/2009,LIT,AR,ASW,CE,Combined TRACON& Tower with Radar,64,67,86,27,244,0,1,66,5,72,64,68,152,32,316,0,124,124,440
04/02/2009,LIT,AR,ASW,CE,Combined TRACON& Tower with Radar,70,82,61,13,226,0,1,11,1,13,70,83,72,14,239,0,114,114,353
04/03/2009,LIT,AR,ASW,CE,Combined TRACON& Tower with Radar,68,83,107,24,282,0,7,87,6,100,68,90,194,30,382,0,0,0,382
04/04/2009,LIT,AR,ASW,CE,Combined TRACON& Tower with Radar,55,47,32,0,134,0,4,50,5,59,55,51,82,5,193,0,0,0,193
04/05/2009,LIT,AR,ASW,CE,Combined TRACON& Tower with Radar,53,53,36,5,147,0,5,10,2,17,53,58,46,7,164,0,0,0,164
04/06/2009,LIT,AR,ASW,CE,Combined TRACON& Tower with Radar,67,67,54,5,193,0,4,17,1,22,67,71,71,6,215,0,0,0,215
04/07/2009,LIT,AR,ASW,CE,Combined TRACON& Tower with Radar,71,63,87,21,242,0,0,63,6,69,71,63,150,27,311,0,0,0,311
04/08/2009,LIT,AR,ASW,CE,Combined TRACON& Tower with Radar,80,65,100,28,273,0,5,105,5,115,80,70,205,33,388,0,0,0,388
04/09/2009,LIT,AR,ASW,CE,Combined TRACON& Tower with Radar,77,66,101,23,267,0,7,25,2,34,77,73,126,25,301,0,0,0,301
04/10/2009,LIT,AR,ASW,CE,Combined TRACON& Tower with Radar,75,66,50,11,202,0,2,16,1,19,75,68,66,12,221,0,0,0,221
04/11/2009,LIT,AR,ASW,CE,Combined TRACON& Tower with Radar,58,45,47,19,169,0,5,63,2,70,58,50,110,21,239,0,0,0,239
04/12/2009,LIT,AR,ASW,CE,Combined TRACON& Tower with Radar,64,44,12,0,120,0,5,1,0,6,64,49,13,0,126,0,0,0,126
04/13/2009,LIT,AR,ASW,CE,Combined TRACON& Tower with Radar,75,58,80,34,247,0,2,10,0,12,75,60,90,34,259,0,40,40,299
04/14/2009,LIT,AR,ASW,CE,Combined TRACON& Tower with Radar,75,65,99,29,268,0,0,74,5,79,75,65,173,34,347,0,122,122,469
04/15/2009,LIT,AR,ASW,CE,Combined TRACON& Tower with Radar,77,64,108,19,268,0,11,83,5,99,77,75,191,24,367,86,88,174,541
04/16/2009,LIT,AR,ASW,CE,Combined TRACON& Tower with Radar,78,78,112,11,279,0,1,63,5,69,78,79,175,16,348,16,88,104,452
04/17/2009,LIT,AR,ASW,CE,Combined TRACON& Tower with Radar,67,72,82,17,238,0,3,35,2,40,67,75,117,19,278,0,36,36,314
04/18/2009,LIT,AR,ASW,CE,Combined TRACON& Tower with Radar,63,42,19,3,127,0,0,0,0,0,63,42,19,3,127,8,0,8,135
04/19/2009,LIT,AR,ASW,CE,Combined TRACON& Tower with Radar,72,55,61,9,197,0,1,2,0,3,72,56,63,9,200,0,0,0,200
04/20/2009,LIT,AR,ASW,CE,Combined TRACON& Tower with Radar,76,64,74,35,249,0,2,63,5,70,76,66,137,40,319,26,122,148,467
04/21/2009,LIT,AR,ASW,CE,Combined TRACON& Tower with Radar,73,80,81,23,257,0,2,38,3,43,73,82,119,26,300,2,92,94,394
04/22/2009,LIT,AR,ASW,CE,Combined TRACON& Tower with Radar,77,79,79,28,263,0,0,79,4,83,77,79,158,32,346,62,208,270,616
04/23/2009,LIT,AR,ASW,CE,Combined TRACON& Tower with Radar,77,72,104,35,288,0,3,77,9,89,77,75,181,44,377,0,10,10,387
04/24/2009,LIT,AR,ASW,CE,Combined TRACON& Tower with Radar,76,68,71,43,258,0,5,43,6,54,76,73,114,49,312,2,170,172,484
04/25/2009,LIT,AR,ASW,CE,Combined TRACON& Tower with Radar,65,43,41,3,152,0,2,29,0,31,65,45,70,3,183,0,0,0,183
04/26/2009,LIT,AR,ASW,CE,Combined TRACON& Tower with Radar,62,58,61,0,181,0,3,40,0,43,62,61,101,0,224,0,0,0,224
04/27/2009,LIT,AR,ASW,CE,Combined TRACON& Tower with Radar,68,73,88,23,252,0,6,11,0,17,68,79,99,23,269,12,36,48,317
04/28/2009,LIT,AR,ASW,CE,Combined TRACON& Tower with Radar,79,68,67,7,221,0,1,3,0,4,79,69,70,7,225,0,0,0,225
04/29/2009,LIT,AR,ASW,CE,Combined TRACON& Tower with Radar,73,68,74,5,220,0,3,8,0,11,73,71,82,5,231,10,30,40,271
04/30/2009,LIT,AR,ASW,CE,Combined TRACON& Tower with Radar,74,78,71,8,231,0,1,27,2,30,74,79,98,10,261,4,0,4,265
05/01/2009,LIT,AR,ASW,CE,Combined TRACON& Tower with Radar,69,69,84,65,287,0,4,30,1,35,69,73,114,66,322,0,14,14,336
05/02/2009,LIT,AR,ASW,CE,Combined TRACON& Tower with Radar,51,42,22,0,115,0,0,0,0,0,51,42,22,0,115,0,0,0,115
05/03/2009,LIT,AR,ASW,CE,Combined TRACON& Tower with Radar,61,53,50,4,168,0,0,0,0,0,61,53,50,4,168,0,0,0,168
05/04/2009,LIT,AR,ASW,CE,Combined TRACON& Tower with Radar,70,74,56,55,255,0,0,25,0,25,70,74,81,55,280,20,136,156,436
05/05/2009,LIT,AR,ASW,CE,Combined TRACON& Tower with Radar,74,63,70,76,283,0,2,15,4,21,74,65,85,80,304,18,354,372,676
05/06/2009,LIT,AR,ASW,CE,Combined TRACON& Tower with Radar,76,78,86,62,302,0,3,5,0,8,76,81,91,62,310,0,0,0,310
05/07/2009,LIT,AR,ASW,CE,Combined TRACON& Tower with Radar,76,59,104,44,283,0,2,58,3,63,76,61,162,47,346,6,312,318,664
05/08/2009,LIT,AR,ASW,CE,Combined TRACON& Tower with Radar,78,76,84,44,282,0,2,18,3,23,78,78,102,47,305,24,254,278,583
05/09/2009,LIT,AR,ASW,CE,Combined TRACON& Tower with Radar,63,45,34,3,145,0,7,13,0,20,63,52,47,3,165,46,76,122,287
05/10/2009,LIT,AR,ASW,CE,Combined TRACON& Tower with Radar,66,45,22,8,141,0,0,2,0,2,66,45,24,8,143,0,0,0,143
05/11/2009,LIT,AR,ASW,CE,Combined TRACON& Tower with Radar,68,65,87,30,250,0,1,28,2,31,68,66,115,32,281,10,468,478,759
05/12/2009,LIT,AR,ASW,CE,Combined TRACON& Tower with Radar,76,67,81,9,233,0,2,10,1,13,76,69,91,10,246,8,62,70,316
05/13/2009,LIT,AR,ASW,CE,Combined TRACON& Tower with Radar,75,77,103,37,292,0,0,36,2,38,75,77,139,39,330,0,212,212,542
05/14/2009,LIT,AR,ASW,CE,Combined TRACON& Tower with Radar,75,65,114,32,286,0,3,42,3,48,75,68,156,35,334,0,146,146,480
05/15/2009,LIT,AR,ASW,CE,Combined TRACON& Tower with Radar,83,71,63,18,235,0,5,66,1,72,83,76,129,19,307,76,0,76,383
05/16/2009,LIT,AR,ASW,CE,Combined TRACON& Tower with Radar,64,46,37,7,154,0,2,17,6,25,64,48,54,13,179,0,0,0,179
05/17/2009,LIT,AR,ASW,CE,Combined TRACON& Tower with Radar,67,49,49,24,189,0,4,65,0,69,67,53,114,24,258,4,0,4,262
05/18/2009,LIT,AR,ASW,CE,Combined TRACON& Tower with Radar,71,60,79,29,239,0,3,106,7,116,71,63,185,36,355,28,256,284,639
05/19/2009,LIT,AR,ASW,CE,Combined TRACON& Tower with Radar,76,67,85,27,255,0,2,96,8,106,76,69,181,35,361,0,140,140,501
05/20/2009,LIT,AR,ASW,CE,Combined TRACON& Tower with Radar,78,91,107,24,300,0,2,90,7,99,78,93,197,31,399,24,172,196,595
05/21/2009,LIT,AR,ASW,CE,Combined TRACON& Tower with Radar,76,73,104,17,270,0,10,98,2,110,76,83,202,19,380,18,82,100,480
05/22/2009,LIT,AR,ASW,CE,Combined TRACON& Tower with Radar,77,76,75,12,240,0,2,48,8,58,77,78,123,20,298,86,16,102,400
05/23/2009,LIT,AR,ASW,CE,Combined TRACON& Tower with Radar,80,41,24,4,149,0,0,17,0,17,80,41,41,4,166,32,0,32,198
05/24/2009,LIT,AR,ASW,CE,Combined TRACON& Tower with Radar,53,36,7,7,103,0,0,1,0,1,53,36,8,7,104,0,0,0,104
05/25/2009,LIT,AR,ASW,CE,Combined TRACON& Tower with Radar,67,51,33,0,151,0,2,10,1,13,67,53,43,1,164,0,0,0,164
05/26/2009,LIT,AR,ASW,CE,Combined TRACON& Tower with Radar,76,54,90,56,276,0,4,33,0,37,76,58,123,56,313,16,332,348,661
05/27/2009,LIT,AR,ASW,CE,Combined TRACON& Tower with Radar,84,81,79,21,265,0,7,36,4,47,84,88,115,25,312,0,114,114,426
05/28/2009,LIT,AR,ASW,CE,Combined TRACON& Tower with Radar,77,64,95,23,259,0,1,52,0,53,77,65,147,23,312,84,494,578,890
05/29/2009,LIT,AR,ASW,CE,Combined TRACON& Tower with Radar,87,63,91,55,296,0,8,74,5,87,87,71,165,60,383,48,482,530,913
05/30/2009,LIT,AR,ASW,CE,Combined TRACON& Tower with Radar,65,44,26,7,142,0,1,75,1,77,65,45,101,8,219,18,30,48,267
05/31/2009,LIT,AR,ASW,CE,Combined TRACON& Tower with Radar,66,49,51,10,176,0,4,70,3,77,66,53,121,13,253,0,0,0,253
06/01/2009,LIT,AR,ASW,CE,Combined TRACON& Tower with Radar,68,64,75,32,239,0,2,65,4,71,68,66,140,36,310,2,346,348,658
06/02/2009,LIT,AR,ASW,CE,Combined TRACON& Tower with Radar,72,67,80,33,252,0,7,54,3,64,72,74,134,36,316,22,238,260,576
06/03/2009,LIT,AR,ASW,CE,Combined TRACON& Tower with Radar,77,67,83,27,254,0,3,23,2,28,77,70,106,29,282,26,278,304,586
06/04/2009,LIT,AR,ASW,CE,Combined TRACON& Tower with Radar,68,90,105,62,325,0,3,28,1,32,68,93,133,63,357,76,222,298,655
06/05/2009,LIT,AR,ASW,CE,Combined TRACON& Tower with Radar,63,73,64,29,229,0,0,72,3,75,63,73,136,32,304,24,310,334,638
06/06/2009,LIT,AR,ASW,CE,Combined TRACON& Tower with Radar,57,55,50,3,165,0,3,81,2,86,57,58,131,5,251,16,0,16,267
06/07/2009,LIT,AR,ASW,CE,Combined TRACON& Tower with Radar,58,65,35,7,165,0,0,46,1,47,58,65,81,8,212,0,0,0,212
06/08/2009,LIT,AR,ASW,CE,Combined TRACON& Tower with Radar,64,85,78,27,254,0,2,48,2,52,64,87,126,29,306,54,240,294,600
06/09/2009,LIT,AR,ASW,CE,Combined TRACON& Tower with Radar,66,85,96,53,300,0,1,82,47,130,66,86,178,100,430,10,286,296,726
06/10/2009,LIT,AR,ASW,CE,Combined TRACON& Tower with Radar,66,83,118,20,287,0,5,34,3,42,66,88,152,23,329,12,252,264,593
06/11/2009,LIT,AR,ASW,CE,Combined TRACON& Tower with Radar,59,75,86,28,248,0,2,28,0,30,59,77,114,28,278,22,228,250,528
06/12/2009,LIT,AR,ASW,CE,Combined TRACON& Tower with Radar,68,83,74,29,254,0,5,35,2,42,68,88,109,31,296,0,138,138,434
06/13/2009,LIT,AR,ASW,CE,Combined TRACON& Tower with Radar,55,61,50,5,171,0,0,59,3,62,55,61,109,8,233,20,0,20,253
06/14/2009,LIT,AR,ASW,CE,Combined TRACON& Tower with Radar,57,65,46,3,171,0,5,24,1,30,57,70,70,4,201,0,0,0,201
06/15/2009,LIT,AR,ASW,CE,Combined TRACON& Tower with Radar,75,83,81,16,255,0,2,53,0,55,75,85,134,16,310,18,164,182,492
06/16/2009,LIT,AR,ASW,CE,Combined TRACON& Tower with Radar,69,87,77,20,253,0,3,71,2,76,69,90,148,22,329,20,250,270,599
06/17/2009,LIT,AR,ASW,CE,Combined TRACON& Tower with Radar,68,86,117,34,305,0,4,66,4,74,68,90,183,38,379,0,282,282,661
06/18/2009,LIT,AR,ASW,CE,Combined TRACON& Tower with Radar,67,96,101,26,290,0,2,86,4,92,67,98,187,30,382,86,190,276,658
06/19/2009,LIT,AR,ASW,CE,Combined TRACON& Tower with Radar,64,78,72,7,221,0,3,76,1,80,64,81,148,8,301,4,0,4,305
06/20/2009,LIT,AR,ASW,CE,Combined TRACON& Tower with Radar,55,72,53,11,191,0,0,70,3,73,55,72,123,14,264,0,0,0,264
06/21/2009,LIT,AR,ASW,CE,Combined TRACON& Tower with Radar,59,64,46,3,172,0,5,26,1,32,59,69,72,4,204,0,0,0,204
06/22/2009,LIT,AR,ASW,CE,Combined TRACON& Tower with Radar,61,75,75,28,239,0,2,67,1,70,61,77,142,29,309,16,202,218,527
06/23/2009,LIT,AR,ASW,CE,Combined TRACON& Tower with Radar,64,94,79,28,265,0,1,53,3,57,64,95,132,31,322,12,334,346,668
06/24/2009,LIT,AR,ASW,CE,Combined TRACON& Tower with Radar,63,87,97,42,289,0,0,74,12,86,63,87,171,54,375,26,182,208,583
06/25/2009,LIT,AR,ASW,CE,Combined TRACON& Tower with Radar,65,88,86,24,263,0,2,73,1,76,65,90,159,25,339,0,112,112,451
06/26/2009,LIT,AR,ASW,CE,Combined TRACON& Tower with Radar,61,77,86,45,269,0,1,70,5,76,61,78,156,50,345,2,248,250,595
06/27/2009,LIT,AR,ASW,CE,Combined TRACON& Tower with Radar,55,59,47,0,161,0,2,58,0,60,55,61,105,0,221,16,0,16,237
06/28/2009,LIT,AR,ASW,CE,Combined TRACON& Tower with Radar,58,64,55,2,179,0,2,46,0,48,58,66,101,2,227,12,0,12,239
06/29/2009,LIT,AR,ASW,CE,Combined TRACON& Tower with Radar,59,82,56,53,250,0,10,53,5,68,59,92,109,58,318,40,100,140,458
06/30/2009,LIT,AR,ASW,CE,Combined TRACON& Tower with Radar,74,76,93,51,294,0,3,61,2,66,74,79,154,53,360,10,165,175,535
07/01/2009,LIT,AR,ASW,CE,Combined TRACON& Tower with Radar,69,80,80,76,305,0,3,58,3,64,69,83,138,79,369,10,90,100,469
07/02/2009,LIT,AR,ASW,CE,Combined TRACON& Tower with Radar,66,70,73,29,238,0,2,64,2,68,66,72,137,31,306,20,102,122,428
07/03/2009,LIT,AR,ASW,CE,Combined TRACON& Tower with Radar,65,66,36,0,167,0,0,51,1,52,65,66,87,1,219,60,0,60,279
07/04/2009,LIT,AR,ASW,CE,Combined TRACON& Tower with Radar,44,34,16,0,94,0,2,33,0,35,44,36,49,0,129,0,0,0,129
07/05/2009,LIT,AR,ASW,CE,Combined TRACON& Tower with Radar,56,61,47,1,165,0,5,10,0,15,56,66,57,1,180,0,0,0,180
07/06/2009,LIT,AR,ASW,CE,Combined TRACON& Tower with Radar,65,73,64,12,214,0,4,32,5,41,65,77,96,17,255,2,12,14,269
07/07/2009,LIT,AR,ASW,CE,Combined TRACON& Tower with Radar,66,65,78,55,264,0,1,75,3,79,66,66,153,58,343,30,270,300,643
07/08/2009,LIT,AR,ASW,CE,Combined TRACON& Tower with Radar,64,77,84,43,268,1,2,68,5,76,65,79,152,48,344,0,120,120,464
07/09/2009,LIT,AR,ASW,CE,Combined TRACON& Tower with Radar,65,75,94,31,265,0,3,64,3,70,65,78,158,34,335,0,148,148,483
07/10/2009,LIT,AR,ASW,CE,Combined TRACON& Tower with Radar,68,86,65,18,237,0,4,61,2,67,68,90,126,20,304,152,36,188,492
07/11/2009,LIT,AR,ASW,CE,Combined TRACON& Tower with Radar,53,55,35,8,151,0,3,43,0,46,53,58,78,8,197,14,0,14,211
07/12/2009,LIT,AR,ASW,CE,Combined TRACON& Tower with Radar,62,68,57,11,198,0,2,28,0,30,62,70,85,11,228,4,0,4,232
07/13/2009,LIT,AR,ASW,CE,Combined TRACON& Tower with Radar,63,74,72,18,227,0,3,36,2,41,63,77,108,20,268,0,34,34,302
07/14/2009,LIT,AR,ASW,CE,Combined TRACON& Tower with Radar,61,74,93,21,249,0,2,16,2,20,61,76,109,23,269,48,160,208,477
07/15/2009,LIT,AR,ASW,CE,Combined TRACON& Tower with Radar,64,83,92,27,266,0,6,71,3,80,64,89,163,30,346,60,222,282,628
07/16/2009,LIT,AR,ASW,CE,Combined TRACON& Tower with Radar,69,87,95,40,291,0,1,34,1,36,69,88,129,41,327,22,0,22,349
07/17/2009,LIT,AR,ASW,CE,Combined TRACON& Tower with Radar,65,86,80,45,276,0,2,63,2,67,65,88,143,47,343,104,156,260,603
07/18/2009,LIT,AR,ASW,CE,Combined TRACON& Tower with Radar,51,54,47,0,152,0,2,82,0,84,51,56,129,0,236,10,0,10,246
07/19/2009,LIT,AR,ASW,CE,Combined TRACON& Tower with Radar,57,62,38,8,165,0,4,41,2,47,57,66,79,10,212,0,0,0,212
07/20/2009,LIT,AR,ASW,CE,Combined TRACON& Tower with Radar,58,85,60,40,243,0,0,28,1,29,58,85,88,41,272,32,262,294,566
07/21/2009,LIT,AR,ASW,CE,Combined TRACON& Tower with Radar,63,79,76,22,240,0,2,5,0,7,63,81,81,22,247,0,26,26,273
07/22/2009,LIT,AR,ASW,CE,Combined TRACON& Tower with Radar,62,87,114,66,329,0,0,48,7,55,62,87,162,73,384,6,106,112,496
07/23/2009,LIT,AR,ASW,CE,Combined TRACON& Tower with Radar,63,89,82,55,289,0,3,63,6,72,63,92,145,61,361,68,264,332,693
07/24/2009,LIT,AR,ASW,CE,Combined TRACON& Tower with Radar,64,75,78,39,256,0,2,75,9,86,64,77,153,48,342,24,150,174,516
07/25/2009,LIT,AR,ASW,CE,Combined TRACON& Tower with Radar,49,64,53,1,167,0,3,37,3,43,49,67,90,4,210,164,0,164,374
07/26/2009,LIT,AR,ASW,CE,Combined TRACON& Tower with Radar,67,66,58,9,200,0,0,24,2,26,67,66,82,11,226,14,0,14,240
07/27/2009,LIT,AR,ASW,CE,Combined TRACON& Tower with Radar,60,88,81,71,300,0,4,29,4,37,60,92,110,75,337,47,284,331,668
07/28/2009,LIT,AR,ASW,CE,Combined TRACON& Tower with Radar,63,82,66,23,234,0,0,4,0,4,63,82,70,23,238,16,40,56,294
07/29/2009,LIT,AR,ASW,CE,Combined TRACON& Tower with Radar,64,82,64,68,278,0,2,12,0,14,64,84,76,68,292,0,20,20,312
07/30/2009,LIT,AR,ASW,CE,Combined TRACON& Tower with Radar,64,72,74,18,228,0,0,2,0,2,64,72,76,18,230,0,28,28,258
07/31/2009,LIT,AR,ASW,CE,Combined TRACON& Tower with Radar,68,69,101,38,276,0,6,71,5,82,68,75,172,43,358,0,0,0,358
08/01/2009,LIT,AR,ASW,CE,Combined TRACON& Tower with Radar,50,67,52,1,170,0,2,10,0,12,50,69,62,1,182,0,0,0,182
08/02/2009,LIT,AR,ASW,CE,Combined TRACON& Tower with Radar,64,64,56,29,213,0,5,35,10,50,64,69,91,39,263,48,48,96,359
08/03/2009,LIT,AR,ASW,CE,Combined TRACON& Tower with Radar,67,73,87,44,271,0,7,48,6,61,67,80,135,50,332,20,260,280,612
08/04/2009,LIT,AR,ASW,CE,Combined TRACON& Tower with Radar,62,73,87,41,263,0,4,64,8,76,62,77,151,49,339,0,70,70,409
08/05/2009,LIT,AR,ASW,CE,Combined TRACON& Tower with Radar,61,70,55,37,223,0,4,33,2,39,61,74,88,39,262,0,0,0,262
08/06/2009,LIT,AR,ASW,CE,Combined TRACON& Tower with Radar,66,80,81,39,266,0,6,56,1,63,66,86,137,40,329,20,100,120,449
08/07/2009,LIT,AR,ASW,CE,Combined TRACON& Tower with Radar,64,77,77,60,278,0,2,77,5,84,64,79,154,65,362,4,146,150,512
08/08/2009,LIT,AR,ASW,CE,Combined TRACON& Tower with Radar,54,61,55,2,172,0,3,53,0,56,54,64,108,2,228,8,0,8,236
08/09/2009,LIT,AR,ASW,CE,Combined TRACON& Tower with Radar,58,55,52,8,173,0,0,38,0,38,58,55,90,8,211,14,0,14,225
08/10/2009,LIT,AR,ASW,CE,Combined TRACON& Tower with Radar,61,98,77,16,252,0,2,52,1,55,61,100,129,17,307,0,10,10,317
08/11/2009,LIT,AR,ASW,CE,Combined TRACON& Tower with Radar,59,93,63,45,260,0,4,26,1,31,59,97,89,46,291,8,118,126,417
08/12/2009,LIT,AR,ASW,CE,Combined TRACON& Tower with Radar,62,94,106,41,303,0,3,63,2,68,62,97,169,43,371,0,250,250,621
08/13/2009,LIT,AR,ASW,CE,Combined TRACON& Tower with Radar,70,80,91,37,278,0,6,94,3,103,70,86,185,40,381,78,44,122,503
08/14/2009,LIT,AR,ASW,CE,Combined TRACON& Tower with Radar,63,78,71,65,277,0,5,61,2,68,63,83,132,67,345,12,78,90,435
08/15/2009,LIT,AR,ASW,CE,Combined TRACON& Tower with Radar,55,78,42,12,187,0,6,55,3,64,55,84,97,15,251,32,10,42,293
08/16/2009,LIT,AR,ASW,CE,Combined TRACON& Tower with Radar,59,65,41,6,171,0,3,48,3,54,59,68,89,9,225,10,0,10,235
08/17/2009,LIT,AR,ASW,CE,Combined TRACON& Tower with Radar,62,86,61,47,256,0,12,60,8,80,62,98,121,55,336,26,114,140,476
08/18/2009,LIT,AR,ASW,CE,Combined TRACON& Tower with Radar,68,76,74,40,258,0,9,24,2,35,68,85,98,42,293,6,56,62,355
08/19/2009,LIT,AR,ASW,CE,Combined TRACON& Tower with Radar,64,93,101,52,310,0,5,12,3,20,64,98,113,55,330,2,0,2,332
08/20/2009,LIT,AR,ASW,CE,Combined TRACON& Tower with Radar,65,89,71,21,246,0,2,14,1,17,65,91,85,22,263,0,0,0,263
08/21/2009,LIT,AR,ASW,CE,Combined TRACON& Tower with Radar,68,89,79,46,282,0,3,57,7,67,68,92,136,53,349,0,140,140,489
08/22/2009,LIT,AR,ASW,CE,Combined TRACON& Tower with Radar,52,60,35,17,164,0,2,57,2,61,52,62,92,19,225,0,6,6,231
08/23/2009,LIT,AR,ASW,CE,Combined TRACON& Tower with Radar,63,80,31,1,175,0,2,46,0,48,63,82,77,1,223,10,6,16,239
08/24/2009,LIT,AR,ASW,CE,Combined TRACON& Tower with Radar,64,85,87,32,268,0,2,61,2,65,64,87,148,34,333,14,64,78,411
08/25/2009,LIT,AR,ASW,CE,Combined TRACON& Tower with Radar,65,91,114,12,282,0,2,68,0,70,65,93,182,12,352,8,90,98,450
08/26/2009,LIT,AR,ASW,CE,Combined TRACON& Tower with Radar,69,95,96,43,303,0,4,75,2,81,69,99,171,45,384,0,52,52,436
08/27/2009,LIT,AR,ASW,CE,Combined TRACON& Tower with Radar,71,107,81,18,277,0,1,72,3,76,71,108,153,21,353,10,140,150,503
08/28/2009,LIT,AR,ASW,CE,Combined TRACON& Tower with Radar,75,86,72,30,263,0,4,35,1,40,75,90,107,31,303,34,166,200,503
08/29/2009,LIT,AR,ASW,CE,Combined TRACON& Tower with Radar,52,61,67,18,198,0,0,20,1,21,52,61,87,19,219,0,0,0,219
08/30/2009,LIT,AR,ASW,CE,Combined TRACON& Tower with Radar,61,68,52,16,197,0,3,38,2,43,61,71,90,18,240,0,0,0,240
08/31/2009,LIT,AR,ASW,CE,Combined TRACON& Tower with Radar,70,78,67,60,275,0,2,56,10,68,70,80,123,70,343,8,106,114,457
09/01/2009,LIT,AR,ASW,CE,Combined TRACON& Tower with Radar,69,79,73,34,255,0,3,74,0,77,69,82,147,34,332,2,204,206,538
09/02/2009,LIT,AR,ASW,CE,Combined TRACON& Tower with Radar,74,79,93,17,263,0,4,63,6,73,74,83,156,23,336,10,206,216,552
09/03/2009,LIT,AR,ASW,CE,Combined TRACON& Tower with Radar,78,87,81,32,278,0,2,52,3,57,78,89,133,35,335,88,326,414,749
09/04/2009,LIT,AR,ASW,CE,Combined TRACON& Tower with Radar,72,82,88,37,279,0,0,39,4,43,72,82,127,41,322,64,14,78,400
09/05/2009,LIT,AR,ASW,CE,Combined TRACON& Tower with Radar,56,51,32,0,139,0,2,20,0,22,56,53,52,0,161,0,0,0,161
09/06/2009,LIT,AR,ASW,CE,Combined TRACON& Tower with Radar,44,51,28,0,123,0,3,26,0,29,44,54,54,0,152,0,0,0,152
09/07/2009,LIT,AR,ASW,CE,Combined TRACON& Tower with Radar,67,56,44,12,179,0,1,48,1,50,67,57,92,13,229,0,0,0,229
09/08/2009,LIT,AR,ASW,CE,Combined TRACON& Tower with Radar,69,88,76,42,275,0,3,48,24,75,69,91,124,66,350,8,40,48,398
09/09/2009,LIT,AR,ASW,CE,Combined TRACON& Tower with Radar,77,79,72,35,263,0,3,49,1,53,77,82,121,36,316,0,42,42,358
09/10/2009,LIT,AR,ASW,CE,Combined TRACON& Tower with Radar,81,76,87,12,256,0,3,15,0,18,81,79,102,12,274,52,0,52,326
09/11/2009,LIT,AR,ASW,CE,Combined TRACON& Tower with Radar,81,90,98,37,306,0,5,31,1,37,81,95,129,38,343,0,0,0,343
09/12/2009,LIT,AR,ASW,CE,Combined TRACON& Tower with Radar,59,61,47,14,181,0,1,5,1,7,59,62,52,15,188,0,36,36,224
09/13/2009,LIT,AR,ASW,CE,Combined TRACON& Tower with Radar,58,70,53,2,183,0,0,0,0,0,58,70,53,2,183,0,0,0,183
09/14/2009,LIT,AR,ASW,CE,Combined TRACON& Tower with Radar,76,71,64,51,262,0,1,0,0,1,76,72,64,51,263,4,50,54,317
09/15/2009,LIT,AR,ASW,CE,Combined TRACON& Tower with Radar,77,94,70,2,243,0,1,0,0,1,77,95,70,2,244,0,0,0,244
09/16/2009,LIT,AR,ASW,CE,Combined TRACON& Tower with Radar,73,82,90,18,263,0,0,0,2,2,73,82,90,20,265,0,48,48,313
09/17/2009,LIT,AR,ASW,CE,Combined TRACON& Tower with Radar,79,84,93,8,264,0,0,1,0,1,79,84,94,8,265,0,0,0,265
09/18/2009,LIT,AR,ASW,CE,Combined TRACON& Tower with Radar,73,94,77,24,268,0,1,1,0,2,73,95,78,24,270,2,0,2,272
09/19/2009,LIT,AR,ASW,CE,Combined TRACON& Tower with Radar,64,54,67,0,185,0,0,0,0,0,64,54,67,0,185,0,0,0,185
09/20/2009,LIT,AR,ASW,CE,Combined TRACON& Tower with Radar,68,61,80,5,214,0,2,27,0,29,68,63,107,5,243,2,2,4,247
09/21/2009,LIT,AR,ASW,CE,Combined TRACON& Tower with Radar,76,90,107,27,300,0,4,52,1,57,76,94,159,28,357,48,28,76,433
09/22/2009,LIT,AR,ASW,CE,Combined TRACON& Tower with Radar,76,92,78,33,279,0,2,14,3,19,76,94,92,36,298,2,0,2,300
09/23/2009,LIT,AR,ASW,CE,Combined TRACON& Tower with Radar,76,80,93,36,285,0,1,28,0,29,76,81,121,36,314,0,68,68,382
09/24/2009,LIT,AR,ASW,CE,Combined TRACON& Tower with Radar,76,86,113,52,327,0,2,41,2,45,76,88,154,54,372,2,98,100,472
09/25/2009,LIT,AR,ASW,CE,Combined TRACON& Tower with Radar,77,79,85,58,299,0,2,62,1,65,77,81,147,59,364,2,218,220,584
09/26/2009,LIT,AR,ASW,CE,Combined TRACON& Tower with Radar,64,59,42,11,176,0,4,46,4,54,64,63,88,15,230,6,2,8,238
09/27/2009,LIT,AR,ASW,CE,Combined TRACON& Tower with Radar,62,62,59,0,183,0,2,45,3,50,62,64,104,3,233,0,0,0,233
09/28/2009,LIT,AR,ASW,CE,Combined TRACON& Tower with Radar,75,78,53,20,226,0,8,62,1,71,75,86,115,21,297,10,24,34,331
09/29/2009,LIT,AR,ASW,CE,Combined TRACON& Tower with Radar,81,82,90,40,293,0,5,99,6,110,81,87,189,46,403,0,138,138,541
09/30/2009,LIT,AR,ASW,CE,Combined TRACON& Tower with Radar,68,88,91,31,278,0,1,76,7,84,68,89,167,38,362,6,134,140,502
10/01/2009,LIT,AR,ASW,CE,Combined TRACON& Tower with Radar,77,72,82,20,251,0,3,41,2,46,77,75,123,22,297,2,158,160,457
10/02/2009,LIT,AR,ASW,CE,Combined TRACON& Tower with Radar,80,79,74,12,245,0,4,72,1,77,80,83,146,13,322,70,114,184,506
10/03/2009,LIT,AR,ASW,CE,Combined TRACON& Tower with Radar,54,54,46,9,163,0,6,64,4,74,54,60,110,13,237,0,0,0,237
10/04/2009,LIT,AR,ASW,CE,Combined TRACON& Tower with Radar,63,74,69,2,208,0,3,5,0,8,63,77,74,2,216,0,0,0,216
10/05/2009,LIT,AR,ASW,CE,Combined TRACON& Tower with Radar,68,76,67,28,239,0,1,1,0,2,68,77,68,28,241,0,0,0,241
10/06/2009,LIT,AR,ASW,CE,Combined TRACON& Tower with Radar,74,74,42,4,194,0,0,0,0,0,74,74,42,4,194,0,0,0,194
10/07/2009,LIT,AR,ASW,CE,Combined TRACON& Tower with Radar,77,93,79,23,272,0,3,55,9,67,77,96,134,32,339,20,116,136,475
10/08/2009,LIT,AR,ASW,CE,Combined TRACON& Tower with Radar,82,88,71,41,282,0,1,12,1,14,82,89,83,42,296,0,48,48,344
10/09/2009,LIT,AR,ASW,CE,Combined TRACON& Tower with Radar,71,90,66,20,247,0,0,3,0,3,71,90,69,20,250,0,0,0,250
10/10/2009,LIT,AR,ASW,CE,Combined TRACON& Tower with Radar,56,60,56,6,178,0,3,7,3,13,56,63,63,9,191,0,0,0,191
10/11/2009,LIT,AR,ASW,CE,Combined TRACON& Tower with Radar,64,66,59,10,199,0,3,3,0,6,64,69,62,10,205,0,0,0,205
10/12/2009,LIT,AR,ASW,CE,Combined TRACON& Tower with Radar,73,72,69,3,217,0,0,1,0,1,73,72,70,3,218,0,0,0,218
10/13/2009,LIT,AR,ASW,CE,Combined TRACON& Tower with Radar,71,71,76,0,218,0,0,0,0,0,71,71,76,0,218,0,0,0,218
10/14/2009,LIT,AR,ASW,CE,Combined TRACON& Tower with Radar,77,86,79,42,284,0,1,4,0,5,77,87,83,42,289,0,0,0,289
10/15/2009,LIT,AR,ASW,CE,Combined TRACON& Tower with Radar,72,84,68,16,240,0,3,5,0,8,72,87,73,16,248,0,0,0,248
10/16/2009,LIT,AR,ASW,CE,Combined TRACON& Tower with Radar,75,97,91,22,285,0,5,40,2,47,75,102,131,24,332,0,32,32,364
10/17/2009,LIT,AR,ASW,CE,Combined TRACON& Tower with Radar,60,51,41,18,170,0,4,40,2,46,60,55,81,20,216,0,12,12,228
10/18/2009,LIT,AR,ASW,CE,Combined TRACON& Tower with Radar,62,65,57,12,196,0,5,67,2,74,62,70,124,14,270,0,0,0,270
10/19/2009,LIT,AR,ASW,CE,Combined TRACON& Tower with Radar,75,76,70,44,265,0,3,70,4,77,75,79,140,48,342,16,128,144,486
10/20/2009,LIT,AR,ASW,CE,Combined TRACON& Tower with Radar,73,90,70,41,274,0,8,88,10,106,73,98,158,51,380,8,128,136,516
10/21/2009,LIT,AR,ASW,CE,Combined TRACON& Tower with Radar,78,89,104,53,324,0,6,42,1,49,78,95,146,54,373,8,168,176,549
10/22/2009,LIT,AR,ASW,CE,Combined TRACON& Tower with Radar,78,77,59,1,215,0,1,0,0,1,78,78,59,1,216,0,0,0,216
10/23/2009,LIT,AR,ASW,CE,Combined TRACON& Tower with Radar,76,90,80,60,306,0,4,15,2,21,76,94,95,62,327,36,44,80,407
10/24/2009,LIT,AR,ASW,CE,Combined TRACON& Tower with Radar,53,58,52,22,185,0,5,53,4,62,53,63,105,26,247,0,18,18,265
10/25/2009,LIT,AR,ASW,CE,Combined TRACON& Tower with Radar,65,74,54,4,197,0,4,48,1,53,65,78,102,5,250,0,0,0,250
10/26/2009,LIT,AR,ASW,CE,Combined TRACON& Tower with Radar,75,84,54,33,246,0,6,10,2,18,75,90,64,35,264,0,22,22,286
10/27/2009,LIT,AR,ASW,CE,Combined TRACON& Tower with Radar,73,75,88,16,252,0,1,3,0,4,73,76,91,16,256,0,0,0,256
10/28/2009,LIT,AR,ASW,CE,Combined TRACON& Tower with Radar,75,90,116,25,306,0,2,34,4,40,75,92,150,29,346,2,10,12,358
10/29/2009,LIT,AR,ASW,CE,Combined TRACON& Tower with Radar,74,74,57,6,211,0,0,0,1,1,74,74,57,7,212,0,0,0,212
10/30/2009,LIT,AR,ASW,CE,Combined TRACON& Tower with Radar,75,96,65,19,255,0,4,17,2,23,75,100,82,21,278,0,0,0,278
10/31/2009,LIT,AR,ASW,CE,Combined TRACON& Tower with Radar,56,51,36,4,147,0,3,35,6,44,56,54,71,10,191,10,0,10,201
11/01/2009,LIT,AR,ASW,CE,Combined TRACON& Tower with Radar,63,65,44,6,178,0,7,55,0,62,63,72,99,6,240,0,0,0,240
11/02/2009,LIT,AR,ASW,CE,Combined TRACON& Tower with Radar,72,81,67,49,269,0,9,70,2,81,72,90,137,51,350,0,114,114,464
11/03/2009,LIT,AR,ASW,CE,Combined TRACON& Tower with Radar,74,73,68,53,268,0,4,49,3,56,74,77,117,56,324,76,206,282,606
11/04/2009,LIT,AR,ASW,CE,Combined TRACON& Tower with Radar,77,89,87,41,294,0,8,68,2,78,77,97,155,43,372,10,208,218,590
11/05/2009,LIT,AR,ASW,CE,Combined TRACON& Tower with Radar,70,92,73,34,269,0,10,73,6,89,70,102,146,40,358,0,40,40,398
11/06/2009,LIT,AR,ASW,CE,Combined TRACON& Tower with Radar,73,88,70,31,262,0,10,62,3,75,73,98,132,34,337,0,216,216,553
11/07/2009,LIT,AR,ASW,CE,Combined TRACON& Tower with Radar,52,70,45,0,167,0,8,50,0,58,52,78,95,0,225,0,0,0,225
11/08/2009,LIT,AR,ASW,CE,Combined TRACON& Tower with Radar,63,62,67,11,203,0,7,42,5,54,63,69,109,16,257,0,0,0,257
11/09/2009,LIT,AR,ASW,CE,Combined TRACON& Tower with Radar,71,81,51,29,232,0,4,38,3,45,71,85,89,32,277,0,42,42,319
11/10/2009,LIT,AR,ASW,CE,Combined TRACON& Tower with Radar,70,88,75,29,262,0,7,73,9,89,70,95,148,38,351,4,92,96,447
11/11/2009,LIT,AR,ASW,CE,Combined TRACON& Tower with Radar,70,74,72,7,223,0,7,34,4,45,70,81,106,11,268,32,0,32,300
11/12/2009,LIT,AR,ASW,CE,Combined TRACON& Tower with Radar,72,99,117,26,314,0,6,80,6,92,72,105,197,32,406,0,0,0,406
11/13/2009,LIT,AR,ASW,CE,Combined TRACON& Tower with Radar,67,98,74,52,291,0,6,54,7,67,67,104,128,59,358,12,176,188,546
11/14/2009,LIT,AR,ASW,CE,Combined TRACON& Tower with Radar,50,58,49,10,167,0,4,44,3,51,50,62,93,13,218,20,2,22,240
11/15/2009,LIT,AR,ASW,CE,Combined TRACON& Tower with Radar,70,64,53,5,192,0,4,19,0,23,70,68,72,5,215,6,0,6,221
11/16/2009,LIT,AR,ASW,CE,Combined TRACON& Tower with Radar,69,86,96,35,286,0,5,4,0,9,69,91,100,35,295,0,0,0,295
11/17/2009,LIT,AR,ASW,CE,Combined TRACON& Tower with Radar,67,108,91,9,275,0,1,16,0,17,67,109,107,9,292,0,0,0,292
11/18/2009,LIT,AR,ASW,CE,Combined TRACON& Tower with Radar,73,101,101,7,282,0,3,24,2,29,73,104,125,9,311,4,30,34,345
11/19/2009,LIT,AR,ASW,CE,Combined TRACON& Tower with Radar,64,112,97,22,295,0,5,62,1,68,64,117,159,23,363,0,38,38,401
11/20/2009,LIT,AR,ASW,CE,Combined TRACON& Tower with Radar,72,104,105,26,307,0,6,46,6,58,72,110,151,32,365,36,190,226,591
11/21/2009,LIT,AR,ASW,CE,Combined TRACON& Tower with Radar,50,66,58,4,178,0,6,22,0,28,50,72,80,4,206,0,0,0,206
11/22/2009,LIT,AR,ASW,CE,Combined TRACON& Tower with Radar,52,68,58,7,185,0,6,40,2,48,52,74,98,9,233,0,20,20,253
11/23/2009,LIT,AR,ASW,CE,Combined TRACON& Tower with Radar,69,88,83,34,274,0,0,12,1,13,69,88,95,35,287,0,0,0,287
11/24/2009,LIT,AR,ASW,CE,Combined TRACON& Tower with Radar,67,99,106,17,289,0,1,20,0,21,67,100,126,17,310,0,0,0,310
11/25/2009,LIT,AR,ASW,CE,Combined TRACON& Tower with Radar,72,99,68,32,271,0,6,45,4,55,72,105,113,36,326,48,116,164,490
11/26/2009,LIT,AR,ASW,CE,Combined TRACON& Tower with Radar,38,44,14,0,96,0,6,29,0,35,38,50,43,0,131,0,0,0,131
11/27/2009,LIT,AR,ASW,CE,Combined TRACON& Tower with Radar,51,53,40,0,144,0,8,38,0,46,51,61,78,0,190,0,0,0,190
11/28/2009,LIT,AR,ASW,CE,Combined TRACON& Tower with Radar,57,80,50,2,189,0,5,47,1,53,57,85,97,3,242,0,0,0,242
11/29/2009,LIT,AR,ASW,CE,Combined TRACON& Tower with Radar,59,73,68,0,200,0,5,9,1,15,59,78,77,1,215,0,0,0,215
11/30/2009,LIT,AR,ASW,CE,Combined TRACON& Tower with Radar,72,98,69,10,249,0,12,38,4,54,72,110,107,14,303,20,106,126,429
12/01/2009,LIT,AR,ASW,CE,Combined TRACON& Tower with Radar,68,82,79,15,244,0,7,45,8,60,68,89,124,23,304,58,0,58,362
12/02/2009,LIT,AR,ASW,CE,Combined TRACON& Tower with Radar,70,86,65,11,232,0,2,5,1,8,70,88,70,12,240,0,0,0,240
12/03/2009,LIT,AR,ASW,CE,Combined TRACON& Tower with Radar,66,83,95,54,298,0,5,60,8,73,66,88,155,62,371,68,156,224,595
12/04/2009,LIT,AR,ASW,CE,Combined TRACON& Tower with Radar,65,85,70,50,270,0,8,39,11,58,65,93,109,61,328,26,240,266,594
12/05/2009,LIT,AR,ASW,CE,Combined TRACON& Tower with Radar,49,61,44,21,175,0,10,51,4,65,49,71,95,25,240,14,48,62,302
12/06/2009,LIT,AR,ASW,CE,Combined TRACON& Tower with Radar,58,80,52,8,198,0,7,19,1,27,58,87,71,9,225,0,0,0,225
12/07/2009,LIT,AR,ASW,CE,Combined TRACON& Tower with Radar,64,90,89,75,318,0,2,8,0,10,64,92,97,75,328,0,128,128,456
12/08/2009,LIT,AR,ASW,CE,Combined TRACON& Tower with Radar,72,78,65,25,240,0,0,0,0,0,72,78,65,25,240,0,10,10,250
12/09/2009,LIT,AR,ASW,CE,Combined TRACON& Tower with Radar,77,98,84,20,279,0,2,25,0,27,77,100,109,20,306,20,4,24,330
12/10/2009,LIT,AR,ASW,CE,Combined TRACON& Tower with Radar,70,88,81,24,263,0,3,55,5,63,70,91,136,29,326,0,86,86,412
12/11/2009,LIT,AR,ASW,CE,Combined TRACON& Tower with Radar,66,92,54,39,251,0,5,49,3,57,66,97,103,42,308,84,92,176,484
12/12/2009,LIT,AR,ASW,CE,Combined TRACON& Tower with Radar,50,76,33,12,171,0,0,4,0,4,50,76,37,12,175,110,226,336,511
12/13/2009,LIT,AR,ASW,CE,Combined TRACON& Tower with Radar,55,71,68,6,200,0,0,0,0,0,55,71,68,6,200,0,0,0,200
12/14/2009,LIT,AR,ASW,CE,Combined TRACON& Tower with Radar,64,102,85,38,289,0,4,7,1,12,64,106,92,39,301,0,20,20,321
12/15/2009,LIT,AR,ASW,CE,Combined TRACON& Tower with Radar,73,81,96,42,292,0,6,46,6,58,73,87,142,48,350,20,90,110,460
12/16/2009,LIT,AR,ASW,CE,Combined TRACON& Tower with Radar,69,91,105,41,306,0,8,55,2,65,69,99,160,43,371,20,150,170,541
12/17/2009,LIT,AR,ASW,CE,Combined TRACON& Tower with Radar,70,103,119,43,335,0,0,37,7,44,70,103,156,50,379,36,94,130,509
12/18/2009,LIT,AR,ASW,CE,Combined TRACON& Tower with Radar,62,99,108,16,285,0,9,45,4,58,62,108,153,20,343,0,0,0,343
12/19/2009,LIT,AR,ASW,CE,Combined TRACON& Tower with Radar,53,74,41,11,179,0,6,29,2,37,53,80,70,13,216,0,0,0,216
12/20/2009,LIT,AR,ASW,CE,Combined TRACON& Tower with Radar,56,77,48,13,194,0,3,34,3,40,56,80,82,16,234,22,0,22,256
12/21/2009,LIT,AR,ASW,CE,Combined TRACON& Tower with Radar,65,115,52,19,251,0,5,79,1,85,65,120,131,20,336,18,54,72,408
12/22/2009,LIT,AR,ASW,CE,Combined TRACON& Tower with Radar,71,86,74,10,241,0,4,27,0,31,71,90,101,10,272,0,16,16,288
12/23/2009,LIT,AR,ASW,CE,Combined TRACON& Tower with Radar,66,80,28,8,182,0,2,0,0,2,66,82,28,8,184,0,0,0,184
12/24/2009,LIT,AR,ASW,CE,Combined TRACON& Tower with Radar,52,60,14,0,126,0,0,0,0,0,52,60,14,0,126,0,0,0,126
12/25/2009,LIT,AR,ASW,CE,Combined TRACON& Tower with Radar,53,46,7,0,106,0,2,9,0,11,53,48,16,0,117,0,0,0,117
12/26/2009,LIT,AR,ASW,CE,Combined TRACON& Tower with Radar,55,76,27,0,158,0,6,30,0,36,55,82,57,0,194,0,0,0,194
12/27/2009,LIT,AR,ASW,CE,Combined TRACON& Tower with Radar,54,74,48,1,177,0,3,20,0,23,54,77,68,1,200,0,0,0,200
12/28/2009,LIT,AR,ASW,CE,Combined TRACON& Tower with Radar,61,75,55,9,200,0,2,41,0,43,61,77,96,9,243,0,0,0,243
12/29/2009,LIT,AR,ASW,CE,Combined TRACON& Tower with Radar,62,71,66,30,229,0,8,32,1,41,62,79,98,31,270,10,40,50,320
12/30/2009,LIT,AR,ASW,CE,Combined TRACON& Tower with Radar,67,76,56,0,199,0,0,4,0,4,67,76,60,0,203,0,0,0,203
12/31/2009,LIT,AR,ASW,CE,Combined TRACON& Tower with Radar,47,70,30,1,148,0,3,14,1,18,47,73,44,2,166,4,0,4,170
01/01/2010,LIT,AR,ASW,CE,Combined TRACON& Tower with Radar,49,50,19,0,118,0,9,24,0,33,49,59,43,0,151,0,0,0,151
01/02/2010,LIT,AR,ASW,CE,Combined TRACON& Tower with Radar,53,74,32,0,159,0,3,26,0,29,53,77,58,0,188,0,0,0,188
01/03/2010,LIT,AR,ASW,CE,Combined TRACON& Tower with Radar,59,63,52,0,174,0,5,4,0,9,59,68,56,0,183,0,0,0,183
01/04/2010,LIT,AR,ASW,CE,Combined TRACON& Tower with Radar,66,83,46,9,204,0,4,17,0,21,66,87,63,9,225,18,20,38,263
01/05/2010,LIT,AR,ASW,CE,Combined TRACON& Tower with Radar,61,84,59,19,223,0,8,49,4,61,61,92,108,23,284,4,208,212,496
01/06/2010,LIT,AR,ASW,CE,Combined TRACON& Tower with Radar,56,84,60,11,211,0,5,26,0,31,56,89,86,11,242,0,40,40,282
01/07/2010,LIT,AR,ASW,CE,Combined TRACON& Tower with Radar,64,70,44,2,180,0,7,6,0,13,64,77,50,2,193,0,0,0,193
01/08/2010,LIT,AR,ASW,CE,Combined TRACON& Tower with Radar,60,84,72,22,238,0,4,21,2,27,60,88,93,24,265,0,0,0,265
01/09/2010,LIT,AR,ASW,CE,Combined TRACON& Tower with Radar,46,73,35,5,159,0,4,37,4,45,46,77,72,9,204,0,0,0,204
01/10/2010,LIT,AR,ASW,CE,Combined TRACON& Tower with Radar,45,84,37,4,170,0,2,56,1,59,45,86,93,5,229,0,0,0,229
01/11/2010,LIT,AR,ASW,CE,Combined TRACON& Tower with Radar,51,94,50,34,229,0,6,54,5,65,51,100,104,39,294,0,238,238,532
01/12/2010,LIT,AR,ASW,CE,Combined TRACON& Tower with Radar,65,84,78,52,279,0,7,59,72,138,65,91,137,124,417,30,118,148,565
01/13/2010,LIT,AR,ASW,CE,Combined TRACON& Tower with Radar,53,90,88,124,355,0,6,75,10,91,53,96,163,134,446,4,232,236,682
01/14/2010,LIT,AR,ASW,CE,Combined TRACON& Tower with Radar,73,87,92,62,314,0,3,45,7,55,73,90,137,69,369,0,38,38,407
01/15/2010,LIT,AR,ASW,CE,Combined TRACON& Tower with Radar,56,87,78,28,249,0,6,48,1,55,56,93,126,29,304,18,116,134,438
01/16/2010,LIT,AR,ASW,CE,Combined TRACON& Tower with Radar,41,67,38,0,146,0,2,9,0,11,41,69,47,0,157,0,0,0,157
01/17/2010,LIT,AR,ASW,CE,Combined TRACON& Tower with Radar,37,83,40,8,168,0,1,26,2,29,37,84,66,10,197,0,0,0,197
01/18/2010,LIT,AR,ASW,CE,Combined TRACON& Tower with Radar,54,89,76,9,228,0,1,45,1,47,54,90,121,10,275,0,0,0,275
01/19/2010,LIT,AR,ASW,CE,Combined TRACON& Tower with Radar,54,83,93,9,239,0,0,14,2,16,54,83,107,11,255,0,0,0,255
01/20/2010,LIT,AR,ASW,CE,Combined TRACON& Tower with Radar,55,84,70,19,228,0,1,2,0,3,55,85,72,19,231,0,0,0,231
01/21/2010,LIT,AR,ASW,CE,Combined TRACON& Tower with Radar,60,98,82,53,293,0,1,16,6,23,60,99,98,59,316,24,96,120,436
01/22/2010,LIT,AR,ASW,CE,Combined TRACON& Tower with Radar,65,91,91,12,259,0,0,7,1,8,65,91,98,13,267,16,0,16,283
01/23/2010,LIT,AR,ASW,CE,Combined TRACON& Tower with Radar,43,73,32,15,163,0,3,6,0,9,43,76,38,15,172,6,22,28,200
01/24/2010,LIT,AR,ASW,CE,Combined TRACON& Tower with Radar,43,82,52,2,179,0,3,21,1,25,43,85,73,3,204,0,0,0,204
01/25/2010,LIT,AR,ASW,CE,Combined TRACON& Tower with Radar,54,92,56,28,230,0,6,40,2,48,54,98,96,30,278,0,20,20,298
01/26/2010,LIT,AR,ASW,CE,Combined TRACON& Tower with Radar,58,81,84,37,260,0,7,70,1,78,58,88,154,38,338,6,0,6,344
01/27/2010,LIT,AR,ASW,CE,Combined TRACON& Tower with Radar,59,93,108,44,304,0,10,55,4,69,59,103,163,48,373,10,200,210,583
01/28/2010,LIT,AR,ASW,CE,Combined TRACON& Tower with Radar,66,91,61,29,247,0,1,16,5,22,66,92,77,34,269,0,236,236,505
01/29/2010,LIT,AR,ASW,CE,Combined TRACON& Tower with Radar,8,21,7,0,36,0,0,0,0,0,8,21,7,0,36,0,0,0,36
01/30/2010,LIT,AR,ASW,CE,Combined TRACON& Tower with Radar,30,60,26,2,118,0,1,17,0,18,30,61,43,2,136,0,0,0,136
01/31/2010,LIT,AR,ASW,CE,Combined TRACON& Tower with Radar,49,77,38,2,166,0,0,36,0,36,49,77,74,2,202,0,0,0,202
02/01/2010,LIT,AR,ASW,CE,Combined TRACON& Tower with Radar,55,99,67,24,245,0,3,47,1,51,55,102,114,25,296,12,200,212,508
02/02/2010,LIT,AR,ASW,CE,Combined TRACON& Tower with Radar,56,97,111,13,277,0,5,25,41,71,56,102,136,54,348,10,126,136,484
02/03/2010,LIT,AR,ASW,CE,Combined TRACON& Tower with Radar,57,86,98,12,253,0,5,72,2,79,57,91,170,14,332,8,0,8,340
02/04/2010,LIT,AR,ASW,CE,Combined TRACON& Tower with Radar,63,113,96,9,281,0,0,0,0,0,63,113,96,9,281,0,0,0,281
02/05/2010,LIT,AR,ASW,CE,Combined TRACON& Tower with Radar,56,89,73,44,262,0,1,6,1,8,56,90,79,45,270,4,10,14,284
02/06/2010,LIT,AR,ASW,CE,Combined TRACON& Tower with Radar,38,76,33,21,168,0,0,31,3,34,38,76,64,24,202,14,0,14,216
02/07/2010,LIT,AR,ASW,CE,Combined TRACON& Tower with Radar,42,78,33,30,183,0,1,34,0,35,42,79,67,30,218,4,38,42,260
02/08/2010,LIT,AR,ASW,CE,Combined TRACON& Tower with Radar,17,25,30,0,72,0,0,0,0,0,17,25,30,0,72,0,0,0,72
02/09/2010,LIT,AR,ASW,CE,Combined TRACON& Tower with Radar,52,78,32,24,186,0,4,19,0,23,52,82,51,24,209,2,0,2,211
02/10/2010,LIT,AR,ASW,CE,Combined TRACON& Tower with Radar,57,100,85,12,254,0,4,58,0,62,57,104,143,12,316,6,0,6,322
02/11/2010,LIT,AR,ASW,CE,Combined TRACON& Tower with Radar,45,92,63,31,231,0,2,23,2,27,45,94,86,33,258,4,122,126,384
02/12/2010,LIT,AR,ASW,CE,Combined TRACON& Tower with Radar,49,81,51,38,219,0,3,30,0,33,49,84,81,38,252,2,4,6,258
02/13/2010,LIT,AR,ASW,CE,Combined TRACON& Tower with Radar,38,71,49,2,160,0,1,27,0,28,38,72,76,2,188,0,0,0,188
02/14/2010,LIT,AR,ASW,CE,Combined TRACON& Tower with Radar,46,77,17,9,149,0,5,3,0,8,46,82,20,9,157,0,20,20,177
02/15/2010,LIT,AR,ASW,CE,Combined TRACON& Tower with Radar,50,88,63,1,202,0,2,20,0,22,50,90,83,1,224,12,0,12,236
02/16/2010,LIT,AR,ASW,CE,Combined TRACON& Tower with Radar,52,91,91,50,284,0,3,56,5,64,52,94,147,55,348,0,12,12,360
02/17/2010,LIT,AR,ASW,CE,Combined TRACON& Tower with Radar,58,108,101,43,310,0,5,75,5,85,58,113,176,48,395,0,148,148,543
02/18/2010,LIT,AR,ASW,CE,Combined TRACON& Tower with Radar,54,100,111,42,307,0,4,94,4,102,54,104,205,46,409,84,222,306,715
02/19/2010,LIT,AR,ASW,CE,Combined TRACON& Tower with Radar,52,98,71,54,275,0,8,49,2,59,52,106,120,56,334,8,162,170,504
02/20/2010,LIT,AR,ASW,CE,Combined TRACON& Tower with Radar,39,85,32,65,221,0,3,33,1,37,39,88,65,66,258,0,56,56,314
02/21/2010,LIT,AR,ASW,CE,Combined TRACON& Tower with Radar,44,85,35,2,166,0,3,7,1,11,44,88,42,3,177,0,0,0,177
02/22/2010,LIT,AR,ASW,CE,Combined TRACON& Tower with Radar,47,101,76,49,273,0,8,16,1,25,47,109,92,50,298,18,156,174,472
02/23/2010,LIT,AR,ASW,CE,Combined TRACON& Tower with Radar,56,78,71,20,225,0,1,59,5,65,56,79,130,25,290,0,8,8,298
02/24/2010,LIT,AR,ASW,CE,Combined TRACON& Tower with Radar,53,87,101,15,256,0,1,61,3,65,53,88,162,18,321,30,0,30,351
02/25/2010,LIT,AR,ASW,CE,Combined TRACON& Tower with Radar,52,95,85,30,262,0,7,88,4,99,52,102,173,34,361,30,130,160,521
02/26/2010,LIT,AR,ASW,CE,Combined TRACON& Tower with Radar,51,103,52,57,263,0,8,27,1,36,51,111,79,58,299,0,92,92,391
02/27/2010,LIT,AR,ASW,CE,Combined TRACON& Tower with Radar,39,74,43,26,182,0,8,60,2,70,39,82,103,28,252,8,12,20,272
02/28/2010,LIT,AR,ASW,CE,Combined TRACON& Tower with Radar,42,84,31,2,159,0,9,42,0,51,42,93,73,2,210,0,0,0,210
03/01/2010,LIT,AR,ASW,CE,Combined TRACON& Tower with Radar,47,106,69,10,232,0,9,26,4,39,47,115,95,14,271,20,28,48,319
03/02/2010,LIT,AR,ASW,CE,Combined TRACON& Tower with Radar,53,94,83,44,274,0,7,30,0,37,53,101,113,44,311,6,26,32,343
03/03/2010,LIT,AR,ASW,CE,Combined TRACON& Tower with Radar,53,94,82,26,255,0,10,60,46,116,53,104,142,72,371,4,18,22,393
03/04/2010,LIT,AR,ASW,CE,Combined TRACON& Tower with Radar,53,94,74,19,240,0,3,69,2,74,53,97,143,21,314,40,90,130,444
03/05/2010,LIT,AR,ASW,CE,Combined TRACON& Tower with Radar,57,105,55,32,249,0,11,69,4,84,57,116,124,36,333,14,86,100,433
03/06/2010,LIT,AR,ASW,CE,Combined TRACON& Tower with Radar,38,70,48,13,169,0,9,76,4,89,38,79,124,17,258,16,18,34,292
03/07/2010,LIT,AR,ASW,CE,Combined TRACON& Tower with Radar,40,84,62,14,200,0,4,47,0,51,40,88,109,14,251,0,0,0,251
03/08/2010,LIT,AR,ASW,CE,Combined TRACON& Tower with Radar,47,98,70,23,238,0,5,51,2,58,47,103,121,25,296,0,26,26,322
03/09/2010,LIT,AR,ASW,CE,Combined TRACON& Tower with Radar,52,98,73,12,235,0,1,9,3,13,52,99,82,15,248,4,0,4,252
03/10/2010,LIT,AR,ASW,CE,Combined TRACON& Tower with Radar,54,103,101,54,312,0,6,11,0,17,54,109,112,54,329,24,14,38,367
03/11/2010,LIT,AR,ASW,CE,Combined TRACON& Tower with Radar,52,90,90,21,253,0,9,62,3,74,52,99,152,24,327,24,26,50,377
03/12/2010,LIT,AR,ASW,CE,Combined TRACON& Tower with Radar,52,94,77,27,250,0,4,31,0,35,52,98,108,27,285,0,30,30,315
03/13/2010,LIT,AR,ASW,CE,Combined TRACON& Tower with Radar,39,79,41,6,165,0,7,28,0,35,39,86,69,6,200,0,0,0,200
03/14/2010,LIT,AR,ASW,CE,Combined TRACON& Tower with Radar,42,76,53,5,176,0,3,24,0,27,42,79,77,5,203,0,0,0,203
03/15/2010,LIT,AR,ASW,CE,Combined TRACON& Tower with Radar,49,111,81,16,257,0,5,55,1,61,49,116,136,17,318,2,258,260,578
03/16/2010,LIT,AR,ASW,CE,Combined TRACON& Tower with Radar,49,100,116,15,280,0,5,55,4,64,49,105,171,19,344,0,44,44,388
03/17/2010,LIT,AR,ASW,CE,Combined TRACON& Tower with Radar,52,116,99,20,287,0,10,41,0,51,52,126,140,20,338,0,0,0,338
03/18/2010,LIT,AR,ASW,CE,Combined TRACON& Tower with Radar,56,96,112,49,313,0,6,72,6,84,56,102,184,55,397,24,42,66,463
03/19/2010,LIT,AR,ASW,CE,Combined TRACON& Tower with Radar,52,94,86,30,262,0,5,74,3,82,52,99,160,33,344,0,106,106,450
03/20/2010,LIT,AR,ASW,CE,Combined TRACON& Tower with Radar,42,71,48,1,162,0,2,23,1,26,42,73,71,2,188,0,0,0,188
03/21/2010,LIT,AR,ASW,CE,Combined TRACON& Tower with Radar,42,83,38,3,166,0,0,1,0,1,42,83,39,3,167,0,0,0,167
03/22/2010,LIT,AR,ASW,CE,Combined TRACON& Tower with Radar,50,96,60,47,253,0,6,35,0,41,50,102,95,47,294,4,154,158,452
03/23/2010,LIT,AR,ASW,CE,Combined TRACON& Tower with Radar,51,93,65,46,255,0,6,54,7,67,51,99,119,53,322,8,100,108,430
03/24/2010,LIT,AR,ASW,CE,Combined TRACON& Tower with Radar,58,98,90,52,298,0,4,59,4,67,58,102,149,56,365,26,22,48,413
03/25/2010,LIT,AR,ASW,CE,Combined TRACON& Tower with Radar,55,100,59,35,249,0,2,7,2,11,55,102,66,37,260,2,76,78,338
03/26/2010,LIT,AR,ASW,CE,Combined TRACON& Tower with Radar,53,104,64,17,238,0,5,52,0,57,53,109,116,17,295,0,0,0,295
03/27/2010,LIT,AR,ASW,CE,Combined TRACON& Tower with Radar,42,90,56,7,195,0,4,18,2,24,42,94,74,9,219,0,0,0,219
03/28/2010,LIT,AR,ASW,CE,Combined TRACON& Tower with Radar,48,94,59,2,203,0,3,12,2,17,48,97,71,4,220,0,0,0,220
03/29/2010,LIT,AR,ASW,CE,Combined TRACON& Tower with Radar,53,96,82,31,262,0,6,79,0,85,53,102,161,31,347,0,0,0,347
03/30/2010,LIT,AR,ASW,CE,Combined TRACON& Tower with Radar,52,92,64,23,231,0,6,68,4,78,52,98,132,27,309,2,0,2,311
03/31/2010,LIT,AR,ASW,CE,Combined TRACON& Tower with Radar,53,100,72,35,260,0,5,55,3,63,53,105,127,38,323,0,2,2,325
04/01/2010,LIT,AR,ASW,CE,Combined TRACON& Tower with Radar,54,106,106,16,282,0,4,80,2,86,54,110,186,18,368,0,40,40,408
04/02/2010,LIT,AR,ASW,CE,Combined TRACON& Tower with Radar,53,97,58,2,210,0,7,38,1,46,53,104,96,3,256,0,16,16,272
04/03/2010,LIT,AR,ASW,CE,Combined TRACON& Tower with Radar,40,79,48,0,167,0,4,33,0,37,40,83,81,0,204,0,0,0,204
04/04/2010,LIT,AR,ASW,CE,Combined TRACON& Tower with Radar,40,78,35,0,153,0,5,14,2,21,40,83,49,2,174,0,0,0,174
04/05/2010,LIT,AR,ASW,CE,Combined TRACON& Tower with Radar,49,95,99,11,254,0,8,41,0,49,49,103,140,11,303,10,0,10,313
04/06/2010,LIT,AR,ASW,CE,Combined TRACON& Tower with Radar,59,78,93,22,252,0,7,27,2,36,59,85,120,24,288,0,50,50,338
04/07/2010,LIT,AR,ASW,CE,Combined TRACON& Tower with Radar,60,88,79,12,239,0,6,9,4,19,60,94,88,16,258,10,0,10,268
04/08/2010,LIT,AR,ASW,CE,Combined TRACON& Tower with Radar,65,89,97,43,294,0,8,67,2,77,65,97,164,45,371,82,52,134,505
04/09/2010,LIT,AR,ASW,CE,Combined TRACON& Tower with Radar,63,82,108,27,280,0,8,79,4,91,63,90,187,31,371,24,44,68,439
04/10/2010,LIT,AR,ASW,CE,Combined TRACON& Tower with Radar,50,66,53,5,174,0,3,70,3,76,50,69,123,8,250,44,0,44,294
04/11/2010,LIT,AR,ASW,CE,Combined TRACON& Tower with Radar,51,68,59,29,207,0,1,65,3,69,51,69,124,32,276,0,0,0,276
04/12/2010,LIT,AR,ASW,CE,Combined TRACON& Tower with Radar,58,85,71,29,243,0,2,52,0,54,58,87,123,29,297,0,0,0,297
04/13/2010,LIT,AR,ASW,CE,Combined TRACON& Tower with Radar,59,77,99,15,250,0,4,81,2,87,59,81,180,17,337,0,30,30,367
04/14/2010,LIT,AR,ASW,CE,Combined TRACON& Tower with Radar,64,85,91,22,262,0,4,75,2,81,64,89,166,24,343,10,130,140,483
04/15/2010,LIT,AR,ASW,CE,Combined TRACON& Tower with Radar,64,88,103,26,281,0,10,62,0,72,64,98,165,26,353,18,4,22,375
04/16/2010,LIT,AR,ASW,CE,Combined TRACON& Tower with Radar,66,80,102,31,279,0,2,61,2,65,66,82,163,33,344,0,0,0,344
04/17/2010,LIT,AR,ASW,CE,Combined TRACON& Tower with Radar,53,65,35,1,154,0,4,27,1,32,53,69,62,2,186,0,0,0,186
04/18/2010,LIT,AR,ASW,CE,Combined TRACON& Tower with Radar,48,72,57,21,198,0,3,24,2,29,48,75,81,23,227,0,0,0,227
04/19/2010,LIT,AR,ASW,CE,Combined TRACON& Tower with Radar,62,91,62,33,248,0,2,36,5,43,62,93,98,38,291,0,0,0,291
04/20/2010,LIT,AR,ASW,CE,Combined TRACON& Tower with Radar,61,86,96,36,279,0,3,73,12,88,61,89,169,48,367,0,12,12,379
04/21/2010,LIT,AR,ASW,CE,Combined TRACON& Tower with Radar,57,98,103,37,295,0,10,66,8,84,57,108,169,45,379,0,146,146,525
04/22/2010,LIT,AR,ASW,CE,Combined TRACON& Tower with Radar,65,89,116,56,326,0,9,69,7,85,65,98,185,63,411,68,18,86,497
04/23/2010,LIT,AR,ASW,CE,Combined TRACON& Tower with Radar,63,82,49,12,206,0,0,18,0,18,63,82,67,12,224,0,32,32,256
04/24/2010,LIT,AR,ASW,CE,Combined TRACON& Tower with Radar,47,79,28,0,154,0,4,10,0,14,47,83,38,0,168,0,0,0,168
04/25/2010,LIT,AR,ASW,CE,Combined TRACON& Tower with Radar,52,64,46,0,162,0,4,23,0,27,52,68,69,0,189,0,0,0,189
04/26/2010,LIT,AR,ASW,CE,Combined TRACON& Tower with Radar,57,100,94,7,258,0,11,39,1,51,57,111,133,8,309,0,8,8,317
04/27/2010,LIT,AR,ASW,CE,Combined TRACON& Tower with Radar,56,77,99,43,275,0,7,46,1,54,56,84,145,44,329,0,24,24,353
04/28/2010,LIT,AR,ASW,CE,Combined TRACON& Tower with Radar,64,85,121,7,277,0,4,73,1,78,64,89,194,8,355,0,0,0,355
04/29/2010,LIT,AR,ASW,CE,Combined TRACON& Tower with Radar,63,104,95,21,283,0,16,59,3,78,63,120,154,24,361,70,134,204,565
04/30/2010,LIT,AR,ASW,CE,Combined TRACON& Tower with Radar,57,75,62,10,204,0,2,5,0,7,57,77,67,10,211,0,0,0,211
05/01/2010,LIT,AR,ASW,CE,Combined TRACON& Tower with Radar,47,62,31,0,140,0,5,2,0,7,47,67,33,0,147,0,0,0,147
05/02/2010,LIT,AR,ASW,CE,Combined TRACON& Tower with Radar,51,74,71,4,200,0,9,20,0,29,51,83,91,4,229,0,0,0,229
05/03/2010,LIT,AR,ASW,CE,Combined TRACON& Tower with Radar,58,88,92,3,241,0,6,50,1,57,58,94,142,4,298,0,0,0,298
05/04/2010,LIT,AR,ASW,CE,Combined TRACON& Tower with Radar,57,96,93,36,282,0,8,60,48,116,57,104,153,84,398,0,32,32,430
05/05/2010,LIT,AR,ASW,CE,Combined TRACON& Tower with Radar,61,98,113,10,282,0,6,75,31,112,61,104,188,41,394,0,30,30,424
05/06/2010,LIT,AR,ASW,CE,Combined TRACON& Tower with Radar,64,87,110,37,298,0,11,82,4,97,64,98,192,41,395,0,44,44,439
05/07/2010,LIT,AR,ASW,CE,Combined TRACON& Tower with Radar,64,81,89,24,258,0,10,37,2,49,64,91,126,26,307,0,0,0,307
05/08/2010,LIT,AR,ASW,CE,Combined TRACON& Tower with Radar,53,59,45,15,172,0,13,51,6,70,53,72,96,21,242,0,10,10,252
05/09/2010,LIT,AR,ASW,CE,Combined TRACON& Tower with Radar,57,63,44,14,178,0,8,14,2,24,57,71,58,16,202,0,0,0,202
05/10/2010,LIT,AR,ASW,CE,Combined TRACON& Tower with Radar,63,75,77,0,215,0,1,4,0,5,63,76,81,0,220,0,0,0,220
05/11/2010,LIT,AR,ASW,CE,Combined TRACON& Tower with Radar,64,83,102,11,260,0,3,31,1,35,64,86,133,12,295,0,16,16,311
05/12/2010,LIT,AR,ASW,CE,Combined TRACON& Tower with Radar,64,78,90,13,245,0,2,31,0,33,64,80,121,13,278,0,0,0,278
05/13/2010,LIT,AR,ASW,CE,Combined TRACON& Tower with Radar,61,87,74,4,226,0,4,35,2,41,61,91,109,6,267,0,0,0,267
05/14/2010,LIT,AR,ASW,CE,Combined TRACON& Tower with Radar,73,88,72,8,241,0,3,8,5,16,73,91,80,13,257,0,0,0,257
05/15/2010,LIT,AR,ASW,CE,Combined TRACON& Tower with Radar,55,56,37,0,148,0,1,0,0,1,55,57,37,0,149,0,0,0,149
05/16/2010,LIT,AR,ASW,CE,Combined TRACON& Tower with Radar,54,72,58,0,184,0,3,9,0,12,54,75,67,0,196,0,0,0,196
05/17/2010,LIT,AR,ASW,CE,Combined TRACON& Tower with Radar,61,78,89,24,252,0,1,26,0,27,61,79,115,24,279,0,0,0,279
05/18/2010,LIT,AR,ASW,CE,Combined TRACON& Tower with Radar,61,84,94,35,274,0,1,46,5,52,61,85,140,40,326,10,84,94,420
05/19/2010,LIT,AR,ASW,CE,Combined TRACON& Tower with Radar,65,92,81,10,248,0,6,32,0,38,65,98,113,10,286,8,20,28,314
05/20/2010,LIT,AR,ASW,CE,Combined TRACON& Tower with Radar,61,84,60,5,210,0,4,19,2,25,61,88,79,7,235,0,0,0,235
05/21/2010,LIT,AR,ASW,CE,Combined TRACON& Tower with Radar,66,80,109,29,284,0,4,54,2,60,66,84,163,31,344,6,118,124,468
05/22/2010,LIT,AR,ASW,CE,Combined TRACON& Tower with Radar,57,63,57,0,177,0,4,40,0,44,57,67,97,0,221,0,0,0,221
05/23/2010,LIT,AR,ASW,CE,Combined TRACON& Tower with Radar,54,62,43,14,173,0,5,38,1,44,54,67,81,15,217,0,0,0,217
05/24/2010,LIT,AR,ASW,CE,Combined TRACON& Tower with Radar,62,95,80,7,244,0,9,47,3,59,62,104,127,10,303,12,0,12,315
05/25/2010,LIT,AR,ASW,CE,Combined TRACON& Tower with Radar,56,91,74,11,232,0,5,46,1,52,56,96,120,12,284,0,0,0,284
05/26/2010,LIT,AR,ASW,CE,Combined TRACON& Tower with Radar,62,88,104,41,295,0,13,49,1,63,62,101,153,42,358,0,20,20,378
05/27/2010,LIT,AR,ASW,CE,Combined TRACON& Tower with Radar,64,85,82,38,269,0,7,55,6,68,64,92,137,44,337,24,60,84,421
05/28/2010,LIT,AR,ASW,CE,Combined TRACON& Tower with Radar,70,74,84,14,242,0,10,53,5,68,70,84,137,19,310,0,0,0,310
05/29/2010,LIT,AR,ASW,CE,Combined TRACON& Tower with Radar,52,54,29,10,145,0,4,52,2,58,52,58,81,12,203,22,0,22,225
05/30/2010,LIT,AR,ASW,CE,Combined TRACON& Tower with Radar,44,61,21,20,146,0,3,28,4,35,44,64,49,24,181,0,0,0,181
05/31/2010,LIT,AR,ASW,CE,Combined TRACON& Tower with Radar,54,69,40,2,165,0,7,18,0,25,54,76,58,2,190,0,0,0,190
06/01/2010,LIT,AR,ASW,CE,Combined TRACON& Tower with Radar,60,82,90,20,252,0,3,60,1,64,60,85,150,21,316,2,150,152,468
06/02/2010,LIT,AR,ASW,CE,Combined TRACON& Tower with Radar,62,84,85,25,256,0,10,93,1,104,62,94,178,26,360,0,50,50,410
06/03/2010,LIT,AR,ASW,CE,Combined TRACON& Tower with Radar,64,76,77,49,266,0,5,28,6,39,64,81,105,55,305,10,92,102,407
06/04/2010,LIT,AR,ASW,CE,Combined TRACON& Tower with Radar,62,84,90,47,283,0,6,46,4,56,62,90,136,51,339,0,16,16,355
06/05/2010,LIT,AR,ASW,CE,Combined TRACON& Tower with Radar,54,60,46,2,162,0,5,20,3,28,54,65,66,5,190,28,0,28,218
06/06/2010,LIT,AR,ASW,CE,Combined TRACON& Tower with Radar,55,59,49,25,188,0,2,38,0,40,55,61,87,25,228,0,0,0,228
06/07/2010,LIT,AR,ASW,CE,Combined TRACON& Tower with Radar,54,92,81,16,243,0,4,53,0,57,54,96,134,16,300,0,52,52,352
06/08/2010,LIT,AR,ASW,CE,Combined TRACON& Tower with Radar,62,86,89,24,261,0,11,84,1,96,62,97,173,25,357,0,196,196,553
06/09/2010,LIT,AR,ASW,CE,Combined TRACON& Tower with Radar,64,83,92,3,242,0,3,37,1,41,64,86,129,4,283,0,46,46,329
06/10/2010,LIT,AR,ASW,CE,Combined TRACON& Tower with Radar,64,82,104,21,271,0,4,34,4,42,64,86,138,25,313,0,56,56,369
06/11/2010,LIT,AR,ASW,CE,Combined TRACON& Tower with Radar,58,84,95,29,266,0,2,18,2,22,58,86,113,31,288,12,28,40,328
06/12/2010,LIT,AR,ASW,CE,Combined TRACON& Tower with Radar,51,69,56,0,176,0,6,43,2,51,51,75,99,2,227,44,0,44,271
06/13/2010,LIT,AR,ASW,CE,Combined TRACON& Tower with Radar,52,71,58,9,190,0,7,47,1,55,52,78,105,10,245,0,0,0,245
06/14/2010,LIT,AR,ASW,CE,Combined TRACON& Tower with Radar,58,83,88,17,246,0,2,48,2,52,58,85,136,19,298,0,0,0,298
06/15/2010,LIT,AR,ASW,CE,Combined TRACON& Tower with Radar,56,81,79,10,226,0,8,69,3,80,56,89,148,13,306,22,0,22,328
06/16/2010,LIT,AR,ASW,CE,Combined TRACON& Tower with Radar,61,98,93,2,254,0,4,42,0,46,61,102,135,2,300,0,0,0,300
06/17/2010,LIT,AR,ASW,CE,Combined TRACON& Tower with Radar,61,96,95,27,279,0,6,62,3,71,61,102,157,30,350,10,54,64,414
06/18/2010,LIT,AR,ASW,CE,Combined TRACON& Tower with Radar,54,85,79,35,253,0,6,58,3,67,54,91,137,38,320,0,0,0,320
06/19/2010,LIT,AR,ASW,CE,Combined TRACON& Tower with Radar,45,67,48,2,162,0,1,38,0,39,45,68,86,2,201,6,0,6,207
06/20/2010,LIT,AR,ASW,CE,Combined TRACON& Tower with Radar,54,74,59,0,187,0,7,37,1,45,54,81,96,1,232,0,0,0,232
06/21/2010,LIT,AR,ASW,CE,Combined TRACON& Tower with Radar,58,74,77,13,222,0,2,59,0,61,58,76,136,13,283,4,12,16,299
06/22/2010,LIT,AR,ASW,CE,Combined TRACON& Tower with Radar,56,89,96,33,274,0,10,57,2,69,56,99,153,35,343,0,94,94,437
06/23/2010,LIT,AR,ASW,CE,Combined TRACON& Tower with Radar,56,98,110,18,282,0,3,70,2,75,56,101,180,20,357,32,112,144,501
06/24/2010,LIT,AR,ASW,CE,Combined TRACON& Tower with Radar,54,91,86,14,245,0,7,41,1,49,54,98,127,15,294,30,70,100,394
06/25/2010,LIT,AR,ASW,CE,Combined TRACON& Tower with Radar,55,107,107,10,279,0,3,54,0,57,55,110,161,10,336,8,0,8,344
06/26/2010,LIT,AR,ASW,CE,Combined TRACON& Tower with Radar,50,75,52,12,189,0,3,48,4,55,50,78,100,16,244,16,6,22,266
06/27/2010,LIT,AR,ASW,CE,Combined TRACON& Tower with Radar,54,82,55,0,191,0,3,39,0,42,54,85,94,0,233,0,0,0,233
06/28/2010,LIT,AR,ASW,CE,Combined TRACON& Tower with Radar,52,95,71,25,243,0,4,36,3,43,52,99,107,28,286,16,28,44,330
06/29/2010,LIT,AR,ASW,CE,Combined TRACON& Tower with Radar,60,89,69,8,226,0,2,18,1,21,60,91,87,9,247,0,0,0,247
06/30/2010,LIT,AR,ASW,CE,Combined TRACON& Tower with Radar,56,92,105,44,297,0,4,68,4,76,56,96,173,48,373,80,44,124,497
07/01/2010,LIT,AR,ASW,CE,Combined TRACON& Tower with Radar,60,83,108,30,281,0,3,52,4,59,60,86,160,34,340,0,12,12,352
07/02/2010,LIT,AR,ASW,CE,Combined TRACON& Tower with Radar,50,74,97,0,221,0,10,57,2,69,50,84,154,2,290,84,0,84,374
07/03/2010,LIT,AR,ASW,CE,Combined TRACON& Tower with Radar,46,85,45,0,176,0,4,20,0,24,46,89,65,0,200,44,0,44,244
07/04/2010,LIT,AR,ASW,CE,Combined TRACON& Tower with Radar,45,50,15,0,110,0,5,25,0,30,45,55,40,0,140,16,0,16,156
07/05/2010,LIT,AR,ASW,CE,Combined TRACON& Tower with Radar,47,74,30,4,155,0,10,39,0,49,47,84,69,4,204,0,0,0,204
07/06/2010,LIT,AR,ASW,CE,Combined TRACON& Tower with Radar,54,87,69,9,219,0,4,40,2,46,54,91,109,11,265,8,64,72,337
07/07/2010,LIT,AR,ASW,CE,Combined TRACON& Tower with Radar,53,80,84,34,251,0,3,7,4,14,53,83,91,38,265,0,92,92,357
07/08/2010,LIT,AR,ASW,CE,Combined TRACON& Tower with Radar,69,97,85,29,280,0,5,38,1,44,69,102,123,30,324,18,68,86,410
07/09/2010,LIT,AR,ASW,CE,Combined TRACON& Tower with Radar,58,86,74,68,286,0,6,11,0,17,58,92,85,68,303,0,0,0,303
07/10/2010,LIT,AR,ASW,CE,Combined TRACON& Tower with Radar,44,75,39,10,168,0,1,31,1,33,44,76,70,11,201,0,0,0,201
07/11/2010,LIT,AR,ASW,CE,Combined TRACON& Tower with Radar,47,69,47,12,175,0,3,21,0,24,47,72,68,12,199,0,0,0,199
07/12/2010,LIT,AR,ASW,CE,Combined TRACON& Tower with Radar,54,79,70,8,211,0,4,30,1,35,54,83,100,9,246,0,0,0,246
07/13/2010,LIT,AR,ASW,CE,Combined TRACON& Tower with Radar,58,95,81,8,242,0,4,28,0,32,58,99,109,8,274,0,0,0,274
07/14/2010,LIT,AR,ASW,CE,Combined TRACON& Tower with Radar,61,99,96,15,271,0,11,55,1,67,61,110,151,16,338,0,50,50,388
07/15/2010,LIT,AR,ASW,CE,Combined TRACON& Tower with Radar,55,101,93,20,269,0,6,69,2,77,55,107,162,22,346,48,30,78,424
07/16/2010,LIT,AR,ASW,CE,Combined TRACON& Tower with Radar,54,80,87,15,236,0,5,30,1,36,54,85,117,16,272,0,0,0,272
07/17/2010,LIT,AR,ASW,CE,Combined TRACON& Tower with Radar,45,82,35,3,165,0,3,34,0,37,45,85,69,3,202,24,0,24,226
07/18/2010,LIT,AR,ASW,CE,Combined TRACON& Tower with Radar,48,81,56,24,209,0,5,31,4,40,48,86,87,28,249,0,0,0,249
07/19/2010,LIT,AR,ASW,CE,Combined TRACON& Tower with Radar,50,77,86,41,254,0,4,28,3,35,50,81,114,44,289,4,68,72,361
07/20/2010,LIT,AR,ASW,CE,Combined TRACON& Tower with Radar,58,78,101,22,259,0,1,54,6,61,58,79,155,28,320,0,0,0,320
07/21/2010,LIT,AR,ASW,CE,Combined TRACON& Tower with Radar,56,108,103,35,302,0,2,48,6,56,56,110,151,41,358,0,52,52,410
07/22/2010,LIT,AR,ASW,CE,Combined TRACON& Tower with Radar,62,89,83,19,253,0,8,76,3,87,62,97,159,22,340,0,0,0,340
07/23/2010,LIT,AR,ASW,CE,Combined TRACON& Tower with Radar,54,100,71,40,265,0,7,65,8,80,54,107,136,48,345,6,0,6,351
07/24/2010,LIT,AR,ASW,CE,Combined TRACON& Tower with Radar,36,84,32,1,153,0,6,49,2,57,36,90,81,3,210,0,0,0,210
07/25/2010,LIT,AR,ASW,CE,Combined TRACON& Tower with Radar,50,76,45,15,186,0,4,25,0,29,50,80,70,15,215,0,0,0,215
07/26/2010,LIT,AR,ASW,CE,Combined TRACON& Tower with Radar,55,82,88,17,242,0,0,25,3,28,55,82,113,20,270,0,54,54,324
07/27/2010,LIT,AR,ASW,CE,Combined TRACON& Tower with Radar,60,81,85,28,254,0,2,29,2,33,60,83,114,30,287,0,0,0,287
07/28/2010,LIT,AR,ASW,CE,Combined TRACON& Tower with Radar,55,95,153,20,323,0,4,20,1,25,55,99,173,21,348,0,16,16,364
07/29/2010,LIT,AR,ASW,CE,Combined TRACON& Tower with Radar,58,91,105,25,279,0,7,54,2,63,58,98,159,27,342,0,0,0,342
07/30/2010,LIT,AR,ASW,CE,Combined TRACON& Tower with Radar,56,92,67,12,227,0,3,72,1,76,56,95,139,13,303,0,0,0,303
07/31/2010,LIT,AR,ASW,CE,Combined TRACON& Tower with Radar,40,80,52,23,195,0,5,37,0,42,40,85,89,23,237,0,0,0,237
08/01/2010,LIT,AR,ASW,CE,Combined TRACON& Tower with Radar,52,64,34,11,161,0,5,31,3,39,52,69,65,14,200,0,0,0,200
08/02/2010,LIT,AR,ASW,CE,Combined TRACON& Tower with Radar,51,72,63,32,218,0,5,47,59,111,51,77,110,91,329,0,6,6,335
08/03/2010,LIT,AR,ASW,CE,Combined TRACON& Tower with Radar,55,84,66,16,221,0,4,59,2,65,55,88,125,18,286,0,134,134,420
08/04/2010,LIT,AR,ASW,CE,Combined TRACON& Tower with Radar,65,95,72,27,259,0,5,59,52,116,65,100,131,79,375,0,58,58,433
08/05/2010,LIT,AR,ASW,CE,Combined TRACON& Tower with Radar,56,95,80,29,260,0,8,38,3,49,56,103,118,32,309,60,84,144,453
08/06/2010,LIT,AR,ASW,CE,Combined TRACON& Tower with Radar,58,86,74,26,244,0,3,25,1,29,58,89,99,27,273,0,0,0,273
08/07/2010,LIT,AR,ASW,CE,Combined TRACON& Tower with Radar,47,69,45,1,162,0,5,20,0,25,47,74,65,1,187,0,0,0,187
08/08/2010,LIT,AR,ASW,CE,Combined TRACON& Tower with Radar,52,68,37,1,158,0,13,26,0,39,52,81,63,1,197,0,0,0,197
08/09/2010,LIT,AR,ASW,CE,Combined TRACON& Tower with Radar,48,86,86,19,239,0,0,45,1,46,48,86,131,20,285,24,26,50,335
08/10/2010,LIT,AR,ASW,CE,Combined TRACON& Tower with Radar,59,87,77,28,251,0,7,47,2,56,59,94,124,30,307,0,0,0,307
08/11/2010,LIT,AR,ASW,CE,Combined TRACON& Tower with Radar,56,80,87,50,273,0,7,50,39,96,56,87,137,89,369,10,28,38,407
08/12/2010,LIT,AR,ASW,CE,Combined TRACON& Tower with Radar,49,95,101,49,294,0,8,53,3,64,49,103,154,52,358,90,20,110,468
08/13/2010,LIT,AR,ASW,CE,Combined TRACON& Tower with Radar,55,77,69,32,233,0,9,53,0,62,55,86,122,32,295,4,0,4,299
08/14/2010,LIT,AR,ASW,CE,Combined TRACON& Tower with Radar,44,75,32,22,173,0,9,46,8,63,44,84,78,30,236,0,0,0,236
08/15/2010,LIT,AR,ASW,CE,Combined TRACON& Tower with Radar,42,72,45,16,175,0,6,47,0,53,42,78,92,16,228,0,0,0,228
08/16/2010,LIT,AR,ASW,CE,Combined TRACON& Tower with Radar,51,81,76,13,221,0,6,57,1,64,51,87,133,14,285,32,20,52,337
08/17/2010,LIT,AR,ASW,CE,Combined TRACON& Tower with Radar,59,82,110,32,283,0,3,63,1,67,59,85,173,33,350,0,0,0,350
08/18/2010,LIT,AR,ASW,CE,Combined TRACON& Tower with Radar,64,92,90,29,275,0,6,24,3,33,64,98,114,32,308,0,0,0,308
08/19/2010,LIT,AR,ASW,CE,Combined TRACON& Tower with Radar,57,94,100,34,285,0,3,48,6,57,57,97,148,40,342,0,0,0,342
08/20/2010,LIT,AR,ASW,CE,Combined TRACON& Tower with Radar,58,100,77,13,248,0,2,61,1,64,58,102,138,14,312,0,0,0,312
08/21/2010,LIT,AR,ASW,CE,Combined TRACON& Tower with Radar,48,67,43,6,164,0,4,41,2,47,48,71,84,8,211,0,0,0,211
08/22/2010,LIT,AR,ASW,CE,Combined TRACON& Tower with Radar,56,66,48,0,170,0,5,42,5,52,56,71,90,5,222,0,0,0,222
08/23/2010,LIT,AR,ASW,CE,Combined TRACON& Tower with Radar,59,78,53,30,220,0,4,33,4,41,59,82,86,34,261,0,224,224,485
08/24/2010,LIT,AR,ASW,CE,Combined TRACON& Tower with Radar,53,85,91,35,264,0,3,54,7,64,53,88,145,42,328,0,52,52,380
08/25/2010,LIT,AR,ASW,CE,Combined TRACON& Tower with Radar,51,95,98,24,268,0,3,60,1,64,51,98,158,25,332,0,62,62,394
08/26/2010,LIT,AR,ASW,CE,Combined TRACON& Tower with Radar,57,95,72,16,240,0,3,69,2,74,57,98,141,18,314,44,0,44,358
08/27/2010,LIT,AR,ASW,CE,Combined TRACON& Tower with Radar,59,80,87,30,256,0,3,64,4,71,59,83,151,34,327,100,20,120,447
08/28/2010,LIT,AR,ASW,CE,Combined TRACON& Tower with Radar,48,70,41,16,175,0,2,38,2,42,48,72,79,18,217,0,0,0,217
08/29/2010,LIT,AR,ASW,CE,Combined TRACON& Tower with Radar,51,64,67,18,200,0,0,6,0,6,51,64,73,18,206,0,0,0,206
08/30/2010,LIT,AR,ASW,CE,Combined TRACON& Tower with Radar,52,97,102,25,276,0,2,23,0,25,52,99,125,25,301,0,58,58,359
08/31/2010,LIT,AR,ASW,CE,Combined TRACON& Tower with Radar,59,90,96,26,271,0,3,30,0,33,59,93,126,26,304,0,0,0,304
09/01/2010,LIT,AR,ASW,CE,Combined TRACON& Tower with Radar,57,80,89,8,234,0,3,39,0,42,57,83,128,8,276,0,6,6,282
09/02/2010,LIT,AR,ASW,CE,Combined TRACON& Tower with Radar,64,87,107,24,282,0,4,33,2,39,64,91,140,26,321,36,12,48,369
09/03/2010,LIT,AR,ASW,CE,Combined TRACON& Tower with Radar,60,89,81,13,243,0,4,39,1,44,60,93,120,14,287,0,24,24,311
09/04/2010,LIT,AR,ASW,CE,Combined TRACON& Tower with Radar,46,56,30,3,135,0,3,29,1,33,46,59,59,4,168,0,0,0,168
09/05/2010,LIT,AR,ASW,CE,Combined TRACON& Tower with Radar,46,51,17,0,114,0,9,34,0,43,46,60,51,0,157,0,0,0,157
09/06/2010,LIT,AR,ASW,CE,Combined TRACON& Tower with Radar,52,64,53,0,169,0,8,37,0,45,52,72,90,0,214,0,0,0,214
09/07/2010,LIT,AR,ASW,CE,Combined TRACON& Tower with Radar,58,86,60,6,210,0,4,12,0,16,58,90,72,6,226,34,0,34,260
09/08/2010,LIT,AR,ASW,CE,Combined TRACON& Tower with Radar,57,96,81,6,240,0,0,1,0,1,57,96,82,6,241,2,0,2,243
09/09/2010,LIT,AR,ASW,CE,Combined TRACON& Tower with Radar,68,92,77,16,253,0,1,13,3,17,68,93,90,19,270,0,0,0,270
09/10/2010,LIT,AR,ASW,CE,Combined TRACON& Tower with Radar,62,86,92,14,254,0,5,57,7,69,62,91,149,21,323,44,10,54,377
09/11/2010,LIT,AR,ASW,CE,Combined TRACON& Tower with Radar,48,71,41,1,161,0,8,18,0,26,48,79,59,1,187,0,0,0,187
09/12/2010,LIT,AR,ASW,CE,Combined TRACON& Tower with Radar,57,60,61,3,181,0,2,39,1,42,57,62,100,4,223,0,0,0,223
09/13/2010,LIT,AR,ASW,CE,Combined TRACON& Tower with Radar,61,80,90,16,247,0,3,86,0,89,61,83,176,16,336,0,34,34,370
09/14/2010,LIT,AR,ASW,CE,Combined TRACON& Tower with Radar,67,73,91,10,241,0,1,45,0,46,67,74,136,10,287,0,0,0,287
09/15/2010,LIT,AR,ASW,CE,Combined TRACON& Tower with Radar,62,95,89,21,267,0,6,57,2,65,62,101,146,23,332,10,0,10,342
09/16/2010,LIT,AR,ASW,CE,Combined TRACON& Tower with Radar,61,88,116,21,286,0,3,68,0,71,61,91,184,21,357,0,0,0,357
09/17/2010,LIT,AR,ASW,CE,Combined TRACON& Tower with Radar,64,83,74,9,230,0,7,64,2,73,64,90,138,11,303,0,0,0,303
09/18/2010,LIT,AR,ASW,CE,Combined TRACON& Tower with Radar,51,72,48,0,171,0,2,50,0,52,51,74,98,0,223,0,0,0,223
09/19/2010,LIT,AR,ASW,CE,Combined TRACON& Tower with Radar,57,64,67,20,208,0,3,49,1,53,57,67,116,21,261,0,0,0,261
09/20/2010,LIT,AR,ASW,CE,Combined TRACON& Tower with Radar,58,76,79,31,244,0,1,61,7,69,58,77,140,38,313,12,20,32,345
09/21/2010,LIT,AR,ASW,CE,Combined TRACON& Tower with Radar,65,75,92,46,278,0,4,46,6,56,65,79,138,52,334,14,116,130,464
09/22/2010,LIT,AR,ASW,CE,Combined TRACON& Tower with Radar,63,71,104,46,284,0,3,75,5,83,63,74,179,51,367,6,0,6,373
09/23/2010,LIT,AR,ASW,CE,Combined TRACON& Tower with Radar,65,78,97,23,263,0,8,75,1,84,65,86,172,24,347,0,48,48,395
09/24/2010,LIT,AR,ASW,CE,Combined TRACON& Tower with Radar,64,77,84,40,265,0,6,32,0,38,64,83,116,40,303,0,72,72,375
09/25/2010,LIT,AR,ASW,CE,Combined TRACON& Tower with Radar,50,56,61,4,171,0,2,29,1,32,50,58,90,5,203,0,0,0,203
09/26/2010,LIT,AR,ASW,CE,Combined TRACON& Tower with Radar,56,58,48,12,174,0,2,35,4,41,56,60,83,16,215,0,0,0,215
09/27/2010,LIT,AR,ASW,CE,Combined TRACON& Tower with Radar,59,76,68,32,235,0,8,67,3,78,59,84,135,35,313,44,0,44,357
09/28/2010,LIT,AR,ASW,CE,Combined TRACON& Tower with Radar,63,70,77,23,233,0,8,79,2,89,63,78,156,25,322,0,60,60,382
09/29/2010,LIT,AR,ASW,CE,Combined TRACON& Tower with Radar,64,97,89,37,287,0,7,64,0,71,64,104,153,37,358,0,22,22,380
09/30/2010,LIT,AR,ASW,CE,Combined TRACON& Tower with Radar,61,76,76,32,245,0,4,65,5,74,61,80,141,37,319,0,22,22,341
10/01/2010,LIT,AR,ASW,CE,Combined TRACON& Tower with Radar,61,71,69,64,265,0,3,44,6,53,61,74,113,70,318,0,0,0,318
10/02/2010,LIT,AR,ASW,CE,Combined TRACON& Tower with Radar,46,63,47,10,166,0,7,82,2,91,46,70,129,12,257,28,0,28,285
10/03/2010,LIT,AR,ASW,CE,Combined TRACON& Tower with Radar,56,59,50,5,170,0,6,43,3,52,56,65,93,8,222,38,0,38,260
10/04/2010,LIT,AR,ASW,CE,Combined TRACON& Tower with Radar,62,74,71,13,220,0,11,40,22,73,62,85,111,35,293,0,10,10,303
10/05/2010,LIT,AR,ASW,CE,Combined TRACON& Tower with Radar,65,81,83,31,260,0,11,56,6,73,65,92,139,37,333,12,46,58,391
10/06/2010,LIT,AR,ASW,CE,Combined TRACON& Tower with Radar,68,74,80,13,235,0,2,71,1,74,68,76,151,14,309,0,0,0,309
10/07/2010,LIT,AR,ASW,CE,Combined TRACON& Tower with Radar,63,78,85,43,269,0,9,74,3,86,63,87,159,46,355,124,164,288,643
10/08/2010,LIT,AR,ASW,CE,Combined TRACON& Tower with Radar,64,81,104,24,273,0,3,106,17,126,64,84,210,41,399,10,188,198,597
10/09/2010,LIT,AR,ASW,CE,Combined TRACON& Tower with Radar,49,78,52,2,181,0,6,44,3,53,49,84,96,5,234,8,0,8,242
10/10/2010,LIT,AR,ASW,CE,Combined TRACON& Tower with Radar,55,61,87,4,207,0,6,44,4,54,55,67,131,8,261,0,0,0,261
10/11/2010,LIT,AR,ASW,CE,Combined TRACON& Tower with Radar,60,69,73,1,203,0,4,62,2,68,60,73,135,3,271,0,0,0,271
10/12/2010,LIT,AR,ASW,CE,Combined TRACON& Tower with Radar,64,80,86,25,255,0,2,23,5,30,64,82,109,30,285,0,18,18,303
10/13/2010,LIT,AR,ASW,CE,Combined TRACON& Tower with Radar,64,76,88,16,244,0,5,59,7,71,64,81,147,23,315,0,0,0,315
10/14/2010,LIT,AR,ASW,CE,Combined TRACON& Tower with Radar,63,86,118,45,312,0,8,72,5,85,63,94,190,50,397,24,30,54,451
10/15/2010,LIT,AR,ASW,CE,Combined TRACON& Tower with Radar,63,78,102,19,262,0,6,99,6,111,63,84,201,25,373,28,120,148,521
10/16/2010,LIT,AR,ASW,CE,Combined TRACON& Tower with Radar,48,69,41,10,168,0,6,62,5,73,48,75,103,15,241,0,0,0,241
10/17/2010,LIT,AR,ASW,CE,Combined TRACON& Tower with Radar,54,58,71,13,196,0,9,68,7,84,54,67,139,20,280,0,0,0,280
10/18/2010,LIT,AR,ASW,CE,Combined TRACON& Tower with Radar,61,71,75,25,232,0,11,63,1,75,61,82,138,26,307,0,0,0,307
10/19/2010,LIT,AR,ASW,CE,Combined TRACON& Tower with Radar,65,80,87,18,250,0,1,10,0,11,65,81,97,18,261,0,0,0,261
10/20/2010,LIT,AR,ASW,CE,Combined TRACON& Tower with Radar,68,82,99,25,274,0,3,80,1,84,68,85,179,26,358,0,0,0,358
10/21/2010,LIT,AR,ASW,CE,Combined TRACON& Tower with Radar,64,91,102,37,294,0,3,83,3,89,64,94,185,40,383,0,180,180,563
10/22/2010,LIT,AR,ASW,CE,Combined TRACON& Tower with Radar,64,102,111,22,299,0,4,62,5,71,64,106,173,27,370,66,0,66,436
10/23/2010,LIT,AR,ASW,CE,Combined TRACON& Tower with Radar,59,57,50,10,176,0,1,19,1,21,59,58,69,11,197,0,0,0,197
10/24/2010,LIT,AR,ASW,CE,Combined TRACON& Tower with Radar,55,59,60,4,178,0,4,4,0,8,55,63,64,4,186,0,0,0,186
10/25/2010,LIT,AR,ASW,CE,Combined TRACON& Tower with Radar,59,80,73,21,233,0,2,11,0,13,59,82,84,21,246,0,0,0,246
10/26/2010,LIT,AR,ASW,CE,Combined TRACON& Tower with Radar,67,88,79,23,257,0,2,31,1,34,67,90,110,24,291,0,0,0,291
10/27/2010,LIT,AR,ASW,CE,Combined TRACON& Tower with Radar,61,87,117,56,321,0,4,65,3,72,61,91,182,59,393,0,94,94,487
10/28/2010,LIT,AR,ASW,CE,Combined TRACON& Tower with Radar,62,87,96,28,273,0,6,88,8,102,62,93,184,36,375,0,10,10,385
10/29/2010,LIT,AR,ASW,CE,Combined TRACON& Tower with Radar,62,86,85,10,243,0,6,70,2,78,62,92,155,12,321,20,0,20,341
10/30/2010,LIT,AR,ASW,CE,Combined TRACON& Tower with Radar,51,61,50,4,166,0,2,45,2,49,51,63,95,6,215,0,0,0,215
10/31/2010,LIT,AR,ASW,CE,Combined TRACON& Tower with Radar,49,61,64,7,181,0,1,59,2,62,49,62,123,9,243,0,0,0,243
11/01/2010,LIT,AR,ASW,CE,Combined TRACON& Tower with Radar,55,89,101,16,261,0,4,23,1,28,55,93,124,17,289,0,0,0,289
11/02/2010,LIT,AR,ASW,CE,Combined TRACON& Tower with Radar,57,79,87,14,237,0,0,6,1,7,57,79,93,15,244,0,0,0,244
11/03/2010,LIT,AR,ASW,CE,Combined TRACON& Tower with Radar,61,88,95,51,295,0,0,3,1,4,61,88,98,52,299,0,0,0,299
11/04/2010,LIT,AR,ASW,CE,Combined TRACON& Tower with Radar,62,83,86,55,286,0,2,39,6,47,62,85,125,61,333,12,52,64,397
11/05/2010,LIT,AR,ASW,CE,Combined TRACON& Tower with Radar,57,93,91,22,263,0,4,71,4,79,57,97,162,26,342,0,104,104,446
11/06/2010,LIT,AR,ASW,CE,Combined TRACON& Tower with Radar,47,64,55,12,178,0,3,43,2,48,47,67,98,14,226,48,106,154,380
11/07/2010,LIT,AR,ASW,CE,Combined TRACON& Tower with Radar,50,62,55,0,167,0,1,38,1,40,50,63,93,1,207,0,0,0,207
11/08/2010,LIT,AR,ASW,CE,Combined TRACON& Tower with Radar,55,78,95,28,256,0,10,75,1,86,55,88,170,29,342,70,120,190,532
11/09/2010,LIT,AR,ASW,CE,Combined TRACON& Tower with Radar,57,75,97,10,239,0,4,86,1,91,57,79,183,11,330,12,42,54,384
11/10/2010,LIT,AR,ASW,CE,Combined TRACON& Tower with Radar,58,95,112,22,287,0,8,56,2,66,58,103,168,24,353,8,10,18,371
11/11/2010,LIT,AR,ASW,CE,Combined TRACON& Tower with Radar,60,88,104,1,253,0,12,67,4,83,60,100,171,5,336,6,0,6,342
11/12/2010,LIT,AR,ASW,CE,Combined TRACON& Tower with Radar,57,84,96,2,239,0,2,59,0,61,57,86,155,2,300,8,0,8,308
11/13/2010,LIT,AR,ASW,CE,Combined TRACON& Tower with Radar,49,64,53,16,182,0,3,8,0,11,49,67,61,16,193,0,0,0,193
11/14/2010,LIT,AR,ASW,CE,Combined TRACON& Tower with Radar,49,65,83,4,201,0,7,51,2,60,49,72,134,6,261,60,0,60,321
11/15/2010,LIT,AR,ASW,CE,Combined TRACON& Tower with Radar,56,89,95,65,305,0,8,52,3,63,56,97,147,68,368,6,130,136,504
11/16/2010,LIT,AR,ASW,CE,Combined TRACON& Tower with Radar,59,80,79,6,224,0,5,19,2,26,59,85,98,8,250,18,0,18,268
11/17/2010,LIT,AR,ASW,CE,Combined TRACON& Tower with Radar,59,83,99,9,250,0,3,72,3,78,59,86,171,12,328,0,0,0,328
11/18/2010,LIT,AR,ASW,CE,Combined TRACON& Tower with Radar,53,102,147,21,323,0,5,11,1,17,53,107,158,22,340,0,0,0,340
11/19/2010,LIT,AR,ASW,CE,Combined TRACON& Tower with Radar,56,103,83,21,263,0,6,32,1,39,56,109,115,22,302,100,34,134,436
11/20/2010,LIT,AR,ASW,CE,Combined TRACON& Tower with Radar,44,69,53,39,205,0,2,10,0,12,44,71,63,39,217,0,0,0,217
11/21/2010,LIT,AR,ASW,CE,Combined TRACON& Tower with Radar,48,63,68,33,212,0,5,21,3,29,48,68,89,36,241,0,0,0,241
11/22/2010,LIT,AR,ASW,CE,Combined TRACON& Tower with Radar,52,75,76,27,230,0,3,6,2,11,52,78,82,29,241,0,0,0,241
11/23/2010,LIT,AR,ASW,CE,Combined TRACON& Tower with Radar,59,85,101,4,249,0,2,19,0,21,59,87,120,4,270,0,0,0,270
11/24/2010,LIT,AR,ASW,CE,Combined TRACON& Tower with Radar,58,89,87,8,242,0,1,12,0,13,58,90,99,8,255,0,20,20,275
11/25/2010,LIT,AR,ASW,CE,Combined TRACON& Tower with Radar,39,53,11,0,103,0,1,2,0,3,39,54,13,0,106,0,0,0,106
11/26/2010,LIT,AR,ASW,CE,Combined TRACON& Tower with Radar,46,53,52,0,151,0,4,40,0,44,46,57,92,0,195,0,0,0,195
11/27/2010,LIT,AR,ASW,CE,Combined TRACON& Tower with Radar,50,76,81,0,207,0,10,54,0,64,50,86,135,0,271,0,0,0,271
11/28/2010,LIT,AR,ASW,CE,Combined TRACON& Tower with Radar,56,78,80,0,214,0,6,58,0,64,56,84,138,0,278,0,0,0,278
11/29/2010,LIT,AR,ASW,CE,Combined TRACON& Tower with Radar,55,75,48,10,188,0,3,3,0,6,55,78,51,10,194,0,0,0,194
11/30/2010,LIT,AR,ASW,CE,Combined TRACON& Tower with Radar,56,78,89,46,269,0,8,24,2,34,56,86,113,48,303,10,80,90,393
12/01/2010,LIT,AR,ASW,CE,Combined TRACON& Tower with Radar,57,90,74,46,267,0,3,89,2,94,57,93,163,48,361,16,172,188,549
12/02/2010,LIT,AR,ASW,CE,Combined TRACON& Tower with Radar,56,87,100,33,276,0,6,65,3,74,56,93,165,36,350,4,60,64,414
12/03/2010,LIT,AR,ASW,CE,Combined TRACON& Tower with Radar,55,86,94,57,292,0,11,80,11,102,55,97,174,68,394,72,118,190,584
12/04/2010,LIT,AR,ASW,CE,Combined TRACON& Tower with Radar,38,71,38,9,156,0,5,35,2,42,38,76,73,11,198,0,16,16,214
12/05/2010,LIT,AR,ASW,CE,Combined TRACON& Tower with Radar,45,66,51,5,167,0,4,24,1,29,45,70,75,6,196,0,0,0,196
12/06/2010,LIT,AR,ASW,CE,Combined TRACON& Tower with Radar,53,82,98,22,255,0,2,71,2,75,53,84,169,24,330,0,20,20,350
12/07/2010,LIT,AR,ASW,CE,Combined TRACON& Tower with Radar,56,88,71,12,227,0,4,58,0,62,56,92,129,12,289,6,60,66,355
12/08/2010,LIT,AR,ASW,CE,Combined TRACON& Tower with Radar,57,62,91,37,247,0,1,52,4,57,57,63,143,41,304,0,0,0,304
12/09/2010,LIT,AR,ASW,CE,Combined TRACON& Tower with Radar,61,75,81,25,242,0,2,40,0,42,61,77,121,25,284,16,66,82,366
12/10/2010,LIT,AR,ASW,CE,Combined TRACON& Tower with Radar,56,84,80,51,271,0,4,13,0,17,56,88,93,51,288,0,0,0,288
12/11/2010,LIT,AR,ASW,CE,Combined TRACON& Tower with Radar,43,59,40,3,145,0,4,4,0,8,43,63,44,3,153,0,0,0,153
12/12/2010,LIT,AR,ASW,CE,Combined TRACON& Tower with Radar,47,56,37,3,143,0,5,27,4,36,47,61,64,7,179,0,0,0,179
12/13/2010,LIT,AR,ASW,CE,Combined TRACON& Tower with Radar,56,83,108,15,262,0,2,65,1,68,56,85,173,16,330,0,60,60,390
12/14/2010,LIT,AR,ASW,CE,Combined TRACON& Tower with Radar,56,79,102,42,279,0,6,74,2,82,56,85,176,44,361,4,36,40,401
12/15/2010,LIT,AR,ASW,CE,Combined TRACON& Tower with Radar,53,88,86,12,239,0,0,10,0,10,53,88,96,12,249,0,10,10,259
12/16/2010,LIT,AR,ASW,CE,Combined TRACON& Tower with Radar,57,75,102,40,274,0,6,70,2,78,57,81,172,42,352,0,0,0,352
12/17/2010,LIT,AR,ASW,CE,Combined TRACON& Tower with Radar,56,81,111,23,271,0,11,43,4,58,56,92,154,27,329,0,0,0,329
12/18/2010,LIT,AR,ASW,CE,Combined TRACON& Tower with Radar,45,72,58,5,180,0,5,49,1,55,45,77,107,6,235,0,0,0,235
12/19/2010,LIT,AR,ASW,CE,Combined TRACON& Tower with Radar,47,78,42,3,170,0,4,45,1,50,47,82,87,4,220,0,0,0,220
12/20/2010,LIT,AR,ASW,CE,Combined TRACON& Tower with Radar,51,95,78,6,230,0,7,27,0,34,51,102,105,6,264,0,0,0,264
12/21/2010,LIT,AR,ASW,CE,Combined TRACON& Tower with Radar,48,97,89,28,262,0,3,26,0,29,48,100,115,28,291,8,20,28,319
12/22/2010,LIT,AR,ASW,CE,Combined TRACON& Tower with Radar,54,97,83,11,245,0,9,50,2,61,54,106,133,13,306,0,40,40,346
12/23/2010,LIT,AR,ASW,CE,Combined TRACON& Tower with Radar,54,78,59,0,191,0,6,40,1,47,54,84,99,1,238,30,10,40,278
12/24/2010,LIT,AR,ASW,CE,Combined TRACON& Tower with Radar,40,66,16,0,122,0,8,6,0,14,40,74,22,0,136,0,0,0,136
12/25/2010,LIT,AR,ASW,CE,Combined TRACON& Tower with Radar,34,47,6,0,87,0,2,2,0,4,34,49,8,0,91,0,0,0,91
12/26/2010,LIT,AR,ASW,CE,Combined TRACON& Tower with Radar,47,73,52,0,172,0,1,11,0,12,47,74,63,0,184,0,0,0,184
12/27/2010,LIT,AR,ASW,CE,Combined TRACON& Tower with Radar,46,83,55,0,184,0,11,66,0,77,46,94,121,0,261,12,0,12,273
12/28/2010,LIT,AR,ASW,CE,Combined TRACON& Tower with Radar,50,77,53,6,186,0,2,17,2,21,50,79,70,8,207,20,20,40,247
12/29/2010,LIT,AR,ASW,CE,Combined TRACON& Tower with Radar,47,91,29,1,168,0,1,0,0,1,47,92,29,1,169,0,0,0,169
12/30/2010,LIT,AR,ASW,CE,Combined TRACON& Tower with Radar,49,75,63,5,192,0,0,5,0,5,49,75,68,5,197,0,0,0,197
12/31/2010,LIT,AR,ASW,CE,Combined TRACON& Tower with Radar,42,68,23,2,135,0,2,5,0,7,42,70,28,2,142,0,0,0,142
01/01/2011,LIT,AR,ASW,CE,Combined TRACON& Tower with Radar,35,54,22,0,111,0,12,25,0,37,35,66,47,0,148,0,0,0,148
01/02/2011,LIT,AR,ASW,CE,Combined TRACON& Tower with Radar,50,68,54,3,175,0,7,34,0,41,50,75,88,3,216,0,0,0,216
01/03/2011,LIT,AR,ASW,CE,Combined TRACON& Tower with Radar,54,85,69,1,209,0,4,52,0,56,54,89,121,1,265,0,0,0,265
01/04/2011,LIT,AR,ASW,CE,Combined TRACON& Tower with Radar,54,85,65,14,218,0,7,61,1,69,54,92,126,15,287,14,88,102,389
01/05/2011,LIT,AR,ASW,CE,Combined TRACON& Tower with Radar,56,83,130,45,314,0,1,29,7,37,56,84,159,52,351,16,88,104,455
01/06/2011,LIT,AR,ASW,CE,Combined TRACON& Tower with Radar,52,78,58,38,226,0,4,82,3,89,52,82,140,41,315,28,50,78,393
01/07/2011,LIT,AR,ASW,CE,Combined TRACON& Tower with Radar,52,78,71,15,216,0,5,37,4,46,52,83,108,19,262,6,86,92,354
01/08/2011,LIT,AR,ASW,CE,Combined TRACON& Tower with Radar,45,56,45,10,156,0,3,56,1,60,45,59,101,11,216,0,0,0,216
01/09/2011,LIT,AR,ASW,CE,Combined TRACON& Tower with Radar,32,39,24,0,95,0,4,7,3,14,32,43,31,3,109,0,0,0,109
01/10/2011,LIT,AR,ASW,CE,Combined TRACON& Tower with Radar,51,54,46,2,153,0,0,2,0,2,51,54,48,2,155,0,0,0,155
01/11/2011,LIT,AR,ASW,CE,Combined TRACON& Tower with Radar,42,68,58,13,181,0,9,25,1,35,42,77,83,14,216,0,0,0,216
01/12/2011,LIT,AR,ASW,CE,Combined TRACON& Tower with Radar,52,72,97,19,240,0,9,42,3,54,52,81,139,22,294,8,48,56,350
01/13/2011,LIT,AR,ASW,CE,Combined TRACON& Tower with Radar,53,76,43,36,208,0,5,67,6,78,53,81,110,42,286,22,84,106,392
01/14/2011,LIT,AR,ASW,CE,Combined TRACON& Tower with Radar,56,78,88,6,228,0,5,49,2,56,56,83,137,8,284,0,0,0,284
01/15/2011,LIT,AR,ASW,CE,Combined TRACON& Tower with Radar,43,53,30,1,127,2,3,40,2,47,45,56,70,3,174,0,0,0,174
01/16/2011,LIT,AR,ASW,CE,Combined TRACON& Tower with Radar,47,64,39,1,151,0,2,3,0,5,47,66,42,1,156,0,0,0,156
01/17/2011,LIT,AR,ASW,CE,Combined TRACON& Tower with Radar,53,71,56,0,180,0,0,0,0,0,53,71,56,0,180,0,0,0,180
01/18/2011,LIT,AR,ASW,CE,Combined TRACON& Tower with Radar,64,68,93,22,247,0,1,6,1,8,64,69,99,23,255,0,0,0,255
01/19/2011,LIT,AR,ASW,CE,Combined TRACON& Tower with Radar,58,79,88,31,256,0,2,8,0,10,58,81,96,31,266,60,42,102,368
01/20/2011,LIT,AR,ASW,CE,Combined TRACON& Tower with Radar,54,63,55,2,174,0,1,1,0,2,54,64,56,2,176,0,0,0,176
01/21/2011,LIT,AR,ASW,CE,Combined TRACON& Tower with Radar,60,88,82,18,248,0,3,47,6,56,60,91,129,24,304,0,30,30,334
01/22/2011,LIT,AR,ASW,CE,Combined TRACON& Tower with Radar,44,57,53,6,160,0,0,53,2,55,44,57,106,8,215,12,0,12,227
01/23/2011,LIT,AR,ASW,CE,Combined TRACON& Tower with Radar,47,65,56,5,173,0,2,23,1,26,47,67,79,6,199,0,0,0,199
01/24/2011,LIT,AR,ASW,CE,Combined TRACON& Tower with Radar,50,75,78,27,230,0,1,1,1,3,50,76,79,28,233,0,0,0,233
01/25/2011,LIT,AR,ASW,CE,Combined TRACON& Tower with Radar,62,77,126,81,346,0,4,37,6,47,62,81,163,87,393,8,114,122,515
01/26/2011,LIT,AR,ASW,CE,Combined TRACON& Tower with Radar,57,80,90,29,256,0,4,58,6,68,57,84,148,35,324,0,122,122,446
01/27/2011,LIT,AR,ASW,CE,Combined TRACON& Tower with Radar,54,80,95,8,237,0,4,85,2,91,54,84,180,10,328,0,40,40,368
01/28/2011,LIT,AR,ASW,CE,Combined TRACON& Tower with Radar,54,82,91,74,301,0,3,72,14,89,54,85,163,88,390,0,40,40,430
01/29/2011,LIT,AR,ASW,CE,Combined TRACON& Tower with Radar,44,51,39,53,187,0,2,66,4,72,44,53,105,57,259,0,0,0,259
01/30/2011,LIT,AR,ASW,CE,Combined TRACON& Tower with Radar,44,69,44,61,218,0,3,7,1,11,44,72,51,62,229,0,0,0,229
01/31/2011,LIT,AR,ASW,CE,Combined TRACON& Tower with Radar,53,91,74,23,241,0,1,0,0,1,53,92,74,23,242,0,0,0,242
02/01/2011,LIT,AR,ASW,CE,Combined TRACON& Tower with Radar,31,63,36,1,131,0,3,1,0,4,31,66,37,1,135,0,0,0,135
02/02/2011,LIT,AR,ASW,CE,Combined TRACON& Tower with Radar,39,62,52,3,156,0,5,29,3,37,39,67,81,6,193,80,16,96,289
02/03/2011,LIT,AR,ASW,CE,Combined TRACON& Tower with Radar,51,70,91,4,216,0,8,49,2,59,51,78,140,6,275,0,0,0,275
02/04/2011,LIT,AR,ASW,CE,Combined TRACON& Tower with Radar,44,50,49,9,152,0,2,1,0,3,44,52,50,9,155,0,0,0,155
02/05/2011,LIT,AR,ASW,CE,Combined TRACON& Tower with Radar,46,65,49,6,166,0,3,26,0,29,46,68,75,6,195,0,0,0,195
02/06/2011,LIT,AR,ASW,CE,Combined TRACON& Tower with Radar,45,63,26,1,135,0,2,12,0,14,45,65,38,1,149,0,0,0,149
02/07/2011,LIT,AR,ASW,CE,Combined TRACON& Tower with Radar,59,66,73,41,239,0,2,9,0,11,59,68,82,41,250,0,48,48,298
02/08/2011,LIT,AR,ASW,CE,Combined TRACON& Tower with Radar,53,65,96,40,254,0,5,66,2,73,53,70,162,42,327,4,40,44,371
02/09/2011,LIT,AR,ASW,CE,Combined TRACON& Tower with Radar,32,26,12,1,71,0,1,2,0,3,32,27,14,1,74,0,0,0,74
02/10/2011,LIT,AR,ASW,CE,Combined TRACON& Tower with Radar,52,77,49,30,208,0,5,18,2,25,52,82,67,32,233,0,54,54,287
02/11/2011,LIT,AR,ASW,CE,Combined TRACON& Tower with Radar,54,89,75,24,242,0,5,46,1,52,54,94,121,25,294,12,16,28,322
02/12/2011,LIT,AR,ASW,CE,Combined TRACON& Tower with Radar,39,62,33,4,138,0,6,42,0,48,39,68,75,4,186,30,0,30,216
02/13/2011,LIT,AR,ASW,CE,Combined TRACON& Tower with Radar,48,73,44,30,195,0,1,37,0,38,48,74,81,30,233,0,0,0,233
02/14/2011,LIT,AR,ASW,CE,Combined TRACON& Tower with Radar,49,83,59,17,208,0,5,64,0,69,49,88,123,17,277,2,20,22,299
02/15/2011,LIT,AR,ASW,CE,Combined TRACON& Tower with Radar,53,80,97,24,254,0,1,74,12,87,53,81,171,36,341,28,136,164,505
02/16/2011,LIT,AR,ASW,CE,Combined TRACON& Tower with Radar,54,84,88,16,242,0,1,29,2,32,54,85,117,18,274,0,38,38,312
02/17/2011,LIT,AR,ASW,CE,Combined TRACON& Tower with Radar,52,91,86,34,263,0,3,20,1,24,52,94,106,35,287,0,94,94,381
02/18/2011,LIT,AR,ASW,CE,Combined TRACON& Tower with Radar,54,98,94,30,276,0,3,34,3,40,54,101,128,33,316,40,60,100,416
02/19/2011,LIT,AR,ASW,CE,Combined TRACON& Tower with Radar,42,64,44,1,151,0,0,33,0,33,42,64,77,1,184,0,0,0,184
02/20/2011,LIT,AR,ASW,CE,Combined TRACON& Tower with Radar,46,54,53,3,156,0,1,25,2,28,46,55,78,5,184,0,0,0,184
02/21/2011,LIT,AR,ASW,CE,Combined TRACON& Tower with Radar,47,78,87,6,218,0,0,10,0,10,47,78,97,6,228,0,0,0,228
02/22/2011,LIT,AR,ASW,CE,Combined TRACON& Tower with Radar,52,91,75,29,247,0,3,80,1,84,52,94,155,30,331,36,118,154,485
02/23/2011,LIT,AR,ASW,CE,Combined TRACON& Tower with Radar,57,99,125,29,310,0,3,27,0,30,57,102,152,29,340,28,98,126,466
02/24/2011,LIT,AR,ASW,CE,Combined TRACON& Tower with Radar,52,80,58,3,193,0,0,2,0,2,52,80,60,3,195,0,0,0,195
02/25/2011,LIT,AR,ASW,CE,Combined TRACON& Tower with Radar,55,97,79,66,297,0,1,56,5,62,55,98,135,71,359,8,80,88,447
02/26/2011,LIT,AR,ASW,CE,Combined TRACON& Tower with Radar,50,61,46,14,171,0,2,54,0,56,50,63,100,14,227,32,34,66,293
02/27/2011,LIT,AR,ASW,CE,Combined TRACON& Tower with Radar,49,86,32,1,168,0,3,10,0,13,49,89,42,1,181,0,0,0,181
02/28/2011,LIT,AR,ASW,CE,Combined TRACON& Tower with Radar,43,81,58,5,187,0,3,37,0,40,43,84,95,5,227,20,128,148,375
03/01/2011,LIT,AR,ASW,CE,Combined TRACON& Tower with Radar,56,87,85,2,230,0,0,78,1,79,56,87,163,3,309,0,0,0,309
03/02/2011,LIT,AR,ASW,CE,Combined TRACON& Tower with Radar,49,93,98,9,249,0,1,73,4,78,49,94,171,13,327,0,0,0,327
03/03/2011,LIT,AR,ASW,CE,Combined TRACON& Tower with Radar,52,105,97,36,290,0,2,85,3,90,52,107,182,39,380,12,84,96,476
03/04/2011,LIT,AR,ASW,CE,Combined TRACON& Tower with Radar,49,105,97,55,306,0,1,5,0,6,49,106,102,55,312,20,30,50,362
03/05/2011,LIT,AR,ASW,CE,Combined TRACON& Tower with Radar,45,70,28,14,157,0,1,7,0,8,45,71,35,14,165,0,0,0,165
03/06/2011,LIT,AR,ASW,CE,Combined TRACON& Tower with Radar,41,90,60,4,195,0,0,50,1,51,41,90,110,5,246,50,0,50,296
03/07/2011,LIT,AR,ASW,CE,Combined TRACON& Tower with Radar,46,86,83,16,231,0,1,25,1,27,46,87,108,17,258,2,10,12,270
03/08/2011,LIT,AR,ASW,CE,Combined TRACON& Tower with Radar,49,89,68,0,206,0,0,0,0,0,49,89,68,0,206,0,0,0,206
03/09/2011,LIT,AR,ASW,CE,Combined TRACON& Tower with Radar,51,82,75,8,216,0,1,13,0,14,51,83,88,8,230,0,0,0,230
03/10/2011,LIT,AR,ASW,CE,Combined TRACON& Tower with Radar,54,93,113,46,306,0,2,66,2,70,54,95,179,48,376,12,0,12,388
03/11/2011,LIT,AR,ASW,CE,Combined TRACON& Tower with Radar,52,85,94,24,255,0,2,91,1,94,52,87,185,25,349,26,176,202,551
03/12/2011,LIT,AR,ASW,CE,Combined TRACON& Tower with Radar,50,66,54,10,180,0,5,74,3,82,50,71,128,13,262,10,100,110,372
03/13/2011,LIT,AR,ASW,CE,Combined TRACON& Tower with Radar,40,84,38,21,183,0,6,28,0,34,40,90,66,21,217,70,22,92,309
03/14/2011,LIT,AR,ASW,CE,Combined TRACON& Tower with Radar,48,87,78,6,219,0,0,0,0,0,48,87,78,6,219,0,0,0,219
03/15/2011,LIT,AR,ASW,CE,Combined TRACON& Tower with Radar,56,100,115,20,291,0,2,37,38,77,56,102,152,58,368,2,76,78,446
03/16/2011,LIT,AR,ASW,CE,Combined TRACON& Tower with Radar,54,105,101,10,270,0,7,93,1,101,54,112,194,11,371,34,60,94,465
03/17/2011,LIT,AR,ASW,CE,Combined TRACON& Tower with Radar,52,97,107,23,279,0,7,39,3,49,52,104,146,26,328,52,116,168,496
03/18/2011,LIT,AR,ASW,CE,Combined TRACON& Tower with Radar,55,87,84,23,249,0,3,47,1,51,55,90,131,24,300,0,0,0,300
03/19/2011,LIT,AR,ASW,CE,Combined TRACON& Tower with Radar,45,74,59,10,188,0,4,22,4,30,45,78,81,14,218,6,0,6,224
03/20/2011,LIT,AR,ASW,CE,Combined TRACON& Tower with Radar,41,87,40,3,171,0,3,35,1,39,41,90,75,4,210,0,0,0,210
03/21/2011,LIT,AR,ASW,CE,Combined TRACON& Tower with Radar,52,95,64,39,250,0,4,68,0,72,52,99,132,39,322,26,76,102,424
03/22/2011,LIT,AR,ASW,CE,Combined TRACON& Tower with Radar,56,83,76,9,224,0,0,33,1,34,56,83,109,10,258,6,0,6,264
03/23/2011,LIT,AR,ASW,CE,Combined TRACON& Tower with Radar,50,87,77,18,232,0,3,27,3,33,50,90,104,21,265,80,110,190,455
03/24/2011,LIT,AR,ASW,CE,Combined TRACON& Tower with Radar,53,112,86,25,276,0,0,63,4,67,53,112,149,29,343,12,68,80,423
03/25/2011,LIT,AR,ASW,CE,Combined TRACON& Tower with Radar,53,94,65,25,237,0,1,35,1,37,53,95,100,26,274,26,4,30,304
03/26/2011,LIT,AR,ASW,CE,Combined TRACON& Tower with Radar,46,80,45,1,172,0,2,3,0,5,46,82,48,1,177,0,0,0,177
03/27/2011,LIT,AR,ASW,CE,Combined TRACON& Tower with Radar,41,75,68,0,184,0,0,8,0,8,41,75,76,0,192,0,0,0,192
03/28/2011,LIT,AR,ASW,CE,Combined TRACON& Tower with Radar,46,87,79,66,278,0,2,27,1,30,46,89,106,67,308,8,78,86,394
03/29/2011,LIT,AR,ASW,CE,Combined TRACON& Tower with Radar,51,88,85,36,260,0,2,3,0,5,51,90,88,36,265,0,0,0,265
03/30/2011,LIT,AR,ASW,CE,Combined TRACON& Tower with Radar,55,107,101,87,350,0,0,8,0,8,55,107,109,87,358,16,150,166,524
03/31/2011,LIT,AR,ASW,CE,Combined TRACON& Tower with Radar,51,98,98,49,296,0,2,32,1,35,51,100,130,50,331,8,74,82,413
04/01/2011,LIT,AR,ASW,CE,Combined TRACON& Tower with Radar,54,92,86,36,268,0,2,48,3,53,54,94,134,39,321,0,120,120,441
04/02/2011,LIT,AR,ASW,CE,Combined TRACON& Tower with Radar,43,69,46,18,176,0,2,55,3,60,43,71,101,21,236,26,58,84,320
04/03/2011,LIT,AR,ASW,CE,Combined TRACON& Tower with Radar,41,74,45,38,198,0,2,19,1,22,41,76,64,39,220,0,0,0,220
04/04/2011,LIT,AR,ASW,CE,Combined TRACON& Tower with Radar,54,69,31,4,158,0,4,7,0,11,54,73,38,4,169,0,0,0,169
04/05/2011,LIT,AR,ASW,CE,Combined TRACON& Tower with Radar,54,84,66,51,255,0,3,99,8,110,54,87,165,59,365,58,178,236,601
04/06/2011,LIT,AR,ASW,CE,Combined TRACON& Tower with Radar,46,90,86,30,252,0,5,49,7,61,46,95,135,37,313,16,88,104,417
04/07/2011,LIT,AR,ASW,CE,Combined TRACON& Tower with Radar,49,90,103,20,262,0,5,39,10,54,49,95,142,30,316,4,4,8,324
04/08/2011,LIT,AR,ASW,CE,Combined TRACON& Tower with Radar,49,86,80,3,218,0,1,28,3,32,49,87,108,6,250,22,60,82,332
04/09/2011,LIT,AR,ASW,CE,Combined TRACON& Tower with Radar,37,67,41,1,146,0,5,28,1,34,37,72,69,2,180,0,0,0,180
04/10/2011,LIT,AR,ASW,CE,Combined TRACON& Tower with Radar,38,73,58,7,176,0,2,17,0,19,38,75,75,7,195,0,0,0,195
04/11/2011,LIT,AR,ASW,CE,Combined TRACON& Tower with Radar,51,91,59,22,223,0,3,17,1,21,51,94,76,23,244,26,82,108,352
04/12/2011,LIT,AR,ASW,CE,Combined TRACON& Tower with Radar,51,90,78,9,228,0,6,85,2,93,51,96,163,11,321,32,120,152,473
04/13/2011,LIT,AR,ASW,CE,Combined TRACON& Tower with Radar,47,105,105,14,271,0,3,87,1,91,47,108,192,15,362,8,2,10,372
04/14/2011,LIT,AR,ASW,CE,Combined TRACON& Tower with Radar,51,92,72,35,250,0,5,89,2,96,51,97,161,37,346,148,36,184,530
04/15/2011,LIT,AR,ASW,CE,Combined TRACON& Tower with Radar,50,98,78,8,234,0,4,19,0,23,50,102,97,8,257,12,0,12,269
04/16/2011,LIT,AR,ASW,CE,Combined TRACON& Tower with Radar,43,77,51,3,174,0,1,21,0,22,43,78,72,3,196,0,8,8,204
04/17/2011,LIT,AR,ASW,CE,Combined TRACON& Tower with Radar,39,74,69,19,201,0,4,38,0,42,39,78,107,19,243,0,0,0,243
04/18/2011,LIT,AR,ASW,CE,Combined TRACON& Tower with Radar,43,91,94,8,236,0,5,30,2,37,43,96,124,10,273,12,22,34,307
04/19/2011,LIT,AR,ASW,CE,Combined TRACON& Tower with Radar,53,72,63,13,201,0,8,25,0,33,53,80,88,13,234,0,82,82,316
04/20/2011,LIT,AR,ASW,CE,Combined TRACON& Tower with Radar,49,83,111,6,249,0,3,15,0,18,49,86,126,6,267,0,78,78,345
04/21/2011,LIT,AR,ASW,CE,Combined TRACON& Tower with Radar,49,74,64,21,208,0,2,0,1,3,49,76,64,22,211,0,62,62,273
04/22/2011,LIT,AR,ASW,CE,Combined TRACON& Tower with Radar,53,89,59,31,232,0,4,11,1,16,53,93,70,32,248,0,64,64,312
04/23/2011,LIT,AR,ASW,CE,Combined TRACON& Tower with Radar,36,73,22,3,134,0,3,9,0,12,36,76,31,3,146,46,0,46,192
04/24/2011,LIT,AR,ASW,CE,Combined TRACON& Tower with Radar,33,69,35,9,146,0,2,17,1,20,33,71,52,10,166,0,0,0,166
04/25/2011,LIT,AR,ASW,CE,Combined TRACON& Tower with Radar,43,85,41,9,178,0,1,7,0,8,43,86,48,9,186,10,68,78,264
04/26/2011,LIT,AR,ASW,CE,Combined TRACON& Tower with Radar,48,74,79,3,204,0,1,9,0,10,48,75,88,3,214,0,0,0,214
04/27/2011,LIT,AR,ASW,CE,Combined TRACON& Tower with Radar,52,78,62,8,200,0,3,9,0,12,52,81,71,8,212,10,12,22,234
04/28/2011,LIT,AR,ASW,CE,Combined TRACON& Tower with Radar,50,89,122,14,275,0,5,92,2,99,50,94,214,16,374,0,0,0,374
04/29/2011,LIT,AR,ASW,CE,Combined TRACON& Tower with Radar,47,83,96,26,252,0,3,103,6,112,47,86,199,32,364,40,28,68,432
04/30/2011,LIT,AR,ASW,CE,Combined TRACON& Tower with Radar,39,74,31,12,156,0,3,9,0,12,39,77,40,12,168,12,96,108,276
05/01/2011,LIT,AR,ASW,CE,Combined TRACON& Tower with Radar,42,66,43,1,152,0,0,0,0,0,42,66,43,1,152,0,0,0,152
05/02/2011,LIT,AR,ASW,CE,Combined TRACON& Tower with Radar,48,70,66,0,184,0,0,3,0,3,48,70,69,0,187,0,0,0,187
05/03/2011,LIT,AR,ASW,CE,Combined TRACON& Tower with Radar,60,91,99,45,295,0,2,77,3,82,60,93,176,48,377,0,34,34,411
05/04/2011,LIT,AR,ASW,CE,Combined TRACON& Tower with Radar,52,73,112,7,244,0,0,78,1,79,52,73,190,8,323,50,38,88,411
05/05/2011,LIT,AR,ASW,CE,Combined TRACON& Tower with Radar,52,87,102,23,264,0,1,89,7,97,52,88,191,30,361,40,116,156,517
05/06/2011,LIT,AR,ASW,CE,Combined TRACON& Tower with Radar,54,89,87,65,295,0,6,73,7,86,54,95,160,72,381,12,38,50,431
05/07/2011,LIT,AR,ASW,CE,Combined TRACON& Tower with Radar,47,56,32,9,144,0,3,42,2,47,47,59,74,11,191,22,24,46,237
05/08/2011,LIT,AR,ASW,CE,Combined TRACON& Tower with Radar,54,63,54,7,178,0,2,36,3,41,54,65,90,10,219,36,44,80,299
05/09/2011,LIT,AR,ASW,CE,Combined TRACON& Tower with Radar,63,82,69,21,235,0,0,45,1,46,63,82,114,22,281,24,32,56,337
05/10/2011,LIT,AR,ASW,CE,Combined TRACON& Tower with Radar,60,72,88,29,249,0,0,75,1,76,60,72,163,30,325,8,10,18,343
05/11/2011,LIT,AR,ASW,CE,Combined TRACON& Tower with Radar,56,67,88,9,220,0,4,63,3,70,56,71,151,12,290,58,36,94,384
05/12/2011,LIT,AR,ASW,CE,Combined TRACON& Tower with Radar,54,77,78,10,219,0,3,33,1,37,54,80,111,11,256,0,8,8,264
05/13/2011,LIT,AR,ASW,CE,Combined TRACON& Tower with Radar,62,91,101,35,289,0,2,31,3,36,62,93,132,38,325,14,58,72,397
05/14/2011,LIT,AR,ASW,CE,Combined TRACON& Tower with Radar,50,61,41,39,191,0,4,20,0,24,50,65,61,39,215,0,24,24,239
05/15/2011,LIT,AR,ASW,CE,Combined TRACON& Tower with Radar,55,71,52,11,189,0,1,51,0,52,55,72,103,11,241,8,0,8,249
05/16/2011,LIT,AR,ASW,CE,Combined TRACON& Tower with Radar,55,80,81,13,229,0,4,52,1,57,55,84,133,14,286,0,18,18,304
05/17/2011,LIT,AR,ASW,CE,Combined TRACON& Tower with Radar,61,75,90,32,258,0,2,94,1,97,61,77,184,33,355,32,136,168,523
05/18/2011,LIT,AR,ASW,CE,Combined TRACON& Tower with Radar,53,76,102,13,244,0,0,101,0,101,53,76,203,13,345,122,32,154,499
05/19/2011,LIT,AR,ASW,CE,Combined TRACON& Tower with Radar,54,83,87,35,259,0,1,76,40,117,54,84,163,75,376,60,148,208,584
05/20/2011,LIT,AR,ASW,CE,Combined TRACON& Tower with Radar,48,68,65,5,186,0,3,16,1,20,48,71,81,6,206,0,0,0,206
05/21/2011,LIT,AR,ASW,CE,Combined TRACON& Tower with Radar,50,56,46,2,154,0,2,10,0,12,50,58,56,2,166,0,0,0,166
05/22/2011,LIT,AR,ASW,CE,Combined TRACON& Tower with Radar,58,57,39,0,154,0,4,9,0,13,58,61,48,0,167,0,0,0,167
05/23/2011,LIT,AR,ASW,CE,Combined TRACON& Tower with Radar,62,79,72,5,218,0,4,8,0,12,62,83,80,5,230,6,12,18,248
05/24/2011,LIT,AR,ASW,CE,Combined TRACON& Tower with Radar,60,68,80,7,215,0,9,46,1,56,60,77,126,8,271,12,0,12,283
05/25/2011,LIT,AR,ASW,CE,Combined TRACON& Tower with Radar,57,86,57,5,205,0,6,17,3,26,57,92,74,8,231,0,0,0,231
05/26/2011,LIT,AR,ASW,CE,Combined TRACON& Tower with Radar,54,92,92,5,243,0,3,55,2,60,54,95,147,7,303,12,0,12,315
05/27/2011,LIT,AR,ASW,CE,Combined TRACON& Tower with Radar,53,90,88,11,242,0,2,64,1,67,53,92,152,12,309,30,0,30,339
05/28/2011,LIT,AR,ASW,CE,Combined TRACON& Tower with Radar,59,56,36,0,151,0,1,41,0,42,59,57,77,0,193,24,0,24,217
05/29/2011,LIT,AR,ASW,CE,Combined TRACON& Tower with Radar,49,51,22,0,122,0,5,40,0,45,49,56,62,0,167,0,0,0,167
05/30/2011,LIT,AR,ASW,CE,Combined TRACON& Tower with Radar,48,60,29,0,137,0,5,45,0,50,48,65,74,0,187,0,0,0,187
05/31/2011,LIT,AR,ASW,CE,Combined TRACON& Tower with Radar,52,72,81,4,209,0,4,83,0,87,52,76,164,4,296,22,10,32,328
06/01/2011,LIT,AR,ASW,CE,Combined TRACON& Tower with Radar,55,85,77,39,256,0,3,67,1,71,55,88,144,40,327,54,90,144,471
06/02/2011,LIT,AR,ASW,CE,Combined TRACON& Tower with Radar,57,89,84,40,270,0,2,92,7,101,57,91,176,47,371,40,90,130,501
06/03/2011,LIT,AR,ASW,CE,Combined TRACON& Tower with Radar,52,80,80,15,227,0,0,64,2,66,52,80,144,17,293,6,6,12,305
06/04/2011,LIT,AR,ASW,CE,Combined TRACON& Tower with Radar,54,57,40,7,158,0,4,46,2,52,54,61,86,9,210,30,40,70,280
06/05/2011,LIT,AR,ASW,CE,Combined TRACON& Tower with Radar,50,65,41,8,164,0,3,35,0,38,50,68,76,8,202,0,0,0,202
06/06/2011,LIT,AR,ASW,CE,Combined TRACON& Tower with Radar,51,96,54,25,226,0,0,55,1,56,51,96,109,26,282,14,4,18,300
06/07/2011,LIT,AR,ASW,CE,Combined TRACON& Tower with Radar,55,79,121,20,275,0,5,84,1,90,55,84,205,21,365,18,54,72,437
06/08/2011,LIT,AR,ASW,CE,Combined TRACON& Tower with Radar,52,84,107,45,288,0,0,62,35,97,52,84,169,80,385,32,180,212,597
06/09/2011,LIT,AR,ASW,CE,Combined TRACON& Tower with Radar,53,81,88,38,260,0,6,81,5,92,53,87,169,43,352,40,110,150,502
06/10/2011,LIT,AR,ASW,CE,Combined TRACON& Tower with Radar,55,96,65,15,231,0,2,74,4,80,55,98,139,19,311,32,48,80,391
06/11/2011,LIT,AR,ASW,CE,Combined TRACON& Tower with Radar,47,63,43,4,157,0,1,30,1,32,47,64,73,5,189,0,0,0,189
06/12/2011,LIT,AR,ASW,CE,Combined TRACON& Tower with Radar,48,69,55,10,182,0,2,32,0,34,48,71,87,10,216,0,0,0,216
06/13/2011,LIT,AR,ASW,CE,Combined TRACON& Tower with Radar,53,87,71,22,233,0,5,64,2,71,53,92,135,24,304,0,18,18,322
06/14/2011,LIT,AR,ASW,CE,Combined TRACON& Tower with Radar,54,80,85,35,254,0,2,62,1,65,54,82,147,36,319,4,156,160,479
06/15/2011,LIT,AR,ASW,CE,Combined TRACON& Tower with Radar,53,79,74,20,226,0,5,67,1,73,53,84,141,21,299,30,84,114,413
06/16/2011,LIT,AR,ASW,CE,Combined TRACON& Tower with Radar,56,82,75,17,230,0,4,55,1,60,56,86,130,18,290,12,14,26,316
06/17/2011,LIT,AR,ASW,CE,Combined TRACON& Tower with Radar,54,87,74,43,258,0,2,54,5,61,54,89,128,48,319,0,0,0,319
06/18/2011,LIT,AR,ASW,CE,Combined TRACON& Tower with Radar,49,57,50,6,162,0,1,26,1,28,49,58,76,7,190,0,0,0,190
06/19/2011,LIT,AR,ASW,CE,Combined TRACON& Tower with Radar,54,56,40,13,163,0,6,33,7,46,54,62,73,20,209,0,0,0,209
06/20/2011,LIT,AR,ASW,CE,Combined TRACON& Tower with Radar,50,76,61,17,204,0,3,65,0,68,50,79,126,17,272,6,30,36,308
06/21/2011,LIT,AR,ASW,CE,Combined TRACON& Tower with Radar,57,78,78,21,234,0,5,25,1,31,57,83,103,22,265,32,116,148,413
06/22/2011,LIT,AR,ASW,CE,Combined TRACON& Tower with Radar,59,69,101,98,327,0,2,43,4,49,59,71,144,102,376,32,172,204,580
06/23/2011,LIT,AR,ASW,CE,Combined TRACON& Tower with Radar,57,89,75,33,254,0,5,67,2,74,57,94,142,35,328,34,102,136,464
06/24/2011,LIT,AR,ASW,CE,Combined TRACON& Tower with Radar,61,89,73,33,256,0,0,70,24,94,61,89,143,57,350,36,14,50,400
06/25/2011,LIT,AR,ASW,CE,Combined TRACON& Tower with Radar,49,60,58,2,169,0,3,42,5,50,49,63,100,7,219,15,0,15,234
06/26/2011,LIT,AR,ASW,CE,Combined TRACON& Tower with Radar,47,66,60,39,212,0,1,35,3,39,47,67,95,42,251,4,0,4,255
06/27/2011,LIT,AR,ASW,CE,Combined TRACON& Tower with Radar,55,77,88,4,224,0,1,70,2,73,55,78,158,6,297,10,72,82,379
06/28/2011,LIT,AR,ASW,CE,Combined TRACON& Tower with Radar,58,82,73,1,214,0,3,21,0,24,58,85,94,1,238,0,0,0,238
06/29/2011,LIT,AR,ASW,CE,Combined TRACON& Tower with Radar,58,88,86,19,251,0,2,45,7,54,58,90,131,26,305,0,70,70,375
06/30/2011,LIT,AR,ASW,CE,Combined TRACON& Tower with Radar,57,84,77,31,249,0,7,77,4,88,57,91,154,35,337,40,76,116,453
07/01/2011,LIT,AR,ASW,CE,Combined TRACON& Tower with Radar,65,75,51,13,204,0,2,76,0,78,65,77,127,13,282,8,0,8,290
07/02/2011,LIT,AR,ASW,CE,Combined TRACON& Tower with Radar,47,63,34,0,144,0,5,55,0,60,47,68,89,0,204,6,0,6,210
07/03/2011,LIT,AR,ASW,CE,Combined TRACON& Tower with Radar,47,48,22,0,117,0,3,32,0,35,47,51,54,0,152,0,0,0,152
07/04/2011,LIT,AR,ASW,CE,Combined TRACON& Tower with Radar,46,54,23,0,123,0,2,23,0,25,46,56,46,0,148,0,0,0,148
07/05/2011,LIT,AR,ASW,CE,Combined TRACON& Tower with Radar,66,80,60,18,224,0,3,66,1,70,66,83,126,19,294,6,40,46,340
07/06/2011,LIT,AR,ASW,CE,Combined TRACON& Tower with Radar,61,88,85,22,256,0,4,51,6,61,61,92,136,28,317,0,0,0,317
07/07/2011,LIT,AR,ASW,CE,Combined TRACON& Tower with Radar,59,87,95,10,251,0,2,45,0,47,59,89,140,10,298,18,0,18,316
07/08/2011,LIT,AR,ASW,CE,Combined TRACON& Tower with Radar,52,79,91,40,262,0,5,51,2,58,52,84,142,42,320,0,72,72,392
07/09/2011,LIT,AR,ASW,CE,Combined TRACON& Tower with Radar,47,74,32,23,176,0,7,36,3,46,47,81,68,26,222,40,10,50,272
07/10/2011,LIT,AR,ASW,CE,Combined TRACON& Tower with Radar,53,73,35,6,167,0,3,38,3,44,53,76,73,9,211,20,0,20,231
07/11/2011,LIT,AR,ASW,CE,Combined TRACON& Tower with Radar,54,69,70,15,208,0,1,61,0,62,54,70,131,15,270,0,24,24,294
07/12/2011,LIT,AR,ASW,CE,Combined TRACON& Tower with Radar,60,74,108,13,255,0,0,52,3,55,60,74,160,16,310,6,0,6,316
07/13/2011,LIT,AR,ASW,CE,Combined TRACON& Tower with Radar,57,85,61,7,210,0,9,35,0,44,57,94,96,7,254,26,0,26,280
07/14/2011,LIT,AR,ASW,CE,Combined TRACON& Tower with Radar,60,95,98,21,274,0,2,21,0,23,60,97,119,21,297,54,78,132,429
07/15/2011,LIT,AR,ASW,CE,Combined TRACON& Tower with Radar,60,83,80,48,271,0,5,54,2,61,60,88,134,50,332,14,20,34,366
07/16/2011,LIT,AR,ASW,CE,Combined TRACON& Tower with Radar,46,69,37,6,158,0,2,45,0,47,46,71,82,6,205,14,0,14,219
07/17/2011,LIT,AR,ASW,CE,Combined TRACON& Tower with Radar,54,57,47,22,180,0,1,33,0,34,54,58,80,22,214,0,48,48,262
07/18/2011,LIT,AR,ASW,CE,Combined TRACON& Tower with Radar,54,72,83,14,223,0,0,62,3,65,54,72,145,17,288,2,10,12,300
07/19/2011,LIT,AR,ASW,CE,Combined TRACON& Tower with Radar,62,76,91,21,250,0,1,53,2,56,62,77,144,23,306,0,42,42,348
07/20/2011,LIT,AR,ASW,CE,Combined TRACON& Tower with Radar,55,83,87,27,252,0,2,79,2,83,55,85,166,29,335,22,108,130,465
07/21/2011,LIT,AR,ASW,CE,Combined TRACON& Tower with Radar,60,86,88,20,254,0,4,78,5,87,60,90,166,25,341,0,0,0,341
07/22/2011,LIT,AR,ASW,CE,Combined TRACON& Tower with Radar,59,72,78,58,267,0,2,57,7,66,59,74,135,65,333,22,20,42,375
07/23/2011,LIT,AR,ASW,CE,Combined TRACON& Tower with Radar,49,70,27,6,152,0,3,31,6,40,49,73,58,12,192,90,4,94,286
07/24/2011,LIT,AR,ASW,CE,Combined TRACON& Tower with Radar,51,58,59,17,185,0,3,14,0,17,51,61,73,17,202,0,0,0,202
07/25/2011,LIT,AR,ASW,CE,Combined TRACON& Tower with Radar,52,81,76,37,246,0,7,29,0,36,52,88,105,37,282,0,0,0,282
07/26/2011,LIT,AR,ASW,CE,Combined TRACON& Tower with Radar,62,79,85,52,278,0,2,54,47,103,62,81,139,99,381,0,66,66,447
07/27/2011,LIT,AR,ASW,CE,Combined TRACON& Tower with Radar,56,80,81,28,245,0,3,40,2,45,56,83,121,30,290,24,18,42,332
07/28/2011,LIT,AR,ASW,CE,Combined TRACON& Tower with Radar,62,73,94,37,266,0,4,48,3,55,62,77,142,40,321,4,44,48,369
07/29/2011,LIT,AR,ASW,CE,Combined TRACON& Tower with Radar,59,88,68,15,230,0,0,24,0,24,59,88,92,15,254,0,0,0,254
07/30/2011,LIT,AR,ASW,CE,Combined TRACON& Tower with Radar,46,67,24,0,137,0,1,19,0,20,46,68,43,0,157,0,14,14,171
07/31/2011,LIT,AR,ASW,CE,Combined TRACON& Tower with Radar,50,75,36,4,165,0,3,42,0,45,50,78,78,4,210,82,0,82,292
08/01/2011,LIT,AR,ASW,CE,Combined TRACON& Tower with Radar,58,69,66,20,213,0,4,48,1,53,58,73,114,21,266,0,100,100,366
08/02/2011,LIT,AR,ASW,CE,Combined TRACON& Tower with Radar,59,83,72,28,242,0,3,54,2,59,59,86,126,30,301,2,94,96,397
08/03/2011,LIT,AR,ASW,CE,Combined TRACON& Tower with Radar,59,86,74,18,237,0,4,41,2,47,59,90,115,20,284,44,16,60,344
08/04/2011,LIT,AR,ASW,CE,Combined TRACON& Tower with Radar,59,80,69,9,217,0,3,36,2,41,59,83,105,11,258,14,32,46,304
08/05/2011,LIT,AR,ASW,CE,Combined TRACON& Tower with Radar,60,80,62,27,229,0,3,58,4,65,60,83,120,31,294,6,82,88,382
08/06/2011,LIT,AR,ASW,CE,Combined TRACON& Tower with Radar,46,63,24,0,133,0,4,28,5,37,46,67,52,5,170,10,0,10,180
08/07/2011,LIT,AR,ASW,CE,Combined TRACON& Tower with Radar,53,62,27,0,142,0,0,16,3,19,53,62,43,3,161,0,0,0,161
08/08/2011,LIT,AR,ASW,CE,Combined TRACON& Tower with Radar,59,78,80,29,246,0,2,17,2,21,59,80,97,31,267,0,38,38,305
08/09/2011,LIT,AR,ASW,CE,Combined TRACON& Tower with Radar,61,83,86,36,266,0,6,36,2,44,61,89,122,38,310,4,4,8,318
08/10/2011,LIT,AR,ASW,CE,Combined TRACON& Tower with Radar,58,81,62,17,218,0,4,28,2,34,58,85,90,19,252,4,82,86,338
08/11/2011,LIT,AR,ASW,CE,Combined TRACON& Tower with Radar,60,82,61,20,223,0,1,8,0,9,60,83,69,20,232,0,52,52,284
08/12/2011,LIT,AR,ASW,CE,Combined TRACON& Tower with Radar,56,78,55,47,236,0,4,34,3,41,56,82,89,50,277,2,90,92,369
08/13/2011,LIT,AR,ASW,CE,Combined TRACON& Tower with Radar,45,60,38,6,149,0,10,9,1,20,45,70,47,7,169,8,0,8,177
08/14/2011,LIT,AR,ASW,CE,Combined TRACON& Tower with Radar,53,72,33,4,162,0,0,46,0,46,53,72,79,4,208,14,0,14,222
08/15/2011,LIT,AR,ASW,CE,Combined TRACON& Tower with Radar,56,81,59,19,215,0,2,63,3,68,56,83,122,22,283,18,32,50,333
08/16/2011,LIT,AR,ASW,CE,Combined TRACON& Tower with Radar,54,82,87,58,281,0,3,54,2,59,54,85,141,60,340,2,124,126,466
08/17/2011,LIT,AR,ASW,CE,Combined TRACON& Tower with Radar,55,83,86,23,247,0,1,34,2,37,55,84,120,25,284,10,124,134,418
08/18/2011,LIT,AR,ASW,CE,Combined TRACON& Tower with Radar,66,74,75,15,230,0,1,19,2,22,66,75,94,17,252,0,92,92,344
08/19/2011,LIT,AR,ASW,CE,Combined TRACON& Tower with Radar,56,86,54,25,221,0,3,33,2,38,56,89,87,27,259,42,14,56,315
08/20/2011,LIT,AR,ASW,CE,Combined TRACON& Tower with Radar,51,61,45,4,161,0,0,41,1,42,51,61,86,5,203,0,0,0,203
08/21/2011,LIT,AR,ASW,CE,Combined TRACON& Tower with Radar,56,53,33,0,142,0,1,19,0,20,56,54,52,0,162,10,0,10,172
08/22/2011,LIT,AR,ASW,CE,Combined TRACON& Tower with Radar,54,75,78,36,243,0,3,45,4,52,54,78,123,40,295,18,48,66,361
08/23/2011,LIT,AR,ASW,CE,Combined TRACON& Tower with Radar,56,74,95,36,261,0,2,58,0,60,56,76,153,36,321,70,108,178,499
08/24/2011,LIT,AR,ASW,CE,Combined TRACON& Tower with Radar,58,70,84,17,229,0,3,41,1,45,58,73,125,18,274,26,12,38,312
08/25/2011,LIT,AR,ASW,CE,Combined TRACON& Tower with Radar,58,87,89,48,282,0,4,76,3,83,58,91,165,51,365,44,202,246,611
08/26/2011,LIT,AR,ASW,CE,Combined TRACON& Tower with Radar,62,97,76,53,288,0,4,68,4,76,62,101,144,57,364,10,34,44,408
08/27/2011,LIT,AR,ASW,CE,Combined TRACON& Tower with Radar,46,65,26,6,143,0,2,42,0,44,46,67,68,6,187,30,0,30,217
08/28/2011,LIT,AR,ASW,CE,Combined TRACON& Tower with Radar,54,58,31,16,159,0,2,60,1,63,54,60,91,17,222,10,6,16,238
08/29/2011,LIT,AR,ASW,CE,Combined TRACON& Tower with Radar,56,66,75,15,212,0,3,34,2,39,56,69,109,17,251,8,108,116,367
08/30/2011,LIT,AR,ASW,CE,Combined TRACON& Tower with Radar,60,53,97,7,217,0,0,59,1,60,60,53,156,8,277,0,0,0,277
08/31/2011,LIT,AR,ASW,CE,Combined TRACON& Tower with Radar,58,69,102,53,282,0,5,69,2,76,58,74,171,55,358,0,200,200,558
09/01/2011,LIT,AR,ASW,CE,Combined TRACON& Tower with Radar,62,81,80,16,239,0,0,52,41,93,62,81,132,57,332,24,80,104,436
09/02/2011,LIT,AR,ASW,CE,Combined TRACON& Tower with Radar,57,72,55,6,190,0,5,67,4,76,57,77,122,10,266,0,16,16,282
09/03/2011,LIT,AR,ASW,CE,Combined TRACON& Tower with Radar,42,54,38,3,137,0,0,29,0,29,42,54,67,3,166,0,0,0,166
09/04/2011,LIT,AR,ASW,CE,Combined TRACON& Tower with Radar,40,52,11,1,104,0,1,8,0,9,40,53,19,1,113,0,0,0,113
09/05/2011,LIT,AR,ASW,CE,Combined TRACON& Tower with Radar,50,58,30,5,143,0,0,18,1,19,50,58,48,6,162,0,0,0,162
09/06/2011,LIT,AR,ASW,CE,Combined TRACON& Tower with Radar,61,79,80,31,251,0,1,57,5,63,61,80,137,36,314,0,20,20,334
09/07/2011,LIT,AR,ASW,CE,Combined TRACON& Tower with Radar,60,73,92,42,267,0,2,59,3,64,60,75,151,45,331,18,16,34,365
09/08/2011,LIT,AR,ASW,CE,Combined TRACON& Tower with Radar,56,84,67,30,237,0,3,77,4,84,56,87,144,34,321,6,0,6,327
09/09/2011,LIT,AR,ASW,CE,Combined TRACON& Tower with Radar,61,100,90,51,302,0,3,66,3,72,61,103,156,54,374,10,104,114,488
09/10/2011,LIT,AR,ASW,CE,Combined TRACON& Tower with Radar,46,58,41,21,166,0,5,59,2,66,46,63,100,23,232,6,32,38,270
09/11/2011,LIT,AR,ASW,CE,Combined TRACON& Tower with Radar,49,63,50,15,177,0,3,43,1,47,49,66,93,16,224,0,0,0,224
09/12/2011,LIT,AR,ASW,CE,Combined TRACON& Tower with Radar,60,88,63,25,236,0,1,52,1,54,60,89,115,26,290,10,14,24,314
09/13/2011,LIT,AR,ASW,CE,Combined TRACON& Tower with Radar,58,74,85,17,234,0,1,62,4,67,58,75,147,21,301,0,50,50,351
09/14/2011,LIT,AR,ASW,CE,Combined TRACON& Tower with Radar,56,85,95,9,245,0,3,24,0,27,56,88,119,9,272,6,6,12,284
09/15/2011,LIT,AR,ASW,CE,Combined TRACON& Tower with Radar,58,88,114,41,301,0,1,31,3,35,58,89,145,44,336,0,12,12,348
09/16/2011,LIT,AR,ASW,CE,Combined TRACON& Tower with Radar,63,83,85,6,237,0,1,41,1,43,63,84,126,7,280,8,16,24,304
09/17/2011,LIT,AR,ASW,CE,Combined TRACON& Tower with Radar,43,66,55,1,165,0,0,23,1,24,43,66,78,2,189,0,0,0,189
09/18/2011,LIT,AR,ASW,CE,Combined TRACON& Tower with Radar,47,67,55,4,173,0,3,18,1,22,47,70,73,5,195,0,0,0,195
09/19/2011,LIT,AR,ASW,CE,Combined TRACON& Tower with Radar,55,92,91,39,277,0,0,30,1,31,55,92,121,40,308,26,136,162,470
09/20/2011,LIT,AR,ASW,CE,Combined TRACON& Tower with Radar,60,85,120,49,314,0,0,33,3,36,60,85,153,52,350,8,44,52,402
09/21/2011,LIT,AR,ASW,CE,Combined TRACON& Tower with Radar,70,87,109,33,299,0,2,43,1,46,70,89,152,34,345,8,10,18,363
09/22/2011,LIT,AR,ASW,CE,Combined TRACON& Tower with Radar,67,79,87,6,239,0,5,34,0,39,67,84,121,6,278,32,0,32,310
09/23/2011,LIT,AR,ASW,CE,Combined TRACON& Tower with Radar,55,89,90,34,268,0,4,50,2,56,55,93,140,36,324,32,40,72,396
09/24/2011,LIT,AR,ASW,CE,Combined TRACON& Tower with Radar,42,59,67,2,170,0,1,43,1,45,42,60,110,3,215,12,0,12,227
09/25/2011,LIT,AR,ASW,CE,Combined TRACON& Tower with Radar,57,78,51,8,194,0,3,12,1,16,57,81,63,9,210,0,0,0,210
09/26/2011,LIT,AR,ASW,CE,Combined TRACON& Tower with Radar,57,87,71,51,266,0,9,57,4,70,57,96,128,55,336,20,126,146,482
09/27/2011,LIT,AR,ASW,CE,Combined TRACON& Tower with Radar,62,83,114,25,284,0,3,59,3,65,62,86,173,28,349,12,36,48,397
09/28/2011,LIT,AR,ASW,CE,Combined TRACON& Tower with Radar,62,81,87,25,255,0,2,73,1,76,62,83,160,26,331,12,61,73,404
09/29/2011,LIT,AR,ASW,CE,Combined TRACON& Tower with Radar,60,98,92,37,287,0,5,86,2,93,60,103,178,39,380,4,88,92,472
09/30/2011,LIT,AR,ASW,CE,Combined TRACON& Tower with Radar,56,106,83,5,250,0,4,45,4,53,56,110,128,9,303,8,6,14,317
10/01/2011,LIT,AR,ASW,CE,Combined TRACON& Tower with Radar,49,39,47,4,139,0,0,39,0,39,49,39,86,4,178,0,0,0,178
10/02/2011,LIT,AR,ASW,CE,Combined TRACON& Tower with Radar,53,62,58,3,176,0,3,30,0,33,53,65,88,3,209,10,0,10,219
10/03/2011,LIT,AR,ASW,CE,Combined TRACON& Tower with Radar,55,74,61,10,200,0,1,58,0,59,55,75,119,10,259,8,140,148,407
10/04/2011,LIT,AR,ASW,CE,Combined TRACON& Tower with Radar,61,63,76,29,229,0,2,59,1,62,61,65,135,30,291,6,88,94,385
10/05/2011,LIT,AR,ASW,CE,Combined TRACON& Tower with Radar,58,82,106,10,256,0,5,70,2,77,58,87,176,12,333,18,58,76,409
10/06/2011,LIT,AR,ASW,CE,Combined TRACON& Tower with Radar,62,91,117,15,285,0,2,66,4,72,62,93,183,19,357,2,34,36,393
10/07/2011,LIT,AR,ASW,CE,Combined TRACON& Tower with Radar,58,76,90,29,253,0,3,68,5,76,58,79,158,34,329,0,0,0,329
10/08/2011,LIT,AR,ASW,CE,Combined TRACON& Tower with Radar,47,46,60,1,154,0,2,49,1,52,47,48,109,2,206,10,0,10,216
10/09/2011,LIT,AR,ASW,CE,Combined TRACON& Tower with Radar,52,59,65,1,177,0,2,31,1,34,52,61,96,2,211,10,0,10,221
10/10/2011,LIT,AR,ASW,CE,Combined TRACON& Tower with Radar,62,75,69,6,212,0,5,42,0,47,62,80,111,6,259,46,0,46,305
10/11/2011,LIT,AR,ASW,CE,Combined TRACON& Tower with Radar,58,67,98,33,256,0,3,48,1,52,58,70,146,34,308,8,12,20,328
10/12/2011,LIT,AR,ASW,CE,Combined TRACON& Tower with Radar,58,75,91,0,224,0,7,13,2,22,58,82,104,2,246,14,0,14,260
10/13/2011,LIT,AR,ASW,CE,Combined TRACON& Tower with Radar,62,78,107,26,273,0,3,47,0,50,62,81,154,26,323,24,6,30,353
10/14/2011,LIT,AR,ASW,CE,Combined TRACON& Tower with Radar,60,73,102,9,244,0,4,85,2,91,60,77,187,11,335,80,12,92,427
10/15/2011,LIT,AR,ASW,CE,Combined TRACON& Tower with Radar,47,52,34,23,156,0,3,72,5,80,47,55,106,28,236,16,0,16,252
10/16/2011,LIT,AR,ASW,CE,Combined TRACON& Tower with Radar,53,61,52,6,172,0,2,76,3,81,53,63,128,9,253,2,0,2,255
10/17/2011,LIT,AR,ASW,CE,Combined TRACON& Tower with Radar,62,74,86,19,241,0,3,67,4,74,62,77,153,23,315,0,0,0,315
10/18/2011,LIT,AR,ASW,CE,Combined TRACON& Tower with Radar,61,70,74,6,211,0,1,10,1,12,61,71,84,7,223,0,0,0,223
10/19/2011,LIT,AR,ASW,CE,Combined TRACON& Tower with Radar,60,69,94,25,248,0,3,20,3,26,60,72,114,28,274,0,12,12,286
10/20/2011,LIT,AR,ASW,CE,Combined TRACON& Tower with Radar,61,91,97,19,268,0,5,83,3,91,61,96,180,22,359,0,38,38,397
10/21/2011,LIT,AR,ASW,CE,Combined TRACON& Tower with Radar,62,82,77,12,233,0,8,89,4,101,62,90,166,16,334,70,4,74,408
10/22/2011,LIT,AR,ASW,CE,Combined TRACON& Tower with Radar,46,44,43,15,148,0,7,45,5,57,46,51,88,20,205,2,0,2,207
10/23/2011,LIT,AR,ASW,CE,Combined TRACON& Tower with Radar,49,69,60,6,184,0,1,16,1,18,49,70,76,7,202,0,0,0,202
10/24/2011,LIT,AR,ASW,CE,Combined TRACON& Tower with Radar,56,82,60,18,216,0,1,33,4,38,56,83,93,22,254,0,84,84,338
10/25/2011,LIT,AR,ASW,CE,Combined TRACON& Tower with Radar,66,75,88,12,241,0,1,63,0,64,66,76,151,12,305,20,0,20,325
10/26/2011,LIT,AR,ASW,CE,Combined TRACON& Tower with Radar,57,79,114,28,278,0,1,22,3,26,57,80,136,31,304,4,0,4,308
10/27/2011,LIT,AR,ASW,CE,Combined TRACON& Tower with Radar,62,92,100,8,262,0,1,5,0,6,62,93,105,8,268,0,0,0,268
10/28/2011,LIT,AR,ASW,CE,Combined TRACON& Tower with Radar,66,81,105,35,287,0,2,32,2,36,66,83,137,37,323,2,2,4,327
10/29/2011,LIT,AR,ASW,CE,Combined TRACON& Tower with Radar,50,45,43,18,156,0,2,41,1,44,50,47,84,19,200,0,20,20,220
10/30/2011,LIT,AR,ASW,CE,Combined TRACON& Tower with Radar,51,57,47,37,192,0,0,46,7,53,51,57,93,44,245,42,2,44,289
10/31/2011,LIT,AR,ASW,CE,Combined TRACON& Tower with Radar,62,64,70,8,204,0,2,46,3,51,62,66,116,11,255,0,0,0,255
11/01/2011,LIT,AR,ASW,CE,Combined TRACON& Tower with Radar,56,89,82,29,256,0,1,68,0,69,56,90,150,29,325,16,56,72,397
11/02/2011,LIT,AR,ASW,CE,Combined TRACON& Tower with Radar,60,82,128,34,304,0,2,37,1,40,60,84,165,35,344,0,84,84,428
11/03/2011,LIT,AR,ASW,CE,Combined TRACON& Tower with Radar,62,77,93,14,246,0,2,16,1,19,62,79,109,15,265,0,0,0,265
11/04/2011,LIT,AR,ASW,CE,Combined TRACON& Tower with Radar,64,83,99,57,303,0,5,36,1,42,64,88,135,58,345,2,64,66,411
11/05/2011,LIT,AR,ASW,CE,Combined TRACON& Tower with Radar,47,49,60,31,187,0,2,22,6,30,47,51,82,37,217,0,0,0,217
11/06/2011,LIT,AR,ASW,CE,Combined TRACON& Tower with Radar,51,63,72,44,230,0,1,24,1,26,51,64,96,45,256,0,10,10,266
11/07/2011,LIT,AR,ASW,CE,Combined TRACON& Tower with Radar,61,71,67,30,229,0,0,26,1,27,61,71,93,31,256,6,34,40,296
11/08/2011,LIT,AR,ASW,CE,Combined TRACON& Tower with Radar,61,53,79,39,232,0,3,14,0,17,61,56,93,39,249,12,224,236,485
11/09/2011,LIT,AR,ASW,CE,Combined TRACON& Tower with Radar,62,75,100,46,283,0,2,31,2,35,62,77,131,48,318,26,62,88,406
11/10/2011,LIT,AR,ASW,CE,Combined TRACON& Tower with Radar,60,70,97,23,250,0,2,58,3,63,60,72,155,26,313,8,0,8,321
11/11/2011,LIT,AR,ASW,CE,Combined TRACON& Tower with Radar,61,66,74,12,213,0,0,57,6,63,61,66,131,18,276,0,42,42,318
11/12/2011,LIT,AR,ASW,CE,Combined TRACON& Tower with Radar,45,45,51,4,145,0,2,21,3,26,45,47,72,7,171,0,0,0,171
11/13/2011,LIT,AR,ASW,CE,Combined TRACON& Tower with Radar,46,63,44,7,160,0,0,11,1,12,46,63,55,8,172,6,0,6,178
11/14/2011,LIT,AR,ASW,CE,Combined TRACON& Tower with Radar,58,74,83,25,240,0,1,17,1,19,58,75,100,26,259,0,38,38,297
11/15/2011,LIT,AR,ASW,CE,Combined TRACON& Tower with Radar,60,60,54,2,176,0,0,1,0,1,60,60,55,2,177,0,0,0,177
11/16/2011,LIT,AR,ASW,CE,Combined TRACON& Tower with Radar,60,86,86,61,293,0,2,9,0,11,60,88,95,61,304,0,46,46,350
11/17/2011,LIT,AR,ASW,CE,Combined TRACON& Tower with Radar,60,76,90,14,240,0,5,92,5,102,60,81,182,19,342,8,10,18,360
11/18/2011,LIT,AR,ASW,CE,Combined TRACON& Tower with Radar,62,77,88,22,249,0,3,52,6,61,62,80,140,28,310,8,8,16,326
11/19/2011,LIT,AR,ASW,CE,Combined TRACON& Tower with Radar,44,48,40,38,170,0,2,9,8,19,44,50,49,46,189,0,0,0,189
11/20/2011,LIT,AR,ASW,CE,Combined TRACON& Tower with Radar,46,56,49,1,152,0,1,8,0,9,46,57,57,1,161,10,0,10,171
11/21/2011,LIT,AR,ASW,CE,Combined TRACON& Tower with Radar,54,61,41,2,158,0,0,0,0,0,54,61,41,2,158,0,0,0,158
11/22/2011,LIT,AR,ASW,CE,Combined TRACON& Tower with Radar,62,70,77,46,255,0,1,5,1,7,62,71,82,47,262,2,60,62,324
11/23/2011,LIT,AR,ASW,CE,Combined TRACON& Tower with Radar,60,92,94,41,287,0,0,6,0,6,60,92,100,41,293,0,0,0,293
11/24/2011,LIT,AR,ASW,CE,Combined TRACON& Tower with Radar,34,35,37,4,110,0,2,7,0,9,34,37,44,4,119,0,0,0,119
11/25/2011,LIT,AR,ASW,CE,Combined TRACON& Tower with Radar,53,37,88,0,178,0,0,32,0,32,53,37,120,0,210,0,0,0,210
11/26/2011,LIT,AR,ASW,CE,Combined TRACON& Tower with Radar,46,65,32,0,143,0,2,2,0,4,46,67,34,0,147,0,0,0,147
11/27/2011,LIT,AR,ASW,CE,Combined TRACON& Tower with Radar,64,82,53,0,199,0,1,17,0,18,64,83,70,0,217,2,0,2,219
11/28/2011,LIT,AR,ASW,CE,Combined TRACON& Tower with Radar,58,71,82,64,275,0,0,24,0,24,58,71,106,64,299,2,66,68,367
11/29/2011,LIT,AR,ASW,CE,Combined TRACON& Tower with Radar,66,69,80,23,238,0,0,53,0,53,66,69,133,23,291,76,20,96,387
11/30/2011,LIT,AR,ASW,CE,Combined TRACON& Tower with Radar,57,76,92,25,250,0,3,63,7,73,57,79,155,32,323,33,4,37,360
12/01/2011,LIT,AR,ASW,CE,Combined TRACON& Tower with Radar,63,69,103,29,264,0,1,61,1,63,63,70,164,30,327,18,14,32,359
12/02/2011,LIT,AR,ASW,CE,Combined TRACON& Tower with Radar,58,109,87,42,296,0,3,39,4,46,58,112,126,46,342,6,0,6,348
12/03/2011,LIT,AR,ASW,CE,Combined TRACON& Tower with Radar,42,56,51,21,170,0,2,22,2,26,42,58,73,23,196,0,0,0,196
12/04/2011,LIT,AR,ASW,CE,Combined TRACON& Tower with Radar,47,49,24,0,120,0,0,0,0,0,47,49,24,0,120,0,0,0,120
12/05/2011,LIT,AR,ASW,CE,Combined TRACON& Tower with Radar,58,68,41,16,183,0,1,1,0,2,58,69,42,16,185,0,0,0,185
12/06/2011,LIT,AR,ASW,CE,Combined TRACON& Tower with Radar,59,79,99,43,280,0,0,1,0,1,59,79,100,43,281,0,0,0,281
12/07/2011,LIT,AR,ASW,CE,Combined TRACON& Tower with Radar,58,69,82,57,266,0,4,40,2,46,58,73,122,59,312,8,84,92,404
12/08/2011,LIT,AR,ASW,CE,Combined TRACON& Tower with Radar,62,77,104,38,281,0,3,58,3,64,62,80,162,41,345,0,104,104,449
12/09/2011,LIT,AR,ASW,CE,Combined TRACON& Tower with Radar,66,69,115,89,339,0,3,58,12,73,66,72,173,101,412,18,144,162,574
12/10/2011,LIT,AR,ASW,CE,Combined TRACON& Tower with Radar,44,46,45,2,137,0,6,49,1,56,44,52,94,3,193,24,0,24,217
12/11/2011,LIT,AR,ASW,CE,Combined TRACON& Tower with Radar,47,60,51,16,174,0,0,44,0,44,47,60,95,16,218,6,0,6,224
12/12/2011,LIT,AR,ASW,CE,Combined TRACON& Tower with Radar,54,64,99,64,281,0,1,65,3,69,54,65,164,67,350,36,122,158,508
12/13/2011,LIT,AR,ASW,CE,Combined TRACON& Tower with Radar,60,67,93,8,228,0,1,2,0,3,60,68,95,8,231,0,0,0,231
12/14/2011,LIT,AR,ASW,CE,Combined TRACON& Tower with Radar,58,74,104,5,241,0,1,5,0,6,58,75,109,5,247,0,0,0,247
12/15/2011,LIT,AR,ASW,CE,Combined TRACON& Tower with Radar,61,80,79,13,233,0,4,8,1,13,61,84,87,14,246,0,0,0,246
12/16/2011,LIT,AR,ASW,CE,Combined TRACON& Tower with Radar,58,76,97,34,265,0,2,33,2,37,58,78,130,36,302,88,44,132,434
12/17/2011,LIT,AR,ASW,CE,Combined TRACON& Tower with Radar,46,59,47,13,165,0,1,40,1,42,46,60,87,14,207,8,0,8,215
12/18/2011,LIT,AR,ASW,CE,Combined TRACON& Tower with Radar,50,64,45,0,159,0,5,38,1,44,50,69,83,1,203,4,0,4,207
12/19/2011,LIT,AR,ASW,CE,Combined TRACON& Tower with Radar,55,68,70,8,201,0,3,29,0,32,55,71,99,8,233,2,42,44,277
12/20/2011,LIT,AR,ASW,CE,Combined TRACON& Tower with Radar,56,76,85,7,224,0,4,5,0,9,56,80,90,7,233,0,0,0,233
12/21/2011,LIT,AR,ASW,CE,Combined TRACON& Tower with Radar,61,88,90,53,292,0,0,77,2,79,61,88,167,55,371,122,76,198,569
12/22/2011,LIT,AR,ASW,CE,Combined TRACON& Tower with Radar,56,91,61,9,217,0,2,23,2,27,56,93,84,11,244,14,0,14,258
12/23/2011,LIT,AR,ASW,CE,Combined TRACON& Tower with Radar,62,81,75,0,218,0,1,11,1,13,62,82,86,1,231,0,0,0,231
12/24/2011,LIT,AR,ASW,CE,Combined TRACON& Tower with Radar,43,40,7,0,90,0,3,10,0,13,43,43,17,0,103,0,0,0,103
12/25/2011,LIT,AR,ASW,CE,Combined TRACON& Tower with Radar,39,37,9,0,85,0,2,7,0,9,39,39,16,0,94,0,0,0,94
12/26/2011,LIT,AR,ASW,CE,Combined TRACON& Tower with Radar,53,73,74,0,200,0,3,4,0,7,53,76,78,0,207,0,0,0,207
12/27/2011,LIT,AR,ASW,CE,Combined TRACON& Tower with Radar,54,66,42,8,170,0,2,30,0,32,54,68,72,8,202,0,0,0,202
12/28/2011,LIT,AR,ASW,CE,Combined TRACON& Tower with Radar,56,77,56,14,203,0,2,70,1,73,56,79,126,15,276,6,0,6,282
12/29/2011,LIT,AR,ASW,CE,Combined TRACON& Tower with Radar,50,76,42,1,169,0,2,41,1,44,50,78,83,2,213,2,0,2,215
12/30/2011,LIT,AR,ASW,CE,Combined TRACON& Tower with Radar,55,71,56,0,182,0,4,40,0,44,55,75,96,0,226,0,0,0,226
12/31/2011,LIT,AR,ASW,CE,Combined TRACON& Tower with Radar,39,34,29,0,102,0,3,24,0,27,39,37,53,0,129,2,0,2,131
01/01/2012,LIT,AR,ASW,CE,Combined TRACON& Tower with Radar,42,38,33,0,113,0,2,24,0,26,42,40,57,0,139,24,0,24,163
01/02/2012,LIT,AR,ASW,CE,Combined TRACON& Tower with Radar,53,64,59,0,176,0,4,28,0,32,53,68,87,0,208,18,0,18,226
01/03/2012,LIT,AR,ASW,CE,Combined TRACON& Tower with Radar,51,59,69,2,181,0,1,49,1,51,51,60,118,3,232,6,0,6,238
01/04/2012,LIT,AR,ASW,CE,Combined TRACON& Tower with Radar,56,63,57,32,208,0,2,51,5,58,56,65,108,37,266,28,60,88,354
01/05/2012,LIT,AR,ASW,CE,Combined TRACON& Tower with Radar,66,68,85,24,243,0,2,61,0,63,66,70,146,24,306,56,6,62,368
01/06/2012,LIT,AR,ASW,CE,Combined TRACON& Tower with Radar,64,70,97,75,306,0,5,47,0,52,64,75,144,75,358,10,28,38,396
01/07/2012,LIT,AR,ASW,CE,Combined TRACON& Tower with Radar,44,47,44,5,140,0,1,12,0,13,44,48,56,5,153,0,0,0,153
01/08/2012,LIT,AR,ASW,CE,Combined TRACON& Tower with Radar,55,56,69,2,182,0,3,2,0,5,55,59,71,2,187,0,0,0,187
01/09/2012,LIT,AR,ASW,CE,Combined TRACON& Tower with Radar,57,70,55,14,196,0,0,18,0,18,57,70,73,14,214,0,0,0,214
01/10/2012,LIT,AR,ASW,CE,Combined TRACON& Tower with Radar,65,60,51,8,184,0,2,1,0,3,65,62,52,8,187,0,0,0,187
01/11/2012,LIT,AR,ASW,CE,Combined TRACON& Tower with Radar,60,66,88,30,244,0,6,39,3,48,60,72,127,33,292,26,2,28,320
01/12/2012,LIT,AR,ASW,CE,Combined TRACON& Tower with Radar,64,67,74,20,225,0,2,13,1,16,64,69,87,21,241,0,6,6,247
01/13/2012,LIT,AR,ASW,CE,Combined TRACON& Tower with Radar,64,62,73,34,233,0,6,64,3,73,64,68,137,37,306,8,4,12,318
01/14/2012,LIT,AR,ASW,CE,Combined TRACON& Tower with Radar,41,45,32,11,129,0,3,36,2,41,41,48,68,13,170,26,0,26,196
01/15/2012,LIT,AR,ASW,CE,Combined TRACON& Tower with Radar,56,51,32,6,145,0,1,26,1,28,56,52,58,7,173,0,0,0,173
01/16/2012,LIT,AR,ASW,CE,Combined TRACON& Tower with Radar,62,64,64,0,190,0,2,7,0,9,62,66,71,0,199,0,0,0,199
01/17/2012,LIT,AR,ASW,CE,Combined TRACON& Tower with Radar,61,64,77,33,235,0,3,36,4,43,61,67,113,37,278,0,14,14,292
01/18/2012,LIT,AR,ASW,CE,Combined TRACON& Tower with Radar,59,68,92,35,254,0,4,78,2,84,59,72,170,37,338,58,86,144,482
01/19/2012,LIT,AR,ASW,CE,Combined TRACON& Tower with Radar,64,59,105,30,258,0,3,62,1,66,64,62,167,31,324,20,70,90,414
01/20/2012,LIT,AR,ASW,CE,Combined TRACON& Tower with Radar,61,65,72,6,204,0,0,1,0,1,61,65,73,6,205,0,0,0,205
01/21/2012,LIT,AR,ASW,CE,Combined TRACON& Tower with Radar,40,56,46,8,150,0,3,11,1,15,40,59,57,9,165,0,0,0,165
01/22/2012,LIT,AR,ASW,CE,Combined TRACON& Tower with Radar,52,37,20,0,109,0,0,2,0,2,52,37,22,0,111,0,0,0,111
01/23/2012,LIT,AR,ASW,CE,Combined TRACON& Tower with Radar,61,72,57,65,255,0,7,38,3,48,61,79,95,68,303,6,8,14,317
01/24/2012,LIT,AR,ASW,CE,Combined TRACON& Tower with Radar,62,68,106,22,258,0,5,59,2,66,62,73,165,24,324,6,26,32,356
01/25/2012,LIT,AR,ASW,CE,Combined TRACON& Tower with Radar,60,68,63,35,226,0,0,2,1,3,60,68,65,36,229,16,38,54,283
01/26/2012,LIT,AR,ASW,CE,Combined TRACON& Tower with Radar,62,72,60,9,203,0,1,5,0,6,62,73,65,9,209,0,0,0,209
01/27/2012,LIT,AR,ASW,CE,Combined TRACON& Tower with Radar,64,71,55,10,200,0,2,87,4,93,64,73,142,14,293,2,0,2,295
01/28/2012,LIT,AR,ASW,CE,Combined TRACON& Tower with Radar,40,49,32,5,126,0,2,61,0,63,40,51,93,5,189,8,0,8,197
01/29/2012,LIT,AR,ASW,CE,Combined TRACON& Tower with Radar,52,61,44,12,169,0,0,48,2,50,52,61,92,14,219,48,40,88,307
01/30/2012,LIT,AR,ASW,CE,Combined TRACON& Tower with Radar,62,69,64,39,234,0,2,57,1,60,62,71,121,40,294,18,34,52,346
01/31/2012,LIT,AR,ASW,CE,Combined TRACON& Tower with Radar,64,62,83,46,255,0,2,21,0,23,64,64,104,46,278,10,68,78,356
02/01/2012,LIT,AR,ASW,CE,Combined TRACON& Tower with Radar,60,67,83,35,245,0,4,5,2,11,60,71,88,37,256,0,24,24,280
02/02/2012,LIT,AR,ASW,CE,Combined TRACON& Tower with Radar,68,52,88,19,227,0,0,50,4,54,68,52,138,23,281,6,70,76,357
02/03/2012,LIT,AR,ASW,CE,Combined TRACON& Tower with Radar,68,58,52,36,214,0,1,10,0,11,68,59,62,36,225,0,0,0,225
02/04/2012,LIT,AR,ASW,CE,Combined TRACON& Tower with Radar,40,50,23,14,127,0,0,2,4,6,40,50,25,18,133,0,0,0,133
02/05/2012,LIT,AR,ASW,CE,Combined TRACON& Tower with Radar,55,45,32,5,137,0,3,24,8,35,55,48,56,13,172,0,0,0,172
02/06/2012,LIT,AR,ASW,CE,Combined TRACON& Tower with Radar,62,58,84,37,241,0,0,64,6,70,62,58,148,43,311,24,154,178,489
02/07/2012,LIT,AR,ASW,CE,Combined TRACON& Tower with Radar,66,51,85,54,256,0,0,45,4,49,66,51,130,58,305,4,88,92,397
02/08/2012,LIT,AR,ASW,CE,Combined TRACON& Tower with Radar,64,53,99,29,245,0,0,47,0,47,64,53,146,29,292,22,2,24,316
02/09/2012,LIT,AR,ASW,CE,Combined TRACON& Tower with Radar,67,61,96,71,295,0,5,43,10,58,67,66,139,81,353,0,124,124,477
02/10/2012,LIT,AR,ASW,CE,Combined TRACON& Tower with Radar,68,56,76,30,230,0,1,3,0,4,68,57,79,30,234,0,0,0,234
02/11/2012,LIT,AR,ASW,CE,Combined TRACON& Tower with Radar,43,49,42,10,144,0,2,30,0,32,43,51,72,10,176,0,0,0,176
02/12/2012,LIT,AR,ASW,CE,Combined TRACON& Tower with Radar,56,49,36,12,153,0,2,53,2,57,56,51,89,14,210,0,0,0,210
02/13/2012,LIT,AR,ASW,CE,Combined TRACON& Tower with Radar,67,48,35,0,150,0,0,1,0,1,67,48,36,0,151,0,0,0,151
02/14/2012,LIT,AR,ASW,CE,Combined TRACON& Tower with Radar,67,58,86,71,282,0,5,23,1,29,67,63,109,72,311,16,98,114,425
02/15/2012,LIT,AR,ASW,CE,Combined TRACON& Tower with Radar,64,55,74,1,194,0,0,2,0,2,64,55,76,1,196,0,0,0,196
02/16/2012,LIT,AR,ASW,CE,Combined TRACON& Tower with Radar,66,57,100,32,255,0,2,36,3,41,66,59,136,35,296,2,0,2,298
02/17/2012,LIT,AR,ASW,CE,Combined TRACON& Tower with Radar,65,69,63,41,238,0,1,59,1,61,65,70,122,42,299,8,0,8,307
02/18/2012,LIT,AR,ASW,CE,Combined TRACON& Tower with Radar,43,51,35,7,136,0,2,16,2,20,43,53,51,9,156,0,0,0,156
02/19/2012,LIT,AR,ASW,CE,Combined TRACON& Tower with Radar,52,39,48,7,146,0,3,48,1,52,52,42,96,8,198,0,0,0,198
02/20/2012,LIT,AR,ASW,CE,Combined TRACON& Tower with Radar,58,53,61,8,180,0,2,44,1,47,58,55,105,9,227,8,0,8,235
02/21/2012,LIT,AR,ASW,CE,Combined TRACON& Tower with Radar,64,61,100,23,248,0,4,66,4,74,64,65,166,27,322,16,26,42,364
02/22/2012,LIT,AR,ASW,CE,Combined TRACON& Tower with Radar,70,58,100,37,265,0,3,34,3,40,70,61,134,40,305,20,8,28,333
02/23/2012,LIT,AR,ASW,CE,Combined TRACON& Tower with Radar,66,63,86,14,229,0,3,34,0,37,66,66,120,14,266,0,20,20,286
02/24/2012,LIT,AR,ASW,CE,Combined TRACON& Tower with Radar,65,71,65,35,236,0,6,34,6,46,65,77,99,41,282,44,4,48,330
02/25/2012,LIT,AR,ASW,CE,Combined TRACON& Tower with Radar,44,39,54,3,140,0,4,63,0,67,44,43,117,3,207,0,0,0,207
02/26/2012,LIT,AR,ASW,CE,Combined TRACON& Tower with Radar,56,41,61,25,183,0,1,60,3,64,56,42,121,28,247,50,0,50,297
02/27/2012,LIT,AR,ASW,CE,Combined TRACON& Tower with Radar,65,51,81,31,228,0,1,62,4,67,65,52,143,35,295,14,34,48,343
02/28/2012,LIT,AR,ASW,CE,Combined TRACON& Tower with Radar,64,61,69,38,232,0,4,13,0,17,64,65,82,38,249,0,16,16,265
02/29/2012,LIT,AR,ASW,CE,Combined TRACON& Tower with Radar,66,64,66,30,226,0,9,36,3,48,66,73,102,33,274,20,90,110,384
03/01/2012,LIT,AR,ASW,CE,Combined TRACON& Tower with Radar,65,75,97,17,254,0,2,89,1,92,65,77,186,18,346,50,48,98,444
03/02/2012,LIT,AR,ASW,CE,Combined TRACON& Tower with Radar,67,68,67,17,219,0,2,25,3,30,67,70,92,20,249,16,2,18,267
03/03/2012,LIT,AR,ASW,CE,Combined TRACON& Tower with Radar,46,37,29,23,135,0,1,42,5,48,46,38,71,28,183,6,4,10,193
03/04/2012,LIT,AR,ASW,CE,Combined TRACON& Tower with Radar,60,36,35,5,136,0,0,34,1,35,60,36,69,6,171,10,0,10,181
03/05/2012,LIT,AR,ASW,CE,Combined TRACON& Tower with Radar,65,69,77,26,237,0,1,52,36,89,65,70,129,62,326,0,44,44,370
03/06/2012,LIT,AR,ASW,CE,Combined TRACON& Tower with Radar,72,53,76,53,254,0,2,32,4,38,72,55,108,57,292,8,114,122,414
03/07/2012,LIT,AR,ASW,CE,Combined TRACON& Tower with Radar,66,58,76,36,236,0,3,16,4,23,66,61,92,40,259,24,78,102,361
03/08/2012,LIT,AR,ASW,CE,Combined TRACON& Tower with Radar,69,62,35,16,182,0,0,2,0,2,69,62,37,16,184,0,0,0,184
03/09/2012,LIT,AR,ASW,CE,Combined TRACON& Tower with Radar,65,72,92,20,249,0,1,47,4,52,65,73,139,24,301,24,38,62,363
03/10/2012,LIT,AR,ASW,CE,Combined TRACON& Tower with Radar,48,40,38,1,127,0,2,55,0,57,48,42,93,1,184,2,0,2,186
03/11/2012,LIT,AR,ASW,CE,Combined TRACON& Tower with Radar,55,45,33,6,139,0,0,0,0,0,55,45,33,6,139,10,0,10,149
03/12/2012,LIT,AR,ASW,CE,Combined TRACON& Tower with Radar,63,71,78,57,269,0,4,60,6,70,63,75,138,63,339,30,32,62,401
03/13/2012,LIT,AR,ASW,CE,Combined TRACON& Tower with Radar,62,62,103,26,253,0,0,43,4,47,62,62,146,30,300,2,8,10,310
03/14/2012,LIT,AR,ASW,CE,Combined TRACON& Tower with Radar,66,60,89,37,252,0,0,45,2,47,66,60,134,39,299,50,42,92,391
03/15/2012,LIT,AR,ASW,CE,Combined TRACON& Tower with Radar,66,76,100,20,262,0,3,43,5,51,66,79,143,25,313,0,64,64,377
03/16/2012,LIT,AR,ASW,CE,Combined TRACON& Tower with Radar,80,74,88,27,269,0,1,50,36,87,80,75,138,63,356,10,0,10,366
03/17/2012,LIT,AR,ASW,CE,Combined TRACON& Tower with Radar,49,36,51,7,143,0,6,20,0,26,49,42,71,7,169,0,0,0,169
03/18/2012,LIT,AR,ASW,CE,Combined TRACON& Tower with Radar,59,49,52,27,187,0,6,30,1,37,59,55,82,28,224,60,8,68,292
03/19/2012,LIT,AR,ASW,CE,Combined TRACON& Tower with Radar,68,64,55,11,198,0,2,20,0,22,68,66,75,11,220,24,0,24,244
03/20/2012,LIT,AR,ASW,CE,Combined TRACON& Tower with Radar,64,47,42,7,160,0,1,6,1,8,64,48,48,8,168,0,14,14,182
03/21/2012,LIT,AR,ASW,CE,Combined TRACON& Tower with Radar,70,47,39,1,157,0,4,2,1,7,70,51,41,2,164,0,0,0,164
03/22/2012,LIT,AR,ASW,CE,Combined TRACON& Tower with Radar,66,69,75,45,255,0,2,39,4,45,66,71,114,49,300,10,44,54,354
03/23/2012,LIT,AR,ASW,CE,Combined TRACON& Tower with Radar,66,72,64,71,273,0,2,57,5,64,66,74,121,76,337,23,48,71,408
03/24/2012,LIT,AR,ASW,CE,Combined TRACON& Tower with Radar,49,37,48,6,140,0,4,47,5,56,49,41,95,11,196,4,28,32,228
03/25/2012,LIT,AR,ASW,CE,Combined TRACON& Tower with Radar,58,47,60,34,199,0,4,68,2,74,58,51,128,36,273,0,0,0,273
03/26/2012,LIT,AR,ASW,CE,Combined TRACON& Tower with Radar,64,62,72,32,230,0,2,69,1,72,64,64,141,33,302,10,8,18,320
03/27/2012,LIT,AR,ASW,CE,Combined TRACON& Tower with Radar,60,78,95,26,259,0,2,68,7,77,60,80,163,33,336,36,142,178,514
03/28/2012,LIT,AR,ASW,CE,Combined TRACON& Tower with Radar,60,70,84,67,281,0,3,59,5,67,60,73,143,72,348,34,12,46,394
03/29/2012,LIT,AR,ASW,CE,Combined TRACON& Tower with Radar,66,66,106,13,251,0,0,64,3,67,66,66,170,16,318,96,28,124,442
03/30/2012,LIT,AR,ASW,CE,Combined TRACON& Tower with Radar,66,83,103,18,270,0,0,46,1,47,66,83,149,19,317,40,0,40,357
03/31/2012,LIT,AR,ASW,CE,Combined TRACON& Tower with Radar,48,54,44,9,155,0,2,23,0,25,48,56,67,9,180,0,0,0,180
04/01/2012,LIT,AR,ASW,CE,Combined TRACON& Tower with Radar,58,43,64,5,170,0,0,19,0,19,58,43,83,5,189,0,0,0,189
04/02/2012,LIT,AR,ASW,CE,Combined TRACON& Tower with Radar,63,77,73,46,259,0,2,30,2,34,63,79,103,48,293,0,56,56,349
04/03/2012,LIT,AR,ASW,CE,Combined TRACON& Tower with Radar,54,70,64,16,204,0,3,15,1,19,54,73,79,17,223,10,4,14,237
04/04/2012,LIT,AR,ASW,CE,Combined TRACON& Tower with Radar,60,87,103,32,282,0,3,39,2,44,60,90,142,34,326,4,52,56,382
04/05/2012,LIT,AR,ASW,CE,Combined TRACON& Tower with Radar,62,75,95,48,280,0,2,56,0,58,62,77,151,48,338,0,86,86,424
04/06/2012,LIT,AR,ASW,CE,Combined TRACON& Tower with Radar,62,77,82,86,307,0,1,86,7,94,62,78,168,93,401,44,10,54,455
04/07/2012,LIT,AR,ASW,CE,Combined TRACON& Tower with Radar,46,42,34,0,122,0,2,55,0,57,46,44,89,0,179,0,0,0,179
04/08/2012,LIT,AR,ASW,CE,Combined TRACON& Tower with Radar,54,50,29,4,137,0,1,22,1,24,54,51,51,5,161,0,0,0,161
04/09/2012,LIT,AR,ASW,CE,Combined TRACON& Tower with Radar,65,77,73,25,240,0,1,48,2,51,65,78,121,27,291,10,0,10,301
04/10/2012,LIT,AR,ASW,CE,Combined TRACON& Tower with Radar,75,66,75,15,231,0,5,77,2,84,75,71,152,17,315,66,18,84,399
04/11/2012,LIT,AR,ASW,CE,Combined TRACON& Tower with Radar,74,76,87,14,251,0,4,37,2,43,74,80,124,16,294,18,118,136,430
04/12/2012,LIT,AR,ASW,CE,Combined TRACON& Tower with Radar,73,77,92,16,258,0,8,60,1,69,73,85,152,17,327,66,22,88,415
04/13/2012,LIT,AR,ASW,CE,Combined TRACON& Tower with Radar,72,70,96,21,259,0,0,44,1,45,72,70,140,22,304,0,0,0,304
04/14/2012,LIT,AR,ASW,CE,Combined TRACON& Tower with Radar,50,53,41,6,150,0,1,28,4,33,50,54,69,10,183,0,0,0,183
04/15/2012,LIT,AR,ASW,CE,Combined TRACON& Tower with Radar,62,59,40,14,175,0,2,2,3,7,62,61,42,17,182,0,0,0,182
04/16/2012,LIT,AR,ASW,CE,Combined TRACON& Tower with Radar,72,77,74,40,263,0,3,48,1,52,72,80,122,41,315,0,0,0,315
04/17/2012,LIT,AR,ASW,CE,Combined TRACON& Tower with Radar,65,62,110,42,279,0,1,57,5,63,65,63,167,47,342,106,54,160,502
04/18/2012,LIT,AR,ASW,CE,Combined TRACON& Tower with Radar,71,57,69,17,214,0,0,73,3,76,71,57,142,20,290,12,8,20,310
04/19/2012,LIT,AR,ASW,CE,Combined TRACON& Tower with Radar,72,73,91,11,247,0,4,86,3,93,72,77,177,14,340,28,0,28,368
04/20/2012,LIT,AR,ASW,CE,Combined TRACON& Tower with Radar,69,73,61,3,206,0,6,5,1,12,69,79,66,4,218,8,0,8,226
04/21/2012,LIT,AR,ASW,CE,Combined TRACON& Tower with Radar,51,52,44,1,148,0,1,45,2,48,51,53,89,3,196,0,0,0,196
04/22/2012,LIT,AR,ASW,CE,Combined TRACON& Tower with Radar,59,60,45,3,167,0,0,28,0,28,59,60,73,3,195,0,0,0,195
04/23/2012,LIT,AR,ASW,CE,Combined TRACON& Tower with Radar,69,77,99,25,270,0,0,52,0,52,69,77,151,25,322,0,0,0,322
04/24/2012,LIT,AR,ASW,CE,Combined TRACON& Tower with Radar,74,69,108,33,284,0,5,72,2,79,74,74,180,35,363,0,0,0,363
04/25/2012,LIT,AR,ASW,CE,Combined TRACON& Tower with Radar,72,77,84,45,278,0,1,37,4,42,72,78,121,49,320,20,230,250,570
04/26/2012,LIT,AR,ASW,CE,Combined TRACON& Tower with Radar,71,71,105,28,275,0,5,86,4,95,71,76,191,32,370,50,78,128,498
04/27/2012,LIT,AR,ASW,CE,Combined TRACON& Tower with Radar,73,88,112,31,304,0,2,68,1,71,73,90,180,32,375,0,0,0,375
04/28/2012,LIT,AR,ASW,CE,Combined TRACON& Tower with Radar,52,53,53,22,180,0,4,38,2,44,52,57,91,24,224,0,0,0,224
04/29/2012,LIT,AR,ASW,CE,Combined TRACON& Tower with Radar,62,56,55,23,196,0,2,55,3,60,62,58,110,26,256,0,0,0,256
04/30/2012,LIT,AR,ASW,CE,Combined TRACON& Tower with Radar,69,80,61,1,211,0,1,11,3,15,69,81,72,4,226,0,0,0,226
05/01/2012,LIT,AR,ASW,CE,Combined TRACON& Tower with Radar,58,74,90,12,234,0,2,66,0,68,58,76,156,12,302,0,58,58,360
05/02/2012,LIT,AR,ASW,CE,Combined TRACON& Tower with Radar,68,78,88,30,264,0,3,67,2,72,68,81,155,32,336,4,58,62,398
05/03/2012,LIT,AR,ASW,CE,Combined TRACON& Tower with Radar,64,72,115,34,285,0,1,34,1,36,64,73,149,35,321,10,64,74,395
05/04/2012,LIT,AR,ASW,CE,Combined TRACON& Tower with Radar,71,80,76,39,266,0,0,59,2,61,71,80,135,41,327,10,74,84,411
05/05/2012,LIT,AR,ASW,CE,Combined TRACON& Tower with Radar,49,49,39,3,140,0,6,52,0,58,49,55,91,3,198,0,0,0,198
05/06/2012,LIT,AR,ASW,CE,Combined TRACON& Tower with Radar,58,56,65,10,189,0,2,34,1,37,58,58,99,11,226,0,0,0,226
05/07/2012,LIT,AR,ASW,CE,Combined TRACON& Tower with Radar,64,68,59,42,233,0,1,28,5,34,64,69,87,47,267,12,8,20,287
05/08/2012,LIT,AR,ASW,CE,Combined TRACON& Tower with Radar,57,83,99,12,251,0,6,41,2,49,57,89,140,14,300,12,0,12,312
05/09/2012,LIT,AR,ASW,CE,Combined TRACON& Tower with Radar,63,79,101,38,281,0,3,82,8,93,63,82,183,46,374,0,8,8,382
05/10/2012,LIT,AR,ASW,CE,Combined TRACON& Tower with Radar,64,101,105,22,292,0,3,96,6,105,64,104,201,28,397,32,0,32,429
05/11/2012,LIT,AR,ASW,CE,Combined TRACON& Tower with Radar,73,77,71,22,243,0,4,49,9,62,73,81,120,31,305,2,0,2,307
05/12/2012,LIT,AR,ASW,CE,Combined TRACON& Tower with Radar,47,51,30,1,129,0,2,11,3,16,47,53,41,4,145,0,0,0,145
05/13/2012,LIT,AR,ASW,CE,Combined TRACON& Tower with Radar,58,63,41,2,164,0,2,35,3,40,58,65,76,5,204,0,0,0,204
05/14/2012,LIT,AR,ASW,CE,Combined TRACON& Tower with Radar,62,74,80,12,228,0,3,76,4,83,62,77,156,16,311,4,6,10,321
05/15/2012,LIT,AR,ASW,CE,Combined TRACON& Tower with Radar,60,81,104,10,255,0,5,59,5,69,60,86,163,15,324,10,58,68,392
05/16/2012,LIT,AR,ASW,CE,Combined TRACON& Tower with Radar,62,74,98,36,270,0,2,82,3,87,62,76,180,39,357,0,82,82,439
05/17/2012,LIT,AR,ASW,CE,Combined TRACON& Tower with Radar,63,87,103,18,271,0,3,72,5,80,63,90,175,23,351,32,26,58,409
05/18/2012,LIT,AR,ASW,CE,Combined TRACON& Tower with Radar,66,85,103,21,275,0,2,68,6,76,66,87,171,27,351,0,98,98,449
05/19/2012,LIT,AR,ASW,CE,Combined TRACON& Tower with Radar,47,62,59,5,173,0,2,64,1,67,47,64,123,6,240,0,14,14,254
05/20/2012,LIT,AR,ASW,CE,Combined TRACON& Tower with Radar,60,58,52,8,178,0,0,42,0,42,60,58,94,8,220,0,0,0,220
05/21/2012,LIT,AR,ASW,CE,Combined TRACON& Tower with Radar,66,91,64,12,233,0,3,43,0,46,66,94,107,12,279,0,0,0,279
05/22/2012,LIT,AR,ASW,CE,Combined TRACON& Tower with Radar,60,79,82,20,241,0,4,69,4,77,60,83,151,24,318,52,10,62,380
05/23/2012,LIT,AR,ASW,CE,Combined TRACON& Tower with Radar,63,92,100,33,288,0,1,61,5,67,63,93,161,38,355,0,38,38,393
05/24/2012,LIT,AR,ASW,CE,Combined TRACON& Tower with Radar,67,81,89,14,251,0,3,37,5,45,67,84,126,19,296,36,106,142,438
05/25/2012,LIT,AR,ASW,CE,Combined TRACON& Tower with Radar,66,78,60,4,208,0,2,60,2,64,66,80,120,6,272,36,58,94,366
05/26/2012,LIT,AR,ASW,CE,Combined TRACON& Tower with Radar,54,42,22,1,119,0,4,65,0,69,54,46,87,1,188,78,0,78,266
05/27/2012,LIT,AR,ASW,CE,Combined TRACON& Tower with Radar,57,34,21,0,112,0,0,37,0,37,57,34,58,0,149,0,0,0,149
05/28/2012,LIT,AR,ASW,CE,Combined TRACON& Tower with Radar,60,60,44,1,165,0,2,30,2,34,60,62,74,3,199,4,0,4,203
05/29/2012,LIT,AR,ASW,CE,Combined TRACON& Tower with Radar,67,58,76,17,218,0,0,61,3,64,67,58,137,20,282,8,50,58,340
05/30/2012,LIT,AR,ASW,CE,Combined TRACON& Tower with Radar,68,66,68,11,213,0,3,45,2,50,68,69,113,13,263,2,8,10,273
05/31/2012,LIT,AR,ASW,CE,Combined TRACON& Tower with Radar,70,76,98,7,251,0,0,13,4,17,70,76,111,11,268,2,20,22,290
06/01/2012,LIT,AR,ASW,CE,Combined TRACON& Tower with Radar,65,70,75,35,245,0,1,75,0,76,65,71,150,35,321,12,30,42,363
06/02/2012,LIT,AR,ASW,CE,Combined TRACON& Tower with Radar,50,42,40,4,136,0,0,69,2,71,50,42,109,6,207,6,14,20,227
06/03/2012,LIT,AR,ASW,CE,Combined TRACON& Tower with Radar,58,65,52,16,191,0,4,37,2,43,58,69,89,18,234,0,0,0,234
06/04/2012,LIT,AR,ASW,CE,Combined TRACON& Tower with Radar,64,64,63,5,196,0,2,21,2,25,64,66,84,7,221,0,0,0,221
06/05/2012,LIT,AR,ASW,CE,Combined TRACON& Tower with Radar,60,71,84,19,234,0,0,34,1,35,60,71,118,20,269,0,12,12,281
06/06/2012,LIT,AR,ASW,CE,Combined TRACON& Tower with Radar,61,68,105,42,276,0,3,72,5,80,61,71,177,47,356,32,104,136,492
06/07/2012,LIT,AR,ASW,CE,Combined TRACON& Tower with Radar,62,84,94,24,264,0,2,72,4,78,62,86,166,28,342,24,90,114,456
06/08/2012,LIT,AR,ASW,CE,Combined TRACON& Tower with Radar,64,85,80,79,308,0,1,87,3,91,64,86,167,82,399,20,82,102,501
06/09/2012,LIT,AR,ASW,CE,Combined TRACON& Tower with Radar,51,68,50,11,180,0,1,57,15,73,51,69,107,26,253,12,0,12,265
06/10/2012,LIT,AR,ASW,CE,Combined TRACON& Tower with Radar,56,69,71,9,205,0,1,30,1,32,56,70,101,10,237,0,0,0,237
06/11/2012,LIT,AR,ASW,CE,Combined TRACON& Tower with Radar,63,86,64,20,233,0,1,35,0,36,63,87,99,20,269,0,0,0,269
06/12/2012,LIT,AR,ASW,CE,Combined TRACON& Tower with Radar,66,89,66,48,269,0,2,33,1,36,66,91,99,49,305,0,34,34,339
06/13/2012,LIT,AR,ASW,CE,Combined TRACON& Tower with Radar,65,90,86,26,267,0,0,95,5,100,65,90,181,31,367,0,8,8,375
06/14/2012,LIT,AR,ASW,CE,Combined TRACON& Tower with Radar,65,81,78,6,230,0,1,70,2,73,65,82,148,8,303,0,0,0,303
06/15/2012,LIT,AR,ASW,CE,Combined TRACON& Tower with Radar,64,70,74,57,265,0,0,56,6,62,64,70,130,63,327,0,12,12,339
06/16/2012,LIT,AR,ASW,CE,Combined TRACON& Tower with Radar,48,65,40,16,169,0,1,51,0,52,48,66,91,16,221,8,0,8,229
06/17/2012,LIT,AR,ASW,CE,Combined TRACON& Tower with Radar,56,68,45,21,190,0,0,43,4,47,56,68,88,25,237,8,12,20,257
06/18/2012,LIT,AR,ASW,CE,Combined TRACON& Tower with Radar,62,77,62,14,215,0,4,64,3,71,62,81,126,17,286,16,8,24,310
06/19/2012,LIT,AR,ASW,CE,Combined TRACON& Tower with Radar,63,80,95,35,273,0,1,69,8,78,63,81,164,43,351,10,42,52,403
06/20/2012,LIT,AR,ASW,CE,Combined TRACON& Tower with Radar,62,89,96,13,260,0,1,83,5,89,62,90,179,18,349,0,32,32,381
06/21/2012,LIT,AR,ASW,CE,Combined TRACON& Tower with Radar,78,81,75,8,242,0,8,67,3,78,78,89,142,11,320,10,40,50,370
06/22/2012,LIT,AR,ASW,CE,Combined TRACON& Tower with Radar,64,72,64,11,211,0,6,67,3,76,64,78,131,14,287,0,0,0,287
06/23/2012,LIT,AR,ASW,CE,Combined TRACON& Tower with Radar,52,58,37,1,148,0,2,39,1,42,52,60,76,2,190,0,0,0,190
06/24/2012,LIT,AR,ASW,CE,Combined TRACON& Tower with Radar,55,65,47,16,183,0,0,43,2,45,55,65,90,18,228,0,0,0,228
06/25/2012,LIT,AR,ASW,CE,Combined TRACON& Tower with Radar,62,65,67,16,210,0,4,47,3,54,62,69,114,19,264,0,26,26,290
06/26/2012,LIT,AR,ASW,CE,Combined TRACON& Tower with Radar,66,76,89,17,248,0,2,79,2,83,66,78,168,19,331,38,94,132,463
06/27/2012,LIT,AR,ASW,CE,Combined TRACON& Tower with Radar,64,81,76,21,242,0,2,78,3,83,64,83,154,24,325,2,42,44,369
06/28/2012,LIT,AR,ASW,CE,Combined TRACON& Tower with Radar,63,73,94,24,254,0,3,72,3,78,63,76,166,27,332,12,14,26,358
06/29/2012,LIT,AR,ASW,CE,Combined TRACON& Tower with Radar,68,66,67,13,214,0,2,57,1,60,68,68,124,14,274,0,30,30,304
06/30/2012,LIT,AR,ASW,CE,Combined TRACON& Tower with Radar,49,52,36,13,150,0,3,42,3,48,49,55,78,16,198,0,0,0,198
07/01/2012,LIT,AR,ASW,CE,Combined TRACON& Tower with Radar,46,58,59,12,175,0,3,29,0,32,46,61,88,12,207,0,0,0,207
07/02/2012,LIT,AR,ASW,CE,Combined TRACON& Tower with Radar,54,55,52,5,166,0,1,68,1,70,54,56,120,6,236,22,16,38,274
07/03/2012,LIT,AR,ASW,CE,Combined TRACON& Tower with Radar,53,59,55,20,187,0,5,60,3,68,53,64,115,23,255,30,12,42,297
07/04/2012,LIT,AR,ASW,CE,Combined TRACON& Tower with Radar,43,42,13,0,98,0,0,23,4,27,43,42,36,4,125,6,0,6,131
07/05/2012,LIT,AR,ASW,CE,Combined TRACON& Tower with Radar,55,55,40,8,158,0,1,56,1,58,55,56,96,9,216,0,0,0,216
07/06/2012,LIT,AR,ASW,CE,Combined TRACON& Tower with Radar,52,71,41,16,180,0,9,64,7,80,52,80,105,23,260,2,0,2,262
07/07/2012,LIT,AR,ASW,CE,Combined TRACON& Tower with Radar,45,54,33,0,132,0,1,26,0,27,45,55,59,0,159,0,0,0,159
07/08/2012,LIT,AR,ASW,CE,Combined TRACON& Tower with Radar,47,74,43,2,166,0,1,18,0,19,47,75,61,2,185,4,0,4,189
07/09/2012,LIT,AR,ASW,CE,Combined TRACON& Tower with Radar,53,75,77,2,207,0,2,41,0,43,53,77,118,2,250,0,0,0,250
07/10/2012,LIT,AR,ASW,CE,Combined TRACON& Tower with Radar,60,83,90,45,278,0,4,28,2,34,60,87,118,47,312,8,24,32,344
07/11/2012,LIT,AR,ASW,CE,Combined TRACON& Tower with Radar,53,84,81,37,255,0,1,29,1,31,53,85,110,38,286,36,36,72,358
07/12/2012,LIT,AR,ASW,CE,Combined TRACON& Tower with Radar,60,83,57,51,251,0,0,55,5,60,60,83,112,56,311,4,124,128,439
07/13/2012,LIT,AR,ASW,CE,Combined TRACON& Tower with Radar,53,81,100,46,280,0,2,42,4,48,53,83,142,50,328,42,92,134,462
07/14/2012,LIT,AR,ASW,CE,Combined TRACON& Tower with Radar,46,63,28,4,141,0,6,39,1,46,46,69,67,5,187,0,0,0,187
07/15/2012,LIT,AR,ASW,CE,Combined TRACON& Tower with Radar,52,70,47,5,174,0,0,25,2,27,52,70,72,7,201,14,0,14,215
07/16/2012,LIT,AR,ASW,CE,Combined TRACON& Tower with Radar,53,78,72,33,236,0,0,57,1,58,53,78,129,34,294,12,26,38,332
07/17/2012,LIT,AR,ASW,CE,Combined TRACON& Tower with Radar,57,80,78,24,239,0,1,72,8,81,57,81,150,32,320,16,148,164,484
07/18/2012,LIT,AR,ASW,CE,Combined TRACON& Tower with Radar,52,92,96,31,271,0,3,74,1,78,52,95,170,32,349,0,18,18,367
07/19/2012,LIT,AR,ASW,CE,Combined TRACON& Tower with Radar,55,82,82,19,238,0,4,68,5,77,55,86,150,24,315,40,40,80,395
07/20/2012,LIT,AR,ASW,CE,Combined TRACON& Tower with Radar,54,80,72,44,250,0,2,72,5,79,54,82,144,49,329,10,8,18,347
07/21/2012,LIT,AR,ASW,CE,Combined TRACON& Tower with Radar,48,55,37,4,144,0,3,44,7,54,48,58,81,11,198,6,0,6,204
07/22/2012,LIT,AR,ASW,CE,Combined TRACON& Tower with Radar,49,64,67,14,194,0,3,40,2,45,49,67,107,16,239,0,0,0,239
07/23/2012,LIT,AR,ASW,CE,Combined TRACON& Tower with Radar,54,82,49,10,195,0,1,65,0,66,54,83,114,10,261,8,8,16,277
07/24/2012,LIT,AR,ASW,CE,Combined TRACON& Tower with Radar,58,76,72,30,236,0,2,66,6,74,58,78,138,36,310,16,60,76,386
07/25/2012,LIT,AR,ASW,CE,Combined TRACON& Tower with Radar,54,80,73,16,223,0,2,62,4,68,54,82,135,20,291,0,0,0,291
07/26/2012,LIT,AR,ASW,CE,Combined TRACON& Tower with Radar,51,87,74,20,232,0,1,75,4,80,51,88,149,24,312,16,0,16,328
07/27/2012,LIT,AR,ASW,CE,Combined TRACON& Tower with Radar,57,85,73,33,248,0,7,57,3,67,57,92,130,36,315,24,8,32,347
07/28/2012,LIT,AR,ASW,CE,Combined TRACON& Tower with Radar,46,56,39,11,152,0,4,41,1,46,46,60,80,12,198,0,0,0,198
07/29/2012,LIT,AR,ASW,CE,Combined TRACON& Tower with Radar,44,71,50,6,171,0,0,42,1,43,44,71,92,7,214,10,0,10,224
07/30/2012,LIT,AR,ASW,CE,Combined TRACON& Tower with Radar,56,86,61,8,211,0,6,41,0,47,56,92,102,8,258,0,82,82,340
07/31/2012,LIT,AR,ASW,CE,Combined TRACON& Tower with Radar,55,84,74,16,229,0,5,76,3,84,55,89,150,19,313,6,80,86,399
08/01/2012,LIT,AR,ASW,CE,Combined TRACON& Tower with Radar,55,86,78,24,243,0,3,55,8,66,55,89,133,32,309,14,162,176,485
08/02/2012,LIT,AR,ASW,CE,Combined TRACON& Tower with Radar,54,72,61,14,201,0,2,29,1,32,54,74,90,15,233,2,40,42,275
08/03/2012,LIT,AR,ASW,CE,Combined TRACON& Tower with Radar,58,73,56,53,240,0,2,31,0,33,58,75,87,53,273,2,0,2,275
08/04/2012,LIT,AR,ASW,CE,Combined TRACON& Tower with Radar,48,56,28,39,171,0,3,25,3,31,48,59,53,42,202,0,0,0,202
08/05/2012,LIT,AR,ASW,CE,Combined TRACON& Tower with Radar,48,70,36,25,179,0,3,37,0,40,48,73,73,25,219,0,14,14,233
08/06/2012,LIT,AR,ASW,CE,Combined TRACON& Tower with Radar,54,81,51,15,201,0,7,54,0,61,54,88,105,15,262,6,14,20,282
08/07/2012,LIT,AR,ASW,CE,Combined TRACON& Tower with Radar,56,83,96,36,271,0,3,74,5,82,56,86,170,41,353,50,62,112,465
08/08/2012,LIT,AR,ASW,CE,Combined TRACON& Tower with Radar,55,90,74,15,234,0,3,66,5,74,55,93,140,20,308,0,0,0,308
08/09/2012,LIT,AR,ASW,CE,Combined TRACON& Tower with Radar,51,84,87,57,279,0,1,63,1,65,51,85,150,58,344,0,62,62,406
08/10/2012,LIT,AR,ASW,CE,Combined TRACON& Tower with Radar,56,77,55,82,270,0,2,82,3,87,56,79,137,85,357,8,14,22,379
08/11/2012,LIT,AR,ASW,CE,Combined TRACON& Tower with Radar,48,59,21,2,130,0,2,33,2,37,48,61,54,4,167,0,0,0,167
08/12/2012,LIT,AR,ASW,CE,Combined TRACON& Tower with Radar,48,61,32,2,143,0,3,38,0,41,48,64,70,2,184,0,0,0,184
08/13/2012,LIT,AR,ASW,CE,Combined TRACON& Tower with Radar,51,77,57,26,211,0,2,50,1,53,51,79,107,27,264,26,16,42,306
08/14/2012,LIT,AR,ASW,CE,Combined TRACON& Tower with Radar,60,80,71,63,274,0,2,69,10,81,60,82,140,73,355,4,116,120,475
08/15/2012,LIT,AR,ASW,CE,Combined TRACON& Tower with Radar,55,75,89,16,235,0,1,52,4,57,55,76,141,20,292,2,0,2,294
08/16/2012,LIT,AR,ASW,CE,Combined TRACON& Tower with Radar,50,76,68,3,197,0,3,40,2,45,50,79,108,5,242,0,0,0,242
08/17/2012,LIT,AR,ASW,CE,Combined TRACON& Tower with Radar,52,88,56,55,251,0,4,27,6,37,52,92,83,61,288,0,0,0,288
08/18/2012,LIT,AR,ASW,CE,Combined TRACON& Tower with Radar,47,52,28,0,127,0,4,24,2,30,47,56,52,2,157,14,0,14,171
08/19/2012,LIT,AR,ASW,CE,Combined TRACON& Tower with Radar,44,62,44,9,159,0,2,37,1,40,44,64,81,10,199,0,0,0,199
08/20/2012,LIT,AR,ASW,CE,Combined TRACON& Tower with Radar,54,77,86,72,289,0,2,58,37,97,54,79,144,109,386,0,112,112,498
08/21/2012,LIT,AR,ASW,CE,Combined TRACON& Tower with Radar,58,73,88,74,293,0,7,95,4,106,58,80,183,78,399,12,292,304,703
08/22/2012,LIT,AR,ASW,CE,Combined TRACON& Tower with Radar,61,71,81,56,269,0,1,81,7,89,61,72,162,63,358,26,32,58,416
08/23/2012,LIT,AR,ASW,CE,Combined TRACON& Tower with Radar,57,75,87,67,286,0,4,75,0,79,57,79,162,67,365,0,46,46,411
08/24/2012,LIT,AR,ASW,CE,Combined TRACON& Tower with Radar,56,67,66,31,220,0,2,57,2,61,56,69,123,33,281,22,0,22,303
08/25/2012,LIT,AR,ASW,CE,Combined TRACON& Tower with Radar,45,55,40,27,167,0,4,9,2,15,45,59,49,29,182,0,0,0,182
08/26/2012,LIT,AR,ASW,CE,Combined TRACON& Tower with Radar,43,59,48,10,160,0,3,30,1,34,43,62,78,11,194,14,4,18,212
08/27/2012,LIT,AR,ASW,CE,Combined TRACON& Tower with Radar,51,67,53,7,178,0,3,58,0,61,51,70,111,7,239,64,0,64,303
08/28/2012,LIT,AR,ASW,CE,Combined TRACON& Tower with Radar,54,72,71,59,256,0,3,62,4,69,54,75,133,63,325,24,94,118,443
08/29/2012,LIT,AR,ASW,CE,Combined TRACON& Tower with Radar,54,81,74,28,237,0,1,53,3,57,54,82,127,31,294,32,4,36,330
08/30/2012,LIT,AR,ASW,CE,Combined TRACON& Tower with Radar,54,80,43,2,179,0,1,13,0,14,54,81,56,2,193,0,0,0,193
08/31/2012,LIT,AR,ASW,CE,Combined TRACON& Tower with Radar,53,65,36,0,154,0,1,4,0,5,53,66,40,0,159,0,0,0,159
09/01/2012,LIT,AR,ASW,CE,Combined TRACON& Tower with Radar,40,43,32,1,116,0,4,18,0,22,40,47,50,1,138,0,0,0,138
09/02/2012,LIT,AR,ASW,CE,Combined TRACON& Tower with Radar,37,32,23,1,93,0,3,31,0,34,37,35,54,1,127,28,0,28,155
09/03/2012,LIT,AR,ASW,CE,Combined TRACON& Tower with Radar,52,73,36,0,161,0,4,41,2,47,52,77,77,2,208,0,0,0,208
09/04/2012,LIT,AR,ASW,CE,Combined TRACON& Tower with Radar,55,87,80,62,284,0,1,60,3,64,55,88,140,65,348,12,62,74,422
09/05/2012,LIT,AR,ASW,CE,Combined TRACON& Tower with Radar,58,70,73,37,238,0,0,91,8,99,58,70,164,45,337,10,42,52,389
09/06/2012,LIT,AR,ASW,CE,Combined TRACON& Tower with Radar,60,63,82,14,219,0,3,64,0,67,60,66,146,14,286,8,14,22,308
09/07/2012,LIT,AR,ASW,CE,Combined TRACON& Tower with Radar,61,86,63,12,222,0,4,38,3,45,61,90,101,15,267,4,2,6,273
09/08/2012,LIT,AR,ASW,CE,Combined TRACON& Tower with Radar,46,38,42,14,140,0,4,21,6,31,46,42,63,20,171,0,0,0,171
09/09/2012,LIT,AR,ASW,CE,Combined TRACON& Tower with Radar,45,56,51,15,167,0,3,39,2,44,45,59,90,17,211,0,0,0,211
09/10/2012,LIT,AR,ASW,CE,Combined TRACON& Tower with Radar,55,78,66,10,209,0,3,71,0,74,55,81,137,10,283,0,20,20,303
09/11/2012,LIT,AR,ASW,CE,Combined TRACON& Tower with Radar,57,73,88,9,227,0,1,72,6,79,57,74,160,15,306,10,6,16,322
09/12/2012,LIT,AR,ASW,CE,Combined TRACON& Tower with Radar,60,86,77,35,258,0,1,85,4,90,60,87,162,39,348,54,48,102,450
09/13/2012,LIT,AR,ASW,CE,Combined TRACON& Tower with Radar,60,77,101,24,262,0,2,58,2,62,60,79,159,26,324,48,24,72,396
09/14/2012,LIT,AR,ASW,CE,Combined TRACON& Tower with Radar,70,77,81,17,245,0,1,41,5,47,70,78,122,22,292,10,48,58,350
09/15/2012,LIT,AR,ASW,CE,Combined TRACON& Tower with Radar,45,34,47,1,127,0,0,1,0,1,45,34,48,1,128,0,0,0,128
09/16/2012,LIT,AR,ASW,CE,Combined TRACON& Tower with Radar,48,59,46,6,159,0,0,4,0,4,48,59,50,6,163,0,0,0,163
09/17/2012,LIT,AR,ASW,CE,Combined TRACON& Tower with Radar,57,81,63,45,246,0,0,8,0,8,57,81,71,45,254,20,0,20,274
09/18/2012,LIT,AR,ASW,CE,Combined TRACON& Tower with Radar,58,74,78,48,258,0,2,52,7,61,58,76,130,55,319,8,42,50,369
09/19/2012,LIT,AR,ASW,CE,Combined TRACON& Tower with Radar,59,80,80,37,256,0,2,101,0,103,59,82,181,37,359,64,132,196,555
09/20/2012,LIT,AR,ASW,CE,Combined TRACON& Tower with Radar,58,74,87,11,230,0,3,89,5,97,58,77,176,16,327,48,32,80,407
09/21/2012,LIT,AR,ASW,CE,Combined TRACON& Tower with Radar,56,81,91,11,239,0,2,67,1,70,56,83,158,12,309,42,4,46,355
09/22/2012,LIT,AR,ASW,CE,Combined TRACON& Tower with Radar,46,40,52,1,139,0,9,104,0,113,46,49,156,1,252,26,10,36,288
09/23/2012,LIT,AR,ASW,CE,Combined TRACON& Tower with Radar,46,60,57,3,166,0,6,87,0,93,46,66,144,3,259,0,0,0,259
09/24/2012,LIT,AR,ASW,CE,Combined TRACON& Tower with Radar,57,68,62,24,211,0,3,67,0,70,57,71,129,24,281,18,16,34,315
09/25/2012,LIT,AR,ASW,CE,Combined TRACON& Tower with Radar,59,75,66,5,205,0,5,60,3,68,59,80,126,8,273,26,20,46,319
09/26/2012,LIT,AR,ASW,CE,Combined TRACON& Tower with Radar,60,62,60,51,233,0,3,65,3,71,60,65,125,54,304,10,66,76,380
09/27/2012,LIT,AR,ASW,CE,Combined TRACON& Tower with Radar,58,68,89,40,255,0,1,72,7,80,58,69,161,47,335,76,62,138,473
09/28/2012,LIT,AR,ASW,CE,Combined TRACON& Tower with Radar,58,82,92,5,237,0,6,60,1,67,58,88,152,6,304,16,0,16,320
09/29/2012,LIT,AR,ASW,CE,Combined TRACON& Tower with Radar,46,53,44,0,143,0,2,17,0,19,46,55,61,0,162,6,0,6,168
09/30/2012,LIT,AR,ASW,CE,Combined TRACON& Tower with Radar,51,62,37,9,159,0,4,21,4,29,51,66,58,13,188,2,0,2,190
10/01/2012,LIT,AR,ASW,CE,Combined TRACON& Tower with Radar,60,64,69,14,207,0,3,36,8,47,60,67,105,22,254,22,0,22,276
10/02/2012,LIT,AR,ASW,CE,Combined TRACON& Tower with Radar,60,63,92,27,242,0,1,80,2,83,60,64,172,29,325,44,26,70,395
10/03/2012,LIT,AR,ASW,CE,Combined TRACON& Tower with Radar,60,72,112,23,267,0,3,84,6,93,60,75,196,29,360,76,2,78,438
10/04/2012,LIT,AR,ASW,CE,Combined TRACON& Tower with Radar,65,77,85,10,237,0,1,78,6,85,65,78,163,16,322,8,18,26,348
10/05/2012,LIT,AR,ASW,CE,Combined TRACON& Tower with Radar,59,92,87,22,260,0,1,27,3,31,59,93,114,25,291,32,0,32,323
10/06/2012,LIT,AR,ASW,CE,Combined TRACON& Tower with Radar,47,42,43,4,136,0,1,11,0,12,47,43,54,4,148,0,0,0,148
10/07/2012,LIT,AR,ASW,CE,Combined TRACON& Tower with Radar,57,57,49,12,175,0,2,47,1,50,57,59,96,13,225,0,0,0,225
10/08/2012,LIT,AR,ASW,CE,Combined TRACON& Tower with Radar,59,76,59,1,195,0,1,59,1,61,59,77,118,2,256,56,0,56,312
10/09/2012,LIT,AR,ASW,CE,Combined TRACON& Tower with Radar,61,88,86,23,258,0,7,74,3,84,61,95,160,26,342,2,0,2,344
10/10/2012,LIT,AR,ASW,CE,Combined TRACON& Tower with Radar,64,88,77,42,271,0,4,51,9,64,64,92,128,51,335,10,58,68,403
10/11/2012,LIT,AR,ASW,CE,Combined TRACON& Tower with Radar,60,76,104,31,271,0,6,57,0,63,60,82,161,31,334,32,0,32,366
10/12/2012,LIT,AR,ASW,CE,Combined TRACON& Tower with Radar,56,77,90,10,233,0,1,30,1,32,56,78,120,11,265,2,10,12,277
10/13/2012,LIT,AR,ASW,CE,Combined TRACON& Tower with Radar,48,41,58,6,153,0,2,14,0,16,48,43,72,6,169,0,0,0,169
10/14/2012,LIT,AR,ASW,CE,Combined TRACON& Tower with Radar,55,63,41,11,170,0,3,27,2,32,55,66,68,13,202,0,0,0,202
10/15/2012,LIT,AR,ASW,CE,Combined TRACON& Tower with Radar,58,70,68,26,222,0,1,79,3,83,58,71,147,29,305,22,0,22,327
10/16/2012,LIT,AR,ASW,CE,Combined TRACON& Tower with Radar,58,76,85,36,255,0,2,61,3,66,58,78,146,39,321,20,10,30,351
10/17/2012,LIT,AR,ASW,CE,Combined TRACON& Tower with Radar,62,61,84,21,228,0,1,4,1,6,62,62,88,22,234,14,70,84,318
10/18/2012,LIT,AR,ASW,CE,Combined TRACON& Tower with Radar,60,78,81,22,241,0,2,54,2,58,60,80,135,24,299,0,26,26,325
10/19/2012,LIT,AR,ASW,CE,Combined TRACON& Tower with Radar,60,72,99,75,306,0,4,74,1,79,60,76,173,76,385,0,30,30,415
10/20/2012,LIT,AR,ASW,CE,Combined TRACON& Tower with Radar,55,43,35,4,137,0,3,65,0,68,55,46,100,4,205,4,0,4,209
10/21/2012,LIT,AR,ASW,CE,Combined TRACON& Tower with Radar,55,68,49,24,196,0,1,35,0,36,55,69,84,24,232,40,0,40,272
10/22/2012,LIT,AR,ASW,CE,Combined TRACON& Tower with Radar,60,72,82,12,226,0,0,55,0,55,60,72,137,12,281,16,46,62,343
10/23/2012,LIT,AR,ASW,CE,Combined TRACON& Tower with Radar,58,72,82,57,269,0,2,71,2,75,58,74,153,59,344,2,60,62,406
10/24/2012,LIT,AR,ASW,CE,Combined TRACON& Tower with Radar,60,72,116,56,304,0,4,77,13,94,60,76,193,69,398,18,102,120,518
10/25/2012,LIT,AR,ASW,CE,Combined TRACON& Tower with Radar,63,69,105,12,249,0,2,53,2,57,63,71,158,14,306,24,48,72,378
10/26/2012,LIT,AR,ASW,CE,Combined TRACON& Tower with Radar,60,75,97,35,267,0,2,19,0,21,60,77,116,35,288,0,0,0,288
10/27/2012,LIT,AR,ASW,CE,Combined TRACON& Tower with Radar,47,31,47,1,126,0,5,52,1,58,47,36,99,2,184,8,0,8,192
10/28/2012,LIT,AR,ASW,CE,Combined TRACON& Tower with Radar,59,55,60,4,178,0,0,57,0,57,59,55,117,4,235,0,0,0,235
10/29/2012,LIT,AR,ASW,CE,Combined TRACON& Tower with Radar,52,72,67,5,196,0,2,65,0,67,52,74,132,5,263,0,0,0,263
10/30/2012,LIT,AR,ASW,CE,Combined TRACON& Tower with Radar,52,72,76,42,242,0,7,75,8,90,52,79,151,50,332,6,6,12,344
10/31/2012,LIT,AR,ASW,CE,Combined TRACON& Tower with Radar,54,56,75,46,231,0,0,59,6,65,54,56,134,52,296,2,60,62,358
11/01/2012,LIT,AR,ASW,CE,Combined TRACON& Tower with Radar,60,69,90,22,241,0,3,77,6,86,60,72,167,28,327,0,66,66,393
11/02/2012,LIT,AR,ASW,CE,Combined TRACON& Tower with Radar,62,76,81,59,278,0,2,75,1,78,62,78,156,60,356,14,86,100,456
11/03/2012,LIT,AR,ASW,CE,Combined TRACON& Tower with Radar,49,38,48,6,141,0,6,38,1,45,49,44,86,7,186,0,0,0,186
11/04/2012,LIT,AR,ASW,CE,Combined TRACON& Tower with Radar,51,76,49,9,185,0,5,39,1,45,51,81,88,10,230,98,0,98,328
11/05/2012,LIT,AR,ASW,CE,Combined TRACON& Tower with Radar,60,70,63,18,211,0,5,20,0,25,60,75,83,18,236,0,0,0,236
11/06/2012,LIT,AR,ASW,CE,Combined TRACON& Tower with Radar,54,65,86,41,246,0,2,47,2,51,54,67,133,43,297,24,98,122,419
11/07/2012,LIT,AR,ASW,CE,Combined TRACON& Tower with Radar,56,61,90,57,264,0,0,72,1,73,56,61,162,58,337,28,38,66,403
11/08/2012,LIT,AR,ASW,CE,Combined TRACON& Tower with Radar,58,71,85,7,221,0,7,74,6,87,58,78,159,13,308,28,14,42,350
11/09/2012,LIT,AR,ASW,CE,Combined TRACON& Tower with Radar,59,70,98,15,242,0,5,47,2,54,59,75,145,17,296,26,0,26,322
11/10/2012,LIT,AR,ASW,CE,Combined TRACON& Tower with Radar,48,48,35,0,131,0,3,40,0,43,48,51,75,0,174,16,0,16,190
11/11/2012,LIT,AR,ASW,CE,Combined TRACON& Tower with Radar,51,61,39,3,154,0,2,4,0,6,51,63,43,3,160,0,0,0,160
11/12/2012,LIT,AR,ASW,CE,Combined TRACON& Tower with Radar,54,82,65,3,204,0,5,56,4,65,54,87,121,7,269,14,0,14,283
11/13/2012,LIT,AR,ASW,CE,Combined TRACON& Tower with Radar,55,68,65,44,232,0,2,82,4,88,55,70,147,48,320,32,36,68,388
11/14/2012,LIT,AR,ASW,CE,Combined TRACON& Tower with Radar,68,88,103,20,279,0,4,50,3,57,68,92,153,23,336,26,0,26,362
11/15/2012,LIT,AR,ASW,CE,Combined TRACON& Tower with Radar,58,80,95,17,250,0,6,78,5,89,58,86,173,22,339,34,0,34,373
11/16/2012,LIT,AR,ASW,CE,Combined TRACON& Tower with Radar,60,73,95,69,297,0,4,84,5,93,60,77,179,74,390,52,40,92,482
11/17/2012,LIT,AR,ASW,CE,Combined TRACON& Tower with Radar,47,43,48,3,141,0,2,60,4,66,47,45,108,7,207,0,0,0,207
11/18/2012,LIT,AR,ASW,CE,Combined TRACON& Tower with Radar,49,58,53,8,168,0,1,51,0,52,49,59,104,8,220,0,0,0,220
11/19/2012,LIT,AR,ASW,CE,Combined TRACON& Tower with Radar,56,66,75,23,220,0,1,69,3,73,56,67,144,26,293,20,0,20,313
11/20/2012,LIT,AR,ASW,CE,Combined TRACON& Tower with Radar,60,75,65,26,226,0,2,58,3,63,60,77,123,29,289,12,73,85,374
11/21/2012,LIT,AR,ASW,CE,Combined TRACON& Tower with Radar,62,63,68,13,206,0,3,75,0,78,62,66,143,13,284,10,0,10,294
11/22/2012,LIT,AR,ASW,CE,Combined TRACON& Tower with Radar,34,24,19,0,77,0,1,31,0,32,34,25,50,0,109,0,0,0,109
11/23/2012,LIT,AR,ASW,CE,Combined TRACON& Tower with Radar,53,51,43,0,147,0,4,55,0,59,53,55,98,0,206,18,0,18,224
11/24/2012,LIT,AR,ASW,CE,Combined TRACON& Tower with Radar,49,54,36,0,139,0,4,39,0,43,49,58,75,0,182,0,0,0,182
11/25/2012,LIT,AR,ASW,CE,Combined TRACON& Tower with Radar,55,59,50,2,166,0,2,33,0,35,55,61,83,2,201,0,0,0,201
11/26/2012,LIT,AR,ASW,CE,Combined TRACON& Tower with Radar,58,69,63,15,205,0,1,2,0,3,58,70,65,15,208,0,0,0,208
11/27/2012,LIT,AR,ASW,CE,Combined TRACON& Tower with Radar,56,74,81,48,259,0,3,79,3,85,56,77,160,51,344,10,12,22,366
11/28/2012,LIT,AR,ASW,CE,Combined TRACON& Tower with Radar,57,67,86,34,244,0,2,86,10,98,57,69,172,44,342,20,6,26,368
11/29/2012,LIT,AR,ASW,CE,Combined TRACON& Tower with Radar,57,66,80,41,244,0,3,83,9,95,57,69,163,50,339,2,106,108,447
11/30/2012,LIT,AR,ASW,CE,Combined TRACON& Tower with Radar,62,69,84,22,237,0,2,63,4,69,62,71,147,26,306,0,22,22,328
12/01/2012,LIT,AR,ASW,CE,Combined TRACON& Tower with Radar,45,42,33,23,143,0,2,33,0,35,45,44,66,23,178,0,0,0,178
12/02/2012,LIT,AR,ASW,CE,Combined TRACON& Tower with Radar,53,49,46,6,154,0,0,12,1,13,53,49,58,7,167,2,0,2,169
12/03/2012,LIT,AR,ASW,CE,Combined TRACON& Tower with Radar,51,64,72,22,209,0,3,24,0,27,51,67,96,22,236,12,0,12,248
12/04/2012,LIT,AR,ASW,CE,Combined TRACON& Tower with Radar,56,60,75,13,204,0,3,1,1,5,56,63,76,14,209,0,0,0,209
12/05/2012,LIT,AR,ASW,CE,Combined TRACON& Tower with Radar,59,71,94,76,300,0,1,52,6,59,59,72,146,82,359,18,102,120,479
12/06/2012,LIT,AR,ASW,CE,Combined TRACON& Tower with Radar,53,62,110,36,261,0,3,27,0,30,53,65,137,36,291,0,42,42,333
12/07/2012,LIT,AR,ASW,CE,Combined TRACON& Tower with Radar,56,77,69,12,214,0,2,13,0,15,56,79,82,12,229,0,0,0,229
12/08/2012,LIT,AR,ASW,CE,Combined TRACON& Tower with Radar,45,47,43,9,144,0,2,7,0,9,45,49,50,9,153,0,0,0,153
12/09/2012,LIT,AR,ASW,CE,Combined TRACON& Tower with Radar,46,54,31,0,131,0,5,4,0,9,46,59,35,0,140,0,0,0,140
12/10/2012,LIT,AR,ASW,CE,Combined TRACON& Tower with Radar,51,65,57,16,189,0,3,36,6,45,51,68,93,22,234,8,6,14,248
12/11/2012,LIT,AR,ASW,CE,Combined TRACON& Tower with Radar,55,65,87,56,263,0,6,76,4,86,55,71,163,60,349,12,16,28,377
12/12/2012,LIT,AR,ASW,CE,Combined TRACON& Tower with Radar,56,61,68,55,240,0,3,76,0,79,56,64,144,55,319,12,72,84,403
12/13/2012,LIT,AR,ASW,CE,Combined TRACON& Tower with Radar,56,60,97,43,256,0,3,71,7,81,56,63,168,50,337,0,86,86,423
12/14/2012,LIT,AR,ASW,CE,Combined TRACON& Tower with Radar,58,69,63,30,220,0,1,53,11,65,58,70,116,41,285,0,46,46,331
12/15/2012,LIT,AR,ASW,CE,Combined TRACON& Tower with Radar,35,53,55,18,161,0,3,18,7,28,35,56,73,25,189,0,26,26,215
12/16/2012,LIT,AR,ASW,CE,Combined TRACON& Tower with Radar,49,60,50,19,178,0,2,33,0,35,49,62,83,19,213,0,0,0,213
12/17/2012,LIT,AR,ASW,CE,Combined TRACON& Tower with Radar,54,87,84,39,264,0,2,48,36,86,54,89,132,75,350,6,48,54,404
12/18/2012,LIT,AR,ASW,CE,Combined TRACON& Tower with Radar,54,89,93,48,284,0,5,66,5,76,54,94,159,53,360,8,84,92,452
12/19/2012,LIT,AR,ASW,CE,Combined TRACON& Tower with Radar,57,89,105,7,258,0,5,22,1,28,57,94,127,8,286,2,26,28,314
12/20/2012,LIT,AR,ASW,CE,Combined TRACON& Tower with Radar,54,73,45,3,175,0,7,8,3,18,54,80,53,6,193,16,0,16,209
12/21/2012,LIT,AR,ASW,CE,Combined TRACON& Tower with Radar,53,84,75,7,219,0,6,72,3,81,53,90,147,10,300,18,14,32,332
12/22/2012,LIT,AR,ASW,CE,Combined TRACON& Tower with Radar,43,54,67,0,164,0,0,56,0,56,43,54,123,0,220,24,0,24,244
12/23/2012,LIT,AR,ASW,CE,Combined TRACON& Tower with Radar,43,54,31,0,128,0,2,28,0,30,43,56,59,0,158,0,0,0,158
12/24/2012,LIT,AR,ASW,CE,Combined TRACON& Tower with Radar,41,48,16,0,105,0,6,23,0,29,41,54,39,0,134,0,0,0,134
12/25/2012,LIT,AR,ASW,CE,Combined TRACON& Tower with Radar,29,17,5,0,51,0,2,1,0,3,29,19,6,0,54,0,0,0,54
12/26/2012,LIT,AR,ASW,CE,Combined TRACON& Tower with Radar,50,58,45,0,153,0,5,12,1,18,50,63,57,1,171,0,0,0,171
12/27/2012,LIT,AR,ASW,CE,Combined TRACON& Tower with Radar,50,64,57,0,171,0,0,2,0,2,50,64,59,0,173,0,0,0,173
12/28/2012,LIT,AR,ASW,CE,Combined TRACON& Tower with Radar,51,66,40,4,161,0,0,0,0,0,51,66,40,4,161,0,0,0,161
12/29/2012,LIT,AR,ASW,CE,Combined TRACON& Tower with Radar,35,56,40,0,131,0,3,21,0,24,35,59,61,0,155,0,0,0,155
12/30/2012,LIT,AR,ASW,CE,Combined TRACON& Tower with Radar,43,54,35,0,132,0,2,34,1,37,43,56,69,1,169,62,0,62,231
12/31/2012,LIT,AR,ASW,CE,Combined TRACON& Tower with Radar,39,57,26,5,127,0,1,6,5,12,39,58,32,10,139,0,0,0,139
01/01/2013,LIT,AR,ASW,CE,Combined TRACON& Tower with Radar,37,49,29,0,115,0,0,0,0,0,37,49,29,0,115,8,0,8,123
01/02/2013,LIT,AR,ASW,CE,Combined TRACON& Tower with Radar,57,70,67,14,208,0,1,37,0,38,57,71,104,14,246,0,12,12,258
01/03/2013,LIT,AR,ASW,CE,Combined TRACON& Tower with Radar,54,78,44,1,177,0,3,53,3,59,54,81,97,4,236,14,0,14,250
01/04/2013,LIT,AR,ASW,CE,Combined TRACON& Tower with Radar,54,83,57,16,210,0,4,46,6,56,54,87,103,22,266,6,0,6,272
01/05/2013,LIT,AR,ASW,CE,Combined TRACON& Tower with Radar,44,48,49,2,143,0,3,44,1,48,44,51,93,3,191,34,0,34,225
01/06/2013,LIT,AR,ASW,CE,Combined TRACON& Tower with Radar,48,57,52,0,157,0,3,40,1,44,48,60,92,1,201,52,0,52,253
01/07/2013,LIT,AR,ASW,CE,Combined TRACON& Tower with Radar,56,50,54,18,178,0,5,60,2,67,56,55,114,20,245,14,0,14,259
01/08/2013,LIT,AR,ASW,CE,Combined TRACON& Tower with Radar,57,69,76,38,240,0,0,52,3,55,57,69,128,41,295,22,28,50,345
01/09/2013,LIT,AR,ASW,CE,Combined TRACON& Tower with Radar,54,53,45,2,154,0,0,0,0,0,54,53,45,2,154,0,0,0,154
01/10/2013,LIT,AR,ASW,CE,Combined TRACON& Tower with Radar,59,61,57,6,183,0,2,8,40,50,59,63,65,46,233,2,0,2,235
01/11/2013,LIT,AR,ASW,CE,Combined TRACON& Tower with Radar,58,57,73,29,217,0,0,93,24,117,58,57,166,53,334,22,32,54,388
01/12/2013,LIT,AR,ASW,CE,Combined TRACON& Tower with Radar,42,37,27,5,111,0,1,6,0,7,42,38,33,5,118,0,0,0,118
01/13/2013,LIT,AR,ASW,CE,Combined TRACON& Tower with Radar,50,40,27,2,119,0,1,7,1,9,50,41,34,3,128,0,0,0,128
01/14/2013,LIT,AR,ASW,CE,Combined TRACON& Tower with Radar,58,68,39,26,191,0,0,20,3,23,58,68,59,29,214,0,40,40,254
01/15/2013,LIT,AR,ASW,CE,Combined TRACON& Tower with Radar,51,57,63,2,173,0,1,10,0,11,51,58,73,2,184,4,0,4,188
01/16/2013,LIT,AR,ASW,CE,Combined TRACON& Tower with Radar,53,78,69,65,265,0,4,56,4,64,53,82,125,69,329,10,144,154,483
01/17/2013,LIT,AR,ASW,CE,Combined TRACON& Tower with Radar,57,66,77,24,224,0,2,93,5,100,57,68,170,29,324,4,28,32,356
01/18/2013,LIT,AR,ASW,CE,Combined TRACON& Tower with Radar,56,63,90,31,240,0,3,71,1,75,56,66,161,32,315,12,20,32,347
01/19/2013,LIT,AR,ASW,CE,Combined TRACON& Tower with Radar,43,38,36,3,120,0,6,65,1,72,43,44,101,4,192,50,0,50,242
01/20/2013,LIT,AR,ASW,CE,Combined TRACON& Tower with Radar,47,44,24,0,115,0,2,40,0,42,47,46,64,0,157,6,0,6,163
01/21/2013,LIT,AR,ASW,CE,Combined TRACON& Tower with Radar,54,61,72,0,187,0,1,75,0,76,54,62,147,0,263,0,0,0,263
01/22/2013,LIT,AR,ASW,CE,Combined TRACON& Tower with Radar,52,52,69,8,181,0,2,48,1,51,52,54,117,9,232,0,0,0,232
01/23/2013,LIT,AR,ASW,CE,Combined TRACON& Tower with Radar,54,59,64,90,267,0,1,64,2,67,54,60,128,92,334,0,18,18,352
01/24/2013,LIT,AR,ASW,CE,Combined TRACON& Tower with Radar,58,62,72,83,275,0,2,8,5,15,58,64,80,88,290,4,192,196,486
01/25/2013,LIT,AR,ASW,CE,Combined TRACON& Tower with Radar,59,55,57,42,213,0,2,15,2,19,59,57,72,44,232,12,72,84,316
01/26/2013,LIT,AR,ASW,CE,Combined TRACON& Tower with Radar,38,42,32,70,182,0,2,49,0,51,38,44,81,70,233,20,2,22,255
01/27/2013,LIT,AR,ASW,CE,Combined TRACON& Tower with Radar,51,37,41,35,164,0,1,8,0,9,51,38,49,35,173,2,14,16,189
01/28/2013,LIT,AR,ASW,CE,Combined TRACON& Tower with Radar,54,58,70,21,203,0,2,10,2,14,54,60,80,23,217,0,0,0,217
01/29/2013,LIT,AR,ASW,CE,Combined TRACON& Tower with Radar,55,50,49,5,159,0,3,0,0,3,55,53,49,5,162,0,0,0,162
01/30/2013,LIT,AR,ASW,CE,Combined TRACON& Tower with Radar,54,64,73,32,223,0,4,11,13,28,54,68,84,45,251,4,12,16,267
01/31/2013,LIT,AR,ASW,CE,Combined TRACON& Tower with Radar,56,73,97,27,253,0,2,75,6,83,56,75,172,33,336,18,52,70,406
02/01/2013,LIT,AR,ASW,CE,Combined TRACON& Tower with Radar,58,53,75,38,224,0,1,86,1,88,58,54,161,39,312,8,12,20,332
02/02/2013,LIT,AR,ASW,CE,Combined TRACON& Tower with Radar,38,36,49,5,128,0,5,50,1,56,38,41,99,6,184,2,0,2,186
02/03/2013,LIT,AR,ASW,CE,Combined TRACON& Tower with Radar,50,47,42,6,145,0,5,66,0,71,50,52,108,6,216,14,0,14,230
02/04/2013,LIT,AR,ASW,CE,Combined TRACON& Tower with Radar,54,59,65,19,197,0,1,14,1,16,54,60,79,20,213,10,124,134,347
02/05/2013,LIT,AR,ASW,CE,Combined TRACON& Tower with Radar,54,62,84,76,276,0,5,51,4,60,54,67,135,80,336,0,40,40,376
02/06/2013,LIT,AR,ASW,CE,Combined TRACON& Tower with Radar,52,66,98,14,230,0,4,68,3,75,52,70,166,17,305,0,12,12,317
02/07/2013,LIT,AR,ASW,CE,Combined TRACON& Tower with Radar,56,57,95,19,227,0,2,10,0,12,56,59,105,19,239,0,0,0,239
02/08/2013,LIT,AR,ASW,CE,Combined TRACON& Tower with Radar,56,71,76,37,240,0,4,106,9,119,56,75,182,46,359,8,68,76,435
02/09/2013,LIT,AR,ASW,CE,Combined TRACON& Tower with Radar,46,39,43,11,139,0,3,38,1,42,46,42,81,12,181,14,20,34,215
02/10/2013,LIT,AR,ASW,CE,Combined TRACON& Tower with Radar,49,47,37,1,134,0,1,13,0,14,49,48,50,1,148,14,0,14,162
02/11/2013,LIT,AR,ASW,CE,Combined TRACON& Tower with Radar,52,78,54,33,217,0,9,87,2,98,52,87,141,35,315,30,0,30,345
02/12/2013,LIT,AR,ASW,CE,Combined TRACON& Tower with Radar,51,62,82,42,237,0,2,15,0,17,51,64,97,42,254,0,80,80,334
02/13/2013,LIT,AR,ASW,CE,Combined TRACON& Tower with Radar,52,63,89,54,258,0,1,51,6,58,52,64,140,60,316,48,8,56,372
02/14/2013,LIT,AR,ASW,CE,Combined TRACON& Tower with Radar,56,64,90,20,230,0,3,97,1,101,56,67,187,21,331,10,68,78,409
02/15/2013,LIT,AR,ASW,CE,Combined TRACON& Tower with Radar,56,75,81,4,216,0,3,92,2,97,56,78,173,6,313,26,64,90,403
02/16/2013,LIT,AR,ASW,CE,Combined TRACON& Tower with Radar,41,54,51,2,148,0,6,64,2,72,41,60,115,4,220,32,0,32,252
02/17/2013,LIT,AR,ASW,CE,Combined TRACON& Tower with Radar,47,55,47,4,153,0,8,78,1,87,47,63,125,5,240,0,0,0,240
02/18/2013,LIT,AR,ASW,CE,Combined TRACON& Tower with Radar,57,62,58,0,177,0,3,12,0,15,57,65,70,0,192,0,0,0,192
02/19/2013,LIT,AR,ASW,CE,Combined TRACON& Tower with Radar,56,73,79,33,241,0,4,69,7,80,56,77,148,40,321,28,28,56,377
02/20/2013,LIT,AR,ASW,CE,Combined TRACON& Tower with Radar,52,57,60,16,185,0,3,1,0,4,52,60,61,16,189,0,20,20,209
02/21/2013,LIT,AR,ASW,CE,Combined TRACON& Tower with Radar,52,52,37,0,141,0,0,0,0,0,52,52,37,0,141,0,0,0,141
02/22/2013,LIT,AR,ASW,CE,Combined TRACON& Tower with Radar,53,66,82,41,242,0,7,45,6,58,53,73,127,47,300,0,38,38,338
02/23/2013,LIT,AR,ASW,CE,Combined TRACON& Tower with Radar,41,50,33,4,128,0,7,80,2,89,41,57,113,6,217,8,0,8,225
02/24/2013,LIT,AR,ASW,CE,Combined TRACON& Tower with Radar,44,59,63,0,166,0,5,67,2,74,44,64,130,2,240,90,0,90,330
02/25/2013,LIT,AR,ASW,CE,Combined TRACON& Tower with Radar,53,54,35,4,146,0,2,4,0,6,53,56,39,4,152,0,0,0,152
02/26/2013,LIT,AR,ASW,CE,Combined TRACON& Tower with Radar,54,60,50,19,183,0,5,11,0,16,54,65,61,19,199,18,96,114,313
02/27/2013,LIT,AR,ASW,CE,Combined TRACON& Tower with Radar,55,64,80,7,206,0,2,35,6,43,55,66,115,13,249,0,0,0,249
02/28/2013,LIT,AR,ASW,CE,Combined TRACON& Tower with Radar,58,58,64,16,196,0,3,103,6,112,58,61,167,22,308,0,0,0,308
03/01/2013,LIT,AR,ASW,CE,Combined TRACON& Tower with Radar,60,60,67,16,203,0,1,50,2,53,60,61,117,18,256,14,6,20,276
03/02/2013,LIT,AR,ASW,CE,Combined TRACON& Tower with Radar,44,36,64,4,148,0,0,43,0,43,44,36,107,4,191,40,0,40,231
03/03/2013,LIT,AR,ASW,CE,Combined TRACON& Tower with Radar,52,45,33,5,135,0,4,59,2,65,52,49,92,7,200,56,28,84,284
03/04/2013,LIT,AR,ASW,CE,Combined TRACON& Tower with Radar,55,58,46,26,185,0,3,48,4,55,55,61,94,30,240,22,28,50,290
03/05/2013,LIT,AR,ASW,CE,Combined TRACON& Tower with Radar,56,58,78,21,213,0,8,27,8,43,56,66,105,29,256,18,0,18,274
03/06/2013,LIT,AR,ASW,CE,Combined TRACON& Tower with Radar,55,56,69,27,207,0,5,104,5,114,55,61,173,32,321,0,32,32,353
03/07/2013,LIT,AR,ASW,CE,Combined TRACON& Tower with Radar,58,68,84,25,235,0,7,91,3,101,58,75,175,28,336,8,66,74,410
03/08/2013,LIT,AR,ASW,CE,Combined TRACON& Tower with Radar,60,65,107,8,240,0,5,79,5,89,60,70,186,13,329,4,0,4,333
03/09/2013,LIT,AR,ASW,CE,Combined TRACON& Tower with Radar,47,42,47,10,146,0,4,52,2,58,47,46,99,12,204,80,28,108,312
03/10/2013,LIT,AR,ASW,CE,Combined TRACON& Tower with Radar,55,51,27,0,133,0,1,5,0,6,55,52,32,0,139,0,0,0,139
03/11/2013,LIT,AR,ASW,CE,Combined TRACON& Tower with Radar,54,76,64,20,214,0,0,48,0,48,54,76,112,20,262,34,16,50,312
03/12/2013,LIT,AR,ASW,CE,Combined TRACON& Tower with Radar,64,67,75,33,239,0,1,95,7,103,64,68,170,40,342,20,44,64,406
03/13/2013,LIT,AR,ASW,CE,Combined TRACON& Tower with Radar,60,65,89,49,263,0,0,91,3,94,60,65,180,52,357,10,106,116,473
03/14/2013,LIT,AR,ASW,CE,Combined TRACON& Tower with Radar,62,63,70,23,218,0,2,76,0,78,62,65,146,23,296,0,38,38,334
03/15/2013,LIT,AR,ASW,CE,Combined TRACON& Tower with Radar,60,60,73,37,230,0,5,73,2,80,60,65,146,39,310,6,2,8,318
03/16/2013,LIT,AR,ASW,CE,Combined TRACON& Tower with Radar,46,44,42,11,143,0,4,46,3,53,46,48,88,14,196,0,0,0,196
03/17/2013,LIT,AR,ASW,CE,Combined TRACON& Tower with Radar,54,66,44,6,170,0,1,4,0,5,54,67,48,6,175,0,0,0,175
03/18/2013,LIT,AR,ASW,CE,Combined TRACON& Tower with Radar,56,49,30,23,158,0,1,7,0,8,56,50,37,23,166,0,18,18,184
03/19/2013,LIT,AR,ASW,CE,Combined TRACON& Tower with Radar,60,59,65,16,200,0,3,87,1,91,60,62,152,17,291,4,4,8,299
03/20/2013,LIT,AR,ASW,CE,Combined TRACON& Tower with Radar,56,56,64,6,182,0,3,66,2,71,56,59,130,8,253,12,0,12,265
03/21/2013,LIT,AR,ASW,CE,Combined TRACON& Tower with Radar,58,56,45,11,170,0,2,36,1,39,58,58,81,12,209,16,16,32,241
03/22/2013,LIT,AR,ASW,CE,Combined TRACON& Tower with Radar,59,61,52,2,174,0,0,1,0,1,59,61,53,2,175,0,0,0,175
03/23/2013,LIT,AR,ASW,CE,Combined TRACON& Tower with Radar,47,46,39,0,132,0,0,0,1,1,47,46,39,1,133,0,0,0,133
03/24/2013,LIT,AR,ASW,CE,Combined TRACON& Tower with Radar,52,52,46,0,150,0,0,7,5,12,52,52,53,5,162,0,0,0,162
03/25/2013,LIT,AR,ASW,CE,Combined TRACON& Tower with Radar,60,63,63,9,195,0,3,19,1,23,60,66,82,10,218,6,0,6,224
03/26/2013,LIT,AR,ASW,CE,Combined TRACON& Tower with Radar,60,53,82,10,205,0,1,67,0,68,60,54,149,10,273,4,0,4,277
03/27/2013,LIT,AR,ASW,CE,Combined TRACON& Tower with Radar,58,60,92,6,216,0,2,126,2,130,58,62,218,8,346,42,0,42,388
03/28/2013,LIT,AR,ASW,CE,Combined TRACON& Tower with Radar,61,60,66,1,188,0,1,79,0,80,61,61,145,1,268,16,0,16,284
03/29/2013,LIT,AR,ASW,CE,Combined TRACON& Tower with Radar,60,57,48,0,165,0,1,2,0,3,60,58,50,0,168,0,0,0,168
03/30/2013,LIT,AR,ASW,CE,Combined TRACON& Tower with Radar,46,47,27,0,120,0,0,1,0,1,46,47,28,0,121,0,0,0,121
03/31/2013,LIT,AR,ASW,CE,Combined TRACON& Tower with Radar,51,53,25,0,129,0,1,16,0,17,51,54,41,0,146,0,0,0,146
04/01/2013,LIT,AR,ASW,CE,Combined TRACON& Tower with Radar,58,62,44,33,197,0,1,70,1,72,58,63,114,34,269,50,36,86,355
04/02/2013,LIT,AR,ASW,CE,Combined TRACON& Tower with Radar,64,74,49,20,207,0,2,36,2,40,64,76,85,22,247,6,28,34,281
04/03/2013,LIT,AR,ASW,CE,Combined TRACON& Tower with Radar,58,72,62,21,213,0,3,20,7,30,58,75,82,28,243,0,30,30,273
04/04/2013,LIT,AR,ASW,CE,Combined TRACON& Tower with Radar,60,73,55,22,210,0,1,12,0,13,60,74,67,22,223,0,8,8,231
04/05/2013,LIT,AR,ASW,CE,Combined TRACON& Tower with Radar,60,75,72,50,257,0,5,84,0,89,60,80,156,50,346,18,2,20,366
04/06/2013,LIT,AR,ASW,CE,Combined TRACON& Tower with Radar,48,41,31,9,129,0,3,60,3,66,48,44,91,12,195,24,0,24,219
04/07/2013,LIT,AR,ASW,CE,Combined TRACON& Tower with Radar,51,58,49,3,161,0,4,38,2,44,51,62,87,5,205,0,0,0,205
04/08/2013,LIT,AR,ASW,CE,Combined TRACON& Tower with Radar,60,72,71,10,213,0,2,46,1,49,60,74,117,11,262,16,0,16,278
04/09/2013,LIT,AR,ASW,CE,Combined TRACON& Tower with Radar,58,57,82,4,201,0,3,19,4,26,58,60,101,8,227,28,10,38,265
04/10/2013,LIT,AR,ASW,CE,Combined TRACON& Tower with Radar,57,46,49,12,164,0,1,4,0,5,57,47,53,12,169,0,36,36,205
04/11/2013,LIT,AR,ASW,CE,Combined TRACON& Tower with Radar,63,86,77,5,231,0,7,23,0,30,63,93,100,5,261,8,0,8,269
04/12/2013,LIT,AR,ASW,CE,Combined TRACON& Tower with Radar,61,83,107,27,278,0,3,79,8,90,61,86,186,35,368,12,22,34,402
04/13/2013,LIT,AR,ASW,CE,Combined TRACON& Tower with Radar,46,41,40,2,129,0,2,59,0,61,46,43,99,2,190,0,0,0,190
04/14/2013,LIT,AR,ASW,CE,Combined TRACON& Tower with Radar,53,59,64,26,202,0,2,48,1,51,53,61,112,27,253,0,0,0,253
04/15/2013,LIT,AR,ASW,CE,Combined TRACON& Tower with Radar,58,63,76,46,243,0,2,35,1,38,58,65,111,47,281,12,64,76,357
04/16/2013,LIT,AR,ASW,CE,Combined TRACON& Tower with Radar,54,68,102,27,251,0,4,37,1,42,54,72,139,28,293,44,64,108,401
04/17/2013,LIT,AR,ASW,CE,Combined TRACON& Tower with Radar,56,48,96,39,239,0,3,33,2,38,56,51,129,41,277,28,0,28,305
04/18/2013,LIT,AR,ASW,CE,Combined TRACON& Tower with Radar,62,61,39,7,169,0,3,4,0,7,62,64,43,7,176,4,0,4,180
04/19/2013,LIT,AR,ASW,CE,Combined TRACON& Tower with Radar,60,68,83,25,236,0,2,68,2,72,60,70,151,27,308,18,20,38,346
04/20/2013,LIT,AR,ASW,CE,Combined TRACON& Tower with Radar,44,48,34,0,126,0,5,77,1,83,44,53,111,1,209,94,0,94,303
04/21/2013,LIT,AR,ASW,CE,Combined TRACON& Tower with Radar,52,53,56,7,168,0,0,48,2,50,52,53,104,9,218,0,0,0,218
04/22/2013,LIT,AR,ASW,CE,Combined TRACON& Tower with Radar,56,73,63,12,204,0,3,68,0,71,56,76,131,12,275,0,0,0,275
04/23/2013,LIT,AR,ASW,CE,Combined TRACON& Tower with Radar,58,57,74,21,210,0,0,32,4,36,58,57,106,25,246,34,4,38,284
04/24/2013,LIT,AR,ASW,CE,Combined TRACON& Tower with Radar,60,70,68,31,229,0,7,30,3,40,60,77,98,34,269,24,38,62,331
04/25/2013,LIT,AR,ASW,CE,Combined TRACON& Tower with Radar,58,69,85,44,256,0,2,74,38,114,58,71,159,82,370,0,0,0,370
04/26/2013,LIT,AR,ASW,CE,Combined TRACON& Tower with Radar,62,72,59,10,203,0,2,21,2,25,62,74,80,12,228,0,10,10,238
04/27/2013,LIT,AR,ASW,CE,Combined TRACON& Tower with Radar,45,41,33,1,120,0,0,2,1,3,45,41,35,2,123,0,0,0,123
04/28/2013,LIT,AR,ASW,CE,Combined TRACON& Tower with Radar,53,70,51,12,186,0,6,33,3,42,53,76,84,15,228,18,16,34,262
04/29/2013,LIT,AR,ASW,CE,Combined TRACON& Tower with Radar,56,74,61,35,226,0,1,54,2,57,56,75,115,37,283,20,24,44,327
04/30/2013,LIT,AR,ASW,CE,Combined TRACON& Tower with Radar,58,57,73,29,217,0,2,83,5,90,58,59,156,34,307,10,34,44,351
05/01/2013,LIT,AR,ASW,CE,Combined TRACON& Tower with Radar,59,60,85,36,240,0,0,15,7,22,59,60,100,43,262,0,82,82,344
05/02/2013,LIT,AR,ASW,CE,Combined TRACON& Tower with Radar,64,65,72,28,229,0,2,6,2,10,64,67,78,30,239,0,88,88,327
05/03/2013,LIT,AR,ASW,CE,Combined TRACON& Tower with Radar,61,83,84,4,232,0,2,11,0,13,61,85,95,4,245,8,0,8,253
05/04/2013,LIT,AR,ASW,CE,Combined TRACON& Tower with Radar,43,48,35,0,126,0,0,11,2,13,43,48,46,2,139,0,0,0,139
05/05/2013,LIT,AR,ASW,CE,Combined TRACON& Tower with Radar,51,59,44,6,160,0,1,25,4,30,51,60,69,10,190,38,0,38,228
05/06/2013,LIT,AR,ASW,CE,Combined TRACON& Tower with Radar,56,68,81,12,217,0,2,23,5,30,56,70,104,17,247,12,0,12,259
05/07/2013,LIT,AR,ASW,CE,Combined TRACON& Tower with Radar,58,68,71,18,215,0,4,47,1,52,58,72,118,19,267,22,0,22,289
05/08/2013,LIT,AR,ASW,CE,Combined TRACON& Tower with Radar,60,79,82,19,240,0,2,61,3,66,60,81,143,22,306,22,20,42,348
05/09/2013,LIT,AR,ASW,CE,Combined TRACON& Tower with Radar,56,66,67,4,193,0,6,34,2,42,56,72,101,6,235,0,8,8,243
05/10/2013,LIT,AR,ASW,CE,Combined TRACON& Tower with Radar,63,66,62,79,270,0,5,15,0,20,63,71,77,79,290,0,60,60,350
05/11/2013,LIT,AR,ASW,CE,Combined TRACON& Tower with Radar,41,48,32,6,127,0,0,44,2,46,41,48,76,8,173,6,18,24,197
05/12/2013,LIT,AR,ASW,CE,Combined TRACON& Tower with Radar,51,54,42,4,151,0,3,37,0,40,51,57,79,4,191,20,0,20,211
05/13/2013,LIT,AR,ASW,CE,Combined TRACON& Tower with Radar,58,64,42,19,183,0,0,62,1,63,58,64,104,20,246,60,38,98,344
05/14/2013,LIT,AR,ASW,CE,Combined TRACON& Tower with Radar,60,69,82,21,232,0,5,88,2,95,60,74,170,23,327,24,0,24,351
05/15/2013,LIT,AR,ASW,CE,Combined TRACON& Tower with Radar,59,76,70,12,217,0,3,59,2,64,59,79,129,14,281,14,78,92,373
05/16/2013,LIT,AR,ASW,CE,Combined TRACON& Tower with Radar,58,67,82,12,219,0,0,3,0,3,58,67,85,12,222,0,0,0,222
05/17/2013,LIT,AR,ASW,CE,Combined TRACON& Tower with Radar,63,73,70,23,229,0,7,36,4,47,63,80,106,27,276,0,38,38,314
05/18/2013,LIT,AR,ASW,CE,Combined TRACON& Tower with Radar,40,48,42,13,143,0,3,28,4,35,40,51,70,17,178,0,0,0,178
05/19/2013,LIT,AR,ASW,CE,Combined TRACON& Tower with Radar,50,60,54,6,170,0,3,35,0,38,50,63,89,6,208,26,0,26,234
05/20/2013,LIT,AR,ASW,CE,Combined TRACON& Tower with Radar,56,69,62,10,197,0,4,26,2,32,56,73,88,12,229,20,10,30,259
05/21/2013,LIT,AR,ASW,CE,Combined TRACON& Tower with Radar,52,50,43,0,145,0,1,3,0,4,52,51,46,0,149,0,0,0,149
05/22/2013,LIT,AR,ASW,CE,Combined TRACON& Tower with Radar,63,64,80,28,235,0,6,63,2,71,63,70,143,30,306,4,30,34,340
05/23/2013,LIT,AR,ASW,CE,Combined TRACON& Tower with Radar,59,74,83,52,268,0,4,58,3,65,59,78,141,55,333,6,84,90,423
05/24/2013,LIT,AR,ASW,CE,Combined TRACON& Tower with Radar,64,64,78,1,207,0,6,87,1,94,64,70,165,2,301,8,0,8,309
05/25/2013,LIT,AR,ASW,CE,Combined TRACON& Tower with Radar,43,44,29,2,118,0,0,53,0,53,43,44,82,2,171,32,0,32,203
05/26/2013,LIT,AR,ASW,CE,Combined TRACON& Tower with Radar,40,32,21,2,95,0,5,22,0,27,40,37,43,2,122,0,0,0,122
05/27/2013,LIT,AR,ASW,CE,Combined TRACON& Tower with Radar,54,59,53,0,166,0,5,42,0,47,54,64,95,0,213,6,0,6,219
05/28/2013,LIT,AR,ASW,CE,Combined TRACON& Tower with Radar,58,69,85,16,228,0,3,57,2,62,58,72,142,18,290,24,0,24,314
05/29/2013,LIT,AR,ASW,CE,Combined TRACON& Tower with Radar,72,61,78,37,248,0,2,81,6,89,72,63,159,43,337,24,0,24,361
05/30/2013,LIT,AR,ASW,CE,Combined TRACON& Tower with Radar,59,61,68,3,191,0,0,12,2,14,59,61,80,5,205,0,0,0,205
05/31/2013,LIT,AR,ASW,CE,Combined TRACON& Tower with Radar,60,74,67,8,209,0,5,33,1,39,60,79,100,9,248,48,6,54,302
06/01/2013,LIT,AR,ASW,CE,Combined TRACON& Tower with Radar,39,38,13,0,90,0,2,4,0,6,39,40,17,0,96,0,0,0,96
06/02/2013,LIT,AR,ASW,CE,Combined TRACON& Tower with Radar,44,59,54,0,157,0,6,54,0,60,44,65,108,0,217,50,0,50,267
06/03/2013,LIT,AR,ASW,CE,Combined TRACON& Tower with Radar,54,65,65,17,201,0,2,70,1,73,54,67,135,18,274,36,0,36,310
06/04/2013,LIT,AR,ASW,CE,Combined TRACON& Tower with Radar,56,74,65,30,225,0,0,97,3,100,56,74,162,33,325,12,62,74,399
06/05/2013,LIT,AR,ASW,CE,Combined TRACON& Tower with Radar,55,70,92,30,247,0,2,41,0,43,55,72,133,30,290,0,18,18,308
06/06/2013,LIT,AR,ASW,CE,Combined TRACON& Tower with Radar,57,68,85,45,255,0,3,39,1,43,57,71,124,46,298,32,48,80,378
06/07/2013,LIT,AR,ASW,CE,Combined TRACON& Tower with Radar,56,67,56,54,233,0,2,56,0,58,56,69,112,54,291,0,10,10,301
06/08/2013,LIT,AR,ASW,CE,Combined TRACON& Tower with Radar,45,56,34,10,145,0,0,71,3,74,45,56,105,13,219,10,12,22,241
06/09/2013,LIT,AR,ASW,CE,Combined TRACON& Tower with Radar,57,63,45,8,173,0,1,10,0,11,57,64,55,8,184,0,0,0,184
06/10/2013,LIT,AR,ASW,CE,Combined TRACON& Tower with Radar,54,62,83,18,217,0,1,60,8,69,54,63,143,26,286,18,0,18,304
06/11/2013,LIT,AR,ASW,CE,Combined TRACON& Tower with Radar,54,80,70,20,224,0,2,49,8,59,54,82,119,28,283,2,0,2,285
06/12/2013,LIT,AR,ASW,CE,Combined TRACON& Tower with Radar,56,60,69,24,209,0,1,59,0,60,56,61,128,24,269,30,32,62,331
06/13/2013,LIT,AR,ASW,CE,Combined TRACON& Tower with Radar,57,63,79,10,209,0,2,48,7,57,57,65,127,17,266,16,24,40,306
06/14/2013,LIT,AR,ASW,CE,Combined TRACON& Tower with Radar,60,68,66,30,224,0,2,72,5,79,60,70,138,35,303,0,22,22,325
06/15/2013,LIT,AR,ASW,CE,Combined TRACON& Tower with Radar,48,54,40,7,149,0,5,46,2,53,48,59,86,9,202,0,0,0,202
06/16/2013,LIT,AR,ASW,CE,Combined TRACON& Tower with Radar,50,64,40,2,156,0,4,15,0,19,50,68,55,2,175,22,0,22,197
06/17/2013,LIT,AR,ASW,CE,Combined TRACON& Tower with Radar,54,78,79,11,222,0,3,29,1,33,54,81,108,12,255,20,6,26,281
06/18/2013,LIT,AR,ASW,CE,Combined TRACON& Tower with Radar,57,65,72,51,245,0,2,30,1,33,57,67,102,52,278,14,150,164,442
06/19/2013,LIT,AR,ASW,CE,Combined TRACON& Tower with Radar,55,63,91,4,213,0,4,62,0,66,55,67,153,4,279,0,20,20,299
06/20/2013,LIT,AR,ASW,CE,Combined TRACON& Tower with Radar,58,68,81,8,215,0,3,65,2,70,58,71,146,10,285,0,24,24,309
06/21/2013,LIT,AR,ASW,CE,Combined TRACON& Tower with Radar,60,62,60,26,208,0,5,68,0,73,60,67,128,26,281,24,6,30,311
06/22/2013,LIT,AR,ASW,CE,Combined TRACON& Tower with Radar,46,60,30,0,136,0,2,38,1,41,46,62,68,1,177,6,0,6,183
06/23/2013,LIT,AR,ASW,CE,Combined TRACON& Tower with Radar,50,53,37,0,140,0,0,41,2,43,50,53,78,2,183,24,0,24,207
06/24/2013,LIT,AR,ASW,CE,Combined TRACON& Tower with Radar,52,62,69,36,219,0,1,64,1,66,52,63,133,37,285,6,0,6,291
06/25/2013,LIT,AR,ASW,CE,Combined TRACON& Tower with Radar,54,75,89,21,239,0,1,71,0,72,54,76,160,21,311,20,36,56,367
06/26/2013,LIT,AR,ASW,CE,Combined TRACON& Tower with Radar,54,71,72,26,223,0,1,59,6,66,54,72,131,32,289,32,56,88,377
06/27/2013,LIT,AR,ASW,CE,Combined TRACON& Tower with Radar,64,65,93,23,245,0,4,65,3,72,64,69,158,26,317,14,10,24,341
06/28/2013,LIT,AR,ASW,CE,Combined TRACON& Tower with Radar,58,64,65,10,197,0,5,51,1,57,58,69,116,11,254,10,0,10,264
06/29/2013,LIT,AR,ASW,CE,Combined TRACON& Tower with Radar,46,56,28,6,136,0,9,52,2,63,46,65,80,8,199,12,0,12,211
06/30/2013,LIT,AR,ASW,CE,Combined TRACON& Tower with Radar,49,59,54,5,167,0,0,40,0,40,49,59,94,5,207,0,0,0,207
07/01/2013,LIT,AR,ASW,CE,Combined TRACON& Tower with Radar,57,57,63,35,212,0,5,50,0,55,57,62,113,35,267,10,22,32,299
07/02/2013,LIT,AR,ASW,CE,Combined TRACON& Tower with Radar,56,62,59,26,203,0,2,81,5,88,56,64,140,31,291,54,0,54,345
07/03/2013,LIT,AR,ASW,CE,Combined TRACON& Tower with Radar,58,60,59,29,206,0,2,51,0,53,58,62,110,29,259,2,0,2,261
07/04/2013,LIT,AR,ASW,CE,Combined TRACON& Tower with Radar,43,31,15,0,89,0,2,27,0,29,43,33,42,0,118,24,0,24,142
07/05/2013,LIT,AR,ASW,CE,Combined TRACON& Tower with Radar,53,42,31,0,126,0,9,58,0,67,53,51,89,0,193,20,0,20,213
07/06/2013,LIT,AR,ASW,CE,Combined TRACON& Tower with Radar,44,43,42,0,129,0,2,23,0,25,44,45,65,0,154,8,0,8,162
07/07/2013,LIT,AR,ASW,CE,Combined TRACON& Tower with Radar,49,54,51,0,154,0,0,27,0,27,49,54,78,0,181,20,0,20,201
07/08/2013,LIT,AR,ASW,CE,Combined TRACON& Tower with Radar,57,50,67,43,217,0,4,44,2,50,57,54,111,45,267,36,38,74,341
07/09/2013,LIT,AR,ASW,CE,Combined TRACON& Tower with Radar,58,68,76,88,290,0,5,72,14,91,58,73,148,102,381,8,156,164,545
07/10/2013,LIT,AR,ASW,CE,Combined TRACON& Tower with Radar,57,66,74,20,217,0,5,36,2,43,57,71,110,22,260,0,24,24,284
07/11/2013,LIT,AR,ASW,CE,Combined TRACON& Tower with Radar,56,62,72,51,241,0,3,56,10,69,56,65,128,61,310,4,108,112,422
07/12/2013,LIT,AR,ASW,CE,Combined TRACON& Tower with Radar,57,63,59,45,224,0,4,63,3,70,57,67,122,48,294,10,2,12,306
07/13/2013,LIT,AR,ASW,CE,Combined TRACON& Tower with Radar,42,42,46,40,170,0,3,76,13,92,42,45,122,53,262,24,22,46,308
07/14/2013,LIT,AR,ASW,CE,Combined TRACON& Tower with Radar,48,50,48,11,157,0,4,48,7,59,48,54,96,18,216,0,0,0,216
07/15/2013,LIT,AR,ASW,CE,Combined TRACON& Tower with Radar,57,74,75,16,222,0,1,27,4,32,57,75,102,20,254,18,20,38,292
07/16/2013,LIT,AR,ASW,CE,Combined TRACON& Tower with Radar,69,65,63,26,223,0,0,74,3,77,69,65,137,29,300,50,12,62,362
07/17/2013,LIT,AR,ASW,CE,Combined TRACON& Tower with Radar,57,62,61,60,240,0,6,70,1,77,57,68,131,61,317,8,38,46,363
07/18/2013,LIT,AR,ASW,CE,Combined TRACON& Tower with Radar,59,62,62,34,217,0,1,57,3,61,59,63,119,37,278,0,12,12,290
07/19/2013,LIT,AR,ASW,CE,Combined TRACON& Tower with Radar,61,59,77,35,232,0,6,48,5,59,61,65,125,40,291,44,40,84,375
07/20/2013,LIT,AR,ASW,CE,Combined TRACON& Tower with Radar,45,57,27,2,131,0,4,34,0,38,45,61,61,2,169,0,0,0,169
07/21/2013,LIT,AR,ASW,CE,Combined TRACON& Tower with Radar,50,62,43,4,159,0,3,38,0,41,50,65,81,4,200,46,0,46,246
07/22/2013,LIT,AR,ASW,CE,Combined TRACON& Tower with Radar,56,61,33,4,154,0,2,17,0,19,56,63,50,4,173,0,24,24,197
07/23/2013,LIT,AR,ASW,CE,Combined TRACON& Tower with Radar,58,52,68,19,197,0,4,40,1,45,58,56,108,20,242,8,18,26,268
07/24/2013,LIT,AR,ASW,CE,Combined TRACON& Tower with Radar,58,59,67,31,215,0,7,56,6,69,58,66,123,37,284,32,68,100,384
07/25/2013,LIT,AR,ASW,CE,Combined TRACON& Tower with Radar,58,65,66,43,232,0,4,72,6,82,58,69,138,49,314,8,24,32,346
07/26/2013,LIT,AR,ASW,CE,Combined TRACON& Tower with Radar,58,56,40,9,163,0,2,39,4,45,58,58,79,13,208,34,0,34,242
07/27/2013,LIT,AR,ASW,CE,Combined TRACON& Tower with Radar,42,50,51,5,148,0,4,32,1,37,42,54,83,6,185,30,0,30,215
07/28/2013,LIT,AR,ASW,CE,Combined TRACON& Tower with Radar,48,58,33,3,142,0,1,43,2,46,48,59,76,5,188,0,0,0,188
07/29/2013,LIT,AR,ASW,CE,Combined TRACON& Tower with Radar,56,67,53,20,196,0,0,43,1,44,56,67,96,21,240,22,118,140,380
07/30/2013,LIT,AR,ASW,CE,Combined TRACON& Tower with Radar,58,49,58,23,188,0,0,55,4,59,58,49,113,27,247,36,38,74,321
07/31/2013,LIT,AR,ASW,CE,Combined TRACON& Tower with Radar,60,68,54,13,195,0,5,51,4,60,60,73,105,17,255,28,4,32,287
08/01/2013,LIT,AR,ASW,CE,Combined TRACON& Tower with Radar,54,67,96,47,264,0,4,48,2,54,54,71,144,49,318,22,18,40,358
08/02/2013,LIT,AR,ASW,CE,Combined TRACON& Tower with Radar,56,64,61,25,206,0,3,53,3,59,56,67,114,28,265,8,6,14,279
08/03/2013,LIT,AR,ASW,CE,Combined TRACON& Tower with Radar,50,43,35,9,137,0,4,30,3,37,50,47,65,12,174,10,12,22,196
08/04/2013,LIT,AR,ASW,CE,Combined TRACON& Tower with Radar,48,58,55,1,162,0,4,19,1,24,48,62,74,2,186,0,0,0,186
08/05/2013,LIT,AR,ASW,CE,Combined TRACON& Tower with Radar,56,55,56,23,190,0,4,39,4,47,56,59,95,27,237,26,50,76,313
08/06/2013,LIT,AR,ASW,CE,Combined TRACON& Tower with Radar,57,60,72,44,233,0,1,59,5,65,57,61,131,49,298,30,60,90,388
08/07/2013,LIT,AR,ASW,CE,Combined TRACON& Tower with Radar,60,45,77,43,225,0,0,54,3,57,60,45,131,46,282,12,82,94,376
08/08/2013,LIT,AR,ASW,CE,Combined TRACON& Tower with Radar,56,66,84,36,242,0,6,40,1,47,56,72,124,37,289,2,86,88,377
08/09/2013,LIT,AR,ASW,CE,Combined TRACON& Tower with Radar,59,51,54,12,176,0,3,54,1,58,59,54,108,13,234,48,0,48,282
08/10/2013,LIT,AR,ASW,CE,Combined TRACON& Tower with Radar,49,41,29,0,119,0,3,27,0,30,49,44,56,0,149,0,0,0,149
08/11/2013,LIT,AR,ASW,CE,Combined TRACON& Tower with Radar,48,47,40,0,135,0,1,11,0,12,48,48,51,0,147,0,0,0,147
08/12/2013,LIT,AR,ASW,CE,Combined TRACON& Tower with Radar,55,54,48,55,212,0,0,34,2,36,55,54,82,57,248,10,14,24,272
08/13/2013,LIT,AR,ASW,CE,Combined TRACON& Tower with Radar,59,50,64,12,185,0,0,5,1,6,59,50,69,13,191,2,0,2,193
08/14/2013,LIT,AR,ASW,CE,Combined TRACON& Tower with Radar,57,50,84,44,235,0,2,65,2,69,57,52,149,46,304,12,8,20,324
08/15/2013,LIT,AR,ASW,CE,Combined TRACON& Tower with Radar,53,62,89,34,238,0,2,86,3,91,53,64,175,37,329,0,0,0,329
08/16/2013,LIT,AR,ASW,CE,Combined TRACON& Tower with Radar,58,51,79,49,237,0,5,71,2,78,58,56,150,51,315,128,12,140,455
08/17/2013,LIT,AR,ASW,CE,Combined TRACON& Tower with Radar,44,46,41,16,147,0,9,17,2,28,44,55,58,18,175,0,0,0,175
08/18/2013,LIT,AR,ASW,CE,Combined TRACON& Tower with Radar,50,49,43,5,147,0,4,30,2,36,50,53,73,7,183,22,0,22,205
08/19/2013,LIT,AR,ASW,CE,Combined TRACON& Tower with Radar,56,55,70,36,217,0,5,53,5,63,56,60,123,41,280,0,4,4,284
08/20/2013,LIT,AR,ASW,CE,Combined TRACON& Tower with Radar,60,51,89,38,238,0,6,61,2,69,60,57,150,40,307,14,70,84,391
08/21/2013,LIT,AR,ASW,CE,Combined TRACON& Tower with Radar,56,56,79,42,233,0,5,73,4,82,56,61,152,46,315,0,46,46,361
08/22/2013,LIT,AR,ASW,CE,Combined TRACON& Tower with Radar,60,57,76,18,211,0,1,60,3,64,60,58,136,21,275,20,0,20,295
08/23/2013,LIT,AR,ASW,CE,Combined TRACON& Tower with Radar,56,60,49,57,222,0,4,67,1,72,56,64,116,58,294,20,78,98,392
08/24/2013,LIT,AR,ASW,CE,Combined TRACON& Tower with Radar,42,37,40,1,120,0,1,49,0,50,42,38,89,1,170,20,6,26,196
08/25/2013,LIT,AR,ASW,CE,Combined TRACON& Tower with Radar,53,48,28,35,164,0,9,38,0,47,53,57,66,35,211,2,20,22,233
08/26/2013,LIT,AR,ASW,CE,Combined TRACON& Tower with Radar,56,61,72,27,216,0,3,57,2,62,56,64,129,29,278,0,26,26,304
08/27/2013,LIT,AR,ASW,CE,Combined TRACON& Tower with Radar,57,59,71,33,220,0,2,85,4,91,57,61,156,37,311,18,78,96,407
08/28/2013,LIT,AR,ASW,CE,Combined TRACON& Tower with Radar,62,55,100,27,244,0,1,56,6,63,62,56,156,33,307,0,0,0,307
08/29/2013,LIT,AR,ASW,CE,Combined TRACON& Tower with Radar,56,59,97,24,236,0,4,64,1,69,56,63,161,25,305,0,24,24,329
08/30/2013,LIT,AR,ASW,CE,Combined TRACON& Tower with Radar,54,64,81,8,207,0,0,92,1,93,54,64,173,9,300,48,0,48,348
08/31/2013,LIT,AR,ASW,CE,Combined TRACON& Tower with Radar,34,41,33,0,108,0,3,39,0,42,34,44,72,0,150,2,0,2,152
09/01/2013,LIT,AR,ASW,CE,Combined TRACON& Tower with Radar,47,30,25,0,102,0,6,23,0,29,47,36,48,0,131,0,0,0,131
09/02/2013,LIT,AR,ASW,CE,Combined TRACON& Tower with Radar,47,47,47,0,141,0,0,25,0,25,47,47,72,0,166,0,0,0,166
09/03/2013,LIT,AR,ASW,CE,Combined TRACON& Tower with Radar,50,57,57,24,188,0,1,51,2,54,50,58,108,26,242,20,52,72,314
09/04/2013,LIT,AR,ASW,CE,Combined TRACON& Tower with Radar,53,54,65,33,205,0,2,75,2,79,53,56,140,35,284,8,66,74,358
09/05/2013,LIT,AR,ASW,CE,Combined TRACON& Tower with Radar,57,55,65,35,212,0,1,59,5,65,57,56,124,40,277,18,100,118,395
09/06/2013,LIT,AR,ASW,CE,Combined TRACON& Tower with Radar,54,66,64,77,261,0,5,42,4,51,54,71,106,81,312,42,116,158,470
09/07/2013,LIT,AR,ASW,CE,Combined TRACON& Tower with Radar,36,46,40,45,167,0,5,58,6,69,36,51,98,51,236,0,0,0,236
09/08/2013,LIT,AR,ASW,CE,Combined TRACON& Tower with Radar,49,57,45,43,194,1,0,46,5,52,50,57,91,48,246,0,0,0,246
09/09/2013,LIT,AR,ASW,CE,Combined TRACON& Tower with Radar,52,59,75,34,220,0,2,57,3,62,52,61,132,37,282,0,24,24,306
09/10/2013,LIT,AR,ASW,CE,Combined TRACON& Tower with Radar,48,69,77,44,238,0,0,52,2,54,48,69,129,46,292,8,116,124,416
09/11/2013,LIT,AR,ASW,CE,Combined TRACON& Tower with Radar,52,69,108,19,248,0,5,39,6,50,52,74,147,25,298,0,42,42,340
09/12/2013,LIT,AR,ASW,CE,Combined TRACON& Tower with Radar,54,56,103,39,252,0,3,55,6,64,54,59,158,45,316,24,22,46,362
09/13/2013,LIT,AR,ASW,CE,Combined TRACON& Tower with Radar,55,66,66,47,234,0,1,46,3,50,55,67,112,50,284,2,44,46,330
09/14/2013,LIT,AR,ASW,CE,Combined TRACON& Tower with Radar,41,29,31,15,116,0,5,54,3,62,41,34,85,18,178,12,0,12,190
09/15/2013,LIT,AR,ASW,CE,Combined TRACON& Tower with Radar,47,44,39,9,139,0,3,44,0,47,47,47,83,9,186,24,4,28,214
09/16/2013,LIT,AR,ASW,CE,Combined TRACON& Tower with Radar,52,55,75,46,228,0,2,55,4,61,52,57,130,50,289,8,68,76,365
09/17/2013,LIT,AR,ASW,CE,Combined TRACON& Tower with Radar,47,62,71,56,236,0,1,58,3,62,47,63,129,59,298,12,36,48,346
09/18/2013,LIT,AR,ASW,CE,Combined TRACON& Tower with Radar,55,63,71,27,216,0,3,33,7,43,55,66,104,34,259,0,68,68,327
09/19/2013,LIT,AR,ASW,CE,Combined TRACON& Tower with Radar,63,52,114,59,288,0,4,72,2,78,63,56,186,61,366,32,62,94,460
09/20/2013,LIT,AR,ASW,CE,Combined TRACON& Tower with Radar,54,54,52,10,170,0,3,1,0,4,54,57,53,10,174,0,0,0,174
09/21/2013,LIT,AR,ASW,CE,Combined TRACON& Tower with Radar,38,36,45,13,132,0,3,62,3,68,38,39,107,16,200,32,0,32,232
09/22/2013,LIT,AR,ASW,CE,Combined TRACON& Tower with Radar,44,49,59,7,159,0,1,73,1,75,44,50,132,8,234,0,0,0,234
09/23/2013,LIT,AR,ASW,CE,Combined TRACON& Tower with Radar,52,61,69,16,198,0,2,49,0,51,52,63,118,16,249,6,4,10,259
09/24/2013,LIT,AR,ASW,CE,Combined TRACON& Tower with Radar,49,60,78,14,201,0,3,73,3,79,49,63,151,17,280,28,0,28,308
09/25/2013,LIT,AR,ASW,CE,Combined TRACON& Tower with Radar,54,73,94,7,228,0,3,66,2,71,54,76,160,9,299,6,0,6,305
09/26/2013,LIT,AR,ASW,CE,Combined TRACON& Tower with Radar,55,61,93,0,209,0,2,73,3,78,55,63,166,3,287,4,0,4,291
09/27/2013,LIT,AR,ASW,CE,Combined TRACON& Tower with Radar,49,58,78,26,211,0,6,68,4,78,49,64,146,30,289,0,0,0,289
09/28/2013,LIT,AR,ASW,CE,Combined TRACON& Tower with Radar,38,39,45,0,122,0,0,38,3,41,38,39,83,3,163,22,0,22,185
09/29/2013,LIT,AR,ASW,CE,Combined TRACON& Tower with Radar,45,65,75,10,195,0,3,1,0,4,45,68,76,10,199,0,0,0,199
09/30/2013,LIT,AR,ASW,CE,Combined TRACON& Tower with Radar,55,60,67,12,194,0,0,7,0,7,55,60,74,12,201,22,0,22,223
10/01/2013,LIT,AR,ASW,CE,Combined TRACON& Tower with Radar,54,58,68,0,180,0,0,47,0,47,54,58,115,0,227,58,0,58,285
10/02/2013,LIT,AR,ASW,CE,Combined TRACON& Tower with Radar,61,66,92,0,219,0,4,36,0,40,61,70,128,0,259,38,0,38,297
10/03/2013,LIT,AR,ASW,CE,Combined TRACON& Tower with Radar,61,62,103,2,228,0,3,48,0,51,61,65,151,2,279,72,0,72,351
10/04/2013,LIT,AR,ASW,CE,Combined TRACON& Tower with Radar,62,68,86,2,218,0,2,23,0,25,62,70,109,2,243,20,0,20,263
10/05/2013,LIT,AR,ASW,CE,Combined TRACON& Tower with Radar,42,36,31,0,109,0,0,5,0,5,42,36,36,0,114,0,0,0,114
10/06/2013,LIT,AR,ASW,CE,Combined TRACON& Tower with Radar,48,60,56,4,168,0,6,57,0,63,48,66,113,4,231,0,14,14,245
10/07/2013,LIT,AR,ASW,CE,Combined TRACON& Tower with Radar,58,50,72,4,184,0,5,65,0,70,58,55,137,4,254,2,0,2,256
10/08/2013,LIT,AR,ASW,CE,Combined TRACON& Tower with Radar,53,62,79,0,194,0,8,69,0,77,53,70,148,0,271,28,0,28,299
10/09/2013,LIT,AR,ASW,CE,Combined TRACON& Tower with Radar,54,61,94,16,225,0,3,82,1,86,54,64,176,17,311,14,8,22,333
10/10/2013,LIT,AR,ASW,CE,Combined TRACON& Tower with Radar,55,63,97,7,222,0,1,46,0,47,55,64,143,7,269,0,0,0,269
10/11/2013,LIT,AR,ASW,CE,Combined TRACON& Tower with Radar,54,60,83,23,220,0,3,48,0,51,54,63,131,23,271,22,6,28,299
10/12/2013,LIT,AR,ASW,CE,Combined TRACON& Tower with Radar,36,38,32,0,106,0,6,18,0,24,36,44,50,0,130,0,0,0,130
10/13/2013,LIT,AR,ASW,CE,Combined TRACON& Tower with Radar,48,46,51,0,145,0,5,41,0,46,48,51,92,0,191,0,0,0,191
10/14/2013,LIT,AR,ASW,CE,Combined TRACON& Tower with Radar,54,55,72,0,181,0,2,41,0,43,54,57,113,0,224,8,0,8,232
10/15/2013,LIT,AR,ASW,CE,Combined TRACON& Tower with Radar,54,45,62,0,161,0,1,4,0,5,54,46,66,0,166,0,0,0,166
10/16/2013,LIT,AR,ASW,CE,Combined TRACON& Tower with Radar,58,62,98,0,218,0,4,8,0,12,58,66,106,0,230,0,0,0,230
10/17/2013,LIT,AR,ASW,CE,Combined TRACON& Tower with Radar,58,71,116,23,268,0,8,74,4,86,58,79,190,27,354,0,0,0,354
10/18/2013,LIT,AR,ASW,CE,Combined TRACON& Tower with Radar,62,69,77,8,216,0,2,61,1,64,62,71,138,9,280,8,0,8,288
10/19/2013,LIT,AR,ASW,CE,Combined TRACON& Tower with Radar,46,44,44,41,175,0,5,43,5,53,46,49,87,46,228,0,0,0,228
10/20/2013,LIT,AR,ASW,CE,Combined TRACON& Tower with Radar,50,51,48,2,151,0,2,66,1,69,50,53,114,3,220,34,0,34,254
10/21/2013,LIT,AR,ASW,CE,Combined TRACON& Tower with Radar,56,60,68,1,185,0,3,47,0,50,56,63,115,1,235,0,0,0,235
10/22/2013,LIT,AR,ASW,CE,Combined TRACON& Tower with Radar,57,61,89,27,234,0,4,59,1,64,57,65,148,28,298,10,0,10,308
10/23/2013,LIT,AR,ASW,CE,Combined TRACON& Tower with Radar,57,58,101,10,226,0,2,80,5,87,57,60,181,15,313,36,0,36,349
10/24/2013,LIT,AR,ASW,CE,Combined TRACON& Tower with Radar,56,72,102,21,251,0,4,68,2,74,56,76,170,23,325,2,4,6,331
10/25/2013,LIT,AR,ASW,CE,Combined TRACON& Tower with Radar,56,66,65,19,206,0,4,64,2,70,56,70,129,21,276,6,0,6,282
10/26/2013,LIT,AR,ASW,CE,Combined TRACON& Tower with Radar,39,34,35,7,115,0,3,26,1,30,39,37,61,8,145,10,0,10,155
10/27/2013,LIT,AR,ASW,CE,Combined TRACON& Tower with Radar,46,57,63,4,170,0,0,1,1,2,46,57,64,5,172,0,0,0,172
10/28/2013,LIT,AR,ASW,CE,Combined TRACON& Tower with Radar,59,63,92,6,220,0,4,18,0,22,59,67,110,6,242,18,0,18,260
10/29/2013,LIT,AR,ASW,CE,Combined TRACON& Tower with Radar,54,56,84,6,200,0,3,33,4,40,54,59,117,10,240,24,0,24,264
10/30/2013,LIT,AR,ASW,CE,Combined TRACON& Tower with Radar,54,69,91,0,214,0,2,4,4,10,54,71,95,4,224,0,0,0,224
10/31/2013,LIT,AR,ASW,CE,Combined TRACON& Tower with Radar,54,56,50,4,164,0,4,7,1,12,54,60,57,5,176,0,0,0,176
11/01/2013,LIT,AR,ASW,CE,Combined TRACON& Tower with Radar,57,56,93,15,221,0,2,69,4,75,57,58,162,19,296,16,0,16,312
11/02/2013,LIT,AR,ASW,CE,Combined TRACON& Tower with Radar,40,40,26,1,107,0,3,60,5,68,40,43,86,6,175,6,0,6,181
11/03/2013,LIT,AR,ASW,CE,Combined TRACON& Tower with Radar,53,46,49,14,162,0,0,43,0,43,53,46,92,14,205,0,0,0,205
11/04/2013,LIT,AR,ASW,CE,Combined TRACON& Tower with Radar,56,58,86,4,204,0,1,37,0,38,56,59,123,4,242,12,0,12,254
11/05/2013,LIT,AR,ASW,CE,Combined TRACON& Tower with Radar,58,57,85,2,202,0,1,53,2,56,58,58,138,4,258,0,0,0,258
11/06/2013,LIT,AR,ASW,CE,Combined TRACON& Tower with Radar,58,64,74,2,198,0,1,0,0,1,58,65,74,2,199,0,0,0,199
11/07/2013,LIT,AR,ASW,CE,Combined TRACON& Tower with Radar,58,58,106,11,233,0,8,78,3,89,58,66,184,14,322,40,0,40,362
11/08/2013,LIT,AR,ASW,CE,Combined TRACON& Tower with Radar,58,58,73,19,208,0,7,86,3,96,58,65,159,22,304,18,0,18,322
11/09/2013,LIT,AR,ASW,CE,Combined TRACON& Tower with Radar,43,43,57,4,147,0,2,56,0,58,43,45,113,4,205,14,0,14,219
11/10/2013,LIT,AR,ASW,CE,Combined TRACON& Tower with Radar,50,53,37,0,140,0,3,33,0,36,50,56,70,0,176,0,0,0,176
11/11/2013,LIT,AR,ASW,CE,Combined TRACON& Tower with Radar,57,57,61,1,176,0,0,56,1,57,57,57,117,2,233,0,0,0,233
11/12/2013,LIT,AR,ASW,CE,Combined TRACON& Tower with Radar,58,55,70,16,199,0,1,30,2,33,58,56,100,18,232,32,0,32,264
11/13/2013,LIT,AR,ASW,CE,Combined TRACON& Tower with Radar,60,49,84,20,213,0,2,85,6,93,60,51,169,26,306,12,0,12,318
11/14/2013,LIT,AR,ASW,CE,Combined TRACON& Tower with Radar,59,62,83,10,214,0,0,71,2,73,59,62,154,12,287,32,0,32,319
11/15/2013,LIT,AR,ASW,CE,Combined TRACON& Tower with Radar,59,64,68,2,193,0,0,18,0,18,59,64,86,2,211,4,0,4,215
11/16/2013,LIT,AR,ASW,CE,Combined TRACON& Tower with Radar,41,41,33,2,117,0,1,8,1,10,41,42,41,3,127,0,0,0,127
11/17/2013,LIT,AR,ASW,CE,Combined TRACON& Tower with Radar,53,40,49,4,146,0,2,20,1,23,53,42,69,5,169,0,0,0,169
11/18/2013,LIT,AR,ASW,CE,Combined TRACON& Tower with Radar,56,56,69,0,181,0,5,89,0,94,56,61,158,0,275,0,0,0,275
11/19/2013,LIT,AR,ASW,CE,Combined TRACON& Tower with Radar,56,76,98,7,237,0,3,55,2,60,56,79,153,9,297,0,0,0,297
11/20/2013,LIT,AR,ASW,CE,Combined TRACON& Tower with Radar,57,43,94,10,204,0,3,69,4,76,57,46,163,14,280,12,18,30,310
11/21/2013,LIT,AR,ASW,CE,Combined TRACON& Tower with Radar,53,64,103,6,226,0,0,10,0,10,53,64,113,6,236,0,0,0,236
11/22/2013,LIT,AR,ASW,CE,Combined TRACON& Tower with Radar,61,66,53,7,187,0,0,2,0,2,61,66,55,7,189,0,0,0,189
11/23/2013,LIT,AR,ASW,CE,Combined TRACON& Tower with Radar,44,51,37,6,138,0,5,30,0,35,44,56,67,6,173,4,0,4,177
11/24/2013,LIT,AR,ASW,CE,Combined TRACON& Tower with Radar,41,46,50,8,145,0,4,37,0,41,41,50,87,8,186,14,0,14,200
11/25/2013,LIT,AR,ASW,CE,Combined TRACON& Tower with Radar,45,41,23,0,109,0,0,0,0,0,45,41,23,0,109,0,0,0,109
11/26/2013,LIT,AR,ASW,CE,Combined TRACON& Tower with Radar,53,53,70,1,177,0,4,33,2,39,53,57,103,3,216,0,0,0,216
11/27/2013,LIT,AR,ASW,CE,Combined TRACON& Tower with Radar,52,61,72,24,209,0,5,45,1,51,52,66,117,25,260,16,0,16,276
11/28/2013,LIT,AR,ASW,CE,Combined TRACON& Tower with Radar,32,26,18,0,76,0,0,16,0,16,32,26,34,0,92,0,0,0,92
11/29/2013,LIT,AR,ASW,CE,Combined TRACON& Tower with Radar,44,46,56,0,146,0,1,52,0,53,44,47,108,0,199,28,0,28,227
11/30/2013,LIT,AR,ASW,CE,Combined TRACON& Tower with Radar,47,59,51,0,157,0,1,47,0,48,47,60,98,0,205,0,0,0,205
12/01/2013,LIT,AR,ASW,CE,Combined TRACON& Tower with Radar,52,58,77,0,187,0,1,11,2,14,52,59,88,2,201,0,0,0,201
12/02/2013,LIT,AR,ASW,CE,Combined TRACON& Tower with Radar,48,66,89,6,209,0,3,33,0,36,48,69,122,6,245,36,0,36,281
12/03/2013,LIT,AR,ASW,CE,Combined TRACON& Tower with Radar,30,12,28,1,71,0,0,1,0,1,30,12,29,1,72,0,0,0,72
12/04/2013,LIT,AR,ASW,CE,Combined TRACON& Tower with Radar,52,69,98,0,219,0,2,29,7,38,52,71,127,7,257,0,8,8,265
12/05/2013,LIT,AR,ASW,CE,Combined TRACON& Tower with Radar,53,52,50,4,159,0,3,2,0,5,53,55,52,4,164,0,0,0,164
12/06/2013,LIT,AR,ASW,CE,Combined TRACON& Tower with Radar,27,7,8,0,42,0,0,0,0,0,27,7,8,0,42,0,0,0,42
12/07/2013,LIT,AR,ASW,CE,Combined TRACON& Tower with Radar,36,32,22,0,90,0,5,9,0,14,36,37,31,0,104,0,0,0,104
12/08/2013,LIT,AR,ASW,CE,Combined TRACON& Tower with Radar,40,19,17,0,76,0,0,0,0,0,40,19,17,0,76,0,0,0,76
12/09/2013,LIT,AR,ASW,CE,Combined TRACON& Tower with Radar,52,37,51,56,196,0,7,7,0,14,52,44,58,56,210,0,0,0,210
12/10/2013,LIT,AR,ASW,CE,Combined TRACON& Tower with Radar,48,53,110,15,226,0,4,64,4,72,48,57,174,19,298,14,0,14,312
12/11/2013,LIT,AR,ASW,CE,Combined TRACON& Tower with Radar,54,54,99,6,213,0,3,80,4,87,54,57,179,10,300,46,0,46,346
12/12/2013,LIT,AR,ASW,CE,Combined TRACON& Tower with Radar,56,58,79,4,197,0,2,51,1,54,56,60,130,5,251,0,0,0,251
12/13/2013,LIT,AR,ASW,CE,Combined TRACON& Tower with Radar,56,59,70,10,195,0,4,25,1,30,56,63,95,11,225,0,0,0,225
12/14/2013,LIT,AR,ASW,CE,Combined TRACON& Tower with Radar,37,38,57,4,136,0,2,4,0,6,37,40,61,4,142,0,0,0,142
12/15/2013,LIT,AR,ASW,CE,Combined TRACON& Tower with Radar,53,46,53,2,154,0,0,40,1,41,53,46,93,3,195,38,0,38,233
12/16/2013,LIT,AR,ASW,CE,Combined TRACON& Tower with Radar,55,48,85,11,199,0,3,71,1,75,55,51,156,12,274,0,0,0,274
12/17/2013,LIT,AR,ASW,CE,Combined TRACON& Tower with Radar,51,60,99,8,218,0,3,95,2,100,51,63,194,10,318,16,0,16,334
12/18/2013,LIT,AR,ASW,CE,Combined TRACON& Tower with Radar,54,51,78,6,189,0,5,87,0,92,54,56,165,6,281,0,0,0,281
12/19/2013,LIT,AR,ASW,CE,Combined TRACON& Tower with Radar,52,58,102,17,229,0,0,40,3,43,52,58,142,20,272,10,0,10,282
12/20/2013,LIT,AR,ASW,CE,Combined TRACON& Tower with Radar,50,55,72,0,177,0,1,4,0,5,50,56,76,0,182,0,0,0,182
12/21/2013,LIT,AR,ASW,CE,Combined TRACON& Tower with Radar,44,29,19,0,92,0,0,0,0,0,44,29,19,0,92,0,0,0,92
12/22/2013,LIT,AR,ASW,CE,Combined TRACON& Tower with Radar,46,42,49,0,137,0,2,14,0,16,46,44,63,0,153,0,0,0,153
12/23/2013,LIT,AR,ASW,CE,Combined TRACON& Tower with Radar,54,51,71,0,176,0,2,52,0,54,54,53,123,0,230,0,0,0,230
12/24/2013,LIT,AR,ASW,CE,Combined TRACON& Tower with Radar,36,35,15,0,86,0,2,49,0,51,36,37,64,0,137,6,0,6,143
12/25/2013,LIT,AR,ASW,CE,Combined TRACON& Tower with Radar,36,28,6,0,70,0,4,10,0,14,36,32,16,0,84,0,0,0,84
12/26/2013,LIT,AR,ASW,CE,Combined TRACON& Tower with Radar,46,44,53,0,143,0,4,55,0,59,46,48,108,0,202,0,0,0,202
12/27/2013,LIT,AR,ASW,CE,Combined TRACON& Tower with Radar,45,48,41,0,134,0,2,59,0,61,45,50,100,0,195,8,0,8,203
12/28/2013,LIT,AR,ASW,CE,Combined TRACON& Tower with Radar,41,45,28,0,114,0,0,43,0,43,41,45,71,0,157,28,0,28,185
12/29/2013,LIT,AR,ASW,CE,Combined TRACON& Tower with Radar,44,40,29,2,115,0,2,29,0,31,44,42,58,2,146,0,0,0,146
12/30/2013,LIT,AR,ASW,CE,Combined TRACON& Tower with Radar,47,50,60,2,159,0,3,7,0,10,47,53,67,2,169,0,0,0,169
12/31/2013,LIT,AR,ASW,CE,Combined TRACON& Tower with Radar,38,40,44,0,122,0,8,69,0,77,38,48,113,0,199,0,0,0,199
01/01/2014,LIT,AR,ASW,CE,Combined TRACON& Tower with Radar,38,31,39,0,108,0,2,33,0,35,38,33,72,0,143,0,0,0,143
01/02/2014,LIT,AR,ASW,CE,Combined TRACON& Tower with Radar,47,35,53,4,139,0,2,23,0,25,47,37,76,4,164,0,0,0,164
01/03/2014,LIT,AR,ASW,CE,Combined TRACON& Tower with Radar,46,49,51,1,147,0,2,66,2,70,46,51,117,3,217,28,0,28,245
01/04/2014,LIT,AR,ASW,CE,Combined TRACON& Tower with Radar,40,33,51,1,125,0,7,39,3,49,40,40,90,4,174,10,0,10,184
01/05/2014,LIT,AR,ASW,CE,Combined TRACON& Tower with Radar,45,30,38,2,115,0,4,3,0,7,45,34,41,2,122,0,0,0,122
01/06/2014,LIT,AR,ASW,CE,Combined TRACON& Tower with Radar,49,30,46,2,127,0,10,16,0,26,49,40,62,2,153,0,0,0,153
01/07/2014,LIT,AR,ASW,CE,Combined TRACON& Tower with Radar,52,30,51,17,150,0,6,49,0,55,52,36,100,17,205,0,28,28,233
01/08/2014,LIT,AR,ASW,CE,Combined TRACON& Tower with Radar,56,37,36,0,129,0,0,6,0,6,56,37,42,0,135,0,0,0,135
01/09/2014,LIT,AR,ASW,CE,Combined TRACON& Tower with Radar,53,47,41,0,141,0,0,0,0,0,53,47,41,0,141,0,0,0,141
01/10/2014,LIT,AR,ASW,CE,Combined TRACON& Tower with Radar,56,36,53,11,156,0,0,0,0,0,56,36,53,11,156,0,0,0,156
01/11/2014,LIT,AR,ASW,CE,Combined TRACON& Tower with Radar,38,32,40,1,111,0,5,54,2,61,38,37,94,3,172,0,0,0,172
01/12/2014,LIT,AR,ASW,CE,Combined TRACON& Tower with Radar,50,34,39,6,129,0,1,47,0,48,50,35,86,6,177,0,0,0,177
01/13/2014,LIT,AR,ASW,CE,Combined TRACON& Tower with Radar,54,46,54,9,163,0,0,37,1,38,54,46,91,10,201,20,6,26,227
01/14/2014,LIT,AR,ASW,CE,Combined TRACON& Tower with Radar,54,52,84,7,197,0,0,68,1,69,54,52,152,8,266,2,0,2,268
01/15/2014,LIT,AR,ASW,CE,Combined TRACON& Tower with Radar,56,44,81,18,199,0,5,74,1,80,56,49,155,19,279,6,18,24,303
01/16/2014,LIT,AR,ASW,CE,Combined TRACON& Tower with Radar,56,48,73,6,183,0,2,55,1,58,56,50,128,7,241,28,2,30,271
01/17/2014,LIT,AR,ASW,CE,Combined TRACON& Tower with Radar,54,41,58,31,184,0,2,28,0,30,54,43,86,31,214,2,2,4,218
01/18/2014,LIT,AR,ASW,CE,Combined TRACON& Tower with Radar,39,31,38,6,114,0,0,26,5,31,39,31,64,11,145,0,0,0,145
01/19/2014,LIT,AR,ASW,CE,Combined TRACON& Tower with Radar,46,43,38,2,129,0,5,61,1,67,46,48,99,3,196,0,0,0,196
01/20/2014,LIT,AR,ASW,CE,Combined TRACON& Tower with Radar,53,43,55,0,151,0,2,87,1,90,53,45,142,1,241,28,0,28,269
01/21/2014,LIT,AR,ASW,CE,Combined TRACON& Tower with Radar,50,40,75,4,169,0,5,38,1,44,50,45,113,5,213,12,0,12,225
01/22/2014,LIT,AR,ASW,CE,Combined TRACON& Tower with Radar,56,41,82,2,181,0,3,65,3,71,56,44,147,5,252,0,0,0,252
01/23/2014,LIT,AR,ASW,CE,Combined TRACON& Tower with Radar,58,51,91,3,203,0,4,54,3,61,58,55,145,6,264,44,0,44,308
01/24/2014,LIT,AR,ASW,CE,Combined TRACON& Tower with Radar,56,38,43,56,193,0,3,50,1,54,56,41,93,57,247,16,0,16,263
01/25/2014,LIT,AR,ASW,CE,Combined TRACON& Tower with Radar,37,35,31,5,108,0,5,65,2,72,37,40,96,7,180,54,0,54,234
01/26/2014,LIT,AR,ASW,CE,Combined TRACON& Tower with Radar,50,32,35,3,120,0,3,36,1,40,50,35,71,4,160,2,0,2,162
01/27/2014,LIT,AR,ASW,CE,Combined TRACON& Tower with Radar,58,36,43,9,146,0,4,27,1,32,58,40,70,10,178,8,0,8,186
01/28/2014,LIT,AR,ASW,CE,Combined TRACON& Tower with Radar,42,42,79,27,190,0,4,28,6,38,42,46,107,33,228,26,14,40,268
01/29/2014,LIT,AR,ASW,CE,Combined TRACON& Tower with Radar,40,42,85,18,185,0,3,77,3,83,40,45,162,21,268,12,2,14,282
01/30/2014,LIT,AR,ASW,CE,Combined TRACON& Tower with Radar,51,50,62,28,191,0,2,30,4,36,51,52,92,32,227,6,30,36,263
01/31/2014,LIT,AR,ASW,CE,Combined TRACON& Tower with Radar,53,48,86,5,192,0,0,25,2,27,53,48,111,7,219,8,0,8,227
02/01/2014,LIT,AR,ASW,CE,Combined TRACON& Tower with Radar,35,34,30,2,101,0,2,2,1,5,35,36,32,3,106,0,0,0,106
02/02/2014,LIT,AR,ASW,CE,Combined TRACON& Tower with Radar,41,27,16,0,84,0,1,0,0,1,41,28,16,0,85,0,0,0,85
02/03/2014,LIT,AR,ASW,CE,Combined TRACON& Tower with Radar,54,35,61,14,164,0,8,61,2,71,54,43,122,16,235,14,18,32,267
02/04/2014,LIT,AR,ASW,CE,Combined TRACON& Tower with Radar,50,37,34,0,121,0,0,0,0,0,50,37,34,0,121,0,0,0,121
02/05/2014,LIT,AR,ASW,CE,Combined TRACON& Tower with Radar,54,47,83,2,186,0,3,24,2,29,54,50,107,4,215,22,0,22,237
02/06/2014,LIT,AR,ASW,CE,Combined TRACON& Tower with Radar,54,46,75,0,175,0,0,8,0,8,54,46,83,0,183,0,0,0,183
02/07/2014,LIT,AR,ASW,CE,Combined TRACON& Tower with Radar,54,50,66,9,179,0,2,14,2,18,54,52,80,11,197,0,0,0,197
02/08/2014,LIT,AR,ASW,CE,Combined TRACON& Tower with Radar,38,37,27,6,108,0,0,0,0,0,38,37,27,6,108,0,0,0,108
02/09/2014,LIT,AR,ASW,CE,Combined TRACON& Tower with Radar,50,38,42,9,139,0,1,6,1,8,50,39,48,10,147,24,10,34,181
02/10/2014,LIT,AR,ASW,CE,Combined TRACON& Tower with Radar,56,56,56,7,175,0,3,14,1,18,56,59,70,8,193,0,14,14,207
02/11/2014,LIT,AR,ASW,CE,Combined TRACON& Tower with Radar,46,55,61,8,170,0,1,43,0,44,46,56,104,8,214,10,0,10,224
02/12/2014,LIT,AR,ASW,CE,Combined TRACON& Tower with Radar,43,53,102,27,225,0,1,54,7,62,43,54,156,34,287,0,20,20,307
02/13/2014,LIT,AR,ASW,CE,Combined TRACON& Tower with Radar,40,46,90,20,196,0,7,93,3,103,40,53,183,23,299,16,0,16,315
02/14/2014,LIT,AR,ASW,CE,Combined TRACON& Tower with Radar,49,47,72,2,170,0,0,56,0,56,49,47,128,2,226,6,0,6,232
02/15/2014,LIT,AR,ASW,CE,Combined TRACON& Tower with Radar,36,50,37,0,123,0,1,73,10,84,36,51,110,10,207,14,0,14,221
02/16/2014,LIT,AR,ASW,CE,Combined TRACON& Tower with Radar,50,37,40,0,127,0,1,81,0,82,50,38,121,0,209,10,0,10,219
02/17/2014,LIT,AR,ASW,CE,Combined TRACON& Tower with Radar,51,43,55,0,149,0,3,36,0,39,51,46,91,0,188,60,0,60,248
02/18/2014,LIT,AR,ASW,CE,Combined TRACON& Tower with Radar,53,42,102,19,216,0,0,70,3,73,53,42,172,22,289,74,22,96,385
02/19/2014,LIT,AR,ASW,CE,Combined TRACON& Tower with Radar,54,46,116,10,226,0,0,54,0,54,54,46,170,10,280,66,2,68,348
02/20/2014,LIT,AR,ASW,CE,Combined TRACON& Tower with Radar,56,51,73,6,186,0,9,11,2,22,56,60,84,8,208,0,38,38,246
02/21/2014,LIT,AR,ASW,CE,Combined TRACON& Tower with Radar,56,41,93,16,206,0,6,75,3,84,56,47,168,19,290,4,32,36,326
02/22/2014,LIT,AR,ASW,CE,Combined TRACON& Tower with Radar,40,37,42,23,142,0,0,74,0,74,40,37,116,23,216,0,0,0,216
02/23/2014,LIT,AR,ASW,CE,Combined TRACON& Tower with Radar,50,40,37,6,133,0,2,39,3,44,50,42,76,9,177,38,0,38,215
02/24/2014,LIT,AR,ASW,CE,Combined TRACON& Tower with Radar,52,43,63,4,162,0,7,62,1,70,52,50,125,5,232,0,0,0,232
02/25/2014,LIT,AR,ASW,CE,Combined TRACON& Tower with Radar,52,43,58,6,159,0,0,47,0,47,52,43,105,6,206,28,16,44,250
02/26/2014,LIT,AR,ASW,CE,Combined TRACON& Tower with Radar,57,47,57,9,170,0,1,55,5,61,57,48,112,14,231,14,0,14,245
02/27/2014,LIT,AR,ASW,CE,Combined TRACON& Tower with Radar,56,51,69,17,193,0,1,82,2,85,56,52,151,19,278,12,6,18,296
02/28/2014,LIT,AR,ASW,CE,Combined TRACON& Tower with Radar,55,54,94,6,209,0,3,17,4,24,55,57,111,10,233,4,0,4,237
03/01/2014,LIT,AR,ASW,CE,Combined TRACON& Tower with Radar,39,37,62,2,140,0,1,7,4,12,39,38,69,6,152,16,0,16,168
03/02/2014,LIT,AR,ASW,CE,Combined TRACON& Tower with Radar,43,27,32,0,102,0,1,1,0,2,43,28,33,0,104,0,0,0,104
03/03/2014,LIT,AR,ASW,CE,Combined TRACON& Tower with Radar,49,37,21,5,112,0,7,10,0,17,49,44,31,5,129,0,0,0,129
03/04/2014,LIT,AR,ASW,CE,Combined TRACON& Tower with Radar,50,50,73,14,187,0,8,28,1,37,50,58,101,15,224,42,0,42,266
03/05/2014,LIT,AR,ASW,CE,Combined TRACON& Tower with Radar,52,56,82,16,206,0,0,2,0,2,52,56,84,16,208,0,0,0,208
03/06/2014,LIT,AR,ASW,CE,Combined TRACON& Tower with Radar,52,51,71,4,178,0,2,54,4,60,52,53,125,8,238,30,0,30,268
03/07/2014,LIT,AR,ASW,CE,Combined TRACON& Tower with Radar,53,53,80,32,218,0,5,95,4,104,53,58,175,36,322,36,0,36,358
03/08/2014,LIT,AR,ASW,CE,Combined TRACON& Tower with Radar,42,33,22,0,97,0,3,44,2,49,42,36,66,2,146,0,0,0,146
03/09/2014,LIT,AR,ASW,CE,Combined TRACON& Tower with Radar,50,48,67,2,167,0,1,1,0,2,50,49,68,2,169,0,0,0,169
03/10/2014,LIT,AR,ASW,CE,Combined TRACON& Tower with Radar,50,45,56,29,180,0,2,62,0,64,50,47,118,29,244,6,154,160,404
03/11/2014,LIT,AR,ASW,CE,Combined TRACON& Tower with Radar,50,61,96,40,247,0,1,71,6,78,50,62,167,46,325,0,18,18,343
03/12/2014,LIT,AR,ASW,CE,Combined TRACON& Tower with Radar,52,41,71,30,194,0,6,19,3,28,52,47,90,33,222,0,0,0,222
03/13/2014,LIT,AR,ASW,CE,Combined TRACON& Tower with Radar,56,52,88,30,226,0,1,80,3,84,56,53,168,33,310,12,0,12,322
03/14/2014,LIT,AR,ASW,CE,Combined TRACON& Tower with Radar,56,47,72,36,211,0,1,62,1,64,56,48,134,37,275,0,0,0,275
03/15/2014,LIT,AR,ASW,CE,Combined TRACON& Tower with Radar,46,41,27,37,151,0,4,31,0,35,46,45,58,37,186,28,46,74,260
03/16/2014,LIT,AR,ASW,CE,Combined TRACON& Tower with Radar,54,48,28,9,139,0,0,0,0,0,54,48,28,9,139,0,0,0,139
03/17/2014,LIT,AR,ASW,CE,Combined TRACON& Tower with Radar,50,47,60,13,170,0,5,42,3,50,50,52,102,16,220,14,8,22,242
03/18/2014,LIT,AR,ASW,CE,Combined TRACON& Tower with Radar,54,61,66,18,199,0,3,65,4,72,54,64,131,22,271,62,8,70,341
03/19/2014,LIT,AR,ASW,CE,Combined TRACON& Tower with Radar,50,56,71,18,195,0,5,60,9,74,50,61,131,27,269,4,0,4,273
03/20/2014,LIT,AR,ASW,CE,Combined TRACON& Tower with Radar,52,48,108,29,237,0,4,92,1,97,52,52,200,30,334,6,38,44,378
03/21/2014,LIT,AR,ASW,CE,Combined TRACON& Tower with Radar,52,56,89,15,212,0,1,66,1,68,52,57,155,16,280,0,0,0,280
03/22/2014,LIT,AR,ASW,CE,Combined TRACON& Tower with Radar,44,42,43,5,134,0,1,38,0,39,44,43,81,5,173,52,0,52,225
03/23/2014,LIT,AR,ASW,CE,Combined TRACON& Tower with Radar,50,42,39,12,143,0,5,35,1,41,50,47,74,13,184,64,0,64,248
03/24/2014,LIT,AR,ASW,CE,Combined TRACON& Tower with Radar,50,61,58,10,179,0,5,53,1,59,50,66,111,11,238,44,0,44,282
03/25/2014,LIT,AR,ASW,CE,Combined TRACON& Tower with Radar,50,55,50,27,182,0,0,53,5,58,50,55,103,32,240,34,12,46,286
03/26/2014,LIT,AR,ASW,CE,Combined TRACON& Tower with Radar,52,45,65,21,183,0,0,67,0,67,52,45,132,21,250,22,0,22,272
03/27/2014,LIT,AR,ASW,CE,Combined TRACON& Tower with Radar,54,47,58,2,161,0,3,4,0,7,54,50,62,2,168,0,0,0,168
03/28/2014,LIT,AR,ASW,CE,Combined TRACON& Tower with Radar,54,52,70,2,178,0,0,3,0,3,54,52,73,2,181,0,0,0,181
03/29/2014,LIT,AR,ASW,CE,Combined TRACON& Tower with Radar,44,36,70,7,157,0,7,50,2,59,44,43,120,9,216,24,2,26,242
03/30/2014,LIT,AR,ASW,CE,Combined TRACON& Tower with Radar,50,37,47,14,148,0,3,31,0,34,50,40,78,14,182,0,0,0,182
03/31/2014,LIT,AR,ASW,CE,Combined TRACON& Tower with Radar,52,45,54,17,168,0,4,46,1,51,52,49,100,18,219,20,0,20,239
04/01/2014,LIT,AR,ASW,CE,Combined TRACON& Tower with Radar,60,53,85,7,205,0,2,81,2,85,60,55,166,9,290,104,0,104,394
04/02/2014,LIT,AR,ASW,CE,Combined TRACON& Tower with Radar,62,49,84,5,200,0,1,14,2,17,62,50,98,7,217,10,0,10,227
04/03/2014,LIT,AR,ASW,CE,Combined TRACON& Tower with Radar,59,36,50,3,148,0,5,5,0,10,59,41,55,3,158,0,0,0,158
04/04/2014,LIT,AR,ASW,CE,Combined TRACON& Tower with Radar,63,53,97,30,243,0,3,53,3,59,63,56,150,33,302,0,10,10,312
04/05/2014,LIT,AR,ASW,CE,Combined TRACON& Tower with Radar,46,32,48,28,154,0,0,73,4,77,46,32,121,32,231,0,18,18,249
04/06/2014,LIT,AR,ASW,CE,Combined TRACON& Tower with Radar,60,38,45,5,148,0,2,16,0,18,60,40,61,5,166,0,0,0,166
04/07/2014,LIT,AR,ASW,CE,Combined TRACON& Tower with Radar,62,41,71,32,206,0,2,25,2,29,62,43,96,34,235,36,28,64,299
04/08/2014,LIT,AR,ASW,CE,Combined TRACON& Tower with Radar,60,47,72,9,188,0,6,23,0,29,60,53,95,9,217,0,0,0,217
04/09/2014,LIT,AR,ASW,CE,Combined TRACON& Tower with Radar,64,45,97,12,218,0,3,102,1,106,64,48,199,13,324,20,2,22,346
04/10/2014,LIT,AR,ASW,CE,Combined TRACON& Tower with Radar,62,47,93,20,222,0,4,81,0,85,62,51,174,20,307,48,6,54,361
04/11/2014,LIT,AR,ASW,CE,Combined TRACON& Tower with Radar,64,48,70,23,205,0,6,59,0,65,64,54,129,23,270,0,4,4,274
04/12/2014,LIT,AR,ASW,CE,Combined TRACON& Tower with Radar,44,36,62,25,167,0,4,40,1,45,44,40,102,26,212,0,6,6,218
04/13/2014,LIT,AR,ASW,CE,Combined TRACON& Tower with Radar,59,35,43,2,139,0,4,4,0,8,59,39,47,2,147,0,0,0,147
04/14/2014,LIT,AR,ASW,CE,Combined TRACON& Tower with Radar,63,48,77,17,205,0,2,3,0,5,63,50,80,17,210,0,0,0,210
04/15/2014,LIT,AR,ASW,CE,Combined TRACON& Tower with Radar,58,41,82,24,205,0,4,83,2,89,58,45,165,26,294,28,2,30,324
04/16/2014,LIT,AR,ASW,CE,Combined TRACON& Tower with Radar,61,47,92,21,221,0,2,81,2,85,61,49,173,23,306,2,4,6,312
04/17/2014,LIT,AR,ASW,CE,Combined TRACON& Tower with Radar,62,42,95,4,203,0,2,86,3,91,62,44,181,7,294,10,0,10,304
04/18/2014,LIT,AR,ASW,CE,Combined TRACON& Tower with Radar,65,43,48,31,187,0,1,64,5,70,65,44,112,36,257,0,8,8,265
04/19/2014,LIT,AR,ASW,CE,Combined TRACON& Tower with Radar,43,30,25,8,106,0,7,51,2,60,43,37,76,10,166,0,0,0,166
04/20/2014,LIT,AR,ASW,CE,Combined TRACON& Tower with Radar,56,43,33,2,134,0,1,28,0,29,56,44,61,2,163,16,0,16,179
04/21/2014,LIT,AR,ASW,CE,Combined TRACON& Tower with Radar,60,47,76,8,191,0,4,18,0,22,60,51,94,8,213,34,2,36,249
04/22/2014,LIT,AR,ASW,CE,Combined TRACON& Tower with Radar,62,50,103,50,265,0,2,53,5,60,62,52,156,55,325,0,42,42,367
04/23/2014,LIT,AR,ASW,CE,Combined TRACON& Tower with Radar,64,57,100,24,245,0,4,75,1,80,64,61,175,25,325,6,0,6,331
04/24/2014,LIT,AR,ASW,CE,Combined TRACON& Tower with Radar,62,40,61,3,166,0,3,22,0,25,62,43,83,3,191,4,0,4,195
04/25/2014,LIT,AR,ASW,CE,Combined TRACON& Tower with Radar,63,56,78,11,208,0,6,84,4,94,63,62,162,15,302,12,2,14,316
04/26/2014,LIT,AR,ASW,CE,Combined TRACON& Tower with Radar,48,32,45,1,126,0,2,52,2,56,48,34,97,3,182,18,0,18,200
04/27/2014,LIT,AR,ASW,CE,Combined TRACON& Tower with Radar,58,37,31,0,126,0,10,4,1,15,58,47,35,1,141,0,0,0,141
04/28/2014,LIT,AR,ASW,CE,Combined TRACON& Tower with Radar,63,42,90,2,197,0,8,50,1,59,63,50,140,3,256,0,0,0,256
04/29/2014,LIT,AR,ASW,CE,Combined TRACON& Tower with Radar,61,43,81,16,201,0,6,47,2,55,61,49,128,18,256,6,2,8,264
04/30/2014,LIT,AR,ASW,CE,Combined TRACON& Tower with Radar,63,42,110,6,221,0,1,64,1,66,63,43,174,7,287,0,0,0,287
05/01/2014,LIT,AR,ASW,CE,Combined TRACON& Tower with Radar,63,51,83,31,228,0,0,74,0,74,63,51,157,31,302,16,28,44,346
05/02/2014,LIT,AR,ASW,CE,Combined TRACON& Tower with Radar,60,46,74,63,243,0,3,44,0,47,60,49,118,63,290,6,4,10,300
05/03/2014,LIT,AR,ASW,CE,Combined TRACON& Tower with Radar,44,33,47,23,147,0,3,45,7,55,44,36,92,30,202,18,0,18,220
05/04/2014,LIT,AR,ASW,CE,Combined TRACON& Tower with Radar,57,44,52,8,161,0,2,40,0,42,57,46,92,8,203,20,0,20,223
05/05/2014,LIT,AR,ASW,CE,Combined TRACON& Tower with Radar,61,50,54,33,198,0,2,50,1,53,61,52,104,34,251,4,20,24,275
05/06/2014,LIT,AR,ASW,CE,Combined TRACON& Tower with Radar,61,52,66,11,190,0,0,60,1,61,61,52,126,12,251,32,0,32,283
05/07/2014,LIT,AR,ASW,CE,Combined TRACON& Tower with Radar,59,52,105,11,227,0,4,29,0,33,59,56,134,11,260,14,0,14,274
05/08/2014,LIT,AR,ASW,CE,Combined TRACON& Tower with Radar,73,58,75,12,218,0,1,22,2,25,73,59,97,14,243,0,14,14,257
05/09/2014,LIT,AR,ASW,CE,Combined TRACON& Tower with Radar,63,49,83,34,229,0,3,4,0,7,63,52,87,34,236,0,0,0,236
05/10/2014,LIT,AR,ASW,CE,Combined TRACON& Tower with Radar,43,27,44,4,118,0,6,39,1,46,43,33,83,5,164,20,0,20,184
05/11/2014,LIT,AR,ASW,CE,Combined TRACON& Tower with Radar,53,37,47,13,150,0,2,33,0,35,53,39,80,13,185,46,0,46,231
05/12/2014,LIT,AR,ASW,CE,Combined TRACON& Tower with Radar,59,51,68,15,193,0,3,5,0,8,59,54,73,15,201,6,28,34,235
05/13/2014,LIT,AR,ASW,CE,Combined TRACON& Tower with Radar,59,50,67,4,180,0,0,1,0,1,59,50,68,4,181,0,0,0,181
05/14/2014,LIT,AR,ASW,CE,Combined TRACON& Tower with Radar,60,56,61,2,179,0,1,4,0,5,60,57,65,2,184,0,0,0,184
05/15/2014,LIT,AR,ASW,CE,Combined TRACON& Tower with Radar,62,59,75,12,208,0,4,83,2,89,62,63,158,14,297,22,16,38,335
05/16/2014,LIT,AR,ASW,CE,Combined TRACON& Tower with Radar,62,52,87,14,215,0,3,91,7,101,62,55,178,21,316,0,0,0,316
05/17/2014,LIT,AR,ASW,CE,Combined TRACON& Tower with Radar,44,35,69,2,150,0,0,7,0,7,44,35,76,2,157,0,0,0,157
05/18/2014,LIT,AR,ASW,CE,Combined TRACON& Tower with Radar,58,44,64,12,178,0,1,38,0,39,58,45,102,12,217,34,0,34,251
05/19/2014,LIT,AR,ASW,CE,Combined TRACON& Tower with Radar,60,48,58,24,190,0,0,43,1,44,60,48,101,25,234,0,0,0,234
05/20/2014,LIT,AR,ASW,CE,Combined TRACON& Tower with Radar,59,54,69,27,209,0,6,57,0,63,59,60,126,27,272,40,2,42,314
05/21/2014,LIT,AR,ASW,CE,Combined TRACON& Tower with Radar,59,63,67,35,224,0,1,50,2,53,59,64,117,37,277,18,20,38,315
05/22/2014,LIT,AR,ASW,CE,Combined TRACON& Tower with Radar,62,59,112,21,254,0,3,77,4,84,62,62,189,25,338,12,0,12,350
05/23/2014,LIT,AR,ASW,CE,Combined TRACON& Tower with Radar,62,58,72,0,192,0,1,96,0,97,62,59,168,0,289,68,0,68,357
05/24/2014,LIT,AR,ASW,CE,Combined TRACON& Tower with Radar,44,40,38,0,122,0,2,57,0,59,44,42,95,0,181,34,0,34,215
05/25/2014,LIT,AR,ASW,CE,Combined TRACON& Tower with Radar,48,37,17,0,102,0,3,43,0,46,48,40,60,0,148,30,0,30,178
05/26/2014,LIT,AR,ASW,CE,Combined TRACON& Tower with Radar,53,44,34,0,131,0,1,51,0,52,53,45,85,0,183,58,0,58,241
05/27/2014,LIT,AR,ASW,CE,Combined TRACON& Tower with Radar,59,53,81,6,199,0,3,13,3,19,59,56,94,9,218,0,36,36,254
05/28/2014,LIT,AR,ASW,CE,Combined TRACON& Tower with Radar,64,62,70,9,205,0,1,6,3,10,64,63,76,12,215,0,0,0,215
05/29/2014,LIT,AR,ASW,CE,Combined TRACON& Tower with Radar,64,55,68,14,201,0,0,4,0,4,64,55,72,14,205,0,0,0,205
05/30/2014,LIT,AR,ASW,CE,Combined TRACON& Tower with Radar,64,60,50,10,184,0,0,4,0,4,64,60,54,10,188,2,0,2,190
05/31/2014,LIT,AR,ASW,CE,Combined TRACON& Tower with Radar,44,38,33,0,115,0,3,9,0,12,44,41,42,0,127,0,0,0,127
06/01/2014,LIT,AR,ASW,CE,Combined TRACON& Tower with Radar,60,43,49,6,158,0,6,26,0,32,60,49,75,6,190,54,0,54,244
06/02/2014,LIT,AR,ASW,CE,Combined TRACON& Tower with Radar,63,60,101,10,234,0,4,45,3,52,63,64,146,13,286,0,22,22,308
06/03/2014,LIT,AR,ASW,CE,Combined TRACON& Tower with Radar,61,58,66,17,202,0,7,72,3,82,61,65,138,20,284,12,0,12,296
06/04/2014,LIT,AR,ASW,CE,Combined TRACON& Tower with Radar,61,57,84,37,239,0,3,77,3,83,61,60,161,40,322,0,60,60,382
06/05/2014,LIT,AR,ASW,CE,Combined TRACON& Tower with Radar,62,59,75,13,209,0,3,60,3,66,62,62,135,16,275,34,0,34,309
06/06/2014,LIT,AR,ASW,CE,Combined TRACON& Tower with Radar,59,57,53,7,176,0,5,25,0,30,59,62,78,7,206,20,0,20,226
06/07/2014,LIT,AR,ASW,CE,Combined TRACON& Tower with Radar,43,47,38,1,129,0,7,29,4,40,43,54,67,5,169,6,0,6,175
06/08/2014,LIT,AR,ASW,CE,Combined TRACON& Tower with Radar,53,54,40,1,148,0,6,3,0,9,53,60,43,1,157,0,0,0,157
06/09/2014,LIT,AR,ASW,CE,Combined TRACON& Tower with Radar,53,48,60,9,170,0,0,3,0,3,53,48,63,9,173,0,0,0,173
06/10/2014,LIT,AR,ASW,CE,Combined TRACON& Tower with Radar,59,54,78,32,223,0,2,33,5,40,59,56,111,37,263,8,0,8,271
06/11/2014,LIT,AR,ASW,CE,Combined TRACON& Tower with Radar,59,61,100,14,234,0,0,56,5,61,59,61,156,19,295,0,0,0,295
06/12/2014,LIT,AR,ASW,CE,Combined TRACON& Tower with Radar,60,60,73,18,211,0,0,54,2,56,60,60,127,20,267,22,34,56,323
06/13/2014,LIT,AR,ASW,CE,Combined TRACON& Tower with Radar,64,65,64,21,214,0,2,65,3,70,64,67,129,24,284,26,0,26,310
06/14/2014,LIT,AR,ASW,CE,Combined TRACON& Tower with Radar,53,27,21,2,103,0,3,61,1,65,53,30,82,3,168,16,0,16,184
06/15/2014,LIT,AR,ASW,CE,Combined TRACON& Tower with Radar,56,51,55,4,166,0,1,41,2,44,56,52,96,6,210,0,0,0,210
06/16/2014,LIT,AR,ASW,CE,Combined TRACON& Tower with Radar,58,53,89,15,215,0,3,60,3,66,58,56,149,18,281,14,24,38,319
06/17/2014,LIT,AR,ASW,CE,Combined TRACON& Tower with Radar,64,52,111,3,230,0,0,55,3,58,64,52,166,6,288,26,0,26,314
06/18/2014,LIT,AR,ASW,CE,Combined TRACON& Tower with Radar,62,54,95,4,215,0,6,84,2,92,62,60,179,6,307,0,0,0,307
06/19/2014,LIT,AR,ASW,CE,Combined TRACON& Tower with Radar,62,40,92,31,225,0,3,62,0,65,62,43,154,31,290,19,22,41,331
06/20/2014,LIT,AR,ASW,CE,Combined TRACON& Tower with Radar,61,48,69,18,196,0,4,58,1,63,61,52,127,19,259,16,22,38,297
06/21/2014,LIT,AR,ASW,CE,Combined TRACON& Tower with Radar,53,31,44,13,141,0,0,36,2,38,53,31,80,15,179,8,0,8,187
06/22/2014,LIT,AR,ASW,CE,Combined TRACON& Tower with Radar,54,46,55,2,157,0,1,35,2,38,54,47,90,4,195,0,0,0,195
06/23/2014,LIT,AR,ASW,CE,Combined TRACON& Tower with Radar,60,36,72,20,188,0,4,14,1,19,60,40,86,21,207,20,28,48,255
06/24/2014,LIT,AR,ASW,CE,Combined TRACON& Tower with Radar,61,56,128,16,261,0,7,61,12,80,61,63,189,28,341,0,6,6,347
06/25/2014,LIT,AR,ASW,CE,Combined TRACON& Tower with Radar,61,55,80,4,200,0,2,48,0,50,61,57,128,4,250,24,0,24,274
06/26/2014,LIT,AR,ASW,CE,Combined TRACON& Tower with Radar,64,55,78,17,214,0,4,24,1,29,64,59,102,18,243,4,0,4,247
06/27/2014,LIT,AR,ASW,CE,Combined TRACON& Tower with Radar,62,59,61,47,229,0,3,18,3,24,62,62,79,50,253,0,4,4,257
06/28/2014,LIT,AR,ASW,CE,Combined TRACON& Tower with Radar,57,41,47,12,157,0,1,10,1,12,57,42,57,13,169,4,10,14,183
06/29/2014,LIT,AR,ASW,CE,Combined TRACON& Tower with Radar,54,51,52,9,166,0,1,8,0,9,54,52,60,9,175,0,0,0,175
06/30/2014,LIT,AR,ASW,CE,Combined TRACON& Tower with Radar,55,56,69,17,197,0,0,59,4,63,55,56,128,21,260,12,2,14,274
07/01/2014,LIT,AR,ASW,CE,Combined TRACON& Tower with Radar,58,52,88,36,234,0,1,58,1,60,58,53,146,37,294,22,46,68,362
07/02/2014,LIT,AR,ASW,CE,Combined TRACON& Tower with Radar,56,52,81,31,220,0,1,45,1,47,56,53,126,32,267,12,4,16,283
07/03/2014,LIT,AR,ASW,CE,Combined TRACON& Tower with Radar,64,47,52,3,166,0,3,57,1,61,64,50,109,4,227,2,0,2,229
07/04/2014,LIT,AR,ASW,CE,Combined TRACON& Tower with Radar,43,23,23,0,89,0,3,33,0,36,43,26,56,0,125,0,0,0,125
07/05/2014,LIT,AR,ASW,CE,Combined TRACON& Tower with Radar,47,32,31,0,110,0,5,34,1,40,47,37,65,1,150,0,0,0,150
07/06/2014,LIT,AR,ASW,CE,Combined TRACON& Tower with Radar,54,46,52,1,153,0,2,41,0,43,54,48,93,1,196,6,0,6,202
07/07/2014,LIT,AR,ASW,CE,Combined TRACON& Tower with Radar,58,42,68,15,183,0,2,51,0,53,58,44,119,15,236,28,18,46,282
07/08/2014,LIT,AR,ASW,CE,Combined TRACON& Tower with Radar,58,49,74,34,215,0,5,50,6,61,58,54,124,40,276,12,32,44,320
07/09/2014,LIT,AR,ASW,CE,Combined TRACON& Tower with Radar,64,56,81,24,225,0,3,28,5,36,64,59,109,29,261,16,14,30,291
07/10/2014,LIT,AR,ASW,CE,Combined TRACON& Tower with Radar,62,53,84,16,215,0,2,19,0,21,62,55,103,16,236,0,20,20,256
07/11/2014,LIT,AR,ASW,CE,Combined TRACON& Tower with Radar,62,46,90,28,226,0,1,55,4,60,62,47,145,32,286,38,68,106,392
07/12/2014,LIT,AR,ASW,CE,Combined TRACON& Tower with Radar,51,36,42,14,143,0,4,42,8,54,51,40,84,22,197,0,0,0,197
07/13/2014,LIT,AR,ASW,CE,Combined TRACON& Tower with Radar,57,40,50,10,157,0,3,54,1,58,57,43,104,11,215,82,10,92,307
07/14/2014,LIT,AR,ASW,CE,Combined TRACON& Tower with Radar,54,41,52,17,164,0,6,43,1,50,54,47,95,18,214,6,10,16,230
07/15/2014,LIT,AR,ASW,CE,Combined TRACON& Tower with Radar,63,44,92,24,223,0,0,66,4,70,63,44,158,28,293,6,28,34,327
07/16/2014,LIT,AR,ASW,CE,Combined TRACON& Tower with Radar,62,44,92,65,263,0,4,66,0,70,62,48,158,65,333,2,10,12,345
07/17/2014,LIT,AR,ASW,CE,Combined TRACON& Tower with Radar,63,43,86,12,204,0,7,17,1,25,63,50,103,13,229,16,12,28,257
07/18/2014,LIT,AR,ASW,CE,Combined TRACON& Tower with Radar,61,52,72,18,203,0,1,3,0,4,61,53,75,18,207,0,0,0,207
07/19/2014,LIT,AR,ASW,CE,Combined TRACON& Tower with Radar,51,39,40,5,135,0,3,22,0,25,51,42,62,5,160,30,0,30,190
07/20/2014,LIT,AR,ASW,CE,Combined TRACON& Tower with Radar,54,40,25,6,125,0,5,30,0,35,54,45,55,6,160,16,0,16,176
07/21/2014,LIT,AR,ASW,CE,Combined TRACON& Tower with Radar,60,52,61,35,208,0,6,53,1,60,60,58,114,36,268,30,32,62,330
07/22/2014,LIT,AR,ASW,CE,Combined TRACON& Tower with Radar,60,50,68,59,237,0,3,58,5,66,60,53,126,64,303,24,84,108,411
07/23/2014,LIT,AR,ASW,CE,Combined TRACON& Tower with Radar,62,45,76,21,204,0,8,39,4,51,62,53,115,25,255,0,0,0,255
07/24/2014,LIT,AR,ASW,CE,Combined TRACON& Tower with Radar,61,51,72,51,235,0,2,47,0,49,61,53,119,51,284,4,48,52,336
07/25/2014,LIT,AR,ASW,CE,Combined TRACON& Tower with Radar,59,48,64,26,197,0,1,82,8,91,59,49,146,34,288,18,38,56,344
07/26/2014,LIT,AR,ASW,CE,Combined TRACON& Tower with Radar,54,30,45,0,129,0,3,44,0,47,54,33,89,0,176,10,0,10,186
07/27/2014,LIT,AR,ASW,CE,Combined TRACON& Tower with Radar,56,36,56,0,148,0,2,37,0,39,56,38,93,0,187,24,0,24,211
07/28/2014,LIT,AR,ASW,CE,Combined TRACON& Tower with Radar,58,47,63,25,193,0,0,52,3,55,58,47,115,28,248,46,17,63,311
07/29/2014,LIT,AR,ASW,CE,Combined TRACON& Tower with Radar,63,45,66,23,197,0,6,85,0,91,63,51,151,23,288,58,12,70,358
07/30/2014,LIT,AR,ASW,CE,Combined TRACON& Tower with Radar,61,49,73,64,247,0,4,41,2,47,61,53,114,66,294,6,28,34,328
07/31/2014,LIT,AR,ASW,CE,Combined TRACON& Tower with Radar,62,49,87,7,205,0,1,0,0,1,62,50,87,7,206,0,12,12,218
08/01/2014,LIT,AR,ASW,CE,Combined TRACON& Tower with Radar,63,51,78,42,234,0,1,39,6,46,63,52,117,48,280,0,0,0,280
08/02/2014,LIT,AR,ASW,CE,Combined TRACON& Tower with Radar,55,33,47,38,173,0,4,51,4,59,55,37,98,42,232,0,26,26,258
08/03/2014,LIT,AR,ASW,CE,Combined TRACON& Tower with Radar,59,36,54,13,162,0,1,49,4,54,59,37,103,17,216,48,12,60,276
08/04/2014,LIT,AR,ASW,CE,Combined TRACON& Tower with Radar,60,59,66,44,229,0,2,40,5,47,60,61,106,49,276,0,20,20,296
08/05/2014,LIT,AR,ASW,CE,Combined TRACON& Tower with Radar,68,45,78,57,248,0,3,79,6,88,68,48,157,63,336,44,48,92,428
08/06/2014,LIT,AR,ASW,CE,Combined TRACON& Tower with Radar,65,46,86,20,217,0,2,59,5,66,65,48,145,25,283,20,12,32,315
08/07/2014,LIT,AR,ASW,CE,Combined TRACON& Tower with Radar,67,44,80,19,210,0,0,39,5,44,67,44,119,24,254,0,10,10,264
08/08/2014,LIT,AR,ASW,CE,Combined TRACON& Tower with Radar,62,45,64,35,206,0,3,31,0,34,62,48,95,35,240,0,20,20,260
08/09/2014,LIT,AR,ASW,CE,Combined TRACON& Tower with Radar,51,32,14,5,102,0,2,10,0,12,51,34,24,5,114,6,0,6,120
08/10/2014,LIT,AR,ASW,CE,Combined TRACON& Tower with Radar,62,41,38,10,151,0,1,35,1,37,62,42,73,11,188,30,0,30,218
08/11/2014,LIT,AR,ASW,CE,Combined TRACON& Tower with Radar,57,48,66,25,196,0,4,36,1,41,57,52,102,26,237,12,34,46,283
08/12/2014,LIT,AR,ASW,CE,Combined TRACON& Tower with Radar,64,37,78,56,235,0,1,70,5,76,64,38,148,61,311,72,60,132,443
08/13/2014,LIT,AR,ASW,CE,Combined TRACON& Tower with Radar,65,36,77,26,204,0,1,93,5,99,65,37,170,31,303,16,30,46,349
08/14/2014,LIT,AR,ASW,CE,Combined TRACON& Tower with Radar,63,47,63,23,196,0,6,68,4,78,63,53,131,27,274,10,12,22,296
08/15/2014,LIT,AR,ASW,CE,Combined TRACON& Tower with Radar,64,49,73,62,248,0,0,76,4,80,64,49,149,66,328,0,4,4,332
08/16/2014,LIT,AR,ASW,CE,Combined TRACON& Tower with Radar,54,39,38,2,133,0,0,50,0,50,54,39,88,2,183,8,0,8,191
08/17/2014,LIT,AR,ASW,CE,Combined TRACON& Tower with Radar,69,42,42,9,162,0,6,25,2,33,69,48,67,11,195,8,0,8,203
08/18/2014,LIT,AR,ASW,CE,Combined TRACON& Tower with Radar,58,43,86,18,205,0,3,14,1,18,58,46,100,19,223,10,14,24,247
08/19/2014,LIT,AR,ASW,CE,Combined TRACON& Tower with Radar,64,49,84,37,234,0,0,58,6,64,64,49,142,43,298,0,16,16,314
08/20/2014,LIT,AR,ASW,CE,Combined TRACON& Tower with Radar,69,51,96,60,276,0,4,60,8,72,69,55,156,68,348,6,0,6,354
08/21/2014,LIT,AR,ASW,CE,Combined TRACON& Tower with Radar,67,44,101,29,241,0,1,55,5,61,67,45,156,34,302,38,54,92,394
08/22/2014,LIT,AR,ASW,CE,Combined TRACON& Tower with Radar,61,54,62,16,193,0,2,49,6,57,61,56,111,22,250,36,14,50,300
08/23/2014,LIT,AR,ASW,CE,Combined TRACON& Tower with Radar,51,25,27,2,105,0,0,49,6,55,51,25,76,8,160,0,16,16,176
08/24/2014,LIT,AR,ASW,CE,Combined TRACON& Tower with Radar,56,32,45,1,134,0,0,31,1,32,56,32,76,2,166,0,0,0,166
08/25/2014,LIT,AR,ASW,CE,Combined TRACON& Tower with Radar,55,38,80,20,193,0,0,40,2,42,55,38,120,22,235,0,0,0,235
08/26/2014,LIT,AR,ASW,CE,Combined TRACON& Tower with Radar,59,50,82,27,218,0,3,49,1,53,59,53,131,28,271,8,6,14,285
08/27/2014,LIT,AR,ASW,CE,Combined TRACON& Tower with Radar,61,54,78,13,206,0,3,34,1,38,61,57,112,14,244,0,0,0,244
08/28/2014,LIT,AR,ASW,CE,Combined TRACON& Tower with Radar,63,41,75,15,194,0,4,58,1,63,63,45,133,16,257,4,0,4,261
08/29/2014,LIT,AR,ASW,CE,Combined TRACON& Tower with Radar,59,43,83,16,201,0,2,54,0,56,59,45,137,16,257,18,2,20,277
08/30/2014,LIT,AR,ASW,CE,Combined TRACON& Tower with Radar,52,38,37,7,134,0,0,23,0,23,52,38,60,7,157,8,0,8,165
08/31/2014,LIT,AR,ASW,CE,Combined TRACON& Tower with Radar,42,30,21,1,94,0,1,7,0,8,42,31,28,1,102,0,0,0,102
09/01/2014,LIT,AR,ASW,CE,Combined TRACON& Tower with Radar,54,44,30,0,128,0,0,20,0,20,54,44,50,0,148,0,0,0,148
09/02/2014,LIT,AR,ASW,CE,Combined TRACON& Tower with Radar,60,42,73,3,178,0,0,22,10,32,60,42,95,13,210,6,28,34,244
09/03/2014,LIT,AR,ASW,CE,Combined TRACON& Tower with Radar,62,38,91,40,231,0,0,36,3,39,62,38,127,43,270,0,36,36,306
09/04/2014,LIT,AR,ASW,CE,Combined TRACON& Tower with Radar,61,53,97,16,227,0,0,51,4,55,61,53,148,20,282,24,6,30,312
09/05/2014,LIT,AR,ASW,CE,Combined TRACON& Tower with Radar,60,47,67,32,206,0,3,66,4,73,60,50,133,36,279,11,32,43,322
09/06/2014,LIT,AR,ASW,CE,Combined TRACON& Tower with Radar,50,27,43,15,135,0,1,36,9,46,50,28,79,24,181,7,0,7,188
09/07/2014,LIT,AR,ASW,CE,Combined TRACON& Tower with Radar,55,38,51,26,170,0,1,30,0,31,55,39,81,26,201,0,0,0,201
09/08/2014,LIT,AR,ASW,CE,Combined TRACON& Tower with Radar,57,44,71,31,203,0,5,45,2,52,57,49,116,33,255,0,0,0,255
09/09/2014,LIT,AR,ASW,CE,Combined TRACON& Tower with Radar,61,37,65,32,195,0,3,40,18,61,61,40,105,50,256,2,36,38,294
09/10/2014,LIT,AR,ASW,CE,Combined TRACON& Tower with Radar,61,35,87,14,197,0,2,43,9,54,61,37,130,23,251,8,26,34,285
09/11/2014,LIT,AR,ASW,CE,Combined TRACON& Tower with Radar,65,43,66,14,188,0,2,0,0,2,65,45,66,14,190,0,0,0,190
09/12/2014,LIT,AR,ASW,CE,Combined TRACON& Tower with Radar,59,49,70,24,202,0,1,2,0,3,59,50,72,24,205,0,6,6,211
09/13/2014,LIT,AR,ASW,CE,Combined TRACON& Tower with Radar,54,32,49,2,137,0,4,36,1,41,54,36,85,3,178,0,0,0,178
09/14/2014,LIT,AR,ASW,CE,Combined TRACON& Tower with Radar,57,34,52,7,150,0,1,66,3,70,57,35,118,10,220,22,10,32,252
09/15/2014,LIT,AR,ASW,CE,Combined TRACON& Tower with Radar,59,45,100,20,224,0,9,50,2,61,59,54,150,22,285,74,30,104,389
09/16/2014,LIT,AR,ASW,CE,Combined TRACON& Tower with Radar,61,44,100,39,244,0,0,27,3,30,61,44,127,42,274,10,6,16,290
09/17/2014,LIT,AR,ASW,CE,Combined TRACON& Tower with Radar,63,37,107,35,242,0,1,52,0,53,63,38,159,35,295,14,6,20,315
09/18/2014,LIT,AR,ASW,CE,Combined TRACON& Tower with Radar,61,46,97,21,225,0,4,16,1,21,61,50,113,22,246,0,0,0,246
09/19/2014,LIT,AR,ASW,CE,Combined TRACON& Tower with Radar,61,45,98,23,227,0,3,55,3,61,61,48,153,26,288,38,22,60,348
09/20/2014,LIT,AR,ASW,CE,Combined TRACON& Tower with Radar,54,28,43,8,133,0,4,56,1,61,54,32,99,9,194,36,0,36,230
09/21/2014,LIT,AR,ASW,CE,Combined TRACON& Tower with Radar,57,34,51,14,156,0,0,36,0,36,57,34,87,14,192,0,0,0,192
09/22/2014,LIT,AR,ASW,CE,Combined TRACON& Tower with Radar,59,43,61,25,188,0,5,59,0,64,59,48,120,25,252,34,10,44,296
09/23/2014,LIT,AR,ASW,CE,Combined TRACON& Tower with Radar,61,55,67,24,207,0,11,44,4,59,61,66,111,28,266,6,22,28,294
09/24/2014,LIT,AR,ASW,CE,Combined TRACON& Tower with Radar,61,48,74,7,190,0,5,62,2,69,61,53,136,9,259,20,0,20,279
09/25/2014,LIT,AR,ASW,CE,Combined TRACON& Tower with Radar,62,40,75,16,193,0,5,55,2,62,62,45,130,18,255,12,6,18,273
09/26/2014,LIT,AR,ASW,CE,Combined TRACON& Tower with Radar,52,41,75,79,247,0,5,71,2,78,52,46,146,81,325,2,30,32,357
09/27/2014,LIT,AR,ASW,CE,Combined TRACON& Tower with Radar,49,23,47,24,143,0,4,41,4,49,49,27,88,28,192,46,6,52,244
09/28/2014,LIT,AR,ASW,CE,Combined TRACON& Tower with Radar,48,32,43,19,142,0,2,42,2,46,48,34,85,21,188,0,0,0,188
09/29/2014,LIT,AR,ASW,CE,Combined TRACON& Tower with Radar,57,39,70,46,212,0,0,66,11,77,57,39,136,57,289,20,0,20,309
09/30/2014,LIT,AR,ASW,CE,Combined TRACON& Tower with Radar,59,61,91,14,225,0,2,63,1,66,59,63,154,15,291,36,0,36,327
10/01/2014,LIT,AR,ASW,CE,Combined TRACON& Tower with Radar,59,49,89,29,226,0,7,51,4,62,59,56,140,33,288,10,12,22,310
10/02/2014,LIT,AR,ASW,CE,Combined TRACON& Tower with Radar,55,39,78,22,194,0,0,13,3,16,55,39,91,25,210,8,58,66,276
10/03/2014,LIT,AR,ASW,CE,Combined TRACON& Tower with Radar,68,50,92,94,304,0,6,77,2,85,68,56,169,96,389,46,18,64,453
10/04/2014,LIT,AR,ASW,CE,Combined TRACON& Tower with Radar,52,32,29,11,124,0,0,33,4,37,52,32,62,15,161,12,0,12,173
10/05/2014,LIT,AR,ASW,CE,Combined TRACON& Tower with Radar,55,29,57,1,142,0,2,25,2,29,55,31,82,3,171,26,0,26,197
10/06/2014,LIT,AR,ASW,CE,Combined TRACON& Tower with Radar,58,43,72,15,188,0,3,47,1,51,58,46,119,16,239,6,0,6,245
10/07/2014,LIT,AR,ASW,CE,Combined TRACON& Tower with Radar,57,40,93,33,223,0,4,55,5,64,57,44,148,38,287,4,20,24,311
10/08/2014,LIT,AR,ASW,CE,Combined TRACON& Tower with Radar,61,54,83,21,219,0,5,32,1,38,61,59,115,22,257,0,18,18,275
10/09/2014,LIT,AR,ASW,CE,Combined TRACON& Tower with Radar,60,41,108,44,253,0,5,67,3,75,60,46,175,47,328,24,28,52,380
10/10/2014,LIT,AR,ASW,CE,Combined TRACON& Tower with Radar,59,50,67,17,193,0,2,27,0,29,59,52,94,17,222,0,28,28,250
10/11/2014,LIT,AR,ASW,CE,Combined TRACON& Tower with Radar,52,29,52,0,133,0,1,5,0,6,52,30,57,0,139,0,0,0,139
10/12/2014,LIT,AR,ASW,CE,Combined TRACON& Tower with Radar,52,39,59,5,155,0,2,9,0,11,52,41,68,5,166,10,0,10,176
10/13/2014,LIT,AR,ASW,CE,Combined TRACON& Tower with Radar,56,46,36,1,139,0,1,7,0,8,56,47,43,1,147,32,0,32,179
10/14/2014,LIT,AR,ASW,CE,Combined TRACON& Tower with Radar,65,44,77,10,196,0,4,34,1,39,65,48,111,11,235,106,0,106,341
10/15/2014,LIT,AR,ASW,CE,Combined TRACON& Tower with Radar,60,47,93,19,219,1,5,59,1,66,61,52,152,20,285,136,28,164,449
10/16/2014,LIT,AR,ASW,CE,Combined TRACON& Tower with Radar,63,47,101,48,259,0,1,87,6,94,63,48,188,54,353,122,76,198,551
10/17/2014,LIT,AR,ASW,CE,Combined TRACON& Tower with Radar,67,44,102,28,241,0,2,98,8,108,67,46,200,36,349,56,20,76,425
10/18/2014,LIT,AR,ASW,CE,Combined TRACON& Tower with Radar,54,41,78,6,179,0,5,70,1,76,54,46,148,7,255,48,0,48,303
10/19/2014,LIT,AR,ASW,CE,Combined TRACON& Tower with Radar,55,40,66,4,165,0,1,56,1,58,55,41,122,5,223,86,0,86,309
10/20/2014,LIT,AR,ASW,CE,Combined TRACON& Tower with Radar,59,49,77,15,200,0,10,39,2,51,59,59,116,17,251,2,14,16,267
10/21/2014,LIT,AR,ASW,CE,Combined TRACON& Tower with Radar,61,47,101,9,218,0,7,78,19,104,61,54,179,28,322,24,0,24,346
10/22/2014,LIT,AR,ASW,CE,Combined TRACON& Tower with Radar,61,41,89,12,203,0,3,47,6,56,61,44,136,18,259,6,0,6,265
10/23/2014,LIT,AR,ASW,CE,Combined TRACON& Tower with Radar,61,42,116,10,229,0,0,71,0,71,61,42,187,10,300,10,0,10,310
10/24/2014,LIT,AR,ASW,CE,Combined TRACON& Tower with Radar,63,43,76,14,196,0,2,61,3,66,63,45,137,17,262,4,0,4,266
10/25/2014,LIT,AR,ASW,CE,Combined TRACON& Tower with Radar,52,27,35,10,124,0,3,65,0,68,52,30,100,10,192,0,0,0,192
10/26/2014,LIT,AR,ASW,CE,Combined TRACON& Tower with Radar,55,37,57,0,149,0,7,45,0,52,55,44,102,0,201,0,0,0,201
10/27/2014,LIT,AR,ASW,CE,Combined TRACON& Tower with Radar,59,50,82,10,201,0,4,31,1,36,59,54,113,11,237,0,0,0,237
10/28/2014,LIT,AR,ASW,CE,Combined TRACON& Tower with Radar,59,42,73,8,182,0,0,2,0,2,59,42,75,8,184,0,0,0,184
10/29/2014,LIT,AR,ASW,CE,Combined TRACON& Tower with Radar,58,37,96,47,238,0,6,84,7,97,58,43,180,54,335,94,20,114,449
10/30/2014,LIT,AR,ASW,CE,Combined TRACON& Tower with Radar,58,45,98,9,210,0,1,55,0,56,58,46,153,9,266,12,4,16,282
10/31/2014,LIT,AR,ASW,CE,Combined TRACON& Tower with Radar,52,34,48,11,145,0,0,46,1,47,52,34,94,12,192,0,10,10,202
11/01/2014,LIT,AR,ASW,CE,Combined TRACON& Tower with Radar,47,31,37,13,128,0,0,45,3,48,47,31,82,16,176,0,0,0,176
11/02/2014,LIT,AR,ASW,CE,Combined TRACON& Tower with Radar,50,35,40,4,129,0,2,30,5,37,50,37,70,9,166,0,0,0,166
11/03/2014,LIT,AR,ASW,CE,Combined TRACON& Tower with Radar,56,46,79,18,199,0,9,79,0,88,56,55,158,18,287,6,16,22,309
11/04/2014,LIT,AR,ASW,CE,Combined TRACON& Tower with Radar,60,35,76,19,190,0,1,14,0,15,60,36,90,19,205,0,0,0,205
11/05/2014,LIT,AR,ASW,CE,Combined TRACON& Tower with Radar,56,47,102,6,211,0,0,0,0,0,56,47,102,6,211,0,0,0,211
11/06/2014,LIT,AR,ASW,CE,Combined TRACON& Tower with Radar,51,59,99,31,240,0,7,65,6,78,51,66,164,37,318,14,26,40,358
11/07/2014,LIT,AR,ASW,CE,Combined TRACON& Tower with Radar,56,51,69,35,211,0,3,90,5,98,56,54,159,40,309,78,58,136,445
11/08/2014,LIT,AR,ASW,CE,Combined TRACON& Tower with Radar,43,27,43,10,123,0,2,35,4,41,43,29,78,14,164,8,0,8,172
11/09/2014,LIT,AR,ASW,CE,Combined TRACON& Tower with Radar,51,31,44,13,139,0,1,47,3,51,51,32,91,16,190,30,0,30,220
11/10/2014,LIT,AR,ASW,CE,Combined TRACON& Tower with Radar,55,56,63,8,182,0,3,30,1,34,55,59,93,9,216,8,0,8,224
11/11/2014,LIT,AR,ASW,CE,Combined TRACON& Tower with Radar,53,39,70,0,162,0,1,25,0,26,53,40,95,0,188,0,0,0,188
11/12/2014,LIT,AR,ASW,CE,Combined TRACON& Tower with Radar,57,48,95,27,227,0,1,72,2,75,57,49,167,29,302,42,0,42,344
11/13/2014,LIT,AR,ASW,CE,Combined TRACON& Tower with Radar,53,60,69,25,207,0,2,26,5,33,53,62,95,30,240,0,6,6,246
11/14/2014,LIT,AR,ASW,CE,Combined TRACON& Tower with Radar,58,65,73,45,241,0,1,70,2,73,58,66,143,47,314,0,46,46,360
11/15/2014,LIT,AR,ASW,CE,Combined TRACON& Tower with Radar,43,37,43,13,136,0,2,32,4,38,43,39,75,17,174,4,0,4,178
11/16/2014,LIT,AR,ASW,CE,Combined TRACON& Tower with Radar,48,40,45,5,138,0,0,0,0,0,48,40,45,5,138,0,0,0,138
11/17/2014,LIT,AR,ASW,CE,Combined TRACON& Tower with Radar,54,52,83,26,215,0,3,55,2,60,54,55,138,28,275,0,0,0,275
11/18/2014,LIT,AR,ASW,CE,Combined TRACON& Tower with Radar,53,51,66,15,185,0,0,67,3,70,53,51,133,18,255,22,0,22,277
11/19/2014,LIT,AR,ASW,CE,Combined TRACON& Tower with Radar,56,53,81,2,192,0,0,59,1,60,56,53,140,3,252,6,0,6,258
11/20/2014,LIT,AR,ASW,CE,Combined TRACON& Tower with Radar,56,46,98,18,218,0,1,52,1,54,56,47,150,19,272,22,6,28,300
11/21/2014,LIT,AR,ASW,CE,Combined TRACON& Tower with Radar,57,48,86,8,199,0,0,0,0,0,57,48,86,8,199,0,0,0,199
11/22/2014,LIT,AR,ASW,CE,Combined TRACON& Tower with Radar,44,36,39,10,129,0,4,21,0,25,44,40,60,10,154,0,0,0,154
11/23/2014,LIT,AR,ASW,CE,Combined TRACON& Tower with Radar,44,38,30,15,127,0,0,1,0,1,44,38,31,15,128,0,0,0,128
11/24/2014,LIT,AR,ASW,CE,Combined TRACON& Tower with Radar,49,36,65,12,162,0,6,39,2,47,49,42,104,14,209,0,10,10,219
11/25/2014,LIT,AR,ASW,CE,Combined TRACON& Tower with Radar,57,53,67,12,189,0,10,66,3,79,57,63,133,15,268,0,12,12,280
11/26/2014,LIT,AR,ASW,CE,Combined TRACON& Tower with Radar,58,57,60,1,176,0,3,52,1,56,58,60,112,2,232,0,0,0,232
11/27/2014,LIT,AR,ASW,CE,Combined TRACON& Tower with Radar,29,21,21,0,71,0,4,22,0,26,29,25,43,0,97,0,0,0,97
11/28/2014,LIT,AR,ASW,CE,Combined TRACON& Tower with Radar,50,37,41,0,128,0,0,39,0,39,50,37,80,0,167,4,0,4,171
11/29/2014,LIT,AR,ASW,CE,Combined TRACON& Tower with Radar,50,33,46,0,129,0,3,18,0,21,50,36,64,0,150,0,0,0,150
11/30/2014,LIT,AR,ASW,CE,Combined TRACON& Tower with Radar,53,41,55,0,149,0,3,12,0,15,53,44,67,0,164,0,0,0,164
12/01/2014,LIT,AR,ASW,CE,Combined TRACON& Tower with Radar,54,50,52,29,185,0,2,0,0,2,54,52,52,29,187,0,0,0,187
12/02/2014,LIT,AR,ASW,CE,Combined TRACON& Tower with Radar,56,32,74,19,181,0,2,14,0,16,56,34,88,19,197,50,26,76,273
12/03/2014,LIT,AR,ASW,CE,Combined TRACON& Tower with Radar,58,44,85,7,194,0,0,4,0,4,58,44,89,7,198,0,0,0,198
12/04/2014,LIT,AR,ASW,CE,Combined TRACON& Tower with Radar,52,30,66,4,152,0,0,1,0,1,52,30,67,4,153,0,0,0,153
12/05/2014,LIT,AR,ASW,CE,Combined TRACON& Tower with Radar,56,32,64,10,162,0,0,1,0,1,56,32,65,10,163,0,0,0,163
12/06/2014,LIT,AR,ASW,CE,Combined TRACON& Tower with Radar,40,28,49,0,117,0,6,31,0,37,40,34,80,0,154,0,0,0,154
12/07/2014,LIT,AR,ASW,CE,Combined TRACON& Tower with Radar,50,30,38,10,128,0,3,14,2,19,50,33,52,12,147,16,0,16,163
12/08/2014,LIT,AR,ASW,CE,Combined TRACON& Tower with Radar,50,39,64,24,177,0,5,40,6,51,50,44,104,30,228,4,30,34,262
12/09/2014,LIT,AR,ASW,CE,Combined TRACON& Tower with Radar,57,35,85,24,201,0,0,65,1,66,57,35,150,25,267,16,0,16,283
12/10/2014,LIT,AR,ASW,CE,Combined TRACON& Tower with Radar,55,47,64,22,188,0,0,42,3,45,55,47,106,25,233,4,0,4,237
12/11/2014,LIT,AR,ASW,CE,Combined TRACON& Tower with Radar,57,38,101,13,209,0,1,51,3,55,57,39,152,16,264,6,0,6,270
12/12/2014,LIT,AR,ASW,CE,Combined TRACON& Tower with Radar,56,41,73,3,173,0,4,15,0,19,56,45,88,3,192,0,0,0,192
12/13/2014,LIT,AR,ASW,CE,Combined TRACON& Tower with Radar,40,33,50,21,144,0,5,31,2,38,40,38,81,23,182,6,0,6,188
12/14/2014,LIT,AR,ASW,CE,Combined TRACON& Tower with Radar,50,40,59,8,157,0,5,23,0,28,50,45,82,8,185,0,0,0,185
12/15/2014,LIT,AR,ASW,CE,Combined TRACON& Tower with Radar,56,36,63,18,173,0,5,25,1,31,56,41,88,19,204,16,0,16,220
12/16/2014,LIT,AR,ASW,CE,Combined TRACON& Tower with Radar,52,37,115,33,237,0,4,52,6,62,52,41,167,39,299,38,0,38,337
12/17/2014,LIT,AR,ASW,CE,Combined TRACON& Tower with Radar,54,46,73,16,189,0,2,37,2,41,54,48,110,18,230,6,102,108,338
12/18/2014,LIT,AR,ASW,CE,Combined TRACON& Tower with Radar,52,47,104,11,214,0,0,0,0,0,52,47,104,11,214,0,0,0,214
12/19/2014,LIT,AR,ASW,CE,Combined TRACON& Tower with Radar,58,42,65,3,168,0,0,3,0,3,58,42,68,3,171,0,0,0,171
12/20/2014,LIT,AR,ASW,CE,Combined TRACON& Tower with Radar,54,35,61,0,150,0,2,49,0,51,54,37,110,0,201,0,0,0,201
12/21/2014,LIT,AR,ASW,CE,Combined TRACON& Tower with Radar,52,38,48,0,138,0,0,27,0,27,52,38,75,0,165,0,0,0,165
12/22/2014,LIT,AR,ASW,CE,Combined TRACON& Tower with Radar,55,44,47,18,164,0,2,0,0,2,55,46,47,18,166,0,0,0,166
12/23/2014,LIT,AR,ASW,CE,Combined TRACON& Tower with Radar,53,54,41,5,153,0,1,13,6,20,53,55,54,11,173,0,6,6,179
12/24/2014,LIT,AR,ASW,CE,Combined TRACON& Tower with Radar,46,21,25,2,94,0,2,10,0,12,46,23,35,2,106,0,0,0,106
12/25/2014,LIT,AR,ASW,CE,Combined TRACON& Tower with Radar,39,19,12,0,70,0,6,16,1,23,39,25,28,1,93,0,0,0,93
12/26/2014,LIT,AR,ASW,CE,Combined TRACON& Tower with Radar,54,38,42,0,134,0,0,9,0,9,54,38,51,0,143,0,0,0,143
12/27/2014,LIT,AR,ASW,CE,Combined TRACON& Tower with Radar,51,26,33,0,110,0,0,2,0,2,51,26,35,0,112,0,0,0,112
12/28/2014,LIT,AR,ASW,CE,Combined TRACON& Tower with Radar,49,31,42,0,122,0,1,13,0,14,49,32,55,0,136,14,0,14,150
12/29/2014,LIT,AR,ASW,CE,Combined TRACON& Tower with Radar,52,35,38,11,136,0,0,17,0,17,52,35,55,11,153,0,0,0,153
12/30/2014,LIT,AR,ASW,CE,Combined TRACON& Tower with Radar,53,33,42,10,138,0,1,56,0,57,53,34,98,10,195,0,2,2,197
12/31/2014,LIT,AR,ASW,CE,Combined TRACON& Tower with Radar,47,36,32,1,116,0,2,52,1,55,47,38,84,2,171,10,0,10,181
01/01/2015,LIT,AR,ASW,CE,Combined TRACON& Tower with Radar,40,21,6,0,67,0,1,2,0,3,40,22,8,0,70,0,0,0,70
01/02/2015,LIT,AR,ASW,CE,Combined TRACON& Tower with Radar,55,39,24,0,118,0,0,0,0,0,55,39,24,0,118,0,0,0,118
01/03/2015,LIT,AR,ASW,CE,Combined TRACON& Tower with Radar,50,29,25,0,104,0,0,1,0,1,50,29,26,0,105,0,0,0,105
01/04/2015,LIT,AR,ASW,CE,Combined TRACON& Tower with Radar,50,23,61,0,134,0,4,11,0,15,50,27,72,0,149,0,0,0,149
01/05/2015,LIT,AR,ASW,CE,Combined TRACON& Tower with Radar,50,42,54,6,152,0,2,53,2,57,50,44,107,8,209,0,0,0,209
01/06/2015,LIT,AR,ASW,CE,Combined TRACON& Tower with Radar,55,54,62,23,194,0,1,62,5,68,55,55,124,28,262,26,40,66,328
01/07/2015,LIT,AR,ASW,CE,Combined TRACON& Tower with Radar,54,56,61,29,200,0,0,49,3,52,54,56,110,32,252,50,0,50,302
01/08/2015,LIT,AR,ASW,CE,Combined TRACON& Tower with Radar,52,41,56,21,170,0,3,39,5,47,52,44,95,26,217,12,0,12,229
01/09/2015,LIT,AR,ASW,CE,Combined TRACON& Tower with Radar,53,35,66,47,201,0,0,54,1,55,53,35,120,48,256,8,2,10,266
01/10/2015,LIT,AR,ASW,CE,Combined TRACON& Tower with Radar,39,29,36,0,104,0,0,36,3,39,39,29,72,3,143,50,0,50,193
01/11/2015,LIT,AR,ASW,CE,Combined TRACON& Tower with Radar,44,18,33,0,95,0,0,0,0,0,44,18,33,0,95,0,0,0,95
01/12/2015,LIT,AR,ASW,CE,Combined TRACON& Tower with Radar,50,40,33,37,160,0,0,2,0,2,50,40,35,37,162,0,0,0,162
01/13/2015,LIT,AR,ASW,CE,Combined TRACON& Tower with Radar,52,43,69,45,209,0,1,38,3,42,52,44,107,48,251,18,12,30,281
01/14/2015,LIT,AR,ASW,CE,Combined TRACON& Tower with Radar,52,39,75,36,202,0,3,49,3,55,52,42,124,39,257,8,52,60,317
01/15/2015,LIT,AR,ASW,CE,Combined TRACON& Tower with Radar,53,40,80,31,204,0,1,48,6,55,53,41,128,37,259,20,0,20,279
01/16/2015,LIT,AR,ASW,CE,Combined TRACON& Tower with Radar,55,34,82,22,193,0,1,57,8,66,55,35,139,30,259,6,44,50,309
01/17/2015,LIT,AR,ASW,CE,Combined TRACON& Tower with Radar,39,17,37,8,101,0,0,39,2,41,39,17,76,10,142,4,0,4,146
01/18/2015,LIT,AR,ASW,CE,Combined TRACON& Tower with Radar,43,30,28,0,101,0,0,27,0,27,43,30,55,0,128,0,0,0,128
01/19/2015,LIT,AR,ASW,CE,Combined TRACON& Tower with Radar,50,34,60,0,144,0,2,65,0,67,50,36,125,0,211,24,0,24,235
01/20/2015,LIT,AR,ASW,CE,Combined TRACON& Tower with Radar,50,27,69,55,201,0,0,56,3,59,50,27,125,58,260,24,33,57,317
01/21/2015,LIT,AR,ASW,CE,Combined TRACON& Tower with Radar,56,58,79,50,243,0,1,71,8,80,56,59,150,58,323,16,0,16,339
01/22/2015,LIT,AR,ASW,CE,Combined TRACON& Tower with Radar,52,60,69,24,205,0,1,3,2,6,52,61,72,26,211,0,0,0,211
01/23/2015,LIT,AR,ASW,CE,Combined TRACON& Tower with Radar,55,42,67,21,185,0,1,28,5,34,55,43,95,26,219,22,2,24,243
01/24/2015,LIT,AR,ASW,CE,Combined TRACON& Tower with Radar,40,25,31,29,125,0,0,46,1,47,40,25,77,30,172,0,0,0,172
01/25/2015,LIT,AR,ASW,CE,Combined TRACON& Tower with Radar,41,21,28,4,94,0,1,21,0,22,41,22,49,4,116,0,0,0,116
01/26/2015,LIT,AR,ASW,CE,Combined TRACON& Tower with Radar,44,36,66,23,169,0,1,51,3,55,44,37,117,26,224,44,50,94,318
01/27/2015,LIT,AR,ASW,CE,Combined TRACON& Tower with Radar,52,32,85,18,187,0,1,56,5,62,52,33,141,23,249,0,20,20,269
01/28/2015,LIT,AR,ASW,CE,Combined TRACON& Tower with Radar,53,31,91,23,198,0,1,55,0,56,53,32,146,23,254,36,50,86,340
01/29/2015,LIT,AR,ASW,CE,Combined TRACON& Tower with Radar,52,37,84,19,192,0,1,60,1,62,52,38,144,20,254,0,6,6,260
01/30/2015,LIT,AR,ASW,CE,Combined TRACON& Tower with Radar,54,32,50,16,152,0,2,69,3,74,54,34,119,19,226,6,0,6,232
01/31/2015,LIT,AR,ASW,CE,Combined TRACON& Tower with Radar,35,19,25,0,79,0,3,45,0,48,35,22,70,0,127,8,0,8,135
02/01/2015,LIT,AR,ASW,CE,Combined TRACON& Tower with Radar,36,27,18,0,81,0,0,2,0,2,36,27,20,0,83,0,0,0,83
02/02/2015,LIT,AR,ASW,CE,Combined TRACON& Tower with Radar,46,34,51,25,156,0,1,43,7,51,46,35,94,32,207,20,48,68,275
02/03/2015,LIT,AR,ASW,CE,Combined TRACON& Tower with Radar,54,40,68,33,195,0,0,41,8,49,54,40,109,41,244,0,0,0,244
02/04/2015,LIT,AR,ASW,CE,Combined TRACON& Tower with Radar,54,69,64,31,218,0,2,29,7,38,54,71,93,38,256,12,26,38,294
02/05/2015,LIT,AR,ASW,CE,Combined TRACON& Tower with Radar,49,54,83,8,194,0,0,53,2,55,49,54,136,10,249,2,6,8,257
02/06/2015,LIT,AR,ASW,CE,Combined TRACON& Tower with Radar,55,29,57,8,149,0,0,46,1,47,55,29,103,9,196,14,0,14,210
02/07/2015,LIT,AR,ASW,CE,Combined TRACON& Tower with Radar,39,20,29,18,106,0,4,38,0,42,39,24,67,18,148,12,4,16,164
02/08/2015,LIT,AR,ASW,CE,Combined TRACON& Tower with Radar,44,23,35,16,118,0,0,15,2,17,44,23,50,18,135,12,0,12,147
02/09/2015,LIT,AR,ASW,CE,Combined TRACON& Tower with Radar,50,31,56,46,183,0,1,47,0,48,50,32,103,46,231,0,0,0,231
02/10/2015,LIT,AR,ASW,CE,Combined TRACON& Tower with Radar,50,42,72,22,186,0,2,58,4,64,50,44,130,26,250,34,8,42,292
02/11/2015,LIT,AR,ASW,CE,Combined TRACON& Tower with Radar,55,32,76,31,194,0,1,62,3,66,55,33,138,34,260,12,14,26,286
02/12/2015,LIT,AR,ASW,CE,Combined TRACON& Tower with Radar,52,38,86,7,183,0,5,50,3,58,52,43,136,10,241,14,34,48,289
02/13/2015,LIT,AR,ASW,CE,Combined TRACON& Tower with Radar,53,37,63,27,180,0,1,66,0,67,53,38,129,27,247,28,34,62,309
02/14/2015,LIT,AR,ASW,CE,Combined TRACON& Tower with Radar,38,26,37,5,106,0,0,49,0,49,38,26,86,5,155,8,0,8,163
02/15/2015,LIT,AR,ASW,CE,Combined TRACON& Tower with Radar,35,30,33,4,102,0,0,26,0,26,35,30,59,4,128,0,0,0,128
02/16/2015,LIT,AR,ASW,CE,Combined TRACON& Tower with Radar,26,16,6,0,48,0,0,1,0,1,26,16,7,0,49,0,0,0,49
02/17/2015,LIT,AR,ASW,CE,Combined TRACON& Tower with Radar,46,38,45,7,136,0,4,17,0,21,46,42,62,7,157,12,6,18,175
02/18/2015,LIT,AR,ASW,CE,Combined TRACON& Tower with Radar,56,36,68,20,180,0,2,32,2,36,56,38,100,22,216,6,6,12,228
02/19/2015,LIT,AR,ASW,CE,Combined TRACON& Tower with Radar,55,43,83,19,200,0,4,38,9,51,55,47,121,28,251,0,32,32,283
02/20/2015,LIT,AR,ASW,CE,Combined TRACON& Tower with Radar,56,42,32,0,130,0,0,4,0,4,56,42,36,0,134,0,0,0,134
02/21/2015,LIT,AR,ASW,CE,Combined TRACON& Tower with Radar,35,24,24,2,85,0,0,2,2,4,35,24,26,4,89,0,0,0,89
02/22/2015,LIT,AR,ASW,CE,Combined TRACON& Tower with Radar,40,30,31,1,102,0,0,5,0,5,40,30,36,1,107,0,0,0,107
02/23/2015,LIT,AR,ASW,CE,Combined TRACON& Tower with Radar,44,20,34,2,100,0,2,8,3,13,44,22,42,5,113,0,0,0,113
02/24/2015,LIT,AR,ASW,CE,Combined TRACON& Tower with Radar,47,42,77,22,188,0,0,24,1,25,47,42,101,23,213,16,12,28,241
02/25/2015,LIT,AR,ASW,CE,Combined TRACON& Tower with Radar,45,38,34,4,121,0,1,1,0,2,45,39,35,4,123,22,0,22,145
02/26/2015,LIT,AR,ASW,CE,Combined TRACON& Tower with Radar,47,38,92,11,188,0,0,25,0,25,47,38,117,11,213,10,10,20,233
02/27/2015,LIT,AR,ASW,CE,Combined TRACON& Tower with Radar,54,31,74,3,162,0,2,47,1,50,54,33,121,4,212,12,0,12,224
02/28/2015,LIT,AR,ASW,CE,Combined TRACON& Tower with Radar,32,14,27,0,73,0,0,16,0,16,32,14,43,0,89,16,0,16,105
03/01/2015,LIT,AR,ASW,CE,Combined TRACON& Tower with Radar,38,38,37,0,113,0,0,0,0,0,38,38,37,0,113,0,0,0,113
03/02/2015,LIT,AR,ASW,CE,Combined TRACON& Tower with Radar,55,54,69,21,199,0,2,5,1,8,55,56,74,22,207,0,0,0,207
03/03/2015,LIT,AR,ASW,CE,Combined TRACON& Tower with Radar,51,46,56,7,160,0,0,0,0,0,51,46,56,7,160,0,0,0,160
03/04/2015,LIT,AR,ASW,CE,Combined TRACON& Tower with Radar,37,26,29,16,108,0,0,0,0,0,37,26,29,16,108,0,0,0,108
03/05/2015,LIT,AR,ASW,CE,Combined TRACON& Tower with Radar,39,20,56,7,122,0,4,11,3,18,39,24,67,10,140,0,0,0,140
03/06/2015,LIT,AR,ASW,CE,Combined TRACON& Tower with Radar,55,47,78,27,207,0,4,15,2,21,55,51,93,29,228,0,0,0,228
03/07/2015,LIT,AR,ASW,CE,Combined TRACON& Tower with Radar,48,36,47,5,136,0,0,39,5,44,48,36,86,10,180,0,0,0,180
03/08/2015,LIT,AR,ASW,CE,Combined TRACON& Tower with Radar,48,41,53,21,163,0,0,13,0,13,48,41,66,21,176,0,6,6,182
03/09/2015,LIT,AR,ASW,CE,Combined TRACON& Tower with Radar,54,42,46,27,169,0,0,0,0,0,54,42,46,27,169,0,0,0,169
03/10/2015,LIT,AR,ASW,CE,Combined TRACON& Tower with Radar,54,36,64,12,166,0,0,8,2,10,54,36,72,14,176,36,0,36,212
03/11/2015,LIT,AR,ASW,CE,Combined TRACON& Tower with Radar,56,46,81,42,225,0,0,49,0,49,56,46,130,42,274,14,34,48,322
03/12/2015,LIT,AR,ASW,CE,Combined TRACON& Tower with Radar,53,35,89,33,210,0,0,3,0,3,53,35,92,33,213,0,0,0,213
03/13/2015,LIT,AR,ASW,CE,Combined TRACON& Tower with Radar,57,50,47,4,158,0,0,2,0,2,57,50,49,4,160,0,0,0,160
03/14/2015,LIT,AR,ASW,CE,Combined TRACON& Tower with Radar,46,38,37,2,123,0,0,2,1,3,46,38,39,3,126,26,0,26,152
03/15/2015,LIT,AR,ASW,CE,Combined TRACON& Tower with Radar,46,38,42,1,127,0,0,49,2,51,46,38,91,3,178,44,0,44,222
03/16/2015,LIT,AR,ASW,CE,Combined TRACON& Tower with Radar,58,40,71,13,182,0,0,63,6,69,58,40,134,19,251,34,16,50,301
03/17/2015,LIT,AR,ASW,CE,Combined TRACON& Tower with Radar,55,47,88,13,203,0,3,61,5,69,55,50,149,18,272,22,0,22,294
03/18/2015,LIT,AR,ASW,CE,Combined TRACON& Tower with Radar,55,44,88,24,211,0,0,12,6,18,55,44,100,30,229,0,26,26,255
03/19/2015,LIT,AR,ASW,CE,Combined TRACON& Tower with Radar,55,53,86,24,218,0,0,3,0,3,55,53,89,24,221,0,0,0,221
03/20/2015,LIT,AR,ASW,CE,Combined TRACON& Tower with Radar,56,51,93,14,214,0,0,17,3,20,56,51,110,17,234,0,0,0,234
03/21/2015,LIT,AR,ASW,CE,Combined TRACON& Tower with Radar,49,40,31,0,120,0,0,32,3,35,49,40,63,3,155,18,6,24,179
03/22/2015,LIT,AR,ASW,CE,Combined TRACON& Tower with Radar,46,35,37,1,119,0,0,3,1,4,46,35,40,2,123,0,0,0,123
03/23/2015,LIT,AR,ASW,CE,Combined TRACON& Tower with Radar,52,39,65,43,199,0,1,48,3,52,52,40,113,46,251,18,22,40,291
03/24/2015,LIT,AR,ASW,CE,Combined TRACON& Tower with Radar,55,41,71,6,173,0,3,63,2,68,55,44,134,8,241,44,0,44,285
03/25/2015,LIT,AR,ASW,CE,Combined TRACON& Tower with Radar,57,46,70,15,188,0,0,39,4,43,57,46,109,19,231,14,12,26,257
03/26/2015,LIT,AR,ASW,CE,Combined TRACON& Tower with Radar,56,43,94,32,225,0,1,8,0,9,56,44,102,32,234,0,20,20,254
03/27/2015,LIT,AR,ASW,CE,Combined TRACON& Tower with Radar,56,50,66,37,209,0,0,55,3,58,56,50,121,40,267,4,52,56,323
03/28/2015,LIT,AR,ASW,CE,Combined TRACON& Tower with Radar,46,36,33,5,120,0,0,12,0,12,46,36,45,5,132,0,0,0,132
03/29/2015,LIT,AR,ASW,CE,Combined TRACON& Tower with Radar,44,38,48,9,139,0,0,34,0,34,44,38,82,9,173,0,0,0,173
03/30/2015,LIT,AR,ASW,CE,Combined TRACON& Tower with Radar,55,42,62,7,166,0,0,54,11,65,55,42,116,18,231,16,14,30,261
03/31/2015,LIT,AR,ASW,CE,Combined TRACON& Tower with Radar,58,41,79,15,193,0,1,25,1,27,58,42,104,16,220,8,0,8,228
04/01/2015,LIT,AR,ASW,CE,Combined TRACON& Tower with Radar,53,43,91,13,200,0,4,25,5,34,53,47,116,18,234,0,62,62,296
04/02/2015,LIT,AR,ASW,CE,Combined TRACON& Tower with Radar,54,39,76,17,186,0,3,17,7,27,54,42,93,24,213,18,12,30,243
04/03/2015,LIT,AR,ASW,CE,Combined TRACON& Tower with Radar,53,38,62,0,153,0,4,23,0,27,53,42,85,0,180,18,0,18,198
04/04/2015,LIT,AR,ASW,CE,Combined TRACON& Tower with Radar,44,21,29,0,94,0,6,56,0,62,44,27,85,0,156,56,0,56,212
04/05/2015,LIT,AR,ASW,CE,Combined TRACON& Tower with Radar,45,33,30,3,111,0,5,13,0,18,45,38,43,3,129,8,0,8,137
04/06/2015,LIT,AR,ASW,CE,Combined TRACON& Tower with Radar,54,52,66,30,202,0,1,5,0,6,54,53,71,30,208,10,0,10,218
04/07/2015,LIT,AR,ASW,CE,Combined TRACON& Tower with Radar,55,43,85,18,201,0,3,22,0,25,55,46,107,18,226,24,0,24,250
04/08/2015,LIT,AR,ASW,CE,Combined TRACON& Tower with Radar,56,40,111,23,230,0,4,19,5,28,56,44,130,28,258,0,44,44,302
04/09/2015,LIT,AR,ASW,CE,Combined TRACON& Tower with Radar,53,35,77,8,173,0,3,10,1,14,53,38,87,9,187,0,6,6,193
04/10/2015,LIT,AR,ASW,CE,Combined TRACON& Tower with Radar,55,38,76,42,211,0,9,91,5,105,55,47,167,47,316,14,0,14,330
04/11/2015,LIT,AR,ASW,CE,Combined TRACON& Tower with Radar,45,26,42,7,120,0,4,43,2,49,45,30,85,9,169,6,0,6,175
04/12/2015,LIT,AR,ASW,CE,Combined TRACON& Tower with Radar,50,33,42,3,128,0,10,33,3,46,50,43,75,6,174,0,0,0,174
04/13/2015,LIT,AR,ASW,CE,Combined TRACON& Tower with Radar,54,40,47,16,157,0,0,1,0,1,54,40,48,16,158,14,0,14,172
04/14/2015,LIT,AR,ASW,CE,Combined TRACON& Tower with Radar,56,43,94,11,204,0,7,29,0,36,56,50,123,11,240,10,34,44,284
04/15/2015,LIT,AR,ASW,CE,Combined TRACON& Tower with Radar,55,43,82,11,191,0,3,3,0,6,55,46,85,11,197,8,0,8,205
04/16/2015,LIT,AR,ASW,CE,Combined TRACON& Tower with Radar,59,36,107,14,216,0,11,45,5,61,59,47,152,19,277,32,0,32,309
04/17/2015,LIT,AR,ASW,CE,Combined TRACON& Tower with Radar,57,44,84,11,196,0,6,11,2,19,57,50,95,13,215,0,0,0,215
04/18/2015,LIT,AR,ASW,CE,Combined TRACON& Tower with Radar,44,28,34,7,113,0,8,3,1,12,44,36,37,8,125,28,30,58,183
04/19/2015,LIT,AR,ASW,CE,Combined TRACON& Tower with Radar,48,44,45,4,141,0,2,16,2,20,48,46,61,6,161,6,0,6,167
04/20/2015,LIT,AR,ASW,CE,Combined TRACON& Tower with Radar,51,48,64,10,173,0,9,59,1,69,51,57,123,11,242,8,0,8,250
04/21/2015,LIT,AR,ASW,CE,Combined TRACON& Tower with Radar,52,33,86,18,189,0,8,71,1,80,52,41,157,19,269,30,12,42,311
04/22/2015,LIT,AR,ASW,CE,Combined TRACON& Tower with Radar,52,38,87,3,180,0,7,38,1,46,52,45,125,4,226,24,0,24,250
04/23/2015,LIT,AR,ASW,CE,Combined TRACON& Tower with Radar,58,43,100,40,241,0,5,28,5,38,58,48,128,45,279,0,10,10,289
04/24/2015,LIT,AR,ASW,CE,Combined TRACON& Tower with Radar,53,39,45,0,137,0,1,4,0,5,53,40,49,0,142,4,0,4,146
04/25/2015,LIT,AR,ASW,CE,Combined TRACON& Tower with Radar,45,31,31,1,108,0,18,20,3,41,45,49,51,4,149,22,0,22,171
04/26/2015,LIT,AR,ASW,CE,Combined TRACON& Tower with Radar,53,35,38,5,131,0,3,32,0,35,53,38,70,5,166,20,0,20,186
04/27/2015,LIT,AR,ASW,CE,Combined TRACON& Tower with Radar,51,44,72,16,183,0,10,24,0,34,51,54,96,16,217,36,16,52,269
04/28/2015,LIT,AR,ASW,CE,Combined TRACON& Tower with Radar,52,43,86,25,206,0,14,18,4,36,52,57,104,29,242,8,38,46,288
04/29/2015,LIT,AR,ASW,CE,Combined TRACON& Tower with Radar,52,40,67,16,175,0,8,90,3,101,52,48,157,19,276,62,0,62,338
04/30/2015,LIT,AR,ASW,CE,Combined TRACON& Tower with Radar,54,48,109,20,231,0,9,74,2,85,54,57,183,22,316,21,0,21,337
05/01/2015,LIT,AR,ASW,CE,Combined TRACON& Tower with Radar,56,41,70,36,203,0,11,64,10,85,56,52,134,46,288,22,2,24,312
05/02/2015,LIT,AR,ASW,CE,Combined TRACON& Tower with Radar,45,23,31,14,113,0,9,40,2,51,45,32,71,16,164,34,0,34,198
05/03/2015,LIT,AR,ASW,CE,Combined TRACON& Tower with Radar,46,39,62,4,151,0,11,30,0,41,46,50,92,4,192,0,0,0,192
05/04/2015,LIT,AR,ASW,CE,Combined TRACON& Tower with Radar,52,49,74,19,194,0,10,34,5,49,52,59,108,24,243,18,20,38,281
05/05/2015,LIT,AR,ASW,CE,Combined TRACON& Tower with Radar,52,53,92,13,210,0,1,46,4,51,52,54,138,17,261,0,46,46,307
05/06/2015,LIT,AR,ASW,CE,Combined TRACON& Tower with Radar,54,45,81,27,207,0,4,60,8,72,54,49,141,35,279,8,16,24,303
05/07/2015,LIT,AR,ASW,CE,Combined TRACON& Tower with Radar,55,51,80,16,202,0,2,52,3,57,55,53,132,19,259,18,0,18,277
05/08/2015,LIT,AR,ASW,CE,Combined TRACON& Tower with Radar,54,59,55,10,178,0,6,17,0,23,54,65,72,10,201,0,14,14,215
05/09/2015,LIT,AR,ASW,CE,Combined TRACON& Tower with Radar,43,29,32,5,109,0,2,0,0,2,43,31,32,5,111,0,0,0,111
05/10/2015,LIT,AR,ASW,CE,Combined TRACON& Tower with Radar,45,29,27,0,101,0,3,6,0,9,45,32,33,0,110,0,0,0,110
05/11/2015,LIT,AR,ASW,CE,Combined TRACON& Tower with Radar,54,37,73,7,171,0,9,16,0,25,54,46,89,7,196,42,18,60,256
05/12/2015,LIT,AR,ASW,CE,Combined TRACON& Tower with Radar,54,44,72,30,200,0,0,61,3,64,54,44,133,33,264,10,6,16,280
05/13/2015,LIT,AR,ASW,CE,Combined TRACON& Tower with Radar,53,45,74,27,199,0,1,47,5,53,53,46,121,32,252,24,0,24,276
05/14/2015,LIT,AR,ASW,CE,Combined TRACON& Tower with Radar,56,49,79,12,196,0,4,38,8,50,56,53,117,20,246,14,4,18,264
05/15/2015,LIT,AR,ASW,CE,Combined TRACON& Tower with Radar,60,50,57,0,167,0,3,30,1,34,60,53,87,1,201,98,0,98,299
05/16/2015,LIT,AR,ASW,CE,Combined TRACON& Tower with Radar,43,29,32,0,104,0,7,3,2,12,43,36,35,2,116,42,0,42,158
05/17/2015,LIT,AR,ASW,CE,Combined TRACON& Tower with Radar,50,43,45,0,138,0,4,8,0,12,50,47,53,0,150,0,0,0,150
05/18/2015,LIT,AR,ASW,CE,Combined TRACON& Tower with Radar,54,52,75,35,216,0,4,19,2,25,54,56,94,37,241,0,0,0,241
05/19/2015,LIT,AR,ASW,CE,Combined TRACON& Tower with Radar,54,40,93,23,210,0,1,55,1,57,54,41,148,24,267,66,0,66,333
05/20/2015,LIT,AR,ASW,CE,Combined TRACON& Tower with Radar,54,45,78,15,192,0,2,20,0,22,54,47,98,15,214,0,0,0,214
05/21/2015,LIT,AR,ASW,CE,Combined TRACON& Tower with Radar,58,48,113,15,234,0,2,22,4,28,58,50,135,19,262,38,12,50,312
05/22/2015,LIT,AR,ASW,CE,Combined TRACON& Tower with Radar,57,52,93,0,202,0,5,59,0,64,57,57,152,0,266,4,0,4,270
05/23/2015,LIT,AR,ASW,CE,Combined TRACON& Tower with Radar,42,28,26,0,96,0,16,36,0,52,42,44,62,0,148,0,0,0,148
05/24/2015,LIT,AR,ASW,CE,Combined TRACON& Tower with Radar,38,18,20,0,76,0,3,7,0,10,38,21,27,0,86,10,0,10,96
05/25/2015,LIT,AR,ASW,CE,Combined TRACON& Tower with Radar,45,23,46,0,114,0,4,10,1,15,45,27,56,1,129,0,0,0,129
05/26/2015,LIT,AR,ASW,CE,Combined TRACON& Tower with Radar,69,48,75,43,235,0,7,32,3,42,69,55,107,46,277,46,24,70,347
05/27/2015,LIT,AR,ASW,CE,Combined TRACON& Tower with Radar,54,43,83,38,218,0,2,28,9,39,54,45,111,47,257,16,22,38,295
05/28/2015,LIT,AR,ASW,CE,Combined TRACON& Tower with Radar,50,36,88,19,193,0,5,26,5,36,50,41,114,24,229,20,66,86,315
05/29/2015,LIT,AR,ASW,CE,Combined TRACON& Tower with Radar,58,32,55,16,161,0,6,35,7,48,58,38,90,23,209,18,122,140,349
05/30/2015,LIT,AR,ASW,CE,Combined TRACON& Tower with Radar,48,31,28,14,121,0,5,6,1,12,48,36,34,15,133,18,40,58,191
05/31/2015,LIT,AR,ASW,CE,Combined TRACON& Tower with Radar,50,35,63,5,153,0,2,3,2,7,50,37,66,7,160,6,0,6,166
06/01/2015,LIT,AR,ASW,CE,Combined TRACON& Tower with Radar,53,51,77,12,193,0,7,29,2,38,53,58,106,14,231,40,0,40,271
06/02/2015,LIT,AR,ASW,CE,Combined TRACON& Tower with Radar,53,46,75,21,195,0,8,52,1,61,53,54,127,22,256,34,40,74,330
06/03/2015,LIT,AR,ASW,CE,Combined TRACON& Tower with Radar,58,42,78,14,192,0,10,47,2,59,58,52,125,16,251,0,38,38,289
06/04/2015,LIT,AR,ASW,CE,Combined TRACON& Tower with Radar,65,48,73,33,219,0,6,57,3,66,65,54,130,36,285,38,30,68,353
06/05/2015,LIT,AR,ASW,CE,Combined TRACON& Tower with Radar,62,45,64,23,194,0,6,56,7,69,62,51,120,30,263,6,114,120,383
06/06/2015,LIT,AR,ASW,CE,Combined TRACON& Tower with Radar,57,24,38,1,120,0,4,46,1,51,57,28,84,2,171,20,0,20,191
06/07/2015,LIT,AR,ASW,CE,Combined TRACON& Tower with Radar,59,38,51,10,158,0,3,27,2,32,59,41,78,12,190,0,0,0,190
06/08/2015,LIT,AR,ASW,CE,Combined TRACON& Tower with Radar,63,34,49,16,162,0,7,44,5,56,63,41,93,21,218,36,8,44,262
06/09/2015,LIT,AR,ASW,CE,Combined TRACON& Tower with Radar,59,44,70,30,203,0,12,48,9,69,59,56,118,39,272,36,8,44,316
06/10/2015,LIT,AR,ASW,CE,Combined TRACON& Tower with Radar,64,56,82,14,216,0,9,52,2,63,64,65,134,16,279,24,0,24,303
06/11/2015,LIT,AR,ASW,CE,Combined TRACON& Tower with Radar,62,38,96,32,228,0,6,75,5,86,62,44,171,37,314,48,2,50,364
06/12/2015,LIT,AR,ASW,CE,Combined TRACON& Tower with Radar,63,52,82,33,230,0,6,40,1,47,63,58,122,34,277,34,0,34,311
06/13/2015,LIT,AR,ASW,CE,Combined TRACON& Tower with Radar,54,34,42,4,134,0,1,8,1,10,54,35,50,5,144,0,0,0,144
06/14/2015,LIT,AR,ASW,CE,Combined TRACON& Tower with Radar,59,41,40,9,149,0,2,7,0,9,59,43,47,9,158,6,0,6,164
06/15/2015,LIT,AR,ASW,CE,Combined TRACON& Tower with Radar,64,38,76,26,204,0,2,34,2,38,64,40,110,28,242,12,6,18,260
06/16/2015,LIT,AR,ASW,CE,Combined TRACON& Tower with Radar,58,43,74,17,192,0,2,29,11,42,58,45,103,28,234,10,52,62,296
06/17/2015,LIT,AR,ASW,CE,Combined TRACON& Tower with Radar,69,42,72,13,196,0,3,45,4,52,69,45,117,17,248,36,22,58,306
06/18/2015,LIT,AR,ASW,CE,Combined TRACON& Tower with Radar,62,54,83,4,203,0,0,5,1,6,62,54,88,5,209,4,0,4,213
06/19/2015,LIT,AR,ASW,CE,Combined TRACON& Tower with Radar,62,62,73,4,201,0,1,15,0,16,62,63,88,4,217,40,0,40,257
06/20/2015,LIT,AR,ASW,CE,Combined TRACON& Tower with Radar,55,29,41,36,161,0,2,34,2,38,55,31,75,38,199,4,28,32,231
06/21/2015,LIT,AR,ASW,CE,Combined TRACON& Tower with Radar,58,32,67,0,157,0,2,31,1,34,58,34,98,1,191,2,0,2,193
06/22/2015,LIT,AR,ASW,CE,Combined TRACON& Tower with Radar,62,37,54,4,157,0,0,60,0,60,62,37,114,4,217,18,0,18,235
06/23/2015,LIT,AR,ASW,CE,Combined TRACON& Tower with Radar,62,52,97,24,235,0,3,68,8,79,62,55,165,32,314,12,66,78,392
06/24/2015,LIT,AR,ASW,CE,Combined TRACON& Tower with Radar,59,48,82,23,212,0,4,49,1,54,59,52,131,24,266,20,32,52,318
06/25/2015,LIT,AR,ASW,CE,Combined TRACON& Tower with Radar,67,44,85,35,231,0,2,57,10,69,67,46,142,45,300,70,32,102,402
06/26/2015,LIT,AR,ASW,CE,Combined TRACON& Tower with Radar,63,49,67,36,215,0,5,60,9,74,63,54,127,45,289,0,40,40,329
06/27/2015,LIT,AR,ASW,CE,Combined TRACON& Tower with Radar,55,37,41,7,140,0,5,12,5,22,55,42,53,12,162,0,0,0,162
06/28/2015,LIT,AR,ASW,CE,Combined TRACON& Tower with Radar,52,44,52,5,153,0,6,54,0,60,52,50,106,5,213,0,0,0,213
06/29/2015,LIT,AR,ASW,CE,Combined TRACON& Tower with Radar,73,38,68,17,196,0,1,51,3,55,73,39,119,20,251,16,0,16,267
06/30/2015,LIT,AR,ASW,CE,Combined TRACON& Tower with Radar,81,44,50,50,225,0,2,56,4,62,81,46,106,54,287,30,88,118,405
07/01/2015,LIT,AR,ASW,CE,Combined TRACON& Tower with Radar,62,46,78,44,230,0,1,53,2,56,62,47,131,46,286,28,32,60,346
07/02/2015,LIT,AR,ASW,CE,Combined TRACON& Tower with Radar,60,43,82,0,185,0,3,43,1,47,60,46,125,1,232,2,0,2,234
07/03/2015,LIT,AR,ASW,CE,Combined TRACON& Tower with Radar,53,37,19,2,111,0,0,2,0,2,53,37,21,2,113,6,0,6,119
07/04/2015,LIT,AR,ASW,CE,Combined TRACON& Tower with Radar,42,20,7,0,69,0,4,9,0,13,42,24,16,0,82,0,0,0,82
07/05/2015,LIT,AR,ASW,CE,Combined TRACON& Tower with Radar,57,38,37,0,132,0,0,11,0,11,57,38,48,0,143,0,0,0,143
07/06/2015,LIT,AR,ASW,CE,Combined TRACON& Tower with Radar,58,40,71,26,195,0,1,19,0,20,58,41,90,26,215,0,72,72,287
07/07/2015,LIT,AR,ASW,CE,Combined TRACON& Tower with Radar,60,44,70,22,196,0,2,46,8,56,60,46,116,30,252,26,20,46,298
07/08/2015,LIT,AR,ASW,CE,Combined TRACON& Tower with Radar,65,34,71,20,190,0,4,49,4,57,65,38,120,24,247,24,34,58,305
07/09/2015,LIT,AR,ASW,CE,Combined TRACON& Tower with Radar,64,40,87,27,218,0,2,58,7,67,64,42,145,34,285,12,14,26,311
07/10/2015,LIT,AR,ASW,CE,Combined TRACON& Tower with Radar,62,44,70,63,239,0,0,68,4,72,62,44,138,67,311,24,22,46,357
07/11/2015,LIT,AR,ASW,CE,Combined TRACON& Tower with Radar,50,42,51,54,197,0,1,37,4,42,50,43,88,58,239,26,50,76,315
07/12/2015,LIT,AR,ASW,CE,Combined TRACON& Tower with Radar,58,39,34,7,138,0,4,47,2,53,58,43,81,9,191,22,0,22,213
07/13/2015,LIT,AR,ASW,CE,Combined TRACON& Tower with Radar,59,38,59,50,206,0,6,60,0,66,59,44,119,50,272,18,32,50,322
07/14/2015,LIT,AR,ASW,CE,Combined TRACON& Tower with Radar,65,40,79,54,238,0,4,58,4,66,65,44,137,58,304,34,82,116,420
07/15/2015,LIT,AR,ASW,CE,Combined TRACON& Tower with Radar,61,49,72,25,207,0,3,43,4,50,61,52,115,29,257,0,0,0,257
07/16/2015,LIT,AR,ASW,CE,Combined TRACON& Tower with Radar,63,49,99,47,258,0,2,56,15,73,63,51,155,62,331,10,88,98,429
07/17/2015,LIT,AR,ASW,CE,Combined TRACON& Tower with Radar,60,44,67,47,218,0,3,65,9,77,60,47,132,56,295,0,20,20,315
07/18/2015,LIT,AR,ASW,CE,Combined TRACON& Tower with Radar,51,27,27,9,114,0,0,33,9,42,51,27,60,18,156,6,22,28,184
07/19/2015,LIT,AR,ASW,CE,Combined TRACON& Tower with Radar,58,39,40,3,140,0,6,38,3,47,58,45,78,6,187,2,0,2,189
07/20/2015,LIT,AR,ASW,CE,Combined TRACON& Tower with Radar,58,39,53,50,200,0,2,46,6,54,58,41,99,56,254,0,38,38,292
07/21/2015,LIT,AR,ASW,CE,Combined TRACON& Tower with Radar,63,40,79,22,204,0,2,37,3,42,63,42,116,25,246,0,6,6,252
07/22/2015,LIT,AR,ASW,CE,Combined TRACON& Tower with Radar,61,38,75,22,196,0,1,50,5,56,61,39,125,27,252,14,18,32,284
07/23/2015,LIT,AR,ASW,CE,Combined TRACON& Tower with Radar,62,38,72,22,194,0,2,34,4,40,62,40,106,26,234,16,18,34,268
07/24/2015,LIT,AR,ASW,CE,Combined TRACON& Tower with Radar,62,42,74,9,187,0,6,59,3,68,62,48,133,12,255,26,0,26,281
07/25/2015,LIT,AR,ASW,CE,Combined TRACON& Tower with Radar,56,31,43,32,162,0,4,40,2,46,56,35,83,34,208,0,0,0,208
07/26/2015,LIT,AR,ASW,CE,Combined TRACON& Tower with Radar,61,43,46,26,176,0,2,40,0,42,61,45,86,26,218,0,0,0,218
07/27/2015,LIT,AR,ASW,CE,Combined TRACON& Tower with Radar,58,51,67,58,234,0,2,44,2,48,58,53,111,60,282,0,60,60,342
07/28/2015,LIT,AR,ASW,CE,Combined TRACON& Tower with Radar,64,46,74,38,222,0,3,71,0,74,64,49,145,38,296,2,24,26,322
07/29/2015,LIT,AR,ASW,CE,Combined TRACON& Tower with Radar,64,40,81,36,221,0,1,68,1,70,64,41,149,37,291,20,22,42,333
07/30/2015,LIT,AR,ASW,CE,Combined TRACON& Tower with Radar,63,50,74,39,226,0,0,44,5,49,63,50,118,44,275,10,0,10,285
07/31/2015,LIT,AR,ASW,CE,Combined TRACON& Tower with Radar,59,45,71,64,239,0,0,56,4,60,59,45,127,68,299,20,4,24,323
08/01/2015,LIT,AR,ASW,CE,Combined TRACON& Tower with Radar,50,35,38,7,130,0,0,32,9,41,50,35,70,16,171,0,16,16,187
08/02/2015,LIT,AR,ASW,CE,Combined TRACON& Tower with Radar,60,25,49,8,142,0,2,41,0,43,60,27,90,8,185,6,0,6,191
08/03/2015,LIT,AR,ASW,CE,Combined TRACON& Tower with Radar,63,42,53,21,179,0,2,38,4,44,63,44,91,25,223,4,10,14,237
08/04/2015,LIT,AR,ASW,CE,Combined TRACON& Tower with Radar,63,37,69,14,183,0,4,42,0,46,63,41,111,14,229,56,8,64,293
08/05/2015,LIT,AR,ASW,CE,Combined TRACON& Tower with Radar,70,40,67,39,216,0,4,34,1,39,70,44,101,40,255,0,4,4,259
08/06/2015,LIT,AR,ASW,CE,Combined TRACON& Tower with Radar,69,38,69,39,215,0,3,50,3,56,69,41,119,42,271,8,18,26,297
08/07/2015,LIT,AR,ASW,CE,Combined TRACON& Tower with Radar,67,39,51,57,214,0,0,46,11,57,67,39,97,68,271,0,34,34,305
08/08/2015,LIT,AR,ASW,CE,Combined TRACON& Tower with Radar,56,30,39,6,131,0,2,15,4,21,56,32,54,10,152,0,0,0,152
08/09/2015,LIT,AR,ASW,CE,Combined TRACON& Tower with Radar,65,26,46,10,147,0,8,29,1,38,65,34,75,11,185,0,0,0,185
08/10/2015,LIT,AR,ASW,CE,Combined TRACON& Tower with Radar,62,46,62,24,194,0,0,58,3,61,62,46,120,27,255,0,36,36,291
08/11/2015,LIT,AR,ASW,CE,Combined TRACON& Tower with Radar,63,45,55,33,196,0,3,58,7,68,63,48,113,40,264,6,70,76,340
08/12/2015,LIT,AR,ASW,CE,Combined TRACON& Tower with Radar,71,49,67,44,231,0,1,46,1,48,71,50,113,45,279,0,90,90,369
08/13/2015,LIT,AR,ASW,CE,Combined TRACON& Tower with Radar,70,51,74,33,228,0,6,63,3,72,70,57,137,36,300,6,34,40,340
08/14/2015,LIT,AR,ASW,CE,Combined TRACON& Tower with Radar,70,47,59,71,247,0,2,57,2,61,70,49,116,73,308,22,78,100,408
08/15/2015,LIT,AR,ASW,CE,Combined TRACON& Tower with Radar,56,30,35,15,136,0,2,54,2,58,56,32,89,17,194,6,8,14,208
08/16/2015,LIT,AR,ASW,CE,Combined TRACON& Tower with Radar,64,38,42,18,162,0,0,46,0,46,64,38,88,18,208,14,0,14,222
08/17/2015,LIT,AR,ASW,CE,Combined TRACON& Tower with Radar,63,46,36,49,194,0,1,64,13,78,63,47,100,62,272,40,40,80,352
08/18/2015,LIT,AR,ASW,CE,Combined TRACON& Tower with Radar,68,33,64,32,197,0,1,53,5,59,68,34,117,37,256,4,28,32,288
08/19/2015,LIT,AR,ASW,CE,Combined TRACON& Tower with Radar,66,32,47,4,149,0,1,6,1,8,66,33,53,5,157,0,0,0,157
08/20/2015,LIT,AR,ASW,CE,Combined TRACON& Tower with Radar,66,35,95,51,247,0,3,65,8,76,66,38,160,59,323,0,96,96,419
08/21/2015,LIT,AR,ASW,CE,Combined TRACON& Tower with Radar,69,30,71,23,193,0,2,44,5,51,69,32,115,28,244,58,14,72,316
08/22/2015,LIT,AR,ASW,CE,Combined TRACON& Tower with Radar,51,18,38,0,107,0,3,18,1,22,51,21,56,1,129,0,0,0,129
08/23/2015,LIT,AR,ASW,CE,Combined TRACON& Tower with Radar,57,26,33,4,120,0,3,13,1,17,57,29,46,5,137,0,0,0,137
08/24/2015,LIT,AR,ASW,CE,Combined TRACON& Tower with Radar,66,32,66,10,174,0,3,52,0,55,66,35,118,10,229,13,8,21,250
08/25/2015,LIT,AR,ASW,CE,Combined TRACON& Tower with Radar,75,33,79,12,199,0,6,75,3,84,75,39,154,15,283,20,22,42,325
08/26/2015,LIT,AR,ASW,CE,Combined TRACON& Tower with Radar,70,26,93,23,212,0,4,69,0,73,70,30,162,23,285,34,0,34,319
08/27/2015,LIT,AR,ASW,CE,Combined TRACON& Tower with Radar,63,38,105,25,231,0,1,85,5,91,63,39,190,30,322,4,38,42,364
08/28/2015,LIT,AR,ASW,CE,Combined TRACON& Tower with Radar,70,25,71,21,187,0,0,64,5,69,70,25,135,26,256,0,26,26,282
08/29/2015,LIT,AR,ASW,CE,Combined TRACON& Tower with Radar,50,18,30,36,134,0,4,31,13,48,50,22,61,49,182,12,54,66,248
08/30/2015,LIT,AR,ASW,CE,Combined TRACON& Tower with Radar,55,32,44,9,140,0,0,30,2,32,55,32,74,11,172,0,0,0,172
08/31/2015,LIT,AR,ASW,CE,Combined TRACON& Tower with Radar,69,26,54,39,188,0,2,48,2,52,69,28,102,41,240,8,82,90,330
09/01/2015,LIT,AR,ASW,CE,Combined TRACON& Tower with Radar,66,24,69,34,193,0,3,68,3,74,66,27,137,37,267,16,0,16,283
09/02/2015,LIT,AR,ASW,CE,Combined TRACON& Tower with Radar,66,31,88,26,211,0,2,46,2,50,66,33,134,28,261,0,0,0,261
09/03/2015,LIT,AR,ASW,CE,Combined TRACON& Tower with Radar,65,34,90,15,204,0,2,64,2,68,65,36,154,17,272,24,6,30,302
09/04/2015,LIT,AR,ASW,CE,Combined TRACON& Tower with Radar,66,29,63,6,164,0,2,57,0,59,66,31,120,6,223,8,0,8,231
09/05/2015,LIT,AR,ASW,CE,Combined TRACON& Tower with Radar,49,14,43,0,106,0,6,42,0,48,49,20,85,0,154,0,0,0,154
09/06/2015,LIT,AR,ASW,CE,Combined TRACON& Tower with Radar,43,9,23,8,83,0,1,29,0,30,43,10,52,8,113,6,0,6,119
09/07/2015,LIT,AR,ASW,CE,Combined TRACON& Tower with Radar,63,24,36,6,129,0,2,42,0,44,63,26,78,6,173,36,0,36,209
09/08/2015,LIT,AR,ASW,CE,Combined TRACON& Tower with Radar,66,30,58,11,165,0,3,49,1,53,66,33,107,12,218,8,0,8,226
09/09/2015,LIT,AR,ASW,CE,Combined TRACON& Tower with Radar,56,34,62,1,153,0,2,6,0,8,56,36,68,1,161,4,0,4,165
09/10/2015,LIT,AR,ASW,CE,Combined TRACON& Tower with Radar,58,43,90,28,219,0,0,55,6,61,58,43,145,34,280,22,32,54,334
09/11/2015,LIT,AR,ASW,CE,Combined TRACON& Tower with Radar,69,37,72,46,224,0,3,43,0,46,69,40,115,46,270,0,0,0,270
09/12/2015,LIT,AR,ASW,CE,Combined TRACON& Tower with Radar,49,28,39,12,128,0,3,44,6,53,49,31,83,18,181,6,0,6,187
09/13/2015,LIT,AR,ASW,CE,Combined TRACON& Tower with Radar,52,22,35,21,130,0,5,46,4,55,52,27,81,25,185,14,28,42,227
09/14/2015,LIT,AR,ASW,CE,Combined TRACON& Tower with Radar,66,30,69,10,175,0,3,55,2,60,66,33,124,12,235,0,0,0,235
09/15/2015,LIT,AR,ASW,CE,Combined TRACON& Tower with Radar,62,26,97,17,202,0,2,57,6,65,62,28,154,23,267,6,22,28,295
09/16/2015,LIT,AR,ASW,CE,Combined TRACON& Tower with Radar,62,41,84,20,207,0,0,47,4,51,62,41,131,24,258,14,30,44,302
09/17/2015,LIT,AR,ASW,CE,Combined TRACON& Tower with Radar,64,35,120,21,240,0,1,56,7,64,64,36,176,28,304,0,48,48,352
09/18/2015,LIT,AR,ASW,CE,Combined TRACON& Tower with Radar,64,26,54,59,203,0,0,40,3,43,64,26,94,62,246,0,22,22,268
09/19/2015,LIT,AR,ASW,CE,Combined TRACON& Tower with Radar,48,28,54,10,140,0,0,21,2,23,48,28,75,12,163,0,0,0,163
09/20/2015,LIT,AR,ASW,CE,Combined TRACON& Tower with Radar,60,20,66,10,156,0,2,28,0,30,60,22,94,10,186,24,0,24,210
09/21/2015,LIT,AR,ASW,CE,Combined TRACON& Tower with Radar,64,43,65,42,214,0,0,55,2,57,64,43,120,44,271,16,22,38,309
09/22/2015,LIT,AR,ASW,CE,Combined TRACON& Tower with Radar,60,41,89,19,209,0,7,73,5,85,60,48,162,24,294,26,8,34,328
09/23/2015,LIT,AR,ASW,CE,Combined TRACON& Tower with Radar,62,37,84,20,203,1,0,64,8,73,63,37,148,28,276,18,0,18,294
09/24/2015,LIT,AR,ASW,CE,Combined TRACON& Tower with Radar,64,37,97,21,219,0,2,79,4,85,64,39,176,25,304,30,24,54,358
09/25/2015,LIT,AR,ASW,CE,Combined TRACON& Tower with Radar,60,42,64,14,180,0,2,41,2,45,60,44,105,16,225,12,0,12,237
09/26/2015,LIT,AR,ASW,CE,Combined TRACON& Tower with Radar,46,22,37,13,118,0,0,42,13,55,46,22,79,26,173,4,70,74,247
09/27/2015,LIT,AR,ASW,CE,Combined TRACON& Tower with Radar,54,27,65,9,155,0,2,20,0,22,54,29,85,9,177,10,0,10,187
09/28/2015,LIT,AR,ASW,CE,Combined TRACON& Tower with Radar,60,46,71,23,200,0,2,17,6,25,60,48,88,29,225,0,26,26,251
09/29/2015,LIT,AR,ASW,CE,Combined TRACON& Tower with Radar,58,31,91,4,184,0,1,19,0,20,58,32,110,4,204,4,0,4,208
09/30/2015,LIT,AR,ASW,CE,Combined TRACON& Tower with Radar,60,45,124,16,245,0,1,26,1,28,60,46,150,17,273,0,0,0,273
10/01/2015,LIT,AR,ASW,CE,Combined TRACON& Tower with Radar,62,45,95,22,224,0,0,55,3,58,62,45,150,25,282,18,23,41,323
10/02/2015,LIT,AR,ASW,CE,Combined TRACON& Tower with Radar,61,51,103,19,234,0,6,41,5,52,61,57,144,24,286,0,4,4,290
10/03/2015,LIT,AR,ASW,CE,Combined TRACON& Tower with Radar,50,19,40,10,119,0,1,28,1,30,50,20,68,11,149,0,0,0,149
10/04/2015,LIT,AR,ASW,CE,Combined TRACON& Tower with Radar,63,39,55,4,161,0,1,15,0,16,63,40,70,4,177,0,0,0,177
10/05/2015,LIT,AR,ASW,CE,Combined TRACON& Tower with Radar,62,33,79,7,181,0,3,34,2,39,62,36,113,9,220,14,34,48,268
10/06/2015,LIT,AR,ASW,CE,Combined TRACON& Tower with Radar,60,43,100,17,220,0,3,42,1,46,60,46,142,18,266,10,32,42,308
10/07/2015,LIT,AR,ASW,CE,Combined TRACON& Tower with Radar,60,58,93,10,221,0,1,64,1,66,60,59,157,11,287,0,0,0,287
10/08/2015,LIT,AR,ASW,CE,Combined TRACON& Tower with Radar,64,39,80,21,204,0,3,48,1,52,64,42,128,22,256,34,34,68,324
10/09/2015,LIT,AR,ASW,CE,Combined TRACON& Tower with Radar,64,37,91,13,205,0,1,29,6,36,64,38,120,19,241,0,26,26,267
10/10/2015,LIT,AR,ASW,CE,Combined TRACON& Tower with Radar,47,31,28,4,110,0,0,51,0,51,47,31,79,4,161,101,0,101,262
10/11/2015,LIT,AR,ASW,CE,Combined TRACON& Tower with Radar,52,31,50,0,133,0,3,189,0,192,52,34,239,0,325,50,0,50,375
10/12/2015,LIT,AR,ASW,CE,Combined TRACON& Tower with Radar,64,41,65,2,172,0,2,55,0,57,64,43,120,2,229,1,6,7,236
10/13/2015,LIT,AR,ASW,CE,Combined TRACON& Tower with Radar,60,41,71,37,209,0,2,49,6,57,60,43,120,43,266,0,32,32,298
10/14/2015,LIT,AR,ASW,CE,Combined TRACON& Tower with Radar,61,35,85,57,238,0,1,75,7,83,61,36,160,64,321,26,50,76,397
10/15/2015,LIT,AR,ASW,CE,Combined TRACON& Tower with Radar,62,37,98,23,220,0,12,47,5,64,62,49,145,28,284,134,6,140,424
10/16/2015,LIT,AR,ASW,CE,Combined TRACON& Tower with Radar,64,46,70,21,201,0,4,102,1,107,64,50,172,22,308,216,18,234,542
10/17/2015,LIT,AR,ASW,CE,Combined TRACON& Tower with Radar,46,23,30,20,119,0,2,43,2,47,46,25,73,22,166,386,8,394,560
10/18/2015,LIT,AR,ASW,CE,Combined TRACON& Tower with Radar,54,30,46,16,146,0,1,60,1,62,54,31,106,17,208,337,0,337,545
10/19/2015,LIT,AR,ASW,CE,Combined TRACON& Tower with Radar,61,42,58,26,187,0,7,48,0,55,61,49,106,26,242,0,4,4,246
10/20/2015,LIT,AR,ASW,CE,Combined TRACON& Tower with Radar,60,40,77,19,196,0,1,61,5,67,60,41,138,24,263,40,14,54,317
10/21/2015,LIT,AR,ASW,CE,Combined TRACON& Tower with Radar,60,48,98,13,219,0,5,43,1,49,60,53,141,14,268,45,10,55,323
10/22/2015,LIT,AR,ASW,CE,Combined TRACON& Tower with Radar,72,46,82,26,226,0,3,45,3,51,72,49,127,29,277,16,46,62,339
10/23/2015,LIT,AR,ASW,CE,Combined TRACON& Tower with Radar,51,38,60,8,157,0,0,2,2,4,51,38,62,10,161,0,0,0,161
10/24/2015,LIT,AR,ASW,CE,Combined TRACON& Tower with Radar,50,41,27,0,118,0,1,1,0,2,50,42,28,0,120,0,0,0,120
10/25/2015,LIT,AR,ASW,CE,Combined TRACON& Tower with Radar,56,25,49,2,132,0,1,1,0,2,56,26,50,2,134,16,0,16,150
10/26/2015,LIT,AR,ASW,CE,Combined TRACON& Tower with Radar,64,31,70,3,168,0,1,8,0,9,64,32,78,3,177,2,0,2,179
10/27/2015,LIT,AR,ASW,CE,Combined TRACON& Tower with Radar,59,30,65,11,165,0,0,0,0,0,59,30,65,11,165,0,0,0,165
10/28/2015,LIT,AR,ASW,CE,Combined TRACON& Tower with Radar,56,36,83,11,186,0,1,26,0,27,56,37,109,11,213,8,0,8,221
10/29/2015,LIT,AR,ASW,CE,Combined TRACON& Tower with Radar,60,30,88,7,185,0,2,62,0,64,60,32,150,7,249,0,0,0,249
10/30/2015,LIT,AR,ASW,CE,Combined TRACON& Tower with Radar,72,38,48,13,171,0,8,49,2,59,72,46,97,15,230,0,20,20,250
10/31/2015,LIT,AR,ASW,CE,Combined TRACON& Tower with Radar,50,21,35,4,110,0,0,0,0,0,50,21,35,4,110,0,0,0,110
11/01/2015,LIT,AR,ASW,CE,Combined TRACON& Tower with Radar,51,39,71,6,167,0,2,5,0,7,51,41,76,6,174,0,0,0,174
11/02/2015,LIT,AR,ASW,CE,Combined TRACON& Tower with Radar,76,42,65,59,242,0,1,18,2,21,76,43,83,61,263,26,42,68,331
11/03/2015,LIT,AR,ASW,CE,Combined TRACON& Tower with Radar,61,36,70,41,208,0,0,9,0,9,61,36,79,41,217,24,0,24,241
11/04/2015,LIT,AR,ASW,CE,Combined TRACON& Tower with Radar,60,38,91,10,199,0,0,27,2,29,60,38,118,12,228,0,14,14,242
11/05/2015,LIT,AR,ASW,CE,Combined TRACON& Tower with Radar,64,34,69,24,191,0,0,16,4,20,64,34,85,28,211,104,114,218,429
11/06/2015,LIT,AR,ASW,CE,Combined TRACON& Tower with Radar,61,33,80,25,199,0,1,2,4,7,61,34,82,29,206,178,52,230,436
11/07/2015,LIT,AR,ASW,CE,Combined TRACON& Tower with Radar,44,24,32,10,110,0,0,35,3,38,44,24,67,13,148,255,0,255,403
11/08/2015,LIT,AR,ASW,CE,Combined TRACON& Tower with Radar,59,21,68,7,155,0,3,42,3,48,59,24,110,10,203,254,0,254,457
11/09/2015,LIT,AR,ASW,CE,Combined TRACON& Tower with Radar,62,34,79,41,216,0,2,53,12,67,62,36,132,53,283,136,140,276,559
11/10/2015,LIT,AR,ASW,CE,Combined TRACON& Tower with Radar,63,21,71,20,175,0,2,50,9,61,63,23,121,29,236,96,124,220,456
11/11/2015,LIT,AR,ASW,CE,Combined TRACON& Tower with Radar,59,36,51,1,147,0,2,4,2,8,59,38,55,3,155,130,102,232,387
11/12/2015,LIT,AR,ASW,CE,Combined TRACON& Tower with Radar,68,36,95,38,237,0,3,59,7,69,68,39,154,45,306,142,86,228,534
11/13/2015,LIT,AR,ASW,CE,Combined TRACON& Tower with Radar,66,44,82,28,220,0,2,55,0,57,66,46,137,28,277,202,88,290,567
11/14/2015,LIT,AR,ASW,CE,Combined TRACON& Tower with Radar,43,19,39,13,114,0,0,45,1,46,43,19,84,14,160,112,66,178,338
11/15/2015,LIT,AR,ASW,CE,Combined TRACON& Tower with Radar,61,30,47,21,159,0,0,24,2,26,61,30,71,23,185,191,10,201,386
11/16/2015,LIT,AR,ASW,CE,Combined TRACON& Tower with Radar,62,42,44,10,158,0,0,2,0,2,62,42,46,10,160,146,72,218,378
11/17/2015,LIT,AR,ASW,CE,Combined TRACON& Tower with Radar,63,26,28,0,117,0,0,0,0,0,63,26,28,0,117,100,100,200,317
11/18/2015,LIT,AR,ASW,CE,Combined TRACON& Tower with Radar,63,49,65,25,202,0,0,33,1,34,63,49,98,26,236,132,48,180,416
11/19/2015,LIT,AR,ASW,CE,Combined TRACON& Tower with Radar,64,34,75,39,212,0,4,73,8,85,64,38,148,47,297,138,70,208,505
11/20/2015,LIT,AR,ASW,CE,Combined TRACON& Tower with Radar,69,33,85,28,215,0,2,82,0,84,69,35,167,28,299,176,138,314,613
11/21/2015,LIT,AR,ASW,CE,Combined TRACON& Tower with Radar,43,24,32,0,99,0,0,27,0,27,43,24,59,0,126,248,0,248,374
11/22/2015,LIT,AR,ASW,CE,Combined TRACON& Tower with Radar,56,30,35,6,127,0,1,46,4,51,56,31,81,10,178,183,0,183,361
11/23/2015,LIT,AR,ASW,CE,Combined TRACON& Tower with Radar,55,30,54,21,160,0,2,75,2,79,55,32,129,23,239,177,62,239,478
11/24/2015,LIT,AR,ASW,CE,Combined TRACON& Tower with Radar,63,34,64,39,200,0,2,51,3,56,63,36,115,42,256,83,128,211,467
11/25/2015,LIT,AR,ASW,CE,Combined TRACON& Tower with Radar,62,33,54,11,160,0,0,16,2,18,62,33,70,13,178,52,98,150,328
11/26/2015,LIT,AR,ASW,CE,Combined TRACON& Tower with Radar,37,10,18,0,65,0,1,7,0,8,37,11,25,0,73,98,0,98,171
11/27/2015,LIT,AR,ASW,CE,Combined TRACON& Tower with Radar,64,18,29,0,111,0,0,0,0,0,64,18,29,0,111,58,0,58,169
11/28/2015,LIT,AR,ASW,CE,Combined TRACON& Tower with Radar,66,26,21,0,113,0,0,0,0,0,66,26,21,0,113,98,0,98,211
11/29/2015,LIT,AR,ASW,CE,Combined TRACON& Tower with Radar,58,44,40,0,142,0,0,0,0,0,58,44,40,0,142,206,0,206,348
11/30/2015,LIT,AR,ASW,CE,Combined TRACON& Tower with Radar,63,41,49,6,159,0,0,1,0,1,63,41,50,6,160,110,2,112,272
12/01/2015,LIT,AR,ASW,CE,Combined TRACON& Tower with Radar,64,41,79,70,254,0,1,38,5,44,64,42,117,75,298,150,58,208,506
12/02/2015,LIT,AR,ASW,CE,Combined TRACON& Tower with Radar,57,45,87,30,219,0,3,67,3,73,57,48,154,33,292,175,20,195,487
12/03/2015,LIT,AR,ASW,CE,Combined TRACON& Tower with Radar,61,38,77,46,222,0,3,61,1,65,61,41,138,47,287,114,118,232,519
12/04/2015,LIT,AR,ASW,CE,Combined TRACON& Tower with Radar,58,40,64,20,182,0,5,46,5,56,58,45,110,25,238,146,70,216,454
12/05/2015,LIT,AR,ASW,CE,Combined TRACON& Tower with Radar,39,30,32,3,104,0,0,38,2,40,39,30,70,5,144,196,0,196,340
12/06/2015,LIT,AR,ASW,CE,Combined TRACON& Tower with Radar,54,27,37,4,122,0,0,38,0,38,54,27,75,4,160,192,0,192,352
12/07/2015,LIT,AR,ASW,CE,Combined TRACON& Tower with Radar,52,45,64,10,171,0,2,47,0,49,52,47,111,10,220,184,20,204,424
12/08/2015,LIT,AR,ASW,CE,Combined TRACON& Tower with Radar,58,40,93,34,225,0,1,41,4,46,58,41,134,38,271,126,80,206,477
12/09/2015,LIT,AR,ASW,CE,Combined TRACON& Tower with Radar,63,32,89,24,208,0,0,47,2,49,63,32,136,26,257,152,38,190,447
12/10/2015,LIT,AR,ASW,CE,Combined TRACON& Tower with Radar,60,34,101,38,233,0,0,46,8,54,60,34,147,46,287,146,76,222,509
12/11/2015,LIT,AR,ASW,CE,Combined TRACON& Tower with Radar,60,37,97,39,233,0,0,19,2,21,60,37,116,41,254,166,138,304,558
12/12/2015,LIT,AR,ASW,CE,Combined TRACON& Tower with Radar,40,32,50,33,155,0,1,6,0,7,40,33,56,33,162,102,87,189,351
12/13/2015,LIT,AR,ASW,CE,Combined TRACON& Tower with Radar,52,30,39,2,123,0,1,0,0,1,52,31,39,2,124,200,0,200,324
12/14/2015,LIT,AR,ASW,CE,Combined TRACON& Tower with Radar,56,43,84,32,215,0,4,48,2,54,56,47,132,34,269,136,60,196,465
12/15/2015,LIT,AR,ASW,CE,Combined TRACON& Tower with Radar,59,25,67,26,177,0,1,60,1,62,59,26,127,27,239,128,64,192,431
12/16/2015,LIT,AR,ASW,CE,Combined TRACON& Tower with Radar,62,37,110,26,235,0,0,54,7,61,62,37,164,33,296,96,6,102,398
12/17/2015,LIT,AR,ASW,CE,Combined TRACON& Tower with Radar,60,40,69,24,193,0,4,57,5,66,60,44,126,29,259,88,130,218,477
12/18/2015,LIT,AR,ASW,CE,Combined TRACON& Tower with Radar,78,37,74,23,212,0,0,51,0,51,78,37,125,23,263,130,80,210,473
12/19/2015,LIT,AR,ASW,CE,Combined TRACON& Tower with Radar,51,27,48,12,138,0,3,53,3,59,51,30,101,15,197,176,46,222,419
12/20/2015,LIT,AR,ASW,CE,Combined TRACON& Tower with Radar,58,26,22,8,114,0,1,20,0,21,58,27,42,8,135,210,0,210,345
12/21/2015,LIT,AR,ASW,CE,Combined TRACON& Tower with Radar,60,28,69,12,169,0,0,5,0,5,60,28,74,12,174,216,2,218,392
12/22/2015,LIT,AR,ASW,CE,Combined TRACON& Tower with Radar,58,43,64,48,213,0,0,59,5,64,58,43,123,53,277,148,58,206,483
12/23/2015,LIT,AR,ASW,CE,Combined TRACON& Tower with Radar,61,34,37,3,135,0,3,19,1,23,61,37,56,4,158,186,16,202,360
12/24/2015,LIT,AR,ASW,CE,Combined TRACON& Tower with Radar,52,22,24,0,98,0,1,28,0,29,52,23,52,0,127,218,0,218,345
12/25/2015,LIT,AR,ASW,CE,Combined TRACON& Tower with Radar,49,21,4,0,74,0,0,6,0,6,49,21,10,0,80,230,0,230,310
12/26/2015,LIT,AR,ASW,CE,Combined TRACON& Tower with Radar,52,30,36,0,118,0,0,3,0,3,52,30,39,0,121,228,0,228,349
12/27/2015,LIT,AR,ASW,CE,Combined TRACON& Tower with Radar,44,24,19,0,87,0,1,1,0,2,44,25,20,0,89,272,0,272,361
12/28/2015,LIT,AR,ASW,CE,Combined TRACON& Tower with Radar,49,22,31,14,116,0,1,3,0,4,49,23,34,14,120,222,24,246,366
12/29/2015,LIT,AR,ASW,CE,Combined TRACON& Tower with Radar,57,23,48,32,160,0,0,21,0,21,57,23,69,32,181,168,18,186,367
12/30/2015,LIT,AR,ASW,CE,Combined TRACON& Tower with Radar,53,32,62,18,165,0,0,32,2,34,53,32,94,20,199,30,28,58,257
12/31/2015,LIT,AR,ASW,CE,Combined TRACON& Tower with Radar,50,29,48,0,127,0,1,38,0,39,50,30,86,0,166,117,16,133,299
01/01/2016,LIT,AR,ASW,CE,Combined TRACON& Tower with Radar,46,19,13,0,78,0,1,42,0,43,46,20,55,0,121,0,0,0,121
01/02/2016,LIT,AR,ASW,CE,Combined TRACON& Tower with Radar,50,30,38,2,120,0,1,32,0,33,50,31,70,2,153,10,0,10,163
01/03/2016,LIT,AR,ASW,CE,Combined TRACON& Tower with Radar,51,34,32,4,121,0,2,45,0,47,51,36,77,4,168,10,0,10,178
01/04/2016,LIT,AR,ASW,CE,Combined TRACON& Tower with Radar,61,25,49,36,171,0,2,32,3,37,61,27,81,39,208,44,6,50,258
01/05/2016,LIT,AR,ASW,CE,Combined TRACON& Tower with Radar,60,28,73,51,212,0,0,63,2,65,60,28,136,53,277,38,24,62,339
01/06/2016,LIT,AR,ASW,CE,Combined TRACON& Tower with Radar,56,38,68,57,219,0,3,47,9,59,56,41,115,66,278,18,38,56,334
01/07/2016,LIT,AR,ASW,CE,Combined TRACON& Tower with Radar,56,36,55,41,188,0,0,0,0,0,56,36,55,41,188,84,0,84,272
01/08/2016,LIT,AR,ASW,CE,Combined TRACON& Tower with Radar,62,36,72,72,242,0,2,14,5,21,62,38,86,77,263,50,42,92,355
01/09/2016,LIT,AR,ASW,CE,Combined TRACON& Tower with Radar,37,18,17,1,73,0,0,0,0,0,37,18,17,1,73,8,0,8,81
01/10/2016,LIT,AR,ASW,CE,Combined TRACON& Tower with Radar,47,30,40,5,122,0,0,54,5,59,47,30,94,10,181,18,0,18,199
01/11/2016,LIT,AR,ASW,CE,Combined TRACON& Tower with Radar,50,34,74,59,217,0,3,34,0,37,50,37,108,59,254,8,52,60,314
01/12/2016,LIT,AR,ASW,CE,Combined TRACON& Tower with Radar,47,33,58,49,187,0,2,60,1,63,47,35,118,50,250,48,30,78,328
01/13/2016,LIT,AR,ASW,CE,Combined TRACON& Tower with Radar,55,37,65,34,191,0,1,39,3,43,55,38,104,37,234,36,28,64,298
01/14/2016,LIT,AR,ASW,CE,Combined TRACON& Tower with Radar,56,32,77,26,191,0,0,68,4,72,56,32,145,30,263,16,44,60,323
01/15/2016,LIT,AR,ASW,CE,Combined TRACON& Tower with Radar,56,34,68,55,213,0,1,29,5,35,56,35,97,60,248,26,46,72,320
01/16/2016,LIT,AR,ASW,CE,Combined TRACON& Tower with Radar,40,18,33,0,91,0,2,31,0,33,40,20,64,0,124,0,0,0,124
01/17/2016,LIT,AR,ASW,CE,Combined TRACON& Tower with Radar,46,20,32,0,98,0,1,33,1,35,46,21,65,1,133,12,0,12,145
01/18/2016,LIT,AR,ASW,CE,Combined TRACON& Tower with Radar,52,33,43,18,146,0,1,38,3,42,52,34,81,21,188,20,40,60,248
01/19/2016,LIT,AR,ASW,CE,Combined TRACON& Tower with Radar,55,33,39,22,149,0,1,35,2,38,55,34,74,24,187,74,26,100,287
01/20/2016,LIT,AR,ASW,CE,Combined TRACON& Tower with Radar,56,31,44,24,155,0,0,2,0,2,56,31,46,24,157,70,0,70,227
01/21/2016,LIT,AR,ASW,CE,Combined TRACON& Tower with Radar,49,29,44,3,125,0,0,0,0,0,49,29,44,3,125,10,56,66,191
01/22/2016,LIT,AR,ASW,CE,Combined TRACON& Tower with Radar,43,28,28,0,99,0,4,10,0,14,43,32,38,0,113,0,0,0,113
01/23/2016,LIT,AR,ASW,CE,Combined TRACON& Tower with Radar,35,17,17,6,75,0,0,28,0,28,35,17,45,6,103,14,0,14,117
01/24/2016,LIT,AR,ASW,CE,Combined TRACON& Tower with Radar,49,29,38,2,118,0,0,34,0,34,49,29,72,2,152,4,6,10,162
01/25/2016,LIT,AR,ASW,CE,Combined TRACON& Tower with Radar,53,32,71,50,206,0,0,16,1,17,53,32,87,51,223,8,56,64,287
01/26/2016,LIT,AR,ASW,CE,Combined TRACON& Tower with Radar,52,34,72,20,178,0,3,44,3,50,52,37,116,23,228,20,44,64,292
01/27/2016,LIT,AR,ASW,CE,Combined TRACON& Tower with Radar,54,34,81,59,228,0,5,53,6,64,54,39,134,65,292,32,24,56,348
01/28/2016,LIT,AR,ASW,CE,Combined TRACON& Tower with Radar,54,35,68,47,204,0,3,51,3,57,54,38,119,50,261,18,52,70,331
01/29/2016,LIT,AR,ASW,CE,Combined TRACON& Tower with Radar,60,40,61,26,187,0,2,53,6,61,60,42,114,32,248,12,56,68,316
01/30/2016,LIT,AR,ASW,CE,Combined TRACON& Tower with Radar,42,30,43,6,121,0,4,44,1,49,42,34,87,7,170,22,0,22,192
01/31/2016,LIT,AR,ASW,CE,Combined TRACON& Tower with Radar,51,23,51,2,127,0,2,19,0,21,51,25,70,2,148,10,0,10,158
02/01/2016,LIT,AR,ASW,CE,Combined TRACON& Tower with Radar,52,41,60,56,209,0,0,22,1,23,52,41,82,57,232,32,44,76,308
02/02/2016,LIT,AR,ASW,CE,Combined TRACON& Tower with Radar,56,29,53,46,184,0,2,14,3,19,56,31,67,49,203,18,60,78,281
02/03/2016,LIT,AR,ASW,CE,Combined TRACON& Tower with Radar,54,35,48,46,183,0,0,38,8,46,54,35,86,54,229,12,64,76,305
02/04/2016,LIT,AR,ASW,CE,Combined TRACON& Tower with Radar,56,40,95,50,241,0,5,55,8,68,56,45,150,58,309,8,68,76,385
02/05/2016,LIT,AR,ASW,CE,Combined TRACON& Tower with Radar,55,32,66,56,209,0,3,55,4,62,55,35,121,60,271,30,40,70,341
02/06/2016,LIT,AR,ASW,CE,Combined TRACON& Tower with Radar,41,22,37,5,105,0,2,34,3,39,41,24,71,8,144,40,12,52,196
02/07/2016,LIT,AR,ASW,CE,Combined TRACON& Tower with Radar,44,19,26,0,89,0,0,32,0,32,44,19,58,0,121,14,26,40,161
02/08/2016,LIT,AR,ASW,CE,Combined TRACON& Tower with Radar,52,33,66,33,184,0,2,8,11,21,52,35,74,44,205,36,40,76,281
02/09/2016,LIT,AR,ASW,CE,Combined TRACON& Tower with Radar,54,36,65,34,189,0,1,33,0,34,54,37,98,34,223,36,46,82,305
02/10/2016,LIT,AR,ASW,CE,Combined TRACON& Tower with Radar,56,40,58,37,191,0,1,34,6,41,56,41,92,43,232,24,42,66,298
02/11/2016,LIT,AR,ASW,CE,Combined TRACON& Tower with Radar,53,41,97,34,225,0,2,66,4,72,53,43,163,38,297,18,74,92,389
02/12/2016,LIT,AR,ASW,CE,Combined TRACON& Tower with Radar,59,42,99,48,248,0,1,54,11,66,59,43,153,59,314,38,28,66,380
02/13/2016,LIT,AR,ASW,CE,Combined TRACON& Tower with Radar,44,25,22,0,91,0,2,57,1,60,44,27,79,1,151,52,10,62,213
02/14/2016,LIT,AR,ASW,CE,Combined TRACON& Tower with Radar,40,29,48,1,118,0,1,8,0,9,40,30,56,1,127,32,8,40,167
02/15/2016,LIT,AR,ASW,CE,Combined TRACON& Tower with Radar,51,43,41,0,135,0,0,14,0,14,51,43,55,0,149,32,50,82,231
02/16/2016,LIT,AR,ASW,CE,Combined TRACON& Tower with Radar,60,33,66,36,195,0,0,12,1,13,60,33,78,37,208,10,66,76,284
02/17/2016,LIT,AR,ASW,CE,Combined TRACON& Tower with Radar,56,43,70,47,216,0,2,67,5,74,56,45,137,52,290,18,84,102,392
02/18/2016,LIT,AR,ASW,CE,Combined TRACON& Tower with Radar,55,47,90,25,217,0,2,47,1,50,55,49,137,26,267,60,46,106,373
02/19/2016,LIT,AR,ASW,CE,Combined TRACON& Tower with Radar,58,41,65,45,209,0,0,21,1,22,58,41,86,46,231,40,22,62,293
02/20/2016,LIT,AR,ASW,CE,Combined TRACON& Tower with Radar,44,27,36,29,136,0,0,10,0,10,44,27,46,29,146,40,4,44,190
02/21/2016,LIT,AR,ASW,CE,Combined TRACON& Tower with Radar,49,33,47,8,137,0,0,9,2,11,49,33,56,10,148,48,0,48,196
02/22/2016,LIT,AR,ASW,CE,Combined TRACON& Tower with Radar,58,33,62,71,224,0,0,28,8,36,58,33,90,79,260,30,53,83,343
02/23/2016,LIT,AR,ASW,CE,Combined TRACON& Tower with Radar,57,41,58,8,164,0,4,0,0,4,57,45,58,8,168,10,54,64,232
02/24/2016,LIT,AR,ASW,CE,Combined TRACON& Tower with Radar,54,34,56,34,178,0,5,13,1,19,54,39,69,35,197,22,56,78,275
02/25/2016,LIT,AR,ASW,CE,Combined TRACON& Tower with Radar,60,37,90,29,216,0,4,38,5,47,60,41,128,34,263,6,68,74,337
02/26/2016,LIT,AR,ASW,CE,Combined TRACON& Tower with Radar,58,45,72,32,207,0,2,71,7,80,58,47,143,39,287,14,58,72,359
02/27/2016,LIT,AR,ASW,CE,Combined TRACON& Tower with Radar,48,28,53,5,134,0,1,40,0,41,48,29,93,5,175,46,0,46,221
02/28/2016,LIT,AR,ASW,CE,Combined TRACON& Tower with Radar,46,32,37,0,115,0,0,19,0,19,46,32,56,0,134,0,0,0,134
02/29/2016,LIT,AR,ASW,CE,Combined TRACON& Tower with Radar,58,33,56,54,201,0,1,58,4,63,58,34,114,58,264,52,46,98,362
03/01/2016,LIT,AR,ASW,CE,Combined TRACON& Tower with Radar,50,36,53,30,169,0,1,14,0,15,50,37,67,30,184,36,40,76,260
03/02/2016,LIT,AR,ASW,CE,Combined TRACON& Tower with Radar,58,38,33,35,164,0,0,55,3,58,58,38,88,38,222,20,44,64,286
03/03/2016,LIT,AR,ASW,CE,Combined TRACON& Tower with Radar,61,40,93,29,223,0,4,36,1,41,61,44,129,30,264,28,28,56,320
03/04/2016,LIT,AR,ASW,CE,Combined TRACON& Tower with Radar,54,42,66,26,188,0,1,56,4,61,54,43,122,30,249,20,42,62,311
03/05/2016,LIT,AR,ASW,CE,Combined TRACON& Tower with Radar,48,34,37,0,119,0,1,32,1,34,48,35,69,1,153,26,18,44,197
03/06/2016,LIT,AR,ASW,CE,Combined TRACON& Tower with Radar,49,30,42,14,135,0,3,55,0,58,49,33,97,14,193,39,0,39,232
03/07/2016,LIT,AR,ASW,CE,Combined TRACON& Tower with Radar,56,44,49,81,230,0,0,23,2,25,56,44,72,83,255,6,58,64,319
03/08/2016,LIT,AR,ASW,CE,Combined TRACON& Tower with Radar,59,38,41,20,158,0,2,3,1,6,59,40,44,21,164,16,32,48,212
03/09/2016,LIT,AR,ASW,CE,Combined TRACON& Tower with Radar,52,34,32,2,120,0,0,0,0,0,52,34,32,2,120,34,30,64,184
03/10/2016,LIT,AR,ASW,CE,Combined TRACON& Tower with Radar,52,51,41,12,156,0,0,0,0,0,52,51,41,12,156,34,30,64,220
03/11/2016,LIT,AR,ASW,CE,Combined TRACON& Tower with Radar,53,41,55,6,155,0,0,0,0,0,53,41,55,6,155,36,0,36,191
03/12/2016,LIT,AR,ASW,CE,Combined TRACON& Tower with Radar,44,35,30,1,110,0,0,0,0,0,44,35,30,1,110,0,0,0,110
03/13/2016,LIT,AR,ASW,CE,Combined TRACON& Tower with Radar,49,34,35,0,118,0,0,7,0,7,49,34,42,0,125,26,8,34,159
03/14/2016,LIT,AR,ASW,CE,Combined TRACON& Tower with Radar,56,44,67,35,202,0,0,49,3,52,56,44,116,38,254,44,40,84,338
03/15/2016,LIT,AR,ASW,CE,Combined TRACON& Tower with Radar,58,38,75,27,198,0,0,62,1,63,58,38,137,28,261,20,22,42,303
03/16/2016,LIT,AR,ASW,CE,Combined TRACON& Tower with Radar,52,60,63,112,287,0,1,69,1,71,52,61,132,113,358,30,60,90,448
03/17/2016,LIT,AR,ASW,CE,Combined TRACON& Tower with Radar,56,41,89,24,210,0,0,57,4,61,56,41,146,28,271,56,4,60,331
03/18/2016,LIT,AR,ASW,CE,Combined TRACON& Tower with Radar,62,41,62,29,194,0,0,27,4,31,62,41,89,33,225,0,92,92,317
03/19/2016,LIT,AR,ASW,CE,Combined TRACON& Tower with Radar,43,37,38,7,125,0,0,31,2,33,43,37,69,9,158,28,0,28,186
03/20/2016,LIT,AR,ASW,CE,Combined TRACON& Tower with Radar,58,27,50,12,147,0,0,44,4,48,58,27,94,16,195,34,0,34,229
03/21/2016,LIT,AR,ASW,CE,Combined TRACON& Tower with Radar,57,39,59,29,184,0,2,59,2,63,57,41,118,31,247,4,68,72,319
03/22/2016,LIT,AR,ASW,CE,Combined TRACON& Tower with Radar,55,46,68,28,197,0,3,40,10,53,55,49,108,38,250,4,62,66,316
03/23/2016,LIT,AR,ASW,CE,Combined TRACON& Tower with Radar,57,43,89,63,252,0,5,12,0,17,57,48,101,63,269,0,68,68,337
03/24/2016,LIT,AR,ASW,CE,Combined TRACON& Tower with Radar,59,39,77,16,191,0,3,17,1,21,59,42,94,17,212,6,68,74,286
03/25/2016,LIT,AR,ASW,CE,Combined TRACON& Tower with Radar,59,38,55,22,174,0,1,65,2,68,59,39,120,24,242,32,32,64,306
03/26/2016,LIT,AR,ASW,CE,Combined TRACON& Tower with Radar,41,36,46,0,123,0,0,61,0,61,41,36,107,0,184,8,0,8,192
03/27/2016,LIT,AR,ASW,CE,Combined TRACON& Tower with Radar,52,32,33,0,117,0,1,13,0,14,52,33,46,0,131,18,0,18,149
03/28/2016,LIT,AR,ASW,CE,Combined TRACON& Tower with Radar,57,35,51,85,228,0,1,43,14,58,57,36,94,99,286,0,62,62,348
03/29/2016,LIT,AR,ASW,CE,Combined TRACON& Tower with Radar,54,40,86,49,229,0,2,74,8,84,54,42,160,57,313,20,42,62,375
03/30/2016,LIT,AR,ASW,CE,Combined TRACON& Tower with Radar,54,42,47,4,147,0,1,2,1,4,54,43,49,5,151,0,10,10,161
03/31/2016,LIT,AR,ASW,CE,Combined TRACON& Tower with Radar,58,40,102,26,226,0,1,45,3,49,58,41,147,29,275,18,56,74,349
04/01/2016,LIT,AR,ASW,CE,Combined TRACON& Tower with Radar,58,46,89,14,207,0,4,52,0,56,58,50,141,14,263,42,28,70,333
04/02/2016,LIT,AR,ASW,CE,Combined TRACON& Tower with Radar,48,38,33,6,125,0,1,42,2,45,48,39,75,8,170,32,20,52,222
04/03/2016,LIT,AR,ASW,CE,Combined TRACON& Tower with Radar,53,33,60,8,154,0,1,42,1,44,53,34,102,9,198,24,0,24,222
04/04/2016,LIT,AR,ASW,CE,Combined TRACON& Tower with Radar,56,41,78,26,201,0,0,51,1,52,56,41,129,27,253,50,52,102,355
04/05/2016,LIT,AR,ASW,CE,Combined TRACON& Tower with Radar,60,40,72,41,213,0,1,56,1,58,60,41,128,42,271,8,96,104,375
04/06/2016,LIT,AR,ASW,CE,Combined TRACON& Tower with Radar,55,48,61,20,184,0,1,40,2,43,55,49,101,22,227,4,37,41,268
04/07/2016,LIT,AR,ASW,CE,Combined TRACON& Tower with Radar,58,56,79,36,229,1,1,47,2,51,59,57,126,38,280,16,38,54,334
04/08/2016,LIT,AR,ASW,CE,Combined TRACON& Tower with Radar,60,51,79,55,245,0,1,50,1,52,60,52,129,56,297,0,54,54,351
04/09/2016,LIT,AR,ASW,CE,Combined TRACON& Tower with Radar,46,28,38,20,132,0,2,31,3,36,46,30,69,23,168,0,0,0,168
04/10/2016,LIT,AR,ASW,CE,Combined TRACON& Tower with Radar,55,36,51,3,145,0,1,13,0,14,55,37,64,3,159,0,0,0,159
04/11/2016,LIT,AR,ASW,CE,Combined TRACON& Tower with Radar,61,45,53,27,186,0,0,4,0,4,61,45,57,27,190,0,0,0,190
04/12/2016,LIT,AR,ASW,CE,Combined TRACON& Tower with Radar,60,46,108,40,254,0,1,46,2,49,60,47,154,42,303,4,64,68,371
04/13/2016,LIT,AR,ASW,CE,Combined TRACON& Tower with Radar,58,45,81,42,226,0,1,22,0,23,58,46,103,42,249,4,44,48,297
04/14/2016,LIT,AR,ASW,CE,Combined TRACON& Tower with Radar,58,42,80,54,234,0,2,45,2,49,58,44,125,56,283,4,38,42,325
04/15/2016,LIT,AR,ASW,CE,Combined TRACON& Tower with Radar,61,47,75,9,192,0,0,2,0,2,61,47,77,9,194,0,0,0,194
04/16/2016,LIT,AR,ASW,CE,Combined TRACON& Tower with Radar,48,28,35,2,113,0,0,8,0,8,48,28,43,2,121,42,0,42,163
04/17/2016,LIT,AR,ASW,CE,Combined TRACON& Tower with Radar,55,31,51,6,143,0,1,19,0,20,55,32,70,6,163,6,10,16,179
04/18/2016,LIT,AR,ASW,CE,Combined TRACON& Tower with Radar,53,37,51,19,160,0,3,23,3,29,53,40,74,22,189,14,28,42,231
04/19/2016,LIT,AR,ASW,CE,Combined TRACON& Tower with Radar,58,44,82,62,246,0,2,16,6,24,58,46,98,68,270,6,72,78,348
04/20/2016,LIT,AR,ASW,CE,Combined TRACON& Tower with Radar,59,48,73,23,203,0,1,5,0,6,59,49,78,23,209,6,44,50,259
04/21/2016,LIT,AR,ASW,CE,Combined TRACON& Tower with Radar,58,40,90,75,263,0,1,42,2,45,58,41,132,77,308,0,64,64,372
04/22/2016,LIT,AR,ASW,CE,Combined TRACON& Tower with Radar,61,42,72,88,263,0,2,75,20,97,61,44,147,108,360,0,68,68,428
04/23/2016,LIT,AR,ASW,CE,Combined TRACON& Tower with Radar,50,32,28,23,133,0,2,57,3,62,50,34,85,26,195,0,16,16,211
04/24/2016,LIT,AR,ASW,CE,Combined TRACON& Tower with Radar,51,36,49,20,156,0,1,33,2,36,51,37,82,22,192,0,0,0,192
04/25/2016,LIT,AR,ASW,CE,Combined TRACON& Tower with Radar,58,42,87,51,238,0,0,35,1,36,58,42,122,52,274,0,74,74,348
04/26/2016,LIT,AR,ASW,CE,Combined TRACON& Tower with Radar,59,34,91,34,218,0,0,21,0,21,59,34,112,34,239,0,34,34,273
04/27/2016,LIT,AR,ASW,CE,Combined TRACON& Tower with Radar,56,36,55,34,181,0,2,31,2,35,56,38,86,36,216,26,56,82,298
04/28/2016,LIT,AR,ASW,CE,Combined TRACON& Tower with Radar,57,50,101,65,273,0,2,66,20,88,57,52,167,85,361,0,72,72,433
04/29/2016,LIT,AR,ASW,CE,Combined TRACON& Tower with Radar,58,47,41,5,151,0,1,1,0,2,58,48,42,5,153,0,0,0,153
04/30/2016,LIT,AR,ASW,CE,Combined TRACON& Tower with Radar,51,29,40,2,122,0,1,23,0,24,51,30,63,2,146,0,0,0,146
05/01/2016,LIT,AR,ASW,CE,Combined TRACON& Tower with Radar,52,32,57,16,157,0,1,39,4,44,52,33,96,20,201,34,12,46,247
05/02/2016,LIT,AR,ASW,CE,Combined TRACON& Tower with Radar,59,41,69,52,221,0,2,23,0,25,59,43,92,52,246,14,88,102,348
05/03/2016,LIT,AR,ASW,CE,Combined TRACON& Tower with Radar,63,36,72,84,255,0,2,42,5,49,63,38,114,89,304,2,103,105,409
05/04/2016,LIT,AR,ASW,CE,Combined TRACON& Tower with Radar,64,39,79,37,219,0,0,54,3,57,64,39,133,40,276,8,26,34,310
05/05/2016,LIT,AR,ASW,CE,Combined TRACON& Tower with Radar,64,43,87,33,227,0,1,69,5,75,64,44,156,38,302,68,44,112,414
05/06/2016,LIT,AR,ASW,CE,Combined TRACON& Tower with Radar,62,46,74,46,228,0,3,81,4,88,62,49,155,50,316,30,46,76,392
05/07/2016,LIT,AR,ASW,CE,Combined TRACON& Tower with Radar,47,28,42,0,117,0,1,45,1,47,47,29,87,1,164,16,0,16,180
05/08/2016,LIT,AR,ASW,CE,Combined TRACON& Tower with Radar,61,30,44,14,149,0,2,25,2,29,61,32,69,16,178,8,10,18,196
05/09/2016,LIT,AR,ASW,CE,Combined TRACON& Tower with Radar,59,51,55,56,221,0,1,14,0,15,59,52,69,56,236,10,70,80,316
05/10/2016,LIT,AR,ASW,CE,Combined TRACON& Tower with Radar,64,48,80,40,232,0,2,44,13,59,64,50,124,53,291,12,34,46,337
05/11/2016,LIT,AR,ASW,CE,Combined TRACON& Tower with Radar,61,46,72,31,210,0,3,26,3,32,61,49,98,34,242,6,34,40,282
05/12/2016,LIT,AR,ASW,CE,Combined TRACON& Tower with Radar,59,49,92,48,248,0,1,28,8,37,59,50,120,56,285,22,62,84,369
05/13/2016,LIT,AR,ASW,CE,Combined TRACON& Tower with Radar,63,47,72,55,237,0,1,69,6,76,63,48,141,61,313,2,94,96,409
05/14/2016,LIT,AR,ASW,CE,Combined TRACON& Tower with Radar,51,36,41,35,163,0,0,32,13,45,51,36,73,48,208,12,20,32,240
05/15/2016,LIT,AR,ASW,CE,Combined TRACON& Tower with Radar,61,39,40,14,154,0,1,36,4,41,61,40,76,18,195,8,4,12,207
05/16/2016,LIT,AR,ASW,CE,Combined TRACON& Tower with Radar,60,56,53,21,190,0,0,6,3,9,60,56,59,24,199,2,56,58,257
05/17/2016,LIT,AR,ASW,CE,Combined TRACON& Tower with Radar,60,39,62,40,201,0,1,22,5,28,60,40,84,45,229,0,60,60,289
05/18/2016,LIT,AR,ASW,CE,Combined TRACON& Tower with Radar,60,51,100,50,261,0,1,21,7,29,60,52,121,57,290,0,78,78,368
05/19/2016,LIT,AR,ASW,CE,Combined TRACON& Tower with Radar,59,59,89,32,239,0,0,37,7,44,59,59,126,39,283,28,46,74,357
05/20/2016,LIT,AR,ASW,CE,Combined TRACON& Tower with Radar,65,45,75,68,253,0,0,32,4,36,65,45,107,72,289,28,28,56,345
05/21/2016,LIT,AR,ASW,CE,Combined TRACON& Tower with Radar,49,33,56,4,142,0,1,47,1,49,49,34,103,5,191,10,0,10,201
05/22/2016,LIT,AR,ASW,CE,Combined TRACON& Tower with Radar,59,32,54,10,155,0,2,61,0,63,59,34,115,10,218,38,0,38,256
05/23/2016,LIT,AR,ASW,CE,Combined TRACON& Tower with Radar,60,36,69,44,209,0,2,39,8,49,60,38,108,52,258,8,48,56,314
05/24/2016,LIT,AR,ASW,CE,Combined TRACON& Tower with Radar,64,43,84,22,213,0,1,29,7,37,64,44,113,29,250,4,50,54,304
05/25/2016,LIT,AR,ASW,CE,Combined TRACON& Tower with Radar,62,39,89,20,210,0,2,17,5,24,62,41,106,25,234,12,62,74,308
05/26/2016,LIT,AR,ASW,CE,Combined TRACON& Tower with Radar,66,50,104,37,257,0,0,14,7,21,66,50,118,44,278,0,56,56,334
05/27/2016,LIT,AR,ASW,CE,Combined TRACON& Tower with Radar,62,46,38,2,148,0,1,4,0,5,62,47,42,2,153,0,0,0,153
05/28/2016,LIT,AR,ASW,CE,Combined TRACON& Tower with Radar,44,34,38,9,125,0,1,29,0,30,44,35,67,9,155,6,2,8,163
05/29/2016,LIT,AR,ASW,CE,Combined TRACON& Tower with Radar,49,25,10,0,84,0,2,32,0,34,49,27,42,0,118,14,0,14,132
05/30/2016,LIT,AR,ASW,CE,Combined TRACON& Tower with Radar,50,46,41,2,139,0,4,10,4,18,50,50,51,6,157,0,0,0,157
05/31/2016,LIT,AR,ASW,CE,Combined TRACON& Tower with Radar,70,43,82,46,241,0,4,17,5,26,70,47,99,51,267,10,64,74,341
06/01/2016,LIT,AR,ASW,CE,Combined TRACON& Tower with Radar,59,47,74,8,188,0,1,8,2,11,59,48,82,10,199,28,10,38,237
06/02/2016,LIT,AR,ASW,CE,Combined TRACON& Tower with Radar,53,44,101,19,217,0,2,11,5,18,53,46,112,24,235,24,28,52,287
06/03/2016,LIT,AR,ASW,CE,Combined TRACON& Tower with Radar,61,67,66,30,224,0,2,11,1,14,61,69,77,31,238,10,0,10,248
06/04/2016,LIT,AR,ASW,CE,Combined TRACON& Tower with Radar,44,44,40,0,128,0,0,22,0,22,44,44,62,0,150,8,0,8,158
06/05/2016,LIT,AR,ASW,CE,Combined TRACON& Tower with Radar,54,38,76,4,172,0,0,38,6,44,54,38,114,10,216,0,0,0,216
06/06/2016,LIT,AR,ASW,CE,Combined TRACON& Tower with Radar,60,43,63,70,236,0,0,59,2,61,60,43,122,72,297,28,70,98,395
06/07/2016,LIT,AR,ASW,CE,Combined TRACON& Tower with Radar,55,50,83,8,196,0,3,72,8,83,55,53,155,16,279,0,34,34,313
06/08/2016,LIT,AR,ASW,CE,Combined TRACON& Tower with Radar,56,51,84,11,202,0,1,70,2,73,56,52,154,13,275,24,0,24,299
06/09/2016,LIT,AR,ASW,CE,Combined TRACON& Tower with Radar,59,51,91,20,221,0,1,55,4,60,59,52,146,24,281,14,6,20,301
06/10/2016,LIT,AR,ASW,CE,Combined TRACON& Tower with Radar,70,47,84,28,229,0,1,44,4,49,70,48,128,32,278,0,16,16,294
06/11/2016,LIT,AR,ASW,CE,Combined TRACON& Tower with Radar,48,41,30,11,130,0,2,34,9,45,48,43,64,20,175,10,0,10,185
06/12/2016,LIT,AR,ASW,CE,Combined TRACON& Tower with Radar,54,34,34,4,126,0,1,27,0,28,54,35,61,4,154,0,0,0,154
06/13/2016,LIT,AR,ASW,CE,Combined TRACON& Tower with Radar,64,40,66,35,205,0,4,24,1,29,64,44,90,36,234,70,80,150,384
06/14/2016,LIT,AR,ASW,CE,Combined TRACON& Tower with Radar,61,41,88,11,201,0,0,22,4,26,61,41,110,15,227,124,110,234,461
06/15/2016,LIT,AR,ASW,CE,Combined TRACON& Tower with Radar,60,51,96,33,240,0,1,61,13,75,60,52,157,46,315,74,72,146,461
06/16/2016,LIT,AR,ASW,CE,Combined TRACON& Tower with Radar,62,49,68,10,189,0,1,55,2,58,62,50,123,12,247,66,40,106,353
06/17/2016,LIT,AR,ASW,CE,Combined TRACON& Tower with Radar,66,49,52,10,177,0,2,44,2,48,66,51,96,12,225,10,0,10,235
06/18/2016,LIT,AR,ASW,CE,Combined TRACON& Tower with Radar,50,37,50,20,157,0,1,55,8,64,50,38,105,28,221,26,0,26,247
06/19/2016,LIT,AR,ASW,CE,Combined TRACON& Tower with Radar,55,43,52,8,158,0,1,17,0,18,55,44,69,8,176,18,0,18,194
06/20/2016,LIT,AR,ASW,CE,Combined TRACON& Tower with Radar,64,44,61,55,224,0,1,39,16,56,64,45,100,71,280,28,92,120,400
06/21/2016,LIT,AR,ASW,CE,Combined TRACON& Tower with Radar,63,38,71,54,226,0,3,58,6,67,63,41,129,60,293,30,112,142,435
06/22/2016,LIT,AR,ASW,CE,Combined TRACON& Tower with Radar,56,51,91,44,242,0,3,53,9,65,56,54,144,53,307,2,112,114,421
06/23/2016,LIT,AR,ASW,CE,Combined TRACON& Tower with Radar,61,48,75,28,212,0,1,35,4,40,61,49,110,32,252,10,114,124,376
06/24/2016,LIT,AR,ASW,CE,Combined TRACON& Tower with Radar,68,49,52,25,194,0,0,35,0,35,68,49,87,25,229,12,46,58,287
06/25/2016,LIT,AR,ASW,CE,Combined TRACON& Tower with Radar,46,47,24,2,119,0,3,38,0,41,46,50,62,2,160,2,0,2,162
06/26/2016,LIT,AR,ASW,CE,Combined TRACON& Tower with Radar,56,42,51,14,163,0,0,32,2,34,56,42,83,16,197,16,0,16,213
06/27/2016,LIT,AR,ASW,CE,Combined TRACON& Tower with Radar,60,40,66,44,210,0,1,14,3,18,60,41,80,47,228,46,42,88,316
06/28/2016,LIT,AR,ASW,CE,Combined TRACON& Tower with Radar,67,45,101,31,244,0,2,52,4,58,67,47,153,35,302,40,68,108,410
06/29/2016,LIT,AR,ASW,CE,Combined TRACON& Tower with Radar,64,45,62,39,210,0,1,52,7,60,64,46,114,46,270,32,102,134,404
06/30/2016,LIT,AR,ASW,CE,Combined TRACON& Tower with Radar,61,50,59,69,239,0,0,63,3,66,61,50,122,72,305,58,150,208,513
07/01/2016,LIT,AR,ASW,CE,Combined TRACON& Tower with Radar,65,50,58,14,187,0,3,29,2,34,65,53,87,16,221,88,112,200,421
07/02/2016,LIT,AR,ASW,CE,Combined TRACON& Tower with Radar,48,45,26,1,120,0,0,36,0,36,48,45,62,1,156,52,0,52,208
07/03/2016,LIT,AR,ASW,CE,Combined TRACON& Tower with Radar,44,29,14,0,87,0,1,26,0,27,44,30,40,0,114,10,0,10,124
07/04/2016,LIT,AR,ASW,CE,Combined TRACON& Tower with Radar,54,30,18,0,102,0,0,5,0,5,54,30,23,0,107,30,0,30,137
07/05/2016,LIT,AR,ASW,CE,Combined TRACON& Tower with Radar,61,37,60,4,162,0,1,21,1,23,61,38,81,5,185,4,0,4,189
07/06/2016,LIT,AR,ASW,CE,Combined TRACON& Tower with Radar,59,41,80,26,206,0,0,23,13,36,59,41,103,39,242,22,54,76,318
07/07/2016,LIT,AR,ASW,CE,Combined TRACON& Tower with Radar,62,43,80,37,222,0,0,39,6,45,62,43,119,43,267,28,74,102,369
07/08/2016,LIT,AR,ASW,CE,Combined TRACON& Tower with Radar,60,47,65,14,186,0,2,58,2,62,60,49,123,16,248,52,0,52,300
07/09/2016,LIT,AR,ASW,CE,Combined TRACON& Tower with Radar,49,39,19,42,149,0,0,15,11,26,49,39,34,53,175,10,6,16,191
07/10/2016,LIT,AR,ASW,CE,Combined TRACON& Tower with Radar,54,34,44,28,160,0,0,19,8,27,54,34,63,36,187,34,0,34,221
07/11/2016,LIT,AR,ASW,CE,Combined TRACON& Tower with Radar,62,40,55,49,206,0,1,37,0,38,62,41,92,49,244,48,64,112,356
07/12/2016,LIT,AR,ASW,CE,Combined TRACON& Tower with Radar,61,48,82,38,229,0,1,45,2,48,61,49,127,40,277,6,4,10,287
07/13/2016,LIT,AR,ASW,CE,Combined TRACON& Tower with Radar,63,40,95,22,220,0,2,46,2,50,63,42,141,24,270,101,72,173,443
07/14/2016,LIT,AR,ASW,CE,Combined TRACON& Tower with Radar,62,48,80,11,201,0,3,33,2,38,62,51,113,13,239,2,8,10,249
07/15/2016,LIT,AR,ASW,CE,Combined TRACON& Tower with Radar,58,45,64,13,180,0,2,22,5,29,58,47,86,18,209,2,64,66,275
07/16/2016,LIT,AR,ASW,CE,Combined TRACON& Tower with Radar,45,42,30,13,130,0,0,55,0,55,45,42,85,13,185,12,14,26,211
07/17/2016,LIT,AR,ASW,CE,Combined TRACON& Tower with Radar,54,38,29,8,129,0,2,37,1,40,54,40,66,9,169,18,0,18,187
07/18/2016,LIT,AR,ASW,CE,Combined TRACON& Tower with Radar,60,36,61,34,191,0,2,55,0,57,60,38,116,34,248,2,12,14,262
07/19/2016,LIT,AR,ASW,CE,Combined TRACON& Tower with Radar,60,47,79,47,233,0,1,37,8,46,60,48,116,55,279,26,72,98,377
07/20/2016,LIT,AR,ASW,CE,Combined TRACON& Tower with Radar,64,44,73,25,206,0,2,58,2,62,64,46,131,27,268,8,24,32,300
07/21/2016,LIT,AR,ASW,CE,Combined TRACON& Tower with Radar,56,42,68,42,208,0,0,37,4,41,56,42,105,46,249,44,32,76,325
07/22/2016,LIT,AR,ASW,CE,Combined TRACON& Tower with Radar,61,41,66,25,193,0,1,40,1,42,61,42,106,26,235,14,8,22,257
07/23/2016,LIT,AR,ASW,CE,Combined TRACON& Tower with Radar,42,48,30,1,121,0,1,42,4,47,42,49,72,5,168,76,4,80,248
07/24/2016,LIT,AR,ASW,CE,Combined TRACON& Tower with Radar,53,40,43,16,152,0,0,31,0,31,53,40,74,16,183,2,6,8,191
07/25/2016,LIT,AR,ASW,CE,Combined TRACON& Tower with Radar,65,41,47,23,176,0,0,32,1,33,65,41,79,24,209,16,8,24,233
07/26/2016,LIT,AR,ASW,CE,Combined TRACON& Tower with Radar,57,41,73,34,205,0,1,48,6,55,57,42,121,40,260,10,30,40,300
07/27/2016,LIT,AR,ASW,CE,Combined TRACON& Tower with Radar,57,47,74,8,186,0,2,25,0,27,57,49,99,8,213,0,0,0,213
07/28/2016,LIT,AR,ASW,CE,Combined TRACON& Tower with Radar,57,46,73,45,221,0,3,12,2,17,57,49,85,47,238,0,26,26,264
07/29/2016,LIT,AR,ASW,CE,Combined TRACON& Tower with Radar,63,57,63,35,218,0,1,13,3,17,63,58,76,38,235,6,72,78,313
07/30/2016,LIT,AR,ASW,CE,Combined TRACON& Tower with Radar,43,40,30,0,113,0,2,27,2,31,43,42,57,2,144,22,0,22,166
07/31/2016,LIT,AR,ASW,CE,Combined TRACON& Tower with Radar,49,46,38,9,142,0,1,22,1,24,49,47,60,10,166,0,12,12,178
08/01/2016,LIT,AR,ASW,CE,Combined TRACON& Tower with Radar,64,33,61,18,176,0,2,61,0,63,64,35,122,18,239,14,0,14,253
08/02/2016,LIT,AR,ASW,CE,Combined TRACON& Tower with Radar,60,42,74,16,192,0,3,60,1,64,60,45,134,17,256,62,16,78,334
08/03/2016,LIT,AR,ASW,CE,Combined TRACON& Tower with Radar,59,48,51,18,176,0,2,48,1,51,59,50,99,19,227,0,0,0,227
08/04/2016,LIT,AR,ASW,CE,Combined TRACON& Tower with Radar,61,50,68,7,186,0,0,35,2,37,61,50,103,9,223,28,0,28,251
08/05/2016,LIT,AR,ASW,CE,Combined TRACON& Tower with Radar,62,50,50,18,180,0,1,49,3,53,62,51,99,21,233,14,0,14,247
08/06/2016,LIT,AR,ASW,CE,Combined TRACON& Tower with Radar,40,49,34,4,127,0,2,18,0,20,40,51,52,4,147,36,0,36,183
08/07/2016,LIT,AR,ASW,CE,Combined TRACON& Tower with Radar,54,39,41,6,140,0,3,13,1,17,54,42,54,7,157,8,0,8,165
08/08/2016,LIT,AR,ASW,CE,Combined TRACON& Tower with Radar,54,49,58,18,179,0,1,18,2,21,54,50,76,20,200,0,0,0,200
08/09/2016,LIT,AR,ASW,CE,Combined TRACON& Tower with Radar,51,45,60,37,193,0,4,42,1,47,51,49,102,38,240,0,0,0,240
08/10/2016,LIT,AR,ASW,CE,Combined TRACON& Tower with Radar,57,53,90,37,237,0,1,61,1,63,57,54,151,38,300,26,110,136,436
08/11/2016,LIT,AR,ASW,CE,Combined TRACON& Tower with Radar,56,53,97,13,219,0,0,40,0,40,56,53,137,13,259,0,0,0,259
08/12/2016,LIT,AR,ASW,CE,Combined TRACON& Tower with Radar,75,41,56,29,201,0,1,24,0,25,75,42,80,29,226,36,28,64,290
08/13/2016,LIT,AR,ASW,CE,Combined TRACON& Tower with Radar,43,36,23,3,105,0,0,3,0,3,43,36,26,3,108,6,0,6,114
08/14/2016,LIT,AR,ASW,CE,Combined TRACON& Tower with Radar,53,46,23,4,126,0,0,0,0,0,53,46,23,4,126,0,0,0,126
08/15/2016,LIT,AR,ASW,CE,Combined TRACON& Tower with Radar,60,35,51,4,150,0,0,1,0,1,60,35,52,4,151,9,0,9,160
08/16/2016,LIT,AR,ASW,CE,Combined TRACON& Tower with Radar,57,51,59,0,167,0,0,1,0,1,57,51,60,0,168,8,0,8,176
08/17/2016,LIT,AR,ASW,CE,Combined TRACON& Tower with Radar,55,44,59,6,164,0,0,8,0,8,55,44,67,6,172,16,0,16,188
08/18/2016,LIT,AR,ASW,CE,Combined TRACON& Tower with Radar,57,55,62,8,182,0,1,3,1,5,57,56,65,9,187,0,42,42,229
08/19/2016,LIT,AR,ASW,CE,Combined TRACON& Tower with Radar,66,50,66,14,196,0,0,7,2,9,66,50,73,16,205,34,12,46,251
08/20/2016,LIT,AR,ASW,CE,Combined TRACON& Tower with Radar,32,30,26,1,89,0,2,7,0,9,32,32,33,1,98,24,0,24,122
08/21/2016,LIT,AR,ASW,CE,Combined TRACON& Tower with Radar,54,37,29,16,136,0,1,27,0,28,54,38,56,16,164,10,0,10,174
08/22/2016,LIT,AR,ASW,CE,Combined TRACON& Tower with Radar,53,44,85,38,220,0,2,57,2,61,53,46,142,40,281,32,0,32,313
08/23/2016,LIT,AR,ASW,CE,Combined TRACON& Tower with Radar,57,51,81,28,217,0,2,29,2,33,57,53,110,30,250,18,16,34,284
08/24/2016,LIT,AR,ASW,CE,Combined TRACON& Tower with Radar,62,47,71,34,214,0,0,68,6,74,62,47,139,40,288,12,4,16,304
08/25/2016,LIT,AR,ASW,CE,Combined TRACON& Tower with Radar,58,41,76,23,198,0,1,16,5,22,58,42,92,28,220,36,68,104,324
08/26/2016,LIT,AR,ASW,CE,Combined TRACON& Tower with Radar,62,41,63,23,189,0,2,33,0,35,62,43,96,23,224,0,2,2,226
08/27/2016,LIT,AR,ASW,CE,Combined TRACON& Tower with Radar,43,28,37,0,108,0,1,23,0,24,43,29,60,0,132,12,0,12,144
08/28/2016,LIT,AR,ASW,CE,Combined TRACON& Tower with Radar,56,34,32,9,131,0,2,23,6,31,56,36,55,15,162,8,18,26,188
08/29/2016,LIT,AR,ASW,CE,Combined TRACON& Tower with Radar,53,39,46,9,147,0,0,48,3,51,53,39,94,12,198,16,2,18,216
08/30/2016,LIT,AR,ASW,CE,Combined TRACON& Tower with Radar,60,38,77,32,207,0,0,55,1,56,60,38,132,33,263,14,30,44,307
08/31/2016,LIT,AR,ASW,CE,Combined TRACON& Tower with Radar,56,46,77,32,211,0,0,41,0,41,56,46,118,32,252,30,20,50,302
09/01/2016,LIT,AR,ASW,CE,Combined TRACON& Tower with Radar,58,44,71,8,181,0,3,31,1,35,58,47,102,9,216,0,0,0,216
09/02/2016,LIT,AR,ASW,CE,Combined TRACON& Tower with Radar,60,35,60,2,157,0,4,76,0,80,60,39,136,2,237,50,50,100,337
09/03/2016,LIT,AR,ASW,CE,Combined TRACON& Tower with Radar,38,26,43,0,107,0,1,41,1,43,38,27,84,1,150,15,0,15,165
09/04/2016,LIT,AR,ASW,CE,Combined TRACON& Tower with Radar,43,21,25,0,89,0,1,30,1,32,43,22,55,1,121,0,0,0,121
09/05/2016,LIT,AR,ASW,CE,Combined TRACON& Tower with Radar,51,40,38,0,129,0,0,28,0,28,51,40,66,0,157,0,0,0,157
09/06/2016,LIT,AR,ASW,CE,Combined TRACON& Tower with Radar,60,37,83,1,181,0,0,37,0,37,60,37,120,1,218,14,0,14,232
09/07/2016,LIT,AR,ASW,CE,Combined TRACON& Tower with Radar,54,44,66,14,178,0,0,42,5,47,54,44,108,19,225,16,4,20,245
09/08/2016,LIT,AR,ASW,CE,Combined TRACON& Tower with Radar,56,49,93,14,212,0,4,48,4,56,56,53,141,18,268,14,18,32,300
09/09/2016,LIT,AR,ASW,CE,Combined TRACON& Tower with Radar,58,47,67,2,174,0,0,35,1,36,58,47,102,3,210,0,0,0,210
09/10/2016,LIT,AR,ASW,CE,Combined TRACON& Tower with Radar,42,33,28,6,109,0,0,22,0,22,42,33,50,6,131,0,0,0,131
09/11/2016,LIT,AR,ASW,CE,Combined TRACON& Tower with Radar,56,33,49,13,151,0,2,37,6,45,56,35,86,19,196,0,0,0,196
09/12/2016,LIT,AR,ASW,CE,Combined TRACON& Tower with Radar,57,38,65,9,169,0,3,46,5,54,57,41,111,14,223,16,0,16,239
09/13/2016,LIT,AR,ASW,CE,Combined TRACON& Tower with Radar,55,46,74,20,195,0,1,46,0,47,55,47,120,20,242,0,0,0,242
09/14/2016,LIT,AR,ASW,CE,Combined TRACON& Tower with Radar,53,42,89,3,187,0,3,43,2,48,53,45,132,5,235,4,0,4,239
09/15/2016,LIT,AR,ASW,CE,Combined TRACON& Tower with Radar,56,48,82,13,199,0,0,22,5,27,56,48,104,18,226,0,64,64,290
09/16/2016,LIT,AR,ASW,CE,Combined TRACON& Tower with Radar,56,47,61,9,173,0,0,25,1,26,56,47,86,10,199,0,0,0,199
09/17/2016,LIT,AR,ASW,CE,Combined TRACON& Tower with Radar,42,28,35,12,117,0,1,15,5,21,42,29,50,17,138,0,14,14,152
09/18/2016,LIT,AR,ASW,CE,Combined TRACON& Tower with Radar,58,36,41,17,152,0,2,26,0,28,58,38,67,17,180,0,0,0,180
09/19/2016,LIT,AR,ASW,CE,Combined TRACON& Tower with Radar,54,54,62,12,182,0,1,64,1,66,54,55,126,13,248,6,20,26,274
09/20/2016,LIT,AR,ASW,CE,Combined TRACON& Tower with Radar,54,48,86,31,219,0,2,49,6,57,54,50,135,37,276,12,24,36,312
09/21/2016,LIT,AR,ASW,CE,Combined TRACON& Tower with Radar,54,45,120,30,249,0,0,58,3,61,54,45,178,33,310,24,0,24,334
09/22/2016,LIT,AR,ASW,CE,Combined TRACON& Tower with Radar,56,51,68,24,199,0,3,46,3,52,56,54,114,27,251,0,22,22,273
09/23/2016,LIT,AR,ASW,CE,Combined TRACON& Tower with Radar,56,45,77,18,196,0,0,45,6,51,56,45,122,24,247,0,0,0,247
09/24/2016,LIT,AR,ASW,CE,Combined TRACON& Tower with Radar,45,38,56,4,143,0,1,40,2,43,45,39,96,6,186,10,0,10,196
09/25/2016,LIT,AR,ASW,CE,Combined TRACON& Tower with Radar,49,34,44,5,132,0,6,37,1,44,49,40,81,6,176,0,0,0,176
09/26/2016,LIT,AR,ASW,CE,Combined TRACON& Tower with Radar,54,44,65,10,173,0,0,20,2,22,54,44,85,12,195,0,0,0,195
09/27/2016,LIT,AR,ASW,CE,Combined TRACON& Tower with Radar,57,37,88,31,213,0,0,39,2,41,57,37,127,33,254,0,0,0,254
09/28/2016,LIT,AR,ASW,CE,Combined TRACON& Tower with Radar,54,41,98,33,226,0,2,45,4,51,54,43,143,37,277,0,0,0,277
09/29/2016,LIT,AR,ASW,CE,Combined TRACON& Tower with Radar,56,39,76,9,180,0,7,46,6,59,56,46,122,15,239,28,0,28,267
09/30/2016,LIT,AR,ASW,CE,Combined TRACON& Tower with Radar,59,53,83,12,207,0,2,55,0,57,59,55,138,12,264,0,0,0,264
10/01/2016,LIT,AR,ASW,CE,Combined TRACON& Tower with Radar,47,32,51,9,139,0,1,34,7,42,47,33,85,16,181,12,30,42,223
10/02/2016,LIT,AR,ASW,CE,Combined TRACON& Tower with Radar,54,39,44,3,140,0,0,27,0,27,54,39,71,3,167,32,0,32,199
10/03/2016,LIT,AR,ASW,CE,Combined TRACON& Tower with Radar,58,47,61,18,184,0,2,52,0,54,58,49,113,18,238,0,0,0,238
10/04/2016,LIT,AR,ASW,CE,Combined TRACON& Tower with Radar,57,49,76,29,211,0,1,48,0,49,57,50,124,29,260,2,4,6,266
10/05/2016,LIT,AR,ASW,CE,Combined TRACON& Tower with Radar,57,52,94,25,228,0,0,46,6,52,57,52,140,31,280,0,4,4,284
10/06/2016,LIT,AR,ASW,CE,Combined TRACON& Tower with Radar,63,55,107,15,240,0,6,48,1,55,63,61,155,16,295,2,12,14,309
10/07/2016,LIT,AR,ASW,CE,Combined TRACON& Tower with Radar,62,47,82,18,209,0,3,37,0,40,62,50,119,18,249,0,0,0,249
10/08/2016,LIT,AR,ASW,CE,Combined TRACON& Tower with Radar,53,29,51,7,140,0,1,30,3,34,53,30,81,10,174,0,0,0,174
10/09/2016,LIT,AR,ASW,CE,Combined TRACON& Tower with Radar,59,35,48,0,142,0,2,38,0,40,59,37,86,0,182,16,0,16,198
10/10/2016,LIT,AR,ASW,CE,Combined TRACON& Tower with Radar,64,48,85,0,197,0,0,57,3,60,64,48,142,3,257,0,0,0,257
10/11/2016,LIT,AR,ASW,CE,Combined TRACON& Tower with Radar,60,41,86,18,205,0,2,62,2,66,60,43,148,20,271,8,14,22,293
10/12/2016,LIT,AR,ASW,CE,Combined TRACON& Tower with Radar,61,51,71,36,219,0,3,52,2,57,61,54,123,38,276,64,64,128,404
10/13/2016,LIT,AR,ASW,CE,Combined TRACON& Tower with Radar,63,48,107,9,227,0,0,2,1,3,63,48,109,10,230,0,0,0,230
10/14/2016,LIT,AR,ASW,CE,Combined TRACON& Tower with Radar,63,51,74,9,197,0,0,0,0,0,63,51,74,9,197,0,0,0,197
10/15/2016,LIT,AR,ASW,CE,Combined TRACON& Tower with Radar,50,27,49,26,152,0,1,107,3,111,50,28,156,29,263,196,10,206,469
10/16/2016,LIT,AR,ASW,CE,Combined TRACON& Tower with Radar,58,29,56,7,150,0,0,39,1,40,58,29,95,8,190,204,0,204,394
10/17/2016,LIT,AR,ASW,CE,Combined TRACON& Tower with Radar,63,45,64,12,184,0,0,154,4,158,63,45,218,16,342,204,18,222,564
10/18/2016,LIT,AR,ASW,CE,Combined TRACON& Tower with Radar,62,42,103,12,219,0,0,22,1,23,62,42,125,13,242,0,18,18,260
10/19/2016,LIT,AR,ASW,CE,Combined TRACON& Tower with Radar,59,55,91,24,229,0,3,50,2,55,59,58,141,26,284,212,40,252,536
10/20/2016,LIT,AR,ASW,CE,Combined TRACON& Tower with Radar,63,45,88,21,217,0,2,55,3,60,63,47,143,24,277,0,6,6,283
10/21/2016,LIT,AR,ASW,CE,Combined TRACON& Tower with Radar,65,41,65,29,200,0,0,213,3,216,65,41,278,32,416,158,0,158,574
10/22/2016,LIT,AR,ASW,CE,Combined TRACON& Tower with Radar,49,33,50,12,144,0,1,49,3,53,49,34,99,15,197,568,0,568,765
10/23/2016,LIT,AR,ASW,CE,Combined TRACON& Tower with Radar,61,31,44,7,143,0,0,36,0,36,61,31,80,7,179,0,0,0,179
10/24/2016,LIT,AR,ASW,CE,Combined TRACON& Tower with Radar,64,43,60,13,180,0,1,53,1,55,64,44,113,14,235,6,10,16,251
10/25/2016,LIT,AR,ASW,CE,Combined TRACON& Tower with Radar,60,39,81,7,187,0,0,37,1,38,60,39,118,8,225,0,0,0,225
10/26/2016,LIT,AR,ASW,CE,Combined TRACON& Tower with Radar,57,42,88,43,230,0,4,40,1,45,57,46,128,44,275,0,62,62,337
10/27/2016,LIT,AR,ASW,CE,Combined TRACON& Tower with Radar,62,39,66,20,187,0,0,39,2,41,62,39,105,22,228,36,78,114,342
10/28/2016,LIT,AR,ASW,CE,Combined TRACON& Tower with Radar,65,51,69,43,228,0,3,42,9,54,65,54,111,52,282,18,42,60,342
10/29/2016,LIT,AR,ASW,CE,Combined TRACON& Tower with Radar,48,29,33,19,129,0,1,45,12,58,48,30,78,31,187,22,0,22,209
10/30/2016,LIT,AR,ASW,CE,Combined TRACON& Tower with Radar,51,32,47,10,140,0,0,32,7,39,51,32,79,17,179,2,12,14,193
10/31/2016,LIT,AR,ASW,CE,Combined TRACON& Tower with Radar,53,43,59,4,159,0,1,40,2,43,53,44,99,6,202,0,0,0,202
11/01/2016,LIT,AR,ASW,CE,Combined TRACON& Tower with Radar,55,43,58,50,206,0,0,31,3,34,55,43,89,53,240,22,28,50,290
11/02/2016,LIT,AR,ASW,CE,Combined TRACON& Tower with Radar,57,43,87,7,194,0,0,41,6,47,57,43,128,13,241,6,0,6,247
11/03/2016,LIT,AR,ASW,CE,Combined TRACON& Tower with Radar,58,51,113,40,262,0,1,35,4,40,58,52,148,44,302,0,54,54,356
11/04/2016,LIT,AR,ASW,CE,Combined TRACON& Tower with Radar,60,42,74,53,229,0,2,44,4,50,60,44,118,57,279,14,10,24,303
11/05/2016,LIT,AR,ASW,CE,Combined TRACON& Tower with Radar,48,23,42,3,116,0,3,46,5,54,48,26,88,8,170,18,0,18,188
11/06/2016,LIT,AR,ASW,CE,Combined TRACON& Tower with Radar,54,40,62,13,169,0,1,28,4,33,54,41,90,17,202,10,6,16,218
11/07/2016,LIT,AR,ASW,CE,Combined TRACON& Tower with Radar,57,41,82,34,214,0,4,22,0,26,57,45,104,34,240,44,216,260,500
11/08/2016,LIT,AR,ASW,CE,Combined TRACON& Tower with Radar,55,42,66,20,183,0,0,3,1,4,55,42,69,21,187,0,20,20,207
11/09/2016,LIT,AR,ASW,CE,Combined TRACON& Tower with Radar,56,41,70,32,199,0,1,44,2,47,56,42,114,34,246,18,32,50,296
11/10/2016,LIT,AR,ASW,CE,Combined TRACON& Tower with Radar,57,47,81,17,202,0,4,54,4,62,57,51,135,21,264,0,19,19,283
11/11/2016,LIT,AR,ASW,CE,Combined TRACON& Tower with Radar,61,51,71,10,193,0,2,48,2,52,61,53,119,12,245,2,0,2,247
11/12/2016,LIT,AR,ASW,CE,Combined TRACON& Tower with Radar,41,25,47,1,114,0,1,39,5,45,41,26,86,6,159,10,0,10,169
11/13/2016,LIT,AR,ASW,CE,Combined TRACON& Tower with Radar,57,39,46,6,148,0,2,48,0,50,57,41,94,6,198,10,0,10,208
11/14/2016,LIT,AR,ASW,CE,Combined TRACON& Tower with Radar,56,50,61,15,182,0,0,48,6,54,56,50,109,21,236,14,14,28,264
11/15/2016,LIT,AR,ASW,CE,Combined TRACON& Tower with Radar,58,48,73,4,183,0,0,54,2,56,58,48,127,6,239,0,0,0,239
11/16/2016,LIT,AR,ASW,CE,Combined TRACON& Tower with Radar,56,43,95,39,233,0,0,47,7,54,56,43,142,46,287,22,30,52,339
11/17/2016,LIT,AR,ASW,CE,Combined TRACON& Tower with Radar,58,45,82,35,220,0,1,46,8,55,58,46,128,43,275,38,100,138,413
11/18/2016,LIT,AR,ASW,CE,Combined TRACON& Tower with Radar,59,44,68,2,173,0,0,3,3,6,59,44,71,5,179,26,0,26,205
11/19/2016,LIT,AR,ASW,CE,Combined TRACON& Tower with Radar,50,22,54,0,126,0,2,42,0,44,50,24,96,0,170,14,0,14,184
11/20/2016,LIT,AR,ASW,CE,Combined TRACON& Tower with Radar,48,34,40,0,122,0,1,37,0,38,48,35,77,0,160,0,0,0,160
11/21/2016,LIT,AR,ASW,CE,Combined TRACON& Tower with Radar,55,41,59,17,172,0,2,51,0,53,55,43,110,17,225,10,0,10,235
11/22/2016,LIT,AR,ASW,CE,Combined TRACON& Tower with Radar,58,55,71,49,233,0,0,22,0,22,58,55,93,49,255,28,46,74,329
11/23/2016,LIT,AR,ASW,CE,Combined TRACON& Tower with Radar,65,46,52,10,173,0,1,9,0,10,65,47,61,10,183,0,0,0,183
11/24/2016,LIT,AR,ASW,CE,Combined TRACON& Tower with Radar,31,27,19,0,77,0,0,8,0,8,31,27,27,0,85,0,0,0,85
11/25/2016,LIT,AR,ASW,CE,Combined TRACON& Tower with Radar,57,26,40,0,123,0,0,9,0,9,57,26,49,0,132,0,0,0,132
11/26/2016,LIT,AR,ASW,CE,Combined TRACON& Tower with Radar,64,46,39,0,149,0,0,8,0,8,64,46,47,0,157,0,0,0,157
11/27/2016,LIT,AR,ASW,CE,Combined TRACON& Tower with Radar,60,40,46,0,146,0,5,18,0,23,60,45,64,0,169,0,0,0,169
11/28/2016,LIT,AR,ASW,CE,Combined TRACON& Tower with Radar,61,45,39,3,148,0,0,1,0,1,61,45,40,3,149,0,0,0,149
11/29/2016,LIT,AR,ASW,CE,Combined TRACON& Tower with Radar,55,40,71,41,207,0,1,34,6,41,55,41,105,47,248,12,40,52,300
11/30/2016,LIT,AR,ASW,CE,Combined TRACON& Tower with Radar,57,43,63,27,190,0,2,40,4,46,57,45,103,31,236,12,32,44,280
12/01/2016,LIT,AR,ASW,CE,Combined TRACON& Tower with Radar,60,55,81,34,230,0,1,73,5,79,60,56,154,39,309,46,20,66,375
12/02/2016,LIT,AR,ASW,CE,Combined TRACON& Tower with Radar,66,50,70,51,237,0,5,58,1,64,66,55,128,52,301,0,0,0,301
12/03/2016,LIT,AR,ASW,CE,Combined TRACON& Tower with Radar,41,22,23,19,105,0,0,0,0,0,41,22,23,19,105,0,0,0,105
12/04/2016,LIT,AR,ASW,CE,Combined TRACON& Tower with Radar,54,35,29,9,127,0,0,4,0,4,54,35,33,9,131,4,0,4,135
12/05/2016,LIT,AR,ASW,CE,Combined TRACON& Tower with Radar,58,32,70,42,202,0,0,6,0,6,58,32,76,42,208,0,2,2,210
12/06/2016,LIT,AR,ASW,CE,Combined TRACON& Tower with Radar,53,41,69,47,210,0,0,17,2,19,53,41,86,49,229,12,58,70,299
12/07/2016,LIT,AR,ASW,CE,Combined TRACON& Tower with Radar,57,52,90,44,243,0,2,20,2,24,57,54,110,46,267,14,48,62,329
12/08/2016,LIT,AR,ASW,CE,Combined TRACON& Tower with Radar,54,48,83,44,229,0,3,38,1,42,54,51,121,45,271,4,46,50,321
12/09/2016,LIT,AR,ASW,CE,Combined TRACON& Tower with Radar,65,54,70,47,236,0,0,52,3,55,65,54,122,50,291,0,32,32,323
12/10/2016,LIT,AR,ASW,CE,Combined TRACON& Tower with Radar,39,26,33,0,98,0,0,50,1,51,39,26,83,1,149,0,0,0,149
12/11/2016,LIT,AR,ASW,CE,Combined TRACON& Tower with Radar,47,25,43,4,119,0,2,6,0,8,47,27,49,4,127,8,0,8,135
12/12/2016,LIT,AR,ASW,CE,Combined TRACON& Tower with Radar,56,45,73,27,201,0,1,22,3,26,56,46,95,30,227,20,36,56,283
12/13/2016,LIT,AR,ASW,CE,Combined TRACON& Tower with Radar,54,38,71,48,211,0,0,9,0,9,54,38,80,48,220,4,24,28,248
12/14/2016,LIT,AR,ASW,CE,Combined TRACON& Tower with Radar,54,48,89,38,229,0,0,10,0,10,54,48,99,38,239,10,26,36,275
12/15/2016,LIT,AR,ASW,CE,Combined TRACON& Tower with Radar,56,50,71,10,187,0,0,40,8,48,56,50,111,18,235,4,8,12,247
12/16/2016,LIT,AR,ASW,CE,Combined TRACON& Tower with Radar,51,51,56,8,166,0,0,9,0,9,51,51,65,8,175,0,0,0,175
12/17/2016,LIT,AR,ASW,CE,Combined TRACON& Tower with Radar,42,46,29,2,119,0,2,4,0,6,42,48,33,2,125,0,0,0,125
12/18/2016,LIT,AR,ASW,CE,Combined TRACON& Tower with Radar,49,35,35,4,123,0,4,9,3,16,49,39,44,7,139,0,0,0,139
12/19/2016,LIT,AR,ASW,CE,Combined TRACON& Tower with Radar,54,37,67,24,182,0,4,31,2,37,54,41,98,26,219,7,54,61,280
12/20/2016,LIT,AR,ASW,CE,Combined TRACON& Tower with Radar,55,52,80,15,202,0,5,57,4,66,55,57,137,19,268,26,0,26,294
12/21/2016,LIT,AR,ASW,CE,Combined TRACON& Tower with Radar,57,41,56,16,170,0,1,49,1,51,57,42,105,17,221,14,0,14,235
12/22/2016,LIT,AR,ASW,CE,Combined TRACON& Tower with Radar,53,45,54,13,165,0,1,51,2,54,53,46,105,15,219,4,48,52,271
12/23/2016,LIT,AR,ASW,CE,Combined TRACON& Tower with Radar,56,40,46,2,144,0,0,14,0,14,56,40,60,2,158,52,0,52,210
12/24/2016,LIT,AR,ASW,CE,Combined TRACON& Tower with Radar,36,33,15,0,84,0,1,0,0,1,36,34,15,0,85,0,0,0,85
12/25/2016,LIT,AR,ASW,CE,Combined TRACON& Tower with Radar,37,26,6,0,69,0,1,0,0,1,37,27,6,0,70,0,0,0,70
12/26/2016,LIT,AR,ASW,CE,Combined TRACON& Tower with Radar,50,40,33,0,123,0,1,1,0,2,50,41,34,0,125,0,0,0,125
12/27/2016,LIT,AR,ASW,CE,Combined TRACON& Tower with Radar,56,41,35,0,132,0,0,50,0,50,56,41,85,0,182,26,0,26,208
12/28/2016,LIT,AR,ASW,CE,Combined TRACON& Tower with Radar,54,38,41,8,141,0,0,7,0,7,54,38,48,8,148,0,0,0,148
12/29/2016,LIT,AR,ASW,CE,Combined TRACON& Tower with Radar,53,38,55,4,150,0,1,32,2,35,53,39,87,6,185,28,0,28,213
12/30/2016,LIT,AR,ASW,CE,Combined TRACON& Tower with Radar,57,37,46,0,140,0,0,44,2,46,57,37,90,2,186,0,0,0,186
12/31/2016,LIT,AR,ASW,CE,Combined TRACON& Tower with Radar,35,39,25,0,99,0,0,3,0,3,35,39,28,0,102,0,0,0,102
01/01/2017,LIT,AR,ASW,CE,Combined TRACON& Tower with Radar,43,25,18,0,86,0,0,0,0,0,43,25,18,0,86,0,0,0,86
01/02/2017,LIT,AR,ASW,CE,Combined TRACON& Tower with Radar,48,30,26,3,107,0,0,0,0,0,48,30,26,3,107,0,0,0,107
01/03/2017,LIT,AR,ASW,CE,Combined TRACON& Tower with Radar,50,41,58,15,164,0,1,3,0,4,50,42,61,15,168,0,0,0,168
01/04/2017,LIT,AR,ASW,CE,Combined TRACON& Tower with Radar,52,31,68,27,178,0,4,45,2,51,52,35,113,29,229,14,54,68,297
01/05/2017,LIT,AR,ASW,CE,Combined TRACON& Tower with Radar,54,47,80,68,249,0,0,23,5,28,54,47,103,73,277,30,26,56,333
01/06/2017,LIT,AR,ASW,CE,Combined TRACON& Tower with Radar,44,48,47,25,164,0,3,2,0,5,44,51,49,25,169,0,0,0,169
01/07/2017,LIT,AR,ASW,CE,Combined TRACON& Tower with Radar,38,23,27,38,126,0,2,41,2,45,38,25,68,40,171,0,10,10,181
01/08/2017,LIT,AR,ASW,CE,Combined TRACON& Tower with Radar,46,34,46,13,139,0,1,33,2,36,46,35,79,15,175,0,0,0,175
01/09/2017,LIT,AR,ASW,CE,Combined TRACON& Tower with Radar,55,30,84,11,180,0,3,31,3,37,55,33,115,14,217,26,40,66,283
01/10/2017,LIT,AR,ASW,CE,Combined TRACON& Tower with Radar,53,34,78,48,213,0,2,9,3,14,53,36,87,51,227,0,12,12,239
01/11/2017,LIT,AR,ASW,CE,Combined TRACON& Tower with Radar,59,33,65,12,169,0,2,9,0,11,59,35,74,12,180,8,40,48,228
01/12/2017,LIT,AR,ASW,CE,Combined TRACON& Tower with Radar,56,35,79,19,189,0,0,10,2,12,56,35,89,21,201,80,80,160,361
01/13/2017,LIT,AR,ASW,CE,Combined TRACON& Tower with Radar,56,31,55,7,149,0,0,0,0,0,56,31,55,7,149,0,0,0,149
01/14/2017,LIT,AR,ASW,CE,Combined TRACON& Tower with Radar,38,20,21,0,79,0,0,0,0,0,38,20,21,0,79,0,0,0,79
01/15/2017,LIT,AR,ASW,CE,Combined TRACON& Tower with Radar,33,17,24,0,74,0,0,0,0,0,33,17,24,0,74,0,0,0,74
01/16/2017,LIT,AR,ASW,CE,Combined TRACON& Tower with Radar,55,41,57,0,153,0,0,0,0,0,55,41,57,0,153,0,0,0,153
01/17/2017,LIT,AR,ASW,CE,Combined TRACON& Tower with Radar,58,33,96,36,223,0,1,30,3,34,58,34,126,39,257,26,48,74,331
01/18/2017,LIT,AR,ASW,CE,Combined TRACON& Tower with Radar,58,38,65,13,174,0,0,1,3,4,58,38,66,16,178,0,14,14,192
01/19/2017,LIT,AR,ASW,CE,Combined TRACON& Tower with Radar,59,39,49,10,157,0,0,0,0,0,59,39,49,10,157,0,0,0,157
01/20/2017,LIT,AR,ASW,CE,Combined TRACON& Tower with Radar,59,42,76,44,221,0,1,36,15,52,59,43,112,59,273,18,96,114,387
01/21/2017,LIT,AR,ASW,CE,Combined TRACON& Tower with Radar,41,23,49,29,142,0,2,47,3,52,41,25,96,32,194,30,28,58,252
01/22/2017,LIT,AR,ASW,CE,Combined TRACON& Tower with Radar,51,25,39,6,121,0,1,2,0,3,51,26,41,6,124,24,0,24,148
01/23/2017,LIT,AR,ASW,CE,Combined TRACON& Tower with Radar,55,33,75,28,191,0,1,36,5,42,55,34,111,33,233,38,56,94,327
01/24/2017,LIT,AR,ASW,CE,Combined TRACON& Tower with Radar,58,29,87,28,202,0,2,56,3,61,58,31,143,31,263,80,84,164,427
01/25/2017,LIT,AR,ASW,CE,Combined TRACON& Tower with Radar,60,31,81,25,197,0,0,39,3,42,60,31,120,28,239,2,20,22,261
01/26/2017,LIT,AR,ASW,CE,Combined TRACON& Tower with Radar,57,37,73,18,185,0,0,43,1,44,57,37,116,19,229,0,0,0,229
01/27/2017,LIT,AR,ASW,CE,Combined TRACON& Tower with Radar,60,36,75,9,180,0,0,60,5,65,60,36,135,14,245,62,86,148,393
01/28/2017,LIT,AR,ASW,CE,Combined TRACON& Tower with Radar,41,23,28,9,101,0,0,34,1,35,41,23,62,10,136,4,0,4,140
01/29/2017,LIT,AR,ASW,CE,Combined TRACON& Tower with Radar,52,27,32,27,138,0,1,31,2,34,52,28,63,29,172,10,4,14,186
01/30/2017,LIT,AR,ASW,CE,Combined TRACON& Tower with Radar,57,32,65,12,166,0,1,45,3,49,57,33,110,15,215,12,24,36,251
01/31/2017,LIT,AR,ASW,CE,Combined TRACON& Tower with Radar,58,39,71,21,189,0,1,57,0,58,58,40,128,21,247,0,18,18,265
02/01/2017,LIT,AR,ASW,CE,Combined TRACON& Tower with Radar,58,38,99,11,206,0,1,25,2,28,58,39,124,13,234,24,40,64,298
02/02/2017,LIT,AR,ASW,CE,Combined TRACON& Tower with Radar,59,39,84,47,229,0,2,28,6,36,59,41,112,53,265,0,76,76,341
02/03/2017,LIT,AR,ASW,CE,Combined TRACON& Tower with Radar,62,30,67,12,171,0,2,37,2,41,62,32,104,14,212,18,30,48,260
02/04/2017,LIT,AR,ASW,CE,Combined TRACON& Tower with Radar,40,23,38,3,104,0,2,22,5,29,40,25,60,8,133,20,0,20,153
02/05/2017,LIT,AR,ASW,CE,Combined TRACON& Tower with Radar,46,25,38,2,111,0,1,4,0,5,46,26,42,2,116,10,0,10,126
02/06/2017,LIT,AR,ASW,CE,Combined TRACON& Tower with Radar,56,29,55,26,166,0,2,3,0,5,56,31,58,26,171,0,30,30,201
02/07/2017,LIT,AR,ASW,CE,Combined TRACON& Tower with Radar,57,38,74,37,206,0,1,23,5,29,57,39,97,42,235,34,78,112,347
02/08/2017,LIT,AR,ASW,CE,Combined TRACON& Tower with Radar,61,41,77,4,183,0,1,49,0,50,61,42,126,4,233,14,20,34,267
02/09/2017,LIT,AR,ASW,CE,Combined TRACON& Tower with Radar,59,39,90,24,212,0,1,37,3,41,59,40,127,27,253,10,42,52,305
02/10/2017,LIT,AR,ASW,CE,Combined TRACON& Tower with Radar,63,32,79,52,226,0,1,36,1,38,63,33,115,53,264,12,78,90,354
02/11/2017,LIT,AR,ASW,CE,Combined TRACON& Tower with Radar,42,21,32,19,114,0,2,15,2,19,42,23,47,21,133,18,0,18,151
02/12/2017,LIT,AR,ASW,CE,Combined TRACON& Tower with Radar,53,18,36,2,109,0,0,13,0,13,53,18,49,2,122,0,0,0,122
02/13/2017,LIT,AR,ASW,CE,Combined TRACON& Tower with Radar,57,29,56,53,195,0,3,47,4,54,57,32,103,57,249,4,28,32,281
02/14/2017,LIT,AR,ASW,CE,Combined TRACON& Tower with Radar,59,38,45,10,152,0,0,1,0,1,59,38,46,10,153,8,20,28,181
02/15/2017,LIT,AR,ASW,CE,Combined TRACON& Tower with Radar,58,37,84,43,222,0,0,60,2,62,58,37,144,45,284,6,58,64,348
02/16/2017,LIT,AR,ASW,CE,Combined TRACON& Tower with Radar,58,37,62,16,173,0,3,79,12,94,58,40,141,28,267,36,100,136,403
02/17/2017,LIT,AR,ASW,CE,Combined TRACON& Tower with Radar,56,37,64,8,165,0,4,41,2,47,56,41,105,10,212,84,90,174,386
02/18/2017,LIT,AR,ASW,CE,Combined TRACON& Tower with Radar,36,26,36,2,100,0,3,6,1,10,36,29,42,3,110,0,4,4,114
02/19/2017,LIT,AR,ASW,CE,Combined TRACON& Tower with Radar,44,29,39,0,112,0,2,27,0,29,44,31,66,0,141,6,0,6,147
02/20/2017,LIT,AR,ASW,CE,Combined TRACON& Tower with Radar,56,40,63,6,165,0,2,14,0,16,56,42,77,6,181,0,0,0,181
02/21/2017,LIT,AR,ASW,CE,Combined TRACON& Tower with Radar,54,44,75,25,198,0,1,2,0,3,54,45,77,25,201,4,20,24,225
02/22/2017,LIT,AR,ASW,CE,Combined TRACON& Tower with Radar,56,38,109,15,218,0,1,6,1,8,56,39,115,16,226,0,0,0,226
02/23/2017,LIT,AR,ASW,CE,Combined TRACON& Tower with Radar,58,37,77,13,185,0,6,48,3,57,58,43,125,16,242,0,0,0,242
02/24/2017,LIT,AR,ASW,CE,Combined TRACON& Tower with Radar,56,46,79,70,251,0,1,27,3,31,56,47,106,73,282,58,50,108,390
02/25/2017,LIT,AR,ASW,CE,Combined TRACON& Tower with Radar,38,23,33,9,103,0,4,60,7,71,38,27,93,16,174,10,0,10,184
02/26/2017,LIT,AR,ASW,CE,Combined TRACON& Tower with Radar,54,35,43,19,151,0,3,27,0,30,54,38,70,19,181,34,0,34,215
02/27/2017,LIT,AR,ASW,CE,Combined TRACON& Tower with Radar,54,42,67,34,197,0,1,2,0,3,54,43,69,34,200,0,0,0,200
02/28/2017,LIT,AR,ASW,CE,Combined TRACON& Tower with Radar,52,38,70,15,175,0,0,3,0,3,52,38,73,15,178,0,0,0,178
03/01/2017,LIT,AR,ASW,CE,Combined TRACON& Tower with Radar,53,49,83,5,190,0,2,43,0,45,53,51,126,5,235,56,12,68,303
03/02/2017,LIT,AR,ASW,CE,Combined TRACON& Tower with Radar,58,41,110,38,247,0,5,77,6,88,58,46,187,44,335,78,152,230,565
03/03/2017,LIT,AR,ASW,CE,Combined TRACON& Tower with Radar,57,41,94,29,221,1,2,51,9,63,58,43,145,38,284,22,56,78,362
03/04/2017,LIT,AR,ASW,CE,Combined TRACON& Tower with Radar,43,21,39,9,112,0,1,70,5,76,43,22,109,14,188,18,0,18,206
03/05/2017,LIT,AR,ASW,CE,Combined TRACON& Tower with Radar,54,31,46,1,132,0,0,13,1,14,54,31,59,2,146,0,0,0,146
03/06/2017,LIT,AR,ASW,CE,Combined TRACON& Tower with Radar,56,40,73,76,245,0,3,4,2,9,56,43,77,78,254,6,52,58,312
03/07/2017,LIT,AR,ASW,CE,Combined TRACON& Tower with Radar,59,33,57,43,192,0,1,19,2,22,59,34,76,45,214,10,60,70,284
03/08/2017,LIT,AR,ASW,CE,Combined TRACON& Tower with Radar,62,41,99,29,231,0,2,46,3,51,62,43,145,32,282,12,48,60,342
03/09/2017,LIT,AR,ASW,CE,Combined TRACON& Tower with Radar,60,42,75,48,225,0,2,34,0,36,60,44,109,48,261,0,68,68,329
03/10/2017,LIT,AR,ASW,CE,Combined TRACON& Tower with Radar,58,34,71,49,212,0,1,40,2,43,58,35,111,51,255,6,58,64,319
03/11/2017,LIT,AR,ASW,CE,Combined TRACON& Tower with Radar,42,34,28,8,112,0,0,8,0,8,42,34,36,8,120,0,0,0,120
03/12/2017,LIT,AR,ASW,CE,Combined TRACON& Tower with Radar,55,35,55,23,168,0,2,32,0,34,55,37,87,23,202,16,0,16,218
03/13/2017,LIT,AR,ASW,CE,Combined TRACON& Tower with Radar,53,40,65,23,181,0,2,7,1,10,53,42,72,24,191,6,56,62,253
03/14/2017,LIT,AR,ASW,CE,Combined TRACON& Tower with Radar,54,37,64,41,196,0,1,29,7,37,54,38,93,48,233,12,54,66,299
03/15/2017,LIT,AR,ASW,CE,Combined TRACON& Tower with Radar,60,34,81,42,217,0,0,62,2,64,60,34,143,44,281,20,34,54,335
03/16/2017,LIT,AR,ASW,CE,Combined TRACON& Tower with Radar,56,42,75,17,190,0,0,22,0,22,56,42,97,17,212,64,86,150,362
03/17/2017,LIT,AR,ASW,CE,Combined TRACON& Tower with Radar,57,42,72,2,173,0,1,11,0,12,57,43,83,2,185,24,32,56,241
03/18/2017,LIT,AR,ASW,CE,Combined TRACON& Tower with Radar,43,31,41,5,120,0,2,28,2,32,43,33,69,7,152,14,0,14,166
03/19/2017,LIT,AR,ASW,CE,Combined TRACON& Tower with Radar,59,35,41,2,137,0,2,34,1,37,59,37,75,3,174,12,2,14,188
03/20/2017,LIT,AR,ASW,CE,Combined TRACON& Tower with Radar,61,36,52,13,162,0,3,30,1,34,61,39,82,14,196,12,50,62,258
03/21/2017,LIT,AR,ASW,CE,Combined TRACON& Tower with Radar,54,35,50,15,154,0,0,42,2,44,54,35,92,17,198,48,14,62,260
03/22/2017,LIT,AR,ASW,CE,Combined TRACON& Tower with Radar,58,55,58,4,175,0,2,24,0,26,58,57,82,4,201,0,72,72,273
03/23/2017,LIT,AR,ASW,CE,Combined TRACON& Tower with Radar,62,41,58,19,180,0,3,50,1,54,62,44,108,20,234,10,22,32,266
03/24/2017,LIT,AR,ASW,CE,Combined TRACON& Tower with Radar,53,34,59,12,158,0,0,12,0,12,53,34,71,12,170,0,48,48,218
03/25/2017,LIT,AR,ASW,CE,Combined TRACON& Tower with Radar,50,38,44,11,143,0,1,17,1,19,50,39,61,12,162,18,0,18,180
03/26/2017,LIT,AR,ASW,CE,Combined TRACON& Tower with Radar,57,32,56,4,149,0,0,42,1,43,57,32,98,5,192,6,0,6,198
03/27/2017,LIT,AR,ASW,CE,Combined TRACON& Tower with Radar,53,37,62,26,178,0,1,16,0,17,53,38,78,26,195,4,60,64,259
03/28/2017,LIT,AR,ASW,CE,Combined TRACON& Tower with Radar,57,43,87,38,225,0,1,27,2,30,57,44,114,40,255,14,66,80,335
03/29/2017,LIT,AR,ASW,CE,Combined TRACON& Tower with Radar,55,38,47,6,146,0,2,16,0,18,55,40,63,6,164,0,76,76,240
03/30/2017,LIT,AR,ASW,CE,Combined TRACON& Tower with Radar,59,43,88,62,252,0,4,13,1,18,59,47,101,63,270,16,58,74,344
03/31/2017,LIT,AR,ASW,CE,Combined TRACON& Tower with Radar,57,40,86,12,195,1,2,55,3,61,58,42,141,15,256,16,2,18,274
04/01/2017,LIT,AR,ASW,CE,Combined TRACON& Tower with Radar,42,28,30,25,125,0,0,34,5,39,42,28,64,30,164,6,0,6,170
04/02/2017,LIT,AR,ASW,CE,Combined TRACON& Tower with Radar,58,28,35,14,135,0,1,9,5,15,58,29,44,19,150,0,0,0,150
04/03/2017,LIT,AR,ASW,CE,Combined TRACON& Tower with Radar,58,39,51,30,178,0,2,14,4,20,58,41,65,34,198,2,68,70,268
04/04/2017,LIT,AR,ASW,CE,Combined TRACON& Tower with Radar,65,32,84,31,212,0,2,59,4,65,65,34,143,35,277,46,76,122,399
04/05/2017,LIT,AR,ASW,CE,Combined TRACON& Tower with Radar,52,42,73,32,199,0,3,12,2,17,52,45,85,34,216,12,46,58,274
04/06/2017,LIT,AR,ASW,CE,Combined TRACON& Tower with Radar,54,45,119,25,243,0,1,37,8,46,54,46,156,33,289,8,60,68,357
04/07/2017,LIT,AR,ASW,CE,Combined TRACON& Tower with Radar,50,47,88,12,197,0,0,52,1,53,50,47,140,13,250,4,64,68,318
04/08/2017,LIT,AR,ASW,CE,Combined TRACON& Tower with Radar,48,32,29,30,139,0,3,29,0,32,48,35,58,30,171,22,0,22,193
04/09/2017,LIT,AR,ASW,CE,Combined TRACON& Tower with Radar,55,30,49,7,141,0,7,27,0,34,55,37,76,7,175,20,2,22,197
04/10/2017,LIT,AR,ASW,CE,Combined TRACON& Tower with Radar,59,35,65,7,166,0,4,12,0,16,59,39,77,7,182,0,64,64,246
04/11/2017,LIT,AR,ASW,CE,Combined TRACON& Tower with Radar,63,39,47,13,162,0,0,12,0,12,63,39,59,13,174,10,58,68,242
04/12/2017,LIT,AR,ASW,CE,Combined TRACON& Tower with Radar,58,40,80,16,194,0,1,49,2,52,58,41,129,18,246,10,22,32,278
04/13/2017,LIT,AR,ASW,CE,Combined TRACON& Tower with Radar,62,36,81,37,216,0,2,48,4,54,62,38,129,41,270,0,84,84,354
04/14/2017,LIT,AR,ASW,CE,Combined TRACON& Tower with Radar,65,36,70,35,206,0,2,64,4,70,65,38,134,39,276,28,46,74,350
04/15/2017,LIT,AR,ASW,CE,Combined TRACON& Tower with Radar,43,21,23,10,97,0,1,35,0,36,43,22,58,10,133,0,18,18,151
04/16/2017,LIT,AR,ASW,CE,Combined TRACON& Tower with Radar,60,19,18,0,97,0,0,13,0,13,60,19,31,0,110,12,0,12,122
04/17/2017,LIT,AR,ASW,CE,Combined TRACON& Tower with Radar,60,31,73,9,173,0,1,7,1,9,60,32,80,10,182,0,22,22,204
04/18/2017,LIT,AR,ASW,CE,Combined TRACON& Tower with Radar,63,43,68,35,209,0,0,22,1,23,63,43,90,36,232,23,42,65,297
04/19/2017,LIT,AR,ASW,CE,Combined TRACON& Tower with Radar,60,38,99,4,201,0,0,62,0,62,60,38,161,4,263,10,56,66,329
04/20/2017,LIT,AR,ASW,CE,Combined TRACON& Tower with Radar,60,44,110,6,220,0,2,43,0,45,60,46,153,6,265,0,42,42,307
04/21/2017,LIT,AR,ASW,CE,Combined TRACON& Tower with Radar,63,46,66,12,187,0,4,7,2,13,63,50,73,14,200,12,44,56,256
04/22/2017,LIT,AR,ASW,CE,Combined TRACON& Tower with Radar,50,31,38,5,124,0,1,0,0,1,50,32,38,5,125,20,0,20,145
04/23/2017,LIT,AR,ASW,CE,Combined TRACON& Tower with Radar,60,29,51,12,152,0,2,32,1,35,60,31,83,13,187,12,0,12,199
04/24/2017,LIT,AR,ASW,CE,Combined TRACON& Tower with Radar,59,33,70,20,182,0,3,54,0,57,59,36,124,20,239,20,56,76,315
04/25/2017,LIT,AR,ASW,CE,Combined TRACON& Tower with Radar,60,44,73,29,206,0,2,41,10,53,60,46,114,39,259,6,56,62,321
04/26/2017,LIT,AR,ASW,CE,Combined TRACON& Tower with Radar,62,37,55,9,163,0,0,4,0,4,62,37,59,9,167,0,50,50,217
04/27/2017,LIT,AR,ASW,CE,Combined TRACON& Tower with Radar,61,45,90,40,236,0,3,72,6,81,61,48,162,46,317,0,58,58,375
04/28/2017,LIT,AR,ASW,CE,Combined TRACON& Tower with Radar,60,48,60,22,190,0,6,7,0,13,60,54,67,22,203,0,72,72,275
04/29/2017,LIT,AR,ASW,CE,Combined TRACON& Tower with Radar,52,29,10,2,93,0,1,9,0,10,52,30,19,2,103,0,0,0,103
04/30/2017,LIT,AR,ASW,CE,Combined TRACON& Tower with Radar,52,24,34,0,110,0,2,12,0,14,52,26,46,0,124,0,0,0,124
05/01/2017,LIT,AR,ASW,CE,Combined TRACON& Tower with Radar,57,42,71,36,206,0,1,39,2,42,57,43,110,38,248,0,0,0,248
05/02/2017,LIT,AR,ASW,CE,Combined TRACON& Tower with Radar,60,35,90,38,223,0,0,67,0,67,60,35,157,38,290,26,46,72,362
05/03/2017,LIT,AR,ASW,CE,Combined TRACON& Tower with Radar,58,32,61,5,156,0,1,23,0,24,58,33,84,5,180,0,68,68,248
05/04/2017,LIT,AR,ASW,CE,Combined TRACON& Tower with Radar,66,46,81,45,238,0,2,8,4,14,66,48,89,49,252,0,72,72,324
05/05/2017,LIT,AR,ASW,CE,Combined TRACON& Tower with Radar,64,51,58,35,208,0,0,58,4,62,64,51,116,39,270,14,64,78,348
05/06/2017,LIT,AR,ASW,CE,Combined TRACON& Tower with Radar,50,37,32,30,149,0,1,50,1,52,50,38,82,31,201,32,34,66,267
05/07/2017,LIT,AR,ASW,CE,Combined TRACON& Tower with Radar,62,35,43,9,149,0,0,43,6,49,62,35,86,15,198,30,0,30,228
05/08/2017,LIT,AR,ASW,CE,Combined TRACON& Tower with Radar,60,41,66,18,185,0,1,57,3,61,60,42,123,21,246,6,62,68,314
05/09/2017,LIT,AR,ASW,CE,Combined TRACON& Tower with Radar,62,44,75,19,200,0,1,55,7,63,62,45,130,26,263,2,74,76,339
05/10/2017,LIT,AR,ASW,CE,Combined TRACON& Tower with Radar,62,52,77,11,202,0,1,51,3,55,62,53,128,14,257,10,62,72,329
05/11/2017,LIT,AR,ASW,CE,Combined TRACON& Tower with Radar,65,46,81,33,225,0,4,19,1,24,65,50,100,34,249,4,84,88,337
05/12/2017,LIT,AR,ASW,CE,Combined TRACON& Tower with Radar,63,49,46,11,169,0,1,1,0,2,63,50,47,11,171,10,66,76,247
05/13/2017,LIT,AR,ASW,CE,Combined TRACON& Tower with Radar,51,27,28,26,132,0,0,59,8,67,51,27,87,34,199,56,26,82,281
05/14/2017,LIT,AR,ASW,CE,Combined TRACON& Tower with Radar,59,26,26,6,117,0,3,49,0,52,59,29,75,6,169,18,0,18,187
05/15/2017,LIT,AR,ASW,CE,Combined TRACON& Tower with Radar,60,37,88,26,211,0,2,67,4,73,60,39,155,30,284,14,76,90,374
05/16/2017,LIT,AR,ASW,CE,Combined TRACON& Tower with Radar,62,41,85,21,209,0,1,45,1,47,62,42,130,22,256,14,66,80,336
05/17/2017,LIT,AR,ASW,CE,Combined TRACON& Tower with Radar,62,55,83,17,217,0,0,21,6,27,62,55,104,23,244,6,76,82,326
05/18/2017,LIT,AR,ASW,CE,Combined TRACON& Tower with Radar,60,50,109,41,260,0,4,25,1,30,60,54,134,42,290,6,64,70,360
05/19/2017,LIT,AR,ASW,CE,Combined TRACON& Tower with Radar,62,42,60,10,174,0,3,13,2,18,62,45,73,12,192,0,78,78,270
05/20/2017,LIT,AR,ASW,CE,Combined TRACON& Tower with Radar,56,25,39,11,131,0,1,14,2,17,56,26,53,13,148,20,0,20,168
05/21/2017,LIT,AR,ASW,CE,Combined TRACON& Tower with Radar,60,29,54,1,144,0,0,38,2,40,60,29,92,3,184,18,0,18,202
05/22/2017,LIT,AR,ASW,CE,Combined TRACON& Tower with Radar,61,29,69,29,188,0,0,54,2,56,61,29,123,31,244,0,80,80,324
05/23/2017,LIT,AR,ASW,CE,Combined TRACON& Tower with Radar,63,42,79,54,238,0,0,27,5,32,63,42,106,59,270,0,84,84,354
05/24/2017,LIT,AR,ASW,CE,Combined TRACON& Tower with Radar,60,43,68,26,197,0,2,33,4,39,60,45,101,30,236,2,72,74,310
05/25/2017,LIT,AR,ASW,CE,Combined TRACON& Tower with Radar,67,43,95,38,243,0,0,51,4,55,67,43,146,42,298,20,78,98,396
05/26/2017,LIT,AR,ASW,CE,Combined TRACON& Tower with Radar,65,47,68,2,182,0,1,23,0,24,65,48,91,2,206,0,76,76,282
05/27/2017,LIT,AR,ASW,CE,Combined TRACON& Tower with Radar,48,29,34,2,113,0,2,13,0,15,48,31,47,2,128,0,0,0,128
05/28/2017,LIT,AR,ASW,CE,Combined TRACON& Tower with Radar,57,19,19,4,99,0,2,11,0,13,57,21,30,4,112,0,0,0,112
05/29/2017,LIT,AR,ASW,CE,Combined TRACON& Tower with Radar,55,31,40,4,130,0,1,50,1,52,55,32,90,5,182,0,0,0,182
05/30/2017,LIT,AR,ASW,CE,Combined TRACON& Tower with Radar,64,38,72,13,187,0,2,36,0,38,64,40,108,13,225,16,0,16,241
05/31/2017,LIT,AR,ASW,CE,Combined TRACON& Tower with Radar,60,48,85,30,223,0,1,36,3,40,60,49,121,33,263,14,14,28,291
06/01/2017,LIT,AR,ASW,CE,Combined TRACON& Tower with Radar,65,43,63,47,218,0,3,31,10,44,65,46,94,57,262,0,80,80,342
06/02/2017,LIT,AR,ASW,CE,Combined TRACON& Tower with Radar,66,41,65,13,185,0,3,17,0,20,66,44,82,13,205,88,8,96,301
06/03/2017,LIT,AR,ASW,CE,Combined TRACON& Tower with Radar,56,26,36,12,130,0,1,16,2,19,56,27,52,14,149,14,46,60,209
06/04/2017,LIT,AR,ASW,CE,Combined TRACON& Tower with Radar,61,27,30,1,119,0,0,6,0,6,61,27,36,1,125,12,0,12,137
06/05/2017,LIT,AR,ASW,CE,Combined TRACON& Tower with Radar,65,35,65,7,172,0,0,1,0,1,65,35,66,7,173,6,66,72,245
06/06/2017,LIT,AR,ASW,CE,Combined TRACON& Tower with Radar,67,34,90,58,249,0,0,35,0,35,67,34,125,58,284,10,70,80,364
06/07/2017,LIT,AR,ASW,CE,Combined TRACON& Tower with Radar,65,29,82,12,188,0,0,49,0,49,65,29,131,12,237,44,52,96,333
06/08/2017,LIT,AR,ASW,CE,Combined TRACON& Tower with Radar,72,37,79,28,216,0,3,52,1,56,72,40,131,29,272,10,56,66,338
06/09/2017,LIT,AR,ASW,CE,Combined TRACON& Tower with Radar,76,38,95,33,242,0,1,39,0,40,76,39,134,33,282,16,62,78,360
06/10/2017,LIT,AR,ASW,CE,Combined TRACON& Tower with Radar,55,28,44,13,140,0,1,52,7,60,55,29,96,20,200,16,0,16,216
06/11/2017,LIT,AR,ASW,CE,Combined TRACON& Tower with Radar,62,51,49,17,179,0,0,27,2,29,62,51,76,19,208,8,0,8,216
06/12/2017,LIT,AR,ASW,CE,Combined TRACON& Tower with Radar,68,54,72,41,235,0,2,14,6,22,68,56,86,47,257,0,96,96,353
06/13/2017,LIT,AR,ASW,CE,Combined TRACON& Tower with Radar,73,40,81,23,217,0,0,19,0,19,73,40,100,23,236,0,80,80,316
06/14/2017,LIT,AR,ASW,CE,Combined TRACON& Tower with Radar,64,45,93,37,239,0,3,24,3,30,64,48,117,40,269,24,58,82,351
06/15/2017,LIT,AR,ASW,CE,Combined TRACON& Tower with Radar,70,45,77,24,216,0,1,29,1,31,70,46,106,25,247,26,48,74,321
06/16/2017,LIT,AR,ASW,CE,Combined TRACON& Tower with Radar,70,36,77,69,252,0,0,47,4,51,70,36,124,73,303,14,72,86,389
06/17/2017,LIT,AR,ASW,CE,Combined TRACON& Tower with Radar,56,29,44,3,132,0,1,35,0,36,56,30,79,3,168,0,0,0,168
06/18/2017,LIT,AR,ASW,CE,Combined TRACON& Tower with Radar,61,33,33,0,127,0,3,5,0,8,61,36,38,0,135,16,0,16,151
06/19/2017,LIT,AR,ASW,CE,Combined TRACON& Tower with Radar,65,33,81,63,242,0,1,40,1,42,65,34,121,64,284,16,88,104,388
06/20/2017,LIT,AR,ASW,CE,Combined TRACON& Tower with Radar,78,40,73,42,233,0,1,78,5,84,78,41,151,47,317,34,64,98,415
06/21/2017,LIT,AR,ASW,CE,Combined TRACON& Tower with Radar,69,43,106,43,261,0,2,43,6,51,69,45,149,49,312,0,76,76,388
06/22/2017,LIT,AR,ASW,CE,Combined TRACON& Tower with Radar,71,40,67,22,200,0,0,3,0,3,71,40,70,22,203,0,88,88,291
06/23/2017,LIT,AR,ASW,CE,Combined TRACON& Tower with Radar,72,37,50,10,169,0,3,8,2,13,72,40,58,12,182,32,48,80,262
06/24/2017,LIT,AR,ASW,CE,Combined TRACON& Tower with Radar,56,28,45,3,132,0,0,46,0,46,56,28,91,3,178,24,0,24,202
06/25/2017,LIT,AR,ASW,CE,Combined TRACON& Tower with Radar,62,33,62,6,163,0,2,42,1,45,62,35,104,7,208,30,0,30,238
06/26/2017,LIT,AR,ASW,CE,Combined TRACON& Tower with Radar,69,28,87,34,218,0,0,61,3,64,69,28,148,37,282,2,84,86,368
06/27/2017,LIT,AR,ASW,CE,Combined TRACON& Tower with Radar,72,33,83,18,206,0,4,47,2,53,72,37,130,20,259,16,68,84,343
06/28/2017,LIT,AR,ASW,CE,Combined TRACON& Tower with Radar,71,41,77,27,216,0,1,34,7,42,71,42,111,34,258,6,74,80,338
06/29/2017,LIT,AR,ASW,CE,Combined TRACON& Tower with Radar,74,36,91,70,271,0,2,27,7,36,74,38,118,77,307,16,58,74,381
06/30/2017,LIT,AR,ASW,CE,Combined TRACON& Tower with Radar,69,24,62,8,163,0,1,14,0,15,69,25,76,8,178,0,57,57,235
07/01/2017,LIT,AR,ASW,CE,Combined TRACON& Tower with Radar,56,36,38,9,139,0,3,15,0,18,56,39,53,9,157,22,2,24,181
07/02/2017,LIT,AR,ASW,CE,Combined TRACON& Tower with Radar,60,24,29,0,113,0,0,19,0,19,60,24,48,0,132,0,0,0,132
07/03/2017,LIT,AR,ASW,CE,Combined TRACON& Tower with Radar,64,20,26,6,116,0,2,20,0,22,64,22,46,6,138,0,0,0,138
07/04/2017,LIT,AR,ASW,CE,Combined TRACON& Tower with Radar,61,17,23,0,101,0,2,12,0,14,61,19,35,0,115,8,0,8,123
07/05/2017,LIT,AR,ASW,CE,Combined TRACON& Tower with Radar,61,28,57,45,191,0,1,19,5,25,61,29,76,50,216,0,59,59,275
07/06/2017,LIT,AR,ASW,CE,Combined TRACON& Tower with Radar,72,26,80,20,198,0,1,36,5,42,72,27,116,25,240,10,12,22,262
07/07/2017,LIT,AR,ASW,CE,Combined TRACON& Tower with Radar,72,28,81,116,297,0,0,52,5,57,72,28,133,121,354,20,84,104,458
07/08/2017,LIT,AR,ASW,CE,Combined TRACON& Tower with Radar,52,27,36,17,132,0,2,33,8,43,52,29,69,25,175,4,0,4,179
07/09/2017,LIT,AR,ASW,CE,Combined TRACON& Tower with Radar,64,20,48,20,152,0,0,35,3,38,64,20,83,23,190,32,12,44,234
07/10/2017,LIT,AR,ASW,CE,Combined TRACON& Tower with Radar,64,28,72,37,201,0,2,49,5,56,64,30,121,42,257,30,64,94,351
07/11/2017,LIT,AR,ASW,CE,Combined TRACON& Tower with Radar,73,36,69,54,232,0,4,44,9,57,73,40,113,63,289,4,110,114,403
07/12/2017,LIT,AR,ASW,CE,Combined TRACON& Tower with Radar,66,32,84,31,213,0,0,46,6,52,66,32,130,37,265,0,112,112,377
07/13/2017,LIT,AR,ASW,CE,Combined TRACON& Tower with Radar,70,40,66,27,203,0,0,52,1,53,70,40,118,28,256,22,34,56,312
07/14/2017,LIT,AR,ASW,CE,Combined TRACON& Tower with Radar,72,36,63,13,184,0,1,38,2,41,72,37,101,15,225,10,48,58,283
07/15/2017,LIT,AR,ASW,CE,Combined TRACON& Tower with Radar,55,35,39,49,178,0,0,28,2,30,55,35,67,51,208,44,22,66,274
07/16/2017,LIT,AR,ASW,CE,Combined TRACON& Tower with Radar,59,23,39,10,131,0,4,42,1,47,59,27,81,11,178,0,0,0,178
07/17/2017,LIT,AR,ASW,CE,Combined TRACON& Tower with Radar,67,23,82,54,226,0,0,45,1,46,67,23,127,55,272,0,14,14,286
07/18/2017,LIT,AR,ASW,CE,Combined TRACON& Tower with Radar,74,28,91,31,224,0,1,48,3,52,74,29,139,34,276,0,0,0,276
07/19/2017,LIT,AR,ASW,CE,Combined TRACON& Tower with Radar,68,29,62,47,206,0,0,43,2,45,68,29,105,49,251,6,72,78,329
07/20/2017,LIT,AR,ASW,CE,Combined TRACON& Tower with Radar,71,34,84,52,241,0,1,67,1,69,71,35,151,53,310,8,64,72,382
07/21/2017,LIT,AR,ASW,CE,Combined TRACON& Tower with Radar,69,22,65,23,179,0,1,35,1,37,69,23,100,24,216,8,20,28,244
07/22/2017,LIT,AR,ASW,CE,Combined TRACON& Tower with Radar,53,26,32,37,148,0,1,57,0,58,53,27,89,37,206,12,0,12,218
07/23/2017,LIT,AR,ASW,CE,Combined TRACON& Tower with Radar,59,20,39,6,124,0,0,33,0,33,59,20,72,6,157,0,0,0,157
07/24/2017,LIT,AR,ASW,CE,Combined TRACON& Tower with Radar,69,26,56,59,210,0,1,27,5,33,69,27,83,64,243,0,46,46,289
07/25/2017,LIT,AR,ASW,CE,Combined TRACON& Tower with Radar,73,25,47,39,184,0,0,38,3,41,73,25,85,42,225,0,10,10,235
07/26/2017,LIT,AR,ASW,CE,Combined TRACON& Tower with Radar,67,30,72,25,194,0,1,44,3,48,67,31,116,28,242,0,28,28,270
07/27/2017,LIT,AR,ASW,CE,Combined TRACON& Tower with Radar,70,26,76,33,205,0,2,53,2,57,70,28,129,35,262,10,44,54,316
07/28/2017,LIT,AR,ASW,CE,Combined TRACON& Tower with Radar,68,28,56,8,160,0,0,12,0,12,68,28,68,8,172,0,0,0,172
07/29/2017,LIT,AR,ASW,CE,Combined TRACON& Tower with Radar,55,28,34,38,155,0,3,38,0,41,55,31,72,38,196,10,18,28,224
07/30/2017,LIT,AR,ASW,CE,Combined TRACON& Tower with Radar,67,15,36,21,139,0,1,36,1,38,67,16,72,22,177,0,2,2,179
07/31/2017,LIT,AR,ASW,CE,Combined TRACON& Tower with Radar,71,25,55,5,156,0,0,36,0,36,71,25,91,5,192,13,0,13,205
08/01/2017,LIT,AR,ASW,CE,Combined TRACON& Tower with Radar,67,29,49,30,175,0,1,28,2,31,67,30,77,32,206,6,62,68,274
08/02/2017,LIT,AR,ASW,CE,Combined TRACON& Tower with Radar,68,35,71,8,182,0,0,37,4,41,68,35,108,12,223,28,50,78,301
08/03/2017,LIT,AR,ASW,CE,Combined TRACON& Tower with Radar,71,29,93,28,221,0,0,37,3,40,71,29,130,31,261,64,128,192,453
08/04/2017,LIT,AR,ASW,CE,Combined TRACON& Tower with Radar,71,28,83,64,246,0,1,39,2,42,71,29,122,66,288,12,118,130,418
08/05/2017,LIT,AR,ASW,CE,Combined TRACON& Tower with Radar,55,20,41,30,146,0,1,43,13,57,55,21,84,43,203,34,42,76,279
08/06/2017,LIT,AR,ASW,CE,Combined TRACON& Tower with Radar,63,33,46,9,151,0,2,7,1,10,63,35,53,10,161,6,4,10,171
08/07/2017,LIT,AR,ASW,CE,Combined TRACON& Tower with Radar,75,20,60,0,155,0,2,5,1,8,75,22,65,1,163,6,56,62,225
08/08/2017,LIT,AR,ASW,CE,Combined TRACON& Tower with Radar,67,36,75,13,191,0,1,16,4,21,67,37,91,17,212,0,62,62,274
08/09/2017,LIT,AR,ASW,CE,Combined TRACON& Tower with Radar,70,31,73,10,184,0,0,49,9,58,70,31,122,19,242,26,90,116,358
08/10/2017,LIT,AR,ASW,CE,Combined TRACON& Tower with Radar,70,23,71,12,176,0,0,46,2,48,70,23,117,14,224,62,38,100,324
08/11/2017,LIT,AR,ASW,CE,Combined TRACON& Tower with Radar,69,19,40,14,142,0,3,10,0,13,69,22,50,14,155,12,66,78,233
08/12/2017,LIT,AR,ASW,CE,Combined TRACON& Tower with Radar,53,27,36,43,159,0,0,39,8,47,53,27,75,51,206,0,54,54,260
08/13/2017,LIT,AR,ASW,CE,Combined TRACON& Tower with Radar,61,30,30,7,128,0,2,5,0,7,61,32,35,7,135,12,0,12,147
08/14/2017,LIT,AR,ASW,CE,Combined TRACON& Tower with Radar,66,30,56,4,156,0,0,11,0,11,66,30,67,4,167,10,42,52,219
08/15/2017,LIT,AR,ASW,CE,Combined TRACON& Tower with Radar,70,29,52,11,162,0,1,23,0,24,70,30,75,11,186,0,60,60,246
08/16/2017,LIT,AR,ASW,CE,Combined TRACON& Tower with Radar,66,26,76,10,178,0,0,34,4,38,66,26,110,14,216,12,46,58,274
08/17/2017,LIT,AR,ASW,CE,Combined TRACON& Tower with Radar,70,34,70,17,191,0,2,44,7,53,70,36,114,24,244,68,16,84,328
08/18/2017,LIT,AR,ASW,CE,Combined TRACON& Tower with Radar,64,26,60,15,165,0,2,48,7,57,64,28,108,22,222,28,78,106,328
08/19/2017,LIT,AR,ASW,CE,Combined TRACON& Tower with Radar,58,31,27,9,125,0,1,46,4,51,58,32,73,13,176,2,0,2,178
08/20/2017,LIT,AR,ASW,CE,Combined TRACON& Tower with Radar,68,26,46,1,141,0,1,47,1,49,68,27,93,2,190,10,0,10,200
08/21/2017,LIT,AR,ASW,CE,Combined TRACON& Tower with Radar,68,24,60,13,165,0,0,57,1,58,68,24,117,14,223,6,68,74,297
08/22/2017,LIT,AR,ASW,CE,Combined TRACON& Tower with Radar,71,36,71,14,192,0,2,38,0,40,71,38,109,14,232,6,52,58,290
08/23/2017,LIT,AR,ASW,CE,Combined TRACON& Tower with Radar,68,34,86,25,213,0,0,27,1,28,68,34,113,26,241,20,52,72,313
08/24/2017,LIT,AR,ASW,CE,Combined TRACON& Tower with Radar,72,33,90,41,236,0,2,49,2,53,72,35,139,43,289,20,46,66,355
08/25/2017,LIT,AR,ASW,CE,Combined TRACON& Tower with Radar,74,31,48,14,167,0,1,43,1,45,74,32,91,15,212,28,10,38,250
08/26/2017,LIT,AR,ASW,CE,Combined TRACON& Tower with Radar,44,19,30,2,95,0,0,32,0,32,44,19,62,2,127,32,0,32,159
08/27/2017,LIT,AR,ASW,CE,Combined TRACON& Tower with Radar,52,27,19,12,110,0,2,29,0,31,52,29,48,12,141,18,0,18,159
08/28/2017,LIT,AR,ASW,CE,Combined TRACON& Tower with Radar,65,33,48,23,169,0,2,21,1,24,65,35,69,24,193,12,0,12,205
08/29/2017,LIT,AR,ASW,CE,Combined TRACON& Tower with Radar,61,21,47,21,150,0,1,53,4,58,61,22,100,25,208,24,36,60,268
08/30/2017,LIT,AR,ASW,CE,Combined TRACON& Tower with Radar,64,31,69,24,188,0,0,24,4,28,64,31,93,28,216,6,44,50,266
08/31/2017,LIT,AR,ASW,CE,Combined TRACON& Tower with Radar,68,32,53,3,156,0,1,10,4,15,68,33,63,7,171,0,0,0,171
09/01/2017,LIT,AR,ASW,CE,Combined TRACON& Tower with Radar,69,26,66,2,163,0,0,35,0,35,69,26,101,2,198,12,56,68,266
09/02/2017,LIT,AR,ASW,CE,Combined TRACON& Tower with Radar,44,18,27,0,89,0,0,30,0,30,44,18,57,0,119,22,0,22,141
09/03/2017,LIT,AR,ASW,CE,Combined TRACON& Tower with Radar,41,16,29,6,92,0,0,17,5,22,41,16,46,11,114,12,0,12,126
09/04/2017,LIT,AR,ASW,CE,Combined TRACON& Tower with Radar,59,14,35,0,108,0,0,28,0,28,59,14,63,0,136,6,0,6,142
09/05/2017,LIT,AR,ASW,CE,Combined TRACON& Tower with Radar,62,27,48,23,160,0,1,25,3,29,62,28,73,26,189,34,38,72,261
09/06/2017,LIT,AR,ASW,CE,Combined TRACON& Tower with Radar,61,37,73,32,203,0,0,46,3,49,61,37,119,35,252,6,62,68,320
09/07/2017,LIT,AR,ASW,CE,Combined TRACON& Tower with Radar,62,33,83,37,215,0,0,47,6,53,62,33,130,43,268,20,64,84,352
09/08/2017,LIT,AR,ASW,CE,Combined TRACON& Tower with Radar,64,34,74,42,214,0,0,44,7,51,64,34,118,49,265,72,76,148,413
09/09/2017,LIT,AR,ASW,CE,Combined TRACON& Tower with Radar,41,29,44,18,132,0,3,48,0,51,41,32,92,18,183,14,0,14,197
09/10/2017,LIT,AR,ASW,CE,Combined TRACON& Tower with Radar,51,35,78,63,227,0,1,42,22,65,51,36,120,85,292,6,0,6,298
09/11/2017,LIT,AR,ASW,CE,Combined TRACON& Tower with Radar,45,45,57,6,153,0,0,37,8,45,45,45,94,14,198,30,36,66,264
09/12/2017,LIT,AR,ASW,CE,Combined TRACON& Tower with Radar,58,38,62,71,229,0,2,13,0,15,58,40,75,71,244,6,72,78,322
09/13/2017,LIT,AR,ASW,CE,Combined TRACON& Tower with Radar,62,43,103,32,240,0,1,28,8,37,62,44,131,40,277,0,66,66,343
09/14/2017,LIT,AR,ASW,CE,Combined TRACON& Tower with Radar,60,47,86,50,243,0,1,54,8,63,60,48,140,58,306,14,36,50,356
09/15/2017,LIT,AR,ASW,CE,Combined TRACON& Tower with Radar,62,34,66,52,214,0,3,39,2,44,62,37,105,54,258,8,58,66,324
09/16/2017,LIT,AR,ASW,CE,Combined TRACON& Tower with Radar,43,26,33,11,113,0,3,32,2,37,43,29,65,13,150,12,0,12,162
09/17/2017,LIT,AR,ASW,CE,Combined TRACON& Tower with Radar,54,24,54,14,146,0,4,27,1,32,54,28,81,15,178,0,10,10,188
09/18/2017,LIT,AR,ASW,CE,Combined TRACON& Tower with Radar,60,34,98,23,215,0,0,26,1,27,60,34,124,24,242,6,70,76,318
09/19/2017,LIT,AR,ASW,CE,Combined TRACON& Tower with Radar,59,47,89,7,202,0,2,33,1,36,59,49,122,8,238,0,66,66,304
09/20/2017,LIT,AR,ASW,CE,Combined TRACON& Tower with Radar,68,43,94,25,230,0,0,48,2,50,68,43,142,27,280,8,66,74,354
09/21/2017,LIT,AR,ASW,CE,Combined TRACON& Tower with Radar,62,41,92,21,216,0,2,54,1,57,62,43,146,22,273,24,38,62,335
09/22/2017,LIT,AR,ASW,CE,Combined TRACON& Tower with Radar,62,34,58,4,158,0,0,39,0,39,62,34,97,4,197,26,48,74,271
09/23/2017,LIT,AR,ASW,CE,Combined TRACON& Tower with Radar,42,29,55,13,139,0,0,31,2,33,42,29,86,15,172,12,0,12,184
09/24/2017,LIT,AR,ASW,CE,Combined TRACON& Tower with Radar,54,34,53,5,146,0,0,25,0,25,54,34,78,5,171,6,0,6,177
09/25/2017,LIT,AR,ASW,CE,Combined TRACON& Tower with Radar,63,48,61,34,206,0,0,41,0,41,63,48,102,34,247,0,70,70,317
09/26/2017,LIT,AR,ASW,CE,Combined TRACON& Tower with Radar,59,43,86,15,203,0,0,25,3,28,59,43,111,18,231,26,42,68,299
09/27/2017,LIT,AR,ASW,CE,Combined TRACON& Tower with Radar,66,41,97,30,234,0,0,32,0,32,66,41,129,30,266,0,72,72,338
09/28/2017,LIT,AR,ASW,CE,Combined TRACON& Tower with Radar,64,45,66,19,194,0,1,48,1,50,64,46,114,20,244,0,66,66,310
09/29/2017,LIT,AR,ASW,CE,Combined TRACON& Tower with Radar,64,45,107,37,253,0,2,51,0,53,64,47,158,37,306,20,36,56,362
09/30/2017,LIT,AR,ASW,CE,Combined TRACON& Tower with Radar,41,35,58,28,162,0,1,42,1,44,41,36,100,29,206,6,40,46,252
10/01/2017,LIT,AR,ASW,CE,Combined TRACON& Tower with Radar,55,24,55,15,149,0,4,25,1,30,55,28,80,16,179,0,0,0,179
10/02/2017,LIT,AR,ASW,CE,Combined TRACON& Tower with Radar,62,39,62,15,178,0,1,16,2,19,62,40,78,17,197,8,58,66,263
10/03/2017,LIT,AR,ASW,CE,Combined TRACON& Tower with Radar,61,44,85,51,241,0,1,8,1,10,61,45,93,52,251,2,52,54,305
10/04/2017,LIT,AR,ASW,CE,Combined TRACON& Tower with Radar,65,52,94,10,221,0,1,39,0,40,65,53,133,10,261,6,58,64,325
10/05/2017,LIT,AR,ASW,CE,Combined TRACON& Tower with Radar,64,43,81,32,220,0,1,43,2,46,64,44,124,34,266,8,64,72,338
10/06/2017,LIT,AR,ASW,CE,Combined TRACON& Tower with Radar,64,47,76,114,301,0,1,68,3,72,64,48,144,117,373,38,42,80,453
10/07/2017,LIT,AR,ASW,CE,Combined TRACON& Tower with Radar,44,21,66,19,150,0,2,27,7,36,44,23,93,26,186,16,0,16,202
10/08/2017,LIT,AR,ASW,CE,Combined TRACON& Tower with Radar,56,27,49,1,133,0,1,25,0,26,56,28,74,1,159,16,0,16,175
10/09/2017,LIT,AR,ASW,CE,Combined TRACON& Tower with Radar,62,31,59,7,159,0,1,42,1,44,62,32,101,8,203,0,76,76,279
10/10/2017,LIT,AR,ASW,CE,Combined TRACON& Tower with Radar,62,29,71,113,275,0,0,17,1,18,62,29,88,114,293,6,66,72,365
10/11/2017,LIT,AR,ASW,CE,Combined TRACON& Tower with Radar,63,36,111,17,227,0,0,43,0,43,63,36,154,17,270,0,64,64,334
10/12/2017,LIT,AR,ASW,CE,Combined TRACON& Tower with Radar,67,34,85,17,203,0,0,70,4,74,67,34,155,21,277,14,62,76,353
10/13/2017,LIT,AR,ASW,CE,Combined TRACON& Tower with Radar,64,42,79,9,194,0,1,64,1,66,64,43,143,10,260,10,54,64,324
10/14/2017,LIT,AR,ASW,CE,Combined TRACON& Tower with Radar,42,29,42,16,129,0,1,35,3,39,42,30,77,19,168,6,0,6,174
10/15/2017,LIT,AR,ASW,CE,Combined TRACON& Tower with Radar,55,31,44,4,134,0,0,21,0,21,55,31,65,4,155,6,0,6,161
10/16/2017,LIT,AR,ASW,CE,Combined TRACON& Tower with Radar,65,32,60,23,180,0,0,56,0,56,65,32,116,23,236,0,70,70,306
10/17/2017,LIT,AR,ASW,CE,Combined TRACON& Tower with Radar,64,36,76,34,210,0,0,44,6,50,64,36,120,40,260,6,64,70,330
10/18/2017,LIT,AR,ASW,CE,Combined TRACON& Tower with Radar,64,33,96,15,208,0,3,57,6,66,64,36,153,21,274,10,52,62,336
10/19/2017,LIT,AR,ASW,CE,Combined TRACON& Tower with Radar,66,41,87,23,217,0,2,36,5,43,66,43,123,28,260,12,48,60,320
10/20/2017,LIT,AR,ASW,CE,Combined TRACON& Tower with Radar,64,40,63,12,179,0,7,58,5,70,64,47,121,17,249,46,18,64,313
10/21/2017,LIT,AR,ASW,CE,Combined TRACON& Tower with Radar,42,29,41,43,155,0,1,16,0,17,42,30,57,43,172,8,40,48,220
10/22/2017,LIT,AR,ASW,CE,Combined TRACON& Tower with Radar,55,30,63,33,181,0,0,6,0,6,55,30,69,33,187,0,0,0,187
10/23/2017,LIT,AR,ASW,CE,Combined TRACON& Tower with Radar,64,32,57,33,186,0,2,40,9,51,64,34,97,42,237,8,74,82,319
10/24/2017,LIT,AR,ASW,CE,Combined TRACON& Tower with Radar,62,31,69,16,178,0,2,16,2,20,62,33,85,18,198,0,68,68,266
10/25/2017,LIT,AR,ASW,CE,Combined TRACON& Tower with Radar,64,37,70,36,207,0,0,56,3,59,64,37,126,39,266,6,44,50,316
10/26/2017,LIT,AR,ASW,CE,Combined TRACON& Tower with Radar,70,35,88,26,219,0,2,52,8,62,70,37,140,34,281,14,46,60,341
10/27/2017,LIT,AR,ASW,CE,Combined TRACON& Tower with Radar,63,37,62,64,226,0,1,9,4,14,63,38,71,68,240,0,72,72,312
10/28/2017,LIT,AR,ASW,CE,Combined TRACON& Tower with Radar,44,16,48,43,151,0,0,33,1,34,44,16,81,44,185,0,0,0,185
10/29/2017,LIT,AR,ASW,CE,Combined TRACON& Tower with Radar,55,25,52,3,135,0,0,36,4,40,55,25,88,7,175,0,0,0,175
10/30/2017,LIT,AR,ASW,CE,Combined TRACON& Tower with Radar,61,29,72,6,168,0,0,43,1,44,61,29,115,7,212,28,32,60,272
10/31/2017,LIT,AR,ASW,CE,Combined TRACON& Tower with Radar,55,27,63,20,165,0,2,35,1,38,55,29,98,21,203,4,48,52,255
11/01/2017,LIT,AR,ASW,CE,Combined TRACON& Tower with Radar,64,34,74,8,180,0,0,0,0,0,64,34,74,8,180,6,50,56,236
11/02/2017,LIT,AR,ASW,CE,Combined TRACON& Tower with Radar,69,41,76,19,205,0,0,29,6,35,69,41,105,25,240,8,68,76,316
11/03/2017,LIT,AR,ASW,CE,Combined TRACON& Tower with Radar,65,46,94,17,222,0,0,6,2,8,65,46,100,19,230,0,62,62,292
11/04/2017,LIT,AR,ASW,CE,Combined TRACON& Tower with Radar,50,18,40,30,138,0,0,4,3,7,50,18,44,33,145,12,0,12,157
11/05/2017,LIT,AR,ASW,CE,Combined TRACON& Tower with Radar,60,26,64,4,154,0,3,4,2,9,60,29,68,6,163,14,0,14,177
11/06/2017,LIT,AR,ASW,CE,Combined TRACON& Tower with Radar,56,27,73,14,170,0,0,0,1,1,56,27,73,15,171,0,80,80,251
11/07/2017,LIT,AR,ASW,CE,Combined TRACON& Tower with Radar,59,35,76,21,191,0,0,2,1,3,59,35,78,22,194,0,68,68,262
11/08/2017,LIT,AR,ASW,CE,Combined TRACON& Tower with Radar,63,33,72,11,179,0,1,24,2,27,63,34,96,13,206,12,58,70,276
11/09/2017,LIT,AR,ASW,CE,Combined TRACON& Tower with Radar,68,34,85,22,209,0,3,47,2,52,68,37,132,24,261,20,62,82,343
11/10/2017,LIT,AR,ASW,CE,Combined TRACON& Tower with Radar,70,23,53,0,146,0,4,50,3,57,70,27,103,3,203,0,64,64,267
11/11/2017,LIT,AR,ASW,CE,Combined TRACON& Tower with Radar,44,24,41,0,109,0,0,50,0,50,44,24,91,0,159,6,6,12,171
11/12/2017,LIT,AR,ASW,CE,Combined TRACON& Tower with Radar,58,31,50,0,139,0,0,25,0,25,58,31,75,0,164,10,0,10,174
11/13/2017,LIT,AR,ASW,CE,Combined TRACON& Tower with Radar,60,40,70,17,187,0,0,55,8,63,60,40,125,25,250,14,64,78,328
11/14/2017,LIT,AR,ASW,CE,Combined TRACON& Tower with Radar,62,31,61,47,201,0,1,38,0,39,62,32,99,47,240,0,64,64,304
11/15/2017,LIT,AR,ASW,CE,Combined TRACON& Tower with Radar,64,43,60,16,183,0,0,5,1,6,64,43,65,17,189,14,42,56,245
11/16/2017,LIT,AR,ASW,CE,Combined TRACON& Tower with Radar,66,40,114,60,280,0,1,41,3,45,66,41,155,63,325,0,62,62,387
11/17/2017,LIT,AR,ASW,CE,Combined TRACON& Tower with Radar,69,42,74,20,205,0,1,19,4,24,69,43,93,24,229,6,64,70,299
11/18/2017,LIT,AR,ASW,CE,Combined TRACON& Tower with Radar,54,34,46,3,137,0,0,8,0,8,54,34,54,3,145,6,50,56,201
11/19/2017,LIT,AR,ASW,CE,Combined TRACON& Tower with Radar,54,30,42,2,128,0,0,57,2,59,54,30,99,4,187,11,0,11,198
11/20/2017,LIT,AR,ASW,CE,Combined TRACON& Tower with Radar,62,28,59,16,165,0,0,48,0,48,62,28,107,16,213,4,70,74,287
11/21/2017,LIT,AR,ASW,CE,Combined TRACON& Tower with Radar,61,38,62,7,168,0,2,39,2,43,61,40,101,9,211,0,60,60,271
11/22/2017,LIT,AR,ASW,CE,Combined TRACON& Tower with Radar,66,39,58,3,166,0,1,33,1,35,66,40,91,4,201,0,40,40,241
11/23/2017,LIT,AR,ASW,CE,Combined TRACON& Tower with Radar,30,17,13,0,60,0,1,22,1,24,30,18,35,1,84,0,0,0,84
11/24/2017,LIT,AR,ASW,CE,Combined TRACON& Tower with Radar,46,28,47,0,121,0,4,25,0,29,46,32,72,0,150,0,0,0,150
11/25/2017,LIT,AR,ASW,CE,Combined TRACON& Tower with Radar,58,28,28,1,115,0,4,44,0,48,58,32,72,1,163,0,6,6,169
11/26/2017,LIT,AR,ASW,CE,Combined TRACON& Tower with Radar,64,30,49,0,143,0,1,41,0,42,64,31,90,0,185,28,0,28,213
11/27/2017,LIT,AR,ASW,CE,Combined TRACON& Tower with Radar,61,35,38,12,146,0,1,50,0,51,61,36,88,12,197,6,64,70,267
11/28/2017,LIT,AR,ASW,CE,Combined TRACON& Tower with Radar,57,36,77,29,199,0,0,48,5,53,57,36,125,34,252,14,64,78,330
11/29/2017,LIT,AR,ASW,CE,Combined TRACON& Tower with Radar,65,42,81,14,202,0,2,15,4,21,65,44,96,18,223,16,42,58,281
11/30/2017,LIT,AR,ASW,CE,Combined TRACON& Tower with Radar,67,46,83,26,222,0,1,51,0,52,67,47,134,26,274,6,10,16,290
12/01/2017,LIT,AR,ASW,CE,Combined TRACON& Tower with Radar,71,32,72,22,197,0,1,53,5,59,71,33,125,27,256,4,32,36,292
12/02/2017,LIT,AR,ASW,CE,Combined TRACON& Tower with Radar,54,19,36,17,126,0,0,43,3,46,54,19,79,20,172,6,10,16,188
12/03/2017,LIT,AR,ASW,CE,Combined TRACON& Tower with Radar,58,26,38,15,137,0,0,42,4,46,58,26,80,19,183,0,0,0,183
12/04/2017,LIT,AR,ASW,CE,Combined TRACON& Tower with Radar,58,37,75,9,179,0,0,1,0,1,58,37,76,9,180,0,0,0,180
12/05/2017,LIT,AR,ASW,CE,Combined TRACON& Tower with Radar,59,27,77,14,177,0,1,33,0,34,59,28,110,14,211,0,0,0,211
12/06/2017,LIT,AR,ASW,CE,Combined TRACON& Tower with Radar,64,36,79,41,220,0,2,52,1,55,64,38,131,42,275,30,14,44,319
12/07/2017,LIT,AR,ASW,CE,Combined TRACON& Tower with Radar,66,30,95,26,217,0,4,56,2,62,66,34,151,28,279,0,0,0,279
12/08/2017,LIT,AR,ASW,CE,Combined TRACON& Tower with Radar,62,29,63,8,162,0,0,47,1,48,62,29,110,9,210,0,0,0,210
12/09/2017,LIT,AR,ASW,CE,Combined TRACON& Tower with Radar,46,19,52,0,117,0,0,39,1,40,46,19,91,1,157,0,0,0,157
12/10/2017,LIT,AR,ASW,CE,Combined TRACON& Tower with Radar,60,19,34,0,113,0,0,26,2,28,60,19,60,2,141,0,0,0,141
12/11/2017,LIT,AR,ASW,CE,Combined TRACON& Tower with Radar,61,38,61,1,161,0,1,31,0,32,61,39,92,1,193,0,0,0,193
12/12/2017,LIT,AR,ASW,CE,Combined TRACON& Tower with Radar,62,43,83,18,206,0,0,39,3,42,62,43,122,21,248,0,6,6,254
12/13/2017,LIT,AR,ASW,CE,Combined TRACON& Tower with Radar,71,39,77,12,199,0,2,28,2,32,71,41,105,14,231,0,0,0,231
12/14/2017,LIT,AR,ASW,CE,Combined TRACON& Tower with Radar,68,38,111,15,232,0,1,54,4,59,68,39,165,19,291,22,0,22,313
12/15/2017,LIT,AR,ASW,CE,Combined TRACON& Tower with Radar,66,37,70,24,197,0,1,52,1,54,66,38,122,25,251,0,0,0,251
12/16/2017,LIT,AR,ASW,CE,Combined TRACON& Tower with Radar,52,32,33,4,121,0,3,44,0,47,52,35,77,4,168,6,0,6,174
12/17/2017,LIT,AR,ASW,CE,Combined TRACON& Tower with Radar,52,31,45,11,139,0,0,1,0,1,52,31,46,11,140,0,0,0,140
12/18/2017,LIT,AR,ASW,CE,Combined TRACON& Tower with Radar,67,46,58,51,222,0,6,14,1,21,67,52,72,52,243,54,20,74,317
12/19/2017,LIT,AR,ASW,CE,Combined TRACON& Tower with Radar,57,26,51,0,134,0,0,0,0,0,57,26,51,0,134,0,0,0,134
12/20/2017,LIT,AR,ASW,CE,Combined TRACON& Tower with Radar,67,36,77,17,197,0,0,7,0,7,67,36,84,17,204,0,0,0,204
12/21/2017,LIT,AR,ASW,CE,Combined TRACON& Tower with Radar,63,35,67,17,182,0,0,22,1,23,63,35,89,18,205,20,0,20,225
12/22/2017,LIT,AR,ASW,CE,Combined TRACON& Tower with Radar,61,17,29,0,107,0,0,0,0,0,61,17,29,0,107,0,0,0,107
12/23/2017,LIT,AR,ASW,CE,Combined TRACON& Tower with Radar,56,20,31,0,107,0,1,8,0,9,56,21,39,0,116,54,0,54,170
12/24/2017,LIT,AR,ASW,CE,Combined TRACON& Tower with Radar,50,18,10,0,78,0,0,9,2,11,50,18,19,2,89,16,0,16,105
12/25/2017,LIT,AR,ASW,CE,Combined TRACON& Tower with Radar,42,14,12,0,68,0,3,17,0,20,42,17,29,0,88,4,0,4,92
12/26/2017,LIT,AR,ASW,CE,Combined TRACON& Tower with Radar,64,25,50,0,139,0,0,30,0,30,64,25,80,0,169,34,0,34,203
12/27/2017,LIT,AR,ASW,CE,Combined TRACON& Tower with Radar,59,26,44,3,132,0,0,15,1,16,59,26,59,4,148,2,2,4,152
12/28/2017,LIT,AR,ASW,CE,Combined TRACON& Tower with Radar,60,18,25,6,109,0,5,22,2,29,60,23,47,8,138,30,4,34,172
12/29/2017,LIT,AR,ASW,CE,Combined TRACON& Tower with Radar,62,22,51,0,135,0,2,31,1,34,62,24,82,1,169,0,0,0,169
12/30/2017,LIT,AR,ASW,CE,Combined TRACON& Tower with Radar,53,22,36,0,111,0,0,12,0,12,53,22,48,0,123,0,0,0,123
12/31/2017,LIT,AR,ASW,CE,Combined TRACON& Tower with Radar,42,13,17,0,72,0,3,13,2,18,42,16,30,2,90,0,0,0,90
01/01/2018,LIT,AR,ASW,CE,Combined TRACON& Tower with Radar,42,19,27,0,88,0,2,7,1,10,42,21,34,1,98,0,0,0,98
01/02/2018,LIT,AR,ASW,CE,Combined TRACON& Tower with Radar,61,19,53,2,135,0,6,42,0,48,61,25,95,2,183,6,48,54,237
01/03/2018,LIT,AR,ASW,CE,Combined TRACON& Tower with Radar,54,25,42,22,143,0,2,37,0,39,54,27,79,22,182,2,48,50,232
01/04/2018,LIT,AR,ASW,CE,Combined TRACON& Tower with Radar,62,32,65,46,205,0,2,32,0,34,62,34,97,46,239,6,48,54,293
01/05/2018,LIT,AR,ASW,CE,Combined TRACON& Tower with Radar,60,27,49,29,165,0,3,65,2,70,60,30,114,31,235,10,52,62,297
01/06/2018,LIT,AR,ASW,CE,Combined TRACON& Tower with Radar,52,19,33,73,177,0,3,53,11,67,52,22,86,84,244,12,26,38,282
01/07/2018,LIT,AR,ASW,CE,Combined TRACON& Tower with Radar,54,20,40,12,126,0,0,10,0,10,54,20,50,12,136,12,0,12,148
01/08/2018,LIT,AR,ASW,CE,Combined TRACON& Tower with Radar,55,26,54,19,154,0,0,1,0,1,55,26,55,19,155,0,56,56,211
01/09/2018,LIT,AR,ASW,CE,Combined TRACON& Tower with Radar,57,26,85,10,178,0,0,0,0,0,57,26,85,10,178,0,58,58,236
01/10/2018,LIT,AR,ASW,CE,Combined TRACON& Tower with Radar,58,27,60,3,148,0,0,0,0,0,58,27,60,3,148,6,50,56,204
01/11/2018,LIT,AR,ASW,CE,Combined TRACON& Tower with Radar,51,45,69,20,185,0,0,2,0,2,51,45,71,20,187,0,60,60,247
01/12/2018,LIT,AR,ASW,CE,Combined TRACON& Tower with Radar,57,29,68,28,182,0,3,23,2,28,57,32,91,30,210,4,56,60,270
01/13/2018,LIT,AR,ASW,CE,Combined TRACON& Tower with Radar,38,17,41,0,96,0,0,41,2,43,38,17,82,2,139,16,0,16,155
01/14/2018,LIT,AR,ASW,CE,Combined TRACON& Tower with Radar,47,17,32,2,98,0,4,33,0,37,47,21,65,2,135,18,0,18,153
01/15/2018,LIT,AR,ASW,CE,Combined TRACON& Tower with Radar,51,25,60,2,138,0,0,27,1,28,51,25,87,3,166,8,12,20,186
01/16/2018,LIT,AR,ASW,CE,Combined TRACON& Tower with Radar,51,21,43,10,125,0,2,16,0,18,51,23,59,10,143,10,6,16,159
01/17/2018,LIT,AR,ASW,CE,Combined TRACON& Tower with Radar,48,30,67,18,163,0,4,33,11,48,48,34,100,29,211,14,46,60,271
01/18/2018,LIT,AR,ASW,CE,Combined TRACON& Tower with Radar,55,21,72,10,158,0,1,31,7,39,55,22,103,17,197,0,62,62,259
01/19/2018,LIT,AR,ASW,CE,Combined TRACON& Tower with Radar,60,30,77,14,181,0,0,29,1,30,60,30,106,15,211,2,58,60,271
01/20/2018,LIT,AR,ASW,CE,Combined TRACON& Tower with Radar,47,16,43,7,113,0,2,14,0,16,47,18,57,7,129,14,58,72,201
01/21/2018,LIT,AR,ASW,CE,Combined TRACON& Tower with Radar,46,15,33,0,94,0,0,4,0,4,46,15,37,0,98,12,0,12,110
01/22/2018,LIT,AR,ASW,CE,Combined TRACON& Tower with Radar,55,41,41,12,149,0,2,22,1,25,55,43,63,13,174,0,70,70,244
01/23/2018,LIT,AR,ASW,CE,Combined TRACON& Tower with Radar,55,30,75,2,162,0,3,53,2,58,55,33,128,4,220,60,12,72,292
01/24/2018,LIT,AR,ASW,CE,Combined TRACON& Tower with Radar,58,34,69,26,187,0,1,52,7,60,58,35,121,33,247,4,18,22,269
01/25/2018,LIT,AR,ASW,CE,Combined TRACON& Tower with Radar,59,30,76,15,180,0,1,68,2,71,59,31,144,17,251,18,8,26,277
01/26/2018,LIT,AR,ASW,CE,Combined TRACON& Tower with Radar,61,31,68,24,184,0,0,27,3,30,61,31,95,27,214,22,50,72,286
01/27/2018,LIT,AR,ASW,CE,Combined TRACON& Tower with Radar,42,32,32,5,111,0,1,1,0,2,42,33,33,5,113,0,0,0,113
01/28/2018,LIT,AR,ASW,CE,Combined TRACON& Tower with Radar,49,14,27,10,100,0,3,55,2,60,49,17,82,12,160,6,0,6,166
01/29/2018,LIT,AR,ASW,CE,Combined TRACON& Tower with Radar,60,34,77,4,175,0,0,51,1,52,60,34,128,5,227,26,0,26,253
01/30/2018,LIT,AR,ASW,CE,Combined TRACON& Tower with Radar,60,27,59,22,168,0,1,42,3,46,60,28,101,25,214,0,0,0,214
01/31/2018,LIT,AR,ASW,CE,Combined TRACON& Tower with Radar,58,46,70,17,191,0,0,41,0,41,58,46,111,17,232,34,52,86,318
02/01/2018,LIT,AR,ASW,CE,Combined TRACON& Tower with Radar,59,28,89,15,191,0,0,13,6,19,59,28,102,21,210,0,80,80,290
02/02/2018,LIT,AR,ASW,CE,Combined TRACON& Tower with Radar,60,31,66,24,181,0,0,45,2,47,60,31,111,26,228,38,64,102,330
02/03/2018,LIT,AR,ASW,CE,Combined TRACON& Tower with Radar,38,26,47,0,111,0,0,24,0,24,38,26,71,0,135,12,0,12,147
02/04/2018,LIT,AR,ASW,CE,Combined TRACON& Tower with Radar,45,20,24,1,90,0,2,20,0,22,45,22,44,1,112,12,0,12,124
02/05/2018,LIT,AR,ASW,CE,Combined TRACON& Tower with Radar,55,27,68,33,183,0,1,32,6,39,55,28,100,39,222,22,44,66,288
02/06/2018,LIT,AR,ASW,CE,Combined TRACON& Tower with Radar,55,26,72,20,173,0,0,3,0,3,55,26,75,20,176,6,56,62,238
02/07/2018,LIT,AR,ASW,CE,Combined TRACON& Tower with Radar,58,27,77,46,208,0,1,13,6,20,58,28,90,52,228,18,96,114,342
02/08/2018,LIT,AR,ASW,CE,Combined TRACON& Tower with Radar,60,30,87,28,205,0,3,52,6,61,60,33,139,34,266,4,66,70,336
02/09/2018,LIT,AR,ASW,CE,Combined TRACON& Tower with Radar,59,26,104,43,232,0,4,35,2,41,59,30,139,45,273,0,74,74,347
02/10/2018,LIT,AR,ASW,CE,Combined TRACON& Tower with Radar,41,22,20,4,87,0,0,0,0,0,41,22,20,4,87,6,0,6,93
02/11/2018,LIT,AR,ASW,CE,Combined TRACON& Tower with Radar,48,24,37,9,118,0,0,3,0,3,48,24,40,9,121,12,0,12,133
02/12/2018,LIT,AR,ASW,CE,Combined TRACON& Tower with Radar,60,27,63,57,207,0,1,32,11,44,60,28,95,68,251,24,80,104,355
02/13/2018,LIT,AR,ASW,CE,Combined TRACON& Tower with Radar,56,35,61,37,189,0,0,14,0,14,56,35,75,37,203,0,66,66,269
02/14/2018,LIT,AR,ASW,CE,Combined TRACON& Tower with Radar,56,33,63,14,166,0,0,0,0,0,56,33,63,14,166,6,70,76,242
02/15/2018,LIT,AR,ASW,CE,Combined TRACON& Tower with Radar,61,35,73,38,207,0,2,14,4,20,61,37,87,42,227,60,54,114,341
02/16/2018,LIT,AR,ASW,CE,Combined TRACON& Tower with Radar,62,33,74,31,200,0,0,4,1,5,62,33,78,32,205,10,66,76,281
02/17/2018,LIT,AR,ASW,CE,Combined TRACON& Tower with Radar,38,37,25,0,100,0,0,4,0,4,38,37,29,0,104,0,0,0,104
02/18/2018,LIT,AR,ASW,CE,Combined TRACON& Tower with Radar,45,26,41,2,114,0,0,4,0,4,45,26,45,2,118,10,0,10,128
02/19/2018,LIT,AR,ASW,CE,Combined TRACON& Tower with Radar,55,37,59,4,155,0,0,10,0,10,55,37,69,4,165,10,0,10,175
02/20/2018,LIT,AR,ASW,CE,Combined TRACON& Tower with Radar,63,29,74,19,185,0,2,15,1,18,63,31,89,20,203,14,8,22,225
02/21/2018,LIT,AR,ASW,CE,Combined TRACON& Tower with Radar,59,33,35,4,131,0,0,0,0,0,59,33,35,4,131,0,0,0,131
02/22/2018,LIT,AR,ASW,CE,Combined TRACON& Tower with Radar,52,34,57,14,157,0,0,1,0,1,52,34,58,14,158,0,0,0,158
02/23/2018,LIT,AR,ASW,CE,Combined TRACON& Tower with Radar,59,35,41,26,161,0,0,1,0,1,59,35,42,26,162,0,0,0,162
02/24/2018,LIT,AR,ASW,CE,Combined TRACON& Tower with Radar,38,25,11,2,76,0,1,0,0,1,38,26,11,2,77,0,0,0,77
02/25/2018,LIT,AR,ASW,CE,Combined TRACON& Tower with Radar,50,33,40,3,126,0,3,63,1,67,50,36,103,4,193,0,0,0,193
02/26/2018,LIT,AR,ASW,CE,Combined TRACON& Tower with Radar,55,33,89,36,213,0,7,51,1,59,55,40,140,37,272,0,10,10,282
02/27/2018,LIT,AR,ASW,CE,Combined TRACON& Tower with Radar,56,32,76,24,188,0,0,30,1,31,56,32,106,25,219,14,40,54,273
02/28/2018,LIT,AR,ASW,CE,Combined TRACON& Tower with Radar,69,42,76,6,193,0,0,0,0,0,69,42,76,6,193,0,0,0,193
03/01/2018,LIT,AR,ASW,CE,Combined TRACON& Tower with Radar,60,32,82,9,183,0,3,23,3,29,60,35,105,12,212,0,72,72,284
03/02/2018,LIT,AR,ASW,CE,Combined TRACON& Tower with Radar,60,28,66,24,178,0,4,54,2,60,60,32,120,26,238,16,40,56,294
03/03/2018,LIT,AR,ASW,CE,Combined TRACON& Tower with Radar,41,24,50,9,124,0,2,42,3,47,41,26,92,12,171,16,40,56,227
03/04/2018,LIT,AR,ASW,CE,Combined TRACON& Tower with Radar,50,23,35,1,109,0,5,10,0,15,50,28,45,1,124,6,0,6,130
03/05/2018,LIT,AR,ASW,CE,Combined TRACON& Tower with Radar,57,32,74,30,193,0,1,10,4,15,57,33,84,34,208,0,72,72,280
03/06/2018,LIT,AR,ASW,CE,Combined TRACON& Tower with Radar,58,31,73,36,198,0,7,27,1,35,58,38,100,37,233,0,82,82,315
03/07/2018,LIT,AR,ASW,CE,Combined TRACON& Tower with Radar,56,25,77,39,197,0,3,61,10,74,56,28,138,49,271,26,80,106,377
03/08/2018,LIT,AR,ASW,CE,Combined TRACON& Tower with Radar,60,27,73,38,198,0,3,60,1,64,60,30,133,39,262,10,68,78,340
03/09/2018,LIT,AR,ASW,CE,Combined TRACON& Tower with Radar,65,48,85,57,255,0,5,55,3,63,65,53,140,60,318,6,78,84,402
03/10/2018,LIT,AR,ASW,CE,Combined TRACON& Tower with Radar,42,25,37,1,105,0,2,17,2,21,42,27,54,3,126,24,50,74,200
03/11/2018,LIT,AR,ASW,CE,Combined TRACON& Tower with Radar,58,31,50,2,141,0,6,16,0,22,58,37,66,2,163,14,0,14,177
03/12/2018,LIT,AR,ASW,CE,Combined TRACON& Tower with Radar,59,34,60,40,193,0,5,44,0,49,59,39,104,40,242,12,62,74,316
03/13/2018,LIT,AR,ASW,CE,Combined TRACON& Tower with Radar,64,28,77,29,198,0,8,42,4,54,64,36,119,33,252,36,88,124,376
03/14/2018,LIT,AR,ASW,CE,Combined TRACON& Tower with Radar,62,36,71,14,183,0,5,76,5,86,62,41,147,19,269,42,54,96,365
03/15/2018,LIT,AR,ASW,CE,Combined TRACON& Tower with Radar,62,42,83,11,198,0,7,47,7,61,62,49,130,18,259,32,52,84,343
03/16/2018,LIT,AR,ASW,CE,Combined TRACON& Tower with Radar,63,49,53,17,182,0,5,11,3,19,63,54,64,20,201,28,62,90,291
03/17/2018,LIT,AR,ASW,CE,Combined TRACON& Tower with Radar,44,36,40,4,124,0,4,41,10,55,44,40,81,14,179,4,72,76,255
03/18/2018,LIT,AR,ASW,CE,Combined TRACON& Tower with Radar,58,30,27,10,125,0,1,10,1,12,58,31,37,11,137,22,50,72,209
03/19/2018,LIT,AR,ASW,CE,Combined TRACON& Tower with Radar,61,32,43,47,183,0,7,16,3,26,61,39,59,50,209,0,80,80,289
03/20/2018,LIT,AR,ASW,CE,Combined TRACON& Tower with Radar,59,35,65,15,174,0,6,18,5,29,59,41,83,20,203,30,68,98,301
03/21/2018,LIT,AR,ASW,CE,Combined TRACON& Tower with Radar,61,34,55,59,209,0,3,62,8,73,61,37,117,67,282,6,72,78,360
03/22/2018,LIT,AR,ASW,CE,Combined TRACON& Tower with Radar,58,35,85,22,200,0,8,63,10,81,58,43,148,32,281,58,32,90,371
03/23/2018,LIT,AR,ASW,CE,Combined TRACON& Tower with Radar,61,31,46,13,151,0,9,34,0,43,61,40,80,13,194,14,60,74,268
03/24/2018,LIT,AR,ASW,CE,Combined TRACON& Tower with Radar,43,33,41,9,126,0,6,14,0,20,43,39,55,9,146,20,0,20,166
03/25/2018,LIT,AR,ASW,CE,Combined TRACON& Tower with Radar,57,33,54,8,152,0,2,10,2,14,57,35,64,10,166,20,0,20,186
03/26/2018,LIT,AR,ASW,CE,Combined TRACON& Tower with Radar,57,36,55,19,167,0,3,28,0,31,57,39,83,19,198,6,12,18,216
03/27/2018,LIT,AR,ASW,CE,Combined TRACON& Tower with Radar,59,37,54,20,170,0,1,3,0,4,59,38,57,20,174,0,0,0,174
03/28/2018,LIT,AR,ASW,CE,Combined TRACON& Tower with Radar,63,41,49,32,185,0,1,1,0,2,63,42,50,32,187,14,70,84,271
03/29/2018,LIT,AR,ASW,CE,Combined TRACON& Tower with Radar,65,40,92,49,246,0,2,10,2,14,65,42,102,51,260,40,36,76,336
03/30/2018,LIT,AR,ASW,CE,Combined TRACON& Tower with Radar,60,29,64,18,171,0,6,65,4,75,60,35,129,22,246,38,12,50,296
03/31/2018,LIT,AR,ASW,CE,Combined TRACON& Tower with Radar,44,24,20,0,88,0,3,28,0,31,44,27,48,0,119,32,0,32,151
04/01/2018,LIT,AR,ASW,CE,Combined TRACON& Tower with Radar,55,37,24,0,116,0,0,5,0,5,55,37,29,0,121,12,0,12,133
04/02/2018,LIT,AR,ASW,CE,Combined TRACON& Tower with Radar,58,41,70,18,187,0,2,0,0,2,58,43,70,18,189,0,98,98,287
04/03/2018,LIT,AR,ASW,CE,Combined TRACON& Tower with Radar,62,32,56,16,166,0,5,2,0,7,62,37,58,16,173,2,100,102,275
04/04/2018,LIT,AR,ASW,CE,Combined TRACON& Tower with Radar,58,38,80,24,200,0,7,62,2,71,58,45,142,26,271,6,88,94,365
04/05/2018,LIT,AR,ASW,CE,Combined TRACON& Tower with Radar,67,32,103,33,235,0,5,52,3,60,67,37,155,36,295,20,98,118,413
04/06/2018,LIT,AR,ASW,CE,Combined TRACON& Tower with Radar,56,35,38,2,131,0,2,0,0,2,56,37,38,2,133,6,92,98,231
04/07/2018,LIT,AR,ASW,CE,Combined TRACON& Tower with Radar,47,24,27,3,101,0,3,15,0,18,47,27,42,3,119,12,0,12,131
04/08/2018,LIT,AR,ASW,CE,Combined TRACON& Tower with Radar,55,26,43,3,127,0,3,26,0,29,55,29,69,3,156,12,0,12,168
04/09/2018,LIT,AR,ASW,CE,Combined TRACON& Tower with Radar,61,40,69,26,196,0,7,68,5,80,61,47,137,31,276,22,76,98,374
04/10/2018,LIT,AR,ASW,CE,Combined TRACON& Tower with Radar,57,41,70,35,203,0,8,40,4,52,57,49,110,39,255,28,88,116,371
04/11/2018,LIT,AR,ASW,CE,Combined TRACON& Tower with Radar,61,42,102,27,232,1,9,57,2,69,62,51,159,29,301,4,68,72,373
04/12/2018,LIT,AR,ASW,CE,Combined TRACON& Tower with Radar,57,39,101,23,220,0,4,46,4,54,57,43,147,27,274,6,106,112,386
04/13/2018,LIT,AR,ASW,CE,Combined TRACON& Tower with Radar,56,38,45,35,174,0,5,3,0,8,56,43,48,35,182,0,92,92,274
04/14/2018,LIT,AR,ASW,CE,Combined TRACON& Tower with Radar,50,31,26,2,109,0,4,17,0,21,50,35,43,2,130,18,0,18,148
04/15/2018,LIT,AR,ASW,CE,Combined TRACON& Tower with Radar,55,37,41,0,133,0,7,16,0,23,55,44,57,0,156,27,0,27,183
04/16/2018,LIT,AR,ASW,CE,Combined TRACON& Tower with Radar,63,35,68,41,207,0,9,41,5,55,63,44,109,46,262,20,106,126,388
04/17/2018,LIT,AR,ASW,CE,Combined TRACON& Tower with Radar,57,35,67,22,181,0,5,28,2,35,57,40,95,24,216,10,58,68,284
04/18/2018,LIT,AR,ASW,CE,Combined TRACON& Tower with Radar,61,43,99,36,239,0,10,39,2,51,61,53,138,38,290,4,90,94,384
04/19/2018,LIT,AR,ASW,CE,Combined TRACON& Tower with Radar,59,39,107,17,222,0,3,50,5,58,59,42,157,22,280,8,96,104,384
04/20/2018,LIT,AR,ASW,CE,Combined TRACON& Tower with Radar,63,41,78,50,232,0,9,60,5,74,63,50,138,55,306,32,60,92,398
04/21/2018,LIT,AR,ASW,CE,Combined TRACON& Tower with Radar,45,32,35,7,119,0,5,28,6,39,45,37,63,13,158,10,0,10,168
04/22/2018,LIT,AR,ASW,CE,Combined TRACON& Tower with Radar,50,52,49,19,170,0,0,4,4,8,50,52,53,23,178,10,4,14,192
04/23/2018,LIT,AR,ASW,CE,Combined TRACON& Tower with Radar,59,45,78,41,223,0,1,16,6,23,59,46,94,47,246,6,100,106,352
04/24/2018,LIT,AR,ASW,CE,Combined TRACON& Tower with Radar,58,44,78,33,213,0,4,43,8,55,58,48,121,41,268,6,94,100,368
04/25/2018,LIT,AR,ASW,CE,Combined TRACON& Tower with Radar,62,44,72,17,195,0,4,16,1,21,62,48,88,18,216,10,82,92,308
04/26/2018,LIT,AR,ASW,CE,Combined TRACON& Tower with Radar,62,39,84,63,248,0,6,22,4,32,62,45,106,67,280,34,114,148,428
04/27/2018,LIT,AR,ASW,CE,Combined TRACON& Tower with Radar,62,36,66,51,215,0,8,67,8,83,62,44,133,59,298,28,48,76,374
04/28/2018,LIT,AR,ASW,CE,Combined TRACON& Tower with Radar,48,25,33,8,114,0,7,46,4,57,48,32,79,12,171,10,0,10,181
04/29/2018,LIT,AR,ASW,CE,Combined TRACON& Tower with Radar,51,31,44,17,143,0,3,54,1,58,51,34,98,18,201,10,46,56,257
04/30/2018,LIT,AR,ASW,CE,Combined TRACON& Tower with Radar,59,28,66,7,160,0,11,41,1,53,59,39,107,8,213,4,0,4,217
05/01/2018,LIT,AR,ASW,CE,Combined TRACON& Tower with Radar,64,35,87,22,208,0,1,55,5,61,64,36,142,27,269,18,76,94,363
05/02/2018,LIT,AR,ASW,CE,Combined TRACON& Tower with Radar,68,33,83,17,201,0,4,20,3,27,68,37,103,20,228,0,104,104,332
05/03/2018,LIT,AR,ASW,CE,Combined TRACON& Tower with Radar,60,44,77,5,186,0,2,6,1,9,60,46,83,6,195,0,90,90,285
05/04/2018,LIT,AR,ASW,CE,Combined TRACON& Tower with Radar,68,38,65,9,180,0,1,2,0,3,68,39,67,9,183,6,96,102,285
05/05/2018,LIT,AR,ASW,CE,Combined TRACON& Tower with Radar,52,22,39,6,119,0,0,31,0,31,52,22,70,6,150,6,6,12,162
05/06/2018,LIT,AR,ASW,CE,Combined TRACON& Tower with Radar,56,42,61,15,174,0,3,29,3,35,56,45,90,18,209,12,0,12,221
05/07/2018,LIT,AR,ASW,CE,Combined TRACON& Tower with Radar,67,43,64,9,183,0,3,50,2,55,67,46,114,11,238,10,90,100,338
05/08/2018,LIT,AR,ASW,CE,Combined TRACON& Tower with Radar,66,41,66,1,174,0,2,43,3,48,66,43,109,4,222,16,84,100,322
05/09/2018,LIT,AR,ASW,CE,Combined TRACON& Tower with Radar,69,38,63,19,189,0,6,30,3,39,69,44,93,22,228,2,104,106,334
05/10/2018,LIT,AR,ASW,CE,Combined TRACON& Tower with Radar,66,43,83,27,219,0,4,72,3,79,66,47,155,30,298,10,82,92,390
05/11/2018,LIT,AR,ASW,CE,Combined TRACON& Tower with Radar,66,44,85,23,218,0,7,40,1,48,66,51,125,24,266,22,68,90,356
05/12/2018,LIT,AR,ASW,CE,Combined TRACON& Tower with Radar,53,32,59,3,147,0,3,29,0,32,53,35,88,3,179,18,0,18,197
05/13/2018,LIT,AR,ASW,CE,Combined TRACON& Tower with Radar,59,30,52,10,151,0,1,28,4,33,59,31,80,14,184,8,6,14,198
05/14/2018,LIT,AR,ASW,CE,Combined TRACON& Tower with Radar,65,30,92,18,205,0,3,38,0,41,65,33,130,18,246,4,98,102,348
05/15/2018,LIT,AR,ASW,CE,Combined TRACON& Tower with Radar,66,35,81,16,198,0,2,35,0,37,66,37,116,16,235,2,100,102,337
05/16/2018,LIT,AR,ASW,CE,Combined TRACON& Tower with Radar,66,46,92,7,211,0,4,32,1,37,66,50,124,8,248,12,98,110,358
05/17/2018,LIT,AR,ASW,CE,Combined TRACON& Tower with Radar,69,46,103,19,237,0,2,23,3,28,69,48,126,22,265,6,104,110,375
05/18/2018,LIT,AR,ASW,CE,Combined TRACON& Tower with Radar,68,37,72,30,207,0,2,31,2,35,68,39,103,32,242,14,88,102,344
05/19/2018,LIT,AR,ASW,CE,Combined TRACON& Tower with Radar,51,31,47,25,154,0,7,26,3,36,51,38,73,28,190,10,22,32,222
05/20/2018,LIT,AR,ASW,CE,Combined TRACON& Tower with Radar,57,41,45,3,146,0,1,24,0,25,57,42,69,3,171,22,0,22,193
05/21/2018,LIT,AR,ASW,CE,Combined TRACON& Tower with Radar,69,36,61,34,200,0,1,18,3,22,69,37,79,37,222,8,88,96,318
05/22/2018,LIT,AR,ASW,CE,Combined TRACON& Tower with Radar,69,36,68,8,181,0,2,22,2,26,69,38,90,10,207,0,96,96,303
05/23/2018,LIT,AR,ASW,CE,Combined TRACON& Tower with Radar,67,45,74,15,201,0,2,17,4,23,67,47,91,19,224,18,78,96,320
05/24/2018,LIT,AR,ASW,CE,Combined TRACON& Tower with Radar,62,62,65,18,207,0,6,36,0,42,62,68,101,18,249,22,76,98,347
05/25/2018,LIT,AR,ASW,CE,Combined TRACON& Tower with Radar,64,45,54,0,163,0,7,22,0,29,64,52,76,0,192,42,60,102,294
05/26/2018,LIT,AR,ASW,CE,Combined TRACON& Tower with Radar,48,33,30,0,111,0,7,13,0,20,48,40,43,0,131,10,0,10,141
05/27/2018,LIT,AR,ASW,CE,Combined TRACON& Tower with Radar,45,26,22,0,93,0,4,15,0,19,45,30,37,0,112,22,0,22,134
05/28/2018,LIT,AR,ASW,CE,Combined TRACON& Tower with Radar,56,41,38,0,135,0,2,26,0,28,56,43,64,0,163,60,38,98,261
05/29/2018,LIT,AR,ASW,CE,Combined TRACON& Tower with Radar,67,53,61,78,259,0,17,38,2,57,67,70,99,80,316,4,74,78,394
05/30/2018,LIT,AR,ASW,CE,Combined TRACON& Tower with Radar,62,43,56,43,204,0,6,34,3,43,62,49,90,46,247,0,0,0,247
05/31/2018,LIT,AR,ASW,CE,Combined TRACON& Tower with Radar,60,41,86,49,236,0,4,53,10,67,60,45,139,59,303,12,12,24,327
06/01/2018,LIT,AR,ASW,CE,Combined TRACON& Tower with Radar,66,42,77,61,246,0,4,16,1,21,66,46,93,62,267,18,88,106,373
06/02/2018,LIT,AR,ASW,CE,Combined TRACON& Tower with Radar,47,29,26,20,122,0,3,15,1,19,47,32,41,21,141,12,0,12,153
06/03/2018,LIT,AR,ASW,CE,Combined TRACON& Tower with Radar,55,36,51,41,183,0,13,32,4,49,55,49,83,45,232,32,20,52,284
06/04/2018,LIT,AR,ASW,CE,Combined TRACON& Tower with Radar,64,35,67,33,199,0,12,64,0,76,64,47,131,33,275,0,114,114,389
06/05/2018,LIT,AR,ASW,CE,Combined TRACON& Tower with Radar,65,33,80,76,254,0,5,43,1,49,65,38,123,77,303,4,102,106,409
06/06/2018,LIT,AR,ASW,CE,Combined TRACON& Tower with Radar,75,36,75,18,204,0,8,43,1,52,75,44,118,19,256,20,78,98,354
06/07/2018,LIT,AR,ASW,CE,Combined TRACON& Tower with Radar,83,29,77,29,218,0,8,49,7,64,83,37,126,36,282,8,104,112,394
06/08/2018,LIT,AR,ASW,CE,Combined TRACON& Tower with Radar,80,26,61,18,185,0,3,50,1,54,80,29,111,19,239,12,98,110,349
06/09/2018,LIT,AR,ASW,CE,Combined TRACON& Tower with Radar,64,22,26,21,133,0,4,27,0,31,64,26,53,21,164,30,0,30,194
06/10/2018,LIT,AR,ASW,CE,Combined TRACON& Tower with Radar,64,30,60,6,160,0,7,28,7,42,64,37,88,13,202,0,0,0,202
06/11/2018,LIT,AR,ASW,CE,Combined TRACON& Tower with Radar,77,29,53,30,189,0,12,19,0,31,77,41,72,30,220,4,108,112,332
06/12/2018,LIT,AR,ASW,CE,Combined TRACON& Tower with Radar,77,29,78,31,215,0,6,30,7,43,77,35,108,38,258,26,92,118,376
06/13/2018,LIT,AR,ASW,CE,Combined TRACON& Tower with Radar,88,22,57,17,184,0,2,31,2,35,88,24,88,19,219,24,82,106,325
06/14/2018,LIT,AR,ASW,CE,Combined TRACON& Tower with Radar,80,38,78,27,223,0,2,45,5,52,80,40,123,32,275,16,90,106,381
06/15/2018,LIT,AR,ASW,CE,Combined TRACON& Tower with Radar,77,33,84,44,238,0,7,41,5,53,77,40,125,49,291,26,90,116,407
06/16/2018,LIT,AR,ASW,CE,Combined TRACON& Tower with Radar,63,28,42,9,142,0,0,40,1,41,63,28,82,10,183,30,0,30,213
06/17/2018,LIT,AR,ASW,CE,Combined TRACON& Tower with Radar,69,29,37,6,141,0,6,27,0,33,69,35,64,6,174,32,0,32,206
06/18/2018,LIT,AR,ASW,CE,Combined TRACON& Tower with Radar,72,37,82,13,204,0,6,53,0,59,72,43,135,13,263,2,100,102,365
06/19/2018,LIT,AR,ASW,CE,Combined TRACON& Tower with Radar,68,32,87,31,218,0,4,28,5,37,68,36,115,36,255,0,104,104,359
06/20/2018,LIT,AR,ASW,CE,Combined TRACON& Tower with Radar,75,28,90,25,218,0,0,7,1,8,75,28,97,26,226,0,104,104,330
06/21/2018,LIT,AR,ASW,CE,Combined TRACON& Tower with Radar,76,25,74,17,192,0,5,22,4,31,76,30,96,21,223,20,84,104,327
06/22/2018,LIT,AR,ASW,CE,Combined TRACON& Tower with Radar,82,33,84,25,224,0,5,38,2,45,82,38,122,27,269,2,118,120,389
06/23/2018,LIT,AR,ASW,CE,Combined TRACON& Tower with Radar,66,27,36,11,140,0,5,37,0,42,66,32,73,11,182,12,0,12,194
06/24/2018,LIT,AR,ASW,CE,Combined TRACON& Tower with Radar,70,21,45,6,142,0,2,13,1,16,70,23,58,7,158,36,18,54,212
06/25/2018,LIT,AR,ASW,CE,Combined TRACON& Tower with Radar,77,23,61,32,193,0,10,44,5,59,77,33,105,37,252,22,98,120,372
06/26/2018,LIT,AR,ASW,CE,Combined TRACON& Tower with Radar,81,35,61,19,196,0,11,37,1,49,81,46,98,20,245,8,22,30,275
06/27/2018,LIT,AR,ASW,CE,Combined TRACON& Tower with Radar,87,35,116,21,259,0,8,36,22,66,87,43,152,43,325,12,40,52,377
06/28/2018,LIT,AR,ASW,CE,Combined TRACON& Tower with Radar,83,26,89,31,229,0,13,53,1,67,83,39,142,32,296,4,14,18,314
06/29/2018,LIT,AR,ASW,CE,Combined TRACON& Tower with Radar,95,26,68,15,204,0,7,40,1,48,95,33,108,16,252,6,20,26,278
06/30/2018,LIT,AR,ASW,CE,Combined TRACON& Tower with Radar,64,25,32,46,167,0,10,30,3,43,64,35,62,49,210,6,60,66,276
07/01/2018,LIT,AR,ASW,CE,Combined TRACON& Tower with Radar,64,22,33,10,129,0,3,21,2,26,64,25,54,12,155,0,0,0,155
07/02/2018,LIT,AR,ASW,CE,Combined TRACON& Tower with Radar,71,21,63,35,190,1,5,30,1,37,72,26,93,36,227,0,100,100,327
07/03/2018,LIT,AR,ASW,CE,Combined TRACON& Tower with Radar,63,28,53,29,173,0,3,22,2,27,63,31,75,31,200,10,76,86,286
07/04/2018,LIT,AR,ASW,CE,Combined TRACON& Tower with Radar,56,16,15,5,92,0,5,17,0,22,56,21,32,5,114,0,0,0,114
07/05/2018,LIT,AR,ASW,CE,Combined TRACON& Tower with Radar,62,20,41,1,124,0,4,44,0,48,62,24,85,1,172,0,68,68,240
07/06/2018,LIT,AR,ASW,CE,Combined TRACON& Tower with Radar,71,22,43,9,145,0,3,34,1,38,71,25,77,10,183,10,96,106,289
07/07/2018,LIT,AR,ASW,CE,Combined TRACON& Tower with Radar,66,21,25,2,114,0,8,35,0,43,66,29,60,2,157,12,0,12,169
07/08/2018,LIT,AR,ASW,CE,Combined TRACON& Tower with Radar,66,18,57,1,142,0,4,26,1,31,66,22,83,2,173,22,0,22,195
07/09/2018,LIT,AR,ASW,CE,Combined TRACON& Tower with Radar,83,28,65,40,216,0,3,32,0,35,83,31,97,40,251,8,102,110,361
07/10/2018,LIT,AR,ASW,CE,Combined TRACON& Tower with Radar,77,27,78,9,191,0,3,42,1,46,77,30,120,10,237,0,120,120,357
07/11/2018,LIT,AR,ASW,CE,Combined TRACON& Tower with Radar,83,23,73,48,227,0,3,44,7,54,83,26,117,55,281,8,98,106,387
07/12/2018,LIT,AR,ASW,CE,Combined TRACON& Tower with Radar,77,45,66,30,218,0,0,33,12,45,77,45,99,42,263,2,110,112,375
07/13/2018,LIT,AR,ASW,CE,Combined TRACON& Tower with Radar,81,23,69,45,218,0,1,37,1,39,81,24,106,46,257,14,96,110,367
07/14/2018,LIT,AR,ASW,CE,Combined TRACON& Tower with Radar,68,21,30,38,157,0,3,45,6,54,68,24,75,44,211,6,44,50,261
07/15/2018,LIT,AR,ASW,CE,Combined TRACON& Tower with Radar,71,23,48,25,167,0,0,25,4,29,71,23,73,29,196,12,0,12,208
07/16/2018,LIT,AR,ASW,CE,Combined TRACON& Tower with Radar,79,29,54,10,172,0,2,29,2,33,79,31,83,12,205,6,102,108,313
07/17/2018,LIT,AR,ASW,CE,Combined TRACON& Tower with Radar,75,30,72,7,184,0,5,30,0,35,75,35,102,7,219,0,112,112,331
07/18/2018,LIT,AR,ASW,CE,Combined TRACON& Tower with Radar,93,35,68,32,228,0,3,15,0,18,93,38,83,32,246,14,90,104,350
07/19/2018,LIT,AR,ASW,CE,Combined TRACON& Tower with Radar,76,27,95,29,227,0,0,38,6,44,76,27,133,35,271,0,144,144,415
07/20/2018,LIT,AR,ASW,CE,Combined TRACON& Tower with Radar,78,24,40,10,152,0,0,43,2,45,78,24,83,12,197,34,84,118,315
07/21/2018,LIT,AR,ASW,CE,Combined TRACON& Tower with Radar,69,14,27,47,157,0,5,20,3,28,69,19,47,50,185,12,0,12,197
07/22/2018,LIT,AR,ASW,CE,Combined TRACON& Tower with Radar,66,20,48,6,140,0,8,28,5,41,66,28,76,11,181,16,112,128,309
07/23/2018,LIT,AR,ASW,CE,Combined TRACON& Tower with Radar,77,30,56,54,217,0,2,33,4,39,77,32,89,58,256,12,104,116,372
07/24/2018,LIT,AR,ASW,CE,Combined TRACON& Tower with Radar,76,25,67,47,215,0,6,48,3,57,76,31,115,50,272,18,92,110,382
07/25/2018,LIT,AR,ASW,CE,Combined TRACON& Tower with Radar,80,37,69,14,200,0,7,34,4,45,80,44,103,18,245,0,108,108,353
07/26/2018,LIT,AR,ASW,CE,Combined TRACON& Tower with Radar,73,24,68,20,185,0,6,54,9,69,73,30,122,29,254,8,126,134,388
07/27/2018,LIT,AR,ASW,CE,Combined TRACON& Tower with Radar,82,38,59,55,234,0,3,29,2,34,82,41,88,57,268,12,106,118,386
07/28/2018,LIT,AR,ASW,CE,Combined TRACON& Tower with Radar,68,16,21,10,115,0,4,13,0,17,68,20,34,10,132,12,6,18,150
07/29/2018,LIT,AR,ASW,CE,Combined TRACON& Tower with Radar,64,26,46,8,144,0,1,13,1,15,64,27,59,9,159,18,0,18,177
07/30/2018,LIT,AR,ASW,CE,Combined TRACON& Tower with Radar,76,27,49,9,161,0,1,19,0,20,76,28,68,9,181,18,114,132,313
07/31/2018,LIT,AR,ASW,CE,Combined TRACON& Tower with Radar,80,31,56,34,201,0,1,16,1,18,80,32,72,35,219,28,140,168,387
08/01/2018,LIT,AR,ASW,CE,Combined TRACON& Tower with Radar,79,32,56,13,180,0,13,57,2,72,79,45,113,15,252,56,60,116,368
08/02/2018,LIT,AR,ASW,CE,Combined TRACON& Tower with Radar,74,32,64,18,188,0,0,54,0,54,74,32,118,18,242,26,88,114,356
08/03/2018,LIT,AR,ASW,CE,Combined TRACON& Tower with Radar,79,23,51,29,182,0,7,52,1,60,79,30,103,30,242,82,78,160,402
08/04/2018,LIT,AR,ASW,CE,Combined TRACON& Tower with Radar,66,20,34,3,123,0,2,42,0,44,66,22,76,3,167,4,0,4,171
08/05/2018,LIT,AR,ASW,CE,Combined TRACON& Tower with Radar,66,32,56,0,154,0,2,28,0,30,66,34,84,0,184,20,0,20,204
08/06/2018,LIT,AR,ASW,CE,Combined TRACON& Tower with Radar,76,25,52,2,155,0,3,30,2,35,76,28,82,4,190,2,98,100,290
08/07/2018,LIT,AR,ASW,CE,Combined TRACON& Tower with Radar,76,29,61,13,179,0,1,49,4,54,76,30,110,17,233,12,80,92,325
08/08/2018,LIT,AR,ASW,CE,Combined TRACON& Tower with Radar,77,36,39,6,158,0,0,5,2,7,77,36,44,8,165,24,90,114,279
08/09/2018,LIT,AR,ASW,CE,Combined TRACON& Tower with Radar,80,32,79,0,191,0,3,10,0,13,80,35,89,0,204,0,112,112,316
08/10/2018,LIT,AR,ASW,CE,Combined TRACON& Tower with Radar,81,37,69,40,227,0,4,41,3,48,81,41,110,43,275,64,84,148,423
08/11/2018,LIT,AR,ASW,CE,Combined TRACON& Tower with Radar,64,20,25,9,118,0,4,27,4,35,64,24,52,13,153,0,0,0,153
08/12/2018,LIT,AR,ASW,CE,Combined TRACON& Tower with Radar,69,18,27,0,114,0,4,10,2,16,69,22,37,2,130,0,0,0,130
08/13/2018,LIT,AR,ASW,CE,Combined TRACON& Tower with Radar,72,30,58,20,180,0,2,7,0,9,72,32,65,20,189,14,100,114,303
08/14/2018,LIT,AR,ASW,CE,Combined TRACON& Tower with Radar,76,31,51,11,169,0,0,16,4,20,76,31,67,15,189,78,80,158,347
08/15/2018,LIT,AR,ASW,CE,Combined TRACON& Tower with Radar,76,33,68,25,202,0,2,40,2,44,76,35,108,27,246,12,104,116,362
08/16/2018,LIT,AR,ASW,CE,Combined TRACON& Tower with Radar,78,36,85,3,202,0,0,69,1,70,78,36,154,4,272,32,72,104,376
08/17/2018,LIT,AR,ASW,CE,Combined TRACON& Tower with Radar,77,33,48,12,170,0,5,5,0,10,77,38,53,12,180,10,96,106,286
08/18/2018,LIT,AR,ASW,CE,Combined TRACON& Tower with Radar,58,20,18,18,114,0,4,14,2,20,58,24,32,20,134,4,14,18,152
08/19/2018,LIT,AR,ASW,CE,Combined TRACON& Tower with Radar,66,29,25,20,140,0,0,9,0,9,66,29,34,20,149,6,0,6,155
08/20/2018,LIT,AR,ASW,CE,Combined TRACON& Tower with Radar,70,32,68,39,209,0,3,17,2,22,70,35,85,41,231,0,118,118,349
08/21/2018,LIT,AR,ASW,CE,Combined TRACON& Tower with Radar,73,33,81,39,226,0,0,51,3,54,73,33,132,42,280,94,110,204,484
08/22/2018,LIT,AR,ASW,CE,Combined TRACON& Tower with Radar,76,40,85,28,229,0,1,40,3,44,76,41,125,31,273,32,64,96,369
08/23/2018,LIT,AR,ASW,CE,Combined TRACON& Tower with Radar,72,27,87,23,209,0,2,55,2,59,72,29,142,25,268,58,56,114,382
08/24/2018,LIT,AR,ASW,CE,Combined TRACON& Tower with Radar,71,32,70,17,190,0,1,62,0,63,71,33,132,17,253,0,110,110,363
08/25/2018,LIT,AR,ASW,CE,Combined TRACON& Tower with Radar,50,26,29,17,122,0,2,40,2,44,50,28,69,19,166,8,96,104,270
08/26/2018,LIT,AR,ASW,CE,Combined TRACON& Tower with Radar,62,26,27,7,122,0,3,33,0,36,62,29,60,7,158,0,0,0,158
08/27/2018,LIT,AR,ASW,CE,Combined TRACON& Tower with Radar,72,29,72,20,193,0,4,47,3,54,72,33,119,23,247,20,76,96,343
08/28/2018,LIT,AR,ASW,CE,Combined TRACON& Tower with Radar,71,29,63,20,183,0,1,28,2,31,71,30,91,22,214,2,122,124,338
08/29/2018,LIT,AR,ASW,CE,Combined TRACON& Tower with Radar,74,48,86,19,227,0,0,9,1,10,74,48,95,20,237,48,68,116,353
08/30/2018,LIT,AR,ASW,CE,Combined TRACON& Tower with Radar,73,34,89,13,209,0,0,30,2,32,73,34,119,15,241,4,12,16,257
08/31/2018,LIT,AR,ASW,CE,Combined TRACON& Tower with Radar,71,32,66,5,174,0,5,36,0,41,71,37,102,5,215,12,0,12,227
09/01/2018,LIT,AR,ASW,CE,Combined TRACON& Tower with Radar,46,24,47,0,117,0,6,26,0,32,46,30,73,0,149,0,0,0,149
09/02/2018,LIT,AR,ASW,CE,Combined TRACON& Tower with Radar,46,16,25,0,87,0,2,13,0,15,46,18,38,0,102,0,0,0,102
09/03/2018,LIT,AR,ASW,CE,Combined TRACON& Tower with Radar,66,21,38,0,125,0,2,21,0,23,66,23,59,0,148,22,0,22,170
09/04/2018,LIT,AR,ASW,CE,Combined TRACON& Tower with Radar,72,35,63,31,201,0,0,37,7,44,72,35,100,38,245,26,74,100,345
09/05/2018,LIT,AR,ASW,CE,Combined TRACON& Tower with Radar,72,36,78,59,245,0,4,38,1,43,72,40,116,60,288,0,112,112,400
09/06/2018,LIT,AR,ASW,CE,Combined TRACON& Tower with Radar,68,28,55,14,165,0,0,0,0,0,68,28,55,14,165,0,102,102,267
09/07/2018,LIT,AR,ASW,CE,Combined TRACON& Tower with Radar,67,29,43,14,153,0,1,0,0,1,67,30,43,14,154,0,104,104,258
09/08/2018,LIT,AR,ASW,CE,Combined TRACON& Tower with Radar,56,23,34,1,114,0,0,1,1,2,56,23,35,2,116,12,0,12,128
09/09/2018,LIT,AR,ASW,CE,Combined TRACON& Tower with Radar,64,33,28,0,125,0,3,5,2,10,64,36,33,2,135,20,0,20,155
09/10/2018,LIT,AR,ASW,CE,Combined TRACON& Tower with Radar,72,35,74,49,230,0,0,32,3,35,72,35,106,52,265,4,90,94,359
09/11/2018,LIT,AR,ASW,CE,Combined TRACON& Tower with Radar,72,35,90,25,222,0,3,52,3,58,72,38,142,28,280,6,86,92,372
09/12/2018,LIT,AR,ASW,CE,Combined TRACON& Tower with Radar,73,45,78,14,210,0,3,8,0,11,73,48,86,14,221,6,90,96,317
09/13/2018,LIT,AR,ASW,CE,Combined TRACON& Tower with Radar,73,35,84,47,239,0,5,63,8,76,73,40,147,55,315,18,76,94,409
09/14/2018,LIT,AR,ASW,CE,Combined TRACON& Tower with Radar,75,33,85,32,225,0,5,66,2,73,75,38,151,34,298,0,104,104,402
09/15/2018,LIT,AR,ASW,CE,Combined TRACON& Tower with Radar,52,26,40,6,124,0,2,40,4,46,52,28,80,10,170,12,0,12,182
09/16/2018,LIT,AR,ASW,CE,Combined TRACON& Tower with Radar,59,33,58,9,159,0,2,45,4,51,59,35,103,13,210,24,0,24,234
09/17/2018,LIT,AR,ASW,CE,Combined TRACON& Tower with Radar,74,34,70,42,220,0,2,44,3,49,74,36,114,45,269,64,52,116,385
09/18/2018,LIT,AR,ASW,CE,Combined TRACON& Tower with Radar,70,35,67,38,210,0,4,53,4,61,70,39,120,42,271,30,84,114,385
09/19/2018,LIT,AR,ASW,CE,Combined TRACON& Tower with Radar,76,45,88,12,221,0,1,58,6,65,76,46,146,18,286,38,64,102,388
09/20/2018,LIT,AR,ASW,CE,Combined TRACON& Tower with Radar,74,41,80,26,221,0,2,67,11,80,74,43,147,37,301,6,88,94,395
09/21/2018,LIT,AR,ASW,CE,Combined TRACON& Tower with Radar,74,31,73,14,192,0,1,16,0,17,74,32,89,14,209,0,88,88,297
09/22/2018,LIT,AR,ASW,CE,Combined TRACON& Tower with Radar,56,27,27,1,111,0,0,0,0,0,56,27,27,1,111,24,0,24,135
09/23/2018,LIT,AR,ASW,CE,Combined TRACON& Tower with Radar,66,32,38,0,136,0,0,0,0,0,66,32,38,0,136,0,0,0,136
09/24/2018,LIT,AR,ASW,CE,Combined TRACON& Tower with Radar,73,31,68,1,173,0,5,4,0,9,73,36,72,1,182,0,46,46,228
09/25/2018,LIT,AR,ASW,CE,Combined TRACON& Tower with Radar,70,42,104,42,258,0,5,32,4,41,70,47,136,46,299,10,46,56,355
09/26/2018,LIT,AR,ASW,CE,Combined TRACON& Tower with Radar,76,45,117,14,252,0,1,13,4,18,76,46,130,18,270,4,12,16,286
09/27/2018,LIT,AR,ASW,CE,Combined TRACON& Tower with Radar,70,41,99,20,230,0,7,6,0,13,70,48,105,20,243,50,40,90,333
09/28/2018,LIT,AR,ASW,CE,Combined TRACON& Tower with Radar,78,31,104,62,275,0,4,22,0,26,78,35,126,62,301,36,74,110,411
09/29/2018,LIT,AR,ASW,CE,Combined TRACON& Tower with Radar,57,25,48,8,138,0,2,19,0,21,57,27,67,8,159,32,28,60,219
09/30/2018,LIT,AR,ASW,CE,Combined TRACON& Tower with Radar,63,39,66,28,196,0,3,23,3,29,63,42,89,31,225,0,0,0,225
10/01/2018,LIT,AR,ASW,CE,Combined TRACON& Tower with Radar,74,35,61,8,178,0,3,24,0,27,74,38,85,8,205,0,0,0,205
10/02/2018,LIT,AR,ASW,CE,Combined TRACON& Tower with Radar,72,51,84,22,229,0,1,31,5,37,72,52,115,27,266,0,6,6,272
10/03/2018,LIT,AR,ASW,CE,Combined TRACON& Tower with Radar,74,30,92,17,213,0,3,47,4,54,74,33,139,21,267,0,0,0,267
10/04/2018,LIT,AR,ASW,CE,Combined TRACON& Tower with Radar,74,39,86,12,211,0,1,38,3,42,74,40,124,15,253,0,0,0,253
10/05/2018,LIT,AR,ASW,CE,Combined TRACON& Tower with Radar,73,31,76,23,203,0,4,55,1,60,73,35,131,24,263,0,0,0,263
10/06/2018,LIT,AR,ASW,CE,Combined TRACON& Tower with Radar,49,21,37,5,112,0,5,43,4,52,49,26,80,9,164,0,0,0,164
10/07/2018,LIT,AR,ASW,CE,Combined TRACON& Tower with Radar,61,23,40,2,126,0,2,10,1,13,61,25,50,3,139,0,0,0,139
10/08/2018,LIT,AR,ASW,CE,Combined TRACON& Tower with Radar,81,27,63,0,171,0,5,42,7,54,81,32,105,7,225,0,0,0,225
10/09/2018,LIT,AR,ASW,CE,Combined TRACON& Tower with Radar,86,34,74,44,238,0,1,17,5,23,86,35,91,49,261,0,0,0,261
10/10/2018,LIT,AR,ASW,CE,Combined TRACON& Tower with Radar,73,40,66,23,202,0,4,24,9,37,73,44,90,32,239,0,0,0,239
10/11/2018,LIT,AR,ASW,CE,Combined TRACON& Tower with Radar,70,37,80,46,233,0,4,69,27,100,70,41,149,73,333,24,50,74,407
10/12/2018,LIT,AR,ASW,CE,Combined TRACON& Tower with Radar,75,44,70,24,213,0,2,33,0,35,75,46,103,24,248,58,10,68,316
10/13/2018,LIT,AR,ASW,CE,Combined TRACON& Tower with Radar,46,22,29,0,97,0,0,2,0,2,46,22,31,0,99,0,0,0,99
10/14/2018,LIT,AR,ASW,CE,Combined TRACON& Tower with Radar,59,23,54,2,138,0,0,2,0,2,59,23,56,2,140,0,0,0,140
10/15/2018,LIT,AR,ASW,CE,Combined TRACON& Tower with Radar,75,32,68,10,185,0,0,2,0,2,75,32,70,10,187,2,0,2,189
10/16/2018,LIT,AR,ASW,CE,Combined TRACON& Tower with Radar,73,35,70,18,196,0,0,9,0,9,73,35,79,18,205,0,32,32,237
10/17/2018,LIT,AR,ASW,CE,Combined TRACON& Tower with Radar,74,28,102,16,220,0,3,43,0,46,74,31,145,16,266,14,22,36,302
10/18/2018,LIT,AR,ASW,CE,Combined TRACON& Tower with Radar,71,27,82,28,208,0,3,48,8,59,71,30,130,36,267,48,18,66,333
10/19/2018,LIT,AR,ASW,CE,Combined TRACON& Tower with Radar,75,39,91,6,211,0,3,21,2,26,75,42,112,8,237,10,0,10,247
10/20/2018,LIT,AR,ASW,CE,Combined TRACON& Tower with Radar,48,27,50,19,144,0,8,37,4,49,48,35,87,23,193,0,0,0,193
10/21/2018,LIT,AR,ASW,CE,Combined TRACON& Tower with Radar,62,31,41,5,139,0,7,53,4,64,62,38,94,9,203,0,0,0,203
10/22/2018,LIT,AR,ASW,CE,Combined TRACON& Tower with Radar,74,34,85,27,220,0,1,52,2,55,74,35,137,29,275,26,38,64,339
10/23/2018,LIT,AR,ASW,CE,Combined TRACON& Tower with Radar,72,40,88,48,248,0,2,57,8,67,72,42,145,56,315,10,28,38,353
10/24/2018,LIT,AR,ASW,CE,Combined TRACON& Tower with Radar,74,42,71,31,218,0,0,52,8,60,74,42,123,39,278,6,44,50,328
10/25/2018,LIT,AR,ASW,CE,Combined TRACON& Tower with Radar,72,49,88,13,222,0,0,0,0,0,72,49,88,13,222,0,0,0,222
10/26/2018,LIT,AR,ASW,CE,Combined TRACON& Tower with Radar,74,39,85,29,227,0,3,25,0,28,74,42,110,29,255,8,12,20,275
10/27/2018,LIT,AR,ASW,CE,Combined TRACON& Tower with Radar,49,25,38,7,119,0,2,42,1,45,49,27,80,8,164,12,0,12,176
10/28/2018,LIT,AR,ASW,CE,Combined TRACON& Tower with Radar,55,36,46,2,139,0,1,37,1,39,55,37,83,3,178,4,0,4,182
10/29/2018,LIT,AR,ASW,CE,Combined TRACON& Tower with Radar,69,30,82,52,233,0,4,68,8,80,69,34,150,60,313,12,76,88,401
10/30/2018,LIT,AR,ASW,CE,Combined TRACON& Tower with Radar,64,41,95,15,215,0,2,29,3,34,64,43,124,18,249,4,18,22,271
10/31/2018,LIT,AR,ASW,CE,Combined TRACON& Tower with Radar,59,37,37,26,159,0,0,0,0,0,59,37,37,26,159,0,0,0,159
11/01/2018,LIT,AR,ASW,CE,Combined TRACON& Tower with Radar,63,46,88,40,237,0,0,2,0,2,63,46,90,40,239,6,4,10,249
11/02/2018,LIT,AR,ASW,CE,Combined TRACON& Tower with Radar,69,41,73,57,240,0,5,34,6,45,69,46,107,63,285,24,26,50,335
11/03/2018,LIT,AR,ASW,CE,Combined TRACON& Tower with Radar,45,21,24,12,102,0,3,34,3,40,45,24,58,15,142,42,8,50,192
11/04/2018,LIT,AR,ASW,CE,Combined TRACON& Tower with Radar,58,36,48,13,155,0,4,13,7,24,58,40,61,20,179,2,0,2,181
11/05/2018,LIT,AR,ASW,CE,Combined TRACON& Tower with Radar,70,43,71,16,200,0,0,2,0,2,70,43,73,16,202,0,0,0,202
11/06/2018,LIT,AR,ASW,CE,Combined TRACON& Tower with Radar,66,80,64,41,251,0,0,28,4,32,66,80,92,45,283,8,24,32,315
11/07/2018,LIT,AR,ASW,CE,Combined TRACON& Tower with Radar,65,49,93,29,236,0,0,10,4,14,65,49,103,33,250,12,10,22,272
11/08/2018,LIT,AR,ASW,CE,Combined TRACON& Tower with Radar,73,36,86,69,264,0,1,20,0,21,73,37,106,69,285,0,22,22,307
11/09/2018,LIT,AR,ASW,CE,Combined TRACON& Tower with Radar,81,41,79,74,275,0,2,27,6,35,81,43,106,80,310,0,24,24,334
11/10/2018,LIT,AR,ASW,CE,Combined TRACON& Tower with Radar,49,23,36,3,111,0,4,34,0,38,49,27,70,3,149,15,0,15,164
11/11/2018,LIT,AR,ASW,CE,Combined TRACON& Tower with Radar,59,29,45,0,133,0,3,40,0,43,59,32,85,0,176,6,0,6,182
11/12/2018,LIT,AR,ASW,CE,Combined TRACON& Tower with Radar,71,37,44,5,157,0,0,3,0,3,71,37,47,5,160,0,0,0,160
11/13/2018,LIT,AR,ASW,CE,Combined TRACON& Tower with Radar,74,42,62,69,247,0,3,34,8,45,74,45,96,77,292,6,48,54,346
11/14/2018,LIT,AR,ASW,CE,Combined TRACON& Tower with Radar,71,33,60,27,191,0,3,12,0,15,71,36,72,27,206,22,10,32,238
11/15/2018,LIT,AR,ASW,CE,Combined TRACON& Tower with Radar,69,39,93,43,244,0,3,49,9,61,69,42,142,52,305,26,22,48,353
11/16/2018,LIT,AR,ASW,CE,Combined TRACON& Tower with Radar,75,34,86,21,216,0,3,51,4,58,75,37,137,25,274,22,22,44,318
11/17/2018,LIT,AR,ASW,CE,Combined TRACON& Tower with Radar,57,32,32,7,128,0,3,42,0,45,57,35,74,7,173,0,0,0,173
11/18/2018,LIT,AR,ASW,CE,Combined TRACON& Tower with Radar,58,50,42,14,164,0,0,1,0,1,58,50,43,14,165,0,0,0,165
11/19/2018,LIT,AR,ASW,CE,Combined TRACON& Tower with Radar,69,44,65,23,201,0,4,14,1,19,69,48,79,24,220,2,12,14,234
11/20/2018,LIT,AR,ASW,CE,Combined TRACON& Tower with Radar,66,37,54,36,193,0,1,56,4,61,66,38,110,40,254,12,18,30,284
11/21/2018,LIT,AR,ASW,CE,Combined TRACON& Tower with Radar,77,40,75,5,197,0,4,45,0,49,77,44,120,5,246,0,0,0,246
11/22/2018,LIT,AR,ASW,CE,Combined TRACON& Tower with Radar,31,25,13,0,69,0,4,24,0,28,31,29,37,0,97,0,0,0,97
11/23/2018,LIT,AR,ASW,CE,Combined TRACON& Tower with Radar,49,30,36,0,115,0,1,2,0,3,49,31,38,0,118,0,0,0,118
11/24/2018,LIT,AR,ASW,CE,Combined TRACON& Tower with Radar,69,26,31,0,126,0,0,33,0,33,69,26,64,0,159,0,0,0,159
11/25/2018,LIT,AR,ASW,CE,Combined TRACON& Tower with Radar,63,39,55,0,157,0,5,4,2,11,63,44,59,2,168,0,0,0,168
11/26/2018,LIT,AR,ASW,CE,Combined TRACON& Tower with Radar,72,30,70,12,184,0,4,23,15,42,72,34,93,27,226,0,0,0,226
11/27/2018,LIT,AR,ASW,CE,Combined TRACON& Tower with Radar,72,44,75,26,217,0,4,44,3,51,72,48,119,29,268,0,0,0,268
11/28/2018,LIT,AR,ASW,CE,Combined TRACON& Tower with Radar,65,32,67,28,192,0,3,52,2,57,65,35,119,30,249,8,0,8,257
11/29/2018,LIT,AR,ASW,CE,Combined TRACON& Tower with Radar,71,38,75,19,203,0,3,18,0,21,71,41,93,19,224,4,0,4,228
11/30/2018,LIT,AR,ASW,CE,Combined TRACON& Tower with Radar,73,29,57,27,186,0,1,2,3,6,73,30,59,30,192,0,18,18,210
12/01/2018,LIT,AR,ASW,CE,Combined TRACON& Tower with Radar,51,24,22,16,113,0,4,15,2,21,51,28,37,18,134,16,0,16,150
12/02/2018,LIT,AR,ASW,CE,Combined TRACON& Tower with Radar,60,34,48,11,153,0,3,31,0,34,60,37,79,11,187,0,0,0,187
12/03/2018,LIT,AR,ASW,CE,Combined TRACON& Tower with Radar,69,32,71,18,190,0,3,39,5,47,69,35,110,23,237,16,14,30,267
12/04/2018,LIT,AR,ASW,CE,Combined TRACON& Tower with Radar,62,40,91,4,197,0,1,33,2,36,62,41,124,6,233,8,0,8,241
12/05/2018,LIT,AR,ASW,CE,Combined TRACON& Tower with Radar,65,39,94,4,202,0,2,72,0,74,65,41,166,4,276,16,0,16,292
12/06/2018,LIT,AR,ASW,CE,Combined TRACON& Tower with Radar,69,35,89,6,199,0,2,12,2,16,69,37,101,8,215,2,0,2,217
12/07/2018,LIT,AR,ASW,CE,Combined TRACON& Tower with Radar,71,41,49,3,164,0,0,0,0,0,71,41,49,3,164,0,0,0,164
12/08/2018,LIT,AR,ASW,CE,Combined TRACON& Tower with Radar,45,24,16,0,85,0,0,0,0,0,45,24,16,0,85,0,0,0,85
12/09/2018,LIT,AR,ASW,CE,Combined TRACON& Tower with Radar,53,35,58,2,148,0,0,31,0,31,53,35,89,2,179,0,0,0,179
12/10/2018,LIT,AR,ASW,CE,Combined TRACON& Tower with Radar,64,31,72,11,178,0,8,38,1,47,64,39,110,12,225,10,4,14,239
12/11/2018,LIT,AR,ASW,CE,Combined TRACON& Tower with Radar,66,32,75,25,198,0,1,47,6,54,66,33,122,31,252,18,30,48,300
12/12/2018,LIT,AR,ASW,CE,Combined TRACON& Tower with Radar,71,27,89,16,203,0,1,15,4,20,71,28,104,20,223,22,4,26,249
12/13/2018,LIT,AR,ASW,CE,Combined TRACON& Tower with Radar,70,38,72,2,182,0,0,0,0,0,70,38,72,2,182,0,0,0,182
12/14/2018,LIT,AR,ASW,CE,Combined TRACON& Tower with Radar,72,34,42,3,151,0,0,0,0,0,72,34,42,3,151,0,0,0,151
12/15/2018,LIT,AR,ASW,CE,Combined TRACON& Tower with Radar,47,23,61,3,134,0,0,1,0,1,47,23,62,3,135,0,0,0,135
12/16/2018,LIT,AR,ASW,CE,Combined TRACON& Tower with Radar,59,31,42,5,137,0,4,31,3,38,59,35,73,8,175,2,4,6,181
12/17/2018,LIT,AR,ASW,CE,Combined TRACON& Tower with Radar,68,43,66,13,190,0,1,41,1,43,68,44,107,14,233,2,16,18,251
12/18/2018,LIT,AR,ASW,CE,Combined TRACON& Tower with Radar,67,37,67,54,225,0,6,27,3,36,67,43,94,57,261,26,36,62,323
12/19/2018,LIT,AR,ASW,CE,Combined TRACON& Tower with Radar,68,40,64,40,212,0,0,14,0,14,68,40,78,40,226,8,4,12,238
12/20/2018,LIT,AR,ASW,CE,Combined TRACON& Tower with Radar,64,44,61,54,223,0,1,17,9,27,64,45,78,63,250,0,26,26,276
12/21/2018,LIT,AR,ASW,CE,Combined TRACON& Tower with Radar,69,33,46,14,162,0,3,43,2,48,69,36,89,16,210,0,6,6,216
12/22/2018,LIT,AR,ASW,CE,Combined TRACON& Tower with Radar,63,24,32,2,121,0,4,43,1,48,63,28,75,3,169,0,0,0,169
12/23/2018,LIT,AR,ASW,CE,Combined TRACON& Tower with Radar,63,28,27,0,118,0,6,25,0,31,63,34,52,0,149,8,0,8,157
12/24/2018,LIT,AR,ASW,CE,Combined TRACON& Tower with Radar,56,25,8,0,89,0,2,18,0,20,56,27,26,0,109,0,0,0,109
12/25/2018,LIT,AR,ASW,CE,Combined TRACON& Tower with Radar,44,19,5,0,68,0,2,8,0,10,44,21,13,0,78,0,0,0,78
12/26/2018,LIT,AR,ASW,CE,Combined TRACON& Tower with Radar,76,33,41,4,154,0,0,4,0,4,76,33,45,4,158,0,0,0,158
12/27/2018,LIT,AR,ASW,CE,Combined TRACON& Tower with Radar,74,26,59,6,165,0,2,3,0,5,74,28,62,6,170,0,0,0,170
12/28/2018,LIT,AR,ASW,CE,Combined TRACON& Tower with Radar,69,22,48,2,141,0,6,26,0,32,69,28,74,2,173,2,0,2,175
12/29/2018,LIT,AR,ASW,CE,Combined TRACON& Tower with Radar,59,27,30,0,116,0,3,25,0,28,59,30,55,0,144,0,0,0,144
12/30/2018,LIT,AR,ASW,CE,Combined TRACON& Tower with Radar,59,39,27,1,126,0,3,7,0,10,59,42,34,1,136,0,0,0,136
12/31/2018,LIT,AR,ASW,CE,Combined TRACON& Tower with Radar,55,24,21,2,102,0,1,1,0,2,55,25,22,2,104,0,0,0,104
01/01/2019,LIT,AR,ASW,CE,Combined TRACON& Tower with Radar,49,20,26,0,95,0,0,13,0,13,49,20,39,0,108,0,0,0,108
01/02/2019,LIT,AR,ASW,CE,Combined TRACON& Tower with Radar,73,26,46,6,151,0,2,4,0,6,73,28,50,6,157,0,8,8,165
01/03/2019,LIT,AR,ASW,CE,Combined TRACON& Tower with Radar,65,34,44,36,179,0,0,2,0,2,65,34,46,36,181,0,0,0,181
01/04/2019,LIT,AR,ASW,CE,Combined TRACON& Tower with Radar,68,37,57,17,179,0,1,11,1,13,68,38,68,18,192,4,18,22,214
01/05/2019,LIT,AR,ASW,CE,Combined TRACON& Tower with Radar,52,33,42,44,171,0,2,47,2,51,52,35,89,46,222,0,0,0,222
01/06/2019,LIT,AR,ASW,CE,Combined TRACON& Tower with Radar,54,33,36,7,130,0,1,37,0,38,54,34,73,7,168,6,0,6,174
01/07/2019,LIT,AR,ASW,CE,Combined TRACON& Tower with Radar,66,35,55,22,178,0,1,6,0,7,66,36,61,22,185,0,18,18,203
01/08/2019,LIT,AR,ASW,CE,Combined TRACON& Tower with Radar,58,38,72,39,207,0,6,37,0,43,58,44,109,39,250,28,18,46,296
01/09/2019,LIT,AR,ASW,CE,Combined TRACON& Tower with Radar,64,34,87,3,188,0,1,47,0,48,64,35,134,3,236,36,10,46,282
01/10/2019,LIT,AR,ASW,CE,Combined TRACON& Tower with Radar,66,32,85,19,202,0,0,56,1,57,66,32,141,20,259,0,8,8,267
01/11/2019,LIT,AR,ASW,CE,Combined TRACON& Tower with Radar,68,32,53,13,166,0,6,7,1,14,68,38,60,14,180,0,2,2,182
01/12/2019,LIT,AR,ASW,CE,Combined TRACON& Tower with Radar,43,23,18,25,109,0,0,1,0,1,43,23,19,25,110,0,0,0,110
01/13/2019,LIT,AR,ASW,CE,Combined TRACON& Tower with Radar,58,30,33,4,125,0,2,14,0,16,58,32,47,4,141,6,0,6,147
01/14/2019,LIT,AR,ASW,CE,Combined TRACON& Tower with Radar,65,34,78,5,182,0,4,17,1,22,65,38,95,6,204,0,0,0,204
01/15/2019,LIT,AR,ASW,CE,Combined TRACON& Tower with Radar,60,47,72,27,206,0,0,34,2,36,60,47,106,29,242,26,26,52,294
01/16/2019,LIT,AR,ASW,CE,Combined TRACON& Tower with Radar,64,43,79,19,205,0,1,57,2,60,64,44,136,21,265,42,34,76,341
01/17/2019,LIT,AR,ASW,CE,Combined TRACON& Tower with Radar,63,39,64,17,183,0,1,4,2,7,63,40,68,19,190,0,0,0,190
01/18/2019,LIT,AR,ASW,CE,Combined TRACON& Tower with Radar,71,39,65,71,246,0,1,0,0,1,71,40,65,71,247,2,0,2,249
01/19/2019,LIT,AR,ASW,CE,Combined TRACON& Tower with Radar,39,23,15,1,78,0,0,4,0,4,39,23,19,1,82,0,0,0,82
01/20/2019,LIT,AR,ASW,CE,Combined TRACON& Tower with Radar,54,24,38,1,117,0,4,43,0,47,54,28,81,1,164,0,0,0,164
01/21/2019,LIT,AR,ASW,CE,Combined TRACON& Tower with Radar,64,31,73,5,173,0,4,40,0,44,64,35,113,5,217,8,0,8,225
01/22/2019,LIT,AR,ASW,CE,Combined TRACON& Tower with Radar,56,39,57,9,161,0,1,4,2,7,56,40,61,11,168,2,12,14,182
01/23/2019,LIT,AR,ASW,CE,Combined TRACON& Tower with Radar,61,40,59,28,188,0,5,3,1,9,61,45,62,29,197,0,18,18,215
01/24/2019,LIT,AR,ASW,CE,Combined TRACON& Tower with Radar,65,22,77,22,186,0,0,80,1,81,65,22,157,23,267,14,8,22,289
01/25/2019,LIT,AR,ASW,CE,Combined TRACON& Tower with Radar,68,30,84,46,228,0,4,67,0,71,68,34,151,46,299,10,21,31,330
01/26/2019,LIT,AR,ASW,CE,Combined TRACON& Tower with Radar,45,27,26,18,116,0,1,31,2,34,45,28,57,20,150,0,0,0,150
01/27/2019,LIT,AR,ASW,CE,Combined TRACON& Tower with Radar,57,36,51,13,157,0,2,39,2,43,57,38,90,15,200,0,0,0,200
01/28/2019,LIT,AR,ASW,CE,Combined TRACON& Tower with Radar,63,29,46,15,153,0,2,23,3,28,63,31,69,18,181,0,8,8,189
01/29/2019,LIT,AR,ASW,CE,Combined TRACON& Tower with Radar,59,31,80,9,179,0,3,62,6,71,59,34,142,15,250,14,8,22,272
01/30/2019,LIT,AR,ASW,CE,Combined TRACON& Tower with Radar,59,31,67,14,171,0,3,72,2,77,59,34,139,16,248,22,14,36,284
01/31/2019,LIT,AR,ASW,CE,Combined TRACON& Tower with Radar,57,18,88,3,166,0,0,46,0,46,57,18,134,3,212,2,0,2,214
02/01/2019,LIT,AR,ASW,CE,Combined TRACON& Tower with Radar,71,30,77,4,182,0,3,6,2,11,71,33,83,6,193,8,18,26,219
02/02/2019,LIT,AR,ASW,CE,Combined TRACON& Tower with Radar,51,26,42,0,119,0,4,33,6,43,51,30,75,6,162,6,0,6,168
02/03/2019,LIT,AR,ASW,CE,Combined TRACON& Tower with Radar,53,26,27,2,108,0,1,20,0,21,53,27,47,2,129,10,6,16,145
02/04/2019,LIT,AR,ASW,CE,Combined TRACON& Tower with Radar,68,39,83,18,208,0,0,26,3,29,68,39,109,21,237,0,12,12,249
02/05/2019,LIT,AR,ASW,CE,Combined TRACON& Tower with Radar,61,46,64,1,172,0,0,2,0,2,61,46,66,1,174,0,0,0,174
02/06/2019,LIT,AR,ASW,CE,Combined TRACON& Tower with Radar,65,26,68,63,222,0,6,2,4,12,65,32,70,67,234,14,24,38,272
02/07/2019,LIT,AR,ASW,CE,Combined TRACON& Tower with Radar,68,34,46,5,153,0,2,1,4,7,68,36,47,9,160,0,20,20,180
02/08/2019,LIT,AR,ASW,CE,Combined TRACON& Tower with Radar,68,25,87,33,213,0,7,64,2,73,68,32,151,35,286,38,38,76,362
02/09/2019,LIT,AR,ASW,CE,Combined TRACON& Tower with Radar,46,21,38,21,126,0,1,36,8,45,46,22,74,29,171,0,0,0,171
02/10/2019,LIT,AR,ASW,CE,Combined TRACON& Tower with Radar,56,27,37,5,125,0,0,0,0,0,56,27,37,5,125,0,0,0,125
02/11/2019,LIT,AR,ASW,CE,Combined TRACON& Tower with Radar,64,40,51,6,161,0,0,2,1,3,64,40,53,7,164,4,0,4,168
02/12/2019,LIT,AR,ASW,CE,Combined TRACON& Tower with Radar,56,40,70,21,187,0,5,39,6,50,56,45,109,27,237,10,10,20,257
02/13/2019,LIT,AR,ASW,CE,Combined TRACON& Tower with Radar,78,39,90,11,218,0,5,60,1,66,78,44,150,12,284,0,0,0,284
02/14/2019,LIT,AR,ASW,CE,Combined TRACON& Tower with Radar,64,33,71,29,197,0,3,12,0,15,64,36,83,29,212,2,14,16,228
02/15/2019,LIT,AR,ASW,CE,Combined TRACON& Tower with Radar,65,41,63,3,172,0,0,6,0,6,65,41,69,3,178,0,0,0,178
02/16/2019,LIT,AR,ASW,CE,Combined TRACON& Tower with Radar,44,30,22,2,98,0,0,10,5,15,44,30,32,7,113,0,0,0,113
02/17/2019,LIT,AR,ASW,CE,Combined TRACON& Tower with Radar,55,23,41,0,119,0,2,18,3,23,55,25,59,3,142,0,0,0,142
02/18/2019,LIT,AR,ASW,CE,Combined TRACON& Tower with Radar,65,33,67,0,165,0,0,44,1,45,65,33,111,1,210,0,0,0,210
02/19/2019,LIT,AR,ASW,CE,Combined TRACON& Tower with Radar,63,29,51,2,145,0,2,3,0,5,63,31,54,2,150,0,6,6,156
02/20/2019,LIT,AR,ASW,CE,Combined TRACON& Tower with Radar,67,50,91,40,248,0,5,39,3,47,67,55,130,43,295,18,28,46,341
02/21/2019,LIT,AR,ASW,CE,Combined TRACON& Tower with Radar,69,39,86,68,262,0,0,20,8,28,69,39,106,76,290,0,52,52,342
02/22/2019,LIT,AR,ASW,CE,Combined TRACON& Tower with Radar,64,41,53,3,161,0,0,0,0,0,64,41,53,3,161,0,0,0,161
02/23/2019,LIT,AR,ASW,CE,Combined TRACON& Tower with Radar,55,24,10,26,115,0,3,3,0,6,55,27,13,26,121,0,0,0,121
02/24/2019,LIT,AR,ASW,CE,Combined TRACON& Tower with Radar,64,32,41,3,140,0,8,40,4,52,64,40,81,7,192,0,0,0,192
02/25/2019,LIT,AR,ASW,CE,Combined TRACON& Tower with Radar,65,28,66,10,169,0,5,57,5,67,65,33,123,15,236,30,18,48,284
02/26/2019,LIT,AR,ASW,CE,Combined TRACON& Tower with Radar,63,42,76,19,200,0,0,43,1,44,63,42,119,20,244,10,26,36,280
02/27/2019,LIT,AR,ASW,CE,Combined TRACON& Tower with Radar,76,26,71,9,182,0,5,10,1,16,76,31,81,10,198,0,4,4,202
02/28/2019,LIT,AR,ASW,CE,Combined TRACON& Tower with Radar,69,37,59,30,195,0,0,4,2,6,69,37,63,32,201,4,0,4,205
03/01/2019,LIT,AR,ASW,CE,Combined TRACON& Tower with Radar,65,40,65,27,197,0,2,16,4,22,65,42,81,31,219,0,28,28,247
03/02/2019,LIT,AR,ASW,CE,Combined TRACON& Tower with Radar,46,35,20,4,105,0,2,12,3,17,46,37,32,7,122,0,0,0,122
03/03/2019,LIT,AR,ASW,CE,Combined TRACON& Tower with Radar,59,26,20,1,106,0,5,3,1,9,59,31,23,2,115,0,0,0,115
03/04/2019,LIT,AR,ASW,CE,Combined TRACON& Tower with Radar,66,34,48,18,166,0,2,36,4,42,66,36,84,22,208,14,26,40,248
03/05/2019,LIT,AR,ASW,CE,Combined TRACON& Tower with Radar,68,42,93,11,214,0,1,48,3,52,68,43,141,14,266,28,4,32,298
03/06/2019,LIT,AR,ASW,CE,Combined TRACON& Tower with Radar,65,33,63,21,182,0,7,67,5,79,65,40,130,26,261,0,22,22,283
03/07/2019,LIT,AR,ASW,CE,Combined TRACON& Tower with Radar,69,48,71,5,193,0,2,7,2,11,69,50,78,7,204,0,0,0,204
03/08/2019,LIT,AR,ASW,CE,Combined TRACON& Tower with Radar,71,33,19,0,123,0,0,0,0,0,71,33,19,0,123,0,0,0,123
03/09/2019,LIT,AR,ASW,CE,Combined TRACON& Tower with Radar,53,28,19,4,104,0,5,6,0,11,53,33,25,4,115,4,10,14,129
03/10/2019,LIT,AR,ASW,CE,Combined TRACON& Tower with Radar,62,27,43,21,153,0,1,38,6,45,62,28,81,27,198,22,0,22,220
03/11/2019,LIT,AR,ASW,CE,Combined TRACON& Tower with Radar,67,32,88,3,190,0,1,41,0,42,67,33,129,3,232,6,0,6,238
03/12/2019,LIT,AR,ASW,CE,Combined TRACON& Tower with Radar,69,35,83,19,206,0,7,27,0,34,69,42,110,19,240,6,12,18,258
03/13/2019,LIT,AR,ASW,CE,Combined TRACON& Tower with Radar,71,31,49,2,153,0,4,3,0,7,71,35,52,2,160,8,0,8,168
03/14/2019,LIT,AR,ASW,CE,Combined TRACON& Tower with Radar,75,40,81,11,207,0,3,14,0,17,75,43,95,11,224,8,0,8,232
03/15/2019,LIT,AR,ASW,CE,Combined TRACON& Tower with Radar,74,38,66,36,214,0,2,43,1,46,74,40,109,37,260,22,40,62,322
03/16/2019,LIT,AR,ASW,CE,Combined TRACON& Tower with Radar,53,32,41,7,133,0,6,62,0,68,53,38,103,7,201,4,14,18,219
03/17/2019,LIT,AR,ASW,CE,Combined TRACON& Tower with Radar,66,27,45,22,160,0,4,38,5,47,66,31,83,27,207,2,0,2,209
03/18/2019,LIT,AR,ASW,CE,Combined TRACON& Tower with Radar,78,28,78,32,216,0,4,61,5,70,78,32,139,37,286,18,14,32,318
03/19/2019,LIT,AR,ASW,CE,Combined TRACON& Tower with Radar,70,37,58,13,178,0,0,60,3,63,70,37,118,16,241,12,36,48,289
03/20/2019,LIT,AR,ASW,CE,Combined TRACON& Tower with Radar,71,32,64,30,197,0,2,21,4,27,71,34,85,34,224,2,34,36,260
03/21/2019,LIT,AR,ASW,CE,Combined TRACON& Tower with Radar,75,26,65,33,199,0,3,61,6,70,75,29,126,39,269,0,8,8,277
03/22/2019,LIT,AR,ASW,CE,Combined TRACON& Tower with Radar,67,41,65,92,265,0,13,53,6,72,67,54,118,98,337,0,0,0,337
03/23/2019,LIT,AR,ASW,CE,Combined TRACON& Tower with Radar,55,25,46,14,140,0,7,36,3,46,55,32,82,17,186,0,0,0,186
03/24/2019,LIT,AR,ASW,CE,Combined TRACON& Tower with Radar,63,26,44,11,144,0,7,6,2,15,63,33,50,13,159,0,0,0,159
03/25/2019,LIT,AR,ASW,CE,Combined TRACON& Tower with Radar,74,41,84,69,268,0,2,26,8,36,74,43,110,77,304,4,122,126,430
03/26/2019,LIT,AR,ASW,CE,Combined TRACON& Tower with Radar,68,33,64,33,198,0,0,64,6,70,68,33,128,39,268,20,28,48,316
03/27/2019,LIT,AR,ASW,CE,Combined TRACON& Tower with Radar,68,46,84,4,202,0,9,74,3,86,68,55,158,7,288,48,4,52,340
03/28/2019,LIT,AR,ASW,CE,Combined TRACON& Tower with Radar,70,39,80,7,196,0,2,58,5,65,70,41,138,12,261,0,0,0,261
03/29/2019,LIT,AR,ASW,CE,Combined TRACON& Tower with Radar,73,44,84,13,214,0,1,38,4,43,73,45,122,17,257,12,24,36,293
03/30/2019,LIT,AR,ASW,CE,Combined TRACON& Tower with Radar,54,36,29,6,125,0,4,1,0,5,54,40,30,6,130,0,0,0,130
03/31/2019,LIT,AR,ASW,CE,Combined TRACON& Tower with Radar,60,26,53,10,149,0,7,37,2,46,60,33,90,12,195,0,0,0,195
04/01/2019,LIT,AR,ASW,CE,Combined TRACON& Tower with Radar,71,51,67,26,215,0,1,69,6,76,71,52,136,32,291,2,6,8,299
04/02/2019,LIT,AR,ASW,CE,Combined TRACON& Tower with Radar,75,48,81,4,208,0,4,73,11,88,75,52,154,15,296,24,44,68,364
04/03/2019,LIT,AR,ASW,CE,Combined TRACON& Tower with Radar,75,56,81,27,239,0,3,46,14,63,75,59,127,41,302,8,22,30,332
04/04/2019,LIT,AR,ASW,CE,Combined TRACON& Tower with Radar,77,42,56,0,175,0,2,4,1,7,77,44,60,1,182,0,0,0,182
04/05/2019,LIT,AR,ASW,CE,Combined TRACON& Tower with Radar,84,60,68,79,291,0,5,26,9,40,84,65,94,88,331,0,8,8,339
04/06/2019,LIT,AR,ASW,CE,Combined TRACON& Tower with Radar,60,22,14,14,110,0,3,13,5,21,60,25,27,19,131,2,0,2,133
04/07/2019,LIT,AR,ASW,CE,Combined TRACON& Tower with Radar,64,25,27,0,116,0,0,2,1,3,64,25,29,1,119,0,0,0,119
04/08/2019,LIT,AR,ASW,CE,Combined TRACON& Tower with Radar,76,34,69,11,190,0,5,22,7,34,76,39,91,18,224,0,8,8,232
04/09/2019,LIT,AR,ASW,CE,Combined TRACON& Tower with Radar,74,24,66,14,178,0,6,61,9,76,74,30,127,23,254,20,58,78,332
04/10/2019,LIT,AR,ASW,CE,Combined TRACON& Tower with Radar,77,26,75,13,191,0,2,58,1,61,77,28,133,14,252,0,0,0,252
04/11/2019,LIT,AR,ASW,CE,Combined TRACON& Tower with Radar,79,31,87,16,213,0,1,35,5,41,79,32,122,21,254,0,0,0,254
04/12/2019,LIT,AR,ASW,CE,Combined TRACON& Tower with Radar,74,36,94,52,256,0,6,80,6,92,74,42,174,58,348,8,46,54,402
04/13/2019,LIT,AR,ASW,CE,Combined TRACON& Tower with Radar,48,14,14,0,76,0,4,3,0,7,48,18,17,0,83,0,0,0,83
04/14/2019,LIT,AR,ASW,CE,Combined TRACON& Tower with Radar,58,25,44,7,134,0,2,15,0,17,58,27,59,7,151,0,0,0,151
04/15/2019,LIT,AR,ASW,CE,Combined TRACON& Tower with Radar,80,25,64,10,179,0,2,56,6,64,80,27,120,16,243,0,24,24,267
04/16/2019,LIT,AR,ASW,CE,Combined TRACON& Tower with Radar,70,31,90,18,209,0,5,55,2,62,70,36,145,20,271,2,0,2,273
04/17/2019,LIT,AR,ASW,CE,Combined TRACON& Tower with Radar,73,23,76,31,203,0,2,14,1,17,73,25,90,32,220,8,48,56,276
04/18/2019,LIT,AR,ASW,CE,Combined TRACON& Tower with Radar,75,32,56,8,171,0,2,1,0,3,75,34,57,8,174,0,0,0,174
04/19/2019,LIT,AR,ASW,CE,Combined TRACON& Tower with Radar,71,26,76,22,195,0,3,26,3,32,71,29,102,25,227,10,12,22,249
04/20/2019,LIT,AR,ASW,CE,Combined TRACON& Tower with Radar,65,16,23,26,130,0,7,36,3,46,65,23,59,29,176,0,0,0,176
04/21/2019,LIT,AR,ASW,CE,Combined TRACON& Tower with Radar,61,17,35,2,115,0,6,33,4,43,61,23,68,6,158,0,0,0,158
04/22/2019,LIT,AR,ASW,CE,Combined TRACON& Tower with Radar,73,36,73,13,195,0,6,58,0,64,73,42,131,13,259,8,0,8,267
04/23/2019,LIT,AR,ASW,CE,Combined TRACON& Tower with Radar,71,30,67,25,193,0,2,30,4,36,71,32,97,29,229,0,6,6,235
04/24/2019,LIT,AR,ASW,CE,Combined TRACON& Tower with Radar,72,22,94,8,196,0,4,24,2,30,72,26,118,10,226,8,0,8,234
04/25/2019,LIT,AR,ASW,CE,Combined TRACON& Tower with Radar,77,37,68,6,188,0,4,8,0,12,77,41,76,6,200,2,0,2,202
04/26/2019,LIT,AR,ASW,CE,Combined TRACON& Tower with Radar,76,21,76,64,237,0,5,60,9,74,76,26,136,73,311,16,20,36,347
04/27/2019,LIT,AR,ASW,CE,Combined TRACON& Tower with Radar,58,18,26,28,130,0,5,15,2,22,58,23,41,30,152,0,4,4,156
04/28/2019,LIT,AR,ASW,CE,Combined TRACON& Tower with Radar,65,26,63,19,173,0,5,19,1,25,65,31,82,20,198,19,0,19,217
04/29/2019,LIT,AR,ASW,CE,Combined TRACON& Tower with Radar,72,37,86,18,213,0,3,26,1,30,72,40,112,19,243,0,24,24,267
04/30/2019,LIT,AR,ASW,CE,Combined TRACON& Tower with Radar,72,38,79,9,198,0,0,13,4,17,72,38,92,13,215,0,22,22,237
05/01/2019,LIT,AR,ASW,CE,Combined TRACON& Tower with Radar,72,40,46,12,170,0,1,9,4,14,72,41,55,16,184,0,4,4,188
05/02/2019,LIT,AR,ASW,CE,Combined TRACON& Tower with Radar,65,32,55,4,156,0,1,4,5,10,65,33,59,9,166,10,32,42,208
05/03/2019,LIT,AR,ASW,CE,Combined TRACON& Tower with Radar,66,44,56,26,192,0,1,5,3,9,66,45,61,29,201,2,16,18,219
05/04/2019,LIT,AR,ASW,CE,Combined TRACON& Tower with Radar,61,23,55,20,159,0,10,13,0,23,61,33,68,20,182,0,0,0,182
05/05/2019,LIT,AR,ASW,CE,Combined TRACON& Tower with Radar,64,42,51,19,176,0,3,54,4,61,64,45,105,23,237,6,2,8,245
05/06/2019,LIT,AR,ASW,CE,Combined TRACON& Tower with Radar,66,47,62,20,195,0,13,35,7,55,66,60,97,27,250,16,14,30,280
05/07/2019,LIT,AR,ASW,CE,Combined TRACON& Tower with Radar,71,28,71,55,225,0,2,66,5,73,71,30,137,60,298,0,34,34,332
05/08/2019,LIT,AR,ASW,CE,Combined TRACON& Tower with Radar,64,29,27,4,124,0,2,4,0,6,64,31,31,4,130,2,0,2,132
05/09/2019,LIT,AR,ASW,CE,Combined TRACON& Tower with Radar,77,34,56,40,207,0,2,5,3,10,77,36,61,43,217,14,39,53,270
05/10/2019,LIT,AR,ASW,CE,Combined TRACON& Tower with Radar,78,33,72,57,240,0,3,4,0,7,78,36,76,57,247,0,0,0,247
05/11/2019,LIT,AR,ASW,CE,Combined TRACON& Tower with Radar,55,19,28,0,102,0,0,0,0,0,55,19,28,0,102,0,0,0,102
05/12/2019,LIT,AR,ASW,CE,Combined TRACON& Tower with Radar,66,29,38,28,161,0,2,15,0,17,66,31,53,28,178,4,0,4,182
05/13/2019,LIT,AR,ASW,CE,Combined TRACON& Tower with Radar,71,35,70,25,201,0,8,47,2,57,71,43,117,27,258,2,0,2,260
05/14/2019,LIT,AR,ASW,CE,Combined TRACON& Tower with Radar,70,38,99,40,247,0,0,44,4,48,70,38,143,44,295,10,24,34,329
05/15/2019,LIT,AR,ASW,CE,Combined TRACON& Tower with Radar,72,45,94,42,253,0,4,62,8,74,72,49,156,50,327,14,28,42,369
05/16/2019,LIT,AR,ASW,CE,Combined TRACON& Tower with Radar,72,37,79,28,216,0,5,58,3,66,72,42,137,31,282,2,28,30,312
05/17/2019,LIT,AR,ASW,CE,Combined TRACON& Tower with Radar,73,46,65,78,262,0,4,51,20,75,73,50,116,98,337,5,82,87,424
05/18/2019,LIT,AR,ASW,CE,Combined TRACON& Tower with Radar,54,22,36,23,135,0,5,23,0,28,54,27,59,23,163,6,16,22,185
05/19/2019,LIT,AR,ASW,CE,Combined TRACON& Tower with Radar,70,42,63,26,201,0,1,16,0,17,70,43,79,26,218,6,0,6,224
05/20/2019,LIT,AR,ASW,CE,Combined TRACON& Tower with Radar,74,51,73,44,242,0,5,17,6,28,74,56,90,50,270,4,8,12,282
05/21/2019,LIT,AR,ASW,CE,Combined TRACON& Tower with Radar,69,36,55,9,169,0,3,13,0,16,69,39,68,9,185,2,0,2,187
05/22/2019,LIT,AR,ASW,CE,Combined TRACON& Tower with Radar,73,43,68,11,195,0,3,9,9,21,73,46,77,20,216,0,0,0,216
05/23/2019,LIT,AR,ASW,CE,Combined TRACON& Tower with Radar,72,38,81,16,207,0,1,51,9,61,72,39,132,25,268,2,30,32,300
05/24/2019,LIT,AR,ASW,CE,Combined TRACON& Tower with Radar,80,48,80,11,219,0,2,50,1,53,80,50,130,12,272,10,28,38,310
05/25/2019,LIT,AR,ASW,CE,Combined TRACON& Tower with Radar,55,33,32,5,125,0,2,47,1,50,55,35,79,6,175,8,0,8,183
05/26/2019,LIT,AR,ASW,CE,Combined TRACON& Tower with Radar,60,25,17,2,104,0,5,34,0,39,60,30,51,2,143,2,0,2,145
05/27/2019,LIT,AR,ASW,CE,Combined TRACON& Tower with Radar,60,40,38,0,138,0,4,24,0,28,60,44,62,0,166,13,0,13,179
05/28/2019,LIT,AR,ASW,CE,Combined TRACON& Tower with Radar,71,41,83,9,204,0,1,25,1,27,71,42,108,10,231,10,0,10,241
05/29/2019,LIT,AR,ASW,CE,Combined TRACON& Tower with Radar,70,36,51,4,161,0,0,11,0,11,70,36,62,4,172,0,0,0,172
05/30/2019,LIT,AR,ASW,CE,Combined TRACON& Tower with Radar,73,55,86,7,221,0,0,26,8,34,73,55,112,15,255,0,16,16,271
05/31/2019,LIT,AR,ASW,CE,Combined TRACON& Tower with Radar,74,41,75,77,267,0,10,63,11,84,74,51,138,88,351,2,66,68,419
06/01/2019,LIT,AR,ASW,CE,Combined TRACON& Tower with Radar,63,22,43,10,138,0,2,54,3,59,63,24,97,13,197,14,0,14,211
06/02/2019,LIT,AR,ASW,CE,Combined TRACON& Tower with Radar,69,35,45,1,150,0,3,33,0,36,69,38,78,1,186,0,0,0,186
06/03/2019,LIT,AR,ASW,CE,Combined TRACON& Tower with Radar,74,29,60,19,182,0,1,31,2,34,74,30,91,21,216,4,14,18,234
06/04/2019,LIT,AR,ASW,CE,Combined TRACON& Tower with Radar,74,40,63,22,199,0,3,37,3,43,74,43,100,25,242,6,10,16,258
06/05/2019,LIT,AR,ASW,CE,Combined TRACON& Tower with Radar,75,48,72,22,217,0,5,18,0,23,75,53,90,22,240,4,0,4,244
06/06/2019,LIT,AR,ASW,CE,Combined TRACON& Tower with Radar,73,40,47,0,160,0,0,0,0,0,73,40,47,0,160,0,0,0,160
06/07/2019,LIT,AR,ASW,CE,Combined TRACON& Tower with Radar,75,42,64,2,183,0,1,7,2,10,75,43,71,4,193,0,18,18,211
06/08/2019,LIT,AR,ASW,CE,Combined TRACON& Tower with Radar,55,36,43,18,152,0,3,27,3,33,55,39,70,21,185,0,0,0,185
06/09/2019,LIT,AR,ASW,CE,Combined TRACON& Tower with Radar,67,33,65,9,174,0,2,18,2,22,67,35,83,11,196,0,0,0,196
06/10/2019,LIT,AR,ASW,CE,Combined TRACON& Tower with Radar,80,37,64,37,218,0,4,34,5,43,80,41,98,42,261,8,18,26,287
06/11/2019,LIT,AR,ASW,CE,Combined TRACON& Tower with Radar,75,34,78,12,199,0,4,59,12,75,75,38,137,24,274,6,18,24,298
06/12/2019,LIT,AR,ASW,CE,Combined TRACON& Tower with Radar,77,52,103,21,253,0,3,30,3,36,77,55,133,24,289,2,14,16,305
06/13/2019,LIT,AR,ASW,CE,Combined TRACON& Tower with Radar,74,30,66,27,197,0,3,69,14,86,74,33,135,41,283,8,26,34,317
06/14/2019,LIT,AR,ASW,CE,Combined TRACON& Tower with Radar,72,40,76,49,237,0,8,55,9,72,72,48,131,58,309,0,48,48,357
06/15/2019,LIT,AR,ASW,CE,Combined TRACON& Tower with Radar,54,31,31,5,121,0,8,26,2,36,54,39,57,7,157,0,0,0,157
06/16/2019,LIT,AR,ASW,CE,Combined TRACON& Tower with Radar,76,32,31,0,139,0,5,13,0,18,76,37,44,0,157,0,0,0,157
06/17/2019,LIT,AR,ASW,CE,Combined TRACON& Tower with Radar,80,37,56,5,178,0,2,25,3,30,80,39,81,8,208,0,0,0,208
06/18/2019,LIT,AR,ASW,CE,Combined TRACON& Tower with Radar,74,48,61,66,249,0,8,30,10,48,74,56,91,76,297,22,44,66,363
06/19/2019,LIT,AR,ASW,CE,Combined TRACON& Tower with Radar,73,36,80,19,208,0,6,26,7,39,73,42,106,26,247,0,48,48,295
06/20/2019,LIT,AR,ASW,CE,Combined TRACON& Tower with Radar,77,41,78,52,248,0,10,44,10,64,77,51,122,62,312,1,58,59,371
06/21/2019,LIT,AR,ASW,CE,Combined TRACON& Tower with Radar,75,47,72,58,252,0,4,16,0,20,75,51,88,58,272,2,20,22,294
06/22/2019,LIT,AR,ASW,CE,Combined TRACON& Tower with Radar,56,28,35,14,133,0,2,11,9,22,56,30,46,23,155,0,10,10,165
06/23/2019,LIT,AR,ASW,CE,Combined TRACON& Tower with Radar,68,25,37,3,133,0,0,9,0,9,68,25,46,3,142,0,0,0,142
06/24/2019,LIT,AR,ASW,CE,Combined TRACON& Tower with Radar,77,37,67,73,254,0,4,30,5,39,77,41,97,78,293,22,8,30,323
06/25/2019,LIT,AR,ASW,CE,Combined TRACON& Tower with Radar,73,50,73,24,220,0,5,24,7,36,73,55,97,31,256,0,18,18,274
06/26/2019,LIT,AR,ASW,CE,Combined TRACON& Tower with Radar,78,43,92,14,227,0,5,25,0,30,78,48,117,14,257,0,0,0,257
06/27/2019,LIT,AR,ASW,CE,Combined TRACON& Tower with Radar,85,39,77,24,225,0,5,51,4,60,85,44,128,28,285,6,0,6,291
06/28/2019,LIT,AR,ASW,CE,Combined TRACON& Tower with Radar,75,34,44,51,204,0,2,26,6,34,75,36,70,57,238,4,36,40,278
06/29/2019,LIT,AR,ASW,CE,Combined TRACON& Tower with Radar,56,26,25,11,118,0,4,24,1,29,56,30,49,12,147,0,0,0,147
06/30/2019,LIT,AR,ASW,CE,Combined TRACON& Tower with Radar,70,22,37,6,135,0,2,27,2,31,70,24,64,8,166,16,6,22,188
07/01/2019,LIT,AR,ASW,CE,Combined TRACON& Tower with Radar,71,40,62,29,202,0,3,30,6,39,71,43,92,35,241,0,66,66,307
07/02/2019,LIT,AR,ASW,CE,Combined TRACON& Tower with Radar,74,41,68,20,203,0,3,29,5,37,74,44,97,25,240,14,32,46,286
07/03/2019,LIT,AR,ASW,CE,Combined TRACON& Tower with Radar,72,39,47,28,186,0,4,52,0,56,72,43,99,28,242,22,30,52,294
07/04/2019,LIT,AR,ASW,CE,Combined TRACON& Tower with Radar,52,19,7,2,80,0,0,23,0,23,52,19,30,2,103,1,0,1,104
07/05/2019,LIT,AR,ASW,CE,Combined TRACON& Tower with Radar,63,29,27,0,119,0,2,28,0,30,63,31,55,0,149,0,0,0,149
07/06/2019,LIT,AR,ASW,CE,Combined TRACON& Tower with Radar,50,31,29,1,111,0,3,22,0,25,50,34,51,1,136,6,0,6,142
07/07/2019,LIT,AR,ASW,CE,Combined TRACON& Tower with Radar,68,33,54,2,157,0,4,27,0,31,68,37,81,2,188,8,0,8,196
07/08/2019,LIT,AR,ASW,CE,Combined TRACON& Tower with Radar,75,34,46,13,168,0,7,17,1,25,75,41,63,14,193,4,8,12,205
07/09/2019,LIT,AR,ASW,CE,Combined TRACON& Tower with Radar,72,32,59,28,191,0,5,51,2,58,72,37,110,30,249,8,8,16,265
07/10/2019,LIT,AR,ASW,CE,Combined TRACON& Tower with Radar,68,42,54,22,186,0,3,36,12,51,68,45,90,34,237,8,28,36,273
07/11/2019,LIT,AR,ASW,CE,Combined TRACON& Tower with Radar,75,40,82,34,231,0,1,57,8,66,75,41,139,42,297,7,2,9,306
07/12/2019,LIT,AR,ASW,CE,Combined TRACON& Tower with Radar,78,39,60,81,258,0,2,36,7,45,78,41,96,88,303,0,16,16,319
07/13/2019,LIT,AR,ASW,CE,Combined TRACON& Tower with Radar,61,21,34,4,120,0,3,11,3,17,61,24,45,7,137,2,0,2,139
07/14/2019,LIT,AR,ASW,CE,Combined TRACON& Tower with Radar,69,30,17,0,116,0,1,0,0,1,69,31,17,0,117,0,0,0,117
07/15/2019,LIT,AR,ASW,CE,Combined TRACON& Tower with Radar,76,33,34,20,163,0,0,0,0,0,76,33,34,20,163,0,0,0,163
07/16/2019,LIT,AR,ASW,CE,Combined TRACON& Tower with Radar,73,33,57,2,165,0,3,6,1,10,73,36,63,3,175,2,6,8,183
07/17/2019,LIT,AR,ASW,CE,Combined TRACON& Tower with Radar,77,33,77,58,245,0,2,38,2,42,77,35,115,60,287,0,6,6,293
07/18/2019,LIT,AR,ASW,CE,Combined TRACON& Tower with Radar,72,30,62,15,179,0,0,46,3,49,72,30,108,18,228,32,30,62,290
07/19/2019,LIT,AR,ASW,CE,Combined TRACON& Tower with Radar,71,39,57,94,261,0,0,44,10,54,71,39,101,104,315,6,53,59,374
07/20/2019,LIT,AR,ASW,CE,Combined TRACON& Tower with Radar,62,23,29,48,162,0,1,27,5,33,62,24,56,53,195,0,26,26,221
07/21/2019,LIT,AR,ASW,CE,Combined TRACON& Tower with Radar,69,34,53,3,159,0,5,40,0,45,69,39,93,3,204,0,0,0,204
07/22/2019,LIT,AR,ASW,CE,Combined TRACON& Tower with Radar,74,33,65,34,206,0,5,10,2,17,74,38,75,36,223,3,28,31,254
07/23/2019,LIT,AR,ASW,CE,Combined TRACON& Tower with Radar,75,45,54,43,217,0,4,54,7,65,75,49,108,50,282,10,10,20,302
07/24/2019,LIT,AR,ASW,CE,Combined TRACON& Tower with Radar,76,40,73,19,208,0,8,61,1,70,76,48,134,20,278,24,2,26,304
07/25/2019,LIT,AR,ASW,CE,Combined TRACON& Tower with Radar,74,47,72,38,231,0,7,47,0,54,74,54,119,38,285,36,2,38,323
07/26/2019,LIT,AR,ASW,CE,Combined TRACON& Tower with Radar,77,31,70,91,269,0,2,26,11,39,77,33,96,102,308,14,29,43,351
07/27/2019,LIT,AR,ASW,CE,Combined TRACON& Tower with Radar,56,16,32,31,135,0,3,30,10,43,56,19,62,41,178,0,0,0,178
07/28/2019,LIT,AR,ASW,CE,Combined TRACON& Tower with Radar,72,35,35,8,150,0,10,34,3,47,72,45,69,11,197,0,0,0,197
07/29/2019,LIT,AR,ASW,CE,Combined TRACON& Tower with Radar,70,39,78,9,196,1,2,12,3,18,71,41,90,12,214,2,8,10,224
07/30/2019,LIT,AR,ASW,CE,Combined TRACON& Tower with Radar,74,41,66,16,197,0,0,26,1,27,74,41,92,17,224,0,24,24,248
07/31/2019,LIT,AR,ASW,CE,Combined TRACON& Tower with Radar,76,35,80,25,216,0,3,48,2,53,76,38,128,27,269,2,12,14,283
08/01/2019,LIT,AR,ASW,CE,Combined TRACON& Tower with Radar,75,44,69,49,237,0,10,28,3,41,75,54,97,52,278,2,12,14,292
08/02/2019,LIT,AR,ASW,CE,Combined TRACON& Tower with Radar,76,40,49,83,248,0,1,44,15,60,76,41,93,98,308,12,18,30,338
08/03/2019,LIT,AR,ASW,CE,Combined TRACON& Tower with Radar,59,37,22,16,134,0,4,24,6,34,59,41,46,22,168,19,0,19,187
08/04/2019,LIT,AR,ASW,CE,Combined TRACON& Tower with Radar,78,23,44,26,171,0,3,25,1,29,78,26,69,27,200,18,8,26,226
08/05/2019,LIT,AR,ASW,CE,Combined TRACON& Tower with Radar,77,40,53,43,213,0,3,32,6,41,77,43,85,49,254,2,7,9,263
08/06/2019,LIT,AR,ASW,CE,Combined TRACON& Tower with Radar,72,33,66,30,201,0,5,43,7,55,72,38,109,37,256,2,16,18,274
08/07/2019,LIT,AR,ASW,CE,Combined TRACON& Tower with Radar,76,33,80,38,227,0,6,38,0,44,76,39,118,38,271,6,12,18,289
08/08/2019,LIT,AR,ASW,CE,Combined TRACON& Tower with Radar,75,41,66,7,189,0,6,18,1,25,75,47,84,8,214,13,0,13,227
08/09/2019,LIT,AR,ASW,CE,Combined TRACON& Tower with Radar,78,43,61,2,184,0,1,21,2,24,78,44,82,4,208,0,16,16,224
08/10/2019,LIT,AR,ASW,CE,Combined TRACON& Tower with Radar,59,22,29,0,110,0,2,8,0,10,59,24,37,0,120,0,0,0,120
08/11/2019,LIT,AR,ASW,CE,Combined TRACON& Tower with Radar,74,27,33,3,137,0,3,26,1,30,74,30,59,4,167,4,6,10,177
08/12/2019,LIT,AR,ASW,CE,Combined TRACON& Tower with Radar,73,45,50,26,194,0,8,42,3,53,73,53,92,29,247,16,16,32,279
08/13/2019,LIT,AR,ASW,CE,Combined TRACON& Tower with Radar,73,38,72,32,215,0,5,49,4,58,73,43,121,36,273,0,16,16,289
08/14/2019,LIT,AR,ASW,CE,Combined TRACON& Tower with Radar,71,53,76,28,228,0,7,40,14,61,71,60,116,42,289,24,60,84,373
08/15/2019,LIT,AR,ASW,CE,Combined TRACON& Tower with Radar,73,38,101,61,273,0,4,38,7,49,73,42,139,68,322,6,26,32,354
08/16/2019,LIT,AR,ASW,CE,Combined TRACON& Tower with Radar,75,48,65,72,260,0,6,34,14,54,75,54,99,86,314,2,22,24,338
08/17/2019,LIT,AR,ASW,CE,Combined TRACON& Tower with Radar,56,23,48,11,138,0,3,39,3,45,56,26,87,14,183,8,0,8,191
08/18/2019,LIT,AR,ASW,CE,Combined TRACON& Tower with Radar,62,34,42,26,164,0,5,15,8,28,62,39,57,34,192,0,0,0,192
08/19/2019,LIT,AR,ASW,CE,Combined TRACON& Tower with Radar,72,47,78,23,220,0,11,50,5,66,72,58,128,28,286,0,4,4,290
08/20/2019,LIT,AR,ASW,CE,Combined TRACON& Tower with Radar,70,43,82,62,257,0,2,60,1,63,70,45,142,63,320,0,26,26,346
08/21/2019,LIT,AR,ASW,CE,Combined TRACON& Tower with Radar,76,39,71,80,266,0,4,49,9,62,76,43,120,89,328,0,12,12,340
08/22/2019,LIT,AR,ASW,CE,Combined TRACON& Tower with Radar,74,32,85,20,211,0,5,26,1,32,74,37,111,21,243,0,2,2,245
08/23/2019,LIT,AR,ASW,CE,Combined TRACON& Tower with Radar,78,27,73,35,213,0,4,13,0,17,78,31,86,35,230,0,18,18,248
08/24/2019,LIT,AR,ASW,CE,Combined TRACON& Tower with Radar,53,22,18,3,96,0,0,1,0,1,53,22,19,3,97,0,0,0,97
08/25/2019,LIT,AR,ASW,CE,Combined TRACON& Tower with Radar,63,22,31,2,118,0,4,4,0,8,63,26,35,2,126,0,0,0,126
08/26/2019,LIT,AR,ASW,CE,Combined TRACON& Tower with Radar,75,30,68,69,242,0,2,32,0,34,75,32,100,69,276,4,8,12,288
08/27/2019,LIT,AR,ASW,CE,Combined TRACON& Tower with Radar,70,38,77,4,189,0,2,27,0,29,70,40,104,4,218,8,0,8,226
08/28/2019,LIT,AR,ASW,CE,Combined TRACON& Tower with Radar,79,34,74,18,205,0,7,45,7,59,79,41,119,25,264,14,8,22,286
08/29/2019,LIT,AR,ASW,CE,Combined TRACON& Tower with Radar,75,27,84,29,215,0,2,63,1,66,75,29,147,30,281,26,0,26,307
08/30/2019,LIT,AR,ASW,CE,Combined TRACON& Tower with Radar,86,33,67,2,188,0,3,24,0,27,86,36,91,2,215,0,0,0,215
08/31/2019,LIT,AR,ASW,CE,Combined TRACON& Tower with Radar,52,15,20,12,99,0,5,36,0,41,52,20,56,12,140,2,0,2,142
09/01/2019,LIT,AR,ASW,CE,Combined TRACON& Tower with Radar,52,21,14,0,87,0,6,10,0,16,52,27,24,0,103,0,0,0,103
09/02/2019,LIT,AR,ASW,CE,Combined TRACON& Tower with Radar,66,33,39,0,138,0,3,24,0,27,66,36,63,0,165,12,0,12,177
09/03/2019,LIT,AR,ASW,CE,Combined TRACON& Tower with Radar,72,33,59,47,211,0,6,43,14,63,72,39,102,61,274,6,20,26,300
09/04/2019,LIT,AR,ASW,CE,Combined TRACON& Tower with Radar,80,35,82,39,236,0,2,35,6,43,80,37,117,45,279,12,2,14,293
09/05/2019,LIT,AR,ASW,CE,Combined TRACON& Tower with Radar,80,33,77,27,217,0,2,50,1,53,80,35,127,28,270,0,4,4,274
09/06/2019,LIT,AR,ASW,CE,Combined TRACON& Tower with Radar,78,33,52,68,231,0,1,37,3,41,78,34,89,71,272,0,8,8,280
09/07/2019,LIT,AR,ASW,CE,Combined TRACON& Tower with Radar,57,29,35,7,128,0,6,17,10,33,57,35,52,17,161,4,8,12,173
09/08/2019,LIT,AR,ASW,CE,Combined TRACON& Tower with Radar,69,35,31,22,157,0,2,38,0,40,69,37,69,22,197,0,12,12,209
09/09/2019,LIT,AR,ASW,CE,Combined TRACON& Tower with Radar,78,29,43,14,164,0,4,16,2,22,78,33,59,16,186,24,23,47,233
09/10/2019,LIT,AR,ASW,CE,Combined TRACON& Tower with Radar,79,36,65,59,239,0,1,26,6,33,79,37,91,65,272,8,10,18,290
09/11/2019,LIT,AR,ASW,CE,Combined TRACON& Tower with Radar,79,43,72,17,211,0,1,44,4,49,79,44,116,21,260,8,2,10,270
09/12/2019,LIT,AR,ASW,CE,Combined TRACON& Tower with Radar,82,32,101,45,260,0,7,39,8,54,82,39,140,53,314,6,6,12,326
09/13/2019,LIT,AR,ASW,CE,Combined TRACON& Tower with Radar,80,38,84,59,261,0,4,42,0,46,80,42,126,59,307,12,16,28,335
09/14/2019,LIT,AR,ASW,CE,Combined TRACON& Tower with Radar,58,25,34,12,129,0,7,27,1,35,58,32,61,13,164,6,6,12,176
09/15/2019,LIT,AR,ASW,CE,Combined TRACON& Tower with Radar,66,27,38,1,132,0,0,38,7,45,66,27,76,8,177,6,14,20,197
09/16/2019,LIT,AR,ASW,CE,Combined TRACON& Tower with Radar,78,40,58,62,238,0,3,43,16,62,78,43,101,78,300,2,24,26,326
09/17/2019,LIT,AR,ASW,CE,Combined TRACON& Tower with Radar,81,34,77,68,260,0,2,45,2,49,81,36,122,70,309,0,14,14,323
09/18/2019,LIT,AR,ASW,CE,Combined TRACON& Tower with Radar,83,43,87,29,242,0,6,52,10,68,83,49,139,39,310,0,6,6,316
09/19/2019,LIT,AR,ASW,CE,Combined TRACON& Tower with Radar,78,27,87,26,218,0,3,24,2,29,78,30,111,28,247,0,50,50,297
09/20/2019,LIT,AR,ASW,CE,Combined TRACON& Tower with Radar,81,31,66,2,180,0,5,8,0,13,81,36,74,2,193,14,0,14,207
09/21/2019,LIT,AR,ASW,CE,Combined TRACON& Tower with Radar,57,29,33,1,120,0,4,32,1,37,57,33,65,2,157,6,6,12,169
09/22/2019,LIT,AR,ASW,CE,Combined TRACON& Tower with Radar,71,30,63,3,167,0,1,10,3,14,71,31,73,6,181,0,0,0,181
09/23/2019,LIT,AR,ASW,CE,Combined TRACON& Tower with Radar,76,28,68,7,179,0,1,7,0,8,76,29,75,7,187,0,0,0,187
09/24/2019,LIT,AR,ASW,CE,Combined TRACON& Tower with Radar,82,43,74,25,224,0,3,8,0,11,82,46,82,25,235,0,0,0,235
09/25/2019,LIT,AR,ASW,CE,Combined TRACON& Tower with Radar,86,46,98,10,240,0,2,21,1,24,86,48,119,11,264,2,0,2,266
09/26/2019,LIT,AR,ASW,CE,Combined TRACON& Tower with Radar,81,31,94,37,243,0,5,16,5,26,81,36,110,42,269,2,8,10,279
09/27/2019,LIT,AR,ASW,CE,Combined TRACON& Tower with Radar,77,30,60,57,224,0,0,43,1,44,77,30,103,58,268,44,18,62,330
09/28/2019,LIT,AR,ASW,CE,Combined TRACON& Tower with Radar,55,19,39,6,119,0,7,33,0,40,55,26,72,6,159,16,0,16,175
09/29/2019,LIT,AR,ASW,CE,Combined TRACON& Tower with Radar,67,23,53,2,145,0,4,40,0,44,67,27,93,2,189,6,0,6,195
09/30/2019,LIT,AR,ASW,CE,Combined TRACON& Tower with Radar,78,23,50,14,165,0,4,53,7,64,78,27,103,21,229,4,12,16,245
10/01/2019,LIT,AR,ASW,CE,Combined TRACON& Tower with Radar,82,34,70,26,212,0,11,33,5,49,82,45,103,31,261,12,8,20,281
10/02/2019,LIT,AR,ASW,CE,Combined TRACON& Tower with Radar,82,33,66,26,207,0,1,43,4,48,82,34,109,30,255,0,16,16,271
10/03/2019,LIT,AR,ASW,CE,Combined TRACON& Tower with Radar,80,32,66,51,229,0,8,28,7,43,80,40,94,58,272,0,2,2,274
10/04/2019,LIT,AR,ASW,CE,Combined TRACON& Tower with Radar,80,34,52,38,204,0,4,32,10,46,80,38,84,48,250,14,22,36,286
10/05/2019,LIT,AR,ASW,CE,Combined TRACON& Tower with Radar,62,17,22,5,106,0,9,35,3,47,62,26,57,8,153,0,0,0,153
10/06/2019,LIT,AR,ASW,CE,Combined TRACON& Tower with Radar,72,32,45,0,149,0,1,11,0,12,72,33,56,0,161,0,0,0,161
10/07/2019,LIT,AR,ASW,CE,Combined TRACON& Tower with Radar,77,31,62,76,246,0,1,29,8,38,77,32,91,84,284,0,16,16,300
10/08/2019,LIT,AR,ASW,CE,Combined TRACON& Tower with Radar,84,35,72,34,225,0,2,57,2,61,84,37,129,36,286,0,26,26,312
10/09/2019,LIT,AR,ASW,CE,Combined TRACON& Tower with Radar,79,37,96,28,240,0,4,54,4,62,79,41,150,32,302,12,8,20,322
10/10/2019,LIT,AR,ASW,CE,Combined TRACON& Tower with Radar,79,27,77,46,229,0,1,28,0,29,79,28,105,46,258,0,18,18,276
10/11/2019,LIT,AR,ASW,CE,Combined TRACON& Tower with Radar,81,34,58,10,183,0,7,13,0,20,81,41,71,10,203,2,0,2,205
10/12/2019,LIT,AR,ASW,CE,Combined TRACON& Tower with Radar,62,20,33,2,117,0,10,59,0,69,62,30,92,2,186,0,0,0,186
10/13/2019,LIT,AR,ASW,CE,Combined TRACON& Tower with Radar,73,28,37,14,152,0,7,43,2,52,73,35,80,16,204,2,0,2,206
10/14/2019,LIT,AR,ASW,CE,Combined TRACON& Tower with Radar,75,28,62,15,180,0,5,34,1,40,75,33,96,16,220,6,4,10,230
10/15/2019,LIT,AR,ASW,CE,Combined TRACON& Tower with Radar,80,25,63,8,176,0,0,0,0,0,80,25,63,8,176,0,0,0,176
10/16/2019,LIT,AR,ASW,CE,Combined TRACON& Tower with Radar,84,39,69,42,234,0,3,82,16,101,84,42,151,58,335,10,18,28,363
10/17/2019,LIT,AR,ASW,CE,Combined TRACON& Tower with Radar,85,36,88,36,245,0,0,49,2,51,85,36,137,38,296,8,6,14,310
10/18/2019,LIT,AR,ASW,CE,Combined TRACON& Tower with Radar,81,30,61,69,241,0,4,32,9,45,81,34,93,78,286,6,16,22,308
10/19/2019,LIT,AR,ASW,CE,Combined TRACON& Tower with Radar,62,21,46,28,157,0,11,31,9,51,62,32,77,37,208,2,50,52,260
10/20/2019,LIT,AR,ASW,CE,Combined TRACON& Tower with Radar,92,20,47,59,218,0,6,25,6,37,92,26,72,65,255,0,8,8,263
10/21/2019,LIT,AR,ASW,CE,Combined TRACON& Tower with Radar,78,27,45,52,202,0,3,22,5,30,78,30,67,57,232,6,43,49,281
10/22/2019,LIT,AR,ASW,CE,Combined TRACON& Tower with Radar,83,27,64,31,205,0,5,52,6,63,83,32,116,37,268,6,25,31,299
10/23/2019,LIT,AR,ASW,CE,Combined TRACON& Tower with Radar,81,29,69,11,190,0,5,45,5,55,81,34,114,16,245,8,18,26,271
10/24/2019,LIT,AR,ASW,CE,Combined TRACON& Tower with Radar,71,43,90,30,234,0,4,42,4,50,71,47,132,34,284,2,10,12,296
10/25/2019,LIT,AR,ASW,CE,Combined TRACON& Tower with Radar,81,38,56,15,190,0,1,3,0,4,81,39,59,15,194,4,0,4,198
10/26/2019,LIT,AR,ASW,CE,Combined TRACON& Tower with Radar,62,32,34,2,130,0,2,6,0,8,62,34,40,2,138,0,0,0,138
10/27/2019,LIT,AR,ASW,CE,Combined TRACON& Tower with Radar,67,29,69,2,167,0,4,25,0,29,67,33,94,2,196,0,0,0,196
10/28/2019,LIT,AR,ASW,CE,Combined TRACON& Tower with Radar,61,38,64,23,186,0,0,1,0,1,61,38,65,23,187,0,0,0,187
10/29/2019,LIT,AR,ASW,CE,Combined TRACON& Tower with Radar,66,38,62,70,236,0,1,9,2,12,66,39,71,72,248,2,25,27,275
10/30/2019,LIT,AR,ASW,CE,Combined TRACON& Tower with Radar,69,49,57,4,179,0,0,0,0,0,69,49,57,4,179,0,0,0,179
10/31/2019,LIT,AR,ASW,CE,Combined TRACON& Tower with Radar,60,37,46,40,183,0,5,14,4,23,60,42,60,44,206,0,8,8,214
11/01/2019,LIT,AR,ASW,CE,Combined TRACON& Tower with Radar,70,35,68,58,231,0,6,38,21,65,70,41,106,79,296,22,16,38,334
11/02/2019,LIT,AR,ASW,CE,Combined TRACON& Tower with Radar,57,29,31,23,140,0,1,44,8,53,57,30,75,31,193,10,0,10,203
11/03/2019,LIT,AR,ASW,CE,Combined TRACON& Tower with Radar,67,33,53,6,159,0,1,46,1,48,67,34,99,7,207,14,0,14,221
11/04/2019,LIT,AR,ASW,CE,Combined TRACON& Tower with Radar,69,42,78,23,212,0,7,50,3,60,69,49,128,26,272,10,8,18,290
11/05/2019,LIT,AR,ASW,CE,Combined TRACON& Tower with Radar,75,34,77,21,207,0,2,50,8,60,75,36,127,29,267,12,42,54,321
11/06/2019,LIT,AR,ASW,CE,Combined TRACON& Tower with Radar,73,40,70,4,187,0,3,20,2,25,73,43,90,6,212,6,6,12,224
11/07/2019,LIT,AR,ASW,CE,Combined TRACON& Tower with Radar,74,48,51,17,190,0,2,0,3,5,74,50,51,20,195,0,0,0,195
11/08/2019,LIT,AR,ASW,CE,Combined TRACON& Tower with Radar,75,45,75,30,225,0,0,39,0,39,75,45,114,30,264,6,2,8,272
11/09/2019,LIT,AR,ASW,CE,Combined TRACON& Tower with Radar,55,27,24,1,107,0,2,48,1,51,55,29,72,2,158,13,0,13,171
11/10/2019,LIT,AR,ASW,CE,Combined TRACON& Tower with Radar,65,39,47,4,155,0,1,42,0,43,65,40,89,4,198,8,0,8,206
11/11/2019,LIT,AR,ASW,CE,Combined TRACON& Tower with Radar,64,34,32,0,130,0,1,3,0,4,64,35,35,0,134,0,0,0,134
11/12/2019,LIT,AR,ASW,CE,Combined TRACON& Tower with Radar,79,41,73,22,215,0,4,49,7,60,79,45,122,29,275,4,22,26,301
11/13/2019,LIT,AR,ASW,CE,Combined TRACON& Tower with Radar,78,48,89,24,239,0,1,53,3,57,78,49,142,27,296,36,17,53,349
11/14/2019,LIT,AR,ASW,CE,Combined TRACON& Tower with Radar,75,52,76,23,226,0,3,58,7,68,75,55,134,30,294,2,21,23,317
11/15/2019,LIT,AR,ASW,CE,Combined TRACON& Tower with Radar,70,68,83,52,273,0,4,61,8,73,70,72,144,60,346,7,14,21,367
11/16/2019,LIT,AR,ASW,CE,Combined TRACON& Tower with Radar,55,36,27,18,136,0,5,50,1,56,55,41,77,19,192,13,0,13,205
11/17/2019,LIT,AR,ASW,CE,Combined TRACON& Tower with Radar,67,46,35,17,165,0,4,36,2,42,67,50,71,19,207,12,0,12,219
11/18/2019,LIT,AR,ASW,CE,Combined TRACON& Tower with Radar,68,42,43,29,182,0,2,41,3,46,68,44,84,32,228,0,4,4,232
11/19/2019,LIT,AR,ASW,CE,Combined TRACON& Tower with Radar,78,50,79,25,232,2,2,54,4,62,80,52,133,29,294,4,4,8,302
11/20/2019,LIT,AR,ASW,CE,Combined TRACON& Tower with Radar,76,54,82,30,242,0,3,58,7,68,76,57,140,37,310,36,0,36,346
11/21/2019,LIT,AR,ASW,CE,Combined TRACON& Tower with Radar,74,47,97,8,226,0,1,1,0,2,74,48,98,8,228,0,0,0,228
11/22/2019,LIT,AR,ASW,CE,Combined TRACON& Tower with Radar,70,58,66,2,196,0,0,0,0,0,70,58,66,2,196,0,0,0,196
11/23/2019,LIT,AR,ASW,CE,Combined TRACON& Tower with Radar,57,32,32,4,125,0,7,20,3,30,57,39,52,7,155,9,0,9,164
11/24/2019,LIT,AR,ASW,CE,Combined TRACON& Tower with Radar,69,42,45,1,157,0,3,29,4,36,69,45,74,5,193,0,0,0,193
11/25/2019,LIT,AR,ASW,CE,Combined TRACON& Tower with Radar,61,37,54,10,162,0,5,51,4,60,61,42,105,14,222,0,12,12,234
11/26/2019,LIT,AR,ASW,CE,Combined TRACON& Tower with Radar,79,48,48,6,181,0,2,0,0,2,79,50,48,6,183,0,0,0,183
11/27/2019,LIT,AR,ASW,CE,Combined TRACON& Tower with Radar,76,52,56,28,212,0,2,11,0,13,76,54,67,28,225,0,4,4,229
11/28/2019,LIT,AR,ASW,CE,Combined TRACON& Tower with Radar,38,22,24,0,84,0,2,1,0,3,38,24,25,0,87,0,0,0,87
11/29/2019,LIT,AR,ASW,CE,Combined TRACON& Tower with Radar,51,40,44,0,135,0,3,2,0,5,51,43,46,0,140,12,0,12,152
11/30/2019,LIT,AR,ASW,CE,Combined TRACON& Tower with Radar,61,45,22,0,128,0,3,1,0,4,61,48,23,0,132,0,0,0,132
12/01/2019,LIT,AR,ASW,CE,Combined TRACON& Tower with Radar,67,40,60,2,169,0,8,13,2,23,67,48,73,4,192,12,0,12,204
12/02/2019,LIT,AR,ASW,CE,Combined TRACON& Tower with Radar,67,44,55,26,192,0,2,33,2,37,67,46,88,28,229,8,0,8,237
12/03/2019,LIT,AR,ASW,CE,Combined TRACON& Tower with Radar,73,45,80,6,204,0,6,46,0,52,73,51,126,6,256,0,0,0,256
12/04/2019,LIT,AR,ASW,CE,Combined TRACON& Tower with Radar,72,38,71,18,199,0,4,50,0,54,72,42,121,18,253,25,0,25,278
12/05/2019,LIT,AR,ASW,CE,Combined TRACON& Tower with Radar,74,38,84,13,209,0,5,51,5,61,74,43,135,18,270,0,4,4,274
12/06/2019,LIT,AR,ASW,CE,Combined TRACON& Tower with Radar,70,36,62,7,175,0,7,37,5,49,70,43,99,12,224,0,0,0,224
12/07/2019,LIT,AR,ASW,CE,Combined TRACON& Tower with Radar,52,19,40,17,128,0,2,36,6,44,52,21,76,23,172,2,0,2,174
12/08/2019,LIT,AR,ASW,CE,Combined TRACON& Tower with Radar,65,29,50,9,153,0,0,1,0,1,65,29,51,9,154,0,0,0,154
12/09/2019,LIT,AR,ASW,CE,Combined TRACON& Tower with Radar,63,44,85,17,209,0,8,11,0,19,63,52,96,17,228,0,0,0,228
12/10/2019,LIT,AR,ASW,CE,Combined TRACON& Tower with Radar,63,50,61,8,182,0,3,17,1,21,63,53,78,9,203,0,18,18,221
12/11/2019,LIT,AR,ASW,CE,Combined TRACON& Tower with Radar,65,55,85,5,210,0,7,56,1,64,65,62,141,6,274,0,0,0,274
12/12/2019,LIT,AR,ASW,CE,Combined TRACON& Tower with Radar,69,50,95,36,250,0,2,78,6,86,69,52,173,42,336,9,4,13,349
12/13/2019,LIT,AR,ASW,CE,Combined TRACON& Tower with Radar,68,45,86,51,250,0,3,29,3,35,68,48,115,54,285,2,38,40,325
12/14/2019,LIT,AR,ASW,CE,Combined TRACON& Tower with Radar,51,28,49,10,138,0,5,31,1,37,51,33,80,11,175,6,0,6,181
12/15/2019,LIT,AR,ASW,CE,Combined TRACON& Tower with Radar,67,32,50,3,152,0,0,0,0,0,67,32,50,3,152,16,0,16,168
12/16/2019,LIT,AR,ASW,CE,Combined TRACON& Tower with Radar,62,37,34,1,134,0,3,0,0,3,62,40,34,1,137,0,0,0,137
12/17/2019,LIT,AR,ASW,CE,Combined TRACON& Tower with Radar,68,42,58,17,185,0,3,40,4,47,68,45,98,21,232,4,2,6,238
12/18/2019,LIT,AR,ASW,CE,Combined TRACON& Tower with Radar,66,57,77,17,217,0,0,65,0,65,66,57,142,17,282,0,15,15,297
12/19/2019,LIT,AR,ASW,CE,Combined TRACON& Tower with Radar,65,67,58,8,198,0,5,47,2,54,65,72,105,10,252,12,2,14,266
12/20/2019,LIT,AR,ASW,CE,Combined TRACON& Tower with Radar,68,41,78,13,200,0,6,38,2,46,68,47,116,15,246,10,6,16,262
12/21/2019,LIT,AR,ASW,CE,Combined TRACON& Tower with Radar,62,39,36,1,138,0,7,48,0,55,62,46,84,1,193,0,0,0,193
12/22/2019,LIT,AR,ASW,CE,Combined TRACON& Tower with Radar,78,30,36,2,146,0,5,22,0,27,78,35,58,2,173,0,0,0,173
12/23/2019,LIT,AR,ASW,CE,Combined TRACON& Tower with Radar,69,29,44,9,151,0,4,57,1,62,69,33,101,10,213,6,8,14,227
12/24/2019,LIT,AR,ASW,CE,Combined TRACON& Tower with Radar,61,22,12,0,95,0,8,31,0,39,61,30,43,0,134,2,0,2,136
12/25/2019,LIT,AR,ASW,CE,Combined TRACON& Tower with Radar,41,22,11,0,74,0,7,17,0,24,41,29,28,0,98,0,0,0,98
12/26/2019,LIT,AR,ASW,CE,Combined TRACON& Tower with Radar,64,31,55,0,150,0,7,21,0,28,64,38,76,0,178,4,0,4,182
12/27/2019,LIT,AR,ASW,CE,Combined TRACON& Tower with Radar,62,35,43,0,140,0,1,0,0,1,62,36,43,0,141,0,0,0,141
12/28/2019,LIT,AR,ASW,CE,Combined TRACON& Tower with Radar,62,31,25,0,118,0,0,0,0,0,62,31,25,0,118,0,0,0,118
12/29/2019,LIT,AR,ASW,CE,Combined TRACON& Tower with Radar,64,31,35,0,130,0,2,1,0,3,64,33,36,0,133,0,0,0,133
12/30/2019,LIT,AR,ASW,CE,Combined TRACON& Tower with Radar,58,28,59,1,146,0,0,34,2,36,58,28,93,3,182,0,4,4,186
12/31/2019,LIT,AR,ASW,CE,Combined TRACON& Tower with Radar,58,20,23,0,101,0,6,53,0,59,58,26,76,0,160,0,0,0,160
01/01/2020,LIT,AR,ASW,CE,Combined TRACON& Tower with Radar,47,19,20,0,86,0,5,15,0,20,47,24,35,0,106,0,0,0,106
01/02/2020,LIT,AR,ASW,CE,Combined TRACON& Tower with Radar,62,32,35,2,131,0,1,1,0,2,62,33,36,2,133,0,0,0,133
01/03/2020,LIT,AR,ASW,CE,Combined TRACON& Tower with Radar,61,34,34,3,132,0,2,5,0,7,61,36,39,3,139,0,0,0,139
01/04/2020,LIT,AR,ASW,CE,Combined TRACON& Tower with Radar,52,35,43,2,132,0,5,28,0,33,52,40,71,2,165,14,0,14,179
01/05/2020,LIT,AR,ASW,CE,Combined TRACON& Tower with Radar,62,29,30,1,122,0,3,39,0,42,62,32,69,1,164,8,0,8,172
01/06/2020,LIT,AR,ASW,CE,Combined TRACON& Tower with Radar,60,34,43,10,147,0,9,38,2,49,60,43,81,12,196,4,6,10,206
01/07/2020,LIT,AR,ASW,CE,Combined TRACON& Tower with Radar,63,41,54,26,184,0,5,51,1,57,63,46,105,27,241,0,4,4,245
01/08/2020,LIT,AR,ASW,CE,Combined TRACON& Tower with Radar,64,43,62,7,176,0,3,51,0,54,64,46,113,7,230,0,8,8,238
01/09/2020,LIT,AR,ASW,CE,Combined TRACON& Tower with Radar,64,49,65,28,206,0,2,6,3,11,64,51,71,31,217,0,18,18,235
01/10/2020,LIT,AR,ASW,CE,Combined TRACON& Tower with Radar,59,40,35,7,141,0,1,0,0,1,59,41,35,7,142,0,0,0,142
01/11/2020,LIT,AR,ASW,CE,Combined TRACON& Tower with Radar,49,21,24,17,111,0,3,0,0,3,49,24,24,17,114,0,0,0,114
01/12/2020,LIT,AR,ASW,CE,Combined TRACON& Tower with Radar,64,34,52,4,154,0,0,3,0,3,64,34,55,4,157,0,0,0,157
01/13/2020,LIT,AR,ASW,CE,Combined TRACON& Tower with Radar,60,29,50,12,151,0,1,10,2,13,60,30,60,14,164,0,14,14,178
01/14/2020,LIT,AR,ASW,CE,Combined TRACON& Tower with Radar,62,41,60,2,165,0,0,0,0,0,62,41,60,2,165,0,0,0,165
01/15/2020,LIT,AR,ASW,CE,Combined TRACON& Tower with Radar,63,40,51,20,174,0,1,1,0,2,63,41,52,20,176,0,0,0,176
01/16/2020,LIT,AR,ASW,CE,Combined TRACON& Tower with Radar,67,47,65,35,214,0,2,21,10,33,67,49,86,45,247,4,30,34,281
01/17/2020,LIT,AR,ASW,CE,Combined TRACON& Tower with Radar,58,33,52,9,152,0,1,11,2,14,58,34,63,11,166,6,8,14,180
01/18/2020,LIT,AR,ASW,CE,Combined TRACON& Tower with Radar,44,21,41,8,114,0,2,17,4,23,44,23,58,12,137,12,12,24,161
01/19/2020,LIT,AR,ASW,CE,Combined TRACON& Tower with Radar,60,30,27,0,117,0,14,31,1,46,60,44,58,1,163,6,0,6,169
01/20/2020,LIT,AR,ASW,CE,Combined TRACON& Tower with Radar,61,36,73,10,180,0,4,43,0,47,61,40,116,10,227,4,2,6,233
01/21/2020,LIT,AR,ASW,CE,Combined TRACON& Tower with Radar,62,44,71,17,194,0,9,39,3,51,62,53,110,20,245,22,6,28,273
01/22/2020,LIT,AR,ASW,CE,Combined TRACON& Tower with Radar,60,42,51,8,161,0,2,5,2,9,60,44,56,10,170,0,18,18,188
01/23/2020,LIT,AR,ASW,CE,Combined TRACON& Tower with Radar,66,46,55,0,167,0,1,0,0,1,66,47,55,0,168,0,0,0,168
01/24/2020,LIT,AR,ASW,CE,Combined TRACON& Tower with Radar,62,41,56,19,178,0,2,24,2,28,62,43,80,21,206,0,16,16,222
01/25/2020,LIT,AR,ASW,CE,Combined TRACON& Tower with Radar,54,25,23,7,109,0,3,42,2,47,54,28,65,9,156,0,0,0,156
01/26/2020,LIT,AR,ASW,CE,Combined TRACON& Tower with Radar,59,33,33,15,140,0,1,3,0,4,59,34,36,15,144,0,0,0,144
01/27/2020,LIT,AR,ASW,CE,Combined TRACON& Tower with Radar,60,36,50,10,156,0,1,32,4,37,60,37,82,14,193,0,22,22,215
01/28/2020,LIT,AR,ASW,CE,Combined TRACON& Tower with Radar,60,40,42,2,144,0,1,0,0,1,60,41,42,2,145,0,0,0,145
01/29/2020,LIT,AR,ASW,CE,Combined TRACON& Tower with Radar,60,41,61,8,170,0,1,0,0,1,60,42,61,8,171,0,0,0,171
01/30/2020,LIT,AR,ASW,CE,Combined TRACON& Tower with Radar,64,41,84,12,201,0,0,0,0,0,64,41,84,12,201,0,0,0,201
01/31/2020,LIT,AR,ASW,CE,Combined TRACON& Tower with Radar,62,59,83,89,293,0,1,17,3,21,62,60,100,92,314,8,14,22,336
02/01/2020,LIT,AR,ASW,ES,Combined TRACON& Tower with Radar,45,31,22,10,108,0,9,45,26,80,45,40,67,36,188,10,14,24,212
02/02/2020,LIT,AR,ASW,ES,Combined TRACON& Tower with Radar,57,29,38,15,139,0,10,45,9,64,57,39,83,24,203,8,0,8,211
02/03/2020,LIT,AR,ASW,ES,Combined TRACON& Tower with Radar,57,37,36,8,138,0,2,11,15,28,57,39,47,23,166,0,0,0,166
02/04/2020,LIT,AR,ASW,ES,Combined TRACON& Tower with Radar,62,39,64,2,167,0,2,0,0,2,62,41,64,2,169,0,0,0,169
02/05/2020,LIT,AR,ASW,ES,Combined TRACON& Tower with Radar,59,36,35,4,134,0,0,0,0,0,59,36,35,4,134,0,0,0,134
02/06/2020,LIT,AR,ASW,ES,Combined TRACON& Tower with Radar,64,48,64,12,188,0,2,3,2,7,64,50,67,14,195,0,0,0,195
02/07/2020,LIT,AR,ASW,ES,Combined TRACON& Tower with Radar,62,40,76,28,206,0,3,48,0,51,62,43,124,28,257,0,0,0,257
02/08/2020,LIT,AR,ASW,ES,Combined TRACON& Tower with Radar,51,22,19,8,100,0,7,82,0,89,51,29,101,8,189,4,4,8,197
02/09/2020,LIT,AR,ASW,ES,Combined TRACON& Tower with Radar,58,27,34,3,122,0,0,8,0,8,58,27,42,3,130,0,0,0,130
02/10/2020,LIT,AR,ASW,ES,Combined TRACON& Tower with Radar,58,30,39,18,145,0,1,0,0,1,58,31,39,18,146,0,0,0,146
02/11/2020,LIT,AR,ASW,ES,Combined TRACON& Tower with Radar,63,34,52,10,159,0,2,2,0,4,63,36,54,10,163,14,0,14,177
02/12/2020,LIT,AR,ASW,ES,Combined TRACON& Tower with Radar,60,33,36,8,137,0,1,0,0,1,60,34,36,8,138,0,0,0,138
02/13/2020,LIT,AR,ASW,ES,Combined TRACON& Tower with Radar,64,54,79,45,242,0,3,48,5,56,64,57,127,50,298,18,58,76,374
02/14/2020,LIT,AR,ASW,ES,Combined TRACON& Tower with Radar,65,38,58,35,196,0,3,42,3,48,65,41,100,38,244,22,12,34,278
02/15/2020,LIT,AR,ASW,ES,Combined TRACON& Tower with Radar,47,22,29,0,98,0,0,77,0,77,47,22,106,0,175,8,0,8,183
02/16/2020,LIT,AR,ASW,ES,Combined TRACON& Tower with Radar,61,25,49,0,135,0,4,23,0,27,61,29,72,0,162,0,0,0,162
02/17/2020,LIT,AR,ASW,ES,Combined TRACON& Tower with Radar,62,35,50,0,147,0,2,4,0,6,62,37,54,0,153,0,0,0,153
02/18/2020,LIT,AR,ASW,ES,Combined TRACON& Tower with Radar,68,40,63,8,179,0,3,0,0,3,68,43,63,8,182,0,0,0,182
02/19/2020,LIT,AR,ASW,ES,Combined TRACON& Tower with Radar,72,38,68,56,234,0,2,57,11,70,72,40,125,67,304,4,32,36,340
02/20/2020,LIT,AR,ASW,ES,Combined TRACON& Tower with Radar,68,49,99,36,252,0,2,21,2,25,68,51,120,38,277,0,0,0,277
02/21/2020,LIT,AR,ASW,ES,Combined TRACON& Tower with Radar,64,54,40,37,195,0,6,67,3,76,64,60,107,40,271,2,49,51,322
02/22/2020,LIT,AR,ASW,ES,Combined TRACON& Tower with Radar,50,22,41,6,119,0,2,54,0,56,50,24,95,6,175,2,0,2,177
02/23/2020,LIT,AR,ASW,ES,Combined TRACON& Tower with Radar,60,42,46,0,148,0,3,9,0,12,60,45,55,0,160,0,0,0,160
02/24/2020,LIT,AR,ASW,ES,Combined TRACON& Tower with Radar,61,43,43,12,159,0,9,4,4,17,61,52,47,16,176,4,16,20,196
02/25/2020,LIT,AR,ASW,ES,Combined TRACON& Tower with Radar,67,47,55,15,184,0,1,32,6,39,67,48,87,21,223,22,4,26,249
02/26/2020,LIT,AR,ASW,ES,Combined TRACON& Tower with Radar,64,45,44,16,169,0,0,20,1,21,64,45,64,17,190,8,12,20,210
02/27/2020,LIT,AR,ASW,ES,Combined TRACON& Tower with Radar,68,40,88,22,218,0,5,77,4,86,68,45,165,26,304,20,19,39,343
02/28/2020,LIT,AR,ASW,ES,Combined TRACON& Tower with Radar,64,40,55,51,210,1,6,54,1,62,65,46,109,52,272,10,10,20,292
02/29/2020,LIT,AR,ASW,ES,Combined TRACON& Tower with Radar,51,25,56,5,137,0,3,59,2,64,51,28,115,7,201,0,0,0,201
03/01/2020,LIT,AR,ASW,ES,Combined TRACON& Tower with Radar,64,42,30,4,140,0,4,6,0,10,64,46,36,4,150,10,0,10,160
03/02/2020,LIT,AR,ASW,ES,Combined TRACON& Tower with Radar,60,38,52,27,177,0,1,6,0,7,60,39,58,27,184,14,19,33,217
03/03/2020,LIT,AR,ASW,ES,Combined TRACON& Tower with Radar,66,36,49,6,157,0,2,37,3,42,66,38,86,9,199,0,0,0,199
03/04/2020,LIT,AR,ASW,ES,Combined TRACON& Tower with Radar,67,42,72,32,213,0,1,32,1,34,67,43,104,33,247,28,0,28,275
03/05/2020,LIT,AR,ASW,ES,Combined TRACON& Tower with Radar,73,33,76,29,211,0,3,51,9,63,73,36,127,38,274,4,44,48,322
03/06/2020,LIT,AR,ASW,ES,Combined TRACON& Tower with Radar,69,44,74,33,220,0,6,69,7,82,69,50,143,40,302,0,16,16,318
03/07/2020,LIT,AR,ASW,ES,Combined TRACON& Tower with Radar,56,25,29,18,128,0,4,48,6,58,56,29,77,24,186,14,2,16,202
03/08/2020,LIT,AR,ASW,ES,Combined TRACON& Tower with Radar,68,34,55,6,163,0,2,27,0,29,68,36,82,6,192,0,0,0,192
03/09/2020,LIT,AR,ASW,ES,Combined TRACON& Tower with Radar,66,40,42,2,150,0,3,5,0,8,66,43,47,2,158,0,0,0,158
03/10/2020,LIT,AR,ASW,ES,Combined TRACON& Tower with Radar,76,39,61,19,195,0,5,35,4,44,76,44,96,23,239,0,22,22,261
03/11/2020,LIT,AR,ASW,ES,Combined TRACON& Tower with Radar,74,33,90,27,224,0,7,8,2,17,74,40,98,29,241,6,12,18,259
03/12/2020,LIT,AR,ASW,ES,Combined TRACON& Tower with Radar,79,42,58,7,186,0,3,2,10,15,79,45,60,17,201,0,38,38,239
03/13/2020,LIT,AR,ASW,ES,Combined TRACON& Tower with Radar,71,31,38,9,149,0,0,10,1,11,71,31,48,10,160,2,18,20,180
03/14/2020,LIT,AR,ASW,ES,Combined TRACON& Tower with Radar,59,20,23,2,104,0,3,0,0,3,59,23,23,2,107,0,0,0,107
03/15/2020,LIT,AR,ASW,ES,Combined TRACON& Tower with Radar,63,30,36,4,133,0,2,4,0,6,63,32,40,4,139,0,0,0,139
03/16/2020,LIT,AR,ASW,ES,Combined TRACON& Tower with Radar,68,29,32,0,129,0,0,2,0,2,68,29,34,0,131,0,0,0,131
03/17/2020,LIT,AR,ASW,ES,Combined TRACON& Tower with Radar,83,30,40,8,161,0,2,8,0,10,83,32,48,8,171,10,0,10,181
03/18/2020,LIT,AR,ASW,ES,Combined TRACON& Tower with Radar,70,28,22,8,128,0,4,4,0,8,70,32,26,8,136,2,0,2,138
03/19/2020,LIT,AR,ASW,ES,Combined TRACON& Tower with Radar,65,23,16,8,112,0,3,5,0,8,65,26,21,8,120,0,0,0,120
03/20/2020,LIT,AR,ASW,ES,Combined TRACON& Tower with Radar,58,33,30,31,152,0,5,31,3,39,58,38,61,34,191,18,2,20,211
03/21/2020,LIT,AR,ASW,ES,Combined TRACON& Tower with Radar,49,15,29,2,95,0,5,29,0,34,49,20,58,2,129,6,0,6,135
03/22/2020,LIT,AR,ASW,ES,Combined TRACON& Tower with Radar,49,19,12,0,80,0,0,2,0,2,49,19,14,0,82,0,0,0,82
03/23/2020,LIT,AR,ASW,ES,Combined TRACON& Tower with Radar,45,18,17,42,122,0,3,6,2,11,45,21,23,44,133,0,45,45,178
03/24/2020,LIT,AR,ASW,ES,Combined TRACON& Tower with Radar,48,19,9,2,78,0,3,0,0,3,48,22,9,2,81,0,0,0,81
03/25/2020,LIT,AR,ASW,ES,Combined TRACON& Tower with Radar,45,18,28,11,102,0,7,24,2,33,45,25,52,13,135,0,26,26,161
03/26/2020,LIT,AR,ASW,ES,Combined TRACON& Tower with Radar,48,12,31,16,107,0,7,58,2,67,48,19,89,18,174,2,14,16,190
03/27/2020,LIT,AR,ASW,ES,Combined TRACON& Tower with Radar,37,13,22,3,75,0,3,11,0,14,37,16,33,3,89,0,0,0,89
03/28/2020,LIT,AR,ASW,ES,Combined TRACON& Tower with Radar,31,10,2,0,43,0,9,0,0,9,31,19,2,0,52,0,0,0,52
03/29/2020,LIT,AR,ASW,ES,Combined TRACON& Tower with Radar,20,11,24,0,55,0,3,59,0,62,20,14,83,0,117,0,0,0,117
03/30/2020,LIT,AR,ASW,ES,Combined TRACON& Tower with Radar,31,20,7,4,62,0,1,10,2,13,31,21,17,6,75,16,34,50,125
03/31/2020,LIT,AR,ASW,ES,Combined TRACON& Tower with Radar,31,15,22,4,72,0,2,18,0,20,31,17,40,4,92,22,0,22,114
04/01/2020,LIT,AR,ASW,ES,Combined TRACON& Tower with Radar,37,16,14,15,82,0,1,43,3,47,37,17,57,18,129,0,0,0,129
04/02/2020,LIT,AR,ASW,ES,Combined TRACON& Tower with Radar,46,10,25,9,90,0,0,43,1,44,46,10,68,10,134,0,4,4,138
04/03/2020,LIT,AR,ASW,ES,Combined TRACON& Tower with Radar,42,15,10,9,76,0,2,8,1,11,42,17,18,10,87,10,12,22,109
04/04/2020,LIT,AR,ASW,ES,Combined TRACON& Tower with Radar,33,12,5,0,50,0,1,6,0,7,33,13,11,0,57,0,0,0,57
04/05/2020,LIT,AR,ASW,ES,Combined TRACON& Tower with Radar,32,7,22,0,61,0,1,19,0,20,32,8,41,0,81,0,0,0,81
04/06/2020,LIT,AR,ASW,ES,Combined TRACON& Tower with Radar,32,5,28,4,69,0,5,30,2,37,32,10,58,6,106,18,0,18,124
04/07/2020,LIT,AR,ASW,ES,Combined TRACON& Tower with Radar,33,14,6,2,55,0,4,3,0,7,33,18,9,2,62,0,0,0,62
04/08/2020,LIT,AR,ASW,ES,Combined TRACON& Tower with Radar,36,13,15,4,68,0,5,24,0,29,36,18,39,4,97,0,0,0,97
04/09/2020,LIT,AR,ASW,ES,Combined TRACON& Tower with Radar,32,8,18,12,70,0,1,43,0,44,32,9,61,12,114,6,0,6,120
04/10/2020,LIT,AR,ASW,ES,Combined TRACON& Tower with Radar,35,8,17,24,84,0,4,52,0,56,35,12,69,24,140,9,14,23,163
04/11/2020,LIT,AR,ASW,ES,Combined TRACON& Tower with Radar,24,4,7,0,35,0,2,23,0,25,24,6,30,0,60,0,0,0,60
04/12/2020,LIT,AR,ASW,ES,Combined TRACON& Tower with Radar,27,1,3,0,31,0,1,3,0,4,27,2,6,0,35,0,0,0,35
04/13/2020,LIT,AR,ASW,ES,Combined TRACON& Tower with Radar,33,5,16,24,78,0,4,18,0,22,33,9,34,24,100,0,0,0,100
04/14/2020,LIT,AR,ASW,ES,Combined TRACON& Tower with Radar,37,4,9,5,55,0,2,18,3,23,37,6,27,8,78,0,2,2,80
04/15/2020,LIT,AR,ASW,ES,Combined TRACON& Tower with Radar,36,10,17,12,75,0,0,32,5,37,36,10,49,17,112,18,28,46,158
04/16/2020,LIT,AR,ASW,ES,Combined TRACON& Tower with Radar,34,11,18,18,81,0,3,42,0,45,34,14,60,18,126,0,0,0,126
04/17/2020,LIT,AR,ASW,ES,Combined TRACON& Tower with Radar,30,7,24,13,74,0,3,20,1,24,30,10,44,14,98,20,11,31,129
04/18/2020,LIT,AR,ASW,ES,Combined TRACON& Tower with Radar,23,6,11,44,84,0,5,42,0,47,23,11,53,44,131,10,34,44,175
04/19/2020,LIT,AR,ASW,ES,Combined TRACON& Tower with Radar,23,5,14,0,42,0,0,0,0,0,23,5,14,0,42,0,0,0,42
04/20/2020,LIT,AR,ASW,ES,Combined TRACON& Tower with Radar,28,16,35,7,86,0,6,48,4,58,28,22,83,11,144,33,4,37,181
04/21/2020,LIT,AR,ASW,ES,Combined TRACON& Tower with Radar,32,8,32,30,102,0,8,37,3,48,32,16,69,33,150,12,34,46,196
04/22/2020,LIT,AR,ASW,ES,Combined TRACON& Tower with Radar,30,7,21,0,58,0,0,9,0,9,30,7,30,0,67,4,0,4,71
04/23/2020,LIT,AR,ASW,ES,Combined TRACON& Tower with Radar,26,20,32,34,112,0,1,12,0,13,26,21,44,34,125,0,4,4,129
04/24/2020,LIT,AR,ASW,ES,Combined TRACON& Tower with Radar,29,5,28,9,71,0,1,26,1,28,29,6,54,10,99,0,8,8,107
04/25/2020,LIT,AR,ASW,ES,Combined TRACON& Tower with Radar,28,10,10,0,48,0,5,13,0,18,28,15,23,0,66,0,0,0,66
04/26/2020,LIT,AR,ASW,ES,Combined TRACON& Tower with Radar,20,6,18,0,44,0,1,50,0,51,20,7,68,0,95,14,0,14,109
04/27/2020,LIT,AR,ASW,ES,Combined TRACON& Tower with Radar,27,18,35,14,94,0,0,29,0,29,27,18,64,14,123,4,0,4,127
04/28/2020,LIT,AR,ASW,ES,Combined TRACON& Tower with Radar,32,7,15,7,61,0,2,13,1,16,32,9,28,8,77,6,24,30,107
04/29/2020,LIT,AR,ASW,ES,Combined TRACON& Tower with Radar,35,15,39,7,96,0,1,23,3,27,35,16,62,10,123,7,12,19,142
04/30/2020,LIT,AR,ASW,ES,Combined TRACON& Tower with Radar,28,10,42,40,120,0,4,39,4,47,28,14,81,44,167,6,8,14,181
05/01/2020,LIT,AR,ASW,ES,Combined TRACON& Tower with Radar,28,8,25,4,65,0,1,67,0,68,28,9,92,4,133,2,0,2,135
05/02/2020,LIT,AR,ASW,ES,Combined TRACON& Tower with Radar,26,11,21,0,58,0,3,45,0,48,26,14,66,0,106,12,0,12,118
05/03/2020,LIT,AR,ASW,ES,Combined TRACON& Tower with Radar,28,8,14,0,50,0,2,19,0,21,28,10,33,0,71,11,0,11,82
05/04/2020,LIT,AR,ASW,ES,Combined TRACON& Tower with Radar,28,8,29,38,103,0,1,20,4,25,28,9,49,42,128,15,26,41,169
05/05/2020,LIT,AR,ASW,ES,Combined TRACON& Tower with Radar,26,10,18,38,92,0,5,37,6,48,26,15,55,44,140,24,20,44,184
05/06/2020,LIT,AR,ASW,ES,Combined TRACON& Tower with Radar,31,6,52,15,104,0,2,62,1,65,31,8,114,16,169,26,4,30,199
05/07/2020,LIT,AR,ASW,ES,Combined TRACON& Tower with Radar,28,14,33,32,107,0,7,44,0,51,28,21,77,32,158,16,12,28,186
05/08/2020,LIT,AR,ASW,ES,Combined TRACON& Tower with Radar,28,9,29,14,80,0,5,10,0,15,28,14,39,14,95,4,0,4,99
05/09/2020,LIT,AR,ASW,ES,Combined TRACON& Tower with Radar,26,11,12,34,83,0,3,67,4,74,26,14,79,38,157,6,8,14,171
05/10/2020,LIT,AR,ASW,ES,Combined TRACON& Tower with Radar,22,8,12,0,42,0,2,29,0,31,22,10,41,0,73,6,0,6,79
05/11/2020,LIT,AR,ASW,ES,Combined TRACON& Tower with Radar,24,16,26,14,80,0,3,37,2,42,24,19,63,16,122,4,22,26,148
05/12/2020,LIT,AR,ASW,ES,Combined TRACON& Tower with Radar,26,11,32,4,73,0,0,6,0,6,26,11,38,4,79,0,0,0,79
05/13/2020,LIT,AR,ASW,ES,Combined TRACON& Tower with Radar,28,10,39,24,101,0,2,37,2,41,28,12,76,26,142,8,24,32,174
05/14/2020,LIT,AR,ASW,ES,Combined TRACON& Tower with Radar,28,14,34,12,88,0,0,11,0,11,28,14,45,12,99,0,6,6,105
05/15/2020,LIT,AR,ASW,ES,Combined TRACON& Tower with Radar,31,10,29,11,81,0,1,11,1,13,31,11,40,12,94,7,28,35,129
05/16/2020,LIT,AR,ASW,ES,Combined TRACON& Tower with Radar,25,9,12,0,46,0,1,2,0,3,25,10,14,0,49,1,0,1,50
05/17/2020,LIT,AR,ASW,ES,Combined TRACON& Tower with Radar,23,12,19,0,54,0,2,3,0,5,23,14,22,0,59,0,39,39,98
05/18/2020,LIT,AR,ASW,ES,Combined TRACON& Tower with Radar,26,18,32,40,116,0,0,43,7,50,26,18,75,47,166,0,0,0,166
05/19/2020,LIT,AR,ASW,ES,Combined TRACON& Tower with Radar,27,15,37,22,101,0,6,64,2,72,27,21,101,24,173,10,24,34,207
05/20/2020,LIT,AR,ASW,ES,Combined TRACON& Tower with Radar,30,16,42,21,109,0,6,57,6,69,30,22,99,27,178,24,24,48,226
05/21/2020,LIT,AR,ASW,ES,Combined TRACON& Tower with Radar,32,19,66,18,135,0,4,39,6,49,32,23,105,24,184,30,4,34,218
05/22/2020,LIT,AR,ASW,ES,Combined TRACON& Tower with Radar,32,13,46,0,91,0,3,7,1,11,32,16,53,1,102,6,0,6,108
05/23/2020,LIT,AR,ASW,ES,Combined TRACON& Tower with Radar,22,13,22,0,57,0,6,26,0,32,22,19,48,0,89,2,0,2,91
05/24/2020,LIT,AR,ASW,ES,Combined TRACON& Tower with Radar,26,9,13,0,48,0,4,7,0,11,26,13,20,0,59,8,0,8,67
05/25/2020,LIT,AR,ASW,ES,Combined TRACON& Tower with Radar,24,8,16,0,48,0,2,17,0,19,24,10,33,0,67,0,0,0,67
05/26/2020,LIT,AR,ASW,ES,Combined TRACON& Tower with Radar,24,13,33,17,87,0,3,10,1,14,24,16,43,18,101,20,0,20,121
05/27/2020,LIT,AR,ASW,ES,Combined TRACON& Tower with Radar,28,23,39,6,96,0,7,19,3,29,28,30,58,9,125,28,0,28,153
05/28/2020,LIT,AR,ASW,ES,Combined TRACON& Tower with Radar,32,21,51,21,125,0,7,0,1,8,32,28,51,22,133,0,10,10,143
05/29/2020,LIT,AR,ASW,ES,Combined TRACON& Tower with Radar,30,14,58,42,144,0,6,47,3,56,30,20,105,45,200,6,2,8,208
05/30/2020,LIT,AR,ASW,ES,Combined TRACON& Tower with Radar,22,8,17,0,47,0,8,51,0,59,22,16,68,0,106,0,0,0,106
05/31/2020,LIT,AR,ASW,ES,Combined TRACON& Tower with Radar,26,19,34,0,79,0,8,48,0,56,26,27,82,0,135,0,0,0,135
06/01/2020,LIT,AR,ASW,ES,Combined TRACON& Tower with Radar,26,15,49,8,98,0,4,46,0,50,26,19,95,8,148,34,0,34,182
06/02/2020,LIT,AR,ASW,ES,Combined TRACON& Tower with Radar,27,11,47,10,95,0,5,55,7,67,27,16,102,17,162,4,6,10,172
06/03/2020,LIT,AR,ASW,ES,Combined TRACON& Tower with Radar,31,20,58,15,124,0,3,22,1,26,31,23,80,16,150,2,8,10,160
06/04/2020,LIT,AR,ASW,ES,Combined TRACON& Tower with Radar,30,18,49,14,111,0,7,27,1,35,30,25,76,15,146,8,15,23,169
06/05/2020,LIT,AR,ASW,ES,Combined TRACON& Tower with Radar,30,27,47,19,123,0,2,20,2,24,30,29,67,21,147,0,9,9,156
06/06/2020,LIT,AR,ASW,ES,Combined TRACON& Tower with Radar,22,21,33,0,76,0,2,42,0,44,22,23,75,0,120,4,0,4,124
06/07/2020,LIT,AR,ASW,ES,Combined TRACON& Tower with Radar,29,9,24,0,62,0,6,24,0,30,29,15,48,0,92,0,0,0,92
06/08/2020,LIT,AR,ASW,ES,Combined TRACON& Tower with Radar,28,12,18,18,76,0,1,2,0,3,28,13,20,18,79,0,6,6,85
06/09/2020,LIT,AR,ASW,ES,Combined TRACON& Tower with Radar,28,6,44,31,109,0,6,11,1,18,28,12,55,32,127,0,14,14,141
06/10/2020,LIT,AR,ASW,ES,Combined TRACON& Tower with Radar,28,16,52,47,143,0,3,26,0,29,28,19,78,47,172,4,12,16,188
06/11/2020,LIT,AR,ASW,ES,Combined TRACON& Tower with Radar,34,14,58,14,120,0,4,52,0,56,34,18,110,14,176,0,0,0,176
06/12/2020,LIT,AR,ASW,ES,Combined TRACON& Tower with Radar,32,21,54,56,163,0,2,65,4,71,32,23,119,60,234,45,12,57,291
06/13/2020,LIT,AR,ASW,ES,Combined TRACON& Tower with Radar,24,21,29,4,78,0,8,28,0,36,24,29,57,4,114,8,0,8,122
06/14/2020,LIT,AR,ASW,ES,Combined TRACON& Tower with Radar,29,5,28,0,62,0,0,40,0,40,29,5,68,0,102,2,0,2,104
06/15/2020,LIT,AR,ASW,ES,Combined TRACON& Tower with Radar,29,19,43,14,105,0,5,43,2,50,29,24,86,16,155,0,8,8,163
06/16/2020,LIT,AR,ASW,ES,Combined TRACON& Tower with Radar,29,10,43,19,101,0,6,50,1,57,29,16,93,20,158,6,0,6,164
06/17/2020,LIT,AR,ASW,ES,Combined TRACON& Tower with Radar,28,21,40,42,131,0,8,46,0,54,28,29,86,42,185,0,2,2,187
06/18/2020,LIT,AR,ASW,ES,Combined TRACON& Tower with Radar,34,20,53,28,135,0,10,53,4,67,34,30,106,32,202,11,27,38,240
06/19/2020,LIT,AR,ASW,ES,Combined TRACON& Tower with Radar,34,12,39,42,127,0,3,38,5,46,34,15,77,47,173,0,36,36,209
06/20/2020,LIT,AR,ASW,ES,Combined TRACON& Tower with Radar,24,9,34,0,67,0,5,26,1,32,24,14,60,1,99,0,0,0,99
06/21/2020,LIT,AR,ASW,ES,Combined TRACON& Tower with Radar,28,11,32,0,71,0,5,5,0,10,28,16,37,0,81,0,0,0,81
06/22/2020,LIT,AR,ASW,ES,Combined TRACON& Tower with Radar,28,11,70,22,131,0,3,18,1,22,28,14,88,23,153,10,6,16,169
06/23/2020,LIT,AR,ASW,ES,Combined TRACON& Tower with Radar,28,14,66,3,111,0,17,29,1,47,28,31,95,4,158,17,7,24,182
06/24/2020,LIT,AR,ASW,ES,Combined TRACON& Tower with Radar,30,18,47,10,105,0,1,47,7,55,30,19,94,17,160,8,0,8,168
06/25/2020,LIT,AR,ASW,ES,Combined TRACON& Tower with Radar,34,9,63,53,159,0,6,47,9,62,34,15,110,62,221,8,44,52,273
06/26/2020,LIT,AR,ASW,ES,Combined TRACON& Tower with Radar,32,27,58,1,118,0,5,6,4,15,32,32,64,5,133,0,12,12,145
06/27/2020,LIT,AR,ASW,ES,Combined TRACON& Tower with Radar,24,10,45,0,79,0,5,12,0,17,24,15,57,0,96,2,0,2,98
06/28/2020,LIT,AR,ASW,ES,Combined TRACON& Tower with Radar,26,10,24,10,70,0,1,19,0,20,26,11,43,10,90,0,0,0,90
06/29/2020,LIT,AR,ASW,ES,Combined TRACON& Tower with Radar,26,12,45,8,91,0,2,3,0,5,26,14,48,8,96,0,0,0,96
06/30/2020,LIT,AR,ASW,ES,Combined TRACON& Tower with Radar,31,14,46,44,135,0,8,26,7,41,31,22,72,51,176,0,34,34,210
07/01/2020,LIT,AR,ASW,ES,Combined TRACON& Tower with Radar,28,15,68,4,115,0,3,32,1,36,28,18,100,5,151,0,0,0,151
07/02/2020,LIT,AR,ASW,ES,Combined TRACON& Tower with Radar,34,11,61,5,111,0,6,36,3,45,34,17,97,8,156,6,4,10,166
07/03/2020,LIT,AR,ASW,ES,Combined TRACON& Tower with Radar,30,13,34,0,77,0,7,43,0,50,30,20,77,0,127,0,0,0,127
07/04/2020,LIT,AR,ASW,ES,Combined TRACON& Tower with Radar,24,6,12,0,42,0,8,5,2,15,24,14,17,2,57,0,0,0,57
07/05/2020,LIT,AR,ASW,ES,Combined TRACON& Tower with Radar,29,11,30,0,70,0,9,13,3,25,29,20,43,3,95,2,0,2,97
07/06/2020,LIT,AR,ASW,ES,Combined TRACON& Tower with Radar,32,19,57,0,108,0,3,35,0,38,32,22,92,0,146,8,0,8,154
07/07/2020,LIT,AR,ASW,ES,Combined TRACON& Tower with Radar,43,11,27,37,118,0,7,36,0,43,43,18,63,37,161,0,0,0,161
07/08/2020,LIT,AR,ASW,ES,Combined TRACON& Tower with Radar,42,12,59,31,144,0,4,30,5,39,42,16,89,36,183,20,8,28,211
07/09/2020,LIT,AR,ASW,ES,Combined TRACON& Tower with Radar,51,12,62,19,144,0,9,21,8,38,51,21,83,27,182,10,58,68,250
07/10/2020,LIT,AR,ASW,ES,Combined TRACON& Tower with Radar,49,13,50,28,140,0,7,49,6,62,49,20,99,34,202,2,0,2,204
07/11/2020,LIT,AR,ASW,ES,Combined TRACON& Tower with Radar,38,11,29,0,78,0,5,36,0,41,38,16,65,0,119,2,0,2,121
07/12/2020,LIT,AR,ASW,ES,Combined TRACON& Tower with Radar,44,15,35,0,94,0,2,42,0,44,44,17,77,0,138,5,0,5,143
07/13/2020,LIT,AR,ASW,ES,Combined TRACON& Tower with Radar,44,21,54,0,119,0,3,51,0,54,44,24,105,0,173,8,0,8,181
07/14/2020,LIT,AR,ASW,ES,Combined TRACON& Tower with Radar,42,14,48,6,110,0,4,48,4,56,42,18,96,10,166,42,0,42,208
07/15/2020,LIT,AR,ASW,ES,Combined TRACON& Tower with Radar,42,20,52,13,127,0,11,62,1,74,42,31,114,14,201,4,0,4,205
07/16/2020,LIT,AR,ASW,ES,Combined TRACON& Tower with Radar,50,23,51,19,143,0,5,34,2,41,50,28,85,21,184,2,0,2,186
07/17/2020,LIT,AR,ASW,ES,Combined TRACON& Tower with Radar,48,13,46,18,125,0,3,29,6,38,48,16,75,24,163,4,22,26,189
07/18/2020,LIT,AR,ASW,ES,Combined TRACON& Tower with Radar,37,12,32,1,82,0,10,52,0,62,37,22,84,1,144,10,6,16,160
07/19/2020,LIT,AR,ASW,ES,Combined TRACON& Tower with Radar,45,11,31,2,89,0,5,61,0,66,45,16,92,2,155,4,0,4,159
07/20/2020,LIT,AR,ASW,ES,Combined TRACON& Tower with Radar,46,15,33,16,110,0,2,43,0,45,46,17,76,16,155,12,4,16,171
07/21/2020,LIT,AR,ASW,ES,Combined TRACON& Tower with Radar,42,19,41,26,128,0,1,59,3,63,42,20,100,29,191,24,33,57,248
07/22/2020,LIT,AR,ASW,ES,Combined TRACON& Tower with Radar,40,21,72,6,139,0,14,13,0,27,40,35,85,6,166,16,0,16,182
07/23/2020,LIT,AR,ASW,ES,Combined TRACON& Tower with Radar,51,18,70,5,144,0,0,39,3,42,51,18,109,8,186,26,4,30,216
07/24/2020,LIT,AR,ASW,ES,Combined TRACON& Tower with Radar,50,23,58,25,156,0,5,32,3,40,50,28,90,28,196,4,22,26,222
07/25/2020,LIT,AR,ASW,ES,Combined TRACON& Tower with Radar,39,13,43,1,96,0,6,22,0,28,39,19,65,1,124,0,4,4,128
07/26/2020,LIT,AR,ASW,ES,Combined TRACON& Tower with Radar,44,14,50,1,109,0,6,43,0,49,44,20,93,1,158,0,0,0,158
07/27/2020,LIT,AR,ASW,ES,Combined TRACON& Tower with Radar,44,13,51,24,132,0,5,38,6,49,44,18,89,30,181,0,52,52,233
07/28/2020,LIT,AR,ASW,ES,Combined TRACON& Tower with Radar,43,18,47,33,141,0,1,38,12,51,43,19,85,45,192,12,10,22,214
07/29/2020,LIT,AR,ASW,ES,Combined TRACON& Tower with Radar,42,20,49,28,139,0,3,24,3,30,42,23,73,31,169,54,27,81,250
07/30/2020,LIT,AR,ASW,ES,Combined TRACON& Tower with Radar,46,24,39,5,114,0,3,16,0,19,46,27,55,5,133,2,0,2,135
07/31/2020,LIT,AR,ASW,ES,Combined TRACON& Tower with Radar,44,23,40,9,116,0,3,6,1,10,44,26,46,10,126,0,4,4,130
08/01/2020,LIT,AR,ASW,ES,Combined TRACON& Tower with Radar,36,25,34,0,95,0,0,10,2,12,36,25,44,2,107,0,0,0,107
08/02/2020,LIT,AR,ASW,ES,Combined TRACON& Tower with Radar,42,30,36,0,108,0,1,40,0,41,42,31,76,0,149,0,0,0,149
08/03/2020,LIT,AR,ASW,ES,Combined TRACON& Tower with Radar,42,17,63,15,137,0,2,41,3,46,42,19,104,18,183,0,18,18,201
08/04/2020,LIT,AR,ASW,ES,Combined TRACON& Tower with Radar,42,26,62,62,192,0,6,35,5,46,42,32,97,67,238,24,24,48,286
08/05/2020,LIT,AR,ASW,ES,Combined TRACON& Tower with Radar,42,23,65,20,150,0,4,78,14,96,42,27,143,34,246,6,26,32,278
08/06/2020,LIT,AR,ASW,ES,Combined TRACON& Tower with Radar,51,27,53,51,182,0,0,41,7,48,51,27,94,58,230,2,8,10,240
08/07/2020,LIT,AR,ASW,ES,Combined TRACON& Tower with Radar,51,21,50,22,144,0,3,37,0,40,51,24,87,22,184,7,4,11,195
08/08/2020,LIT,AR,ASW,ES,Combined TRACON& Tower with Radar,38,15,22,7,82,0,2,31,0,33,38,17,53,7,115,0,0,0,115
08/09/2020,LIT,AR,ASW,ES,Combined TRACON& Tower with Radar,44,16,28,0,88,0,11,37,0,48,44,27,65,0,136,20,0,20,156
08/10/2020,LIT,AR,ASW,ES,Combined TRACON& Tower with Radar,44,15,58,42,159,0,11,50,8,69,44,26,108,50,228,10,8,18,246
08/11/2020,LIT,AR,ASW,ES,Combined TRACON& Tower with Radar,44,25,53,16,138,0,4,18,2,24,44,29,71,18,162,2,0,2,164
08/12/2020,LIT,AR,ASW,ES,Combined TRACON& Tower with Radar,42,18,58,40,158,0,5,29,2,36,42,23,87,42,194,12,12,24,218
08/13/2020,LIT,AR,ASW,ES,Combined TRACON& Tower with Radar,50,28,66,60,204,0,5,36,9,50,50,33,102,69,254,2,22,24,278
08/14/2020,LIT,AR,ASW,ES,Combined TRACON& Tower with Radar,50,18,50,30,148,0,5,29,0,34,50,23,79,30,182,0,17,17,199
08/15/2020,LIT,AR,ASW,ES,Combined TRACON& Tower with Radar,40,14,31,4,89,0,4,46,2,52,40,18,77,6,141,2,0,2,143
08/16/2020,LIT,AR,ASW,ES,Combined TRACON& Tower with Radar,49,15,32,3,99,0,3,24,7,34,49,18,56,10,133,0,0,0,133
08/17/2020,LIT,AR,ASW,ES,Combined TRACON& Tower with Radar,47,20,35,21,123,0,8,36,4,48,47,28,71,25,171,0,32,32,203
08/18/2020,LIT,AR,ASW,ES,Combined TRACON& Tower with Radar,43,24,49,22,138,1,7,58,1,67,44,31,107,23,205,4,24,28,233
08/19/2020,LIT,AR,ASW,ES,Combined TRACON& Tower with Radar,40,19,44,51,154,0,0,33,17,50,40,19,77,68,204,2,18,20,224
08/20/2020,LIT,AR,ASW,ES,Combined TRACON& Tower with Radar,50,27,64,27,168,0,5,61,9,75,50,32,125,36,243,14,8,22,265
08/21/2020,LIT,AR,ASW,ES,Combined TRACON& Tower with Radar,50,25,67,28,170,0,1,42,2,45,50,26,109,30,215,2,28,30,245
08/22/2020,LIT,AR,ASW,ES,Combined TRACON& Tower with Radar,38,21,23,9,91,0,16,46,3,65,38,37,69,12,156,0,0,0,156
08/23/2020,LIT,AR,ASW,ES,Combined TRACON& Tower with Radar,44,10,29,1,84,0,6,46,0,52,44,16,75,1,136,0,0,0,136
08/24/2020,LIT,AR,ASW,ES,Combined TRACON& Tower with Radar,46,23,31,36,136,0,0,35,9,44,46,23,66,45,180,6,73,79,259
08/25/2020,LIT,AR,ASW,ES,Combined TRACON& Tower with Radar,42,32,53,88,215,0,0,49,14,63,42,32,102,102,278,0,14,14,292
08/26/2020,LIT,AR,ASW,ES,Combined TRACON& Tower with Radar,42,27,46,8,123,0,2,8,5,15,42,29,54,13,138,8,20,28,166
08/27/2020,LIT,AR,ASW,ES,Combined TRACON& Tower with Radar,48,10,17,2,77,0,0,2,0,2,48,10,19,2,79,0,0,0,79
08/28/2020,LIT,AR,ASW,ES,Combined TRACON& Tower with Radar,51,12,32,9,104,0,8,23,5,36,51,20,55,14,140,12,24,36,176
08/29/2020,LIT,AR,ASW,ES,Combined TRACON& Tower with Radar,37,24,30,2,93,0,5,24,1,30,37,29,54,3,123,0,0,0,123
08/30/2020,LIT,AR,ASW,ES,Combined TRACON& Tower with Radar,41,11,28,1,81,0,2,12,0,14,41,13,40,1,95,0,0,0,95
08/31/2020,LIT,AR,ASW,ES,Combined TRACON& Tower with Radar,44,17,44,11,116,0,7,13,4,24,44,24,57,15,140,0,30,30,170
09/01/2020,LIT,AR,ASW,ES,Combined TRACON& Tower with Radar,42,20,37,1,100,0,1,6,2,9,42,21,43,3,109,0,0,0,109
09/02/2020,LIT,AR,ASW,ES,Combined TRACON& Tower with Radar,41,28,34,4,107,0,2,0,3,5,41,30,34,7,112,0,16,16,128
09/03/2020,LIT,AR,ASW,ES,Combined TRACON& Tower with Radar,52,20,50,0,122,0,5,16,4,25,52,25,66,4,147,15,0,15,162
09/04/2020,LIT,AR,ASW,ES,Combined TRACON& Tower with Radar,53,20,63,0,136,0,2,34,1,37,53,22,97,1,173,13,0,13,186
09/05/2020,LIT,AR,ASW,ES,Combined TRACON& Tower with Radar,40,14,20,0,74,0,5,35,0,40,40,19,55,0,114,2,0,2,116
09/06/2020,LIT,AR,ASW,ES,Combined TRACON& Tower with Radar,33,11,23,0,67,0,9,45,0,54,33,20,68,0,121,6,0,6,127
09/07/2020,LIT,AR,ASW,ES,Combined TRACON& Tower with Radar,40,20,47,1,108,0,8,34,0,42,40,28,81,1,150,10,0,10,160
09/08/2020,LIT,AR,ASW,ES,Combined TRACON& Tower with Radar,41,22,60,38,161,0,7,42,8,57,41,29,102,46,218,34,16,50,268
09/09/2020,LIT,AR,ASW,ES,Combined TRACON& Tower with Radar,42,27,58,24,151,0,4,46,4,54,42,31,104,28,205,22,12,34,239
09/10/2020,LIT,AR,ASW,ES,Combined TRACON& Tower with Radar,45,26,76,40,187,0,3,41,4,48,45,29,117,44,235,4,8,12,247
09/11/2020,LIT,AR,ASW,ES,Combined TRACON& Tower with Radar,44,29,69,85,227,0,5,38,30,73,44,34,107,115,300,10,80,90,390
09/12/2020,LIT,AR,ASW,ES,Combined TRACON& Tower with Radar,37,17,47,42,143,0,6,28,3,37,37,23,75,45,180,0,26,26,206
09/13/2020,LIT,AR,ASW,ES,Combined TRACON& Tower with Radar,39,22,53,5,119,0,3,15,0,18,39,25,68,5,137,0,0,0,137
09/14/2020,LIT,AR,ASW,ES,Combined TRACON& Tower with Radar,38,19,42,73,172,0,3,34,6,43,38,22,76,79,215,0,30,30,245
09/15/2020,LIT,AR,ASW,ES,Combined TRACON& Tower with Radar,40,17,47,60,164,0,3,42,5,50,40,20,89,65,214,0,10,10,224
09/16/2020,LIT,AR,ASW,ES,Combined TRACON& Tower with Radar,44,22,68,48,182,0,0,18,4,22,44,22,86,52,204,0,14,14,218
09/17/2020,LIT,AR,ASW,ES,Combined TRACON& Tower with Radar,46,18,65,53,182,0,3,51,13,67,46,21,116,66,249,10,25,35,284
09/18/2020,LIT,AR,ASW,ES,Combined TRACON& Tower with Radar,48,19,67,12,146,0,4,43,0,47,48,23,110,12,193,0,0,0,193
09/19/2020,LIT,AR,ASW,ES,Combined TRACON& Tower with Radar,36,11,24,11,82,0,5,47,5,57,36,16,71,16,139,0,6,6,145
09/20/2020,LIT,AR,ASW,ES,Combined TRACON& Tower with Radar,38,15,47,2,102,0,1,54,0,55,38,16,101,2,157,0,2,2,159
09/21/2020,LIT,AR,ASW,ES,Combined TRACON& Tower with Radar,43,21,46,39,149,0,3,29,2,34,43,24,75,41,183,4,9,13,196
09/22/2020,LIT,AR,ASW,ES,Combined TRACON& Tower with Radar,44,24,66,2,136,0,0,1,0,1,44,24,67,2,137,0,0,0,137
09/23/2020,LIT,AR,ASW,ES,Combined TRACON& Tower with Radar,44,27,60,0,131,0,0,0,0,0,44,27,60,0,131,0,0,0,131
09/24/2020,LIT,AR,ASW,ES,Combined TRACON& Tower with Radar,43,20,84,13,160,0,3,5,1,9,43,23,89,14,169,0,0,0,169
09/25/2020,LIT,AR,ASW,ES,Combined TRACON& Tower with Radar,46,24,76,85,231,0,1,27,4,32,46,25,103,89,263,0,37,37,300
09/26/2020,LIT,AR,ASW,ES,Combined TRACON& Tower with Radar,36,13,29,40,118,0,4,26,0,30,36,17,55,40,148,0,29,29,177
09/27/2020,LIT,AR,ASW,ES,Combined TRACON& Tower with Radar,38,27,42,5,112,0,0,29,0,29,38,27,71,5,141,5,0,5,146
09/28/2020,LIT,AR,ASW,ES,Combined TRACON& Tower with Radar,38,12,49,38,137,0,5,31,3,39,38,17,80,41,176,2,12,14,190
09/29/2020,LIT,AR,ASW,ES,Combined TRACON& Tower with Radar,41,19,67,36,163,0,7,31,8,46,41,26,98,44,209,27,16,43,252
09/30/2020,LIT,AR,ASW,ES,Combined TRACON& Tower with Radar,42,24,77,25,168,0,2,64,10,76,42,26,141,35,244,2,34,36,280
10/01/2020,LIT,AR,ASW,ES,Combined TRACON& Tower with Radar,45,22,50,12,129,0,6,55,5,66,45,28,105,17,195,0,14,14,209
10/02/2020,LIT,AR,ASW,ES,Combined TRACON& Tower with Radar,50,20,39,3,112,0,4,59,1,64,50,24,98,4,176,0,0,0,176
10/03/2020,LIT,AR,ASW,ES,Combined TRACON& Tower with Radar,36,8,31,0,75,0,3,38,0,41,36,11,69,0,116,2,0,2,118
10/04/2020,LIT,AR,ASW,ES,Combined TRACON& Tower with Radar,40,10,40,3,93,0,5,39,2,46,40,15,79,5,139,4,0,4,143
10/05/2020,LIT,AR,ASW,ES,Combined TRACON& Tower with Radar,42,17,80,45,184,0,3,40,6,49,42,20,120,51,233,0,31,31,264
10/06/2020,LIT,AR,ASW,ES,Combined TRACON& Tower with Radar,42,21,49,27,139,0,3,54,8,65,42,24,103,35,204,8,6,14,218
10/07/2020,LIT,AR,ASW,ES,Combined TRACON& Tower with Radar,39,27,66,35,167,0,7,48,6,61,39,34,114,41,228,22,14,36,264
10/08/2020,LIT,AR,ASW,ES,Combined TRACON& Tower with Radar,50,16,62,80,208,0,6,30,0,36,50,22,92,80,244,2,14,16,260
10/09/2020,LIT,AR,ASW,ES,Combined TRACON& Tower with Radar,52,22,52,31,157,0,8,13,2,23,52,30,65,33,180,0,20,20,200
10/10/2020,LIT,AR,ASW,ES,Combined TRACON& Tower with Radar,38,13,21,5,77,0,3,3,0,6,38,16,24,5,83,0,0,0,83
10/11/2020,LIT,AR,ASW,ES,Combined TRACON& Tower with Radar,46,16,23,32,117,0,1,17,0,18,46,17,40,32,135,2,12,14,149
10/12/2020,LIT,AR,ASW,ES,Combined TRACON& Tower with Radar,48,14,58,0,120,0,2,19,0,21,48,16,77,0,141,0,0,0,141
10/13/2020,LIT,AR,ASW,ES,Combined TRACON& Tower with Radar,45,13,68,17,143,0,7,50,2,59,45,20,118,19,202,8,2,10,212
10/14/2020,LIT,AR,ASW,ES,Combined TRACON& Tower with Radar,40,15,66,35,156,0,3,36,4,43,40,18,102,39,199,0,28,28,227
10/15/2020,LIT,AR,ASW,ES,Combined TRACON& Tower with Radar,50,20,70,19,159,0,5,29,1,35,50,25,99,20,194,8,6,14,208
10/16/2020,LIT,AR,ASW,ES,Combined TRACON& Tower with Radar,52,18,57,27,154,0,11,48,13,72,52,29,105,40,226,6,0,6,232
10/17/2020,LIT,AR,ASW,ES,Combined TRACON& Tower with Radar,38,20,44,2,104,0,3,26,0,29,38,23,70,2,133,8,0,8,141
10/18/2020,LIT,AR,ASW,ES,Combined TRACON& Tower with Radar,46,11,48,2,107,0,2,16,1,19,46,13,64,3,126,10,0,10,136
10/19/2020,LIT,AR,ASW,ES,Combined TRACON& Tower with Radar,52,16,59,7,134,0,3,8,1,12,52,19,67,8,146,8,0,8,154
10/20/2020,LIT,AR,ASW,ES,Combined TRACON& Tower with Radar,46,19,45,48,158,0,4,24,2,30,46,23,69,50,188,4,14,18,206
10/21/2020,LIT,AR,ASW,ES,Combined TRACON& Tower with Radar,42,15,55,31,143,0,6,52,6,64,42,21,107,37,207,0,10,10,217
10/22/2020,LIT,AR,ASW,ES,Combined TRACON& Tower with Radar,52,12,83,43,190,0,5,43,17,65,52,17,126,60,255,0,48,48,303
10/23/2020,LIT,AR,ASW,ES,Combined TRACON& Tower with Radar,54,20,38,18,130,0,4,6,2,12,54,24,44,20,142,0,6,6,148
10/24/2020,LIT,AR,ASW,ES,Combined TRACON& Tower with Radar,36,17,33,1,87,0,3,4,1,8,36,20,37,2,95,0,0,0,95
10/25/2020,LIT,AR,ASW,ES,Combined TRACON& Tower with Radar,46,18,51,2,117,0,2,1,1,4,46,20,52,3,121,0,0,0,121
10/26/2020,LIT,AR,ASW,ES,Combined TRACON& Tower with Radar,44,13,51,15,123,0,0,1,0,1,44,13,52,15,124,0,0,0,124
10/27/2020,LIT,AR,ASW,ES,Combined TRACON& Tower with Radar,48,21,45,8,122,0,0,0,0,0,48,21,45,8,122,0,0,0,122
10/28/2020,LIT,AR,ASW,ES,Combined TRACON& Tower with Radar,38,17,22,9,86,0,0,0,0,0,38,17,22,9,86,0,0,0,86
10/29/2020,LIT,AR,ASW,ES,Combined TRACON& Tower with Radar,52,29,37,8,126,0,2,9,0,11,52,31,46,8,137,0,0,0,137
10/30/2020,LIT,AR,ASW,ES,Combined TRACON& Tower with Radar,51,20,62,55,188,0,17,61,15,93,51,37,123,70,281,12,26,38,319
10/31/2020,LIT,AR,ASW,ES,Combined TRACON& Tower with Radar,33,13,28,4,78,0,13,54,1,68,33,26,82,5,146,12,0,12,158
11/01/2020,LIT,AR,ASW,ES,Combined TRACON& Tower with Radar,40,22,57,13,132,0,5,30,4,39,40,27,87,17,171,17,4,21,192
11/02/2020,LIT,AR,ASW,ES,Combined TRACON& Tower with Radar,44,23,43,21,131,0,7,50,2,59,44,30,93,23,190,12,2,14,204
11/03/2020,LIT,AR,ASW,ES,Combined TRACON& Tower with Radar,44,27,46,20,137,0,1,35,0,36,44,28,81,20,173,22,0,22,195
11/04/2020,LIT,AR,ASW,ES,Combined TRACON& Tower with Radar,41,30,52,23,146,0,0,50,9,59,41,30,102,32,205,0,0,0,205
11/05/2020,LIT,AR,ASW,ES,Combined TRACON& Tower with Radar,52,23,65,20,160,0,5,61,0,66,52,28,126,20,226,6,24,30,256
11/06/2020,LIT,AR,ASW,ES,Combined TRACON& Tower with Radar,50,30,55,38,173,0,4,51,8,63,50,34,106,46,236,6,16,22,258
11/07/2020,LIT,AR,ASW,ES,Combined TRACON& Tower with Radar,38,19,47,29,133,0,9,52,4,65,38,28,99,33,198,12,4,16,214
11/08/2020,LIT,AR,ASW,ES,Combined TRACON& Tower with Radar,49,30,39,15,133,0,5,16,1,22,49,35,55,16,155,0,0,0,155
11/09/2020,LIT,AR,ASW,ES,Combined TRACON& Tower with Radar,45,20,55,17,137,0,4,14,0,18,45,24,69,17,155,2,0,2,157
11/10/2020,LIT,AR,ASW,ES,Combined TRACON& Tower with Radar,40,33,66,43,182,0,9,28,4,41,40,42,94,47,223,0,0,0,223
11/11/2020,LIT,AR,ASW,ES,Combined TRACON& Tower with Radar,46,15,64,9,134,0,2,59,4,65,46,17,123,13,199,6,0,6,205
11/12/2020,LIT,AR,ASW,ES,Combined TRACON& Tower with Radar,52,24,74,33,183,0,2,37,5,44,52,26,111,38,227,16,2,18,245
11/13/2020,LIT,AR,ASW,ES,Combined TRACON& Tower with Radar,52,21,55,54,182,0,8,35,9,52,52,29,90,63,234,0,8,8,242
11/14/2020,LIT,AR,ASW,ES,Combined TRACON& Tower with Radar,40,13,33,2,88,0,4,18,1,23,40,17,51,3,111,11,0,11,122
11/15/2020,LIT,AR,ASW,ES,Combined TRACON& Tower with Radar,50,14,38,4,106,0,7,33,0,40,50,21,71,4,146,0,0,0,146
11/16/2020,LIT,AR,ASW,ES,Combined TRACON& Tower with Radar,44,31,46,23,144,0,8,45,1,54,44,39,91,24,198,4,4,8,206
11/17/2020,LIT,AR,ASW,ES,Combined TRACON& Tower with Radar,40,32,62,29,163,0,7,53,3,63,40,39,115,32,226,4,6,10,236
11/18/2020,LIT,AR,ASW,ES,Combined TRACON& Tower with Radar,42,15,57,28,142,0,3,51,7,61,42,18,108,35,203,2,40,42,245
11/19/2020,LIT,AR,ASW,ES,Combined TRACON& Tower with Radar,52,30,54,18,154,0,7,59,1,67,52,37,113,19,221,0,0,0,221
11/20/2020,LIT,AR,ASW,ES,Combined TRACON& Tower with Radar,51,25,51,16,143,0,2,12,0,14,51,27,63,16,157,0,0,0,157
11/21/2020,LIT,AR,ASW,ES,Combined TRACON& Tower with Radar,49,26,58,19,152,0,2,36,2,40,49,28,94,21,192,4,3,7,199
11/22/2020,LIT,AR,ASW,ES,Combined TRACON& Tower with Radar,51,14,38,6,109,0,4,2,0,6,51,18,40,6,115,0,0,0,115
11/23/2020,LIT,AR,ASW,ES,Combined TRACON& Tower with Radar,42,27,59,17,145,0,2,58,5,65,42,29,117,22,210,36,8,44,254
11/24/2020,LIT,AR,ASW,ES,Combined TRACON& Tower with Radar,62,23,57,35,177,0,11,31,3,45,62,34,88,38,222,0,0,0,222
11/25/2020,LIT,AR,ASW,ES,Combined TRACON& Tower with Radar,63,17,56,8,144,0,7,20,0,27,63,24,76,8,171,2,0,2,173
11/26/2020,LIT,AR,ASW,ES,Combined TRACON& Tower with Radar,26,9,13,0,48,0,4,5,0,9,26,13,18,0,57,0,0,0,57
11/27/2020,LIT,AR,ASW,ES,Combined TRACON& Tower with Radar,38,23,39,0,100,0,3,14,0,17,38,26,53,0,117,0,0,0,117
11/28/2020,LIT,AR,ASW,ES,Combined TRACON& Tower with Radar,51,23,31,0,105,0,7,36,0,43,51,30,67,0,148,20,0,20,168
11/29/2020,LIT,AR,ASW,ES,Combined TRACON& Tower with Radar,52,18,49,0,119,0,4,5,0,9,52,22,54,0,128,0,0,0,128
11/30/2020,LIT,AR,ASW,ES,Combined TRACON& Tower with Radar,55,27,42,18,142,0,3,12,3,18,55,30,54,21,160,0,4,4,164
12/01/2020,LIT,AR,ASW,ES,Combined TRACON& Tower with Radar,50,28,61,29,168,0,5,72,3,80,50,33,133,32,248,26,6,32,280
12/02/2020,LIT,AR,ASW,ES,Combined TRACON& Tower with Radar,45,25,29,24,123,0,9,22,4,35,45,34,51,28,158,6,8,14,172
12/03/2020,LIT,AR,ASW,ES,Combined TRACON& Tower with Radar,54,21,45,0,120,0,0,1,0,1,54,21,46,0,121,0,0,0,121
12/04/2020,LIT,AR,ASW,ES,Combined TRACON& Tower with Radar,53,14,42,30,139,0,2,34,4,40,53,16,76,34,179,0,0,0,179
12/05/2020,LIT,AR,ASW,ES,Combined TRACON& Tower with Radar,41,16,25,9,91,0,8,39,15,62,41,24,64,24,153,12,22,34,187
12/06/2020,LIT,AR,ASW,ES,Combined TRACON& Tower with Radar,48,10,31,10,99,0,7,22,1,30,48,17,53,11,129,0,0,0,129
12/07/2020,LIT,AR,ASW,ES,Combined TRACON& Tower with Radar,47,23,41,19,130,0,4,45,2,51,47,27,86,21,181,0,4,4,185
12/08/2020,LIT,AR,ASW,ES,Combined TRACON& Tower with Radar,44,22,55,55,176,0,9,57,8,74,44,31,112,63,250,24,12,36,286
12/09/2020,LIT,AR,ASW,ES,Combined TRACON& Tower with Radar,44,29,45,22,140,0,7,38,9,54,44,36,83,31,194,0,6,6,200
12/10/2020,LIT,AR,ASW,ES,Combined TRACON& Tower with Radar,53,22,61,45,181,0,5,50,7,62,53,27,111,52,243,10,24,34,277
12/11/2020,LIT,AR,ASW,ES,Combined TRACON& Tower with Radar,54,18,39,15,126,0,2,11,4,17,54,20,50,19,143,18,0,18,161
12/12/2020,LIT,AR,ASW,ES,Combined TRACON& Tower with Radar,40,15,40,0,95,0,3,32,2,37,40,18,72,2,132,8,0,8,140
12/13/2020,LIT,AR,ASW,ES,Combined TRACON& Tower with Radar,48,12,19,0,79,0,1,3,0,4,48,13,22,0,83,0,0,0,83
12/14/2020,LIT,AR,ASW,ES,Combined TRACON& Tower with Radar,49,26,42,83,200,0,3,24,11,38,49,29,66,94,238,2,28,30,268
12/15/2020,LIT,AR,ASW,ES,Combined TRACON& Tower with Radar,42,22,49,12,125,0,1,3,0,4,42,23,52,12,129,4,0,4,133
12/16/2020,LIT,AR,ASW,ES,Combined TRACON& Tower with Radar,45,38,46,75,204,0,6,8,8,22,45,44,54,83,226,16,36,52,278
12/17/2020,LIT,AR,ASW,ES,Combined TRACON& Tower with Radar,60,25,58,47,190,0,9,79,3,91,60,34,137,50,281,12,20,32,313
12/18/2020,LIT,AR,ASW,ES,Combined TRACON& Tower with Radar,58,16,58,40,172,0,12,66,2,80,58,28,124,42,252,10,14,24,276
12/19/2020,LIT,AR,ASW,ES,Combined TRACON& Tower with Radar,57,28,18,0,103,0,3,0,0,3,57,31,18,0,106,0,0,0,106
12/20/2020,LIT,AR,ASW,ES,Combined TRACON& Tower with Radar,56,22,54,8,140,0,2,13,0,15,56,24,67,8,155,0,0,0,155
12/21/2020,LIT,AR,ASW,ES,Combined TRACON& Tower with Radar,59,18,36,21,134,0,2,66,2,70,59,20,102,23,204,2,4,6,210
12/22/2020,LIT,AR,ASW,ES,Combined TRACON& Tower with Radar,56,18,44,7,125,0,9,87,1,97,56,27,131,8,222,8,0,8,230
12/23/2020,LIT,AR,ASW,ES,Combined TRACON& Tower with Radar,63,19,28,4,114,0,6,7,0,13,63,25,35,4,127,0,0,0,127
12/24/2020,LIT,AR,ASW,ES,Combined TRACON& Tower with Radar,45,16,12,0,73,0,3,24,0,27,45,19,36,0,100,0,0,0,100
12/25/2020,LIT,AR,ASW,ES,Combined TRACON& Tower with Radar,30,10,15,0,55,0,4,21,0,25,30,14,36,0,80,0,0,0,80
12/26/2020,LIT,AR,ASW,ES,Combined TRACON& Tower with Radar,52,19,41,0,112,0,1,43,0,44,52,20,84,0,156,0,0,0,156
12/27/2020,LIT,AR,ASW,ES,Combined TRACON& Tower with Radar,53,11,47,0,111,0,4,18,0,22,53,15,65,0,133,12,0,12,145
12/28/2020,LIT,AR,ASW,ES,Combined TRACON& Tower with Radar,53,18,36,5,112,0,2,54,1,57,53,20,90,6,169,2,0,2,171
12/29/2020,LIT,AR,ASW,ES,Combined TRACON& Tower with Radar,57,27,38,14,136,0,1,6,0,7,57,28,44,14,143,0,4,4,147
12/30/2020,LIT,AR,ASW,ES,Combined TRACON& Tower with Radar,55,18,35,0,108,0,3,0,0,3,55,21,35,0,111,0,0,0,111
12/31/2020,LIT,AR,ASW,ES,Combined TRACON& Tower with Radar,46,15,13,0,74,0,0,0,0,0,46,15,13,0,74,0,0,0,74
01/01/2021,LIT,AR,ASW,ES,Combined TRACON& Tower with Radar,41,16,23,0,80,0,2,1,0,3,41,18,24,0,83,0,0,0,83
01/02/2021,LIT,AR,ASW,ES,Combined TRACON& Tower with Radar,53,18,13,0,84,0,0,2,0,2,53,18,15,0,86,0,0,0,86
01/03/2021,LIT,AR,ASW,ES,Combined TRACON& Tower with Radar,53,17,48,1,119,0,2,60,1,63,53,19,108,2,182,8,6,14,196
01/04/2021,LIT,AR,ASW,ES,Combined TRACON& Tower with Radar,53,18,43,6,120,0,3,41,1,45,53,21,84,7,165,18,0,18,183
01/05/2021,LIT,AR,ASW,ES,Combined TRACON& Tower with Radar,44,22,33,11,110,0,5,53,1,59,44,27,86,12,169,4,14,18,187
01/06/2021,LIT,AR,ASW,ES,Combined TRACON& Tower with Radar,47,14,38,13,112,0,6,20,3,29,47,20,58,16,141,0,25,25,166
01/07/2021,LIT,AR,ASW,ES,Combined TRACON& Tower with Radar,56,19,46,58,179,0,3,6,2,11,56,22,52,60,190,0,26,26,216
01/08/2021,LIT,AR,ASW,ES,Combined TRACON& Tower with Radar,58,21,39,43,161,0,6,21,4,31,58,27,60,47,192,6,25,31,223
01/09/2021,LIT,AR,ASW,ES,Combined TRACON& Tower with Radar,40,19,16,26,101,0,6,25,5,36,40,25,41,31,137,10,12,22,159
01/10/2021,LIT,AR,ASW,ES,Combined TRACON& Tower with Radar,42,22,33,11,108,0,4,10,3,17,42,26,43,14,125,6,0,6,131
01/11/2021,LIT,AR,ASW,ES,Combined TRACON& Tower with Radar,49,15,41,12,117,0,5,27,2,34,49,20,68,14,151,6,12,18,169
01/12/2021,LIT,AR,ASW,ES,Combined TRACON& Tower with Radar,44,18,53,40,155,0,1,44,0,45,44,19,97,40,200,26,8,34,234
01/13/2021,LIT,AR,ASW,ES,Combined TRACON& Tower with Radar,47,18,51,14,130,0,3,23,0,26,47,21,74,14,156,6,0,6,162
01/14/2021,LIT,AR,ASW,ES,Combined TRACON& Tower with Radar,56,14,60,36,166,0,5,28,1,34,56,19,88,37,200,11,4,15,215
01/15/2021,LIT,AR,ASW,ES,Combined TRACON& Tower with Radar,56,16,45,12,129,0,1,9,2,12,56,17,54,14,141,0,6,6,147
01/16/2021,LIT,AR,ASW,ES,Combined TRACON& Tower with Radar,38,19,21,6,84,0,8,33,1,42,38,27,54,7,126,10,0,10,136
01/17/2021,LIT,AR,ASW,ES,Combined TRACON& Tower with Radar,50,20,25,3,98,0,7,23,4,34,50,27,48,7,132,2,4,6,138
01/18/2021,LIT,AR,ASW,ES,Combined TRACON& Tower with Radar,47,14,45,4,110,0,6,43,1,50,47,20,88,5,160,0,0,0,160
01/19/2021,LIT,AR,ASW,ES,Combined TRACON& Tower with Radar,46,20,43,28,137,0,4,26,1,31,46,24,69,29,168,12,0,12,180
01/20/2021,LIT,AR,ASW,ES,Combined TRACON& Tower with Radar,49,27,48,52,176,0,3,25,1,29,49,30,73,53,205,10,0,10,215
01/21/2021,LIT,AR,ASW,ES,Combined TRACON& Tower with Radar,56,23,66,20,165,0,1,5,4,10,56,24,71,24,175,2,12,14,189
01/22/2021,LIT,AR,ASW,ES,Combined TRACON& Tower with Radar,56,17,52,91,216,0,8,45,6,59,56,25,97,97,275,4,70,74,349
01/23/2021,LIT,AR,ASW,ES,Combined TRACON& Tower with Radar,40,17,34,24,115,0,8,42,2,52,40,25,76,26,167,10,0,10,177
01/24/2021,LIT,AR,ASW,ES,Combined TRACON& Tower with Radar,54,23,15,5,97,0,2,0,0,2,54,25,15,5,99,0,0,0,99
01/25/2021,LIT,AR,ASW,ES,Combined TRACON& Tower with Radar,49,24,53,26,152,0,2,7,0,9,49,26,60,26,161,0,0,0,161
01/26/2021,LIT,AR,ASW,ES,Combined TRACON& Tower with Radar,44,23,55,96,218,0,2,45,5,52,44,25,100,101,270,16,24,40,310
01/27/2021,LIT,AR,ASW,ES,Combined TRACON& Tower with Radar,47,19,59,21,146,0,4,4,0,8,47,23,63,21,154,2,0,2,156
01/28/2021,LIT,AR,ASW,ES,Combined TRACON& Tower with Radar,54,20,54,50,178,0,7,39,2,48,54,27,93,52,226,12,6,18,244
01/29/2021,LIT,AR,ASW,ES,Combined TRACON& Tower with Radar,55,23,71,36,185,0,5,51,4,60,55,28,122,40,245,10,34,44,289
01/30/2021,LIT,AR,ASW,ES,Combined TRACON& Tower with Radar,36,22,13,0,71,0,2,0,0,2,36,24,13,0,73,0,0,0,73
01/31/2021,LIT,AR,ASW,ES,Combined TRACON& Tower with Radar,51,17,32,0,100,0,4,2,1,7,51,21,34,1,107,0,0,0,107
02/01/2021,LIT,AR,ASW,ES,Combined TRACON& Tower with Radar,51,12,36,50,149,0,2,30,4,36,51,14,66,54,185,20,26,46,231
02/02/2021,LIT,AR,ASW,ES,Combined TRACON& Tower with Radar,46,24,47,35,152,0,0,33,1,34,46,24,80,36,186,2,7,9,195
02/03/2021,LIT,AR,ASW,ES,Combined TRACON& Tower with Radar,49,24,82,30,185,0,1,46,1,48,49,25,128,31,233,0,6,6,239
02/04/2021,LIT,AR,ASW,ES,Combined TRACON& Tower with Radar,58,17,52,7,134,0,2,9,0,11,58,19,61,7,145,0,0,0,145
02/05/2021,LIT,AR,ASW,ES,Combined TRACON& Tower with Radar,58,23,50,107,238,0,1,50,3,54,58,24,100,110,292,2,24,26,318
02/06/2021,LIT,AR,ASW,ES,Combined TRACON& Tower with Radar,38,17,28,23,106,0,2,20,1,23,38,19,48,24,129,6,2,8,137
02/07/2021,LIT,AR,ASW,ES,Combined TRACON& Tower with Radar,50,14,30,0,94,0,2,0,0,2,50,16,30,0,96,0,0,0,96
02/08/2021,LIT,AR,ASW,ES,Combined TRACON& Tower with Radar,53,24,47,45,169,0,0,0,0,0,53,24,47,45,169,0,0,0,169
02/09/2021,LIT,AR,ASW,ES,Combined TRACON& Tower with Radar,46,29,40,18,133,0,0,0,0,0,46,29,40,18,133,0,0,0,133
02/10/2021,LIT,AR,ASW,ES,Combined TRACON& Tower with Radar,43,20,40,0,103,0,0,0,0,0,43,20,40,0,103,0,0,0,103
02/11/2021,LIT,AR,ASW,ES,Combined TRACON& Tower with Radar,54,16,28,0,98,0,0,0,0,0,54,16,28,0,98,0,0,0,98
02/12/2021,LIT,AR,ASW,ES,Combined TRACON& Tower with Radar,51,28,69,0,148,0,3,4,0,7,51,31,73,0,155,0,0,0,155
02/13/2021,LIT,AR,ASW,ES,Combined TRACON& Tower with Radar,42,20,24,2,88,0,2,7,2,11,42,22,31,4,99,0,0,0,99
02/14/2021,LIT,AR,ASW,ES,Combined TRACON& Tower with Radar,20,12,18,0,50,0,0,2,0,2,20,12,20,0,52,0,0,0,52
02/15/2021,LIT,AR,ASW,ES,Combined TRACON& Tower with Radar,8,3,1,0,12,0,2,0,0,2,8,5,1,0,14,0,0,0,14
02/16/2021,LIT,AR,ASW,ES,Combined TRACON& Tower with Radar,28,23,29,0,80,0,7,7,4,18,28,30,36,4,98,0,0,0,98
02/17/2021,LIT,AR,ASW,ES,Combined TRACON& Tower with Radar,1,0,2,0,3,0,0,0,0,0,1,0,2,0,3,0,0,0,3
02/18/2021,LIT,AR,ASW,ES,Combined TRACON& Tower with Radar,23,14,15,0,52,0,8,3,0,11,23,22,18,0,63,4,0,4,67
02/19/2021,LIT,AR,ASW,ES,Combined TRACON& Tower with Radar,41,17,35,3,96,0,10,13,0,23,41,27,48,3,119,0,0,0,119
02/20/2021,LIT,AR,ASW,ES,Combined TRACON& Tower with Radar,38,41,48,1,128,0,6,19,0,25,38,47,67,1,153,4,0,4,157
02/21/2021,LIT,AR,ASW,ES,Combined TRACON& Tower with Radar,51,21,32,2,106,0,6,8,0,14,51,27,40,2,120,0,0,0,120
02/22/2021,LIT,AR,ASW,ES,Combined TRACON& Tower with Radar,47,20,38,58,163,0,8,54,9,71,47,28,92,67,234,14,7,21,255
02/23/2021,LIT,AR,ASW,ES,Combined TRACON& Tower with Radar,50,24,63,37,174,0,5,52,11,68,50,29,115,48,242,20,24,44,286
02/24/2021,LIT,AR,ASW,ES,Combined TRACON& Tower with Radar,49,23,61,33,166,0,0,31,5,36,49,23,92,38,202,8,20,28,230
02/25/2021,LIT,AR,ASW,ES,Combined TRACON& Tower with Radar,54,23,66,29,172,0,6,39,3,48,54,29,105,32,220,0,14,14,234
02/26/2021,LIT,AR,ASW,ES,Combined TRACON& Tower with Radar,53,25,41,2,121,0,0,0,0,0,53,25,41,2,121,0,0,0,121
02/27/2021,LIT,AR,ASW,ES,Combined TRACON& Tower with Radar,37,21,22,1,81,0,0,0,0,0,37,21,22,1,81,0,0,0,81
02/28/2021,LIT,AR,ASW,ES,Combined TRACON& Tower with Radar,49,16,27,0,92,0,0,0,0,0,49,16,27,0,92,0,0,0,92
03/01/2021,LIT,AR,ASW,ES,Combined TRACON& Tower with Radar,52,26,59,16,153,0,5,30,5,40,52,31,89,21,193,14,7,21,214
03/02/2021,LIT,AR,ASW,ES,Combined TRACON& Tower with Radar,45,32,76,33,186,0,4,26,4,34,45,36,102,37,220,10,26,36,256
03/03/2021,LIT,AR,ASW,ES,Combined TRACON& Tower with Radar,46,25,79,26,176,0,9,67,1,77,46,34,146,27,253,66,2,68,321
03/04/2021,LIT,AR,ASW,ES,Combined TRACON& Tower with Radar,60,30,56,7,153,0,9,54,5,68,60,39,110,12,221,42,7,49,270
03/05/2021,LIT,AR,ASW,ES,Combined TRACON& Tower with Radar,56,23,61,26,166,0,4,21,5,30,56,27,82,31,196,6,6,12,208
03/06/2021,LIT,AR,ASW,ES,Combined TRACON& Tower with Radar,41,18,34,0,93,0,14,46,0,60,41,32,80,0,153,0,0,0,153
03/07/2021,LIT,AR,ASW,ES,Combined TRACON& Tower with Radar,55,22,43,2,122,0,1,43,1,45,55,23,86,3,167,6,0,6,173
03/08/2021,LIT,AR,ASW,ES,Combined TRACON& Tower with Radar,49,28,65,36,178,0,3,45,9,57,49,31,110,45,235,6,28,34,269
03/09/2021,LIT,AR,ASW,ES,Combined TRACON& Tower with Radar,49,20,62,21,152,0,6,29,6,41,49,26,91,27,193,10,6,16,209
03/10/2021,LIT,AR,ASW,ES,Combined TRACON& Tower with Radar,55,21,70,19,165,0,2,14,0,16,55,23,84,19,181,4,0,4,185
03/11/2021,LIT,AR,ASW,ES,Combined TRACON& Tower with Radar,62,33,74,13,182,0,5,16,2,23,62,38,90,15,205,0,6,6,211
03/12/2021,LIT,AR,ASW,ES,Combined TRACON& Tower with Radar,54,26,61,39,180,0,4,15,3,22,54,30,76,42,202,2,14,16,218
03/13/2021,LIT,AR,ASW,ES,Combined TRACON& Tower with Radar,48,16,21,0,85,0,3,3,0,6,48,19,24,0,91,0,0,0,91
03/14/2021,LIT,AR,ASW,ES,Combined TRACON& Tower with Radar,57,15,33,0,105,0,2,2,0,4,57,17,35,0,109,0,0,0,109
03/15/2021,LIT,AR,ASW,ES,Combined TRACON& Tower with Radar,52,24,49,19,144,0,6,40,4,50,52,30,89,23,194,36,29,65,259
03/16/2021,LIT,AR,ASW,ES,Combined TRACON& Tower with Radar,51,28,67,17,163,0,3,55,1,59,51,31,122,18,222,12,2,14,236
03/17/2021,LIT,AR,ASW,ES,Combined TRACON& Tower with Radar,54,21,22,16,113,0,2,0,0,2,54,23,22,16,115,0,16,16,131
03/18/2021,LIT,AR,ASW,ES,Combined TRACON& Tower with Radar,63,30,72,4,169,0,0,3,2,5,63,30,75,6,174,0,0,0,174
03/19/2021,LIT,AR,ASW,ES,Combined TRACON& Tower with Radar,61,26,67,84,238,0,8,51,2,61,61,34,118,86,299,10,2,12,311
03/20/2021,LIT,AR,ASW,ES,Combined TRACON& Tower with Radar,54,21,52,34,161,0,4,42,1,47,54,25,94,35,208,0,0,0,208
03/21/2021,LIT,AR,ASW,ES,Combined TRACON& Tower with Radar,58,20,44,10,132,0,2,32,6,40,58,22,76,16,172,0,2,2,174
03/22/2021,LIT,AR,ASW,ES,Combined TRACON& Tower with Radar,48,21,45,30,144,0,3,39,0,42,48,24,84,30,186,4,8,12,198
03/23/2021,LIT,AR,ASW,ES,Combined TRACON& Tower with Radar,48,35,55,38,176,0,4,18,1,23,48,39,73,39,199,0,8,8,207
03/24/2021,LIT,AR,ASW,ES,Combined TRACON& Tower with Radar,53,18,80,70,221,0,2,70,6,78,53,20,150,76,299,18,6,24,323
03/25/2021,LIT,AR,ASW,ES,Combined TRACON& Tower with Radar,60,26,40,2,128,0,2,3,0,5,60,28,43,2,133,4,0,4,137
03/26/2021,LIT,AR,ASW,ES,Combined TRACON& Tower with Radar,55,31,50,31,167,0,1,50,7,58,55,32,100,38,225,22,6,28,253
03/27/2021,LIT,AR,ASW,ES,Combined TRACON& Tower with Radar,52,28,49,3,132,0,2,2,0,4,52,30,51,3,136,0,0,0,136
03/28/2021,LIT,AR,ASW,ES,Combined TRACON& Tower with Radar,57,30,63,12,162,0,9,25,1,35,57,39,88,13,197,23,0,23,220
03/29/2021,LIT,AR,ASW,ES,Combined TRACON& Tower with Radar,52,13,56,84,205,0,10,48,11,69,52,23,104,95,274,33,85,118,392
03/30/2021,LIT,AR,ASW,ES,Combined TRACON& Tower with Radar,50,34,78,18,180,0,1,6,0,7,50,35,84,18,187,0,0,0,187
03/31/2021,LIT,AR,ASW,ES,Combined TRACON& Tower with Radar,54,22,70,47,193,0,2,19,1,22,54,24,89,48,215,0,0,0,215
04/01/2021,LIT,AR,ASW,ES,Combined TRACON& Tower with Radar,62,30,77,81,250,0,1,61,17,79,62,31,138,98,329,6,22,28,357
04/02/2021,LIT,AR,ASW,ES,Combined TRACON& Tower with Radar,59,26,62,34,181,0,2,38,4,44,59,28,100,38,225,0,46,46,271
04/03/2021,LIT,AR,ASW,ES,Combined TRACON& Tower with Radar,56,21,36,0,113,0,7,47,3,57,56,28,83,3,170,2,0,2,172
04/04/2021,LIT,AR,ASW,ES,Combined TRACON& Tower with Radar,62,29,19,0,110,0,3,26,0,29,62,32,45,0,139,6,0,6,145
04/05/2021,LIT,AR,ASW,ES,Combined TRACON& Tower with Radar,56,14,68,67,205,0,6,37,2,45,56,20,105,69,250,8,18,26,276
04/06/2021,LIT,AR,ASW,ES,Combined TRACON& Tower with Radar,55,22,69,31,177,0,5,40,1,46,55,27,109,32,223,0,8,8,231
04/07/2021,LIT,AR,ASW,ES,Combined TRACON& Tower with Radar,56,26,68,2,152,0,3,3,0,6,56,29,71,2,158,0,0,0,158
04/08/2021,LIT,AR,ASW,ES,Combined TRACON& Tower with Radar,67,26,53,39,185,0,2,48,4,54,67,28,101,43,239,2,14,16,255
04/09/2021,LIT,AR,ASW,ES,Combined TRACON& Tower with Radar,62,29,50,29,170,0,3,23,6,32,62,32,73,35,202,0,41,41,243
04/10/2021,LIT,AR,ASW,ES,Combined TRACON& Tower with Radar,56,15,23,6,100,0,4,27,0,31,56,19,50,6,131,0,0,0,131
04/11/2021,LIT,AR,ASW,ES,Combined TRACON& Tower with Radar,60,22,41,39,162,0,10,28,6,44,60,32,69,45,206,0,4,4,210
04/12/2021,LIT,AR,ASW,ES,Combined TRACON& Tower with Radar,59,17,65,70,211,0,2,35,10,47,59,19,100,80,258,28,58,86,344
04/13/2021,LIT,AR,ASW,ES,Combined TRACON& Tower with Radar,57,25,78,75,235,0,1,29,6,36,57,26,107,81,271,5,30,35,306
04/14/2021,LIT,AR,ASW,ES,Combined TRACON& Tower with Radar,54,43,43,74,214,0,3,11,0,14,54,46,54,74,228,0,14,14,242
04/15/2021,LIT,AR,ASW,ES,Combined TRACON& Tower with Radar,65,39,68,47,219,0,3,51,7,61,65,42,119,54,280,26,30,56,336
04/16/2021,LIT,AR,ASW,ES,Combined TRACON& Tower with Radar,62,27,49,80,218,0,2,5,7,14,62,29,54,87,232,0,50,50,282
04/17/2021,LIT,AR,ASW,ES,Combined TRACON& Tower with Radar,52,21,28,69,170,0,4,23,4,31,52,25,51,73,201,0,32,32,233
04/18/2021,LIT,AR,ASW,ES,Combined TRACON& Tower with Radar,59,16,51,16,142,0,3,40,2,45,59,19,91,18,187,0,0,0,187
04/19/2021,LIT,AR,ASW,ES,Combined TRACON& Tower with Radar,57,20,60,60,197,0,4,58,4,66,57,24,118,64,263,0,8,8,271
04/20/2021,LIT,AR,ASW,ES,Combined TRACON& Tower with Radar,53,25,46,62,186,0,2,17,3,22,53,27,63,65,208,3,21,24,232
04/21/2021,LIT,AR,ASW,ES,Combined TRACON& Tower with Radar,54,28,58,73,213,0,8,94,19,121,54,36,152,92,334,27,72,99,433
04/22/2021,LIT,AR,ASW,ES,Combined TRACON& Tower with Radar,69,38,85,34,226,0,5,55,5,65,69,43,140,39,291,2,18,20,311
04/23/2021,LIT,AR,ASW,ES,Combined TRACON& Tower with Radar,58,22,51,9,140,0,4,17,2,23,58,26,68,11,163,26,8,34,197
04/24/2021,LIT,AR,ASW,ES,Combined TRACON& Tower with Radar,54,18,25,0,97,0,4,15,0,19,54,22,40,0,116,0,0,0,116
04/25/2021,LIT,AR,ASW,ES,Combined TRACON& Tower with Radar,65,18,46,0,129,0,9,43,2,54,65,27,89,2,183,0,0,0,183
04/26/2021,LIT,AR,ASW,ES,Combined TRACON& Tower with Radar,58,18,44,41,161,0,6,63,7,76,58,24,107,48,237,22,30,52,289
04/27/2021,LIT,AR,ASW,ES,Combined TRACON& Tower with Radar,54,24,80,11,169,0,3,20,1,24,54,27,100,12,193,0,0,0,193
04/28/2021,LIT,AR,ASW,ES,Combined TRACON& Tower with Radar,54,23,36,3,116,0,4,13,1,18,54,27,49,4,134,0,16,16,150
04/29/2021,LIT,AR,ASW,ES,Combined TRACON& Tower with Radar,64,31,31,6,132,0,1,6,0,7,64,32,37,6,139,4,0,4,143
04/30/2021,LIT,AR,ASW,ES,Combined TRACON& Tower with Radar,61,20,55,84,220,0,10,46,11,67,61,30,101,95,287,18,41,59,346
05/01/2021,LIT,AR,ASW,ES,Combined TRACON& Tower with Radar,54,20,31,11,116,0,1,32,2,35,54,21,63,13,151,0,0,0,151
05/02/2021,LIT,AR,ASW,ES,Combined TRACON& Tower with Radar,61,13,27,2,103,0,2,3,3,8,61,15,30,5,111,0,10,10,121
05/03/2021,LIT,AR,ASW,ES,Combined TRACON& Tower with Radar,54,17,59,29,159,0,3,13,0,16,54,20,72,29,175,6,10,16,191
05/04/2021,LIT,AR,ASW,ES,Combined TRACON& Tower with Radar,55,26,57,31,169,0,5,13,4,22,55,31,70,35,191,16,19,35,226
05/05/2021,LIT,AR,ASW,ES,Combined TRACON& Tower with Radar,59,39,61,31,190,0,3,88,9,100,59,42,149,40,290,0,24,24,314
05/06/2021,LIT,AR,ASW,ES,Combined TRACON& Tower with Radar,71,23,78,45,217,0,2,41,12,55,71,25,119,57,272,10,9,19,291
05/07/2021,LIT,AR,ASW,ES,Combined TRACON& Tower with Radar,61,29,84,44,218,0,3,42,8,53,61,32,126,52,271,2,51,53,324
05/08/2021,LIT,AR,ASW,ES,Combined TRACON& Tower with Radar,53,15,29,2,99,0,8,33,0,41,53,23,62,2,140,0,0,0,140
05/09/2021,LIT,AR,ASW,ES,Combined TRACON& Tower with Radar,62,26,19,0,107,0,9,12,0,21,62,35,31,0,128,0,0,0,128
05/10/2021,LIT,AR,ASW,ES,Combined TRACON& Tower with Radar,59,29,63,71,222,0,2,12,3,17,59,31,75,74,239,4,20,24,263
05/11/2021,LIT,AR,ASW,ES,Combined TRACON& Tower with Radar,63,34,64,29,190,0,0,8,0,8,63,34,72,29,198,0,7,7,205
05/12/2021,LIT,AR,ASW,ES,Combined TRACON& Tower with Radar,61,29,112,59,261,0,5,59,10,74,61,34,171,69,335,10,19,29,364
05/13/2021,LIT,AR,ASW,ES,Combined TRACON& Tower with Radar,68,30,102,48,248,0,5,75,6,86,68,35,177,54,334,10,25,35,369
05/14/2021,LIT,AR,ASW,ES,Combined TRACON& Tower with Radar,62,27,53,91,233,0,2,53,13,68,62,29,106,104,301,4,52,56,357
05/15/2021,LIT,AR,ASW,ES,Combined TRACON& Tower with Radar,53,18,39,33,143,0,4,40,12,56,53,22,79,45,199,0,38,38,237
05/16/2021,LIT,AR,ASW,ES,Combined TRACON& Tower with Radar,67,31,58,29,185,0,3,23,2,28,67,34,81,31,213,0,0,0,213
05/17/2021,LIT,AR,ASW,ES,Combined TRACON& Tower with Radar,58,17,61,15,151,0,3,8,2,13,58,20,69,17,164,2,6,8,172
05/18/2021,LIT,AR,ASW,ES,Combined TRACON& Tower with Radar,64,34,49,10,157,0,1,5,1,7,64,35,54,11,164,0,28,28,192
05/19/2021,LIT,AR,ASW,ES,Combined TRACON& Tower with Radar,62,28,66,12,168,0,1,6,0,7,62,29,72,12,175,0,2,2,177
05/20/2021,LIT,AR,ASW,ES,Combined TRACON& Tower with Radar,68,33,77,26,204,0,10,20,1,31,68,43,97,27,235,0,0,0,235
05/21/2021,LIT,AR,ASW,ES,Combined TRACON& Tower with Radar,62,24,64,31,181,0,3,30,6,39,62,27,94,37,220,0,59,59,279
05/22/2021,LIT,AR,ASW,ES,Combined TRACON& Tower with Radar,57,21,42,10,130,0,1,33,4,38,57,22,75,14,168,14,6,20,188
05/23/2021,LIT,AR,ASW,ES,Combined TRACON& Tower with Radar,61,22,49,3,135,0,6,36,0,42,61,28,85,3,177,6,0,6,183
05/24/2021,LIT,AR,ASW,ES,Combined TRACON& Tower with Radar,72,24,46,34,176,0,7,31,6,44,72,31,77,40,220,6,20,26,246
05/25/2021,LIT,AR,ASW,ES,Combined TRACON& Tower with Radar,62,41,64,22,189,0,1,29,7,37,62,42,93,29,226,14,2,16,242
05/26/2021,LIT,AR,ASW,ES,Combined TRACON& Tower with Radar,59,32,60,35,186,0,2,27,3,32,59,34,87,38,218,16,21,37,255
05/27/2021,LIT,AR,ASW,ES,Combined TRACON& Tower with Radar,75,31,94,31,231,0,3,44,2,49,75,34,138,33,280,22,0,22,302
05/28/2021,LIT,AR,ASW,ES,Combined TRACON& Tower with Radar,62,37,68,12,179,0,1,15,2,18,62,38,83,14,197,0,0,0,197
05/29/2021,LIT,AR,ASW,ES,Combined TRACON& Tower with Radar,54,20,41,9,124,0,5,24,0,29,54,25,65,9,153,10,0,10,163
05/30/2021,LIT,AR,ASW,ES,Combined TRACON& Tower with Radar,59,17,17,0,93,0,0,20,0,20,59,17,37,0,113,6,0,6,119
05/31/2021,LIT,AR,ASW,ES,Combined TRACON& Tower with Radar,54,21,53,0,128,0,4,23,0,27,54,25,76,0,155,1,32,33,188
06/01/2021,LIT,AR,ASW,ES,Combined TRACON& Tower with Radar,67,24,50,11,152,0,0,2,0,2,67,24,52,11,154,0,0,0,154
06/02/2021,LIT,AR,ASW,ES,Combined TRACON& Tower with Radar,62,35,65,21,183,0,3,18,5,26,62,38,83,26,209,0,0,0,209
06/03/2021,LIT,AR,ASW,ES,Combined TRACON& Tower with Radar,68,47,76,57,248,0,7,48,8,63,68,54,124,65,311,0,0,0,311
06/04/2021,LIT,AR,ASW,ES,Combined TRACON& Tower with Radar,63,32,76,73,244,0,8,37,8,53,63,40,113,81,297,4,96,100,397
06/05/2021,LIT,AR,ASW,ES,Combined TRACON& Tower with Radar,56,21,47,10,134,0,5,6,0,11,56,26,53,10,145,0,0,0,145
06/06/2021,LIT,AR,ASW,ES,Combined TRACON& Tower with Radar,66,24,49,7,146,0,2,1,0,3,66,26,50,7,149,0,0,0,149
06/07/2021,LIT,AR,ASW,ES,Combined TRACON& Tower with Radar,48,27,58,7,140,0,2,5,5,12,48,29,63,12,152,0,5,5,157
06/08/2021,LIT,AR,ASW,ES,Combined TRACON& Tower with Radar,66,29,50,4,149,0,1,1,0,2,66,30,51,4,151,0,0,0,151
06/09/2021,LIT,AR,ASW,ES,Combined TRACON& Tower with Radar,65,43,54,2,164,0,0,4,0,4,65,43,58,2,168,0,0,0,168
06/10/2021,LIT,AR,ASW,ES,Combined TRACON& Tower with Radar,66,31,76,31,204,0,0,23,3,26,66,31,99,34,230,8,6,14,244
06/11/2021,LIT,AR,ASW,ES,Combined TRACON& Tower with Radar,68,43,68,76,255,0,2,28,11,41,68,45,96,87,296,2,15,17,313
06/12/2021,LIT,AR,ASW,ES,Combined TRACON& Tower with Radar,59,25,58,24,166,0,8,32,3,43,59,33,90,27,209,10,16,26,235
06/13/2021,LIT,AR,ASW,ES,Combined TRACON& Tower with Radar,62,30,46,9,147,0,3,29,2,34,62,33,75,11,181,4,4,8,189
06/14/2021,LIT,AR,ASW,ES,Combined TRACON& Tower with Radar,60,30,54,27,171,0,5,35,6,46,60,35,89,33,217,4,20,24,241
06/15/2021,LIT,AR,ASW,ES,Combined TRACON& Tower with Radar,58,28,65,38,189,0,1,65,5,71,58,29,130,43,260,19,16,35,295
06/16/2021,LIT,AR,ASW,ES,Combined TRACON& Tower with Radar,62,31,72,31,196,0,4,61,6,71,62,35,133,37,267,6,22,28,295
06/17/2021,LIT,AR,ASW,ES,Combined TRACON& Tower with Radar,68,32,75,54,229,0,5,29,1,35,68,37,104,55,264,2,13,15,279
06/18/2021,LIT,AR,ASW,ES,Combined TRACON& Tower with Radar,61,28,62,1,152,0,12,60,2,74,61,40,122,3,226,6,0,6,232
06/19/2021,LIT,AR,ASW,ES,Combined TRACON& Tower with Radar,57,20,30,2,109,0,1,31,0,32,57,21,61,2,141,0,0,0,141
06/20/2021,LIT,AR,ASW,ES,Combined TRACON& Tower with Radar,62,30,39,0,131,0,5,31,3,39,62,35,70,3,170,0,0,0,170
06/21/2021,LIT,AR,ASW,ES,Combined TRACON& Tower with Radar,62,26,53,24,165,0,7,4,0,11,62,33,57,24,176,0,2,2,178
06/22/2021,LIT,AR,ASW,ES,Combined TRACON& Tower with Radar,61,31,67,53,212,0,2,48,14,64,61,33,115,67,276,0,41,41,317
06/23/2021,LIT,AR,ASW,ES,Combined TRACON& Tower with Radar,65,22,64,68,219,0,3,39,13,55,65,25,103,81,274,0,18,18,292
06/24/2021,LIT,AR,ASW,ES,Combined TRACON& Tower with Radar,67,23,75,85,250,0,3,27,6,36,67,26,102,91,286,0,10,10,296
06/25/2021,LIT,AR,ASW,ES,Combined TRACON& Tower with Radar,63,23,76,69,231,0,4,28,11,43,63,27,104,80,274,12,31,43,317
06/26/2021,LIT,AR,ASW,ES,Combined TRACON& Tower with Radar,53,14,47,25,139,0,4,14,5,23,53,18,61,30,162,0,103,103,265
06/27/2021,LIT,AR,ASW,ES,Combined TRACON& Tower with Radar,71,23,41,26,161,0,5,32,4,41,71,28,73,30,202,12,20,32,234
06/28/2021,LIT,AR,ASW,ES,Combined TRACON& Tower with Radar,59,22,50,65,196,0,4,38,6,48,59,26,88,71,244,10,31,41,285
06/29/2021,LIT,AR,ASW,ES,Combined TRACON& Tower with Radar,65,23,70,17,175,0,6,81,13,100,65,29,151,30,275,0,36,36,311
06/30/2021,LIT,AR,ASW,ES,Combined TRACON& Tower with Radar,60,45,64,38,207,0,4,36,19,59,60,49,100,57,266,10,48,58,324
07/01/2021,LIT,AR,ASW,ES,Combined TRACON& Tower with Radar,70,40,66,12,188,0,2,6,0,8,70,42,72,12,196,10,2,12,208
07/02/2021,LIT,AR,ASW,ES,Combined TRACON& Tower with Radar,62,27,65,0,154,0,1,25,0,26,62,28,90,0,180,0,0,0,180
07/03/2021,LIT,AR,ASW,ES,Combined TRACON& Tower with Radar,57,16,26,0,99,0,6,22,0,28,57,22,48,0,127,6,0,6,133
07/04/2021,LIT,AR,ASW,ES,Combined TRACON& Tower with Radar,61,13,8,1,83,0,5,32,0,37,61,18,40,1,120,8,0,8,128
07/05/2021,LIT,AR,ASW,ES,Combined TRACON& Tower with Radar,63,28,43,2,136,0,3,29,0,32,63,31,72,2,168,0,0,0,168
07/06/2021,LIT,AR,ASW,ES,Combined TRACON& Tower with Radar,65,23,46,73,207,0,7,42,9,58,65,30,88,82,265,14,0,14,279
07/07/2021,LIT,AR,ASW,ES,Combined TRACON& Tower with Radar,65,41,43,53,202,0,8,33,12,53,65,49,76,65,255,10,20,30,285
07/08/2021,LIT,AR,ASW,ES,Combined TRACON& Tower with Radar,74,35,62,69,240,0,1,47,9,57,74,36,109,78,297,2,52,54,351
07/09/2021,LIT,AR,ASW,ES,Combined TRACON& Tower with Radar,91,34,51,141,317,0,5,40,18,63,91,39,91,159,380,0,12,12,392
07/10/2021,LIT,AR,ASW,ES,Combined TRACON& Tower with Radar,60,22,40,9,131,0,1,21,1,23,60,23,61,10,154,0,0,0,154
07/11/2021,LIT,AR,ASW,ES,Combined TRACON& Tower with Radar,64,24,39,14,141,0,3,6,0,9,64,27,45,14,150,0,0,0,150
07/12/2021,LIT,AR,ASW,ES,Combined TRACON& Tower with Radar,67,31,58,78,234,0,5,35,13,53,67,36,93,91,287,18,34,52,339
07/13/2021,LIT,AR,ASW,ES,Combined TRACON& Tower with Radar,68,32,70,62,232,0,2,40,11,53,68,34,110,73,285,6,28,34,319
07/14/2021,LIT,AR,ASW,ES,Combined TRACON& Tower with Radar,64,37,88,77,266,0,3,62,15,80,64,40,150,92,346,0,50,50,396
07/15/2021,LIT,AR,ASW,ES,Combined TRACON& Tower with Radar,70,35,72,55,232,0,6,48,16,70,70,41,120,71,302,12,9,21,323
07/16/2021,LIT,AR,ASW,ES,Combined TRACON& Tower with Radar,67,29,50,16,162,0,3,8,0,11,67,32,58,16,173,10,32,42,215
07/17/2021,LIT,AR,ASW,ES,Combined TRACON& Tower with Radar,53,21,25,0,99,0,1,3,0,4,53,22,28,0,103,0,0,0,103
07/18/2021,LIT,AR,ASW,ES,Combined TRACON& Tower with Radar,66,26,42,0,134,0,0,6,0,6,66,26,48,0,140,0,0,0,140
07/19/2021,LIT,AR,ASW,ES,Combined TRACON& Tower with Radar,66,45,66,109,286,0,0,29,9,38,66,45,95,118,324,4,28,32,356
07/20/2021,LIT,AR,ASW,ES,Combined TRACON& Tower with Radar,67,23,65,95,250,0,1,40,19,60,67,24,105,114,310,8,36,44,354
07/21/2021,LIT,AR,ASW,ES,Combined TRACON& Tower with Radar,70,27,66,41,204,0,5,38,8,51,70,32,104,49,255,9,34,43,298
07/22/2021,LIT,AR,ASW,ES,Combined TRACON& Tower with Radar,77,39,85,29,230,0,4,34,7,45,77,43,119,36,275,0,12,12,287
07/23/2021,LIT,AR,ASW,ES,Combined TRACON& Tower with Radar,66,47,54,34,201,0,0,41,11,52,66,47,95,45,253,6,6,12,265
07/24/2021,LIT,AR,ASW,ES,Combined TRACON& Tower with Radar,56,20,48,14,138,0,6,37,5,48,56,26,85,19,186,2,40,42,228
07/25/2021,LIT,AR,ASW,ES,Combined TRACON& Tower with Radar,68,23,39,16,146,0,7,26,3,36,68,30,65,19,182,0,0,0,182
07/26/2021,LIT,AR,ASW,ES,Combined TRACON& Tower with Radar,62,30,57,10,159,0,2,32,6,40,62,32,89,16,199,0,6,6,205
07/27/2021,LIT,AR,ASW,ES,Combined TRACON& Tower with Radar,65,39,51,30,185,0,1,36,3,40,65,40,87,33,225,0,26,26,251
07/28/2021,LIT,AR,ASW,ES,Combined TRACON& Tower with Radar,69,32,71,53,225,0,5,42,5,52,69,37,113,58,277,6,22,28,305
07/29/2021,LIT,AR,ASW,ES,Combined TRACON& Tower with Radar,69,23,76,45,213,0,5,62,3,70,69,28,138,48,283,4,32,36,319
07/30/2021,LIT,AR,ASW,ES,Combined TRACON& Tower with Radar,71,30,55,62,218,0,2,44,8,54,71,32,99,70,272,16,12,28,300
07/31/2021,LIT,AR,ASW,ES,Combined TRACON& Tower with Radar,53,22,31,16,122,0,1,25,6,32,53,23,56,22,154,8,22,30,184
08/01/2021,LIT,AR,ASW,ES,Combined TRACON& Tower with Radar,66,37,38,2,143,0,3,16,0,19,66,40,54,2,162,14,0,14,176
08/02/2021,LIT,AR,ASW,ES,Combined TRACON& Tower with Radar,60,30,50,39,179,0,3,23,3,29,60,33,73,42,208,23,22,45,253
08/03/2021,LIT,AR,ASW,ES,Combined TRACON& Tower with Radar,66,31,53,68,218,0,9,44,15,68,66,40,97,83,286,10,36,46,332
08/04/2021,LIT,AR,ASW,ES,Combined TRACON& Tower with Radar,64,32,56,80,232,0,2,61,6,69,64,34,117,86,301,4,21,25,326
08/05/2021,LIT,AR,ASW,ES,Combined TRACON& Tower with Radar,69,25,46,36,176,0,6,36,2,44,69,31,82,38,220,0,14,14,234
08/06/2021,LIT,AR,ASW,ES,Combined TRACON& Tower with Radar,64,29,66,52,211,0,2,44,1,47,64,31,110,53,258,6,2,8,266
08/07/2021,LIT,AR,ASW,ES,Combined TRACON& Tower with Radar,54,30,22,30,136,0,3,27,2,32,54,33,49,32,168,4,6,10,178
08/08/2021,LIT,AR,ASW,ES,Combined TRACON& Tower with Radar,62,26,53,6,147,0,3,27,0,30,62,29,80,6,177,4,0,4,181
08/09/2021,LIT,AR,ASW,ES,Combined TRACON& Tower with Radar,60,18,31,38,147,0,0,40,12,52,60,18,71,50,199,26,2,28,227
08/10/2021,LIT,AR,ASW,ES,Combined TRACON& Tower with Radar,59,30,70,73,232,0,1,28,19,48,59,31,98,92,280,0,24,24,304
08/11/2021,LIT,AR,ASW,ES,Combined TRACON& Tower with Radar,57,36,68,62,223,0,0,45,6,51,57,36,113,68,274,16,46,62,336
08/12/2021,LIT,AR,ASW,ES,Combined TRACON& Tower with Radar,74,43,82,66,265,0,5,61,14,80,74,48,143,80,345,8,28,36,381
08/13/2021,LIT,AR,ASW,ES,Combined TRACON& Tower with Radar,62,29,79,58,228,0,7,50,14,71,62,36,129,72,299,8,24,32,331
08/14/2021,LIT,AR,ASW,ES,Combined TRACON& Tower with Radar,49,35,38,24,146,0,5,9,9,23,49,40,47,33,169,7,0,7,176
08/15/2021,LIT,AR,ASW,ES,Combined TRACON& Tower with Radar,64,38,41,17,160,0,5,26,1,32,64,43,67,18,192,0,10,10,202
08/16/2021,LIT,AR,ASW,ES,Combined TRACON& Tower with Radar,60,35,36,120,251,0,4,40,11,55,60,39,76,131,306,8,32,40,346
08/17/2021,LIT,AR,ASW,ES,Combined TRACON& Tower with Radar,57,36,57,33,183,0,6,36,6,48,57,42,93,39,231,0,28,28,259
08/18/2021,LIT,AR,ASW,ES,Combined TRACON& Tower with Radar,59,36,42,3,140,0,2,7,0,9,59,38,49,3,149,12,0,12,161
08/19/2021,LIT,AR,ASW,ES,Combined TRACON& Tower with Radar,65,32,70,14,181,0,0,9,0,9,65,32,79,14,190,0,2,2,192
08/20/2021,LIT,AR,ASW,ES,Combined TRACON& Tower with Radar,63,31,51,21,166,0,2,17,3,22,63,33,68,24,188,2,12,14,202
08/21/2021,LIT,AR,ASW,ES,Combined TRACON& Tower with Radar,53,28,38,0,119,0,5,29,0,34,53,33,67,0,153,0,0,0,153
08/22/2021,LIT,AR,ASW,ES,Combined TRACON& Tower with Radar,61,31,30,9,131,0,0,31,3,34,61,31,61,12,165,10,18,28,193
08/23/2021,LIT,AR,ASW,ES,Combined TRACON& Tower with Radar,56,31,62,53,202,0,1,38,3,42,56,32,100,56,244,12,20,32,276
08/24/2021,LIT,AR,ASW,ES,Combined TRACON& Tower with Radar,61,31,77,26,195,0,2,50,13,65,61,33,127,39,260,6,23,29,289
08/25/2021,LIT,AR,ASW,ES,Combined TRACON& Tower with Radar,61,32,63,53,209,0,0,43,12,55,61,32,106,65,264,0,33,33,297
08/26/2021,LIT,AR,ASW,ES,Combined TRACON& Tower with Radar,69,36,73,46,224,0,2,53,4,59,69,38,126,50,283,42,6,48,331
08/27/2021,LIT,AR,ASW,ES,Combined TRACON& Tower with Radar,63,42,85,64,254,0,2,71,7,80,63,44,156,71,334,8,22,30,364
08/28/2021,LIT,AR,ASW,ES,Combined TRACON& Tower with Radar,52,37,29,15,133,0,5,42,5,52,52,42,71,20,185,21,6,27,212
08/29/2021,LIT,AR,ASW,ES,Combined TRACON& Tower with Radar,60,34,38,24,156,0,2,14,4,20,60,36,52,28,176,2,8,10,186
08/30/2021,LIT,AR,ASW,ES,Combined TRACON& Tower with Radar,62,27,44,13,146,0,4,13,5,22,62,31,57,18,168,0,16,16,184
08/31/2021,LIT,AR,ASW,ES,Combined TRACON& Tower with Radar,58,28,37,8,131,0,2,42,4,48,58,30,79,12,179,0,6,6,185
09/01/2021,LIT,AR,ASW,ES,Combined TRACON& Tower with Radar,61,31,64,49,205,0,3,39,11,53,61,34,103,60,258,8,34,42,300
09/02/2021,LIT,AR,ASW,ES,Combined TRACON& Tower with Radar,65,47,74,35,221,0,4,45,4,53,65,51,119,39,274,4,10,14,288
09/03/2021,LIT,AR,ASW,ES,Combined TRACON& Tower with Radar,61,44,76,7,188,0,9,58,2,69,61,53,134,9,257,16,0,16,273
09/04/2021,LIT,AR,ASW,ES,Combined TRACON& Tower with Radar,52,21,42,2,117,0,2,38,0,40,52,23,80,2,157,30,0,30,187
09/05/2021,LIT,AR,ASW,ES,Combined TRACON& Tower with Radar,53,25,34,0,112,0,3,10,2,15,53,28,44,2,127,0,0,0,127
09/06/2021,LIT,AR,ASW,ES,Combined TRACON& Tower with Radar,53,39,36,0,128,0,1,34,0,35,53,40,70,0,163,0,0,0,163
09/07/2021,LIT,AR,ASW,ES,Combined TRACON& Tower with Radar,57,33,59,14,163,0,1,38,4,43,57,34,97,18,206,2,4,6,212
09/08/2021,LIT,AR,ASW,ES,Combined TRACON& Tower with Radar,69,23,52,50,194,0,2,51,8,61,69,25,103,58,255,0,12,12,267
09/09/2021,LIT,AR,ASW,ES,Combined TRACON& Tower with Radar,62,36,81,12,191,0,2,59,3,64,62,38,140,15,255,0,0,0,255
09/10/2021,LIT,AR,ASW,ES,Combined TRACON& Tower with Radar,63,39,93,71,266,0,3,46,8,57,63,42,139,79,323,8,12,20,343
09/11/2021,LIT,AR,ASW,ES,Combined TRACON& Tower with Radar,52,27,47,2,128,0,5,47,0,52,52,32,94,2,180,18,0,18,198
09/12/2021,LIT,AR,ASW,ES,Combined TRACON& Tower with Radar,61,32,51,34,178,0,3,39,5,47,61,35,90,39,225,0,0,0,225
09/13/2021,LIT,AR,ASW,ES,Combined TRACON& Tower with Radar,59,33,53,28,173,0,10,24,3,37,59,43,77,31,210,4,70,74,284
09/14/2021,LIT,AR,ASW,ES,Combined TRACON& Tower with Radar,60,32,71,40,203,0,0,42,10,52,60,32,113,50,255,6,24,30,285
09/15/2021,LIT,AR,ASW,ES,Combined TRACON& Tower with Radar,63,36,68,39,206,0,4,30,11,45,63,40,98,50,251,4,56,60,311
09/16/2021,LIT,AR,ASW,ES,Combined TRACON& Tower with Radar,67,42,95,40,244,0,3,20,5,28,67,45,115,45,272,2,4,6,278
09/17/2021,LIT,AR,ASW,ES,Combined TRACON& Tower with Radar,66,42,60,7,175,0,4,10,2,16,66,46,70,9,191,0,0,0,191
09/18/2021,LIT,AR,ASW,ES,Combined TRACON& Tower with Radar,51,26,32,2,111,0,0,5,1,6,51,26,37,3,117,14,0,14,131
09/19/2021,LIT,AR,ASW,ES,Combined TRACON& Tower with Radar,68,31,38,9,146,0,4,8,1,13,68,35,46,10,159,0,0,0,159
09/20/2021,LIT,AR,ASW,ES,Combined TRACON& Tower with Radar,58,44,71,71,244,0,6,42,8,56,58,50,113,79,300,10,48,58,358
09/21/2021,LIT,AR,ASW,ES,Combined TRACON& Tower with Radar,68,26,86,20,200,0,2,13,3,18,68,28,99,23,218,0,0,0,218
09/22/2021,LIT,AR,ASW,ES,Combined TRACON& Tower with Radar,66,61,91,17,235,0,10,60,3,73,66,71,151,20,308,16,18,34,342
09/23/2021,LIT,AR,ASW,ES,Combined TRACON& Tower with Radar,66,40,87,45,238,0,5,79,19,103,66,45,166,64,341,4,32,36,377
09/24/2021,LIT,AR,ASW,ES,Combined TRACON& Tower with Radar,64,39,74,36,213,0,1,68,6,75,64,40,142,42,288,8,30,38,326
09/25/2021,LIT,AR,ASW,ES,Combined TRACON& Tower with Radar,52,37,41,5,135,0,2,40,1,43,52,39,81,6,178,0,2,2,180
09/26/2021,LIT,AR,ASW,ES,Combined TRACON& Tower with Radar,62,27,60,6,155,0,5,34,0,39,62,32,94,6,194,6,2,8,202
09/27/2021,LIT,AR,ASW,ES,Combined TRACON& Tower with Radar,58,49,54,15,176,0,10,37,9,56,58,59,91,24,232,2,18,20,252
09/28/2021,LIT,AR,ASW,ES,Combined TRACON& Tower with Radar,60,41,88,34,223,0,1,31,1,33,60,42,119,35,256,22,12,34,290
09/29/2021,LIT,AR,ASW,ES,Combined TRACON& Tower with Radar,66,33,83,6,188,0,5,26,0,31,66,38,109,6,219,0,0,0,219
09/30/2021,LIT,AR,ASW,ES,Combined TRACON& Tower with Radar,66,50,95,28,239,0,1,4,5,10,66,51,99,33,249,22,46,68,317
10/01/2021,LIT,AR,ASW,ES,Combined TRACON& Tower with Radar,64,42,81,22,209,0,0,5,1,6,64,42,86,23,215,38,10,48,263
10/02/2021,LIT,AR,ASW,ES,Combined TRACON& Tower with Radar,54,33,26,9,122,0,1,4,0,5,54,34,30,9,127,0,0,0,127
10/03/2021,LIT,AR,ASW,ES,Combined TRACON& Tower with Radar,65,29,59,3,156,0,4,31,2,37,65,33,90,5,193,8,0,8,201
10/04/2021,LIT,AR,ASW,ES,Combined TRACON& Tower with Radar,63,37,78,24,202,0,1,48,12,61,63,38,126,36,263,6,10,16,279
10/05/2021,LIT,AR,ASW,ES,Combined TRACON& Tower with Radar,61,33,64,53,211,0,0,53,17,70,61,33,117,70,281,24,10,34,315
10/06/2021,LIT,AR,ASW,ES,Combined TRACON& Tower with Radar,66,34,115,35,250,0,5,18,4,27,66,39,133,39,277,21,38,59,336
10/07/2021,LIT,AR,ASW,ES,Combined TRACON& Tower with Radar,70,33,87,64,254,0,4,49,12,65,70,37,136,76,319,0,20,20,339
10/08/2021,LIT,AR,ASW,ES,Combined TRACON& Tower with Radar,61,31,75,4,171,0,10,68,1,79,61,41,143,5,250,0,0,0,250
10/09/2021,LIT,AR,ASW,ES,Combined TRACON& Tower with Radar,54,23,41,5,123,0,5,28,1,34,54,28,69,6,157,0,0,0,157
10/10/2021,LIT,AR,ASW,ES,Combined TRACON& Tower with Radar,52,28,47,1,128,0,6,33,0,39,52,34,80,1,167,10,0,10,177
10/11/2021,LIT,AR,ASW,ES,Combined TRACON& Tower with Radar,62,36,72,0,170,0,10,28,0,38,62,46,100,0,208,4,0,4,212
10/12/2021,LIT,AR,ASW,ES,Combined TRACON& Tower with Radar,63,33,66,26,188,0,3,55,3,61,63,36,121,29,249,2,18,20,269
10/13/2021,LIT,AR,ASW,ES,Combined TRACON& Tower with Radar,62,29,67,16,174,0,2,29,0,31,62,31,96,16,205,0,0,0,205
10/14/2021,LIT,AR,ASW,ES,Combined TRACON& Tower with Radar,72,32,82,5,191,0,1,10,5,16,72,33,92,10,207,14,0,14,221
10/15/2021,LIT,AR,ASW,ES,Combined TRACON& Tower with Radar,69,35,49,3,156,0,2,6,0,8,69,37,55,3,164,0,0,0,164
10/16/2021,LIT,AR,ASW,ES,Combined TRACON& Tower with Radar,56,26,41,14,137,0,2,49,2,53,56,28,90,16,190,0,0,0,190
10/17/2021,LIT,AR,ASW,ES,Combined TRACON& Tower with Radar,66,26,46,35,173,0,0,62,6,68,66,26,108,41,241,0,6,6,247
10/18/2021,LIT,AR,ASW,ES,Combined TRACON& Tower with Radar,64,28,76,17,185,0,8,61,3,72,64,36,137,20,257,20,8,28,285
10/19/2021,LIT,AR,ASW,ES,Combined TRACON& Tower with Radar,63,30,69,14,176,0,1,42,3,46,63,31,111,17,222,18,0,18,240
10/20/2021,LIT,AR,ASW,ES,Combined TRACON& Tower with Radar,67,44,63,30,204,0,1,51,16,68,67,45,114,46,272,16,22,38,310
10/21/2021,LIT,AR,ASW,ES,Combined TRACON& Tower with Radar,72,38,75,73,258,0,1,52,6,59,72,39,127,79,317,66,12,78,395
10/22/2021,LIT,AR,ASW,ES,Combined TRACON& Tower with Radar,66,36,86,27,215,0,1,51,2,54,66,37,137,29,269,0,22,22,291
10/23/2021,LIT,AR,ASW,ES,Combined TRACON& Tower with Radar,60,18,54,0,132,0,5,25,1,31,60,23,79,1,163,0,0,0,163
10/24/2021,LIT,AR,ASW,ES,Combined TRACON& Tower with Radar,73,25,57,8,163,0,3,13,1,17,73,28,70,9,180,0,0,0,180
10/25/2021,LIT,AR,ASW,ES,Combined TRACON& Tower with Radar,58,26,61,41,186,0,7,56,12,75,58,33,117,53,261,24,34,58,319
10/26/2021,LIT,AR,ASW,ES,Combined TRACON& Tower with Radar,62,37,84,37,220,0,1,63,15,79,62,38,147,52,299,18,0,18,317
10/27/2021,LIT,AR,ASW,ES,Combined TRACON& Tower with Radar,67,26,52,26,171,0,3,11,5,19,67,29,63,31,190,0,16,16,206
10/28/2021,LIT,AR,ASW,ES,Combined TRACON& Tower with Radar,66,49,70,21,206,0,1,3,4,8,66,50,73,25,214,0,0,0,214
10/29/2021,LIT,AR,ASW,ES,Combined TRACON& Tower with Radar,69,39,73,32,213,0,2,11,0,13,69,41,84,32,226,6,0,6,232
10/30/2021,LIT,AR,ASW,ES,Combined TRACON& Tower with Radar,58,18,44,0,120,0,1,40,2,43,58,19,84,2,163,20,0,20,183
10/31/2021,LIT,AR,ASW,ES,Combined TRACON& Tower with Radar,56,35,42,2,135,0,2,57,1,60,56,37,99,3,195,18,0,18,213
11/01/2021,LIT,AR,ASW,ES,Combined TRACON& Tower with Radar,61,39,48,44,192,0,1,50,2,53,61,40,98,46,245,0,0,0,245
11/02/2021,LIT,AR,ASW,ES,Combined TRACON& Tower with Radar,52,40,66,3,161,0,0,30,1,31,52,40,96,4,192,0,0,0,192
11/03/2021,LIT,AR,ASW,ES,Combined TRACON& Tower with Radar,52,46,67,27,192,0,1,19,1,21,52,47,86,28,213,2,6,8,221
11/04/2021,LIT,AR,ASW,ES,Combined TRACON& Tower with Radar,65,37,85,42,229,0,4,61,9,74,65,41,146,51,303,20,24,44,347
11/05/2021,LIT,AR,ASW,ES,Combined TRACON& Tower with Radar,61,31,70,96,258,0,3,47,3,53,61,34,117,99,311,20,38,58,369
11/06/2021,LIT,AR,ASW,ES,Combined TRACON& Tower with Radar,50,25,43,24,142,0,4,36,3,43,50,29,79,27,185,6,10,16,201
11/07/2021,LIT,AR,ASW,ES,Combined TRACON& Tower with Radar,62,36,60,18,176,0,1,36,2,39,62,37,96,20,215,0,0,0,215
11/08/2021,LIT,AR,ASW,ES,Combined TRACON& Tower with Radar,52,40,53,9,154,0,4,54,1,59,52,44,107,10,213,12,2,14,227
11/09/2021,LIT,AR,ASW,ES,Combined TRACON& Tower with Radar,50,42,74,67,233,0,4,43,5,52,50,46,117,72,285,10,30,40,325
11/10/2021,LIT,AR,ASW,ES,Combined TRACON& Tower with Radar,50,42,97,22,211,0,6,37,6,49,50,48,134,28,260,16,10,26,286
11/11/2021,LIT,AR,ASW,ES,Combined TRACON& Tower with Radar,60,48,92,0,200,0,4,28,2,34,60,52,120,2,234,11,0,11,245
11/12/2021,LIT,AR,ASW,ES,Combined TRACON& Tower with Radar,60,41,61,20,182,0,1,24,0,25,60,42,85,20,207,15,0,15,222
11/13/2021,LIT,AR,ASW,ES,Combined TRACON& Tower with Radar,52,24,50,4,130,0,5,45,0,50,52,29,95,4,180,8,0,8,188
11/14/2021,LIT,AR,ASW,ES,Combined TRACON& Tower with Radar,60,52,65,4,181,0,2,32,1,35,60,54,97,5,216,4,0,4,220
11/15/2021,LIT,AR,ASW,ES,Combined TRACON& Tower with Radar,52,38,83,47,220,0,2,49,9,60,52,40,132,56,280,24,58,82,362
11/16/2021,LIT,AR,ASW,ES,Combined TRACON& Tower with Radar,49,50,93,49,241,0,1,5,5,11,49,51,98,54,252,0,18,18,270
11/17/2021,LIT,AR,ASW,ES,Combined TRACON& Tower with Radar,51,34,77,15,177,0,2,18,13,33,51,36,95,28,210,2,80,82,292
11/18/2021,LIT,AR,ASW,ES,Combined TRACON& Tower with Radar,63,38,80,27,208,0,2,35,7,44,63,40,115,34,252,0,42,42,294
11/19/2021,LIT,AR,ASW,ES,Combined TRACON& Tower with Radar,56,52,97,3,208,0,3,48,5,56,56,55,145,8,264,8,10,18,282
11/20/2021,LIT,AR,ASW,ES,Combined TRACON& Tower with Radar,50,37,57,2,146,0,2,42,2,46,50,39,99,4,192,0,0,0,192
11/21/2021,LIT,AR,ASW,ES,Combined TRACON& Tower with Radar,59,33,46,4,142,0,1,4,0,5,59,34,50,4,147,0,0,0,147
11/22/2021,LIT,AR,ASW,ES,Combined TRACON& Tower with Radar,49,38,74,23,184,0,0,74,9,83,49,38,148,32,267,10,12,22,289
11/23/2021,LIT,AR,ASW,ES,Combined TRACON& Tower with Radar,68,42,63,51,224,0,2,60,12,74,68,44,123,63,298,0,40,40,338
11/24/2021,LIT,AR,ASW,ES,Combined TRACON& Tower with Radar,64,37,57,29,187,0,4,34,0,38,64,41,91,29,225,12,2,14,239
11/25/2021,LIT,AR,ASW,ES,Combined TRACON& Tower with Radar,37,24,13,0,74,0,1,3,0,4,37,25,16,0,78,0,0,0,78
11/26/2021,LIT,AR,ASW,ES,Combined TRACON& Tower with Radar,43,39,49,2,133,0,3,39,1,43,43,42,88,3,176,46,2,48,224
11/27/2021,LIT,AR,ASW,ES,Combined TRACON& Tower with Radar,53,30,45,0,128,0,6,38,0,44,53,36,83,0,172,2,0,2,174
11/28/2021,LIT,AR,ASW,ES,Combined TRACON& Tower with Radar,62,32,65,2,161,0,3,32,1,36,62,35,97,3,197,0,0,0,197
11/29/2021,LIT,AR,ASW,ES,Combined TRACON& Tower with Radar,61,43,63,51,218,0,7,33,11,51,61,50,96,62,269,4,48,52,321
11/30/2021,LIT,AR,ASW,ES,Combined TRACON& Tower with Radar,57,48,64,24,193,0,2,43,9,54,57,50,107,33,247,0,18,18,265
12/01/2021,LIT,AR,ASW,ES,Combined TRACON& Tower with Radar,59,64,60,2,185,0,4,36,3,43,59,68,96,5,228,6,0,6,234
12/02/2021,LIT,AR,ASW,ES,Combined TRACON& Tower with Radar,72,44,67,22,205,0,2,57,11,70,72,46,124,33,275,30,78,108,383
12/03/2021,LIT,AR,ASW,ES,Combined TRACON& Tower with Radar,64,64,88,24,240,0,0,19,0,19,64,64,107,24,259,0,0,0,259
12/04/2021,LIT,AR,ASW,ES,Combined TRACON& Tower with Radar,48,25,41,2,116,0,0,5,1,6,48,25,46,3,122,0,0,0,122
12/05/2021,LIT,AR,ASW,ES,Combined TRACON& Tower with Radar,65,27,25,0,117,0,1,6,0,7,65,28,31,0,124,0,0,0,124
12/06/2021,LIT,AR,ASW,ES,Combined TRACON& Tower with Radar,60,34,48,31,173,0,5,22,10,37,60,39,70,41,210,22,36,58,268
12/07/2021,LIT,AR,ASW,ES,Combined TRACON& Tower with Radar,57,48,71,48,224,0,5,37,10,52,57,53,108,58,276,0,0,0,276
12/08/2021,LIT,AR,ASW,ES,Combined TRACON& Tower with Radar,62,51,80,80,273,0,10,60,14,84,62,61,140,94,357,0,62,62,419
12/09/2021,LIT,AR,ASW,ES,Combined TRACON& Tower with Radar,72,38,91,16,217,0,0,3,0,3,72,38,94,16,220,0,6,6,226
12/10/2021,LIT,AR,ASW,ES,Combined TRACON& Tower with Radar,58,37,66,34,195,0,2,5,1,8,58,39,71,35,203,0,0,0,203
12/11/2021,LIT,AR,ASW,ES,Combined TRACON& Tower with Radar,50,30,38,4,122,0,5,36,2,43,50,35,74,6,165,0,0,0,165
12/12/2021,LIT,AR,ASW,ES,Combined TRACON& Tower with Radar,66,39,38,4,147,0,2,47,0,49,66,41,85,4,196,0,0,0,196
12/13/2021,LIT,AR,ASW,ES,Combined TRACON& Tower with Radar,61,35,66,58,220,0,7,49,9,65,61,42,115,67,285,0,44,44,329
12/14/2021,LIT,AR,ASW,ES,Combined TRACON& Tower with Radar,57,35,75,39,206,0,3,10,1,14,57,38,85,40,220,14,24,38,258
12/15/2021,LIT,AR,ASW,ES,Combined TRACON& Tower with Radar,58,41,64,7,170,1,3,7,2,13,59,44,71,9,183,2,8,10,193
12/16/2021,LIT,AR,ASW,ES,Combined TRACON& Tower with Radar,68,42,56,1,167,0,3,4,1,8,68,45,60,2,175,0,14,14,189
12/17/2021,LIT,AR,ASW,ES,Combined TRACON& Tower with Radar,43,21,49,0,113,0,0,0,0,0,43,21,49,0,113,0,0,0,113
12/18/2021,LIT,AR,ASW,ES,Combined TRACON& Tower with Radar,58,24,36,0,118,0,3,0,0,3,58,27,36,0,121,0,0,0,121
12/19/2021,LIT,AR,ASW,ES,Combined TRACON& Tower with Radar,69,26,49,4,148,0,2,20,2,24,69,28,69,6,172,8,0,8,180
12/20/2021,LIT,AR,ASW,ES,Combined TRACON& Tower with Radar,54,32,61,30,177,0,5,23,1,29,54,37,84,31,206,30,10,40,246
12/21/2021,LIT,AR,ASW,ES,Combined TRACON& Tower with Radar,62,37,64,56,219,0,0,60,7,67,62,37,124,63,286,14,12,26,312
12/22/2021,LIT,AR,ASW,ES,Combined TRACON& Tower with Radar,58,34,59,13,164,0,0,65,10,75,58,34,124,23,239,22,38,60,299
12/23/2021,LIT,AR,ASW,ES,Combined TRACON& Tower with Radar,69,31,40,8,148,0,0,26,3,29,69,31,66,11,177,16,18,34,211
12/24/2021,LIT,AR,ASW,ES,Combined TRACON& Tower with Radar,53,24,9,0,86,0,1,7,0,8,53,25,16,0,94,0,0,0,94
12/25/2021,LIT,AR,ASW,ES,Combined TRACON& Tower with Radar,45,22,15,0,82,0,3,21,1,25,45,25,36,1,107,4,0,4,111
12/26/2021,LIT,AR,ASW,ES,Combined TRACON& Tower with Radar,59,24,54,0,137,0,0,2,0,2,59,24,56,0,139,0,0,0,139
12/27/2021,LIT,AR,ASW,ES,Combined TRACON& Tower with Radar,57,30,35,2,124,0,4,15,0,19,57,34,50,2,143,4,0,4,147
12/28/2021,LIT,AR,ASW,ES,Combined TRACON& Tower with Radar,67,23,45,9,144,0,2,11,6,19,67,25,56,15,163,4,4,8,171
12/29/2021,LIT,AR,ASW,ES,Combined TRACON& Tower with Radar,57,33,59,2,151,0,6,5,0,11,57,39,64,2,162,0,0,0,162
12/30/2021,LIT,AR,ASW,ES,Combined TRACON& Tower with Radar,67,37,38,12,154,0,2,28,0,30,67,39,66,12,184,6,0,6,190
12/31/2021,LIT,AR,ASW,ES,Combined TRACON& Tower with Radar,52,19,25,1,97,0,2,0,0,2,52,21,25,1,99,0,0,0,99
01/01/2022,LIT,AR,ASW,ES,Combined TRACON& Tower with Radar,43,21,15,1,80,0,0,0,0,0,43,21,15,1,80,0,0,0,80
01/02/2022,LIT,AR,ASW,ES,Combined TRACON& Tower with Radar,55,17,49,2,123,0,2,6,0,8,55,19,55,2,131,0,0,0,131
01/03/2022,LIT,AR,ASW,ES,Combined TRACON& Tower with Radar,56,31,42,0,129,0,10,41,0,51,56,41,83,0,180,0,0,0,180
01/04/2022,LIT,AR,ASW,ES,Combined TRACON& Tower with Radar,50,28,46,2,126,0,5,36,0,41,50,33,82,2,167,18,22,40,207
01/05/2022,LIT,AR,ASW,ES,Combined TRACON& Tower with Radar,54,30,55,45,184,0,10,46,7,63,54,40,101,52,247,12,24,36,283
01/06/2022,LIT,AR,ASW,ES,Combined TRACON& Tower with Radar,60,28,45,28,161,0,5,16,5,26,60,33,61,33,187,22,60,82,269
01/07/2022,LIT,AR,ASW,ES,Combined TRACON& Tower with Radar,55,30,43,8,136,0,4,33,3,40,55,34,76,11,176,4,42,46,222
01/08/2022,LIT,AR,ASW,ES,Combined TRACON& Tower with Radar,43,19,16,0,78,0,0,3,0,3,43,19,19,0,81,18,88,106,187
01/09/2022,LIT,AR,ASW,ES,Combined TRACON& Tower with Radar,56,31,36,2,125,0,5,6,0,11,56,36,42,2,136,0,0,0,136
01/10/2022,LIT,AR,ASW,ES,Combined TRACON& Tower with Radar,52,26,35,79,192,0,5,46,25,76,52,31,81,104,268,0,0,0,268
01/11/2022,LIT,AR,ASW,ES,Combined TRACON& Tower with Radar,48,21,57,51,177,0,0,36,10,46,48,21,93,61,223,0,74,74,297
01/12/2022,LIT,AR,ASW,ES,Combined TRACON& Tower with Radar,54,27,67,58,206,0,2,49,22,73,54,29,116,80,279,2,24,26,305
01/13/2022,LIT,AR,ASW,ES,Combined TRACON& Tower with Radar,64,40,62,16,182,0,0,58,0,58,64,40,120,16,240,22,10,32,272
01/14/2022,LIT,AR,ASW,ES,Combined TRACON& Tower with Radar,60,40,62,36,198,0,6,53,14,73,60,46,115,50,271,4,40,44,315
01/15/2022,LIT,AR,ASW,ES,Combined TRACON& Tower with Radar,45,21,17,2,85,0,2,1,0,3,45,23,18,2,88,0,0,0,88
01/16/2022,LIT,AR,ASW,ES,Combined TRACON& Tower with Radar,41,32,38,2,113,0,4,17,0,21,41,36,55,2,134,2,0,2,136
01/17/2022,LIT,AR,ASW,ES,Combined TRACON& Tower with Radar,52,25,53,2,132,0,4,51,0,55,52,29,104,2,187,12,0,12,199
01/18/2022,LIT,AR,ASW,ES,Combined TRACON& Tower with Radar,46,41,60,16,163,0,0,53,5,58,46,41,113,21,221,2,58,60,281
01/19/2022,LIT,AR,ASW,ES,Combined TRACON& Tower with Radar,49,22,59,13,143,0,1,4,2,7,49,23,63,15,150,0,6,6,156
01/20/2022,LIT,AR,ASW,ES,Combined TRACON& Tower with Radar,63,29,60,43,195,0,5,37,7,49,63,34,97,50,244,14,26,40,284
01/21/2022,LIT,AR,ASW,ES,Combined TRACON& Tower with Radar,62,27,57,35,181,0,7,40,6,53,62,34,97,41,234,22,22,44,278
01/22/2022,LIT,AR,ASW,ES,Combined TRACON& Tower with Radar,44,18,33,7,102,0,4,42,3,49,44,22,75,10,151,0,0,0,151
01/23/2022,LIT,AR,ASW,ES,Combined TRACON& Tower with Radar,56,28,35,17,136,0,6,38,4,48,56,34,73,21,184,0,4,4,188
01/24/2022,LIT,AR,ASW,ES,Combined TRACON& Tower with Radar,52,24,48,79,203,0,1,35,6,42,52,25,83,85,245,18,31,49,294
01/25/2022,LIT,AR,ASW,ES,Combined TRACON& Tower with Radar,48,33,65,88,234,0,0,28,9,37,48,33,93,97,271,14,74,88,359
01/26/2022,LIT,AR,ASW,ES,Combined TRACON& Tower with Radar,52,34,66,32,184,0,3,48,6,57,52,37,114,38,241,18,34,52,293
01/27/2022,LIT,AR,ASW,ES,Combined TRACON& Tower with Radar,63,42,74,31,210,0,1,47,3,51,63,43,121,34,261,0,10,10,271
01/28/2022,LIT,AR,ASW,ES,Combined TRACON& Tower with Radar,58,34,54,20,166,0,2,30,3,35,58,36,84,23,201,8,2,10,211
01/29/2022,LIT,AR,ASW,ES,Combined TRACON& Tower with Radar,41,33,35,2,111,0,7,38,0,45,41,40,73,2,156,0,0,0,156
01/30/2022,LIT,AR,ASW,ES,Combined TRACON& Tower with Radar,54,38,36,27,155,0,5,37,3,45,54,43,73,30,200,2,4,6,206
01/31/2022,LIT,AR,ASW,ES,Combined TRACON& Tower with Radar,52,26,53,51,182,0,0,49,3,52,52,26,102,54,234,0,0,0,234
02/01/2022,LIT,AR,ASW,ES,Combined TRACON& Tower with Radar,44,33,47,29,153,0,5,24,8,37,44,38,71,37,190,14,14,28,218
02/02/2022,LIT,AR,ASW,ES,Combined TRACON& Tower with Radar,44,44,41,6,135,0,0,0,0,0,44,44,41,6,135,0,0,0,135
02/03/2022,LIT,AR,ASW,ES,Combined TRACON& Tower with Radar,9,4,3,0,16,0,0,0,0,0,9,4,3,0,16,0,0,0,16
02/04/2022,LIT,AR,ASW,ES,Combined TRACON& Tower with Radar,44,40,36,0,120,0,3,6,0,9,44,43,42,0,129,0,0,0,129
02/05/2022,LIT,AR,ASW,ES,Combined TRACON& Tower with Radar,48,28,30,2,108,0,6,10,0,16,48,34,40,2,124,2,0,2,126
02/06/2022,LIT,AR,ASW,ES,Combined TRACON& Tower with Radar,56,30,40,5,131,0,1,35,0,36,56,31,75,5,167,2,0,2,169
02/07/2022,LIT,AR,ASW,ES,Combined TRACON& Tower with Radar,54,34,69,49,206,0,3,49,6,58,54,37,118,55,264,14,38,52,316
02/08/2022,LIT,AR,ASW,ES,Combined TRACON& Tower with Radar,50,52,87,18,207,0,0,59,6,65,50,52,146,24,272,3,20,23,295
02/09/2022,LIT,AR,ASW,ES,Combined TRACON& Tower with Radar,54,41,74,33,202,0,0,50,6,56,54,41,124,39,258,16,8,24,282
02/10/2022,LIT,AR,ASW,ES,Combined TRACON& Tower with Radar,64,33,75,21,193,0,2,78,5,85,64,35,153,26,278,12,29,41,319
02/11/2022,LIT,AR,ASW,ES,Combined TRACON& Tower with Radar,62,36,85,52,235,0,0,50,8,58,62,36,135,60,293,18,12,30,323
02/12/2022,LIT,AR,ASW,ES,Combined TRACON& Tower with Radar,45,28,29,9,111,0,1,28,3,32,45,29,57,12,143,4,0,4,147
02/13/2022,LIT,AR,ASW,ES,Combined TRACON& Tower with Radar,52,29,34,27,142,0,2,40,0,42,52,31,74,27,184,6,6,12,196
02/14/2022,LIT,AR,ASW,ES,Combined TRACON& Tower with Radar,56,31,47,5,139,0,5,49,5,59,56,36,96,10,198,3,28,31,229
02/15/2022,LIT,AR,ASW,ES,Combined TRACON& Tower with Radar,52,29,66,53,200,0,1,53,13,67,52,30,119,66,267,6,18,24,291
02/16/2022,LIT,AR,ASW,ES,Combined TRACON& Tower with Radar,53,35,66,11,165,0,8,15,1,24,53,43,81,12,189,14,2,16,205
02/17/2022,LIT,AR,ASW,ES,Combined TRACON& Tower with Radar,64,33,55,8,160,0,1,5,0,6,64,34,60,8,166,0,0,0,166
02/18/2022,LIT,AR,ASW,ES,Combined TRACON& Tower with Radar,60,29,69,23,181,0,3,52,1,56,60,32,121,24,237,0,0,0,237
02/19/2022,LIT,AR,ASW,ES,Combined TRACON& Tower with Radar,46,34,27,1,108,0,9,54,4,67,46,43,81,5,175,0,0,0,175
02/20/2022,LIT,AR,ASW,ES,Combined TRACON& Tower with Radar,50,40,43,8,141,0,1,42,1,44,50,41,85,9,185,8,2,10,195
02/21/2022,LIT,AR,ASW,ES,Combined TRACON& Tower with Radar,56,34,78,2,170,0,3,1,0,4,56,37,79,2,174,0,0,0,174
02/22/2022,LIT,AR,ASW,ES,Combined TRACON& Tower with Radar,54,32,55,49,190,0,3,6,1,10,54,35,61,50,200,2,10,12,212
02/23/2022,LIT,AR,ASW,ES,Combined TRACON& Tower with Radar,24,14,31,0,69,0,0,4,0,4,24,14,35,0,73,0,0,0,73
02/24/2022,LIT,AR,ASW,ES,Combined TRACON& Tower with Radar,36,20,21,0,77,0,0,0,0,0,36,20,21,0,77,0,0,0,77
02/25/2022,LIT,AR,ASW,ES,Combined TRACON& Tower with Radar,65,37,60,30,192,0,12,22,13,47,65,49,82,43,239,4,56,60,299
02/26/2022,LIT,AR,ASW,ES,Combined TRACON& Tower with Radar,41,37,32,0,110,0,1,1,0,2,41,38,33,0,112,0,0,0,112
02/27/2022,LIT,AR,ASW,ES,Combined TRACON& Tower with Radar,56,37,48,6,147,0,4,35,3,42,56,41,83,9,189,6,0,6,195
02/28/2022,LIT,AR,ASW,ES,Combined TRACON& Tower with Radar,55,33,54,85,227,0,1,60,17,78,55,34,114,102,305,6,78,84,389
03/01/2022,LIT,AR,ASW,ES,Combined TRACON& Tower with Radar,55,47,64,64,230,0,4,57,9,70,55,51,121,73,300,6,14,20,320
03/02/2022,LIT,AR,ASW,ES,Combined TRACON& Tower with Radar,55,39,72,32,198,0,1,58,7,66,55,40,130,39,264,8,0,8,272
03/03/2022,LIT,AR,ASW,ES,Combined TRACON& Tower with Radar,56,49,113,78,296,0,7,73,8,88,56,56,186,86,384,14,17,31,415
03/04/2022,LIT,AR,ASW,ES,Combined TRACON& Tower with Radar,52,46,59,62,219,0,2,62,16,80,52,48,121,78,299,6,22,28,327
03/05/2022,LIT,AR,ASW,ES,Combined TRACON& Tower with Radar,42,33,26,3,104,0,2,15,9,26,42,35,41,12,130,0,18,18,148
03/06/2022,LIT,AR,ASW,ES,Combined TRACON& Tower with Radar,49,31,35,0,115,0,6,3,0,9,49,37,38,0,124,0,0,0,124
03/07/2022,LIT,AR,ASW,ES,Combined TRACON& Tower with Radar,45,35,42,11,133,0,7,13,1,21,45,42,55,12,154,0,44,44,198
03/08/2022,LIT,AR,ASW,ES,Combined TRACON& Tower with Radar,44,48,45,71,208,0,2,13,8,23,44,50,58,79,231,2,14,16,247
03/09/2022,LIT,AR,ASW,ES,Combined TRACON& Tower with Radar,45,37,87,63,232,0,2,39,9,50,45,39,126,72,282,14,33,47,329
03/10/2022,LIT,AR,ASW,ES,Combined TRACON& Tower with Radar,55,50,77,18,200,0,6,57,9,72,55,56,134,27,272,9,52,61,333
03/11/2022,LIT,AR,ASW,ES,Combined TRACON& Tower with Radar,48,27,52,20,147,0,5,7,4,16,48,32,59,24,163,0,0,0,163
03/12/2022,LIT,AR,ASW,ES,Combined TRACON& Tower with Radar,39,26,37,17,119,0,2,25,1,28,39,28,62,18,147,15,42,57,204
03/13/2022,LIT,AR,ASW,ES,Combined TRACON& Tower with Radar,49,24,44,5,122,0,1,20,0,21,49,25,64,5,143,0,0,0,143
03/14/2022,LIT,AR,ASW,ES,Combined TRACON& Tower with Radar,54,34,59,33,180,0,3,19,4,26,54,37,78,37,206,10,2,12,218
03/15/2022,LIT,AR,ASW,ES,Combined TRACON& Tower with Radar,43,43,53,33,172,0,1,4,1,6,43,44,57,34,178,0,8,8,186
03/16/2022,LIT,AR,ASW,ES,Combined TRACON& Tower with Radar,51,30,80,68,229,0,3,50,5,58,51,33,130,73,287,14,12,26,313
03/17/2022,LIT,AR,ASW,ES,Combined TRACON& Tower with Radar,53,36,71,24,184,0,4,54,2,60,53,40,125,26,244,14,0,14,258
03/18/2022,LIT,AR,ASW,ES,Combined TRACON& Tower with Radar,51,50,60,8,169,0,2,5,4,11,51,52,65,12,180,0,16,16,196
03/19/2022,LIT,AR,ASW,ES,Combined TRACON& Tower with Radar,40,41,49,6,136,0,6,39,0,45,40,47,88,6,181,20,0,20,201
03/20/2022,LIT,AR,ASW,ES,Combined TRACON& Tower with Radar,59,25,44,3,131,0,5,51,1,57,59,30,95,4,188,0,0,0,188
03/21/2022,LIT,AR,ASW,ES,Combined TRACON& Tower with Radar,46,30,50,16,142,0,4,30,2,36,46,34,80,18,178,16,16,32,210
03/22/2022,LIT,AR,ASW,ES,Combined TRACON& Tower with Radar,47,28,25,8,108,0,2,1,0,3,47,30,26,8,111,0,0,0,111
03/23/2022,LIT,AR,ASW,ES,Combined TRACON& Tower with Radar,49,38,51,18,156,0,0,31,6,37,49,38,82,24,193,0,38,38,231
03/24/2022,LIT,AR,ASW,ES,Combined TRACON& Tower with Radar,58,43,56,16,173,0,3,37,7,47,58,46,93,23,220,0,24,24,244
03/25/2022,LIT,AR,ASW,ES,Combined TRACON& Tower with Radar,54,38,57,20,169,0,1,52,0,53,54,39,109,20,222,22,6,28,250
03/26/2022,LIT,AR,ASW,ES,Combined TRACON& Tower with Radar,40,38,53,5,136,0,2,51,1,54,40,40,104,6,190,26,0,26,216
03/27/2022,LIT,AR,ASW,ES,Combined TRACON& Tower with Radar,52,41,53,18,164,0,1,39,3,43,52,42,92,21,207,6,0,6,213
03/28/2022,LIT,AR,ASW,ES,Combined TRACON& Tower with Radar,50,42,54,45,191,0,4,33,0,37,50,46,87,45,228,6,4,10,238
03/29/2022,LIT,AR,ASW,ES,Combined TRACON& Tower with Radar,47,47,77,17,188,0,1,8,1,10,47,48,85,18,198,2,14,16,214
03/30/2022,LIT,AR,ASW,ES,Combined TRACON& Tower with Radar,45,40,28,0,113,0,2,1,0,3,45,42,29,0,116,0,0,0,116
03/31/2022,LIT,AR,ASW,ES,Combined TRACON& Tower with Radar,58,36,80,19,193,0,4,22,1,27,58,40,102,20,220,4,21,25,245
04/01/2022,LIT,AR,ASW,ES,Combined TRACON& Tower with Radar,54,49,70,24,197,0,2,46,1,49,54,51,116,25,246,4,22,26,272
04/02/2022,LIT,AR,ASW,ES,Combined TRACON& Tower with Radar,40,38,27,13,118,0,1,36,0,37,40,39,63,13,155,0,14,14,169
04/03/2022,LIT,AR,ASW,ES,Combined TRACON& Tower with Radar,44,39,46,11,140,0,4,32,2,38,44,43,78,13,178,1,6,7,185
04/04/2022,LIT,AR,ASW,ES,Combined TRACON& Tower with Radar,49,37,53,25,164,0,4,25,9,38,49,41,78,34,202,6,16,22,224
04/05/2022,LIT,AR,ASW,ES,Combined TRACON& Tower with Radar,52,50,59,32,193,0,3,16,2,21,52,53,75,34,214,12,38,50,264
04/06/2022,LIT,AR,ASW,ES,Combined TRACON& Tower with Radar,56,42,89,48,235,0,4,35,9,48,56,46,124,57,283,16,54,70,353
04/07/2022,LIT,AR,ASW,ES,Combined TRACON& Tower with Radar,59,40,75,10,184,0,0,15,4,19,59,40,90,14,203,4,0,4,207
04/08/2022,LIT,AR,ASW,ES,Combined TRACON& Tower with Radar,56,38,79,25,198,0,2,26,4,32,56,40,105,29,230,2,28,30,260
04/09/2022,LIT,AR,ASW,ES,Combined TRACON& Tower with Radar,44,33,40,22,139,0,2,40,7,49,44,35,80,29,188,0,26,26,214
04/10/2022,LIT,AR,ASW,ES,Combined TRACON& Tower with Radar,57,45,55,10,167,0,0,14,1,15,57,45,69,11,182,0,4,4,186
04/11/2022,LIT,AR,ASW,ES,Combined TRACON& Tower with Radar,55,30,74,24,183,0,2,2,0,4,55,32,76,24,187,0,0,0,187
04/12/2022,LIT,AR,ASW,ES,Combined TRACON& Tower with Radar,54,55,74,16,199,0,0,5,3,8,54,55,79,19,207,0,20,20,227
04/13/2022,LIT,AR,ASW,ES,Combined TRACON& Tower with Radar,51,34,33,6,124,0,1,3,0,4,51,35,36,6,128,0,0,0,128
04/14/2022,LIT,AR,ASW,ES,Combined TRACON& Tower with Radar,65,50,101,40,256,0,7,49,12,68,65,57,150,52,324,10,32,42,366
04/15/2022,LIT,AR,ASW,ES,Combined TRACON& Tower with Radar,58,34,70,35,197,0,2,21,7,30,58,36,91,42,227,18,28,46,273
04/16/2022,LIT,AR,ASW,ES,Combined TRACON& Tower with Radar,46,36,31,1,114,0,0,0,0,0,46,36,31,1,114,0,0,0,114
04/17/2022,LIT,AR,ASW,ES,Combined TRACON& Tower with Radar,57,43,16,0,116,0,1,2,0,3,57,44,18,0,119,0,0,0,119
04/18/2022,LIT,AR,ASW,ES,Combined TRACON& Tower with Radar,57,42,62,71,232,0,2,47,5,54,57,44,109,76,286,10,18,28,314
04/19/2022,LIT,AR,ASW,ES,Combined TRACON& Tower with Radar,52,43,54,39,188,0,0,55,12,67,52,43,109,51,255,16,51,67,322
04/20/2022,LIT,AR,ASW,ES,Combined TRACON& Tower with Radar,56,53,72,6,187,0,4,1,1,6,56,57,73,7,193,0,30,30,223
04/21/2022,LIT,AR,ASW,ES,Combined TRACON& Tower with Radar,60,49,87,20,216,0,0,6,2,8,60,49,93,22,224,0,20,20,244
04/22/2022,LIT,AR,ASW,ES,Combined TRACON& Tower with Radar,57,38,63,12,170,0,0,32,1,33,57,38,95,13,203,8,16,24,227
04/23/2022,LIT,AR,ASW,ES,Combined TRACON& Tower with Radar,45,33,29,7,114,0,4,32,4,40,45,37,61,11,154,0,0,0,154
04/24/2022,LIT,AR,ASW,ES,Combined TRACON& Tower with Radar,55,31,50,1,137,0,4,9,0,13,55,35,59,1,150,0,0,0,150
04/25/2022,LIT,AR,ASW,ES,Combined TRACON& Tower with Radar,55,28,46,6,135,0,5,16,1,22,55,33,62,7,157,10,0,10,167
04/26/2022,LIT,AR,ASW,ES,Combined TRACON& Tower with Radar,51,51,87,57,246,0,1,57,11,69,51,52,144,68,315,0,22,22,337
04/27/2022,LIT,AR,ASW,ES,Combined TRACON& Tower with Radar,57,43,74,9,183,0,3,62,5,70,57,46,136,14,253,12,12,24,277
04/28/2022,LIT,AR,ASW,ES,Combined TRACON& Tower with Radar,62,48,59,15,184,0,3,39,5,47,62,51,98,20,231,2,12,14,245
04/29/2022,LIT,AR,ASW,ES,Combined TRACON& Tower with Radar,59,34,74,7,174,0,1,41,2,44,59,35,115,9,218,4,6,10,228
04/30/2022,LIT,AR,ASW,ES,Combined TRACON& Tower with Radar,43,29,25,2,99,0,2,10,0,12,43,31,35,2,111,0,0,0,111
05/01/2022,LIT,AR,ASW,ES,Combined TRACON& Tower with Radar,56,43,56,31,186,0,4,43,1,48,56,47,99,32,234,22,2,24,258
05/02/2022,LIT,AR,ASW,ES,Combined TRACON& Tower with Radar,55,34,40,6,135,0,2,9,3,14,55,36,49,9,149,4,15,19,168
05/03/2022,LIT,AR,ASW,ES,Combined TRACON& Tower with Radar,54,53,78,0,185,0,2,8,0,10,54,55,86,0,195,6,0,6,201
05/04/2022,LIT,AR,ASW,ES,Combined TRACON& Tower with Radar,56,48,89,25,218,0,1,17,3,21,56,49,106,28,239,2,41,43,282
05/05/2022,LIT,AR,ASW,ES,Combined TRACON& Tower with Radar,60,32,45,5,142,0,0,1,1,2,60,32,46,6,144,0,2,2,146
05/06/2022,LIT,AR,ASW,ES,Combined TRACON& Tower with Radar,64,29,71,28,192,0,4,29,8,41,64,33,100,36,233,0,49,49,282
05/07/2022,LIT,AR,ASW,ES,Combined TRACON& Tower with Radar,45,34,38,1,118,0,1,42,5,48,45,35,80,6,166,8,0,8,174
05/08/2022,LIT,AR,ASW,ES,Combined TRACON& Tower with Radar,57,39,60,0,156,0,0,25,0,25,57,39,85,0,181,0,0,0,181
05/09/2022,LIT,AR,ASW,ES,Combined TRACON& Tower with Radar,60,49,70,26,205,0,4,25,4,33,60,53,95,30,238,2,14,16,254
05/10/2022,LIT,AR,ASW,ES,Combined TRACON& Tower with Radar,56,42,68,6,172,0,2,42,2,46,56,44,110,8,218,10,8,18,236
05/11/2022,LIT,AR,ASW,ES,Combined TRACON& Tower with Radar,55,50,96,21,222,0,6,51,2,59,55,56,147,23,281,18,30,48,329
05/12/2022,LIT,AR,ASW,ES,Combined TRACON& Tower with Radar,64,51,90,6,211,0,2,58,6,66,64,53,148,12,277,9,8,17,294
05/13/2022,LIT,AR,ASW,ES,Combined TRACON& Tower with Radar,61,49,66,26,202,0,2,42,8,52,61,51,108,34,254,0,42,42,296
05/14/2022,LIT,AR,ASW,ES,Combined TRACON& Tower with Radar,41,33,24,0,98,0,3,25,0,28,41,36,49,0,126,4,0,4,130
05/15/2022,LIT,AR,ASW,ES,Combined TRACON& Tower with Radar,54,41,35,2,132,0,4,17,0,21,54,45,52,2,153,16,2,18,171
05/16/2022,LIT,AR,ASW,ES,Combined TRACON& Tower with Radar,59,43,70,25,197,0,5,30,4,39,59,48,100,29,236,4,34,38,274
05/17/2022,LIT,AR,ASW,ES,Combined TRACON& Tower with Radar,57,39,57,11,164,0,1,57,5,63,57,40,114,16,227,6,36,42,269
05/18/2022,LIT,AR,ASW,ES,Combined TRACON& Tower with Radar,56,48,60,22,186,0,8,49,1,58,56,56,109,23,244,0,4,4,248
05/19/2022,LIT,AR,ASW,ES,Combined TRACON& Tower with Radar,63,48,75,12,198,0,1,22,4,27,63,49,97,16,225,0,48,48,273
05/20/2022,LIT,AR,ASW,ES,Combined TRACON& Tower with Radar,62,40,73,7,182,0,0,25,9,34,62,40,98,16,216,0,12,12,228
05/21/2022,LIT,AR,ASW,ES,Combined TRACON& Tower with Radar,41,37,28,0,106,0,3,5,0,8,41,40,33,0,114,6,0,6,120
05/22/2022,LIT,AR,ASW,ES,Combined TRACON& Tower with Radar,63,38,39,2,142,0,3,4,0,7,63,41,43,2,149,0,0,0,149
05/23/2022,LIT,AR,ASW,ES,Combined TRACON& Tower with Radar,59,33,72,50,214,0,2,25,6,33,59,35,97,56,247,6,46,52,299
05/24/2022,LIT,AR,ASW,ES,Combined TRACON& Tower with Radar,53,39,49,9,150,0,1,1,0,2,53,40,50,9,152,0,0,0,152
05/25/2022,LIT,AR,ASW,ES,Combined TRACON& Tower with Radar,58,29,52,29,168,0,4,7,14,25,58,33,59,43,193,0,32,32,225
05/26/2022,LIT,AR,ASW,ES,Combined TRACON& Tower with Radar,66,43,65,35,209,0,1,29,4,34,66,44,94,39,243,0,4,4,247
05/27/2022,LIT,AR,ASW,ES,Combined TRACON& Tower with Radar,60,42,70,8,180,0,3,45,1,49,60,45,115,9,229,14,12,26,255
05/28/2022,LIT,AR,ASW,ES,Combined TRACON& Tower with Radar,42,30,14,1,87,0,2,18,1,21,42,32,32,2,108,0,0,0,108
05/29/2022,LIT,AR,ASW,ES,Combined TRACON& Tower with Radar,51,31,14,0,96,0,0,19,0,19,51,31,33,0,115,0,0,0,115
05/30/2022,LIT,AR,ASW,ES,Combined TRACON& Tower with Radar,55,33,30,0,118,0,2,18,0,20,55,35,48,0,138,0,0,0,138
05/31/2022,LIT,AR,ASW,ES,Combined TRACON& Tower with Radar,54,36,75,44,209,0,2,35,7,44,54,38,110,51,253,10,28,38,291
06/01/2022,LIT,AR,ASW,ES,Combined TRACON& Tower with Radar,62,45,73,22,202,0,1,28,2,31,62,46,101,24,233,4,12,16,249
06/02/2022,LIT,AR,ASW,ES,Combined TRACON& Tower with Radar,59,36,53,8,156,0,3,11,0,14,59,39,64,8,170,6,0,6,176
06/03/2022,LIT,AR,ASW,ES,Combined TRACON& Tower with Radar,65,32,68,43,208,0,0,45,7,52,65,32,113,50,260,26,44,70,330
06/04/2022,LIT,AR,ASW,ES,Combined TRACON& Tower with Radar,48,22,33,45,148,0,6,38,3,47,48,28,71,48,195,4,0,4,199
06/05/2022,LIT,AR,ASW,ES,Combined TRACON& Tower with Radar,64,39,42,18,163,0,0,26,0,26,64,39,68,18,189,20,0,20,209
06/06/2022,LIT,AR,ASW,ES,Combined TRACON& Tower with Radar,65,28,67,8,168,0,5,24,1,30,65,33,91,9,198,22,0,22,220
06/07/2022,LIT,AR,ASW,ES,Combined TRACON& Tower with Radar,62,26,56,6,150,0,3,20,1,24,62,29,76,7,174,0,0,0,174
06/08/2022,LIT,AR,ASW,ES,Combined TRACON& Tower with Radar,68,34,51,8,161,0,1,4,0,5,68,35,55,8,166,0,0,0,166
06/09/2022,LIT,AR,ASW,ES,Combined TRACON& Tower with Radar,71,36,74,19,200,0,0,47,1,48,71,36,121,20,248,10,18,28,276
06/10/2022,LIT,AR,ASW,ES,Combined TRACON& Tower with Radar,66,30,57,34,187,0,3,19,3,25,66,33,76,37,212,8,28,36,248
06/11/2022,LIT,AR,ASW,ES,Combined TRACON& Tower with Radar,50,36,36,13,135,0,1,35,5,41,50,37,71,18,176,10,0,10,186
06/12/2022,LIT,AR,ASW,ES,Combined TRACON& Tower with Radar,61,29,55,23,168,0,0,36,13,49,61,29,91,36,217,0,12,12,229
06/13/2022,LIT,AR,ASW,ES,Combined TRACON& Tower with Radar,69,24,60,35,188,0,1,51,11,63,69,25,111,46,251,12,27,39,290
06/14/2022,LIT,AR,ASW,ES,Combined TRACON& Tower with Radar,64,33,72,41,210,0,2,42,8,52,64,35,114,49,262,0,19,19,281
06/15/2022,LIT,AR,ASW,ES,Combined TRACON& Tower with Radar,65,35,61,53,214,0,2,51,10,63,65,37,112,63,277,4,64,68,345
06/16/2022,LIT,AR,ASW,ES,Combined TRACON& Tower with Radar,69,27,75,41,212,0,1,50,10,61,69,28,125,51,273,30,40,70,343
06/17/2022,LIT,AR,ASW,ES,Combined TRACON& Tower with Radar,66,26,63,22,177,0,1,37,2,40,66,27,100,24,217,0,46,46,263
06/18/2022,LIT,AR,ASW,ES,Combined TRACON& Tower with Radar,50,29,32,0,111,0,7,27,0,34,50,36,59,0,145,0,0,0,145
06/19/2022,LIT,AR,ASW,ES,Combined TRACON& Tower with Radar,62,28,28,0,118,0,2,35,1,38,62,30,63,1,156,22,0,22,178
06/20/2022,LIT,AR,ASW,ES,Combined TRACON& Tower with Radar,65,43,62,3,173,0,1,36,0,37,65,44,98,3,210,2,0,2,212
06/21/2022,LIT,AR,ASW,ES,Combined TRACON& Tower with Radar,65,39,74,9,187,0,2,39,5,46,65,41,113,14,233,18,16,34,267
06/22/2022,LIT,AR,ASW,ES,Combined TRACON& Tower with Radar,64,34,69,20,187,0,3,31,3,37,64,37,100,23,224,0,18,18,242
06/23/2022,LIT,AR,ASW,ES,Combined TRACON& Tower with Radar,71,29,77,8,185,0,4,54,3,61,71,33,131,11,246,4,8,12,258
06/24/2022,LIT,AR,ASW,ES,Combined TRACON& Tower with Radar,65,42,52,72,231,0,4,45,8,57,65,46,97,80,288,10,67,77,365
06/25/2022,LIT,AR,ASW,ES,Combined TRACON& Tower with Radar,46,30,30,17,123,0,7,42,7,56,46,37,72,24,179,6,6,12,191
06/26/2022,LIT,AR,ASW,ES,Combined TRACON& Tower with Radar,66,38,59,11,174,0,5,31,1,37,66,43,90,12,211,26,0,26,237
06/27/2022,LIT,AR,ASW,ES,Combined TRACON& Tower with Radar,59,26,48,52,185,0,4,45,9,58,59,30,93,61,243,0,26,26,269
06/28/2022,LIT,AR,ASW,ES,Combined TRACON& Tower with Radar,62,34,60,43,199,0,3,69,8,80,62,37,129,51,279,22,26,48,327
06/29/2022,LIT,AR,ASW,ES,Combined TRACON& Tower with Radar,63,36,81,64,244,0,1,37,24,62,63,37,118,88,306,4,42,46,352
06/30/2022,LIT,AR,ASW,ES,Combined TRACON& Tower with Radar,71,25,68,62,226,0,5,41,10,56,71,30,109,72,282,6,52,58,340
07/01/2022,LIT,AR,ASW,ES,Combined TRACON& Tower with Radar,63,32,47,2,144,0,2,27,0,29,63,34,74,2,173,4,0,4,177
07/02/2022,LIT,AR,ASW,ES,Combined TRACON& Tower with Radar,45,32,29,7,113,0,1,14,0,15,45,33,43,7,128,8,6,14,142
07/03/2022,LIT,AR,ASW,ES,Combined TRACON& Tower with Radar,59,21,23,2,105,0,2,10,3,15,59,23,33,5,120,8,0,8,128
07/04/2022,LIT,AR,ASW,ES,Combined TRACON& Tower with Radar,59,14,16,0,89,0,1,18,0,19,59,15,34,0,108,10,0,10,118
07/05/2022,LIT,AR,ASW,ES,Combined TRACON& Tower with Radar,58,29,46,52,185,0,4,27,5,36,58,33,73,57,221,8,6,14,235
07/06/2022,LIT,AR,ASW,ES,Combined TRACON& Tower with Radar,61,27,56,42,186,1,2,43,6,52,62,29,99,48,238,28,54,82,320
07/07/2022,LIT,AR,ASW,ES,Combined TRACON& Tower with Radar,68,31,60,79,238,0,6,38,24,68,68,37,98,103,306,0,0,0,306
07/08/2022,LIT,AR,ASW,ES,Combined TRACON& Tower with Radar,61,24,44,56,185,0,3,47,12,62,61,27,91,68,247,0,54,54,301
07/09/2022,LIT,AR,ASW,ES,Combined TRACON& Tower with Radar,47,18,25,13,103,0,2,21,2,25,47,20,46,15,128,6,0,6,134
07/10/2022,LIT,AR,ASW,ES,Combined TRACON& Tower with Radar,63,21,42,11,137,0,2,33,1,36,63,23,75,12,173,0,12,12,185
07/11/2022,LIT,AR,ASW,ES,Combined TRACON& Tower with Radar,60,24,44,39,167,0,1,46,4,51,60,25,90,43,218,2,38,40,258
07/12/2022,LIT,AR,ASW,ES,Combined TRACON& Tower with Radar,59,38,47,56,200,0,1,46,7,54,59,39,93,63,254,0,30,30,284
07/13/2022,LIT,AR,ASW,ES,Combined TRACON& Tower with Radar,62,26,49,67,204,0,0,50,12,62,62,26,99,79,266,4,36,40,306
07/14/2022,LIT,AR,ASW,ES,Combined TRACON& Tower with Radar,72,31,82,42,227,0,5,51,5,61,72,36,133,47,288,4,6,10,298
07/15/2022,LIT,AR,ASW,ES,Combined TRACON& Tower with Radar,64,36,50,109,259,0,2,58,4,64,64,38,108,113,323,4,22,26,349
07/16/2022,LIT,AR,ASW,ES,Combined TRACON& Tower with Radar,49,32,28,22,131,0,5,22,9,36,49,37,50,31,167,14,2,16,183
07/17/2022,LIT,AR,ASW,ES,Combined TRACON& Tower with Radar,62,26,19,12,119,0,3,32,0,35,62,29,51,12,154,6,0,6,160
07/18/2022,LIT,AR,ASW,ES,Combined TRACON& Tower with Radar,65,27,53,46,191,0,3,39,3,45,65,30,92,49,236,0,60,60,296
07/19/2022,LIT,AR,ASW,ES,Combined TRACON& Tower with Radar,61,42,52,35,190,0,2,19,4,25,61,44,71,39,215,2,16,18,233
07/20/2022,LIT,AR,ASW,ES,Combined TRACON& Tower with Radar,68,29,48,20,165,0,3,31,5,39,68,32,79,25,204,12,34,46,250
07/21/2022,LIT,AR,ASW,ES,Combined TRACON& Tower with Radar,71,34,70,49,224,0,0,37,12,49,71,34,107,61,273,0,14,14,287
07/22/2022,LIT,AR,ASW,ES,Combined TRACON& Tower with Radar,64,29,50,32,175,0,1,43,1,45,64,30,93,33,220,0,14,14,234
07/23/2022,LIT,AR,ASW,ES,Combined TRACON& Tower with Radar,50,29,36,12,127,0,1,38,1,40,50,30,74,13,167,0,0,0,167
07/24/2022,LIT,AR,ASW,ES,Combined TRACON& Tower with Radar,58,27,51,28,164,0,3,36,10,49,58,30,87,38,213,0,0,0,213
07/25/2022,LIT,AR,ASW,ES,Combined TRACON& Tower with Radar,60,31,59,33,183,0,3,40,12,55,60,34,99,45,238,10,12,22,260
07/26/2022,LIT,AR,ASW,ES,Combined TRACON& Tower with Radar,60,38,78,32,208,1,7,21,9,38,61,45,99,41,246,0,12,12,258
07/27/2022,LIT,AR,ASW,ES,Combined TRACON& Tower with Radar,68,37,57,25,187,0,2,24,3,29,68,39,81,28,216,8,42,50,266
07/28/2022,LIT,AR,ASW,ES,Combined TRACON& Tower with Radar,67,36,55,12,170,0,3,16,2,21,67,39,71,14,191,0,2,2,193
07/29/2022,LIT,AR,ASW,ES,Combined TRACON& Tower with Radar,66,28,49,3,146,0,5,23,0,28,66,33,72,3,174,0,0,0,174
07/30/2022,LIT,AR,ASW,ES,Combined TRACON& Tower with Radar,47,25,36,0,108,0,4,4,2,10,47,29,40,2,118,0,0,0,118
07/31/2022,LIT,AR,ASW,ES,Combined TRACON& Tower with Radar,63,29,48,0,140,0,2,6,0,8,63,31,54,0,148,0,0,0,148
08/01/2022,LIT,AR,ASW,ES,Combined TRACON& Tower with Radar,64,32,44,41,181,0,0,30,7,37,64,32,74,48,218,2,18,20,238
08/02/2022,LIT,AR,ASW,ES,Combined TRACON& Tower with Radar,65,31,60,78,234,0,1,38,11,50,65,32,98,89,284,4,36,40,324
08/03/2022,LIT,AR,ASW,ES,Combined TRACON& Tower with Radar,63,19,66,32,180,0,1,37,2,40,63,20,103,34,220,2,8,10,230
08/04/2022,LIT,AR,ASW,ES,Combined TRACON& Tower with Radar,66,27,68,38,199,0,1,21,10,32,66,28,89,48,231,6,70,76,307
08/05/2022,LIT,AR,ASW,ES,Combined TRACON& Tower with Radar,60,30,45,35,170,0,2,21,3,26,60,32,66,38,196,0,6,6,202
08/06/2022,LIT,AR,ASW,ES,Combined TRACON& Tower with Radar,49,35,31,2,117,0,2,48,3,53,49,37,79,5,170,24,16,40,210
08/07/2022,LIT,AR,ASW,ES,Combined TRACON& Tower with Radar,61,27,43,11,142,0,7,49,0,56,61,34,92,11,198,42,4,46,244
08/08/2022,LIT,AR,ASW,ES,Combined TRACON& Tower with Radar,64,29,47,36,176,0,2,18,0,20,64,31,65,36,196,0,0,0,196
08/09/2022,LIT,AR,ASW,ES,Combined TRACON& Tower with Radar,59,37,61,31,188,0,1,13,9,23,59,38,74,40,211,6,50,56,267
08/10/2022,LIT,AR,ASW,ES,Combined TRACON& Tower with Radar,72,41,56,23,192,0,1,11,4,16,72,42,67,27,208,0,6,6,214
08/11/2022,LIT,AR,ASW,ES,Combined TRACON& Tower with Radar,69,34,76,76,255,0,7,41,2,50,69,41,117,78,305,10,8,18,323
08/12/2022,LIT,AR,ASW,ES,Combined TRACON& Tower with Radar,66,32,72,42,212,0,6,63,5,74,66,38,135,47,286,6,42,48,334
08/13/2022,LIT,AR,ASW,ES,Combined TRACON& Tower with Radar,50,30,35,13,128,0,0,47,3,50,50,30,82,16,178,12,0,12,190
08/14/2022,LIT,AR,ASW,ES,Combined TRACON& Tower with Radar,57,37,30,14,138,0,5,31,0,36,57,42,61,14,174,2,0,2,176
08/15/2022,LIT,AR,ASW,ES,Combined TRACON& Tower with Radar,64,30,68,26,188,0,6,35,2,43,64,36,103,28,231,6,44,50,281
08/16/2022,LIT,AR,ASW,ES,Combined TRACON& Tower with Radar,60,40,66,19,185,0,4,55,8,67,60,44,121,27,252,4,16,20,272
08/17/2022,LIT,AR,ASW,ES,Combined TRACON& Tower with Radar,65,33,63,10,171,0,0,2,2,4,65,33,65,12,175,6,8,14,189
08/18/2022,LIT,AR,ASW,ES,Combined TRACON& Tower with Radar,68,32,64,17,181,0,1,38,6,45,68,33,102,23,226,10,4,14,240
08/19/2022,LIT,AR,ASW,ES,Combined TRACON& Tower with Radar,61,30,59,82,232,0,10,49,18,77,61,40,108,100,309,10,100,110,419
08/20/2022,LIT,AR,ASW,ES,Combined TRACON& Tower with Radar,50,26,36,2,114,0,2,48,15,65,50,28,84,17,179,8,48,56,235
08/21/2022,LIT,AR,ASW,ES,Combined TRACON& Tower with Radar,52,27,33,4,116,0,1,5,0,6,52,28,38,4,122,0,0,0,122
08/22/2022,LIT,AR,ASW,ES,Combined TRACON& Tower with Radar,55,30,58,15,158,0,0,1,5,6,55,30,59,20,164,0,52,52,216
08/23/2022,LIT,AR,ASW,ES,Combined TRACON& Tower with Radar,62,42,56,7,167,0,1,2,3,6,62,43,58,10,173,0,22,22,195
08/24/2022,LIT,AR,ASW,ES,Combined TRACON& Tower with Radar,62,40,57,24,183,0,0,16,4,20,62,40,73,28,203,0,46,46,249
08/25/2022,LIT,AR,ASW,ES,Combined TRACON& Tower with Radar,64,25,65,35,189,0,0,58,12,70,64,25,123,47,259,8,50,58,317
08/26/2022,LIT,AR,ASW,ES,Combined TRACON& Tower with Radar,61,24,51,65,201,0,2,42,17,61,61,26,93,82,262,16,76,92,354
08/27/2022,LIT,AR,ASW,ES,Combined TRACON& Tower with Radar,48,24,32,17,121,0,4,42,4,50,48,28,74,21,171,0,12,12,183
08/28/2022,LIT,AR,ASW,ES,Combined TRACON& Tower with Radar,53,25,43,4,125,0,0,18,0,18,53,25,61,4,143,0,0,0,143
08/29/2022,LIT,AR,ASW,ES,Combined TRACON& Tower with Radar,52,30,44,29,155,0,2,34,4,40,52,32,78,33,195,2,16,18,213
08/30/2022,LIT,AR,ASW,ES,Combined TRACON& Tower with Radar,63,37,76,5,181,0,1,24,2,27,63,38,100,7,208,22,2,24,232
08/31/2022,LIT,AR,ASW,ES,Combined TRACON& Tower with Radar,65,40,73,22,200,0,2,40,7,49,65,42,113,29,249,18,22,40,289
09/01/2022,LIT,AR,ASW,ES,Combined TRACON& Tower with Radar,66,35,58,39,198,0,4,42,5,51,66,39,100,44,249,4,46,50,299
09/02/2022,LIT,AR,ASW,ES,Combined TRACON& Tower with Radar,61,24,51,3,139,0,4,17,0,21,61,28,68,3,160,5,0,5,165
09/03/2022,LIT,AR,ASW,ES,Combined TRACON& Tower with Radar,50,29,33,4,116,0,0,22,0,22,50,29,55,4,138,0,0,0,138
09/04/2022,LIT,AR,ASW,ES,Combined TRACON& Tower with Radar,49,26,27,4,106,0,0,21,0,21,49,26,48,4,127,0,0,0,127
09/05/2022,LIT,AR,ASW,ES,Combined TRACON& Tower with Radar,53,27,36,1,117,0,3,20,0,23,53,30,56,1,140,0,0,0,140
09/06/2022,LIT,AR,ASW,ES,Combined TRACON& Tower with Radar,59,28,55,8,150,0,2,21,2,25,59,30,76,10,175,15,10,25,200
09/07/2022,LIT,AR,ASW,ES,Combined TRACON& Tower with Radar,62,44,66,29,201,0,1,34,5,40,62,45,100,34,241,0,34,34,275
09/08/2022,LIT,AR,ASW,ES,Combined TRACON& Tower with Radar,61,34,80,14,189,0,1,55,12,68,61,35,135,26,257,16,8,24,281
09/09/2022,LIT,AR,ASW,ES,Combined TRACON& Tower with Radar,59,29,62,52,202,0,4,43,12,59,59,33,105,64,261,0,0,0,261
09/10/2022,LIT,AR,ASW,ES,Combined TRACON& Tower with Radar,48,31,37,10,126,0,2,16,0,18,48,33,53,10,144,10,38,48,192
09/11/2022,LIT,AR,ASW,ES,Combined TRACON& Tower with Radar,59,28,61,0,148,0,2,21,0,23,59,30,82,0,171,4,0,4,175
09/12/2022,LIT,AR,ASW,ES,Combined TRACON& Tower with Radar,59,36,45,59,199,0,0,42,11,53,59,36,87,70,252,18,42,60,312
09/13/2022,LIT,AR,ASW,ES,Combined TRACON& Tower with Radar,60,44,62,7,173,0,4,59,3,66,60,48,121,10,239,24,16,40,279
09/14/2022,LIT,AR,ASW,ES,Combined TRACON& Tower with Radar,60,28,65,19,172,0,2,49,7,58,60,30,114,26,230,8,16,24,254
09/15/2022,LIT,AR,ASW,ES,Combined TRACON& Tower with Radar,63,42,64,13,182,0,3,26,1,30,63,45,90,14,212,10,6,16,228
09/16/2022,LIT,AR,ASW,ES,Combined TRACON& Tower with Radar,65,46,72,10,193,0,2,22,6,30,65,48,94,16,223,12,36,48,271
09/17/2022,LIT,AR,ASW,ES,Combined TRACON& Tower with Radar,48,26,37,7,118,0,1,23,0,24,48,27,60,7,142,0,0,0,142
09/18/2022,LIT,AR,ASW,ES,Combined TRACON& Tower with Radar,63,33,44,4,144,0,0,22,0,22,63,33,66,4,166,6,0,6,172
09/19/2022,LIT,AR,ASW,ES,Combined TRACON& Tower with Radar,57,41,54,5,157,0,4,37,2,43,57,45,91,7,200,0,0,0,200
09/20/2022,LIT,AR,ASW,ES,Combined TRACON& Tower with Radar,60,47,80,44,231,0,6,45,3,54,60,53,125,47,285,0,16,16,301
09/21/2022,LIT,AR,ASW,ES,Combined TRACON& Tower with Radar,60,73,108,16,257,0,3,62,5,70,60,76,170,21,327,14,10,24,351
09/22/2022,LIT,AR,ASW,ES,Combined TRACON& Tower with Radar,67,48,73,28,216,0,1,63,5,69,67,49,136,33,285,16,40,56,341
09/23/2022,LIT,AR,ASW,ES,Combined TRACON& Tower with Radar,64,43,57,40,204,0,0,63,6,69,64,43,120,46,273,14,10,24,297
09/24/2022,LIT,AR,ASW,ES,Combined TRACON& Tower with Radar,49,33,48,6,136,0,4,47,13,64,49,37,95,19,200,10,0,10,210
09/25/2022,LIT,AR,ASW,ES,Combined TRACON& Tower with Radar,63,28,46,11,148,0,6,76,9,91,63,34,122,20,239,2,0,2,241
09/26/2022,LIT,AR,ASW,ES,Combined TRACON& Tower with Radar,57,31,57,17,162,0,2,62,0,64,57,33,119,17,226,18,12,30,256
09/27/2022,LIT,AR,ASW,ES,Combined TRACON& Tower with Radar,62,45,68,24,199,0,0,60,7,67,62,45,128,31,266,6,6,12,278
09/28/2022,LIT,AR,ASW,ES,Combined TRACON& Tower with Radar,60,45,51,45,201,0,4,61,8,73,60,49,112,53,274,6,16,22,296
09/29/2022,LIT,AR,ASW,ES,Combined TRACON& Tower with Radar,62,46,57,53,218,0,3,53,5,61,62,49,110,58,279,12,20,32,311
09/30/2022,LIT,AR,ASW,ES,Combined TRACON& Tower with Radar,60,37,103,62,262,0,3,43,3,49,60,40,146,65,311,4,12,16,327
10/01/2022,LIT,AR,ASW,ES,Combined TRACON& Tower with Radar,45,25,45,9,124,0,0,40,2,42,45,25,85,11,166,15,0,15,181
10/02/2022,LIT,AR,ASW,ES,Combined TRACON& Tower with Radar,59,34,53,13,159,0,3,51,0,54,59,37,104,13,213,10,2,12,225
10/03/2022,LIT,AR,ASW,ES,Combined TRACON& Tower with Radar,57,28,45,38,168,0,1,56,2,59,57,29,101,40,227,26,20,46,273
10/04/2022,LIT,AR,ASW,ES,Combined TRACON& Tower with Radar,56,38,44,54,192,0,0,52,8,60,56,38,96,62,252,20,16,36,288
10/05/2022,LIT,AR,ASW,ES,Combined TRACON& Tower with Radar,58,32,71,26,187,0,5,64,7,76,58,37,135,33,263,12,32,44,307
10/06/2022,LIT,AR,ASW,ES,Combined TRACON& Tower with Radar,68,40,59,38,205,0,11,39,0,50,68,51,98,38,255,16,2,18,273
10/07/2022,LIT,AR,ASW,ES,Combined TRACON& Tower with Radar,64,29,59,0,152,0,14,47,0,61,64,43,106,0,213,6,0,6,219
10/08/2022,LIT,AR,ASW,ES,Combined TRACON& Tower with Radar,54,34,20,2,110,0,1,41,0,42,54,35,61,2,152,34,0,34,186
10/09/2022,LIT,AR,ASW,ES,Combined TRACON& Tower with Radar,64,28,36,0,128,0,3,51,0,54,64,31,87,0,182,32,0,32,214
10/10/2022,LIT,AR,ASW,ES,Combined TRACON& Tower with Radar,60,30,38,2,130,0,1,29,0,30,60,31,67,2,160,8,0,8,168
10/11/2022,LIT,AR,ASW,ES,Combined TRACON& Tower with Radar,62,31,48,29,170,0,0,41,3,44,62,31,89,32,214,6,22,28,242
10/12/2022,LIT,AR,ASW,ES,Combined TRACON& Tower with Radar,60,42,58,22,182,0,6,19,15,40,60,48,77,37,222,8,32,40,262
10/13/2022,LIT,AR,ASW,ES,Combined TRACON& Tower with Radar,67,38,87,14,206,0,11,46,11,68,67,49,133,25,274,8,30,38,312
10/14/2022,LIT,AR,ASW,ES,Combined TRACON& Tower with Radar,67,44,79,13,203,0,2,38,1,41,67,46,117,14,244,20,16,36,280
10/15/2022,LIT,AR,ASW,ES,Combined TRACON& Tower with Radar,56,21,26,6,109,0,0,12,0,12,56,21,38,6,121,2,4,6,127
10/16/2022,LIT,AR,ASW,ES,Combined TRACON& Tower with Radar,66,39,36,0,141,0,1,18,0,19,66,40,54,0,160,8,0,8,168
10/17/2022,LIT,AR,ASW,ES,Combined TRACON& Tower with Radar,57,26,56,28,167,0,0,46,3,49,57,26,102,31,216,10,8,18,234
10/18/2022,LIT,AR,ASW,ES,Combined TRACON& Tower with Radar,57,37,64,12,170,0,0,36,2,38,57,37,100,14,208,4,8,12,220
10/19/2022,LIT,AR,ASW,ES,Combined TRACON& Tower with Radar,60,40,68,20,188,0,1,35,3,39,60,41,103,23,227,4,12,16,243
10/20/2022,LIT,AR,ASW,ES,Combined TRACON& Tower with Radar,66,40,88,11,205,0,4,46,9,59,66,44,134,20,264,6,8,14,278
10/21/2022,LIT,AR,ASW,ES,Combined TRACON& Tower with Radar,66,38,71,49,224,0,1,52,7,60,66,39,123,56,284,28,34,62,346
10/22/2022,LIT,AR,ASW,ES,Combined TRACON& Tower with Radar,54,24,49,4,131,0,2,33,6,41,54,26,82,10,172,6,0,6,178
10/23/2022,LIT,AR,ASW,ES,Combined TRACON& Tower with Radar,68,34,58,12,172,0,0,26,0,26,68,34,84,12,198,4,2,6,204
10/24/2022,LIT,AR,ASW,ES,Combined TRACON& Tower with Radar,65,26,52,12,155,0,4,12,10,26,65,30,64,22,181,20,56,76,257
10/25/2022,LIT,AR,ASW,ES,Combined TRACON& Tower with Radar,60,57,63,20,200,0,0,4,7,11,60,57,67,27,211,0,22,22,233
10/26/2022,LIT,AR,ASW,ES,Combined TRACON& Tower with Radar,64,46,84,21,215,0,7,58,4,69,64,53,142,25,284,0,36,36,320
10/27/2022,LIT,AR,ASW,ES,Combined TRACON& Tower with Radar,71,46,83,23,223,0,3,59,8,70,71,49,142,31,293,2,32,34,327
10/28/2022,LIT,AR,ASW,ES,Combined TRACON& Tower with Radar,63,41,63,17,184,0,1,28,4,33,63,42,91,21,217,2,38,40,257
10/29/2022,LIT,AR,ASW,ES,Combined TRACON& Tower with Radar,47,21,27,1,96,0,0,6,0,6,47,21,33,1,102,0,0,0,102
10/30/2022,LIT,AR,ASW,ES,Combined TRACON& Tower with Radar,61,33,39,0,133,0,2,1,0,3,61,35,40,0,136,4,0,4,140
10/31/2022,LIT,AR,ASW,ES,Combined TRACON& Tower with Radar,52,24,34,24,134,0,1,38,6,45,52,25,72,30,179,16,28,44,223
11/01/2022,LIT,AR,ASW,ES,Combined TRACON& Tower with Radar,62,30,62,33,187,0,6,44,9,59,62,36,106,42,246,24,24,48,294
11/02/2022,LIT,AR,ASW,ES,Combined TRACON& Tower with Radar,58,28,70,47,203,0,3,55,17,75,58,31,125,64,278,6,78,84,362
11/03/2022,LIT,AR,ASW,ES,Combined TRACON& Tower with Radar,65,43,69,31,208,0,2,44,9,55,65,45,113,40,263,10,58,68,331
11/04/2022,LIT,AR,ASW,ES,Combined TRACON& Tower with Radar,58,38,52,1,149,0,0,12,1,13,58,38,64,2,162,8,2,10,172
11/05/2022,LIT,AR,ASW,ES,Combined TRACON& Tower with Radar,43,33,36,4,116,0,1,33,3,37,43,34,69,7,153,0,34,34,187
11/06/2022,LIT,AR,ASW,ES,Combined TRACON& Tower with Radar,57,33,52,3,145,0,3,35,0,38,57,36,87,3,183,0,0,0,183
11/07/2022,LIT,AR,ASW,ES,Combined TRACON& Tower with Radar,60,36,63,34,193,0,1,1,1,3,60,37,64,35,196,0,2,2,198
11/08/2022,LIT,AR,ASW,ES,Combined TRACON& Tower with Radar,60,43,85,22,210,0,4,18,2,24,60,47,103,24,234,2,10,12,246
11/09/2022,LIT,AR,ASW,ES,Combined TRACON& Tower with Radar,64,45,68,27,204,0,0,50,12,62,64,45,118,39,266,8,32,40,306
11/10/2022,LIT,AR,ASW,ES,Combined TRACON& Tower with Radar,65,36,97,8,206,0,0,57,5,62,65,36,154,13,268,4,40,44,312
11/11/2022,LIT,AR,ASW,ES,Combined TRACON& Tower with Radar,65,40,69,4,178,0,1,12,0,13,65,41,81,4,191,0,0,0,191
11/12/2022,LIT,AR,ASW,ES,Combined TRACON& Tower with Radar,51,38,44,1,134,0,6,45,1,52,51,44,89,2,186,32,0,32,218
11/13/2022,LIT,AR,ASW,ES,Combined TRACON& Tower with Radar,60,33,47,11,151,0,1,35,1,37,60,34,82,12,188,20,0,20,208
11/14/2022,LIT,AR,ASW,ES,Combined TRACON& Tower with Radar,63,41,49,16,169,0,2,17,3,22,63,43,66,19,191,0,14,14,205
11/15/2022,LIT,AR,ASW,ES,Combined TRACON& Tower with Radar,62,24,60,4,150,0,3,16,2,21,62,27,76,6,171,14,4,18,189
11/16/2022,LIT,AR,ASW,ES,Combined TRACON& Tower with Radar,66,39,70,12,187,0,1,38,6,45,66,40,108,18,232,30,18,48,280
11/17/2022,LIT,AR,ASW,ES,Combined TRACON& Tower with Radar,69,48,72,19,208,0,1,56,9,66,69,49,128,28,274,22,16,38,312
11/18/2022,LIT,AR,ASW,ES,Combined TRACON& Tower with Radar,65,51,71,12,199,0,3,43,6,52,65,54,114,18,251,14,20,34,285
11/19/2022,LIT,AR,ASW,ES,Combined TRACON& Tower with Radar,52,33,51,9,145,0,3,32,0,35,52,36,83,9,180,0,2,2,182
11/20/2022,LIT,AR,ASW,ES,Combined TRACON& Tower with Radar,62,37,50,4,153,0,5,38,1,44,62,42,88,5,197,0,2,2,199
11/21/2022,LIT,AR,ASW,ES,Combined TRACON& Tower with Radar,61,32,47,27,167,0,1,41,6,48,61,33,88,33,215,2,40,42,257
11/22/2022,LIT,AR,ASW,ES,Combined TRACON& Tower with Radar,63,37,51,27,178,0,1,41,7,49,63,38,92,34,227,4,38,42,269
11/23/2022,LIT,AR,ASW,ES,Combined TRACON& Tower with Radar,66,35,64,0,165,0,4,41,0,45,66,39,105,0,210,12,0,12,222
11/24/2022,LIT,AR,ASW,ES,Combined TRACON& Tower with Radar,38,18,11,0,67,0,0,0,0,0,38,18,11,0,67,0,0,0,67
11/25/2022,LIT,AR,ASW,ES,Combined TRACON& Tower with Radar,58,32,35,0,125,0,3,5,0,8,58,35,40,0,133,0,0,0,133
11/26/2022,LIT,AR,ASW,ES,Combined TRACON& Tower with Radar,57,44,20,0,121,0,0,3,0,3,57,44,23,0,124,0,0,0,124
11/27/2022,LIT,AR,ASW,ES,Combined TRACON& Tower with Radar,63,33,58,0,154,0,2,8,0,10,63,35,66,0,164,0,0,0,164
11/28/2022,LIT,AR,ASW,ES,Combined TRACON& Tower with Radar,66,26,73,16,181,0,5,44,8,57,66,31,117,24,238,28,30,58,296
11/29/2022,LIT,AR,ASW,ES,Combined TRACON& Tower with Radar,61,28,40,0,129,0,0,3,0,3,61,28,43,0,132,0,0,0,132
11/30/2022,LIT,AR,ASW,ES,Combined TRACON& Tower with Radar,64,65,72,16,217,0,2,53,8,63,64,67,125,24,280,4,40,44,324
12/01/2022,LIT,AR,ASW,ES,Combined TRACON& Tower with Radar,72,35,70,35,212,0,5,54,5,64,72,40,124,40,276,18,40,58,334
12/02/2022,LIT,AR,ASW,ES,Combined TRACON& Tower with Radar,70,48,90,4,212,0,1,14,0,15,70,49,104,4,227,10,0,10,237
12/03/2022,LIT,AR,ASW,ES,Combined TRACON& Tower with Radar,53,26,43,2,124,0,1,50,0,51,53,27,93,2,175,10,0,10,185
12/04/2022,LIT,AR,ASW,ES,Combined TRACON& Tower with Radar,61,35,46,3,145,0,1,6,2,9,61,36,52,5,154,0,0,0,154
12/05/2022,LIT,AR,ASW,ES,Combined TRACON& Tower with Radar,61,30,36,2,129,0,0,0,0,0,61,30,36,2,129,0,0,0,129
12/06/2022,LIT,AR,ASW,ES,Combined TRACON& Tower with Radar,67,31,50,7,155,0,1,2,2,5,67,32,52,9,160,0,34,34,194
12/07/2022,LIT,AR,ASW,ES,Combined TRACON& Tower with Radar,67,41,56,0,164,0,0,0,0,0,67,41,56,0,164,0,0,0,164
12/08/2022,LIT,AR,ASW,ES,Combined TRACON& Tower with Radar,69,42,65,1,177,0,0,0,0,0,69,42,65,1,177,0,0,0,177
12/09/2022,LIT,AR,ASW,ES,Combined TRACON& Tower with Radar,61,41,65,14,181,0,8,21,3,32,61,49,86,17,213,6,60,66,279
12/10/2022,LIT,AR,ASW,ES,Combined TRACON& Tower with Radar,56,19,17,3,95,0,0,0,0,0,56,19,17,3,95,0,0,0,95
12/11/2022,LIT,AR,ASW,ES,Combined TRACON& Tower with Radar,62,30,51,6,149,0,0,1,0,1,62,30,52,6,150,0,0,0,150
12/12/2022,LIT,AR,ASW,ES,Combined TRACON& Tower with Radar,63,25,47,4,139,0,0,1,0,1,63,25,48,4,140,0,0,0,140
12/13/2022,LIT,AR,ASW,ES,Combined TRACON& Tower with Radar,60,28,32,10,130,0,0,0,0,0,60,28,32,10,130,0,0,0,130
12/14/2022,LIT,AR,ASW,ES,Combined TRACON& Tower with Radar,68,27,65,15,175,0,1,19,9,29,68,28,84,24,204,0,58,58,262
12/15/2022,LIT,AR,ASW,ES,Combined TRACON& Tower with Radar,72,42,85,33,232,0,2,66,8,76,72,44,151,41,308,22,30,52,360
12/16/2022,LIT,AR,ASW,ES,Combined TRACON& Tower with Radar,73,40,55,25,193,1,4,37,8,50,74,44,92,33,243,12,34,46,289
12/17/2022,LIT,AR,ASW,ES,Combined TRACON& Tower with Radar,63,29,30,2,124,0,1,27,0,28,63,30,57,2,152,4,0,4,156
12/18/2022,LIT,AR,ASW,ES,Combined TRACON& Tower with Radar,64,24,43,2,133,0,4,60,0,64,64,28,103,2,197,8,0,8,205
12/19/2022,LIT,AR,ASW,ES,Combined TRACON& Tower with Radar,67,33,47,1,148,0,3,37,3,43,67,36,84,4,191,2,20,22,213
12/20/2022,LIT,AR,ASW,ES,Combined TRACON& Tower with Radar,65,46,63,70,244,0,2,68,16,86,65,48,131,86,330,10,62,72,402
12/21/2022,LIT,AR,ASW,ES,Combined TRACON& Tower with Radar,70,37,82,19,208,0,9,42,2,53,70,46,124,21,261,2,4,6,267
12/22/2022,LIT,AR,ASW,ES,Combined TRACON& Tower with Radar,62,25,30,4,121,0,1,0,0,1,62,26,30,4,122,0,0,0,122
12/23/2022,LIT,AR,ASW,ES,Combined TRACON& Tower with Radar,64,26,26,2,118,0,8,13,0,21,64,34,39,2,139,8,0,8,147
12/24/2022,LIT,AR,ASW,ES,Combined TRACON& Tower with Radar,46,24,8,0,78,0,3,32,0,35,46,27,40,0,113,24,0,24,137
12/25/2022,LIT,AR,ASW,ES,Combined TRACON& Tower with Radar,42,22,14,0,78,0,5,16,0,21,42,27,30,0,99,0,0,0,99
12/26/2022,LIT,AR,ASW,ES,Combined TRACON& Tower with Radar,53,21,47,0,121,1,2,35,0,38,54,23,82,0,159,4,0,4,163
12/27/2022,LIT,AR,ASW,ES,Combined TRACON& Tower with Radar,56,33,56,0,145,0,3,32,0,35,56,36,88,0,180,10,0,10,190
12/28/2022,LIT,AR,ASW,ES,Combined TRACON& Tower with Radar,60,23,59,6,148,0,2,38,4,44,60,25,97,10,192,4,2,6,198
12/29/2022,LIT,AR,ASW,ES,Combined TRACON& Tower with Radar,62,24,43,0,129,0,1,4,0,5,62,25,47,0,134,0,0,0,134
12/30/2022,LIT,AR,ASW,ES,Combined TRACON& Tower with Radar,70,25,29,0,124,0,2,1,0,3,70,27,30,0,127,0,0,0,127
12/31/2022,LIT,AR,ASW,ES,Combined TRACON& Tower with Radar,53,20,28,2,103,0,1,5,0,6,53,21,33,2,109,8,0,8,117
01/01/2023,LIT,AR,ASW,ES,Combined TRACON& Tower with Radar,47,22,20,0,89,0,2,15,0,17,47,24,35,0,106,0,0,0,106
01/02/2023,LIT,AR,ASW,ES,Combined TRACON& Tower with Radar,56,19,32,2,109,0,0,0,0,0,56,19,32,2,109,0,0,0,109
01/03/2023,LIT,AR,ASW,ES,Combined TRACON& Tower with Radar,56,38,56,16,166,0,6,24,6,36,56,44,80,22,202,6,32,38,240
01/04/2023,LIT,AR,ASW,ES,Combined TRACON& Tower with Radar,68,30,60,55,213,0,0,43,9,52,68,30,103,64,265,4,74,78,343
01/05/2023,LIT,AR,ASW,ES,Combined TRACON& Tower with Radar,67,35,48,35,185,0,6,37,7,50,67,41,85,42,235,5,42,47,282
01/06/2023,LIT,AR,ASW,ES,Combined TRACON& Tower with Radar,63,23,65,30,181,0,8,54,9,71,63,31,119,39,252,16,50,66,318
01/07/2023,LIT,AR,ASW,ES,Combined TRACON& Tower with Radar,54,17,19,0,90,0,1,7,0,8,54,18,26,0,98,0,0,0,98
01/08/2023,LIT,AR,ASW,ES,Combined TRACON& Tower with Radar,64,20,37,10,131,0,5,31,1,37,64,25,68,11,168,10,8,18,186
01/09/2023,LIT,AR,ASW,ES,Combined TRACON& Tower with Radar,57,36,45,52,190,0,5,44,9,58,57,41,89,61,248,16,46,62,310
01/10/2023,LIT,AR,ASW,ES,Combined TRACON& Tower with Radar,57,33,81,26,197,0,1,37,9,47,57,34,118,35,244,2,46,48,292
01/11/2023,LIT,AR,ASW,ES,Combined TRACON& Tower with Radar,63,42,113,47,265,0,2,27,20,49,63,44,140,67,314,2,52,54,368
01/12/2023,LIT,AR,ASW,ES,Combined TRACON& Tower with Radar,71,37,59,28,195,0,4,10,7,21,71,41,69,35,216,2,40,42,258
01/13/2023,LIT,AR,ASW,ES,Combined TRACON& Tower with Radar,70,22,49,18,159,0,4,46,1,51,70,26,95,19,210,38,14,52,262
01/14/2023,LIT,AR,ASW,ES,Combined TRACON& Tower with Radar,57,18,25,5,105,0,5,42,2,49,57,23,67,7,154,8,0,8,162
01/15/2023,LIT,AR,ASW,ES,Combined TRACON& Tower with Radar,48,27,27,0,102,0,9,22,0,31,48,36,49,0,133,2,0,2,135
01/16/2023,LIT,AR,ASW,ES,Combined TRACON& Tower with Radar,66,21,44,2,133,0,4,14,0,18,66,25,58,2,151,0,0,0,151
01/17/2023,LIT,AR,ASW,ES,Combined TRACON& Tower with Radar,60,46,79,22,207,0,0,35,3,38,60,46,114,25,245,16,28,44,289
01/18/2023,LIT,AR,ASW,ES,Combined TRACON& Tower with Radar,67,24,41,2,134,0,4,5,0,9,67,28,46,2,143,0,0,0,143
01/19/2023,LIT,AR,ASW,ES,Combined TRACON& Tower with Radar,73,33,75,23,204,2,5,32,7,46,75,38,107,30,250,8,46,54,304
01/20/2023,LIT,AR,ASW,ES,Combined TRACON& Tower with Radar,70,24,57,32,183,0,6,46,2,54,70,30,103,34,237,0,26,26,263
01/21/2023,LIT,AR,ASW,ES,Combined TRACON& Tower with Radar,57,20,32,25,134,0,2,36,2,40,57,22,68,27,174,0,0,0,174
01/22/2023,LIT,AR,ASW,ES,Combined TRACON& Tower with Radar,65,22,30,1,118,0,0,1,0,1,65,22,31,1,119,0,0,0,119
01/23/2023,LIT,AR,ASW,ES,Combined TRACON& Tower with Radar,66,22,61,13,162,0,4,68,7,79,66,26,129,20,241,22,28,50,291
01/24/2023,LIT,AR,ASW,ES,Combined TRACON& Tower with Radar,64,25,50,19,158,0,2,17,7,26,64,27,67,26,184,0,4,4,188
01/25/2023,LIT,AR,ASW,ES,Combined TRACON& Tower with Radar,62,34,47,26,169,0,2,7,3,12,62,36,54,29,181,22,38,60,241
01/26/2023,LIT,AR,ASW,ES,Combined TRACON& Tower with Radar,72,37,68,8,185,0,0,65,4,69,72,37,133,12,254,20,22,42,296
01/27/2023,LIT,AR,ASW,ES,Combined TRACON& Tower with Radar,70,27,93,8,198,0,3,43,0,46,70,30,136,8,244,10,0,10,254
01/28/2023,LIT,AR,ASW,ES,Combined TRACON& Tower with Radar,56,24,28,0,108,0,1,7,0,8,56,25,35,0,116,2,0,2,118
01/29/2023,LIT,AR,ASW,ES,Combined TRACON& Tower with Radar,62,22,30,2,116,0,0,0,0,0,62,22,30,2,116,2,0,2,118
01/30/2023,LIT,AR,ASW,ES,Combined TRACON& Tower with Radar,63,20,56,10,149,0,0,0,0,0,63,20,56,10,149,0,0,0,149
01/31/2023,LIT,AR,ASW,ES,Combined TRACON& Tower with Radar,46,13,9,0,68,0,0,0,0,0,46,13,9,0,68,0,0,0,68
02/01/2023,LIT,AR,ASW,ES,Combined TRACON& Tower with Radar,42,28,24,0,94,0,0,0,0,0,42,28,24,0,94,0,0,0,94
02/02/2023,LIT,AR,ASW,ES,Combined TRACON& Tower with Radar,59,25,34,14,132,0,4,10,4,18,59,29,44,18,150,0,60,60,210
02/03/2023,LIT,AR,ASW,ES,Combined TRACON& Tower with Radar,66,23,52,15,156,0,4,61,3,68,66,27,113,18,224,6,4,10,234
02/04/2023,LIT,AR,ASW,ES,Combined TRACON& Tower with Radar,55,13,26,3,97,0,3,47,1,51,55,16,73,4,148,0,26,26,174
02/05/2023,LIT,AR,ASW,ES,Combined TRACON& Tower with Radar,60,13,30,0,103,0,6,33,0,39,60,19,63,0,142,4,0,4,146
02/06/2023,LIT,AR,ASW,ES,Combined TRACON& Tower with Radar,62,28,44,25,159,0,3,21,9,33,62,31,65,34,192,14,40,54,246
02/07/2023,LIT,AR,ASW,ES,Combined TRACON& Tower with Radar,62,37,54,15,168,0,0,33,5,38,62,37,87,20,206,12,34,46,252
02/08/2023,LIT,AR,ASW,ES,Combined TRACON& Tower with Radar,63,31,38,6,138,0,0,0,0,0,63,31,38,6,138,0,0,0,138
02/09/2023,LIT,AR,ASW,ES,Combined TRACON& Tower with Radar,64,25,58,14,161,0,3,36,14,53,64,28,94,28,214,32,14,46,260
02/10/2023,LIT,AR,ASW,ES,Combined TRACON& Tower with Radar,64,18,62,1,145,0,1,10,3,14,64,19,72,4,159,0,0,0,159
02/11/2023,LIT,AR,ASW,ES,Combined TRACON& Tower with Radar,56,33,33,3,125,0,3,36,4,43,56,36,69,7,168,16,0,16,184
02/12/2023,LIT,AR,ASW,ES,Combined TRACON& Tower with Radar,60,26,26,0,112,0,2,25,1,28,60,28,51,1,140,14,0,14,154
02/13/2023,LIT,AR,ASW,ES,Combined TRACON& Tower with Radar,64,23,46,30,163,0,2,43,10,55,64,25,89,40,218,30,72,102,320
02/14/2023,LIT,AR,ASW,ES,Combined TRACON& Tower with Radar,64,39,42,9,154,0,2,9,4,15,64,41,51,13,169,0,12,12,181
02/15/2023,LIT,AR,ASW,ES,Combined TRACON& Tower with Radar,61,31,86,47,225,0,1,28,14,43,61,32,114,61,268,40,66,106,374
02/16/2023,LIT,AR,ASW,ES,Combined TRACON& Tower with Radar,65,42,54,13,174,0,4,14,3,21,65,46,68,16,195,16,28,44,239
02/17/2023,LIT,AR,ASW,ES,Combined TRACON& Tower with Radar,73,31,68,17,189,0,3,53,6,62,73,34,121,23,251,18,20,38,289
02/18/2023,LIT,AR,ASW,ES,Combined TRACON& Tower with Radar,59,22,41,0,122,0,3,55,0,58,59,25,96,0,180,20,0,20,200
02/19/2023,LIT,AR,ASW,ES,Combined TRACON& Tower with Radar,60,22,29,2,113,0,3,20,1,24,60,25,49,3,137,2,2,4,141
02/20/2023,LIT,AR,ASW,ES,Combined TRACON& Tower with Radar,66,23,55,0,144,0,2,41,1,44,66,25,96,1,188,14,0,14,202
02/21/2023,LIT,AR,ASW,ES,Combined TRACON& Tower with Radar,66,53,79,52,250,0,1,36,5,42,66,54,115,57,292,8,36,44,336
02/22/2023,LIT,AR,ASW,ES,Combined TRACON& Tower with Radar,70,23,33,16,142,0,2,5,0,7,70,25,38,16,149,6,0,6,155
02/23/2023,LIT,AR,ASW,ES,Combined TRACON& Tower with Radar,69,37,83,15,204,0,1,31,15,47,69,38,114,30,251,0,28,28,279
02/24/2023,LIT,AR,ASW,ES,Combined TRACON& Tower with Radar,71,30,43,14,158,0,0,2,0,2,71,30,45,14,160,0,0,0,160
02/25/2023,LIT,AR,ASW,ES,Combined TRACON& Tower with Radar,56,22,32,0,110,0,0,0,0,0,56,22,32,0,110,0,0,0,110
02/26/2023,LIT,AR,ASW,ES,Combined TRACON& Tower with Radar,62,32,31,2,127,0,1,0,0,1,62,33,31,2,128,0,0,0,128
02/27/2023,LIT,AR,ASW,ES,Combined TRACON& Tower with Radar,68,32,49,16,165,0,2,28,11,41,68,34,77,27,206,6,48,54,260
02/28/2023,LIT,AR,ASW,ES,Combined TRACON& Tower with Radar,64,47,74,44,229,0,2,62,11,75,64,49,136,55,304,16,74,90,394
03/01/2023,LIT,AR,ASW,ES,Combined TRACON& Tower with Radar,71,20,59,12,162,0,0,3,0,3,71,20,62,12,165,4,0,4,169
03/02/2023,LIT,AR,ASW,ES,Combined TRACON& Tower with Radar,70,28,33,4,135,0,0,0,0,0,70,28,33,4,135,0,0,0,135
03/03/2023,LIT,AR,ASW,ES,Combined TRACON& Tower with Radar,80,27,34,4,145,0,1,6,6,13,80,28,40,10,158,8,42,50,208
03/04/2023,LIT,AR,ASW,ES,Combined TRACON& Tower with Radar,61,29,36,24,150,0,2,67,5,74,61,31,103,29,224,4,22,26,250
03/05/2023,LIT,AR,ASW,ES,Combined TRACON& Tower with Radar,61,33,45,2,141,0,1,45,1,47,61,34,90,3,188,6,0,6,194
03/06/2023,LIT,AR,ASW,ES,Combined TRACON& Tower with Radar,68,24,52,20,164,0,0,40,10,50,68,24,92,30,214,2,52,54,268
03/07/2023,LIT,AR,ASW,ES,Combined TRACON& Tower with Radar,63,31,66,7,167,0,6,65,4,75,63,37,131,11,242,6,40,46,288
03/08/2023,LIT,AR,ASW,ES,Combined TRACON& Tower with Radar,71,34,54,15,174,0,1,8,1,10,71,35,62,16,184,16,14,30,214
03/09/2023,LIT,AR,ASW,ES,Combined TRACON& Tower with Radar,70,35,52,8,165,0,0,0,0,0,70,35,52,8,165,0,0,0,165
03/10/2023,LIT,AR,ASW,ES,Combined TRACON& Tower with Radar,68,23,56,51,198,0,4,61,7,72,68,27,117,58,270,20,48,68,338
03/11/2023,LIT,AR,ASW,ES,Combined TRACON& Tower with Radar,57,22,27,0,106,0,2,2,1,5,57,24,29,1,111,0,0,0,111
03/12/2023,LIT,AR,ASW,ES,Combined TRACON& Tower with Radar,62,17,28,12,119,0,3,23,1,27,62,20,51,13,146,2,0,2,148
03/13/2023,LIT,AR,ASW,ES,Combined TRACON& Tower with Radar,68,25,62,19,174,0,5,58,5,68,68,30,120,24,242,34,30,64,306
03/14/2023,LIT,AR,ASW,ES,Combined TRACON& Tower with Radar,63,30,51,4,148,0,1,82,2,85,63,31,133,6,233,24,24,48,281
03/15/2023,LIT,AR,ASW,ES,Combined TRACON& Tower with Radar,66,47,66,10,189,0,2,70,8,80,66,49,136,18,269,2,36,38,307
03/16/2023,LIT,AR,ASW,ES,Combined TRACON& Tower with Radar,67,29,46,3,145,0,2,6,1,9,67,31,52,4,154,0,12,12,166
03/17/2023,LIT,AR,ASW,ES,Combined TRACON& Tower with Radar,72,28,57,45,202,0,4,22,7,33,72,32,79,52,235,12,38,50,285
03/18/2023,LIT,AR,ASW,ES,Combined TRACON& Tower with Radar,59,35,51,11,156,0,5,23,3,31,59,40,74,14,187,0,0,0,187
03/19/2023,LIT,AR,ASW,ES,Combined TRACON& Tower with Radar,59,21,44,4,128,0,10,36,1,47,59,31,80,5,175,2,0,2,177
03/20/2023,LIT,AR,ASW,ES,Combined TRACON& Tower with Radar,64,26,45,24,159,0,7,36,3,46,64,33,81,27,205,2,20,22,227
03/21/2023,LIT,AR,ASW,ES,Combined TRACON& Tower with Radar,64,30,42,3,139,0,2,8,2,12,64,32,50,5,151,6,4,10,161
03/22/2023,LIT,AR,ASW,ES,Combined TRACON& Tower with Radar,68,38,64,7,177,0,3,7,6,16,68,41,71,13,193,4,32,36,229
03/23/2023,LIT,AR,ASW,ES,Combined TRACON& Tower with Radar,74,25,63,16,178,0,2,29,2,33,74,27,92,18,211,2,26,28,239
03/24/2023,LIT,AR,ASW,ES,Combined TRACON& Tower with Radar,65,28,32,0,125,0,1,2,0,3,65,29,34,0,128,4,0,4,132
03/25/2023,LIT,AR,ASW,ES,Combined TRACON& Tower with Radar,55,40,62,9,166,0,4,49,1,54,55,44,111,10,220,12,6,18,238
03/26/2023,LIT,AR,ASW,ES,Combined TRACON& Tower with Radar,66,24,56,6,152,0,5,29,2,36,66,29,85,8,188,10,0,10,198
03/27/2023,LIT,AR,ASW,ES,Combined TRACON& Tower with Radar,72,14,59,11,156,0,4,53,3,60,72,18,112,14,216,16,4,20,236
03/28/2023,LIT,AR,ASW,ES,Combined TRACON& Tower with Radar,65,36,61,10,172,0,3,59,0,62,65,39,120,10,234,12,0,12,246
03/29/2023,LIT,AR,ASW,ES,Combined TRACON& Tower with Radar,69,25,57,19,170,0,0,48,7,55,69,25,105,26,225,22,14,36,261
03/30/2023,LIT,AR,ASW,ES,Combined TRACON& Tower with Radar,73,28,84,4,189,0,2,25,0,27,73,30,109,4,216,6,0,6,222
03/31/2023,LIT,AR,ASW,ES,Combined TRACON& Tower with Radar,71,15,26,0,112,0,3,1,0,4,71,18,27,0,116,0,0,0,116
04/01/2023,LIT,AR,ASW,ES,Combined TRACON& Tower with Radar,54,23,26,2,105,0,6,38,0,44,54,29,64,2,149,2,0,2,151
04/02/2023,LIT,AR,ASW,ES,Combined TRACON& Tower with Radar,62,30,49,2,143,0,3,31,2,36,62,33,80,4,179,14,0,14,193
04/03/2023,LIT,AR,ASW,ES,Combined TRACON& Tower with Radar,74,14,61,8,157,0,2,15,0,17,74,16,76,8,174,0,0,0,174
04/04/2023,LIT,AR,ASW,ES,Combined TRACON& Tower with Radar,71,29,55,7,162,0,7,15,1,23,71,36,70,8,185,6,2,8,193
04/05/2023,LIT,AR,ASW,ES,Combined TRACON& Tower with Radar,67,25,47,0,139,0,2,4,0,6,67,27,51,0,145,0,0,0,145
04/06/2023,LIT,AR,ASW,ES,Combined TRACON& Tower with Radar,71,30,64,5,170,0,2,42,2,46,71,32,106,7,216,34,2,36,252
04/07/2023,LIT,AR,ASW,ES,Combined TRACON& Tower with Radar,65,30,51,52,198,0,6,30,6,42,65,36,81,58,240,18,18,36,276
04/08/2023,LIT,AR,ASW,ES,Combined TRACON& Tower with Radar,53,22,32,0,107,0,0,44,0,44,53,22,76,0,151,0,0,0,151
04/09/2023,LIT,AR,ASW,ES,Combined TRACON& Tower with Radar,60,24,18,0,102,0,1,13,0,14,60,25,31,0,116,0,0,0,116
04/10/2023,LIT,AR,ASW,ES,Combined TRACON& Tower with Radar,65,24,69,10,168,0,0,49,0,49,65,24,118,10,217,9,0,9,226
04/11/2023,LIT,AR,ASW,ES,Combined TRACON& Tower with Radar,62,38,69,19,188,0,4,78,1,83,62,42,147,20,271,19,16,35,306
04/12/2023,LIT,AR,ASW,ES,Combined TRACON& Tower with Radar,63,24,78,27,192,0,0,57,2,59,63,24,135,29,251,18,14,32,283
04/13/2023,LIT,AR,ASW,ES,Combined TRACON& Tower with Radar,71,35,85,33,224,0,4,56,6,66,71,39,141,39,290,4,4,8,298
04/14/2023,LIT,AR,ASW,ES,Combined TRACON& Tower with Radar,66,27,78,10,181,0,1,47,2,50,66,28,125,12,231,0,0,0,231
04/15/2023,LIT,AR,ASW,ES,Combined TRACON& Tower with Radar,58,21,37,1,117,0,4,13,1,18,58,25,50,2,135,2,0,2,137
04/16/2023,LIT,AR,ASW,ES,Combined TRACON& Tower with Radar,64,28,48,1,141,0,3,18,1,22,64,31,66,2,163,0,0,0,163
04/17/2023,LIT,AR,ASW,ES,Combined TRACON& Tower with Radar,65,35,83,20,203,0,3,80,2,85,65,38,163,22,288,20,20,40,328
04/18/2023,LIT,AR,ASW,ES,Combined TRACON& Tower with Radar,61,28,57,0,146,0,2,45,1,48,61,30,102,1,194,2,0,2,196
04/19/2023,LIT,AR,ASW,ES,Combined TRACON& Tower with Radar,65,37,81,0,183,0,1,40,0,41,65,38,121,0,224,4,0,4,228
04/20/2023,LIT,AR,ASW,ES,Combined TRACON& Tower with Radar,59,35,60,5,159,0,3,12,1,16,59,38,72,6,175,2,6,8,183
04/21/2023,LIT,AR,ASW,ES,Combined TRACON& Tower with Radar,73,26,69,5,173,0,3,15,0,18,73,29,84,5,191,0,0,0,191
04/22/2023,LIT,AR,ASW,ES,Combined TRACON& Tower with Radar,55,34,34,4,127,0,7,36,0,43,55,41,70,4,170,8,2,10,180
04/23/2023,LIT,AR,ASW,ES,Combined TRACON& Tower with Radar,64,31,35,19,149,0,1,43,0,44,64,32,78,19,193,6,0,6,199
04/24/2023,LIT,AR,ASW,ES,Combined TRACON& Tower with Radar,66,28,50,27,171,0,2,52,3,57,66,30,102,30,228,6,14,20,248
04/25/2023,LIT,AR,ASW,ES,Combined TRACON& Tower with Radar,62,30,64,1,157,0,7,18,2,27,62,37,82,3,184,2,14,16,200
04/26/2023,LIT,AR,ASW,ES,Combined TRACON& Tower with Radar,56,31,68,12,167,0,3,7,4,14,56,34,75,16,181,2,20,22,203
04/27/2023,LIT,AR,ASW,ES,Combined TRACON& Tower with Radar,67,34,81,7,189,0,1,3,1,5,67,35,84,8,194,0,0,0,194
04/28/2023,LIT,AR,ASW,ES,Combined TRACON& Tower with Radar,62,31,69,32,194,1,2,25,2,30,63,33,94,34,224,16,24,40,264
04/29/2023,LIT,AR,ASW,ES,Combined TRACON& Tower with Radar,60,22,20,0,102,0,2,8,1,11,60,24,28,1,113,0,0,0,113
04/30/2023,LIT,AR,ASW,ES,Combined TRACON& Tower with Radar,63,35,40,0,138,0,2,30,3,35,63,37,70,3,173,10,0,10,183
05/01/2023,LIT,AR,ASW,ES,Combined TRACON& Tower with Radar,67,30,56,16,169,0,0,25,3,28,67,30,81,19,197,29,34,63,260
05/02/2023,LIT,AR,ASW,ES,Combined TRACON& Tower with Radar,61,30,59,24,174,0,2,31,2,35,61,32,90,26,209,13,2,15,224
05/03/2023,LIT,AR,ASW,ES,Combined TRACON& Tower with Radar,65,29,87,14,195,0,3,53,6,62,65,32,140,20,257,32,26,58,315
05/04/2023,LIT,AR,ASW,ES,Combined TRACON& Tower with Radar,68,40,70,6,184,0,5,46,2,53,68,45,116,8,237,14,2,16,253
05/05/2023,LIT,AR,ASW,ES,Combined TRACON& Tower with Radar,70,30,72,4,176,0,4,5,0,9,70,34,77,4,185,6,2,8,193
05/06/2023,LIT,AR,ASW,ES,Combined TRACON& Tower with Radar,58,31,28,4,121,0,2,2,0,4,58,33,30,4,125,0,0,0,125
05/07/2023,LIT,AR,ASW,ES,Combined TRACON& Tower with Radar,60,39,35,0,134,0,1,11,2,14,60,40,46,2,148,2,0,2,150
05/08/2023,LIT,AR,ASW,ES,Combined TRACON& Tower with Radar,69,43,54,24,190,0,1,37,4,42,69,44,91,28,232,6,26,32,264
05/09/2023,LIT,AR,ASW,ES,Combined TRACON& Tower with Radar,64,29,58,15,166,0,4,52,5,61,64,33,110,20,227,21,12,33,260
05/10/2023,LIT,AR,ASW,ES,Combined TRACON& Tower with Radar,66,31,57,13,167,0,4,13,1,18,66,35,70,14,185,4,2,6,191
05/11/2023,LIT,AR,ASW,ES,Combined TRACON& Tower with Radar,67,35,50,0,152,0,0,0,0,0,67,35,50,0,152,0,0,0,152
05/12/2023,LIT,AR,ASW,ES,Combined TRACON& Tower with Radar,72,39,51,0,162,0,2,16,0,18,72,41,67,0,180,0,0,0,180
05/13/2023,LIT,AR,ASW,ES,Combined TRACON& Tower with Radar,55,28,39,0,122,0,3,24,0,27,55,31,63,0,149,6,0,6,155
05/14/2023,LIT,AR,ASW,ES,Combined TRACON& Tower with Radar,67,30,32,2,131,0,3,46,0,49,67,33,78,2,180,6,0,6,186
05/15/2023,LIT,AR,ASW,ES,Combined TRACON& Tower with Radar,72,38,80,5,195,0,8,30,3,41,72,46,110,8,236,12,4,16,252
05/16/2023,LIT,AR,ASW,ES,Combined TRACON& Tower with Radar,62,46,79,18,205,0,0,41,5,46,62,46,120,23,251,14,12,26,277
05/17/2023,LIT,AR,ASW,ES,Combined TRACON& Tower with Radar,67,35,75,30,207,0,0,35,6,41,67,35,110,36,248,26,16,42,290
05/18/2023,LIT,AR,ASW,ES,Combined TRACON& Tower with Radar,73,42,81,27,223,0,3,67,8,78,73,45,148,35,301,24,38,62,363
05/19/2023,LIT,AR,ASW,ES,Combined TRACON& Tower with Radar,71,32,49,3,155,0,3,31,0,34,71,35,80,3,189,16,0,16,205
05/20/2023,LIT,AR,ASW,ES,Combined TRACON& Tower with Radar,56,32,39,1,128,0,5,20,0,25,56,37,59,1,153,2,0,2,155
05/21/2023,LIT,AR,ASW,ES,Combined TRACON& Tower with Radar,64,27,31,4,126,0,1,25,3,29,64,28,56,7,155,10,2,12,167
05/22/2023,LIT,AR,ASW,ES,Combined TRACON& Tower with Radar,68,38,67,7,180,0,0,55,4,59,68,38,122,11,239,32,22,54,293
05/23/2023,LIT,AR,ASW,ES,Combined TRACON& Tower with Radar,62,31,61,7,161,0,0,50,2,52,62,31,111,9,213,26,4,30,243
05/24/2023,LIT,AR,ASW,ES,Combined TRACON& Tower with Radar,68,37,55,6,166,0,1,48,2,51,68,38,103,8,217,24,12,36,253
05/25/2023,LIT,AR,ASW,ES,Combined TRACON& Tower with Radar,72,34,65,7,178,0,4,40,6,50,72,38,105,13,228,8,0,8,236
05/26/2023,LIT,AR,ASW,ES,Combined TRACON& Tower with Radar,74,35,51,0,160,0,2,40,0,42,74,37,91,0,202,21,0,21,223
05/27/2023,LIT,AR,ASW,ES,Combined TRACON& Tower with Radar,53,28,31,1,113,0,3,59,0,62,53,31,90,1,175,10,0,10,185
05/28/2023,LIT,AR,ASW,ES,Combined TRACON& Tower with Radar,57,28,16,1,102,0,8,35,0,43,57,36,51,1,145,16,0,16,161
05/29/2023,LIT,AR,ASW,ES,Combined TRACON& Tower with Radar,69,30,23,1,123,0,4,28,0,32,69,34,51,1,155,6,0,6,161
05/30/2023,LIT,AR,ASW,ES,Combined TRACON& Tower with Radar,62,28,63,19,172,0,5,54,2,61,62,33,117,21,233,10,22,32,265
05/31/2023,LIT,AR,ASW,ES,Combined TRACON& Tower with Radar,75,29,55,17,176,0,1,34,2,37,75,30,89,19,213,16,2,18,231
06/01/2023,LIT,AR,ASW,ES,Combined TRACON& Tower with Radar,70,40,71,10,191,0,5,35,6,46,70,45,106,16,237,10,8,18,255
06/02/2023,LIT,AR,ASW,ES,Combined TRACON& Tower with Radar,68,33,56,54,211,0,1,43,2,46,68,34,99,56,257,18,26,44,301
06/03/2023,LIT,AR,ASW,ES,Combined TRACON& Tower with Radar,51,35,26,26,138,0,2,29,3,34,51,37,55,29,172,2,4,6,178
06/04/2023,LIT,AR,ASW,ES,Combined TRACON& Tower with Radar,65,40,54,1,160,0,3,26,0,29,65,43,80,1,189,0,0,0,189
06/05/2023,LIT,AR,ASW,ES,Combined TRACON& Tower with Radar,68,36,40,18,162,0,2,29,4,35,68,38,69,22,197,24,6,30,227
06/06/2023,LIT,AR,ASW,ES,Combined TRACON& Tower with Radar,62,31,57,20,170,0,2,38,6,46,62,33,95,26,216,22,22,44,260
06/07/2023,LIT,AR,ASW,ES,Combined TRACON& Tower with Radar,73,47,65,16,201,0,2,42,3,47,73,49,107,19,248,41,18,59,307
06/08/2023,LIT,AR,ASW,ES,Combined TRACON& Tower with Radar,71,39,65,30,205,0,3,33,0,36,71,42,98,30,241,29,0,29,270
06/09/2023,LIT,AR,ASW,ES,Combined TRACON& Tower with Radar,73,38,60,12,183,0,2,7,0,9,73,40,67,12,192,0,0,0,192
06/10/2023,LIT,AR,ASW,ES,Combined TRACON& Tower with Radar,48,32,23,0,103,0,1,15,0,16,48,33,38,0,119,26,0,26,145
06/11/2023,LIT,AR,ASW,ES,Combined TRACON& Tower with Radar,75,31,45,0,151,0,0,8,2,10,75,31,53,2,161,0,0,0,161
06/12/2023,LIT,AR,ASW,ES,Combined TRACON& Tower with Radar,70,35,74,16,195,0,1,28,2,31,70,36,102,18,226,6,16,22,248
06/13/2023,LIT,AR,ASW,ES,Combined TRACON& Tower with Radar,61,34,59,14,168,0,3,24,4,31,61,37,83,18,199,6,8,14,213
06/14/2023,LIT,AR,ASW,ES,Combined TRACON& Tower with Radar,69,38,68,20,195,0,0,13,6,19,69,38,81,26,214,34,18,52,266
06/15/2023,LIT,AR,ASW,ES,Combined TRACON& Tower with Radar,71,44,75,43,233,0,8,20,10,38,71,52,95,53,271,28,48,76,347
06/16/2023,LIT,AR,ASW,ES,Combined TRACON& Tower with Radar,75,34,67,10,186,0,2,15,0,17,75,36,82,10,203,28,12,40,243
06/17/2023,LIT,AR,ASW,ES,Combined TRACON& Tower with Radar,52,40,41,4,137,0,1,37,0,38,52,41,78,4,175,10,0,10,185
06/18/2023,LIT,AR,ASW,ES,Combined TRACON& Tower with Radar,65,28,31,0,124,0,4,14,0,18,65,32,45,0,142,0,0,0,142
06/19/2023,LIT,AR,ASW,ES,Combined TRACON& Tower with Radar,71,29,38,2,140,0,4,41,0,45,71,33,79,2,185,4,0,4,189
06/20/2023,LIT,AR,ASW,ES,Combined TRACON& Tower with Radar,62,33,42,44,181,0,1,52,10,63,62,34,94,54,244,18,32,50,294
06/21/2023,LIT,AR,ASW,ES,Combined TRACON& Tower with Radar,72,28,71,33,204,0,6,57,11,74,72,34,128,44,278,10,42,52,330
06/22/2023,LIT,AR,ASW,ES,Combined TRACON& Tower with Radar,73,35,64,53,225,0,2,32,11,45,73,37,96,64,270,6,30,36,306
06/23/2023,LIT,AR,ASW,ES,Combined TRACON& Tower with Radar,73,34,50,13,170,0,3,21,8,32,73,37,71,21,202,2,14,16,218
06/24/2023,LIT,AR,ASW,ES,Combined TRACON& Tower with Radar,53,33,33,0,119,0,2,33,2,37,53,35,66,2,156,12,0,12,168
06/25/2023,LIT,AR,ASW,ES,Combined TRACON& Tower with Radar,60,29,45,10,144,0,5,9,0,14,60,34,54,10,158,0,0,0,158
06/26/2023,LIT,AR,ASW,ES,Combined TRACON& Tower with Radar,73,30,56,28,187,0,6,42,19,67,73,36,98,47,254,28,16,44,298
06/27/2023,LIT,AR,ASW,ES,Combined TRACON& Tower with Radar,59,39,48,15,161,0,2,28,1,31,59,41,76,16,192,8,2,10,202
06/28/2023,LIT,AR,ASW,ES,Combined TRACON& Tower with Radar,68,34,67,11,180,0,4,42,8,54,68,38,109,19,234,16,14,30,264
06/29/2023,LIT,AR,ASW,ES,Combined TRACON& Tower with Radar,74,32,51,10,167,0,7,53,3,63,74,39,104,13,230,24,4,28,258
06/30/2023,LIT,AR,ASW,ES,Combined TRACON& Tower with Radar,70,36,77,5,188,0,4,32,3,39,70,40,109,8,227,2,12,14,241
07/01/2023,LIT,AR,ASW,ES,Combined TRACON& Tower with Radar,57,29,34,0,120,0,2,16,0,18,57,31,50,0,138,12,0,12,150
07/02/2023,LIT,AR,ASW,ES,Combined TRACON& Tower with Radar,68,19,18,0,105,0,1,15,0,16,68,20,33,0,121,4,0,4,125
07/03/2023,LIT,AR,ASW,ES,Combined TRACON& Tower with Radar,61,19,24,0,104,0,3,21,0,24,61,22,45,0,128,4,0,4,132
07/04/2023,LIT,AR,ASW,ES,Combined TRACON& Tower with Radar,54,18,15,1,88,0,0,15,0,15,54,18,30,1,103,0,0,0,103
07/05/2023,LIT,AR,ASW,ES,Combined TRACON& Tower with Radar,70,26,54,12,162,0,5,12,0,17,70,31,66,12,179,0,2,2,181
07/06/2023,LIT,AR,ASW,ES,Combined TRACON& Tower with Radar,68,27,71,11,177,0,4,23,1,28,68,31,94,12,205,28,0,28,233
07/07/2023,LIT,AR,ASW,ES,Combined TRACON& Tower with Radar,75,28,67,5,175,0,4,16,1,21,75,32,83,6,196,6,14,20,216
07/08/2023,LIT,AR,ASW,ES,Combined TRACON& Tower with Radar,57,27,30,0,114,0,3,21,0,24,57,30,51,0,138,12,0,12,150
07/09/2023,LIT,AR,ASW,ES,Combined TRACON& Tower with Radar,65,28,31,0,124,0,1,5,0,6,65,29,36,0,130,0,0,0,130
07/10/2023,LIT,AR,ASW,ES,Combined TRACON& Tower with Radar,70,23,60,24,177,0,3,24,10,37,70,26,84,34,214,32,38,70,284
07/11/2023,LIT,AR,ASW,ES,Combined TRACON& Tower with Radar,61,35,59,13,168,0,1,23,1,25,61,36,82,14,193,10,6,16,209
07/12/2023,LIT,AR,ASW,ES,Combined TRACON& Tower with Radar,76,33,88,15,212,0,0,29,2,31,76,33,117,17,243,32,8,40,283
07/13/2023,LIT,AR,ASW,ES,Combined TRACON& Tower with Radar,72,34,49,4,159,0,2,48,3,53,72,36,97,7,212,26,6,32,244
07/14/2023,LIT,AR,ASW,ES,Combined TRACON& Tower with Radar,75,32,38,37,182,1,6,21,1,29,76,38,59,38,211,26,14,40,251
07/15/2023,LIT,AR,ASW,ES,Combined TRACON& Tower with Radar,56,37,35,41,169,0,9,30,1,40,56,46,65,42,209,34,14,48,257
07/16/2023,LIT,AR,ASW,ES,Combined TRACON& Tower with Radar,66,29,32,13,140,0,6,33,0,39,66,35,65,13,179,32,2,34,213
07/17/2023,LIT,AR,ASW,ES,Combined TRACON& Tower with Radar,72,37,60,31,200,0,5,35,7,47,72,42,95,38,247,20,20,40,287
07/18/2023,LIT,AR,ASW,ES,Combined TRACON& Tower with Radar,66,40,55,23,184,0,1,58,3,62,66,41,113,26,246,24,4,28,274
07/19/2023,LIT,AR,ASW,ES,Combined TRACON& Tower with Radar,72,40,49,32,193,0,2,46,6,54,72,42,95,38,247,16,20,36,283
07/20/2023,LIT,AR,ASW,ES,Combined TRACON& Tower with Radar,70,33,63,24,190,0,2,32,0,34,70,35,95,24,224,8,0,8,232
07/21/2023,LIT,AR,ASW,ES,Combined TRACON& Tower with Radar,79,32,41,3,155,0,4,13,0,17,79,36,54,3,172,4,0,4,176
07/22/2023,LIT,AR,ASW,ES,Combined TRACON& Tower with Radar,57,41,36,6,140,0,6,33,2,41,57,47,69,8,181,20,4,24,205
07/23/2023,LIT,AR,ASW,ES,Combined TRACON& Tower with Radar,64,35,31,1,131,0,3,29,1,33,64,38,60,2,164,0,0,0,164
07/24/2023,LIT,AR,ASW,ES,Combined TRACON& Tower with Radar,77,31,53,16,177,0,3,39,2,44,77,34,92,18,221,21,20,41,262
07/25/2023,LIT,AR,ASW,ES,Combined TRACON& Tower with Radar,64,32,45,27,168,0,1,46,2,49,64,33,91,29,217,33,2,35,252
07/26/2023,LIT,AR,ASW,ES,Combined TRACON& Tower with Radar,73,38,55,8,174,0,5,31,5,41,73,43,86,13,215,18,0,18,233
07/27/2023,LIT,AR,ASW,ES,Combined TRACON& Tower with Radar,73,43,66,21,203,0,4,48,6,58,73,47,114,27,261,86,18,104,365
07/28/2023,LIT,AR,ASW,ES,Combined TRACON& Tower with Radar,71,30,49,9,159,0,0,39,1,40,71,30,88,10,199,50,0,50,249
07/29/2023,LIT,AR,ASW,ES,Combined TRACON& Tower with Radar,56,38,35,0,129,0,3,37,0,40,56,41,72,0,169,8,0,8,177
07/30/2023,LIT,AR,ASW,ES,Combined TRACON& Tower with Radar,72,29,26,24,151,0,5,18,0,23,72,34,44,24,174,6,0,6,180
07/31/2023,LIT,AR,ASW,ES,Combined TRACON& Tower with Radar,74,33,57,17,181,0,6,28,3,37,74,39,85,20,218,90,16,106,324
08/01/2023,LIT,AR,ASW,ES,Combined TRACON& Tower with Radar,67,31,57,10,165,0,3,36,2,41,67,34,93,12,206,42,16,58,264
08/02/2023,LIT,AR,ASW,ES,Combined TRACON& Tower with Radar,77,23,54,14,168,0,3,43,0,46,77,26,97,14,214,18,8,26,240
08/03/2023,LIT,AR,ASW,ES,Combined TRACON& Tower with Radar,74,31,48,17,170,0,7,40,3,50,74,38,88,20,220,3,18,21,241
08/04/2023,LIT,AR,ASW,ES,Combined TRACON& Tower with Radar,80,25,56,2,163,0,4,22,0,26,80,29,78,2,189,16,0,16,205
08/05/2023,LIT,AR,ASW,ES,Combined TRACON& Tower with Radar,58,26,34,5,123,0,4,25,1,30,58,30,59,6,153,12,2,14,167
08/06/2023,LIT,AR,ASW,ES,Combined TRACON& Tower with Radar,69,23,30,1,123,0,1,24,0,25,69,24,54,1,148,22,0,22,170
08/07/2023,LIT,AR,ASW,ES,Combined TRACON& Tower with Radar,74,28,29,7,138,0,1,23,1,25,74,29,52,8,163,14,14,28,191
08/08/2023,LIT,AR,ASW,ES,Combined TRACON& Tower with Radar,66,29,51,19,165,0,1,17,1,19,66,30,68,20,184,30,10,40,224
08/09/2023,LIT,AR,ASW,ES,Combined TRACON& Tower with Radar,77,34,57,17,185,0,3,19,1,23,77,37,76,18,208,28,30,58,266
08/10/2023,LIT,AR,ASW,ES,Combined TRACON& Tower with Radar,80,37,52,9,178,0,0,18,1,19,80,37,70,10,197,2,1,3,200
08/11/2023,LIT,AR,ASW,ES,Combined TRACON& Tower with Radar,80,27,35,60,202,0,3,35,0,38,80,30,70,60,240,6,16,22,262
08/12/2023,LIT,AR,ASW,ES,Combined TRACON& Tower with Radar,57,24,28,8,117,0,3,29,9,41,57,27,57,17,158,30,0,30,188
08/13/2023,LIT,AR,ASW,ES,Combined TRACON& Tower with Radar,74,34,36,3,147,0,6,22,2,30,74,40,58,5,177,4,0,4,181
08/14/2023,LIT,AR,ASW,ES,Combined TRACON& Tower with Radar,75,26,46,28,175,0,3,35,2,40,75,29,81,30,215,2,16,18,233
08/15/2023,LIT,AR,ASW,ES,Combined TRACON& Tower with Radar,70,34,64,12,180,0,4,42,1,47,70,38,106,13,227,20,22,42,269
08/16/2023,LIT,AR,ASW,ES,Combined TRACON& Tower with Radar,74,32,61,11,178,0,4,38,1,43,74,36,99,12,221,44,4,48,269
08/17/2023,LIT,AR,ASW,ES,Combined TRACON& Tower with Radar,74,38,56,10,178,0,2,51,1,54,74,40,107,11,232,28,0,28,260
08/18/2023,LIT,AR,ASW,ES,Combined TRACON& Tower with Radar,77,31,59,47,214,0,1,40,1,42,77,32,99,48,256,2,16,18,274
08/19/2023,LIT,AR,ASW,ES,Combined TRACON& Tower with Radar,62,27,22,1,112,0,5,29,1,35,62,32,51,2,147,20,0,20,167
08/20/2023,LIT,AR,ASW,ES,Combined TRACON& Tower with Radar,74,23,37,1,135,0,4,14,1,19,74,27,51,2,154,18,0,18,172
08/21/2023,LIT,AR,ASW,ES,Combined TRACON& Tower with Radar,74,26,56,58,214,0,0,20,6,26,74,26,76,64,240,24,34,58,298
08/22/2023,LIT,AR,ASW,ES,Combined TRACON& Tower with Radar,72,36,56,21,185,0,3,48,4,55,72,39,104,25,240,24,20,44,284
08/23/2023,LIT,AR,ASW,ES,Combined TRACON& Tower with Radar,72,30,63,10,175,0,0,33,4,37,72,30,96,14,212,12,40,52,264
08/24/2023,LIT,AR,ASW,ES,Combined TRACON& Tower with Radar,71,28,40,23,162,0,1,19,6,26,71,29,59,29,188,28,14,42,230
08/25/2023,LIT,AR,ASW,ES,Combined TRACON& Tower with Radar,73,26,47,6,152,0,2,45,0,47,73,28,92,6,199,36,0,36,235
08/26/2023,LIT,AR,ASW,ES,Combined TRACON& Tower with Radar,60,24,31,1,116,0,4,33,0,37,60,28,64,1,153,2,0,2,155
08/27/2023,LIT,AR,ASW,ES,Combined TRACON& Tower with Radar,74,24,42,9,149,0,3,12,1,16,74,27,54,10,165,0,4,4,169
08/28/2023,LIT,AR,ASW,ES,Combined TRACON& Tower with Radar,75,33,50,70,228,0,1,34,5,40,75,34,84,75,268,10,12,22,290
08/29/2023,LIT,AR,ASW,ES,Combined TRACON& Tower with Radar,70,30,53,34,187,0,4,46,8,58,70,34,99,42,245,8,14,22,267
08/30/2023,LIT,AR,ASW,ES,Combined TRACON& Tower with Radar,72,38,70,4,184,0,4,32,2,38,72,42,102,6,222,10,0,10,232
08/31/2023,LIT,AR,ASW,ES,Combined TRACON& Tower with Radar,73,45,81,7,206,0,2,51,5,58,73,47,132,12,264,8,4,12,276
