01/01/2000,LMT,OR,ANM,WE,Federal Contract Tower,0,2,1,0,3,0,1,1,0,2,0,3,2,0,5,0,0,0,5
01/02/2000,LMT,OR,ANM,WE,Federal Contract Tower,0,6,5,0,11,0,3,1,0,4,0,9,6,0,15,0,0,0,15
01/03/2000,LMT,OR,ANM,WE,Federal Contract Tower,0,16,11,10,37,0,1,7,7,15,0,17,18,17,52,5,11,16,68
01/04/2000,LMT,OR,ANM,WE,Federal Contract Tower,0,15,12,12,39,0,0,0,9,9,0,15,12,21,48,4,18,22,70
01/05/2000,LMT,OR,ANM,WE,Federal Contract Tower,0,14,9,9,32,0,0,18,6,24,0,14,27,15,56,26,20,46,102
01/06/2000,LMT,OR,ANM,WE,Federal Contract Tower,0,19,13,14,46,0,0,14,13,27,0,19,27,27,73,8,25,33,106
01/07/2000,LMT,OR,ANM,WE,Federal Contract Tower,0,13,8,7,28,0,3,10,10,23,0,16,18,17,51,22,1,23,74
01/08/2000,LMT,OR,ANM,WE,Federal Contract Tower,0,8,7,8,23,0,0,0,22,22,0,8,7,30,45,2,32,34,79
01/09/2000,LMT,OR,ANM,WE,Federal Contract Tower,0,5,3,0,8,0,2,3,0,5,0,7,6,0,13,8,0,8,21
01/10/2000,LMT,OR,ANM,WE,Federal Contract Tower,0,11,7,2,20,0,5,1,0,6,0,16,8,2,26,0,0,0,26
01/11/2000,LMT,OR,ANM,WE,Federal Contract Tower,0,15,6,9,30,0,5,0,0,5,0,20,6,9,35,0,0,0,35
01/12/2000,LMT,OR,ANM,WE,Federal Contract Tower,0,18,13,13,44,0,0,11,3,14,0,18,24,16,58,4,28,32,90
01/13/2000,LMT,OR,ANM,WE,Federal Contract Tower,0,17,11,10,38,0,0,4,6,10,0,17,15,16,48,0,8,8,56
01/14/2000,LMT,OR,ANM,WE,Federal Contract Tower,0,24,13,13,50,0,0,2,7,9,0,24,15,20,59,0,0,0,59
01/15/2000,LMT,OR,ANM,WE,Federal Contract Tower,0,5,2,0,7,0,3,0,0,3,0,8,2,0,10,14,0,14,24
01/16/2000,LMT,OR,ANM,WE,Federal Contract Tower,0,7,3,0,10,0,2,3,0,5,0,9,6,0,15,24,0,24,39
01/17/2000,LMT,OR,ANM,WE,Federal Contract Tower,0,12,5,0,17,0,5,17,0,22,0,17,22,0,39,14,0,14,53
01/18/2000,LMT,OR,ANM,WE,Federal Contract Tower,0,13,6,5,24,0,4,8,0,12,0,17,14,5,36,20,0,20,56
01/19/2000,LMT,OR,ANM,WE,Federal Contract Tower,0,19,8,11,38,0,1,0,0,1,0,20,8,11,39,0,11,11,50
01/20/2000,LMT,OR,ANM,WE,Federal Contract Tower,0,18,9,10,37,0,1,7,5,13,0,19,16,15,50,6,14,20,70
01/21/2000,LMT,OR,ANM,WE,Federal Contract Tower,0,23,11,12,46,0,1,20,7,28,0,24,31,19,74,8,0,8,82
01/22/2000,LMT,OR,ANM,WE,Federal Contract Tower,0,6,2,0,8,0,4,41,0,45,0,10,43,0,53,36,0,36,89
01/23/2000,LMT,OR,ANM,WE,Federal Contract Tower,0,6,3,0,9,0,1,20,0,21,0,7,23,0,30,44,0,44,74
01/24/2000,LMT,OR,ANM,WE,Federal Contract Tower,0,10,1,0,11,0,9,0,0,9,0,19,1,0,20,0,0,0,20
01/25/2000,LMT,OR,ANM,WE,Federal Contract Tower,0,21,7,12,40,0,3,0,4,7,0,24,7,16,47,2,2,4,51
01/26/2000,LMT,OR,ANM,WE,Federal Contract Tower,0,15,7,9,31,0,0,19,2,21,0,15,26,11,52,44,46,90,142
01/27/2000,LMT,OR,ANM,WE,Federal Contract Tower,0,19,9,10,38,0,1,20,2,23,0,20,29,12,61,56,22,78,139
01/28/2000,LMT,OR,ANM,WE,Federal Contract Tower,0,23,11,12,46,0,1,31,0,32,0,24,42,12,78,58,24,82,160
01/29/2000,LMT,OR,ANM,WE,Federal Contract Tower,0,5,2,0,7,0,6,71,0,77,0,11,73,0,84,58,0,58,142
01/30/2000,LMT,OR,ANM,WE,Federal Contract Tower,0,4,2,0,6,0,1,2,0,3,0,5,4,0,9,0,0,0,9
01/31/2000,LMT,OR,ANM,WE,Federal Contract Tower,0,13,9,10,32,0,0,1,6,7,0,13,10,16,39,0,7,7,46
02/01/2000,LMT,OR,ANM,WE,Federal Contract Tower,0,16,8,10,34,0,2,0,7,9,0,18,8,17,43,8,15,23,66
02/02/2000,LMT,OR,ANM,WE,Federal Contract Tower,0,14,9,9,32,0,5,17,4,26,0,19,26,13,58,20,32,52,110
02/03/2000,LMT,OR,ANM,WE,Federal Contract Tower,0,20,12,11,43,0,1,16,0,17,0,21,28,11,60,28,24,52,112
02/04/2000,LMT,OR,ANM,WE,Federal Contract Tower,0,16,10,11,37,0,5,20,5,30,0,21,30,16,67,36,26,62,129
02/05/2000,LMT,OR,ANM,WE,Federal Contract Tower,0,7,7,8,22,0,0,6,8,14,0,7,13,16,36,0,22,22,58
02/06/2000,LMT,OR,ANM,WE,Federal Contract Tower,0,6,6,5,17,0,0,31,0,31,0,6,37,5,48,47,15,62,110
02/07/2000,LMT,OR,ANM,WE,Federal Contract Tower,0,8,5,0,13,0,10,6,0,16,0,18,11,0,29,21,0,21,50
02/08/2000,LMT,OR,ANM,WE,Federal Contract Tower,0,18,11,12,41,0,3,3,20,26,0,21,14,32,67,14,18,32,99
02/09/2000,LMT,OR,ANM,WE,Federal Contract Tower,0,19,11,13,43,0,7,10,0,17,0,26,21,13,60,18,24,42,102
02/10/2000,LMT,OR,ANM,WE,Federal Contract Tower,0,17,10,11,38,0,2,6,2,10,0,19,16,13,48,14,20,34,82
02/11/2000,LMT,OR,ANM,WE,Federal Contract Tower,0,18,11,12,41,0,2,0,0,2,0,20,11,12,43,2,0,2,45
02/12/2000,LMT,OR,ANM,WE,Federal Contract Tower,0,5,4,0,9,0,2,17,0,19,0,7,21,0,28,36,0,36,64
02/13/2000,LMT,OR,ANM,WE,Federal Contract Tower,0,6,4,4,14,0,0,4,0,4,0,6,8,4,18,8,0,8,26
02/14/2000,LMT,OR,ANM,WE,Federal Contract Tower,0,14,4,9,27,0,3,0,1,4,0,17,4,10,31,0,2,2,33
02/15/2000,LMT,OR,ANM,WE,Federal Contract Tower,0,12,8,8,28,0,0,6,14,20,0,12,14,22,48,19,8,27,75
02/16/2000,LMT,OR,ANM,WE,Federal Contract Tower,0,16,10,6,32,0,3,4,0,7,0,19,14,6,39,15,6,21,60
02/17/2000,LMT,OR,ANM,WE,Federal Contract Tower,0,13,7,9,29,0,5,30,2,37,0,18,37,11,66,66,26,92,158
02/18/2000,LMT,OR,ANM,WE,Federal Contract Tower,0,15,7,0,22,0,6,61,0,67,0,21,68,0,89,16,0,16,105
02/19/2000,LMT,OR,ANM,WE,Federal Contract Tower,0,6,3,2,11,0,2,78,0,80,0,8,81,2,91,6,0,6,97
02/20/2000,LMT,OR,ANM,WE,Federal Contract Tower,0,4,2,0,6,0,1,4,0,5,0,5,6,0,11,0,0,0,11
02/21/2000,LMT,OR,ANM,WE,Federal Contract Tower,0,9,4,0,13,0,9,3,0,12,0,18,7,0,25,0,0,0,25
02/22/2000,LMT,OR,ANM,WE,Federal Contract Tower,0,19,9,12,40,0,0,0,10,10,0,19,9,22,50,2,26,28,78
02/23/2000,LMT,OR,ANM,WE,Federal Contract Tower,0,14,7,9,30,0,0,10,5,15,0,14,17,14,45,5,18,23,68
02/24/2000,LMT,OR,ANM,WE,Federal Contract Tower,0,12,12,14,38,0,0,15,16,31,0,12,27,30,69,34,6,40,109
02/25/2000,LMT,OR,ANM,WE,Federal Contract Tower,0,15,13,15,43,0,0,18,4,22,0,15,31,19,65,10,28,38,103
02/26/2000,LMT,OR,ANM,WE,Federal Contract Tower,0,5,2,0,7,0,2,2,0,4,0,7,4,0,11,0,0,0,11
02/27/2000,LMT,OR,ANM,WE,Federal Contract Tower,0,7,3,4,14,0,1,10,0,11,0,8,13,4,25,27,0,27,52
02/28/2000,LMT,OR,ANM,WE,Federal Contract Tower,0,19,10,12,41,0,0,36,5,41,0,19,46,17,82,26,0,26,108
02/29/2000,LMT,OR,ANM,WE,Federal Contract Tower,0,18,9,10,37,0,3,5,0,8,0,21,14,10,45,6,14,20,65
03/01/2000,LMT,OR,ANM,WE,Federal Contract Tower,0,18,9,5,32,0,4,33,0,37,0,22,42,5,69,47,6,53,122
03/02/2000,LMT,OR,ANM,WE,Federal Contract Tower,0,25,13,8,46,0,0,10,0,10,0,25,23,8,56,0,0,0,56
03/03/2000,LMT,OR,ANM,WE,Federal Contract Tower,0,13,7,4,24,0,10,90,0,100,0,23,97,4,124,40,0,40,164
03/04/2000,LMT,OR,ANM,WE,Federal Contract Tower,0,8,5,4,17,0,1,24,0,25,0,9,29,4,42,42,0,42,84
03/05/2000,LMT,OR,ANM,WE,Federal Contract Tower,0,6,5,9,20,0,0,0,7,7,0,6,5,16,27,0,2,2,29
03/06/2000,LMT,OR,ANM,WE,Federal Contract Tower,0,7,4,4,15,0,6,8,0,14,0,13,12,4,29,8,0,8,37
03/07/2000,LMT,OR,ANM,WE,Federal Contract Tower,0,22,11,11,44,0,0,23,0,23,0,22,34,11,67,12,13,25,92
03/08/2000,LMT,OR,ANM,WE,Federal Contract Tower,0,21,11,15,47,0,0,3,7,10,0,21,14,22,57,18,22,40,97
03/09/2000,LMT,OR,ANM,WE,Federal Contract Tower,0,18,9,14,41,0,0,1,2,3,0,18,10,16,44,0,0,0,44
03/10/2000,LMT,OR,ANM,WE,Federal Contract Tower,0,20,11,16,47,0,0,8,4,12,0,20,19,20,59,0,22,22,81
03/11/2000,LMT,OR,ANM,WE,Federal Contract Tower,0,6,4,0,10,0,2,91,0,93,0,8,95,0,103,48,0,48,151
03/12/2000,LMT,OR,ANM,WE,Federal Contract Tower,0,6,4,4,14,0,0,154,0,154,0,6,158,4,168,104,0,104,272
03/13/2000,LMT,OR,ANM,WE,Federal Contract Tower,0,15,7,12,34,0,1,25,1,27,0,16,32,13,61,4,10,14,75
03/14/2000,LMT,OR,ANM,WE,Federal Contract Tower,0,15,7,10,32,0,5,28,8,41,0,20,35,18,73,6,30,36,109
03/15/2000,LMT,OR,ANM,WE,Federal Contract Tower,0,16,8,11,35,0,0,42,11,53,0,16,50,22,88,53,21,74,162
03/16/2000,LMT,OR,ANM,WE,Federal Contract Tower,0,14,6,10,30,0,2,2,1,5,0,16,8,11,35,2,22,24,59
03/17/2000,LMT,OR,ANM,WE,Federal Contract Tower,0,18,10,14,42,0,0,25,13,38,0,18,35,27,80,12,22,34,114
03/18/2000,LMT,OR,ANM,WE,Federal Contract Tower,0,6,2,2,10,0,4,22,0,26,0,10,24,2,36,12,0,12,48
03/19/2000,LMT,OR,ANM,WE,Federal Contract Tower,0,7,3,2,12,0,0,16,0,16,0,7,19,2,28,0,0,0,28
03/20/2000,LMT,OR,ANM,WE,Federal Contract Tower,0,11,5,6,22,0,9,8,0,17,0,20,13,6,39,12,0,12,51
03/21/2000,LMT,OR,ANM,WE,Federal Contract Tower,0,15,7,10,32,0,6,19,5,30,0,21,26,15,62,6,23,29,91
03/22/2000,LMT,OR,ANM,WE,Federal Contract Tower,0,20,10,15,45,0,0,27,8,35,0,20,37,23,80,12,12,24,104
03/23/2000,LMT,OR,ANM,WE,Federal Contract Tower,0,16,7,11,34,0,10,48,1,59,0,26,55,12,93,36,20,56,149
03/24/2000,LMT,OR,ANM,WE,Federal Contract Tower,0,12,6,9,27,0,0,53,7,60,0,12,59,16,87,20,2,22,109
03/25/2000,LMT,OR,ANM,WE,Federal Contract Tower,0,7,3,3,13,0,2,48,0,50,0,9,51,3,63,16,0,16,79
03/26/2000,LMT,OR,ANM,WE,Federal Contract Tower,0,4,1,0,5,0,2,98,0,100,0,6,99,0,105,44,2,46,151
03/27/2000,LMT,OR,ANM,WE,Federal Contract Tower,0,15,8,11,34,0,0,22,12,34,0,15,30,23,68,0,8,8,76
03/28/2000,LMT,OR,ANM,WE,Federal Contract Tower,0,11,7,10,28,0,0,34,10,44,0,11,41,20,72,31,0,31,103
03/29/2000,LMT,OR,ANM,WE,Federal Contract Tower,0,15,7,10,32,0,5,39,6,50,0,20,46,16,82,27,0,27,109
03/30/2000,LMT,OR,ANM,WE,Federal Contract Tower,0,14,6,9,29,0,1,39,14,54,0,15,45,23,83,28,0,28,111
03/31/2000,LMT,OR,ANM,WE,Federal Contract Tower,0,15,7,10,32,0,1,47,5,53,0,16,54,15,85,28,4,32,117
04/01/2000,LMT,OR,ANM,WE,Federal Contract Tower,0,3,3,0,6,0,6,54,0,60,0,9,57,0,66,11,0,11,77
04/02/2000,LMT,OR,ANM,WE,Federal Contract Tower,0,4,4,0,8,0,3,68,0,71,0,7,72,0,79,20,0,20,99
04/03/2000,LMT,OR,ANM,WE,Federal Contract Tower,0,6,6,1,13,0,11,30,0,41,0,17,36,1,54,39,0,39,93
04/04/2000,LMT,OR,ANM,WE,Federal Contract Tower,0,16,11,16,43,0,2,20,18,40,0,18,31,34,83,3,12,15,98
04/05/2000,LMT,OR,ANM,WE,Federal Contract Tower,0,17,11,17,45,0,2,30,40,72,0,19,41,57,117,14,22,36,153
04/06/2000,LMT,OR,ANM,WE,Federal Contract Tower,0,15,9,15,39,0,1,21,14,36,0,16,30,29,75,25,14,39,114
04/07/2000,LMT,OR,ANM,WE,Federal Contract Tower,0,14,9,14,37,0,5,40,30,75,0,19,49,44,112,8,0,8,120
04/08/2000,LMT,OR,ANM,WE,Federal Contract Tower,0,5,3,2,10,0,4,40,0,44,0,9,43,2,54,4,0,4,58
04/09/2000,LMT,OR,ANM,WE,Federal Contract Tower,0,5,3,0,8,0,2,71,0,73,0,7,74,0,81,42,0,42,123
04/10/2000,LMT,OR,ANM,WE,Federal Contract Tower,0,14,11,18,43,0,0,30,28,58,0,14,41,46,101,20,0,20,121
04/11/2000,LMT,OR,ANM,WE,Federal Contract Tower,0,17,11,17,45,0,5,29,18,52,0,22,40,35,97,44,5,49,146
04/12/2000,LMT,OR,ANM,WE,Federal Contract Tower,0,19,11,18,48,0,2,11,19,32,0,21,22,37,80,8,6,14,94
04/13/2000,LMT,OR,ANM,WE,Federal Contract Tower,0,20,11,18,49,0,3,13,7,23,0,23,24,25,72,0,6,6,78
04/14/2000,LMT,OR,ANM,WE,Federal Contract Tower,0,13,9,15,37,0,0,6,13,19,0,13,15,28,56,24,6,30,86
04/15/2000,LMT,OR,ANM,WE,Federal Contract Tower,0,9,6,12,27,0,0,4,5,9,0,9,10,17,36,0,6,6,42
04/16/2000,LMT,OR,ANM,WE,Federal Contract Tower,0,6,3,6,15,0,1,7,1,9,0,7,10,7,24,14,8,22,46
04/17/2000,LMT,OR,ANM,WE,Federal Contract Tower,0,12,6,0,18,0,12,0,0,12,0,24,6,0,30,0,0,0,30
04/18/2000,LMT,OR,ANM,WE,Federal Contract Tower,0,11,4,8,23,0,6,0,0,6,0,17,4,8,29,0,0,0,29
04/19/2000,LMT,OR,ANM,WE,Federal Contract Tower,0,20,10,18,48,0,3,12,4,19,0,23,22,22,67,6,10,16,83
04/20/2000,LMT,OR,ANM,WE,Federal Contract Tower,0,16,9,15,40,0,4,57,7,68,0,20,66,22,108,26,10,36,144
04/21/2000,LMT,OR,ANM,WE,Federal Contract Tower,0,11,6,10,27,0,4,43,12,59,0,15,49,22,86,46,66,112,198
04/22/2000,LMT,OR,ANM,WE,Federal Contract Tower,0,4,1,0,5,0,4,10,0,14,0,8,11,0,19,36,0,36,55
04/23/2000,LMT,OR,ANM,WE,Federal Contract Tower,0,4,2,0,6,0,2,22,0,24,0,6,24,0,30,28,0,28,58
04/24/2000,LMT,OR,ANM,WE,Federal Contract Tower,0,17,9,15,41,0,6,74,6,86,0,23,83,21,127,34,0,34,161
04/25/2000,LMT,OR,ANM,WE,Federal Contract Tower,0,16,8,15,39,0,3,5,3,11,0,19,13,18,50,0,76,76,126
04/26/2000,LMT,OR,ANM,WE,Federal Contract Tower,0,12,6,11,29,0,5,48,2,55,0,17,54,13,84,62,38,100,184
04/27/2000,LMT,OR,ANM,WE,Federal Contract Tower,0,16,9,14,39,0,1,19,0,20,0,17,28,14,59,4,62,66,125
04/28/2000,LMT,OR,ANM,WE,Federal Contract Tower,0,18,11,20,49,0,0,23,0,23,0,18,34,20,72,36,73,109,181
04/29/2000,LMT,OR,ANM,WE,Federal Contract Tower,0,5,2,0,7,0,4,64,0,68,0,9,66,0,75,78,0,78,153
04/30/2000,LMT,OR,ANM,WE,Federal Contract Tower,0,5,2,4,11,0,2,102,0,104,0,7,104,4,115,98,0,98,213
05/01/2000,LMT,OR,ANM,WE,Federal Contract Tower,0,10,5,0,15,0,9,17,0,26,0,19,22,0,41,17,0,17,58
05/02/2000,LMT,OR,ANM,WE,Federal Contract Tower,0,14,9,10,33,0,0,17,5,22,0,14,26,15,55,38,22,60,115
05/03/2000,LMT,OR,ANM,WE,Federal Contract Tower,0,20,12,14,46,0,0,9,8,17,0,20,21,22,63,12,40,52,115
05/04/2000,LMT,OR,ANM,WE,Federal Contract Tower,0,14,10,11,35,0,0,13,13,26,0,14,23,24,61,37,6,43,104
05/05/2000,LMT,OR,ANM,WE,Federal Contract Tower,0,20,11,14,45,0,0,40,11,51,0,20,51,25,96,16,26,42,138
05/06/2000,LMT,OR,ANM,WE,Federal Contract Tower,0,8,4,5,17,0,1,34,2,37,0,9,38,7,54,8,0,8,62
05/07/2000,LMT,OR,ANM,WE,Federal Contract Tower,0,8,4,2,14,0,1,40,0,41,0,9,44,2,55,22,0,22,77
05/08/2000,LMT,OR,ANM,WE,Federal Contract Tower,0,18,9,12,39,0,0,10,9,19,0,18,19,21,58,17,14,31,89
05/09/2000,LMT,OR,ANM,WE,Federal Contract Tower,0,17,9,12,38,0,0,8,7,15,0,17,17,19,53,8,10,18,71
05/10/2000,LMT,OR,ANM,WE,Federal Contract Tower,0,15,6,10,31,0,1,0,6,7,0,16,6,16,38,7,35,42,80
05/11/2000,LMT,OR,ANM,WE,Federal Contract Tower,0,18,11,14,43,0,0,4,12,16,0,18,15,26,59,0,24,24,83
05/12/2000,LMT,OR,ANM,WE,Federal Contract Tower,0,18,8,10,36,0,2,46,8,56,0,20,54,18,92,54,6,60,152
05/13/2000,LMT,OR,ANM,WE,Federal Contract Tower,0,10,5,6,21,0,0,51,2,53,0,10,56,8,74,26,0,26,100
05/14/2000,LMT,OR,ANM,WE,Federal Contract Tower,0,6,3,3,12,0,1,27,6,34,0,7,30,9,46,12,11,23,69
05/15/2000,LMT,OR,ANM,WE,Federal Contract Tower,0,15,6,2,23,0,6,18,0,24,0,21,24,2,47,0,0,0,47
05/16/2000,LMT,OR,ANM,WE,Federal Contract Tower,0,12,5,5,22,0,8,30,0,38,0,20,35,5,60,0,20,20,80
05/17/2000,LMT,OR,ANM,WE,Federal Contract Tower,0,13,5,2,20,0,10,31,0,41,0,23,36,2,61,18,16,34,95
05/18/2000,LMT,OR,ANM,WE,Federal Contract Tower,0,13,5,6,24,0,2,56,0,58,0,15,61,6,82,34,14,48,130
05/19/2000,LMT,OR,ANM,WE,Federal Contract Tower,0,15,6,9,30,0,2,32,10,44,0,17,38,19,74,26,40,66,140
05/20/2000,LMT,OR,ANM,WE,Federal Contract Tower,0,6,2,3,11,0,2,62,0,64,0,8,64,3,75,42,0,42,117
05/21/2000,LMT,OR,ANM,WE,Federal Contract Tower,0,7,3,0,10,0,0,66,0,66,0,7,69,0,76,79,0,79,155
05/22/2000,LMT,OR,ANM,WE,Federal Contract Tower,0,12,5,7,24,0,5,30,1,36,0,17,35,8,60,8,10,18,78
05/23/2000,LMT,OR,ANM,WE,Federal Contract Tower,0,12,5,7,24,0,6,26,9,41,0,18,31,16,65,17,10,27,92
05/24/2000,LMT,OR,ANM,WE,Federal Contract Tower,0,15,6,8,29,0,5,61,0,66,0,20,67,8,95,42,10,52,147
05/25/2000,LMT,OR,ANM,WE,Federal Contract Tower,0,14,5,6,25,0,7,67,0,74,0,21,72,6,99,20,0,20,119
05/26/2000,LMT,OR,ANM,WE,Federal Contract Tower,0,12,4,7,23,0,9,60,17,86,0,21,64,24,109,14,7,21,130
05/27/2000,LMT,OR,ANM,WE,Federal Contract Tower,0,9,3,2,14,0,0,75,0,75,0,9,78,2,89,46,0,46,135
05/28/2000,LMT,OR,ANM,WE,Federal Contract Tower,0,4,1,0,5,0,1,53,0,54,0,5,54,0,59,53,0,53,112
05/29/2000,LMT,OR,ANM,WE,Federal Contract Tower,0,7,2,4,13,0,2,128,0,130,0,9,130,4,143,20,0,20,163
05/30/2000,LMT,OR,ANM,WE,Federal Contract Tower,0,11,4,0,15,0,8,46,0,54,0,19,50,0,69,20,0,20,89
05/31/2000,LMT,OR,ANM,WE,Federal Contract Tower,0,17,7,10,34,0,2,102,6,110,0,19,109,16,144,68,0,68,212
06/01/2000,LMT,OR,ANM,WE,Federal Contract Tower,0,13,9,11,33,0,0,104,3,107,0,13,113,14,140,24,0,24,164
06/02/2000,LMT,OR,ANM,WE,Federal Contract Tower,0,15,12,14,41,0,4,111,16,131,0,19,123,30,172,23,46,69,241
06/03/2000,LMT,OR,ANM,WE,Federal Contract Tower,0,2,4,0,6,0,6,127,0,133,0,8,131,0,139,46,0,46,185
06/04/2000,LMT,OR,ANM,WE,Federal Contract Tower,0,2,3,1,6,0,4,88,0,92,0,6,91,1,98,21,0,21,119
06/05/2000,LMT,OR,ANM,WE,Federal Contract Tower,0,12,9,12,33,0,4,68,12,84,0,16,77,24,117,48,2,50,167
06/06/2000,LMT,OR,ANM,WE,Federal Contract Tower,0,12,9,12,33,0,4,63,40,107,0,16,72,52,140,29,46,75,215
06/07/2000,LMT,OR,ANM,WE,Federal Contract Tower,0,13,9,13,35,0,3,39,8,50,0,16,48,21,85,20,4,24,109
06/08/2000,LMT,OR,ANM,WE,Federal Contract Tower,0,17,12,18,47,0,0,9,9,18,0,17,21,27,65,17,16,33,98
06/09/2000,LMT,OR,ANM,WE,Federal Contract Tower,0,15,10,15,40,0,4,66,5,75,0,19,76,20,115,54,46,100,215
06/10/2000,LMT,OR,ANM,WE,Federal Contract Tower,0,8,10,15,33,0,0,31,23,54,0,8,41,38,87,36,20,56,143
06/11/2000,LMT,OR,ANM,WE,Federal Contract Tower,0,8,8,13,29,0,0,54,14,68,0,8,62,27,97,49,6,55,152
06/12/2000,LMT,OR,ANM,WE,Federal Contract Tower,0,14,8,2,24,0,8,26,0,34,0,22,34,2,58,17,0,17,75
06/13/2000,LMT,OR,ANM,WE,Federal Contract Tower,0,10,6,9,25,0,3,68,5,76,0,13,74,14,101,36,15,51,152
06/14/2000,LMT,OR,ANM,WE,Federal Contract Tower,0,16,9,15,40,0,6,57,7,70,0,22,66,22,110,40,4,44,154
06/15/2000,LMT,OR,ANM,WE,Federal Contract Tower,0,17,10,14,41,0,9,117,7,133,0,26,127,21,174,72,18,90,264
06/16/2000,LMT,OR,ANM,WE,Federal Contract Tower,0,19,13,19,51,0,0,33,7,40,0,19,46,26,91,8,12,20,111
06/17/2000,LMT,OR,ANM,WE,Federal Contract Tower,0,4,1,0,5,0,3,141,0,144,0,7,142,0,149,24,0,24,173
06/18/2000,LMT,OR,ANM,WE,Federal Contract Tower,0,7,3,0,10,0,2,82,0,84,0,9,85,0,94,24,0,24,118
06/19/2000,LMT,OR,ANM,WE,Federal Contract Tower,0,11,6,9,26,0,9,40,7,56,0,20,46,16,82,30,0,30,112
06/20/2000,LMT,OR,ANM,WE,Federal Contract Tower,0,17,10,14,41,0,4,66,6,76,0,21,76,20,117,28,30,58,175
06/21/2000,LMT,OR,ANM,WE,Federal Contract Tower,0,15,8,12,35,0,3,63,10,76,0,18,71,22,111,46,12,58,169
06/22/2000,LMT,OR,ANM,WE,Federal Contract Tower,0,20,12,17,49,0,8,70,14,92,0,28,82,31,141,12,24,36,177
06/23/2000,LMT,OR,ANM,WE,Federal Contract Tower,0,16,9,13,38,0,3,60,16,79,0,19,69,29,117,12,22,34,151
06/24/2000,LMT,OR,ANM,WE,Federal Contract Tower,0,5,2,1,8,0,4,62,0,66,0,9,64,1,74,26,0,26,100
06/25/2000,LMT,OR,ANM,WE,Federal Contract Tower,0,6,3,0,9,0,1,55,0,56,0,7,58,0,65,72,0,72,137
06/26/2000,LMT,OR,ANM,WE,Federal Contract Tower,0,9,5,2,16,0,12,122,0,134,0,21,127,2,150,0,0,0,150
06/27/2000,LMT,OR,ANM,WE,Federal Contract Tower,0,19,11,15,45,0,0,61,20,81,0,19,72,35,126,30,12,42,168
06/28/2000,LMT,OR,ANM,WE,Federal Contract Tower,0,15,8,12,35,0,5,97,9,111,0,20,105,21,146,44,18,62,208
06/29/2000,LMT,OR,ANM,WE,Federal Contract Tower,0,13,7,10,30,0,14,103,11,128,0,27,110,21,158,32,4,36,194
06/30/2000,LMT,OR,ANM,WE,Federal Contract Tower,0,14,8,12,34,0,15,88,12,115,0,29,96,24,149,24,4,28,177
07/01/2000,LMT,OR,ANM,WE,Federal Contract Tower,0,6,4,0,10,0,2,129,0,131,0,8,133,0,141,82,0,82,223
07/02/2000,LMT,OR,ANM,WE,Federal Contract Tower,0,5,5,4,14,0,3,104,0,107,0,8,109,4,121,48,0,48,169
07/03/2000,LMT,OR,ANM,WE,Federal Contract Tower,0,5,5,0,10,0,15,76,0,91,0,20,81,0,101,24,0,24,125
07/04/2000,LMT,OR,ANM,WE,Federal Contract Tower,0,3,4,4,11,0,3,64,0,67,0,6,68,4,78,28,12,40,118
07/05/2000,LMT,OR,ANM,WE,Federal Contract Tower,0,17,12,14,43,0,0,38,12,50,0,17,50,26,93,16,0,16,109
07/06/2000,LMT,OR,ANM,WE,Federal Contract Tower,0,15,11,12,38,0,6,110,11,127,0,21,121,23,165,50,6,56,221
07/07/2000,LMT,OR,ANM,WE,Federal Contract Tower,0,10,8,9,27,0,10,78,13,101,0,20,86,22,128,32,10,42,170
07/08/2000,LMT,OR,ANM,WE,Federal Contract Tower,0,6,4,2,12,0,4,118,0,122,0,10,122,2,134,24,0,24,158
07/09/2000,LMT,OR,ANM,WE,Federal Contract Tower,0,6,3,0,9,0,1,90,0,91,0,7,93,0,100,12,0,12,112
07/10/2000,LMT,OR,ANM,WE,Federal Contract Tower,0,10,6,0,16,0,14,70,0,84,0,24,76,0,100,44,0,44,144
07/11/2000,LMT,OR,ANM,WE,Federal Contract Tower,0,23,15,18,56,0,0,87,14,101,0,23,102,32,157,20,18,38,195
07/12/2000,LMT,OR,ANM,WE,Federal Contract Tower,0,16,8,12,36,0,6,68,9,83,0,22,76,21,119,6,22,28,147
07/13/2000,LMT,OR,ANM,WE,Federal Contract Tower,0,16,8,11,35,0,9,103,12,124,0,25,111,23,159,37,18,55,214
07/14/2000,LMT,OR,ANM,WE,Federal Contract Tower,0,22,11,17,50,0,28,147,14,189,0,50,158,31,239,20,0,20,259
07/15/2000,LMT,OR,ANM,WE,Federal Contract Tower,0,6,2,2,10,0,2,85,0,87,0,8,87,2,97,38,4,42,139
07/16/2000,LMT,OR,ANM,WE,Federal Contract Tower,0,8,4,7,19,0,0,70,3,73,0,8,74,10,92,18,0,18,110
07/17/2000,LMT,OR,ANM,WE,Federal Contract Tower,0,13,6,10,29,0,12,86,12,110,0,25,92,22,139,46,24,70,209
07/18/2000,LMT,OR,ANM,WE,Federal Contract Tower,0,17,9,12,38,0,0,72,8,80,0,17,81,20,118,44,16,60,178
07/19/2000,LMT,OR,ANM,WE,Federal Contract Tower,0,15,7,11,33,0,3,88,11,102,0,18,95,22,135,52,18,70,205
07/20/2000,LMT,OR,ANM,WE,Federal Contract Tower,0,16,8,12,36,0,6,95,6,107,0,22,103,18,143,26,10,36,179
07/21/2000,LMT,OR,ANM,WE,Federal Contract Tower,0,20,10,14,44,0,4,124,5,133,0,24,134,19,177,60,10,70,247
07/22/2000,LMT,OR,ANM,WE,Federal Contract Tower,0,8,3,2,13,0,4,74,0,78,0,12,77,2,91,50,0,50,141
07/23/2000,LMT,OR,ANM,WE,Federal Contract Tower,0,8,6,8,22,0,0,65,12,77,0,8,71,20,99,56,4,60,159
07/24/2000,LMT,OR,ANM,WE,Federal Contract Tower,0,9,4,2,15,0,12,60,0,72,0,21,64,2,87,10,0,10,97
07/25/2000,LMT,OR,ANM,WE,Federal Contract Tower,0,18,10,14,42,0,0,45,8,53,0,18,55,22,95,6,14,20,115
07/26/2000,LMT,OR,ANM,WE,Federal Contract Tower,0,14,7,9,30,0,3,50,7,60,0,17,57,16,90,6,16,22,112
07/27/2000,LMT,OR,ANM,WE,Federal Contract Tower,0,20,10,14,44,0,5,96,8,109,0,25,106,22,153,10,18,28,181
07/28/2000,LMT,OR,ANM,WE,Federal Contract Tower,0,15,10,14,39,0,0,41,20,61,0,15,51,34,100,50,10,60,160
07/29/2000,LMT,OR,ANM,WE,Federal Contract Tower,0,7,3,5,15,0,2,70,0,72,0,9,73,5,87,8,0,8,95
07/30/2000,LMT,OR,ANM,WE,Federal Contract Tower,0,7,4,7,18,0,0,68,0,68,0,7,72,7,86,18,0,18,104
07/31/2000,LMT,OR,ANM,WE,Federal Contract Tower,0,16,8,12,36,0,3,54,12,69,0,19,62,24,105,10,10,20,125
08/01/2000,LMT,OR,ANM,WE,Federal Contract Tower,0,11,7,14,32,0,3,58,1,62,0,14,65,15,94,22,12,34,128
08/02/2000,LMT,OR,ANM,WE,Federal Contract Tower,0,14,8,16,38,0,1,58,17,76,0,15,66,33,114,0,22,22,136
08/03/2000,LMT,OR,ANM,WE,Federal Contract Tower,0,13,7,15,35,0,10,82,11,103,0,23,89,26,138,10,6,16,154
08/04/2000,LMT,OR,ANM,WE,Federal Contract Tower,0,14,9,19,42,0,0,66,17,83,0,14,75,36,125,26,8,34,159
08/05/2000,LMT,OR,ANM,WE,Federal Contract Tower,0,7,4,6,17,0,2,76,2,80,0,9,80,8,97,36,8,44,141
08/06/2000,LMT,OR,ANM,WE,Federal Contract Tower,0,3,2,0,5,0,5,86,0,91,0,8,88,0,96,26,0,26,122
08/07/2000,LMT,OR,ANM,WE,Federal Contract Tower,0,7,4,4,15,0,12,87,0,99,0,19,91,4,114,30,2,32,146
08/08/2000,LMT,OR,ANM,WE,Federal Contract Tower,0,9,6,11,26,0,13,70,3,86,0,22,76,14,112,10,2,12,124
08/09/2000,LMT,OR,ANM,WE,Federal Contract Tower,0,13,7,15,35,0,6,64,9,79,0,19,71,24,114,10,24,34,148
08/10/2000,LMT,OR,ANM,WE,Federal Contract Tower,0,13,7,15,35,0,6,87,10,103,0,19,94,25,138,32,26,58,196
08/11/2000,LMT,OR,ANM,WE,Federal Contract Tower,0,14,8,16,38,0,2,108,18,128,0,16,116,34,166,32,20,52,218
08/12/2000,LMT,OR,ANM,WE,Federal Contract Tower,0,5,3,2,10,0,4,86,0,90,0,9,89,2,100,18,0,18,118
08/13/2000,LMT,OR,ANM,WE,Federal Contract Tower,0,4,2,1,7,0,3,92,0,95,0,7,94,1,102,23,0,23,125
08/14/2000,LMT,OR,ANM,WE,Federal Contract Tower,0,15,9,19,43,0,0,53,15,68,0,15,62,34,111,14,10,24,135
08/15/2000,LMT,OR,ANM,WE,Federal Contract Tower,0,16,9,18,43,0,4,59,23,86,0,20,68,41,129,30,8,38,167
08/16/2000,LMT,OR,ANM,WE,Federal Contract Tower,0,17,10,20,47,0,3,60,13,76,0,20,70,33,123,72,8,80,203
08/17/2000,LMT,OR,ANM,WE,Federal Contract Tower,0,17,9,18,44,0,0,55,32,87,0,17,64,50,131,30,18,48,179
08/18/2000,LMT,OR,ANM,WE,Federal Contract Tower,0,17,9,19,45,0,4,124,19,147,0,21,133,38,192,54,10,64,256
08/19/2000,LMT,OR,ANM,WE,Federal Contract Tower,0,9,9,20,38,0,0,70,28,98,0,9,79,48,136,16,0,16,152
08/20/2000,LMT,OR,ANM,WE,Federal Contract Tower,0,7,6,15,28,0,0,77,21,98,0,7,83,36,126,10,6,16,142
08/21/2000,LMT,OR,ANM,WE,Federal Contract Tower,0,7,3,2,12,0,13,67,0,80,0,20,70,2,92,6,6,12,104
08/22/2000,LMT,OR,ANM,WE,Federal Contract Tower,0,15,7,18,40,0,9,100,16,125,0,24,107,34,165,26,6,32,197
08/23/2000,LMT,OR,ANM,WE,Federal Contract Tower,0,11,8,20,39,0,0,78,13,91,0,11,86,33,130,56,0,56,186
08/24/2000,LMT,OR,ANM,WE,Federal Contract Tower,0,13,6,16,35,0,3,72,7,82,0,16,78,23,117,101,0,101,218
08/25/2000,LMT,OR,ANM,WE,Federal Contract Tower,0,13,7,16,36,0,15,127,7,149,0,28,134,23,185,44,12,56,241
08/26/2000,LMT,OR,ANM,WE,Federal Contract Tower,0,7,4,4,15,0,3,153,0,156,0,10,157,4,171,8,0,8,179
08/27/2000,LMT,OR,ANM,WE,Federal Contract Tower,0,6,3,4,13,0,1,114,0,115,0,7,117,4,128,58,0,58,186
08/28/2000,LMT,OR,ANM,WE,Federal Contract Tower,0,13,6,16,35,0,4,67,16,87,0,17,73,32,122,18,20,38,160
08/29/2000,LMT,OR,ANM,WE,Federal Contract Tower,0,13,9,22,44,0,0,56,9,65,0,13,65,31,109,19,26,45,154
08/30/2000,LMT,OR,ANM,WE,Federal Contract Tower,0,15,7,17,39,0,6,58,2,66,0,21,65,19,105,24,4,28,133
08/31/2000,LMT,OR,ANM,WE,Federal Contract Tower,0,20,10,18,48,0,4,65,0,69,0,24,75,18,117,30,12,42,159
09/01/2000,LMT,OR,ANM,WE,Federal Contract Tower,0,11,7,2,20,0,7,11,0,18,0,18,18,2,38,4,0,4,42
09/02/2000,LMT,OR,ANM,WE,Federal Contract Tower,0,5,5,0,10,0,8,25,0,33,0,13,30,0,43,4,0,4,47
09/03/2000,LMT,OR,ANM,WE,Federal Contract Tower,0,3,4,4,11,0,4,30,1,35,0,7,34,5,46,16,0,16,62
09/04/2000,LMT,OR,ANM,WE,Federal Contract Tower,0,6,6,0,12,0,1,45,0,46,0,7,51,0,58,0,0,0,58
09/05/2000,LMT,OR,ANM,WE,Federal Contract Tower,0,15,11,15,41,0,0,13,11,24,0,15,24,26,65,0,10,10,75
09/06/2000,LMT,OR,ANM,WE,Federal Contract Tower,0,12,9,11,32,0,9,45,4,58,0,21,54,15,90,30,0,30,120
09/07/2000,LMT,OR,ANM,WE,Federal Contract Tower,0,19,13,18,50,0,0,84,9,93,0,19,97,27,143,14,16,30,173
09/08/2000,LMT,OR,ANM,WE,Federal Contract Tower,0,15,9,11,35,0,6,37,0,43,0,21,46,11,78,0,10,10,88
09/09/2000,LMT,OR,ANM,WE,Federal Contract Tower,0,5,4,1,10,0,8,75,0,83,0,13,79,1,93,36,8,44,137
09/10/2000,LMT,OR,ANM,WE,Federal Contract Tower,0,6,4,5,15,0,0,56,0,56,0,6,60,5,71,14,12,26,97
09/11/2000,LMT,OR,ANM,WE,Federal Contract Tower,0,8,5,8,21,0,9,37,0,46,0,17,42,8,67,26,34,60,127
09/12/2000,LMT,OR,ANM,WE,Federal Contract Tower,0,13,7,11,31,0,4,51,0,55,0,17,58,11,86,14,10,24,110
09/13/2000,LMT,OR,ANM,WE,Federal Contract Tower,0,19,10,16,45,0,3,58,6,67,0,22,68,22,112,20,68,88,200
09/14/2000,LMT,OR,ANM,WE,Federal Contract Tower,0,14,7,10,31,0,2,68,90,160,0,16,75,100,191,10,106,116,307
09/15/2000,LMT,OR,ANM,WE,Federal Contract Tower,0,21,12,18,51,0,0,83,21,104,0,21,95,39,155,38,80,118,273
09/16/2000,LMT,OR,ANM,WE,Federal Contract Tower,0,14,7,10,31,0,0,77,30,107,0,14,84,40,138,8,84,92,230
09/17/2000,LMT,OR,ANM,WE,Federal Contract Tower,0,5,4,5,14,0,0,90,26,116,0,5,94,31,130,14,60,74,204
09/18/2000,LMT,OR,ANM,WE,Federal Contract Tower,0,14,7,10,31,0,1,86,21,108,0,15,93,31,139,12,0,12,151
09/19/2000,LMT,OR,ANM,WE,Federal Contract Tower,0,16,9,14,39,0,0,43,13,56,0,16,52,27,95,4,44,48,143
09/20/2000,LMT,OR,ANM,WE,Federal Contract Tower,0,16,8,12,36,0,5,53,12,70,0,21,61,24,106,22,40,62,168
09/21/2000,LMT,OR,ANM,WE,Federal Contract Tower,0,19,10,16,45,0,3,66,4,73,0,22,76,20,118,28,14,42,160
09/22/2000,LMT,OR,ANM,WE,Federal Contract Tower,0,17,11,16,44,0,0,31,15,46,0,17,42,31,90,14,66,80,170
09/23/2000,LMT,OR,ANM,WE,Federal Contract Tower,0,9,4,0,13,0,1,69,0,70,0,10,73,0,83,54,0,54,137
09/24/2000,LMT,OR,ANM,WE,Federal Contract Tower,0,5,3,0,8,0,0,87,0,87,0,5,90,0,95,44,0,44,139
09/25/2000,LMT,OR,ANM,WE,Federal Contract Tower,0,13,6,10,29,0,3,37,5,45,0,16,43,15,74,0,28,28,102
09/26/2000,LMT,OR,ANM,WE,Federal Contract Tower,0,15,8,12,35,0,3,48,4,55,0,18,56,16,90,10,0,10,100
09/27/2000,LMT,OR,ANM,WE,Federal Contract Tower,0,20,13,20,53,0,0,62,4,66,0,20,75,24,119,2,32,34,153
09/28/2000,LMT,OR,ANM,WE,Federal Contract Tower,0,15,8,5,28,0,10,50,0,60,0,25,58,5,88,0,0,0,88
09/29/2000,LMT,OR,ANM,WE,Federal Contract Tower,0,12,6,2,20,0,6,88,0,94,0,18,94,2,114,62,0,62,176
09/30/2000,LMT,OR,ANM,WE,Federal Contract Tower,0,9,4,8,21,0,1,66,6,73,0,10,70,14,94,34,4,38,132
10/01/2000,LMT,OR,ANM,WE,Federal Contract Tower,0,5,4,2,11,0,1,47,0,48,0,6,51,2,59,8,0,8,67
10/02/2000,LMT,OR,ANM,WE,Federal Contract Tower,0,8,8,1,17,0,18,14,0,32,0,26,22,1,49,2,0,2,51
10/03/2000,LMT,OR,ANM,WE,Federal Contract Tower,0,15,16,18,49,0,0,15,13,28,0,15,31,31,77,12,24,36,113
10/04/2000,LMT,OR,ANM,WE,Federal Contract Tower,0,17,13,16,46,0,7,55,1,63,0,24,68,17,109,24,8,32,141
10/05/2000,LMT,OR,ANM,WE,Federal Contract Tower,0,17,14,16,47,0,4,60,2,66,0,21,74,18,113,64,0,64,177
10/06/2000,LMT,OR,ANM,WE,Federal Contract Tower,0,13,11,12,36,0,8,63,11,82,0,21,74,23,118,24,14,38,156
10/07/2000,LMT,OR,ANM,WE,Federal Contract Tower,0,4,5,2,11,0,5,75,0,80,0,9,80,2,91,18,0,18,109
10/08/2000,LMT,OR,ANM,WE,Federal Contract Tower,0,4,3,0,7,0,3,88,0,91,0,7,91,0,98,40,0,40,138
10/09/2000,LMT,OR,ANM,WE,Federal Contract Tower,0,8,4,0,12,0,7,16,0,23,0,15,20,0,35,6,0,6,41
10/10/2000,LMT,OR,ANM,WE,Federal Contract Tower,0,16,12,16,44,0,0,6,10,16,0,16,18,26,60,14,12,26,86
10/11/2000,LMT,OR,ANM,WE,Federal Contract Tower,0,22,14,19,55,0,0,20,4,24,0,22,34,23,79,0,4,4,83
10/12/2000,LMT,OR,ANM,WE,Federal Contract Tower,0,17,13,18,48,0,0,23,1,24,0,17,36,19,72,0,0,0,72
10/13/2000,LMT,OR,ANM,WE,Federal Contract Tower,0,16,10,14,40,0,5,38,10,53,0,21,48,24,93,46,14,60,153
10/14/2000,LMT,OR,ANM,WE,Federal Contract Tower,0,11,9,12,32,0,0,45,11,56,0,11,54,23,88,0,2,2,90
10/15/2000,LMT,OR,ANM,WE,Federal Contract Tower,0,7,9,12,28,0,0,55,12,67,0,7,64,24,95,28,0,28,123
10/16/2000,LMT,OR,ANM,WE,Federal Contract Tower,0,9,5,2,16,0,11,50,0,61,0,20,55,2,77,2,0,2,79
10/17/2000,LMT,OR,ANM,WE,Federal Contract Tower,0,14,9,12,35,0,2,19,9,30,0,16,28,21,65,40,18,58,123
10/18/2000,LMT,OR,ANM,WE,Federal Contract Tower,0,18,13,15,46,0,0,43,0,43,0,18,56,15,89,8,10,18,107
10/19/2000,LMT,OR,ANM,WE,Federal Contract Tower,0,21,13,18,52,0,2,45,8,55,0,23,58,26,107,16,16,32,139
10/20/2000,LMT,OR,ANM,WE,Federal Contract Tower,0,13,8,10,31,0,6,6,0,12,0,19,14,10,43,0,8,8,51
10/21/2000,LMT,OR,ANM,WE,Federal Contract Tower,0,8,4,0,12,0,3,75,0,78,0,11,79,0,90,48,0,48,138
10/22/2000,LMT,OR,ANM,WE,Federal Contract Tower,0,5,3,0,8,0,1,61,0,62,0,6,64,0,70,30,0,30,100
10/23/2000,LMT,OR,ANM,WE,Federal Contract Tower,0,15,9,13,37,0,2,22,6,30,0,17,31,19,67,16,10,26,93
10/24/2000,LMT,OR,ANM,WE,Federal Contract Tower,0,15,9,13,37,0,3,66,3,72,0,18,75,16,109,24,10,34,143
10/25/2000,LMT,OR,ANM,WE,Federal Contract Tower,0,18,13,18,49,0,0,11,12,23,0,18,24,30,72,16,24,40,112
10/26/2000,LMT,OR,ANM,WE,Federal Contract Tower,0,18,11,16,45,0,3,12,0,15,0,21,23,16,60,0,2,2,62
10/27/2000,LMT,OR,ANM,WE,Federal Contract Tower,0,12,7,11,30,0,2,23,5,30,0,14,30,16,60,24,4,28,88
10/28/2000,LMT,OR,ANM,WE,Federal Contract Tower,0,7,4,0,11,0,2,7,0,9,0,9,11,0,20,0,0,0,20
10/29/2000,LMT,OR,ANM,WE,Federal Contract Tower,0,6,4,2,12,0,0,24,0,24,0,6,28,2,36,6,0,6,42
10/30/2000,LMT,OR,ANM,WE,Federal Contract Tower,0,7,4,1,12,0,13,3,0,16,0,20,7,1,28,0,0,0,28
10/31/2000,LMT,OR,ANM,WE,Federal Contract Tower,0,17,12,18,47,0,0,43,15,58,0,17,55,33,105,26,66,92,197
11/01/2000,LMT,OR,ANM,WE,Federal Contract Tower,0,15,16,20,51,0,0,36,4,40,0,15,52,24,91,14,2,16,107
11/02/2000,LMT,OR,ANM,WE,Federal Contract Tower,0,18,12,16,46,0,2,26,13,41,0,20,38,29,87,56,22,78,165
11/03/2000,LMT,OR,ANM,WE,Federal Contract Tower,0,20,13,17,50,0,0,34,21,55,0,20,47,38,105,28,8,36,141
11/04/2000,LMT,OR,ANM,WE,Federal Contract Tower,0,4,12,16,32,0,0,31,25,56,0,4,43,41,88,10,16,26,114
11/05/2000,LMT,OR,ANM,WE,Federal Contract Tower,0,6,5,7,18,0,0,35,3,38,0,6,40,10,56,20,14,34,90
11/06/2000,LMT,OR,ANM,WE,Federal Contract Tower,0,14,9,12,35,0,5,8,9,22,0,19,17,21,57,2,6,8,65
11/07/2000,LMT,OR,ANM,WE,Federal Contract Tower,0,19,12,17,48,0,2,39,14,55,0,21,51,31,103,26,22,48,151
11/08/2000,LMT,OR,ANM,WE,Federal Contract Tower,0,16,9,14,39,0,3,0,5,8,0,19,9,19,47,0,30,30,77
11/09/2000,LMT,OR,ANM,WE,Federal Contract Tower,0,17,14,18,49,0,0,8,13,21,0,17,22,31,70,10,12,22,92
11/10/2000,LMT,OR,ANM,WE,Federal Contract Tower,0,13,8,0,21,0,12,16,0,28,0,25,24,0,49,44,0,44,93
11/11/2000,LMT,OR,ANM,WE,Federal Contract Tower,0,5,4,4,13,0,3,59,5,67,0,8,63,9,80,16,6,22,102
11/12/2000,LMT,OR,ANM,WE,Federal Contract Tower,0,7,5,0,12,0,2,77,0,79,0,9,82,0,91,24,0,24,115
11/13/2000,LMT,OR,ANM,WE,Federal Contract Tower,0,9,6,0,15,0,7,6,0,13,0,16,12,0,28,0,0,0,28
11/14/2000,LMT,OR,ANM,WE,Federal Contract Tower,0,11,2,8,21,0,8,0,0,8,0,19,2,8,29,0,0,0,29
11/15/2000,LMT,OR,ANM,WE,Federal Contract Tower,0,19,14,19,52,0,0,0,9,9,0,19,14,28,61,0,4,4,65
11/16/2000,LMT,OR,ANM,WE,Federal Contract Tower,0,20,12,16,48,0,0,20,19,39,0,20,32,35,87,0,4,4,91
11/17/2000,LMT,OR,ANM,WE,Federal Contract Tower,0,6,7,3,16,0,0,12,0,12,0,6,19,3,28,0,0,0,28
11/18/2000,LMT,OR,ANM,WE,Federal Contract Tower,0,2,1,0,3,0,0,10,0,10,0,2,11,0,13,10,0,10,23
11/19/2000,LMT,OR,ANM,WE,Federal Contract Tower,0,4,2,0,6,0,1,23,0,24,0,5,25,0,30,40,0,40,70
11/20/2000,LMT,OR,ANM,WE,Federal Contract Tower,0,18,11,16,45,0,0,22,9,31,0,18,33,25,76,22,32,54,130
11/21/2000,LMT,OR,ANM,WE,Federal Contract Tower,0,15,8,11,34,0,2,20,8,30,0,17,28,19,64,32,20,52,116
11/22/2000,LMT,OR,ANM,WE,Federal Contract Tower,0,11,12,16,39,0,0,38,14,52,0,11,50,30,91,22,14,36,127
11/23/2000,LMT,OR,ANM,WE,Federal Contract Tower,0,3,1,0,4,0,2,18,0,20,0,5,19,0,24,16,0,16,40
11/24/2000,LMT,OR,ANM,WE,Federal Contract Tower,0,5,2,0,7,0,8,11,0,19,0,13,13,0,26,4,0,4,30
11/25/2000,LMT,OR,ANM,WE,Federal Contract Tower,0,8,4,0,12,0,2,28,0,30,0,10,32,0,42,38,0,38,80
11/26/2000,LMT,OR,ANM,WE,Federal Contract Tower,0,4,2,0,6,0,1,30,0,31,0,5,32,0,37,32,0,32,69
11/27/2000,LMT,OR,ANM,WE,Federal Contract Tower,0,11,6,2,19,0,6,16,0,22,0,17,22,2,41,8,0,8,49
11/28/2000,LMT,OR,ANM,WE,Federal Contract Tower,0,15,8,13,36,0,3,14,8,25,0,18,22,21,61,16,8,24,85
11/29/2000,LMT,OR,ANM,WE,Federal Contract Tower,0,15,8,4,27,0,5,6,0,11,0,20,14,4,38,8,0,8,46
11/30/2000,LMT,OR,ANM,WE,Federal Contract Tower,0,21,14,19,54,0,0,27,14,41,0,21,41,33,95,14,46,60,155
12/01/2000,LMT,OR,ANM,WE,Federal Contract Tower,0,13,11,11,35,0,0,18,8,26,0,13,29,19,61,4,18,22,83
12/02/2000,LMT,OR,ANM,WE,Federal Contract Tower,0,3,5,3,11,0,6,21,4,31,0,9,26,7,42,15,12,27,69
12/03/2000,LMT,OR,ANM,WE,Federal Contract Tower,0,4,6,4,14,0,3,36,0,39,0,7,42,4,53,14,2,16,69
12/04/2000,LMT,OR,ANM,WE,Federal Contract Tower,0,14,12,11,37,0,2,19,16,37,0,16,31,27,74,0,22,22,96
12/05/2000,LMT,OR,ANM,WE,Federal Contract Tower,0,19,16,17,52,0,3,21,14,38,0,22,37,31,90,8,40,48,138
12/06/2000,LMT,OR,ANM,WE,Federal Contract Tower,0,22,22,21,65,0,0,31,26,57,0,22,53,47,122,24,48,72,194
12/07/2000,LMT,OR,ANM,WE,Federal Contract Tower,0,19,16,17,52,0,4,26,12,42,0,23,42,29,94,20,30,50,144
12/08/2000,LMT,OR,ANM,WE,Federal Contract Tower,0,17,14,14,45,0,4,22,14,40,0,21,36,28,85,34,10,44,129
12/09/2000,LMT,OR,ANM,WE,Federal Contract Tower,0,8,15,15,38,0,0,0,23,23,0,8,15,38,61,26,10,36,97
12/10/2000,LMT,OR,ANM,WE,Federal Contract Tower,0,8,16,16,40,0,0,56,10,66,0,8,72,26,106,40,18,58,164
12/11/2000,LMT,OR,ANM,WE,Federal Contract Tower,0,8,8,0,16,0,6,2,0,8,0,14,10,0,24,0,0,0,24
12/12/2000,LMT,OR,ANM,WE,Federal Contract Tower,0,15,23,24,62,0,0,5,14,19,0,15,28,38,81,6,12,18,99
12/13/2000,LMT,OR,ANM,WE,Federal Contract Tower,0,14,12,12,38,0,1,6,1,8,0,15,18,13,46,0,0,0,46
12/14/2000,LMT,OR,ANM,WE,Federal Contract Tower,0,24,13,22,59,0,0,0,9,9,0,24,13,31,68,0,10,10,78
12/15/2000,LMT,OR,ANM,WE,Federal Contract Tower,0,13,8,10,31,0,6,0,14,20,0,19,8,24,51,8,18,26,77
12/16/2000,LMT,OR,ANM,WE,Federal Contract Tower,0,7,5,4,16,0,5,53,0,58,0,12,58,4,74,14,0,14,88
12/17/2000,LMT,OR,ANM,WE,Federal Contract Tower,0,4,3,2,9,0,2,42,0,44,0,6,45,2,53,32,0,32,85
12/18/2000,LMT,OR,ANM,WE,Federal Contract Tower,0,14,11,11,36,0,2,16,12,30,0,16,27,23,66,18,10,28,94
12/19/2000,LMT,OR,ANM,WE,Federal Contract Tower,0,19,16,18,53,0,0,19,11,30,0,19,35,29,83,26,10,36,119
12/20/2000,LMT,OR,ANM,WE,Federal Contract Tower,0,17,17,18,52,0,0,27,9,36,0,17,44,27,88,28,12,40,128
12/21/2000,LMT,OR,ANM,WE,Federal Contract Tower,0,19,15,12,46,0,0,26,0,26,0,19,41,12,72,20,4,24,96
12/22/2000,LMT,OR,ANM,WE,Federal Contract Tower,0,12,8,0,20,0,11,8,0,19,0,23,16,0,39,0,0,0,39
12/23/2000,LMT,OR,ANM,WE,Federal Contract Tower,0,7,5,0,12,0,7,13,0,20,0,14,18,0,32,2,0,2,34
12/24/2000,LMT,OR,ANM,WE,Federal Contract Tower,0,5,3,0,8,0,3,48,0,51,0,8,51,0,59,30,0,30,89
12/25/2000,LMT,OR,ANM,WE,Federal Contract Tower,0,3,1,0,4,0,2,11,0,13,0,5,12,0,17,14,0,14,31
12/26/2000,LMT,OR,ANM,WE,Federal Contract Tower,0,12,9,10,31,0,7,49,2,58,0,19,58,12,89,38,8,46,135
12/27/2000,LMT,OR,ANM,WE,Federal Contract Tower,0,16,12,14,42,0,4,37,4,45,0,20,49,18,87,4,6,10,97
12/28/2000,LMT,OR,ANM,WE,Federal Contract Tower,0,14,10,11,35,0,10,49,7,66,0,24,59,18,101,24,6,30,131
12/29/2000,LMT,OR,ANM,WE,Federal Contract Tower,0,15,11,11,37,0,8,24,2,34,0,23,35,13,71,30,33,63,134
12/30/2000,LMT,OR,ANM,WE,Federal Contract Tower,0,8,6,0,14,0,2,57,0,59,0,10,63,0,73,28,0,28,101
12/31/2000,LMT,OR,ANM,WE,Federal Contract Tower,0,2,1,0,3,0,3,34,0,37,0,5,35,0,40,14,0,14,54
01/01/2001,LMT,OR,ANM,WE,Federal Contract Tower,0,3,3,0,6,0,2,49,0,51,0,5,52,0,57,12,0,12,69
01/02/2001,LMT,OR,ANM,WE,Federal Contract Tower,0,13,10,16,39,0,0,20,13,33,0,13,30,29,72,8,20,28,100
01/03/2001,LMT,OR,ANM,WE,Federal Contract Tower,0,14,13,20,47,0,0,42,10,52,0,14,55,30,99,18,18,36,135
01/04/2001,LMT,OR,ANM,WE,Federal Contract Tower,0,13,12,19,44,0,0,38,3,41,0,13,50,22,85,38,4,42,127
01/05/2001,LMT,OR,ANM,WE,Federal Contract Tower,0,18,12,17,47,0,2,58,5,65,0,20,70,22,112,38,0,38,150
01/06/2001,LMT,OR,ANM,WE,Federal Contract Tower,0,10,8,11,29,0,0,55,16,71,0,10,63,27,100,32,6,38,138
01/07/2001,LMT,OR,ANM,WE,Federal Contract Tower,0,5,6,6,17,0,0,57,8,65,0,5,63,14,82,34,4,38,120
01/08/2001,LMT,OR,ANM,WE,Federal Contract Tower,0,15,11,14,40,0,11,4,2,17,0,26,15,16,57,12,22,34,91
01/09/2001,LMT,OR,ANM,WE,Federal Contract Tower,0,17,16,24,57,0,0,0,15,15,0,17,16,39,72,0,0,0,72
01/10/2001,LMT,OR,ANM,WE,Federal Contract Tower,0,19,13,19,51,0,3,25,16,44,0,22,38,35,95,17,24,41,136
01/11/2001,LMT,OR,ANM,WE,Federal Contract Tower,0,21,18,29,68,0,0,12,20,32,0,21,30,49,100,6,24,30,130
01/12/2001,LMT,OR,ANM,WE,Federal Contract Tower,0,17,12,18,47,0,3,7,1,11,0,20,19,19,58,0,0,0,58
01/13/2001,LMT,OR,ANM,WE,Federal Contract Tower,0,5,3,0,8,0,7,0,0,7,0,12,3,0,15,0,0,0,15
01/14/2001,LMT,OR,ANM,WE,Federal Contract Tower,0,7,4,0,11,0,0,49,0,49,0,7,53,0,60,8,0,8,68
01/15/2001,LMT,OR,ANM,WE,Federal Contract Tower,0,8,5,0,13,0,9,49,0,58,0,17,54,0,71,18,0,18,89
01/16/2001,LMT,OR,ANM,WE,Federal Contract Tower,0,17,10,18,45,0,7,25,8,40,0,24,35,26,85,28,2,30,115
01/17/2001,LMT,OR,ANM,WE,Federal Contract Tower,0,14,9,15,38,0,4,38,5,47,0,18,47,20,85,26,34,60,145
01/18/2001,LMT,OR,ANM,WE,Federal Contract Tower,0,17,10,19,46,0,6,19,5,30,0,23,29,24,76,10,10,20,96
01/19/2001,LMT,OR,ANM,WE,Federal Contract Tower,0,16,10,18,44,0,4,24,18,46,0,20,34,36,90,12,12,24,114
01/20/2001,LMT,OR,ANM,WE,Federal Contract Tower,0,6,4,5,15,0,3,35,0,38,0,9,39,5,53,54,0,54,107
01/21/2001,LMT,OR,ANM,WE,Federal Contract Tower,0,3,2,4,9,0,2,42,2,46,0,5,44,6,55,28,0,28,83
01/22/2001,LMT,OR,ANM,WE,Federal Contract Tower,0,11,6,7,24,0,6,33,0,39,0,17,39,7,63,32,25,57,120
01/23/2001,LMT,OR,ANM,WE,Federal Contract Tower,0,16,10,18,44,0,1,14,17,32,0,17,24,35,76,34,20,54,130
01/24/2001,LMT,OR,ANM,WE,Federal Contract Tower,0,20,10,22,52,0,0,0,4,4,0,20,10,26,56,0,20,20,76
01/25/2001,LMT,OR,ANM,WE,Federal Contract Tower,0,17,4,19,40,0,4,0,16,20,0,21,4,35,60,8,59,67,127
01/26/2001,LMT,OR,ANM,WE,Federal Contract Tower,0,17,10,19,46,0,3,29,12,44,0,20,39,31,90,28,22,50,140
01/27/2001,LMT,OR,ANM,WE,Federal Contract Tower,0,6,4,4,14,0,4,84,0,88,0,10,88,4,102,66,0,66,168
01/28/2001,LMT,OR,ANM,WE,Federal Contract Tower,0,5,3,4,12,0,2,72,0,74,0,7,75,4,86,36,0,36,122
01/29/2001,LMT,OR,ANM,WE,Federal Contract Tower,0,12,10,18,40,0,0,0,45,45,0,12,10,63,85,2,24,26,111
01/30/2001,LMT,OR,ANM,WE,Federal Contract Tower,0,19,12,21,52,0,0,24,24,48,0,19,36,45,100,38,32,70,170
01/31/2001,LMT,OR,ANM,WE,Federal Contract Tower,0,22,20,34,76,0,0,37,43,80,0,22,57,77,156,43,37,80,236
02/01/2001,LMT,OR,ANM,WE,Federal Contract Tower,0,18,13,23,54,0,0,17,22,39,0,18,30,45,93,16,22,38,131
02/02/2001,LMT,OR,ANM,WE,Federal Contract Tower,0,22,18,33,73,0,0,5,42,47,0,22,23,75,120,16,38,54,174
02/03/2001,LMT,OR,ANM,WE,Federal Contract Tower,0,11,9,15,35,0,0,2,20,22,0,11,11,35,57,18,40,58,115
02/04/2001,LMT,OR,ANM,WE,Federal Contract Tower,0,4,3,0,7,0,1,13,0,14,0,5,16,0,21,10,0,10,31
02/05/2001,LMT,OR,ANM,WE,Federal Contract Tower,0,9,6,0,15,0,11,42,0,53,0,20,48,0,68,66,0,66,134
02/06/2001,LMT,OR,ANM,WE,Federal Contract Tower,0,17,12,23,52,0,0,0,7,7,0,17,12,30,59,0,0,0,59
02/07/2001,LMT,OR,ANM,WE,Federal Contract Tower,0,17,14,25,56,0,0,42,8,50,0,17,56,33,106,24,18,42,148
02/08/2001,LMT,OR,ANM,WE,Federal Contract Tower,0,23,13,23,59,0,4,22,23,49,0,27,35,46,108,44,80,124,232
02/09/2001,LMT,OR,ANM,WE,Federal Contract Tower,0,16,9,14,39,0,8,0,0,8,0,24,9,14,47,0,10,10,57
02/10/2001,LMT,OR,ANM,WE,Federal Contract Tower,0,5,3,0,8,0,7,23,0,30,0,12,26,0,38,52,0,52,90
02/11/2001,LMT,OR,ANM,WE,Federal Contract Tower,0,3,2,0,5,0,2,1,0,3,0,5,3,0,8,0,0,0,8
02/12/2001,LMT,OR,ANM,WE,Federal Contract Tower,0,15,11,18,44,0,0,20,9,29,0,15,31,27,73,30,4,34,107
02/13/2001,LMT,OR,ANM,WE,Federal Contract Tower,0,18,10,17,45,0,6,14,14,34,0,24,24,31,79,14,14,28,107
02/14/2001,LMT,OR,ANM,WE,Federal Contract Tower,0,20,11,19,50,0,0,36,11,47,0,20,47,30,97,52,6,58,155
02/15/2001,LMT,OR,ANM,WE,Federal Contract Tower,0,18,9,18,45,0,0,45,4,49,0,18,54,22,94,32,2,34,128
02/16/2001,LMT,OR,ANM,WE,Federal Contract Tower,0,10,5,2,17,0,8,7,0,15,0,18,12,2,32,12,0,12,44
02/17/2001,LMT,OR,ANM,WE,Federal Contract Tower,0,5,2,0,7,0,3,13,0,16,0,8,15,0,23,0,0,0,23
02/18/2001,LMT,OR,ANM,WE,Federal Contract Tower,0,5,2,2,9,0,1,45,0,46,0,6,47,2,55,22,0,22,77
02/19/2001,LMT,OR,ANM,WE,Federal Contract Tower,0,10,5,0,15,0,27,11,0,38,0,37,16,0,53,56,0,56,109
02/20/2001,LMT,OR,ANM,WE,Federal Contract Tower,0,20,10,21,51,0,2,5,5,12,0,22,15,26,63,0,4,4,67
02/21/2001,LMT,OR,ANM,WE,Federal Contract Tower,0,25,14,27,66,0,0,11,21,32,0,25,25,48,98,4,14,18,116
02/22/2001,LMT,OR,ANM,WE,Federal Contract Tower,0,21,10,20,51,0,2,0,0,2,0,23,10,20,53,0,10,10,63
02/23/2001,LMT,OR,ANM,WE,Federal Contract Tower,0,14,7,12,33,0,11,37,0,48,0,25,44,12,81,49,12,61,142
02/24/2001,LMT,OR,ANM,WE,Federal Contract Tower,0,8,4,0,12,0,4,8,0,12,0,12,12,0,24,0,0,0,24
02/25/2001,LMT,OR,ANM,WE,Federal Contract Tower,0,6,3,0,9,0,3,50,0,53,0,9,53,0,62,26,0,26,88
02/26/2001,LMT,OR,ANM,WE,Federal Contract Tower,0,17,8,17,42,0,1,30,11,42,0,18,38,28,84,38,52,90,174
02/27/2001,LMT,OR,ANM,WE,Federal Contract Tower,0,15,10,20,45,0,0,62,13,75,0,15,72,33,120,13,42,55,175
02/28/2001,LMT,OR,ANM,WE,Federal Contract Tower,0,20,12,23,55,0,0,66,19,85,0,20,78,42,140,62,14,76,216
03/01/2001,LMT,OR,ANM,WE,Federal Contract Tower,0,20,22,27,69,0,0,10,30,40,0,20,32,57,109,45,10,55,164
03/02/2001,LMT,OR,ANM,WE,Federal Contract Tower,0,18,13,17,48,0,0,10,9,19,0,18,23,26,67,30,6,36,103
03/03/2001,LMT,OR,ANM,WE,Federal Contract Tower,0,8,6,6,20,0,3,12,0,15,0,11,18,6,35,33,0,33,68
03/04/2001,LMT,OR,ANM,WE,Federal Contract Tower,0,3,3,2,8,0,2,1,0,3,0,5,4,2,11,0,0,0,11
03/05/2001,LMT,OR,ANM,WE,Federal Contract Tower,0,7,6,0,13,0,11,23,0,34,0,18,29,0,47,36,0,36,83
03/06/2001,LMT,OR,ANM,WE,Federal Contract Tower,0,20,15,19,54,0,8,42,23,73,0,28,57,42,127,38,58,96,223
03/07/2001,LMT,OR,ANM,WE,Federal Contract Tower,0,13,10,13,36,0,8,81,17,106,0,21,91,30,142,24,10,34,176
03/08/2001,LMT,OR,ANM,WE,Federal Contract Tower,0,22,17,22,61,0,3,27,4,34,0,25,44,26,95,40,6,46,141
03/09/2001,LMT,OR,ANM,WE,Federal Contract Tower,0,14,11,14,39,0,5,14,6,25,0,19,25,20,64,22,16,38,102
03/10/2001,LMT,OR,ANM,WE,Federal Contract Tower,0,3,3,0,6,0,5,70,0,75,0,8,73,0,81,34,0,34,115
03/11/2001,LMT,OR,ANM,WE,Federal Contract Tower,0,4,3,0,7,0,2,69,0,71,0,6,72,0,78,50,0,50,128
03/12/2001,LMT,OR,ANM,WE,Federal Contract Tower,0,10,8,11,29,0,7,64,9,80,0,17,72,20,109,24,36,60,169
03/13/2001,LMT,OR,ANM,WE,Federal Contract Tower,0,17,13,16,46,0,0,80,6,86,0,17,93,22,132,30,42,72,204
03/14/2001,LMT,OR,ANM,WE,Federal Contract Tower,0,13,11,13,37,0,4,69,9,82,0,17,80,22,119,32,28,60,179
03/15/2001,LMT,OR,ANM,WE,Federal Contract Tower,0,18,14,18,50,0,2,2,4,8,0,20,16,22,58,0,32,32,90
03/16/2001,LMT,OR,ANM,WE,Federal Contract Tower,0,14,10,15,39,0,7,78,1,86,0,21,88,16,125,80,28,108,233
03/17/2001,LMT,OR,ANM,WE,Federal Contract Tower,0,7,5,2,14,0,1,14,0,15,0,8,19,2,29,0,0,0,29
03/18/2001,LMT,OR,ANM,WE,Federal Contract Tower,0,7,4,0,11,0,0,52,0,52,0,7,56,0,63,38,0,38,101
03/19/2001,LMT,OR,ANM,WE,Federal Contract Tower,0,9,5,0,14,0,9,32,0,41,0,18,37,0,55,30,0,30,85
03/20/2001,LMT,OR,ANM,WE,Federal Contract Tower,0,20,14,19,53,0,2,45,13,60,0,22,59,32,113,2,14,16,129
03/21/2001,LMT,OR,ANM,WE,Federal Contract Tower,0,23,17,22,62,0,0,51,5,56,0,23,68,27,118,10,6,16,134
03/22/2001,LMT,OR,ANM,WE,Federal Contract Tower,0,16,11,14,41,0,3,58,10,71,0,19,69,24,112,28,16,44,156
03/23/2001,LMT,OR,ANM,WE,Federal Contract Tower,0,19,13,18,50,0,2,48,2,52,0,21,61,20,102,12,18,30,132
03/24/2001,LMT,OR,ANM,WE,Federal Contract Tower,0,5,3,0,8,0,2,23,0,25,0,7,26,0,33,0,0,0,33
03/25/2001,LMT,OR,ANM,WE,Federal Contract Tower,0,4,2,0,6,0,2,46,0,48,0,6,48,0,54,24,0,24,78
03/26/2001,LMT,OR,ANM,WE,Federal Contract Tower,0,16,11,15,42,0,0,31,22,53,0,16,42,37,95,16,0,16,111
03/27/2001,LMT,OR,ANM,WE,Federal Contract Tower,0,13,8,11,32,0,3,27,5,35,0,16,35,16,67,0,26,26,93
03/28/2001,LMT,OR,ANM,WE,Federal Contract Tower,0,21,14,19,54,0,3,17,11,31,0,24,31,30,85,0,2,2,87
03/29/2001,LMT,OR,ANM,WE,Federal Contract Tower,0,16,11,14,41,0,4,39,4,47,0,20,50,18,88,52,14,66,154
03/30/2001,LMT,OR,ANM,WE,Federal Contract Tower,0,17,15,20,52,0,0,49,6,55,0,17,64,26,107,14,12,26,133
03/31/2001,LMT,OR,ANM,WE,Federal Contract Tower,0,10,8,9,27,0,0,59,0,59,0,10,67,9,86,12,0,12,98
04/01/2001,LMT,OR,ANM,WE,Federal Contract Tower,0,6,7,2,15,0,0,50,0,50,0,6,57,2,65,28,0,28,93
04/02/2001,LMT,OR,ANM,WE,Federal Contract Tower,0,15,4,14,33,0,3,7,1,11,0,18,11,15,44,0,0,0,44
04/03/2001,LMT,OR,ANM,WE,Federal Contract Tower,0,20,5,29,54,0,0,15,9,24,0,20,20,38,78,10,10,20,98
04/04/2001,LMT,OR,ANM,WE,Federal Contract Tower,0,15,8,19,42,0,4,37,11,52,0,19,45,30,94,18,6,24,118
04/05/2001,LMT,OR,ANM,WE,Federal Contract Tower,0,8,7,34,49,0,8,32,15,55,0,16,39,49,104,29,10,39,143
04/06/2001,LMT,OR,ANM,WE,Federal Contract Tower,0,18,8,26,52,0,1,0,0,1,0,19,8,26,53,0,0,0,53
04/07/2001,LMT,OR,ANM,WE,Federal Contract Tower,0,8,11,2,21,0,1,16,2,19,0,9,27,4,40,35,2,37,77
04/08/2001,LMT,OR,ANM,WE,Federal Contract Tower,0,7,13,0,20,0,0,7,0,7,0,7,20,0,27,0,0,0,27
04/09/2001,LMT,OR,ANM,WE,Federal Contract Tower,0,14,4,24,42,0,0,21,23,44,0,14,25,47,86,30,31,61,147
04/10/2001,LMT,OR,ANM,WE,Federal Contract Tower,0,18,19,27,64,0,1,26,5,32,0,19,45,32,96,32,10,42,138
04/11/2001,LMT,OR,ANM,WE,Federal Contract Tower,0,16,9,29,54,0,1,0,20,21,0,17,9,49,75,2,16,18,93
04/12/2001,LMT,OR,ANM,WE,Federal Contract Tower,0,17,20,29,66,0,3,28,11,42,0,20,48,40,108,19,6,25,133
04/13/2001,LMT,OR,ANM,WE,Federal Contract Tower,0,14,11,13,38,0,0,14,0,14,0,14,25,13,52,13,0,13,65
04/14/2001,LMT,OR,ANM,WE,Federal Contract Tower,0,9,8,0,17,0,2,74,0,76,0,11,82,0,93,58,0,58,151
04/15/2001,LMT,OR,ANM,WE,Federal Contract Tower,0,6,3,0,9,0,4,30,0,34,0,10,33,0,43,10,0,10,53
04/16/2001,LMT,OR,ANM,WE,Federal Contract Tower,0,13,8,0,21,0,4,19,0,23,0,17,27,0,44,0,0,0,44
04/17/2001,LMT,OR,ANM,WE,Federal Contract Tower,0,13,11,25,49,0,1,18,7,26,0,14,29,32,75,36,22,58,133
04/18/2001,LMT,OR,ANM,WE,Federal Contract Tower,0,32,8,6,46,0,0,1,0,1,0,32,9,6,47,0,0,0,47
04/19/2001,LMT,OR,ANM,WE,Federal Contract Tower,0,13,9,23,45,0,1,11,7,19,0,14,20,30,64,54,2,56,120
04/20/2001,LMT,OR,ANM,WE,Federal Contract Tower,0,15,9,4,28,0,0,6,0,6,0,15,15,4,34,0,0,0,34
04/21/2001,LMT,OR,ANM,WE,Federal Contract Tower,0,5,15,1,21,0,3,51,0,54,0,8,66,1,75,16,0,16,91
04/22/2001,LMT,OR,ANM,WE,Federal Contract Tower,0,7,12,0,19,0,0,48,0,48,0,7,60,0,67,44,0,44,111
04/23/2001,LMT,OR,ANM,WE,Federal Contract Tower,0,13,4,19,36,0,4,33,11,48,0,17,37,30,84,16,8,24,108
04/24/2001,LMT,OR,ANM,WE,Federal Contract Tower,0,14,12,12,38,0,3,44,5,52,0,17,56,17,90,26,12,38,128
04/25/2001,LMT,OR,ANM,WE,Federal Contract Tower,0,14,14,13,41,0,6,42,16,64,0,20,56,29,105,24,22,46,151
04/26/2001,LMT,OR,ANM,WE,Federal Contract Tower,0,11,11,15,37,0,3,49,12,64,0,14,60,27,101,18,20,38,139
04/27/2001,LMT,OR,ANM,WE,Federal Contract Tower,0,16,7,14,37,0,4,62,3,69,0,20,69,17,106,6,16,22,128
04/28/2001,LMT,OR,ANM,WE,Federal Contract Tower,0,8,0,12,20,0,1,12,12,25,0,9,12,24,45,42,36,78,123
04/29/2001,LMT,OR,ANM,WE,Federal Contract Tower,0,7,4,3,14,0,0,41,2,43,0,7,45,5,57,26,2,28,85
04/30/2001,LMT,OR,ANM,WE,Federal Contract Tower,0,20,10,0,30,0,0,28,0,28,0,20,38,0,58,10,0,10,68
05/01/2001,LMT,OR,ANM,WE,Federal Contract Tower,0,14,11,27,52,0,5,44,0,49,0,19,55,27,101,38,6,44,145
05/02/2001,LMT,OR,ANM,WE,Federal Contract Tower,0,13,8,43,64,0,6,43,1,50,0,19,51,44,114,40,54,94,208
05/03/2001,LMT,OR,ANM,WE,Federal Contract Tower,0,9,12,15,36,0,2,28,23,53,0,11,40,38,89,35,16,51,140
05/04/2001,LMT,OR,ANM,WE,Federal Contract Tower,0,14,12,9,35,0,6,46,3,55,0,20,58,12,90,42,12,54,144
05/05/2001,LMT,OR,ANM,WE,Federal Contract Tower,0,9,3,0,12,0,1,73,0,74,0,10,76,0,86,66,0,66,152
05/06/2001,LMT,OR,ANM,WE,Federal Contract Tower,0,7,2,1,10,0,1,125,0,126,0,8,127,1,136,54,0,54,190
05/07/2001,LMT,OR,ANM,WE,Federal Contract Tower,0,13,14,17,44,0,0,30,5,35,0,13,44,22,79,2,10,12,91
05/08/2001,LMT,OR,ANM,WE,Federal Contract Tower,0,20,15,18,53,0,0,62,10,72,0,20,77,28,125,36,20,56,181
05/09/2001,LMT,OR,ANM,WE,Federal Contract Tower,0,20,2,32,54,0,2,56,3,61,0,22,58,35,115,27,18,45,160
05/10/2001,LMT,OR,ANM,WE,Federal Contract Tower,0,19,8,12,39,0,5,63,9,77,0,24,71,21,116,2,8,10,126
05/11/2001,LMT,OR,ANM,WE,Federal Contract Tower,0,14,12,1,27,0,4,47,0,51,0,18,59,1,78,6,0,6,84
05/12/2001,LMT,OR,ANM,WE,Federal Contract Tower,0,5,0,3,8,0,1,28,0,29,0,6,28,3,37,6,0,6,43
05/13/2001,LMT,OR,ANM,WE,Federal Contract Tower,0,5,6,2,13,0,1,46,0,47,0,6,52,2,60,8,0,8,68
05/14/2001,LMT,OR,ANM,WE,Federal Contract Tower,0,14,14,3,31,0,0,9,0,9,0,14,23,3,40,10,0,10,50
05/15/2001,LMT,OR,ANM,WE,Federal Contract Tower,0,19,11,9,39,0,1,2,0,3,0,20,13,9,42,0,0,0,42
05/16/2001,LMT,OR,ANM,WE,Federal Contract Tower,0,15,15,3,33,0,5,47,9,61,0,20,62,12,94,24,24,48,142
05/17/2001,LMT,OR,ANM,WE,Federal Contract Tower,0,16,6,7,29,0,4,82,2,88,0,20,88,9,117,50,0,50,167
05/18/2001,LMT,OR,ANM,WE,Federal Contract Tower,0,22,23,4,49,0,2,84,5,91,0,24,107,9,140,38,0,38,178
05/19/2001,LMT,OR,ANM,WE,Federal Contract Tower,0,7,2,5,14,0,1,89,4,94,0,8,91,9,108,62,20,82,190
05/20/2001,LMT,OR,ANM,WE,Federal Contract Tower,0,4,1,3,8,0,0,73,3,76,0,4,74,6,84,26,12,38,122
05/21/2001,LMT,OR,ANM,WE,Federal Contract Tower,0,14,9,9,32,0,7,65,3,75,0,21,74,12,107,0,24,24,131
05/22/2001,LMT,OR,ANM,WE,Federal Contract Tower,0,11,6,7,24,0,4,58,4,66,0,15,64,11,90,32,20,52,142
05/23/2001,LMT,OR,ANM,WE,Federal Contract Tower,0,9,7,6,22,0,10,65,17,92,0,19,72,23,114,6,8,14,128
05/24/2001,LMT,OR,ANM,WE,Federal Contract Tower,0,14,21,7,42,0,7,122,0,129,0,21,143,7,171,50,28,78,249
05/25/2001,LMT,OR,ANM,WE,Federal Contract Tower,0,16,9,2,27,0,11,97,0,108,0,27,106,2,135,20,0,20,155
05/26/2001,LMT,OR,ANM,WE,Federal Contract Tower,0,7,1,0,8,0,1,74,0,75,0,8,75,0,83,20,0,20,103
05/27/2001,LMT,OR,ANM,WE,Federal Contract Tower,0,4,1,0,5,0,0,70,0,70,0,4,71,0,75,22,0,22,97
05/28/2001,LMT,OR,ANM,WE,Federal Contract Tower,0,8,3,2,13,0,0,103,8,111,0,8,106,10,124,26,8,34,158
05/29/2001,LMT,OR,ANM,WE,Federal Contract Tower,0,14,7,10,31,0,8,80,6,94,0,22,87,16,125,0,40,40,165
05/30/2001,LMT,OR,ANM,WE,Federal Contract Tower,0,12,5,17,34,0,5,80,7,92,0,17,85,24,126,78,68,146,272
05/31/2001,LMT,OR,ANM,WE,Federal Contract Tower,0,13,4,20,37,0,5,98,9,112,0,18,102,29,149,58,46,104,253
06/01/2001,LMT,OR,ANM,WE,Federal Contract Tower,0,13,20,8,41,0,5,99,1,105,0,18,119,9,146,16,12,28,174
06/02/2001,LMT,OR,ANM,WE,Federal Contract Tower,0,7,7,1,15,0,0,39,0,39,0,7,46,1,54,15,0,15,69
06/03/2001,LMT,OR,ANM,WE,Federal Contract Tower,0,7,3,0,10,0,0,66,19,85,0,7,69,19,95,38,0,38,133
06/04/2001,LMT,OR,ANM,WE,Federal Contract Tower,0,13,1,2,16,0,5,58,7,70,0,18,59,9,86,34,6,40,126
06/05/2001,LMT,OR,ANM,WE,Federal Contract Tower,0,19,9,4,32,0,2,13,0,15,0,21,22,4,47,6,2,8,55
06/06/2001,LMT,OR,ANM,WE,Federal Contract Tower,0,14,11,27,52,0,5,78,10,93,0,19,89,37,145,64,26,90,235
06/07/2001,LMT,OR,ANM,WE,Federal Contract Tower,0,14,16,27,57,0,9,63,9,81,0,23,79,36,138,0,10,10,148
06/08/2001,LMT,OR,ANM,WE,Federal Contract Tower,0,14,19,10,43,0,3,59,7,69,0,17,78,17,112,24,10,34,146
06/09/2001,LMT,OR,ANM,WE,Federal Contract Tower,0,6,5,0,11,0,0,74,0,74,0,6,79,0,85,50,0,50,135
06/10/2001,LMT,OR,ANM,WE,Federal Contract Tower,0,5,6,2,13,0,0,71,0,71,0,5,77,2,84,12,0,12,96
06/11/2001,LMT,OR,ANM,WE,Federal Contract Tower,0,15,6,2,23,0,2,39,1,42,0,17,45,3,65,4,0,4,69
06/12/2001,LMT,OR,ANM,WE,Federal Contract Tower,0,15,6,11,32,0,6,34,15,55,0,21,40,26,87,10,8,18,105
06/13/2001,LMT,OR,ANM,WE,Federal Contract Tower,0,13,13,20,46,0,7,57,13,77,0,20,70,33,123,20,34,54,177
06/14/2001,LMT,OR,ANM,WE,Federal Contract Tower,0,13,6,17,36,0,6,84,13,103,0,19,90,30,139,48,15,63,202
06/15/2001,LMT,OR,ANM,WE,Federal Contract Tower,0,16,14,13,43,0,1,94,9,104,0,17,108,22,147,26,0,26,173
06/16/2001,LMT,OR,ANM,WE,Federal Contract Tower,0,7,5,0,12,0,1,69,8,78,0,8,74,8,90,18,0,18,108
06/17/2001,LMT,OR,ANM,WE,Federal Contract Tower,0,6,5,4,15,0,0,45,0,45,0,6,50,4,60,8,0,8,68
06/18/2001,LMT,OR,ANM,WE,Federal Contract Tower,0,15,7,16,38,0,13,56,12,81,0,28,63,28,119,12,4,16,135
06/19/2001,LMT,OR,ANM,WE,Federal Contract Tower,0,14,18,12,44,0,12,87,20,119,0,26,105,32,163,46,18,64,227
06/20/2001,LMT,OR,ANM,WE,Federal Contract Tower,0,13,4,24,41,0,7,55,9,71,0,20,59,33,112,44,28,72,184
06/21/2001,LMT,OR,ANM,WE,Federal Contract Tower,0,19,2,21,42,0,8,118,9,135,0,27,120,30,177,52,4,56,233
06/22/2001,LMT,OR,ANM,WE,Federal Contract Tower,0,13,5,7,25,0,3,85,9,97,0,16,90,16,122,28,24,52,174
06/23/2001,LMT,OR,ANM,WE,Federal Contract Tower,0,7,4,4,15,0,2,69,3,74,0,9,73,7,89,32,16,48,137
06/24/2001,LMT,OR,ANM,WE,Federal Contract Tower,0,5,9,0,14,0,0,63,4,67,0,5,72,4,81,28,0,28,109
06/25/2001,LMT,OR,ANM,WE,Federal Contract Tower,0,25,5,2,32,0,3,60,3,66,0,28,65,5,98,22,4,26,124
06/26/2001,LMT,OR,ANM,WE,Federal Contract Tower,0,18,6,25,49,0,3,18,5,26,0,21,24,30,75,24,10,34,109
06/27/2001,LMT,OR,ANM,WE,Federal Contract Tower,0,21,7,16,44,0,3,7,16,26,0,24,14,32,70,0,4,4,74
06/28/2001,LMT,OR,ANM,WE,Federal Contract Tower,0,18,16,26,60,0,1,79,12,92,0,19,95,38,152,28,42,70,222
06/29/2001,LMT,OR,ANM,WE,Federal Contract Tower,0,15,14,16,45,0,2,118,9,129,0,17,132,25,174,34,12,46,220
06/30/2001,LMT,OR,ANM,WE,Federal Contract Tower,0,5,3,11,19,0,2,77,0,79,0,7,80,11,98,38,0,38,136
07/01/2001,LMT,OR,ANM,WE,Federal Contract Tower,0,4,0,4,8,0,0,56,0,56,0,4,56,4,64,36,6,42,106
07/02/2001,LMT,OR,ANM,WE,Federal Contract Tower,0,11,3,20,34,0,7,94,6,107,0,18,97,26,141,36,38,74,215
07/03/2001,LMT,OR,ANM,WE,Federal Contract Tower,0,11,11,20,42,0,6,66,14,86,0,17,77,34,128,30,16,46,174
07/04/2001,LMT,OR,ANM,WE,Federal Contract Tower,0,4,1,2,7,0,0,65,4,69,0,4,66,6,76,14,4,18,94
07/05/2001,LMT,OR,ANM,WE,Federal Contract Tower,0,20,3,9,32,0,7,47,11,65,0,27,50,20,97,30,20,50,147
07/06/2001,LMT,OR,ANM,WE,Federal Contract Tower,0,15,1,10,26,0,4,97,25,126,0,19,98,35,152,12,8,20,172
07/07/2001,LMT,OR,ANM,WE,Federal Contract Tower,0,6,9,11,26,0,0,77,11,88,0,6,86,22,114,15,1,16,130
07/08/2001,LMT,OR,ANM,WE,Federal Contract Tower,0,4,7,2,13,0,0,78,4,82,0,4,85,6,95,44,0,44,139
07/09/2001,LMT,OR,ANM,WE,Federal Contract Tower,0,15,9,2,26,0,10,76,0,86,0,25,85,2,112,22,0,22,134
07/10/2001,LMT,OR,ANM,WE,Federal Contract Tower,0,10,7,17,34,0,3,113,29,145,0,13,120,46,179,10,30,40,219
07/11/2001,LMT,OR,ANM,WE,Federal Contract Tower,0,15,9,26,50,0,8,146,21,175,0,23,155,47,225,64,16,80,305
07/12/2001,LMT,OR,ANM,WE,Federal Contract Tower,0,18,16,26,60,0,7,83,18,108,0,25,99,44,168,18,26,44,212
07/13/2001,LMT,OR,ANM,WE,Federal Contract Tower,0,13,11,20,44,0,6,64,21,91,0,19,75,41,135,10,28,38,173
07/14/2001,LMT,OR,ANM,WE,Federal Contract Tower,0,8,6,0,14,0,0,87,0,87,0,8,93,0,101,30,0,30,131
07/15/2001,LMT,OR,ANM,WE,Federal Contract Tower,0,5,2,0,7,0,2,73,4,79,0,7,75,4,86,36,0,36,122
07/16/2001,LMT,OR,ANM,WE,Federal Contract Tower,0,14,6,23,43,0,4,69,28,101,0,18,75,51,144,2,48,50,194
07/17/2001,LMT,OR,ANM,WE,Federal Contract Tower,0,16,4,32,52,0,4,87,14,105,0,20,91,46,157,0,20,20,177
07/18/2001,LMT,OR,ANM,WE,Federal Contract Tower,0,18,21,32,71,0,3,83,25,111,0,21,104,57,182,16,14,30,212
07/19/2001,LMT,OR,ANM,WE,Federal Contract Tower,0,14,11,23,48,0,1,66,36,103,0,15,77,59,151,44,18,62,213
07/20/2001,LMT,OR,ANM,WE,Federal Contract Tower,0,13,1,27,41,0,2,116,10,128,0,15,117,37,169,14,37,51,220
07/21/2001,LMT,OR,ANM,WE,Federal Contract Tower,0,5,3,12,20,0,2,65,8,75,0,7,68,20,95,36,24,60,155
07/22/2001,LMT,OR,ANM,WE,Federal Contract Tower,0,6,2,16,24,0,0,59,3,62,0,6,61,19,86,46,14,60,146
07/23/2001,LMT,OR,ANM,WE,Federal Contract Tower,0,13,9,2,24,0,9,49,0,58,0,22,58,2,82,6,0,6,88
07/24/2001,LMT,OR,ANM,WE,Federal Contract Tower,0,13,6,18,37,0,4,103,16,123,0,17,109,34,160,24,38,62,222
07/25/2001,LMT,OR,ANM,WE,Federal Contract Tower,0,10,16,26,52,0,4,70,12,86,0,14,86,38,138,28,42,70,208
07/26/2001,LMT,OR,ANM,WE,Federal Contract Tower,0,17,9,16,42,0,7,87,25,119,0,24,96,41,161,54,56,110,271
07/27/2001,LMT,OR,ANM,WE,Federal Contract Tower,0,13,9,11,33,0,6,87,6,99,0,19,96,17,132,60,24,84,216
07/28/2001,LMT,OR,ANM,WE,Federal Contract Tower,0,8,3,2,13,0,1,107,2,110,0,9,110,4,123,60,0,60,183
07/29/2001,LMT,OR,ANM,WE,Federal Contract Tower,0,6,3,2,11,0,0,63,0,63,0,6,66,2,74,24,0,24,98
07/30/2001,LMT,OR,ANM,WE,Federal Contract Tower,0,14,6,18,38,0,3,35,13,51,0,17,41,31,89,26,44,70,159
07/31/2001,LMT,OR,ANM,WE,Federal Contract Tower,0,15,7,29,51,0,7,68,15,90,0,22,75,44,141,36,20,56,197
08/01/2001,LMT,OR,ANM,WE,Federal Contract Tower,0,14,12,42,68,0,8,60,10,78,0,22,72,52,146,10,32,42,188
08/02/2001,LMT,OR,ANM,WE,Federal Contract Tower,0,10,6,18,34,0,9,62,17,88,0,19,68,35,122,16,36,52,174
08/03/2001,LMT,OR,ANM,WE,Federal Contract Tower,0,14,5,9,28,0,10,137,12,159,0,24,142,21,187,40,14,54,241
08/04/2001,LMT,OR,ANM,WE,Federal Contract Tower,0,9,3,0,12,0,38,132,4,174,0,47,135,4,186,10,0,10,196
08/05/2001,LMT,OR,ANM,WE,Federal Contract Tower,0,6,5,3,14,0,0,112,0,112,0,6,117,3,126,38,0,38,164
08/06/2001,LMT,OR,ANM,WE,Federal Contract Tower,0,17,12,3,32,0,7,58,0,65,0,24,70,3,97,28,0,28,125
08/07/2001,LMT,OR,ANM,WE,Federal Contract Tower,0,14,5,23,42,0,3,84,1,88,0,17,89,24,130,22,8,30,160
08/08/2001,LMT,OR,ANM,WE,Federal Contract Tower,0,13,4,9,26,0,48,92,27,167,0,61,96,36,193,32,30,62,255
08/09/2001,LMT,OR,ANM,WE,Federal Contract Tower,0,15,6,11,32,0,75,147,15,237,0,90,153,26,269,26,30,56,325
08/10/2001,LMT,OR,ANM,WE,Federal Contract Tower,0,15,6,17,38,0,4,184,4,192,0,19,190,21,230,40,14,54,284
08/11/2001,LMT,OR,ANM,WE,Federal Contract Tower,0,10,4,0,14,0,3,195,1,199,0,13,199,1,213,60,0,60,273
08/12/2001,LMT,OR,ANM,WE,Federal Contract Tower,0,5,1,2,8,0,24,102,0,126,0,29,103,2,134,38,0,38,172
08/13/2001,LMT,OR,ANM,WE,Federal Contract Tower,0,14,8,18,40,0,5,79,9,93,0,19,87,27,133,0,10,10,143
08/14/2001,LMT,OR,ANM,WE,Federal Contract Tower,0,20,13,44,77,0,6,95,24,125,0,26,108,68,202,26,54,80,282
08/15/2001,LMT,OR,ANM,WE,Federal Contract Tower,0,11,7,27,45,0,6,87,65,158,0,17,94,92,203,30,14,44,247
08/16/2001,LMT,OR,ANM,WE,Federal Contract Tower,0,13,9,22,44,0,7,103,78,188,0,20,112,100,232,32,52,84,316
08/17/2001,LMT,OR,ANM,WE,Federal Contract Tower,0,15,11,84,110,0,9,141,106,256,0,24,152,190,366,34,98,132,498
08/18/2001,LMT,OR,ANM,WE,Federal Contract Tower,0,9,4,66,79,0,0,78,137,215,0,9,82,203,294,6,172,178,472
08/19/2001,LMT,OR,ANM,WE,Federal Contract Tower,0,7,9,50,66,0,0,64,49,113,0,7,73,99,179,14,20,34,213
08/20/2001,LMT,OR,ANM,WE,Federal Contract Tower,0,9,8,21,38,0,7,96,0,103,0,16,104,21,141,36,2,38,179
08/21/2001,LMT,OR,ANM,WE,Federal Contract Tower,0,14,7,16,37,0,2,76,10,88,0,16,83,26,125,34,2,36,161
08/22/2001,LMT,OR,ANM,WE,Federal Contract Tower,0,14,3,22,39,0,4,55,12,71,0,18,58,34,110,30,40,70,180
08/23/2001,LMT,OR,ANM,WE,Federal Contract Tower,0,11,17,17,45,0,7,50,12,69,0,18,67,29,114,22,4,26,140
08/24/2001,LMT,OR,ANM,WE,Federal Contract Tower,0,17,7,6,30,0,3,113,22,138,0,20,120,28,168,30,16,46,214
08/25/2001,LMT,OR,ANM,WE,Federal Contract Tower,0,8,3,2,13,0,1,102,0,103,0,9,105,2,116,20,0,20,136
08/26/2001,LMT,OR,ANM,WE,Federal Contract Tower,0,6,6,0,12,0,0,63,0,63,0,6,69,0,75,12,0,12,87
08/27/2001,LMT,OR,ANM,WE,Federal Contract Tower,0,22,7,11,40,0,6,73,15,94,0,28,80,26,134,2,12,14,148
08/28/2001,LMT,OR,ANM,WE,Federal Contract Tower,0,11,2,18,31,0,7,61,13,81,0,18,63,31,112,10,20,30,142
08/29/2001,LMT,OR,ANM,WE,Federal Contract Tower,0,18,13,23,54,0,2,74,17,93,0,20,87,40,147,36,42,78,225
08/30/2001,LMT,OR,ANM,WE,Federal Contract Tower,0,15,11,10,36,0,7,90,19,116,0,22,101,29,152,10,30,40,192
08/31/2001,LMT,OR,ANM,WE,Federal Contract Tower,0,16,9,4,29,0,4,110,2,116,0,20,119,6,145,4,16,20,165
09/01/2001,LMT,OR,ANM,WE,Federal Contract Tower,0,8,1,0,9,0,1,111,0,112,0,9,112,0,121,46,0,46,167
09/02/2001,LMT,OR,ANM,WE,Federal Contract Tower,0,3,3,0,6,0,0,94,0,94,0,3,97,0,100,18,0,18,118
09/03/2001,LMT,OR,ANM,WE,Federal Contract Tower,0,6,5,0,11,0,1,58,0,59,0,7,63,0,70,12,0,12,82
09/04/2001,LMT,OR,ANM,WE,Federal Contract Tower,0,13,10,14,37,0,4,54,8,66,0,17,64,22,103,2,20,22,125
09/05/2001,LMT,OR,ANM,WE,Federal Contract Tower,0,15,14,23,52,0,1,37,0,38,0,16,51,23,90,24,18,42,132
09/06/2001,LMT,OR,ANM,WE,Federal Contract Tower,0,15,13,12,40,0,9,93,38,140,0,24,106,50,180,10,48,58,238
09/07/2001,LMT,OR,ANM,WE,Federal Contract Tower,0,13,13,26,52,0,5,79,14,98,0,18,92,40,150,22,26,48,198
09/08/2001,LMT,OR,ANM,WE,Federal Contract Tower,0,9,1,0,10,0,2,64,0,66,0,11,65,0,76,30,0,30,106
09/09/2001,LMT,OR,ANM,WE,Federal Contract Tower,0,7,4,5,16,0,0,67,0,67,0,7,71,5,83,26,0,26,109
09/10/2001,LMT,OR,ANM,WE,Federal Contract Tower,0,11,23,14,48,0,5,31,4,40,0,16,54,18,88,14,42,56,144
09/11/2001,LMT,OR,ANM,WE,Federal Contract Tower,0,0,0,0,0,0,0,2,0,2,0,0,2,0,2,0,0,0,2
09/12/2001,LMT,OR,ANM,WE,Federal Contract Tower,0,0,5,7,12,0,0,2,0,2,0,0,7,7,14,0,0,0,14
09/13/2001,LMT,OR,ANM,WE,Federal Contract Tower,0,6,0,16,22,0,5,1,0,6,0,11,1,16,28,0,0,0,28
09/14/2001,LMT,OR,ANM,WE,Federal Contract Tower,0,12,5,3,20,0,0,7,3,10,0,12,12,6,30,0,8,8,38
09/15/2001,LMT,OR,ANM,WE,Federal Contract Tower,0,9,7,5,21,0,0,18,14,32,0,9,25,19,53,0,10,10,63
09/16/2001,LMT,OR,ANM,WE,Federal Contract Tower,0,7,10,5,22,0,0,11,15,26,0,7,21,20,48,0,0,0,48
09/17/2001,LMT,OR,ANM,WE,Federal Contract Tower,0,14,22,0,36,0,1,12,0,13,0,15,34,0,49,0,0,0,49
09/18/2001,LMT,OR,ANM,WE,Federal Contract Tower,0,20,28,12,60,0,1,18,8,27,0,21,46,20,87,0,38,38,125
09/19/2001,LMT,OR,ANM,WE,Federal Contract Tower,0,19,52,13,84,0,0,19,2,21,0,19,71,15,105,0,2,2,107
09/20/2001,LMT,OR,ANM,WE,Federal Contract Tower,0,24,33,12,69,0,1,57,6,64,0,25,90,18,133,35,40,75,208
09/21/2001,LMT,OR,ANM,WE,Federal Contract Tower,0,12,16,8,36,0,1,66,5,72,0,13,82,13,108,22,36,58,166
09/22/2001,LMT,OR,ANM,WE,Federal Contract Tower,0,7,4,3,14,0,1,50,1,52,0,8,54,4,66,0,0,0,66
09/23/2001,LMT,OR,ANM,WE,Federal Contract Tower,0,7,2,0,9,0,0,76,0,76,0,7,78,0,85,8,0,8,93
09/24/2001,LMT,OR,ANM,WE,Federal Contract Tower,0,9,8,21,38,0,9,51,0,60,0,18,59,21,98,31,42,73,171
09/25/2001,LMT,OR,ANM,WE,Federal Contract Tower,0,12,18,12,42,0,1,12,7,20,0,13,30,19,62,0,38,38,100
09/26/2001,LMT,OR,ANM,WE,Federal Contract Tower,0,16,20,13,49,0,1,29,13,43,0,17,49,26,92,20,2,22,114
09/27/2001,LMT,OR,ANM,WE,Federal Contract Tower,0,17,17,9,43,0,0,65,7,72,0,17,82,16,115,50,6,56,171
09/28/2001,LMT,OR,ANM,WE,Federal Contract Tower,0,16,19,4,39,0,3,61,6,70,0,19,80,10,109,28,0,28,137
09/29/2001,LMT,OR,ANM,WE,Federal Contract Tower,0,7,5,0,12,0,1,81,0,82,0,8,86,0,94,52,0,52,146
09/30/2001,LMT,OR,ANM,WE,Federal Contract Tower,0,12,15,9,36,0,10,86,20,116,0,22,101,29,152,10,30,40,192
10/01/2001,LMT,OR,ANM,WE,Federal Contract Tower,0,16,17,2,35,0,3,45,0,48,0,19,62,2,83,18,0,18,101
10/02/2001,LMT,OR,ANM,WE,Federal Contract Tower,0,13,10,24,47,0,0,58,7,65,0,13,68,31,112,42,12,54,166
10/03/2001,LMT,OR,ANM,WE,Federal Contract Tower,0,16,16,21,53,0,1,47,15,63,0,17,63,36,116,22,24,46,162
10/04/2001,LMT,OR,ANM,WE,Federal Contract Tower,0,17,12,19,48,0,0,49,16,65,0,17,61,35,113,52,12,64,177
10/05/2001,LMT,OR,ANM,WE,Federal Contract Tower,0,20,14,10,44,0,0,80,7,87,0,20,94,17,131,67,10,77,208
10/06/2001,LMT,OR,ANM,WE,Federal Contract Tower,0,6,3,1,10,0,0,58,2,60,0,6,61,3,70,58,2,60,130
10/07/2001,LMT,OR,ANM,WE,Federal Contract Tower,0,5,9,0,14,0,0,42,0,42,0,5,51,0,56,44,0,44,100
10/08/2001,LMT,OR,ANM,WE,Federal Contract Tower,0,8,7,0,15,0,1,28,0,29,0,9,35,0,44,4,0,4,48
10/09/2001,LMT,OR,ANM,WE,Federal Contract Tower,0,13,8,12,33,0,0,34,32,66,0,13,42,44,99,40,28,68,167
10/10/2001,LMT,OR,ANM,WE,Federal Contract Tower,0,16,15,15,46,0,4,30,11,45,0,20,45,26,91,10,30,40,131
10/11/2001,LMT,OR,ANM,WE,Federal Contract Tower,0,20,13,22,55,0,3,32,33,68,0,23,45,55,123,22,56,78,201
10/12/2001,LMT,OR,ANM,WE,Federal Contract Tower,0,13,6,9,28,0,0,66,5,71,0,13,72,14,99,18,18,36,135
10/13/2001,LMT,OR,ANM,WE,Federal Contract Tower,0,7,2,19,28,0,0,80,16,96,0,7,82,35,124,70,26,96,220
10/14/2001,LMT,OR,ANM,WE,Federal Contract Tower,0,6,1,7,14,0,0,59,6,65,0,6,60,13,79,8,28,36,115
10/15/2001,LMT,OR,ANM,WE,Federal Contract Tower,0,13,9,10,32,0,2,37,0,39,0,15,46,10,71,46,0,46,117
10/16/2001,LMT,OR,ANM,WE,Federal Contract Tower,0,14,10,20,44,0,2,44,16,62,0,16,54,36,106,42,24,66,172
10/17/2001,LMT,OR,ANM,WE,Federal Contract Tower,0,16,12,17,45,0,3,26,20,49,0,19,38,37,94,24,14,38,132
10/18/2001,LMT,OR,ANM,WE,Federal Contract Tower,0,16,9,13,38,0,4,41,9,54,0,20,50,22,92,17,18,35,127
10/19/2001,LMT,OR,ANM,WE,Federal Contract Tower,0,10,5,8,23,0,5,55,14,74,0,15,60,22,97,32,14,46,143
10/20/2001,LMT,OR,ANM,WE,Federal Contract Tower,0,7,3,7,17,0,2,48,5,55,0,9,51,12,72,74,2,76,148
10/21/2001,LMT,OR,ANM,WE,Federal Contract Tower,0,6,2,0,8,0,0,82,0,82,0,6,84,0,90,26,0,26,116
10/22/2001,LMT,OR,ANM,WE,Federal Contract Tower,0,19,11,15,45,0,0,9,3,12,0,19,20,18,57,6,0,6,63
10/23/2001,LMT,OR,ANM,WE,Federal Contract Tower,0,15,5,10,30,0,3,10,10,23,0,18,15,20,53,2,14,16,69
10/24/2001,LMT,OR,ANM,WE,Federal Contract Tower,0,19,13,15,47,0,2,35,18,55,0,21,48,33,102,4,42,46,148
10/25/2001,LMT,OR,ANM,WE,Federal Contract Tower,0,21,6,20,47,0,4,51,2,57,0,25,57,22,104,32,28,60,164
10/26/2001,LMT,OR,ANM,WE,Federal Contract Tower,0,17,10,7,34,0,13,84,0,97,0,30,94,7,131,34,0,34,165
10/27/2001,LMT,OR,ANM,WE,Federal Contract Tower,0,6,7,0,13,0,2,28,0,30,0,8,35,0,43,42,0,42,85
10/28/2001,LMT,OR,ANM,WE,Federal Contract Tower,0,7,10,0,17,0,0,15,0,15,0,7,25,0,32,38,0,38,70
10/29/2001,LMT,OR,ANM,WE,Federal Contract Tower,0,11,6,0,17,0,3,6,2,11,0,14,12,2,28,0,0,0,28
10/30/2001,LMT,OR,ANM,WE,Federal Contract Tower,0,14,10,26,50,0,0,1,6,7,0,14,11,32,57,0,20,20,77
10/31/2001,LMT,OR,ANM,WE,Federal Contract Tower,0,15,8,23,46,0,0,13,15,28,0,15,21,38,74,0,18,18,92
11/01/2001,LMT,OR,ANM,WE,Federal Contract Tower,0,23,11,18,52,0,5,37,11,53,0,28,48,29,105,30,53,83,188
11/02/2001,LMT,OR,ANM,WE,Federal Contract Tower,0,16,15,6,37,0,0,32,2,34,0,16,47,8,71,22,0,22,93
11/03/2001,LMT,OR,ANM,WE,Federal Contract Tower,0,13,6,15,34,0,2,51,16,69,0,15,57,31,103,62,12,74,177
11/04/2001,LMT,OR,ANM,WE,Federal Contract Tower,0,8,7,12,27,0,0,57,12,69,0,8,64,24,96,54,16,70,166
11/05/2001,LMT,OR,ANM,WE,Federal Contract Tower,0,14,11,12,37,0,3,19,11,33,0,17,30,23,70,4,8,12,82
11/06/2001,LMT,OR,ANM,WE,Federal Contract Tower,0,11,6,11,28,0,3,26,21,50,0,14,32,32,78,18,8,26,104
11/07/2001,LMT,OR,ANM,WE,Federal Contract Tower,0,18,6,10,34,0,5,54,20,79,0,23,60,30,113,24,12,36,149
11/08/2001,LMT,OR,ANM,WE,Federal Contract Tower,0,14,7,8,29,0,4,40,8,52,0,18,47,16,81,8,22,30,111
11/09/2001,LMT,OR,ANM,WE,Federal Contract Tower,0,13,11,10,34,0,2,53,0,55,0,15,64,10,89,49,0,49,138
11/10/2001,LMT,OR,ANM,WE,Federal Contract Tower,0,9,6,2,17,0,1,56,1,58,0,10,62,3,75,24,2,26,101
11/11/2001,LMT,OR,ANM,WE,Federal Contract Tower,0,6,18,2,26,0,0,9,4,13,0,6,27,6,39,0,4,4,43
11/12/2001,LMT,OR,ANM,WE,Federal Contract Tower,0,13,11,0,24,0,0,0,0,0,0,13,11,0,24,0,0,0,24
11/13/2001,LMT,OR,ANM,WE,Federal Contract Tower,0,15,24,19,58,0,0,3,1,4,0,15,27,20,62,0,2,2,64
11/14/2001,LMT,OR,ANM,WE,Federal Contract Tower,0,12,15,20,47,0,1,13,8,22,0,13,28,28,69,15,16,31,100
11/15/2001,LMT,OR,ANM,WE,Federal Contract Tower,0,14,9,18,41,0,0,25,11,36,0,14,34,29,77,21,12,33,110
11/16/2001,LMT,OR,ANM,WE,Federal Contract Tower,0,12,16,17,45,0,0,9,2,11,0,12,25,19,56,16,46,62,118
11/17/2001,LMT,OR,ANM,WE,Federal Contract Tower,0,7,5,3,15,0,0,30,2,32,0,7,35,5,47,24,0,24,71
11/18/2001,LMT,OR,ANM,WE,Federal Contract Tower,0,4,5,2,11,0,0,45,2,47,0,4,50,4,58,18,0,18,76
11/19/2001,LMT,OR,ANM,WE,Federal Contract Tower,0,13,4,11,28,0,2,2,10,14,0,15,6,21,42,0,42,42,84
11/20/2001,LMT,OR,ANM,WE,Federal Contract Tower,0,17,8,16,41,0,0,6,4,10,0,17,14,20,51,22,42,64,115
11/21/2001,LMT,OR,ANM,WE,Federal Contract Tower,0,22,4,6,32,0,0,2,5,7,0,22,6,11,39,12,12,24,63
11/22/2001,LMT,OR,ANM,WE,Federal Contract Tower,0,5,0,0,5,0,0,0,0,0,0,5,0,0,5,0,0,0,5
11/23/2001,LMT,OR,ANM,WE,Federal Contract Tower,0,13,1,0,14,0,3,31,0,34,0,16,32,0,48,11,0,11,59
11/24/2001,LMT,OR,ANM,WE,Federal Contract Tower,0,3,0,0,3,0,0,0,0,0,0,3,0,0,3,0,0,0,3
11/25/2001,LMT,OR,ANM,WE,Federal Contract Tower,0,11,5,0,16,0,0,0,0,0,0,11,5,0,16,0,0,0,16
11/26/2001,LMT,OR,ANM,WE,Federal Contract Tower,0,11,6,0,17,0,0,2,0,2,0,11,8,0,19,0,0,0,19
11/27/2001,LMT,OR,ANM,WE,Federal Contract Tower,0,15,6,0,21,0,0,3,0,3,0,15,9,0,24,0,0,0,24
11/28/2001,LMT,OR,ANM,WE,Federal Contract Tower,0,14,3,0,17,0,0,0,0,0,0,14,3,0,17,0,0,0,17
11/29/2001,LMT,OR,ANM,WE,Federal Contract Tower,0,24,6,0,30,0,0,3,0,3,0,24,9,0,33,0,0,0,33
11/30/2001,LMT,OR,ANM,WE,Federal Contract Tower,0,15,3,17,35,0,0,7,23,30,0,15,10,40,65,12,43,55,120
12/01/2001,LMT,OR,ANM,WE,Federal Contract Tower,0,2,3,0,5,0,0,2,0,2,0,2,5,0,7,0,0,0,7
12/02/2001,LMT,OR,ANM,WE,Federal Contract Tower,0,5,0,0,5,0,0,0,0,0,0,5,0,0,5,0,0,0,5
12/03/2001,LMT,OR,ANM,WE,Federal Contract Tower,0,15,6,14,35,0,1,5,11,17,0,16,11,25,52,0,102,102,154
12/04/2001,LMT,OR,ANM,WE,Federal Contract Tower,0,22,4,16,42,0,5,4,9,18,0,27,8,25,60,18,64,82,142
12/05/2001,LMT,OR,ANM,WE,Federal Contract Tower,0,19,6,23,48,0,0,2,4,6,0,19,8,27,54,0,10,10,64
12/06/2001,LMT,OR,ANM,WE,Federal Contract Tower,0,14,7,23,44,0,2,2,11,15,0,16,9,34,59,0,48,48,107
12/07/2001,LMT,OR,ANM,WE,Federal Contract Tower,0,19,5,13,37,0,0,31,4,35,0,19,36,17,72,22,20,42,114
12/08/2001,LMT,OR,ANM,WE,Federal Contract Tower,1,11,3,16,31,0,1,49,28,78,1,12,52,44,109,38,22,60,169
12/09/2001,LMT,OR,ANM,WE,Federal Contract Tower,0,5,3,9,17,0,0,36,7,43,0,5,39,16,60,28,30,58,118
12/10/2001,LMT,OR,ANM,WE,Federal Contract Tower,0,31,7,2,40,0,0,7,0,7,0,31,14,2,47,0,0,0,47
12/11/2001,LMT,OR,ANM,WE,Federal Contract Tower,0,19,3,29,51,0,0,0,1,1,0,19,3,30,52,0,4,4,56
12/12/2001,LMT,OR,ANM,WE,Federal Contract Tower,0,20,9,39,68,0,0,3,2,5,0,20,12,41,73,0,0,0,73
12/13/2001,LMT,OR,ANM,WE,Federal Contract Tower,0,19,9,22,50,0,0,2,9,11,0,19,11,31,61,2,28,30,91
12/14/2001,LMT,OR,ANM,WE,Federal Contract Tower,0,19,5,16,40,0,0,7,9,16,0,19,12,25,56,0,8,8,64
12/15/2001,LMT,OR,ANM,WE,Federal Contract Tower,0,10,1,2,13,0,1,10,0,11,0,11,11,2,24,12,0,12,36
12/16/2001,LMT,OR,ANM,WE,Federal Contract Tower,0,4,7,0,11,0,0,9,6,15,0,4,16,6,26,2,30,32,58
12/17/2001,LMT,OR,ANM,WE,Federal Contract Tower,0,12,10,20,42,0,2,14,2,18,0,14,24,22,60,2,24,26,86
12/18/2001,LMT,OR,ANM,WE,Federal Contract Tower,0,19,8,20,47,0,1,4,1,6,0,20,12,21,53,0,4,4,57
12/19/2001,LMT,OR,ANM,WE,Federal Contract Tower,0,20,4,21,45,0,0,1,5,6,0,20,5,26,51,0,14,14,65
12/20/2001,LMT,OR,ANM,WE,Federal Contract Tower,0,22,4,25,51,0,4,8,0,12,0,26,12,25,63,2,0,2,65
12/21/2001,LMT,OR,ANM,WE,Federal Contract Tower,0,16,7,0,23,0,0,1,0,1,0,16,8,0,24,0,0,0,24
12/22/2001,LMT,OR,ANM,WE,Federal Contract Tower,0,8,3,0,11,0,2,11,0,13,0,10,14,0,24,0,0,0,24
12/23/2001,LMT,OR,ANM,WE,Federal Contract Tower,0,6,4,0,10,0,0,37,0,37,0,6,41,0,47,10,0,10,57
12/24/2001,LMT,OR,ANM,WE,Federal Contract Tower,0,12,3,0,15,0,3,20,0,23,0,15,23,0,38,0,0,0,38
12/25/2001,LMT,OR,ANM,WE,Federal Contract Tower,0,7,7,0,14,0,0,15,0,15,0,7,22,0,29,0,0,0,29
12/26/2001,LMT,OR,ANM,WE,Federal Contract Tower,0,16,4,3,23,0,1,19,7,27,0,17,23,10,50,10,10,20,70
12/27/2001,LMT,OR,ANM,WE,Federal Contract Tower,0,14,8,13,35,0,4,2,8,14,0,18,10,21,49,6,8,14,63
12/28/2001,LMT,OR,ANM,WE,Federal Contract Tower,0,17,15,10,42,0,1,25,8,34,0,18,40,18,76,16,24,40,116
12/29/2001,LMT,OR,ANM,WE,Federal Contract Tower,0,9,7,0,16,0,0,0,0,0,0,9,7,0,16,0,0,0,16
12/30/2001,LMT,OR,ANM,WE,Federal Contract Tower,0,6,5,0,11,0,0,2,0,2,0,6,7,0,13,0,0,0,13
12/31/2001,LMT,OR,ANM,WE,Federal Contract Tower,0,7,1,0,8,0,0,0,0,0,0,7,1,0,8,0,0,0,8
01/01/2002,LMT,OR,ANM,WE,Federal Contract Tower,0,8,2,0,10,0,0,0,0,0,0,8,2,0,10,0,0,0,10
01/02/2002,LMT,OR,ANM,WE,Federal Contract Tower,0,15,4,8,27,0,0,2,2,4,0,15,6,10,31,0,8,8,39
01/03/2002,LMT,OR,ANM,WE,Federal Contract Tower,0,14,9,6,29,0,0,8,3,11,0,14,17,9,40,4,2,6,46
01/04/2002,LMT,OR,ANM,WE,Federal Contract Tower,0,15,6,21,42,0,0,24,11,35,0,15,30,32,77,26,14,40,117
01/05/2002,LMT,OR,ANM,WE,Federal Contract Tower,0,8,3,9,20,0,1,32,11,44,0,9,35,20,64,36,18,54,118
01/06/2002,LMT,OR,ANM,WE,Federal Contract Tower,0,6,0,2,8,0,0,8,7,15,0,6,8,9,23,22,8,30,53
01/07/2002,LMT,OR,ANM,WE,Federal Contract Tower,0,19,4,2,25,0,2,17,0,19,0,21,21,2,44,4,0,4,48
01/08/2002,LMT,OR,ANM,WE,Federal Contract Tower,0,17,3,1,21,0,0,10,0,10,0,17,13,1,31,0,0,0,31
01/09/2002,LMT,OR,ANM,WE,Federal Contract Tower,0,12,5,6,23,0,0,28,6,34,0,12,33,12,57,32,28,60,117
01/10/2002,LMT,OR,ANM,WE,Federal Contract Tower,0,14,2,6,22,0,2,29,2,33,0,16,31,8,55,16,12,28,83
01/11/2002,LMT,OR,ANM,WE,Federal Contract Tower,0,11,16,4,31,0,1,34,7,42,0,12,50,11,73,38,12,50,123
01/12/2002,LMT,OR,ANM,WE,Federal Contract Tower,0,4,6,0,10,0,3,32,0,35,0,7,38,0,45,22,0,22,67
01/13/2002,LMT,OR,ANM,WE,Federal Contract Tower,0,8,4,0,12,0,0,57,0,57,0,8,61,0,69,32,0,32,101
01/14/2002,LMT,OR,ANM,WE,Federal Contract Tower,0,23,8,15,46,0,1,2,0,3,0,24,10,15,49,1,0,1,50
01/15/2002,LMT,OR,ANM,WE,Federal Contract Tower,0,14,3,18,35,0,0,40,0,40,0,14,43,18,75,40,8,48,123
01/16/2002,LMT,OR,ANM,WE,Federal Contract Tower,0,14,7,13,34,0,3,46,8,57,0,17,53,21,91,24,2,26,117
01/17/2002,LMT,OR,ANM,WE,Federal Contract Tower,0,19,3,14,36,0,2,10,7,19,0,21,13,21,55,16,30,46,101
01/18/2002,LMT,OR,ANM,WE,Federal Contract Tower,0,15,3,4,22,0,1,18,1,20,0,16,21,5,42,2,0,2,44
01/19/2002,LMT,OR,ANM,WE,Federal Contract Tower,0,7,4,1,12,0,0,16,0,16,0,7,20,1,28,2,0,2,30
01/20/2002,LMT,OR,ANM,WE,Federal Contract Tower,0,6,4,0,10,0,0,11,0,11,0,6,15,0,21,2,0,2,23
01/21/2002,LMT,OR,ANM,WE,Federal Contract Tower,0,12,0,0,12,0,0,0,0,0,0,12,0,0,12,0,0,0,12
01/22/2002,LMT,OR,ANM,WE,Federal Contract Tower,0,18,5,8,31,0,0,0,0,0,0,18,5,8,31,1,16,17,48
01/23/2002,LMT,OR,ANM,WE,Federal Contract Tower,0,16,7,27,50,0,1,14,16,31,0,17,21,43,81,37,70,107,188
01/24/2002,LMT,OR,ANM,WE,Federal Contract Tower,0,22,11,16,49,0,4,9,9,22,0,26,20,25,71,19,36,55,126
01/25/2002,LMT,OR,ANM,WE,Federal Contract Tower,0,14,7,6,27,0,2,3,0,5,0,16,10,6,32,0,12,12,44
01/26/2002,LMT,OR,ANM,WE,Federal Contract Tower,0,10,5,0,15,0,0,0,0,0,0,10,5,0,15,0,0,0,15
01/27/2002,LMT,OR,ANM,WE,Federal Contract Tower,0,9,14,0,23,0,0,27,0,27,0,9,41,0,50,12,0,12,62
01/28/2002,LMT,OR,ANM,WE,Federal Contract Tower,0,14,1,11,26,0,2,9,14,25,0,16,10,25,51,11,24,35,86
01/29/2002,LMT,OR,ANM,WE,Federal Contract Tower,0,18,9,13,40,0,1,31,7,39,0,19,40,20,79,8,14,22,101
01/30/2002,LMT,OR,ANM,WE,Federal Contract Tower,0,13,7,18,38,0,2,16,9,27,0,15,23,27,65,6,24,30,95
01/31/2002,LMT,OR,ANM,WE,Federal Contract Tower,0,15,10,21,46,0,1,26,5,32,0,16,36,26,78,6,12,18,96
02/01/2002,LMT,OR,ANM,WE,Federal Contract Tower,0,18,8,9,35,0,1,29,4,34,0,19,37,13,69,6,30,36,105
02/02/2002,LMT,OR,ANM,WE,Federal Contract Tower,0,4,5,7,16,0,1,50,7,58,0,5,55,14,74,78,12,90,164
02/03/2002,LMT,OR,ANM,WE,Federal Contract Tower,0,7,11,3,21,0,0,53,0,53,0,7,64,3,74,20,0,20,94
02/04/2002,LMT,OR,ANM,WE,Federal Contract Tower,0,16,3,0,19,0,1,26,0,27,0,17,29,0,46,4,0,4,50
02/05/2002,LMT,OR,ANM,WE,Federal Contract Tower,0,19,13,10,42,0,1,16,12,29,0,20,29,22,71,26,12,38,109
02/06/2002,LMT,OR,ANM,WE,Federal Contract Tower,0,19,6,38,63,0,2,17,24,43,0,21,23,62,106,42,34,76,182
02/07/2002,LMT,OR,ANM,WE,Federal Contract Tower,0,14,2,13,29,0,0,0,0,0,0,14,2,13,29,5,18,23,52
02/08/2002,LMT,OR,ANM,WE,Federal Contract Tower,0,19,8,13,40,0,0,14,2,16,0,19,22,15,56,4,20,24,80
02/09/2002,LMT,OR,ANM,WE,Federal Contract Tower,0,6,5,0,11,0,3,44,0,47,0,9,49,0,58,22,0,22,80
02/10/2002,LMT,OR,ANM,WE,Federal Contract Tower,0,7,4,0,11,0,0,48,0,48,0,7,52,0,59,32,0,32,91
02/11/2002,LMT,OR,ANM,WE,Federal Contract Tower,0,13,7,20,40,0,0,14,4,18,0,13,21,24,58,9,8,17,75
02/12/2002,LMT,OR,ANM,WE,Federal Contract Tower,0,16,1,17,34,0,5,31,10,46,0,21,32,27,80,38,34,72,152
02/13/2002,LMT,OR,ANM,WE,Federal Contract Tower,0,18,4,19,41,0,1,23,5,29,0,19,27,24,70,35,6,41,111
02/14/2002,LMT,OR,ANM,WE,Federal Contract Tower,0,18,7,4,29,0,3,23,0,26,0,21,30,4,55,36,0,36,91
02/15/2002,LMT,OR,ANM,WE,Federal Contract Tower,0,14,6,1,21,0,1,39,1,41,0,15,45,2,62,54,0,54,116
02/16/2002,LMT,OR,ANM,WE,Federal Contract Tower,0,8,0,0,8,0,2,32,0,34,0,10,32,0,42,20,0,20,62
02/17/2002,LMT,OR,ANM,WE,Federal Contract Tower,0,7,5,0,12,0,0,0,0,0,0,7,5,0,12,0,0,0,12
02/18/2002,LMT,OR,ANM,WE,Federal Contract Tower,0,14,3,0,17,0,0,24,0,24,0,14,27,0,41,28,0,28,69
02/19/2002,LMT,OR,ANM,WE,Federal Contract Tower,0,20,3,19,42,0,0,0,0,0,0,20,3,19,42,0,0,0,42
02/20/2002,LMT,OR,ANM,WE,Federal Contract Tower,0,17,17,28,62,0,0,3,6,9,0,17,20,34,71,12,26,38,109
02/21/2002,LMT,OR,ANM,WE,Federal Contract Tower,0,16,5,13,34,0,0,7,0,7,0,16,12,13,41,26,46,72,113
02/22/2002,LMT,OR,ANM,WE,Federal Contract Tower,0,15,5,6,26,0,1,14,0,15,0,16,19,6,41,46,18,64,105
02/23/2002,LMT,OR,ANM,WE,Federal Contract Tower,0,10,5,0,15,0,0,2,0,2,0,10,7,0,17,0,0,0,17
02/24/2002,LMT,OR,ANM,WE,Federal Contract Tower,0,9,4,4,17,0,2,38,0,40,0,11,42,4,57,64,16,80,137
02/25/2002,LMT,OR,ANM,WE,Federal Contract Tower,0,14,5,12,31,0,2,50,2,54,0,16,55,14,85,49,35,84,169
02/26/2002,LMT,OR,ANM,WE,Federal Contract Tower,0,15,6,15,36,0,1,68,13,82,0,16,74,28,118,130,42,172,290
02/27/2002,LMT,OR,ANM,WE,Federal Contract Tower,0,14,6,15,35,0,1,62,15,78,0,15,68,30,113,44,48,92,205
02/28/2002,LMT,OR,ANM,WE,Federal Contract Tower,0,12,6,13,31,0,0,36,8,44,0,12,42,21,75,28,42,70,145
03/01/2002,LMT,OR,ANM,WE,Federal Contract Tower,0,12,2,9,23,0,2,52,9,63,0,14,54,18,86,36,16,52,138
03/02/2002,LMT,OR,ANM,WE,Federal Contract Tower,0,7,3,15,25,0,1,59,15,75,0,8,62,30,100,53,36,89,189
03/03/2002,LMT,OR,ANM,WE,Federal Contract Tower,0,7,3,11,21,0,2,85,4,91,0,9,88,15,112,36,18,54,166
03/04/2002,LMT,OR,ANM,WE,Federal Contract Tower,0,12,15,8,35,0,3,58,0,61,0,15,73,8,96,44,24,68,164
03/05/2002,LMT,OR,ANM,WE,Federal Contract Tower,0,21,6,18,45,0,0,32,6,38,0,21,38,24,83,6,8,14,97
03/06/2002,LMT,OR,ANM,WE,Federal Contract Tower,0,15,6,14,35,0,1,25,9,35,0,16,31,23,70,6,10,16,86
03/07/2002,LMT,OR,ANM,WE,Federal Contract Tower,0,17,12,11,40,0,0,4,6,10,0,17,16,17,50,0,10,10,60
03/08/2002,LMT,OR,ANM,WE,Federal Contract Tower,0,13,18,16,47,0,1,41,4,46,0,14,59,20,93,62,25,87,180
03/09/2002,LMT,OR,ANM,WE,Federal Contract Tower,0,8,4,2,14,0,0,3,2,5,0,8,7,4,19,0,0,0,19
03/10/2002,LMT,OR,ANM,WE,Federal Contract Tower,0,7,3,0,10,0,0,4,0,4,0,7,7,0,14,6,0,6,20
03/11/2002,LMT,OR,ANM,WE,Federal Contract Tower,0,17,4,19,40,0,0,11,5,16,0,17,15,24,56,0,36,36,92
03/12/2002,LMT,OR,ANM,WE,Federal Contract Tower,0,20,4,28,52,0,0,6,0,6,0,20,10,28,58,0,38,38,96
03/13/2002,LMT,OR,ANM,WE,Federal Contract Tower,0,14,12,18,44,0,0,8,8,16,0,14,20,26,60,3,8,11,71
03/14/2002,LMT,OR,ANM,WE,Federal Contract Tower,0,17,4,18,39,0,2,28,6,36,0,19,32,24,75,32,0,32,107
03/15/2002,LMT,OR,ANM,WE,Federal Contract Tower,0,16,7,12,35,0,0,12,0,12,0,16,19,12,47,20,0,20,67
03/16/2002,LMT,OR,ANM,WE,Federal Contract Tower,0,5,7,2,14,0,1,2,0,3,0,6,9,2,17,0,0,0,17
03/17/2002,LMT,OR,ANM,WE,Federal Contract Tower,0,11,4,0,15,0,0,5,0,5,0,11,9,0,20,2,0,2,22
03/18/2002,LMT,OR,ANM,WE,Federal Contract Tower,0,16,6,0,22,0,6,47,0,53,0,22,53,0,75,56,0,56,131
03/19/2002,LMT,OR,ANM,WE,Federal Contract Tower,0,19,10,13,42,0,3,33,16,52,0,22,43,29,94,68,36,104,198
03/20/2002,LMT,OR,ANM,WE,Federal Contract Tower,0,14,11,13,38,0,2,74,9,85,0,16,85,22,123,17,34,51,174
03/21/2002,LMT,OR,ANM,WE,Federal Contract Tower,0,15,13,23,51,0,4,25,10,39,0,19,38,33,90,18,70,88,178
03/22/2002,LMT,OR,ANM,WE,Federal Contract Tower,0,14,9,14,37,0,3,18,12,33,0,17,27,26,70,0,52,52,122
03/23/2002,LMT,OR,ANM,WE,Federal Contract Tower,0,7,8,0,15,0,1,12,0,13,0,8,20,0,28,16,0,16,44
03/24/2002,LMT,OR,ANM,WE,Federal Contract Tower,0,6,13,2,21,0,0,22,2,24,0,6,35,4,45,34,0,34,79
03/25/2002,LMT,OR,ANM,WE,Federal Contract Tower,0,10,11,16,37,0,3,38,12,53,0,13,49,28,90,48,82,130,220
03/26/2002,LMT,OR,ANM,WE,Federal Contract Tower,0,12,4,15,31,0,1,41,13,55,0,13,45,28,86,58,22,80,166
03/27/2002,LMT,OR,ANM,WE,Federal Contract Tower,0,11,4,25,40,0,6,37,10,53,0,17,41,35,93,56,76,132,225
03/28/2002,LMT,OR,ANM,WE,Federal Contract Tower,0,11,8,19,38,0,5,48,13,66,0,16,56,32,104,16,16,32,136
03/29/2002,LMT,OR,ANM,WE,Federal Contract Tower,0,15,8,12,35,0,3,32,6,41,0,18,40,18,76,22,18,40,116
03/30/2002,LMT,OR,ANM,WE,Federal Contract Tower,0,8,3,0,11,0,2,47,0,49,0,10,50,0,60,16,0,16,76
03/31/2002,LMT,OR,ANM,WE,Federal Contract Tower,0,6,5,0,11,0,0,34,0,34,0,6,39,0,45,8,0,8,53
04/01/2002,LMT,OR,ANM,WE,Federal Contract Tower,0,14,12,0,26,0,3,62,0,65,0,17,74,0,91,40,0,40,131
04/02/2002,LMT,OR,ANM,WE,Federal Contract Tower,0,14,13,21,48,0,4,40,2,46,0,18,53,23,94,94,22,116,210
04/03/2002,LMT,OR,ANM,WE,Federal Contract Tower,0,10,6,33,49,0,3,51,13,67,0,13,57,46,116,90,42,132,248
04/04/2002,LMT,OR,ANM,WE,Federal Contract Tower,0,12,9,22,43,0,4,31,10,45,0,16,40,32,88,12,16,28,116
04/05/2002,LMT,OR,ANM,WE,Federal Contract Tower,0,15,20,5,40,0,2,31,7,40,0,17,51,12,80,34,22,56,136
04/06/2002,LMT,OR,ANM,WE,Federal Contract Tower,0,9,3,2,14,0,1,22,0,23,0,10,25,2,37,32,0,32,69
04/07/2002,LMT,OR,ANM,WE,Federal Contract Tower,0,6,7,2,15,0,0,31,0,31,0,6,38,2,46,0,0,0,46
04/08/2002,LMT,OR,ANM,WE,Federal Contract Tower,0,17,3,11,31,0,3,27,21,51,0,20,30,32,82,22,22,44,126
04/09/2002,LMT,OR,ANM,WE,Federal Contract Tower,0,19,6,20,45,0,2,10,12,24,0,21,16,32,69,2,32,34,103
04/10/2002,LMT,OR,ANM,WE,Federal Contract Tower,0,12,9,13,34,0,4,37,14,55,0,16,46,27,89,40,30,70,159
04/11/2002,LMT,OR,ANM,WE,Federal Contract Tower,0,11,11,25,47,0,2,32,27,61,0,13,43,52,108,18,10,28,136
04/12/2002,LMT,OR,ANM,WE,Federal Contract Tower,0,11,8,10,29,0,3,44,9,56,0,14,52,19,85,2,16,18,103
04/13/2002,LMT,OR,ANM,WE,Federal Contract Tower,0,6,8,15,29,0,0,15,22,37,0,6,23,37,66,34,14,48,114
04/14/2002,LMT,OR,ANM,WE,Federal Contract Tower,0,5,4,14,23,0,0,16,9,25,0,5,20,23,48,6,14,20,68
04/15/2002,LMT,OR,ANM,WE,Federal Contract Tower,0,16,4,0,20,0,1,25,0,26,0,17,29,0,46,10,0,10,56
04/16/2002,LMT,OR,ANM,WE,Federal Contract Tower,0,15,9,15,39,0,0,15,1,16,0,15,24,16,55,12,12,24,79
04/17/2002,LMT,OR,ANM,WE,Federal Contract Tower,0,20,6,20,46,0,0,24,11,35,0,20,30,31,81,12,6,18,99
04/18/2002,LMT,OR,ANM,WE,Federal Contract Tower,0,16,13,13,42,0,0,39,28,67,0,16,52,41,109,14,28,42,151
04/19/2002,LMT,OR,ANM,WE,Federal Contract Tower,0,15,4,16,35,0,1,41,31,73,0,16,45,47,108,50,26,76,184
04/20/2002,LMT,OR,ANM,WE,Federal Contract Tower,0,8,4,0,12,0,1,52,0,53,0,9,56,0,65,22,0,22,87
04/21/2002,LMT,OR,ANM,WE,Federal Contract Tower,0,7,4,2,13,0,0,57,0,57,0,7,61,2,70,30,2,32,102
04/22/2002,LMT,OR,ANM,WE,Federal Contract Tower,0,16,10,11,37,0,5,50,18,73,0,21,60,29,110,36,8,44,154
04/23/2002,LMT,OR,ANM,WE,Federal Contract Tower,0,16,11,14,41,0,1,51,32,84,0,17,62,46,125,16,8,24,149
04/24/2002,LMT,OR,ANM,WE,Federal Contract Tower,0,13,9,7,29,0,4,51,3,58,0,17,60,10,87,22,10,32,119
04/25/2002,LMT,OR,ANM,WE,Federal Contract Tower,0,12,7,13,32,0,5,51,11,67,0,17,58,24,99,32,8,40,139
04/26/2002,LMT,OR,ANM,WE,Federal Contract Tower,0,11,9,8,28,0,0,42,11,53,0,11,51,19,81,30,4,34,115
04/27/2002,LMT,OR,ANM,WE,Federal Contract Tower,0,7,7,0,14,0,3,10,0,13,0,10,17,0,27,12,0,12,39
04/28/2002,LMT,OR,ANM,WE,Federal Contract Tower,0,6,5,3,14,0,1,54,3,58,0,7,59,6,72,22,8,30,102
04/29/2002,LMT,OR,ANM,WE,Federal Contract Tower,0,19,5,8,32,0,3,22,1,26,0,22,27,9,58,10,8,18,76
04/30/2002,LMT,OR,ANM,WE,Federal Contract Tower,0,18,7,4,29,0,0,1,0,1,0,18,8,4,30,0,0,0,30
05/01/2002,LMT,OR,ANM,WE,Federal Contract Tower,0,12,14,23,49,0,2,38,9,49,0,14,52,32,98,34,30,64,162
05/02/2002,LMT,OR,ANM,WE,Federal Contract Tower,0,12,16,11,39,0,3,59,9,71,0,15,75,20,110,8,8,16,126
05/03/2002,LMT,OR,ANM,WE,Federal Contract Tower,0,11,3,12,26,0,2,60,6,68,0,13,63,18,94,16,8,24,118
05/04/2002,LMT,OR,ANM,WE,Federal Contract Tower,0,9,2,0,11,0,2,64,0,66,0,11,66,0,77,8,0,8,85
05/05/2002,LMT,OR,ANM,WE,Federal Contract Tower,0,7,5,2,14,0,0,21,0,21,0,7,26,2,35,4,0,4,39
05/06/2002,LMT,OR,ANM,WE,Federal Contract Tower,0,13,2,12,27,0,3,25,18,46,0,16,27,30,73,0,18,18,91
05/07/2002,LMT,OR,ANM,WE,Federal Contract Tower,0,10,6,11,27,0,1,44,17,62,0,11,50,28,89,42,25,67,156
05/08/2002,LMT,OR,ANM,WE,Federal Contract Tower,0,15,11,16,42,0,10,51,9,70,0,25,62,25,112,42,14,56,168
05/09/2002,LMT,OR,ANM,WE,Federal Contract Tower,0,19,4,18,41,0,3,29,21,53,0,22,33,39,94,12,40,52,146
05/10/2002,LMT,OR,ANM,WE,Federal Contract Tower,0,17,4,20,41,0,3,25,4,32,0,20,29,24,73,8,10,18,91
05/11/2002,LMT,OR,ANM,WE,Federal Contract Tower,0,9,3,0,12,0,3,53,0,56,0,12,56,0,68,48,0,48,116
05/12/2002,LMT,OR,ANM,WE,Federal Contract Tower,0,7,4,0,11,0,0,56,0,56,0,7,60,0,67,22,0,22,89
05/13/2002,LMT,OR,ANM,WE,Federal Contract Tower,0,14,13,0,27,0,6,31,0,37,0,20,44,0,64,4,0,4,68
05/14/2002,LMT,OR,ANM,WE,Federal Contract Tower,0,12,8,17,37,0,3,39,10,52,0,15,47,27,89,38,10,48,137
05/15/2002,LMT,OR,ANM,WE,Federal Contract Tower,0,16,3,14,33,0,4,59,14,77,0,20,62,28,110,74,14,88,198
05/16/2002,LMT,OR,ANM,WE,Federal Contract Tower,0,12,9,14,35,0,3,34,11,48,0,15,43,25,83,20,22,42,125
05/17/2002,LMT,OR,ANM,WE,Federal Contract Tower,0,18,6,12,36,0,5,36,8,49,0,23,42,20,85,70,16,86,171
05/18/2002,LMT,OR,ANM,WE,Federal Contract Tower,0,12,6,12,30,0,0,47,11,58,0,12,53,23,88,16,10,26,114
05/19/2002,LMT,OR,ANM,WE,Federal Contract Tower,0,8,2,8,18,0,0,19,0,19,0,8,21,8,37,14,14,28,65
05/20/2002,LMT,OR,ANM,WE,Federal Contract Tower,0,16,7,12,35,0,3,14,2,19,0,19,21,14,54,20,8,28,82
05/21/2002,LMT,OR,ANM,WE,Federal Contract Tower,0,15,12,18,45,0,0,5,4,9,0,15,17,22,54,16,24,40,94
05/22/2002,LMT,OR,ANM,WE,Federal Contract Tower,0,9,11,19,39,0,2,28,4,34,0,11,39,23,73,36,44,80,153
05/23/2002,LMT,OR,ANM,WE,Federal Contract Tower,0,12,4,17,33,0,2,51,0,53,0,14,55,17,86,32,10,42,128
05/24/2002,LMT,OR,ANM,WE,Federal Contract Tower,0,11,1,0,12,0,3,61,2,66,0,14,62,2,78,8,0,8,86
05/25/2002,LMT,OR,ANM,WE,Federal Contract Tower,0,9,0,0,9,0,0,56,0,56,0,9,56,0,65,28,0,28,93
05/26/2002,LMT,OR,ANM,WE,Federal Contract Tower,0,6,1,0,7,0,0,54,0,54,0,6,55,0,61,4,0,4,65
05/27/2002,LMT,OR,ANM,WE,Federal Contract Tower,0,9,2,0,11,0,32,50,12,94,0,41,52,12,105,38,26,64,169
05/28/2002,LMT,OR,ANM,WE,Federal Contract Tower,0,16,17,15,48,0,2,42,10,54,0,18,59,25,102,14,26,40,142
05/29/2002,LMT,OR,ANM,WE,Federal Contract Tower,0,12,11,25,48,0,5,31,8,44,0,17,42,33,92,34,88,122,214
05/30/2002,LMT,OR,ANM,WE,Federal Contract Tower,0,15,2,15,32,0,4,32,16,52,0,19,34,31,84,60,28,88,172
05/31/2002,LMT,OR,ANM,WE,Federal Contract Tower,0,14,5,9,28,0,6,77,5,88,0,20,82,14,116,54,16,70,186
06/01/2002,LMT,OR,ANM,WE,Federal Contract Tower,0,8,2,1,11,0,0,47,1,48,0,8,49,2,59,58,0,58,117
06/02/2002,LMT,OR,ANM,WE,Federal Contract Tower,0,7,4,1,12,0,1,69,5,75,0,8,73,6,87,50,0,50,137
06/03/2002,LMT,OR,ANM,WE,Federal Contract Tower,0,11,7,25,43,0,5,67,19,91,0,16,74,44,134,44,52,96,230
06/04/2002,LMT,OR,ANM,WE,Federal Contract Tower,0,11,6,22,39,0,4,76,19,99,0,15,82,41,138,33,22,55,193
06/05/2002,LMT,OR,ANM,WE,Federal Contract Tower,0,10,7,20,37,0,4,60,26,90,0,14,67,46,127,34,44,78,205
06/06/2002,LMT,OR,ANM,WE,Federal Contract Tower,0,10,6,27,43,0,4,62,11,77,0,14,68,38,120,54,24,78,198
06/07/2002,LMT,OR,ANM,WE,Federal Contract Tower,0,12,4,15,31,0,6,74,2,82,0,18,78,17,113,28,30,58,171
06/08/2002,LMT,OR,ANM,WE,Federal Contract Tower,0,13,3,0,16,0,0,82,6,88,0,13,85,6,104,4,0,4,108
06/09/2002,LMT,OR,ANM,WE,Federal Contract Tower,0,9,3,1,13,0,0,97,1,98,0,9,100,2,111,42,0,42,153
06/10/2002,LMT,OR,ANM,WE,Federal Contract Tower,0,13,13,0,26,0,1,105,0,106,0,14,118,0,132,44,0,44,176
06/11/2002,LMT,OR,ANM,WE,Federal Contract Tower,0,17,7,10,34,0,1,68,8,77,0,18,75,18,111,44,43,87,198
06/12/2002,LMT,OR,ANM,WE,Federal Contract Tower,0,14,1,18,33,0,7,52,13,72,0,21,53,31,105,24,68,92,197
06/13/2002,LMT,OR,ANM,WE,Federal Contract Tower,0,12,7,10,29,0,4,67,6,77,0,16,74,16,106,8,32,40,146
06/14/2002,LMT,OR,ANM,WE,Federal Contract Tower,0,11,21,7,39,0,4,127,3,134,0,15,148,10,173,18,20,38,211
06/15/2002,LMT,OR,ANM,WE,Federal Contract Tower,0,7,8,0,15,0,1,80,0,81,0,8,88,0,96,22,0,22,118
06/16/2002,LMT,OR,ANM,WE,Federal Contract Tower,0,7,4,0,11,0,1,56,0,57,0,8,60,0,68,24,0,24,92
06/17/2002,LMT,OR,ANM,WE,Federal Contract Tower,0,21,6,16,43,0,3,39,10,52,0,24,45,26,95,0,34,34,129
06/18/2002,LMT,OR,ANM,WE,Federal Contract Tower,0,12,10,29,51,0,6,17,8,31,0,18,27,37,82,14,46,60,142
06/19/2002,LMT,OR,ANM,WE,Federal Contract Tower,0,14,7,15,36,0,5,59,9,73,0,19,66,24,109,22,44,66,175
06/20/2002,LMT,OR,ANM,WE,Federal Contract Tower,0,18,3,17,38,0,7,80,12,99,0,25,83,29,137,12,6,18,155
06/21/2002,LMT,OR,ANM,WE,Federal Contract Tower,0,15,6,19,40,0,4,76,4,84,0,19,82,23,124,14,22,36,160
06/22/2002,LMT,OR,ANM,WE,Federal Contract Tower,0,9,3,13,25,0,1,92,13,106,0,10,95,26,131,42,18,60,191
06/23/2002,LMT,OR,ANM,WE,Federal Contract Tower,0,8,9,8,25,0,0,63,7,70,0,8,72,15,95,12,8,20,115
06/24/2002,LMT,OR,ANM,WE,Federal Contract Tower,0,15,9,0,24,0,2,54,0,56,0,17,63,0,80,0,6,6,86
06/25/2002,LMT,OR,ANM,WE,Federal Contract Tower,0,11,7,13,31,0,7,54,16,77,0,18,61,29,108,10,45,55,163
06/26/2002,LMT,OR,ANM,WE,Federal Contract Tower,0,11,4,16,31,0,4,80,11,95,0,15,84,27,126,20,30,50,176
06/27/2002,LMT,OR,ANM,WE,Federal Contract Tower,0,13,4,11,28,0,8,61,5,74,0,21,65,16,102,26,36,62,164
06/28/2002,LMT,OR,ANM,WE,Federal Contract Tower,0,14,18,5,37,0,6,84,3,93,0,20,102,8,130,10,2,12,142
06/29/2002,LMT,OR,ANM,WE,Federal Contract Tower,0,10,10,4,24,0,0,70,0,70,0,10,80,4,94,24,0,24,118
06/30/2002,LMT,OR,ANM,WE,Federal Contract Tower,0,7,3,0,10,0,0,100,0,100,0,7,103,0,110,28,0,28,138
07/01/2002,LMT,OR,ANM,WE,Federal Contract Tower,0,12,4,11,27,0,6,67,12,85,0,18,71,23,112,20,18,38,150
07/02/2002,LMT,OR,ANM,WE,Federal Contract Tower,0,15,6,20,41,0,16,92,14,122,0,31,98,34,163,34,50,84,247
07/03/2002,LMT,OR,ANM,WE,Federal Contract Tower,0,12,1,17,30,0,5,71,23,99,0,17,72,40,129,12,44,56,185
07/04/2002,LMT,OR,ANM,WE,Federal Contract Tower,0,7,0,2,9,0,0,87,6,93,0,7,87,8,102,4,6,10,112
07/05/2002,LMT,OR,ANM,WE,Federal Contract Tower,0,15,2,0,17,0,4,43,0,47,0,19,45,0,64,18,0,18,82
07/06/2002,LMT,OR,ANM,WE,Federal Contract Tower,0,8,0,0,8,0,2,82,0,84,0,10,82,0,92,14,0,14,106
07/07/2002,LMT,OR,ANM,WE,Federal Contract Tower,0,9,4,0,13,0,0,72,0,72,0,9,76,0,85,10,0,10,95
07/08/2002,LMT,OR,ANM,WE,Federal Contract Tower,0,10,9,0,19,0,7,62,0,69,0,17,71,0,88,30,0,30,118
07/09/2002,LMT,OR,ANM,WE,Federal Contract Tower,0,16,6,13,35,0,10,43,10,63,0,26,49,23,98,40,64,104,202
07/10/2002,LMT,OR,ANM,WE,Federal Contract Tower,0,7,7,21,35,0,5,69,18,92,0,12,76,39,127,82,30,112,239
07/11/2002,LMT,OR,ANM,WE,Federal Contract Tower,0,9,8,17,34,0,5,53,19,77,0,14,61,36,111,84,34,118,229
07/12/2002,LMT,OR,ANM,WE,Federal Contract Tower,0,12,13,17,42,0,5,102,6,113,0,17,115,23,155,32,16,48,203
07/13/2002,LMT,OR,ANM,WE,Federal Contract Tower,0,6,2,0,8,0,1,78,0,79,0,7,80,0,87,10,0,10,97
07/14/2002,LMT,OR,ANM,WE,Federal Contract Tower,0,6,4,0,10,0,0,142,0,142,0,6,146,0,152,6,0,6,158
07/15/2002,LMT,OR,ANM,WE,Federal Contract Tower,0,17,5,18,40,0,4,83,9,96,0,21,88,27,136,56,26,82,218
07/16/2002,LMT,OR,ANM,WE,Federal Contract Tower,0,19,5,18,42,0,6,77,12,95,0,25,82,30,137,24,30,54,191
07/17/2002,LMT,OR,ANM,WE,Federal Contract Tower,0,13,10,16,39,0,3,79,18,100,0,16,89,34,139,87,21,108,247
07/18/2002,LMT,OR,ANM,WE,Federal Contract Tower,0,9,8,15,32,0,7,110,5,122,0,16,118,20,154,30,10,40,194
07/19/2002,LMT,OR,ANM,WE,Federal Contract Tower,0,17,8,8,33,0,15,80,10,105,0,32,88,18,138,28,4,32,170
07/20/2002,LMT,OR,ANM,WE,Federal Contract Tower,0,10,4,1,15,0,1,108,0,109,0,11,112,1,124,40,0,40,164
07/21/2002,LMT,OR,ANM,WE,Federal Contract Tower,0,9,4,1,14,0,0,101,6,107,0,9,105,7,121,22,0,22,143
07/22/2002,LMT,OR,ANM,WE,Federal Contract Tower,0,16,4,8,28,0,5,98,0,103,0,21,102,8,131,42,0,42,173
07/23/2002,LMT,OR,ANM,WE,Federal Contract Tower,0,16,6,21,43,0,4,63,25,92,0,20,69,46,135,12,10,22,157
07/24/2002,LMT,OR,ANM,WE,Federal Contract Tower,0,14,7,20,41,0,6,146,25,177,0,20,153,45,218,38,10,48,266
07/25/2002,LMT,OR,ANM,WE,Federal Contract Tower,0,18,22,45,85,0,5,55,0,60,0,23,77,45,145,0,2,2,147
07/26/2002,LMT,OR,ANM,WE,Federal Contract Tower,0,15,10,36,61,0,3,75,20,98,0,18,85,56,159,12,6,18,177
07/27/2002,LMT,OR,ANM,WE,Federal Contract Tower,0,9,1,0,10,0,1,74,0,75,0,10,75,0,85,2,0,2,87
07/28/2002,LMT,OR,ANM,WE,Federal Contract Tower,0,7,8,2,17,0,0,79,0,79,0,7,87,2,96,22,0,22,118
07/29/2002,LMT,OR,ANM,WE,Federal Contract Tower,0,13,9,21,43,0,4,67,27,98,0,17,76,48,141,6,14,20,161
07/30/2002,LMT,OR,ANM,WE,Federal Contract Tower,0,17,13,38,68,0,0,34,8,42,0,17,47,46,110,40,4,44,154
07/31/2002,LMT,OR,ANM,WE,Federal Contract Tower,0,16,19,44,79,0,1,55,3,59,0,17,74,47,138,18,0,18,156
08/01/2002,LMT,OR,ANM,WE,Federal Contract Tower,0,14,11,36,61,0,6,64,20,90,0,20,75,56,151,54,52,106,257
08/02/2002,LMT,OR,ANM,WE,Federal Contract Tower,0,19,20,44,83,0,0,28,0,28,0,19,48,44,111,0,8,8,119
08/03/2002,LMT,OR,ANM,WE,Federal Contract Tower,0,13,1,5,19,0,0,96,0,96,0,13,97,5,115,18,0,18,133
08/04/2002,LMT,OR,ANM,WE,Federal Contract Tower,0,9,8,1,18,0,0,34,0,34,0,9,42,1,52,10,0,10,62
08/05/2002,LMT,OR,ANM,WE,Federal Contract Tower,0,22,7,0,29,0,5,45,0,50,0,27,52,0,79,50,0,50,129
08/06/2002,LMT,OR,ANM,WE,Federal Contract Tower,0,15,5,26,46,0,3,53,0,56,0,18,58,26,102,20,38,58,160
08/07/2002,LMT,OR,ANM,WE,Federal Contract Tower,0,13,11,26,50,0,3,78,10,91,0,16,89,36,141,26,52,78,219
08/08/2002,LMT,OR,ANM,WE,Federal Contract Tower,0,14,8,21,43,0,4,72,15,91,0,18,80,36,134,32,24,56,190
08/09/2002,LMT,OR,ANM,WE,Federal Contract Tower,0,13,13,12,38,0,6,110,3,119,0,19,123,15,157,41,22,63,220
08/10/2002,LMT,OR,ANM,WE,Federal Contract Tower,0,9,4,0,13,0,0,72,0,72,0,9,76,0,85,26,0,26,111
08/11/2002,LMT,OR,ANM,WE,Federal Contract Tower,0,7,2,0,9,0,0,55,0,55,0,7,57,0,64,18,0,18,82
08/12/2002,LMT,OR,ANM,WE,Federal Contract Tower,0,14,1,18,33,0,5,59,7,71,0,19,60,25,104,26,10,36,140
08/13/2002,LMT,OR,ANM,WE,Federal Contract Tower,0,12,11,20,43,0,1,61,6,68,0,13,72,26,111,40,12,52,163
08/14/2002,LMT,OR,ANM,WE,Federal Contract Tower,0,19,17,21,57,0,3,79,0,82,0,22,96,21,139,40,8,48,187
08/15/2002,LMT,OR,ANM,WE,Federal Contract Tower,0,14,7,18,39,0,4,96,13,113,0,18,103,31,152,10,8,18,170
08/16/2002,LMT,OR,ANM,WE,Federal Contract Tower,0,15,17,19,51,0,6,88,1,95,0,21,105,20,146,20,28,48,194
08/17/2002,LMT,OR,ANM,WE,Federal Contract Tower,0,8,15,5,28,0,0,58,0,58,0,8,73,5,86,0,0,0,86
08/18/2002,LMT,OR,ANM,WE,Federal Contract Tower,0,11,6,12,29,0,0,50,6,56,0,11,56,18,85,22,8,30,115
08/19/2002,LMT,OR,ANM,WE,Federal Contract Tower,0,15,10,2,27,0,0,23,0,23,0,15,33,2,50,0,4,4,54
08/20/2002,LMT,OR,ANM,WE,Federal Contract Tower,0,17,8,24,49,0,1,31,12,44,0,18,39,36,93,26,44,70,163
08/21/2002,LMT,OR,ANM,WE,Federal Contract Tower,0,25,9,18,52,0,5,91,23,119,0,30,100,41,171,30,30,60,231
08/22/2002,LMT,OR,ANM,WE,Federal Contract Tower,0,15,16,18,49,0,3,79,19,101,0,18,95,37,150,22,12,34,184
08/23/2002,LMT,OR,ANM,WE,Federal Contract Tower,0,15,6,22,43,0,4,58,14,76,0,19,64,36,119,34,30,64,183
08/24/2002,LMT,OR,ANM,WE,Federal Contract Tower,0,13,5,1,19,0,0,72,0,72,0,13,77,1,91,42,0,42,133
08/25/2002,LMT,OR,ANM,WE,Federal Contract Tower,0,11,7,0,18,0,0,67,0,67,0,11,74,0,85,30,0,30,115
08/26/2002,LMT,OR,ANM,WE,Federal Contract Tower,0,14,10,15,39,0,2,28,14,44,0,16,38,29,83,6,8,14,97
08/27/2002,LMT,OR,ANM,WE,Federal Contract Tower,0,12,9,19,40,0,2,76,15,93,0,14,85,34,133,36,24,60,193
08/28/2002,LMT,OR,ANM,WE,Federal Contract Tower,0,23,11,19,53,0,3,68,30,101,0,26,79,49,154,56,34,90,244
08/29/2002,LMT,OR,ANM,WE,Federal Contract Tower,0,20,4,15,39,0,3,76,16,95,0,23,80,31,134,36,20,56,190
08/30/2002,LMT,OR,ANM,WE,Federal Contract Tower,0,14,12,0,26,0,4,102,0,106,0,18,114,0,132,32,0,32,164
08/31/2002,LMT,OR,ANM,WE,Federal Contract Tower,0,9,8,0,17,0,2,91,0,93,0,11,99,0,110,42,0,42,152
09/01/2002,LMT,OR,ANM,WE,Federal Contract Tower,0,8,8,0,16,0,3,60,0,63,0,11,68,0,79,22,0,22,101
09/02/2002,LMT,OR,ANM,WE,Federal Contract Tower,0,9,8,0,17,0,0,72,0,72,0,9,80,0,89,16,0,16,105
09/03/2002,LMT,OR,ANM,WE,Federal Contract Tower,0,11,5,16,32,0,10,64,6,80,0,21,69,22,112,12,12,24,136
09/04/2002,LMT,OR,ANM,WE,Federal Contract Tower,0,22,8,13,43,0,2,54,11,67,0,24,62,24,110,22,34,56,166
09/05/2002,LMT,OR,ANM,WE,Federal Contract Tower,0,19,7,15,41,0,7,86,18,111,0,26,93,33,152,10,4,14,166
09/06/2002,LMT,OR,ANM,WE,Federal Contract Tower,0,15,6,19,40,0,6,42,15,63,0,21,48,34,103,12,14,26,129
09/07/2002,LMT,OR,ANM,WE,Federal Contract Tower,0,7,3,2,12,0,0,68,1,69,0,7,71,3,81,25,0,25,106
09/08/2002,LMT,OR,ANM,WE,Federal Contract Tower,0,9,2,1,12,0,0,47,2,49,0,9,49,3,61,14,0,14,75
09/09/2002,LMT,OR,ANM,WE,Federal Contract Tower,0,16,8,11,35,0,3,48,15,66,0,19,56,26,101,34,34,68,169
09/10/2002,LMT,OR,ANM,WE,Federal Contract Tower,0,13,5,14,32,0,6,56,10,72,0,19,61,24,104,26,22,48,152
09/11/2002,LMT,OR,ANM,WE,Federal Contract Tower,0,22,11,20,53,0,7,63,25,95,0,29,74,45,148,26,80,106,254
09/12/2002,LMT,OR,ANM,WE,Federal Contract Tower,0,18,9,22,49,0,2,74,10,86,0,20,83,32,135,60,52,112,247
09/13/2002,LMT,OR,ANM,WE,Federal Contract Tower,0,12,8,22,42,0,6,101,7,114,0,18,109,29,156,30,58,88,244
09/14/2002,LMT,OR,ANM,WE,Federal Contract Tower,0,7,1,22,30,0,3,75,4,82,0,10,76,26,112,52,46,98,210
09/15/2002,LMT,OR,ANM,WE,Federal Contract Tower,0,9,8,24,41,0,0,66,0,66,0,9,74,24,107,20,10,30,137
09/16/2002,LMT,OR,ANM,WE,Federal Contract Tower,0,15,7,14,36,0,7,77,0,84,0,22,84,14,120,32,4,36,156
09/17/2002,LMT,OR,ANM,WE,Federal Contract Tower,0,19,19,20,58,0,0,35,11,46,0,19,54,31,104,2,16,18,122
09/18/2002,LMT,OR,ANM,WE,Federal Contract Tower,0,15,13,12,40,0,1,45,10,56,0,16,58,22,96,72,14,86,182
09/19/2002,LMT,OR,ANM,WE,Federal Contract Tower,0,11,8,13,32,0,7,48,11,66,0,18,56,24,98,50,28,78,176
09/20/2002,LMT,OR,ANM,WE,Federal Contract Tower,0,17,9,15,41,0,4,70,12,86,0,21,79,27,127,74,14,88,215
09/21/2002,LMT,OR,ANM,WE,Federal Contract Tower,0,5,2,2,9,0,2,69,0,71,0,7,71,2,80,20,0,20,100
09/22/2002,LMT,OR,ANM,WE,Federal Contract Tower,0,6,3,0,9,0,1,51,0,52,0,7,54,0,61,32,0,32,93
09/23/2002,LMT,OR,ANM,WE,Federal Contract Tower,0,18,3,11,32,0,5,51,8,64,0,23,54,19,96,42,22,64,160
09/24/2002,LMT,OR,ANM,WE,Federal Contract Tower,0,10,3,15,28,0,6,75,11,92,0,16,78,26,120,34,24,58,178
09/25/2002,LMT,OR,ANM,WE,Federal Contract Tower,0,13,3,22,38,0,3,41,19,63,0,16,44,41,101,76,28,104,205
09/26/2002,LMT,OR,ANM,WE,Federal Contract Tower,0,8,2,12,22,0,2,42,6,50,0,10,44,18,72,20,28,48,120
09/27/2002,LMT,OR,ANM,WE,Federal Contract Tower,0,8,8,5,21,0,2,70,5,77,0,10,78,10,98,110,4,114,212
09/28/2002,LMT,OR,ANM,WE,Federal Contract Tower,0,6,2,0,8,0,0,75,0,75,0,6,77,0,83,36,0,36,119
09/29/2002,LMT,OR,ANM,WE,Federal Contract Tower,0,7,2,0,9,0,0,44,0,44,0,7,46,0,53,14,0,14,67
09/30/2002,LMT,OR,ANM,WE,Federal Contract Tower,0,13,5,0,18,0,2,49,0,51,0,15,54,0,69,30,0,30,99
10/01/2002,LMT,OR,ANM,WE,Federal Contract Tower,0,13,9,14,36,0,2,18,12,32,0,15,27,26,68,26,20,46,114
10/02/2002,LMT,OR,ANM,WE,Federal Contract Tower,0,16,4,20,40,0,2,65,9,76,0,18,69,29,116,34,22,56,172
10/03/2002,LMT,OR,ANM,WE,Federal Contract Tower,0,14,8,21,43,0,0,33,8,41,0,14,41,29,84,4,16,20,104
10/04/2002,LMT,OR,ANM,WE,Federal Contract Tower,0,22,3,19,44,0,1,41,5,47,0,23,44,24,91,19,6,25,116
10/05/2002,LMT,OR,ANM,WE,Federal Contract Tower,0,9,1,3,13,0,0,29,0,29,0,9,30,3,42,76,0,76,118
10/06/2002,LMT,OR,ANM,WE,Federal Contract Tower,0,7,2,1,10,0,0,67,1,68,0,7,69,2,78,40,0,40,118
10/07/2002,LMT,OR,ANM,WE,Federal Contract Tower,0,11,5,21,37,0,6,46,7,59,0,17,51,28,96,26,34,60,156
10/08/2002,LMT,OR,ANM,WE,Federal Contract Tower,0,11,3,21,35,0,6,42,9,57,0,17,45,30,92,42,68,110,202
10/09/2002,LMT,OR,ANM,WE,Federal Contract Tower,0,16,7,10,33,0,3,47,4,54,0,19,54,14,87,34,4,38,125
10/10/2002,LMT,OR,ANM,WE,Federal Contract Tower,0,11,2,13,26,0,6,23,2,31,0,17,25,15,57,22,18,40,97
10/11/2002,LMT,OR,ANM,WE,Federal Contract Tower,0,11,4,0,15,0,4,58,0,62,0,15,62,0,77,34,0,34,111
10/12/2002,LMT,OR,ANM,WE,Federal Contract Tower,0,8,7,0,15,0,3,79,2,84,0,11,86,2,99,36,0,36,135
10/13/2002,LMT,OR,ANM,WE,Federal Contract Tower,0,6,3,6,15,0,0,99,4,103,0,6,102,10,118,40,0,40,158
10/14/2002,LMT,OR,ANM,WE,Federal Contract Tower,0,11,1,0,12,0,2,46,1,49,0,13,47,1,61,56,10,66,127
10/15/2002,LMT,OR,ANM,WE,Federal Contract Tower,0,12,11,25,48,0,4,44,4,52,0,16,55,29,100,47,16,63,163
10/16/2002,LMT,OR,ANM,WE,Federal Contract Tower,0,10,6,23,39,0,4,33,3,40,0,14,39,26,79,8,14,22,101
10/17/2002,LMT,OR,ANM,WE,Federal Contract Tower,0,13,3,16,32,0,3,33,10,46,0,16,36,26,78,16,17,33,111
10/18/2002,LMT,OR,ANM,WE,Federal Contract Tower,0,17,7,8,32,0,5,53,9,67,0,22,60,17,99,33,2,35,134
10/19/2002,LMT,OR,ANM,WE,Federal Contract Tower,0,11,1,0,12,0,1,70,0,71,0,12,71,0,83,32,0,32,115
10/20/2002,LMT,OR,ANM,WE,Federal Contract Tower,0,8,11,0,19,0,0,60,3,63,0,8,71,3,82,24,4,28,110
10/21/2002,LMT,OR,ANM,WE,Federal Contract Tower,0,13,4,11,28,0,4,14,8,26,0,17,18,19,54,2,10,12,66
10/22/2002,LMT,OR,ANM,WE,Federal Contract Tower,0,8,1,11,20,0,1,24,7,32,0,9,25,18,52,9,16,25,77
10/23/2002,LMT,OR,ANM,WE,Federal Contract Tower,0,14,8,6,28,0,1,30,8,39,0,15,38,14,67,50,33,83,150
10/24/2002,LMT,OR,ANM,WE,Federal Contract Tower,0,9,4,8,21,0,4,30,8,42,0,13,34,16,63,28,12,40,103
10/25/2002,LMT,OR,ANM,WE,Federal Contract Tower,0,12,5,11,28,0,2,29,12,43,0,14,34,23,71,39,6,45,116
10/26/2002,LMT,OR,ANM,WE,Federal Contract Tower,0,7,5,14,26,0,0,43,17,60,0,7,48,31,86,6,6,12,98
10/27/2002,LMT,OR,ANM,WE,Federal Contract Tower,0,6,1,9,16,0,2,45,8,55,0,8,46,17,71,20,10,30,101
10/28/2002,LMT,OR,ANM,WE,Federal Contract Tower,0,11,2,2,15,0,6,33,0,39,0,17,35,2,54,20,0,20,74
10/29/2002,LMT,OR,ANM,WE,Federal Contract Tower,0,12,7,21,40,0,2,18,12,32,0,14,25,33,72,0,17,17,89
10/30/2002,LMT,OR,ANM,WE,Federal Contract Tower,0,14,4,18,36,0,4,28,6,38,0,18,32,24,74,14,18,32,106
10/31/2002,LMT,OR,ANM,WE,Federal Contract Tower,0,12,4,15,31,0,2,20,8,30,0,14,24,23,61,40,26,66,127
11/01/2002,LMT,OR,ANM,WE,Federal Contract Tower,0,14,8,13,35,0,4,28,12,44,0,18,36,25,79,0,6,6,85
11/02/2002,LMT,OR,ANM,WE,Federal Contract Tower,0,6,4,0,10,0,3,16,0,19,0,9,20,0,29,11,0,11,40
11/03/2002,LMT,OR,ANM,WE,Federal Contract Tower,0,5,5,0,10,0,1,41,0,42,0,6,46,0,52,14,0,14,66
11/04/2002,LMT,OR,ANM,WE,Federal Contract Tower,0,12,5,21,38,0,5,25,7,37,0,17,30,28,75,16,10,26,101
11/05/2002,LMT,OR,ANM,WE,Federal Contract Tower,0,11,13,21,45,0,3,13,7,23,0,14,26,28,68,29,35,64,132
11/06/2002,LMT,OR,ANM,WE,Federal Contract Tower,0,17,9,20,46,0,5,19,3,27,0,22,28,23,73,6,63,69,142
11/07/2002,LMT,OR,ANM,WE,Federal Contract Tower,0,9,13,26,48,0,1,0,3,4,0,10,13,29,52,0,6,6,58
11/08/2002,LMT,OR,ANM,WE,Federal Contract Tower,0,7,21,0,28,0,2,5,0,7,0,9,26,0,35,0,0,0,35
11/09/2002,LMT,OR,ANM,WE,Federal Contract Tower,0,10,5,0,15,0,0,3,0,3,0,10,8,0,18,0,0,0,18
11/10/2002,LMT,OR,ANM,WE,Federal Contract Tower,0,11,6,0,17,0,0,3,0,3,0,11,9,0,20,0,0,0,20
11/11/2002,LMT,OR,ANM,WE,Federal Contract Tower,0,17,9,0,26,0,2,15,4,21,0,19,24,4,47,16,6,22,69
11/12/2002,LMT,OR,ANM,WE,Federal Contract Tower,0,18,10,19,47,0,1,6,42,49,0,19,16,61,96,9,70,79,175
11/13/2002,LMT,OR,ANM,WE,Federal Contract Tower,0,10,27,16,53,0,1,5,0,6,0,11,32,16,59,0,0,0,59
11/14/2002,LMT,OR,ANM,WE,Federal Contract Tower,0,12,11,17,40,0,2,33,15,50,0,14,44,32,90,26,54,80,170
11/15/2002,LMT,OR,ANM,WE,Federal Contract Tower,0,17,9,9,35,0,0,20,51,71,0,17,29,60,106,36,26,62,168
11/16/2002,LMT,OR,ANM,WE,Federal Contract Tower,0,9,5,0,14,0,1,12,2,15,0,10,17,2,29,14,0,14,43
11/17/2002,LMT,OR,ANM,WE,Federal Contract Tower,0,6,0,0,6,0,0,27,1,28,0,6,27,1,34,24,0,24,58
11/18/2002,LMT,OR,ANM,WE,Federal Contract Tower,0,16,20,17,53,0,0,27,35,62,0,16,47,52,115,30,56,86,201
11/19/2002,LMT,OR,ANM,WE,Federal Contract Tower,0,15,10,14,39,0,0,29,39,68,0,15,39,53,107,18,39,57,164
11/20/2002,LMT,OR,ANM,WE,Federal Contract Tower,0,11,14,14,39,0,4,45,24,73,0,15,59,38,112,49,34,83,195
11/21/2002,LMT,OR,ANM,WE,Federal Contract Tower,0,19,9,14,42,0,3,33,39,75,0,22,42,53,117,34,44,78,195
11/22/2002,LMT,OR,ANM,WE,Federal Contract Tower,0,16,22,15,53,0,3,46,9,58,0,19,68,24,111,30,10,40,151
11/23/2002,LMT,OR,ANM,WE,Federal Contract Tower,0,7,11,4,22,0,0,57,10,67,0,7,68,14,89,48,32,80,169
11/24/2002,LMT,OR,ANM,WE,Federal Contract Tower,0,7,8,18,33,0,0,8,0,8,0,7,16,18,41,0,0,0,41
11/25/2002,LMT,OR,ANM,WE,Federal Contract Tower,0,16,7,2,25,0,2,29,0,31,0,18,36,2,56,10,0,10,66
11/26/2002,LMT,OR,ANM,WE,Federal Contract Tower,0,13,2,14,29,0,5,22,9,36,0,18,24,23,65,10,36,46,111
11/27/2002,LMT,OR,ANM,WE,Federal Contract Tower,0,10,10,11,31,0,0,44,4,48,0,10,54,15,79,29,22,51,130
11/28/2002,LMT,OR,ANM,WE,Federal Contract Tower,0,3,1,0,4,0,0,27,0,27,0,3,28,0,31,4,0,4,35
11/29/2002,LMT,OR,ANM,WE,Federal Contract Tower,0,2,0,0,2,0,13,70,0,83,0,15,70,0,85,36,0,36,121
11/30/2002,LMT,OR,ANM,WE,Federal Contract Tower,0,5,3,0,8,0,3,73,0,76,0,8,76,0,84,54,0,54,138
12/01/2002,LMT,OR,ANM,WE,Federal Contract Tower,0,2,6,0,8,0,5,51,0,56,0,7,57,0,64,24,0,24,88
12/02/2002,LMT,OR,ANM,WE,Federal Contract Tower,0,0,10,0,10,0,10,17,22,49,0,10,27,22,59,13,24,37,96
12/03/2002,LMT,OR,ANM,WE,Federal Contract Tower,0,5,19,0,24,0,8,5,20,33,0,13,24,20,57,28,36,64,121
12/04/2002,LMT,OR,ANM,WE,Federal Contract Tower,0,12,11,0,23,0,10,18,27,55,0,22,29,27,78,27,16,43,121
12/05/2002,LMT,OR,ANM,WE,Federal Contract Tower,0,6,19,0,25,0,8,2,18,28,0,14,21,18,53,22,18,40,93
12/06/2002,LMT,OR,ANM,WE,Federal Contract Tower,0,13,15,0,28,0,9,12,26,47,0,22,27,26,75,27,24,51,126
12/07/2002,LMT,OR,ANM,WE,Federal Contract Tower,0,0,9,0,9,0,9,29,18,56,0,9,38,18,65,0,22,22,87
12/08/2002,LMT,OR,ANM,WE,Federal Contract Tower,0,0,10,0,10,0,7,14,0,21,0,7,24,0,31,12,0,12,43
12/09/2002,LMT,OR,ANM,WE,Federal Contract Tower,0,10,14,0,24,0,11,5,0,16,0,21,19,0,40,4,0,4,44
12/10/2002,LMT,OR,ANM,WE,Federal Contract Tower,0,0,11,0,11,0,11,4,55,70,0,11,15,55,81,1,38,39,120
12/11/2002,LMT,OR,ANM,WE,Federal Contract Tower,0,10,13,0,23,0,7,0,36,43,0,17,13,36,66,0,17,17,83
12/12/2002,LMT,OR,ANM,WE,Federal Contract Tower,0,12,17,0,29,0,10,2,35,47,0,22,19,35,76,4,28,32,108
12/13/2002,LMT,OR,ANM,WE,Federal Contract Tower,0,9,7,0,16,0,8,0,38,46,0,17,7,38,62,0,4,4,66
12/14/2002,LMT,OR,ANM,WE,Federal Contract Tower,0,0,9,0,9,0,6,0,0,6,0,6,9,0,15,0,0,0,15
12/15/2002,LMT,OR,ANM,WE,Federal Contract Tower,0,0,11,0,11,0,4,0,0,4,0,4,11,0,15,0,0,0,15
12/16/2002,LMT,OR,ANM,WE,Federal Contract Tower,0,11,4,0,15,0,7,0,1,8,0,18,4,1,23,0,0,0,23
12/17/2002,LMT,OR,ANM,WE,Federal Contract Tower,0,8,18,0,26,0,7,4,21,32,0,15,22,21,58,14,8,22,80
12/18/2002,LMT,OR,ANM,WE,Federal Contract Tower,0,13,15,0,28,0,7,8,32,47,0,20,23,32,75,10,10,20,95
12/19/2002,LMT,OR,ANM,WE,Federal Contract Tower,0,8,13,0,21,0,10,4,27,41,0,18,17,27,62,0,15,15,77
12/20/2002,LMT,OR,ANM,WE,Federal Contract Tower,0,11,15,0,26,0,6,0,25,31,0,17,15,25,57,4,32,36,93
12/21/2002,LMT,OR,ANM,WE,Federal Contract Tower,0,4,6,0,10,0,7,17,0,24,0,11,23,0,34,21,0,21,55
12/22/2002,LMT,OR,ANM,WE,Federal Contract Tower,0,0,11,0,11,0,3,18,0,21,0,3,29,0,32,34,0,34,66
12/23/2002,LMT,OR,ANM,WE,Federal Contract Tower,0,6,7,0,13,0,10,32,1,43,0,16,39,1,56,28,26,54,110
12/24/2002,LMT,OR,ANM,WE,Federal Contract Tower,0,9,5,0,14,0,8,0,0,8,0,17,5,0,22,0,0,0,22
12/25/2002,LMT,OR,ANM,WE,Federal Contract Tower,0,5,0,0,5,0,0,9,0,9,0,5,9,0,14,0,0,0,14
12/26/2002,LMT,OR,ANM,WE,Federal Contract Tower,0,8,5,0,13,0,6,0,28,34,0,14,5,28,47,0,30,30,77
12/27/2002,LMT,OR,ANM,WE,Federal Contract Tower,0,12,10,0,22,0,4,0,16,20,0,16,10,16,42,0,20,20,62
12/28/2002,LMT,OR,ANM,WE,Federal Contract Tower,0,7,3,0,10,0,6,0,0,6,0,13,3,0,16,0,0,0,16
12/29/2002,LMT,OR,ANM,WE,Federal Contract Tower,0,0,7,0,7,0,6,3,0,9,0,6,10,0,16,16,0,16,32
12/30/2002,LMT,OR,ANM,WE,Federal Contract Tower,0,11,0,0,11,0,1,0,28,29,0,12,0,28,40,0,14,14,54
12/31/2002,LMT,OR,ANM,WE,Federal Contract Tower,0,7,4,0,11,0,6,0,12,18,0,13,4,12,29,0,0,0,29
01/01/2003,LMT,OR,ANM,WE,Federal Contract Tower,0,4,0,0,4,0,1,0,0,1,0,5,0,0,5,0,0,0,5
01/02/2003,LMT,OR,ANM,WE,Federal Contract Tower,0,13,4,19,36,0,1,12,5,18,0,14,16,24,54,22,18,40,94
01/03/2003,LMT,OR,ANM,WE,Federal Contract Tower,0,12,5,13,30,0,2,27,13,42,0,14,32,26,72,28,22,50,122
01/04/2003,LMT,OR,ANM,WE,Federal Contract Tower,0,9,5,14,28,0,3,19,18,40,0,12,24,32,68,12,28,40,108
01/05/2003,LMT,OR,ANM,WE,Federal Contract Tower,0,7,0,7,14,0,0,54,5,59,0,7,54,12,73,74,12,86,159
01/06/2003,LMT,OR,ANM,WE,Federal Contract Tower,0,10,10,0,20,0,3,70,0,73,0,13,80,0,93,42,0,42,135
01/07/2003,LMT,OR,ANM,WE,Federal Contract Tower,0,11,5,17,33,0,3,37,10,50,0,14,42,27,83,51,6,57,140
01/08/2003,LMT,OR,ANM,WE,Federal Contract Tower,0,16,7,19,42,0,15,33,8,56,0,31,40,27,98,41,22,63,161
01/09/2003,LMT,OR,ANM,WE,Federal Contract Tower,0,11,7,1,19,0,4,16,0,20,0,15,23,1,39,10,0,10,49
01/10/2003,LMT,OR,ANM,WE,Federal Contract Tower,0,19,11,16,46,0,0,9,0,9,0,19,20,16,55,12,0,12,67
01/11/2003,LMT,OR,ANM,WE,Federal Contract Tower,0,8,7,1,16,0,1,17,0,18,0,9,24,1,34,20,0,20,54
01/12/2003,LMT,OR,ANM,WE,Federal Contract Tower,0,6,1,0,7,0,0,0,0,0,0,6,1,0,7,0,0,0,7
01/13/2003,LMT,OR,ANM,WE,Federal Contract Tower,0,16,9,16,41,0,0,0,0,0,0,16,9,16,41,0,0,0,41
01/14/2003,LMT,OR,ANM,WE,Federal Contract Tower,0,13,7,16,36,0,0,1,0,1,0,13,8,16,37,0,0,0,37
01/15/2003,LMT,OR,ANM,WE,Federal Contract Tower,0,12,9,11,32,0,1,1,2,4,0,13,10,13,36,0,6,6,42
01/16/2003,LMT,OR,ANM,WE,Federal Contract Tower,0,16,17,13,46,0,0,7,1,8,0,16,24,14,54,0,0,0,54
01/17/2003,LMT,OR,ANM,WE,Federal Contract Tower,0,9,11,0,20,0,0,23,0,23,0,9,34,0,43,22,0,22,65
01/18/2003,LMT,OR,ANM,WE,Federal Contract Tower,0,7,3,0,10,0,2,51,0,53,0,9,54,0,63,40,0,40,103
01/19/2003,LMT,OR,ANM,WE,Federal Contract Tower,0,6,2,5,13,0,0,32,1,33,0,6,34,6,46,0,0,0,46
01/20/2003,LMT,OR,ANM,WE,Federal Contract Tower,0,8,9,0,17,0,1,23,0,24,0,9,32,0,41,28,0,28,69
01/21/2003,LMT,OR,ANM,WE,Federal Contract Tower,0,11,2,11,24,0,3,22,6,31,0,14,24,17,55,37,12,49,104
01/22/2003,LMT,OR,ANM,WE,Federal Contract Tower,0,13,8,12,33,0,0,4,16,20,0,13,12,28,53,0,28,28,81
01/23/2003,LMT,OR,ANM,WE,Federal Contract Tower,0,17,8,6,31,0,2,32,7,41,0,19,40,13,72,22,8,30,102
01/24/2003,LMT,OR,ANM,WE,Federal Contract Tower,0,19,10,13,42,0,0,2,1,3,0,19,12,14,45,6,26,32,77
01/25/2003,LMT,OR,ANM,WE,Federal Contract Tower,0,8,5,2,15,0,0,8,0,8,0,8,13,2,23,0,0,0,23
01/26/2003,LMT,OR,ANM,WE,Federal Contract Tower,0,8,0,0,8,0,0,10,0,10,0,8,10,0,18,19,0,19,37
01/27/2003,LMT,OR,ANM,WE,Federal Contract Tower,0,14,2,15,31,0,0,1,1,2,0,14,3,16,33,0,6,6,39
01/28/2003,LMT,OR,ANM,WE,Federal Contract Tower,0,16,13,32,61,0,0,15,15,30,0,16,28,47,91,4,14,18,109
01/29/2003,LMT,OR,ANM,WE,Federal Contract Tower,0,23,18,27,68,0,0,5,7,12,0,23,23,34,80,10,6,16,96
01/30/2003,LMT,OR,ANM,WE,Federal Contract Tower,0,16,6,28,50,0,0,4,3,7,0,16,10,31,57,0,3,3,60
01/31/2003,LMT,OR,ANM,WE,Federal Contract Tower,0,18,9,8,35,0,1,39,16,56,0,19,48,24,91,36,8,44,135
02/01/2003,LMT,OR,ANM,WE,Federal Contract Tower,0,9,3,20,32,0,0,9,17,26,0,9,12,37,58,18,18,36,94
02/02/2003,LMT,OR,ANM,WE,Federal Contract Tower,0,6,4,12,22,0,0,37,5,42,0,6,41,17,64,36,10,46,110
02/03/2003,LMT,OR,ANM,WE,Federal Contract Tower,0,13,12,0,25,0,1,19,0,20,0,14,31,0,45,36,0,36,81
02/04/2003,LMT,OR,ANM,WE,Federal Contract Tower,0,15,5,15,35,0,1,30,10,41,0,16,35,25,76,36,10,46,122
02/05/2003,LMT,OR,ANM,WE,Federal Contract Tower,0,17,10,21,48,0,2,28,5,35,0,19,38,26,83,14,22,36,119
02/06/2003,LMT,OR,ANM,WE,Federal Contract Tower,0,14,11,16,41,0,2,48,21,71,0,16,59,37,112,60,20,80,192
02/07/2003,LMT,OR,ANM,WE,Federal Contract Tower,0,13,7,10,30,0,3,37,6,46,0,16,44,16,76,72,16,88,164
02/08/2003,LMT,OR,ANM,WE,Federal Contract Tower,0,10,7,0,17,0,1,17,0,18,0,11,24,0,35,84,0,84,119
02/09/2003,LMT,OR,ANM,WE,Federal Contract Tower,0,6,1,0,7,0,0,76,0,76,0,6,77,0,83,66,0,66,149
02/10/2003,LMT,OR,ANM,WE,Federal Contract Tower,0,13,5,21,39,0,5,39,1,45,0,18,44,22,84,58,24,82,166
02/11/2003,LMT,OR,ANM,WE,Federal Contract Tower,0,13,1,26,40,0,4,30,9,43,0,17,31,35,83,42,18,60,143
02/12/2003,LMT,OR,ANM,WE,Federal Contract Tower,0,16,7,34,57,0,0,25,11,36,0,16,32,45,93,46,18,64,157
02/13/2003,LMT,OR,ANM,WE,Federal Contract Tower,0,20,6,25,51,0,0,1,0,1,0,20,7,25,52,0,0,0,52
02/14/2003,LMT,OR,ANM,WE,Federal Contract Tower,0,15,11,6,32,0,3,19,2,24,0,18,30,8,56,6,0,6,62
02/15/2003,LMT,OR,ANM,WE,Federal Contract Tower,0,7,7,0,14,0,1,4,0,5,0,8,11,0,19,0,0,0,19
02/16/2003,LMT,OR,ANM,WE,Federal Contract Tower,0,5,6,0,11,0,0,8,0,8,0,5,14,0,19,14,0,14,33
02/17/2003,LMT,OR,ANM,WE,Federal Contract Tower,0,11,6,0,17,0,1,17,0,18,0,12,23,0,35,25,0,25,60
02/18/2003,LMT,OR,ANM,WE,Federal Contract Tower,0,19,5,13,37,0,0,3,14,17,0,19,8,27,54,22,32,54,108
02/19/2003,LMT,OR,ANM,WE,Federal Contract Tower,0,13,6,12,31,0,2,15,11,28,0,15,21,23,59,22,18,40,99
02/20/2003,LMT,OR,ANM,WE,Federal Contract Tower,0,16,7,15,38,0,4,10,7,21,0,20,17,22,59,4,14,18,77
02/21/2003,LMT,OR,ANM,WE,Federal Contract Tower,0,15,4,12,31,0,1,23,15,39,0,16,27,27,70,20,24,44,114
02/22/2003,LMT,OR,ANM,WE,Federal Contract Tower,0,8,7,0,15,0,1,74,0,75,0,9,81,0,90,56,0,56,146
02/23/2003,LMT,OR,ANM,WE,Federal Contract Tower,0,6,3,2,11,0,0,72,2,74,0,6,75,4,85,42,0,42,127
02/24/2003,LMT,OR,ANM,WE,Federal Contract Tower,0,15,12,13,40,0,5,21,11,37,0,20,33,24,77,6,36,42,119
02/25/2003,LMT,OR,ANM,WE,Federal Contract Tower,0,16,3,18,37,0,0,30,12,42,0,16,33,30,79,18,26,44,123
02/26/2003,LMT,OR,ANM,WE,Federal Contract Tower,0,20,9,17,46,0,10,52,14,76,0,30,61,31,122,14,14,28,150
02/27/2003,LMT,OR,ANM,WE,Federal Contract Tower,0,21,10,19,50,0,0,33,8,41,0,21,43,27,91,21,24,45,136
02/28/2003,LMT,OR,ANM,WE,Federal Contract Tower,0,13,10,6,29,0,3,9,0,12,0,16,19,6,41,0,0,0,41
03/01/2003,LMT,OR,ANM,WE,Federal Contract Tower,0,7,1,18,26,0,0,22,9,31,0,7,23,27,57,30,28,58,115
03/02/2003,LMT,OR,ANM,WE,Federal Contract Tower,0,7,5,6,18,0,0,88,1,89,0,7,93,7,107,40,0,40,147
03/03/2003,LMT,OR,ANM,WE,Federal Contract Tower,0,17,10,0,27,0,0,22,0,22,0,17,32,0,49,8,0,8,57
03/04/2003,LMT,OR,ANM,WE,Federal Contract Tower,0,13,4,22,39,0,0,33,5,38,0,13,37,27,77,22,8,30,107
03/05/2003,LMT,OR,ANM,WE,Federal Contract Tower,0,15,11,15,41,0,2,24,8,34,0,17,35,23,75,8,4,12,87
03/06/2003,LMT,OR,ANM,WE,Federal Contract Tower,0,14,12,22,48,0,2,10,7,19,0,16,22,29,67,6,10,16,83
03/07/2003,LMT,OR,ANM,WE,Federal Contract Tower,0,19,9,7,35,0,2,12,9,23,0,21,21,16,58,2,7,9,67
03/08/2003,LMT,OR,ANM,WE,Federal Contract Tower,0,9,17,0,26,0,1,44,0,45,0,10,61,0,71,38,0,38,109
03/09/2003,LMT,OR,ANM,WE,Federal Contract Tower,0,7,8,4,19,0,0,5,0,5,0,7,13,4,24,0,0,0,24
03/10/2003,LMT,OR,ANM,WE,Federal Contract Tower,0,18,2,11,31,0,2,10,9,21,0,20,12,20,52,16,4,20,72
03/11/2003,LMT,OR,ANM,WE,Federal Contract Tower,0,16,5,15,36,0,3,13,8,24,0,19,18,23,60,8,10,18,78
03/12/2003,LMT,OR,ANM,WE,Federal Contract Tower,0,16,7,21,44,0,3,15,9,27,0,19,22,30,71,12,12,24,95
03/13/2003,LMT,OR,ANM,WE,Federal Contract Tower,0,17,9,15,41,0,3,6,9,18,0,20,15,24,59,0,18,18,77
03/14/2003,LMT,OR,ANM,WE,Federal Contract Tower,0,20,7,6,33,0,0,3,6,9,0,20,10,12,42,26,14,40,82
03/15/2003,LMT,OR,ANM,WE,Federal Contract Tower,0,12,3,4,19,0,0,6,0,6,0,12,9,4,25,0,0,0,25
03/16/2003,LMT,OR,ANM,WE,Federal Contract Tower,0,6,4,0,10,0,0,2,0,2,0,6,6,0,12,0,0,0,12
03/17/2003,LMT,OR,ANM,WE,Federal Contract Tower,0,11,8,0,19,0,0,22,0,22,0,11,30,0,41,24,0,24,65
03/18/2003,LMT,OR,ANM,WE,Federal Contract Tower,0,17,21,13,51,0,1,44,12,57,0,18,65,25,108,27,20,47,155
03/19/2003,LMT,OR,ANM,WE,Federal Contract Tower,0,11,10,16,37,0,3,18,8,29,0,14,28,24,66,18,6,24,90
03/20/2003,LMT,OR,ANM,WE,Federal Contract Tower,0,15,14,20,49,0,4,8,1,13,0,19,22,21,62,8,18,26,88
03/21/2003,LMT,OR,ANM,WE,Federal Contract Tower,0,16,8,21,45,0,0,10,4,14,0,16,18,25,59,30,10,40,99
03/22/2003,LMT,OR,ANM,WE,Federal Contract Tower,0,8,6,0,14,0,0,5,0,5,0,8,11,0,19,26,0,26,45
03/23/2003,LMT,OR,ANM,WE,Federal Contract Tower,0,6,4,0,10,0,0,33,0,33,0,6,37,0,43,18,0,18,61
03/24/2003,LMT,OR,ANM,WE,Federal Contract Tower,0,14,7,11,32,0,8,37,9,54,0,22,44,20,86,37,31,68,154
03/25/2003,LMT,OR,ANM,WE,Federal Contract Tower,0,17,9,21,47,0,1,0,0,1,0,18,9,21,48,0,10,10,58
03/26/2003,LMT,OR,ANM,WE,Federal Contract Tower,0,20,5,21,46,0,2,4,0,6,0,22,9,21,52,0,2,2,54
03/27/2003,LMT,OR,ANM,WE,Federal Contract Tower,0,17,10,10,37,0,5,37,13,55,0,22,47,23,92,16,38,54,146
03/28/2003,LMT,OR,ANM,WE,Federal Contract Tower,0,12,8,9,29,0,4,48,5,57,0,16,56,14,86,22,6,28,114
03/29/2003,LMT,OR,ANM,WE,Federal Contract Tower,0,6,0,0,6,0,2,63,0,65,0,8,63,0,71,32,0,32,103
03/30/2003,LMT,OR,ANM,WE,Federal Contract Tower,0,4,7,0,11,0,0,58,0,58,0,4,65,0,69,26,0,26,95
03/31/2003,LMT,OR,ANM,WE,Federal Contract Tower,0,17,9,0,26,0,8,34,0,42,0,25,43,0,68,10,0,10,78
04/01/2003,LMT,OR,ANM,WE,Federal Contract Tower,0,12,8,14,34,0,4,9,10,23,0,16,17,24,57,2,54,56,113
04/02/2003,LMT,OR,ANM,WE,Federal Contract Tower,0,17,3,14,34,0,3,12,14,29,0,20,15,28,63,0,22,22,85
04/03/2003,LMT,OR,ANM,WE,Federal Contract Tower,0,17,14,21,52,0,1,0,6,7,0,18,14,27,59,0,62,62,121
04/04/2003,LMT,OR,ANM,WE,Federal Contract Tower,0,18,9,14,41,0,1,8,16,25,0,19,17,30,66,16,18,34,100
04/05/2003,LMT,OR,ANM,WE,Federal Contract Tower,0,8,3,0,11,0,2,4,0,6,0,10,7,0,17,12,0,12,29
04/06/2003,LMT,OR,ANM,WE,Federal Contract Tower,0,5,9,0,14,0,1,0,0,1,0,6,9,0,15,0,0,0,15
04/07/2003,LMT,OR,ANM,WE,Federal Contract Tower,0,13,12,14,39,0,3,29,24,56,0,16,41,38,95,10,56,66,161
04/08/2003,LMT,OR,ANM,WE,Federal Contract Tower,0,11,7,15,33,0,4,22,14,40,0,15,29,29,73,4,10,14,87
04/09/2003,LMT,OR,ANM,WE,Federal Contract Tower,0,13,5,27,45,0,4,27,12,43,0,17,32,39,88,22,20,42,130
04/10/2003,LMT,OR,ANM,WE,Federal Contract Tower,0,16,6,16,38,0,5,18,10,33,0,21,24,26,71,6,46,52,123
04/11/2003,LMT,OR,ANM,WE,Federal Contract Tower,0,17,9,8,34,0,1,25,8,34,0,18,34,16,68,17,28,45,113
04/12/2003,LMT,OR,ANM,WE,Federal Contract Tower,0,8,0,3,11,0,0,2,9,11,0,8,2,12,22,0,8,8,30
04/13/2003,LMT,OR,ANM,WE,Federal Contract Tower,0,7,1,12,20,0,0,2,0,2,0,7,3,12,22,0,8,8,30
04/14/2003,LMT,OR,ANM,WE,Federal Contract Tower,0,15,11,0,26,0,3,11,0,14,0,18,22,0,40,14,0,14,54
04/15/2003,LMT,OR,ANM,WE,Federal Contract Tower,0,14,11,21,46,0,0,6,2,8,0,14,17,23,54,0,8,8,62
04/16/2003,LMT,OR,ANM,WE,Federal Contract Tower,0,18,15,18,51,0,0,17,6,23,0,18,32,24,74,2,20,22,96
04/17/2003,LMT,OR,ANM,WE,Federal Contract Tower,0,18,11,19,48,0,0,5,8,13,0,18,16,27,61,0,14,14,75
04/18/2003,LMT,OR,ANM,WE,Federal Contract Tower,0,19,5,18,42,0,2,36,7,45,0,21,41,25,87,28,16,44,131
04/19/2003,LMT,OR,ANM,WE,Federal Contract Tower,0,8,0,1,9,0,3,83,2,88,0,11,83,3,97,68,0,68,165
04/20/2003,LMT,OR,ANM,WE,Federal Contract Tower,0,5,0,0,5,0,0,33,0,33,0,5,33,0,38,8,0,8,46
04/21/2003,LMT,OR,ANM,WE,Federal Contract Tower,0,17,14,26,57,0,0,5,0,5,0,17,19,26,62,0,14,14,76
04/22/2003,LMT,OR,ANM,WE,Federal Contract Tower,0,15,9,11,35,0,1,21,6,28,0,16,30,17,63,9,43,52,115
04/23/2003,LMT,OR,ANM,WE,Federal Contract Tower,0,19,11,17,47,0,0,25,11,36,0,19,36,28,83,12,12,24,107
04/24/2003,LMT,OR,ANM,WE,Federal Contract Tower,0,22,14,20,56,0,2,2,1,5,0,24,16,21,61,0,22,22,83
04/25/2003,LMT,OR,ANM,WE,Federal Contract Tower,0,14,8,7,29,0,1,5,2,8,0,15,13,9,37,0,12,12,49
04/26/2003,LMT,OR,ANM,WE,Federal Contract Tower,0,11,0,0,11,0,0,23,0,23,0,11,23,0,34,42,0,42,76
04/27/2003,LMT,OR,ANM,WE,Federal Contract Tower,0,6,5,0,11,0,0,11,0,11,0,6,16,0,22,6,0,6,28
04/28/2003,LMT,OR,ANM,WE,Federal Contract Tower,0,17,5,0,22,0,2,7,0,9,0,19,12,0,31,5,0,5,36
04/29/2003,LMT,OR,ANM,WE,Federal Contract Tower,0,15,18,25,58,0,0,4,3,7,0,15,22,28,65,0,58,58,123
04/30/2003,LMT,OR,ANM,WE,Federal Contract Tower,0,21,4,15,40,0,2,14,8,24,0,23,18,23,64,9,20,29,93
05/01/2003,LMT,OR,ANM,WE,Federal Contract Tower,0,13,6,13,32,0,5,39,13,57,0,18,45,26,89,34,54,88,177
05/02/2003,LMT,OR,ANM,WE,Federal Contract Tower,0,15,3,13,31,0,4,20,6,30,0,19,23,19,61,16,34,50,111
05/03/2003,LMT,OR,ANM,WE,Federal Contract Tower,0,9,1,2,12,0,0,31,0,31,0,9,32,2,43,36,0,36,79
05/04/2003,LMT,OR,ANM,WE,Federal Contract Tower,0,6,8,2,16,0,0,6,0,6,0,6,14,2,22,0,0,0,22
05/05/2003,LMT,OR,ANM,WE,Federal Contract Tower,0,11,11,14,36,0,8,59,15,82,0,19,70,29,118,2,66,68,186
05/06/2003,LMT,OR,ANM,WE,Federal Contract Tower,0,15,9,15,39,0,5,37,11,53,0,20,46,26,92,10,17,27,119
05/07/2003,LMT,OR,ANM,WE,Federal Contract Tower,0,17,6,18,41,0,3,16,20,39,0,20,22,38,80,0,9,9,89
05/08/2003,LMT,OR,ANM,WE,Federal Contract Tower,0,16,16,17,49,0,1,3,0,4,0,17,19,17,53,22,61,83,136
05/09/2003,LMT,OR,ANM,WE,Federal Contract Tower,0,18,15,13,46,0,0,22,22,44,0,18,37,35,90,32,55,87,177
05/10/2003,LMT,OR,ANM,WE,Federal Contract Tower,0,12,7,0,19,0,0,19,0,19,0,12,26,0,38,12,0,12,50
05/11/2003,LMT,OR,ANM,WE,Federal Contract Tower,0,8,7,0,15,0,0,5,0,5,0,8,12,0,20,0,0,0,20
05/12/2003,LMT,OR,ANM,WE,Federal Contract Tower,0,14,7,0,21,0,5,34,0,39,0,19,41,0,60,12,0,12,72
05/13/2003,LMT,OR,ANM,WE,Federal Contract Tower,0,20,3,21,44,0,5,76,2,83,0,25,79,23,127,39,46,85,212
05/14/2003,LMT,OR,ANM,WE,Federal Contract Tower,0,21,2,13,36,0,2,33,16,51,0,23,35,29,87,50,18,68,155
05/15/2003,LMT,OR,ANM,WE,Federal Contract Tower,0,13,7,20,40,0,6,24,16,46,0,19,31,36,86,12,28,40,126
05/16/2003,LMT,OR,ANM,WE,Federal Contract Tower,0,17,3,20,40,0,3,55,15,73,0,20,58,35,113,6,24,30,143
05/17/2003,LMT,OR,ANM,WE,Federal Contract Tower,0,7,5,13,25,0,3,30,10,43,0,10,35,23,68,14,52,66,134
05/18/2003,LMT,OR,ANM,WE,Federal Contract Tower,0,6,4,9,19,0,0,39,4,43,0,6,43,13,62,36,18,54,116
05/19/2003,LMT,OR,ANM,WE,Federal Contract Tower,0,10,8,24,42,0,9,46,14,69,0,19,54,38,111,73,8,81,192
05/20/2003,LMT,OR,ANM,WE,Federal Contract Tower,0,12,6,13,31,0,6,40,10,56,0,18,46,23,87,22,42,64,151
05/21/2003,LMT,OR,ANM,WE,Federal Contract Tower,0,13,8,16,37,0,7,53,9,69,0,20,61,25,106,15,30,45,151
05/22/2003,LMT,OR,ANM,WE,Federal Contract Tower,0,13,6,1,20,0,5,43,11,59,0,18,49,12,79,20,14,34,113
05/23/2003,LMT,OR,ANM,WE,Federal Contract Tower,0,12,1,0,13,0,7,55,2,64,0,19,56,2,77,40,0,40,117
05/24/2003,LMT,OR,ANM,WE,Federal Contract Tower,0,10,8,0,18,0,0,59,0,59,0,10,67,0,77,12,0,12,89
05/25/2003,LMT,OR,ANM,WE,Federal Contract Tower,0,4,1,0,5,0,0,29,0,29,0,4,30,0,34,24,0,24,58
05/26/2003,LMT,OR,ANM,WE,Federal Contract Tower,0,5,2,0,7,0,1,40,8,49,0,6,42,8,56,26,6,32,88
05/27/2003,LMT,OR,ANM,WE,Federal Contract Tower,0,11,5,14,30,0,9,30,10,49,0,20,35,24,79,21,26,47,126
05/28/2003,LMT,OR,ANM,WE,Federal Contract Tower,0,17,4,22,43,0,6,29,2,37,0,23,33,24,80,46,50,96,176
05/29/2003,LMT,OR,ANM,WE,Federal Contract Tower,0,11,8,2,21,0,8,39,0,47,0,19,47,2,68,21,0,21,89
05/30/2003,LMT,OR,ANM,WE,Federal Contract Tower,0,13,1,12,26,0,7,45,4,56,0,20,46,16,82,0,24,24,106
05/31/2003,LMT,OR,ANM,WE,Federal Contract Tower,0,11,15,0,26,0,1,60,0,61,0,12,75,0,87,12,0,12,99
06/01/2003,LMT,OR,ANM,WE,Federal Contract Tower,0,6,1,0,7,0,4,75,0,79,0,10,76,0,86,38,0,38,124
06/02/2003,LMT,OR,ANM,WE,Federal Contract Tower,0,8,2,11,21,0,9,36,6,51,0,17,38,17,72,22,18,40,112
06/03/2003,LMT,OR,ANM,WE,Federal Contract Tower,0,11,5,9,25,0,4,86,6,96,0,15,91,15,121,14,17,31,152
06/04/2003,LMT,OR,ANM,WE,Federal Contract Tower,0,13,5,12,30,0,7,32,4,43,0,20,37,16,73,30,6,36,109
06/05/2003,LMT,OR,ANM,WE,Federal Contract Tower,0,9,9,10,28,0,8,66,4,78,0,17,75,14,106,31,17,48,154
06/06/2003,LMT,OR,ANM,WE,Federal Contract Tower,0,13,9,11,33,0,8,89,7,104,0,21,98,18,137,18,8,26,163
06/07/2003,LMT,OR,ANM,WE,Federal Contract Tower,0,4,2,14,20,0,1,102,5,108,0,5,104,19,128,8,21,29,157
06/08/2003,LMT,OR,ANM,WE,Federal Contract Tower,0,8,4,6,18,0,0,81,2,83,0,8,85,8,101,21,7,28,129
06/09/2003,LMT,OR,ANM,WE,Federal Contract Tower,0,16,5,0,21,0,6,49,0,55,0,22,54,0,76,30,0,30,106
06/10/2003,LMT,OR,ANM,WE,Federal Contract Tower,0,16,7,23,46,0,6,73,13,92,0,22,80,36,138,28,17,45,183
06/11/2003,LMT,OR,ANM,WE,Federal Contract Tower,0,11,3,9,23,0,12,41,7,60,0,23,44,16,83,0,14,14,97
06/12/2003,LMT,OR,ANM,WE,Federal Contract Tower,0,11,10,11,32,0,5,36,10,51,0,16,46,21,83,12,8,20,103
06/13/2003,LMT,OR,ANM,WE,Federal Contract Tower,0,12,3,11,26,0,4,71,9,84,0,16,74,20,110,6,8,14,124
06/14/2003,LMT,OR,ANM,WE,Federal Contract Tower,0,8,8,2,18,0,3,79,0,82,0,11,87,2,100,20,0,20,120
06/15/2003,LMT,OR,ANM,WE,Federal Contract Tower,0,7,9,0,16,0,0,74,0,74,0,7,83,0,90,6,0,6,96
06/16/2003,LMT,OR,ANM,WE,Federal Contract Tower,0,10,2,10,22,0,9,28,9,46,0,19,30,19,68,0,4,4,72
06/17/2003,LMT,OR,ANM,WE,Federal Contract Tower,0,16,5,15,36,0,6,58,14,78,0,22,63,29,114,26,14,40,154
06/18/2003,LMT,OR,ANM,WE,Federal Contract Tower,0,9,3,14,26,0,13,89,8,110,0,22,92,22,136,10,8,18,154
06/19/2003,LMT,OR,ANM,WE,Federal Contract Tower,0,11,10,13,34,0,6,65,17,88,0,17,75,30,122,15,10,25,147
06/20/2003,LMT,OR,ANM,WE,Federal Contract Tower,0,20,13,7,40,0,2,88,7,97,0,22,101,14,137,2,20,22,159
06/21/2003,LMT,OR,ANM,WE,Federal Contract Tower,0,7,4,4,15,0,3,83,0,86,0,10,87,4,101,16,0,16,117
06/22/2003,LMT,OR,ANM,WE,Federal Contract Tower,0,8,6,0,14,0,0,105,0,105,0,8,111,0,119,24,0,24,143
06/23/2003,LMT,OR,ANM,WE,Federal Contract Tower,0,15,5,2,22,0,6,38,0,44,0,21,43,2,66,18,0,18,84
06/24/2003,LMT,OR,ANM,WE,Federal Contract Tower,0,14,7,20,41,0,1,90,6,97,0,15,97,26,138,58,46,104,242
06/25/2003,LMT,OR,ANM,WE,Federal Contract Tower,0,13,10,24,47,0,3,79,3,85,0,16,89,27,132,49,33,82,214
06/26/2003,LMT,OR,ANM,WE,Federal Contract Tower,0,23,11,19,53,0,0,88,10,98,0,23,99,29,151,46,9,55,206
06/27/2003,LMT,OR,ANM,WE,Federal Contract Tower,0,13,3,15,31,0,4,82,8,94,0,17,85,23,125,24,14,38,163
06/28/2003,LMT,OR,ANM,WE,Federal Contract Tower,0,7,7,0,14,0,2,85,0,87,0,9,92,0,101,26,0,26,127
06/29/2003,LMT,OR,ANM,WE,Federal Contract Tower,0,8,5,0,13,0,0,53,0,53,0,8,58,0,66,8,0,8,74
06/30/2003,LMT,OR,ANM,WE,Federal Contract Tower,0,11,4,21,36,0,9,65,11,85,0,20,69,32,121,12,18,30,151
07/01/2003,LMT,OR,ANM,WE,Federal Contract Tower,0,9,6,18,33,0,6,38,11,55,0,15,44,29,88,32,10,42,130
07/02/2003,LMT,OR,ANM,WE,Federal Contract Tower,0,12,8,28,48,0,11,87,6,104,0,23,95,34,152,43,38,81,233
07/03/2003,LMT,OR,ANM,WE,Federal Contract Tower,0,11,13,19,43,0,7,109,8,124,0,18,122,27,167,43,8,51,218
07/04/2003,LMT,OR,ANM,WE,Federal Contract Tower,0,15,4,2,21,0,0,98,4,102,0,15,102,6,123,10,4,14,137
07/05/2003,LMT,OR,ANM,WE,Federal Contract Tower,0,8,4,0,12,0,2,61,0,63,0,10,65,0,75,6,0,6,81
07/06/2003,LMT,OR,ANM,WE,Federal Contract Tower,0,7,3,1,11,0,0,110,0,110,0,7,113,1,121,14,0,14,135
07/07/2003,LMT,OR,ANM,WE,Federal Contract Tower,0,13,4,0,17,0,7,84,2,93,0,20,88,2,110,32,0,32,142
07/08/2003,LMT,OR,ANM,WE,Federal Contract Tower,0,9,10,15,34,0,10,81,11,102,0,19,91,26,136,50,3,53,189
07/09/2003,LMT,OR,ANM,WE,Federal Contract Tower,0,16,10,17,43,0,10,83,15,108,0,26,93,32,151,40,18,58,209
07/10/2003,LMT,OR,ANM,WE,Federal Contract Tower,0,13,5,21,39,0,5,134,11,150,0,18,139,32,189,42,18,60,249
07/11/2003,LMT,OR,ANM,WE,Federal Contract Tower,0,10,12,22,44,0,7,90,15,112,0,17,102,37,156,28,26,54,210
07/12/2003,LMT,OR,ANM,WE,Federal Contract Tower,0,9,6,0,15,0,1,94,0,95,0,10,100,0,110,34,0,34,144
07/13/2003,LMT,OR,ANM,WE,Federal Contract Tower,0,11,8,0,19,0,0,97,0,97,0,11,105,0,116,26,0,26,142
07/14/2003,LMT,OR,ANM,WE,Federal Contract Tower,0,13,1,9,23,0,8,54,11,73,0,21,55,20,96,24,12,36,132
07/15/2003,LMT,OR,ANM,WE,Federal Contract Tower,0,14,12,18,44,0,9,70,5,84,0,23,82,23,128,36,10,46,174
07/16/2003,LMT,OR,ANM,WE,Federal Contract Tower,0,16,6,21,43,0,4,86,17,107,0,20,92,38,150,45,8,53,203
07/17/2003,LMT,OR,ANM,WE,Federal Contract Tower,0,11,5,14,30,0,7,86,19,112,0,18,91,33,142,0,25,25,167
07/18/2003,LMT,OR,ANM,WE,Federal Contract Tower,0,12,3,18,33,0,9,92,19,120,0,21,95,37,153,34,10,44,197
07/19/2003,LMT,OR,ANM,WE,Federal Contract Tower,0,6,5,7,18,0,2,64,3,69,0,8,69,10,87,33,12,45,132
07/20/2003,LMT,OR,ANM,WE,Federal Contract Tower,0,6,3,0,9,0,13,96,0,109,0,19,99,0,118,8,0,8,126
07/21/2003,LMT,OR,ANM,WE,Federal Contract Tower,0,10,11,0,21,0,9,79,4,92,0,19,90,4,113,58,0,58,171
07/22/2003,LMT,OR,ANM,WE,Federal Contract Tower,0,10,4,21,35,0,17,35,13,65,0,27,39,34,100,84,8,92,192
07/23/2003,LMT,OR,ANM,WE,Federal Contract Tower,0,12,8,1,21,0,11,57,4,72,0,23,65,5,93,10,0,10,103
07/24/2003,LMT,OR,ANM,WE,Federal Contract Tower,0,16,15,33,64,0,4,34,7,45,0,20,49,40,109,14,10,24,133
07/25/2003,LMT,OR,ANM,WE,Federal Contract Tower,0,14,8,16,38,0,6,50,13,69,0,20,58,29,107,31,42,73,180
07/26/2003,LMT,OR,ANM,WE,Federal Contract Tower,0,6,5,3,14,0,3,173,1,177,0,9,178,4,191,24,0,24,215
07/27/2003,LMT,OR,ANM,WE,Federal Contract Tower,0,6,5,2,13,0,3,131,0,134,0,9,136,2,147,16,0,16,163
07/28/2003,LMT,OR,ANM,WE,Federal Contract Tower,0,7,7,15,29,0,4,97,6,107,0,11,104,21,136,23,14,37,173
07/29/2003,LMT,OR,ANM,WE,Federal Contract Tower,0,13,10,12,35,0,7,69,7,83,0,20,79,19,118,54,8,62,180
07/30/2003,LMT,OR,ANM,WE,Federal Contract Tower,0,12,5,24,41,0,8,64,7,79,0,20,69,31,120,2,20,22,142
07/31/2003,LMT,OR,ANM,WE,Federal Contract Tower,0,8,6,18,32,0,6,77,10,93,0,14,83,28,125,48,10,58,183
08/01/2003,LMT,OR,ANM,WE,Federal Contract Tower,0,11,7,18,36,0,6,78,12,96,0,17,85,30,132,29,16,45,177
08/02/2003,LMT,OR,ANM,WE,Federal Contract Tower,0,10,1,0,11,0,0,25,2,27,0,10,26,2,38,20,0,20,58
08/03/2003,LMT,OR,ANM,WE,Federal Contract Tower,0,7,12,0,19,0,0,43,0,43,0,7,55,0,62,22,0,22,84
08/04/2003,LMT,OR,ANM,WE,Federal Contract Tower,0,12,6,0,18,0,10,86,0,96,0,22,92,0,114,28,2,30,144
08/05/2003,LMT,OR,ANM,WE,Federal Contract Tower,0,11,9,26,46,0,6,66,7,79,0,17,75,33,125,31,43,74,199
08/06/2003,LMT,OR,ANM,WE,Federal Contract Tower,0,13,13,36,62,0,7,76,7,90,0,20,89,43,152,81,28,109,261
08/07/2003,LMT,OR,ANM,WE,Federal Contract Tower,0,11,8,26,45,0,4,62,12,78,0,15,70,38,123,18,10,28,151
08/08/2003,LMT,OR,ANM,WE,Federal Contract Tower,0,12,14,27,53,0,6,83,9,98,0,18,97,36,151,32,19,51,202
08/09/2003,LMT,OR,ANM,WE,Federal Contract Tower,0,9,7,1,17,0,2,89,6,97,0,11,96,7,114,34,4,38,152
08/10/2003,LMT,OR,ANM,WE,Federal Contract Tower,0,6,7,2,15,0,0,94,2,96,0,6,101,4,111,44,0,44,155
08/11/2003,LMT,OR,ANM,WE,Federal Contract Tower,0,8,11,24,43,0,10,78,15,103,0,18,89,39,146,8,8,16,162
08/12/2003,LMT,OR,ANM,WE,Federal Contract Tower,0,14,10,36,60,0,5,60,26,91,0,19,70,62,151,9,16,25,176
08/13/2003,LMT,OR,ANM,WE,Federal Contract Tower,0,14,5,38,57,0,7,91,37,135,0,21,96,75,192,11,17,28,220
08/14/2003,LMT,OR,ANM,WE,Federal Contract Tower,0,15,10,50,75,0,4,82,23,109,0,19,92,73,184,91,40,131,315
08/15/2003,LMT,OR,ANM,WE,Federal Contract Tower,0,11,8,92,111,0,6,149,59,214,0,17,157,151,325,22,48,70,395
08/16/2003,LMT,OR,ANM,WE,Federal Contract Tower,0,7,3,85,95,0,0,127,95,222,0,7,130,180,317,22,58,80,397
08/17/2003,LMT,OR,ANM,WE,Federal Contract Tower,0,6,7,69,82,0,1,87,43,131,0,7,94,112,213,34,6,40,253
08/18/2003,LMT,OR,ANM,WE,Federal Contract Tower,0,11,5,25,41,0,8,48,0,56,0,19,53,25,97,18,0,18,115
08/19/2003,LMT,OR,ANM,WE,Federal Contract Tower,0,8,6,30,44,0,8,46,26,80,0,16,52,56,124,18,4,22,146
08/20/2003,LMT,OR,ANM,WE,Federal Contract Tower,0,12,7,48,67,0,8,86,35,129,0,20,93,83,196,32,42,74,270
08/21/2003,LMT,OR,ANM,WE,Federal Contract Tower,0,13,21,52,86,0,5,56,15,76,0,18,77,67,162,20,40,60,222
08/22/2003,LMT,OR,ANM,WE,Federal Contract Tower,0,16,3,27,46,0,3,19,23,45,0,19,22,50,91,10,12,22,113
08/23/2003,LMT,OR,ANM,WE,Federal Contract Tower,0,6,12,2,20,0,4,145,1,150,0,10,157,3,170,44,0,44,214
08/24/2003,LMT,OR,ANM,WE,Federal Contract Tower,0,6,4,0,10,0,0,66,0,66,0,6,70,0,76,16,0,16,92
08/25/2003,LMT,OR,ANM,WE,Federal Contract Tower,0,8,12,49,69,0,8,61,28,97,0,16,73,77,166,20,22,42,208
08/26/2003,LMT,OR,ANM,WE,Federal Contract Tower,0,12,7,37,56,0,2,54,8,64,0,14,61,45,120,40,46,86,206
08/27/2003,LMT,OR,ANM,WE,Federal Contract Tower,0,13,10,21,44,0,9,39,11,59,0,22,49,32,103,34,97,131,234
08/28/2003,LMT,OR,ANM,WE,Federal Contract Tower,0,9,16,28,53,0,3,66,14,83,0,12,82,42,136,50,36,86,222
08/29/2003,LMT,OR,ANM,WE,Federal Contract Tower,0,12,8,9,29,0,1,83,4,88,0,13,91,13,117,26,24,50,167
08/30/2003,LMT,OR,ANM,WE,Federal Contract Tower,0,7,1,0,8,0,2,79,0,81,0,9,80,0,89,16,0,16,105
08/31/2003,LMT,OR,ANM,WE,Federal Contract Tower,0,5,6,0,11,0,0,57,8,65,0,5,63,8,76,2,0,2,78
09/01/2003,LMT,OR,ANM,WE,Federal Contract Tower,0,4,11,0,15,0,2,67,0,69,0,6,78,0,84,6,0,6,90
09/02/2003,LMT,OR,ANM,WE,Federal Contract Tower,0,10,6,16,32,0,10,39,7,56,0,20,45,23,88,12,44,56,144
09/03/2003,LMT,OR,ANM,WE,Federal Contract Tower,0,13,5,27,45,0,6,37,9,52,0,19,42,36,97,6,72,78,175
09/04/2003,LMT,OR,ANM,WE,Federal Contract Tower,0,14,13,23,50,0,4,60,9,73,0,18,73,32,123,40,32,72,195
09/05/2003,LMT,OR,ANM,WE,Federal Contract Tower,0,14,14,24,52,0,0,101,16,117,0,14,115,40,169,0,70,70,239
09/06/2003,LMT,OR,ANM,WE,Federal Contract Tower,0,6,0,2,8,0,1,80,0,81,0,7,80,2,89,44,2,46,135
09/07/2003,LMT,OR,ANM,WE,Federal Contract Tower,0,9,13,5,27,0,1,53,0,54,0,10,66,5,81,0,0,0,81
09/08/2003,LMT,OR,ANM,WE,Federal Contract Tower,0,12,7,16,35,0,3,16,10,29,0,15,23,26,64,10,8,18,82
09/09/2003,LMT,OR,ANM,WE,Federal Contract Tower,0,16,15,12,43,0,2,10,0,12,0,18,25,12,55,0,33,33,88
09/10/2003,LMT,OR,ANM,WE,Federal Contract Tower,0,20,7,31,58,0,6,57,28,91,0,26,64,59,149,22,10,32,181
09/11/2003,LMT,OR,ANM,WE,Federal Contract Tower,0,19,7,31,57,0,7,69,28,104,0,26,76,59,161,18,56,74,235
09/12/2003,LMT,OR,ANM,WE,Federal Contract Tower,0,17,10,18,45,0,6,64,15,85,0,23,74,33,130,26,28,54,184
09/13/2003,LMT,OR,ANM,WE,Federal Contract Tower,0,8,9,9,26,0,2,67,8,77,0,10,76,17,103,12,8,20,123
09/14/2003,LMT,OR,ANM,WE,Federal Contract Tower,0,11,5,9,25,0,0,74,9,83,0,11,79,18,108,42,13,55,163
09/15/2003,LMT,OR,ANM,WE,Federal Contract Tower,0,17,12,0,29,0,4,35,0,39,0,21,47,0,68,22,0,22,90
09/16/2003,LMT,OR,ANM,WE,Federal Contract Tower,0,13,2,24,39,0,3,26,3,32,0,16,28,27,71,4,12,16,87
09/17/2003,LMT,OR,ANM,WE,Federal Contract Tower,0,18,14,18,50,0,9,41,6,56,0,27,55,24,106,21,10,31,137
09/18/2003,LMT,OR,ANM,WE,Federal Contract Tower,0,17,5,19,41,0,13,34,16,63,0,30,39,35,104,40,30,70,174
09/19/2003,LMT,OR,ANM,WE,Federal Contract Tower,0,13,10,21,44,0,6,47,6,59,0,19,57,27,103,17,7,24,127
09/20/2003,LMT,OR,ANM,WE,Federal Contract Tower,0,10,13,2,25,0,1,30,8,39,0,11,43,10,64,6,0,6,70
09/21/2003,LMT,OR,ANM,WE,Federal Contract Tower,0,7,5,0,12,0,0,62,0,62,0,7,67,0,74,12,0,12,86
09/22/2003,LMT,OR,ANM,WE,Federal Contract Tower,0,11,6,15,32,0,6,14,9,29,0,17,20,24,61,38,10,48,109
09/23/2003,LMT,OR,ANM,WE,Federal Contract Tower,0,10,5,11,26,0,6,56,9,71,0,16,61,20,97,1,15,16,113
09/24/2003,LMT,OR,ANM,WE,Federal Contract Tower,0,13,8,16,37,0,4,50,6,60,0,17,58,22,97,38,50,88,185
09/25/2003,LMT,OR,ANM,WE,Federal Contract Tower,0,16,6,22,44,0,5,35,14,54,0,21,41,36,98,34,57,91,189
09/26/2003,LMT,OR,ANM,WE,Federal Contract Tower,0,12,14,8,34,0,6,56,8,70,0,18,70,16,104,22,2,24,128
09/27/2003,LMT,OR,ANM,WE,Federal Contract Tower,0,10,7,2,19,0,1,52,2,55,0,11,59,4,74,40,0,40,114
09/28/2003,LMT,OR,ANM,WE,Federal Contract Tower,0,10,3,0,13,0,0,81,0,81,0,10,84,0,94,34,0,34,128
09/29/2003,LMT,OR,ANM,WE,Federal Contract Tower,0,13,15,0,28,0,5,44,2,51,0,18,59,2,79,23,0,23,102
09/30/2003,LMT,OR,ANM,WE,Federal Contract Tower,0,14,6,2,22,0,8,40,0,48,0,22,46,2,70,22,0,22,92
10/01/2003,LMT,OR,ANM,WE,Federal Contract Tower,0,17,10,17,44,0,1,24,16,41,0,18,34,33,85,72,20,92,177
10/02/2003,LMT,OR,ANM,WE,Federal Contract Tower,0,18,11,18,47,0,2,49,33,84,0,20,60,51,131,44,36,80,211
10/03/2003,LMT,OR,ANM,WE,Federal Contract Tower,0,16,9,15,40,0,10,53,14,77,0,26,62,29,117,58,38,96,213
10/04/2003,LMT,OR,ANM,WE,Federal Contract Tower,0,5,4,0,9,0,4,50,0,54,0,9,54,0,63,30,0,30,93
10/05/2003,LMT,OR,ANM,WE,Federal Contract Tower,0,4,3,2,9,0,4,55,0,59,0,8,58,2,68,47,0,47,115
10/06/2003,LMT,OR,ANM,WE,Federal Contract Tower,0,13,8,13,34,0,2,25,14,41,0,15,33,27,75,59,32,91,166
10/07/2003,LMT,OR,ANM,WE,Federal Contract Tower,0,18,12,21,51,0,0,26,15,41,0,18,38,36,92,32,28,60,152
10/08/2003,LMT,OR,ANM,WE,Federal Contract Tower,0,17,10,17,44,0,2,26,16,44,0,19,36,33,88,16,52,68,156
10/09/2003,LMT,OR,ANM,WE,Federal Contract Tower,0,17,10,16,43,0,3,30,8,41,0,20,40,24,84,57,10,67,151
10/10/2003,LMT,OR,ANM,WE,Federal Contract Tower,0,8,5,0,13,0,14,33,0,47,0,22,38,0,60,50,0,50,110
10/11/2003,LMT,OR,ANM,WE,Federal Contract Tower,0,8,5,8,21,0,5,48,2,55,0,13,53,10,76,54,0,54,130
10/12/2003,LMT,OR,ANM,WE,Federal Contract Tower,0,4,3,0,7,0,4,43,0,47,0,8,46,0,54,41,0,41,95
10/13/2003,LMT,OR,ANM,WE,Federal Contract Tower,0,8,5,0,13,0,7,56,0,63,0,15,61,0,76,30,0,30,106
10/14/2003,LMT,OR,ANM,WE,Federal Contract Tower,0,16,9,17,42,0,3,37,22,62,0,19,46,39,104,72,16,88,192
10/15/2003,LMT,OR,ANM,WE,Federal Contract Tower,0,17,9,17,43,0,2,25,16,43,0,19,34,33,86,29,20,49,135
10/16/2003,LMT,OR,ANM,WE,Federal Contract Tower,0,14,7,16,37,0,5,38,15,58,0,19,45,31,95,52,20,72,167
10/17/2003,LMT,OR,ANM,WE,Federal Contract Tower,0,12,6,11,29,0,8,32,9,49,0,20,38,20,78,10,28,38,116
10/18/2003,LMT,OR,ANM,WE,Federal Contract Tower,0,5,2,2,9,0,6,16,0,22,0,11,18,2,31,0,4,4,35
10/19/2003,LMT,OR,ANM,WE,Federal Contract Tower,0,7,3,6,16,0,0,44,0,44,0,7,47,6,60,96,0,96,156
10/20/2003,LMT,OR,ANM,WE,Federal Contract Tower,0,13,6,13,32,0,2,21,15,38,0,15,27,28,70,14,12,26,96
10/21/2003,LMT,OR,ANM,WE,Federal Contract Tower,0,14,7,12,33,0,4,35,13,52,0,18,42,25,85,18,10,28,113
10/22/2003,LMT,OR,ANM,WE,Federal Contract Tower,0,20,10,19,49,0,1,24,9,34,0,21,34,28,83,20,16,36,119
10/23/2003,LMT,OR,ANM,WE,Federal Contract Tower,0,19,9,18,46,0,4,59,15,78,0,23,68,33,124,32,52,84,208
10/24/2003,LMT,OR,ANM,WE,Federal Contract Tower,0,16,8,15,39,0,4,59,4,67,0,20,67,19,106,36,6,42,148
10/25/2003,LMT,OR,ANM,WE,Federal Contract Tower,0,10,7,12,29,0,0,58,21,79,0,10,65,33,108,30,12,42,150
10/26/2003,LMT,OR,ANM,WE,Federal Contract Tower,0,8,4,7,19,0,0,65,8,73,0,8,69,15,92,42,18,60,152
10/27/2003,LMT,OR,ANM,WE,Federal Contract Tower,0,12,6,10,28,0,8,43,9,60,0,20,49,19,88,22,20,42,130
10/28/2003,LMT,OR,ANM,WE,Federal Contract Tower,0,22,12,22,56,0,0,35,10,45,0,22,47,32,101,10,12,22,123
10/29/2003,LMT,OR,ANM,WE,Federal Contract Tower,0,19,9,18,46,0,0,17,8,25,0,19,26,26,71,2,22,24,95
10/30/2003,LMT,OR,ANM,WE,Federal Contract Tower,0,20,6,18,44,0,1,0,6,7,0,21,6,24,51,0,6,6,57
10/31/2003,LMT,OR,ANM,WE,Federal Contract Tower,0,19,10,18,47,0,2,26,3,31,0,21,36,21,78,14,4,18,96
11/01/2003,LMT,OR,ANM,WE,Federal Contract Tower,0,9,6,8,23,0,6,51,0,57,0,15,57,8,80,22,12,34,114
11/02/2003,LMT,OR,ANM,WE,Federal Contract Tower,0,3,3,0,6,0,5,0,0,5,0,8,3,0,11,0,0,0,11
11/03/2003,LMT,OR,ANM,WE,Federal Contract Tower,0,21,15,21,57,0,0,14,11,25,0,21,29,32,82,2,11,13,95
11/04/2003,LMT,OR,ANM,WE,Federal Contract Tower,0,18,13,19,50,0,0,2,1,3,0,18,15,20,53,2,46,48,101
11/05/2003,LMT,OR,ANM,WE,Federal Contract Tower,0,19,7,18,44,0,6,0,0,6,0,25,7,18,50,10,8,18,68
11/06/2003,LMT,OR,ANM,WE,Federal Contract Tower,0,20,14,20,54,0,0,7,10,17,0,20,21,30,71,0,76,76,147
11/07/2003,LMT,OR,ANM,WE,Federal Contract Tower,0,19,14,21,54,0,0,7,4,11,0,19,21,25,65,15,20,35,100
11/08/2003,LMT,OR,ANM,WE,Federal Contract Tower,0,10,6,0,16,0,0,22,0,22,0,10,28,0,38,0,0,0,38
11/09/2003,LMT,OR,ANM,WE,Federal Contract Tower,0,6,4,0,10,0,2,9,0,11,0,8,13,0,21,10,0,10,31
11/10/2003,LMT,OR,ANM,WE,Federal Contract Tower,0,16,9,0,25,0,5,12,0,17,0,21,21,0,42,0,0,0,42
11/11/2003,LMT,OR,ANM,WE,Federal Contract Tower,0,12,7,6,25,0,5,53,0,58,0,17,60,6,83,54,4,58,141
11/12/2003,LMT,OR,ANM,WE,Federal Contract Tower,0,22,11,18,51,0,0,20,14,34,0,22,31,32,85,10,43,53,138
11/13/2003,LMT,OR,ANM,WE,Federal Contract Tower,0,23,12,20,55,0,0,27,12,39,0,23,39,32,94,38,45,83,177
11/14/2003,LMT,OR,ANM,WE,Federal Contract Tower,0,18,13,23,54,0,0,3,16,19,0,18,16,39,73,28,58,86,159
11/15/2003,LMT,OR,ANM,WE,Federal Contract Tower,0,7,3,0,10,0,5,8,0,13,0,12,11,0,23,36,0,36,59
11/16/2003,LMT,OR,ANM,WE,Federal Contract Tower,0,6,3,0,9,0,1,14,0,15,0,7,17,0,24,10,0,10,34
11/17/2003,LMT,OR,ANM,WE,Federal Contract Tower,0,27,13,22,62,0,1,6,3,10,0,28,19,25,72,4,28,32,104
11/18/2003,LMT,OR,ANM,WE,Federal Contract Tower,0,26,12,21,59,0,0,18,10,28,0,26,30,31,87,16,44,60,147
11/19/2003,LMT,OR,ANM,WE,Federal Contract Tower,0,18,15,23,56,0,0,10,0,10,0,18,25,23,66,8,59,67,133
11/20/2003,LMT,OR,ANM,WE,Federal Contract Tower,0,22,10,18,50,0,0,1,5,6,0,22,11,23,56,22,36,58,114
11/21/2003,LMT,OR,ANM,WE,Federal Contract Tower,0,18,8,14,40,0,7,8,3,18,0,25,16,17,58,4,14,18,76
11/22/2003,LMT,OR,ANM,WE,Federal Contract Tower,0,10,6,10,26,0,0,60,12,72,0,10,66,22,98,18,20,38,136
11/23/2003,LMT,OR,ANM,WE,Federal Contract Tower,0,9,4,8,21,0,0,23,8,31,0,9,27,16,52,25,4,29,81
11/24/2003,LMT,OR,ANM,WE,Federal Contract Tower,0,13,6,0,19,0,9,13,0,22,0,22,19,0,41,0,0,0,41
11/25/2003,LMT,OR,ANM,WE,Federal Contract Tower,0,17,10,19,46,0,0,0,9,9,0,17,10,28,55,0,0,0,55
11/26/2003,LMT,OR,ANM,WE,Federal Contract Tower,0,20,10,15,45,0,2,8,0,10,0,22,18,15,55,0,18,18,73
11/27/2003,LMT,OR,ANM,WE,Federal Contract Tower,0,4,1,0,5,0,2,8,0,10,0,6,9,0,15,2,0,2,17
11/28/2003,LMT,OR,ANM,WE,Federal Contract Tower,0,12,5,0,17,0,4,20,0,24,0,16,25,0,41,12,0,12,53
11/29/2003,LMT,OR,ANM,WE,Federal Contract Tower,0,6,2,0,8,0,4,5,0,9,0,10,7,0,17,18,0,18,35
11/30/2003,LMT,OR,ANM,WE,Federal Contract Tower,0,8,3,0,11,0,0,22,0,22,0,8,25,0,33,17,0,17,50
12/01/2003,LMT,OR,ANM,WE,Federal Contract Tower,0,15,11,15,41,0,0,10,12,22,0,15,21,27,63,34,28,62,125
12/02/2003,LMT,OR,ANM,WE,Federal Contract Tower,0,12,14,18,44,0,0,15,22,37,0,12,29,40,81,14,16,30,111
12/03/2003,LMT,OR,ANM,WE,Federal Contract Tower,0,18,10,12,40,0,5,7,13,25,0,23,17,25,65,12,42,54,119
12/04/2003,LMT,OR,ANM,WE,Federal Contract Tower,0,23,6,15,44,0,3,0,10,13,0,26,6,25,57,0,18,18,75
12/05/2003,LMT,OR,ANM,WE,Federal Contract Tower,0,25,13,16,54,0,2,0,6,8,0,27,13,22,62,0,10,10,72
12/06/2003,LMT,OR,ANM,WE,Federal Contract Tower,0,13,8,10,31,0,0,1,2,3,0,13,9,12,34,0,8,8,42
12/07/2003,LMT,OR,ANM,WE,Federal Contract Tower,0,7,4,0,11,0,3,5,0,8,0,10,9,0,19,7,0,7,26
12/08/2003,LMT,OR,ANM,WE,Federal Contract Tower,0,12,6,0,18,0,6,10,0,16,0,18,16,0,34,43,12,55,89
12/09/2003,LMT,OR,ANM,WE,Federal Contract Tower,0,19,10,14,43,0,7,6,1,14,0,26,16,15,57,13,12,25,82
12/10/2003,LMT,OR,ANM,WE,Federal Contract Tower,0,31,11,22,64,0,1,0,6,7,0,32,11,28,71,2,14,16,87
12/11/2003,LMT,OR,ANM,WE,Federal Contract Tower,0,21,13,16,50,0,0,8,9,17,0,21,21,25,67,0,18,18,85
12/12/2003,LMT,OR,ANM,WE,Federal Contract Tower,0,17,9,14,40,0,0,0,11,11,0,17,9,25,51,0,0,0,51
12/13/2003,LMT,OR,ANM,WE,Federal Contract Tower,0,6,3,0,9,0,3,1,0,4,0,9,4,0,13,0,0,0,13
12/14/2003,LMT,OR,ANM,WE,Federal Contract Tower,0,6,4,1,11,0,2,8,0,10,0,8,12,1,21,0,0,0,21
12/15/2003,LMT,OR,ANM,WE,Federal Contract Tower,0,23,13,18,54,0,0,18,11,29,0,23,31,29,83,22,12,34,117
12/16/2003,LMT,OR,ANM,WE,Federal Contract Tower,0,24,14,19,57,0,0,19,7,26,0,24,33,26,83,18,47,65,148
12/17/2003,LMT,OR,ANM,WE,Federal Contract Tower,0,26,13,18,57,0,2,55,12,69,0,28,68,30,126,44,14,58,184
12/18/2003,LMT,OR,ANM,WE,Federal Contract Tower,0,17,8,12,37,0,0,29,18,47,0,17,37,30,84,18,20,38,122
12/19/2003,LMT,OR,ANM,WE,Federal Contract Tower,0,19,9,13,41,0,4,10,10,24,0,23,19,23,65,48,8,56,121
12/20/2003,LMT,OR,ANM,WE,Federal Contract Tower,0,10,4,0,14,0,3,29,0,32,0,13,33,0,46,0,46,46,92
12/21/2003,LMT,OR,ANM,WE,Federal Contract Tower,0,6,2,0,8,0,1,3,0,4,0,7,5,0,12,0,0,0,12
12/22/2003,LMT,OR,ANM,WE,Federal Contract Tower,0,14,6,0,20,0,5,30,0,35,0,19,36,0,55,82,0,82,137
12/23/2003,LMT,OR,ANM,WE,Federal Contract Tower,0,21,9,14,44,0,6,8,5,19,0,27,17,19,63,0,14,14,77
12/24/2003,LMT,OR,ANM,WE,Federal Contract Tower,0,13,3,5,21,0,9,0,0,9,0,22,3,5,30,0,2,2,32
12/25/2003,LMT,OR,ANM,WE,Federal Contract Tower,0,4,0,0,4,0,4,0,0,4,0,8,0,0,8,0,0,0,8
12/26/2003,LMT,OR,ANM,WE,Federal Contract Tower,0,15,7,0,22,0,6,17,0,23,0,21,24,0,45,46,0,46,91
12/27/2003,LMT,OR,ANM,WE,Federal Contract Tower,0,9,4,0,13,0,2,7,0,9,0,11,11,0,22,10,0,10,32
12/28/2003,LMT,OR,ANM,WE,Federal Contract Tower,0,3,1,0,4,0,2,9,0,11,0,5,10,0,15,24,0,24,39
12/29/2003,LMT,OR,ANM,WE,Federal Contract Tower,0,16,7,8,31,0,0,5,0,5,0,16,12,8,36,0,2,2,38
12/30/2003,LMT,OR,ANM,WE,Federal Contract Tower,0,17,6,15,38,0,0,0,15,15,0,17,6,30,53,2,8,10,63
12/31/2003,LMT,OR,ANM,WE,Federal Contract Tower,0,14,6,4,24,0,4,1,0,5,0,18,7,4,29,0,0,0,29
01/01/2004,LMT,OR,ANM,WE,Federal Contract Tower,0,8,3,0,11,0,0,0,0,0,0,8,3,0,11,0,0,0,11
01/02/2004,LMT,OR,ANM,WE,Federal Contract Tower,0,3,4,0,7,0,15,3,0,18,0,18,7,0,25,0,0,0,25
01/03/2004,LMT,OR,ANM,WE,Federal Contract Tower,0,9,7,0,16,0,4,5,0,9,0,13,12,0,25,0,0,0,25
01/04/2004,LMT,OR,ANM,WE,Federal Contract Tower,0,8,6,0,14,0,0,8,0,8,0,8,14,0,22,0,0,0,22
01/05/2004,LMT,OR,ANM,WE,Federal Contract Tower,0,4,4,1,9,0,19,29,0,48,0,23,33,1,57,20,0,20,77
01/06/2004,LMT,OR,ANM,WE,Federal Contract Tower,0,12,8,11,31,0,0,0,4,4,0,12,8,15,35,0,22,22,57
01/07/2004,LMT,OR,ANM,WE,Federal Contract Tower,0,8,8,12,28,0,0,5,23,28,0,8,13,35,56,14,40,54,110
01/08/2004,LMT,OR,ANM,WE,Federal Contract Tower,0,8,7,10,25,0,0,5,26,31,0,8,12,36,56,14,32,46,102
01/09/2004,LMT,OR,ANM,WE,Federal Contract Tower,0,15,8,12,35,0,1,3,9,13,0,16,11,21,48,4,36,40,88
01/10/2004,LMT,OR,ANM,WE,Federal Contract Tower,0,13,9,0,22,0,0,10,0,10,0,13,19,0,32,54,0,54,86
01/11/2004,LMT,OR,ANM,WE,Federal Contract Tower,0,7,4,0,11,0,0,9,0,9,0,7,13,0,20,53,0,53,73
01/12/2004,LMT,OR,ANM,WE,Federal Contract Tower,0,6,3,3,12,0,13,5,21,39,0,19,8,24,51,0,12,12,63
01/13/2004,LMT,OR,ANM,WE,Federal Contract Tower,0,15,7,11,33,0,5,34,42,81,0,20,41,53,114,32,34,66,180
01/14/2004,LMT,OR,ANM,WE,Federal Contract Tower,0,25,11,19,55,0,0,7,8,15,0,25,18,27,70,6,20,26,96
01/15/2004,LMT,OR,ANM,WE,Federal Contract Tower,0,24,2,18,44,0,0,0,23,23,0,24,2,41,67,0,0,0,67
01/16/2004,LMT,OR,ANM,WE,Federal Contract Tower,0,24,13,5,42,0,0,25,0,25,0,24,38,5,67,32,0,32,99
01/17/2004,LMT,OR,ANM,WE,Federal Contract Tower,0,9,7,0,16,0,0,0,0,0,0,9,7,0,16,0,0,0,16
01/18/2004,LMT,OR,ANM,WE,Federal Contract Tower,0,8,3,4,15,0,0,24,0,24,0,8,27,4,39,22,0,22,61
01/19/2004,LMT,OR,ANM,WE,Federal Contract Tower,0,12,5,0,17,0,0,3,0,3,0,12,8,0,20,0,0,0,20
01/20/2004,LMT,OR,ANM,WE,Federal Contract Tower,0,9,3,6,18,0,10,28,21,59,0,19,31,27,77,22,20,42,119
01/21/2004,LMT,OR,ANM,WE,Federal Contract Tower,0,21,11,18,50,0,0,44,6,50,0,21,55,24,100,20,20,40,140
01/22/2004,LMT,OR,ANM,WE,Federal Contract Tower,0,19,11,18,48,0,0,35,8,43,0,19,46,26,91,18,20,38,129
01/23/2004,LMT,OR,ANM,WE,Federal Contract Tower,0,22,10,16,48,0,2,11,9,22,0,24,21,25,70,12,58,70,140
01/24/2004,LMT,OR,ANM,WE,Federal Contract Tower,0,12,8,2,22,0,0,2,0,2,0,12,10,2,24,0,0,0,24
01/25/2004,LMT,OR,ANM,WE,Federal Contract Tower,0,9,5,0,14,0,0,20,0,20,0,9,25,0,34,18,0,18,52
01/26/2004,LMT,OR,ANM,WE,Federal Contract Tower,0,6,2,4,12,0,9,6,1,16,0,15,8,5,28,0,1,1,29
01/27/2004,LMT,OR,ANM,WE,Federal Contract Tower,0,13,6,10,29,0,3,3,10,16,0,16,9,20,45,0,2,2,47
01/28/2004,LMT,OR,ANM,WE,Federal Contract Tower,0,18,2,15,35,0,0,0,20,20,0,18,2,35,55,0,0,0,55
01/29/2004,LMT,OR,ANM,WE,Federal Contract Tower,0,16,10,15,41,0,0,0,0,0,0,16,10,15,41,0,0,0,41
01/30/2004,LMT,OR,ANM,WE,Federal Contract Tower,0,9,11,17,37,0,0,19,1,20,0,9,30,18,57,16,18,34,91
01/31/2004,LMT,OR,ANM,WE,Federal Contract Tower,0,0,0,0,0,0,0,0,0,0,0,0,0,0,0,0,0,0,0
02/01/2004,LMT,OR,ANM,WE,Federal Contract Tower,0,8,4,5,17,0,0,4,13,17,0,8,8,18,34,16,6,22,56
02/02/2004,LMT,OR,ANM,WE,Federal Contract Tower,0,9,4,0,13,0,9,0,0,9,0,18,4,0,22,0,0,0,22
02/03/2004,LMT,OR,ANM,WE,Federal Contract Tower,0,20,10,15,45,0,0,19,12,31,0,20,29,27,76,34,16,50,126
02/04/2004,LMT,OR,ANM,WE,Federal Contract Tower,0,16,13,19,48,0,0,6,13,19,0,16,19,32,67,38,22,60,127
02/05/2004,LMT,OR,ANM,WE,Federal Contract Tower,0,21,12,19,52,0,0,72,8,80,0,21,84,27,132,38,16,54,186
02/06/2004,LMT,OR,ANM,WE,Federal Contract Tower,0,20,7,13,40,0,0,0,10,10,0,20,7,23,50,4,10,14,64
02/07/2004,LMT,OR,ANM,WE,Federal Contract Tower,0,6,3,3,12,0,4,19,0,23,0,10,22,3,35,22,0,22,57
02/08/2004,LMT,OR,ANM,WE,Federal Contract Tower,0,11,5,1,17,0,0,67,0,67,0,11,72,1,84,44,0,44,128
02/09/2004,LMT,OR,ANM,WE,Federal Contract Tower,0,13,6,8,27,0,4,35,17,56,0,17,41,25,83,28,12,40,123
02/10/2004,LMT,OR,ANM,WE,Federal Contract Tower,0,22,10,18,50,0,0,18,20,38,0,22,28,38,88,54,36,90,178
02/11/2004,LMT,OR,ANM,WE,Federal Contract Tower,0,23,9,15,47,0,0,30,22,52,0,23,39,37,99,22,26,48,147
02/12/2004,LMT,OR,ANM,WE,Federal Contract Tower,0,19,7,12,38,0,1,37,4,42,0,20,44,16,80,48,8,56,136
02/13/2004,LMT,OR,ANM,WE,Federal Contract Tower,0,20,7,10,37,0,4,17,0,21,0,24,24,10,58,34,4,38,96
02/14/2004,LMT,OR,ANM,WE,Federal Contract Tower,0,5,1,0,6,0,5,22,0,27,0,10,23,0,33,6,0,6,39
02/15/2004,LMT,OR,ANM,WE,Federal Contract Tower,0,8,2,0,10,0,3,16,0,19,0,11,18,0,29,14,0,14,43
02/16/2004,LMT,OR,ANM,WE,Federal Contract Tower,0,12,4,0,16,0,5,3,0,8,0,17,7,0,24,0,0,0,24
02/17/2004,LMT,OR,ANM,WE,Federal Contract Tower,0,15,5,2,22,0,1,6,0,7,0,16,11,2,29,0,0,0,29
02/18/2004,LMT,OR,ANM,WE,Federal Contract Tower,0,23,10,17,50,0,0,8,9,17,0,23,18,26,67,0,84,84,151
02/19/2004,LMT,OR,ANM,WE,Federal Contract Tower,0,19,8,13,40,0,0,39,11,50,0,19,47,24,90,36,40,76,166
02/20/2004,LMT,OR,ANM,WE,Federal Contract Tower,0,16,5,3,24,0,3,22,0,25,0,19,27,3,49,36,2,38,87
02/21/2004,LMT,OR,ANM,WE,Federal Contract Tower,0,6,2,0,8,0,5,24,0,29,0,11,26,0,37,46,0,46,83
02/22/2004,LMT,OR,ANM,WE,Federal Contract Tower,0,9,3,1,13,0,5,4,0,9,0,14,7,1,22,0,0,0,22
02/23/2004,LMT,OR,ANM,WE,Federal Contract Tower,0,20,9,15,44,0,0,2,7,9,0,20,11,22,53,0,0,0,53
02/24/2004,LMT,OR,ANM,WE,Federal Contract Tower,0,20,8,15,43,0,0,3,12,15,0,20,11,27,58,0,42,42,100
02/25/2004,LMT,OR,ANM,WE,Federal Contract Tower,0,13,4,3,20,0,5,2,0,7,0,18,6,3,27,0,0,0,27
02/26/2004,LMT,OR,ANM,WE,Federal Contract Tower,0,20,5,12,37,0,2,0,3,5,0,22,5,15,42,0,28,28,70
02/27/2004,LMT,OR,ANM,WE,Federal Contract Tower,0,16,5,10,31,0,3,9,1,13,0,19,14,11,44,10,32,42,86
02/28/2004,LMT,OR,ANM,WE,Federal Contract Tower,0,11,4,8,23,0,0,50,4,54,0,11,54,12,77,18,40,58,135
02/29/2004,LMT,OR,ANM,WE,Federal Contract Tower,0,7,3,6,16,0,0,33,9,42,0,7,36,15,58,40,42,82,140
03/01/2004,LMT,OR,ANM,WE,Federal Contract Tower,0,9,5,1,15,0,7,0,0,7,0,16,5,1,22,0,0,0,22
03/02/2004,LMT,OR,ANM,WE,Federal Contract Tower,0,23,12,20,55,0,3,17,6,26,0,26,29,26,81,26,40,66,147
03/03/2004,LMT,OR,ANM,WE,Federal Contract Tower,0,20,11,17,48,0,9,9,3,21,0,29,20,20,69,24,40,64,133
03/04/2004,LMT,OR,ANM,WE,Federal Contract Tower,0,21,13,20,54,0,0,12,2,14,0,21,25,22,68,2,41,43,111
03/05/2004,LMT,OR,ANM,WE,Federal Contract Tower,0,23,8,20,51,0,3,0,2,5,0,26,8,22,56,0,2,2,58
03/06/2004,LMT,OR,ANM,WE,Federal Contract Tower,0,4,4,4,12,0,5,30,0,35,0,9,34,4,47,54,0,54,101
03/07/2004,LMT,OR,ANM,WE,Federal Contract Tower,0,7,4,4,15,0,5,10,0,15,0,12,14,4,30,74,4,78,108
03/08/2004,LMT,OR,ANM,WE,Federal Contract Tower,0,15,8,14,37,0,3,58,3,64,0,18,66,17,101,40,18,58,159
03/09/2004,LMT,OR,ANM,WE,Federal Contract Tower,0,19,9,17,45,0,2,52,16,70,0,21,61,33,115,15,32,47,162
03/10/2004,LMT,OR,ANM,WE,Federal Contract Tower,0,14,6,13,33,0,2,53,13,68,0,16,59,26,101,10,18,28,129
03/11/2004,LMT,OR,ANM,WE,Federal Contract Tower,0,20,9,17,46,0,0,61,12,73,0,20,70,29,119,27,4,31,150
03/12/2004,LMT,OR,ANM,WE,Federal Contract Tower,0,11,4,8,23,0,6,45,12,63,0,17,49,20,86,22,4,26,112
03/13/2004,LMT,OR,ANM,WE,Federal Contract Tower,0,9,6,12,27,0,0,28,17,45,0,9,34,29,72,64,32,96,168
03/14/2004,LMT,OR,ANM,WE,Federal Contract Tower,0,9,5,9,23,0,0,4,5,9,0,9,9,14,32,143,20,163,195
03/15/2004,LMT,OR,ANM,WE,Federal Contract Tower,0,12,4,0,16,0,3,10,0,13,0,15,14,0,29,74,0,74,103
03/16/2004,LMT,OR,ANM,WE,Federal Contract Tower,0,23,3,18,44,0,2,0,14,16,0,25,3,32,60,75,20,95,155
03/17/2004,LMT,OR,ANM,WE,Federal Contract Tower,0,16,11,20,47,0,0,2,10,12,0,16,13,30,59,84,30,114,173
03/18/2004,LMT,OR,ANM,WE,Federal Contract Tower,0,20,10,19,49,0,0,6,17,23,0,20,16,36,72,31,35,66,138
03/19/2004,LMT,OR,ANM,WE,Federal Contract Tower,0,17,6,13,36,0,3,4,1,8,0,20,10,14,44,44,14,58,102
03/20/2004,LMT,OR,ANM,WE,Federal Contract Tower,0,9,3,0,12,0,3,4,0,7,0,12,7,0,19,97,0,97,116
03/21/2004,LMT,OR,ANM,WE,Federal Contract Tower,0,5,1,0,6,0,2,1,0,3,0,7,2,0,9,74,0,74,83
03/22/2004,LMT,OR,ANM,WE,Federal Contract Tower,0,16,1,12,29,0,0,0,10,10,0,16,1,22,39,64,19,83,122
03/23/2004,LMT,OR,ANM,WE,Federal Contract Tower,0,18,7,13,38,0,1,23,4,28,0,19,30,17,66,44,14,58,124
03/24/2004,LMT,OR,ANM,WE,Federal Contract Tower,0,17,7,13,37,0,0,9,9,18,0,17,16,22,55,30,22,52,107
03/25/2004,LMT,OR,ANM,WE,Federal Contract Tower,0,20,8,12,40,0,2,3,0,5,0,22,11,12,45,6,8,14,59
03/26/2004,LMT,OR,ANM,WE,Federal Contract Tower,0,15,6,12,33,0,3,3,0,6,0,18,9,12,39,5,4,9,48
03/27/2004,LMT,OR,ANM,WE,Federal Contract Tower,0,9,3,0,12,0,4,2,0,6,0,13,5,0,18,42,0,42,60
03/28/2004,LMT,OR,ANM,WE,Federal Contract Tower,0,7,4,0,11,0,0,34,0,34,0,7,38,0,45,47,0,47,92
03/29/2004,LMT,OR,ANM,WE,Federal Contract Tower,0,9,3,0,12,0,10,2,0,12,0,19,5,0,24,21,0,21,45
03/30/2004,LMT,OR,ANM,WE,Federal Contract Tower,0,21,5,18,44,0,0,0,8,8,0,21,5,26,52,11,16,27,79
03/31/2004,LMT,OR,ANM,WE,Federal Contract Tower,0,21,9,16,46,0,0,10,26,36,0,21,19,42,82,47,16,63,145
04/01/2004,LMT,OR,ANM,WE,Federal Contract Tower,0,18,9,15,42,0,1,5,14,20,0,19,14,29,62,48,30,78,140
04/02/2004,LMT,OR,ANM,WE,Federal Contract Tower,0,12,7,10,29,0,9,21,0,30,0,21,28,10,59,22,8,30,89
04/03/2004,LMT,OR,ANM,WE,Federal Contract Tower,0,9,5,3,17,0,3,3,0,6,0,12,8,3,23,115,0,115,138
04/04/2004,LMT,OR,ANM,WE,Federal Contract Tower,0,9,2,0,11,0,0,0,0,0,0,9,2,0,11,84,0,84,95
04/05/2004,LMT,OR,ANM,WE,Federal Contract Tower,0,13,7,4,24,0,7,0,0,7,0,20,7,4,31,35,17,52,83
04/06/2004,LMT,OR,ANM,WE,Federal Contract Tower,0,18,9,15,42,0,1,2,1,4,0,19,11,16,46,66,21,87,133
04/07/2004,LMT,OR,ANM,WE,Federal Contract Tower,0,15,8,12,35,0,6,5,2,13,0,21,13,14,48,32,5,37,85
04/08/2004,LMT,OR,ANM,WE,Federal Contract Tower,0,14,7,12,33,0,8,12,0,20,0,22,19,12,53,81,4,85,138
04/09/2004,LMT,OR,ANM,WE,Federal Contract Tower,0,13,7,10,30,0,2,15,22,39,0,15,22,32,69,48,0,48,117
04/10/2004,LMT,OR,ANM,WE,Federal Contract Tower,0,7,4,2,13,0,7,14,0,21,0,14,18,2,34,96,0,96,130
04/11/2004,LMT,OR,ANM,WE,Federal Contract Tower,0,4,3,0,7,0,3,0,0,3,0,7,3,0,10,99,0,99,109
04/12/2004,LMT,OR,ANM,WE,Federal Contract Tower,0,7,4,3,14,0,8,21,0,29,0,15,25,3,43,34,0,34,77
04/13/2004,LMT,OR,ANM,WE,Federal Contract Tower,0,13,6,9,28,0,5,4,0,9,0,18,10,9,37,19,9,28,65
04/14/2004,LMT,OR,ANM,WE,Federal Contract Tower,0,21,11,11,43,0,0,3,0,3,0,21,14,11,46,7,71,78,124
04/15/2004,LMT,OR,ANM,WE,Federal Contract Tower,0,19,5,17,41,0,0,0,22,22,0,19,5,39,63,25,60,85,148
04/16/2004,LMT,OR,ANM,WE,Federal Contract Tower,0,19,12,21,52,0,0,1,5,6,0,19,13,26,58,36,0,36,94
04/17/2004,LMT,OR,ANM,WE,Federal Contract Tower,0,11,6,4,21,0,0,23,0,23,0,11,29,4,44,52,0,52,96
04/18/2004,LMT,OR,ANM,WE,Federal Contract Tower,0,7,5,5,17,0,0,7,0,7,0,7,12,5,24,12,0,12,36
04/19/2004,LMT,OR,ANM,WE,Federal Contract Tower,0,16,12,22,50,0,0,0,25,25,0,16,12,47,75,9,46,55,130
04/20/2004,LMT,OR,ANM,WE,Federal Contract Tower,0,19,9,16,44,0,0,1,1,2,0,19,10,17,46,4,34,38,84
04/21/2004,LMT,OR,ANM,WE,Federal Contract Tower,0,25,9,22,56,0,0,0,14,14,0,25,9,36,70,0,14,14,84
04/22/2004,LMT,OR,ANM,WE,Federal Contract Tower,0,22,11,18,51,0,0,48,9,57,0,22,59,27,108,62,38,100,208
04/23/2004,LMT,OR,ANM,WE,Federal Contract Tower,0,18,10,16,44,0,0,10,16,26,0,18,20,32,70,79,4,83,153
04/24/2004,LMT,OR,ANM,WE,Federal Contract Tower,0,8,3,7,18,0,2,32,9,43,0,10,35,16,61,45,22,67,128
04/25/2004,LMT,OR,ANM,WE,Federal Contract Tower,0,7,3,0,10,0,4,1,0,5,0,11,4,0,15,55,0,55,70
04/26/2004,LMT,OR,ANM,WE,Federal Contract Tower,0,8,3,0,11,0,8,7,0,15,0,16,10,0,26,88,0,88,114
04/27/2004,LMT,OR,ANM,WE,Federal Contract Tower,0,16,9,17,42,0,0,12,11,23,0,16,21,28,65,67,16,83,148
04/28/2004,LMT,OR,ANM,WE,Federal Contract Tower,0,19,10,16,45,0,0,5,5,10,0,19,15,21,55,60,47,107,162
04/29/2004,LMT,OR,ANM,WE,Federal Contract Tower,0,17,9,16,42,0,0,11,12,23,0,17,20,28,65,32,16,48,113
04/30/2004,LMT,OR,ANM,WE,Federal Contract Tower,0,18,8,13,39,0,7,22,0,29,0,25,30,13,68,69,8,77,145
05/01/2004,LMT,OR,ANM,WE,Federal Contract Tower,0,8,4,4,16,0,3,6,0,9,0,11,10,4,25,108,0,108,133
05/02/2004,LMT,OR,ANM,WE,Federal Contract Tower,0,3,3,0,6,0,5,0,0,5,0,8,3,0,11,72,0,72,83
05/03/2004,LMT,OR,ANM,WE,Federal Contract Tower,0,15,9,14,38,0,3,8,15,26,0,18,17,29,64,36,39,75,139
05/04/2004,LMT,OR,ANM,WE,Federal Contract Tower,0,20,12,20,52,0,0,9,17,26,0,20,21,37,78,38,14,52,130
05/05/2004,LMT,OR,ANM,WE,Federal Contract Tower,0,17,9,16,42,0,6,13,8,27,0,23,22,24,69,62,44,106,175
05/06/2004,LMT,OR,ANM,WE,Federal Contract Tower,0,18,10,16,44,0,3,0,13,16,0,21,10,29,60,21,36,57,117
05/07/2004,LMT,OR,ANM,WE,Federal Contract Tower,0,21,11,14,46,0,1,23,0,24,0,22,34,14,70,52,28,80,150
05/08/2004,LMT,OR,ANM,WE,Federal Contract Tower,0,5,4,5,14,0,3,23,3,29,0,8,27,8,43,21,0,21,64
05/09/2004,LMT,OR,ANM,WE,Federal Contract Tower,0,3,3,0,6,0,5,0,0,5,0,8,3,0,11,25,0,25,36
05/10/2004,LMT,OR,ANM,WE,Federal Contract Tower,0,14,6,0,20,0,11,1,0,12,0,25,7,0,32,1,0,1,33
05/11/2004,LMT,OR,ANM,WE,Federal Contract Tower,0,18,10,19,47,0,0,18,10,28,0,18,28,29,75,4,18,22,97
05/12/2004,LMT,OR,ANM,WE,Federal Contract Tower,0,16,10,20,46,0,0,15,24,39,0,16,25,44,85,49,16,65,150
05/13/2004,LMT,OR,ANM,WE,Federal Contract Tower,0,16,10,22,48,0,0,20,13,33,0,16,30,35,81,89,4,93,174
05/14/2004,LMT,OR,ANM,WE,Federal Contract Tower,0,19,9,17,45,0,0,4,1,5,0,19,13,18,50,70,14,84,134
05/15/2004,LMT,OR,ANM,WE,Federal Contract Tower,0,11,4,2,17,0,2,7,0,9,0,13,11,2,26,72,0,72,98
05/16/2004,LMT,OR,ANM,WE,Federal Contract Tower,0,6,2,0,8,0,3,1,0,4,0,9,3,0,12,53,0,53,65
05/17/2004,LMT,OR,ANM,WE,Federal Contract Tower,0,20,8,14,42,0,0,12,0,12,0,20,20,14,54,35,0,35,89
05/18/2004,LMT,OR,ANM,WE,Federal Contract Tower,0,21,9,22,52,0,0,0,7,7,0,21,9,29,59,44,19,63,122
05/19/2004,LMT,OR,ANM,WE,Federal Contract Tower,0,16,9,16,41,0,0,0,0,0,0,16,9,16,41,87,40,127,168
05/20/2004,LMT,OR,ANM,WE,Federal Contract Tower,0,22,9,20,51,0,0,10,13,23,0,22,19,33,74,80,42,122,196
05/21/2004,LMT,OR,ANM,WE,Federal Contract Tower,0,23,11,22,56,0,0,4,7,11,0,23,15,29,67,30,33,63,130
05/22/2004,LMT,OR,ANM,WE,Federal Contract Tower,0,10,7,15,32,0,0,1,7,8,0,10,8,22,40,36,40,76,116
05/23/2004,LMT,OR,ANM,WE,Federal Contract Tower,0,8,6,13,27,0,0,12,20,32,0,8,18,33,59,87,20,107,166
05/24/2004,LMT,OR,ANM,WE,Federal Contract Tower,0,12,5,2,19,0,9,13,0,22,0,21,18,2,41,46,0,46,87
05/25/2004,LMT,OR,ANM,WE,Federal Contract Tower,0,17,8,16,41,0,0,1,21,22,0,17,9,37,63,80,24,104,167
05/26/2004,LMT,OR,ANM,WE,Federal Contract Tower,0,20,8,17,45,0,0,9,4,13,0,20,17,21,58,44,20,64,122
05/27/2004,LMT,OR,ANM,WE,Federal Contract Tower,0,18,8,18,44,0,0,10,10,20,0,18,18,28,64,12,30,42,106
05/28/2004,LMT,OR,ANM,WE,Federal Contract Tower,0,13,7,16,36,0,0,6,4,10,0,13,13,20,46,5,0,5,51
05/29/2004,LMT,OR,ANM,WE,Federal Contract Tower,0,5,1,0,6,0,4,1,0,5,0,9,2,0,11,75,0,75,86
05/30/2004,LMT,OR,ANM,WE,Federal Contract Tower,0,5,1,0,6,0,1,3,0,4,0,6,4,0,10,104,0,104,114
05/31/2004,LMT,OR,ANM,WE,Federal Contract Tower,0,5,1,0,6,0,6,0,0,6,0,11,1,0,12,43,10,53,65
06/01/2004,LMT,OR,ANM,WE,Federal Contract Tower,0,15,9,15,39,0,0,0,8,8,0,15,9,23,47,53,6,59,106
06/02/2004,LMT,OR,ANM,WE,Federal Contract Tower,0,14,11,18,43,0,0,9,12,21,0,14,20,30,64,83,22,105,169
06/03/2004,LMT,OR,ANM,WE,Federal Contract Tower,0,17,12,20,49,0,0,19,7,26,0,17,31,27,75,93,26,119,194
06/04/2004,LMT,OR,ANM,WE,Federal Contract Tower,0,9,5,2,16,0,13,7,0,20,0,22,12,2,36,109,0,109,145
06/05/2004,LMT,OR,ANM,WE,Federal Contract Tower,0,8,9,14,31,0,0,33,10,43,0,8,42,24,74,24,33,57,131
06/06/2004,LMT,OR,ANM,WE,Federal Contract Tower,0,7,4,0,11,0,3,2,0,5,0,10,6,0,16,51,1,52,68
06/07/2004,LMT,OR,ANM,WE,Federal Contract Tower,0,9,7,0,16,0,9,2,0,11,0,18,9,0,27,24,0,24,51
06/08/2004,LMT,OR,ANM,WE,Federal Contract Tower,0,15,11,16,42,0,2,0,2,4,0,17,11,18,46,61,44,105,151
06/09/2004,LMT,OR,ANM,WE,Federal Contract Tower,0,18,13,21,52,0,3,0,7,10,0,21,13,28,62,23,9,32,94
06/10/2004,LMT,OR,ANM,WE,Federal Contract Tower,0,19,15,23,57,0,0,0,0,0,0,19,15,23,57,62,16,78,135
06/11/2004,LMT,OR,ANM,WE,Federal Contract Tower,0,11,9,0,20,0,8,13,0,21,0,19,22,0,41,74,0,74,115
06/12/2004,LMT,OR,ANM,WE,Federal Contract Tower,0,3,0,0,3,0,9,0,0,9,0,12,0,0,12,115,0,115,127
06/13/2004,LMT,OR,ANM,WE,Federal Contract Tower,0,7,6,0,13,0,0,9,0,9,0,7,15,0,22,128,0,128,150
06/14/2004,LMT,OR,ANM,WE,Federal Contract Tower,0,16,15,22,53,0,0,41,0,41,0,16,56,22,94,62,31,93,187
06/15/2004,LMT,OR,ANM,WE,Federal Contract Tower,0,13,15,21,49,0,0,19,0,19,0,13,34,21,68,87,16,103,171
06/16/2004,LMT,OR,ANM,WE,Federal Contract Tower,0,6,10,14,30,0,0,20,16,36,0,6,30,30,66,32,34,66,132
06/17/2004,LMT,OR,ANM,WE,Federal Contract Tower,0,18,13,16,47,0,2,2,0,4,0,20,15,16,51,89,8,97,148
06/18/2004,LMT,OR,ANM,WE,Federal Contract Tower,0,13,8,15,36,0,7,0,4,11,0,20,8,19,47,104,0,104,151
06/19/2004,LMT,OR,ANM,WE,Federal Contract Tower,0,8,0,11,19,0,0,0,24,24,0,8,0,35,43,106,26,132,175
06/20/2004,LMT,OR,ANM,WE,Federal Contract Tower,0,8,7,12,27,0,0,16,8,24,0,8,23,20,51,99,41,140,191
06/21/2004,LMT,OR,ANM,WE,Federal Contract Tower,0,10,7,0,17,0,10,9,0,19,0,20,16,0,36,64,0,64,100
06/22/2004,LMT,OR,ANM,WE,Federal Contract Tower,0,26,16,19,61,0,3,0,0,3,0,29,16,19,64,89,62,151,215
06/23/2004,LMT,OR,ANM,WE,Federal Contract Tower,0,26,16,30,72,0,0,0,20,20,0,26,16,50,92,112,25,137,229
06/24/2004,LMT,OR,ANM,WE,Federal Contract Tower,0,25,20,33,78,0,0,23,9,32,0,25,43,42,110,76,38,114,224
06/25/2004,LMT,OR,ANM,WE,Federal Contract Tower,0,23,16,27,66,0,2,14,2,18,0,25,30,29,84,90,28,118,202
06/26/2004,LMT,OR,ANM,WE,Federal Contract Tower,0,4,3,1,8,0,5,7,0,12,0,9,10,1,20,73,0,73,93
06/27/2004,LMT,OR,ANM,WE,Federal Contract Tower,0,4,3,0,7,0,2,3,0,5,0,6,6,0,12,106,0,106,118
06/28/2004,LMT,OR,ANM,WE,Federal Contract Tower,0,16,11,19,46,0,1,1,10,12,0,17,12,29,58,79,31,110,168
06/29/2004,LMT,OR,ANM,WE,Federal Contract Tower,0,22,16,26,64,0,0,7,29,36,0,22,23,55,100,51,9,60,160
06/30/2004,LMT,OR,ANM,WE,Federal Contract Tower,0,14,15,31,60,0,0,0,12,12,0,14,15,43,72,67,12,79,151
07/01/2004,LMT,OR,ANM,WE,Federal Contract Tower,0,18,13,21,52,0,15,32,2,49,0,33,45,23,101,77,0,77,178
07/02/2004,LMT,OR,ANM,WE,Federal Contract Tower,0,9,3,8,20,0,14,0,0,14,0,23,3,8,34,103,0,103,137
07/03/2004,LMT,OR,ANM,WE,Federal Contract Tower,0,5,4,0,9,0,6,30,0,36,0,11,34,0,45,99,0,99,144
07/04/2004,LMT,OR,ANM,WE,Federal Contract Tower,0,5,5,0,10,0,2,4,0,6,0,7,9,0,16,83,8,91,107
07/05/2004,LMT,OR,ANM,WE,Federal Contract Tower,0,4,2,0,6,0,6,0,0,6,0,10,2,0,12,61,0,61,73
07/06/2004,LMT,OR,ANM,WE,Federal Contract Tower,0,12,9,13,34,0,3,6,13,22,0,15,15,26,56,49,12,61,117
07/07/2004,LMT,OR,ANM,WE,Federal Contract Tower,0,19,13,21,53,0,3,16,12,31,0,22,29,33,84,80,14,94,178
07/08/2004,LMT,OR,ANM,WE,Federal Contract Tower,0,15,10,16,41,0,5,9,12,26,0,20,19,28,67,71,8,79,146
07/09/2004,LMT,OR,ANM,WE,Federal Contract Tower,0,16,11,17,44,0,3,42,1,46,0,19,53,18,90,129,7,136,226
07/10/2004,LMT,OR,ANM,WE,Federal Contract Tower,0,5,3,1,9,0,4,15,0,19,0,9,18,1,28,80,2,82,110
07/11/2004,LMT,OR,ANM,WE,Federal Contract Tower,0,6,5,2,13,0,3,3,0,6,0,9,8,2,19,93,5,98,117
07/12/2004,LMT,OR,ANM,WE,Federal Contract Tower,0,20,12,21,53,0,2,0,21,23,0,22,12,42,76,85,11,96,172
07/13/2004,LMT,OR,ANM,WE,Federal Contract Tower,0,20,14,22,56,0,2,9,17,28,0,22,23,39,84,76,21,97,181
07/14/2004,LMT,OR,ANM,WE,Federal Contract Tower,0,19,15,24,58,0,0,7,13,20,0,19,22,37,78,83,6,89,167
07/15/2004,LMT,OR,ANM,WE,Federal Contract Tower,0,22,16,26,64,0,0,8,14,22,0,22,24,40,86,99,13,112,198
07/16/2004,LMT,OR,ANM,WE,Federal Contract Tower,0,13,8,15,36,0,7,6,24,37,0,20,14,39,73,63,32,95,168
07/17/2004,LMT,OR,ANM,WE,Federal Contract Tower,0,9,8,15,32,0,0,2,12,14,0,9,10,27,46,101,34,135,181
07/18/2004,LMT,OR,ANM,WE,Federal Contract Tower,0,8,5,2,15,0,7,0,0,7,0,15,5,2,22,88,2,90,112
07/19/2004,LMT,OR,ANM,WE,Federal Contract Tower,0,8,5,0,13,0,4,33,0,37,0,12,38,0,50,31,0,31,81
07/20/2004,LMT,OR,ANM,WE,Federal Contract Tower,0,13,8,15,36,0,4,31,7,42,0,17,39,22,78,96,14,110,188
07/21/2004,LMT,OR,ANM,WE,Federal Contract Tower,0,20,13,22,55,0,13,30,0,43,0,33,43,22,98,72,68,140,238
07/22/2004,LMT,OR,ANM,WE,Federal Contract Tower,0,18,15,26,59,0,0,16,2,18,0,18,31,28,77,67,84,151,228
07/23/2004,LMT,OR,ANM,WE,Federal Contract Tower,0,15,9,10,34,0,6,8,0,14,0,21,17,10,48,141,1,142,190
07/24/2004,LMT,OR,ANM,WE,Federal Contract Tower,0,6,4,0,10,0,2,42,0,44,0,8,46,0,54,111,0,111,165
07/25/2004,LMT,OR,ANM,WE,Federal Contract Tower,0,5,3,2,10,0,3,1,0,4,0,8,4,2,14,94,0,94,108
07/26/2004,LMT,OR,ANM,WE,Federal Contract Tower,0,21,17,28,66,0,0,18,0,18,0,21,35,28,84,99,32,131,215
07/27/2004,LMT,OR,ANM,WE,Federal Contract Tower,0,15,23,40,78,0,0,21,19,40,0,15,44,59,118,92,52,144,262
07/28/2004,LMT,OR,ANM,WE,Federal Contract Tower,0,17,10,19,46,0,0,17,12,29,0,17,27,31,75,36,85,121,196
07/29/2004,LMT,OR,ANM,WE,Federal Contract Tower,0,14,10,17,41,0,0,14,6,20,0,14,24,23,61,86,60,146,207
07/30/2004,LMT,OR,ANM,WE,Federal Contract Tower,0,12,8,0,20,0,8,7,0,15,0,20,15,0,35,47,0,47,82
07/31/2004,LMT,OR,ANM,WE,Federal Contract Tower,0,4,2,0,6,0,4,0,0,4,0,8,2,0,10,70,0,70,80
08/01/2004,LMT,OR,ANM,WE,Federal Contract Tower,0,7,6,0,13,0,4,4,0,8,0,11,10,0,21,107,0,107,128
08/02/2004,LMT,OR,ANM,WE,Federal Contract Tower,0,13,12,1,26,0,4,7,0,11,0,17,19,1,37,61,1,62,99
08/03/2004,LMT,OR,ANM,WE,Federal Contract Tower,0,16,15,14,45,0,1,1,6,8,0,17,16,20,53,116,66,182,235
08/04/2004,LMT,OR,ANM,WE,Federal Contract Tower,0,14,13,13,40,0,1,7,15,23,0,15,20,28,63,64,105,169,232
08/05/2004,LMT,OR,ANM,WE,Federal Contract Tower,0,13,12,8,33,0,6,10,0,16,0,19,22,8,49,111,125,236,285
08/06/2004,LMT,OR,ANM,WE,Federal Contract Tower,0,21,15,17,53,0,0,0,0,0,0,21,15,17,53,105,34,139,192
08/07/2004,LMT,OR,ANM,WE,Federal Contract Tower,0,8,6,7,21,0,2,0,1,3,0,10,6,8,24,88,6,94,118
08/08/2004,LMT,OR,ANM,WE,Federal Contract Tower,0,5,7,0,12,0,5,0,0,5,0,10,7,0,17,68,0,68,85
08/09/2004,LMT,OR,ANM,WE,Federal Contract Tower,0,19,15,1,35,0,0,0,0,0,0,19,15,1,35,79,103,182,217
08/10/2004,LMT,OR,ANM,WE,Federal Contract Tower,0,18,7,14,39,0,2,0,5,7,0,20,7,19,46,146,59,205,251
08/11/2004,LMT,OR,ANM,WE,Federal Contract Tower,0,20,14,13,47,0,2,0,0,2,0,22,14,13,49,99,80,179,228
08/12/2004,LMT,OR,ANM,WE,Federal Contract Tower,0,15,8,12,35,0,3,0,2,5,0,18,8,14,40,201,74,275,315
08/13/2004,LMT,OR,ANM,WE,Federal Contract Tower,0,16,11,13,40,0,8,2,3,13,0,24,13,16,53,97,99,196,249
08/14/2004,LMT,OR,ANM,WE,Federal Contract Tower,0,14,10,1,25,0,7,15,0,22,0,21,25,1,47,108,89,197,244
08/15/2004,LMT,OR,ANM,WE,Federal Contract Tower,0,8,5,2,15,0,0,3,0,3,0,8,8,2,18,134,17,151,169
08/16/2004,LMT,OR,ANM,WE,Federal Contract Tower,0,8,5,2,15,0,7,26,0,33,0,15,31,2,48,173,2,175,223
08/17/2004,LMT,OR,ANM,WE,Federal Contract Tower,0,17,18,18,53,0,0,4,0,4,0,17,22,18,57,116,39,155,212
08/18/2004,LMT,OR,ANM,WE,Federal Contract Tower,0,22,15,17,54,0,0,26,3,29,0,22,41,20,83,93,40,133,216
08/19/2004,LMT,OR,ANM,WE,Federal Contract Tower,0,26,19,19,64,0,4,18,0,22,0,30,37,19,86,165,52,217,303
08/20/2004,LMT,OR,ANM,WE,Federal Contract Tower,0,17,14,12,43,0,0,0,0,0,0,17,14,12,43,167,38,205,248
08/21/2004,LMT,OR,ANM,WE,Federal Contract Tower,0,4,2,0,6,0,3,9,0,12,0,7,11,0,18,54,0,54,72
08/22/2004,LMT,OR,ANM,WE,Federal Contract Tower,0,8,9,5,22,0,0,18,0,18,0,8,27,5,40,44,0,44,84
08/23/2004,LMT,OR,ANM,WE,Federal Contract Tower,0,15,10,11,36,0,3,9,2,14,0,18,19,13,50,46,32,78,128
08/24/2004,LMT,OR,ANM,WE,Federal Contract Tower,0,14,12,14,40,0,0,12,10,22,0,14,24,24,62,85,33,118,180
08/25/2004,LMT,OR,ANM,WE,Federal Contract Tower,0,18,11,17,46,0,0,0,5,5,0,18,11,22,51,49,70,119,170
08/26/2004,LMT,OR,ANM,WE,Federal Contract Tower,0,17,4,14,35,0,0,0,5,5,0,17,4,19,40,125,88,213,253
08/27/2004,LMT,OR,ANM,WE,Federal Contract Tower,0,11,7,8,26,0,8,9,1,18,0,19,16,9,44,130,36,166,210
08/28/2004,LMT,OR,ANM,WE,Federal Contract Tower,0,3,2,2,7,0,1,14,0,15,0,4,16,2,22,105,0,105,127
08/29/2004,LMT,OR,ANM,WE,Federal Contract Tower,0,7,4,0,11,0,1,4,0,5,0,8,8,0,16,116,5,121,137
08/30/2004,LMT,OR,ANM,WE,Federal Contract Tower,0,13,9,0,22,0,8,12,0,20,0,21,21,0,42,58,0,58,100
08/31/2004,LMT,OR,ANM,WE,Federal Contract Tower,0,16,13,15,44,0,0,6,6,12,0,16,19,21,56,55,47,102,158
09/01/2004,LMT,OR,ANM,WE,Federal Contract Tower,0,23,16,19,58,0,0,28,5,33,0,23,44,24,91,28,42,70,161
09/02/2004,LMT,OR,ANM,WE,Federal Contract Tower,0,15,15,16,46,0,0,4,4,8,0,15,19,20,54,53,29,82,136
09/03/2004,LMT,OR,ANM,WE,Federal Contract Tower,0,15,11,11,37,0,4,9,3,16,0,19,20,14,53,95,48,143,196
09/04/2004,LMT,OR,ANM,WE,Federal Contract Tower,0,5,3,0,8,0,5,0,0,5,0,10,3,0,13,101,0,101,114
09/05/2004,LMT,OR,ANM,WE,Federal Contract Tower,0,4,1,0,5,0,6,0,0,6,0,10,1,0,11,122,0,122,133
09/06/2004,LMT,OR,ANM,WE,Federal Contract Tower,0,6,5,0,11,0,2,2,0,4,0,8,7,0,15,107,0,107,122
09/07/2004,LMT,OR,ANM,WE,Federal Contract Tower,0,14,10,11,35,0,3,9,7,19,0,17,19,18,54,94,29,123,177
09/08/2004,LMT,OR,ANM,WE,Federal Contract Tower,0,18,13,14,45,0,6,6,7,19,0,24,19,21,64,74,52,126,190
09/09/2004,LMT,OR,ANM,WE,Federal Contract Tower,0,17,12,14,43,0,6,10,2,18,0,23,22,16,61,54,41,95,156
09/10/2004,LMT,OR,ANM,WE,Federal Contract Tower,0,15,11,11,37,0,1,21,1,23,0,16,32,12,60,77,35,112,172
09/11/2004,LMT,OR,ANM,WE,Federal Contract Tower,0,9,8,10,27,0,0,24,4,28,0,9,32,14,55,59,37,96,151
09/12/2004,LMT,OR,ANM,WE,Federal Contract Tower,0,5,4,0,9,0,2,2,0,4,0,7,6,0,13,65,1,66,79
09/13/2004,LMT,OR,ANM,WE,Federal Contract Tower,0,10,8,0,18,0,9,2,0,11,0,19,10,0,29,34,0,34,63
09/14/2004,LMT,OR,ANM,WE,Federal Contract Tower,0,14,15,17,46,0,0,0,12,12,0,14,15,29,58,58,20,78,136
09/15/2004,LMT,OR,ANM,WE,Federal Contract Tower,0,21,15,17,53,0,0,8,2,10,0,21,23,19,63,50,38,88,151
09/16/2004,LMT,OR,ANM,WE,Federal Contract Tower,0,15,10,13,38,0,0,12,5,17,0,15,22,18,55,64,17,81,136
09/17/2004,LMT,OR,ANM,WE,Federal Contract Tower,0,16,10,16,42,0,0,0,13,13,0,16,10,29,55,38,66,104,159
09/18/2004,LMT,OR,ANM,WE,Federal Contract Tower,0,7,4,0,11,0,0,5,0,5,0,7,9,0,16,39,0,39,55
09/19/2004,LMT,OR,ANM,WE,Federal Contract Tower,0,8,3,0,11,0,0,0,0,0,0,8,3,0,11,45,0,45,56
09/20/2004,LMT,OR,ANM,WE,Federal Contract Tower,0,23,9,12,44,0,0,0,0,0,0,23,9,12,44,95,53,148,192
09/21/2004,LMT,OR,ANM,WE,Federal Contract Tower,0,18,19,19,56,0,0,1,0,1,0,18,20,19,57,39,27,66,123
09/22/2004,LMT,OR,ANM,WE,Federal Contract Tower,0,20,13,16,49,0,0,4,6,10,0,20,17,22,59,62,56,118,177
09/23/2004,LMT,OR,ANM,WE,Federal Contract Tower,0,14,9,11,34,0,1,6,2,9,0,15,15,13,43,55,32,87,130
09/24/2004,LMT,OR,ANM,WE,Federal Contract Tower,0,17,11,13,41,0,3,0,4,7,0,20,11,17,48,63,24,87,135
09/25/2004,LMT,OR,ANM,WE,Federal Contract Tower,0,6,3,0,9,0,1,26,0,27,0,7,29,0,36,90,0,90,126
09/26/2004,LMT,OR,ANM,WE,Federal Contract Tower,0,7,4,0,11,0,0,17,0,17,0,7,21,0,28,115,1,116,144
09/27/2004,LMT,OR,ANM,WE,Federal Contract Tower,0,8,5,0,13,0,10,31,0,41,0,18,36,0,54,35,0,35,89
09/28/2004,LMT,OR,ANM,WE,Federal Contract Tower,0,15,9,12,36,0,2,4,12,18,0,17,13,24,54,24,31,55,109
09/29/2004,LMT,OR,ANM,WE,Federal Contract Tower,0,19,12,15,46,0,0,2,9,11,0,19,14,24,57,78,40,118,175
09/30/2004,LMT,OR,ANM,WE,Federal Contract Tower,0,14,8,0,22,0,13,18,0,31,0,27,26,0,53,48,0,48,101
10/01/2004,LMT,OR,ANM,WE,Federal Contract Tower,0,13,2,25,40,0,1,5,12,18,0,14,7,37,58,97,35,132,190
10/02/2004,LMT,OR,ANM,WE,Federal Contract Tower,0,8,4,0,12,0,2,5,0,7,0,10,9,0,19,46,0,46,65
10/03/2004,LMT,OR,ANM,WE,Federal Contract Tower,0,7,5,0,12,0,1,3,0,4,0,8,8,0,16,89,0,89,105
10/04/2004,LMT,OR,ANM,WE,Federal Contract Tower,0,16,5,13,34,0,0,0,0,0,0,16,5,13,34,87,21,108,142
10/05/2004,LMT,OR,ANM,WE,Federal Contract Tower,0,15,8,18,41,0,0,15,1,16,0,15,23,19,57,85,43,128,185
10/06/2004,LMT,OR,ANM,WE,Federal Contract Tower,0,18,13,21,52,0,0,4,2,6,0,18,17,23,58,50,42,92,150
10/07/2004,LMT,OR,ANM,WE,Federal Contract Tower,0,20,6,10,36,0,0,1,6,7,0,20,7,16,43,47,33,80,123
10/08/2004,LMT,OR,ANM,WE,Federal Contract Tower,0,17,6,1,24,0,0,1,0,1,0,17,7,1,25,36,2,38,63
10/09/2004,LMT,OR,ANM,WE,Federal Contract Tower,0,5,8,0,13,0,1,15,0,16,0,6,23,0,29,56,0,56,85
10/10/2004,LMT,OR,ANM,WE,Federal Contract Tower,0,6,3,0,9,0,0,0,0,0,0,6,3,0,9,39,0,39,48
10/11/2004,LMT,OR,ANM,WE,Federal Contract Tower,0,10,3,0,13,0,0,0,0,0,0,10,3,0,13,52,0,52,65
10/12/2004,LMT,OR,ANM,WE,Federal Contract Tower,0,15,12,28,55,0,0,0,0,0,0,15,12,28,55,96,84,180,235
10/13/2004,LMT,OR,ANM,WE,Federal Contract Tower,0,16,3,18,37,0,1,11,8,20,0,17,14,26,57,62,62,124,181
10/14/2004,LMT,OR,ANM,WE,Federal Contract Tower,0,11,13,24,48,0,2,1,0,3,0,13,14,24,51,104,27,131,182
10/15/2004,LMT,OR,ANM,WE,Federal Contract Tower,0,19,13,21,53,0,0,0,3,3,0,19,13,24,56,59,48,107,163
10/16/2004,LMT,OR,ANM,WE,Federal Contract Tower,0,7,5,2,14,0,2,0,0,2,0,9,5,2,16,123,0,123,139
10/17/2004,LMT,OR,ANM,WE,Federal Contract Tower,0,6,9,4,19,0,0,0,0,0,0,6,9,4,19,12,0,12,31
10/18/2004,LMT,OR,ANM,WE,Federal Contract Tower,0,20,8,22,50,0,0,0,0,0,0,20,8,22,50,3,26,29,79
10/19/2004,LMT,OR,ANM,WE,Federal Contract Tower,0,18,14,27,59,0,0,0,0,0,0,18,14,27,59,4,18,22,81
10/20/2004,LMT,OR,ANM,WE,Federal Contract Tower,0,17,8,33,58,0,1,0,0,1,0,18,8,33,59,20,6,26,85
10/21/2004,LMT,OR,ANM,WE,Federal Contract Tower,0,12,17,16,45,0,1,4,0,5,0,13,21,16,50,28,12,40,90
10/22/2004,LMT,OR,ANM,WE,Federal Contract Tower,0,24,28,20,72,0,2,0,0,2,0,26,28,20,74,47,29,76,150
10/23/2004,LMT,OR,ANM,WE,Federal Contract Tower,0,7,3,27,37,0,0,0,0,0,0,7,3,27,37,2,11,13,50
10/24/2004,LMT,OR,ANM,WE,Federal Contract Tower,0,3,2,20,25,0,0,0,0,0,0,3,2,20,25,58,21,79,104
10/25/2004,LMT,OR,ANM,WE,Federal Contract Tower,0,18,18,0,36,0,1,6,2,9,0,19,24,2,45,16,10,26,71
10/26/2004,LMT,OR,ANM,WE,Federal Contract Tower,0,24,26,25,75,0,0,12,2,14,0,24,38,27,89,1,22,23,112
10/27/2004,LMT,OR,ANM,WE,Federal Contract Tower,0,19,33,39,91,0,0,0,1,1,0,19,33,40,92,5,4,9,101
10/28/2004,LMT,OR,ANM,WE,Federal Contract Tower,0,14,5,24,43,0,1,0,2,3,0,15,5,26,46,14,38,52,98
10/29/2004,LMT,OR,ANM,WE,Federal Contract Tower,0,14,4,12,30,0,0,0,0,0,0,14,4,12,30,75,8,83,113
10/30/2004,LMT,OR,ANM,WE,Federal Contract Tower,0,9,12,0,21,0,1,0,0,1,0,10,12,0,22,18,0,18,40
10/31/2004,LMT,OR,ANM,WE,Federal Contract Tower,0,10,18,0,28,0,1,3,0,4,0,11,21,0,32,82,0,82,114
11/01/2004,LMT,OR,ANM,WE,Federal Contract Tower,0,18,7,18,43,0,0,6,0,6,0,18,13,18,49,67,28,95,144
11/02/2004,LMT,OR,ANM,WE,Federal Contract Tower,0,14,8,28,50,0,0,2,2,4,0,14,10,30,54,71,44,115,169
11/03/2004,LMT,OR,ANM,WE,Federal Contract Tower,0,16,4,28,48,0,1,2,0,3,0,17,6,28,51,5,6,11,62
11/04/2004,LMT,OR,ANM,WE,Federal Contract Tower,0,15,3,24,42,0,1,10,0,11,0,16,13,24,53,75,11,86,139
11/05/2004,LMT,OR,ANM,WE,Federal Contract Tower,0,17,4,21,42,0,0,15,2,17,0,17,19,23,59,48,40,88,147
11/06/2004,LMT,OR,ANM,WE,Federal Contract Tower,0,5,7,12,24,0,1,25,12,38,0,6,32,24,62,59,9,68,130
11/07/2004,LMT,OR,ANM,WE,Federal Contract Tower,0,8,5,7,20,0,0,0,0,0,0,8,5,7,20,85,13,98,118
11/08/2004,LMT,OR,ANM,WE,Federal Contract Tower,0,17,12,0,29,0,0,0,0,0,0,17,12,0,29,42,0,42,71
11/09/2004,LMT,OR,ANM,WE,Federal Contract Tower,0,15,21,13,49,0,0,0,0,0,0,15,21,13,49,22,15,37,86
11/10/2004,LMT,OR,ANM,WE,Federal Contract Tower,0,21,17,24,62,0,0,1,0,1,0,21,18,24,63,6,14,20,83
11/11/2004,LMT,OR,ANM,WE,Federal Contract Tower,0,17,14,0,31,0,0,0,0,0,0,17,14,0,31,41,15,56,87
11/12/2004,LMT,OR,ANM,WE,Federal Contract Tower,0,17,34,10,61,0,0,17,0,17,0,17,51,10,78,36,25,61,139
11/13/2004,LMT,OR,ANM,WE,Federal Contract Tower,0,7,4,0,11,0,0,11,0,11,0,7,15,0,22,9,0,9,31
11/14/2004,LMT,OR,ANM,WE,Federal Contract Tower,0,6,9,2,17,0,0,0,0,0,0,6,9,2,17,23,0,23,40
11/15/2004,LMT,OR,ANM,WE,Federal Contract Tower,0,16,7,15,38,0,0,0,0,0,0,16,7,15,38,34,16,50,88
11/16/2004,LMT,OR,ANM,WE,Federal Contract Tower,0,17,11,18,46,0,0,0,1,1,0,17,11,19,47,25,20,45,92
11/17/2004,LMT,OR,ANM,WE,Federal Contract Tower,0,7,19,10,36,0,0,0,0,0,0,7,19,10,36,25,20,45,81
11/18/2004,LMT,OR,ANM,WE,Federal Contract Tower,0,18,15,19,52,0,0,12,0,12,0,18,27,19,64,4,32,36,100
11/19/2004,LMT,OR,ANM,WE,Federal Contract Tower,0,12,10,14,36,0,4,1,0,5,0,16,11,14,41,61,56,117,158
11/20/2004,LMT,OR,ANM,WE,Federal Contract Tower,0,6,1,0,7,0,0,0,0,0,0,6,1,0,7,136,0,136,143
11/21/2004,LMT,OR,ANM,WE,Federal Contract Tower,0,6,5,0,11,0,0,0,0,0,0,6,5,0,11,62,0,62,73
11/22/2004,LMT,OR,ANM,WE,Federal Contract Tower,0,20,5,0,25,0,1,0,0,1,0,21,5,0,26,60,0,60,86
11/23/2004,LMT,OR,ANM,WE,Federal Contract Tower,0,18,7,10,35,0,5,4,2,11,0,23,11,12,46,58,53,111,157
11/24/2004,LMT,OR,ANM,WE,Federal Contract Tower,0,12,8,15,35,0,0,0,0,0,0,12,8,15,35,14,11,25,60
11/25/2004,LMT,OR,ANM,WE,Federal Contract Tower,0,4,0,0,4,0,0,0,0,0,0,4,0,0,4,2,0,2,6
11/26/2004,LMT,OR,ANM,WE,Federal Contract Tower,0,11,2,0,13,0,5,0,0,5,0,16,2,0,18,56,0,56,74
11/27/2004,LMT,OR,ANM,WE,Federal Contract Tower,0,7,0,0,7,0,0,0,0,0,0,7,0,0,7,24,0,24,31
11/28/2004,LMT,OR,ANM,WE,Federal Contract Tower,0,13,24,0,37,0,0,13,0,13,0,13,37,0,50,53,0,53,103
11/29/2004,LMT,OR,ANM,WE,Federal Contract Tower,0,13,8,14,35,0,0,0,0,0,0,13,8,14,35,23,28,51,86
11/30/2004,LMT,OR,ANM,WE,Federal Contract Tower,0,14,10,31,55,0,0,1,0,1,0,14,11,31,56,13,27,40,96
12/01/2004,LMT,OR,ANM,WE,Federal Contract Tower,0,18,9,25,52,0,0,0,2,2,0,18,9,27,54,15,24,39,93
12/02/2004,LMT,OR,ANM,WE,Federal Contract Tower,0,16,9,26,51,0,3,6,0,9,0,19,15,26,60,37,30,67,127
12/03/2004,LMT,OR,ANM,WE,Federal Contract Tower,0,15,5,12,32,0,0,1,0,1,0,15,6,12,33,111,30,141,174
12/04/2004,LMT,OR,ANM,WE,Federal Contract Tower,0,5,2,8,15,0,0,0,8,8,0,5,2,16,23,22,16,38,61
12/05/2004,LMT,OR,ANM,WE,Federal Contract Tower,0,7,4,1,12,0,0,0,0,0,0,7,4,1,12,3,0,3,15
12/06/2004,LMT,OR,ANM,WE,Federal Contract Tower,0,22,10,0,32,0,0,4,0,4,0,22,14,0,36,1,0,1,37
12/07/2004,LMT,OR,ANM,WE,Federal Contract Tower,0,23,37,23,83,0,20,0,0,20,0,43,37,23,103,24,11,35,138
12/08/2004,LMT,OR,ANM,WE,Federal Contract Tower,0,18,13,18,49,0,0,0,0,0,0,18,13,18,49,5,0,5,54
12/09/2004,LMT,OR,ANM,WE,Federal Contract Tower,0,26,14,24,64,0,0,0,0,0,0,26,14,24,64,6,6,12,76
12/10/2004,LMT,OR,ANM,WE,Federal Contract Tower,0,9,15,11,35,0,0,0,0,0,0,9,15,11,35,99,19,118,153
12/11/2004,LMT,OR,ANM,WE,Federal Contract Tower,0,7,3,4,14,0,0,0,0,0,0,7,3,4,14,29,0,29,43
12/12/2004,LMT,OR,ANM,WE,Federal Contract Tower,0,7,4,0,11,0,0,12,0,12,0,7,16,0,23,30,0,30,53
12/13/2004,LMT,OR,ANM,WE,Federal Contract Tower,0,15,10,17,42,0,1,9,4,14,0,16,19,21,56,26,18,44,100
12/14/2004,LMT,OR,ANM,WE,Federal Contract Tower,0,9,10,15,34,0,0,0,4,4,0,9,10,19,38,15,62,77,115
12/15/2004,LMT,OR,ANM,WE,Federal Contract Tower,0,22,28,14,64,0,0,0,0,0,0,22,28,14,64,28,56,84,148
12/16/2004,LMT,OR,ANM,WE,Federal Contract Tower,0,22,8,14,44,0,2,18,15,35,0,24,26,29,79,49,56,105,184
12/17/2004,LMT,OR,ANM,WE,Federal Contract Tower,0,17,5,16,38,0,1,6,1,8,0,18,11,17,46,123,46,169,215
12/18/2004,LMT,OR,ANM,WE,Federal Contract Tower,0,9,15,30,54,0,0,0,10,10,0,9,15,40,64,114,10,124,188
12/19/2004,LMT,OR,ANM,WE,Federal Contract Tower,0,7,7,0,14,0,0,9,0,9,0,7,16,0,23,76,0,76,99
12/20/2004,LMT,OR,ANM,WE,Federal Contract Tower,0,17,9,0,26,0,5,7,0,12,0,22,16,0,38,67,0,67,105
12/21/2004,LMT,OR,ANM,WE,Federal Contract Tower,0,20,6,16,42,0,1,8,8,17,0,21,14,24,59,19,38,57,116
12/22/2004,LMT,OR,ANM,WE,Federal Contract Tower,0,14,6,8,28,0,4,18,9,31,0,18,24,17,59,11,12,23,82
12/23/2004,LMT,OR,ANM,WE,Federal Contract Tower,0,16,6,14,36,0,0,0,0,0,0,16,6,14,36,94,47,141,177
12/24/2004,LMT,OR,ANM,WE,Federal Contract Tower,0,18,3,0,21,0,5,25,0,30,0,23,28,0,51,18,0,18,69
12/25/2004,LMT,OR,ANM,WE,Federal Contract Tower,0,4,0,0,4,0,0,0,0,0,0,4,0,0,4,13,0,13,17
12/26/2004,LMT,OR,ANM,WE,Federal Contract Tower,0,6,7,0,13,0,0,0,0,0,0,6,7,0,13,0,0,0,13
12/27/2004,LMT,OR,ANM,WE,Federal Contract Tower,0,11,7,21,39,0,0,0,0,0,0,11,7,21,39,31,40,71,110
12/28/2004,LMT,OR,ANM,WE,Federal Contract Tower,0,17,3,28,48,0,0,0,0,0,0,17,3,28,48,3,46,49,97
12/29/2004,LMT,OR,ANM,WE,Federal Contract Tower,0,20,14,25,59,0,1,3,4,8,0,21,17,29,67,13,30,43,110
12/30/2004,LMT,OR,ANM,WE,Federal Contract Tower,0,24,7,11,42,0,0,0,0,0,0,24,7,11,42,12,14,26,68
12/31/2004,LMT,OR,ANM,WE,Federal Contract Tower,0,14,3,0,17,0,0,0,0,0,0,14,3,0,17,4,0,4,21
01/01/2005,LMT,OR,ANM,WE,Federal Contract Tower,0,5,1,0,6,0,0,0,0,0,0,5,1,0,6,2,0,2,8
01/02/2005,LMT,OR,ANM,WE,Federal Contract Tower,0,7,5,0,12,0,0,0,0,0,0,7,5,0,12,2,0,2,14
01/03/2005,LMT,OR,ANM,WE,Federal Contract Tower,0,21,7,3,31,0,0,3,0,3,0,21,10,3,34,73,0,73,107
01/04/2005,LMT,OR,ANM,WE,Federal Contract Tower,0,20,14,5,39,0,0,0,0,0,0,20,14,5,39,17,5,22,61
01/05/2005,LMT,OR,ANM,WE,Federal Contract Tower,0,16,7,19,42,0,4,6,1,11,0,20,13,20,53,54,11,65,118
01/06/2005,LMT,OR,ANM,WE,Federal Contract Tower,0,16,9,6,31,0,0,12,4,16,0,16,21,10,47,29,18,47,94
01/07/2005,LMT,OR,ANM,WE,Federal Contract Tower,0,13,5,0,18,0,0,0,0,0,0,13,5,0,18,0,0,0,18
01/08/2005,LMT,OR,ANM,WE,Federal Contract Tower,0,6,3,8,17,0,0,0,0,0,0,6,3,8,17,0,0,0,17
01/09/2005,LMT,OR,ANM,WE,Federal Contract Tower,0,7,3,10,20,0,0,0,1,1,0,7,3,11,21,18,28,46,67
01/10/2005,LMT,OR,ANM,WE,Federal Contract Tower,0,24,6,8,38,0,0,2,0,2,0,24,8,8,40,55,19,74,114
01/11/2005,LMT,OR,ANM,WE,Federal Contract Tower,0,23,24,20,67,0,0,0,0,0,0,23,24,20,67,31,92,123,190
01/12/2005,LMT,OR,ANM,WE,Federal Contract Tower,0,15,9,10,34,0,2,0,0,2,0,17,9,10,36,12,67,79,115
01/13/2005,LMT,OR,ANM,WE,Federal Contract Tower,0,24,9,22,55,0,0,19,0,19,0,24,28,22,74,41,96,137,211
01/14/2005,LMT,OR,ANM,WE,Federal Contract Tower,0,10,22,2,34,0,1,0,0,1,0,11,22,2,35,25,15,40,75
01/15/2005,LMT,OR,ANM,WE,Federal Contract Tower,0,4,11,2,17,0,0,0,0,0,0,4,11,2,17,23,0,23,40
01/16/2005,LMT,OR,ANM,WE,Federal Contract Tower,0,4,5,4,13,0,0,0,0,0,0,4,5,4,13,38,0,38,51
01/17/2005,LMT,OR,ANM,WE,Federal Contract Tower,0,11,17,0,28,0,2,0,0,2,0,13,17,0,30,42,0,42,72
01/18/2005,LMT,OR,ANM,WE,Federal Contract Tower,0,33,26,13,72,0,1,2,0,3,0,34,28,13,75,60,24,84,159
01/19/2005,LMT,OR,ANM,WE,Federal Contract Tower,0,15,14,24,53,0,0,8,0,8,0,15,22,24,61,83,40,123,184
01/20/2005,LMT,OR,ANM,WE,Federal Contract Tower,0,9,20,31,60,0,1,8,8,17,0,10,28,39,77,47,46,93,170
01/21/2005,LMT,OR,ANM,WE,Federal Contract Tower,0,10,11,26,47,0,0,18,0,18,0,10,29,26,65,100,42,142,207
01/22/2005,LMT,OR,ANM,WE,Federal Contract Tower,0,7,5,4,16,0,0,0,0,0,0,7,5,4,16,154,20,174,190
01/23/2005,LMT,OR,ANM,WE,Federal Contract Tower,0,4,7,3,14,0,0,0,0,0,0,4,7,3,14,67,20,87,101
01/24/2005,LMT,OR,ANM,WE,Federal Contract Tower,0,16,5,22,43,0,0,8,1,9,0,16,13,23,52,15,40,55,107
01/25/2005,LMT,OR,ANM,WE,Federal Contract Tower,0,10,16,27,53,0,0,14,20,34,0,10,30,47,87,34,18,52,139
01/26/2005,LMT,OR,ANM,WE,Federal Contract Tower,0,14,16,32,62,0,0,0,0,0,0,14,16,32,62,14,71,85,147
01/27/2005,LMT,OR,ANM,WE,Federal Contract Tower,0,12,24,30,66,0,1,1,0,2,0,13,25,30,68,31,73,104,172
01/28/2005,LMT,OR,ANM,WE,Federal Contract Tower,0,11,15,10,36,0,0,0,0,0,0,11,15,10,36,31,52,83,119
01/29/2005,LMT,OR,ANM,WE,Federal Contract Tower,0,8,8,0,16,0,0,0,0,0,0,8,8,0,16,86,8,94,110
01/30/2005,LMT,OR,ANM,WE,Federal Contract Tower,0,7,3,2,12,0,0,0,0,0,0,7,3,2,12,56,1,57,69
01/31/2005,LMT,OR,ANM,WE,Federal Contract Tower,0,22,16,0,38,0,1,7,0,8,0,23,23,0,46,34,0,34,80
02/01/2005,LMT,OR,ANM,WE,Federal Contract Tower,0,8,19,23,50,0,2,21,0,23,0,10,40,23,73,46,59,105,178
02/02/2005,LMT,OR,ANM,WE,Federal Contract Tower,0,10,16,23,49,0,0,15,0,15,0,10,31,23,64,74,88,162,226
02/03/2005,LMT,OR,ANM,WE,Federal Contract Tower,0,13,9,28,50,0,3,14,10,27,0,16,23,38,77,78,68,146,223
02/04/2005,LMT,OR,ANM,WE,Federal Contract Tower,0,14,16,12,42,0,1,0,0,1,0,15,16,12,43,87,38,125,168
02/05/2005,LMT,OR,ANM,WE,Federal Contract Tower,0,4,3,0,7,0,2,5,0,7,0,6,8,0,14,44,0,44,58
02/06/2005,LMT,OR,ANM,WE,Federal Contract Tower,0,5,4,0,9,0,0,0,0,0,0,5,4,0,9,1,0,1,10
02/07/2005,LMT,OR,ANM,WE,Federal Contract Tower,0,15,25,25,65,0,0,6,6,12,0,15,31,31,77,45,54,99,176
02/08/2005,LMT,OR,ANM,WE,Federal Contract Tower,0,9,17,32,58,0,0,10,0,10,0,9,27,32,68,98,48,146,214
02/09/2005,LMT,OR,ANM,WE,Federal Contract Tower,0,11,13,36,60,0,1,1,1,3,0,12,14,37,63,24,60,84,147
02/10/2005,LMT,OR,ANM,WE,Federal Contract Tower,0,11,15,34,60,0,1,11,10,22,0,12,26,44,82,62,25,87,169
02/11/2005,LMT,OR,ANM,WE,Federal Contract Tower,0,21,15,14,50,0,4,6,0,10,0,25,21,14,60,54,4,58,118
02/12/2005,LMT,OR,ANM,WE,Federal Contract Tower,0,5,8,12,25,0,1,9,20,30,0,6,17,32,55,17,24,41,96
02/13/2005,LMT,OR,ANM,WE,Federal Contract Tower,0,6,10,8,24,0,0,0,0,0,0,6,10,8,24,4,0,4,28
02/14/2005,LMT,OR,ANM,WE,Federal Contract Tower,0,9,7,0,16,0,1,0,0,1,0,10,7,0,17,23,0,23,40
02/15/2005,LMT,OR,ANM,WE,Federal Contract Tower,0,11,11,26,48,0,2,18,0,20,0,13,29,26,68,75,54,129,197
02/16/2005,LMT,OR,ANM,WE,Federal Contract Tower,0,13,18,24,55,0,0,0,0,0,0,13,18,24,55,81,42,123,178
02/17/2005,LMT,OR,ANM,WE,Federal Contract Tower,0,13,9,27,49,0,4,14,4,22,0,17,23,31,71,90,61,151,222
02/18/2005,LMT,OR,ANM,WE,Federal Contract Tower,0,18,18,8,44,0,0,3,1,4,0,18,21,9,48,68,10,78,126
02/19/2005,LMT,OR,ANM,WE,Federal Contract Tower,0,8,10,0,18,0,0,7,0,7,0,8,17,0,25,48,0,48,73
02/20/2005,LMT,OR,ANM,WE,Federal Contract Tower,0,5,11,8,24,0,0,0,0,0,0,5,11,8,24,16,18,34,58
02/21/2005,LMT,OR,ANM,WE,Federal Contract Tower,0,9,11,0,20,0,1,2,0,3,0,10,13,0,23,31,0,31,54
02/22/2005,LMT,OR,ANM,WE,Federal Contract Tower,0,7,10,22,39,0,2,6,0,8,0,9,16,22,47,40,40,80,127
02/23/2005,LMT,OR,ANM,WE,Federal Contract Tower,0,11,40,17,68,0,0,10,0,10,0,11,50,17,78,144,44,188,266
02/24/2005,LMT,OR,ANM,WE,Federal Contract Tower,0,9,16,13,38,0,2,8,0,10,0,11,24,13,48,91,28,119,167
02/25/2005,LMT,OR,ANM,WE,Federal Contract Tower,0,13,13,16,42,0,1,20,0,21,0,14,33,16,63,85,45,130,193
02/26/2005,LMT,OR,ANM,WE,Federal Contract Tower,0,4,6,0,10,0,0,2,0,2,0,4,8,0,12,87,0,87,99
02/27/2005,LMT,OR,ANM,WE,Federal Contract Tower,0,5,7,0,12,0,0,0,0,0,0,5,7,0,12,8,0,8,20
03/01/2005,LMT,OR,ANM,WE,Federal Contract Tower,0,14,5,18,37,0,0,11,17,28,0,14,16,35,65,21,24,45,110
03/02/2005,LMT,OR,ANM,WE,Federal Contract Tower,0,18,13,17,48,0,1,5,0,6,0,19,18,17,54,35,65,100,154
03/03/2005,LMT,OR,ANM,WE,Federal Contract Tower,0,11,24,15,50,0,2,8,6,16,0,13,32,21,66,88,77,165,231
03/04/2005,LMT,OR,ANM,WE,Federal Contract Tower,0,8,17,31,56,0,2,12,2,16,0,10,29,33,72,85,69,154,226
03/05/2005,LMT,OR,ANM,WE,Federal Contract Tower,0,4,18,0,22,0,0,9,0,9,0,4,27,0,31,130,0,130,161
03/06/2005,LMT,OR,ANM,WE,Federal Contract Tower,0,5,13,0,18,0,0,0,0,0,0,5,13,0,18,65,0,65,83
03/07/2005,LMT,OR,ANM,WE,Federal Contract Tower,0,11,3,25,39,0,3,24,4,31,0,14,27,29,70,24,42,66,136
03/08/2005,LMT,OR,ANM,WE,Federal Contract Tower,0,15,6,25,46,0,0,25,2,27,0,15,31,27,73,44,50,94,167
03/09/2005,LMT,OR,ANM,WE,Federal Contract Tower,0,21,8,41,70,0,0,55,10,65,0,21,63,51,135,33,22,55,190
03/10/2005,LMT,OR,ANM,WE,Federal Contract Tower,0,7,11,23,41,0,5,12,6,23,0,12,23,29,64,62,75,137,201
03/11/2005,LMT,OR,ANM,WE,Federal Contract Tower,0,10,19,23,52,0,2,5,0,7,0,12,24,23,59,112,67,179,238
03/12/2005,LMT,OR,ANM,WE,Federal Contract Tower,0,3,5,11,19,0,2,19,8,29,0,5,24,19,48,75,20,95,143
03/13/2005,LMT,OR,ANM,WE,Federal Contract Tower,0,5,8,13,26,0,0,0,1,1,0,5,8,14,27,101,28,129,156
03/14/2005,LMT,OR,ANM,WE,Federal Contract Tower,0,14,11,1,26,0,1,31,0,32,0,15,42,1,58,73,0,73,131
03/15/2005,LMT,OR,ANM,WE,Federal Contract Tower,0,5,15,12,32,0,0,0,0,0,0,5,15,12,32,72,67,139,171
03/16/2005,LMT,OR,ANM,WE,Federal Contract Tower,0,18,24,13,55,0,0,0,0,0,0,18,24,13,55,87,63,150,205
03/17/2005,LMT,OR,ANM,WE,Federal Contract Tower,0,18,8,32,58,0,0,1,0,1,0,18,9,32,59,49,64,113,172
03/18/2005,LMT,OR,ANM,WE,Federal Contract Tower,0,16,6,19,41,0,1,1,0,2,0,17,7,19,43,81,70,151,194
03/19/2005,LMT,OR,ANM,WE,Federal Contract Tower,0,9,8,10,27,0,0,0,0,0,0,9,8,10,27,9,0,9,36
03/20/2005,LMT,OR,ANM,WE,Federal Contract Tower,0,5,6,0,11,0,0,0,0,0,0,5,6,0,11,4,0,4,15
03/21/2005,LMT,OR,ANM,WE,Federal Contract Tower,0,6,21,27,54,0,3,0,0,3,0,9,21,27,57,84,75,159,216
03/22/2005,LMT,OR,ANM,WE,Federal Contract Tower,0,14,24,25,63,0,0,1,0,1,0,14,25,25,64,65,48,113,177
03/23/2005,LMT,OR,ANM,WE,Federal Contract Tower,0,8,16,20,44,0,0,0,0,0,0,8,16,20,44,2,27,29,73
03/24/2005,LMT,OR,ANM,WE,Federal Contract Tower,0,8,13,20,41,0,1,1,0,2,0,9,14,20,43,71,65,136,179
03/25/2005,LMT,OR,ANM,WE,Federal Contract Tower,0,9,18,11,38,0,0,1,0,1,0,9,19,11,39,59,25,84,123
03/26/2005,LMT,OR,ANM,WE,Federal Contract Tower,0,6,2,0,8,0,0,0,0,0,0,6,2,0,8,50,0,50,58
03/27/2005,LMT,OR,ANM,WE,Federal Contract Tower,0,6,12,0,18,0,0,0,0,0,0,6,12,0,18,15,0,15,33
03/28/2005,LMT,OR,ANM,WE,Federal Contract Tower,0,11,18,0,29,0,0,0,0,0,0,11,18,0,29,8,0,8,37
03/29/2005,LMT,OR,ANM,WE,Federal Contract Tower,0,12,8,16,36,0,1,1,4,6,0,13,9,20,42,15,45,60,102
03/30/2005,LMT,OR,ANM,WE,Federal Contract Tower,0,9,18,16,43,0,1,0,0,1,0,10,18,16,44,75,102,177,221
03/31/2005,LMT,OR,ANM,WE,Federal Contract Tower,0,6,10,21,37,0,2,1,0,3,0,8,11,21,40,88,56,144,184
04/01/2005,LMT,OR,ANM,WE,Federal Contract Tower,0,11,11,8,30,0,1,0,0,1,0,12,11,8,31,33,31,64,95
04/02/2005,LMT,OR,ANM,WE,Federal Contract Tower,0,6,14,0,20,0,0,0,0,0,0,6,14,0,20,77,0,77,97
04/03/2005,LMT,OR,ANM,WE,Federal Contract Tower,0,5,11,16,32,0,0,1,0,1,0,5,12,16,33,15,4,19,52
04/04/2005,LMT,OR,ANM,WE,Federal Contract Tower,0,10,14,16,40,0,0,0,0,0,0,10,14,16,40,72,62,134,174
04/05/2005,LMT,OR,ANM,WE,Federal Contract Tower,0,6,20,22,48,0,0,1,0,1,0,6,21,22,49,90,75,165,214
04/06/2005,LMT,OR,ANM,WE,Federal Contract Tower,0,11,6,14,31,0,3,5,1,9,0,14,11,15,40,21,18,39,79
04/07/2005,LMT,OR,ANM,WE,Federal Contract Tower,0,17,20,28,65,0,0,0,0,0,0,17,20,28,65,48,34,82,147
04/08/2005,LMT,OR,ANM,WE,Federal Contract Tower,0,13,5,8,26,0,0,0,0,0,0,13,5,8,26,6,15,21,47
04/09/2005,LMT,OR,ANM,WE,Federal Contract Tower,0,6,0,16,22,0,1,0,0,1,0,7,0,16,23,29,50,79,102
04/10/2005,LMT,OR,ANM,WE,Federal Contract Tower,0,5,7,8,20,0,0,1,0,1,0,5,8,8,21,87,15,102,123
04/11/2005,LMT,OR,ANM,WE,Federal Contract Tower,0,10,20,0,30,0,0,0,0,0,0,10,20,0,30,81,5,86,116
04/12/2005,LMT,OR,ANM,WE,Federal Contract Tower,0,16,8,33,57,0,1,2,0,3,0,17,10,33,60,2,63,65,125
04/13/2005,LMT,OR,ANM,WE,Federal Contract Tower,0,16,9,17,42,0,0,1,0,1,0,16,10,17,43,48,24,72,115
04/14/2005,LMT,OR,ANM,WE,Federal Contract Tower,0,18,12,16,46,0,1,0,0,1,0,19,12,16,47,88,25,113,160
04/15/2005,LMT,OR,ANM,WE,Federal Contract Tower,0,19,4,9,32,0,0,1,0,1,0,19,5,9,33,64,14,78,111
04/16/2005,LMT,OR,ANM,WE,Federal Contract Tower,0,7,16,8,31,0,1,1,0,2,0,8,17,8,33,137,10,147,180
04/17/2005,LMT,OR,ANM,WE,Federal Contract Tower,0,7,7,0,14,0,0,4,0,4,0,7,11,0,18,86,0,86,104
04/18/2005,LMT,OR,ANM,WE,Federal Contract Tower,0,7,24,13,44,0,0,2,2,4,0,7,26,15,48,92,28,120,168
04/19/2005,LMT,OR,ANM,WE,Federal Contract Tower,0,14,52,30,96,0,0,0,3,3,0,14,52,33,99,84,19,103,202
04/20/2005,LMT,OR,ANM,WE,Federal Contract Tower,0,12,29,30,71,0,0,0,0,0,0,12,29,30,71,55,22,77,148
04/21/2005,LMT,OR,ANM,WE,Federal Contract Tower,0,18,14,13,45,0,0,7,15,22,0,18,21,28,67,77,35,112,179
04/22/2005,LMT,OR,ANM,WE,Federal Contract Tower,0,5,27,12,44,0,0,0,0,0,0,5,27,12,44,163,46,209,253
04/23/2005,LMT,OR,ANM,WE,Federal Contract Tower,0,6,8,2,16,0,0,0,20,20,0,6,8,22,36,41,40,81,117
04/24/2005,LMT,OR,ANM,WE,Federal Contract Tower,0,7,9,2,18,0,0,0,0,0,0,7,9,2,18,66,10,76,94
04/25/2005,LMT,OR,ANM,WE,Federal Contract Tower,0,10,10,0,20,0,1,6,0,7,0,11,16,0,27,118,0,118,145
04/26/2005,LMT,OR,ANM,WE,Federal Contract Tower,0,15,12,18,45,0,0,8,6,14,0,15,20,24,59,120,52,172,231
04/27/2005,LMT,OR,ANM,WE,Federal Contract Tower,0,15,24,25,64,0,0,0,0,0,0,15,24,25,64,98,50,148,212
04/28/2005,LMT,OR,ANM,WE,Federal Contract Tower,0,13,11,29,53,0,0,0,0,0,0,13,11,29,53,23,38,61,114
04/29/2005,LMT,OR,ANM,WE,Federal Contract Tower,0,19,11,19,49,0,0,0,0,0,0,19,11,19,49,73,44,117,166
04/30/2005,LMT,OR,ANM,WE,Federal Contract Tower,0,4,5,0,9,0,0,0,0,0,0,4,5,0,9,50,0,50,59
05/01/2005,LMT,OR,ANM,WE,Federal Contract Tower,0,5,7,2,14,0,0,0,0,0,0,5,7,2,14,22,0,22,36
05/02/2005,LMT,OR,ANM,WE,Federal Contract Tower,0,10,13,24,47,0,0,0,0,0,0,10,13,24,47,47,32,79,126
05/03/2005,LMT,OR,ANM,WE,Federal Contract Tower,0,10,13,25,48,0,0,0,0,0,0,10,13,25,48,89,78,167,215
05/04/2005,LMT,OR,ANM,WE,Federal Contract Tower,0,17,12,20,49,0,0,0,0,0,0,17,12,20,49,46,28,74,123
05/05/2005,LMT,OR,ANM,WE,Federal Contract Tower,0,22,34,24,80,0,0,0,0,0,0,22,34,24,80,62,17,79,159
05/06/2005,LMT,OR,ANM,WE,Federal Contract Tower,0,13,12,9,34,0,0,0,0,0,0,13,12,9,34,43,29,72,106
05/07/2005,LMT,OR,ANM,WE,Federal Contract Tower,0,6,10,0,16,0,0,0,0,0,0,6,10,0,16,55,0,55,71
05/08/2005,LMT,OR,ANM,WE,Federal Contract Tower,0,8,8,0,16,0,0,0,0,0,0,8,8,0,16,4,0,4,20
05/09/2005,LMT,OR,ANM,WE,Federal Contract Tower,0,15,10,0,25,0,0,0,0,0,0,15,10,0,25,8,0,8,33
05/10/2005,LMT,OR,ANM,WE,Federal Contract Tower,0,10,17,29,56,0,0,0,0,0,0,10,17,29,56,29,7,36,92
05/11/2005,LMT,OR,ANM,WE,Federal Contract Tower,0,9,28,24,61,0,0,0,0,0,0,9,28,24,61,139,61,200,261
05/12/2005,LMT,OR,ANM,WE,Federal Contract Tower,0,11,28,13,52,0,4,0,0,4,0,15,28,13,56,171,53,224,280
05/13/2005,LMT,OR,ANM,WE,Federal Contract Tower,0,13,7,15,35,0,1,0,0,1,0,14,7,15,36,182,0,182,218
05/14/2005,LMT,OR,ANM,WE,Federal Contract Tower,0,4,5,0,9,0,0,0,0,0,0,4,5,0,9,111,0,111,120
05/15/2005,LMT,OR,ANM,WE,Federal Contract Tower,0,5,1,3,9,0,0,0,0,0,0,5,1,3,9,3,0,3,12
05/16/2005,LMT,OR,ANM,WE,Federal Contract Tower,0,0,0,0,0,0,0,0,0,0,0,0,0,0,0,0,0,0,0
05/17/2005,LMT,OR,ANM,WE,Federal Contract Tower,0,10,18,9,37,0,0,0,0,0,0,10,18,9,37,47,20,67,104
05/18/2005,LMT,OR,ANM,WE,Federal Contract Tower,0,18,12,12,42,0,0,0,0,0,0,18,12,12,42,23,10,33,75
05/19/2005,LMT,OR,ANM,WE,Federal Contract Tower,0,22,9,6,37,0,1,1,0,2,0,23,10,6,39,97,21,118,157
05/20/2005,LMT,OR,ANM,WE,Federal Contract Tower,0,19,15,4,38,0,0,0,0,0,0,19,15,4,38,90,10,100,138
05/21/2005,LMT,OR,ANM,WE,Federal Contract Tower,0,4,9,9,22,0,0,0,0,0,0,4,9,9,22,126,41,167,189
05/22/2005,LMT,OR,ANM,WE,Federal Contract Tower,0,5,8,10,23,0,0,0,0,0,0,5,8,10,23,68,47,115,138
05/23/2005,LMT,OR,ANM,WE,Federal Contract Tower,0,13,2,0,15,0,0,0,0,0,0,13,2,0,15,119,0,119,134
05/24/2005,LMT,OR,ANM,WE,Federal Contract Tower,0,16,7,13,36,0,0,0,0,0,0,16,7,13,36,172,34,206,242
05/25/2005,LMT,OR,ANM,WE,Federal Contract Tower,0,16,16,6,38,0,0,12,0,12,0,16,28,6,50,177,11,188,238
05/26/2005,LMT,OR,ANM,WE,Federal Contract Tower,0,21,14,6,41,0,1,25,0,26,0,22,39,6,67,114,17,131,198
05/27/2005,LMT,OR,ANM,WE,Federal Contract Tower,0,19,11,6,36,0,0,11,5,16,0,19,22,11,52,137,12,149,201
05/28/2005,LMT,OR,ANM,WE,Federal Contract Tower,0,6,16,4,26,0,0,9,0,9,0,6,25,4,35,98,0,98,133
05/29/2005,LMT,OR,ANM,WE,Federal Contract Tower,0,3,5,1,9,0,0,0,0,0,0,3,5,1,9,28,0,28,37
05/30/2005,LMT,OR,ANM,WE,Federal Contract Tower,0,5,4,0,9,0,0,0,0,0,0,5,4,0,9,159,9,168,177
05/31/2005,LMT,OR,ANM,WE,Federal Contract Tower,0,14,8,8,30,0,0,0,0,0,0,14,8,8,30,103,15,118,148
06/01/2005,LMT,OR,ANM,WE,Federal Contract Tower,0,16,13,15,44,0,0,4,32,36,0,16,17,47,80,149,39,188,268
06/02/2005,LMT,OR,ANM,WE,Federal Contract Tower,0,14,24,14,52,0,0,3,0,3,0,14,27,14,55,111,51,162,217
06/03/2005,LMT,OR,ANM,WE,Federal Contract Tower,0,13,22,0,35,0,4,38,0,42,0,17,60,0,77,75,0,75,152
06/04/2005,LMT,OR,ANM,WE,Federal Contract Tower,0,5,7,0,12,0,1,0,0,1,0,6,7,0,13,85,0,85,98
06/05/2005,LMT,OR,ANM,WE,Federal Contract Tower,0,6,5,0,11,0,0,0,0,0,0,6,5,0,11,46,0,46,57
06/06/2005,LMT,OR,ANM,WE,Federal Contract Tower,0,14,13,0,27,0,0,0,0,0,0,14,13,0,27,163,0,163,190
06/07/2005,LMT,OR,ANM,WE,Federal Contract Tower,0,17,4,21,42,0,0,0,0,0,0,17,4,21,42,153,61,214,256
06/08/2005,LMT,OR,ANM,WE,Federal Contract Tower,0,15,21,23,59,0,0,0,1,1,0,15,21,24,60,133,38,171,231
06/09/2005,LMT,OR,ANM,WE,Federal Contract Tower,0,21,25,20,66,0,0,0,0,0,0,21,25,20,66,119,72,191,257
06/10/2005,LMT,OR,ANM,WE,Federal Contract Tower,0,15,24,21,60,0,0,38,4,42,0,15,62,25,102,59,26,85,187
06/11/2005,LMT,OR,ANM,WE,Federal Contract Tower,0,5,4,1,10,0,0,0,0,0,0,5,4,1,10,62,0,62,72
06/12/2005,LMT,OR,ANM,WE,Federal Contract Tower,0,7,11,7,25,0,0,0,0,0,0,7,11,7,25,65,4,69,94
06/13/2005,LMT,OR,ANM,WE,Federal Contract Tower,0,11,18,20,49,0,0,0,0,0,0,11,18,20,49,144,64,208,257
06/14/2005,LMT,OR,ANM,WE,Federal Contract Tower,0,16,12,16,44,0,0,0,0,0,0,16,12,16,44,156,127,283,327
06/15/2005,LMT,OR,ANM,WE,Federal Contract Tower,0,16,12,16,44,0,0,0,0,0,0,16,12,16,44,156,127,283,327
06/16/2005,LMT,OR,ANM,WE,Federal Contract Tower,0,21,8,10,39,0,0,0,0,0,0,21,8,10,39,32,54,86,125
06/17/2005,LMT,OR,ANM,WE,Federal Contract Tower,0,15,12,7,34,0,0,1,1,2,0,15,13,8,36,31,56,87,123
06/18/2005,LMT,OR,ANM,WE,Federal Contract Tower,0,9,4,4,17,0,0,1,2,3,0,9,5,6,20,36,23,59,79
06/19/2005,LMT,OR,ANM,WE,Federal Contract Tower,0,8,4,4,16,0,0,1,0,1,0,8,5,4,17,128,5,133,150
06/20/2005,LMT,OR,ANM,WE,Federal Contract Tower,0,11,17,2,30,0,1,0,0,1,0,12,17,2,31,173,10,183,214
06/21/2005,LMT,OR,ANM,WE,Federal Contract Tower,0,13,16,8,37,0,0,0,0,0,0,13,16,8,37,129,36,165,202
06/22/2005,LMT,OR,ANM,WE,Federal Contract Tower,0,17,20,20,57,0,0,0,0,0,0,17,20,20,57,192,74,266,323
06/23/2005,LMT,OR,ANM,WE,Federal Contract Tower,0,21,16,25,62,0,0,1,0,1,0,21,17,25,63,193,91,284,347
06/24/2005,LMT,OR,ANM,WE,Federal Contract Tower,0,18,12,7,37,0,3,0,0,3,0,21,12,7,40,129,107,236,276
06/25/2005,LMT,OR,ANM,WE,Federal Contract Tower,0,6,0,2,8,0,0,0,1,1,0,6,0,3,9,163,13,176,185
06/26/2005,LMT,OR,ANM,WE,Federal Contract Tower,0,5,0,0,5,0,0,0,0,0,0,5,0,0,5,183,0,183,188
06/27/2005,LMT,OR,ANM,WE,Federal Contract Tower,0,10,14,27,51,0,0,0,0,0,0,10,14,27,51,66,49,115,166
06/28/2005,LMT,OR,ANM,WE,Federal Contract Tower,0,6,19,32,57,0,1,0,0,1,0,7,19,32,58,89,141,230,288
06/29/2005,LMT,OR,ANM,WE,Federal Contract Tower,0,22,14,14,50,0,1,23,2,26,0,23,37,16,76,118,38,156,232
06/30/2005,LMT,OR,ANM,WE,Federal Contract Tower,0,8,13,14,35,0,2,22,0,24,0,10,35,14,59,108,14,122,181
07/01/2005,LMT,OR,ANM,WE,Federal Contract Tower,0,14,2,0,16,0,2,0,0,2,0,16,2,0,18,217,0,217,235
07/02/2005,LMT,OR,ANM,WE,Federal Contract Tower,0,8,0,0,8,0,3,0,4,7,0,11,0,4,15,213,0,213,228
07/03/2005,LMT,OR,ANM,WE,Federal Contract Tower,0,7,2,0,9,0,0,0,0,0,0,7,2,0,9,126,0,126,135
07/04/2005,LMT,OR,ANM,WE,Federal Contract Tower,0,5,7,5,17,0,0,0,0,0,0,5,7,5,17,112,12,124,141
07/05/2005,LMT,OR,ANM,WE,Federal Contract Tower,0,14,19,19,52,0,2,0,0,2,0,16,19,19,54,130,54,184,238
07/06/2005,LMT,OR,ANM,WE,Federal Contract Tower,0,13,9,20,42,0,2,0,0,2,0,15,9,20,44,157,60,217,261
07/07/2005,LMT,OR,ANM,WE,Federal Contract Tower,0,16,11,24,51,0,0,9,3,12,0,16,20,27,63,197,84,281,344
07/08/2005,LMT,OR,ANM,WE,Federal Contract Tower,0,12,7,11,30,0,1,17,0,18,0,13,24,11,48,221,26,247,295
07/09/2005,LMT,OR,ANM,WE,Federal Contract Tower,0,8,4,1,13,0,0,0,0,0,0,8,4,1,13,159,0,159,172
07/10/2005,LMT,OR,ANM,WE,Federal Contract Tower,0,6,9,7,22,0,0,1,2,3,0,6,10,9,25,115,42,157,182
07/11/2005,LMT,OR,ANM,WE,Federal Contract Tower,0,13,6,9,28,0,3,0,0,3,0,16,6,9,31,124,37,161,192
07/12/2005,LMT,OR,ANM,WE,Federal Contract Tower,0,10,14,14,38,0,3,3,1,7,0,13,17,15,45,88,67,155,200
07/13/2005,LMT,OR,ANM,WE,Federal Contract Tower,0,13,9,4,26,0,1,0,0,1,0,14,9,4,27,204,90,294,321
07/14/2005,LMT,OR,ANM,WE,Federal Contract Tower,0,11,7,11,29,0,0,0,0,0,0,11,7,11,29,238,71,309,338
07/15/2005,LMT,OR,ANM,WE,Federal Contract Tower,0,18,4,0,22,0,0,0,1,1,0,18,4,1,23,176,3,179,202
07/16/2005,LMT,OR,ANM,WE,Federal Contract Tower,0,7,5,0,12,0,0,0,0,0,0,7,5,0,12,156,0,156,168
07/17/2005,LMT,OR,ANM,WE,Federal Contract Tower,0,4,2,0,6,0,0,0,0,0,0,4,2,0,6,94,0,94,100
07/18/2005,LMT,OR,ANM,WE,Federal Contract Tower,0,13,8,0,21,0,0,3,0,3,0,13,11,0,24,108,0,108,132
07/19/2005,LMT,OR,ANM,WE,Federal Contract Tower,0,24,29,28,81,0,0,0,0,0,0,24,29,28,81,167,40,207,288
07/20/2005,LMT,OR,ANM,WE,Federal Contract Tower,0,18,8,23,49,0,3,0,0,3,0,21,8,23,52,138,42,180,232
07/21/2005,LMT,OR,ANM,WE,Federal Contract Tower,0,15,17,20,52,0,0,0,0,0,0,15,17,20,52,225,54,279,331
07/22/2005,LMT,OR,ANM,WE,Federal Contract Tower,0,12,4,9,25,0,4,1,10,15,0,16,5,19,40,105,22,127,167
07/23/2005,LMT,OR,ANM,WE,Federal Contract Tower,0,5,5,0,10,0,1,0,0,1,0,6,5,0,11,114,0,114,125
07/24/2005,LMT,OR,ANM,WE,Federal Contract Tower,0,5,3,0,8,0,0,0,0,0,0,5,3,0,8,79,0,79,87
07/25/2005,LMT,OR,ANM,WE,Federal Contract Tower,0,8,1,10,19,0,0,1,6,7,0,8,2,16,26,83,8,91,117
07/26/2005,LMT,OR,ANM,WE,Federal Contract Tower,0,9,12,13,34,0,0,2,0,2,0,9,14,13,36,144,21,165,201
07/27/2005,LMT,OR,ANM,WE,Federal Contract Tower,0,12,1,20,33,0,0,5,0,5,0,12,6,20,38,78,25,103,141
07/28/2005,LMT,OR,ANM,WE,Federal Contract Tower,0,23,31,18,72,0,0,0,0,0,0,23,31,18,72,134,87,221,293
07/29/2005,LMT,OR,ANM,WE,Federal Contract Tower,0,15,6,2,23,0,1,2,0,3,0,16,8,2,26,145,31,176,202
07/30/2005,LMT,OR,ANM,WE,Federal Contract Tower,0,6,5,0,11,0,0,1,0,1,0,6,6,0,12,98,0,98,110
07/31/2005,LMT,OR,ANM,WE,Federal Contract Tower,0,6,3,1,10,0,0,0,20,20,0,6,3,21,30,153,0,153,183
08/01/2005,LMT,OR,ANM,WE,Federal Contract Tower,0,13,1,0,14,0,1,0,0,1,0,14,1,0,15,157,0,157,172
08/02/2005,LMT,OR,ANM,WE,Federal Contract Tower,0,13,11,8,32,0,1,0,0,1,0,14,11,8,33,109,70,179,212
08/03/2005,LMT,OR,ANM,WE,Federal Contract Tower,0,20,17,19,56,0,0,2,1,3,0,20,19,20,59,203,66,269,328
08/04/2005,LMT,OR,ANM,WE,Federal Contract Tower,0,13,15,21,49,0,1,2,0,3,0,14,17,21,52,185,33,218,270
08/05/2005,LMT,OR,ANM,WE,Federal Contract Tower,0,14,27,14,55,0,0,1,0,1,0,14,28,14,56,151,28,179,235
08/06/2005,LMT,OR,ANM,WE,Federal Contract Tower,0,10,7,0,17,0,0,0,0,0,0,10,7,0,17,179,0,179,196
08/07/2005,LMT,OR,ANM,WE,Federal Contract Tower,0,8,12,1,21,0,0,0,0,0,0,8,12,1,21,140,0,140,161
08/08/2005,LMT,OR,ANM,WE,Federal Contract Tower,0,12,15,18,45,0,0,0,1,1,0,12,15,19,46,141,77,218,264
08/09/2005,LMT,OR,ANM,WE,Federal Contract Tower,0,19,1,25,45,0,1,29,37,67,0,20,30,62,112,127,41,168,280
08/10/2005,LMT,OR,ANM,WE,Federal Contract Tower,0,19,8,64,91,0,1,10,15,26,0,20,18,79,117,75,34,109,226
08/11/2005,LMT,OR,ANM,WE,Federal Contract Tower,0,11,11,65,87,0,4,11,0,15,0,15,22,65,102,57,88,145,247
08/12/2005,LMT,OR,ANM,WE,Federal Contract Tower,0,12,6,83,101,0,2,21,8,31,0,14,27,91,132,88,46,134,266
08/13/2005,LMT,OR,ANM,WE,Federal Contract Tower,0,4,9,113,126,0,0,31,34,65,0,4,40,147,191,75,26,101,292
08/14/2005,LMT,OR,ANM,WE,Federal Contract Tower,0,16,15,67,98,0,0,0,4,4,0,16,15,71,102,177,128,305,407
08/15/2005,LMT,OR,ANM,WE,Federal Contract Tower,0,15,7,7,29,0,2,0,0,2,0,17,7,7,31,95,12,107,138
08/16/2005,LMT,OR,ANM,WE,Federal Contract Tower,0,21,5,0,26,0,1,0,7,8,0,22,5,7,34,169,4,173,207
08/17/2005,LMT,OR,ANM,WE,Federal Contract Tower,0,21,1,48,70,0,0,8,2,10,0,21,9,50,80,148,46,194,274
08/18/2005,LMT,OR,ANM,WE,Federal Contract Tower,0,11,8,20,39,0,4,10,2,16,0,15,18,22,55,86,44,130,185
08/19/2005,LMT,OR,ANM,WE,Federal Contract Tower,0,12,7,25,44,0,2,23,0,25,0,14,30,25,69,66,6,72,141
08/20/2005,LMT,OR,ANM,WE,Federal Contract Tower,0,6,2,0,8,0,3,0,0,3,0,9,2,0,11,135,0,135,146
08/21/2005,LMT,OR,ANM,WE,Federal Contract Tower,0,9,6,0,15,0,0,0,0,0,0,9,6,0,15,184,0,184,199
08/22/2005,LMT,OR,ANM,WE,Federal Contract Tower,0,9,15,14,38,0,0,0,0,0,0,9,15,14,38,144,59,203,241
08/23/2005,LMT,OR,ANM,WE,Federal Contract Tower,0,9,18,21,48,0,1,0,0,1,0,10,18,21,49,106,46,152,201
08/24/2005,LMT,OR,ANM,WE,Federal Contract Tower,0,17,3,16,36,0,4,42,0,46,0,21,45,16,82,119,25,144,226
08/25/2005,LMT,OR,ANM,WE,Federal Contract Tower,0,14,4,19,37,0,4,1,0,5,0,18,5,19,42,106,21,127,169
08/26/2005,LMT,OR,ANM,WE,Federal Contract Tower,0,24,3,10,37,0,0,1,0,1,0,24,4,10,38,191,5,196,234
08/27/2005,LMT,OR,ANM,WE,Federal Contract Tower,0,5,3,0,8,0,0,0,0,0,0,5,3,0,8,132,0,132,140
08/28/2005,LMT,OR,ANM,WE,Federal Contract Tower,0,14,11,0,25,0,0,0,0,0,0,14,11,0,25,174,0,174,199
08/29/2005,LMT,OR,ANM,WE,Federal Contract Tower,0,10,13,0,23,0,3,12,0,15,0,13,25,0,38,112,17,129,167
08/30/2005,LMT,OR,ANM,WE,Federal Contract Tower,0,19,4,20,43,0,1,0,0,1,0,20,4,20,44,120,29,149,193
08/31/2005,LMT,OR,ANM,WE,Federal Contract Tower,0,16,7,17,40,0,1,1,0,2,0,17,8,17,42,74,10,84,126
09/01/2005,LMT,OR,ANM,WE,Federal Contract Tower,0,21,5,18,44,0,1,3,1,5,0,22,8,19,49,193,26,219,268
09/02/2005,LMT,OR,ANM,WE,Federal Contract Tower,0,35,23,16,74,0,0,0,0,0,0,35,23,16,74,234,27,261,335
09/03/2005,LMT,OR,ANM,WE,Federal Contract Tower,0,9,10,0,19,0,2,2,0,4,0,11,12,0,23,117,12,129,152
09/04/2005,LMT,OR,ANM,WE,Federal Contract Tower,0,4,8,0,12,0,0,0,0,0,0,4,8,0,12,116,0,116,128
09/05/2005,LMT,OR,ANM,WE,Federal Contract Tower,0,5,7,0,12,0,0,0,0,0,0,5,7,0,12,61,0,61,73
09/06/2005,LMT,OR,ANM,WE,Federal Contract Tower,0,19,8,21,48,0,1,0,0,1,0,20,8,21,49,103,21,124,173
09/07/2005,LMT,OR,ANM,WE,Federal Contract Tower,0,18,11,43,72,0,0,1,0,1,0,18,12,43,73,156,57,213,286
09/08/2005,LMT,OR,ANM,WE,Federal Contract Tower,0,31,12,22,65,0,0,28,1,29,0,31,40,23,94,154,78,232,326
09/09/2005,LMT,OR,ANM,WE,Federal Contract Tower,0,31,4,12,47,0,1,2,0,3,0,32,6,12,50,64,35,99,149
09/10/2005,LMT,OR,ANM,WE,Federal Contract Tower,0,7,6,17,30,0,0,3,0,3,0,7,9,17,33,72,41,113,146
09/11/2005,LMT,OR,ANM,WE,Federal Contract Tower,0,5,9,0,14,0,0,0,0,0,0,5,9,0,14,70,2,72,86
09/12/2005,LMT,OR,ANM,WE,Federal Contract Tower,0,9,7,2,18,0,1,2,0,3,0,10,9,2,21,101,9,110,131
09/13/2005,LMT,OR,ANM,WE,Federal Contract Tower,0,17,5,15,37,0,0,0,17,17,0,17,5,32,54,128,30,158,212
09/14/2005,LMT,OR,ANM,WE,Federal Contract Tower,0,13,11,24,48,0,0,4,0,4,0,13,15,24,52,110,51,161,213
09/15/2005,LMT,OR,ANM,WE,Federal Contract Tower,0,9,8,18,35,0,0,4,0,4,0,9,12,18,39,121,45,166,205
09/16/2005,LMT,OR,ANM,WE,Federal Contract Tower,0,13,6,10,29,0,0,0,0,0,0,13,6,10,29,78,81,159,188
09/17/2005,LMT,OR,ANM,WE,Federal Contract Tower,0,6,8,0,14,0,0,0,0,0,0,6,8,0,14,23,0,23,37
09/18/2005,LMT,OR,ANM,WE,Federal Contract Tower,0,4,9,0,13,0,1,3,0,4,0,5,12,0,17,92,0,92,109
09/19/2005,LMT,OR,ANM,WE,Federal Contract Tower,0,15,5,10,30,0,0,1,0,1,0,15,6,10,31,173,40,213,244
09/20/2005,LMT,OR,ANM,WE,Federal Contract Tower,0,17,7,17,41,0,1,17,0,18,0,18,24,17,59,65,51,116,175
09/21/2005,LMT,OR,ANM,WE,Federal Contract Tower,0,18,17,17,52,0,0,0,1,1,0,18,17,18,53,208,54,262,315
09/22/2005,LMT,OR,ANM,WE,Federal Contract Tower,0,19,5,14,38,0,0,2,0,2,0,19,7,14,40,151,88,239,279
09/23/2005,LMT,OR,ANM,WE,Federal Contract Tower,0,18,19,24,61,0,0,2,0,2,0,18,21,24,63,0,5,5,68
09/24/2005,LMT,OR,ANM,WE,Federal Contract Tower,0,5,3,0,8,0,0,0,0,0,0,5,3,0,8,156,0,156,164
09/25/2005,LMT,OR,ANM,WE,Federal Contract Tower,0,5,1,0,6,0,0,0,0,0,0,5,1,0,6,112,2,114,120
09/26/2005,LMT,OR,ANM,WE,Federal Contract Tower,0,19,3,2,24,0,0,0,0,0,0,19,3,2,24,184,6,190,214
09/27/2005,LMT,OR,ANM,WE,Federal Contract Tower,0,15,16,16,47,0,2,0,0,2,0,17,16,16,49,137,59,196,245
09/28/2005,LMT,OR,ANM,WE,Federal Contract Tower,0,18,24,18,60,0,0,2,0,2,0,18,26,18,62,102,48,150,212
09/29/2005,LMT,OR,ANM,WE,Federal Contract Tower,0,11,7,9,27,0,2,0,0,2,0,13,7,9,29,102,10,112,141
09/30/2005,LMT,OR,ANM,WE,Federal Contract Tower,0,17,9,1,27,0,0,1,0,1,0,17,10,1,28,59,1,60,88
10/01/2005,LMT,OR,ANM,WE,Federal Contract Tower,0,5,5,0,10,0,0,0,0,0,0,5,5,0,10,20,0,20,30
10/02/2005,LMT,OR,ANM,WE,Federal Contract Tower,0,6,12,0,18,0,1,0,0,1,0,7,12,0,19,38,0,38,57
10/03/2005,LMT,OR,ANM,WE,Federal Contract Tower,0,10,2,31,43,0,0,0,0,0,0,10,2,31,43,56,29,85,128
10/04/2005,LMT,OR,ANM,WE,Federal Contract Tower,0,16,3,21,40,0,0,2,0,2,0,16,5,21,42,145,23,168,210
10/05/2005,LMT,OR,ANM,WE,Federal Contract Tower,0,21,13,21,55,0,11,0,0,11,0,32,13,21,66,132,69,201,267
10/06/2005,LMT,OR,ANM,WE,Federal Contract Tower,0,19,7,6,32,0,1,0,0,1,0,20,7,6,33,147,25,172,205
10/07/2005,LMT,OR,ANM,WE,Federal Contract Tower,0,14,8,0,22,0,1,0,0,1,0,15,8,0,23,114,0,114,137
10/08/2005,LMT,OR,ANM,WE,Federal Contract Tower,0,7,4,4,15,0,0,0,0,0,0,7,4,4,15,75,0,75,90
10/09/2005,LMT,OR,ANM,WE,Federal Contract Tower,0,4,5,0,9,0,0,0,0,0,0,4,5,0,9,45,0,45,54
10/10/2005,LMT,OR,ANM,WE,Federal Contract Tower,0,10,7,0,17,0,0,0,0,0,0,10,7,0,17,136,0,136,153
10/11/2005,LMT,OR,ANM,WE,Federal Contract Tower,0,16,7,22,45,0,0,0,0,0,0,16,7,22,45,39,40,79,124
10/12/2005,LMT,OR,ANM,WE,Federal Contract Tower,0,18,6,29,53,0,3,2,0,5,0,21,8,29,58,66,52,118,176
10/13/2005,LMT,OR,ANM,WE,Federal Contract Tower,0,21,4,30,55,0,3,1,0,4,0,24,5,30,59,111,25,136,195
10/14/2005,LMT,OR,ANM,WE,Federal Contract Tower,0,15,3,10,28,0,2,6,0,8,0,17,9,10,36,25,20,45,81
10/15/2005,LMT,OR,ANM,WE,Federal Contract Tower,0,15,11,4,30,0,0,0,0,0,0,15,11,4,30,44,0,44,74
10/16/2005,LMT,OR,ANM,WE,Federal Contract Tower,0,7,9,2,18,0,0,0,0,0,0,7,9,2,18,64,0,64,82
10/17/2005,LMT,OR,ANM,WE,Federal Contract Tower,0,13,6,22,41,0,2,0,0,2,0,15,6,22,43,75,67,142,185
10/18/2005,LMT,OR,ANM,WE,Federal Contract Tower,0,15,2,27,44,0,2,0,0,2,0,17,2,27,46,46,45,91,137
10/19/2005,LMT,OR,ANM,WE,Federal Contract Tower,0,19,3,20,42,0,1,0,0,1,0,20,3,20,43,17,41,58,101
10/20/2005,LMT,OR,ANM,WE,Federal Contract Tower,0,15,4,16,35,0,5,10,0,15,0,20,14,16,50,57,24,81,131
10/21/2005,LMT,OR,ANM,WE,Federal Contract Tower,0,20,13,11,44,0,0,0,0,0,0,20,13,11,44,135,63,198,242
10/22/2005,LMT,OR,ANM,WE,Federal Contract Tower,0,8,8,11,27,0,1,0,0,1,0,9,8,11,28,90,14,104,132
10/23/2005,LMT,OR,ANM,WE,Federal Contract Tower,0,5,8,0,13,0,0,0,0,0,0,5,8,0,13,68,0,68,81
10/24/2005,LMT,OR,ANM,WE,Federal Contract Tower,0,14,7,0,21,0,3,0,0,3,0,17,7,0,24,50,0,50,74
10/25/2005,LMT,OR,ANM,WE,Federal Contract Tower,0,16,10,29,55,0,1,5,2,8,0,17,15,31,63,48,20,68,131
10/26/2005,LMT,OR,ANM,WE,Federal Contract Tower,0,24,5,31,60,0,0,0,2,2,0,24,5,33,62,7,5,12,74
10/27/2005,LMT,OR,ANM,WE,Federal Contract Tower,0,18,9,23,50,0,0,0,0,0,0,18,9,23,50,11,26,37,87
10/28/2005,LMT,OR,ANM,WE,Federal Contract Tower,0,23,20,8,51,0,2,0,4,6,0,25,20,12,57,25,7,32,89
10/29/2005,LMT,OR,ANM,WE,Federal Contract Tower,0,4,3,0,7,0,0,0,0,0,0,4,3,0,7,20,0,20,27
10/30/2005,LMT,OR,ANM,WE,Federal Contract Tower,0,10,5,0,15,0,0,0,0,0,0,10,5,0,15,81,0,81,96
10/31/2005,LMT,OR,ANM,WE,Federal Contract Tower,0,12,1,13,26,0,2,2,6,10,0,14,3,19,36,14,39,53,89
11/01/2005,LMT,OR,ANM,WE,Federal Contract Tower,0,21,4,20,45,0,1,0,10,11,0,22,4,30,56,13,51,64,120
11/02/2005,LMT,OR,ANM,WE,Federal Contract Tower,0,17,9,25,51,0,0,0,0,0,0,17,9,25,51,19,105,124,175
11/03/2005,LMT,OR,ANM,WE,Federal Contract Tower,0,20,8,0,28,0,0,0,0,0,0,20,8,0,28,4,0,4,32
11/04/2005,LMT,OR,ANM,WE,Federal Contract Tower,0,19,3,18,40,0,0,0,0,0,0,19,3,18,40,19,41,60,100
11/05/2005,LMT,OR,ANM,WE,Federal Contract Tower,0,4,4,35,43,0,0,0,0,0,0,4,4,35,43,2,110,112,155
11/06/2005,LMT,OR,ANM,WE,Federal Contract Tower,0,7,3,26,36,0,0,0,0,0,0,7,3,26,36,0,8,8,44
11/07/2005,LMT,OR,ANM,WE,Federal Contract Tower,0,25,13,0,38,0,0,0,0,0,0,25,13,0,38,0,0,0,38
11/08/2005,LMT,OR,ANM,WE,Federal Contract Tower,0,10,8,26,44,0,1,0,0,1,0,11,8,26,45,21,66,87,132
11/09/2005,LMT,OR,ANM,WE,Federal Contract Tower,0,10,7,24,41,0,4,0,0,4,0,14,7,24,45,3,1,4,49
11/10/2005,LMT,OR,ANM,WE,Federal Contract Tower,0,1,2,0,3,0,0,0,0,0,0,1,2,0,3,0,0,0,3
11/11/2005,LMT,OR,ANM,WE,Federal Contract Tower,0,19,5,2,26,0,0,0,0,0,0,19,5,2,26,55,6,61,87
11/12/2005,LMT,OR,ANM,WE,Federal Contract Tower,0,4,7,0,11,0,0,1,0,1,0,4,8,0,12,48,0,48,60
11/13/2005,LMT,OR,ANM,WE,Federal Contract Tower,0,9,3,0,12,0,0,0,0,0,0,9,3,0,12,0,0,0,12
11/14/2005,LMT,OR,ANM,WE,Federal Contract Tower,0,15,6,25,46,0,2,0,0,2,0,17,6,25,48,38,54,92,140
11/15/2005,LMT,OR,ANM,WE,Federal Contract Tower,0,15,4,37,56,0,2,10,1,13,0,17,14,38,69,53,42,95,164
11/16/2005,LMT,OR,ANM,WE,Federal Contract Tower,0,34,38,45,117,0,0,0,0,0,0,34,38,45,117,96,65,161,278
11/17/2005,LMT,OR,ANM,WE,Federal Contract Tower,0,17,4,27,48,0,3,10,1,14,0,20,14,28,62,68,26,94,156
11/18/2005,LMT,OR,ANM,WE,Federal Contract Tower,0,15,11,14,40,0,2,0,8,10,0,17,11,22,50,61,32,93,143
11/19/2005,LMT,OR,ANM,WE,Federal Contract Tower,0,6,1,0,7,0,0,0,0,0,0,6,1,0,7,121,0,121,128
11/20/2005,LMT,OR,ANM,WE,Federal Contract Tower,0,4,13,0,17,0,0,0,0,0,0,4,13,0,17,42,4,46,63
11/21/2005,LMT,OR,ANM,WE,Federal Contract Tower,0,9,17,4,30,0,1,0,0,1,0,10,17,4,31,106,12,118,149
11/22/2005,LMT,OR,ANM,WE,Federal Contract Tower,0,15,17,16,48,0,2,4,6,12,0,17,21,22,60,50,16,66,126
11/23/2005,LMT,OR,ANM,WE,Federal Contract Tower,0,3,6,10,19,0,0,0,0,0,0,3,6,10,19,115,15,130,149
11/24/2005,LMT,OR,ANM,WE,Federal Contract Tower,0,3,1,0,4,0,0,0,0,0,0,3,1,0,4,6,0,6,10
11/25/2005,LMT,OR,ANM,WE,Federal Contract Tower,0,7,9,2,18,0,0,0,0,0,0,7,9,2,18,2,0,2,20
11/26/2005,LMT,OR,ANM,WE,Federal Contract Tower,0,9,5,0,14,0,2,0,0,2,0,11,5,0,16,20,3,23,39
11/27/2005,LMT,OR,ANM,WE,Federal Contract Tower,0,12,5,1,18,0,0,0,0,0,0,12,5,1,18,64,25,89,107
11/28/2005,LMT,OR,ANM,WE,Federal Contract Tower,0,11,1,0,12,0,0,0,0,0,0,11,1,0,12,0,0,0,12
11/29/2005,LMT,OR,ANM,WE,Federal Contract Tower,0,16,5,27,48,0,1,0,4,5,0,17,5,31,53,2,15,17,70
11/30/2005,LMT,OR,ANM,WE,Federal Contract Tower,0,14,13,22,49,0,0,0,0,0,0,14,13,22,49,4,0,4,53
12/01/2005,LMT,OR,ANM,WE,Federal Contract Tower,0,16,11,8,35,0,0,0,0,0,0,16,11,8,35,0,2,2,37
12/02/2005,LMT,OR,ANM,WE,Federal Contract Tower,0,17,6,38,61,0,0,0,0,0,0,17,6,38,61,0,4,4,65
12/03/2005,LMT,OR,ANM,WE,Federal Contract Tower,0,6,5,14,25,0,0,0,0,0,0,6,5,14,25,4,4,8,33
12/04/2005,LMT,OR,ANM,WE,Federal Contract Tower,0,11,9,0,20,0,0,1,0,1,0,11,10,0,21,51,0,51,72
12/05/2005,LMT,OR,ANM,WE,Federal Contract Tower,0,10,8,0,18,0,0,0,0,0,0,10,8,0,18,52,0,52,70
12/06/2005,LMT,OR,ANM,WE,Federal Contract Tower,0,13,4,25,42,0,1,0,0,1,0,14,4,25,43,12,24,36,79
12/07/2005,LMT,OR,ANM,WE,Federal Contract Tower,0,26,13,0,39,0,1,0,0,1,0,27,13,0,40,18,0,18,58
12/08/2005,LMT,OR,ANM,WE,Federal Contract Tower,0,29,16,31,76,0,0,0,0,0,0,29,16,31,76,1,0,1,77
12/09/2005,LMT,OR,ANM,WE,Federal Contract Tower,0,13,15,23,51,0,0,0,0,0,0,13,15,23,51,6,0,6,57
12/10/2005,LMT,OR,ANM,WE,Federal Contract Tower,0,10,10,0,20,0,1,0,0,1,0,11,10,0,21,52,0,52,73
12/11/2005,LMT,OR,ANM,WE,Federal Contract Tower,0,8,4,7,19,0,0,0,0,0,0,8,4,7,19,61,60,121,140
12/12/2005,LMT,OR,ANM,WE,Federal Contract Tower,0,14,13,22,49,0,4,4,6,14,0,18,17,28,63,78,27,105,168
12/13/2005,LMT,OR,ANM,WE,Federal Contract Tower,0,24,22,21,67,0,0,0,8,8,0,24,22,29,75,87,45,132,207
12/14/2005,LMT,OR,ANM,WE,Federal Contract Tower,0,20,11,29,60,0,2,3,0,5,0,22,14,29,65,57,27,84,149
12/15/2005,LMT,OR,ANM,WE,Federal Contract Tower,0,25,11,20,56,0,3,0,6,9,0,28,11,26,65,67,104,171,236
12/16/2005,LMT,OR,ANM,WE,Federal Contract Tower,0,20,11,32,63,0,0,3,5,8,0,20,14,37,71,95,87,182,253
12/17/2005,LMT,OR,ANM,WE,Federal Contract Tower,0,9,9,3,21,0,1,0,0,1,0,10,9,3,22,111,3,114,136
12/18/2005,LMT,OR,ANM,WE,Federal Contract Tower,0,7,3,0,10,0,0,0,0,0,0,7,3,0,10,0,0,0,10
12/19/2005,LMT,OR,ANM,WE,Federal Contract Tower,0,17,9,2,28,0,0,0,0,0,0,17,9,2,28,6,0,6,34
12/20/2005,LMT,OR,ANM,WE,Federal Contract Tower,0,19,13,38,70,0,1,3,0,4,0,20,16,38,74,2,17,19,93
12/21/2005,LMT,OR,ANM,WE,Federal Contract Tower,0,20,6,19,45,0,3,0,0,3,0,23,6,19,48,10,41,51,99
12/22/2005,LMT,OR,ANM,WE,Federal Contract Tower,0,19,7,10,36,0,0,0,0,0,0,19,7,10,36,0,10,10,46
12/23/2005,LMT,OR,ANM,WE,Federal Contract Tower,0,20,2,11,33,0,0,4,0,4,0,20,6,11,37,66,11,77,114
12/24/2005,LMT,OR,ANM,WE,Federal Contract Tower,0,8,4,0,12,0,0,3,0,3,0,8,7,0,15,18,0,18,33
12/25/2005,LMT,OR,ANM,WE,Federal Contract Tower,0,3,0,0,3,0,0,0,0,0,0,3,0,0,3,0,0,0,3
12/26/2005,LMT,OR,ANM,WE,Federal Contract Tower,0,9,0,0,9,0,0,22,0,22,0,9,22,0,31,30,0,30,61
12/27/2005,LMT,OR,ANM,WE,Federal Contract Tower,0,17,0,29,46,0,0,0,0,0,0,17,0,29,46,0,12,12,58
12/28/2005,LMT,OR,ANM,WE,Federal Contract Tower,0,24,2,27,53,0,0,0,0,0,0,24,2,27,53,1,28,29,82
12/29/2005,LMT,OR,ANM,WE,Federal Contract Tower,0,26,2,12,40,0,0,0,0,0,0,26,2,12,40,42,14,56,96
12/30/2005,LMT,OR,ANM,WE,Federal Contract Tower,0,21,1,0,22,0,0,0,0,0,0,21,1,0,22,0,0,0,22
12/31/2005,LMT,OR,ANM,WE,Federal Contract Tower,0,0,0,0,0,0,0,0,0,0,0,0,0,0,0,0,0,0,0
01/01/2006,LMT,OR,ANM,WE,Federal Contract Tower,0,6,4,0,10,0,0,0,0,0,0,6,4,0,10,0,0,0,10
01/02/2006,LMT,OR,ANM,WE,Federal Contract Tower,0,7,4,0,11,0,0,0,0,0,0,7,4,0,11,25,0,25,36
01/03/2006,LMT,OR,ANM,WE,Federal Contract Tower,0,15,6,0,21,0,0,0,0,0,0,15,6,0,21,1,0,1,22
01/04/2006,LMT,OR,ANM,WE,Federal Contract Tower,0,13,6,14,33,0,1,0,0,1,0,14,6,14,34,15,33,48,82
01/05/2006,LMT,OR,ANM,WE,Federal Contract Tower,0,12,9,23,44,0,4,0,0,4,0,16,9,23,48,44,68,112,160
01/06/2006,LMT,OR,ANM,WE,Federal Contract Tower,0,15,9,15,39,0,2,0,0,2,0,17,9,15,41,25,38,63,104
01/07/2006,LMT,OR,ANM,WE,Federal Contract Tower,0,7,4,0,11,0,0,0,0,0,0,7,4,0,11,31,0,31,42
01/08/2006,LMT,OR,ANM,WE,Federal Contract Tower,0,5,11,0,16,0,0,0,0,0,0,5,11,0,16,15,0,15,31
01/09/2006,LMT,OR,ANM,WE,Federal Contract Tower,0,11,2,22,35,0,2,1,0,3,0,13,3,22,38,43,67,110,148
01/10/2006,LMT,OR,ANM,WE,Federal Contract Tower,0,17,6,46,69,0,0,10,4,14,0,17,16,50,83,34,56,90,173
01/11/2006,LMT,OR,ANM,WE,Federal Contract Tower,0,16,4,25,45,0,2,0,0,2,0,18,4,25,47,25,83,108,155
01/12/2006,LMT,OR,ANM,WE,Federal Contract Tower,0,20,5,0,25,0,0,0,0,0,0,20,5,0,25,4,0,4,29
01/13/2006,LMT,OR,ANM,WE,Federal Contract Tower,0,12,8,2,22,0,3,0,2,5,0,15,8,4,27,10,0,10,37
01/14/2006,LMT,OR,ANM,WE,Federal Contract Tower,0,7,8,0,15,0,0,0,0,0,0,7,8,0,15,2,0,2,17
01/15/2006,LMT,OR,ANM,WE,Federal Contract Tower,0,6,3,0,9,0,0,0,0,0,0,6,3,0,9,18,0,18,27
01/16/2006,LMT,OR,ANM,WE,Federal Contract Tower,0,10,12,0,22,0,0,0,0,0,0,10,12,0,22,2,0,2,24
01/17/2006,LMT,OR,ANM,WE,Federal Contract Tower,0,17,8,36,61,0,0,0,0,0,0,17,8,36,61,0,17,17,78
01/18/2006,LMT,OR,ANM,WE,Federal Contract Tower,0,20,7,10,37,0,0,0,0,0,0,20,7,10,37,4,17,21,58
01/19/2006,LMT,OR,ANM,WE,Federal Contract Tower,0,18,8,2,28,0,0,0,0,0,0,18,8,2,28,17,2,19,47
01/20/2006,LMT,OR,ANM,WE,Federal Contract Tower,0,16,8,9,33,0,0,0,1,1,0,16,8,10,34,0,0,0,34
01/21/2006,LMT,OR,ANM,WE,Federal Contract Tower,0,6,3,1,10,0,0,0,0,0,0,6,3,1,10,1,0,1,11
01/22/2006,LMT,OR,ANM,WE,Federal Contract Tower,0,2,3,0,5,0,0,0,0,0,0,2,3,0,5,49,0,49,54
01/23/2006,LMT,OR,ANM,WE,Federal Contract Tower,0,8,6,7,21,0,2,0,0,2,0,10,6,7,23,30,28,58,81
01/24/2006,LMT,OR,ANM,WE,Federal Contract Tower,0,10,12,12,34,0,0,0,0,0,0,10,12,12,34,59,25,84,118
01/25/2006,LMT,OR,ANM,WE,Federal Contract Tower,0,16,6,19,41,0,3,0,0,3,0,19,6,19,44,75,41,116,160
01/26/2006,LMT,OR,ANM,WE,Federal Contract Tower,0,18,8,12,38,0,2,0,0,2,0,20,8,12,40,5,18,23,63
01/27/2006,LMT,OR,ANM,WE,Federal Contract Tower,0,21,11,7,39,0,0,0,0,0,0,21,11,7,39,20,3,23,62
01/28/2006,LMT,OR,ANM,WE,Federal Contract Tower,0,7,3,6,16,0,0,0,0,0,0,7,3,6,16,4,7,11,27
01/29/2006,LMT,OR,ANM,WE,Federal Contract Tower,0,8,9,7,24,0,0,0,0,0,0,8,9,7,24,3,0,3,27
01/30/2006,LMT,OR,ANM,WE,Federal Contract Tower,0,13,6,0,19,0,0,0,0,0,0,13,6,0,19,3,0,3,22
01/31/2006,LMT,OR,ANM,WE,Federal Contract Tower,0,16,9,2,27,0,0,0,0,0,0,16,9,2,27,18,28,46,73
02/01/2006,LMT,OR,ANM,WE,Federal Contract Tower,0,15,8,20,43,0,0,0,0,0,0,15,8,20,43,3,14,17,60
02/02/2006,LMT,OR,ANM,WE,Federal Contract Tower,0,15,7,12,34,0,1,0,0,1,0,16,7,12,35,26,34,60,95
02/03/2006,LMT,OR,ANM,WE,Federal Contract Tower,0,17,12,11,40,0,0,0,0,0,0,17,12,11,40,50,21,71,111
02/04/2006,LMT,OR,ANM,WE,Federal Contract Tower,0,6,0,3,9,0,0,0,0,0,0,6,0,3,9,4,0,4,13
02/05/2006,LMT,OR,ANM,WE,Federal Contract Tower,0,4,8,2,14,0,0,0,0,0,0,4,8,2,14,21,0,21,35
02/06/2006,LMT,OR,ANM,WE,Federal Contract Tower,0,13,2,23,38,0,0,1,0,1,0,13,3,23,39,62,37,99,138
02/07/2006,LMT,OR,ANM,WE,Federal Contract Tower,0,11,3,31,45,0,2,13,0,15,0,13,16,31,60,71,27,98,158
02/08/2006,LMT,OR,ANM,WE,Federal Contract Tower,0,16,10,25,51,0,2,2,0,4,0,18,12,25,55,85,29,114,169
02/09/2006,LMT,OR,ANM,WE,Federal Contract Tower,0,16,9,41,66,0,2,1,0,3,0,18,10,41,69,56,59,115,184
02/10/2006,LMT,OR,ANM,WE,Federal Contract Tower,0,20,8,15,43,0,0,1,1,2,0,20,9,16,45,112,39,151,196
02/11/2006,LMT,OR,ANM,WE,Federal Contract Tower,0,9,8,0,17,0,0,0,0,0,0,9,8,0,17,124,0,124,141
02/12/2006,LMT,OR,ANM,WE,Federal Contract Tower,0,13,9,0,22,0,0,0,0,0,0,13,9,0,22,152,0,152,174
02/13/2006,LMT,OR,ANM,WE,Federal Contract Tower,0,17,2,8,27,0,5,0,0,5,0,22,2,8,32,123,1,124,156
02/14/2006,LMT,OR,ANM,WE,Federal Contract Tower,0,15,6,16,37,0,2,0,0,2,0,17,6,16,39,82,61,143,182
02/15/2006,LMT,OR,ANM,WE,Federal Contract Tower,0,15,5,21,41,0,0,0,0,0,0,15,5,21,41,51,76,127,168
02/16/2006,LMT,OR,ANM,WE,Federal Contract Tower,0,19,17,49,85,0,1,1,0,2,0,20,18,49,87,68,87,155,242
02/17/2006,LMT,OR,ANM,WE,Federal Contract Tower,0,20,13,16,49,0,0,0,0,0,0,20,13,16,49,5,8,13,62
02/18/2006,LMT,OR,ANM,WE,Federal Contract Tower,0,3,0,2,5,0,0,0,0,0,0,3,0,2,5,31,0,31,36
02/19/2006,LMT,OR,ANM,WE,Federal Contract Tower,0,9,5,0,14,0,0,0,0,0,0,9,5,0,14,80,0,80,94
02/20/2006,LMT,OR,ANM,WE,Federal Contract Tower,0,8,7,1,16,0,1,8,0,9,0,9,15,1,25,48,0,48,73
02/21/2006,LMT,OR,ANM,WE,Federal Contract Tower,0,15,5,16,36,0,0,0,0,0,0,15,5,16,36,94,64,158,194
02/22/2006,LMT,OR,ANM,WE,Federal Contract Tower,0,20,11,24,55,0,0,0,0,0,0,20,11,24,55,145,58,203,258
02/23/2006,LMT,OR,ANM,WE,Federal Contract Tower,0,18,4,21,43,0,2,4,2,8,0,20,8,23,51,108,67,175,226
02/24/2006,LMT,OR,ANM,WE,Federal Contract Tower,0,13,11,14,38,0,1,0,0,1,0,14,11,14,39,99,45,144,183
02/25/2006,LMT,OR,ANM,WE,Federal Contract Tower,0,6,8,25,39,0,0,0,0,0,0,6,8,25,39,109,58,167,206
02/26/2006,LMT,OR,ANM,WE,Federal Contract Tower,0,9,6,14,29,0,0,0,0,0,0,9,6,14,29,42,19,61,90
02/27/2006,LMT,OR,ANM,WE,Federal Contract Tower,0,15,4,0,19,0,0,0,0,0,0,15,4,0,19,3,0,3,22
02/28/2006,LMT,OR,ANM,WE,Federal Contract Tower,0,14,1,21,36,0,1,0,0,1,0,15,1,21,37,12,45,57,94
03/01/2006,LMT,OR,ANM,WE,Federal Contract Tower,0,9,13,22,44,0,0,2,0,2,0,9,15,22,46,40,34,74,120
03/02/2006,LMT,OR,ANM,WE,Federal Contract Tower,0,19,2,24,45,0,3,2,0,5,0,22,4,24,50,20,38,58,108
03/03/2006,LMT,OR,ANM,WE,Federal Contract Tower,0,15,19,16,50,0,1,0,0,1,0,16,19,16,51,15,9,24,75
03/04/2006,LMT,OR,ANM,WE,Federal Contract Tower,0,9,4,1,14,0,0,0,0,0,0,9,4,1,14,100,2,102,116
03/05/2006,LMT,OR,ANM,WE,Federal Contract Tower,0,8,3,0,11,0,0,0,0,0,0,8,3,0,11,37,0,37,48
03/06/2006,LMT,OR,ANM,WE,Federal Contract Tower,0,20,2,29,51,0,0,0,0,0,0,20,2,29,51,0,48,48,99
03/07/2006,LMT,OR,ANM,WE,Federal Contract Tower,0,16,5,19,40,0,0,0,0,0,0,16,5,19,40,36,41,77,117
03/08/2006,LMT,OR,ANM,WE,Federal Contract Tower,0,17,6,11,34,0,1,0,0,1,0,18,6,11,35,14,34,48,83
03/09/2006,LMT,OR,ANM,WE,Federal Contract Tower,0,28,4,24,56,0,1,0,0,1,0,29,4,24,57,23,20,43,100
03/10/2006,LMT,OR,ANM,WE,Federal Contract Tower,0,19,8,19,46,0,1,1,0,2,0,20,9,19,48,0,0,0,48
03/11/2006,LMT,OR,ANM,WE,Federal Contract Tower,0,7,5,23,35,0,0,2,8,10,0,7,7,31,45,113,28,141,186
03/12/2006,LMT,OR,ANM,WE,Federal Contract Tower,0,5,7,13,25,0,0,0,0,0,0,5,7,13,25,37,12,49,74
03/13/2006,LMT,OR,ANM,WE,Federal Contract Tower,0,12,9,0,21,0,0,2,0,2,0,12,11,0,23,31,0,31,54
03/14/2006,LMT,OR,ANM,WE,Federal Contract Tower,0,15,7,22,44,0,1,0,8,9,0,16,7,30,53,43,13,56,109
03/15/2006,LMT,OR,ANM,WE,Federal Contract Tower,0,27,7,27,61,0,1,2,5,8,0,28,9,32,69,83,65,148,217
03/16/2006,LMT,OR,ANM,WE,Federal Contract Tower,0,25,7,2,34,0,1,0,0,1,0,26,7,2,35,41,0,41,76
03/17/2006,LMT,OR,ANM,WE,Federal Contract Tower,0,17,3,14,34,0,2,0,0,2,0,19,3,14,36,39,16,55,91
03/18/2006,LMT,OR,ANM,WE,Federal Contract Tower,0,6,4,0,10,0,2,0,0,2,0,8,4,0,12,107,0,107,119
03/19/2006,LMT,OR,ANM,WE,Federal Contract Tower,0,9,6,0,15,0,0,0,0,0,0,9,6,0,15,33,0,33,48
03/20/2006,LMT,OR,ANM,WE,Federal Contract Tower,0,13,10,34,57,0,0,0,2,2,0,13,10,36,59,17,12,29,88
03/21/2006,LMT,OR,ANM,WE,Federal Contract Tower,0,17,4,25,46,0,0,0,0,0,0,17,4,25,46,42,18,60,106
03/22/2006,LMT,OR,ANM,WE,Federal Contract Tower,0,14,15,20,49,0,0,1,0,1,0,14,16,20,50,99,32,131,181
03/23/2006,LMT,OR,ANM,WE,Federal Contract Tower,0,14,8,20,42,0,3,12,0,15,0,17,20,20,57,32,8,40,97
03/24/2006,LMT,OR,ANM,WE,Federal Contract Tower,0,16,10,17,43,0,2,1,4,7,0,18,11,21,50,69,17,86,136
03/25/2006,LMT,OR,ANM,WE,Federal Contract Tower,0,6,8,0,14,0,0,0,0,0,0,6,8,0,14,2,0,2,16
03/26/2006,LMT,OR,ANM,WE,Federal Contract Tower,0,5,8,2,15,0,0,0,0,0,0,5,8,2,15,54,6,60,75
03/27/2006,LMT,OR,ANM,WE,Federal Contract Tower,0,11,1,4,16,0,2,0,0,2,0,13,1,4,18,27,0,27,45
03/28/2006,LMT,OR,ANM,WE,Federal Contract Tower,0,13,3,27,43,0,3,2,0,5,0,16,5,27,48,24,23,47,95
03/29/2006,LMT,OR,ANM,WE,Federal Contract Tower,0,14,8,25,47,0,2,0,0,2,0,16,8,25,49,38,44,82,131
03/30/2006,LMT,OR,ANM,WE,Federal Contract Tower,0,17,8,20,45,0,2,0,0,2,0,19,8,20,47,26,60,86,133
03/31/2006,LMT,OR,ANM,WE,Federal Contract Tower,0,15,3,10,28,0,0,0,5,5,0,15,3,15,33,10,33,43,76
04/01/2006,LMT,OR,ANM,WE,Federal Contract Tower,0,9,0,9,18,0,0,0,0,0,0,9,0,9,18,31,28,59,77
04/02/2006,LMT,OR,ANM,WE,Federal Contract Tower,0,9,6,0,15,0,2,3,0,5,0,11,9,0,20,6,0,6,26
04/03/2006,LMT,OR,ANM,WE,Federal Contract Tower,0,14,6,35,55,0,1,0,0,1,0,15,6,35,56,0,114,114,170
04/04/2006,LMT,OR,ANM,WE,Federal Contract Tower,0,13,9,42,64,0,1,0,0,1,0,14,9,42,65,97,16,113,178
04/05/2006,LMT,OR,ANM,WE,Federal Contract Tower,0,21,10,21,52,0,0,0,2,2,0,21,10,23,54,28,45,73,127
04/06/2006,LMT,OR,ANM,WE,Federal Contract Tower,0,14,4,28,46,0,4,4,0,8,0,18,8,28,54,68,30,98,152
04/07/2006,LMT,OR,ANM,WE,Federal Contract Tower,0,17,5,27,49,0,0,6,0,6,0,17,11,27,55,30,60,90,145
04/08/2006,LMT,OR,ANM,WE,Federal Contract Tower,0,9,3,0,12,0,0,0,0,0,0,9,3,0,12,54,0,54,66
04/09/2006,LMT,OR,ANM,WE,Federal Contract Tower,0,6,5,0,11,0,1,0,0,1,0,7,5,0,12,7,0,7,19
04/10/2006,LMT,OR,ANM,WE,Federal Contract Tower,0,15,7,7,29,0,2,0,14,16,0,17,7,21,45,42,14,56,101
04/11/2006,LMT,OR,ANM,WE,Federal Contract Tower,0,18,4,29,51,0,1,0,4,5,0,19,4,33,56,11,42,53,109
04/12/2006,LMT,OR,ANM,WE,Federal Contract Tower,0,20,11,38,69,0,2,2,0,4,0,22,13,38,73,1,54,55,128
04/13/2006,LMT,OR,ANM,WE,Federal Contract Tower,0,14,9,34,57,0,4,10,2,16,0,18,19,36,73,115,50,165,238
04/14/2006,LMT,OR,ANM,WE,Federal Contract Tower,0,15,5,11,31,0,0,1,0,1,0,15,6,11,32,47,14,61,93
04/15/2006,LMT,OR,ANM,WE,Federal Contract Tower,0,6,0,0,6,0,0,0,0,0,0,6,0,0,6,0,0,0,6
04/16/2006,LMT,OR,ANM,WE,Federal Contract Tower,0,3,3,0,6,0,0,0,0,0,0,3,3,0,6,13,0,13,19
04/17/2006,LMT,OR,ANM,WE,Federal Contract Tower,0,9,6,24,39,0,4,0,0,4,0,13,6,24,43,85,55,140,183
04/18/2006,LMT,OR,ANM,WE,Federal Contract Tower,0,17,11,15,43,0,5,4,0,9,0,22,15,15,52,89,30,119,171
04/19/2006,LMT,OR,ANM,WE,Federal Contract Tower,0,12,11,24,47,0,9,4,0,13,0,21,15,24,60,116,75,191,251
04/20/2006,LMT,OR,ANM,WE,Federal Contract Tower,0,20,6,28,54,0,1,0,0,1,0,21,6,28,55,145,75,220,275
04/21/2006,LMT,OR,ANM,WE,Federal Contract Tower,0,23,6,12,41,0,2,2,0,4,0,25,8,12,45,81,21,102,147
04/22/2006,LMT,OR,ANM,WE,Federal Contract Tower,0,4,2,0,6,0,1,0,0,1,0,5,2,0,7,8,0,8,15
04/23/2006,LMT,OR,ANM,WE,Federal Contract Tower,0,4,3,20,27,0,0,0,0,0,0,4,3,20,27,105,38,143,170
04/24/2006,LMT,OR,ANM,WE,Federal Contract Tower,0,10,6,2,18,0,4,1,0,5,0,14,7,2,23,68,0,68,91
04/25/2006,LMT,OR,ANM,WE,Federal Contract Tower,0,11,16,22,49,0,3,0,1,4,0,14,16,23,53,51,22,73,126
04/26/2006,LMT,OR,ANM,WE,Federal Contract Tower,0,14,13,21,48,0,8,4,0,12,0,22,17,21,60,43,38,81,141
04/27/2006,LMT,OR,ANM,WE,Federal Contract Tower,0,10,9,8,27,0,4,11,7,22,0,14,20,15,49,59,37,96,145
04/28/2006,LMT,OR,ANM,WE,Federal Contract Tower,0,8,5,11,24,0,5,0,0,5,0,13,5,11,29,103,17,120,149
04/29/2006,LMT,OR,ANM,WE,Federal Contract Tower,0,5,3,0,8,0,0,0,0,0,0,5,3,0,8,101,0,101,109
04/30/2006,LMT,OR,ANM,WE,Federal Contract Tower,0,5,5,0,10,0,0,1,0,1,0,5,6,0,11,74,0,74,85
05/01/2006,LMT,OR,ANM,WE,Federal Contract Tower,0,8,11,20,39,0,5,4,0,9,0,13,15,20,48,36,25,61,109
05/02/2006,LMT,OR,ANM,WE,Federal Contract Tower,0,9,7,18,34,0,0,3,0,3,0,9,10,18,37,65,49,114,151
05/03/2006,LMT,OR,ANM,WE,Federal Contract Tower,0,13,5,17,35,0,5,16,5,26,0,18,21,22,61,47,34,81,142
05/04/2006,LMT,OR,ANM,WE,Federal Contract Tower,0,10,4,20,34,0,0,1,1,2,0,10,5,21,36,109,33,142,178
05/05/2006,LMT,OR,ANM,WE,Federal Contract Tower,0,16,7,11,34,0,6,7,0,13,0,22,14,11,47,112,9,121,168
05/06/2006,LMT,OR,ANM,WE,Federal Contract Tower,0,3,8,2,13,0,3,1,3,7,0,6,9,5,20,51,3,54,74
05/07/2006,LMT,OR,ANM,WE,Federal Contract Tower,0,6,4,0,10,0,0,2,0,2,0,6,6,0,12,40,0,40,52
05/08/2006,LMT,OR,ANM,WE,Federal Contract Tower,0,17,5,0,22,0,1,0,0,1,0,18,5,0,23,70,0,70,93
05/09/2006,LMT,OR,ANM,WE,Federal Contract Tower,0,13,2,17,32,0,2,0,0,2,0,15,2,17,34,125,66,191,225
05/10/2006,LMT,OR,ANM,WE,Federal Contract Tower,0,12,9,26,47,0,6,1,1,8,0,18,10,27,55,92,40,132,187
05/11/2006,LMT,OR,ANM,WE,Federal Contract Tower,0,15,9,17,41,0,4,3,5,12,0,19,12,22,53,75,27,102,155
05/12/2006,LMT,OR,ANM,WE,Federal Contract Tower,0,10,9,14,33,0,4,2,0,6,0,14,11,14,39,61,31,92,131
05/13/2006,LMT,OR,ANM,WE,Federal Contract Tower,0,4,2,7,13,0,0,0,1,1,0,4,2,8,14,114,31,145,159
05/14/2006,LMT,OR,ANM,WE,Federal Contract Tower,0,7,4,0,11,0,0,0,0,0,0,7,4,0,11,102,0,102,113
05/15/2006,LMT,OR,ANM,WE,Federal Contract Tower,0,17,5,14,36,0,2,0,0,2,0,19,5,14,38,129,28,157,195
05/16/2006,LMT,OR,ANM,WE,Federal Contract Tower,0,17,15,19,51,0,4,1,0,5,0,21,16,19,56,136,30,166,222
05/17/2006,LMT,OR,ANM,WE,Federal Contract Tower,0,14,4,14,32,0,5,1,4,10,0,19,5,18,42,80,40,120,162
05/18/2006,LMT,OR,ANM,WE,Federal Contract Tower,0,12,10,15,37,0,5,0,0,5,0,17,10,15,42,52,26,78,120
05/19/2006,LMT,OR,ANM,WE,Federal Contract Tower,0,17,8,7,32,0,1,1,0,2,0,18,9,7,34,48,24,72,106
05/20/2006,LMT,OR,ANM,WE,Federal Contract Tower,0,8,4,10,22,0,0,4,0,4,0,8,8,10,26,51,18,69,95
05/21/2006,LMT,OR,ANM,WE,Federal Contract Tower,0,6,6,11,23,0,0,0,0,0,0,6,6,11,23,71,21,92,115
05/22/2006,LMT,OR,ANM,WE,Federal Contract Tower,0,9,7,0,16,0,3,0,0,3,0,12,7,0,19,39,0,39,58
05/23/2006,LMT,OR,ANM,WE,Federal Contract Tower,0,13,8,16,37,0,3,0,0,3,0,16,8,16,40,2,16,18,58
05/24/2006,LMT,OR,ANM,WE,Federal Contract Tower,0,15,11,26,52,0,3,0,0,3,0,18,11,26,55,14,25,39,94
05/25/2006,LMT,OR,ANM,WE,Federal Contract Tower,0,16,8,20,44,0,2,1,0,3,0,18,9,20,47,86,38,124,171
05/26/2006,LMT,OR,ANM,WE,Federal Contract Tower,0,21,12,3,36,0,3,0,0,3,0,24,12,3,39,88,0,88,127
05/27/2006,LMT,OR,ANM,WE,Federal Contract Tower,0,6,4,4,14,0,1,0,0,1,0,7,4,4,15,52,0,52,67
05/28/2006,LMT,OR,ANM,WE,Federal Contract Tower,0,3,0,2,5,0,0,0,0,0,0,3,0,2,5,45,0,45,50
05/29/2006,LMT,OR,ANM,WE,Federal Contract Tower,0,8,0,8,16,0,0,0,0,0,0,8,0,8,16,136,1,137,153
05/30/2006,LMT,OR,ANM,WE,Federal Contract Tower,0,9,5,6,20,0,4,13,6,23,0,13,18,12,43,120,38,158,201
05/31/2006,LMT,OR,ANM,WE,Federal Contract Tower,0,13,3,11,27,0,4,5,2,11,0,17,8,13,38,123,59,182,220
06/01/2006,LMT,OR,ANM,WE,Federal Contract Tower,0,18,9,8,35,0,2,1,0,3,0,20,10,8,38,44,49,93,131
06/02/2006,LMT,OR,ANM,WE,Federal Contract Tower,0,17,7,6,30,0,2,0,0,2,0,19,7,6,32,69,51,120,152
06/03/2006,LMT,OR,ANM,WE,Federal Contract Tower,0,2,2,7,11,0,4,3,0,7,0,6,5,7,18,78,35,113,131
06/04/2006,LMT,OR,ANM,WE,Federal Contract Tower,0,8,2,7,17,0,0,2,3,5,0,8,4,10,22,44,40,84,106
06/05/2006,LMT,OR,ANM,WE,Federal Contract Tower,0,8,7,0,15,0,4,0,0,4,0,12,7,0,19,119,2,121,140
06/06/2006,LMT,OR,ANM,WE,Federal Contract Tower,0,10,6,12,28,0,5,0,0,5,0,15,6,12,33,117,32,149,182
06/07/2006,LMT,OR,ANM,WE,Federal Contract Tower,0,14,8,10,32,0,5,1,0,6,0,19,9,10,38,127,29,156,194
06/08/2006,LMT,OR,ANM,WE,Federal Contract Tower,0,13,6,2,21,0,10,13,0,23,0,23,19,2,44,61,12,73,117
06/09/2006,LMT,OR,ANM,WE,Federal Contract Tower,0,14,8,9,31,0,2,3,0,5,0,16,11,9,36,136,27,163,199
06/10/2006,LMT,OR,ANM,WE,Federal Contract Tower,0,6,3,0,9,0,0,0,0,0,0,6,3,0,9,213,0,213,222
06/11/2006,LMT,OR,ANM,WE,Federal Contract Tower,0,4,4,2,10,0,0,0,0,0,0,4,4,2,10,83,6,89,99
06/12/2006,LMT,OR,ANM,WE,Federal Contract Tower,0,14,6,7,27,0,3,3,3,9,0,17,9,10,36,63,12,75,111
06/13/2006,LMT,OR,ANM,WE,Federal Contract Tower,0,17,7,19,43,0,2,0,0,2,0,19,7,19,45,16,18,34,79
06/14/2006,LMT,OR,ANM,WE,Federal Contract Tower,0,26,7,11,44,0,0,6,0,6,0,26,13,11,50,37,48,85,135
06/15/2006,LMT,OR,ANM,WE,Federal Contract Tower,0,17,8,31,56,0,3,6,2,11,0,20,14,33,67,106,25,131,198
06/16/2006,LMT,OR,ANM,WE,Federal Contract Tower,0,17,18,23,58,0,7,4,4,15,0,24,22,27,73,139,14,153,226
06/17/2006,LMT,OR,ANM,WE,Federal Contract Tower,0,4,0,12,16,0,0,0,0,0,0,4,0,12,16,108,40,148,164
06/18/2006,LMT,OR,ANM,WE,Federal Contract Tower,0,6,7,13,26,0,0,0,0,0,0,6,7,13,26,65,22,87,113
06/19/2006,LMT,OR,ANM,WE,Federal Contract Tower,0,14,2,12,28,0,2,0,0,2,0,16,2,12,30,39,2,41,71
06/20/2006,LMT,OR,ANM,WE,Federal Contract Tower,0,17,12,21,50,0,3,0,0,3,0,20,12,21,53,83,26,109,162
06/21/2006,LMT,OR,ANM,WE,Federal Contract Tower,0,14,9,8,31,0,5,0,0,5,0,19,9,8,36,95,30,125,161
06/22/2006,LMT,OR,ANM,WE,Federal Contract Tower,0,14,9,0,23,0,6,2,0,8,0,20,11,0,31,76,0,76,107
06/23/2006,LMT,OR,ANM,WE,Federal Contract Tower,0,9,9,42,60,0,8,0,0,8,0,17,9,42,68,105,48,153,221
06/24/2006,LMT,OR,ANM,WE,Federal Contract Tower,0,3,2,0,5,0,1,0,0,1,0,4,2,0,6,92,0,92,98
06/25/2006,LMT,OR,ANM,WE,Federal Contract Tower,0,10,6,0,16,0,0,0,0,0,0,10,6,0,16,89,0,89,105
06/26/2006,LMT,OR,ANM,WE,Federal Contract Tower,0,16,3,15,34,0,3,0,1,4,0,19,3,16,38,52,14,66,104
06/27/2006,LMT,OR,ANM,WE,Federal Contract Tower,0,11,1,15,27,0,9,2,0,11,0,20,3,15,38,111,42,153,191
06/28/2006,LMT,OR,ANM,WE,Federal Contract Tower,0,16,24,19,59,0,1,5,0,6,0,17,29,19,65,119,67,186,251
06/29/2006,LMT,OR,ANM,WE,Federal Contract Tower,0,11,8,22,41,0,6,4,4,14,0,17,12,26,55,62,26,88,143
06/30/2006,LMT,OR,ANM,WE,Federal Contract Tower,0,12,16,17,45,0,4,3,0,7,0,16,19,17,52,98,45,143,195
07/01/2006,LMT,OR,ANM,WE,Federal Contract Tower,0,6,5,2,13,0,0,0,0,0,0,6,5,2,13,106,2,108,121
07/02/2006,LMT,OR,ANM,WE,Federal Contract Tower,0,7,3,2,12,0,0,0,0,0,0,7,3,2,12,65,2,67,79
07/03/2006,LMT,OR,ANM,WE,Federal Contract Tower,0,11,5,0,16,0,4,2,0,6,0,15,7,0,22,91,0,91,113
07/04/2006,LMT,OR,ANM,WE,Federal Contract Tower,0,5,1,0,6,0,0,0,0,0,0,5,1,0,6,73,4,77,83
07/05/2006,LMT,OR,ANM,WE,Federal Contract Tower,0,14,4,18,36,0,5,0,2,7,0,19,4,20,43,68,67,135,178
07/06/2006,LMT,OR,ANM,WE,Federal Contract Tower,0,19,9,34,62,0,3,0,0,3,0,22,9,34,65,70,51,121,186
07/07/2006,LMT,OR,ANM,WE,Federal Contract Tower,0,10,15,0,25,0,7,6,0,13,0,17,21,0,38,87,0,87,125
07/08/2006,LMT,OR,ANM,WE,Federal Contract Tower,0,4,0,0,4,0,2,0,0,2,0,6,0,0,6,51,0,51,57
07/09/2006,LMT,OR,ANM,WE,Federal Contract Tower,0,5,11,0,16,0,0,3,0,3,0,5,14,0,19,95,0,95,114
07/10/2006,LMT,OR,ANM,WE,Federal Contract Tower,0,11,9,18,38,0,3,1,0,4,0,14,10,18,42,127,44,171,213
07/11/2006,LMT,OR,ANM,WE,Federal Contract Tower,0,7,3,22,32,0,4,0,0,4,0,11,3,22,36,82,43,125,161
07/12/2006,LMT,OR,ANM,WE,Federal Contract Tower,0,15,8,20,43,0,5,1,0,6,0,20,9,20,49,49,43,92,141
07/13/2006,LMT,OR,ANM,WE,Federal Contract Tower,0,11,5,18,34,0,9,7,0,16,0,20,12,18,50,74,70,144,194
07/14/2006,LMT,OR,ANM,WE,Federal Contract Tower,0,9,5,13,27,0,9,5,0,14,0,18,10,13,41,65,28,93,134
07/15/2006,LMT,OR,ANM,WE,Federal Contract Tower,0,2,9,18,29,0,3,3,0,6,0,5,12,18,35,116,48,164,199
07/16/2006,LMT,OR,ANM,WE,Federal Contract Tower,0,4,10,8,22,0,0,0,0,0,0,4,10,8,22,74,27,101,123
07/17/2006,LMT,OR,ANM,WE,Federal Contract Tower,0,11,3,1,15,0,4,0,0,4,0,15,3,1,19,30,10,40,59
07/18/2006,LMT,OR,ANM,WE,Federal Contract Tower,0,8,11,29,48,0,4,3,1,8,0,12,14,30,56,68,42,110,166
07/19/2006,LMT,OR,ANM,WE,Federal Contract Tower,0,13,20,38,71,0,7,3,1,11,0,20,23,39,82,99,48,147,229
07/20/2006,LMT,OR,ANM,WE,Federal Contract Tower,0,10,13,26,49,0,6,1,0,7,0,16,14,26,56,69,34,103,159
07/21/2006,LMT,OR,ANM,WE,Federal Contract Tower,0,10,6,16,32,0,3,3,2,8,0,13,9,18,40,67,34,101,141
07/22/2006,LMT,OR,ANM,WE,Federal Contract Tower,0,3,4,2,9,0,2,5,0,7,0,5,9,2,16,70,18,88,104
07/23/2006,LMT,OR,ANM,WE,Federal Contract Tower,0,6,8,0,14,0,0,0,0,0,0,6,8,0,14,80,11,91,105
07/24/2006,LMT,OR,ANM,WE,Federal Contract Tower,0,8,2,19,29,0,8,5,4,17,0,16,7,23,46,86,69,155,201
07/25/2006,LMT,OR,ANM,WE,Federal Contract Tower,0,11,5,19,35,0,5,2,0,7,0,16,7,19,42,59,71,130,172
07/26/2006,LMT,OR,ANM,WE,Federal Contract Tower,0,12,8,13,33,0,7,1,2,10,0,19,9,15,43,61,54,115,158
07/27/2006,LMT,OR,ANM,WE,Federal Contract Tower,0,11,9,18,38,0,6,5,16,27,0,17,14,34,65,118,50,168,233
07/28/2006,LMT,OR,ANM,WE,Federal Contract Tower,0,8,4,7,19,0,4,0,37,41,0,12,4,44,60,110,35,145,205
07/29/2006,LMT,OR,ANM,WE,Federal Contract Tower,0,11,3,0,14,0,0,0,0,0,0,11,3,0,14,55,8,63,77
07/30/2006,LMT,OR,ANM,WE,Federal Contract Tower,0,5,3,0,8,0,0,0,0,0,0,5,3,0,8,72,18,90,98
07/31/2006,LMT,OR,ANM,WE,Federal Contract Tower,0,9,9,0,18,0,3,1,0,4,0,12,10,0,22,32,4,36,58
08/01/2006,LMT,OR,ANM,WE,Federal Contract Tower,0,12,10,23,45,0,5,2,0,7,0,17,12,23,52,73,52,125,177
08/02/2006,LMT,OR,ANM,WE,Federal Contract Tower,0,9,9,28,46,0,6,2,1,9,0,15,11,29,55,49,33,82,137
08/03/2006,LMT,OR,ANM,WE,Federal Contract Tower,0,12,14,6,32,0,6,1,0,7,0,18,15,6,39,47,56,103,142
08/04/2006,LMT,OR,ANM,WE,Federal Contract Tower,0,9,2,1,12,0,4,3,1,8,0,13,5,2,20,69,33,102,122
08/05/2006,LMT,OR,ANM,WE,Federal Contract Tower,0,4,2,0,6,0,1,2,0,3,0,5,4,0,9,89,0,89,98
08/06/2006,LMT,OR,ANM,WE,Federal Contract Tower,0,6,5,0,11,0,0,3,0,3,0,6,8,0,14,53,0,53,67
08/07/2006,LMT,OR,ANM,WE,Federal Contract Tower,0,7,2,14,23,0,5,0,0,5,0,12,2,14,28,82,71,153,181
08/08/2006,LMT,OR,ANM,WE,Federal Contract Tower,0,13,6,16,35,0,2,0,1,3,0,15,6,17,38,101,37,138,176
08/09/2006,LMT,OR,ANM,WE,Federal Contract Tower,0,11,9,22,42,0,3,1,2,6,0,14,10,24,48,108,34,142,190
08/10/2006,LMT,OR,ANM,WE,Federal Contract Tower,0,10,9,15,34,0,3,1,0,4,0,13,10,15,38,47,45,92,130
08/11/2006,LMT,OR,ANM,WE,Federal Contract Tower,0,11,6,16,33,0,0,0,0,0,0,11,6,16,33,103,47,150,183
08/12/2006,LMT,OR,ANM,WE,Federal Contract Tower,0,2,6,11,19,0,1,2,0,3,0,3,8,11,22,95,28,123,145
08/13/2006,LMT,OR,ANM,WE,Federal Contract Tower,0,7,7,12,26,0,0,1,0,1,0,7,8,12,27,87,75,162,189
08/14/2006,LMT,OR,ANM,WE,Federal Contract Tower,0,11,8,0,19,0,3,4,4,11,0,14,12,4,30,85,27,112,142
08/15/2006,LMT,OR,ANM,WE,Federal Contract Tower,0,14,6,23,43,0,3,0,1,4,0,17,6,24,47,45,66,111,158
08/16/2006,LMT,OR,ANM,WE,Federal Contract Tower,0,14,10,20,44,0,0,0,0,0,0,14,10,20,44,93,85,178,222
08/17/2006,LMT,OR,ANM,WE,Federal Contract Tower,0,13,10,22,45,0,1,0,0,1,0,14,10,22,46,100,67,167,213
08/18/2006,LMT,OR,ANM,WE,Federal Contract Tower,0,7,2,12,21,0,4,2,0,6,0,11,4,12,27,86,16,102,129
08/19/2006,LMT,OR,ANM,WE,Federal Contract Tower,0,3,4,0,7,0,0,0,0,0,0,3,4,0,7,98,0,98,105
08/20/2006,LMT,OR,ANM,WE,Federal Contract Tower,0,7,16,2,25,0,0,3,0,3,0,7,19,2,28,91,4,95,123
08/21/2006,LMT,OR,ANM,WE,Federal Contract Tower,0,9,20,19,48,0,3,0,2,5,0,12,20,21,53,83,52,135,188
08/22/2006,LMT,OR,ANM,WE,Federal Contract Tower,0,10,5,24,39,0,6,0,0,6,0,16,5,24,45,121,59,180,225
08/23/2006,LMT,OR,ANM,WE,Federal Contract Tower,0,14,12,32,58,0,5,16,14,35,0,19,28,46,93,64,64,128,221
08/24/2006,LMT,OR,ANM,WE,Federal Contract Tower,0,13,6,20,39,0,3,3,0,6,0,16,9,20,45,64,62,126,171
08/25/2006,LMT,OR,ANM,WE,Federal Contract Tower,0,11,13,10,34,0,0,1,0,1,0,11,14,10,35,46,36,82,117
08/26/2006,LMT,OR,ANM,WE,Federal Contract Tower,0,4,5,0,9,0,2,0,0,2,0,6,5,0,11,80,3,83,94
08/27/2006,LMT,OR,ANM,WE,Federal Contract Tower,0,2,10,4,16,0,0,0,0,0,0,2,10,4,16,77,1,78,94
08/28/2006,LMT,OR,ANM,WE,Federal Contract Tower,0,10,8,0,18,0,2,1,0,3,0,12,9,0,21,55,9,64,85
08/29/2006,LMT,OR,ANM,WE,Federal Contract Tower,0,14,4,26,44,0,2,0,0,2,0,16,4,26,46,62,31,93,139
08/30/2006,LMT,OR,ANM,WE,Federal Contract Tower,0,14,9,30,53,0,8,4,0,12,0,22,13,30,65,19,24,43,108
08/31/2006,LMT,OR,ANM,WE,Federal Contract Tower,0,11,13,26,50,0,2,0,0,2,0,13,13,26,52,41,40,81,133
09/01/2006,LMT,OR,ANM,WE,Federal Contract Tower,0,9,5,13,27,0,47,1,0,48,0,56,6,13,75,48,27,75,150
09/02/2006,LMT,OR,ANM,WE,Federal Contract Tower,0,3,5,0,8,0,2,0,0,2,0,5,5,0,10,63,17,80,90
09/03/2006,LMT,OR,ANM,WE,Federal Contract Tower,0,4,2,0,6,0,0,0,0,0,0,4,2,0,6,56,23,79,85
09/04/2006,LMT,OR,ANM,WE,Federal Contract Tower,0,6,5,0,11,0,0,0,0,0,0,6,5,0,11,70,3,73,84
09/05/2006,LMT,OR,ANM,WE,Federal Contract Tower,0,8,5,18,31,0,7,2,0,9,0,15,7,18,40,27,48,75,115
09/06/2006,LMT,OR,ANM,WE,Federal Contract Tower,0,12,8,22,42,0,5,4,0,9,0,17,12,22,51,67,59,126,177
09/07/2006,LMT,OR,ANM,WE,Federal Contract Tower,0,10,0,20,30,0,8,2,0,10,0,18,2,20,40,53,48,101,141
09/08/2006,LMT,OR,ANM,WE,Federal Contract Tower,0,17,8,5,30,0,2,0,0,2,0,19,8,5,32,51,40,91,123
09/09/2006,LMT,OR,ANM,WE,Federal Contract Tower,0,3,3,17,23,0,1,0,0,1,0,4,3,17,24,49,91,140,164
09/10/2006,LMT,OR,ANM,WE,Federal Contract Tower,0,5,6,0,11,0,0,4,0,4,0,5,10,0,15,52,0,52,67
09/11/2006,LMT,OR,ANM,WE,Federal Contract Tower,0,7,4,2,13,0,5,11,0,16,0,12,15,2,29,50,0,50,79
09/12/2006,LMT,OR,ANM,WE,Federal Contract Tower,0,11,5,30,46,0,2,1,0,3,0,13,6,30,49,97,106,203,252
09/13/2006,LMT,OR,ANM,WE,Federal Contract Tower,0,17,10,18,45,0,5,0,0,5,0,22,10,18,50,120,79,199,249
09/14/2006,LMT,OR,ANM,WE,Federal Contract Tower,0,11,5,21,37,0,9,1,0,10,0,20,6,21,47,165,38,203,250
09/15/2006,LMT,OR,ANM,WE,Federal Contract Tower,0,27,7,17,51,0,1,2,0,3,0,28,9,17,54,55,54,109,163
09/16/2006,LMT,OR,ANM,WE,Federal Contract Tower,0,9,3,0,12,0,0,0,0,0,0,9,3,0,12,68,1,69,81
09/17/2006,LMT,OR,ANM,WE,Federal Contract Tower,0,6,4,0,10,0,0,2,0,2,0,6,6,0,12,102,0,102,114
09/18/2006,LMT,OR,ANM,WE,Federal Contract Tower,0,10,7,28,45,0,4,0,0,4,0,14,7,28,49,78,97,175,224
09/19/2006,LMT,OR,ANM,WE,Federal Contract Tower,0,9,1,19,29,0,5,0,0,5,0,14,1,19,34,63,145,208,242
09/20/2006,LMT,OR,ANM,WE,Federal Contract Tower,0,12,8,15,35,0,8,8,2,18,0,20,16,17,53,79,78,157,210
09/21/2006,LMT,OR,ANM,WE,Federal Contract Tower,0,10,7,0,17,0,3,0,0,3,0,13,7,0,20,26,102,128,148
09/22/2006,LMT,OR,ANM,WE,Federal Contract Tower,0,9,2,10,21,0,6,9,3,18,0,15,11,13,39,66,62,128,167
09/23/2006,LMT,OR,ANM,WE,Federal Contract Tower,0,4,7,0,11,0,4,14,1,19,0,8,21,1,30,18,0,18,48
09/24/2006,LMT,OR,ANM,WE,Federal Contract Tower,0,4,5,2,11,0,0,11,0,11,0,4,16,2,22,64,0,64,86
09/25/2006,LMT,OR,ANM,WE,Federal Contract Tower,0,9,4,0,13,0,0,1,0,1,0,9,5,0,14,53,0,53,67
09/26/2006,LMT,OR,ANM,WE,Federal Contract Tower,0,9,3,10,22,0,3,0,0,3,0,12,3,10,25,50,58,108,133
09/27/2006,LMT,OR,ANM,WE,Federal Contract Tower,0,12,5,12,29,0,6,0,0,6,0,18,5,12,35,101,67,168,203
09/28/2006,LMT,OR,ANM,WE,Federal Contract Tower,0,8,10,18,36,0,8,1,0,9,0,16,11,18,45,38,45,83,128
09/29/2006,LMT,OR,ANM,WE,Federal Contract Tower,0,26,9,0,35,0,1,3,0,4,0,27,12,0,39,100,0,100,139
09/30/2006,LMT,OR,ANM,WE,Federal Contract Tower,0,4,8,0,12,0,2,1,0,3,0,6,9,0,15,44,0,44,59
10/01/2006,LMT,OR,ANM,WE,Federal Contract Tower,0,4,5,0,9,0,0,0,0,0,0,4,5,0,9,32,0,32,41
10/02/2006,LMT,OR,ANM,WE,Federal Contract Tower,0,9,7,34,50,0,2,2,0,4,0,11,9,34,54,77,81,158,212
10/03/2006,LMT,OR,ANM,WE,Federal Contract Tower,0,10,14,39,63,0,2,0,1,3,0,12,14,40,66,38,39,77,143
10/04/2006,LMT,OR,ANM,WE,Federal Contract Tower,0,13,14,24,51,0,0,0,0,0,0,13,14,24,51,48,15,63,114
10/05/2006,LMT,OR,ANM,WE,Federal Contract Tower,0,14,9,10,33,0,0,0,0,0,0,14,9,10,33,35,32,67,100
10/06/2006,LMT,OR,ANM,WE,Federal Contract Tower,0,10,8,0,18,0,4,2,0,6,0,14,10,0,24,84,0,84,108
10/07/2006,LMT,OR,ANM,WE,Federal Contract Tower,0,6,0,8,14,0,0,0,0,0,0,6,0,8,14,49,0,49,63
10/08/2006,LMT,OR,ANM,WE,Federal Contract Tower,0,7,4,0,11,0,1,1,0,2,0,8,5,0,13,49,0,49,62
10/09/2006,LMT,OR,ANM,WE,Federal Contract Tower,0,7,2,0,9,0,0,0,0,0,0,7,2,0,9,37,0,37,46
10/10/2006,LMT,OR,ANM,WE,Federal Contract Tower,0,9,4,18,31,0,3,1,0,4,0,12,5,18,35,61,51,112,147
10/11/2006,LMT,OR,ANM,WE,Federal Contract Tower,0,11,3,18,32,0,6,5,0,11,0,17,8,18,43,101,38,139,182
10/12/2006,LMT,OR,ANM,WE,Federal Contract Tower,0,8,10,6,24,0,7,2,12,21,0,15,12,18,45,74,66,140,185
10/13/2006,LMT,OR,ANM,WE,Federal Contract Tower,0,9,3,10,22,0,5,0,4,9,0,14,3,14,31,98,28,126,157
10/14/2006,LMT,OR,ANM,WE,Federal Contract Tower,0,5,1,0,6,0,3,0,0,3,0,8,1,0,9,89,0,89,98
10/15/2006,LMT,OR,ANM,WE,Federal Contract Tower,0,5,6,5,16,0,1,0,0,1,0,6,6,5,17,37,39,76,93
10/16/2006,LMT,OR,ANM,WE,Federal Contract Tower,0,11,4,35,50,0,2,0,0,2,0,13,4,35,52,6,29,35,87
10/17/2006,LMT,OR,ANM,WE,Federal Contract Tower,0,12,6,12,30,0,3,1,0,4,0,15,7,12,34,46,70,116,150
10/18/2006,LMT,OR,ANM,WE,Federal Contract Tower,0,15,6,13,34,0,6,0,0,6,0,21,6,13,40,77,27,104,144
10/19/2006,LMT,OR,ANM,WE,Federal Contract Tower,0,10,4,16,30,0,3,0,9,12,0,13,4,25,42,35,42,77,119
10/20/2006,LMT,OR,ANM,WE,Federal Contract Tower,0,11,11,10,32,0,5,1,0,6,0,16,12,10,38,35,12,47,85
10/21/2006,LMT,OR,ANM,WE,Federal Contract Tower,0,6,4,8,18,0,0,4,0,4,0,6,8,8,22,39,42,81,103
10/22/2006,LMT,OR,ANM,WE,Federal Contract Tower,0,9,5,10,24,0,0,0,0,0,0,9,5,10,24,25,17,42,66
10/23/2006,LMT,OR,ANM,WE,Federal Contract Tower,0,10,4,0,14,0,3,0,0,3,0,13,4,0,17,20,0,20,37
10/24/2006,LMT,OR,ANM,WE,Federal Contract Tower,0,9,6,16,31,0,4,0,0,4,0,13,6,16,35,34,43,77,112
10/25/2006,LMT,OR,ANM,WE,Federal Contract Tower,0,8,6,21,35,0,6,0,0,6,0,14,6,21,41,51,34,85,126
10/26/2006,LMT,OR,ANM,WE,Federal Contract Tower,0,14,5,24,43,0,5,2,4,11,0,19,7,28,54,119,41,160,214
10/27/2006,LMT,OR,ANM,WE,Federal Contract Tower,0,10,6,8,24,0,2,0,0,2,0,12,6,8,26,55,2,57,83
10/28/2006,LMT,OR,ANM,WE,Federal Contract Tower,0,6,1,10,17,0,2,0,0,2,0,8,1,10,19,61,0,61,80
10/29/2006,LMT,OR,ANM,WE,Federal Contract Tower,0,5,5,0,10,0,2,3,0,5,0,7,8,0,15,23,0,23,38
10/30/2006,LMT,OR,ANM,WE,Federal Contract Tower,0,15,2,16,33,0,4,0,5,9,0,19,2,21,42,39,59,98,140
10/31/2006,LMT,OR,ANM,WE,Federal Contract Tower,0,12,2,18,32,0,4,5,0,9,0,16,7,18,41,52,23,75,116
11/01/2006,LMT,OR,ANM,WE,Federal Contract Tower,0,11,7,18,36,0,4,0,0,4,0,15,7,18,40,34,83,117,157
11/02/2006,LMT,OR,ANM,WE,Federal Contract Tower,0,13,6,27,46,0,1,1,0,2,0,14,7,27,48,8,15,23,71
11/03/2006,LMT,OR,ANM,WE,Federal Contract Tower,0,17,25,29,71,0,2,0,0,2,0,19,25,29,73,2,23,25,98
11/04/2006,LMT,OR,ANM,WE,Federal Contract Tower,0,7,4,21,32,0,1,0,0,1,0,8,4,21,33,34,62,96,129
11/05/2006,LMT,OR,ANM,WE,Federal Contract Tower,0,6,4,11,21,0,0,0,0,0,0,6,4,11,21,32,74,106,127
11/06/2006,LMT,OR,ANM,WE,Federal Contract Tower,0,10,14,0,24,0,2,1,0,3,0,12,15,0,27,69,0,69,96
11/07/2006,LMT,OR,ANM,WE,Federal Contract Tower,0,7,8,22,37,0,0,0,0,0,0,7,8,22,37,44,50,94,131
11/08/2006,LMT,OR,ANM,WE,Federal Contract Tower,0,14,10,21,45,0,1,14,2,17,0,15,24,23,62,58,114,172,234
11/09/2006,LMT,OR,ANM,WE,Federal Contract Tower,0,10,16,12,38,0,0,1,0,1,0,10,17,12,39,18,117,135,174
11/10/2006,LMT,OR,ANM,WE,Federal Contract Tower,0,16,7,0,23,0,3,4,0,7,0,19,11,0,30,33,0,33,63
11/11/2006,LMT,OR,ANM,WE,Federal Contract Tower,0,5,4,6,15,0,0,0,0,0,0,5,4,6,15,14,18,32,47
11/12/2006,LMT,OR,ANM,WE,Federal Contract Tower,0,5,11,0,16,0,0,0,0,0,0,5,11,0,16,20,0,20,36
11/13/2006,LMT,OR,ANM,WE,Federal Contract Tower,0,19,12,26,57,0,1,0,0,1,0,20,12,26,58,2,0,2,60
11/14/2006,LMT,OR,ANM,WE,Federal Contract Tower,0,14,4,26,44,0,2,1,0,3,0,16,5,26,47,60,34,94,141
11/15/2006,LMT,OR,ANM,WE,Federal Contract Tower,0,21,6,30,57,0,2,0,0,2,0,23,6,30,59,44,32,76,135
11/16/2006,LMT,OR,ANM,WE,Federal Contract Tower,0,15,8,30,53,0,0,0,0,0,0,15,8,30,53,18,54,72,125
11/17/2006,LMT,OR,ANM,WE,Federal Contract Tower,0,15,25,12,52,0,1,0,0,1,0,16,25,12,53,34,21,55,108
11/18/2006,LMT,OR,ANM,WE,Federal Contract Tower,0,5,9,0,14,0,0,1,0,1,0,5,10,0,15,53,0,53,68
11/19/2006,LMT,OR,ANM,WE,Federal Contract Tower,0,5,8,0,13,0,0,0,0,0,0,5,8,0,13,82,0,82,95
11/20/2006,LMT,OR,ANM,WE,Federal Contract Tower,0,8,8,0,16,0,0,0,0,0,0,8,8,0,16,29,0,29,45
11/21/2006,LMT,OR,ANM,WE,Federal Contract Tower,0,10,10,30,50,0,2,0,0,2,0,12,10,30,52,5,2,7,59
11/22/2006,LMT,OR,ANM,WE,Federal Contract Tower,0,22,14,12,48,0,0,1,0,1,0,22,15,12,49,20,27,47,96
11/23/2006,LMT,OR,ANM,WE,Federal Contract Tower,0,3,0,0,3,0,0,0,0,0,0,3,0,0,3,11,0,11,14
11/24/2006,LMT,OR,ANM,WE,Federal Contract Tower,0,9,2,2,13,0,4,0,0,4,0,13,2,2,17,43,10,53,70
11/25/2006,LMT,OR,ANM,WE,Federal Contract Tower,0,11,4,0,15,0,0,0,0,0,0,11,4,0,15,21,0,21,36
11/26/2006,LMT,OR,ANM,WE,Federal Contract Tower,0,4,5,0,9,0,0,0,0,0,0,4,5,0,9,0,0,0,9
11/27/2006,LMT,OR,ANM,WE,Federal Contract Tower,0,9,11,3,23,0,0,1,0,1,0,9,12,3,24,3,0,3,27
11/28/2006,LMT,OR,ANM,WE,Federal Contract Tower,0,11,3,11,25,0,0,1,0,1,0,11,4,11,26,4,43,47,73
11/29/2006,LMT,OR,ANM,WE,Federal Contract Tower,0,13,7,24,44,0,2,1,0,3,0,15,8,24,47,29,47,76,123
11/30/2006,LMT,OR,ANM,WE,Federal Contract Tower,0,15,10,18,43,0,1,0,0,1,0,16,10,18,44,32,5,37,81
12/01/2006,LMT,OR,ANM,WE,Federal Contract Tower,0,17,7,7,31,0,0,0,0,0,0,17,7,7,31,7,28,35,66
12/02/2006,LMT,OR,ANM,WE,Federal Contract Tower,0,3,0,12,15,0,1,0,0,1,0,4,0,12,16,41,24,65,81
12/03/2006,LMT,OR,ANM,WE,Federal Contract Tower,0,4,2,0,6,0,0,0,0,0,0,4,2,0,6,89,1,90,96
12/04/2006,LMT,OR,ANM,WE,Federal Contract Tower,0,13,10,0,23,0,1,1,0,2,0,14,11,0,25,36,0,36,61
12/05/2006,LMT,OR,ANM,WE,Federal Contract Tower,0,11,0,20,31,0,0,0,4,4,0,11,0,24,35,27,22,49,84
12/06/2006,LMT,OR,ANM,WE,Federal Contract Tower,0,16,14,19,49,0,2,1,0,3,0,18,15,19,52,29,66,95,147
12/07/2006,LMT,OR,ANM,WE,Federal Contract Tower,0,14,10,49,73,0,2,2,0,4,0,16,12,49,77,40,24,64,141
12/08/2006,LMT,OR,ANM,WE,Federal Contract Tower,0,19,4,14,37,0,0,3,0,3,0,19,7,14,40,20,19,39,79
12/09/2006,LMT,OR,ANM,WE,Federal Contract Tower,0,6,7,3,16,0,0,0,0,0,0,6,7,3,16,20,30,50,66
12/10/2006,LMT,OR,ANM,WE,Federal Contract Tower,0,4,5,0,9,0,0,0,0,0,0,4,5,0,9,6,0,6,15
12/11/2006,LMT,OR,ANM,WE,Federal Contract Tower,0,11,14,26,51,0,1,1,1,3,0,12,15,27,54,10,66,76,130
12/12/2006,LMT,OR,ANM,WE,Federal Contract Tower,0,17,17,39,73,0,0,0,0,0,0,17,17,39,73,2,6,8,81
12/13/2006,LMT,OR,ANM,WE,Federal Contract Tower,0,17,6,23,46,0,0,0,0,0,0,17,6,23,46,0,55,55,101
12/14/2006,LMT,OR,ANM,WE,Federal Contract Tower,0,16,12,20,48,0,1,0,0,1,0,17,12,20,49,1,20,21,70
12/15/2006,LMT,OR,ANM,WE,Federal Contract Tower,0,17,16,15,48,0,0,0,0,0,0,17,16,15,48,5,17,22,70
12/16/2006,LMT,OR,ANM,WE,Federal Contract Tower,0,7,6,0,13,0,2,0,0,2,0,9,6,0,15,28,0,28,43
12/17/2006,LMT,OR,ANM,WE,Federal Contract Tower,0,7,6,0,13,0,0,3,0,3,0,7,9,0,16,67,0,67,83
12/18/2006,LMT,OR,ANM,WE,Federal Contract Tower,0,12,3,0,15,0,2,0,0,2,0,14,3,0,17,55,0,55,72
12/19/2006,LMT,OR,ANM,WE,Federal Contract Tower,0,14,8,20,42,0,1,3,3,7,0,15,11,23,49,22,24,46,95
12/20/2006,LMT,OR,ANM,WE,Federal Contract Tower,0,19,10,18,47,0,2,2,0,4,0,21,12,18,51,25,38,63,114
12/21/2006,LMT,OR,ANM,WE,Federal Contract Tower,0,17,9,24,50,0,0,0,0,0,0,17,9,24,50,2,5,7,57
12/22/2006,LMT,OR,ANM,WE,Federal Contract Tower,0,20,3,8,31,0,4,2,0,6,0,24,5,8,37,24,24,48,85
12/23/2006,LMT,OR,ANM,WE,Federal Contract Tower,0,9,3,0,12,0,0,0,0,0,0,9,3,0,12,9,0,9,21
12/24/2006,LMT,OR,ANM,WE,Federal Contract Tower,0,3,1,0,4,0,0,0,0,0,0,3,1,0,4,8,0,8,12
12/25/2006,LMT,OR,ANM,WE,Federal Contract Tower,0,3,0,0,3,0,0,0,0,0,0,3,0,0,3,1,0,1,4
12/26/2006,LMT,OR,ANM,WE,Federal Contract Tower,0,11,1,0,12,0,0,0,0,0,0,11,1,0,12,0,0,0,12
12/27/2006,LMT,OR,ANM,WE,Federal Contract Tower,0,10,8,11,29,0,0,0,0,0,0,10,8,11,29,4,18,22,51
12/28/2006,LMT,OR,ANM,WE,Federal Contract Tower,0,18,0,6,24,0,4,2,0,6,0,22,2,6,30,36,14,50,80
12/29/2006,LMT,OR,ANM,WE,Federal Contract Tower,0,14,1,0,15,0,0,2,0,2,0,14,3,0,17,43,0,43,60
12/30/2006,LMT,OR,ANM,WE,Federal Contract Tower,0,5,3,0,8,0,1,0,0,1,0,6,3,0,9,32,0,32,41
12/31/2006,LMT,OR,ANM,WE,Federal Contract Tower,0,3,1,0,4,0,0,0,0,0,0,3,1,0,4,32,0,32,36
01/01/2007,LMT,OR,ANM,WE,Federal Contract Tower,0,3,0,0,3,0,0,0,0,0,0,3,0,0,3,18,0,18,21
01/02/2007,LMT,OR,ANM,WE,Federal Contract Tower,0,11,1,0,12,0,3,10,0,13,0,14,11,0,25,4,0,4,29
01/03/2007,LMT,OR,ANM,WE,Federal Contract Tower,0,12,7,2,21,0,0,2,0,2,0,12,9,2,23,0,0,0,23
01/04/2007,LMT,OR,ANM,WE,Federal Contract Tower,0,15,5,21,41,0,1,0,0,1,0,16,5,21,42,4,42,46,88
01/05/2007,LMT,OR,ANM,WE,Federal Contract Tower,0,12,1,6,19,0,2,0,12,14,0,14,1,18,33,21,0,21,54
01/06/2007,LMT,OR,ANM,WE,Federal Contract Tower,0,8,4,0,12,0,0,0,0,0,0,8,4,0,12,5,0,5,17
01/07/2007,LMT,OR,ANM,WE,Federal Contract Tower,0,4,1,0,5,0,0,0,0,0,0,4,1,0,5,14,0,14,19
01/08/2007,LMT,OR,ANM,WE,Federal Contract Tower,0,13,9,18,40,0,0,0,0,0,0,13,9,18,40,0,0,0,40
01/09/2007,LMT,OR,ANM,WE,Federal Contract Tower,0,0,1,0,1,0,0,0,0,0,0,0,1,0,1,0,0,0,1
01/10/2007,LMT,OR,ANM,WE,Federal Contract Tower,0,15,8,24,47,0,0,0,0,0,0,15,8,24,47,6,39,45,92
01/11/2007,LMT,OR,ANM,WE,Federal Contract Tower,0,15,5,8,28,0,1,0,0,1,0,16,5,8,29,5,12,17,46
01/12/2007,LMT,OR,ANM,WE,Federal Contract Tower,0,14,4,0,18,0,4,0,1,5,0,18,4,1,23,56,2,58,81
01/13/2007,LMT,OR,ANM,WE,Federal Contract Tower,0,6,4,0,10,0,2,5,0,7,0,8,9,0,17,26,0,26,43
01/14/2007,LMT,OR,ANM,WE,Federal Contract Tower,0,7,4,0,11,0,0,0,0,0,0,7,4,0,11,37,0,37,48
01/15/2007,LMT,OR,ANM,WE,Federal Contract Tower,0,7,5,0,12,0,1,2,0,3,0,8,7,0,15,23,0,23,38
01/16/2007,LMT,OR,ANM,WE,Federal Contract Tower,0,19,6,14,39,0,4,0,0,4,0,23,6,14,43,28,25,53,96
01/17/2007,LMT,OR,ANM,WE,Federal Contract Tower,0,18,5,10,33,0,3,0,4,7,0,21,5,14,40,49,34,83,123
01/18/2007,LMT,OR,ANM,WE,Federal Contract Tower,0,22,3,17,42,0,1,2,0,3,0,23,5,17,45,24,55,79,124
01/19/2007,LMT,OR,ANM,WE,Federal Contract Tower,0,15,3,8,26,0,1,0,0,1,0,16,3,8,27,43,26,69,96
01/20/2007,LMT,OR,ANM,WE,Federal Contract Tower,0,7,6,0,13,0,0,3,0,3,0,7,9,0,16,23,0,23,39
01/21/2007,LMT,OR,ANM,WE,Federal Contract Tower,0,4,9,0,13,0,0,1,0,1,0,4,10,0,14,33,0,33,47
01/22/2007,LMT,OR,ANM,WE,Federal Contract Tower,0,9,10,20,39,0,3,0,0,3,0,12,10,20,42,25,31,56,98
01/23/2007,LMT,OR,ANM,WE,Federal Contract Tower,0,14,8,23,45,0,0,3,0,3,0,14,11,23,48,88,32,120,168
01/24/2007,LMT,OR,ANM,WE,Federal Contract Tower,0,10,6,30,46,0,9,0,0,9,0,19,6,30,55,51,48,99,154
01/25/2007,LMT,OR,ANM,WE,Federal Contract Tower,0,13,8,14,35,0,2,0,0,2,0,15,8,14,37,99,28,127,164
01/26/2007,LMT,OR,ANM,WE,Federal Contract Tower,0,13,6,23,42,0,2,0,0,2,0,15,6,23,44,51,31,82,126
01/27/2007,LMT,OR,ANM,WE,Federal Contract Tower,0,6,3,13,22,0,2,0,0,2,0,8,3,13,24,36,29,65,89
01/28/2007,LMT,OR,ANM,WE,Federal Contract Tower,0,4,4,19,27,0,0,0,2,2,0,4,4,21,29,52,27,79,108
01/29/2007,LMT,OR,ANM,WE,Federal Contract Tower,0,11,10,0,21,0,2,1,0,3,0,13,11,0,24,68,0,68,92
01/30/2007,LMT,OR,ANM,WE,Federal Contract Tower,0,11,3,15,29,0,3,0,2,5,0,14,3,17,34,37,36,73,107
01/31/2007,LMT,OR,ANM,WE,Federal Contract Tower,0,16,1,18,35,0,2,0,0,2,0,18,1,18,37,37,32,69,106
02/01/2007,LMT,OR,ANM,WE,Federal Contract Tower,0,16,4,17,37,0,7,0,0,7,0,23,4,17,44,48,101,149,193
02/02/2007,LMT,OR,ANM,WE,Federal Contract Tower,0,14,2,10,26,0,3,4,0,7,0,17,6,10,33,38,40,78,111
02/03/2007,LMT,OR,ANM,WE,Federal Contract Tower,0,3,0,0,3,0,2,0,0,2,0,5,0,0,5,35,0,35,40
02/04/2007,LMT,OR,ANM,WE,Federal Contract Tower,0,5,2,0,7,0,0,0,0,0,0,5,2,0,7,30,0,30,37
02/05/2007,LMT,OR,ANM,WE,Federal Contract Tower,0,11,5,18,34,0,2,0,0,2,0,13,5,18,36,38,33,71,107
02/06/2007,LMT,OR,ANM,WE,Federal Contract Tower,0,7,8,25,40,0,3,1,0,4,0,10,9,25,44,31,75,106,150
02/07/2007,LMT,OR,ANM,WE,Federal Contract Tower,0,20,5,21,46,0,0,0,0,0,0,20,5,21,46,4,43,47,93
02/08/2007,LMT,OR,ANM,WE,Federal Contract Tower,0,16,10,24,50,0,2,2,0,4,0,18,12,24,54,1,42,43,97
02/09/2007,LMT,OR,ANM,WE,Federal Contract Tower,0,13,1,11,25,0,2,2,0,4,0,15,3,11,29,21,35,56,85
02/10/2007,LMT,OR,ANM,WE,Federal Contract Tower,0,9,4,3,16,0,0,0,0,0,0,9,4,3,16,2,3,5,21
02/11/2007,LMT,OR,ANM,WE,Federal Contract Tower,0,7,14,0,21,0,0,0,0,0,0,7,14,0,21,6,0,6,27
02/12/2007,LMT,OR,ANM,WE,Federal Contract Tower,0,10,3,0,13,0,4,0,0,4,0,14,3,0,17,24,0,24,41
02/13/2007,LMT,OR,ANM,WE,Federal Contract Tower,0,11,5,20,36,0,2,0,0,2,0,13,5,20,38,12,55,67,105
02/14/2007,LMT,OR,ANM,WE,Federal Contract Tower,0,16,3,18,37,0,0,0,0,0,0,16,3,18,37,39,31,70,107
02/15/2007,LMT,OR,ANM,WE,Federal Contract Tower,0,16,15,1,32,0,2,1,2,5,0,18,16,3,37,10,0,10,47
02/16/2007,LMT,OR,ANM,WE,Federal Contract Tower,0,12,9,9,30,0,3,24,0,27,0,15,33,9,57,15,22,37,94
02/17/2007,LMT,OR,ANM,WE,Federal Contract Tower,0,5,3,1,9,0,0,0,14,14,0,5,3,15,23,61,0,61,84
02/18/2007,LMT,OR,ANM,WE,Federal Contract Tower,0,4,4,3,11,0,0,0,0,0,0,4,4,3,11,20,6,26,37
02/19/2007,LMT,OR,ANM,WE,Federal Contract Tower,0,12,4,0,16,0,0,0,0,0,0,12,4,0,16,59,0,59,75
02/20/2007,LMT,OR,ANM,WE,Federal Contract Tower,0,0,0,0,0,0,13,9,14,36,0,13,9,14,36,4,13,17,53
02/21/2007,LMT,OR,ANM,WE,Federal Contract Tower,0,16,4,0,20,0,0,0,0,0,0,16,4,0,20,0,0,0,20
02/22/2007,LMT,OR,ANM,WE,Federal Contract Tower,0,16,9,0,25,0,1,0,0,1,0,17,9,0,26,0,0,0,26
02/23/2007,LMT,OR,ANM,WE,Federal Contract Tower,0,21,9,8,38,0,5,0,0,5,0,26,9,8,43,11,10,21,64
02/24/2007,LMT,OR,ANM,WE,Federal Contract Tower,0,5,1,6,12,0,0,0,0,0,0,5,1,6,12,0,17,17,29
02/25/2007,LMT,OR,ANM,WE,Federal Contract Tower,0,7,4,2,13,0,0,0,0,0,0,7,4,2,13,1,8,9,22
02/26/2007,LMT,OR,ANM,WE,Federal Contract Tower,0,14,6,0,20,0,0,0,0,0,0,14,6,0,20,6,4,10,30
02/27/2007,LMT,OR,ANM,WE,Federal Contract Tower,0,16,4,8,28,0,0,0,0,0,0,16,4,8,28,1,4,5,33
02/28/2007,LMT,OR,ANM,WE,Federal Contract Tower,0,14,1,10,25,0,0,0,0,0,0,14,1,10,25,0,2,2,27
03/01/2007,LMT,OR,ANM,WE,Federal Contract Tower,0,16,7,14,37,0,0,0,0,0,0,16,7,14,37,0,2,2,39
03/02/2007,LMT,OR,ANM,WE,Federal Contract Tower,0,11,5,19,35,0,0,0,0,0,0,11,5,19,35,0,0,0,35
03/03/2007,LMT,OR,ANM,WE,Federal Contract Tower,0,5,0,0,5,0,1,0,0,1,0,6,0,0,6,23,0,23,29
03/04/2007,LMT,OR,ANM,WE,Federal Contract Tower,0,5,7,4,16,0,0,0,0,0,0,5,7,4,16,49,0,49,65
03/05/2007,LMT,OR,ANM,WE,Federal Contract Tower,0,16,9,13,38,0,1,7,3,11,0,17,16,16,49,37,9,46,95
03/06/2007,LMT,OR,ANM,WE,Federal Contract Tower,0,10,1,24,35,0,4,0,0,4,0,14,1,24,39,40,36,76,115
03/07/2007,LMT,OR,ANM,WE,Federal Contract Tower,0,15,12,32,59,0,5,2,0,7,0,20,14,32,66,14,19,33,99
03/08/2007,LMT,OR,ANM,WE,Federal Contract Tower,0,7,5,19,31,0,7,4,0,11,0,14,9,19,42,34,40,74,116
03/09/2007,LMT,OR,ANM,WE,Federal Contract Tower,0,11,5,23,39,0,0,4,0,4,0,11,9,23,43,50,4,54,97
03/10/2007,LMT,OR,ANM,WE,Federal Contract Tower,0,6,6,17,29,0,1,2,2,5,0,7,8,19,34,20,49,69,103
03/11/2007,LMT,OR,ANM,WE,Federal Contract Tower,0,3,4,17,24,0,0,3,0,3,0,3,7,17,27,64,24,88,115
03/12/2007,LMT,OR,ANM,WE,Federal Contract Tower,0,9,10,0,19,0,3,3,0,6,0,12,13,0,25,48,0,48,73
03/13/2007,LMT,OR,ANM,WE,Federal Contract Tower,0,10,7,17,34,0,3,3,0,6,0,13,10,17,40,12,39,51,91
03/14/2007,LMT,OR,ANM,WE,Federal Contract Tower,0,13,5,17,35,0,7,2,0,9,0,20,7,17,44,35,49,84,128
03/15/2007,LMT,OR,ANM,WE,Federal Contract Tower,0,9,8,15,32,0,6,1,2,9,0,15,9,17,41,59,29,88,129
03/16/2007,LMT,OR,ANM,WE,Federal Contract Tower,0,11,4,12,27,0,7,12,0,19,0,18,16,12,46,63,20,83,129
03/17/2007,LMT,OR,ANM,WE,Federal Contract Tower,0,5,4,1,10,0,0,6,2,8,0,5,10,3,18,103,31,134,152
03/18/2007,LMT,OR,ANM,WE,Federal Contract Tower,0,5,7,2,14,0,0,3,0,3,0,5,10,2,17,44,1,45,62
03/19/2007,LMT,OR,ANM,WE,Federal Contract Tower,0,10,4,18,32,0,2,6,0,8,0,12,10,18,40,15,26,41,81
03/20/2007,LMT,OR,ANM,WE,Federal Contract Tower,0,10,5,14,29,0,4,1,0,5,0,14,6,14,34,6,36,42,76
03/21/2007,LMT,OR,ANM,WE,Federal Contract Tower,0,11,4,13,28,0,3,12,5,20,0,14,16,18,48,51,26,77,125
03/22/2007,LMT,OR,ANM,WE,Federal Contract Tower,0,8,5,19,32,0,7,2,0,9,0,15,7,19,41,68,37,105,146
03/23/2007,LMT,OR,ANM,WE,Federal Contract Tower,0,8,3,10,21,0,5,0,0,5,0,13,3,10,26,76,16,92,118
03/24/2007,LMT,OR,ANM,WE,Federal Contract Tower,0,8,4,0,12,0,0,9,0,9,0,8,13,0,21,40,0,40,61
03/25/2007,LMT,OR,ANM,WE,Federal Contract Tower,0,4,7,0,11,0,0,6,0,6,0,4,13,0,17,8,0,8,25
03/26/2007,LMT,OR,ANM,WE,Federal Contract Tower,0,11,2,0,13,0,0,0,0,0,0,11,2,0,13,3,2,5,18
03/27/2007,LMT,OR,ANM,WE,Federal Contract Tower,0,14,4,22,40,0,0,1,0,1,0,14,5,22,41,1,13,14,55
03/28/2007,LMT,OR,ANM,WE,Federal Contract Tower,0,7,3,18,28,0,5,0,0,5,0,12,3,18,33,23,28,51,84
03/29/2007,LMT,OR,ANM,WE,Federal Contract Tower,0,8,4,14,26,0,6,0,0,6,0,14,4,14,32,89,30,119,151
03/30/2007,LMT,OR,ANM,WE,Federal Contract Tower,0,7,4,12,23,0,5,0,0,5,0,12,4,12,28,32,8,40,68
03/31/2007,LMT,OR,ANM,WE,Federal Contract Tower,0,6,2,0,8,0,2,0,1,3,0,8,2,1,11,70,0,70,81
04/01/2007,LMT,OR,ANM,WE,Federal Contract Tower,0,4,3,0,7,0,0,0,0,0,0,4,3,0,7,12,4,16,23
04/02/2007,LMT,OR,ANM,WE,Federal Contract Tower,0,5,5,19,29,0,4,2,0,6,0,9,7,19,35,27,34,61,96
04/03/2007,LMT,OR,ANM,WE,Federal Contract Tower,0,12,7,18,37,0,7,2,0,9,0,19,9,18,46,52,36,88,134
04/04/2007,LMT,OR,ANM,WE,Federal Contract Tower,0,9,8,28,45,0,10,13,0,23,0,19,21,28,68,50,34,84,152
04/05/2007,LMT,OR,ANM,WE,Federal Contract Tower,0,9,2,24,35,0,4,2,2,8,0,13,4,26,43,57,79,136,179
04/06/2007,LMT,OR,ANM,WE,Federal Contract Tower,0,10,2,8,20,0,5,1,0,6,0,15,3,8,26,74,29,103,129
04/07/2007,LMT,OR,ANM,WE,Federal Contract Tower,0,5,8,0,13,0,0,0,0,0,0,5,8,0,13,2,1,3,16
04/08/2007,LMT,OR,ANM,WE,Federal Contract Tower,0,5,2,0,7,0,0,0,0,0,0,5,2,0,7,28,3,31,38
04/09/2007,LMT,OR,ANM,WE,Federal Contract Tower,0,12,9,0,21,0,4,3,4,11,0,16,12,4,32,13,0,13,45
04/10/2007,LMT,OR,ANM,WE,Federal Contract Tower,0,10,6,17,33,0,3,0,0,3,0,13,6,17,36,67,29,96,132
04/11/2007,LMT,OR,ANM,WE,Federal Contract Tower,0,16,8,10,34,0,0,0,0,0,0,16,8,10,34,1,26,27,61
04/12/2007,LMT,OR,ANM,WE,Federal Contract Tower,0,15,4,13,32,0,3,0,4,7,0,18,4,17,39,24,59,83,122
04/13/2007,LMT,OR,ANM,WE,Federal Contract Tower,0,11,7,10,28,0,6,0,0,6,0,17,7,10,34,46,56,102,136
04/14/2007,LMT,OR,ANM,WE,Federal Contract Tower,0,8,4,3,15,0,0,0,0,0,0,8,4,3,15,0,4,4,19
04/15/2007,LMT,OR,ANM,WE,Federal Contract Tower,0,5,5,0,10,0,0,0,0,0,0,5,5,0,10,47,0,47,57
04/16/2007,LMT,OR,ANM,WE,Federal Contract Tower,0,15,6,18,39,0,4,0,0,4,0,19,6,18,43,109,30,139,182
04/17/2007,LMT,OR,ANM,WE,Federal Contract Tower,0,13,11,21,45,0,2,0,0,2,0,15,11,21,47,12,54,66,113
04/18/2007,LMT,OR,ANM,WE,Federal Contract Tower,0,13,3,17,33,0,3,0,0,3,0,16,3,17,36,40,33,73,109
04/19/2007,LMT,OR,ANM,WE,Federal Contract Tower,0,10,8,32,50,0,1,0,0,1,0,11,8,32,51,2,0,2,53
04/20/2007,LMT,OR,ANM,WE,Federal Contract Tower,0,15,6,11,32,0,4,0,1,5,0,19,6,12,37,68,61,129,166
04/21/2007,LMT,OR,ANM,WE,Federal Contract Tower,0,7,3,24,34,0,0,0,0,0,0,7,3,24,34,10,4,14,48
04/22/2007,LMT,OR,ANM,WE,Federal Contract Tower,0,3,2,23,28,0,0,0,0,0,0,3,2,23,28,11,6,17,45
04/23/2007,LMT,OR,ANM,WE,Federal Contract Tower,0,4,8,0,12,0,5,0,0,5,0,9,8,0,17,76,0,76,93
04/24/2007,LMT,OR,ANM,WE,Federal Contract Tower,0,8,4,35,47,0,6,2,0,8,0,14,6,35,55,32,45,77,132
04/25/2007,LMT,OR,ANM,WE,Federal Contract Tower,0,6,7,26,39,0,0,2,0,2,0,6,9,26,41,27,49,76,117
04/26/2007,LMT,OR,ANM,WE,Federal Contract Tower,0,14,11,18,43,0,7,9,0,16,0,21,20,18,59,41,53,94,153
04/27/2007,LMT,OR,ANM,WE,Federal Contract Tower,0,11,3,12,26,0,3,10,0,13,0,14,13,12,39,131,20,151,190
04/28/2007,LMT,OR,ANM,WE,Federal Contract Tower,0,4,1,0,5,0,1,1,0,2,0,5,2,0,7,64,0,64,71
04/29/2007,LMT,OR,ANM,WE,Federal Contract Tower,0,4,4,2,10,0,1,3,0,4,0,5,7,2,14,55,0,55,69
04/30/2007,LMT,OR,ANM,WE,Federal Contract Tower,0,5,3,18,26,0,6,0,0,6,0,11,3,18,32,74,27,101,133
05/01/2007,LMT,OR,ANM,WE,Federal Contract Tower,0,12,8,22,42,0,2,1,0,3,0,14,9,22,45,7,17,24,69
05/02/2007,LMT,OR,ANM,WE,Federal Contract Tower,0,13,6,11,30,0,4,0,0,4,0,17,6,11,34,11,23,34,68
05/03/2007,LMT,OR,ANM,WE,Federal Contract Tower,0,14,6,19,39,0,2,0,0,2,0,16,6,19,41,19,41,60,101
05/04/2007,LMT,OR,ANM,WE,Federal Contract Tower,0,14,4,11,29,0,4,0,0,4,0,18,4,11,33,46,22,68,101
05/05/2007,LMT,OR,ANM,WE,Federal Contract Tower,0,6,6,0,12,0,0,0,0,0,0,6,6,0,12,68,0,68,80
05/06/2007,LMT,OR,ANM,WE,Federal Contract Tower,0,6,4,0,10,0,0,0,0,0,0,6,4,0,10,80,0,80,90
05/07/2007,LMT,OR,ANM,WE,Federal Contract Tower,0,5,5,1,11,0,6,0,0,6,0,11,5,1,17,75,0,75,92
05/08/2007,LMT,OR,ANM,WE,Federal Contract Tower,0,12,2,14,28,0,5,0,0,5,0,17,2,14,33,43,28,71,104
05/09/2007,LMT,OR,ANM,WE,Federal Contract Tower,0,11,3,15,29,0,7,0,4,11,0,18,3,19,40,93,20,113,153
05/10/2007,LMT,OR,ANM,WE,Federal Contract Tower,0,11,1,17,29,0,6,0,0,6,0,17,1,17,35,63,28,91,126
05/11/2007,LMT,OR,ANM,WE,Federal Contract Tower,0,9,6,13,28,0,2,0,4,6,0,11,6,17,34,53,16,69,103
05/12/2007,LMT,OR,ANM,WE,Federal Contract Tower,0,5,4,2,11,0,2,0,0,2,0,7,4,2,13,59,20,79,92
05/13/2007,LMT,OR,ANM,WE,Federal Contract Tower,0,5,4,0,9,0,1,0,0,1,0,6,4,0,10,66,0,66,76
05/14/2007,LMT,OR,ANM,WE,Federal Contract Tower,0,7,2,10,19,0,2,0,0,2,0,9,2,10,21,42,30,72,93
05/15/2007,LMT,OR,ANM,WE,Federal Contract Tower,0,14,9,16,39,0,5,6,2,13,0,19,15,18,52,35,36,71,123
05/16/2007,LMT,OR,ANM,WE,Federal Contract Tower,0,16,10,19,45,0,5,4,0,9,0,21,14,19,54,92,38,130,184
05/17/2007,LMT,OR,ANM,WE,Federal Contract Tower,0,14,10,16,40,0,4,0,0,4,0,18,10,16,44,82,45,127,171
05/18/2007,LMT,OR,ANM,WE,Federal Contract Tower,0,13,5,14,32,0,3,2,0,5,0,16,7,14,37,96,25,121,158
05/19/2007,LMT,OR,ANM,WE,Federal Contract Tower,0,2,3,17,22,0,2,16,8,26,0,4,19,25,48,28,40,68,116
05/20/2007,LMT,OR,ANM,WE,Federal Contract Tower,0,5,10,22,37,0,0,0,0,0,0,5,10,22,37,17,58,75,112
05/21/2007,LMT,OR,ANM,WE,Federal Contract Tower,0,11,5,0,16,0,1,1,0,2,0,12,6,0,18,57,0,57,75
05/22/2007,LMT,OR,ANM,WE,Federal Contract Tower,0,12,6,18,36,0,2,0,0,2,0,14,6,18,38,66,46,112,150
05/23/2007,LMT,OR,ANM,WE,Federal Contract Tower,0,15,14,18,47,0,2,0,0,2,0,17,14,18,49,73,55,128,177
05/24/2007,LMT,OR,ANM,WE,Federal Contract Tower,0,21,11,13,45,0,7,1,0,8,0,28,12,13,53,85,39,124,177
05/25/2007,LMT,OR,ANM,WE,Federal Contract Tower,0,12,8,9,29,0,1,0,0,1,0,13,8,9,30,66,40,106,136
05/26/2007,LMT,OR,ANM,WE,Federal Contract Tower,0,3,2,0,5,0,3,0,0,3,0,6,2,0,8,62,0,62,70
05/27/2007,LMT,OR,ANM,WE,Federal Contract Tower,0,2,0,0,2,0,0,0,0,0,0,2,0,0,2,62,0,62,64
05/28/2007,LMT,OR,ANM,WE,Federal Contract Tower,0,4,3,0,7,0,1,1,0,2,0,5,4,0,9,74,8,82,91
05/29/2007,LMT,OR,ANM,WE,Federal Contract Tower,0,8,2,16,26,0,5,0,0,5,0,13,2,16,31,62,29,91,122
05/30/2007,LMT,OR,ANM,WE,Federal Contract Tower,0,9,2,18,29,0,4,2,1,7,0,13,4,19,36,77,24,101,137
05/31/2007,LMT,OR,ANM,WE,Federal Contract Tower,0,11,5,21,37,0,0,7,2,9,0,11,12,23,46,83,24,107,153
06/01/2007,LMT,OR,ANM,WE,Federal Contract Tower,0,13,6,16,35,0,0,2,4,6,0,13,8,20,41,90,53,143,184
06/02/2007,LMT,OR,ANM,WE,Federal Contract Tower,0,1,2,12,15,0,1,0,0,1,0,2,2,12,16,105,90,195,211
06/03/2007,LMT,OR,ANM,WE,Federal Contract Tower,0,5,0,14,19,0,0,0,0,0,0,5,0,14,19,47,29,76,95
06/04/2007,LMT,OR,ANM,WE,Federal Contract Tower,0,13,4,0,17,0,0,0,0,0,0,13,4,0,17,32,11,43,60
06/05/2007,LMT,OR,ANM,WE,Federal Contract Tower,0,9,5,18,32,0,1,0,0,1,0,10,5,18,33,19,40,59,92
06/06/2007,LMT,OR,ANM,WE,Federal Contract Tower,0,18,5,12,35,0,0,10,0,10,0,18,15,12,45,31,28,59,104
06/07/2007,LMT,OR,ANM,WE,Federal Contract Tower,0,13,7,14,34,0,0,0,4,4,0,13,7,18,38,75,18,93,131
06/08/2007,LMT,OR,ANM,WE,Federal Contract Tower,0,7,3,10,20,0,0,0,0,0,0,7,3,10,20,103,21,124,144
06/09/2007,LMT,OR,ANM,WE,Federal Contract Tower,0,4,2,0,6,0,0,1,0,1,0,4,3,0,7,63,4,67,74
06/10/2007,LMT,OR,ANM,WE,Federal Contract Tower,0,5,8,0,13,0,0,8,0,8,0,5,16,0,21,33,0,33,54
06/11/2007,LMT,OR,ANM,WE,Federal Contract Tower,0,10,11,17,38,0,5,0,0,5,0,15,11,17,43,48,36,84,127
06/12/2007,LMT,OR,ANM,WE,Federal Contract Tower,0,2,8,15,25,0,5,0,2,7,0,7,8,17,32,61,32,93,125
06/13/2007,LMT,OR,ANM,WE,Federal Contract Tower,0,10,12,13,35,0,3,1,0,4,0,13,13,13,39,91,37,128,167
06/14/2007,LMT,OR,ANM,WE,Federal Contract Tower,0,4,3,16,23,0,0,2,0,2,0,4,5,16,25,78,30,108,133
06/15/2007,LMT,OR,ANM,WE,Federal Contract Tower,0,11,4,6,21,0,4,0,0,4,0,15,4,6,25,130,43,173,198
06/16/2007,LMT,OR,ANM,WE,Federal Contract Tower,0,6,4,0,10,0,0,0,0,0,0,6,4,0,10,100,1,101,111
06/17/2007,LMT,OR,ANM,WE,Federal Contract Tower,0,7,4,6,17,0,0,1,0,1,0,7,5,6,18,100,10,110,128
06/18/2007,LMT,OR,ANM,WE,Federal Contract Tower,0,5,13,4,22,0,2,0,0,2,0,7,13,4,24,78,0,78,102
06/19/2007,LMT,OR,ANM,WE,Federal Contract Tower,0,7,6,30,43,0,5,1,0,6,0,12,7,30,49,63,59,122,171
06/20/2007,LMT,OR,ANM,WE,Federal Contract Tower,0,7,4,24,35,0,4,0,2,6,0,11,4,26,41,63,34,97,138
06/21/2007,LMT,OR,ANM,WE,Federal Contract Tower,0,11,3,22,36,0,2,13,0,15,0,13,16,22,51,64,37,101,152
06/22/2007,LMT,OR,ANM,WE,Federal Contract Tower,0,15,0,7,22,0,1,1,0,2,0,16,1,7,24,73,11,84,108
06/23/2007,LMT,OR,ANM,WE,Federal Contract Tower,0,3,1,0,4,0,2,2,0,4,0,5,3,0,8,75,0,75,83
06/24/2007,LMT,OR,ANM,WE,Federal Contract Tower,0,5,3,0,8,0,0,0,0,0,0,5,3,0,8,82,0,82,90
06/25/2007,LMT,OR,ANM,WE,Federal Contract Tower,0,7,9,20,36,0,6,3,0,9,0,13,12,20,45,68,29,97,142
06/26/2007,LMT,OR,ANM,WE,Federal Contract Tower,0,9,3,20,32,0,0,0,0,0,0,9,3,20,32,71,6,77,109
06/27/2007,LMT,OR,ANM,WE,Federal Contract Tower,0,15,1,16,32,0,5,0,0,5,0,20,1,16,37,91,28,119,156
06/28/2007,LMT,OR,ANM,WE,Federal Contract Tower,0,11,6,32,49,0,3,1,20,24,0,14,7,52,73,62,38,100,173
06/29/2007,LMT,OR,ANM,WE,Federal Contract Tower,0,13,8,0,21,0,4,0,0,4,0,17,8,0,25,61,0,61,86
06/30/2007,LMT,OR,ANM,WE,Federal Contract Tower,0,4,4,0,8,0,1,0,0,1,0,5,4,0,9,80,0,80,89
07/01/2007,LMT,OR,ANM,WE,Federal Contract Tower,0,3,5,0,8,0,0,0,0,0,0,3,5,0,8,85,0,85,93
07/02/2007,LMT,OR,ANM,WE,Federal Contract Tower,0,6,1,0,7,0,5,0,0,5,0,11,1,0,12,52,2,54,66
07/03/2007,LMT,OR,ANM,WE,Federal Contract Tower,0,7,2,10,19,0,9,2,0,11,0,16,4,10,30,67,33,100,130
07/04/2007,LMT,OR,ANM,WE,Federal Contract Tower,0,4,1,0,5,0,0,0,0,0,0,4,1,0,5,71,10,81,86
07/05/2007,LMT,OR,ANM,WE,Federal Contract Tower,0,7,4,20,31,0,10,1,0,11,0,17,5,20,42,47,25,72,114
07/06/2007,LMT,OR,ANM,WE,Federal Contract Tower,0,10,7,8,25,0,3,0,0,3,0,13,7,8,28,65,18,83,111
07/07/2007,LMT,OR,ANM,WE,Federal Contract Tower,0,3,0,0,3,0,2,0,0,2,0,5,0,0,5,188,0,188,193
07/08/2007,LMT,OR,ANM,WE,Federal Contract Tower,0,6,4,0,10,0,0,0,0,0,0,6,4,0,10,116,0,116,126
07/09/2007,LMT,OR,ANM,WE,Federal Contract Tower,0,7,10,19,36,0,4,2,0,6,0,11,12,19,42,112,36,148,190
07/10/2007,LMT,OR,ANM,WE,Federal Contract Tower,0,13,8,22,43,0,7,0,2,9,0,20,8,24,52,68,24,92,144
07/11/2007,LMT,OR,ANM,WE,Federal Contract Tower,0,13,4,16,33,0,5,0,0,5,0,18,4,16,38,44,37,81,119
07/12/2007,LMT,OR,ANM,WE,Federal Contract Tower,0,9,4,16,29,0,4,0,0,4,0,13,4,16,33,97,34,131,164
07/13/2007,LMT,OR,ANM,WE,Federal Contract Tower,0,13,2,4,19,0,8,2,0,10,0,21,4,4,29,92,14,106,135
07/14/2007,LMT,OR,ANM,WE,Federal Contract Tower,0,8,4,0,12,0,0,1,0,1,0,8,5,0,13,78,0,78,91
07/15/2007,LMT,OR,ANM,WE,Federal Contract Tower,0,6,1,0,7,0,0,0,0,0,0,6,1,0,7,126,0,126,133
07/16/2007,LMT,OR,ANM,WE,Federal Contract Tower,0,6,2,0,8,0,5,0,0,5,0,11,2,0,13,131,0,131,144
07/17/2007,LMT,OR,ANM,WE,Federal Contract Tower,0,11,7,14,32,0,11,0,0,11,0,22,7,14,43,101,27,128,171
07/18/2007,LMT,OR,ANM,WE,Federal Contract Tower,0,15,9,13,37,0,1,0,0,1,0,16,9,13,38,7,54,61,99
07/19/2007,LMT,OR,ANM,WE,Federal Contract Tower,0,11,14,16,41,0,1,0,0,1,0,12,14,16,42,101,37,138,180
07/20/2007,LMT,OR,ANM,WE,Federal Contract Tower,0,9,7,6,22,0,8,1,0,9,0,17,8,6,31,96,20,116,147
07/21/2007,LMT,OR,ANM,WE,Federal Contract Tower,0,4,10,0,14,0,0,0,0,0,0,4,10,0,14,75,0,75,89
07/22/2007,LMT,OR,ANM,WE,Federal Contract Tower,0,5,6,1,12,0,0,3,0,3,0,5,9,1,15,79,0,79,94
07/23/2007,LMT,OR,ANM,WE,Federal Contract Tower,0,12,5,15,32,0,1,3,0,4,0,13,8,15,36,59,41,100,136
07/24/2007,LMT,OR,ANM,WE,Federal Contract Tower,0,11,0,21,32,0,5,0,0,5,0,16,0,21,37,46,75,121,158
07/25/2007,LMT,OR,ANM,WE,Federal Contract Tower,0,16,10,24,50,0,0,2,10,12,0,16,12,34,62,103,59,162,224
07/26/2007,LMT,OR,ANM,WE,Federal Contract Tower,0,8,9,21,38,0,6,5,2,13,0,14,14,23,51,70,33,103,154
07/27/2007,LMT,OR,ANM,WE,Federal Contract Tower,0,7,6,1,14,0,7,10,0,17,0,14,16,1,31,35,5,40,71
07/28/2007,LMT,OR,ANM,WE,Federal Contract Tower,0,4,0,2,6,0,2,0,0,2,0,6,0,2,8,65,0,65,73
07/29/2007,LMT,OR,ANM,WE,Federal Contract Tower,0,5,5,1,11,0,0,0,0,0,0,5,5,1,11,46,0,46,57
07/30/2007,LMT,OR,ANM,WE,Federal Contract Tower,0,9,5,0,14,0,0,0,0,0,0,9,5,0,14,128,0,128,142
07/31/2007,LMT,OR,ANM,WE,Federal Contract Tower,0,7,6,19,32,0,0,0,0,0,0,7,6,19,32,40,33,73,105
08/01/2007,LMT,OR,ANM,WE,Federal Contract Tower,0,8,4,14,26,0,5,1,0,6,0,13,5,14,32,74,55,129,161
08/02/2007,LMT,OR,ANM,WE,Federal Contract Tower,0,8,10,17,35,0,14,2,0,16,0,22,12,17,51,53,28,81,132
08/03/2007,LMT,OR,ANM,WE,Federal Contract Tower,0,10,7,15,32,0,2,0,0,2,0,12,7,15,34,74,57,131,165
08/04/2007,LMT,OR,ANM,WE,Federal Contract Tower,0,6,0,5,11,0,0,0,0,0,0,6,0,5,11,51,0,51,62
08/05/2007,LMT,OR,ANM,WE,Federal Contract Tower,0,5,5,4,14,0,0,0,0,0,0,5,5,4,14,90,0,90,104
08/06/2007,LMT,OR,ANM,WE,Federal Contract Tower,0,10,10,28,48,0,1,0,0,1,0,11,10,28,49,77,71,148,197
08/07/2007,LMT,OR,ANM,WE,Federal Contract Tower,0,7,12,29,48,0,0,5,0,5,0,7,17,29,53,82,86,168,221
08/08/2007,LMT,OR,ANM,WE,Federal Contract Tower,0,11,9,72,92,0,3,0,0,3,0,14,9,72,95,84,93,177,272
08/09/2007,LMT,OR,ANM,WE,Federal Contract Tower,0,8,5,70,83,0,3,0,0,3,0,11,5,70,86,58,61,119,205
08/10/2007,LMT,OR,ANM,WE,Federal Contract Tower,0,12,6,72,90,0,4,0,0,4,0,16,6,72,94,59,146,205,299
08/11/2007,LMT,OR,ANM,WE,Federal Contract Tower,0,3,8,69,80,0,0,0,0,0,0,3,8,69,80,74,161,235,315
08/12/2007,LMT,OR,ANM,WE,Federal Contract Tower,0,4,10,20,34,0,0,0,0,0,0,4,10,20,34,60,20,80,114
08/13/2007,LMT,OR,ANM,WE,Federal Contract Tower,0,6,7,9,22,0,2,0,0,2,0,8,7,9,24,86,6,92,116
08/14/2007,LMT,OR,ANM,WE,Federal Contract Tower,0,7,3,18,28,0,2,0,0,2,0,9,3,18,30,42,81,123,153
08/15/2007,LMT,OR,ANM,WE,Federal Contract Tower,0,14,6,14,34,0,5,0,0,5,0,19,6,14,39,85,71,156,195
08/16/2007,LMT,OR,ANM,WE,Federal Contract Tower,0,10,4,29,43,0,3,0,0,3,0,13,4,29,46,83,92,175,221
08/17/2007,LMT,OR,ANM,WE,Federal Contract Tower,0,17,7,23,47,0,0,4,0,4,0,17,11,23,51,67,0,67,118
08/18/2007,LMT,OR,ANM,WE,Federal Contract Tower,0,3,6,2,11,0,2,0,0,2,0,5,6,2,13,72,7,79,92
08/19/2007,LMT,OR,ANM,WE,Federal Contract Tower,0,4,15,0,19,0,0,0,0,0,0,4,15,0,19,28,4,32,51
08/20/2007,LMT,OR,ANM,WE,Federal Contract Tower,0,6,13,39,58,0,4,0,0,4,0,10,13,39,62,59,55,114,176
08/21/2007,LMT,OR,ANM,WE,Federal Contract Tower,0,9,6,28,43,0,7,0,2,9,0,16,6,30,52,58,78,136,188
08/22/2007,LMT,OR,ANM,WE,Federal Contract Tower,0,10,5,22,37,0,5,0,1,6,0,15,5,23,43,77,52,129,172
08/23/2007,LMT,OR,ANM,WE,Federal Contract Tower,0,11,5,24,40,0,1,6,0,7,0,12,11,24,47,52,117,169,216
08/24/2007,LMT,OR,ANM,WE,Federal Contract Tower,0,11,5,11,27,0,3,31,1,35,0,14,36,12,62,106,24,130,192
08/25/2007,LMT,OR,ANM,WE,Federal Contract Tower,0,5,4,6,15,0,0,0,0,0,0,5,4,6,15,83,26,109,124
08/26/2007,LMT,OR,ANM,WE,Federal Contract Tower,0,5,7,0,12,0,0,0,0,0,0,5,7,0,12,74,0,74,86
08/27/2007,LMT,OR,ANM,WE,Federal Contract Tower,0,7,3,0,10,0,5,0,0,5,0,12,3,0,15,50,0,50,65
08/28/2007,LMT,OR,ANM,WE,Federal Contract Tower,0,14,3,24,41,0,0,0,0,0,0,14,3,24,41,55,41,96,137
08/29/2007,LMT,OR,ANM,WE,Federal Contract Tower,0,13,6,16,35,0,5,21,0,26,0,18,27,16,61,85,75,160,221
08/30/2007,LMT,OR,ANM,WE,Federal Contract Tower,0,15,8,33,56,0,4,0,0,4,0,19,8,33,60,81,83,164,224
08/31/2007,LMT,OR,ANM,WE,Federal Contract Tower,0,6,23,13,42,0,4,0,4,8,0,10,23,17,50,94,64,158,208
09/01/2007,LMT,OR,ANM,WE,Federal Contract Tower,0,3,2,0,5,0,1,0,0,1,0,4,2,0,6,114,3,117,123
09/02/2007,LMT,OR,ANM,WE,Federal Contract Tower,0,4,5,3,12,0,0,2,0,2,0,4,7,3,14,54,0,54,68
09/03/2007,LMT,OR,ANM,WE,Federal Contract Tower,0,6,8,2,16,0,0,0,0,0,0,6,8,2,16,56,8,64,80
09/04/2007,LMT,OR,ANM,WE,Federal Contract Tower,0,14,6,28,48,0,0,0,0,0,0,14,6,28,48,38,104,142,190
09/05/2007,LMT,OR,ANM,WE,Federal Contract Tower,0,12,12,22,46,0,6,0,0,6,0,18,12,22,52,50,71,121,173
09/06/2007,LMT,OR,ANM,WE,Federal Contract Tower,0,10,8,22,40,0,9,13,0,22,0,19,21,22,62,66,47,113,175
09/07/2007,LMT,OR,ANM,WE,Federal Contract Tower,0,10,2,10,22,0,4,0,0,4,0,14,2,10,26,77,50,127,153
09/08/2007,LMT,OR,ANM,WE,Federal Contract Tower,0,6,4,16,26,0,0,0,0,0,0,6,4,16,26,78,59,137,163
09/09/2007,LMT,OR,ANM,WE,Federal Contract Tower,0,6,7,12,25,0,0,0,0,0,0,6,7,12,25,55,44,99,124
09/10/2007,LMT,OR,ANM,WE,Federal Contract Tower,0,13,7,2,22,0,2,0,0,2,0,15,7,2,24,63,0,63,87
09/11/2007,LMT,OR,ANM,WE,Federal Contract Tower,0,9,5,24,38,0,1,10,0,11,0,10,15,24,49,58,101,159,208
09/12/2007,LMT,OR,ANM,WE,Federal Contract Tower,0,11,9,19,39,0,6,0,0,6,0,17,9,19,45,78,30,108,153
09/13/2007,LMT,OR,ANM,WE,Federal Contract Tower,0,14,9,21,44,0,3,0,0,3,0,17,9,21,47,90,65,155,202
09/14/2007,LMT,OR,ANM,WE,Federal Contract Tower,0,12,18,11,41,0,1,0,0,1,0,13,18,11,42,64,64,128,170
09/15/2007,LMT,OR,ANM,WE,Federal Contract Tower,0,6,4,0,10,0,0,0,0,0,0,6,4,0,10,39,0,39,49
09/16/2007,LMT,OR,ANM,WE,Federal Contract Tower,0,6,9,0,15,0,0,0,0,0,0,6,9,0,15,48,0,48,63
09/17/2007,LMT,OR,ANM,WE,Federal Contract Tower,0,7,13,18,38,0,2,0,0,2,0,9,13,18,40,46,40,86,126
09/18/2007,LMT,OR,ANM,WE,Federal Contract Tower,0,12,4,22,38,0,4,0,0,4,0,16,4,22,42,53,43,96,138
09/19/2007,LMT,OR,ANM,WE,Federal Contract Tower,0,18,10,23,51,0,1,0,0,1,0,19,10,23,52,7,18,25,77
09/20/2007,LMT,OR,ANM,WE,Federal Contract Tower,0,8,7,23,38,0,11,10,0,21,0,19,17,23,59,59,68,127,186
09/21/2007,LMT,OR,ANM,WE,Federal Contract Tower,0,7,3,13,23,0,7,0,0,7,0,14,3,13,30,49,17,66,96
09/22/2007,LMT,OR,ANM,WE,Federal Contract Tower,0,6,3,0,9,0,0,0,0,0,0,6,3,0,9,24,0,24,33
09/23/2007,LMT,OR,ANM,WE,Federal Contract Tower,0,7,4,0,11,0,0,0,0,0,0,7,4,0,11,57,4,61,72
09/24/2007,LMT,OR,ANM,WE,Federal Contract Tower,0,12,4,0,16,0,5,0,8,13,0,17,4,8,29,125,0,125,154
09/25/2007,LMT,OR,ANM,WE,Federal Contract Tower,0,12,4,17,33,0,6,0,0,6,0,18,4,17,39,34,39,73,112
09/26/2007,LMT,OR,ANM,WE,Federal Contract Tower,0,13,7,26,46,0,7,0,2,9,0,20,7,28,55,58,72,130,185
09/27/2007,LMT,OR,ANM,WE,Federal Contract Tower,0,10,10,9,29,0,6,0,0,6,0,16,10,9,35,70,0,70,105
09/28/2007,LMT,OR,ANM,WE,Federal Contract Tower,0,5,7,0,12,0,0,14,0,14,0,5,21,0,26,7,1,8,34
09/29/2007,LMT,OR,ANM,WE,Federal Contract Tower,0,10,8,0,18,0,0,0,0,0,0,10,8,0,18,96,0,96,114
09/30/2007,LMT,OR,ANM,WE,Federal Contract Tower,0,7,5,0,12,0,0,0,0,0,0,7,5,0,12,27,0,27,39
10/01/2007,LMT,OR,ANM,WE,Federal Contract Tower,0,10,12,26,48,0,5,0,0,5,0,15,12,26,53,41,80,121,174
10/02/2007,LMT,OR,ANM,WE,Federal Contract Tower,0,10,3,20,33,0,5,0,0,5,0,15,3,20,38,30,32,62,100
10/03/2007,LMT,OR,ANM,WE,Federal Contract Tower,0,12,5,21,38,0,9,1,6,16,0,21,6,27,54,31,83,114,168
10/04/2007,LMT,OR,ANM,WE,Federal Contract Tower,0,18,6,15,39,0,1,0,2,3,0,19,6,17,42,7,11,18,60
10/05/2007,LMT,OR,ANM,WE,Federal Contract Tower,0,10,10,1,21,0,0,1,0,1,0,10,11,1,22,31,1,32,54
10/06/2007,LMT,OR,ANM,WE,Federal Contract Tower,0,8,3,0,11,0,0,0,0,0,0,8,3,0,11,55,0,55,66
10/07/2007,LMT,OR,ANM,WE,Federal Contract Tower,0,6,9,0,15,0,0,1,0,1,0,6,10,0,16,72,0,72,88
10/08/2007,LMT,OR,ANM,WE,Federal Contract Tower,0,8,5,0,13,0,2,0,0,2,0,10,5,0,15,35,0,35,50
10/09/2007,LMT,OR,ANM,WE,Federal Contract Tower,0,10,9,14,33,0,3,1,0,4,0,13,10,14,37,23,22,45,82
10/10/2007,LMT,OR,ANM,WE,Federal Contract Tower,0,17,6,24,47,0,0,0,0,0,0,17,6,24,47,18,24,42,89
10/11/2007,LMT,OR,ANM,WE,Federal Contract Tower,0,11,14,21,46,0,2,0,0,2,0,13,14,21,48,35,39,74,122
10/12/2007,LMT,OR,ANM,WE,Federal Contract Tower,0,17,6,11,34,0,0,0,0,0,0,17,6,11,34,21,55,76,110
10/13/2007,LMT,OR,ANM,WE,Federal Contract Tower,0,4,4,0,8,0,0,0,0,0,0,4,4,0,8,34,1,35,43
10/14/2007,LMT,OR,ANM,WE,Federal Contract Tower,0,4,10,0,14,0,0,0,0,0,0,4,10,0,14,68,0,68,82
10/15/2007,LMT,OR,ANM,WE,Federal Contract Tower,0,9,16,18,43,0,0,7,0,7,0,9,23,18,50,18,30,48,98
10/16/2007,LMT,OR,ANM,WE,Federal Contract Tower,0,16,5,26,47,0,1,0,0,1,0,17,5,26,48,1,31,32,80
10/17/2007,LMT,OR,ANM,WE,Federal Contract Tower,0,17,7,22,46,0,0,0,0,0,0,17,7,22,46,8,28,36,82
10/18/2007,LMT,OR,ANM,WE,Federal Contract Tower,0,13,9,34,56,0,0,0,0,0,0,13,9,34,56,13,27,40,96
10/19/2007,LMT,OR,ANM,WE,Federal Contract Tower,0,19,8,12,39,0,0,1,0,1,0,19,9,12,40,7,0,7,47
10/20/2007,LMT,OR,ANM,WE,Federal Contract Tower,0,5,10,22,37,0,0,0,0,0,0,5,10,22,37,5,47,52,89
10/21/2007,LMT,OR,ANM,WE,Federal Contract Tower,0,6,9,0,15,0,1,0,0,1,0,7,9,0,16,44,0,44,60
10/22/2007,LMT,OR,ANM,WE,Federal Contract Tower,0,13,13,0,26,0,4,0,0,4,0,17,13,0,30,78,0,78,108
10/23/2007,LMT,OR,ANM,WE,Federal Contract Tower,0,12,6,24,42,0,2,1,0,3,0,14,7,24,45,49,33,82,127
10/24/2007,LMT,OR,ANM,WE,Federal Contract Tower,0,18,13,9,40,0,1,0,0,1,0,19,13,9,41,60,44,104,145
10/25/2007,LMT,OR,ANM,WE,Federal Contract Tower,0,14,15,20,49,0,1,1,0,2,0,15,16,20,51,35,35,70,121
10/26/2007,LMT,OR,ANM,WE,Federal Contract Tower,0,18,2,10,30,0,5,0,0,5,0,23,2,10,35,22,21,43,78
10/27/2007,LMT,OR,ANM,WE,Federal Contract Tower,0,7,3,0,10,0,2,0,0,2,0,9,3,0,12,49,0,49,61
10/28/2007,LMT,OR,ANM,WE,Federal Contract Tower,0,7,2,0,9,0,0,0,0,0,0,7,2,0,9,61,0,61,70
10/29/2007,LMT,OR,ANM,WE,Federal Contract Tower,0,12,0,18,30,0,0,0,0,0,0,12,0,18,30,50,21,71,101
10/30/2007,LMT,OR,ANM,WE,Federal Contract Tower,0,12,9,22,43,0,0,0,0,0,0,12,9,22,43,53,30,83,126
10/31/2007,LMT,OR,ANM,WE,Federal Contract Tower,0,12,8,18,38,0,5,0,0,5,0,17,8,18,43,42,40,82,125
11/01/2007,LMT,OR,ANM,WE,Federal Contract Tower,0,14,11,16,41,0,3,0,0,3,0,17,11,16,44,29,39,68,112
11/02/2007,LMT,OR,ANM,WE,Federal Contract Tower,0,11,6,9,26,0,5,5,0,10,0,16,11,9,36,45,20,65,101
11/03/2007,LMT,OR,ANM,WE,Federal Contract Tower,0,8,3,18,29,0,0,0,0,0,0,8,3,18,29,50,29,79,108
11/04/2007,LMT,OR,ANM,WE,Federal Contract Tower,0,7,9,4,20,0,0,15,0,15,0,7,24,4,35,28,0,28,63
11/05/2007,LMT,OR,ANM,WE,Federal Contract Tower,0,12,4,0,16,0,2,5,0,7,0,14,9,0,23,39,0,39,62
11/06/2007,LMT,OR,ANM,WE,Federal Contract Tower,0,20,5,0,25,0,1,1,0,2,0,21,6,0,27,55,0,55,82
11/07/2007,LMT,OR,ANM,WE,Federal Contract Tower,0,14,10,0,24,0,3,0,0,3,0,17,10,0,27,85,0,85,112
11/08/2007,LMT,OR,ANM,WE,Federal Contract Tower,0,13,23,0,36,0,3,0,0,3,0,16,23,0,39,36,0,36,75
11/09/2007,LMT,OR,ANM,WE,Federal Contract Tower,0,13,5,5,23,0,1,0,0,1,0,14,5,5,24,57,16,73,97
11/10/2007,LMT,OR,ANM,WE,Federal Contract Tower,0,8,2,0,10,0,0,0,0,0,0,8,2,0,10,8,0,8,18
11/11/2007,LMT,OR,ANM,WE,Federal Contract Tower,0,6,1,8,15,0,0,0,0,0,0,6,1,8,15,33,8,41,56
11/12/2007,LMT,OR,ANM,WE,Federal Contract Tower,0,10,6,0,16,0,0,0,0,0,0,10,6,0,16,7,2,9,25
11/13/2007,LMT,OR,ANM,WE,Federal Contract Tower,0,11,7,0,18,0,5,0,0,5,0,16,7,0,23,19,0,19,42
11/14/2007,LMT,OR,ANM,WE,Federal Contract Tower,0,15,10,3,28,0,5,0,0,5,0,20,10,3,33,34,1,35,68
11/15/2007,LMT,OR,ANM,WE,Federal Contract Tower,0,13,8,0,21,0,0,2,0,2,0,13,10,0,23,23,0,23,46
11/16/2007,LMT,OR,ANM,WE,Federal Contract Tower,0,14,8,0,22,0,1,0,0,1,0,15,8,0,23,3,0,3,26
11/17/2007,LMT,OR,ANM,WE,Federal Contract Tower,0,9,1,0,10,0,0,0,0,0,0,9,1,0,10,3,0,3,13
11/18/2007,LMT,OR,ANM,WE,Federal Contract Tower,0,6,4,1,11,0,0,0,0,0,0,6,4,1,11,20,6,26,37
11/19/2007,LMT,OR,ANM,WE,Federal Contract Tower,0,15,7,0,22,0,4,0,0,4,0,19,7,0,26,8,0,8,34
11/20/2007,LMT,OR,ANM,WE,Federal Contract Tower,0,13,3,3,19,0,1,0,0,1,0,14,3,3,20,48,8,56,76
11/21/2007,LMT,OR,ANM,WE,Federal Contract Tower,0,18,20,0,38,0,4,0,0,4,0,22,20,0,42,47,0,47,89
11/22/2007,LMT,OR,ANM,WE,Federal Contract Tower,0,6,1,0,7,0,0,0,0,0,0,6,1,0,7,26,0,26,33
11/23/2007,LMT,OR,ANM,WE,Federal Contract Tower,0,14,0,0,14,0,2,0,0,2,0,16,0,0,16,58,0,58,74
11/24/2007,LMT,OR,ANM,WE,Federal Contract Tower,0,8,5,0,13,0,0,0,0,0,0,8,5,0,13,38,0,38,51
11/25/2007,LMT,OR,ANM,WE,Federal Contract Tower,0,21,12,0,33,0,0,0,0,0,0,21,12,0,33,34,0,34,67
11/26/2007,LMT,OR,ANM,WE,Federal Contract Tower,0,12,12,2,26,0,0,0,0,0,0,12,12,2,26,26,15,41,67
11/27/2007,LMT,OR,ANM,WE,Federal Contract Tower,0,9,8,3,20,0,3,0,0,3,0,12,8,3,23,36,6,42,65
11/28/2007,LMT,OR,ANM,WE,Federal Contract Tower,0,16,21,2,39,0,2,0,0,2,0,18,21,2,41,22,0,22,63
11/29/2007,LMT,OR,ANM,WE,Federal Contract Tower,0,22,5,2,29,0,8,1,0,9,0,30,6,2,38,31,0,31,69
11/30/2007,LMT,OR,ANM,WE,Federal Contract Tower,0,18,6,2,26,0,3,0,2,5,0,21,6,4,31,16,26,42,73
12/01/2007,LMT,OR,ANM,WE,Federal Contract Tower,0,8,0,0,8,0,2,0,0,2,0,10,0,0,10,45,0,45,55
12/02/2007,LMT,OR,ANM,WE,Federal Contract Tower,0,9,3,0,12,0,0,1,0,1,0,9,4,0,13,0,0,0,13
12/03/2007,LMT,OR,ANM,WE,Federal Contract Tower,0,11,11,0,22,0,0,0,0,0,0,11,11,0,22,2,0,2,24
12/04/2007,LMT,OR,ANM,WE,Federal Contract Tower,0,14,9,0,23,0,2,1,0,3,0,16,10,0,26,8,0,8,34
12/05/2007,LMT,OR,ANM,WE,Federal Contract Tower,0,6,9,0,15,0,0,0,0,0,0,6,9,0,15,0,0,0,15
12/06/2007,LMT,OR,ANM,WE,Federal Contract Tower,0,12,5,0,17,0,5,0,0,5,0,17,5,0,22,2,0,2,24
12/07/2007,LMT,OR,ANM,WE,Federal Contract Tower,0,15,14,0,29,0,2,2,0,4,0,17,16,0,33,2,0,2,35
12/08/2007,LMT,OR,ANM,WE,Federal Contract Tower,0,9,5,0,14,0,0,0,0,0,0,9,5,0,14,14,0,14,28
12/09/2007,LMT,OR,ANM,WE,Federal Contract Tower,0,8,2,0,10,0,0,0,0,0,0,8,2,0,10,32,0,32,42
12/10/2007,LMT,OR,ANM,WE,Federal Contract Tower,0,11,6,0,17,0,0,3,0,3,0,11,9,0,20,17,0,17,37
12/11/2007,LMT,OR,ANM,WE,Federal Contract Tower,0,15,5,0,20,0,1,1,0,2,0,16,6,0,22,31,0,31,53
12/12/2007,LMT,OR,ANM,WE,Federal Contract Tower,0,20,3,0,23,0,1,1,0,2,0,21,4,0,25,29,2,31,56
12/13/2007,LMT,OR,ANM,WE,Federal Contract Tower,0,20,2,1,23,0,1,1,0,2,0,21,3,1,25,31,0,31,56
12/14/2007,LMT,OR,ANM,WE,Federal Contract Tower,0,17,5,0,22,0,1,0,0,1,0,18,5,0,23,32,0,32,55
12/15/2007,LMT,OR,ANM,WE,Federal Contract Tower,0,11,6,2,19,0,0,1,0,1,0,11,7,2,20,0,0,0,20
12/16/2007,LMT,OR,ANM,WE,Federal Contract Tower,0,8,6,0,14,0,0,0,0,0,0,8,6,0,14,11,0,11,25
12/17/2007,LMT,OR,ANM,WE,Federal Contract Tower,0,20,6,0,26,0,0,0,0,0,0,20,6,0,26,6,0,6,32
12/18/2007,LMT,OR,ANM,WE,Federal Contract Tower,0,16,10,0,26,0,1,0,0,1,0,17,10,0,27,3,0,3,30
12/19/2007,LMT,OR,ANM,WE,Federal Contract Tower,0,20,8,0,28,0,0,0,0,0,0,20,8,0,28,1,0,1,29
12/20/2007,LMT,OR,ANM,WE,Federal Contract Tower,0,22,3,0,25,0,0,0,0,0,0,22,3,0,25,4,0,4,29
12/21/2007,LMT,OR,ANM,WE,Federal Contract Tower,0,20,9,2,31,0,2,0,0,2,0,22,9,2,33,16,0,16,49
12/22/2007,LMT,OR,ANM,WE,Federal Contract Tower,0,15,3,0,18,0,0,0,0,0,0,15,3,0,18,15,0,15,33
12/23/2007,LMT,OR,ANM,WE,Federal Contract Tower,0,7,3,0,10,0,0,0,0,0,0,7,3,0,10,1,0,1,11
12/24/2007,LMT,OR,ANM,WE,Federal Contract Tower,0,11,1,0,12,0,4,0,0,4,0,15,1,0,16,4,0,4,20
12/25/2007,LMT,OR,ANM,WE,Federal Contract Tower,0,6,0,0,6,0,0,0,0,0,0,6,0,0,6,17,0,17,23
12/26/2007,LMT,OR,ANM,WE,Federal Contract Tower,0,13,1,0,14,0,2,1,0,3,0,15,2,0,17,8,0,8,25
12/27/2007,LMT,OR,ANM,WE,Federal Contract Tower,0,16,7,0,23,0,0,0,0,0,0,16,7,0,23,0,0,0,23
12/28/2007,LMT,OR,ANM,WE,Federal Contract Tower,0,16,11,0,27,0,0,0,0,0,0,16,11,0,27,0,0,0,27
12/29/2007,LMT,OR,ANM,WE,Federal Contract Tower,0,11,3,0,14,0,0,0,0,0,0,11,3,0,14,0,0,0,14
12/30/2007,LMT,OR,ANM,WE,Federal Contract Tower,0,8,1,0,9,0,0,0,0,0,0,8,1,0,9,3,1,4,13
12/31/2007,LMT,OR,ANM,WE,Federal Contract Tower,0,10,2,0,12,0,1,0,0,1,0,11,2,0,13,50,0,50,63
01/01/2008,LMT,OR,ANM,WE,Federal Contract Tower,0,5,3,0,8,0,0,0,0,0,0,5,3,0,8,30,0,30,38
01/02/2008,LMT,OR,ANM,WE,Federal Contract Tower,0,16,5,0,21,0,2,0,0,2,0,18,5,0,23,15,0,15,38
01/03/2008,LMT,OR,ANM,WE,Federal Contract Tower,0,13,1,0,14,0,1,0,0,1,0,14,1,0,15,0,0,0,15
01/04/2008,LMT,OR,ANM,WE,Federal Contract Tower,0,17,1,0,18,0,0,0,0,0,0,17,1,0,18,0,0,0,18
01/05/2008,LMT,OR,ANM,WE,Federal Contract Tower,0,8,1,0,9,0,0,0,0,0,0,8,1,0,9,0,0,0,9
01/06/2008,LMT,OR,ANM,WE,Federal Contract Tower,0,6,2,0,8,0,0,0,0,0,0,6,2,0,8,19,0,19,27
01/07/2008,LMT,OR,ANM,WE,Federal Contract Tower,0,16,4,0,20,0,2,0,0,2,0,18,4,0,22,12,0,12,34
01/08/2008,LMT,OR,ANM,WE,Federal Contract Tower,0,12,1,0,13,0,0,0,0,0,0,12,1,0,13,0,0,0,13
01/09/2008,LMT,OR,ANM,WE,Federal Contract Tower,0,15,5,4,24,0,5,0,0,5,0,20,5,4,29,7,13,20,49
01/10/2008,LMT,OR,ANM,WE,Federal Contract Tower,0,13,7,4,24,0,1,0,0,1,0,14,7,4,25,4,46,50,75
01/11/2008,LMT,OR,ANM,WE,Federal Contract Tower,0,14,7,12,33,0,1,4,0,5,0,15,11,12,38,9,26,35,73
01/12/2008,LMT,OR,ANM,WE,Federal Contract Tower,0,9,0,13,22,0,0,0,0,0,0,9,0,13,22,8,20,28,50
01/13/2008,LMT,OR,ANM,WE,Federal Contract Tower,0,9,2,8,19,0,0,0,0,0,0,9,2,8,19,7,0,7,26
01/14/2008,LMT,OR,ANM,WE,Federal Contract Tower,0,16,5,0,21,0,0,0,0,0,0,16,5,0,21,10,0,10,31
01/15/2008,LMT,OR,ANM,WE,Federal Contract Tower,0,12,3,5,20,0,2,0,0,2,0,14,3,5,22,43,27,70,92
01/16/2008,LMT,OR,ANM,WE,Federal Contract Tower,0,17,11,12,40,0,7,0,2,9,0,24,11,14,49,60,12,72,121
01/17/2008,LMT,OR,ANM,WE,Federal Contract Tower,0,15,5,8,28,0,3,0,0,3,0,18,5,8,31,42,16,58,89
01/18/2008,LMT,OR,ANM,WE,Federal Contract Tower,0,9,6,6,21,0,5,0,0,5,0,14,6,6,26,47,10,57,83
01/19/2008,LMT,OR,ANM,WE,Federal Contract Tower,0,9,4,0,13,0,5,0,0,5,0,14,4,0,18,48,2,50,68
01/20/2008,LMT,OR,ANM,WE,Federal Contract Tower,0,5,0,0,5,0,0,0,0,0,0,5,0,0,5,31,0,31,36
01/21/2008,LMT,OR,ANM,WE,Federal Contract Tower,0,11,7,0,18,0,0,0,0,0,0,11,7,0,18,2,2,4,22
01/22/2008,LMT,OR,ANM,WE,Federal Contract Tower,0,11,7,7,25,0,3,0,0,3,0,14,7,7,28,23,11,34,62
01/23/2008,LMT,OR,ANM,WE,Federal Contract Tower,0,13,6,1,20,0,8,0,2,10,0,21,6,3,30,14,16,30,60
01/24/2008,LMT,OR,ANM,WE,Federal Contract Tower,0,17,2,0,19,0,1,0,0,1,0,18,2,0,20,0,0,0,20
01/25/2008,LMT,OR,ANM,WE,Federal Contract Tower,0,15,4,3,22,0,4,0,0,4,0,19,4,3,26,5,15,20,46
01/26/2008,LMT,OR,ANM,WE,Federal Contract Tower,0,9,3,0,12,0,1,0,0,1,0,10,3,0,13,3,0,3,16
01/27/2008,LMT,OR,ANM,WE,Federal Contract Tower,0,4,3,0,7,0,0,0,0,0,0,4,3,0,7,0,0,0,7
01/28/2008,LMT,OR,ANM,WE,Federal Contract Tower,0,18,4,0,22,0,1,0,0,1,0,19,4,0,23,0,0,0,23
01/29/2008,LMT,OR,ANM,WE,Federal Contract Tower,0,11,3,0,14,0,1,0,0,1,0,12,3,0,15,0,0,0,15
01/30/2008,LMT,OR,ANM,WE,Federal Contract Tower,0,15,4,8,27,0,0,0,0,0,0,15,4,8,27,0,0,0,27
01/31/2008,LMT,OR,ANM,WE,Federal Contract Tower,0,1,2,0,3,0,0,0,0,0,0,1,2,0,3,0,0,0,3
02/01/2008,LMT,OR,ANM,WE,Federal Contract Tower,0,14,5,0,19,0,0,0,0,0,0,14,5,0,19,0,0,0,19
02/02/2008,LMT,OR,ANM,WE,Federal Contract Tower,0,5,0,0,5,0,0,0,0,0,0,5,0,0,5,0,0,0,5
02/03/2008,LMT,OR,ANM,WE,Federal Contract Tower,0,7,4,0,11,0,0,0,0,0,0,7,4,0,11,3,0,3,14
02/04/2008,LMT,OR,ANM,WE,Federal Contract Tower,0,10,2,4,16,0,3,0,0,3,0,13,2,4,19,11,25,36,55
02/05/2008,LMT,OR,ANM,WE,Federal Contract Tower,0,15,4,8,27,0,4,0,0,4,0,19,4,8,31,10,39,49,80
02/06/2008,LMT,OR,ANM,WE,Federal Contract Tower,0,13,5,16,34,0,3,0,0,3,0,16,5,16,37,14,10,24,61
02/07/2008,LMT,OR,ANM,WE,Federal Contract Tower,0,10,4,9,23,0,0,0,0,0,0,10,4,9,23,2,16,18,41
02/08/2008,LMT,OR,ANM,WE,Federal Contract Tower,0,15,2,16,33,0,1,0,6,7,0,16,2,22,40,5,24,29,69
02/09/2008,LMT,OR,ANM,WE,Federal Contract Tower,0,6,3,10,19,0,0,1,0,1,0,6,4,10,20,39,18,57,77
02/10/2008,LMT,OR,ANM,WE,Federal Contract Tower,0,4,2,6,12,0,0,0,0,0,0,4,2,6,12,21,6,27,39
02/11/2008,LMT,OR,ANM,WE,Federal Contract Tower,0,11,7,0,18,0,4,0,0,4,0,15,7,0,22,72,0,72,94
02/12/2008,LMT,OR,ANM,WE,Federal Contract Tower,0,8,17,4,29,0,0,2,0,2,0,8,19,4,31,65,24,89,120
02/13/2008,LMT,OR,ANM,WE,Federal Contract Tower,0,17,3,12,32,0,5,0,4,9,0,22,3,16,41,29,6,35,76
02/14/2008,LMT,OR,ANM,WE,Federal Contract Tower,0,10,0,6,16,0,3,0,0,3,0,13,0,6,19,27,48,75,94
02/15/2008,LMT,OR,ANM,WE,Federal Contract Tower,0,12,6,6,24,0,4,5,0,9,0,16,11,6,33,55,22,77,110
02/16/2008,LMT,OR,ANM,WE,Federal Contract Tower,0,8,2,0,10,0,0,0,0,0,0,8,2,0,10,76,0,76,86
02/17/2008,LMT,OR,ANM,WE,Federal Contract Tower,0,9,3,0,12,0,0,0,0,0,0,9,3,0,12,89,0,89,101
02/18/2008,LMT,OR,ANM,WE,Federal Contract Tower,0,10,6,0,16,0,1,0,0,1,0,11,6,0,17,104,0,104,121
02/19/2008,LMT,OR,ANM,WE,Federal Contract Tower,0,17,3,15,35,0,1,0,0,1,0,18,3,15,36,24,23,47,83
02/20/2008,LMT,OR,ANM,WE,Federal Contract Tower,0,20,7,25,52,0,0,0,0,0,0,20,7,25,52,12,44,56,108
02/21/2008,LMT,OR,ANM,WE,Federal Contract Tower,0,19,6,17,42,0,1,0,0,1,0,20,6,17,43,4,10,14,57
02/22/2008,LMT,OR,ANM,WE,Federal Contract Tower,0,18,4,11,33,0,1,1,0,2,0,19,5,11,35,0,0,0,35
02/23/2008,LMT,OR,ANM,WE,Federal Contract Tower,0,7,5,0,12,0,2,0,0,2,0,9,5,0,14,8,0,8,22
02/24/2008,LMT,OR,ANM,WE,Federal Contract Tower,0,8,6,0,14,0,0,0,0,0,0,8,6,0,14,1,0,1,15
02/25/2008,LMT,OR,ANM,WE,Federal Contract Tower,0,10,18,1,29,0,0,3,0,3,0,10,21,1,32,44,1,45,77
02/26/2008,LMT,OR,ANM,WE,Federal Contract Tower,0,9,8,24,41,0,1,0,0,1,0,10,8,24,42,20,55,75,117
02/27/2008,LMT,OR,ANM,WE,Federal Contract Tower,0,14,4,14,32,0,3,0,0,3,0,17,4,14,35,54,59,113,148
02/28/2008,LMT,OR,ANM,WE,Federal Contract Tower,0,11,9,16,36,0,4,0,0,4,0,15,9,16,40,30,41,71,111
02/29/2008,LMT,OR,ANM,WE,Federal Contract Tower,0,14,7,11,32,0,1,0,0,1,0,15,7,11,33,74,35,109,142
03/01/2008,LMT,OR,ANM,WE,Federal Contract Tower,0,10,6,0,16,0,0,0,0,0,0,10,6,0,16,8,0,8,24
03/02/2008,LMT,OR,ANM,WE,Federal Contract Tower,0,7,9,0,16,0,0,0,0,0,0,7,9,0,16,75,0,75,91
03/03/2008,LMT,OR,ANM,WE,Federal Contract Tower,0,11,10,14,35,0,0,2,0,2,0,11,12,14,37,20,18,38,75
03/04/2008,LMT,OR,ANM,WE,Federal Contract Tower,0,12,10,15,37,0,4,0,0,4,0,16,10,15,41,35,24,59,100
03/05/2008,LMT,OR,ANM,WE,Federal Contract Tower,0,18,5,21,44,0,2,0,1,3,0,20,5,22,47,52,30,82,129
03/06/2008,LMT,OR,ANM,WE,Federal Contract Tower,0,11,11,15,37,0,1,0,0,1,0,12,11,15,38,39,34,73,111
03/07/2008,LMT,OR,ANM,WE,Federal Contract Tower,0,20,3,10,33,0,3,1,0,4,0,23,4,10,37,38,16,54,91
03/08/2008,LMT,OR,ANM,WE,Federal Contract Tower,0,5,2,15,22,0,1,0,0,1,0,6,2,15,23,67,32,99,122
03/09/2008,LMT,OR,ANM,WE,Federal Contract Tower,0,5,0,8,13,0,0,0,0,0,0,5,0,8,13,29,12,41,54
03/10/2008,LMT,OR,ANM,WE,Federal Contract Tower,0,14,2,2,18,0,3,6,0,9,0,17,8,2,27,21,0,21,48
03/11/2008,LMT,OR,ANM,WE,Federal Contract Tower,0,13,4,26,43,0,3,1,0,4,0,16,5,26,47,47,28,75,122
03/12/2008,LMT,OR,ANM,WE,Federal Contract Tower,0,20,2,30,52,0,5,0,0,5,0,25,2,30,57,24,0,24,81
03/13/2008,LMT,OR,ANM,WE,Federal Contract Tower,0,13,6,27,46,0,4,0,0,4,0,17,6,27,50,8,47,55,105
03/14/2008,LMT,OR,ANM,WE,Federal Contract Tower,0,15,5,19,39,0,0,0,0,0,0,15,5,19,39,22,31,53,92
03/15/2008,LMT,OR,ANM,WE,Federal Contract Tower,0,9,0,0,9,0,0,0,0,0,0,9,0,0,9,0,0,0,9
03/16/2008,LMT,OR,ANM,WE,Federal Contract Tower,0,6,7,6,19,0,1,1,0,2,0,7,8,6,21,58,7,65,86
03/17/2008,LMT,OR,ANM,WE,Federal Contract Tower,0,17,2,37,56,0,1,0,0,1,0,18,2,37,57,48,30,78,135
03/18/2008,LMT,OR,ANM,WE,Federal Contract Tower,0,11,6,36,53,0,1,0,0,1,0,12,6,36,54,4,34,38,92
03/19/2008,LMT,OR,ANM,WE,Federal Contract Tower,0,23,7,53,83,0,1,0,1,2,0,24,7,54,85,10,23,33,118
03/20/2008,LMT,OR,ANM,WE,Federal Contract Tower,0,16,6,49,71,0,0,0,0,0,0,16,6,49,71,48,16,64,135
03/21/2008,LMT,OR,ANM,WE,Federal Contract Tower,0,14,5,7,26,0,5,0,0,5,0,19,5,7,31,31,33,64,95
03/22/2008,LMT,OR,ANM,WE,Federal Contract Tower,0,9,3,0,12,0,0,0,0,0,0,9,3,0,12,84,0,84,96
03/23/2008,LMT,OR,ANM,WE,Federal Contract Tower,0,6,0,0,6,0,0,0,0,0,0,6,0,0,6,37,0,37,43
03/24/2008,LMT,OR,ANM,WE,Federal Contract Tower,0,15,5,0,20,0,1,0,0,1,0,16,5,0,21,0,0,0,21
03/25/2008,LMT,OR,ANM,WE,Federal Contract Tower,0,19,9,26,54,0,3,0,0,3,0,22,9,26,57,10,12,22,79
03/26/2008,LMT,OR,ANM,WE,Federal Contract Tower,0,21,6,0,27,0,0,0,12,12,0,21,6,12,39,0,4,4,43
03/27/2008,LMT,OR,ANM,WE,Federal Contract Tower,0,13,2,6,21,0,0,0,8,8,0,13,2,14,29,31,16,47,76
03/28/2008,LMT,OR,ANM,WE,Federal Contract Tower,0,18,4,15,37,0,0,0,1,1,0,18,4,16,38,0,6,6,44
03/29/2008,LMT,OR,ANM,WE,Federal Contract Tower,0,8,1,0,9,0,0,0,0,0,0,8,1,0,9,103,0,103,112
03/30/2008,LMT,OR,ANM,WE,Federal Contract Tower,0,6,7,0,13,0,0,0,0,0,0,6,7,0,13,43,0,43,56
03/31/2008,LMT,OR,ANM,WE,Federal Contract Tower,0,9,4,20,33,0,0,0,0,0,0,9,4,20,33,73,80,153,186
04/01/2008,LMT,OR,ANM,WE,Federal Contract Tower,0,11,5,23,39,0,3,0,0,3,0,14,5,23,42,47,56,103,145
04/02/2008,LMT,OR,ANM,WE,Federal Contract Tower,0,14,7,35,56,0,0,0,0,0,0,14,7,35,56,91,35,126,182
04/03/2008,LMT,OR,ANM,WE,Federal Contract Tower,0,7,9,40,56,0,0,0,0,0,0,7,9,40,56,74,64,138,194
04/04/2008,LMT,OR,ANM,WE,Federal Contract Tower,0,19,1,15,35,0,0,0,0,0,0,19,1,15,35,91,36,127,162
04/05/2008,LMT,OR,ANM,WE,Federal Contract Tower,0,10,4,27,41,0,0,0,0,0,0,10,4,27,41,22,26,48,89
04/06/2008,LMT,OR,ANM,WE,Federal Contract Tower,0,5,8,11,24,0,0,0,0,0,0,5,8,11,24,37,48,85,109
04/07/2008,LMT,OR,ANM,WE,Federal Contract Tower,0,10,1,0,11,0,1,0,0,1,0,11,1,0,12,55,0,55,67
04/08/2008,LMT,OR,ANM,WE,Federal Contract Tower,0,15,1,26,42,0,0,0,0,0,0,15,1,26,42,7,53,60,102
04/09/2008,LMT,OR,ANM,WE,Federal Contract Tower,0,18,2,24,44,0,0,0,0,0,0,18,2,24,44,19,32,51,95
04/10/2008,LMT,OR,ANM,WE,Federal Contract Tower,0,10,9,23,42,0,5,0,0,5,0,15,9,23,47,53,42,95,142
04/11/2008,LMT,OR,ANM,WE,Federal Contract Tower,0,5,7,10,22,0,6,0,1,7,0,11,7,11,29,61,0,61,90
04/12/2008,LMT,OR,ANM,WE,Federal Contract Tower,0,4,1,0,5,0,2,0,0,2,0,6,1,0,7,51,0,51,58
04/13/2008,LMT,OR,ANM,WE,Federal Contract Tower,0,4,7,0,11,0,0,0,0,0,0,4,7,0,11,79,0,79,90
04/14/2008,LMT,OR,ANM,WE,Federal Contract Tower,0,23,8,29,60,0,2,0,5,7,0,25,8,34,67,14,47,61,128
04/15/2008,LMT,OR,ANM,WE,Federal Contract Tower,0,10,6,37,53,0,3,0,0,3,0,13,6,37,56,24,45,69,125
04/16/2008,LMT,OR,ANM,WE,Federal Contract Tower,0,8,13,25,46,0,0,0,0,0,0,8,13,25,46,42,36,78,124
04/17/2008,LMT,OR,ANM,WE,Federal Contract Tower,0,8,8,25,41,0,4,0,0,4,0,12,8,25,45,75,48,123,168
04/18/2008,LMT,OR,ANM,WE,Federal Contract Tower,0,11,4,10,25,0,8,0,0,8,0,19,4,10,33,19,34,53,86
04/19/2008,LMT,OR,ANM,WE,Federal Contract Tower,0,9,6,0,15,0,1,0,0,1,0,10,6,0,16,8,0,8,24
04/20/2008,LMT,OR,ANM,WE,Federal Contract Tower,0,5,5,0,10,0,0,0,0,0,0,5,5,0,10,0,0,0,10
04/21/2008,LMT,OR,ANM,WE,Federal Contract Tower,0,12,0,0,12,0,2,0,0,2,0,14,0,0,14,22,0,22,36
04/22/2008,LMT,OR,ANM,WE,Federal Contract Tower,0,15,7,33,55,0,0,0,0,0,0,15,7,33,55,5,11,16,71
04/23/2008,LMT,OR,ANM,WE,Federal Contract Tower,0,15,6,22,43,0,0,0,0,0,0,15,6,22,43,8,44,52,95
04/24/2008,LMT,OR,ANM,WE,Federal Contract Tower,0,9,6,18,33,0,2,0,0,2,0,11,6,18,35,35,41,76,111
04/25/2008,LMT,OR,ANM,WE,Federal Contract Tower,0,12,6,18,36,0,3,1,0,4,0,15,7,18,40,38,34,72,112
04/26/2008,LMT,OR,ANM,WE,Federal Contract Tower,0,4,3,0,7,0,0,0,0,0,0,4,3,0,7,74,0,74,81
04/27/2008,LMT,OR,ANM,WE,Federal Contract Tower,0,4,6,0,10,0,0,0,0,0,0,4,6,0,10,81,0,81,91
04/28/2008,LMT,OR,ANM,WE,Federal Contract Tower,0,8,6,18,32,0,8,0,0,8,0,16,6,18,40,15,34,49,89
04/29/2008,LMT,OR,ANM,WE,Federal Contract Tower,0,18,6,39,63,0,1,0,0,1,0,19,6,39,64,0,1,1,65
04/30/2008,LMT,OR,ANM,WE,Federal Contract Tower,0,12,6,30,48,0,0,1,0,1,0,12,7,30,49,20,33,53,102
05/01/2008,LMT,OR,ANM,WE,Federal Contract Tower,0,12,6,18,36,0,1,9,0,10,0,13,15,18,46,41,37,78,124
05/02/2008,LMT,OR,ANM,WE,Federal Contract Tower,0,12,5,11,28,0,8,2,2,12,0,20,7,13,40,89,16,105,145
05/03/2008,LMT,OR,ANM,WE,Federal Contract Tower,0,6,0,0,6,0,0,0,0,0,0,6,0,0,6,46,0,46,52
05/04/2008,LMT,OR,ANM,WE,Federal Contract Tower,0,4,2,0,6,0,0,0,0,0,0,4,2,0,6,36,0,36,42
05/05/2008,LMT,OR,ANM,WE,Federal Contract Tower,0,11,4,0,15,0,5,0,0,5,0,16,4,0,20,62,0,62,82
05/06/2008,LMT,OR,ANM,WE,Federal Contract Tower,0,13,11,0,24,0,9,11,0,20,0,22,22,0,44,42,0,42,86
05/07/2008,LMT,OR,ANM,WE,Federal Contract Tower,0,10,4,12,26,0,3,0,0,3,0,13,4,12,29,30,22,52,81
05/08/2008,LMT,OR,ANM,WE,Federal Contract Tower,0,11,0,6,17,0,0,0,0,0,0,11,0,6,17,21,21,42,59
05/09/2008,LMT,OR,ANM,WE,Federal Contract Tower,0,7,6,4,17,0,7,1,0,8,0,14,7,4,25,56,24,80,105
05/10/2008,LMT,OR,ANM,WE,Federal Contract Tower,0,4,2,4,10,0,1,0,0,1,0,5,2,4,11,54,0,54,65
05/11/2008,LMT,OR,ANM,WE,Federal Contract Tower,0,6,4,0,10,0,0,0,0,0,0,6,4,0,10,32,0,32,42
05/12/2008,LMT,OR,ANM,WE,Federal Contract Tower,0,13,6,18,37,0,6,0,0,6,0,19,6,18,43,21,16,37,80
05/13/2008,LMT,OR,ANM,WE,Federal Contract Tower,0,14,5,33,52,0,3,0,0,3,0,17,5,33,55,29,59,88,143
05/14/2008,LMT,OR,ANM,WE,Federal Contract Tower,0,11,3,39,53,0,3,0,0,3,0,14,3,39,56,54,42,96,152
05/15/2008,LMT,OR,ANM,WE,Federal Contract Tower,0,6,7,30,43,0,2,1,0,3,0,8,8,30,46,42,24,66,112
05/16/2008,LMT,OR,ANM,WE,Federal Contract Tower,0,6,2,9,17,0,9,1,0,10,0,15,3,9,27,41,27,68,95
05/17/2008,LMT,OR,ANM,WE,Federal Contract Tower,0,4,3,15,22,0,4,0,0,4,0,8,3,15,26,68,27,95,121
05/18/2008,LMT,OR,ANM,WE,Federal Contract Tower,0,5,10,11,26,0,0,0,1,1,0,5,10,12,27,40,32,72,99
05/19/2008,LMT,OR,ANM,WE,Federal Contract Tower,0,11,2,0,13,0,2,0,0,2,0,13,2,0,15,43,0,43,58
05/20/2008,LMT,OR,ANM,WE,Federal Contract Tower,0,13,10,30,53,0,4,0,0,4,0,17,10,30,57,30,20,50,107
05/21/2008,LMT,OR,ANM,WE,Federal Contract Tower,0,12,1,12,25,0,2,0,0,2,0,14,1,12,27,13,20,33,60
05/22/2008,LMT,OR,ANM,WE,Federal Contract Tower,0,11,2,17,30,0,1,0,0,1,0,12,2,17,31,17,48,65,96
05/23/2008,LMT,OR,ANM,WE,Federal Contract Tower,0,18,16,41,75,0,0,0,0,0,0,18,16,41,75,25,0,25,100
05/24/2008,LMT,OR,ANM,WE,Federal Contract Tower,0,7,5,0,12,0,0,0,0,0,0,7,5,0,12,41,0,41,53
05/25/2008,LMT,OR,ANM,WE,Federal Contract Tower,0,3,1,0,4,0,0,0,0,0,0,3,1,0,4,13,2,15,19
05/26/2008,LMT,OR,ANM,WE,Federal Contract Tower,0,6,8,5,19,0,0,0,0,0,0,6,8,5,19,17,20,37,56
05/27/2008,LMT,OR,ANM,WE,Federal Contract Tower,0,15,8,34,57,0,0,0,0,0,0,15,8,34,57,6,3,9,66
05/28/2008,LMT,OR,ANM,WE,Federal Contract Tower,0,20,7,29,56,0,0,0,0,0,0,20,7,29,56,0,0,0,56
05/29/2008,LMT,OR,ANM,WE,Federal Contract Tower,0,13,6,26,45,0,0,0,0,0,0,13,6,26,45,2,2,4,49
05/30/2008,LMT,OR,ANM,WE,Federal Contract Tower,0,14,14,7,35,0,1,0,0,1,0,15,14,7,36,14,15,29,65
05/31/2008,LMT,OR,ANM,WE,Federal Contract Tower,0,6,0,2,8,0,1,0,0,1,0,7,0,2,9,67,4,71,80
06/01/2008,LMT,OR,ANM,WE,Federal Contract Tower,0,5,6,0,11,0,0,0,0,0,0,5,6,0,11,22,0,22,33
06/02/2008,LMT,OR,ANM,WE,Federal Contract Tower,0,11,4,0,15,0,1,0,0,1,0,12,4,0,16,52,0,52,68
06/03/2008,LMT,OR,ANM,WE,Federal Contract Tower,0,18,8,30,56,0,0,0,0,0,0,18,8,30,56,4,8,12,68
06/04/2008,LMT,OR,ANM,WE,Federal Contract Tower,0,18,3,30,51,0,0,0,0,0,0,18,3,30,51,12,44,56,107
06/05/2008,LMT,OR,ANM,WE,Federal Contract Tower,0,10,3,18,31,0,7,0,0,7,0,17,3,18,38,26,26,52,90
06/06/2008,LMT,OR,ANM,WE,Federal Contract Tower,0,18,5,24,47,0,0,0,0,0,0,18,5,24,47,43,46,89,136
06/07/2008,LMT,OR,ANM,WE,Federal Contract Tower,0,5,5,0,10,0,1,0,0,1,0,6,5,0,11,61,0,61,72
06/08/2008,LMT,OR,ANM,WE,Federal Contract Tower,0,5,3,0,8,0,0,0,0,0,0,5,3,0,8,56,0,56,64
06/09/2008,LMT,OR,ANM,WE,Federal Contract Tower,0,11,4,29,44,0,0,0,0,0,0,11,4,29,44,27,29,56,100
06/10/2008,LMT,OR,ANM,WE,Federal Contract Tower,0,12,13,22,47,0,0,0,0,0,0,12,13,22,47,39,47,86,133
06/11/2008,LMT,OR,ANM,WE,Federal Contract Tower,0,12,15,29,56,0,0,0,0,0,0,12,15,29,56,116,23,139,195
06/12/2008,LMT,OR,ANM,WE,Federal Contract Tower,0,12,9,26,47,0,0,0,0,0,0,12,9,26,47,94,56,150,197
06/13/2008,LMT,OR,ANM,WE,Federal Contract Tower,0,14,3,22,39,0,1,0,0,1,0,15,3,22,40,69,17,86,126
06/14/2008,LMT,OR,ANM,WE,Federal Contract Tower,0,3,1,0,4,0,0,0,0,0,0,3,1,0,4,43,0,43,47
06/15/2008,LMT,OR,ANM,WE,Federal Contract Tower,0,4,0,0,4,0,0,0,0,0,0,4,0,0,4,45,0,45,49
06/16/2008,LMT,OR,ANM,WE,Federal Contract Tower,0,6,1,0,7,0,2,0,0,2,0,8,1,0,9,80,0,80,89
06/17/2008,LMT,OR,ANM,WE,Federal Contract Tower,0,5,5,18,28,0,2,4,0,6,0,7,9,18,34,102,45,147,181
06/18/2008,LMT,OR,ANM,WE,Federal Contract Tower,0,7,11,20,38,0,0,0,0,0,0,7,11,20,38,143,50,193,231
06/19/2008,LMT,OR,ANM,WE,Federal Contract Tower,0,6,11,21,38,0,0,0,0,0,0,6,11,21,38,71,62,133,171
06/20/2008,LMT,OR,ANM,WE,Federal Contract Tower,0,5,7,5,17,0,3,0,0,3,0,8,7,5,20,98,16,114,134
06/21/2008,LMT,OR,ANM,WE,Federal Contract Tower,0,2,7,1,10,0,0,0,0,0,0,2,7,1,10,113,3,116,126
06/22/2008,LMT,OR,ANM,WE,Federal Contract Tower,0,7,8,13,28,0,0,0,0,0,0,7,8,13,28,48,15,63,91
06/23/2008,LMT,OR,ANM,WE,Federal Contract Tower,0,12,2,10,24,0,0,0,0,0,0,12,2,10,24,129,20,149,173
06/24/2008,LMT,OR,ANM,WE,Federal Contract Tower,0,7,10,16,33,0,10,1,0,11,0,17,11,16,44,99,46,145,189
06/25/2008,LMT,OR,ANM,WE,Federal Contract Tower,0,3,6,3,12,0,6,1,0,7,0,9,7,3,19,72,78,150,169
06/26/2008,LMT,OR,ANM,WE,Federal Contract Tower,0,7,2,9,18,0,6,0,0,6,0,13,2,9,24,56,45,101,125
06/27/2008,LMT,OR,ANM,WE,Federal Contract Tower,0,8,3,10,21,0,5,0,0,5,0,13,3,10,26,61,31,92,118
06/28/2008,LMT,OR,ANM,WE,Federal Contract Tower,0,2,7,0,9,0,1,16,0,17,0,3,23,0,26,56,1,57,83
06/29/2008,LMT,OR,ANM,WE,Federal Contract Tower,0,4,4,1,9,0,0,11,0,11,0,4,15,1,20,35,0,35,55
06/30/2008,LMT,OR,ANM,WE,Federal Contract Tower,0,9,5,3,17,0,2,6,1,9,0,11,11,4,26,46,0,46,72
07/01/2008,LMT,OR,ANM,WE,Federal Contract Tower,0,12,6,18,36,0,0,35,51,86,0,12,41,69,122,35,51,86,208
07/02/2008,LMT,OR,ANM,WE,Federal Contract Tower,0,10,8,21,39,0,8,61,26,95,0,18,69,47,134,61,26,87,221
07/03/2008,LMT,OR,ANM,WE,Federal Contract Tower,0,11,2,9,22,0,4,71,17,92,0,15,73,26,114,71,17,88,202
07/04/2008,LMT,OR,ANM,WE,Federal Contract Tower,0,3,1,4,8,0,0,89,12,101,0,3,90,16,109,89,12,101,210
07/05/2008,LMT,OR,ANM,WE,Federal Contract Tower,0,3,5,0,8,0,3,51,0,54,0,6,56,0,62,51,0,51,113
07/06/2008,LMT,OR,ANM,WE,Federal Contract Tower,0,3,4,0,7,0,0,37,0,37,0,3,41,0,44,37,0,37,81
07/07/2008,LMT,OR,ANM,WE,Federal Contract Tower,0,13,2,20,35,0,6,37,29,72,0,19,39,49,107,37,29,66,173
07/08/2008,LMT,OR,ANM,WE,Federal Contract Tower,0,15,3,23,41,0,6,37,29,72,0,21,40,52,113,60,35,95,208
07/09/2008,LMT,OR,ANM,WE,Federal Contract Tower,0,20,3,24,47,0,6,65,52,123,0,26,68,76,170,65,52,117,287
07/10/2008,LMT,OR,ANM,WE,Federal Contract Tower,0,9,2,22,33,0,5,47,37,89,0,14,49,59,122,47,37,84,206
07/11/2008,LMT,OR,ANM,WE,Federal Contract Tower,0,7,0,8,15,0,3,47,19,69,0,10,47,27,84,47,19,66,150
07/12/2008,LMT,OR,ANM,WE,Federal Contract Tower,0,5,2,0,7,0,0,84,0,84,0,5,86,0,91,84,4,88,179
07/13/2008,LMT,OR,ANM,WE,Federal Contract Tower,0,13,3,0,16,0,0,82,0,82,0,13,85,0,98,82,0,82,180
07/14/2008,LMT,OR,ANM,WE,Federal Contract Tower,0,17,9,2,28,0,7,63,0,70,0,24,72,2,98,63,0,63,161
07/15/2008,LMT,OR,ANM,WE,Federal Contract Tower,0,21,7,20,48,0,4,37,43,84,0,25,44,63,132,37,43,80,212
07/16/2008,LMT,OR,ANM,WE,Federal Contract Tower,0,17,8,16,41,0,2,84,20,106,0,19,92,36,147,84,20,104,251
07/17/2008,LMT,OR,ANM,WE,Federal Contract Tower,0,9,8,30,47,0,2,84,20,106,0,11,92,50,153,44,32,76,229
07/18/2008,LMT,OR,ANM,WE,Federal Contract Tower,0,14,10,11,35,0,1,65,4,70,0,15,75,15,105,65,4,69,174
07/19/2008,LMT,OR,ANM,WE,Federal Contract Tower,0,7,7,0,14,0,0,93,0,93,0,7,100,0,107,93,0,93,200
07/20/2008,LMT,OR,ANM,WE,Federal Contract Tower,0,9,5,0,14,0,0,67,0,67,0,9,72,0,81,67,0,67,148
07/21/2008,LMT,OR,ANM,WE,Federal Contract Tower,0,11,10,18,39,0,0,69,30,99,0,11,79,48,138,69,30,99,237
07/22/2008,LMT,OR,ANM,WE,Federal Contract Tower,0,13,5,21,39,0,4,78,41,123,0,17,83,62,162,78,41,119,281
07/23/2008,LMT,OR,ANM,WE,Federal Contract Tower,0,8,3,26,37,0,5,76,18,99,0,13,79,44,136,76,18,94,230
07/24/2008,LMT,OR,ANM,WE,Federal Contract Tower,0,13,10,16,39,0,1,81,25,107,0,14,91,41,146,81,25,106,252
07/25/2008,LMT,OR,ANM,WE,Federal Contract Tower,0,6,1,16,23,0,2,85,12,99,0,8,86,28,122,85,12,97,219
07/26/2008,LMT,OR,ANM,WE,Federal Contract Tower,0,6,1,16,23,0,1,30,14,45,0,7,31,30,68,30,14,44,112
07/27/2008,LMT,OR,ANM,WE,Federal Contract Tower,0,8,1,13,22,0,0,47,19,66,0,8,48,32,88,47,19,66,154
07/28/2008,LMT,OR,ANM,WE,Federal Contract Tower,0,13,0,0,13,0,0,56,0,56,0,13,56,0,69,56,0,56,125
07/29/2008,LMT,OR,ANM,WE,Federal Contract Tower,0,13,12,16,41,0,0,71,25,96,0,13,83,41,137,71,25,96,233
07/30/2008,LMT,OR,ANM,WE,Federal Contract Tower,0,12,10,20,42,0,4,82,24,110,0,16,92,44,152,82,24,106,258
07/31/2008,LMT,OR,ANM,WE,Federal Contract Tower,0,10,11,2,23,0,2,65,0,67,0,12,76,2,90,65,0,65,155
08/01/2008,LMT,OR,ANM,WE,Federal Contract Tower,0,10,2,13,25,0,6,15,6,27,0,16,17,19,52,60,16,76,128
08/02/2008,LMT,OR,ANM,WE,Federal Contract Tower,0,9,5,0,14,0,0,15,0,15,0,9,20,0,29,39,0,39,68
08/03/2008,LMT,OR,ANM,WE,Federal Contract Tower,0,11,4,6,21,0,0,18,0,18,0,11,22,6,39,35,0,35,74
08/04/2008,LMT,OR,ANM,WE,Federal Contract Tower,0,11,2,32,45,0,6,15,6,27,0,17,17,38,72,57,33,90,162
08/05/2008,LMT,OR,ANM,WE,Federal Contract Tower,0,11,9,30,50,0,7,34,8,49,0,18,43,38,99,59,27,86,185
08/06/2008,LMT,OR,ANM,WE,Federal Contract Tower,0,13,4,30,47,0,8,23,9,40,0,21,27,39,87,30,42,72,159
08/07/2008,LMT,OR,ANM,WE,Federal Contract Tower,0,12,5,15,32,0,4,3,14,21,0,16,8,29,53,26,25,51,104
08/08/2008,LMT,OR,ANM,WE,Federal Contract Tower,0,10,2,12,24,0,8,9,11,28,0,18,11,23,52,40,34,74,126
08/09/2008,LMT,OR,ANM,WE,Federal Contract Tower,0,9,5,3,17,0,1,4,0,5,0,10,9,3,22,32,21,53,75
08/10/2008,LMT,OR,ANM,WE,Federal Contract Tower,0,9,4,0,13,0,0,9,0,9,0,9,13,0,22,42,0,42,64
08/11/2008,LMT,OR,ANM,WE,Federal Contract Tower,0,11,1,0,12,0,4,12,0,16,0,15,13,0,28,51,0,51,79
08/12/2008,LMT,OR,ANM,WE,Federal Contract Tower,0,13,4,19,36,0,8,16,18,42,0,21,20,37,78,77,41,118,196
08/13/2008,LMT,OR,ANM,WE,Federal Contract Tower,0,19,5,20,44,0,3,4,19,26,0,22,9,39,70,48,27,75,145
08/14/2008,LMT,OR,ANM,WE,Federal Contract Tower,0,14,5,24,43,0,7,21,19,47,0,21,26,43,90,70,28,98,188
08/15/2008,LMT,OR,ANM,WE,Federal Contract Tower,0,10,8,1,19,0,0,12,0,12,0,10,20,1,31,68,0,68,99
08/16/2008,LMT,OR,ANM,WE,Federal Contract Tower,0,8,2,0,10,0,2,28,0,30,0,10,30,0,40,0,0,0,40
08/17/2008,LMT,OR,ANM,WE,Federal Contract Tower,0,5,7,0,12,0,0,23,0,23,0,5,30,0,35,0,0,0,35
08/18/2008,LMT,OR,ANM,WE,Federal Contract Tower,0,18,7,15,40,0,3,59,2,64,0,21,66,17,104,3,10,13,117
08/19/2008,LMT,OR,ANM,WE,Federal Contract Tower,0,23,5,14,42,0,0,2,1,3,0,23,7,15,45,16,8,24,69
08/20/2008,LMT,OR,ANM,WE,Federal Contract Tower,0,17,12,22,51,0,5,14,1,20,0,22,26,23,71,36,5,41,112
08/21/2008,LMT,OR,ANM,WE,Federal Contract Tower,0,7,5,17,29,0,0,11,0,11,0,7,16,17,40,39,11,50,90
08/22/2008,LMT,OR,ANM,WE,Federal Contract Tower,0,9,12,4,25,0,3,12,0,15,0,12,24,4,40,53,2,55,95
08/23/2008,LMT,OR,ANM,WE,Federal Contract Tower,0,8,3,18,29,0,0,16,12,28,0,8,19,30,57,28,35,63,120
08/24/2008,LMT,OR,ANM,WE,Federal Contract Tower,0,9,6,7,22,0,3,11,7,21,0,12,17,14,43,34,24,58,101
08/25/2008,LMT,OR,ANM,WE,Federal Contract Tower,0,14,7,0,21,0,6,0,0,6,0,20,7,0,27,28,0,28,55
08/26/2008,LMT,OR,ANM,WE,Federal Contract Tower,0,18,4,9,31,0,2,34,7,43,0,20,38,16,74,55,31,86,160
08/27/2008,LMT,OR,ANM,WE,Federal Contract Tower,0,18,7,30,55,0,1,7,0,8,0,19,14,30,63,44,40,84,147
08/28/2008,LMT,OR,ANM,WE,Federal Contract Tower,0,13,12,16,41,0,2,11,2,15,0,15,23,18,56,56,17,73,129
08/29/2008,LMT,OR,ANM,WE,Federal Contract Tower,0,20,4,8,32,0,3,25,4,32,0,23,29,12,64,10,0,10,74
08/30/2008,LMT,OR,ANM,WE,Federal Contract Tower,0,10,6,0,16,0,2,24,0,26,0,12,30,0,42,22,0,22,64
08/31/2008,LMT,OR,ANM,WE,Federal Contract Tower,0,10,3,0,13,0,0,16,0,16,0,10,19,0,29,50,0,50,79
09/01/2008,LMT,OR,ANM,WE,Federal Contract Tower,0,8,4,0,12,0,0,2,0,2,0,8,6,0,14,14,0,14,28
09/02/2008,LMT,OR,ANM,WE,Federal Contract Tower,0,15,10,31,56,0,6,2,0,8,0,21,12,31,64,15,25,40,104
09/03/2008,LMT,OR,ANM,WE,Federal Contract Tower,0,16,6,22,44,0,0,11,0,11,0,16,17,22,55,31,14,45,100
09/04/2008,LMT,OR,ANM,WE,Federal Contract Tower,0,13,5,9,27,0,7,39,6,52,0,20,44,15,79,14,32,46,125
09/05/2008,LMT,OR,ANM,WE,Federal Contract Tower,0,9,9,16,34,0,1,14,0,15,0,10,23,16,49,92,16,108,157
09/06/2008,LMT,OR,ANM,WE,Federal Contract Tower,0,8,1,0,9,0,1,43,0,44,0,9,44,0,53,117,0,117,170
09/07/2008,LMT,OR,ANM,WE,Federal Contract Tower,0,10,3,0,13,0,0,40,1,41,0,10,43,1,54,78,0,78,132
09/08/2008,LMT,OR,ANM,WE,Federal Contract Tower,0,19,3,4,26,0,6,13,2,21,0,25,16,6,47,53,4,57,104
09/09/2008,LMT,OR,ANM,WE,Federal Contract Tower,0,12,7,22,41,0,3,28,0,31,0,15,35,22,72,22,38,60,132
09/10/2008,LMT,OR,ANM,WE,Federal Contract Tower,0,11,31,23,65,0,6,42,40,88,0,17,73,63,153,14,20,34,187
09/11/2008,LMT,OR,ANM,WE,Federal Contract Tower,0,11,28,17,56,0,4,35,28,67,0,15,63,45,123,14,12,26,149
09/12/2008,LMT,OR,ANM,WE,Federal Contract Tower,0,16,5,8,29,0,5,28,16,49,0,21,33,24,78,24,13,37,115
09/13/2008,LMT,OR,ANM,WE,Federal Contract Tower,0,7,3,0,10,0,1,17,0,18,0,8,20,0,28,49,0,49,77
09/14/2008,LMT,OR,ANM,WE,Federal Contract Tower,0,10,0,0,10,0,0,12,0,12,0,10,12,0,22,42,4,46,68
09/15/2008,LMT,OR,ANM,WE,Federal Contract Tower,0,11,10,23,44,0,0,2,0,2,0,11,12,23,46,46,57,103,149
09/16/2008,LMT,OR,ANM,WE,Federal Contract Tower,0,18,8,15,41,0,3,13,15,31,0,21,21,30,72,11,43,54,126
09/17/2008,LMT,OR,ANM,WE,Federal Contract Tower,0,14,8,24,46,0,4,6,9,19,0,18,14,33,65,44,10,54,119
09/18/2008,LMT,OR,ANM,WE,Federal Contract Tower,0,19,3,7,29,0,1,51,6,58,0,20,54,13,87,17,15,32,119
09/19/2008,LMT,OR,ANM,WE,Federal Contract Tower,0,14,10,13,37,0,5,26,10,41,0,19,36,23,78,22,16,38,116
09/20/2008,LMT,OR,ANM,WE,Federal Contract Tower,0,9,0,22,31,0,1,8,1,10,0,10,8,23,41,25,87,112,153
09/21/2008,LMT,OR,ANM,WE,Federal Contract Tower,0,10,10,10,30,0,0,2,0,2,0,10,12,10,32,19,21,40,72
09/22/2008,LMT,OR,ANM,WE,Federal Contract Tower,0,18,23,0,41,0,0,57,0,57,0,18,80,0,98,73,0,73,171
09/23/2008,LMT,OR,ANM,WE,Federal Contract Tower,0,16,2,24,42,0,2,16,12,30,0,18,18,36,72,29,35,64,136
09/24/2008,LMT,OR,ANM,WE,Federal Contract Tower,0,18,4,20,42,0,5,16,11,32,0,23,20,31,74,45,25,70,144
09/25/2008,LMT,OR,ANM,WE,Federal Contract Tower,0,15,5,15,35,0,4,13,12,29,0,19,18,27,64,19,14,33,97
09/26/2008,LMT,OR,ANM,WE,Federal Contract Tower,0,15,4,11,30,0,4,7,0,11,0,19,11,11,41,55,0,55,96
09/27/2008,LMT,OR,ANM,WE,Federal Contract Tower,0,10,5,4,19,0,1,9,0,10,0,11,14,4,29,28,0,28,57
09/28/2008,LMT,OR,ANM,WE,Federal Contract Tower,0,11,24,0,35,0,0,51,0,51,0,11,75,0,86,20,0,20,106
09/29/2008,LMT,OR,ANM,WE,Federal Contract Tower,0,21,12,18,51,0,0,24,8,32,0,21,36,26,83,0,14,14,97
09/30/2008,LMT,OR,ANM,WE,Federal Contract Tower,0,14,0,0,14,0,7,26,2,35,0,21,26,2,49,27,1,28,77
10/01/2008,LMT,OR,ANM,WE,Federal Contract Tower,0,12,12,16,40,0,5,7,1,13,0,17,19,17,53,24,22,46,99
10/02/2008,LMT,OR,ANM,WE,Federal Contract Tower,0,15,11,23,49,0,1,7,5,13,0,16,18,28,62,29,16,45,107
10/03/2008,LMT,OR,ANM,WE,Federal Contract Tower,0,15,7,9,31,0,1,12,0,13,0,16,19,9,44,0,6,6,50
10/04/2008,LMT,OR,ANM,WE,Federal Contract Tower,0,10,6,0,16,0,0,0,0,0,0,10,6,0,16,1,0,1,17
10/05/2008,LMT,OR,ANM,WE,Federal Contract Tower,0,9,16,1,26,0,0,35,0,35,0,9,51,1,61,14,0,14,75
10/06/2008,LMT,OR,ANM,WE,Federal Contract Tower,0,13,15,0,28,0,7,3,0,10,0,20,18,0,38,66,0,66,104
10/07/2008,LMT,OR,ANM,WE,Federal Contract Tower,0,16,8,18,42,0,5,18,6,29,0,21,26,24,71,15,32,47,118
10/08/2008,LMT,OR,ANM,WE,Federal Contract Tower,0,11,8,14,33,0,3,24,0,27,0,14,32,14,60,43,23,66,126
10/09/2008,LMT,OR,ANM,WE,Federal Contract Tower,0,12,9,14,35,0,3,8,6,17,0,15,17,20,52,17,24,41,93
10/10/2008,LMT,OR,ANM,WE,Federal Contract Tower,0,15,19,12,46,0,2,24,15,41,0,17,43,27,87,14,12,26,113
10/11/2008,LMT,OR,ANM,WE,Federal Contract Tower,0,10,14,0,24,0,2,11,0,13,0,12,25,0,37,10,0,10,47
10/12/2008,LMT,OR,ANM,WE,Federal Contract Tower,0,7,0,0,7,0,0,14,0,14,0,7,14,0,21,40,0,40,61
10/13/2008,LMT,OR,ANM,WE,Federal Contract Tower,0,13,4,0,17,0,4,28,0,32,0,17,32,0,49,60,0,60,109
10/14/2008,LMT,OR,ANM,WE,Federal Contract Tower,0,8,1,21,30,0,6,27,12,45,0,14,28,33,75,13,20,33,108
10/15/2008,LMT,OR,ANM,WE,Federal Contract Tower,0,12,6,18,36,0,3,5,10,18,0,15,11,28,54,17,15,32,86
10/16/2008,LMT,OR,ANM,WE,Federal Contract Tower,0,9,8,20,37,0,7,17,8,32,0,16,25,28,69,6,24,30,99
10/17/2008,LMT,OR,ANM,WE,Federal Contract Tower,0,10,6,20,36,0,2,16,6,24,0,12,22,26,60,26,18,44,104
10/18/2008,LMT,OR,ANM,WE,Federal Contract Tower,0,12,3,15,30,0,2,29,15,46,0,14,32,30,76,26,10,36,112
10/19/2008,LMT,OR,ANM,WE,Federal Contract Tower,0,8,4,2,14,0,0,15,0,15,0,8,19,2,29,34,0,34,63
10/20/2008,LMT,OR,ANM,WE,Federal Contract Tower,0,15,5,0,20,0,0,14,0,14,0,15,19,0,34,30,0,30,64
10/21/2008,LMT,OR,ANM,WE,Federal Contract Tower,0,13,4,16,33,0,0,16,8,24,0,13,20,24,57,13,3,16,73
10/22/2008,LMT,OR,ANM,WE,Federal Contract Tower,0,11,3,25,39,0,6,12,15,33,0,17,15,40,72,20,20,40,112
10/23/2008,LMT,OR,ANM,WE,Federal Contract Tower,0,11,3,14,28,0,6,9,8,23,0,17,12,22,51,39,18,57,108
10/24/2008,LMT,OR,ANM,WE,Federal Contract Tower,0,15,0,11,26,0,3,12,9,24,0,18,12,20,50,15,13,28,78
10/25/2008,LMT,OR,ANM,WE,Federal Contract Tower,0,7,0,5,12,0,3,23,1,27,0,10,23,6,39,50,6,56,95
10/26/2008,LMT,OR,ANM,WE,Federal Contract Tower,0,5,0,0,5,0,1,4,0,5,0,6,4,0,10,37,0,37,47
10/27/2008,LMT,OR,ANM,WE,Federal Contract Tower,0,9,7,17,33,0,5,13,14,32,0,14,20,31,65,25,21,46,111
10/28/2008,LMT,OR,ANM,WE,Federal Contract Tower,0,11,8,23,42,0,9,17,7,33,0,20,25,30,75,14,12,26,101
10/29/2008,LMT,OR,ANM,WE,Federal Contract Tower,0,8,6,17,31,0,9,12,12,33,0,17,18,29,64,2,4,6,70
10/30/2008,LMT,OR,ANM,WE,Federal Contract Tower,0,11,5,30,46,0,6,17,10,33,0,17,22,40,79,13,8,21,100
10/31/2008,LMT,OR,ANM,WE,Federal Contract Tower,0,17,4,14,35,0,2,8,6,16,0,19,12,20,51,8,17,25,76
11/01/2008,LMT,OR,ANM,WE,Federal Contract Tower,0,10,5,0,15,0,0,5,0,5,0,10,10,0,20,2,0,2,22
11/02/2008,LMT,OR,ANM,WE,Federal Contract Tower,0,7,7,0,14,0,0,0,0,0,0,7,7,0,14,0,0,0,14
11/03/2008,LMT,OR,ANM,WE,Federal Contract Tower,0,17,5,0,22,0,0,0,0,0,0,17,5,0,22,0,0,0,22
11/04/2008,LMT,OR,ANM,WE,Federal Contract Tower,0,15,15,21,51,0,0,2,4,6,0,15,17,25,57,0,0,0,57
11/05/2008,LMT,OR,ANM,WE,Federal Contract Tower,0,18,6,12,36,0,0,0,0,0,0,18,6,12,36,0,2,2,38
11/06/2008,LMT,OR,ANM,WE,Federal Contract Tower,0,15,4,35,54,0,0,0,2,2,0,15,4,37,56,1,1,2,58
11/07/2008,LMT,OR,ANM,WE,Federal Contract Tower,0,13,13,0,26,0,0,0,0,0,0,13,13,0,26,0,0,0,26
11/08/2008,LMT,OR,ANM,WE,Federal Contract Tower,0,10,5,0,15,0,0,0,0,0,0,10,5,0,15,6,0,6,21
11/09/2008,LMT,OR,ANM,WE,Federal Contract Tower,0,8,3,2,13,0,0,17,2,19,0,8,20,4,32,36,20,56,88
11/10/2008,LMT,OR,ANM,WE,Federal Contract Tower,0,12,5,12,29,0,12,7,16,35,0,24,12,28,64,22,18,40,104
11/11/2008,LMT,OR,ANM,WE,Federal Contract Tower,0,16,6,0,22,0,0,0,0,0,0,16,6,0,22,0,0,0,22
11/12/2008,LMT,OR,ANM,WE,Federal Contract Tower,0,20,3,27,50,0,1,3,10,14,0,21,6,37,64,8,16,24,88
11/13/2008,LMT,OR,ANM,WE,Federal Contract Tower,0,15,3,22,40,0,1,2,8,11,0,16,5,30,51,2,10,12,63
11/14/2008,LMT,OR,ANM,WE,Federal Contract Tower,0,8,4,11,23,0,3,11,10,24,0,11,15,21,47,37,14,51,98
11/15/2008,LMT,OR,ANM,WE,Federal Contract Tower,0,11,1,22,34,0,0,23,0,23,0,11,24,22,57,28,36,64,121
11/16/2008,LMT,OR,ANM,WE,Federal Contract Tower,0,8,5,10,23,0,0,47,0,47,0,8,52,10,70,22,31,53,123
11/17/2008,LMT,OR,ANM,WE,Federal Contract Tower,0,16,5,0,21,0,0,5,0,5,0,16,10,0,26,98,0,98,124
11/18/2008,LMT,OR,ANM,WE,Federal Contract Tower,0,10,13,18,41,0,2,3,14,19,0,12,16,32,60,29,9,38,98
11/19/2008,LMT,OR,ANM,WE,Federal Contract Tower,0,16,1,22,39,0,1,16,8,25,0,17,17,30,64,17,12,29,93
11/20/2008,LMT,OR,ANM,WE,Federal Contract Tower,0,18,5,30,53,0,0,3,3,6,0,18,8,33,59,5,12,17,76
11/21/2008,LMT,OR,ANM,WE,Federal Contract Tower,0,9,2,11,22,0,2,12,9,23,0,11,14,20,45,22,10,32,77
11/22/2008,LMT,OR,ANM,WE,Federal Contract Tower,0,9,2,0,11,0,0,4,0,4,0,9,6,0,15,16,0,16,31
11/23/2008,LMT,OR,ANM,WE,Federal Contract Tower,0,9,0,0,9,0,0,57,0,57,0,9,57,0,66,57,0,57,123
11/24/2008,LMT,OR,ANM,WE,Federal Contract Tower,0,16,4,21,41,0,4,9,6,19,0,20,13,27,60,14,19,33,93
11/25/2008,LMT,OR,ANM,WE,Federal Contract Tower,0,12,15,13,40,0,0,9,17,26,0,12,24,30,66,25,34,59,125
11/26/2008,LMT,OR,ANM,WE,Federal Contract Tower,0,11,9,13,33,0,5,3,0,8,0,16,12,13,41,43,9,52,93
11/27/2008,LMT,OR,ANM,WE,Federal Contract Tower,0,12,3,0,15,0,8,3,0,11,0,20,6,0,26,4,0,4,30
11/28/2008,LMT,OR,ANM,WE,Federal Contract Tower,0,8,5,0,13,0,2,3,0,5,0,10,8,0,18,20,0,20,38
11/29/2008,LMT,OR,ANM,WE,Federal Contract Tower,0,12,4,0,16,0,0,5,0,5,0,12,9,0,21,22,0,22,43
11/30/2008,LMT,OR,ANM,WE,Federal Contract Tower,0,9,7,0,16,0,0,7,0,7,0,9,14,0,23,30,0,30,53
12/01/2008,LMT,OR,ANM,WE,Federal Contract Tower,0,13,3,0,16,0,5,4,1,10,0,18,7,1,26,20,0,20,46
12/02/2008,LMT,OR,ANM,WE,Federal Contract Tower,0,8,9,33,50,0,6,10,1,17,0,14,19,34,67,10,14,24,91
12/03/2008,LMT,OR,ANM,WE,Federal Contract Tower,0,2,6,2,10,0,0,0,0,0,0,2,6,2,10,0,0,0,10
12/04/2008,LMT,OR,ANM,WE,Federal Contract Tower,0,8,4,27,39,0,2,11,13,26,0,10,15,40,65,23,16,39,104
12/05/2008,LMT,OR,ANM,WE,Federal Contract Tower,0,13,9,15,37,0,4,7,3,14,0,17,16,18,51,57,22,79,130
12/06/2008,LMT,OR,ANM,WE,Federal Contract Tower,0,13,1,0,14,0,0,15,2,17,0,13,16,2,31,40,2,42,73
12/07/2008,LMT,OR,ANM,WE,Federal Contract Tower,0,6,3,6,15,0,0,17,6,23,0,6,20,12,38,54,0,54,92
12/08/2008,LMT,OR,ANM,WE,Federal Contract Tower,0,17,8,27,52,0,4,5,11,20,0,21,13,38,72,13,13,26,98
12/09/2008,LMT,OR,ANM,WE,Federal Contract Tower,0,13,6,32,51,0,0,19,6,25,0,13,25,38,76,42,46,88,164
12/10/2008,LMT,OR,ANM,WE,Federal Contract Tower,0,12,5,28,45,0,2,17,17,36,0,14,22,45,81,34,66,100,181
12/11/2008,LMT,OR,ANM,WE,Federal Contract Tower,0,13,4,23,40,0,6,13,15,34,0,19,17,38,74,13,16,29,103
12/12/2008,LMT,OR,ANM,WE,Federal Contract Tower,0,19,1,13,33,0,5,4,2,11,0,24,5,15,44,16,22,38,82
12/13/2008,LMT,OR,ANM,WE,Federal Contract Tower,0,9,3,7,19,0,0,0,0,0,0,9,3,7,19,0,0,0,19
12/14/2008,LMT,OR,ANM,WE,Federal Contract Tower,0,8,8,3,19,0,0,0,0,0,0,8,8,3,19,0,0,0,19
12/15/2008,LMT,OR,ANM,WE,Federal Contract Tower,0,15,4,1,20,0,0,0,0,0,0,15,4,1,20,0,0,0,20
12/16/2008,LMT,OR,ANM,WE,Federal Contract Tower,0,9,7,16,32,0,2,9,11,22,0,11,16,27,54,40,16,56,110
12/17/2008,LMT,OR,ANM,WE,Federal Contract Tower,0,16,1,27,44,0,1,8,12,21,0,17,9,39,65,16,36,52,117
12/18/2008,LMT,OR,ANM,WE,Federal Contract Tower,0,15,3,14,32,0,1,1,8,10,0,16,4,22,42,14,14,28,70
12/19/2008,LMT,OR,ANM,WE,Federal Contract Tower,0,18,10,1,29,0,0,0,0,0,0,18,10,1,29,0,0,0,29
12/20/2008,LMT,OR,ANM,WE,Federal Contract Tower,0,9,2,0,11,0,0,0,0,0,0,9,2,0,11,0,0,0,11
12/21/2008,LMT,OR,ANM,WE,Federal Contract Tower,0,5,0,0,5,0,0,0,0,0,0,5,0,0,5,0,0,0,5
12/22/2008,LMT,OR,ANM,WE,Federal Contract Tower,0,7,1,0,8,0,0,0,0,0,0,7,1,0,8,0,0,0,8
12/23/2008,LMT,OR,ANM,WE,Federal Contract Tower,0,14,0,0,14,0,3,5,0,8,0,17,5,0,22,10,0,10,32
12/24/2008,LMT,OR,ANM,WE,Federal Contract Tower,0,17,0,0,17,0,0,1,0,1,0,17,1,0,18,6,0,6,24
12/25/2008,LMT,OR,ANM,WE,Federal Contract Tower,0,19,5,0,24,0,0,1,0,1,0,19,6,0,25,8,0,8,33
12/26/2008,LMT,OR,ANM,WE,Federal Contract Tower,0,13,4,0,17,0,0,0,0,0,0,13,4,0,17,0,0,0,17
12/27/2008,LMT,OR,ANM,WE,Federal Contract Tower,0,14,0,0,14,0,3,1,0,4,0,17,1,0,18,8,0,8,26
12/28/2008,LMT,OR,ANM,WE,Federal Contract Tower,0,10,1,0,11,0,0,0,0,0,0,10,1,0,11,0,0,0,11
12/29/2008,LMT,OR,ANM,WE,Federal Contract Tower,0,16,0,0,16,0,2,0,0,2,0,18,0,0,18,8,0,8,26
12/30/2008,LMT,OR,ANM,WE,Federal Contract Tower,0,14,0,17,31,0,5,5,12,22,0,19,5,29,53,6,39,45,98
12/31/2008,LMT,OR,ANM,WE,Federal Contract Tower,0,17,5,11,33,0,1,3,2,6,0,18,8,13,39,26,18,44,83
01/01/2009,LMT,OR,ANM,WE,Federal Contract Tower,0,7,0,0,7,0,0,0,0,0,0,7,0,0,7,0,0,0,7
01/02/2009,LMT,OR,ANM,WE,Federal Contract Tower,0,15,3,16,34,0,0,0,0,0,0,15,3,16,34,10,28,38,72
01/03/2009,LMT,OR,ANM,WE,Federal Contract Tower,0,9,1,0,10,0,1,9,0,10,0,10,10,0,20,24,0,24,44
01/04/2009,LMT,OR,ANM,WE,Federal Contract Tower,0,7,2,0,9,0,0,12,0,12,0,7,14,0,21,80,0,80,101
01/05/2009,LMT,OR,ANM,WE,Federal Contract Tower,0,14,6,28,48,0,0,0,4,4,0,14,6,32,52,8,32,40,92
01/06/2009,LMT,OR,ANM,WE,Federal Contract Tower,0,14,7,43,64,0,0,0,0,0,0,14,7,43,64,0,41,41,105
01/07/2009,LMT,OR,ANM,WE,Federal Contract Tower,0,14,8,27,49,0,0,1,0,1,0,14,9,27,50,0,6,6,56
01/08/2009,LMT,OR,ANM,WE,Federal Contract Tower,0,14,8,21,43,0,0,0,8,8,0,14,8,29,51,72,46,118,169
01/09/2009,LMT,OR,ANM,WE,Federal Contract Tower,0,16,4,20,40,0,2,2,3,7,0,18,6,23,47,82,38,120,167
01/10/2009,LMT,OR,ANM,WE,Federal Contract Tower,0,13,2,19,34,0,2,28,16,46,0,15,30,35,80,31,63,94,174
01/11/2009,LMT,OR,ANM,WE,Federal Contract Tower,0,10,3,10,23,0,0,20,11,31,0,10,23,21,54,58,32,90,144
01/12/2009,LMT,OR,ANM,WE,Federal Contract Tower,0,13,5,0,18,0,2,1,0,3,0,15,6,0,21,0,0,0,21
01/13/2009,LMT,OR,ANM,WE,Federal Contract Tower,0,9,4,20,33,0,2,0,0,2,0,11,4,20,35,0,0,0,35
01/14/2009,LMT,OR,ANM,WE,Federal Contract Tower,0,9,0,0,9,0,0,0,0,0,0,9,0,0,9,0,0,0,9
01/15/2009,LMT,OR,ANM,WE,Federal Contract Tower,0,8,6,23,37,0,2,5,0,7,0,10,11,23,44,30,32,62,106
01/16/2009,LMT,OR,ANM,WE,Federal Contract Tower,0,15,4,19,38,0,0,12,16,28,0,15,16,35,66,19,28,47,113
01/17/2009,LMT,OR,ANM,WE,Federal Contract Tower,0,14,5,0,19,0,0,27,0,27,0,14,32,0,46,48,0,48,94
01/18/2009,LMT,OR,ANM,WE,Federal Contract Tower,0,7,1,0,8,0,0,0,0,0,0,7,1,0,8,76,0,76,84
01/19/2009,LMT,OR,ANM,WE,Federal Contract Tower,0,12,0,0,12,0,2,0,0,2,0,14,0,0,14,26,0,26,40
01/20/2009,LMT,OR,ANM,WE,Federal Contract Tower,0,21,5,35,61,0,4,7,0,11,0,25,12,35,72,30,22,52,124
01/21/2009,LMT,OR,ANM,WE,Federal Contract Tower,0,14,12,38,64,0,2,1,0,3,0,16,13,38,67,66,30,96,163
01/22/2009,LMT,OR,ANM,WE,Federal Contract Tower,0,17,9,34,60,0,0,0,0,0,0,17,9,34,60,0,0,0,60
01/23/2009,LMT,OR,ANM,WE,Federal Contract Tower,0,19,4,10,33,0,2,0,10,12,0,21,4,20,45,0,48,48,93
01/24/2009,LMT,OR,ANM,WE,Federal Contract Tower,0,9,5,0,14,0,0,0,0,0,0,9,5,0,14,1,0,1,15
01/25/2009,LMT,OR,ANM,WE,Federal Contract Tower,0,7,9,6,22,0,0,0,0,0,0,7,9,6,22,1,0,1,23
01/26/2009,LMT,OR,ANM,WE,Federal Contract Tower,0,20,3,10,33,0,3,4,0,7,0,23,7,10,40,32,0,32,72
01/27/2009,LMT,OR,ANM,WE,Federal Contract Tower,0,19,8,47,74,0,0,0,0,0,0,19,8,47,74,56,82,138,212
01/28/2009,LMT,OR,ANM,WE,Federal Contract Tower,0,17,2,28,47,0,2,7,28,37,0,19,9,56,84,7,48,55,139
01/29/2009,LMT,OR,ANM,WE,Federal Contract Tower,0,15,2,25,42,0,2,16,29,47,0,17,18,54,89,28,96,124,213
01/30/2009,LMT,OR,ANM,WE,Federal Contract Tower,0,13,4,60,77,0,0,0,0,0,0,13,4,60,77,34,94,128,205
01/31/2009,LMT,OR,ANM,WE,Federal Contract Tower,0,9,3,5,17,0,0,0,0,0,0,9,3,5,17,78,27,105,122
02/01/2009,LMT,OR,ANM,WE,Federal Contract Tower,0,8,2,0,10,0,0,1,0,1,0,8,3,0,11,17,0,17,28
02/02/2009,LMT,OR,ANM,WE,Federal Contract Tower,0,15,12,0,27,0,0,0,0,0,0,15,12,0,27,53,0,53,80
02/03/2009,LMT,OR,ANM,WE,Federal Contract Tower,0,15,12,51,78,0,0,0,0,0,0,15,12,51,78,53,70,123,201
02/04/2009,LMT,OR,ANM,WE,Federal Contract Tower,0,15,3,34,52,0,2,12,28,42,0,17,15,62,94,39,70,109,203
02/05/2009,LMT,OR,ANM,WE,Federal Contract Tower,0,14,6,27,47,0,1,9,0,10,0,15,15,27,57,13,26,39,96
02/06/2009,LMT,OR,ANM,WE,Federal Contract Tower,0,16,5,65,86,0,1,0,12,13,0,17,5,77,99,6,63,69,168
02/07/2009,LMT,OR,ANM,WE,Federal Contract Tower,0,12,6,30,48,0,1,12,2,15,0,13,18,32,63,0,98,98,161
02/08/2009,LMT,OR,ANM,WE,Federal Contract Tower,0,7,18,11,36,0,0,1,0,1,0,7,19,11,37,29,14,43,80
02/09/2009,LMT,OR,ANM,WE,Federal Contract Tower,0,19,13,0,32,0,0,0,2,2,0,19,13,2,34,78,24,102,136
02/10/2009,LMT,OR,ANM,WE,Federal Contract Tower,0,18,4,26,48,0,1,1,5,7,0,19,5,31,55,8,18,26,81
02/11/2009,LMT,OR,ANM,WE,Federal Contract Tower,0,19,2,12,33,0,0,0,0,0,0,19,2,12,33,0,2,2,35
02/12/2009,LMT,OR,ANM,WE,Federal Contract Tower,10,16,8,34,68,0,12,68,44,124,10,28,76,78,192,68,22,90,282
02/13/2009,LMT,OR,ANM,WE,Federal Contract Tower,0,26,3,20,49,0,0,1,0,1,0,26,4,20,50,10,24,34,84
02/14/2009,LMT,OR,ANM,WE,Federal Contract Tower,0,10,2,0,12,0,1,0,0,1,0,11,2,0,13,0,0,0,13
02/15/2009,LMT,OR,ANM,WE,Federal Contract Tower,0,6,1,0,7,0,0,1,0,1,0,6,2,0,8,0,0,0,8
02/16/2009,LMT,OR,ANM,WE,Federal Contract Tower,0,15,7,0,22,0,1,10,0,11,0,16,17,0,33,7,0,7,40
02/17/2009,LMT,OR,ANM,WE,Federal Contract Tower,0,14,8,28,50,0,1,0,0,1,0,15,8,28,51,23,42,65,116
02/18/2009,LMT,OR,ANM,WE,Federal Contract Tower,0,13,9,36,58,0,3,0,0,3,0,16,9,36,61,15,30,45,106
02/19/2009,LMT,OR,ANM,WE,Federal Contract Tower,0,16,6,36,58,0,4,2,0,6,0,20,8,36,64,43,20,63,127
02/20/2009,LMT,OR,ANM,WE,Federal Contract Tower,0,12,7,28,47,0,2,44,12,58,0,14,51,40,105,48,44,92,197
02/21/2009,LMT,OR,ANM,WE,Federal Contract Tower,0,9,3,0,12,0,0,10,0,10,0,9,13,0,22,36,0,36,58
02/22/2009,LMT,OR,ANM,WE,Federal Contract Tower,0,8,6,0,14,0,0,0,0,0,0,8,6,0,14,2,0,2,16
02/23/2009,LMT,OR,ANM,WE,Federal Contract Tower,0,19,3,0,22,0,1,0,0,1,0,20,3,0,23,0,0,0,23
02/24/2009,LMT,OR,ANM,WE,Federal Contract Tower,0,20,9,35,64,0,3,2,0,5,0,23,11,35,69,20,2,22,91
02/25/2009,LMT,OR,ANM,WE,Federal Contract Tower,0,20,4,29,53,0,0,0,0,0,0,20,4,29,53,14,12,26,79
02/26/2009,LMT,OR,ANM,WE,Federal Contract Tower,0,18,8,29,55,0,1,0,0,1,0,19,8,29,56,2,4,6,62
02/27/2009,LMT,OR,ANM,WE,Federal Contract Tower,0,18,7,17,42,0,0,19,18,37,0,18,26,35,79,37,14,51,130
02/28/2009,LMT,OR,ANM,WE,Federal Contract Tower,0,8,1,0,9,0,2,11,0,13,0,10,12,0,22,42,0,42,64
03/01/2009,LMT,OR,ANM,WE,Federal Contract Tower,0,7,4,0,11,0,0,0,0,0,0,7,4,0,11,10,0,10,21
03/02/2009,LMT,OR,ANM,WE,Federal Contract Tower,0,21,6,34,61,0,0,1,0,1,0,21,7,34,62,0,0,0,62
03/03/2009,LMT,OR,ANM,WE,Federal Contract Tower,0,14,7,11,32,0,1,2,0,3,0,15,9,11,35,0,4,4,39
03/04/2009,LMT,OR,ANM,WE,Federal Contract Tower,0,16,4,17,37,0,3,5,0,8,0,19,9,17,45,0,10,10,55
03/05/2009,LMT,OR,ANM,WE,Federal Contract Tower,0,20,7,34,61,0,0,4,0,4,0,20,11,34,65,0,30,30,95
03/06/2009,LMT,OR,ANM,WE,Federal Contract Tower,0,12,4,19,35,0,4,6,19,29,0,16,10,38,64,10,36,46,110
03/07/2009,LMT,OR,ANM,WE,Federal Contract Tower,0,7,1,21,29,0,0,22,8,30,0,7,23,29,59,21,10,31,90
03/08/2009,LMT,OR,ANM,WE,Federal Contract Tower,0,7,2,20,29,0,0,6,13,19,0,7,8,33,48,0,26,26,74
03/09/2009,LMT,OR,ANM,WE,Federal Contract Tower,0,13,12,0,25,0,5,8,0,13,0,18,20,0,38,14,0,14,52
03/10/2009,LMT,OR,ANM,WE,Federal Contract Tower,0,18,20,33,71,0,0,12,4,16,0,18,32,37,87,60,4,64,151
03/11/2009,LMT,OR,ANM,WE,Federal Contract Tower,0,10,7,25,42,0,8,21,21,50,0,18,28,46,92,22,20,42,134
03/12/2009,LMT,OR,ANM,WE,Federal Contract Tower,0,15,1,20,36,0,4,30,14,48,0,19,31,34,84,63,30,93,177
03/13/2009,LMT,OR,ANM,WE,Federal Contract Tower,0,17,3,20,40,0,3,12,0,15,0,20,15,20,55,45,17,62,117
03/14/2009,LMT,OR,ANM,WE,Federal Contract Tower,0,10,4,1,15,0,0,2,0,2,0,10,6,1,17,43,0,43,60
03/15/2009,LMT,OR,ANM,WE,Federal Contract Tower,0,13,4,0,17,0,0,0,0,0,0,13,4,0,17,0,0,0,17
03/16/2009,LMT,OR,ANM,WE,Federal Contract Tower,0,18,2,31,51,0,1,0,0,1,0,19,2,31,52,10,26,36,88
03/17/2009,LMT,OR,ANM,WE,Federal Contract Tower,0,18,6,30,54,0,4,18,0,22,0,22,24,30,76,11,10,21,97
03/18/2009,LMT,OR,ANM,WE,Federal Contract Tower,0,13,8,27,48,0,8,9,8,25,0,21,17,35,73,34,18,52,125
03/19/2009,LMT,OR,ANM,WE,Federal Contract Tower,0,13,7,27,47,0,6,18,1,25,0,19,25,28,72,55,25,80,152
03/20/2009,LMT,OR,ANM,WE,Federal Contract Tower,0,17,12,27,56,0,5,17,12,34,0,22,29,39,90,28,22,50,140
03/21/2009,LMT,OR,ANM,WE,Federal Contract Tower,0,14,17,0,31,0,1,17,0,18,0,15,34,0,49,20,0,20,69
03/22/2009,LMT,OR,ANM,WE,Federal Contract Tower,0,12,3,0,15,0,0,1,0,1,0,12,4,0,16,0,0,0,16
03/23/2009,LMT,OR,ANM,WE,Federal Contract Tower,0,18,1,0,19,0,4,13,0,17,0,22,14,0,36,26,0,26,62
03/24/2009,LMT,OR,ANM,WE,Federal Contract Tower,0,17,1,14,32,0,4,13,14,31,0,21,14,28,63,46,4,50,113
03/25/2009,LMT,OR,ANM,WE,Federal Contract Tower,0,15,4,31,50,0,2,0,0,2,0,17,4,31,52,4,18,22,74
03/26/2009,LMT,OR,ANM,WE,Federal Contract Tower,0,19,2,22,43,0,3,4,6,13,0,22,6,28,56,25,16,41,97
03/27/2009,LMT,OR,ANM,WE,Federal Contract Tower,0,12,7,26,45,0,6,10,5,21,0,18,17,31,66,47,30,77,143
03/28/2009,LMT,OR,ANM,WE,Federal Contract Tower,0,13,3,8,24,0,3,15,2,20,0,16,18,10,44,40,22,62,106
03/29/2009,LMT,OR,ANM,WE,Federal Contract Tower,0,7,6,0,13,0,1,5,0,6,0,8,11,0,19,14,8,22,41
03/30/2009,LMT,OR,ANM,WE,Federal Contract Tower,0,11,3,16,30,0,4,23,4,31,0,15,26,20,61,39,24,63,124
03/31/2009,LMT,OR,ANM,WE,Federal Contract Tower,0,12,6,22,40,0,4,1,1,6,0,16,7,23,46,6,22,28,74
04/01/2009,LMT,OR,ANM,WE,Federal Contract Tower,0,15,6,21,42,0,3,0,12,15,0,18,6,33,57,20,22,42,99
04/02/2009,LMT,OR,ANM,WE,Federal Contract Tower,0,15,3,20,38,0,3,0,0,3,0,18,3,20,41,3,0,3,44
04/03/2009,LMT,OR,ANM,WE,Federal Contract Tower,0,13,12,21,46,0,5,6,0,11,0,18,18,21,57,1,42,43,100
04/04/2009,LMT,OR,ANM,WE,Federal Contract Tower,0,8,1,0,9,0,2,28,0,30,0,10,29,0,39,50,1,51,90
04/05/2009,LMT,OR,ANM,WE,Federal Contract Tower,0,7,1,0,8,0,0,25,0,25,0,7,26,0,33,46,0,46,79
04/06/2009,LMT,OR,ANM,WE,Federal Contract Tower,0,11,5,0,16,0,8,21,0,29,0,19,26,0,45,45,0,45,90
04/07/2009,LMT,OR,ANM,WE,Federal Contract Tower,0,16,5,22,43,0,7,9,17,33,0,23,14,39,76,14,19,33,109
04/08/2009,LMT,OR,ANM,WE,Federal Contract Tower,0,16,8,31,55,0,0,0,8,8,0,16,8,39,63,0,6,6,69
04/09/2009,LMT,OR,ANM,WE,Federal Contract Tower,0,20,6,29,55,0,1,2,8,11,0,21,8,37,66,10,17,27,93
04/10/2009,LMT,OR,ANM,WE,Federal Contract Tower,0,4,10,36,50,0,4,5,2,11,0,8,15,38,61,12,19,31,92
04/11/2009,LMT,OR,ANM,WE,Federal Contract Tower,0,9,9,0,18,0,1,25,0,26,0,10,34,0,44,10,0,10,54
04/12/2009,LMT,OR,ANM,WE,Federal Contract Tower,0,5,2,2,9,0,0,4,0,4,0,5,6,2,13,44,0,44,57
04/13/2009,LMT,OR,ANM,WE,Federal Contract Tower,0,23,10,20,53,0,0,10,0,10,0,23,20,20,63,60,63,123,186
04/14/2009,LMT,OR,ANM,WE,Federal Contract Tower,0,17,0,20,37,0,0,2,15,17,0,17,2,35,54,2,32,34,88
04/15/2009,LMT,OR,ANM,WE,Federal Contract Tower,0,13,2,18,33,0,8,15,16,39,0,21,17,34,72,32,36,68,140
04/16/2009,LMT,OR,ANM,WE,Federal Contract Tower,0,15,0,21,36,0,10,3,21,34,0,25,3,42,70,36,61,97,167
04/17/2009,LMT,OR,ANM,WE,Federal Contract Tower,0,10,4,12,26,0,6,12,10,28,0,16,16,22,54,14,51,65,119
04/18/2009,LMT,OR,ANM,WE,Federal Contract Tower,0,12,0,12,24,0,0,14,10,24,0,12,14,22,48,80,14,94,142
04/19/2009,LMT,OR,ANM,WE,Federal Contract Tower,0,7,2,9,18,0,1,16,12,29,0,8,18,21,47,61,34,95,142
04/20/2009,LMT,OR,ANM,WE,Federal Contract Tower,0,9,5,2,16,0,13,26,4,43,0,22,31,6,59,68,0,68,127
04/21/2009,LMT,OR,ANM,WE,Federal Contract Tower,0,8,5,32,45,0,9,12,17,38,0,17,17,49,83,28,50,78,161
04/22/2009,LMT,OR,ANM,WE,Federal Contract Tower,0,13,2,18,33,0,8,15,16,39,0,21,17,34,72,39,41,80,152
04/23/2009,LMT,OR,ANM,WE,Federal Contract Tower,0,17,2,27,46,0,2,15,14,31,0,19,17,41,77,20,62,82,159
04/24/2009,LMT,OR,ANM,WE,Federal Contract Tower,0,12,5,14,31,0,8,20,9,37,0,20,25,23,68,2,18,20,88
04/25/2009,LMT,OR,ANM,WE,Federal Contract Tower,0,10,4,0,14,0,0,7,0,7,0,10,11,0,21,44,0,44,65
04/26/2009,LMT,OR,ANM,WE,Federal Contract Tower,0,7,2,0,9,0,0,30,0,30,0,7,32,0,39,10,0,10,49
04/27/2009,LMT,OR,ANM,WE,Federal Contract Tower,0,13,5,10,28,0,4,18,2,24,0,17,23,12,52,21,2,23,75
04/28/2009,LMT,OR,ANM,WE,Federal Contract Tower,0,14,4,5,23,0,3,3,0,6,0,17,7,5,29,9,26,35,64
04/29/2009,LMT,OR,ANM,WE,Federal Contract Tower,0,16,4,7,27,0,3,10,0,13,0,19,14,7,40,4,0,4,44
04/30/2009,LMT,OR,ANM,WE,Federal Contract Tower,0,12,1,4,17,0,3,26,0,29,0,15,27,4,46,22,0,22,68
05/01/2009,LMT,OR,ANM,WE,Federal Contract Tower,0,20,8,0,28,0,0,5,0,5,0,20,13,0,33,0,0,0,33
05/02/2009,LMT,OR,ANM,WE,Federal Contract Tower,0,12,1,1,14,0,0,4,0,4,0,12,5,1,18,7,0,7,25
05/03/2009,LMT,OR,ANM,WE,Federal Contract Tower,0,10,9,0,19,0,0,6,0,6,0,10,15,0,25,0,0,0,25
05/04/2009,LMT,OR,ANM,WE,Federal Contract Tower,0,25,6,0,31,0,1,4,0,5,0,26,10,0,36,18,0,18,54
05/05/2009,LMT,OR,ANM,WE,Federal Contract Tower,0,20,15,0,35,0,17,4,0,21,0,37,19,0,56,10,0,10,66
05/06/2009,LMT,OR,ANM,WE,Federal Contract Tower,0,22,9,0,31,0,0,0,0,0,0,22,9,0,31,0,0,0,31
05/07/2009,LMT,OR,ANM,WE,Federal Contract Tower,0,15,1,0,16,0,0,3,0,3,0,15,4,0,19,12,0,12,31
05/08/2009,LMT,OR,ANM,WE,Federal Contract Tower,0,10,1,0,11,0,9,28,0,37,0,19,29,0,48,60,0,60,108
05/09/2009,LMT,OR,ANM,WE,Federal Contract Tower,0,11,4,0,15,0,2,46,0,48,0,13,50,0,63,56,1,57,120
05/10/2009,LMT,OR,ANM,WE,Federal Contract Tower,0,11,4,0,15,0,2,46,1,49,0,13,50,1,64,56,0,56,120
05/11/2009,LMT,OR,ANM,WE,Federal Contract Tower,0,12,1,2,15,0,5,2,0,7,0,17,3,2,22,56,0,56,78
05/12/2009,LMT,OR,ANM,WE,Federal Contract Tower,0,15,3,0,18,0,4,14,0,18,0,19,17,0,36,28,0,28,64
05/13/2009,LMT,OR,ANM,WE,Federal Contract Tower,0,12,3,0,15,0,5,14,2,21,0,17,17,2,36,11,3,14,50
05/14/2009,LMT,OR,ANM,WE,Federal Contract Tower,0,14,2,0,16,0,1,11,0,12,0,15,13,0,28,4,1,5,33
05/15/2009,LMT,OR,ANM,WE,Federal Contract Tower,0,12,0,0,12,0,4,22,3,29,0,16,22,3,41,45,0,45,86
05/16/2009,LMT,OR,ANM,WE,Federal Contract Tower,0,8,12,0,20,0,7,9,0,16,0,15,21,0,36,64,0,64,100
05/17/2009,LMT,OR,ANM,WE,Federal Contract Tower,0,7,10,0,17,0,0,1,0,1,0,7,11,0,18,69,0,69,87
05/18/2009,LMT,OR,ANM,WE,Federal Contract Tower,0,12,4,0,16,0,4,17,0,21,0,16,21,0,37,55,0,55,92
05/19/2009,LMT,OR,ANM,WE,Federal Contract Tower,0,25,11,0,36,0,0,4,0,4,0,25,15,0,40,49,0,49,89
05/20/2009,LMT,OR,ANM,WE,Federal Contract Tower,0,15,1,0,16,0,3,12,0,15,0,18,13,0,31,74,0,74,105
05/21/2009,LMT,OR,ANM,WE,Federal Contract Tower,0,12,4,0,16,0,4,12,0,16,0,16,16,0,32,58,0,58,90
05/22/2009,LMT,OR,ANM,WE,Federal Contract Tower,0,10,9,0,19,0,7,39,0,46,0,17,48,0,65,47,0,47,112
05/23/2009,LMT,OR,ANM,WE,Federal Contract Tower,0,9,7,0,16,0,1,24,0,25,0,10,31,0,41,20,0,20,61
05/24/2009,LMT,OR,ANM,WE,Federal Contract Tower,0,6,1,0,7,0,0,0,0,0,0,6,1,0,7,51,0,51,58
05/25/2009,LMT,OR,ANM,WE,Federal Contract Tower,0,9,6,0,15,0,1,0,0,1,0,10,6,0,16,62,0,62,78
05/26/2009,LMT,OR,ANM,WE,Federal Contract Tower,0,13,16,0,29,0,2,2,0,4,0,15,18,0,33,48,0,48,81
05/27/2009,LMT,OR,ANM,WE,Federal Contract Tower,0,11,11,0,22,0,7,14,0,21,0,18,25,0,43,50,0,50,93
05/28/2009,LMT,OR,ANM,WE,Federal Contract Tower,0,14,0,0,14,0,7,18,0,25,0,21,18,0,39,11,0,11,50
05/29/2009,LMT,OR,ANM,WE,Federal Contract Tower,0,18,24,0,42,0,2,1,0,3,0,20,25,0,45,43,0,43,88
05/30/2009,LMT,OR,ANM,WE,Federal Contract Tower,0,12,0,0,12,0,0,20,0,20,0,12,20,0,32,63,0,63,95
05/31/2009,LMT,OR,ANM,WE,Federal Contract Tower,0,6,3,0,9,0,0,3,0,3,0,6,6,0,12,43,0,43,55
06/01/2009,LMT,OR,ANM,WE,Federal Contract Tower,0,14,7,0,21,0,3,2,0,5,0,17,9,0,26,56,0,56,82
06/02/2009,LMT,OR,ANM,WE,Federal Contract Tower,0,24,6,0,30,0,0,29,0,29,0,24,35,0,59,34,0,34,93
06/03/2009,LMT,OR,ANM,WE,Federal Contract Tower,0,17,1,0,18,0,3,28,0,31,0,20,29,0,49,9,0,9,58
06/04/2009,LMT,OR,ANM,WE,Federal Contract Tower,0,12,11,0,23,0,0,0,0,0,0,12,11,0,23,21,0,21,44
06/05/2009,LMT,OR,ANM,WE,Federal Contract Tower,0,20,9,0,29,0,1,23,0,24,0,21,32,0,53,52,0,52,105
06/06/2009,LMT,OR,ANM,WE,Federal Contract Tower,0,9,9,0,18,0,0,6,0,6,0,9,15,0,24,15,0,15,39
06/07/2009,LMT,OR,ANM,WE,Federal Contract Tower,0,9,3,0,12,0,0,0,0,0,0,9,3,0,12,37,0,37,49
06/08/2009,LMT,OR,ANM,WE,Federal Contract Tower,0,21,2,0,23,0,3,45,0,48,0,24,47,0,71,16,0,16,87
06/09/2009,LMT,OR,ANM,WE,Federal Contract Tower,0,17,12,0,29,0,5,27,0,32,0,22,39,0,61,40,0,40,101
06/10/2009,LMT,OR,ANM,WE,Federal Contract Tower,0,24,22,22,68,0,21,3,0,24,0,45,25,22,92,17,1,18,110
06/11/2009,LMT,OR,ANM,WE,Federal Contract Tower,0,16,4,0,20,0,1,15,0,16,0,17,19,0,36,44,0,44,80
06/12/2009,LMT,OR,ANM,WE,Federal Contract Tower,0,26,7,0,33,0,4,20,0,24,0,30,27,0,57,44,0,44,101
06/13/2009,LMT,OR,ANM,WE,Federal Contract Tower,0,10,4,2,16,0,3,19,0,22,0,13,23,2,38,55,0,55,93
06/14/2009,LMT,OR,ANM,WE,Federal Contract Tower,0,7,3,0,10,0,2,17,0,19,0,9,20,0,29,30,0,30,59
06/15/2009,LMT,OR,ANM,WE,Federal Contract Tower,0,13,4,0,17,0,3,20,1,24,0,16,24,1,41,30,0,30,71
06/16/2009,LMT,OR,ANM,WE,Federal Contract Tower,0,15,3,0,18,0,2,16,0,18,0,17,19,0,36,22,0,22,58
06/17/2009,LMT,OR,ANM,WE,Federal Contract Tower,0,17,4,0,21,0,1,10,2,13,0,18,14,2,34,13,0,13,47
06/18/2009,LMT,OR,ANM,WE,Federal Contract Tower,0,12,2,0,14,0,6,23,0,29,0,18,25,0,43,34,0,34,77
06/19/2009,LMT,OR,ANM,WE,Federal Contract Tower,0,16,4,1,21,0,0,8,0,8,0,16,12,1,29,27,8,35,64
06/20/2009,LMT,OR,ANM,WE,Federal Contract Tower,0,10,26,4,40,0,0,61,0,61,0,10,87,4,101,35,0,35,136
06/21/2009,LMT,OR,ANM,WE,Federal Contract Tower,0,6,17,0,23,0,0,4,0,4,0,6,21,0,27,8,0,8,35
06/22/2009,LMT,OR,ANM,WE,Federal Contract Tower,0,16,3,0,19,0,4,34,1,39,0,20,37,1,58,32,2,34,92
06/23/2009,LMT,OR,ANM,WE,Federal Contract Tower,0,18,5,2,25,0,8,25,0,33,0,26,30,2,58,63,0,63,121
06/24/2009,LMT,OR,ANM,WE,Federal Contract Tower,0,16,6,2,24,0,7,28,0,35,0,23,34,2,59,8,0,8,67
06/25/2009,LMT,OR,ANM,WE,Federal Contract Tower,0,16,6,2,24,0,7,28,0,35,0,23,34,2,59,8,0,8,67
06/26/2009,LMT,OR,ANM,WE,Federal Contract Tower,0,25,40,0,65,0,8,17,0,25,0,33,57,0,90,31,0,31,121
06/27/2009,LMT,OR,ANM,WE,Federal Contract Tower,0,11,0,0,11,0,4,43,0,47,0,15,43,0,58,29,0,29,87
06/28/2009,LMT,OR,ANM,WE,Federal Contract Tower,0,8,5,3,16,0,0,21,0,21,0,8,26,3,37,12,0,12,49
06/29/2009,LMT,OR,ANM,WE,Federal Contract Tower,0,16,5,0,21,0,4,30,0,34,0,20,35,0,55,30,0,30,85
06/30/2009,LMT,OR,ANM,WE,Federal Contract Tower,0,14,0,0,14,0,7,14,0,21,0,21,14,0,35,4,0,4,39
07/01/2009,LMT,OR,ANM,WE,Federal Contract Tower,0,15,0,0,15,0,4,20,0,24,0,19,20,0,39,17,0,17,56
07/02/2009,LMT,OR,ANM,WE,Federal Contract Tower,0,15,0,0,15,0,4,33,0,37,0,19,33,0,52,17,0,17,69
07/03/2009,LMT,OR,ANM,WE,Federal Contract Tower,0,14,4,2,20,0,1,25,0,26,0,15,29,2,46,28,0,28,74
07/04/2009,LMT,OR,ANM,WE,Federal Contract Tower,0,6,0,0,6,0,2,8,0,10,0,8,8,0,16,25,2,27,43
07/05/2009,LMT,OR,ANM,WE,Federal Contract Tower,0,9,0,0,9,0,4,26,0,30,0,13,26,0,39,33,0,33,72
07/06/2009,LMT,OR,ANM,WE,Federal Contract Tower,0,14,5,0,19,0,1,41,0,42,0,15,46,0,61,29,0,29,90
07/07/2009,LMT,OR,ANM,WE,Federal Contract Tower,0,15,1,0,16,0,7,40,0,47,0,22,41,0,63,56,0,56,119
07/08/2009,LMT,OR,ANM,WE,Federal Contract Tower,0,13,3,0,16,0,7,34,0,41,0,20,37,0,57,12,0,12,69
07/09/2009,LMT,OR,ANM,WE,Federal Contract Tower,0,12,3,0,15,0,7,34,0,41,0,19,37,0,56,12,0,12,68
07/10/2009,LMT,OR,ANM,WE,Federal Contract Tower,0,11,0,0,11,0,4,41,0,45,0,15,41,0,56,8,0,8,64
07/11/2009,LMT,OR,ANM,WE,Federal Contract Tower,0,6,0,0,6,0,0,38,0,38,0,6,38,0,44,38,3,41,85
07/12/2009,LMT,OR,ANM,WE,Federal Contract Tower,0,5,0,0,5,0,0,14,0,14,0,5,14,0,19,24,0,24,43
07/13/2009,LMT,OR,ANM,WE,Federal Contract Tower,0,21,5,0,26,0,2,27,0,29,0,23,32,0,55,10,0,10,65
07/14/2009,LMT,OR,ANM,WE,Federal Contract Tower,0,20,6,0,26,0,2,0,0,2,0,22,6,0,28,62,0,62,90
07/15/2009,LMT,OR,ANM,WE,Federal Contract Tower,0,14,1,0,15,0,9,55,0,64,0,23,56,0,79,27,0,27,106
07/16/2009,LMT,OR,ANM,WE,Federal Contract Tower,0,14,11,1,26,0,5,20,0,25,0,19,31,1,51,23,0,23,74
07/17/2009,LMT,OR,ANM,WE,Federal Contract Tower,0,13,5,0,18,0,1,20,0,21,0,14,25,0,39,49,0,49,88
07/18/2009,LMT,OR,ANM,WE,Federal Contract Tower,0,9,0,0,9,0,0,32,0,32,0,9,32,0,41,30,0,30,71
07/19/2009,LMT,OR,ANM,WE,Federal Contract Tower,0,7,1,0,8,0,0,34,0,34,0,7,35,0,42,15,0,15,57
07/20/2009,LMT,OR,ANM,WE,Federal Contract Tower,0,12,2,0,14,0,10,18,0,28,0,22,20,0,42,23,0,23,65
07/21/2009,LMT,OR,ANM,WE,Federal Contract Tower,0,16,0,0,16,0,9,44,2,55,0,25,44,2,71,8,0,8,79
07/22/2009,LMT,OR,ANM,WE,Federal Contract Tower,0,22,4,2,28,0,0,40,0,40,0,22,44,2,68,10,0,10,78
07/23/2009,LMT,OR,ANM,WE,Federal Contract Tower,0,14,9,0,23,0,6,49,0,55,0,20,58,0,78,13,0,13,91
07/24/2009,LMT,OR,ANM,WE,Federal Contract Tower,0,12,2,0,14,0,5,41,0,46,0,17,43,0,60,32,0,32,92
07/25/2009,LMT,OR,ANM,WE,Federal Contract Tower,0,10,0,0,10,0,0,16,0,16,0,10,16,0,26,8,0,8,34
07/26/2009,LMT,OR,ANM,WE,Federal Contract Tower,0,8,7,0,15,0,0,31,0,31,0,8,38,0,46,1,0,1,47
07/27/2009,LMT,OR,ANM,WE,Federal Contract Tower,0,11,1,0,12,0,8,34,0,42,0,19,35,0,54,2,0,2,56
07/28/2009,LMT,OR,ANM,WE,Federal Contract Tower,0,21,4,2,27,0,4,17,0,21,0,25,21,2,48,6,0,6,54
07/29/2009,LMT,OR,ANM,WE,Federal Contract Tower,0,23,6,2,31,0,4,24,0,28,0,27,30,2,59,16,0,16,75
07/30/2009,LMT,OR,ANM,WE,Federal Contract Tower,0,15,2,2,19,0,1,29,0,30,0,16,31,2,49,8,0,8,57
07/31/2009,LMT,OR,ANM,WE,Federal Contract Tower,0,16,1,4,21,0,2,36,0,38,0,18,37,4,59,16,0,16,75
08/01/2009,LMT,OR,ANM,WE,Federal Contract Tower,0,8,2,0,10,0,1,65,0,66,0,9,67,0,76,36,0,36,112
08/02/2009,LMT,OR,ANM,WE,Federal Contract Tower,0,8,3,0,11,0,0,26,0,26,0,8,29,0,37,10,0,10,47
08/03/2009,LMT,OR,ANM,WE,Federal Contract Tower,0,13,2,0,15,0,11,39,1,51,0,24,41,1,66,14,0,14,80
08/04/2009,LMT,OR,ANM,WE,Federal Contract Tower,0,15,2,0,17,0,10,14,1,25,0,25,16,1,42,65,0,65,107
08/05/2009,LMT,OR,ANM,WE,Federal Contract Tower,15,10,2,0,27,0,4,15,0,19,15,14,17,0,46,20,0,20,66
08/06/2009,LMT,OR,ANM,WE,Federal Contract Tower,0,20,1,0,21,0,2,19,4,25,0,22,20,4,46,4,0,4,50
08/07/2009,LMT,OR,ANM,WE,Federal Contract Tower,0,15,3,0,18,0,6,17,0,23,0,21,20,0,41,0,0,0,41
08/08/2009,LMT,OR,ANM,WE,Federal Contract Tower,0,13,31,0,44,0,0,38,0,38,0,13,69,0,82,38,0,38,120
08/09/2009,LMT,OR,ANM,WE,Federal Contract Tower,0,8,37,0,45,0,0,38,0,38,0,8,75,0,83,38,0,38,121
08/10/2009,LMT,OR,ANM,WE,Federal Contract Tower,0,12,4,0,16,0,10,24,0,34,0,22,28,0,50,13,0,13,63
08/11/2009,LMT,OR,ANM,WE,Federal Contract Tower,0,13,4,0,17,0,11,36,0,47,0,24,40,0,64,33,0,33,97
08/12/2009,LMT,OR,ANM,WE,Federal Contract Tower,0,18,8,0,26,0,3,26,0,29,0,21,34,0,55,0,0,0,55
08/13/2009,LMT,OR,ANM,WE,Federal Contract Tower,0,9,6,0,15,0,2,37,0,39,0,11,43,0,54,9,0,9,63
08/14/2009,LMT,OR,ANM,WE,Federal Contract Tower,0,14,0,0,14,0,10,40,0,50,0,24,40,0,64,14,0,14,78
08/15/2009,LMT,OR,ANM,WE,Federal Contract Tower,0,9,3,0,12,0,0,33,1,34,0,9,36,1,46,14,0,14,60
08/16/2009,LMT,OR,ANM,WE,Federal Contract Tower,0,5,5,2,12,0,0,26,0,26,0,5,31,2,38,22,2,24,62
08/17/2009,LMT,OR,ANM,WE,Federal Contract Tower,0,22,2,0,24,0,5,24,0,29,0,27,26,0,53,15,0,15,68
08/18/2009,LMT,OR,ANM,WE,Federal Contract Tower,0,0,0,0,0,0,0,0,0,0,0,0,0,0,0,0,0,0,0
08/19/2009,LMT,OR,ANM,WE,Federal Contract Tower,0,11,0,0,11,0,4,36,1,41,0,15,36,1,52,14,0,14,66
08/20/2009,LMT,OR,ANM,WE,Federal Contract Tower,0,11,2,0,13,0,2,15,0,17,0,13,17,0,30,16,0,16,46
08/21/2009,LMT,OR,ANM,WE,Federal Contract Tower,0,11,0,0,11,0,9,24,0,33,0,20,24,0,44,5,0,5,49
08/22/2009,LMT,OR,ANM,WE,Federal Contract Tower,0,9,1,0,10,0,0,20,0,20,0,9,21,0,30,4,0,4,34
08/23/2009,LMT,OR,ANM,WE,Federal Contract Tower,0,5,1,0,6,0,0,45,0,45,0,5,46,0,51,6,0,6,57
08/24/2009,LMT,OR,ANM,WE,Federal Contract Tower,0,15,2,0,17,0,9,32,0,41,0,24,34,0,58,21,0,21,79
08/25/2009,LMT,OR,ANM,WE,Federal Contract Tower,0,24,4,0,28,0,14,62,0,76,0,38,66,0,104,33,0,33,137
08/26/2009,LMT,OR,ANM,WE,Federal Contract Tower,0,11,0,0,11,0,2,30,0,32,0,13,30,0,43,20,0,20,63
08/27/2009,LMT,OR,ANM,WE,Federal Contract Tower,0,11,1,0,12,0,3,29,0,32,0,14,30,0,44,17,0,17,61
08/28/2009,LMT,OR,ANM,WE,Federal Contract Tower,0,11,5,0,16,0,8,31,1,40,0,19,36,1,56,4,0,4,60
08/29/2009,LMT,OR,ANM,WE,Federal Contract Tower,0,10,16,1,27,0,10,10,1,21,0,20,26,2,48,41,0,41,89
08/30/2009,LMT,OR,ANM,WE,Federal Contract Tower,0,8,4,0,12,0,0,31,0,31,0,8,35,0,43,1,0,1,44
08/31/2009,LMT,OR,ANM,WE,Federal Contract Tower,0,13,1,0,14,0,9,51,0,60,0,22,52,0,74,22,0,22,96
09/01/2009,LMT,OR,ANM,WE,Federal Contract Tower,0,14,1,0,15,0,8,28,3,39,0,22,29,3,54,15,0,15,69
09/02/2009,LMT,OR,ANM,WE,Federal Contract Tower,0,17,1,0,18,0,7,35,0,42,0,24,36,0,60,28,4,32,92
09/03/2009,LMT,OR,ANM,WE,Federal Contract Tower,0,13,6,0,19,0,6,39,5,50,0,19,45,5,69,50,0,50,119
09/04/2009,LMT,OR,ANM,WE,Federal Contract Tower,0,9,7,0,16,0,4,47,0,51,0,13,54,0,67,45,0,45,112
09/05/2009,LMT,OR,ANM,WE,Federal Contract Tower,0,9,2,0,11,0,0,20,0,20,0,9,22,0,31,5,0,5,36
09/06/2009,LMT,OR,ANM,WE,Federal Contract Tower,0,6,4,0,10,0,0,15,0,15,0,6,19,0,25,8,0,8,33
09/07/2009,LMT,OR,ANM,WE,Federal Contract Tower,0,9,4,0,13,0,0,29,0,29,0,9,33,0,42,13,0,13,55
09/08/2009,LMT,OR,ANM,WE,Federal Contract Tower,0,18,25,0,43,0,4,11,0,15,0,22,36,0,58,35,0,35,93
09/09/2009,LMT,OR,ANM,WE,Federal Contract Tower,0,14,2,2,18,0,8,23,0,31,0,22,25,2,49,22,0,22,71
09/10/2009,LMT,OR,ANM,WE,Federal Contract Tower,0,15,3,0,18,0,10,25,0,35,0,25,28,0,53,46,0,46,99
09/11/2009,LMT,OR,ANM,WE,Federal Contract Tower,0,16,3,0,19,0,3,25,0,28,0,19,28,0,47,27,0,27,74
09/12/2009,LMT,OR,ANM,WE,Federal Contract Tower,0,9,2,0,11,0,4,21,0,25,0,13,23,0,36,0,0,0,36
09/13/2009,LMT,OR,ANM,WE,Federal Contract Tower,0,7,7,0,14,0,0,24,0,24,0,7,31,0,38,20,0,20,58
09/14/2009,LMT,OR,ANM,WE,Federal Contract Tower,0,10,10,1,21,0,1,19,0,20,0,11,29,1,41,33,2,35,76
09/15/2009,LMT,OR,ANM,WE,Federal Contract Tower,0,23,7,0,30,0,1,24,0,25,0,24,31,0,55,12,0,12,67
09/16/2009,LMT,OR,ANM,WE,Federal Contract Tower,0,14,5,0,19,0,6,21,8,35,0,20,26,8,54,15,2,17,71
09/17/2009,LMT,OR,ANM,WE,Federal Contract Tower,0,11,4,0,15,0,5,37,2,44,0,16,41,2,59,20,0,20,79
09/18/2009,LMT,OR,ANM,WE,Federal Contract Tower,0,11,1,4,16,0,6,65,0,71,0,17,66,4,87,18,0,18,105
09/19/2009,LMT,OR,ANM,WE,Federal Contract Tower,0,15,1,0,16,0,4,31,0,35,0,19,32,0,51,8,0,8,59
09/20/2009,LMT,OR,ANM,WE,Federal Contract Tower,0,6,1,0,7,0,0,32,0,32,0,6,33,0,39,0,0,0,39
09/21/2009,LMT,OR,ANM,WE,Federal Contract Tower,0,19,4,0,23,0,24,27,0,51,0,43,31,0,74,0,0,0,74
09/22/2009,LMT,OR,ANM,WE,Federal Contract Tower,0,8,10,1,19,0,2,16,0,18,0,10,26,1,37,26,0,26,63
09/23/2009,LMT,OR,ANM,WE,Federal Contract Tower,0,17,2,0,19,0,3,25,0,28,0,20,27,0,47,16,0,16,63
09/24/2009,LMT,OR,ANM,WE,Federal Contract Tower,0,10,0,0,10,0,1,7,0,8,0,11,7,0,18,10,0,10,28
09/25/2009,LMT,OR,ANM,WE,Federal Contract Tower,0,15,2,0,17,0,3,15,0,18,0,18,17,0,35,9,0,9,44
09/26/2009,LMT,OR,ANM,WE,Federal Contract Tower,0,9,0,0,9,0,0,9,0,9,0,9,9,0,18,0,0,0,18
09/27/2009,LMT,OR,ANM,WE,Federal Contract Tower,0,7,13,0,20,0,0,17,0,17,0,7,30,0,37,14,0,14,51
09/28/2009,LMT,OR,ANM,WE,Federal Contract Tower,0,21,5,2,28,0,4,18,1,23,0,25,23,3,51,2,0,2,53
09/29/2009,LMT,OR,ANM,WE,Federal Contract Tower,0,23,4,0,27,0,2,15,0,17,0,25,19,0,44,0,0,0,44
09/30/2009,LMT,OR,ANM,WE,Federal Contract Tower,0,18,8,0,26,0,3,8,0,11,0,21,16,0,37,8,0,8,45
10/01/2009,LMT,OR,ANM,WE,Federal Contract Tower,0,20,10,4,34,0,4,29,2,35,0,24,39,6,69,28,0,28,97
10/02/2009,LMT,OR,ANM,WE,Federal Contract Tower,0,19,5,0,24,0,0,27,0,27,0,19,32,0,51,4,0,4,55
10/03/2009,LMT,OR,ANM,WE,Federal Contract Tower,0,9,6,0,15,0,0,16,0,16,0,9,22,0,31,0,0,0,31
10/04/2009,LMT,OR,ANM,WE,Federal Contract Tower,0,2,9,0,11,0,0,0,0,0,0,2,9,0,11,14,0,14,25
10/05/2009,LMT,OR,ANM,WE,Federal Contract Tower,0,16,8,0,24,0,5,23,0,28,0,21,31,0,52,0,0,0,52
10/06/2009,LMT,OR,ANM,WE,Federal Contract Tower,0,16,2,2,20,0,3,24,0,27,0,19,26,2,47,23,0,23,70
10/07/2009,LMT,OR,ANM,WE,Federal Contract Tower,0,14,0,0,14,0,4,52,0,56,0,18,52,0,70,8,0,8,78
10/08/2009,LMT,OR,ANM,WE,Federal Contract Tower,0,12,4,0,16,0,3,31,0,34,0,15,35,0,50,24,0,24,74
10/09/2009,LMT,OR,ANM,WE,Federal Contract Tower,0,18,3,2,23,0,2,27,0,29,0,20,30,2,52,7,1,8,60
10/10/2009,LMT,OR,ANM,WE,Federal Contract Tower,0,11,3,0,14,0,3,34,0,37,0,14,37,0,51,16,0,16,67
10/11/2009,LMT,OR,ANM,WE,Federal Contract Tower,0,6,3,0,9,0,0,31,0,31,0,6,34,0,40,8,0,8,48
10/12/2009,LMT,OR,ANM,WE,Federal Contract Tower,0,9,3,0,12,0,2,22,0,24,0,11,25,0,36,4,0,4,40
10/13/2009,LMT,OR,ANM,WE,Federal Contract Tower,0,17,11,0,28,0,0,0,0,0,0,17,11,0,28,0,0,0,28
10/14/2009,LMT,OR,ANM,WE,Federal Contract Tower,0,17,7,0,24,0,2,3,0,5,0,19,10,0,29,0,0,0,29
10/15/2009,LMT,OR,ANM,WE,Federal Contract Tower,0,13,6,2,21,0,5,9,2,16,0,18,15,4,37,28,0,28,65
10/16/2009,LMT,OR,ANM,WE,Federal Contract Tower,0,12,4,0,16,0,4,16,0,20,0,16,20,0,36,4,0,4,40
10/17/2009,LMT,OR,ANM,WE,Federal Contract Tower,0,6,1,1,8,0,3,8,1,12,0,9,9,2,20,18,2,20,40
10/18/2009,LMT,OR,ANM,WE,Federal Contract Tower,0,8,9,0,17,0,0,24,0,24,0,8,33,0,41,22,0,22,63
10/19/2009,LMT,OR,ANM,WE,Federal Contract Tower,0,20,10,0,30,0,2,2,0,4,0,22,12,0,34,0,0,0,34
10/20/2009,LMT,OR,ANM,WE,Federal Contract Tower,0,28,15,0,43,0,0,42,0,42,0,28,57,0,85,42,0,42,127
10/21/2009,LMT,OR,ANM,WE,Federal Contract Tower,0,16,2,0,18,0,6,14,0,20,0,22,16,0,38,8,0,8,46
10/22/2009,LMT,OR,ANM,WE,Federal Contract Tower,0,13,3,0,16,0,4,64,2,70,0,17,67,2,86,28,0,28,114
10/23/2009,LMT,OR,ANM,WE,Federal Contract Tower,0,16,0,0,16,0,2,13,0,15,0,18,13,0,31,11,0,11,42
10/24/2009,LMT,OR,ANM,WE,Federal Contract Tower,0,10,0,0,10,0,2,10,0,12,0,12,10,0,22,36,0,36,58
10/25/2009,LMT,OR,ANM,WE,Federal Contract Tower,0,9,6,0,15,0,2,47,0,49,0,11,53,0,64,0,0,0,64
10/26/2009,LMT,OR,ANM,WE,Federal Contract Tower,0,19,3,0,22,0,2,3,0,5,0,21,6,0,27,0,0,0,27
10/27/2009,LMT,OR,ANM,WE,Federal Contract Tower,0,18,6,1,25,0,2,2,1,5,0,20,8,2,30,40,0,40,70
10/28/2009,LMT,OR,ANM,WE,Federal Contract Tower,0,12,10,2,24,0,4,30,0,34,0,16,40,2,58,8,0,8,66
10/29/2009,LMT,OR,ANM,WE,Federal Contract Tower,0,15,5,0,20,0,1,7,0,8,0,16,12,0,28,12,0,12,40
10/30/2009,LMT,OR,ANM,WE,Federal Contract Tower,0,14,1,0,15,0,1,7,0,8,0,15,8,0,23,0,0,0,23
10/31/2009,LMT,OR,ANM,WE,Federal Contract Tower,0,11,2,0,13,0,1,11,0,12,0,12,13,0,25,6,0,6,31
11/01/2009,LMT,OR,ANM,WE,Federal Contract Tower,0,11,3,0,14,0,0,34,0,34,0,11,37,0,48,14,0,14,62
11/02/2009,LMT,OR,ANM,WE,Federal Contract Tower,0,18,4,4,26,0,10,42,2,54,0,28,46,6,80,38,44,82,162
11/03/2009,LMT,OR,ANM,WE,Federal Contract Tower,0,18,9,3,30,0,3,50,7,60,0,21,59,10,90,31,9,40,130
11/04/2009,LMT,OR,ANM,WE,Federal Contract Tower,0,19,1,0,20,0,0,14,10,24,0,19,15,10,44,0,6,6,50
11/05/2009,LMT,OR,ANM,WE,Federal Contract Tower,0,19,5,2,26,0,0,0,3,3,0,19,5,5,29,14,7,21,50
11/06/2009,LMT,OR,ANM,WE,Federal Contract Tower,0,16,1,0,17,0,3,5,0,8,0,19,6,0,25,0,0,0,25
11/07/2009,LMT,OR,ANM,WE,Federal Contract Tower,0,12,0,0,12,0,0,18,0,18,0,12,18,0,30,0,0,0,30
11/08/2009,LMT,OR,ANM,WE,Federal Contract Tower,0,7,5,0,12,0,0,34,0,34,0,7,39,0,46,14,0,14,60
11/09/2009,LMT,OR,ANM,WE,Federal Contract Tower,0,18,3,4,25,0,0,0,0,0,0,18,3,4,25,0,0,0,25
11/10/2009,LMT,OR,ANM,WE,Federal Contract Tower,0,17,4,14,35,0,0,11,12,23,0,17,15,26,58,10,22,32,90
11/11/2009,LMT,OR,ANM,WE,Federal Contract Tower,0,15,3,6,24,0,0,0,0,0,0,15,3,6,24,0,16,16,40
11/12/2009,LMT,OR,ANM,WE,Federal Contract Tower,0,23,2,20,45,0,2,5,4,11,0,25,7,24,56,12,32,44,100
11/13/2009,LMT,OR,ANM,WE,Federal Contract Tower,0,20,8,28,56,0,0,0,0,0,0,20,8,28,56,0,2,2,58
11/14/2009,LMT,OR,ANM,WE,Federal Contract Tower,0,10,0,4,14,0,2,16,0,18,0,12,16,4,32,30,0,30,62
11/15/2009,LMT,OR,ANM,WE,Federal Contract Tower,0,8,5,0,13,0,0,51,0,51,0,8,56,0,64,14,0,14,78
11/16/2009,LMT,OR,ANM,WE,Federal Contract Tower,0,16,4,0,20,0,1,6,0,7,0,17,10,0,27,36,0,36,63
11/17/2009,LMT,OR,ANM,WE,Federal Contract Tower,0,23,3,26,52,0,1,0,14,15,0,24,3,40,67,0,10,10,77
11/18/2009,LMT,OR,ANM,WE,Federal Contract Tower,0,15,6,27,48,0,6,7,2,15,0,21,13,29,63,19,36,55,118
11/19/2009,LMT,OR,ANM,WE,Federal Contract Tower,0,20,3,20,43,0,3,7,1,11,0,23,10,21,54,9,13,22,76
11/20/2009,LMT,OR,ANM,WE,Federal Contract Tower,0,20,7,8,35,0,1,0,0,1,0,21,7,8,36,1,0,1,37
11/21/2009,LMT,OR,ANM,WE,Federal Contract Tower,0,10,0,0,10,0,1,4,0,5,0,11,4,0,15,0,0,0,15
11/22/2009,LMT,OR,ANM,WE,Federal Contract Tower,0,6,4,0,10,0,0,0,0,0,0,6,4,0,10,0,0,0,10
11/23/2009,LMT,OR,ANM,WE,Federal Contract Tower,0,13,0,23,36,0,2,11,6,19,0,15,11,29,55,8,44,52,107
11/24/2009,LMT,OR,ANM,WE,Federal Contract Tower,0,18,2,19,39,0,1,19,11,31,0,19,21,30,70,22,38,60,130
11/25/2009,LMT,OR,ANM,WE,Federal Contract Tower,0,15,7,8,30,0,3,25,9,37,0,18,32,17,67,31,29,60,127
11/26/2009,LMT,OR,ANM,WE,Federal Contract Tower,0,3,0,0,3,0,0,2,0,2,0,3,2,0,5,6,0,6,11
11/27/2009,LMT,OR,ANM,WE,Federal Contract Tower,0,13,1,0,14,0,2,2,0,4,0,15,3,0,18,6,0,6,24
11/28/2009,LMT,OR,ANM,WE,Federal Contract Tower,0,8,15,0,23,0,1,4,0,5,0,9,19,0,28,17,0,17,45
11/29/2009,LMT,OR,ANM,WE,Federal Contract Tower,0,5,1,0,6,0,0,48,0,48,0,5,49,0,54,36,0,36,90
11/30/2009,LMT,OR,ANM,WE,Federal Contract Tower,0,17,3,23,43,0,4,18,10,32,0,21,21,33,75,32,37,69,144
12/01/2009,LMT,OR,ANM,WE,Federal Contract Tower,0,23,2,22,47,0,0,20,14,34,0,23,22,36,81,6,49,55,136
12/02/2009,LMT,OR,ANM,WE,Federal Contract Tower,0,14,4,9,27,0,2,15,6,23,0,16,19,15,50,22,32,54,104
12/03/2009,LMT,OR,ANM,WE,Federal Contract Tower,0,18,3,16,37,0,2,11,8,21,0,20,14,24,58,2,30,32,90
12/04/2009,LMT,OR,ANM,WE,Federal Contract Tower,0,16,11,22,49,0,1,3,0,4,0,17,14,22,53,10,35,45,98
12/05/2009,LMT,OR,ANM,WE,Federal Contract Tower,0,11,7,22,40,0,0,2,6,8,0,11,9,28,48,20,54,74,122
12/06/2009,LMT,OR,ANM,WE,Federal Contract Tower,0,7,9,6,22,0,0,5,0,5,0,7,14,6,27,24,10,34,61
12/07/2009,LMT,OR,ANM,WE,Federal Contract Tower,0,15,10,0,25,0,3,4,0,7,0,18,14,0,32,0,0,0,32
12/08/2009,LMT,OR,ANM,WE,Federal Contract Tower,0,8,9,13,30,0,0,4,0,4,0,8,13,13,34,4,20,24,58
12/09/2009,LMT,OR,ANM,WE,Federal Contract Tower,0,16,7,13,36,0,2,10,0,12,0,18,17,13,48,14,59,73,121
12/10/2009,LMT,OR,ANM,WE,Federal Contract Tower,0,16,3,23,42,0,1,6,8,15,0,17,9,31,57,4,4,8,65
12/11/2009,LMT,OR,ANM,WE,Federal Contract Tower,0,19,1,8,28,0,0,2,10,12,0,19,3,18,40,6,10,16,56
12/12/2009,LMT,OR,ANM,WE,Federal Contract Tower,0,15,3,0,18,0,4,2,0,6,0,19,5,0,24,2,0,2,26
12/13/2009,LMT,OR,ANM,WE,Federal Contract Tower,0,9,3,0,12,0,0,2,0,2,0,9,5,0,14,0,0,0,14
12/14/2009,LMT,OR,ANM,WE,Federal Contract Tower,0,22,9,23,54,0,0,2,6,8,0,22,11,29,62,0,4,4,66
12/15/2009,LMT,OR,ANM,WE,Federal Contract Tower,0,21,6,27,54,0,0,0,0,0,0,21,6,27,54,2,0,2,56
12/16/2009,LMT,OR,ANM,WE,Federal Contract Tower,0,19,5,18,42,0,0,0,6,6,0,19,5,24,48,0,14,14,62
12/17/2009,LMT,OR,ANM,WE,Federal Contract Tower,0,18,8,26,52,0,0,12,0,12,0,18,20,26,64,14,26,40,104
12/18/2009,LMT,OR,ANM,WE,Federal Contract Tower,0,23,10,23,56,0,0,5,7,12,0,23,15,30,68,10,13,23,91
12/19/2009,LMT,OR,ANM,WE,Federal Contract Tower,0,8,4,0,12,0,3,13,0,16,0,11,17,0,28,17,0,17,45
12/20/2009,LMT,OR,ANM,WE,Federal Contract Tower,0,7,0,0,7,0,0,0,0,0,0,7,0,0,7,2,0,2,9
12/21/2009,LMT,OR,ANM,WE,Federal Contract Tower,0,23,4,15,42,0,0,1,10,11,0,23,5,25,53,0,18,18,71
12/22/2009,LMT,OR,ANM,WE,Federal Contract Tower,0,24,2,11,37,0,0,2,11,13,0,24,4,22,50,7,17,24,74
12/23/2009,LMT,OR,ANM,WE,Federal Contract Tower,0,14,3,12,29,0,1,23,4,28,0,15,26,16,57,8,0,8,65
12/24/2009,LMT,OR,ANM,WE,Federal Contract Tower,0,18,3,0,21,0,4,7,0,11,0,22,10,0,32,26,0,26,58
12/25/2009,LMT,OR,ANM,WE,Federal Contract Tower,0,7,0,0,7,0,0,0,0,0,0,7,0,0,7,2,0,2,9
12/26/2009,LMT,OR,ANM,WE,Federal Contract Tower,0,8,2,0,10,0,5,16,0,21,0,13,18,0,31,14,0,14,45
12/27/2009,LMT,OR,ANM,WE,Federal Contract Tower,0,6,1,0,7,0,1,1,0,2,0,7,2,0,9,7,0,7,16
12/28/2009,LMT,OR,ANM,WE,Federal Contract Tower,0,16,3,16,35,0,5,2,6,13,0,21,5,22,48,0,10,10,58
12/29/2009,LMT,OR,ANM,WE,Federal Contract Tower,0,31,5,0,36,0,0,0,0,0,0,31,5,0,36,0,0,0,36
12/30/2009,LMT,OR,ANM,WE,Federal Contract Tower,0,18,6,8,32,0,1,1,8,10,0,19,7,16,42,3,2,5,47
12/31/2009,LMT,OR,ANM,WE,Federal Contract Tower,0,19,1,0,20,0,0,0,0,0,0,19,1,0,20,0,0,0,20
01/01/2010,LMT,OR,ANM,WE,Federal Contract Tower,0,8,1,0,9,0,0,0,0,0,0,8,1,0,9,0,0,0,9
01/02/2010,LMT,OR,ANM,WE,Federal Contract Tower,0,11,7,0,18,0,2,0,0,2,0,13,7,0,20,19,0,19,39
01/03/2010,LMT,OR,ANM,WE,Federal Contract Tower,0,8,2,0,10,0,0,0,0,0,0,8,2,0,10,0,0,0,10
01/04/2010,LMT,OR,ANM,WE,Federal Contract Tower,0,13,1,10,24,0,5,7,10,22,0,18,8,20,46,18,12,30,76
01/05/2010,LMT,OR,ANM,WE,Federal Contract Tower,0,15,2,24,41,0,4,16,8,28,0,19,18,32,69,32,58,90,159
01/06/2010,LMT,OR,ANM,WE,Federal Contract Tower,0,16,8,25,49,0,0,8,7,15,0,16,16,32,64,1,4,5,69
01/07/2010,LMT,OR,ANM,WE,Federal Contract Tower,0,14,4,42,60,0,2,8,2,12,0,16,12,44,72,12,58,70,142
01/08/2010,LMT,OR,ANM,WE,Federal Contract Tower,0,19,1,11,31,0,0,5,10,15,0,19,6,21,46,6,26,32,78
01/09/2010,LMT,OR,ANM,WE,Federal Contract Tower,0,12,2,0,14,0,0,3,0,3,0,12,5,0,17,8,0,8,25
01/10/2010,LMT,OR,ANM,WE,Federal Contract Tower,0,10,1,0,11,0,0,17,0,17,0,10,18,0,28,8,0,8,36
01/11/2010,LMT,OR,ANM,WE,Federal Contract Tower,0,28,6,0,34,0,4,4,0,8,0,32,10,0,42,0,0,0,42
01/12/2010,LMT,OR,ANM,WE,Federal Contract Tower,0,19,2,17,38,0,1,2,6,9,0,20,4,23,47,0,16,16,63
01/13/2010,LMT,OR,ANM,WE,Federal Contract Tower,0,15,4,23,42,0,0,2,14,16,0,15,6,37,58,1,42,43,101
01/14/2010,LMT,OR,ANM,WE,Federal Contract Tower,0,23,4,8,35,0,1,10,20,31,0,24,14,28,66,9,10,19,85
01/15/2010,LMT,OR,ANM,WE,Federal Contract Tower,0,21,5,18,44,0,5,11,8,24,0,26,16,26,68,4,30,34,102
01/16/2010,LMT,OR,ANM,WE,Federal Contract Tower,0,13,7,0,20,0,1,0,0,1,0,14,7,0,21,28,0,28,49
01/17/2010,LMT,OR,ANM,WE,Federal Contract Tower,0,8,1,0,9,0,0,4,3,7,0,8,5,3,16,22,0,22,38
01/18/2010,LMT,OR,ANM,WE,Federal Contract Tower,0,21,7,0,28,0,0,2,1,3,0,21,9,1,31,11,0,11,42
01/19/2010,LMT,OR,ANM,WE,Federal Contract Tower,0,22,5,1,28,0,1,0,0,1,0,23,5,1,29,0,0,0,29
01/20/2010,LMT,OR,ANM,WE,Federal Contract Tower,0,19,4,2,25,0,1,0,0,1,0,20,4,2,26,0,0,0,26
01/21/2010,LMT,OR,ANM,WE,Federal Contract Tower,0,18,5,32,55,0,1,1,6,8,0,19,6,38,63,0,14,14,77
01/22/2010,LMT,OR,ANM,WE,Federal Contract Tower,0,20,3,19,42,0,1,1,0,2,0,21,4,19,44,0,0,0,44
01/23/2010,LMT,OR,ANM,WE,Federal Contract Tower,0,10,0,33,43,0,1,18,4,23,0,11,18,37,66,30,30,60,126
01/24/2010,LMT,OR,ANM,WE,Federal Contract Tower,0,3,0,2,5,0,0,0,0,0,0,3,0,2,5,0,0,0,5
01/25/2010,LMT,OR,ANM,WE,Federal Contract Tower,0,24,6,5,35,0,0,0,0,0,0,24,6,5,35,0,0,0,35
01/26/2010,LMT,OR,ANM,WE,Federal Contract Tower,0,20,6,14,40,0,0,1,6,7,0,20,7,20,47,16,28,44,91
01/27/2010,LMT,OR,ANM,WE,Federal Contract Tower,0,18,10,20,48,0,1,5,0,6,0,19,15,20,54,10,22,32,86
01/28/2010,LMT,OR,ANM,WE,Federal Contract Tower,0,19,2,12,33,0,0,22,12,34,0,19,24,24,67,45,53,98,165
01/29/2010,LMT,OR,ANM,WE,Federal Contract Tower,0,18,3,10,31,0,0,0,5,5,0,18,3,15,36,16,8,24,60
01/30/2010,LMT,OR,ANM,WE,Federal Contract Tower,0,11,0,1,12,0,0,0,0,0,0,11,0,1,12,10,0,10,22
01/31/2010,LMT,OR,ANM,WE,Federal Contract Tower,0,9,6,1,16,0,0,16,0,16,0,9,22,1,32,28,0,28,60
02/01/2010,LMT,OR,ANM,WE,Federal Contract Tower,0,20,5,40,65,0,1,0,0,1,0,21,5,40,66,2,12,14,80
02/02/2010,LMT,OR,ANM,WE,Federal Contract Tower,0,19,2,41,62,0,2,1,5,8,0,21,3,46,70,13,46,59,129
02/03/2010,LMT,OR,ANM,WE,Federal Contract Tower,0,16,6,24,46,0,1,0,1,2,0,17,6,25,48,2,43,45,93
02/04/2010,LMT,OR,ANM,WE,Federal Contract Tower,0,20,6,26,52,0,0,10,15,25,0,20,16,41,77,0,24,24,101
02/05/2010,LMT,OR,ANM,WE,Federal Contract Tower,0,13,2,16,31,0,2,7,26,35,0,15,9,42,66,12,18,30,96
02/06/2010,LMT,OR,ANM,WE,Federal Contract Tower,0,6,2,36,44,0,0,3,0,3,0,6,5,36,47,8,31,39,86
02/07/2010,LMT,OR,ANM,WE,Federal Contract Tower,0,6,2,22,30,0,0,25,0,25,0,6,27,22,55,19,19,38,93
02/08/2010,LMT,OR,ANM,WE,Federal Contract Tower,0,21,23,3,47,0,2,3,2,7,0,23,26,5,54,53,5,58,112
02/09/2010,LMT,OR,ANM,WE,Federal Contract Tower,0,19,5,24,48,0,8,4,28,40,0,27,9,52,88,36,48,84,172
02/10/2010,LMT,OR,ANM,WE,Federal Contract Tower,0,19,6,20,45,0,6,2,4,12,0,25,8,24,57,5,16,21,78
02/11/2010,LMT,OR,ANM,WE,Federal Contract Tower,0,21,0,21,42,0,0,8,0,8,0,21,8,21,50,19,20,39,89
02/12/2010,LMT,OR,ANM,WE,Federal Contract Tower,0,18,0,18,36,0,0,10,6,16,0,18,10,24,52,8,8,16,68
02/13/2010,LMT,OR,ANM,WE,Federal Contract Tower,0,5,0,0,5,0,1,8,0,9,0,6,8,0,14,25,0,25,39
02/14/2010,LMT,OR,ANM,WE,Federal Contract Tower,0,8,0,0,8,0,0,2,0,2,0,8,2,0,10,0,0,0,10
02/15/2010,LMT,OR,ANM,WE,Federal Contract Tower,0,9,4,0,13,0,4,4,0,8,0,13,8,0,21,16,0,16,37
02/16/2010,LMT,OR,ANM,WE,Federal Contract Tower,0,21,8,27,56,0,3,11,13,27,0,24,19,40,83,10,30,40,123
02/17/2010,LMT,OR,ANM,WE,Federal Contract Tower,0,14,2,13,29,0,3,40,8,51,0,17,42,21,80,76,16,92,172
02/18/2010,LMT,OR,ANM,WE,Federal Contract Tower,0,18,2,15,35,0,13,20,37,70,0,31,22,52,105,53,52,105,210
02/19/2010,LMT,OR,ANM,WE,Federal Contract Tower,0,20,12,25,57,0,6,19,22,47,0,26,31,47,104,57,47,104,208
02/20/2010,LMT,OR,ANM,WE,Federal Contract Tower,0,7,1,0,8,0,4,20,0,24,0,11,21,0,32,0,0,0,32
02/21/2010,LMT,OR,ANM,WE,Federal Contract Tower,0,6,1,0,7,0,0,24,0,24,0,6,25,0,31,23,0,23,54
02/22/2010,LMT,OR,ANM,WE,Federal Contract Tower,0,24,6,2,32,0,0,0,0,0,0,24,6,2,32,50,0,50,82
02/23/2010,LMT,OR,ANM,WE,Federal Contract Tower,0,16,3,0,19,0,2,1,0,3,0,18,4,0,22,0,0,0,22
02/24/2010,LMT,OR,ANM,WE,Federal Contract Tower,0,17,4,17,38,0,1,26,38,65,0,18,30,55,103,48,55,103,206
02/25/2010,LMT,OR,ANM,WE,Federal Contract Tower,0,11,3,24,38,0,3,11,0,14,0,14,14,24,52,33,11,44,96
02/26/2010,LMT,OR,ANM,WE,Federal Contract Tower,0,15,5,0,20,0,0,1,0,1,0,15,6,0,21,0,0,0,21
02/27/2010,LMT,OR,ANM,WE,Federal Contract Tower,0,9,27,0,36,0,0,0,0,0,0,9,27,0,36,20,0,20,56
02/28/2010,LMT,OR,ANM,WE,Federal Contract Tower,0,9,4,0,13,0,0,30,0,30,0,9,34,0,43,60,0,60,103
03/01/2010,LMT,OR,ANM,WE,Federal Contract Tower,0,14,2,20,36,0,6,10,4,20,0,20,12,24,56,28,24,52,108
03/02/2010,LMT,OR,ANM,WE,Federal Contract Tower,0,18,2,32,52,0,8,5,0,13,0,26,7,32,65,4,44,48,113
03/03/2010,LMT,OR,ANM,WE,Federal Contract Tower,0,16,5,33,54,0,2,0,1,3,0,18,5,34,57,0,8,8,65
03/04/2010,LMT,OR,ANM,WE,Federal Contract Tower,0,17,5,19,41,0,16,15,22,53,0,33,20,41,94,24,80,104,198
03/05/2010,LMT,OR,ANM,WE,Federal Contract Tower,0,19,4,13,36,0,2,8,0,10,0,21,12,13,46,18,18,36,82
03/06/2010,LMT,OR,ANM,WE,Federal Contract Tower,0,13,8,25,46,0,1,46,10,57,0,14,54,35,103,36,58,94,197
03/07/2010,LMT,OR,ANM,WE,Federal Contract Tower,0,6,0,25,31,0,0,25,7,32,0,6,25,32,63,20,44,64,127
03/08/2010,LMT,OR,ANM,WE,Federal Contract Tower,0,25,6,0,31,0,0,18,0,18,0,25,24,0,49,6,0,6,55
03/09/2010,LMT,OR,ANM,WE,Federal Contract Tower,0,14,7,26,47,0,5,4,12,21,0,19,11,38,68,5,42,47,115
03/10/2010,LMT,OR,ANM,WE,Federal Contract Tower,0,18,6,21,45,0,2,6,3,11,0,20,12,24,56,5,54,59,115
03/11/2010,LMT,OR,ANM,WE,Federal Contract Tower,0,16,4,20,40,0,0,11,14,25,0,16,15,34,65,7,20,27,92
03/12/2010,LMT,OR,ANM,WE,Federal Contract Tower,0,16,0,0,16,0,0,0,0,0,0,16,0,0,16,0,0,0,16
03/13/2010,LMT,OR,ANM,WE,Federal Contract Tower,0,10,4,0,14,0,2,22,10,34,0,12,26,10,48,8,0,8,56
03/14/2010,LMT,OR,ANM,WE,Federal Contract Tower,0,13,2,0,15,0,0,13,0,13,0,13,15,0,28,0,0,0,28
03/15/2010,LMT,OR,ANM,WE,Federal Contract Tower,0,18,0,25,43,0,7,25,3,35,0,25,25,28,78,37,42,79,157
03/16/2010,LMT,OR,ANM,WE,Federal Contract Tower,0,11,0,21,32,0,6,3,13,22,0,17,3,34,54,14,38,52,106
03/17/2010,LMT,OR,ANM,WE,Federal Contract Tower,0,8,4,22,34,0,9,8,8,25,0,17,12,30,59,33,21,54,113
03/18/2010,LMT,OR,ANM,WE,Federal Contract Tower,0,16,9,26,51,0,4,23,6,33,0,20,32,32,84,52,32,84,168
03/19/2010,LMT,OR,ANM,WE,Federal Contract Tower,0,13,0,10,23,0,1,30,6,37,0,14,30,16,60,24,10,34,94
03/20/2010,LMT,OR,ANM,WE,Federal Contract Tower,0,9,3,0,12,0,2,37,0,39,0,11,40,0,51,16,0,16,67
03/21/2010,LMT,OR,ANM,WE,Federal Contract Tower,0,8,8,0,16,0,0,4,0,4,0,8,12,0,20,0,0,0,20
03/22/2010,LMT,OR,ANM,WE,Federal Contract Tower,0,17,1,0,18,0,9,18,0,27,0,26,19,0,45,2,0,2,47
03/23/2010,LMT,OR,ANM,WE,Federal Contract Tower,0,19,20,28,67,0,0,0,0,0,0,19,20,28,67,24,23,47,114
03/24/2010,LMT,OR,ANM,WE,Federal Contract Tower,0,13,0,16,29,0,9,28,6,43,0,22,28,22,72,10,38,48,120
03/25/2010,LMT,OR,ANM,WE,Federal Contract Tower,0,18,0,21,39,0,1,1,14,16,0,19,1,35,55,0,18,18,73
03/26/2010,LMT,OR,ANM,WE,Federal Contract Tower,0,16,2,25,43,0,0,7,8,15,0,16,9,33,58,1,34,35,93
03/27/2010,LMT,OR,ANM,WE,Federal Contract Tower,0,10,0,0,10,0,2,37,4,43,0,12,37,4,53,8,0,8,61
03/28/2010,LMT,OR,ANM,WE,Federal Contract Tower,0,8,6,0,14,0,0,6,0,6,0,8,12,0,20,20,0,20,40
03/29/2010,LMT,OR,ANM,WE,Federal Contract Tower,0,16,5,1,22,0,1,3,0,4,0,17,8,1,26,0,0,0,26
03/30/2010,LMT,OR,ANM,WE,Federal Contract Tower,0,18,5,12,35,0,4,1,0,5,0,22,6,12,40,4,10,14,54
03/31/2010,LMT,OR,ANM,WE,Federal Contract Tower,0,18,5,31,54,0,2,5,2,9,0,20,10,33,63,3,14,17,80
04/01/2010,LMT,OR,ANM,WE,Federal Contract Tower,0,23,2,30,55,0,9,11,4,24,0,32,13,34,79,10,22,32,111
04/02/2010,LMT,OR,ANM,WE,Federal Contract Tower,0,16,0,3,19,0,0,1,0,1,0,16,1,3,20,0,0,0,20
04/03/2010,LMT,OR,ANM,WE,Federal Contract Tower,0,15,3,0,18,0,0,4,0,4,0,15,7,0,22,22,0,22,44
04/04/2010,LMT,OR,ANM,WE,Federal Contract Tower,0,8,0,0,8,0,0,4,0,4,0,8,4,0,12,8,0,8,20
04/05/2010,LMT,OR,ANM,WE,Federal Contract Tower,0,16,6,0,22,0,3,4,0,7,0,19,10,0,29,0,0,0,29
04/06/2010,LMT,OR,ANM,WE,Federal Contract Tower,0,22,0,24,46,0,0,0,0,0,0,22,0,24,46,0,16,16,62
04/07/2010,LMT,OR,ANM,WE,Federal Contract Tower,0,18,4,28,50,0,3,19,20,42,0,21,23,48,92,6,16,22,114
04/08/2010,LMT,OR,ANM,WE,Federal Contract Tower,0,19,9,16,44,0,5,9,16,30,0,24,18,32,74,7,16,23,97
04/09/2010,LMT,OR,ANM,WE,Federal Contract Tower,0,14,4,14,32,0,4,15,9,28,0,18,19,23,60,19,4,23,83
04/10/2010,LMT,OR,ANM,WE,Federal Contract Tower,0,8,3,0,11,0,2,9,0,11,0,10,12,0,22,36,0,36,58
04/11/2010,LMT,OR,ANM,WE,Federal Contract Tower,0,6,0,0,6,0,0,4,0,4,0,6,4,0,10,6,0,6,16
04/12/2010,LMT,OR,ANM,WE,Federal Contract Tower,0,19,0,32,51,0,4,2,25,31,0,23,2,57,82,0,30,30,112
04/13/2010,LMT,OR,ANM,WE,Federal Contract Tower,0,18,5,51,74,0,3,3,6,12,0,21,8,57,86,9,15,24,110
04/14/2010,LMT,OR,ANM,WE,Federal Contract Tower,0,14,0,31,45,0,5,8,1,14,0,19,8,32,59,8,6,14,73
04/15/2010,LMT,OR,ANM,WE,Federal Contract Tower,0,16,6,28,50,0,7,15,8,30,0,23,21,36,80,18,22,40,120
04/16/2010,LMT,OR,ANM,WE,Federal Contract Tower,0,12,2,28,42,0,5,14,0,19,0,17,16,28,61,30,46,76,137
04/17/2010,LMT,OR,ANM,WE,Federal Contract Tower,0,9,2,22,33,0,2,16,26,44,0,11,18,48,77,20,30,50,127
04/18/2010,LMT,OR,ANM,WE,Federal Contract Tower,0,7,1,14,22,0,0,39,12,51,0,7,40,26,73,96,14,110,183
04/19/2010,LMT,OR,ANM,WE,Federal Contract Tower,0,15,22,0,37,0,8,2,0,10,0,23,24,0,47,34,0,34,81
04/20/2010,LMT,OR,ANM,WE,Federal Contract Tower,0,20,6,35,61,0,1,1,0,2,0,21,7,35,63,13,12,25,88
04/21/2010,LMT,OR,ANM,WE,Federal Contract Tower,0,20,8,17,45,0,3,0,2,5,0,23,8,19,50,0,16,16,66
04/22/2010,LMT,OR,ANM,WE,Federal Contract Tower,0,13,6,24,43,0,9,22,6,37,0,22,28,30,80,12,44,56,136
04/23/2010,LMT,OR,ANM,WE,Federal Contract Tower,0,12,4,21,37,0,5,34,1,40,0,17,38,22,77,34,23,57,134
04/24/2010,LMT,OR,ANM,WE,Federal Contract Tower,0,5,3,0,8,0,4,40,0,44,0,9,43,0,52,72,0,72,124
04/25/2010,LMT,OR,ANM,WE,Federal Contract Tower,0,7,1,2,10,0,0,48,0,48,0,7,49,2,58,6,0,6,64
04/26/2010,LMT,OR,ANM,WE,Federal Contract Tower,0,17,5,30,52,0,4,23,7,34,0,21,28,37,86,14,55,69,155
04/27/2010,LMT,OR,ANM,WE,Federal Contract Tower,0,15,1,22,38,0,1,0,0,1,0,16,1,22,39,0,0,0,39
04/28/2010,LMT,OR,ANM,WE,Federal Contract Tower,0,13,6,33,52,0,2,0,10,12,0,15,6,43,64,0,30,30,94
04/29/2010,LMT,OR,ANM,WE,Federal Contract Tower,0,19,1,20,40,0,3,9,10,22,0,22,10,30,62,0,59,59,121
04/30/2010,LMT,OR,ANM,WE,Federal Contract Tower,0,18,1,23,42,0,1,20,2,23,0,19,21,25,65,12,42,54,119
05/01/2010,LMT,OR,ANM,WE,Federal Contract Tower,0,12,2,2,16,0,2,23,0,25,0,14,25,2,41,8,0,8,49
05/02/2010,LMT,OR,ANM,WE,Federal Contract Tower,0,9,3,0,12,0,0,21,0,21,0,9,24,0,33,36,0,36,69
05/03/2010,LMT,OR,ANM,WE,Federal Contract Tower,0,10,4,0,14,0,6,15,0,21,0,16,19,0,35,0,0,0,35
05/04/2010,LMT,OR,ANM,WE,Federal Contract Tower,0,25,29,52,106,0,6,2,0,8,0,31,31,52,114,30,36,66,180
05/05/2010,LMT,OR,ANM,WE,Federal Contract Tower,0,21,6,25,52,0,4,3,13,20,0,25,9,38,72,21,46,67,139
05/06/2010,LMT,OR,ANM,WE,Federal Contract Tower,0,17,1,29,47,0,6,19,3,28,0,23,20,32,75,34,16,50,125
05/07/2010,LMT,OR,ANM,WE,Federal Contract Tower,0,15,6,13,34,0,4,21,12,37,0,19,27,25,71,38,18,56,127
05/08/2010,LMT,OR,ANM,WE,Federal Contract Tower,0,15,2,0,17,0,3,23,0,26,0,18,25,0,43,22,0,22,65
05/09/2010,LMT,OR,ANM,WE,Federal Contract Tower,0,9,2,0,11,0,0,7,0,7,0,9,9,0,18,0,0,0,18
05/10/2010,LMT,OR,ANM,WE,Federal Contract Tower,0,14,2,11,27,0,0,5,0,5,0,14,7,11,32,1,0,1,33
05/11/2010,LMT,OR,ANM,WE,Federal Contract Tower,0,15,5,26,46,0,5,8,8,21,0,20,13,34,67,24,22,46,113
05/12/2010,LMT,OR,ANM,WE,Federal Contract Tower,0,14,7,20,41,0,8,32,17,57,0,22,39,37,98,13,30,43,141
05/13/2010,LMT,OR,ANM,WE,Federal Contract Tower,0,11,1,22,34,0,6,26,12,44,0,17,27,34,78,20,20,40,118
05/14/2010,LMT,OR,ANM,WE,Federal Contract Tower,0,9,3,10,22,0,7,23,11,41,0,16,26,21,63,30,8,38,101
05/15/2010,LMT,OR,ANM,WE,Federal Contract Tower,0,7,0,24,31,0,1,17,14,32,0,8,17,38,63,27,30,57,120
05/16/2010,LMT,OR,ANM,WE,Federal Contract Tower,0,7,1,2,10,0,0,15,0,15,0,7,16,2,25,45,0,45,70
05/17/2010,LMT,OR,ANM,WE,Federal Contract Tower,0,15,7,0,22,0,1,2,0,3,0,16,9,0,25,4,0,4,29
05/18/2010,LMT,OR,ANM,WE,Federal Contract Tower,0,24,12,38,74,0,0,4,0,4,0,24,16,38,78,33,46,79,157
05/19/2010,LMT,OR,ANM,WE,Federal Contract Tower,0,14,7,6,27,0,2,6,9,17,0,16,13,15,44,10,15,25,69
05/20/2010,LMT,OR,ANM,WE,Federal Contract Tower,0,14,7,19,40,0,1,18,19,38,0,15,25,38,78,9,19,28,106
05/21/2010,LMT,OR,ANM,WE,Federal Contract Tower,0,13,2,18,33,0,3,2,4,9,0,16,4,22,42,0,22,22,64
05/22/2010,LMT,OR,ANM,WE,Federal Contract Tower,0,8,1,0,9,0,1,6,0,7,0,9,7,0,16,0,0,0,16
05/23/2010,LMT,OR,ANM,WE,Federal Contract Tower,7,2,0,2,11,17,20,0,0,37,24,22,0,2,48,36,0,36,84
05/24/2010,LMT,OR,ANM,WE,Federal Contract Tower,0,18,3,35,56,0,0,19,4,23,0,18,22,39,79,20,32,52,131
05/25/2010,LMT,OR,ANM,WE,Federal Contract Tower,0,20,1,24,45,0,0,14,0,14,0,20,15,24,59,15,24,39,98
05/26/2010,LMT,OR,ANM,WE,Federal Contract Tower,0,15,2,10,27,0,2,4,25,31,0,17,6,35,58,10,40,50,108
05/27/2010,LMT,OR,ANM,WE,Federal Contract Tower,0,18,3,13,34,0,3,1,8,12,0,21,4,21,46,9,17,26,72
05/28/2010,LMT,OR,ANM,WE,Federal Contract Tower,0,12,2,0,14,0,3,19,0,22,0,15,21,0,36,4,0,4,40
05/29/2010,LMT,OR,ANM,WE,Federal Contract Tower,0,8,5,0,13,0,1,52,0,53,0,9,57,0,66,43,0,43,109
05/30/2010,LMT,OR,ANM,WE,Federal Contract Tower,0,10,1,0,11,0,0,30,0,30,0,10,31,0,41,54,0,54,95
05/31/2010,LMT,OR,ANM,WE,Federal Contract Tower,0,9,2,3,14,0,0,20,1,21,0,9,22,4,35,20,8,28,63
06/01/2010,LMT,OR,ANM,WE,Federal Contract Tower,0,25,15,28,68,0,1,0,0,1,0,26,15,28,69,0,26,26,95
06/02/2010,LMT,OR,ANM,WE,Federal Contract Tower,0,19,16,23,58,0,0,6,0,6,0,19,22,23,64,24,55,79,143
06/03/2010,LMT,OR,ANM,WE,Federal Contract Tower,0,17,4,28,49,0,3,3,6,12,0,20,7,34,61,11,34,45,106
06/04/2010,LMT,OR,ANM,WE,Federal Contract Tower,0,16,7,10,33,0,2,0,10,12,0,18,7,20,45,0,2,2,47
06/05/2010,LMT,OR,ANM,WE,Federal Contract Tower,0,7,4,0,11,0,2,33,0,35,0,9,37,0,46,32,0,32,78
06/06/2010,LMT,OR,ANM,WE,Federal Contract Tower,0,8,3,2,13,0,0,19,2,21,0,8,22,4,34,32,4,36,70
06/07/2010,LMT,OR,ANM,WE,Federal Contract Tower,0,16,1,20,37,0,6,38,16,60,0,22,39,36,97,19,12,31,128
06/08/2010,LMT,OR,ANM,WE,Federal Contract Tower,0,13,4,30,47,0,8,20,2,30,0,21,24,32,77,28,42,70,147
06/09/2010,LMT,OR,ANM,WE,Federal Contract Tower,0,9,1,16,26,0,6,7,13,26,0,15,8,29,52,2,24,26,78
06/10/2010,LMT,OR,ANM,WE,Federal Contract Tower,0,16,8,25,49,0,5,1,8,14,0,21,9,33,63,0,14,14,77
06/11/2010,LMT,OR,ANM,WE,Federal Contract Tower,0,14,13,13,40,0,7,25,11,43,0,21,38,24,83,22,64,86,169
06/12/2010,LMT,OR,ANM,WE,Federal Contract Tower,0,15,3,0,18,0,2,55,0,57,0,17,58,0,75,38,0,38,113
06/13/2010,LMT,OR,ANM,WE,Federal Contract Tower,0,9,2,4,15,0,1,78,1,80,0,10,80,5,95,35,0,35,130
06/14/2010,LMT,OR,ANM,WE,Federal Contract Tower,0,17,7,0,24,0,1,37,0,38,0,18,44,0,62,76,0,76,138
06/15/2010,LMT,OR,ANM,WE,Federal Contract Tower,0,14,7,10,31,0,4,10,18,32,0,18,17,28,63,18,50,68,131
06/16/2010,LMT,OR,ANM,WE,Federal Contract Tower,0,15,8,35,58,0,3,21,2,26,0,18,29,37,84,30,81,111,195
06/17/2010,LMT,OR,ANM,WE,Federal Contract Tower,0,11,3,24,38,0,8,24,14,46,0,19,27,38,84,0,101,101,185
06/18/2010,LMT,OR,ANM,WE,Federal Contract Tower,0,8,2,21,31,0,5,43,4,52,0,13,45,25,83,25,20,45,128
06/19/2010,LMT,OR,ANM,WE,Federal Contract Tower,0,11,5,1,17,0,1,48,0,49,0,12,53,1,66,22,0,22,88
06/20/2010,LMT,OR,ANM,WE,Federal Contract Tower,0,9,3,1,13,0,0,41,0,41,0,9,44,1,54,22,0,22,76
06/21/2010,LMT,OR,ANM,WE,Federal Contract Tower,0,11,4,4,19,0,7,16,6,29,0,18,20,10,48,29,4,33,81
06/22/2010,LMT,OR,ANM,WE,Federal Contract Tower,0,11,8,1,20,0,9,24,1,34,0,20,32,2,54,22,0,22,76
06/23/2010,LMT,OR,ANM,WE,Federal Contract Tower,0,14,9,9,32,0,7,37,11,55,0,21,46,20,87,26,21,47,134
06/24/2010,LMT,OR,ANM,WE,Federal Contract Tower,0,6,3,5,14,0,6,27,11,44,0,12,30,16,58,24,46,70,128
06/25/2010,LMT,OR,ANM,WE,Federal Contract Tower,0,11,6,7,24,0,4,38,2,44,0,15,44,9,68,3,2,5,73
06/26/2010,LMT,OR,ANM,WE,Federal Contract Tower,0,7,0,14,21,0,2,0,18,20,0,9,0,32,41,18,38,56,97
06/27/2010,LMT,OR,ANM,WE,Federal Contract Tower,0,6,4,11,21,0,0,43,14,57,0,6,47,25,78,8,24,32,110
06/28/2010,LMT,OR,ANM,WE,Federal Contract Tower,0,14,4,2,20,0,9,41,0,50,0,23,45,2,70,34,0,34,104
06/29/2010,LMT,OR,ANM,WE,Federal Contract Tower,0,11,3,22,36,0,11,27,13,51,0,22,30,35,87,21,19,40,127
06/30/2010,LMT,OR,ANM,WE,Federal Contract Tower,0,16,32,33,81,0,0,16,23,39,0,16,48,56,120,26,68,94,214
07/01/2010,LMT,OR,ANM,WE,Federal Contract Tower,0,9,38,46,93,0,8,14,26,48,0,17,52,72,141,47,56,103,244
07/02/2010,LMT,OR,ANM,WE,Federal Contract Tower,0,10,4,9,23,0,9,43,7,59,0,19,47,16,82,28,42,70,152
07/03/2010,LMT,OR,ANM,WE,Federal Contract Tower,0,7,5,0,12,0,1,36,0,37,0,8,41,0,49,57,0,57,106
07/04/2010,LMT,OR,ANM,WE,Federal Contract Tower,0,6,4,0,10,0,0,29,12,41,0,6,33,12,51,8,0,8,59
07/05/2010,LMT,OR,ANM,WE,Federal Contract Tower,0,10,1,0,11,0,1,47,0,48,0,11,48,0,59,18,0,18,77
07/06/2010,LMT,OR,ANM,WE,Federal Contract Tower,0,20,27,11,58,0,3,6,0,9,0,23,33,11,67,18,49,67,134
07/07/2010,LMT,OR,ANM,WE,Federal Contract Tower,0,9,4,23,36,0,8,27,17,52,0,17,31,40,88,18,62,80,168
07/08/2010,LMT,OR,ANM,WE,Federal Contract Tower,0,18,0,18,36,0,6,22,18,46,0,24,22,36,82,8,23,31,113
07/09/2010,LMT,OR,ANM,WE,Federal Contract Tower,0,12,0,0,12,0,7,56,5,68,0,19,56,5,80,13,0,13,93
07/10/2010,LMT,OR,ANM,WE,Federal Contract Tower,0,6,0,0,6,0,3,39,0,42,0,9,39,0,48,8,0,8,56
07/11/2010,LMT,OR,ANM,WE,Federal Contract Tower,0,6,2,0,8,0,0,62,0,62,0,6,64,0,70,0,0,0,70
07/12/2010,LMT,OR,ANM,WE,Federal Contract Tower,0,9,7,1,17,0,4,20,0,24,0,13,27,1,41,21,0,21,62
07/13/2010,LMT,OR,ANM,WE,Federal Contract Tower,0,11,0,19,30,0,7,22,21,50,0,18,22,40,80,16,53,69,149
07/14/2010,LMT,OR,ANM,WE,Federal Contract Tower,0,16,0,14,30,0,7,52,20,79,0,23,52,34,109,31,16,47,156
07/15/2010,LMT,OR,ANM,WE,Federal Contract Tower,0,18,8,24,50,0,7,41,8,56,0,25,49,32,106,64,80,144,250
07/16/2010,LMT,OR,ANM,WE,Federal Contract Tower,0,16,1,18,35,0,4,43,13,60,0,20,44,31,95,16,39,55,150
07/17/2010,LMT,OR,ANM,WE,Federal Contract Tower,0,7,3,0,10,0,3,29,0,32,0,10,32,0,42,22,0,22,64
07/18/2010,LMT,OR,ANM,WE,Federal Contract Tower,0,8,2,0,10,0,0,19,0,19,0,8,21,0,29,3,0,3,32
07/19/2010,LMT,OR,ANM,WE,Federal Contract Tower,0,10,12,26,48,0,6,0,10,16,0,16,12,36,64,17,22,39,103
07/20/2010,LMT,OR,ANM,WE,Federal Contract Tower,0,14,2,33,49,0,9,42,20,71,0,23,44,53,120,26,54,80,200
07/21/2010,LMT,OR,ANM,WE,Federal Contract Tower,0,12,9,8,29,0,10,33,21,64,0,22,42,29,93,34,26,60,153
07/22/2010,LMT,OR,ANM,WE,Federal Contract Tower,0,15,0,20,35,0,8,72,23,103,0,23,72,43,138,19,48,67,205
07/23/2010,LMT,OR,ANM,WE,Federal Contract Tower,0,14,6,8,28,0,6,55,11,72,0,20,61,19,100,44,8,52,152
07/24/2010,LMT,OR,ANM,WE,Federal Contract Tower,0,8,0,17,25,0,2,19,17,38,0,10,19,34,63,1,8,9,72
07/25/2010,LMT,OR,ANM,WE,Federal Contract Tower,0,5,1,10,16,0,0,24,18,42,0,5,25,28,58,2,86,88,146
07/26/2010,LMT,OR,ANM,WE,Federal Contract Tower,0,10,0,0,10,0,5,18,0,23,0,15,18,0,33,15,0,15,48
07/27/2010,LMT,OR,ANM,WE,Federal Contract Tower,0,17,1,28,46,0,7,7,9,23,0,24,8,37,69,16,20,36,105
07/28/2010,LMT,OR,ANM,WE,Federal Contract Tower,0,15,3,37,55,0,6,136,14,156,0,21,139,51,211,20,58,78,289
07/29/2010,LMT,OR,ANM,WE,Federal Contract Tower,0,12,0,32,44,0,9,53,23,85,0,21,53,55,129,16,42,58,187
07/30/2010,LMT,OR,ANM,WE,Federal Contract Tower,0,10,5,14,29,0,8,55,6,69,0,18,60,20,98,3,0,3,101
07/31/2010,LMT,OR,ANM,WE,Federal Contract Tower,0,7,3,0,10,0,2,45,0,47,0,9,48,0,57,4,0,4,61
08/01/2010,LMT,OR,ANM,WE,Federal Contract Tower,0,7,3,0,10,0,1,37,0,38,0,8,40,0,48,20,0,20,68
08/02/2010,LMT,OR,ANM,WE,Federal Contract Tower,0,10,3,24,37,0,7,35,12,54,0,17,38,36,91,8,92,100,191
08/03/2010,LMT,OR,ANM,WE,Federal Contract Tower,0,10,4,32,46,0,9,28,15,52,0,19,32,47,98,8,84,92,190
08/04/2010,LMT,OR,ANM,WE,Federal Contract Tower,0,12,3,21,36,0,6,46,17,69,0,18,49,38,105,18,27,45,150
08/05/2010,LMT,OR,ANM,WE,Federal Contract Tower,0,26,40,35,101,0,14,39,12,65,0,40,79,47,166,32,86,118,284
08/06/2010,LMT,OR,ANM,WE,Federal Contract Tower,0,11,0,12,23,0,6,23,10,39,0,17,23,22,62,17,52,69,131
08/07/2010,LMT,OR,ANM,WE,Federal Contract Tower,0,8,29,0,37,0,0,6,0,6,0,8,35,0,43,51,0,51,94
08/08/2010,LMT,OR,ANM,WE,Federal Contract Tower,0,10,27,0,37,0,0,14,0,14,0,10,41,0,51,46,0,46,97
08/09/2010,LMT,OR,ANM,WE,Federal Contract Tower,0,18,27,0,45,0,4,2,0,6,0,22,29,0,51,28,0,28,79
08/10/2010,LMT,OR,ANM,WE,Federal Contract Tower,0,15,12,20,47,0,3,27,18,48,0,18,39,38,95,21,10,31,126
08/11/2010,LMT,OR,ANM,WE,Federal Contract Tower,0,13,8,18,39,0,6,46,17,69,0,19,54,35,108,2,31,33,141
08/12/2010,LMT,OR,ANM,WE,Federal Contract Tower,0,13,2,22,37,0,3,25,19,47,0,16,27,41,84,30,14,44,128
08/13/2010,LMT,OR,ANM,WE,Federal Contract Tower,0,10,4,10,24,0,5,48,12,65,0,15,52,22,89,4,12,16,105
08/14/2010,LMT,OR,ANM,WE,Federal Contract Tower,0,9,0,0,9,0,3,11,0,14,0,12,11,0,23,22,1,23,46
08/15/2010,LMT,OR,ANM,WE,Federal Contract Tower,0,6,0,0,6,0,1,26,0,27,0,7,26,0,33,17,0,17,50
08/16/2010,LMT,OR,ANM,WE,Federal Contract Tower,0,13,2,21,36,0,9,57,14,80,0,22,59,35,116,0,28,28,144
08/17/2010,LMT,OR,ANM,WE,Federal Contract Tower,0,12,5,23,40,0,10,59,15,84,0,22,64,38,124,10,36,46,170
08/18/2010,LMT,OR,ANM,WE,Federal Contract Tower,0,14,5,22,41,0,9,59,25,93,0,23,64,47,134,24,28,52,186
08/19/2010,LMT,OR,ANM,WE,Federal Contract Tower,0,11,3,19,33,0,4,16,0,20,0,15,19,19,53,33,31,64,117
08/20/2010,LMT,OR,ANM,WE,Federal Contract Tower,0,4,4,0,8,0,5,27,0,32,0,9,31,0,40,20,0,20,60
08/21/2010,LMT,OR,ANM,WE,Federal Contract Tower,0,5,4,14,23,0,3,23,18,44,0,8,27,32,67,2,16,18,85
08/22/2010,LMT,OR,ANM,WE,Federal Contract Tower,0,7,3,8,18,0,1,71,8,80,0,8,74,16,98,10,33,43,141
08/23/2010,LMT,OR,ANM,WE,Federal Contract Tower,0,4,3,0,7,0,13,29,0,42,0,17,32,0,49,4,0,4,53
08/24/2010,LMT,OR,ANM,WE,Federal Contract Tower,0,15,10,23,48,0,8,30,7,45,0,23,40,30,93,0,64,64,157
08/25/2010,LMT,OR,ANM,WE,Federal Contract Tower,0,19,44,35,98,0,6,42,11,59,0,25,86,46,157,21,77,98,255
08/26/2010,LMT,OR,ANM,WE,Federal Contract Tower,0,13,6,21,40,0,2,36,21,59,0,15,42,42,99,34,79,113,212
08/27/2010,LMT,OR,ANM,WE,Federal Contract Tower,0,8,1,16,25,0,4,60,9,73,0,12,61,25,98,17,40,57,155
08/28/2010,LMT,OR,ANM,WE,Federal Contract Tower,0,12,9,0,21,0,1,15,4,20,0,13,24,4,41,12,0,12,53
08/29/2010,LMT,OR,ANM,WE,Federal Contract Tower,0,6,1,0,7,0,0,45,0,45,0,6,46,0,52,45,0,45,97
08/30/2010,LMT,OR,ANM,WE,Federal Contract Tower,0,18,6,30,54,0,0,19,11,30,0,18,25,41,84,4,31,35,119
08/31/2010,LMT,OR,ANM,WE,Federal Contract Tower,0,3,29,13,45,0,16,5,23,44,0,19,34,36,89,11,37,48,137
09/01/2010,LMT,OR,ANM,WE,Federal Contract Tower,0,12,0,26,38,0,2,37,20,59,0,14,37,46,97,39,40,79,176
09/02/2010,LMT,OR,ANM,WE,Federal Contract Tower,0,10,3,10,23,0,9,55,8,72,0,19,58,18,95,48,16,64,159
09/03/2010,LMT,OR,ANM,WE,Federal Contract Tower,0,14,1,0,15,0,3,38,0,41,0,17,39,0,56,19,0,19,75
09/04/2010,LMT,OR,ANM,WE,Federal Contract Tower,0,7,6,0,13,0,4,41,0,45,0,11,47,0,58,2,0,2,60
09/05/2010,LMT,OR,ANM,WE,Federal Contract Tower,0,7,3,0,10,0,0,31,0,31,0,7,34,0,41,26,0,26,67
09/06/2010,LMT,OR,ANM,WE,Federal Contract Tower,0,6,17,0,23,0,0,53,0,53,0,6,70,0,76,54,0,54,130
09/07/2010,LMT,OR,ANM,WE,Federal Contract Tower,0,13,9,14,36,0,2,22,15,39,0,15,31,29,75,18,30,48,123
09/08/2010,LMT,OR,ANM,WE,Federal Contract Tower,0,9,16,19,44,0,5,8,15,28,0,14,24,34,72,22,25,47,119
09/09/2010,LMT,OR,ANM,WE,Federal Contract Tower,0,13,4,20,37,0,7,18,17,42,0,20,22,37,79,25,43,68,147
09/10/2010,LMT,OR,ANM,WE,Federal Contract Tower,0,10,4,10,24,0,5,23,10,38,0,15,27,20,62,34,22,56,118
09/11/2010,LMT,OR,ANM,WE,Federal Contract Tower,0,7,1,0,8,0,1,37,0,38,0,8,38,0,46,26,0,26,72
09/12/2010,LMT,OR,ANM,WE,Federal Contract Tower,0,4,10,0,14,0,0,37,0,37,0,4,47,0,51,32,0,32,83
09/13/2010,LMT,OR,ANM,WE,Federal Contract Tower,0,15,9,18,42,0,1,12,16,29,0,16,21,34,71,11,10,21,92
09/14/2010,LMT,OR,ANM,WE,Federal Contract Tower,0,20,2,20,42,0,6,20,19,45,0,26,22,39,87,37,30,67,154
09/15/2010,LMT,OR,ANM,WE,Federal Contract Tower,0,11,3,19,33,0,5,56,14,75,0,16,59,33,108,43,32,75,183
09/16/2010,LMT,OR,ANM,WE,Federal Contract Tower,0,16,1,15,32,0,5,41,14,60,0,21,42,29,92,15,9,24,116
09/17/2010,LMT,OR,ANM,WE,Federal Contract Tower,0,15,3,12,30,0,3,33,8,44,0,18,36,20,74,41,6,47,121
09/18/2010,LMT,OR,ANM,WE,Federal Contract Tower,0,12,2,19,33,0,2,16,17,35,0,14,18,36,68,0,6,6,74
09/19/2010,LMT,OR,ANM,WE,Federal Contract Tower,0,4,8,14,26,0,0,4,6,10,0,4,12,20,36,8,16,24,60
09/20/2010,LMT,OR,ANM,WE,Federal Contract Tower,0,12,2,0,14,0,4,11,0,15,0,16,13,0,29,20,0,20,49
09/21/2010,LMT,OR,ANM,WE,Federal Contract Tower,0,20,38,41,99,0,4,10,0,14,0,24,48,41,113,34,14,48,161
09/22/2010,LMT,OR,ANM,WE,Federal Contract Tower,0,14,5,22,41,0,6,31,24,61,0,20,36,46,102,22,42,64,166
09/23/2010,LMT,OR,ANM,WE,Federal Contract Tower,0,10,10,23,43,0,7,34,18,59,0,17,44,41,102,11,17,28,130
09/24/2010,LMT,OR,ANM,WE,Federal Contract Tower,0,15,3,14,32,0,8,55,14,77,0,23,58,28,109,19,10,29,138
09/25/2010,LMT,OR,ANM,WE,Federal Contract Tower,0,10,0,0,10,0,3,58,0,61,0,13,58,0,71,20,0,20,91
09/26/2010,LMT,OR,ANM,WE,Federal Contract Tower,0,6,2,0,8,0,0,43,0,43,0,6,45,0,51,10,0,10,61
09/27/2010,LMT,OR,ANM,WE,Federal Contract Tower,0,10,3,17,30,0,7,47,15,69,0,17,50,32,99,34,17,51,150
09/28/2010,LMT,OR,ANM,WE,Federal Contract Tower,0,12,4,19,35,0,9,48,13,70,0,21,52,32,105,40,4,44,149
09/29/2010,LMT,OR,ANM,WE,Federal Contract Tower,0,12,3,9,24,0,6,48,19,73,0,18,51,28,97,34,10,44,141
09/30/2010,LMT,OR,ANM,WE,Federal Contract Tower,0,14,8,0,22,0,8,41,6,55,0,22,49,6,77,28,0,28,105
10/01/2010,LMT,OR,ANM,WE,Federal Contract Tower,0,18,8,0,26,0,5,32,0,37,0,23,40,0,63,46,1,47,110
10/02/2010,LMT,OR,ANM,WE,Federal Contract Tower,0,14,3,0,17,0,1,48,0,49,0,15,51,0,66,4,0,4,70
10/03/2010,LMT,OR,ANM,WE,Federal Contract Tower,0,4,3,0,7,0,0,47,0,47,0,4,50,0,54,36,0,36,90
10/04/2010,LMT,OR,ANM,WE,Federal Contract Tower,0,13,7,0,20,0,5,11,0,16,0,18,18,0,36,18,0,18,54
10/05/2010,LMT,OR,ANM,WE,Federal Contract Tower,0,21,33,33,87,0,3,4,0,7,0,24,37,33,94,2,16,18,112
10/06/2010,LMT,OR,ANM,WE,Federal Contract Tower,0,11,1,21,33,0,5,41,24,70,0,16,42,45,103,20,42,62,165
10/07/2010,LMT,OR,ANM,WE,Federal Contract Tower,0,8,8,25,41,0,74,21,13,108,0,82,29,38,149,27,8,35,184
10/08/2010,LMT,OR,ANM,WE,Federal Contract Tower,0,12,2,12,26,0,4,36,10,50,0,16,38,22,76,36,10,46,122
10/09/2010,LMT,OR,ANM,WE,Federal Contract Tower,0,8,0,0,8,0,1,18,0,19,0,9,18,0,27,30,0,30,57
10/10/2010,LMT,OR,ANM,WE,Federal Contract Tower,0,5,1,1,7,0,0,18,1,19,0,5,19,2,26,68,35,103,129
10/11/2010,LMT,OR,ANM,WE,Federal Contract Tower,0,11,1,0,12,0,3,23,0,26,0,14,24,0,38,21,0,21,59
10/12/2010,LMT,OR,ANM,WE,Federal Contract Tower,0,10,0,22,32,0,5,25,20,50,0,15,25,42,82,25,32,57,139
10/13/2010,LMT,OR,ANM,WE,Federal Contract Tower,0,7,4,22,33,0,3,28,17,48,0,10,32,39,81,16,31,47,128
10/14/2010,LMT,OR,ANM,WE,Federal Contract Tower,0,9,0,29,38,0,6,29,13,48,0,15,29,42,86,0,20,20,106
10/15/2010,LMT,OR,ANM,WE,Federal Contract Tower,0,12,4,13,29,0,4,15,8,27,0,16,19,21,56,64,10,74,130
10/16/2010,LMT,OR,ANM,WE,Federal Contract Tower,0,6,4,29,39,0,3,17,7,27,0,9,21,36,66,22,40,62,128
10/17/2010,LMT,OR,ANM,WE,Federal Contract Tower,0,3,5,15,23,0,1,38,6,45,0,4,43,21,68,16,26,42,110
10/18/2010,LMT,OR,ANM,WE,Federal Contract Tower,0,10,3,0,13,0,5,45,0,50,0,15,48,0,63,24,0,24,87
10/19/2010,LMT,OR,ANM,WE,Federal Contract Tower,0,13,4,30,47,0,5,41,9,55,0,18,45,39,102,17,52,69,171
10/20/2010,LMT,OR,ANM,WE,Federal Contract Tower,0,13,2,31,46,0,5,45,14,64,0,18,47,45,110,0,12,12,122
10/21/2010,LMT,OR,ANM,WE,Federal Contract Tower,0,11,13,28,52,0,7,36,9,52,0,18,49,37,104,3,13,16,120
10/22/2010,LMT,OR,ANM,WE,Federal Contract Tower,0,11,6,13,30,0,0,8,7,15,0,11,14,20,45,2,2,4,49
10/23/2010,LMT,OR,ANM,WE,Federal Contract Tower,0,10,4,0,14,0,1,4,0,5,0,11,8,0,19,5,0,5,24
10/24/2010,LMT,OR,ANM,WE,Federal Contract Tower,0,7,6,0,13,0,0,0,0,0,0,7,6,0,13,0,0,0,13
10/25/2010,LMT,OR,ANM,WE,Federal Contract Tower,0,15,10,26,51,0,1,8,9,18,0,16,18,35,69,2,10,12,81
10/26/2010,LMT,OR,ANM,WE,Federal Contract Tower,0,18,7,22,47,0,4,6,13,23,0,22,13,35,70,0,18,18,88
10/27/2010,LMT,OR,ANM,WE,Federal Contract Tower,0,13,9,20,42,0,3,22,16,41,0,16,31,36,83,7,12,19,102
10/28/2010,LMT,OR,ANM,WE,Federal Contract Tower,0,16,3,29,48,0,1,0,12,13,0,17,3,41,61,0,6,6,67
10/29/2010,LMT,OR,ANM,WE,Federal Contract Tower,0,14,11,12,37,0,2,11,9,22,0,16,22,21,59,0,2,2,61
10/30/2010,LMT,OR,ANM,WE,Federal Contract Tower,0,8,17,0,25,0,0,0,0,0,0,8,17,0,25,0,0,0,25
10/31/2010,LMT,OR,ANM,WE,Federal Contract Tower,0,6,7,0,13,0,0,6,0,6,0,6,13,0,19,6,0,6,25
11/01/2010,LMT,OR,ANM,WE,Federal Contract Tower,0,15,1,0,16,0,3,22,2,27,0,18,23,2,43,74,0,74,117
11/02/2010,LMT,OR,ANM,WE,Federal Contract Tower,0,9,4,44,57,0,4,21,10,35,0,13,25,54,92,6,28,34,126
11/03/2010,LMT,OR,ANM,WE,Federal Contract Tower,0,8,3,30,41,0,6,23,11,40,0,14,26,41,81,20,12,32,113
11/04/2010,LMT,OR,ANM,WE,Federal Contract Tower,0,9,4,29,42,0,3,26,11,40,0,12,30,40,82,0,43,43,125
11/05/2010,LMT,OR,ANM,WE,Federal Contract Tower,0,13,4,12,29,0,3,9,10,22,0,16,13,22,51,0,10,10,61
11/06/2010,LMT,OR,ANM,WE,Federal Contract Tower,0,4,4,0,8,0,2,18,0,20,0,6,22,0,28,8,0,8,36
11/07/2010,LMT,OR,ANM,WE,Federal Contract Tower,0,6,5,0,11,0,0,0,0,0,0,6,5,0,11,0,2,2,13
11/08/2010,LMT,OR,ANM,WE,Federal Contract Tower,0,15,8,20,43,0,4,5,17,26,0,19,13,37,69,12,14,26,95
11/09/2010,LMT,OR,ANM,WE,Federal Contract Tower,0,14,6,34,54,0,1,0,4,5,0,15,6,38,59,0,0,0,59
11/10/2010,LMT,OR,ANM,WE,Federal Contract Tower,0,18,5,23,46,0,1,1,6,8,0,19,6,29,54,1,22,23,77
11/11/2010,LMT,OR,ANM,WE,Federal Contract Tower,0,6,2,2,10,0,4,9,2,15,0,10,11,4,25,22,0,22,47
11/12/2010,LMT,OR,ANM,WE,Federal Contract Tower,0,9,1,17,27,0,2,22,8,32,0,11,23,25,59,0,28,28,87
11/13/2010,LMT,OR,ANM,WE,Federal Contract Tower,0,6,0,20,26,0,1,0,15,16,0,7,0,35,42,22,10,32,74
11/14/2010,LMT,OR,ANM,WE,Federal Contract Tower,0,5,4,11,20,0,0,5,7,12,0,5,9,18,32,23,4,27,59
11/15/2010,LMT,OR,ANM,WE,Federal Contract Tower,0,17,3,2,22,0,2,31,5,38,0,19,34,7,60,30,0,30,90
11/16/2010,LMT,OR,ANM,WE,Federal Contract Tower,0,14,31,52,97,0,2,4,0,6,0,16,35,52,103,2,64,66,169
11/17/2010,LMT,OR,ANM,WE,Federal Contract Tower,0,10,6,32,48,0,2,13,24,39,0,12,19,56,87,5,45,50,137
11/18/2010,LMT,OR,ANM,WE,Federal Contract Tower,0,16,5,20,41,0,0,0,0,0,0,16,5,20,41,0,0,0,41
11/19/2010,LMT,OR,ANM,WE,Federal Contract Tower,0,17,1,2,20,0,1,4,1,6,0,18,5,3,26,2,0,2,28
11/20/2010,LMT,OR,ANM,WE,Federal Contract Tower,0,7,9,0,16,0,0,1,0,1,0,7,10,0,17,0,0,0,17
11/21/2010,LMT,OR,ANM,WE,Federal Contract Tower,0,5,1,4,10,0,0,1,0,1,0,5,2,4,11,0,0,0,11
11/22/2010,LMT,OR,ANM,WE,Federal Contract Tower,0,18,2,20,40,0,0,0,0,0,0,18,2,20,40,0,0,0,40
11/23/2010,LMT,OR,ANM,WE,Federal Contract Tower,0,13,3,16,32,0,0,0,0,0,0,13,3,16,32,0,2,2,34
11/24/2010,LMT,OR,ANM,WE,Federal Contract Tower,0,14,4,11,29,0,1,13,10,24,0,15,17,21,53,8,25,33,86
11/25/2010,LMT,OR,ANM,WE,Federal Contract Tower,0,3,0,0,3,0,0,8,0,8,0,3,8,0,11,0,0,0,11
11/26/2010,LMT,OR,ANM,WE,Federal Contract Tower,0,18,1,0,19,0,0,5,0,5,0,18,6,0,24,6,0,6,30
11/27/2010,LMT,OR,ANM,WE,Federal Contract Tower,0,7,0,0,7,0,0,0,0,0,0,7,0,0,7,0,0,0,7
11/28/2010,LMT,OR,ANM,WE,Federal Contract Tower,0,4,7,0,11,0,0,0,0,0,0,4,7,0,11,0,0,0,11
11/29/2010,LMT,OR,ANM,WE,Federal Contract Tower,0,14,3,2,19,0,4,8,0,12,0,18,11,2,31,2,0,2,33
11/30/2010,LMT,OR,ANM,WE,Federal Contract Tower,0,16,11,23,50,0,2,1,17,20,0,18,12,40,70,0,56,56,126
12/01/2010,LMT,OR,ANM,WE,Federal Contract Tower,0,19,4,34,57,0,0,1,3,4,0,19,5,37,61,0,50,50,111
12/02/2010,LMT,OR,ANM,WE,Federal Contract Tower,0,14,4,6,24,0,0,0,0,0,0,14,4,6,24,0,0,0,24
12/03/2010,LMT,OR,ANM,WE,Federal Contract Tower,0,17,4,24,45,0,0,0,0,0,0,17,4,24,45,0,6,6,51
12/04/2010,LMT,OR,ANM,WE,Federal Contract Tower,0,6,4,29,39,0,0,2,13,15,0,6,6,42,54,6,75,81,135
12/05/2010,LMT,OR,ANM,WE,Federal Contract Tower,0,6,6,0,12,0,0,2,0,2,0,6,8,0,14,0,0,0,14
12/06/2010,LMT,OR,ANM,WE,Federal Contract Tower,0,14,3,0,17,0,3,10,0,13,0,17,13,0,30,38,0,38,68
12/07/2010,LMT,OR,ANM,WE,Federal Contract Tower,0,14,8,56,78,0,1,4,0,5,0,15,12,56,83,10,71,81,164
12/08/2010,LMT,OR,ANM,WE,Federal Contract Tower,0,16,3,36,55,0,0,0,2,2,0,16,3,38,57,4,65,69,126
12/09/2010,LMT,OR,ANM,WE,Federal Contract Tower,0,15,7,30,52,0,0,3,17,20,0,15,10,47,72,0,36,36,108
12/10/2010,LMT,OR,ANM,WE,Federal Contract Tower,0,14,10,10,34,0,1,0,8,9,0,15,10,18,43,0,30,30,73
12/11/2010,LMT,OR,ANM,WE,Federal Contract Tower,0,10,6,0,16,0,0,0,2,2,0,10,6,2,18,0,0,0,18
12/12/2010,LMT,OR,ANM,WE,Federal Contract Tower,0,3,2,6,11,0,1,31,2,34,0,4,33,8,45,26,0,26,71
12/13/2010,LMT,OR,ANM,WE,Federal Contract Tower,0,25,7,29,61,0,0,2,7,9,0,25,9,36,70,0,38,38,108
12/14/2010,LMT,OR,ANM,WE,Federal Contract Tower,0,19,9,27,55,0,2,0,5,7,0,21,9,32,62,4,16,20,82
12/15/2010,LMT,OR,ANM,WE,Federal Contract Tower,0,18,0,36,54,0,6,8,6,20,0,24,8,42,74,0,58,58,132
12/16/2010,LMT,OR,ANM,WE,Federal Contract Tower,0,14,8,30,52,0,5,12,4,21,0,19,20,34,73,7,86,93,166
12/17/2010,LMT,OR,ANM,WE,Federal Contract Tower,0,17,6,12,35,0,1,3,8,12,0,18,9,20,47,7,34,41,88
12/18/2010,LMT,OR,ANM,WE,Federal Contract Tower,0,13,0,0,13,0,0,1,0,1,0,13,1,0,14,0,0,0,14
12/19/2010,LMT,OR,ANM,WE,Federal Contract Tower,0,4,1,0,5,0,0,0,0,0,0,4,1,0,5,0,0,0,5
12/20/2010,LMT,OR,ANM,WE,Federal Contract Tower,0,15,4,0,19,0,2,3,0,5,0,17,7,0,24,0,0,0,24
12/21/2010,LMT,OR,ANM,WE,Federal Contract Tower,0,18,9,8,35,0,1,5,10,16,0,19,14,18,51,0,8,8,59
12/22/2010,LMT,OR,ANM,WE,Federal Contract Tower,0,19,2,26,47,0,3,3,5,11,0,22,5,31,58,2,24,26,84
12/23/2010,LMT,OR,ANM,WE,Federal Contract Tower,0,16,2,9,27,0,2,6,7,15,0,18,8,16,42,14,16,30,72
12/24/2010,LMT,OR,ANM,WE,Federal Contract Tower,0,16,2,0,18,0,6,3,0,9,0,22,5,0,27,0,0,0,27
12/25/2010,LMT,OR,ANM,WE,Federal Contract Tower,0,4,2,0,6,0,0,0,0,0,0,4,2,0,6,0,0,0,6
12/26/2010,LMT,OR,ANM,WE,Federal Contract Tower,0,4,7,0,11,0,0,0,0,0,0,4,7,0,11,0,0,0,11
12/27/2010,LMT,OR,ANM,WE,Federal Contract Tower,0,18,7,20,45,0,0,0,5,5,0,18,7,25,50,8,38,46,96
12/28/2010,LMT,OR,ANM,WE,Federal Contract Tower,0,15,0,1,16,0,0,0,0,0,0,15,0,1,16,0,0,0,16
12/29/2010,LMT,OR,ANM,WE,Federal Contract Tower,0,17,3,0,20,0,0,0,0,0,0,17,3,0,20,0,0,0,20
12/30/2010,LMT,OR,ANM,WE,Federal Contract Tower,0,12,4,0,16,0,7,7,0,14,0,19,11,0,30,26,0,26,56
12/31/2010,LMT,OR,ANM,WE,Federal Contract Tower,0,11,4,0,15,0,4,19,0,23,0,15,23,0,38,20,0,20,58
01/01/2011,LMT,OR,ANM,WE,Federal Contract Tower,0,3,1,0,4,0,0,10,0,10,0,3,11,0,14,22,0,22,36
01/02/2011,LMT,OR,ANM,WE,Federal Contract Tower,0,5,6,0,11,0,0,22,0,22,0,5,28,0,33,16,0,16,49
01/03/2011,LMT,OR,ANM,WE,Federal Contract Tower,0,21,7,10,38,0,1,17,10,28,0,22,24,20,66,12,22,34,100
01/04/2011,LMT,OR,ANM,WE,Federal Contract Tower,0,4,2,1,7,0,0,1,0,1,0,4,3,1,8,0,0,0,8
01/05/2011,LMT,OR,ANM,WE,Federal Contract Tower,0,15,7,18,40,0,3,2,17,22,0,18,9,35,62,0,26,26,88
01/06/2011,LMT,OR,ANM,WE,Federal Contract Tower,0,13,3,16,32,0,8,22,13,43,0,21,25,29,75,2,34,36,111
01/07/2011,LMT,OR,ANM,WE,Federal Contract Tower,0,10,9,10,29,0,1,8,10,19,0,11,17,20,48,26,32,58,106
01/08/2011,LMT,OR,ANM,WE,Federal Contract Tower,0,5,3,21,29,0,1,5,14,20,0,6,8,35,49,0,59,59,108
01/09/2011,LMT,OR,ANM,WE,Federal Contract Tower,0,5,0,0,5,0,0,15,0,15,0,5,15,0,20,24,0,24,44
01/10/2011,LMT,OR,ANM,WE,Federal Contract Tower,0,12,5,2,19,0,4,26,2,32,0,16,31,4,51,12,0,12,63
01/11/2011,LMT,OR,ANM,WE,Federal Contract Tower,0,17,5,16,38,0,0,0,0,0,0,17,5,16,38,0,10,10,48
01/12/2011,LMT,OR,ANM,WE,Federal Contract Tower,0,3,0,35,38,0,20,6,12,38,0,23,6,47,76,0,46,46,122
01/13/2011,LMT,OR,ANM,WE,Federal Contract Tower,0,17,7,22,46,0,0,1,9,10,0,17,8,31,56,0,48,48,104
01/14/2011,LMT,OR,ANM,WE,Federal Contract Tower,0,11,10,10,31,0,2,0,10,12,0,13,10,20,43,13,12,25,68
01/15/2011,LMT,OR,ANM,WE,Federal Contract Tower,0,7,7,0,14,0,0,0,0,0,0,7,7,0,14,0,0,0,14
01/16/2011,LMT,OR,ANM,WE,Federal Contract Tower,0,5,0,0,5,0,0,0,0,0,0,5,0,0,5,0,0,0,5
01/17/2011,LMT,OR,ANM,WE,Federal Contract Tower,0,8,2,0,10,0,3,5,0,8,0,11,7,0,18,6,0,6,24
01/18/2011,LMT,OR,ANM,WE,Federal Contract Tower,0,13,10,24,47,0,4,11,34,49,0,17,21,58,96,14,50,64,160
01/19/2011,LMT,OR,ANM,WE,Federal Contract Tower,0,19,13,38,70,0,0,12,9,21,0,19,25,47,91,28,79,107,198
01/20/2011,LMT,OR,ANM,WE,Federal Contract Tower,0,16,5,30,51,0,5,22,12,39,0,21,27,42,90,75,56,131,221
01/21/2011,LMT,OR,ANM,WE,Federal Contract Tower,0,13,4,12,29,0,5,16,11,32,0,18,20,23,61,42,16,58,119
01/22/2011,LMT,OR,ANM,WE,Federal Contract Tower,0,5,6,0,11,0,1,36,0,37,0,6,42,0,48,46,0,46,94
01/23/2011,LMT,OR,ANM,WE,Federal Contract Tower,0,6,3,0,9,0,0,18,0,18,0,6,21,0,27,6,0,6,33
01/24/2011,LMT,OR,ANM,WE,Federal Contract Tower,0,18,4,0,22,0,2,16,8,26,0,20,20,8,48,56,0,56,104
01/25/2011,LMT,OR,ANM,WE,Federal Contract Tower,0,13,11,20,44,0,6,16,27,49,0,19,27,47,93,2,36,38,131
01/26/2011,LMT,OR,ANM,WE,Federal Contract Tower,0,17,3,30,50,0,3,30,19,52,0,20,33,49,102,18,41,59,161
01/27/2011,LMT,OR,ANM,WE,Federal Contract Tower,0,12,2,22,36,0,3,23,16,42,0,15,25,38,78,41,20,61,139
01/28/2011,LMT,OR,ANM,WE,Federal Contract Tower,0,8,6,9,23,0,4,13,13,30,0,12,19,22,53,21,4,25,78
01/29/2011,LMT,OR,ANM,WE,Federal Contract Tower,0,5,0,0,5,0,0,33,0,33,0,5,33,0,38,26,0,26,64
01/30/2011,LMT,OR,ANM,WE,Federal Contract Tower,0,5,7,0,12,0,0,13,1,14,0,5,20,1,26,29,0,29,55
01/31/2011,LMT,OR,ANM,WE,Federal Contract Tower,0,16,5,11,32,0,4,5,10,19,0,20,10,21,51,8,8,16,67
02/01/2011,LMT,OR,ANM,WE,Federal Contract Tower,0,11,3,19,33,0,1,16,17,34,0,12,19,36,67,0,44,44,111
02/02/2011,LMT,OR,ANM,WE,Federal Contract Tower,0,21,19,29,69,0,0,6,0,6,0,21,25,29,75,42,30,72,147
02/03/2011,LMT,OR,ANM,WE,Federal Contract Tower,0,12,4,17,33,0,5,21,15,41,0,17,25,32,74,12,24,36,110
02/04/2011,LMT,OR,ANM,WE,Federal Contract Tower,0,9,1,12,22,0,3,8,10,21,0,12,9,22,43,17,22,39,82
02/05/2011,LMT,OR,ANM,WE,Federal Contract Tower,0,6,2,21,29,0,0,14,17,31,0,6,16,38,60,12,82,94,154
02/06/2011,LMT,OR,ANM,WE,Federal Contract Tower,0,6,2,10,18,0,0,10,14,24,0,6,12,24,42,24,6,30,72
02/07/2011,LMT,OR,ANM,WE,Federal Contract Tower,0,19,7,0,26,0,4,12,0,16,0,23,19,0,42,0,0,0,42
02/08/2011,LMT,OR,ANM,WE,Federal Contract Tower,0,13,2,19,34,0,2,4,19,25,0,15,6,38,59,9,40,49,108
02/09/2011,LMT,OR,ANM,WE,Federal Contract Tower,0,22,8,28,58,0,0,8,13,21,0,22,16,41,79,33,49,82,161
02/10/2011,LMT,OR,ANM,WE,Federal Contract Tower,0,9,12,24,45,0,2,28,21,51,0,11,40,45,96,20,48,68,164
02/11/2011,LMT,OR,ANM,WE,Federal Contract Tower,0,14,6,18,38,0,3,41,10,54,0,17,47,28,92,10,12,22,114
02/12/2011,LMT,OR,ANM,WE,Federal Contract Tower,0,7,0,0,7,0,3,24,0,27,0,10,24,0,34,20,0,20,54
02/13/2011,LMT,OR,ANM,WE,Federal Contract Tower,0,6,6,0,12,0,2,41,0,43,0,8,47,0,55,58,0,58,113
02/14/2011,LMT,OR,ANM,WE,Federal Contract Tower,0,18,2,0,20,0,1,1,0,2,0,19,3,0,22,0,0,0,22
02/15/2011,LMT,OR,ANM,WE,Federal Contract Tower,0,16,4,0,20,0,0,0,0,0,0,16,4,0,20,0,0,0,20
02/16/2011,LMT,OR,ANM,WE,Federal Contract Tower,0,22,8,14,44,0,0,1,6,7,0,22,9,20,51,0,18,18,69
02/17/2011,LMT,OR,ANM,WE,Federal Contract Tower,0,22,9,0,31,0,0,0,0,0,0,22,9,0,31,0,0,0,31
02/18/2011,LMT,OR,ANM,WE,Federal Contract Tower,0,20,14,10,44,0,0,0,0,0,0,20,14,10,44,16,0,16,60
02/19/2011,LMT,OR,ANM,WE,Federal Contract Tower,0,8,2,0,10,0,0,0,0,0,0,8,2,0,10,0,0,0,10
02/20/2011,LMT,OR,ANM,WE,Federal Contract Tower,0,6,5,0,11,0,0,7,6,13,0,6,12,6,24,28,0,28,52
02/21/2011,LMT,OR,ANM,WE,Federal Contract Tower,0,17,1,0,18,0,1,11,0,12,0,18,12,0,30,0,0,0,30
02/22/2011,LMT,OR,ANM,WE,Federal Contract Tower,0,16,2,29,47,0,1,1,11,13,0,17,3,40,60,0,28,28,88
02/23/2011,LMT,OR,ANM,WE,Federal Contract Tower,0,13,10,24,47,0,0,14,20,34,0,13,24,44,81,8,38,46,127
02/24/2011,LMT,OR,ANM,WE,Federal Contract Tower,0,16,3,0,19,0,0,0,0,0,0,16,3,0,19,0,0,0,19
02/25/2011,LMT,OR,ANM,WE,Federal Contract Tower,0,16,0,0,16,0,0,0,0,0,0,16,0,0,16,0,0,0,16
02/26/2011,LMT,OR,ANM,WE,Federal Contract Tower,0,7,6,0,13,0,3,22,0,25,0,10,28,0,38,0,0,0,38
02/27/2011,LMT,OR,ANM,WE,Federal Contract Tower,0,4,4,0,8,0,0,11,0,11,0,4,15,0,19,4,0,4,23
02/28/2011,LMT,OR,ANM,WE,Federal Contract Tower,0,19,7,23,49,0,1,1,16,18,0,20,8,39,67,0,18,18,85
03/01/2011,LMT,OR,ANM,WE,Federal Contract Tower,0,14,9,20,43,0,4,7,20,31,0,18,16,40,74,0,44,44,118
03/02/2011,LMT,OR,ANM,WE,Federal Contract Tower,0,18,16,40,74,0,1,0,0,1,0,19,16,40,75,0,20,20,95
03/03/2011,LMT,OR,ANM,WE,Federal Contract Tower,0,14,20,26,60,0,1,6,4,11,0,15,26,30,71,8,10,18,89
03/04/2011,LMT,OR,ANM,WE,Federal Contract Tower,0,14,9,11,34,0,1,18,9,28,0,15,27,20,62,23,92,115,177
03/05/2011,LMT,OR,ANM,WE,Federal Contract Tower,0,9,3,26,38,0,0,0,7,7,0,9,3,33,45,0,80,80,125
03/06/2011,LMT,OR,ANM,WE,Federal Contract Tower,0,6,3,10,19,0,0,4,0,4,0,6,7,10,23,15,0,15,38
03/07/2011,LMT,OR,ANM,WE,Federal Contract Tower,0,21,2,0,23,0,1,3,0,4,0,22,5,0,27,0,0,0,27
03/08/2011,LMT,OR,ANM,WE,Federal Contract Tower,0,18,8,36,62,0,0,3,5,8,0,18,11,41,70,0,66,66,136
03/09/2011,LMT,OR,ANM,WE,Federal Contract Tower,0,16,4,34,54,0,2,19,5,26,0,18,23,39,80,14,128,142,222
03/10/2011,LMT,OR,ANM,WE,Federal Contract Tower,0,16,6,30,52,0,1,0,0,1,0,17,6,30,53,0,2,2,55
03/11/2011,LMT,OR,ANM,WE,Federal Contract Tower,0,17,9,16,42,0,1,14,12,27,0,18,23,28,69,21,38,59,128
03/12/2011,LMT,OR,ANM,WE,Federal Contract Tower,0,10,0,0,10,0,1,10,0,11,0,11,10,0,21,22,0,22,43
03/13/2011,LMT,OR,ANM,WE,Federal Contract Tower,0,6,2,0,8,0,0,0,0,0,0,6,2,0,8,0,0,0,8
03/14/2011,LMT,OR,ANM,WE,Federal Contract Tower,0,16,10,24,50,0,4,6,11,21,0,20,16,35,71,8,74,82,153
03/15/2011,LMT,OR,ANM,WE,Federal Contract Tower,0,16,10,33,59,0,0,1,0,1,0,16,11,33,60,0,8,8,68
03/16/2011,LMT,OR,ANM,WE,Federal Contract Tower,0,16,3,8,27,0,0,2,4,6,0,16,5,12,33,0,3,3,36
03/17/2011,LMT,OR,ANM,WE,Federal Contract Tower,0,17,2,1,20,0,0,9,1,10,0,17,11,2,30,2,0,2,32
03/18/2011,LMT,OR,ANM,WE,Federal Contract Tower,0,17,4,9,30,0,1,0,0,1,0,18,4,9,31,0,0,0,31
03/19/2011,LMT,OR,ANM,WE,Federal Contract Tower,0,12,4,0,16,0,0,3,0,3,0,12,7,0,19,0,0,0,19
03/20/2011,LMT,OR,ANM,WE,Federal Contract Tower,0,5,1,0,6,0,0,3,0,3,0,5,4,0,9,0,0,0,9
03/21/2011,LMT,OR,ANM,WE,Federal Contract Tower,0,18,1,0,19,0,4,4,0,8,0,22,5,0,27,0,0,0,27
03/22/2011,LMT,OR,ANM,WE,Federal Contract Tower,0,12,6,8,26,0,3,0,3,6,0,15,6,11,32,5,26,31,63
03/23/2011,LMT,OR,ANM,WE,Federal Contract Tower,0,21,6,10,37,0,0,4,4,8,0,21,10,14,45,0,20,20,65
03/24/2011,LMT,OR,ANM,WE,Federal Contract Tower,0,20,6,4,30,0,1,7,0,8,0,21,13,4,38,0,0,0,38
03/25/2011,LMT,OR,ANM,WE,Federal Contract Tower,0,16,4,0,20,0,0,0,0,0,0,16,4,0,20,0,0,0,20
03/26/2011,LMT,OR,ANM,WE,Federal Contract Tower,0,9,3,0,12,0,0,2,3,5,0,9,5,3,17,0,0,0,17
03/27/2011,LMT,OR,ANM,WE,Federal Contract Tower,0,4,5,0,9,0,0,1,0,1,0,4,6,0,10,0,0,0,10
03/28/2011,LMT,OR,ANM,WE,Federal Contract Tower,0,14,1,8,23,0,11,19,5,35,0,25,20,13,58,16,10,26,84
03/29/2011,LMT,OR,ANM,WE,Federal Contract Tower,0,26,2,16,44,0,1,4,0,5,0,27,6,16,49,6,40,46,95
03/30/2011,LMT,OR,ANM,WE,Federal Contract Tower,0,18,5,21,44,0,5,31,2,38,0,23,36,23,82,4,60,64,146
03/31/2011,LMT,OR,ANM,WE,Federal Contract Tower,0,14,5,14,33,0,4,26,5,35,0,18,31,19,68,35,35,70,138
04/01/2011,LMT,OR,ANM,WE,Federal Contract Tower,0,17,4,4,25,0,3,43,4,50,0,20,47,8,75,54,2,56,131
04/02/2011,LMT,OR,ANM,WE,Federal Contract Tower,0,11,0,10,21,0,0,9,14,23,0,11,9,24,44,10,23,33,77
04/03/2011,LMT,OR,ANM,WE,Federal Contract Tower,0,5,5,9,19,0,0,28,4,32,0,5,33,13,51,33,13,46,97
04/04/2011,LMT,OR,ANM,WE,Federal Contract Tower,0,18,8,1,27,0,0,25,0,25,0,18,33,1,52,24,0,24,76
04/05/2011,LMT,OR,ANM,WE,Federal Contract Tower,0,22,4,25,51,0,1,9,11,21,0,23,13,36,72,0,46,46,118
04/06/2011,LMT,OR,ANM,WE,Federal Contract Tower,0,23,12,36,71,0,0,0,0,0,0,23,12,36,71,14,26,40,111
04/07/2011,LMT,OR,ANM,WE,Federal Contract Tower,0,16,5,39,60,0,2,5,2,9,0,18,10,41,69,14,42,56,125
04/08/2011,LMT,OR,ANM,WE,Federal Contract Tower,0,19,2,14,35,0,4,11,8,23,0,23,13,22,58,24,14,38,96
04/09/2011,LMT,OR,ANM,WE,Federal Contract Tower,0,6,0,0,6,0,3,25,0,28,0,9,25,0,34,38,0,38,72
04/10/2011,LMT,OR,ANM,WE,Federal Contract Tower,0,4,1,0,5,0,0,10,0,10,0,4,11,0,15,34,0,34,49
04/11/2011,LMT,OR,ANM,WE,Federal Contract Tower,0,19,2,32,53,0,2,13,4,19,0,21,15,36,72,49,34,83,155
04/12/2011,LMT,OR,ANM,WE,Federal Contract Tower,0,17,8,20,45,0,2,36,12,50,0,19,44,32,95,28,28,56,151
04/13/2011,LMT,OR,ANM,WE,Federal Contract Tower,0,18,1,30,49,0,1,4,6,11,0,19,5,36,60,0,30,30,90
04/14/2011,LMT,OR,ANM,WE,Federal Contract Tower,0,18,8,29,55,0,2,25,10,37,0,20,33,39,92,37,36,73,165
04/15/2011,LMT,OR,ANM,WE,Federal Contract Tower,0,17,11,20,48,0,0,1,0,1,0,17,12,20,49,0,18,18,67
04/16/2011,LMT,OR,ANM,WE,Federal Contract Tower,0,8,14,0,22,0,1,17,0,18,0,9,31,0,40,14,0,14,54
04/17/2011,LMT,OR,ANM,WE,Federal Contract Tower,0,4,6,0,10,0,0,6,0,6,0,4,12,0,16,22,0,22,38
04/18/2011,LMT,OR,ANM,WE,Federal Contract Tower,0,15,0,0,15,0,3,6,0,9,0,18,6,0,24,14,0,14,38
04/19/2011,LMT,OR,ANM,WE,Federal Contract Tower,0,18,3,20,41,0,5,47,37,89,0,23,50,57,130,34,28,62,192
04/20/2011,LMT,OR,ANM,WE,Federal Contract Tower,0,18,9,23,50,0,0,0,0,0,0,18,9,23,50,0,10,10,60
04/21/2011,LMT,OR,ANM,WE,Federal Contract Tower,0,17,4,25,46,0,2,37,16,55,0,19,41,41,101,31,36,67,168
04/22/2011,LMT,OR,ANM,WE,Federal Contract Tower,0,15,1,7,23,0,2,45,12,59,0,17,46,19,82,80,38,118,200
04/23/2011,LMT,OR,ANM,WE,Federal Contract Tower,0,7,5,0,12,0,10,23,0,33,0,17,28,0,45,20,0,20,65
04/24/2011,LMT,OR,ANM,WE,Federal Contract Tower,0,5,2,0,7,0,0,3,0,3,0,5,5,0,10,0,0,0,10
04/25/2011,LMT,OR,ANM,WE,Federal Contract Tower,0,25,2,16,43,0,0,1,0,1,0,25,3,16,44,0,24,24,68
04/26/2011,LMT,OR,ANM,WE,Federal Contract Tower,0,18,16,39,73,0,2,4,10,16,0,20,20,49,89,70,79,149,238
04/27/2011,LMT,OR,ANM,WE,Federal Contract Tower,0,9,4,34,47,0,8,18,6,32,0,17,22,40,79,67,42,109,188
04/28/2011,LMT,OR,ANM,WE,Federal Contract Tower,0,20,11,32,63,0,0,0,0,0,0,20,11,32,63,1,14,15,78
04/29/2011,LMT,OR,ANM,WE,Federal Contract Tower,0,11,9,12,32,0,4,3,10,17,0,15,12,22,49,7,12,19,68
04/30/2011,LMT,OR,ANM,WE,Federal Contract Tower,0,8,3,2,13,0,0,42,3,45,0,8,45,5,58,48,0,48,106
05/01/2011,LMT,OR,ANM,WE,Federal Contract Tower,0,4,0,0,4,0,0,67,0,67,0,4,67,0,71,42,0,42,113
05/02/2011,LMT,OR,ANM,WE,Federal Contract Tower,0,13,1,3,17,0,5,17,0,22,0,18,18,3,39,24,0,24,63
05/03/2011,LMT,OR,ANM,WE,Federal Contract Tower,0,11,4,22,37,0,1,28,18,47,0,12,32,40,84,43,66,109,193
05/04/2011,LMT,OR,ANM,WE,Federal Contract Tower,0,12,6,20,38,0,7,17,16,40,0,19,23,36,78,22,32,54,132
05/05/2011,LMT,OR,ANM,WE,Federal Contract Tower,0,9,4,30,43,0,6,25,11,42,0,15,29,41,85,29,46,75,160
05/06/2011,LMT,OR,ANM,WE,Federal Contract Tower,0,11,3,10,24,0,7,39,2,48,0,18,42,12,72,32,18,50,122
05/07/2011,LMT,OR,ANM,WE,Federal Contract Tower,0,9,1,0,10,0,1,19,0,20,0,10,20,0,30,6,0,6,36
05/08/2011,LMT,OR,ANM,WE,Federal Contract Tower,0,7,3,0,10,0,0,5,0,5,0,7,8,0,15,2,0,2,17
05/09/2011,LMT,OR,ANM,WE,Federal Contract Tower,0,13,4,25,42,0,5,8,12,25,0,18,12,37,67,14,32,46,113
05/10/2011,LMT,OR,ANM,WE,Federal Contract Tower,0,16,3,20,39,0,7,48,5,60,0,23,51,25,99,70,32,102,201
05/11/2011,LMT,OR,ANM,WE,Federal Contract Tower,0,28,7,16,51,0,2,30,22,54,0,30,37,38,105,32,52,84,189
05/12/2011,LMT,OR,ANM,WE,Federal Contract Tower,0,14,6,19,39,0,5,14,19,38,0,19,20,38,77,20,58,78,155
05/13/2011,LMT,OR,ANM,WE,Federal Contract Tower,0,11,2,15,28,0,1,12,17,30,0,12,14,32,58,22,22,44,102
05/14/2011,LMT,OR,ANM,WE,Federal Contract Tower,0,8,1,11,20,0,0,21,17,38,0,8,22,28,58,4,32,36,94
05/15/2011,LMT,OR,ANM,WE,Federal Contract Tower,0,8,3,10,21,0,0,0,5,5,0,8,3,15,26,0,8,8,34
05/16/2011,LMT,OR,ANM,WE,Federal Contract Tower,0,16,1,0,17,0,3,11,0,14,0,19,12,0,31,6,0,6,37
05/17/2011,LMT,OR,ANM,WE,Federal Contract Tower,0,22,5,40,67,0,0,0,0,0,0,22,5,40,67,0,20,20,87
05/18/2011,LMT,OR,ANM,WE,Federal Contract Tower,0,17,6,17,40,0,0,0,10,10,0,17,6,27,50,2,33,35,85
05/19/2011,LMT,OR,ANM,WE,Federal Contract Tower,0,14,9,19,42,0,5,36,21,62,0,19,45,40,104,35,58,93,197
05/20/2011,LMT,OR,ANM,WE,Federal Contract Tower,0,13,12,17,42,0,5,39,12,56,0,18,51,29,98,95,8,103,201
05/21/2011,LMT,OR,ANM,WE,Federal Contract Tower,0,8,2,0,10,0,0,16,0,16,0,8,18,0,26,20,0,20,46
05/22/2011,LMT,OR,ANM,WE,Federal Contract Tower,0,6,9,2,17,0,0,37,0,37,0,6,46,2,54,57,0,57,111
05/23/2011,LMT,OR,ANM,WE,Federal Contract Tower,0,16,15,26,57,0,4,17,13,34,0,20,32,39,91,18,40,58,149
05/24/2011,LMT,OR,ANM,WE,Federal Contract Tower,0,15,4,22,41,0,6,44,16,66,0,21,48,38,107,16,95,111,218
05/25/2011,LMT,OR,ANM,WE,Federal Contract Tower,0,26,24,17,67,0,0,0,0,0,0,26,24,17,67,16,6,22,89
05/26/2011,LMT,OR,ANM,WE,Federal Contract Tower,0,12,15,10,37,0,0,7,4,11,0,12,22,14,48,2,36,38,86
05/27/2011,LMT,OR,ANM,WE,Federal Contract Tower,0,13,8,0,21,0,3,9,0,12,0,16,17,0,33,0,0,0,33
05/28/2011,LMT,OR,ANM,WE,Federal Contract Tower,0,10,0,0,10,0,0,12,0,12,0,10,12,0,22,20,0,20,42
05/29/2011,LMT,OR,ANM,WE,Federal Contract Tower,0,5,1,0,6,0,0,17,0,17,0,5,18,0,23,0,0,0,23
05/30/2011,LMT,OR,ANM,WE,Federal Contract Tower,0,7,7,2,16,0,0,31,4,35,0,7,38,6,51,66,10,76,127
05/31/2011,LMT,OR,ANM,WE,Federal Contract Tower,0,18,7,22,47,0,1,0,8,9,0,19,7,30,56,16,44,60,116
06/01/2011,LMT,OR,ANM,WE,Federal Contract Tower,0,15,5,41,61,0,1,3,0,4,0,16,8,41,65,0,30,30,95
06/02/2011,LMT,OR,ANM,WE,Federal Contract Tower,0,11,3,23,37,0,5,8,11,24,0,16,11,34,61,75,68,143,204
06/03/2011,LMT,OR,ANM,WE,Federal Contract Tower,0,11,5,14,30,0,4,27,2,33,0,15,32,16,63,8,36,44,107
06/04/2011,LMT,OR,ANM,WE,Federal Contract Tower,0,9,3,0,12,0,3,22,0,25,0,12,25,0,37,22,0,22,59
06/05/2011,LMT,OR,ANM,WE,Federal Contract Tower,0,5,0,0,5,0,0,20,0,20,0,5,20,0,25,91,0,91,116
06/06/2011,LMT,OR,ANM,WE,Federal Contract Tower,0,15,7,32,54,0,6,14,8,28,0,21,21,40,82,0,56,56,138
06/07/2011,LMT,OR,ANM,WE,Federal Contract Tower,0,14,22,36,72,0,5,37,14,56,0,19,59,50,128,7,76,83,211
06/08/2011,LMT,OR,ANM,WE,Federal Contract Tower,0,9,0,35,44,0,12,42,14,68,0,21,42,49,112,34,54,88,200
06/09/2011,LMT,OR,ANM,WE,Federal Contract Tower,0,7,5,27,39,0,8,44,3,55,0,15,49,30,94,30,54,84,178
06/10/2011,LMT,OR,ANM,WE,Federal Contract Tower,0,13,6,17,36,0,2,30,3,35,0,15,36,20,71,26,16,42,113
06/11/2011,LMT,OR,ANM,WE,Federal Contract Tower,0,7,7,12,26,0,0,31,8,39,0,7,38,20,65,21,5,26,91
06/12/2011,LMT,OR,ANM,WE,Federal Contract Tower,0,11,28,21,60,0,0,0,0,0,0,11,28,21,60,58,16,74,134
06/13/2011,LMT,OR,ANM,WE,Federal Contract Tower,0,14,7,0,21,0,9,48,2,59,0,23,55,2,80,38,0,38,118
06/14/2011,LMT,OR,ANM,WE,Federal Contract Tower,0,9,4,23,36,0,8,31,26,65,0,17,35,49,101,8,42,50,151
06/15/2011,LMT,OR,ANM,WE,Federal Contract Tower,0,9,3,22,34,0,7,41,15,63,0,16,44,37,97,34,20,54,151
06/16/2011,LMT,OR,ANM,WE,Federal Contract Tower,0,13,4,34,51,0,7,38,0,45,0,20,42,34,96,40,36,76,172
06/17/2011,LMT,OR,ANM,WE,Federal Contract Tower,0,17,42,22,81,0,3,10,0,13,0,20,52,22,94,75,8,83,177
06/18/2011,LMT,OR,ANM,WE,Federal Contract Tower,0,8,11,0,19,0,1,44,0,45,0,9,55,0,64,14,0,14,78
06/19/2011,LMT,OR,ANM,WE,Federal Contract Tower,0,5,8,0,13,0,0,28,0,28,0,5,36,0,41,47,0,47,88
06/20/2011,LMT,OR,ANM,WE,Federal Contract Tower,0,11,6,36,53,0,7,39,0,46,0,18,45,36,99,33,42,75,174
06/21/2011,LMT,OR,ANM,WE,Federal Contract Tower,0,12,5,28,45,0,7,47,4,58,0,19,52,32,103,14,28,42,145
06/22/2011,LMT,OR,ANM,WE,Federal Contract Tower,0,12,2,22,36,0,22,51,15,88,0,34,53,37,124,24,40,64,188
06/23/2011,LMT,OR,ANM,WE,Federal Contract Tower,0,12,3,30,45,0,10,66,14,90,0,22,69,44,135,34,46,80,215
06/24/2011,LMT,OR,ANM,WE,Federal Contract Tower,0,11,1,16,28,0,4,50,10,64,0,15,51,26,92,51,28,79,171
06/25/2011,LMT,OR,ANM,WE,Federal Contract Tower,0,7,3,8,18,0,3,52,0,55,0,10,55,8,73,62,0,62,135
06/26/2011,LMT,OR,ANM,WE,Federal Contract Tower,0,2,1,0,3,0,1,50,0,51,0,3,51,0,54,12,0,12,66
06/27/2011,LMT,OR,ANM,WE,Federal Contract Tower,0,9,1,2,12,0,7,44,2,53,0,16,45,4,65,44,0,44,109
06/28/2011,LMT,OR,ANM,WE,Federal Contract Tower,0,22,11,20,53,0,2,13,14,29,0,24,24,34,82,42,30,72,154
06/29/2011,LMT,OR,ANM,WE,Federal Contract Tower,0,15,6,20,41,0,3,12,17,32,0,18,18,37,73,23,20,43,116
06/30/2011,LMT,OR,ANM,WE,Federal Contract Tower,0,13,6,16,35,0,3,27,11,41,0,16,33,27,76,60,39,99,175
07/01/2011,LMT,OR,ANM,WE,Federal Contract Tower,0,9,4,10,23,0,8,44,12,64,0,17,48,22,87,22,3,25,112
07/02/2011,LMT,OR,ANM,WE,Federal Contract Tower,0,8,3,6,17,0,1,59,0,60,0,9,62,6,77,48,0,48,125
07/03/2011,LMT,OR,ANM,WE,Federal Contract Tower,0,5,0,0,5,0,0,31,0,31,0,5,31,0,36,16,0,16,52
07/04/2011,LMT,OR,ANM,WE,Federal Contract Tower,0,4,2,3,9,0,0,13,4,17,0,4,15,7,26,44,0,44,70
07/05/2011,LMT,OR,ANM,WE,Federal Contract Tower,0,16,31,34,81,0,6,6,0,12,0,22,37,34,93,62,60,122,215
07/06/2011,LMT,OR,ANM,WE,Federal Contract Tower,0,14,3,20,37,0,5,51,18,74,0,19,54,38,111,52,42,94,205
07/07/2011,LMT,OR,ANM,WE,Federal Contract Tower,0,12,4,32,48,0,6,36,8,50,0,18,40,40,98,22,30,52,150
07/08/2011,LMT,OR,ANM,WE,Federal Contract Tower,0,11,13,14,38,0,4,45,2,51,0,15,58,16,89,72,22,94,183
07/09/2011,LMT,OR,ANM,WE,Federal Contract Tower,0,5,2,0,7,0,1,66,0,67,0,6,68,0,74,44,0,44,118
07/10/2011,LMT,OR,ANM,WE,Federal Contract Tower,0,4,3,0,7,0,0,63,0,63,0,4,66,0,70,62,0,62,132
07/11/2011,LMT,OR,ANM,WE,Federal Contract Tower,0,4,3,0,7,0,0,63,0,63,0,4,66,0,70,62,0,62,132
07/12/2011,LMT,OR,ANM,WE,Federal Contract Tower,0,20,8,20,48,0,8,42,20,70,0,28,50,40,118,26,22,48,166
07/13/2011,LMT,OR,ANM,WE,Federal Contract Tower,0,14,4,22,40,0,4,34,18,56,0,18,38,40,96,28,71,99,195
07/14/2011,LMT,OR,ANM,WE,Federal Contract Tower,0,18,6,21,45,0,5,34,12,51,0,23,40,33,96,28,66,94,190
07/15/2011,LMT,OR,ANM,WE,Federal Contract Tower,0,9,1,10,20,0,8,33,7,48,0,17,34,17,68,2,4,6,74
07/16/2011,LMT,OR,ANM,WE,Federal Contract Tower,0,8,3,0,11,0,3,34,0,37,0,11,37,0,48,37,0,37,85
07/17/2011,LMT,OR,ANM,WE,Federal Contract Tower,0,6,0,3,9,0,0,22,10,32,0,6,22,13,41,39,0,39,80
07/18/2011,LMT,OR,ANM,WE,Federal Contract Tower,0,17,5,18,40,0,1,29,17,47,0,18,34,35,87,22,50,72,159
07/19/2011,LMT,OR,ANM,WE,Federal Contract Tower,0,15,5,21,41,0,7,33,16,56,0,22,38,37,97,14,42,56,153
07/20/2011,LMT,OR,ANM,WE,Federal Contract Tower,0,14,6,31,51,0,7,43,17,67,0,21,49,48,118,34,11,45,163
07/21/2011,LMT,OR,ANM,WE,Federal Contract Tower,0,15,7,66,88,0,8,29,90,127,0,23,36,156,215,17,21,38,253
07/22/2011,LMT,OR,ANM,WE,Federal Contract Tower,0,12,7,69,88,0,15,43,68,126,0,27,50,137,214,2,20,22,236
07/23/2011,LMT,OR,ANM,WE,Federal Contract Tower,0,10,2,72,84,0,7,42,80,129,0,17,44,152,213,0,66,66,279
07/24/2011,LMT,OR,ANM,WE,Federal Contract Tower,0,6,2,49,57,0,0,54,44,98,0,6,56,93,155,20,12,32,187
07/25/2011,LMT,OR,ANM,WE,Federal Contract Tower,0,17,8,24,49,0,4,40,1,45,0,21,48,25,94,24,0,24,118
07/26/2011,LMT,OR,ANM,WE,Federal Contract Tower,0,14,25,51,90,0,4,8,0,12,0,18,33,51,102,92,24,116,218
07/27/2011,LMT,OR,ANM,WE,Federal Contract Tower,0,9,9,38,56,0,9,64,25,98,0,18,73,63,154,64,84,148,302
07/28/2011,LMT,OR,ANM,WE,Federal Contract Tower,0,9,2,42,53,0,11,54,27,92,0,20,56,69,145,42,76,118,263
07/29/2011,LMT,OR,ANM,WE,Federal Contract Tower,0,9,5,30,44,0,6,39,0,45,0,15,44,30,89,30,36,66,155
07/30/2011,LMT,OR,ANM,WE,Federal Contract Tower,0,7,2,0,9,0,1,53,0,54,0,8,55,0,63,54,0,54,117
07/31/2011,LMT,OR,ANM,WE,Federal Contract Tower,0,4,17,0,21,0,0,4,0,4,0,4,21,0,25,40,0,40,65
08/01/2011,LMT,OR,ANM,WE,Federal Contract Tower,0,16,61,43,120,0,4,10,0,14,0,20,71,43,134,14,84,98,232
08/02/2011,LMT,OR,ANM,WE,Federal Contract Tower,0,20,40,58,118,0,4,10,0,14,0,24,50,58,132,0,44,44,176
08/03/2011,LMT,OR,ANM,WE,Federal Contract Tower,0,21,48,58,127,0,4,8,0,12,0,25,56,58,139,14,56,70,209
08/04/2011,LMT,OR,ANM,WE,Federal Contract Tower,0,10,2,48,60,0,5,30,14,49,0,15,32,62,109,48,76,124,233
08/05/2011,LMT,OR,ANM,WE,Federal Contract Tower,0,12,6,10,28,0,6,42,10,58,0,18,48,20,86,22,28,50,136
08/06/2011,LMT,OR,ANM,WE,Federal Contract Tower,0,8,2,0,10,0,2,51,8,61,0,10,53,8,71,20,2,22,93
08/07/2011,LMT,OR,ANM,WE,Federal Contract Tower,0,6,10,0,16,0,0,38,0,38,0,6,48,0,54,36,0,36,90
08/08/2011,LMT,OR,ANM,WE,Federal Contract Tower,0,13,7,6,26,0,3,28,0,31,0,16,35,6,57,40,0,40,97
08/09/2011,LMT,OR,ANM,WE,Federal Contract Tower,0,8,2,22,32,0,8,25,13,46,0,16,27,35,78,3,43,46,124
08/10/2011,LMT,OR,ANM,WE,Federal Contract Tower,0,9,3,19,31,0,9,47,19,75,0,18,50,38,106,46,80,126,232
08/11/2011,LMT,OR,ANM,WE,Federal Contract Tower,0,14,46,18,78,0,4,0,0,4,0,18,46,18,82,38,44,82,164
08/12/2011,LMT,OR,ANM,WE,Federal Contract Tower,0,6,5,10,21,0,6,26,31,63,0,12,31,41,84,10,32,42,126
08/13/2011,LMT,OR,ANM,WE,Federal Contract Tower,0,10,0,2,12,0,2,42,0,44,0,12,42,2,56,42,0,42,98
08/14/2011,LMT,OR,ANM,WE,Federal Contract Tower,0,4,0,0,4,0,0,40,0,40,0,4,40,0,44,63,0,63,107
08/15/2011,LMT,OR,ANM,WE,Federal Contract Tower,0,20,2,17,39,0,2,32,17,51,0,22,34,34,90,23,55,78,168
08/16/2011,LMT,OR,ANM,WE,Federal Contract Tower,0,8,3,22,33,0,11,25,11,47,0,19,28,33,80,18,39,57,137
08/17/2011,LMT,OR,ANM,WE,Federal Contract Tower,0,16,3,23,42,0,0,47,18,65,0,16,50,41,107,44,55,99,206
08/18/2011,LMT,OR,ANM,WE,Federal Contract Tower,0,7,1,21,29,0,10,75,12,97,0,17,76,33,126,8,27,35,161
08/19/2011,LMT,OR,ANM,WE,Federal Contract Tower,0,16,7,21,44,0,3,45,15,63,0,19,52,36,107,22,32,54,161
08/20/2011,LMT,OR,ANM,WE,Federal Contract Tower,0,9,1,10,20,0,1,44,0,45,0,10,45,10,65,44,0,44,109
08/21/2011,LMT,OR,ANM,WE,Federal Contract Tower,0,6,3,0,9,0,0,56,0,56,0,6,59,0,65,28,0,28,93
08/22/2011,LMT,OR,ANM,WE,Federal Contract Tower,0,15,5,0,20,0,6,42,2,50,0,21,47,2,70,4,0,4,74
08/23/2011,LMT,OR,ANM,WE,Federal Contract Tower,0,8,9,20,37,0,7,27,18,52,0,15,36,38,89,34,56,90,179
08/24/2011,LMT,OR,ANM,WE,Federal Contract Tower,0,12,2,26,40,0,8,17,3,28,0,20,19,29,68,12,52,64,132
08/25/2011,LMT,OR,ANM,WE,Federal Contract Tower,0,10,3,21,34,0,2,58,17,77,0,12,61,38,111,19,23,42,153
08/26/2011,LMT,OR,ANM,WE,Federal Contract Tower,0,8,2,13,23,0,7,35,10,52,0,15,37,23,75,0,41,41,116
08/27/2011,LMT,OR,ANM,WE,Federal Contract Tower,0,7,2,0,9,0,5,40,4,49,0,12,42,4,58,0,0,0,58
08/28/2011,LMT,OR,ANM,WE,Federal Contract Tower,0,4,0,0,4,0,2,50,0,52,0,6,50,0,56,0,0,0,56
08/29/2011,LMT,OR,ANM,WE,Federal Contract Tower,0,12,6,22,40,0,6,18,12,36,0,18,24,34,76,22,42,64,140
08/30/2011,LMT,OR,ANM,WE,Federal Contract Tower,0,8,3,18,29,0,1,32,19,52,0,9,35,37,81,30,32,62,143
08/31/2011,LMT,OR,ANM,WE,Federal Contract Tower,0,10,6,16,32,0,6,42,18,66,0,16,48,34,98,4,28,32,130
09/01/2011,LMT,OR,ANM,WE,Federal Contract Tower,0,12,5,18,35,0,0,24,11,35,0,12,29,29,70,0,34,34,104
09/02/2011,LMT,OR,ANM,WE,Federal Contract Tower,0,20,6,0,26,0,1,48,0,49,0,21,54,0,75,14,0,14,89
09/03/2011,LMT,OR,ANM,WE,Federal Contract Tower,0,7,1,0,8,0,3,41,0,44,0,10,42,0,52,7,0,7,59
09/04/2011,LMT,OR,ANM,WE,Federal Contract Tower,0,6,1,0,7,0,0,38,0,38,0,6,39,0,45,56,0,56,101
09/05/2011,LMT,OR,ANM,WE,Federal Contract Tower,0,5,1,0,6,0,0,73,0,73,0,5,74,0,79,46,0,46,125
09/06/2011,LMT,OR,ANM,WE,Federal Contract Tower,0,11,9,18,38,0,4,24,18,46,0,15,33,36,84,17,37,54,138
09/07/2011,LMT,OR,ANM,WE,Federal Contract Tower,0,10,9,27,46,0,9,27,17,53,0,19,36,44,99,33,34,67,166
09/08/2011,LMT,OR,ANM,WE,Federal Contract Tower,0,12,27,33,72,0,4,22,0,26,0,16,49,33,98,57,32,89,187
09/09/2011,LMT,OR,ANM,WE,Federal Contract Tower,0,12,6,8,26,0,6,38,8,52,0,18,44,16,78,5,8,13,91
09/10/2011,LMT,OR,ANM,WE,Federal Contract Tower,0,7,3,20,30,0,1,34,10,45,0,8,37,30,75,3,22,25,100
09/11/2011,LMT,OR,ANM,WE,Federal Contract Tower,0,3,2,18,23,0,0,20,12,32,0,3,22,30,55,23,36,59,114
09/12/2011,LMT,OR,ANM,WE,Federal Contract Tower,0,13,2,0,15,0,9,41,3,53,0,22,43,3,68,20,0,20,88
09/13/2011,LMT,OR,ANM,WE,Federal Contract Tower,0,15,2,24,41,0,3,24,17,44,0,18,26,41,85,6,28,34,119
09/14/2011,LMT,OR,ANM,WE,Federal Contract Tower,0,13,0,20,33,0,23,58,12,93,0,36,58,32,126,34,26,60,186
09/15/2011,LMT,OR,ANM,WE,Federal Contract Tower,0,13,6,14,33,0,8,29,19,56,0,21,35,33,89,12,48,60,149
09/16/2011,LMT,OR,ANM,WE,Federal Contract Tower,0,8,4,8,20,0,7,43,12,62,0,15,47,20,82,6,20,26,108
09/17/2011,LMT,OR,ANM,WE,Federal Contract Tower,0,8,3,0,11,0,2,29,4,35,0,10,32,4,46,0,4,4,50
09/18/2011,LMT,OR,ANM,WE,Federal Contract Tower,0,6,0,2,8,0,0,33,0,33,0,6,33,2,41,18,0,18,59
09/19/2011,LMT,OR,ANM,WE,Federal Contract Tower,0,10,3,17,30,0,5,14,17,36,0,15,17,34,66,6,50,56,122
09/20/2011,LMT,OR,ANM,WE,Federal Contract Tower,0,12,5,32,49,0,6,23,29,58,0,18,28,61,107,6,68,74,181
09/21/2011,LMT,OR,ANM,WE,Federal Contract Tower,0,11,1,27,39,0,8,22,17,47,0,19,23,44,86,18,96,114,200
09/22/2011,LMT,OR,ANM,WE,Federal Contract Tower,0,16,4,18,38,0,4,23,26,53,0,20,27,44,91,16,78,94,185
09/23/2011,LMT,OR,ANM,WE,Federal Contract Tower,0,12,8,13,33,0,1,49,12,62,0,13,57,25,95,20,46,66,161
09/24/2011,LMT,OR,ANM,WE,Federal Contract Tower,0,5,2,0,7,0,4,23,0,27,0,9,25,0,34,2,0,2,36
09/25/2011,LMT,OR,ANM,WE,Federal Contract Tower,0,4,4,0,8,0,0,11,0,11,0,4,15,0,19,0,0,0,19
09/26/2011,LMT,OR,ANM,WE,Federal Contract Tower,0,19,6,0,25,0,5,27,0,32,0,24,33,0,57,16,0,16,73
09/27/2011,LMT,OR,ANM,WE,Federal Contract Tower,0,17,3,20,40,0,7,27,20,54,0,24,30,40,94,32,58,90,184
09/28/2011,LMT,OR,ANM,WE,Federal Contract Tower,0,12,7,22,41,0,7,11,22,40,0,19,18,44,81,14,64,78,159
09/29/2011,LMT,OR,ANM,WE,Federal Contract Tower,0,10,5,8,23,0,7,34,8,49,0,17,39,16,72,18,26,44,116
09/30/2011,LMT,OR,ANM,WE,Federal Contract Tower,0,9,5,0,14,0,4,27,0,31,0,13,32,0,45,14,0,14,59
10/01/2011,LMT,OR,ANM,WE,Federal Contract Tower,0,7,5,0,12,0,2,6,0,8,0,9,11,0,20,0,0,0,20
10/02/2011,LMT,OR,ANM,WE,Federal Contract Tower,0,6,4,0,10,0,0,33,0,33,0,6,37,0,43,24,0,24,67
10/03/2011,LMT,OR,ANM,WE,Federal Contract Tower,0,19,7,40,66,0,0,12,0,12,0,19,19,40,78,0,40,40,118
10/04/2011,LMT,OR,ANM,WE,Federal Contract Tower,0,19,6,10,35,0,1,11,10,22,0,20,17,20,57,14,32,46,103
10/05/2011,LMT,OR,ANM,WE,Federal Contract Tower,0,18,1,22,41,0,1,1,16,18,0,19,2,38,59,0,12,12,71
10/06/2011,LMT,OR,ANM,WE,Federal Contract Tower,0,17,1,18,36,0,3,14,18,35,0,20,15,36,71,16,14,30,101
10/07/2011,LMT,OR,ANM,WE,Federal Contract Tower,0,13,13,14,40,0,0,7,11,18,0,13,20,25,58,8,42,50,108
10/08/2011,LMT,OR,ANM,WE,Federal Contract Tower,0,7,3,0,10,0,0,50,0,50,0,7,53,0,60,54,0,54,114
10/09/2011,LMT,OR,ANM,WE,Federal Contract Tower,0,4,7,0,11,0,3,44,0,47,0,7,51,0,58,24,0,24,82
10/10/2011,LMT,OR,ANM,WE,Federal Contract Tower,0,16,8,2,26,0,0,0,0,0,0,16,8,2,26,0,0,0,26
10/11/2011,LMT,OR,ANM,WE,Federal Contract Tower,0,11,7,19,37,0,6,17,14,37,0,17,24,33,74,18,12,30,104
10/12/2011,LMT,OR,ANM,WE,Federal Contract Tower,0,13,3,28,44,0,4,29,21,54,0,17,32,49,98,4,42,46,144
10/13/2011,LMT,OR,ANM,WE,Federal Contract Tower,0,6,6,19,31,0,10,22,21,53,0,16,28,40,84,32,22,54,138
10/14/2011,LMT,OR,ANM,WE,Federal Contract Tower,0,20,3,15,38,0,3,53,15,71,0,23,56,30,109,48,26,74,183
10/15/2011,LMT,OR,ANM,WE,Federal Contract Tower,0,8,6,19,33,0,6,26,19,51,0,14,32,38,84,8,40,48,132
10/16/2011,LMT,OR,ANM,WE,Federal Contract Tower,0,5,2,8,15,0,0,38,9,47,0,5,40,17,62,60,24,84,146
10/17/2011,LMT,OR,ANM,WE,Federal Contract Tower,0,13,10,2,25,0,7,31,0,38,0,20,41,2,63,24,0,24,87
10/18/2011,LMT,OR,ANM,WE,Federal Contract Tower,0,12,3,40,55,0,5,28,0,33,0,17,31,40,88,8,17,25,113
10/19/2011,LMT,OR,ANM,WE,Federal Contract Tower,0,11,4,26,41,0,5,31,18,54,0,16,35,44,95,10,36,46,141
10/20/2011,LMT,OR,ANM,WE,Federal Contract Tower,0,0,0,0,0,0,0,0,0,0,0,0,0,0,0,22,64,86,86
10/21/2011,LMT,OR,ANM,WE,Federal Contract Tower,0,12,7,16,35,0,4,50,4,58,0,16,57,20,93,10,14,24,117
10/22/2011,LMT,OR,ANM,WE,Federal Contract Tower,0,7,3,0,10,0,2,26,0,28,0,9,29,0,38,32,0,32,70
10/23/2011,LMT,OR,ANM,WE,Federal Contract Tower,0,6,8,0,14,0,0,70,0,70,0,6,78,0,84,18,0,18,102
10/24/2011,LMT,OR,ANM,WE,Federal Contract Tower,0,11,3,20,34,0,3,15,17,35,0,14,18,37,69,14,16,30,99
10/25/2011,LMT,OR,ANM,WE,Federal Contract Tower,0,11,2,18,31,0,4,16,16,36,0,15,18,34,67,10,22,32,99
10/26/2011,LMT,OR,ANM,WE,Federal Contract Tower,0,12,1,19,32,0,8,14,15,37,0,20,15,34,69,0,34,34,103
10/27/2011,LMT,OR,ANM,WE,Federal Contract Tower,0,10,3,14,27,0,7,33,14,54,0,17,36,28,81,30,14,44,125
10/28/2011,LMT,OR,ANM,WE,Federal Contract Tower,0,12,3,10,25,0,3,23,11,37,0,15,26,21,62,10,4,14,76
10/29/2011,LMT,OR,ANM,WE,Federal Contract Tower,0,8,6,2,16,0,1,14,14,29,0,9,20,16,45,20,0,20,65
10/30/2011,LMT,OR,ANM,WE,Federal Contract Tower,0,7,6,0,13,0,0,23,0,23,0,7,29,0,36,2,0,2,38
10/31/2011,LMT,OR,ANM,WE,Federal Contract Tower,0,11,1,0,12,0,5,8,0,13,0,16,9,0,25,0,0,0,25
11/01/2011,LMT,OR,ANM,WE,Federal Contract Tower,0,19,15,36,70,0,2,4,0,6,0,21,19,36,76,10,14,24,100
11/02/2011,LMT,OR,ANM,WE,Federal Contract Tower,0,10,4,18,32,0,3,19,15,37,0,13,23,33,69,12,16,28,97
11/03/2011,LMT,OR,ANM,WE,Federal Contract Tower,0,15,0,17,32,0,0,1,0,1,0,15,1,17,33,0,0,0,33
11/04/2011,LMT,OR,ANM,WE,Federal Contract Tower,0,14,4,25,43,0,3,25,26,54,0,17,29,51,97,6,80,86,183
11/05/2011,LMT,OR,ANM,WE,Federal Contract Tower,0,12,3,20,35,0,0,0,0,0,0,12,3,20,35,0,0,0,35
11/06/2011,LMT,OR,ANM,WE,Federal Contract Tower,0,5,2,0,7,0,0,0,0,0,0,5,2,0,7,0,0,0,7
11/07/2011,LMT,OR,ANM,WE,Federal Contract Tower,0,15,5,49,69,0,1,0,0,1,0,16,5,49,70,0,0,0,70
11/08/2011,LMT,OR,ANM,WE,Federal Contract Tower,0,17,5,21,43,0,1,2,11,14,0,18,7,32,57,0,12,12,69
11/09/2011,LMT,OR,ANM,WE,Federal Contract Tower,0,18,6,27,51,0,10,6,13,29,0,28,12,40,80,0,24,24,104
11/10/2011,LMT,OR,ANM,WE,Federal Contract Tower,0,16,8,17,41,0,0,14,17,31,0,16,22,34,72,24,46,70,142
11/11/2011,LMT,OR,ANM,WE,Federal Contract Tower,0,10,13,2,25,0,2,28,2,32,0,12,41,4,57,26,0,26,83
11/12/2011,LMT,OR,ANM,WE,Federal Contract Tower,0,5,2,0,7,0,1,13,0,14,0,6,15,0,21,0,0,0,21
11/13/2011,LMT,OR,ANM,WE,Federal Contract Tower,0,6,1,0,7,0,0,10,0,10,0,6,11,0,17,2,0,2,19
11/14/2011,LMT,OR,ANM,WE,Federal Contract Tower,0,15,1,3,19,0,5,20,0,25,0,20,21,3,44,6,12,18,62
11/15/2011,LMT,OR,ANM,WE,Federal Contract Tower,0,25,13,24,62,0,9,1,13,23,0,34,14,37,85,22,0,22,107
11/16/2011,LMT,OR,ANM,WE,Federal Contract Tower,0,19,5,26,50,0,0,6,11,17,0,19,11,37,67,16,24,40,107
11/17/2011,LMT,OR,ANM,WE,Federal Contract Tower,0,11,8,14,33,0,0,0,5,5,0,11,8,19,38,0,4,4,42
11/18/2011,LMT,OR,ANM,WE,Federal Contract Tower,0,15,4,0,19,0,0,0,0,0,0,15,4,0,19,0,0,0,19
11/19/2011,LMT,OR,ANM,WE,Federal Contract Tower,0,10,1,0,11,0,0,6,0,6,0,10,7,0,17,0,0,0,17
11/20/2011,LMT,OR,ANM,WE,Federal Contract Tower,0,7,4,0,11,0,0,6,0,6,0,7,10,0,17,4,0,4,21
11/21/2011,LMT,OR,ANM,WE,Federal Contract Tower,0,16,8,18,42,0,1,0,16,17,0,17,8,34,59,0,60,60,119
11/22/2011,LMT,OR,ANM,WE,Federal Contract Tower,0,17,4,18,39,0,0,2,17,19,0,17,6,35,58,0,24,24,82
11/23/2011,LMT,OR,ANM,WE,Federal Contract Tower,0,9,4,0,13,0,0,1,0,1,0,9,5,0,14,0,0,0,14
11/24/2011,LMT,OR,ANM,WE,Federal Contract Tower,0,5,3,0,8,0,0,2,0,2,0,5,5,0,10,2,0,2,12
11/25/2011,LMT,OR,ANM,WE,Federal Contract Tower,0,8,3,0,11,0,2,14,0,16,0,10,17,0,27,14,0,14,41
11/26/2011,LMT,OR,ANM,WE,Federal Contract Tower,0,7,0,2,9,0,1,29,2,32,0,8,29,4,41,34,10,44,85
11/27/2011,LMT,OR,ANM,WE,Federal Contract Tower,0,6,3,2,11,0,0,13,0,13,0,6,16,2,24,14,0,14,38
11/28/2011,LMT,OR,ANM,WE,Federal Contract Tower,0,13,3,0,16,0,5,18,2,25,0,18,21,2,41,14,0,14,55
11/29/2011,LMT,OR,ANM,WE,Federal Contract Tower,0,15,11,0,26,0,1,4,5,10,0,16,15,5,36,6,10,16,52
11/30/2011,LMT,OR,ANM,WE,Federal Contract Tower,0,18,5,18,41,0,0,23,18,41,0,18,28,36,82,6,73,79,161
12/01/2011,LMT,OR,ANM,WE,Federal Contract Tower,0,14,12,21,47,0,2,6,20,28,0,16,18,41,75,4,40,44,119
12/02/2011,LMT,OR,ANM,WE,Federal Contract Tower,0,8,9,17,34,0,0,25,18,43,0,8,34,35,77,13,6,19,96
12/03/2011,LMT,OR,ANM,WE,Federal Contract Tower,0,8,1,0,9,0,2,8,1,11,0,10,9,1,20,18,0,18,38
12/04/2011,LMT,OR,ANM,WE,Federal Contract Tower,0,5,2,0,7,0,4,26,0,30,0,9,28,0,37,12,0,12,49
12/05/2011,LMT,OR,ANM,WE,Federal Contract Tower,0,12,7,31,50,0,2,13,9,24,0,14,20,40,74,0,60,60,134
12/06/2011,LMT,OR,ANM,WE,Federal Contract Tower,0,11,1,28,40,0,4,11,14,29,0,15,12,42,69,0,24,24,93
12/07/2011,LMT,OR,ANM,WE,Federal Contract Tower,0,11,1,26,38,0,5,15,8,28,0,16,16,34,66,0,40,40,106
12/08/2011,LMT,OR,ANM,WE,Federal Contract Tower,0,12,5,15,32,0,1,12,7,20,0,13,17,22,52,0,12,12,64
12/09/2011,LMT,OR,ANM,WE,Federal Contract Tower,0,10,10,15,35,0,11,21,15,47,0,21,31,30,82,4,25,29,111
12/10/2011,LMT,OR,ANM,WE,Federal Contract Tower,0,7,0,14,21,0,2,20,16,38,0,9,20,30,59,30,10,40,99
12/11/2011,LMT,OR,ANM,WE,Federal Contract Tower,0,3,4,0,7,0,6,16,0,22,0,9,20,0,29,40,0,40,69
12/12/2011,LMT,OR,ANM,WE,Federal Contract Tower,0,9,1,4,14,0,3,12,0,15,0,12,13,4,29,12,0,12,41
12/13/2011,LMT,OR,ANM,WE,Federal Contract Tower,0,17,2,32,51,0,0,6,0,6,0,17,8,32,57,28,8,36,93
12/14/2011,LMT,OR,ANM,WE,Federal Contract Tower,0,18,1,37,56,0,2,14,18,34,0,20,15,55,90,0,62,62,152
12/15/2011,LMT,OR,ANM,WE,Federal Contract Tower,0,17,5,21,43,0,0,4,11,15,0,17,9,32,58,12,30,42,100
12/16/2011,LMT,OR,ANM,WE,Federal Contract Tower,0,12,12,10,34,0,0,12,10,22,0,12,24,20,56,22,18,40,96
12/17/2011,LMT,OR,ANM,WE,Federal Contract Tower,0,8,0,0,8,0,1,22,0,23,0,9,22,0,31,20,0,20,51
12/18/2011,LMT,OR,ANM,WE,Federal Contract Tower,0,5,1,1,7,0,2,26,1,29,0,7,27,2,36,11,0,11,47
12/19/2011,LMT,OR,ANM,WE,Federal Contract Tower,0,12,2,18,32,0,4,13,16,33,0,16,15,34,65,0,28,28,93
12/20/2011,LMT,OR,ANM,WE,Federal Contract Tower,0,16,6,18,40,0,0,12,18,30,0,16,18,36,70,12,20,32,102
12/21/2011,LMT,OR,ANM,WE,Federal Contract Tower,0,15,3,20,38,0,2,12,18,32,0,17,15,38,70,0,38,38,108
12/22/2011,LMT,OR,ANM,WE,Federal Contract Tower,0,16,8,10,34,0,3,16,8,27,0,19,24,18,61,18,2,20,81
12/23/2011,LMT,OR,ANM,WE,Federal Contract Tower,0,12,1,0,13,0,3,24,0,27,0,15,25,0,40,38,0,38,78
12/24/2011,LMT,OR,ANM,WE,Federal Contract Tower,0,6,0,0,6,0,1,12,0,13,0,7,12,0,19,52,0,52,71
12/25/2011,LMT,OR,ANM,WE,Federal Contract Tower,0,4,1,0,5,0,0,2,0,2,0,4,3,0,7,106,0,106,113
12/26/2011,LMT,OR,ANM,WE,Federal Contract Tower,0,7,1,0,8,0,0,14,0,14,0,7,15,0,22,4,0,4,26
12/27/2011,LMT,OR,ANM,WE,Federal Contract Tower,0,15,2,22,39,0,1,7,11,19,0,16,9,33,58,6,32,38,96
12/28/2011,LMT,OR,ANM,WE,Federal Contract Tower,0,14,10,18,42,0,1,0,14,15,0,15,10,32,57,0,30,30,87
12/29/2011,LMT,OR,ANM,WE,Federal Contract Tower,0,12,3,17,32,0,0,1,9,10,0,12,4,26,42,2,40,42,84
12/30/2011,LMT,OR,ANM,WE,Federal Contract Tower,0,9,2,8,19,0,0,1,8,9,0,9,3,16,28,0,0,0,28
12/31/2011,LMT,OR,ANM,WE,Federal Contract Tower,0,10,1,0,11,0,2,40,0,42,0,12,41,0,53,12,0,12,65
01/01/2012,LMT,OR,ANM,WE,Federal Contract Tower,0,4,0,0,4,0,1,18,0,19,0,5,18,0,23,0,0,0,23
01/02/2012,LMT,OR,ANM,WE,Federal Contract Tower,0,5,3,0,8,0,0,17,0,17,0,5,20,0,25,8,0,8,33
01/03/2012,LMT,OR,ANM,WE,Federal Contract Tower,0,12,4,0,16,0,1,24,0,25,0,13,28,0,41,8,0,8,49
01/04/2012,LMT,OR,ANM,WE,Federal Contract Tower,0,17,3,20,40,0,3,20,17,40,0,20,23,37,80,12,75,87,167
01/05/2012,LMT,OR,ANM,WE,Federal Contract Tower,0,17,3,20,40,0,3,20,17,40,0,20,23,37,80,0,80,80,160
01/06/2012,LMT,OR,ANM,WE,Federal Contract Tower,0,11,6,9,26,0,1,13,12,26,0,12,19,21,52,22,38,60,112
01/07/2012,LMT,OR,ANM,WE,Federal Contract Tower,0,8,19,37,64,0,2,6,0,8,0,10,25,37,72,34,90,124,196
01/08/2012,LMT,OR,ANM,WE,Federal Contract Tower,0,5,7,0,12,0,0,26,0,26,0,5,33,0,38,14,0,14,52
01/09/2012,LMT,OR,ANM,WE,Federal Contract Tower,0,9,4,0,13,0,3,15,0,18,0,12,19,0,31,6,0,6,37
01/10/2012,LMT,OR,ANM,WE,Federal Contract Tower,0,13,3,25,41,0,1,17,12,30,0,14,20,37,71,12,46,58,129
01/11/2012,LMT,OR,ANM,WE,Federal Contract Tower,0,11,1,24,36,0,3,20,31,54,0,14,21,55,90,20,72,92,182
01/12/2012,LMT,OR,ANM,WE,Federal Contract Tower,0,12,2,30,44,0,2,32,8,42,0,14,34,38,86,35,48,83,169
01/13/2012,LMT,OR,ANM,WE,Federal Contract Tower,0,4,6,10,20,0,2,20,7,29,0,6,26,17,49,35,24,59,108
01/14/2012,LMT,OR,ANM,WE,Federal Contract Tower,0,8,5,2,15,0,1,44,0,45,0,9,49,2,60,34,0,34,94
01/15/2012,LMT,OR,ANM,WE,Federal Contract Tower,0,4,7,0,11,0,1,6,0,7,0,5,13,0,18,0,0,0,18
01/16/2012,LMT,OR,ANM,WE,Federal Contract Tower,0,10,14,0,24,0,2,6,0,8,0,12,20,0,32,0,0,0,32
01/17/2012,LMT,OR,ANM,WE,Federal Contract Tower,0,16,1,16,33,0,0,0,6,6,0,16,1,22,39,0,42,42,81
01/18/2012,LMT,OR,ANM,WE,Federal Contract Tower,0,9,4,0,13,0,0,0,0,0,0,9,4,0,13,0,0,0,13
01/19/2012,LMT,OR,ANM,WE,Federal Contract Tower,0,15,6,17,38,0,0,0,0,0,0,15,6,17,38,0,0,0,38
01/20/2012,LMT,OR,ANM,WE,Federal Contract Tower,0,10,13,18,41,0,0,1,0,1,0,10,14,18,42,0,36,36,78
01/21/2012,LMT,OR,ANM,WE,Federal Contract Tower,0,7,6,0,13,0,1,3,0,4,0,8,9,0,17,0,0,0,17
01/22/2012,LMT,OR,ANM,WE,Federal Contract Tower,0,4,5,0,9,0,0,0,0,0,0,4,5,0,9,0,0,0,9
01/23/2012,LMT,OR,ANM,WE,Federal Contract Tower,0,14,12,1,27,0,1,0,0,1,0,15,12,1,28,0,25,25,53
01/24/2012,LMT,OR,ANM,WE,Federal Contract Tower,0,17,6,31,54,0,0,0,0,0,0,17,6,31,54,0,0,0,54
01/25/2012,LMT,OR,ANM,WE,Federal Contract Tower,0,12,4,23,39,0,2,2,8,12,0,14,6,31,51,0,82,82,133
01/26/2012,LMT,OR,ANM,WE,Federal Contract Tower,0,11,15,39,65,0,2,9,8,19,0,13,24,47,84,12,30,42,126
01/27/2012,LMT,OR,ANM,WE,Federal Contract Tower,0,13,3,13,29,0,6,25,3,34,0,19,28,16,63,10,14,24,87
01/28/2012,LMT,OR,ANM,WE,Federal Contract Tower,0,10,2,0,12,0,2,42,0,44,0,12,44,0,56,36,0,36,92
01/29/2012,LMT,OR,ANM,WE,Federal Contract Tower,0,6,1,0,7,0,0,19,0,19,0,6,20,0,26,21,0,21,47
01/30/2012,LMT,OR,ANM,WE,Federal Contract Tower,0,9,1,21,31,0,8,4,15,27,0,17,5,36,58,0,30,30,88
01/31/2012,LMT,OR,ANM,WE,Federal Contract Tower,0,15,12,40,67,0,2,10,17,29,0,17,22,57,96,8,36,44,140
02/01/2012,LMT,OR,ANM,WE,Federal Contract Tower,0,11,4,26,41,0,2,4,16,22,0,13,8,42,63,0,34,34,97
02/02/2012,LMT,OR,ANM,WE,Federal Contract Tower,0,12,4,32,48,0,3,10,22,35,0,15,14,54,83,8,52,60,143
02/03/2012,LMT,OR,ANM,WE,Federal Contract Tower,0,13,1,17,31,0,0,24,4,28,0,13,25,21,59,20,28,48,107
02/04/2012,LMT,OR,ANM,WE,Federal Contract Tower,0,7,2,2,11,0,2,37,4,43,0,9,39,6,54,50,2,52,106
02/05/2012,LMT,OR,ANM,WE,Federal Contract Tower,0,6,2,0,8,0,0,29,0,29,0,6,31,0,37,2,0,2,39
02/06/2012,LMT,OR,ANM,WE,Federal Contract Tower,0,13,7,2,22,0,3,34,0,37,0,16,41,2,59,8,0,8,67
02/07/2012,LMT,OR,ANM,WE,Federal Contract Tower,0,15,5,56,76,0,0,0,0,0,0,15,5,56,76,26,28,54,130
02/08/2012,LMT,OR,ANM,WE,Federal Contract Tower,0,20,10,36,66,0,0,3,2,5,0,20,13,38,71,1,4,5,76
02/09/2012,LMT,OR,ANM,WE,Federal Contract Tower,0,7,5,19,31,0,5,33,9,47,0,12,38,28,78,6,16,22,100
02/10/2012,LMT,OR,ANM,WE,Federal Contract Tower,0,11,2,13,26,0,4,3,11,18,0,15,5,24,44,42,30,72,116
02/11/2012,LMT,OR,ANM,WE,Federal Contract Tower,0,9,5,36,50,0,0,2,0,2,0,9,7,36,52,8,12,20,72
02/12/2012,LMT,OR,ANM,WE,Federal Contract Tower,0,9,29,32,70,0,0,4,0,4,0,9,33,32,74,38,12,50,124
02/13/2012,LMT,OR,ANM,WE,Federal Contract Tower,0,15,3,0,18,0,4,3,0,7,0,19,6,0,25,0,0,0,25
02/14/2012,LMT,OR,ANM,WE,Federal Contract Tower,0,14,4,22,40,0,1,6,14,21,0,15,10,36,61,14,12,26,87
02/15/2012,LMT,OR,ANM,WE,Federal Contract Tower,0,10,3,17,30,0,3,17,10,30,0,13,20,27,60,7,15,22,82
02/16/2012,LMT,OR,ANM,WE,Federal Contract Tower,0,15,6,19,40,0,0,20,18,38,0,15,26,37,78,1,18,19,97
02/17/2012,LMT,OR,ANM,WE,Federal Contract Tower,0,8,3,10,21,0,0,19,10,29,0,8,22,20,50,26,6,32,82
02/18/2012,LMT,OR,ANM,WE,Federal Contract Tower,0,10,1,0,11,0,0,10,0,10,0,10,11,0,21,21,0,21,42
02/19/2012,LMT,OR,ANM,WE,Federal Contract Tower,0,5,4,0,9,0,0,21,0,21,0,5,25,0,30,28,0,28,58
02/20/2012,LMT,OR,ANM,WE,Federal Contract Tower,0,15,11,0,26,0,0,4,0,4,0,15,15,0,30,0,0,0,30
02/21/2012,LMT,OR,ANM,WE,Federal Contract Tower,0,19,6,35,60,0,3,14,11,28,0,22,20,46,88,30,19,49,137
02/22/2012,LMT,OR,ANM,WE,Federal Contract Tower,0,15,5,2,22,0,1,3,2,6,0,16,8,4,28,0,0,0,28
02/23/2012,LMT,OR,ANM,WE,Federal Contract Tower,0,14,2,30,46,0,10,50,18,78,0,24,52,48,124,52,32,84,208
02/24/2012,LMT,OR,ANM,WE,Federal Contract Tower,0,8,1,43,52,0,3,25,8,36,0,11,26,51,88,3,28,31,119
02/25/2012,LMT,OR,ANM,WE,Federal Contract Tower,0,9,1,1,11,0,3,0,0,3,0,12,1,1,14,0,0,0,14
02/26/2012,LMT,OR,ANM,WE,Federal Contract Tower,0,8,1,0,9,0,0,8,0,8,0,8,9,0,17,24,0,24,41
02/27/2012,LMT,OR,ANM,WE,Federal Contract Tower,0,13,4,18,35,0,1,8,18,27,0,14,12,36,62,3,56,59,121
02/28/2012,LMT,OR,ANM,WE,Federal Contract Tower,0,15,3,24,42,0,0,3,12,15,0,15,6,36,57,38,24,62,119
02/29/2012,LMT,OR,ANM,WE,Federal Contract Tower,0,18,8,22,48,0,0,2,0,2,0,18,10,22,50,0,0,0,50
03/01/2012,LMT,OR,ANM,WE,Federal Contract Tower,0,11,6,1,18,0,4,5,0,9,0,15,11,1,27,11,0,11,38
03/02/2012,LMT,OR,ANM,WE,Federal Contract Tower,0,11,5,10,26,0,5,22,2,29,0,16,27,12,55,46,4,50,105
03/03/2012,LMT,OR,ANM,WE,Federal Contract Tower,0,8,2,20,30,0,1,21,2,24,0,9,23,22,54,59,25,84,138
03/04/2012,LMT,OR,ANM,WE,Federal Contract Tower,0,4,0,16,20,0,0,18,4,22,0,4,18,20,42,38,18,56,98
03/05/2012,LMT,OR,ANM,WE,Federal Contract Tower,0,12,2,0,14,0,3,5,0,8,0,15,7,0,22,8,0,8,30
03/06/2012,LMT,OR,ANM,WE,Federal Contract Tower,0,11,4,13,28,0,0,2,9,11,0,11,6,22,39,16,16,32,71
03/07/2012,LMT,OR,ANM,WE,Federal Contract Tower,0,10,3,14,27,0,5,17,5,27,0,15,20,19,54,12,21,33,87
03/08/2012,LMT,OR,ANM,WE,Federal Contract Tower,0,9,2,13,24,0,2,28,9,39,0,11,30,22,63,34,10,44,107
03/09/2012,LMT,OR,ANM,WE,Federal Contract Tower,0,7,2,14,23,0,4,27,6,37,0,11,29,20,60,26,22,48,108
03/10/2012,LMT,OR,ANM,WE,Federal Contract Tower,0,6,5,2,13,0,1,16,2,19,0,7,21,4,32,8,0,8,40
03/11/2012,LMT,OR,ANM,WE,Federal Contract Tower,0,4,7,0,11,0,0,0,0,0,0,4,7,0,11,0,0,0,11
03/12/2012,LMT,OR,ANM,WE,Federal Contract Tower,0,13,4,7,24,0,1,2,3,6,0,14,6,10,30,0,0,0,30
03/13/2012,LMT,OR,ANM,WE,Federal Contract Tower,0,20,2,6,28,0,0,4,8,12,0,20,6,14,40,0,48,48,88
03/14/2012,LMT,OR,ANM,WE,Federal Contract Tower,0,21,5,23,49,0,0,3,9,12,0,21,8,32,61,16,14,30,91
03/15/2012,LMT,OR,ANM,WE,Federal Contract Tower,0,12,6,12,30,0,1,3,8,12,0,13,9,20,42,0,24,24,66
03/16/2012,LMT,OR,ANM,WE,Federal Contract Tower,0,12,2,8,22,0,1,1,0,2,0,13,3,8,24,0,0,0,24
03/17/2012,LMT,OR,ANM,WE,Federal Contract Tower,0,9,4,2,15,0,1,32,1,34,0,10,36,3,49,28,0,28,77
03/18/2012,LMT,OR,ANM,WE,Federal Contract Tower,0,8,11,8,27,0,0,4,0,4,0,8,15,8,31,0,0,0,31
03/19/2012,LMT,OR,ANM,WE,Federal Contract Tower,0,16,3,5,24,0,3,14,0,17,0,19,17,5,41,16,0,16,57
03/20/2012,LMT,OR,ANM,WE,Federal Contract Tower,0,12,5,11,28,0,0,0,6,6,0,12,5,17,34,0,48,48,82
03/21/2012,LMT,OR,ANM,WE,Federal Contract Tower,0,12,12,18,42,0,2,8,19,29,0,14,20,37,71,0,26,26,97
03/22/2012,LMT,OR,ANM,WE,Federal Contract Tower,0,12,4,33,49,0,1,16,11,28,0,13,20,44,77,2,80,82,159
03/23/2012,LMT,OR,ANM,WE,Federal Contract Tower,0,17,18,21,56,0,2,6,0,8,0,19,24,21,64,24,22,46,110
03/24/2012,LMT,OR,ANM,WE,Federal Contract Tower,0,6,10,0,16,0,0,4,0,4,0,6,14,0,20,4,0,4,24
03/25/2012,LMT,OR,ANM,WE,Federal Contract Tower,0,5,4,0,9,0,1,3,0,4,0,6,7,0,13,2,0,2,15
03/26/2012,LMT,OR,ANM,WE,Federal Contract Tower,0,13,9,24,46,0,0,6,4,10,0,13,15,28,56,7,42,49,105
03/27/2012,LMT,OR,ANM,WE,Federal Contract Tower,0,13,9,15,37,0,0,0,11,11,0,13,9,26,48,0,48,48,96
03/28/2012,LMT,OR,ANM,WE,Federal Contract Tower,0,17,2,17,36,0,2,2,13,17,0,19,4,30,53,7,50,57,110
03/29/2012,LMT,OR,ANM,WE,Federal Contract Tower,0,13,7,11,31,0,0,1,4,5,0,13,8,15,36,0,16,16,52
03/30/2012,LMT,OR,ANM,WE,Federal Contract Tower,0,13,4,28,45,0,0,1,6,7,0,13,5,34,52,0,36,36,88
03/31/2012,LMT,OR,ANM,WE,Federal Contract Tower,0,9,0,0,9,0,0,0,0,0,0,9,0,0,9,0,0,0,9
04/01/2012,LMT,OR,ANM,WE,Federal Contract Tower,0,0,5,0,5,0,0,4,0,4,0,0,9,0,9,0,0,0,9
04/02/2012,LMT,OR,ANM,WE,Federal Contract Tower,0,8,2,0,10,0,4,48,0,52,0,12,50,0,62,50,0,50,112
04/03/2012,LMT,OR,ANM,WE,Federal Contract Tower,0,15,10,26,51,0,0,6,0,6,0,15,16,26,57,2,50,52,109
04/04/2012,LMT,OR,ANM,WE,Federal Contract Tower,0,6,4,27,37,0,0,2,1,3,0,6,6,28,40,1,70,71,111
04/05/2012,LMT,OR,ANM,WE,Federal Contract Tower,0,12,5,22,39,0,0,19,13,32,0,12,24,35,71,10,90,100,171
04/06/2012,LMT,OR,ANM,WE,Federal Contract Tower,0,5,8,27,40,0,0,27,6,33,0,5,35,33,73,26,120,146,219
04/07/2012,LMT,OR,ANM,WE,Federal Contract Tower,0,1,4,1,6,0,3,49,0,52,0,4,53,1,58,30,0,30,88
04/08/2012,LMT,OR,ANM,WE,Federal Contract Tower,0,0,6,1,7,0,0,25,0,25,0,0,31,1,32,0,0,0,32
04/09/2012,LMT,OR,ANM,WE,Federal Contract Tower,0,5,3,27,35,0,3,4,8,15,0,8,7,35,50,10,49,59,109
04/10/2012,LMT,OR,ANM,WE,Federal Contract Tower,0,14,0,23,37,0,1,14,7,22,0,15,14,30,59,7,48,55,114
04/11/2012,LMT,OR,ANM,WE,Federal Contract Tower,0,12,3,34,49,0,0,5,5,10,0,12,8,39,59,0,20,20,79
04/12/2012,LMT,OR,ANM,WE,Federal Contract Tower,0,4,3,32,39,0,5,0,6,11,0,9,3,38,50,0,20,20,70
04/13/2012,LMT,OR,ANM,WE,Federal Contract Tower,0,8,1,26,35,0,0,0,1,1,0,8,1,27,36,0,0,0,36
04/14/2012,LMT,OR,ANM,WE,Federal Contract Tower,0,2,6,18,26,0,1,28,20,49,0,3,34,38,75,14,40,54,129
04/15/2012,LMT,OR,ANM,WE,Federal Contract Tower,0,1,5,18,24,0,0,38,6,44,0,1,43,24,68,10,16,26,94
04/16/2012,LMT,OR,ANM,WE,Federal Contract Tower,0,8,3,0,11,0,2,5,1,8,0,10,8,1,19,22,0,22,41
04/17/2012,LMT,OR,ANM,WE,Federal Contract Tower,0,13,2,20,35,0,0,9,20,29,0,13,11,40,64,18,41,59,123
04/18/2012,LMT,OR,ANM,WE,Federal Contract Tower,0,13,2,20,35,0,0,9,20,29,0,13,11,40,64,18,41,59,123
04/19/2012,LMT,OR,ANM,WE,Federal Contract Tower,0,7,5,35,47,0,1,9,0,10,0,8,14,35,57,10,2,12,69
04/20/2012,LMT,OR,ANM,WE,Federal Contract Tower,0,4,2,16,22,0,2,30,26,58,0,6,32,42,80,46,43,89,169
04/21/2012,LMT,OR,ANM,WE,Federal Contract Tower,0,1,0,0,1,0,3,62,0,65,0,4,62,0,66,16,0,16,82
04/22/2012,LMT,OR,ANM,WE,Federal Contract Tower,0,0,6,0,6,0,3,36,0,39,0,3,42,0,45,38,0,38,83
04/23/2012,LMT,OR,ANM,WE,Federal Contract Tower,0,5,0,16,21,0,11,15,14,40,0,16,15,30,61,0,38,38,99
04/24/2012,LMT,OR,ANM,WE,Federal Contract Tower,0,9,7,33,49,0,12,12,8,32,0,21,19,41,81,14,50,64,145
04/25/2012,LMT,OR,ANM,WE,Federal Contract Tower,0,9,2,26,37,0,2,6,8,16,0,11,8,34,53,0,29,29,82
04/26/2012,LMT,OR,ANM,WE,Federal Contract Tower,0,7,7,23,37,0,0,4,7,11,0,7,11,30,48,0,20,20,68
04/27/2012,LMT,OR,ANM,WE,Federal Contract Tower,0,4,1,13,18,0,2,21,13,36,0,6,22,26,54,68,22,90,144
04/28/2012,LMT,OR,ANM,WE,Federal Contract Tower,0,3,0,0,3,0,1,27,6,34,0,4,27,6,37,35,8,43,80
04/29/2012,LMT,OR,ANM,WE,Federal Contract Tower,0,0,6,0,6,0,9,59,0,68,0,9,65,0,74,52,0,52,126
04/30/2012,LMT,OR,ANM,WE,Federal Contract Tower,0,9,4,5,18,0,1,16,0,17,0,10,20,5,35,36,4,40,75
05/01/2012,LMT,OR,ANM,WE,Federal Contract Tower,0,8,7,42,57,0,2,13,8,23,0,10,20,50,80,43,30,73,153
05/02/2012,LMT,OR,ANM,WE,Federal Contract Tower,0,7,3,30,40,0,2,6,4,12,0,9,9,34,52,0,58,58,110
05/03/2012,LMT,OR,ANM,WE,Federal Contract Tower,0,5,19,19,43,0,0,0,8,8,0,5,19,27,51,2,72,74,125
05/04/2012,LMT,OR,ANM,WE,Federal Contract Tower,0,7,8,17,32,0,0,7,17,24,0,7,15,34,56,10,99,109,165
05/05/2012,LMT,OR,ANM,WE,Federal Contract Tower,0,3,0,23,26,0,10,28,5,43,0,13,28,28,69,48,86,134,203
05/06/2012,LMT,OR,ANM,WE,Federal Contract Tower,0,2,2,11,15,0,8,59,21,88,0,10,61,32,103,78,48,126,229
05/07/2012,LMT,OR,ANM,WE,Federal Contract Tower,0,2,3,2,7,0,8,29,1,38,0,10,32,3,45,56,0,56,101
05/08/2012,LMT,OR,ANM,WE,Federal Contract Tower,0,7,21,52,80,0,4,6,0,10,0,11,27,52,90,36,8,44,134
05/09/2012,LMT,OR,ANM,WE,Federal Contract Tower,0,6,1,29,36,0,1,20,23,44,0,7,21,52,80,36,48,84,164
05/10/2012,LMT,OR,ANM,WE,Federal Contract Tower,0,5,5,25,35,0,5,17,15,37,0,10,22,40,72,16,80,96,168
05/11/2012,LMT,OR,ANM,WE,Federal Contract Tower,0,1,1,37,39,0,6,22,46,74,0,7,23,83,113,14,81,95,208
05/12/2012,LMT,OR,ANM,WE,Federal Contract Tower,0,2,3,0,5,0,1,26,0,27,0,3,29,0,32,42,0,42,74
05/13/2012,LMT,OR,ANM,WE,Federal Contract Tower,0,0,5,8,13,0,0,24,0,24,0,0,29,8,37,3,0,3,40
05/14/2012,LMT,OR,ANM,WE,Federal Contract Tower,0,3,5,32,40,0,4,18,2,24,0,7,23,34,64,7,64,71,135
05/15/2012,LMT,OR,ANM,WE,Federal Contract Tower,0,9,1,21,31,0,3,28,21,52,0,12,29,42,83,16,34,50,133
05/16/2012,LMT,OR,ANM,WE,Federal Contract Tower,0,9,3,29,41,0,7,47,12,66,0,16,50,41,107,20,46,66,173
05/17/2012,LMT,OR,ANM,WE,Federal Contract Tower,0,10,11,34,55,0,2,24,4,30,0,12,35,38,85,27,28,55,140
05/18/2012,LMT,OR,ANM,WE,Federal Contract Tower,0,8,6,10,24,0,1,35,10,46,0,9,41,20,70,42,24,66,136
05/19/2012,LMT,OR,ANM,WE,Federal Contract Tower,0,1,3,0,4,0,3,50,0,53,0,4,53,0,57,78,0,78,135
05/20/2012,LMT,OR,ANM,WE,Federal Contract Tower,0,0,10,2,12,0,0,16,0,16,0,0,26,2,28,63,0,63,91
05/21/2012,LMT,OR,ANM,WE,Federal Contract Tower,0,11,8,0,19,0,1,17,0,18,0,12,25,0,37,31,0,31,68
05/22/2012,LMT,OR,ANM,WE,Federal Contract Tower,0,14,6,21,41,0,0,14,11,25,0,14,20,32,66,9,38,47,113
05/23/2012,LMT,OR,ANM,WE,Federal Contract Tower,0,13,0,26,39,0,0,14,11,25,0,13,14,37,64,26,48,74,138
05/24/2012,LMT,OR,ANM,WE,Federal Contract Tower,0,11,2,22,35,0,4,15,9,28,0,15,17,31,63,8,40,48,111
05/25/2012,LMT,OR,ANM,WE,Federal Contract Tower,0,6,5,26,37,0,2,2,7,11,0,8,7,33,48,2,26,28,76
05/26/2012,LMT,OR,ANM,WE,Federal Contract Tower,0,5,2,0,7,0,1,6,0,7,0,6,8,0,14,0,0,0,14
05/27/2012,LMT,OR,ANM,WE,Federal Contract Tower,0,2,3,0,5,0,0,7,1,8,0,2,10,1,13,23,0,23,36
05/28/2012,LMT,OR,ANM,WE,Federal Contract Tower,0,0,5,0,5,0,0,7,3,10,0,0,12,3,15,22,8,30,45
05/29/2012,LMT,OR,ANM,WE,Federal Contract Tower,0,8,0,18,26,0,5,24,15,44,0,13,24,33,70,21,26,47,117
05/30/2012,LMT,OR,ANM,WE,Federal Contract Tower,0,6,2,25,33,0,2,26,5,33,0,8,28,30,66,7,19,26,92
05/31/2012,LMT,OR,ANM,WE,Federal Contract Tower,0,5,0,22,27,0,2,27,11,40,0,7,27,33,67,19,40,59,126
06/01/2012,LMT,OR,ANM,WE,Federal Contract Tower,0,5,5,10,20,0,2,24,10,36,0,7,29,20,56,19,36,55,111
06/02/2012,LMT,OR,ANM,WE,Federal Contract Tower,0,2,3,29,34,0,2,5,3,10,0,4,8,32,44,32,58,90,134
06/03/2012,LMT,OR,ANM,WE,Federal Contract Tower,0,4,8,32,44,0,0,4,0,4,0,4,12,32,48,34,12,46,94
06/04/2012,LMT,OR,ANM,WE,Federal Contract Tower,0,10,6,0,16,0,1,2,0,3,0,11,8,0,19,0,0,0,19
06/05/2012,LMT,OR,ANM,WE,Federal Contract Tower,0,19,2,23,44,0,0,3,3,6,0,19,5,26,50,10,16,26,76
06/06/2012,LMT,OR,ANM,WE,Federal Contract Tower,0,8,7,25,40,0,1,8,3,12,0,9,15,28,52,22,62,84,136
06/07/2012,LMT,OR,ANM,WE,Federal Contract Tower,0,12,11,19,42,0,0,2,17,19,0,12,13,36,61,16,38,54,115
06/08/2012,LMT,OR,ANM,WE,Federal Contract Tower,0,4,1,14,19,0,1,11,10,22,0,5,12,24,41,6,18,24,65
06/09/2012,LMT,OR,ANM,WE,Federal Contract Tower,0,2,3,0,5,0,3,22,0,25,0,5,25,0,30,24,0,24,54
06/10/2012,LMT,OR,ANM,WE,Federal Contract Tower,0,1,4,0,5,0,1,39,2,42,0,2,43,2,47,32,0,32,79
06/11/2012,LMT,OR,ANM,WE,Federal Contract Tower,0,4,5,21,30,0,5,30,19,54,0,9,35,40,84,28,18,46,130
06/12/2012,LMT,OR,ANM,WE,Federal Contract Tower,0,5,5,16,26,0,5,49,14,68,0,10,54,30,94,22,30,52,146
06/13/2012,LMT,OR,ANM,WE,Federal Contract Tower,0,9,7,18,34,0,6,25,17,48,0,15,32,35,82,14,40,54,136
06/14/2012,LMT,OR,ANM,WE,Federal Contract Tower,0,3,3,18,24,0,6,21,12,39,0,9,24,30,63,18,34,52,115
06/15/2012,LMT,OR,ANM,WE,Federal Contract Tower,0,4,3,11,18,0,6,23,12,41,0,10,26,23,59,40,20,60,119
06/16/2012,LMT,OR,ANM,WE,Federal Contract Tower,0,2,1,4,7,0,4,29,4,37,0,6,30,8,44,28,0,28,72
06/17/2012,LMT,OR,ANM,WE,Federal Contract Tower,0,0,6,2,8,0,2,32,0,34,0,2,38,2,42,20,0,20,62
06/18/2012,LMT,OR,ANM,WE,Federal Contract Tower,0,7,27,0,34,0,1,1,0,2,0,8,28,0,36,8,0,8,44
06/19/2012,LMT,OR,ANM,WE,Federal Contract Tower,0,6,3,21,30,0,3,31,25,59,0,9,34,46,89,10,28,38,127
06/20/2012,LMT,OR,ANM,WE,Federal Contract Tower,0,3,2,20,25,0,3,21,18,42,0,6,23,38,67,18,48,66,133
06/21/2012,LMT,OR,ANM,WE,Federal Contract Tower,0,3,3,28,34,0,5,34,14,53,0,8,37,42,87,28,32,60,147
06/22/2012,LMT,OR,ANM,WE,Federal Contract Tower,0,8,4,15,27,0,0,8,10,18,0,8,12,25,45,2,28,30,75
06/23/2012,LMT,OR,ANM,WE,Federal Contract Tower,0,4,5,3,12,0,5,11,1,17,0,9,16,4,29,24,0,24,53
06/24/2012,LMT,OR,ANM,WE,Federal Contract Tower,0,0,2,2,4,0,1,38,0,39,0,1,40,2,43,26,4,30,73
06/25/2012,LMT,OR,ANM,WE,Federal Contract Tower,0,5,7,21,33,0,2,15,11,28,0,7,22,32,61,3,24,27,88
06/26/2012,LMT,OR,ANM,WE,Federal Contract Tower,0,4,2,24,30,0,5,30,6,41,0,9,32,30,71,31,46,77,148
06/27/2012,LMT,OR,ANM,WE,Federal Contract Tower,0,6,12,23,41,0,6,33,12,51,0,12,45,35,92,15,64,79,171
06/28/2012,LMT,OR,ANM,WE,Federal Contract Tower,0,7,4,19,30,0,6,34,14,54,0,13,38,33,84,30,62,92,176
06/29/2012,LMT,OR,ANM,WE,Federal Contract Tower,0,4,12,17,33,0,2,36,22,60,0,6,48,39,93,0,30,30,123
06/30/2012,LMT,OR,ANM,WE,Federal Contract Tower,0,4,13,1,18,0,5,50,0,55,0,9,63,1,73,25,0,25,98
07/01/2012,LMT,OR,ANM,WE,Federal Contract Tower,0,3,12,1,16,0,0,38,0,38,0,3,50,1,54,17,0,17,71
07/02/2012,LMT,OR,ANM,WE,Federal Contract Tower,0,5,1,22,28,0,3,36,14,53,0,8,37,36,81,26,42,68,149
07/03/2012,LMT,OR,ANM,WE,Federal Contract Tower,0,7,1,27,35,0,8,29,14,51,0,15,30,41,86,0,56,56,142
07/04/2012,LMT,OR,ANM,WE,Federal Contract Tower,0,3,13,0,16,0,0,33,4,37,0,3,46,4,53,28,4,32,85
07/05/2012,LMT,OR,ANM,WE,Federal Contract Tower,0,10,1,20,31,0,0,40,8,48,0,10,41,28,79,26,54,80,159
07/06/2012,LMT,OR,ANM,WE,Federal Contract Tower,0,8,4,18,30,0,1,46,26,73,0,9,50,44,103,70,52,122,225
07/07/2012,LMT,OR,ANM,WE,Federal Contract Tower,0,3,6,0,9,0,0,39,0,39,0,3,45,0,48,38,0,38,86
07/08/2012,LMT,OR,ANM,WE,Federal Contract Tower,0,3,7,0,10,0,0,12,0,12,0,3,19,0,22,35,0,35,57
07/09/2012,LMT,OR,ANM,WE,Federal Contract Tower,0,8,4,0,12,0,3,25,0,28,0,11,29,0,40,40,0,40,80
07/10/2012,LMT,OR,ANM,WE,Federal Contract Tower,0,9,6,37,52,0,4,57,8,69,0,13,63,45,121,30,102,132,253
07/11/2012,LMT,OR,ANM,WE,Federal Contract Tower,0,9,7,31,47,0,4,76,19,99,0,13,83,50,146,33,68,101,247
07/12/2012,LMT,OR,ANM,WE,Federal Contract Tower,0,5,6,26,37,0,3,33,38,74,0,8,39,64,111,28,62,90,201
07/13/2012,LMT,OR,ANM,WE,Federal Contract Tower,0,8,45,32,85,0,2,12,0,14,0,10,57,32,99,74,60,134,233
07/14/2012,LMT,OR,ANM,WE,Federal Contract Tower,0,3,0,7,10,0,1,33,12,46,0,4,33,19,56,19,5,24,80
07/15/2012,LMT,OR,ANM,WE,Federal Contract Tower,0,2,4,1,7,0,0,39,3,42,0,2,43,4,49,12,0,12,61
07/16/2012,LMT,OR,ANM,WE,Federal Contract Tower,0,8,3,20,31,0,1,21,29,51,0,9,24,49,82,10,40,50,132
07/17/2012,LMT,OR,ANM,WE,Federal Contract Tower,0,8,7,21,36,0,6,23,21,50,0,14,30,42,86,15,34,49,135
07/18/2012,LMT,OR,ANM,WE,Federal Contract Tower,0,10,2,24,36,0,0,41,32,73,0,10,43,56,109,17,63,80,189
07/19/2012,LMT,OR,ANM,WE,Federal Contract Tower,0,4,10,18,32,0,2,57,25,84,0,6,67,43,116,21,45,66,182
07/20/2012,LMT,OR,ANM,WE,Federal Contract Tower,0,5,3,11,19,0,3,31,16,50,0,8,34,27,69,22,8,30,99
07/21/2012,LMT,OR,ANM,WE,Federal Contract Tower,0,4,1,32,37,0,3,43,22,68,0,7,44,54,105,2,35,37,142
07/22/2012,LMT,OR,ANM,WE,Federal Contract Tower,0,1,3,12,16,0,3,47,12,62,0,4,50,24,78,7,0,7,85
07/23/2012,LMT,OR,ANM,WE,Federal Contract Tower,0,7,2,4,13,0,7,35,2,44,0,14,37,6,57,14,0,14,71
07/24/2012,LMT,OR,ANM,WE,Federal Contract Tower,0,9,3,18,30,0,4,17,23,44,0,13,20,41,74,9,26,35,109
07/25/2012,LMT,OR,ANM,WE,Federal Contract Tower,0,6,2,30,38,0,5,28,19,52,0,11,30,49,90,10,22,32,122
07/26/2012,LMT,OR,ANM,WE,Federal Contract Tower,0,6,1,21,28,0,3,43,31,77,0,9,44,52,105,17,36,53,158
07/27/2012,LMT,OR,ANM,WE,Federal Contract Tower,0,4,6,10,20,0,2,32,11,45,0,6,38,21,65,16,8,24,89
07/28/2012,LMT,OR,ANM,WE,Federal Contract Tower,0,3,1,4,8,0,3,44,0,47,0,6,45,4,55,35,6,41,96
07/29/2012,LMT,OR,ANM,WE,Federal Contract Tower,0,0,4,0,4,0,0,49,0,49,0,0,53,0,53,32,0,32,85
07/30/2012,LMT,OR,ANM,WE,Federal Contract Tower,0,9,3,18,30,0,0,38,22,60,0,9,41,40,90,44,32,76,166
07/31/2012,LMT,OR,ANM,WE,Federal Contract Tower,0,8,0,20,28,0,4,32,29,65,0,12,32,49,93,0,55,55,148
08/01/2012,LMT,OR,ANM,WE,Federal Contract Tower,0,7,5,27,39,0,1,22,19,42,0,8,27,46,81,30,79,109,190
08/02/2012,LMT,OR,ANM,WE,Federal Contract Tower,0,5,2,18,25,0,14,55,24,93,0,19,57,42,118,8,44,52,170
08/03/2012,LMT,OR,ANM,WE,Federal Contract Tower,0,3,0,48,51,0,8,78,24,110,0,11,78,72,161,7,80,87,248
08/04/2012,LMT,OR,ANM,WE,Federal Contract Tower,0,4,1,27,32,0,1,25,11,37,0,5,26,38,69,16,60,76,145
08/05/2012,LMT,OR,ANM,WE,Federal Contract Tower,0,1,104,17,122,0,0,0,0,0,0,1,104,17,122,38,13,51,173
08/06/2012,LMT,OR,ANM,WE,Federal Contract Tower,0,5,3,8,16,0,2,86,2,90,0,7,89,10,106,20,0,20,126
08/07/2012,LMT,OR,ANM,WE,Federal Contract Tower,0,6,2,22,30,0,3,118,20,141,0,9,120,42,171,9,12,21,192
08/08/2012,LMT,OR,ANM,WE,Federal Contract Tower,0,6,4,22,32,0,5,73,27,105,0,11,77,49,137,9,50,59,196
08/09/2012,LMT,OR,ANM,WE,Federal Contract Tower,0,7,1,28,36,0,4,35,28,67,0,11,36,56,103,9,38,47,150
08/10/2012,LMT,OR,ANM,WE,Federal Contract Tower,0,2,1,17,20,0,5,43,16,64,0,7,44,33,84,0,15,15,99
08/11/2012,LMT,OR,ANM,WE,Federal Contract Tower,0,2,2,0,4,0,3,34,0,37,0,5,36,0,41,16,0,16,57
08/12/2012,LMT,OR,ANM,WE,Federal Contract Tower,0,3,8,0,11,0,2,40,0,42,0,5,48,0,53,12,0,12,65
08/13/2012,LMT,OR,ANM,WE,Federal Contract Tower,0,9,5,17,31,0,0,47,22,69,0,9,52,39,100,26,8,34,134
08/14/2012,LMT,OR,ANM,WE,Federal Contract Tower,0,10,10,34,54,0,3,44,7,54,0,13,54,41,108,32,23,55,163
08/15/2012,LMT,OR,ANM,WE,Federal Contract Tower,0,9,5,22,36,0,1,42,22,65,0,10,47,44,101,21,27,48,149
08/16/2012,LMT,OR,ANM,WE,Federal Contract Tower,0,5,7,23,35,0,3,53,19,75,0,8,60,42,110,15,48,63,173
08/17/2012,LMT,OR,ANM,WE,Federal Contract Tower,0,6,9,10,25,0,3,45,10,58,0,9,54,20,83,16,16,32,115
08/18/2012,LMT,OR,ANM,WE,Federal Contract Tower,0,1,2,0,3,0,2,39,0,41,0,3,41,0,44,0,0,0,44
08/19/2012,LMT,OR,ANM,WE,Federal Contract Tower,0,3,3,0,6,0,0,51,0,51,0,3,54,0,57,18,0,18,75
08/20/2012,LMT,OR,ANM,WE,Federal Contract Tower,0,9,8,8,25,0,3,39,0,42,0,12,47,8,67,11,0,11,78
08/21/2012,LMT,OR,ANM,WE,Federal Contract Tower,0,6,9,26,41,0,2,20,24,46,0,8,29,50,87,12,47,59,146
08/22/2012,LMT,OR,ANM,WE,Federal Contract Tower,0,3,12,18,33,0,3,38,21,62,0,6,50,39,95,0,14,14,109
08/23/2012,LMT,OR,ANM,WE,Federal Contract Tower,0,6,4,18,28,0,6,41,29,76,0,12,45,47,104,12,28,40,144
08/24/2012,LMT,OR,ANM,WE,Federal Contract Tower,0,6,3,17,26,0,5,45,11,61,0,11,48,28,87,18,33,51,138
08/25/2012,LMT,OR,ANM,WE,Federal Contract Tower,0,2,5,0,7,0,3,61,0,64,0,5,66,0,71,28,0,28,99
08/26/2012,LMT,OR,ANM,WE,Federal Contract Tower,0,1,10,4,15,0,1,17,0,18,0,2,27,4,33,18,0,18,51
08/27/2012,LMT,OR,ANM,WE,Federal Contract Tower,0,8,3,49,60,0,0,8,0,8,0,8,11,49,68,12,6,18,86
08/28/2012,LMT,OR,ANM,WE,Federal Contract Tower,0,9,4,42,55,0,2,7,0,9,0,11,11,42,64,0,0,0,64
08/29/2012,LMT,OR,ANM,WE,Federal Contract Tower,0,7,4,24,35,0,3,29,19,51,0,10,33,43,86,20,12,32,118
08/30/2012,LMT,OR,ANM,WE,Federal Contract Tower,0,6,4,18,28,0,2,24,12,38,0,8,28,30,66,44,45,89,155
08/31/2012,LMT,OR,ANM,WE,Federal Contract Tower,0,6,8,0,14,0,9,36,4,49,0,15,44,4,63,44,0,44,107
09/01/2012,LMT,OR,ANM,WE,Federal Contract Tower,0,0,2,0,2,0,5,24,0,29,0,5,26,0,31,26,0,26,57
09/02/2012,LMT,OR,ANM,WE,Federal Contract Tower,0,1,0,0,1,0,0,17,0,17,0,1,17,0,18,12,0,12,30
09/03/2012,LMT,OR,ANM,WE,Federal Contract Tower,0,1,7,0,8,0,0,40,0,40,0,1,47,0,48,14,0,14,62
09/04/2012,LMT,OR,ANM,WE,Federal Contract Tower,0,6,1,21,28,0,4,43,28,75,0,10,44,49,103,21,53,74,177
09/05/2012,LMT,OR,ANM,WE,Federal Contract Tower,0,6,7,19,32,0,6,48,26,80,0,12,55,45,112,19,44,63,175
09/06/2012,LMT,OR,ANM,WE,Federal Contract Tower,0,8,8,22,38,0,5,41,21,67,0,13,49,43,105,32,24,56,161
09/07/2012,LMT,OR,ANM,WE,Federal Contract Tower,0,6,7,14,27,0,3,77,24,104,0,9,84,38,131,29,32,61,192
09/08/2012,LMT,OR,ANM,WE,Federal Contract Tower,0,0,3,0,3,0,2,60,0,62,0,2,63,0,65,16,0,16,81
09/09/2012,LMT,OR,ANM,WE,Federal Contract Tower,0,0,2,0,2,0,0,30,1,31,0,0,32,1,33,18,1,19,52
09/10/2012,LMT,OR,ANM,WE,Federal Contract Tower,2,4,0,23,29,0,4,36,10,50,2,8,36,33,79,20,38,58,137
09/11/2012,LMT,OR,ANM,WE,Federal Contract Tower,0,6,3,41,50,0,5,53,0,58,0,11,56,41,108,14,25,39,147
09/12/2012,LMT,OR,ANM,WE,Federal Contract Tower,0,8,5,16,29,0,8,43,8,59,0,16,48,24,88,40,24,64,152
09/13/2012,LMT,OR,ANM,WE,Federal Contract Tower,0,4,1,16,21,0,12,65,13,90,0,16,66,29,111,22,22,44,155
09/14/2012,LMT,OR,ANM,WE,Federal Contract Tower,0,4,2,8,14,0,4,68,7,79,0,8,70,15,93,15,13,28,121
09/15/2012,LMT,OR,ANM,WE,Federal Contract Tower,0,0,0,13,13,0,2,37,16,55,0,2,37,29,68,20,18,38,106
09/16/2012,LMT,OR,ANM,WE,Federal Contract Tower,0,2,3,10,15,0,1,47,12,60,0,3,50,22,75,8,15,23,98
09/17/2012,LMT,OR,ANM,WE,Federal Contract Tower,0,9,4,2,15,0,4,34,0,38,0,13,38,2,53,0,0,0,53
09/18/2012,LMT,OR,ANM,WE,Federal Contract Tower,0,15,8,37,60,0,2,30,0,32,0,17,38,37,92,39,17,56,148
09/19/2012,LMT,OR,ANM,WE,Federal Contract Tower,0,6,6,22,34,0,6,30,12,48,0,12,36,34,82,49,34,83,165
09/20/2012,LMT,OR,ANM,WE,Federal Contract Tower,0,6,11,18,35,0,5,26,19,50,0,11,37,37,85,16,14,30,115
09/21/2012,LMT,OR,ANM,WE,Federal Contract Tower,0,4,3,15,22,0,4,20,8,32,0,8,23,23,54,12,16,28,82
09/22/2012,LMT,OR,ANM,WE,Federal Contract Tower,0,1,2,0,3,0,5,34,0,39,0,6,36,0,42,8,0,8,50
09/23/2012,LMT,OR,ANM,WE,Federal Contract Tower,0,1,0,0,1,0,1,35,0,36,0,2,35,0,37,0,0,0,37
09/24/2012,LMT,OR,ANM,WE,Federal Contract Tower,0,3,2,26,31,0,5,21,22,48,0,8,23,48,79,22,66,88,167
09/25/2012,LMT,OR,ANM,WE,Federal Contract Tower,0,4,8,22,34,0,3,16,13,32,0,7,24,35,66,22,22,44,110
09/26/2012,LMT,OR,ANM,WE,Federal Contract Tower,0,4,0,21,25,0,3,28,6,37,0,7,28,27,62,38,16,54,116
09/27/2012,LMT,OR,ANM,WE,Federal Contract Tower,0,6,11,11,28,0,5,33,15,53,0,11,44,26,81,24,2,26,107
09/28/2012,LMT,OR,ANM,WE,Federal Contract Tower,0,6,7,0,13,0,8,54,0,62,0,14,61,0,75,16,0,16,91
09/29/2012,LMT,OR,ANM,WE,Federal Contract Tower,0,3,0,0,3,0,4,44,0,48,0,7,44,0,51,44,0,44,95
09/30/2012,LMT,OR,ANM,WE,Federal Contract Tower,0,0,0,0,0,0,0,47,0,47,0,0,47,0,47,26,0,26,73
10/01/2012,LMT,OR,ANM,WE,Federal Contract Tower,0,4,8,0,12,0,4,30,0,34,0,8,38,0,46,22,0,22,68
10/02/2012,LMT,OR,ANM,WE,Federal Contract Tower,0,3,5,20,28,0,6,23,12,41,0,9,28,32,69,0,24,24,93
10/03/2012,LMT,OR,ANM,WE,Federal Contract Tower,0,4,3,21,28,0,6,20,21,47,0,10,23,42,75,17,63,80,155
10/04/2012,LMT,OR,ANM,WE,Federal Contract Tower,0,6,11,32,49,0,2,47,4,53,0,8,58,36,102,30,54,84,186
10/05/2012,LMT,OR,ANM,WE,Federal Contract Tower,0,9,4,17,30,0,4,43,14,61,0,13,47,31,91,12,14,26,117
10/06/2012,LMT,OR,ANM,WE,Federal Contract Tower,0,1,3,0,4,0,2,55,0,57,0,3,58,0,61,44,0,44,105
10/07/2012,LMT,OR,ANM,WE,Federal Contract Tower,0,1,1,0,2,0,0,39,0,39,0,1,40,0,41,14,0,14,55
10/08/2012,LMT,OR,ANM,WE,Federal Contract Tower,0,5,4,0,9,0,4,23,0,27,0,9,27,0,36,24,0,24,60
10/09/2012,LMT,OR,ANM,WE,Federal Contract Tower,0,4,4,27,35,0,5,20,15,40,0,9,24,42,75,4,42,46,121
10/10/2012,LMT,OR,ANM,WE,Federal Contract Tower,0,2,3,2,7,0,4,28,0,32,0,6,31,2,39,14,0,14,53
10/11/2012,LMT,OR,ANM,WE,Federal Contract Tower,0,7,5,12,24,0,6,39,10,55,0,13,44,22,79,16,14,30,109
10/12/2012,LMT,OR,ANM,WE,Federal Contract Tower,0,10,40,47,97,0,1,0,0,1,0,11,40,47,98,29,39,68,166
10/13/2012,LMT,OR,ANM,WE,Federal Contract Tower,0,5,5,39,49,0,0,19,10,29,0,5,24,49,78,12,12,24,102
10/14/2012,LMT,OR,ANM,WE,Federal Contract Tower,0,0,5,8,13,0,0,12,9,21,0,0,17,17,34,36,0,36,70
10/15/2012,LMT,OR,ANM,WE,Federal Contract Tower,0,7,7,0,14,0,1,8,0,9,0,8,15,0,23,12,0,12,35
10/16/2012,LMT,OR,ANM,WE,Federal Contract Tower,0,7,0,20,27,0,9,13,20,42,0,16,13,40,69,14,26,40,109
10/17/2012,LMT,OR,ANM,WE,Federal Contract Tower,0,4,2,18,24,0,8,36,19,63,0,12,38,37,87,17,22,39,126
10/18/2012,LMT,OR,ANM,WE,Federal Contract Tower,0,5,2,20,27,0,5,23,16,44,0,10,25,36,71,20,22,42,113
10/19/2012,LMT,OR,ANM,WE,Federal Contract Tower,0,7,3,11,21,0,1,24,11,36,0,8,27,22,57,32,22,54,111
10/20/2012,LMT,OR,ANM,WE,Federal Contract Tower,0,4,1,0,5,0,1,16,0,17,0,5,17,0,22,15,0,15,37
10/21/2012,LMT,OR,ANM,WE,Federal Contract Tower,0,0,4,0,4,0,1,34,0,35,0,1,38,0,39,20,0,20,59
10/22/2012,LMT,OR,ANM,WE,Federal Contract Tower,0,4,7,30,41,0,2,1,6,9,0,6,8,36,50,0,2,2,52
10/23/2012,LMT,OR,ANM,WE,Federal Contract Tower,0,9,4,24,37,0,2,4,14,20,0,11,8,38,57,6,25,31,88
10/24/2012,LMT,OR,ANM,WE,Federal Contract Tower,0,13,13,20,46,0,2,7,0,9,0,15,20,20,55,12,14,26,81
10/25/2012,LMT,OR,ANM,WE,Federal Contract Tower,0,6,13,27,46,0,9,7,9,25,0,15,20,36,71,24,16,40,111
10/26/2012,LMT,OR,ANM,WE,Federal Contract Tower,0,5,3,21,29,0,5,18,6,29,0,10,21,27,58,21,18,39,97
10/27/2012,LMT,OR,ANM,WE,Federal Contract Tower,0,5,5,0,10,0,1,19,0,20,0,6,24,0,30,34,0,34,64
10/28/2012,LMT,OR,ANM,WE,Federal Contract Tower,0,0,3,0,3,0,0,10,0,10,0,0,13,0,13,15,0,15,28
10/29/2012,LMT,OR,ANM,WE,Federal Contract Tower,0,2,2,2,6,0,7,13,0,20,0,9,15,2,26,21,16,37,63
10/30/2012,LMT,OR,ANM,WE,Federal Contract Tower,0,7,5,28,40,0,3,24,21,48,0,10,29,49,88,22,56,78,166
10/31/2012,LMT,OR,ANM,WE,Federal Contract Tower,0,10,4,10,24,0,3,5,10,18,0,13,9,20,42,0,12,12,54
11/01/2012,LMT,OR,ANM,WE,Federal Contract Tower,0,6,1,21,28,0,4,17,19,40,0,10,18,40,68,5,28,33,101
11/02/2012,LMT,OR,ANM,WE,Federal Contract Tower,0,6,4,11,21,0,1,41,10,52,0,7,45,21,73,23,12,35,108
11/03/2012,LMT,OR,ANM,WE,Federal Contract Tower,0,1,2,19,22,0,3,19,19,41,0,4,21,38,63,74,12,86,149
11/04/2012,LMT,OR,ANM,WE,Federal Contract Tower,0,0,2,14,16,0,0,22,14,36,0,0,24,28,52,27,20,47,99
11/05/2012,LMT,OR,ANM,WE,Federal Contract Tower,0,8,2,3,13,0,5,16,0,21,0,13,18,3,34,25,0,25,59
11/06/2012,LMT,OR,ANM,WE,Federal Contract Tower,0,6,5,28,39,0,6,21,8,35,0,12,26,36,74,9,8,17,91
11/07/2012,LMT,OR,ANM,WE,Federal Contract Tower,0,7,3,26,36,0,5,12,10,27,0,12,15,36,63,5,18,23,86
11/08/2012,LMT,OR,ANM,WE,Federal Contract Tower,0,7,6,36,49,0,2,11,0,13,0,9,17,36,62,0,10,10,72
11/09/2012,LMT,OR,ANM,WE,Federal Contract Tower,0,8,7,11,26,0,2,17,8,27,0,10,24,19,53,8,12,20,73
11/10/2012,LMT,OR,ANM,WE,Federal Contract Tower,0,3,8,0,11,0,0,14,0,14,0,3,22,0,25,12,0,12,37
11/11/2012,LMT,OR,ANM,WE,Federal Contract Tower,0,1,3,0,4,0,0,22,4,26,0,1,25,4,30,0,8,8,38
11/12/2012,LMT,OR,ANM,WE,Federal Contract Tower,0,7,4,0,11,0,1,13,0,14,0,8,17,0,25,28,0,28,53
11/13/2012,LMT,OR,ANM,WE,Federal Contract Tower,0,9,5,37,51,0,3,5,3,11,0,12,10,40,62,10,8,18,80
11/14/2012,LMT,OR,ANM,WE,Federal Contract Tower,0,10,2,24,36,0,3,2,21,26,0,13,4,45,62,0,14,14,76
11/15/2012,LMT,OR,ANM,WE,Federal Contract Tower,0,10,6,22,38,0,2,17,12,31,0,12,23,34,69,8,13,21,90
11/16/2012,LMT,OR,ANM,WE,Federal Contract Tower,0,4,1,17,22,0,3,16,10,29,0,7,17,27,51,4,6,10,61
11/17/2012,LMT,OR,ANM,WE,Federal Contract Tower,0,3,4,0,7,0,1,4,0,5,0,4,8,0,12,0,0,0,12
11/18/2012,LMT,OR,ANM,WE,Federal Contract Tower,0,4,0,0,4,0,0,13,0,13,0,4,13,0,17,10,0,10,27
11/19/2012,LMT,OR,ANM,WE,Federal Contract Tower,0,12,6,10,28,0,0,1,10,11,0,12,7,20,39,6,9,15,54
11/20/2012,LMT,OR,ANM,WE,Federal Contract Tower,0,12,12,36,60,0,2,7,6,15,0,14,19,42,75,0,0,0,75
11/21/2012,LMT,OR,ANM,WE,Federal Contract Tower,0,9,4,13,26,0,2,2,5,9,0,11,6,18,35,12,9,21,56
11/22/2012,LMT,OR,ANM,WE,Federal Contract Tower,0,0,1,0,1,0,0,13,0,13,0,0,14,0,14,0,0,0,14
11/23/2012,LMT,OR,ANM,WE,Federal Contract Tower,0,5,4,0,9,0,2,31,0,33,0,7,35,0,42,28,0,28,70
11/24/2012,LMT,OR,ANM,WE,Federal Contract Tower,0,2,3,0,5,0,1,19,0,20,0,3,22,0,25,19,0,19,44
11/25/2012,LMT,OR,ANM,WE,Federal Contract Tower,0,0,0,0,0,0,2,42,0,44,0,2,42,0,44,26,0,26,70
11/26/2012,LMT,OR,ANM,WE,Federal Contract Tower,0,9,7,14,30,0,0,6,6,12,0,9,13,20,42,8,16,24,66
11/27/2012,LMT,OR,ANM,WE,Federal Contract Tower,0,5,6,22,33,0,6,24,14,44,0,11,30,36,77,8,18,26,103
11/28/2012,LMT,OR,ANM,WE,Federal Contract Tower,0,9,7,14,30,0,2,13,12,27,0,11,20,26,57,8,8,16,73
11/29/2012,LMT,OR,ANM,WE,Federal Contract Tower,0,8,14,30,52,0,1,3,2,6,0,9,17,32,58,0,6,6,64
11/30/2012,LMT,OR,ANM,WE,Federal Contract Tower,0,8,0,16,24,0,2,1,12,15,0,10,1,28,39,6,4,10,49
12/01/2012,LMT,OR,ANM,WE,Federal Contract Tower,0,6,5,1,12,0,3,6,0,9,0,9,11,1,21,0,0,0,21
12/02/2012,LMT,OR,ANM,WE,Federal Contract Tower,0,0,3,0,3,0,0,0,0,0,0,0,3,0,3,9,0,9,12
12/03/2012,LMT,OR,ANM,WE,Federal Contract Tower,0,7,5,19,31,0,8,14,19,41,0,15,19,38,72,18,13,31,103
12/04/2012,LMT,OR,ANM,WE,Federal Contract Tower,0,10,3,29,42,0,0,1,7,8,0,10,4,36,50,0,15,15,65
12/05/2012,LMT,OR,ANM,WE,Federal Contract Tower,0,10,9,24,43,0,1,9,20,30,0,11,18,44,73,8,10,18,91
12/06/2012,LMT,OR,ANM,WE,Federal Contract Tower,0,8,7,20,35,0,4,8,12,24,0,12,15,32,59,42,32,74,133
12/07/2012,LMT,OR,ANM,WE,Federal Contract Tower,0,9,1,13,23,0,3,22,7,32,0,12,23,20,55,16,38,54,109
12/08/2012,LMT,OR,ANM,WE,Federal Contract Tower,0,1,2,10,13,0,1,4,4,9,0,2,6,14,22,10,20,30,52
12/09/2012,LMT,OR,ANM,WE,Federal Contract Tower,0,2,3,9,14,0,1,37,2,40,0,3,40,11,54,29,0,29,83
12/10/2012,LMT,OR,ANM,WE,Federal Contract Tower,0,5,8,2,15,0,5,21,0,26,0,10,29,2,41,0,0,0,41
12/11/2012,LMT,OR,ANM,WE,Federal Contract Tower,0,8,4,8,20,0,1,18,6,25,0,9,22,14,45,10,6,16,61
12/12/2012,LMT,OR,ANM,WE,Federal Contract Tower,0,6,4,15,25,0,3,11,9,23,0,9,15,24,48,6,52,58,106
12/13/2012,LMT,OR,ANM,WE,Federal Contract Tower,0,7,4,11,22,0,5,23,11,39,0,12,27,22,61,4,35,39,100
12/14/2012,LMT,OR,ANM,WE,Federal Contract Tower,0,13,6,21,40,0,0,3,0,3,0,13,9,21,43,2,5,7,50
12/15/2012,LMT,OR,ANM,WE,Federal Contract Tower,0,5,5,2,12,0,0,0,0,0,0,5,5,2,12,0,0,0,12
12/16/2012,LMT,OR,ANM,WE,Federal Contract Tower,0,0,0,0,0,0,0,1,0,1,0,0,1,0,1,0,0,0,1
12/17/2012,LMT,OR,ANM,WE,Federal Contract Tower,0,9,2,5,16,0,0,0,0,0,0,9,2,5,16,1,0,1,17
12/18/2012,LMT,OR,ANM,WE,Federal Contract Tower,0,11,7,33,51,0,5,8,14,27,0,16,15,47,78,0,60,60,138
12/19/2012,LMT,OR,ANM,WE,Federal Contract Tower,0,3,7,15,25,0,8,9,17,34,0,11,16,32,59,4,59,63,122
12/20/2012,LMT,OR,ANM,WE,Federal Contract Tower,0,0,1,5,6,0,9,8,35,52,0,9,9,40,58,0,0,0,58
12/21/2012,LMT,OR,ANM,WE,Federal Contract Tower,0,12,9,20,41,0,0,1,0,1,0,12,10,20,42,0,22,22,64
12/22/2012,LMT,OR,ANM,WE,Federal Contract Tower,0,8,5,0,13,0,2,7,0,9,0,10,12,0,22,0,0,0,22
12/23/2012,LMT,OR,ANM,WE,Federal Contract Tower,0,0,1,0,1,0,0,0,0,0,0,0,1,0,1,0,0,0,1
12/24/2012,LMT,OR,ANM,WE,Federal Contract Tower,0,7,5,0,12,0,5,26,0,31,0,12,31,0,43,28,0,28,71
12/25/2012,LMT,OR,ANM,WE,Federal Contract Tower,0,0,1,0,1,0,4,1,0,5,0,4,2,0,6,8,0,8,14
12/26/2012,LMT,OR,ANM,WE,Federal Contract Tower,0,10,1,8,19,0,7,8,0,15,0,17,9,8,34,0,4,4,38
12/27/2012,LMT,OR,ANM,WE,Federal Contract Tower,0,8,1,32,41,0,1,21,4,26,0,9,22,36,67,3,42,45,112
12/28/2012,LMT,OR,ANM,WE,Federal Contract Tower,0,6,6,12,24,0,0,2,11,13,0,6,8,23,37,0,36,36,73
12/29/2012,LMT,OR,ANM,WE,Federal Contract Tower,0,2,8,0,10,0,0,9,0,9,0,2,17,0,19,20,0,20,39
12/30/2012,LMT,OR,ANM,WE,Federal Contract Tower,0,2,10,0,12,0,0,10,0,10,0,2,20,0,22,2,0,2,24
12/31/2012,LMT,OR,ANM,WE,Federal Contract Tower,0,8,6,0,14,0,3,8,0,11,0,11,14,0,25,12,0,12,37
01/01/2013,LMT,OR,ANM,WE,Federal Contract Tower,0,1,6,0,7,0,0,38,0,38,0,1,44,0,45,12,0,12,57
01/02/2013,LMT,OR,ANM,WE,Federal Contract Tower,0,5,1,28,34,0,5,8,8,21,0,10,9,36,55,8,22,30,85
01/03/2013,LMT,OR,ANM,WE,Federal Contract Tower,0,4,2,47,53,0,5,4,11,20,0,9,6,58,73,4,70,74,147
01/04/2013,LMT,OR,ANM,WE,Federal Contract Tower,0,4,7,22,33,0,4,13,15,32,0,8,20,37,65,30,60,90,155
01/05/2013,LMT,OR,ANM,WE,Federal Contract Tower,0,1,0,0,1,0,0,14,0,14,0,1,14,0,15,0,0,0,15
01/06/2013,LMT,OR,ANM,WE,Federal Contract Tower,0,4,1,0,5,0,0,6,0,6,0,4,7,0,11,0,0,0,11
01/07/2013,LMT,OR,ANM,WE,Federal Contract Tower,0,6,4,36,46,0,0,0,5,5,0,6,4,41,51,0,10,10,61
01/08/2013,LMT,OR,ANM,WE,Federal Contract Tower,0,8,6,26,40,0,1,4,4,9,0,9,10,30,49,0,18,18,67
01/09/2013,LMT,OR,ANM,WE,Federal Contract Tower,0,12,6,41,59,0,1,0,0,1,0,13,6,41,60,0,4,4,64
01/10/2013,LMT,OR,ANM,WE,Federal Contract Tower,0,10,4,42,56,0,2,1,0,3,0,12,5,42,59,7,0,7,66
01/11/2013,LMT,OR,ANM,WE,Federal Contract Tower,0,8,5,10,23,0,3,8,4,15,0,11,13,14,38,1,22,23,61
01/12/2013,LMT,OR,ANM,WE,Federal Contract Tower,0,1,1,20,22,0,2,16,12,30,0,3,17,32,52,12,34,46,98
01/13/2013,LMT,OR,ANM,WE,Federal Contract Tower,0,3,2,11,16,0,0,20,5,25,0,3,22,16,41,2,13,15,56
01/14/2013,LMT,OR,ANM,WE,Federal Contract Tower,0,8,6,2,16,0,7,14,2,23,0,15,20,4,39,2,2,4,43
01/15/2013,LMT,OR,ANM,WE,Federal Contract Tower,0,3,11,21,35,0,5,10,19,34,0,8,21,40,69,0,70,70,139
01/16/2013,LMT,OR,ANM,WE,Federal Contract Tower,0,8,5,18,31,0,7,19,22,48,0,15,24,40,79,0,60,60,139
01/17/2013,LMT,OR,ANM,WE,Federal Contract Tower,0,4,3,19,26,0,8,23,22,53,0,12,26,41,79,21,43,64,143
01/18/2013,LMT,OR,ANM,WE,Federal Contract Tower,0,5,4,8,17,0,6,30,8,44,0,11,34,16,61,6,8,14,75
01/19/2013,LMT,OR,ANM,WE,Federal Contract Tower,0,7,6,0,13,0,0,6,0,6,0,7,12,0,19,2,0,2,21
01/20/2013,LMT,OR,ANM,WE,Federal Contract Tower,0,1,3,4,8,0,3,18,0,21,0,4,21,4,29,2,0,2,31
01/21/2013,LMT,OR,ANM,WE,Federal Contract Tower,0,5,5,0,10,0,1,35,0,36,0,6,40,0,46,33,0,33,79
01/22/2013,LMT,OR,ANM,WE,Federal Contract Tower,0,9,5,18,32,0,2,13,20,35,0,11,18,38,67,13,42,55,122
01/23/2013,LMT,OR,ANM,WE,Federal Contract Tower,0,7,6,22,35,0,3,9,12,24,0,10,15,34,59,2,34,36,95
01/24/2013,LMT,OR,ANM,WE,Federal Contract Tower,0,6,4,44,54,0,2,13,2,17,0,8,17,46,71,20,38,58,129
01/25/2013,LMT,OR,ANM,WE,Federal Contract Tower,0,12,5,0,17,0,0,0,0,0,0,12,5,0,17,0,0,0,17
01/26/2013,LMT,OR,ANM,WE,Federal Contract Tower,0,2,3,0,5,0,1,17,0,18,0,3,20,0,23,12,0,12,35
01/27/2013,LMT,OR,ANM,WE,Federal Contract Tower,0,1,10,0,11,0,0,14,0,14,0,1,24,0,25,17,0,17,42
01/28/2013,LMT,OR,ANM,WE,Federal Contract Tower,0,6,3,31,40,0,5,10,17,32,0,11,13,48,72,2,41,43,115
01/29/2013,LMT,OR,ANM,WE,Federal Contract Tower,0,4,6,21,31,0,4,5,22,31,0,8,11,43,62,10,55,65,127
01/30/2013,LMT,OR,ANM,WE,Federal Contract Tower,0,7,6,24,37,0,0,15,8,23,0,7,21,32,60,18,13,31,91
01/31/2013,LMT,OR,ANM,WE,Federal Contract Tower,0,8,11,13,32,0,4,16,9,29,0,12,27,22,61,2,26,28,89
02/01/2013,LMT,OR,ANM,WE,Federal Contract Tower,0,6,23,15,44,0,4,10,0,14,0,10,33,15,58,30,32,62,120
02/02/2013,LMT,OR,ANM,WE,Federal Contract Tower,0,5,8,0,13,0,1,15,0,16,0,6,23,0,29,2,0,2,31
02/03/2013,LMT,OR,ANM,WE,Federal Contract Tower,0,2,1,0,3,0,4,24,0,28,0,6,25,0,31,19,0,19,50
02/04/2013,LMT,OR,ANM,WE,Federal Contract Tower,0,1,1,0,2,0,7,12,0,19,0,8,13,0,21,30,0,30,51
02/05/2013,LMT,OR,ANM,WE,Federal Contract Tower,0,6,3,35,44,0,3,9,20,32,0,9,12,55,76,13,62,75,151
02/06/2013,LMT,OR,ANM,WE,Federal Contract Tower,0,5,10,25,40,0,5,12,13,30,0,10,22,38,70,22,88,110,180
02/07/2013,LMT,OR,ANM,WE,Federal Contract Tower,0,8,6,13,27,0,1,6,12,19,0,9,12,25,46,0,16,16,62
02/08/2013,LMT,OR,ANM,WE,Federal Contract Tower,0,7,1,44,52,0,6,10,15,31,0,13,11,59,83,0,117,117,200
02/09/2013,LMT,OR,ANM,WE,Federal Contract Tower,0,4,8,29,41,0,1,15,10,26,0,5,23,39,67,0,30,30,97
02/10/2013,LMT,OR,ANM,WE,Federal Contract Tower,0,2,1,11,14,0,2,22,9,33,0,4,23,20,47,12,16,28,75
02/11/2013,LMT,OR,ANM,WE,Federal Contract Tower,0,7,4,1,12,0,4,24,1,29,0,11,28,2,41,8,4,12,53
02/12/2013,LMT,OR,ANM,WE,Federal Contract Tower,0,5,0,46,51,0,6,6,14,26,0,11,6,60,77,2,26,28,105
02/13/2013,LMT,OR,ANM,WE,Federal Contract Tower,0,3,5,19,27,0,8,21,19,48,0,11,26,38,75,18,56,74,149
02/14/2013,LMT,OR,ANM,WE,Federal Contract Tower,0,5,6,22,33,0,13,24,21,58,0,18,30,43,91,18,24,42,133
02/15/2013,LMT,OR,ANM,WE,Federal Contract Tower,0,10,6,9,25,0,1,33,1,35,0,11,39,10,60,10,40,50,110
02/16/2013,LMT,OR,ANM,WE,Federal Contract Tower,0,3,3,0,6,0,1,24,0,25,0,4,27,0,31,24,0,24,55
02/17/2013,LMT,OR,ANM,WE,Federal Contract Tower,0,1,3,0,4,0,0,21,0,21,0,1,24,0,25,2,0,2,27
02/18/2013,LMT,OR,ANM,WE,Federal Contract Tower,0,5,3,0,8,0,2,19,0,21,0,7,22,0,29,25,0,25,54
02/19/2013,LMT,OR,ANM,WE,Federal Contract Tower,0,16,2,16,34,0,0,0,0,0,0,16,2,16,34,0,0,0,34
02/20/2013,LMT,OR,ANM,WE,Federal Contract Tower,0,15,3,23,41,0,4,12,18,34,0,19,15,41,75,10,45,55,130
02/21/2013,LMT,OR,ANM,WE,Federal Contract Tower,0,12,3,26,41,0,3,12,22,37,0,15,15,48,78,4,74,78,156
02/22/2013,LMT,OR,ANM,WE,Federal Contract Tower,0,7,12,21,40,0,1,4,9,14,0,8,16,30,54,4,44,48,102
02/23/2013,LMT,OR,ANM,WE,Federal Contract Tower,0,1,3,0,4,0,3,0,0,3,0,4,3,0,7,0,0,0,7
02/24/2013,LMT,OR,ANM,WE,Federal Contract Tower,0,2,6,0,8,0,0,53,0,53,0,2,59,0,61,26,0,26,87
02/25/2013,LMT,OR,ANM,WE,Federal Contract Tower,0,6,3,25,34,0,7,16,19,42,0,13,19,44,76,8,29,37,113
02/26/2013,LMT,OR,ANM,WE,Federal Contract Tower,0,10,1,25,36,0,5,35,19,59,0,15,36,44,95,24,51,75,170
02/27/2013,LMT,OR,ANM,WE,Federal Contract Tower,0,9,0,31,40,0,7,37,14,58,0,16,37,45,98,52,78,130,228
02/28/2013,LMT,OR,ANM,WE,Federal Contract Tower,0,12,7,23,42,0,2,9,12,23,0,14,16,35,65,8,44,52,117
03/01/2013,LMT,OR,ANM,WE,Federal Contract Tower,0,14,26,18,58,0,12,30,26,68,0,26,56,44,126,30,26,56,182
03/02/2013,LMT,OR,ANM,WE,Federal Contract Tower,0,6,4,0,10,0,1,21,0,22,0,7,25,0,32,17,0,17,49
03/03/2013,LMT,OR,ANM,WE,Federal Contract Tower,0,2,5,0,7,0,2,21,0,23,0,4,26,0,30,38,0,38,68
03/04/2013,LMT,OR,ANM,WE,Federal Contract Tower,0,13,4,0,17,0,4,50,0,54,0,17,54,0,71,48,0,48,119
03/05/2013,LMT,OR,ANM,WE,Federal Contract Tower,0,10,5,12,27,0,2,24,10,36,0,12,29,22,63,0,12,12,75
03/06/2013,LMT,OR,ANM,WE,Federal Contract Tower,0,15,8,27,50,0,1,16,38,55,0,16,24,65,105,1,6,7,112
03/07/2013,LMT,OR,ANM,WE,Federal Contract Tower,0,6,0,18,24,0,5,13,21,39,0,11,13,39,63,48,32,80,143
03/08/2013,LMT,OR,ANM,WE,Federal Contract Tower,0,8,9,12,29,0,8,18,10,36,0,16,27,22,65,47,30,77,142
03/09/2013,LMT,OR,ANM,WE,Federal Contract Tower,0,8,9,4,21,0,3,37,0,40,0,11,46,4,61,38,0,38,99
03/10/2013,LMT,OR,ANM,WE,Federal Contract Tower,0,1,1,0,2,0,0,53,0,53,0,1,54,0,55,75,0,75,130
03/11/2013,LMT,OR,ANM,WE,Federal Contract Tower,0,6,1,24,31,0,4,49,16,69,0,10,50,40,100,40,33,73,173
03/12/2013,LMT,OR,ANM,WE,Federal Contract Tower,0,4,4,25,33,0,4,31,11,46,0,8,35,36,79,22,46,68,147
03/13/2013,LMT,OR,ANM,WE,Federal Contract Tower,0,6,13,22,41,0,4,30,18,52,0,10,43,40,93,24,18,42,135
03/14/2013,LMT,OR,ANM,WE,Federal Contract Tower,0,8,4,20,32,0,4,34,18,56,0,12,38,38,88,8,18,26,114
03/15/2013,LMT,OR,ANM,WE,Federal Contract Tower,0,7,5,14,26,0,3,51,14,68,0,10,56,28,94,38,26,64,158
03/16/2013,LMT,OR,ANM,WE,Federal Contract Tower,0,2,6,14,22,0,2,33,14,49,0,4,39,28,71,5,32,37,108
03/17/2013,LMT,OR,ANM,WE,Federal Contract Tower,0,0,3,16,19,0,2,20,10,32,0,2,23,26,51,10,14,24,75
03/18/2013,LMT,OR,ANM,WE,Federal Contract Tower,0,7,6,0,13,0,6,35,8,49,0,13,41,8,62,20,0,20,82
03/19/2013,LMT,OR,ANM,WE,Federal Contract Tower,0,13,7,28,48,0,3,20,5,28,0,16,27,33,76,8,0,8,84
03/20/2013,LMT,OR,ANM,WE,Federal Contract Tower,0,11,7,21,39,0,2,11,12,25,0,13,18,33,64,0,7,7,71
03/21/2013,LMT,OR,ANM,WE,Federal Contract Tower,0,12,8,24,44,0,7,18,27,52,0,19,26,51,96,8,24,32,128
03/22/2013,LMT,OR,ANM,WE,Federal Contract Tower,0,7,3,25,35,0,3,12,10,25,0,10,15,35,60,12,19,31,91
03/23/2013,LMT,OR,ANM,WE,Federal Contract Tower,0,2,2,0,4,0,2,49,0,51,0,4,51,0,55,20,0,20,75
03/24/2013,LMT,OR,ANM,WE,Federal Contract Tower,0,3,0,0,3,0,0,45,0,45,0,3,45,0,48,10,0,10,58
03/25/2013,LMT,OR,ANM,WE,Federal Contract Tower,0,8,1,16,25,0,4,47,12,63,0,12,48,28,88,8,32,40,128
03/26/2013,LMT,OR,ANM,WE,Federal Contract Tower,0,10,6,14,30,0,1,18,13,32,0,11,24,27,62,0,25,25,87
03/27/2013,LMT,OR,ANM,WE,Federal Contract Tower,0,10,6,16,32,0,1,13,8,22,0,11,19,24,54,10,36,46,100
03/28/2013,LMT,OR,ANM,WE,Federal Contract Tower,0,8,3,16,27,0,4,29,10,43,0,12,32,26,70,24,26,50,120
03/29/2013,LMT,OR,ANM,WE,Federal Contract Tower,0,5,6,11,22,0,3,19,11,33,0,8,25,22,55,32,8,40,95
03/30/2013,LMT,OR,ANM,WE,Federal Contract Tower,0,4,2,0,6,0,6,27,0,33,0,10,29,0,39,0,0,0,39
03/31/2013,LMT,OR,ANM,WE,Federal Contract Tower,0,1,0,0,1,0,1,12,0,13,0,2,12,0,14,14,0,14,28
04/01/2013,LMT,OR,ANM,WE,Federal Contract Tower,0,11,4,0,15,0,0,0,0,0,0,11,4,0,15,20,0,20,35
04/02/2013,LMT,OR,ANM,WE,Federal Contract Tower,0,10,6,37,53,0,6,34,0,40,0,16,40,37,93,0,12,12,105
04/03/2013,LMT,OR,ANM,WE,Federal Contract Tower,0,9,8,8,25,0,4,20,12,36,0,13,28,20,61,0,2,2,63
04/04/2013,LMT,OR,ANM,WE,Federal Contract Tower,0,12,8,21,41,0,1,2,17,20,0,13,10,38,61,0,24,24,85
04/05/2013,LMT,OR,ANM,WE,Federal Contract Tower,0,9,5,31,45,0,3,1,13,17,0,12,6,44,62,0,28,28,90
04/06/2013,LMT,OR,ANM,WE,Federal Contract Tower,0,3,6,21,30,0,0,7,8,15,0,3,13,29,45,0,32,32,77
04/07/2013,LMT,OR,ANM,WE,Federal Contract Tower,0,2,4,11,17,0,0,17,11,28,0,2,21,22,45,12,8,20,65
04/08/2013,LMT,OR,ANM,WE,Federal Contract Tower,0,12,5,1,18,0,1,24,4,29,0,13,29,5,47,14,0,14,61
04/09/2013,LMT,OR,ANM,WE,Federal Contract Tower,0,13,6,23,42,0,2,62,9,73,0,15,68,32,115,40,39,79,194
04/10/2013,LMT,OR,ANM,WE,Federal Contract Tower,0,10,5,30,45,0,6,21,16,43,0,16,26,46,88,6,12,18,106
04/11/2013,LMT,OR,ANM,WE,Federal Contract Tower,0,8,7,19,34,0,5,32,17,54,0,13,39,36,88,15,24,39,127
04/12/2013,LMT,OR,ANM,WE,Federal Contract Tower,0,14,2,36,52,0,2,45,6,53,0,16,47,42,105,20,45,65,170
04/13/2013,LMT,OR,ANM,WE,Federal Contract Tower,0,2,2,1,5,0,2,15,0,17,0,4,17,1,22,18,0,18,40
04/14/2013,LMT,OR,ANM,WE,Federal Contract Tower,0,1,4,1,6,0,0,23,0,23,0,1,27,1,29,34,0,34,63
04/15/2013,LMT,OR,ANM,WE,Federal Contract Tower,0,10,3,26,39,0,1,2,6,9,0,11,5,32,48,10,14,24,72
04/16/2013,LMT,OR,ANM,WE,Federal Contract Tower,0,7,10,34,51,0,4,0,8,12,0,11,10,42,63,2,18,20,83
04/17/2013,LMT,OR,ANM,WE,Federal Contract Tower,0,6,2,26,34,0,6,35,16,57,0,12,37,42,91,8,24,32,123
04/18/2013,LMT,OR,ANM,WE,Federal Contract Tower,0,11,3,28,42,0,3,28,14,45,0,14,31,42,87,24,36,60,147
04/19/2013,LMT,OR,ANM,WE,Federal Contract Tower,0,10,1,14,25,0,2,16,7,25,0,12,17,21,50,20,10,30,80
04/20/2013,LMT,OR,ANM,WE,Federal Contract Tower,0,2,1,0,3,0,2,39,0,41,0,4,40,0,44,12,0,12,56
04/21/2013,LMT,OR,ANM,WE,Federal Contract Tower,0,2,2,0,4,0,2,38,0,40,0,4,40,0,44,42,0,42,86
04/22/2013,LMT,OR,ANM,WE,Federal Contract Tower,0,8,5,0,13,0,7,41,0,48,0,15,46,0,61,16,0,16,77
04/23/2013,LMT,OR,ANM,WE,Federal Contract Tower,0,19,20,36,75,0,1,21,0,22,0,20,41,36,97,80,82,162,259
04/24/2013,LMT,OR,ANM,WE,Federal Contract Tower,0,10,4,18,32,0,4,29,20,53,0,14,33,38,85,26,14,40,125
04/25/2013,LMT,OR,ANM,WE,Federal Contract Tower,0,10,4,16,30,0,2,42,20,64,0,12,46,36,94,22,18,40,134
04/26/2013,LMT,OR,ANM,WE,Federal Contract Tower,0,10,3,18,31,0,0,48,29,77,0,10,51,47,108,18,78,96,204
04/27/2013,LMT,OR,ANM,WE,Federal Contract Tower,0,3,3,0,6,0,1,39,0,40,0,4,42,0,46,8,0,8,54
04/28/2013,LMT,OR,ANM,WE,Federal Contract Tower,0,2,4,0,6,0,3,45,0,48,0,5,49,0,54,24,0,24,78
04/29/2013,LMT,OR,ANM,WE,Federal Contract Tower,0,13,12,21,46,0,1,10,19,30,0,14,22,40,76,25,55,80,156
04/30/2013,LMT,OR,ANM,WE,Federal Contract Tower,0,12,5,18,35,0,4,19,20,43,0,16,24,38,78,12,32,44,122
05/01/2013,LMT,OR,ANM,WE,Federal Contract Tower,0,9,7,27,43,0,4,22,15,41,0,13,29,42,84,20,38,58,142
05/02/2013,LMT,OR,ANM,WE,Federal Contract Tower,0,10,4,20,34,0,2,27,10,39,0,12,31,30,73,27,36,63,136
05/03/2013,LMT,OR,ANM,WE,Federal Contract Tower,0,7,5,25,37,0,4,44,10,58,0,11,49,35,95,26,16,42,137
05/04/2013,LMT,OR,ANM,WE,Federal Contract Tower,0,3,1,18,22,0,5,24,12,41,0,8,25,30,63,18,57,75,138
05/05/2013,LMT,OR,ANM,WE,Federal Contract Tower,0,2,2,11,15,0,2,34,0,36,0,4,36,11,51,26,22,48,99
05/06/2013,LMT,OR,ANM,WE,Federal Contract Tower,0,6,5,2,13,0,8,34,0,42,0,14,39,2,55,22,4,26,81
05/07/2013,LMT,OR,ANM,WE,Federal Contract Tower,0,12,14,36,62,0,2,0,0,2,0,14,14,36,64,31,46,77,141
05/08/2013,LMT,OR,ANM,WE,Federal Contract Tower,0,11,2,21,34,0,1,19,16,36,0,12,21,37,70,54,0,54,124
05/09/2013,LMT,OR,ANM,WE,Federal Contract Tower,0,7,3,22,32,0,3,21,33,57,0,10,24,55,89,28,68,96,185
05/10/2013,LMT,OR,ANM,WE,Federal Contract Tower,0,5,3,36,44,0,5,36,25,66,0,10,39,61,110,53,86,139,249
05/11/2013,LMT,OR,ANM,WE,Federal Contract Tower,0,5,1,0,6,0,3,35,0,38,0,8,36,0,44,17,0,17,61
05/12/2013,LMT,OR,ANM,WE,Federal Contract Tower,0,0,1,0,1,0,0,33,0,33,0,0,34,0,34,14,0,14,48
05/13/2013,LMT,OR,ANM,WE,Federal Contract Tower,0,8,6,30,44,0,3,23,21,47,0,11,29,51,91,14,48,62,153
05/14/2013,LMT,OR,ANM,WE,Federal Contract Tower,0,11,1,31,43,0,6,45,5,56,0,17,46,36,99,41,32,73,172
05/15/2013,LMT,OR,ANM,WE,Federal Contract Tower,0,10,6,28,44,0,2,49,8,59,0,12,55,36,103,25,20,45,148
05/16/2013,LMT,OR,ANM,WE,Federal Contract Tower,0,11,15,28,54,0,0,9,17,26,0,11,24,45,80,22,4,26,106
05/17/2013,LMT,OR,ANM,WE,Federal Contract Tower,0,10,10,13,33,0,3,56,15,74,0,13,66,28,107,18,52,70,177
05/18/2013,LMT,OR,ANM,WE,Federal Contract Tower,0,3,6,0,9,0,1,45,0,46,0,4,51,0,55,58,0,58,113
05/19/2013,LMT,OR,ANM,WE,Federal Contract Tower,0,3,4,0,7,0,1,46,0,47,0,4,50,0,54,30,0,30,84
05/20/2013,LMT,OR,ANM,WE,Federal Contract Tower,0,6,3,20,29,0,7,53,23,83,0,13,56,43,112,38,32,70,182
05/21/2013,LMT,OR,ANM,WE,Federal Contract Tower,0,12,3,33,48,0,2,10,13,25,0,14,13,46,73,0,16,16,89
05/22/2013,LMT,OR,ANM,WE,Federal Contract Tower,0,10,6,24,40,0,3,6,20,29,0,13,12,44,69,5,38,43,112
05/23/2013,LMT,OR,ANM,WE,Federal Contract Tower,0,10,3,19,32,0,5,9,10,24,0,15,12,29,56,46,18,64,120
05/24/2013,LMT,OR,ANM,WE,Federal Contract Tower,0,8,7,2,17,0,2,49,0,51,0,10,56,2,68,53,0,53,121
05/25/2013,LMT,OR,ANM,WE,Federal Contract Tower,0,3,1,0,4,0,14,39,0,53,0,17,40,0,57,24,0,24,81
05/26/2013,LMT,OR,ANM,WE,Federal Contract Tower,0,1,0,0,1,0,5,16,0,21,0,6,16,0,22,8,0,8,30
05/27/2013,LMT,OR,ANM,WE,Federal Contract Tower,0,1,5,0,6,0,0,21,0,21,0,1,26,0,27,14,0,14,41
05/28/2013,LMT,OR,ANM,WE,Federal Contract Tower,0,15,4,18,37,0,3,39,28,70,0,18,43,46,107,28,33,61,168
05/29/2013,LMT,OR,ANM,WE,Federal Contract Tower,0,6,1,18,25,0,3,14,22,39,0,9,15,40,64,11,42,53,117
05/30/2013,LMT,OR,ANM,WE,Federal Contract Tower,0,9,10,18,37,0,4,65,20,89,0,13,75,38,126,45,44,89,215
05/31/2013,LMT,OR,ANM,WE,Federal Contract Tower,0,7,6,18,31,0,8,58,20,86,0,15,64,38,117,12,46,58,175
06/01/2013,LMT,OR,ANM,WE,Federal Contract Tower,0,3,2,18,23,0,1,54,23,78,0,4,56,41,101,37,40,77,178
06/02/2013,LMT,OR,ANM,WE,Federal Contract Tower,0,0,0,11,11,0,3,75,9,87,0,3,75,20,98,32,8,40,138
06/03/2013,LMT,OR,ANM,WE,Federal Contract Tower,0,6,2,2,10,0,14,29,0,43,0,20,31,2,53,28,0,28,81
06/04/2013,LMT,OR,ANM,WE,Federal Contract Tower,0,7,8,34,49,0,7,20,0,27,0,14,28,34,76,53,48,101,177
06/05/2013,LMT,OR,ANM,WE,Federal Contract Tower,0,3,2,25,30,0,7,36,20,63,0,10,38,45,93,6,150,156,249
06/06/2013,LMT,OR,ANM,WE,Federal Contract Tower,0,5,5,24,34,0,7,52,25,84,0,12,57,49,118,30,84,114,232
06/07/2013,LMT,OR,ANM,WE,Federal Contract Tower,0,10,4,22,36,0,1,39,8,48,0,11,43,30,84,9,53,62,146
06/08/2013,LMT,OR,ANM,WE,Federal Contract Tower,0,2,2,0,4,0,3,40,4,47,0,5,42,4,51,20,0,20,71
06/09/2013,LMT,OR,ANM,WE,Federal Contract Tower,0,1,3,1,5,0,0,27,0,27,0,1,30,1,32,0,0,0,32
06/10/2013,LMT,OR,ANM,WE,Federal Contract Tower,0,3,1,23,27,0,6,28,9,43,0,9,29,32,70,6,64,70,140
06/11/2013,LMT,OR,ANM,WE,Federal Contract Tower,0,3,2,23,28,0,11,54,20,85,0,14,56,43,113,8,108,116,229
06/12/2013,LMT,OR,ANM,WE,Federal Contract Tower,0,7,2,21,30,0,7,41,29,77,0,14,43,50,107,24,52,76,183
06/13/2013,LMT,OR,ANM,WE,Federal Contract Tower,0,9,4,19,32,0,7,46,35,88,0,16,50,54,120,32,54,86,206
06/14/2013,LMT,OR,ANM,WE,Federal Contract Tower,0,9,3,10,22,0,6,66,10,82,0,15,69,20,104,32,20,52,156
06/15/2013,LMT,OR,ANM,WE,Federal Contract Tower,0,1,0,0,1,0,10,67,0,77,0,11,67,0,78,38,0,38,116
06/16/2013,LMT,OR,ANM,WE,Federal Contract Tower,0,1,3,1,5,0,0,51,0,51,0,1,54,1,56,18,0,18,74
06/17/2013,LMT,OR,ANM,WE,Federal Contract Tower,0,5,3,0,8,0,9,44,0,53,0,14,47,0,61,26,0,26,87
06/18/2013,LMT,OR,ANM,WE,Federal Contract Tower,0,5,3,21,29,0,10,45,7,62,0,15,48,28,91,34,50,84,175
06/19/2013,LMT,OR,ANM,WE,Federal Contract Tower,0,7,5,29,41,0,7,21,2,30,0,14,26,31,71,12,64,76,147
06/20/2013,LMT,OR,ANM,WE,Federal Contract Tower,0,10,5,27,42,0,5,53,14,72,0,15,58,41,114,44,62,106,220
06/21/2013,LMT,OR,ANM,WE,Federal Contract Tower,0,3,9,21,33,0,7,44,13,64,0,10,53,34,97,50,26,76,173
06/22/2013,LMT,OR,ANM,WE,Federal Contract Tower,0,2,3,0,5,0,3,52,0,55,0,5,55,0,60,40,0,40,100
06/23/2013,LMT,OR,ANM,WE,Federal Contract Tower,0,1,15,0,16,0,1,25,3,29,0,2,40,3,45,35,0,35,80
06/24/2013,LMT,OR,ANM,WE,Federal Contract Tower,0,10,9,32,51,0,2,16,7,25,0,12,25,39,76,0,48,48,124
06/25/2013,LMT,OR,ANM,WE,Federal Contract Tower,0,14,9,37,60,0,0,9,3,12,0,14,18,40,72,0,44,44,116
06/26/2013,LMT,OR,ANM,WE,Federal Contract Tower,0,8,7,24,39,0,7,16,22,45,0,15,23,46,84,24,46,70,154
06/27/2013,LMT,OR,ANM,WE,Federal Contract Tower,0,6,5,35,46,0,9,42,0,51,0,15,47,35,97,28,48,76,173
06/28/2013,LMT,OR,ANM,WE,Federal Contract Tower,0,5,4,10,19,0,8,58,0,66,0,13,62,10,85,22,28,50,135
06/29/2013,LMT,OR,ANM,WE,Federal Contract Tower,0,2,10,0,12,0,3,34,0,37,0,5,44,0,49,22,0,22,71
06/30/2013,LMT,OR,ANM,WE,Federal Contract Tower,0,3,3,0,6,0,4,65,0,69,0,7,68,0,75,56,0,56,131
07/01/2013,LMT,OR,ANM,WE,Federal Contract Tower,0,5,2,19,26,0,9,41,14,64,0,14,43,33,90,22,52,74,164
07/02/2013,LMT,OR,ANM,WE,Federal Contract Tower,0,3,7,23,33,0,12,52,12,76,0,15,59,35,109,16,72,88,197
07/03/2013,LMT,OR,ANM,WE,Federal Contract Tower,0,6,4,25,35,0,6,32,0,38,0,12,36,25,73,56,16,72,145
07/04/2013,LMT,OR,ANM,WE,Federal Contract Tower,0,0,2,0,2,0,0,91,0,91,0,0,93,0,93,50,0,50,143
07/05/2013,LMT,OR,ANM,WE,Federal Contract Tower,0,1,3,0,4,0,13,67,0,80,0,14,70,0,84,26,0,26,110
07/06/2013,LMT,OR,ANM,WE,Federal Contract Tower,0,0,0,0,0,0,7,55,0,62,0,7,55,0,62,29,0,29,91
07/07/2013,LMT,OR,ANM,WE,Federal Contract Tower,0,2,3,0,5,0,4,67,0,71,0,6,70,0,76,17,0,17,93
07/08/2013,LMT,OR,ANM,WE,Federal Contract Tower,0,9,4,32,45,0,5,27,28,60,0,14,31,60,105,32,101,133,238
07/09/2013,LMT,OR,ANM,WE,Federal Contract Tower,0,0,7,28,35,0,10,45,17,72,0,10,52,45,107,36,74,110,217
07/10/2013,LMT,OR,ANM,WE,Federal Contract Tower,0,0,4,23,27,0,12,38,10,60,0,12,42,33,87,44,28,72,159
07/11/2013,LMT,OR,ANM,WE,Federal Contract Tower,0,6,3,25,34,0,11,60,10,81,0,17,63,35,115,44,44,88,203
07/12/2013,LMT,OR,ANM,WE,Federal Contract Tower,0,3,3,28,34,0,10,72,14,96,0,13,75,42,130,28,89,117,247
07/13/2013,LMT,OR,ANM,WE,Federal Contract Tower,0,0,4,16,20,0,4,59,19,82,0,4,63,35,102,36,36,72,174
07/14/2013,LMT,OR,ANM,WE,Federal Contract Tower,0,1,1,11,13,0,2,61,11,74,0,3,62,22,87,38,24,62,149
07/15/2013,LMT,OR,ANM,WE,Federal Contract Tower,0,1,2,0,3,0,9,39,0,48,0,10,41,0,51,34,0,34,85
07/16/2013,LMT,OR,ANM,WE,Federal Contract Tower,0,5,3,26,34,0,14,50,25,89,0,19,53,51,123,33,43,76,199
07/17/2013,LMT,OR,ANM,WE,Federal Contract Tower,0,3,4,37,44,0,11,65,20,96,0,14,69,57,140,20,84,104,244
07/18/2013,LMT,OR,ANM,WE,Federal Contract Tower,0,3,1,22,26,0,9,50,20,79,0,12,51,42,105,6,62,68,173
07/19/2013,LMT,OR,ANM,WE,Federal Contract Tower,0,1,0,27,28,0,7,53,15,75,0,8,53,42,103,8,62,70,173
07/20/2013,LMT,OR,ANM,WE,Federal Contract Tower,0,2,5,6,13,0,2,76,0,78,0,4,81,6,91,36,0,36,127
07/21/2013,LMT,OR,ANM,WE,Federal Contract Tower,0,0,2,0,2,0,2,42,0,44,0,2,44,0,46,26,0,26,72
07/22/2013,LMT,OR,ANM,WE,Federal Contract Tower,0,3,6,19,28,0,9,17,17,43,0,12,23,36,71,6,46,52,123
07/23/2013,LMT,OR,ANM,WE,Federal Contract Tower,0,2,2,23,27,0,14,21,38,73,0,16,23,61,100,16,53,69,169
07/24/2013,LMT,OR,ANM,WE,Federal Contract Tower,0,3,5,23,31,0,10,69,18,97,0,13,74,41,128,16,72,88,216
07/25/2013,LMT,OR,ANM,WE,Federal Contract Tower,0,4,1,20,25,0,13,50,12,75,0,17,51,32,100,40,28,68,168
07/26/2013,LMT,OR,ANM,WE,Federal Contract Tower,0,3,1,0,4,0,5,61,0,66,0,8,62,0,70,25,0,25,95
07/27/2013,LMT,OR,ANM,WE,Federal Contract Tower,0,2,2,4,8,0,6,42,0,48,0,8,44,4,56,30,26,56,112
07/28/2013,LMT,OR,ANM,WE,Federal Contract Tower,0,0,8,0,8,0,0,81,0,81,0,0,89,0,89,20,0,20,109
07/29/2013,LMT,OR,ANM,WE,Federal Contract Tower,0,1,1,0,2,0,8,39,0,47,0,9,40,0,49,42,0,42,91
07/30/2013,LMT,OR,ANM,WE,Federal Contract Tower,0,9,3,34,46,0,4,13,7,24,0,13,16,41,70,14,42,56,126
07/31/2013,LMT,OR,ANM,WE,Federal Contract Tower,0,7,0,30,37,0,3,35,7,45,0,10,35,37,82,2,36,38,120
08/01/2013,LMT,OR,ANM,WE,Federal Contract Tower,0,5,3,27,35,0,3,37,25,65,0,8,40,52,100,0,88,88,188
08/02/2013,LMT,OR,ANM,WE,Federal Contract Tower,0,8,1,16,25,0,15,51,18,84,0,23,52,34,109,5,52,57,166
08/03/2013,LMT,OR,ANM,WE,Federal Contract Tower,0,2,2,4,8,0,1,48,0,49,0,3,50,4,57,52,8,60,117
08/04/2013,LMT,OR,ANM,WE,Federal Contract Tower,0,0,1,1,2,0,0,39,1,40,0,0,40,2,42,40,0,40,82
08/05/2013,LMT,OR,ANM,WE,Federal Contract Tower,0,3,1,18,22,0,5,16,18,39,0,8,17,36,61,0,50,50,111
08/06/2013,LMT,OR,ANM,WE,Federal Contract Tower,0,4,1,21,26,0,10,43,19,72,0,14,44,40,98,10,24,34,132
08/07/2013,LMT,OR,ANM,WE,Federal Contract Tower,0,12,3,28,43,0,4,56,10,70,0,16,59,38,113,0,68,68,181
08/08/2013,LMT,OR,ANM,WE,Federal Contract Tower,0,4,5,13,22,0,6,26,19,51,0,10,31,32,73,26,42,68,141
08/09/2013,LMT,OR,ANM,WE,Federal Contract Tower,0,3,2,6,11,0,6,56,8,70,0,9,58,14,81,38,10,48,129
08/10/2013,LMT,OR,ANM,WE,Federal Contract Tower,0,2,0,15,17,0,2,39,9,50,0,4,39,24,67,48,24,72,139
08/11/2013,LMT,OR,ANM,WE,Federal Contract Tower,0,0,40,21,61,0,0,4,0,4,0,0,44,21,65,62,19,81,146
08/12/2013,LMT,OR,ANM,WE,Federal Contract Tower,0,2,1,0,3,0,7,47,0,54,0,9,48,0,57,29,0,29,86
08/13/2013,LMT,OR,ANM,WE,Federal Contract Tower,0,2,7,18,27,0,15,36,13,64,0,17,43,31,91,28,38,66,157
08/14/2013,LMT,OR,ANM,WE,Federal Contract Tower,0,5,6,24,35,0,6,40,19,65,0,11,46,43,100,30,61,91,191
08/15/2013,LMT,OR,ANM,WE,Federal Contract Tower,0,1,0,20,21,0,10,41,26,77,0,11,41,46,98,44,64,108,206
08/16/2013,LMT,OR,ANM,WE,Federal Contract Tower,0,2,4,9,15,0,3,35,10,48,0,5,39,19,63,38,20,58,121
08/17/2013,LMT,OR,ANM,WE,Federal Contract Tower,0,2,1,1,4,0,2,47,0,49,0,4,48,1,53,14,0,14,67
08/18/2013,LMT,OR,ANM,WE,Federal Contract Tower,0,1,2,10,13,0,4,60,2,66,0,5,62,12,79,19,2,21,100
08/19/2013,LMT,OR,ANM,WE,Federal Contract Tower,0,2,1,27,30,0,10,50,10,70,0,12,51,37,100,17,70,87,187
08/20/2013,LMT,OR,ANM,WE,Federal Contract Tower,0,5,2,32,39,0,9,37,6,52,0,14,39,38,91,8,30,38,129
08/21/2013,LMT,OR,ANM,WE,Federal Contract Tower,0,3,5,21,29,0,7,43,24,74,0,10,48,45,103,14,40,54,157
08/22/2013,LMT,OR,ANM,WE,Federal Contract Tower,0,6,4,11,21,0,1,49,10,60,0,7,53,21,81,10,43,53,134
08/23/2013,LMT,OR,ANM,WE,Federal Contract Tower,0,2,1,9,12,0,5,83,7,95,0,7,84,16,107,14,12,26,133
08/24/2013,LMT,OR,ANM,WE,Federal Contract Tower,0,1,2,0,3,0,4,46,0,50,0,5,48,0,53,18,0,18,71
08/25/2013,LMT,OR,ANM,WE,Federal Contract Tower,0,0,3,0,3,0,2,33,0,35,0,2,36,0,38,0,0,0,38
08/26/2013,LMT,OR,ANM,WE,Federal Contract Tower,0,2,4,24,30,0,9,39,13,61,0,11,43,37,91,44,48,92,183
08/27/2013,LMT,OR,ANM,WE,Federal Contract Tower,0,3,4,19,26,0,7,41,19,67,0,10,45,38,93,18,86,104,197
08/28/2013,LMT,OR,ANM,WE,Federal Contract Tower,0,7,2,22,31,0,4,43,17,64,0,11,45,39,95,12,18,30,125
08/29/2013,LMT,OR,ANM,WE,Federal Contract Tower,0,4,6,18,28,0,5,44,0,49,0,9,50,18,77,18,38,56,133
08/30/2013,LMT,OR,ANM,WE,Federal Contract Tower,0,5,11,8,24,0,4,34,2,40,0,9,45,10,64,16,0,16,80
08/31/2013,LMT,OR,ANM,WE,Federal Contract Tower,0,2,3,0,5,0,3,42,0,45,0,5,45,0,50,6,0,6,56
09/01/2013,LMT,OR,ANM,WE,Federal Contract Tower,0,0,0,0,0,0,3,21,0,24,0,3,21,0,24,16,0,16,40
09/02/2013,LMT,OR,ANM,WE,Federal Contract Tower,0,5,7,0,12,0,0,46,0,46,0,5,53,0,58,15,0,15,73
09/03/2013,LMT,OR,ANM,WE,Federal Contract Tower,0,12,29,20,61,0,2,4,0,6,0,14,33,20,67,36,25,61,128
09/04/2013,LMT,OR,ANM,WE,Federal Contract Tower,0,4,0,26,30,0,10,38,21,69,0,14,38,47,99,14,57,71,170
09/05/2013,LMT,OR,ANM,WE,Federal Contract Tower,0,2,6,26,34,0,9,62,15,86,0,11,68,41,120,14,50,64,184
09/06/2013,LMT,OR,ANM,WE,Federal Contract Tower,0,5,4,18,27,0,6,66,0,72,0,11,70,18,99,41,43,84,183
09/07/2013,LMT,OR,ANM,WE,Federal Contract Tower,0,3,5,23,31,0,1,62,10,73,0,4,67,33,104,28,76,104,208
09/08/2013,LMT,OR,ANM,WE,Federal Contract Tower,0,0,1,18,19,0,0,28,9,37,0,0,29,27,56,36,36,72,128
09/09/2013,LMT,OR,ANM,WE,Federal Contract Tower,0,2,1,2,5,0,8,45,0,53,0,10,46,2,58,44,0,44,102
09/10/2013,LMT,OR,ANM,WE,Federal Contract Tower,0,5,1,24,30,0,7,23,14,44,0,12,24,38,74,32,30,62,136
09/11/2013,LMT,OR,ANM,WE,Federal Contract Tower,0,3,2,20,25,0,10,44,20,74,0,13,46,40,99,30,25,55,154
09/12/2013,LMT,OR,ANM,WE,Federal Contract Tower,0,1,6,25,32,0,10,52,24,86,0,11,58,49,118,16,42,58,176
09/13/2013,LMT,OR,ANM,WE,Federal Contract Tower,0,2,2,18,22,0,9,51,22,82,0,11,53,40,104,14,32,46,150
09/14/2013,LMT,OR,ANM,WE,Federal Contract Tower,0,3,8,0,11,0,2,54,0,56,0,5,62,0,67,23,0,23,90
09/15/2013,LMT,OR,ANM,WE,Federal Contract Tower,0,0,1,0,1,0,0,29,2,31,0,0,30,2,32,18,0,18,50
09/16/2013,LMT,OR,ANM,WE,Federal Contract Tower,0,1,3,18,22,0,8,31,15,54,0,9,34,33,76,14,42,56,132
09/17/2013,LMT,OR,ANM,WE,Federal Contract Tower,0,4,6,35,45,0,8,6,8,22,0,12,12,43,67,0,36,36,103
09/18/2013,LMT,OR,ANM,WE,Federal Contract Tower,0,6,5,28,39,0,7,47,23,77,0,13,52,51,116,4,64,68,184
09/19/2013,LMT,OR,ANM,WE,Federal Contract Tower,0,8,5,23,36,0,5,61,12,78,0,13,66,35,114,8,51,59,173
09/20/2013,LMT,OR,ANM,WE,Federal Contract Tower,0,6,3,9,18,0,2,16,11,29,0,8,19,20,47,2,26,28,75
09/21/2013,LMT,OR,ANM,WE,Federal Contract Tower,0,3,1,2,6,0,0,3,0,3,0,3,4,2,9,22,0,22,31
09/22/2013,LMT,OR,ANM,WE,Federal Contract Tower,0,0,8,0,8,0,0,11,0,11,0,0,19,0,19,22,0,22,41
09/23/2013,LMT,OR,ANM,WE,Federal Contract Tower,0,4,3,16,23,0,7,28,0,35,0,11,31,16,58,50,12,62,120
09/24/2013,LMT,OR,ANM,WE,Federal Contract Tower,0,7,2,31,40,0,2,16,19,37,0,9,18,50,77,0,60,60,137
09/25/2013,LMT,OR,ANM,WE,Federal Contract Tower,0,7,3,47,57,0,6,6,16,28,0,13,9,63,85,8,22,30,115
09/26/2013,LMT,OR,ANM,WE,Federal Contract Tower,0,6,4,38,48,0,5,24,41,70,0,11,28,79,118,0,86,86,204
09/27/2013,LMT,OR,ANM,WE,Federal Contract Tower,0,6,6,16,28,0,6,52,10,68,0,12,58,26,96,4,33,37,133
09/28/2013,LMT,OR,ANM,WE,Federal Contract Tower,0,4,2,4,10,0,3,8,2,13,0,7,10,6,23,0,0,0,23
09/29/2013,LMT,OR,ANM,WE,Federal Contract Tower,0,1,1,0,2,0,0,0,0,0,0,1,1,0,2,0,0,0,2
09/30/2013,LMT,OR,ANM,WE,Federal Contract Tower,0,3,5,4,12,0,10,6,0,16,0,13,11,4,28,30,46,76,104
10/01/2013,LMT,OR,ANM,WE,Federal Contract Tower,0,3,3,26,32,0,4,13,21,38,0,7,16,47,70,26,62,88,158
10/02/2013,LMT,OR,ANM,WE,Federal Contract Tower,0,10,9,22,41,0,3,14,12,29,0,13,23,34,70,36,42,78,148
10/03/2013,LMT,OR,ANM,WE,Federal Contract Tower,0,11,3,21,35,0,3,39,18,60,0,14,42,39,95,8,58,66,161
10/04/2013,LMT,OR,ANM,WE,Federal Contract Tower,0,5,19,24,48,0,3,6,0,9,0,8,25,24,57,42,8,50,107
10/05/2013,LMT,OR,ANM,WE,Federal Contract Tower,0,2,0,2,4,0,2,20,5,27,0,4,20,7,31,0,10,10,41
10/06/2013,LMT,OR,ANM,WE,Federal Contract Tower,0,1,7,0,8,0,0,31,0,31,0,1,38,0,39,40,0,40,79
10/07/2013,LMT,OR,ANM,WE,Federal Contract Tower,0,3,5,1,9,0,6,16,1,23,0,9,21,2,32,7,14,21,53
10/08/2013,LMT,OR,ANM,WE,Federal Contract Tower,0,7,5,24,36,0,7,21,8,36,0,14,26,32,72,22,58,80,152
10/09/2013,LMT,OR,ANM,WE,Federal Contract Tower,0,6,6,23,35,0,6,18,17,41,0,12,24,40,76,6,48,54,130
10/10/2013,LMT,OR,ANM,WE,Federal Contract Tower,0,4,3,17,24,0,10,35,12,57,0,14,38,29,81,40,72,112,193
10/11/2013,LMT,OR,ANM,WE,Federal Contract Tower,0,4,5,10,19,0,8,10,10,28,0,12,15,20,47,28,12,40,87
10/12/2013,LMT,OR,ANM,WE,Federal Contract Tower,0,9,0,0,9,0,0,17,0,17,0,9,17,0,26,32,0,32,58
10/13/2013,LMT,OR,ANM,WE,Federal Contract Tower,0,0,7,0,7,0,1,32,0,33,0,1,39,0,40,47,12,59,99
10/14/2013,LMT,OR,ANM,WE,Federal Contract Tower,0,6,5,0,11,0,7,41,0,48,0,13,46,0,59,36,0,36,95
10/15/2013,LMT,OR,ANM,WE,Federal Contract Tower,0,5,2,20,27,0,11,20,17,48,0,16,22,37,75,26,44,70,145
10/16/2013,LMT,OR,ANM,WE,Federal Contract Tower,0,5,6,18,29,0,6,22,18,46,0,11,28,36,75,32,26,58,133
10/17/2013,LMT,OR,ANM,WE,Federal Contract Tower,0,3,4,23,30,0,8,26,22,56,0,11,30,45,86,34,38,72,158
10/18/2013,LMT,OR,ANM,WE,Federal Contract Tower,0,3,4,12,19,0,4,56,11,71,0,7,60,23,90,44,16,60,150
10/19/2013,LMT,OR,ANM,WE,Federal Contract Tower,0,3,2,0,5,0,2,32,0,34,0,5,34,0,39,37,0,37,76
10/20/2013,LMT,OR,ANM,WE,Federal Contract Tower,0,3,10,0,13,0,2,27,0,29,0,5,37,0,42,22,0,22,64
10/21/2013,LMT,OR,ANM,WE,Federal Contract Tower,0,2,8,26,36,0,7,27,10,44,0,9,35,36,80,32,44,76,156
10/22/2013,LMT,OR,ANM,WE,Federal Contract Tower,2,0,2,26,30,9,0,26,10,45,11,0,28,36,75,0,48,48,123
10/23/2013,LMT,OR,ANM,WE,Federal Contract Tower,0,5,2,26,33,0,7,22,12,41,0,12,24,38,74,16,30,46,120
10/24/2013,LMT,OR,ANM,WE,Federal Contract Tower,0,3,1,28,32,0,10,33,8,51,0,13,34,36,83,23,32,55,138
10/25/2013,LMT,OR,ANM,WE,Federal Contract Tower,0,2,0,15,17,0,5,18,6,29,0,7,18,21,46,20,48,68,114
10/26/2013,LMT,OR,ANM,WE,Federal Contract Tower,0,3,6,0,9,0,3,47,0,50,0,6,53,0,59,22,0,22,81
10/27/2013,LMT,OR,ANM,WE,Federal Contract Tower,0,0,9,2,11,0,0,43,0,43,0,0,52,2,54,11,0,11,65
10/28/2013,LMT,OR,ANM,WE,Federal Contract Tower,0,10,4,0,14,0,0,0,0,0,0,10,4,0,14,0,0,0,14
10/29/2013,LMT,OR,ANM,WE,Federal Contract Tower,0,3,1,30,34,0,8,15,14,37,0,11,16,44,71,16,70,86,157
10/30/2013,LMT,OR,ANM,WE,Federal Contract Tower,0,4,3,35,42,0,7,24,15,46,0,11,27,50,88,19,48,67,155
10/31/2013,LMT,OR,ANM,WE,Federal Contract Tower,0,8,3,34,45,0,5,12,19,36,0,13,15,53,81,14,91,105,186
11/01/2013,LMT,OR,ANM,WE,Federal Contract Tower,0,7,2,10,19,0,4,27,10,41,0,11,29,20,60,36,22,58,118
11/02/2013,LMT,OR,ANM,WE,Federal Contract Tower,0,3,1,32,36,0,1,4,6,11,0,4,5,38,47,0,13,13,60
11/03/2013,LMT,OR,ANM,WE,Federal Contract Tower,0,1,3,14,18,0,0,7,6,13,0,1,10,20,31,14,6,20,51
11/04/2013,LMT,OR,ANM,WE,Federal Contract Tower,0,10,6,0,16,0,3,21,0,24,0,13,27,0,40,42,0,42,82
11/05/2013,LMT,OR,ANM,WE,Federal Contract Tower,0,12,10,49,71,0,0,7,3,10,0,12,17,52,81,10,28,38,119
11/06/2013,LMT,OR,ANM,WE,Federal Contract Tower,0,6,2,30,38,0,5,17,6,28,0,11,19,36,66,34,40,74,140
11/07/2013,LMT,OR,ANM,WE,Federal Contract Tower,0,12,6,28,46,0,2,24,12,38,0,14,30,40,84,9,75,84,168
11/08/2013,LMT,OR,ANM,WE,Federal Contract Tower,0,6,24,28,58,0,2,10,0,12,0,8,34,28,70,58,38,96,166
11/09/2013,LMT,OR,ANM,WE,Federal Contract Tower,0,2,1,0,3,0,2,56,0,58,0,4,57,0,61,48,0,48,109
11/10/2013,LMT,OR,ANM,WE,Federal Contract Tower,0,2,2,0,4,0,0,46,0,46,0,2,48,0,50,53,0,53,103
11/11/2013,LMT,OR,ANM,WE,Federal Contract Tower,0,3,5,4,12,0,5,37,10,52,0,8,42,14,64,56,0,56,120
11/12/2013,LMT,OR,ANM,WE,Federal Contract Tower,0,7,3,24,34,0,6,25,15,46,0,13,28,39,80,28,57,85,165
11/13/2013,LMT,OR,ANM,WE,Federal Contract Tower,0,4,5,43,52,0,6,33,14,53,0,10,38,57,105,10,78,88,193
11/14/2013,LMT,OR,ANM,WE,Federal Contract Tower,0,10,8,29,47,0,6,5,8,19,0,16,13,37,66,14,34,48,114
11/15/2013,LMT,OR,ANM,WE,Federal Contract Tower,0,6,0,31,37,0,5,17,8,30,0,11,17,39,67,0,76,76,143
11/16/2013,LMT,OR,ANM,WE,Federal Contract Tower,0,2,2,0,4,0,1,0,0,1,0,3,2,0,5,18,0,18,23
11/17/2013,LMT,OR,ANM,WE,Federal Contract Tower,0,0,0,0,0,0,0,22,0,22,0,0,22,0,22,34,0,34,56
11/18/2013,LMT,OR,ANM,WE,Federal Contract Tower,0,8,2,28,38,0,4,12,10,26,0,12,14,38,64,16,13,29,93
11/19/2013,LMT,OR,ANM,WE,Federal Contract Tower,0,8,1,27,36,0,3,0,8,11,0,11,1,35,47,0,41,41,88
11/20/2013,LMT,OR,ANM,WE,Federal Contract Tower,0,9,4,37,50,0,3,4,3,10,0,12,8,40,60,0,35,35,95
11/21/2013,LMT,OR,ANM,WE,Federal Contract Tower,0,6,1,28,35,0,6,28,10,44,0,12,29,38,79,0,53,53,132
11/22/2013,LMT,OR,ANM,WE,Federal Contract Tower,0,7,2,19,28,0,5,31,8,44,0,12,33,27,72,24,58,82,154
11/23/2013,LMT,OR,ANM,WE,Federal Contract Tower,0,1,6,0,7,0,3,38,0,41,0,4,44,0,48,44,0,44,92
11/24/2013,LMT,OR,ANM,WE,Federal Contract Tower,0,0,3,2,5,0,1,51,0,52,0,1,54,2,57,79,2,81,138
11/25/2013,LMT,OR,ANM,WE,Federal Contract Tower,0,7,1,47,55,0,4,23,23,50,0,11,24,70,105,31,98,129,234
11/26/2013,LMT,OR,ANM,WE,Federal Contract Tower,0,6,2,28,36,0,6,43,24,73,0,12,45,52,109,12,54,66,175
11/27/2013,LMT,OR,ANM,WE,Federal Contract Tower,0,7,6,14,27,0,2,21,4,27,0,9,27,18,54,36,38,74,128
11/28/2013,LMT,OR,ANM,WE,Federal Contract Tower,0,3,1,0,4,0,0,20,0,20,0,3,21,0,24,6,0,6,30
11/29/2013,LMT,OR,ANM,WE,Federal Contract Tower,0,7,2,0,9,0,2,21,0,23,0,9,23,0,32,10,0,10,42
11/30/2013,LMT,OR,ANM,WE,Federal Contract Tower,0,3,3,0,6,0,1,21,0,22,0,4,24,0,28,24,0,24,52
12/01/2013,LMT,OR,ANM,WE,Federal Contract Tower,0,0,2,0,2,0,0,16,0,16,0,0,18,0,18,12,0,12,30
12/02/2013,LMT,OR,ANM,WE,Federal Contract Tower,0,16,5,0,21,0,0,0,0,0,0,16,5,0,21,0,0,0,21
12/03/2013,LMT,OR,ANM,WE,Federal Contract Tower,0,12,6,32,50,0,4,32,7,43,0,16,38,39,93,6,78,84,177
12/04/2013,LMT,OR,ANM,WE,Federal Contract Tower,0,7,3,20,30,0,3,15,8,26,0,10,18,28,56,20,14,34,90
12/05/2013,LMT,OR,ANM,WE,Federal Contract Tower,0,6,2,24,32,0,5,18,43,66,0,11,20,67,98,12,68,80,178
12/06/2013,LMT,OR,ANM,WE,Federal Contract Tower,0,7,0,16,23,0,0,0,0,0,0,7,0,16,23,0,0,0,23
12/07/2013,LMT,OR,ANM,WE,Federal Contract Tower,0,4,4,0,8,0,2,0,0,2,0,6,4,0,10,0,0,0,10
12/08/2013,LMT,OR,ANM,WE,Federal Contract Tower,0,1,1,0,2,0,0,13,0,13,0,1,14,0,15,3,0,3,18
12/09/2013,LMT,OR,ANM,WE,Federal Contract Tower,0,8,6,4,18,0,5,7,0,12,0,13,13,4,30,4,0,4,34
12/10/2013,LMT,OR,ANM,WE,Federal Contract Tower,0,7,3,18,28,0,5,19,6,30,0,12,22,24,58,0,32,32,90
12/11/2013,LMT,OR,ANM,WE,Federal Contract Tower,0,7,5,37,49,0,2,19,20,41,0,9,24,57,90,0,56,56,146
12/12/2013,LMT,OR,ANM,WE,Federal Contract Tower,0,18,6,28,52,0,0,19,15,34,0,18,25,43,86,7,52,59,145
12/13/2013,LMT,OR,ANM,WE,Federal Contract Tower,0,7,3,20,30,0,1,9,0,10,0,8,12,20,40,1,0,1,41
12/14/2013,LMT,OR,ANM,WE,Federal Contract Tower,0,6,2,14,22,0,3,15,8,26,0,9,17,22,48,3,6,9,57
12/15/2013,LMT,OR,ANM,WE,Federal Contract Tower,0,1,5,0,6,0,0,0,0,0,0,1,5,0,6,0,0,0,6
12/16/2013,LMT,OR,ANM,WE,Federal Contract Tower,0,8,2,4,14,0,1,19,0,20,0,9,21,4,34,0,0,0,34
12/17/2013,LMT,OR,ANM,WE,Federal Contract Tower,0,7,2,25,34,0,4,17,27,48,0,11,19,52,82,12,84,96,178
12/18/2013,LMT,OR,ANM,WE,Federal Contract Tower,0,8,4,28,40,0,3,15,27,45,0,11,19,55,85,0,32,32,117
12/19/2013,LMT,OR,ANM,WE,Federal Contract Tower,0,7,4,18,29,0,3,19,22,44,0,10,23,40,73,0,24,24,97
12/20/2013,LMT,OR,ANM,WE,Federal Contract Tower,0,10,0,9,19,0,0,9,11,20,0,10,9,20,39,6,12,18,57
12/21/2013,LMT,OR,ANM,WE,Federal Contract Tower,0,2,2,0,4,0,3,22,0,25,0,5,24,0,29,12,0,12,41
12/22/2013,LMT,OR,ANM,WE,Federal Contract Tower,0,1,3,0,4,0,1,18,0,19,0,2,21,0,23,12,0,12,35
12/23/2013,LMT,OR,ANM,WE,Federal Contract Tower,0,8,5,18,31,0,0,10,13,23,0,8,15,31,54,0,68,68,122
12/24/2013,LMT,OR,ANM,WE,Federal Contract Tower,0,15,1,0,16,0,0,0,0,0,0,15,1,0,16,0,0,0,16
12/25/2013,LMT,OR,ANM,WE,Federal Contract Tower,0,2,1,0,3,0,0,7,0,7,0,2,8,0,10,4,0,4,14
12/26/2013,LMT,OR,ANM,WE,Federal Contract Tower,0,7,6,19,32,0,3,4,48,55,0,10,10,67,87,0,42,42,129
12/27/2013,LMT,OR,ANM,WE,Federal Contract Tower,0,10,6,13,29,0,5,35,11,51,0,15,41,24,80,0,54,54,134
12/28/2013,LMT,OR,ANM,WE,Federal Contract Tower,0,3,4,0,7,0,1,26,0,27,0,4,30,0,34,38,0,38,72
12/29/2013,LMT,OR,ANM,WE,Federal Contract Tower,0,0,1,0,1,0,0,16,0,16,0,0,17,0,17,10,0,10,27
12/30/2013,LMT,OR,ANM,WE,Federal Contract Tower,0,8,2,40,50,0,3,9,17,29,0,11,11,57,79,2,64,66,145
12/31/2013,LMT,OR,ANM,WE,Federal Contract Tower,0,15,3,26,44,0,9,23,11,43,0,24,26,37,87,22,48,70,157
01/01/2014,LMT,OR,ANM,WE,Federal Contract Tower,0,1,1,0,2,0,2,26,0,28,0,3,27,0,30,0,0,0,30
01/02/2014,LMT,OR,ANM,WE,Federal Contract Tower,0,7,3,14,24,0,1,19,16,36,0,8,22,30,60,22,30,52,112
01/03/2014,LMT,OR,ANM,WE,Federal Contract Tower,0,5,5,40,50,0,2,24,2,28,0,7,29,42,78,10,70,80,158
01/04/2014,LMT,OR,ANM,WE,Federal Contract Tower,0,4,1,24,29,0,2,40,24,66,0,6,41,48,95,0,76,76,171
01/05/2014,LMT,OR,ANM,WE,Federal Contract Tower,0,2,16,17,35,0,0,4,0,4,0,2,20,17,39,24,46,70,109
01/06/2014,LMT,OR,ANM,WE,Federal Contract Tower,0,3,6,10,19,0,6,24,0,30,0,9,30,10,49,12,0,12,61
01/07/2014,LMT,OR,ANM,WE,Federal Contract Tower,0,12,3,30,45,0,2,6,15,23,0,14,9,45,68,0,60,60,128
01/08/2014,LMT,OR,ANM,WE,Federal Contract Tower,0,10,0,37,47,0,1,10,17,28,0,11,10,54,75,16,90,106,181
01/09/2014,LMT,OR,ANM,WE,Federal Contract Tower,0,12,14,32,58,0,2,3,28,33,0,14,17,60,91,0,36,36,127
01/10/2014,LMT,OR,ANM,WE,Federal Contract Tower,0,7,1,33,41,0,1,9,3,13,0,8,10,36,54,18,66,84,138
01/11/2014,LMT,OR,ANM,WE,Federal Contract Tower,0,3,1,0,4,0,0,0,0,0,0,3,1,0,4,6,0,6,10
01/12/2014,LMT,OR,ANM,WE,Federal Contract Tower,0,1,3,0,4,0,0,24,0,24,0,1,27,0,28,24,0,24,52
01/13/2014,LMT,OR,ANM,WE,Federal Contract Tower,0,10,1,0,11,0,0,0,0,0,0,10,1,0,11,0,0,0,11
01/14/2014,LMT,OR,ANM,WE,Federal Contract Tower,0,10,11,1,22,0,0,0,0,0,0,10,11,1,22,0,0,0,22
01/15/2014,LMT,OR,ANM,WE,Federal Contract Tower,0,13,9,0,22,0,0,0,0,0,0,13,9,0,22,0,0,0,22
01/16/2014,LMT,OR,ANM,WE,Federal Contract Tower,0,7,5,28,40,0,4,4,32,40,0,11,9,60,80,0,30,30,110
01/17/2014,LMT,OR,ANM,WE,Federal Contract Tower,0,8,3,28,39,0,4,20,27,51,0,12,23,55,90,22,56,78,168
01/18/2014,LMT,OR,ANM,WE,Federal Contract Tower,0,1,1,0,2,0,2,24,0,26,0,3,25,0,28,66,0,66,94
01/19/2014,LMT,OR,ANM,WE,Federal Contract Tower,0,0,3,0,3,0,0,15,0,15,0,0,18,0,18,28,0,28,46
01/20/2014,LMT,OR,ANM,WE,Federal Contract Tower,0,4,6,0,10,0,3,41,0,44,0,7,47,0,54,34,0,34,88
01/21/2014,LMT,OR,ANM,WE,Federal Contract Tower,0,14,20,44,78,0,2,9,0,11,0,16,29,44,89,46,44,90,179
01/22/2014,LMT,OR,ANM,WE,Federal Contract Tower,0,8,2,30,40,0,3,11,19,33,0,11,13,49,73,10,40,50,123
01/23/2014,LMT,OR,ANM,WE,Federal Contract Tower,0,4,1,25,30,0,5,8,14,27,0,9,9,39,57,78,22,100,157
01/24/2014,LMT,OR,ANM,WE,Federal Contract Tower,0,7,1,36,44,0,7,14,10,31,0,14,15,46,75,2,36,38,113
01/25/2014,LMT,OR,ANM,WE,Federal Contract Tower,0,1,1,0,2,0,7,24,0,31,0,8,25,0,33,10,0,10,43
01/26/2014,LMT,OR,ANM,WE,Federal Contract Tower,0,0,0,0,0,0,1,30,0,31,0,1,30,0,31,58,0,58,89
01/27/2014,LMT,OR,ANM,WE,Federal Contract Tower,0,11,9,35,55,0,6,49,25,80,0,17,58,60,135,62,12,74,209
01/28/2014,LMT,OR,ANM,WE,Federal Contract Tower,0,8,13,22,43,0,0,9,10,19,0,8,22,32,62,32,18,50,112
01/29/2014,LMT,OR,ANM,WE,Federal Contract Tower,0,8,17,31,56,0,3,0,8,11,0,11,17,39,67,1,4,5,72
01/30/2014,LMT,OR,ANM,WE,Federal Contract Tower,0,5,4,23,32,0,6,10,24,40,0,11,14,47,72,19,44,63,135
01/31/2014,LMT,OR,ANM,WE,Federal Contract Tower,0,10,2,14,26,0,2,21,11,34,0,12,23,25,60,29,16,45,105
02/01/2014,LMT,OR,ANM,WE,Federal Contract Tower,0,2,0,0,2,0,1,35,0,36,0,3,35,0,38,40,0,40,78
02/02/2014,LMT,OR,ANM,WE,Federal Contract Tower,0,2,0,0,2,0,0,15,0,15,0,2,15,0,17,46,0,46,63
02/03/2014,LMT,OR,ANM,WE,Federal Contract Tower,0,4,5,0,9,0,5,7,0,12,0,9,12,0,21,14,0,14,35
02/04/2014,LMT,OR,ANM,WE,Federal Contract Tower,0,7,3,37,47,0,4,17,14,35,0,11,20,51,82,19,77,96,178
02/05/2014,LMT,OR,ANM,WE,Federal Contract Tower,0,10,3,40,53,0,4,16,15,35,0,14,19,55,88,10,52,62,150
02/06/2014,LMT,OR,ANM,WE,Federal Contract Tower,0,10,8,39,57,0,0,0,0,0,0,10,8,39,57,0,27,27,84
02/07/2014,LMT,OR,ANM,WE,Federal Contract Tower,0,11,14,24,49,0,1,0,1,2,0,12,14,25,51,0,10,10,61
02/08/2014,LMT,OR,ANM,WE,Federal Contract Tower,0,3,4,44,51,0,0,0,0,0,0,3,4,44,51,0,26,26,77
02/09/2014,LMT,OR,ANM,WE,Federal Contract Tower,0,0,3,18,21,0,1,14,8,23,0,1,17,26,44,10,30,40,84
02/10/2014,LMT,OR,ANM,WE,Federal Contract Tower,0,7,2,7,16,0,3,7,0,10,0,10,9,7,26,36,22,58,84
02/11/2014,LMT,OR,ANM,WE,Federal Contract Tower,0,7,3,32,42,0,4,15,12,31,0,11,18,44,73,14,30,44,117
02/12/2014,LMT,OR,ANM,WE,Federal Contract Tower,0,10,2,46,58,0,0,0,0,0,0,10,2,46,58,3,2,5,63
02/13/2014,LMT,OR,ANM,WE,Federal Contract Tower,0,13,10,29,52,0,1,6,18,25,0,14,16,47,77,22,34,56,133
02/14/2014,LMT,OR,ANM,WE,Federal Contract Tower,0,9,8,27,44,0,0,1,0,1,0,9,9,27,45,30,4,34,79
02/15/2014,LMT,OR,ANM,WE,Federal Contract Tower,0,3,5,0,8,0,0,11,0,11,0,3,16,0,19,5,0,5,24
02/16/2014,LMT,OR,ANM,WE,Federal Contract Tower,0,1,2,0,3,0,0,9,0,9,0,1,11,0,12,77,0,77,89
02/17/2014,LMT,OR,ANM,WE,Federal Contract Tower,0,8,9,0,17,0,3,24,0,27,0,11,33,0,44,38,0,38,82
02/18/2014,LMT,OR,ANM,WE,Federal Contract Tower,0,7,2,34,43,0,3,4,13,20,0,10,6,47,63,0,14,14,77
02/19/2014,LMT,OR,ANM,WE,Federal Contract Tower,0,7,7,27,41,0,3,3,12,18,0,10,10,39,59,58,36,94,153
02/20/2014,LMT,OR,ANM,WE,Federal Contract Tower,0,7,2,28,37,0,3,10,21,34,0,10,12,49,71,40,44,84,155
02/21/2014,LMT,OR,ANM,WE,Federal Contract Tower,0,5,4,19,28,0,1,36,6,43,0,6,40,25,71,35,24,59,130
02/22/2014,LMT,OR,ANM,WE,Federal Contract Tower,0,4,2,7,13,0,1,47,0,48,0,5,49,7,61,50,44,94,155
02/23/2014,LMT,OR,ANM,WE,Federal Contract Tower,0,0,2,4,6,0,0,49,0,49,0,0,51,4,55,59,0,59,114
02/24/2014,LMT,OR,ANM,WE,Federal Contract Tower,0,6,12,33,51,0,6,1,15,22,0,12,13,48,73,12,24,36,109
02/25/2014,LMT,OR,ANM,WE,Federal Contract Tower,0,5,1,18,24,0,5,21,6,32,0,10,22,24,56,54,42,96,152
02/26/2014,LMT,OR,ANM,WE,Federal Contract Tower,0,9,2,20,31,0,3,10,0,13,0,12,12,20,44,13,32,45,89
02/27/2014,LMT,OR,ANM,WE,Federal Contract Tower,0,11,0,15,26,0,6,5,2,13,0,17,5,17,39,0,4,4,43
02/28/2014,LMT,OR,ANM,WE,Federal Contract Tower,0,11,7,14,32,0,3,7,8,18,0,14,14,22,50,12,16,28,78
03/01/2014,LMT,OR,ANM,WE,Federal Contract Tower,0,7,1,21,29,0,0,19,14,33,0,7,20,35,62,10,32,42,104
03/02/2014,LMT,OR,ANM,WE,Federal Contract Tower,0,1,5,12,18,0,0,0,0,0,0,1,5,12,18,8,10,18,36
03/03/2014,LMT,OR,ANM,WE,Federal Contract Tower,0,9,2,6,17,0,1,9,0,10,0,10,11,6,27,8,0,8,35
03/04/2014,LMT,OR,ANM,WE,Federal Contract Tower,0,8,2,15,25,0,12,23,16,51,0,20,25,31,76,17,38,55,131
03/05/2014,LMT,OR,ANM,WE,Federal Contract Tower,0,10,4,31,45,0,0,27,5,32,0,10,31,36,77,0,8,8,85
03/06/2014,LMT,OR,ANM,WE,Federal Contract Tower,0,8,4,14,26,0,1,0,14,15,0,9,4,28,41,0,26,26,67
03/07/2014,LMT,OR,ANM,WE,Federal Contract Tower,0,11,3,14,28,0,3,46,16,65,0,14,49,30,93,58,22,80,173
03/08/2014,LMT,OR,ANM,WE,Federal Contract Tower,0,5,2,1,8,0,5,18,9,32,0,10,20,10,40,14,0,14,54
03/09/2014,LMT,OR,ANM,WE,Federal Contract Tower,0,0,5,2,7,0,0,0,0,0,0,0,5,2,7,0,0,0,7
03/10/2014,LMT,OR,ANM,WE,Federal Contract Tower,0,8,6,24,38,0,2,0,5,7,0,10,6,29,45,14,46,60,105
03/11/2014,LMT,OR,ANM,WE,Federal Contract Tower,0,4,6,32,42,0,7,39,19,65,0,11,45,51,107,35,82,117,224
03/12/2014,LMT,OR,ANM,WE,Federal Contract Tower,0,3,4,30,37,0,6,33,10,49,0,9,37,40,86,6,44,50,136
03/13/2014,LMT,OR,ANM,WE,Federal Contract Tower,0,5,2,28,35,0,7,53,20,80,0,12,55,48,115,12,38,50,165
03/14/2014,LMT,OR,ANM,WE,Federal Contract Tower,0,5,3,19,27,0,10,23,9,42,0,15,26,28,69,12,102,114,183
03/15/2014,LMT,OR,ANM,WE,Federal Contract Tower,0,1,4,0,5,0,3,45,0,48,0,4,49,0,53,64,0,64,117
03/16/2014,LMT,OR,ANM,WE,Federal Contract Tower,0,0,2,0,2,0,0,46,0,46,0,0,48,0,48,60,0,60,108
03/17/2014,LMT,OR,ANM,WE,Federal Contract Tower,0,9,4,0,13,0,3,16,0,19,0,12,20,0,32,20,0,20,52
03/18/2014,LMT,OR,ANM,WE,Federal Contract Tower,0,8,2,28,38,0,4,26,9,39,0,12,28,37,77,10,52,62,139
03/19/2014,LMT,OR,ANM,WE,Federal Contract Tower,0,6,8,40,54,0,7,42,12,61,0,13,50,52,115,32,82,114,229
03/20/2014,LMT,OR,ANM,WE,Federal Contract Tower,0,7,4,25,36,0,15,12,21,48,0,22,16,46,84,0,86,86,170
03/21/2014,LMT,OR,ANM,WE,Federal Contract Tower,0,5,2,22,29,0,5,26,4,35,0,10,28,26,64,31,4,35,99
03/22/2014,LMT,OR,ANM,WE,Federal Contract Tower,0,2,2,0,4,0,3,33,0,36,0,5,35,0,40,24,0,24,64
03/23/2014,LMT,OR,ANM,WE,Federal Contract Tower,0,0,1,0,1,0,1,48,0,49,0,1,49,0,50,22,0,22,72
03/24/2014,LMT,OR,ANM,WE,Federal Contract Tower,0,5,6,21,32,0,4,51,34,89,0,9,57,55,121,28,67,95,216
03/25/2014,LMT,OR,ANM,WE,Federal Contract Tower,0,14,4,3,21,0,5,6,2,13,0,19,10,5,34,0,12,12,46
03/26/2014,LMT,OR,ANM,WE,Federal Contract Tower,0,11,2,0,13,0,4,7,0,11,0,15,9,0,24,16,0,16,40
03/27/2014,LMT,OR,ANM,WE,Federal Contract Tower,0,6,9,19,34,0,2,0,9,11,0,8,9,28,45,0,12,12,57
03/28/2014,LMT,OR,ANM,WE,Federal Contract Tower,0,7,0,11,18,0,4,7,11,22,0,11,7,22,40,0,8,8,48
03/29/2014,LMT,OR,ANM,WE,Federal Contract Tower,0,3,3,0,6,0,1,4,0,5,0,4,7,0,11,0,0,0,11
03/30/2014,LMT,OR,ANM,WE,Federal Contract Tower,0,0,2,0,2,0,0,5,0,5,0,0,7,0,7,13,0,13,20
03/31/2014,LMT,OR,ANM,WE,Federal Contract Tower,0,4,2,0,6,0,2,12,2,16,0,6,14,2,22,0,0,0,22
04/01/2014,LMT,OR,ANM,WE,Federal Contract Tower,0,9,2,24,35,0,1,14,15,30,0,10,16,39,65,2,59,61,126
04/02/2014,LMT,OR,ANM,WE,Federal Contract Tower,0,9,5,24,38,0,4,40,30,74,0,13,45,54,112,40,62,102,214
04/03/2014,LMT,OR,ANM,WE,Federal Contract Tower,0,8,6,19,33,0,2,12,11,25,0,10,18,30,58,22,56,78,136
04/04/2014,LMT,OR,ANM,WE,Federal Contract Tower,0,10,22,37,69,0,1,4,2,7,0,11,26,39,76,19,33,52,128
04/05/2014,LMT,OR,ANM,WE,Federal Contract Tower,0,3,8,13,24,0,0,27,13,40,0,3,35,26,64,0,46,46,110
04/06/2014,LMT,OR,ANM,WE,Federal Contract Tower,0,1,3,11,15,0,0,29,10,39,0,1,32,21,54,15,55,70,124
04/07/2014,LMT,OR,ANM,WE,Federal Contract Tower,0,4,4,24,32,0,9,44,2,55,0,13,48,26,87,40,41,81,168
04/08/2014,LMT,OR,ANM,WE,Federal Contract Tower,0,7,2,24,33,0,7,25,25,57,0,14,27,49,90,31,126,157,247
04/09/2014,LMT,OR,ANM,WE,Federal Contract Tower,0,4,3,25,32,0,7,19,31,57,0,11,22,56,89,10,44,54,143
04/10/2014,LMT,OR,ANM,WE,Federal Contract Tower,0,5,11,25,41,0,8,27,17,52,0,13,38,42,93,37,48,85,178
04/11/2014,LMT,OR,ANM,WE,Federal Contract Tower,0,6,2,14,22,0,4,26,12,42,0,10,28,26,64,16,18,34,98
04/12/2014,LMT,OR,ANM,WE,Federal Contract Tower,0,4,2,2,8,0,4,25,2,31,0,8,27,4,39,7,0,7,46
04/13/2014,LMT,OR,ANM,WE,Federal Contract Tower,0,1,1,0,2,0,1,31,4,36,0,2,32,4,38,51,0,51,89
04/14/2014,LMT,OR,ANM,WE,Federal Contract Tower,0,7,4,32,43,0,4,28,8,40,0,11,32,40,83,17,50,67,150
04/15/2014,LMT,OR,ANM,WE,Federal Contract Tower,0,5,6,40,51,0,1,30,13,44,0,6,36,53,95,32,72,104,199
04/16/2014,LMT,OR,ANM,WE,Federal Contract Tower,0,7,4,25,36,0,1,19,16,36,0,8,23,41,72,14,82,96,168
04/17/2014,LMT,OR,ANM,WE,Federal Contract Tower,0,14,10,19,43,0,3,14,12,29,0,17,24,31,72,37,28,65,137
04/18/2014,LMT,OR,ANM,WE,Federal Contract Tower,0,5,3,16,24,0,5,34,12,51,0,10,37,28,75,16,32,48,123
04/19/2014,LMT,OR,ANM,WE,Federal Contract Tower,0,5,2,0,7,0,3,18,0,21,0,8,20,0,28,14,0,14,42
04/20/2014,LMT,OR,ANM,WE,Federal Contract Tower,0,0,5,0,5,0,5,37,0,42,0,5,42,0,47,40,0,40,87
04/21/2014,LMT,OR,ANM,WE,Federal Contract Tower,0,8,3,2,13,0,4,16,0,20,0,12,19,2,33,14,0,14,47
04/22/2014,LMT,OR,ANM,WE,Federal Contract Tower,0,8,1,23,32,0,2,15,23,40,0,10,16,46,72,2,52,54,126
04/23/2014,LMT,OR,ANM,WE,Federal Contract Tower,0,10,3,26,39,0,1,8,25,34,0,11,11,51,73,0,66,66,139
04/24/2014,LMT,OR,ANM,WE,Federal Contract Tower,0,11,3,22,36,0,5,13,30,48,0,16,16,52,84,14,54,68,152
04/25/2014,LMT,OR,ANM,WE,Federal Contract Tower,0,12,10,18,40,0,4,14,12,30,0,16,24,30,70,14,32,46,116
04/26/2014,LMT,OR,ANM,WE,Federal Contract Tower,0,2,3,1,6,0,1,12,0,13,0,3,15,1,19,38,0,38,57
04/27/2014,LMT,OR,ANM,WE,Federal Contract Tower,0,1,7,0,8,0,0,12,0,12,0,1,19,0,20,0,0,0,20
04/28/2014,LMT,OR,ANM,WE,Federal Contract Tower,0,6,1,24,31,0,12,44,22,78,0,18,45,46,109,25,70,95,204
04/29/2014,LMT,OR,ANM,WE,Federal Contract Tower,0,6,2,23,31,0,10,36,23,69,0,16,38,46,100,34,70,104,204
04/30/2014,LMT,OR,ANM,WE,Federal Contract Tower,0,6,2,13,21,0,9,29,12,50,0,15,31,25,71,22,30,52,123
05/01/2014,LMT,OR,ANM,WE,Federal Contract Tower,0,5,13,0,18,0,8,52,0,60,0,13,65,0,78,54,0,54,132
05/02/2014,LMT,OR,ANM,WE,Federal Contract Tower,0,11,19,2,32,0,2,24,0,26,0,13,43,2,58,54,0,54,112
05/03/2014,LMT,OR,ANM,WE,Federal Contract Tower,0,3,5,4,12,0,1,43,2,46,0,4,48,6,58,38,16,54,112
05/04/2014,LMT,OR,ANM,WE,Federal Contract Tower,0,2,4,10,16,0,0,20,0,20,0,2,24,10,36,6,18,24,60
05/05/2014,LMT,OR,ANM,WE,Federal Contract Tower,0,7,1,0,8,0,1,8,0,9,0,8,9,0,17,0,0,0,17
05/06/2014,LMT,OR,ANM,WE,Federal Contract Tower,0,18,0,30,48,0,1,15,8,24,0,19,15,38,72,10,58,68,140
05/07/2014,LMT,OR,ANM,WE,Federal Contract Tower,0,6,8,30,44,0,8,51,10,69,0,14,59,40,113,28,48,76,189
05/08/2014,LMT,OR,ANM,WE,Federal Contract Tower,0,14,7,38,59,0,2,25,2,29,0,16,32,40,88,40,0,40,128
05/09/2014,LMT,OR,ANM,WE,Federal Contract Tower,0,16,7,21,44,0,8,16,15,39,0,24,23,36,83,10,42,52,135
05/10/2014,LMT,OR,ANM,WE,Federal Contract Tower,0,3,5,0,8,0,0,5,0,5,0,3,10,0,13,16,10,26,39
05/11/2014,LMT,OR,ANM,WE,Federal Contract Tower,0,0,4,0,4,0,0,44,0,44,0,0,48,0,48,40,0,40,88
05/12/2014,LMT,OR,ANM,WE,Federal Contract Tower,0,5,7,28,40,0,12,48,16,76,0,17,55,44,116,34,79,113,229
05/13/2014,LMT,OR,ANM,WE,Federal Contract Tower,0,4,3,34,41,0,9,28,23,60,0,13,31,57,101,0,92,92,193
05/14/2014,LMT,OR,ANM,WE,Federal Contract Tower,0,0,0,0,0,0,11,34,20,65,0,11,34,20,65,18,66,84,149
05/15/2014,LMT,OR,ANM,WE,Federal Contract Tower,0,7,11,34,52,0,11,52,34,97,0,18,63,68,149,30,70,100,249
05/16/2014,LMT,OR,ANM,WE,Federal Contract Tower,0,5,5,30,40,0,4,43,31,78,0,9,48,61,118,16,52,68,186
05/17/2014,LMT,OR,ANM,WE,Federal Contract Tower,0,2,1,0,3,0,1,27,0,28,0,3,28,0,31,37,0,37,68
05/18/2014,LMT,OR,ANM,WE,Federal Contract Tower,0,1,4,0,5,0,3,20,0,23,0,4,24,0,28,0,0,0,28
05/19/2014,LMT,OR,ANM,WE,Federal Contract Tower,0,6,5,20,31,0,6,37,20,63,0,12,42,40,94,18,61,79,173
05/20/2014,LMT,OR,ANM,WE,Federal Contract Tower,0,10,11,24,45,0,5,25,19,49,0,15,36,43,94,38,50,88,182
05/21/2014,LMT,OR,ANM,WE,Federal Contract Tower,0,7,2,24,33,0,5,32,33,70,0,12,34,57,103,36,50,86,189
05/22/2014,LMT,OR,ANM,WE,Federal Contract Tower,0,5,1,12,18,0,8,63,12,83,0,13,64,24,101,49,20,69,170
05/23/2014,LMT,OR,ANM,WE,Federal Contract Tower,0,6,3,0,9,0,2,43,0,45,0,8,46,0,54,22,0,22,76
05/24/2014,LMT,OR,ANM,WE,Federal Contract Tower,0,2,0,0,2,0,1,48,0,49,0,3,48,0,51,67,0,67,118
05/25/2014,LMT,OR,ANM,WE,Federal Contract Tower,0,0,0,0,0,0,1,43,0,44,0,1,43,0,44,66,0,66,110
05/26/2014,LMT,OR,ANM,WE,Federal Contract Tower,0,1,0,0,1,0,0,13,0,13,0,1,13,0,14,70,0,70,84
05/27/2014,LMT,OR,ANM,WE,Federal Contract Tower,0,5,2,20,27,0,2,32,16,50,0,7,34,36,77,14,58,72,149
05/28/2014,LMT,OR,ANM,WE,Federal Contract Tower,0,7,6,24,37,0,7,25,19,51,0,14,31,43,88,28,58,86,174
05/29/2014,LMT,OR,ANM,WE,Federal Contract Tower,0,4,6,25,35,0,9,67,19,95,0,13,73,44,130,27,70,97,227
05/30/2014,LMT,OR,ANM,WE,Federal Contract Tower,0,4,5,20,29,0,5,68,35,108,0,9,73,55,137,34,62,96,233
05/31/2014,LMT,OR,ANM,WE,Federal Contract Tower,0,1,1,1,3,0,2,58,0,60,0,3,59,1,63,56,0,56,119
06/01/2014,LMT,OR,ANM,WE,Federal Contract Tower,0,0,6,3,9,0,0,82,6,88,0,0,88,9,97,71,0,71,168
06/02/2014,LMT,OR,ANM,WE,Federal Contract Tower,0,7,8,43,58,0,3,30,0,33,0,10,38,43,91,6,70,76,167
06/03/2014,LMT,OR,ANM,WE,Federal Contract Tower,0,6,10,22,38,0,7,63,19,89,0,13,73,41,127,22,62,84,211
06/04/2014,LMT,OR,ANM,WE,Federal Contract Tower,0,3,1,18,22,0,9,22,24,55,0,12,23,42,77,10,70,80,157
06/05/2014,LMT,OR,ANM,WE,Federal Contract Tower,0,5,6,27,38,0,9,73,28,110,0,14,79,55,148,51,56,107,255
06/06/2014,LMT,OR,ANM,WE,Federal Contract Tower,0,7,5,12,24,0,5,39,14,58,0,12,44,26,82,29,26,55,137
06/07/2014,LMT,OR,ANM,WE,Federal Contract Tower,0,4,8,18,30,0,2,31,18,51,0,6,39,36,81,24,34,58,139
06/08/2014,LMT,OR,ANM,WE,Federal Contract Tower,0,2,6,11,19,0,5,57,8,70,0,7,63,19,89,26,22,48,137
06/09/2014,LMT,OR,ANM,WE,Federal Contract Tower,0,8,6,3,17,0,7,57,0,64,0,15,63,3,81,28,16,44,125
06/10/2014,LMT,OR,ANM,WE,Federal Contract Tower,0,0,0,0,0,0,4,34,15,53,0,4,34,15,53,35,42,77,130
06/11/2014,LMT,OR,ANM,WE,Federal Contract Tower,0,5,2,19,26,0,10,33,18,61,0,15,35,37,87,8,40,48,135
06/12/2014,LMT,OR,ANM,WE,Federal Contract Tower,0,6,0,26,32,0,6,31,22,59,0,12,31,48,91,8,83,91,182
06/13/2014,LMT,OR,ANM,WE,Federal Contract Tower,0,10,11,21,42,0,2,36,15,53,0,12,47,36,95,38,78,116,211
06/14/2014,LMT,OR,ANM,WE,Federal Contract Tower,0,5,6,0,11,0,1,64,0,65,0,6,70,0,76,27,0,27,103
06/15/2014,LMT,OR,ANM,WE,Federal Contract Tower,0,1,2,0,3,0,2,32,0,34,0,3,34,0,37,0,0,0,37
06/16/2014,LMT,OR,ANM,WE,Federal Contract Tower,0,8,5,38,51,0,6,119,38,163,0,14,124,76,214,20,80,100,314
06/17/2014,LMT,OR,ANM,WE,Federal Contract Tower,0,9,2,34,45,0,4,68,7,79,0,13,70,41,124,8,115,123,247
06/18/2014,LMT,OR,ANM,WE,Federal Contract Tower,0,3,5,34,42,0,7,59,4,70,0,10,64,38,112,40,99,139,251
06/19/2014,LMT,OR,ANM,WE,Federal Contract Tower,0,5,4,23,32,0,6,166,17,189,0,11,170,40,221,30,62,92,313
06/20/2014,LMT,OR,ANM,WE,Federal Contract Tower,0,4,4,17,25,0,3,179,1,183,0,7,183,18,208,84,30,114,322
06/21/2014,LMT,OR,ANM,WE,Federal Contract Tower,0,2,4,0,6,0,6,171,0,177,0,8,175,0,183,52,0,52,235
06/22/2014,LMT,OR,ANM,WE,Federal Contract Tower,0,2,5,0,7,0,4,91,0,95,0,6,96,0,102,58,0,58,160
06/23/2014,LMT,OR,ANM,WE,Federal Contract Tower,0,2,6,0,8,0,6,51,0,57,0,8,57,0,65,5,0,5,70
06/24/2014,LMT,OR,ANM,WE,Federal Contract Tower,0,4,3,24,31,0,9,29,18,56,0,13,32,42,87,25,60,85,172
06/25/2014,LMT,OR,ANM,WE,Federal Contract Tower,0,11,18,23,52,0,1,36,21,58,0,12,54,44,110,27,64,91,201
06/26/2014,LMT,OR,ANM,WE,Federal Contract Tower,0,8,16,34,58,0,1,22,17,40,0,9,38,51,98,8,76,84,182
06/27/2014,LMT,OR,ANM,WE,Federal Contract Tower,0,8,3,12,23,0,5,32,15,52,0,13,35,27,75,16,22,38,113
06/28/2014,LMT,OR,ANM,WE,Federal Contract Tower,0,1,0,2,3,0,7,89,3,99,0,8,89,5,102,32,0,32,134
06/29/2014,LMT,OR,ANM,WE,Federal Contract Tower,0,0,1,0,1,0,1,89,0,90,0,1,90,0,91,69,0,69,160
06/30/2014,LMT,OR,ANM,WE,Federal Contract Tower,0,3,5,22,30,0,2,32,12,46,0,5,37,34,76,29,52,81,157
07/01/2014,LMT,OR,ANM,WE,Federal Contract Tower,0,5,42,20,67,0,7,1,22,30,0,12,43,42,97,0,97,97,194
07/02/2014,LMT,OR,ANM,WE,Federal Contract Tower,0,6,1,23,30,0,3,60,18,81,0,9,61,41,111,22,52,74,185
07/03/2014,LMT,OR,ANM,WE,Federal Contract Tower,0,5,4,10,19,0,22,129,10,161,0,27,133,20,180,48,24,72,252
07/04/2014,LMT,OR,ANM,WE,Federal Contract Tower,0,0,2,0,2,0,0,107,0,107,0,0,109,0,109,4,0,4,113
07/05/2014,LMT,OR,ANM,WE,Federal Contract Tower,0,3,13,0,16,0,2,64,0,66,0,5,77,0,82,40,6,46,128
07/06/2014,LMT,OR,ANM,WE,Federal Contract Tower,0,0,5,0,5,0,0,82,0,82,0,0,87,0,87,46,0,46,133
07/07/2014,LMT,OR,ANM,WE,Federal Contract Tower,0,3,12,3,18,0,8,38,1,47,0,11,50,4,65,34,27,61,126
07/08/2014,LMT,OR,ANM,WE,Federal Contract Tower,0,8,7,21,36,0,5,55,1,61,0,13,62,22,97,15,34,49,146
07/09/2014,LMT,OR,ANM,WE,Federal Contract Tower,0,5,1,18,24,0,10,39,18,67,0,15,40,36,91,6,38,44,135
07/10/2014,LMT,OR,ANM,WE,Federal Contract Tower,0,4,3,25,32,0,8,78,24,110,0,12,81,49,142,14,64,78,220
07/11/2014,LMT,OR,ANM,WE,Federal Contract Tower,0,12,40,24,76,0,3,4,0,7,0,15,44,24,83,14,28,42,125
07/12/2014,LMT,OR,ANM,WE,Federal Contract Tower,0,4,2,19,25,0,3,49,17,69,0,7,51,36,94,16,54,70,164
07/13/2014,LMT,OR,ANM,WE,Federal Contract Tower,0,1,4,10,15,0,0,145,11,156,0,1,149,21,171,12,16,28,199
07/14/2014,LMT,OR,ANM,WE,Federal Contract Tower,0,4,3,8,15,0,8,111,0,119,0,12,114,8,134,35,0,35,169
07/15/2014,LMT,OR,ANM,WE,Federal Contract Tower,0,6,3,18,27,0,7,27,32,66,0,13,30,50,93,32,52,84,177
07/16/2014,LMT,OR,ANM,WE,Federal Contract Tower,0,6,2,23,31,0,11,39,14,64,0,17,41,37,95,10,71,81,176
07/17/2014,LMT,OR,ANM,WE,Federal Contract Tower,0,2,3,30,35,0,10,40,34,84,0,12,43,64,119,16,58,74,193
07/18/2014,LMT,OR,ANM,WE,Federal Contract Tower,0,6,2,16,24,0,9,39,10,58,0,15,41,26,82,36,32,68,150
07/19/2014,LMT,OR,ANM,WE,Federal Contract Tower,0,1,2,0,3,0,2,58,0,60,0,3,60,0,63,2,0,2,65
07/20/2014,LMT,OR,ANM,WE,Federal Contract Tower,0,0,8,0,8,0,1,49,0,50,0,1,57,0,58,2,0,2,60
07/21/2014,LMT,OR,ANM,WE,Federal Contract Tower,0,4,4,20,28,0,7,38,18,63,0,11,42,38,91,32,64,96,187
07/22/2014,LMT,OR,ANM,WE,Federal Contract Tower,0,4,0,18,22,0,7,38,32,77,0,11,38,50,99,30,40,70,169
07/23/2014,LMT,OR,ANM,WE,Federal Contract Tower,0,4,13,21,38,0,7,79,11,97,0,11,92,32,135,0,72,72,207
07/24/2014,LMT,OR,ANM,WE,Federal Contract Tower,0,3,10,22,35,0,10,45,19,74,0,13,55,41,109,14,58,72,181
07/25/2014,LMT,OR,ANM,WE,Federal Contract Tower,0,6,1,13,20,0,4,69,22,95,0,10,70,35,115,19,40,59,174
07/26/2014,LMT,OR,ANM,WE,Federal Contract Tower,0,0,4,0,4,0,4,80,0,84,0,4,84,0,88,10,0,10,98
07/27/2014,LMT,OR,ANM,WE,Federal Contract Tower,0,3,2,0,5,0,0,30,4,34,0,3,32,4,39,30,0,30,69
07/28/2014,LMT,OR,ANM,WE,Federal Contract Tower,0,4,8,31,43,0,8,45,25,78,0,12,53,56,121,26,80,106,227
07/29/2014,LMT,OR,ANM,WE,Federal Contract Tower,0,2,2,35,39,0,8,91,0,99,0,10,93,35,138,6,56,62,200
07/30/2014,LMT,OR,ANM,WE,Federal Contract Tower,0,4,5,10,19,0,6,107,0,113,0,10,112,10,132,0,22,22,154
07/31/2014,LMT,OR,ANM,WE,Federal Contract Tower,0,3,4,34,41,0,7,175,10,192,0,10,179,44,233,16,12,28,261
08/01/2014,LMT,OR,ANM,WE,Federal Contract Tower,0,5,7,14,26,0,4,171,14,189,0,9,178,28,215,12,40,52,267
08/02/2014,LMT,OR,ANM,WE,Federal Contract Tower,0,3,5,23,31,0,0,51,2,53,0,3,56,25,84,0,10,10,94
08/03/2014,LMT,OR,ANM,WE,Federal Contract Tower,0,2,0,26,28,0,0,50,0,50,0,2,50,26,78,22,32,54,132
08/04/2014,LMT,OR,ANM,WE,Federal Contract Tower,0,6,5,0,11,0,7,51,4,62,0,13,56,4,73,32,4,36,109
08/05/2014,LMT,OR,ANM,WE,Federal Contract Tower,0,5,3,30,38,0,3,43,32,78,0,8,46,62,116,38,70,108,224
08/06/2014,LMT,OR,ANM,WE,Federal Contract Tower,0,5,3,26,34,0,8,33,14,55,0,13,36,40,89,16,64,80,169
08/07/2014,LMT,OR,ANM,WE,Federal Contract Tower,0,5,4,0,9,0,16,39,29,84,0,21,43,29,93,23,70,93,186
08/08/2014,LMT,OR,ANM,WE,Federal Contract Tower,0,11,13,26,50,0,6,56,20,82,0,17,69,46,132,23,36,59,191
08/09/2014,LMT,OR,ANM,WE,Federal Contract Tower,0,2,2,0,4,0,1,30,0,31,0,3,32,0,35,22,0,22,57
08/10/2014,LMT,OR,ANM,WE,Federal Contract Tower,0,0,7,0,7,0,0,62,0,62,0,0,69,0,69,32,0,32,101
08/11/2014,LMT,OR,ANM,WE,Federal Contract Tower,0,6,9,28,43,0,8,45,38,91,0,14,54,66,134,28,68,96,230
08/12/2014,LMT,OR,ANM,WE,Federal Contract Tower,0,4,3,35,42,0,8,23,18,49,0,12,26,53,91,18,132,150,241
08/13/2014,LMT,OR,ANM,WE,Federal Contract Tower,0,8,2,30,40,0,2,15,25,42,0,10,17,55,82,0,70,70,152
08/14/2014,LMT,OR,ANM,WE,Federal Contract Tower,0,8,2,27,37,0,4,26,27,57,0,12,28,54,94,0,58,58,152
08/15/2014,LMT,OR,ANM,WE,Federal Contract Tower,0,4,7,17,28,0,4,39,13,56,0,8,46,30,84,13,44,57,141
08/16/2014,LMT,OR,ANM,WE,Federal Contract Tower,0,1,8,0,9,0,3,66,0,69,0,4,74,0,78,36,0,36,114
08/17/2014,LMT,OR,ANM,WE,Federal Contract Tower,0,0,6,0,6,0,0,51,0,51,0,0,57,0,57,48,0,48,105
08/18/2014,LMT,OR,ANM,WE,Federal Contract Tower,0,1,5,6,12,0,11,19,1,31,0,12,24,7,43,34,12,46,89
08/19/2014,LMT,OR,ANM,WE,Federal Contract Tower,0,5,5,29,39,0,6,37,25,68,0,11,42,54,107,10,48,58,165
08/20/2014,LMT,OR,ANM,WE,Federal Contract Tower,0,1,2,30,33,0,10,54,38,102,0,11,56,68,135,34,82,116,251
08/21/2014,LMT,OR,ANM,WE,Federal Contract Tower,0,4,2,36,42,0,0,0,0,0,0,4,2,36,42,16,64,80,122
08/22/2014,LMT,OR,ANM,WE,Federal Contract Tower,0,3,8,17,28,0,11,50,11,72,0,14,58,28,100,42,28,70,170
08/23/2014,LMT,OR,ANM,WE,Federal Contract Tower,0,1,2,0,3,0,5,53,0,58,0,6,55,0,61,64,0,64,125
08/24/2014,LMT,OR,ANM,WE,Federal Contract Tower,0,3,8,2,13,0,4,59,1,64,0,7,67,3,77,24,0,24,101
08/25/2014,LMT,OR,ANM,WE,Federal Contract Tower,0,4,7,27,38,0,5,37,25,67,0,9,44,52,105,12,56,68,173
08/26/2014,LMT,OR,ANM,WE,Federal Contract Tower,0,5,4,22,31,0,12,58,21,91,0,17,62,43,122,28,42,70,192
08/27/2014,LMT,OR,ANM,WE,Federal Contract Tower,0,6,5,25,36,0,11,53,19,83,0,17,58,44,119,34,55,89,208
08/28/2014,LMT,OR,ANM,WE,Federal Contract Tower,0,8,10,13,31,0,5,40,10,55,0,13,50,23,86,22,40,62,148
08/29/2014,LMT,OR,ANM,WE,Federal Contract Tower,0,7,14,0,21,0,0,41,0,41,0,7,55,0,62,29,0,29,91
08/30/2014,LMT,OR,ANM,WE,Federal Contract Tower,0,3,4,0,7,0,6,56,0,62,0,9,60,0,69,26,0,26,95
08/31/2014,LMT,OR,ANM,WE,Federal Contract Tower,0,1,6,0,7,0,5,50,0,55,0,6,56,0,62,14,0,14,76
09/01/2014,LMT,OR,ANM,WE,Federal Contract Tower,0,0,6,0,6,0,0,31,0,31,0,0,37,0,37,16,0,16,53
09/02/2014,LMT,OR,ANM,WE,Federal Contract Tower,0,8,4,25,37,0,4,18,11,33,0,12,22,36,70,23,27,50,120
09/03/2014,LMT,OR,ANM,WE,Federal Contract Tower,0,5,0,32,37,0,7,35,16,58,0,12,35,48,95,16,18,34,129
09/04/2014,LMT,OR,ANM,WE,Federal Contract Tower,0,3,5,43,51,0,18,10,38,66,0,21,15,81,117,0,126,126,243
09/05/2014,LMT,OR,ANM,WE,Federal Contract Tower,0,6,2,13,21,0,7,54,6,67,0,13,56,19,88,22,24,46,134
09/06/2014,LMT,OR,ANM,WE,Federal Contract Tower,0,2,0,0,2,0,8,129,0,137,0,10,129,0,139,44,0,44,183
09/07/2014,LMT,OR,ANM,WE,Federal Contract Tower,0,2,10,2,14,0,0,40,2,42,0,2,50,4,56,40,0,40,96
09/08/2014,LMT,OR,ANM,WE,Federal Contract Tower,0,5,3,4,12,0,3,38,0,41,0,8,41,4,53,42,24,66,119
09/09/2014,LMT,OR,ANM,WE,Federal Contract Tower,0,5,2,24,31,0,4,31,19,54,0,9,33,43,85,26,76,102,187
09/10/2014,LMT,OR,ANM,WE,Federal Contract Tower,0,1,4,35,40,0,11,26,21,58,0,12,30,56,98,2,52,54,152
09/11/2014,LMT,OR,ANM,WE,Federal Contract Tower,0,8,5,39,52,0,7,34,23,64,0,15,39,62,116,34,72,106,222
09/12/2014,LMT,OR,ANM,WE,Federal Contract Tower,0,4,5,13,22,0,6,16,11,33,0,10,21,24,55,14,62,76,131
09/13/2014,LMT,OR,ANM,WE,Federal Contract Tower,0,2,10,6,18,0,1,45,0,46,0,3,55,6,64,38,8,46,110
09/14/2014,LMT,OR,ANM,WE,Federal Contract Tower,0,0,9,0,9,0,0,49,0,49,0,0,58,0,58,42,0,42,100
09/15/2014,LMT,OR,ANM,WE,Federal Contract Tower,0,4,3,19,26,0,8,40,37,85,0,12,43,56,111,30,22,52,163
09/16/2014,LMT,OR,ANM,WE,Federal Contract Tower,0,2,6,24,32,0,12,40,20,72,0,14,46,44,104,24,85,109,213
09/17/2014,LMT,OR,ANM,WE,Federal Contract Tower,0,2,1,32,35,0,8,50,22,80,0,10,51,54,115,0,32,32,147
09/18/2014,LMT,OR,ANM,WE,Federal Contract Tower,0,4,7,28,39,0,5,62,24,91,0,9,69,52,130,34,71,105,235
09/19/2014,LMT,OR,ANM,WE,Federal Contract Tower,0,3,7,14,24,0,9,42,12,63,0,12,49,26,87,18,28,46,133
09/20/2014,LMT,OR,ANM,WE,Federal Contract Tower,0,2,2,33,37,0,1,43,13,57,0,3,45,46,94,18,58,76,170
09/21/2014,LMT,OR,ANM,WE,Federal Contract Tower,0,0,3,11,14,0,2,35,9,46,0,2,38,20,60,43,20,63,123
09/22/2014,LMT,OR,ANM,WE,Federal Contract Tower,0,3,2,8,13,0,7,28,8,43,0,10,30,16,56,29,40,69,125
09/23/2014,LMT,OR,ANM,WE,Federal Contract Tower,0,7,4,21,32,0,6,14,20,40,0,13,18,41,72,16,42,58,130
09/24/2014,LMT,OR,ANM,WE,Federal Contract Tower,0,9,2,15,26,0,1,10,22,33,0,10,12,37,59,0,36,36,95
09/25/2014,LMT,OR,ANM,WE,Federal Contract Tower,0,9,5,32,46,0,3,8,11,22,0,12,13,43,68,0,13,13,81
09/26/2014,LMT,OR,ANM,WE,Federal Contract Tower,0,4,12,8,24,0,4,31,8,43,0,8,43,16,67,20,18,38,105
09/27/2014,LMT,OR,ANM,WE,Federal Contract Tower,0,3,8,0,11,0,0,23,0,23,0,3,31,0,34,28,0,28,62
09/28/2014,LMT,OR,ANM,WE,Federal Contract Tower,0,0,5,0,5,0,0,18,0,18,0,0,23,0,23,14,0,14,37
09/29/2014,LMT,OR,ANM,WE,Federal Contract Tower,0,3,5,14,22,0,8,33,25,66,0,11,38,39,88,16,34,50,138
09/30/2014,LMT,OR,ANM,WE,Federal Contract Tower,0,5,7,0,12,0,9,20,0,29,0,14,27,0,41,12,0,12,53
10/01/2014,LMT,OR,ANM,WE,Federal Contract Tower,0,4,15,14,33,0,6,49,12,67,0,10,64,26,100,30,20,50,150
10/02/2014,LMT,OR,ANM,WE,Federal Contract Tower,0,4,3,15,22,0,9,48,15,72,0,13,51,30,94,14,16,30,124
10/03/2014,LMT,OR,ANM,WE,Federal Contract Tower,0,4,4,10,18,0,6,43,10,59,0,10,47,20,77,34,6,40,117
10/04/2014,LMT,OR,ANM,WE,Federal Contract Tower,0,1,9,29,39,0,1,30,30,61,0,2,39,59,100,26,46,72,172
10/05/2014,LMT,OR,ANM,WE,Federal Contract Tower,0,10,0,18,28,0,0,43,0,43,0,10,43,18,71,28,10,38,109
10/06/2014,LMT,OR,ANM,WE,Federal Contract Tower,0,4,5,0,9,0,6,28,0,34,0,10,33,0,43,26,0,26,69
10/07/2014,LMT,OR,ANM,WE,Federal Contract Tower,0,5,3,25,33,0,12,33,21,66,0,17,36,46,99,18,22,40,139
10/08/2014,LMT,OR,ANM,WE,Federal Contract Tower,0,6,6,25,37,0,5,28,16,49,0,11,34,41,86,20,30,50,136
10/09/2014,LMT,OR,ANM,WE,Federal Contract Tower,0,3,0,26,29,0,8,33,22,63,0,11,33,48,92,12,28,40,132
10/10/2014,LMT,OR,ANM,WE,Federal Contract Tower,0,4,7,14,25,0,5,36,13,54,0,9,43,27,79,12,18,30,109
10/11/2014,LMT,OR,ANM,WE,Federal Contract Tower,0,1,0,0,1,0,3,36,1,40,0,4,36,1,41,24,0,24,65
10/12/2014,LMT,OR,ANM,WE,Federal Contract Tower,0,2,4,6,12,0,4,55,0,59,0,6,59,6,71,26,0,26,97
10/13/2014,LMT,OR,ANM,WE,Federal Contract Tower,0,2,2,0,4,0,8,45,0,53,0,10,47,0,57,42,0,42,99
10/14/2014,LMT,OR,ANM,WE,Federal Contract Tower,0,5,7,2,14,0,5,22,0,27,0,10,29,2,41,24,0,24,65
10/15/2014,LMT,OR,ANM,WE,Federal Contract Tower,0,7,5,17,29,0,4,11,12,27,0,11,16,29,56,0,28,28,84
10/16/2014,LMT,OR,ANM,WE,Federal Contract Tower,0,3,7,35,45,0,7,37,18,62,0,10,44,53,107,40,36,76,183
10/17/2014,LMT,OR,ANM,WE,Federal Contract Tower,0,3,7,10,20,0,4,39,12,55,0,7,46,22,75,20,14,34,109
10/18/2014,LMT,OR,ANM,WE,Federal Contract Tower,0,3,0,0,3,0,1,34,0,35,0,4,34,0,38,66,0,66,104
10/19/2014,LMT,OR,ANM,WE,Federal Contract Tower,0,1,2,0,3,0,0,24,0,24,0,1,26,0,27,0,0,0,27
10/20/2014,LMT,OR,ANM,WE,Federal Contract Tower,0,5,10,0,15,0,3,15,0,18,0,8,25,0,33,50,0,50,83
10/21/2014,LMT,OR,ANM,WE,Federal Contract Tower,0,4,1,25,30,0,5,16,28,49,0,9,17,53,79,58,44,102,181
10/22/2014,LMT,OR,ANM,WE,Federal Contract Tower,0,9,10,21,40,0,3,22,24,49,0,12,32,45,89,56,20,76,165
10/23/2014,LMT,OR,ANM,WE,Federal Contract Tower,0,10,18,23,51,0,1,2,0,3,0,11,20,23,54,10,4,14,68
10/24/2014,LMT,OR,ANM,WE,Federal Contract Tower,0,6,9,13,28,0,5,37,5,47,0,11,46,18,75,18,10,28,103
10/25/2014,LMT,OR,ANM,WE,Federal Contract Tower,0,4,9,0,13,0,0,5,0,5,0,4,14,0,18,0,0,0,18
10/26/2014,LMT,OR,ANM,WE,Federal Contract Tower,0,1,7,0,8,0,0,14,0,14,0,1,21,0,22,58,0,58,80
10/27/2014,LMT,OR,ANM,WE,Federal Contract Tower,0,5,3,25,33,0,6,19,24,49,0,11,22,49,82,44,28,72,154
10/28/2014,LMT,OR,ANM,WE,Federal Contract Tower,0,6,3,20,29,0,3,19,5,27,0,9,22,25,56,24,42,66,122
10/29/2014,LMT,OR,ANM,WE,Federal Contract Tower,0,5,6,29,40,0,6,15,7,28,0,11,21,36,68,24,30,54,122
10/30/2014,LMT,OR,ANM,WE,Federal Contract Tower,0,8,9,35,52,0,2,24,13,39,0,10,33,48,91,8,88,96,187
10/31/2014,LMT,OR,ANM,WE,Federal Contract Tower,0,10,4,20,34,0,3,13,2,18,0,13,17,22,52,10,0,10,62
11/01/2014,LMT,OR,ANM,WE,Federal Contract Tower,0,2,5,22,29,0,0,4,16,20,0,2,9,38,49,36,24,60,109
11/02/2014,LMT,OR,ANM,WE,Federal Contract Tower,0,1,0,22,23,0,0,47,0,47,0,1,47,22,70,58,4,62,132
11/03/2014,LMT,OR,ANM,WE,Federal Contract Tower,0,7,8,7,22,0,4,21,0,25,0,11,29,7,47,30,16,46,93
11/04/2014,LMT,OR,ANM,WE,Federal Contract Tower,0,11,13,51,75,0,1,24,2,27,0,12,37,53,102,36,60,96,198
11/05/2014,LMT,OR,ANM,WE,Federal Contract Tower,0,9,6,34,49,0,3,14,11,28,0,12,20,45,77,18,6,24,101
11/06/2014,LMT,OR,ANM,WE,Federal Contract Tower,0,6,8,32,46,0,3,11,12,26,0,9,19,44,72,18,10,28,100
11/07/2014,LMT,OR,ANM,WE,Federal Contract Tower,0,5,7,10,22,0,4,24,0,28,0,9,31,10,50,24,22,46,96
11/08/2014,LMT,OR,ANM,WE,Federal Contract Tower,0,1,11,0,12,0,2,44,0,46,0,3,55,0,58,54,0,54,112
11/09/2014,LMT,OR,ANM,WE,Federal Contract Tower,0,0,18,2,20,0,0,48,2,50,0,0,66,4,70,66,4,70,140
11/10/2014,LMT,OR,ANM,WE,Federal Contract Tower,0,4,14,14,32,0,4,55,12,71,0,8,69,26,103,48,14,62,165
11/11/2014,LMT,OR,ANM,WE,Federal Contract Tower,0,7,4,0,11,0,3,46,0,49,0,10,50,0,60,96,0,96,156
11/12/2014,LMT,OR,ANM,WE,Federal Contract Tower,0,7,4,29,40,0,4,28,20,52,0,11,32,49,92,32,52,84,176
11/13/2014,LMT,OR,ANM,WE,Federal Contract Tower,0,13,4,29,46,0,0,8,13,21,0,13,12,42,67,12,14,26,93
11/14/2014,LMT,OR,ANM,WE,Federal Contract Tower,0,8,14,15,37,0,1,15,2,18,0,9,29,17,55,30,24,54,109
11/15/2014,LMT,OR,ANM,WE,Federal Contract Tower,0,2,10,0,12,0,3,33,0,36,0,5,43,0,48,66,0,66,114
11/16/2014,LMT,OR,ANM,WE,Federal Contract Tower,0,0,11,0,11,0,0,44,2,46,0,0,55,2,57,64,0,64,121
11/17/2014,LMT,OR,ANM,WE,Federal Contract Tower,0,5,7,23,35,0,8,26,12,46,0,13,33,35,81,58,18,76,157
11/18/2014,LMT,OR,ANM,WE,Federal Contract Tower,0,6,2,20,28,0,4,30,11,45,0,10,32,31,73,58,53,111,184
11/19/2014,LMT,OR,ANM,WE,Federal Contract Tower,0,9,9,29,47,0,3,10,22,35,0,12,19,51,82,14,34,48,130
11/20/2014,LMT,OR,ANM,WE,Federal Contract Tower,0,9,5,30,44,0,2,22,12,36,0,11,27,42,80,76,26,102,182
11/21/2014,LMT,OR,ANM,WE,Federal Contract Tower,0,8,8,19,35,0,2,3,10,15,0,10,11,29,50,6,8,14,64
11/22/2014,LMT,OR,ANM,WE,Federal Contract Tower,0,2,12,4,18,0,1,0,0,1,0,3,12,4,19,0,0,0,19
11/23/2014,LMT,OR,ANM,WE,Federal Contract Tower,0,0,5,3,8,0,0,34,1,35,0,0,39,4,43,54,0,54,97
11/24/2014,LMT,OR,ANM,WE,Federal Contract Tower,0,4,4,23,31,0,7,24,12,43,0,11,28,35,74,48,54,102,176
11/25/2014,LMT,OR,ANM,WE,Federal Contract Tower,0,6,4,24,34,0,4,20,10,34,0,10,24,34,68,48,36,84,152
11/26/2014,LMT,OR,ANM,WE,Federal Contract Tower,0,7,7,4,18,0,2,22,0,24,0,9,29,4,42,34,32,66,108
11/27/2014,LMT,OR,ANM,WE,Federal Contract Tower,0,0,2,0,2,0,0,16,0,16,0,0,18,0,18,22,0,22,40
11/28/2014,LMT,OR,ANM,WE,Federal Contract Tower,0,7,8,0,15,0,3,1,0,4,0,10,9,0,19,28,0,28,47
11/29/2014,LMT,OR,ANM,WE,Federal Contract Tower,0,2,0,0,2,0,2,7,0,9,0,4,7,0,11,14,0,14,25
11/30/2014,LMT,OR,ANM,WE,Federal Contract Tower,0,0,9,0,9,0,0,14,0,14,0,0,23,0,23,0,0,0,23
12/01/2014,LMT,OR,ANM,WE,Federal Contract Tower,0,6,3,8,17,0,2,2,4,8,0,8,5,12,25,24,18,42,67
12/02/2014,LMT,OR,ANM,WE,Federal Contract Tower,0,12,9,9,30,0,3,9,15,27,0,15,18,24,57,23,18,41,98
12/03/2014,LMT,OR,ANM,WE,Federal Contract Tower,0,9,7,28,44,0,0,12,10,22,0,9,19,38,66,42,36,78,144
12/04/2014,LMT,OR,ANM,WE,Federal Contract Tower,0,10,10,18,38,0,1,38,18,57,0,11,48,36,95,53,61,114,209
12/05/2014,LMT,OR,ANM,WE,Federal Contract Tower,0,9,10,13,32,0,0,8,11,19,0,9,18,24,51,10,36,46,97
12/06/2014,LMT,OR,ANM,WE,Federal Contract Tower,0,2,3,18,23,0,2,26,18,46,0,4,29,36,69,30,46,76,145
12/07/2014,LMT,OR,ANM,WE,Federal Contract Tower,0,0,2,9,11,0,0,9,6,15,0,0,11,15,26,31,53,84,110
12/08/2014,LMT,OR,ANM,WE,Federal Contract Tower,0,6,4,2,12,0,4,11,0,15,0,10,15,2,27,10,30,40,67
12/09/2014,LMT,OR,ANM,WE,Federal Contract Tower,0,8,4,18,30,0,3,11,17,31,0,11,15,35,61,10,34,44,105
12/10/2014,LMT,OR,ANM,WE,Federal Contract Tower,0,12,3,11,26,0,0,1,9,10,0,12,4,20,36,2,26,28,64
12/11/2014,LMT,OR,ANM,WE,Federal Contract Tower,0,12,6,0,18,0,0,0,0,0,0,12,6,0,18,0,0,0,18
12/12/2014,LMT,OR,ANM,WE,Federal Contract Tower,0,6,8,20,34,0,1,7,0,8,0,7,15,20,42,34,0,34,76
12/13/2014,LMT,OR,ANM,WE,Federal Contract Tower,0,4,6,2,12,0,2,15,6,23,0,6,21,8,35,96,0,96,131
12/14/2014,LMT,OR,ANM,WE,Federal Contract Tower,0,1,3,2,6,0,2,30,0,32,0,3,33,2,38,52,0,52,90
12/15/2014,LMT,OR,ANM,WE,Federal Contract Tower,0,9,1,43,53,0,1,2,4,7,0,10,3,47,60,10,18,28,88
12/16/2014,LMT,OR,ANM,WE,Federal Contract Tower,0,7,7,44,58,0,6,14,14,34,0,13,21,58,92,24,82,106,198
12/17/2014,LMT,OR,ANM,WE,Federal Contract Tower,0,11,12,26,49,0,3,2,6,11,0,14,14,32,60,11,58,69,129
12/18/2014,LMT,OR,ANM,WE,Federal Contract Tower,0,7,9,27,43,0,3,22,10,35,0,10,31,37,78,50,72,122,200
12/19/2014,LMT,OR,ANM,WE,Federal Contract Tower,0,8,10,22,40,0,2,9,0,11,0,10,19,22,51,22,24,46,97
12/20/2014,LMT,OR,ANM,WE,Federal Contract Tower,0,11,13,0,24,0,1,2,0,3,0,12,15,0,27,33,0,33,60
12/21/2014,LMT,OR,ANM,WE,Federal Contract Tower,0,0,7,0,7,0,0,0,0,0,0,0,7,0,7,0,0,0,7
12/22/2014,LMT,OR,ANM,WE,Federal Contract Tower,0,8,5,42,55,0,3,16,6,25,0,11,21,48,80,14,76,90,170
12/23/2014,LMT,OR,ANM,WE,Federal Contract Tower,0,10,2,26,38,0,0,14,16,30,0,10,16,42,68,37,4,41,109
12/24/2014,LMT,OR,ANM,WE,Federal Contract Tower,0,9,0,0,9,0,2,0,0,2,0,11,0,0,11,0,0,0,11
12/25/2014,LMT,OR,ANM,WE,Federal Contract Tower,0,3,3,0,6,0,0,4,0,4,0,3,7,0,10,8,0,8,18
12/26/2014,LMT,OR,ANM,WE,Federal Contract Tower,0,8,0,0,8,0,6,39,0,45,0,14,39,0,53,40,0,40,93
12/27/2014,LMT,OR,ANM,WE,Federal Contract Tower,0,1,4,0,5,0,2,26,0,28,0,3,30,0,33,4,0,4,37
12/28/2014,LMT,OR,ANM,WE,Federal Contract Tower,0,1,1,0,2,0,0,12,0,12,0,1,13,0,14,20,0,20,34
12/29/2014,LMT,OR,ANM,WE,Federal Contract Tower,0,11,0,19,30,0,0,0,5,5,0,11,0,24,35,0,10,10,45
12/30/2014,LMT,OR,ANM,WE,Federal Contract Tower,0,6,3,27,36,0,6,16,4,26,0,12,19,31,62,20,76,96,158
12/31/2014,LMT,OR,ANM,WE,Federal Contract Tower,0,5,1,12,18,0,5,48,0,53,0,10,49,12,71,36,74,110,181
01/01/2015,LMT,OR,ANM,WE,Federal Contract Tower,0,0,0,0,0,0,3,21,0,24,0,3,21,0,24,42,0,42,66
01/02/2015,LMT,OR,ANM,WE,Federal Contract Tower,0,8,1,0,9,0,6,51,0,57,0,14,52,0,66,64,0,64,130
01/03/2015,LMT,OR,ANM,WE,Federal Contract Tower,0,6,4,0,10,0,3,20,0,23,0,9,24,0,33,32,0,32,65
01/04/2015,LMT,OR,ANM,WE,Federal Contract Tower,0,1,3,0,4,0,0,24,0,24,0,1,27,0,28,50,0,50,78
01/05/2015,LMT,OR,ANM,WE,Federal Contract Tower,0,9,4,32,45,0,0,35,2,37,0,9,39,34,82,0,30,30,112
01/06/2015,LMT,OR,ANM,WE,Federal Contract Tower,0,8,2,44,54,0,1,21,9,31,0,9,23,53,85,22,72,94,179
01/07/2015,LMT,OR,ANM,WE,Federal Contract Tower,0,3,2,27,32,0,4,21,16,41,0,7,23,43,73,32,70,102,175
01/08/2015,LMT,OR,ANM,WE,Federal Contract Tower,0,16,5,45,66,0,4,16,26,46,0,20,21,71,112,2,132,134,246
01/09/2015,LMT,OR,ANM,WE,Federal Contract Tower,0,5,2,27,34,0,4,19,0,23,0,9,21,27,57,14,34,48,105
01/10/2015,LMT,OR,ANM,WE,Federal Contract Tower,0,3,11,58,72,0,0,30,0,30,0,3,41,58,102,52,38,90,192
01/11/2015,LMT,OR,ANM,WE,Federal Contract Tower,0,0,10,24,34,0,0,22,16,38,0,0,32,40,72,44,14,58,130
01/12/2015,LMT,OR,ANM,WE,Federal Contract Tower,0,12,12,0,24,0,0,6,0,6,0,12,18,0,30,27,0,27,57
01/13/2015,LMT,OR,ANM,WE,Federal Contract Tower,0,8,4,19,31,0,2,23,21,46,0,10,27,40,77,32,52,84,161
01/14/2015,LMT,OR,ANM,WE,Federal Contract Tower,0,8,7,35,50,0,3,42,4,49,0,11,49,39,99,49,68,117,216
01/15/2015,LMT,OR,ANM,WE,Federal Contract Tower,0,7,7,19,33,0,4,36,13,53,0,11,43,32,86,35,60,95,181
01/16/2015,LMT,OR,ANM,WE,Federal Contract Tower,0,4,6,19,29,0,5,14,0,19,0,9,20,19,48,10,46,56,104
01/17/2015,LMT,OR,ANM,WE,Federal Contract Tower,0,2,4,0,6,0,1,9,0,10,0,3,13,0,16,52,0,52,68
01/18/2015,LMT,OR,ANM,WE,Federal Contract Tower,0,3,3,0,6,0,0,3,0,3,0,3,6,0,9,13,0,13,22
01/19/2015,LMT,OR,ANM,WE,Federal Contract Tower,0,4,5,0,9,0,2,26,0,28,0,6,31,0,37,8,0,8,45
01/20/2015,LMT,OR,ANM,WE,Federal Contract Tower,0,6,3,30,39,0,4,30,21,55,0,10,33,51,94,32,104,136,230
01/21/2015,LMT,OR,ANM,WE,Federal Contract Tower,0,7,3,35,45,0,2,36,7,45,0,9,39,42,90,22,44,66,156
01/22/2015,LMT,OR,ANM,WE,Federal Contract Tower,0,8,2,24,34,0,4,16,30,50,0,12,18,54,84,42,42,84,168
01/23/2015,LMT,OR,ANM,WE,Federal Contract Tower,0,4,5,13,22,0,8,39,8,55,0,12,44,21,77,41,21,62,139
01/24/2015,LMT,OR,ANM,WE,Federal Contract Tower,0,2,1,0,3,0,3,30,0,33,0,5,31,0,36,58,0,58,94
01/25/2015,LMT,OR,ANM,WE,Federal Contract Tower,0,0,10,2,12,0,0,33,0,33,0,0,43,2,45,58,0,58,103
01/26/2015,LMT,OR,ANM,WE,Federal Contract Tower,0,7,5,3,15,0,5,21,0,26,0,12,26,3,41,39,32,71,112
01/27/2015,LMT,OR,ANM,WE,Federal Contract Tower,0,9,8,19,36,0,2,32,17,51,0,11,40,36,87,42,34,76,163
01/28/2015,LMT,OR,ANM,WE,Federal Contract Tower,0,7,10,21,38,0,4,21,11,36,0,11,31,32,74,32,64,96,170
01/29/2015,LMT,OR,ANM,WE,Federal Contract Tower,0,11,5,18,34,0,7,31,24,62,0,18,36,42,96,20,38,58,154
01/30/2015,LMT,OR,ANM,WE,Federal Contract Tower,0,7,2,16,25,0,5,37,15,57,0,12,39,31,82,54,62,116,198
01/31/2015,LMT,OR,ANM,WE,Federal Contract Tower,0,0,4,0,4,0,3,40,3,46,0,3,44,3,50,79,0,79,129
02/01/2015,LMT,OR,ANM,WE,Federal Contract Tower,0,0,6,0,6,0,0,20,0,20,0,0,26,0,26,56,0,56,82
02/02/2015,LMT,OR,ANM,WE,Federal Contract Tower,0,12,10,34,56,0,0,3,0,3,0,12,13,34,59,0,0,0,59
02/03/2015,LMT,OR,ANM,WE,Federal Contract Tower,0,9,8,26,43,0,3,23,20,46,0,12,31,46,89,18,80,98,187
02/04/2015,LMT,OR,ANM,WE,Federal Contract Tower,0,5,8,22,35,0,7,26,10,43,0,12,34,32,78,22,62,84,162
02/05/2015,LMT,OR,ANM,WE,Federal Contract Tower,0,9,4,28,41,0,1,6,21,28,0,10,10,49,69,0,44,44,113
02/06/2015,LMT,OR,ANM,WE,Federal Contract Tower,0,7,4,0,11,0,2,0,0,2,0,9,4,0,13,0,0,0,13
02/07/2015,LMT,OR,ANM,WE,Federal Contract Tower,0,2,4,27,33,0,3,8,20,31,0,5,12,47,64,6,44,50,114
02/08/2015,LMT,OR,ANM,WE,Federal Contract Tower,0,0,1,16,17,0,1,7,11,19,0,1,8,27,36,0,29,29,65
02/09/2015,LMT,OR,ANM,WE,Federal Contract Tower,0,7,3,5,15,0,3,0,0,3,0,10,3,5,18,0,20,20,38
02/10/2015,LMT,OR,ANM,WE,Federal Contract Tower,0,6,2,31,39,0,4,33,13,50,0,10,35,44,89,50,40,90,179
02/11/2015,LMT,OR,ANM,WE,Federal Contract Tower,0,6,10,22,38,0,2,23,15,40,0,8,33,37,78,27,52,79,157
02/12/2015,LMT,OR,ANM,WE,Federal Contract Tower,0,5,3,23,31,0,4,4,3,11,0,9,7,26,42,46,52,98,140
02/13/2015,LMT,OR,ANM,WE,Federal Contract Tower,0,7,7,16,30,0,3,20,16,39,0,10,27,32,69,58,38,96,165
02/14/2015,LMT,OR,ANM,WE,Federal Contract Tower,0,2,3,2,7,0,2,59,0,61,0,4,62,2,68,62,0,62,130
02/15/2015,LMT,OR,ANM,WE,Federal Contract Tower,0,0,2,0,2,0,0,42,0,42,0,0,44,0,44,48,0,48,92
02/16/2015,LMT,OR,ANM,WE,Federal Contract Tower,0,5,4,0,9,0,3,48,0,51,0,8,52,0,60,68,0,68,128
02/17/2015,LMT,OR,ANM,WE,Federal Contract Tower,0,7,3,20,30,0,4,40,12,56,0,11,43,32,86,64,32,96,182
02/18/2015,LMT,OR,ANM,WE,Federal Contract Tower,0,6,2,32,40,0,4,27,18,49,0,10,29,50,89,35,47,82,171
02/19/2015,LMT,OR,ANM,WE,Federal Contract Tower,0,6,3,27,36,0,3,68,16,87,0,9,71,43,123,52,66,118,241
02/20/2015,LMT,OR,ANM,WE,Federal Contract Tower,0,3,6,17,26,0,5,47,0,52,0,8,53,17,78,74,36,110,188
02/21/2015,LMT,OR,ANM,WE,Federal Contract Tower,0,0,1,0,1,0,3,41,0,44,0,3,42,0,45,40,0,40,85
02/22/2015,LMT,OR,ANM,WE,Federal Contract Tower,0,0,2,0,2,0,0,24,0,24,0,0,26,0,26,38,0,38,64
02/23/2015,LMT,OR,ANM,WE,Federal Contract Tower,0,3,6,2,11,0,9,41,0,50,0,12,47,2,61,86,0,86,147
02/24/2015,LMT,OR,ANM,WE,Federal Contract Tower,0,5,2,19,26,0,5,44,19,68,0,10,46,38,94,16,62,78,172
02/25/2015,LMT,OR,ANM,WE,Federal Contract Tower,0,8,11,36,55,0,5,57,12,74,0,13,68,48,129,55,60,115,244
02/26/2015,LMT,OR,ANM,WE,Federal Contract Tower,0,8,10,17,35,0,4,22,19,45,0,12,32,36,80,46,35,81,161
02/27/2015,LMT,OR,ANM,WE,Federal Contract Tower,0,5,3,13,21,0,4,1,11,16,0,9,4,24,37,26,14,40,77
02/28/2015,LMT,OR,ANM,WE,Federal Contract Tower,0,2,1,0,3,0,1,8,0,9,0,3,9,0,12,28,0,28,40
03/01/2015,LMT,OR,ANM,WE,Federal Contract Tower,0,0,0,0,0,0,0,52,1,53,0,0,52,1,53,78,0,78,131
03/02/2015,LMT,OR,ANM,WE,Federal Contract Tower,0,16,1,18,35,0,3,23,8,34,0,19,24,26,69,54,24,78,147
03/03/2015,LMT,OR,ANM,WE,Federal Contract Tower,0,6,8,19,33,0,7,36,4,47,0,13,44,23,80,62,34,96,176
03/04/2015,LMT,OR,ANM,WE,Federal Contract Tower,0,10,9,16,35,0,6,42,5,53,0,16,51,21,88,160,12,172,260
03/05/2015,LMT,OR,ANM,WE,Federal Contract Tower,0,4,3,23,30,0,3,52,2,57,0,7,55,25,87,46,34,80,167
03/06/2015,LMT,OR,ANM,WE,Federal Contract Tower,0,1,2,14,17,0,7,62,5,74,0,8,64,19,91,74,46,120,211
03/07/2015,LMT,OR,ANM,WE,Federal Contract Tower,0,0,4,6,10,0,3,43,2,48,0,3,47,8,58,32,4,36,94
03/08/2015,LMT,OR,ANM,WE,Federal Contract Tower,0,1,3,6,10,0,2,46,6,54,0,3,49,12,64,32,16,48,112
03/09/2015,LMT,OR,ANM,WE,Federal Contract Tower,0,4,3,0,7,0,13,32,2,47,0,17,35,2,54,56,0,56,110
03/10/2015,LMT,OR,ANM,WE,Federal Contract Tower,0,6,6,10,22,0,9,28,6,43,0,15,34,16,65,20,24,44,109
03/11/2015,LMT,OR,ANM,WE,Federal Contract Tower,0,11,9,16,36,0,0,0,0,0,0,11,9,16,36,4,49,53,89
03/12/2015,LMT,OR,ANM,WE,Federal Contract Tower,0,2,3,13,18,0,5,17,5,27,0,7,20,18,45,38,4,42,87
03/13/2015,LMT,OR,ANM,WE,Federal Contract Tower,0,5,5,17,27,0,9,43,20,72,0,14,48,37,99,32,22,54,153
03/14/2015,LMT,OR,ANM,WE,Federal Contract Tower,0,7,9,5,21,0,2,29,0,31,0,9,38,5,52,46,1,47,99
03/15/2015,LMT,OR,ANM,WE,Federal Contract Tower,0,2,5,1,8,0,2,9,0,11,0,4,14,1,19,0,0,0,19
03/16/2015,LMT,OR,ANM,WE,Federal Contract Tower,0,10,13,41,64,0,0,0,2,2,0,10,13,43,66,8,18,26,92
03/17/2015,LMT,OR,ANM,WE,Federal Contract Tower,0,8,1,10,19,0,5,9,10,24,0,13,10,20,43,36,32,68,111
03/18/2015,LMT,OR,ANM,WE,Federal Contract Tower,0,6,5,34,45,0,9,8,17,34,0,15,13,51,79,60,126,186,265
03/19/2015,LMT,OR,ANM,WE,Federal Contract Tower,0,4,3,26,33,0,12,37,23,72,0,16,40,49,105,64,90,154,259
03/20/2015,LMT,OR,ANM,WE,Federal Contract Tower,0,2,5,21,28,0,11,33,7,51,0,13,38,28,79,72,72,144,223
03/21/2015,LMT,OR,ANM,WE,Federal Contract Tower,0,2,3,0,5,0,3,41,0,44,0,5,44,0,49,94,0,94,143
03/22/2015,LMT,OR,ANM,WE,Federal Contract Tower,0,5,2,0,7,0,0,2,0,2,0,5,4,0,9,30,0,30,39
03/23/2015,LMT,OR,ANM,WE,Federal Contract Tower,0,13,5,6,24,0,0,0,0,0,0,13,5,6,24,14,0,14,38
03/24/2015,LMT,OR,ANM,WE,Federal Contract Tower,0,8,3,29,40,0,1,7,0,8,0,9,10,29,48,10,32,42,90
03/25/2015,LMT,OR,ANM,WE,Federal Contract Tower,0,6,4,24,34,0,5,23,8,36,0,11,27,32,70,36,40,76,146
03/26/2015,LMT,OR,ANM,WE,Federal Contract Tower,0,6,0,22,28,0,9,42,9,60,0,15,42,31,88,52,48,100,188
03/27/2015,LMT,OR,ANM,WE,Federal Contract Tower,0,5,2,10,17,0,7,54,18,79,0,12,56,28,96,64,62,126,222
03/28/2015,LMT,OR,ANM,WE,Federal Contract Tower,0,1,2,0,3,0,7,47,1,55,0,8,49,1,58,52,4,56,114
03/29/2015,LMT,OR,ANM,WE,Federal Contract Tower,0,0,3,2,5,0,0,53,1,54,0,0,56,3,59,32,10,42,101
03/30/2015,LMT,OR,ANM,WE,Federal Contract Tower,0,3,2,19,24,0,6,21,5,32,0,9,23,24,56,32,18,50,106
03/31/2015,LMT,OR,ANM,WE,Federal Contract Tower,0,8,6,35,49,0,3,5,21,29,0,11,11,56,78,0,64,64,142
04/01/2015,LMT,OR,ANM,WE,Federal Contract Tower,0,3,1,26,30,0,6,28,18,52,0,9,29,44,82,48,84,132,214
04/02/2015,LMT,OR,ANM,WE,Federal Contract Tower,0,2,2,49,53,0,6,36,4,46,0,8,38,53,99,48,106,154,253
04/03/2015,LMT,OR,ANM,WE,Federal Contract Tower,0,1,0,28,29,0,14,48,1,63,0,15,48,29,92,20,60,80,172
04/04/2015,LMT,OR,ANM,WE,Federal Contract Tower,0,3,4,0,7,0,0,30,0,30,0,3,34,0,37,0,0,0,37
04/05/2015,LMT,OR,ANM,WE,Federal Contract Tower,0,0,7,0,7,0,0,1,0,1,0,0,8,0,8,0,0,0,8
04/06/2015,LMT,OR,ANM,WE,Federal Contract Tower,0,8,3,37,48,0,3,7,25,35,0,11,10,62,83,0,70,70,153
04/07/2015,LMT,OR,ANM,WE,Federal Contract Tower,0,12,7,56,75,0,0,0,0,0,0,12,7,56,75,0,30,30,105
04/08/2015,LMT,OR,ANM,WE,Federal Contract Tower,0,6,5,56,67,0,6,33,17,56,0,12,38,73,123,28,94,122,245
04/09/2015,LMT,OR,ANM,WE,Federal Contract Tower,0,5,3,30,38,0,4,28,18,50,0,9,31,48,88,72,98,170,258
04/10/2015,LMT,OR,ANM,WE,Federal Contract Tower,0,2,5,32,39,0,7,39,12,58,0,9,44,44,97,50,44,94,191
04/11/2015,LMT,OR,ANM,WE,Federal Contract Tower,0,3,4,44,51,0,0,9,7,16,0,3,13,51,67,0,64,64,131
04/12/2015,LMT,OR,ANM,WE,Federal Contract Tower,0,0,0,32,32,0,0,0,40,40,0,0,0,72,72,102,22,124,196
04/13/2015,LMT,OR,ANM,WE,Federal Contract Tower,0,4,8,0,12,0,7,21,0,28,0,11,29,0,40,20,0,20,60
04/14/2015,LMT,OR,ANM,WE,Federal Contract Tower,0,5,7,42,54,0,5,14,19,38,0,10,21,61,92,14,40,54,146
04/15/2015,LMT,OR,ANM,WE,Federal Contract Tower,0,3,2,27,32,0,7,71,25,103,0,10,73,52,135,123,68,191,326
04/16/2015,LMT,OR,ANM,WE,Federal Contract Tower,0,4,0,28,32,0,5,63,22,90,0,9,63,50,122,36,54,90,212
04/17/2015,LMT,OR,ANM,WE,Federal Contract Tower,0,2,1,23,26,0,7,40,5,52,0,9,41,28,78,66,30,96,174
04/18/2015,LMT,OR,ANM,WE,Federal Contract Tower,0,2,4,1,7,0,3,26,0,29,0,5,30,1,36,42,0,42,78
04/19/2015,LMT,OR,ANM,WE,Federal Contract Tower,0,3,2,0,5,0,0,32,0,32,0,3,34,0,37,16,0,16,53
04/20/2015,LMT,OR,ANM,WE,Federal Contract Tower,0,7,1,17,25,0,6,29,5,40,0,13,30,22,65,33,36,69,134
04/21/2015,LMT,OR,ANM,WE,Federal Contract Tower,0,6,1,15,22,0,7,16,11,34,0,13,17,26,56,75,2,77,133
04/22/2015,LMT,OR,ANM,WE,Federal Contract Tower,0,4,3,25,32,0,6,18,8,32,0,10,21,33,64,54,42,96,160
04/23/2015,LMT,OR,ANM,WE,Federal Contract Tower,0,7,6,7,20,0,2,44,6,52,0,9,50,13,72,32,32,64,136
04/24/2015,LMT,OR,ANM,WE,Federal Contract Tower,0,5,4,10,19,0,3,14,7,24,0,8,18,17,43,12,40,52,95
04/25/2015,LMT,OR,ANM,WE,Federal Contract Tower,0,3,5,0,8,0,5,24,0,29,0,8,29,0,37,48,0,48,85
04/26/2015,LMT,OR,ANM,WE,Federal Contract Tower,0,0,0,2,2,0,0,40,0,40,0,0,40,2,42,33,0,33,75
04/27/2015,LMT,OR,ANM,WE,Federal Contract Tower,0,2,6,2,10,0,6,32,0,38,0,8,38,2,48,80,0,80,128
04/28/2015,LMT,OR,ANM,WE,Federal Contract Tower,0,4,6,26,36,0,8,39,16,63,0,12,45,42,99,44,40,84,183
04/29/2015,LMT,OR,ANM,WE,Federal Contract Tower,0,4,8,23,35,0,5,15,12,32,0,9,23,35,67,10,64,74,141
04/30/2015,LMT,OR,ANM,WE,Federal Contract Tower,0,4,7,24,35,0,5,42,16,63,0,9,49,40,98,29,36,65,163
05/01/2015,LMT,OR,ANM,WE,Federal Contract Tower,0,1,2,31,34,0,5,39,9,53,0,6,41,40,87,74,4,78,165
05/02/2015,LMT,OR,ANM,WE,Federal Contract Tower,0,0,3,19,22,0,4,30,20,54,0,4,33,39,76,29,56,85,161
05/03/2015,LMT,OR,ANM,WE,Federal Contract Tower,0,1,30,20,51,0,0,6,0,6,0,1,36,20,57,50,14,64,121
05/04/2015,LMT,OR,ANM,WE,Federal Contract Tower,0,4,5,3,12,0,9,33,2,44,0,13,38,5,56,73,26,99,155
05/05/2015,LMT,OR,ANM,WE,Federal Contract Tower,0,1,3,25,29,0,13,24,25,62,0,14,27,50,91,44,87,131,222
05/06/2015,LMT,OR,ANM,WE,Federal Contract Tower,0,5,7,20,32,0,4,21,25,50,0,9,28,45,82,12,22,34,116
05/07/2015,LMT,OR,ANM,WE,Federal Contract Tower,0,6,2,24,32,0,0,15,22,37,0,6,17,46,69,12,67,79,148
05/08/2015,LMT,OR,ANM,WE,Federal Contract Tower,0,2,0,15,17,0,5,48,16,69,0,7,48,31,86,78,12,90,176
05/09/2015,LMT,OR,ANM,WE,Federal Contract Tower,0,1,2,0,3,0,3,50,0,53,0,4,52,0,56,68,0,68,124
05/10/2015,LMT,OR,ANM,WE,Federal Contract Tower,0,1,1,0,2,0,2,31,0,33,0,3,32,0,35,67,0,67,102
05/11/2015,LMT,OR,ANM,WE,Federal Contract Tower,0,6,5,54,65,0,0,12,13,25,0,6,17,67,90,34,26,60,150
05/12/2015,LMT,OR,ANM,WE,Federal Contract Tower,0,8,10,30,48,0,3,4,22,29,0,11,14,52,77,34,30,64,141
05/13/2015,LMT,OR,ANM,WE,Federal Contract Tower,0,8,4,46,58,0,1,18,15,34,0,9,22,61,92,204,60,264,356
05/14/2015,LMT,OR,ANM,WE,Federal Contract Tower,0,3,2,44,49,0,6,48,14,68,0,9,50,58,117,179,38,217,334
05/15/2015,LMT,OR,ANM,WE,Federal Contract Tower,0,5,2,10,17,0,3,18,6,27,0,8,20,16,44,144,20,164,208
05/16/2015,LMT,OR,ANM,WE,Federal Contract Tower,0,2,3,0,5,0,2,56,0,58,0,4,59,0,63,74,0,74,137
05/17/2015,LMT,OR,ANM,WE,Federal Contract Tower,0,1,4,0,5,0,0,41,0,41,0,1,45,0,46,68,0,68,114
05/18/2015,LMT,OR,ANM,WE,Federal Contract Tower,0,9,3,34,46,0,2,17,18,37,0,11,20,52,83,32,32,64,147
05/19/2015,LMT,OR,ANM,WE,Federal Contract Tower,0,6,7,38,51,0,7,48,2,57,0,13,55,40,108,26,22,48,156
05/20/2015,LMT,OR,ANM,WE,Federal Contract Tower,0,8,12,34,54,0,3,11,10,24,0,11,23,44,78,32,16,48,126
05/21/2015,LMT,OR,ANM,WE,Federal Contract Tower,0,7,9,18,34,0,7,43,8,58,0,14,52,26,92,116,10,126,218
05/22/2015,LMT,OR,ANM,WE,Federal Contract Tower,0,9,9,0,18,0,1,23,0,24,0,10,32,0,42,48,0,48,90
05/23/2015,LMT,OR,ANM,WE,Federal Contract Tower,0,2,4,0,6,0,0,27,0,27,0,2,31,0,33,12,0,12,45
05/24/2015,LMT,OR,ANM,WE,Federal Contract Tower,0,0,8,0,8,0,0,74,0,74,0,0,82,0,82,34,0,34,116
05/25/2015,LMT,OR,ANM,WE,Federal Contract Tower,0,0,7,2,9,0,0,53,4,57,0,0,60,6,66,60,10,70,136
05/26/2015,LMT,OR,ANM,WE,Federal Contract Tower,0,2,5,36,43,0,0,48,23,71,0,2,53,59,114,44,30,74,188
05/27/2015,LMT,OR,ANM,WE,Federal Contract Tower,0,7,1,25,33,0,4,71,30,105,0,11,72,55,138,62,88,150,288
05/28/2015,LMT,OR,ANM,WE,Federal Contract Tower,0,4,2,24,30,0,10,76,22,108,0,14,78,46,138,179,42,221,359
05/29/2015,LMT,OR,ANM,WE,Federal Contract Tower,0,3,1,19,23,0,5,64,5,74,0,8,65,24,97,10,66,76,173
05/30/2015,LMT,OR,ANM,WE,Federal Contract Tower,0,2,6,0,8,0,5,58,0,63,0,7,64,0,71,40,0,40,111
05/31/2015,LMT,OR,ANM,WE,Federal Contract Tower,0,0,11,0,11,0,0,34,0,34,0,0,45,0,45,34,0,34,79
06/01/2015,LMT,OR,ANM,WE,Federal Contract Tower,0,7,8,0,15,0,3,35,0,38,0,10,43,0,53,52,0,52,105
06/02/2015,LMT,OR,ANM,WE,Federal Contract Tower,0,5,5,36,46,0,3,29,20,52,0,8,34,56,98,101,55,156,254
06/03/2015,LMT,OR,ANM,WE,Federal Contract Tower,0,5,0,24,29,0,2,58,25,85,0,7,58,49,114,44,65,109,223
06/04/2015,LMT,OR,ANM,WE,Federal Contract Tower,0,6,3,18,27,0,3,32,18,53,0,9,35,36,80,48,23,71,151
06/05/2015,LMT,OR,ANM,WE,Federal Contract Tower,0,7,1,10,18,0,5,50,10,65,0,12,51,20,83,136,20,156,239
06/06/2015,LMT,OR,ANM,WE,Federal Contract Tower,0,1,4,18,23,0,6,63,41,110,0,7,67,59,133,86,38,124,257
06/07/2015,LMT,OR,ANM,WE,Federal Contract Tower,0,0,1,10,11,0,3,45,0,48,0,3,46,10,59,42,26,68,127
06/08/2015,LMT,OR,ANM,WE,Federal Contract Tower,0,2,6,3,11,0,5,45,1,51,0,7,51,4,62,80,52,132,194
06/09/2015,LMT,OR,ANM,WE,Federal Contract Tower,0,3,1,23,27,0,4,18,23,45,0,7,19,46,72,34,40,74,146
06/10/2015,LMT,OR,ANM,WE,Federal Contract Tower,0,5,14,21,40,0,4,56,34,94,0,9,70,55,134,87,99,186,320
06/11/2015,LMT,OR,ANM,WE,Federal Contract Tower,0,4,0,24,28,0,5,78,20,103,0,9,78,44,131,108,122,230,361
06/12/2015,LMT,OR,ANM,WE,Federal Contract Tower,0,4,7,16,27,0,6,47,19,72,0,10,54,35,99,122,42,164,263
06/13/2015,LMT,OR,ANM,WE,Federal Contract Tower,0,3,4,0,7,0,4,29,0,33,0,7,33,0,40,77,0,77,117
06/14/2015,LMT,OR,ANM,WE,Federal Contract Tower,0,2,8,0,10,0,0,25,0,25,0,2,33,0,35,48,0,48,83
06/15/2015,LMT,OR,ANM,WE,Federal Contract Tower,0,4,25,58,87,0,2,10,0,12,0,6,35,58,99,74,88,162,261
06/16/2015,LMT,OR,ANM,WE,Federal Contract Tower,0,2,5,27,34,0,7,30,24,61,0,9,35,51,95,0,68,68,163
06/17/2015,LMT,OR,ANM,WE,Federal Contract Tower,0,5,3,30,38,0,7,45,16,68,0,12,48,46,106,96,80,176,282
06/18/2015,LMT,OR,ANM,WE,Federal Contract Tower,0,3,4,27,34,0,9,42,23,74,0,12,46,50,108,102,60,162,270
06/19/2015,LMT,OR,ANM,WE,Federal Contract Tower,0,3,3,22,28,0,4,48,12,64,0,7,51,34,92,130,62,192,284
06/20/2015,LMT,OR,ANM,WE,Federal Contract Tower,0,3,0,0,3,0,1,58,0,59,0,4,58,0,62,88,8,96,158
06/21/2015,LMT,OR,ANM,WE,Federal Contract Tower,0,2,8,1,11,0,1,62,0,63,0,3,70,1,74,24,0,24,98
06/22/2015,LMT,OR,ANM,WE,Federal Contract Tower,0,1,6,0,7,0,9,42,1,52,0,10,48,1,59,44,0,44,103
06/23/2015,LMT,OR,ANM,WE,Federal Contract Tower,0,8,2,31,41,0,4,68,14,86,0,12,70,45,127,126,68,194,321
06/24/2015,LMT,OR,ANM,WE,Federal Contract Tower,0,2,3,40,45,0,8,78,30,116,0,10,81,70,161,144,50,194,355
06/25/2015,LMT,OR,ANM,WE,Federal Contract Tower,0,5,0,16,21,0,6,55,16,77,0,11,55,32,98,72,39,111,209
06/26/2015,LMT,OR,ANM,WE,Federal Contract Tower,0,6,4,10,20,0,2,64,6,72,0,8,68,16,92,172,10,182,274
06/27/2015,LMT,OR,ANM,WE,Federal Contract Tower,0,2,0,0,2,0,6,45,0,51,0,8,45,0,53,42,0,42,95
06/28/2015,LMT,OR,ANM,WE,Federal Contract Tower,0,1,2,1,4,0,3,53,0,56,0,4,55,1,60,53,0,53,113
06/29/2015,LMT,OR,ANM,WE,Federal Contract Tower,0,3,2,18,23,0,10,29,14,53,0,13,31,32,76,148,58,206,282
06/30/2015,LMT,OR,ANM,WE,Federal Contract Tower,0,9,0,23,32,0,7,57,22,86,0,16,57,45,118,265,40,305,423
07/01/2015,LMT,OR,ANM,WE,Federal Contract Tower,0,2,0,32,34,0,10,57,28,95,0,12,57,60,129,178,52,230,359
07/02/2015,LMT,OR,ANM,WE,Federal Contract Tower,0,7,5,16,28,0,5,37,20,62,0,12,42,36,90,54,46,100,190
07/03/2015,LMT,OR,ANM,WE,Federal Contract Tower,0,6,2,0,8,0,2,41,0,43,0,8,43,0,51,42,0,42,93
07/04/2015,LMT,OR,ANM,WE,Federal Contract Tower,0,0,0,0,0,0,0,33,4,37,0,0,33,4,37,39,6,45,82
07/05/2015,LMT,OR,ANM,WE,Federal Contract Tower,0,3,2,0,5,0,0,27,0,27,0,3,29,0,32,0,0,0,32
07/06/2015,LMT,OR,ANM,WE,Federal Contract Tower,0,4,6,0,10,0,8,93,0,101,0,12,99,0,111,40,0,40,151
07/07/2015,LMT,OR,ANM,WE,Federal Contract Tower,0,4,3,22,29,0,5,45,22,72,0,9,48,44,101,7,44,51,152
07/08/2015,LMT,OR,ANM,WE,Federal Contract Tower,0,2,3,14,19,0,2,30,31,63,0,4,33,45,82,22,17,39,121
07/09/2015,LMT,OR,ANM,WE,Federal Contract Tower,0,4,3,20,27,0,7,64,26,97,0,11,67,46,124,110,20,130,254
07/10/2015,LMT,OR,ANM,WE,Federal Contract Tower,0,10,27,27,64,0,2,2,0,4,0,12,29,27,68,70,20,90,158
07/11/2015,LMT,OR,ANM,WE,Federal Contract Tower,0,1,3,0,4,0,6,60,0,66,0,7,63,0,70,78,0,78,148
07/12/2015,LMT,OR,ANM,WE,Federal Contract Tower,0,2,4,0,6,0,1,66,0,67,0,3,70,0,73,76,0,76,149
07/13/2015,LMT,OR,ANM,WE,Federal Contract Tower,0,0,1,0,1,0,9,57,0,66,0,9,58,0,67,84,0,84,151
07/14/2015,LMT,OR,ANM,WE,Federal Contract Tower,0,10,2,22,34,0,3,75,22,100,0,13,77,44,134,80,46,126,260
07/15/2015,LMT,OR,ANM,WE,Federal Contract Tower,0,7,2,30,39,0,5,62,39,106,0,12,64,69,145,76,30,106,251
07/16/2015,LMT,OR,ANM,WE,Federal Contract Tower,0,2,1,26,29,0,18,60,28,106,0,20,61,54,135,76,63,139,274
07/17/2015,LMT,OR,ANM,WE,Federal Contract Tower,0,4,5,13,22,0,5,49,15,69,0,9,54,28,91,26,32,58,149
07/18/2015,LMT,OR,ANM,WE,Federal Contract Tower,0,2,7,0,9,0,10,48,0,58,0,12,55,0,67,26,0,26,93
07/19/2015,LMT,OR,ANM,WE,Federal Contract Tower,0,0,0,0,0,0,4,58,0,62,0,4,58,0,62,47,0,47,109
07/20/2015,LMT,OR,ANM,WE,Federal Contract Tower,0,2,2,30,34,0,8,42,14,64,0,10,44,44,98,72,28,100,198
07/21/2015,LMT,OR,ANM,WE,Federal Contract Tower,0,2,8,41,51,0,5,51,28,84,0,7,59,69,135,144,66,210,345
07/22/2015,LMT,OR,ANM,WE,Federal Contract Tower,0,4,3,32,39,0,4,30,30,64,0,8,33,62,103,78,54,132,235
07/23/2015,LMT,OR,ANM,WE,Federal Contract Tower,0,5,2,30,37,0,22,82,28,132,0,27,84,58,169,154,50,204,373
07/24/2015,LMT,OR,ANM,WE,Federal Contract Tower,0,6,8,23,37,0,8,74,19,101,0,14,82,42,138,48,36,84,222
07/25/2015,LMT,OR,ANM,WE,Federal Contract Tower,0,2,5,0,7,0,5,52,0,57,0,7,57,0,64,84,0,84,148
07/26/2015,LMT,OR,ANM,WE,Federal Contract Tower,0,0,3,0,3,0,6,69,3,78,0,6,72,3,81,28,0,28,109
07/27/2015,LMT,OR,ANM,WE,Federal Contract Tower,0,2,6,35,43,0,7,40,33,80,0,9,46,68,123,56,52,108,231
07/28/2015,LMT,OR,ANM,WE,Federal Contract Tower,0,5,4,32,41,0,6,45,40,91,0,11,49,72,132,34,49,83,215
07/29/2015,LMT,OR,ANM,WE,Federal Contract Tower,0,4,1,36,41,0,9,33,40,82,0,13,34,76,123,12,38,50,173
07/30/2015,LMT,OR,ANM,WE,Federal Contract Tower,0,2,2,80,84,0,14,44,84,142,0,16,46,164,226,12,70,82,308
07/31/2015,LMT,OR,ANM,WE,Federal Contract Tower,0,5,7,70,82,0,3,94,74,171,0,8,101,144,253,24,52,76,329
08/01/2015,LMT,OR,ANM,WE,Federal Contract Tower,0,3,4,69,76,0,14,58,65,137,0,17,62,134,213,98,89,187,400
08/02/2015,LMT,OR,ANM,WE,Federal Contract Tower,0,3,13,91,107,0,1,12,0,13,0,4,25,91,120,0,0,0,120
08/03/2015,LMT,OR,ANM,WE,Federal Contract Tower,0,4,5,26,35,0,10,52,5,67,0,14,57,31,102,24,0,24,126
08/04/2015,LMT,OR,ANM,WE,Federal Contract Tower,0,4,6,32,42,0,11,100,28,139,0,15,106,60,181,106,80,186,367
08/05/2015,LMT,OR,ANM,WE,Federal Contract Tower,0,3,5,24,32,0,5,52,16,73,0,8,57,40,105,259,97,356,461
08/06/2015,LMT,OR,ANM,WE,Federal Contract Tower,0,6,12,27,45,0,3,61,33,97,0,9,73,60,142,77,110,187,329
08/07/2015,LMT,OR,ANM,WE,Federal Contract Tower,0,9,50,26,85,0,0,32,0,32,0,9,82,26,117,94,32,126,243
08/08/2015,LMT,OR,ANM,WE,Federal Contract Tower,0,5,4,1,10,0,0,37,2,39,0,5,41,3,49,65,8,73,122
08/09/2015,LMT,OR,ANM,WE,Federal Contract Tower,0,0,3,0,3,0,0,31,0,31,0,0,34,0,34,21,0,21,55
08/10/2015,LMT,OR,ANM,WE,Federal Contract Tower,0,3,6,32,41,0,4,23,7,34,0,7,29,39,75,21,109,130,205
08/11/2015,LMT,OR,ANM,WE,Federal Contract Tower,0,7,6,22,35,0,3,29,22,54,0,10,35,44,89,68,54,122,211
08/12/2015,LMT,OR,ANM,WE,Federal Contract Tower,0,3,8,35,46,0,5,48,15,68,0,8,56,50,114,123,66,189,303
08/13/2015,LMT,OR,ANM,WE,Federal Contract Tower,0,4,7,37,48,0,5,56,21,82,0,9,63,58,130,68,60,128,258
08/14/2015,LMT,OR,ANM,WE,Federal Contract Tower,0,1,7,28,36,0,4,34,12,50,0,5,41,40,86,110,90,200,286
08/15/2015,LMT,OR,ANM,WE,Federal Contract Tower,0,5,3,0,8,0,7,25,0,32,0,12,28,0,40,162,0,162,202
08/16/2015,LMT,OR,ANM,WE,Federal Contract Tower,0,1,2,0,3,0,2,41,0,43,0,3,43,0,46,41,0,41,87
08/17/2015,LMT,OR,ANM,WE,Federal Contract Tower,0,3,2,0,5,0,5,48,0,53,0,8,50,0,58,118,0,118,176
08/18/2015,LMT,OR,ANM,WE,Federal Contract Tower,0,6,3,40,49,0,6,53,16,75,0,12,56,56,124,87,132,219,343
08/19/2015,LMT,OR,ANM,WE,Federal Contract Tower,0,5,5,31,41,0,3,40,22,65,0,8,45,53,106,30,66,96,202
08/20/2015,LMT,OR,ANM,WE,Federal Contract Tower,0,3,3,32,38,0,9,42,10,61,0,12,45,42,99,85,69,154,253
08/21/2015,LMT,OR,ANM,WE,Federal Contract Tower,0,4,8,18,30,0,5,66,12,83,0,9,74,30,113,125,24,149,262
08/22/2015,LMT,OR,ANM,WE,Federal Contract Tower,0,2,5,7,14,0,4,30,0,34,0,6,35,7,48,20,8,28,76
08/23/2015,LMT,OR,ANM,WE,Federal Contract Tower,0,1,7,0,8,0,0,30,0,30,0,1,37,0,38,32,0,32,70
08/24/2015,LMT,OR,ANM,WE,Federal Contract Tower,0,4,3,31,38,0,3,24,11,38,0,7,27,42,76,0,39,39,115
08/25/2015,LMT,OR,ANM,WE,Federal Contract Tower,0,5,1,32,38,0,2,40,12,54,0,7,41,44,92,70,38,108,200
08/26/2015,LMT,OR,ANM,WE,Federal Contract Tower,0,2,5,32,39,0,6,20,12,38,0,8,25,44,77,74,40,114,191
08/27/2015,LMT,OR,ANM,WE,Federal Contract Tower,0,6,2,34,42,0,3,32,10,45,0,9,34,44,87,97,36,133,220
08/28/2015,LMT,OR,ANM,WE,Federal Contract Tower,0,7,6,21,34,0,2,43,7,52,0,9,49,28,86,10,42,52,138
08/29/2015,LMT,OR,ANM,WE,Federal Contract Tower,0,2,0,0,2,0,1,16,0,17,0,3,16,0,19,22,0,22,41
08/30/2015,LMT,OR,ANM,WE,Federal Contract Tower,0,0,0,0,0,0,0,68,0,68,0,0,68,0,68,86,0,86,154
08/31/2015,LMT,OR,ANM,WE,Federal Contract Tower,0,1,4,24,29,0,4,16,20,40,0,5,20,44,69,18,46,64,133
09/01/2015,LMT,OR,ANM,WE,Federal Contract Tower,0,4,3,28,35,0,5,29,20,54,0,9,32,48,89,108,30,138,227
09/02/2015,LMT,OR,ANM,WE,Federal Contract Tower,0,5,2,40,47,0,1,19,0,20,0,6,21,40,67,47,54,101,168
09/03/2015,LMT,OR,ANM,WE,Federal Contract Tower,0,6,3,12,21,0,6,38,12,56,0,12,41,24,77,18,16,34,111
09/04/2015,LMT,OR,ANM,WE,Federal Contract Tower,0,2,1,0,3,0,7,37,0,44,0,9,38,0,47,59,0,59,106
09/05/2015,LMT,OR,ANM,WE,Federal Contract Tower,0,3,0,0,3,0,4,45,0,49,0,7,45,0,52,36,0,36,88
09/06/2015,LMT,OR,ANM,WE,Federal Contract Tower,0,2,1,0,3,0,1,35,0,36,0,3,36,0,39,54,0,54,93
09/07/2015,LMT,OR,ANM,WE,Federal Contract Tower,0,0,8,0,8,0,0,44,0,44,0,0,52,0,52,76,0,76,128
09/08/2015,LMT,OR,ANM,WE,Federal Contract Tower,0,5,7,33,45,0,6,42,5,53,0,11,49,38,98,59,61,120,218
09/09/2015,LMT,OR,ANM,WE,Federal Contract Tower,0,2,3,33,38,0,2,14,17,33,0,4,17,50,71,44,40,84,155
09/10/2015,LMT,OR,ANM,WE,Federal Contract Tower,0,7,2,12,21,0,7,56,17,80,0,14,58,29,101,0,12,12,113
09/11/2015,LMT,OR,ANM,WE,Federal Contract Tower,0,2,1,13,16,0,8,43,22,73,0,10,44,35,89,84,26,110,199
09/12/2015,LMT,OR,ANM,WE,Federal Contract Tower,0,2,0,35,37,0,0,27,23,50,0,2,27,58,87,26,66,92,179
09/13/2015,LMT,OR,ANM,WE,Federal Contract Tower,0,0,25,8,33,0,2,26,34,62,0,2,51,42,95,42,46,88,183
09/14/2015,LMT,OR,ANM,WE,Federal Contract Tower,0,6,11,1,18,0,4,24,0,28,0,10,35,1,46,54,0,54,100
09/15/2015,LMT,OR,ANM,WE,Federal Contract Tower,0,7,3,23,33,0,5,47,20,72,0,12,50,43,105,69,38,107,212
09/16/2015,LMT,OR,ANM,WE,Federal Contract Tower,0,7,13,58,78,0,5,19,8,32,0,12,32,66,110,12,17,29,139
09/17/2015,LMT,OR,ANM,WE,Federal Contract Tower,0,5,8,37,50,0,3,13,0,16,0,8,21,37,66,50,40,90,156
09/18/2015,LMT,OR,ANM,WE,Federal Contract Tower,0,3,2,20,25,0,7,49,11,67,0,10,51,31,92,46,22,68,160
09/19/2015,LMT,OR,ANM,WE,Federal Contract Tower,0,0,7,0,7,0,2,46,12,60,0,2,53,12,67,42,0,42,109
09/20/2015,LMT,OR,ANM,WE,Federal Contract Tower,0,0,1,0,1,0,0,36,2,38,0,0,37,2,39,44,0,44,83
09/21/2015,LMT,OR,ANM,WE,Federal Contract Tower,0,4,5,27,36,0,2,34,8,44,0,6,39,35,80,35,23,58,138
09/22/2015,LMT,OR,ANM,WE,Federal Contract Tower,0,3,9,28,40,0,6,76,108,190,0,9,85,136,230,106,72,178,408
09/23/2015,LMT,OR,ANM,WE,Federal Contract Tower,0,2,4,28,34,0,7,42,2,51,0,9,46,30,85,41,48,89,174
09/24/2015,LMT,OR,ANM,WE,Federal Contract Tower,0,3,17,16,36,0,7,36,30,73,0,10,53,46,109,56,34,90,199
09/25/2015,LMT,OR,ANM,WE,Federal Contract Tower,0,3,5,12,20,0,6,28,13,47,0,9,33,25,67,32,24,56,123
09/26/2015,LMT,OR,ANM,WE,Federal Contract Tower,0,5,5,0,10,0,0,12,0,12,0,5,17,0,22,52,0,52,74
09/27/2015,LMT,OR,ANM,WE,Federal Contract Tower,0,2,9,0,11,0,1,44,4,49,0,3,53,4,60,85,0,85,145
09/28/2015,LMT,OR,ANM,WE,Federal Contract Tower,0,3,8,0,11,0,5,32,0,37,0,8,40,0,48,101,0,101,149
09/29/2015,LMT,OR,ANM,WE,Federal Contract Tower,0,1,1,22,24,0,7,36,25,68,0,8,37,47,92,52,28,80,172
09/30/2015,LMT,OR,ANM,WE,Federal Contract Tower,0,2,0,0,2,0,6,38,0,44,0,8,38,0,46,70,0,70,116
10/01/2015,LMT,OR,ANM,WE,Federal Contract Tower,0,4,2,24,30,0,8,32,19,59,0,12,34,43,89,46,23,69,158
10/02/2015,LMT,OR,ANM,WE,Federal Contract Tower,0,5,6,25,36,0,9,47,19,75,0,14,53,44,111,63,42,105,216
10/03/2015,LMT,OR,ANM,WE,Federal Contract Tower,0,2,3,16,21,0,5,40,8,53,0,7,43,24,74,62,26,88,162
10/04/2015,LMT,OR,ANM,WE,Federal Contract Tower,0,2,3,0,5,0,1,44,19,64,0,3,47,19,69,25,4,29,98
10/05/2015,LMT,OR,ANM,WE,Federal Contract Tower,0,2,2,0,4,0,10,30,1,41,0,12,32,1,45,25,0,25,70
10/06/2015,LMT,OR,ANM,WE,Federal Contract Tower,0,4,5,40,49,0,3,33,0,36,0,7,38,40,85,43,34,77,162
10/07/2015,LMT,OR,ANM,WE,Federal Contract Tower,0,7,3,20,30,0,7,21,4,32,0,14,24,24,62,84,30,114,176
10/08/2015,LMT,OR,ANM,WE,Federal Contract Tower,0,0,0,20,20,0,4,36,20,60,0,4,36,40,80,32,30,62,142
10/09/2015,LMT,OR,ANM,WE,Federal Contract Tower,0,2,5,15,22,0,6,48,10,64,0,8,53,25,86,42,5,47,133
10/10/2015,LMT,OR,ANM,WE,Federal Contract Tower,0,2,2,0,4,0,2,30,10,42,0,4,32,10,46,50,0,50,96
10/11/2015,LMT,OR,ANM,WE,Federal Contract Tower,0,0,0,0,0,0,0,15,0,15,0,0,15,0,15,20,0,20,35
10/12/2015,LMT,OR,ANM,WE,Federal Contract Tower,0,4,7,0,11,0,5,58,1,64,0,9,65,1,75,76,0,76,151
10/13/2015,LMT,OR,ANM,WE,Federal Contract Tower,0,2,4,18,24,0,9,39,18,66,0,11,43,36,90,78,32,110,200
10/14/2015,LMT,OR,ANM,WE,Federal Contract Tower,0,2,1,18,21,0,6,55,18,79,0,8,56,36,100,38,20,58,158
10/15/2015,LMT,OR,ANM,WE,Federal Contract Tower,0,1,2,20,23,0,2,36,28,66,0,3,38,48,89,81,28,109,198
10/16/2015,LMT,OR,ANM,WE,Federal Contract Tower,0,2,7,10,19,0,9,55,16,80,0,11,62,26,99,89,36,125,224
10/17/2015,LMT,OR,ANM,WE,Federal Contract Tower,0,10,4,0,14,0,2,12,0,14,0,12,16,0,28,0,0,0,28
10/18/2015,LMT,OR,ANM,WE,Federal Contract Tower,0,4,9,0,13,0,1,23,0,24,0,5,32,0,37,28,0,28,65
10/19/2015,LMT,OR,ANM,WE,Federal Contract Tower,0,4,6,29,39,0,3,26,0,29,0,7,32,29,68,55,44,99,167
10/20/2015,LMT,OR,ANM,WE,Federal Contract Tower,0,8,6,28,42,0,4,32,10,46,0,12,38,38,88,30,34,64,152
10/21/2015,LMT,OR,ANM,WE,Federal Contract Tower,0,1,2,26,29,0,9,29,17,55,0,10,31,43,84,102,29,131,215
10/22/2015,LMT,OR,ANM,WE,Federal Contract Tower,0,3,7,29,39,0,6,41,7,54,0,9,48,36,93,83,32,115,208
10/23/2015,LMT,OR,ANM,WE,Federal Contract Tower,0,4,8,10,22,0,6,45,18,69,0,10,53,28,91,54,12,66,157
10/24/2015,LMT,OR,ANM,WE,Federal Contract Tower,0,5,3,5,13,0,3,33,5,41,0,8,36,10,54,46,0,46,100
10/25/2015,LMT,OR,ANM,WE,Federal Contract Tower,0,0,5,1,6,0,0,20,1,21,0,0,25,2,27,18,0,18,45
10/26/2015,LMT,OR,ANM,WE,Federal Contract Tower,0,3,2,0,5,0,3,32,0,35,0,6,34,0,40,62,0,62,102
10/27/2015,LMT,OR,ANM,WE,Federal Contract Tower,0,3,1,18,22,0,7,36,18,61,0,10,37,36,83,119,32,151,234
10/28/2015,LMT,OR,ANM,WE,Federal Contract Tower,0,9,0,18,27,0,0,4,18,22,0,9,4,36,49,40,38,78,127
10/29/2015,LMT,OR,ANM,WE,Federal Contract Tower,0,5,3,22,30,0,4,30,31,65,0,9,33,53,95,56,49,105,200
10/30/2015,LMT,OR,ANM,WE,Federal Contract Tower,0,6,1,11,18,0,6,14,11,31,0,12,15,22,49,118,10,128,177
10/31/2015,LMT,OR,ANM,WE,Federal Contract Tower,0,3,6,0,9,0,1,22,0,23,0,4,28,0,32,84,0,84,116
11/01/2015,LMT,OR,ANM,WE,Federal Contract Tower,0,0,1,0,1,0,0,7,0,7,0,0,8,0,8,6,0,6,14
11/02/2015,LMT,OR,ANM,WE,Federal Contract Tower,0,2,8,21,31,0,0,11,9,20,0,2,19,30,51,54,20,74,125
11/03/2015,LMT,OR,ANM,WE,Federal Contract Tower,0,3,12,20,35,0,1,8,22,31,0,4,20,42,66,108,16,124,190
11/04/2015,LMT,OR,ANM,WE,Federal Contract Tower,0,4,4,16,24,0,5,47,20,72,0,9,51,36,96,140,22,162,258
11/05/2015,LMT,OR,ANM,WE,Federal Contract Tower,0,7,0,17,24,0,3,32,9,44,0,10,32,26,68,58,18,76,144
11/06/2015,LMT,OR,ANM,WE,Federal Contract Tower,0,5,4,8,17,0,3,29,10,42,0,8,33,18,59,22,18,40,99
11/07/2015,LMT,OR,ANM,WE,Federal Contract Tower,0,0,1,18,19,0,3,39,20,62,0,3,40,38,81,78,12,90,171
11/08/2015,LMT,OR,ANM,WE,Federal Contract Tower,0,0,0,19,19,0,1,6,3,10,0,1,6,22,29,26,24,50,79
11/09/2015,LMT,OR,ANM,WE,Federal Contract Tower,0,6,3,0,9,0,2,4,0,6,0,8,7,0,15,24,0,24,39
11/10/2015,LMT,OR,ANM,WE,Federal Contract Tower,0,6,11,44,61,0,2,13,0,15,0,8,24,44,76,63,38,101,177
11/11/2015,LMT,OR,ANM,WE,Federal Contract Tower,0,5,0,0,5,0,4,34,3,41,0,9,34,3,46,42,6,48,94
11/12/2015,LMT,OR,ANM,WE,Federal Contract Tower,0,6,6,10,22,0,5,11,6,22,0,11,17,16,44,16,12,28,72
11/13/2015,LMT,OR,ANM,WE,Federal Contract Tower,0,2,11,10,23,0,4,28,12,44,0,6,39,22,67,34,24,58,125
11/14/2015,LMT,OR,ANM,WE,Federal Contract Tower,0,5,12,0,17,0,2,20,0,22,0,7,32,0,39,52,0,52,91
11/15/2015,LMT,OR,ANM,WE,Federal Contract Tower,0,0,4,0,4,0,0,1,0,1,0,0,5,0,5,18,0,18,23
11/16/2015,LMT,OR,ANM,WE,Federal Contract Tower,0,6,8,23,37,0,4,33,38,75,0,10,41,61,112,54,58,112,224
11/17/2015,LMT,OR,ANM,WE,Federal Contract Tower,0,8,1,25,34,0,4,7,12,23,0,12,8,37,57,34,87,121,178
11/18/2015,LMT,OR,ANM,WE,Federal Contract Tower,0,6,6,36,48,0,3,16,24,43,0,9,22,60,91,38,56,94,185
11/19/2015,LMT,OR,ANM,WE,Federal Contract Tower,0,12,11,36,59,0,1,7,0,8,0,13,18,36,67,50,0,50,117
11/20/2015,LMT,OR,ANM,WE,Federal Contract Tower,0,2,18,20,40,0,7,66,22,95,0,9,84,42,135,82,57,139,274
11/21/2015,LMT,OR,ANM,WE,Federal Contract Tower,0,1,3,0,4,0,3,36,0,39,0,4,39,0,43,104,0,104,147
11/22/2015,LMT,OR,ANM,WE,Federal Contract Tower,0,0,2,0,2,0,0,26,0,26,0,0,28,0,28,43,0,43,71
11/23/2015,LMT,OR,ANM,WE,Federal Contract Tower,0,5,1,22,28,0,5,31,8,44,0,10,32,30,72,12,52,64,136
11/24/2015,LMT,OR,ANM,WE,Federal Contract Tower,0,9,7,8,24,0,2,8,8,18,0,11,15,16,42,57,20,77,119
11/25/2015,LMT,OR,ANM,WE,Federal Contract Tower,0,7,4,0,11,0,0,14,0,14,0,7,18,0,25,34,0,34,59
11/26/2015,LMT,OR,ANM,WE,Federal Contract Tower,0,0,0,0,0,0,0,15,0,15,0,0,15,0,15,0,0,0,15
11/27/2015,LMT,OR,ANM,WE,Federal Contract Tower,0,4,5,0,9,0,7,16,0,23,0,11,21,0,32,26,0,26,58
11/28/2015,LMT,OR,ANM,WE,Federal Contract Tower,0,0,4,0,4,0,3,17,0,20,0,3,21,0,24,13,0,13,37
11/29/2015,LMT,OR,ANM,WE,Federal Contract Tower,0,1,5,0,6,0,0,29,0,29,0,1,34,0,35,40,0,40,75
11/30/2015,LMT,OR,ANM,WE,Federal Contract Tower,0,7,11,23,41,0,1,15,18,34,0,8,26,41,75,22,28,50,125
12/01/2015,LMT,OR,ANM,WE,Federal Contract Tower,0,4,2,20,26,0,3,27,21,51,0,7,29,41,77,48,30,78,155
12/02/2015,LMT,OR,ANM,WE,Federal Contract Tower,0,6,12,35,53,0,2,20,33,55,0,8,32,68,108,32,58,90,198
12/03/2015,LMT,OR,ANM,WE,Federal Contract Tower,0,9,7,0,16,0,4,0,0,4,0,13,7,0,20,0,0,0,20
12/04/2015,LMT,OR,ANM,WE,Federal Contract Tower,0,6,0,20,26,0,3,27,0,30,0,9,27,20,56,86,2,88,144
12/05/2015,LMT,OR,ANM,WE,Federal Contract Tower,0,1,4,22,27,0,4,18,14,36,0,5,22,36,63,28,27,55,118
12/06/2015,LMT,OR,ANM,WE,Federal Contract Tower,0,1,0,0,1,0,0,0,0,0,0,1,0,0,1,92,0,92,93
12/07/2015,LMT,OR,ANM,WE,Federal Contract Tower,0,7,2,0,9,0,1,17,0,18,0,8,19,0,27,34,0,34,61
12/08/2015,LMT,OR,ANM,WE,Federal Contract Tower,0,11,9,16,36,0,3,30,27,60,0,14,39,43,96,59,22,81,177
12/09/2015,LMT,OR,ANM,WE,Federal Contract Tower,0,10,4,22,36,0,3,19,10,32,0,13,23,32,68,39,16,55,123
12/10/2015,LMT,OR,ANM,WE,Federal Contract Tower,0,8,5,19,32,0,2,17,16,35,0,10,22,35,67,12,46,58,125
12/11/2015,LMT,OR,ANM,WE,Federal Contract Tower,0,7,9,16,32,0,3,6,10,19,0,10,15,26,51,40,28,68,119
12/12/2015,LMT,OR,ANM,WE,Federal Contract Tower,0,5,0,0,5,0,0,0,0,0,0,5,0,0,5,0,0,0,5
12/13/2015,LMT,OR,ANM,WE,Federal Contract Tower,0,0,2,0,2,0,0,0,0,0,0,0,2,0,2,0,0,0,2
12/14/2015,LMT,OR,ANM,WE,Federal Contract Tower,0,7,2,14,23,0,0,28,8,36,0,7,30,22,59,12,6,18,77
12/15/2015,LMT,OR,ANM,WE,Federal Contract Tower,0,7,1,0,8,0,6,14,0,20,0,13,15,0,28,39,0,39,67
12/16/2015,LMT,OR,ANM,WE,Federal Contract Tower,0,5,0,24,29,0,4,18,18,40,0,9,18,42,69,18,69,87,156
12/17/2015,LMT,OR,ANM,WE,Federal Contract Tower,0,2,14,4,20,0,0,8,0,8,0,2,22,4,28,9,0,9,37
12/18/2015,LMT,OR,ANM,WE,Federal Contract Tower,0,11,5,21,37,0,0,1,0,1,0,11,6,21,38,0,0,0,38
12/19/2015,LMT,OR,ANM,WE,Federal Contract Tower,0,6,7,0,13,0,2,7,0,9,0,8,14,0,22,24,0,24,46
12/20/2015,LMT,OR,ANM,WE,Federal Contract Tower,0,0,1,0,1,0,0,0,0,0,0,0,1,0,1,0,0,0,1
12/21/2015,LMT,OR,ANM,WE,Federal Contract Tower,0,7,8,0,15,0,0,1,0,1,0,7,9,0,16,0,0,0,16
12/22/2015,LMT,OR,ANM,WE,Federal Contract Tower,0,9,1,29,39,0,0,17,4,21,0,9,18,33,60,22,32,54,114
12/23/2015,LMT,OR,ANM,WE,Federal Contract Tower,0,8,1,0,9,0,6,8,0,14,0,14,9,0,23,0,0,0,23
12/24/2015,LMT,OR,ANM,WE,Federal Contract Tower,0,15,2,0,17,0,2,1,0,3,0,17,3,0,20,0,0,0,20
12/25/2015,LMT,OR,ANM,WE,Federal Contract Tower,0,0,0,0,0,0,0,2,0,2,0,0,2,0,2,0,0,0,2
12/26/2015,LMT,OR,ANM,WE,Federal Contract Tower,0,1,4,0,5,0,4,15,0,19,0,5,19,0,24,24,0,24,48
12/27/2015,LMT,OR,ANM,WE,Federal Contract Tower,0,1,4,0,5,0,0,4,0,4,0,1,8,0,9,14,0,14,23
12/28/2015,LMT,OR,ANM,WE,Federal Contract Tower,0,4,1,0,5,0,5,26,0,31,0,9,27,0,36,70,0,70,106
12/29/2015,LMT,OR,ANM,WE,Federal Contract Tower,0,8,3,20,31,0,4,26,14,44,0,12,29,34,75,68,66,134,209
12/30/2015,LMT,OR,ANM,WE,Federal Contract Tower,0,7,2,32,41,0,3,1,14,18,0,10,3,46,59,22,28,50,109
12/31/2015,LMT,OR,ANM,WE,Federal Contract Tower,0,5,4,18,27,0,6,38,16,60,0,11,42,34,87,46,42,88,175
01/01/2016,LMT,OR,ANM,WE,Federal Contract Tower,0,0,3,0,3,0,2,18,0,20,0,2,21,0,23,34,0,34,57
01/02/2016,LMT,OR,ANM,WE,Federal Contract Tower,0,0,0,0,0,0,3,19,0,22,0,3,19,0,22,19,0,19,41
01/03/2016,LMT,OR,ANM,WE,Federal Contract Tower,0,0,0,0,0,0,0,1,0,1,0,0,1,0,1,16,0,16,17
01/04/2016,LMT,OR,ANM,WE,Federal Contract Tower,0,6,8,34,48,0,8,16,10,34,0,14,24,44,82,54,64,118,200
01/05/2016,LMT,OR,ANM,WE,Federal Contract Tower,0,8,3,43,54,0,0,5,5,10,0,8,8,48,64,8,76,84,148
01/06/2016,LMT,OR,ANM,WE,Federal Contract Tower,0,7,13,51,71,0,2,19,27,48,0,9,32,78,119,4,108,112,231
01/07/2016,LMT,OR,ANM,WE,Federal Contract Tower,0,7,2,28,37,0,2,11,6,19,0,9,13,34,56,22,33,55,111
01/08/2016,LMT,OR,ANM,WE,Federal Contract Tower,0,6,4,12,22,0,7,15,0,22,0,13,19,12,44,43,0,43,87
01/09/2016,LMT,OR,ANM,WE,Federal Contract Tower,0,9,0,14,23,0,0,0,0,0,0,9,0,14,23,0,0,0,23
01/10/2016,LMT,OR,ANM,WE,Federal Contract Tower,0,3,5,26,34,0,1,28,7,36,0,4,33,33,70,52,6,58,128
01/11/2016,LMT,OR,ANM,WE,Federal Contract Tower,0,7,8,0,15,0,6,25,0,31,0,13,33,0,46,72,0,72,118
01/12/2016,LMT,OR,ANM,WE,Federal Contract Tower,0,10,6,29,45,0,4,10,16,30,0,14,16,45,75,0,60,60,135
01/13/2016,LMT,OR,ANM,WE,Federal Contract Tower,0,9,2,36,47,0,0,9,11,20,0,9,11,47,67,18,28,46,113
01/14/2016,LMT,OR,ANM,WE,Federal Contract Tower,0,6,1,18,25,0,2,4,6,12,0,8,5,24,37,0,22,22,59
01/15/2016,LMT,OR,ANM,WE,Federal Contract Tower,0,6,9,18,33,0,4,16,12,32,0,10,25,30,65,0,54,54,119
01/16/2016,LMT,OR,ANM,WE,Federal Contract Tower,0,6,4,0,10,0,0,8,0,8,0,6,12,0,18,11,0,11,29
01/17/2016,LMT,OR,ANM,WE,Federal Contract Tower,0,0,3,0,3,0,0,0,0,0,0,0,3,0,3,0,0,0,3
01/18/2016,LMT,OR,ANM,WE,Federal Contract Tower,0,5,6,0,11,0,2,11,0,13,0,7,17,0,24,28,0,28,52
01/19/2016,LMT,OR,ANM,WE,Federal Contract Tower,0,8,3,20,31,0,1,2,0,3,0,9,5,20,34,0,28,28,62
01/20/2016,LMT,OR,ANM,WE,Federal Contract Tower,0,5,8,32,45,0,5,22,12,39,0,10,30,44,84,9,38,47,131
01/21/2016,LMT,OR,ANM,WE,Federal Contract Tower,0,1,4,35,40,0,3,18,17,38,0,4,22,52,78,4,56,60,138
01/22/2016,LMT,OR,ANM,WE,Federal Contract Tower,0,12,9,25,46,0,5,20,4,29,0,17,29,29,75,20,30,50,125
01/23/2016,LMT,OR,ANM,WE,Federal Contract Tower,0,3,7,0,10,0,0,1,0,1,0,3,8,0,11,30,0,30,41
01/24/2016,LMT,OR,ANM,WE,Federal Contract Tower,0,1,2,0,3,0,0,2,0,2,0,1,4,0,5,16,0,16,21
01/25/2016,LMT,OR,ANM,WE,Federal Contract Tower,0,4,6,0,10,0,2,19,0,21,0,6,25,0,31,36,0,36,67
01/26/2016,LMT,OR,ANM,WE,Federal Contract Tower,0,13,5,34,52,0,2,2,0,4,0,15,7,34,56,62,0,62,118
01/27/2016,LMT,OR,ANM,WE,Federal Contract Tower,0,2,6,41,49,0,4,36,9,49,0,6,42,50,98,4,62,66,164
01/28/2016,LMT,OR,ANM,WE,Federal Contract Tower,0,8,2,43,53,0,1,9,2,12,0,9,11,45,65,40,16,56,121
01/29/2016,LMT,OR,ANM,WE,Federal Contract Tower,0,11,5,2,18,0,0,0,0,0,0,11,5,2,18,0,0,0,18
01/30/2016,LMT,OR,ANM,WE,Federal Contract Tower,0,0,2,0,2,0,3,3,0,6,0,3,5,0,8,62,0,62,70
01/31/2016,LMT,OR,ANM,WE,Federal Contract Tower,0,0,3,2,5,0,0,17,0,17,0,0,20,2,22,46,0,46,68
02/01/2016,LMT,OR,ANM,WE,Federal Contract Tower,0,5,4,24,33,0,3,25,20,48,0,8,29,44,81,33,50,83,164
02/02/2016,LMT,OR,ANM,WE,Federal Contract Tower,0,11,2,25,38,0,2,14,21,37,0,13,16,46,75,88,30,118,193
02/03/2016,LMT,OR,ANM,WE,Federal Contract Tower,0,9,7,38,54,0,0,12,14,26,0,9,19,52,80,38,44,82,162
02/04/2016,LMT,OR,ANM,WE,Federal Contract Tower,0,3,3,20,26,0,0,6,23,29,0,3,9,43,55,50,48,98,153
02/05/2016,LMT,OR,ANM,WE,Federal Contract Tower,0,3,1,12,16,0,3,26,12,41,0,6,27,24,57,52,16,68,125
02/06/2016,LMT,OR,ANM,WE,Federal Contract Tower,0,3,3,32,38,0,1,10,25,36,0,4,13,57,74,50,94,144,218
02/07/2016,LMT,OR,ANM,WE,Federal Contract Tower,0,1,2,12,15,0,0,26,48,74,0,1,28,60,89,69,26,95,184
02/08/2016,LMT,OR,ANM,WE,Federal Contract Tower,0,6,6,0,12,0,5,56,0,61,0,11,62,0,73,166,0,166,239
02/09/2016,LMT,OR,ANM,WE,Federal Contract Tower,0,6,4,27,37,0,4,43,18,65,0,10,47,45,102,136,38,174,276
02/10/2016,LMT,OR,ANM,WE,Federal Contract Tower,0,3,2,30,35,0,5,56,18,79,0,8,58,48,114,80,68,148,262
02/11/2016,LMT,OR,ANM,WE,Federal Contract Tower,0,5,3,32,40,0,5,41,18,64,0,10,44,50,104,108,58,166,270
02/12/2016,LMT,OR,ANM,WE,Federal Contract Tower,0,10,5,14,29,0,2,47,12,61,0,12,52,26,90,136,32,168,258
02/13/2016,LMT,OR,ANM,WE,Federal Contract Tower,0,1,8,0,9,0,3,46,0,49,0,4,54,0,58,144,0,144,202
02/14/2016,LMT,OR,ANM,WE,Federal Contract Tower,0,0,10,0,10,0,0,1,0,1,0,0,11,0,11,0,0,0,11
02/15/2016,LMT,OR,ANM,WE,Federal Contract Tower,0,6,1,1,8,0,2,27,0,29,0,8,28,1,37,68,0,68,105
02/16/2016,LMT,OR,ANM,WE,Federal Contract Tower,0,5,1,24,30,0,4,30,20,54,0,9,31,44,84,45,28,73,157
02/17/2016,LMT,OR,ANM,WE,Federal Contract Tower,0,4,3,22,29,0,4,0,2,6,0,8,3,24,35,0,18,18,53
02/18/2016,LMT,OR,ANM,WE,Federal Contract Tower,0,12,10,18,40,0,1,7,19,27,0,13,17,37,67,110,54,164,231
02/19/2016,LMT,OR,ANM,WE,Federal Contract Tower,0,8,4,22,34,0,2,2,12,16,0,10,6,34,50,6,0,6,56
02/20/2016,LMT,OR,ANM,WE,Federal Contract Tower,0,0,2,0,2,0,6,39,0,45,0,6,41,0,47,88,0,88,135
02/21/2016,LMT,OR,ANM,WE,Federal Contract Tower,0,0,7,0,7,0,0,23,0,23,0,0,30,0,30,30,0,30,60
02/22/2016,LMT,OR,ANM,WE,Federal Contract Tower,0,6,7,2,15,0,4,24,1,29,0,10,31,3,44,36,16,52,96
02/23/2016,LMT,OR,ANM,WE,Federal Contract Tower,0,5,3,27,35,0,7,37,17,61,0,12,40,44,96,62,20,82,178
02/24/2016,LMT,OR,ANM,WE,Federal Contract Tower,0,1,10,30,41,0,5,45,8,58,0,6,55,38,99,14,42,56,155
02/25/2016,LMT,OR,ANM,WE,Federal Contract Tower,0,3,8,10,21,0,5,41,28,74,0,8,49,38,95,58,48,106,201
02/26/2016,LMT,OR,ANM,WE,Federal Contract Tower,0,4,5,14,23,0,1,13,13,27,0,5,18,27,50,0,12,12,62
02/27/2016,LMT,OR,ANM,WE,Federal Contract Tower,0,2,2,0,4,0,1,45,0,46,0,3,47,0,50,56,0,56,106
02/28/2016,LMT,OR,ANM,WE,Federal Contract Tower,0,6,6,0,12,0,0,25,2,27,0,6,31,2,39,12,0,12,51
02/29/2016,LMT,OR,ANM,WE,Federal Contract Tower,0,8,4,29,41,0,3,31,23,57,0,11,35,52,98,82,66,148,246
03/01/2016,LMT,OR,ANM,WE,Federal Contract Tower,0,4,2,12,18,0,4,5,12,21,0,8,7,24,39,0,0,0,39
03/02/2016,LMT,OR,ANM,WE,Federal Contract Tower,0,3,4,24,31,0,1,26,26,53,0,4,30,50,84,72,34,106,190
03/03/2016,LMT,OR,ANM,WE,Federal Contract Tower,0,5,5,30,40,0,4,19,18,41,0,9,24,48,81,70,40,110,191
03/04/2016,LMT,OR,ANM,WE,Federal Contract Tower,0,4,3,12,19,0,3,18,18,39,0,7,21,30,58,32,14,46,104
03/05/2016,LMT,OR,ANM,WE,Federal Contract Tower,0,6,7,14,27,0,0,8,6,14,0,6,15,20,41,2,10,12,53
03/06/2016,LMT,OR,ANM,WE,Federal Contract Tower,0,2,4,12,18,0,0,0,0,0,0,2,4,12,18,0,51,51,69
03/07/2016,LMT,OR,ANM,WE,Federal Contract Tower,0,7,3,0,10,0,2,17,0,19,0,9,20,0,29,102,0,102,131
03/08/2016,LMT,OR,ANM,WE,Federal Contract Tower,0,12,12,25,49,0,1,9,1,11,0,13,21,26,60,30,2,32,92
03/09/2016,LMT,OR,ANM,WE,Federal Contract Tower,0,11,7,28,46,0,1,6,18,25,0,12,13,46,71,10,40,50,121
03/10/2016,LMT,OR,ANM,WE,Federal Contract Tower,0,12,5,49,66,0,2,12,1,15,0,14,17,50,81,64,32,96,177
03/11/2016,LMT,OR,ANM,WE,Federal Contract Tower,0,5,0,16,21,0,1,9,10,20,0,6,9,26,41,10,28,38,79
03/12/2016,LMT,OR,ANM,WE,Federal Contract Tower,0,7,2,0,9,0,0,8,0,8,0,7,10,0,17,0,0,0,17
03/13/2016,LMT,OR,ANM,WE,Federal Contract Tower,0,0,2,0,2,0,0,0,0,0,0,0,2,0,2,0,0,0,2
03/14/2016,LMT,OR,ANM,WE,Federal Contract Tower,0,8,9,31,48,0,0,3,9,12,0,8,12,40,60,2,35,37,97
03/15/2016,LMT,OR,ANM,WE,Federal Contract Tower,0,6,1,22,29,0,1,47,16,64,0,7,48,38,93,63,66,129,222
03/16/2016,LMT,OR,ANM,WE,Federal Contract Tower,0,4,5,22,31,0,5,59,22,86,0,9,64,44,117,46,126,172,289
03/17/2016,LMT,OR,ANM,WE,Federal Contract Tower,0,6,8,32,46,0,2,62,14,78,0,8,70,46,124,54,123,177,301
03/18/2016,LMT,OR,ANM,WE,Federal Contract Tower,0,2,10,12,24,0,4,41,12,57,0,6,51,24,81,42,56,98,179
03/19/2016,LMT,OR,ANM,WE,Federal Contract Tower,0,4,8,2,14,0,1,31,0,32,0,5,39,2,46,38,0,38,84
03/20/2016,LMT,OR,ANM,WE,Federal Contract Tower,0,0,1,0,1,0,0,4,0,4,0,0,5,0,5,0,0,0,5
03/21/2016,LMT,OR,ANM,WE,Federal Contract Tower,0,10,8,2,20,0,0,2,0,2,0,10,10,2,22,36,0,36,58
03/22/2016,LMT,OR,ANM,WE,Federal Contract Tower,0,13,5,38,56,0,3,2,21,26,0,16,7,59,82,62,47,109,191
03/23/2016,LMT,OR,ANM,WE,Federal Contract Tower,0,8,13,26,47,0,1,12,16,29,0,9,25,42,76,43,78,121,197
03/24/2016,LMT,OR,ANM,WE,Federal Contract Tower,0,8,5,23,36,0,1,18,16,35,0,9,23,39,71,46,40,86,157
03/25/2016,LMT,OR,ANM,WE,Federal Contract Tower,0,2,11,20,33,0,4,34,8,46,0,6,45,28,79,96,52,148,227
03/26/2016,LMT,OR,ANM,WE,Federal Contract Tower,0,14,7,0,21,0,0,17,0,17,0,14,24,0,38,22,0,22,60
03/27/2016,LMT,OR,ANM,WE,Federal Contract Tower,0,8,4,0,12,0,0,8,0,8,0,8,12,0,20,28,0,28,48
03/28/2016,LMT,OR,ANM,WE,Federal Contract Tower,0,3,7,30,40,0,4,20,17,41,0,7,27,47,81,21,98,119,200
03/29/2016,LMT,OR,ANM,WE,Federal Contract Tower,0,5,5,33,43,0,4,12,9,25,0,9,17,42,68,3,93,96,164
03/30/2016,LMT,OR,ANM,WE,Federal Contract Tower,0,6,5,34,45,0,4,38,14,56,0,10,43,48,101,40,95,135,236
03/31/2016,LMT,OR,ANM,WE,Federal Contract Tower,0,2,5,32,39,0,10,33,10,53,0,12,38,42,92,68,94,162,254
04/01/2016,LMT,OR,ANM,WE,Federal Contract Tower,0,4,9,14,27,0,5,67,10,82,0,9,76,24,109,66,56,122,231
04/02/2016,LMT,OR,ANM,WE,Federal Contract Tower,0,2,8,32,42,0,3,62,19,84,0,5,70,51,126,14,38,52,178
04/03/2016,LMT,OR,ANM,WE,Federal Contract Tower,0,1,7,32,40,0,0,48,46,94,0,1,55,78,134,44,26,70,204
04/04/2016,LMT,OR,ANM,WE,Federal Contract Tower,0,3,5,0,8,0,5,31,0,36,0,8,36,0,44,106,0,106,150
04/05/2016,LMT,OR,ANM,WE,Federal Contract Tower,0,3,3,21,27,0,1,30,23,54,0,4,33,44,81,12,52,64,145
04/06/2016,LMT,OR,ANM,WE,Federal Contract Tower,0,1,8,21,30,0,5,29,19,53,0,6,37,40,83,40,62,102,185
04/07/2016,LMT,OR,ANM,WE,Federal Contract Tower,0,1,6,29,36,0,7,34,24,65,0,8,40,53,101,82,58,140,241
04/08/2016,LMT,OR,ANM,WE,Federal Contract Tower,0,0,6,10,16,0,7,41,17,65,0,7,47,27,81,46,14,60,141
04/09/2016,LMT,OR,ANM,WE,Federal Contract Tower,0,1,1,0,2,0,1,35,0,36,0,2,36,0,38,84,0,84,122
04/10/2016,LMT,OR,ANM,WE,Federal Contract Tower,0,0,7,0,7,0,0,31,0,31,0,0,38,0,38,40,0,40,78
04/11/2016,LMT,OR,ANM,WE,Federal Contract Tower,0,6,1,40,47,0,3,31,22,56,0,9,32,62,103,77,40,117,220
04/12/2016,LMT,OR,ANM,WE,Federal Contract Tower,0,6,3,32,41,0,2,37,12,51,0,8,40,44,92,67,43,110,202
04/13/2016,LMT,OR,ANM,WE,Federal Contract Tower,0,8,5,12,25,0,4,33,10,47,0,12,38,22,72,62,10,72,144
04/14/2016,LMT,OR,ANM,WE,Federal Contract Tower,0,8,2,33,43,0,3,10,9,22,0,11,12,42,65,12,12,24,89
04/15/2016,LMT,OR,ANM,WE,Federal Contract Tower,0,3,4,17,24,0,8,68,10,86,0,11,72,27,110,82,30,112,222
04/16/2016,LMT,OR,ANM,WE,Federal Contract Tower,0,3,0,0,3,0,4,46,0,50,0,7,46,0,53,40,0,40,93
04/17/2016,LMT,OR,ANM,WE,Federal Contract Tower,0,1,6,0,7,0,1,59,0,60,0,2,65,0,67,40,0,40,107
04/18/2016,LMT,OR,ANM,WE,Federal Contract Tower,0,2,5,2,9,0,7,43,0,50,0,9,48,2,59,92,0,92,151
04/19/2016,LMT,OR,ANM,WE,Federal Contract Tower,0,2,11,15,28,0,8,36,22,66,0,10,47,37,94,44,52,96,190
04/20/2016,LMT,OR,ANM,WE,Federal Contract Tower,0,3,3,34,40,0,4,31,16,51,0,7,34,50,91,45,39,84,175
04/21/2016,LMT,OR,ANM,WE,Federal Contract Tower,0,6,8,22,36,0,3,46,24,73,0,9,54,46,109,41,45,86,195
04/22/2016,LMT,OR,ANM,WE,Federal Contract Tower,0,8,3,18,29,0,2,21,0,23,0,10,24,18,52,20,15,35,87
04/23/2016,LMT,OR,ANM,WE,Federal Contract Tower,0,6,8,0,14,0,1,33,0,34,0,7,41,0,48,40,0,40,88
04/24/2016,LMT,OR,ANM,WE,Federal Contract Tower,0,6,5,2,13,0,0,18,0,18,0,6,23,2,31,20,0,20,51
04/25/2016,LMT,OR,ANM,WE,Federal Contract Tower,0,1,1,20,22,0,7,21,13,41,0,8,22,33,63,39,34,73,136
04/26/2016,LMT,OR,ANM,WE,Federal Contract Tower,0,3,15,30,48,0,5,46,79,130,0,8,61,109,178,58,38,96,274
04/27/2016,LMT,OR,ANM,WE,Federal Contract Tower,0,2,5,32,39,0,3,10,14,27,0,5,15,46,66,101,40,141,207
04/28/2016,LMT,OR,ANM,WE,Federal Contract Tower,0,1,7,26,34,0,5,45,8,58,0,6,52,34,92,126,46,172,264
04/29/2016,LMT,OR,ANM,WE,Federal Contract Tower,0,5,6,8,19,0,4,36,5,45,0,9,42,13,64,118,10,128,192
04/30/2016,LMT,OR,ANM,WE,Federal Contract Tower,0,3,4,0,7,0,4,48,0,52,0,7,52,0,59,52,0,52,111
05/01/2016,LMT,OR,ANM,WE,Federal Contract Tower,0,0,6,0,6,0,0,49,0,49,0,0,55,0,55,48,0,48,103
05/02/2016,LMT,OR,ANM,WE,Federal Contract Tower,0,3,3,2,8,0,3,47,2,52,0,6,50,4,60,92,0,92,152
05/03/2016,LMT,OR,ANM,WE,Federal Contract Tower,0,5,7,24,36,0,7,39,8,54,0,12,46,32,90,60,28,88,178
05/04/2016,LMT,OR,ANM,WE,Federal Contract Tower,0,5,13,16,34,0,7,14,7,28,0,12,27,23,62,35,3,38,100
05/05/2016,LMT,OR,ANM,WE,Federal Contract Tower,0,2,4,13,19,0,3,15,11,29,0,5,19,24,48,24,29,53,101
05/06/2016,LMT,OR,ANM,WE,Federal Contract Tower,0,3,6,7,16,0,3,3,4,10,0,6,9,11,26,20,22,42,68
05/07/2016,LMT,OR,ANM,WE,Federal Contract Tower,0,2,3,3,8,0,0,26,3,29,0,2,29,6,37,18,0,18,55
05/08/2016,LMT,OR,ANM,WE,Federal Contract Tower,0,0,2,0,2,0,0,42,0,42,0,0,44,0,44,26,0,26,70
05/09/2016,LMT,OR,ANM,WE,Federal Contract Tower,0,3,2,15,20,0,13,35,15,63,0,16,37,30,83,110,28,138,221
05/10/2016,LMT,OR,ANM,WE,Federal Contract Tower,0,4,7,14,25,0,10,46,10,66,0,14,53,24,91,110,24,134,225
05/11/2016,LMT,OR,ANM,WE,Federal Contract Tower,0,6,6,9,21,0,7,52,10,69,0,13,58,19,90,121,29,150,240
05/12/2016,LMT,OR,ANM,WE,Federal Contract Tower,0,4,9,10,23,0,8,37,10,55,0,12,46,20,78,46,16,62,140
05/13/2016,LMT,OR,ANM,WE,Federal Contract Tower,0,0,2,10,12,0,7,28,13,48,0,7,30,23,60,37,30,67,127
05/15/2016,LMT,OR,ANM,WE,Federal Contract Tower,0,0,5,6,11,0,3,17,6,26,0,3,22,12,37,14,4,18,55
05/16/2016,LMT,OR,ANM,WE,Federal Contract Tower,0,4,10,0,14,0,2,18,0,20,0,6,28,0,34,80,0,80,114
05/17/2016,LMT,OR,ANM,WE,Federal Contract Tower,0,6,10,17,33,0,5,68,19,92,0,11,78,36,125,118,26,144,269
05/18/2016,LMT,OR,ANM,WE,Federal Contract Tower,0,1,5,8,14,0,1,27,6,34,0,2,32,14,48,90,24,114,162
05/19/2016,LMT,OR,ANM,WE,Federal Contract Tower,0,2,1,10,13,0,7,28,10,45,0,9,29,20,58,8,18,26,84
05/20/2016,LMT,OR,ANM,WE,Federal Contract Tower,0,15,12,18,45,0,0,0,0,0,0,15,12,18,45,0,0,0,45
05/21/2016,LMT,OR,ANM,WE,Federal Contract Tower,0,7,4,2,13,0,1,7,0,8,0,8,11,2,21,4,0,4,25
05/22/2016,LMT,OR,ANM,WE,Federal Contract Tower,0,6,3,2,11,0,0,27,0,27,0,6,30,2,38,36,0,36,74
05/23/2016,LMT,OR,ANM,WE,Federal Contract Tower,0,1,6,17,24,0,1,39,19,59,0,2,45,36,83,154,18,172,255
05/24/2016,LMT,OR,ANM,WE,Federal Contract Tower,0,1,4,11,16,0,3,38,25,66,0,4,42,36,82,49,16,65,147
05/25/2016,LMT,OR,ANM,WE,Federal Contract Tower,0,6,2,14,22,0,5,27,7,39,0,11,29,21,61,79,26,105,166
05/26/2016,LMT,OR,ANM,WE,Federal Contract Tower,0,1,7,12,20,0,11,50,6,67,0,12,57,18,87,126,19,145,232
05/27/2016,LMT,OR,ANM,WE,Federal Contract Tower,0,4,4,27,35,0,3,41,14,58,0,7,45,41,93,77,14,91,184
05/28/2016,LMT,OR,ANM,WE,Federal Contract Tower,0,9,14,0,23,0,1,41,0,42,0,10,55,0,65,56,0,56,121
05/29/2016,LMT,OR,ANM,WE,Federal Contract Tower,0,6,9,0,15,0,0,30,0,30,0,6,39,0,45,82,0,82,127
05/30/2016,LMT,OR,ANM,WE,Federal Contract Tower,0,1,2,2,5,0,0,58,2,60,0,1,60,4,65,70,4,74,139
05/31/2016,LMT,OR,ANM,WE,Federal Contract Tower,0,5,1,23,29,0,4,49,21,74,0,9,50,44,103,94,31,125,228
06/01/2016,LMT,OR,ANM,WE,Federal Contract Tower,0,2,4,27,33,0,9,34,23,66,0,11,38,50,99,60,38,98,197
06/02/2016,LMT,OR,ANM,WE,Federal Contract Tower,0,2,3,29,34,0,8,44,15,67,0,10,47,44,101,82,31,113,214
06/03/2016,LMT,OR,ANM,WE,Federal Contract Tower,0,3,4,16,23,0,7,52,15,74,0,10,56,31,97,0,16,16,113
06/04/2016,LMT,OR,ANM,WE,Federal Contract Tower,0,2,11,36,49,0,4,39,14,57,0,6,50,50,106,46,70,116,222
06/05/2016,LMT,OR,ANM,WE,Federal Contract Tower,0,0,4,16,20,0,1,14,0,15,0,1,18,16,35,56,32,88,123
06/06/2016,LMT,OR,ANM,WE,Federal Contract Tower,0,1,6,0,7,0,5,34,0,39,0,6,40,0,46,28,0,28,74
06/07/2016,LMT,OR,ANM,WE,Federal Contract Tower,0,0,6,45,51,0,8,31,31,70,0,8,37,76,121,72,60,132,253
06/08/2016,LMT,OR,ANM,WE,Federal Contract Tower,0,2,2,26,30,0,7,45,19,71,0,9,47,45,101,63,59,122,223
06/09/2016,LMT,OR,ANM,WE,Federal Contract Tower,0,1,6,35,42,0,12,72,37,121,0,13,78,72,163,156,66,222,385
06/10/2016,LMT,OR,ANM,WE,Federal Contract Tower,0,2,5,13,20,0,0,14,12,26,0,2,19,25,46,81,35,116,162
06/11/2016,LMT,OR,ANM,WE,Federal Contract Tower,0,0,5,0,5,0,3,28,0,31,0,3,33,0,36,52,0,52,88
06/12/2016,LMT,OR,ANM,WE,Federal Contract Tower,0,0,0,0,0,0,0,29,0,29,0,0,29,0,29,0,0,0,29
06/13/2016,LMT,OR,ANM,WE,Federal Contract Tower,0,1,5,35,41,0,7,27,16,50,0,8,32,51,91,31,32,63,154
06/14/2016,LMT,OR,ANM,WE,Federal Contract Tower,0,4,5,34,43,0,6,41,28,75,0,10,46,62,118,46,54,100,218
06/15/2016,LMT,OR,ANM,WE,Federal Contract Tower,0,5,6,47,58,0,6,33,18,57,0,11,39,65,115,34,37,71,186
06/16/2016,LMT,OR,ANM,WE,Federal Contract Tower,0,8,4,29,41,0,2,18,17,37,0,10,22,46,78,74,72,146,224
06/17/2016,LMT,OR,ANM,WE,Federal Contract Tower,0,6,6,16,28,0,4,26,13,43,0,10,32,29,71,62,18,80,151
06/18/2016,LMT,OR,ANM,WE,Federal Contract Tower,0,0,2,0,2,0,0,4,0,4,0,0,6,0,6,14,0,14,20
06/19/2016,LMT,OR,ANM,WE,Federal Contract Tower,0,0,1,2,3,0,0,12,0,12,0,0,13,2,15,26,0,26,41
06/20/2016,LMT,OR,ANM,WE,Federal Contract Tower,0,2,4,0,6,0,7,53,0,60,0,9,57,0,66,32,0,32,98
06/21/2016,LMT,OR,ANM,WE,Federal Contract Tower,0,2,5,26,33,0,9,66,18,93,0,11,71,44,126,33,72,105,231
06/22/2016,LMT,OR,ANM,WE,Federal Contract Tower,0,0,1,23,24,0,4,41,21,66,0,4,42,44,90,15,42,57,147
06/23/2016,LMT,OR,ANM,WE,Federal Contract Tower,0,3,5,26,34,0,2,12,18,32,0,5,17,44,66,18,29,47,113
06/24/2016,LMT,OR,ANM,WE,Federal Contract Tower,0,2,5,30,37,0,5,42,12,59,0,7,47,42,96,92,24,116,212
06/25/2016,LMT,OR,ANM,WE,Federal Contract Tower,0,1,2,0,3,0,2,57,0,59,0,3,59,0,62,6,0,6,68
06/26/2016,LMT,OR,ANM,WE,Federal Contract Tower,0,0,2,0,2,0,3,43,0,46,0,3,45,0,48,10,0,10,58
06/27/2016,LMT,OR,ANM,WE,Federal Contract Tower,0,0,3,25,28,0,9,35,15,59,0,9,38,40,87,76,30,106,193
06/28/2016,LMT,OR,ANM,WE,Federal Contract Tower,0,2,11,22,35,0,12,47,22,81,0,14,58,44,116,80,32,112,228
06/29/2016,LMT,OR,ANM,WE,Federal Contract Tower,0,1,7,28,36,0,11,49,20,80,0,12,56,48,116,93,30,123,239
06/30/2016,LMT,OR,ANM,WE,Federal Contract Tower,0,1,4,24,29,0,8,47,12,67,0,9,51,36,96,84,28,112,208
07/01/2016,LMT,OR,ANM,WE,Federal Contract Tower,0,1,7,13,21,0,4,46,9,59,0,5,53,22,80,80,20,100,180
07/02/2016,LMT,OR,ANM,WE,Federal Contract Tower,0,2,7,0,9,0,2,41,0,43,0,4,48,0,52,0,0,0,52
07/03/2016,LMT,OR,ANM,WE,Federal Contract Tower,0,0,3,0,3,0,0,19,0,19,0,0,22,0,22,12,0,12,34
07/04/2016,LMT,OR,ANM,WE,Federal Contract Tower,0,0,6,0,6,0,0,39,6,45,0,0,45,6,51,22,2,24,75
07/05/2016,LMT,OR,ANM,WE,Federal Contract Tower,0,4,10,0,14,0,5,30,0,35,0,9,40,0,49,96,0,96,145
07/06/2016,LMT,OR,ANM,WE,Federal Contract Tower,0,0,5,33,38,0,6,15,21,42,0,6,20,54,80,41,22,63,143
07/07/2016,LMT,OR,ANM,WE,Federal Contract Tower,0,1,10,32,43,0,9,43,25,77,0,10,53,57,120,60,22,82,202
07/08/2016,LMT,OR,ANM,WE,Federal Contract Tower,0,8,4,34,46,0,0,18,8,26,0,8,22,42,72,67,24,91,163
07/09/2016,LMT,OR,ANM,WE,Federal Contract Tower,0,1,3,25,29,0,3,19,24,46,0,4,22,49,75,14,30,44,119
07/10/2016,LMT,OR,ANM,WE,Federal Contract Tower,0,2,2,32,36,0,0,11,0,11,0,2,13,32,47,44,24,68,115
07/11/2016,LMT,OR,ANM,WE,Federal Contract Tower,0,1,9,0,10,0,6,67,0,73,0,7,76,0,83,44,0,44,127
07/12/2016,LMT,OR,ANM,WE,Federal Contract Tower,0,5,2,27,34,0,5,40,25,70,0,10,42,52,104,79,35,114,218
07/13/2016,LMT,OR,ANM,WE,Federal Contract Tower,0,2,1,26,29,0,8,41,21,70,0,10,42,47,99,36,46,82,181
07/14/2016,LMT,OR,ANM,WE,Federal Contract Tower,0,2,2,23,27,0,9,37,21,67,0,11,39,44,94,36,32,68,162
07/15/2016,LMT,OR,ANM,WE,Federal Contract Tower,0,4,3,17,24,0,5,58,12,75,0,9,61,29,99,70,20,90,189
07/16/2016,LMT,OR,ANM,WE,Federal Contract Tower,0,2,4,0,6,0,2,78,0,80,0,4,82,0,86,40,0,40,126
07/17/2016,LMT,OR,ANM,WE,Federal Contract Tower,0,1,5,0,6,0,2,39,0,41,0,3,44,0,47,26,0,26,73
07/18/2016,LMT,OR,ANM,WE,Federal Contract Tower,0,0,4,35,39,0,4,13,5,22,0,4,17,40,61,82,37,119,180
07/19/2016,LMT,OR,ANM,WE,Federal Contract Tower,0,2,2,32,36,0,6,65,14,85,0,8,67,46,121,92,45,137,258
07/20/2016,LMT,OR,ANM,WE,Federal Contract Tower,0,0,0,36,36,0,10,55,12,77,0,10,55,48,113,8,14,22,135
07/21/2016,LMT,OR,ANM,WE,Federal Contract Tower,0,1,2,13,16,0,6,63,10,79,0,7,65,23,95,51,28,79,174
07/22/2016,LMT,OR,ANM,WE,Federal Contract Tower,0,2,4,0,6,0,4,32,2,38,0,6,36,2,44,85,0,85,129
07/23/2016,LMT,OR,ANM,WE,Federal Contract Tower,0,1,5,0,6,0,4,37,0,41,0,5,42,0,47,10,0,10,57
07/24/2016,LMT,OR,ANM,WE,Federal Contract Tower,0,0,6,0,6,0,1,46,0,47,0,1,52,0,53,16,0,16,69
07/25/2016,LMT,OR,ANM,WE,Federal Contract Tower,0,2,7,2,11,0,6,50,0,56,0,8,57,2,67,12,0,12,79
07/26/2016,LMT,OR,ANM,WE,Federal Contract Tower,0,0,6,28,34,0,8,46,35,89,0,8,52,63,123,35,53,88,211
07/27/2016,LMT,OR,ANM,WE,Federal Contract Tower,0,2,5,28,35,0,7,46,28,81,0,9,51,56,116,40,36,76,192
07/28/2016,LMT,OR,ANM,WE,Federal Contract Tower,0,0,7,32,39,0,10,39,18,67,0,10,46,50,106,19,51,70,176
07/29/2016,LMT,OR,ANM,WE,Federal Contract Tower,0,2,5,12,19,0,6,99,12,117,0,8,104,24,136,14,12,26,162
07/30/2016,LMT,OR,ANM,WE,Federal Contract Tower,0,1,1,0,2,0,4,78,0,82,0,5,79,0,84,40,0,40,124
07/31/2016,LMT,OR,ANM,WE,Federal Contract Tower,0,2,2,0,4,0,1,74,0,75,0,3,76,0,79,8,0,8,87
08/01/2016,LMT,OR,ANM,WE,Federal Contract Tower,0,3,5,23,31,0,6,104,24,134,0,9,109,47,165,10,34,44,209
08/02/2016,LMT,OR,ANM,WE,Federal Contract Tower,0,2,6,23,31,0,8,68,10,86,0,10,74,33,117,46,75,121,238
08/03/2016,LMT,OR,ANM,WE,Federal Contract Tower,0,2,6,23,31,0,11,71,19,101,0,13,77,42,132,93,77,170,302
08/04/2016,LMT,OR,ANM,WE,Federal Contract Tower,0,1,5,29,35,0,8,42,2,52,0,9,47,31,87,38,68,106,193
08/05/2016,LMT,OR,ANM,WE,Federal Contract Tower,0,5,4,32,41,0,4,60,21,85,0,9,64,53,126,48,78,126,252
08/06/2016,LMT,OR,ANM,WE,Federal Contract Tower,0,0,5,26,31,0,5,51,20,76,0,5,56,46,107,24,97,121,228
08/07/2016,LMT,OR,ANM,WE,Federal Contract Tower,0,0,0,25,25,0,2,28,0,30,0,2,28,25,55,22,20,42,97
08/08/2016,LMT,OR,ANM,WE,Federal Contract Tower,0,5,9,0,14,0,7,60,0,67,0,12,69,0,81,46,0,46,127
08/09/2016,LMT,OR,ANM,WE,Federal Contract Tower,0,1,6,30,37,0,8,57,24,89,0,9,63,54,126,20,54,74,200
08/10/2016,LMT,OR,ANM,WE,Federal Contract Tower,0,6,5,26,37,0,6,52,22,80,0,12,57,48,117,29,64,93,210
08/11/2016,LMT,OR,ANM,WE,Federal Contract Tower,0,2,9,28,39,0,8,60,22,90,0,10,69,50,129,70,78,148,277
08/12/2016,LMT,OR,ANM,WE,Federal Contract Tower,0,2,3,23,28,0,7,57,7,71,0,9,60,30,99,82,30,112,211
08/13/2016,LMT,OR,ANM,WE,Federal Contract Tower,0,1,6,0,7,0,1,58,0,59,0,2,64,0,66,8,0,8,74
08/14/2016,LMT,OR,ANM,WE,Federal Contract Tower,0,1,9,0,10,0,0,47,0,47,0,1,56,0,57,26,0,26,83
08/15/2016,LMT,OR,ANM,WE,Federal Contract Tower,0,4,3,38,45,0,1,45,13,59,0,5,48,51,104,52,64,116,220
08/16/2016,LMT,OR,ANM,WE,Federal Contract Tower,0,8,3,46,57,0,2,51,12,65,0,10,54,58,122,28,66,94,216
08/17/2016,LMT,OR,ANM,WE,Federal Contract Tower,0,2,6,42,50,0,9,80,14,103,0,11,86,56,153,46,66,112,265
08/18/2016,LMT,OR,ANM,WE,Federal Contract Tower,0,3,6,38,47,0,5,74,10,89,0,8,80,48,136,44,24,68,204
08/19/2016,LMT,OR,ANM,WE,Federal Contract Tower,0,2,2,17,21,0,9,69,0,78,0,11,71,17,99,45,36,81,180
08/20/2016,LMT,OR,ANM,WE,Federal Contract Tower,0,2,0,0,2,0,4,44,0,48,0,6,44,0,50,100,0,100,150
08/21/2016,LMT,OR,ANM,WE,Federal Contract Tower,0,0,3,0,3,0,0,72,0,72,0,0,75,0,75,34,0,34,109
08/22/2016,LMT,OR,ANM,WE,Federal Contract Tower,0,1,5,36,42,0,7,75,18,100,0,8,80,54,142,60,76,136,278
08/23/2016,LMT,OR,ANM,WE,Federal Contract Tower,0,0,0,22,22,0,3,27,12,42,0,3,27,34,64,71,40,111,175
08/24/2016,LMT,OR,ANM,WE,Federal Contract Tower,0,4,2,26,32,0,2,48,22,72,0,6,50,48,104,73,53,126,230
08/25/2016,LMT,OR,ANM,WE,Federal Contract Tower,0,3,5,35,43,0,8,57,16,81,0,11,62,51,124,52,53,105,229
08/26/2016,LMT,OR,ANM,WE,Federal Contract Tower,0,0,2,27,29,0,9,56,19,84,0,9,58,46,113,42,48,90,203
08/27/2016,LMT,OR,ANM,WE,Federal Contract Tower,0,2,4,4,10,0,4,48,0,52,0,6,52,4,62,52,0,52,114
08/28/2016,LMT,OR,ANM,WE,Federal Contract Tower,0,0,5,0,5,0,0,64,0,64,0,0,69,0,69,44,0,44,113
08/29/2016,LMT,OR,ANM,WE,Federal Contract Tower,0,4,3,23,30,0,4,53,17,74,0,8,56,40,104,30,24,54,158
08/30/2016,LMT,OR,ANM,WE,Federal Contract Tower,0,5,4,21,30,0,4,36,27,67,0,9,40,48,97,62,32,94,191
08/31/2016,LMT,OR,ANM,WE,Federal Contract Tower,0,6,8,26,40,0,2,47,12,61,0,8,55,38,101,31,23,54,155
09/01/2016,LMT,OR,ANM,WE,Federal Contract Tower,0,5,2,12,19,0,0,29,10,39,0,5,31,22,58,11,18,29,87
09/02/2016,LMT,OR,ANM,WE,Federal Contract Tower,0,4,8,0,12,0,6,43,0,49,0,10,51,0,61,40,0,40,101
09/03/2016,LMT,OR,ANM,WE,Federal Contract Tower,0,2,7,0,9,0,3,49,0,52,0,5,56,0,61,28,0,28,89
09/04/2016,LMT,OR,ANM,WE,Federal Contract Tower,0,2,4,0,6,0,1,36,0,37,0,3,40,0,43,32,0,32,75
09/05/2016,LMT,OR,ANM,WE,Federal Contract Tower,0,0,1,0,1,0,0,75,0,75,0,0,76,0,76,46,0,46,122
09/06/2016,LMT,OR,ANM,WE,Federal Contract Tower,0,4,5,28,37,0,6,26,22,54,0,10,31,50,91,14,58,72,163
09/07/2016,LMT,OR,ANM,WE,Federal Contract Tower,0,4,6,34,44,0,4,60,20,84,0,8,66,54,128,16,58,74,202
09/08/2016,LMT,OR,ANM,WE,Federal Contract Tower,0,3,4,30,37,0,4,41,23,68,0,7,45,53,105,24,76,100,205
09/09/2016,LMT,OR,ANM,WE,Federal Contract Tower,0,4,3,14,21,0,3,48,10,61,0,7,51,24,82,8,28,36,118
09/10/2016,LMT,OR,ANM,WE,Federal Contract Tower,0,3,1,40,44,0,3,58,18,79,0,6,59,58,123,44,68,112,235
09/11/2016,LMT,OR,ANM,WE,Federal Contract Tower,0,0,10,16,26,0,12,27,0,39,0,12,37,16,65,32,20,52,117
09/12/2016,LMT,OR,ANM,WE,Federal Contract Tower,0,2,6,2,10,0,8,52,0,60,0,10,58,2,70,46,0,46,116
09/13/2016,LMT,OR,ANM,WE,Federal Contract Tower,0,7,0,24,31,0,11,59,21,91,0,18,59,45,122,38,40,78,200
09/14/2016,LMT,OR,ANM,WE,Federal Contract Tower,0,0,9,1,10,0,11,53,1,65,0,11,62,2,75,64,0,64,139
09/15/2016,LMT,OR,ANM,WE,Federal Contract Tower,0,4,5,37,46,0,7,75,19,101,0,11,80,56,147,34,52,86,233
09/16/2016,LMT,OR,ANM,WE,Federal Contract Tower,0,4,12,15,31,0,3,38,15,56,0,7,50,30,87,62,40,102,189
09/17/2016,LMT,OR,ANM,WE,Federal Contract Tower,0,3,3,1,7,0,3,46,0,49,0,6,49,1,56,10,0,10,66
09/18/2016,LMT,OR,ANM,WE,Federal Contract Tower,0,1,6,0,7,0,0,31,0,31,0,1,37,0,38,22,0,22,60
09/19/2016,LMT,OR,ANM,WE,Federal Contract Tower,0,5,6,28,39,0,5,36,16,57,0,10,42,44,96,24,48,72,168
09/20/2016,LMT,OR,ANM,WE,Federal Contract Tower,0,3,6,26,35,0,6,58,22,86,0,9,64,48,121,36,38,74,195
09/21/2016,LMT,OR,ANM,WE,Federal Contract Tower,0,7,5,24,36,0,2,59,12,73,0,9,64,36,109,38,36,74,183
09/22/2016,LMT,OR,ANM,WE,Federal Contract Tower,0,6,7,29,42,0,5,6,10,21,0,11,13,39,63,0,31,31,94
09/23/2016,LMT,OR,ANM,WE,Federal Contract Tower,0,10,8,19,37,0,0,22,19,41,0,10,30,38,78,44,20,64,142
09/24/2016,LMT,OR,ANM,WE,Federal Contract Tower,0,3,8,0,11,0,1,23,0,24,0,4,31,0,35,10,0,10,45
09/25/2016,LMT,OR,ANM,WE,Federal Contract Tower,0,0,1,0,1,0,0,51,0,51,0,0,52,0,52,25,0,25,77
09/26/2016,LMT,OR,ANM,WE,Federal Contract Tower,0,2,3,0,5,0,6,51,0,57,0,8,54,0,62,50,0,50,112
09/27/2016,LMT,OR,ANM,WE,Federal Contract Tower,0,3,2,23,28,0,5,45,24,74,0,8,47,47,102,112,50,162,264
09/28/2016,LMT,OR,ANM,WE,Federal Contract Tower,0,2,4,30,36,0,7,20,17,44,0,9,24,47,80,26,34,60,140
09/29/2016,LMT,OR,ANM,WE,Federal Contract Tower,0,4,5,21,30,0,3,23,16,42,0,7,28,37,72,10,34,44,116
09/30/2016,LMT,OR,ANM,WE,Federal Contract Tower,0,4,4,2,10,0,3,32,0,35,0,7,36,2,45,27,0,27,72
10/01/2016,LMT,OR,ANM,WE,Federal Contract Tower,0,1,4,24,29,0,4,38,12,54,0,5,42,36,83,74,38,112,195
10/02/2016,LMT,OR,ANM,WE,Federal Contract Tower,0,0,5,29,34,0,0,0,0,0,0,0,5,29,34,0,0,0,34
10/03/2016,LMT,OR,ANM,WE,Federal Contract Tower,0,13,4,0,17,0,2,14,0,16,0,15,18,0,33,72,0,72,105
10/04/2016,LMT,OR,ANM,WE,Federal Contract Tower,0,5,7,30,42,0,4,9,23,36,0,9,16,53,78,10,16,26,104
10/05/2016,LMT,OR,ANM,WE,Federal Contract Tower,0,11,3,28,42,0,0,13,16,29,0,11,16,44,71,4,20,24,95
10/06/2016,LMT,OR,ANM,WE,Federal Contract Tower,0,7,3,23,33,0,7,56,9,72,0,14,59,32,105,27,19,46,151
10/07/2016,LMT,OR,ANM,WE,Federal Contract Tower,0,9,13,12,34,0,2,29,12,43,0,11,42,24,77,24,16,40,117
10/08/2016,LMT,OR,ANM,WE,Federal Contract Tower,2,1,12,0,15,0,3,25,1,29,2,4,37,1,44,36,0,36,80
10/09/2016,LMT,OR,ANM,WE,Federal Contract Tower,0,2,4,0,6,0,0,30,0,30,0,2,34,0,36,19,0,19,55
10/10/2016,LMT,OR,ANM,WE,Federal Contract Tower,0,4,5,2,11,0,5,76,0,81,0,9,81,2,92,14,0,14,106
10/11/2016,LMT,OR,ANM,WE,Federal Contract Tower,0,8,7,27,42,0,3,42,24,69,0,11,49,51,111,25,44,69,180
10/12/2016,LMT,OR,ANM,WE,Federal Contract Tower,0,7,4,28,39,0,3,25,26,54,0,10,29,54,93,42,40,82,175
10/13/2016,LMT,OR,ANM,WE,Federal Contract Tower,0,7,4,20,31,0,2,6,8,16,0,9,10,28,47,0,24,24,71
10/14/2016,LMT,OR,ANM,WE,Federal Contract Tower,0,8,7,14,29,0,0,18,0,18,0,8,25,14,47,30,12,42,89
10/15/2016,LMT,OR,ANM,WE,Federal Contract Tower,0,8,0,0,8,0,0,0,0,0,0,8,0,0,8,0,0,0,8
10/16/2016,LMT,OR,ANM,WE,Federal Contract Tower,0,2,0,0,2,0,0,0,0,0,0,2,0,0,2,0,0,0,2
10/17/2016,LMT,OR,ANM,WE,Federal Contract Tower,0,12,5,30,47,0,0,7,11,18,0,12,12,41,65,8,38,46,111
10/18/2016,LMT,OR,ANM,WE,Federal Contract Tower,0,11,4,39,54,0,1,15,9,25,0,12,19,48,79,102,50,152,231
10/19/2016,LMT,OR,ANM,WE,Federal Contract Tower,0,13,5,40,58,0,3,29,5,37,0,16,34,45,95,44,32,76,171
10/20/2016,LMT,OR,ANM,WE,Federal Contract Tower,0,16,9,38,63,0,3,37,12,52,0,19,46,50,115,90,40,130,245
10/21/2016,LMT,OR,ANM,WE,Federal Contract Tower,0,11,4,12,27,0,3,44,14,61,0,14,48,26,88,17,24,41,129
10/22/2016,LMT,OR,ANM,WE,Federal Contract Tower,0,7,9,10,26,0,0,29,2,31,0,7,38,12,57,30,8,38,95
10/23/2016,LMT,OR,ANM,WE,Federal Contract Tower,0,3,0,0,3,0,0,53,0,53,0,3,53,0,56,38,0,38,94
10/24/2016,LMT,OR,ANM,WE,Federal Contract Tower,0,11,6,0,17,0,2,6,0,8,0,13,12,0,25,0,0,0,25
10/25/2016,LMT,OR,ANM,WE,Federal Contract Tower,0,10,6,30,46,0,1,18,12,31,0,11,24,42,77,10,32,42,119
10/26/2016,LMT,OR,ANM,WE,Federal Contract Tower,0,9,2,12,23,0,0,10,12,22,0,9,12,24,45,34,14,48,93
10/27/2016,LMT,OR,ANM,WE,Federal Contract Tower,0,10,7,21,38,0,0,3,0,3,0,10,10,21,41,8,0,8,49
10/28/2016,LMT,OR,ANM,WE,Federal Contract Tower,0,12,9,18,39,0,0,11,5,16,0,12,20,23,55,34,2,36,91
10/29/2016,LMT,OR,ANM,WE,Federal Contract Tower,0,6,7,0,13,0,0,10,0,10,0,6,17,0,23,0,0,0,23
10/30/2016,LMT,OR,ANM,WE,Federal Contract Tower,0,3,6,0,9,0,0,17,0,17,0,3,23,0,26,2,0,2,28
10/31/2016,LMT,OR,ANM,WE,Federal Contract Tower,0,13,4,42,59,0,0,7,30,37,0,13,11,72,96,0,32,32,128
11/01/2016,LMT,OR,ANM,WE,Federal Contract Tower,0,8,10,37,55,0,4,25,18,47,0,12,35,55,102,22,20,42,144
11/02/2016,LMT,OR,ANM,WE,Federal Contract Tower,0,5,5,23,33,0,2,30,27,59,0,7,35,50,92,30,26,56,148
11/03/2016,LMT,OR,ANM,WE,Federal Contract Tower,0,9,2,25,36,0,4,41,29,74,0,13,43,54,110,24,30,54,164
11/04/2016,LMT,OR,ANM,WE,Federal Contract Tower,0,9,2,14,25,0,9,51,14,74,0,18,53,28,99,34,24,58,157
11/05/2016,LMT,OR,ANM,WE,Federal Contract Tower,0,8,13,22,43,0,0,24,24,48,0,8,37,46,91,15,39,54,145
11/06/2016,LMT,OR,ANM,WE,Federal Contract Tower,0,7,15,38,60,0,0,0,0,0,0,7,15,38,60,24,0,24,84
11/07/2016,LMT,OR,ANM,WE,Federal Contract Tower,0,8,2,0,10,0,5,41,0,46,0,13,43,0,56,28,0,28,84
11/08/2016,LMT,OR,ANM,WE,Federal Contract Tower,0,9,8,34,51,0,3,17,3,23,0,12,25,37,74,24,14,38,112
11/09/2016,LMT,OR,ANM,WE,Federal Contract Tower,0,11,11,26,48,0,3,31,10,44,0,14,42,36,92,10,40,50,142
11/10/2016,LMT,OR,ANM,WE,Federal Contract Tower,0,10,4,20,34,0,9,41,16,66,0,19,45,36,100,36,32,68,168
11/11/2016,LMT,OR,ANM,WE,Federal Contract Tower,0,7,7,2,16,0,4,26,3,33,0,11,33,5,49,0,0,0,49
11/12/2016,LMT,OR,ANM,WE,Federal Contract Tower,0,6,7,0,13,0,1,31,0,32,0,7,38,0,45,70,0,70,115
11/13/2016,LMT,OR,ANM,WE,Federal Contract Tower,0,2,4,0,6,0,0,33,0,33,0,2,37,0,39,27,0,27,66
11/14/2016,LMT,OR,ANM,WE,Federal Contract Tower,0,12,10,28,50,0,2,7,18,27,0,14,17,46,77,20,32,52,129
11/15/2016,LMT,OR,ANM,WE,Federal Contract Tower,0,8,3,29,40,0,3,2,20,25,0,11,5,49,65,0,20,20,85
11/16/2016,LMT,OR,ANM,WE,Federal Contract Tower,0,9,14,24,47,0,2,26,15,43,0,11,40,39,90,0,14,14,104
11/17/2016,LMT,OR,ANM,WE,Federal Contract Tower,0,8,5,24,37,0,4,44,22,70,0,12,49,46,107,41,38,79,186
11/18/2016,LMT,OR,ANM,WE,Federal Contract Tower,0,6,3,1,10,0,7,25,5,37,0,13,28,6,47,28,0,28,75
11/19/2016,LMT,OR,ANM,WE,Federal Contract Tower,0,9,2,0,11,0,3,14,0,17,0,12,16,0,28,8,0,8,36
11/20/2016,LMT,OR,ANM,WE,Federal Contract Tower,0,2,5,0,7,0,0,41,0,41,0,2,46,0,48,0,0,0,48
11/21/2016,LMT,OR,ANM,WE,Federal Contract Tower,0,10,7,43,60,0,2,16,14,32,0,12,23,57,92,12,6,18,110
11/22/2016,LMT,OR,ANM,WE,Federal Contract Tower,0,6,1,24,31,0,3,6,16,25,0,9,7,40,56,16,16,32,88
11/23/2016,LMT,OR,ANM,WE,Federal Contract Tower,0,10,5,24,39,0,1,8,2,11,0,11,13,26,50,15,4,19,69
11/24/2016,LMT,OR,ANM,WE,Federal Contract Tower,0,4,0,0,4,0,0,10,0,10,0,4,10,0,14,0,0,0,14
11/26/2016,LMT,OR,ANM,WE,Federal Contract Tower,0,7,1,0,8,0,1,6,0,7,0,8,7,0,15,5,0,5,20
11/27/2016,LMT,OR,ANM,WE,Federal Contract Tower,0,6,4,0,10,0,0,13,0,13,0,6,17,0,23,0,0,0,23
11/28/2016,LMT,OR,ANM,WE,Federal Contract Tower,0,8,7,22,37,0,3,8,16,27,0,11,15,38,64,25,35,60,124
11/29/2016,LMT,OR,ANM,WE,Federal Contract Tower,0,14,11,18,43,0,2,3,4,9,0,16,14,22,52,19,6,25,77
11/30/2016,LMT,OR,ANM,WE,Federal Contract Tower,0,11,5,36,52,0,3,14,16,33,0,14,19,52,85,2,26,28,113
12/01/2016,LMT,OR,ANM,WE,Federal Contract Tower,0,8,10,24,42,0,5,46,30,81,0,13,56,54,123,28,36,64,187
12/02/2016,LMT,OR,ANM,WE,Federal Contract Tower,0,11,5,14,30,0,2,26,12,40,0,13,31,26,70,5,16,21,91
12/03/2016,LMT,OR,ANM,WE,Federal Contract Tower,0,3,3,22,28,0,0,31,22,53,0,3,34,44,81,26,34,60,141
12/04/2016,LMT,OR,ANM,WE,Federal Contract Tower,0,3,4,33,40,0,0,0,0,0,0,3,4,33,40,0,16,16,56
12/05/2016,LMT,OR,ANM,WE,Federal Contract Tower,0,6,3,0,9,0,10,18,0,28,0,16,21,0,37,20,0,20,57
12/06/2016,LMT,OR,ANM,WE,Federal Contract Tower,0,9,2,53,64,0,3,1,3,7,0,12,3,56,71,48,0,48,119
12/07/2016,LMT,OR,ANM,WE,Federal Contract Tower,0,12,7,23,42,0,3,9,33,45,0,15,16,56,87,0,56,56,143
12/08/2016,LMT,OR,ANM,WE,Federal Contract Tower,0,15,3,16,34,0,0,12,14,26,0,15,15,30,60,0,60,60,120
12/09/2016,LMT,OR,ANM,WE,Federal Contract Tower,0,3,2,16,21,0,0,4,7,11,0,3,6,23,32,14,55,69,101
12/10/2016,LMT,OR,ANM,WE,Federal Contract Tower,0,8,1,0,9,0,1,5,0,6,0,9,6,0,15,34,0,34,49
12/11/2016,LMT,OR,ANM,WE,Federal Contract Tower,0,6,2,0,8,0,0,28,0,28,0,6,30,0,36,54,0,54,90
12/12/2016,LMT,OR,ANM,WE,Federal Contract Tower,0,12,3,23,38,0,3,17,16,36,0,15,20,39,74,8,64,72,146
12/13/2016,LMT,OR,ANM,WE,Federal Contract Tower,0,6,6,44,56,0,9,31,7,47,0,15,37,51,103,66,56,122,225
12/14/2016,LMT,OR,ANM,WE,Federal Contract Tower,0,9,3,32,44,0,0,2,0,2,0,9,5,32,46,65,2,67,113
12/15/2016,LMT,OR,ANM,WE,Federal Contract Tower,0,12,3,0,15,0,1,5,43,49,0,13,8,43,64,90,24,114,178
12/16/2016,LMT,OR,ANM,WE,Federal Contract Tower,0,5,7,36,48,0,4,5,10,19,0,9,12,46,67,2,68,70,137
12/17/2016,LMT,OR,ANM,WE,Federal Contract Tower,0,7,4,0,11,0,4,37,0,41,0,11,41,0,52,48,0,48,100
12/18/2016,LMT,OR,ANM,WE,Federal Contract Tower,0,1,1,0,2,0,2,30,0,32,0,3,31,0,34,43,0,43,77
12/19/2016,LMT,OR,ANM,WE,Federal Contract Tower,0,15,0,35,50,0,2,30,9,41,0,17,30,44,91,32,65,97,188
12/20/2016,LMT,OR,ANM,WE,Federal Contract Tower,0,11,3,51,65,0,2,14,7,23,0,13,17,58,88,26,48,74,162
12/21/2016,LMT,OR,ANM,WE,Federal Contract Tower,0,9,2,32,43,0,3,21,16,40,0,12,23,48,83,10,70,80,163
12/22/2016,LMT,OR,ANM,WE,Federal Contract Tower,0,6,18,11,35,0,9,4,19,32,0,15,22,30,67,60,20,80,147
12/23/2016,LMT,OR,ANM,WE,Federal Contract Tower,0,18,5,0,23,0,0,0,0,0,0,18,5,0,23,0,0,0,23
12/24/2016,LMT,OR,ANM,WE,Federal Contract Tower,0,8,0,0,8,0,1,9,0,10,0,9,9,0,18,0,0,0,18
12/25/2016,LMT,OR,ANM,WE,Federal Contract Tower,0,2,3,0,5,0,0,0,0,0,0,2,3,0,5,0,0,0,5
12/26/2016,LMT,OR,ANM,WE,Federal Contract Tower,0,3,1,0,4,0,0,14,0,14,0,3,15,0,18,0,0,0,18
12/27/2016,LMT,OR,ANM,WE,Federal Contract Tower,0,12,0,4,16,0,0,1,0,1,0,12,1,4,17,12,4,16,33
12/28/2016,LMT,OR,ANM,WE,Federal Contract Tower,0,13,2,23,38,0,3,29,27,59,0,16,31,50,97,52,22,74,171
12/29/2016,LMT,OR,ANM,WE,Federal Contract Tower,0,11,5,24,40,0,6,23,10,39,0,17,28,34,79,22,43,65,144
12/30/2016,LMT,OR,ANM,WE,Federal Contract Tower,0,12,2,11,25,0,2,14,12,28,0,14,16,23,53,0,10,10,63
12/31/2016,LMT,OR,ANM,WE,Federal Contract Tower,0,3,2,0,5,0,1,33,0,34,0,4,35,0,39,49,0,49,88
01/01/2017,LMT,OR,ANM,WE,Federal Contract Tower,0,3,0,0,3,0,0,0,0,0,0,3,0,0,3,0,0,0,3
01/02/2017,LMT,OR,ANM,WE,Federal Contract Tower,0,6,7,0,13,0,0,1,0,1,0,6,8,0,14,0,0,0,14
01/03/2017,LMT,OR,ANM,WE,Federal Contract Tower,0,13,0,0,13,0,0,0,0,0,0,13,0,0,13,0,0,0,13
01/04/2017,LMT,OR,ANM,WE,Federal Contract Tower,0,2,0,0,2,0,0,0,0,0,0,2,0,0,2,0,0,0,2
01/05/2017,LMT,OR,ANM,WE,Federal Contract Tower,0,15,0,5,20,0,2,3,0,5,0,17,3,5,25,18,0,18,43
01/06/2017,LMT,OR,ANM,WE,Federal Contract Tower,0,11,2,7,20,0,5,11,0,16,0,16,13,7,36,14,0,14,50
01/07/2017,LMT,OR,ANM,WE,Federal Contract Tower,0,6,2,0,8,0,0,1,0,1,0,6,3,0,9,0,0,0,9
01/08/2017,LMT,OR,ANM,WE,Federal Contract Tower,0,3,2,0,5,0,0,0,0,0,0,3,2,0,5,0,0,0,5
01/09/2017,LMT,OR,ANM,WE,Federal Contract Tower,0,12,5,0,17,0,0,0,0,0,0,12,5,0,17,0,0,0,17
01/10/2017,LMT,OR,ANM,WE,Federal Contract Tower,0,15,4,18,37,0,0,0,0,0,0,15,4,18,37,40,0,40,77
01/11/2017,LMT,OR,ANM,WE,Federal Contract Tower,0,3,3,12,18,0,0,9,4,13,0,3,12,16,31,78,0,78,109
01/12/2017,LMT,OR,ANM,WE,Federal Contract Tower,0,8,0,20,28,0,5,36,11,52,0,13,36,31,80,47,20,67,147
01/13/2017,LMT,OR,ANM,WE,Federal Contract Tower,0,11,3,8,22,0,4,24,8,36,0,15,27,16,58,4,2,6,64
01/14/2017,LMT,OR,ANM,WE,Federal Contract Tower,0,8,3,0,11,0,1,56,0,57,0,9,59,0,68,58,0,58,126
01/15/2017,LMT,OR,ANM,WE,Federal Contract Tower,0,9,0,0,9,0,0,26,0,26,0,9,26,0,35,22,0,22,57
01/16/2017,LMT,OR,ANM,WE,Federal Contract Tower,0,13,8,0,21,0,2,27,0,29,0,15,35,0,50,12,0,12,62
01/17/2017,LMT,OR,ANM,WE,Federal Contract Tower,0,9,1,20,30,0,1,21,18,40,0,10,22,38,70,10,26,36,106
01/18/2017,LMT,OR,ANM,WE,Federal Contract Tower,0,10,4,0,14,0,0,3,0,3,0,10,7,0,17,0,0,0,17
01/19/2017,LMT,OR,ANM,WE,Federal Contract Tower,0,14,7,17,38,0,2,14,11,27,0,16,21,28,65,0,39,39,104
01/20/2017,LMT,OR,ANM,WE,Federal Contract Tower,0,10,5,9,24,0,0,6,5,11,0,10,11,14,35,8,0,8,43
01/21/2017,LMT,OR,ANM,WE,Federal Contract Tower,0,11,0,2,13,0,0,2,0,2,0,11,2,2,15,0,0,0,15
01/22/2017,LMT,OR,ANM,WE,Federal Contract Tower,0,6,5,0,11,0,0,0,0,0,0,6,5,0,11,0,0,0,11
01/23/2017,LMT,OR,ANM,WE,Federal Contract Tower,0,7,0,1,8,0,5,8,0,13,0,12,8,1,21,31,0,31,52
01/24/2017,LMT,OR,ANM,WE,Federal Contract Tower,0,9,0,21,30,0,4,18,21,43,0,13,18,42,73,12,46,58,131
01/25/2017,LMT,OR,ANM,WE,Federal Contract Tower,0,10,5,17,32,0,2,28,17,47,0,12,33,34,79,26,28,54,133
01/26/2017,LMT,OR,ANM,WE,Federal Contract Tower,0,11,12,17,40,0,5,13,11,29,0,16,25,28,69,0,12,12,81
01/27/2017,LMT,OR,ANM,WE,Federal Contract Tower,0,11,5,10,26,0,3,44,12,59,0,14,49,22,85,62,26,88,173
01/28/2017,LMT,OR,ANM,WE,Federal Contract Tower,0,2,8,4,14,0,2,22,0,24,0,4,30,4,38,45,0,45,83
01/29/2017,LMT,OR,ANM,WE,Federal Contract Tower,0,7,2,0,9,0,0,35,1,36,0,7,37,1,45,62,0,62,107
01/30/2017,LMT,OR,ANM,WE,Federal Contract Tower,0,9,0,14,23,0,4,43,12,59,0,13,43,26,82,28,24,52,134
01/31/2017,LMT,OR,ANM,WE,Federal Contract Tower,0,14,0,14,28,0,3,29,14,46,0,17,29,28,74,82,26,108,182
02/01/2017,LMT,OR,ANM,WE,Federal Contract Tower,0,12,5,21,38,0,0,8,13,21,0,12,13,34,59,52,28,80,139
02/02/2017,LMT,OR,ANM,WE,Federal Contract Tower,0,14,0,9,23,0,2,5,26,33,0,16,5,35,56,0,0,0,56
02/03/2017,LMT,OR,ANM,WE,Federal Contract Tower,0,11,1,27,39,0,0,1,14,15,0,11,2,41,54,0,30,30,84
02/04/2017,LMT,OR,ANM,WE,Federal Contract Tower,0,7,1,4,12,0,2,0,0,2,0,9,1,4,14,0,1,1,15
02/05/2017,LMT,OR,ANM,WE,Federal Contract Tower,0,1,0,0,1,0,2,2,1,5,0,3,2,1,6,0,0,0,6
02/06/2017,LMT,OR,ANM,WE,Federal Contract Tower,0,8,2,14,24,0,3,10,12,25,0,11,12,26,49,0,20,20,69
02/07/2017,LMT,OR,ANM,WE,Federal Contract Tower,0,14,5,19,38,0,2,6,11,19,0,16,11,30,57,44,18,62,119
02/08/2017,LMT,OR,ANM,WE,Federal Contract Tower,0,20,5,25,50,0,2,5,7,14,0,22,10,32,64,120,14,134,198
02/09/2017,LMT,OR,ANM,WE,Federal Contract Tower,0,15,1,1,17,0,0,1,0,1,0,15,2,1,18,0,0,0,18
02/10/2017,LMT,OR,ANM,WE,Federal Contract Tower,0,8,3,10,21,0,3,9,10,22,0,11,12,20,43,8,8,16,59
02/11/2017,LMT,OR,ANM,WE,Federal Contract Tower,0,6,5,23,34,0,6,57,13,76,0,12,62,36,110,18,38,56,166
02/12/2017,LMT,OR,ANM,WE,Federal Contract Tower,0,4,1,14,19,0,0,61,6,67,0,4,62,20,86,6,16,22,108
02/13/2017,LMT,OR,ANM,WE,Federal Contract Tower,0,12,2,0,14,0,3,35,0,38,0,15,37,0,52,29,0,29,81
02/14/2017,LMT,OR,ANM,WE,Federal Contract Tower,0,14,3,24,41,0,7,75,8,90,0,21,78,32,131,118,28,146,277
02/15/2017,LMT,OR,ANM,WE,Federal Contract Tower,0,14,11,29,54,0,10,19,13,42,0,24,30,42,96,56,8,64,160
02/16/2017,LMT,OR,ANM,WE,Federal Contract Tower,0,12,2,26,40,0,2,5,18,25,0,14,7,44,65,0,14,14,79
02/17/2017,LMT,OR,ANM,WE,Federal Contract Tower,0,18,7,18,43,0,1,20,0,21,0,19,27,18,64,52,4,56,120
02/18/2017,LMT,OR,ANM,WE,Federal Contract Tower,0,13,3,0,16,0,0,7,0,7,0,13,10,0,23,0,0,0,23
02/19/2017,LMT,OR,ANM,WE,Federal Contract Tower,0,5,1,0,6,0,0,4,0,4,0,5,5,0,10,16,0,16,26
02/20/2017,LMT,OR,ANM,WE,Federal Contract Tower,0,17,4,0,21,0,4,16,0,20,0,21,20,0,41,38,0,38,79
02/21/2017,LMT,OR,ANM,WE,Federal Contract Tower,0,16,3,24,43,0,3,2,15,20,0,19,5,39,63,0,16,16,79
02/22/2017,LMT,OR,ANM,WE,Federal Contract Tower,0,13,0,23,36,0,0,5,6,11,0,13,5,29,47,23,9,32,79
02/23/2017,LMT,OR,ANM,WE,Federal Contract Tower,0,9,4,19,32,0,6,27,21,54,0,15,31,40,86,10,26,36,122
02/24/2017,LMT,OR,ANM,WE,Federal Contract Tower,0,8,2,9,19,0,2,24,9,35,0,10,26,18,54,14,14,28,82
02/25/2017,LMT,OR,ANM,WE,Federal Contract Tower,0,9,3,0,12,0,1,31,0,32,0,10,34,0,44,68,0,68,112
02/26/2017,LMT,OR,ANM,WE,Federal Contract Tower,0,7,1,0,8,0,1,14,0,15,0,8,15,0,23,0,0,0,23
02/27/2017,LMT,OR,ANM,WE,Federal Contract Tower,0,7,1,0,8,0,0,0,0,0,0,7,1,0,8,0,0,0,8
02/28/2017,LMT,OR,ANM,WE,Federal Contract Tower,0,8,3,14,25,0,0,6,21,27,0,8,9,35,52,26,8,34,86
03/01/2017,LMT,OR,ANM,WE,Federal Contract Tower,0,10,3,15,28,0,5,58,17,80,0,15,61,32,108,153,9,162,270
03/02/2017,LMT,OR,ANM,WE,Federal Contract Tower,0,12,5,14,31,0,3,57,11,71,0,15,62,25,102,86,26,112,214
03/03/2017,LMT,OR,ANM,WE,Federal Contract Tower,0,15,7,11,33,0,3,26,5,34,0,18,33,16,67,46,10,56,123
03/04/2017,LMT,OR,ANM,WE,Federal Contract Tower,0,4,2,17,23,0,1,8,14,23,0,5,10,31,46,0,24,24,70
03/05/2017,LMT,OR,ANM,WE,Federal Contract Tower,0,8,1,20,29,0,0,0,0,0,0,8,1,20,29,0,32,32,61
03/06/2017,LMT,OR,ANM,WE,Federal Contract Tower,0,13,5,0,18,0,0,0,0,0,0,13,5,0,18,0,0,0,18
03/07/2017,LMT,OR,ANM,WE,Federal Contract Tower,0,20,1,6,27,0,0,17,3,20,0,20,18,9,47,70,0,70,117
03/08/2017,LMT,OR,ANM,WE,Federal Contract Tower,0,17,6,22,45,0,0,23,13,36,0,17,29,35,81,32,42,74,155
03/09/2017,LMT,OR,ANM,WE,Federal Contract Tower,0,16,2,44,62,0,2,21,15,38,0,18,23,59,100,12,28,40,140
03/10/2017,LMT,OR,ANM,WE,Federal Contract Tower,0,11,11,12,34,0,4,42,12,58,0,15,53,24,92,50,6,56,148
03/11/2017,LMT,OR,ANM,WE,Federal Contract Tower,0,9,0,0,9,0,0,45,0,45,0,9,45,0,54,46,0,46,100
03/12/2017,LMT,OR,ANM,WE,Federal Contract Tower,0,4,0,3,7,0,0,66,0,66,0,4,66,3,73,32,0,32,105
03/13/2017,LMT,OR,ANM,WE,Federal Contract Tower,0,9,3,26,38,0,4,92,34,130,0,13,95,60,168,78,44,122,290
03/14/2017,LMT,OR,ANM,WE,Federal Contract Tower,0,12,4,31,47,0,2,53,24,79,0,14,57,55,126,179,50,229,355
03/15/2017,LMT,OR,ANM,WE,Federal Contract Tower,0,16,0,34,50,0,0,3,12,15,0,16,3,46,65,20,30,50,115
03/16/2017,LMT,OR,ANM,WE,Federal Contract Tower,0,15,1,28,44,0,6,62,20,88,0,21,63,48,132,192,40,232,364
03/17/2017,LMT,OR,ANM,WE,Federal Contract Tower,0,9,10,12,31,0,2,22,12,36,0,11,32,24,67,188,28,216,283
03/18/2017,LMT,OR,ANM,WE,Federal Contract Tower,0,6,4,1,11,0,0,3,0,3,0,6,7,1,14,18,0,18,32
03/19/2017,LMT,OR,ANM,WE,Federal Contract Tower,0,6,3,0,9,0,0,23,0,23,0,6,26,0,32,38,0,38,70
03/20/2017,LMT,OR,ANM,WE,Federal Contract Tower,0,13,4,27,44,0,1,31,20,52,0,14,35,47,96,114,104,218,314
03/21/2017,LMT,OR,ANM,WE,Federal Contract Tower,0,15,2,30,47,0,0,16,15,31,0,15,18,45,78,38,44,82,160
03/22/2017,LMT,OR,ANM,WE,Federal Contract Tower,0,10,8,40,58,0,3,4,19,26,0,13,12,59,84,35,70,105,189
03/23/2017,LMT,OR,ANM,WE,Federal Contract Tower,0,9,14,24,47,0,4,32,28,64,0,13,46,52,111,146,88,234,345
03/25/2017,LMT,OR,ANM,WE,Federal Contract Tower,0,9,4,0,13,0,2,21,1,24,0,11,25,1,37,38,0,38,75
03/26/2017,LMT,OR,ANM,WE,Federal Contract Tower,0,5,1,0,6,0,0,0,0,0,0,5,1,0,6,0,0,0,6
03/27/2017,LMT,OR,ANM,WE,Federal Contract Tower,0,6,5,2,13,0,6,16,0,22,0,12,21,2,35,58,0,58,93
03/28/2017,LMT,OR,ANM,WE,Federal Contract Tower,0,11,3,26,40,0,8,55,7,70,0,19,58,33,110,76,60,136,246
03/29/2017,LMT,OR,ANM,WE,Federal Contract Tower,0,8,9,30,47,0,0,5,6,11,0,8,14,36,58,32,70,102,160
03/30/2017,LMT,OR,ANM,WE,Federal Contract Tower,0,8,10,25,43,0,4,5,11,20,0,12,15,36,63,2,51,53,116
03/31/2017,LMT,OR,ANM,WE,Federal Contract Tower,0,9,11,24,44,0,4,42,10,56,0,13,53,34,100,77,79,156,256
04/01/2017,LMT,OR,ANM,WE,Federal Contract Tower,0,6,1,21,28,0,2,64,11,77,0,8,65,32,105,118,58,176,281
04/02/2017,LMT,OR,ANM,WE,Federal Contract Tower,0,6,4,0,10,0,0,20,0,20,0,6,24,0,30,22,0,22,52
04/03/2017,LMT,OR,ANM,WE,Federal Contract Tower,0,9,3,0,12,0,5,68,0,73,0,14,71,0,85,148,0,148,233
04/04/2017,LMT,OR,ANM,WE,Federal Contract Tower,0,9,8,24,41,0,1,20,20,41,0,10,28,44,82,8,82,90,172
04/05/2017,LMT,OR,ANM,WE,Federal Contract Tower,0,8,4,27,39,0,4,20,15,39,0,12,24,42,78,2,52,54,132
04/06/2017,LMT,OR,ANM,WE,Federal Contract Tower,0,13,0,27,40,0,1,26,48,75,0,14,26,75,115,0,68,68,183
04/07/2017,LMT,OR,ANM,WE,Federal Contract Tower,0,12,1,14,27,0,0,0,11,11,0,12,1,25,38,0,62,62,100
04/08/2017,LMT,OR,ANM,WE,Federal Contract Tower,0,10,5,3,18,0,2,13,4,19,0,12,18,7,37,4,0,4,41
04/09/2017,LMT,OR,ANM,WE,Federal Contract Tower,0,4,1,3,8,0,0,26,0,26,0,4,27,3,34,24,0,24,58
04/10/2017,LMT,OR,ANM,WE,Federal Contract Tower,0,8,2,23,33,0,2,22,16,40,0,10,24,39,73,64,32,96,169
04/11/2017,LMT,OR,ANM,WE,Federal Contract Tower,0,12,2,41,55,0,0,8,7,15,0,12,10,48,70,42,34,76,146
04/12/2017,LMT,OR,ANM,WE,Federal Contract Tower,0,10,4,38,52,0,1,16,8,25,0,11,20,46,77,20,59,79,156
04/13/2017,LMT,OR,ANM,WE,Federal Contract Tower,0,9,4,37,50,0,2,23,9,34,0,11,27,46,84,11,70,81,165
04/14/2017,LMT,OR,ANM,WE,Federal Contract Tower,0,10,11,14,35,0,2,20,12,34,0,12,31,26,69,52,24,76,145
04/15/2017,LMT,OR,ANM,WE,Federal Contract Tower,0,7,4,0,11,0,1,66,1,68,0,8,70,1,79,82,0,82,161
04/16/2017,LMT,OR,ANM,WE,Federal Contract Tower,0,5,3,0,8,0,0,12,0,12,0,5,15,0,20,8,0,8,28
04/17/2017,LMT,OR,ANM,WE,Federal Contract Tower,0,8,3,29,40,0,6,20,13,39,0,14,23,42,79,52,64,116,195
04/18/2017,LMT,OR,ANM,WE,Federal Contract Tower,0,9,1,27,37,0,2,29,20,51,0,11,30,47,88,60,46,106,194
04/19/2017,LMT,OR,ANM,WE,Federal Contract Tower,0,11,7,29,47,0,0,14,21,35,0,11,21,50,82,64,67,131,213
04/20/2017,LMT,OR,ANM,WE,Federal Contract Tower,0,8,8,13,29,0,1,25,4,30,0,9,33,17,59,43,36,79,138
04/21/2017,LMT,OR,ANM,WE,Federal Contract Tower,0,7,8,12,27,0,1,53,3,57,0,8,61,15,84,50,2,52,136
04/22/2017,LMT,OR,ANM,WE,Federal Contract Tower,0,4,7,0,11,0,2,30,0,32,0,6,37,0,43,18,0,18,61
04/23/2017,LMT,OR,ANM,WE,Federal Contract Tower,0,8,4,0,12,0,3,44,0,47,0,11,48,0,59,36,0,36,95
04/24/2017,LMT,OR,ANM,WE,Federal Contract Tower,0,14,7,0,21,0,0,17,0,17,0,14,24,0,38,14,0,14,52
04/25/2017,LMT,OR,ANM,WE,Federal Contract Tower,0,20,7,19,46,0,1,23,9,33,0,21,30,28,79,10,16,26,105
04/26/2017,LMT,OR,ANM,WE,Federal Contract Tower,0,12,6,26,44,0,2,3,0,5,0,14,9,26,49,36,0,36,85
04/27/2017,LMT,OR,ANM,WE,Federal Contract Tower,0,12,2,15,29,0,1,43,16,60,0,13,45,31,89,168,26,194,283
04/28/2017,LMT,OR,ANM,WE,Federal Contract Tower,0,9,2,18,29,0,1,40,7,48,0,10,42,25,77,46,12,58,135
04/29/2017,LMT,OR,ANM,WE,Federal Contract Tower,0,5,1,0,6,0,3,67,2,72,0,8,68,2,78,42,0,42,120
04/30/2017,LMT,OR,ANM,WE,Federal Contract Tower,0,5,0,0,5,0,2,45,0,47,0,7,45,0,52,82,0,82,134
05/01/2017,LMT,OR,ANM,WE,Federal Contract Tower,0,14,0,14,28,0,0,42,14,56,0,14,42,28,84,100,32,132,216
05/02/2017,LMT,OR,ANM,WE,Federal Contract Tower,0,10,6,16,32,0,4,39,14,57,0,14,45,30,89,54,18,72,161
05/03/2017,LMT,OR,ANM,WE,Federal Contract Tower,0,10,6,15,31,0,3,46,13,62,0,13,52,28,93,128,50,178,271
05/04/2017,LMT,OR,ANM,WE,Federal Contract Tower,0,7,4,12,23,0,5,34,17,56,0,12,38,29,79,30,16,46,125
05/05/2017,LMT,OR,ANM,WE,Federal Contract Tower,0,7,7,10,24,0,2,19,10,31,0,9,26,20,55,64,32,96,151
05/06/2017,LMT,OR,ANM,WE,Federal Contract Tower,0,7,2,17,26,0,0,31,6,37,0,7,33,23,63,4,10,14,77
05/07/2017,LMT,OR,ANM,WE,Federal Contract Tower,0,5,4,6,15,0,0,36,10,46,0,5,40,16,61,23,5,28,89
05/08/2017,LMT,OR,ANM,WE,Federal Contract Tower,0,8,6,3,17,0,6,84,2,92,0,14,90,5,109,50,0,50,159
05/09/2017,LMT,OR,ANM,WE,Federal Contract Tower,0,8,4,22,34,0,4,37,28,69,0,12,41,50,103,80,76,156,259
05/10/2017,LMT,OR,ANM,WE,Federal Contract Tower,0,7,6,20,33,0,2,51,25,78,0,9,57,45,111,44,52,96,207
05/11/2017,LMT,OR,ANM,WE,Federal Contract Tower,0,9,6,16,31,0,2,2,10,14,0,11,8,26,45,4,22,26,71
05/12/2017,LMT,OR,ANM,WE,Federal Contract Tower,0,17,7,8,32,0,0,22,14,36,0,17,29,22,68,10,10,20,88
05/13/2017,LMT,OR,ANM,WE,Federal Contract Tower,0,7,6,0,13,0,0,19,0,19,0,7,25,0,32,50,0,50,82
05/14/2017,LMT,OR,ANM,WE,Federal Contract Tower,0,5,3,0,8,0,0,31,0,31,0,5,34,0,39,12,0,12,51
05/15/2017,LMT,OR,ANM,WE,Federal Contract Tower,0,10,7,27,44,0,3,36,12,51,0,13,43,39,95,102,44,146,241
05/16/2017,LMT,OR,ANM,WE,Federal Contract Tower,0,14,10,0,24,0,0,0,0,0,0,14,10,0,24,0,0,0,24
05/17/2017,LMT,OR,ANM,WE,Federal Contract Tower,0,10,9,8,27,0,0,31,9,40,0,10,40,17,67,67,22,89,156
05/18/2017,LMT,OR,ANM,WE,Federal Contract Tower,0,8,7,11,26,0,5,59,5,69,0,13,66,16,95,88,14,102,197
05/19/2017,LMT,OR,ANM,WE,Federal Contract Tower,0,6,8,12,26,0,1,46,0,47,0,7,54,12,73,28,18,46,119
05/20/2017,LMT,OR,ANM,WE,Federal Contract Tower,0,11,0,0,11,0,1,111,0,112,0,12,111,0,123,54,0,54,177
05/21/2017,LMT,OR,ANM,WE,Federal Contract Tower,0,4,4,0,8,0,0,64,0,64,0,4,68,0,72,16,0,16,88
05/22/2017,LMT,OR,ANM,WE,Federal Contract Tower,0,6,5,0,11,0,4,40,0,44,0,10,45,0,55,13,0,13,68
05/23/2017,LMT,OR,ANM,WE,Federal Contract Tower,0,7,6,26,39,0,6,34,20,60,0,13,40,46,99,12,30,42,141
05/24/2017,LMT,OR,ANM,WE,Federal Contract Tower,0,8,2,26,36,0,6,46,19,71,0,14,48,45,107,22,63,85,192
05/25/2017,LMT,OR,ANM,WE,Federal Contract Tower,0,8,2,23,33,0,6,51,19,76,0,14,53,42,109,52,88,140,249
05/26/2017,LMT,OR,ANM,WE,Federal Contract Tower,0,11,6,10,27,0,2,53,12,67,0,13,59,22,94,24,12,36,130
05/27/2017,LMT,OR,ANM,WE,Federal Contract Tower,0,6,2,0,8,0,4,52,0,56,0,10,54,0,64,72,0,72,136
05/28/2017,LMT,OR,ANM,WE,Federal Contract Tower,0,5,3,0,8,0,0,50,0,50,0,5,53,0,58,4,0,4,62
05/29/2017,LMT,OR,ANM,WE,Federal Contract Tower,0,3,13,0,16,0,0,45,12,57,0,3,58,12,73,22,8,30,103
05/30/2017,LMT,OR,ANM,WE,Federal Contract Tower,0,11,9,29,49,0,1,38,16,55,0,12,47,45,104,82,69,151,255
05/31/2017,LMT,OR,ANM,WE,Federal Contract Tower,0,9,9,34,52,0,2,21,6,29,0,11,30,40,81,30,46,76,157
06/01/2017,LMT,OR,ANM,WE,Federal Contract Tower,0,9,9,34,52,0,3,35,10,48,0,12,44,44,100,48,50,98,198
06/02/2017,LMT,OR,ANM,WE,Federal Contract Tower,0,8,3,25,36,0,3,35,9,47,0,11,38,34,83,150,50,200,283
06/03/2017,LMT,OR,ANM,WE,Federal Contract Tower,0,3,2,13,18,0,1,59,18,78,0,4,61,31,96,120,40,160,256
06/04/2017,LMT,OR,ANM,WE,Federal Contract Tower,0,2,0,26,28,0,0,32,0,32,0,2,32,26,60,52,32,84,144
06/05/2017,LMT,OR,ANM,WE,Federal Contract Tower,0,7,10,4,21,0,4,65,8,77,0,11,75,12,98,80,8,88,186
06/06/2017,LMT,OR,ANM,WE,Federal Contract Tower,0,6,9,39,54,0,5,69,8,82,0,11,78,47,136,59,70,129,265
06/07/2017,LMT,OR,ANM,WE,Federal Contract Tower,0,8,3,28,39,0,7,40,32,79,0,15,43,60,118,72,88,160,278
06/08/2017,LMT,OR,ANM,WE,Federal Contract Tower,0,16,15,22,53,0,5,9,22,36,0,21,24,44,89,20,60,80,169
06/09/2017,LMT,OR,ANM,WE,Federal Contract Tower,0,9,9,10,28,0,2,27,8,37,0,11,36,18,65,202,32,234,299
06/10/2017,LMT,OR,ANM,WE,Federal Contract Tower,0,5,4,0,9,0,0,16,0,16,0,5,20,0,25,23,0,23,48
06/11/2017,LMT,OR,ANM,WE,Federal Contract Tower,0,2,2,0,4,0,0,20,0,20,0,2,22,0,24,44,0,44,68
06/12/2017,LMT,OR,ANM,WE,Federal Contract Tower,0,10,5,22,37,0,1,30,22,53,0,11,35,44,90,150,68,218,308
06/13/2017,LMT,OR,ANM,WE,Federal Contract Tower,0,9,6,24,39,0,5,37,25,67,0,14,43,49,106,42,48,90,196
06/14/2017,LMT,OR,ANM,WE,Federal Contract Tower,0,8,3,21,32,0,4,55,31,90,0,12,58,52,122,37,38,75,197
06/15/2017,LMT,OR,ANM,WE,Federal Contract Tower,0,13,9,15,37,0,1,27,17,45,0,14,36,32,82,121,22,143,225
06/16/2017,LMT,OR,ANM,WE,Federal Contract Tower,0,9,5,13,27,0,5,26,14,45,0,14,31,27,72,24,10,34,106
06/17/2017,LMT,OR,ANM,WE,Federal Contract Tower,0,6,4,4,14,0,7,76,0,83,0,13,80,4,97,111,7,118,215
06/18/2017,LMT,OR,ANM,WE,Federal Contract Tower,0,5,2,0,7,0,0,43,0,43,0,5,45,0,50,56,0,56,106
06/19/2017,LMT,OR,ANM,WE,Federal Contract Tower,0,7,13,3,23,0,7,74,7,88,0,14,87,10,111,48,2,50,161
06/20/2017,LMT,OR,ANM,WE,Federal Contract Tower,0,8,2,15,25,0,2,32,15,49,0,10,34,30,74,27,39,66,140
06/21/2017,LMT,OR,ANM,WE,Federal Contract Tower,0,14,9,23,46,0,4,15,24,43,0,18,24,47,89,76,66,142,231
06/22/2017,LMT,OR,ANM,WE,Federal Contract Tower,0,11,1,22,34,0,4,24,26,54,0,15,25,48,88,133,12,145,233
06/23/2017,LMT,OR,ANM,WE,Federal Contract Tower,0,0,0,0,0,0,5,54,12,71,0,5,54,12,71,32,6,38,109
06/24/2017,LMT,OR,ANM,WE,Federal Contract Tower,0,5,1,0,6,0,2,68,0,70,0,7,69,0,76,87,0,87,163
06/25/2017,LMT,OR,ANM,WE,Federal Contract Tower,0,6,2,0,8,0,0,56,0,56,0,6,58,0,64,26,0,26,90
06/26/2017,LMT,OR,ANM,WE,Federal Contract Tower,0,10,3,28,41,0,7,62,26,95,0,17,65,54,136,6,26,32,168
06/27/2017,LMT,OR,ANM,WE,Federal Contract Tower,0,6,7,21,34,0,5,36,22,63,0,11,43,43,97,27,28,55,152
06/28/2017,LMT,OR,ANM,WE,Federal Contract Tower,0,10,2,28,40,0,7,63,15,85,0,17,65,43,125,4,24,28,153
06/29/2017,LMT,OR,ANM,WE,Federal Contract Tower,0,9,6,24,39,0,5,54,20,79,0,14,60,44,118,82,30,112,230
06/30/2017,LMT,OR,ANM,WE,Federal Contract Tower,0,5,6,12,23,0,4,37,12,53,0,9,43,24,76,10,14,24,100
07/01/2017,LMT,OR,ANM,WE,Federal Contract Tower,0,3,5,0,8,0,5,37,0,42,0,8,42,0,50,56,0,56,106
07/02/2017,LMT,OR,ANM,WE,Federal Contract Tower,0,6,4,0,10,0,1,57,0,58,0,7,61,0,68,30,0,30,98
07/03/2017,LMT,OR,ANM,WE,Federal Contract Tower,0,4,2,0,6,0,10,74,0,84,0,14,76,0,90,31,0,31,121
07/04/2017,LMT,OR,ANM,WE,Federal Contract Tower,0,5,1,0,6,0,2,31,6,39,0,7,32,6,45,30,8,38,83
07/05/2017,LMT,OR,ANM,WE,Federal Contract Tower,0,10,3,14,27,0,2,54,15,71,0,12,57,29,98,56,18,74,172
07/06/2017,LMT,OR,ANM,WE,Federal Contract Tower,0,7,7,14,28,0,10,112,11,133,0,17,119,25,161,0,36,36,197
07/07/2017,LMT,OR,ANM,WE,Federal Contract Tower,0,8,6,11,25,0,9,71,8,88,0,17,77,19,113,26,14,40,153
07/08/2017,LMT,OR,ANM,WE,Federal Contract Tower,0,4,12,0,16,0,10,38,0,48,0,14,50,0,64,10,0,10,74
07/09/2017,LMT,OR,ANM,WE,Federal Contract Tower,0,3,4,9,16,0,39,53,0,92,0,42,57,9,108,114,0,114,222
07/10/2017,LMT,OR,ANM,WE,Federal Contract Tower,0,8,5,0,13,0,18,43,0,61,0,26,48,0,74,52,0,52,126
07/11/2017,LMT,OR,ANM,WE,Federal Contract Tower,0,8,3,28,39,0,3,34,34,71,0,11,37,62,110,70,47,117,227
07/12/2017,LMT,OR,ANM,WE,Federal Contract Tower,0,6,7,31,44,0,9,51,29,89,0,15,58,60,133,123,47,170,303
07/13/2017,LMT,OR,ANM,WE,Federal Contract Tower,0,8,6,34,48,0,81,43,28,152,0,89,49,62,200,57,30,87,287
07/14/2017,LMT,OR,ANM,WE,Federal Contract Tower,0,11,9,17,37,0,6,124,32,162,0,17,133,49,199,28,22,50,249
07/15/2017,LMT,OR,ANM,WE,Federal Contract Tower,0,5,0,1,6,0,6,50,3,59,0,11,50,4,65,27,0,27,92
07/16/2017,LMT,OR,ANM,WE,Federal Contract Tower,0,3,4,0,7,0,0,92,0,92,0,3,96,0,99,34,0,34,133
07/17/2017,LMT,OR,ANM,WE,Federal Contract Tower,0,5,2,42,49,0,10,68,20,98,0,15,70,62,147,75,60,135,282
07/18/2017,LMT,OR,ANM,WE,Federal Contract Tower,0,7,3,39,49,0,9,70,21,100,0,16,73,60,149,13,31,44,193
07/19/2017,LMT,OR,ANM,WE,Federal Contract Tower,0,9,4,17,30,0,3,50,41,94,0,12,54,58,124,96,24,120,244
07/20/2017,LMT,OR,ANM,WE,Federal Contract Tower,0,9,6,65,80,0,9,58,40,107,0,18,64,105,187,52,32,84,271
07/21/2017,LMT,OR,ANM,WE,Federal Contract Tower,0,6,2,63,71,0,3,34,76,113,0,9,36,139,184,59,84,143,327
07/22/2017,LMT,OR,ANM,WE,Federal Contract Tower,0,4,0,34,38,0,2,31,41,74,0,6,31,75,112,30,58,88,200
07/23/2017,LMT,OR,ANM,WE,Federal Contract Tower,0,2,36,71,109,0,0,28,28,56,0,2,64,99,165,16,44,60,225
07/24/2017,LMT,OR,ANM,WE,Federal Contract Tower,0,8,5,12,25,0,33,34,4,71,0,41,39,16,96,10,0,10,106
07/25/2017,LMT,OR,ANM,WE,Federal Contract Tower,0,4,5,23,32,0,23,54,19,96,0,27,59,42,128,2,20,22,150
07/26/2017,LMT,OR,ANM,WE,Federal Contract Tower,0,7,4,30,41,0,32,53,31,116,0,39,57,61,157,34,10,44,201
07/27/2017,LMT,OR,ANM,WE,Federal Contract Tower,0,8,5,30,43,0,16,52,12,80,0,24,57,42,123,67,5,72,195
07/28/2017,LMT,OR,ANM,WE,Federal Contract Tower,0,6,9,15,30,0,38,39,12,89,0,44,48,27,119,34,12,46,165
07/29/2017,LMT,OR,ANM,WE,Federal Contract Tower,0,6,1,0,7,0,34,57,0,91,0,40,58,0,98,31,0,31,129
07/30/2017,LMT,OR,ANM,WE,Federal Contract Tower,0,2,8,2,12,0,25,66,25,116,0,27,74,27,128,38,0,38,166
07/31/2017,LMT,OR,ANM,WE,Federal Contract Tower,0,6,5,28,39,0,47,34,15,96,0,53,39,43,135,6,34,40,175
08/01/2017,LMT,OR,ANM,WE,Federal Contract Tower,0,7,0,30,37,0,86,27,34,147,0,93,27,64,184,0,82,82,266
08/02/2017,LMT,OR,ANM,WE,Federal Contract Tower,0,6,3,32,41,0,59,20,15,94,0,65,23,47,135,2,39,41,176
08/03/2017,LMT,OR,ANM,WE,Federal Contract Tower,0,7,11,28,46,0,21,30,27,78,0,28,41,55,124,50,40,90,214
08/04/2017,LMT,OR,ANM,WE,Federal Contract Tower,0,10,6,25,41,0,29,56,20,105,0,39,62,45,146,40,44,84,230
08/05/2017,LMT,OR,ANM,WE,Federal Contract Tower,0,4,14,2,20,0,20,57,0,77,0,24,71,2,97,30,0,30,127
08/06/2017,LMT,OR,ANM,WE,Federal Contract Tower,0,4,10,0,14,0,5,25,0,30,0,9,35,0,44,97,0,97,141
08/07/2017,LMT,OR,ANM,WE,Federal Contract Tower,0,11,7,0,18,0,34,53,0,87,0,45,60,0,105,103,0,103,208
08/08/2017,LMT,OR,ANM,WE,Federal Contract Tower,0,7,3,28,38,0,18,39,24,81,0,25,42,52,119,57,44,101,220
08/09/2017,LMT,OR,ANM,WE,Federal Contract Tower,0,9,3,31,43,0,5,25,24,54,0,14,28,55,97,20,86,106,203
08/10/2017,LMT,OR,ANM,WE,Federal Contract Tower,0,13,12,22,47,0,0,23,20,43,0,13,35,42,90,19,53,72,162
08/11/2017,LMT,OR,ANM,WE,Federal Contract Tower,0,6,1,51,58,0,3,78,13,94,0,9,79,64,152,17,64,81,233
08/12/2017,LMT,OR,ANM,WE,Federal Contract Tower,0,6,10,0,16,0,12,40,3,55,0,18,50,3,71,50,0,50,121
08/13/2017,LMT,OR,ANM,WE,Federal Contract Tower,0,2,8,0,10,0,4,22,0,26,0,6,30,0,36,20,0,20,56
08/14/2017,LMT,OR,ANM,WE,Federal Contract Tower,0,4,8,28,40,0,10,26,20,56,0,14,34,48,96,26,34,60,156
08/15/2017,LMT,OR,ANM,WE,Federal Contract Tower,0,3,3,40,46,0,10,90,13,113,0,13,93,53,159,146,58,204,363
08/16/2017,LMT,OR,ANM,WE,Federal Contract Tower,0,3,11,24,38,0,12,35,20,67,0,15,46,44,105,72,68,140,245
08/17/2017,LMT,OR,ANM,WE,Federal Contract Tower,0,6,6,30,42,0,45,61,8,114,0,51,67,38,156,56,46,102,258
08/18/2017,LMT,OR,ANM,WE,Federal Contract Tower,0,7,15,32,54,0,14,61,8,83,0,21,76,40,137,31,30,61,198
08/19/2017,LMT,OR,ANM,WE,Federal Contract Tower,0,2,9,0,11,0,23,64,2,89,0,25,73,2,100,8,0,8,108
08/20/2017,LMT,OR,ANM,WE,Federal Contract Tower,0,4,3,0,7,0,0,135,0,135,0,4,138,0,142,12,0,12,154
08/21/2017,LMT,OR,ANM,WE,Federal Contract Tower,0,6,19,0,25,0,28,166,0,194,0,34,185,0,219,0,0,0,219
08/22/2017,LMT,OR,ANM,WE,Federal Contract Tower,0,9,9,46,64,0,2,35,5,42,0,11,44,51,106,0,0,0,106
08/23/2017,LMT,OR,ANM,WE,Federal Contract Tower,0,4,13,37,54,0,32,105,23,160,0,36,118,60,214,31,54,85,299
08/24/2017,LMT,OR,ANM,WE,Federal Contract Tower,0,5,12,26,43,0,7,18,8,33,0,12,30,34,76,0,24,24,100
08/25/2017,LMT,OR,ANM,WE,Federal Contract Tower,0,3,7,10,20,0,3,9,12,24,0,6,16,22,44,12,10,22,66
08/26/2017,LMT,OR,ANM,WE,Federal Contract Tower,0,5,3,6,14,0,13,23,0,36,0,18,26,6,50,20,0,20,70
08/27/2017,LMT,OR,ANM,WE,Federal Contract Tower,0,3,4,0,7,0,13,15,0,28,0,16,19,0,35,12,0,12,47
08/28/2017,LMT,OR,ANM,WE,Federal Contract Tower,0,5,16,52,73,0,6,12,4,22,0,11,28,56,95,0,2,2,97
08/29/2017,LMT,OR,ANM,WE,Federal Contract Tower,0,7,1,34,42,0,10,31,3,44,0,17,32,37,86,36,13,49,135
08/30/2017,LMT,OR,ANM,WE,Federal Contract Tower,0,13,13,44,70,0,11,3,4,18,0,24,16,48,88,49,21,70,158
08/31/2017,LMT,OR,ANM,WE,Federal Contract Tower,0,7,10,22,39,0,40,28,18,86,0,47,38,40,125,74,19,93,218
09/01/2017,LMT,OR,ANM,WE,Federal Contract Tower,0,3,4,18,25,0,42,23,12,77,0,45,27,30,102,52,12,64,166
09/02/2017,LMT,OR,ANM,WE,Federal Contract Tower,0,3,2,0,5,0,28,22,0,50,0,31,24,0,55,52,0,52,107
09/03/2017,LMT,OR,ANM,WE,Federal Contract Tower,0,2,9,0,11,0,0,3,0,3,0,2,12,0,14,55,0,55,69
09/04/2017,LMT,OR,ANM,WE,Federal Contract Tower,0,5,7,0,12,0,50,14,0,64,0,55,21,0,76,0,0,0,76
09/05/2017,LMT,OR,ANM,WE,Federal Contract Tower,0,6,10,0,16,0,13,21,0,34,0,19,31,0,50,22,0,22,72
09/06/2017,LMT,OR,ANM,WE,Federal Contract Tower,0,7,11,28,46,0,5,9,4,18,0,12,20,32,64,0,0,0,64
09/07/2017,LMT,OR,ANM,WE,Federal Contract Tower,0,10,4,12,26,0,15,36,12,63,0,25,40,24,89,22,4,26,115
09/08/2017,LMT,OR,ANM,WE,Federal Contract Tower,0,2,3,12,17,0,2,42,4,48,0,4,45,16,65,36,4,40,105
09/09/2017,LMT,OR,ANM,WE,Federal Contract Tower,0,6,7,0,13,0,2,56,0,58,0,8,63,0,71,32,0,32,103
09/10/2017,LMT,OR,ANM,WE,Federal Contract Tower,0,0,5,0,5,0,6,44,0,50,0,6,49,0,55,24,0,24,79
09/11/2017,LMT,OR,ANM,WE,Federal Contract Tower,0,1,7,19,27,0,7,24,17,48,0,8,31,36,75,4,40,44,119
09/12/2017,LMT,OR,ANM,WE,Federal Contract Tower,0,7,3,17,27,0,8,20,16,44,0,15,23,33,71,28,25,53,124
09/13/2017,LMT,OR,ANM,WE,Federal Contract Tower,0,6,4,23,33,0,15,55,16,86,0,21,59,39,119,6,48,54,173
09/14/2017,LMT,OR,ANM,WE,Federal Contract Tower,0,6,5,29,40,0,23,52,20,95,0,29,57,49,135,36,52,88,223
09/15/2017,LMT,OR,ANM,WE,Federal Contract Tower,0,3,2,18,23,0,8,36,6,50,0,11,38,24,73,18,10,28,101
09/16/2017,LMT,OR,ANM,WE,Federal Contract Tower,0,6,6,25,37,0,3,53,19,75,0,9,59,44,112,47,52,99,211
09/17/2017,LMT,OR,ANM,WE,Federal Contract Tower,0,4,30,20,54,0,0,7,0,7,0,4,37,20,61,4,4,8,69
09/18/2017,LMT,OR,ANM,WE,Federal Contract Tower,0,3,3,0,6,0,5,17,0,22,0,8,20,0,28,11,0,11,39
09/19/2017,LMT,OR,ANM,WE,Federal Contract Tower,0,10,7,20,37,0,0,5,13,18,0,10,12,33,55,6,32,38,93
09/20/2017,LMT,OR,ANM,WE,Federal Contract Tower,0,9,9,23,41,0,3,16,19,38,0,12,25,42,79,30,64,94,173
09/21/2017,LMT,OR,ANM,WE,Federal Contract Tower,0,8,25,33,66,0,2,22,20,44,0,10,47,53,110,2,54,56,166
09/22/2017,LMT,OR,ANM,WE,Federal Contract Tower,0,3,5,15,23,0,2,31,10,43,0,5,36,25,66,30,22,52,118
09/23/2017,LMT,OR,ANM,WE,Federal Contract Tower,0,2,7,0,9,0,5,16,0,21,0,7,23,0,30,23,0,23,53
09/24/2017,LMT,OR,ANM,WE,Federal Contract Tower,0,1,1,0,2,0,4,46,0,50,0,5,47,0,52,44,0,44,96
09/25/2017,LMT,OR,ANM,WE,Federal Contract Tower,0,4,3,22,29,0,8,70,24,102,0,12,73,46,131,49,44,93,224
09/26/2017,LMT,OR,ANM,WE,Federal Contract Tower,0,3,3,24,30,0,11,21,23,55,0,14,24,47,85,30,34,64,149
09/27/2017,LMT,OR,ANM,WE,Federal Contract Tower,0,8,5,25,38,0,10,40,23,73,0,18,45,48,111,58,44,102,213
09/28/2017,LMT,OR,ANM,WE,Federal Contract Tower,0,4,3,22,29,0,3,54,28,85,0,7,57,50,114,14,43,57,171
09/29/2017,LMT,OR,ANM,WE,Federal Contract Tower,0,6,28,0,34,0,1,25,0,26,0,7,53,0,60,60,0,60,120
09/30/2017,LMT,OR,ANM,WE,Federal Contract Tower,0,2,1,0,3,0,3,16,0,19,0,5,17,0,22,42,0,42,64
10/01/2017,LMT,OR,ANM,WE,Federal Contract Tower,0,1,1,0,2,0,2,28,0,30,0,3,29,0,32,28,0,28,60
10/02/2017,LMT,OR,ANM,WE,Federal Contract Tower,0,8,1,0,9,0,4,35,0,39,0,12,36,0,48,4,0,4,52
10/03/2017,LMT,OR,ANM,WE,Federal Contract Tower,0,3,4,0,7,0,5,35,0,40,0,8,39,0,47,22,0,22,69
10/04/2017,LMT,OR,ANM,WE,Federal Contract Tower,0,7,2,24,33,0,3,33,22,58,0,10,35,46,91,48,16,64,155
10/05/2017,LMT,OR,ANM,WE,Federal Contract Tower,0,4,3,24,31,0,2,23,23,48,0,6,26,47,79,6,26,32,111
10/06/2017,LMT,OR,ANM,WE,Federal Contract Tower,0,6,2,12,20,0,6,37,8,51,0,12,39,20,71,26,14,40,111
10/07/2017,LMT,OR,ANM,WE,Federal Contract Tower,0,1,3,0,4,0,2,45,0,47,0,3,48,0,51,46,0,46,97
10/08/2017,LMT,OR,ANM,WE,Federal Contract Tower,0,3,2,2,7,0,3,33,1,37,0,6,35,3,44,4,0,4,48
10/09/2017,LMT,OR,ANM,WE,Federal Contract Tower,0,6,4,0,10,0,2,46,0,48,0,8,50,0,58,30,0,30,88
10/10/2017,LMT,OR,ANM,WE,Federal Contract Tower,0,11,13,19,43,0,3,16,15,34,0,14,29,34,77,41,52,93,170
10/11/2017,LMT,OR,ANM,WE,Federal Contract Tower,0,6,8,21,35,0,4,10,9,23,0,10,18,30,58,30,34,64,122
10/12/2017,LMT,OR,ANM,WE,Federal Contract Tower,0,8,2,23,33,0,1,23,10,34,0,9,25,33,67,30,32,62,129
10/13/2017,LMT,OR,ANM,WE,Federal Contract Tower,0,5,6,14,25,0,1,20,2,23,0,6,26,16,48,12,4,16,64
10/14/2017,LMT,OR,ANM,WE,Federal Contract Tower,0,3,2,17,22,0,3,46,14,63,0,6,48,31,85,26,14,40,125
10/15/2017,LMT,OR,ANM,WE,Federal Contract Tower,0,7,48,18,73,0,0,48,0,48,0,7,96,18,121,12,48,60,181
10/16/2017,LMT,OR,ANM,WE,Federal Contract Tower,0,6,0,2,8,0,7,37,0,44,0,13,37,2,52,32,0,32,84
10/17/2017,LMT,OR,ANM,WE,Federal Contract Tower,0,1,4,35,40,0,8,30,11,49,0,9,34,46,89,16,36,52,141
10/18/2017,LMT,OR,ANM,WE,Federal Contract Tower,0,3,3,30,36,0,2,18,0,20,0,5,21,30,56,26,48,74,130
10/19/2017,LMT,OR,ANM,WE,Federal Contract Tower,0,7,7,16,30,0,5,17,16,38,0,12,24,32,68,14,10,24,92
10/20/2017,LMT,OR,ANM,WE,Federal Contract Tower,0,6,3,25,34,0,2,5,1,8,0,8,8,26,42,26,0,26,68
10/21/2017,LMT,OR,ANM,WE,Federal Contract Tower,0,6,6,0,12,0,0,0,0,0,0,6,6,0,12,0,0,0,12
10/22/2017,LMT,OR,ANM,WE,Federal Contract Tower,0,1,4,0,5,0,1,5,0,6,0,2,9,0,11,14,0,14,25
10/23/2017,LMT,OR,ANM,WE,Federal Contract Tower,0,7,11,38,56,0,3,7,11,21,0,10,18,49,77,20,22,42,119
10/24/2017,LMT,OR,ANM,WE,Federal Contract Tower,0,5,5,20,30,0,7,25,11,43,0,12,30,31,73,12,18,30,103
10/25/2017,LMT,OR,ANM,WE,Federal Contract Tower,0,6,3,27,36,0,4,34,13,51,0,10,37,40,87,64,20,84,171
10/26/2017,LMT,OR,ANM,WE,Federal Contract Tower,0,3,5,22,30,0,5,29,11,45,0,8,34,33,75,41,46,87,162
10/27/2017,LMT,OR,ANM,WE,Federal Contract Tower,0,4,4,18,26,0,4,39,8,51,0,8,43,26,77,52,14,66,143
10/28/2017,LMT,OR,ANM,WE,Federal Contract Tower,0,2,5,0,7,0,2,28,0,30,0,4,33,0,37,62,0,62,99
10/29/2017,LMT,OR,ANM,WE,Federal Contract Tower,0,1,8,0,9,0,2,39,22,63,0,3,47,22,72,35,0,35,107
10/30/2017,LMT,OR,ANM,WE,Federal Contract Tower,0,4,5,21,30,0,4,29,19,52,0,8,34,40,82,25,46,71,153
10/31/2017,LMT,OR,ANM,WE,Federal Contract Tower,0,1,3,19,23,0,7,38,17,62,0,8,41,36,85,15,18,33,118
11/01/2017,LMT,OR,ANM,WE,Federal Contract Tower,0,5,1,20,26,0,10,21,19,50,0,15,22,39,76,93,30,123,199
11/02/2017,LMT,OR,ANM,WE,Federal Contract Tower,0,5,4,24,33,0,3,20,18,41,0,8,24,42,74,15,20,35,109
11/03/2017,LMT,OR,ANM,WE,Federal Contract Tower,0,5,6,41,52,0,0,0,0,0,0,5,6,41,52,0,0,0,52
11/04/2017,LMT,OR,ANM,WE,Federal Contract Tower,0,4,2,26,32,0,1,2,11,14,0,5,4,37,46,2,14,16,62
11/05/2017,LMT,OR,ANM,WE,Federal Contract Tower,0,2,1,0,3,0,0,0,0,0,0,2,1,0,3,0,0,0,3
11/06/2017,LMT,OR,ANM,WE,Federal Contract Tower,0,8,0,2,10,0,7,5,0,12,0,15,5,2,22,8,0,8,30
11/07/2017,LMT,OR,ANM,WE,Federal Contract Tower,0,3,0,27,30,0,5,22,23,50,0,8,22,50,80,18,34,52,132
11/08/2017,LMT,OR,ANM,WE,Federal Contract Tower,7,0,3,37,47,2,0,8,26,36,9,0,11,63,83,32,32,64,147
11/09/2017,LMT,OR,ANM,WE,Federal Contract Tower,0,5,4,40,49,0,2,5,4,11,0,7,9,44,60,54,4,58,118
11/10/2017,LMT,OR,ANM,WE,Federal Contract Tower,0,4,8,0,12,0,2,8,0,10,0,6,16,0,22,36,0,36,58
11/11/2017,LMT,OR,ANM,WE,Federal Contract Tower,0,5,2,0,7,0,2,19,0,21,0,7,21,0,28,38,0,38,66
11/12/2017,LMT,OR,ANM,WE,Federal Contract Tower,0,0,5,0,5,0,1,25,2,28,0,1,30,2,33,2,0,2,35
11/13/2017,LMT,OR,ANM,WE,Federal Contract Tower,0,8,7,13,28,0,0,0,11,11,0,8,7,24,39,60,14,74,113
11/14/2017,LMT,OR,ANM,WE,Federal Contract Tower,0,7,1,18,26,0,3,13,18,34,0,10,14,36,60,6,12,18,78
11/15/2017,LMT,OR,ANM,WE,Federal Contract Tower,0,6,8,27,41,0,2,3,6,11,0,8,11,33,52,44,4,48,100
11/16/2017,LMT,OR,ANM,WE,Federal Contract Tower,0,6,7,33,46,0,0,0,4,4,0,6,7,37,50,4,4,8,58
11/17/2017,LMT,OR,ANM,WE,Federal Contract Tower,0,6,8,10,24,0,1,19,6,26,0,7,27,16,50,81,20,101,151
11/18/2017,LMT,OR,ANM,WE,Federal Contract Tower,0,6,10,0,16,0,6,49,0,55,0,12,59,0,71,86,0,86,157
11/19/2017,LMT,OR,ANM,WE,Federal Contract Tower,0,2,13,0,15,0,1,28,0,29,0,3,41,0,44,70,0,70,114
11/20/2017,LMT,OR,ANM,WE,Federal Contract Tower,0,8,9,0,17,0,0,2,0,2,0,8,11,0,19,0,0,0,19
11/21/2017,LMT,OR,ANM,WE,Federal Contract Tower,0,9,7,28,44,0,1,3,10,14,0,10,10,38,58,32,14,46,104
11/22/2017,LMT,OR,ANM,WE,Federal Contract Tower,0,7,5,10,22,0,2,21,10,33,0,9,26,20,55,38,22,60,115
11/23/2017,LMT,OR,ANM,WE,Federal Contract Tower,0,0,0,0,0,0,0,8,0,8,0,0,8,0,8,28,0,28,36
11/24/2017,LMT,OR,ANM,WE,Federal Contract Tower,0,5,11,0,16,0,4,25,0,29,0,9,36,0,45,28,0,28,73
11/25/2017,LMT,OR,ANM,WE,Federal Contract Tower,0,4,5,0,9,0,1,12,0,13,0,5,17,0,22,53,0,53,75
11/26/2017,LMT,OR,ANM,WE,Federal Contract Tower,0,1,7,0,8,0,0,0,0,0,0,1,7,0,8,0,0,0,8
11/27/2017,LMT,OR,ANM,WE,Federal Contract Tower,0,3,3,23,29,0,4,9,16,29,0,7,12,39,58,50,12,62,120
11/28/2017,LMT,OR,ANM,WE,Federal Contract Tower,0,10,10,4,24,0,1,0,0,1,0,11,10,4,25,0,0,0,25
11/29/2017,LMT,OR,ANM,WE,Federal Contract Tower,0,6,9,20,35,0,5,11,17,33,0,11,20,37,68,8,8,16,84
11/30/2017,LMT,OR,ANM,WE,Federal Contract Tower,0,8,7,32,47,0,4,13,14,31,0,12,20,46,78,22,18,40,118
12/01/2017,LMT,OR,ANM,WE,Federal Contract Tower,0,8,6,15,29,0,0,5,7,12,0,8,11,22,41,15,18,33,74
12/02/2017,LMT,OR,ANM,WE,Federal Contract Tower,0,4,2,29,35,0,0,0,10,10,0,4,2,39,45,0,0,0,45
12/03/2017,LMT,OR,ANM,WE,Federal Contract Tower,0,3,6,4,13,0,0,4,0,4,0,3,10,4,17,64,0,64,81
12/04/2017,LMT,OR,ANM,WE,Federal Contract Tower,0,8,2,0,10,0,4,23,0,27,0,12,25,0,37,126,0,126,163
12/05/2017,LMT,OR,ANM,WE,Federal Contract Tower,0,4,10,22,36,0,3,25,24,52,0,7,35,46,88,0,24,24,112
12/06/2017,LMT,OR,ANM,WE,Federal Contract Tower,0,3,3,16,22,0,5,26,16,47,0,8,29,32,69,16,6,22,91
12/07/2017,LMT,OR,ANM,WE,Federal Contract Tower,0,2,8,23,33,0,5,18,20,43,0,7,26,43,76,54,27,81,157
12/08/2017,LMT,OR,ANM,WE,Federal Contract Tower,0,2,6,14,22,0,5,34,13,52,0,7,40,27,74,26,8,34,108
12/09/2017,LMT,OR,ANM,WE,Federal Contract Tower,0,5,0,0,5,0,4,37,0,41,0,9,37,0,46,45,0,45,91
12/10/2017,LMT,OR,ANM,WE,Federal Contract Tower,0,0,2,0,2,0,0,0,0,0,0,0,2,0,2,35,0,35,37
12/11/2017,LMT,OR,ANM,WE,Federal Contract Tower,0,8,0,27,35,0,10,24,47,81,0,18,24,74,116,74,32,106,222
12/12/2017,LMT,OR,ANM,WE,Federal Contract Tower,0,7,8,19,34,0,8,17,23,48,0,15,25,42,82,92,34,126,208
12/13/2017,LMT,OR,ANM,WE,Federal Contract Tower,0,9,6,21,36,0,3,23,23,49,0,12,29,44,85,48,14,62,147
12/14/2017,LMT,OR,ANM,WE,Federal Contract Tower,0,12,5,20,37,0,7,22,24,53,0,19,27,44,90,40,24,64,154
12/15/2017,LMT,OR,ANM,WE,Federal Contract Tower,0,7,9,10,26,0,2,19,8,29,0,9,28,18,55,9,14,23,78
12/16/2017,LMT,OR,ANM,WE,Federal Contract Tower,0,4,7,0,11,0,4,22,0,26,0,8,29,0,37,40,0,40,77
12/17/2017,LMT,OR,ANM,WE,Federal Contract Tower,0,0,4,0,4,0,0,31,0,31,0,0,35,0,35,36,0,36,71
12/18/2017,LMT,OR,ANM,WE,Federal Contract Tower,0,5,9,0,14,0,3,14,0,17,0,8,23,0,31,70,0,70,101
12/19/2017,LMT,OR,ANM,WE,Federal Contract Tower,0,7,6,8,21,0,0,3,8,11,0,7,9,16,32,32,2,34,66
12/20/2017,LMT,OR,ANM,WE,Federal Contract Tower,0,9,2,27,38,0,1,5,15,21,0,10,7,42,59,0,55,55,114
12/21/2017,LMT,OR,ANM,WE,Federal Contract Tower,0,6,12,26,44,0,2,28,22,52,0,8,40,48,96,14,44,58,154
12/22/2017,LMT,OR,ANM,WE,Federal Contract Tower,0,1,7,2,10,0,14,12,20,46,0,15,19,22,56,0,20,20,76
12/23/2017,LMT,OR,ANM,WE,Federal Contract Tower,0,5,11,0,16,0,14,24,0,38,0,19,35,0,54,17,0,17,71
12/24/2017,LMT,OR,ANM,WE,Federal Contract Tower,0,0,3,0,3,0,0,6,0,6,0,0,9,0,9,6,0,6,15
12/25/2017,LMT,OR,ANM,WE,Federal Contract Tower,0,0,0,0,0,0,0,0,0,0,0,0,0,0,0,0,0,0,0
12/26/2017,LMT,OR,ANM,WE,Federal Contract Tower,0,8,1,0,9,0,0,0,0,0,0,8,1,0,9,0,0,0,9
12/27/2017,LMT,OR,ANM,WE,Federal Contract Tower,0,6,2,21,29,0,3,15,15,33,0,9,17,36,62,10,18,28,90
12/28/2017,LMT,OR,ANM,WE,Federal Contract Tower,0,7,16,0,23,0,0,0,0,0,0,7,16,0,23,20,0,20,43
12/29/2017,LMT,OR,ANM,WE,Federal Contract Tower,0,1,3,0,4,0,3,8,0,11,0,4,11,0,15,2,0,2,17
12/30/2017,LMT,OR,ANM,WE,Federal Contract Tower,0,5,1,0,6,0,1,4,0,5,0,6,5,0,11,0,0,0,11
12/31/2017,LMT,OR,ANM,WE,Federal Contract Tower,0,0,3,0,3,0,0,32,0,32,0,0,35,0,35,10,0,10,45
01/01/2018,LMT,OR,ANM,WE,Federal Contract Tower,0,2,3,0,5,0,0,19,0,19,0,2,22,0,24,4,0,4,28
01/02/2018,LMT,OR,ANM,WE,Federal Contract Tower,0,8,3,18,29,0,2,10,18,30,0,10,13,36,59,1,79,80,139
01/03/2018,LMT,OR,ANM,WE,Federal Contract Tower,0,12,6,40,58,0,11,1,19,31,0,23,7,59,89,0,54,54,143
01/04/2018,LMT,OR,ANM,WE,Federal Contract Tower,0,10,5,18,33,0,10,9,34,53,0,20,14,52,86,0,28,28,114
01/05/2018,LMT,OR,ANM,WE,Federal Contract Tower,0,7,9,27,43,0,1,0,10,11,0,8,9,37,54,0,36,36,90
01/06/2018,LMT,OR,ANM,WE,Federal Contract Tower,0,9,7,23,39,0,2,27,19,48,0,11,34,42,87,30,86,116,203
01/07/2018,LMT,OR,ANM,WE,Federal Contract Tower,0,4,19,0,23,0,0,0,0,0,0,4,19,0,23,62,0,62,85
01/08/2018,LMT,OR,ANM,WE,Federal Contract Tower,0,7,12,2,21,0,7,14,2,23,0,14,26,4,44,0,0,0,44
01/09/2018,LMT,OR,ANM,WE,Federal Contract Tower,0,7,7,45,59,0,5,8,54,67,0,12,15,99,126,0,34,34,160
01/10/2018,LMT,OR,ANM,WE,Federal Contract Tower,0,9,5,42,56,0,0,0,0,0,0,9,5,42,56,0,2,2,58
01/11/2018,LMT,OR,ANM,WE,Federal Contract Tower,0,7,10,34,51,0,0,4,3,7,0,7,14,37,58,3,11,14,72
01/12/2018,LMT,OR,ANM,WE,Federal Contract Tower,0,9,5,18,32,0,3,8,13,24,0,12,13,31,56,9,42,51,107
01/13/2018,LMT,OR,ANM,WE,Federal Contract Tower,0,4,3,0,7,0,1,42,0,43,0,5,45,0,50,30,0,30,80
01/14/2018,LMT,OR,ANM,WE,Federal Contract Tower,0,3,2,0,5,0,0,29,6,35,0,3,31,6,40,42,0,42,82
01/15/2018,LMT,OR,ANM,WE,Federal Contract Tower,0,8,5,0,13,0,2,25,0,27,0,10,30,0,40,50,0,50,90
01/16/2018,LMT,OR,ANM,WE,Federal Contract Tower,0,7,5,24,36,0,2,3,21,26,0,9,8,45,62,0,52,52,114
01/17/2018,LMT,OR,ANM,WE,Federal Contract Tower,0,7,7,27,41,0,1,2,16,19,0,8,9,43,60,9,54,63,123
01/18/2018,LMT,OR,ANM,WE,Federal Contract Tower,0,8,2,29,39,0,0,1,0,1,0,8,3,29,40,0,4,4,44
01/19/2018,LMT,OR,ANM,WE,Federal Contract Tower,0,8,4,20,32,0,1,8,8,17,0,9,12,28,49,42,64,106,155
01/20/2018,LMT,OR,ANM,WE,Federal Contract Tower,0,3,0,0,3,0,3,3,0,6,0,6,3,0,9,8,0,8,17
01/21/2018,LMT,OR,ANM,WE,Federal Contract Tower,0,0,5,0,5,0,0,5,0,5,0,0,10,0,10,0,0,0,10
01/22/2018,LMT,OR,ANM,WE,Federal Contract Tower,0,5,5,23,33,0,4,8,14,26,0,9,13,37,59,23,58,81,140
01/23/2018,LMT,OR,ANM,WE,Federal Contract Tower,0,7,4,22,33,0,3,16,20,39,0,10,20,42,72,0,70,70,142
01/24/2018,LMT,OR,ANM,WE,Federal Contract Tower,0,14,6,42,62,0,0,1,0,1,0,14,7,42,63,0,0,0,63
01/25/2018,LMT,OR,ANM,WE,Federal Contract Tower,0,8,5,14,27,0,0,0,6,6,0,8,5,20,33,0,11,11,44
01/26/2018,LMT,OR,ANM,WE,Federal Contract Tower,0,5,3,19,27,0,5,18,39,62,0,10,21,58,89,10,33,43,132
01/27/2018,LMT,OR,ANM,WE,Federal Contract Tower,0,5,4,0,9,0,5,5,0,10,0,10,9,0,19,0,0,0,19
01/28/2018,LMT,OR,ANM,WE,Federal Contract Tower,0,2,0,0,2,0,0,1,0,1,0,2,1,0,3,40,0,40,43
01/29/2018,LMT,OR,ANM,WE,Federal Contract Tower,0,10,3,0,13,0,2,14,0,16,0,12,17,0,29,0,0,0,29
01/30/2018,LMT,OR,ANM,WE,Federal Contract Tower,0,7,0,20,27,0,6,16,15,37,0,13,16,35,64,27,32,59,123
01/31/2018,LMT,OR,ANM,WE,Federal Contract Tower,0,9,6,24,39,0,1,22,8,31,0,10,28,32,70,40,56,96,166
02/01/2018,LMT,OR,ANM,WE,Federal Contract Tower,0,8,2,22,32,0,5,32,4,41,0,13,34,26,73,40,55,95,168
02/02/2018,LMT,OR,ANM,WE,Federal Contract Tower,0,4,6,24,34,0,1,27,4,32,0,5,33,28,66,2,14,16,82
02/03/2018,LMT,OR,ANM,WE,Federal Contract Tower,0,2,4,0,6,0,1,36,0,37,0,3,40,0,43,72,0,72,115
02/04/2018,LMT,OR,ANM,WE,Federal Contract Tower,0,0,5,0,5,0,0,17,4,21,0,0,22,4,26,18,0,18,44
02/05/2018,LMT,OR,ANM,WE,Federal Contract Tower,0,6,3,15,24,0,9,21,17,47,0,15,24,32,71,26,36,62,133
02/06/2018,LMT,OR,ANM,WE,Federal Contract Tower,0,4,1,9,14,0,5,19,14,38,0,9,20,23,52,2,14,16,68
02/07/2018,LMT,OR,ANM,WE,Federal Contract Tower,0,4,7,11,22,0,8,23,21,52,0,12,30,32,74,22,93,115,189
02/08/2018,LMT,OR,ANM,WE,Federal Contract Tower,0,6,3,12,21,0,9,15,20,44,0,15,18,32,65,46,49,95,160
02/09/2018,LMT,OR,ANM,WE,Federal Contract Tower,0,5,11,18,34,0,1,32,8,41,0,6,43,26,75,66,42,108,183
02/10/2018,LMT,OR,ANM,WE,Federal Contract Tower,0,3,5,12,20,0,1,27,5,33,0,4,32,17,53,39,32,71,124
02/11/2018,LMT,OR,ANM,WE,Federal Contract Tower,0,4,17,2,23,0,0,4,0,4,0,4,21,2,27,27,0,27,54
02/12/2018,LMT,OR,ANM,WE,Federal Contract Tower,0,6,3,0,9,0,7,10,1,18,0,13,13,1,27,15,0,15,42
02/13/2018,LMT,OR,ANM,WE,Federal Contract Tower,0,10,1,28,39,0,12,20,49,81,0,22,21,77,120,28,80,108,228
02/14/2018,LMT,OR,ANM,WE,Federal Contract Tower,0,7,6,39,52,0,9,8,52,69,0,16,14,91,121,2,30,32,153
02/15/2018,LMT,OR,ANM,WE,Federal Contract Tower,0,7,2,31,40,0,2,22,14,38,0,9,24,45,78,31,38,69,147
02/16/2018,LMT,OR,ANM,WE,Federal Contract Tower,0,3,4,21,28,0,2,32,0,34,0,5,36,21,62,33,40,73,135
02/17/2018,LMT,OR,ANM,WE,Federal Contract Tower,0,5,2,0,7,0,0,9,0,9,0,5,11,0,16,24,0,24,40
02/18/2018,LMT,OR,ANM,WE,Federal Contract Tower,0,2,3,0,5,0,2,3,0,5,0,4,6,0,10,0,0,0,10
02/19/2018,LMT,OR,ANM,WE,Federal Contract Tower,0,7,5,0,12,0,8,17,0,25,0,15,22,0,37,10,0,10,47
02/20/2018,LMT,OR,ANM,WE,Federal Contract Tower,0,9,2,32,43,0,1,6,17,24,0,10,8,49,67,30,54,84,151
02/21/2018,LMT,OR,ANM,WE,Federal Contract Tower,0,10,8,31,49,0,1,9,20,30,0,11,17,51,79,62,77,139,218
02/22/2018,LMT,OR,ANM,WE,Federal Contract Tower,0,7,0,8,15,0,2,3,6,11,0,9,3,14,26,0,18,18,44
02/23/2018,LMT,OR,ANM,WE,Federal Contract Tower,0,6,9,17,32,0,1,30,10,41,0,7,39,27,73,114,68,182,255
02/24/2018,LMT,OR,ANM,WE,Federal Contract Tower,0,4,2,0,6,0,4,2,0,6,0,8,4,0,12,0,0,0,12
02/25/2018,LMT,OR,ANM,WE,Federal Contract Tower,0,0,11,0,11,0,0,11,0,11,0,0,22,0,22,0,0,0,22
02/26/2018,LMT,OR,ANM,WE,Federal Contract Tower,0,4,4,0,8,0,2,2,0,4,0,6,6,0,12,0,0,0,12
02/27/2018,LMT,OR,ANM,WE,Federal Contract Tower,0,10,6,25,41,0,2,17,22,41,0,12,23,47,82,34,88,122,204
02/28/2018,LMT,OR,ANM,WE,Federal Contract Tower,0,7,4,2,13,0,0,2,3,5,0,7,6,5,18,0,2,2,20
03/01/2018,LMT,OR,ANM,WE,Federal Contract Tower,0,7,2,33,42,0,1,4,9,14,0,8,6,42,56,26,34,60,116
03/02/2018,LMT,OR,ANM,WE,Federal Contract Tower,0,6,2,8,16,0,9,8,0,17,0,15,10,8,33,0,42,42,75
03/03/2018,LMT,OR,ANM,WE,Federal Contract Tower,0,5,1,6,12,0,5,7,12,24,0,10,8,18,36,68,20,88,124
03/04/2018,LMT,OR,ANM,WE,Federal Contract Tower,0,0,31,20,51,0,0,0,0,0,0,0,31,20,51,60,30,90,141
03/05/2018,LMT,OR,ANM,WE,Federal Contract Tower,0,6,7,0,13,0,1,25,0,26,0,7,32,0,39,80,0,80,119
03/06/2018,LMT,OR,ANM,WE,Federal Contract Tower,0,7,6,34,47,0,2,57,25,84,0,9,63,59,131,31,79,110,241
03/07/2018,LMT,OR,ANM,WE,Federal Contract Tower,0,4,4,26,34,0,0,21,18,39,0,4,25,44,73,6,70,76,149
03/08/2018,LMT,OR,ANM,WE,Federal Contract Tower,0,9,2,26,37,0,9,6,45,60,0,18,8,71,97,0,28,28,125
03/09/2018,LMT,OR,ANM,WE,Federal Contract Tower,0,5,13,5,23,0,5,18,5,28,0,10,31,10,51,0,0,0,51
03/10/2018,LMT,OR,ANM,WE,Federal Contract Tower,0,5,2,0,7,0,0,14,0,14,0,5,16,0,21,40,0,40,61
03/11/2018,LMT,OR,ANM,WE,Federal Contract Tower,0,1,1,0,2,0,4,42,0,46,0,5,43,0,48,24,0,24,72
03/12/2018,LMT,OR,ANM,WE,Federal Contract Tower,0,4,3,28,35,0,5,10,28,43,0,9,13,56,78,62,62,124,202
03/13/2018,LMT,OR,ANM,WE,Federal Contract Tower,0,8,0,39,47,0,0,0,2,2,0,8,0,41,49,0,0,0,49
03/14/2018,LMT,OR,ANM,WE,Federal Contract Tower,0,8,0,31,39,0,8,1,30,39,0,16,1,61,78,0,24,24,102
03/15/2018,LMT,OR,ANM,WE,Federal Contract Tower,0,6,3,30,39,0,6,3,33,42,0,12,6,63,81,0,12,12,93
03/16/2018,LMT,OR,ANM,WE,Federal Contract Tower,0,7,5,1,13,0,0,0,0,0,0,7,5,1,13,0,0,0,13
03/17/2018,LMT,OR,ANM,WE,Federal Contract Tower,0,3,3,0,6,0,0,1,0,1,0,3,4,0,7,0,0,0,7
03/18/2018,LMT,OR,ANM,WE,Federal Contract Tower,0,3,5,0,8,0,1,22,0,23,0,4,27,0,31,40,0,40,71
03/19/2018,LMT,OR,ANM,WE,Federal Contract Tower,0,6,2,18,26,0,4,18,20,42,0,10,20,38,68,4,46,50,118
03/20/2018,LMT,OR,ANM,WE,Federal Contract Tower,0,6,4,18,28,0,7,26,34,67,0,13,30,52,95,72,26,98,193
03/21/2018,LMT,OR,ANM,WE,Federal Contract Tower,0,7,2,19,28,0,9,2,41,52,0,16,4,60,80,0,36,36,116
03/22/2018,LMT,OR,ANM,WE,Federal Contract Tower,0,6,7,28,41,0,1,6,4,11,0,7,13,32,52,10,10,20,72
03/23/2018,LMT,OR,ANM,WE,Federal Contract Tower,0,8,4,3,15,0,0,0,1,1,0,8,4,4,16,0,0,0,16
03/24/2018,LMT,OR,ANM,WE,Federal Contract Tower,0,5,5,0,10,0,0,1,0,1,0,5,6,0,11,0,0,0,11
03/25/2018,LMT,OR,ANM,WE,Federal Contract Tower,0,1,7,0,8,0,0,1,0,1,0,1,8,0,9,2,0,2,11
03/26/2018,LMT,OR,ANM,WE,Federal Contract Tower,0,8,4,0,12,0,1,21,0,22,0,9,25,0,34,24,0,24,58
03/27/2018,LMT,OR,ANM,WE,Federal Contract Tower,0,10,7,8,25,0,10,46,16,72,0,20,53,24,97,78,16,94,191
03/28/2018,LMT,OR,ANM,WE,Federal Contract Tower,0,6,0,2,8,0,3,15,6,24,0,9,15,8,32,19,14,33,65
03/29/2018,LMT,OR,ANM,WE,Federal Contract Tower,0,3,6,24,33,0,4,17,16,37,0,7,23,40,70,34,28,62,132
03/30/2018,LMT,OR,ANM,WE,Federal Contract Tower,0,3,2,8,13,0,0,18,4,22,0,3,20,12,35,18,14,32,67
03/31/2018,LMT,OR,ANM,WE,Federal Contract Tower,0,2,23,0,25,0,1,0,0,1,0,3,23,0,26,0,0,0,26
04/01/2018,LMT,OR,ANM,WE,Federal Contract Tower,0,0,2,0,2,0,0,17,0,17,0,0,19,0,19,0,0,0,19
04/02/2018,LMT,OR,ANM,WE,Federal Contract Tower,0,5,9,18,32,0,10,20,40,70,0,15,29,58,102,0,22,22,124
04/03/2018,LMT,OR,ANM,WE,Federal Contract Tower,0,2,1,24,27,0,4,35,31,70,0,6,36,55,97,16,79,95,192
04/04/2018,LMT,OR,ANM,WE,Federal Contract Tower,0,5,4,0,9,0,3,19,0,22,0,8,23,0,31,74,0,74,105
04/05/2018,LMT,OR,ANM,WE,Federal Contract Tower,0,13,10,19,42,0,0,0,0,0,0,13,10,19,42,30,4,34,76
04/06/2018,LMT,OR,ANM,WE,Federal Contract Tower,0,6,6,13,25,0,0,0,0,0,0,6,6,13,25,0,0,0,25
04/07/2018,LMT,OR,ANM,WE,Federal Contract Tower,0,3,9,13,25,0,4,11,27,42,0,7,20,40,67,0,14,14,81
04/08/2018,LMT,OR,ANM,WE,Federal Contract Tower,0,2,0,16,18,0,0,12,0,12,0,2,12,16,30,34,24,58,88
04/09/2018,LMT,OR,ANM,WE,Federal Contract Tower,0,7,12,1,20,0,0,43,1,44,0,7,55,2,64,40,30,70,134
04/10/2018,LMT,OR,ANM,WE,Federal Contract Tower,0,7,0,23,30,0,0,4,8,12,0,7,4,31,42,4,18,22,64
04/11/2018,LMT,OR,ANM,WE,Federal Contract Tower,0,8,2,12,22,0,0,8,0,8,0,8,10,12,30,14,26,40,70
04/12/2018,LMT,OR,ANM,WE,Federal Contract Tower,0,0,4,0,4,0,7,6,39,52,0,7,10,39,56,0,6,6,62
04/13/2018,LMT,OR,ANM,WE,Federal Contract Tower,0,4,1,11,16,0,5,10,19,34,0,9,11,30,50,26,22,48,98
04/14/2018,LMT,OR,ANM,WE,Federal Contract Tower,0,6,4,0,10,0,8,44,0,52,0,14,48,0,62,104,0,104,166
04/15/2018,LMT,OR,ANM,WE,Federal Contract Tower,0,1,4,0,5,0,0,5,0,5,0,1,9,0,10,22,0,22,32
04/16/2018,LMT,OR,ANM,WE,Federal Contract Tower,0,6,1,25,32,0,3,4,10,17,0,9,5,35,49,28,26,54,103
04/17/2018,LMT,OR,ANM,WE,Federal Contract Tower,0,5,1,18,24,0,4,34,20,58,0,9,35,38,82,40,30,70,152
04/18/2018,LMT,OR,ANM,WE,Federal Contract Tower,0,12,1,24,37,0,2,4,10,16,0,14,5,34,53,0,26,26,79
04/19/2018,LMT,OR,ANM,WE,Federal Contract Tower,0,8,9,18,35,0,8,20,38,66,0,16,29,56,101,20,26,46,147
04/20/2018,LMT,OR,ANM,WE,Federal Contract Tower,0,2,2,11,15,0,4,36,40,80,0,6,38,51,95,14,34,48,143
04/21/2018,LMT,OR,ANM,WE,Federal Contract Tower,0,2,4,2,8,0,1,50,2,53,0,3,54,4,61,64,16,80,141
04/22/2018,LMT,OR,ANM,WE,Federal Contract Tower,0,0,1,0,1,0,2,35,0,37,0,2,36,0,38,62,0,62,100
04/23/2018,LMT,OR,ANM,WE,Federal Contract Tower,0,8,9,0,17,0,7,26,0,33,0,15,35,0,50,52,11,63,113
04/24/2018,LMT,OR,ANM,WE,Federal Contract Tower,0,7,2,18,27,0,3,31,12,46,0,10,33,30,73,64,34,98,171
04/25/2018,LMT,OR,ANM,WE,Federal Contract Tower,0,3,4,23,30,0,10,33,46,89,0,13,37,69,119,40,26,66,185
04/26/2018,LMT,OR,ANM,WE,Federal Contract Tower,0,5,1,20,26,0,2,34,18,54,0,7,35,38,80,24,26,50,130
04/27/2018,LMT,OR,ANM,WE,Federal Contract Tower,0,6,3,12,21,0,2,12,9,23,0,8,15,21,44,0,18,18,62
04/28/2018,LMT,OR,ANM,WE,Federal Contract Tower,0,7,5,0,12,0,0,4,0,4,0,7,9,0,16,0,0,0,16
04/29/2018,LMT,OR,ANM,WE,Federal Contract Tower,0,2,2,0,4,0,0,4,0,4,0,2,6,0,8,0,0,0,8
05/01/2018,LMT,OR,ANM,WE,Federal Contract Tower,0,8,4,31,43,0,10,38,43,91,0,18,42,74,134,16,20,36,170
05/02/2018,LMT,OR,ANM,WE,Federal Contract Tower,0,5,2,26,33,0,8,37,53,98,0,13,39,79,131,14,34,48,179
05/03/2018,LMT,OR,ANM,WE,Federal Contract Tower,0,7,2,26,35,0,3,31,28,62,0,10,33,54,97,36,20,56,153
05/04/2018,LMT,OR,ANM,WE,Federal Contract Tower,0,7,4,29,40,0,4,27,16,47,0,11,31,45,87,38,26,64,151
05/05/2018,LMT,OR,ANM,WE,Federal Contract Tower,0,2,1,28,31,0,2,30,29,61,0,4,31,57,92,0,26,26,118
05/06/2018,LMT,OR,ANM,WE,Federal Contract Tower,0,3,21,0,24,0,0,5,15,20,0,3,26,15,44,28,15,43,87
05/07/2018,LMT,OR,ANM,WE,Federal Contract Tower,0,2,5,0,7,0,8,37,0,45,0,10,42,0,52,21,0,21,73
05/08/2018,LMT,OR,ANM,WE,Federal Contract Tower,0,3,6,30,39,0,6,24,46,76,0,9,30,76,115,9,38,47,162
05/09/2018,LMT,OR,ANM,WE,Federal Contract Tower,0,3,2,29,34,0,2,15,29,46,0,5,17,58,80,4,62,66,146
05/10/2018,LMT,OR,ANM,WE,Federal Contract Tower,0,5,5,22,32,0,2,16,25,43,0,7,21,47,75,8,22,30,105
05/11/2018,LMT,OR,ANM,WE,Federal Contract Tower,0,1,4,14,19,0,2,10,8,20,0,3,14,22,39,6,4,10,49
05/12/2018,LMT,OR,ANM,WE,Federal Contract Tower,0,1,2,0,3,0,2,17,0,19,0,3,19,0,22,41,0,41,63
05/13/2018,LMT,OR,ANM,WE,Federal Contract Tower,0,0,1,2,3,0,2,39,2,43,0,2,40,4,46,52,18,70,116
05/14/2018,LMT,OR,ANM,WE,Federal Contract Tower,0,6,4,21,31,0,7,37,43,87,0,13,41,64,118,52,22,74,192
05/15/2018,LMT,OR,ANM,WE,Federal Contract Tower,0,7,9,23,39,0,1,16,25,42,0,8,25,48,81,14,36,50,131
05/16/2018,LMT,OR,ANM,WE,Federal Contract Tower,0,10,9,38,57,0,0,0,0,0,0,10,9,38,57,0,0,0,57
05/17/2018,LMT,OR,ANM,WE,Federal Contract Tower,0,6,2,23,31,0,6,9,22,37,0,12,11,45,68,0,36,36,104
05/18/2018,LMT,OR,ANM,WE,Federal Contract Tower,0,4,7,36,47,0,2,35,2,39,0,6,42,38,86,19,26,45,131
05/19/2018,LMT,OR,ANM,WE,Federal Contract Tower,0,0,1,1,2,0,3,36,0,39,0,3,37,1,41,11,0,11,52
05/20/2018,LMT,OR,ANM,WE,Federal Contract Tower,0,1,2,1,4,0,1,25,1,27,0,2,27,2,31,33,0,33,64
05/21/2018,LMT,OR,ANM,WE,Federal Contract Tower,0,3,1,2,6,0,3,41,0,44,0,6,42,2,50,0,0,0,50
05/22/2018,LMT,OR,ANM,WE,Federal Contract Tower,0,6,3,24,33,0,2,36,21,59,0,8,39,45,92,4,30,34,126
05/23/2018,LMT,OR,ANM,WE,Federal Contract Tower,0,2,9,33,44,0,0,26,8,34,0,2,35,41,78,28,22,50,128
05/24/2018,LMT,OR,ANM,WE,Federal Contract Tower,0,6,7,22,35,0,2,40,19,61,0,8,47,41,96,89,22,111,207
05/25/2018,LMT,OR,ANM,WE,Federal Contract Tower,0,6,6,14,26,0,6,30,26,62,0,12,36,40,88,20,10,30,118
05/26/2018,LMT,OR,ANM,WE,Federal Contract Tower,0,2,4,0,6,0,3,30,0,33,0,5,34,0,39,68,0,68,107
05/27/2018,LMT,OR,ANM,WE,Federal Contract Tower,0,0,3,0,3,0,1,53,0,54,0,1,56,0,57,26,0,26,83
05/28/2018,LMT,OR,ANM,WE,Federal Contract Tower,0,0,7,0,7,0,0,48,8,56,0,0,55,8,63,48,22,70,133
05/29/2018,LMT,OR,ANM,WE,Federal Contract Tower,0,5,1,30,36,0,1,34,2,37,0,6,35,32,73,30,50,80,153
05/30/2018,LMT,OR,ANM,WE,Federal Contract Tower,0,3,7,49,59,0,4,38,3,45,0,7,45,52,104,16,14,30,134
05/31/2018,LMT,OR,ANM,WE,Federal Contract Tower,0,4,4,28,36,0,2,28,10,40,0,6,32,38,76,37,26,63,139
06/01/2018,LMT,OR,ANM,WE,Federal Contract Tower,0,3,9,9,21,0,4,74,14,92,0,7,83,23,113,4,16,20,133
06/02/2018,LMT,OR,ANM,WE,Federal Contract Tower,0,2,4,28,34,0,0,53,12,65,0,2,57,40,99,24,40,64,163
06/03/2018,LMT,OR,ANM,WE,Federal Contract Tower,0,0,0,0,0,0,0,44,0,44,0,0,44,0,44,62,0,62,106
06/04/2018,LMT,OR,ANM,WE,Federal Contract Tower,0,4,2,0,6,0,5,36,5,46,0,9,38,5,52,130,0,130,182
06/05/2018,LMT,OR,ANM,WE,Federal Contract Tower,0,12,7,35,54,0,10,20,3,33,0,22,27,38,87,144,10,154,241
06/06/2018,LMT,OR,ANM,WE,Federal Contract Tower,0,6,5,32,43,0,10,37,9,56,0,16,42,41,99,56,28,84,183
06/07/2018,LMT,OR,ANM,WE,Federal Contract Tower,0,8,7,18,33,0,3,41,22,66,0,11,48,40,99,69,24,93,192
06/08/2018,LMT,OR,ANM,WE,Federal Contract Tower,0,4,0,15,19,0,2,55,13,70,0,6,55,28,89,18,8,26,115
06/09/2018,LMT,OR,ANM,WE,Federal Contract Tower,0,3,9,0,12,0,1,7,0,8,0,4,16,0,20,82,0,82,102
06/10/2018,LMT,OR,ANM,WE,Federal Contract Tower,0,0,6,0,6,0,1,44,1,46,0,1,50,1,52,71,2,73,125
06/11/2018,LMT,OR,ANM,WE,Federal Contract Tower,0,7,5,14,26,0,4,38,12,54,0,11,43,26,80,94,14,108,188
06/12/2018,LMT,OR,ANM,WE,Federal Contract Tower,0,5,5,14,24,0,6,35,28,69,0,11,40,42,93,70,16,86,179
06/13/2018,LMT,OR,ANM,WE,Federal Contract Tower,0,2,1,29,32,0,6,19,51,76,0,8,20,80,108,61,8,69,177
06/14/2018,LMT,OR,ANM,WE,Federal Contract Tower,0,3,1,26,30,0,3,18,20,41,0,6,19,46,71,72,24,96,167
06/15/2018,LMT,OR,ANM,WE,Federal Contract Tower,0,3,0,32,35,0,3,28,22,53,0,6,28,54,88,2,20,22,110
06/16/2018,LMT,OR,ANM,WE,Federal Contract Tower,0,2,7,2,11,0,4,43,0,47,0,6,50,2,58,60,0,60,118
06/17/2018,LMT,OR,ANM,WE,Federal Contract Tower,0,0,3,0,3,0,0,14,1,15,0,0,17,1,18,0,0,0,18
06/18/2018,LMT,OR,ANM,WE,Federal Contract Tower,0,6,9,0,15,0,7,40,2,49,0,13,49,2,64,114,0,114,178
06/19/2018,LMT,OR,ANM,WE,Federal Contract Tower,0,4,4,35,43,0,9,41,62,112,0,13,45,97,155,94,18,112,267
06/20/2018,LMT,OR,ANM,WE,Federal Contract Tower,0,2,4,36,42,0,4,36,24,64,0,6,40,60,106,46,24,70,176
06/21/2018,LMT,OR,ANM,WE,Federal Contract Tower,0,5,4,36,45,0,5,37,28,70,0,10,41,64,115,25,14,39,154
06/22/2018,LMT,OR,ANM,WE,Federal Contract Tower,0,3,1,24,28,0,3,52,3,58,0,6,53,27,86,45,2,47,133
06/23/2018,LMT,OR,ANM,WE,Federal Contract Tower,0,1,7,1,9,0,4,48,4,56,0,5,55,5,65,37,0,37,102
06/24/2018,LMT,OR,ANM,WE,Federal Contract Tower,0,0,6,6,12,0,3,57,8,68,0,3,63,14,80,35,7,42,122
06/25/2018,LMT,OR,ANM,WE,Federal Contract Tower,0,5,7,35,47,0,10,37,56,103,0,15,44,91,150,80,32,112,262
06/26/2018,LMT,OR,ANM,WE,Federal Contract Tower,0,1,2,31,34,0,5,42,39,86,0,6,44,70,120,0,46,46,166
06/27/2018,LMT,OR,ANM,WE,Federal Contract Tower,0,3,1,30,34,0,3,31,32,66,0,6,32,62,100,32,56,88,188
06/28/2018,LMT,OR,ANM,WE,Federal Contract Tower,0,3,2,26,31,0,3,40,33,76,0,6,42,59,107,32,34,66,173
06/29/2018,LMT,OR,ANM,WE,Federal Contract Tower,0,2,4,25,31,0,0,49,20,69,0,2,53,45,100,26,26,52,152
06/30/2018,LMT,OR,ANM,WE,Federal Contract Tower,0,1,3,0,4,0,5,65,0,70,0,6,68,0,74,62,0,62,136
07/01/2018,LMT,OR,ANM,WE,Federal Contract Tower,0,0,2,0,2,0,3,67,0,70,0,3,69,0,72,34,0,34,106
07/02/2018,LMT,OR,ANM,WE,Federal Contract Tower,0,2,2,18,22,0,7,21,22,50,0,9,23,40,72,40,24,64,136
07/03/2018,LMT,OR,ANM,WE,Federal Contract Tower,0,2,0,18,20,0,7,16,16,39,0,9,16,34,59,186,10,196,255
07/04/2018,LMT,OR,ANM,WE,Federal Contract Tower,0,0,1,0,1,0,1,73,4,78,0,1,74,4,79,116,2,118,197
07/05/2018,LMT,OR,ANM,WE,Federal Contract Tower,0,3,4,11,18,0,7,53,9,69,0,10,57,20,87,12,8,20,107
07/06/2018,LMT,OR,ANM,WE,Federal Contract Tower,0,3,2,0,5,0,67,72,2,141,0,70,74,2,146,21,0,21,167
07/07/2018,LMT,OR,ANM,WE,Federal Contract Tower,0,3,2,0,5,0,4,40,0,44,0,7,42,0,49,67,0,67,116
07/08/2018,LMT,OR,ANM,WE,Federal Contract Tower,0,1,3,2,6,0,1,34,0,35,0,2,37,2,41,60,0,60,101
07/09/2018,LMT,OR,ANM,WE,Federal Contract Tower,0,5,1,24,30,0,21,30,10,61,0,26,31,34,91,0,20,20,111
07/10/2018,LMT,OR,ANM,WE,Federal Contract Tower,0,12,12,30,54,0,25,43,16,84,0,37,55,46,138,24,36,60,198
07/11/2018,LMT,OR,ANM,WE,Federal Contract Tower,0,3,3,28,34,0,8,48,15,71,0,11,51,43,105,72,34,106,211
07/12/2018,LMT,OR,ANM,WE,Federal Contract Tower,0,1,3,30,34,0,10,37,17,64,0,11,40,47,98,32,60,92,190
07/13/2018,LMT,OR,ANM,WE,Federal Contract Tower,0,3,15,15,33,0,4,32,38,74,0,7,47,53,107,76,42,118,225
07/14/2018,LMT,OR,ANM,WE,Federal Contract Tower,0,0,1,28,29,0,8,46,52,106,0,8,47,80,135,56,22,78,213
07/15/2018,LMT,OR,ANM,WE,Federal Contract Tower,0,3,1,2,6,0,1,41,5,47,0,4,42,7,53,20,20,40,93
07/16/2018,LMT,OR,ANM,WE,Federal Contract Tower,0,6,3,1,10,0,24,25,0,49,0,30,28,1,59,10,0,10,69
07/17/2018,LMT,OR,ANM,WE,Federal Contract Tower,0,4,7,31,42,0,19,44,33,96,0,23,51,64,138,56,37,93,231
07/18/2018,LMT,OR,ANM,WE,Federal Contract Tower,0,8,4,33,45,0,45,31,37,113,0,53,35,70,158,74,44,118,276
07/19/2018,LMT,OR,ANM,WE,Federal Contract Tower,0,11,71,0,82,0,12,2,49,63,0,23,73,49,145,74,20,94,239
07/20/2018,LMT,OR,ANM,WE,Federal Contract Tower,0,4,6,14,24,0,62,43,6,111,0,66,49,20,135,18,10,28,163
07/21/2018,LMT,OR,ANM,WE,Federal Contract Tower,0,1,9,0,10,0,18,34,2,54,0,19,43,2,64,0,0,0,64
07/22/2018,LMT,OR,ANM,WE,Federal Contract Tower,0,2,4,2,8,0,27,34,0,61,0,29,38,2,69,42,10,52,121
07/23/2018,LMT,OR,ANM,WE,Federal Contract Tower,0,7,19,15,41,0,4,11,12,27,0,11,30,27,68,40,6,46,114
07/24/2018,LMT,OR,ANM,WE,Federal Contract Tower,0,6,14,33,53,0,1,12,13,26,0,7,26,46,79,30,0,30,109
07/25/2018,LMT,OR,ANM,WE,Federal Contract Tower,0,7,4,20,31,0,7,25,17,49,0,14,29,37,80,34,86,120,200
07/26/2018,LMT,OR,ANM,WE,Federal Contract Tower,0,15,9,16,40,0,2,28,19,49,0,17,37,35,89,48,18,66,155
07/27/2018,LMT,OR,ANM,WE,Federal Contract Tower,0,4,4,31,39,0,4,41,27,72,0,8,45,58,111,34,36,70,181
07/28/2018,LMT,OR,ANM,WE,Federal Contract Tower,0,5,5,0,10,0,2,0,0,2,0,7,5,0,12,2,0,2,14
07/29/2018,LMT,OR,ANM,WE,Federal Contract Tower,0,5,5,0,10,0,0,10,0,10,0,5,15,0,20,20,0,20,40
07/30/2018,LMT,OR,ANM,WE,Federal Contract Tower,0,9,9,0,18,0,0,3,0,3,0,9,12,0,21,0,0,0,21
07/31/2018,LMT,OR,ANM,WE,Federal Contract Tower,0,10,3,8,21,0,1,16,0,17,0,11,19,8,38,10,0,10,48
08/01/2018,LMT,OR,ANM,WE,Federal Contract Tower,0,5,5,28,38,0,0,9,0,9,0,5,14,28,47,62,0,62,109
08/02/2018,LMT,OR,ANM,WE,Federal Contract Tower,0,5,3,31,39,0,0,16,0,16,0,5,19,31,55,40,4,44,99
08/03/2018,LMT,OR,ANM,WE,Federal Contract Tower,0,7,10,14,31,0,0,12,2,14,0,7,22,16,45,0,6,6,51
08/04/2018,LMT,OR,ANM,WE,Federal Contract Tower,0,2,1,10,13,0,1,22,24,47,0,3,23,34,60,0,20,20,80
08/05/2018,LMT,OR,ANM,WE,Federal Contract Tower,0,3,23,34,60,0,0,0,0,0,0,3,23,34,60,0,20,20,80
08/06/2018,LMT,OR,ANM,WE,Federal Contract Tower,0,9,6,2,17,0,0,0,0,0,0,9,6,2,17,0,0,0,17
08/07/2018,LMT,OR,ANM,WE,Federal Contract Tower,0,8,1,22,31,0,2,18,24,44,0,10,19,46,75,0,6,6,81
08/08/2018,LMT,OR,ANM,WE,Federal Contract Tower,0,8,9,29,46,0,3,17,19,39,0,11,26,48,85,4,0,4,89
08/09/2018,LMT,OR,ANM,WE,Federal Contract Tower,0,7,20,44,71,0,7,20,44,71,0,14,40,88,142,70,0,70,212
08/10/2018,LMT,OR,ANM,WE,Federal Contract Tower,0,3,6,37,46,0,3,16,37,56,0,6,22,74,102,0,0,0,102
08/11/2018,LMT,OR,ANM,WE,Federal Contract Tower,0,4,2,0,6,0,0,24,0,24,0,4,26,0,30,18,0,18,48
08/12/2018,LMT,OR,ANM,WE,Federal Contract Tower,0,2,2,0,4,0,0,37,0,37,0,2,39,0,41,55,0,55,96
08/13/2018,LMT,OR,ANM,WE,Federal Contract Tower,0,8,2,26,36,0,3,17,18,38,0,11,19,44,74,58,10,68,142
08/14/2018,LMT,OR,ANM,WE,Federal Contract Tower,0,4,5,18,27,0,2,30,18,50,0,6,35,36,77,14,22,36,113
08/15/2018,LMT,OR,ANM,WE,Federal Contract Tower,0,8,2,26,36,0,34,6,6,46,0,42,8,32,82,30,0,30,112
08/17/2018,LMT,OR,ANM,WE,Federal Contract Tower,0,6,8,25,39,0,8,65,3,76,0,14,73,28,115,73,0,73,188
08/18/2018,LMT,OR,ANM,WE,Federal Contract Tower,0,4,4,3,11,0,1,21,0,22,0,5,25,3,33,12,0,12,45
08/19/2018,LMT,OR,ANM,WE,Federal Contract Tower,0,3,2,0,5,0,37,17,2,56,0,40,19,2,61,0,0,0,61
08/20/2018,LMT,OR,ANM,WE,Federal Contract Tower,0,10,8,2,20,0,4,18,0,22,0,14,26,2,42,22,0,22,64
08/21/2018,LMT,OR,ANM,WE,Federal Contract Tower,0,10,3,22,35,0,10,16,22,48,0,20,19,44,83,0,0,0,83
08/22/2018,LMT,OR,ANM,WE,Federal Contract Tower,0,8,5,38,51,0,8,5,38,51,0,16,10,76,102,0,0,0,102
08/23/2018,LMT,OR,ANM,WE,Federal Contract Tower,0,10,5,34,49,0,0,5,0,5,0,10,10,34,54,0,0,0,54
08/24/2018,LMT,OR,ANM,WE,Federal Contract Tower,0,6,4,7,17,0,4,14,21,39,0,10,18,28,56,12,42,54,110
08/25/2018,LMT,OR,ANM,WE,Federal Contract Tower,0,1,4,0,5,0,6,26,2,34,0,7,30,2,39,52,0,52,91
08/26/2018,LMT,OR,ANM,WE,Federal Contract Tower,0,0,2,0,2,0,0,29,0,29,0,0,31,0,31,36,0,36,67
08/27/2018,LMT,OR,ANM,WE,Federal Contract Tower,0,4,3,30,37,0,9,34,48,91,0,13,37,78,128,75,84,159,287
08/28/2018,LMT,OR,ANM,WE,Federal Contract Tower,0,5,4,32,41,0,6,25,42,73,0,11,29,74,114,42,46,88,202
08/29/2018,LMT,OR,ANM,WE,Federal Contract Tower,0,13,6,28,47,0,4,37,13,54,0,17,43,41,101,63,42,105,206
08/30/2018,LMT,OR,ANM,WE,Federal Contract Tower,0,10,2,27,39,0,1,36,24,61,0,11,38,51,100,58,86,144,244
08/31/2018,LMT,OR,ANM,WE,Federal Contract Tower,0,3,4,12,19,0,1,29,12,42,0,4,33,24,61,34,4,38,99
09/01/2018,LMT,OR,ANM,WE,Federal Contract Tower,0,2,5,0,7,0,4,24,0,28,0,6,29,0,35,36,0,36,71
09/02/2018,LMT,OR,ANM,WE,Federal Contract Tower,0,0,1,0,1,0,1,28,2,31,0,1,29,2,32,0,0,0,32
09/03/2018,LMT,OR,ANM,WE,Federal Contract Tower,0,1,7,0,8,0,4,33,2,39,0,5,40,2,47,80,0,80,127
09/04/2018,LMT,OR,ANM,WE,Federal Contract Tower,0,5,7,22,34,0,0,26,20,46,0,5,33,42,80,16,52,68,148
09/05/2018,LMT,OR,ANM,WE,Federal Contract Tower,0,6,2,23,31,0,8,34,23,65,0,14,36,46,96,57,33,90,186
09/06/2018,LMT,OR,ANM,WE,Federal Contract Tower,0,6,9,24,39,0,0,24,24,48,0,6,33,48,87,6,48,54,141
09/07/2018,LMT,OR,ANM,WE,Federal Contract Tower,0,5,2,36,43,0,7,31,5,43,0,12,33,41,86,36,50,86,172
09/08/2018,LMT,OR,ANM,WE,Federal Contract Tower,0,6,1,21,28,0,9,18,46,73,0,15,19,67,101,26,32,58,159
09/09/2018,LMT,OR,ANM,WE,Federal Contract Tower,0,4,4,24,32,0,0,29,0,29,0,4,33,24,61,42,6,48,109
09/10/2018,LMT,OR,ANM,WE,Federal Contract Tower,0,7,9,2,18,0,2,30,0,32,0,9,39,2,50,27,0,27,77
09/11/2018,LMT,OR,ANM,WE,Federal Contract Tower,0,1,2,33,36,0,5,27,20,52,0,6,29,53,88,31,40,71,159
09/12/2018,LMT,OR,ANM,WE,Federal Contract Tower,0,4,9,29,42,0,3,38,17,58,0,7,47,46,100,24,32,56,156
09/13/2018,LMT,OR,ANM,WE,Federal Contract Tower,0,7,5,32,44,0,4,21,32,57,0,11,26,64,101,26,46,72,173
09/14/2018,LMT,OR,ANM,WE,Federal Contract Tower,0,4,1,18,23,0,4,66,32,102,0,8,67,50,125,24,30,54,179
09/15/2018,LMT,OR,ANM,WE,Federal Contract Tower,0,3,7,0,10,0,5,34,0,39,0,8,41,0,49,26,0,26,75
09/16/2018,LMT,OR,ANM,WE,Federal Contract Tower,0,0,1,0,1,0,0,43,0,43,0,0,44,0,44,39,0,39,83
09/17/2018,LMT,OR,ANM,WE,Federal Contract Tower,0,7,2,2,11,0,1,52,2,55,0,8,54,4,66,42,0,42,108
09/18/2018,LMT,OR,ANM,WE,Federal Contract Tower,0,3,6,35,44,0,5,37,90,132,0,8,43,125,176,22,78,100,276
09/19/2018,LMT,OR,ANM,WE,Federal Contract Tower,0,5,3,32,40,0,3,50,29,82,0,8,53,61,122,6,34,40,162
09/20/2018,LMT,OR,ANM,WE,Federal Contract Tower,0,4,6,34,44,0,6,41,64,111,0,10,47,98,155,16,72,88,243
09/21/2018,LMT,OR,ANM,WE,Federal Contract Tower,0,4,2,13,19,0,5,48,33,86,0,9,50,46,105,28,18,46,151
09/22/2018,LMT,OR,ANM,WE,Federal Contract Tower,0,4,2,0,6,0,1,33,0,34,0,5,35,0,40,38,0,38,78
09/23/2018,LMT,OR,ANM,WE,Federal Contract Tower,0,1,4,0,5,0,1,40,0,41,0,2,44,0,46,34,0,34,80
09/24/2018,LMT,OR,ANM,WE,Federal Contract Tower,0,3,4,26,33,0,1,24,28,53,0,4,28,54,86,6,78,84,170
09/25/2018,LMT,OR,ANM,WE,Federal Contract Tower,0,4,3,42,49,0,7,30,10,47,0,11,33,52,96,24,38,62,158
09/26/2018,LMT,OR,ANM,WE,Federal Contract Tower,0,5,1,22,28,0,9,29,42,80,0,14,30,64,108,52,48,100,208
09/27/2018,LMT,OR,ANM,WE,Federal Contract Tower,0,5,1,32,38,0,11,40,42,93,0,16,41,74,131,74,36,110,241
09/28/2018,LMT,OR,ANM,WE,Federal Contract Tower,0,6,9,0,15,0,0,19,0,19,0,6,28,0,34,20,0,20,54
09/29/2018,LMT,OR,ANM,WE,Federal Contract Tower,0,4,4,0,8,0,6,41,0,47,0,10,45,0,55,22,0,22,77
09/30/2018,LMT,OR,ANM,WE,Federal Contract Tower,0,0,4,0,4,0,0,13,0,13,0,0,17,0,17,22,0,22,39
10/01/2018,LMT,OR,ANM,WE,Federal Contract Tower,0,4,9,33,46,0,5,29,12,46,0,9,38,45,92,20,50,70,162
10/02/2018,LMT,OR,ANM,WE,Federal Contract Tower,0,6,8,25,39,0,6,25,52,83,0,12,33,77,122,44,36,80,202
10/03/2018,LMT,OR,ANM,WE,Federal Contract Tower,0,8,5,25,38,0,9,14,45,68,0,17,19,70,106,38,26,64,170
10/04/2018,LMT,OR,ANM,WE,Federal Contract Tower,0,4,2,16,22,0,3,37,8,48,0,7,39,24,70,49,18,67,137
10/05/2018,LMT,OR,ANM,WE,Federal Contract Tower,0,7,8,0,15,0,0,19,0,19,0,7,27,0,34,0,0,0,34
10/06/2018,LMT,OR,ANM,WE,Federal Contract Tower,0,5,6,0,11,0,0,6,0,6,0,5,12,0,17,42,0,42,59
10/07/2018,LMT,OR,ANM,WE,Federal Contract Tower,0,1,9,0,10,0,0,33,0,33,0,1,42,0,43,22,0,22,65
10/08/2018,LMT,OR,ANM,WE,Federal Contract Tower,0,9,9,0,18,0,10,21,0,31,0,19,30,0,49,106,0,106,155
10/09/2018,LMT,OR,ANM,WE,Federal Contract Tower,0,8,15,56,79,0,0,0,0,0,0,8,15,56,79,46,40,86,165
10/10/2018,LMT,OR,ANM,WE,Federal Contract Tower,0,5,6,24,35,0,6,22,22,50,0,11,28,46,85,96,16,112,197
10/11/2018,LMT,OR,ANM,WE,Federal Contract Tower,0,6,3,11,20,0,5,43,13,61,0,11,46,24,81,34,30,64,145
10/12/2018,LMT,OR,ANM,WE,Federal Contract Tower,0,3,2,24,29,0,2,35,21,58,0,5,37,45,87,36,56,92,179
10/13/2018,LMT,OR,ANM,WE,Federal Contract Tower,0,2,3,11,16,0,9,34,11,54,0,11,37,22,70,10,34,44,114
10/14/2018,LMT,OR,ANM,WE,Federal Contract Tower,0,2,3,12,17,0,7,32,24,63,0,9,35,36,80,2,10,12,92
10/15/2018,LMT,OR,ANM,WE,Federal Contract Tower,0,6,4,0,10,0,37,67,0,104,0,43,71,0,114,66,0,66,180
10/16/2018,LMT,OR,ANM,WE,Federal Contract Tower,0,6,3,22,31,0,12,36,22,70,0,18,39,44,101,0,14,14,115
10/17/2018,LMT,OR,ANM,WE,Federal Contract Tower,0,8,12,21,41,0,3,36,35,74,0,11,48,56,115,0,12,12,127
10/18/2018,LMT,OR,ANM,WE,Federal Contract Tower,0,5,1,22,28,0,5,31,39,75,0,10,32,61,103,8,10,18,121
10/19/2018,LMT,OR,ANM,WE,Federal Contract Tower,0,6,10,16,32,0,1,38,12,51,0,7,48,28,83,38,6,44,127
10/20/2018,LMT,OR,ANM,WE,Federal Contract Tower,0,2,2,0,4,0,5,51,0,56,0,7,53,0,60,74,0,74,134
10/21/2018,LMT,OR,ANM,WE,Federal Contract Tower,0,0,4,0,4,0,2,44,0,46,0,2,48,0,50,0,0,0,50
10/22/2018,LMT,OR,ANM,WE,Federal Contract Tower,0,3,6,21,30,0,4,48,21,73,0,7,54,42,103,58,14,72,175
10/23/2018,LMT,OR,ANM,WE,Federal Contract Tower,0,5,1,17,23,0,2,20,18,40,0,7,21,35,63,32,14,46,109
10/24/2018,LMT,OR,ANM,WE,Federal Contract Tower,0,10,0,20,30,0,4,29,13,46,0,14,29,33,76,40,16,56,132
10/25/2018,LMT,OR,ANM,WE,Federal Contract Tower,0,7,7,21,35,0,3,29,21,53,0,10,36,42,88,14,30,44,132
10/26/2018,LMT,OR,ANM,WE,Federal Contract Tower,0,8,3,15,26,0,12,16,25,53,0,20,19,40,79,52,14,66,145
10/27/2018,LMT,OR,ANM,WE,Federal Contract Tower,0,4,2,0,6,0,8,17,3,28,0,12,19,3,34,20,0,20,54
10/28/2018,LMT,OR,ANM,WE,Federal Contract Tower,0,1,2,0,3,0,0,7,0,7,0,1,9,0,10,60,0,60,70
10/29/2018,LMT,OR,ANM,WE,Federal Contract Tower,0,8,2,27,37,0,0,13,29,42,0,8,15,56,79,0,4,4,83
10/30/2018,LMT,OR,ANM,WE,Federal Contract Tower,0,10,5,17,32,0,2,21,29,52,0,12,26,46,84,36,20,56,140
10/31/2018,LMT,OR,ANM,WE,Federal Contract Tower,0,9,4,22,35,0,1,15,22,38,0,10,19,44,73,30,25,55,128
11/01/2018,LMT,OR,ANM,WE,Federal Contract Tower,0,6,3,12,21,0,8,24,23,55,0,14,27,35,76,112,10,122,198
11/02/2018,LMT,OR,ANM,WE,Federal Contract Tower,0,5,2,30,37,0,7,16,46,69,0,12,18,76,106,18,44,62,168
11/03/2018,LMT,OR,ANM,WE,Federal Contract Tower,0,4,0,36,40,0,0,21,28,49,0,4,21,64,89,16,20,36,125
11/04/2018,LMT,OR,ANM,WE,Federal Contract Tower,0,3,16,30,49,0,0,0,0,0,0,3,16,30,49,16,14,30,79
11/05/2018,LMT,OR,ANM,WE,Federal Contract Tower,0,7,7,0,14,0,0,12,0,12,0,7,19,0,26,37,0,37,63
11/06/2018,LMT,OR,ANM,WE,Federal Contract Tower,0,10,0,16,26,0,2,16,10,28,0,12,16,26,54,36,24,60,114
11/07/2018,LMT,OR,ANM,WE,Federal Contract Tower,0,6,8,22,36,0,7,26,41,74,0,13,34,63,110,22,36,58,168
11/08/2018,LMT,OR,ANM,WE,Federal Contract Tower,0,7,2,20,29,0,8,26,40,74,0,15,28,60,103,90,44,134,237
11/09/2018,LMT,OR,ANM,WE,Federal Contract Tower,0,7,7,10,24,0,1,37,12,50,0,8,44,22,74,48,14,62,136
11/10/2018,LMT,OR,ANM,WE,Federal Contract Tower,0,2,0,0,2,0,1,25,0,26,0,3,25,0,28,112,0,112,140
11/11/2018,LMT,OR,ANM,WE,Federal Contract Tower,0,1,1,0,2,0,0,31,6,37,0,1,32,6,39,6,0,6,45
11/12/2018,LMT,OR,ANM,WE,Federal Contract Tower,0,4,4,2,10,0,2,39,7,48,0,6,43,9,58,32,12,44,102
11/13/2018,LMT,OR,ANM,WE,Federal Contract Tower,0,8,2,19,29,0,29,22,48,99,0,37,24,67,128,34,42,76,204
11/14/2018,LMT,OR,ANM,WE,Federal Contract Tower,0,4,4,23,31,0,11,32,46,89,0,15,36,69,120,64,68,132,252
11/15/2018,LMT,OR,ANM,WE,Federal Contract Tower,0,3,4,19,26,0,3,27,31,61,0,6,31,50,87,38,40,78,165
11/16/2018,LMT,OR,ANM,WE,Federal Contract Tower,0,6,3,21,30,0,4,25,3,32,0,10,28,24,62,54,36,90,152
11/17/2018,LMT,OR,ANM,WE,Federal Contract Tower,0,3,3,0,6,0,1,29,0,30,0,4,32,0,36,36,0,36,72
11/18/2018,LMT,OR,ANM,WE,Federal Contract Tower,0,1,5,1,7,0,1,35,5,41,0,2,40,6,48,14,0,14,62
11/19/2018,LMT,OR,ANM,WE,Federal Contract Tower,0,8,4,14,26,0,0,44,14,58,0,8,48,28,84,38,10,48,132
11/20/2018,LMT,OR,ANM,WE,Federal Contract Tower,0,8,8,20,36,0,0,23,13,36,0,8,31,33,72,52,24,76,148
11/21/2018,LMT,OR,ANM,WE,Federal Contract Tower,0,15,4,7,26,0,0,7,9,16,0,15,11,16,42,0,22,22,64
11/22/2018,LMT,OR,ANM,WE,Federal Contract Tower,0,3,0,0,3,0,0,0,0,0,0,3,0,0,3,0,0,0,3
11/23/2018,LMT,OR,ANM,WE,Federal Contract Tower,0,7,3,0,10,0,1,0,0,1,0,8,3,0,11,0,0,0,11
11/24/2018,LMT,OR,ANM,WE,Federal Contract Tower,0,4,1,0,5,0,1,21,0,22,0,5,22,0,27,0,0,0,27
11/25/2018,LMT,OR,ANM,WE,Federal Contract Tower,0,3,1,0,4,0,4,31,0,35,0,7,32,0,39,62,0,62,101
11/26/2018,LMT,OR,ANM,WE,Federal Contract Tower,0,9,3,26,38,0,1,14,9,24,0,10,17,35,62,67,30,97,159
11/27/2018,LMT,OR,ANM,WE,Federal Contract Tower,0,10,9,37,56,0,0,9,0,9,0,10,18,37,65,16,6,22,87
11/28/2018,LMT,OR,ANM,WE,Federal Contract Tower,0,7,6,32,45,0,1,15,0,16,0,8,21,32,61,49,10,59,120
11/29/2018,LMT,OR,ANM,WE,Federal Contract Tower,0,10,9,29,48,0,0,8,0,8,0,10,17,29,56,74,34,108,164
11/30/2018,LMT,OR,ANM,WE,Federal Contract Tower,0,15,4,24,43,0,0,32,16,48,0,15,36,40,91,50,48,98,189
12/01/2018,LMT,OR,ANM,WE,Federal Contract Tower,0,6,0,20,26,0,6,3,20,29,0,12,3,40,55,0,0,0,55
12/02/2018,LMT,OR,ANM,WE,Federal Contract Tower,0,3,3,0,6,0,3,11,0,14,0,6,14,0,20,30,2,32,52
12/03/2018,LMT,OR,ANM,WE,Federal Contract Tower,0,10,4,0,14,0,1,19,2,22,0,11,23,2,36,52,0,52,88
12/04/2018,LMT,OR,ANM,WE,Federal Contract Tower,0,8,9,41,58,0,0,0,0,0,0,8,9,41,58,22,14,36,94
12/05/2018,LMT,OR,ANM,WE,Federal Contract Tower,0,5,7,0,12,0,2,23,0,25,0,7,30,0,37,30,0,30,67
12/06/2018,LMT,OR,ANM,WE,Federal Contract Tower,0,7,8,29,44,0,2,16,18,36,0,9,24,47,80,14,46,60,140
12/07/2018,LMT,OR,ANM,WE,Federal Contract Tower,0,8,6,17,31,0,8,26,28,62,0,16,32,45,93,118,8,126,219
12/08/2018,LMT,OR,ANM,WE,Federal Contract Tower,0,6,1,2,9,0,8,38,2,48,0,14,39,4,57,136,0,136,193
12/09/2018,LMT,OR,ANM,WE,Federal Contract Tower,0,2,1,0,3,0,0,13,0,13,0,2,14,0,16,6,0,6,22
12/10/2018,LMT,OR,ANM,WE,Federal Contract Tower,0,9,0,16,25,0,5,7,0,12,0,14,7,16,37,24,0,24,61
12/11/2018,LMT,OR,ANM,WE,Federal Contract Tower,0,8,3,20,31,0,0,13,0,13,0,8,16,20,44,18,6,24,68
12/12/2018,LMT,OR,ANM,WE,Federal Contract Tower,0,6,1,43,50,0,7,6,1,14,0,13,7,44,64,52,34,86,150
12/13/2018,LMT,OR,ANM,WE,Federal Contract Tower,0,8,2,26,36,0,10,31,48,89,0,18,33,74,125,12,46,58,183
12/14/2018,LMT,OR,ANM,WE,Federal Contract Tower,0,6,3,0,9,0,6,5,0,11,0,12,8,0,20,0,0,0,20
12/15/2018,LMT,OR,ANM,WE,Federal Contract Tower,0,6,7,0,13,0,0,15,0,15,0,6,22,0,28,20,0,20,48
12/16/2018,LMT,OR,ANM,WE,Federal Contract Tower,0,7,1,0,8,0,1,2,0,3,0,8,3,0,11,0,0,0,11
12/17/2018,LMT,OR,ANM,WE,Federal Contract Tower,0,7,1,14,22,0,1,12,8,21,0,8,13,22,43,34,32,66,109
12/18/2018,LMT,OR,ANM,WE,Federal Contract Tower,0,7,4,24,35,0,0,9,8,17,0,7,13,32,52,12,16,28,80
12/19/2018,LMT,OR,ANM,WE,Federal Contract Tower,0,12,5,17,34,0,15,23,39,77,0,27,28,56,111,2,50,52,163
12/20/2018,LMT,OR,ANM,WE,Federal Contract Tower,0,14,5,32,51,0,15,14,43,72,0,29,19,75,123,4,14,18,141
12/21/2018,LMT,OR,ANM,WE,Federal Contract Tower,0,8,4,17,29,0,3,18,5,26,0,11,22,22,55,0,12,12,67
12/22/2018,LMT,OR,ANM,WE,Federal Contract Tower,0,8,1,0,9,0,3,21,0,24,0,11,22,0,33,114,0,114,147
12/23/2018,LMT,OR,ANM,WE,Federal Contract Tower,0,1,6,0,7,0,0,5,0,5,0,1,11,0,12,92,0,92,104
12/24/2018,LMT,OR,ANM,WE,Federal Contract Tower,0,6,2,0,8,0,0,0,0,0,0,6,2,0,8,0,0,0,8
12/25/2018,LMT,OR,ANM,WE,Federal Contract Tower,0,4,2,0,6,0,0,3,0,3,0,4,5,0,9,0,0,0,9
12/26/2018,LMT,OR,ANM,WE,Federal Contract Tower,0,10,3,25,38,0,10,17,33,60,0,20,20,58,98,41,4,45,143
12/27/2018,LMT,OR,ANM,WE,Federal Contract Tower,0,7,6,20,33,0,2,26,17,45,0,9,32,37,78,25,58,83,161
12/28/2018,LMT,OR,ANM,WE,Federal Contract Tower,0,3,9,10,22,0,1,24,9,34,0,4,33,19,56,50,31,81,137
12/29/2018,LMT,OR,ANM,WE,Federal Contract Tower,0,4,6,6,16,0,3,56,2,61,0,7,62,8,77,66,0,66,143
12/30/2018,LMT,OR,ANM,WE,Federal Contract Tower,0,2,2,0,4,0,0,4,0,4,0,2,6,0,8,36,0,36,44
12/31/2018,LMT,OR,ANM,WE,Federal Contract Tower,0,1,7,0,8,0,4,39,0,43,0,5,46,0,51,90,0,90,141
01/01/2019,LMT,OR,ANM,WE,Federal Contract Tower,0,4,2,0,6,0,1,45,0,46,0,5,47,0,52,64,0,64,116
01/02/2019,LMT,OR,ANM,WE,Federal Contract Tower,0,8,2,19,29,0,3,28,20,51,0,11,30,39,80,19,36,55,135
01/03/2019,LMT,OR,ANM,WE,Federal Contract Tower,0,9,6,19,34,0,3,45,15,63,0,12,51,34,97,71,32,103,200
01/04/2019,LMT,OR,ANM,WE,Federal Contract Tower,0,7,2,21,30,0,3,30,23,56,0,10,32,44,86,28,32,60,146
01/05/2019,LMT,OR,ANM,WE,Federal Contract Tower,0,3,3,18,24,0,4,3,11,18,0,7,6,29,42,2,18,20,62
01/06/2019,LMT,OR,ANM,WE,Federal Contract Tower,0,3,3,0,6,0,4,7,0,11,0,7,10,0,17,40,0,40,57
01/07/2019,LMT,OR,ANM,WE,Federal Contract Tower,0,5,6,2,13,0,4,11,0,15,0,9,17,2,28,60,0,60,88
01/08/2019,LMT,OR,ANM,WE,Federal Contract Tower,0,10,6,42,58,0,0,0,0,0,0,10,6,42,58,0,40,40,98
01/09/2019,LMT,OR,ANM,WE,Federal Contract Tower,0,6,11,36,53,0,2,1,4,7,0,8,12,40,60,0,15,15,75
01/10/2019,LMT,OR,ANM,WE,Federal Contract Tower,0,4,9,16,29,0,4,23,18,45,0,8,32,34,74,56,16,72,146
01/11/2019,LMT,OR,ANM,WE,Federal Contract Tower,0,5,3,11,19,0,3,22,7,32,0,8,25,18,51,56,12,68,119
01/12/2019,LMT,OR,ANM,WE,Federal Contract Tower,0,3,2,0,5,0,4,46,0,50,0,7,48,0,55,26,0,26,81
01/13/2019,LMT,OR,ANM,WE,Federal Contract Tower,0,1,4,0,5,0,2,58,0,60,0,3,62,0,65,44,0,44,109
01/14/2019,LMT,OR,ANM,WE,Federal Contract Tower,0,2,7,24,33,0,2,30,14,46,0,4,37,38,79,43,38,81,160
01/15/2019,LMT,OR,ANM,WE,Federal Contract Tower,0,5,2,26,33,0,4,4,2,10,0,9,6,28,43,6,16,22,65
01/16/2019,LMT,OR,ANM,WE,Federal Contract Tower,0,7,5,20,32,0,0,7,14,21,0,7,12,34,53,0,36,36,89
01/17/2019,LMT,OR,ANM,WE,Federal Contract Tower,0,7,6,27,40,0,0,0,11,11,0,7,6,38,51,0,28,28,79
01/18/2019,LMT,OR,ANM,WE,Federal Contract Tower,0,6,2,0,8,0,6,2,0,8,0,12,4,0,16,0,0,0,16
01/20/2019,LMT,OR,ANM,WE,Federal Contract Tower,0,2,7,0,9,0,0,5,0,5,0,2,12,0,14,15,0,15,29
01/21/2019,LMT,OR,ANM,WE,Federal Contract Tower,0,6,2,0,8,0,2,30,4,36,0,8,32,4,44,57,0,57,101
01/22/2019,LMT,OR,ANM,WE,Federal Contract Tower,0,8,3,30,41,0,9,26,13,48,0,17,29,43,89,14,46,60,149
01/23/2019,LMT,OR,ANM,WE,Federal Contract Tower,0,8,2,34,44,0,2,5,14,21,0,10,7,48,65,16,18,34,99
01/24/2019,LMT,OR,ANM,WE,Federal Contract Tower,0,4,4,0,8,0,4,6,0,10,0,8,10,0,18,8,0,8,26
01/25/2019,LMT,OR,ANM,WE,Federal Contract Tower,0,0,2,0,2,0,2,14,0,16,0,2,16,0,18,70,0,70,88
01/26/2019,LMT,OR,ANM,WE,Federal Contract Tower,0,4,7,0,11,0,3,37,0,40,0,7,44,0,51,45,0,45,96
01/27/2019,LMT,OR,ANM,WE,Federal Contract Tower,0,2,17,0,19,0,0,43,0,43,0,2,60,0,62,51,0,51,113
01/28/2019,LMT,OR,ANM,WE,Federal Contract Tower,0,4,6,20,30,0,2,24,18,44,0,6,30,38,74,8,24,32,106
01/29/2019,LMT,OR,ANM,WE,Federal Contract Tower,0,8,13,24,45,0,4,21,18,43,0,12,34,42,88,6,38,44,132
01/30/2019,LMT,OR,ANM,WE,Federal Contract Tower,0,6,6,25,37,0,9,22,47,78,0,15,28,72,115,12,23,35,150
01/31/2019,LMT,OR,ANM,WE,Federal Contract Tower,0,6,7,12,25,0,7,48,22,77,0,13,55,34,102,82,10,92,194
02/01/2019,LMT,OR,ANM,WE,Federal Contract Tower,0,10,5,0,15,0,0,6,0,6,0,10,11,0,21,0,0,0,21
02/02/2019,LMT,OR,ANM,WE,Federal Contract Tower,0,3,1,0,4,0,0,0,0,0,0,3,1,0,4,0,0,0,4
02/03/2019,LMT,OR,ANM,WE,Federal Contract Tower,0,2,2,0,4,0,0,5,0,5,0,2,7,0,9,12,0,12,21
02/04/2019,LMT,OR,ANM,WE,Federal Contract Tower,0,10,1,23,34,0,0,0,0,0,0,10,1,23,34,0,0,0,34
02/05/2019,LMT,OR,ANM,WE,Federal Contract Tower,0,8,0,32,40,0,1,2,0,3,0,9,2,32,43,0,33,33,76
02/06/2019,LMT,OR,ANM,WE,Federal Contract Tower,0,9,2,22,33,0,10,20,41,71,0,19,22,63,104,10,50,60,164
02/07/2019,LMT,OR,ANM,WE,Federal Contract Tower,0,8,3,28,39,0,1,26,22,49,0,9,29,50,88,27,42,69,157
02/08/2019,LMT,OR,ANM,WE,Federal Contract Tower,0,2,7,24,33,0,0,3,4,7,0,2,10,28,40,6,11,17,57
02/09/2019,LMT,OR,ANM,WE,Federal Contract Tower,0,8,1,0,9,0,0,0,0,0,0,8,1,0,9,0,0,0,9
02/10/2019,LMT,OR,ANM,WE,Federal Contract Tower,0,2,4,13,19,0,0,3,0,3,0,2,7,13,22,0,19,19,41
02/11/2019,LMT,OR,ANM,WE,Federal Contract Tower,0,12,12,0,24,0,13,15,0,28,0,25,27,0,52,0,0,0,52
02/12/2019,LMT,OR,ANM,WE,Federal Contract Tower,0,9,0,12,21,0,10,6,15,31,0,19,6,27,52,0,0,0,52
02/13/2019,LMT,OR,ANM,WE,Federal Contract Tower,0,14,7,0,21,0,1,12,0,13,0,15,19,0,34,0,0,0,34
02/14/2019,LMT,OR,ANM,WE,Federal Contract Tower,0,7,4,19,30,0,1,8,6,15,0,8,12,25,45,0,50,50,95
02/15/2019,LMT,OR,ANM,WE,Federal Contract Tower,0,8,2,8,18,0,0,5,4,9,0,8,7,12,27,96,16,112,139
02/16/2019,LMT,OR,ANM,WE,Federal Contract Tower,0,6,2,0,8,0,0,0,0,0,0,6,2,0,8,0,0,0,8
02/17/2019,LMT,OR,ANM,WE,Federal Contract Tower,0,0,2,0,2,0,0,6,0,6,0,0,8,0,8,12,0,12,20
02/18/2019,LMT,OR,ANM,WE,Federal Contract Tower,0,8,2,0,10,0,1,37,0,38,0,9,39,0,48,57,0,57,105
02/19/2019,LMT,OR,ANM,WE,Federal Contract Tower,0,8,5,12,25,0,2,52,6,60,0,10,57,18,85,78,23,101,186
02/20/2019,LMT,OR,ANM,WE,Federal Contract Tower,0,10,3,6,19,0,1,9,8,18,0,11,12,14,37,45,4,49,86
02/21/2019,LMT,OR,ANM,WE,Federal Contract Tower,0,5,9,12,26,0,4,11,10,25,0,9,20,22,51,36,8,44,95
02/22/2019,LMT,OR,ANM,WE,Federal Contract Tower,0,4,8,3,15,0,2,57,0,59,0,6,65,3,74,63,0,63,137
02/23/2019,LMT,OR,ANM,WE,Federal Contract Tower,0,5,5,0,10,0,5,9,0,14,0,10,14,0,24,32,0,32,56
02/24/2019,LMT,OR,ANM,WE,Federal Contract Tower,0,2,6,0,8,0,2,7,0,9,0,4,13,0,17,0,0,0,17
02/25/2019,LMT,OR,ANM,WE,Federal Contract Tower,0,5,0,0,5,0,0,0,0,0,0,5,0,0,5,0,0,0,5
02/26/2019,LMT,OR,ANM,WE,Federal Contract Tower,0,4,0,0,4,0,0,0,0,0,0,4,0,0,4,0,0,0,4
02/27/2019,LMT,OR,ANM,WE,Federal Contract Tower,0,7,3,10,20,0,1,0,6,7,0,8,3,16,27,0,8,8,35
02/28/2019,LMT,OR,ANM,WE,Federal Contract Tower,0,8,5,11,24,0,2,11,11,24,0,10,16,22,48,0,20,20,68
03/01/2019,LMT,OR,ANM,WE,Federal Contract Tower,0,6,7,24,37,0,6,21,47,74,0,12,28,71,111,18,40,58,169
03/02/2019,LMT,OR,ANM,WE,Federal Contract Tower,0,5,2,26,33,0,6,15,39,60,0,11,17,65,93,18,23,41,134
03/03/2019,LMT,OR,ANM,WE,Federal Contract Tower,0,2,14,16,32,0,0,7,0,7,0,2,21,16,39,26,2,28,67
03/04/2019,LMT,OR,ANM,WE,Federal Contract Tower,0,3,5,1,9,0,3,24,4,31,0,6,29,5,40,68,2,70,110
03/05/2019,LMT,OR,ANM,WE,Federal Contract Tower,0,11,0,22,33,0,0,2,1,3,0,11,2,23,36,2,0,2,38
03/06/2019,LMT,OR,ANM,WE,Federal Contract Tower,0,10,6,38,54,0,0,2,4,6,0,10,8,42,60,5,6,11,71
03/07/2019,LMT,OR,ANM,WE,Federal Contract Tower,0,7,4,20,31,0,10,27,38,75,0,17,31,58,106,38,38,76,182
03/08/2019,LMT,OR,ANM,WE,Federal Contract Tower,0,7,2,14,23,0,0,13,15,28,0,7,15,29,51,74,14,88,139
03/09/2019,LMT,OR,ANM,WE,Federal Contract Tower,0,7,10,0,17,0,0,7,0,7,0,7,17,0,24,69,0,69,93
03/10/2019,LMT,OR,ANM,WE,Federal Contract Tower,0,5,0,0,5,0,0,16,0,16,0,5,16,0,21,31,0,31,52
03/11/2019,LMT,OR,ANM,WE,Federal Contract Tower,0,4,1,28,33,0,3,76,14,93,0,7,77,42,126,68,50,118,244
03/12/2019,LMT,OR,ANM,WE,Federal Contract Tower,0,11,3,38,52,0,0,2,14,16,0,11,5,52,68,0,48,48,116
03/13/2019,LMT,OR,ANM,WE,Federal Contract Tower,0,6,6,26,38,0,6,23,38,67,0,12,29,64,105,90,28,118,223
03/14/2019,LMT,OR,ANM,WE,Federal Contract Tower,0,8,1,24,33,0,9,17,42,68,0,17,18,66,101,46,16,62,163
03/15/2019,LMT,OR,ANM,WE,Federal Contract Tower,0,4,9,17,30,0,1,38,6,45,0,5,47,23,75,32,18,50,125
03/16/2019,LMT,OR,ANM,WE,Federal Contract Tower,0,3,3,0,6,0,4,65,0,69,0,7,68,0,75,91,0,91,166
03/17/2019,LMT,OR,ANM,WE,Federal Contract Tower,0,4,1,0,5,0,1,28,6,35,0,5,29,6,40,34,0,34,74
03/18/2019,LMT,OR,ANM,WE,Federal Contract Tower,0,8,3,29,40,0,1,33,23,57,0,9,36,52,97,32,98,130,227
03/19/2019,LMT,OR,ANM,WE,Federal Contract Tower,0,6,7,26,39,0,10,21,36,67,0,16,28,62,106,32,44,76,182
03/20/2019,LMT,OR,ANM,WE,Federal Contract Tower,0,8,5,35,48,0,8,9,41,58,0,16,14,76,106,24,42,66,172
03/21/2019,LMT,OR,ANM,WE,Federal Contract Tower,0,8,6,30,44,0,1,16,19,36,0,9,22,49,80,21,45,66,146
03/22/2019,LMT,OR,ANM,WE,Federal Contract Tower,0,5,2,0,7,0,0,2,0,2,0,5,4,0,9,0,0,0,9
03/23/2019,LMT,OR,ANM,WE,Federal Contract Tower,0,8,6,0,14,0,0,3,0,3,0,8,9,0,17,25,0,25,42
03/24/2019,LMT,OR,ANM,WE,Federal Contract Tower,0,2,5,0,7,0,0,21,0,21,0,2,26,0,28,32,0,32,60
03/25/2019,LMT,OR,ANM,WE,Federal Contract Tower,0,6,3,0,9,0,5,5,0,10,0,11,8,0,19,24,0,24,43
03/26/2019,LMT,OR,ANM,WE,Federal Contract Tower,0,6,5,19,30,0,9,20,32,61,0,15,25,51,91,40,52,92,183
03/27/2019,LMT,OR,ANM,WE,Federal Contract Tower,0,7,6,27,40,0,0,2,5,7,0,7,8,32,47,0,8,8,55
03/28/2019,LMT,OR,ANM,WE,Federal Contract Tower,0,7,3,17,27,0,0,12,35,47,0,7,15,52,74,19,24,43,117
03/29/2019,LMT,OR,ANM,WE,Federal Contract Tower,0,6,3,14,23,0,0,7,8,15,0,6,10,22,38,11,36,47,85
03/30/2019,LMT,OR,ANM,WE,Federal Contract Tower,0,2,6,0,8,0,1,37,0,38,0,3,43,0,46,48,0,48,94
03/31/2019,LMT,OR,ANM,WE,Federal Contract Tower,0,0,5,0,5,0,6,36,0,42,0,6,41,0,47,48,0,48,95
04/02/2019,LMT,OR,ANM,WE,Federal Contract Tower,0,9,1,22,32,0,0,7,2,9,0,9,8,24,41,108,0,108,149
04/03/2019,LMT,OR,ANM,WE,Federal Contract Tower,0,9,3,28,40,0,2,47,8,57,0,11,50,36,97,25,10,35,132
04/04/2019,LMT,OR,ANM,WE,Federal Contract Tower,0,8,7,26,41,0,8,26,40,74,0,16,33,66,115,2,78,80,195
04/05/2019,LMT,OR,ANM,WE,Federal Contract Tower,0,4,2,29,35,0,0,2,9,11,0,4,4,38,46,16,23,39,85
04/06/2019,LMT,OR,ANM,WE,Federal Contract Tower,0,4,2,21,27,0,4,7,32,43,0,8,9,53,70,28,22,50,120
04/07/2019,LMT,OR,ANM,WE,Federal Contract Tower,0,4,2,13,19,0,4,7,20,31,0,8,9,33,50,2,12,14,64
04/08/2019,LMT,OR,ANM,WE,Federal Contract Tower,0,7,5,0,12,0,0,7,0,7,0,7,12,0,19,0,0,0,19
04/09/2019,LMT,OR,ANM,WE,Federal Contract Tower,0,6,4,34,44,0,2,2,4,8,0,8,6,38,52,5,18,23,75
04/10/2019,LMT,OR,ANM,WE,Federal Contract Tower,0,7,3,26,36,0,3,28,16,47,0,10,31,42,83,72,32,104,187
04/11/2019,LMT,OR,ANM,WE,Federal Contract Tower,0,11,3,11,25,0,0,14,0,14,0,11,17,11,39,2,4,6,45
04/12/2019,LMT,OR,ANM,WE,Federal Contract Tower,0,6,1,25,32,0,10,11,28,49,0,16,12,53,81,16,62,78,159
04/13/2019,LMT,OR,ANM,WE,Federal Contract Tower,0,1,4,0,5,0,4,50,0,54,0,5,54,0,59,64,0,64,123
04/14/2019,LMT,OR,ANM,WE,Federal Contract Tower,0,2,10,0,12,0,0,11,0,11,0,2,21,0,23,30,0,30,53
04/15/2019,LMT,OR,ANM,WE,Federal Contract Tower,0,6,3,24,33,0,0,3,9,12,0,6,6,33,45,0,18,18,63
04/16/2019,LMT,OR,ANM,WE,Federal Contract Tower,0,9,2,21,32,0,4,8,17,29,0,13,10,38,61,28,48,76,137
04/17/2019,LMT,OR,ANM,WE,Federal Contract Tower,0,8,5,22,35,0,7,28,15,50,0,15,33,37,85,80,38,118,203
04/18/2019,LMT,OR,ANM,WE,Federal Contract Tower,0,8,10,20,38,0,1,23,0,24,0,9,33,20,62,38,8,46,108
04/19/2019,LMT,OR,ANM,WE,Federal Contract Tower,0,4,8,0,12,0,10,39,0,49,0,14,47,0,61,4,0,4,65
04/20/2019,LMT,OR,ANM,WE,Federal Contract Tower,0,5,11,2,18,0,1,7,2,10,0,6,18,4,28,16,5,21,49
04/21/2019,LMT,OR,ANM,WE,Federal Contract Tower,0,3,0,0,3,0,4,22,0,26,0,7,22,0,29,24,0,24,53
04/22/2019,LMT,OR,ANM,WE,Federal Contract Tower,0,6,8,19,33,0,1,23,15,39,0,7,31,34,72,17,30,47,119
04/23/2019,LMT,OR,ANM,WE,Federal Contract Tower,0,7,7,20,34,0,2,23,17,42,0,9,30,37,76,2,42,44,120
04/24/2019,LMT,OR,ANM,WE,Federal Contract Tower,0,5,5,18,28,0,10,35,33,78,0,15,40,51,106,38,50,88,194
04/25/2019,LMT,OR,ANM,WE,Federal Contract Tower,0,9,9,24,42,0,12,56,40,108,0,21,65,64,150,23,54,77,227
04/26/2019,LMT,OR,ANM,WE,Federal Contract Tower,0,9,9,24,42,0,3,47,16,66,0,12,56,40,108,23,54,77,185
04/27/2019,LMT,OR,ANM,WE,Federal Contract Tower,0,2,8,0,10,0,9,47,0,56,0,11,55,0,66,119,0,119,185
04/28/2019,LMT,OR,ANM,WE,Federal Contract Tower,0,1,6,2,9,0,1,25,0,26,0,2,31,2,35,14,0,14,49
04/29/2019,LMT,OR,ANM,WE,Federal Contract Tower,0,8,3,22,33,0,1,22,18,41,0,9,25,40,74,20,64,84,158
04/30/2019,LMT,OR,ANM,WE,Federal Contract Tower,0,7,7,28,42,0,4,9,17,30,0,11,16,45,72,28,40,68,140
05/02/2019,LMT,OR,ANM,WE,Federal Contract Tower,0,5,40,43,88,0,0,40,0,40,0,5,80,43,128,40,74,114,242
05/03/2019,LMT,OR,ANM,WE,Federal Contract Tower,0,5,5,14,24,0,2,48,8,58,0,7,53,22,82,54,4,58,140
05/04/2019,LMT,OR,ANM,WE,Federal Contract Tower,0,1,8,4,13,0,3,43,0,46,0,4,51,4,59,42,0,42,101
05/05/2019,LMT,OR,ANM,WE,Federal Contract Tower,0,1,3,0,4,0,1,48,0,49,0,2,51,0,53,34,0,34,87
05/06/2019,LMT,OR,ANM,WE,Federal Contract Tower,0,3,2,24,29,0,6,40,41,87,0,9,42,65,116,38,56,94,210
05/07/2019,LMT,OR,ANM,WE,Federal Contract Tower,0,6,9,37,52,0,7,35,40,82,0,13,44,77,134,54,46,100,234
05/08/2019,LMT,OR,ANM,WE,Federal Contract Tower,0,5,4,28,37,0,2,40,22,64,0,7,44,50,101,30,66,96,197
05/09/2019,LMT,OR,ANM,WE,Federal Contract Tower,0,2,0,24,26,0,16,26,0,42,0,18,26,24,68,66,10,76,144
05/10/2019,LMT,OR,ANM,WE,Federal Contract Tower,0,5,8,0,13,0,7,50,0,57,0,12,58,0,70,70,0,70,140
05/11/2019,LMT,OR,ANM,WE,Federal Contract Tower,0,3,3,0,6,0,1,41,0,42,0,4,44,0,48,14,0,14,62
05/12/2019,LMT,OR,ANM,WE,Federal Contract Tower,0,0,6,4,10,0,3,33,4,40,0,3,39,8,50,12,0,12,62
05/13/2019,LMT,OR,ANM,WE,Federal Contract Tower,0,5,4,34,43,0,5,26,50,81,0,10,30,84,124,34,40,74,198
05/14/2019,LMT,OR,ANM,WE,Federal Contract Tower,0,6,13,22,41,0,1,5,16,22,0,7,18,38,63,4,14,18,81
05/15/2019,LMT,OR,ANM,WE,Federal Contract Tower,0,9,3,22,34,0,2,6,6,14,0,11,9,28,48,14,42,56,104
05/16/2019,LMT,OR,ANM,WE,Federal Contract Tower,0,9,11,14,34,0,0,4,5,9,0,9,15,19,43,0,24,24,67
05/17/2019,LMT,OR,ANM,WE,Federal Contract Tower,0,4,10,0,14,0,1,18,2,21,0,5,28,2,35,12,0,12,47
05/18/2019,LMT,OR,ANM,WE,Federal Contract Tower,0,3,5,0,8,0,6,14,0,20,0,9,19,0,28,0,0,0,28
05/19/2019,LMT,OR,ANM,WE,Federal Contract Tower,0,4,5,4,13,0,4,10,4,18,0,8,15,8,31,26,0,26,57
05/20/2019,LMT,OR,ANM,WE,Federal Contract Tower,0,6,8,31,45,0,0,12,9,21,0,6,20,40,66,44,24,68,134
05/21/2019,LMT,OR,ANM,WE,Federal Contract Tower,0,10,7,32,49,0,0,0,6,6,0,10,7,38,55,0,10,10,65
05/22/2019,LMT,OR,ANM,WE,Federal Contract Tower,0,6,12,31,49,0,1,5,3,9,0,7,17,34,58,0,8,8,66
05/23/2019,LMT,OR,ANM,WE,Federal Contract Tower,0,6,6,15,27,0,2,44,19,65,0,8,50,34,92,16,20,36,128
05/24/2019,LMT,OR,ANM,WE,Federal Contract Tower,0,5,10,12,27,0,9,43,18,70,0,14,53,30,97,29,22,51,148
05/25/2019,LMT,OR,ANM,WE,Federal Contract Tower,0,2,4,0,6,0,5,41,0,46,0,7,45,0,52,36,0,36,88
05/26/2019,LMT,OR,ANM,WE,Federal Contract Tower,0,4,7,0,11,0,0,10,0,10,0,4,17,0,21,31,0,31,52
05/27/2019,LMT,OR,ANM,WE,Federal Contract Tower,0,0,4,0,4,0,0,13,4,17,0,0,17,4,21,44,0,44,65
05/28/2019,LMT,OR,ANM,WE,Federal Contract Tower,0,9,4,24,37,0,1,11,28,40,0,10,15,52,77,17,16,33,110
05/29/2019,LMT,OR,ANM,WE,Federal Contract Tower,0,5,3,19,27,0,3,32,20,55,0,8,35,39,82,0,26,26,108
05/30/2019,LMT,OR,ANM,WE,Federal Contract Tower,0,5,8,20,33,0,8,40,38,86,0,13,48,58,119,18,8,26,145
05/31/2019,LMT,OR,ANM,WE,Federal Contract Tower,0,9,3,16,28,0,10,44,26,80,0,19,47,42,108,80,12,92,200
06/01/2019,LMT,OR,ANM,WE,Federal Contract Tower,0,1,2,8,11,0,5,64,12,81,0,6,66,20,92,45,6,51,143
06/02/2019,LMT,OR,ANM,WE,Federal Contract Tower,0,0,1,10,11,0,0,72,0,72,0,0,73,10,83,56,0,56,139
06/03/2019,LMT,OR,ANM,WE,Federal Contract Tower,0,4,9,17,30,0,2,44,2,48,0,6,53,19,78,58,0,58,136
06/04/2019,LMT,OR,ANM,WE,Federal Contract Tower,0,1,7,30,38,0,6,21,20,47,0,7,28,50,85,0,30,30,115
06/05/2019,LMT,OR,ANM,WE,Federal Contract Tower,0,6,3,33,42,0,9,37,56,102,0,15,40,89,144,34,20,54,198
06/06/2019,LMT,OR,ANM,WE,Federal Contract Tower,0,3,6,22,31,0,6,10,39,55,0,9,16,61,86,6,4,10,96
06/07/2019,LMT,OR,ANM,WE,Federal Contract Tower,0,4,4,14,22,0,4,28,7,39,0,8,32,21,61,46,6,52,113
06/08/2019,LMT,OR,ANM,WE,Federal Contract Tower,0,3,5,0,8,0,1,23,0,24,0,4,28,0,32,45,0,45,77
06/09/2019,LMT,OR,ANM,WE,Federal Contract Tower,0,0,8,1,9,0,0,28,0,28,0,0,36,1,37,45,0,45,82
06/10/2019,LMT,OR,ANM,WE,Federal Contract Tower,0,4,21,20,45,0,3,32,22,57,0,7,53,42,102,24,18,42,144
06/11/2019,LMT,OR,ANM,WE,Federal Contract Tower,0,3,4,24,31,0,7,42,43,92,0,10,46,67,123,0,36,36,159
06/12/2019,LMT,OR,ANM,WE,Federal Contract Tower,0,3,4,22,29,0,7,25,40,72,0,10,29,62,101,8,30,38,139
06/13/2019,LMT,OR,ANM,WE,Federal Contract Tower,0,5,13,22,40,0,9,69,11,89,0,14,82,33,129,57,18,75,204
06/14/2019,LMT,OR,ANM,WE,Federal Contract Tower,0,4,10,0,14,0,5,53,0,58,0,9,63,0,72,98,0,98,170
06/15/2019,LMT,OR,ANM,WE,Federal Contract Tower,0,3,10,4,17,0,3,31,0,34,0,6,41,4,51,29,0,29,80
06/16/2019,LMT,OR,ANM,WE,Federal Contract Tower,0,0,4,0,4,0,4,36,0,40,0,4,40,0,44,61,0,61,105
06/17/2019,LMT,OR,ANM,WE,Federal Contract Tower,0,4,4,35,43,0,4,16,8,28,0,8,20,43,71,42,37,79,150
06/18/2019,LMT,OR,ANM,WE,Federal Contract Tower,0,4,1,35,40,0,4,56,15,75,0,8,57,50,115,60,36,96,211
06/19/2019,LMT,OR,ANM,WE,Federal Contract Tower,0,3,7,40,50,0,2,23,2,27,0,5,30,42,77,18,22,40,117
06/20/2019,LMT,OR,ANM,WE,Federal Contract Tower,0,6,4,22,32,0,4,32,30,66,0,10,36,52,98,71,18,89,187
06/21/2019,LMT,OR,ANM,WE,Federal Contract Tower,0,4,8,10,22,0,1,64,8,73,0,5,72,18,95,30,13,43,138
06/22/2019,LMT,OR,ANM,WE,Federal Contract Tower,0,3,6,2,11,0,3,43,0,46,0,6,49,2,57,27,0,27,84
06/23/2019,LMT,OR,ANM,WE,Federal Contract Tower,0,1,3,0,4,0,0,36,2,38,0,1,39,2,42,18,0,18,60
06/24/2019,LMT,OR,ANM,WE,Federal Contract Tower,0,2,8,30,40,0,3,15,9,27,0,5,23,39,67,68,16,84,151
06/25/2019,LMT,OR,ANM,WE,Federal Contract Tower,0,4,8,20,32,0,4,47,18,69,0,8,55,38,101,27,26,53,154
06/26/2019,LMT,OR,ANM,WE,Federal Contract Tower,0,10,8,26,44,0,2,33,21,56,0,12,41,47,100,74,58,132,232
06/27/2019,LMT,OR,ANM,WE,Federal Contract Tower,0,5,2,27,34,0,10,33,17,60,0,15,35,44,94,39,18,57,151
06/28/2019,LMT,OR,ANM,WE,Federal Contract Tower,0,2,8,18,28,0,5,30,4,39,0,7,38,22,67,22,18,40,107
06/29/2019,LMT,OR,ANM,WE,Federal Contract Tower,0,2,6,3,11,0,4,33,0,37,0,6,39,3,48,20,10,30,78
06/30/2019,LMT,OR,ANM,WE,Federal Contract Tower,0,1,4,0,5,0,2,35,0,37,0,3,39,0,42,64,2,66,108
07/01/2019,LMT,OR,ANM,WE,Federal Contract Tower,0,8,4,30,42,0,4,20,10,34,0,12,24,40,76,43,20,63,139
07/02/2019,LMT,OR,ANM,WE,Federal Contract Tower,0,7,10,21,38,0,1,48,15,64,0,8,58,36,102,62,46,108,210
07/03/2019,LMT,OR,ANM,WE,Federal Contract Tower,0,13,20,16,49,0,0,18,0,18,0,13,38,16,67,54,10,64,131
07/04/2019,LMT,OR,ANM,WE,Federal Contract Tower,0,0,14,2,16,0,0,19,2,21,0,0,33,4,37,8,3,11,48
07/05/2019,LMT,OR,ANM,WE,Federal Contract Tower,0,2,18,4,24,0,1,30,2,33,0,3,48,6,57,42,0,42,99
07/06/2019,LMT,OR,ANM,WE,Federal Contract Tower,0,2,2,2,6,0,3,31,0,34,0,5,33,2,40,8,0,8,48
07/07/2019,LMT,OR,ANM,WE,Federal Contract Tower,0,2,8,0,10,0,0,38,0,38,0,2,46,0,48,34,0,34,82
07/08/2019,LMT,OR,ANM,WE,Federal Contract Tower,0,3,10,28,41,0,2,28,19,49,0,5,38,47,90,50,52,102,192
07/09/2019,LMT,OR,ANM,WE,Federal Contract Tower,0,5,4,24,33,0,1,27,25,53,0,6,31,49,86,56,12,68,154
07/10/2019,LMT,OR,ANM,WE,Federal Contract Tower,0,5,5,35,45,0,3,49,27,79,0,8,54,62,124,12,52,64,188
07/11/2019,LMT,OR,ANM,WE,Federal Contract Tower,0,3,4,24,31,0,4,46,21,71,0,7,50,45,102,44,6,50,152
07/12/2019,LMT,OR,ANM,WE,Federal Contract Tower,0,3,5,31,39,0,2,38,32,72,0,5,43,63,111,22,16,38,149
07/13/2019,LMT,OR,ANM,WE,Federal Contract Tower,0,0,6,24,30,0,3,34,24,61,0,3,40,48,91,20,36,56,147
07/14/2019,LMT,OR,ANM,WE,Federal Contract Tower,0,0,1,12,13,0,1,64,12,77,0,1,65,24,90,28,6,34,124
07/15/2019,LMT,OR,ANM,WE,Federal Contract Tower,0,10,6,0,16,0,10,32,0,42,0,20,38,0,58,48,0,48,106
07/16/2019,LMT,OR,ANM,WE,Federal Contract Tower,0,6,2,28,36,0,9,31,50,90,0,15,33,78,126,9,20,29,155
07/17/2019,LMT,OR,ANM,WE,Federal Contract Tower,0,6,9,35,50,0,4,78,32,114,0,10,87,67,164,34,30,64,228
07/18/2019,LMT,OR,ANM,WE,Federal Contract Tower,0,7,11,25,43,0,1,53,25,79,0,8,64,50,122,21,28,49,171
07/19/2019,LMT,OR,ANM,WE,Federal Contract Tower,0,9,4,14,27,0,2,50,14,66,0,11,54,28,93,38,10,48,141
07/20/2019,LMT,OR,ANM,WE,Federal Contract Tower,0,1,2,0,3,0,1,39,0,40,0,2,41,0,43,8,0,8,51
07/21/2019,LMT,OR,ANM,WE,Federal Contract Tower,0,0,9,0,9,0,0,67,0,67,0,0,76,0,76,60,0,60,136
07/22/2019,LMT,OR,ANM,WE,Federal Contract Tower,0,6,0,21,27,0,7,33,43,83,0,13,33,64,110,56,56,112,222
07/23/2019,LMT,OR,ANM,WE,Federal Contract Tower,0,7,3,25,35,0,6,67,29,102,0,13,70,54,137,16,78,94,231
07/24/2019,LMT,OR,ANM,WE,Federal Contract Tower,0,4,8,30,42,0,7,36,12,55,0,11,44,42,97,26,26,52,149
07/25/2019,LMT,OR,ANM,WE,Federal Contract Tower,0,9,2,0,11,0,1,40,0,41,0,10,42,0,52,44,0,44,96
07/26/2019,LMT,OR,ANM,WE,Federal Contract Tower,0,6,4,0,10,0,6,39,0,45,0,12,43,0,55,44,0,44,99
07/27/2019,LMT,OR,ANM,WE,Federal Contract Tower,0,2,4,0,6,0,5,39,0,44,0,7,43,0,50,24,0,24,74
07/28/2019,LMT,OR,ANM,WE,Federal Contract Tower,0,0,1,4,5,0,70,43,4,117,0,70,44,8,122,26,0,26,148
07/29/2019,LMT,OR,ANM,WE,Federal Contract Tower,0,8,9,25,42,0,139,38,11,188,0,147,47,36,230,10,37,47,277
07/30/2019,LMT,OR,ANM,WE,Federal Contract Tower,0,9,7,31,47,0,8,24,20,52,0,17,31,51,99,25,34,59,158
08/01/2019,LMT,OR,ANM,WE,Federal Contract Tower,0,5,3,40,48,0,4,41,26,71,0,9,44,66,119,34,48,82,201
08/02/2019,LMT,OR,ANM,WE,Federal Contract Tower,0,4,5,28,37,0,5,51,61,117,0,9,56,89,154,8,34,42,196
08/04/2019,LMT,OR,ANM,WE,Federal Contract Tower,0,0,20,16,36,0,0,9,16,25,0,0,29,32,61,48,8,56,117
08/05/2019,LMT,OR,ANM,WE,Federal Contract Tower,0,6,4,0,10,0,8,31,0,39,0,14,35,0,49,31,0,31,80
08/08/2019,LMT,OR,ANM,WE,Federal Contract Tower,0,3,8,33,44,0,10,64,59,133,0,13,72,92,177,36,42,78,255
08/09/2019,LMT,OR,ANM,WE,Federal Contract Tower,0,5,3,21,29,0,93,49,37,179,0,98,52,58,208,46,32,78,286
08/10/2019,LMT,OR,ANM,WE,Federal Contract Tower,0,8,12,0,20,0,10,41,0,51,0,18,53,0,71,0,0,0,71
08/11/2019,LMT,OR,ANM,WE,Federal Contract Tower,0,6,14,2,22,0,4,57,2,63,0,10,71,4,85,57,24,81,166
08/12/2019,LMT,OR,ANM,WE,Federal Contract Tower,0,6,5,37,48,0,3,54,30,87,0,9,59,67,135,34,70,104,239
08/13/2019,LMT,OR,ANM,WE,Federal Contract Tower,0,3,13,14,30,0,4,57,18,79,0,7,70,32,109,36,18,54,163
08/14/2019,LMT,OR,ANM,WE,Federal Contract Tower,0,5,4,45,54,0,8,56,8,72,0,13,60,53,126,54,10,64,190
08/15/2019,LMT,OR,ANM,WE,Federal Contract Tower,0,7,1,18,26,0,17,36,30,83,0,24,37,48,109,0,34,34,143
08/16/2019,LMT,OR,ANM,WE,Federal Contract Tower,0,3,5,24,32,0,11,51,12,74,0,14,56,36,106,31,39,70,176
08/17/2019,LMT,OR,ANM,WE,Federal Contract Tower,0,2,2,0,4,0,2,71,0,73,0,4,73,0,77,44,0,44,121
08/18/2019,LMT,OR,ANM,WE,Federal Contract Tower,0,1,7,0,8,0,2,65,0,67,0,3,72,0,75,52,0,52,127
08/19/2019,LMT,OR,ANM,WE,Federal Contract Tower,0,6,6,21,33,0,2,51,12,65,0,8,57,33,98,46,16,62,160
08/21/2019,LMT,OR,ANM,WE,Federal Contract Tower,0,10,1,21,32,0,11,32,26,69,0,21,33,47,101,12,12,24,125
08/22/2019,LMT,OR,ANM,WE,Federal Contract Tower,0,7,4,35,46,0,9,77,44,130,0,16,81,79,176,26,10,36,212
08/23/2019,LMT,OR,ANM,WE,Federal Contract Tower,0,4,15,0,19,0,2,60,0,62,0,6,75,0,81,63,0,63,144
08/24/2019,LMT,OR,ANM,WE,Federal Contract Tower,0,6,13,0,19,0,1,54,1,56,0,7,67,1,75,53,0,53,128
08/25/2019,LMT,OR,ANM,WE,Federal Contract Tower,0,3,7,0,10,0,3,39,0,42,0,6,46,0,52,66,0,66,118
08/26/2019,LMT,OR,ANM,WE,Federal Contract Tower,0,2,4,27,33,0,5,30,53,88,0,7,34,80,121,14,24,38,159
08/27/2019,LMT,OR,ANM,WE,Federal Contract Tower,0,8,3,31,42,0,14,37,55,106,0,22,40,86,148,10,20,30,178
08/28/2019,LMT,OR,ANM,WE,Federal Contract Tower,0,9,13,19,41,0,7,31,30,68,0,16,44,49,109,58,26,84,193
08/29/2019,LMT,OR,ANM,WE,Federal Contract Tower,0,7,7,27,41,0,5,61,17,83,0,12,68,44,124,40,24,64,188
08/30/2019,LMT,OR,ANM,WE,Federal Contract Tower,0,2,6,6,14,0,4,35,6,45,0,6,41,12,59,28,16,44,103
08/31/2019,LMT,OR,ANM,WE,Federal Contract Tower,0,9,8,0,17,0,1,61,0,62,0,10,69,0,79,61,0,61,140
09/01/2019,LMT,OR,ANM,WE,Federal Contract Tower,0,0,3,0,3,0,4,34,0,38,0,4,37,0,41,34,0,34,75
09/02/2019,LMT,OR,ANM,WE,Federal Contract Tower,0,0,5,0,5,0,0,40,0,40,0,0,45,0,45,22,0,22,67
09/03/2019,LMT,OR,ANM,WE,Federal Contract Tower,0,8,9,13,30,0,4,43,12,59,0,12,52,25,89,22,12,34,123
09/04/2019,LMT,OR,ANM,WE,Federal Contract Tower,0,8,5,31,44,0,4,30,15,49,0,12,35,46,93,21,25,46,139
09/05/2019,LMT,OR,ANM,WE,Federal Contract Tower,0,5,4,12,21,0,9,17,12,38,0,14,21,24,59,4,2,6,65
09/06/2019,LMT,OR,ANM,WE,Federal Contract Tower,0,3,2,29,34,0,31,47,22,100,0,34,49,51,134,14,21,35,169
09/07/2019,LMT,OR,ANM,WE,Federal Contract Tower,0,2,6,16,24,0,7,58,26,91,0,9,64,42,115,16,14,30,145
09/08/2019,LMT,OR,ANM,WE,Federal Contract Tower,0,1,0,19,20,0,0,64,19,83,0,1,64,38,103,30,4,34,137
09/09/2019,LMT,OR,ANM,WE,Federal Contract Tower,0,6,6,0,12,0,3,25,0,28,0,9,31,0,40,6,0,6,46
09/10/2019,LMT,OR,ANM,WE,Federal Contract Tower,0,10,7,24,41,0,0,36,6,42,0,10,43,30,83,12,8,20,103
09/11/2019,LMT,OR,ANM,WE,Federal Contract Tower,0,6,11,31,48,0,0,14,23,37,0,6,25,54,85,36,66,102,187
09/12/2019,LMT,OR,ANM,WE,Federal Contract Tower,0,5,5,19,29,0,6,34,17,57,0,11,39,36,86,40,40,80,166
09/13/2019,LMT,OR,ANM,WE,Federal Contract Tower,0,8,4,10,22,0,13,47,22,82,0,21,51,32,104,12,24,36,140
09/14/2019,LMT,OR,ANM,WE,Federal Contract Tower,0,3,1,0,4,0,3,45,0,48,0,6,46,0,52,10,0,10,62
09/15/2019,LMT,OR,ANM,WE,Federal Contract Tower,0,2,3,0,5,0,1,57,12,70,0,3,60,12,75,20,0,20,95
09/16/2019,LMT,OR,ANM,WE,Federal Contract Tower,0,6,8,29,43,0,2,18,8,28,0,8,26,37,71,5,28,33,104
09/17/2019,LMT,OR,ANM,WE,Federal Contract Tower,0,8,4,22,34,0,2,15,45,62,0,10,19,67,96,14,49,63,159
09/18/2019,LMT,OR,ANM,WE,Federal Contract Tower,0,8,3,41,52,0,0,25,14,39,0,8,28,55,91,0,38,38,129
09/19/2019,LMT,OR,ANM,WE,Federal Contract Tower,0,7,8,18,33,0,10,36,28,74,0,17,44,46,107,90,4,94,201
09/20/2019,LMT,OR,ANM,WE,Federal Contract Tower,0,9,14,0,23,0,12,33,0,45,0,21,47,0,68,10,0,10,78
09/21/2019,LMT,OR,ANM,WE,Federal Contract Tower,0,2,2,0,4,0,3,60,0,63,0,5,62,0,67,40,0,40,107
09/22/2019,LMT,OR,ANM,WE,Federal Contract Tower,0,0,7,0,7,0,0,31,0,31,0,0,38,0,38,10,0,10,48
09/23/2019,LMT,OR,ANM,WE,Federal Contract Tower,0,2,5,32,39,0,4,24,18,46,0,6,29,50,85,16,116,132,217
09/24/2019,LMT,OR,ANM,WE,Federal Contract Tower,0,8,3,22,33,0,0,41,23,64,0,8,44,45,97,0,64,64,161
09/25/2019,LMT,OR,ANM,WE,Federal Contract Tower,0,2,9,36,47,0,6,33,45,84,0,8,42,81,131,10,58,68,199
09/26/2019,LMT,OR,ANM,WE,Federal Contract Tower,0,5,9,28,42,0,5,33,52,90,0,10,42,80,132,0,74,74,206
09/27/2019,LMT,OR,ANM,WE,Federal Contract Tower,0,9,3,12,24,0,1,41,12,54,0,10,44,24,78,30,14,44,122
09/28/2019,LMT,OR,ANM,WE,Federal Contract Tower,0,7,6,0,13,0,1,18,0,19,0,8,24,0,32,0,0,0,32
09/29/2019,LMT,OR,ANM,WE,Federal Contract Tower,0,0,5,0,5,0,8,0,0,8,0,8,5,0,13,6,0,6,19
09/30/2019,LMT,OR,ANM,WE,Federal Contract Tower,0,5,11,0,16,0,0,15,0,15,0,5,26,0,31,0,0,0,31
10/01/2019,LMT,OR,ANM,WE,Federal Contract Tower,0,3,10,42,55,0,4,21,10,35,0,7,31,52,90,8,54,62,152
10/02/2019,LMT,OR,ANM,WE,Federal Contract Tower,0,3,7,22,32,0,4,26,40,70,0,7,33,62,102,0,46,46,148
10/03/2019,LMT,OR,ANM,WE,Federal Contract Tower,0,8,10,24,42,0,2,22,20,44,0,10,32,44,86,17,48,65,151
10/04/2019,LMT,OR,ANM,WE,Federal Contract Tower,0,7,9,18,34,0,1,19,12,32,0,8,28,30,66,38,6,44,110
10/05/2019,LMT,OR,ANM,WE,Federal Contract Tower,0,5,4,0,9,0,0,22,0,22,0,5,26,0,31,48,0,48,79
10/06/2019,LMT,OR,ANM,WE,Federal Contract Tower,0,0,5,0,5,0,0,42,0,42,0,0,47,0,47,26,0,26,73
10/07/2019,LMT,OR,ANM,WE,Federal Contract Tower,0,7,4,28,39,0,1,44,13,58,0,8,48,41,97,18,68,86,183
10/08/2019,LMT,OR,ANM,WE,Federal Contract Tower,0,5,4,36,45,0,1,13,8,22,0,6,17,44,67,6,34,40,107
10/09/2019,LMT,OR,ANM,WE,Federal Contract Tower,0,5,4,36,45,0,3,32,11,46,0,8,36,47,91,0,22,22,113
10/10/2019,LMT,OR,ANM,WE,Federal Contract Tower,0,6,6,11,23,0,2,17,13,32,0,8,23,24,55,0,30,30,85
10/11/2019,LMT,OR,ANM,WE,Federal Contract Tower,0,5,6,2,13,0,0,28,0,28,0,5,34,2,41,22,16,38,79
10/12/2019,LMT,OR,ANM,WE,Federal Contract Tower,0,4,3,1,8,0,1,38,0,39,0,5,41,1,47,18,0,18,65
10/14/2019,LMT,OR,ANM,WE,Federal Contract Tower,0,5,7,6,18,0,4,47,1,52,0,9,54,7,70,45,18,63,133
10/15/2019,LMT,OR,ANM,WE,Federal Contract Tower,0,3,7,29,39,0,3,34,19,56,0,6,41,48,95,30,12,42,137
10/16/2019,LMT,OR,ANM,WE,Federal Contract Tower,0,10,7,19,36,0,2,17,17,36,0,12,24,36,72,4,32,36,108
10/17/2019,LMT,OR,ANM,WE,Federal Contract Tower,0,7,3,20,30,0,1,4,20,25,0,8,7,40,55,27,0,27,82
10/18/2019,LMT,OR,ANM,WE,Federal Contract Tower,0,6,9,24,39,0,0,9,17,26,0,6,18,41,65,4,12,16,81
10/19/2019,LMT,OR,ANM,WE,Federal Contract Tower,0,7,4,0,11,0,0,0,0,0,0,7,4,0,11,0,0,0,11
10/20/2019,LMT,OR,ANM,WE,Federal Contract Tower,0,4,32,30,66,0,0,0,0,0,0,4,32,30,66,8,2,10,76
10/21/2019,LMT,OR,ANM,WE,Federal Contract Tower,0,4,5,4,13,0,7,35,4,46,0,11,40,8,59,100,0,100,159
10/22/2019,LMT,OR,ANM,WE,Federal Contract Tower,0,5,9,11,25,0,5,33,20,58,0,10,42,31,83,52,8,60,143
10/23/2019,LMT,OR,ANM,WE,Federal Contract Tower,0,8,7,23,38,0,4,33,18,55,0,12,40,41,93,104,40,144,237
10/24/2019,LMT,OR,ANM,WE,Federal Contract Tower,0,6,2,15,23,0,2,29,16,47,0,8,31,31,70,8,16,24,94
10/25/2019,LMT,OR,ANM,WE,Federal Contract Tower,0,3,10,12,25,0,5,37,24,66,0,8,47,36,91,8,2,10,101
10/26/2019,LMT,OR,ANM,WE,Federal Contract Tower,0,2,0,0,2,0,2,45,0,47,0,4,45,0,49,80,0,80,129
10/27/2019,LMT,OR,ANM,WE,Federal Contract Tower,0,1,0,0,1,0,1,14,2,17,0,2,14,2,18,50,0,50,68
10/28/2019,LMT,OR,ANM,WE,Federal Contract Tower,0,3,7,30,40,0,7,24,54,85,0,10,31,84,125,100,24,124,249
10/29/2019,LMT,OR,ANM,WE,Federal Contract Tower,0,7,4,23,34,0,6,0,23,29,0,13,4,46,63,4,16,20,83
10/30/2019,LMT,OR,ANM,WE,Federal Contract Tower,0,4,2,20,26,0,0,35,16,51,0,4,37,36,77,94,40,134,211
10/31/2019,LMT,OR,ANM,WE,Federal Contract Tower,0,6,4,24,34,0,5,46,16,67,0,11,50,40,101,14,12,26,127
11/01/2019,LMT,OR,ANM,WE,Federal Contract Tower,0,4,9,21,34,0,2,20,18,40,0,6,29,39,74,32,32,64,138
11/02/2019,LMT,OR,ANM,WE,Federal Contract Tower,0,4,19,24,47,0,12,64,45,121,0,16,83,69,168,90,82,172,340
11/03/2019,LMT,OR,ANM,WE,Federal Contract Tower,0,6,23,28,57,0,0,20,0,20,0,6,43,28,77,64,24,88,165
11/04/2019,LMT,OR,ANM,WE,Federal Contract Tower,0,3,6,0,9,0,2,25,0,27,0,5,31,0,36,90,0,90,126
11/05/2019,LMT,OR,ANM,WE,Federal Contract Tower,0,7,2,27,36,0,0,17,16,33,0,7,19,43,69,0,28,28,97
11/06/2019,LMT,OR,ANM,WE,Federal Contract Tower,0,6,11,34,51,0,2,26,18,46,0,8,37,52,97,98,24,122,219
11/07/2019,LMT,OR,ANM,WE,Federal Contract Tower,0,4,14,33,51,0,0,27,16,43,0,4,41,49,94,86,20,106,200
11/08/2019,LMT,OR,ANM,WE,Federal Contract Tower,0,7,13,15,35,0,8,27,24,59,0,15,40,39,94,60,26,86,180
11/09/2019,LMT,OR,ANM,WE,Federal Contract Tower,0,3,6,0,9,0,4,45,0,49,0,7,51,0,58,50,0,50,108
11/10/2019,LMT,OR,ANM,WE,Federal Contract Tower,0,3,11,0,14,0,1,40,2,43,0,4,51,2,57,52,0,52,109
11/11/2019,LMT,OR,ANM,WE,Federal Contract Tower,0,7,8,3,18,0,1,36,2,39,0,8,44,5,57,82,4,86,143
11/12/2019,LMT,OR,ANM,WE,Federal Contract Tower,0,7,7,23,37,0,4,25,18,47,0,11,32,41,84,47,26,73,157
11/13/2019,LMT,OR,ANM,WE,Federal Contract Tower,0,6,7,40,53,0,1,29,28,58,0,7,36,68,111,31,98,129,240
11/14/2019,LMT,OR,ANM,WE,Federal Contract Tower,0,2,8,30,40,0,5,24,54,83,0,7,32,84,123,30,26,56,179
11/15/2019,LMT,OR,ANM,WE,Federal Contract Tower,0,7,9,12,28,0,7,26,24,57,0,14,35,36,85,30,12,42,127
11/16/2019,LMT,OR,ANM,WE,Federal Contract Tower,0,2,4,0,6,0,0,23,0,23,0,2,27,0,29,10,0,10,39
11/17/2019,LMT,OR,ANM,WE,Federal Contract Tower,0,1,4,0,5,0,0,35,0,35,0,1,39,0,40,48,0,48,88
11/18/2019,LMT,OR,ANM,WE,Federal Contract Tower,0,5,4,31,40,0,1,29,19,49,0,6,33,50,89,48,48,96,185
11/19/2019,LMT,OR,ANM,WE,Federal Contract Tower,0,9,3,34,46,0,4,20,12,36,0,13,23,46,82,24,16,40,122
11/20/2019,LMT,OR,ANM,WE,Federal Contract Tower,0,9,4,14,27,0,9,19,44,72,0,18,23,58,99,30,20,50,149
11/21/2019,LMT,OR,ANM,WE,Federal Contract Tower,0,8,6,12,26,0,11,32,24,67,0,19,38,36,93,86,10,96,189
11/22/2019,LMT,OR,ANM,WE,Federal Contract Tower,0,5,2,0,7,0,1,37,2,40,0,6,39,2,47,28,20,48,95
11/23/2019,LMT,OR,ANM,WE,Federal Contract Tower,0,4,6,0,10,0,1,53,2,56,0,5,59,2,66,34,20,54,120
11/24/2019,LMT,OR,ANM,WE,Federal Contract Tower,0,2,19,1,22,0,0,30,1,31,0,2,49,2,53,42,10,52,105
11/25/2019,LMT,OR,ANM,WE,Federal Contract Tower,0,7,9,17,33,0,0,13,9,22,0,7,22,26,55,14,28,42,97
11/26/2019,LMT,OR,ANM,WE,Federal Contract Tower,0,1,2,1,4,0,2,3,1,6,0,3,5,2,10,0,0,0,10
11/27/2019,LMT,OR,ANM,WE,Federal Contract Tower,0,10,2,0,12,0,10,2,0,12,0,20,4,0,24,0,0,0,24
11/28/2019,LMT,OR,ANM,WE,Federal Contract Tower,0,4,2,0,6,0,1,8,0,9,0,5,10,0,15,20,0,20,35
11/29/2019,LMT,OR,ANM,WE,Federal Contract Tower,0,7,2,0,9,0,0,12,0,12,0,7,14,0,21,4,0,4,25
11/30/2019,LMT,OR,ANM,WE,Federal Contract Tower,0,5,5,0,10,0,0,0,0,0,0,5,5,0,10,0,0,0,10
12/01/2019,LMT,OR,ANM,WE,Federal Contract Tower,0,3,6,0,9,0,0,0,0,0,0,3,6,0,9,0,0,0,9
12/02/2019,LMT,OR,ANM,WE,Federal Contract Tower,0,8,5,26,39,0,10,17,36,63,0,18,22,62,102,17,21,38,140
12/03/2019,LMT,OR,ANM,WE,Federal Contract Tower,0,8,4,16,28,0,10,9,28,47,0,18,13,44,75,10,18,28,103
12/04/2019,LMT,OR,ANM,WE,Federal Contract Tower,0,11,7,30,48,0,0,0,0,0,0,11,7,30,48,0,0,0,48
12/05/2019,LMT,OR,ANM,WE,Federal Contract Tower,0,11,5,0,16,0,0,0,0,0,0,11,5,0,16,6,0,6,22
12/06/2019,LMT,OR,ANM,WE,Federal Contract Tower,0,8,5,36,49,0,0,0,19,19,0,8,5,55,68,0,30,30,98
12/07/2019,LMT,OR,ANM,WE,Federal Contract Tower,0,3,3,20,26,0,0,2,0,2,0,3,5,20,28,8,0,8,36
12/08/2019,LMT,OR,ANM,WE,Federal Contract Tower,0,5,3,0,8,0,0,0,0,0,0,5,3,0,8,4,0,4,12
12/09/2019,LMT,OR,ANM,WE,Federal Contract Tower,0,5,7,0,12,0,5,7,0,12,0,10,14,0,24,0,0,0,24
12/10/2019,LMT,OR,ANM,WE,Federal Contract Tower,0,9,6,28,43,0,0,3,0,3,0,9,9,28,46,8,0,8,54
12/11/2019,LMT,OR,ANM,WE,Federal Contract Tower,0,12,6,27,45,0,0,0,7,7,0,12,6,34,52,24,0,24,76
12/12/2019,LMT,OR,ANM,WE,Federal Contract Tower,0,11,6,40,57,0,2,0,2,4,0,13,6,42,61,0,4,4,65
12/13/2019,LMT,OR,ANM,WE,Federal Contract Tower,0,7,3,3,13,0,0,2,0,2,0,7,5,3,15,0,0,0,15
12/14/2019,LMT,OR,ANM,WE,Federal Contract Tower,0,6,1,0,7,0,6,11,0,17,0,12,12,0,24,14,0,14,38
12/15/2019,LMT,OR,ANM,WE,Federal Contract Tower,0,4,3,0,7,0,4,11,0,15,0,8,14,0,22,0,0,0,22
12/16/2019,LMT,OR,ANM,WE,Federal Contract Tower,0,8,6,42,56,0,0,15,18,33,0,8,21,60,89,10,20,30,119
12/17/2019,LMT,OR,ANM,WE,Federal Contract Tower,0,7,10,29,46,0,4,21,6,31,0,11,31,35,77,2,16,18,95
12/18/2019,LMT,OR,ANM,WE,Federal Contract Tower,0,10,3,38,51,0,0,1,10,11,0,10,4,48,62,48,14,62,124
12/19/2019,LMT,OR,ANM,WE,Federal Contract Tower,0,12,12,36,60,0,2,11,5,18,0,14,23,41,78,64,80,144,222
12/20/2019,LMT,OR,ANM,WE,Federal Contract Tower,0,9,1,14,24,0,9,4,20,33,0,18,5,34,57,50,18,68,125
12/21/2019,LMT,OR,ANM,WE,Federal Contract Tower,0,4,2,0,6,0,6,2,0,8,0,10,4,0,14,0,0,0,14
12/22/2019,LMT,OR,ANM,WE,Federal Contract Tower,0,0,1,0,1,0,0,2,0,2,0,0,3,0,3,0,0,0,3
12/23/2019,LMT,OR,ANM,WE,Federal Contract Tower,0,7,8,14,29,0,1,43,16,60,0,8,51,30,89,120,14,134,223
12/24/2019,LMT,OR,ANM,WE,Federal Contract Tower,0,10,0,0,10,0,0,13,0,13,0,10,13,0,23,28,0,28,51
12/25/2019,LMT,OR,ANM,WE,Federal Contract Tower,0,7,0,0,7,0,0,1,0,1,0,7,1,0,8,0,0,0,8
12/26/2019,LMT,OR,ANM,WE,Federal Contract Tower,0,8,5,0,13,0,8,40,0,48,0,16,45,0,61,92,0,92,153
12/27/2019,LMT,OR,ANM,WE,Federal Contract Tower,0,8,14,0,22,0,8,51,0,59,0,16,65,0,81,110,0,110,191
12/28/2019,LMT,OR,ANM,WE,Federal Contract Tower,0,8,1,6,15,0,0,25,0,25,0,8,26,6,40,10,0,10,50
12/29/2019,LMT,OR,ANM,WE,Federal Contract Tower,0,1,3,0,4,0,0,7,0,7,0,1,10,0,11,32,0,32,43
12/30/2019,LMT,OR,ANM,WE,Federal Contract Tower,0,10,6,10,26,0,2,26,10,38,0,12,32,20,64,124,20,144,208
12/31/2019,LMT,OR,ANM,WE,Federal Contract Tower,0,11,7,10,28,0,1,23,11,35,0,12,30,21,63,52,12,64,127
01/01/2020,LMT,OR,ANM,WE,Federal Contract Tower,0,1,6,0,7,0,1,15,0,16,0,2,21,0,23,78,0,78,101
01/02/2020,LMT,OR,ANM,WE,Federal Contract Tower,0,9,9,20,38,0,0,21,18,39,0,9,30,38,77,40,52,92,169
01/03/2020,LMT,OR,ANM,WE,Federal Contract Tower,0,7,2,39,48,0,1,29,7,37,0,8,31,46,85,48,36,84,169
01/04/2020,LMT,OR,ANM,WE,Federal Contract Tower,0,7,4,0,11,0,1,13,0,14,0,8,17,0,25,42,0,42,67
01/05/2020,LMT,OR,ANM,WE,Federal Contract Tower,0,2,1,0,3,0,0,5,0,5,0,2,6,0,8,86,0,86,94
01/06/2020,LMT,OR,ANM,WE,Federal Contract Tower,0,5,1,39,45,0,3,14,17,34,0,8,15,56,79,44,90,134,213
01/07/2020,LMT,OR,ANM,WE,Federal Contract Tower,0,10,7,20,37,0,13,19,45,77,0,23,26,65,114,32,38,70,184
01/08/2020,LMT,OR,ANM,WE,Federal Contract Tower,0,6,3,33,42,0,6,4,46,56,0,12,7,79,98,0,12,12,110
01/09/2020,LMT,OR,ANM,WE,Federal Contract Tower,0,6,6,15,27,0,2,8,11,21,0,8,14,26,48,30,18,48,96
01/10/2020,LMT,OR,ANM,WE,Federal Contract Tower,0,8,3,20,31,0,0,4,6,10,0,8,7,26,41,8,20,28,69
01/11/2020,LMT,OR,ANM,WE,Federal Contract Tower,0,6,2,13,21,0,0,1,9,10,0,6,3,22,31,19,8,27,58
01/12/2020,LMT,OR,ANM,WE,Federal Contract Tower,0,1,3,15,19,0,0,0,0,0,0,1,3,15,19,0,2,2,21
01/13/2020,LMT,OR,ANM,WE,Federal Contract Tower,0,8,2,0,10,0,8,2,0,10,0,16,4,0,20,0,0,0,20
01/14/2020,LMT,OR,ANM,WE,Federal Contract Tower,0,4,0,0,4,0,4,0,0,4,0,8,0,0,8,0,0,0,8
01/15/2020,LMT,OR,ANM,WE,Federal Contract Tower,0,6,1,2,9,0,1,1,0,2,0,7,2,2,11,0,0,0,11
01/16/2020,LMT,OR,ANM,WE,Federal Contract Tower,0,0,0,0,0,0,0,0,0,0,0,0,0,0,0,0,0,0,0
01/17/2020,LMT,OR,ANM,WE,Federal Contract Tower,0,6,0,10,16,0,2,2,7,11,0,8,2,17,27,14,26,40,67
01/18/2020,LMT,OR,ANM,WE,Federal Contract Tower,0,12,1,3,16,0,0,2,0,2,0,12,3,3,18,0,4,4,22
01/19/2020,LMT,OR,ANM,WE,Federal Contract Tower,0,2,6,0,8,0,3,15,0,18,0,5,21,0,26,16,0,16,42
01/20/2020,LMT,OR,ANM,WE,Federal Contract Tower,0,6,4,0,10,0,6,6,0,12,0,12,10,0,22,0,0,0,22
01/21/2020,LMT,OR,ANM,WE,Federal Contract Tower,0,10,8,16,34,0,0,0,0,0,0,10,8,16,34,0,0,0,34
01/22/2020,LMT,OR,ANM,WE,Federal Contract Tower,0,13,9,18,40,0,0,2,2,4,0,13,11,20,44,42,0,42,86
01/23/2020,LMT,OR,ANM,WE,Federal Contract Tower,0,11,4,14,29,0,5,3,16,24,0,16,7,30,53,64,26,90,143
01/24/2020,LMT,OR,ANM,WE,Federal Contract Tower,0,9,6,15,30,0,3,10,15,28,0,12,16,30,58,28,6,34,92
01/25/2020,LMT,OR,ANM,WE,Federal Contract Tower,0,5,4,2,11,0,5,6,2,13,0,10,10,4,24,0,0,0,24
01/26/2020,LMT,OR,ANM,WE,Federal Contract Tower,0,2,3,0,5,0,2,11,0,13,0,4,14,0,18,10,0,10,28
01/27/2020,LMT,OR,ANM,WE,Federal Contract Tower,0,9,7,38,54,0,0,4,4,8,0,9,11,42,62,18,44,62,124
01/28/2020,LMT,OR,ANM,WE,Federal Contract Tower,0,7,3,30,40,0,1,4,10,15,0,8,7,40,55,0,34,34,89
01/29/2020,LMT,OR,ANM,WE,Federal Contract Tower,0,7,6,38,51,0,1,15,21,37,0,8,21,59,88,23,54,77,165
01/30/2020,LMT,OR,ANM,WE,Federal Contract Tower,0,8,9,23,40,0,2,15,0,17,0,10,24,23,57,40,8,48,105
01/31/2020,LMT,OR,ANM,WE,Federal Contract Tower,0,3,7,0,10,0,3,26,0,29,0,6,33,0,39,44,0,44,83
02/01/2020,LMT,OR,ANM,WE,Federal Contract Tower,0,14,31,1,46,0,2,26,0,28,0,16,57,1,74,52,0,52,126
02/02/2020,LMT,OR,ANM,WE,Federal Contract Tower,0,3,5,0,8,0,0,3,1,4,0,3,8,1,12,0,0,0,12
02/03/2020,LMT,OR,ANM,WE,Federal Contract Tower,0,4,0,22,26,0,1,17,23,41,0,5,17,45,67,8,54,62,129
02/04/2020,LMT,OR,ANM,WE,Federal Contract Tower,0,6,5,33,44,0,1,14,18,33,0,7,19,51,77,30,80,110,187
02/05/2020,LMT,OR,ANM,WE,Federal Contract Tower,0,8,6,27,41,0,0,11,17,28,0,8,17,44,69,64,88,152,221
02/06/2020,LMT,OR,ANM,WE,Federal Contract Tower,0,8,10,23,41,0,11,41,21,73,0,19,51,44,114,114,68,182,296
02/07/2020,LMT,OR,ANM,WE,Federal Contract Tower,0,8,11,20,39,0,12,53,36,101,0,20,64,56,140,144,66,210,350
02/08/2020,LMT,OR,ANM,WE,Federal Contract Tower,0,6,3,36,45,0,1,2,15,18,0,7,5,51,63,38,50,88,151
02/09/2020,LMT,OR,ANM,WE,Federal Contract Tower,0,1,8,12,21,0,4,19,8,31,0,5,27,20,52,75,30,105,157
02/10/2020,LMT,OR,ANM,WE,Federal Contract Tower,0,10,6,20,36,0,0,20,0,20,0,10,26,20,56,52,4,56,112
02/11/2020,LMT,OR,ANM,WE,Federal Contract Tower,0,8,3,50,61,0,1,22,5,28,0,9,25,55,89,31,47,78,167
02/12/2020,LMT,OR,ANM,WE,Federal Contract Tower,0,9,4,29,42,0,10,36,51,97,0,19,40,80,139,52,68,120,259
02/13/2020,LMT,OR,ANM,WE,Federal Contract Tower,0,7,8,19,34,0,9,21,37,67,0,16,29,56,101,20,48,68,169
02/14/2020,LMT,OR,ANM,WE,Federal Contract Tower,0,7,4,13,24,0,1,17,8,26,0,8,21,21,50,20,8,28,78
02/15/2020,LMT,OR,ANM,WE,Federal Contract Tower,0,8,8,0,16,0,0,5,0,5,0,8,13,0,21,0,0,0,21
02/16/2020,LMT,OR,ANM,WE,Federal Contract Tower,0,1,2,0,3,0,0,4,0,4,0,1,6,0,7,0,0,0,7
02/17/2020,LMT,OR,ANM,WE,Federal Contract Tower,0,5,7,7,19,0,4,29,0,33,0,9,36,7,52,46,9,55,107
02/18/2020,LMT,OR,ANM,WE,Federal Contract Tower,0,4,3,22,29,0,7,36,36,79,0,11,39,58,108,20,34,54,162
02/19/2020,LMT,OR,ANM,WE,Federal Contract Tower,0,8,3,24,35,0,15,41,44,100,0,23,44,68,135,76,71,147,282
02/20/2020,LMT,OR,ANM,WE,Federal Contract Tower,0,4,5,21,30,0,6,28,13,47,0,10,33,34,77,18,54,72,149
02/21/2020,LMT,OR,ANM,WE,Federal Contract Tower,0,5,6,10,21,0,12,54,10,76,0,17,60,20,97,6,20,26,123
02/22/2020,LMT,OR,ANM,WE,Federal Contract Tower,0,4,11,0,15,0,0,66,0,66,0,4,77,0,81,80,0,80,161
02/23/2020,LMT,OR,ANM,WE,Federal Contract Tower,0,2,7,0,9,0,0,2,0,2,0,2,9,0,11,30,0,30,41
02/24/2020,LMT,OR,ANM,WE,Federal Contract Tower,0,2,6,26,34,0,9,27,51,87,0,11,33,77,121,34,42,76,197
02/25/2020,LMT,OR,ANM,WE,Federal Contract Tower,4,7,3,21,35,0,11,30,47,88,4,18,33,68,123,32,24,56,179
02/26/2020,LMT,OR,ANM,WE,Federal Contract Tower,0,7,1,14,22,0,8,16,21,45,0,15,17,35,67,26,44,70,137
02/27/2020,LMT,OR,ANM,WE,Federal Contract Tower,0,6,14,20,40,0,12,25,20,57,0,18,39,40,97,24,16,40,137
02/28/2020,LMT,OR,ANM,WE,Federal Contract Tower,0,4,2,2,8,0,4,27,0,31,0,8,29,2,39,62,0,62,101
02/29/2020,LMT,OR,ANM,WE,Federal Contract Tower,0,4,5,0,9,0,3,22,0,25,0,7,27,0,34,84,0,84,118
03/01/2020,LMT,OR,ANM,WE,Federal Contract Tower,0,1,7,0,8,0,1,31,0,32,0,2,38,0,40,50,0,50,90
03/02/2020,LMT,OR,ANM,WE,Federal Contract Tower,0,4,4,23,31,0,8,30,38,76,0,12,34,61,107,26,56,82,189
03/03/2020,LMT,OR,ANM,WE,Federal Contract Tower,0,6,9,21,36,0,2,17,13,32,0,8,26,34,68,69,45,114,182
03/04/2020,LMT,OR,ANM,WE,Federal Contract Tower,0,8,8,22,38,0,5,21,20,46,0,13,29,42,84,50,22,72,156
03/05/2020,LMT,OR,ANM,WE,Federal Contract Tower,0,9,4,22,35,0,4,25,12,41,0,13,29,34,76,64,34,98,174
03/06/2020,LMT,OR,ANM,WE,Federal Contract Tower,0,6,13,38,57,0,0,0,0,0,0,6,13,38,57,32,72,104,161
03/07/2020,LMT,OR,ANM,WE,Federal Contract Tower,0,4,3,28,35,0,4,3,28,35,0,8,6,56,70,0,10,10,80
03/08/2020,LMT,OR,ANM,WE,Federal Contract Tower,0,0,2,20,22,0,0,3,20,23,0,0,5,40,45,0,24,24,69
03/09/2020,LMT,OR,ANM,WE,Federal Contract Tower,0,9,3,14,26,0,2,21,0,23,0,11,24,14,49,32,0,32,81
03/10/2020,LMT,OR,ANM,WE,Federal Contract Tower,0,8,4,22,34,0,4,35,10,49,0,12,39,32,83,30,54,84,167
03/11/2020,LMT,OR,ANM,WE,Federal Contract Tower,0,7,9,25,41,0,2,50,18,70,0,9,59,43,111,70,64,134,245
03/12/2020,LMT,OR,ANM,WE,Federal Contract Tower,0,4,8,26,38,0,8,49,10,67,0,12,57,36,105,52,46,98,203
03/13/2020,LMT,OR,ANM,WE,Federal Contract Tower,0,5,1,14,20,0,7,29,18,54,0,12,30,32,74,162,24,186,260
03/14/2020,LMT,OR,ANM,WE,Federal Contract Tower,0,4,4,0,8,0,4,6,0,10,0,8,10,0,18,0,0,0,18
03/15/2020,LMT,OR,ANM,WE,Federal Contract Tower,0,1,2,0,3,0,0,0,0,0,0,1,2,0,3,0,0,0,3
03/16/2020,LMT,OR,ANM,WE,Federal Contract Tower,0,5,2,48,55,0,1,2,0,3,0,6,4,48,58,0,14,14,72
03/17/2020,LMT,OR,ANM,WE,Federal Contract Tower,0,8,2,19,29,0,5,10,2,17,0,13,12,21,46,22,22,44,90
03/18/2020,LMT,OR,ANM,WE,Federal Contract Tower,0,9,33,53,95,0,0,0,0,0,0,9,33,53,95,42,36,78,173
03/19/2020,LMT,OR,ANM,WE,Federal Contract Tower,0,6,4,19,29,0,8,37,37,82,0,14,41,56,111,70,0,70,181
03/20/2020,LMT,OR,ANM,WE,Federal Contract Tower,0,9,6,14,29,0,10,38,22,70,0,19,44,36,99,126,42,168,267
03/21/2020,LMT,OR,ANM,WE,Federal Contract Tower,0,6,6,0,12,0,0,20,0,20,0,6,26,0,32,74,0,74,106
03/22/2020,LMT,OR,ANM,WE,Federal Contract Tower,0,2,7,0,9,0,1,47,2,50,0,3,54,2,59,96,0,96,155
03/23/2020,LMT,OR,ANM,WE,Federal Contract Tower,0,5,2,0,7,0,2,14,0,16,0,7,16,0,23,36,0,36,59
03/24/2020,LMT,OR,ANM,WE,Federal Contract Tower,0,8,2,23,33,0,0,0,2,2,0,8,2,25,35,0,0,0,35
03/25/2020,LMT,OR,ANM,WE,Federal Contract Tower,0,7,6,10,23,0,0,0,8,8,0,7,6,18,31,0,4,4,35
03/26/2020,LMT,OR,ANM,WE,Federal Contract Tower,0,1,1,19,21,0,4,14,12,30,0,5,15,31,51,20,20,40,91
03/27/2020,LMT,OR,ANM,WE,Federal Contract Tower,0,8,4,6,18,0,0,7,2,9,0,8,11,8,27,6,14,20,47
03/28/2020,LMT,OR,ANM,WE,Federal Contract Tower,0,4,1,0,5,0,0,5,0,5,0,4,6,0,10,8,0,8,18
03/29/2020,LMT,OR,ANM,WE,Federal Contract Tower,0,0,1,0,1,0,0,2,0,2,0,0,3,0,3,0,0,0,3
03/30/2020,LMT,OR,ANM,WE,Federal Contract Tower,0,3,2,13,18,0,0,1,2,3,0,3,3,15,21,0,8,8,29
03/31/2020,LMT,OR,ANM,WE,Federal Contract Tower,0,6,0,13,19,0,0,0,1,1,0,6,0,14,20,0,0,0,20
04/01/2020,LMT,OR,ANM,WE,Federal Contract Tower,0,6,3,10,19,0,3,1,6,10,0,9,4,16,29,0,26,26,55
04/02/2020,LMT,OR,ANM,WE,Federal Contract Tower,0,5,3,0,8,0,1,22,0,23,0,6,25,0,31,2,0,2,33
04/03/2020,LMT,OR,ANM,WE,Federal Contract Tower,0,8,0,0,8,0,0,27,0,27,0,8,27,0,35,12,0,12,47
04/04/2020,LMT,OR,ANM,WE,Federal Contract Tower,0,8,0,0,8,0,0,0,0,0,0,8,0,0,8,0,0,0,8
04/05/2020,LMT,OR,ANM,WE,Federal Contract Tower,0,0,3,0,3,0,0,1,0,1,0,0,4,0,4,0,0,0,4
04/06/2020,LMT,OR,ANM,WE,Federal Contract Tower,0,8,2,0,10,0,0,6,0,6,0,8,8,0,16,24,0,24,40
04/07/2020,LMT,OR,ANM,WE,Federal Contract Tower,0,4,4,0,8,0,7,17,2,26,0,11,21,2,34,12,8,20,54
04/08/2020,LMT,OR,ANM,WE,Federal Contract Tower,0,3,4,17,24,0,4,23,11,38,0,7,27,28,62,16,22,38,100
04/09/2020,LMT,OR,ANM,WE,Federal Contract Tower,0,6,3,21,30,0,2,11,7,20,0,8,14,28,50,20,40,60,110
04/10/2020,LMT,OR,ANM,WE,Federal Contract Tower,0,4,1,13,18,0,1,36,3,40,0,5,37,16,58,8,14,22,80
04/11/2020,LMT,OR,ANM,WE,Federal Contract Tower,0,4,2,0,6,0,1,12,0,13,0,5,14,0,19,0,0,0,19
04/12/2020,LMT,OR,ANM,WE,Federal Contract Tower,0,0,3,0,3,0,0,14,0,14,0,0,17,0,17,10,0,10,27
04/13/2020,LMT,OR,ANM,WE,Federal Contract Tower,0,4,1,10,15,0,5,16,18,39,0,9,17,28,54,22,16,38,92
04/14/2020,LMT,OR,ANM,WE,Federal Contract Tower,0,6,2,18,26,0,8,23,26,57,0,14,25,44,83,14,42,56,139
04/15/2020,LMT,OR,ANM,WE,Federal Contract Tower,0,6,1,22,29,0,7,16,23,46,0,13,17,45,75,12,54,66,141
04/16/2020,LMT,OR,ANM,WE,Federal Contract Tower,0,5,2,9,16,0,9,12,18,39,0,14,14,27,55,0,4,4,59
04/17/2020,LMT,OR,ANM,WE,Federal Contract Tower,0,8,4,5,17,0,5,27,5,37,0,13,31,10,54,8,2,10,64
04/18/2020,LMT,OR,ANM,WE,Federal Contract Tower,0,4,2,0,6,0,0,13,0,13,0,4,15,0,19,6,0,6,25
04/19/2020,LMT,OR,ANM,WE,Federal Contract Tower,0,0,1,2,3,0,5,9,0,14,0,5,10,2,17,48,0,48,65
04/20/2020,LMT,OR,ANM,WE,Federal Contract Tower,0,3,2,14,19,0,3,12,6,21,0,6,14,20,40,2,32,34,74
04/21/2020,LMT,OR,ANM,WE,Federal Contract Tower,0,4,11,13,28,0,0,6,9,15,0,4,17,22,43,0,30,30,73
04/22/2020,LMT,OR,ANM,WE,Federal Contract Tower,0,6,8,13,27,0,0,1,5,6,0,6,9,18,33,12,0,12,45
04/23/2020,LMT,OR,ANM,WE,Federal Contract Tower,0,7,1,12,20,0,1,20,12,33,0,8,21,24,53,30,24,54,107
04/24/2020,LMT,OR,ANM,WE,Federal Contract Tower,0,10,4,6,20,0,0,23,6,29,0,10,27,12,49,8,6,14,63
04/25/2020,LMT,OR,ANM,WE,Federal Contract Tower,0,5,14,0,19,0,2,23,0,25,0,7,37,0,44,12,0,12,56
04/26/2020,LMT,OR,ANM,WE,Federal Contract Tower,0,1,5,0,6,0,0,28,0,28,0,1,33,0,34,28,0,28,62
04/27/2020,LMT,OR,ANM,WE,Federal Contract Tower,0,6,5,8,19,0,1,8,8,17,0,7,13,16,36,0,10,10,46
04/28/2020,LMT,OR,ANM,WE,Federal Contract Tower,0,6,2,11,19,0,2,22,9,33,0,8,24,20,52,34,10,44,96
04/29/2020,LMT,OR,ANM,WE,Federal Contract Tower,0,4,2,8,14,0,0,16,9,25,0,4,18,17,39,20,18,38,77
05/01/2020,LMT,OR,ANM,WE,Federal Contract Tower,0,5,15,6,26,0,4,31,6,41,0,9,46,12,67,36,10,46,113
05/02/2020,LMT,OR,ANM,WE,Federal Contract Tower,0,5,6,0,11,0,0,5,0,5,0,5,11,0,16,0,0,0,16
05/03/2020,LMT,OR,ANM,WE,Federal Contract Tower,0,3,7,0,10,0,1,13,0,14,0,4,20,0,24,14,0,14,38
05/04/2020,LMT,OR,ANM,WE,Federal Contract Tower,0,3,3,12,18,0,1,15,11,27,0,4,18,23,45,0,14,14,59
05/05/2020,LMT,OR,ANM,WE,Federal Contract Tower,0,10,10,19,39,0,0,19,0,19,0,10,29,19,58,18,30,48,106
05/06/2020,LMT,OR,ANM,WE,Federal Contract Tower,0,18,4,20,42,0,2,22,6,30,0,20,26,26,72,26,30,56,128
05/07/2020,LMT,OR,ANM,WE,Federal Contract Tower,0,7,9,25,41,0,7,29,35,71,0,14,38,60,112,66,38,104,216
05/08/2020,LMT,OR,ANM,WE,Federal Contract Tower,0,8,7,8,23,0,4,15,12,31,0,12,22,20,54,14,24,38,92
05/09/2020,LMT,OR,ANM,WE,Federal Contract Tower,0,5,7,0,12,0,2,39,0,41,0,7,46,0,53,30,0,30,83
05/10/2020,LMT,OR,ANM,WE,Federal Contract Tower,0,0,2,0,2,0,1,16,0,17,0,1,18,0,19,0,0,0,19
05/11/2020,LMT,OR,ANM,WE,Federal Contract Tower,0,2,3,6,11,0,5,15,12,32,0,7,18,18,43,2,8,10,53
05/12/2020,LMT,OR,ANM,WE,Federal Contract Tower,0,6,6,14,26,0,7,6,14,27,0,13,12,28,53,0,2,2,55
05/13/2020,LMT,OR,ANM,WE,Federal Contract Tower,0,9,3,22,34,0,0,5,0,5,0,9,8,22,39,2,8,10,49
05/14/2020,LMT,OR,ANM,WE,Federal Contract Tower,0,9,1,16,26,0,0,2,4,6,0,9,3,20,32,0,4,4,36
05/15/2020,LMT,OR,ANM,WE,Federal Contract Tower,0,2,7,7,16,0,4,37,8,49,0,6,44,15,65,98,10,108,173
05/16/2020,LMT,OR,ANM,WE,Federal Contract Tower,0,8,1,0,9,0,2,9,0,11,0,10,10,0,20,12,0,12,32
05/17/2020,LMT,OR,ANM,WE,Federal Contract Tower,0,0,2,0,2,0,0,2,0,2,0,0,4,0,4,0,0,0,4
05/18/2020,LMT,OR,ANM,WE,Federal Contract Tower,0,4,3,14,21,0,0,3,0,3,0,4,6,14,24,0,0,0,24
05/19/2020,LMT,OR,ANM,WE,Federal Contract Tower,0,6,11,18,35,0,1,18,6,25,0,7,29,24,60,4,22,26,86
05/20/2020,LMT,OR,ANM,WE,Federal Contract Tower,0,4,6,38,48,0,2,5,7,14,0,6,11,45,62,0,84,84,146
05/21/2020,LMT,OR,ANM,WE,Federal Contract Tower,0,5,6,13,24,0,6,32,9,47,0,11,38,22,71,14,12,26,97
05/22/2020,LMT,OR,ANM,WE,Federal Contract Tower,0,5,7,13,25,0,0,16,2,18,0,5,23,15,43,26,10,36,79
05/23/2020,LMT,OR,ANM,WE,Federal Contract Tower,0,5,3,6,14,0,1,38,0,39,0,6,41,6,53,36,26,62,115
05/24/2020,LMT,OR,ANM,WE,Federal Contract Tower,0,1,7,0,8,0,0,33,0,33,0,1,40,0,41,0,0,0,41
05/25/2020,LMT,OR,ANM,WE,Federal Contract Tower,0,1,6,0,7,0,0,51,12,63,0,1,57,12,70,16,16,32,102
05/26/2020,LMT,OR,ANM,WE,Federal Contract Tower,0,4,3,26,33,0,8,34,18,60,0,12,37,44,93,6,30,36,129
05/27/2020,LMT,OR,ANM,WE,Federal Contract Tower,0,4,5,24,33,0,7,15,14,36,0,11,20,38,69,6,32,38,107
05/28/2020,LMT,OR,ANM,WE,Federal Contract Tower,0,9,7,22,38,0,15,22,18,55,0,24,29,40,93,8,10,18,111
05/29/2020,LMT,OR,ANM,WE,Federal Contract Tower,0,5,1,6,12,0,1,39,2,42,0,6,40,8,54,2,0,2,56
05/30/2020,LMT,OR,ANM,WE,Federal Contract Tower,0,5,0,0,5,0,0,4,0,4,0,5,4,0,9,0,0,0,9
05/31/2020,LMT,OR,ANM,WE,Federal Contract Tower,0,4,6,0,10,0,0,17,0,17,0,4,23,0,27,63,0,63,90
06/01/2020,LMT,OR,ANM,WE,Federal Contract Tower,0,5,2,0,7,0,9,9,0,18,0,14,11,0,25,0,0,0,25
06/02/2020,LMT,OR,ANM,WE,Federal Contract Tower,0,3,2,29,34,0,25,31,17,73,0,28,33,46,107,32,38,70,177
06/03/2020,LMT,OR,ANM,WE,Federal Contract Tower,0,5,6,26,37,0,3,24,12,39,0,8,30,38,76,0,44,44,120
06/04/2020,LMT,OR,ANM,WE,Federal Contract Tower,0,5,3,22,30,0,15,44,20,79,0,20,47,42,109,2,24,26,135
06/05/2020,LMT,OR,ANM,WE,Federal Contract Tower,0,7,1,23,31,0,23,27,14,64,0,30,28,37,95,15,38,53,148
06/06/2020,LMT,OR,ANM,WE,Federal Contract Tower,0,4,4,21,29,0,1,7,18,26,0,5,11,39,55,0,16,16,71
06/07/2020,LMT,OR,ANM,WE,Federal Contract Tower,0,3,10,20,33,0,0,0,0,0,0,3,10,20,33,0,0,0,33
06/08/2020,LMT,OR,ANM,WE,Federal Contract Tower,0,7,7,0,14,0,4,24,0,28,0,11,31,0,42,54,0,54,96
06/09/2020,LMT,OR,ANM,WE,Federal Contract Tower,0,4,0,23,27,0,3,24,25,52,0,7,24,48,79,20,54,74,153
06/10/2020,LMT,OR,ANM,WE,Federal Contract Tower,0,6,5,28,39,0,2,52,16,70,0,8,57,44,109,54,40,94,203
06/11/2020,LMT,OR,ANM,WE,Federal Contract Tower,0,7,6,18,31,0,17,35,39,91,0,24,41,57,122,26,12,38,160
06/12/2020,LMT,OR,ANM,WE,Federal Contract Tower,0,20,5,10,35,0,14,31,10,55,0,34,36,20,90,24,8,32,122
06/13/2020,LMT,OR,ANM,WE,Federal Contract Tower,0,6,3,0,9,0,4,11,0,15,0,10,14,0,24,10,0,10,34
06/14/2020,LMT,OR,ANM,WE,Federal Contract Tower,0,0,1,4,5,0,1,29,6,36,0,1,30,10,41,110,0,110,151
06/16/2020,LMT,OR,ANM,WE,Federal Contract Tower,0,6,19,54,79,0,0,13,14,27,0,6,32,68,106,24,36,60,166
06/17/2020,LMT,OR,ANM,WE,Federal Contract Tower,0,7,13,33,53,0,1,58,15,74,0,8,71,48,127,64,60,124,251
06/18/2020,LMT,OR,ANM,WE,Federal Contract Tower,0,7,6,38,51,0,2,19,18,39,0,9,25,56,90,38,78,116,206
06/19/2020,LMT,OR,ANM,WE,Federal Contract Tower,0,8,3,20,31,0,14,19,10,43,0,22,22,30,74,12,36,48,122
06/20/2020,LMT,OR,ANM,WE,Federal Contract Tower,0,5,4,0,9,0,0,48,0,48,0,5,52,0,57,42,0,42,99
06/21/2020,LMT,OR,ANM,WE,Federal Contract Tower,0,0,5,0,5,0,0,26,0,26,0,0,31,0,31,37,0,37,68
06/22/2020,LMT,OR,ANM,WE,Federal Contract Tower,0,3,2,17,22,0,3,38,17,58,0,6,40,34,80,14,14,28,108
06/23/2020,LMT,OR,ANM,WE,Federal Contract Tower,0,5,6,17,28,0,15,29,16,60,0,20,35,33,88,48,14,62,150
06/24/2020,LMT,OR,ANM,WE,Federal Contract Tower,0,4,2,26,32,0,2,9,18,29,0,6,11,44,61,2,34,36,97
06/25/2020,LMT,OR,ANM,WE,Federal Contract Tower,0,4,5,26,35,0,2,17,19,38,0,6,22,45,73,52,52,104,177
06/26/2020,LMT,OR,ANM,WE,Federal Contract Tower,0,3,3,12,18,0,3,24,8,35,0,6,27,20,53,6,8,14,67
06/27/2020,LMT,OR,ANM,WE,Federal Contract Tower,0,5,2,0,7,0,6,39,0,45,0,11,41,0,52,90,0,90,142
06/28/2020,LMT,OR,ANM,WE,Federal Contract Tower,0,0,3,0,3,0,0,4,0,4,0,0,7,0,7,14,0,14,21
06/29/2020,LMT,OR,ANM,WE,Federal Contract Tower,0,2,1,12,15,0,2,15,3,20,0,4,16,15,35,12,38,50,85
06/30/2020,LMT,OR,ANM,WE,Federal Contract Tower,0,4,8,42,54,0,19,12,16,47,0,23,20,58,101,4,34,38,139
07/01/2020,LMT,OR,ANM,WE,Federal Contract Tower,0,6,3,19,28,0,2,15,25,42,0,8,18,44,70,18,16,34,104
07/02/2020,LMT,OR,ANM,WE,Federal Contract Tower,0,3,13,10,26,0,4,31,10,45,0,7,44,20,71,58,14,72,143
07/03/2020,LMT,OR,ANM,WE,Federal Contract Tower,0,7,9,0,16,0,0,29,0,29,0,7,38,0,45,48,0,48,93
07/04/2020,LMT,OR,ANM,WE,Federal Contract Tower,0,0,25,5,30,0,0,1,5,6,0,0,26,10,36,24,2,26,62
07/05/2020,LMT,OR,ANM,WE,Federal Contract Tower,0,3,2,0,5,0,3,32,0,35,0,6,34,0,40,4,0,4,44
07/06/2020,LMT,OR,ANM,WE,Federal Contract Tower,0,4,2,4,10,0,3,21,2,26,0,7,23,6,36,24,30,54,90
07/07/2020,LMT,OR,ANM,WE,Federal Contract Tower,0,6,4,24,34,0,3,22,18,43,0,9,26,42,77,22,62,84,161
07/08/2020,LMT,OR,ANM,WE,Federal Contract Tower,0,6,4,22,32,0,3,23,18,44,0,9,27,40,76,38,16,54,130
07/09/2020,LMT,OR,ANM,WE,Federal Contract Tower,0,6,20,56,82,0,0,21,0,21,0,6,41,56,103,50,22,72,175
07/10/2020,LMT,OR,ANM,WE,Federal Contract Tower,0,5,1,12,18,0,0,50,16,66,0,5,51,28,84,26,46,72,156
07/11/2020,LMT,OR,ANM,WE,Federal Contract Tower,0,3,9,0,12,0,1,50,0,51,0,4,59,0,63,36,0,36,99
07/12/2020,LMT,OR,ANM,WE,Federal Contract Tower,0,2,9,0,11,0,3,36,0,39,0,5,45,0,50,36,0,36,86
07/13/2020,LMT,OR,ANM,WE,Federal Contract Tower,0,5,3,53,61,0,6,31,68,105,0,11,34,121,166,20,54,74,240
07/14/2020,LMT,OR,ANM,WE,Federal Contract Tower,0,7,0,25,32,0,11,25,7,43,0,18,25,32,75,74,26,100,175
07/15/2020,LMT,OR,ANM,WE,Federal Contract Tower,0,6,4,18,28,0,15,33,36,84,0,21,37,54,112,54,26,80,192
07/16/2020,LMT,OR,ANM,WE,Federal Contract Tower,0,3,4,34,41,0,11,44,10,65,0,14,48,44,106,36,16,52,158
07/17/2020,LMT,OR,ANM,WE,Federal Contract Tower,0,4,6,22,32,0,7,41,4,52,0,11,47,26,84,55,15,70,154
07/18/2020,LMT,OR,ANM,WE,Federal Contract Tower,0,2,0,21,23,0,10,32,11,53,0,12,32,32,76,16,58,74,150
07/19/2020,LMT,OR,ANM,WE,Federal Contract Tower,0,2,0,12,14,0,2,44,8,54,0,4,44,20,68,24,29,53,121
07/20/2020,LMT,OR,ANM,WE,Federal Contract Tower,0,5,5,13,23,0,5,17,1,23,0,10,22,14,46,4,13,17,63
07/21/2020,LMT,OR,ANM,WE,Federal Contract Tower,0,4,8,45,57,0,64,18,17,99,0,68,26,62,156,4,34,38,194
07/22/2020,LMT,OR,ANM,WE,Federal Contract Tower,0,4,8,18,30,0,51,39,38,128,0,55,47,56,158,88,28,116,274
07/23/2020,LMT,OR,ANM,WE,Federal Contract Tower,0,4,9,49,62,0,64,80,56,200,0,68,89,105,262,44,60,104,366
07/24/2020,LMT,OR,ANM,WE,Federal Contract Tower,0,7,9,12,28,0,13,44,12,69,0,20,53,24,97,26,8,34,131
07/25/2020,LMT,OR,ANM,WE,Federal Contract Tower,0,7,2,0,9,0,36,35,0,71,0,43,37,0,80,24,0,24,104
07/26/2020,LMT,OR,ANM,WE,Federal Contract Tower,0,0,1,0,1,0,37,27,0,64,0,37,28,0,65,10,0,10,75
07/27/2020,LMT,OR,ANM,WE,Federal Contract Tower,0,5,3,26,34,0,44,8,6,58,0,49,11,32,92,26,36,62,154
07/28/2020,LMT,OR,ANM,WE,Federal Contract Tower,0,2,6,39,47,0,28,9,14,51,0,30,15,53,98,0,14,14,112
07/29/2020,LMT,OR,ANM,WE,Federal Contract Tower,0,3,2,25,30,0,35,46,19,100,0,38,48,44,130,42,38,80,210
07/30/2020,LMT,OR,ANM,WE,Federal Contract Tower,0,3,2,33,38,0,13,31,48,92,0,16,33,81,130,64,49,113,243
07/31/2020,LMT,OR,ANM,WE,Federal Contract Tower,0,9,2,13,24,0,23,56,17,96,0,32,58,30,120,52,16,68,188
08/01/2020,LMT,OR,ANM,WE,Federal Contract Tower,0,2,1,0,3,0,14,36,0,50,0,16,37,0,53,40,0,40,93
08/02/2020,LMT,OR,ANM,WE,Federal Contract Tower,0,2,2,0,4,0,5,17,0,22,0,7,19,0,26,8,0,8,34
08/03/2020,LMT,OR,ANM,WE,Federal Contract Tower,0,6,3,4,13,0,7,19,0,26,0,13,22,4,39,0,0,0,39
08/04/2020,LMT,OR,ANM,WE,Federal Contract Tower,0,6,2,25,33,0,4,37,14,55,0,10,39,39,88,37,31,68,156
08/05/2020,LMT,OR,ANM,WE,Federal Contract Tower,0,4,4,19,27,0,3,12,26,41,0,7,16,45,68,61,28,89,157
08/06/2020,LMT,OR,ANM,WE,Federal Contract Tower,0,5,2,24,31,0,41,43,10,94,0,46,45,34,125,112,32,144,269
08/07/2020,LMT,OR,ANM,WE,Federal Contract Tower,0,6,6,16,28,0,4,19,5,28,0,10,25,21,56,3,18,21,77
08/08/2020,LMT,OR,ANM,WE,Federal Contract Tower,0,2,4,1,7,0,11,47,0,58,0,13,51,1,65,30,0,30,95
08/09/2020,LMT,OR,ANM,WE,Federal Contract Tower,0,0,5,2,7,0,2,46,0,48,0,2,51,2,55,22,0,22,77
08/10/2020,LMT,OR,ANM,WE,Federal Contract Tower,0,3,5,29,37,0,4,46,9,59,0,7,51,38,96,10,20,30,126
08/11/2020,LMT,OR,ANM,WE,Federal Contract Tower,0,11,9,39,59,0,13,33,14,60,0,24,42,53,119,28,47,75,194
08/12/2020,LMT,OR,ANM,WE,Federal Contract Tower,0,7,5,49,61,0,2,44,8,54,0,9,49,57,115,60,51,111,226
08/13/2020,LMT,OR,ANM,WE,Federal Contract Tower,0,8,5,31,44,0,13,48,6,67,0,21,53,37,111,20,19,39,150
08/14/2020,LMT,OR,ANM,WE,Federal Contract Tower,0,10,7,22,39,0,0,40,1,41,0,10,47,23,80,26,28,54,134
08/15/2020,LMT,OR,ANM,WE,Federal Contract Tower,0,3,3,0,6,0,8,28,4,40,0,11,31,4,46,68,2,70,116
08/16/2020,LMT,OR,ANM,WE,Federal Contract Tower,0,2,6,4,12,0,15,37,0,52,0,17,43,4,64,15,0,15,79
08/17/2020,LMT,OR,ANM,WE,Federal Contract Tower,0,5,5,17,27,0,8,13,19,40,0,13,18,36,67,10,24,34,101
08/19/2020,LMT,OR,ANM,WE,Federal Contract Tower,0,4,3,18,25,0,5,27,18,50,0,9,30,36,75,70,2,72,147
08/20/2020,LMT,OR,ANM,WE,Federal Contract Tower,0,5,8,19,32,0,23,61,18,102,0,28,69,37,134,10,8,18,152
08/21/2020,LMT,OR,ANM,WE,Federal Contract Tower,0,6,4,10,20,0,11,18,10,39,0,17,22,20,59,32,4,36,95
08/22/2020,LMT,OR,ANM,WE,Federal Contract Tower,0,4,8,0,12,0,25,27,0,52,0,29,35,0,64,0,0,0,64
08/23/2020,LMT,OR,ANM,WE,Federal Contract Tower,0,0,7,0,7,0,3,11,0,14,0,3,18,0,21,4,0,4,25
08/24/2020,LMT,OR,ANM,WE,Federal Contract Tower,0,12,5,36,53,0,1,0,0,1,0,13,5,36,54,32,2,34,88
08/25/2020,LMT,OR,ANM,WE,Federal Contract Tower,0,9,4,38,51,0,1,12,1,14,0,10,16,39,65,28,2,30,95
08/26/2020,LMT,OR,ANM,WE,Federal Contract Tower,0,5,3,24,32,0,1,15,8,24,0,6,18,32,56,65,2,67,123
08/27/2020,LMT,OR,ANM,WE,Federal Contract Tower,0,8,2,8,18,0,10,34,14,58,0,18,36,22,76,108,10,118,194
08/28/2020,LMT,OR,ANM,WE,Federal Contract Tower,0,7,3,8,18,0,9,38,0,47,0,16,41,8,65,46,8,54,119
08/29/2020,LMT,OR,ANM,WE,Federal Contract Tower,0,3,2,4,9,0,1,26,0,27,0,4,28,4,36,44,0,44,80
08/30/2020,LMT,OR,ANM,WE,Federal Contract Tower,0,0,1,2,3,0,1,49,0,50,0,1,50,2,53,20,0,20,73
08/31/2020,LMT,OR,ANM,WE,Federal Contract Tower,0,5,4,33,42,0,2,21,9,32,0,7,25,42,74,0,40,40,114
09/01/2020,LMT,OR,ANM,WE,Federal Contract Tower,0,4,2,28,34,0,6,30,10,46,0,10,32,38,80,24,48,72,152
09/02/2020,LMT,OR,ANM,WE,Federal Contract Tower,0,8,4,31,43,0,2,43,8,53,0,10,47,39,96,26,46,72,168
09/03/2020,LMT,OR,ANM,WE,Federal Contract Tower,0,4,6,14,24,0,9,31,7,47,0,13,37,21,71,73,18,91,162
09/04/2020,LMT,OR,ANM,WE,Federal Contract Tower,0,3,4,0,7,0,0,36,0,36,0,3,40,0,43,12,0,12,55
09/05/2020,LMT,OR,ANM,WE,Federal Contract Tower,0,5,4,0,9,0,0,11,0,11,0,5,15,0,20,0,0,0,20
09/06/2020,LMT,OR,ANM,WE,Federal Contract Tower,0,0,7,0,7,0,0,11,0,11,0,0,18,0,18,48,0,48,66
09/07/2020,LMT,OR,ANM,WE,Federal Contract Tower,0,2,9,0,11,0,1,51,0,52,0,3,60,0,63,22,0,22,85
09/08/2020,LMT,OR,ANM,WE,Federal Contract Tower,0,8,5,17,30,0,109,16,13,138,0,117,21,30,168,0,27,27,195
09/09/2020,LMT,OR,ANM,WE,Federal Contract Tower,0,4,3,45,52,0,83,15,9,107,0,87,18,54,159,0,36,36,195
09/10/2020,LMT,OR,ANM,WE,Federal Contract Tower,0,14,2,15,31,0,18,10,26,54,0,32,12,41,85,28,44,72,157
09/11/2020,LMT,OR,ANM,WE,Federal Contract Tower,0,10,6,16,32,0,0,3,0,3,0,10,9,16,35,0,0,0,35
09/12/2020,LMT,OR,ANM,WE,Federal Contract Tower,0,2,4,0,6,0,0,2,0,2,0,2,6,0,8,0,0,0,8
09/13/2020,LMT,OR,ANM,WE,Federal Contract Tower,0,2,4,0,6,0,0,0,0,0,0,2,4,0,6,0,0,0,6
09/14/2020,LMT,OR,ANM,WE,Federal Contract Tower,0,1,5,2,8,0,2,11,4,17,0,3,16,6,25,0,0,0,25
09/15/2020,LMT,OR,ANM,WE,Federal Contract Tower,0,17,11,34,62,0,12,5,9,26,0,29,16,43,88,90,26,116,204
09/16/2020,LMT,OR,ANM,WE,Federal Contract Tower,0,13,5,31,49,0,12,5,8,25,0,25,10,39,74,40,50,90,164
09/17/2020,LMT,OR,ANM,WE,Federal Contract Tower,0,7,10,21,38,0,7,8,7,22,0,14,18,28,60,20,32,52,112
09/18/2020,LMT,OR,ANM,WE,Federal Contract Tower,0,5,10,12,27,0,6,16,8,30,0,11,26,20,57,19,10,29,86
09/19/2020,LMT,OR,ANM,WE,Federal Contract Tower,0,3,3,0,6,0,8,39,0,47,0,11,42,0,53,45,0,45,98
09/20/2020,LMT,OR,ANM,WE,Federal Contract Tower,0,2,4,0,6,0,8,76,0,84,0,10,80,0,90,52,0,52,142
09/21/2020,LMT,OR,ANM,WE,Federal Contract Tower,0,7,2,17,26,0,5,28,11,44,0,12,30,28,70,56,32,88,158
09/22/2020,LMT,OR,ANM,WE,Federal Contract Tower,0,6,3,21,30,0,1,21,18,40,0,7,24,39,70,16,35,51,121
09/23/2020,LMT,OR,ANM,WE,Federal Contract Tower,0,11,4,23,38,0,5,11,9,25,0,16,15,32,63,34,28,62,125
09/24/2020,LMT,OR,ANM,WE,Federal Contract Tower,0,4,12,23,39,0,4,11,21,36,0,8,23,44,75,0,68,68,143
09/25/2020,LMT,OR,ANM,WE,Federal Contract Tower,0,7,5,12,24,0,7,32,13,52,0,14,37,25,76,76,62,138,214
09/26/2020,LMT,OR,ANM,WE,Federal Contract Tower,0,3,14,0,17,0,5,35,0,40,0,8,49,0,57,34,0,34,91
09/27/2020,LMT,OR,ANM,WE,Federal Contract Tower,0,0,4,0,4,0,1,29,0,30,0,1,33,0,34,40,0,40,74
09/28/2020,LMT,OR,ANM,WE,Federal Contract Tower,0,9,2,0,11,0,1,28,0,29,0,10,30,0,40,10,0,10,50
09/29/2020,LMT,OR,ANM,WE,Federal Contract Tower,0,6,4,22,32,0,9,22,14,45,0,15,26,36,77,0,48,48,125
09/30/2020,LMT,OR,ANM,WE,Federal Contract Tower,0,7,9,0,16,0,8,17,3,28,0,15,26,3,44,0,16,16,60
10/01/2020,LMT,OR,ANM,WE,Federal Contract Tower,0,3,8,33,44,0,3,16,9,28,0,6,24,42,72,4,52,56,128
10/02/2020,LMT,OR,ANM,WE,Federal Contract Tower,0,5,8,11,24,0,8,33,9,50,0,13,41,20,74,0,12,12,86
10/03/2020,LMT,OR,ANM,WE,Federal Contract Tower,0,3,4,2,9,0,4,37,0,41,0,7,41,2,50,16,0,16,66
10/04/2020,LMT,OR,ANM,WE,Federal Contract Tower,0,3,4,0,7,0,0,33,0,33,0,3,37,0,40,84,0,84,124
10/05/2020,LMT,OR,ANM,WE,Federal Contract Tower,0,5,1,22,28,0,1,35,16,52,0,6,36,38,80,22,32,54,134
10/06/2020,LMT,OR,ANM,WE,Federal Contract Tower,0,5,0,69,74,0,2,24,0,26,0,7,24,69,100,30,26,56,156
10/07/2020,LMT,OR,ANM,WE,Federal Contract Tower,0,6,6,28,40,0,4,25,19,48,0,10,31,47,88,20,12,32,120
10/08/2020,LMT,OR,ANM,WE,Federal Contract Tower,0,4,5,24,33,0,5,20,26,51,0,9,25,50,84,30,50,80,164
10/09/2020,LMT,OR,ANM,WE,Federal Contract Tower,0,7,5,12,24,0,0,34,10,44,0,7,39,22,68,40,16,56,124
10/10/2020,LMT,OR,ANM,WE,Federal Contract Tower,0,5,8,2,15,0,0,4,0,4,0,5,12,2,19,73,2,75,94
10/11/2020,LMT,OR,ANM,WE,Federal Contract Tower,0,2,11,8,21,0,0,37,0,37,0,2,48,8,58,46,0,46,104
10/12/2020,LMT,OR,ANM,WE,Federal Contract Tower,0,7,7,0,14,0,0,21,0,21,0,7,28,0,35,33,0,33,68
10/13/2020,LMT,OR,ANM,WE,Federal Contract Tower,0,7,6,21,34,0,0,23,26,49,0,7,29,47,83,36,72,108,191
10/14/2020,LMT,OR,ANM,WE,Federal Contract Tower,0,11,5,22,38,0,0,22,30,52,0,11,27,52,90,28,31,59,149
10/15/2020,LMT,OR,ANM,WE,Federal Contract Tower,0,3,1,38,42,0,4,25,14,43,0,7,26,52,85,22,20,42,127
10/16/2020,LMT,OR,ANM,WE,Federal Contract Tower,0,4,2,19,25,0,4,45,20,69,0,8,47,39,94,8,18,26,120
10/17/2020,LMT,OR,ANM,WE,Federal Contract Tower,0,3,1,20,24,0,0,27,9,36,0,3,28,29,60,20,17,37,97
10/18/2020,LMT,OR,ANM,WE,Federal Contract Tower,0,2,5,21,28,0,0,70,0,70,0,2,75,21,98,42,22,64,162
10/19/2020,LMT,OR,ANM,WE,Federal Contract Tower,0,6,2,0,8,0,0,27,2,29,0,6,29,2,37,92,0,92,129
10/20/2020,LMT,OR,ANM,WE,Federal Contract Tower,0,5,10,19,34,0,4,21,18,43,0,9,31,37,77,4,16,20,97
10/21/2020,LMT,OR,ANM,WE,Federal Contract Tower,0,7,6,19,32,0,1,23,24,48,0,8,29,43,80,16,32,48,128
10/22/2020,LMT,OR,ANM,WE,Federal Contract Tower,0,6,5,34,45,0,3,30,9,42,0,9,35,43,87,10,34,44,131
10/23/2020,LMT,OR,ANM,WE,Federal Contract Tower,0,5,3,13,21,0,0,22,7,29,0,5,25,20,50,74,40,114,164
10/24/2020,LMT,OR,ANM,WE,Federal Contract Tower,0,8,7,0,15,0,1,18,0,19,0,9,25,0,34,6,0,6,40
10/25/2020,LMT,OR,ANM,WE,Federal Contract Tower,0,1,5,0,6,0,0,28,0,28,0,1,33,0,34,16,0,16,50
10/26/2020,LMT,OR,ANM,WE,Federal Contract Tower,0,6,5,22,33,0,6,21,15,42,0,12,26,37,75,60,62,122,197
10/27/2020,LMT,OR,ANM,WE,Federal Contract Tower,0,4,7,25,36,0,2,24,20,46,0,6,31,45,82,12,56,68,150
10/28/2020,LMT,OR,ANM,WE,Federal Contract Tower,0,4,5,51,60,0,2,24,15,41,0,6,29,66,101,0,18,18,119
10/29/2020,LMT,OR,ANM,WE,Federal Contract Tower,0,3,1,22,26,0,2,20,2,24,0,5,21,24,50,0,24,24,74
10/30/2020,LMT,OR,ANM,WE,Federal Contract Tower,0,6,6,8,20,0,1,41,0,42,0,7,47,8,62,26,16,42,104
10/31/2020,LMT,OR,ANM,WE,Federal Contract Tower,0,2,8,0,10,0,1,29,0,30,0,3,37,0,40,19,0,19,59
11/01/2020,LMT,OR,ANM,WE,Federal Contract Tower,0,1,7,0,8,0,0,38,0,38,0,1,45,0,46,20,0,20,66
11/02/2020,LMT,OR,ANM,WE,Federal Contract Tower,0,2,1,20,23,0,1,28,9,38,0,3,29,29,61,14,10,24,85
11/03/2020,LMT,OR,ANM,WE,Federal Contract Tower,0,6,7,15,28,0,2,18,12,32,0,8,25,27,60,10,22,32,92
11/04/2020,LMT,OR,ANM,WE,Federal Contract Tower,0,7,6,39,52,0,2,32,14,48,0,9,38,53,100,8,31,39,139
11/05/2020,LMT,OR,ANM,WE,Federal Contract Tower,0,10,8,19,37,0,0,20,9,29,0,10,28,28,66,22,20,42,108
11/06/2020,LMT,OR,ANM,WE,Federal Contract Tower,0,6,3,23,32,0,0,0,0,0,0,6,3,23,32,0,2,2,34
11/07/2020,LMT,OR,ANM,WE,Federal Contract Tower,0,3,5,31,39,0,1,8,8,17,0,4,13,39,56,8,0,8,64
11/08/2020,LMT,OR,ANM,WE,Federal Contract Tower,0,1,4,16,21,0,0,0,0,0,0,1,4,16,21,44,8,52,73
11/09/2020,LMT,OR,ANM,WE,Federal Contract Tower,0,3,7,2,12,0,0,9,5,14,0,3,16,7,26,18,2,20,46
11/10/2020,LMT,OR,ANM,WE,Federal Contract Tower,0,5,4,33,42,0,0,6,4,10,0,5,10,37,52,2,14,16,68
11/11/2020,LMT,OR,ANM,WE,Federal Contract Tower,0,4,2,0,6,0,0,10,0,10,0,4,12,0,16,39,0,39,55
11/12/2020,LMT,OR,ANM,WE,Federal Contract Tower,0,9,2,15,26,0,1,16,9,26,0,10,18,24,52,60,16,76,128
11/13/2020,LMT,OR,ANM,WE,Federal Contract Tower,0,5,4,0,9,0,0,0,0,0,0,5,4,0,9,0,0,0,9
11/14/2020,LMT,OR,ANM,WE,Federal Contract Tower,0,4,3,0,7,0,0,2,0,2,0,4,5,0,9,0,0,0,9
11/15/2020,LMT,OR,ANM,WE,Federal Contract Tower,0,0,4,0,4,0,0,0,0,0,0,0,4,0,4,0,0,0,4
11/16/2020,LMT,OR,ANM,WE,Federal Contract Tower,0,6,15,16,37,0,0,20,10,30,0,6,35,26,67,9,14,23,90
11/17/2020,LMT,OR,ANM,WE,Federal Contract Tower,0,8,2,3,13,0,0,0,0,0,0,8,2,3,13,0,0,0,13
11/18/2020,LMT,OR,ANM,WE,Federal Contract Tower,0,6,2,15,23,0,0,7,4,11,0,6,9,19,34,12,14,26,60
11/19/2020,LMT,OR,ANM,WE,Federal Contract Tower,0,4,2,23,29,0,0,17,12,29,0,4,19,35,58,0,22,22,80
11/20/2020,LMT,OR,ANM,WE,Federal Contract Tower,0,4,4,24,32,0,0,32,12,44,0,4,36,36,76,38,58,96,172
11/21/2020,LMT,OR,ANM,WE,Federal Contract Tower,0,6,6,0,12,0,0,30,0,30,0,6,36,0,42,60,0,60,102
11/22/2020,LMT,OR,ANM,WE,Federal Contract Tower,0,2,6,0,8,0,0,13,0,13,0,2,19,0,21,30,0,30,51
11/23/2020,LMT,OR,ANM,WE,Federal Contract Tower,0,4,7,17,28,0,0,7,14,21,0,4,14,31,49,24,16,40,89
11/24/2020,LMT,OR,ANM,WE,Federal Contract Tower,0,9,3,6,18,0,2,8,8,18,0,11,11,14,36,39,16,55,91
11/25/2020,LMT,OR,ANM,WE,Federal Contract Tower,0,8,3,21,32,0,0,1,0,1,0,8,4,21,33,0,0,0,33
11/26/2020,LMT,OR,ANM,WE,Federal Contract Tower,0,0,3,0,3,0,0,11,0,11,0,0,14,0,14,31,0,31,45
11/27/2020,LMT,OR,ANM,WE,Federal Contract Tower,0,4,1,0,5,0,0,7,0,7,0,4,8,0,12,0,0,0,12
11/28/2020,LMT,OR,ANM,WE,Federal Contract Tower,0,5,1,0,6,0,3,19,0,22,0,8,20,0,28,50,0,50,78
11/29/2020,LMT,OR,ANM,WE,Federal Contract Tower,0,1,2,0,3,0,2,35,0,37,0,3,37,0,40,6,0,6,46
11/30/2020,LMT,OR,ANM,WE,Federal Contract Tower,0,9,1,34,44,0,2,10,5,17,0,11,11,39,61,6,16,22,83
12/01/2020,LMT,OR,ANM,WE,Federal Contract Tower,0,7,0,26,33,0,4,29,16,49,0,11,29,42,82,93,10,103,185
12/02/2020,LMT,OR,ANM,WE,Federal Contract Tower,0,7,1,27,35,0,10,38,9,57,0,17,39,36,92,39,26,65,157
12/03/2020,LMT,OR,ANM,WE,Federal Contract Tower,0,7,12,18,37,0,4,20,20,44,0,11,32,38,81,48,16,64,145
12/04/2020,LMT,OR,ANM,WE,Federal Contract Tower,0,6,3,18,27,0,2,32,18,52,0,8,35,36,79,57,20,77,156
12/05/2020,LMT,OR,ANM,WE,Federal Contract Tower,0,3,5,0,8,0,0,40,0,40,0,3,45,0,48,27,0,27,75
12/06/2020,LMT,OR,ANM,WE,Federal Contract Tower,0,1,4,0,5,0,0,32,0,32,0,1,36,0,37,14,0,14,51
12/07/2020,LMT,OR,ANM,WE,Federal Contract Tower,0,7,6,12,25,0,0,20,0,20,0,7,26,12,45,26,12,38,83
12/08/2020,LMT,OR,ANM,WE,Federal Contract Tower,0,18,19,19,56,0,1,29,11,41,0,19,48,30,97,6,28,34,131
12/09/2020,LMT,OR,ANM,WE,Federal Contract Tower,0,9,5,17,31,0,2,29,11,42,0,11,34,28,73,26,22,48,121
12/10/2020,LMT,OR,ANM,WE,Federal Contract Tower,0,6,15,30,51,0,2,15,5,22,0,8,30,35,73,36,104,140,213
12/11/2020,LMT,OR,ANM,WE,Federal Contract Tower,0,7,2,14,23,0,1,9,12,22,0,8,11,26,45,8,6,14,59
12/12/2020,LMT,OR,ANM,WE,Federal Contract Tower,0,4,2,0,6,0,2,2,0,4,0,6,4,0,10,0,0,0,10
12/13/2020,LMT,OR,ANM,WE,Federal Contract Tower,0,0,6,0,6,0,0,0,0,0,0,0,6,0,6,0,0,0,6
12/14/2020,LMT,OR,ANM,WE,Federal Contract Tower,0,4,5,16,25,0,0,23,14,37,0,4,28,30,62,11,14,25,87
12/15/2020,LMT,OR,ANM,WE,Federal Contract Tower,0,11,3,33,47,0,0,1,5,6,0,11,4,38,53,8,0,8,61
12/16/2020,LMT,OR,ANM,WE,Federal Contract Tower,0,8,3,10,21,0,1,5,2,8,0,9,8,12,29,68,6,74,103
12/17/2020,LMT,OR,ANM,WE,Federal Contract Tower,0,7,8,23,38,0,1,2,3,6,0,8,10,26,44,16,12,28,72
12/18/2020,LMT,OR,ANM,WE,Federal Contract Tower,0,8,5,8,21,0,3,13,6,22,0,11,18,14,43,6,10,16,59
12/19/2020,LMT,OR,ANM,WE,Federal Contract Tower,0,8,8,0,16,0,0,30,0,30,0,8,38,0,46,74,0,74,120
12/20/2020,LMT,OR,ANM,WE,Federal Contract Tower,0,3,5,0,8,0,0,19,0,19,0,3,24,0,27,68,0,68,95
12/21/2020,LMT,OR,ANM,WE,Federal Contract Tower,0,6,5,12,23,0,0,19,12,31,0,6,24,24,54,22,8,30,84
12/22/2020,LMT,OR,ANM,WE,Federal Contract Tower,0,8,5,13,26,0,1,32,15,48,0,9,37,28,74,12,12,24,98
12/23/2020,LMT,OR,ANM,WE,Federal Contract Tower,0,14,5,23,42,0,5,46,13,64,0,19,51,36,106,50,0,50,156
12/24/2020,LMT,OR,ANM,WE,Federal Contract Tower,0,4,4,0,8,0,2,18,0,20,0,6,22,0,28,4,0,4,32
12/25/2020,LMT,OR,ANM,WE,Federal Contract Tower,0,2,2,0,4,0,0,0,0,0,0,2,2,0,4,0,0,0,4
12/26/2020,LMT,OR,ANM,WE,Federal Contract Tower,0,6,2,0,8,0,0,0,0,0,0,6,2,0,8,0,0,0,8
12/27/2020,LMT,OR,ANM,WE,Federal Contract Tower,0,0,11,0,11,0,0,15,0,15,0,0,26,0,26,10,0,10,36
12/28/2020,LMT,OR,ANM,WE,Federal Contract Tower,0,3,4,11,18,0,0,21,7,28,0,3,25,18,46,26,2,28,74
12/29/2020,LMT,OR,ANM,WE,Federal Contract Tower,0,7,6,17,30,0,0,23,19,42,0,7,29,36,72,31,16,47,119
12/30/2020,LMT,OR,ANM,WE,Federal Contract Tower,0,9,1,23,33,0,0,7,5,12,0,9,8,28,45,68,0,68,113
12/31/2020,LMT,OR,ANM,WE,Federal Contract Tower,0,1,1,14,16,0,5,0,0,5,0,6,1,14,21,0,0,0,21
01/01/2021,LMT,OR,ANM,WE,Federal Contract Tower,0,0,5,0,5,0,0,12,0,12,0,0,17,0,17,16,0,16,33
01/02/2021,LMT,OR,ANM,WE,Federal Contract Tower,0,4,3,0,7,0,0,9,0,9,0,4,12,0,16,24,0,24,40
01/03/2021,LMT,OR,ANM,WE,Federal Contract Tower,0,0,1,0,1,0,0,1,0,1,0,0,2,0,2,0,0,0,2
01/04/2021,LMT,OR,ANM,WE,Federal Contract Tower,0,5,1,0,6,0,0,0,0,0,0,5,1,0,6,0,0,0,6
01/05/2021,LMT,OR,ANM,WE,Federal Contract Tower,0,12,0,19,31,0,3,6,17,26,0,15,6,36,57,0,16,16,73
01/06/2021,LMT,OR,ANM,WE,Federal Contract Tower,0,7,8,18,33,0,0,4,10,14,0,7,12,28,47,8,10,18,65
01/07/2021,LMT,OR,ANM,WE,Federal Contract Tower,0,6,1,17,24,0,2,15,18,35,0,8,16,35,59,14,12,26,85
01/08/2021,LMT,OR,ANM,WE,Federal Contract Tower,0,6,3,6,15,0,0,5,6,11,0,6,8,12,26,0,0,0,26
01/09/2021,LMT,OR,ANM,WE,Federal Contract Tower,0,2,5,0,7,0,1,6,0,7,0,3,11,0,14,14,0,14,28
01/10/2021,LMT,OR,ANM,WE,Federal Contract Tower,0,2,20,10,32,0,0,8,0,8,0,2,28,10,40,27,10,37,77
01/11/2021,LMT,OR,ANM,WE,Federal Contract Tower,0,3,1,0,4,0,0,1,0,1,0,3,2,0,5,0,0,0,5
01/12/2021,LMT,OR,ANM,WE,Federal Contract Tower,0,7,4,12,23,0,0,5,20,25,0,7,9,32,48,0,32,32,80
01/13/2021,LMT,OR,ANM,WE,Federal Contract Tower,0,3,6,17,26,0,2,13,14,29,0,5,19,31,55,0,16,16,71
01/14/2021,LMT,OR,ANM,WE,Federal Contract Tower,0,6,2,15,23,0,0,52,19,71,0,6,54,34,94,2,40,42,136
01/15/2021,LMT,OR,ANM,WE,Federal Contract Tower,0,4,2,13,19,0,1,22,23,46,0,5,24,36,65,40,34,74,139
01/16/2021,LMT,OR,ANM,WE,Federal Contract Tower,0,7,2,0,9,0,0,0,0,0,0,7,2,0,9,0,0,0,9
01/17/2021,LMT,OR,ANM,WE,Federal Contract Tower,0,0,0,0,0,0,0,5,0,5,0,0,5,0,5,23,0,23,28
01/18/2021,LMT,OR,ANM,WE,Federal Contract Tower,0,5,8,0,13,0,0,46,0,46,0,5,54,0,59,70,0,70,129
01/19/2021,LMT,OR,ANM,WE,Federal Contract Tower,0,9,12,31,52,0,1,24,19,44,0,10,36,50,96,49,37,86,182
01/20/2021,LMT,OR,ANM,WE,Federal Contract Tower,0,7,4,20,31,0,0,69,19,88,0,7,73,39,119,18,27,45,164
01/21/2021,LMT,OR,ANM,WE,Federal Contract Tower,0,5,1,37,43,0,0,19,17,36,0,5,20,54,79,16,50,66,145
01/22/2021,LMT,OR,ANM,WE,Federal Contract Tower,0,6,2,0,8,0,0,21,0,21,0,6,23,0,29,24,0,24,53
01/23/2021,LMT,OR,ANM,WE,Federal Contract Tower,0,4,5,3,12,0,0,41,2,43,0,4,46,5,55,10,12,22,77
01/24/2021,LMT,OR,ANM,WE,Federal Contract Tower,0,2,3,0,5,0,0,0,0,0,0,2,3,0,5,0,0,0,5
01/25/2021,LMT,OR,ANM,WE,Federal Contract Tower,0,5,3,19,27,0,0,6,18,24,0,5,9,37,51,4,52,56,107
01/26/2021,LMT,OR,ANM,WE,Federal Contract Tower,0,6,4,29,39,0,0,7,9,16,0,6,11,38,55,0,24,24,79
01/27/2021,LMT,OR,ANM,WE,Federal Contract Tower,0,9,3,11,23,0,0,0,11,11,0,9,3,22,34,0,8,8,42
01/28/2021,LMT,OR,ANM,WE,Federal Contract Tower,0,7,5,23,35,0,0,5,2,7,0,7,10,25,42,0,4,4,46
01/29/2021,LMT,OR,ANM,WE,Federal Contract Tower,0,7,1,41,49,0,0,11,5,16,0,7,12,46,65,2,4,6,71
01/30/2021,LMT,OR,ANM,WE,Federal Contract Tower,0,1,4,0,5,0,0,22,0,22,0,1,26,0,27,56,0,56,83
01/31/2021,LMT,OR,ANM,WE,Federal Contract Tower,0,1,4,0,5,0,0,5,0,5,0,1,9,0,10,42,0,42,52
02/01/2021,LMT,OR,ANM,WE,Federal Contract Tower,0,5,6,15,26,0,0,3,8,11,0,5,9,23,37,0,10,10,47
02/02/2021,LMT,OR,ANM,WE,Federal Contract Tower,0,3,1,27,31,0,1,11,8,20,0,4,12,35,51,48,16,64,115
02/03/2021,LMT,OR,ANM,WE,Federal Contract Tower,0,5,1,15,21,0,0,10,8,18,0,5,11,23,39,12,6,18,57
02/04/2021,LMT,OR,ANM,WE,Federal Contract Tower,0,5,8,24,37,0,1,53,18,72,0,6,61,42,109,30,16,46,155
02/05/2021,LMT,OR,ANM,WE,Federal Contract Tower,0,8,5,21,34,0,1,17,8,26,0,9,22,29,60,40,24,64,124
02/06/2021,LMT,OR,ANM,WE,Federal Contract Tower,0,6,2,4,12,0,0,38,0,38,0,6,40,4,50,12,6,18,68
02/07/2021,LMT,OR,ANM,WE,Federal Contract Tower,0,0,1,0,1,0,0,42,0,42,0,0,43,0,43,48,0,48,91
02/08/2021,LMT,OR,ANM,WE,Federal Contract Tower,0,3,4,0,7,0,0,37,0,37,0,3,41,0,44,32,0,32,76
02/09/2021,LMT,OR,ANM,WE,Federal Contract Tower,0,2,4,28,34,0,1,18,11,30,0,3,22,39,64,8,32,40,104
02/10/2021,LMT,OR,ANM,WE,Federal Contract Tower,0,6,2,27,35,0,2,22,16,40,0,8,24,43,75,14,40,54,129
02/11/2021,LMT,OR,ANM,WE,Federal Contract Tower,0,4,3,15,22,0,0,5,9,14,0,4,8,24,36,10,30,40,76
02/12/2021,LMT,OR,ANM,WE,Federal Contract Tower,0,6,3,12,21,0,2,10,8,20,0,8,13,20,41,8,6,14,55
02/13/2021,LMT,OR,ANM,WE,Federal Contract Tower,0,4,0,0,4,0,0,0,0,0,0,4,0,0,4,0,0,0,4
02/14/2021,LMT,OR,ANM,WE,Federal Contract Tower,0,1,3,0,4,0,0,0,0,0,0,1,3,0,4,0,0,0,4
02/15/2021,LMT,OR,ANM,WE,Federal Contract Tower,0,9,6,0,15,0,3,8,0,11,0,12,14,0,26,14,0,14,40
02/16/2021,LMT,OR,ANM,WE,Federal Contract Tower,0,2,5,17,24,0,2,5,14,21,0,4,10,31,45,16,26,42,87
02/17/2021,LMT,OR,ANM,WE,Federal Contract Tower,0,5,5,27,37,0,0,27,13,40,0,5,32,40,77,20,44,64,141
02/18/2021,LMT,OR,ANM,WE,Federal Contract Tower,0,5,1,6,12,0,0,0,0,0,0,5,1,6,12,0,0,0,12
02/19/2021,LMT,OR,ANM,WE,Federal Contract Tower,0,4,2,26,32,0,0,4,6,10,0,4,6,32,42,0,24,24,66
02/20/2021,LMT,OR,ANM,WE,Federal Contract Tower,0,3,2,26,31,0,0,14,17,31,0,3,16,43,62,24,30,54,116
02/21/2021,LMT,OR,ANM,WE,Federal Contract Tower,0,2,2,22,26,0,0,18,8,26,0,2,20,30,52,14,18,32,84
02/22/2021,LMT,OR,ANM,WE,Federal Contract Tower,0,4,2,6,12,0,1,38,3,42,0,5,40,9,54,52,64,116,170
02/23/2021,LMT,OR,ANM,WE,Federal Contract Tower,0,4,19,22,45,0,2,49,12,63,0,6,68,34,108,36,22,58,166
02/24/2021,LMT,OR,ANM,WE,Federal Contract Tower,0,4,10,36,50,0,3,54,18,75,0,7,64,54,125,52,30,82,207
02/25/2021,LMT,OR,ANM,WE,Federal Contract Tower,0,4,11,32,47,0,0,16,20,36,0,4,27,52,83,24,22,46,129
02/27/2021,LMT,OR,ANM,WE,Federal Contract Tower,0,4,4,0,8,0,0,2,5,7,0,4,6,5,15,2,0,2,17
02/28/2021,LMT,OR,ANM,WE,Federal Contract Tower,0,0,13,1,14,0,0,53,1,54,0,0,66,2,68,12,4,16,84
03/01/2021,LMT,OR,ANM,WE,Federal Contract Tower,0,4,7,41,52,0,1,31,24,56,0,5,38,65,108,64,34,98,206
03/02/2021,LMT,OR,ANM,WE,Federal Contract Tower,0,4,7,26,37,0,5,53,10,68,0,9,60,36,105,42,12,54,159
03/03/2021,LMT,OR,ANM,WE,Federal Contract Tower,0,6,2,29,37,0,7,66,12,85,0,13,68,41,122,54,7,61,183
03/04/2021,LMT,OR,ANM,WE,Federal Contract Tower,0,3,3,26,32,0,2,12,15,29,0,5,15,41,61,20,70,90,151
03/05/2021,LMT,OR,ANM,WE,Federal Contract Tower,0,4,3,0,7,0,1,1,0,2,0,5,4,0,9,0,0,0,9
03/06/2021,LMT,OR,ANM,WE,Federal Contract Tower,0,2,5,14,21,0,0,17,14,31,0,2,22,28,52,28,48,76,128
03/08/2021,LMT,OR,ANM,WE,Federal Contract Tower,0,3,2,0,5,0,4,7,0,11,0,7,9,0,16,4,0,4,20
03/09/2021,LMT,OR,ANM,WE,Federal Contract Tower,0,7,6,29,42,0,2,16,10,28,0,9,22,39,70,0,14,14,84
03/10/2021,LMT,OR,ANM,WE,Federal Contract Tower,0,8,2,22,32,0,0,3,12,15,0,8,5,34,47,24,30,54,101
03/11/2021,LMT,OR,ANM,WE,Federal Contract Tower,0,5,4,32,41,0,0,16,11,27,0,5,20,43,68,10,58,68,136
03/12/2021,LMT,OR,ANM,WE,Federal Contract Tower,0,3,5,10,18,0,1,47,11,59,0,4,52,21,77,10,42,52,129
03/13/2021,LMT,OR,ANM,WE,Federal Contract Tower,0,2,4,1,7,0,0,36,2,38,0,2,40,3,45,64,0,64,109
03/14/2021,LMT,OR,ANM,WE,Federal Contract Tower,0,0,4,0,4,0,0,21,0,21,0,0,25,0,25,20,0,20,45
03/15/2021,LMT,OR,ANM,WE,Federal Contract Tower,0,4,2,8,14,0,0,4,12,16,0,4,6,20,30,6,8,14,44
03/16/2021,LMT,OR,ANM,WE,Federal Contract Tower,0,5,4,19,28,0,1,44,19,64,0,6,48,38,92,64,24,88,180
03/17/2021,LMT,OR,ANM,WE,Federal Contract Tower,0,5,1,22,28,0,4,34,18,56,0,9,35,40,84,48,30,78,162
03/18/2021,LMT,OR,ANM,WE,Federal Contract Tower,0,4,2,28,34,0,3,3,12,18,0,7,5,40,52,0,16,16,68
03/19/2021,LMT,OR,ANM,WE,Federal Contract Tower,0,6,1,15,22,0,0,10,12,22,0,6,11,27,44,12,46,58,102
03/20/2021,LMT,OR,ANM,WE,Federal Contract Tower,0,0,8,0,8,0,2,7,4,13,0,2,15,4,21,18,0,18,39
03/21/2021,LMT,OR,ANM,WE,Federal Contract Tower,0,0,1,0,1,0,0,66,0,66,0,0,67,0,67,66,0,66,133
03/22/2021,LMT,OR,ANM,WE,Federal Contract Tower,0,2,2,26,30,0,0,15,6,21,0,2,17,32,51,21,12,33,84
03/23/2021,LMT,OR,ANM,WE,Federal Contract Tower,0,5,6,15,26,0,1,16,21,38,0,6,22,36,64,2,16,18,82
03/24/2021,LMT,OR,ANM,WE,Federal Contract Tower,0,5,3,29,37,0,0,18,12,30,0,5,21,41,67,74,24,98,165
03/25/2021,LMT,OR,ANM,WE,Federal Contract Tower,0,8,4,18,30,0,1,6,6,13,0,9,10,24,43,0,12,12,55
03/26/2021,LMT,OR,ANM,WE,Federal Contract Tower,0,4,3,3,10,0,0,27,1,28,0,4,30,4,38,16,32,48,86
03/27/2021,LMT,OR,ANM,WE,Federal Contract Tower,0,3,4,6,13,0,0,42,3,45,0,3,46,9,58,16,8,24,82
03/28/2021,LMT,OR,ANM,WE,Federal Contract Tower,0,1,5,0,6,0,0,13,0,13,0,1,18,0,19,22,0,22,41
03/29/2021,LMT,OR,ANM,WE,Federal Contract Tower,0,6,11,16,33,0,0,27,26,53,0,6,38,42,86,17,20,37,123
03/30/2021,LMT,OR,ANM,WE,Federal Contract Tower,0,6,3,24,33,0,1,20,19,40,0,7,23,43,73,28,8,36,109
03/31/2021,LMT,OR,ANM,WE,Federal Contract Tower,0,7,2,22,31,0,0,24,20,44,0,7,26,42,75,56,22,78,153
04/01/2021,LMT,OR,ANM,WE,Federal Contract Tower,0,3,0,12,15,0,0,22,12,34,0,3,22,24,49,14,28,42,91
04/02/2021,LMT,OR,ANM,WE,Federal Contract Tower,0,5,7,5,17,0,0,30,0,30,0,5,37,5,47,40,0,40,87
04/03/2021,LMT,OR,ANM,WE,Federal Contract Tower,0,4,4,0,8,0,0,17,4,21,0,4,21,4,29,21,0,21,50
04/04/2021,LMT,OR,ANM,WE,Federal Contract Tower,0,1,1,0,2,0,2,17,0,19,0,3,18,0,21,27,0,27,48
04/05/2021,LMT,OR,ANM,WE,Federal Contract Tower,0,2,0,36,38,0,1,23,6,30,0,3,23,42,68,36,28,64,132
04/06/2021,LMT,OR,ANM,WE,Federal Contract Tower,0,6,9,33,48,0,0,21,11,32,0,6,30,44,80,24,16,40,120
04/07/2021,LMT,OR,ANM,WE,Federal Contract Tower,0,6,6,31,43,0,0,13,12,25,0,6,19,43,68,8,8,16,84
04/08/2021,LMT,OR,ANM,WE,Federal Contract Tower,0,2,3,41,46,0,0,11,16,27,0,2,14,57,73,30,14,44,117
04/09/2021,LMT,OR,ANM,WE,Federal Contract Tower,0,5,3,8,16,0,0,42,10,52,0,5,45,18,68,90,2,92,160
04/10/2021,LMT,OR,ANM,WE,Federal Contract Tower,0,2,3,21,26,0,2,12,18,32,0,4,15,39,58,76,14,90,148
04/11/2021,LMT,OR,ANM,WE,Federal Contract Tower,0,0,2,0,2,0,0,24,1,25,0,0,26,1,27,90,0,90,117
04/12/2021,LMT,OR,ANM,WE,Federal Contract Tower,0,5,2,0,7,0,1,32,8,41,0,6,34,8,48,72,0,72,120
04/13/2021,LMT,OR,ANM,WE,Federal Contract Tower,0,5,8,25,38,0,1,4,27,32,0,6,12,52,70,0,14,14,84
04/14/2021,LMT,OR,ANM,WE,Federal Contract Tower,0,9,8,38,55,0,2,22,18,42,0,11,30,56,97,18,33,51,148
04/15/2021,LMT,OR,ANM,WE,Federal Contract Tower,0,5,3,35,43,0,1,36,20,57,0,6,39,55,100,24,25,49,149
04/16/2021,LMT,OR,ANM,WE,Federal Contract Tower,0,5,2,10,17,0,0,27,9,36,0,5,29,19,53,4,22,26,79
04/17/2021,LMT,OR,ANM,WE,Federal Contract Tower,0,3,1,0,4,0,0,31,0,31,0,3,32,0,35,26,0,26,61
04/18/2021,LMT,OR,ANM,WE,Federal Contract Tower,0,0,2,0,2,0,0,54,0,54,0,0,56,0,56,16,0,16,72
04/19/2021,LMT,OR,ANM,WE,Federal Contract Tower,0,2,2,23,27,0,3,14,17,34,0,5,16,40,61,6,15,21,82
04/20/2021,LMT,OR,ANM,WE,Federal Contract Tower,0,5,2,31,38,0,1,8,11,20,0,6,10,42,58,2,12,14,72
04/21/2021,LMT,OR,ANM,WE,Federal Contract Tower,0,6,7,22,35,0,2,37,22,61,0,8,44,44,96,68,8,76,172
04/22/2021,LMT,OR,ANM,WE,Federal Contract Tower,0,5,4,22,31,0,1,24,18,43,0,6,28,40,74,34,4,38,112
04/23/2021,LMT,OR,ANM,WE,Federal Contract Tower,0,4,3,9,16,0,1,35,8,44,0,5,38,17,60,0,4,4,64
04/24/2021,LMT,OR,ANM,WE,Federal Contract Tower,0,2,4,0,6,0,0,1,0,1,0,2,5,0,7,18,0,18,25
04/25/2021,LMT,OR,ANM,WE,Federal Contract Tower,0,1,2,0,3,0,0,0,0,0,0,1,2,0,3,0,0,0,3
04/26/2021,LMT,OR,ANM,WE,Federal Contract Tower,0,3,0,20,23,0,0,10,8,18,0,3,10,28,41,18,12,30,71
04/27/2021,LMT,OR,ANM,WE,Federal Contract Tower,0,5,0,22,27,0,3,43,17,63,0,8,43,39,90,58,26,84,174
04/28/2021,LMT,OR,ANM,WE,Federal Contract Tower,0,6,0,18,24,0,8,42,22,72,0,14,42,40,96,8,32,40,136
04/29/2021,LMT,OR,ANM,WE,Federal Contract Tower,0,6,3,18,27,0,1,27,14,42,0,7,30,32,69,0,10,10,79
04/30/2021,LMT,OR,ANM,WE,Federal Contract Tower,0,5,1,9,15,0,5,26,9,40,0,10,27,18,55,34,14,48,103
05/01/2021,LMT,OR,ANM,WE,Federal Contract Tower,0,2,6,19,27,0,1,11,10,22,0,3,17,29,49,0,12,12,61
05/02/2021,LMT,OR,ANM,WE,Federal Contract Tower,0,1,9,3,13,0,0,17,3,20,0,1,26,6,33,105,2,107,140
05/03/2021,LMT,OR,ANM,WE,Federal Contract Tower,0,3,0,0,3,0,0,27,0,27,0,3,27,0,30,86,0,86,116
05/04/2021,LMT,OR,ANM,WE,Federal Contract Tower,0,2,3,10,15,0,2,19,9,30,0,4,22,19,45,24,4,28,73
05/05/2021,LMT,OR,ANM,WE,Federal Contract Tower,0,6,5,10,21,0,4,35,12,51,0,10,40,22,72,10,24,34,106
05/06/2021,LMT,OR,ANM,WE,Federal Contract Tower,0,7,4,12,23,0,2,27,4,33,0,9,31,16,56,62,8,70,126
05/07/2021,LMT,OR,ANM,WE,Federal Contract Tower,0,4,4,6,14,0,5,48,7,60,0,9,52,13,74,32,6,38,112
05/08/2021,LMT,OR,ANM,WE,Federal Contract Tower,0,8,0,1,9,0,0,27,0,27,0,8,27,1,36,40,12,52,88
05/09/2021,LMT,OR,ANM,WE,Federal Contract Tower,0,0,0,0,0,0,0,12,0,12,0,0,12,0,12,8,0,8,20
05/10/2021,LMT,OR,ANM,WE,Federal Contract Tower,0,4,4,10,18,0,2,38,20,60,0,6,42,30,78,0,6,6,84
05/11/2021,LMT,OR,ANM,WE,Federal Contract Tower,0,5,2,26,33,0,2,46,10,58,0,7,48,36,91,32,24,56,147
05/12/2021,LMT,OR,ANM,WE,Federal Contract Tower,0,7,5,9,21,0,8,39,11,58,0,15,44,20,79,0,24,24,103
05/13/2021,LMT,OR,ANM,WE,Federal Contract Tower,0,2,4,24,30,0,5,20,10,35,0,7,24,34,65,26,22,48,113
05/14/2021,LMT,OR,ANM,WE,Federal Contract Tower,0,5,6,7,18,0,4,40,7,51,0,9,46,14,69,48,10,58,127
05/15/2021,LMT,OR,ANM,WE,Federal Contract Tower,0,3,4,2,9,0,1,14,5,20,0,4,18,7,29,0,0,0,29
05/16/2021,LMT,OR,ANM,WE,Federal Contract Tower,0,0,5,2,7,0,2,25,0,27,0,2,30,2,34,50,0,50,84
05/17/2021,LMT,OR,ANM,WE,Federal Contract Tower,0,4,10,19,33,0,3,34,3,40,0,7,44,22,73,36,46,82,155
05/18/2021,LMT,OR,ANM,WE,Federal Contract Tower,0,8,10,21,39,0,2,13,20,35,0,10,23,41,74,0,28,28,102
05/19/2021,LMT,OR,ANM,WE,Federal Contract Tower,0,6,0,34,40,0,2,9,18,29,0,8,9,52,69,0,56,56,125
05/20/2021,LMT,OR,ANM,WE,Federal Contract Tower,0,5,7,14,26,0,0,1,11,12,0,5,8,25,38,0,12,12,50
05/21/2021,LMT,OR,ANM,WE,Federal Contract Tower,0,6,3,2,11,0,0,3,0,3,0,6,6,2,14,12,0,12,26
05/22/2021,LMT,OR,ANM,WE,Federal Contract Tower,0,3,0,0,3,0,1,10,0,11,0,4,10,0,14,38,0,38,52
05/23/2021,LMT,OR,ANM,WE,Federal Contract Tower,0,1,1,3,5,0,0,9,3,12,0,1,10,6,17,8,0,8,25
05/24/2021,LMT,OR,ANM,WE,Federal Contract Tower,0,4,3,22,29,0,1,19,15,35,0,5,22,37,64,62,32,94,158
05/25/2021,LMT,OR,ANM,WE,Federal Contract Tower,0,2,0,20,22,0,3,18,18,39,0,5,18,38,61,4,18,22,83
05/26/2021,LMT,OR,ANM,WE,Federal Contract Tower,0,4,2,15,21,0,2,49,16,67,0,6,51,31,88,16,6,22,110
05/27/2021,LMT,OR,ANM,WE,Federal Contract Tower,0,6,10,10,26,0,1,26,9,36,0,7,36,19,62,18,12,30,92
05/28/2021,LMT,OR,ANM,WE,Federal Contract Tower,0,4,1,1,6,0,4,39,0,43,0,8,40,1,49,4,78,82,131
05/29/2021,LMT,OR,ANM,WE,Federal Contract Tower,0,1,6,0,7,0,2,47,4,53,0,3,53,4,60,18,0,18,78
05/30/2021,LMT,OR,ANM,WE,Federal Contract Tower,0,2,1,0,3,0,1,38,0,39,0,3,39,0,42,42,0,42,84
05/31/2021,LMT,OR,ANM,WE,Federal Contract Tower,0,2,3,0,5,0,0,51,2,53,0,2,54,2,58,16,0,16,74
06/01/2021,LMT,OR,ANM,WE,Federal Contract Tower,0,5,5,24,34,0,5,17,8,30,0,10,22,32,64,25,16,41,105
06/02/2021,LMT,OR,ANM,WE,Federal Contract Tower,0,6,0,27,33,0,4,29,13,46,0,10,29,40,79,10,48,58,137
06/03/2021,LMT,OR,ANM,WE,Federal Contract Tower,0,3,16,18,37,0,4,26,20,50,0,7,42,38,87,52,2,54,141
06/04/2021,LMT,OR,ANM,WE,Federal Contract Tower,0,3,8,28,39,0,5,28,24,57,0,8,36,52,96,42,4,46,142
06/05/2021,LMT,OR,ANM,WE,Federal Contract Tower,0,2,0,13,15,0,3,42,12,57,0,5,42,25,72,0,40,40,112
06/06/2021,LMT,OR,ANM,WE,Federal Contract Tower,0,1,2,8,11,0,0,42,0,42,0,1,44,8,53,58,18,76,129
06/07/2021,LMT,OR,ANM,WE,Federal Contract Tower,0,8,5,8,21,0,0,31,1,32,0,8,36,9,53,61,56,117,170
06/08/2021,LMT,OR,ANM,WE,Federal Contract Tower,0,3,5,25,33,0,1,15,23,39,0,4,20,48,72,26,60,86,158
06/09/2021,LMT,OR,ANM,WE,Federal Contract Tower,0,5,8,37,50,0,0,28,9,37,0,5,36,46,87,98,24,122,209
06/10/2021,LMT,OR,ANM,WE,Federal Contract Tower,0,7,6,28,41,0,0,21,19,40,0,7,27,47,81,4,50,54,135
06/11/2021,LMT,OR,ANM,WE,Federal Contract Tower,0,7,1,16,24,0,0,23,8,31,0,7,24,24,55,46,37,83,138
06/12/2021,LMT,OR,ANM,WE,Federal Contract Tower,0,4,9,0,13,0,4,49,0,53,0,8,58,0,66,37,0,37,103
06/13/2021,LMT,OR,ANM,WE,Federal Contract Tower,0,0,0,0,0,0,0,32,0,32,0,0,32,0,32,68,0,68,100
06/14/2021,LMT,OR,ANM,WE,Federal Contract Tower,0,8,0,18,26,0,0,8,16,24,0,8,8,34,50,14,4,18,68
06/15/2021,LMT,OR,ANM,WE,Federal Contract Tower,0,6,5,27,38,0,1,23,13,37,0,7,28,40,75,56,42,98,173
06/16/2021,LMT,OR,ANM,WE,Federal Contract Tower,0,4,2,28,34,0,1,51,19,71,0,5,53,47,105,20,64,84,189
06/17/2021,LMT,OR,ANM,WE,Federal Contract Tower,0,3,4,19,26,0,3,22,20,45,0,6,26,39,71,18,22,40,111
06/18/2021,LMT,OR,ANM,WE,Federal Contract Tower,0,4,9,7,20,0,4,65,13,82,0,8,74,20,102,56,16,72,174
06/19/2021,LMT,OR,ANM,WE,Federal Contract Tower,0,3,15,0,18,0,3,32,0,35,0,6,47,0,53,52,0,52,105
06/20/2021,LMT,OR,ANM,WE,Federal Contract Tower,0,0,2,0,2,0,37,54,0,91,0,37,56,0,93,32,0,32,125
06/21/2021,LMT,OR,ANM,WE,Federal Contract Tower,0,4,1,24,29,0,16,47,6,69,0,20,48,30,98,10,24,34,132
06/22/2021,LMT,OR,ANM,WE,Federal Contract Tower,0,3,4,25,32,0,6,14,4,24,0,9,18,29,56,2,30,32,88
06/23/2021,LMT,OR,ANM,WE,Federal Contract Tower,0,4,2,36,42,0,7,45,1,53,0,11,47,37,95,10,60,70,165
06/24/2021,LMT,OR,ANM,WE,Federal Contract Tower,0,4,7,8,19,0,6,72,0,78,0,10,79,8,97,20,0,20,117
06/25/2021,LMT,OR,ANM,WE,Federal Contract Tower,0,5,2,2,9,0,2,45,0,47,0,7,47,2,56,0,2,2,58
06/27/2021,LMT,OR,ANM,WE,Federal Contract Tower,0,1,7,2,10,0,12,21,0,33,0,13,28,2,43,4,0,4,47
06/28/2021,LMT,OR,ANM,WE,Federal Contract Tower,0,4,3,18,25,0,36,49,13,98,0,40,52,31,123,2,44,46,169
06/29/2021,LMT,OR,ANM,WE,Federal Contract Tower,0,2,4,26,32,0,84,55,30,169,0,86,59,56,201,22,16,38,239
06/30/2021,LMT,OR,ANM,WE,Federal Contract Tower,0,11,3,16,30,0,16,21,20,57,0,27,24,36,87,92,14,106,193
07/01/2021,LMT,OR,ANM,WE,Federal Contract Tower,0,6,5,7,18,0,28,27,8,63,0,34,32,15,81,42,2,44,125
07/02/2021,LMT,OR,ANM,WE,Federal Contract Tower,0,9,10,0,19,0,14,54,1,69,0,23,64,1,88,26,0,26,114
07/03/2021,LMT,OR,ANM,WE,Federal Contract Tower,0,1,0,0,1,0,6,30,0,36,0,7,30,0,37,16,0,16,53
07/04/2021,LMT,OR,ANM,WE,Federal Contract Tower,0,1,2,2,5,0,0,10,4,14,0,1,12,6,19,0,4,4,23
07/05/2021,LMT,OR,ANM,WE,Federal Contract Tower,0,2,3,0,5,0,43,40,0,83,0,45,43,0,88,28,0,28,116
07/06/2021,LMT,OR,ANM,WE,Federal Contract Tower,0,6,2,12,20,0,53,26,12,91,0,59,28,24,111,0,16,16,127
07/07/2021,LMT,OR,ANM,WE,Federal Contract Tower,0,1,2,16,19,0,51,36,15,102,0,52,38,31,121,42,28,70,191
07/09/2021,LMT,OR,ANM,WE,Federal Contract Tower,0,3,6,29,38,0,75,53,6,134,0,78,59,35,172,26,24,50,222
07/10/2021,LMT,OR,ANM,WE,Federal Contract Tower,0,7,9,29,45,0,33,21,7,61,0,40,30,36,106,38,10,48,154
07/11/2021,LMT,OR,ANM,WE,Federal Contract Tower,0,2,14,18,34,0,5,13,0,18,0,7,27,18,52,52,0,52,104
07/12/2021,LMT,OR,ANM,WE,Federal Contract Tower,0,7,4,0,11,0,19,16,0,35,0,26,20,0,46,22,0,22,68
07/13/2021,LMT,OR,ANM,WE,Federal Contract Tower,0,5,16,36,57,0,26,20,0,46,0,31,36,36,103,74,0,74,177
07/14/2021,LMT,OR,ANM,WE,Federal Contract Tower,0,10,4,33,47,0,24,6,2,32,0,34,10,35,79,0,12,12,91
07/15/2021,LMT,OR,ANM,WE,Federal Contract Tower,0,4,3,24,31,0,65,8,22,95,0,69,11,46,126,0,6,6,132
07/16/2021,LMT,OR,ANM,WE,Federal Contract Tower,0,11,2,22,35,0,29,16,10,55,0,40,18,32,90,52,48,100,190
07/17/2021,LMT,OR,ANM,WE,Federal Contract Tower,0,3,3,0,6,0,11,25,0,36,0,14,28,0,42,50,0,50,92
07/18/2021,LMT,OR,ANM,WE,Federal Contract Tower,0,0,1,0,1,0,3,26,0,29,0,3,27,0,30,76,0,76,106
07/19/2021,LMT,OR,ANM,WE,Federal Contract Tower,0,3,6,30,39,0,0,58,8,66,0,3,64,38,105,50,86,136,241
07/20/2021,LMT,OR,ANM,WE,Federal Contract Tower,0,2,6,34,42,0,1,33,7,41,0,3,39,41,83,26,20,46,129
07/21/2021,LMT,OR,ANM,WE,Federal Contract Tower,0,5,3,35,43,0,3,27,6,36,0,8,30,41,79,20,32,52,131
07/22/2021,LMT,OR,ANM,WE,Federal Contract Tower,0,4,2,11,17,0,19,45,12,76,0,23,47,23,93,30,6,36,129
07/23/2021,LMT,OR,ANM,WE,Federal Contract Tower,0,7,1,2,10,0,11,32,2,45,0,18,33,4,55,16,0,16,71
07/24/2021,LMT,OR,ANM,WE,Federal Contract Tower,0,4,6,0,10,0,4,4,0,8,0,8,10,0,18,20,0,20,38
07/25/2021,LMT,OR,ANM,WE,Federal Contract Tower,0,0,0,0,0,0,55,16,2,73,0,55,16,2,73,75,0,75,148
07/26/2021,LMT,OR,ANM,WE,Federal Contract Tower,0,3,6,26,35,0,1,23,14,38,0,4,29,40,73,39,36,75,148
07/27/2021,LMT,OR,ANM,WE,Federal Contract Tower,0,7,3,20,30,0,5,15,0,20,0,12,18,20,50,18,0,18,68
07/28/2021,LMT,OR,ANM,WE,Federal Contract Tower,0,7,8,25,40,0,5,18,17,40,0,12,26,42,80,34,38,72,152
07/29/2021,LMT,OR,ANM,WE,Federal Contract Tower,0,4,6,6,16,0,11,32,10,53,0,15,38,16,69,20,0,20,89
07/30/2021,LMT,OR,ANM,WE,Federal Contract Tower,0,4,6,4,14,0,8,33,4,45,0,12,39,8,59,7,6,13,72
07/31/2021,LMT,OR,ANM,WE,Federal Contract Tower,0,4,6,0,10,0,7,57,0,64,0,11,63,0,74,32,0,32,106
08/01/2021,LMT,OR,ANM,WE,Federal Contract Tower,0,0,0,0,0,0,20,39,6,65,0,20,39,6,65,26,0,26,91
08/03/2021,LMT,OR,ANM,WE,Federal Contract Tower,0,6,6,19,31,0,26,42,7,75,0,32,48,26,106,48,2,50,156
08/04/2021,LMT,OR,ANM,WE,Federal Contract Tower,0,10,9,24,43,0,3,12,4,19,0,13,21,28,62,72,2,74,136
08/05/2021,LMT,OR,ANM,WE,Federal Contract Tower,0,4,1,19,24,0,14,2,2,18,0,18,3,21,42,2,8,10,52
08/06/2021,LMT,OR,ANM,WE,Federal Contract Tower,0,4,6,0,10,0,13,22,0,35,0,17,28,0,45,44,0,44,89
08/07/2021,LMT,OR,ANM,WE,Federal Contract Tower,0,3,2,2,7,0,8,23,0,31,0,11,25,2,38,0,0,0,38
08/08/2021,LMT,OR,ANM,WE,Federal Contract Tower,0,2,10,0,12,0,2,24,0,26,0,4,34,0,38,0,0,0,38
08/09/2021,LMT,OR,ANM,WE,Federal Contract Tower,0,5,3,0,8,0,0,26,0,26,0,5,29,0,34,8,0,8,42
08/10/2021,LMT,OR,ANM,WE,Federal Contract Tower,0,4,5,45,54,0,1,23,14,38,0,5,28,59,92,28,12,40,132
08/11/2021,LMT,OR,ANM,WE,Federal Contract Tower,0,3,3,26,32,0,10,13,15,38,0,13,16,41,70,10,16,26,96
08/12/2021,LMT,OR,ANM,WE,Federal Contract Tower,0,7,12,35,54,0,20,4,0,24,0,27,16,35,78,0,2,2,80
08/13/2021,LMT,OR,ANM,WE,Federal Contract Tower,0,13,6,12,31,0,5,8,0,13,0,18,14,12,44,0,0,0,44
08/14/2021,LMT,OR,ANM,WE,Federal Contract Tower,0,6,11,4,21,0,0,1,0,1,0,6,12,4,22,0,0,0,22
08/15/2021,LMT,OR,ANM,WE,Federal Contract Tower,0,3,2,0,5,0,0,4,0,4,0,3,6,0,9,0,0,0,9
08/16/2021,LMT,OR,ANM,WE,Federal Contract Tower,0,3,6,18,27,0,0,4,0,4,0,3,10,18,31,6,0,6,37
08/17/2021,LMT,OR,ANM,WE,Federal Contract Tower,0,10,12,34,56,0,1,8,3,12,0,11,20,37,68,0,18,18,86
08/18/2021,LMT,OR,ANM,WE,Federal Contract Tower,0,8,5,29,42,0,1,22,17,40,0,9,27,46,82,2,30,32,114
08/19/2021,LMT,OR,ANM,WE,Federal Contract Tower,0,8,4,36,48,0,4,12,5,21,0,12,16,41,69,24,34,58,127
08/20/2021,LMT,OR,ANM,WE,Federal Contract Tower,0,6,6,17,29,0,0,11,10,21,0,6,17,27,50,0,20,20,70
08/21/2021,LMT,OR,ANM,WE,Federal Contract Tower,0,4,5,0,9,0,1,9,0,10,0,5,14,0,19,8,0,8,27
08/22/2021,LMT,OR,ANM,WE,Federal Contract Tower,0,2,8,0,10,0,0,4,0,4,0,2,12,0,14,2,0,2,16
08/23/2021,LMT,OR,ANM,WE,Federal Contract Tower,0,5,1,29,35,0,0,0,6,6,0,5,1,35,41,6,32,38,79
08/24/2021,LMT,OR,ANM,WE,Federal Contract Tower,0,6,2,33,41,0,1,1,9,11,0,7,3,42,52,6,18,24,76
08/25/2021,LMT,OR,ANM,WE,Federal Contract Tower,0,9,8,34,51,0,0,5,6,11,0,9,13,40,62,0,6,6,68
08/26/2021,LMT,OR,ANM,WE,Federal Contract Tower,0,7,3,12,22,0,3,18,8,29,0,10,21,20,51,18,12,30,81
08/27/2021,LMT,OR,ANM,WE,Federal Contract Tower,0,7,15,0,22,0,0,14,0,14,0,7,29,0,36,22,0,22,58
08/28/2021,LMT,OR,ANM,WE,Federal Contract Tower,0,4,4,2,10,0,2,15,0,17,0,6,19,2,27,6,0,6,33
08/29/2021,LMT,OR,ANM,WE,Federal Contract Tower,0,0,11,0,11,0,0,13,0,13,0,0,24,0,24,38,0,38,62
08/30/2021,LMT,OR,ANM,WE,Federal Contract Tower,0,6,4,21,31,0,1,3,1,5,0,7,7,22,36,0,0,0,36
08/31/2021,LMT,OR,ANM,WE,Federal Contract Tower,0,6,7,18,31,0,5,8,5,18,0,11,15,23,49,0,6,6,55
09/01/2021,LMT,OR,ANM,WE,Federal Contract Tower,0,7,5,20,32,0,1,6,6,13,0,8,11,26,45,0,52,52,97
09/02/2021,LMT,OR,ANM,WE,Federal Contract Tower,0,3,3,10,16,0,3,15,10,28,0,6,18,20,44,27,12,39,83
09/03/2021,LMT,OR,ANM,WE,Federal Contract Tower,0,3,7,0,10,0,0,35,0,35,0,3,42,0,45,30,0,30,75
09/04/2021,LMT,OR,ANM,WE,Federal Contract Tower,0,5,18,0,23,0,0,0,0,0,0,5,18,0,23,0,0,0,23
09/05/2021,LMT,OR,ANM,WE,Federal Contract Tower,0,0,10,0,10,0,0,0,0,0,0,0,10,0,10,20,0,20,30
09/06/2021,LMT,OR,ANM,WE,Federal Contract Tower,0,5,6,0,11,0,36,12,0,48,0,41,18,0,59,0,0,0,59
09/07/2021,LMT,OR,ANM,WE,Federal Contract Tower,0,6,7,22,35,0,54,4,8,66,0,60,11,30,101,2,50,52,153
09/08/2021,LMT,OR,ANM,WE,Federal Contract Tower,0,7,6,40,53,0,0,4,2,6,0,7,10,42,59,0,0,0,59
09/09/2021,LMT,OR,ANM,WE,Federal Contract Tower,0,6,5,40,51,0,0,1,4,5,0,6,6,44,56,0,2,2,58
09/10/2021,LMT,OR,ANM,WE,Federal Contract Tower,0,4,1,27,32,0,1,12,20,33,0,5,13,47,65,0,18,18,83
09/11/2021,LMT,OR,ANM,WE,Federal Contract Tower,0,9,3,0,12,0,5,22,1,28,0,14,25,1,40,26,0,26,66
09/12/2021,LMT,OR,ANM,WE,Federal Contract Tower,0,1,5,12,18,0,3,26,12,41,0,4,31,24,59,36,32,68,127
09/13/2021,LMT,OR,ANM,WE,Federal Contract Tower,0,5,3,0,8,0,16,13,1,30,0,21,16,1,38,14,0,14,52
09/14/2021,LMT,OR,ANM,WE,Federal Contract Tower,0,5,4,22,31,0,28,23,24,75,0,33,27,46,106,10,44,54,160
09/15/2021,LMT,OR,ANM,WE,Federal Contract Tower,0,9,6,23,38,0,6,7,9,22,0,15,13,32,60,0,6,6,66
09/16/2021,LMT,OR,ANM,WE,Federal Contract Tower,0,7,6,18,31,0,3,35,16,54,0,10,41,34,85,14,18,32,117
09/17/2021,LMT,OR,ANM,WE,Federal Contract Tower,0,4,4,12,20,0,1,27,12,40,0,5,31,24,60,12,14,26,86
09/18/2021,LMT,OR,ANM,WE,Federal Contract Tower,0,6,1,0,7,0,0,6,0,6,0,6,7,0,13,36,0,36,49
09/19/2021,LMT,OR,ANM,WE,Federal Contract Tower,0,0,6,0,6,0,5,18,0,23,0,5,24,0,29,12,0,12,41
09/20/2021,LMT,OR,ANM,WE,Federal Contract Tower,0,3,3,35,41,0,1,24,20,45,0,4,27,55,86,40,38,78,164
09/21/2021,LMT,OR,ANM,WE,Federal Contract Tower,0,4,6,17,27,0,8,38,19,65,0,12,44,36,92,2,12,14,106
09/22/2021,LMT,OR,ANM,WE,Federal Contract Tower,0,8,10,19,37,0,3,43,20,66,0,11,53,39,103,34,20,54,157
09/23/2021,LMT,OR,ANM,WE,Federal Contract Tower,0,9,3,28,40,0,4,30,18,52,0,13,33,46,92,18,18,36,128
09/24/2021,LMT,OR,ANM,WE,Federal Contract Tower,0,4,1,22,27,0,0,22,22,44,0,4,23,44,71,26,30,56,127
09/25/2021,LMT,OR,ANM,WE,Federal Contract Tower,0,6,4,0,10,0,0,34,0,34,0,6,38,0,44,26,0,26,70
09/26/2021,LMT,OR,ANM,WE,Federal Contract Tower,0,0,3,2,5,0,0,38,0,38,0,0,41,2,43,46,0,46,89
09/27/2021,LMT,OR,ANM,WE,Federal Contract Tower,0,4,5,40,49,0,3,0,22,25,0,7,5,62,74,0,2,2,76
09/28/2021,LMT,OR,ANM,WE,Federal Contract Tower,0,7,8,44,59,0,0,15,10,25,0,7,23,54,84,0,34,34,118
09/29/2021,LMT,OR,ANM,WE,Federal Contract Tower,0,7,4,11,22,0,11,43,13,67,0,18,47,24,89,16,16,32,121
09/30/2021,LMT,OR,ANM,WE,Federal Contract Tower,0,7,9,21,37,0,3,46,0,49,0,10,55,21,86,30,0,30,116
10/01/2021,LMT,OR,ANM,WE,Federal Contract Tower,0,5,5,7,17,0,2,41,7,50,0,7,46,14,67,69,8,77,144
10/02/2021,LMT,OR,ANM,WE,Federal Contract Tower,0,4,8,0,12,0,1,41,0,42,0,5,49,0,54,22,0,22,76
10/03/2021,LMT,OR,ANM,WE,Federal Contract Tower,0,2,3,0,5,0,0,57,0,57,0,2,60,0,62,56,0,56,118
10/04/2021,LMT,OR,ANM,WE,Federal Contract Tower,0,7,5,0,12,0,1,41,0,42,0,8,46,0,54,16,0,16,70
10/05/2021,LMT,OR,ANM,WE,Federal Contract Tower,0,7,3,27,37,0,4,19,9,32,0,11,22,36,69,22,32,54,123
10/06/2021,LMT,OR,ANM,WE,Federal Contract Tower,0,4,8,24,36,0,3,11,15,29,0,7,19,39,65,36,60,96,161
10/07/2021,LMT,OR,ANM,WE,Federal Contract Tower,0,6,7,27,40,0,0,25,11,36,0,6,32,38,76,28,101,129,205
10/08/2021,LMT,OR,ANM,WE,Federal Contract Tower,0,5,1,9,15,0,2,12,5,19,0,7,13,14,34,8,35,43,77
10/09/2021,LMT,OR,ANM,WE,Federal Contract Tower,0,3,13,0,16,0,5,45,0,50,0,8,58,0,66,62,0,62,128
10/10/2021,LMT,OR,ANM,WE,Federal Contract Tower,0,1,2,0,3,0,1,23,1,25,0,2,25,1,28,54,0,54,82
10/11/2021,LMT,OR,ANM,WE,Federal Contract Tower,0,5,4,3,12,0,1,10,1,12,0,6,14,4,24,22,0,22,46
10/12/2021,LMT,OR,ANM,WE,Federal Contract Tower,0,7,20,25,52,0,0,44,9,53,0,7,64,34,105,18,66,84,189
10/13/2021,LMT,OR,ANM,WE,Federal Contract Tower,0,3,6,23,32,0,1,30,15,46,0,4,36,38,78,48,42,90,168
10/14/2021,LMT,OR,ANM,WE,Federal Contract Tower,0,5,5,17,27,0,2,23,8,33,0,7,28,25,60,4,26,30,90
10/15/2021,LMT,OR,ANM,WE,Federal Contract Tower,0,4,7,18,29,0,0,33,14,47,0,4,40,32,76,16,24,40,116
10/16/2021,LMT,OR,ANM,WE,Federal Contract Tower,0,3,6,17,26,0,3,53,15,71,0,6,59,32,97,0,48,48,145
10/17/2021,LMT,OR,ANM,WE,Federal Contract Tower,0,1,5,0,6,0,1,6,0,7,0,2,11,0,13,0,0,0,13
10/18/2021,LMT,OR,ANM,WE,Federal Contract Tower,0,3,3,5,11,0,0,23,0,23,0,3,26,5,34,60,28,88,122
10/19/2021,LMT,OR,ANM,WE,Federal Contract Tower,0,6,8,31,45,0,2,11,12,25,0,8,19,43,70,0,44,44,114
10/20/2021,LMT,OR,ANM,WE,Federal Contract Tower,0,3,4,18,25,0,0,18,13,31,0,3,22,31,56,30,46,76,132
10/21/2021,LMT,OR,ANM,WE,Federal Contract Tower,0,4,4,13,21,0,2,9,10,21,0,6,13,23,42,24,6,30,72
10/22/2021,LMT,OR,ANM,WE,Federal Contract Tower,0,6,1,4,11,0,0,8,0,8,0,6,9,4,19,64,0,64,83
10/23/2021,LMT,OR,ANM,WE,Federal Contract Tower,0,7,6,0,13,0,0,5,1,6,0,7,11,1,19,52,0,52,71
10/24/2021,LMT,OR,ANM,WE,Federal Contract Tower,0,3,3,0,6,0,0,0,0,0,0,3,3,0,6,0,0,0,6
10/25/2021,LMT,OR,ANM,WE,Federal Contract Tower,0,4,3,21,28,0,1,11,9,21,0,5,14,30,49,52,28,80,129
10/26/2021,LMT,OR,ANM,WE,Federal Contract Tower,0,5,3,33,41,0,0,6,1,7,0,5,9,34,48,44,12,56,104
10/27/2021,LMT,OR,ANM,WE,Federal Contract Tower,0,4,2,33,39,0,3,22,16,41,0,7,24,49,80,105,32,137,217
10/28/2021,LMT,OR,ANM,WE,Federal Contract Tower,0,7,2,19,28,0,4,24,10,38,0,11,26,29,66,52,46,98,164
10/29/2021,LMT,OR,ANM,WE,Federal Contract Tower,0,3,9,10,22,0,1,24,10,35,0,4,33,20,57,14,28,42,99
10/30/2021,LMT,OR,ANM,WE,Federal Contract Tower,0,6,2,4,12,0,0,19,2,21,0,6,21,6,33,30,0,30,63
10/31/2021,LMT,OR,ANM,WE,Federal Contract Tower,0,1,8,2,11,0,0,27,0,27,0,1,35,2,38,68,0,68,106
11/01/2021,LMT,OR,ANM,WE,Federal Contract Tower,0,5,0,0,5,0,1,0,0,1,0,6,0,0,6,96,0,96,102
11/02/2021,LMT,OR,ANM,WE,Federal Contract Tower,0,6,5,18,29,0,2,20,15,37,0,8,25,33,66,28,46,74,140
11/03/2021,LMT,OR,ANM,WE,Federal Contract Tower,0,6,2,16,24,0,1,27,20,48,0,7,29,36,72,2,14,16,88
11/04/2021,LMT,OR,ANM,WE,Federal Contract Tower,0,6,2,22,30,0,0,7,15,22,0,6,9,37,52,64,4,68,120
11/05/2021,LMT,OR,ANM,WE,Federal Contract Tower,0,7,4,22,33,0,0,7,12,19,0,7,11,34,52,6,20,26,78
11/06/2021,LMT,OR,ANM,WE,Federal Contract Tower,0,5,2,34,41,0,0,3,0,3,0,5,5,34,44,104,0,104,148
11/07/2021,LMT,OR,ANM,WE,Federal Contract Tower,0,0,4,1,5,0,0,32,2,34,0,0,36,3,39,106,0,106,145
11/08/2021,LMT,OR,ANM,WE,Federal Contract Tower,0,3,5,22,30,0,1,17,17,35,0,4,22,39,65,12,45,57,122
11/09/2021,LMT,OR,ANM,WE,Federal Contract Tower,0,6,22,18,46,0,0,25,20,45,0,6,47,38,91,72,16,88,179
11/10/2021,LMT,OR,ANM,WE,Federal Contract Tower,0,7,4,10,21,0,0,22,6,28,0,7,26,16,49,96,0,96,145
11/11/2021,LMT,OR,ANM,WE,Federal Contract Tower,0,6,6,5,17,0,5,17,9,31,0,11,23,14,48,72,28,100,148
11/12/2021,LMT,OR,ANM,WE,Federal Contract Tower,0,5,16,0,21,0,0,13,0,13,0,5,29,0,34,23,0,23,57
11/13/2021,LMT,OR,ANM,WE,Federal Contract Tower,0,4,10,0,14,0,0,21,0,21,0,4,31,0,35,73,0,73,108
11/14/2021,LMT,OR,ANM,WE,Federal Contract Tower,0,0,5,0,5,0,0,21,0,21,0,0,26,0,26,12,0,12,38
11/15/2021,LMT,OR,ANM,WE,Federal Contract Tower,0,6,3,45,54,0,0,12,5,17,0,6,15,50,71,46,48,94,165
11/16/2021,LMT,OR,ANM,WE,Federal Contract Tower,0,6,4,28,38,0,1,22,16,39,0,7,26,44,77,56,52,108,185
11/17/2021,LMT,OR,ANM,WE,Federal Contract Tower,0,12,7,32,51,0,3,28,12,43,0,15,35,44,94,31,11,42,136
11/18/2021,LMT,OR,ANM,WE,Federal Contract Tower,0,3,5,11,19,0,1,7,15,23,0,4,12,26,42,68,30,98,140
11/19/2021,LMT,OR,ANM,WE,Federal Contract Tower,0,6,5,29,40,0,1,11,7,19,0,7,16,36,59,82,8,90,149
11/20/2021,LMT,OR,ANM,WE,Federal Contract Tower,0,7,9,0,16,0,0,48,0,48,0,7,57,0,64,79,0,79,143
11/21/2021,LMT,OR,ANM,WE,Federal Contract Tower,0,0,4,0,4,0,0,37,0,37,0,0,41,0,41,48,0,48,89
11/23/2021,LMT,OR,ANM,WE,Federal Contract Tower,0,12,4,24,40,0,0,9,9,18,0,12,13,33,58,62,14,76,134
11/24/2021,LMT,OR,ANM,WE,Federal Contract Tower,0,13,3,6,22,0,0,8,4,12,0,13,11,10,34,56,4,60,94
11/25/2021,LMT,OR,ANM,WE,Federal Contract Tower,0,0,0,0,0,0,0,2,0,2,0,0,2,0,2,12,0,12,14
11/26/2021,LMT,OR,ANM,WE,Federal Contract Tower,0,5,6,0,11,0,2,12,0,14,0,7,18,0,25,10,0,10,35
11/27/2021,LMT,OR,ANM,WE,Federal Contract Tower,0,3,1,0,4,0,1,14,0,15,0,4,15,0,19,46,0,46,65
11/28/2021,LMT,OR,ANM,WE,Federal Contract Tower,0,1,1,1,3,0,0,25,1,26,0,1,26,2,29,62,4,66,95
11/29/2021,LMT,OR,ANM,WE,Federal Contract Tower,0,13,13,19,45,0,2,12,6,20,0,15,25,25,65,15,14,29,94
11/30/2021,LMT,OR,ANM,WE,Federal Contract Tower,0,10,5,8,23,0,1,23,12,36,0,11,28,20,59,8,4,12,71
12/01/2021,LMT,OR,ANM,WE,Federal Contract Tower,0,7,9,21,37,0,0,7,18,25,0,7,16,39,62,0,26,26,88
12/02/2021,LMT,OR,ANM,WE,Federal Contract Tower,0,8,4,30,42,0,0,21,28,49,0,8,25,58,91,44,32,76,167
12/03/2021,LMT,OR,ANM,WE,Federal Contract Tower,0,4,3,24,31,0,4,14,17,35,0,8,17,41,66,56,16,72,138
12/04/2021,LMT,OR,ANM,WE,Federal Contract Tower,0,3,6,9,18,0,0,37,19,56,0,3,43,28,74,58,28,86,160
12/05/2021,LMT,OR,ANM,WE,Federal Contract Tower,0,1,11,3,15,0,0,31,11,42,0,1,42,14,57,43,0,43,100
12/06/2021,LMT,OR,ANM,WE,Federal Contract Tower,0,4,3,17,24,0,0,13,0,13,0,4,16,17,37,102,24,126,163
12/07/2021,LMT,OR,ANM,WE,Federal Contract Tower,0,9,2,49,60,0,1,8,17,26,0,10,10,66,86,27,34,61,147
12/08/2021,LMT,OR,ANM,WE,Federal Contract Tower,0,6,3,19,28,0,0,4,11,15,0,6,7,30,43,31,12,43,86
12/09/2021,LMT,OR,ANM,WE,Federal Contract Tower,0,8,7,27,42,0,0,11,12,23,0,8,18,39,65,52,32,84,149
12/10/2021,LMT,OR,ANM,WE,Federal Contract Tower,0,8,9,7,24,0,1,15,7,23,0,9,24,14,47,38,6,44,91
12/11/2021,LMT,OR,ANM,WE,Federal Contract Tower,0,4,1,0,5,0,0,8,0,8,0,4,9,0,13,50,0,50,63
12/12/2021,LMT,OR,ANM,WE,Federal Contract Tower,0,1,6,0,7,0,0,3,0,3,0,1,9,0,10,17,0,17,27
12/13/2021,LMT,OR,ANM,WE,Federal Contract Tower,0,4,0,0,4,0,0,2,2,4,0,4,2,2,8,0,0,0,8
12/14/2021,LMT,OR,ANM,WE,Federal Contract Tower,0,8,4,10,22,0,1,7,14,22,0,9,11,24,44,50,6,56,100
12/15/2021,LMT,OR,ANM,WE,Federal Contract Tower,0,4,7,0,11,0,0,0,0,0,0,4,7,0,11,0,0,0,11
12/16/2021,LMT,OR,ANM,WE,Federal Contract Tower,0,8,3,18,29,0,1,4,14,19,0,9,7,32,48,54,14,68,116
12/17/2021,LMT,OR,ANM,WE,Federal Contract Tower,0,9,11,52,72,0,0,0,0,0,0,9,11,52,72,0,0,0,72
12/18/2021,LMT,OR,ANM,WE,Federal Contract Tower,0,3,4,0,7,0,3,30,0,33,0,6,34,0,40,116,0,116,156
12/19/2021,LMT,OR,ANM,WE,Federal Contract Tower,0,0,2,0,2,0,0,9,0,9,0,0,11,0,11,96,0,96,107
12/20/2021,LMT,OR,ANM,WE,Federal Contract Tower,0,8,1,28,37,0,1,14,16,31,0,9,15,44,68,46,28,74,142
12/21/2021,LMT,OR,ANM,WE,Federal Contract Tower,0,8,1,18,27,0,0,11,14,25,0,8,12,32,52,78,30,108,160
12/22/2021,LMT,OR,ANM,WE,Federal Contract Tower,0,8,7,12,27,0,0,9,6,15,0,8,16,18,42,10,14,24,66
12/23/2021,LMT,OR,ANM,WE,Federal Contract Tower,0,6,2,0,8,0,0,3,0,3,0,6,5,0,11,12,0,12,23
12/24/2021,LMT,OR,ANM,WE,Federal Contract Tower,0,8,3,0,11,0,0,0,0,0,0,8,3,0,11,0,0,0,11
12/25/2021,LMT,OR,ANM,WE,Federal Contract Tower,0,2,1,0,3,0,0,0,0,0,0,2,1,0,3,0,0,0,3
12/26/2021,LMT,OR,ANM,WE,Federal Contract Tower,0,1,2,0,3,0,0,0,0,0,0,1,2,0,3,0,0,0,3
12/27/2021,LMT,OR,ANM,WE,Federal Contract Tower,0,4,3,0,7,0,0,0,0,0,0,4,3,0,7,0,0,0,7
12/28/2021,LMT,OR,ANM,WE,Federal Contract Tower,0,7,2,0,9,0,0,0,0,0,0,7,2,0,9,0,0,0,9
12/29/2021,LMT,OR,ANM,WE,Federal Contract Tower,0,12,0,8,20,0,1,6,4,11,0,13,6,12,31,72,12,84,115
12/30/2021,LMT,OR,ANM,WE,Federal Contract Tower,0,7,3,0,10,0,0,8,0,8,0,7,11,0,18,0,0,0,18
12/31/2021,LMT,OR,ANM,WE,Federal Contract Tower,0,14,6,0,20,0,0,10,0,10,0,14,16,0,30,18,0,18,48
01/01/2022,LMT,OR,ANM,WE,Federal Contract Tower,0,0,1,0,1,0,0,27,0,27,0,0,28,0,28,64,0,64,92
01/02/2022,LMT,OR,ANM,WE,Federal Contract Tower,0,0,6,0,6,0,0,30,0,30,0,0,36,0,36,82,0,82,118
01/03/2022,LMT,OR,ANM,WE,Federal Contract Tower,0,3,3,0,6,0,0,0,0,0,0,3,3,0,6,0,0,0,6
01/04/2022,LMT,OR,ANM,WE,Federal Contract Tower,0,8,4,22,34,0,0,3,0,3,0,8,7,22,37,74,2,76,113
01/05/2022,LMT,OR,ANM,WE,Federal Contract Tower,0,12,2,40,54,0,0,21,0,21,0,12,23,40,75,44,0,44,119
01/06/2022,LMT,OR,ANM,WE,Federal Contract Tower,0,11,3,22,36,0,2,6,20,28,0,13,9,42,64,48,10,58,122
01/07/2022,LMT,OR,ANM,WE,Federal Contract Tower,0,11,8,32,51,0,10,0,0,10,0,21,8,32,61,132,4,136,197
01/08/2022,LMT,OR,ANM,WE,Federal Contract Tower,0,5,1,0,6,0,3,27,64,94,0,8,28,64,100,36,14,50,150
01/09/2022,LMT,OR,ANM,WE,Federal Contract Tower,0,0,7,11,18,0,0,36,20,56,0,0,43,31,74,38,14,52,126
01/10/2022,LMT,OR,ANM,WE,Federal Contract Tower,0,4,8,3,15,0,1,20,0,21,0,5,28,3,36,44,4,48,84
01/11/2022,LMT,OR,ANM,WE,Federal Contract Tower,0,6,1,38,45,0,0,29,22,51,0,6,30,60,96,6,26,32,128
01/12/2022,LMT,OR,ANM,WE,Federal Contract Tower,0,4,0,43,47,0,2,27,23,52,0,6,27,66,99,16,78,94,193
01/13/2022,LMT,OR,ANM,WE,Federal Contract Tower,0,7,7,47,61,0,0,10,40,50,0,7,17,87,111,34,78,112,223
01/14/2022,LMT,OR,ANM,WE,Federal Contract Tower,0,4,3,16,23,0,0,30,16,46,0,4,33,32,69,16,8,24,93
01/15/2022,LMT,OR,ANM,WE,Federal Contract Tower,0,3,2,0,5,0,1,51,0,52,0,4,53,0,57,54,0,54,111
01/16/2022,LMT,OR,ANM,WE,Federal Contract Tower,0,4,6,0,10,0,0,30,0,30,0,4,36,0,40,12,0,12,52
01/17/2022,LMT,OR,ANM,WE,Federal Contract Tower,0,6,19,0,25,0,1,33,3,37,0,7,52,3,62,50,0,50,112
01/18/2022,LMT,OR,ANM,WE,Federal Contract Tower,0,8,5,29,42,0,1,12,13,26,0,9,17,42,68,0,44,44,112
01/19/2022,LMT,OR,ANM,WE,Federal Contract Tower,0,7,2,29,38,0,2,12,22,36,0,9,14,51,74,48,44,92,166
01/20/2022,LMT,OR,ANM,WE,Federal Contract Tower,0,6,5,27,38,0,0,23,13,36,0,6,28,40,74,61,22,83,157
01/21/2022,LMT,OR,ANM,WE,Federal Contract Tower,0,4,1,39,44,0,2,30,3,35,0,6,31,42,79,16,38,54,133
01/22/2022,LMT,OR,ANM,WE,Federal Contract Tower,0,5,7,0,12,0,1,46,2,49,0,6,53,2,61,46,0,46,107
01/23/2022,LMT,OR,ANM,WE,Federal Contract Tower,0,0,6,0,6,0,0,21,1,22,0,0,27,1,28,46,0,46,74
01/24/2022,LMT,OR,ANM,WE,Federal Contract Tower,0,4,4,38,46,0,2,10,21,33,0,6,14,59,79,16,108,124,203
01/25/2022,LMT,OR,ANM,WE,Federal Contract Tower,0,5,0,26,31,0,1,13,16,30,0,6,13,42,61,4,18,22,83
01/26/2022,LMT,OR,ANM,WE,Federal Contract Tower,0,4,6,34,44,0,1,16,23,40,0,5,22,57,84,0,72,72,156
01/27/2022,LMT,OR,ANM,WE,Federal Contract Tower,0,7,6,26,39,0,3,20,25,48,0,10,26,51,87,2,52,54,141
01/28/2022,LMT,OR,ANM,WE,Federal Contract Tower,0,6,2,12,20,0,2,13,14,29,0,8,15,26,49,10,10,20,69
01/29/2022,LMT,OR,ANM,WE,Federal Contract Tower,0,5,12,6,23,0,2,44,0,46,0,7,56,6,69,50,6,56,125
01/30/2022,LMT,OR,ANM,WE,Federal Contract Tower,0,0,2,0,2,0,0,14,1,15,0,0,16,1,17,4,4,8,25
01/31/2022,LMT,OR,ANM,WE,Federal Contract Tower,0,5,2,39,46,0,2,24,21,47,0,7,26,60,93,8,62,70,163
02/01/2022,LMT,OR,ANM,WE,Federal Contract Tower,0,3,6,30,39,0,2,9,11,22,0,5,15,41,61,2,38,40,101
02/02/2022,LMT,OR,ANM,WE,Federal Contract Tower,0,7,3,34,44,0,0,20,13,33,0,7,23,47,77,31,14,45,122
02/03/2022,LMT,OR,ANM,WE,Federal Contract Tower,0,3,4,28,35,0,2,18,4,24,0,5,22,32,59,32,32,64,123
02/04/2022,LMT,OR,ANM,WE,Federal Contract Tower,0,2,2,13,17,0,3,12,10,25,0,5,14,23,42,50,18,68,110
02/05/2022,LMT,OR,ANM,WE,Federal Contract Tower,0,4,4,18,26,0,2,62,12,76,0,6,66,30,102,48,14,62,164
02/06/2022,LMT,OR,ANM,WE,Federal Contract Tower,0,1,6,10,17,0,0,39,10,49,0,1,45,20,66,18,8,26,92
02/07/2022,LMT,OR,ANM,WE,Federal Contract Tower,0,1,6,4,11,0,2,34,0,36,0,3,40,4,47,45,0,45,92
02/08/2022,LMT,OR,ANM,WE,Federal Contract Tower,0,2,5,26,33,0,2,7,20,29,0,4,12,46,62,20,12,32,94
02/09/2022,LMT,OR,ANM,WE,Federal Contract Tower,0,2,5,15,22,0,1,32,12,45,0,3,37,27,67,36,16,52,119
02/10/2022,LMT,OR,ANM,WE,Federal Contract Tower,0,4,6,17,27,0,3,37,14,54,0,7,43,31,81,44,66,110,191
02/11/2022,LMT,OR,ANM,WE,Federal Contract Tower,0,6,2,14,22,0,2,39,14,55,0,8,41,28,77,0,4,4,81
02/12/2022,LMT,OR,ANM,WE,Federal Contract Tower,0,4,2,0,6,0,2,30,0,32,0,6,32,0,38,94,0,94,132
02/13/2022,LMT,OR,ANM,WE,Federal Contract Tower,0,0,3,0,3,0,0,51,2,53,0,0,54,2,56,55,0,55,111
02/14/2022,LMT,OR,ANM,WE,Federal Contract Tower,0,6,1,6,13,0,0,7,0,7,0,6,8,6,20,44,0,44,64
02/15/2022,LMT,OR,ANM,WE,Federal Contract Tower,0,5,5,28,38,0,1,11,11,23,0,6,16,39,61,20,28,48,109
02/16/2022,LMT,OR,ANM,WE,Federal Contract Tower,0,4,6,36,46,0,3,5,19,27,0,7,11,55,73,49,46,95,168
02/17/2022,LMT,OR,ANM,WE,Federal Contract Tower,0,7,1,18,26,0,1,25,25,51,0,8,26,43,77,58,14,72,149
02/18/2022,LMT,OR,ANM,WE,Federal Contract Tower,0,3,1,27,31,0,4,40,22,66,0,7,41,49,97,72,76,148,245
02/19/2022,LMT,OR,ANM,WE,Federal Contract Tower,0,2,11,0,13,0,3,59,0,62,0,5,70,0,75,68,0,68,143
02/20/2022,LMT,OR,ANM,WE,Federal Contract Tower,0,2,2,0,4,0,0,4,0,4,0,2,6,0,8,56,0,56,64
02/21/2022,LMT,OR,ANM,WE,Federal Contract Tower,0,5,4,0,9,0,0,0,0,0,0,5,4,0,9,0,0,0,9
02/22/2022,LMT,OR,ANM,WE,Federal Contract Tower,0,6,4,27,37,0,0,8,3,11,0,6,12,30,48,16,10,26,74
02/23/2022,LMT,OR,ANM,WE,Federal Contract Tower,0,3,4,21,28,0,1,17,21,39,0,4,21,42,67,58,4,62,129
02/24/2022,LMT,OR,ANM,WE,Federal Contract Tower,0,4,7,26,37,0,3,22,12,37,0,7,29,38,74,32,42,74,148
02/25/2022,LMT,OR,ANM,WE,Federal Contract Tower,0,4,2,13,19,0,0,23,4,27,0,4,25,17,46,10,38,48,94
02/26/2022,LMT,OR,ANM,WE,Federal Contract Tower,0,4,6,0,10,0,1,22,0,23,0,5,28,0,33,32,0,32,65
02/27/2022,LMT,OR,ANM,WE,Federal Contract Tower,0,2,3,0,5,0,0,9,0,9,0,2,12,0,14,48,0,48,62
02/28/2022,LMT,OR,ANM,WE,Federal Contract Tower,0,10,1,28,39,0,0,11,6,17,0,10,12,34,56,32,28,60,116
03/01/2022,LMT,OR,ANM,WE,Federal Contract Tower,0,4,4,36,44,0,2,18,18,38,0,6,22,54,82,37,37,74,156
03/02/2022,LMT,OR,ANM,WE,Federal Contract Tower,0,4,6,18,28,0,3,12,10,25,0,7,18,28,53,16,38,54,107
03/03/2022,LMT,OR,ANM,WE,Federal Contract Tower,0,5,1,27,33,0,0,10,1,11,0,5,11,28,44,50,4,54,98
03/04/2022,LMT,OR,ANM,WE,Federal Contract Tower,0,7,3,19,29,0,0,17,12,29,0,7,20,31,58,86,52,138,196
03/05/2022,LMT,OR,ANM,WE,Federal Contract Tower,0,6,0,15,21,0,0,8,13,21,0,6,8,28,42,0,14,14,56
03/06/2022,LMT,OR,ANM,WE,Federal Contract Tower,0,0,4,8,12,0,0,26,8,34,0,0,30,16,46,48,12,60,106
03/07/2022,LMT,OR,ANM,WE,Federal Contract Tower,0,6,3,2,11,0,5,30,0,35,0,11,33,2,46,68,8,76,122
03/08/2022,LMT,OR,ANM,WE,Federal Contract Tower,0,7,4,22,33,0,2,15,12,29,0,9,19,34,62,8,26,34,96
03/09/2022,LMT,OR,ANM,WE,Federal Contract Tower,0,8,6,18,32,0,1,13,14,28,0,9,19,32,60,28,23,51,111
03/10/2022,LMT,OR,ANM,WE,Federal Contract Tower,0,4,3,15,22,0,3,27,11,41,0,7,30,26,63,44,10,54,117
03/11/2022,LMT,OR,ANM,WE,Federal Contract Tower,0,4,3,11,18,0,2,38,11,51,0,6,41,22,69,72,4,76,145
03/12/2022,LMT,OR,ANM,WE,Federal Contract Tower,0,0,3,0,3,0,5,0,0,5,0,5,3,0,8,6,0,6,14
03/13/2022,LMT,OR,ANM,WE,Federal Contract Tower,0,0,1,0,1,0,0,5,0,5,0,0,6,0,6,36,0,36,42
03/14/2022,LMT,OR,ANM,WE,Federal Contract Tower,0,2,2,21,25,0,1,28,4,33,0,3,30,25,58,79,18,97,155
03/15/2022,LMT,OR,ANM,WE,Federal Contract Tower,0,7,3,24,34,0,1,1,8,10,0,8,4,32,44,0,8,8,52
03/16/2022,LMT,OR,ANM,WE,Federal Contract Tower,0,4,8,26,38,0,0,26,8,34,0,4,34,34,72,44,22,66,138
03/17/2022,LMT,OR,ANM,WE,Federal Contract Tower,0,6,3,34,43,0,2,16,5,23,0,8,19,39,66,37,8,45,111
03/18/2022,LMT,OR,ANM,WE,Federal Contract Tower,0,4,3,13,20,0,1,19,10,30,0,5,22,23,50,44,6,50,100
03/19/2022,LMT,OR,ANM,WE,Federal Contract Tower,0,7,4,0,11,0,0,3,0,3,0,7,7,0,14,18,0,18,32
03/20/2022,LMT,OR,ANM,WE,Federal Contract Tower,0,2,2,0,4,0,0,29,0,29,0,2,31,0,33,34,0,34,67
03/21/2022,LMT,OR,ANM,WE,Federal Contract Tower,0,5,1,21,27,0,3,11,11,25,0,8,12,32,52,14,30,44,96
03/22/2022,LMT,OR,ANM,WE,Federal Contract Tower,0,2,7,14,23,0,2,26,6,34,0,4,33,20,57,50,6,56,113
03/23/2022,LMT,OR,ANM,WE,Federal Contract Tower,0,5,11,12,28,0,0,21,10,31,0,5,32,22,59,8,12,20,79
03/24/2022,LMT,OR,ANM,WE,Federal Contract Tower,0,7,7,4,18,0,1,22,2,25,0,8,29,6,43,20,6,26,69
03/25/2022,LMT,OR,ANM,WE,Federal Contract Tower,0,5,6,0,11,0,1,23,0,24,0,6,29,0,35,14,0,14,49
03/26/2022,LMT,OR,ANM,WE,Federal Contract Tower,0,2,13,0,15,0,1,38,0,39,0,3,51,0,54,28,0,28,82
03/27/2022,LMT,OR,ANM,WE,Federal Contract Tower,0,0,3,1,4,0,0,19,2,21,0,0,22,3,25,50,0,50,75
03/28/2022,LMT,OR,ANM,WE,Federal Contract Tower,0,4,3,18,25,0,1,16,11,28,0,5,19,29,53,38,40,78,131
03/29/2022,LMT,OR,ANM,WE,Federal Contract Tower,0,3,3,28,34,0,3,19,10,32,0,6,22,38,66,26,68,94,160
03/30/2022,LMT,OR,ANM,WE,Federal Contract Tower,0,7,0,16,23,0,0,23,20,43,0,7,23,36,66,18,14,32,98
03/31/2022,LMT,OR,ANM,WE,Federal Contract Tower,0,7,8,31,46,0,2,35,14,51,0,9,43,45,97,47,32,79,176
04/01/2022,LMT,OR,ANM,WE,Federal Contract Tower,0,4,5,8,17,0,4,31,12,47,0,8,36,20,64,42,8,50,114
04/02/2022,LMT,OR,ANM,WE,Federal Contract Tower,0,5,4,11,20,0,2,15,15,32,0,7,19,26,52,71,19,90,142
04/03/2022,LMT,OR,ANM,WE,Federal Contract Tower,0,2,2,8,12,0,0,23,8,31,0,2,25,16,43,60,6,66,109
04/04/2022,LMT,OR,ANM,WE,Federal Contract Tower,0,3,2,0,5,0,0,0,0,0,0,3,2,0,5,0,0,0,5
04/05/2022,LMT,OR,ANM,WE,Federal Contract Tower,0,7,11,21,39,0,1,27,17,45,0,8,38,38,84,26,26,52,136
04/06/2022,LMT,OR,ANM,WE,Federal Contract Tower,0,7,6,23,36,0,0,23,14,37,0,7,29,37,73,8,21,29,102
04/07/2022,LMT,OR,ANM,WE,Federal Contract Tower,0,2,6,16,24,0,2,20,15,37,0,4,26,31,61,31,40,71,132
04/08/2022,LMT,OR,ANM,WE,Federal Contract Tower,0,13,13,14,40,0,0,26,18,44,0,13,39,32,84,22,8,30,114
04/09/2022,LMT,OR,ANM,WE,Federal Contract Tower,0,3,1,0,4,0,2,19,0,21,0,5,20,0,25,10,0,10,35
04/10/2022,LMT,OR,ANM,WE,Federal Contract Tower,0,1,6,0,7,0,0,12,0,12,0,1,18,0,19,26,0,26,45
04/11/2022,LMT,OR,ANM,WE,Federal Contract Tower,0,6,3,2,11,0,0,0,0,0,0,6,3,2,11,0,0,0,11
04/12/2022,LMT,OR,ANM,WE,Federal Contract Tower,0,7,4,14,25,0,0,1,9,10,0,7,5,23,35,0,8,8,43
04/13/2022,LMT,OR,ANM,WE,Federal Contract Tower,0,11,10,16,37,0,0,0,0,0,0,11,10,16,37,0,0,0,37
04/14/2022,LMT,OR,ANM,WE,Federal Contract Tower,0,4,3,28,35,0,1,6,7,14,0,5,9,35,49,72,14,86,135
04/15/2022,LMT,OR,ANM,WE,Federal Contract Tower,0,3,6,12,21,0,2,8,4,14,0,5,14,16,35,20,16,36,71
04/16/2022,LMT,OR,ANM,WE,Federal Contract Tower,0,2,4,0,6,0,1,9,0,10,0,3,13,0,16,0,0,0,16
04/17/2022,LMT,OR,ANM,WE,Federal Contract Tower,0,0,1,0,1,0,0,30,2,32,0,0,31,2,33,22,6,28,61
04/18/2022,LMT,OR,ANM,WE,Federal Contract Tower,0,3,5,0,8,0,1,8,0,9,0,4,13,0,17,0,0,0,17
04/19/2022,LMT,OR,ANM,WE,Federal Contract Tower,0,6,0,22,28,0,0,5,8,13,0,6,5,30,41,20,6,26,67
04/20/2022,LMT,OR,ANM,WE,Federal Contract Tower,0,8,3,16,27,0,1,3,1,5,0,9,6,17,32,0,18,18,50
04/21/2022,LMT,OR,ANM,WE,Federal Contract Tower,0,6,8,18,32,0,0,14,6,20,0,6,22,24,52,96,60,156,208
04/22/2022,LMT,OR,ANM,WE,Federal Contract Tower,0,5,1,13,19,0,2,23,8,33,0,7,24,21,52,58,26,84,136
04/23/2022,LMT,OR,ANM,WE,Federal Contract Tower,0,3,12,1,16,0,2,48,1,51,0,5,60,2,67,40,0,40,107
04/24/2022,LMT,OR,ANM,WE,Federal Contract Tower,0,2,4,0,6,0,0,41,0,41,0,2,45,0,47,28,0,28,75
04/25/2022,LMT,OR,ANM,WE,Federal Contract Tower,0,3,7,32,42,0,0,14,29,43,0,3,21,61,85,44,18,62,147
04/26/2022,LMT,OR,ANM,WE,Federal Contract Tower,0,5,17,22,44,0,1,38,17,56,0,6,55,39,100,32,22,54,154
04/27/2022,LMT,OR,ANM,WE,Federal Contract Tower,0,2,4,36,42,0,4,38,18,60,0,6,42,54,102,20,34,54,156
04/28/2022,LMT,OR,ANM,WE,Federal Contract Tower,0,6,4,44,54,0,1,10,13,24,0,7,14,57,78,62,32,94,172
04/29/2022,LMT,OR,ANM,WE,Federal Contract Tower,0,7,6,18,31,0,1,33,11,45,0,8,39,29,76,36,2,38,114
04/30/2022,LMT,OR,ANM,WE,Federal Contract Tower,0,3,3,2,8,0,1,25,0,26,0,4,28,2,34,55,0,55,89
05/01/2022,LMT,OR,ANM,WE,Federal Contract Tower,0,2,6,2,10,0,1,38,4,43,0,3,44,6,53,35,0,35,88
05/02/2022,LMT,OR,ANM,WE,Federal Contract Tower,0,3,2,0,5,0,0,2,0,2,0,3,4,0,7,11,0,11,18
05/03/2022,LMT,OR,ANM,WE,Federal Contract Tower,0,4,5,23,32,0,4,31,13,48,0,8,36,36,80,4,38,42,122
05/04/2022,LMT,OR,ANM,WE,Federal Contract Tower,0,6,6,24,36,0,12,52,21,85,0,18,58,45,121,52,34,86,207
05/05/2022,LMT,OR,ANM,WE,Federal Contract Tower,0,8,0,5,13,0,1,12,1,14,0,9,12,6,27,28,0,28,55
05/06/2022,LMT,OR,ANM,WE,Federal Contract Tower,0,8,2,16,26,0,0,7,10,17,0,8,9,26,43,28,26,54,97
05/07/2022,LMT,OR,ANM,WE,Federal Contract Tower,0,3,6,0,9,0,3,12,0,15,0,6,18,0,24,48,0,48,72
05/08/2022,LMT,OR,ANM,WE,Federal Contract Tower,0,0,3,0,3,0,0,0,0,0,0,0,3,0,3,0,0,0,3
05/09/2022,LMT,OR,ANM,WE,Federal Contract Tower,0,5,2,26,33,0,0,9,0,9,0,5,11,26,42,72,42,114,156
05/10/2022,LMT,OR,ANM,WE,Federal Contract Tower,0,7,4,32,43,0,2,10,9,21,0,9,14,41,64,22,12,34,98
05/11/2022,LMT,OR,ANM,WE,Federal Contract Tower,0,6,0,25,31,0,2,54,17,73,0,8,54,42,104,38,29,67,171
05/12/2022,LMT,OR,ANM,WE,Federal Contract Tower,0,3,5,18,26,0,1,28,20,49,0,4,33,38,75,67,22,89,164
05/13/2022,LMT,OR,ANM,WE,Federal Contract Tower,0,6,5,18,29,0,1,26,21,48,0,7,31,39,77,30,16,46,123
05/14/2022,LMT,OR,ANM,WE,Federal Contract Tower,0,4,4,12,20,0,0,25,16,41,0,4,29,28,61,34,10,44,105
05/15/2022,LMT,OR,ANM,WE,Federal Contract Tower,0,0,2,1,3,0,0,16,5,21,0,0,18,6,24,14,0,14,38
05/16/2022,LMT,OR,ANM,WE,Federal Contract Tower,0,4,0,4,8,0,7,22,2,31,0,11,22,6,39,20,8,28,67
05/17/2022,LMT,OR,ANM,WE,Federal Contract Tower,0,4,4,14,22,0,4,45,8,57,0,8,49,22,79,28,28,56,135
05/18/2022,LMT,OR,ANM,WE,Federal Contract Tower,0,3,5,16,24,0,0,22,9,31,0,3,27,25,55,46,28,74,129
05/19/2022,LMT,OR,ANM,WE,Federal Contract Tower,0,3,2,14,19,0,0,24,16,40,0,3,26,30,59,28,26,54,113
05/20/2022,LMT,OR,ANM,WE,Federal Contract Tower,0,5,16,10,31,0,1,29,13,43,0,6,45,23,74,88,8,96,170
05/21/2022,LMT,OR,ANM,WE,Federal Contract Tower,0,4,7,16,27,0,4,42,0,46,0,8,49,16,73,90,6,96,169
05/22/2022,LMT,OR,ANM,WE,Federal Contract Tower,0,0,7,0,7,0,0,47,0,47,0,0,54,0,54,38,0,38,92
05/23/2022,LMT,OR,ANM,WE,Federal Contract Tower,0,6,1,17,24,0,2,46,19,67,0,8,47,36,91,56,16,72,163
05/24/2022,LMT,OR,ANM,WE,Federal Contract Tower,0,5,9,19,33,0,3,40,17,60,0,8,49,36,93,128,32,160,253
05/25/2022,LMT,OR,ANM,WE,Federal Contract Tower,0,8,6,13,27,0,3,41,15,59,0,11,47,28,86,56,8,64,150
05/26/2022,LMT,OR,ANM,WE,Federal Contract Tower,0,7,0,8,15,0,0,30,11,41,0,7,30,19,56,75,1,76,132
05/27/2022,LMT,OR,ANM,WE,Federal Contract Tower,0,5,8,0,13,0,0,15,0,15,0,5,23,0,28,57,0,57,85
05/28/2022,LMT,OR,ANM,WE,Federal Contract Tower,0,5,1,0,6,0,0,4,0,4,0,5,5,0,10,14,0,14,24
05/29/2022,LMT,OR,ANM,WE,Federal Contract Tower,0,2,0,0,2,0,0,4,0,4,0,2,4,0,6,12,0,12,18
05/30/2022,LMT,OR,ANM,WE,Federal Contract Tower,0,0,1,0,1,0,0,21,4,25,0,0,22,4,26,14,0,14,40
05/31/2022,LMT,OR,ANM,WE,Federal Contract Tower,0,7,6,16,29,0,3,41,16,60,0,10,47,32,89,68,10,78,167
06/01/2022,LMT,OR,ANM,WE,Federal Contract Tower,0,4,6,8,18,0,3,24,11,38,0,7,30,19,56,54,16,70,126
06/02/2022,LMT,OR,ANM,WE,Federal Contract Tower,0,3,0,12,15,0,7,41,20,68,0,10,41,32,83,50,12,62,145
06/03/2022,LMT,OR,ANM,WE,Federal Contract Tower,0,8,4,19,31,0,6,30,17,53,0,14,34,36,84,69,12,81,165
06/04/2022,LMT,OR,ANM,WE,Federal Contract Tower,0,4,4,0,8,0,2,27,0,29,0,6,31,0,37,44,0,44,81
06/05/2022,LMT,OR,ANM,WE,Federal Contract Tower,0,4,1,0,5,0,0,15,0,15,0,4,16,0,20,14,0,14,34
06/06/2022,LMT,OR,ANM,WE,Federal Contract Tower,0,5,2,0,7,0,0,44,0,44,0,5,46,0,51,40,0,40,91
06/07/2022,LMT,OR,ANM,WE,Federal Contract Tower,0,2,5,18,25,0,11,27,22,60,0,13,32,40,85,22,18,40,125
06/08/2022,LMT,OR,ANM,WE,Federal Contract Tower,0,4,5,23,32,0,3,34,19,56,0,7,39,42,88,44,20,64,152
06/09/2022,LMT,OR,ANM,WE,Federal Contract Tower,0,7,7,17,31,0,10,36,21,67,0,17,43,38,98,44,48,92,190
06/10/2022,LMT,OR,ANM,WE,Federal Contract Tower,0,4,4,19,27,0,15,27,17,59,0,19,31,36,86,24,28,52,138
06/11/2022,LMT,OR,ANM,WE,Federal Contract Tower,0,4,1,0,5,0,1,29,0,30,0,5,30,0,35,16,0,16,51
06/12/2022,LMT,OR,ANM,WE,Federal Contract Tower,0,3,9,2,14,0,0,9,0,9,0,3,18,2,23,26,0,26,49
06/13/2022,LMT,OR,ANM,WE,Federal Contract Tower,0,4,8,29,41,0,11,15,12,38,0,15,23,41,79,14,52,66,145
06/14/2022,LMT,OR,ANM,WE,Federal Contract Tower,0,5,3,25,33,0,5,23,10,38,0,10,26,35,71,16,16,32,103
06/15/2022,LMT,OR,ANM,WE,Federal Contract Tower,0,7,4,18,29,0,11,48,15,74,0,18,52,33,103,48,46,94,197
06/16/2022,LMT,OR,ANM,WE,Federal Contract Tower,0,4,4,21,29,0,12,40,21,73,0,16,44,42,102,58,44,102,204
06/17/2022,LMT,OR,ANM,WE,Federal Contract Tower,0,8,0,0,8,0,2,20,4,26,0,10,20,4,34,24,0,24,58
06/18/2022,LMT,OR,ANM,WE,Federal Contract Tower,0,3,0,0,3,0,0,20,2,22,0,3,20,2,25,20,0,20,45
06/19/2022,LMT,OR,ANM,WE,Federal Contract Tower,0,0,3,0,3,0,0,46,0,46,0,0,49,0,49,14,0,14,63
06/20/2022,LMT,OR,ANM,WE,Federal Contract Tower,0,4,8,0,12,0,0,47,4,51,0,4,55,4,63,24,0,24,87
06/21/2022,LMT,OR,ANM,WE,Federal Contract Tower,0,4,7,26,37,0,3,50,10,63,0,7,57,36,100,46,60,106,206
06/22/2022,LMT,OR,ANM,WE,Federal Contract Tower,0,6,5,26,37,0,2,32,18,52,0,8,37,44,89,2,48,50,139
06/23/2022,LMT,OR,ANM,WE,Federal Contract Tower,0,8,6,11,25,0,16,25,14,55,0,24,31,25,80,18,14,32,112
06/24/2022,LMT,OR,ANM,WE,Federal Contract Tower,0,6,0,14,20,0,14,32,11,57,0,20,32,25,77,10,14,24,101
06/25/2022,LMT,OR,ANM,WE,Federal Contract Tower,0,2,0,11,13,0,4,47,3,54,0,6,47,14,67,8,0,8,75
06/26/2022,LMT,OR,ANM,WE,Federal Contract Tower,0,4,4,4,12,0,2,21,9,32,0,6,25,13,44,0,0,0,44
06/27/2022,LMT,OR,ANM,WE,Federal Contract Tower,0,5,1,4,10,0,0,23,1,24,0,5,24,5,34,47,14,61,95
06/28/2022,LMT,OR,ANM,WE,Federal Contract Tower,0,5,6,30,41,0,2,38,9,49,0,7,44,39,90,19,58,77,167
06/29/2022,LMT,OR,ANM,WE,Federal Contract Tower,0,6,2,26,34,0,4,37,13,54,0,10,39,39,88,10,42,52,140
06/30/2022,LMT,OR,ANM,WE,Federal Contract Tower,0,5,2,21,28,0,1,18,20,39,0,6,20,41,67,2,10,12,79
07/01/2022,LMT,OR,ANM,WE,Federal Contract Tower,0,4,5,0,9,0,3,26,0,29,0,7,31,0,38,24,0,24,62
07/02/2022,LMT,OR,ANM,WE,Federal Contract Tower,0,2,7,0,9,0,1,38,0,39,0,3,45,0,48,98,0,98,146
07/03/2022,LMT,OR,ANM,WE,Federal Contract Tower,0,0,0,0,0,0,0,14,0,14,0,0,14,0,14,40,0,40,54
07/04/2022,LMT,OR,ANM,WE,Federal Contract Tower,0,0,0,0,0,0,0,6,8,14,0,0,6,8,14,0,8,8,22
07/05/2022,LMT,OR,ANM,WE,Federal Contract Tower,0,5,4,15,24,0,0,26,9,35,0,5,30,24,59,24,14,38,97
07/06/2022,LMT,OR,ANM,WE,Federal Contract Tower,0,3,0,11,14,0,6,31,14,51,0,9,31,25,65,44,30,74,139
07/07/2022,LMT,OR,ANM,WE,Federal Contract Tower,0,3,17,15,35,0,0,34,13,47,0,3,51,28,82,12,68,80,162
07/08/2022,LMT,OR,ANM,WE,Federal Contract Tower,0,4,2,5,11,0,9,25,4,38,0,13,27,9,49,30,12,42,91
07/09/2022,LMT,OR,ANM,WE,Federal Contract Tower,0,4,3,0,7,0,1,34,1,36,0,5,37,1,43,38,2,40,83
07/10/2022,LMT,OR,ANM,WE,Federal Contract Tower,0,0,4,0,4,0,2,36,0,38,0,2,40,0,42,62,0,62,104
07/11/2022,LMT,OR,ANM,WE,Federal Contract Tower,0,4,2,0,6,0,2,21,0,23,0,6,23,0,29,22,0,22,51
07/12/2022,LMT,OR,ANM,WE,Federal Contract Tower,0,6,5,34,45,0,0,27,16,43,0,6,32,50,88,52,38,90,178
07/13/2022,LMT,OR,ANM,WE,Federal Contract Tower,0,4,3,30,37,0,0,74,11,85,0,4,77,41,122,42,14,56,178
07/14/2022,LMT,OR,ANM,WE,Federal Contract Tower,0,5,2,34,41,0,5,47,6,58,0,10,49,40,99,40,10,50,149
07/15/2022,LMT,OR,ANM,WE,Federal Contract Tower,0,6,0,15,21,0,2,31,3,36,0,8,31,18,57,62,10,72,129
07/16/2022,LMT,OR,ANM,WE,Federal Contract Tower,0,1,4,0,5,0,2,29,0,31,0,3,33,0,36,120,0,120,156
07/17/2022,LMT,OR,ANM,WE,Federal Contract Tower,0,0,8,0,8,0,0,30,0,30,0,0,38,0,38,72,0,72,110
07/19/2022,LMT,OR,ANM,WE,Federal Contract Tower,0,4,3,9,16,0,5,32,16,53,0,9,35,25,69,63,8,71,140
07/20/2022,LMT,OR,ANM,WE,Federal Contract Tower,0,3,13,15,31,0,4,22,24,50,0,7,35,39,81,50,28,78,159
07/21/2022,LMT,OR,ANM,WE,Federal Contract Tower,0,6,4,30,40,0,3,32,17,52,0,9,36,47,92,60,18,78,170
07/22/2022,LMT,OR,ANM,WE,Federal Contract Tower,0,3,3,15,21,0,5,49,17,71,0,8,52,32,92,66,14,80,172
07/23/2022,LMT,OR,ANM,WE,Federal Contract Tower,0,1,2,0,3,0,2,46,0,48,0,3,48,0,51,38,0,38,89
07/24/2022,LMT,OR,ANM,WE,Federal Contract Tower,0,0,5,0,5,0,0,25,0,25,0,0,30,0,30,42,0,42,72
07/25/2022,LMT,OR,ANM,WE,Federal Contract Tower,0,2,4,17,23,0,6,25,16,47,0,8,29,33,70,32,26,58,128
07/26/2022,LMT,OR,ANM,WE,Federal Contract Tower,0,5,0,18,23,0,2,33,16,51,0,7,33,34,74,52,12,64,138
07/27/2022,LMT,OR,ANM,WE,Federal Contract Tower,0,3,6,23,32,0,1,39,20,60,0,4,45,43,92,8,18,26,118
07/28/2022,LMT,OR,ANM,WE,Federal Contract Tower,0,7,8,12,27,0,5,20,11,36,0,12,28,23,63,34,22,56,119
07/29/2022,LMT,OR,ANM,WE,Federal Contract Tower,0,4,4,11,19,0,4,22,8,34,0,8,26,19,53,44,12,56,109
07/30/2022,LMT,OR,ANM,WE,Federal Contract Tower,0,3,1,0,4,0,3,36,0,39,0,6,37,0,43,66,0,66,109
07/31/2022,LMT,OR,ANM,WE,Federal Contract Tower,0,2,1,1,4,0,0,20,0,20,0,2,21,1,24,61,0,61,85
08/01/2022,LMT,OR,ANM,WE,Federal Contract Tower,0,7,5,19,31,0,2,31,8,41,0,9,36,27,72,46,6,52,124
08/02/2022,LMT,OR,ANM,WE,Federal Contract Tower,0,5,3,11,19,0,4,22,10,36,0,9,25,21,55,82,4,86,141
08/03/2022,LMT,OR,ANM,WE,Federal Contract Tower,0,4,7,22,33,0,11,53,12,76,0,15,60,34,109,104,35,139,248
08/04/2022,LMT,OR,ANM,WE,Federal Contract Tower,0,3,1,20,24,0,10,22,17,49,0,13,23,37,73,92,26,118,191
08/05/2022,LMT,OR,ANM,WE,Federal Contract Tower,0,6,6,0,12,0,0,40,6,46,0,6,46,6,58,115,0,115,173
08/06/2022,LMT,OR,ANM,WE,Federal Contract Tower,0,9,10,0,19,0,2,42,0,44,0,11,52,0,63,115,0,115,178
08/07/2022,LMT,OR,ANM,WE,Federal Contract Tower,0,3,8,4,15,0,0,20,0,20,0,3,28,4,35,96,12,108,143
08/08/2022,LMT,OR,ANM,WE,Federal Contract Tower,0,3,1,0,4,0,15,30,0,45,0,18,31,0,49,22,0,22,71
08/09/2022,LMT,OR,ANM,WE,Federal Contract Tower,0,6,4,14,24,0,11,28,12,51,0,17,32,26,75,49,6,55,130
08/10/2022,LMT,OR,ANM,WE,Federal Contract Tower,0,6,10,11,27,0,35,23,11,69,0,41,33,22,96,78,16,94,190
08/11/2022,LMT,OR,ANM,WE,Federal Contract Tower,0,3,14,10,27,0,4,33,10,47,0,7,47,20,74,68,14,82,156
08/12/2022,LMT,OR,ANM,WE,Federal Contract Tower,0,4,2,8,14,0,0,49,5,54,0,4,51,13,68,44,0,44,112
08/13/2022,LMT,OR,ANM,WE,Federal Contract Tower,0,6,4,1,11,0,1,48,0,49,0,7,52,1,60,86,0,86,146
08/14/2022,LMT,OR,ANM,WE,Federal Contract Tower,0,1,5,0,6,0,12,33,1,46,0,13,38,1,52,110,0,110,162
08/15/2022,LMT,OR,ANM,WE,Federal Contract Tower,0,6,6,6,18,0,0,29,0,29,0,6,35,6,47,68,2,70,117
08/16/2022,LMT,OR,ANM,WE,Federal Contract Tower,0,5,14,10,29,0,7,39,6,52,0,12,53,16,81,66,4,70,151
08/17/2022,LMT,OR,ANM,WE,Federal Contract Tower,0,4,6,8,18,0,2,22,6,30,0,6,28,14,48,44,2,46,94
08/18/2022,LMT,OR,ANM,WE,Federal Contract Tower,0,8,3,13,24,0,1,39,3,43,0,9,42,16,67,61,2,63,130
08/19/2022,LMT,OR,ANM,WE,Federal Contract Tower,0,6,4,7,17,0,1,65,9,75,0,7,69,16,92,52,8,60,152
08/20/2022,LMT,OR,ANM,WE,Federal Contract Tower,0,4,6,0,10,0,5,39,0,44,0,9,45,0,54,80,0,80,134
08/21/2022,LMT,OR,ANM,WE,Federal Contract Tower,0,0,3,0,3,4,2,47,0,53,4,2,50,0,56,84,0,84,140
08/22/2022,LMT,OR,ANM,WE,Federal Contract Tower,0,5,3,20,28,0,6,33,12,51,0,11,36,32,79,47,18,65,144
08/23/2022,LMT,OR,ANM,WE,Federal Contract Tower,0,2,2,15,19,0,21,53,8,82,0,23,55,23,101,106,26,132,233
08/24/2022,LMT,OR,ANM,WE,Federal Contract Tower,0,10,3,9,22,0,0,18,9,27,0,10,21,18,49,8,16,24,73
08/25/2022,LMT,OR,ANM,WE,Federal Contract Tower,0,3,8,24,35,0,1,55,15,71,0,4,63,39,106,40,18,58,164
08/26/2022,LMT,OR,ANM,WE,Federal Contract Tower,0,5,6,2,13,0,8,43,0,51,0,13,49,2,64,42,0,42,106
08/28/2022,LMT,OR,ANM,WE,Federal Contract Tower,0,0,1,0,1,0,0,46,0,46,0,0,47,0,47,92,0,92,139
08/29/2022,LMT,OR,ANM,WE,Federal Contract Tower,0,4,3,17,24,0,9,31,19,59,0,13,34,36,83,108,12,120,203
08/30/2022,LMT,OR,ANM,WE,Federal Contract Tower,0,6,2,21,29,0,2,31,12,45,0,8,33,33,74,45,10,55,129
08/31/2022,LMT,OR,ANM,WE,Federal Contract Tower,0,6,3,14,23,0,4,34,15,53,0,10,37,29,76,52,16,68,144
09/01/2022,LMT,OR,ANM,WE,Federal Contract Tower,0,8,3,7,18,0,6,39,12,57,0,14,42,19,75,56,2,58,133
09/02/2022,LMT,OR,ANM,WE,Federal Contract Tower,0,11,7,0,18,0,34,23,2,59,0,45,30,2,77,58,0,58,135
09/03/2022,LMT,OR,ANM,WE,Federal Contract Tower,0,3,0,0,3,0,22,34,0,56,0,25,34,0,59,176,0,176,235
09/04/2022,LMT,OR,ANM,WE,Federal Contract Tower,0,2,2,0,4,0,3,24,0,27,0,5,26,0,31,44,0,44,75
09/05/2022,LMT,OR,ANM,WE,Federal Contract Tower,0,0,12,0,12,0,0,44,0,44,0,0,56,0,56,103,0,103,159
09/06/2022,LMT,OR,ANM,WE,Federal Contract Tower,0,4,3,13,20,0,1,26,14,41,0,5,29,27,61,10,2,12,73
09/07/2022,LMT,OR,ANM,WE,Federal Contract Tower,0,9,4,13,26,0,100,31,5,136,0,109,35,18,162,14,4,18,180
09/08/2022,LMT,OR,ANM,WE,Federal Contract Tower,0,9,4,28,41,0,97,9,3,109,0,106,13,31,150,0,0,0,150
09/09/2022,LMT,OR,ANM,WE,Federal Contract Tower,0,6,2,8,16,0,57,33,11,101,0,63,35,19,117,4,0,4,121
09/10/2022,LMT,OR,ANM,WE,Federal Contract Tower,0,4,2,11,17,0,17,19,10,46,0,21,21,21,63,16,10,26,89
09/11/2022,LMT,OR,ANM,WE,Federal Contract Tower,0,0,3,6,9,0,3,10,4,17,0,3,13,10,26,2,10,12,38
09/12/2022,LMT,OR,ANM,WE,Federal Contract Tower,0,5,2,11,18,0,11,18,0,29,0,16,20,11,47,30,36,66,113
09/13/2022,LMT,OR,ANM,WE,Federal Contract Tower,0,9,3,16,28,0,9,38,14,61,0,18,41,30,89,17,48,65,154
09/14/2022,LMT,OR,ANM,WE,Federal Contract Tower,0,12,0,27,39,0,1,24,11,36,0,13,24,38,75,36,24,60,135
09/15/2022,LMT,OR,ANM,WE,Federal Contract Tower,0,5,5,24,34,0,3,45,8,56,0,8,50,32,90,38,28,66,156
09/16/2022,LMT,OR,ANM,WE,Federal Contract Tower,0,6,4,9,19,0,0,31,9,40,0,6,35,18,59,60,14,74,133
09/17/2022,LMT,OR,ANM,WE,Federal Contract Tower,0,2,3,0,5,0,1,30,0,31,0,3,33,0,36,13,0,13,49
09/18/2022,LMT,OR,ANM,WE,Federal Contract Tower,0,1,1,0,2,0,0,20,0,20,0,1,21,0,22,76,0,76,98
09/19/2022,LMT,OR,ANM,WE,Federal Contract Tower,0,5,9,30,44,0,1,27,6,34,0,6,36,36,78,40,32,72,150
09/20/2022,LMT,OR,ANM,WE,Federal Contract Tower,0,8,0,21,29,0,1,28,4,33,0,9,28,25,62,96,12,108,170
09/21/2022,LMT,OR,ANM,WE,Federal Contract Tower,0,4,3,16,23,0,0,23,1,24,0,4,26,17,47,22,0,22,69
09/22/2022,LMT,OR,ANM,WE,Federal Contract Tower,9,5,8,0,22,2,36,4,0,42,11,41,12,0,64,42,0,42,106
09/23/2022,LMT,OR,ANM,WE,Federal Contract Tower,0,4,6,8,18,0,0,37,8,45,0,4,43,16,63,54,0,54,117
09/24/2022,LMT,OR,ANM,WE,Federal Contract Tower,0,1,2,0,3,0,2,32,0,34,0,3,34,0,37,24,0,24,61
09/25/2022,LMT,OR,ANM,WE,Federal Contract Tower,0,0,5,0,5,0,0,35,0,35,0,0,40,0,40,89,0,89,129
09/26/2022,LMT,OR,ANM,WE,Federal Contract Tower,0,3,3,0,6,0,1,26,0,27,0,4,29,0,33,80,0,80,113
09/27/2022,LMT,OR,ANM,WE,Federal Contract Tower,0,6,1,13,20,0,4,34,21,59,0,10,35,34,79,56,16,72,151
09/28/2022,LMT,OR,ANM,WE,Federal Contract Tower,0,4,1,18,23,0,2,56,20,78,0,6,57,38,101,46,16,62,163
09/29/2022,LMT,OR,ANM,WE,Federal Contract Tower,0,4,14,25,43,0,2,37,0,39,0,6,51,25,82,66,8,74,156
09/30/2022,LMT,OR,ANM,WE,Federal Contract Tower,0,8,4,0,12,0,1,45,0,46,0,9,49,0,58,34,0,34,92
10/01/2022,LMT,OR,ANM,WE,Federal Contract Tower,0,2,3,0,5,0,3,44,0,47,0,5,47,0,52,34,0,34,86
10/02/2022,LMT,OR,ANM,WE,Federal Contract Tower,0,0,1,0,1,0,0,21,0,21,0,0,22,0,22,52,0,52,74
10/03/2022,LMT,OR,ANM,WE,Federal Contract Tower,0,1,2,21,24,0,5,32,18,55,0,6,34,39,79,118,18,136,215
10/04/2022,LMT,OR,ANM,WE,Federal Contract Tower,0,3,4,31,38,0,2,24,19,45,0,5,28,50,83,52,16,68,151
10/05/2022,LMT,OR,ANM,WE,Federal Contract Tower,0,4,5,24,33,0,8,29,21,58,0,12,34,45,91,24,52,76,167
10/06/2022,LMT,OR,ANM,WE,Federal Contract Tower,0,2,1,15,18,0,2,33,14,49,0,4,34,29,67,32,58,90,157
10/07/2022,LMT,OR,ANM,WE,Federal Contract Tower,0,0,5,13,18,0,5,37,7,49,0,5,42,20,67,12,32,44,111
10/08/2022,LMT,OR,ANM,WE,Federal Contract Tower,0,3,1,0,4,0,3,52,0,55,0,6,53,0,59,72,0,72,131
10/09/2022,LMT,OR,ANM,WE,Federal Contract Tower,0,0,1,0,1,0,2,39,0,41,0,2,40,0,42,54,0,54,96
10/10/2022,LMT,OR,ANM,WE,Federal Contract Tower,0,5,0,2,7,0,2,34,16,52,0,7,34,18,59,53,0,53,112
10/11/2022,LMT,OR,ANM,WE,Federal Contract Tower,0,7,1,29,37,0,1,28,21,50,0,8,29,50,87,56,24,80,167
10/12/2022,LMT,OR,ANM,WE,Federal Contract Tower,0,6,3,24,33,0,5,34,24,63,0,11,37,48,96,56,24,80,176
10/13/2022,LMT,OR,ANM,WE,Federal Contract Tower,0,3,3,21,27,0,1,24,19,44,0,4,27,40,71,89,50,139,210
10/14/2022,LMT,OR,ANM,WE,Federal Contract Tower,0,5,2,7,14,0,6,34,27,67,0,11,36,34,81,104,4,108,189
10/15/2022,LMT,OR,ANM,WE,Federal Contract Tower,0,6,5,46,57,0,2,47,42,91,0,8,52,88,148,12,41,53,201
10/16/2022,LMT,OR,ANM,WE,Federal Contract Tower,0,2,3,8,13,0,0,42,8,50,0,2,45,16,63,2,8,10,73
10/17/2022,LMT,OR,ANM,WE,Federal Contract Tower,0,4,3,0,7,0,0,47,0,47,0,4,50,0,54,40,0,40,94
10/18/2022,LMT,OR,ANM,WE,Federal Contract Tower,0,6,3,44,53,0,2,46,33,81,0,8,49,77,134,17,41,58,192
10/19/2022,LMT,OR,ANM,WE,Federal Contract Tower,0,7,10,42,59,0,3,38,35,76,0,10,48,77,135,52,16,68,203
10/20/2022,LMT,OR,ANM,WE,Federal Contract Tower,0,7,1,53,61,0,3,30,28,61,0,10,31,81,122,8,36,44,166
10/21/2022,LMT,OR,ANM,WE,Federal Contract Tower,0,4,2,24,30,0,2,34,25,61,0,6,36,49,91,28,10,38,129
10/22/2022,LMT,OR,ANM,WE,Federal Contract Tower,0,4,0,0,4,0,0,2,0,2,0,4,2,0,6,20,0,20,26
10/23/2022,LMT,OR,ANM,WE,Federal Contract Tower,0,1,2,2,5,0,0,16,0,16,0,1,18,2,21,14,0,14,35
10/24/2022,LMT,OR,ANM,WE,Federal Contract Tower,0,5,1,83,89,0,0,12,3,15,0,5,13,86,104,0,12,12,116
10/25/2022,LMT,OR,ANM,WE,Federal Contract Tower,0,4,0,52,56,0,0,16,42,58,0,4,16,94,114,24,28,52,166
10/26/2022,LMT,OR,ANM,WE,Federal Contract Tower,0,9,2,60,71,0,0,22,52,74,0,9,24,112,145,12,14,26,171
10/27/2022,LMT,OR,ANM,WE,Federal Contract Tower,0,3,4,31,38,0,0,35,29,64,0,3,39,60,102,8,8,16,118
10/28/2022,LMT,OR,ANM,WE,Federal Contract Tower,0,5,4,27,36,0,1,18,10,29,0,6,22,37,65,10,10,20,85
10/29/2022,LMT,OR,ANM,WE,Federal Contract Tower,0,3,0,0,3,0,2,24,0,26,0,5,24,0,29,56,0,56,85
10/30/2022,LMT,OR,ANM,WE,Federal Contract Tower,0,0,2,0,2,0,0,34,0,34,0,0,36,0,36,41,0,41,77
10/31/2022,LMT,OR,ANM,WE,Federal Contract Tower,0,3,7,9,19,0,2,20,0,22,0,5,27,9,41,24,14,38,79
11/01/2022,LMT,OR,ANM,WE,Federal Contract Tower,0,6,3,32,41,0,0,1,0,1,0,6,4,32,42,2,0,2,44
11/02/2022,LMT,OR,ANM,WE,Federal Contract Tower,0,7,3,30,40,0,0,6,2,8,0,7,9,32,48,18,0,18,66
11/03/2022,LMT,OR,ANM,WE,Federal Contract Tower,0,6,3,25,34,0,2,41,9,52,0,8,44,34,86,12,58,70,156
11/04/2022,LMT,OR,ANM,WE,Federal Contract Tower,0,8,1,34,43,0,2,12,11,25,0,10,13,45,68,22,4,26,94
11/05/2022,LMT,OR,ANM,WE,Federal Contract Tower,0,6,5,14,25,0,0,2,4,6,0,6,7,18,31,0,10,10,41
11/06/2022,LMT,OR,ANM,WE,Federal Contract Tower,0,0,5,18,23,0,0,3,6,9,0,0,8,24,32,12,14,26,58
11/07/2022,LMT,OR,ANM,WE,Federal Contract Tower,0,6,6,2,14,0,0,14,0,14,0,6,20,2,28,16,0,16,44
11/08/2022,LMT,OR,ANM,WE,Federal Contract Tower,0,10,1,0,11,0,0,0,0,0,0,10,1,0,11,0,0,0,11
11/09/2022,LMT,OR,ANM,WE,Federal Contract Tower,0,6,1,28,35,0,0,23,8,31,0,6,24,36,66,20,2,22,88
11/10/2022,LMT,OR,ANM,WE,Federal Contract Tower,0,5,2,22,29,0,0,5,3,8,0,5,7,25,37,16,0,16,53
11/11/2022,LMT,OR,ANM,WE,Federal Contract Tower,0,8,0,0,8,0,3,11,4,18,0,11,11,4,26,10,0,10,36
11/12/2022,LMT,OR,ANM,WE,Federal Contract Tower,0,5,4,2,11,0,6,16,3,25,0,11,20,5,36,56,8,64,100
11/13/2022,LMT,OR,ANM,WE,Federal Contract Tower,0,0,2,0,2,0,0,33,3,36,0,0,35,3,38,46,0,46,84
11/14/2022,LMT,OR,ANM,WE,Federal Contract Tower,0,3,5,28,36,0,0,30,10,40,0,3,35,38,76,20,72,92,168
11/15/2022,LMT,OR,ANM,WE,Federal Contract Tower,0,9,1,22,32,0,1,28,28,57,0,10,29,50,89,16,36,52,141
11/16/2022,LMT,OR,ANM,WE,Federal Contract Tower,0,5,4,28,37,0,1,39,19,59,0,6,43,47,96,40,30,70,166
11/17/2022,LMT,OR,ANM,WE,Federal Contract Tower,0,7,0,12,19,0,0,36,6,42,0,7,36,18,61,42,4,46,107
11/18/2022,LMT,OR,ANM,WE,Federal Contract Tower,0,5,1,22,28,0,2,14,8,24,0,7,15,30,52,12,21,33,85
11/19/2022,LMT,OR,ANM,WE,Federal Contract Tower,0,5,11,0,16,0,0,42,0,42,0,5,53,0,58,112,0,112,170
11/20/2022,LMT,OR,ANM,WE,Federal Contract Tower,0,0,0,0,0,0,1,35,0,36,0,1,35,0,36,100,0,100,136
11/21/2022,LMT,OR,ANM,WE,Federal Contract Tower,0,4,2,34,40,0,1,28,10,39,0,5,30,44,79,42,18,60,139
11/22/2022,LMT,OR,ANM,WE,Federal Contract Tower,0,12,7,14,33,0,0,25,13,38,0,12,32,27,71,42,6,48,119
11/23/2022,LMT,OR,ANM,WE,Federal Contract Tower,0,11,1,1,13,0,2,11,1,14,0,13,12,2,27,16,0,16,43
11/24/2022,LMT,OR,ANM,WE,Federal Contract Tower,0,1,0,0,1,0,2,17,0,19,0,3,17,0,20,0,0,0,20
11/25/2022,LMT,OR,ANM,WE,Federal Contract Tower,0,5,3,0,8,0,2,16,0,18,0,7,19,0,26,18,0,18,44
11/26/2022,LMT,OR,ANM,WE,Federal Contract Tower,0,2,1,0,3,0,2,36,0,38,0,4,37,0,41,50,0,50,91
11/27/2022,LMT,OR,ANM,WE,Federal Contract Tower,0,2,4,0,6,0,0,17,0,17,0,2,21,0,23,8,0,8,31
11/28/2022,LMT,OR,ANM,WE,Federal Contract Tower,0,5,2,10,17,0,0,1,6,7,0,5,3,16,24,0,10,10,34
11/29/2022,LMT,OR,ANM,WE,Federal Contract Tower,0,9,2,24,35,0,1,10,21,32,0,10,12,45,67,24,28,52,119
11/30/2022,LMT,OR,ANM,WE,Federal Contract Tower,0,6,1,21,28,0,0,6,18,24,0,6,7,39,52,6,38,44,96
12/01/2022,LMT,OR,ANM,WE,Federal Contract Tower,0,7,1,12,20,0,1,2,12,15,0,8,3,24,35,0,58,58,93
12/02/2022,LMT,OR,ANM,WE,Federal Contract Tower,0,11,2,4,17,0,0,22,10,32,0,11,24,14,49,74,0,74,123
12/03/2022,LMT,OR,ANM,WE,Federal Contract Tower,0,3,0,0,3,0,0,15,0,15,0,3,15,0,18,26,2,28,46
12/04/2022,LMT,OR,ANM,WE,Federal Contract Tower,0,2,0,0,2,0,2,0,0,2,0,4,0,0,4,56,0,56,60
12/05/2022,LMT,OR,ANM,WE,Federal Contract Tower,0,5,2,0,7,0,0,4,2,6,0,5,6,2,13,20,0,20,33
12/06/2022,LMT,OR,ANM,WE,Federal Contract Tower,0,7,0,22,29,0,1,18,4,23,0,8,18,26,52,54,36,90,142
12/07/2022,LMT,OR,ANM,WE,Federal Contract Tower,0,11,2,20,33,0,0,0,0,0,0,11,2,20,33,0,0,0,33
12/08/2022,LMT,OR,ANM,WE,Federal Contract Tower,0,9,1,21,31,0,1,9,10,20,0,10,10,31,51,0,14,14,65
12/09/2022,LMT,OR,ANM,WE,Federal Contract Tower,0,8,6,2,16,0,0,3,0,3,0,8,9,2,19,14,2,16,35
12/10/2022,LMT,OR,ANM,WE,Federal Contract Tower,0,3,5,0,8,0,0,7,0,7,0,3,12,0,15,35,0,35,50
12/11/2022,LMT,OR,ANM,WE,Federal Contract Tower,0,0,7,0,7,0,0,4,0,4,0,0,11,0,11,10,0,10,21
12/12/2022,LMT,OR,ANM,WE,Federal Contract Tower,0,5,0,49,54,0,1,22,16,39,0,6,22,65,93,72,69,141,234
12/13/2022,LMT,OR,ANM,WE,Federal Contract Tower,0,0,20,0,20,0,0,0,0,0,0,0,20,0,20,0,0,0,20
12/14/2022,LMT,OR,ANM,WE,Federal Contract Tower,0,3,5,32,40,0,0,13,10,23,0,3,18,42,63,32,2,34,97
12/15/2022,LMT,OR,ANM,WE,Federal Contract Tower,0,12,0,0,12,0,0,0,0,0,0,12,0,0,12,0,0,0,12
12/17/2022,LMT,OR,ANM,WE,Federal Contract Tower,0,5,11,0,16,0,0,38,0,38,0,5,49,0,54,53,0,53,107
12/18/2022,LMT,OR,ANM,WE,Federal Contract Tower,0,0,4,0,4,0,0,18,0,18,0,0,22,0,22,58,0,58,80
12/19/2022,LMT,OR,ANM,WE,Federal Contract Tower,0,6,3,11,20,0,0,30,12,42,0,6,33,23,62,24,40,64,126
12/20/2022,LMT,OR,ANM,WE,Federal Contract Tower,0,7,0,27,34,0,0,11,2,13,0,7,11,29,47,4,2,6,53
12/21/2022,LMT,OR,ANM,WE,Federal Contract Tower,0,7,2,14,23,0,0,18,13,31,0,7,20,27,54,46,8,54,108
12/22/2022,LMT,OR,ANM,WE,Federal Contract Tower,0,8,3,2,13,0,0,3,0,3,0,8,6,2,16,20,0,20,36
12/23/2022,LMT,OR,ANM,WE,Federal Contract Tower,0,0,5,0,5,0,0,3,0,3,0,0,8,0,8,16,0,16,24
12/24/2022,LMT,OR,ANM,WE,Federal Contract Tower,0,2,0,0,2,0,0,0,0,0,0,2,0,0,2,0,0,0,2
12/25/2022,LMT,OR,ANM,WE,Federal Contract Tower,0,0,0,0,0,0,0,0,0,0,0,0,0,0,0,0,0,0,0
12/26/2022,LMT,OR,ANM,WE,Federal Contract Tower,0,4,0,0,4,0,0,8,0,8,0,4,8,0,12,0,0,0,12
12/27/2022,LMT,OR,ANM,WE,Federal Contract Tower,0,2,0,8,10,0,0,4,5,9,0,2,4,13,19,0,4,4,23
12/28/2022,LMT,OR,ANM,WE,Federal Contract Tower,0,9,5,9,23,0,0,10,6,16,0,9,15,15,39,11,22,33,72
12/29/2022,LMT,OR,ANM,WE,Federal Contract Tower,0,5,4,8,17,0,0,4,5,9,0,5,8,13,26,6,6,12,38
12/30/2022,LMT,OR,ANM,WE,Federal Contract Tower,0,10,4,0,14,0,0,0,0,0,0,10,4,0,14,0,0,0,14
12/31/2022,LMT,OR,ANM,WE,Federal Contract Tower,0,3,0,0,3,0,0,11,0,11,0,3,11,0,14,10,0,10,24
01/01/2023,LMT,OR,ANM,WE,Federal Contract Tower,0,0,9,0,9,0,0,20,0,20,0,0,29,0,29,18,0,18,47
01/02/2023,LMT,OR,ANM,WE,Federal Contract Tower,0,2,5,0,7,0,0,6,0,6,0,2,11,0,13,22,0,22,35
01/03/2023,LMT,OR,ANM,WE,Federal Contract Tower,0,7,4,0,11,0,2,15,0,17,0,9,19,0,28,14,0,14,42
01/04/2023,LMT,OR,ANM,WE,Federal Contract Tower,0,6,0,16,22,0,0,1,0,1,0,6,1,16,23,18,2,20,43
01/05/2023,LMT,OR,ANM,WE,Federal Contract Tower,0,15,7,28,50,0,0,7,5,12,0,15,14,33,62,26,4,30,92
01/06/2023,LMT,OR,ANM,WE,Federal Contract Tower,0,6,3,14,23,0,0,19,22,41,0,6,22,36,64,20,20,40,104
01/07/2023,LMT,OR,ANM,WE,Federal Contract Tower,0,3,1,24,28,0,0,1,8,9,0,3,2,32,37,0,0,0,37
01/08/2023,LMT,OR,ANM,WE,Federal Contract Tower,0,0,2,9,11,0,0,12,13,25,0,0,14,22,36,47,6,53,89
01/09/2023,LMT,OR,ANM,WE,Federal Contract Tower,0,6,2,1,9,0,0,17,0,17,0,6,19,1,26,13,0,13,39
01/10/2023,LMT,OR,ANM,WE,Federal Contract Tower,0,6,0,28,34,0,0,8,10,18,0,6,8,38,52,18,22,40,92
01/11/2023,LMT,OR,ANM,WE,Federal Contract Tower,0,6,0,0,6,0,0,1,0,1,0,6,1,0,7,68,0,68,75
01/12/2023,LMT,OR,ANM,WE,Federal Contract Tower,0,7,3,25,35,0,0,13,10,23,0,7,16,35,58,10,8,18,76
01/13/2023,LMT,OR,ANM,WE,Federal Contract Tower,0,6,1,12,19,0,0,11,6,17,0,6,12,18,36,22,8,30,66
01/14/2023,LMT,OR,ANM,WE,Federal Contract Tower,0,3,0,0,3,0,0,1,0,1,0,3,1,0,4,0,0,0,4
01/15/2023,LMT,OR,ANM,WE,Federal Contract Tower,0,1,3,0,4,0,0,5,0,5,0,1,8,0,9,0,0,0,9
01/16/2023,LMT,OR,ANM,WE,Federal Contract Tower,0,2,2,0,4,0,0,15,0,15,0,2,17,0,19,23,0,23,42
01/17/2023,LMT,OR,ANM,WE,Federal Contract Tower,0,7,1,0,8,0,3,18,33,54,0,10,19,33,62,24,8,32,94
01/18/2023,LMT,OR,ANM,WE,Federal Contract Tower,0,7,4,20,31,0,0,4,21,25,0,7,8,41,56,12,12,24,80
01/19/2023,LMT,OR,ANM,WE,Federal Contract Tower,0,4,3,12,19,0,0,21,10,31,0,4,24,22,50,60,6,66,116
01/20/2023,LMT,OR,ANM,WE,Federal Contract Tower,0,4,6,9,19,0,0,37,10,47,0,4,43,19,66,14,14,28,94
01/21/2023,LMT,OR,ANM,WE,Federal Contract Tower,0,6,3,2,11,0,2,35,0,37,0,8,38,2,48,66,0,66,114
01/22/2023,LMT,OR,ANM,WE,Federal Contract Tower,0,0,10,0,10,0,0,30,0,30,0,0,40,0,40,14,0,14,54
01/23/2023,LMT,OR,ANM,WE,Federal Contract Tower,0,5,11,0,16,0,0,39,0,39,0,5,50,0,55,16,0,16,71
01/24/2023,LMT,OR,ANM,WE,Federal Contract Tower,0,7,5,18,30,0,0,43,17,60,0,7,48,35,90,38,22,60,150
01/25/2023,LMT,OR,ANM,WE,Federal Contract Tower,0,7,6,10,23,0,1,40,14,55,0,8,46,24,78,0,10,10,88
01/26/2023,LMT,OR,ANM,WE,Federal Contract Tower,0,3,4,12,19,0,1,39,13,53,0,4,43,25,72,30,12,42,114
01/27/2023,LMT,OR,ANM,WE,Federal Contract Tower,0,10,0,6,16,0,2,22,8,32,0,12,22,14,48,26,8,34,82
01/28/2023,LMT,OR,ANM,WE,Federal Contract Tower,0,5,23,0,28,0,1,15,0,16,0,6,38,0,44,30,0,30,74
01/29/2023,LMT,OR,ANM,WE,Federal Contract Tower,0,0,5,2,7,0,0,9,0,9,0,0,14,2,16,28,0,28,44
01/30/2023,LMT,OR,ANM,WE,Federal Contract Tower,0,5,1,15,21,0,0,34,18,52,0,5,35,33,73,12,24,36,109
01/31/2023,LMT,OR,ANM,WE,Federal Contract Tower,0,4,5,16,25,0,1,21,10,32,0,5,26,26,57,10,20,30,87
02/01/2023,LMT,OR,ANM,WE,Federal Contract Tower,0,5,0,24,29,0,2,42,14,58,0,7,42,38,87,24,16,40,127
02/02/2023,LMT,OR,ANM,WE,Federal Contract Tower,0,5,1,15,21,0,1,27,16,44,0,6,28,31,65,12,8,20,85
02/03/2023,LMT,OR,ANM,WE,Federal Contract Tower,0,8,0,14,22,0,0,10,15,25,0,8,10,29,47,30,8,38,85
02/04/2023,LMT,OR,ANM,WE,Federal Contract Tower,0,3,4,17,24,0,0,20,22,42,0,3,24,39,66,30,6,36,102
02/05/2023,LMT,OR,ANM,WE,Federal Contract Tower,0,1,2,12,15,0,0,8,9,17,0,1,10,21,32,6,6,12,44
02/06/2023,LMT,OR,ANM,WE,Federal Contract Tower,0,4,1,0,5,0,2,30,7,39,0,6,31,7,44,26,0,26,70
02/07/2023,LMT,OR,ANM,WE,Federal Contract Tower,0,6,0,22,28,0,2,36,16,54,0,8,36,38,82,34,29,63,145
02/08/2023,LMT,OR,ANM,WE,Federal Contract Tower,0,8,4,13,25,0,7,26,20,53,0,15,30,33,78,4,16,20,98
02/09/2023,LMT,OR,ANM,WE,Federal Contract Tower,0,5,3,23,31,0,1,26,21,48,0,6,29,44,79,21,16,37,116
02/10/2023,LMT,OR,ANM,WE,Federal Contract Tower,0,3,4,13,20,0,1,23,10,34,0,4,27,23,54,8,16,24,78
02/11/2023,LMT,OR,ANM,WE,Federal Contract Tower,0,5,1,6,12,0,1,7,4,12,0,6,8,10,24,0,0,0,24
02/14/2023,LMT,OR,ANM,WE,Federal Contract Tower,0,9,4,10,23,0,2,15,10,27,0,11,19,20,50,26,12,38,88
02/15/2023,LMT,OR,ANM,WE,Federal Contract Tower,0,3,14,17,34,0,2,27,17,46,0,5,41,34,80,10,20,30,110
02/16/2023,LMT,OR,ANM,WE,Federal Contract Tower,0,6,1,18,25,0,1,32,8,41,0,7,33,26,66,30,12,42,108
02/17/2023,LMT,OR,ANM,WE,Federal Contract Tower,0,5,3,3,11,0,0,28,0,28,0,5,31,3,39,30,0,30,69
02/18/2023,LMT,OR,ANM,WE,Federal Contract Tower,0,3,4,0,7,0,0,38,0,38,0,3,42,0,45,84,0,84,129
02/19/2023,LMT,OR,ANM,WE,Federal Contract Tower,0,2,1,0,3,0,2,42,0,44,0,4,43,0,47,60,0,60,107
02/20/2023,LMT,OR,ANM,WE,Federal Contract Tower,0,3,8,0,11,0,1,38,0,39,0,4,46,0,50,28,0,28,78
02/21/2023,LMT,OR,ANM,WE,Federal Contract Tower,0,4,2,14,20,0,0,3,12,15,0,4,5,26,35,0,2,2,37
02/22/2023,LMT,OR,ANM,WE,Federal Contract Tower,0,5,0,15,20,0,0,1,12,13,0,5,1,27,33,22,14,36,69
02/23/2023,LMT,OR,ANM,WE,Federal Contract Tower,0,2,2,36,40,0,0,5,7,12,0,2,7,43,52,0,16,16,68
02/24/2023,LMT,OR,ANM,WE,Federal Contract Tower,0,3,5,29,37,0,0,5,0,5,0,3,10,29,42,2,2,4,46
02/25/2023,LMT,OR,ANM,WE,Federal Contract Tower,0,2,8,0,10,0,0,46,0,46,0,2,54,0,56,70,0,70,126
02/26/2023,LMT,OR,ANM,WE,Federal Contract Tower,0,1,1,0,2,0,0,1,0,1,0,1,2,0,3,0,0,0,3
02/27/2023,LMT,OR,ANM,WE,Federal Contract Tower,0,6,0,33,39,0,0,0,0,0,0,6,0,33,39,0,4,4,43
02/28/2023,LMT,OR,ANM,WE,Federal Contract Tower,0,1,3,0,4,0,0,1,0,1,0,1,4,0,5,40,0,40,45
03/01/2023,LMT,OR,ANM,WE,Federal Contract Tower,0,9,2,15,26,0,1,30,19,50,0,10,32,34,76,118,14,132,208
03/02/2023,LMT,OR,ANM,WE,Federal Contract Tower,0,3,1,25,29,0,0,12,7,19,0,3,13,32,48,144,8,152,200
03/03/2023,LMT,OR,ANM,WE,Federal Contract Tower,0,6,3,14,23,0,0,8,12,20,0,6,11,26,43,2,8,10,53
03/04/2023,LMT,OR,ANM,WE,Federal Contract Tower,0,5,1,13,19,0,0,0,0,0,0,5,1,13,19,0,0,0,19
03/05/2023,LMT,OR,ANM,WE,Federal Contract Tower,0,2,0,0,2,0,0,5,0,5,0,2,5,0,7,47,0,47,54
03/06/2023,LMT,OR,ANM,WE,Federal Contract Tower,0,2,0,2,4,0,4,25,0,29,0,6,25,2,33,66,0,66,99
03/07/2023,LMT,OR,ANM,WE,Federal Contract Tower,0,6,2,26,34,0,0,6,0,6,0,6,8,26,40,22,6,28,68
03/08/2023,LMT,OR,ANM,WE,Federal Contract Tower,0,6,2,9,17,0,0,30,6,36,0,6,32,15,53,20,8,28,81
03/09/2023,LMT,OR,ANM,WE,Federal Contract Tower,0,3,0,7,10,0,0,10,0,10,0,3,10,7,20,0,0,0,20
03/10/2023,LMT,OR,ANM,WE,Federal Contract Tower,0,3,2,0,5,0,0,12,0,12,0,3,14,0,17,104,0,104,121
03/11/2023,LMT,OR,ANM,WE,Federal Contract Tower,0,2,0,3,5,0,1,27,4,32,0,3,27,7,37,30,0,30,67
03/12/2023,LMT,OR,ANM,WE,Federal Contract Tower,0,0,1,1,2,0,0,1,0,1,0,0,2,1,3,4,0,4,7
03/13/2023,LMT,OR,ANM,WE,Federal Contract Tower,0,4,4,12,20,0,0,11,11,22,0,4,15,23,42,18,6,24,66
03/14/2023,LMT,OR,ANM,WE,Federal Contract Tower,0,2,2,0,4,0,0,0,0,0,0,2,2,0,4,0,0,0,4
03/15/2023,LMT,OR,ANM,WE,Federal Contract Tower,0,4,4,9,17,0,0,15,9,24,0,4,19,18,41,48,12,60,101
03/16/2023,LMT,OR,ANM,WE,Federal Contract Tower,0,4,8,10,22,0,0,59,12,71,0,4,67,22,93,64,8,72,165
03/17/2023,LMT,OR,ANM,WE,Federal Contract Tower,0,4,2,8,14,0,6,26,7,39,0,10,28,15,53,72,8,80,133
03/18/2023,LMT,OR,ANM,WE,Federal Contract Tower,0,4,3,3,10,0,0,47,1,48,0,4,50,4,58,98,0,98,156
03/19/2023,LMT,OR,ANM,WE,Federal Contract Tower,0,2,0,0,2,0,0,28,0,28,0,2,28,0,30,44,0,44,74
03/20/2023,LMT,OR,ANM,WE,Federal Contract Tower,0,5,3,0,8,0,0,17,0,17,0,5,20,0,25,60,0,60,85
03/21/2023,LMT,OR,ANM,WE,Federal Contract Tower,0,5,7,8,20,0,0,19,5,24,0,5,26,13,44,22,24,46,90
03/22/2023,LMT,OR,ANM,WE,Federal Contract Tower,0,6,12,8,26,0,1,18,10,29,0,7,30,18,55,38,28,66,121
03/23/2023,LMT,OR,ANM,WE,Federal Contract Tower,0,7,5,20,32,0,0,10,8,18,0,7,15,28,50,92,28,120,170
03/24/2023,LMT,OR,ANM,WE,Federal Contract Tower,0,5,1,1,7,0,0,8,0,8,0,5,9,1,15,70,0,70,85
03/25/2023,LMT,OR,ANM,WE,Federal Contract Tower,0,3,1,3,7,0,0,6,0,6,0,3,7,3,13,90,0,90,103
03/26/2023,LMT,OR,ANM,WE,Federal Contract Tower,0,4,2,2,8,0,0,22,0,22,0,4,24,2,30,28,0,28,58
03/27/2023,LMT,OR,ANM,WE,Federal Contract Tower,0,10,2,18,30,0,0,10,9,19,0,10,12,27,49,50,38,88,137
03/28/2023,LMT,OR,ANM,WE,Federal Contract Tower,0,4,0,0,4,0,0,5,0,5,0,4,5,0,9,32,0,32,41
03/29/2023,LMT,OR,ANM,WE,Federal Contract Tower,0,6,17,17,40,0,4,22,7,33,0,10,39,24,73,76,12,88,161
03/30/2023,LMT,OR,ANM,WE,Federal Contract Tower,0,9,9,15,33,0,0,18,6,24,0,9,27,21,57,92,18,110,167
03/31/2023,LMT,OR,ANM,WE,Federal Contract Tower,0,4,6,1,11,0,0,25,1,26,0,4,31,2,37,66,0,66,103
04/01/2023,LMT,OR,ANM,WE,Federal Contract Tower,0,5,3,0,8,0,0,1,0,1,0,5,4,0,9,4,0,4,13
04/02/2023,LMT,OR,ANM,WE,Federal Contract Tower,0,0,3,0,3,0,0,1,0,1,0,0,4,0,4,8,0,8,12
04/03/2023,LMT,OR,ANM,WE,Federal Contract Tower,0,3,2,31,36,0,1,15,4,20,0,4,17,35,56,72,22,94,150
04/04/2023,LMT,OR,ANM,WE,Federal Contract Tower,0,7,1,26,34,0,0,13,3,16,0,7,14,29,50,70,26,96,146
04/05/2023,LMT,OR,ANM,WE,Federal Contract Tower,0,4,3,21,28,0,0,39,9,48,0,4,42,30,76,18,42,60,136
04/06/2023,LMT,OR,ANM,WE,Federal Contract Tower,0,8,1,34,43,0,36,33,2,71,0,44,34,36,114,64,6,70,184
04/07/2023,LMT,OR,ANM,WE,Federal Contract Tower,0,4,10,10,24,0,0,19,12,31,0,4,29,22,55,40,4,44,99
04/08/2023,LMT,OR,ANM,WE,Federal Contract Tower,0,3,5,0,8,0,0,30,0,30,0,3,35,0,38,18,0,18,56
04/09/2023,LMT,OR,ANM,WE,Federal Contract Tower,0,0,2,0,2,0,0,19,0,19,0,0,21,0,21,28,0,28,49
04/10/2023,LMT,OR,ANM,WE,Federal Contract Tower,0,5,4,16,25,0,0,8,14,22,0,5,12,30,47,6,40,46,93
04/11/2023,LMT,OR,ANM,WE,Federal Contract Tower,0,6,2,19,27,0,0,11,14,25,0,6,13,33,52,2,50,52,104
04/12/2023,LMT,OR,ANM,WE,Federal Contract Tower,0,2,0,17,19,0,3,10,19,32,0,5,10,36,51,10,10,20,71
04/13/2023,LMT,OR,ANM,WE,Federal Contract Tower,0,4,5,28,37,0,0,30,8,38,0,4,35,36,75,30,38,68,143
04/14/2023,LMT,OR,ANM,WE,Federal Contract Tower,0,3,3,18,24,0,0,59,27,86,0,3,62,45,110,2,10,12,122
04/15/2023,LMT,OR,ANM,WE,Federal Contract Tower,0,2,1,18,21,0,2,26,18,46,0,4,27,36,67,6,50,56,123
04/16/2023,LMT,OR,ANM,WE,Federal Contract Tower,0,0,0,10,10,0,0,17,10,27,0,0,17,20,37,2,14,16,53
04/17/2023,LMT,OR,ANM,WE,Federal Contract Tower,0,4,3,0,7,0,0,7,0,7,0,4,10,0,14,24,0,24,38
04/18/2023,LMT,OR,ANM,WE,Federal Contract Tower,0,3,6,18,27,0,0,19,13,32,0,3,25,31,59,0,18,18,77
04/19/2023,LMT,OR,ANM,WE,Federal Contract Tower,0,4,3,29,36,0,2,23,9,34,0,6,26,38,70,36,10,46,116
04/20/2023,LMT,OR,ANM,WE,Federal Contract Tower,0,6,0,31,37,0,0,27,17,44,0,6,27,48,81,32,30,62,143
04/21/2023,LMT,OR,ANM,WE,Federal Contract Tower,0,4,4,15,23,0,0,30,8,38,0,4,34,23,61,40,8,48,109
04/22/2023,LMT,OR,ANM,WE,Federal Contract Tower,0,2,7,0,9,0,1,42,0,43,0,3,49,0,52,38,0,38,90
04/23/2023,LMT,OR,ANM,WE,Federal Contract Tower,0,0,0,0,0,0,0,21,0,21,0,0,21,0,21,4,0,4,25
04/24/2023,LMT,OR,ANM,WE,Federal Contract Tower,0,3,5,15,23,0,0,39,12,51,0,3,44,27,74,18,10,28,102
04/25/2023,LMT,OR,ANM,WE,Federal Contract Tower,0,3,0,17,20,0,4,25,26,55,0,7,25,43,75,10,18,28,103
04/26/2023,LMT,OR,ANM,WE,Federal Contract Tower,0,4,7,24,35,0,0,42,16,58,0,4,49,40,93,6,46,52,145
04/27/2023,LMT,OR,ANM,WE,Federal Contract Tower,0,10,3,27,40,0,1,42,9,52,0,11,45,36,92,20,56,76,168
04/28/2023,LMT,OR,ANM,WE,Federal Contract Tower,0,7,9,0,16,0,1,45,3,49,0,8,54,3,65,10,0,10,75
04/29/2023,LMT,OR,ANM,WE,Federal Contract Tower,0,3,2,0,5,0,0,49,0,49,0,3,51,0,54,30,0,30,84
04/30/2023,LMT,OR,ANM,WE,Federal Contract Tower,0,0,4,0,4,0,1,33,0,34,0,1,37,0,38,28,0,28,66
05/01/2023,LMT,OR,ANM,WE,Federal Contract Tower,0,4,7,25,36,0,2,13,16,31,0,6,20,41,67,32,8,40,107
05/02/2023,LMT,OR,ANM,WE,Federal Contract Tower,0,3,1,36,40,0,0,9,6,15,0,3,10,42,55,0,4,4,59
05/03/2023,LMT,OR,ANM,WE,Federal Contract Tower,0,8,10,29,47,0,1,36,5,42,0,9,46,34,89,10,12,22,111
05/04/2023,LMT,OR,ANM,WE,Federal Contract Tower,0,7,4,16,27,0,1,16,14,31,0,8,20,30,58,12,38,50,108
05/05/2023,LMT,OR,ANM,WE,Federal Contract Tower,0,8,3,36,47,0,0,19,15,34,0,8,22,51,81,20,34,54,135
05/06/2023,LMT,OR,ANM,WE,Federal Contract Tower,0,3,4,22,29,0,0,3,2,5,0,3,7,24,34,0,2,2,36
05/07/2023,LMT,OR,ANM,WE,Federal Contract Tower,0,0,5,0,5,0,0,15,0,15,0,0,20,0,20,62,0,62,82
05/08/2023,LMT,OR,ANM,WE,Federal Contract Tower,0,6,7,2,15,0,0,11,0,11,0,6,18,2,26,20,0,20,46
05/09/2023,LMT,OR,ANM,WE,Federal Contract Tower,0,6,5,22,33,0,3,36,21,60,0,9,41,43,93,50,46,96,189
05/10/2023,LMT,OR,ANM,WE,Federal Contract Tower,0,3,6,30,39,0,16,79,29,124,0,19,85,59,163,100,10,110,273
05/11/2023,LMT,OR,ANM,WE,Federal Contract Tower,0,4,0,40,44,0,1,38,22,61,0,5,38,62,105,26,16,42,147
05/12/2023,LMT,OR,ANM,WE,Federal Contract Tower,0,3,3,29,35,0,2,37,22,61,0,5,40,51,96,42,20,62,158
05/13/2023,LMT,OR,ANM,WE,Federal Contract Tower,0,5,3,0,8,0,0,28,0,28,0,5,31,0,36,14,0,14,50
05/14/2023,LMT,OR,ANM,WE,Federal Contract Tower,0,0,1,0,1,0,1,19,0,20,0,1,20,0,21,18,0,18,39
05/15/2023,LMT,OR,ANM,WE,Federal Contract Tower,0,3,4,31,38,0,3,24,27,54,0,6,28,58,92,32,22,54,146
05/16/2023,LMT,OR,ANM,WE,Federal Contract Tower,0,5,1,24,30,0,2,29,21,52,0,7,30,45,82,24,6,30,112
05/17/2023,LMT,OR,ANM,WE,Federal Contract Tower,0,3,4,30,37,0,1,34,13,48,0,4,38,43,85,16,18,34,119
05/18/2023,LMT,OR,ANM,WE,Federal Contract Tower,0,5,6,36,47,0,0,26,20,46,0,5,32,56,93,65,6,71,164
05/19/2023,LMT,OR,ANM,WE,Federal Contract Tower,0,4,8,17,29,0,0,44,8,52,0,4,52,25,81,16,18,34,115
05/20/2023,LMT,OR,ANM,WE,Federal Contract Tower,0,1,9,0,10,0,5,19,0,24,0,6,28,0,34,16,0,16,50
05/21/2023,LMT,OR,ANM,WE,Federal Contract Tower,0,0,2,0,2,0,0,16,0,16,0,0,18,0,18,32,0,32,50
05/22/2023,LMT,OR,ANM,WE,Federal Contract Tower,0,3,14,13,30,0,1,41,17,59,0,4,55,30,89,26,6,32,121
05/23/2023,LMT,OR,ANM,WE,Federal Contract Tower,0,5,4,22,31,0,0,23,8,31,0,5,27,30,62,40,11,51,113
05/24/2023,LMT,OR,ANM,WE,Federal Contract Tower,0,7,3,23,33,0,1,40,20,61,0,8,43,43,94,86,10,96,190
05/25/2023,LMT,OR,ANM,WE,Federal Contract Tower,0,5,8,12,25,0,1,32,12,45,0,6,40,24,70,68,6,74,144
05/26/2023,LMT,OR,ANM,WE,Federal Contract Tower,0,3,1,0,4,0,1,11,0,12,0,4,12,0,16,0,0,0,16
05/27/2023,LMT,OR,ANM,WE,Federal Contract Tower,0,3,8,0,11,0,0,11,0,11,0,3,19,0,22,20,0,20,42
05/28/2023,LMT,OR,ANM,WE,Federal Contract Tower,0,2,1,0,3,0,0,3,0,3,0,2,4,0,6,6,0,6,12
05/29/2023,LMT,OR,ANM,WE,Federal Contract Tower,0,0,2,0,2,0,0,38,6,44,0,0,40,6,46,26,4,30,76
05/30/2023,LMT,OR,ANM,WE,Federal Contract Tower,0,7,1,30,38,0,3,36,7,46,0,10,37,37,84,48,16,64,148
05/31/2023,LMT,OR,ANM,WE,Federal Contract Tower,0,4,2,35,41,0,0,28,6,34,0,4,30,41,75,69,10,79,154
06/01/2023,LMT,OR,ANM,WE,Federal Contract Tower,0,5,5,28,38,0,0,28,8,36,0,5,33,36,74,34,12,46,120
06/02/2023,LMT,OR,ANM,WE,Federal Contract Tower,0,4,9,9,22,0,13,46,6,65,0,17,55,15,87,78,6,84,171
06/03/2023,LMT,OR,ANM,WE,Federal Contract Tower,0,3,2,6,11,0,2,55,11,68,0,5,57,17,79,30,6,36,115
06/04/2023,LMT,OR,ANM,WE,Federal Contract Tower,0,0,2,0,2,0,1,28,0,29,0,1,30,0,31,36,0,36,67
06/05/2023,LMT,OR,ANM,WE,Federal Contract Tower,0,9,6,0,15,0,1,37,0,38,0,10,43,0,53,44,0,44,97
06/06/2023,LMT,OR,ANM,WE,Federal Contract Tower,0,4,6,12,22,0,10,21,27,58,0,14,27,39,80,28,20,48,128
06/08/2023,LMT,OR,ANM,WE,Federal Contract Tower,0,6,6,9,21,0,22,24,24,70,0,28,30,33,91,32,6,38,129
06/09/2023,LMT,OR,ANM,WE,Federal Contract Tower,0,6,6,4,16,0,6,20,14,40,0,12,26,18,56,38,10,48,104
06/10/2023,LMT,OR,ANM,WE,Federal Contract Tower,0,3,5,0,8,0,0,52,0,52,0,3,57,0,60,44,0,44,104
06/11/2023,LMT,OR,ANM,WE,Federal Contract Tower,0,0,2,0,2,0,2,22,0,24,0,2,24,0,26,6,0,6,32
06/12/2023,LMT,OR,ANM,WE,Federal Contract Tower,0,3,5,3,11,0,0,55,24,79,0,3,60,27,90,69,10,79,169
06/13/2023,LMT,OR,ANM,WE,Federal Contract Tower,0,4,3,14,21,0,0,37,18,55,0,4,40,32,76,58,2,60,136
06/14/2023,LMT,OR,ANM,WE,Federal Contract Tower,0,6,3,6,15,0,0,48,24,72,0,6,51,30,87,20,12,32,119
06/15/2023,LMT,OR,ANM,WE,Federal Contract Tower,0,9,7,0,16,0,0,33,26,59,0,9,40,26,75,60,16,76,151
06/16/2023,LMT,OR,ANM,WE,Federal Contract Tower,0,4,3,6,13,0,1,33,6,40,0,5,36,12,53,36,6,42,95
06/17/2023,LMT,OR,ANM,WE,Federal Contract Tower,0,3,6,0,9,0,0,42,0,42,0,3,48,0,51,28,0,28,79
06/18/2023,LMT,OR,ANM,WE,Federal Contract Tower,0,1,1,0,2,0,0,23,0,23,0,1,24,0,25,4,0,4,29
06/19/2023,LMT,OR,ANM,WE,Federal Contract Tower,0,3,2,0,5,0,0,8,0,8,0,3,10,0,13,36,0,36,49
06/20/2023,LMT,OR,ANM,WE,Federal Contract Tower,0,6,7,7,20,0,1,25,12,38,0,7,32,19,58,30,6,36,94
06/21/2023,LMT,OR,ANM,WE,Federal Contract Tower,0,6,4,10,20,0,4,69,12,85,0,10,73,22,105,32,4,36,141
06/22/2023,LMT,OR,ANM,WE,Federal Contract Tower,0,5,2,7,14,0,11,53,21,85,0,16,55,28,99,62,8,70,169
06/23/2023,LMT,OR,ANM,WE,Federal Contract Tower,0,8,6,3,17,0,4,59,9,72,0,12,65,12,89,20,16,36,125
06/24/2023,LMT,OR,ANM,WE,Federal Contract Tower,0,4,1,0,5,0,3,38,0,41,0,7,39,0,46,51,0,51,97
06/25/2023,LMT,OR,ANM,WE,Federal Contract Tower,0,0,1,0,1,0,0,24,0,24,0,0,25,0,25,46,0,46,71
06/26/2023,LMT,OR,ANM,WE,Federal Contract Tower,0,3,0,12,15,0,21,36,13,70,0,24,36,25,85,40,10,50,135
06/27/2023,LMT,OR,ANM,WE,Federal Contract Tower,0,3,1,8,12,0,1,47,22,70,0,4,48,30,82,28,10,38,120
06/28/2023,LMT,OR,ANM,WE,Federal Contract Tower,0,6,7,12,25,0,3,45,23,71,0,9,52,35,96,22,16,38,134
06/29/2023,LMT,OR,ANM,WE,Federal Contract Tower,0,6,3,8,17,0,6,48,11,65,0,12,51,19,82,84,10,94,176
06/30/2023,LMT,OR,ANM,WE,Federal Contract Tower,0,4,0,0,4,0,7,66,0,73,0,11,66,0,77,84,0,84,161
07/01/2023,LMT,OR,ANM,WE,Federal Contract Tower,0,4,4,2,10,0,1,24,0,25,0,5,28,2,35,36,0,36,71
07/02/2023,LMT,OR,ANM,WE,Federal Contract Tower,0,0,5,0,5,0,0,15,0,15,0,0,20,0,20,6,0,6,26
07/03/2023,LMT,OR,ANM,WE,Federal Contract Tower,0,2,0,0,2,0,1,29,0,30,0,3,29,0,32,30,0,30,62
07/04/2023,LMT,OR,ANM,WE,Federal Contract Tower,0,1,1,0,2,0,2,28,4,34,0,3,29,4,36,24,2,26,62
07/05/2023,LMT,OR,ANM,WE,Federal Contract Tower,0,4,2,2,8,0,0,37,0,37,0,4,39,2,45,78,0,78,123
07/06/2023,LMT,OR,ANM,WE,Federal Contract Tower,0,5,0,16,21,0,6,56,19,81,0,11,56,35,102,50,28,78,180
07/07/2023,LMT,OR,ANM,WE,Federal Contract Tower,0,1,3,3,7,0,7,70,19,96,0,8,73,22,103,66,42,108,211
07/08/2023,LMT,OR,ANM,WE,Federal Contract Tower,0,2,3,0,5,0,16,54,0,70,0,18,57,0,75,82,0,82,157
07/09/2023,LMT,OR,ANM,WE,Federal Contract Tower,0,0,3,3,6,0,12,37,0,49,0,12,40,3,55,54,0,54,109
07/10/2023,LMT,OR,ANM,WE,Federal Contract Tower,0,2,4,14,20,0,4,50,16,70,0,6,54,30,90,30,26,56,146
07/11/2023,LMT,OR,ANM,WE,Federal Contract Tower,0,3,0,6,9,0,17,44,23,84,0,20,44,29,93,22,16,38,131
07/12/2023,LMT,OR,ANM,WE,Federal Contract Tower,0,3,0,6,9,0,5,41,23,69,0,8,41,29,78,34,4,38,116
07/13/2023,LMT,OR,ANM,WE,Federal Contract Tower,0,4,2,7,13,0,3,41,25,69,0,7,43,32,82,16,22,38,120
07/14/2023,LMT,OR,ANM,WE,Federal Contract Tower,0,3,0,0,3,0,5,47,14,66,0,8,47,14,69,64,8,72,141
07/15/2023,LMT,OR,ANM,WE,Federal Contract Tower,0,2,1,0,3,0,2,44,0,46,0,4,45,0,49,18,0,18,67
07/16/2023,LMT,OR,ANM,WE,Federal Contract Tower,0,0,2,0,2,0,3,39,0,42,0,3,41,0,44,18,0,18,62
07/17/2023,LMT,OR,ANM,WE,Federal Contract Tower,0,3,3,0,6,0,3,49,0,52,0,6,52,0,58,80,0,80,138
07/18/2023,LMT,OR,ANM,WE,Federal Contract Tower,0,3,3,7,13,0,10,43,21,74,0,13,46,28,87,8,4,12,99
07/19/2023,LMT,OR,ANM,WE,Federal Contract Tower,0,7,10,10,27,0,1,41,12,54,0,8,51,22,81,12,44,56,137
07/20/2023,LMT,OR,ANM,WE,Federal Contract Tower,0,3,5,24,32,0,2,39,10,51,0,5,44,34,83,28,14,42,125
07/21/2023,LMT,OR,ANM,WE,Federal Contract Tower,0,5,5,4,14,0,9,47,11,67,0,14,52,15,81,68,6,74,155
07/22/2023,LMT,OR,ANM,WE,Federal Contract Tower,0,2,8,0,10,0,77,33,0,110,0,79,41,0,120,22,0,22,142
07/23/2023,LMT,OR,ANM,WE,Federal Contract Tower,0,0,1,0,1,0,40,40,0,80,0,40,41,0,81,26,0,26,107
07/24/2023,LMT,OR,ANM,WE,Federal Contract Tower,0,3,3,8,14,0,6,39,24,69,0,9,42,32,83,24,22,46,129
07/25/2023,LMT,OR,ANM,WE,Federal Contract Tower,0,4,1,11,16,0,11,27,14,52,0,15,28,25,68,2,10,12,80
07/26/2023,LMT,OR,ANM,WE,Federal Contract Tower,0,7,2,3,12,0,3,31,21,55,0,10,33,24,67,16,22,38,105
07/27/2023,LMT,OR,ANM,WE,Federal Contract Tower,0,9,40,28,77,0,0,0,0,0,0,9,40,28,77,30,22,52,129
07/28/2023,LMT,OR,ANM,WE,Federal Contract Tower,0,9,6,6,21,0,4,44,8,56,0,13,50,14,77,32,22,54,131
07/29/2023,LMT,OR,ANM,WE,Federal Contract Tower,0,4,5,0,9,0,0,54,0,54,0,4,59,0,63,10,0,10,73
07/30/2023,LMT,OR,ANM,WE,Federal Contract Tower,0,0,21,0,21,0,0,37,2,39,0,0,58,2,60,24,0,24,84
07/31/2023,LMT,OR,ANM,WE,Federal Contract Tower,0,3,8,4,15,0,0,30,28,58,0,3,38,32,73,32,44,76,149
08/01/2023,LMT,OR,ANM,WE,Federal Contract Tower,0,5,5,10,20,0,6,43,15,64,0,11,48,25,84,10,20,30,114
08/02/2023,LMT,OR,ANM,WE,Federal Contract Tower,0,4,3,21,28,0,8,36,11,55,0,12,39,32,83,58,14,72,155
08/03/2023,LMT,OR,ANM,WE,Federal Contract Tower,0,9,5,15,29,0,3,26,19,48,0,12,31,34,77,36,26,62,139
08/04/2023,LMT,OR,ANM,WE,Federal Contract Tower,0,3,3,8,14,0,9,42,26,77,0,12,45,34,91,16,32,48,139
08/05/2023,LMT,OR,ANM,WE,Federal Contract Tower,0,3,5,11,19,0,14,28,14,56,0,17,33,25,75,56,14,70,145
08/06/2023,LMT,OR,ANM,WE,Federal Contract Tower,0,0,2,2,4,0,0,25,19,44,0,0,27,21,48,18,12,30,78
08/07/2023,LMT,OR,ANM,WE,Federal Contract Tower,0,3,2,21,26,0,7,35,0,42,0,10,37,21,68,18,38,56,124
08/08/2023,LMT,OR,ANM,WE,Federal Contract Tower,4,1,7,0,12,0,21,31,37,89,4,22,38,37,101,48,38,86,187
08/09/2023,LMT,OR,ANM,WE,Federal Contract Tower,0,3,6,4,13,0,4,46,33,83,0,7,52,37,96,28,14,42,138
08/10/2023,LMT,OR,ANM,WE,Federal Contract Tower,0,4,3,1,8,0,1,60,40,101,0,5,63,41,109,34,18,52,161
08/11/2023,LMT,OR,ANM,WE,Federal Contract Tower,0,2,3,5,10,0,5,39,21,65,0,7,42,26,75,32,6,38,113
08/12/2023,LMT,OR,ANM,WE,Federal Contract Tower,0,5,0,0,5,0,0,23,2,25,0,5,23,2,30,70,0,70,100
08/13/2023,LMT,OR,ANM,WE,Federal Contract Tower,0,0,1,0,1,0,0,18,0,18,0,0,19,0,19,2,0,2,21
08/14/2023,LMT,OR,ANM,WE,Federal Contract Tower,0,2,2,1,5,0,2,30,25,57,0,4,32,26,62,4,6,10,72
08/15/2023,LMT,OR,ANM,WE,Federal Contract Tower,0,4,7,6,17,0,10,34,19,63,0,14,41,25,80,22,16,38,118
08/16/2023,LMT,OR,ANM,WE,Federal Contract Tower,0,4,2,12,18,0,7,37,20,64,0,11,39,32,82,34,14,48,130
08/17/2023,LMT,OR,ANM,WE,Federal Contract Tower,0,4,3,6,13,0,7,24,25,56,0,11,27,31,69,20,20,40,109
08/18/2023,LMT,OR,ANM,WE,Federal Contract Tower,0,2,6,7,15,0,16,8,17,41,0,18,14,24,56,0,4,4,60
08/19/2023,LMT,OR,ANM,WE,Federal Contract Tower,0,2,2,0,4,0,17,14,0,31,0,19,16,0,35,50,0,50,85
08/20/2023,LMT,OR,ANM,WE,Federal Contract Tower,0,2,0,0,2,0,13,8,0,21,0,15,8,0,23,10,0,10,33
08/21/2023,LMT,OR,ANM,WE,Federal Contract Tower,0,4,0,0,4,0,2,10,0,12,0,6,10,0,16,6,0,6,22
08/22/2023,LMT,OR,ANM,WE,Federal Contract Tower,0,5,3,24,32,0,0,8,8,16,0,5,11,32,48,22,14,36,84
08/23/2023,LMT,OR,ANM,WE,Federal Contract Tower,0,3,7,2,12,0,6,13,16,35,0,9,20,18,47,24,4,28,75
08/24/2023,LMT,OR,ANM,WE,Federal Contract Tower,0,5,1,10,16,0,4,30,9,43,0,9,31,19,59,18,10,28,87
08/25/2023,LMT,OR,ANM,WE,Federal Contract Tower,0,5,2,2,9,0,13,25,10,48,0,18,27,12,57,24,4,28,85
08/26/2023,LMT,OR,ANM,WE,Federal Contract Tower,0,4,1,2,7,0,9,42,0,51,0,13,43,2,58,26,0,26,84
08/27/2023,LMT,OR,ANM,WE,Federal Contract Tower,0,0,2,0,2,0,2,29,0,31,0,2,31,0,33,30,0,30,63
08/28/2023,LMT,OR,ANM,WE,Federal Contract Tower,0,7,8,30,45,0,2,20,0,22,0,9,28,30,67,50,0,50,117
08/29/2023,LMT,OR,ANM,WE,Federal Contract Tower,0,3,3,21,27,0,7,29,24,60,0,10,32,45,87,36,6,42,129
08/30/2023,LMT,OR,ANM,WE,Federal Contract Tower,0,4,4,29,37,0,6,40,34,80,0,10,44,63,117,43,22,65,182
08/31/2023,LMT,OR,ANM,WE,Federal Contract Tower,0,4,5,5,14,0,1,46,24,71,0,5,51,29,85,44,12,56,141
