01/01/2000,LNK,NE,ACE,CE,Combined TRACON& Tower with Radar,11,13,10,0,34,1,1,53,0,55,12,14,63,0,89,52,0,52,141
01/02/2000,LNK,NE,ACE,CE,Combined TRACON& Tower with Radar,17,19,28,0,64,0,5,6,0,11,17,24,34,0,75,22,0,22,97
01/03/2000,LNK,NE,ACE,CE,Combined TRACON& Tower with Radar,19,18,26,1,64,0,1,0,0,1,19,19,26,1,65,0,0,0,65
01/04/2000,LNK,NE,ACE,CE,Combined TRACON& Tower with Radar,23,38,68,45,174,0,2,42,5,49,23,40,110,50,223,98,54,152,375
01/05/2000,LNK,NE,ACE,CE,Combined TRACON& Tower with Radar,16,38,68,51,173,0,7,34,7,48,16,45,102,58,221,68,80,148,369
01/06/2000,LNK,NE,ACE,CE,Combined TRACON& Tower with Radar,18,36,66,34,154,0,6,59,9,74,18,42,125,43,228,94,36,130,358
01/07/2000,LNK,NE,ACE,CE,Combined TRACON& Tower with Radar,18,49,65,32,164,2,3,58,14,77,20,52,123,46,241,106,38,144,385
01/08/2000,LNK,NE,ACE,CE,Combined TRACON& Tower with Radar,14,17,56,24,111,0,0,146,11,157,14,17,202,35,268,228,26,254,522
01/09/2000,LNK,NE,ACE,CE,Combined TRACON& Tower with Radar,12,19,41,2,74,5,7,37,0,49,17,26,78,2,123,108,0,108,231
01/10/2000,LNK,NE,ACE,CE,Combined TRACON& Tower with Radar,16,40,43,8,107,0,1,28,0,29,16,41,71,8,136,56,10,66,202
01/11/2000,LNK,NE,ACE,CE,Combined TRACON& Tower with Radar,19,39,68,57,183,0,3,70,4,77,19,42,138,61,260,94,64,158,418
01/12/2000,LNK,NE,ACE,CE,Combined TRACON& Tower with Radar,15,29,72,35,151,0,2,112,13,127,15,31,184,48,278,96,58,154,432
01/13/2000,LNK,NE,ACE,CE,Combined TRACON& Tower with Radar,16,45,94,54,209,0,3,53,12,68,16,48,147,66,277,47,82,129,406
01/14/2000,LNK,NE,ACE,CE,Combined TRACON& Tower with Radar,16,32,38,63,149,0,5,65,26,96,16,37,103,89,245,38,88,126,371
01/15/2000,LNK,NE,ACE,CE,Combined TRACON& Tower with Radar,17,14,50,1,82,0,12,94,0,106,17,26,144,1,188,104,0,104,292
01/16/2000,LNK,NE,ACE,CE,Combined TRACON& Tower with Radar,15,13,39,0,67,0,3,52,1,56,15,16,91,1,123,100,0,100,223
01/17/2000,LNK,NE,ACE,CE,Combined TRACON& Tower with Radar,18,22,45,1,86,0,2,21,0,23,18,24,66,1,109,40,2,42,151
01/18/2000,LNK,NE,ACE,CE,Combined TRACON& Tower with Radar,17,36,120,37,210,0,7,65,4,76,17,43,185,41,286,106,38,144,430
01/19/2000,LNK,NE,ACE,CE,Combined TRACON& Tower with Radar,17,30,64,23,134,0,2,6,0,8,17,32,70,23,142,26,28,54,196
01/20/2000,LNK,NE,ACE,CE,Combined TRACON& Tower with Radar,20,26,53,28,127,0,5,70,6,81,20,31,123,34,208,42,38,80,288
01/21/2000,LNK,NE,ACE,CE,Combined TRACON& Tower with Radar,18,25,74,31,148,0,0,54,65,119,18,25,128,96,267,52,92,144,411
01/22/2000,LNK,NE,ACE,CE,Combined TRACON& Tower with Radar,17,24,38,11,90,0,9,108,7,124,17,33,146,18,214,140,4,144,358
01/23/2000,LNK,NE,ACE,CE,Combined TRACON& Tower with Radar,15,10,47,3,75,0,1,53,7,61,15,11,100,10,136,96,0,96,232
01/24/2000,LNK,NE,ACE,CE,Combined TRACON& Tower with Radar,10,16,35,14,75,23,11,87,26,147,33,27,122,40,222,174,34,208,430
01/25/2000,LNK,NE,ACE,CE,Combined TRACON& Tower with Radar,16,34,70,21,141,0,3,51,11,65,16,37,121,32,206,102,36,138,344
01/26/2000,LNK,NE,ACE,CE,Combined TRACON& Tower with Radar,16,31,91,21,159,0,0,59,6,65,16,31,150,27,224,76,26,102,326
01/27/2000,LNK,NE,ACE,CE,Combined TRACON& Tower with Radar,16,34,70,34,154,0,4,51,4,59,16,38,121,38,213,98,30,128,341
01/28/2000,LNK,NE,ACE,CE,Combined TRACON& Tower with Radar,16,29,56,55,156,0,3,2,4,9,16,32,58,59,165,32,44,76,241
01/29/2000,LNK,NE,ACE,CE,Combined TRACON& Tower with Radar,11,18,36,0,65,4,9,9,0,22,15,27,45,0,87,26,0,26,113
01/30/2000,LNK,NE,ACE,CE,Combined TRACON& Tower with Radar,16,27,33,0,76,0,0,15,0,15,16,27,48,0,91,120,0,120,211
01/31/2000,LNK,NE,ACE,CE,Combined TRACON& Tower with Radar,16,31,57,4,108,0,3,26,0,29,16,34,83,4,137,62,0,62,199
02/01/2000,LNK,NE,ACE,CE,Combined TRACON& Tower with Radar,15,40,82,29,166,0,0,29,9,38,15,40,111,38,204,84,42,126,330
02/02/2000,LNK,NE,ACE,CE,Combined TRACON& Tower with Radar,16,31,64,16,127,0,11,72,17,100,16,42,136,33,227,92,34,126,353
02/03/2000,LNK,NE,ACE,CE,Combined TRACON& Tower with Radar,18,26,60,12,116,0,5,33,16,54,18,31,93,28,170,52,30,82,252
02/04/2000,LNK,NE,ACE,CE,Combined TRACON& Tower with Radar,17,33,67,0,117,0,6,87,0,93,17,39,154,0,210,100,16,116,326
02/05/2000,LNK,NE,ACE,CE,Combined TRACON& Tower with Radar,16,34,99,12,161,0,4,120,7,131,16,38,219,19,292,174,22,196,488
02/06/2000,LNK,NE,ACE,CE,Combined TRACON& Tower with Radar,15,25,82,8,130,0,1,119,1,121,15,26,201,9,251,126,2,128,379
02/07/2000,LNK,NE,ACE,CE,Combined TRACON& Tower with Radar,18,33,75,23,149,0,1,84,0,85,18,34,159,23,234,92,16,108,342
02/08/2000,LNK,NE,ACE,CE,Combined TRACON& Tower with Radar,17,39,71,23,150,0,0,92,4,96,17,39,163,27,246,104,28,132,378
02/09/2000,LNK,NE,ACE,CE,Combined TRACON& Tower with Radar,16,33,107,41,197,0,0,111,14,125,16,33,218,55,322,166,52,218,540
02/10/2000,LNK,NE,ACE,CE,Combined TRACON& Tower with Radar,16,31,65,38,150,0,3,17,3,23,16,34,82,41,173,30,40,70,243
02/11/2000,LNK,NE,ACE,CE,Combined TRACON& Tower with Radar,16,38,56,34,144,0,2,29,17,48,16,40,85,51,192,120,32,152,344
02/12/2000,LNK,NE,ACE,CE,Combined TRACON& Tower with Radar,15,17,20,2,54,0,0,8,0,8,15,17,28,2,62,20,4,24,86
02/13/2000,LNK,NE,ACE,CE,Combined TRACON& Tower with Radar,14,21,20,0,55,0,0,1,0,1,14,21,21,0,56,6,0,6,62
02/14/2000,LNK,NE,ACE,CE,Combined TRACON& Tower with Radar,17,24,86,19,146,0,3,49,2,54,17,27,135,21,200,90,18,108,308
02/15/2000,LNK,NE,ACE,CE,Combined TRACON& Tower with Radar,20,36,76,18,150,0,0,44,0,44,20,36,120,18,194,72,2,74,268
02/16/2000,LNK,NE,ACE,CE,Combined TRACON& Tower with Radar,19,38,77,23,157,0,4,93,7,104,19,42,170,30,261,116,18,134,395
02/17/2000,LNK,NE,ACE,CE,Combined TRACON& Tower with Radar,17,23,43,0,83,0,0,4,0,4,17,23,47,0,87,20,0,20,107
02/18/2000,LNK,NE,ACE,CE,Combined TRACON& Tower with Radar,13,23,32,0,68,0,5,2,0,7,13,28,34,0,75,0,0,0,75
02/19/2000,LNK,NE,ACE,CE,Combined TRACON& Tower with Radar,13,31,74,5,123,0,2,111,1,114,13,33,185,6,237,116,0,116,353
02/20/2000,LNK,NE,ACE,CE,Combined TRACON& Tower with Radar,15,12,54,2,83,0,0,116,1,117,15,12,170,3,200,108,2,110,310
02/21/2000,LNK,NE,ACE,CE,Combined TRACON& Tower with Radar,16,29,63,0,108,1,8,128,0,137,17,37,191,0,245,64,0,64,309
02/22/2000,LNK,NE,ACE,CE,Combined TRACON& Tower with Radar,18,32,71,14,135,0,0,18,2,20,18,32,89,16,155,80,8,88,243
02/23/2000,LNK,NE,ACE,CE,Combined TRACON& Tower with Radar,17,34,64,38,153,0,0,3,1,4,17,34,67,39,157,38,38,76,233
02/24/2000,LNK,NE,ACE,CE,Combined TRACON& Tower with Radar,16,28,95,12,151,0,5,18,1,24,16,33,113,13,175,22,8,30,205
02/25/2000,LNK,NE,ACE,CE,Combined TRACON& Tower with Radar,16,36,57,16,125,0,2,15,9,26,16,38,72,25,151,40,22,62,213
02/26/2000,LNK,NE,ACE,CE,Combined TRACON& Tower with Radar,16,15,44,7,82,0,3,35,14,52,16,18,79,21,134,82,6,88,222
02/27/2000,LNK,NE,ACE,CE,Combined TRACON& Tower with Radar,17,27,46,7,97,1,2,123,6,132,18,29,169,13,229,210,20,230,459
02/28/2000,LNK,NE,ACE,CE,Combined TRACON& Tower with Radar,16,26,48,7,97,0,1,54,6,61,16,27,102,13,158,56,16,72,230
02/29/2000,LNK,NE,ACE,CE,Combined TRACON& Tower with Radar,15,26,48,10,99,0,0,18,4,22,15,26,66,14,121,72,2,74,195
03/01/2000,LNK,NE,ACE,CE,Combined TRACON& Tower with Radar,16,39,52,21,128,0,5,107,4,116,16,44,159,25,244,158,20,178,422
03/02/2000,LNK,NE,ACE,CE,Combined TRACON& Tower with Radar,14,37,61,10,122,0,1,67,7,75,14,38,128,17,197,96,2,98,295
03/03/2000,LNK,NE,ACE,CE,Combined TRACON& Tower with Radar,16,34,70,18,138,0,2,90,11,103,16,36,160,29,241,144,18,162,403
03/04/2000,LNK,NE,ACE,CE,Combined TRACON& Tower with Radar,15,24,59,23,121,0,4,154,4,162,15,28,213,27,283,252,30,282,565
03/05/2000,LNK,NE,ACE,CE,Combined TRACON& Tower with Radar,15,19,43,2,79,0,3,106,0,109,15,22,149,2,188,142,0,142,330
03/06/2000,LNK,NE,ACE,CE,Combined TRACON& Tower with Radar,18,26,53,31,128,0,2,73,6,81,18,28,126,37,209,52,62,114,323
03/07/2000,LNK,NE,ACE,CE,Combined TRACON& Tower with Radar,22,28,74,23,147,0,1,51,5,57,22,29,125,28,204,140,32,172,376
03/08/2000,LNK,NE,ACE,CE,Combined TRACON& Tower with Radar,19,34,68,23,144,0,0,20,4,24,19,34,88,27,168,16,38,54,222
03/09/2000,LNK,NE,ACE,CE,Combined TRACON& Tower with Radar,18,32,103,41,194,0,2,39,4,45,18,34,142,45,239,102,50,152,391
03/10/2000,LNK,NE,ACE,CE,Combined TRACON& Tower with Radar,18,24,76,92,210,0,8,86,38,132,18,32,162,130,342,106,98,204,546
03/11/2000,LNK,NE,ACE,CE,Combined TRACON& Tower with Radar,14,24,29,1,68,0,1,123,0,124,14,25,152,1,192,254,0,254,446
03/12/2000,LNK,NE,ACE,CE,Combined TRACON& Tower with Radar,15,12,55,4,86,0,0,86,0,86,15,12,141,4,172,120,2,122,294
03/13/2000,LNK,NE,ACE,CE,Combined TRACON& Tower with Radar,16,28,73,30,147,0,4,85,5,94,16,32,158,35,241,142,26,168,409
03/14/2000,LNK,NE,ACE,CE,Combined TRACON& Tower with Radar,16,27,55,54,152,0,6,91,5,102,16,33,146,59,254,118,52,170,424
03/15/2000,LNK,NE,ACE,CE,Combined TRACON& Tower with Radar,18,27,42,70,157,0,4,21,4,29,18,31,63,74,186,34,58,92,278
03/16/2000,LNK,NE,ACE,CE,Combined TRACON& Tower with Radar,18,23,53,52,146,0,1,102,17,120,18,24,155,69,266,82,54,136,402
03/17/2000,LNK,NE,ACE,CE,Combined TRACON& Tower with Radar,17,38,66,25,146,0,1,85,19,105,17,39,151,44,251,148,50,198,449
03/18/2000,LNK,NE,ACE,CE,Combined TRACON& Tower with Radar,13,20,19,0,52,0,0,3,0,3,13,20,22,0,55,0,0,0,55
03/19/2000,LNK,NE,ACE,CE,Combined TRACON& Tower with Radar,17,15,61,0,93,0,1,6,0,7,17,16,67,0,100,12,0,12,112
03/20/2000,LNK,NE,ACE,CE,Combined TRACON& Tower with Radar,12,30,92,6,140,0,1,4,0,5,12,31,96,6,145,28,4,32,177
03/21/2000,LNK,NE,ACE,CE,Combined TRACON& Tower with Radar,15,26,112,30,183,0,0,18,4,22,15,26,130,34,205,134,34,168,373
03/22/2000,LNK,NE,ACE,CE,Combined TRACON& Tower with Radar,15,41,97,34,187,0,1,32,4,37,15,42,129,38,224,140,44,184,408
03/23/2000,LNK,NE,ACE,CE,Combined TRACON& Tower with Radar,19,26,79,21,145,0,0,5,1,6,19,26,84,22,151,40,4,44,195
03/24/2000,LNK,NE,ACE,CE,Combined TRACON& Tower with Radar,24,35,72,10,141,0,4,42,11,57,24,39,114,21,198,140,8,148,346
03/25/2000,LNK,NE,ACE,CE,Combined TRACON& Tower with Radar,19,22,91,16,148,0,2,176,19,197,19,24,267,35,345,192,12,204,549
03/26/2000,LNK,NE,ACE,CE,Combined TRACON& Tower with Radar,22,19,35,11,87,0,13,63,5,81,22,32,98,16,168,86,0,86,254
03/27/2000,LNK,NE,ACE,CE,Combined TRACON& Tower with Radar,20,34,60,14,128,0,1,49,8,58,20,35,109,22,186,56,24,80,266
03/28/2000,LNK,NE,ACE,CE,Combined TRACON& Tower with Radar,18,26,95,19,158,0,0,118,4,122,18,26,213,23,280,146,20,166,446
03/29/2000,LNK,NE,ACE,CE,Combined TRACON& Tower with Radar,16,40,72,34,162,0,0,114,3,117,16,40,186,37,279,182,26,208,487
03/30/2000,LNK,NE,ACE,CE,Combined TRACON& Tower with Radar,17,39,71,36,163,0,4,104,6,114,17,43,175,42,277,152,56,208,485
03/31/2000,LNK,NE,ACE,CE,Combined TRACON& Tower with Radar,16,34,69,30,149,0,2,71,13,86,16,36,140,43,235,156,24,180,415
04/01/2000,LNK,NE,ACE,CE,Combined TRACON& Tower with Radar,17,41,91,2,151,0,0,93,1,94,17,41,184,3,245,188,2,190,435
04/02/2000,LNK,NE,ACE,CE,Combined TRACON& Tower with Radar,15,25,96,4,140,0,0,66,1,67,15,25,162,5,207,146,0,146,353
04/03/2000,LNK,NE,ACE,CE,Combined TRACON& Tower with Radar,16,30,60,58,164,0,2,22,3,27,16,32,82,61,191,36,40,76,267
04/04/2000,LNK,NE,ACE,CE,Combined TRACON& Tower with Radar,16,31,42,51,140,0,2,96,15,113,16,33,138,66,253,184,82,266,519
04/05/2000,LNK,NE,ACE,CE,Combined TRACON& Tower with Radar,18,30,48,24,120,0,2,48,13,63,18,32,96,37,183,64,42,106,289
04/06/2000,LNK,NE,ACE,CE,Combined TRACON& Tower with Radar,17,36,43,47,143,0,0,101,7,108,17,36,144,54,251,98,64,162,413
04/07/2000,LNK,NE,ACE,CE,Combined TRACON& Tower with Radar,17,29,31,30,107,0,2,23,4,29,17,31,54,34,136,48,20,68,204
04/08/2000,LNK,NE,ACE,CE,Combined TRACON& Tower with Radar,16,46,38,11,111,0,8,131,11,150,16,54,169,22,261,222,4,226,487
04/09/2000,LNK,NE,ACE,CE,Combined TRACON& Tower with Radar,17,25,47,0,89,0,2,112,6,120,17,27,159,6,209,126,0,126,335
04/10/2000,LNK,NE,ACE,CE,Combined TRACON& Tower with Radar,18,29,52,2,101,0,1,46,0,47,18,30,98,2,148,90,0,90,238
04/11/2000,LNK,NE,ACE,CE,Combined TRACON& Tower with Radar,15,40,84,69,208,0,2,62,3,67,15,42,146,72,275,188,46,234,509
04/12/2000,LNK,NE,ACE,CE,Combined TRACON& Tower with Radar,16,32,42,32,122,0,2,78,3,83,16,34,120,35,205,118,32,150,355
04/13/2000,LNK,NE,ACE,CE,Combined TRACON& Tower with Radar,16,46,61,29,152,0,1,51,12,64,16,47,112,41,216,76,52,128,344
04/14/2000,LNK,NE,ACE,CE,Combined TRACON& Tower with Radar,17,29,72,20,138,0,0,51,8,59,17,29,123,28,197,152,18,170,367
04/15/2000,LNK,NE,ACE,CE,Combined TRACON& Tower with Radar,17,26,59,21,123,0,0,3,2,5,17,26,62,23,128,18,12,30,158
04/16/2000,LNK,NE,ACE,CE,Combined TRACON& Tower with Radar,17,15,22,22,76,0,0,2,0,2,17,15,24,22,78,6,18,24,102
04/17/2000,LNK,NE,ACE,CE,Combined TRACON& Tower with Radar,17,31,56,19,123,0,1,55,0,56,17,32,111,19,179,166,10,176,355
04/18/2000,LNK,NE,ACE,CE,Combined TRACON& Tower with Radar,16,27,89,11,143,0,5,83,3,91,16,32,172,14,234,290,14,304,538
04/19/2000,LNK,NE,ACE,CE,Combined TRACON& Tower with Radar,15,37,63,25,140,0,1,47,8,56,15,38,110,33,196,54,2,56,252
04/20/2000,LNK,NE,ACE,CE,Combined TRACON& Tower with Radar,15,33,51,44,143,0,0,2,6,8,15,33,53,50,151,12,30,42,193
04/21/2000,LNK,NE,ACE,CE,Combined TRACON& Tower with Radar,17,39,62,4,122,0,0,124,6,130,17,39,186,10,252,208,2,210,462
04/22/2000,LNK,NE,ACE,CE,Combined TRACON& Tower with Radar,15,26,26,1,68,0,4,95,2,101,15,30,121,3,169,166,0,166,335
04/23/2000,LNK,NE,ACE,CE,Combined TRACON& Tower with Radar,14,21,26,4,65,0,0,37,0,37,14,21,63,4,102,50,0,50,152
04/24/2000,LNK,NE,ACE,CE,Combined TRACON& Tower with Radar,18,39,69,16,142,0,2,57,0,59,18,41,126,16,201,152,32,184,385
04/25/2000,LNK,NE,ACE,CE,Combined TRACON& Tower with Radar,17,27,85,26,155,0,0,56,0,56,17,27,141,26,211,228,32,260,471
04/26/2000,LNK,NE,ACE,CE,Combined TRACON& Tower with Radar,15,44,78,27,164,0,2,54,6,62,15,46,132,33,226,186,16,202,428
04/27/2000,LNK,NE,ACE,CE,Combined TRACON& Tower with Radar,16,24,58,44,142,0,0,29,12,41,16,24,87,56,183,32,66,98,281
04/28/2000,LNK,NE,ACE,CE,Combined TRACON& Tower with Radar,14,26,72,26,138,0,1,123,7,131,14,27,195,33,269,242,32,274,543
04/29/2000,LNK,NE,ACE,CE,Combined TRACON& Tower with Radar,15,18,39,29,101,0,1,115,0,116,15,19,154,29,217,122,16,138,355
04/30/2000,LNK,NE,ACE,CE,Combined TRACON& Tower with Radar,14,17,31,19,81,0,0,23,6,29,14,17,54,25,110,14,32,46,156
05/01/2000,LNK,NE,ACE,CE,Combined TRACON& Tower with Radar,16,33,69,15,133,0,2,52,2,56,16,35,121,17,189,154,18,172,361
05/02/2000,LNK,NE,ACE,CE,Combined TRACON& Tower with Radar,15,27,52,31,125,1,2,103,7,113,16,29,155,38,238,108,36,144,382
05/03/2000,LNK,NE,ACE,CE,Combined TRACON& Tower with Radar,15,33,68,19,135,1,3,82,5,91,16,36,150,24,226,148,10,158,384
05/04/2000,LNK,NE,ACE,CE,Combined TRACON& Tower with Radar,15,38,36,26,115,1,1,84,9,95,16,39,120,35,210,106,22,128,338
05/05/2000,LNK,NE,ACE,CE,Combined TRACON& Tower with Radar,14,28,51,71,164,1,2,61,15,79,15,30,112,86,243,112,64,176,419
05/06/2000,LNK,NE,ACE,CE,Combined TRACON& Tower with Radar,14,21,47,37,119,1,4,35,10,50,15,25,82,47,169,58,24,82,251
05/07/2000,LNK,NE,ACE,CE,Combined TRACON& Tower with Radar,14,17,57,33,121,1,1,16,1,19,15,18,73,34,140,22,10,32,172
05/08/2000,LNK,NE,ACE,CE,Combined TRACON& Tower with Radar,16,28,45,27,116,0,0,10,3,13,16,28,55,30,129,40,10,50,179
05/09/2000,LNK,NE,ACE,CE,Combined TRACON& Tower with Radar,13,33,64,57,167,0,0,88,11,99,13,33,152,68,266,216,34,250,516
05/10/2000,LNK,NE,ACE,CE,Combined TRACON& Tower with Radar,16,56,61,51,184,0,11,85,19,115,16,67,146,70,299,116,68,184,483
05/11/2000,LNK,NE,ACE,CE,Combined TRACON& Tower with Radar,15,45,73,26,159,0,0,31,11,42,15,45,104,37,201,46,40,86,287
05/12/2000,LNK,NE,ACE,CE,Combined TRACON& Tower with Radar,15,37,63,42,157,0,8,83,17,108,15,45,146,59,265,68,58,126,391
05/13/2000,LNK,NE,ACE,CE,Combined TRACON& Tower with Radar,11,21,28,25,85,0,1,88,4,93,11,22,116,29,178,56,22,78,256
05/14/2000,LNK,NE,ACE,CE,Combined TRACON& Tower with Radar,17,19,32,0,68,0,0,63,1,64,17,19,95,1,132,62,0,62,194
05/15/2000,LNK,NE,ACE,CE,Combined TRACON& Tower with Radar,15,34,64,9,122,0,3,76,5,84,15,37,140,14,206,36,4,40,246
05/16/2000,LNK,NE,ACE,CE,Combined TRACON& Tower with Radar,16,55,70,61,202,0,3,71,18,92,16,58,141,79,294,170,74,244,538
05/17/2000,LNK,NE,ACE,CE,Combined TRACON& Tower with Radar,15,34,57,23,129,0,2,26,5,33,15,36,83,28,162,80,28,108,270
05/18/2000,LNK,NE,ACE,CE,Combined TRACON& Tower with Radar,12,16,72,0,100,0,1,3,1,5,12,17,75,1,105,24,0,24,129
05/19/2000,LNK,NE,ACE,CE,Combined TRACON& Tower with Radar,15,27,85,34,161,0,3,109,16,128,15,30,194,50,289,202,36,238,527
05/20/2000,LNK,NE,ACE,CE,Combined TRACON& Tower with Radar,13,21,45,5,84,0,10,136,6,152,13,31,181,11,236,264,0,264,500
05/21/2000,LNK,NE,ACE,CE,Combined TRACON& Tower with Radar,15,22,39,0,76,0,3,95,9,107,15,25,134,9,183,78,10,88,271
05/22/2000,LNK,NE,ACE,CE,Combined TRACON& Tower with Radar,16,29,42,6,93,0,8,86,2,96,16,37,128,8,189,96,6,102,291
05/23/2000,LNK,NE,ACE,CE,Combined TRACON& Tower with Radar,14,32,2,38,86,0,4,148,0,152,14,36,150,38,238,132,24,156,394
05/24/2000,LNK,NE,ACE,CE,Combined TRACON& Tower with Radar,16,42,59,48,165,0,5,97,11,113,16,47,156,59,278,104,86,190,468
05/25/2000,LNK,NE,ACE,CE,Combined TRACON& Tower with Radar,16,43,78,53,190,0,4,82,12,98,16,47,160,65,288,180,46,226,514
05/26/2000,LNK,NE,ACE,CE,Combined TRACON& Tower with Radar,13,28,76,0,117,0,0,7,5,12,13,28,83,5,129,12,8,20,149
05/27/2000,LNK,NE,ACE,CE,Combined TRACON& Tower with Radar,14,14,26,0,54,0,8,61,2,71,14,22,87,2,125,142,0,142,267
05/28/2000,LNK,NE,ACE,CE,Combined TRACON& Tower with Radar,7,13,24,0,44,6,2,79,0,87,13,15,103,0,131,64,0,64,195
05/29/2000,LNK,NE,ACE,CE,Combined TRACON& Tower with Radar,18,19,27,8,72,0,4,77,8,89,18,23,104,16,161,144,20,164,325
05/30/2000,LNK,NE,ACE,CE,Combined TRACON& Tower with Radar,16,34,45,22,117,0,5,65,8,78,16,39,110,30,195,74,34,108,303
05/31/2000,LNK,NE,ACE,CE,Combined TRACON& Tower with Radar,17,34,43,17,111,0,3,35,10,48,17,37,78,27,159,110,34,144,303
06/01/2000,LNK,NE,ACE,CE,Combined TRACON& Tower with Radar,14,37,56,16,123,1,0,61,15,77,15,37,117,31,200,70,20,90,290
06/02/2000,LNK,NE,ACE,CE,Combined TRACON& Tower with Radar,16,35,63,22,136,1,2,111,13,127,17,37,174,35,263,112,30,142,405
06/03/2000,LNK,NE,ACE,CE,Combined TRACON& Tower with Radar,14,19,34,1,68,1,4,98,2,105,15,23,132,3,173,156,0,156,329
06/04/2000,LNK,NE,ACE,CE,Combined TRACON& Tower with Radar,14,20,35,6,75,0,2,63,2,67,14,22,98,8,142,66,0,66,208
06/05/2000,LNK,NE,ACE,CE,Combined TRACON& Tower with Radar,17,30,64,30,141,0,1,92,14,107,17,31,156,44,248,142,94,236,484
06/06/2000,LNK,NE,ACE,CE,Combined TRACON& Tower with Radar,16,34,75,80,205,0,5,101,7,113,16,39,176,87,318,116,94,210,528
06/07/2000,LNK,NE,ACE,CE,Combined TRACON& Tower with Radar,16,53,63,19,151,0,9,57,1,67,16,62,120,20,218,90,16,106,324
06/08/2000,LNK,NE,ACE,CE,Combined TRACON& Tower with Radar,16,38,61,65,180,0,2,49,6,57,16,40,110,71,237,90,78,168,405
06/09/2000,LNK,NE,ACE,CE,Combined TRACON& Tower with Radar,20,33,66,42,161,0,3,45,5,53,20,36,111,47,214,64,46,110,324
06/10/2000,LNK,NE,ACE,CE,Combined TRACON& Tower with Radar,15,18,24,6,63,0,15,53,11,79,15,33,77,17,142,104,4,108,250
06/11/2000,LNK,NE,ACE,CE,Combined TRACON& Tower with Radar,13,27,60,12,112,0,1,69,3,73,13,28,129,15,185,156,10,166,351
06/12/2000,LNK,NE,ACE,CE,Combined TRACON& Tower with Radar,14,52,74,13,153,0,5,83,1,89,14,57,157,14,242,142,24,166,408
06/13/2000,LNK,NE,ACE,CE,Combined TRACON& Tower with Radar,19,31,53,12,115,0,6,29,7,42,19,37,82,19,157,94,18,112,269
06/14/2000,LNK,NE,ACE,CE,Combined TRACON& Tower with Radar,10,30,63,22,125,0,1,39,7,47,10,31,102,29,172,30,28,58,230
06/15/2000,LNK,NE,ACE,CE,Combined TRACON& Tower with Radar,16,33,83,39,171,0,1,77,5,83,16,34,160,44,254,66,72,138,392
06/16/2000,LNK,NE,ACE,CE,Combined TRACON& Tower with Radar,14,25,69,17,125,0,0,127,0,127,14,25,196,17,252,142,26,168,420
06/17/2000,LNK,NE,ACE,CE,Combined TRACON& Tower with Radar,13,23,38,6,80,0,4,100,1,105,13,27,138,7,185,208,10,218,403
06/18/2000,LNK,NE,ACE,CE,Combined TRACON& Tower with Radar,12,28,54,16,110,0,2,86,1,89,12,30,140,17,199,130,4,134,333
06/19/2000,LNK,NE,ACE,CE,Combined TRACON& Tower with Radar,16,28,63,28,135,0,0,37,1,38,16,28,100,29,173,88,34,122,295
06/20/2000,LNK,NE,ACE,CE,Combined TRACON& Tower with Radar,13,33,75,15,136,0,2,63,10,75,13,35,138,25,211,162,14,176,387
06/21/2000,LNK,NE,ACE,CE,Combined TRACON& Tower with Radar,16,34,58,33,141,0,1,109,21,131,16,35,167,54,272,148,60,208,480
06/22/2000,LNK,NE,ACE,CE,Combined TRACON& Tower with Radar,14,32,78,21,145,0,5,139,7,151,14,37,217,28,296,160,33,193,489
06/23/2000,LNK,NE,ACE,CE,Combined TRACON& Tower with Radar,15,34,55,11,115,0,1,58,11,70,15,35,113,22,185,56,12,68,253
06/24/2000,LNK,NE,ACE,CE,Combined TRACON& Tower with Radar,15,27,51,3,96,0,1,100,2,103,15,28,151,5,199,162,0,162,361
06/25/2000,LNK,NE,ACE,CE,Combined TRACON& Tower with Radar,16,19,45,0,80,0,1,51,1,53,16,20,96,1,133,74,0,74,207
06/26/2000,LNK,NE,ACE,CE,Combined TRACON& Tower with Radar,18,33,71,24,146,0,1,120,7,128,18,34,191,31,274,118,64,182,456
06/27/2000,LNK,NE,ACE,CE,Combined TRACON& Tower with Radar,17,36,93,24,170,0,0,91,11,102,17,36,184,35,272,109,40,149,421
06/28/2000,LNK,NE,ACE,CE,Combined TRACON& Tower with Radar,16,45,89,75,225,0,0,89,11,100,16,45,178,86,325,102,94,196,521
06/29/2000,LNK,NE,ACE,CE,Combined TRACON& Tower with Radar,18,28,73,43,162,0,0,132,9,141,18,28,205,52,303,192,48,240,543
06/30/2000,LNK,NE,ACE,CE,Combined TRACON& Tower with Radar,16,37,90,19,162,0,9,139,23,171,16,46,229,42,333,190,44,234,567
07/01/2000,LNK,NE,ACE,CE,Combined TRACON& Tower with Radar,14,24,56,7,101,1,3,99,3,106,15,27,155,10,207,128,0,128,335
07/02/2000,LNK,NE,ACE,CE,Combined TRACON& Tower with Radar,17,20,16,1,54,1,0,84,0,85,18,20,100,1,139,50,0,50,189
07/03/2000,LNK,NE,ACE,CE,Combined TRACON& Tower with Radar,11,29,49,13,102,1,6,54,5,66,12,35,103,18,168,96,24,120,288
07/04/2000,LNK,NE,ACE,CE,Combined TRACON& Tower with Radar,15,15,17,0,47,1,0,84,0,85,16,15,101,0,132,50,0,50,182
07/05/2000,LNK,NE,ACE,CE,Combined TRACON& Tower with Radar,15,27,62,26,130,1,2,61,1,65,16,29,123,27,195,60,34,94,289
07/06/2000,LNK,NE,ACE,CE,Combined TRACON& Tower with Radar,15,36,57,31,139,1,3,65,13,82,16,39,122,44,221,92,28,120,341
07/07/2000,LNK,NE,ACE,CE,Combined TRACON& Tower with Radar,19,26,53,72,170,1,1,97,18,117,20,27,150,90,287,202,72,274,561
07/08/2000,LNK,NE,ACE,CE,Combined TRACON& Tower with Radar,14,19,36,8,77,1,0,105,5,111,15,19,141,13,188,138,2,140,328
07/09/2000,LNK,NE,ACE,CE,Combined TRACON& Tower with Radar,15,20,69,7,111,1,0,94,0,95,16,20,163,7,206,116,0,116,322
07/10/2000,LNK,NE,ACE,CE,Combined TRACON& Tower with Radar,12,25,78,32,147,1,1,103,2,107,13,26,181,34,254,102,30,132,386
07/11/2000,LNK,NE,ACE,CE,Combined TRACON& Tower with Radar,16,37,84,19,156,0,3,41,5,49,16,40,125,24,205,110,20,130,335
07/12/2000,LNK,NE,ACE,CE,Combined TRACON& Tower with Radar,16,33,59,24,132,0,6,96,11,113,16,39,155,35,245,110,32,142,387
07/13/2000,LNK,NE,ACE,CE,Combined TRACON& Tower with Radar,16,32,85,28,161,0,0,138,20,158,16,32,223,48,319,112,46,158,477
07/14/2000,LNK,NE,ACE,CE,Combined TRACON& Tower with Radar,16,30,65,21,132,0,9,75,31,115,16,39,140,52,247,126,28,154,401
07/15/2000,LNK,NE,ACE,CE,Combined TRACON& Tower with Radar,13,30,35,8,86,0,2,92,9,103,13,32,127,17,189,118,0,118,307
07/16/2000,LNK,NE,ACE,CE,Combined TRACON& Tower with Radar,16,15,46,0,77,0,2,36,0,38,16,17,82,0,115,96,0,96,211
07/17/2000,LNK,NE,ACE,CE,Combined TRACON& Tower with Radar,16,32,59,1,108,0,2,63,0,65,16,34,122,1,173,62,0,62,235
07/18/2000,LNK,NE,ACE,CE,Combined TRACON& Tower with Radar,13,43,141,42,239,0,7,10,4,21,13,50,151,46,260,44,18,62,322
07/19/2000,LNK,NE,ACE,CE,Combined TRACON& Tower with Radar,19,40,154,33,246,0,2,17,0,19,19,42,171,33,265,114,22,136,401
07/20/2000,LNK,NE,ACE,CE,Combined TRACON& Tower with Radar,16,37,87,29,169,0,0,78,7,85,16,37,165,36,254,188,30,218,472
07/21/2000,LNK,NE,ACE,CE,Combined TRACON& Tower with Radar,16,37,55,29,137,0,2,116,22,140,16,39,171,51,277,196,32,228,505
07/22/2000,LNK,NE,ACE,CE,Combined TRACON& Tower with Radar,15,31,41,16,103,0,5,113,7,125,15,36,154,23,228,108,20,128,356
07/23/2000,LNK,NE,ACE,CE,Combined TRACON& Tower with Radar,15,23,57,2,97,0,1,109,1,111,15,24,166,3,208,134,0,134,342
07/24/2000,LNK,NE,ACE,CE,Combined TRACON& Tower with Radar,17,31,78,9,135,0,3,100,0,103,17,34,178,9,238,66,22,88,326
07/25/2000,LNK,NE,ACE,CE,Combined TRACON& Tower with Radar,16,31,88,31,166,0,2,101,10,113,16,33,189,41,279,116,42,158,437
07/26/2000,LNK,NE,ACE,CE,Combined TRACON& Tower with Radar,16,42,77,32,167,0,2,102,11,115,16,44,179,43,282,122,36,158,440
07/27/2000,LNK,NE,ACE,CE,Combined TRACON& Tower with Radar,16,45,50,41,152,0,0,86,9,95,16,45,136,50,247,60,46,106,353
07/28/2000,LNK,NE,ACE,CE,Combined TRACON& Tower with Radar,16,35,76,32,159,0,2,28,17,47,16,37,104,49,206,54,40,94,300
07/29/2000,LNK,NE,ACE,CE,Combined TRACON& Tower with Radar,14,30,64,6,114,0,5,74,3,82,14,35,138,9,196,160,0,160,356
07/30/2000,LNK,NE,ACE,CE,Combined TRACON& Tower with Radar,20,39,68,6,133,0,1,68,4,73,20,40,136,10,206,56,0,56,262
07/31/2000,LNK,NE,ACE,CE,Combined TRACON& Tower with Radar,25,30,50,42,147,0,0,112,4,116,25,30,162,46,263,132,54,186,449
08/01/2000,LNK,NE,ACE,CE,Combined TRACON& Tower with Radar,20,33,63,30,146,0,8,102,9,119,20,41,165,39,265,36,54,90,355
08/02/2000,LNK,NE,ACE,CE,Combined TRACON& Tower with Radar,16,28,65,57,166,0,5,90,12,107,16,33,155,69,273,88,54,142,415
08/03/2000,LNK,NE,ACE,CE,Combined TRACON& Tower with Radar,19,42,53,49,163,0,2,79,12,93,19,44,132,61,256,150,32,182,438
08/04/2000,LNK,NE,ACE,CE,Combined TRACON& Tower with Radar,17,23,87,37,164,0,2,30,14,46,17,25,117,51,210,80,24,104,314
08/05/2000,LNK,NE,ACE,CE,Combined TRACON& Tower with Radar,14,20,49,8,91,13,0,62,0,75,27,20,111,8,166,82,6,88,254
08/06/2000,LNK,NE,ACE,CE,Combined TRACON& Tower with Radar,15,17,44,8,84,0,6,88,2,96,15,23,132,10,180,66,10,76,256
08/07/2000,LNK,NE,ACE,CE,Combined TRACON& Tower with Radar,13,31,68,27,139,0,0,76,3,79,13,31,144,30,218,62,46,108,326
08/08/2000,LNK,NE,ACE,CE,Combined TRACON& Tower with Radar,17,29,69,8,123,0,0,84,3,87,17,29,153,11,210,112,2,114,324
08/09/2000,LNK,NE,ACE,CE,Combined TRACON& Tower with Radar,16,36,82,32,166,0,0,57,16,73,16,36,139,48,239,78,36,114,353
08/10/2000,LNK,NE,ACE,CE,Combined TRACON& Tower with Radar,17,33,74,24,148,0,1,80,11,92,17,34,154,35,240,112,22,134,374
08/11/2000,LNK,NE,ACE,CE,Combined TRACON& Tower with Radar,16,27,69,23,135,0,4,80,18,102,16,31,149,41,237,104,34,138,375
08/12/2000,LNK,NE,ACE,CE,Combined TRACON& Tower with Radar,17,26,55,5,103,0,2,73,7,82,17,28,128,12,185,92,0,92,277
08/13/2000,LNK,NE,ACE,CE,Combined TRACON& Tower with Radar,15,18,49,1,83,0,1,77,4,82,15,19,126,5,165,46,0,46,211
08/14/2000,LNK,NE,ACE,CE,Combined TRACON& Tower with Radar,16,30,62,5,113,1,1,57,0,59,17,31,119,5,172,46,0,46,218
08/15/2000,LNK,NE,ACE,CE,Combined TRACON& Tower with Radar,17,42,68,13,140,0,7,73,9,89,17,49,141,22,229,66,34,100,329
08/16/2000,LNK,NE,ACE,CE,Combined TRACON& Tower with Radar,16,30,42,9,97,0,1,72,11,84,16,31,114,20,181,25,23,48,229
08/17/2000,LNK,NE,ACE,CE,Combined TRACON& Tower with Radar,14,29,74,52,169,0,2,53,19,74,14,31,127,71,243,92,86,178,421
08/18/2000,LNK,NE,ACE,CE,Combined TRACON& Tower with Radar,16,36,98,54,204,0,1,48,5,54,16,37,146,59,258,60,80,140,398
08/19/2000,LNK,NE,ACE,CE,Combined TRACON& Tower with Radar,15,24,64,14,117,0,3,22,2,27,15,27,86,16,144,44,2,46,190
08/20/2000,LNK,NE,ACE,CE,Combined TRACON& Tower with Radar,18,19,40,8,85,0,3,43,1,47,18,22,83,9,132,66,2,68,200
08/21/2000,LNK,NE,ACE,CE,Combined TRACON& Tower with Radar,16,30,51,12,109,0,4,39,0,43,16,34,90,12,152,78,10,88,240
08/22/2000,LNK,NE,ACE,CE,Combined TRACON& Tower with Radar,16,32,68,26,142,0,5,37,16,58,16,37,105,42,200,104,24,128,328
08/23/2000,LNK,NE,ACE,CE,Combined TRACON& Tower with Radar,17,31,72,35,155,0,0,74,19,93,17,31,146,54,248,42,52,94,342
08/24/2000,LNK,NE,ACE,CE,Combined TRACON& Tower with Radar,17,39,73,33,162,0,0,44,12,56,17,39,117,45,218,144,20,164,382
08/25/2000,LNK,NE,ACE,CE,Combined TRACON& Tower with Radar,16,27,79,23,145,0,0,76,19,95,16,27,155,42,240,92,32,124,364
08/26/2000,LNK,NE,ACE,CE,Combined TRACON& Tower with Radar,16,34,72,19,141,0,13,115,0,128,16,47,187,19,269,94,42,136,405
08/27/2000,LNK,NE,ACE,CE,Combined TRACON& Tower with Radar,15,19,54,11,99,0,0,30,1,31,15,19,84,12,130,58,2,60,190
08/28/2000,LNK,NE,ACE,CE,Combined TRACON& Tower with Radar,18,32,42,27,119,0,2,64,4,70,18,34,106,31,189,134,42,176,365
08/29/2000,LNK,NE,ACE,CE,Combined TRACON& Tower with Radar,14,33,44,21,112,0,12,83,6,101,14,45,127,27,213,168,20,188,401
08/30/2000,LNK,NE,ACE,CE,Combined TRACON& Tower with Radar,16,30,53,46,145,0,0,69,13,82,16,30,122,59,227,90,79,169,396
08/31/2000,LNK,NE,ACE,CE,Combined TRACON& Tower with Radar,19,37,105,40,201,0,3,95,23,121,19,40,200,63,322,130,68,198,520
09/01/2000,LNK,NE,ACE,CE,Combined TRACON& Tower with Radar,17,31,83,11,142,1,2,63,0,66,18,33,146,11,208,56,0,56,264
09/02/2000,LNK,NE,ACE,CE,Combined TRACON& Tower with Radar,16,30,37,6,89,1,3,119,0,123,17,33,156,6,212,38,0,38,250
09/03/2000,LNK,NE,ACE,CE,Combined TRACON& Tower with Radar,15,17,48,0,80,1,2,77,0,80,16,19,125,0,160,96,0,96,256
09/04/2000,LNK,NE,ACE,CE,Combined TRACON& Tower with Radar,14,26,68,6,114,1,6,109,0,116,15,32,177,6,230,148,2,150,380
09/05/2000,LNK,NE,ACE,CE,Combined TRACON& Tower with Radar,15,38,58,23,134,1,0,56,3,60,16,38,114,26,194,72,32,104,298
09/06/2000,LNK,NE,ACE,CE,Combined TRACON& Tower with Radar,19,39,99,28,185,3,5,97,13,118,22,44,196,41,303,116,34,150,453
09/07/2000,LNK,NE,ACE,CE,Combined TRACON& Tower with Radar,15,37,66,27,145,1,11,82,2,96,16,48,148,29,241,92,20,112,353
09/08/2000,LNK,NE,ACE,CE,Combined TRACON& Tower with Radar,19,36,67,39,161,1,1,94,6,102,20,37,161,45,263,100,30,130,393
09/09/2000,LNK,NE,ACE,CE,Combined TRACON& Tower with Radar,16,22,50,13,101,1,10,72,3,86,17,32,122,16,187,62,12,74,261
09/10/2000,LNK,NE,ACE,CE,Combined TRACON& Tower with Radar,18,23,71,5,117,1,2,95,1,99,19,25,166,6,216,104,0,104,320
09/11/2000,LNK,NE,ACE,CE,Combined TRACON& Tower with Radar,21,37,69,4,131,1,4,71,0,76,22,41,140,4,207,40,0,40,247
09/12/2000,LNK,NE,ACE,CE,Combined TRACON& Tower with Radar,14,33,88,31,166,0,0,139,30,169,14,33,227,61,335,142,43,185,520
09/13/2000,LNK,NE,ACE,CE,Combined TRACON& Tower with Radar,17,37,91,32,177,0,0,40,33,73,17,37,131,65,250,80,54,134,384
09/14/2000,LNK,NE,ACE,CE,Combined TRACON& Tower with Radar,15,36,56,28,135,1,1,116,5,123,16,37,172,33,258,86,34,120,378
09/15/2000,LNK,NE,ACE,CE,Combined TRACON& Tower with Radar,16,29,83,33,161,1,0,123,15,139,17,29,206,48,300,182,36,218,518
09/16/2000,LNK,NE,ACE,CE,Combined TRACON& Tower with Radar,15,25,44,10,94,0,4,96,13,113,15,29,140,23,207,84,0,84,291
09/17/2000,LNK,NE,ACE,CE,Combined TRACON& Tower with Radar,15,29,62,10,116,0,1,113,4,118,15,30,175,14,234,144,4,148,382
09/18/2000,LNK,NE,ACE,CE,Combined TRACON& Tower with Radar,17,30,59,26,132,0,3,51,6,60,17,33,110,32,192,74,18,92,284
09/19/2000,LNK,NE,ACE,CE,Combined TRACON& Tower with Radar,16,30,60,22,128,0,8,32,0,40,16,38,92,22,168,72,18,90,258
09/20/2000,LNK,NE,ACE,CE,Combined TRACON& Tower with Radar,16,31,76,51,174,0,3,32,5,40,16,34,108,56,214,72,42,114,328
09/21/2000,LNK,NE,ACE,CE,Combined TRACON& Tower with Radar,17,38,64,36,155,0,3,50,8,61,17,41,114,44,216,74,24,98,314
09/22/2000,LNK,NE,ACE,CE,Combined TRACON& Tower with Radar,16,37,101,57,211,0,1,60,8,69,16,38,161,65,280,100,63,163,443
09/23/2000,LNK,NE,ACE,CE,Combined TRACON& Tower with Radar,16,25,60,2,103,0,4,42,1,47,16,29,102,3,150,16,2,18,168
09/24/2000,LNK,NE,ACE,CE,Combined TRACON& Tower with Radar,17,22,56,3,98,0,5,22,5,32,17,27,78,8,130,44,2,46,176
09/25/2000,LNK,NE,ACE,CE,Combined TRACON& Tower with Radar,16,29,77,10,132,0,6,106,0,112,16,35,183,10,244,106,18,124,368
09/26/2000,LNK,NE,ACE,CE,Combined TRACON& Tower with Radar,16,32,82,34,164,0,9,79,6,94,16,41,161,40,258,94,36,130,388
09/27/2000,LNK,NE,ACE,CE,Combined TRACON& Tower with Radar,16,44,77,30,167,0,7,113,3,123,16,51,190,33,290,46,16,62,352
09/28/2000,LNK,NE,ACE,CE,Combined TRACON& Tower with Radar,16,54,63,25,158,0,5,104,11,120,16,59,167,36,278,86,28,114,392
09/29/2000,LNK,NE,ACE,CE,Combined TRACON& Tower with Radar,19,27,68,38,152,0,2,46,17,65,19,29,114,55,217,84,34,118,335
09/30/2000,LNK,NE,ACE,CE,Combined TRACON& Tower with Radar,17,23,34,4,78,0,5,98,3,106,17,28,132,7,184,28,4,32,216
10/01/2000,LNK,NE,ACE,CE,Combined TRACON& Tower with Radar,15,25,62,3,105,1,0,111,0,112,16,25,173,3,217,50,0,50,267
10/02/2000,LNK,NE,ACE,CE,Combined TRACON& Tower with Radar,17,31,61,26,135,1,3,80,3,87,18,34,141,29,222,66,24,90,312
10/03/2000,LNK,NE,ACE,CE,Combined TRACON& Tower with Radar,13,36,55,12,116,0,3,49,2,54,13,39,104,14,170,16,21,37,207
10/04/2000,LNK,NE,ACE,CE,Combined TRACON& Tower with Radar,13,39,64,28,144,3,8,54,4,69,16,47,118,32,213,102,34,136,349
10/05/2000,LNK,NE,ACE,CE,Combined TRACON& Tower with Radar,16,38,75,27,156,0,0,8,4,12,16,38,83,31,168,10,2,12,180
10/06/2000,LNK,NE,ACE,CE,Combined TRACON& Tower with Radar,15,35,59,0,109,0,3,81,1,85,15,38,140,1,194,108,0,108,302
10/07/2000,LNK,NE,ACE,CE,Combined TRACON& Tower with Radar,16,22,44,3,85,0,7,83,7,97,16,29,127,10,182,110,2,112,294
10/08/2000,LNK,NE,ACE,CE,Combined TRACON& Tower with Radar,10,18,33,2,63,3,6,142,0,151,13,24,175,2,214,114,0,114,328
10/09/2000,LNK,NE,ACE,CE,Combined TRACON& Tower with Radar,14,33,39,0,86,0,2,85,1,88,14,35,124,1,174,61,0,61,235
10/10/2000,LNK,NE,ACE,CE,Combined TRACON& Tower with Radar,14,36,47,19,116,0,0,48,2,50,14,36,95,21,166,74,12,86,252
10/11/2000,LNK,NE,ACE,CE,Combined TRACON& Tower with Radar,20,53,47,35,155,0,4,68,13,85,20,57,115,48,240,24,20,44,284
10/12/2000,LNK,NE,ACE,CE,Combined TRACON& Tower with Radar,13,26,54,31,124,0,1,49,12,62,13,27,103,43,186,122,8,130,316
10/13/2000,LNK,NE,ACE,CE,Combined TRACON& Tower with Radar,15,36,71,19,141,0,3,58,8,69,15,39,129,27,210,58,30,88,298
10/14/2000,LNK,NE,ACE,CE,Combined TRACON& Tower with Radar,14,24,35,9,82,0,0,100,5,105,14,24,135,14,187,88,26,114,301
10/15/2000,LNK,NE,ACE,CE,Combined TRACON& Tower with Radar,13,33,37,9,92,0,3,121,0,124,13,36,158,9,216,86,2,88,304
10/16/2000,LNK,NE,ACE,CE,Combined TRACON& Tower with Radar,19,34,82,10,145,0,0,60,13,73,19,34,142,23,218,137,70,207,425
10/17/2000,LNK,NE,ACE,CE,Combined TRACON& Tower with Radar,14,31,59,27,131,0,3,107,8,118,14,34,166,35,249,84,30,114,363
10/18/2000,LNK,NE,ACE,CE,Combined TRACON& Tower with Radar,14,40,63,38,155,0,1,95,4,100,14,41,158,42,255,143,34,177,432
10/19/2000,LNK,NE,ACE,CE,Combined TRACON& Tower with Radar,14,34,48,48,144,0,0,89,21,110,14,34,137,69,254,100,66,166,420
10/20/2000,LNK,NE,ACE,CE,Combined TRACON& Tower with Radar,16,29,96,26,167,0,4,83,20,107,16,33,179,46,274,146,38,184,458
10/21/2000,LNK,NE,ACE,CE,Combined TRACON& Tower with Radar,14,35,68,18,135,0,3,58,9,70,14,38,126,27,205,40,8,48,253
10/22/2000,LNK,NE,ACE,CE,Combined TRACON& Tower with Radar,13,29,47,10,99,0,2,0,3,5,13,31,47,13,104,0,0,0,104
10/23/2000,LNK,NE,ACE,CE,Combined TRACON& Tower with Radar,14,40,75,17,146,0,1,13,0,14,14,41,88,17,160,47,6,53,213
10/24/2000,LNK,NE,ACE,CE,Combined TRACON& Tower with Radar,14,41,61,17,133,0,0,6,0,6,14,41,67,17,139,44,10,54,193
10/25/2000,LNK,NE,ACE,CE,Combined TRACON& Tower with Radar,14,40,70,62,186,0,1,32,14,47,14,41,102,76,233,44,64,108,341
10/26/2000,LNK,NE,ACE,CE,Combined TRACON& Tower with Radar,13,27,70,75,185,0,0,94,26,120,13,27,164,101,305,184,82,266,571
10/27/2000,LNK,NE,ACE,CE,Combined TRACON& Tower with Radar,21,29,100,89,239,0,3,45,10,58,21,32,145,99,297,60,38,98,395
10/28/2000,LNK,NE,ACE,CE,Combined TRACON& Tower with Radar,14,19,63,3,99,0,0,4,0,4,14,19,67,3,103,22,0,22,125
10/29/2000,LNK,NE,ACE,CE,Combined TRACON& Tower with Radar,13,18,42,7,80,0,0,4,0,4,13,18,46,7,84,10,0,10,94
10/30/2000,LNK,NE,ACE,CE,Combined TRACON& Tower with Radar,14,27,58,23,122,0,0,80,1,81,14,27,138,24,203,168,12,180,383
10/31/2000,LNK,NE,ACE,CE,Combined TRACON& Tower with Radar,11,31,51,19,112,0,0,9,0,9,11,31,60,19,121,42,14,56,177
11/01/2000,LNK,NE,ACE,CE,Combined TRACON& Tower with Radar,15,30,50,55,150,1,5,37,5,48,16,35,87,60,198,42,40,82,280
11/02/2000,LNK,NE,ACE,CE,Combined TRACON& Tower with Radar,16,31,75,58,180,0,2,73,14,89,16,33,148,72,269,104,42,146,415
11/03/2000,LNK,NE,ACE,CE,Combined TRACON& Tower with Radar,17,40,96,120,273,0,0,119,31,150,17,40,215,151,423,204,100,304,727
11/04/2000,LNK,NE,ACE,CE,Combined TRACON& Tower with Radar,13,27,80,27,147,0,1,175,1,177,13,28,255,28,324,128,10,138,462
11/05/2000,LNK,NE,ACE,CE,Combined TRACON& Tower with Radar,13,25,39,17,94,0,0,10,1,11,13,25,49,18,105,18,2,20,125
11/06/2000,LNK,NE,ACE,CE,Combined TRACON& Tower with Radar,13,32,54,33,132,0,0,8,0,8,13,32,62,33,140,0,4,4,144
11/07/2000,LNK,NE,ACE,CE,Combined TRACON& Tower with Radar,16,40,67,9,132,0,1,30,8,39,16,41,97,17,171,36,14,50,221
11/08/2000,LNK,NE,ACE,CE,Combined TRACON& Tower with Radar,14,43,63,23,143,0,6,57,5,68,14,49,120,28,211,101,16,117,328
11/09/2000,LNK,NE,ACE,CE,Combined TRACON& Tower with Radar,14,43,64,65,186,0,8,58,16,82,14,51,122,81,268,116,16,132,400
11/10/2000,LNK,NE,ACE,CE,Combined TRACON& Tower with Radar,14,31,71,0,116,0,0,84,1,85,14,31,155,1,201,96,0,96,297
11/11/2000,LNK,NE,ACE,CE,Combined TRACON& Tower with Radar,13,28,17,1,59,0,0,0,1,1,13,28,17,2,60,8,0,8,68
11/12/2000,LNK,NE,ACE,CE,Combined TRACON& Tower with Radar,20,25,28,3,76,0,0,9,1,10,20,25,37,4,86,42,0,42,128
11/13/2000,LNK,NE,ACE,CE,Combined TRACON& Tower with Radar,16,30,52,6,104,0,6,21,1,28,16,36,73,7,132,20,4,24,156
11/14/2000,LNK,NE,ACE,CE,Combined TRACON& Tower with Radar,13,40,68,30,151,0,12,77,13,102,13,52,145,43,253,98,58,156,409
11/15/2000,LNK,NE,ACE,CE,Combined TRACON& Tower with Radar,14,49,52,52,167,0,1,22,14,37,14,50,74,66,204,35,46,81,285
11/16/2000,LNK,NE,ACE,CE,Combined TRACON& Tower with Radar,14,39,38,46,137,0,0,4,10,14,14,39,42,56,151,12,36,48,199
11/17/2000,LNK,NE,ACE,CE,Combined TRACON& Tower with Radar,14,41,62,115,232,0,1,78,23,102,14,42,140,138,334,78,72,150,484
11/18/2000,LNK,NE,ACE,CE,Combined TRACON& Tower with Radar,13,26,50,32,121,0,1,101,32,134,13,27,151,64,255,92,24,116,371
11/19/2000,LNK,NE,ACE,CE,Combined TRACON& Tower with Radar,14,24,22,0,60,0,0,7,6,13,14,24,29,6,73,0,0,0,73
11/20/2000,LNK,NE,ACE,CE,Combined TRACON& Tower with Radar,14,31,44,22,111,0,7,45,11,63,14,38,89,33,174,50,10,60,234
11/21/2000,LNK,NE,ACE,CE,Combined TRACON& Tower with Radar,15,33,60,67,175,0,4,55,12,71,15,37,115,79,246,28,80,108,354
11/22/2000,LNK,NE,ACE,CE,Combined TRACON& Tower with Radar,14,31,71,38,154,0,3,75,10,88,14,34,146,48,242,98,24,122,364
11/23/2000,LNK,NE,ACE,CE,Combined TRACON& Tower with Radar,13,20,22,0,55,0,0,33,0,33,13,20,55,0,88,40,0,40,128
11/24/2000,LNK,NE,ACE,CE,Combined TRACON& Tower with Radar,13,21,66,0,100,0,0,110,0,110,13,21,176,0,210,97,0,97,307
11/25/2000,LNK,NE,ACE,CE,Combined TRACON& Tower with Radar,9,22,35,2,68,2,7,91,0,100,11,29,126,2,168,82,0,82,250
11/26/2000,LNK,NE,ACE,CE,Combined TRACON& Tower with Radar,13,32,58,2,105,0,2,88,0,90,13,34,146,2,195,90,0,90,285
11/27/2000,LNK,NE,ACE,CE,Combined TRACON& Tower with Radar,17,33,48,13,111,0,2,62,0,64,17,35,110,13,175,30,8,38,213
11/28/2000,LNK,NE,ACE,CE,Combined TRACON& Tower with Radar,15,34,55,28,132,0,0,40,7,47,15,34,95,35,179,52,30,82,261
11/29/2000,LNK,NE,ACE,CE,Combined TRACON& Tower with Radar,14,38,57,72,181,0,2,31,22,55,14,40,88,94,236,6,70,76,312
11/30/2000,LNK,NE,ACE,CE,Combined TRACON& Tower with Radar,17,30,32,67,146,0,0,22,21,43,17,30,54,88,189,32,24,56,245
12/01/2000,LNK,NE,ACE,CE,Combined TRACON& Tower with Radar,16,39,55,82,192,0,0,7,6,13,16,39,62,88,205,40,54,94,299
12/02/2000,LNK,NE,ACE,CE,Combined TRACON& Tower with Radar,13,21,33,0,67,0,0,15,1,16,13,21,48,1,83,8,0,8,91
12/03/2000,LNK,NE,ACE,CE,Combined TRACON& Tower with Radar,13,20,28,0,61,0,4,50,2,56,13,24,78,2,117,43,0,43,160
12/04/2000,LNK,NE,ACE,CE,Combined TRACON& Tower with Radar,15,30,69,21,135,0,0,53,5,58,15,30,122,26,193,46,30,76,269
12/05/2000,LNK,NE,ACE,CE,Combined TRACON& Tower with Radar,15,29,51,31,126,0,0,56,17,73,15,29,107,48,199,62,22,84,283
12/06/2000,LNK,NE,ACE,CE,Combined TRACON& Tower with Radar,14,40,63,24,141,0,1,62,12,75,14,41,125,36,216,24,34,58,274
12/07/2000,LNK,NE,ACE,CE,Combined TRACON& Tower with Radar,14,37,62,38,151,0,0,86,14,100,14,37,148,52,251,104,28,132,383
12/08/2000,LNK,NE,ACE,CE,Combined TRACON& Tower with Radar,12,34,57,44,147,0,0,84,25,109,12,34,141,69,256,72,32,104,360
12/09/2000,LNK,NE,ACE,CE,Combined TRACON& Tower with Radar,8,33,53,4,98,0,2,66,51,119,8,35,119,55,217,98,0,98,315
12/10/2000,LNK,NE,ACE,CE,Combined TRACON& Tower with Radar,7,19,23,11,60,4,7,2,5,18,11,26,25,16,78,0,0,0,78
12/11/2000,LNK,NE,ACE,CE,Combined TRACON& Tower with Radar,8,22,27,1,58,0,16,0,0,16,8,38,27,1,74,2,0,2,76
12/12/2000,LNK,NE,ACE,CE,Combined TRACON& Tower with Radar,11,38,55,35,139,0,5,29,4,38,11,43,84,39,177,66,36,102,279
12/13/2000,LNK,NE,ACE,CE,Combined TRACON& Tower with Radar,12,51,44,23,130,0,2,8,21,31,12,53,52,44,161,8,16,24,185
12/14/2000,LNK,NE,ACE,CE,Combined TRACON& Tower with Radar,13,36,63,48,160,0,3,47,15,65,13,39,110,63,225,66,30,96,321
12/15/2000,LNK,NE,ACE,CE,Combined TRACON& Tower with Radar,13,17,47,50,127,0,0,2,4,6,13,17,49,54,133,0,0,0,133
12/16/2000,LNK,NE,ACE,CE,Combined TRACON& Tower with Radar,5,14,6,0,25,5,7,0,0,12,10,21,6,0,37,0,0,0,37
12/17/2000,LNK,NE,ACE,CE,Combined TRACON& Tower with Radar,11,27,25,0,63,0,0,50,0,50,11,27,75,0,113,43,0,43,156
12/18/2000,LNK,NE,ACE,CE,Combined TRACON& Tower with Radar,13,21,13,3,50,0,0,1,1,2,13,21,14,4,52,0,0,0,52
12/19/2000,LNK,NE,ACE,CE,Combined TRACON& Tower with Radar,13,45,44,19,121,0,9,57,2,68,13,54,101,21,189,62,12,74,263
12/20/2000,LNK,NE,ACE,CE,Combined TRACON& Tower with Radar,12,34,29,23,98,0,0,3,10,13,12,34,32,33,111,22,6,28,139
12/21/2000,LNK,NE,ACE,CE,Combined TRACON& Tower with Radar,12,32,79,68,191,0,1,39,21,61,12,33,118,89,252,36,70,106,358
12/22/2000,LNK,NE,ACE,CE,Combined TRACON& Tower with Radar,14,33,56,5,108,0,1,53,3,57,14,34,109,8,165,22,4,26,191
12/23/2000,LNK,NE,ACE,CE,Combined TRACON& Tower with Radar,13,36,44,0,93,0,1,60,0,61,13,37,104,0,154,52,0,52,206
12/24/2000,LNK,NE,ACE,CE,Combined TRACON& Tower with Radar,7,16,15,0,38,0,0,19,0,19,7,16,34,0,57,34,0,34,91
12/25/2000,LNK,NE,ACE,CE,Combined TRACON& Tower with Radar,11,21,6,0,38,0,0,1,0,1,11,21,7,0,39,2,0,2,41
12/26/2000,LNK,NE,ACE,CE,Combined TRACON& Tower with Radar,10,28,50,8,96,0,0,45,2,47,10,28,95,10,143,42,0,42,185
12/27/2000,LNK,NE,ACE,CE,Combined TRACON& Tower with Radar,15,53,52,18,138,0,2,59,9,70,15,55,111,27,208,112,28,140,348
12/28/2000,LNK,NE,ACE,CE,Combined TRACON& Tower with Radar,16,24,16,14,70,0,0,3,2,5,16,24,19,16,75,4,4,8,83
12/29/2000,LNK,NE,ACE,CE,Combined TRACON& Tower with Radar,12,28,37,0,77,0,0,18,0,18,12,28,55,0,95,24,0,24,119
12/30/2000,LNK,NE,ACE,CE,Combined TRACON& Tower with Radar,12,22,19,0,53,0,0,24,0,24,12,22,43,0,77,36,0,36,113
12/31/2000,LNK,NE,ACE,CE,Combined TRACON& Tower with Radar,14,19,22,1,56,0,1,13,2,16,14,20,35,3,72,8,0,8,80
01/01/2001,LNK,NE,ACE,CE,Combined TRACON& Tower with Radar,11,21,43,1,76,0,0,3,0,3,11,21,46,1,79,12,0,12,91
01/02/2001,LNK,NE,ACE,CE,Combined TRACON& Tower with Radar,12,43,54,1,110,0,2,3,0,5,12,45,57,1,115,10,0,10,125
01/03/2001,LNK,NE,ACE,CE,Combined TRACON& Tower with Radar,13,52,45,33,143,0,6,94,6,106,13,58,139,39,249,69,30,99,348
01/04/2001,LNK,NE,ACE,CE,Combined TRACON& Tower with Radar,12,31,37,18,98,0,1,92,10,103,12,32,129,28,201,74,8,82,283
01/05/2001,LNK,NE,ACE,CE,Combined TRACON& Tower with Radar,13,30,47,56,146,0,0,68,12,80,13,30,115,68,226,108,22,130,356
01/06/2001,LNK,NE,ACE,CE,Combined TRACON& Tower with Radar,11,34,43,2,90,0,9,131,2,142,11,43,174,4,232,80,0,80,312
01/07/2001,LNK,NE,ACE,CE,Combined TRACON& Tower with Radar,11,34,26,3,74,0,0,34,0,34,11,34,60,3,108,74,0,74,182
01/08/2001,LNK,NE,ACE,CE,Combined TRACON& Tower with Radar,11,43,42,39,135,0,9,62,3,74,11,52,104,42,209,100,26,126,335
01/09/2001,LNK,NE,ACE,CE,Combined TRACON& Tower with Radar,12,48,55,54,169,0,2,74,12,88,12,50,129,66,257,92,64,156,413
01/10/2001,LNK,NE,ACE,CE,Combined TRACON& Tower with Radar,14,38,41,72,165,0,0,89,14,103,14,38,130,86,268,96,64,160,428
01/11/2001,LNK,NE,ACE,CE,Combined TRACON& Tower with Radar,24,42,72,33,171,3,0,48,15,66,27,42,120,48,237,70,28,98,335
01/12/2001,LNK,NE,ACE,CE,Combined TRACON& Tower with Radar,15,41,102,45,203,0,2,27,1,30,15,43,129,46,233,4,16,20,253
01/13/2001,LNK,NE,ACE,CE,Combined TRACON& Tower with Radar,10,29,42,5,86,0,0,0,0,0,10,29,42,5,86,0,0,0,86
01/14/2001,LNK,NE,ACE,CE,Combined TRACON& Tower with Radar,10,21,23,0,54,0,2,2,0,4,10,23,25,0,58,20,0,20,78
01/15/2001,LNK,NE,ACE,CE,Combined TRACON& Tower with Radar,11,41,62,15,129,0,3,38,0,41,11,44,100,15,170,140,12,152,322
01/16/2001,LNK,NE,ACE,CE,Combined TRACON& Tower with Radar,12,40,61,5,118,0,2,16,3,21,12,42,77,8,139,58,0,58,197
01/17/2001,LNK,NE,ACE,CE,Combined TRACON& Tower with Radar,12,52,67,36,167,0,2,80,8,90,12,54,147,44,257,120,6,126,383
01/18/2001,LNK,NE,ACE,CE,Combined TRACON& Tower with Radar,12,47,45,26,130,0,3,15,9,27,12,50,60,35,157,46,2,48,205
01/19/2001,LNK,NE,ACE,CE,Combined TRACON& Tower with Radar,14,34,43,69,160,0,2,84,19,105,14,36,127,88,265,86,36,122,387
01/20/2001,LNK,NE,ACE,CE,Combined TRACON& Tower with Radar,12,36,33,31,112,0,0,91,20,111,12,36,124,51,223,142,14,156,379
01/21/2001,LNK,NE,ACE,CE,Combined TRACON& Tower with Radar,11,25,43,8,87,0,0,75,10,85,11,25,118,18,172,144,2,146,318
01/22/2001,LNK,NE,ACE,CE,Combined TRACON& Tower with Radar,10,33,68,55,166,0,1,41,1,43,10,34,109,56,209,48,42,90,299
01/23/2001,LNK,NE,ACE,CE,Combined TRACON& Tower with Radar,13,47,56,88,204,0,1,79,9,89,13,48,135,97,293,94,34,128,421
01/24/2001,LNK,NE,ACE,CE,Combined TRACON& Tower with Radar,11,41,50,65,167,0,1,46,16,63,11,42,96,81,230,60,52,112,342
01/25/2001,LNK,NE,ACE,CE,Combined TRACON& Tower with Radar,16,38,97,64,215,0,1,35,19,55,16,39,132,83,270,52,82,134,404
01/26/2001,LNK,NE,ACE,CE,Combined TRACON& Tower with Radar,11,33,36,13,93,0,1,10,10,21,11,34,46,23,114,4,8,12,126
01/27/2001,LNK,NE,ACE,CE,Combined TRACON& Tower with Radar,13,32,54,11,110,0,2,103,1,106,13,34,157,12,216,156,1,157,373
01/28/2001,LNK,NE,ACE,CE,Combined TRACON& Tower with Radar,11,23,17,3,54,0,1,6,0,7,11,24,23,3,61,0,0,0,61
01/29/2001,LNK,NE,ACE,CE,Combined TRACON& Tower with Radar,9,12,20,1,42,0,0,3,0,3,9,12,23,1,45,0,0,0,45
01/30/2001,LNK,NE,ACE,CE,Combined TRACON& Tower with Radar,13,28,26,5,72,0,0,10,2,12,13,28,36,7,84,4,0,4,88
01/31/2001,LNK,NE,ACE,CE,Combined TRACON& Tower with Radar,12,39,43,78,172,0,1,57,9,67,12,40,100,87,239,76,54,130,369
02/01/2001,LNK,NE,ACE,CE,Combined TRACON& Tower with Radar,10,33,52,60,155,0,0,16,11,27,10,33,68,71,182,40,34,74,256
02/02/2001,LNK,NE,ACE,CE,Combined TRACON& Tower with Radar,10,34,80,29,153,0,6,74,18,98,10,40,154,47,251,84,22,106,357
02/03/2001,LNK,NE,ACE,CE,Combined TRACON& Tower with Radar,9,42,27,6,84,0,6,69,1,76,9,48,96,7,160,224,0,224,384
02/04/2001,LNK,NE,ACE,CE,Combined TRACON& Tower with Radar,13,31,23,4,71,0,2,42,0,44,13,33,65,4,115,96,0,96,211
02/05/2001,LNK,NE,ACE,CE,Combined TRACON& Tower with Radar,12,38,73,9,132,0,10,71,0,81,12,48,144,9,213,112,4,116,329
02/06/2001,LNK,NE,ACE,CE,Combined TRACON& Tower with Radar,12,45,71,29,157,0,0,73,3,76,12,45,144,32,233,100,36,136,369
02/07/2001,LNK,NE,ACE,CE,Combined TRACON& Tower with Radar,13,28,34,10,85,0,1,2,1,4,13,29,36,11,89,2,0,2,91
02/08/2001,LNK,NE,ACE,CE,Combined TRACON& Tower with Radar,11,10,20,0,41,0,0,0,0,0,11,10,20,0,41,0,0,0,41
02/09/2001,LNK,NE,ACE,CE,Combined TRACON& Tower with Radar,6,15,25,0,46,0,0,8,0,8,6,15,33,0,54,0,0,0,54
02/10/2001,LNK,NE,ACE,CE,Combined TRACON& Tower with Radar,12,26,37,7,82,0,6,28,3,37,12,32,65,10,119,12,12,24,143
02/11/2001,LNK,NE,ACE,CE,Combined TRACON& Tower with Radar,11,23,26,14,74,0,2,32,4,38,11,25,58,18,112,64,0,64,176
02/12/2001,LNK,NE,ACE,CE,Combined TRACON& Tower with Radar,16,38,76,35,165,0,1,15,0,16,16,39,91,35,181,90,2,92,273
02/13/2001,LNK,NE,ACE,CE,Combined TRACON& Tower with Radar,12,27,37,18,94,0,0,0,0,0,12,27,37,18,94,0,4,4,98
02/14/2001,LNK,NE,ACE,CE,Combined TRACON& Tower with Radar,12,28,30,0,70,0,0,0,2,2,12,28,30,2,72,0,0,0,72
02/15/2001,LNK,NE,ACE,CE,Combined TRACON& Tower with Radar,14,31,79,20,144,0,2,33,4,39,14,33,112,24,183,74,14,88,271
02/16/2001,LNK,NE,ACE,CE,Combined TRACON& Tower with Radar,12,33,87,19,151,0,4,42,0,46,12,37,129,19,197,82,12,94,291
02/17/2001,LNK,NE,ACE,CE,Combined TRACON& Tower with Radar,11,54,62,0,127,0,5,81,0,86,11,59,143,0,213,178,0,178,391
02/18/2001,LNK,NE,ACE,CE,Combined TRACON& Tower with Radar,13,30,42,2,87,0,3,60,0,63,13,33,102,2,150,111,0,111,261
02/19/2001,LNK,NE,ACE,CE,Combined TRACON& Tower with Radar,11,31,62,6,110,0,4,81,1,86,11,35,143,7,196,132,0,132,328
02/20/2001,LNK,NE,ACE,CE,Combined TRACON& Tower with Radar,11,35,56,24,126,0,0,34,7,41,11,35,90,31,167,58,18,76,243
02/21/2001,LNK,NE,ACE,CE,Combined TRACON& Tower with Radar,13,28,62,59,162,0,2,38,8,48,13,30,100,67,210,298,62,360,570
02/22/2001,LNK,NE,ACE,CE,Combined TRACON& Tower with Radar,11,42,65,40,158,0,3,54,21,78,11,45,119,61,236,114,40,154,390
02/23/2001,LNK,NE,ACE,CE,Combined TRACON& Tower with Radar,14,22,42,29,107,0,0,11,0,11,14,22,53,29,118,20,2,22,140
02/24/2001,LNK,NE,ACE,CE,Combined TRACON& Tower with Radar,10,8,3,0,21,0,0,0,0,0,10,8,3,0,21,0,0,0,21
02/25/2001,LNK,NE,ACE,CE,Combined TRACON& Tower with Radar,12,22,47,3,84,0,1,55,4,60,12,23,102,7,144,140,0,140,284
02/26/2001,LNK,NE,ACE,CE,Combined TRACON& Tower with Radar,12,29,33,12,86,0,3,16,1,20,12,32,49,13,106,62,14,76,182
02/27/2001,LNK,NE,ACE,CE,Combined TRACON& Tower with Radar,11,28,33,35,107,0,1,4,2,7,11,29,37,37,114,0,0,0,114
02/28/2001,LNK,NE,ACE,CE,Combined TRACON& Tower with Radar,15,77,71,46,209,0,6,39,8,53,15,83,110,54,262,104,40,144,406
03/01/2001,LNK,NE,ACE,CE,Combined TRACON& Tower with Radar,12,35,49,47,143,0,2,21,24,47,12,37,70,71,190,74,30,104,294
03/02/2001,LNK,NE,ACE,CE,Combined TRACON& Tower with Radar,12,39,99,45,195,0,1,112,11,124,12,40,211,56,319,158,36,194,513
03/03/2001,LNK,NE,ACE,CE,Combined TRACON& Tower with Radar,11,36,49,38,134,0,2,130,4,136,11,38,179,42,270,250,30,280,550
03/04/2001,LNK,NE,ACE,CE,Combined TRACON& Tower with Radar,11,32,62,7,112,0,1,62,4,67,11,33,124,11,179,158,4,162,341
03/05/2001,LNK,NE,ACE,CE,Combined TRACON& Tower with Radar,11,35,60,48,154,0,4,51,2,57,11,39,111,50,211,88,14,102,313
03/06/2001,LNK,NE,ACE,CE,Combined TRACON& Tower with Radar,12,41,67,66,186,0,3,67,16,86,12,44,134,82,272,118,72,190,462
03/07/2001,LNK,NE,ACE,CE,Combined TRACON& Tower with Radar,12,57,57,49,175,0,3,39,7,49,12,60,96,56,224,106,40,146,370
03/08/2001,LNK,NE,ACE,CE,Combined TRACON& Tower with Radar,13,46,62,28,149,0,8,90,16,114,13,54,152,44,263,126,10,136,399
03/09/2001,LNK,NE,ACE,CE,Combined TRACON& Tower with Radar,12,41,78,32,163,0,5,82,21,108,12,46,160,53,271,82,68,150,421
03/10/2001,LNK,NE,ACE,CE,Combined TRACON& Tower with Radar,10,18,40,6,74,0,1,8,0,9,10,19,48,6,83,16,2,18,101
03/11/2001,LNK,NE,ACE,CE,Combined TRACON& Tower with Radar,15,31,22,7,75,0,1,0,3,4,15,32,22,10,79,26,0,26,105
03/12/2001,LNK,NE,ACE,CE,Combined TRACON& Tower with Radar,11,44,57,10,122,0,5,42,1,48,11,49,99,11,170,62,16,78,248
03/13/2001,LNK,NE,ACE,CE,Combined TRACON& Tower with Radar,12,42,59,63,176,0,1,71,3,75,12,43,130,66,251,90,48,138,389
03/14/2001,LNK,NE,ACE,CE,Combined TRACON& Tower with Radar,12,37,101,52,202,0,4,70,22,96,12,41,171,74,298,148,70,218,516
03/15/2001,LNK,NE,ACE,CE,Combined TRACON& Tower with Radar,14,34,55,50,153,0,2,5,9,16,14,36,60,59,169,4,56,60,229
03/16/2001,LNK,NE,ACE,CE,Combined TRACON& Tower with Radar,11,37,100,90,238,0,5,84,24,113,11,42,184,114,351,128,100,228,579
03/17/2001,LNK,NE,ACE,CE,Combined TRACON& Tower with Radar,13,22,48,8,91,0,1,128,3,132,13,23,176,11,223,274,6,280,503
03/18/2001,LNK,NE,ACE,CE,Combined TRACON& Tower with Radar,11,24,32,26,93,0,1,75,4,80,11,25,107,30,173,124,10,134,307
03/19/2001,LNK,NE,ACE,CE,Combined TRACON& Tower with Radar,11,43,65,12,131,0,0,27,0,27,11,43,92,12,158,80,0,80,238
03/20/2001,LNK,NE,ACE,CE,Combined TRACON& Tower with Radar,13,40,78,78,209,0,6,86,17,109,13,46,164,95,318,78,78,156,474
03/21/2001,LNK,NE,ACE,CE,Combined TRACON& Tower with Radar,11,30,79,65,185,0,3,37,10,50,11,33,116,75,235,152,58,210,445
03/22/2001,LNK,NE,ACE,CE,Combined TRACON& Tower with Radar,13,38,74,45,170,0,2,66,25,93,13,40,140,70,263,138,22,160,423
03/23/2001,LNK,NE,ACE,CE,Combined TRACON& Tower with Radar,12,37,57,26,132,0,0,5,0,5,12,37,62,26,137,0,2,2,139
03/24/2001,LNK,NE,ACE,CE,Combined TRACON& Tower with Radar,11,26,42,12,91,0,1,74,17,92,11,27,116,29,183,66,0,66,249
03/25/2001,LNK,NE,ACE,CE,Combined TRACON& Tower with Radar,12,25,83,3,123,0,0,84,4,88,12,25,167,7,211,106,24,130,341
03/26/2001,LNK,NE,ACE,CE,Combined TRACON& Tower with Radar,13,36,65,15,129,0,2,80,2,84,13,38,145,17,213,72,22,94,307
03/27/2001,LNK,NE,ACE,CE,Combined TRACON& Tower with Radar,13,41,69,38,161,0,2,66,0,68,13,43,135,38,229,86,24,110,339
03/28/2001,LNK,NE,ACE,CE,Combined TRACON& Tower with Radar,11,59,69,32,171,0,1,35,6,42,11,60,104,38,213,30,16,46,259
03/29/2001,LNK,NE,ACE,CE,Combined TRACON& Tower with Radar,13,49,51,43,156,0,1,24,16,41,13,50,75,59,197,40,18,58,255
03/30/2001,LNK,NE,ACE,CE,Combined TRACON& Tower with Radar,12,34,73,42,161,0,0,39,32,71,12,34,112,74,232,106,36,142,374
03/31/2001,LNK,NE,ACE,CE,Combined TRACON& Tower with Radar,6,20,34,4,64,6,3,45,0,54,12,23,79,4,118,82,0,82,200
04/01/2001,LNK,NE,ACE,CE,Combined TRACON& Tower with Radar,11,28,32,0,71,1,4,81,0,86,12,32,113,0,157,78,0,78,235
04/02/2001,LNK,NE,ACE,CE,Combined TRACON& Tower with Radar,13,30,31,25,99,0,0,51,4,55,13,30,82,29,154,112,8,120,274
04/03/2001,LNK,NE,ACE,CE,Combined TRACON& Tower with Radar,12,39,32,72,155,0,0,2,1,3,12,39,34,73,158,0,28,28,186
04/04/2001,LNK,NE,ACE,CE,Combined TRACON& Tower with Radar,13,39,61,46,159,0,0,25,5,30,13,39,86,51,189,55,16,71,260
04/05/2001,LNK,NE,ACE,CE,Combined TRACON& Tower with Radar,11,44,39,29,123,0,2,7,2,11,11,46,46,31,134,4,2,6,140
04/06/2001,LNK,NE,ACE,CE,Combined TRACON& Tower with Radar,13,27,28,29,97,0,0,0,4,4,13,27,28,33,101,0,10,10,111
04/07/2001,LNK,NE,ACE,CE,Combined TRACON& Tower with Radar,10,41,18,8,77,0,0,16,3,19,10,41,34,11,96,6,6,12,108
04/08/2001,LNK,NE,ACE,CE,Combined TRACON& Tower with Radar,16,31,44,14,105,0,1,123,25,149,16,32,167,39,254,84,16,100,354
04/09/2001,LNK,NE,ACE,CE,Combined TRACON& Tower with Radar,12,44,63,10,129,0,4,93,17,114,12,48,156,27,243,82,32,114,357
04/10/2001,LNK,NE,ACE,CE,Combined TRACON& Tower with Radar,12,43,60,5,120,0,4,16,1,21,12,47,76,6,141,0,0,0,141
04/11/2001,LNK,NE,ACE,CE,Combined TRACON& Tower with Radar,8,25,25,17,75,0,6,0,0,6,8,31,25,17,81,0,12,12,93
04/12/2001,LNK,NE,ACE,CE,Combined TRACON& Tower with Radar,13,38,49,37,137,0,2,70,25,97,13,40,119,62,234,46,46,92,326
04/13/2001,LNK,NE,ACE,CE,Combined TRACON& Tower with Radar,13,28,61,42,144,0,4,85,6,95,13,32,146,48,239,118,12,130,369
04/14/2001,LNK,NE,ACE,CE,Combined TRACON& Tower with Radar,8,26,32,13,79,0,3,152,4,159,8,29,184,17,238,164,0,164,402
04/15/2001,LNK,NE,ACE,CE,Combined TRACON& Tower with Radar,9,23,37,6,75,0,4,42,0,46,9,27,79,6,121,26,0,26,147
04/16/2001,LNK,NE,ACE,CE,Combined TRACON& Tower with Radar,12,33,36,16,97,0,1,23,2,26,12,34,59,18,123,0,8,8,131
04/17/2001,LNK,NE,ACE,CE,Combined TRACON& Tower with Radar,20,36,83,51,190,0,0,99,5,104,20,36,182,56,294,94,24,118,412
04/18/2001,LNK,NE,ACE,CE,Combined TRACON& Tower with Radar,12,46,66,70,194,0,5,55,13,73,12,51,121,83,267,96,68,164,431
04/19/2001,LNK,NE,ACE,CE,Combined TRACON& Tower with Radar,12,36,61,93,202,0,0,56,23,79,12,36,117,116,281,109,26,135,416
04/20/2001,LNK,NE,ACE,CE,Combined TRACON& Tower with Radar,12,38,63,31,144,0,9,66,6,81,12,47,129,37,225,96,16,112,337
04/21/2001,LNK,NE,ACE,CE,Combined TRACON& Tower with Radar,12,28,49,0,89,0,2,73,0,75,12,30,122,0,164,138,0,138,302
04/22/2001,LNK,NE,ACE,CE,Combined TRACON& Tower with Radar,11,24,11,1,47,0,0,4,0,4,11,24,15,1,51,0,0,0,51
04/23/2001,LNK,NE,ACE,CE,Combined TRACON& Tower with Radar,14,33,54,16,117,0,0,14,1,15,14,33,68,17,132,0,0,0,132
04/24/2001,LNK,NE,ACE,CE,Combined TRACON& Tower with Radar,15,51,57,48,171,0,1,68,10,79,15,52,125,58,250,160,46,206,456
04/25/2001,LNK,NE,ACE,CE,Combined TRACON& Tower with Radar,12,38,39,30,119,0,0,124,9,133,12,38,163,39,252,104,36,140,392
04/26/2001,LNK,NE,ACE,CE,Combined TRACON& Tower with Radar,12,42,61,52,167,0,7,100,10,117,12,49,161,62,284,136,44,180,464
04/27/2001,LNK,NE,ACE,CE,Combined TRACON& Tower with Radar,12,41,47,57,157,0,6,89,32,127,12,47,136,89,284,70,72,142,426
04/28/2001,LNK,NE,ACE,CE,Combined TRACON& Tower with Radar,13,30,25,2,70,0,5,87,8,100,13,35,112,10,170,42,8,50,220
04/29/2001,LNK,NE,ACE,CE,Combined TRACON& Tower with Radar,11,23,25,5,64,0,3,56,7,66,11,26,81,12,130,2,0,2,132
04/30/2001,LNK,NE,ACE,CE,Combined TRACON& Tower with Radar,12,53,52,38,155,0,4,47,3,54,12,57,99,41,209,112,16,128,337
05/01/2001,LNK,NE,ACE,CE,Combined TRACON& Tower with Radar,12,40,56,80,188,0,2,64,8,74,12,42,120,88,262,146,14,160,422
05/02/2001,LNK,NE,ACE,CE,Combined TRACON& Tower with Radar,12,41,76,23,152,0,5,16,5,26,12,46,92,28,178,8,12,20,198
05/03/2001,LNK,NE,ACE,CE,Combined TRACON& Tower with Radar,13,35,65,11,124,0,0,1,1,2,13,35,66,12,126,12,0,12,138
05/04/2001,LNK,NE,ACE,CE,Combined TRACON& Tower with Radar,12,32,38,19,101,0,0,0,1,1,12,32,38,20,102,2,0,2,104
05/05/2001,LNK,NE,ACE,CE,Combined TRACON& Tower with Radar,12,25,47,16,100,0,0,11,4,15,12,25,58,20,115,34,2,36,151
05/06/2001,LNK,NE,ACE,CE,Combined TRACON& Tower with Radar,13,24,41,5,83,0,2,25,5,32,13,26,66,10,115,22,0,22,137
05/07/2001,LNK,NE,ACE,CE,Combined TRACON& Tower with Radar,11,38,58,37,144,0,0,96,6,102,11,38,154,43,246,112,30,142,388
05/08/2001,LNK,NE,ACE,CE,Combined TRACON& Tower with Radar,12,34,68,34,148,0,0,57,4,61,12,34,125,38,209,71,23,94,303
05/09/2001,LNK,NE,ACE,CE,Combined TRACON& Tower with Radar,11,53,73,51,188,0,3,63,25,91,11,56,136,76,279,36,50,86,365
05/10/2001,LNK,NE,ACE,CE,Combined TRACON& Tower with Radar,15,44,67,55,181,0,2,58,10,70,15,46,125,65,251,110,34,144,395
05/11/2001,LNK,NE,ACE,CE,Combined TRACON& Tower with Radar,12,40,54,61,167,0,4,91,13,108,12,44,145,74,275,152,22,174,449
05/12/2001,LNK,NE,ACE,CE,Combined TRACON& Tower with Radar,10,29,46,6,91,3,8,121,0,132,13,37,167,6,223,166,10,176,399
05/13/2001,LNK,NE,ACE,CE,Combined TRACON& Tower with Radar,11,25,43,9,88,0,3,69,1,73,11,28,112,10,161,68,14,82,243
05/14/2001,LNK,NE,ACE,CE,Combined TRACON& Tower with Radar,13,34,80,32,159,0,6,57,1,64,13,40,137,33,223,84,16,100,323
05/15/2001,LNK,NE,ACE,CE,Combined TRACON& Tower with Radar,12,33,82,58,185,0,5,88,7,100,12,38,170,65,285,72,58,130,415
05/16/2001,LNK,NE,ACE,CE,Combined TRACON& Tower with Radar,16,34,90,30,170,0,7,155,11,173,16,41,245,41,343,88,26,114,457
05/17/2001,LNK,NE,ACE,CE,Combined TRACON& Tower with Radar,12,42,87,113,254,0,1,48,33,82,12,43,135,146,336,154,126,280,616
05/18/2001,LNK,NE,ACE,CE,Combined TRACON& Tower with Radar,13,36,41,19,109,0,2,95,12,109,13,38,136,31,218,178,32,210,428
05/19/2001,LNK,NE,ACE,CE,Combined TRACON& Tower with Radar,11,23,34,0,68,0,2,87,11,100,11,25,121,11,168,152,0,152,320
05/20/2001,LNK,NE,ACE,CE,Combined TRACON& Tower with Radar,11,19,22,1,53,0,1,3,2,6,11,20,25,3,59,0,0,0,59
05/21/2001,LNK,NE,ACE,CE,Combined TRACON& Tower with Radar,12,38,55,44,149,0,3,36,2,41,12,41,91,46,190,2,24,26,216
05/22/2001,LNK,NE,ACE,CE,Combined TRACON& Tower with Radar,12,40,57,55,164,0,4,56,19,79,12,44,113,74,243,118,56,174,417
05/23/2001,LNK,NE,ACE,CE,Combined TRACON& Tower with Radar,12,40,47,38,137,0,0,26,19,45,12,40,73,57,182,68,8,76,258
05/24/2001,LNK,NE,ACE,CE,Combined TRACON& Tower with Radar,14,43,69,40,166,0,9,30,26,65,14,52,99,66,231,102,58,160,391
05/25/2001,LNK,NE,ACE,CE,Combined TRACON& Tower with Radar,11,48,55,8,122,0,5,80,9,94,11,53,135,17,216,138,12,150,366
05/26/2001,LNK,NE,ACE,CE,Combined TRACON& Tower with Radar,11,26,33,10,80,0,0,71,0,71,11,26,104,10,151,52,8,60,211
05/27/2001,LNK,NE,ACE,CE,Combined TRACON& Tower with Radar,11,21,31,1,64,0,1,111,0,112,11,22,142,1,176,86,0,86,262
05/28/2001,LNK,NE,ACE,CE,Combined TRACON& Tower with Radar,13,27,39,0,79,0,11,105,6,122,13,38,144,6,201,118,12,130,331
05/29/2001,LNK,NE,ACE,CE,Combined TRACON& Tower with Radar,12,41,71,17,141,0,1,22,5,28,12,42,93,22,169,76,4,80,249
05/30/2001,LNK,NE,ACE,CE,Combined TRACON& Tower with Radar,12,39,56,19,126,0,0,0,0,0,12,39,56,19,126,2,2,4,130
05/31/2001,LNK,NE,ACE,CE,Combined TRACON& Tower with Radar,12,63,71,60,206,0,0,42,8,50,12,63,113,68,256,56,2,58,314
06/01/2001,LNK,NE,ACE,CE,Combined TRACON& Tower with Radar,13,44,48,11,116,0,4,78,12,94,13,48,126,23,210,76,0,76,286
06/02/2001,LNK,NE,ACE,CE,Combined TRACON& Tower with Radar,14,33,56,0,103,0,1,147,6,154,14,34,203,6,257,166,0,166,423
06/03/2001,LNK,NE,ACE,CE,Combined TRACON& Tower with Radar,12,39,50,0,101,0,5,25,1,31,12,44,75,1,132,78,0,78,210
06/04/2001,LNK,NE,ACE,CE,Combined TRACON& Tower with Radar,11,40,79,3,133,0,0,2,2,4,11,40,81,5,137,6,0,6,143
06/05/2001,LNK,NE,ACE,CE,Combined TRACON& Tower with Radar,14,42,55,26,137,0,0,16,10,26,14,42,71,36,163,90,16,106,269
06/06/2001,LNK,NE,ACE,CE,Combined TRACON& Tower with Radar,10,44,86,69,209,0,0,20,14,34,10,44,106,83,243,138,34,172,415
06/07/2001,LNK,NE,ACE,CE,Combined TRACON& Tower with Radar,18,56,146,99,319,0,1,108,24,133,18,57,254,123,452,190,80,270,722
06/08/2001,LNK,NE,ACE,CE,Combined TRACON& Tower with Radar,12,37,89,65,203,0,7,148,19,174,12,44,237,84,377,182,34,216,593
06/09/2001,LNK,NE,ACE,CE,Combined TRACON& Tower with Radar,12,27,36,0,75,0,1,136,10,147,12,28,172,10,222,110,0,110,332
06/10/2001,LNK,NE,ACE,CE,Combined TRACON& Tower with Radar,11,25,52,9,97,0,1,89,4,94,11,26,141,13,191,162,14,176,367
06/11/2001,LNK,NE,ACE,CE,Combined TRACON& Tower with Radar,12,48,57,44,161,0,7,50,12,69,12,55,107,56,230,66,32,98,328
06/12/2001,LNK,NE,ACE,CE,Combined TRACON& Tower with Radar,12,34,69,26,141,0,2,79,3,84,12,36,148,29,225,80,15,95,320
06/13/2001,LNK,NE,ACE,CE,Combined TRACON& Tower with Radar,12,41,41,93,187,0,2,48,26,76,12,43,89,119,263,45,116,161,424
06/14/2001,LNK,NE,ACE,CE,Combined TRACON& Tower with Radar,12,35,88,22,157,0,4,62,9,75,12,39,150,31,232,80,34,114,346
06/15/2001,LNK,NE,ACE,CE,Combined TRACON& Tower with Radar,12,38,66,28,144,2,3,119,0,124,14,41,185,28,268,200,22,222,490
06/16/2001,LNK,NE,ACE,CE,Combined TRACON& Tower with Radar,11,28,34,10,83,0,7,129,1,137,11,35,163,11,220,176,0,176,396
06/17/2001,LNK,NE,ACE,CE,Combined TRACON& Tower with Radar,11,28,21,4,64,0,5,59,0,64,11,33,80,4,128,14,0,14,142
06/18/2001,LNK,NE,ACE,CE,Combined TRACON& Tower with Radar,12,37,49,0,98,0,7,24,0,31,12,44,73,0,129,10,0,10,139
06/19/2001,LNK,NE,ACE,CE,Combined TRACON& Tower with Radar,14,35,35,4,88,0,2,36,0,38,14,37,71,4,126,130,0,130,256
06/20/2001,LNK,NE,ACE,CE,Combined TRACON& Tower with Radar,12,45,83,41,181,0,8,32,16,56,12,53,115,57,237,76,50,126,363
06/21/2001,LNK,NE,ACE,CE,Combined TRACON& Tower with Radar,12,37,90,30,169,0,1,133,22,156,12,38,223,52,325,186,32,218,543
06/22/2001,LNK,NE,ACE,CE,Combined TRACON& Tower with Radar,14,36,65,38,153,0,10,158,14,182,14,46,223,52,335,216,42,258,593
06/23/2001,LNK,NE,ACE,CE,Combined TRACON& Tower with Radar,11,35,63,8,117,0,2,131,5,138,11,37,194,13,255,102,4,106,361
06/24/2001,LNK,NE,ACE,CE,Combined TRACON& Tower with Radar,11,26,42,4,83,0,3,79,3,85,11,29,121,7,168,48,10,58,226
06/25/2001,LNK,NE,ACE,CE,Combined TRACON& Tower with Radar,13,50,58,58,179,0,7,119,5,131,13,57,177,63,310,70,38,108,418
06/26/2001,LNK,NE,ACE,CE,Combined TRACON& Tower with Radar,13,35,70,51,169,0,2,95,8,105,13,37,165,59,274,156,30,186,460
06/27/2001,LNK,NE,ACE,CE,Combined TRACON& Tower with Radar,12,37,87,61,197,0,3,98,13,114,12,40,185,74,311,106,26,132,443
06/28/2001,LNK,NE,ACE,CE,Combined TRACON& Tower with Radar,13,41,80,82,216,0,8,105,15,128,13,49,185,97,344,108,64,172,516
06/29/2001,LNK,NE,ACE,CE,Combined TRACON& Tower with Radar,12,37,65,24,138,0,0,83,10,93,12,37,148,34,231,130,28,158,389
06/30/2001,LNK,NE,ACE,CE,Combined TRACON& Tower with Radar,11,27,70,6,114,0,11,90,1,102,11,38,160,7,216,228,2,230,446
07/01/2001,LNK,NE,ACE,CE,Combined TRACON& Tower with Radar,6,19,34,3,62,6,27,49,0,82,12,46,83,3,144,84,0,84,228
07/02/2001,LNK,NE,ACE,CE,Combined TRACON& Tower with Radar,13,39,68,27,147,0,0,48,27,75,13,39,116,54,222,0,0,0,222
07/03/2001,LNK,NE,ACE,CE,Combined TRACON& Tower with Radar,16,35,44,34,129,0,7,77,8,92,16,42,121,42,221,143,27,170,391
07/04/2001,LNK,NE,ACE,CE,Combined TRACON& Tower with Radar,12,23,27,1,63,0,1,90,0,91,12,24,117,1,154,74,0,74,228
07/05/2001,LNK,NE,ACE,CE,Combined TRACON& Tower with Radar,13,34,59,1,107,0,2,100,5,107,13,36,159,6,214,88,0,88,302
07/06/2001,LNK,NE,ACE,CE,Combined TRACON& Tower with Radar,10,29,38,73,150,0,1,81,15,97,10,30,119,88,247,78,46,124,371
07/07/2001,LNK,NE,ACE,CE,Combined TRACON& Tower with Radar,15,23,27,1,66,0,5,83,0,88,15,28,110,1,154,174,0,174,328
07/08/2001,LNK,NE,ACE,CE,Combined TRACON& Tower with Radar,11,29,41,6,87,0,4,84,4,92,11,33,125,10,179,164,8,172,351
07/09/2001,LNK,NE,ACE,CE,Combined TRACON& Tower with Radar,9,36,50,51,146,0,7,62,6,75,9,43,112,57,221,126,58,184,405
07/10/2001,LNK,NE,ACE,CE,Combined TRACON& Tower with Radar,6,38,68,23,135,0,5,81,11,97,6,43,149,34,232,96,16,112,344
07/11/2001,LNK,NE,ACE,CE,Combined TRACON& Tower with Radar,10,45,68,38,161,0,1,41,13,55,10,46,109,51,216,44,46,90,306
07/12/2001,LNK,NE,ACE,CE,Combined TRACON& Tower with Radar,9,41,86,55,191,0,1,36,19,56,9,42,122,74,247,70,40,110,357
07/13/2001,LNK,NE,ACE,CE,Combined TRACON& Tower with Radar,8,43,66,34,151,0,2,101,22,125,8,45,167,56,276,151,32,183,459
07/14/2001,LNK,NE,ACE,CE,Combined TRACON& Tower with Radar,8,29,35,7,79,0,4,93,19,116,8,33,128,26,195,112,5,117,312
07/15/2001,LNK,NE,ACE,CE,Combined TRACON& Tower with Radar,8,31,51,20,110,0,1,94,6,101,8,32,145,26,211,150,14,164,375
07/16/2001,LNK,NE,ACE,CE,Combined TRACON& Tower with Radar,10,43,75,16,144,0,6,55,2,63,10,49,130,18,207,52,8,60,267
07/17/2001,LNK,NE,ACE,CE,Combined TRACON& Tower with Radar,12,66,59,36,173,0,5,57,4,66,12,71,116,40,239,138,28,166,405
07/18/2001,LNK,NE,ACE,CE,Combined TRACON& Tower with Radar,9,40,72,39,160,0,0,72,10,82,9,40,144,49,242,44,38,82,324
07/19/2001,LNK,NE,ACE,CE,Combined TRACON& Tower with Radar,9,45,77,36,167,0,1,72,20,93,9,46,149,56,260,100,26,126,386
07/20/2001,LNK,NE,ACE,CE,Combined TRACON& Tower with Radar,14,44,68,14,140,0,2,93,14,109,14,46,161,28,249,122,26,148,397
07/21/2001,LNK,NE,ACE,CE,Combined TRACON& Tower with Radar,9,34,55,7,105,0,2,123,11,136,9,36,178,18,241,58,14,72,313
07/22/2001,LNK,NE,ACE,CE,Combined TRACON& Tower with Radar,9,34,57,4,104,0,2,70,1,73,9,36,127,5,177,122,0,122,299
07/23/2001,LNK,NE,ACE,CE,Combined TRACON& Tower with Radar,10,36,62,54,162,0,0,78,2,80,10,36,140,56,242,40,32,72,314
07/24/2001,LNK,NE,ACE,CE,Combined TRACON& Tower with Radar,14,49,102,12,177,0,8,66,13,87,14,57,168,25,264,93,18,111,375
07/25/2001,LNK,NE,ACE,CE,Combined TRACON& Tower with Radar,13,41,83,30,167,0,0,41,0,41,13,41,124,30,208,56,8,64,272
07/26/2001,LNK,NE,ACE,CE,Combined TRACON& Tower with Radar,12,32,121,59,224,0,1,10,0,11,12,33,131,59,235,12,6,18,253
07/27/2001,LNK,NE,ACE,CE,Combined TRACON& Tower with Radar,13,48,81,33,175,0,0,28,0,28,13,48,109,33,203,52,26,78,281
07/28/2001,LNK,NE,ACE,CE,Combined TRACON& Tower with Radar,13,35,69,22,139,0,0,74,4,78,13,35,143,26,217,50,14,64,281
07/29/2001,LNK,NE,ACE,CE,Combined TRACON& Tower with Radar,8,29,50,20,107,3,8,100,1,112,11,37,150,21,219,114,6,120,339
07/30/2001,LNK,NE,ACE,CE,Combined TRACON& Tower with Radar,12,34,82,3,131,0,6,70,3,79,12,40,152,6,210,62,0,62,272
07/31/2001,LNK,NE,ACE,CE,Combined TRACON& Tower with Radar,10,39,58,19,126,0,9,56,2,67,10,48,114,21,193,66,4,70,263
08/01/2001,LNK,NE,ACE,CE,Combined TRACON& Tower with Radar,11,46,63,12,132,1,3,59,12,75,12,49,122,24,207,82,14,96,303
08/02/2001,LNK,NE,ACE,CE,Combined TRACON& Tower with Radar,13,48,63,28,152,0,0,78,23,101,13,48,141,51,253,52,13,65,318
08/03/2001,LNK,NE,ACE,CE,Combined TRACON& Tower with Radar,10,36,63,37,146,0,6,83,28,117,10,42,146,65,263,90,28,118,381
08/04/2001,LNK,NE,ACE,CE,Combined TRACON& Tower with Radar,11,37,31,9,88,0,3,92,13,108,11,40,123,22,196,134,2,136,332
08/05/2001,LNK,NE,ACE,CE,Combined TRACON& Tower with Radar,6,27,40,4,77,1,15,72,0,88,7,42,112,4,165,108,16,124,289
08/06/2001,LNK,NE,ACE,CE,Combined TRACON& Tower with Radar,8,37,54,14,113,0,14,68,0,82,8,51,122,14,195,58,4,62,257
08/07/2001,LNK,NE,ACE,CE,Combined TRACON& Tower with Radar,9,40,62,26,137,0,0,102,10,112,9,40,164,36,249,104,32,136,385
08/08/2001,LNK,NE,ACE,CE,Combined TRACON& Tower with Radar,9,45,89,45,188,0,8,80,13,101,9,53,169,58,289,108,40,148,437
08/09/2001,LNK,NE,ACE,CE,Combined TRACON& Tower with Radar,9,40,112,27,188,0,0,73,13,86,9,40,185,40,274,52,14,66,340
08/10/2001,LNK,NE,ACE,CE,Combined TRACON& Tower with Radar,10,45,72,39,166,0,0,83,24,107,10,45,155,63,273,84,38,122,395
08/11/2001,LNK,NE,ACE,CE,Combined TRACON& Tower with Radar,8,41,38,11,98,0,0,136,10,146,8,41,174,21,244,120,12,132,376
08/12/2001,LNK,NE,ACE,CE,Combined TRACON& Tower with Radar,5,25,49,3,82,0,0,49,11,60,5,25,98,14,142,92,2,94,236
08/13/2001,LNK,NE,ACE,CE,Combined TRACON& Tower with Radar,8,44,53,31,136,0,0,90,7,97,8,44,143,38,233,126,26,152,385
08/14/2001,LNK,NE,ACE,CE,Combined TRACON& Tower with Radar,9,40,70,37,156,0,0,60,11,71,9,40,130,48,227,60,38,98,325
08/15/2001,LNK,NE,ACE,CE,Combined TRACON& Tower with Radar,8,45,78,37,168,0,0,18,11,29,8,45,96,48,197,36,24,60,257
08/16/2001,LNK,NE,ACE,CE,Combined TRACON& Tower with Radar,12,50,60,24,146,0,3,123,14,140,12,53,183,38,286,126,16,142,428
08/17/2001,LNK,NE,ACE,CE,Combined TRACON& Tower with Radar,9,35,57,65,166,0,0,76,26,102,9,35,133,91,268,76,66,142,410
08/18/2001,LNK,NE,ACE,CE,Combined TRACON& Tower with Radar,12,27,53,1,93,0,3,89,10,102,12,30,142,11,195,100,4,104,299
08/19/2001,LNK,NE,ACE,CE,Combined TRACON& Tower with Radar,6,25,36,15,82,1,9,126,0,136,7,34,162,15,218,100,16,116,334
08/20/2001,LNK,NE,ACE,CE,Combined TRACON& Tower with Radar,9,38,55,8,110,4,2,90,0,96,13,40,145,8,206,52,0,52,258
08/21/2001,LNK,NE,ACE,CE,Combined TRACON& Tower with Radar,7,48,41,23,119,0,1,50,10,61,7,49,91,33,180,52,8,60,240
08/22/2001,LNK,NE,ACE,CE,Combined TRACON& Tower with Radar,11,38,71,25,145,0,4,79,19,102,11,42,150,44,247,94,0,94,341
08/23/2001,LNK,NE,ACE,CE,Combined TRACON& Tower with Radar,10,43,68,42,163,0,6,58,18,82,10,49,126,60,245,94,20,114,359
08/24/2001,LNK,NE,ACE,CE,Combined TRACON& Tower with Radar,10,44,60,38,152,0,0,42,11,53,10,44,102,49,205,50,18,68,273
08/25/2001,LNK,NE,ACE,CE,Combined TRACON& Tower with Radar,8,36,55,3,102,0,0,93,0,93,8,36,148,3,195,14,0,14,209
08/26/2001,LNK,NE,ACE,CE,Combined TRACON& Tower with Radar,7,35,38,11,91,0,0,79,4,83,7,35,117,15,174,142,6,148,322
08/27/2001,LNK,NE,ACE,CE,Combined TRACON& Tower with Radar,21,30,47,22,120,0,2,88,5,95,21,32,135,27,215,124,18,142,357
08/28/2001,LNK,NE,ACE,CE,Combined TRACON& Tower with Radar,11,52,55,47,165,0,4,80,14,98,11,56,135,61,263,78,20,98,361
08/29/2001,LNK,NE,ACE,CE,Combined TRACON& Tower with Radar,9,52,45,70,176,0,2,63,13,78,9,54,108,83,254,32,40,72,326
08/30/2001,LNK,NE,ACE,CE,Combined TRACON& Tower with Radar,9,53,57,47,166,0,4,55,20,79,9,57,112,67,245,16,14,30,275
08/31/2001,LNK,NE,ACE,CE,Combined TRACON& Tower with Radar,10,42,61,36,149,0,5,112,11,128,10,47,173,47,277,98,36,134,411
09/01/2001,LNK,NE,ACE,CE,Combined TRACON& Tower with Radar,10,31,47,2,90,1,3,108,0,112,11,34,155,2,202,52,0,52,254
09/02/2001,LNK,NE,ACE,CE,Combined TRACON& Tower with Radar,7,29,26,0,62,0,1,48,1,50,7,30,74,1,112,52,0,52,164
09/03/2001,LNK,NE,ACE,CE,Combined TRACON& Tower with Radar,9,28,52,4,93,0,5,99,2,106,9,33,151,6,199,118,0,118,317
09/04/2001,LNK,NE,ACE,CE,Combined TRACON& Tower with Radar,7,46,57,18,128,0,1,64,6,71,7,47,121,24,199,96,32,128,327
09/05/2001,LNK,NE,ACE,CE,Combined TRACON& Tower with Radar,9,50,68,68,195,0,6,76,33,115,9,56,144,101,310,76,78,154,464
09/06/2001,LNK,NE,ACE,CE,Combined TRACON& Tower with Radar,8,41,54,32,135,0,0,36,14,50,8,41,90,46,185,12,21,33,218
09/07/2001,LNK,NE,ACE,CE,Combined TRACON& Tower with Radar,13,44,63,66,186,0,2,27,29,58,13,46,90,95,244,24,76,100,344
09/08/2001,LNK,NE,ACE,CE,Combined TRACON& Tower with Radar,12,44,84,3,143,0,2,67,13,82,12,46,151,16,225,92,20,112,337
09/09/2001,LNK,NE,ACE,CE,Combined TRACON& Tower with Radar,10,41,127,34,212,0,6,108,3,117,10,47,235,37,329,48,32,80,409
09/10/2001,LNK,NE,ACE,CE,Combined TRACON& Tower with Radar,8,49,68,20,145,0,1,77,4,82,8,50,145,24,227,48,26,74,301
09/11/2001,LNK,NE,ACE,CE,Combined TRACON& Tower with Radar,7,13,13,5,38,0,0,22,1,23,7,13,35,6,61,0,0,0,61
09/12/2001,LNK,NE,ACE,CE,Combined TRACON& Tower with Radar,0,5,0,2,7,0,1,0,1,2,0,6,0,3,9,0,0,0,9
09/13/2001,LNK,NE,ACE,CE,Combined TRACON& Tower with Radar,7,42,0,9,58,0,1,2,5,8,7,43,2,14,66,0,10,10,76
09/14/2001,LNK,NE,ACE,CE,Combined TRACON& Tower with Radar,11,62,13,7,93,0,7,0,14,21,11,69,13,21,114,0,0,0,114
09/15/2001,LNK,NE,ACE,CE,Combined TRACON& Tower with Radar,9,41,59,1,110,0,0,18,0,18,9,41,77,1,128,0,0,0,128
09/16/2001,LNK,NE,ACE,CE,Combined TRACON& Tower with Radar,8,38,65,15,126,0,1,0,1,2,8,39,65,16,128,0,0,0,128
09/17/2001,LNK,NE,ACE,CE,Combined TRACON& Tower with Radar,8,36,65,14,123,0,1,0,2,3,8,37,65,16,126,0,0,0,126
09/18/2001,LNK,NE,ACE,CE,Combined TRACON& Tower with Radar,8,54,43,14,119,0,1,0,9,10,8,55,43,23,129,0,0,0,129
09/19/2001,LNK,NE,ACE,CE,Combined TRACON& Tower with Radar,8,49,105,37,199,0,5,0,7,12,8,54,105,44,211,0,36,36,247
09/20/2001,LNK,NE,ACE,CE,Combined TRACON& Tower with Radar,10,54,89,33,186,0,4,19,16,39,10,58,108,49,225,0,26,26,251
09/21/2001,LNK,NE,ACE,CE,Combined TRACON& Tower with Radar,8,60,91,27,186,0,6,50,24,80,8,66,141,51,266,26,26,52,318
09/22/2001,LNK,NE,ACE,CE,Combined TRACON& Tower with Radar,6,24,35,12,77,6,2,11,9,28,12,26,46,21,105,26,14,40,145
09/23/2001,LNK,NE,ACE,CE,Combined TRACON& Tower with Radar,10,28,51,5,94,0,2,14,4,20,10,30,65,9,114,12,0,12,126
09/24/2001,LNK,NE,ACE,CE,Combined TRACON& Tower with Radar,8,43,65,61,177,0,16,42,12,70,8,59,107,73,247,30,30,60,307
09/25/2001,LNK,NE,ACE,CE,Combined TRACON& Tower with Radar,13,64,71,26,174,0,8,68,17,93,13,72,139,43,267,74,6,80,347
09/26/2001,LNK,NE,ACE,CE,Combined TRACON& Tower with Radar,12,42,81,28,163,0,0,75,17,92,12,42,156,45,255,64,40,104,359
09/27/2001,LNK,NE,ACE,CE,Combined TRACON& Tower with Radar,8,49,88,23,168,0,0,85,16,101,8,49,173,39,269,104,22,126,395
09/28/2001,LNK,NE,ACE,CE,Combined TRACON& Tower with Radar,9,62,74,11,156,0,0,71,10,81,9,62,145,21,237,108,18,126,363
09/29/2001,LNK,NE,ACE,CE,Combined TRACON& Tower with Radar,7,34,47,2,90,4,7,97,0,108,11,41,144,2,198,20,0,20,218
09/30/2001,LNK,NE,ACE,CE,Combined TRACON& Tower with Radar,8,33,50,2,93,0,2,73,1,76,8,35,123,3,169,154,0,154,323
10/01/2001,LNK,NE,ACE,CE,Combined TRACON& Tower with Radar,13,40,53,19,125,0,0,69,3,72,13,40,122,22,197,16,8,24,221
10/02/2001,LNK,NE,ACE,CE,Combined TRACON& Tower with Radar,7,47,49,42,145,0,5,68,11,84,7,52,117,53,229,42,20,62,291
10/03/2001,LNK,NE,ACE,CE,Combined TRACON& Tower with Radar,10,40,76,27,153,0,3,63,14,80,10,43,139,41,233,20,30,50,283
10/04/2001,LNK,NE,ACE,CE,Combined TRACON& Tower with Radar,9,43,65,28,145,0,1,26,9,36,9,44,91,37,181,14,32,46,227
10/05/2001,LNK,NE,ACE,CE,Combined TRACON& Tower with Radar,8,50,45,4,107,0,1,54,10,65,8,51,99,14,172,12,4,16,188
10/06/2001,LNK,NE,ACE,CE,Combined TRACON& Tower with Radar,13,32,46,0,91,0,6,90,17,113,13,38,136,17,204,96,2,98,302
10/07/2001,LNK,NE,ACE,CE,Combined TRACON& Tower with Radar,13,27,41,6,87,0,1,60,0,61,13,28,101,6,148,18,0,18,166
10/08/2001,LNK,NE,ACE,CE,Combined TRACON& Tower with Radar,8,38,45,0,91,1,4,52,0,57,9,42,97,0,148,28,0,28,176
10/09/2001,LNK,NE,ACE,CE,Combined TRACON& Tower with Radar,8,42,56,13,119,0,0,12,2,14,8,42,68,15,133,32,34,66,199
10/10/2001,LNK,NE,ACE,CE,Combined TRACON& Tower with Radar,12,42,73,44,171,0,0,28,10,38,12,42,101,54,209,40,24,64,273
10/11/2001,LNK,NE,ACE,CE,Combined TRACON& Tower with Radar,31,55,73,80,239,1,3,63,10,77,32,58,136,90,316,68,88,156,472
10/12/2001,LNK,NE,ACE,CE,Combined TRACON& Tower with Radar,11,57,94,24,186,0,6,50,10,66,11,63,144,34,252,22,34,56,308
10/13/2001,LNK,NE,ACE,CE,Combined TRACON& Tower with Radar,6,27,49,11,93,1,5,59,5,70,7,32,108,16,163,114,8,122,285
10/14/2001,LNK,NE,ACE,CE,Combined TRACON& Tower with Radar,8,31,47,5,91,1,4,35,8,48,9,35,82,13,139,38,0,38,177
10/15/2001,LNK,NE,ACE,CE,Combined TRACON& Tower with Radar,9,48,38,15,110,0,6,36,5,47,9,54,74,20,157,35,6,41,198
10/16/2001,LNK,NE,ACE,CE,Combined TRACON& Tower with Radar,8,50,66,39,163,0,1,80,12,93,8,51,146,51,256,52,48,100,356
10/17/2001,LNK,NE,ACE,CE,Combined TRACON& Tower with Radar,7,46,69,38,160,0,6,63,11,80,7,52,132,49,240,54,42,96,336
10/18/2001,LNK,NE,ACE,CE,Combined TRACON& Tower with Radar,10,40,62,40,152,0,2,71,12,85,10,42,133,52,237,56,46,102,339
10/19/2001,LNK,NE,ACE,CE,Combined TRACON& Tower with Radar,10,51,56,14,131,0,2,64,17,83,10,53,120,31,214,96,0,96,310
10/20/2001,LNK,NE,ACE,CE,Combined TRACON& Tower with Radar,9,36,36,3,84,0,3,101,14,118,9,39,137,17,202,88,0,88,290
10/21/2001,LNK,NE,ACE,CE,Combined TRACON& Tower with Radar,11,64,51,2,128,0,1,102,1,104,11,65,153,3,232,54,0,54,286
10/22/2001,LNK,NE,ACE,CE,Combined TRACON& Tower with Radar,10,37,55,40,142,0,4,3,0,7,10,41,58,40,149,0,2,2,151
10/23/2001,LNK,NE,ACE,CE,Combined TRACON& Tower with Radar,12,48,45,92,197,0,4,64,9,77,12,52,109,101,274,96,32,128,402
10/24/2001,LNK,NE,ACE,CE,Combined TRACON& Tower with Radar,8,44,53,66,171,0,1,19,1,21,8,45,72,67,192,4,14,18,210
10/25/2001,LNK,NE,ACE,CE,Combined TRACON& Tower with Radar,10,45,53,18,126,0,2,19,9,30,10,47,72,27,156,6,28,34,190
10/26/2001,LNK,NE,ACE,CE,Combined TRACON& Tower with Radar,7,65,65,67,204,0,3,86,7,96,7,68,151,74,300,38,14,52,352
10/27/2001,LNK,NE,ACE,CE,Combined TRACON& Tower with Radar,12,69,158,1,240,0,0,99,1,100,12,69,257,2,340,16,0,16,356
10/28/2001,LNK,NE,ACE,CE,Combined TRACON& Tower with Radar,7,39,32,10,88,0,8,65,0,73,7,47,97,10,161,42,0,42,203
10/29/2001,LNK,NE,ACE,CE,Combined TRACON& Tower with Radar,9,51,79,26,165,0,2,43,1,46,9,53,122,27,211,22,8,30,241
10/30/2001,LNK,NE,ACE,CE,Combined TRACON& Tower with Radar,8,61,52,5,126,0,8,57,3,68,8,69,109,8,194,48,0,48,242
10/31/2001,LNK,NE,ACE,CE,Combined TRACON& Tower with Radar,10,45,39,57,151,0,6,27,8,41,10,51,66,65,192,14,68,82,274
11/01/2001,LNK,NE,ACE,CE,Combined TRACON& Tower with Radar,10,43,66,63,182,1,5,83,2,91,11,48,149,65,273,94,56,150,423
11/02/2001,LNK,NE,ACE,CE,Combined TRACON& Tower with Radar,9,50,72,32,163,1,5,80,11,97,10,55,152,43,260,78,40,118,378
11/03/2001,LNK,NE,ACE,CE,Combined TRACON& Tower with Radar,8,34,38,17,97,1,7,79,2,89,9,41,117,19,186,76,0,76,262
11/04/2001,LNK,NE,ACE,CE,Combined TRACON& Tower with Radar,4,38,48,10,100,0,6,93,0,99,4,44,141,10,199,146,2,148,347
11/05/2001,LNK,NE,ACE,CE,Combined TRACON& Tower with Radar,6,69,73,20,168,0,4,63,3,70,6,73,136,23,238,82,34,116,354
11/06/2001,LNK,NE,ACE,CE,Combined TRACON& Tower with Radar,10,57,76,28,171,0,4,73,2,79,10,61,149,30,250,36,0,36,286
11/07/2001,LNK,NE,ACE,CE,Combined TRACON& Tower with Radar,8,62,52,43,165,0,9,64,14,87,8,71,116,57,252,70,4,74,326
11/08/2001,LNK,NE,ACE,CE,Combined TRACON& Tower with Radar,7,60,69,56,192,0,4,39,10,53,7,64,108,66,245,64,18,82,327
11/09/2001,LNK,NE,ACE,CE,Combined TRACON& Tower with Radar,10,47,77,46,180,0,2,91,0,93,10,49,168,46,273,84,22,106,379
11/10/2001,LNK,NE,ACE,CE,Combined TRACON& Tower with Radar,5,48,61,10,124,0,1,105,0,106,5,49,166,10,230,58,2,60,290
11/11/2001,LNK,NE,ACE,CE,Combined TRACON& Tower with Radar,6,37,55,7,105,0,3,115,0,118,6,40,170,7,223,78,4,82,305
11/12/2001,LNK,NE,ACE,CE,Combined TRACON& Tower with Radar,8,45,84,7,144,0,5,24,0,29,8,50,108,7,173,34,0,34,207
11/13/2001,LNK,NE,ACE,CE,Combined TRACON& Tower with Radar,5,59,65,27,156,0,4,0,0,4,5,63,65,27,160,26,0,26,186
11/14/2001,LNK,NE,ACE,CE,Combined TRACON& Tower with Radar,12,55,55,43,165,0,7,9,7,23,12,62,64,50,188,32,10,42,230
11/15/2001,LNK,NE,ACE,CE,Combined TRACON& Tower with Radar,10,66,89,44,209,0,10,68,13,91,10,76,157,57,300,88,14,102,402
11/16/2001,LNK,NE,ACE,CE,Combined TRACON& Tower with Radar,9,56,91,56,212,0,9,72,15,96,9,65,163,71,308,62,24,86,394
11/17/2001,LNK,NE,ACE,CE,Combined TRACON& Tower with Radar,6,44,55,16,121,0,1,65,3,69,6,45,120,19,190,124,0,124,314
11/18/2001,LNK,NE,ACE,CE,Combined TRACON& Tower with Radar,6,38,30,7,81,0,4,19,4,27,6,42,49,11,108,40,0,40,148
11/19/2001,LNK,NE,ACE,CE,Combined TRACON& Tower with Radar,8,61,71,35,175,0,0,37,19,56,8,61,108,54,231,28,8,36,267
11/20/2001,LNK,NE,ACE,CE,Combined TRACON& Tower with Radar,9,71,85,41,206,0,0,46,52,98,9,71,131,93,304,66,54,120,424
11/21/2001,LNK,NE,ACE,CE,Combined TRACON& Tower with Radar,9,53,47,26,135,0,6,98,0,104,9,59,145,26,239,114,8,122,361
11/22/2001,LNK,NE,ACE,CE,Combined TRACON& Tower with Radar,7,32,8,1,48,0,0,52,0,52,7,32,60,1,100,4,0,4,104
11/23/2001,LNK,NE,ACE,CE,Combined TRACON& Tower with Radar,9,38,25,0,72,0,0,5,0,5,9,38,30,0,77,0,0,0,77
11/24/2001,LNK,NE,ACE,CE,Combined TRACON& Tower with Radar,3,24,15,0,42,4,13,0,0,17,7,37,15,0,59,0,0,0,59
11/25/2001,LNK,NE,ACE,CE,Combined TRACON& Tower with Radar,6,44,40,4,94,0,0,20,0,20,6,44,60,4,114,4,0,4,118
11/26/2001,LNK,NE,ACE,CE,Combined TRACON& Tower with Radar,6,65,63,13,147,0,0,12,0,12,6,65,75,13,159,4,8,12,171
11/27/2001,LNK,NE,ACE,CE,Combined TRACON& Tower with Radar,6,62,73,9,150,0,0,9,1,10,6,62,82,10,160,10,4,14,174
11/28/2001,LNK,NE,ACE,CE,Combined TRACON& Tower with Radar,8,55,66,25,154,0,3,10,4,17,8,58,76,29,171,6,10,16,187
11/29/2001,LNK,NE,ACE,CE,Combined TRACON& Tower with Radar,7,58,64,55,184,0,0,11,5,16,7,58,75,60,200,8,4,12,212
11/30/2001,LNK,NE,ACE,CE,Combined TRACON& Tower with Radar,8,54,51,41,154,0,1,12,7,20,8,55,63,48,174,6,0,6,180
12/01/2001,LNK,NE,ACE,CE,Combined TRACON& Tower with Radar,7,54,33,1,95,1,5,82,1,89,8,59,115,2,184,136,0,136,320
12/02/2001,LNK,NE,ACE,CE,Combined TRACON& Tower with Radar,9,35,59,2,105,0,3,72,1,76,9,38,131,3,181,76,0,76,257
12/03/2001,LNK,NE,ACE,CE,Combined TRACON& Tower with Radar,7,55,79,39,180,0,0,14,1,15,7,55,93,40,195,0,0,0,195
12/04/2001,LNK,NE,ACE,CE,Combined TRACON& Tower with Radar,11,62,60,19,152,0,0,21,10,31,11,62,81,29,183,90,14,104,287
12/05/2001,LNK,NE,ACE,CE,Combined TRACON& Tower with Radar,14,64,84,36,198,0,1,29,10,40,14,65,113,46,238,54,62,116,354
12/06/2001,LNK,NE,ACE,CE,Combined TRACON& Tower with Radar,12,63,93,12,180,0,1,75,24,100,12,64,168,36,280,64,8,72,352
12/07/2001,LNK,NE,ACE,CE,Combined TRACON& Tower with Radar,5,58,54,39,156,1,1,56,14,72,6,59,110,53,228,12,18,30,258
12/08/2001,LNK,NE,ACE,CE,Combined TRACON& Tower with Radar,5,42,41,0,88,1,1,93,0,95,6,43,134,0,183,84,0,84,267
12/09/2001,LNK,NE,ACE,CE,Combined TRACON& Tower with Radar,7,36,26,0,69,0,1,69,7,77,7,37,95,7,146,70,0,70,216
12/10/2001,LNK,NE,ACE,CE,Combined TRACON& Tower with Radar,4,70,107,18,199,0,8,72,1,81,4,78,179,19,280,90,2,92,372
12/11/2001,LNK,NE,ACE,CE,Combined TRACON& Tower with Radar,7,58,42,80,187,0,0,27,7,34,7,58,69,87,221,32,10,42,263
12/12/2001,LNK,NE,ACE,CE,Combined TRACON& Tower with Radar,8,62,42,41,153,0,1,1,3,5,8,63,43,44,158,12,10,22,180
12/13/2001,LNK,NE,ACE,CE,Combined TRACON& Tower with Radar,6,67,66,46,185,0,4,57,35,96,6,71,123,81,281,42,46,88,369
12/14/2001,LNK,NE,ACE,CE,Combined TRACON& Tower with Radar,5,61,83,60,209,0,7,68,14,89,5,68,151,74,298,51,50,101,399
12/15/2001,LNK,NE,ACE,CE,Combined TRACON& Tower with Radar,8,36,33,2,79,0,0,27,2,29,8,36,60,4,108,34,0,34,142
12/16/2001,LNK,NE,ACE,CE,Combined TRACON& Tower with Radar,2,43,63,5,113,0,0,55,2,57,2,43,118,7,170,28,2,30,200
12/17/2001,LNK,NE,ACE,CE,Combined TRACON& Tower with Radar,6,69,57,45,177,0,1,51,12,64,6,70,108,57,241,26,30,56,297
12/18/2001,LNK,NE,ACE,CE,Combined TRACON& Tower with Radar,8,59,65,19,151,0,3,25,9,37,8,62,90,28,188,14,14,28,216
12/19/2001,LNK,NE,ACE,CE,Combined TRACON& Tower with Radar,3,65,75,20,163,0,14,65,9,88,3,79,140,29,251,44,0,44,295
12/20/2001,LNK,NE,ACE,CE,Combined TRACON& Tower with Radar,5,58,59,57,179,0,5,76,18,99,5,63,135,75,278,68,36,104,382
12/21/2001,LNK,NE,ACE,CE,Combined TRACON& Tower with Radar,5,60,70,21,156,0,3,44,0,47,5,63,114,21,203,40,12,52,255
12/22/2001,LNK,NE,ACE,CE,Combined TRACON& Tower with Radar,2,44,15,0,61,0,3,2,0,5,2,47,17,0,66,0,0,0,66
12/23/2001,LNK,NE,ACE,CE,Combined TRACON& Tower with Radar,4,37,26,1,68,0,2,25,0,27,4,39,51,1,95,0,0,0,95
12/24/2001,LNK,NE,ACE,CE,Combined TRACON& Tower with Radar,10,48,23,1,82,0,1,7,0,8,10,49,30,1,90,0,0,0,90
12/25/2001,LNK,NE,ACE,CE,Combined TRACON& Tower with Radar,7,40,30,3,80,0,1,28,0,29,7,41,58,3,109,0,0,0,109
12/26/2001,LNK,NE,ACE,CE,Combined TRACON& Tower with Radar,5,57,48,18,128,0,2,44,3,49,5,59,92,21,177,28,0,28,205
12/27/2001,LNK,NE,ACE,CE,Combined TRACON& Tower with Radar,1,65,62,57,185,0,9,57,10,76,1,74,119,67,261,38,20,58,319
12/28/2001,LNK,NE,ACE,CE,Combined TRACON& Tower with Radar,5,61,65,16,147,0,0,48,0,48,5,61,113,16,195,18,0,18,213
12/29/2001,LNK,NE,ACE,CE,Combined TRACON& Tower with Radar,3,40,16,1,60,0,2,24,0,26,3,42,40,1,86,44,0,44,130
12/30/2001,LNK,NE,ACE,CE,Combined TRACON& Tower with Radar,6,34,35,1,76,0,3,19,0,22,6,37,54,1,98,20,0,20,118
12/31/2001,LNK,NE,ACE,CE,Combined TRACON& Tower with Radar,21,49,30,23,123,0,1,34,4,39,21,50,64,27,162,44,18,62,224
01/01/2002,LNK,NE,ACE,CE,Combined TRACON& Tower with Radar,3,47,40,1,91,1,4,30,0,35,4,51,70,1,126,28,0,28,154
01/02/2002,LNK,NE,ACE,CE,Combined TRACON& Tower with Radar,6,60,40,32,138,0,0,31,3,34,6,60,71,35,172,58,30,88,260
01/03/2002,LNK,NE,ACE,CE,Combined TRACON& Tower with Radar,9,53,83,29,174,0,2,35,25,62,9,55,118,54,236,26,36,62,298
01/04/2002,LNK,NE,ACE,CE,Combined TRACON& Tower with Radar,22,53,35,19,129,1,0,38,23,62,23,53,73,42,191,74,22,96,287
01/05/2002,LNK,NE,ACE,CE,Combined TRACON& Tower with Radar,10,50,47,3,110,0,0,65,1,66,10,50,112,4,176,30,0,30,206
01/06/2002,LNK,NE,ACE,CE,Combined TRACON& Tower with Radar,5,45,36,9,95,0,4,23,7,34,5,49,59,16,129,48,14,62,191
01/07/2002,LNK,NE,ACE,CE,Combined TRACON& Tower with Radar,4,79,46,41,170,0,5,50,0,55,4,84,96,41,225,41,18,59,284
01/08/2002,LNK,NE,ACE,CE,Combined TRACON& Tower with Radar,1,75,87,23,186,0,2,77,7,86,1,77,164,30,272,44,20,64,336
01/09/2002,LNK,NE,ACE,CE,Combined TRACON& Tower with Radar,2,68,81,11,162,0,4,47,6,57,2,72,128,17,219,18,0,18,237
01/10/2002,LNK,NE,ACE,CE,Combined TRACON& Tower with Radar,3,71,58,69,201,0,6,38,15,59,3,77,96,84,260,94,48,142,402
01/11/2002,LNK,NE,ACE,CE,Combined TRACON& Tower with Radar,3,63,76,54,196,0,10,63,23,96,3,73,139,77,292,50,10,60,352
01/12/2002,LNK,NE,ACE,CE,Combined TRACON& Tower with Radar,7,40,34,27,108,0,2,74,41,117,7,42,108,68,225,68,18,86,311
01/13/2002,LNK,NE,ACE,CE,Combined TRACON& Tower with Radar,4,41,41,5,91,0,0,42,9,51,4,41,83,14,142,68,0,68,210
01/14/2002,LNK,NE,ACE,CE,Combined TRACON& Tower with Radar,3,62,31,29,125,0,7,11,0,18,3,69,42,29,143,20,6,26,169
01/15/2002,LNK,NE,ACE,CE,Combined TRACON& Tower with Radar,9,59,88,35,191,0,6,62,3,71,9,65,150,38,262,60,32,92,354
01/16/2002,LNK,NE,ACE,CE,Combined TRACON& Tower with Radar,3,68,66,21,158,0,2,31,7,40,3,70,97,28,198,36,14,50,248
01/17/2002,LNK,NE,ACE,CE,Combined TRACON& Tower with Radar,3,65,59,26,153,0,1,49,10,60,3,66,108,36,213,16,0,16,229
01/18/2002,LNK,NE,ACE,CE,Combined TRACON& Tower with Radar,4,71,62,20,157,0,6,49,3,58,4,77,111,23,215,40,0,40,255
01/19/2002,LNK,NE,ACE,CE,Combined TRACON& Tower with Radar,2,46,46,2,96,0,2,63,0,65,2,48,109,2,161,20,0,20,181
01/20/2002,LNK,NE,ACE,CE,Combined TRACON& Tower with Radar,2,47,36,3,88,0,11,52,0,63,2,58,88,3,151,120,22,142,293
01/21/2002,LNK,NE,ACE,CE,Combined TRACON& Tower with Radar,3,58,52,11,124,0,18,86,0,104,3,76,138,11,228,68,14,82,310
01/22/2002,LNK,NE,ACE,CE,Combined TRACON& Tower with Radar,5,70,72,36,183,0,0,70,35,105,5,70,142,71,288,74,24,98,386
01/23/2002,LNK,NE,ACE,CE,Combined TRACON& Tower with Radar,8,57,40,59,164,0,3,27,7,37,8,60,67,66,201,30,36,66,267
01/24/2002,LNK,NE,ACE,CE,Combined TRACON& Tower with Radar,1,71,61,65,198,0,6,45,23,74,1,77,106,88,272,48,36,84,356
01/25/2002,LNK,NE,ACE,CE,Combined TRACON& Tower with Radar,2,72,61,28,163,0,2,49,20,71,2,74,110,48,234,52,16,68,302
01/26/2002,LNK,NE,ACE,CE,Combined TRACON& Tower with Radar,2,46,34,7,89,0,0,102,5,107,2,46,136,12,196,96,0,96,292
01/27/2002,LNK,NE,ACE,CE,Combined TRACON& Tower with Radar,4,44,35,5,88,0,0,80,6,86,4,44,115,11,174,164,0,164,338
01/28/2002,LNK,NE,ACE,CE,Combined TRACON& Tower with Radar,3,66,39,41,149,0,4,17,0,21,3,70,56,41,170,50,22,72,242
01/29/2002,LNK,NE,ACE,CE,Combined TRACON& Tower with Radar,5,70,34,4,113,0,3,10,0,13,5,73,44,4,126,0,0,0,126
01/30/2002,LNK,NE,ACE,CE,Combined TRACON& Tower with Radar,8,60,52,64,184,0,0,3,12,15,8,60,55,76,199,18,8,26,225
01/31/2002,LNK,NE,ACE,CE,Combined TRACON& Tower with Radar,1,44,17,0,62,0,0,0,0,0,1,44,17,0,62,0,0,0,62
02/01/2002,LNK,NE,ACE,CE,Combined TRACON& Tower with Radar,4,51,54,24,133,1,0,40,9,50,5,51,94,33,183,34,6,40,223
02/02/2002,LNK,NE,ACE,CE,Combined TRACON& Tower with Radar,2,42,40,1,85,1,1,47,0,49,3,43,87,1,134,92,0,92,226
02/03/2002,LNK,NE,ACE,CE,Combined TRACON& Tower with Radar,1,49,36,3,89,1,1,68,0,70,2,50,104,3,159,80,0,80,239
02/04/2002,LNK,NE,ACE,CE,Combined TRACON& Tower with Radar,4,59,63,29,155,0,0,54,28,82,4,59,117,57,237,44,0,44,281
02/05/2002,LNK,NE,ACE,CE,Combined TRACON& Tower with Radar,2,69,68,25,164,0,0,72,0,72,2,69,140,25,236,136,0,136,372
02/06/2002,LNK,NE,ACE,CE,Combined TRACON& Tower with Radar,1,59,70,13,143,0,1,10,6,17,1,60,80,19,160,14,2,16,176
02/07/2002,LNK,NE,ACE,CE,Combined TRACON& Tower with Radar,7,66,63,33,169,0,2,63,29,94,7,68,126,62,263,28,24,52,315
02/08/2002,LNK,NE,ACE,CE,Combined TRACON& Tower with Radar,3,58,65,13,139,0,3,52,19,74,3,61,117,32,213,40,22,62,275
02/09/2002,LNK,NE,ACE,CE,Combined TRACON& Tower with Radar,2,37,6,1,46,0,2,3,2,7,2,39,9,3,53,0,6,6,59
02/10/2002,LNK,NE,ACE,CE,Combined TRACON& Tower with Radar,3,37,23,7,70,0,2,5,0,7,3,39,28,7,77,14,0,14,91
02/11/2002,LNK,NE,ACE,CE,Combined TRACON& Tower with Radar,2,57,47,49,155,0,1,19,0,20,2,58,66,49,175,38,6,44,219
02/12/2002,LNK,NE,ACE,CE,Combined TRACON& Tower with Radar,3,63,43,41,150,11,7,45,9,72,14,70,88,50,222,14,28,42,264
02/13/2002,LNK,NE,ACE,CE,Combined TRACON& Tower with Radar,4,66,88,93,251,0,1,66,21,88,4,67,154,114,339,90,108,198,537
02/14/2002,LNK,NE,ACE,CE,Combined TRACON& Tower with Radar,2,65,32,28,127,0,5,19,18,42,2,70,51,46,169,28,18,46,215
02/15/2002,LNK,NE,ACE,CE,Combined TRACON& Tower with Radar,6,49,58,0,113,0,5,82,0,87,6,54,140,0,200,56,4,60,260
02/16/2002,LNK,NE,ACE,CE,Combined TRACON& Tower with Radar,5,42,33,13,93,0,4,84,1,89,5,46,117,14,182,124,12,136,318
02/17/2002,LNK,NE,ACE,CE,Combined TRACON& Tower with Radar,3,43,42,0,88,0,6,65,0,71,3,49,107,0,159,102,0,102,261
02/18/2002,LNK,NE,ACE,CE,Combined TRACON& Tower with Radar,7,49,52,2,110,0,0,30,0,30,7,49,82,2,140,10,0,10,150
02/19/2002,LNK,NE,ACE,CE,Combined TRACON& Tower with Radar,5,51,65,14,135,0,0,1,0,1,5,51,66,14,136,12,0,12,148
02/20/2002,LNK,NE,ACE,CE,Combined TRACON& Tower with Radar,7,52,71,18,148,0,2,38,1,41,7,54,109,19,189,42,8,50,239
02/21/2002,LNK,NE,ACE,CE,Combined TRACON& Tower with Radar,2,57,80,43,182,0,4,54,10,68,2,61,134,53,250,42,12,54,304
02/22/2002,LNK,NE,ACE,CE,Combined TRACON& Tower with Radar,4,52,69,34,159,0,5,75,10,90,4,57,144,44,249,88,16,104,353
02/23/2002,LNK,NE,ACE,CE,Combined TRACON& Tower with Radar,3,39,40,5,87,0,2,117,4,123,3,41,157,9,210,94,10,104,314
02/24/2002,LNK,NE,ACE,CE,Combined TRACON& Tower with Radar,5,42,31,5,83,0,2,14,0,16,5,44,45,5,99,14,0,14,113
02/25/2002,LNK,NE,ACE,CE,Combined TRACON& Tower with Radar,4,49,41,39,133,0,0,9,7,16,4,49,50,46,149,0,18,18,167
02/26/2002,LNK,NE,ACE,CE,Combined TRACON& Tower with Radar,5,54,36,16,111,0,0,7,1,8,5,54,43,17,119,0,6,6,125
02/27/2002,LNK,NE,ACE,CE,Combined TRACON& Tower with Radar,4,57,53,46,160,0,9,45,14,68,4,66,98,60,228,158,60,218,446
02/28/2002,LNK,NE,ACE,CE,Combined TRACON& Tower with Radar,4,70,51,42,167,0,3,55,16,74,4,73,106,58,241,62,28,90,331
03/01/2002,LNK,NE,ACE,CE,Combined TRACON& Tower with Radar,6,43,30,5,84,1,0,3,0,4,7,43,33,5,88,0,4,4,92
03/02/2002,LNK,NE,ACE,CE,Combined TRACON& Tower with Radar,5,36,24,1,66,0,2,5,1,8,5,38,29,2,74,0,0,0,74
03/03/2002,LNK,NE,ACE,CE,Combined TRACON& Tower with Radar,3,40,35,14,92,0,0,31,5,36,3,40,66,19,128,10,0,10,138
03/04/2002,LNK,NE,ACE,CE,Combined TRACON& Tower with Radar,3,58,68,5,134,0,11,24,4,39,3,69,92,9,173,10,0,10,183
03/05/2002,LNK,NE,ACE,CE,Combined TRACON& Tower with Radar,4,58,86,28,176,0,4,69,8,81,4,62,155,36,257,130,30,160,417
03/06/2002,LNK,NE,ACE,CE,Combined TRACON& Tower with Radar,5,46,42,42,135,0,0,7,1,8,5,46,49,43,143,8,0,8,151
03/07/2002,LNK,NE,ACE,CE,Combined TRACON& Tower with Radar,4,54,36,39,133,0,0,0,1,1,4,54,36,40,134,0,0,0,134
03/08/2002,LNK,NE,ACE,CE,Combined TRACON& Tower with Radar,4,37,23,1,65,0,0,1,1,2,4,37,24,2,67,0,0,0,67
03/09/2002,LNK,NE,ACE,CE,Combined TRACON& Tower with Radar,4,36,29,0,69,0,0,12,8,20,4,36,41,8,89,0,0,0,89
03/10/2002,LNK,NE,ACE,CE,Combined TRACON& Tower with Radar,3,47,41,5,96,0,3,43,3,49,3,50,84,8,145,96,8,104,249
03/11/2002,LNK,NE,ACE,CE,Combined TRACON& Tower with Radar,9,49,55,17,130,0,0,54,11,65,9,49,109,28,195,58,14,72,267
03/12/2002,LNK,NE,ACE,CE,Combined TRACON& Tower with Radar,2,62,52,27,143,0,0,47,1,48,2,62,99,28,191,144,10,154,345
03/13/2002,LNK,NE,ACE,CE,Combined TRACON& Tower with Radar,6,56,83,32,177,0,4,60,7,71,6,60,143,39,248,90,0,90,338
03/14/2002,LNK,NE,ACE,CE,Combined TRACON& Tower with Radar,4,57,41,90,192,0,1,5,7,13,4,58,46,97,205,32,0,32,237
03/15/2002,LNK,NE,ACE,CE,Combined TRACON& Tower with Radar,7,50,53,5,115,0,0,30,8,38,7,50,83,13,153,72,0,72,225
03/16/2002,LNK,NE,ACE,CE,Combined TRACON& Tower with Radar,4,53,59,15,131,0,2,48,8,58,4,55,107,23,189,30,16,46,235
03/17/2002,LNK,NE,ACE,CE,Combined TRACON& Tower with Radar,5,39,45,18,107,0,7,57,11,75,5,46,102,29,182,118,18,136,318
03/18/2002,LNK,NE,ACE,CE,Combined TRACON& Tower with Radar,9,55,49,12,125,0,2,22,4,28,9,57,71,16,153,52,0,52,205
03/19/2002,LNK,NE,ACE,CE,Combined TRACON& Tower with Radar,7,59,59,73,198,0,0,2,4,6,7,59,61,77,204,22,4,26,230
03/20/2002,LNK,NE,ACE,CE,Combined TRACON& Tower with Radar,3,62,62,30,157,0,1,50,11,62,3,63,112,41,219,48,32,80,299
03/21/2002,LNK,NE,ACE,CE,Combined TRACON& Tower with Radar,5,60,54,30,149,0,1,28,7,36,5,61,82,37,185,20,10,30,215
03/22/2002,LNK,NE,ACE,CE,Combined TRACON& Tower with Radar,3,64,75,64,206,0,4,71,19,94,3,68,146,83,300,52,58,110,410
03/23/2002,LNK,NE,ACE,CE,Combined TRACON& Tower with Radar,4,42,52,0,98,0,7,93,15,115,4,49,145,15,213,72,0,72,285
03/24/2002,LNK,NE,ACE,CE,Combined TRACON& Tower with Radar,7,36,36,6,85,0,0,3,4,7,7,36,39,10,92,0,0,0,92
03/25/2002,LNK,NE,ACE,CE,Combined TRACON& Tower with Radar,1,35,34,1,71,0,21,1,0,22,1,56,35,1,93,14,0,14,107
03/26/2002,LNK,NE,ACE,CE,Combined TRACON& Tower with Radar,5,54,53,21,133,1,2,51,0,54,6,56,104,21,187,0,0,0,187
03/27/2002,LNK,NE,ACE,CE,Combined TRACON& Tower with Radar,3,50,65,86,204,0,0,56,29,85,3,50,121,115,289,70,36,106,395
03/28/2002,LNK,NE,ACE,CE,Combined TRACON& Tower with Radar,5,60,64,34,163,0,5,81,10,96,5,65,145,44,259,138,13,151,410
03/29/2002,LNK,NE,ACE,CE,Combined TRACON& Tower with Radar,5,42,34,14,95,0,2,55,8,65,5,44,89,22,160,58,6,64,224
03/30/2002,LNK,NE,ACE,CE,Combined TRACON& Tower with Radar,4,42,39,8,93,2,0,73,1,76,6,42,112,9,169,162,0,162,331
03/31/2002,LNK,NE,ACE,CE,Combined TRACON& Tower with Radar,5,34,26,0,65,0,1,43,0,44,5,35,69,0,109,30,0,30,139
04/01/2002,LNK,NE,ACE,CE,Combined TRACON& Tower with Radar,3,50,39,23,115,1,6,63,1,71,4,56,102,24,186,80,14,94,280
04/02/2002,LNK,NE,ACE,CE,Combined TRACON& Tower with Radar,5,52,25,50,132,0,1,13,5,19,5,53,38,55,151,0,36,36,187
04/03/2002,LNK,NE,ACE,CE,Combined TRACON& Tower with Radar,3,58,59,34,154,0,7,51,12,70,3,65,110,46,224,132,14,146,370
04/04/2002,LNK,NE,ACE,CE,Combined TRACON& Tower with Radar,4,48,50,79,181,0,13,62,21,96,4,61,112,100,277,34,34,68,345
04/05/2002,LNK,NE,ACE,CE,Combined TRACON& Tower with Radar,4,49,59,49,161,0,2,80,15,97,4,51,139,64,258,78,22,100,358
04/06/2002,LNK,NE,ACE,CE,Combined TRACON& Tower with Radar,5,35,17,7,64,0,0,26,0,26,5,35,43,7,90,10,0,10,100
04/07/2002,LNK,NE,ACE,CE,Combined TRACON& Tower with Radar,3,39,37,6,85,0,0,2,0,2,3,39,39,6,87,16,0,16,103
04/08/2002,LNK,NE,ACE,CE,Combined TRACON& Tower with Radar,4,47,53,23,127,0,1,14,0,15,4,48,67,23,142,10,0,10,152
04/09/2002,LNK,NE,ACE,CE,Combined TRACON& Tower with Radar,5,59,52,93,209,0,3,62,8,73,5,62,114,101,282,82,44,126,408
04/10/2002,LNK,NE,ACE,CE,Combined TRACON& Tower with Radar,6,54,60,70,190,0,0,32,8,40,6,54,92,78,230,44,42,86,316
04/11/2002,LNK,NE,ACE,CE,Combined TRACON& Tower with Radar,4,53,74,46,177,0,2,4,6,12,4,55,78,52,189,0,4,4,193
04/12/2002,LNK,NE,ACE,CE,Combined TRACON& Tower with Radar,4,51,83,49,187,0,1,85,9,95,4,52,168,58,282,140,2,142,424
04/13/2002,LNK,NE,ACE,CE,Combined TRACON& Tower with Radar,7,45,40,6,98,0,0,65,16,81,7,45,105,22,179,92,2,94,273
04/14/2002,LNK,NE,ACE,CE,Combined TRACON& Tower with Radar,6,36,40,7,89,0,1,80,18,99,6,37,120,25,188,134,6,140,328
04/15/2002,LNK,NE,ACE,CE,Combined TRACON& Tower with Radar,7,63,48,48,166,0,7,36,5,48,7,70,84,53,214,10,18,28,242
04/16/2002,LNK,NE,ACE,CE,Combined TRACON& Tower with Radar,2,60,41,25,128,0,8,12,11,31,2,68,53,36,159,0,32,32,191
04/17/2002,LNK,NE,ACE,CE,Combined TRACON& Tower with Radar,6,56,73,33,168,0,0,89,12,101,6,56,162,45,269,40,22,62,331
04/18/2002,LNK,NE,ACE,CE,Combined TRACON& Tower with Radar,5,53,51,75,184,0,2,49,9,60,5,55,100,84,244,12,34,46,290
04/19/2002,LNK,NE,ACE,CE,Combined TRACON& Tower with Radar,3,60,73,113,249,1,5,27,21,54,4,65,100,134,303,12,20,32,335
04/20/2002,LNK,NE,ACE,CE,Combined TRACON& Tower with Radar,4,37,37,3,81,0,5,22,8,35,4,42,59,11,116,18,0,18,134
04/21/2002,LNK,NE,ACE,CE,Combined TRACON& Tower with Radar,2,44,29,7,82,0,0,11,2,13,2,44,40,9,95,0,0,0,95
04/22/2002,LNK,NE,ACE,CE,Combined TRACON& Tower with Radar,6,43,62,40,151,0,1,90,3,94,6,44,152,43,245,72,24,96,341
04/23/2002,LNK,NE,ACE,CE,Combined TRACON& Tower with Radar,7,56,81,77,221,0,1,93,9,103,7,57,174,86,324,76,16,92,416
04/24/2002,LNK,NE,ACE,CE,Combined TRACON& Tower with Radar,3,51,53,40,147,0,1,7,7,15,3,52,60,47,162,0,14,14,176
04/25/2002,LNK,NE,ACE,CE,Combined TRACON& Tower with Radar,4,60,81,76,221,0,5,90,14,109,4,65,171,90,330,38,44,82,412
04/26/2002,LNK,NE,ACE,CE,Combined TRACON& Tower with Radar,6,53,72,66,197,0,2,28,13,43,6,55,100,79,240,28,46,74,314
04/27/2002,LNK,NE,ACE,CE,Combined TRACON& Tower with Radar,3,37,5,0,45,0,1,0,0,1,3,38,5,0,46,0,0,0,46
04/28/2002,LNK,NE,ACE,CE,Combined TRACON& Tower with Radar,3,43,46,10,102,0,8,33,3,44,3,51,79,13,146,74,0,74,220
04/29/2002,LNK,NE,ACE,CE,Combined TRACON& Tower with Radar,4,52,50,17,123,0,4,83,2,89,4,56,133,19,212,150,0,150,362
04/30/2002,LNK,NE,ACE,CE,Combined TRACON& Tower with Radar,4,55,36,22,117,0,0,39,15,54,4,55,75,37,171,60,42,102,273
05/01/2002,LNK,NE,ACE,CE,Combined TRACON& Tower with Radar,2,60,50,60,172,1,1,21,8,31,3,61,71,68,203,0,18,18,221
05/02/2002,LNK,NE,ACE,CE,Combined TRACON& Tower with Radar,2,59,78,40,179,2,11,107,3,123,4,70,185,43,302,130,14,144,446
05/03/2002,LNK,NE,ACE,CE,Combined TRACON& Tower with Radar,2,49,68,53,172,0,0,73,32,105,2,49,141,85,277,50,60,110,387
05/04/2002,LNK,NE,ACE,CE,Combined TRACON& Tower with Radar,3,44,49,8,104,1,1,128,2,132,4,45,177,10,236,136,0,136,372
05/05/2002,LNK,NE,ACE,CE,Combined TRACON& Tower with Radar,4,42,28,8,82,0,6,59,3,68,4,48,87,11,150,52,0,52,202
05/06/2002,LNK,NE,ACE,CE,Combined TRACON& Tower with Radar,3,52,56,44,155,0,15,41,1,57,3,67,97,45,212,76,30,106,318
05/07/2002,LNK,NE,ACE,CE,Combined TRACON& Tower with Radar,5,62,62,47,176,0,2,12,10,24,5,64,74,57,200,2,20,22,222
05/08/2002,LNK,NE,ACE,CE,Combined TRACON& Tower with Radar,5,48,62,111,226,0,4,28,2,34,5,52,90,113,260,20,34,54,314
05/09/2002,LNK,NE,ACE,CE,Combined TRACON& Tower with Radar,5,62,46,42,155,0,8,46,10,64,5,70,92,52,219,24,26,50,269
05/10/2002,LNK,NE,ACE,CE,Combined TRACON& Tower with Radar,4,52,48,47,151,9,66,24,0,99,13,118,72,47,250,106,32,138,388
05/11/2002,LNK,NE,ACE,CE,Combined TRACON& Tower with Radar,4,39,30,9,82,0,1,3,0,4,4,40,33,9,86,0,0,0,86
05/12/2002,LNK,NE,ACE,CE,Combined TRACON& Tower with Radar,5,37,30,0,72,0,6,22,0,28,5,43,52,0,100,10,0,10,110
05/13/2002,LNK,NE,ACE,CE,Combined TRACON& Tower with Radar,5,51,68,43,167,0,1,76,0,77,5,52,144,43,244,102,18,120,364
05/14/2002,LNK,NE,ACE,CE,Combined TRACON& Tower with Radar,3,42,67,51,163,0,0,96,41,137,3,42,163,92,300,58,24,82,382
05/15/2002,LNK,NE,ACE,CE,Combined TRACON& Tower with Radar,4,52,57,43,156,0,6,52,17,75,4,58,109,60,231,40,54,94,325
05/16/2002,LNK,NE,ACE,CE,Combined TRACON& Tower with Radar,8,64,80,78,230,0,13,40,32,85,8,77,120,110,315,36,88,124,439
05/17/2002,LNK,NE,ACE,CE,Combined TRACON& Tower with Radar,5,47,53,74,179,0,4,104,13,121,5,51,157,87,300,78,28,106,406
05/18/2002,LNK,NE,ACE,CE,Combined TRACON& Tower with Radar,4,37,41,6,88,0,4,118,0,122,4,41,159,6,210,110,2,112,322
05/19/2002,LNK,NE,ACE,CE,Combined TRACON& Tower with Radar,6,40,32,8,86,0,1,94,0,95,6,41,126,8,181,154,8,162,343
05/20/2002,LNK,NE,ACE,CE,Combined TRACON& Tower with Radar,5,46,54,29,134,0,7,73,5,85,5,53,127,34,219,34,30,64,283
05/21/2002,LNK,NE,ACE,CE,Combined TRACON& Tower with Radar,5,50,64,27,146,0,3,49,2,54,5,53,113,29,200,40,26,66,266
05/22/2002,LNK,NE,ACE,CE,Combined TRACON& Tower with Radar,3,66,46,34,149,0,3,20,3,26,3,69,66,37,175,0,6,6,181
05/23/2002,LNK,NE,ACE,CE,Combined TRACON& Tower with Radar,4,59,82,36,181,0,5,52,3,60,4,64,134,39,241,62,30,92,333
05/24/2002,LNK,NE,ACE,CE,Combined TRACON& Tower with Radar,4,39,63,16,122,0,4,28,0,32,4,43,91,16,154,4,0,4,158
05/25/2002,LNK,NE,ACE,CE,Combined TRACON& Tower with Radar,2,32,39,2,75,0,6,92,0,98,2,38,131,2,173,96,0,96,269
05/26/2002,LNK,NE,ACE,CE,Combined TRACON& Tower with Radar,5,29,35,1,70,0,5,55,0,60,5,34,90,1,130,60,0,60,190
05/27/2002,LNK,NE,ACE,CE,Combined TRACON& Tower with Radar,4,34,26,8,72,0,1,79,5,85,4,35,105,13,157,98,2,100,257
05/28/2002,LNK,NE,ACE,CE,Combined TRACON& Tower with Radar,4,51,46,33,134,0,3,64,9,76,4,54,110,42,210,98,18,116,326
05/29/2002,LNK,NE,ACE,CE,Combined TRACON& Tower with Radar,3,54,51,76,184,0,7,61,19,87,3,61,112,95,271,118,70,188,459
05/30/2002,LNK,NE,ACE,CE,Combined TRACON& Tower with Radar,4,48,86,70,208,0,3,80,22,105,4,51,166,92,313,96,50,146,459
05/31/2002,LNK,NE,ACE,CE,Combined TRACON& Tower with Radar,3,72,78,82,235,0,6,71,6,83,3,78,149,88,318,102,44,146,464
06/01/2002,LNK,NE,ACE,CE,Combined TRACON& Tower with Radar,5,35,47,23,110,0,1,63,7,71,5,36,110,30,181,78,12,90,271
06/02/2002,LNK,NE,ACE,CE,Combined TRACON& Tower with Radar,4,39,30,4,77,0,0,48,3,51,4,39,78,7,128,70,0,70,198
06/03/2002,LNK,NE,ACE,CE,Combined TRACON& Tower with Radar,2,56,40,19,117,0,0,41,4,45,2,56,81,23,162,68,8,76,238
06/04/2002,LNK,NE,ACE,CE,Combined TRACON& Tower with Radar,3,49,57,44,153,0,3,39,9,51,3,52,96,53,204,58,10,68,272
06/05/2002,LNK,NE,ACE,CE,Combined TRACON& Tower with Radar,4,51,73,88,216,0,0,90,13,103,4,51,163,101,319,100,54,154,473
06/06/2002,LNK,NE,ACE,CE,Combined TRACON& Tower with Radar,3,55,85,75,218,0,2,79,14,95,3,57,164,89,313,90,66,156,469
06/07/2002,LNK,NE,ACE,CE,Combined TRACON& Tower with Radar,2,51,55,36,144,0,6,53,11,70,2,57,108,47,214,18,22,40,254
06/08/2002,LNK,NE,ACE,CE,Combined TRACON& Tower with Radar,6,33,31,0,70,0,3,64,3,70,6,36,95,3,140,44,0,44,184
06/09/2002,LNK,NE,ACE,CE,Combined TRACON& Tower with Radar,3,39,52,12,106,0,0,29,4,33,3,39,81,16,139,8,0,8,147
06/10/2002,LNK,NE,ACE,CE,Combined TRACON& Tower with Radar,3,42,55,62,162,0,2,31,8,41,3,44,86,70,203,8,36,44,247
06/11/2002,LNK,NE,ACE,CE,Combined TRACON& Tower with Radar,6,56,41,10,113,0,0,42,11,53,6,56,83,21,166,52,20,72,238
06/12/2002,LNK,NE,ACE,CE,Combined TRACON& Tower with Radar,4,57,58,42,161,0,6,14,8,28,4,63,72,50,189,0,12,12,201
06/13/2002,LNK,NE,ACE,CE,Combined TRACON& Tower with Radar,2,66,55,132,255,0,3,76,27,106,2,69,131,159,361,58,64,122,483
06/14/2002,LNK,NE,ACE,CE,Combined TRACON& Tower with Radar,2,55,73,96,226,0,13,65,9,87,2,68,138,105,313,118,18,136,449
06/15/2002,LNK,NE,ACE,CE,Combined TRACON& Tower with Radar,5,48,39,1,93,0,3,114,0,117,5,51,153,1,210,98,0,98,308
06/16/2002,LNK,NE,ACE,CE,Combined TRACON& Tower with Radar,4,31,32,6,73,0,5,84,0,89,4,36,116,6,162,60,4,64,226
06/17/2002,LNK,NE,ACE,CE,Combined TRACON& Tower with Radar,4,59,69,16,148,0,2,63,0,65,4,61,132,16,213,62,0,62,275
06/18/2002,LNK,NE,ACE,CE,Combined TRACON& Tower with Radar,5,43,50,28,126,0,0,37,26,63,5,43,87,54,189,48,42,90,279
06/19/2002,LNK,NE,ACE,CE,Combined TRACON& Tower with Radar,4,55,71,70,200,0,11,47,12,70,4,66,118,82,270,20,28,48,318
06/20/2002,LNK,NE,ACE,CE,Combined TRACON& Tower with Radar,5,45,71,71,192,0,11,44,11,66,5,56,115,82,258,86,38,124,382
06/21/2002,LNK,NE,ACE,CE,Combined TRACON& Tower with Radar,4,41,68,67,180,0,3,64,21,88,4,44,132,88,268,44,56,100,368
06/22/2002,LNK,NE,ACE,CE,Combined TRACON& Tower with Radar,2,39,54,20,115,0,4,89,5,98,2,43,143,25,213,58,4,62,275
06/23/2002,LNK,NE,ACE,CE,Combined TRACON& Tower with Radar,4,41,59,15,119,0,5,71,0,76,4,46,130,15,195,48,0,48,243
06/24/2002,LNK,NE,ACE,CE,Combined TRACON& Tower with Radar,6,52,51,25,134,0,4,74,4,82,6,56,125,29,216,70,8,78,294
06/25/2002,LNK,NE,ACE,CE,Combined TRACON& Tower with Radar,4,50,45,23,122,0,3,71,10,84,4,53,116,33,206,70,40,110,316
06/26/2002,LNK,NE,ACE,CE,Combined TRACON& Tower with Radar,5,46,65,25,141,0,10,73,3,86,5,56,138,28,227,64,6,70,297
06/27/2002,LNK,NE,ACE,CE,Combined TRACON& Tower with Radar,4,54,74,48,180,0,3,103,24,130,4,57,177,72,310,114,48,162,472
06/28/2002,LNK,NE,ACE,CE,Combined TRACON& Tower with Radar,5,53,61,40,159,0,4,97,19,120,5,57,158,59,279,144,56,200,479
06/29/2002,LNK,NE,ACE,CE,Combined TRACON& Tower with Radar,2,42,25,0,69,0,12,71,5,88,2,54,96,5,157,80,10,90,247
06/30/2002,LNK,NE,ACE,CE,Combined TRACON& Tower with Radar,3,38,36,1,78,0,6,73,0,79,3,44,109,1,157,60,0,60,217
07/01/2002,LNK,NE,ACE,CE,Combined TRACON& Tower with Radar,4,65,46,89,204,0,4,47,12,63,4,69,93,101,267,36,60,96,363
07/02/2002,LNK,NE,ACE,CE,Combined TRACON& Tower with Radar,6,43,59,68,176,0,1,49,11,61,6,44,108,79,237,68,14,82,319
07/03/2002,LNK,NE,ACE,CE,Combined TRACON& Tower with Radar,7,55,53,82,197,0,2,57,10,69,7,57,110,92,266,68,36,104,370
07/04/2002,LNK,NE,ACE,CE,Combined TRACON& Tower with Radar,4,34,14,0,52,0,6,63,0,69,4,40,77,0,121,96,0,96,217
07/05/2002,LNK,NE,ACE,CE,Combined TRACON& Tower with Radar,4,33,46,1,84,0,10,68,1,79,4,43,114,2,163,114,0,114,277
07/06/2002,LNK,NE,ACE,CE,Combined TRACON& Tower with Radar,4,38,43,0,85,0,1,73,0,74,4,39,116,0,159,38,0,38,197
07/07/2002,LNK,NE,ACE,CE,Combined TRACON& Tower with Radar,4,39,53,0,96,0,4,47,0,51,4,43,100,0,147,88,0,88,235
07/08/2002,LNK,NE,ACE,CE,Combined TRACON& Tower with Radar,4,49,38,11,102,0,6,73,2,81,4,55,111,13,183,74,0,74,257
07/09/2002,LNK,NE,ACE,CE,Combined TRACON& Tower with Radar,4,59,66,43,172,0,3,82,10,95,4,62,148,53,267,64,14,78,345
07/10/2002,LNK,NE,ACE,CE,Combined TRACON& Tower with Radar,3,52,43,57,155,1,3,38,10,52,4,55,81,67,207,6,30,36,243
07/11/2002,LNK,NE,ACE,CE,Combined TRACON& Tower with Radar,4,64,90,73,231,0,7,51,28,86,4,71,141,101,317,70,14,84,401
07/12/2002,LNK,NE,ACE,CE,Combined TRACON& Tower with Radar,5,52,99,45,201,0,4,21,6,31,5,56,120,51,232,16,0,16,248
07/13/2002,LNK,NE,ACE,CE,Combined TRACON& Tower with Radar,4,48,61,17,130,0,3,113,23,139,4,51,174,40,269,84,30,114,383
07/14/2002,LNK,NE,ACE,CE,Combined TRACON& Tower with Radar,3,35,45,32,115,2,0,104,6,112,5,35,149,38,227,92,28,120,347
07/15/2002,LNK,NE,ACE,CE,Combined TRACON& Tower with Radar,4,61,66,19,150,0,4,110,6,120,4,65,176,25,270,34,8,42,312
07/16/2002,LNK,NE,ACE,CE,Combined TRACON& Tower with Radar,4,62,96,45,207,0,7,78,18,103,4,69,174,63,310,102,38,140,450
07/17/2002,LNK,NE,ACE,CE,Combined TRACON& Tower with Radar,3,61,71,95,230,0,17,73,24,114,3,78,144,119,344,44,90,134,478
07/18/2002,LNK,NE,ACE,CE,Combined TRACON& Tower with Radar,4,45,75,127,251,0,0,82,28,110,4,45,157,155,361,96,84,180,541
07/19/2002,LNK,NE,ACE,CE,Combined TRACON& Tower with Radar,3,49,61,61,174,0,4,69,30,103,3,53,130,91,277,98,42,140,417
07/20/2002,LNK,NE,ACE,CE,Combined TRACON& Tower with Radar,7,43,26,8,84,0,10,74,7,91,7,53,100,15,175,48,0,48,223
07/21/2002,LNK,NE,ACE,CE,Combined TRACON& Tower with Radar,4,40,32,0,76,0,0,59,0,59,4,40,91,0,135,36,0,36,171
07/22/2002,LNK,NE,ACE,CE,Combined TRACON& Tower with Radar,4,43,62,15,124,0,0,34,8,42,4,43,96,23,166,48,22,70,236
07/23/2002,LNK,NE,ACE,CE,Combined TRACON& Tower with Radar,4,44,97,43,188,0,3,101,8,112,4,47,198,51,300,116,12,128,428
07/24/2002,LNK,NE,ACE,CE,Combined TRACON& Tower with Radar,3,56,74,65,198,0,6,94,16,116,3,62,168,81,314,98,60,158,472
07/25/2002,LNK,NE,ACE,CE,Combined TRACON& Tower with Radar,3,59,78,85,225,0,0,119,41,160,3,59,197,126,385,62,60,122,507
07/26/2002,LNK,NE,ACE,CE,Combined TRACON& Tower with Radar,4,50,58,48,160,0,1,36,20,57,4,51,94,68,217,76,26,102,319
07/27/2002,LNK,NE,ACE,CE,Combined TRACON& Tower with Radar,6,36,25,1,68,0,0,73,4,77,6,36,98,5,145,58,0,58,203
07/28/2002,LNK,NE,ACE,CE,Combined TRACON& Tower with Radar,4,34,36,2,76,0,1,63,0,64,4,35,99,2,140,54,0,54,194
07/29/2002,LNK,NE,ACE,CE,Combined TRACON& Tower with Radar,4,51,55,34,144,0,3,88,2,93,4,54,143,36,237,22,6,28,265
07/30/2002,LNK,NE,ACE,CE,Combined TRACON& Tower with Radar,4,52,60,42,158,0,4,59,11,74,4,56,119,53,232,94,30,124,356
07/31/2002,LNK,NE,ACE,CE,Combined TRACON& Tower with Radar,4,56,50,118,228,0,3,78,14,95,4,59,128,132,323,62,20,82,405
08/01/2002,LNK,NE,ACE,CE,Combined TRACON& Tower with Radar,4,49,43,85,181,0,5,78,22,105,4,54,121,107,286,50,26,76,362
08/02/2002,LNK,NE,ACE,CE,Combined TRACON& Tower with Radar,5,46,73,52,176,0,1,88,20,109,5,47,161,72,285,96,60,156,441
08/03/2002,LNK,NE,ACE,CE,Combined TRACON& Tower with Radar,3,39,49,12,103,0,4,71,10,85,3,43,120,22,188,38,18,56,244
08/04/2002,LNK,NE,ACE,CE,Combined TRACON& Tower with Radar,3,27,30,4,64,0,3,49,10,62,3,30,79,14,126,22,0,22,148
08/05/2002,LNK,NE,ACE,CE,Combined TRACON& Tower with Radar,2,46,74,56,178,0,2,40,15,57,2,48,114,71,235,18,98,116,351
08/06/2002,LNK,NE,ACE,CE,Combined TRACON& Tower with Radar,6,52,43,78,179,0,2,83,16,101,6,54,126,94,280,118,24,142,422
08/07/2002,LNK,NE,ACE,CE,Combined TRACON& Tower with Radar,7,45,77,59,188,0,0,47,10,57,7,45,124,69,245,42,10,52,297
08/08/2002,LNK,NE,ACE,CE,Combined TRACON& Tower with Radar,5,63,83,69,220,0,8,88,25,121,5,71,171,94,341,68,52,120,461
08/09/2002,LNK,NE,ACE,CE,Combined TRACON& Tower with Radar,6,46,86,82,220,0,0,63,8,71,6,46,149,90,291,44,62,106,397
08/10/2002,LNK,NE,ACE,CE,Combined TRACON& Tower with Radar,3,47,38,30,118,0,4,93,23,120,3,51,131,53,238,56,56,112,350
08/11/2002,LNK,NE,ACE,CE,Combined TRACON& Tower with Radar,3,34,42,14,93,0,1,64,2,67,3,35,106,16,160,28,2,30,190
08/12/2002,LNK,NE,ACE,CE,Combined TRACON& Tower with Radar,3,48,72,19,142,0,4,35,2,41,3,52,107,21,183,10,0,10,193
08/13/2002,LNK,NE,ACE,CE,Combined TRACON& Tower with Radar,4,44,77,33,158,0,3,82,16,101,4,47,159,49,259,66,40,106,365
08/14/2002,LNK,NE,ACE,CE,Combined TRACON& Tower with Radar,4,53,49,78,184,0,7,81,23,111,4,60,130,101,295,54,42,96,391
08/15/2002,LNK,NE,ACE,CE,Combined TRACON& Tower with Radar,4,51,59,74,188,0,4,92,20,116,4,55,151,94,304,50,34,84,388
08/16/2002,LNK,NE,ACE,CE,Combined TRACON& Tower with Radar,8,37,61,31,137,0,8,34,16,58,8,45,95,47,195,2,20,22,217
08/17/2002,LNK,NE,ACE,CE,Combined TRACON& Tower with Radar,5,36,32,7,80,0,0,76,19,95,5,36,108,26,175,66,0,66,241
08/18/2002,LNK,NE,ACE,CE,Combined TRACON& Tower with Radar,4,37,80,8,129,0,2,13,13,28,4,39,93,21,157,14,0,14,171
08/19/2002,LNK,NE,ACE,CE,Combined TRACON& Tower with Radar,4,48,63,89,204,0,4,64,7,75,4,52,127,96,279,42,32,74,353
08/20/2002,LNK,NE,ACE,CE,Combined TRACON& Tower with Radar,3,52,45,20,120,0,8,32,5,45,3,60,77,25,165,20,0,20,185
08/21/2002,LNK,NE,ACE,CE,Combined TRACON& Tower with Radar,4,51,54,35,144,0,7,40,4,51,4,58,94,39,195,24,12,36,231
08/22/2002,LNK,NE,ACE,CE,Combined TRACON& Tower with Radar,4,58,64,22,148,0,7,47,16,70,4,65,111,38,218,70,46,116,334
08/23/2002,LNK,NE,ACE,CE,Combined TRACON& Tower with Radar,8,43,56,31,138,0,2,61,6,69,8,45,117,37,207,38,16,54,261
08/24/2002,LNK,NE,ACE,CE,Combined TRACON& Tower with Radar,4,44,56,53,157,0,0,32,1,33,4,44,88,54,190,84,0,84,274
08/25/2002,LNK,NE,ACE,CE,Combined TRACON& Tower with Radar,6,37,73,27,143,0,0,97,16,113,6,37,170,43,256,126,28,154,410
08/26/2002,LNK,NE,ACE,CE,Combined TRACON& Tower with Radar,4,57,59,60,180,0,2,49,4,55,4,59,108,64,235,42,34,76,311
08/27/2002,LNK,NE,ACE,CE,Combined TRACON& Tower with Radar,5,51,60,26,142,0,3,69,16,88,5,54,129,42,230,84,12,96,326
08/28/2002,LNK,NE,ACE,CE,Combined TRACON& Tower with Radar,4,58,63,54,179,0,0,69,9,78,4,58,132,63,257,70,4,74,331
08/29/2002,LNK,NE,ACE,CE,Combined TRACON& Tower with Radar,4,55,66,48,173,0,6,80,14,100,4,61,146,62,273,100,44,144,417
08/30/2002,LNK,NE,ACE,CE,Combined TRACON& Tower with Radar,9,49,65,44,167,0,2,81,2,85,9,51,146,46,252,34,4,38,290
08/31/2002,LNK,NE,ACE,CE,Combined TRACON& Tower with Radar,8,34,44,1,87,0,2,81,0,83,8,36,125,1,170,110,0,110,280
09/01/2002,LNK,NE,ACE,CE,Combined TRACON& Tower with Radar,8,32,26,4,70,0,5,59,1,65,8,37,85,5,135,84,10,94,229
09/02/2002,LNK,NE,ACE,CE,Combined TRACON& Tower with Radar,4,41,23,0,68,0,9,72,1,82,4,50,95,1,150,64,0,64,214
09/03/2002,LNK,NE,ACE,CE,Combined TRACON& Tower with Radar,6,49,51,22,128,0,7,83,10,100,6,56,134,32,228,148,16,164,392
09/04/2002,LNK,NE,ACE,CE,Combined TRACON& Tower with Radar,7,55,49,63,174,0,2,61,12,75,7,57,110,75,249,34,62,96,345
09/05/2002,LNK,NE,ACE,CE,Combined TRACON& Tower with Radar,8,50,57,145,260,0,4,77,39,120,8,54,134,184,380,20,88,108,488
09/06/2002,LNK,NE,ACE,CE,Combined TRACON& Tower with Radar,6,49,60,37,152,0,7,83,22,112,6,56,143,59,264,38,24,62,326
09/07/2002,LNK,NE,ACE,CE,Combined TRACON& Tower with Radar,0,28,41,23,92,6,15,100,0,121,6,43,141,23,213,56,8,64,277
09/08/2002,LNK,NE,ACE,CE,Combined TRACON& Tower with Radar,10,30,56,13,109,0,0,108,1,109,10,30,164,14,218,54,6,60,278
09/09/2002,LNK,NE,ACE,CE,Combined TRACON& Tower with Radar,7,56,50,77,190,0,9,39,18,66,7,65,89,95,256,34,56,90,346
09/10/2002,LNK,NE,ACE,CE,Combined TRACON& Tower with Radar,4,39,45,64,152,0,0,38,15,53,4,39,83,79,205,50,28,78,283
09/11/2002,LNK,NE,ACE,CE,Combined TRACON& Tower with Radar,8,33,43,58,142,0,7,98,14,119,8,40,141,72,261,64,28,92,353
09/12/2002,LNK,NE,ACE,CE,Combined TRACON& Tower with Radar,8,52,68,63,191,0,9,56,18,83,8,61,124,81,274,16,46,62,336
09/13/2002,LNK,NE,ACE,CE,Combined TRACON& Tower with Radar,10,44,45,46,145,0,0,13,21,34,10,44,58,67,179,0,32,32,211
09/14/2002,LNK,NE,ACE,CE,Combined TRACON& Tower with Radar,7,41,36,4,88,0,3,32,3,38,7,44,68,7,126,6,0,6,132
09/15/2002,LNK,NE,ACE,CE,Combined TRACON& Tower with Radar,15,34,47,5,101,0,0,84,6,90,15,34,131,11,191,48,12,60,251
09/16/2002,LNK,NE,ACE,CE,Combined TRACON& Tower with Radar,6,50,46,68,170,0,2,67,6,75,6,52,113,74,245,34,54,88,333
09/17/2002,LNK,NE,ACE,CE,Combined TRACON& Tower with Radar,10,46,67,38,161,0,10,94,5,109,10,56,161,43,270,71,20,91,361
09/18/2002,LNK,NE,ACE,CE,Combined TRACON& Tower with Radar,7,54,79,19,159,0,5,31,10,46,7,59,110,29,205,50,18,68,273
09/19/2002,LNK,NE,ACE,CE,Combined TRACON& Tower with Radar,6,56,52,17,131,0,3,9,11,23,6,59,61,28,154,54,0,54,208
09/20/2002,LNK,NE,ACE,CE,Combined TRACON& Tower with Radar,6,55,92,36,189,0,1,84,19,104,6,56,176,55,293,64,42,106,399
09/21/2002,LNK,NE,ACE,CE,Combined TRACON& Tower with Radar,6,44,29,1,80,0,10,83,31,124,6,54,112,32,204,42,0,42,246
09/22/2002,LNK,NE,ACE,CE,Combined TRACON& Tower with Radar,7,44,60,2,113,0,7,98,10,115,7,51,158,12,228,134,0,134,362
09/23/2002,LNK,NE,ACE,CE,Combined TRACON& Tower with Radar,6,60,46,29,141,0,6,72,6,84,6,66,118,35,225,76,14,90,315
09/24/2002,LNK,NE,ACE,CE,Combined TRACON& Tower with Radar,7,45,49,41,142,0,4,61,1,66,7,49,110,42,208,74,24,98,306
09/25/2002,LNK,NE,ACE,CE,Combined TRACON& Tower with Radar,10,56,59,45,170,0,1,48,12,61,10,57,107,57,231,12,24,36,267
09/26/2002,LNK,NE,ACE,CE,Combined TRACON& Tower with Radar,6,53,59,17,135,0,0,7,6,13,6,53,66,23,148,0,0,0,148
09/27/2002,LNK,NE,ACE,CE,Combined TRACON& Tower with Radar,4,53,64,30,151,0,5,56,3,64,4,58,120,33,215,24,32,56,271
09/28/2002,LNK,NE,ACE,CE,Combined TRACON& Tower with Radar,9,40,47,0,96,0,2,35,2,39,9,42,82,2,135,38,0,38,173
09/29/2002,LNK,NE,ACE,CE,Combined TRACON& Tower with Radar,7,36,73,8,124,0,0,53,2,55,7,36,126,10,179,88,0,88,267
09/30/2002,LNK,NE,ACE,CE,Combined TRACON& Tower with Radar,10,51,45,36,142,0,5,55,0,60,10,56,100,36,202,66,2,68,270
10/01/2002,LNK,NE,ACE,CE,Combined TRACON& Tower with Radar,5,43,66,58,172,1,1,28,6,36,6,44,94,64,208,16,20,36,244
10/02/2002,LNK,NE,ACE,CE,Combined TRACON& Tower with Radar,8,48,61,18,135,1,0,0,0,1,9,48,61,18,136,0,2,2,138
10/03/2002,LNK,NE,ACE,CE,Combined TRACON& Tower with Radar,10,49,71,45,175,1,0,0,0,1,11,49,71,45,176,10,10,20,196
10/04/2002,LNK,NE,ACE,CE,Combined TRACON& Tower with Radar,5,43,50,39,137,1,0,12,10,23,6,43,62,49,160,18,18,36,196
10/05/2002,LNK,NE,ACE,CE,Combined TRACON& Tower with Radar,7,39,47,3,96,1,3,83,6,93,8,42,130,9,189,54,0,54,243
10/06/2002,LNK,NE,ACE,CE,Combined TRACON& Tower with Radar,5,34,22,1,62,1,8,13,6,28,6,42,35,7,90,0,0,0,90
10/07/2002,LNK,NE,ACE,CE,Combined TRACON& Tower with Radar,6,44,41,43,134,1,27,60,5,93,7,71,101,48,227,19,18,37,264
10/08/2002,LNK,NE,ACE,CE,Combined TRACON& Tower with Radar,6,42,41,63,152,0,10,79,13,102,6,52,120,76,254,94,10,104,358
10/09/2002,LNK,NE,ACE,CE,Combined TRACON& Tower with Radar,7,46,68,115,236,0,2,61,29,92,7,48,129,144,328,116,70,186,514
10/10/2002,LNK,NE,ACE,CE,Combined TRACON& Tower with Radar,5,45,89,61,200,0,5,52,14,71,5,50,141,75,271,34,36,70,341
10/11/2002,LNK,NE,ACE,CE,Combined TRACON& Tower with Radar,7,46,66,28,147,0,1,46,7,54,7,47,112,35,201,52,10,62,263
10/12/2002,LNK,NE,ACE,CE,Combined TRACON& Tower with Radar,9,39,55,4,107,0,0,23,1,24,9,39,78,5,131,0,4,4,135
10/13/2002,LNK,NE,ACE,CE,Combined TRACON& Tower with Radar,7,33,40,4,84,0,11,95,0,106,7,44,135,4,190,30,0,30,220
10/14/2002,LNK,NE,ACE,CE,Combined TRACON& Tower with Radar,5,46,60,0,111,0,7,51,0,58,5,53,111,0,169,12,0,12,181
10/15/2002,LNK,NE,ACE,CE,Combined TRACON& Tower with Radar,6,46,71,29,152,0,6,49,26,81,6,52,120,55,233,36,56,92,325
10/16/2002,LNK,NE,ACE,CE,Combined TRACON& Tower with Radar,7,61,60,28,156,0,1,13,2,16,7,62,73,30,172,30,4,34,206
10/17/2002,LNK,NE,ACE,CE,Combined TRACON& Tower with Radar,6,48,64,54,172,0,11,59,15,85,6,59,123,69,257,46,28,74,331
10/18/2002,LNK,NE,ACE,CE,Combined TRACON& Tower with Radar,9,49,51,55,164,0,7,93,12,112,9,56,144,67,276,34,16,50,326
10/19/2002,LNK,NE,ACE,CE,Combined TRACON& Tower with Radar,8,39,51,10,108,0,0,116,12,128,8,39,167,22,236,146,0,146,382
10/20/2002,LNK,NE,ACE,CE,Combined TRACON& Tower with Radar,7,28,80,9,124,0,3,78,9,90,7,31,158,18,214,44,12,56,270
10/21/2002,LNK,NE,ACE,CE,Combined TRACON& Tower with Radar,7,49,64,42,162,0,2,39,5,46,7,51,103,47,208,111,20,131,339
10/22/2002,LNK,NE,ACE,CE,Combined TRACON& Tower with Radar,6,41,51,81,179,0,7,4,2,13,6,48,55,83,192,48,16,64,256
10/23/2002,LNK,NE,ACE,CE,Combined TRACON& Tower with Radar,6,34,27,9,76,0,1,0,0,1,6,35,27,9,77,0,0,0,77
10/24/2002,LNK,NE,ACE,CE,Combined TRACON& Tower with Radar,6,55,35,7,103,0,1,0,0,1,6,56,35,7,104,0,0,0,104
10/25/2002,LNK,NE,ACE,CE,Combined TRACON& Tower with Radar,12,45,63,72,192,0,3,11,5,19,12,48,74,77,211,20,2,22,233
10/26/2002,LNK,NE,ACE,CE,Combined TRACON& Tower with Radar,7,36,52,25,120,0,5,77,0,82,7,41,129,25,202,64,0,64,266
10/27/2002,LNK,NE,ACE,CE,Combined TRACON& Tower with Radar,4,28,27,0,59,0,1,7,0,8,4,29,34,0,67,0,0,0,67
10/28/2002,LNK,NE,ACE,CE,Combined TRACON& Tower with Radar,7,41,50,41,139,0,1,4,0,5,7,42,54,41,144,10,0,10,154
10/29/2002,LNK,NE,ACE,CE,Combined TRACON& Tower with Radar,6,40,35,18,99,0,1,0,0,1,6,41,35,18,100,0,0,0,100
10/30/2002,LNK,NE,ACE,CE,Combined TRACON& Tower with Radar,7,41,25,60,133,0,1,0,0,1,7,42,25,60,134,0,4,4,138
10/31/2002,LNK,NE,ACE,CE,Combined TRACON& Tower with Radar,6,54,58,60,178,0,4,12,11,27,6,58,70,71,205,34,2,36,241
11/01/2002,LNK,NE,ACE,CE,Combined TRACON& Tower with Radar,10,51,70,40,171,2,0,53,50,105,12,51,123,90,276,56,50,106,382
11/02/2002,LNK,NE,ACE,CE,Combined TRACON& Tower with Radar,11,50,74,4,139,0,6,71,11,88,11,56,145,15,227,118,2,120,347
11/03/2002,LNK,NE,ACE,CE,Combined TRACON& Tower with Radar,9,51,80,3,143,0,10,37,9,56,9,61,117,12,199,10,0,10,209
11/04/2002,LNK,NE,ACE,CE,Combined TRACON& Tower with Radar,5,52,49,44,150,0,1,74,0,75,5,53,123,44,225,36,42,78,303
11/05/2002,LNK,NE,ACE,CE,Combined TRACON& Tower with Radar,8,50,52,48,158,0,2,20,6,28,8,52,72,54,186,16,28,44,230
11/06/2002,LNK,NE,ACE,CE,Combined TRACON& Tower with Radar,10,43,40,59,152,0,5,87,13,105,10,48,127,72,257,66,42,108,365
11/07/2002,LNK,NE,ACE,CE,Combined TRACON& Tower with Radar,6,52,46,45,149,0,7,67,6,80,6,59,113,51,229,58,12,70,299
11/08/2002,LNK,NE,ACE,CE,Combined TRACON& Tower with Radar,6,54,69,24,153,0,8,106,2,116,6,62,175,26,269,36,0,36,305
11/09/2002,LNK,NE,ACE,CE,Combined TRACON& Tower with Radar,9,34,76,25,144,0,7,111,3,121,9,41,187,28,265,32,4,36,301
11/10/2002,LNK,NE,ACE,CE,Combined TRACON& Tower with Radar,7,33,41,0,81,0,1,39,0,40,7,34,80,0,121,12,0,12,133
11/11/2002,LNK,NE,ACE,CE,Combined TRACON& Tower with Radar,11,57,64,4,136,0,6,73,12,91,11,63,137,16,227,74,10,84,311
11/12/2002,LNK,NE,ACE,CE,Combined TRACON& Tower with Radar,4,52,38,39,133,0,5,72,6,83,4,57,110,45,216,52,14,66,282
11/13/2002,LNK,NE,ACE,CE,Combined TRACON& Tower with Radar,7,47,41,32,127,0,3,90,9,102,7,50,131,41,229,48,32,80,309
11/14/2002,LNK,NE,ACE,CE,Combined TRACON& Tower with Radar,7,47,57,69,180,0,1,49,20,70,7,48,106,89,250,20,48,68,318
11/15/2002,LNK,NE,ACE,CE,Combined TRACON& Tower with Radar,6,48,58,51,163,0,5,24,10,39,6,53,82,61,202,52,18,70,272
11/16/2002,LNK,NE,ACE,CE,Combined TRACON& Tower with Radar,6,38,38,3,85,0,2,30,0,32,6,40,68,3,117,46,0,46,163
11/17/2002,LNK,NE,ACE,CE,Combined TRACON& Tower with Radar,5,29,41,10,85,0,7,89,0,96,5,36,130,10,181,108,8,116,297
11/18/2002,LNK,NE,ACE,CE,Combined TRACON& Tower with Radar,9,48,57,44,158,0,2,64,8,74,9,50,121,52,232,40,40,80,312
11/19/2002,LNK,NE,ACE,CE,Combined TRACON& Tower with Radar,7,45,42,99,193,0,4,66,14,84,7,49,108,113,277,66,20,86,363
11/20/2002,LNK,NE,ACE,CE,Combined TRACON& Tower with Radar,5,60,65,43,173,0,3,50,6,59,5,63,115,49,232,46,20,66,298
11/21/2002,LNK,NE,ACE,CE,Combined TRACON& Tower with Radar,8,64,46,27,145,0,3,24,7,34,8,67,70,34,179,18,6,24,203
11/22/2002,LNK,NE,ACE,CE,Combined TRACON& Tower with Radar,6,50,71,45,172,0,3,95,17,115,6,53,166,62,287,148,30,178,465
11/23/2002,LNK,NE,ACE,CE,Combined TRACON& Tower with Radar,6,43,46,5,100,0,2,106,3,111,6,45,152,8,211,72,8,80,291
11/24/2002,LNK,NE,ACE,CE,Combined TRACON& Tower with Radar,3,41,9,2,55,0,2,17,1,20,3,43,26,3,75,16,0,16,91
11/25/2002,LNK,NE,ACE,CE,Combined TRACON& Tower with Radar,8,51,70,24,153,0,4,35,3,42,8,55,105,27,195,100,16,116,311
11/26/2002,LNK,NE,ACE,CE,Combined TRACON& Tower with Radar,7,55,53,19,134,0,2,9,2,13,7,57,62,21,147,22,16,38,185
11/27/2002,LNK,NE,ACE,CE,Combined TRACON& Tower with Radar,6,48,58,33,145,0,0,40,17,57,6,48,98,50,202,54,20,74,276
11/28/2002,LNK,NE,ACE,CE,Combined TRACON& Tower with Radar,7,37,5,5,54,0,7,41,0,48,7,44,46,5,102,14,0,14,116
11/29/2002,LNK,NE,ACE,CE,Combined TRACON& Tower with Radar,7,30,43,2,82,0,1,82,4,87,7,31,125,6,169,16,14,30,199
11/30/2002,LNK,NE,ACE,CE,Combined TRACON& Tower with Radar,3,25,28,1,57,3,15,43,0,61,6,40,71,1,118,28,0,28,146
12/01/2002,LNK,NE,ACE,CE,Combined TRACON& Tower with Radar,6,35,37,0,78,1,0,65,0,66,7,35,102,0,144,56,0,56,200
12/02/2002,LNK,NE,ACE,CE,Combined TRACON& Tower with Radar,6,56,28,74,164,0,3,29,13,45,6,59,57,87,209,48,28,76,285
12/03/2002,LNK,NE,ACE,CE,Combined TRACON& Tower with Radar,6,41,55,22,124,0,2,19,6,27,6,43,74,28,151,50,22,72,223
12/04/2002,LNK,NE,ACE,CE,Combined TRACON& Tower with Radar,5,44,46,79,174,1,3,8,11,23,6,47,54,90,197,6,40,46,243
12/05/2002,LNK,NE,ACE,CE,Combined TRACON& Tower with Radar,6,43,64,40,153,0,8,47,12,67,6,51,111,52,220,78,30,108,328
12/06/2002,LNK,NE,ACE,CE,Combined TRACON& Tower with Radar,6,42,61,42,151,0,0,61,72,133,6,42,122,114,284,66,24,90,374
12/07/2002,LNK,NE,ACE,CE,Combined TRACON& Tower with Radar,8,29,37,6,80,0,6,86,19,111,8,35,123,25,191,104,4,108,299
12/08/2002,LNK,NE,ACE,CE,Combined TRACON& Tower with Radar,19,32,41,12,104,14,1,54,2,71,33,33,95,14,175,66,12,78,253
12/09/2002,LNK,NE,ACE,CE,Combined TRACON& Tower with Radar,8,39,52,80,179,0,3,64,13,80,8,42,116,93,259,36,39,75,334
12/10/2002,LNK,NE,ACE,CE,Combined TRACON& Tower with Radar,7,46,70,47,170,0,8,30,10,48,7,54,100,57,218,36,48,84,302
12/11/2002,LNK,NE,ACE,CE,Combined TRACON& Tower with Radar,6,47,53,106,212,0,1,3,6,10,6,48,56,112,222,0,30,30,252
12/12/2002,LNK,NE,ACE,CE,Combined TRACON& Tower with Radar,6,48,95,81,230,0,1,53,6,60,6,49,148,87,290,30,24,54,344
12/13/2002,LNK,NE,ACE,CE,Combined TRACON& Tower with Radar,6,40,66,60,172,0,3,80,25,108,6,43,146,85,280,104,50,154,434
12/14/2002,LNK,NE,ACE,CE,Combined TRACON& Tower with Radar,4,36,54,14,108,0,6,114,7,127,4,42,168,21,235,116,0,116,351
12/15/2002,LNK,NE,ACE,CE,Combined TRACON& Tower with Radar,6,34,30,7,77,0,2,86,0,88,6,36,116,7,165,76,0,76,241
12/16/2002,LNK,NE,ACE,CE,Combined TRACON& Tower with Radar,4,46,64,34,148,0,4,77,2,83,4,50,141,36,231,72,8,80,311
12/17/2002,LNK,NE,ACE,CE,Combined TRACON& Tower with Radar,3,45,51,24,123,0,1,2,0,3,3,46,53,24,126,4,0,4,130
12/18/2002,LNK,NE,ACE,CE,Combined TRACON& Tower with Radar,5,51,49,46,151,0,3,19,8,30,5,54,68,54,181,0,40,40,221
12/19/2002,LNK,NE,ACE,CE,Combined TRACON& Tower with Radar,4,47,64,58,173,0,3,50,25,78,4,50,114,83,251,44,44,88,339
12/20/2002,LNK,NE,ACE,CE,Combined TRACON& Tower with Radar,4,42,56,26,128,0,6,33,16,55,4,48,89,42,183,2,20,22,205
12/21/2002,LNK,NE,ACE,CE,Combined TRACON& Tower with Radar,3,41,64,8,116,0,30,47,0,77,3,71,111,8,193,32,4,36,229
12/22/2002,LNK,NE,ACE,CE,Combined TRACON& Tower with Radar,6,39,42,0,87,0,14,72,0,86,6,53,114,0,173,34,0,34,207
12/23/2002,LNK,NE,ACE,CE,Combined TRACON& Tower with Radar,7,49,34,11,101,0,2,45,2,49,7,51,79,13,150,14,10,24,174
12/24/2002,LNK,NE,ACE,CE,Combined TRACON& Tower with Radar,2,32,32,2,68,0,6,12,0,18,2,38,44,2,86,2,0,2,88
12/25/2002,LNK,NE,ACE,CE,Combined TRACON& Tower with Radar,3,39,4,0,46,0,0,20,0,20,3,39,24,0,66,0,0,0,66
12/26/2002,LNK,NE,ACE,CE,Combined TRACON& Tower with Radar,4,57,26,6,93,0,2,55,10,67,4,59,81,16,160,32,0,32,192
12/27/2002,LNK,NE,ACE,CE,Combined TRACON& Tower with Radar,2,57,23,17,99,0,2,55,10,67,2,59,78,27,166,26,14,40,206
12/28/2002,LNK,NE,ACE,CE,Combined TRACON& Tower with Radar,6,38,57,2,103,0,4,100,0,104,6,42,157,2,207,22,0,22,229
12/29/2002,LNK,NE,ACE,CE,Combined TRACON& Tower with Radar,4,43,35,2,84,0,5,52,4,61,4,48,87,6,145,44,6,50,195
12/30/2002,LNK,NE,ACE,CE,Combined TRACON& Tower with Radar,4,54,17,13,88,0,0,35,0,35,4,54,52,13,123,2,14,16,139
12/31/2002,LNK,NE,ACE,CE,Combined TRACON& Tower with Radar,2,102,18,2,124,0,3,63,0,66,2,105,81,2,190,36,0,36,226
01/01/2003,LNK,NE,ACE,CE,Combined TRACON& Tower with Radar,4,34,23,3,64,0,4,22,0,26,4,38,45,3,90,0,0,0,90
01/02/2003,LNK,NE,ACE,CE,Combined TRACON& Tower with Radar,4,42,37,12,95,0,1,15,13,29,4,43,52,25,124,32,12,44,168
01/03/2003,LNK,NE,ACE,CE,Combined TRACON& Tower with Radar,4,41,38,60,143,0,3,50,10,63,4,44,88,70,206,48,18,66,272
01/04/2003,LNK,NE,ACE,CE,Combined TRACON& Tower with Radar,3,42,39,3,87,0,9,27,0,36,3,51,66,3,123,40,0,40,163
01/05/2003,LNK,NE,ACE,CE,Combined TRACON& Tower with Radar,4,50,27,2,83,0,0,18,0,18,4,50,45,2,101,48,0,48,149
01/06/2003,LNK,NE,ACE,CE,Combined TRACON& Tower with Radar,5,47,42,2,96,0,3,25,0,28,5,50,67,2,124,2,0,2,126
01/07/2003,LNK,NE,ACE,CE,Combined TRACON& Tower with Radar,0,45,76,62,183,0,2,68,13,83,0,47,144,75,266,50,30,80,346
01/08/2003,LNK,NE,ACE,CE,Combined TRACON& Tower with Radar,0,45,50,118,213,0,7,81,5,93,0,52,131,123,306,34,26,60,366
01/09/2003,LNK,NE,ACE,CE,Combined TRACON& Tower with Radar,0,48,54,57,159,1,2,26,14,43,1,50,80,71,202,12,38,50,252
01/10/2003,LNK,NE,ACE,CE,Combined TRACON& Tower with Radar,0,44,59,60,163,0,1,48,9,58,0,45,107,69,221,48,54,102,323
01/11/2003,LNK,NE,ACE,CE,Combined TRACON& Tower with Radar,0,37,31,22,90,0,2,53,31,86,0,39,84,53,176,126,12,138,314
01/12/2003,LNK,NE,ACE,CE,Combined TRACON& Tower with Radar,1,36,34,29,100,0,8,49,7,64,1,44,83,36,164,58,8,66,230
01/13/2003,LNK,NE,ACE,CE,Combined TRACON& Tower with Radar,0,48,63,90,201,0,3,51,10,64,0,51,114,100,265,52,58,110,375
01/14/2003,LNK,NE,ACE,CE,Combined TRACON& Tower with Radar,0,48,30,37,115,0,0,47,10,57,0,48,77,47,172,66,18,84,256
01/15/2003,LNK,NE,ACE,CE,Combined TRACON& Tower with Radar,0,47,26,32,105,0,0,11,5,16,0,47,37,37,121,0,20,20,141
01/16/2003,LNK,NE,ACE,CE,Combined TRACON& Tower with Radar,0,44,45,14,103,0,0,11,9,20,0,44,56,23,123,20,8,28,151
01/17/2003,LNK,NE,ACE,CE,Combined TRACON& Tower with Radar,1,49,30,19,99,0,3,32,2,37,1,52,62,21,136,12,6,18,154
01/18/2003,LNK,NE,ACE,CE,Combined TRACON& Tower with Radar,0,32,18,8,58,0,0,33,0,33,0,32,51,8,91,72,0,72,163
01/19/2003,LNK,NE,ACE,CE,Combined TRACON& Tower with Radar,0,40,27,4,71,0,3,78,0,81,0,43,105,4,152,88,0,88,240
01/20/2003,LNK,NE,ACE,CE,Combined TRACON& Tower with Radar,0,50,59,0,109,0,5,43,0,48,0,55,102,0,157,38,0,38,195
01/21/2003,LNK,NE,ACE,CE,Combined TRACON& Tower with Radar,4,45,33,16,98,0,1,15,6,22,4,46,48,22,120,9,16,25,145
01/22/2003,LNK,NE,ACE,CE,Combined TRACON& Tower with Radar,4,42,22,22,90,0,0,5,3,8,4,42,27,25,98,0,0,0,98
01/23/2003,LNK,NE,ACE,CE,Combined TRACON& Tower with Radar,0,51,40,69,160,0,4,15,7,26,0,55,55,76,186,2,44,46,232
01/24/2003,LNK,NE,ACE,CE,Combined TRACON& Tower with Radar,0,49,64,23,136,0,0,15,6,21,0,49,79,29,157,22,4,26,183
01/25/2003,LNK,NE,ACE,CE,Combined TRACON& Tower with Radar,0,32,37,2,71,0,2,44,2,48,0,34,81,4,119,38,0,38,157
01/26/2003,LNK,NE,ACE,CE,Combined TRACON& Tower with Radar,0,34,33,2,69,0,5,23,3,31,0,39,56,5,100,18,0,18,118
01/27/2003,LNK,NE,ACE,CE,Combined TRACON& Tower with Radar,0,52,65,18,135,0,1,33,0,34,0,53,98,18,169,48,0,48,217
01/28/2003,LNK,NE,ACE,CE,Combined TRACON& Tower with Radar,2,46,37,49,134,0,0,10,0,10,2,46,47,49,144,16,0,16,160
01/29/2003,LNK,NE,ACE,CE,Combined TRACON& Tower with Radar,0,51,35,40,126,0,2,6,1,9,0,53,41,41,135,26,4,30,165
01/30/2003,LNK,NE,ACE,CE,Combined TRACON& Tower with Radar,0,53,71,51,175,0,8,35,5,48,0,61,106,56,223,40,24,64,287
01/31/2003,LNK,NE,ACE,CE,Combined TRACON& Tower with Radar,1,55,67,25,148,0,5,39,7,51,1,60,106,32,199,28,8,36,235
02/01/2003,LNK,NE,ACE,CE,Combined TRACON& Tower with Radar,0,29,59,1,89,0,8,115,0,123,0,37,174,1,212,86,0,86,298
02/02/2003,LNK,NE,ACE,CE,Combined TRACON& Tower with Radar,1,27,40,2,70,1,2,49,0,52,2,29,89,2,122,46,0,46,168
02/03/2003,LNK,NE,ACE,CE,Combined TRACON& Tower with Radar,0,43,22,4,69,0,2,1,1,4,0,45,23,5,73,0,0,0,73
02/04/2003,LNK,NE,ACE,CE,Combined TRACON& Tower with Radar,0,56,85,90,231,0,7,31,5,43,0,63,116,95,274,47,40,87,361
02/05/2003,LNK,NE,ACE,CE,Combined TRACON& Tower with Radar,0,60,51,41,152,0,0,40,9,49,0,60,91,50,201,66,24,90,291
02/06/2003,LNK,NE,ACE,CE,Combined TRACON& Tower with Radar,0,53,45,100,198,0,2,22,26,50,0,55,67,126,248,38,78,116,364
02/07/2003,LNK,NE,ACE,CE,Combined TRACON& Tower with Radar,0,42,59,55,156,0,1,52,6,59,0,43,111,61,215,72,38,110,325
02/08/2003,LNK,NE,ACE,CE,Combined TRACON& Tower with Radar,0,38,24,29,91,0,11,37,27,75,0,49,61,56,166,34,12,46,212
02/09/2003,LNK,NE,ACE,CE,Combined TRACON& Tower with Radar,0,32,18,11,61,0,1,3,0,4,0,33,21,11,65,0,0,0,65
02/10/2003,LNK,NE,ACE,CE,Combined TRACON& Tower with Radar,0,54,43,7,104,0,1,14,0,15,0,55,57,7,119,74,0,74,193
02/11/2003,LNK,NE,ACE,CE,Combined TRACON& Tower with Radar,0,61,50,34,145,0,1,21,5,27,0,62,71,39,172,48,0,48,220
02/12/2003,LNK,NE,ACE,CE,Combined TRACON& Tower with Radar,0,60,36,52,148,0,4,61,12,77,0,64,97,64,225,88,36,124,349
02/13/2003,LNK,NE,ACE,CE,Combined TRACON& Tower with Radar,0,59,57,79,195,0,6,75,16,97,0,65,132,95,292,112,24,136,428
02/14/2003,LNK,NE,ACE,CE,Combined TRACON& Tower with Radar,0,48,26,46,120,0,1,2,0,3,0,49,28,46,123,0,0,0,123
02/15/2003,LNK,NE,ACE,CE,Combined TRACON& Tower with Radar,0,35,12,0,47,0,3,2,0,5,0,38,14,0,52,0,0,0,52
02/16/2003,LNK,NE,ACE,CE,Combined TRACON& Tower with Radar,0,39,17,11,67,0,1,44,0,45,0,40,61,11,112,60,16,76,188
02/17/2003,LNK,NE,ACE,CE,Combined TRACON& Tower with Radar,4,50,41,13,108,0,5,57,0,62,4,55,98,13,170,74,14,88,258
02/18/2003,LNK,NE,ACE,CE,Combined TRACON& Tower with Radar,0,52,46,51,149,0,21,28,0,49,0,73,74,51,198,82,24,106,304
02/19/2003,LNK,NE,ACE,CE,Combined TRACON& Tower with Radar,0,66,85,95,246,0,0,35,109,144,0,66,120,204,390,60,100,160,550
02/20/2003,LNK,NE,ACE,CE,Combined TRACON& Tower with Radar,4,48,57,123,232,0,8,62,8,78,4,56,119,131,310,64,10,74,384
02/21/2003,LNK,NE,ACE,CE,Combined TRACON& Tower with Radar,0,53,46,109,208,0,6,40,9,55,0,59,86,118,263,40,82,122,385
02/22/2003,LNK,NE,ACE,CE,Combined TRACON& Tower with Radar,0,38,26,6,70,0,1,14,8,23,0,39,40,14,93,16,2,18,111
02/23/2003,LNK,NE,ACE,CE,Combined TRACON& Tower with Radar,0,34,10,1,45,0,1,1,0,2,0,35,11,1,47,0,0,0,47
02/24/2003,LNK,NE,ACE,CE,Combined TRACON& Tower with Radar,0,50,45,27,122,0,4,24,0,28,0,54,69,27,150,18,0,18,168
02/25/2003,LNK,NE,ACE,CE,Combined TRACON& Tower with Radar,0,54,46,75,175,0,2,23,7,32,0,56,69,82,207,132,60,192,399
02/26/2003,LNK,NE,ACE,CE,Combined TRACON& Tower with Radar,0,64,35,73,172,0,2,41,5,48,0,66,76,78,220,90,33,123,343
02/27/2003,LNK,NE,ACE,CE,Combined TRACON& Tower with Radar,0,58,58,89,205,0,1,54,16,71,0,59,112,105,276,108,44,152,428
02/28/2003,LNK,NE,ACE,CE,Combined TRACON& Tower with Radar,8,46,74,45,173,0,4,33,13,50,8,50,107,58,223,54,26,80,303
03/01/2003,LNK,NE,ACE,CE,Combined TRACON& Tower with Radar,0,36,44,5,85,0,3,34,10,47,0,39,78,15,132,0,0,0,132
03/02/2003,LNK,NE,ACE,CE,Combined TRACON& Tower with Radar,0,34,42,3,79,0,1,57,5,63,0,35,99,8,142,78,0,78,220
03/03/2003,LNK,NE,ACE,CE,Combined TRACON& Tower with Radar,0,55,74,20,149,0,6,37,0,43,0,61,111,20,192,62,0,62,254
03/04/2003,LNK,NE,ACE,CE,Combined TRACON& Tower with Radar,0,47,29,1,77,0,1,2,0,3,0,48,31,1,80,0,0,0,80
03/05/2003,LNK,NE,ACE,CE,Combined TRACON& Tower with Radar,0,53,69,2,124,0,0,0,46,46,0,53,69,48,170,0,32,32,202
03/06/2003,LNK,NE,ACE,CE,Combined TRACON& Tower with Radar,0,51,73,72,196,0,2,24,17,43,0,53,97,89,239,34,30,64,303
03/07/2003,LNK,NE,ACE,CE,Combined TRACON& Tower with Radar,0,49,57,75,181,0,2,52,12,66,0,51,109,87,247,70,16,86,333
03/08/2003,LNK,NE,ACE,CE,Combined TRACON& Tower with Radar,0,32,19,13,64,0,0,4,0,4,0,32,23,13,68,0,16,16,84
03/09/2003,LNK,NE,ACE,CE,Combined TRACON& Tower with Radar,0,36,46,6,88,0,0,45,0,45,0,36,91,6,133,72,0,72,205
03/10/2003,LNK,NE,ACE,CE,Combined TRACON& Tower with Radar,0,48,39,29,116,2,1,38,8,49,2,49,77,37,165,40,10,50,215
03/11/2003,LNK,NE,ACE,CE,Combined TRACON& Tower with Radar,0,49,33,69,151,0,10,54,6,70,0,59,87,75,221,62,18,80,301
03/12/2003,LNK,NE,ACE,CE,Combined TRACON& Tower with Radar,0,57,38,31,126,2,0,3,0,5,2,57,41,31,131,0,0,0,131
03/13/2003,LNK,NE,ACE,CE,Combined TRACON& Tower with Radar,0,57,71,84,212,0,2,43,6,51,0,59,114,90,263,154,16,170,433
03/14/2003,LNK,NE,ACE,CE,Combined TRACON& Tower with Radar,0,61,58,15,134,0,4,55,6,65,0,65,113,21,199,24,6,30,229
03/15/2003,LNK,NE,ACE,CE,Combined TRACON& Tower with Radar,0,41,27,2,70,0,3,100,7,110,0,44,127,9,180,32,2,34,214
03/16/2003,LNK,NE,ACE,CE,Combined TRACON& Tower with Radar,0,38,35,3,76,0,5,94,7,106,0,43,129,10,182,70,0,70,252
03/17/2003,LNK,NE,ACE,CE,Combined TRACON& Tower with Radar,0,38,21,25,84,2,0,14,0,16,2,38,35,25,100,24,4,28,128
03/18/2003,LNK,NE,ACE,CE,Combined TRACON& Tower with Radar,0,39,43,33,115,2,1,17,2,22,2,40,60,35,137,38,6,44,181
03/19/2003,LNK,NE,ACE,CE,Combined TRACON& Tower with Radar,0,47,26,95,168,0,3,1,0,4,0,50,27,95,172,0,0,0,172
03/20/2003,LNK,NE,ACE,CE,Combined TRACON& Tower with Radar,0,46,51,22,119,0,1,10,1,12,0,47,61,23,131,0,6,6,137
03/21/2003,LNK,NE,ACE,CE,Combined TRACON& Tower with Radar,0,58,56,42,156,1,1,52,12,66,1,59,108,54,222,0,10,10,232
03/22/2003,LNK,NE,ACE,CE,Combined TRACON& Tower with Radar,0,36,66,16,118,0,2,92,7,101,0,38,158,23,219,92,2,94,313
03/23/2003,LNK,NE,ACE,CE,Combined TRACON& Tower with Radar,0,31,38,3,72,0,6,43,3,52,0,37,81,6,124,44,0,44,168
03/24/2003,LNK,NE,ACE,CE,Combined TRACON& Tower with Radar,0,49,47,21,117,1,0,54,0,55,1,49,101,21,172,32,8,40,212
03/25/2003,LNK,NE,ACE,CE,Combined TRACON& Tower with Radar,0,59,54,67,180,2,5,60,21,88,2,64,114,88,268,72,63,135,403
03/26/2003,LNK,NE,ACE,CE,Combined TRACON& Tower with Radar,0,59,45,56,160,2,4,34,0,40,2,63,79,56,200,14,22,36,236
03/27/2003,LNK,NE,ACE,CE,Combined TRACON& Tower with Radar,0,53,58,75,186,1,1,15,3,20,1,54,73,78,206,0,0,0,206
03/28/2003,LNK,NE,ACE,CE,Combined TRACON& Tower with Radar,0,43,42,68,153,0,5,17,7,29,0,48,59,75,182,4,6,10,192
03/29/2003,LNK,NE,ACE,CE,Combined TRACON& Tower with Radar,0,37,38,5,80,1,1,48,0,50,1,38,86,5,130,66,0,66,196
03/30/2003,LNK,NE,ACE,CE,Combined TRACON& Tower with Radar,0,48,58,2,108,1,2,96,0,99,1,50,154,2,207,42,0,42,249
03/31/2003,LNK,NE,ACE,CE,Combined TRACON& Tower with Radar,0,43,37,31,111,0,1,49,2,52,0,44,86,33,163,30,22,52,215
04/01/2003,LNK,NE,ACE,CE,Combined TRACON& Tower with Radar,0,65,51,71,187,0,7,85,6,98,0,72,136,77,285,40,6,46,331
04/02/2003,LNK,NE,ACE,CE,Combined TRACON& Tower with Radar,0,60,66,73,199,0,3,77,28,108,0,63,143,101,307,44,64,108,415
04/03/2003,LNK,NE,ACE,CE,Combined TRACON& Tower with Radar,0,46,59,94,199,0,3,69,18,90,0,49,128,112,289,40,40,80,369
04/04/2003,LNK,NE,ACE,CE,Combined TRACON& Tower with Radar,0,51,54,69,174,0,1,15,3,19,0,52,69,72,193,22,18,40,233
04/05/2003,LNK,NE,ACE,CE,Combined TRACON& Tower with Radar,0,38,67,16,121,0,5,42,11,58,0,43,109,27,179,36,22,58,237
04/06/2003,LNK,NE,ACE,CE,Combined TRACON& Tower with Radar,1,29,8,0,38,0,1,0,0,1,1,30,8,0,39,2,0,2,41
04/07/2003,LNK,NE,ACE,CE,Combined TRACON& Tower with Radar,2,45,33,15,95,0,3,0,0,3,2,48,33,15,98,48,0,48,146
04/08/2003,LNK,NE,ACE,CE,Combined TRACON& Tower with Radar,2,50,51,43,146,0,4,49,10,63,2,54,100,53,209,68,14,82,291
04/09/2003,LNK,NE,ACE,CE,Combined TRACON& Tower with Radar,4,47,51,69,171,0,2,59,6,67,4,49,110,75,238,76,34,110,348
04/10/2003,LNK,NE,ACE,CE,Combined TRACON& Tower with Radar,1,47,47,42,137,0,0,85,2,87,1,47,132,44,224,36,20,56,280
04/11/2003,LNK,NE,ACE,CE,Combined TRACON& Tower with Radar,0,64,62,84,210,0,6,95,6,107,0,70,157,90,317,110,46,156,473
04/12/2003,LNK,NE,ACE,CE,Combined TRACON& Tower with Radar,1,36,51,9,97,0,1,123,5,129,1,37,174,14,226,92,0,92,318
04/13/2003,LNK,NE,ACE,CE,Combined TRACON& Tower with Radar,2,33,54,33,122,0,1,39,5,45,2,34,93,38,167,68,24,92,259
04/14/2003,LNK,NE,ACE,CE,Combined TRACON& Tower with Radar,2,43,51,79,175,0,1,41,23,65,2,44,92,102,240,2,66,68,308
04/15/2003,LNK,NE,ACE,CE,Combined TRACON& Tower with Radar,1,47,46,46,140,0,0,32,9,41,1,47,78,55,181,12,14,26,207
04/16/2003,LNK,NE,ACE,CE,Combined TRACON& Tower with Radar,2,49,29,28,108,0,5,22,11,38,2,54,51,39,146,22,16,38,184
04/17/2003,LNK,NE,ACE,CE,Combined TRACON& Tower with Radar,3,52,59,49,163,0,3,81,11,95,3,55,140,60,258,78,30,108,366
04/18/2003,LNK,NE,ACE,CE,Combined TRACON& Tower with Radar,1,41,33,12,87,0,6,7,1,14,1,47,40,13,101,0,0,0,101
04/19/2003,LNK,NE,ACE,CE,Combined TRACON& Tower with Radar,1,30,31,1,63,0,3,27,0,30,1,33,58,1,93,14,0,14,107
04/20/2003,LNK,NE,ACE,CE,Combined TRACON& Tower with Radar,1,28,35,1,65,0,0,22,1,23,1,28,57,2,88,18,0,18,106
04/21/2003,LNK,NE,ACE,CE,Combined TRACON& Tower with Radar,2,54,40,10,106,0,2,82,2,86,2,56,122,12,192,72,14,86,278
04/22/2003,LNK,NE,ACE,CE,Combined TRACON& Tower with Radar,4,61,54,45,164,0,7,92,11,110,4,68,146,56,274,86,18,104,378
04/23/2003,LNK,NE,ACE,CE,Combined TRACON& Tower with Radar,1,54,58,33,146,0,2,35,6,43,1,56,93,39,189,44,24,68,257
04/24/2003,LNK,NE,ACE,CE,Combined TRACON& Tower with Radar,1,44,50,25,120,0,0,0,10,10,1,44,50,35,130,10,4,14,144
04/25/2003,LNK,NE,ACE,CE,Combined TRACON& Tower with Radar,5,50,83,34,172,0,8,73,16,97,5,58,156,50,269,72,60,132,401
04/26/2003,LNK,NE,ACE,CE,Combined TRACON& Tower with Radar,3,32,39,3,77,0,5,104,2,111,3,37,143,5,188,98,0,98,286
04/27/2003,LNK,NE,ACE,CE,Combined TRACON& Tower with Radar,1,44,43,2,90,0,7,69,1,77,1,51,112,3,167,34,20,54,221
04/28/2003,LNK,NE,ACE,CE,Combined TRACON& Tower with Radar,2,42,40,36,120,0,2,50,1,53,2,44,90,37,173,58,22,80,253
04/29/2003,LNK,NE,ACE,CE,Combined TRACON& Tower with Radar,5,54,48,35,142,0,1,16,2,19,5,55,64,37,161,6,4,10,171
04/30/2003,LNK,NE,ACE,CE,Combined TRACON& Tower with Radar,0,43,34,29,106,0,0,3,3,6,0,43,37,32,112,26,0,26,138
05/01/2003,LNK,NE,ACE,CE,Combined TRACON& Tower with Radar,1,52,85,78,216,0,3,22,7,32,1,55,107,85,248,32,2,34,282
05/02/2003,LNK,NE,ACE,CE,Combined TRACON& Tower with Radar,3,49,72,31,155,0,9,93,2,104,3,58,165,33,259,48,0,48,307
05/03/2003,LNK,NE,ACE,CE,Combined TRACON& Tower with Radar,0,39,43,27,109,2,5,66,10,83,2,44,109,37,192,30,6,36,228
05/04/2003,LNK,NE,ACE,CE,Combined TRACON& Tower with Radar,1,40,22,6,69,0,0,3,1,4,1,40,25,7,73,0,0,0,73
05/05/2003,LNK,NE,ACE,CE,Combined TRACON& Tower with Radar,0,59,65,34,158,0,0,54,6,60,0,59,119,40,218,60,12,72,290
05/06/2003,LNK,NE,ACE,CE,Combined TRACON& Tower with Radar,0,55,54,16,125,0,0,26,2,28,0,55,80,18,153,52,10,62,215
05/07/2003,LNK,NE,ACE,CE,Combined TRACON& Tower with Radar,6,57,68,67,198,0,6,95,13,114,6,63,163,80,312,102,24,126,438
05/08/2003,LNK,NE,ACE,CE,Combined TRACON& Tower with Radar,0,42,31,28,101,0,0,9,1,10,0,42,40,29,111,2,24,26,137
05/09/2003,LNK,NE,ACE,CE,Combined TRACON& Tower with Radar,0,48,63,30,141,0,2,95,1,98,0,50,158,31,239,66,8,74,313
05/10/2003,LNK,NE,ACE,CE,Combined TRACON& Tower with Radar,0,33,36,3,72,0,10,18,0,28,0,43,54,3,100,40,0,40,140
05/11/2003,LNK,NE,ACE,CE,Combined TRACON& Tower with Radar,0,36,28,5,69,0,0,16,1,17,0,36,44,6,86,0,22,22,108
05/12/2003,LNK,NE,ACE,CE,Combined TRACON& Tower with Radar,2,50,101,77,230,0,0,83,17,100,2,50,184,94,330,64,80,144,474
05/13/2003,LNK,NE,ACE,CE,Combined TRACON& Tower with Radar,0,59,66,37,162,0,1,39,4,44,0,60,105,41,206,42,14,56,262
05/14/2003,LNK,NE,ACE,CE,Combined TRACON& Tower with Radar,4,60,75,78,217,0,4,57,22,83,4,64,132,100,300,28,40,68,368
05/15/2003,LNK,NE,ACE,CE,Combined TRACON& Tower with Radar,0,58,82,81,221,0,15,50,16,81,0,73,132,97,302,80,12,92,394
05/16/2003,LNK,NE,ACE,CE,Combined TRACON& Tower with Radar,2,57,66,36,161,0,10,47,15,72,2,67,113,51,233,0,0,0,233
05/17/2003,LNK,NE,ACE,CE,Combined TRACON& Tower with Radar,0,53,37,0,90,0,11,121,1,133,0,64,158,1,223,108,0,108,331
05/18/2003,LNK,NE,ACE,CE,Combined TRACON& Tower with Radar,1,35,61,3,100,0,6,74,1,81,1,41,135,4,181,52,0,52,233
05/19/2003,LNK,NE,ACE,CE,Combined TRACON& Tower with Radar,0,46,38,5,89,0,2,3,1,6,0,48,41,6,95,0,0,0,95
05/20/2003,LNK,NE,ACE,CE,Combined TRACON& Tower with Radar,0,46,61,78,185,0,4,88,9,101,0,50,149,87,286,96,46,142,428
05/21/2003,LNK,NE,ACE,CE,Combined TRACON& Tower with Radar,0,62,76,66,204,0,3,96,20,119,0,65,172,86,323,74,40,114,437
05/22/2003,LNK,NE,ACE,CE,Combined TRACON& Tower with Radar,0,71,66,45,182,0,4,80,11,95,0,75,146,56,277,38,38,76,353
05/23/2003,LNK,NE,ACE,CE,Combined TRACON& Tower with Radar,0,43,85,1,129,0,8,43,1,52,0,51,128,2,181,28,0,28,209
05/24/2003,LNK,NE,ACE,CE,Combined TRACON& Tower with Radar,0,32,44,0,76,0,8,36,1,45,0,40,80,1,121,32,0,32,153
05/25/2003,LNK,NE,ACE,CE,Combined TRACON& Tower with Radar,0,36,20,3,59,0,1,68,1,70,0,37,88,4,129,58,4,62,191
05/26/2003,LNK,NE,ACE,CE,Combined TRACON& Tower with Radar,0,44,34,1,79,0,0,93,9,102,0,44,127,10,181,76,0,76,257
05/27/2003,LNK,NE,ACE,CE,Combined TRACON& Tower with Radar,0,46,39,18,103,0,0,63,6,69,0,46,102,24,172,92,2,94,266
05/28/2003,LNK,NE,ACE,CE,Combined TRACON& Tower with Radar,1,56,39,91,187,0,0,34,14,48,1,56,73,105,235,24,58,82,317
05/29/2003,LNK,NE,ACE,CE,Combined TRACON& Tower with Radar,0,49,67,37,153,0,1,99,16,116,0,50,166,53,269,98,30,128,397
05/30/2003,LNK,NE,ACE,CE,Combined TRACON& Tower with Radar,0,60,56,66,182,0,5,51,14,70,0,65,107,80,252,6,12,18,270
05/31/2003,LNK,NE,ACE,CE,Combined TRACON& Tower with Radar,0,38,52,37,127,0,10,85,1,96,0,48,137,38,223,82,0,82,305
06/01/2003,LNK,NE,ACE,CE,Combined TRACON& Tower with Radar,0,34,23,7,64,0,10,72,0,82,0,44,95,7,146,36,0,36,182
06/02/2003,LNK,NE,ACE,CE,Combined TRACON& Tower with Radar,0,48,61,27,136,0,0,0,0,0,0,48,61,27,136,0,0,0,136
06/03/2003,LNK,NE,ACE,CE,Combined TRACON& Tower with Radar,0,55,72,98,225,0,0,28,14,42,0,55,100,112,267,34,34,68,335
06/04/2003,LNK,NE,ACE,CE,Combined TRACON& Tower with Radar,0,53,73,31,157,0,1,65,16,82,0,54,138,47,239,76,8,84,323
06/05/2003,LNK,NE,ACE,CE,Combined TRACON& Tower with Radar,0,45,45,26,116,0,1,62,11,74,0,46,107,37,190,62,4,66,256
06/06/2003,LNK,NE,ACE,CE,Combined TRACON& Tower with Radar,0,51,63,23,137,0,6,56,14,76,0,57,119,37,213,40,22,62,275
06/07/2003,LNK,NE,ACE,CE,Combined TRACON& Tower with Radar,0,40,37,22,99,0,3,12,1,16,0,43,49,23,115,24,6,30,145
06/08/2003,LNK,NE,ACE,CE,Combined TRACON& Tower with Radar,0,37,48,12,97,0,3,55,7,65,0,40,103,19,162,0,4,4,166
06/09/2003,LNK,NE,ACE,CE,Combined TRACON& Tower with Radar,0,53,42,21,116,2,4,67,5,78,2,57,109,26,194,114,0,114,308
06/10/2003,LNK,NE,ACE,CE,Combined TRACON& Tower with Radar,0,51,41,31,123,0,12,65,15,92,0,63,106,46,215,50,38,88,303
06/11/2003,LNK,NE,ACE,CE,Combined TRACON& Tower with Radar,0,48,50,79,177,0,6,88,18,112,0,54,138,97,289,134,42,176,465
06/12/2003,LNK,NE,ACE,CE,Combined TRACON& Tower with Radar,0,52,55,61,168,0,4,14,20,38,0,56,69,81,206,24,22,46,252
06/13/2003,LNK,NE,ACE,CE,Combined TRACON& Tower with Radar,0,62,76,76,214,0,0,81,7,88,0,62,157,83,302,92,34,126,428
06/14/2003,LNK,NE,ACE,CE,Combined TRACON& Tower with Radar,0,42,23,5,70,0,4,91,2,97,0,46,114,7,167,118,0,118,285
06/15/2003,LNK,NE,ACE,CE,Combined TRACON& Tower with Radar,0,45,42,3,90,2,2,93,2,99,2,47,135,5,189,50,4,54,243
06/16/2003,LNK,NE,ACE,CE,Combined TRACON& Tower with Radar,0,53,48,51,152,0,2,50,3,55,0,55,98,54,207,66,14,80,287
06/17/2003,LNK,NE,ACE,CE,Combined TRACON& Tower with Radar,0,45,74,39,158,0,8,51,10,69,0,53,125,49,227,56,6,62,289
06/18/2003,LNK,NE,ACE,CE,Combined TRACON& Tower with Radar,0,47,64,31,142,0,7,51,11,69,0,54,115,42,211,54,4,58,269
06/19/2003,LNK,NE,ACE,CE,Combined TRACON& Tower with Radar,0,45,99,61,205,1,0,89,17,107,1,45,188,78,312,102,26,128,440
06/20/2003,LNK,NE,ACE,CE,Combined TRACON& Tower with Radar,0,45,66,56,167,1,2,75,17,95,1,47,141,73,262,48,34,82,344
06/21/2003,LNK,NE,ACE,CE,Combined TRACON& Tower with Radar,0,38,26,17,81,0,0,40,15,55,0,38,66,32,136,42,4,46,182
06/22/2003,LNK,NE,ACE,CE,Combined TRACON& Tower with Radar,0,34,46,3,83,0,0,12,2,14,0,34,58,5,97,46,0,46,143
06/23/2003,LNK,NE,ACE,CE,Combined TRACON& Tower with Radar,0,59,41,48,148,2,0,45,5,52,2,59,86,53,200,69,42,111,311
06/24/2003,LNK,NE,ACE,CE,Combined TRACON& Tower with Radar,0,48,69,82,199,2,0,46,15,63,2,48,115,97,262,30,34,64,326
06/25/2003,LNK,NE,ACE,CE,Combined TRACON& Tower with Radar,0,51,55,73,179,0,0,10,5,15,0,51,65,78,194,18,12,30,224
06/26/2003,LNK,NE,ACE,CE,Combined TRACON& Tower with Radar,0,46,89,82,217,0,4,68,13,85,0,50,157,95,302,48,34,82,384
06/27/2003,LNK,NE,ACE,CE,Combined TRACON& Tower with Radar,0,40,68,29,137,2,0,85,5,92,2,40,153,34,229,72,34,106,335
06/28/2003,LNK,NE,ACE,CE,Combined TRACON& Tower with Radar,0,46,49,6,101,2,0,71,5,78,2,46,120,11,179,62,0,62,241
06/29/2003,LNK,NE,ACE,CE,Combined TRACON& Tower with Radar,0,42,68,8,118,4,4,90,0,98,4,46,158,8,216,70,0,70,286
06/30/2003,LNK,NE,ACE,CE,Combined TRACON& Tower with Radar,0,48,64,54,166,0,4,70,16,90,0,52,134,70,256,80,40,120,376
07/01/2003,LNK,NE,ACE,CE,Combined TRACON& Tower with Radar,0,48,45,65,158,0,8,66,2,76,0,56,111,67,234,108,0,108,342
07/02/2003,LNK,NE,ACE,CE,Combined TRACON& Tower with Radar,0,54,68,30,152,0,4,63,10,77,0,58,131,40,229,28,6,34,263
07/03/2003,LNK,NE,ACE,CE,Combined TRACON& Tower with Radar,2,46,43,56,147,0,9,67,13,89,2,55,110,69,236,90,34,124,360
07/04/2003,LNK,NE,ACE,CE,Combined TRACON& Tower with Radar,0,31,26,0,57,0,9,53,4,66,0,40,79,4,123,14,0,14,137
07/05/2003,LNK,NE,ACE,CE,Combined TRACON& Tower with Radar,0,39,30,12,81,0,3,56,0,59,0,42,86,12,140,50,0,50,190
07/06/2003,LNK,NE,ACE,CE,Combined TRACON& Tower with Radar,0,39,66,4,109,0,9,38,3,50,0,48,104,7,159,6,0,6,165
07/07/2003,LNK,NE,ACE,CE,Combined TRACON& Tower with Radar,0,49,68,26,143,1,18,66,2,87,1,67,134,28,230,90,28,118,348
07/08/2003,LNK,NE,ACE,CE,Combined TRACON& Tower with Radar,2,47,57,45,151,0,3,51,9,63,2,50,108,54,214,42,20,62,276
07/09/2003,LNK,NE,ACE,CE,Combined TRACON& Tower with Radar,0,44,66,25,135,0,8,39,19,66,0,52,105,44,201,44,16,60,261
07/10/2003,LNK,NE,ACE,CE,Combined TRACON& Tower with Radar,0,69,67,73,209,0,18,84,4,106,0,87,151,77,315,68,30,98,413
07/11/2003,LNK,NE,ACE,CE,Combined TRACON& Tower with Radar,0,51,81,56,188,0,0,110,21,131,0,51,191,77,319,64,40,104,423
07/12/2003,LNK,NE,ACE,CE,Combined TRACON& Tower with Radar,2,39,37,35,113,0,5,78,10,93,2,44,115,45,206,66,12,78,284
07/13/2003,LNK,NE,ACE,CE,Combined TRACON& Tower with Radar,2,39,44,36,121,0,3,99,9,111,2,42,143,45,232,42,10,52,284
07/14/2003,LNK,NE,ACE,CE,Combined TRACON& Tower with Radar,0,43,71,34,148,0,10,59,3,72,0,53,130,37,220,52,14,66,286
07/15/2003,LNK,NE,ACE,CE,Combined TRACON& Tower with Radar,0,45,78,74,197,0,7,98,15,120,0,52,176,89,317,78,40,118,435
07/16/2003,LNK,NE,ACE,CE,Combined TRACON& Tower with Radar,0,59,81,30,170,0,1,68,8,77,0,60,149,38,247,106,6,112,359
07/17/2003,LNK,NE,ACE,CE,Combined TRACON& Tower with Radar,1,48,71,41,161,0,2,60,18,80,1,50,131,59,241,34,18,52,293
07/18/2003,LNK,NE,ACE,CE,Combined TRACON& Tower with Radar,0,46,87,62,195,0,4,67,17,88,0,50,154,79,283,83,16,99,382
07/19/2003,LNK,NE,ACE,CE,Combined TRACON& Tower with Radar,1,39,51,2,93,0,0,29,2,31,1,39,80,4,124,36,0,36,160
07/20/2003,LNK,NE,ACE,CE,Combined TRACON& Tower with Radar,0,42,37,2,81,0,0,61,0,61,0,42,98,2,142,10,0,10,152
07/21/2003,LNK,NE,ACE,CE,Combined TRACON& Tower with Radar,5,50,79,21,155,0,3,56,0,59,5,53,135,21,214,58,14,72,286
07/22/2003,LNK,NE,ACE,CE,Combined TRACON& Tower with Radar,0,58,70,35,163,0,4,107,1,112,0,62,177,36,275,118,6,124,399
07/23/2003,LNK,NE,ACE,CE,Combined TRACON& Tower with Radar,0,40,102,77,219,0,5,106,16,127,0,45,208,93,346,60,34,94,440
07/24/2003,LNK,NE,ACE,CE,Combined TRACON& Tower with Radar,2,62,92,111,267,0,5,71,27,103,2,67,163,138,370,40,48,88,458
07/25/2003,LNK,NE,ACE,CE,Combined TRACON& Tower with Radar,0,47,61,71,179,0,2,65,17,84,0,49,126,88,263,6,4,10,273
07/26/2003,LNK,NE,ACE,CE,Combined TRACON& Tower with Radar,0,41,27,11,79,0,2,55,6,63,0,43,82,17,142,64,0,64,206
07/27/2003,LNK,NE,ACE,CE,Combined TRACON& Tower with Radar,0,34,45,15,94,0,7,45,1,53,0,41,90,16,147,28,0,28,175
07/28/2003,LNK,NE,ACE,CE,Combined TRACON& Tower with Radar,0,45,63,64,172,0,5,84,7,96,0,50,147,71,268,54,28,82,350
07/29/2003,LNK,NE,ACE,CE,Combined TRACON& Tower with Radar,0,53,62,78,193,0,13,87,6,106,0,66,149,84,299,96,36,132,431
07/30/2003,LNK,NE,ACE,CE,Combined TRACON& Tower with Radar,0,52,73,72,197,0,0,87,4,91,0,52,160,76,288,148,40,188,476
07/31/2003,LNK,NE,ACE,CE,Combined TRACON& Tower with Radar,0,48,67,27,142,0,4,65,21,90,0,52,132,48,232,68,20,88,320
08/01/2003,LNK,NE,ACE,CE,Combined TRACON& Tower with Radar,0,41,91,36,168,0,1,74,12,87,0,42,165,48,255,56,14,70,325
08/02/2003,LNK,NE,ACE,CE,Combined TRACON& Tower with Radar,0,44,35,0,79,0,3,89,1,93,0,47,124,1,172,72,0,72,244
08/03/2003,LNK,NE,ACE,CE,Combined TRACON& Tower with Radar,0,27,45,4,76,0,2,59,10,71,0,29,104,14,147,64,0,64,211
08/04/2003,LNK,NE,ACE,CE,Combined TRACON& Tower with Radar,0,48,62,7,117,0,3,56,4,63,0,51,118,11,180,24,16,40,220
08/05/2003,LNK,NE,ACE,CE,Combined TRACON& Tower with Radar,0,53,73,79,205,0,2,37,10,49,0,55,110,89,254,12,26,38,292
08/06/2003,LNK,NE,ACE,CE,Combined TRACON& Tower with Radar,0,63,66,53,182,0,4,57,10,71,0,67,123,63,253,16,4,20,273
08/07/2003,LNK,NE,ACE,CE,Combined TRACON& Tower with Radar,0,46,77,78,201,0,1,78,7,86,0,47,155,85,287,36,26,62,349
08/08/2003,LNK,NE,ACE,CE,Combined TRACON& Tower with Radar,0,53,59,30,142,0,4,76,12,92,0,57,135,42,234,64,16,80,314
08/09/2003,LNK,NE,ACE,CE,Combined TRACON& Tower with Radar,0,43,46,27,116,0,0,77,3,80,0,43,123,30,196,18,10,28,224
08/10/2003,LNK,NE,ACE,CE,Combined TRACON& Tower with Radar,0,43,45,10,98,0,3,60,3,66,0,46,105,13,164,26,8,34,198
08/11/2003,LNK,NE,ACE,CE,Combined TRACON& Tower with Radar,5,65,121,51,242,0,3,61,3,67,5,68,182,54,309,62,24,86,395
08/12/2003,LNK,NE,ACE,CE,Combined TRACON& Tower with Radar,0,46,47,69,162,0,6,70,8,84,0,52,117,77,246,46,28,74,320
08/13/2003,LNK,NE,ACE,CE,Combined TRACON& Tower with Radar,0,55,65,43,163,0,5,62,6,73,0,60,127,49,236,90,14,104,340
08/14/2003,LNK,NE,ACE,CE,Combined TRACON& Tower with Radar,0,47,81,66,194,0,17,55,19,91,0,64,136,85,285,124,40,164,449
08/15/2003,LNK,NE,ACE,CE,Combined TRACON& Tower with Radar,0,57,71,41,169,0,5,95,10,110,0,62,166,51,279,132,14,146,425
08/16/2003,LNK,NE,ACE,CE,Combined TRACON& Tower with Radar,0,37,30,12,79,0,2,83,0,85,0,39,113,12,164,32,4,36,200
08/17/2003,LNK,NE,ACE,CE,Combined TRACON& Tower with Radar,0,38,49,14,101,0,2,43,7,52,0,40,92,21,153,80,10,90,243
08/18/2003,LNK,NE,ACE,CE,Combined TRACON& Tower with Radar,0,47,61,50,158,0,2,38,6,46,0,49,99,56,204,18,32,50,254
08/19/2003,LNK,NE,ACE,CE,Combined TRACON& Tower with Radar,0,57,60,32,149,0,2,22,3,27,0,59,82,35,176,64,8,72,248
08/20/2003,LNK,NE,ACE,CE,Combined TRACON& Tower with Radar,0,62,70,63,195,0,6,57,7,70,0,68,127,70,265,76,38,114,379
08/21/2003,LNK,NE,ACE,CE,Combined TRACON& Tower with Radar,0,58,45,75,178,0,4,51,24,79,0,62,96,99,257,58,80,138,395
08/22/2003,LNK,NE,ACE,CE,Combined TRACON& Tower with Radar,0,57,55,54,166,0,6,65,14,85,0,63,120,68,251,50,12,62,313
08/23/2003,LNK,NE,ACE,CE,Combined TRACON& Tower with Radar,0,36,29,40,105,0,5,82,12,99,0,41,111,52,204,40,2,42,246
08/24/2003,LNK,NE,ACE,CE,Combined TRACON& Tower with Radar,2,49,29,30,110,0,2,41,12,55,2,51,70,42,165,48,20,68,233
08/25/2003,LNK,NE,ACE,CE,Combined TRACON& Tower with Radar,0,52,56,44,152,0,0,51,1,52,0,52,107,45,204,62,10,72,276
08/26/2003,LNK,NE,ACE,CE,Combined TRACON& Tower with Radar,0,58,58,73,189,0,3,43,10,56,0,61,101,83,245,16,22,38,283
08/27/2003,LNK,NE,ACE,CE,Combined TRACON& Tower with Radar,0,68,56,120,244,0,10,56,12,78,0,78,112,132,322,70,32,102,424
08/28/2003,LNK,NE,ACE,CE,Combined TRACON& Tower with Radar,0,64,74,54,192,0,4,44,12,60,0,68,118,66,252,58,38,96,348
08/29/2003,LNK,NE,ACE,CE,Combined TRACON& Tower with Radar,2,43,70,23,138,0,7,37,2,46,2,50,107,25,184,18,18,36,220
08/30/2003,LNK,NE,ACE,CE,Combined TRACON& Tower with Radar,2,57,64,6,129,0,7,58,1,66,2,64,122,7,195,20,12,32,227
08/31/2003,LNK,NE,ACE,CE,Combined TRACON& Tower with Radar,0,34,40,7,81,0,6,10,0,16,0,40,50,7,97,4,0,4,101
09/01/2003,LNK,NE,ACE,CE,Combined TRACON& Tower with Radar,1,40,37,7,85,1,2,84,1,88,2,42,121,8,173,28,0,28,201
09/02/2003,LNK,NE,ACE,CE,Combined TRACON& Tower with Radar,0,51,56,12,119,0,5,54,14,73,0,56,110,26,192,34,12,46,238
09/03/2003,LNK,NE,ACE,CE,Combined TRACON& Tower with Radar,0,56,46,60,162,0,0,62,12,74,0,56,108,72,236,30,0,30,266
09/04/2003,LNK,NE,ACE,CE,Combined TRACON& Tower with Radar,2,45,54,25,126,0,3,82,16,101,2,48,136,41,227,100,8,108,335
09/05/2003,LNK,NE,ACE,CE,Combined TRACON& Tower with Radar,3,49,64,18,134,0,2,71,12,85,3,51,135,30,219,36,18,54,273
09/06/2003,LNK,NE,ACE,CE,Combined TRACON& Tower with Radar,3,38,54,1,96,0,0,78,11,89,3,38,132,12,185,12,0,12,197
09/07/2003,LNK,NE,ACE,CE,Combined TRACON& Tower with Radar,2,38,45,6,91,0,3,53,7,63,2,41,98,13,154,10,2,12,166
09/08/2003,LNK,NE,ACE,CE,Combined TRACON& Tower with Radar,2,49,68,10,129,0,3,65,10,78,2,52,133,20,207,44,28,72,279
09/09/2003,LNK,NE,ACE,CE,Combined TRACON& Tower with Radar,0,48,56,26,130,0,0,16,5,21,0,48,72,31,151,19,2,21,172
09/10/2003,LNK,NE,ACE,CE,Combined TRACON& Tower with Radar,1,48,50,28,127,0,2,13,7,22,1,50,63,35,149,20,2,22,171
09/11/2003,LNK,NE,ACE,CE,Combined TRACON& Tower with Radar,1,46,59,41,147,0,0,5,6,11,1,46,64,47,158,0,4,4,162
09/12/2003,LNK,NE,ACE,CE,Combined TRACON& Tower with Radar,5,46,67,44,162,0,0,65,24,89,5,46,132,68,251,146,36,182,433
09/13/2003,LNK,NE,ACE,CE,Combined TRACON& Tower with Radar,0,39,37,34,110,0,10,58,21,89,0,49,95,55,199,32,12,44,243
09/14/2003,LNK,NE,ACE,CE,Combined TRACON& Tower with Radar,3,39,55,11,108,0,6,103,10,119,3,45,158,21,227,30,8,38,265
09/15/2003,LNK,NE,ACE,CE,Combined TRACON& Tower with Radar,4,59,59,51,173,0,2,66,9,77,4,61,125,60,250,34,38,72,322
09/16/2003,LNK,NE,ACE,CE,Combined TRACON& Tower with Radar,3,41,77,116,237,0,2,37,25,64,3,43,114,141,301,32,52,84,385
09/17/2003,LNK,NE,ACE,CE,Combined TRACON& Tower with Radar,7,48,52,68,175,0,8,23,20,51,7,56,75,88,226,10,30,40,266
09/18/2003,LNK,NE,ACE,CE,Combined TRACON& Tower with Radar,3,51,62,43,159,0,8,13,8,29,3,59,75,51,188,10,8,18,206
09/19/2003,LNK,NE,ACE,CE,Combined TRACON& Tower with Radar,1,49,82,44,176,0,1,87,16,104,1,50,169,60,280,76,10,86,366
09/20/2003,LNK,NE,ACE,CE,Combined TRACON& Tower with Radar,1,39,41,10,91,0,6,85,2,93,1,45,126,12,184,91,0,91,275
09/21/2003,LNK,NE,ACE,CE,Combined TRACON& Tower with Radar,3,34,49,8,94,0,2,31,0,33,3,36,80,8,127,56,0,56,183
09/22/2003,LNK,NE,ACE,CE,Combined TRACON& Tower with Radar,4,53,66,69,192,0,0,39,5,44,4,53,105,74,236,20,16,36,272
09/23/2003,LNK,NE,ACE,CE,Combined TRACON& Tower with Radar,1,53,59,159,272,0,9,41,26,76,1,62,100,185,348,6,62,68,416
09/24/2003,LNK,NE,ACE,CE,Combined TRACON& Tower with Radar,4,61,42,55,162,0,1,35,12,48,4,62,77,67,210,14,20,34,244
09/25/2003,LNK,NE,ACE,CE,Combined TRACON& Tower with Radar,2,53,56,49,160,0,6,41,15,62,2,59,97,64,222,24,32,56,278
09/26/2003,LNK,NE,ACE,CE,Combined TRACON& Tower with Radar,1,47,55,21,124,0,8,48,0,56,1,55,103,21,180,16,8,24,204
09/27/2003,LNK,NE,ACE,CE,Combined TRACON& Tower with Radar,2,37,27,1,67,0,2,53,0,55,2,39,80,1,122,18,0,18,140
09/28/2003,LNK,NE,ACE,CE,Combined TRACON& Tower with Radar,6,39,50,1,96,0,3,69,0,72,6,42,119,1,168,58,0,58,226
09/29/2003,LNK,NE,ACE,CE,Combined TRACON& Tower with Radar,1,62,69,12,144,0,5,48,2,55,1,67,117,14,199,88,6,94,293
09/30/2003,LNK,NE,ACE,CE,Combined TRACON& Tower with Radar,1,45,54,10,110,0,5,53,5,63,1,50,107,15,173,46,8,54,227
10/01/2003,LNK,NE,ACE,CE,Combined TRACON& Tower with Radar,2,63,75,54,194,0,0,25,81,106,2,63,100,135,300,70,28,98,398
10/02/2003,LNK,NE,ACE,CE,Combined TRACON& Tower with Radar,0,50,73,52,175,0,0,44,42,86,0,50,117,94,261,78,54,132,393
10/03/2003,LNK,NE,ACE,CE,Combined TRACON& Tower with Radar,2,48,56,39,145,1,0,57,13,71,3,48,113,52,216,48,4,52,268
10/04/2003,LNK,NE,ACE,CE,Combined TRACON& Tower with Radar,2,42,45,32,121,1,9,94,5,109,3,51,139,37,230,24,0,24,254
10/05/2003,LNK,NE,ACE,CE,Combined TRACON& Tower with Radar,1,32,35,16,84,0,17,96,0,113,1,49,131,16,197,74,0,74,271
10/06/2003,LNK,NE,ACE,CE,Combined TRACON& Tower with Radar,1,50,54,38,143,0,4,44,10,58,1,54,98,48,201,64,42,106,307
10/07/2003,LNK,NE,ACE,CE,Combined TRACON& Tower with Radar,0,54,61,43,158,0,0,69,23,92,0,54,130,66,250,68,24,92,342
10/08/2003,LNK,NE,ACE,CE,Combined TRACON& Tower with Radar,0,57,64,45,166,0,0,24,37,61,0,57,88,82,227,14,14,28,255
10/09/2003,LNK,NE,ACE,CE,Combined TRACON& Tower with Radar,0,62,67,47,176,0,0,47,52,99,0,62,114,99,275,32,38,70,345
10/10/2003,LNK,NE,ACE,CE,Combined TRACON& Tower with Radar,3,60,77,54,194,0,0,39,21,60,3,60,116,75,254,18,18,36,290
10/11/2003,LNK,NE,ACE,CE,Combined TRACON& Tower with Radar,1,26,29,1,57,0,14,7,0,21,1,40,36,1,78,0,0,0,78
10/12/2003,LNK,NE,ACE,CE,Combined TRACON& Tower with Radar,1,27,30,1,59,0,20,77,0,97,1,47,107,1,156,36,0,36,192
10/13/2003,LNK,NE,ACE,CE,Combined TRACON& Tower with Radar,1,38,42,7,88,0,14,50,0,64,1,52,92,7,152,48,8,56,208
10/14/2003,LNK,NE,ACE,CE,Combined TRACON& Tower with Radar,0,52,58,41,151,0,0,50,9,59,0,52,108,50,210,42,54,96,306
10/15/2003,LNK,NE,ACE,CE,Combined TRACON& Tower with Radar,1,51,55,39,146,0,16,38,16,70,1,67,93,55,216,44,30,74,290
10/16/2003,LNK,NE,ACE,CE,Combined TRACON& Tower with Radar,1,53,58,37,149,0,0,42,0,42,1,53,100,37,191,52,30,82,273
10/17/2003,LNK,NE,ACE,CE,Combined TRACON& Tower with Radar,2,48,56,25,131,0,0,87,0,87,2,48,143,25,218,36,14,50,268
10/18/2003,LNK,NE,ACE,CE,Combined TRACON& Tower with Radar,1,33,34,6,74,4,8,119,0,131,5,41,153,6,205,18,0,18,223
10/19/2003,LNK,NE,ACE,CE,Combined TRACON& Tower with Radar,0,29,30,6,65,3,17,91,0,111,3,46,121,6,176,56,2,58,234
10/20/2003,LNK,NE,ACE,CE,Combined TRACON& Tower with Radar,1,49,52,38,140,0,8,46,3,57,1,57,98,41,197,14,18,32,229
10/21/2003,LNK,NE,ACE,CE,Combined TRACON& Tower with Radar,1,56,59,43,159,1,4,53,15,73,2,60,112,58,232,36,28,64,296
10/22/2003,LNK,NE,ACE,CE,Combined TRACON& Tower with Radar,1,53,56,41,151,1,5,86,21,113,2,58,142,62,264,66,22,88,352
10/23/2003,LNK,NE,ACE,CE,Combined TRACON& Tower with Radar,1,61,69,50,181,0,0,79,12,91,1,61,148,62,272,56,2,58,330
10/24/2003,LNK,NE,ACE,CE,Combined TRACON& Tower with Radar,0,51,53,39,143,0,10,30,10,50,0,61,83,49,193,56,34,90,283
10/25/2003,LNK,NE,ACE,CE,Combined TRACON& Tower with Radar,0,29,30,19,78,2,10,86,0,98,2,39,116,19,176,16,0,16,192
10/26/2003,LNK,NE,ACE,CE,Combined TRACON& Tower with Radar,1,34,35,26,96,0,16,50,0,66,1,50,85,26,162,18,2,20,182
10/27/2003,LNK,NE,ACE,CE,Combined TRACON& Tower with Radar,1,41,43,2,87,1,14,54,0,69,2,55,97,2,156,16,0,16,172
10/28/2003,LNK,NE,ACE,CE,Combined TRACON& Tower with Radar,1,50,52,30,133,1,20,38,0,59,2,70,90,30,192,16,14,30,222
10/29/2003,LNK,NE,ACE,CE,Combined TRACON& Tower with Radar,2,55,72,52,181,0,0,44,32,76,2,55,116,84,257,30,18,48,305
10/30/2003,LNK,NE,ACE,CE,Combined TRACON& Tower with Radar,1,55,67,49,172,1,0,1,23,25,2,55,68,72,197,14,8,22,219
10/31/2003,LNK,NE,ACE,CE,Combined TRACON& Tower with Radar,1,54,56,41,152,1,1,32,7,41,2,55,88,48,193,38,24,62,255
11/01/2003,LNK,NE,ACE,CE,Combined TRACON& Tower with Radar,1,27,29,10,67,1,22,16,0,39,2,49,45,10,106,46,2,48,154
11/02/2003,LNK,NE,ACE,CE,Combined TRACON& Tower with Radar,0,29,29,1,59,0,9,7,0,16,0,38,36,1,75,0,0,0,75
11/03/2003,LNK,NE,ACE,CE,Combined TRACON& Tower with Radar,1,41,42,24,108,1,1,0,4,6,2,42,42,28,114,0,10,10,124
11/04/2003,LNK,NE,ACE,CE,Combined TRACON& Tower with Radar,0,61,63,28,152,0,4,16,0,20,0,65,79,28,172,8,2,10,182
11/05/2003,LNK,NE,ACE,CE,Combined TRACON& Tower with Radar,0,59,61,34,154,0,13,2,2,17,0,72,63,36,171,4,18,22,193
11/06/2003,LNK,NE,ACE,CE,Combined TRACON& Tower with Radar,1,70,73,40,184,0,4,50,46,100,1,74,123,86,284,60,40,100,384
11/07/2003,LNK,NE,ACE,CE,Combined TRACON& Tower with Radar,0,73,81,45,199,0,0,26,81,107,0,73,107,126,306,31,24,55,361
11/08/2003,LNK,NE,ACE,CE,Combined TRACON& Tower with Radar,0,35,38,3,76,0,8,75,0,83,0,43,113,3,159,56,0,56,215
11/09/2003,LNK,NE,ACE,CE,Combined TRACON& Tower with Radar,0,40,43,2,85,0,2,66,0,68,0,42,109,2,153,18,2,20,173
11/10/2003,LNK,NE,ACE,CE,Combined TRACON& Tower with Radar,0,46,62,34,142,0,0,8,8,16,0,46,70,42,158,0,0,0,158
11/11/2003,LNK,NE,ACE,CE,Combined TRACON& Tower with Radar,0,48,52,26,126,0,8,60,0,68,0,56,112,26,194,78,4,82,276
11/12/2003,LNK,NE,ACE,CE,Combined TRACON& Tower with Radar,0,46,42,23,111,0,10,0,0,10,0,56,42,23,121,0,12,12,133
11/13/2003,LNK,NE,ACE,CE,Combined TRACON& Tower with Radar,0,52,68,37,157,2,0,43,13,58,2,52,111,50,215,10,24,34,249
11/14/2003,LNK,NE,ACE,CE,Combined TRACON& Tower with Radar,0,58,72,39,169,0,0,51,38,89,0,58,123,77,258,22,52,74,332
11/15/2003,LNK,NE,ACE,CE,Combined TRACON& Tower with Radar,0,51,66,18,135,0,0,137,0,137,0,51,203,18,272,12,2,14,286
11/16/2003,LNK,NE,ACE,CE,Combined TRACON& Tower with Radar,0,42,46,14,102,0,11,124,0,135,0,53,170,14,237,112,14,126,363
11/17/2003,LNK,NE,ACE,CE,Combined TRACON& Tower with Radar,0,55,59,19,133,0,0,30,0,30,0,55,89,19,163,6,0,6,169
11/18/2003,LNK,NE,ACE,CE,Combined TRACON& Tower with Radar,0,48,72,40,160,0,0,51,18,69,0,48,123,58,229,2,22,24,253
11/19/2003,LNK,NE,ACE,CE,Combined TRACON& Tower with Radar,0,49,53,29,131,0,7,30,35,72,0,56,83,64,203,102,78,180,383
11/20/2003,LNK,NE,ACE,CE,Combined TRACON& Tower with Radar,0,48,61,35,144,0,0,85,28,113,0,48,146,63,257,100,34,134,391
11/21/2003,LNK,NE,ACE,CE,Combined TRACON& Tower with Radar,0,57,68,39,164,0,0,43,31,74,0,57,111,70,238,34,30,64,302
11/22/2003,LNK,NE,ACE,CE,Combined TRACON& Tower with Radar,0,26,26,6,58,0,13,3,0,16,0,39,29,6,74,65,4,69,143
11/23/2003,LNK,NE,ACE,CE,Combined TRACON& Tower with Radar,0,25,25,1,51,0,18,6,0,24,0,43,31,1,75,0,0,0,75
11/24/2003,LNK,NE,ACE,CE,Combined TRACON& Tower with Radar,0,48,49,28,125,0,6,10,9,25,0,54,59,37,150,0,0,0,150
11/25/2003,LNK,NE,ACE,CE,Combined TRACON& Tower with Radar,0,53,64,36,153,0,0,17,21,38,0,53,81,57,191,56,20,76,267
11/26/2003,LNK,NE,ACE,CE,Combined TRACON& Tower with Radar,0,66,68,39,173,0,1,34,26,61,0,67,102,65,234,60,8,68,302
11/27/2003,LNK,NE,ACE,CE,Combined TRACON& Tower with Radar,0,20,20,1,41,1,20,5,0,26,1,40,25,1,67,6,0,6,73
11/28/2003,LNK,NE,ACE,CE,Combined TRACON& Tower with Radar,0,27,28,1,56,1,14,25,0,40,1,41,53,1,96,6,0,6,102
11/29/2003,LNK,NE,ACE,CE,Combined TRACON& Tower with Radar,0,29,30,1,60,0,22,43,0,65,0,51,73,1,125,12,0,12,137
11/30/2003,LNK,NE,ACE,CE,Combined TRACON& Tower with Radar,0,40,41,1,82,0,16,56,0,72,0,56,97,1,154,18,0,18,172
12/01/2003,LNK,NE,ACE,CE,Combined TRACON& Tower with Radar,0,55,49,17,121,0,4,47,0,51,0,59,96,17,172,40,12,52,224
12/02/2003,LNK,NE,ACE,CE,Combined TRACON& Tower with Radar,0,55,60,34,149,0,0,6,55,61,0,55,66,89,210,4,6,10,220
12/03/2003,LNK,NE,ACE,CE,Combined TRACON& Tower with Radar,0,54,49,18,121,0,7,1,0,8,0,61,50,18,129,0,0,0,129
12/04/2003,LNK,NE,ACE,CE,Combined TRACON& Tower with Radar,0,59,50,34,143,0,0,0,27,27,0,59,50,61,170,0,0,0,170
12/05/2003,LNK,NE,ACE,CE,Combined TRACON& Tower with Radar,0,50,56,32,138,0,0,4,35,39,0,50,60,67,177,2,18,20,197
12/06/2003,LNK,NE,ACE,CE,Combined TRACON& Tower with Radar,0,33,27,4,64,0,7,0,0,7,0,40,27,4,71,0,0,0,71
12/07/2003,LNK,NE,ACE,CE,Combined TRACON& Tower with Radar,0,34,31,14,79,0,24,82,0,106,0,58,113,14,185,32,0,32,217
12/08/2003,LNK,NE,ACE,CE,Combined TRACON& Tower with Radar,0,52,50,28,130,0,0,41,0,41,0,52,91,28,171,14,4,18,189
12/09/2003,LNK,NE,ACE,CE,Combined TRACON& Tower with Radar,0,36,24,22,82,0,0,0,19,19,0,36,24,41,101,0,0,0,101
12/10/2003,LNK,NE,ACE,CE,Combined TRACON& Tower with Radar,0,54,49,28,131,0,13,7,32,52,0,67,56,60,183,2,34,36,219
12/11/2003,LNK,NE,ACE,CE,Combined TRACON& Tower with Radar,0,55,50,28,133,0,2,17,19,38,0,57,67,47,171,42,16,58,229
12/12/2003,LNK,NE,ACE,CE,Combined TRACON& Tower with Radar,0,50,62,36,148,0,0,32,50,82,0,50,94,86,230,8,20,28,258
12/13/2003,LNK,NE,ACE,CE,Combined TRACON& Tower with Radar,0,30,27,10,67,0,8,11,0,19,0,38,38,10,86,14,6,20,106
12/14/2003,LNK,NE,ACE,CE,Combined TRACON& Tower with Radar,0,32,28,14,74,0,20,0,0,20,0,52,28,14,94,4,4,8,102
12/15/2003,LNK,NE,ACE,CE,Combined TRACON& Tower with Radar,0,37,33,0,70,0,10,11,0,21,0,47,44,0,91,0,0,0,91
12/16/2003,LNK,NE,ACE,CE,Combined TRACON& Tower with Radar,0,57,50,29,136,0,5,3,39,47,0,62,53,68,183,4,18,22,205
12/17/2003,LNK,NE,ACE,CE,Combined TRACON& Tower with Radar,0,51,44,26,121,0,12,20,10,42,0,63,64,36,163,10,20,30,193
12/18/2003,LNK,NE,ACE,CE,Combined TRACON& Tower with Radar,0,49,70,40,159,0,0,25,72,97,0,49,95,112,256,0,6,6,262
12/19/2003,LNK,NE,ACE,CE,Combined TRACON& Tower with Radar,0,58,57,34,149,0,0,71,26,97,0,58,128,60,246,92,84,176,422
12/20/2003,LNK,NE,ACE,CE,Combined TRACON& Tower with Radar,0,46,39,8,93,0,6,111,0,117,0,52,150,8,210,42,0,42,252
12/21/2003,LNK,NE,ACE,CE,Combined TRACON& Tower with Radar,0,30,26,2,58,0,15,76,0,91,0,45,102,2,149,64,0,64,213
12/22/2003,LNK,NE,ACE,CE,Combined TRACON& Tower with Radar,0,49,43,9,101,0,12,55,0,67,0,61,98,9,168,32,6,38,206
12/23/2003,LNK,NE,ACE,CE,Combined TRACON& Tower with Radar,0,58,50,18,126,2,8,51,0,61,2,66,101,18,187,34,0,34,221
12/24/2003,LNK,NE,ACE,CE,Combined TRACON& Tower with Radar,0,33,29,10,72,0,10,17,0,27,0,43,46,10,99,55,4,59,158
12/25/2003,LNK,NE,ACE,CE,Combined TRACON& Tower with Radar,0,24,20,0,44,0,20,8,0,28,0,44,28,0,72,0,0,0,72
12/26/2003,LNK,NE,ACE,CE,Combined TRACON& Tower with Radar,0,42,36,1,79,0,5,4,0,9,0,47,40,1,88,0,0,0,88
12/27/2003,LNK,NE,ACE,CE,Combined TRACON& Tower with Radar,0,37,32,0,69,6,19,35,0,60,6,56,67,0,129,22,0,22,151
12/28/2003,LNK,NE,ACE,CE,Combined TRACON& Tower with Radar,0,33,29,2,64,0,6,52,0,58,0,39,81,2,122,10,0,10,132
12/29/2003,LNK,NE,ACE,CE,Combined TRACON& Tower with Radar,0,36,31,7,74,1,7,44,0,52,1,43,75,7,126,8,0,8,134
12/30/2003,LNK,NE,ACE,CE,Combined TRACON& Tower with Radar,0,63,62,37,162,6,0,62,26,94,6,63,124,63,256,20,10,30,286
12/31/2003,LNK,NE,ACE,CE,Combined TRACON& Tower with Radar,0,30,26,3,59,0,16,23,0,39,0,46,49,3,98,76,0,76,174
01/01/2004,LNK,NE,ACE,CE,Combined TRACON& Tower with Radar,1,24,23,0,48,0,17,83,0,100,1,41,106,0,148,102,0,102,250
01/02/2004,LNK,NE,ACE,CE,Combined TRACON& Tower with Radar,0,43,40,14,97,0,10,64,0,74,0,53,104,14,171,44,4,48,219
01/03/2004,LNK,NE,ACE,CE,Combined TRACON& Tower with Radar,1,32,30,1,64,0,23,17,0,40,1,55,47,1,104,48,0,48,152
01/04/2004,LNK,NE,ACE,CE,Combined TRACON& Tower with Radar,0,22,16,3,41,0,14,0,0,14,0,36,16,3,55,0,0,0,55
01/05/2004,LNK,NE,ACE,CE,Combined TRACON& Tower with Radar,0,47,46,24,117,0,7,15,0,22,0,54,61,24,139,0,0,0,139
01/06/2004,LNK,NE,ACE,CE,Combined TRACON& Tower with Radar,0,43,49,27,119,0,0,8,15,23,0,43,57,42,142,10,8,18,160
01/07/2004,LNK,NE,ACE,CE,Combined TRACON& Tower with Radar,0,49,47,26,122,0,10,5,3,18,0,59,52,29,140,2,6,8,148
01/08/2004,LNK,NE,ACE,CE,Combined TRACON& Tower with Radar,0,54,61,34,149,0,0,18,49,67,0,54,79,83,216,6,16,22,238
01/09/2004,LNK,NE,ACE,CE,Combined TRACON& Tower with Radar,0,53,46,32,131,0,0,0,34,34,0,53,46,66,165,6,6,12,177
01/10/2004,LNK,NE,ACE,CE,Combined TRACON& Tower with Radar,0,42,41,22,105,0,2,62,10,74,0,44,103,32,179,52,0,52,231
01/11/2004,LNK,NE,ACE,CE,Combined TRACON& Tower with Radar,0,37,36,19,92,0,6,70,23,99,0,43,106,42,191,44,26,70,261
01/12/2004,LNK,NE,ACE,CE,Combined TRACON& Tower with Radar,0,59,60,33,152,0,0,18,43,61,0,59,78,76,213,44,20,64,277
01/13/2004,LNK,NE,ACE,CE,Combined TRACON& Tower with Radar,0,66,64,35,165,0,0,36,30,66,0,66,100,65,231,106,28,134,365
01/14/2004,LNK,NE,ACE,CE,Combined TRACON& Tower with Radar,0,49,57,33,139,0,0,32,32,64,0,49,89,65,203,28,20,48,251
01/15/2004,LNK,NE,ACE,CE,Combined TRACON& Tower with Radar,0,59,65,37,161,0,0,46,43,89,0,59,111,80,250,50,18,68,318
01/16/2004,LNK,NE,ACE,CE,Combined TRACON& Tower with Radar,0,42,41,5,88,0,4,19,0,23,0,46,60,5,111,10,0,10,121
01/17/2004,LNK,NE,ACE,CE,Combined TRACON& Tower with Radar,0,27,21,4,52,0,8,0,0,8,0,35,21,4,60,0,0,0,60
01/18/2004,LNK,NE,ACE,CE,Combined TRACON& Tower with Radar,0,32,29,4,65,0,8,52,0,60,0,40,81,4,125,52,0,52,177
01/19/2004,LNK,NE,ACE,CE,Combined TRACON& Tower with Radar,0,57,53,3,113,0,6,88,0,94,0,63,141,3,207,70,0,70,277
01/20/2004,LNK,NE,ACE,CE,Combined TRACON& Tower with Radar,0,58,56,33,147,0,0,29,3,32,0,58,85,36,179,52,6,58,237
01/21/2004,LNK,NE,ACE,CE,Combined TRACON& Tower with Radar,0,57,60,35,152,0,0,25,46,71,0,57,85,81,223,38,68,106,329
01/22/2004,LNK,NE,ACE,CE,Combined TRACON& Tower with Radar,0,54,57,33,144,0,0,47,6,53,0,54,104,39,197,20,10,30,227
01/23/2004,LNK,NE,ACE,CE,Combined TRACON& Tower with Radar,0,48,63,36,147,0,0,71,31,102,0,48,134,67,249,42,46,88,337
01/24/2004,LNK,NE,ACE,CE,Combined TRACON& Tower with Radar,0,33,30,2,65,0,18,29,0,47,0,51,59,2,112,76,0,76,188
01/25/2004,LNK,NE,ACE,CE,Combined TRACON& Tower with Radar,0,22,14,3,39,0,14,0,0,14,0,36,14,3,53,0,0,0,53
01/26/2004,LNK,NE,ACE,CE,Combined TRACON& Tower with Radar,0,29,27,0,56,0,7,0,0,7,0,36,27,0,63,0,0,0,63
01/27/2004,LNK,NE,ACE,CE,Combined TRACON& Tower with Radar,0,45,42,9,96,1,9,22,0,32,1,54,64,9,128,8,0,8,136
01/28/2004,LNK,NE,ACE,CE,Combined TRACON& Tower with Radar,0,50,46,15,111,0,11,32,0,43,0,61,78,15,154,4,0,4,158
01/29/2004,LNK,NE,ACE,CE,Combined TRACON& Tower with Radar,0,55,51,30,136,0,2,24,9,35,0,57,75,39,171,0,0,0,171
01/30/2004,LNK,NE,ACE,CE,Combined TRACON& Tower with Radar,0,51,44,28,123,0,0,0,34,34,0,51,44,62,157,30,24,54,211
01/31/2004,LNK,NE,ACE,CE,Combined TRACON& Tower with Radar,0,26,23,0,49,0,23,31,0,54,0,49,54,0,103,70,0,70,173
02/01/2004,LNK,NE,ACE,CE,Combined TRACON& Tower with Radar,0,18,6,3,27,0,19,0,0,19,0,37,6,3,46,0,0,0,46
02/02/2004,LNK,NE,ACE,CE,Combined TRACON& Tower with Radar,0,35,31,4,70,0,10,8,0,18,0,45,39,4,88,8,0,8,96
02/03/2004,LNK,NE,ACE,CE,Combined TRACON& Tower with Radar,1,58,53,33,145,4,2,42,2,50,5,60,95,35,195,34,40,74,269
02/04/2004,LNK,NE,ACE,CE,Combined TRACON& Tower with Radar,0,46,42,19,107,0,16,14,0,30,0,62,56,19,137,8,14,22,159
02/05/2004,LNK,NE,ACE,CE,Combined TRACON& Tower with Radar,0,32,18,1,51,0,13,0,0,13,0,45,18,1,64,0,0,0,64
02/06/2004,LNK,NE,ACE,CE,Combined TRACON& Tower with Radar,1,54,41,31,127,2,1,0,15,18,3,55,41,46,145,0,6,6,151
02/07/2004,LNK,NE,ACE,CE,Combined TRACON& Tower with Radar,1,36,33,18,88,0,15,23,0,38,1,51,56,18,126,44,4,48,174
02/08/2004,LNK,NE,ACE,CE,Combined TRACON& Tower with Radar,0,28,27,16,71,0,14,2,1,17,0,42,29,17,88,0,0,0,88
02/09/2004,LNK,NE,ACE,CE,Combined TRACON& Tower with Radar,0,51,47,29,127,0,3,41,10,54,0,54,88,39,181,10,12,22,203
02/10/2004,LNK,NE,ACE,CE,Combined TRACON& Tower with Radar,0,65,61,38,164,0,0,37,28,65,0,65,98,66,229,36,36,72,301
02/11/2004,LNK,NE,ACE,CE,Combined TRACON& Tower with Radar,0,48,60,37,145,0,0,4,57,61,0,48,64,94,206,4,26,30,236
02/12/2004,LNK,NE,ACE,CE,Combined TRACON& Tower with Radar,0,63,61,37,161,0,0,26,23,49,0,63,87,60,210,60,62,122,332
02/13/2004,LNK,NE,ACE,CE,Combined TRACON& Tower with Radar,0,74,69,43,186,0,2,61,22,85,0,76,130,65,271,36,48,84,355
02/14/2004,LNK,NE,ACE,CE,Combined TRACON& Tower with Radar,0,34,32,0,66,0,31,54,0,85,0,65,86,0,151,110,0,110,261
02/15/2004,LNK,NE,ACE,CE,Combined TRACON& Tower with Radar,0,24,23,0,47,0,17,35,0,52,0,41,58,0,99,26,0,26,125
02/16/2004,LNK,NE,ACE,CE,Combined TRACON& Tower with Radar,0,45,42,2,89,0,9,51,0,60,0,54,93,2,149,40,0,40,189
02/17/2004,LNK,NE,ACE,CE,Combined TRACON& Tower with Radar,0,64,61,38,163,0,0,54,1,55,0,64,115,39,218,82,8,90,308
02/18/2004,LNK,NE,ACE,CE,Combined TRACON& Tower with Radar,0,53,50,12,115,0,21,57,0,78,0,74,107,12,193,102,0,102,295
02/19/2004,LNK,NE,ACE,CE,Combined TRACON& Tower with Radar,0,56,55,35,146,0,0,44,17,61,0,56,99,52,207,94,18,112,319
02/20/2004,LNK,NE,ACE,CE,Combined TRACON& Tower with Radar,0,47,42,24,113,0,17,12,0,29,0,64,54,24,142,0,8,8,150
02/21/2004,LNK,NE,ACE,CE,Combined TRACON& Tower with Radar,0,55,55,4,114,0,0,140,0,140,0,55,195,4,254,94,0,94,348
02/22/2004,LNK,NE,ACE,CE,Combined TRACON& Tower with Radar,0,45,41,15,101,0,7,73,0,80,0,52,114,15,181,84,6,90,271
02/23/2004,LNK,NE,ACE,CE,Combined TRACON& Tower with Radar,0,63,52,39,154,0,0,0,38,38,0,63,52,77,192,0,10,10,202
02/24/2004,LNK,NE,ACE,CE,Combined TRACON& Tower with Radar,0,54,87,56,197,1,0,8,77,86,1,54,95,133,283,0,68,68,351
02/25/2004,LNK,NE,ACE,CE,Combined TRACON& Tower with Radar,0,57,49,24,130,0,16,0,0,16,0,73,49,24,146,82,2,84,230
02/26/2004,LNK,NE,ACE,CE,Combined TRACON& Tower with Radar,0,59,70,45,174,0,0,45,30,75,0,59,115,75,249,18,22,40,289
02/27/2004,LNK,NE,ACE,CE,Combined TRACON& Tower with Radar,0,52,65,42,159,0,0,5,72,77,0,52,70,114,236,16,48,64,300
02/28/2004,LNK,NE,ACE,CE,Combined TRACON& Tower with Radar,0,40,36,13,89,2,7,33,0,42,2,47,69,13,131,4,0,4,135
02/29/2004,LNK,NE,ACE,CE,Combined TRACON& Tower with Radar,0,29,18,6,53,0,12,0,0,12,0,41,18,6,65,18,0,18,83
03/01/2004,LNK,NE,ACE,CE,Combined TRACON& Tower with Radar,0,34,28,1,63,0,24,0,0,24,0,58,28,1,87,0,0,0,87
03/02/2004,LNK,NE,ACE,CE,Combined TRACON& Tower with Radar,0,56,54,50,160,0,0,23,11,34,0,56,77,61,194,64,14,78,272
03/03/2004,LNK,NE,ACE,CE,Combined TRACON& Tower with Radar,0,56,46,38,140,0,7,4,0,11,0,63,50,38,151,0,0,0,151
03/04/2004,LNK,NE,ACE,CE,Combined TRACON& Tower with Radar,0,46,33,29,108,0,1,0,0,1,0,47,33,29,109,0,0,0,109
03/05/2004,LNK,NE,ACE,CE,Combined TRACON& Tower with Radar,1,53,49,44,147,1,0,16,12,29,2,53,65,56,176,26,24,50,226
03/06/2004,LNK,NE,ACE,CE,Combined TRACON& Tower with Radar,0,37,31,17,85,0,15,50,0,65,0,52,81,17,150,16,10,26,176
03/07/2004,LNK,NE,ACE,CE,Combined TRACON& Tower with Radar,0,40,33,30,103,0,9,9,12,30,0,49,42,42,133,4,14,18,151
03/08/2004,LNK,NE,ACE,CE,Combined TRACON& Tower with Radar,0,49,41,22,112,0,13,79,0,92,0,62,120,22,204,54,0,54,258
03/09/2004,LNK,NE,ACE,CE,Combined TRACON& Tower with Radar,0,49,66,61,176,0,0,86,76,162,0,49,152,137,338,86,28,114,452
03/10/2004,LNK,NE,ACE,CE,Combined TRACON& Tower with Radar,1,57,52,47,157,0,0,6,37,43,1,57,58,84,200,0,54,54,254
03/11/2004,LNK,NE,ACE,CE,Combined TRACON& Tower with Radar,0,71,59,54,184,0,7,34,29,70,0,78,93,83,254,40,12,52,306
03/12/2004,LNK,NE,ACE,CE,Combined TRACON& Tower with Radar,0,70,66,61,197,3,0,111,36,150,3,70,177,97,347,80,104,184,531
03/13/2004,LNK,NE,ACE,CE,Combined TRACON& Tower with Radar,0,30,26,17,73,0,25,14,0,39,0,55,40,17,112,0,8,8,120
03/14/2004,LNK,NE,ACE,CE,Combined TRACON& Tower with Radar,0,37,31,6,74,0,9,74,0,83,0,46,105,6,157,36,0,36,193
03/15/2004,LNK,NE,ACE,CE,Combined TRACON& Tower with Radar,0,36,30,1,67,0,15,3,0,18,0,51,33,1,85,0,0,0,85
03/16/2004,LNK,NE,ACE,CE,Combined TRACON& Tower with Radar,0,55,45,33,133,0,0,15,0,15,0,55,60,33,148,14,4,18,166
03/17/2004,LNK,NE,ACE,CE,Combined TRACON& Tower with Radar,0,57,58,55,170,0,0,49,51,100,0,57,107,106,270,118,58,176,446
03/18/2004,LNK,NE,ACE,CE,Combined TRACON& Tower with Radar,0,64,58,55,177,0,0,56,35,91,0,64,114,90,268,56,56,112,380
03/19/2004,LNK,NE,ACE,CE,Combined TRACON& Tower with Radar,0,61,53,50,164,0,0,36,42,78,0,61,89,92,242,28,28,56,298
03/20/2004,LNK,NE,ACE,CE,Combined TRACON& Tower with Radar,0,37,29,15,81,0,11,54,0,65,0,48,83,15,146,14,0,14,160
03/21/2004,LNK,NE,ACE,CE,Combined TRACON& Tower with Radar,0,38,30,8,76,0,11,90,0,101,0,49,120,8,177,22,0,22,199
03/22/2004,LNK,NE,ACE,CE,Combined TRACON& Tower with Radar,0,42,33,24,99,0,16,53,0,69,0,58,86,24,168,32,0,32,200
03/23/2004,LNK,NE,ACE,CE,Combined TRACON& Tower with Radar,0,55,49,46,150,0,0,34,22,56,0,55,83,68,206,58,26,84,290
03/24/2004,LNK,NE,ACE,CE,Combined TRACON& Tower with Radar,0,62,55,52,169,0,0,62,25,87,0,62,117,77,256,44,16,60,316
03/25/2004,LNK,NE,ACE,CE,Combined TRACON& Tower with Radar,0,56,53,50,159,1,0,7,41,49,1,56,60,91,208,24,20,44,252
03/26/2004,LNK,NE,ACE,CE,Combined TRACON& Tower with Radar,0,64,51,43,158,0,3,33,0,36,0,67,84,43,194,14,6,20,214
03/27/2004,LNK,NE,ACE,CE,Combined TRACON& Tower with Radar,0,22,10,7,39,0,17,0,0,17,0,39,10,7,56,0,0,0,56
03/28/2004,LNK,NE,ACE,CE,Combined TRACON& Tower with Radar,0,36,29,14,79,2,12,38,0,52,2,48,67,14,131,0,0,0,131
03/29/2004,LNK,NE,ACE,CE,Combined TRACON& Tower with Radar,0,47,38,11,96,0,16,51,0,67,0,63,89,11,163,18,18,36,199
03/30/2004,LNK,NE,ACE,CE,Combined TRACON& Tower with Radar,0,54,46,41,141,0,0,59,0,59,0,54,105,41,200,40,28,68,268
03/31/2004,LNK,NE,ACE,CE,Combined TRACON& Tower with Radar,0,62,51,46,159,3,1,79,9,92,3,63,130,55,251,92,32,124,375
04/01/2004,LNK,NE,ACE,CE,Combined TRACON& Tower with Radar,0,58,56,63,177,0,23,62,49,134,0,81,118,112,311,26,66,92,403
04/02/2004,LNK,NE,ACE,CE,Combined TRACON& Tower with Radar,0,63,61,68,192,0,8,67,34,109,0,71,128,102,301,50,46,96,397
04/03/2004,LNK,NE,ACE,CE,Combined TRACON& Tower with Radar,0,39,38,43,120,0,10,36,5,51,0,49,74,48,171,14,42,56,227
04/04/2004,LNK,NE,ACE,CE,Combined TRACON& Tower with Radar,0,31,30,8,69,0,17,117,0,134,0,48,147,8,203,26,4,30,233
04/05/2004,LNK,NE,ACE,CE,Combined TRACON& Tower with Radar,0,38,38,39,115,0,15,38,0,53,0,53,76,39,168,14,20,34,202
04/06/2004,LNK,NE,ACE,CE,Combined TRACON& Tower with Radar,0,58,63,68,189,0,0,44,48,92,0,58,107,116,281,54,102,156,437
04/07/2004,LNK,NE,ACE,CE,Combined TRACON& Tower with Radar,0,55,85,93,233,0,0,62,72,134,0,55,147,165,367,30,48,78,445
04/08/2004,LNK,NE,ACE,CE,Combined TRACON& Tower with Radar,0,61,66,71,198,0,0,79,41,120,0,61,145,112,318,66,36,102,420
04/09/2004,LNK,NE,ACE,CE,Combined TRACON& Tower with Radar,0,46,46,49,141,0,1,17,15,33,0,47,63,64,174,14,10,24,198
04/10/2004,LNK,NE,ACE,CE,Combined TRACON& Tower with Radar,0,27,27,3,57,0,24,54,0,78,0,51,81,3,135,24,0,24,159
04/11/2004,LNK,NE,ACE,CE,Combined TRACON& Tower with Radar,0,23,23,1,47,0,22,29,0,51,0,45,52,1,98,38,0,38,136
04/12/2004,LNK,NE,ACE,CE,Combined TRACON& Tower with Radar,0,40,40,5,85,0,26,25,0,51,0,66,65,5,136,2,0,2,138
04/13/2004,LNK,NE,ACE,CE,Combined TRACON& Tower with Radar,0,64,63,68,195,0,3,64,4,71,0,67,127,72,266,24,30,54,320
04/14/2004,LNK,NE,ACE,CE,Combined TRACON& Tower with Radar,0,66,73,79,218,0,0,37,88,125,0,66,110,167,343,8,60,68,411
04/15/2004,LNK,NE,ACE,CE,Combined TRACON& Tower with Radar,0,59,80,87,226,0,0,33,109,142,0,59,113,196,368,14,82,96,464
04/16/2004,LNK,NE,ACE,CE,Combined TRACON& Tower with Radar,0,44,53,57,154,0,0,89,33,122,0,44,142,90,276,36,6,42,318
04/17/2004,LNK,NE,ACE,CE,Combined TRACON& Tower with Radar,0,35,35,15,85,0,13,93,0,106,0,48,128,15,191,32,8,40,231
04/18/2004,LNK,NE,ACE,CE,Combined TRACON& Tower with Radar,0,24,25,5,54,0,21,11,0,32,0,45,36,5,86,0,0,0,86
04/19/2004,LNK,NE,ACE,CE,Combined TRACON& Tower with Radar,0,62,61,67,190,0,0,35,21,56,0,62,96,88,246,14,18,32,278
04/20/2004,LNK,NE,ACE,CE,Combined TRACON& Tower with Radar,0,50,49,54,153,2,14,7,5,28,2,64,56,59,181,28,10,38,219
04/21/2004,LNK,NE,ACE,CE,Combined TRACON& Tower with Radar,0,53,52,47,152,0,6,57,0,63,0,59,109,47,215,74,26,100,315
04/22/2004,LNK,NE,ACE,CE,Combined TRACON& Tower with Radar,0,59,57,64,180,0,0,14,12,26,0,59,71,76,206,0,30,30,236
04/23/2004,LNK,NE,ACE,CE,Combined TRACON& Tower with Radar,0,48,51,57,156,1,0,38,19,58,1,48,89,76,214,44,26,70,284
04/24/2004,LNK,NE,ACE,CE,Combined TRACON& Tower with Radar,0,34,32,16,82,0,15,19,0,34,0,49,51,16,116,0,4,4,120
04/25/2004,LNK,NE,ACE,CE,Combined TRACON& Tower with Radar,0,35,33,18,86,0,10,52,0,62,0,45,85,18,148,18,2,20,168
04/26/2004,LNK,NE,ACE,CE,Combined TRACON& Tower with Radar,0,51,49,39,139,0,7,56,0,63,0,58,105,39,202,22,4,26,228
04/27/2004,LNK,NE,ACE,CE,Combined TRACON& Tower with Radar,0,51,62,69,182,0,0,71,14,85,0,51,133,83,267,32,28,60,327
04/28/2004,LNK,NE,ACE,CE,Combined TRACON& Tower with Radar,0,54,59,66,179,0,0,26,16,42,0,54,85,82,221,4,26,30,251
04/29/2004,LNK,NE,ACE,CE,Combined TRACON& Tower with Radar,0,63,60,67,190,0,4,13,35,52,0,67,73,102,242,4,26,30,272
04/30/2004,LNK,NE,ACE,CE,Combined TRACON& Tower with Radar,0,59,57,52,168,0,0,56,0,56,0,59,113,52,224,10,10,20,244
05/01/2004,LNK,NE,ACE,CE,Combined TRACON& Tower with Radar,0,38,39,26,103,0,13,53,3,69,0,51,92,29,172,28,4,32,204
05/02/2004,LNK,NE,ACE,CE,Combined TRACON& Tower with Radar,0,42,43,25,110,0,11,61,0,72,0,53,104,25,182,28,2,30,212
05/03/2004,LNK,NE,ACE,CE,Combined TRACON& Tower with Radar,0,58,59,40,157,0,10,65,38,113,0,68,124,78,270,4,42,46,316
05/04/2004,LNK,NE,ACE,CE,Combined TRACON& Tower with Radar,2,46,65,43,156,3,0,65,49,117,5,46,130,92,273,58,48,106,379
05/05/2004,LNK,NE,ACE,CE,Combined TRACON& Tower with Radar,0,56,65,43,164,0,0,34,33,67,0,56,99,76,231,42,68,110,341
05/06/2004,LNK,NE,ACE,CE,Combined TRACON& Tower with Radar,0,62,63,42,167,0,1,58,36,95,0,63,121,78,262,46,20,66,328
05/07/2004,LNK,NE,ACE,CE,Combined TRACON& Tower with Radar,1,53,55,37,146,0,4,50,17,71,1,57,105,54,217,48,6,54,271
05/08/2004,LNK,NE,ACE,CE,Combined TRACON& Tower with Radar,1,28,29,6,64,1,24,43,0,68,2,52,72,6,132,34,0,34,166
05/09/2004,LNK,NE,ACE,CE,Combined TRACON& Tower with Radar,0,28,29,0,57,0,10,16,0,26,0,38,45,0,83,0,0,0,83
05/10/2004,LNK,NE,ACE,CE,Combined TRACON& Tower with Radar,0,45,47,2,94,0,16,41,0,57,0,61,88,2,151,36,0,36,187
05/11/2004,LNK,NE,ACE,CE,Combined TRACON& Tower with Radar,1,49,55,37,142,0,0,14,10,24,1,49,69,47,166,0,24,24,190
05/12/2004,LNK,NE,ACE,CE,Combined TRACON& Tower with Radar,2,56,47,41,146,0,0,0,51,51,2,56,47,92,197,10,12,22,219
05/13/2004,LNK,NE,ACE,CE,Combined TRACON& Tower with Radar,0,52,44,37,133,0,0,0,20,20,0,52,44,57,153,0,22,22,175
05/14/2004,LNK,NE,ACE,CE,Combined TRACON& Tower with Radar,3,56,67,46,172,1,0,67,34,102,4,56,134,80,274,54,32,86,360
05/15/2004,LNK,NE,ACE,CE,Combined TRACON& Tower with Radar,2,34,33,18,87,0,22,86,0,108,2,56,119,18,195,50,4,54,249
05/16/2004,LNK,NE,ACE,CE,Combined TRACON& Tower with Radar,1,25,24,14,64,0,14,37,0,51,1,39,61,14,115,6,0,6,121
05/17/2004,LNK,NE,ACE,CE,Combined TRACON& Tower with Radar,2,50,50,19,121,0,15,29,0,44,2,65,79,19,165,54,6,60,225
05/18/2004,LNK,NE,ACE,CE,Combined TRACON& Tower with Radar,2,47,54,26,129,0,0,35,0,35,2,47,89,26,164,50,4,54,218
05/19/2004,LNK,NE,ACE,CE,Combined TRACON& Tower with Radar,0,62,59,44,165,0,0,0,29,29,0,62,59,73,194,22,24,46,240
05/20/2004,LNK,NE,ACE,CE,Combined TRACON& Tower with Radar,1,57,61,41,160,0,0,37,0,37,1,57,98,41,197,2,2,4,201
05/21/2004,LNK,NE,ACE,CE,Combined TRACON& Tower with Radar,2,57,66,46,171,0,0,27,63,90,2,57,93,109,261,46,68,114,375
05/22/2004,LNK,NE,ACE,CE,Combined TRACON& Tower with Radar,0,32,31,13,76,1,12,68,0,81,1,44,99,13,157,78,0,78,235
05/23/2004,LNK,NE,ACE,CE,Combined TRACON& Tower with Radar,0,32,31,4,67,2,17,66,0,85,2,49,97,4,152,0,0,0,152
05/24/2004,LNK,NE,ACE,CE,Combined TRACON& Tower with Radar,1,53,53,30,137,1,6,11,0,18,2,59,64,30,155,2,0,2,157
05/25/2004,LNK,NE,ACE,CE,Combined TRACON& Tower with Radar,1,56,65,45,167,3,0,56,26,85,4,56,121,71,252,34,20,54,306
05/26/2004,LNK,NE,ACE,CE,Combined TRACON& Tower with Radar,2,72,71,50,195,0,0,95,39,134,2,72,166,89,329,78,22,100,429
05/27/2004,LNK,NE,ACE,CE,Combined TRACON& Tower with Radar,2,70,76,53,201,0,0,78,43,121,2,70,154,96,322,24,22,46,368
05/28/2004,LNK,NE,ACE,CE,Combined TRACON& Tower with Radar,1,46,45,31,123,1,6,73,0,80,2,52,118,31,203,16,22,38,241
05/29/2004,LNK,NE,ACE,CE,Combined TRACON& Tower with Radar,0,22,21,3,46,2,13,4,0,19,2,35,25,3,65,0,0,0,65
05/30/2004,LNK,NE,ACE,CE,Combined TRACON& Tower with Radar,0,21,20,1,42,1,11,13,0,25,1,32,33,1,67,0,0,0,67
05/31/2004,LNK,NE,ACE,CE,Combined TRACON& Tower with Radar,0,28,29,19,76,3,30,45,5,83,3,58,74,24,159,4,0,4,163
06/01/2004,LNK,NE,ACE,CE,Combined TRACON& Tower with Radar,2,47,51,42,142,0,17,32,1,50,2,64,83,43,192,0,4,4,196
06/02/2004,LNK,NE,ACE,CE,Combined TRACON& Tower with Radar,2,64,79,65,210,0,0,18,91,109,2,64,97,156,319,32,46,78,397
06/03/2004,LNK,NE,ACE,CE,Combined TRACON& Tower with Radar,2,46,64,51,163,0,0,55,56,111,2,46,119,107,274,58,86,144,418
06/04/2004,LNK,NE,ACE,CE,Combined TRACON& Tower with Radar,1,46,58,46,151,0,0,49,44,93,1,46,107,90,244,12,44,56,300
06/05/2004,LNK,NE,ACE,CE,Combined TRACON& Tower with Radar,2,29,32,25,88,1,7,27,3,38,3,36,59,28,126,24,0,24,150
06/06/2004,LNK,NE,ACE,CE,Combined TRACON& Tower with Radar,2,28,32,16,78,1,3,52,0,56,3,31,84,16,134,32,0,32,166
06/07/2004,LNK,NE,ACE,CE,Combined TRACON& Tower with Radar,2,47,52,41,142,0,6,30,34,70,2,53,82,75,212,10,24,34,246
06/08/2004,LNK,NE,ACE,CE,Combined TRACON& Tower with Radar,3,48,53,42,146,0,28,25,1,54,3,76,78,43,200,16,30,46,246
06/09/2004,LNK,NE,ACE,CE,Combined TRACON& Tower with Radar,3,49,55,44,151,0,9,29,1,39,3,58,84,45,190,42,28,70,260
06/10/2004,LNK,NE,ACE,CE,Combined TRACON& Tower with Radar,3,48,53,30,134,0,1,36,0,37,3,49,89,30,171,8,38,46,217
06/11/2004,LNK,NE,ACE,CE,Combined TRACON& Tower with Radar,3,50,56,39,148,1,5,47,0,53,4,55,103,39,201,38,12,50,251
06/12/2004,LNK,NE,ACE,CE,Combined TRACON& Tower with Radar,1,22,24,6,53,0,11,35,0,46,1,33,59,6,99,50,0,50,149
06/13/2004,LNK,NE,ACE,CE,Combined TRACON& Tower with Radar,2,30,33,9,74,3,15,74,0,92,5,45,107,9,166,44,0,44,210
06/14/2004,LNK,NE,ACE,CE,Combined TRACON& Tower with Radar,3,50,56,44,153,0,29,89,11,129,3,79,145,55,282,58,30,88,370
06/15/2004,LNK,NE,ACE,CE,Combined TRACON& Tower with Radar,4,51,58,47,160,1,0,45,23,69,5,51,103,70,229,70,8,78,307
06/16/2004,LNK,NE,ACE,CE,Combined TRACON& Tower with Radar,4,54,58,47,163,0,0,34,17,51,4,54,92,64,214,32,16,48,262
06/17/2004,LNK,NE,ACE,CE,Combined TRACON& Tower with Radar,4,62,66,55,187,1,0,56,17,74,5,62,122,72,261,64,12,76,337
06/18/2004,LNK,NE,ACE,CE,Combined TRACON& Tower with Radar,2,55,59,35,151,0,0,26,0,26,2,55,85,35,177,0,4,4,181
06/19/2004,LNK,NE,ACE,CE,Combined TRACON& Tower with Radar,2,36,38,22,98,3,5,73,0,81,5,41,111,22,179,42,0,42,221
06/20/2004,LNK,NE,ACE,CE,Combined TRACON& Tower with Radar,1,34,36,24,95,2,8,15,0,25,3,42,51,24,120,30,0,30,150
06/21/2004,LNK,NE,ACE,CE,Combined TRACON& Tower with Radar,2,48,51,40,141,1,20,38,0,59,3,68,89,40,200,30,20,50,250
06/22/2004,LNK,NE,ACE,CE,Combined TRACON& Tower with Radar,2,52,56,46,156,2,19,77,3,101,4,71,133,49,257,18,8,26,283
06/23/2004,LNK,NE,ACE,CE,Combined TRACON& Tower with Radar,0,68,73,61,202,0,0,90,22,112,0,68,163,83,314,56,14,70,384
06/24/2004,LNK,NE,ACE,CE,Combined TRACON& Tower with Radar,3,59,66,43,171,1,0,36,0,37,4,59,102,43,208,4,14,18,226
06/25/2004,LNK,NE,ACE,CE,Combined TRACON& Tower with Radar,3,63,67,53,186,1,0,132,0,133,4,63,199,53,319,62,32,94,413
06/26/2004,LNK,NE,ACE,CE,Combined TRACON& Tower with Radar,1,29,31,6,67,2,12,71,0,85,3,41,102,6,152,16,0,16,168
06/27/2004,LNK,NE,ACE,CE,Combined TRACON& Tower with Radar,2,35,38,15,90,0,4,76,0,80,2,39,114,15,170,20,4,24,194
06/28/2004,LNK,NE,ACE,CE,Combined TRACON& Tower with Radar,3,67,74,61,205,0,0,72,35,107,3,67,146,96,312,20,80,100,412
06/29/2004,LNK,NE,ACE,CE,Combined TRACON& Tower with Radar,1,53,63,52,169,0,0,99,20,119,1,53,162,72,288,92,60,152,440
06/30/2004,LNK,NE,ACE,CE,Combined TRACON& Tower with Radar,2,72,80,66,220,0,0,40,66,106,2,72,120,132,326,24,24,48,374
07/01/2004,LNK,NE,ACE,CE,Combined TRACON& Tower with Radar,3,57,67,57,184,0,0,33,13,46,3,57,100,70,230,28,18,46,276
07/02/2004,LNK,NE,ACE,CE,Combined TRACON& Tower with Radar,4,42,48,25,119,0,6,14,0,20,4,48,62,25,139,8,6,14,153
07/03/2004,LNK,NE,ACE,CE,Combined TRACON& Tower with Radar,2,29,34,5,70,0,15,28,0,43,2,44,62,5,113,0,0,0,113
07/04/2004,LNK,NE,ACE,CE,Combined TRACON& Tower with Radar,2,16,19,5,42,3,10,56,0,69,5,26,75,5,111,6,0,6,117
07/05/2004,LNK,NE,ACE,CE,Combined TRACON& Tower with Radar,3,28,33,0,64,0,37,23,0,60,3,65,56,0,124,12,0,12,136
07/06/2004,LNK,NE,ACE,CE,Combined TRACON& Tower with Radar,3,46,53,25,127,0,13,66,0,79,3,59,119,25,206,58,2,60,266
07/07/2004,LNK,NE,ACE,CE,Combined TRACON& Tower with Radar,3,50,57,48,158,0,9,54,23,86,3,59,111,71,244,52,42,94,338
07/08/2004,LNK,NE,ACE,CE,Combined TRACON& Tower with Radar,3,65,89,76,233,0,0,39,25,64,3,65,128,101,297,24,4,28,325
07/09/2004,LNK,NE,ACE,CE,Combined TRACON& Tower with Radar,5,59,67,58,189,1,4,26,51,82,6,63,93,109,271,60,20,80,351
07/10/2004,LNK,NE,ACE,CE,Combined TRACON& Tower with Radar,3,33,39,33,108,6,3,46,49,104,9,36,85,82,212,44,4,48,260
07/11/2004,LNK,NE,ACE,CE,Combined TRACON& Tower with Radar,4,40,46,39,129,1,6,56,6,69,5,46,102,45,198,44,8,52,250
07/12/2004,LNK,NE,ACE,CE,Combined TRACON& Tower with Radar,1,45,52,34,132,0,12,68,0,80,1,57,120,34,212,26,14,40,252
07/13/2004,LNK,NE,ACE,CE,Combined TRACON& Tower with Radar,4,50,58,49,161,0,4,67,36,107,4,54,125,85,268,34,58,92,360
07/14/2004,LNK,NE,ACE,CE,Combined TRACON& Tower with Radar,4,54,62,54,174,0,10,54,22,86,4,64,116,76,260,38,24,62,322
07/15/2004,LNK,NE,ACE,CE,Combined TRACON& Tower with Radar,3,49,68,59,179,0,0,42,44,86,3,49,110,103,265,32,52,84,349
07/16/2004,LNK,NE,ACE,CE,Combined TRACON& Tower with Radar,2,50,55,49,156,0,3,53,10,66,2,53,108,59,222,24,8,32,254
07/17/2004,LNK,NE,ACE,CE,Combined TRACON& Tower with Radar,2,27,29,11,69,2,15,76,0,93,4,42,105,11,162,48,0,48,210
07/18/2004,LNK,NE,ACE,CE,Combined TRACON& Tower with Radar,3,35,42,37,117,0,0,90,5,95,3,35,132,42,212,24,38,62,274
07/19/2004,LNK,NE,ACE,CE,Combined TRACON& Tower with Radar,3,48,53,47,151,1,11,70,11,93,4,59,123,58,244,68,22,90,334
07/20/2004,LNK,NE,ACE,CE,Combined TRACON& Tower with Radar,4,59,67,59,189,3,0,60,45,108,7,59,127,104,297,38,56,94,391
07/21/2004,LNK,NE,ACE,CE,Combined TRACON& Tower with Radar,2,54,66,59,181,0,0,47,20,67,2,54,113,79,248,20,42,62,310
07/22/2004,LNK,NE,ACE,CE,Combined TRACON& Tower with Radar,4,59,57,58,178,1,4,0,64,69,5,63,57,122,247,52,6,58,305
07/23/2004,LNK,NE,ACE,CE,Combined TRACON& Tower with Radar,3,49,54,48,154,0,9,38,22,69,3,58,92,70,223,26,10,36,259
07/24/2004,LNK,NE,ACE,CE,Combined TRACON& Tower with Radar,2,35,38,4,79,2,6,9,0,17,4,41,47,4,96,14,2,16,112
07/25/2004,LNK,NE,ACE,CE,Combined TRACON& Tower with Radar,2,34,37,9,82,2,12,84,0,98,4,46,121,9,180,60,0,60,240
07/26/2004,LNK,NE,ACE,CE,Combined TRACON& Tower with Radar,4,49,61,54,168,0,0,62,18,80,4,49,123,72,248,40,20,60,308
07/27/2004,LNK,NE,ACE,CE,Combined TRACON& Tower with Radar,3,42,46,29,120,1,2,80,0,83,4,44,126,29,203,14,16,30,233
07/28/2004,LNK,NE,ACE,CE,Combined TRACON& Tower with Radar,3,39,66,58,166,0,0,30,53,83,3,39,96,111,249,10,12,22,271
07/29/2004,LNK,NE,ACE,CE,Combined TRACON& Tower with Radar,3,47,68,60,178,0,0,64,22,86,3,47,132,82,264,36,36,72,336
07/30/2004,LNK,NE,ACE,CE,Combined TRACON& Tower with Radar,4,49,72,61,186,0,0,29,49,78,4,49,101,110,264,36,26,62,326
07/31/2004,LNK,NE,ACE,CE,Combined TRACON& Tower with Radar,2,30,34,23,89,2,11,80,0,93,4,41,114,23,182,46,32,78,260
08/01/2004,LNK,NE,ACE,CE,Combined TRACON& Tower with Radar,4,37,39,27,107,0,6,71,0,77,4,43,110,27,184,22,6,28,212
08/02/2004,LNK,NE,ACE,CE,Combined TRACON& Tower with Radar,2,51,54,40,147,0,9,43,0,52,2,60,97,40,199,32,26,58,257
08/03/2004,LNK,NE,ACE,CE,Combined TRACON& Tower with Radar,3,54,72,54,183,0,0,69,28,97,3,54,141,82,280,30,44,74,354
08/04/2004,LNK,NE,ACE,CE,Combined TRACON& Tower with Radar,4,53,72,54,183,0,0,33,26,59,4,53,105,80,242,8,26,34,276
08/05/2004,LNK,NE,ACE,CE,Combined TRACON& Tower with Radar,6,55,60,45,166,1,3,39,31,74,7,58,99,76,240,44,26,70,310
08/06/2004,LNK,NE,ACE,CE,Combined TRACON& Tower with Radar,4,48,52,39,143,0,8,48,16,72,4,56,100,55,215,62,16,78,293
08/07/2004,LNK,NE,ACE,CE,Combined TRACON& Tower with Radar,4,34,37,27,102,0,18,54,9,81,4,52,91,36,183,20,14,34,217
08/08/2004,LNK,NE,ACE,CE,Combined TRACON& Tower with Radar,3,25,27,12,67,2,8,21,0,31,5,33,48,12,98,24,0,24,122
08/09/2004,LNK,NE,ACE,CE,Combined TRACON& Tower with Radar,4,38,41,21,104,1,9,57,0,67,5,47,98,21,171,8,20,28,199
08/10/2004,LNK,NE,ACE,CE,Combined TRACON& Tower with Radar,2,41,44,31,118,0,16,38,0,54,2,57,82,31,172,22,6,28,200
08/11/2004,LNK,NE,ACE,CE,Combined TRACON& Tower with Radar,6,49,60,45,160,0,0,58,9,67,6,49,118,54,227,72,12,84,311
08/12/2004,LNK,NE,ACE,CE,Combined TRACON& Tower with Radar,5,48,52,39,144,1,12,48,3,64,6,60,100,42,208,59,2,61,269
08/13/2004,LNK,NE,ACE,CE,Combined TRACON& Tower with Radar,6,51,55,41,153,0,3,67,27,97,6,54,122,68,250,52,14,66,316
08/14/2004,LNK,NE,ACE,CE,Combined TRACON& Tower with Radar,2,25,27,9,63,3,15,86,0,104,5,40,113,9,167,14,0,14,181
08/15/2004,LNK,NE,ACE,CE,Combined TRACON& Tower with Radar,3,29,32,9,73,3,9,67,0,79,6,38,99,9,152,10,0,10,162
08/16/2004,LNK,NE,ACE,CE,Combined TRACON& Tower with Radar,5,46,56,42,149,0,0,51,3,54,5,46,107,45,203,18,20,38,241
08/17/2004,LNK,NE,ACE,CE,Combined TRACON& Tower with Radar,3,50,58,43,154,0,0,38,1,39,3,50,96,44,193,38,28,66,259
08/18/2004,LNK,NE,ACE,CE,Combined TRACON& Tower with Radar,6,67,70,53,196,0,0,15,51,66,6,67,85,104,262,36,64,100,362
08/19/2004,LNK,NE,ACE,CE,Combined TRACON& Tower with Radar,5,68,74,56,203,0,0,73,56,129,5,68,147,112,332,68,54,122,454
08/20/2004,LNK,NE,ACE,CE,Combined TRACON& Tower with Radar,6,66,69,53,194,0,2,56,37,95,6,68,125,90,289,40,28,68,357
08/21/2004,LNK,NE,ACE,CE,Combined TRACON& Tower with Radar,3,33,34,18,88,2,9,81,0,92,5,42,115,18,180,12,6,18,198
08/22/2004,LNK,NE,ACE,CE,Combined TRACON& Tower with Radar,3,36,37,29,105,3,2,56,6,67,6,38,93,35,172,32,10,42,214
08/23/2004,LNK,NE,ACE,CE,Combined TRACON& Tower with Radar,4,40,42,11,97,2,11,36,0,49,6,51,78,11,146,34,4,38,184
08/24/2004,LNK,NE,ACE,CE,Combined TRACON& Tower with Radar,3,52,55,30,140,0,0,72,0,72,3,52,127,30,212,44,18,62,274
08/25/2004,LNK,NE,ACE,CE,Combined TRACON& Tower with Radar,5,51,53,39,148,0,1,37,0,38,5,52,90,39,186,38,4,42,228
08/26/2004,LNK,NE,ACE,CE,Combined TRACON& Tower with Radar,6,55,65,50,176,0,0,78,33,111,6,55,143,83,287,46,32,78,365
08/27/2004,LNK,NE,ACE,CE,Combined TRACON& Tower with Radar,3,52,55,42,152,0,2,49,36,87,3,54,104,78,239,68,38,106,345
08/28/2004,LNK,NE,ACE,CE,Combined TRACON& Tower with Radar,3,34,36,10,83,4,15,61,0,80,7,49,97,10,163,86,0,86,249
08/29/2004,LNK,NE,ACE,CE,Combined TRACON& Tower with Radar,3,32,33,7,75,3,5,88,0,96,6,37,121,7,171,30,16,46,217
08/30/2004,LNK,NE,ACE,CE,Combined TRACON& Tower with Radar,4,48,50,39,141,2,9,74,17,102,6,57,124,56,243,10,56,66,309
08/31/2004,LNK,NE,ACE,CE,Combined TRACON& Tower with Radar,3,50,59,46,158,0,0,43,58,101,3,50,102,104,259,16,72,88,347
09/01/2004,LNK,NE,ACE,CE,Combined TRACON& Tower with Radar,4,46,61,44,155,2,0,48,40,90,6,46,109,84,245,16,36,52,297
09/02/2004,LNK,NE,ACE,CE,Combined TRACON& Tower with Radar,4,50,64,46,164,1,0,67,23,91,5,50,131,69,255,46,12,58,313
09/03/2004,LNK,NE,ACE,CE,Combined TRACON& Tower with Radar,4,54,64,45,167,2,7,24,22,55,6,61,88,67,222,30,54,84,306
09/04/2004,LNK,NE,ACE,CE,Combined TRACON& Tower with Radar,3,30,36,3,72,1,10,74,0,85,4,40,110,3,157,40,0,40,197
09/05/2004,LNK,NE,ACE,CE,Combined TRACON& Tower with Radar,2,18,22,0,42,0,18,31,0,49,2,36,53,0,91,6,0,6,97
09/06/2004,LNK,NE,ACE,CE,Combined TRACON& Tower with Radar,3,30,36,11,80,5,3,90,0,98,8,33,126,11,178,48,6,54,232
09/07/2004,LNK,NE,ACE,CE,Combined TRACON& Tower with Radar,4,55,66,45,170,2,5,62,17,86,6,60,128,62,256,20,8,28,284
09/08/2004,LNK,NE,ACE,CE,Combined TRACON& Tower with Radar,0,54,64,44,162,0,21,63,12,96,0,75,127,56,258,40,24,64,322
09/09/2004,LNK,NE,ACE,CE,Combined TRACON& Tower with Radar,4,65,78,54,201,0,15,60,45,120,4,80,138,99,321,26,27,53,374
09/10/2004,LNK,NE,ACE,CE,Combined TRACON& Tower with Radar,3,42,54,37,136,0,0,40,9,49,3,42,94,46,185,0,44,44,229
09/11/2004,LNK,NE,ACE,CE,Combined TRACON& Tower with Radar,3,40,48,33,124,5,2,103,18,128,8,42,151,51,252,14,24,38,290
09/12/2004,LNK,NE,ACE,CE,Combined TRACON& Tower with Radar,2,27,33,13,75,0,14,87,0,101,2,41,120,13,176,8,6,14,190
09/13/2004,LNK,NE,ACE,CE,Combined TRACON& Tower with Radar,2,42,51,20,115,0,4,37,0,41,2,46,88,20,156,20,28,48,204
09/14/2004,LNK,NE,ACE,CE,Combined TRACON& Tower with Radar,2,44,56,38,140,0,0,4,23,27,2,44,60,61,167,0,22,22,189
09/15/2004,LNK,NE,ACE,CE,Combined TRACON& Tower with Radar,1,57,68,47,173,0,8,21,11,40,1,65,89,58,213,12,10,22,235
09/16/2004,LNK,NE,ACE,CE,Combined TRACON& Tower with Radar,3,51,70,48,172,0,0,60,41,101,3,51,130,89,273,38,72,110,383
09/17/2004,LNK,NE,ACE,CE,Combined TRACON& Tower with Radar,5,65,78,54,202,1,9,41,40,91,6,74,119,94,293,42,62,104,397
09/18/2004,LNK,NE,ACE,CE,Combined TRACON& Tower with Radar,1,29,32,23,85,2,13,49,0,64,3,42,81,23,149,8,14,22,171
09/19/2004,LNK,NE,ACE,CE,Combined TRACON& Tower with Radar,1,28,32,13,74,1,4,39,0,44,2,32,71,13,118,0,0,0,118
09/20/2004,LNK,NE,ACE,CE,Combined TRACON& Tower with Radar,0,54,63,45,162,0,2,6,36,44,0,56,69,81,206,0,4,4,210
09/21/2004,LNK,NE,ACE,CE,Combined TRACON& Tower with Radar,2,47,54,14,117,0,4,14,0,18,2,51,68,14,135,0,0,0,135
09/22/2004,LNK,NE,ACE,CE,Combined TRACON& Tower with Radar,2,46,55,34,137,0,0,36,0,36,2,46,91,34,173,20,6,26,199
09/23/2004,LNK,NE,ACE,CE,Combined TRACON& Tower with Radar,2,49,67,48,166,0,0,66,5,71,2,49,133,53,237,2,10,12,249
09/24/2004,LNK,NE,ACE,CE,Combined TRACON& Tower with Radar,3,54,62,40,159,0,2,95,0,97,3,56,157,40,256,50,8,58,314
09/25/2004,LNK,NE,ACE,CE,Combined TRACON& Tower with Radar,1,23,26,1,51,3,13,105,0,121,4,36,131,1,172,68,0,68,240
09/26/2004,LNK,NE,ACE,CE,Combined TRACON& Tower with Radar,1,26,30,0,57,1,19,91,0,111,2,45,121,0,168,40,0,40,208
09/27/2004,LNK,NE,ACE,CE,Combined TRACON& Tower with Radar,2,51,59,42,154,0,8,54,33,95,2,59,113,75,249,38,32,70,319
09/28/2004,LNK,NE,ACE,CE,Combined TRACON& Tower with Radar,1,58,70,50,179,0,0,49,39,88,1,58,119,89,267,38,30,68,335
09/29/2004,LNK,NE,ACE,CE,Combined TRACON& Tower with Radar,2,42,48,34,126,0,7,40,0,47,2,49,88,34,173,8,10,18,191
09/30/2004,LNK,NE,ACE,CE,Combined TRACON& Tower with Radar,2,49,56,37,144,0,18,24,0,42,2,67,80,37,186,26,10,36,222
10/01/2004,LNK,NE,ACE,CE,Combined TRACON& Tower with Radar,2,48,40,11,101,0,4,12,0,16,2,52,52,11,117,0,0,0,117
10/02/2004,LNK,NE,ACE,CE,Combined TRACON& Tower with Radar,3,42,35,15,95,0,6,100,8,114,3,48,135,23,209,78,4,82,291
10/03/2004,LNK,NE,ACE,CE,Combined TRACON& Tower with Radar,3,37,51,22,113,0,9,86,3,98,3,46,137,25,211,46,4,50,261
10/04/2004,LNK,NE,ACE,CE,Combined TRACON& Tower with Radar,2,53,51,38,144,0,5,49,8,62,2,58,100,46,206,42,26,68,274
10/05/2004,LNK,NE,ACE,CE,Combined TRACON& Tower with Radar,2,66,49,68,185,0,1,68,15,84,2,67,117,83,269,58,34,92,361
10/06/2004,LNK,NE,ACE,CE,Combined TRACON& Tower with Radar,2,49,55,60,166,0,2,33,19,54,2,51,88,79,220,11,8,19,239
10/07/2004,LNK,NE,ACE,CE,Combined TRACON& Tower with Radar,2,60,70,27,159,0,0,7,3,10,2,60,77,30,169,4,2,6,175
10/08/2004,LNK,NE,ACE,CE,Combined TRACON& Tower with Radar,3,54,34,68,159,0,0,44,7,51,3,54,78,75,210,30,38,68,278
10/09/2004,LNK,NE,ACE,CE,Combined TRACON& Tower with Radar,4,39,33,4,80,0,7,88,0,95,4,46,121,4,175,62,6,68,243
10/10/2004,LNK,NE,ACE,CE,Combined TRACON& Tower with Radar,3,32,48,6,89,0,8,57,0,65,3,40,105,6,154,62,0,62,216
10/11/2004,LNK,NE,ACE,CE,Combined TRACON& Tower with Radar,2,57,44,3,106,0,7,36,1,44,2,64,80,4,150,14,0,14,164
10/12/2004,LNK,NE,ACE,CE,Combined TRACON& Tower with Radar,2,52,42,47,143,0,0,44,16,60,2,52,86,63,203,12,48,60,263
10/13/2004,LNK,NE,ACE,CE,Combined TRACON& Tower with Radar,2,51,48,51,152,0,7,20,14,41,2,58,68,65,193,4,16,20,213
10/14/2004,LNK,NE,ACE,CE,Combined TRACON& Tower with Radar,4,59,59,104,226,0,5,42,27,74,4,64,101,131,300,22,22,44,344
10/15/2004,LNK,NE,ACE,CE,Combined TRACON& Tower with Radar,1,54,67,118,240,0,10,30,22,62,1,64,97,140,302,18,40,58,360
10/16/2004,LNK,NE,ACE,CE,Combined TRACON& Tower with Radar,7,37,43,10,97,0,7,73,5,85,7,44,116,15,182,22,4,26,208
10/17/2004,LNK,NE,ACE,CE,Combined TRACON& Tower with Radar,1,27,51,3,82,0,4,48,10,62,1,31,99,13,144,14,0,14,158
10/18/2004,LNK,NE,ACE,CE,Combined TRACON& Tower with Radar,2,57,57,38,154,0,1,31,4,36,2,58,88,42,190,28,6,34,224
10/19/2004,LNK,NE,ACE,CE,Combined TRACON& Tower with Radar,2,53,68,48,171,0,0,30,2,32,2,53,98,50,203,40,0,40,243
10/20/2004,LNK,NE,ACE,CE,Combined TRACON& Tower with Radar,2,55,64,108,229,0,0,5,15,20,2,55,69,123,249,0,12,12,261
10/21/2004,LNK,NE,ACE,CE,Combined TRACON& Tower with Radar,2,46,66,80,194,0,0,0,0,0,2,46,66,80,194,0,0,0,194
10/22/2004,LNK,NE,ACE,CE,Combined TRACON& Tower with Radar,1,45,39,66,151,0,5,8,15,28,1,50,47,81,179,16,20,36,215
10/23/2004,LNK,NE,ACE,CE,Combined TRACON& Tower with Radar,2,44,43,0,89,0,4,55,0,59,2,48,98,0,148,16,0,16,164
10/24/2004,LNK,NE,ACE,CE,Combined TRACON& Tower with Radar,2,30,29,3,64,0,3,69,0,72,2,33,98,3,136,18,0,18,154
10/25/2004,LNK,NE,ACE,CE,Combined TRACON& Tower with Radar,2,65,49,95,211,0,3,51,6,60,2,68,100,101,271,50,22,72,343
10/26/2004,LNK,NE,ACE,CE,Combined TRACON& Tower with Radar,2,52,77,25,156,0,4,5,3,12,2,56,82,28,168,2,2,4,172
10/27/2004,LNK,NE,ACE,CE,Combined TRACON& Tower with Radar,2,46,50,34,132,0,0,8,0,8,2,46,58,34,140,24,0,24,164
10/28/2004,LNK,NE,ACE,CE,Combined TRACON& Tower with Radar,2,49,66,47,164,0,1,11,26,38,2,50,77,73,202,22,30,52,254
10/29/2004,LNK,NE,ACE,CE,Combined TRACON& Tower with Radar,2,54,63,11,130,0,7,25,7,39,2,61,88,18,169,4,0,4,173
10/30/2004,LNK,NE,ACE,CE,Combined TRACON& Tower with Radar,4,43,47,10,104,0,1,41,20,62,4,44,88,30,166,10,0,10,176
10/31/2004,LNK,NE,ACE,CE,Combined TRACON& Tower with Radar,0,32,53,30,115,0,6,66,23,95,0,38,119,53,210,34,4,38,248
11/01/2004,LNK,NE,ACE,CE,Combined TRACON& Tower with Radar,2,54,45,33,134,0,0,0,0,0,2,54,45,33,134,0,0,0,134
11/02/2004,LNK,NE,ACE,CE,Combined TRACON& Tower with Radar,2,58,33,89,182,0,3,27,14,44,2,61,60,103,226,42,46,88,314
11/03/2004,LNK,NE,ACE,CE,Combined TRACON& Tower with Radar,1,59,36,61,157,0,7,49,24,80,1,66,85,85,237,47,30,77,314
11/04/2004,LNK,NE,ACE,CE,Combined TRACON& Tower with Radar,2,65,36,87,190,0,6,39,36,81,2,71,75,123,271,2,32,34,305
11/05/2004,LNK,NE,ACE,CE,Combined TRACON& Tower with Radar,2,49,66,61,178,0,6,51,14,71,2,55,117,75,249,4,8,12,261
11/06/2004,LNK,NE,ACE,CE,Combined TRACON& Tower with Radar,2,37,29,2,70,0,1,81,9,91,2,38,110,11,161,82,0,82,243
11/07/2004,LNK,NE,ACE,CE,Combined TRACON& Tower with Radar,1,31,35,9,76,0,8,74,4,86,1,39,109,13,162,34,4,38,200
11/08/2004,LNK,NE,ACE,CE,Combined TRACON& Tower with Radar,2,54,37,11,104,0,0,37,0,37,2,54,74,11,141,0,6,6,147
11/09/2004,LNK,NE,ACE,CE,Combined TRACON& Tower with Radar,2,48,53,96,199,0,3,31,13,47,2,51,84,109,246,26,10,36,282
11/10/2004,LNK,NE,ACE,CE,Combined TRACON& Tower with Radar,2,58,33,87,180,0,0,13,15,28,2,58,46,102,208,22,62,84,292
11/11/2004,LNK,NE,ACE,CE,Combined TRACON& Tower with Radar,2,57,65,4,128,0,3,44,5,52,2,60,109,9,180,25,0,25,205
11/12/2004,LNK,NE,ACE,CE,Combined TRACON& Tower with Radar,4,49,47,34,134,0,0,49,6,55,4,49,96,40,189,72,20,92,281
11/13/2004,LNK,NE,ACE,CE,Combined TRACON& Tower with Radar,2,39,25,2,68,0,5,59,0,64,2,44,84,2,132,18,0,18,150
11/14/2004,LNK,NE,ACE,CE,Combined TRACON& Tower with Radar,2,35,50,3,90,0,1,51,0,52,2,36,101,3,142,12,0,12,154
11/15/2004,LNK,NE,ACE,CE,Combined TRACON& Tower with Radar,2,49,56,56,163,0,9,26,2,37,2,58,82,58,200,30,20,50,250
11/16/2004,LNK,NE,ACE,CE,Combined TRACON& Tower with Radar,2,48,21,94,165,0,0,25,15,40,2,48,46,109,205,32,56,88,293
11/17/2004,LNK,NE,ACE,CE,Combined TRACON& Tower with Radar,2,50,45,88,185,0,2,2,0,4,2,52,47,88,189,0,12,12,201
11/18/2004,LNK,NE,ACE,CE,Combined TRACON& Tower with Radar,2,52,50,53,157,0,0,0,0,0,2,52,50,53,157,0,0,0,157
11/19/2004,LNK,NE,ACE,CE,Combined TRACON& Tower with Radar,2,48,50,78,178,0,4,5,5,14,2,52,55,83,192,6,0,6,198
11/20/2004,LNK,NE,ACE,CE,Combined TRACON& Tower with Radar,2,45,44,10,101,0,3,40,8,51,2,48,84,18,152,46,0,46,198
11/21/2004,LNK,NE,ACE,CE,Combined TRACON& Tower with Radar,0,44,35,10,89,0,2,53,0,55,0,46,88,10,144,42,0,42,186
11/22/2004,LNK,NE,ACE,CE,Combined TRACON& Tower with Radar,4,57,61,103,225,0,2,17,2,21,4,59,78,105,246,8,38,46,292
11/23/2004,LNK,NE,ACE,CE,Combined TRACON& Tower with Radar,0,60,72,104,236,0,6,28,13,47,0,66,100,117,283,4,20,24,307
11/24/2004,LNK,NE,ACE,CE,Combined TRACON& Tower with Radar,2,58,45,60,165,0,0,44,14,58,2,58,89,74,223,16,2,18,241
11/25/2004,LNK,NE,ACE,CE,Combined TRACON& Tower with Radar,4,30,19,0,53,0,5,22,0,27,4,35,41,0,80,0,0,0,80
11/26/2004,LNK,NE,ACE,CE,Combined TRACON& Tower with Radar,3,29,48,1,81,0,6,43,0,49,3,35,91,1,130,14,0,14,144
11/27/2004,LNK,NE,ACE,CE,Combined TRACON& Tower with Radar,2,30,23,0,55,0,0,23,0,23,2,30,46,0,78,28,0,28,106
11/28/2004,LNK,NE,ACE,CE,Combined TRACON& Tower with Radar,2,38,26,0,66,0,0,8,0,8,2,38,34,0,74,0,0,0,74
11/29/2004,LNK,NE,ACE,CE,Combined TRACON& Tower with Radar,2,54,41,53,150,0,4,2,2,8,2,58,43,55,158,48,12,60,218
11/30/2004,LNK,NE,ACE,CE,Combined TRACON& Tower with Radar,1,58,35,61,155,0,2,31,14,47,1,60,66,75,202,40,60,100,302
12/01/2004,LNK,NE,ACE,CE,Combined TRACON& Tower with Radar,2,57,42,33,134,0,1,44,13,58,2,58,86,46,192,22,22,44,236
12/02/2004,LNK,NE,ACE,CE,Combined TRACON& Tower with Radar,2,46,55,60,163,0,0,41,9,50,2,46,96,69,213,30,30,60,273
12/03/2004,LNK,NE,ACE,CE,Combined TRACON& Tower with Radar,2,50,62,34,148,0,3,46,0,49,2,53,108,34,197,8,16,24,221
12/04/2004,LNK,NE,ACE,CE,Combined TRACON& Tower with Radar,0,31,42,11,84,0,5,80,0,85,0,36,122,11,169,52,0,52,221
12/05/2004,LNK,NE,ACE,CE,Combined TRACON& Tower with Radar,2,46,17,6,71,0,1,16,0,17,2,47,33,6,88,16,0,16,104
12/06/2004,LNK,NE,ACE,CE,Combined TRACON& Tower with Radar,2,56,34,3,95,0,0,0,0,0,2,56,34,3,95,0,0,0,95
12/07/2004,LNK,NE,ACE,CE,Combined TRACON& Tower with Radar,2,55,46,42,145,0,2,1,4,7,2,57,47,46,152,0,8,8,160
12/08/2004,LNK,NE,ACE,CE,Combined TRACON& Tower with Radar,1,38,51,68,158,0,7,39,26,72,1,45,90,94,230,2,30,32,262
12/09/2004,LNK,NE,ACE,CE,Combined TRACON& Tower with Radar,0,53,83,82,218,0,4,31,20,55,0,57,114,102,273,22,30,52,325
12/10/2004,LNK,NE,ACE,CE,Combined TRACON& Tower with Radar,2,58,46,24,130,0,2,15,9,26,2,60,61,33,156,0,10,10,166
12/11/2004,LNK,NE,ACE,CE,Combined TRACON& Tower with Radar,0,33,40,10,83,0,7,55,8,70,0,40,95,18,153,18,2,20,173
12/12/2004,LNK,NE,ACE,CE,Combined TRACON& Tower with Radar,0,32,11,10,53,0,0,4,0,4,0,32,15,10,57,0,2,2,59
12/13/2004,LNK,NE,ACE,CE,Combined TRACON& Tower with Radar,2,55,43,43,143,0,1,11,3,15,2,56,54,46,158,0,10,10,168
12/14/2004,LNK,NE,ACE,CE,Combined TRACON& Tower with Radar,2,50,52,67,171,0,4,32,11,47,2,54,84,78,218,12,30,42,260
12/15/2004,LNK,NE,ACE,CE,Combined TRACON& Tower with Radar,1,53,70,90,214,0,3,28,42,73,1,56,98,132,287,10,66,76,363
12/16/2004,LNK,NE,ACE,CE,Combined TRACON& Tower with Radar,4,49,49,52,154,0,3,54,16,73,4,52,103,68,227,18,42,60,287
12/17/2004,LNK,NE,ACE,CE,Combined TRACON& Tower with Radar,4,56,58,39,157,0,5,44,12,61,4,61,102,51,218,16,4,20,238
12/18/2004,LNK,NE,ACE,CE,Combined TRACON& Tower with Radar,4,38,43,10,95,0,7,34,1,42,4,45,77,11,137,4,0,4,141
12/19/2004,LNK,NE,ACE,CE,Combined TRACON& Tower with Radar,5,31,25,1,62,0,1,40,0,41,5,32,65,1,103,20,0,20,123
12/20/2004,LNK,NE,ACE,CE,Combined TRACON& Tower with Radar,4,51,31,2,88,0,0,34,1,35,4,51,65,3,123,24,0,24,147
12/21/2004,LNK,NE,ACE,CE,Combined TRACON& Tower with Radar,3,55,49,23,130,0,0,31,14,45,3,55,80,37,175,24,18,42,217
12/22/2004,LNK,NE,ACE,CE,Combined TRACON& Tower with Radar,3,61,39,87,190,0,2,14,17,33,3,63,53,104,223,10,42,52,275
12/23/2004,LNK,NE,ACE,CE,Combined TRACON& Tower with Radar,3,57,38,22,120,0,7,13,12,32,3,64,51,34,152,8,16,24,176
12/24/2004,LNK,NE,ACE,CE,Combined TRACON& Tower with Radar,7,27,12,0,46,0,2,13,0,15,7,29,25,0,61,0,0,0,61
12/25/2004,LNK,NE,ACE,CE,Combined TRACON& Tower with Radar,4,27,10,0,41,0,0,14,0,14,4,27,24,0,55,14,0,14,69
12/26/2004,LNK,NE,ACE,CE,Combined TRACON& Tower with Radar,4,37,48,0,89,0,0,10,0,10,4,37,58,0,99,16,0,16,115
12/27/2004,LNK,NE,ACE,CE,Combined TRACON& Tower with Radar,4,45,35,9,93,0,8,29,2,39,4,53,64,11,132,72,10,82,214
12/28/2004,LNK,NE,ACE,CE,Combined TRACON& Tower with Radar,2,52,49,43,146,0,6,56,12,74,2,58,105,55,220,110,22,132,352
12/29/2004,LNK,NE,ACE,CE,Combined TRACON& Tower with Radar,4,56,53,30,143,0,6,64,5,75,4,62,117,35,218,58,8,66,284
12/30/2004,LNK,NE,ACE,CE,Combined TRACON& Tower with Radar,2,42,36,33,113,0,11,25,10,46,2,53,61,43,159,14,38,52,211
12/31/2004,LNK,NE,ACE,CE,Combined TRACON& Tower with Radar,4,34,30,0,68,0,1,66,0,67,4,35,96,0,135,70,0,70,205
01/01/2005,LNK,NE,ACE,CE,Combined TRACON& Tower with Radar,3,31,8,1,43,0,0,0,1,1,3,31,8,2,44,8,0,8,52
01/02/2005,LNK,NE,ACE,CE,Combined TRACON& Tower with Radar,5,36,42,1,84,0,6,39,0,45,5,42,81,1,129,20,0,20,149
01/03/2005,LNK,NE,ACE,CE,Combined TRACON& Tower with Radar,3,32,14,0,49,0,0,0,0,0,3,32,14,0,49,0,0,0,49
01/04/2005,LNK,NE,ACE,CE,Combined TRACON& Tower with Radar,3,26,15,0,44,0,0,0,0,0,3,26,15,0,44,0,0,0,44
01/05/2005,LNK,NE,ACE,CE,Combined TRACON& Tower with Radar,3,22,14,0,39,0,0,0,0,0,3,22,14,0,39,0,0,0,39
01/06/2005,LNK,NE,ACE,CE,Combined TRACON& Tower with Radar,3,48,28,7,86,0,2,17,9,28,3,50,45,16,114,0,0,0,114
01/07/2005,LNK,NE,ACE,CE,Combined TRACON& Tower with Radar,1,50,43,19,113,0,6,0,0,6,1,56,43,19,119,0,6,6,125
01/08/2005,LNK,NE,ACE,CE,Combined TRACON& Tower with Radar,0,38,27,9,74,0,1,18,0,19,0,39,45,9,93,60,6,66,159
01/09/2005,LNK,NE,ACE,CE,Combined TRACON& Tower with Radar,2,29,15,3,49,0,0,7,0,7,2,29,22,3,56,12,0,12,68
01/10/2005,LNK,NE,ACE,CE,Combined TRACON& Tower with Radar,2,55,43,24,124,0,0,9,6,15,2,55,52,30,139,26,36,62,201
01/11/2005,LNK,NE,ACE,CE,Combined TRACON& Tower with Radar,4,46,27,0,77,0,0,0,0,0,4,46,27,0,77,0,0,0,77
01/12/2005,LNK,NE,ACE,CE,Combined TRACON& Tower with Radar,3,41,26,10,80,0,0,2,6,8,3,41,28,16,88,0,0,0,88
01/13/2005,LNK,NE,ACE,CE,Combined TRACON& Tower with Radar,2,65,36,108,211,0,13,36,25,74,2,78,72,133,285,20,60,80,365
01/14/2005,LNK,NE,ACE,CE,Combined TRACON& Tower with Radar,2,48,56,0,106,0,0,13,0,13,2,48,69,0,119,0,0,0,119
01/15/2005,LNK,NE,ACE,CE,Combined TRACON& Tower with Radar,0,39,27,1,67,0,1,36,0,37,0,40,63,1,104,0,0,0,104
01/16/2005,LNK,NE,ACE,CE,Combined TRACON& Tower with Radar,2,29,24,0,55,0,3,19,0,22,2,32,43,0,77,34,0,34,111
01/17/2005,LNK,NE,ACE,CE,Combined TRACON& Tower with Radar,2,43,36,1,82,0,3,24,0,27,2,46,60,1,109,28,0,28,137
01/18/2005,LNK,NE,ACE,CE,Combined TRACON& Tower with Radar,0,47,34,72,153,0,7,21,9,37,0,54,55,81,190,10,16,26,216
01/19/2005,LNK,NE,ACE,CE,Combined TRACON& Tower with Radar,1,52,55,40,148,0,13,35,23,71,1,65,90,63,219,84,28,112,331
01/20/2005,LNK,NE,ACE,CE,Combined TRACON& Tower with Radar,2,61,57,102,222,0,5,54,30,89,2,66,111,132,311,62,62,124,435
01/21/2005,LNK,NE,ACE,CE,Combined TRACON& Tower with Radar,2,41,20,32,95,0,0,0,0,0,2,41,20,32,95,0,0,0,95
01/22/2005,LNK,NE,ACE,CE,Combined TRACON& Tower with Radar,0,31,13,8,52,0,4,18,6,28,0,35,31,14,80,2,0,2,82
01/23/2005,LNK,NE,ACE,CE,Combined TRACON& Tower with Radar,2,24,21,4,51,0,2,48,9,59,2,26,69,13,110,24,2,26,136
01/24/2005,LNK,NE,ACE,CE,Combined TRACON& Tower with Radar,2,54,37,15,108,0,1,61,2,64,2,55,98,17,172,40,6,46,218
01/25/2005,LNK,NE,ACE,CE,Combined TRACON& Tower with Radar,3,49,63,77,192,0,6,62,11,79,3,55,125,88,271,62,38,100,371
01/26/2005,LNK,NE,ACE,CE,Combined TRACON& Tower with Radar,2,49,35,65,151,0,4,8,11,23,2,53,43,76,174,34,24,58,232
01/27/2005,LNK,NE,ACE,CE,Combined TRACON& Tower with Radar,3,58,39,80,180,0,2,4,9,15,3,60,43,89,195,28,32,60,255
01/28/2005,LNK,NE,ACE,CE,Combined TRACON& Tower with Radar,0,62,26,57,145,0,2,13,7,22,0,64,39,64,167,78,58,136,303
01/29/2005,LNK,NE,ACE,CE,Combined TRACON& Tower with Radar,2,39,27,1,69,0,1,0,0,1,2,40,27,1,70,0,0,0,70
01/30/2005,LNK,NE,ACE,CE,Combined TRACON& Tower with Radar,2,37,18,3,60,0,0,0,0,0,2,37,18,3,60,0,0,0,60
01/31/2005,LNK,NE,ACE,CE,Combined TRACON& Tower with Radar,2,52,45,65,164,0,2,5,2,9,2,54,50,67,173,0,0,0,173
02/01/2005,LNK,NE,ACE,CE,Combined TRACON& Tower with Radar,2,47,29,66,144,0,0,6,3,9,2,47,35,69,153,30,26,56,209
02/02/2005,LNK,NE,ACE,CE,Combined TRACON& Tower with Radar,2,59,63,76,200,0,0,41,21,62,2,59,104,97,262,48,38,86,348
02/03/2005,LNK,NE,ACE,CE,Combined TRACON& Tower with Radar,2,49,53,57,161,0,1,79,13,93,2,50,132,70,254,26,42,68,322
02/04/2005,LNK,NE,ACE,CE,Combined TRACON& Tower with Radar,2,40,64,101,207,0,2,55,18,75,2,42,119,119,282,84,32,116,398
02/05/2005,LNK,NE,ACE,CE,Combined TRACON& Tower with Radar,0,26,33,28,87,0,3,40,10,53,0,29,73,38,140,48,24,72,212
02/06/2005,LNK,NE,ACE,CE,Combined TRACON& Tower with Radar,2,28,9,4,43,0,0,0,0,0,2,28,9,4,43,0,0,0,43
02/07/2005,LNK,NE,ACE,CE,Combined TRACON& Tower with Radar,0,57,54,0,111,0,2,19,0,21,0,59,73,0,132,0,0,0,132
02/08/2005,LNK,NE,ACE,CE,Combined TRACON& Tower with Radar,0,42,19,7,68,0,5,1,2,8,0,47,20,9,76,0,0,0,76
02/09/2005,LNK,NE,ACE,CE,Combined TRACON& Tower with Radar,2,46,40,34,122,0,0,32,16,48,2,46,72,50,170,32,32,64,234
02/10/2005,LNK,NE,ACE,CE,Combined TRACON& Tower with Radar,2,73,56,95,226,0,22,52,8,82,2,95,108,103,308,32,58,90,398
02/11/2005,LNK,NE,ACE,CE,Combined TRACON& Tower with Radar,0,57,46,58,161,0,2,56,5,63,0,59,102,63,224,18,18,36,260
02/12/2005,LNK,NE,ACE,CE,Combined TRACON& Tower with Radar,2,33,44,2,81,0,2,38,7,47,2,35,82,9,128,14,0,14,142
02/13/2005,LNK,NE,ACE,CE,Combined TRACON& Tower with Radar,2,31,24,5,62,0,0,2,1,3,2,31,26,6,65,0,0,0,65
02/14/2005,LNK,NE,ACE,CE,Combined TRACON& Tower with Radar,2,46,40,65,153,0,8,36,4,48,2,54,76,69,201,18,24,42,243
02/15/2005,LNK,NE,ACE,CE,Combined TRACON& Tower with Radar,2,53,56,27,138,0,5,13,10,28,2,58,69,37,166,32,12,44,210
02/16/2005,LNK,NE,ACE,CE,Combined TRACON& Tower with Radar,1,67,38,108,214,0,9,42,18,69,1,76,80,126,283,0,6,6,289
02/17/2005,LNK,NE,ACE,CE,Combined TRACON& Tower with Radar,1,56,46,79,182,0,3,60,8,71,1,59,106,87,253,72,74,146,399
02/18/2005,LNK,NE,ACE,CE,Combined TRACON& Tower with Radar,0,57,67,20,144,0,9,46,1,56,0,66,113,21,200,40,0,40,240
02/19/2005,LNK,NE,ACE,CE,Combined TRACON& Tower with Radar,0,37,13,1,51,0,0,1,0,1,0,37,14,1,52,0,0,0,52
02/20/2005,LNK,NE,ACE,CE,Combined TRACON& Tower with Radar,0,35,37,1,73,0,0,7,0,7,0,35,44,1,80,0,12,12,92
02/21/2005,LNK,NE,ACE,CE,Combined TRACON& Tower with Radar,0,63,30,2,95,0,11,5,0,16,0,74,35,2,111,6,0,6,117
02/22/2005,LNK,NE,ACE,CE,Combined TRACON& Tower with Radar,3,61,69,50,183,0,10,13,16,39,3,71,82,66,222,18,46,64,286
02/23/2005,LNK,NE,ACE,CE,Combined TRACON& Tower with Radar,11,61,68,110,250,0,9,21,17,47,11,70,89,127,297,34,50,84,381
02/24/2005,LNK,NE,ACE,CE,Combined TRACON& Tower with Radar,0,57,68,54,179,0,1,37,23,61,0,58,105,77,240,30,20,50,290
02/25/2005,LNK,NE,ACE,CE,Combined TRACON& Tower with Radar,0,49,61,60,170,0,15,61,18,94,0,64,122,78,264,32,32,64,328
02/26/2005,LNK,NE,ACE,CE,Combined TRACON& Tower with Radar,0,46,37,10,93,0,3,89,8,100,0,49,126,18,193,22,6,28,221
02/27/2005,LNK,NE,ACE,CE,Combined TRACON& Tower with Radar,0,39,46,10,95,2,3,25,6,36,2,42,71,16,131,16,0,16,147
02/28/2005,LNK,NE,ACE,CE,Combined TRACON& Tower with Radar,1,52,57,32,142,0,4,16,0,20,1,56,73,32,162,0,0,0,162
03/01/2005,LNK,NE,ACE,CE,Combined TRACON& Tower with Radar,0,51,73,63,187,0,3,51,12,66,0,54,124,75,253,10,14,24,277
03/02/2005,LNK,NE,ACE,CE,Combined TRACON& Tower with Radar,0,50,77,74,201,0,3,54,16,73,0,53,131,90,274,80,32,112,386
03/03/2005,LNK,NE,ACE,CE,Combined TRACON& Tower with Radar,4,57,65,63,189,0,5,76,12,93,4,62,141,75,282,38,0,38,320
03/04/2005,LNK,NE,ACE,CE,Combined TRACON& Tower with Radar,0,51,54,34,139,0,5,47,14,66,0,56,101,48,205,8,16,24,229
03/05/2005,LNK,NE,ACE,CE,Combined TRACON& Tower with Radar,0,33,68,45,146,0,4,109,15,128,0,37,177,60,274,48,8,56,330
03/06/2005,LNK,NE,ACE,CE,Combined TRACON& Tower with Radar,2,34,29,13,78,0,1,40,8,49,2,35,69,21,127,14,0,14,141
03/07/2005,LNK,NE,ACE,CE,Combined TRACON& Tower with Radar,0,47,52,14,113,0,2,9,0,11,0,49,61,14,124,0,14,14,138
03/08/2005,LNK,NE,ACE,CE,Combined TRACON& Tower with Radar,0,53,49,38,140,0,3,33,10,46,0,56,82,48,186,6,12,18,204
03/09/2005,LNK,NE,ACE,CE,Combined TRACON& Tower with Radar,0,59,52,32,143,1,6,28,21,56,1,65,80,53,199,36,48,84,283
03/10/2005,LNK,NE,ACE,CE,Combined TRACON& Tower with Radar,0,54,33,51,138,0,5,12,3,20,0,59,45,54,158,0,6,6,164
03/11/2005,LNK,NE,ACE,CE,Combined TRACON& Tower with Radar,0,56,67,70,193,0,3,34,11,48,0,59,101,81,241,8,30,38,279
03/12/2005,LNK,NE,ACE,CE,Combined TRACON& Tower with Radar,0,40,44,21,105,0,3,33,17,53,0,43,77,38,158,24,2,26,184
03/13/2005,LNK,NE,ACE,CE,Combined TRACON& Tower with Radar,0,38,34,24,96,0,1,33,5,39,0,39,67,29,135,6,0,6,141
03/14/2005,LNK,NE,ACE,CE,Combined TRACON& Tower with Radar,0,55,32,33,120,0,5,39,7,51,0,60,71,40,171,40,34,74,245
03/15/2005,LNK,NE,ACE,CE,Combined TRACON& Tower with Radar,3,51,41,60,155,0,1,34,10,45,3,52,75,70,200,12,12,24,224
03/16/2005,LNK,NE,ACE,CE,Combined TRACON& Tower with Radar,0,57,56,60,173,0,4,49,36,89,0,61,105,96,262,14,40,54,316
03/17/2005,LNK,NE,ACE,CE,Combined TRACON& Tower with Radar,1,56,55,43,155,0,4,30,25,59,1,60,85,68,214,10,24,34,248
03/18/2005,LNK,NE,ACE,CE,Combined TRACON& Tower with Radar,0,40,45,38,123,2,2,12,13,29,2,42,57,51,152,6,0,6,158
03/19/2005,LNK,NE,ACE,CE,Combined TRACON& Tower with Radar,0,41,39,13,93,0,3,44,11,58,0,44,83,24,151,42,0,42,193
03/20/2005,LNK,NE,ACE,CE,Combined TRACON& Tower with Radar,2,35,45,2,84,0,2,37,11,50,2,37,82,13,134,4,2,6,140
03/21/2005,LNK,NE,ACE,CE,Combined TRACON& Tower with Radar,4,39,36,4,83,0,0,4,0,4,4,39,40,4,87,0,0,0,87
03/22/2005,LNK,NE,ACE,CE,Combined TRACON& Tower with Radar,1,50,39,18,108,0,0,1,0,1,1,50,40,18,109,0,18,18,127
03/23/2005,LNK,NE,ACE,CE,Combined TRACON& Tower with Radar,0,54,57,66,177,0,12,53,21,86,0,66,110,87,263,20,20,40,303
03/24/2005,LNK,NE,ACE,CE,Combined TRACON& Tower with Radar,0,55,28,17,100,0,0,5,0,5,0,55,33,17,105,2,4,6,111
03/25/2005,LNK,NE,ACE,CE,Combined TRACON& Tower with Radar,0,49,58,11,118,0,0,0,0,0,0,49,58,11,118,0,0,0,118
03/26/2005,LNK,NE,ACE,CE,Combined TRACON& Tower with Radar,0,37,40,20,97,0,5,30,0,35,0,42,70,20,132,62,20,82,214
03/27/2005,LNK,NE,ACE,CE,Combined TRACON& Tower with Radar,0,24,33,0,57,0,1,42,0,43,0,25,75,0,100,28,0,28,128
03/28/2005,LNK,NE,ACE,CE,Combined TRACON& Tower with Radar,0,47,62,76,185,0,2,59,7,68,0,49,121,83,253,28,36,64,317
03/29/2005,LNK,NE,ACE,CE,Combined TRACON& Tower with Radar,0,53,63,88,204,0,22,44,14,80,0,75,107,102,284,30,14,44,328
03/30/2005,LNK,NE,ACE,CE,Combined TRACON& Tower with Radar,0,61,38,20,119,0,5,6,16,27,0,66,44,36,146,4,38,42,188
03/31/2005,LNK,NE,ACE,CE,Combined TRACON& Tower with Radar,0,55,62,62,179,0,5,70,36,111,0,60,132,98,290,60,58,118,408
04/01/2005,LNK,NE,ACE,CE,Combined TRACON& Tower with Radar,0,41,60,55,156,0,0,67,13,80,0,41,127,68,236,30,18,48,284
04/02/2005,LNK,NE,ACE,CE,Combined TRACON& Tower with Radar,0,33,38,16,87,2,5,80,4,91,2,38,118,20,178,84,4,88,266
04/03/2005,LNK,NE,ACE,CE,Combined TRACON& Tower with Radar,0,37,57,5,99,0,3,81,1,85,0,40,138,6,184,50,0,50,234
04/04/2005,LNK,NE,ACE,CE,Combined TRACON& Tower with Radar,0,49,56,26,131,0,5,56,5,66,0,54,112,31,197,46,8,54,251
04/05/2005,LNK,NE,ACE,CE,Combined TRACON& Tower with Radar,0,47,47,71,165,0,5,16,15,36,0,52,63,86,201,0,32,32,233
04/06/2005,LNK,NE,ACE,CE,Combined TRACON& Tower with Radar,0,48,38,70,156,0,6,9,17,32,0,54,47,87,188,0,40,40,228
04/07/2005,LNK,NE,ACE,CE,Combined TRACON& Tower with Radar,0,45,79,140,264,0,1,69,29,99,0,46,148,169,363,50,36,86,449
04/08/2005,LNK,NE,ACE,CE,Combined TRACON& Tower with Radar,0,58,55,64,177,0,5,65,12,82,0,63,120,76,259,24,20,44,303
04/09/2005,LNK,NE,ACE,CE,Combined TRACON& Tower with Radar,0,39,23,11,73,0,3,38,11,52,0,42,61,22,125,4,6,10,135
04/10/2005,LNK,NE,ACE,CE,Combined TRACON& Tower with Radar,0,35,25,2,62,0,5,5,0,10,0,40,30,2,72,4,0,4,76
04/11/2005,LNK,NE,ACE,CE,Combined TRACON& Tower with Radar,0,43,39,1,83,0,0,1,0,1,0,43,40,1,84,0,0,0,84
04/12/2005,LNK,NE,ACE,CE,Combined TRACON& Tower with Radar,0,42,61,16,119,0,2,4,5,11,0,44,65,21,130,4,6,10,140
04/13/2005,LNK,NE,ACE,CE,Combined TRACON& Tower with Radar,0,56,58,44,158,0,4,38,9,51,0,60,96,53,209,50,12,62,271
04/14/2005,LNK,NE,ACE,CE,Combined TRACON& Tower with Radar,0,53,97,66,216,0,2,85,31,118,0,55,182,97,334,68,16,84,418
04/15/2005,LNK,NE,ACE,CE,Combined TRACON& Tower with Radar,0,57,66,36,159,0,3,70,10,83,0,60,136,46,242,44,10,54,296
04/16/2005,LNK,NE,ACE,CE,Combined TRACON& Tower with Radar,0,45,52,1,98,0,6,58,10,74,0,51,110,11,172,36,0,36,208
04/17/2005,LNK,NE,ACE,CE,Combined TRACON& Tower with Radar,0,39,56,1,96,0,6,63,6,75,0,45,119,7,171,60,0,60,231
04/18/2005,LNK,NE,ACE,CE,Combined TRACON& Tower with Radar,0,49,52,14,115,0,6,20,2,28,0,55,72,16,143,0,0,0,143
04/19/2005,LNK,NE,ACE,CE,Combined TRACON& Tower with Radar,0,60,76,83,219,0,2,11,27,40,0,62,87,110,259,2,44,46,305
04/20/2005,LNK,NE,ACE,CE,Combined TRACON& Tower with Radar,0,48,101,56,205,0,6,12,15,33,0,54,113,71,238,14,0,14,252
04/21/2005,LNK,NE,ACE,CE,Combined TRACON& Tower with Radar,0,54,55,44,153,0,4,9,12,25,0,58,64,56,178,4,10,14,192
04/22/2005,LNK,NE,ACE,CE,Combined TRACON& Tower with Radar,0,53,50,29,132,0,7,11,8,26,0,60,61,37,158,2,22,24,182
04/23/2005,LNK,NE,ACE,CE,Combined TRACON& Tower with Radar,0,39,36,18,93,0,6,37,16,59,0,45,73,34,152,18,14,32,184
04/24/2005,LNK,NE,ACE,CE,Combined TRACON& Tower with Radar,0,53,36,17,106,0,14,50,26,90,0,67,86,43,196,36,4,40,236
04/25/2005,LNK,NE,ACE,CE,Combined TRACON& Tower with Radar,0,59,46,27,132,0,2,16,3,21,0,61,62,30,153,6,4,10,163
04/26/2005,LNK,NE,ACE,CE,Combined TRACON& Tower with Radar,0,55,56,50,161,0,5,18,15,38,0,60,74,65,199,0,14,14,213
04/27/2005,LNK,NE,ACE,CE,Combined TRACON& Tower with Radar,0,52,87,21,160,0,5,31,13,49,0,57,118,34,209,18,14,32,241
04/28/2005,LNK,NE,ACE,CE,Combined TRACON& Tower with Radar,0,51,63,34,148,0,3,13,14,30,0,54,76,48,178,82,4,86,264
04/29/2005,LNK,NE,ACE,CE,Combined TRACON& Tower with Radar,0,74,79,106,259,0,4,29,20,53,0,78,108,126,312,10,38,48,360
04/30/2005,LNK,NE,ACE,CE,Combined TRACON& Tower with Radar,0,58,48,5,111,0,12,29,2,43,0,70,77,7,154,22,8,30,184
05/01/2005,LNK,NE,ACE,CE,Combined TRACON& Tower with Radar,0,41,41,5,87,0,3,34,1,38,0,44,75,6,125,8,0,8,133
05/02/2005,LNK,NE,ACE,CE,Combined TRACON& Tower with Radar,0,58,61,55,174,0,3,39,5,47,0,61,100,60,221,26,14,40,261
05/03/2005,LNK,NE,ACE,CE,Combined TRACON& Tower with Radar,1,49,71,22,143,0,6,70,6,82,1,55,141,28,225,74,8,82,307
05/04/2005,LNK,NE,ACE,CE,Combined TRACON& Tower with Radar,0,64,63,69,196,1,0,69,7,77,1,64,132,76,273,34,16,50,323
05/05/2005,LNK,NE,ACE,CE,Combined TRACON& Tower with Radar,1,53,83,58,195,0,6,49,22,77,1,59,132,80,272,60,22,82,354
05/06/2005,LNK,NE,ACE,CE,Combined TRACON& Tower with Radar,0,55,77,18,150,0,2,30,7,39,0,57,107,25,189,10,6,16,205
05/07/2005,LNK,NE,ACE,CE,Combined TRACON& Tower with Radar,0,38,24,3,65,0,3,24,4,31,0,41,48,7,96,4,0,4,100
05/08/2005,LNK,NE,ACE,CE,Combined TRACON& Tower with Radar,0,35,25,1,61,0,2,23,0,25,0,37,48,1,86,0,0,0,86
05/09/2005,LNK,NE,ACE,CE,Combined TRACON& Tower with Radar,0,52,55,7,114,0,7,52,1,60,0,59,107,8,174,14,2,16,190
05/10/2005,LNK,NE,ACE,CE,Combined TRACON& Tower with Radar,0,50,53,5,108,0,3,44,4,51,0,53,97,9,159,20,0,20,179
05/11/2005,LNK,NE,ACE,CE,Combined TRACON& Tower with Radar,0,49,30,11,90,0,3,1,1,5,0,52,31,12,95,0,0,0,95
05/12/2005,LNK,NE,ACE,CE,Combined TRACON& Tower with Radar,0,67,40,9,116,0,0,13,0,13,0,67,53,9,129,8,0,8,137
05/13/2005,LNK,NE,ACE,CE,Combined TRACON& Tower with Radar,0,51,47,32,130,0,3,46,2,51,0,54,93,34,181,14,0,14,195
05/14/2005,LNK,NE,ACE,CE,Combined TRACON& Tower with Radar,0,41,23,1,65,0,5,53,8,66,0,46,76,9,131,26,0,26,157
05/15/2005,LNK,NE,ACE,CE,Combined TRACON& Tower with Radar,0,40,26,0,66,0,1,74,2,77,0,41,100,2,143,38,0,38,181
05/16/2005,LNK,NE,ACE,CE,Combined TRACON& Tower with Radar,0,55,61,39,155,0,4,40,10,54,0,59,101,49,209,10,20,30,239
05/17/2005,LNK,NE,ACE,CE,Combined TRACON& Tower with Radar,2,55,48,19,124,0,3,17,4,24,2,58,65,23,148,0,0,0,148
05/18/2005,LNK,NE,ACE,CE,Combined TRACON& Tower with Radar,0,53,66,47,166,0,1,63,14,78,0,54,129,61,244,38,28,66,310
05/19/2005,LNK,NE,ACE,CE,Combined TRACON& Tower with Radar,0,44,70,34,148,0,4,57,11,72,0,48,127,45,220,16,2,18,238
05/20/2005,LNK,NE,ACE,CE,Combined TRACON& Tower with Radar,0,53,61,19,133,0,2,47,14,63,0,55,108,33,196,18,4,22,218
05/21/2005,LNK,NE,ACE,CE,Combined TRACON& Tower with Radar,0,46,39,0,85,0,3,20,5,28,0,49,59,5,113,32,0,32,145
05/22/2005,LNK,NE,ACE,CE,Combined TRACON& Tower with Radar,0,51,32,4,87,0,2,64,4,70,0,53,96,8,157,18,0,18,175
05/23/2005,LNK,NE,ACE,CE,Combined TRACON& Tower with Radar,2,57,59,25,143,0,1,72,4,77,2,58,131,29,220,32,8,40,260
05/24/2005,LNK,NE,ACE,CE,Combined TRACON& Tower with Radar,1,57,57,7,122,0,4,61,1,66,1,61,118,8,188,62,0,62,250
05/25/2005,LNK,NE,ACE,CE,Combined TRACON& Tower with Radar,0,53,59,37,149,0,1,19,0,20,0,54,78,37,169,40,10,50,219
05/26/2005,LNK,NE,ACE,CE,Combined TRACON& Tower with Radar,0,50,45,35,130,0,2,64,10,76,0,52,109,45,206,51,10,61,267
05/27/2005,LNK,NE,ACE,CE,Combined TRACON& Tower with Radar,0,54,64,2,120,0,3,45,5,53,0,57,109,7,173,46,0,46,219
05/28/2005,LNK,NE,ACE,CE,Combined TRACON& Tower with Radar,0,40,43,1,84,0,6,76,0,82,0,46,119,1,166,36,0,36,202
05/29/2005,LNK,NE,ACE,CE,Combined TRACON& Tower with Radar,0,43,20,1,64,0,8,18,0,26,0,51,38,1,90,14,0,14,104
05/30/2005,LNK,NE,ACE,CE,Combined TRACON& Tower with Radar,0,36,28,0,64,0,4,51,6,61,0,40,79,6,125,28,0,28,153
05/31/2005,LNK,NE,ACE,CE,Combined TRACON& Tower with Radar,0,56,46,23,125,0,0,20,1,21,0,56,66,24,146,16,2,18,164
06/01/2005,LNK,NE,ACE,CE,Combined TRACON& Tower with Radar,0,49,77,13,139,0,1,20,3,24,0,50,97,16,163,17,8,25,188
06/02/2005,LNK,NE,ACE,CE,Combined TRACON& Tower with Radar,0,65,42,35,142,0,1,23,19,43,0,66,65,54,185,46,16,62,247
06/03/2005,LNK,NE,ACE,CE,Combined TRACON& Tower with Radar,0,59,31,9,99,0,4,6,10,20,0,63,37,19,119,16,0,16,135
06/04/2005,LNK,NE,ACE,CE,Combined TRACON& Tower with Radar,0,40,33,0,73,0,2,9,2,13,0,42,42,2,86,24,0,24,110
06/05/2005,LNK,NE,ACE,CE,Combined TRACON& Tower with Radar,0,37,33,9,79,0,8,30,1,39,0,45,63,10,118,34,0,34,152
06/06/2005,LNK,NE,ACE,CE,Combined TRACON& Tower with Radar,0,52,67,8,127,0,2,53,2,57,0,54,120,10,184,38,0,38,222
06/07/2005,LNK,NE,ACE,CE,Combined TRACON& Tower with Radar,1,56,41,42,140,0,4,35,15,54,1,60,76,57,194,24,48,72,266
06/08/2005,LNK,NE,ACE,CE,Combined TRACON& Tower with Radar,0,59,72,11,142,0,6,51,5,62,0,65,123,16,204,20,4,24,228
06/09/2005,LNK,NE,ACE,CE,Combined TRACON& Tower with Radar,0,54,51,29,134,0,2,13,3,18,0,56,64,32,152,16,8,24,176
06/10/2005,LNK,NE,ACE,CE,Combined TRACON& Tower with Radar,2,47,48,17,114,0,0,36,4,40,2,47,84,21,154,36,0,36,190
06/11/2005,LNK,NE,ACE,CE,Combined TRACON& Tower with Radar,4,41,24,26,95,0,8,25,8,41,4,49,49,34,136,28,14,42,178
06/12/2005,LNK,NE,ACE,CE,Combined TRACON& Tower with Radar,2,42,34,23,101,0,3,24,0,27,2,45,58,23,128,22,0,22,150
06/13/2005,LNK,NE,ACE,CE,Combined TRACON& Tower with Radar,0,57,40,34,131,0,4,38,7,49,0,61,78,41,180,24,24,48,228
06/14/2005,LNK,NE,ACE,CE,Combined TRACON& Tower with Radar,1,53,62,13,129,0,0,36,11,47,1,53,98,24,176,8,14,22,198
06/15/2005,LNK,NE,ACE,CE,Combined TRACON& Tower with Radar,0,52,70,40,162,0,4,87,17,108,0,56,157,57,270,38,46,84,354
06/16/2005,LNK,NE,ACE,CE,Combined TRACON& Tower with Radar,2,54,75,44,175,1,8,56,12,77,3,62,131,56,252,34,26,60,312
06/17/2005,LNK,NE,ACE,CE,Combined TRACON& Tower with Radar,0,55,61,39,155,0,13,69,5,87,0,68,130,44,242,38,22,60,302
06/18/2005,LNK,NE,ACE,CE,Combined TRACON& Tower with Radar,4,34,43,3,84,2,3,53,0,58,6,37,96,3,142,56,0,56,198
06/19/2005,LNK,NE,ACE,CE,Combined TRACON& Tower with Radar,1,41,30,5,77,0,3,58,1,62,1,44,88,6,139,22,4,26,165
06/20/2005,LNK,NE,ACE,CE,Combined TRACON& Tower with Radar,0,53,54,52,159,2,6,81,13,102,2,59,135,65,261,38,28,66,327
06/21/2005,LNK,NE,ACE,CE,Combined TRACON& Tower with Radar,2,47,57,26,132,0,10,36,10,56,2,57,93,36,188,22,24,46,234
06/22/2005,LNK,NE,ACE,CE,Combined TRACON& Tower with Radar,1,52,86,17,156,0,3,72,9,84,1,55,158,26,240,46,10,56,296
06/23/2005,LNK,NE,ACE,CE,Combined TRACON& Tower with Radar,0,48,60,93,201,3,5,55,19,82,3,53,115,112,283,26,26,52,335
06/24/2005,LNK,NE,ACE,CE,Combined TRACON& Tower with Radar,0,62,47,23,132,0,6,45,7,58,0,68,92,30,190,34,8,42,232
06/25/2005,LNK,NE,ACE,CE,Combined TRACON& Tower with Radar,2,34,40,4,80,0,8,32,4,44,2,42,72,8,124,24,4,28,152
06/26/2005,LNK,NE,ACE,CE,Combined TRACON& Tower with Radar,1,44,38,15,98,0,3,47,0,50,1,47,85,15,148,14,0,14,162
06/27/2005,LNK,NE,ACE,CE,Combined TRACON& Tower with Radar,2,62,72,39,175,0,9,39,5,53,2,71,111,44,228,0,22,22,250
06/28/2005,LNK,NE,ACE,CE,Combined TRACON& Tower with Radar,2,49,48,39,138,0,3,40,3,46,2,52,88,42,184,24,38,62,246
06/29/2005,LNK,NE,ACE,CE,Combined TRACON& Tower with Radar,1,51,52,43,147,0,3,40,16,59,1,54,92,59,206,20,8,28,234
06/30/2005,LNK,NE,ACE,CE,Combined TRACON& Tower with Radar,2,63,65,52,182,0,4,62,19,85,2,67,127,71,267,42,38,80,347
07/01/2005,LNK,NE,ACE,CE,Combined TRACON& Tower with Radar,0,63,61,1,125,0,6,87,10,103,0,69,148,11,228,36,6,42,270
07/02/2005,LNK,NE,ACE,CE,Combined TRACON& Tower with Radar,4,33,45,2,84,0,3,36,2,41,4,36,81,4,125,10,0,10,135
07/03/2005,LNK,NE,ACE,CE,Combined TRACON& Tower with Radar,0,32,17,5,54,0,0,24,2,26,0,32,41,7,80,16,0,16,96
07/04/2005,LNK,NE,ACE,CE,Combined TRACON& Tower with Radar,0,39,12,0,51,0,6,29,0,35,0,45,41,0,86,10,0,10,96
07/05/2005,LNK,NE,ACE,CE,Combined TRACON& Tower with Radar,1,45,72,56,174,0,0,42,14,56,1,45,114,70,230,39,34,73,303
07/06/2005,LNK,NE,ACE,CE,Combined TRACON& Tower with Radar,2,50,41,38,131,0,8,29,8,45,2,58,70,46,176,26,0,26,202
07/07/2005,LNK,NE,ACE,CE,Combined TRACON& Tower with Radar,2,46,71,48,167,0,3,71,15,89,2,49,142,63,256,32,2,34,290
07/08/2005,LNK,NE,ACE,CE,Combined TRACON& Tower with Radar,4,39,50,54,147,0,6,46,18,70,4,45,96,72,217,18,16,34,251
07/09/2005,LNK,NE,ACE,CE,Combined TRACON& Tower with Radar,2,36,30,25,93,0,3,50,16,69,2,39,80,41,162,8,6,14,176
07/10/2005,LNK,NE,ACE,CE,Combined TRACON& Tower with Radar,2,41,39,22,104,0,3,42,7,52,2,44,81,29,156,48,0,48,204
07/11/2005,LNK,NE,ACE,CE,Combined TRACON& Tower with Radar,0,48,79,68,195,1,11,42,6,60,1,59,121,74,255,36,14,50,305
07/12/2005,LNK,NE,ACE,CE,Combined TRACON& Tower with Radar,1,44,82,66,193,0,8,58,8,74,1,52,140,74,267,52,28,80,347
07/13/2005,LNK,NE,ACE,CE,Combined TRACON& Tower with Radar,1,43,61,44,149,0,5,51,24,80,1,48,112,68,229,56,16,72,301
07/14/2005,LNK,NE,ACE,CE,Combined TRACON& Tower with Radar,2,50,81,53,186,0,3,50,17,70,2,53,131,70,256,32,20,52,308
07/15/2005,LNK,NE,ACE,CE,Combined TRACON& Tower with Radar,3,44,83,39,169,0,7,53,11,71,3,51,136,50,240,54,32,86,326
07/16/2005,LNK,NE,ACE,CE,Combined TRACON& Tower with Radar,2,38,46,7,93,0,8,50,4,62,2,46,96,11,155,18,0,18,173
07/17/2005,LNK,NE,ACE,CE,Combined TRACON& Tower with Radar,3,35,44,2,84,0,1,27,2,30,3,36,71,4,114,0,0,0,114
07/18/2005,LNK,NE,ACE,CE,Combined TRACON& Tower with Radar,2,40,48,23,113,0,3,41,2,46,2,43,89,25,159,20,0,20,179
07/19/2005,LNK,NE,ACE,CE,Combined TRACON& Tower with Radar,2,44,71,43,160,0,6,77,9,92,2,50,148,52,252,54,18,72,324
07/20/2005,LNK,NE,ACE,CE,Combined TRACON& Tower with Radar,2,56,69,51,178,0,6,48,3,57,2,62,117,54,235,36,0,36,271
07/21/2005,LNK,NE,ACE,CE,Combined TRACON& Tower with Radar,2,51,75,48,176,0,5,46,14,65,2,56,121,62,241,22,32,54,295
07/22/2005,LNK,NE,ACE,CE,Combined TRACON& Tower with Radar,2,53,60,16,131,0,6,26,10,42,2,59,86,26,173,12,0,12,185
07/23/2005,LNK,NE,ACE,CE,Combined TRACON& Tower with Radar,2,33,46,2,83,0,4,24,8,36,2,37,70,10,119,4,0,4,123
07/24/2005,LNK,NE,ACE,CE,Combined TRACON& Tower with Radar,2,35,45,6,88,0,1,37,0,38,2,36,82,6,126,30,0,30,156
07/25/2005,LNK,NE,ACE,CE,Combined TRACON& Tower with Radar,2,36,37,34,109,0,0,37,1,38,2,36,74,35,147,0,0,0,147
07/26/2005,LNK,NE,ACE,CE,Combined TRACON& Tower with Radar,2,36,50,55,143,0,1,13,5,19,2,37,63,60,162,0,10,10,172
07/27/2005,LNK,NE,ACE,CE,Combined TRACON& Tower with Radar,2,45,62,8,117,0,2,83,7,92,2,47,145,15,209,30,4,34,243
07/28/2005,LNK,NE,ACE,CE,Combined TRACON& Tower with Radar,2,47,80,25,154,0,0,60,5,65,2,47,140,30,219,66,20,86,305
07/29/2005,LNK,NE,ACE,CE,Combined TRACON& Tower with Radar,4,38,57,18,117,0,6,62,10,78,4,44,119,28,195,18,14,32,227
07/30/2005,LNK,NE,ACE,CE,Combined TRACON& Tower with Radar,1,37,29,4,71,0,3,34,3,40,1,40,63,7,111,8,2,10,121
07/31/2005,LNK,NE,ACE,CE,Combined TRACON& Tower with Radar,2,43,31,1,77,0,2,61,0,63,2,45,92,1,140,32,0,32,172
08/01/2005,LNK,NE,ACE,CE,Combined TRACON& Tower with Radar,2,46,63,20,131,0,22,57,3,82,2,68,120,23,213,20,0,20,233
08/02/2005,LNK,NE,ACE,CE,Combined TRACON& Tower with Radar,0,46,67,44,157,0,8,41,9,58,0,54,108,53,215,22,10,32,247
08/03/2005,LNK,NE,ACE,CE,Combined TRACON& Tower with Radar,2,57,65,27,151,0,2,42,19,63,2,59,107,46,214,6,0,6,220
08/04/2005,LNK,NE,ACE,CE,Combined TRACON& Tower with Radar,2,45,73,21,141,0,2,40,11,53,2,47,113,32,194,48,0,48,242
08/05/2005,LNK,NE,ACE,CE,Combined TRACON& Tower with Radar,2,51,59,57,169,0,10,57,13,80,2,61,116,70,249,12,14,26,275
08/06/2005,LNK,NE,ACE,CE,Combined TRACON& Tower with Radar,0,35,43,15,93,0,5,78,15,98,0,40,121,30,191,20,0,20,211
08/07/2005,LNK,NE,ACE,CE,Combined TRACON& Tower with Radar,2,36,61,4,103,0,6,73,13,92,2,42,134,17,195,52,0,52,247
08/08/2005,LNK,NE,ACE,CE,Combined TRACON& Tower with Radar,0,51,66,35,152,0,3,43,4,50,0,54,109,39,202,44,8,52,254
08/09/2005,LNK,NE,ACE,CE,Combined TRACON& Tower with Radar,2,42,64,49,157,0,4,46,13,63,2,46,110,62,220,6,30,36,256
08/10/2005,LNK,NE,ACE,CE,Combined TRACON& Tower with Radar,2,47,58,61,168,0,7,26,10,43,2,54,84,71,211,28,34,62,273
08/11/2005,LNK,NE,ACE,CE,Combined TRACON& Tower with Radar,2,44,68,105,219,0,1,28,6,35,2,45,96,111,254,4,22,26,280
08/12/2005,LNK,NE,ACE,CE,Combined TRACON& Tower with Radar,2,28,49,4,83,0,10,12,3,25,2,38,61,7,108,16,2,18,126
08/13/2005,LNK,NE,ACE,CE,Combined TRACON& Tower with Radar,0,36,35,0,71,0,0,11,0,11,0,36,46,0,82,0,0,0,82
08/14/2005,LNK,NE,ACE,CE,Combined TRACON& Tower with Radar,1,34,54,8,97,0,4,63,0,67,1,38,117,8,164,18,0,18,182
08/15/2005,LNK,NE,ACE,CE,Combined TRACON& Tower with Radar,1,38,63,82,184,0,2,63,27,92,1,40,126,109,276,24,80,104,380
08/16/2005,LNK,NE,ACE,CE,Combined TRACON& Tower with Radar,1,54,65,81,201,0,4,71,13,88,1,58,136,94,289,92,56,148,437
08/17/2005,LNK,NE,ACE,CE,Combined TRACON& Tower with Radar,2,44,67,42,155,0,2,24,12,38,2,46,91,54,193,28,18,46,239
08/18/2005,LNK,NE,ACE,CE,Combined TRACON& Tower with Radar,4,37,102,29,172,0,1,64,14,79,4,38,166,43,251,24,10,34,285
08/19/2005,LNK,NE,ACE,CE,Combined TRACON& Tower with Radar,3,43,50,42,138,0,1,38,11,50,3,44,88,53,188,38,18,56,244
08/20/2005,LNK,NE,ACE,CE,Combined TRACON& Tower with Radar,2,31,61,20,114,0,7,57,12,76,2,38,118,32,190,6,14,20,210
08/21/2005,LNK,NE,ACE,CE,Combined TRACON& Tower with Radar,2,45,31,49,127,0,0,42,7,49,2,45,73,56,176,0,0,0,176
08/22/2005,LNK,NE,ACE,CE,Combined TRACON& Tower with Radar,0,45,88,19,152,0,0,25,2,27,0,45,113,21,179,26,0,26,205
08/23/2005,LNK,NE,ACE,CE,Combined TRACON& Tower with Radar,1,41,58,40,140,0,4,51,6,61,1,45,109,46,201,38,8,46,247
08/24/2005,LNK,NE,ACE,CE,Combined TRACON& Tower with Radar,2,49,56,25,132,0,1,14,10,25,2,50,70,35,157,34,4,38,195
08/25/2005,LNK,NE,ACE,CE,Combined TRACON& Tower with Radar,2,43,84,33,162,0,5,36,14,55,2,48,120,47,217,44,14,58,275
08/26/2005,LNK,NE,ACE,CE,Combined TRACON& Tower with Radar,2,47,71,37,157,0,2,40,13,55,2,49,111,50,212,6,18,24,236
08/27/2005,LNK,NE,ACE,CE,Combined TRACON& Tower with Radar,2,38,43,70,153,0,14,42,8,64,2,52,85,78,217,26,12,38,255
08/28/2005,LNK,NE,ACE,CE,Combined TRACON& Tower with Radar,4,39,29,40,112,0,5,43,3,51,4,44,72,43,163,54,4,58,221
08/29/2005,LNK,NE,ACE,CE,Combined TRACON& Tower with Radar,1,46,81,36,164,0,6,54,5,65,1,52,135,41,229,50,16,66,295
08/30/2005,LNK,NE,ACE,CE,Combined TRACON& Tower with Radar,1,38,54,64,157,0,8,62,7,77,1,46,116,71,234,12,28,40,274
08/31/2005,LNK,NE,ACE,CE,Combined TRACON& Tower with Radar,2,48,62,30,142,0,3,42,12,57,2,51,104,42,199,6,18,24,223
09/01/2005,LNK,NE,ACE,CE,Combined TRACON& Tower with Radar,2,40,55,54,151,0,12,56,10,78,2,52,111,64,229,16,10,26,255
09/02/2005,LNK,NE,ACE,CE,Combined TRACON& Tower with Radar,4,59,58,12,133,0,4,60,2,66,4,63,118,14,199,32,6,38,237
09/03/2005,LNK,NE,ACE,CE,Combined TRACON& Tower with Radar,2,30,29,11,72,0,3,60,1,64,2,33,89,12,136,6,2,8,144
09/04/2005,LNK,NE,ACE,CE,Combined TRACON& Tower with Radar,5,29,39,21,94,1,4,55,7,67,6,33,94,28,161,0,16,16,177
09/05/2005,LNK,NE,ACE,CE,Combined TRACON& Tower with Radar,4,41,27,8,80,0,3,32,0,35,4,44,59,8,115,0,0,0,115
09/06/2005,LNK,NE,ACE,CE,Combined TRACON& Tower with Radar,1,41,54,17,113,0,8,39,2,49,1,49,93,19,162,2,0,2,164
09/07/2005,LNK,NE,ACE,CE,Combined TRACON& Tower with Radar,2,40,53,38,133,0,5,41,4,50,2,45,94,42,183,8,28,36,219
09/08/2005,LNK,NE,ACE,CE,Combined TRACON& Tower with Radar,4,44,60,56,164,0,5,46,13,64,4,49,106,69,228,8,28,36,264
09/09/2005,LNK,NE,ACE,CE,Combined TRACON& Tower with Radar,7,44,56,39,146,0,6,54,17,77,7,50,110,56,223,30,36,66,289
09/10/2005,LNK,NE,ACE,CE,Combined TRACON& Tower with Radar,0,38,41,3,82,0,3,31,10,44,0,41,72,13,126,0,0,0,126
09/11/2005,LNK,NE,ACE,CE,Combined TRACON& Tower with Radar,2,44,55,37,138,0,7,36,8,51,2,51,91,45,189,4,12,16,205
09/12/2005,LNK,NE,ACE,CE,Combined TRACON& Tower with Radar,4,47,56,31,138,0,5,18,1,24,4,52,74,32,162,0,20,20,182
09/13/2005,LNK,NE,ACE,CE,Combined TRACON& Tower with Radar,5,39,42,57,143,0,2,22,5,29,5,41,64,62,172,8,10,18,190
09/14/2005,LNK,NE,ACE,CE,Combined TRACON& Tower with Radar,4,43,64,65,176,0,5,66,8,79,4,48,130,73,255,25,40,65,320
09/15/2005,LNK,NE,ACE,CE,Combined TRACON& Tower with Radar,3,51,72,37,163,0,1,61,1,63,3,52,133,38,226,10,8,18,244
09/16/2005,LNK,NE,ACE,CE,Combined TRACON& Tower with Radar,7,39,72,45,163,0,3,53,2,58,7,42,125,47,221,12,14,26,247
09/17/2005,LNK,NE,ACE,CE,Combined TRACON& Tower with Radar,2,46,67,1,116,0,3,62,0,65,2,49,129,1,181,10,0,10,191
09/18/2005,LNK,NE,ACE,CE,Combined TRACON& Tower with Radar,7,43,37,7,94,0,3,42,0,45,7,46,79,7,139,18,0,18,157
09/19/2005,LNK,NE,ACE,CE,Combined TRACON& Tower with Radar,2,56,64,18,140,0,3,25,0,28,2,59,89,18,168,16,8,24,192
09/20/2005,LNK,NE,ACE,CE,Combined TRACON& Tower with Radar,4,43,71,34,152,0,5,41,3,49,4,48,112,37,201,32,4,36,237
09/21/2005,LNK,NE,ACE,CE,Combined TRACON& Tower with Radar,4,31,60,38,133,0,3,47,7,57,4,34,107,45,190,0,50,50,240
09/22/2005,LNK,NE,ACE,CE,Combined TRACON& Tower with Radar,2,36,56,38,132,0,7,32,0,39,2,43,88,38,171,0,6,6,177
09/23/2005,LNK,NE,ACE,CE,Combined TRACON& Tower with Radar,4,69,75,21,169,0,4,29,4,37,4,73,104,25,206,20,4,24,230
09/24/2005,LNK,NE,ACE,CE,Combined TRACON& Tower with Radar,0,33,48,5,86,0,0,25,0,25,0,33,73,5,111,4,0,4,115
09/25/2005,LNK,NE,ACE,CE,Combined TRACON& Tower with Radar,6,39,26,8,79,0,5,8,0,13,6,44,34,8,92,16,0,16,108
09/26/2005,LNK,NE,ACE,CE,Combined TRACON& Tower with Radar,4,43,40,34,121,0,0,35,1,36,4,43,75,35,157,22,4,26,183
09/27/2005,LNK,NE,ACE,CE,Combined TRACON& Tower with Radar,4,34,55,35,128,0,0,49,2,51,4,34,104,37,179,26,36,62,241
09/28/2005,LNK,NE,ACE,CE,Combined TRACON& Tower with Radar,2,47,58,3,110,0,1,12,3,16,2,48,70,6,126,2,0,2,128
09/29/2005,LNK,NE,ACE,CE,Combined TRACON& Tower with Radar,5,62,80,31,178,0,10,62,8,80,5,72,142,39,258,12,17,29,287
09/30/2005,LNK,NE,ACE,CE,Combined TRACON& Tower with Radar,4,48,63,7,122,0,2,44,3,49,4,50,107,10,171,38,16,54,225
10/01/2005,LNK,NE,ACE,CE,Combined TRACON& Tower with Radar,2,44,72,7,125,0,0,69,2,71,2,44,141,9,196,40,2,42,238
10/02/2005,LNK,NE,ACE,CE,Combined TRACON& Tower with Radar,1,49,50,6,106,0,4,28,1,33,1,53,78,7,139,6,10,16,155
10/03/2005,LNK,NE,ACE,CE,Combined TRACON& Tower with Radar,2,36,39,38,115,0,8,21,0,29,2,44,60,38,144,0,12,12,156
10/04/2005,LNK,NE,ACE,CE,Combined TRACON& Tower with Radar,4,39,61,54,158,0,7,8,3,18,4,46,69,57,176,24,26,50,226
10/05/2005,LNK,NE,ACE,CE,Combined TRACON& Tower with Radar,2,43,50,15,110,0,3,18,11,32,2,46,68,26,142,10,10,20,162
10/06/2005,LNK,NE,ACE,CE,Combined TRACON& Tower with Radar,2,39,58,62,161,0,2,44,10,56,2,41,102,72,217,6,18,24,241
10/07/2005,LNK,NE,ACE,CE,Combined TRACON& Tower with Radar,2,39,49,32,122,0,11,72,6,89,2,50,121,38,211,44,22,66,277
10/08/2005,LNK,NE,ACE,CE,Combined TRACON& Tower with Radar,3,37,75,1,116,0,12,63,2,77,3,49,138,3,193,18,0,18,211
10/09/2005,LNK,NE,ACE,CE,Combined TRACON& Tower with Radar,2,37,46,0,85,0,5,51,3,59,2,42,97,3,144,10,0,10,154
10/10/2005,LNK,NE,ACE,CE,Combined TRACON& Tower with Radar,1,39,42,4,86,0,2,45,0,47,1,41,87,4,133,20,0,20,153
10/11/2005,LNK,NE,ACE,CE,Combined TRACON& Tower with Radar,1,36,68,25,130,0,2,14,8,24,1,38,82,33,154,12,4,16,170
10/12/2005,LNK,NE,ACE,CE,Combined TRACON& Tower with Radar,1,47,56,110,214,0,0,13,6,19,1,47,69,116,233,4,32,36,269
10/13/2005,LNK,NE,ACE,CE,Combined TRACON& Tower with Radar,2,37,74,84,197,0,4,74,5,83,2,41,148,89,280,30,28,58,338
10/14/2005,LNK,NE,ACE,CE,Combined TRACON& Tower with Radar,11,42,73,29,155,0,5,53,19,77,11,47,126,48,232,56,26,82,314
10/15/2005,LNK,NE,ACE,CE,Combined TRACON& Tower with Radar,2,40,21,17,80,0,7,42,14,63,2,47,63,31,143,60,0,60,203
10/16/2005,LNK,NE,ACE,CE,Combined TRACON& Tower with Radar,2,40,35,7,84,0,5,53,3,61,2,45,88,10,145,38,0,38,183
10/17/2005,LNK,NE,ACE,CE,Combined TRACON& Tower with Radar,2,42,45,15,104,0,5,52,1,58,2,47,97,16,162,36,8,44,206
10/18/2005,LNK,NE,ACE,CE,Combined TRACON& Tower with Radar,2,46,60,18,126,0,6,76,9,91,2,52,136,27,217,66,42,108,325
10/19/2005,LNK,NE,ACE,CE,Combined TRACON& Tower with Radar,2,44,53,35,134,0,0,26,5,31,2,44,79,40,165,24,2,26,191
10/20/2005,LNK,NE,ACE,CE,Combined TRACON& Tower with Radar,2,49,75,65,191,0,0,17,12,29,2,49,92,77,220,0,40,40,260
10/21/2005,LNK,NE,ACE,CE,Combined TRACON& Tower with Radar,3,41,57,29,130,0,0,37,5,42,3,41,94,34,172,16,16,32,204
10/22/2005,LNK,NE,ACE,CE,Combined TRACON& Tower with Radar,8,27,38,25,98,0,4,10,0,14,8,31,48,25,112,0,0,0,112
10/23/2005,LNK,NE,ACE,CE,Combined TRACON& Tower with Radar,2,36,43,20,101,0,4,26,0,30,2,40,69,20,131,24,6,30,161
10/24/2005,LNK,NE,ACE,CE,Combined TRACON& Tower with Radar,2,59,40,12,113,0,16,41,0,57,2,75,81,12,170,32,8,40,210
10/25/2005,LNK,NE,ACE,CE,Combined TRACON& Tower with Radar,2,47,42,76,167,0,12,40,2,54,2,59,82,78,221,62,12,74,295
10/26/2005,LNK,NE,ACE,CE,Combined TRACON& Tower with Radar,2,40,83,57,182,0,2,75,9,86,2,42,158,66,268,36,70,106,374
10/27/2005,LNK,NE,ACE,CE,Combined TRACON& Tower with Radar,2,47,96,60,205,0,1,50,9,60,2,48,146,69,265,20,20,40,305
10/28/2005,LNK,NE,ACE,CE,Combined TRACON& Tower with Radar,4,38,67,58,167,0,8,59,7,74,4,46,126,65,241,14,28,42,283
10/29/2005,LNK,NE,ACE,CE,Combined TRACON& Tower with Radar,6,54,88,1,149,0,0,59,3,62,6,54,147,4,211,8,0,8,219
10/30/2005,LNK,NE,ACE,CE,Combined TRACON& Tower with Radar,2,41,49,18,110,0,2,42,1,45,2,43,91,19,155,16,0,16,171
10/31/2005,LNK,NE,ACE,CE,Combined TRACON& Tower with Radar,5,36,34,57,132,0,11,33,1,45,5,47,67,58,177,4,44,48,225
11/01/2005,LNK,NE,ACE,CE,Combined TRACON& Tower with Radar,3,39,62,26,130,0,7,44,9,60,3,46,106,35,190,28,6,34,224
11/02/2005,LNK,NE,ACE,CE,Combined TRACON& Tower with Radar,3,41,60,79,183,0,3,51,11,65,3,44,111,90,248,10,34,44,292
11/03/2005,LNK,NE,ACE,CE,Combined TRACON& Tower with Radar,4,37,54,65,160,0,0,26,18,44,4,37,80,83,204,10,14,24,228
11/04/2005,LNK,NE,ACE,CE,Combined TRACON& Tower with Radar,3,34,58,22,117,0,4,52,3,59,3,38,110,25,176,16,12,28,204
11/05/2005,LNK,NE,ACE,CE,Combined TRACON& Tower with Radar,2,33,33,4,72,0,0,39,2,41,2,33,72,6,113,18,0,18,131
11/06/2005,LNK,NE,ACE,CE,Combined TRACON& Tower with Radar,3,29,35,19,86,0,4,50,15,69,3,33,85,34,155,26,0,26,181
11/07/2005,LNK,NE,ACE,CE,Combined TRACON& Tower with Radar,4,36,45,34,119,0,0,22,1,23,4,36,67,35,142,10,20,30,172
11/08/2005,LNK,NE,ACE,CE,Combined TRACON& Tower with Radar,5,32,45,50,132,0,10,49,22,81,5,42,94,72,213,68,46,114,327
11/09/2005,LNK,NE,ACE,CE,Combined TRACON& Tower with Radar,3,35,50,57,145,0,6,34,19,59,3,41,84,76,204,10,28,38,242
11/10/2005,LNK,NE,ACE,CE,Combined TRACON& Tower with Radar,4,43,54,106,207,0,4,51,16,71,4,47,105,122,278,16,111,127,405
11/11/2005,LNK,NE,ACE,CE,Combined TRACON& Tower with Radar,4,36,69,7,116,0,2,47,3,52,4,38,116,10,168,102,29,131,299
11/12/2005,LNK,NE,ACE,CE,Combined TRACON& Tower with Radar,2,34,57,5,98,0,0,28,2,30,2,34,85,7,128,9,0,9,137
11/13/2005,LNK,NE,ACE,CE,Combined TRACON& Tower with Radar,6,33,39,4,82,0,2,51,0,53,6,35,90,4,135,58,0,58,193
11/14/2005,LNK,NE,ACE,CE,Combined TRACON& Tower with Radar,4,35,68,19,126,0,0,20,0,20,4,35,88,19,146,12,10,22,168
11/15/2005,LNK,NE,ACE,CE,Combined TRACON& Tower with Radar,6,37,27,1,71,0,0,0,0,0,6,37,27,1,71,0,0,0,71
11/16/2005,LNK,NE,ACE,CE,Combined TRACON& Tower with Radar,5,45,42,27,119,0,0,24,10,34,5,45,66,37,153,16,23,39,192
11/17/2005,LNK,NE,ACE,CE,Combined TRACON& Tower with Radar,2,38,45,30,115,0,0,31,12,43,2,38,76,42,158,25,70,95,253
11/18/2005,LNK,NE,ACE,CE,Combined TRACON& Tower with Radar,4,37,51,16,108,0,2,41,6,49,4,39,92,22,157,7,50,57,214
11/19/2005,LNK,NE,ACE,CE,Combined TRACON& Tower with Radar,2,31,13,5,51,0,2,1,0,3,2,33,14,5,54,0,0,0,54
11/20/2005,LNK,NE,ACE,CE,Combined TRACON& Tower with Radar,6,31,34,0,71,0,2,33,3,38,6,33,67,3,109,84,0,84,193
11/21/2005,LNK,NE,ACE,CE,Combined TRACON& Tower with Radar,6,46,50,10,112,0,0,21,0,21,6,46,71,10,133,18,18,36,169
11/22/2005,LNK,NE,ACE,CE,Combined TRACON& Tower with Radar,2,43,45,42,132,0,2,43,5,50,2,45,88,47,182,31,71,102,284
11/23/2005,LNK,NE,ACE,CE,Combined TRACON& Tower with Radar,3,45,59,31,138,0,10,38,3,51,3,55,97,34,189,14,65,79,268
11/24/2005,LNK,NE,ACE,CE,Combined TRACON& Tower with Radar,6,31,13,1,51,0,3,17,1,21,6,34,30,2,72,6,0,6,78
11/25/2005,LNK,NE,ACE,CE,Combined TRACON& Tower with Radar,1,31,7,0,39,0,3,26,0,29,1,34,33,0,68,16,0,16,84
11/26/2005,LNK,NE,ACE,CE,Combined TRACON& Tower with Radar,4,33,22,0,59,0,3,39,0,42,4,36,61,0,101,44,0,44,145
11/27/2005,LNK,NE,ACE,CE,Combined TRACON& Tower with Radar,2,32,25,0,59,0,0,5,0,5,2,32,30,0,64,12,0,12,76
11/28/2005,LNK,NE,ACE,CE,Combined TRACON& Tower with Radar,4,36,24,2,66,0,0,0,0,0,4,36,24,2,66,2,0,2,68
11/29/2005,LNK,NE,ACE,CE,Combined TRACON& Tower with Radar,4,47,37,21,109,0,4,5,0,9,4,51,42,21,118,16,30,46,164
11/30/2005,LNK,NE,ACE,CE,Combined TRACON& Tower with Radar,2,36,54,33,125,0,0,2,8,10,2,36,56,41,135,11,58,69,204
12/01/2005,LNK,NE,ACE,CE,Combined TRACON& Tower with Radar,4,34,50,48,136,0,3,30,10,43,4,37,80,58,179,18,58,76,255
12/02/2005,LNK,NE,ACE,CE,Combined TRACON& Tower with Radar,6,35,48,33,122,0,0,17,7,24,6,35,65,40,146,0,69,69,215
12/03/2005,LNK,NE,ACE,CE,Combined TRACON& Tower with Radar,2,26,20,14,62,0,0,0,3,3,2,26,20,17,65,6,16,22,87
12/04/2005,LNK,NE,ACE,CE,Combined TRACON& Tower with Radar,4,33,28,20,85,0,1,6,0,7,4,34,34,20,92,22,12,34,126
12/05/2005,LNK,NE,ACE,CE,Combined TRACON& Tower with Radar,4,33,41,1,79,0,4,4,1,9,4,37,45,2,88,0,0,0,88
12/06/2005,LNK,NE,ACE,CE,Combined TRACON& Tower with Radar,4,38,59,25,126,0,13,23,3,39,4,51,82,28,165,22,27,49,214
12/07/2005,LNK,NE,ACE,CE,Combined TRACON& Tower with Radar,4,43,30,32,109,0,2,1,0,3,4,45,31,32,112,6,23,29,141
12/08/2005,LNK,NE,ACE,CE,Combined TRACON& Tower with Radar,4,37,46,12,99,0,2,12,2,16,4,39,58,14,115,34,37,71,186
12/09/2005,LNK,NE,ACE,CE,Combined TRACON& Tower with Radar,3,48,37,33,121,0,3,35,1,39,3,51,72,34,160,40,84,124,284
12/10/2005,LNK,NE,ACE,CE,Combined TRACON& Tower with Radar,3,29,25,1,58,0,0,13,8,21,3,29,38,9,79,16,0,16,95
12/11/2005,LNK,NE,ACE,CE,Combined TRACON& Tower with Radar,6,34,36,9,85,0,5,55,3,63,6,39,91,12,148,65,6,71,219
12/12/2005,LNK,NE,ACE,CE,Combined TRACON& Tower with Radar,6,33,43,14,96,0,6,44,0,50,6,39,87,14,146,59,30,89,235
12/13/2005,LNK,NE,ACE,CE,Combined TRACON& Tower with Radar,4,33,51,31,119,0,1,12,8,21,4,34,63,39,140,4,78,82,222
12/14/2005,LNK,NE,ACE,CE,Combined TRACON& Tower with Radar,0,34,47,19,100,0,3,5,10,18,0,37,52,29,118,6,26,32,150
12/15/2005,LNK,NE,ACE,CE,Combined TRACON& Tower with Radar,2,38,44,35,119,0,2,3,6,11,2,40,47,41,130,6,57,63,193
12/16/2005,LNK,NE,ACE,CE,Combined TRACON& Tower with Radar,2,31,56,8,97,0,2,28,4,34,2,33,84,12,131,34,13,47,178
12/17/2005,LNK,NE,ACE,CE,Combined TRACON& Tower with Radar,2,36,31,3,72,0,0,15,0,15,2,36,46,3,87,28,9,37,124
12/18/2005,LNK,NE,ACE,CE,Combined TRACON& Tower with Radar,0,39,24,0,63,0,0,10,0,10,0,39,34,0,73,26,0,26,99
12/19/2005,LNK,NE,ACE,CE,Combined TRACON& Tower with Radar,2,50,45,18,115,0,2,27,1,30,2,52,72,19,145,61,74,135,280
12/20/2005,LNK,NE,ACE,CE,Combined TRACON& Tower with Radar,2,43,58,45,148,0,0,34,4,38,2,43,92,49,186,25,112,137,323
12/21/2005,LNK,NE,ACE,CE,Combined TRACON& Tower with Radar,2,38,50,23,113,0,7,29,13,49,2,45,79,36,162,54,15,69,231
12/22/2005,LNK,NE,ACE,CE,Combined TRACON& Tower with Radar,0,48,53,36,137,0,5,48,7,60,0,53,101,43,197,82,54,136,333
12/23/2005,LNK,NE,ACE,CE,Combined TRACON& Tower with Radar,6,45,23,10,84,0,5,43,6,54,6,50,66,16,138,26,0,26,164
12/24/2005,LNK,NE,ACE,CE,Combined TRACON& Tower with Radar,2,35,9,0,46,0,1,5,0,6,2,36,14,0,52,0,0,0,52
12/25/2005,LNK,NE,ACE,CE,Combined TRACON& Tower with Radar,2,34,12,0,48,0,0,1,0,1,2,34,13,0,49,0,0,0,49
12/26/2005,LNK,NE,ACE,CE,Combined TRACON& Tower with Radar,4,38,43,0,85,0,2,49,0,51,4,40,92,0,136,20,0,20,156
12/27/2005,LNK,NE,ACE,CE,Combined TRACON& Tower with Radar,2,43,40,0,85,0,3,4,0,7,2,46,44,0,92,0,0,0,92
12/28/2005,LNK,NE,ACE,CE,Combined TRACON& Tower with Radar,0,41,46,3,90,0,2,10,4,16,0,43,56,7,106,20,8,28,134
12/29/2005,LNK,NE,ACE,CE,Combined TRACON& Tower with Radar,4,39,37,1,81,0,2,4,0,6,4,41,41,1,87,4,6,10,97
12/30/2005,LNK,NE,ACE,CE,Combined TRACON& Tower with Radar,0,38,34,0,72,0,2,17,4,23,0,40,51,4,95,6,4,10,105
12/31/2005,LNK,NE,ACE,CE,Combined TRACON& Tower with Radar,2,31,26,0,59,0,5,40,0,45,2,36,66,0,104,40,4,44,148
01/01/2006,LNK,NE,ACE,CE,Combined TRACON& Tower with Radar,3,32,16,0,51,0,0,20,0,20,3,32,36,0,71,42,0,42,113
01/02/2006,LNK,NE,ACE,CE,Combined TRACON& Tower with Radar,2,34,41,0,77,0,0,2,0,2,2,34,43,0,79,40,0,40,119
01/03/2006,LNK,NE,ACE,CE,Combined TRACON& Tower with Radar,2,40,26,31,99,0,2,14,0,16,2,42,40,31,115,47,74,121,236
01/04/2006,LNK,NE,ACE,CE,Combined TRACON& Tower with Radar,0,39,50,22,111,0,9,41,5,55,0,48,91,27,166,23,31,54,220
01/05/2006,LNK,NE,ACE,CE,Combined TRACON& Tower with Radar,0,41,39,59,139,0,11,25,4,40,0,52,64,63,179,55,122,177,356
01/06/2006,LNK,NE,ACE,CE,Combined TRACON& Tower with Radar,2,35,47,45,129,0,6,42,8,56,2,41,89,53,185,29,57,86,271
01/07/2006,LNK,NE,ACE,CE,Combined TRACON& Tower with Radar,2,30,34,9,75,0,6,74,0,80,2,36,108,9,155,84,4,88,243
01/08/2006,LNK,NE,ACE,CE,Combined TRACON& Tower with Radar,4,27,25,23,79,0,1,7,0,8,4,28,32,23,87,28,42,70,157
01/09/2006,LNK,NE,ACE,CE,Combined TRACON& Tower with Radar,2,31,37,12,82,0,3,16,0,19,2,34,53,12,101,3,32,35,136
01/10/2006,LNK,NE,ACE,CE,Combined TRACON& Tower with Radar,2,32,46,38,118,0,5,35,4,44,2,37,81,42,162,37,99,136,298
01/11/2006,LNK,NE,ACE,CE,Combined TRACON& Tower with Radar,2,39,74,80,195,0,2,36,9,47,2,41,110,89,242,104,98,202,444
01/12/2006,LNK,NE,ACE,CE,Combined TRACON& Tower with Radar,2,36,43,31,112,0,4,23,6,33,2,40,66,37,145,10,64,74,219
01/13/2006,LNK,NE,ACE,CE,Combined TRACON& Tower with Radar,2,31,39,24,96,0,0,19,3,22,2,31,58,27,118,31,71,102,220
01/14/2006,LNK,NE,ACE,CE,Combined TRACON& Tower with Radar,2,35,25,12,74,0,4,66,0,70,2,39,91,12,144,75,20,95,239
01/15/2006,LNK,NE,ACE,CE,Combined TRACON& Tower with Radar,2,34,28,9,73,0,1,41,1,43,2,35,69,10,116,53,8,61,177
01/16/2006,LNK,NE,ACE,CE,Combined TRACON& Tower with Radar,2,32,32,0,66,0,5,5,0,10,2,37,37,0,76,0,0,0,76
01/17/2006,LNK,NE,ACE,CE,Combined TRACON& Tower with Radar,2,41,38,17,98,0,0,15,1,16,2,41,53,18,114,8,20,28,142
01/18/2006,LNK,NE,ACE,CE,Combined TRACON& Tower with Radar,2,35,47,38,122,0,2,20,6,28,2,37,67,44,150,18,73,91,241
01/19/2006,LNK,NE,ACE,CE,Combined TRACON& Tower with Radar,2,39,44,29,114,0,7,19,11,37,2,46,63,40,151,32,46,78,229
01/20/2006,LNK,NE,ACE,CE,Combined TRACON& Tower with Radar,4,29,46,21,100,0,0,1,3,4,4,29,47,24,104,0,29,29,133
01/21/2006,LNK,NE,ACE,CE,Combined TRACON& Tower with Radar,2,25,36,5,68,0,2,43,1,46,2,27,79,6,114,26,0,26,140
01/22/2006,LNK,NE,ACE,CE,Combined TRACON& Tower with Radar,2,29,45,6,82,0,0,10,0,10,2,29,55,6,92,48,4,52,144
01/23/2006,LNK,NE,ACE,CE,Combined TRACON& Tower with Radar,2,30,38,26,96,0,4,14,8,26,2,34,52,34,122,19,46,65,187
01/24/2006,LNK,NE,ACE,CE,Combined TRACON& Tower with Radar,2,40,42,11,95,0,6,16,10,32,2,46,58,21,127,27,7,34,161
01/25/2006,LNK,NE,ACE,CE,Combined TRACON& Tower with Radar,2,37,55,34,128,0,0,59,9,68,2,37,114,43,196,35,54,89,285
01/26/2006,LNK,NE,ACE,CE,Combined TRACON& Tower with Radar,2,36,36,43,117,0,2,6,8,16,2,38,42,51,133,4,47,51,184
01/27/2006,LNK,NE,ACE,CE,Combined TRACON& Tower with Radar,2,34,53,39,128,0,4,39,0,43,2,38,92,39,171,44,82,126,297
01/28/2006,LNK,NE,ACE,CE,Combined TRACON& Tower with Radar,2,35,28,0,65,0,0,0,0,0,2,35,28,0,65,0,0,0,65
01/29/2006,LNK,NE,ACE,CE,Combined TRACON& Tower with Radar,2,29,26,8,65,0,0,4,28,32,2,29,30,36,97,54,2,56,153
01/30/2006,LNK,NE,ACE,CE,Combined TRACON& Tower with Radar,4,33,33,3,73,0,0,20,3,23,4,33,53,6,96,8,0,8,104
01/31/2006,LNK,NE,ACE,CE,Combined TRACON& Tower with Radar,2,38,38,10,88,0,3,30,10,43,2,41,68,20,131,34,14,48,179
02/01/2006,LNK,NE,ACE,CE,Combined TRACON& Tower with Radar,6,44,47,17,114,0,4,23,4,31,6,48,70,21,145,33,46,79,224
02/02/2006,LNK,NE,ACE,CE,Combined TRACON& Tower with Radar,2,33,39,23,97,0,4,37,6,47,2,37,76,29,144,46,68,114,258
02/03/2006,LNK,NE,ACE,CE,Combined TRACON& Tower with Radar,2,32,56,21,111,0,2,21,16,39,2,34,77,37,150,18,35,53,203
02/04/2006,LNK,NE,ACE,CE,Combined TRACON& Tower with Radar,4,31,26,8,69,0,0,30,4,34,4,31,56,12,103,69,23,92,195
02/05/2006,LNK,NE,ACE,CE,Combined TRACON& Tower with Radar,2,36,19,12,69,0,1,20,1,22,2,37,39,13,91,6,26,32,123
02/06/2006,LNK,NE,ACE,CE,Combined TRACON& Tower with Radar,2,37,49,3,91,0,2,27,4,33,2,39,76,7,124,13,6,19,143
02/07/2006,LNK,NE,ACE,CE,Combined TRACON& Tower with Radar,2,41,84,23,150,0,1,26,5,32,2,42,110,28,182,63,45,108,290
02/08/2006,LNK,NE,ACE,CE,Combined TRACON& Tower with Radar,4,31,48,7,90,0,1,22,7,30,4,32,70,14,120,28,0,28,148
02/09/2006,LNK,NE,ACE,CE,Combined TRACON& Tower with Radar,2,39,47,50,138,0,6,32,8,46,2,45,79,58,184,73,91,164,348
02/10/2006,LNK,NE,ACE,CE,Combined TRACON& Tower with Radar,2,36,45,14,97,0,3,11,4,18,2,39,56,18,115,0,19,19,134
02/11/2006,LNK,NE,ACE,CE,Combined TRACON& Tower with Radar,4,30,15,3,52,0,5,2,0,7,4,35,17,3,59,2,0,2,61
02/12/2006,LNK,NE,ACE,CE,Combined TRACON& Tower with Radar,2,34,19,20,75,0,2,3,0,5,2,36,22,20,80,0,12,12,92
02/13/2006,LNK,NE,ACE,CE,Combined TRACON& Tower with Radar,4,34,61,16,115,0,1,35,7,43,4,35,96,23,158,49,27,76,234
02/14/2006,LNK,NE,ACE,CE,Combined TRACON& Tower with Radar,2,28,45,46,121,0,2,35,8,45,2,30,80,54,166,39,94,133,299
02/15/2006,LNK,NE,ACE,CE,Combined TRACON& Tower with Radar,4,40,41,16,101,0,0,14,11,25,4,40,55,27,126,28,28,56,182
02/16/2006,LNK,NE,ACE,CE,Combined TRACON& Tower with Radar,2,25,20,11,58,0,0,0,6,6,2,25,20,17,64,0,10,10,74
02/17/2006,LNK,NE,ACE,CE,Combined TRACON& Tower with Radar,2,31,57,2,92,0,2,17,1,20,2,33,74,3,112,10,0,10,122
02/18/2006,LNK,NE,ACE,CE,Combined TRACON& Tower with Radar,6,32,27,0,65,0,1,12,0,13,6,33,39,0,78,4,0,4,82
02/19/2006,LNK,NE,ACE,CE,Combined TRACON& Tower with Radar,2,29,9,2,42,0,5,10,0,15,2,34,19,2,57,0,0,0,57
02/20/2006,LNK,NE,ACE,CE,Combined TRACON& Tower with Radar,2,35,51,4,92,0,0,23,1,24,2,35,74,5,116,26,0,26,142
02/21/2006,LNK,NE,ACE,CE,Combined TRACON& Tower with Radar,2,35,55,47,139,0,1,25,2,28,2,36,80,49,167,61,72,133,300
02/22/2006,LNK,NE,ACE,CE,Combined TRACON& Tower with Radar,4,39,62,42,147,0,0,32,1,33,4,39,94,43,180,16,59,75,255
02/23/2006,LNK,NE,ACE,CE,Combined TRACON& Tower with Radar,4,41,71,39,155,0,0,49,0,49,4,41,120,39,204,54,76,130,334
02/24/2006,LNK,NE,ACE,CE,Combined TRACON& Tower with Radar,4,37,43,29,113,0,0,43,4,47,4,37,86,33,160,34,68,102,262
02/25/2006,LNK,NE,ACE,CE,Combined TRACON& Tower with Radar,5,31,19,1,56,0,0,26,0,26,5,31,45,1,82,26,2,28,110
02/26/2006,LNK,NE,ACE,CE,Combined TRACON& Tower with Radar,5,35,21,9,70,0,0,41,4,45,5,35,62,13,115,54,16,70,185
02/27/2006,LNK,NE,ACE,CE,Combined TRACON& Tower with Radar,2,34,42,39,117,0,4,47,2,53,2,38,89,41,170,18,72,90,260
02/28/2006,LNK,NE,ACE,CE,Combined TRACON& Tower with Radar,2,35,51,7,95,0,1,32,4,37,2,36,83,11,132,24,6,30,162
03/01/2006,LNK,NE,ACE,CE,Combined TRACON& Tower with Radar,6,40,47,19,112,0,4,31,7,42,6,44,78,26,154,32,58,90,244
03/02/2006,LNK,NE,ACE,CE,Combined TRACON& Tower with Radar,2,37,24,36,99,0,0,21,11,32,2,37,45,47,131,8,73,81,212
03/03/2006,LNK,NE,ACE,CE,Combined TRACON& Tower with Radar,2,33,60,7,102,0,2,53,2,57,2,35,113,9,159,24,38,62,221
03/04/2006,LNK,NE,ACE,CE,Combined TRACON& Tower with Radar,6,36,32,10,84,0,0,2,3,5,6,36,34,13,89,15,10,25,114
03/05/2006,LNK,NE,ACE,CE,Combined TRACON& Tower with Radar,3,28,18,0,49,0,3,28,1,32,3,31,46,1,81,34,0,34,115
03/06/2006,LNK,NE,ACE,CE,Combined TRACON& Tower with Radar,4,38,49,6,97,0,4,20,2,26,4,42,69,8,123,54,22,76,199
03/07/2006,LNK,NE,ACE,CE,Combined TRACON& Tower with Radar,3,37,37,10,87,0,1,17,0,18,3,38,54,10,105,17,21,38,143
03/08/2006,LNK,NE,ACE,CE,Combined TRACON& Tower with Radar,6,32,64,37,139,0,0,3,0,3,6,32,67,37,142,20,50,70,212
03/09/2006,LNK,NE,ACE,CE,Combined TRACON& Tower with Radar,4,44,68,29,145,0,2,27,3,32,4,46,95,32,177,70,56,126,303
03/10/2006,LNK,NE,ACE,CE,Combined TRACON& Tower with Radar,6,30,51,31,118,0,5,40,1,46,6,35,91,32,164,30,56,86,250
03/11/2006,LNK,NE,ACE,CE,Combined TRACON& Tower with Radar,6,31,31,2,70,0,6,43,0,49,6,37,74,2,119,29,0,29,148
03/12/2006,LNK,NE,ACE,CE,Combined TRACON& Tower with Radar,6,24,14,2,46,0,1,3,0,4,6,25,17,2,50,2,0,2,52
03/13/2006,LNK,NE,ACE,CE,Combined TRACON& Tower with Radar,4,25,31,8,68,0,1,5,0,6,4,26,36,8,74,2,24,26,100
03/14/2006,LNK,NE,ACE,CE,Combined TRACON& Tower with Radar,4,36,41,31,112,0,3,44,2,49,4,39,85,33,161,44,31,75,236
03/15/2006,LNK,NE,ACE,CE,Combined TRACON& Tower with Radar,6,30,51,30,117,0,4,18,6,28,6,34,69,36,145,6,32,38,183
03/16/2006,LNK,NE,ACE,CE,Combined TRACON& Tower with Radar,4,30,61,16,111,0,0,4,3,7,4,30,65,19,118,22,27,49,167
03/17/2006,LNK,NE,ACE,CE,Combined TRACON& Tower with Radar,4,34,57,7,102,0,0,16,1,17,4,34,73,8,119,18,0,18,137
03/18/2006,LNK,NE,ACE,CE,Combined TRACON& Tower with Radar,6,27,46,2,81,0,0,4,0,4,6,27,50,2,85,12,0,12,97
03/19/2006,LNK,NE,ACE,CE,Combined TRACON& Tower with Radar,4,26,8,0,38,0,1,0,0,1,4,27,8,0,39,0,0,0,39
03/20/2006,LNK,NE,ACE,CE,Combined TRACON& Tower with Radar,2,20,5,0,27,0,0,0,0,0,2,20,5,0,27,2,0,2,29
03/21/2006,LNK,NE,ACE,CE,Combined TRACON& Tower with Radar,7,30,20,1,58,0,1,0,0,1,7,31,20,1,59,0,0,0,59
03/22/2006,LNK,NE,ACE,CE,Combined TRACON& Tower with Radar,5,37,44,25,111,0,4,21,3,28,5,41,65,28,139,47,55,102,241
03/23/2006,LNK,NE,ACE,CE,Combined TRACON& Tower with Radar,5,32,53,15,105,0,0,14,3,17,5,32,67,18,122,19,26,45,167
03/24/2006,LNK,NE,ACE,CE,Combined TRACON& Tower with Radar,4,30,65,23,122,0,3,20,4,27,4,33,85,27,149,14,24,38,187
03/25/2006,LNK,NE,ACE,CE,Combined TRACON& Tower with Radar,6,35,46,6,93,0,0,27,4,31,6,35,73,10,124,56,0,56,180
03/26/2006,LNK,NE,ACE,CE,Combined TRACON& Tower with Radar,4,31,29,9,73,0,0,19,0,19,4,31,48,9,92,40,7,47,139
03/27/2006,LNK,NE,ACE,CE,Combined TRACON& Tower with Radar,2,34,66,15,117,0,0,6,0,6,2,34,72,15,123,38,25,63,186
03/28/2006,LNK,NE,ACE,CE,Combined TRACON& Tower with Radar,4,32,62,32,130,0,3,17,0,20,4,35,79,32,150,34,60,94,244
03/29/2006,LNK,NE,ACE,CE,Combined TRACON& Tower with Radar,4,38,40,39,121,0,0,17,4,21,4,38,57,43,142,30,62,92,234
03/30/2006,LNK,NE,ACE,CE,Combined TRACON& Tower with Radar,2,30,30,25,87,0,0,0,0,0,2,30,30,25,87,0,62,62,149
03/31/2006,LNK,NE,ACE,CE,Combined TRACON& Tower with Radar,4,37,56,18,115,0,4,16,5,25,4,41,72,23,140,19,31,50,190
04/01/2006,LNK,NE,ACE,CE,Combined TRACON& Tower with Radar,6,39,31,23,99,0,5,41,4,50,6,44,72,27,149,26,39,65,214
04/02/2006,LNK,NE,ACE,CE,Combined TRACON& Tower with Radar,2,31,19,0,52,0,0,2,0,2,2,31,21,0,54,4,0,4,58
04/03/2006,LNK,NE,ACE,CE,Combined TRACON& Tower with Radar,2,37,41,5,85,0,5,38,0,43,2,42,79,5,128,7,4,11,139
04/04/2006,LNK,NE,ACE,CE,Combined TRACON& Tower with Radar,2,29,55,25,111,0,0,17,0,17,2,29,72,25,128,43,45,88,216
04/05/2006,LNK,NE,ACE,CE,Combined TRACON& Tower with Radar,4,31,55,32,122,0,4,38,1,43,4,35,93,33,165,36,60,96,261
04/06/2006,LNK,NE,ACE,CE,Combined TRACON& Tower with Radar,2,32,34,17,85,0,3,17,6,26,2,35,51,23,111,0,23,23,134
04/07/2006,LNK,NE,ACE,CE,Combined TRACON& Tower with Radar,2,33,44,1,80,0,3,2,0,5,2,36,46,1,85,15,0,15,100
04/08/2006,LNK,NE,ACE,CE,Combined TRACON& Tower with Radar,4,37,42,1,84,0,4,72,0,76,4,41,114,1,160,33,0,33,193
04/09/2006,LNK,NE,ACE,CE,Combined TRACON& Tower with Radar,2,31,27,3,63,0,4,34,0,38,2,35,61,3,101,42,0,42,143
04/10/2006,LNK,NE,ACE,CE,Combined TRACON& Tower with Radar,2,39,32,53,126,0,8,19,0,27,2,47,51,53,153,7,101,108,261
04/11/2006,LNK,NE,ACE,CE,Combined TRACON& Tower with Radar,1,38,34,27,100,0,6,28,0,34,1,44,62,27,134,0,28,28,162
04/12/2006,LNK,NE,ACE,CE,Combined TRACON& Tower with Radar,5,34,63,51,153,0,10,56,2,68,5,44,119,53,221,122,71,193,414
04/13/2006,LNK,NE,ACE,CE,Combined TRACON& Tower with Radar,1,37,70,49,157,0,10,59,4,73,1,47,129,53,230,111,117,228,458
04/14/2006,LNK,NE,ACE,CE,Combined TRACON& Tower with Radar,2,38,36,38,114,0,0,57,8,65,2,38,93,46,179,69,115,184,363
04/15/2006,LNK,NE,ACE,CE,Combined TRACON& Tower with Radar,4,34,23,2,63,0,2,22,0,24,4,36,45,2,87,30,0,30,117
04/16/2006,LNK,NE,ACE,CE,Combined TRACON& Tower with Radar,2,29,18,1,50,0,7,1,0,8,2,36,19,1,58,0,0,0,58
04/17/2006,LNK,NE,ACE,CE,Combined TRACON& Tower with Radar,2,48,67,8,125,0,2,14,1,17,2,50,81,9,142,40,10,50,192
04/18/2006,LNK,NE,ACE,CE,Combined TRACON& Tower with Radar,2,51,49,13,115,0,0,10,0,10,2,51,59,13,125,26,44,70,195
04/19/2006,LNK,NE,ACE,CE,Combined TRACON& Tower with Radar,4,36,37,7,84,0,5,17,0,22,4,41,54,7,106,6,20,26,132
04/20/2006,LNK,NE,ACE,CE,Combined TRACON& Tower with Radar,2,38,68,40,148,0,7,51,4,62,2,45,119,44,210,65,124,189,399
04/21/2006,LNK,NE,ACE,CE,Combined TRACON& Tower with Radar,4,31,64,31,130,0,4,63,4,71,4,35,127,35,201,89,61,150,351
04/22/2006,LNK,NE,ACE,CE,Combined TRACON& Tower with Radar,3,38,37,2,80,0,5,48,4,57,3,43,85,6,137,25,1,26,163
04/23/2006,LNK,NE,ACE,CE,Combined TRACON& Tower with Radar,1,41,29,5,76,0,3,20,0,23,1,44,49,5,99,8,2,10,109
04/24/2006,LNK,NE,ACE,CE,Combined TRACON& Tower with Radar,3,38,32,68,141,0,2,11,0,13,3,40,43,68,154,46,73,119,273
04/25/2006,LNK,NE,ACE,CE,Combined TRACON& Tower with Radar,2,33,40,38,113,0,1,1,0,2,2,34,41,38,115,0,43,43,158
04/26/2006,LNK,NE,ACE,CE,Combined TRACON& Tower with Radar,4,37,61,73,175,0,3,48,14,65,4,40,109,87,240,93,154,247,487
04/27/2006,LNK,NE,ACE,CE,Combined TRACON& Tower with Radar,2,35,46,42,125,0,7,47,4,58,2,42,93,46,183,46,103,149,332
04/28/2006,LNK,NE,ACE,CE,Combined TRACON& Tower with Radar,2,39,46,14,101,0,1,1,1,3,2,40,47,15,104,12,24,36,140
04/29/2006,LNK,NE,ACE,CE,Combined TRACON& Tower with Radar,4,36,12,1,53,0,1,0,0,1,4,37,12,1,54,0,0,0,54
04/30/2006,LNK,NE,ACE,CE,Combined TRACON& Tower with Radar,2,35,31,0,68,0,5,5,0,10,2,40,36,0,78,2,0,2,80
05/01/2006,LNK,NE,ACE,CE,Combined TRACON& Tower with Radar,2,40,36,0,78,0,2,34,3,39,2,42,70,3,117,28,21,49,166
05/02/2006,LNK,NE,ACE,CE,Combined TRACON& Tower with Radar,2,37,43,40,122,0,2,33,8,43,2,39,76,48,165,35,71,106,271
05/03/2006,LNK,NE,ACE,CE,Combined TRACON& Tower with Radar,4,36,54,26,120,0,0,25,6,31,4,36,79,32,151,24,46,70,221
05/04/2006,LNK,NE,ACE,CE,Combined TRACON& Tower with Radar,4,39,65,70,178,0,0,46,5,51,4,39,111,75,229,79,142,221,450
05/05/2006,LNK,NE,ACE,CE,Combined TRACON& Tower with Radar,4,34,54,59,151,0,1,30,11,42,4,35,84,70,193,122,96,218,411
05/06/2006,LNK,NE,ACE,CE,Combined TRACON& Tower with Radar,6,22,44,25,97,0,12,35,0,47,6,34,79,25,144,45,57,102,246
05/07/2006,LNK,NE,ACE,CE,Combined TRACON& Tower with Radar,3,24,33,18,78,0,3,23,1,27,3,27,56,19,105,36,28,64,169
05/08/2006,LNK,NE,ACE,CE,Combined TRACON& Tower with Radar,3,30,48,18,99,0,0,14,6,20,3,30,62,24,119,25,33,58,177
05/09/2006,LNK,NE,ACE,CE,Combined TRACON& Tower with Radar,4,26,41,10,81,0,2,42,4,48,4,28,83,14,129,129,13,142,271
05/10/2006,LNK,NE,ACE,CE,Combined TRACON& Tower with Radar,6,32,46,34,118,0,1,23,2,26,6,33,69,36,144,22,115,137,281
05/11/2006,LNK,NE,ACE,CE,Combined TRACON& Tower with Radar,4,31,53,40,128,0,4,16,6,26,4,35,69,46,154,14,72,86,240
05/12/2006,LNK,NE,ACE,CE,Combined TRACON& Tower with Radar,4,38,40,24,106,0,4,21,0,25,4,42,61,24,131,3,33,36,167
05/13/2006,LNK,NE,ACE,CE,Combined TRACON& Tower with Radar,6,25,30,3,64,0,6,31,2,39,6,31,61,5,103,20,0,20,123
05/14/2006,LNK,NE,ACE,CE,Combined TRACON& Tower with Radar,3,24,20,1,48,0,6,17,0,23,3,30,37,1,71,6,0,6,77
05/15/2006,LNK,NE,ACE,CE,Combined TRACON& Tower with Radar,4,32,53,37,126,0,0,32,0,32,4,32,85,37,158,34,50,84,242
05/16/2006,LNK,NE,ACE,CE,Combined TRACON& Tower with Radar,6,28,73,38,145,0,2,32,8,42,6,30,105,46,187,46,87,133,320
05/17/2006,LNK,NE,ACE,CE,Combined TRACON& Tower with Radar,7,37,56,64,164,0,6,54,4,64,7,43,110,68,228,7,100,107,335
05/18/2006,LNK,NE,ACE,CE,Combined TRACON& Tower with Radar,4,33,71,29,137,0,4,34,6,44,4,37,105,35,181,30,39,69,250
05/19/2006,LNK,NE,ACE,CE,Combined TRACON& Tower with Radar,4,33,78,15,130,0,2,52,6,60,4,35,130,21,190,30,14,44,234
05/20/2006,LNK,NE,ACE,CE,Combined TRACON& Tower with Radar,6,23,35,2,66,0,0,44,2,46,6,23,79,4,112,31,0,31,143
05/21/2006,LNK,NE,ACE,CE,Combined TRACON& Tower with Radar,4,26,27,3,60,0,3,47,2,52,4,29,74,5,112,40,13,53,165
05/22/2006,LNK,NE,ACE,CE,Combined TRACON& Tower with Radar,4,30,60,60,154,0,1,29,3,33,4,31,89,63,187,26,99,125,312
05/23/2006,LNK,NE,ACE,CE,Combined TRACON& Tower with Radar,3,32,43,44,122,0,1,17,3,21,3,33,60,47,143,6,34,40,183
05/24/2006,LNK,NE,ACE,CE,Combined TRACON& Tower with Radar,6,26,41,34,107,0,5,31,6,42,6,31,72,40,149,6,34,40,189
05/25/2006,LNK,NE,ACE,CE,Combined TRACON& Tower with Radar,4,30,47,42,123,0,2,44,0,46,4,32,91,42,169,29,97,126,295
05/26/2006,LNK,NE,ACE,CE,Combined TRACON& Tower with Radar,2,36,54,20,112,0,0,48,0,48,2,36,102,20,160,50,58,108,268
05/27/2006,LNK,NE,ACE,CE,Combined TRACON& Tower with Radar,6,25,26,0,57,0,1,16,1,18,6,26,42,1,75,24,0,24,99
05/28/2006,LNK,NE,ACE,CE,Combined TRACON& Tower with Radar,3,33,15,2,53,0,5,20,0,25,3,38,35,2,78,6,2,8,86
05/29/2006,LNK,NE,ACE,CE,Combined TRACON& Tower with Radar,4,31,27,1,63,0,4,41,4,49,4,35,68,5,112,48,0,48,160
05/30/2006,LNK,NE,ACE,CE,Combined TRACON& Tower with Radar,4,31,50,30,115,0,5,23,0,28,4,36,73,30,143,63,27,90,233
05/31/2006,LNK,NE,ACE,CE,Combined TRACON& Tower with Radar,8,34,39,44,125,0,4,37,6,47,8,38,76,50,172,50,62,112,284
06/01/2006,LNK,NE,ACE,CE,Combined TRACON& Tower with Radar,5,24,60,43,132,0,2,47,0,49,5,26,107,43,181,30,46,76,257
06/02/2006,LNK,NE,ACE,CE,Combined TRACON& Tower with Radar,5,35,58,4,102,0,1,47,3,51,5,36,105,7,153,52,6,58,211
06/03/2006,LNK,NE,ACE,CE,Combined TRACON& Tower with Radar,6,27,29,2,64,0,7,27,1,35,6,34,56,3,99,25,0,25,124
06/04/2006,LNK,NE,ACE,CE,Combined TRACON& Tower with Radar,5,23,26,11,65,0,0,36,0,36,5,23,62,11,101,56,24,80,181
06/05/2006,LNK,NE,ACE,CE,Combined TRACON& Tower with Radar,5,40,41,48,134,0,5,28,7,40,5,45,69,55,174,10,94,104,278
06/06/2006,LNK,NE,ACE,CE,Combined TRACON& Tower with Radar,4,30,77,79,190,0,2,40,0,42,4,32,117,79,232,24,181,205,437
06/07/2006,LNK,NE,ACE,CE,Combined TRACON& Tower with Radar,6,40,74,118,238,0,3,42,2,47,6,43,116,120,285,36,247,283,568
06/08/2006,LNK,NE,ACE,CE,Combined TRACON& Tower with Radar,0,40,53,90,183,0,10,30,5,45,0,50,83,95,228,25,236,261,489
06/09/2006,LNK,NE,ACE,CE,Combined TRACON& Tower with Radar,0,32,48,25,105,0,4,32,3,39,0,36,80,28,144,11,57,68,212
06/10/2006,LNK,NE,ACE,CE,Combined TRACON& Tower with Radar,2,31,29,7,69,0,3,25,0,28,2,34,54,7,97,52,4,56,153
06/11/2006,LNK,NE,ACE,CE,Combined TRACON& Tower with Radar,0,33,30,2,65,0,2,18,0,20,0,35,48,2,85,18,4,22,107
06/12/2006,LNK,NE,ACE,CE,Combined TRACON& Tower with Radar,1,33,55,69,158,0,6,32,0,38,1,39,87,69,196,16,136,152,348
06/13/2006,LNK,NE,ACE,CE,Combined TRACON& Tower with Radar,0,32,44,78,154,0,0,45,3,48,0,32,89,81,202,46,205,251,453
06/14/2006,LNK,NE,ACE,CE,Combined TRACON& Tower with Radar,4,39,56,110,209,0,5,32,1,38,4,44,88,111,247,84,223,307,554
06/15/2006,LNK,NE,ACE,CE,Combined TRACON& Tower with Radar,0,40,51,71,162,0,1,29,1,31,0,41,80,72,193,14,205,219,412
06/16/2006,LNK,NE,ACE,CE,Combined TRACON& Tower with Radar,0,46,43,19,108,0,6,13,4,23,0,52,56,23,131,37,58,95,226
06/17/2006,LNK,NE,ACE,CE,Combined TRACON& Tower with Radar,2,32,29,5,68,0,5,24,0,29,2,37,53,5,97,64,10,74,171
06/18/2006,LNK,NE,ACE,CE,Combined TRACON& Tower with Radar,0,33,24,9,66,0,2,38,0,40,0,35,62,9,106,52,0,52,158
06/19/2006,LNK,NE,ACE,CE,Combined TRACON& Tower with Radar,0,37,50,63,150,0,6,45,1,52,0,43,95,64,202,89,108,197,399
06/20/2006,LNK,NE,ACE,CE,Combined TRACON& Tower with Radar,0,39,60,63,162,0,2,27,0,29,0,41,87,63,191,31,140,171,362
06/21/2006,LNK,NE,ACE,CE,Combined TRACON& Tower with Radar,2,31,64,68,165,0,0,41,2,43,2,31,105,70,208,31,161,192,400
06/22/2006,LNK,NE,ACE,CE,Combined TRACON& Tower with Radar,2,42,66,67,177,0,4,48,3,55,2,46,114,70,232,64,126,190,422
06/23/2006,LNK,NE,ACE,CE,Combined TRACON& Tower with Radar,2,37,68,35,142,0,4,40,3,47,2,41,108,38,189,41,76,117,306
06/24/2006,LNK,NE,ACE,CE,Combined TRACON& Tower with Radar,1,32,31,7,71,0,9,16,1,26,1,41,47,8,97,6,10,16,113
06/25/2006,LNK,NE,ACE,CE,Combined TRACON& Tower with Radar,2,33,34,5,74,0,0,30,0,30,2,33,64,5,104,30,8,38,142
06/26/2006,LNK,NE,ACE,CE,Combined TRACON& Tower with Radar,0,42,104,48,194,0,3,41,3,47,0,45,145,51,241,67,91,158,399
06/27/2006,LNK,NE,ACE,CE,Combined TRACON& Tower with Radar,2,36,65,66,169,0,0,40,1,41,2,36,105,67,210,83,121,204,414
06/28/2006,LNK,NE,ACE,CE,Combined TRACON& Tower with Radar,2,42,74,98,216,0,2,52,0,54,2,44,126,98,270,66,137,203,473
06/29/2006,LNK,NE,ACE,CE,Combined TRACON& Tower with Radar,0,45,68,70,183,0,1,44,5,50,0,46,112,75,233,31,143,174,407
06/30/2006,LNK,NE,ACE,CE,Combined TRACON& Tower with Radar,0,40,69,34,143,0,2,43,3,48,0,42,112,37,191,69,69,138,329
07/01/2006,LNK,NE,ACE,CE,Combined TRACON& Tower with Radar,2,30,34,1,67,0,5,37,2,44,2,35,71,3,111,22,0,22,133
07/02/2006,LNK,NE,ACE,CE,Combined TRACON& Tower with Radar,2,27,13,1,43,0,3,33,4,40,2,30,46,5,83,18,0,18,101
07/03/2006,LNK,NE,ACE,CE,Combined TRACON& Tower with Radar,0,30,21,3,54,0,2,34,2,38,0,32,55,5,92,35,0,35,127
07/04/2006,LNK,NE,ACE,CE,Combined TRACON& Tower with Radar,0,32,29,2,63,0,0,33,0,33,0,32,62,2,96,26,0,26,122
07/05/2006,LNK,NE,ACE,CE,Combined TRACON& Tower with Radar,2,38,32,76,148,0,2,45,2,49,2,40,77,78,197,51,150,201,398
07/06/2006,LNK,NE,ACE,CE,Combined TRACON& Tower with Radar,0,37,54,96,187,0,3,58,1,62,0,40,112,97,249,55,214,269,518
07/07/2006,LNK,NE,ACE,CE,Combined TRACON& Tower with Radar,0,38,48,50,136,0,1,38,6,45,0,39,86,56,181,58,156,214,395
07/08/2006,LNK,NE,ACE,CE,Combined TRACON& Tower with Radar,2,29,22,9,62,0,4,20,1,25,2,33,42,10,87,42,12,54,141
07/09/2006,LNK,NE,ACE,CE,Combined TRACON& Tower with Radar,0,40,34,16,90,0,3,55,0,58,0,43,89,16,148,63,42,105,253
07/10/2006,LNK,NE,ACE,CE,Combined TRACON& Tower with Radar,2,42,74,40,158,0,0,5,0,5,2,42,79,40,163,42,44,86,249
07/11/2006,LNK,NE,ACE,CE,Combined TRACON& Tower with Radar,0,34,48,87,169,0,5,43,4,52,0,39,91,91,221,24,168,192,413
07/12/2006,LNK,NE,ACE,CE,Combined TRACON& Tower with Radar,2,38,74,82,196,0,4,34,5,43,2,42,108,87,239,32,199,231,470
07/13/2006,LNK,NE,ACE,CE,Combined TRACON& Tower with Radar,3,33,57,47,140,0,3,27,3,33,3,36,84,50,173,44,66,110,283
07/14/2006,LNK,NE,ACE,CE,Combined TRACON& Tower with Radar,0,33,31,34,98,0,9,39,9,57,0,42,70,43,155,15,77,92,247
07/15/2006,LNK,NE,ACE,CE,Combined TRACON& Tower with Radar,3,27,28,1,59,0,6,32,2,40,3,33,60,3,99,12,0,12,111
07/16/2006,LNK,NE,ACE,CE,Combined TRACON& Tower with Radar,0,25,37,6,68,0,2,40,1,43,0,27,77,7,111,29,10,39,150
07/17/2006,LNK,NE,ACE,CE,Combined TRACON& Tower with Radar,0,33,57,84,174,0,3,21,4,28,0,36,78,88,202,17,175,192,394
07/18/2006,LNK,NE,ACE,CE,Combined TRACON& Tower with Radar,0,32,59,90,181,0,0,38,5,43,0,32,97,95,224,44,204,248,472
07/19/2006,LNK,NE,ACE,CE,Combined TRACON& Tower with Radar,2,38,60,93,193,0,2,37,2,41,2,40,97,95,234,37,264,301,535
07/20/2006,LNK,NE,ACE,CE,Combined TRACON& Tower with Radar,0,40,69,55,164,0,2,33,4,39,0,42,102,59,203,51,110,161,364
07/21/2006,LNK,NE,ACE,CE,Combined TRACON& Tower with Radar,0,42,45,66,153,0,0,34,8,42,0,42,79,74,195,53,103,156,351
07/22/2006,LNK,NE,ACE,CE,Combined TRACON& Tower with Radar,2,34,32,13,81,0,4,32,0,36,2,38,64,13,117,22,24,46,163
07/23/2006,LNK,NE,ACE,CE,Combined TRACON& Tower with Radar,0,41,31,12,84,0,2,40,2,44,0,43,71,14,128,16,6,22,150
07/24/2006,LNK,NE,ACE,CE,Combined TRACON& Tower with Radar,0,34,47,53,134,0,1,57,15,73,0,35,104,68,207,30,129,159,366
07/25/2006,LNK,NE,ACE,CE,Combined TRACON& Tower with Radar,0,39,59,62,160,0,2,50,6,58,0,41,109,68,218,40,180,220,438
07/26/2006,LNK,NE,ACE,CE,Combined TRACON& Tower with Radar,2,32,56,78,168,0,4,30,2,36,2,36,86,80,204,49,170,219,423
07/27/2006,LNK,NE,ACE,CE,Combined TRACON& Tower with Radar,2,34,64,105,205,0,3,41,6,50,2,37,105,111,255,50,209,259,514
07/28/2006,LNK,NE,ACE,CE,Combined TRACON& Tower with Radar,0,39,86,55,180,0,2,28,0,30,0,41,114,55,210,21,149,170,380
07/29/2006,LNK,NE,ACE,CE,Combined TRACON& Tower with Radar,2,37,43,4,86,0,6,37,2,45,2,43,80,6,131,23,34,57,188
07/30/2006,LNK,NE,ACE,CE,Combined TRACON& Tower with Radar,0,26,37,11,74,0,5,36,0,41,0,31,73,11,115,42,6,48,163
07/31/2006,LNK,NE,ACE,CE,Combined TRACON& Tower with Radar,0,32,56,76,164,0,2,28,0,30,0,34,84,76,194,14,148,162,356
08/01/2006,LNK,NE,ACE,CE,Combined TRACON& Tower with Radar,0,36,46,78,160,0,5,28,0,33,0,41,74,78,193,3,186,189,382
08/02/2006,LNK,NE,ACE,CE,Combined TRACON& Tower with Radar,2,29,53,69,153,0,0,15,1,16,2,29,68,70,169,14,121,135,304
08/03/2006,LNK,NE,ACE,CE,Combined TRACON& Tower with Radar,0,45,58,92,195,0,5,40,2,47,0,50,98,94,242,33,139,172,414
08/04/2006,LNK,NE,ACE,CE,Combined TRACON& Tower with Radar,0,39,55,51,145,0,3,45,5,53,0,42,100,56,198,42,112,154,352
08/05/2006,LNK,NE,ACE,CE,Combined TRACON& Tower with Radar,2,35,43,12,92,0,2,38,4,44,2,37,81,16,136,54,22,76,212
08/06/2006,LNK,NE,ACE,CE,Combined TRACON& Tower with Radar,0,32,22,0,54,0,2,28,1,31,0,34,50,1,85,26,0,26,111
08/07/2006,LNK,NE,ACE,CE,Combined TRACON& Tower with Radar,0,36,47,54,137,0,1,11,0,12,0,37,58,54,149,19,65,84,233
08/08/2006,LNK,NE,ACE,CE,Combined TRACON& Tower with Radar,0,34,40,47,121,0,2,6,0,8,0,36,46,47,129,62,120,182,311
08/09/2006,LNK,NE,ACE,CE,Combined TRACON& Tower with Radar,2,32,51,56,141,0,0,24,0,24,2,32,75,56,165,33,142,175,340
08/10/2006,LNK,NE,ACE,CE,Combined TRACON& Tower with Radar,0,36,64,69,169,0,1,29,2,32,0,37,93,71,201,80,190,270,471
08/11/2006,LNK,NE,ACE,CE,Combined TRACON& Tower with Radar,0,35,56,86,177,0,2,46,4,52,0,37,102,90,229,55,193,248,477
08/12/2006,LNK,NE,ACE,CE,Combined TRACON& Tower with Radar,2,33,47,13,95,0,6,14,0,20,2,39,61,13,115,36,8,44,159
08/13/2006,LNK,NE,ACE,CE,Combined TRACON& Tower with Radar,0,31,37,9,77,0,2,11,0,13,0,33,48,9,90,24,32,56,146
08/14/2006,LNK,NE,ACE,CE,Combined TRACON& Tower with Radar,0,35,41,63,139,0,8,39,2,49,0,43,80,65,188,97,131,228,416
08/15/2006,LNK,NE,ACE,CE,Combined TRACON& Tower with Radar,0,36,42,80,158,0,2,58,0,60,0,38,100,80,218,131,193,324,542
08/16/2006,LNK,NE,ACE,CE,Combined TRACON& Tower with Radar,2,42,57,51,152,0,0,18,1,19,2,42,75,52,171,62,129,191,362
08/17/2006,LNK,NE,ACE,CE,Combined TRACON& Tower with Radar,0,47,60,49,156,0,1,21,9,31,0,48,81,58,187,68,90,158,345
08/18/2006,LNK,NE,ACE,CE,Combined TRACON& Tower with Radar,0,37,46,42,125,0,2,21,1,24,0,39,67,43,149,26,68,94,243
08/19/2006,LNK,NE,ACE,CE,Combined TRACON& Tower with Radar,3,35,44,17,99,0,0,19,1,20,3,35,63,18,119,30,54,84,203
08/20/2006,LNK,NE,ACE,CE,Combined TRACON& Tower with Radar,1,31,38,28,98,0,0,36,0,36,1,31,74,28,134,34,24,58,192
08/21/2006,LNK,NE,ACE,CE,Combined TRACON& Tower with Radar,0,33,82,46,161,0,2,32,0,34,0,35,114,46,195,30,156,186,381
08/22/2006,LNK,NE,ACE,CE,Combined TRACON& Tower with Radar,0,30,53,80,163,0,0,53,5,58,0,30,106,85,221,71,123,194,415
08/23/2006,LNK,NE,ACE,CE,Combined TRACON& Tower with Radar,2,34,72,96,204,0,8,54,4,66,2,42,126,100,270,62,168,230,500
08/24/2006,LNK,NE,ACE,CE,Combined TRACON& Tower with Radar,0,42,59,108,209,0,9,41,4,54,0,51,100,112,263,24,236,260,523
08/25/2006,LNK,NE,ACE,CE,Combined TRACON& Tower with Radar,0,34,62,52,148,0,3,34,3,40,0,37,96,55,188,22,86,108,296
08/26/2006,LNK,NE,ACE,CE,Combined TRACON& Tower with Radar,4,30,47,10,91,0,2,34,0,36,4,32,81,10,127,61,16,77,204
08/27/2006,LNK,NE,ACE,CE,Combined TRACON& Tower with Radar,0,34,49,7,90,0,6,9,0,15,0,40,58,7,105,38,4,42,147
08/28/2006,LNK,NE,ACE,CE,Combined TRACON& Tower with Radar,0,35,53,53,141,0,0,9,0,9,0,35,62,53,150,10,92,102,252
08/29/2006,LNK,NE,ACE,CE,Combined TRACON& Tower with Radar,0,34,51,68,153,0,0,49,7,56,0,34,100,75,209,61,179,240,449
08/30/2006,LNK,NE,ACE,CE,Combined TRACON& Tower with Radar,2,41,50,85,178,0,3,76,2,81,2,44,126,87,259,54,174,228,487
08/31/2006,LNK,NE,ACE,CE,Combined TRACON& Tower with Radar,1,36,71,104,212,0,0,39,2,41,1,36,110,106,253,25,213,238,491
09/01/2006,LNK,NE,ACE,CE,Combined TRACON& Tower with Radar,3,42,76,27,148,0,2,25,3,30,3,44,101,30,178,79,55,134,312
09/02/2006,LNK,NE,ACE,CE,Combined TRACON& Tower with Radar,4,40,58,1,103,0,5,21,4,30,4,45,79,5,133,6,0,6,139
09/03/2006,LNK,NE,ACE,CE,Combined TRACON& Tower with Radar,0,24,22,1,47,0,1,45,0,46,0,25,67,1,93,3,0,3,96
09/04/2006,LNK,NE,ACE,CE,Combined TRACON& Tower with Radar,0,37,36,5,78,0,4,48,1,53,0,41,84,6,131,48,0,48,179
09/05/2006,LNK,NE,ACE,CE,Combined TRACON& Tower with Radar,0,37,36,5,78,0,4,48,1,53,0,41,84,6,131,30,175,205,336
09/06/2006,LNK,NE,ACE,CE,Combined TRACON& Tower with Radar,2,32,65,144,243,0,7,49,4,60,2,39,114,148,303,87,253,340,643
09/07/2006,LNK,NE,ACE,CE,Combined TRACON& Tower with Radar,3,39,61,107,210,0,4,50,1,55,3,43,111,108,265,34,220,254,519
09/08/2006,LNK,NE,ACE,CE,Combined TRACON& Tower with Radar,1,36,56,54,147,0,0,53,0,53,1,36,109,54,200,30,122,152,352
09/09/2006,LNK,NE,ACE,CE,Combined TRACON& Tower with Radar,3,30,44,9,86,0,2,3,0,5,3,32,47,9,91,12,2,14,105
09/10/2006,LNK,NE,ACE,CE,Combined TRACON& Tower with Radar,0,26,38,5,69,0,2,1,0,3,0,28,39,5,72,19,8,27,99
09/11/2006,LNK,NE,ACE,CE,Combined TRACON& Tower with Radar,0,31,69,96,196,0,0,5,0,5,0,31,74,96,201,17,125,142,343
09/12/2006,LNK,NE,ACE,CE,Combined TRACON& Tower with Radar,0,33,56,87,176,0,1,30,2,33,0,34,86,89,209,44,176,220,429
09/13/2006,LNK,NE,ACE,CE,Combined TRACON& Tower with Radar,4,32,55,127,218,0,5,56,5,66,4,37,111,132,284,89,206,295,579
09/14/2006,LNK,NE,ACE,CE,Combined TRACON& Tower with Radar,2,31,47,77,157,0,3,30,8,41,2,34,77,85,198,12,139,151,349
09/15/2006,LNK,NE,ACE,CE,Combined TRACON& Tower with Radar,4,34,69,42,149,0,2,11,0,13,4,36,80,42,162,8,71,79,241
09/16/2006,LNK,NE,ACE,CE,Combined TRACON& Tower with Radar,2,33,15,1,51,0,3,11,0,14,2,36,26,1,65,2,3,5,70
09/17/2006,LNK,NE,ACE,CE,Combined TRACON& Tower with Radar,0,34,34,13,81,0,3,19,0,22,0,37,53,13,103,13,0,13,116
09/18/2006,LNK,NE,ACE,CE,Combined TRACON& Tower with Radar,0,32,43,70,145,0,7,23,1,31,0,39,66,71,176,12,90,102,278
09/19/2006,LNK,NE,ACE,CE,Combined TRACON& Tower with Radar,0,30,63,75,168,0,2,45,2,49,0,32,108,77,217,26,146,172,389
09/20/2006,LNK,NE,ACE,CE,Combined TRACON& Tower with Radar,2,27,66,81,176,0,0,37,5,42,2,27,103,86,218,38,122,160,378
09/21/2006,LNK,NE,ACE,CE,Combined TRACON& Tower with Radar,0,34,25,23,82,0,3,5,1,9,0,37,30,24,91,0,12,12,103
09/22/2006,LNK,NE,ACE,CE,Combined TRACON& Tower with Radar,1,29,56,26,112,27,0,0,0,27,28,29,56,26,139,2,54,56,195
09/23/2006,LNK,NE,ACE,CE,Combined TRACON& Tower with Radar,5,23,22,5,55,0,2,17,0,19,5,25,39,5,74,2,2,4,78
09/24/2006,LNK,NE,ACE,CE,Combined TRACON& Tower with Radar,2,27,35,15,79,0,4,44,2,50,2,31,79,17,129,23,0,23,152
09/25/2006,LNK,NE,ACE,CE,Combined TRACON& Tower with Radar,0,32,61,56,149,0,12,44,3,59,0,44,105,59,208,44,79,123,331
09/26/2006,LNK,NE,ACE,CE,Combined TRACON& Tower with Radar,0,35,52,73,160,0,2,56,2,60,0,37,108,75,220,48,104,152,372
09/27/2006,LNK,NE,ACE,CE,Combined TRACON& Tower with Radar,2,32,60,40,134,0,2,10,4,16,2,34,70,44,150,27,76,103,253
09/28/2006,LNK,NE,ACE,CE,Combined TRACON& Tower with Radar,0,40,42,36,118,0,1,40,5,46,0,41,82,41,164,54,92,146,310
09/29/2006,LNK,NE,ACE,CE,Combined TRACON& Tower with Radar,0,35,47,7,89,0,9,32,1,42,0,44,79,8,131,6,4,10,141
09/30/2006,LNK,NE,ACE,CE,Combined TRACON& Tower with Radar,2,37,35,9,83,0,2,78,1,81,2,39,113,10,164,24,10,34,198
10/01/2006,LNK,NE,ACE,CE,Combined TRACON& Tower with Radar,0,31,52,3,86,0,5,82,0,87,0,36,134,3,173,32,0,32,205
10/02/2006,LNK,NE,ACE,CE,Combined TRACON& Tower with Radar,0,34,61,60,155,0,0,32,3,35,0,34,93,63,190,32,98,130,320
10/03/2006,LNK,NE,ACE,CE,Combined TRACON& Tower with Radar,0,31,56,35,122,0,6,31,1,38,0,37,87,36,160,37,114,151,311
10/04/2006,LNK,NE,ACE,CE,Combined TRACON& Tower with Radar,2,32,24,119,177,0,2,6,2,10,2,34,30,121,187,0,174,174,361
10/05/2006,LNK,NE,ACE,CE,Combined TRACON& Tower with Radar,2,37,74,59,172,0,1,45,1,47,2,38,119,60,219,58,133,191,410
10/06/2006,LNK,NE,ACE,CE,Combined TRACON& Tower with Radar,0,33,53,40,126,0,4,38,1,43,0,37,91,41,169,9,64,73,242
10/07/2006,LNK,NE,ACE,CE,Combined TRACON& Tower with Radar,3,29,20,0,52,0,6,23,0,29,3,35,43,0,81,10,0,10,91
10/08/2006,LNK,NE,ACE,CE,Combined TRACON& Tower with Radar,1,29,45,6,81,0,6,41,0,47,1,35,86,6,128,19,0,19,147
10/09/2006,LNK,NE,ACE,CE,Combined TRACON& Tower with Radar,0,33,56,3,92,0,1,10,0,11,0,34,66,3,103,17,4,21,124
10/10/2006,LNK,NE,ACE,CE,Combined TRACON& Tower with Radar,0,40,60,50,150,0,7,4,2,13,0,47,64,52,163,34,43,77,240
10/11/2006,LNK,NE,ACE,CE,Combined TRACON& Tower with Radar,2,38,46,56,142,0,2,8,2,12,2,40,54,58,154,16,94,110,264
10/12/2006,LNK,NE,ACE,CE,Combined TRACON& Tower with Radar,2,39,58,52,151,0,0,16,3,19,2,39,74,55,170,10,62,72,242
10/13/2006,LNK,NE,ACE,CE,Combined TRACON& Tower with Radar,0,37,43,48,128,0,6,39,2,47,0,43,82,50,175,22,68,90,265
10/14/2006,LNK,NE,ACE,CE,Combined TRACON& Tower with Radar,2,28,30,32,92,0,7,44,0,51,2,35,74,32,143,72,54,126,269
10/15/2006,LNK,NE,ACE,CE,Combined TRACON& Tower with Radar,3,29,44,15,91,0,4,9,0,13,3,33,53,15,104,28,42,70,174
10/16/2006,LNK,NE,ACE,CE,Combined TRACON& Tower with Radar,2,36,59,50,147,0,0,3,0,3,2,36,62,50,150,14,48,62,212
10/17/2006,LNK,NE,ACE,CE,Combined TRACON& Tower with Radar,0,37,64,88,189,0,2,7,0,9,0,39,71,88,198,34,139,173,371
10/18/2006,LNK,NE,ACE,CE,Combined TRACON& Tower with Radar,2,42,41,68,153,0,0,4,0,4,2,42,45,68,157,28,156,184,341
10/19/2006,LNK,NE,ACE,CE,Combined TRACON& Tower with Radar,0,42,60,112,214,0,2,41,1,44,0,44,101,113,258,63,209,272,530
10/20/2006,LNK,NE,ACE,CE,Combined TRACON& Tower with Radar,4,55,83,43,185,0,4,44,6,54,4,59,127,49,239,36,92,128,367
10/21/2006,LNK,NE,ACE,CE,Combined TRACON& Tower with Radar,10,38,107,3,158,0,1,15,4,20,10,39,122,7,178,0,0,0,178
10/22/2006,LNK,NE,ACE,CE,Combined TRACON& Tower with Radar,5,36,42,3,86,0,3,22,0,25,5,39,64,3,111,59,2,61,172
10/23/2006,LNK,NE,ACE,CE,Combined TRACON& Tower with Radar,0,32,43,39,114,0,10,44,1,55,0,42,87,40,169,33,100,133,302
10/24/2006,LNK,NE,ACE,CE,Combined TRACON& Tower with Radar,0,34,44,70,148,0,7,34,2,43,0,41,78,72,191,61,90,151,342
10/25/2006,LNK,NE,ACE,CE,Combined TRACON& Tower with Radar,2,35,49,71,157,0,2,9,1,12,2,37,58,72,169,6,117,123,292
10/26/2006,LNK,NE,ACE,CE,Combined TRACON& Tower with Radar,0,36,36,92,164,0,0,0,0,0,0,36,36,92,164,6,126,132,296
10/27/2006,LNK,NE,ACE,CE,Combined TRACON& Tower with Radar,2,45,45,22,114,0,4,43,1,48,2,49,88,23,162,32,15,47,209
10/28/2006,LNK,NE,ACE,CE,Combined TRACON& Tower with Radar,3,29,32,4,68,0,7,35,1,43,3,36,67,5,111,30,0,30,141
10/29/2006,LNK,NE,ACE,CE,Combined TRACON& Tower with Radar,0,32,28,4,64,0,4,43,0,47,0,36,71,4,111,99,8,107,218
10/30/2006,LNK,NE,ACE,CE,Combined TRACON& Tower with Radar,1,44,59,59,163,0,0,16,0,16,1,44,75,59,179,8,140,148,327
10/31/2006,LNK,NE,ACE,CE,Combined TRACON& Tower with Radar,4,31,34,35,104,0,8,29,0,37,4,39,63,35,141,39,106,145,286
11/01/2006,LNK,NE,ACE,CE,Combined TRACON& Tower with Radar,5,35,59,64,163,0,2,30,0,32,5,37,89,64,195,42,134,176,371
11/02/2006,LNK,NE,ACE,CE,Combined TRACON& Tower with Radar,3,32,49,83,167,0,5,34,4,43,3,37,83,87,210,15,172,187,397
11/03/2006,LNK,NE,ACE,CE,Combined TRACON& Tower with Radar,2,35,69,84,190,0,3,34,2,39,2,38,103,86,229,22,163,185,414
11/04/2006,LNK,NE,ACE,CE,Combined TRACON& Tower with Radar,7,26,59,3,95,0,2,79,1,82,7,28,138,4,177,38,0,38,215
11/05/2006,LNK,NE,ACE,CE,Combined TRACON& Tower with Radar,0,29,39,9,77,0,2,44,0,46,0,31,83,9,123,60,2,62,185
11/06/2006,LNK,NE,ACE,CE,Combined TRACON& Tower with Radar,4,36,30,61,131,0,0,25,0,25,4,36,55,61,156,80,175,255,411
11/07/2006,LNK,NE,ACE,CE,Combined TRACON& Tower with Radar,4,28,50,83,165,0,4,32,0,36,4,32,82,83,201,59,230,289,490
11/08/2006,LNK,NE,ACE,CE,Combined TRACON& Tower with Radar,5,30,40,30,105,0,4,44,3,51,5,34,84,33,156,56,61,117,273
11/09/2006,LNK,NE,ACE,CE,Combined TRACON& Tower with Radar,2,29,52,39,122,0,1,27,2,30,2,30,79,41,152,20,118,138,290
11/10/2006,LNK,NE,ACE,CE,Combined TRACON& Tower with Radar,5,30,32,22,89,0,2,4,0,6,5,32,36,22,95,2,36,38,133
11/11/2006,LNK,NE,ACE,CE,Combined TRACON& Tower with Radar,5,27,23,0,55,0,2,27,0,29,5,29,50,0,84,70,0,70,154
11/12/2006,LNK,NE,ACE,CE,Combined TRACON& Tower with Radar,2,30,30,2,64,0,7,16,0,23,2,37,46,2,87,62,0,62,149
11/13/2006,LNK,NE,ACE,CE,Combined TRACON& Tower with Radar,4,34,49,12,99,0,2,33,1,36,4,36,82,13,135,25,22,47,182
11/14/2006,LNK,NE,ACE,CE,Combined TRACON& Tower with Radar,4,29,42,47,122,0,2,19,6,27,4,31,61,53,149,51,93,144,293
11/15/2006,LNK,NE,ACE,CE,Combined TRACON& Tower with Radar,5,27,47,33,112,0,2,6,0,8,5,29,53,33,120,0,48,48,168
11/16/2006,LNK,NE,ACE,CE,Combined TRACON& Tower with Radar,4,28,61,60,153,0,0,33,1,34,4,28,94,61,187,27,81,108,295
11/17/2006,LNK,NE,ACE,CE,Combined TRACON& Tower with Radar,4,32,56,35,127,0,5,41,9,55,4,37,97,44,182,52,83,135,317
11/18/2006,LNK,NE,ACE,CE,Combined TRACON& Tower with Radar,6,26,27,1,60,0,0,62,0,62,6,26,89,1,122,46,0,46,168
11/19/2006,LNK,NE,ACE,CE,Combined TRACON& Tower with Radar,0,25,32,0,57,0,0,42,0,42,0,25,74,0,99,123,0,123,222
11/20/2006,LNK,NE,ACE,CE,Combined TRACON& Tower with Radar,4,24,40,26,94,0,2,30,0,32,4,26,70,26,126,47,33,80,206
11/21/2006,LNK,NE,ACE,CE,Combined TRACON& Tower with Radar,6,41,37,18,102,0,1,46,3,50,6,42,83,21,152,111,36,147,299
11/22/2006,LNK,NE,ACE,CE,Combined TRACON& Tower with Radar,6,33,46,44,129,0,2,68,4,74,6,35,114,48,203,59,124,183,386
11/23/2006,LNK,NE,ACE,CE,Combined TRACON& Tower with Radar,4,24,13,0,41,0,2,30,0,32,4,26,43,0,73,0,0,0,73
11/24/2006,LNK,NE,ACE,CE,Combined TRACON& Tower with Radar,6,23,44,1,74,0,2,65,4,71,6,25,109,5,145,22,12,34,179
11/25/2006,LNK,NE,ACE,CE,Combined TRACON& Tower with Radar,4,34,16,1,55,0,2,57,0,59,4,36,73,1,114,40,0,40,154
11/26/2006,LNK,NE,ACE,CE,Combined TRACON& Tower with Radar,4,32,46,0,82,0,0,0,0,0,4,32,46,0,82,6,0,6,88
11/27/2006,LNK,NE,ACE,CE,Combined TRACON& Tower with Radar,4,24,34,1,63,0,0,0,0,0,4,24,34,1,63,0,0,0,63
11/28/2006,LNK,NE,ACE,CE,Combined TRACON& Tower with Radar,3,28,46,15,92,0,1,12,0,13,3,29,58,15,105,36,26,62,167
11/29/2006,LNK,NE,ACE,CE,Combined TRACON& Tower with Radar,8,27,46,28,109,0,2,7,0,9,8,29,53,28,118,28,34,62,180
11/30/2006,LNK,NE,ACE,CE,Combined TRACON& Tower with Radar,4,33,55,35,127,0,1,22,2,25,4,34,77,37,152,56,99,155,307
12/01/2006,LNK,NE,ACE,CE,Combined TRACON& Tower with Radar,4,28,45,16,93,0,0,39,1,40,4,28,84,17,133,55,20,75,208
12/02/2006,LNK,NE,ACE,CE,Combined TRACON& Tower with Radar,6,23,36,2,67,0,1,45,0,46,6,24,81,2,113,45,0,45,158
12/03/2006,LNK,NE,ACE,CE,Combined TRACON& Tower with Radar,0,27,35,0,62,0,2,32,0,34,0,29,67,0,96,56,0,56,152
12/04/2006,LNK,NE,ACE,CE,Combined TRACON& Tower with Radar,4,29,49,15,97,0,2,34,0,36,4,31,83,15,133,48,42,90,223
12/05/2006,LNK,NE,ACE,CE,Combined TRACON& Tower with Radar,3,24,58,30,115,0,0,53,4,57,3,24,111,34,172,69,42,111,283
12/06/2006,LNK,NE,ACE,CE,Combined TRACON& Tower with Radar,5,35,48,20,108,0,5,30,5,40,5,40,78,25,148,38,44,82,230
12/07/2006,LNK,NE,ACE,CE,Combined TRACON& Tower with Radar,4,35,56,33,128,0,3,30,7,40,4,38,86,40,168,29,47,76,244
12/08/2006,LNK,NE,ACE,CE,Combined TRACON& Tower with Radar,5,25,47,34,111,0,3,34,3,40,5,28,81,37,151,33,65,98,249
12/09/2006,LNK,NE,ACE,CE,Combined TRACON& Tower with Radar,6,20,26,24,76,0,7,54,0,61,6,27,80,24,137,84,58,142,279
12/10/2006,LNK,NE,ACE,CE,Combined TRACON& Tower with Radar,2,26,20,25,73,0,2,29,0,31,2,28,49,25,104,21,47,68,172
12/11/2006,LNK,NE,ACE,CE,Combined TRACON& Tower with Radar,4,26,34,34,98,0,0,2,0,2,4,26,36,34,100,2,52,54,154
12/12/2006,LNK,NE,ACE,CE,Combined TRACON& Tower with Radar,4,32,35,18,89,0,2,7,0,9,4,34,42,18,98,30,50,80,178
12/13/2006,LNK,NE,ACE,CE,Combined TRACON& Tower with Radar,5,30,46,28,109,0,7,45,8,60,5,37,91,36,169,65,80,145,314
12/14/2006,LNK,NE,ACE,CE,Combined TRACON& Tower with Radar,4,32,45,19,100,0,4,64,1,69,4,36,109,20,169,52,11,63,232
12/15/2006,LNK,NE,ACE,CE,Combined TRACON& Tower with Radar,2,31,54,28,115,0,2,55,0,57,2,33,109,28,172,117,75,192,364
12/16/2006,LNK,NE,ACE,CE,Combined TRACON& Tower with Radar,2,32,21,1,56,0,1,34,0,35,2,33,55,1,91,20,0,20,111
12/17/2006,LNK,NE,ACE,CE,Combined TRACON& Tower with Radar,2,30,20,0,52,0,1,25,0,26,2,31,45,0,78,36,0,36,114
12/18/2006,LNK,NE,ACE,CE,Combined TRACON& Tower with Radar,2,27,41,27,97,0,5,31,0,36,2,32,72,27,133,28,103,131,264
12/19/2006,LNK,NE,ACE,CE,Combined TRACON& Tower with Radar,3,30,53,25,111,0,3,40,1,44,3,33,93,26,155,92,53,145,300
12/20/2006,LNK,NE,ACE,CE,Combined TRACON& Tower with Radar,2,28,27,18,75,0,1,4,0,5,2,29,31,18,80,8,16,24,104
12/21/2006,LNK,NE,ACE,CE,Combined TRACON& Tower with Radar,1,19,46,20,86,0,0,0,0,0,1,19,46,20,86,8,16,24,110
12/22/2006,LNK,NE,ACE,CE,Combined TRACON& Tower with Radar,1,42,42,3,88,0,1,1,0,2,1,43,43,3,90,40,4,44,134
12/23/2006,LNK,NE,ACE,CE,Combined TRACON& Tower with Radar,2,29,34,1,66,0,2,46,0,48,2,31,80,1,114,76,1,77,191
12/24/2006,LNK,NE,ACE,CE,Combined TRACON& Tower with Radar,4,23,12,0,39,0,2,16,0,18,4,25,28,0,57,2,0,2,59
12/25/2006,LNK,NE,ACE,CE,Combined TRACON& Tower with Radar,0,22,4,0,26,0,1,11,0,12,0,23,15,0,38,0,0,0,38
12/26/2006,LNK,NE,ACE,CE,Combined TRACON& Tower with Radar,4,35,48,0,87,0,5,22,1,28,4,40,70,1,115,30,0,30,145
12/27/2006,LNK,NE,ACE,CE,Combined TRACON& Tower with Radar,4,33,34,9,80,0,4,43,4,51,4,37,77,13,131,66,31,97,228
12/28/2006,LNK,NE,ACE,CE,Combined TRACON& Tower with Radar,2,32,37,4,75,0,4,31,1,36,2,36,68,5,111,45,27,72,183
12/29/2006,LNK,NE,ACE,CE,Combined TRACON& Tower with Radar,4,26,16,0,46,0,0,0,0,0,4,26,16,0,46,0,0,0,46
12/30/2006,LNK,NE,ACE,CE,Combined TRACON& Tower with Radar,2,21,6,0,29,0,0,0,0,0,2,21,6,0,29,0,0,0,29
12/31/2006,LNK,NE,ACE,CE,Combined TRACON& Tower with Radar,4,15,12,0,31,0,2,0,0,2,4,17,12,0,33,0,0,0,33
01/01/2007,LNK,NE,ACE,CE,Combined TRACON& Tower with Radar,4,25,18,0,47,0,0,6,2,8,4,25,24,2,55,0,0,0,55
01/02/2007,LNK,NE,ACE,CE,Combined TRACON& Tower with Radar,2,0,0,2,4,0,0,0,2,2,2,0,0,4,6,44,0,44,50
01/03/2007,LNK,NE,ACE,CE,Combined TRACON& Tower with Radar,4,31,40,45,120,0,3,22,1,26,4,34,62,46,146,56,82,138,284
01/04/2007,LNK,NE,ACE,CE,Combined TRACON& Tower with Radar,2,24,45,65,136,0,1,27,8,36,2,25,72,73,172,59,118,177,349
01/05/2007,LNK,NE,ACE,CE,Combined TRACON& Tower with Radar,2,31,35,21,89,0,2,14,2,18,2,33,49,23,107,32,49,81,188
01/06/2007,LNK,NE,ACE,CE,Combined TRACON& Tower with Radar,2,34,40,10,86,0,0,54,2,56,2,34,94,12,142,66,27,93,235
01/07/2007,LNK,NE,ACE,CE,Combined TRACON& Tower with Radar,2,22,35,4,63,0,3,19,0,22,2,25,54,4,85,10,4,14,99
01/08/2007,LNK,NE,ACE,CE,Combined TRACON& Tower with Radar,2,31,47,6,86,0,3,12,0,15,2,34,59,6,101,16,12,28,129
01/09/2007,LNK,NE,ACE,CE,Combined TRACON& Tower with Radar,4,19,36,17,76,0,6,32,1,39,4,25,68,18,115,52,22,74,189
01/10/2007,LNK,NE,ACE,CE,Combined TRACON& Tower with Radar,6,31,30,58,125,0,8,35,8,51,6,39,65,66,176,68,137,205,381
01/11/2007,LNK,NE,ACE,CE,Combined TRACON& Tower with Radar,3,33,50,59,145,0,2,16,18,36,3,35,66,77,181,11,121,132,313
01/12/2007,LNK,NE,ACE,CE,Combined TRACON& Tower with Radar,5,34,33,21,93,0,7,6,0,13,5,41,39,21,106,6,28,34,140
01/13/2007,LNK,NE,ACE,CE,Combined TRACON& Tower with Radar,6,16,12,5,39,0,0,2,0,2,6,16,14,5,41,0,0,0,41
01/14/2007,LNK,NE,ACE,CE,Combined TRACON& Tower with Radar,1,26,7,0,34,0,0,0,0,0,1,26,7,0,34,0,0,0,34
01/15/2007,LNK,NE,ACE,CE,Combined TRACON& Tower with Radar,5,28,62,0,95,0,0,12,0,12,5,28,74,0,107,32,0,32,139
01/16/2007,LNK,NE,ACE,CE,Combined TRACON& Tower with Radar,3,24,43,19,89,0,1,18,0,19,3,25,61,19,108,57,10,67,175
01/17/2007,LNK,NE,ACE,CE,Combined TRACON& Tower with Radar,6,26,40,38,110,0,6,24,7,37,6,32,64,45,147,16,100,116,263
01/18/2007,LNK,NE,ACE,CE,Combined TRACON& Tower with Radar,4,31,44,20,99,0,4,17,0,21,4,35,61,20,120,31,10,41,161
01/19/2007,LNK,NE,ACE,CE,Combined TRACON& Tower with Radar,3,27,44,50,124,0,3,40,3,46,3,30,84,53,170,89,87,176,346
01/20/2007,LNK,NE,ACE,CE,Combined TRACON& Tower with Radar,6,19,29,6,60,0,1,31,0,32,6,20,60,6,92,105,0,105,197
01/21/2007,LNK,NE,ACE,CE,Combined TRACON& Tower with Radar,0,19,12,0,31,0,0,0,0,0,0,19,12,0,31,0,0,0,31
01/22/2007,LNK,NE,ACE,CE,Combined TRACON& Tower with Radar,4,36,56,2,98,0,2,13,1,16,4,38,69,3,114,80,1,81,195
01/23/2007,LNK,NE,ACE,CE,Combined TRACON& Tower with Radar,4,25,50,29,108,0,0,22,1,23,4,25,72,30,131,48,61,109,240
01/24/2007,LNK,NE,ACE,CE,Combined TRACON& Tower with Radar,7,32,53,36,128,0,6,55,1,62,7,38,108,37,190,66,54,120,310
01/25/2007,LNK,NE,ACE,CE,Combined TRACON& Tower with Radar,4,36,51,40,131,0,2,13,0,15,4,38,64,40,146,35,60,95,241
01/26/2007,LNK,NE,ACE,CE,Combined TRACON& Tower with Radar,4,27,36,27,94,0,3,35,1,39,4,30,71,28,133,45,70,115,248
01/27/2007,LNK,NE,ACE,CE,Combined TRACON& Tower with Radar,5,22,21,2,50,0,6,9,0,15,5,28,30,2,65,12,0,12,77
01/28/2007,LNK,NE,ACE,CE,Combined TRACON& Tower with Radar,3,28,21,4,56,0,0,37,0,37,3,28,58,4,93,52,0,52,145
01/29/2007,LNK,NE,ACE,CE,Combined TRACON& Tower with Radar,3,24,51,6,84,0,0,7,0,7,3,24,58,6,91,6,4,10,101
01/30/2007,LNK,NE,ACE,CE,Combined TRACON& Tower with Radar,4,34,42,22,102,0,2,32,5,39,4,36,74,27,141,77,68,145,286
01/31/2007,LNK,NE,ACE,CE,Combined TRACON& Tower with Radar,7,28,31,21,87,0,1,8,3,12,7,29,39,24,99,8,37,45,144
02/01/2007,LNK,NE,ACE,CE,Combined TRACON& Tower with Radar,2,31,49,36,118,0,3,21,0,24,2,34,70,36,142,47,63,110,252
02/02/2007,LNK,NE,ACE,CE,Combined TRACON& Tower with Radar,4,32,52,22,110,0,1,20,6,27,4,33,72,28,137,13,39,52,189
02/03/2007,LNK,NE,ACE,CE,Combined TRACON& Tower with Radar,6,33,14,1,54,0,6,10,0,16,6,39,24,1,70,48,0,48,118
02/04/2007,LNK,NE,ACE,CE,Combined TRACON& Tower with Radar,2,22,14,0,38,0,0,17,2,19,2,22,31,2,57,79,0,79,136
02/05/2007,LNK,NE,ACE,CE,Combined TRACON& Tower with Radar,4,23,53,7,87,0,0,12,0,12,4,23,65,7,99,62,19,81,180
02/06/2007,LNK,NE,ACE,CE,Combined TRACON& Tower with Radar,3,31,43,16,93,0,5,32,0,37,3,36,75,16,130,20,36,56,186
02/07/2007,LNK,NE,ACE,CE,Combined TRACON& Tower with Radar,6,41,41,29,117,0,2,7,1,10,6,43,48,30,127,5,44,49,176
02/08/2007,LNK,NE,ACE,CE,Combined TRACON& Tower with Radar,5,34,45,21,105,0,2,5,5,12,5,36,50,26,117,60,31,91,208
02/09/2007,LNK,NE,ACE,CE,Combined TRACON& Tower with Radar,6,25,50,17,98,0,2,14,1,17,6,27,64,18,115,30,46,76,191
02/10/2007,LNK,NE,ACE,CE,Combined TRACON& Tower with Radar,7,21,26,14,68,0,2,18,1,21,7,23,44,15,89,68,40,108,197
02/11/2007,LNK,NE,ACE,CE,Combined TRACON& Tower with Radar,5,29,6,10,50,0,1,7,0,8,5,30,13,10,58,66,8,74,132
02/12/2007,LNK,NE,ACE,CE,Combined TRACON& Tower with Radar,2,35,9,3,49,0,0,0,0,0,2,35,9,3,49,0,0,0,49
02/13/2007,LNK,NE,ACE,CE,Combined TRACON& Tower with Radar,3,34,31,1,69,0,5,1,0,6,3,39,32,1,75,24,0,24,99
02/14/2007,LNK,NE,ACE,CE,Combined TRACON& Tower with Radar,5,27,35,26,93,0,1,5,4,10,5,28,40,30,103,76,57,133,236
02/15/2007,LNK,NE,ACE,CE,Combined TRACON& Tower with Radar,3,34,41,12,90,0,0,18,0,18,3,34,59,12,108,40,22,62,170
02/16/2007,LNK,NE,ACE,CE,Combined TRACON& Tower with Radar,6,34,38,10,88,0,2,12,0,14,6,36,50,10,102,20,8,28,130
02/17/2007,LNK,NE,ACE,CE,Combined TRACON& Tower with Radar,4,32,28,0,64,0,5,13,0,18,4,37,41,0,82,16,0,16,98
02/18/2007,LNK,NE,ACE,CE,Combined TRACON& Tower with Radar,4,24,34,2,64,0,4,56,0,60,4,28,90,2,124,108,2,110,234
02/19/2007,LNK,NE,ACE,CE,Combined TRACON& Tower with Radar,4,43,49,3,99,0,9,30,0,39,4,52,79,3,138,116,0,116,254
02/20/2007,LNK,NE,ACE,CE,Combined TRACON& Tower with Radar,3,39,47,39,128,0,3,42,3,48,3,42,89,42,176,104,48,152,328
02/21/2007,LNK,NE,ACE,CE,Combined TRACON& Tower with Radar,4,24,35,32,95,0,2,36,6,44,4,26,71,38,139,53,64,117,256
02/22/2007,LNK,NE,ACE,CE,Combined TRACON& Tower with Radar,4,22,43,58,127,0,2,60,6,68,4,24,103,64,195,41,140,181,376
02/23/2007,LNK,NE,ACE,CE,Combined TRACON& Tower with Radar,3,36,47,14,100,0,9,8,0,17,3,45,55,14,117,0,26,26,143
02/24/2007,LNK,NE,ACE,CE,Combined TRACON& Tower with Radar,5,16,12,0,33,0,1,0,0,1,5,17,12,0,34,0,0,0,34
02/25/2007,LNK,NE,ACE,CE,Combined TRACON& Tower with Radar,3,26,22,0,51,0,1,2,0,3,3,27,24,0,54,0,0,0,54
02/26/2007,LNK,NE,ACE,CE,Combined TRACON& Tower with Radar,4,33,37,13,87,0,0,25,3,28,4,33,62,16,115,21,14,35,150
02/27/2007,LNK,NE,ACE,CE,Combined TRACON& Tower with Radar,4,28,42,45,119,0,0,36,3,39,4,28,78,48,158,60,147,207,365
02/28/2007,LNK,NE,ACE,CE,Combined TRACON& Tower with Radar,6,30,42,38,116,0,1,0,0,1,6,31,42,38,117,42,55,97,214
03/01/2007,LNK,NE,ACE,CE,Combined TRACON& Tower with Radar,4,13,14,4,35,0,1,0,0,1,4,14,14,4,36,6,0,6,42
03/02/2007,LNK,NE,ACE,CE,Combined TRACON& Tower with Radar,2,34,35,10,81,0,4,1,4,9,2,38,36,14,90,0,8,8,98
03/03/2007,LNK,NE,ACE,CE,Combined TRACON& Tower with Radar,8,19,19,0,46,0,6,5,0,11,8,25,24,0,57,6,0,6,63
03/04/2007,LNK,NE,ACE,CE,Combined TRACON& Tower with Radar,2,25,32,2,61,0,2,48,0,50,2,27,80,2,111,74,0,74,185
03/05/2007,LNK,NE,ACE,CE,Combined TRACON& Tower with Radar,5,31,57,18,111,0,0,29,0,29,5,31,86,18,140,28,54,82,222
03/06/2007,LNK,NE,ACE,CE,Combined TRACON& Tower with Radar,4,29,59,32,124,0,4,29,2,35,4,33,88,34,159,80,130,210,369
03/07/2007,LNK,NE,ACE,CE,Combined TRACON& Tower with Radar,6,43,49,31,129,0,1,0,0,1,6,44,49,31,130,2,46,48,178
03/08/2007,LNK,NE,ACE,CE,Combined TRACON& Tower with Radar,6,34,50,33,123,0,2,21,3,26,6,36,71,36,149,39,67,106,255
03/09/2007,LNK,NE,ACE,CE,Combined TRACON& Tower with Radar,4,25,69,26,124,0,3,47,7,57,4,28,116,33,181,56,43,99,280
03/10/2007,LNK,NE,ACE,CE,Combined TRACON& Tower with Radar,7,22,35,0,64,0,7,40,0,47,7,29,75,0,111,48,0,48,159
03/11/2007,LNK,NE,ACE,CE,Combined TRACON& Tower with Radar,3,25,43,13,84,0,0,40,1,41,3,25,83,14,125,84,10,94,219
03/12/2007,LNK,NE,ACE,CE,Combined TRACON& Tower with Radar,4,25,50,23,102,0,1,38,1,40,4,26,88,24,142,34,38,72,214
03/13/2007,LNK,NE,ACE,CE,Combined TRACON& Tower with Radar,3,24,33,51,111,0,4,48,5,57,3,28,81,56,168,42,97,139,307
03/14/2007,LNK,NE,ACE,CE,Combined TRACON& Tower with Radar,10,31,48,41,130,0,2,20,4,26,10,33,68,45,156,30,100,130,286
03/15/2007,LNK,NE,ACE,CE,Combined TRACON& Tower with Radar,4,28,59,45,136,0,2,40,7,49,4,30,99,52,185,50,89,139,324
03/16/2007,LNK,NE,ACE,CE,Combined TRACON& Tower with Radar,4,27,39,38,108,0,4,40,0,44,4,31,79,38,152,76,106,182,334
03/17/2007,LNK,NE,ACE,CE,Combined TRACON& Tower with Radar,7,23,27,18,75,0,1,34,0,35,7,24,61,18,110,40,38,78,188
03/18/2007,LNK,NE,ACE,CE,Combined TRACON& Tower with Radar,7,25,25,2,59,0,3,25,0,28,7,28,50,2,87,35,1,36,123
03/19/2007,LNK,NE,ACE,CE,Combined TRACON& Tower with Radar,5,33,57,38,133,0,2,35,1,38,5,35,92,39,171,35,107,142,313
03/20/2007,LNK,NE,ACE,CE,Combined TRACON& Tower with Radar,4,32,44,28,108,0,0,17,1,18,4,32,61,29,126,73,44,117,243
03/21/2007,LNK,NE,ACE,CE,Combined TRACON& Tower with Radar,6,33,40,22,101,0,0,3,1,4,6,33,43,23,105,10,32,42,147
03/22/2007,LNK,NE,ACE,CE,Combined TRACON& Tower with Radar,4,33,52,22,111,0,1,48,6,55,4,34,100,28,166,74,53,127,293
03/23/2007,LNK,NE,ACE,CE,Combined TRACON& Tower with Radar,4,30,29,50,113,0,0,33,0,33,4,30,62,50,146,84,66,150,296
03/24/2007,LNK,NE,ACE,CE,Combined TRACON& Tower with Radar,7,25,22,1,55,0,5,9,0,14,7,30,31,1,69,6,0,6,75
03/25/2007,LNK,NE,ACE,CE,Combined TRACON& Tower with Radar,2,24,25,1,52,0,0,18,2,20,2,24,43,3,72,50,2,52,124
03/26/2007,LNK,NE,ACE,CE,Combined TRACON& Tower with Radar,4,31,47,48,130,0,3,36,10,49,4,34,83,58,179,90,86,176,355
03/27/2007,LNK,NE,ACE,CE,Combined TRACON& Tower with Radar,4,31,50,16,101,0,4,8,0,12,4,35,58,16,113,45,61,106,219
03/28/2007,LNK,NE,ACE,CE,Combined TRACON& Tower with Radar,5,40,60,73,178,0,7,13,0,20,5,47,73,73,198,39,123,162,360
03/29/2007,LNK,NE,ACE,CE,Combined TRACON& Tower with Radar,3,29,41,34,107,0,4,5,0,9,3,33,46,34,116,29,64,93,209
03/30/2007,LNK,NE,ACE,CE,Combined TRACON& Tower with Radar,6,22,63,23,114,0,1,45,7,53,6,23,108,30,167,60,41,101,268
03/31/2007,LNK,NE,ACE,CE,Combined TRACON& Tower with Radar,5,21,21,1,48,0,0,5,0,5,5,21,26,1,53,5,1,6,59
04/01/2007,LNK,NE,ACE,CE,Combined TRACON& Tower with Radar,5,27,19,0,51,0,4,38,2,44,5,31,57,2,95,44,1,45,140
04/02/2007,LNK,NE,ACE,CE,Combined TRACON& Tower with Radar,4,33,49,17,103,0,4,50,4,58,4,37,99,21,161,64,38,102,263
04/03/2007,LNK,NE,ACE,CE,Combined TRACON& Tower with Radar,5,28,38,18,89,0,10,4,3,17,5,38,42,21,106,3,21,24,130
04/04/2007,LNK,NE,ACE,CE,Combined TRACON& Tower with Radar,2,34,62,65,163,0,8,26,5,39,2,42,88,70,202,70,94,164,366
04/05/2007,LNK,NE,ACE,CE,Combined TRACON& Tower with Radar,5,27,37,10,79,0,7,26,4,37,5,34,63,14,116,108,20,128,244
04/06/2007,LNK,NE,ACE,CE,Combined TRACON& Tower with Radar,2,33,41,19,95,0,0,25,3,28,2,33,66,22,123,10,38,48,171
04/07/2007,LNK,NE,ACE,CE,Combined TRACON& Tower with Radar,4,23,20,2,49,0,0,28,0,28,4,23,48,2,77,0,0,0,77
04/08/2007,LNK,NE,ACE,CE,Combined TRACON& Tower with Radar,7,28,17,0,52,0,3,31,0,34,7,31,48,0,86,34,0,34,120
04/09/2007,LNK,NE,ACE,CE,Combined TRACON& Tower with Radar,4,29,63,20,116,0,0,23,2,25,4,29,86,22,141,46,49,95,236
04/10/2007,LNK,NE,ACE,CE,Combined TRACON& Tower with Radar,4,27,41,4,76,0,0,7,4,11,4,27,48,8,87,14,11,25,112
04/11/2007,LNK,NE,ACE,CE,Combined TRACON& Tower with Radar,4,23,30,12,69,0,2,1,1,4,4,25,31,13,73,0,20,20,93
04/12/2007,LNK,NE,ACE,CE,Combined TRACON& Tower with Radar,8,31,84,60,183,0,1,31,3,35,8,32,115,63,218,47,74,121,339
04/13/2007,LNK,NE,ACE,CE,Combined TRACON& Tower with Radar,4,33,53,32,122,0,0,32,2,34,4,33,85,34,156,31,58,89,245
04/14/2007,LNK,NE,ACE,CE,Combined TRACON& Tower with Radar,6,20,31,27,84,0,3,41,1,45,6,23,72,28,129,26,36,62,191
04/15/2007,LNK,NE,ACE,CE,Combined TRACON& Tower with Radar,7,18,34,7,66,0,7,54,1,62,7,25,88,8,128,146,16,162,290
04/16/2007,LNK,NE,ACE,CE,Combined TRACON& Tower with Radar,4,31,45,40,120,0,3,47,8,58,4,34,92,48,178,26,100,126,304
04/17/2007,LNK,NE,ACE,CE,Combined TRACON& Tower with Radar,4,30,47,33,114,0,0,33,0,33,4,30,80,33,147,37,88,125,272
04/18/2007,LNK,NE,ACE,CE,Combined TRACON& Tower with Radar,6,31,73,53,163,0,13,60,1,74,6,44,133,54,237,82,108,190,427
04/19/2007,LNK,NE,ACE,CE,Combined TRACON& Tower with Radar,4,34,63,38,139,0,2,27,21,50,4,36,90,59,189,32,131,163,352
04/20/2007,LNK,NE,ACE,CE,Combined TRACON& Tower with Radar,6,27,27,24,84,0,5,32,4,41,6,32,59,28,125,67,26,93,218
04/21/2007,LNK,NE,ACE,CE,Combined TRACON& Tower with Radar,7,22,16,1,46,0,1,27,2,30,7,23,43,3,76,4,0,4,80
04/22/2007,LNK,NE,ACE,CE,Combined TRACON& Tower with Radar,4,24,16,0,44,0,0,10,2,12,4,24,26,2,56,2,0,2,58
04/23/2007,LNK,NE,ACE,CE,Combined TRACON& Tower with Radar,4,29,53,15,101,0,6,47,0,53,4,35,100,15,154,55,29,84,238
04/24/2007,LNK,NE,ACE,CE,Combined TRACON& Tower with Radar,2,24,27,3,56,0,2,1,0,3,2,26,28,3,59,8,2,10,69
04/25/2007,LNK,NE,ACE,CE,Combined TRACON& Tower with Radar,2,27,27,18,74,0,0,2,0,2,2,27,29,18,76,0,20,20,96
04/26/2007,LNK,NE,ACE,CE,Combined TRACON& Tower with Radar,5,30,41,63,139,0,2,39,2,43,5,32,80,65,182,13,152,165,347
04/27/2007,LNK,NE,ACE,CE,Combined TRACON& Tower with Radar,1,28,62,30,121,0,4,62,2,68,1,32,124,32,189,104,62,166,355
04/28/2007,LNK,NE,ACE,CE,Combined TRACON& Tower with Radar,2,22,26,5,55,0,2,52,1,55,2,24,78,6,110,46,24,70,180
04/29/2007,LNK,NE,ACE,CE,Combined TRACON& Tower with Radar,7,20,29,12,68,0,9,67,2,78,7,29,96,14,146,16,4,20,166
04/30/2007,LNK,NE,ACE,CE,Combined TRACON& Tower with Radar,2,45,51,35,133,0,4,38,1,43,2,49,89,36,176,27,107,134,310
05/01/2007,LNK,NE,ACE,CE,Combined TRACON& Tower with Radar,2,28,55,38,123,0,9,27,5,41,2,37,82,43,164,30,78,108,272
05/02/2007,LNK,NE,ACE,CE,Combined TRACON& Tower with Radar,2,34,76,80,192,0,2,36,2,40,2,36,112,82,232,68,188,256,488
05/03/2007,LNK,NE,ACE,CE,Combined TRACON& Tower with Radar,5,30,41,47,123,0,0,4,2,6,5,30,45,49,129,16,82,98,227
05/04/2007,LNK,NE,ACE,CE,Combined TRACON& Tower with Radar,2,25,66,28,121,0,0,12,1,13,2,25,78,29,134,6,24,30,164
05/05/2007,LNK,NE,ACE,CE,Combined TRACON& Tower with Radar,4,20,21,0,45,0,1,0,2,3,4,21,21,2,48,4,0,4,52
05/06/2007,LNK,NE,ACE,CE,Combined TRACON& Tower with Radar,8,22,21,3,54,0,1,3,0,4,8,23,24,3,58,2,0,2,60
05/07/2007,LNK,NE,ACE,CE,Combined TRACON& Tower with Radar,2,30,52,33,117,0,0,4,0,4,2,30,56,33,121,19,36,55,176
05/08/2007,LNK,NE,ACE,CE,Combined TRACON& Tower with Radar,0,29,79,22,130,0,0,49,0,49,0,29,128,22,179,105,58,163,342
05/09/2007,LNK,NE,ACE,CE,Combined TRACON& Tower with Radar,2,27,41,53,123,0,1,64,3,68,2,28,105,56,191,76,101,177,368
05/10/2007,LNK,NE,ACE,CE,Combined TRACON& Tower with Radar,6,35,64,46,151,0,10,66,15,91,6,45,130,61,242,108,75,183,425
05/11/2007,LNK,NE,ACE,CE,Combined TRACON& Tower with Radar,2,30,51,43,126,0,11,69,5,85,2,41,120,48,211,54,62,116,327
05/12/2007,LNK,NE,ACE,CE,Combined TRACON& Tower with Radar,2,27,23,0,52,0,4,46,0,50,2,31,69,0,102,18,0,18,120
05/13/2007,LNK,NE,ACE,CE,Combined TRACON& Tower with Radar,4,26,23,2,55,0,1,38,0,39,4,27,61,2,94,20,2,22,116
05/14/2007,LNK,NE,ACE,CE,Combined TRACON& Tower with Radar,2,32,62,44,140,0,3,38,3,44,2,35,100,47,184,12,26,38,222
05/15/2007,LNK,NE,ACE,CE,Combined TRACON& Tower with Radar,2,26,40,22,90,0,4,17,2,23,2,30,57,24,113,22,98,120,233
05/16/2007,LNK,NE,ACE,CE,Combined TRACON& Tower with Radar,2,32,45,26,105,0,2,44,1,47,2,34,89,27,152,42,64,106,258
05/17/2007,LNK,NE,ACE,CE,Combined TRACON& Tower with Radar,3,30,33,30,96,0,5,56,4,65,3,35,89,34,161,52,46,98,259
05/18/2007,LNK,NE,ACE,CE,Combined TRACON& Tower with Radar,3,32,53,15,103,0,4,43,2,49,3,36,96,17,152,60,14,74,226
05/19/2007,LNK,NE,ACE,CE,Combined TRACON& Tower with Radar,3,22,23,1,49,0,3,44,2,49,3,25,67,3,98,14,0,14,112
05/20/2007,LNK,NE,ACE,CE,Combined TRACON& Tower with Radar,7,28,30,3,68,0,0,42,0,42,7,28,72,3,110,46,0,46,156
05/21/2007,LNK,NE,ACE,CE,Combined TRACON& Tower with Radar,3,28,33,50,114,0,4,20,0,24,3,32,53,50,138,16,102,118,256
05/22/2007,LNK,NE,ACE,CE,Combined TRACON& Tower with Radar,2,31,42,64,139,0,4,7,0,11,2,35,49,64,150,24,102,126,276
05/23/2007,LNK,NE,ACE,CE,Combined TRACON& Tower with Radar,3,37,37,28,105,0,5,15,2,22,3,42,52,30,127,44,72,116,243
05/24/2007,LNK,NE,ACE,CE,Combined TRACON& Tower with Radar,2,36,72,46,156,0,6,29,2,37,2,42,101,48,193,39,80,119,312
05/25/2007,LNK,NE,ACE,CE,Combined TRACON& Tower with Radar,2,30,56,10,98,0,7,59,2,68,2,37,115,12,166,114,6,120,286
05/26/2007,LNK,NE,ACE,CE,Combined TRACON& Tower with Radar,4,28,11,16,59,0,3,25,0,28,4,31,36,16,87,0,18,18,105
05/27/2007,LNK,NE,ACE,CE,Combined TRACON& Tower with Radar,4,31,23,6,64,0,1,23,1,25,4,32,46,7,89,47,16,63,152
05/28/2007,LNK,NE,ACE,CE,Combined TRACON& Tower with Radar,2,23,20,3,48,0,4,3,3,10,2,27,23,6,58,32,2,34,92
05/29/2007,LNK,NE,ACE,CE,Combined TRACON& Tower with Radar,1,31,41,17,90,0,1,20,0,21,1,32,61,17,111,31,30,61,172
05/30/2007,LNK,NE,ACE,CE,Combined TRACON& Tower with Radar,4,27,80,36,147,0,2,8,0,10,4,29,88,36,157,76,44,120,277
05/31/2007,LNK,NE,ACE,CE,Combined TRACON& Tower with Radar,5,30,57,41,133,0,1,27,6,34,5,31,84,47,167,51,62,113,280
06/01/2007,LNK,NE,ACE,CE,Combined TRACON& Tower with Radar,4,25,54,10,93,0,0,22,8,30,4,25,76,18,123,45,32,77,200
06/02/2007,LNK,NE,ACE,CE,Combined TRACON& Tower with Radar,1,21,37,0,59,0,3,38,5,46,1,24,75,5,105,60,0,60,165
06/03/2007,LNK,NE,ACE,CE,Combined TRACON& Tower with Radar,4,20,30,3,57,0,4,27,3,34,4,24,57,6,91,47,0,47,138
06/04/2007,LNK,NE,ACE,CE,Combined TRACON& Tower with Radar,2,31,50,28,111,0,3,39,3,45,2,34,89,31,156,22,26,48,204
06/05/2007,LNK,NE,ACE,CE,Combined TRACON& Tower with Radar,2,30,68,27,127,0,0,45,2,47,2,30,113,29,174,63,17,80,254
06/06/2007,LNK,NE,ACE,CE,Combined TRACON& Tower with Radar,2,24,30,22,78,0,0,17,2,19,2,24,47,24,97,10,11,21,118
06/07/2007,LNK,NE,ACE,CE,Combined TRACON& Tower with Radar,5,34,52,23,114,0,8,18,7,33,5,42,70,30,147,8,18,26,173
06/08/2007,LNK,NE,ACE,CE,Combined TRACON& Tower with Radar,4,33,59,38,134,0,3,74,2,79,4,36,133,40,213,70,66,136,349
06/09/2007,LNK,NE,ACE,CE,Combined TRACON& Tower with Radar,2,29,27,7,65,0,2,52,1,55,2,31,79,8,120,34,20,54,174
06/10/2007,LNK,NE,ACE,CE,Combined TRACON& Tower with Radar,2,28,34,19,83,0,3,37,2,42,2,31,71,21,125,36,28,64,189
06/11/2007,LNK,NE,ACE,CE,Combined TRACON& Tower with Radar,2,34,74,28,138,0,0,22,0,22,2,34,96,28,160,26,72,98,258
06/12/2007,LNK,NE,ACE,CE,Combined TRACON& Tower with Radar,4,29,44,32,109,0,2,21,0,23,4,31,65,32,132,52,58,110,242
06/13/2007,LNK,NE,ACE,CE,Combined TRACON& Tower with Radar,3,27,36,9,75,0,0,4,0,4,3,27,40,9,79,0,3,3,82
06/14/2007,LNK,NE,ACE,CE,Combined TRACON& Tower with Radar,5,30,46,36,117,0,2,19,0,21,5,32,65,36,138,19,84,103,241
06/15/2007,LNK,NE,ACE,CE,Combined TRACON& Tower with Radar,2,32,54,25,113,0,4,40,3,47,2,36,94,28,160,40,42,82,242
06/16/2007,LNK,NE,ACE,CE,Combined TRACON& Tower with Radar,1,30,30,11,72,0,3,53,3,59,1,33,83,14,131,93,12,105,236
06/17/2007,LNK,NE,ACE,CE,Combined TRACON& Tower with Radar,2,25,33,8,68,0,0,20,0,20,2,25,53,8,88,2,0,2,90
06/18/2007,LNK,NE,ACE,CE,Combined TRACON& Tower with Radar,4,26,61,4,95,0,2,16,1,19,4,28,77,5,114,48,0,48,162
06/19/2007,LNK,NE,ACE,CE,Combined TRACON& Tower with Radar,3,31,76,50,160,0,5,56,9,70,3,36,132,59,230,100,76,176,406
06/20/2007,LNK,NE,ACE,CE,Combined TRACON& Tower with Radar,4,29,68,49,150,0,4,38,5,47,4,33,106,54,197,68,78,146,343
06/21/2007,LNK,NE,ACE,CE,Combined TRACON& Tower with Radar,6,29,63,59,157,0,2,41,2,45,6,31,104,61,202,32,96,128,330
06/22/2007,LNK,NE,ACE,CE,Combined TRACON& Tower with Radar,2,27,53,45,127,0,3,38,2,43,2,30,91,47,170,76,112,188,358
06/23/2007,LNK,NE,ACE,CE,Combined TRACON& Tower with Radar,5,23,42,6,76,0,1,20,2,23,5,24,62,8,99,32,7,39,138
06/24/2007,LNK,NE,ACE,CE,Combined TRACON& Tower with Radar,2,30,48,12,92,0,3,39,0,42,2,33,87,12,134,66,17,83,217
06/25/2007,LNK,NE,ACE,CE,Combined TRACON& Tower with Radar,5,28,63,37,133,0,4,48,0,52,5,32,111,37,185,58,64,122,307
06/26/2007,LNK,NE,ACE,CE,Combined TRACON& Tower with Radar,4,25,64,25,118,0,3,26,0,29,4,28,90,25,147,50,75,125,272
06/27/2007,LNK,NE,ACE,CE,Combined TRACON& Tower with Radar,3,28,56,24,111,0,6,29,2,37,3,34,85,26,148,51,46,97,245
06/28/2007,LNK,NE,ACE,CE,Combined TRACON& Tower with Radar,5,39,66,36,146,0,4,47,2,53,5,43,113,38,199,53,103,156,355
06/29/2007,LNK,NE,ACE,CE,Combined TRACON& Tower with Radar,5,39,69,17,130,0,3,48,1,52,5,42,117,18,182,98,24,122,304
06/30/2007,LNK,NE,ACE,CE,Combined TRACON& Tower with Radar,1,25,58,13,97,0,3,34,3,40,1,28,92,16,137,51,29,80,217
07/01/2007,LNK,NE,ACE,CE,Combined TRACON& Tower with Radar,2,24,34,14,74,0,3,34,0,37,2,27,68,14,111,43,0,43,154
07/02/2007,LNK,NE,ACE,CE,Combined TRACON& Tower with Radar,4,26,64,58,152,0,0,33,0,33,4,26,97,58,185,62,153,215,400
07/03/2007,LNK,NE,ACE,CE,Combined TRACON& Tower with Radar,4,31,61,31,127,0,6,37,3,46,4,37,98,34,173,54,71,125,298
07/04/2007,LNK,NE,ACE,CE,Combined TRACON& Tower with Radar,5,16,15,0,36,0,2,31,0,33,5,18,46,0,69,6,0,6,75
07/05/2007,LNK,NE,ACE,CE,Combined TRACON& Tower with Radar,5,27,42,0,74,0,3,54,2,59,5,30,96,2,133,48,0,48,181
07/06/2007,LNK,NE,ACE,CE,Combined TRACON& Tower with Radar,2,25,36,25,88,0,4,46,3,53,2,29,82,28,141,53,38,91,232
07/07/2007,LNK,NE,ACE,CE,Combined TRACON& Tower with Radar,2,28,26,6,62,0,7,36,0,43,2,35,62,6,105,37,6,43,148
07/08/2007,LNK,NE,ACE,CE,Combined TRACON& Tower with Radar,5,22,51,8,86,0,0,27,0,27,5,22,78,8,113,24,8,32,145
07/09/2007,LNK,NE,ACE,CE,Combined TRACON& Tower with Radar,4,26,59,0,89,0,0,17,1,18,4,26,76,1,107,38,4,42,149
07/10/2007,LNK,NE,ACE,CE,Combined TRACON& Tower with Radar,4,30,65,34,133,0,0,25,2,27,4,30,90,36,160,38,46,84,244
07/11/2007,LNK,NE,ACE,CE,Combined TRACON& Tower with Radar,4,30,58,19,111,0,0,62,2,64,4,30,120,21,175,70,36,106,281
07/12/2007,LNK,NE,ACE,CE,Combined TRACON& Tower with Radar,6,41,37,15,99,0,4,27,2,33,6,45,64,17,132,89,12,101,233
07/13/2007,LNK,NE,ACE,CE,Combined TRACON& Tower with Radar,2,28,46,5,81,0,0,53,4,57,2,28,99,9,138,89,10,99,237
07/14/2007,LNK,NE,ACE,CE,Combined TRACON& Tower with Radar,2,23,23,16,64,0,1,28,1,30,2,24,51,17,94,17,24,41,135
07/15/2007,LNK,NE,ACE,CE,Combined TRACON& Tower with Radar,4,26,37,27,94,0,8,38,0,46,4,34,75,27,140,40,17,57,197
07/16/2007,LNK,NE,ACE,CE,Combined TRACON& Tower with Radar,4,30,62,2,98,0,0,31,1,32,4,30,93,3,130,54,0,54,184
07/17/2007,LNK,NE,ACE,CE,Combined TRACON& Tower with Radar,4,24,62,49,139,0,2,33,4,39,4,26,95,53,178,60,98,158,336
07/18/2007,LNK,NE,ACE,CE,Combined TRACON& Tower with Radar,4,33,52,7,96,0,1,31,3,35,4,34,83,10,131,108,44,152,283
07/19/2007,LNK,NE,ACE,CE,Combined TRACON& Tower with Radar,4,36,72,38,150,0,5,16,0,21,4,41,88,38,171,61,77,138,309
07/20/2007,LNK,NE,ACE,CE,Combined TRACON& Tower with Radar,20,34,60,31,145,0,4,56,4,64,20,38,116,35,209,25,73,98,307
07/21/2007,LNK,NE,ACE,CE,Combined TRACON& Tower with Radar,2,26,23,16,67,0,2,44,8,54,2,28,67,24,121,25,16,41,162
07/22/2007,LNK,NE,ACE,CE,Combined TRACON& Tower with Radar,2,22,37,13,74,0,2,26,1,29,2,24,63,14,103,24,40,64,167
07/23/2007,LNK,NE,ACE,CE,Combined TRACON& Tower with Radar,6,27,55,11,99,0,6,18,0,24,6,33,73,11,123,31,13,44,167
07/24/2007,LNK,NE,ACE,CE,Combined TRACON& Tower with Radar,4,30,49,31,114,0,3,60,1,64,4,33,109,32,178,77,70,147,325
07/25/2007,LNK,NE,ACE,CE,Combined TRACON& Tower with Radar,6,43,66,20,135,0,5,39,2,46,6,48,105,22,181,55,36,91,272
07/26/2007,LNK,NE,ACE,CE,Combined TRACON& Tower with Radar,6,33,72,47,158,0,1,48,2,51,6,34,120,49,209,41,139,180,389
07/27/2007,LNK,NE,ACE,CE,Combined TRACON& Tower with Radar,4,21,53,51,129,0,2,31,2,35,4,23,84,53,164,35,82,117,281
07/28/2007,LNK,NE,ACE,CE,Combined TRACON& Tower with Radar,2,22,30,2,56,0,3,32,0,35,2,25,62,2,91,24,0,24,115
07/29/2007,LNK,NE,ACE,CE,Combined TRACON& Tower with Radar,4,32,36,6,78,0,3,19,0,22,4,35,55,6,100,6,0,6,106
07/30/2007,LNK,NE,ACE,CE,Combined TRACON& Tower with Radar,6,26,56,25,113,0,4,34,2,40,6,30,90,27,153,42,60,102,255
07/31/2007,LNK,NE,ACE,CE,Combined TRACON& Tower with Radar,10,23,42,11,86,0,3,28,3,34,10,26,70,14,120,64,40,104,224
08/01/2007,LNK,NE,ACE,CE,Combined TRACON& Tower with Radar,6,33,60,18,117,0,2,23,4,29,6,35,83,22,146,60,18,78,224
08/02/2007,LNK,NE,ACE,CE,Combined TRACON& Tower with Radar,8,41,26,50,125,0,6,26,5,37,8,47,52,55,162,65,99,164,326
08/03/2007,LNK,NE,ACE,CE,Combined TRACON& Tower with Radar,6,34,44,19,103,0,4,43,4,51,6,38,87,23,154,56,80,136,290
08/04/2007,LNK,NE,ACE,CE,Combined TRACON& Tower with Radar,2,23,21,13,59,0,2,28,6,36,2,25,49,19,95,24,32,56,151
08/05/2007,LNK,NE,ACE,CE,Combined TRACON& Tower with Radar,7,26,35,19,87,0,3,30,4,37,7,29,65,23,124,86,38,124,248
08/06/2007,LNK,NE,ACE,CE,Combined TRACON& Tower with Radar,9,42,53,28,132,0,3,25,0,28,9,45,78,28,160,6,34,40,200
08/07/2007,LNK,NE,ACE,CE,Combined TRACON& Tower with Radar,4,33,42,13,92,0,1,21,0,22,4,34,63,13,114,44,20,64,178
08/08/2007,LNK,NE,ACE,CE,Combined TRACON& Tower with Radar,5,39,47,21,112,0,4,19,0,23,5,43,66,21,135,6,29,35,170
08/09/2007,LNK,NE,ACE,CE,Combined TRACON& Tower with Radar,8,31,59,36,134,0,3,40,3,46,8,34,99,39,180,58,79,137,317
08/10/2007,LNK,NE,ACE,CE,Combined TRACON& Tower with Radar,2,25,60,21,108,0,3,28,5,36,2,28,88,26,144,45,46,91,235
08/11/2007,LNK,NE,ACE,CE,Combined TRACON& Tower with Radar,2,33,23,2,60,0,3,31,1,35,2,36,54,3,95,32,0,32,127
08/12/2007,LNK,NE,ACE,CE,Combined TRACON& Tower with Radar,2,28,24,0,54,0,2,17,0,19,2,30,41,0,73,44,0,44,117
08/13/2007,LNK,NE,ACE,CE,Combined TRACON& Tower with Radar,7,22,84,37,150,0,3,38,0,41,7,25,122,37,191,32,51,83,274
08/14/2007,LNK,NE,ACE,CE,Combined TRACON& Tower with Radar,4,24,47,29,104,0,7,48,4,59,4,31,95,33,163,36,66,102,265
08/15/2007,LNK,NE,ACE,CE,Combined TRACON& Tower with Radar,6,34,64,26,130,0,3,24,8,35,6,37,88,34,165,37,41,78,243
08/16/2007,LNK,NE,ACE,CE,Combined TRACON& Tower with Radar,6,28,49,27,110,0,0,20,2,22,6,28,69,29,132,30,38,68,200
08/17/2007,LNK,NE,ACE,CE,Combined TRACON& Tower with Radar,2,48,51,17,118,0,0,23,0,23,2,48,74,17,141,28,29,57,198
08/18/2007,LNK,NE,ACE,CE,Combined TRACON& Tower with Radar,2,23,26,15,66,0,4,27,0,31,2,27,53,15,97,24,29,53,150
08/19/2007,LNK,NE,ACE,CE,Combined TRACON& Tower with Radar,4,18,31,25,78,0,6,24,1,31,4,24,55,26,109,20,43,63,172
08/20/2007,LNK,NE,ACE,CE,Combined TRACON& Tower with Radar,3,26,66,4,99,0,1,17,0,18,3,27,83,4,117,26,0,26,143
08/21/2007,LNK,NE,ACE,CE,Combined TRACON& Tower with Radar,6,21,43,34,104,0,1,49,6,56,6,22,92,40,160,54,64,118,278
08/22/2007,LNK,NE,ACE,CE,Combined TRACON& Tower with Radar,3,30,52,26,111,0,1,26,8,35,3,31,78,34,146,49,59,108,254
08/23/2007,LNK,NE,ACE,CE,Combined TRACON& Tower with Radar,9,26,39,33,107,0,1,22,3,26,9,27,61,36,133,44,90,134,267
08/24/2007,LNK,NE,ACE,CE,Combined TRACON& Tower with Radar,3,24,47,31,105,0,4,5,0,9,3,28,52,31,114,50,51,101,215
08/25/2007,LNK,NE,ACE,CE,Combined TRACON& Tower with Radar,2,28,38,2,70,0,1,61,0,62,2,29,99,2,132,68,10,78,210
08/26/2007,LNK,NE,ACE,CE,Combined TRACON& Tower with Radar,4,28,30,2,64,0,3,26,0,29,4,31,56,2,93,70,1,71,164
08/27/2007,LNK,NE,ACE,CE,Combined TRACON& Tower with Radar,4,27,50,42,123,0,9,30,2,41,4,36,80,44,164,8,76,84,248
08/28/2007,LNK,NE,ACE,CE,Combined TRACON& Tower with Radar,4,25,38,26,93,0,6,24,5,35,4,31,62,31,128,13,60,73,201
08/29/2007,LNK,NE,ACE,CE,Combined TRACON& Tower with Radar,4,31,78,30,143,0,1,26,11,38,4,32,104,41,181,50,52,102,283
08/30/2007,LNK,NE,ACE,CE,Combined TRACON& Tower with Radar,10,31,77,37,155,0,3,67,10,80,10,34,144,47,235,67,86,153,388
08/31/2007,LNK,NE,ACE,CE,Combined TRACON& Tower with Radar,6,28,72,19,125,0,5,40,5,50,6,33,112,24,175,71,25,96,271
09/01/2007,LNK,NE,ACE,CE,Combined TRACON& Tower with Radar,10,27,51,3,91,0,0,63,0,63,10,27,114,3,154,24,0,24,178
09/02/2007,LNK,NE,ACE,CE,Combined TRACON& Tower with Radar,2,22,23,2,49,0,2,30,0,32,2,24,53,2,81,46,0,46,127
09/03/2007,LNK,NE,ACE,CE,Combined TRACON& Tower with Radar,2,27,28,3,60,0,0,52,0,52,2,27,80,3,112,109,0,109,221
09/04/2007,LNK,NE,ACE,CE,Combined TRACON& Tower with Radar,4,28,57,22,111,0,3,34,2,39,4,31,91,24,150,36,32,68,218
09/05/2007,LNK,NE,ACE,CE,Combined TRACON& Tower with Radar,2,29,46,57,134,0,2,20,8,30,2,31,66,65,164,85,62,147,311
09/06/2007,LNK,NE,ACE,CE,Combined TRACON& Tower with Radar,2,33,49,38,122,0,2,16,1,19,2,35,65,39,141,30,57,87,228
09/07/2007,LNK,NE,ACE,CE,Combined TRACON& Tower with Radar,3,24,60,77,164,0,5,46,10,61,3,29,106,87,225,78,82,160,385
09/08/2007,LNK,NE,ACE,CE,Combined TRACON& Tower with Radar,2,20,34,18,74,0,2,50,8,60,2,22,84,26,134,91,31,122,256
09/09/2007,LNK,NE,ACE,CE,Combined TRACON& Tower with Radar,1,27,46,17,91,0,4,16,11,31,1,31,62,28,122,54,20,74,196
09/10/2007,LNK,NE,ACE,CE,Combined TRACON& Tower with Radar,0,31,38,5,74,0,2,14,0,16,0,33,52,5,90,1,0,1,91
09/11/2007,LNK,NE,ACE,CE,Combined TRACON& Tower with Radar,0,35,47,25,107,0,4,59,10,73,0,39,106,35,180,74,23,97,277
09/12/2007,LNK,NE,ACE,CE,Combined TRACON& Tower with Radar,2,28,44,32,106,0,7,48,2,57,2,35,92,34,163,50,62,112,275
09/13/2007,LNK,NE,ACE,CE,Combined TRACON& Tower with Radar,2,43,60,42,147,0,3,37,7,47,2,46,97,49,194,28,63,91,285
09/14/2007,LNK,NE,ACE,CE,Combined TRACON& Tower with Radar,0,55,65,14,134,0,0,59,3,62,0,55,124,17,196,52,32,84,280
09/15/2007,LNK,NE,ACE,CE,Combined TRACON& Tower with Radar,0,43,73,7,123,0,0,54,1,55,0,43,127,8,178,16,0,16,194
09/16/2007,LNK,NE,ACE,CE,Combined TRACON& Tower with Radar,6,55,120,10,191,0,3,53,0,56,6,58,173,10,247,12,6,18,265
09/17/2007,LNK,NE,ACE,CE,Combined TRACON& Tower with Radar,0,38,46,26,110,0,3,20,0,23,0,41,66,26,133,0,52,52,185
09/18/2007,LNK,NE,ACE,CE,Combined TRACON& Tower with Radar,2,32,36,15,85,0,0,2,0,2,2,32,38,15,87,22,29,51,138
09/19/2007,LNK,NE,ACE,CE,Combined TRACON& Tower with Radar,0,34,44,29,107,0,2,31,4,37,0,36,75,33,144,42,42,84,228
09/20/2007,LNK,NE,ACE,CE,Combined TRACON& Tower with Radar,2,29,65,19,115,0,3,36,5,44,2,32,101,24,159,52,41,93,252
09/21/2007,LNK,NE,ACE,CE,Combined TRACON& Tower with Radar,1,22,60,16,99,0,2,20,2,24,1,24,80,18,123,29,30,59,182
09/22/2007,LNK,NE,ACE,CE,Combined TRACON& Tower with Radar,0,22,56,0,78,0,9,100,2,111,0,31,156,2,189,20,0,20,209
09/23/2007,LNK,NE,ACE,CE,Combined TRACON& Tower with Radar,2,32,27,0,61,0,3,60,0,63,2,35,87,0,124,20,0,20,144
09/24/2007,LNK,NE,ACE,CE,Combined TRACON& Tower with Radar,0,26,41,22,89,0,4,4,0,8,0,30,45,22,97,32,40,72,169
09/25/2007,LNK,NE,ACE,CE,Combined TRACON& Tower with Radar,0,24,47,17,88,0,2,18,0,20,0,26,65,17,108,63,28,91,199
09/26/2007,LNK,NE,ACE,CE,Combined TRACON& Tower with Radar,0,36,42,26,104,0,4,30,4,38,0,40,72,30,142,38,48,86,228
09/27/2007,LNK,NE,ACE,CE,Combined TRACON& Tower with Radar,2,34,66,24,126,0,2,56,7,65,2,36,122,31,191,144,64,208,399
09/28/2007,LNK,NE,ACE,CE,Combined TRACON& Tower with Radar,0,38,85,6,129,0,9,53,3,65,0,47,138,9,194,90,2,92,286
09/29/2007,LNK,NE,ACE,CE,Combined TRACON& Tower with Radar,0,27,54,0,81,0,4,18,1,23,0,31,72,1,104,2,0,2,106
09/30/2007,LNK,NE,ACE,CE,Combined TRACON& Tower with Radar,1,27,26,0,54,0,2,6,0,8,1,29,32,0,62,0,0,0,62
10/01/2007,LNK,NE,ACE,CE,Combined TRACON& Tower with Radar,0,33,54,13,100,0,2,49,6,57,0,35,103,19,157,43,6,49,206
10/02/2007,LNK,NE,ACE,CE,Combined TRACON& Tower with Radar,0,29,32,31,92,0,6,14,3,23,0,35,46,34,115,12,61,73,188
10/03/2007,LNK,NE,ACE,CE,Combined TRACON& Tower with Radar,0,35,58,40,133,0,4,69,6,79,0,39,127,46,212,51,51,102,314
10/04/2007,LNK,NE,ACE,CE,Combined TRACON& Tower with Radar,2,36,69,39,146,0,0,13,1,14,2,36,82,40,160,51,66,117,277
10/05/2007,LNK,NE,ACE,CE,Combined TRACON& Tower with Radar,2,40,39,26,107,0,2,24,2,28,2,42,63,28,135,42,45,87,222
10/06/2007,LNK,NE,ACE,CE,Combined TRACON& Tower with Radar,0,22,27,4,53,0,5,26,4,35,0,27,53,8,88,12,0,12,100
10/07/2007,LNK,NE,ACE,CE,Combined TRACON& Tower with Radar,2,24,36,0,62,0,6,16,0,22,2,30,52,0,84,37,0,37,121
10/08/2007,LNK,NE,ACE,CE,Combined TRACON& Tower with Radar,0,28,44,1,73,0,2,23,0,25,0,30,67,1,98,89,0,89,187
10/09/2007,LNK,NE,ACE,CE,Combined TRACON& Tower with Radar,0,35,44,31,110,0,4,59,3,66,0,39,103,34,176,172,40,212,388
10/10/2007,LNK,NE,ACE,CE,Combined TRACON& Tower with Radar,0,37,75,42,154,0,2,42,3,47,0,39,117,45,201,96,80,176,377
10/11/2007,LNK,NE,ACE,CE,Combined TRACON& Tower with Radar,2,38,62,47,149,0,0,51,6,57,2,38,113,53,206,79,86,165,371
10/12/2007,LNK,NE,ACE,CE,Combined TRACON& Tower with Radar,2,34,70,23,129,0,0,43,7,50,2,34,113,30,179,86,37,123,302
10/13/2007,LNK,NE,ACE,CE,Combined TRACON& Tower with Radar,2,31,46,2,81,0,0,7,0,7,2,31,53,2,88,0,0,0,88
10/14/2007,LNK,NE,ACE,CE,Combined TRACON& Tower with Radar,2,28,37,0,67,0,2,1,0,3,2,30,38,0,70,32,0,32,102
10/15/2007,LNK,NE,ACE,CE,Combined TRACON& Tower with Radar,0,31,54,9,94,0,0,0,0,0,0,31,54,9,94,11,8,19,113
10/16/2007,LNK,NE,ACE,CE,Combined TRACON& Tower with Radar,0,36,45,14,95,0,0,23,2,25,0,36,68,16,120,147,4,151,271
10/17/2007,LNK,NE,ACE,CE,Combined TRACON& Tower with Radar,0,35,28,20,83,0,2,1,2,5,0,37,29,22,88,12,38,50,138
10/18/2007,LNK,NE,ACE,CE,Combined TRACON& Tower with Radar,2,26,57,20,105,0,0,0,1,1,2,26,57,21,106,4,33,37,143
10/19/2007,LNK,NE,ACE,CE,Combined TRACON& Tower with Radar,0,51,54,27,132,0,4,27,7,38,0,55,81,34,170,26,56,82,252
10/20/2007,LNK,NE,ACE,CE,Combined TRACON& Tower with Radar,4,29,67,6,106,0,2,48,3,53,4,31,115,9,159,42,6,48,207
10/21/2007,LNK,NE,ACE,CE,Combined TRACON& Tower with Radar,2,29,41,10,82,0,0,10,1,11,2,29,51,11,93,2,0,2,95
10/22/2007,LNK,NE,ACE,CE,Combined TRACON& Tower with Radar,0,32,46,20,98,0,2,19,4,25,0,34,65,24,123,91,111,202,325
10/23/2007,LNK,NE,ACE,CE,Combined TRACON& Tower with Radar,4,32,51,28,115,0,2,41,5,48,4,34,92,33,163,118,63,181,344
10/24/2007,LNK,NE,ACE,CE,Combined TRACON& Tower with Radar,0,38,35,63,136,0,4,57,1,62,0,42,92,64,198,72,127,199,397
10/25/2007,LNK,NE,ACE,CE,Combined TRACON& Tower with Radar,2,31,68,49,150,0,3,56,4,63,2,34,124,53,213,152,116,268,481
10/26/2007,LNK,NE,ACE,CE,Combined TRACON& Tower with Radar,4,32,56,44,136,0,5,44,1,50,4,37,100,45,186,72,70,142,328
10/27/2007,LNK,NE,ACE,CE,Combined TRACON& Tower with Radar,0,29,28,8,65,0,1,43,3,47,0,30,71,11,112,42,32,74,186
10/28/2007,LNK,NE,ACE,CE,Combined TRACON& Tower with Radar,11,33,29,1,74,0,9,50,0,59,11,42,79,1,133,79,41,120,253
10/29/2007,LNK,NE,ACE,CE,Combined TRACON& Tower with Radar,0,26,44,33,103,0,0,21,0,21,0,26,65,33,124,48,60,108,232
10/30/2007,LNK,NE,ACE,CE,Combined TRACON& Tower with Radar,0,33,60,51,144,0,4,39,11,54,0,37,99,62,198,79,128,207,405
10/31/2007,LNK,NE,ACE,CE,Combined TRACON& Tower with Radar,0,31,35,45,111,0,0,23,0,23,0,31,58,45,134,12,101,113,247
11/01/2007,LNK,NE,ACE,CE,Combined TRACON& Tower with Radar,2,28,58,18,106,0,2,36,5,43,2,30,94,23,149,74,22,96,245
11/02/2007,LNK,NE,ACE,CE,Combined TRACON& Tower with Radar,0,31,44,21,96,0,1,29,9,39,0,32,73,30,135,99,32,131,266
11/03/2007,LNK,NE,ACE,CE,Combined TRACON& Tower with Radar,2,28,27,8,65,0,4,35,0,39,2,32,62,8,104,40,0,40,144
11/04/2007,LNK,NE,ACE,CE,Combined TRACON& Tower with Radar,2,28,33,11,74,0,2,40,0,42,2,30,73,11,116,23,10,33,149
11/05/2007,LNK,NE,ACE,CE,Combined TRACON& Tower with Radar,0,31,49,35,115,0,8,12,3,23,0,39,61,38,138,13,42,55,193
11/06/2007,LNK,NE,ACE,CE,Combined TRACON& Tower with Radar,0,38,37,14,89,0,4,41,3,48,0,42,78,17,137,58,24,82,219
11/07/2007,LNK,NE,ACE,CE,Combined TRACON& Tower with Radar,0,33,48,34,115,0,2,27,5,34,0,35,75,39,149,32,72,104,253
11/08/2007,LNK,NE,ACE,CE,Combined TRACON& Tower with Radar,2,39,50,32,123,0,3,39,6,48,2,42,89,38,171,80,39,119,290
11/09/2007,LNK,NE,ACE,CE,Combined TRACON& Tower with Radar,2,26,57,16,101,0,4,52,2,58,2,30,109,18,159,40,80,120,279
11/10/2007,LNK,NE,ACE,CE,Combined TRACON& Tower with Radar,0,34,42,0,76,0,1,41,2,44,0,35,83,2,120,2,20,22,142
11/11/2007,LNK,NE,ACE,CE,Combined TRACON& Tower with Radar,4,37,49,2,92,0,3,15,0,18,4,40,64,2,110,13,3,16,126
11/12/2007,LNK,NE,ACE,CE,Combined TRACON& Tower with Radar,0,33,45,2,80,0,6,22,1,29,0,39,67,3,109,118,0,118,227
11/13/2007,LNK,NE,ACE,CE,Combined TRACON& Tower with Radar,0,34,43,28,105,0,0,22,8,30,0,34,65,36,135,10,60,70,205
11/14/2007,LNK,NE,ACE,CE,Combined TRACON& Tower with Radar,0,29,36,19,84,0,2,10,7,19,0,31,46,26,103,0,42,42,145
11/15/2007,LNK,NE,ACE,CE,Combined TRACON& Tower with Radar,4,36,52,34,126,0,5,53,2,60,4,41,105,36,186,78,42,120,306
11/16/2007,LNK,NE,ACE,CE,Combined TRACON& Tower with Radar,0,39,65,21,125,0,5,36,5,46,0,44,101,26,171,84,50,134,305
11/17/2007,LNK,NE,ACE,CE,Combined TRACON& Tower with Radar,0,29,35,4,68,0,3,37,0,40,0,32,72,4,108,106,0,106,214
11/18/2007,LNK,NE,ACE,CE,Combined TRACON& Tower with Radar,2,28,28,1,59,0,5,18,1,24,2,33,46,2,83,68,0,68,151
11/19/2007,LNK,NE,ACE,CE,Combined TRACON& Tower with Radar,0,40,52,18,110,0,1,40,1,42,0,41,92,19,152,141,44,185,337
11/20/2007,LNK,NE,ACE,CE,Combined TRACON& Tower with Radar,0,33,36,12,81,0,0,0,0,0,0,33,36,12,81,12,18,30,111
11/21/2007,LNK,NE,ACE,CE,Combined TRACON& Tower with Radar,0,33,30,11,74,0,0,6,2,8,0,33,36,13,82,0,0,0,82
11/22/2007,LNK,NE,ACE,CE,Combined TRACON& Tower with Radar,4,26,14,0,44,0,2,12,0,14,4,28,26,0,58,0,0,0,58
11/23/2007,LNK,NE,ACE,CE,Combined TRACON& Tower with Radar,2,17,13,0,32,0,1,16,0,17,2,18,29,0,49,5,0,5,54
11/24/2007,LNK,NE,ACE,CE,Combined TRACON& Tower with Radar,2,28,20,0,50,0,6,2,0,8,2,34,22,0,58,74,0,74,132
11/25/2007,LNK,NE,ACE,CE,Combined TRACON& Tower with Radar,2,26,35,0,63,0,4,41,0,45,2,30,76,0,108,60,0,60,168
11/26/2007,LNK,NE,ACE,CE,Combined TRACON& Tower with Radar,1,34,46,14,95,0,4,36,5,45,1,38,82,19,140,76,28,104,244
11/27/2007,LNK,NE,ACE,CE,Combined TRACON& Tower with Radar,0,31,57,30,118,0,2,25,2,29,0,33,82,32,147,52,44,96,243
11/28/2007,LNK,NE,ACE,CE,Combined TRACON& Tower with Radar,0,31,43,13,87,0,2,11,7,20,0,33,54,20,107,58,41,99,206
11/29/2007,LNK,NE,ACE,CE,Combined TRACON& Tower with Radar,5,33,41,55,134,0,2,50,4,56,5,35,91,59,190,102,90,192,382
11/30/2007,LNK,NE,ACE,CE,Combined TRACON& Tower with Radar,0,31,47,31,109,0,2,31,11,44,0,33,78,42,153,72,75,147,300
12/01/2007,LNK,NE,ACE,CE,Combined TRACON& Tower with Radar,1,7,4,1,13,0,1,2,0,3,1,8,6,1,16,0,0,0,16
12/02/2007,LNK,NE,ACE,CE,Combined TRACON& Tower with Radar,3,23,26,3,55,0,4,8,0,12,3,27,34,3,67,3,0,3,70
12/03/2007,LNK,NE,ACE,CE,Combined TRACON& Tower with Radar,0,30,44,27,101,0,0,31,5,36,0,30,75,32,137,82,58,140,277
12/04/2007,LNK,NE,ACE,CE,Combined TRACON& Tower with Radar,0,33,48,15,96,0,0,37,5,42,0,33,85,20,138,82,16,98,236
12/05/2007,LNK,NE,ACE,CE,Combined TRACON& Tower with Radar,4,33,51,12,100,0,1,5,2,8,4,34,56,14,108,70,28,98,206
12/06/2007,LNK,NE,ACE,CE,Combined TRACON& Tower with Radar,2,23,23,10,58,0,2,0,0,2,2,25,23,10,60,0,16,16,76
12/07/2007,LNK,NE,ACE,CE,Combined TRACON& Tower with Radar,0,32,42,25,99,0,0,5,0,5,0,32,47,25,104,0,36,36,140
12/08/2007,LNK,NE,ACE,CE,Combined TRACON& Tower with Radar,1,18,19,7,45,0,0,0,0,0,1,18,19,7,45,0,0,0,45
12/09/2007,LNK,NE,ACE,CE,Combined TRACON& Tower with Radar,4,24,12,14,54,0,0,1,0,1,4,24,13,14,55,0,17,17,72
12/10/2007,LNK,NE,ACE,CE,Combined TRACON& Tower with Radar,0,31,74,0,105,0,0,1,0,1,0,31,75,0,106,6,0,6,112
12/11/2007,LNK,NE,ACE,CE,Combined TRACON& Tower with Radar,2,21,12,1,36,0,0,0,2,2,2,21,12,3,38,0,6,6,44
12/12/2007,LNK,NE,ACE,CE,Combined TRACON& Tower with Radar,1,28,43,14,86,0,1,10,3,14,1,29,53,17,100,8,13,21,121
12/13/2007,LNK,NE,ACE,CE,Combined TRACON& Tower with Radar,2,33,50,31,116,0,26,33,5,64,2,59,83,36,180,20,35,55,235
12/14/2007,LNK,NE,ACE,CE,Combined TRACON& Tower with Radar,0,32,42,32,106,0,5,7,1,13,0,37,49,33,119,92,60,152,271
12/15/2007,LNK,NE,ACE,CE,Combined TRACON& Tower with Radar,2,18,15,0,35,0,1,8,1,10,2,19,23,1,45,6,0,6,51
12/16/2007,LNK,NE,ACE,CE,Combined TRACON& Tower with Radar,3,17,28,2,50,0,4,13,0,17,3,21,41,2,67,27,0,27,94
12/17/2007,LNK,NE,ACE,CE,Combined TRACON& Tower with Radar,3,29,58,0,90,0,9,25,1,35,3,38,83,1,125,87,0,87,212
12/18/2007,LNK,NE,ACE,CE,Combined TRACON& Tower with Radar,4,27,53,14,98,0,5,67,2,74,4,32,120,16,172,96,16,112,284
12/19/2007,LNK,NE,ACE,CE,Combined TRACON& Tower with Radar,3,34,54,42,133,0,0,24,4,28,3,34,78,46,161,54,73,127,288
12/20/2007,LNK,NE,ACE,CE,Combined TRACON& Tower with Radar,11,29,68,26,134,0,2,31,6,39,11,31,99,32,173,40,74,114,287
12/21/2007,LNK,NE,ACE,CE,Combined TRACON& Tower with Radar,3,27,26,16,72,0,2,21,0,23,3,29,47,16,95,25,22,47,142
12/22/2007,LNK,NE,ACE,CE,Combined TRACON& Tower with Radar,4,20,10,1,35,0,2,2,0,4,4,22,12,1,39,0,0,0,39
12/23/2007,LNK,NE,ACE,CE,Combined TRACON& Tower with Radar,4,25,22,0,51,0,2,13,0,15,4,27,35,0,66,10,0,10,76
12/24/2007,LNK,NE,ACE,CE,Combined TRACON& Tower with Radar,4,20,17,1,42,0,0,30,0,30,4,20,47,1,72,38,0,38,110
12/25/2007,LNK,NE,ACE,CE,Combined TRACON& Tower with Radar,0,23,2,2,27,0,1,8,0,9,0,24,10,2,36,12,0,12,48
12/26/2007,LNK,NE,ACE,CE,Combined TRACON& Tower with Radar,6,27,29,1,63,0,7,4,1,12,6,34,33,2,75,10,0,10,85
12/27/2007,LNK,NE,ACE,CE,Combined TRACON& Tower with Radar,5,25,26,17,73,0,0,0,0,0,5,25,26,17,73,0,24,24,97
12/28/2007,LNK,NE,ACE,CE,Combined TRACON& Tower with Radar,2,28,32,8,70,0,0,17,2,19,2,28,49,10,89,60,14,74,163
12/29/2007,LNK,NE,ACE,CE,Combined TRACON& Tower with Radar,2,18,22,0,42,0,1,48,0,49,2,19,70,0,91,32,0,32,123
12/30/2007,LNK,NE,ACE,CE,Combined TRACON& Tower with Radar,4,20,16,0,40,0,0,21,0,21,4,20,37,0,61,30,0,30,91
12/31/2007,LNK,NE,ACE,CE,Combined TRACON& Tower with Radar,4,25,18,0,47,0,7,14,0,21,4,32,32,0,68,38,0,38,106
01/01/2008,LNK,NE,ACE,CE,Combined TRACON& Tower with Radar,2,19,7,0,28,0,3,8,0,11,2,22,15,0,39,0,0,0,39
01/02/2008,LNK,NE,ACE,CE,Combined TRACON& Tower with Radar,5,24,25,7,61,0,2,25,5,32,5,26,50,12,93,100,6,106,199
01/03/2008,LNK,NE,ACE,CE,Combined TRACON& Tower with Radar,6,27,39,72,144,0,1,15,6,22,6,28,54,78,166,24,164,188,354
01/04/2008,LNK,NE,ACE,CE,Combined TRACON& Tower with Radar,4,20,48,90,162,0,0,40,2,42,4,20,88,92,204,64,149,213,417
01/05/2008,LNK,NE,ACE,CE,Combined TRACON& Tower with Radar,4,25,39,9,77,0,0,53,5,58,4,25,92,14,135,74,24,98,233
01/06/2008,LNK,NE,ACE,CE,Combined TRACON& Tower with Radar,4,29,34,13,80,0,3,53,0,56,4,32,87,13,136,75,30,105,241
01/07/2008,LNK,NE,ACE,CE,Combined TRACON& Tower with Radar,4,36,39,12,91,0,4,14,1,19,4,40,53,13,110,51,67,118,228
01/08/2008,LNK,NE,ACE,CE,Combined TRACON& Tower with Radar,0,26,35,18,79,0,1,27,2,30,0,27,62,20,109,63,27,90,199
01/09/2008,LNK,NE,ACE,CE,Combined TRACON& Tower with Radar,0,37,47,53,137,0,4,31,4,39,0,41,78,57,176,57,100,157,333
01/10/2008,LNK,NE,ACE,CE,Combined TRACON& Tower with Radar,2,28,36,25,91,0,6,11,5,22,2,34,47,30,113,24,43,67,180
01/11/2008,LNK,NE,ACE,CE,Combined TRACON& Tower with Radar,0,34,49,41,124,0,0,29,8,37,0,34,78,49,161,52,73,125,286
01/12/2008,LNK,NE,ACE,CE,Combined TRACON& Tower with Radar,0,25,18,4,47,0,3,4,3,10,0,28,22,7,57,0,1,1,58
01/13/2008,LNK,NE,ACE,CE,Combined TRACON& Tower with Radar,2,26,45,3,76,0,0,37,1,38,2,26,82,4,114,118,0,118,232
01/14/2008,LNK,NE,ACE,CE,Combined TRACON& Tower with Radar,0,26,35,18,79,0,1,22,0,23,0,27,57,18,102,43,71,114,216
01/15/2008,LNK,NE,ACE,CE,Combined TRACON& Tower with Radar,0,28,53,47,128,0,4,19,3,26,0,32,72,50,154,100,96,196,350
01/16/2008,LNK,NE,ACE,CE,Combined TRACON& Tower with Radar,0,34,38,18,90,0,1,1,0,2,0,35,39,18,92,0,18,18,110
01/17/2008,LNK,NE,ACE,CE,Combined TRACON& Tower with Radar,2,29,47,24,102,0,2,25,6,33,2,31,72,30,135,42,36,78,213
01/18/2008,LNK,NE,ACE,CE,Combined TRACON& Tower with Radar,0,34,33,19,86,0,0,5,0,5,0,34,38,19,91,16,31,47,138
01/19/2008,LNK,NE,ACE,CE,Combined TRACON& Tower with Radar,0,26,34,1,61,0,0,31,0,31,0,26,65,1,92,94,0,94,186
01/20/2008,LNK,NE,ACE,CE,Combined TRACON& Tower with Radar,2,24,7,2,35,0,0,4,0,4,2,24,11,2,39,28,0,28,67
01/21/2008,LNK,NE,ACE,CE,Combined TRACON& Tower with Radar,0,33,35,0,68,0,0,6,0,6,0,33,41,0,74,12,0,12,86
01/22/2008,LNK,NE,ACE,CE,Combined TRACON& Tower with Radar,0,27,47,12,86,0,5,16,2,23,0,32,63,14,109,45,32,77,186
01/23/2008,LNK,NE,ACE,CE,Combined TRACON& Tower with Radar,0,35,37,30,102,0,0,8,1,9,0,35,45,31,111,7,74,81,192
01/24/2008,LNK,NE,ACE,CE,Combined TRACON& Tower with Radar,4,35,47,20,106,0,1,40,4,45,4,36,87,24,151,89,39,128,279
01/25/2008,LNK,NE,ACE,CE,Combined TRACON& Tower with Radar,0,28,34,41,103,0,1,21,0,22,0,29,55,41,125,25,108,133,258
01/26/2008,LNK,NE,ACE,CE,Combined TRACON& Tower with Radar,0,22,20,2,44,0,3,37,0,40,0,25,57,2,84,53,6,59,143
01/27/2008,LNK,NE,ACE,CE,Combined TRACON& Tower with Radar,2,23,18,4,47,0,6,52,1,59,2,29,70,5,106,60,24,84,190
01/28/2008,LNK,NE,ACE,CE,Combined TRACON& Tower with Radar,0,26,47,6,79,0,3,35,1,39,0,29,82,7,118,76,4,80,198
01/29/2008,LNK,NE,ACE,CE,Combined TRACON& Tower with Radar,0,31,14,15,60,0,1,7,1,9,0,32,21,16,69,14,22,36,105
01/30/2008,LNK,NE,ACE,CE,Combined TRACON& Tower with Radar,0,36,47,21,104,0,3,10,1,14,0,39,57,22,118,15,25,40,158
01/31/2008,LNK,NE,ACE,CE,Combined TRACON& Tower with Radar,6,40,52,30,128,0,4,21,3,28,6,44,73,33,156,61,55,116,272
02/01/2008,LNK,NE,ACE,CE,Combined TRACON& Tower with Radar,0,27,47,26,100,0,4,24,8,36,0,31,71,34,136,70,58,128,264
02/02/2008,LNK,NE,ACE,CE,Combined TRACON& Tower with Radar,0,25,32,11,68,0,0,32,1,33,0,25,64,12,101,48,26,74,175
02/03/2008,LNK,NE,ACE,CE,Combined TRACON& Tower with Radar,2,20,22,1,45,0,0,2,0,2,2,20,24,1,47,18,0,18,65
02/04/2008,LNK,NE,ACE,CE,Combined TRACON& Tower with Radar,2,27,42,0,71,0,0,1,0,1,2,27,43,0,72,0,0,0,72
02/05/2008,LNK,NE,ACE,CE,Combined TRACON& Tower with Radar,0,16,15,0,31,0,0,0,0,0,0,16,15,0,31,2,0,2,33
02/06/2008,LNK,NE,ACE,CE,Combined TRACON& Tower with Radar,0,30,49,14,93,0,2,13,7,22,0,32,62,21,115,79,54,133,248
02/07/2008,LNK,NE,ACE,CE,Combined TRACON& Tower with Radar,2,42,37,25,106,0,7,17,5,29,2,49,54,30,135,49,71,120,255
02/08/2008,LNK,NE,ACE,CE,Combined TRACON& Tower with Radar,0,27,50,26,103,0,1,52,11,64,0,28,102,37,167,80,35,115,282
02/09/2008,LNK,NE,ACE,CE,Combined TRACON& Tower with Radar,0,24,24,0,48,0,0,13,3,16,0,24,37,3,64,40,2,42,106
02/10/2008,LNK,NE,ACE,CE,Combined TRACON& Tower with Radar,2,36,35,5,78,0,2,23,2,27,2,38,58,7,105,82,0,82,187
02/11/2008,LNK,NE,ACE,CE,Combined TRACON& Tower with Radar,0,32,30,0,62,0,0,9,1,10,0,32,39,1,72,61,0,61,133
02/12/2008,LNK,NE,ACE,CE,Combined TRACON& Tower with Radar,0,32,45,23,100,0,4,15,0,19,0,36,60,23,119,35,48,83,202
02/13/2008,LNK,NE,ACE,CE,Combined TRACON& Tower with Radar,4,23,51,21,99,0,0,44,4,48,4,23,95,25,147,90,41,131,278
02/14/2008,LNK,NE,ACE,CE,Combined TRACON& Tower with Radar,6,24,23,26,79,0,2,9,0,11,6,26,32,26,90,4,54,58,148
02/15/2008,LNK,NE,ACE,CE,Combined TRACON& Tower with Radar,6,26,62,26,120,0,3,29,2,34,6,29,91,28,154,85,36,121,275
02/16/2008,LNK,NE,ACE,CE,Combined TRACON& Tower with Radar,2,20,18,16,56,0,2,38,0,40,2,22,56,16,96,84,21,105,201
02/17/2008,LNK,NE,ACE,CE,Combined TRACON& Tower with Radar,7,21,10,0,38,0,4,4,0,8,7,25,14,0,46,0,0,0,46
02/18/2008,LNK,NE,ACE,CE,Combined TRACON& Tower with Radar,3,24,46,3,76,0,1,20,0,21,3,25,66,3,97,22,0,22,119
02/19/2008,LNK,NE,ACE,CE,Combined TRACON& Tower with Radar,7,22,46,13,88,0,4,28,3,35,7,26,74,16,123,42,18,60,183
02/20/2008,LNK,NE,ACE,CE,Combined TRACON& Tower with Radar,6,21,45,38,110,0,3,23,11,37,6,24,68,49,147,53,89,142,289
02/21/2008,LNK,NE,ACE,CE,Combined TRACON& Tower with Radar,8,25,37,20,90,0,2,26,3,31,8,27,63,23,121,43,34,77,198
02/22/2008,LNK,NE,ACE,CE,Combined TRACON& Tower with Radar,6,21,59,40,126,0,4,45,4,53,6,25,104,44,179,50,82,132,311
02/23/2008,LNK,NE,ACE,CE,Combined TRACON& Tower with Radar,3,25,32,0,60,0,0,40,1,41,3,25,72,1,101,90,0,90,191
02/24/2008,LNK,NE,ACE,CE,Combined TRACON& Tower with Radar,8,23,33,0,64,0,0,42,0,42,8,23,75,0,106,40,0,40,146
02/25/2008,LNK,NE,ACE,CE,Combined TRACON& Tower with Radar,6,18,18,5,47,0,0,1,0,1,6,18,19,5,48,2,4,6,54
02/26/2008,LNK,NE,ACE,CE,Combined TRACON& Tower with Radar,6,20,40,42,108,0,4,9,2,15,6,24,49,44,123,26,111,137,260
02/27/2008,LNK,NE,ACE,CE,Combined TRACON& Tower with Radar,7,22,64,27,120,0,0,34,6,40,7,22,98,33,160,99,34,133,293
02/28/2008,LNK,NE,ACE,CE,Combined TRACON& Tower with Radar,8,25,35,45,113,0,2,9,2,13,8,27,44,47,126,10,102,112,238
02/29/2008,LNK,NE,ACE,CE,Combined TRACON& Tower with Radar,3,25,51,42,121,0,3,78,5,86,3,28,129,47,207,75,49,124,331
03/01/2008,LNK,NE,ACE,CE,Combined TRACON& Tower with Radar,6,31,36,18,91,0,2,38,1,41,6,33,74,19,132,38,40,78,210
03/02/2008,LNK,NE,ACE,CE,Combined TRACON& Tower with Radar,8,29,14,3,54,0,3,14,0,17,8,32,28,3,71,16,0,16,87
03/03/2008,LNK,NE,ACE,CE,Combined TRACON& Tower with Radar,6,30,43,76,155,0,2,0,0,2,6,32,43,76,157,33,60,93,250
03/04/2008,LNK,NE,ACE,CE,Combined TRACON& Tower with Radar,5,21,57,49,132,0,0,47,2,49,5,21,104,51,181,30,21,51,232
03/05/2008,LNK,NE,ACE,CE,Combined TRACON& Tower with Radar,7,21,35,63,126,0,0,12,4,16,7,21,47,67,142,8,10,18,160
03/06/2008,LNK,NE,ACE,CE,Combined TRACON& Tower with Radar,8,23,70,71,172,0,2,50,11,63,8,25,120,82,235,44,39,83,318
03/07/2008,LNK,NE,ACE,CE,Combined TRACON& Tower with Radar,6,23,35,37,101,0,0,22,4,26,6,23,57,41,127,8,20,28,155
03/08/2008,LNK,NE,ACE,CE,Combined TRACON& Tower with Radar,3,27,25,2,57,0,3,28,9,40,3,30,53,11,97,34,0,34,131
03/09/2008,LNK,NE,ACE,CE,Combined TRACON& Tower with Radar,6,24,32,2,64,0,1,56,1,58,6,25,88,3,122,66,0,66,188
03/10/2008,LNK,NE,ACE,CE,Combined TRACON& Tower with Radar,6,27,63,17,113,0,3,59,2,64,6,30,122,19,177,66,16,82,259
03/11/2008,LNK,NE,ACE,CE,Combined TRACON& Tower with Radar,6,24,47,28,105,0,2,58,6,66,6,26,105,34,171,34,0,34,205
03/12/2008,LNK,NE,ACE,CE,Combined TRACON& Tower with Radar,6,26,53,46,131,0,1,58,14,73,6,27,111,60,204,26,30,56,260
03/13/2008,LNK,NE,ACE,CE,Combined TRACON& Tower with Radar,9,27,59,9,104,0,1,76,7,84,9,28,135,16,188,76,4,80,268
03/14/2008,LNK,NE,ACE,CE,Combined TRACON& Tower with Radar,6,23,42,6,77,0,2,31,6,39,6,25,73,12,116,34,0,34,150
03/15/2008,LNK,NE,ACE,CE,Combined TRACON& Tower with Radar,5,20,35,1,61,0,2,27,4,33,5,22,62,5,94,8,0,8,102
03/16/2008,LNK,NE,ACE,CE,Combined TRACON& Tower with Radar,7,28,25,8,68,0,4,26,1,31,7,32,51,9,99,18,0,18,117
03/17/2008,LNK,NE,ACE,CE,Combined TRACON& Tower with Radar,6,19,31,4,60,0,0,0,0,0,6,19,31,4,60,0,0,0,60
03/18/2008,LNK,NE,ACE,CE,Combined TRACON& Tower with Radar,6,20,41,51,118,0,0,25,2,27,6,20,66,53,145,28,12,40,185
03/19/2008,LNK,NE,ACE,CE,Combined TRACON& Tower with Radar,9,26,40,36,111,0,6,61,10,77,9,32,101,46,188,57,12,69,257
03/20/2008,LNK,NE,ACE,CE,Combined TRACON& Tower with Radar,9,33,55,30,127,0,6,47,10,63,9,39,102,40,190,34,44,78,268
03/21/2008,LNK,NE,ACE,CE,Combined TRACON& Tower with Radar,6,19,34,38,97,0,4,21,2,27,6,23,55,40,124,38,22,60,184
03/22/2008,LNK,NE,ACE,CE,Combined TRACON& Tower with Radar,1,28,27,1,57,0,2,7,0,9,1,30,34,1,66,0,0,0,66
03/23/2008,LNK,NE,ACE,CE,Combined TRACON& Tower with Radar,10,19,21,1,51,0,2,11,0,13,10,21,32,1,64,0,0,0,64
03/24/2008,LNK,NE,ACE,CE,Combined TRACON& Tower with Radar,7,24,34,37,102,0,6,28,3,37,7,30,62,40,139,22,35,57,196
03/25/2008,LNK,NE,ACE,CE,Combined TRACON& Tower with Radar,8,20,48,25,101,0,11,30,5,46,8,31,78,30,147,24,14,38,185
03/26/2008,LNK,NE,ACE,CE,Combined TRACON& Tower with Radar,8,28,42,45,123,0,6,42,7,55,8,34,84,52,178,20,11,31,209
03/27/2008,LNK,NE,ACE,CE,Combined TRACON& Tower with Radar,6,26,39,37,108,0,0,1,4,5,6,26,40,41,113,0,6,6,119
03/28/2008,LNK,NE,ACE,CE,Combined TRACON& Tower with Radar,8,19,38,48,113,0,6,28,6,40,8,25,66,54,153,28,12,40,193
03/29/2008,LNK,NE,ACE,CE,Combined TRACON& Tower with Radar,4,23,30,4,61,0,0,32,1,33,4,23,62,5,94,20,0,20,114
03/30/2008,LNK,NE,ACE,CE,Combined TRACON& Tower with Radar,4,23,34,3,64,0,4,8,2,14,4,27,42,5,78,33,0,33,111
03/31/2008,LNK,NE,ACE,CE,Combined TRACON& Tower with Radar,2,27,17,2,48,0,0,1,0,1,2,27,18,2,49,0,0,0,49
04/01/2008,LNK,NE,ACE,CE,Combined TRACON& Tower with Radar,0,37,41,4,82,0,0,19,2,21,0,37,60,6,103,29,22,51,154
04/02/2008,LNK,NE,ACE,CE,Combined TRACON& Tower with Radar,0,33,38,48,119,0,7,38,4,49,0,40,76,52,168,66,15,81,249
04/03/2008,LNK,NE,ACE,CE,Combined TRACON& Tower with Radar,2,35,32,5,74,0,3,5,4,12,2,38,37,9,86,0,4,4,90
04/04/2008,LNK,NE,ACE,CE,Combined TRACON& Tower with Radar,2,29,74,52,157,0,3,64,9,76,2,32,138,61,233,36,30,66,299
04/05/2008,LNK,NE,ACE,CE,Combined TRACON& Tower with Radar,0,27,39,5,71,0,0,27,9,36,0,27,66,14,107,0,0,0,107
04/06/2008,LNK,NE,ACE,CE,Combined TRACON& Tower with Radar,2,31,26,4,63,0,6,21,5,32,2,37,47,9,95,2,0,2,97
04/07/2008,LNK,NE,ACE,CE,Combined TRACON& Tower with Radar,0,33,54,8,95,0,5,24,0,29,0,38,78,8,124,77,0,77,201
04/08/2008,LNK,NE,ACE,CE,Combined TRACON& Tower with Radar,0,24,38,57,119,0,3,26,8,37,0,27,64,65,156,30,14,44,200
04/09/2008,LNK,NE,ACE,CE,Combined TRACON& Tower with Radar,1,41,36,57,135,0,6,35,5,46,1,47,71,62,181,56,40,96,277
04/10/2008,LNK,NE,ACE,CE,Combined TRACON& Tower with Radar,2,36,39,43,120,0,0,0,0,0,2,36,39,43,120,0,0,0,120
04/11/2008,LNK,NE,ACE,CE,Combined TRACON& Tower with Radar,0,25,22,27,74,0,0,4,2,6,0,25,26,29,80,6,18,24,104
04/12/2008,LNK,NE,ACE,CE,Combined TRACON& Tower with Radar,2,26,27,0,55,0,5,9,3,17,2,31,36,3,72,4,0,4,76
04/13/2008,LNK,NE,ACE,CE,Combined TRACON& Tower with Radar,4,29,14,0,47,0,8,37,0,45,4,37,51,0,92,46,0,46,138
04/14/2008,LNK,NE,ACE,CE,Combined TRACON& Tower with Radar,0,33,53,55,141,0,6,76,0,82,0,39,129,55,223,66,10,76,299
04/15/2008,LNK,NE,ACE,CE,Combined TRACON& Tower with Radar,0,34,32,35,101,0,5,18,7,30,0,39,50,42,131,16,26,42,173
04/16/2008,LNK,NE,ACE,CE,Combined TRACON& Tower with Radar,0,36,51,72,159,0,8,38,15,61,0,44,89,87,220,48,76,124,344
04/17/2008,LNK,NE,ACE,CE,Combined TRACON& Tower with Radar,2,33,25,77,137,0,4,1,3,8,2,37,26,80,145,0,0,0,145
04/18/2008,LNK,NE,ACE,CE,Combined TRACON& Tower with Radar,2,38,41,31,112,0,0,11,3,14,2,38,52,34,126,28,6,34,160
04/19/2008,LNK,NE,ACE,CE,Combined TRACON& Tower with Radar,0,23,39,1,63,0,3,79,4,86,0,26,118,5,149,55,0,55,204
04/20/2008,LNK,NE,ACE,CE,Combined TRACON& Tower with Radar,4,28,29,1,62,0,8,12,0,20,4,36,41,1,82,3,0,3,85
04/21/2008,LNK,NE,ACE,CE,Combined TRACON& Tower with Radar,0,34,51,24,109,0,5,30,0,35,0,39,81,24,144,40,0,40,184
04/22/2008,LNK,NE,ACE,CE,Combined TRACON& Tower with Radar,0,30,51,49,130,0,4,73,13,90,0,34,124,62,220,56,2,58,278
04/23/2008,LNK,NE,ACE,CE,Combined TRACON& Tower with Radar,0,28,50,75,153,0,3,29,6,38,0,31,79,81,191,41,24,65,256
04/24/2008,LNK,NE,ACE,CE,Combined TRACON& Tower with Radar,2,36,31,66,135,0,2,5,4,11,2,38,36,70,146,22,6,28,174
04/25/2008,LNK,NE,ACE,CE,Combined TRACON& Tower with Radar,4,30,32,27,93,0,2,11,1,14,4,32,43,28,107,0,4,4,111
04/26/2008,LNK,NE,ACE,CE,Combined TRACON& Tower with Radar,0,29,11,2,42,0,2,23,0,25,0,31,34,2,67,36,0,36,103
04/27/2008,LNK,NE,ACE,CE,Combined TRACON& Tower with Radar,4,39,9,3,55,0,4,53,0,57,4,43,62,3,112,15,0,15,127
04/28/2008,LNK,NE,ACE,CE,Combined TRACON& Tower with Radar,1,39,58,29,127,0,3,41,4,48,1,42,99,33,175,16,20,36,211
04/29/2008,LNK,NE,ACE,CE,Combined TRACON& Tower with Radar,0,34,50,26,110,0,6,50,6,62,0,40,100,32,172,42,15,57,229
04/30/2008,LNK,NE,ACE,CE,Combined TRACON& Tower with Radar,0,38,54,36,128,0,0,44,5,49,0,38,98,41,177,28,24,52,229
05/01/2008,LNK,NE,ACE,CE,Combined TRACON& Tower with Radar,4,37,63,40,144,0,3,22,20,45,4,40,85,60,189,22,4,26,215
05/02/2008,LNK,NE,ACE,CE,Combined TRACON& Tower with Radar,0,26,46,32,104,0,0,27,2,29,0,26,73,34,133,2,10,12,145
05/03/2008,LNK,NE,ACE,CE,Combined TRACON& Tower with Radar,0,29,32,8,69,0,8,44,7,59,0,37,76,15,128,38,0,38,166
05/04/2008,LNK,NE,ACE,CE,Combined TRACON& Tower with Radar,2,40,46,1,89,0,6,49,0,55,2,46,95,1,144,26,0,26,170
05/05/2008,LNK,NE,ACE,CE,Combined TRACON& Tower with Radar,2,28,38,12,80,0,6,66,9,81,2,34,104,21,161,92,0,92,253
05/06/2008,LNK,NE,ACE,CE,Combined TRACON& Tower with Radar,0,34,40,45,119,0,1,29,10,40,0,35,69,55,159,2,14,16,175
05/07/2008,LNK,NE,ACE,CE,Combined TRACON& Tower with Radar,0,29,48,39,116,0,2,21,5,28,0,31,69,44,144,10,21,31,175
05/08/2008,LNK,NE,ACE,CE,Combined TRACON& Tower with Radar,5,42,40,64,151,0,1,44,16,61,5,43,84,80,212,160,40,200,412
05/09/2008,LNK,NE,ACE,CE,Combined TRACON& Tower with Radar,6,30,72,67,175,0,1,27,3,31,6,31,99,70,206,24,26,50,256
05/10/2008,LNK,NE,ACE,CE,Combined TRACON& Tower with Radar,0,27,26,1,54,0,0,11,1,12,0,27,37,2,66,16,0,16,82
05/11/2008,LNK,NE,ACE,CE,Combined TRACON& Tower with Radar,2,27,10,1,40,0,0,44,1,45,2,27,54,2,85,36,0,36,121
05/12/2008,LNK,NE,ACE,CE,Combined TRACON& Tower with Radar,1,35,54,45,135,0,1,28,4,33,1,36,82,49,168,0,28,28,196
05/13/2008,LNK,NE,ACE,CE,Combined TRACON& Tower with Radar,0,38,55,6,99,0,2,31,11,44,0,40,86,17,143,69,12,81,224
05/14/2008,LNK,NE,ACE,CE,Combined TRACON& Tower with Radar,0,37,52,86,175,0,9,66,13,88,0,46,118,99,263,90,50,140,403
05/15/2008,LNK,NE,ACE,CE,Combined TRACON& Tower with Radar,2,34,47,46,129,0,2,46,8,56,2,36,93,54,185,38,30,68,253
05/16/2008,LNK,NE,ACE,CE,Combined TRACON& Tower with Radar,0,33,35,7,75,0,4,65,10,79,0,37,100,17,154,47,14,61,215
05/17/2008,LNK,NE,ACE,CE,Combined TRACON& Tower with Radar,0,29,28,0,57,0,5,64,9,78,0,34,92,9,135,51,0,51,186
05/18/2008,LNK,NE,ACE,CE,Combined TRACON& Tower with Radar,2,32,43,0,77,0,3,58,2,63,2,35,101,2,140,22,0,22,162
05/19/2008,LNK,NE,ACE,CE,Combined TRACON& Tower with Radar,0,35,45,18,98,0,2,55,2,59,0,37,100,20,157,35,8,43,200
05/20/2008,LNK,NE,ACE,CE,Combined TRACON& Tower with Radar,0,28,39,32,99,0,0,42,7,49,0,28,81,39,148,66,12,78,226
05/21/2008,LNK,NE,ACE,CE,Combined TRACON& Tower with Radar,0,36,57,55,148,0,4,64,9,77,0,40,121,64,225,76,31,107,332
05/22/2008,LNK,NE,ACE,CE,Combined TRACON& Tower with Radar,2,31,38,18,89,0,1,6,3,10,2,32,44,21,99,0,2,2,101
05/23/2008,LNK,NE,ACE,CE,Combined TRACON& Tower with Radar,0,29,34,1,64,0,2,0,1,3,0,31,34,2,67,0,0,0,67
05/24/2008,LNK,NE,ACE,CE,Combined TRACON& Tower with Radar,0,27,9,0,36,0,1,6,0,7,0,28,15,0,43,0,0,0,43
05/25/2008,LNK,NE,ACE,CE,Combined TRACON& Tower with Radar,2,19,19,0,40,0,3,15,0,18,2,22,34,0,58,24,0,24,82
05/26/2008,LNK,NE,ACE,CE,Combined TRACON& Tower with Radar,0,28,13,0,41,0,3,18,4,25,0,31,31,4,66,61,0,61,127
05/27/2008,LNK,NE,ACE,CE,Combined TRACON& Tower with Radar,0,28,55,45,128,0,0,3,0,3,0,28,58,45,131,0,0,0,131
05/28/2008,LNK,NE,ACE,CE,Combined TRACON& Tower with Radar,0,32,86,56,174,0,0,6,3,9,0,32,92,59,183,58,4,62,245
05/29/2008,LNK,NE,ACE,CE,Combined TRACON& Tower with Radar,2,36,39,83,160,0,1,2,5,8,2,37,41,88,168,6,2,8,176
05/30/2008,LNK,NE,ACE,CE,Combined TRACON& Tower with Radar,0,29,77,31,137,0,2,58,4,64,0,31,135,35,201,20,6,26,227
05/31/2008,LNK,NE,ACE,CE,Combined TRACON& Tower with Radar,2,26,40,1,69,0,3,62,4,69,2,29,102,5,138,62,0,62,200
06/01/2008,LNK,NE,ACE,CE,Combined TRACON& Tower with Radar,2,35,16,2,55,0,4,34,1,39,2,39,50,3,94,16,2,18,112
06/02/2008,LNK,NE,ACE,CE,Combined TRACON& Tower with Radar,2,40,42,1,85,0,4,27,1,32,2,44,69,2,117,124,0,124,241
06/03/2008,LNK,NE,ACE,CE,Combined TRACON& Tower with Radar,0,34,71,19,124,0,1,39,3,43,0,35,110,22,167,26,36,62,229
06/04/2008,LNK,NE,ACE,CE,Combined TRACON& Tower with Radar,0,26,69,42,137,0,4,11,3,18,0,30,80,45,155,16,1,17,172
06/05/2008,LNK,NE,ACE,CE,Combined TRACON& Tower with Radar,5,28,30,11,74,0,4,11,4,19,5,32,41,15,93,11,14,25,118
06/06/2008,LNK,NE,ACE,CE,Combined TRACON& Tower with Radar,0,26,35,10,71,0,4,53,6,63,0,30,88,16,134,32,4,36,170
06/07/2008,LNK,NE,ACE,CE,Combined TRACON& Tower with Radar,4,25,25,3,57,0,1,16,0,17,4,26,41,3,74,6,2,8,82
06/08/2008,LNK,NE,ACE,CE,Combined TRACON& Tower with Radar,4,26,28,17,75,0,0,16,0,16,4,26,44,17,91,4,0,4,95
06/09/2008,LNK,NE,ACE,CE,Combined TRACON& Tower with Radar,2,34,36,33,105,1,2,76,7,86,3,36,112,40,191,102,33,135,326
06/10/2008,LNK,NE,ACE,CE,Combined TRACON& Tower with Radar,0,31,47,17,95,0,5,74,11,90,0,36,121,28,185,101,6,107,292
06/11/2008,LNK,NE,ACE,CE,Combined TRACON& Tower with Radar,0,25,42,46,113,0,2,15,1,18,0,27,57,47,131,19,26,45,176
06/12/2008,LNK,NE,ACE,CE,Combined TRACON& Tower with Radar,2,28,46,17,93,0,1,57,6,64,2,29,103,23,157,73,10,83,240
06/13/2008,LNK,NE,ACE,CE,Combined TRACON& Tower with Radar,2,31,51,31,115,0,3,67,13,83,2,34,118,44,198,60,3,63,261
06/14/2008,LNK,NE,ACE,CE,Combined TRACON& Tower with Radar,2,20,33,0,55,0,4,57,0,61,2,24,90,0,116,8,0,8,124
06/15/2008,LNK,NE,ACE,CE,Combined TRACON& Tower with Radar,2,28,43,0,73,0,6,32,0,38,2,34,75,0,111,22,0,22,133
06/16/2008,LNK,NE,ACE,CE,Combined TRACON& Tower with Radar,4,36,49,7,96,0,4,42,14,60,4,40,91,21,156,87,0,87,243
06/17/2008,LNK,NE,ACE,CE,Combined TRACON& Tower with Radar,0,38,62,55,155,0,1,60,6,67,0,39,122,61,222,78,10,88,310
06/18/2008,LNK,NE,ACE,CE,Combined TRACON& Tower with Radar,0,31,46,28,105,0,0,48,3,51,0,31,94,31,156,100,7,107,263
06/19/2008,LNK,NE,ACE,CE,Combined TRACON& Tower with Radar,4,31,49,49,133,0,0,23,13,36,4,31,72,62,169,6,11,17,186
06/20/2008,LNK,NE,ACE,CE,Combined TRACON& Tower with Radar,0,28,50,39,117,0,6,60,4,70,0,34,110,43,187,21,23,44,231
06/21/2008,LNK,NE,ACE,CE,Combined TRACON& Tower with Radar,0,28,24,12,64,0,0,54,5,59,0,28,78,17,123,28,6,34,157
06/22/2008,LNK,NE,ACE,CE,Combined TRACON& Tower with Radar,4,27,32,21,84,0,3,39,3,45,4,30,71,24,129,14,30,44,173
06/23/2008,LNK,NE,ACE,CE,Combined TRACON& Tower with Radar,6,36,39,30,111,0,6,47,5,58,6,42,86,35,169,107,6,113,282
06/24/2008,LNK,NE,ACE,CE,Combined TRACON& Tower with Radar,2,32,54,23,111,0,3,40,2,45,2,35,94,25,156,34,2,36,192
06/25/2008,LNK,NE,ACE,CE,Combined TRACON& Tower with Radar,0,35,43,35,113,0,3,44,6,53,0,38,87,41,166,46,16,62,228
06/26/2008,LNK,NE,ACE,CE,Combined TRACON& Tower with Radar,2,34,57,31,124,0,0,33,10,43,2,34,90,41,167,2,26,28,195
06/27/2008,LNK,NE,ACE,CE,Combined TRACON& Tower with Radar,4,35,39,13,91,0,4,32,9,45,4,39,71,22,136,59,10,69,205
06/28/2008,LNK,NE,ACE,CE,Combined TRACON& Tower with Radar,6,22,17,5,50,0,4,28,4,36,6,26,45,9,86,40,0,40,126
06/29/2008,LNK,NE,ACE,CE,Combined TRACON& Tower with Radar,3,26,21,1,51,0,6,25,0,31,3,32,46,1,82,18,0,18,100
06/30/2008,LNK,NE,ACE,CE,Combined TRACON& Tower with Radar,1,34,46,40,121,0,4,67,2,73,1,38,113,42,194,114,31,145,339
07/01/2008,LNK,NE,ACE,CE,Combined TRACON& Tower with Radar,6,35,60,49,150,0,0,68,6,74,6,35,128,55,224,42,26,68,292
07/02/2008,LNK,NE,ACE,CE,Combined TRACON& Tower with Radar,3,36,52,62,153,0,1,39,6,46,3,37,91,68,199,28,22,50,249
07/03/2008,LNK,NE,ACE,CE,Combined TRACON& Tower with Radar,2,28,37,25,92,0,2,51,10,63,2,30,88,35,155,56,32,88,243
07/04/2008,LNK,NE,ACE,CE,Combined TRACON& Tower with Radar,0,20,22,0,42,0,2,45,2,49,0,22,67,2,91,34,0,34,125
07/05/2008,LNK,NE,ACE,CE,Combined TRACON& Tower with Radar,4,21,10,2,37,0,0,13,2,15,4,21,23,4,52,6,10,16,68
07/06/2008,LNK,NE,ACE,CE,Combined TRACON& Tower with Radar,5,28,51,4,88,0,0,26,1,27,5,28,77,5,115,34,0,34,149
07/07/2008,LNK,NE,ACE,CE,Combined TRACON& Tower with Radar,1,31,59,1,92,0,0,18,0,18,1,31,77,1,110,16,0,16,126
07/08/2008,LNK,NE,ACE,CE,Combined TRACON& Tower with Radar,3,37,46,15,101,0,7,45,5,57,3,44,91,20,158,40,0,40,198
07/09/2008,LNK,NE,ACE,CE,Combined TRACON& Tower with Radar,1,47,47,57,152,0,0,24,5,29,1,47,71,62,181,24,42,66,247
07/10/2008,LNK,NE,ACE,CE,Combined TRACON& Tower with Radar,5,26,46,68,145,0,11,47,11,69,5,37,93,79,214,55,72,127,341
07/11/2008,LNK,NE,ACE,CE,Combined TRACON& Tower with Radar,1,32,50,57,140,2,48,11,0,61,3,80,61,57,201,54,55,109,310
07/12/2008,LNK,NE,ACE,CE,Combined TRACON& Tower with Radar,4,28,20,10,62,0,1,35,7,43,4,29,55,17,105,10,16,26,131
07/13/2008,LNK,NE,ACE,CE,Combined TRACON& Tower with Radar,2,32,20,21,75,0,6,68,3,77,2,38,88,24,152,52,18,70,222
07/14/2008,LNK,NE,ACE,CE,Combined TRACON& Tower with Radar,0,37,60,49,146,0,9,43,1,53,0,46,103,50,199,40,30,70,269
07/15/2008,LNK,NE,ACE,CE,Combined TRACON& Tower with Radar,0,31,52,45,128,0,1,38,6,45,0,32,90,51,173,50,34,84,257
07/16/2008,LNK,NE,ACE,CE,Combined TRACON& Tower with Radar,0,33,47,68,148,0,2,40,8,50,0,35,87,76,198,50,66,116,314
07/17/2008,LNK,NE,ACE,CE,Combined TRACON& Tower with Radar,4,38,67,41,150,2,3,37,13,55,6,41,104,54,205,43,10,53,258
07/18/2008,LNK,NE,ACE,CE,Combined TRACON& Tower with Radar,0,35,58,43,136,0,0,33,3,36,0,35,91,46,172,50,6,56,228
07/19/2008,LNK,NE,ACE,CE,Combined TRACON& Tower with Radar,1,30,45,2,78,0,0,37,6,43,1,30,82,8,121,26,42,68,189
07/20/2008,LNK,NE,ACE,CE,Combined TRACON& Tower with Radar,2,28,31,2,63,0,7,34,0,41,2,35,65,2,104,26,0,26,130
07/21/2008,LNK,NE,ACE,CE,Combined TRACON& Tower with Radar,2,30,53,51,136,0,2,56,0,58,2,32,109,51,194,83,27,110,304
07/22/2008,LNK,NE,ACE,CE,Combined TRACON& Tower with Radar,0,33,40,38,111,0,3,59,16,78,0,36,99,54,189,46,26,72,261
07/23/2008,LNK,NE,ACE,CE,Combined TRACON& Tower with Radar,0,34,55,96,185,0,6,31,7,44,0,40,86,103,229,23,36,59,288
07/24/2008,LNK,NE,ACE,CE,Combined TRACON& Tower with Radar,2,45,47,26,120,0,3,17,5,25,2,48,64,31,145,86,16,102,247
07/25/2008,LNK,NE,ACE,CE,Combined TRACON& Tower with Radar,0,30,85,67,182,0,4,20,4,28,0,34,105,71,210,38,20,58,268
07/26/2008,LNK,NE,ACE,CE,Combined TRACON& Tower with Radar,4,23,36,1,64,0,0,23,0,23,4,23,59,1,87,2,0,2,89
07/27/2008,LNK,NE,ACE,CE,Combined TRACON& Tower with Radar,2,25,25,0,52,0,4,35,0,39,2,29,60,0,91,32,0,32,123
07/28/2008,LNK,NE,ACE,CE,Combined TRACON& Tower with Radar,4,41,40,20,105,0,2,29,2,33,4,43,69,22,138,32,9,41,179
07/29/2008,LNK,NE,ACE,CE,Combined TRACON& Tower with Radar,0,48,52,44,144,0,7,26,3,36,0,55,78,47,180,44,16,60,240
07/30/2008,LNK,NE,ACE,CE,Combined TRACON& Tower with Radar,0,37,48,60,145,0,2,37,7,46,0,39,85,67,191,65,13,78,269
07/31/2008,LNK,NE,ACE,CE,Combined TRACON& Tower with Radar,2,38,39,59,138,0,4,47,16,67,2,42,86,75,205,50,48,98,303
08/01/2008,LNK,NE,ACE,CE,Combined TRACON& Tower with Radar,1,34,31,63,129,0,1,41,6,48,1,35,72,69,177,14,36,50,227
08/02/2008,LNK,NE,ACE,CE,Combined TRACON& Tower with Radar,2,23,33,2,60,0,3,31,0,34,2,26,64,2,94,28,0,28,122
08/03/2008,LNK,NE,ACE,CE,Combined TRACON& Tower with Radar,2,34,30,5,71,0,2,24,2,28,2,36,54,7,99,10,16,26,125
08/04/2008,LNK,NE,ACE,CE,Combined TRACON& Tower with Radar,0,46,81,18,145,0,41,44,18,103,0,87,125,36,248,34,14,48,296
08/05/2008,LNK,NE,ACE,CE,Combined TRACON& Tower with Radar,2,32,28,12,74,0,3,30,8,41,2,35,58,20,115,85,32,117,232
08/06/2008,LNK,NE,ACE,CE,Combined TRACON& Tower with Radar,2,28,69,33,132,0,0,48,5,53,2,28,117,38,185,14,20,34,219
08/07/2008,LNK,NE,ACE,CE,Combined TRACON& Tower with Radar,2,36,52,39,129,0,1,62,10,73,2,37,114,49,202,77,25,102,304
08/08/2008,LNK,NE,ACE,CE,Combined TRACON& Tower with Radar,0,30,50,9,89,0,6,54,7,67,0,36,104,16,156,63,2,65,221
08/09/2008,LNK,NE,ACE,CE,Combined TRACON& Tower with Radar,4,24,35,13,76,0,2,28,0,30,4,26,63,13,106,4,0,4,110
08/10/2008,LNK,NE,ACE,CE,Combined TRACON& Tower with Radar,6,26,29,1,62,0,1,35,1,37,6,27,64,2,99,24,0,24,123
08/11/2008,LNK,NE,ACE,CE,Combined TRACON& Tower with Radar,1,32,47,23,103,0,7,25,2,34,1,39,72,25,137,78,12,90,227
08/12/2008,LNK,NE,ACE,CE,Combined TRACON& Tower with Radar,2,35,58,44,139,0,0,33,4,37,2,35,91,48,176,72,11,83,259
08/13/2008,LNK,NE,ACE,CE,Combined TRACON& Tower with Radar,0,30,55,31,116,0,7,44,3,54,0,37,99,34,170,14,4,18,188
08/14/2008,LNK,NE,ACE,CE,Combined TRACON& Tower with Radar,3,36,52,93,184,0,2,52,6,60,3,38,104,99,244,64,25,89,333
08/15/2008,LNK,NE,ACE,CE,Combined TRACON& Tower with Radar,0,33,29,32,94,0,0,46,5,51,0,33,75,37,145,46,44,90,235
08/16/2008,LNK,NE,ACE,CE,Combined TRACON& Tower with Radar,2,28,27,16,73,0,0,42,6,48,2,28,69,22,121,40,0,40,161
08/17/2008,LNK,NE,ACE,CE,Combined TRACON& Tower with Radar,2,36,32,2,72,0,0,47,5,52,2,36,79,7,124,50,0,50,174
08/18/2008,LNK,NE,ACE,CE,Combined TRACON& Tower with Radar,4,39,64,47,154,0,7,56,3,66,4,46,120,50,220,75,226,301,521
08/19/2008,LNK,NE,ACE,CE,Combined TRACON& Tower with Radar,4,28,39,48,119,0,3,77,0,80,4,31,116,48,199,16,30,46,245
08/20/2008,LNK,NE,ACE,CE,Combined TRACON& Tower with Radar,0,34,80,92,206,0,0,64,12,76,0,34,144,104,282,35,52,87,369
08/21/2008,LNK,NE,ACE,CE,Combined TRACON& Tower with Radar,2,52,46,89,189,0,0,44,5,49,2,52,90,94,238,76,43,119,357
08/22/2008,LNK,NE,ACE,CE,Combined TRACON& Tower with Radar,2,30,37,34,103,0,2,32,4,38,2,32,69,38,141,44,28,72,213
08/23/2008,LNK,NE,ACE,CE,Combined TRACON& Tower with Radar,4,26,17,2,49,0,2,37,2,41,4,28,54,4,90,16,1,17,107
08/24/2008,LNK,NE,ACE,CE,Combined TRACON& Tower with Radar,2,30,38,0,70,0,0,27,0,27,2,30,65,0,97,39,2,41,138
08/25/2008,LNK,NE,ACE,CE,Combined TRACON& Tower with Radar,2,39,55,32,128,0,2,35,1,38,2,41,90,33,166,83,168,251,417
08/26/2008,LNK,NE,ACE,CE,Combined TRACON& Tower with Radar,0,37,54,35,126,0,8,52,4,64,0,45,106,39,190,90,29,119,309
08/27/2008,LNK,NE,ACE,CE,Combined TRACON& Tower with Radar,0,27,42,30,99,0,3,20,4,27,0,30,62,34,126,26,129,155,281
08/28/2008,LNK,NE,ACE,CE,Combined TRACON& Tower with Radar,2,33,49,40,124,0,6,35,5,46,2,39,84,45,170,30,30,60,230
08/29/2008,LNK,NE,ACE,CE,Combined TRACON& Tower with Radar,1,41,58,11,111,0,3,76,1,80,1,44,134,12,191,56,0,56,247
08/30/2008,LNK,NE,ACE,CE,Combined TRACON& Tower with Radar,2,23,29,1,55,0,0,60,3,63,2,23,89,4,118,28,0,28,146
08/31/2008,LNK,NE,ACE,CE,Combined TRACON& Tower with Radar,3,23,28,0,54,0,1,42,1,44,3,24,70,1,98,2,0,2,100
09/01/2008,LNK,NE,ACE,CE,Towers with Radar,0,25,26,0,51,0,1,36,0,37,0,26,62,0,88,36,0,36,124
09/02/2008,LNK,NE,ACE,CE,Towers with Radar,0,29,28,10,67,0,2,6,0,8,0,31,34,10,75,0,0,0,75
09/03/2008,LNK,NE,ACE,CE,Towers with Radar,4,30,46,97,177,0,1,47,5,53,4,31,93,102,230,4,60,64,294
09/04/2008,LNK,NE,ACE,CE,Towers with Radar,6,29,52,75,162,0,6,63,16,85,6,35,115,91,247,16,72,88,335
09/05/2008,LNK,NE,ACE,CE,Towers with Radar,5,31,59,32,127,0,0,44,8,52,5,31,103,40,179,48,28,76,255
09/06/2008,LNK,NE,ACE,CE,Towers with Radar,6,21,48,8,83,0,11,21,5,37,6,32,69,13,120,10,0,10,130
09/07/2008,LNK,NE,ACE,CE,Towers with Radar,0,20,35,0,55,0,2,14,0,16,0,22,49,0,71,8,0,8,79
09/08/2008,LNK,NE,ACE,CE,Towers with Radar,5,28,50,24,107,0,0,4,0,4,5,28,54,24,111,44,6,50,161
09/09/2008,LNK,NE,ACE,CE,Towers with Radar,3,26,40,14,83,0,0,35,4,39,3,26,75,18,122,26,20,46,168
09/10/2008,LNK,NE,ACE,CE,Towers with Radar,4,41,42,58,145,0,6,11,6,23,4,47,53,64,168,28,62,90,258
09/11/2008,LNK,NE,ACE,CE,Towers with Radar,6,26,49,47,128,0,3,4,0,7,6,29,53,47,135,0,4,4,139
09/12/2008,LNK,NE,ACE,CE,Towers with Radar,3,29,52,21,105,0,0,0,0,0,3,29,52,21,105,0,0,0,105
09/13/2008,LNK,NE,ACE,CE,Towers with Radar,2,30,43,0,75,0,0,22,1,23,2,30,65,1,98,9,0,9,107
09/14/2008,LNK,NE,ACE,CE,Towers with Radar,1,32,51,1,85,0,4,14,0,18,1,36,65,1,103,16,0,16,119
09/15/2008,LNK,NE,ACE,CE,Towers with Radar,5,28,52,13,98,0,7,62,1,70,5,35,114,14,168,84,4,88,256
09/16/2008,LNK,NE,ACE,CE,Towers with Radar,2,26,29,16,73,0,3,52,2,57,2,29,81,18,130,62,8,70,200
09/17/2008,LNK,NE,ACE,CE,Towers with Radar,3,32,64,13,112,0,6,40,10,56,3,38,104,23,168,61,0,61,229
09/18/2008,LNK,NE,ACE,CE,Towers with Radar,4,27,47,46,124,0,10,44,9,63,4,37,91,55,187,77,46,123,310
09/19/2008,LNK,NE,ACE,CE,Towers with Radar,8,32,42,12,94,0,0,67,8,75,8,32,109,20,169,33,6,39,208
09/20/2008,LNK,NE,ACE,CE,Towers with Radar,3,19,48,2,72,0,3,80,4,87,3,22,128,6,159,20,61,81,240
09/21/2008,LNK,NE,ACE,CE,Towers with Radar,0,30,46,9,85,0,1,28,0,29,0,31,74,9,114,88,0,88,202
09/22/2008,LNK,NE,ACE,CE,Towers with Radar,1,38,44,24,107,0,2,13,4,19,1,40,57,28,126,0,18,18,144
09/23/2008,LNK,NE,ACE,CE,Towers with Radar,2,26,32,23,83,0,2,27,0,29,2,28,59,23,112,38,16,54,166
09/24/2008,LNK,NE,ACE,CE,Towers with Radar,6,29,46,45,126,0,1,30,5,36,6,30,76,50,162,44,13,57,219
09/25/2008,LNK,NE,ACE,CE,Towers with Radar,3,25,30,35,93,0,4,30,4,38,3,29,60,39,131,34,27,61,192
09/26/2008,LNK,NE,ACE,CE,Towers with Radar,5,25,40,21,91,0,6,57,6,69,5,31,97,27,160,10,16,26,186
09/27/2008,LNK,NE,ACE,CE,Towers with Radar,2,23,43,0,68,0,1,40,1,42,2,24,83,1,110,14,0,14,124
09/28/2008,LNK,NE,ACE,CE,Towers with Radar,3,25,40,3,71,0,6,38,0,44,3,31,78,3,115,6,12,18,133
09/29/2008,LNK,NE,ACE,CE,Towers with Radar,2,25,39,20,86,0,0,32,1,33,2,25,71,21,119,17,10,27,146
09/30/2008,LNK,NE,ACE,CE,Towers with Radar,3,27,40,16,86,0,5,52,11,68,3,32,92,27,154,66,24,90,244
10/01/2008,LNK,NE,ACE,CE,Towers with Radar,5,31,44,32,112,0,13,47,7,67,5,44,91,39,179,32,54,86,265
10/02/2008,LNK,NE,ACE,CE,Towers with Radar,2,31,43,37,113,0,4,50,10,64,2,35,93,47,177,66,28,94,271
10/03/2008,LNK,NE,ACE,CE,Towers with Radar,5,28,43,35,111,0,3,59,4,66,5,31,102,39,177,20,36,56,233
10/04/2008,LNK,NE,ACE,CE,Towers with Radar,3,30,43,1,77,0,12,45,1,58,3,42,88,2,135,0,4,4,139
10/05/2008,LNK,NE,ACE,CE,Towers with Radar,3,23,56,1,83,0,3,45,0,48,3,26,101,1,131,14,0,14,145
10/06/2008,LNK,NE,ACE,CE,Towers with Radar,5,31,41,11,88,0,4,9,0,13,5,35,50,11,101,30,8,38,139
10/07/2008,LNK,NE,ACE,CE,Towers with Radar,2,27,62,49,140,0,7,18,0,25,2,34,80,49,165,12,29,41,206
10/08/2008,LNK,NE,ACE,CE,Towers with Radar,3,39,57,49,148,0,4,45,10,59,3,43,102,59,207,49,32,81,288
10/09/2008,LNK,NE,ACE,CE,Towers with Radar,5,30,33,96,164,0,3,42,4,49,5,33,75,100,213,30,38,68,281
10/10/2008,LNK,NE,ACE,CE,Towers with Radar,4,30,42,5,81,0,8,31,0,39,4,38,73,5,120,17,0,17,137
10/11/2008,LNK,NE,ACE,CE,Towers with Radar,4,26,44,10,84,0,7,24,0,31,4,33,68,10,115,64,0,64,179
10/12/2008,LNK,NE,ACE,CE,Towers with Radar,2,28,17,0,47,0,5,10,0,15,2,33,27,0,62,0,0,0,62
10/13/2008,LNK,NE,ACE,CE,Towers with Radar,4,31,41,0,76,0,3,13,0,16,4,34,54,0,92,5,0,5,97
10/14/2008,LNK,NE,ACE,CE,Towers with Radar,4,22,57,39,122,0,4,14,8,26,4,26,71,47,148,4,15,19,167
10/15/2008,LNK,NE,ACE,CE,Towers with Radar,3,33,50,30,116,0,7,19,3,29,3,40,69,33,145,20,6,26,171
10/16/2008,LNK,NE,ACE,CE,Towers with Radar,4,38,39,34,115,0,4,46,7,57,4,42,85,41,172,47,4,51,223
10/17/2008,LNK,NE,ACE,CE,Towers with Radar,3,33,42,5,83,0,7,50,3,60,3,40,92,8,143,56,0,56,199
10/18/2008,LNK,NE,ACE,CE,Towers with Radar,3,23,29,12,67,0,7,27,0,34,3,30,56,12,101,12,0,12,113
10/19/2008,LNK,NE,ACE,CE,Towers with Radar,1,25,28,8,62,0,0,26,0,26,1,25,54,8,88,8,10,18,106
10/20/2008,LNK,NE,ACE,CE,Towers with Radar,5,33,36,34,108,0,8,17,0,25,5,41,53,34,133,61,8,69,202
10/21/2008,LNK,NE,ACE,CE,Towers with Radar,6,42,18,0,66,0,4,7,0,11,6,46,25,0,77,38,0,38,115
10/22/2008,LNK,NE,ACE,CE,Towers with Radar,4,25,36,5,70,0,1,0,0,1,4,26,36,5,71,0,0,0,71
10/23/2008,LNK,NE,ACE,CE,Towers with Radar,4,26,35,10,75,0,8,6,1,15,4,34,41,11,90,14,0,14,104
10/24/2008,LNK,NE,ACE,CE,Towers with Radar,5,27,36,31,99,0,14,7,1,22,5,41,43,32,121,60,8,68,189
10/25/2008,LNK,NE,ACE,CE,Towers with Radar,4,24,34,3,65,0,8,60,5,73,4,32,94,8,138,26,0,26,164
10/26/2008,LNK,NE,ACE,CE,Towers with Radar,1,24,29,3,57,0,7,18,10,35,1,31,47,13,92,0,0,0,92
10/27/2008,LNK,NE,ACE,CE,Towers with Radar,3,33,49,14,99,0,18,32,1,51,3,51,81,15,150,34,0,34,184
10/28/2008,LNK,NE,ACE,CE,Towers with Radar,3,30,43,27,103,0,16,44,2,62,3,46,87,29,165,74,4,78,243
10/29/2008,LNK,NE,ACE,CE,Towers with Radar,3,40,65,53,161,0,6,62,22,90,3,46,127,75,251,87,19,106,357
10/30/2008,LNK,NE,ACE,CE,Towers with Radar,4,26,44,60,134,0,4,35,10,49,4,30,79,70,183,106,43,149,332
10/31/2008,LNK,NE,ACE,CE,Towers with Radar,2,22,56,55,135,0,0,53,4,57,2,22,109,59,192,54,30,84,276
11/01/2008,LNK,NE,ACE,CE,Towers with Radar,3,25,38,1,67,0,4,54,0,58,3,29,92,1,125,80,0,80,205
11/02/2008,LNK,NE,ACE,CE,Towers with Radar,3,23,16,3,45,0,3,39,2,44,3,26,55,5,89,60,0,60,149
11/03/2008,LNK,NE,ACE,CE,Towers with Radar,3,27,37,38,105,0,0,20,3,23,3,27,57,41,128,16,16,32,160
11/04/2008,LNK,NE,ACE,CE,Towers with Radar,2,25,36,55,118,0,7,23,11,41,2,32,59,66,159,24,21,45,204
11/05/2008,LNK,NE,ACE,CE,Towers with Radar,0,31,27,53,111,0,4,7,10,21,0,35,34,63,132,0,11,11,143
11/06/2008,LNK,NE,ACE,CE,Towers with Radar,0,32,26,13,71,0,12,3,10,25,0,44,29,23,96,0,0,0,96
11/07/2008,LNK,NE,ACE,CE,Towers with Radar,13,31,36,33,113,9,17,9,2,37,22,48,45,35,150,14,0,14,164
11/08/2008,LNK,NE,ACE,CE,Towers with Radar,1,29,47,1,78,0,9,19,0,28,1,38,66,1,106,0,0,0,106
11/09/2008,LNK,NE,ACE,CE,Towers with Radar,0,30,30,1,61,0,0,55,2,57,0,30,85,3,118,98,0,98,216
11/10/2008,LNK,NE,ACE,CE,Towers with Radar,6,31,25,30,92,0,3,5,5,13,6,34,30,35,105,28,0,28,133
11/11/2008,LNK,NE,ACE,CE,Towers with Radar,0,32,18,0,50,0,0,0,0,0,0,32,18,0,50,0,0,0,50
11/12/2008,LNK,NE,ACE,CE,Towers with Radar,0,42,70,49,161,0,9,5,4,18,0,51,75,53,179,17,8,25,204
11/13/2008,LNK,NE,ACE,CE,Towers with Radar,0,30,61,50,141,0,0,24,11,35,0,30,85,61,176,26,28,54,230
11/14/2008,LNK,NE,ACE,CE,Towers with Radar,0,31,39,14,84,0,1,9,2,12,0,32,48,16,96,14,30,44,140
11/15/2008,LNK,NE,ACE,CE,Towers with Radar,0,23,25,18,66,0,6,16,5,27,0,29,41,23,93,56,10,66,159
11/16/2008,LNK,NE,ACE,CE,Towers with Radar,0,27,19,0,46,0,4,61,2,67,0,31,80,2,113,12,0,12,125
11/17/2008,LNK,NE,ACE,CE,Towers with Radar,0,28,50,18,96,0,4,35,3,42,0,32,85,21,138,26,14,40,178
11/18/2008,LNK,NE,ACE,CE,Towers with Radar,0,33,36,35,104,0,0,35,5,40,0,33,71,40,144,34,46,80,224
11/19/2008,LNK,NE,ACE,CE,Towers with Radar,0,36,42,34,112,0,10,54,20,84,0,46,96,54,196,44,20,64,260
11/20/2008,LNK,NE,ACE,CE,Towers with Radar,0,30,55,135,220,0,2,16,19,37,0,32,71,154,257,26,63,89,346
11/21/2008,LNK,NE,ACE,CE,Towers with Radar,0,29,62,15,106,0,21,44,8,73,0,50,106,23,179,40,19,59,238
11/22/2008,LNK,NE,ACE,CE,Towers with Radar,0,24,22,4,50,0,7,52,0,59,0,31,74,4,109,76,0,76,185
11/23/2008,LNK,NE,ACE,CE,Towers with Radar,0,24,27,2,53,0,12,47,0,59,0,36,74,2,112,82,0,82,194
11/24/2008,LNK,NE,ACE,CE,Towers with Radar,2,32,36,7,77,0,0,29,13,42,2,32,65,20,119,86,8,94,213
11/25/2008,LNK,NE,ACE,CE,Towers with Radar,0,28,54,38,120,0,2,47,7,56,0,30,101,45,176,54,18,72,248
11/26/2008,LNK,NE,ACE,CE,Towers with Radar,0,34,45,35,114,0,14,60,12,86,0,48,105,47,200,11,16,27,227
11/27/2008,LNK,NE,ACE,CE,Towers with Radar,2,19,9,1,31,0,0,9,0,9,2,19,18,1,40,3,0,3,43
11/28/2008,LNK,NE,ACE,CE,Towers with Radar,2,17,28,0,47,0,8,26,1,35,2,25,54,1,82,22,5,27,109
11/29/2008,LNK,NE,ACE,CE,Towers with Radar,0,23,18,0,41,0,12,2,0,14,0,35,20,0,55,0,0,0,55
11/30/2008,LNK,NE,ACE,CE,Towers with Radar,0,27,25,0,52,0,0,2,0,2,0,27,27,0,54,0,0,0,54
12/01/2008,LNK,NE,ACE,CE,Towers with Radar,1,44,37,22,104,0,3,23,3,29,1,47,60,25,133,34,6,40,173
12/02/2008,LNK,NE,ACE,CE,Towers with Radar,0,32,56,14,102,0,2,42,6,50,0,34,98,20,152,38,17,55,207
12/03/2008,LNK,NE,ACE,CE,Towers with Radar,0,35,36,48,119,0,8,14,12,34,0,43,50,60,153,0,18,18,171
12/04/2008,LNK,NE,ACE,CE,Towers with Radar,0,39,34,76,149,0,3,21,6,30,0,42,55,82,179,0,20,20,199
12/05/2008,LNK,NE,ACE,CE,Towers with Radar,0,30,30,24,84,0,3,18,14,35,0,33,48,38,119,0,22,22,141
12/06/2008,LNK,NE,ACE,CE,Towers with Radar,0,22,24,0,46,0,0,16,4,20,0,22,40,4,66,50,0,50,116
12/07/2008,LNK,NE,ACE,CE,Towers with Radar,0,24,15,1,40,0,8,20,0,28,0,32,35,1,68,48,0,48,116
12/08/2008,LNK,NE,ACE,CE,Towers with Radar,0,37,33,31,101,0,6,16,2,24,0,43,49,33,125,47,46,93,218
12/09/2008,LNK,NE,ACE,CE,Towers with Radar,0,20,18,63,101,0,6,5,5,16,0,26,23,68,117,6,6,12,129
12/10/2008,LNK,NE,ACE,CE,Towers with Radar,0,35,50,30,115,0,7,38,10,55,0,42,88,40,170,29,44,73,243
12/11/2008,LNK,NE,ACE,CE,Towers with Radar,0,32,44,16,92,0,0,28,15,43,0,32,72,31,135,24,19,43,178
12/12/2008,LNK,NE,ACE,CE,Towers with Radar,0,29,52,57,138,0,5,38,12,55,0,34,90,69,193,36,22,58,251
12/13/2008,LNK,NE,ACE,CE,Towers with Radar,0,27,29,11,67,0,5,47,8,60,0,32,76,19,127,43,0,43,170
12/14/2008,LNK,NE,ACE,CE,Towers with Radar,0,27,6,2,35,0,3,1,0,4,0,30,7,2,39,0,0,0,39
12/15/2008,LNK,NE,ACE,CE,Towers with Radar,0,29,38,13,80,0,0,8,5,13,0,29,46,18,93,14,6,20,113
12/16/2008,LNK,NE,ACE,CE,Towers with Radar,0,26,21,0,47,0,2,0,0,2,0,28,21,0,49,0,0,0,49
12/17/2008,LNK,NE,ACE,CE,Towers with Radar,0,29,64,31,124,0,5,36,9,50,0,34,100,40,174,32,22,54,228
12/18/2008,LNK,NE,ACE,CE,Towers with Radar,0,38,33,14,85,0,1,9,1,11,0,39,42,15,96,19,20,39,135
12/19/2008,LNK,NE,ACE,CE,Towers with Radar,0,38,26,1,65,0,8,0,5,13,0,46,26,6,78,0,0,0,78
12/20/2008,LNK,NE,ACE,CE,Towers with Radar,1,26,26,0,53,0,0,5,0,5,1,26,31,0,58,8,0,8,66
12/21/2008,LNK,NE,ACE,CE,Towers with Radar,2,22,18,0,42,0,6,1,0,7,2,28,19,0,49,0,0,0,49
12/22/2008,LNK,NE,ACE,CE,Towers with Radar,0,36,59,0,95,0,8,22,2,32,0,44,81,2,127,14,0,14,141
12/23/2008,LNK,NE,ACE,CE,Towers with Radar,0,35,22,18,75,0,5,19,7,31,0,40,41,25,106,53,10,63,169
12/24/2008,LNK,NE,ACE,CE,Towers with Radar,0,21,11,0,32,0,0,20,0,20,0,21,31,0,52,51,0,51,103
12/25/2008,LNK,NE,ACE,CE,Towers with Radar,0,24,2,0,26,0,0,0,0,0,0,24,2,0,26,12,0,12,38
12/26/2008,LNK,NE,ACE,CE,Towers with Radar,2,30,28,0,60,0,4,14,0,18,2,34,42,0,78,34,0,34,112
12/27/2008,LNK,NE,ACE,CE,Towers with Radar,0,29,28,0,57,0,2,8,22,32,0,31,36,22,89,42,0,42,131
12/28/2008,LNK,NE,ACE,CE,Towers with Radar,0,34,29,2,65,0,6,46,0,52,0,40,75,2,117,54,0,54,171
12/29/2008,LNK,NE,ACE,CE,Towers with Radar,1,31,31,2,65,0,9,40,2,51,1,40,71,4,116,106,0,106,222
12/30/2008,LNK,NE,ACE,CE,Towers with Radar,4,32,20,24,80,0,10,14,5,29,4,42,34,29,109,14,10,24,133
12/31/2008,LNK,NE,ACE,CE,Towers with Radar,0,32,17,10,59,0,4,51,4,59,0,36,68,14,118,48,18,66,184
01/01/2009,LNK,NE,ACE,CE,Towers with Radar,2,25,8,0,35,0,0,13,0,13,2,25,21,0,48,29,0,29,77
01/02/2009,LNK,NE,ACE,CE,Towers with Radar,0,1,0,0,1,0,0,0,0,0,0,1,0,0,1,0,0,0,1
01/03/2009,LNK,NE,ACE,CE,Towers with Radar,0,26,27,0,53,0,0,0,0,0,0,26,27,0,53,0,0,0,53
01/04/2009,LNK,NE,ACE,CE,Towers with Radar,2,34,19,0,55,0,9,9,2,20,2,43,28,2,75,8,0,8,83
01/05/2009,LNK,NE,ACE,CE,Towers with Radar,1,29,36,47,113,0,0,31,10,41,1,29,67,57,154,22,15,37,191
01/06/2009,LNK,NE,ACE,CE,Towers with Radar,2,23,31,71,127,0,0,34,5,39,2,23,65,76,166,30,31,61,227
01/07/2009,LNK,NE,ACE,CE,Towers with Radar,4,25,49,32,110,0,0,33,9,42,4,25,82,41,152,46,24,70,222
01/08/2009,LNK,NE,ACE,CE,Towers with Radar,4,24,40,96,164,0,0,48,7,55,4,24,88,103,219,8,58,66,285
01/09/2009,LNK,NE,ACE,CE,Towers with Radar,4,26,26,50,106,0,3,8,8,19,4,29,34,58,125,4,36,40,165
01/10/2009,LNK,NE,ACE,CE,Towers with Radar,1,26,24,1,52,0,4,42,12,58,1,30,66,13,110,50,10,60,170
01/11/2009,LNK,NE,ACE,CE,Towers with Radar,2,21,23,0,46,0,2,28,12,42,2,23,51,12,88,84,6,90,178
01/12/2009,LNK,NE,ACE,CE,Towers with Radar,5,26,22,16,69,0,2,5,2,9,5,28,27,18,78,2,4,6,84
01/13/2009,LNK,NE,ACE,CE,Towers with Radar,2,23,34,34,93,0,0,21,1,22,2,23,55,35,115,0,14,14,129
01/14/2009,LNK,NE,ACE,CE,Towers with Radar,4,19,18,84,125,0,4,7,7,18,4,23,25,91,143,4,40,44,187
01/15/2009,LNK,NE,ACE,CE,Towers with Radar,4,28,29,6,67,0,5,29,6,40,4,33,58,12,107,0,2,2,109
01/16/2009,LNK,NE,ACE,CE,Towers with Radar,4,22,31,9,66,0,0,17,0,17,4,22,48,9,83,44,4,48,131
01/17/2009,LNK,NE,ACE,CE,Towers with Radar,2,23,20,16,61,0,2,16,5,23,2,25,36,21,84,10,0,10,94
01/18/2009,LNK,NE,ACE,CE,Towers with Radar,2,27,24,2,55,0,0,30,6,36,2,27,54,8,91,42,0,42,133
01/19/2009,LNK,NE,ACE,CE,Towers with Radar,4,30,23,0,57,0,0,20,2,22,4,30,43,2,79,48,0,48,127
01/20/2009,LNK,NE,ACE,CE,Towers with Radar,2,22,40,29,93,0,0,39,8,47,2,22,79,37,140,42,0,42,182
01/21/2009,LNK,NE,ACE,CE,Towers with Radar,4,21,48,26,99,0,4,68,15,87,4,25,116,41,186,70,14,84,270
01/22/2009,LNK,NE,ACE,CE,Towers with Radar,4,28,37,27,96,0,5,58,16,79,4,33,95,43,175,106,6,112,287
01/23/2009,LNK,NE,ACE,CE,Towers with Radar,4,31,33,34,102,0,0,7,4,11,4,31,40,38,113,4,6,10,123
01/24/2009,LNK,NE,ACE,CE,Towers with Radar,1,27,13,4,45,0,0,12,12,24,1,27,25,16,69,30,0,30,99
01/25/2009,LNK,NE,ACE,CE,Towers with Radar,1,26,10,7,44,0,2,1,2,5,1,28,11,9,49,0,0,0,49
01/26/2009,LNK,NE,ACE,CE,Towers with Radar,5,28,19,23,75,0,0,2,3,5,5,28,21,26,80,2,0,2,82
01/27/2009,LNK,NE,ACE,CE,Towers with Radar,2,30,35,17,84,0,0,4,2,6,2,30,39,19,90,25,0,25,115
01/28/2009,LNK,NE,ACE,CE,Towers with Radar,4,27,40,23,94,0,0,41,7,48,4,27,81,30,142,23,8,31,173
01/29/2009,LNK,NE,ACE,CE,Towers with Radar,4,37,79,15,135,0,3,43,12,58,4,40,122,27,193,10,18,28,221
01/30/2009,LNK,NE,ACE,CE,Towers with Radar,4,33,28,11,76,0,4,16,3,23,4,37,44,14,99,56,0,56,155
01/31/2009,LNK,NE,ACE,CE,Towers with Radar,1,24,34,2,61,0,0,64,2,66,1,24,98,4,127,70,0,70,197
02/01/2009,LNK,NE,ACE,CE,Towers with Radar,1,32,6,1,40,0,0,15,2,17,1,32,21,3,57,52,0,52,109
02/02/2009,LNK,NE,ACE,CE,Towers with Radar,4,33,40,43,120,0,3,23,0,26,4,36,63,43,146,58,12,70,216
02/03/2009,LNK,NE,ACE,CE,Towers with Radar,2,22,46,38,108,0,0,32,5,37,2,22,78,43,145,43,26,69,214
02/04/2009,LNK,NE,ACE,CE,Towers with Radar,4,24,24,73,125,0,1,44,9,54,4,25,68,82,179,40,25,65,244
02/05/2009,LNK,NE,ACE,CE,Towers with Radar,4,24,49,129,206,0,8,58,17,83,4,32,107,146,289,74,56,130,419
02/06/2009,LNK,NE,ACE,CE,Towers with Radar,5,24,38,29,96,0,9,31,9,49,5,33,69,38,145,58,12,70,215
02/07/2009,LNK,NE,ACE,CE,Towers with Radar,2,23,22,2,49,0,8,61,9,78,2,31,83,11,127,49,2,51,178
02/08/2009,LNK,NE,ACE,CE,Towers with Radar,1,26,41,5,73,0,0,25,4,29,1,26,66,9,102,120,0,120,222
02/09/2009,LNK,NE,ACE,CE,Towers with Radar,4,23,20,8,55,0,0,2,0,2,4,23,22,8,57,0,5,5,62
02/10/2009,LNK,NE,ACE,CE,Towers with Radar,2,35,57,103,197,0,8,45,5,58,2,43,102,108,255,32,44,76,331
02/11/2009,LNK,NE,ACE,CE,Towers with Radar,4,27,45,103,179,0,5,30,6,41,4,32,75,109,220,22,46,68,288
02/12/2009,LNK,NE,ACE,CE,Towers with Radar,1,37,47,56,141,0,5,72,14,91,1,42,119,70,232,49,42,91,323
02/13/2009,LNK,NE,ACE,CE,Towers with Radar,0,28,15,7,50,0,2,0,0,2,0,30,15,7,52,4,0,4,56
02/14/2009,LNK,NE,ACE,CE,Towers with Radar,0,25,14,4,43,0,0,11,0,11,0,25,25,4,54,36,0,36,90
02/15/2009,LNK,NE,ACE,CE,Towers with Radar,2,24,14,3,43,0,3,26,0,29,2,27,40,3,72,34,0,34,106
02/16/2009,LNK,NE,ACE,CE,Towers with Radar,0,36,23,0,59,0,10,27,0,37,0,46,50,0,96,50,0,50,146
02/17/2009,LNK,NE,ACE,CE,Towers with Radar,0,36,45,46,127,0,6,12,8,26,0,42,57,54,153,10,0,10,163
02/18/2009,LNK,NE,ACE,CE,Towers with Radar,2,32,27,69,130,0,8,16,6,30,2,40,43,75,160,12,33,45,205
02/19/2009,LNK,NE,ACE,CE,Towers with Radar,0,30,35,50,115,0,5,48,15,68,0,35,83,65,183,28,24,52,235
02/20/2009,LNK,NE,ACE,CE,Towers with Radar,0,27,37,19,83,0,0,20,6,26,0,27,57,25,109,37,0,37,146
02/21/2009,LNK,NE,ACE,CE,Towers with Radar,2,24,24,3,53,0,7,24,10,41,2,31,48,13,94,3,0,3,97
02/22/2009,LNK,NE,ACE,CE,Towers with Radar,0,26,39,3,68,0,1,52,11,64,0,27,91,14,132,86,0,86,218
02/23/2009,LNK,NE,ACE,CE,Towers with Radar,0,31,42,44,117,0,1,36,0,37,0,32,78,44,154,2,28,30,184
02/24/2009,LNK,NE,ACE,CE,Towers with Radar,0,25,33,47,105,0,3,45,6,54,0,28,78,53,159,20,16,36,195
02/25/2009,LNK,NE,ACE,CE,Towers with Radar,0,30,38,79,147,0,3,50,10,63,0,33,88,89,210,54,62,116,326
02/26/2009,LNK,NE,ACE,CE,Towers with Radar,0,34,31,103,168,0,1,1,4,6,0,35,32,107,174,0,24,24,198
02/27/2009,LNK,NE,ACE,CE,Towers with Radar,1,28,19,33,81,0,0,1,3,4,1,28,20,36,85,6,12,18,103
02/28/2009,LNK,NE,ACE,CE,Towers with Radar,1,20,8,2,31,0,2,16,0,18,1,22,24,2,49,8,0,8,57
03/01/2009,LNK,NE,ACE,CE,Towers with Radar,0,36,25,31,92,0,1,37,0,38,0,37,62,31,130,35,30,65,195
03/02/2009,LNK,NE,ACE,CE,Towers with Radar,0,31,33,11,75,0,1,34,2,37,0,32,67,13,112,42,18,60,172
03/03/2009,LNK,NE,ACE,CE,Towers with Radar,2,28,17,24,71,0,2,20,5,27,2,30,37,29,98,0,0,0,98
03/04/2009,LNK,NE,ACE,CE,Towers with Radar,0,26,53,35,114,0,3,48,5,56,0,29,101,40,170,77,10,87,257
03/05/2009,LNK,NE,ACE,CE,Towers with Radar,0,28,46,106,180,0,0,40,11,51,0,28,86,117,231,8,32,40,271
03/06/2009,LNK,NE,ACE,CE,Towers with Radar,0,34,39,31,104,0,4,59,6,69,0,38,98,37,173,32,36,68,241
03/07/2009,LNK,NE,ACE,CE,Towers with Radar,0,18,26,5,49,0,4,0,0,4,0,22,26,5,53,0,0,0,53
03/08/2009,LNK,NE,ACE,CE,Towers with Radar,0,28,32,1,61,0,3,18,0,21,0,31,50,1,82,32,0,32,114
03/09/2009,LNK,NE,ACE,CE,Towers with Radar,0,39,25,3,67,0,2,8,0,10,0,41,33,3,77,0,0,0,77
03/10/2009,LNK,NE,ACE,CE,Towers with Radar,0,23,24,24,71,0,6,0,0,6,0,29,24,24,77,0,4,4,81
03/11/2009,LNK,NE,ACE,CE,Towers with Radar,0,30,42,31,103,0,4,28,8,40,0,34,70,39,143,20,14,34,177
03/12/2009,LNK,NE,ACE,CE,Towers with Radar,0,36,52,50,138,0,6,35,13,54,0,42,87,63,192,24,28,52,244
03/13/2009,LNK,NE,ACE,CE,Towers with Radar,0,29,42,87,158,0,2,34,3,39,0,31,76,90,197,64,64,128,325
03/14/2009,LNK,NE,ACE,CE,Towers with Radar,0,19,21,8,48,0,8,42,0,50,0,27,63,8,98,16,0,16,114
03/15/2009,LNK,NE,ACE,CE,Towers with Radar,0,24,22,2,48,0,2,28,0,30,0,26,50,2,78,32,0,32,110
03/16/2009,LNK,NE,ACE,CE,Towers with Radar,0,32,29,17,78,0,3,17,2,22,0,35,46,19,100,30,0,30,130
03/17/2009,LNK,NE,ACE,CE,Towers with Radar,0,30,41,28,99,0,11,57,0,68,0,41,98,28,167,34,10,44,211
03/18/2009,LNK,NE,ACE,CE,Towers with Radar,0,25,46,50,121,0,3,21,5,29,0,28,67,55,150,8,16,24,174
03/19/2009,LNK,NE,ACE,CE,Towers with Radar,0,31,32,25,88,4,5,54,11,74,4,36,86,36,162,34,12,46,208
03/20/2009,LNK,NE,ACE,CE,Towers with Radar,0,29,40,96,165,0,0,21,10,31,0,29,61,106,196,12,40,52,248
03/21/2009,LNK,NE,ACE,CE,Towers with Radar,1,22,31,2,56,0,7,42,0,49,1,29,73,2,105,20,0,20,125
03/22/2009,LNK,NE,ACE,CE,Towers with Radar,0,21,17,5,43,0,2,19,0,21,0,23,36,5,64,22,0,22,86
03/23/2009,LNK,NE,ACE,CE,Towers with Radar,1,30,19,20,70,0,2,0,0,2,1,32,19,20,72,0,6,6,78
03/24/2009,LNK,NE,ACE,CE,Towers with Radar,1,27,23,17,68,0,0,14,3,17,1,27,37,20,85,18,10,28,113
03/25/2009,LNK,NE,ACE,CE,Towers with Radar,0,31,49,50,130,0,0,42,16,58,0,31,91,66,188,6,24,30,218
03/26/2009,LNK,NE,ACE,CE,Towers with Radar,0,33,32,119,184,0,6,7,27,40,0,39,39,146,224,0,68,68,292
03/27/2009,LNK,NE,ACE,CE,Towers with Radar,0,23,22,76,121,0,3,15,3,21,0,26,37,79,142,6,22,28,170
03/28/2009,LNK,NE,ACE,CE,Towers with Radar,0,22,25,0,47,0,4,19,0,23,0,26,44,0,70,4,0,4,74
03/29/2009,LNK,NE,ACE,CE,Towers with Radar,2,22,27,0,51,0,10,53,1,64,2,32,80,1,115,24,0,24,139
03/30/2009,LNK,NE,ACE,CE,Towers with Radar,0,30,21,18,69,0,6,22,0,28,0,36,43,18,97,4,12,16,113
03/31/2009,LNK,NE,ACE,CE,Towers with Radar,0,28,27,11,66,0,8,1,4,13,0,36,28,15,79,0,0,0,79
04/01/2009,LNK,NE,ACE,CE,Towers with Radar,0,32,29,66,127,0,6,63,9,78,0,38,92,75,205,42,20,62,267
04/02/2009,LNK,NE,ACE,CE,Towers with Radar,0,33,30,86,149,0,9,58,18,85,0,42,88,104,234,46,34,80,314
04/03/2009,LNK,NE,ACE,CE,Towers with Radar,0,32,41,35,108,0,6,44,13,63,0,38,85,48,171,29,16,45,216
04/04/2009,LNK,NE,ACE,CE,Towers with Radar,0,18,7,0,25,0,4,0,0,4,0,22,7,0,29,0,0,0,29
04/05/2009,LNK,NE,ACE,CE,Towers with Radar,0,26,3,1,30,0,2,1,0,3,0,28,4,1,33,0,0,0,33
04/06/2009,LNK,NE,ACE,CE,Towers with Radar,0,31,22,4,57,0,0,19,0,19,0,31,41,4,76,8,6,14,90
04/07/2009,LNK,NE,ACE,CE,Towers with Radar,2,25,48,17,92,0,2,61,5,68,2,27,109,22,160,42,12,54,214
04/08/2009,LNK,NE,ACE,CE,Towers with Radar,0,31,40,80,151,0,5,69,24,98,0,36,109,104,249,42,40,82,331
04/09/2009,LNK,NE,ACE,CE,Towers with Radar,0,36,43,40,119,0,0,15,6,21,0,36,58,46,140,2,11,13,153
04/10/2009,LNK,NE,ACE,CE,Towers with Radar,0,22,32,28,82,0,0,44,6,50,0,22,76,34,132,22,4,26,158
04/11/2009,LNK,NE,ACE,CE,Towers with Radar,0,18,16,6,40,0,0,40,2,42,0,18,56,8,82,50,2,52,134
04/12/2009,LNK,NE,ACE,CE,Towers with Radar,0,22,13,3,38,0,4,9,0,13,0,26,22,3,51,0,0,0,51
04/13/2009,LNK,NE,ACE,CE,Towers with Radar,4,32,51,81,168,0,1,15,0,16,4,33,66,81,184,4,32,36,220
04/14/2009,LNK,NE,ACE,CE,Towers with Radar,0,31,36,27,94,0,13,57,8,78,0,44,93,35,172,59,11,70,242
04/15/2009,LNK,NE,ACE,CE,Towers with Radar,0,31,34,36,101,0,8,26,8,42,0,39,60,44,143,4,6,10,153
04/16/2009,LNK,NE,ACE,CE,Towers with Radar,0,32,28,37,97,0,5,32,12,49,0,37,60,49,146,26,16,42,188
04/17/2009,LNK,NE,ACE,CE,Towers with Radar,0,30,34,27,91,0,9,35,7,51,0,39,69,34,142,16,6,22,164
04/18/2009,LNK,NE,ACE,CE,Towers with Radar,2,21,21,1,45,0,0,20,7,27,2,21,41,8,72,6,0,6,78
04/19/2009,LNK,NE,ACE,CE,Towers with Radar,0,23,30,0,53,0,3,18,4,25,0,26,48,4,78,0,0,0,78
04/20/2009,LNK,NE,ACE,CE,Towers with Radar,0,33,17,9,59,0,10,22,0,32,0,43,39,9,91,4,8,12,103
04/21/2009,LNK,NE,ACE,CE,Towers with Radar,0,26,47,99,172,0,1,55,8,64,0,27,102,107,236,26,34,60,296
04/22/2009,LNK,NE,ACE,CE,Towers with Radar,0,27,29,97,153,0,13,76,4,93,0,40,105,101,246,56,52,108,354
04/23/2009,LNK,NE,ACE,CE,Towers with Radar,0,26,44,100,170,0,10,57,7,74,0,36,101,107,244,58,52,110,354
04/24/2009,LNK,NE,ACE,CE,Towers with Radar,0,29,33,62,124,0,8,46,9,63,0,37,79,71,187,16,24,40,227
04/25/2009,LNK,NE,ACE,CE,Towers with Radar,0,17,22,0,39,0,7,1,0,8,0,24,23,0,47,4,0,4,51
04/26/2009,LNK,NE,ACE,CE,Towers with Radar,0,24,12,0,36,0,0,1,0,1,0,24,13,0,37,0,0,0,37
04/27/2009,LNK,NE,ACE,CE,Towers with Radar,0,31,37,24,92,0,1,18,0,19,0,32,55,24,111,0,0,0,111
04/28/2009,LNK,NE,ACE,CE,Towers with Radar,0,25,54,83,162,0,4,48,11,63,0,29,102,94,225,38,28,66,291
04/29/2009,LNK,NE,ACE,CE,Towers with Radar,0,27,35,34,96,0,0,3,0,3,0,27,38,34,99,0,6,6,105
04/30/2009,LNK,NE,ACE,CE,Towers with Radar,0,35,54,22,111,0,3,39,8,50,0,38,93,30,161,10,12,22,183
05/01/2009,LNK,NE,ACE,CE,Towers with Radar,4,26,33,27,90,0,12,53,6,71,4,38,86,33,161,80,16,96,257
05/02/2009,LNK,NE,ACE,CE,Towers with Radar,0,16,29,18,63,0,6,52,11,69,0,22,81,29,132,102,20,122,254
05/03/2009,LNK,NE,ACE,CE,Towers with Radar,0,21,20,15,56,0,7,43,1,51,0,28,63,16,107,60,2,62,169
05/04/2009,LNK,NE,ACE,CE,Towers with Radar,0,32,60,28,120,0,8,38,1,47,0,40,98,29,167,23,10,33,200
05/05/2009,LNK,NE,ACE,CE,Towers with Radar,0,28,48,53,129,0,6,29,12,47,0,34,77,65,176,22,42,64,240
05/06/2009,LNK,NE,ACE,CE,Towers with Radar,0,36,54,32,122,0,5,55,15,75,0,41,109,47,197,68,32,100,297
05/07/2009,LNK,NE,ACE,CE,Towers with Radar,0,30,36,62,128,0,1,44,8,53,0,31,80,70,181,40,24,64,245
05/08/2009,LNK,NE,ACE,CE,Towers with Radar,0,23,40,23,86,0,4,37,7,48,0,27,77,30,134,45,18,63,197
05/09/2009,LNK,NE,ACE,CE,Towers with Radar,0,16,25,4,45,0,2,62,2,66,0,18,87,6,111,60,0,60,171
05/10/2009,LNK,NE,ACE,CE,Towers with Radar,0,28,27,1,56,0,2,17,0,19,0,30,44,1,75,24,0,24,99
05/11/2009,LNK,NE,ACE,CE,Towers with Radar,0,33,41,35,109,0,9,61,1,71,0,42,102,36,180,74,22,96,276
05/12/2009,LNK,NE,ACE,CE,Towers with Radar,0,32,51,44,127,0,0,5,4,9,0,32,56,48,136,3,14,17,153
05/13/2009,LNK,NE,ACE,CE,Towers with Radar,4,22,52,36,114,0,10,26,9,45,4,32,78,45,159,28,10,38,197
05/14/2009,LNK,NE,ACE,CE,Towers with Radar,0,38,55,91,184,2,22,80,31,135,2,60,135,122,319,52,48,100,419
05/15/2009,LNK,NE,ACE,CE,Towers with Radar,6,29,33,16,84,0,5,2,0,7,6,34,35,16,91,0,0,0,91
05/16/2009,LNK,NE,ACE,CE,Towers with Radar,0,15,32,5,52,0,12,35,16,63,0,27,67,21,115,28,0,28,143
05/17/2009,LNK,NE,ACE,CE,Towers with Radar,0,30,21,0,51,0,5,28,0,33,0,35,49,0,84,27,0,27,111
05/18/2009,LNK,NE,ACE,CE,Towers with Radar,0,29,27,38,94,0,9,27,6,42,0,38,54,44,136,9,10,19,155
05/19/2009,LNK,NE,ACE,CE,Towers with Radar,0,25,33,82,140,0,10,30,12,52,0,35,63,94,192,6,56,62,254
05/20/2009,LNK,NE,ACE,CE,Towers with Radar,0,32,24,26,82,0,5,8,9,22,0,37,32,35,104,0,2,2,106
05/21/2009,LNK,NE,ACE,CE,Towers with Radar,0,36,49,14,99,0,18,57,9,84,0,54,106,23,183,30,26,56,239
05/22/2009,LNK,NE,ACE,CE,Towers with Radar,0,28,56,0,84,0,8,48,4,60,0,36,104,4,144,32,4,36,180
05/23/2009,LNK,NE,ACE,CE,Towers with Radar,0,17,15,2,34,0,6,18,0,24,0,23,33,2,58,16,2,18,76
05/24/2009,LNK,NE,ACE,CE,Towers with Radar,0,17,11,1,29,0,0,16,0,16,0,17,27,1,45,13,0,13,58
05/25/2009,LNK,NE,ACE,CE,Towers with Radar,0,20,30,0,50,0,0,40,6,46,0,20,70,6,96,60,2,62,158
05/26/2009,LNK,NE,ACE,CE,Towers with Radar,0,26,42,2,70,0,12,4,2,18,0,38,46,4,88,0,10,10,98
05/27/2009,LNK,NE,ACE,CE,Towers with Radar,0,27,49,60,136,0,15,13,5,33,0,42,62,65,169,64,16,80,249
05/28/2009,LNK,NE,ACE,CE,Towers with Radar,0,32,53,38,123,1,9,69,8,87,1,41,122,46,210,74,14,88,298
05/29/2009,LNK,NE,ACE,CE,Towers with Radar,0,29,30,38,97,0,15,50,2,67,0,44,80,40,164,73,13,86,250
05/30/2009,LNK,NE,ACE,CE,Towers with Radar,0,14,16,3,33,0,8,39,0,47,0,22,55,3,80,38,0,38,118
05/31/2009,LNK,NE,ACE,CE,Towers with Radar,0,28,20,1,49,0,5,25,0,30,0,33,45,1,79,73,0,73,152
06/01/2009,LNK,NE,ACE,CE,Towers with Radar,0,34,31,0,65,0,2,29,0,31,0,36,60,0,96,40,0,40,136
06/02/2009,LNK,NE,ACE,CE,Towers with Radar,0,31,42,35,108,0,0,13,5,18,0,31,55,40,126,26,0,26,152
06/03/2009,LNK,NE,ACE,CE,Towers with Radar,0,36,49,94,179,0,0,51,27,78,0,36,100,121,257,59,84,143,400
06/04/2009,LNK,NE,ACE,CE,Towers with Radar,5,31,49,51,136,0,19,70,10,99,5,50,119,61,235,56,16,72,307
06/05/2009,LNK,NE,ACE,CE,Towers with Radar,5,28,49,41,123,0,23,63,3,89,5,51,112,44,212,68,4,72,284
06/06/2009,LNK,NE,ACE,CE,Towers with Radar,1,25,19,4,49,0,8,25,1,34,1,33,44,5,83,23,0,23,106
06/07/2009,LNK,NE,ACE,CE,Towers with Radar,3,23,14,15,55,0,2,5,2,9,3,25,19,17,64,0,0,0,64
06/08/2009,LNK,NE,ACE,CE,Towers with Radar,6,30,67,14,117,0,4,30,6,40,6,34,97,20,157,14,2,16,173
06/09/2009,LNK,NE,ACE,CE,Towers with Radar,6,28,42,32,108,0,4,9,9,22,6,32,51,41,130,61,4,65,195
06/10/2009,LNK,NE,ACE,CE,Towers with Radar,6,23,62,56,147,0,0,30,14,44,6,23,92,70,191,80,18,98,289
06/11/2009,LNK,NE,ACE,CE,Towers with Radar,6,36,71,55,168,0,0,37,18,55,6,36,108,73,223,34,30,64,287
06/12/2009,LNK,NE,ACE,CE,Towers with Radar,6,30,40,6,82,0,6,11,11,28,6,36,51,17,110,12,0,12,122
06/13/2009,LNK,NE,ACE,CE,Towers with Radar,1,25,23,2,51,0,4,40,11,55,1,29,63,13,106,113,0,113,219
06/14/2009,LNK,NE,ACE,CE,Towers with Radar,5,20,31,0,56,0,2,21,0,23,5,22,52,0,79,42,0,42,121
06/15/2009,LNK,NE,ACE,CE,Towers with Radar,7,30,35,7,79,0,2,24,3,29,7,32,59,10,108,71,0,71,179
06/16/2009,LNK,NE,ACE,CE,Towers with Radar,5,30,41,26,102,0,14,58,12,84,5,44,99,38,186,17,14,31,217
06/17/2009,LNK,NE,ACE,CE,Towers with Radar,5,31,46,34,116,0,11,39,9,59,5,42,85,43,175,50,20,70,245
06/18/2009,LNK,NE,ACE,CE,Towers with Radar,6,33,40,102,181,0,3,47,8,58,6,36,87,110,239,33,34,67,306
06/19/2009,LNK,NE,ACE,CE,Towers with Radar,3,26,51,24,104,0,6,32,2,40,3,32,83,26,144,42,2,44,188
06/20/2009,LNK,NE,ACE,CE,Towers with Radar,1,26,37,1,65,0,8,53,3,64,1,34,90,4,129,28,0,28,157
06/21/2009,LNK,NE,ACE,CE,Towers with Radar,5,22,29,1,57,0,5,30,2,37,5,27,59,3,94,56,2,58,152
06/22/2009,LNK,NE,ACE,CE,Towers with Radar,6,29,41,31,107,0,7,36,0,43,6,36,77,31,150,28,18,46,196
06/23/2009,LNK,NE,ACE,CE,Towers with Radar,7,29,46,8,90,0,10,54,7,71,7,39,100,15,161,18,0,18,179
06/24/2009,LNK,NE,ACE,CE,Towers with Radar,6,21,37,4,68,0,13,33,8,54,6,34,70,12,122,32,0,32,154
06/25/2009,LNK,NE,ACE,CE,Towers with Radar,5,29,40,22,96,0,28,52,6,86,5,57,92,28,182,14,4,18,200
06/26/2009,LNK,NE,ACE,CE,Towers with Radar,6,24,42,9,81,0,10,44,6,60,6,34,86,15,141,13,0,13,154
06/27/2009,LNK,NE,ACE,CE,Towers with Radar,1,28,27,7,63,0,7,45,2,54,1,35,72,9,117,34,0,34,151
06/28/2009,LNK,NE,ACE,CE,Towers with Radar,9,21,29,0,59,0,2,45,0,47,9,23,74,0,106,6,0,6,112
06/29/2009,LNK,NE,ACE,CE,Towers with Radar,6,32,47,93,178,0,7,58,0,65,6,39,105,93,243,32,40,72,315
06/30/2009,LNK,NE,ACE,CE,Towers with Radar,6,24,28,51,109,0,10,60,4,74,6,34,88,55,183,9,12,21,204
07/01/2009,LNK,NE,ACE,CE,Towers with Radar,8,27,40,59,134,0,16,45,5,66,8,43,85,64,200,12,20,32,232
07/02/2009,LNK,NE,ACE,CE,Towers with Radar,6,33,38,70,147,0,11,64,7,82,6,44,102,77,229,40,32,72,301
07/03/2009,LNK,NE,ACE,CE,Towers with Radar,1,25,12,3,41,0,4,14,1,19,1,29,26,4,60,25,0,25,85
07/04/2009,LNK,NE,ACE,CE,Towers with Radar,2,15,20,0,37,0,6,16,2,24,2,21,36,2,61,8,0,8,69
07/05/2009,LNK,NE,ACE,CE,Towers with Radar,3,25,23,0,51,0,6,46,0,52,3,31,69,0,103,12,0,12,115
07/06/2009,LNK,NE,ACE,CE,Towers with Radar,6,33,35,1,75,0,6,58,2,66,6,39,93,3,141,2,0,2,143
07/07/2009,LNK,NE,ACE,CE,Towers with Radar,6,24,23,72,125,0,13,43,6,62,6,37,66,78,187,23,26,49,236
07/08/2009,LNK,NE,ACE,CE,Towers with Radar,6,27,37,120,190,0,4,45,8,57,6,31,82,128,247,14,70,84,331
07/09/2009,LNK,NE,ACE,CE,Towers with Radar,7,34,38,33,112,0,5,38,10,53,7,39,76,43,165,20,6,26,191
07/10/2009,LNK,NE,ACE,CE,Towers with Radar,6,29,32,23,90,0,9,43,10,62,6,38,75,33,152,59,8,67,219
07/11/2009,LNK,NE,ACE,CE,Towers with Radar,5,27,23,19,74,0,8,34,9,51,5,35,57,28,125,2,6,8,133
07/12/2009,LNK,NE,ACE,CE,Towers with Radar,5,21,30,3,59,0,0,29,0,29,5,21,59,3,88,40,0,40,128
07/13/2009,LNK,NE,ACE,CE,Towers with Radar,6,28,44,11,89,0,5,29,2,36,6,33,73,13,125,46,8,54,179
07/14/2009,LNK,NE,ACE,CE,Towers with Radar,6,26,63,62,157,0,12,20,2,34,6,38,83,64,191,32,52,84,275
07/15/2009,LNK,NE,ACE,CE,Towers with Radar,6,24,52,97,179,0,12,68,2,82,6,36,120,99,261,27,48,75,336
07/16/2009,LNK,NE,ACE,CE,Towers with Radar,8,24,47,54,133,0,21,28,19,68,8,45,75,73,201,26,66,92,293
07/17/2009,LNK,NE,ACE,CE,Towers with Radar,6,21,40,43,110,0,8,51,7,66,6,29,91,50,176,26,26,52,228
07/18/2009,LNK,NE,ACE,CE,Towers with Radar,1,29,15,26,71,0,4,58,9,71,1,33,73,35,142,32,6,38,180
07/19/2009,LNK,NE,ACE,CE,Towers with Radar,5,24,33,21,83,0,2,74,5,81,5,26,107,26,164,55,0,55,219
07/20/2009,LNK,NE,ACE,CE,Towers with Radar,6,31,50,49,136,0,4,20,0,24,6,35,70,49,160,18,6,24,184
07/21/2009,LNK,NE,ACE,CE,Towers with Radar,6,26,27,65,124,0,14,54,4,72,6,40,81,69,196,20,26,46,242
07/22/2009,LNK,NE,ACE,CE,Towers with Radar,6,22,52,59,139,0,13,55,9,77,6,35,107,68,216,16,32,48,264
07/23/2009,LNK,NE,ACE,CE,Towers with Radar,6,33,69,53,161,0,4,70,8,82,6,37,139,61,243,44,56,100,343
07/24/2009,LNK,NE,ACE,CE,Towers with Radar,6,29,36,14,85,0,18,41,9,68,6,47,77,23,153,22,8,30,183
07/25/2009,LNK,NE,ACE,CE,Towers with Radar,1,30,22,7,60,0,15,46,0,61,1,45,68,7,121,32,0,32,153
07/26/2009,LNK,NE,ACE,CE,Towers with Radar,5,20,27,9,61,0,9,42,2,53,5,29,69,11,114,2,0,2,116
07/27/2009,LNK,NE,ACE,CE,Towers with Radar,6,28,46,2,82,0,1,22,2,25,6,29,68,4,107,24,0,24,131
07/28/2009,LNK,NE,ACE,CE,Towers with Radar,6,25,32,50,113,0,14,29,15,58,6,39,61,65,171,74,12,86,257
07/29/2009,LNK,NE,ACE,CE,Towers with Radar,6,26,43,57,132,0,8,43,15,66,6,34,86,72,198,40,46,86,284
07/30/2009,LNK,NE,ACE,CE,Towers with Radar,6,31,50,50,137,0,11,49,8,68,6,42,99,58,205,36,27,63,268
07/31/2009,LNK,NE,ACE,CE,Towers with Radar,5,23,38,65,131,0,5,64,9,78,5,28,102,74,209,36,10,46,255
08/01/2009,LNK,NE,ACE,CE,Towers with Radar,2,24,23,16,65,0,17,50,4,71,2,41,73,20,136,4,10,14,150
08/02/2009,LNK,NE,ACE,CE,Towers with Radar,7,21,35,1,64,0,8,40,0,48,7,29,75,1,112,24,0,24,136
08/03/2009,LNK,NE,ACE,CE,Towers with Radar,8,28,36,5,77,0,2,66,1,69,8,30,102,6,146,4,0,4,150
08/04/2009,LNK,NE,ACE,CE,Towers with Radar,8,26,43,30,107,0,6,41,0,47,8,32,84,30,154,18,18,36,190
08/05/2009,LNK,NE,ACE,CE,Towers with Radar,7,24,48,34,113,0,12,41,6,59,7,36,89,40,172,40,2,42,214
08/06/2009,LNK,NE,ACE,CE,Towers with Radar,9,32,38,81,160,0,20,42,8,70,9,52,80,89,230,40,44,84,314
08/07/2009,LNK,NE,ACE,CE,Towers with Radar,8,27,45,43,123,0,0,34,6,40,8,27,79,49,163,15,14,29,192
08/08/2009,LNK,NE,ACE,CE,Towers with Radar,3,22,17,7,49,0,11,14,4,29,3,33,31,11,78,8,6,14,92
08/09/2009,LNK,NE,ACE,CE,Towers with Radar,7,22,20,9,58,0,2,12,0,14,7,24,32,9,72,0,0,0,72
08/10/2009,LNK,NE,ACE,CE,Towers with Radar,8,37,46,13,104,0,12,34,0,46,8,49,80,13,150,18,0,18,168
08/11/2009,LNK,NE,ACE,CE,Towers with Radar,8,28,51,46,133,0,17,50,10,77,8,45,101,56,210,48,33,81,291
08/12/2009,LNK,NE,ACE,CE,Towers with Radar,8,34,51,57,150,0,11,52,10,73,8,45,103,67,223,30,12,42,265
08/13/2009,LNK,NE,ACE,CE,Towers with Radar,8,28,51,96,183,0,15,36,7,58,8,43,87,103,241,26,66,92,333
08/14/2009,LNK,NE,ACE,CE,Towers with Radar,6,27,43,52,128,0,9,40,13,62,6,36,83,65,190,18,24,42,232
08/15/2009,LNK,NE,ACE,CE,Towers with Radar,4,26,15,9,54,0,0,12,6,18,4,26,27,15,72,14,0,14,86
08/16/2009,LNK,NE,ACE,CE,Towers with Radar,5,25,32,8,70,0,0,23,7,30,5,25,55,15,100,10,2,12,112
08/17/2009,LNK,NE,ACE,CE,Towers with Radar,6,32,28,4,70,0,22,30,4,56,6,54,58,8,126,8,0,8,134
08/18/2009,LNK,NE,ACE,CE,Towers with Radar,6,25,42,41,114,0,4,49,4,57,6,29,91,45,171,36,22,58,229
08/19/2009,LNK,NE,ACE,CE,Towers with Radar,5,18,39,35,97,0,14,24,6,44,5,32,63,41,141,4,14,18,159
08/20/2009,LNK,NE,ACE,CE,Towers with Radar,6,25,41,59,131,0,8,37,16,61,6,33,78,75,192,2,36,38,230
08/21/2009,LNK,NE,ACE,CE,Towers with Radar,6,31,30,59,126,0,4,44,3,51,6,35,74,62,177,14,18,32,209
08/22/2009,LNK,NE,ACE,CE,Towers with Radar,1,21,31,2,55,0,0,54,5,59,1,21,85,7,114,12,10,22,136
08/23/2009,LNK,NE,ACE,CE,Towers with Radar,5,22,28,1,56,0,4,39,6,49,5,26,67,7,105,0,2,2,107
08/24/2009,LNK,NE,ACE,CE,Towers with Radar,6,27,30,77,140,0,10,43,1,54,6,37,73,78,194,44,24,68,262
08/25/2009,LNK,NE,ACE,CE,Towers with Radar,6,21,46,52,125,0,2,33,8,43,6,23,79,60,168,44,26,70,238
08/26/2009,LNK,NE,ACE,CE,Towers with Radar,6,21,52,32,111,0,3,7,0,10,6,24,59,32,121,0,0,0,121
08/27/2009,LNK,NE,ACE,CE,Towers with Radar,6,23,83,54,166,0,13,46,6,65,6,36,129,60,231,44,6,50,281
08/28/2009,LNK,NE,ACE,CE,Towers with Radar,6,24,39,40,109,0,21,50,6,77,6,45,89,46,186,10,24,34,220
08/29/2009,LNK,NE,ACE,CE,Towers with Radar,1,24,17,1,43,0,23,198,0,221,1,47,215,1,264,34,0,34,298
08/30/2009,LNK,NE,ACE,CE,Towers with Radar,5,24,20,1,50,0,22,155,4,181,5,46,175,5,231,22,0,22,253
08/31/2009,LNK,NE,ACE,CE,Towers with Radar,6,25,42,72,145,0,1,63,0,64,6,26,105,72,209,86,30,116,325
09/01/2009,LNK,NE,ACE,CE,Towers with Radar,5,20,47,47,119,0,7,94,8,109,5,27,141,55,228,38,22,60,288
09/02/2009,LNK,NE,ACE,CE,Towers with Radar,0,23,43,68,134,0,10,73,0,83,0,33,116,68,217,24,29,53,270
09/03/2009,LNK,NE,ACE,CE,Towers with Radar,0,25,54,8,87,0,0,10,2,12,0,25,64,10,99,6,0,6,105
09/04/2009,LNK,NE,ACE,CE,Towers with Radar,1,26,59,4,90,0,8,149,2,159,1,34,208,6,249,38,2,40,289
09/05/2009,LNK,NE,ACE,CE,Towers with Radar,0,16,29,0,45,0,2,178,3,183,0,18,207,3,228,0,0,0,228
09/06/2009,LNK,NE,ACE,CE,Towers with Radar,0,15,25,1,41,0,1,180,0,181,0,16,205,1,222,66,0,66,288
09/07/2009,LNK,NE,ACE,CE,Towers with Radar,0,23,39,0,62,0,8,155,0,163,0,31,194,0,225,69,0,69,294
09/08/2009,LNK,NE,ACE,CE,Towers with Radar,0,35,47,6,88,0,3,29,1,33,0,38,76,7,121,34,1,35,156
09/09/2009,LNK,NE,ACE,CE,Towers with Radar,0,32,71,42,145,0,0,12,0,12,0,32,83,42,157,40,10,50,207
09/10/2009,LNK,NE,ACE,CE,Towers with Radar,0,38,52,60,150,0,5,48,4,57,0,43,100,64,207,8,12,20,227
09/11/2009,LNK,NE,ACE,CE,Towers with Radar,1,34,45,39,119,0,0,19,4,23,1,34,64,43,142,26,34,60,202
09/12/2009,LNK,NE,ACE,CE,Towers with Radar,1,18,56,25,100,0,2,50,10,62,1,20,106,35,162,8,8,16,178
09/13/2009,LNK,NE,ACE,CE,Towers with Radar,0,41,41,10,92,0,2,52,0,54,0,43,93,10,146,64,0,64,210
09/14/2009,LNK,NE,ACE,CE,Towers with Radar,0,35,52,10,97,0,7,30,1,38,0,42,82,11,135,39,2,41,176
09/15/2009,LNK,NE,ACE,CE,Towers with Radar,0,32,42,82,156,0,3,32,4,39,0,35,74,86,195,16,46,62,257
09/16/2009,LNK,NE,ACE,CE,Towers with Radar,0,32,41,95,168,0,0,55,5,60,0,32,96,100,228,64,26,90,318
09/17/2009,LNK,NE,ACE,CE,Towers with Radar,0,35,31,110,176,0,5,63,13,81,0,40,94,123,257,42,82,124,381
09/18/2009,LNK,NE,ACE,CE,Towers with Radar,4,30,47,89,170,0,3,61,8,72,4,33,108,97,242,36,46,82,324
09/19/2009,LNK,NE,ACE,CE,Towers with Radar,3,22,27,3,55,0,4,49,0,53,3,26,76,3,108,74,0,74,182
09/20/2009,LNK,NE,ACE,CE,Towers with Radar,1,30,41,15,87,0,2,51,1,54,1,32,92,16,141,40,0,40,181
09/21/2009,LNK,NE,ACE,CE,Towers with Radar,0,37,30,2,69,0,8,22,0,30,0,45,52,2,99,26,0,26,125
09/22/2009,LNK,NE,ACE,CE,Towers with Radar,0,36,31,39,106,0,4,26,9,39,0,40,57,48,145,34,13,47,192
09/23/2009,LNK,NE,ACE,CE,Towers with Radar,0,30,35,46,111,0,12,30,10,52,0,42,65,56,163,86,2,88,251
09/24/2009,LNK,NE,ACE,CE,Towers with Radar,0,28,48,53,129,0,12,48,4,64,0,40,96,57,193,48,30,78,271
09/25/2009,LNK,NE,ACE,CE,Towers with Radar,1,24,41,11,77,0,0,32,13,45,1,24,73,24,122,72,6,78,200
09/26/2009,LNK,NE,ACE,CE,Towers with Radar,1,24,54,25,104,0,3,80,4,87,1,27,134,29,191,18,0,18,209
09/27/2009,LNK,NE,ACE,CE,Towers with Radar,0,24,38,2,64,0,5,33,0,38,0,29,71,2,102,10,0,10,112
09/28/2009,LNK,NE,ACE,CE,Towers with Radar,2,30,14,23,69,0,5,37,1,43,2,35,51,24,112,0,4,4,116
09/29/2009,LNK,NE,ACE,CE,Towers with Radar,2,28,35,41,106,0,12,61,6,79,2,40,96,47,185,28,20,48,233
09/30/2009,LNK,NE,ACE,CE,Towers with Radar,0,28,58,27,113,0,0,42,4,46,0,28,100,31,159,44,20,64,223
10/01/2009,LNK,NE,ACE,CE,Towers with Radar,2,25,45,22,94,0,4,8,2,14,2,29,53,24,108,0,6,6,114
10/02/2009,LNK,NE,ACE,CE,Towers with Radar,0,23,53,11,87,0,9,5,7,21,0,32,58,18,108,2,2,4,112
10/03/2009,LNK,NE,ACE,CE,Towers with Radar,1,17,32,27,77,0,6,34,8,48,1,23,66,35,125,32,24,56,181
10/04/2009,LNK,NE,ACE,CE,Towers with Radar,1,26,42,6,75,0,2,51,0,53,1,28,93,6,128,74,0,74,202
10/05/2009,LNK,NE,ACE,CE,Towers with Radar,0,30,52,6,88,0,6,19,2,27,0,36,71,8,115,26,2,28,143
10/06/2009,LNK,NE,ACE,CE,Towers with Radar,0,26,41,58,125,0,5,17,13,35,0,31,58,71,160,0,16,16,176
10/07/2009,LNK,NE,ACE,CE,Towers with Radar,2,28,50,78,158,0,6,62,11,79,2,34,112,89,237,16,46,62,299
10/08/2009,LNK,NE,ACE,CE,Towers with Radar,0,33,36,82,151,0,6,8,6,20,0,39,44,88,171,24,4,28,199
10/09/2009,LNK,NE,ACE,CE,Towers with Radar,0,32,45,28,105,0,8,63,1,72,0,40,108,29,177,52,22,74,251
10/10/2009,LNK,NE,ACE,CE,Towers with Radar,0,14,16,1,31,0,3,2,0,5,0,17,18,1,36,44,0,44,80
10/11/2009,LNK,NE,ACE,CE,Towers with Radar,0,28,23,2,53,0,15,15,0,30,0,43,38,2,83,26,0,26,109
10/12/2009,LNK,NE,ACE,CE,Towers with Radar,0,33,23,1,57,0,0,4,0,4,0,33,27,1,61,34,0,34,95
10/13/2009,LNK,NE,ACE,CE,Towers with Radar,0,33,41,22,96,0,8,9,0,17,0,41,50,22,113,2,4,6,119
10/14/2009,LNK,NE,ACE,CE,Towers with Radar,0,27,41,19,87,0,0,0,0,0,0,27,41,19,87,0,0,0,87
10/15/2009,LNK,NE,ACE,CE,Towers with Radar,0,31,58,73,162,0,0,11,8,19,0,31,69,81,181,82,16,98,279
10/16/2009,LNK,NE,ACE,CE,Towers with Radar,0,34,47,19,100,0,5,31,6,42,0,39,78,25,142,12,16,28,170
10/17/2009,LNK,NE,ACE,CE,Towers with Radar,3,31,53,3,90,0,0,54,7,61,3,31,107,10,151,12,0,12,163
10/18/2009,LNK,NE,ACE,CE,Towers with Radar,1,32,42,0,75,0,0,32,4,36,1,32,74,4,111,0,0,0,111
10/19/2009,LNK,NE,ACE,CE,Towers with Radar,0,36,64,41,141,0,6,53,9,68,0,42,117,50,209,48,18,66,275
10/20/2009,LNK,NE,ACE,CE,Towers with Radar,0,28,57,35,120,0,0,4,2,6,0,28,61,37,126,22,18,40,166
10/21/2009,LNK,NE,ACE,CE,Towers with Radar,0,27,31,23,81,0,0,0,0,0,0,27,31,23,81,0,0,0,81
10/22/2009,LNK,NE,ACE,CE,Towers with Radar,0,28,31,41,100,0,0,0,0,0,0,28,31,41,100,2,0,2,102
10/23/2009,LNK,NE,ACE,CE,Towers with Radar,0,39,35,16,90,0,0,18,2,20,0,39,53,18,110,28,6,34,144
10/24/2009,LNK,NE,ACE,CE,Towers with Radar,1,20,66,0,87,0,0,60,2,62,1,20,126,2,149,0,0,0,149
10/25/2009,LNK,NE,ACE,CE,Towers with Radar,1,26,28,4,59,0,2,21,0,23,1,28,49,4,82,18,0,18,100
10/26/2009,LNK,NE,ACE,CE,Towers with Radar,0,45,56,25,126,0,4,48,0,52,0,49,104,25,178,38,0,38,216
10/27/2009,LNK,NE,ACE,CE,Towers with Radar,0,38,26,42,106,0,11,38,4,53,0,49,64,46,159,50,22,72,231
10/28/2009,LNK,NE,ACE,CE,Towers with Radar,0,27,42,25,94,0,0,19,8,27,0,27,61,33,121,32,8,40,161
10/29/2009,LNK,NE,ACE,CE,Towers with Radar,0,35,19,2,56,0,0,0,0,0,0,35,19,2,56,0,0,0,56
10/30/2009,LNK,NE,ACE,CE,Towers with Radar,2,24,35,37,98,0,6,6,0,12,2,30,41,37,110,0,0,0,110
10/31/2009,LNK,NE,ACE,CE,Towers with Radar,2,25,27,0,54,0,1,49,0,50,2,26,76,0,104,42,0,42,146
11/01/2009,LNK,NE,ACE,CE,Towers with Radar,0,24,20,1,45,0,3,53,0,56,0,27,73,1,101,56,0,56,157
11/02/2009,LNK,NE,ACE,CE,Towers with Radar,0,31,32,8,71,0,8,33,0,41,0,39,65,8,112,16,6,22,134
11/03/2009,LNK,NE,ACE,CE,Towers with Radar,0,29,48,55,132,0,7,40,0,47,0,36,88,55,179,26,30,56,235
11/04/2009,LNK,NE,ACE,CE,Towers with Radar,0,37,40,45,122,0,5,60,1,66,0,42,100,46,188,38,14,52,240
11/05/2009,LNK,NE,ACE,CE,Towers with Radar,0,40,68,64,172,0,6,44,0,50,0,46,112,64,222,62,22,84,306
11/06/2009,LNK,NE,ACE,CE,Towers with Radar,0,32,47,53,132,0,8,69,5,82,0,40,116,58,214,66,27,93,307
11/07/2009,LNK,NE,ACE,CE,Towers with Radar,1,29,57,8,95,0,14,96,2,112,1,43,153,10,207,22,0,22,229
11/08/2009,LNK,NE,ACE,CE,Towers with Radar,0,35,48,8,91,0,15,43,3,61,0,50,91,11,152,28,4,32,184
11/09/2009,LNK,NE,ACE,CE,Towers with Radar,0,32,44,32,108,0,4,36,2,42,0,36,80,34,150,24,2,26,176
11/10/2009,LNK,NE,ACE,CE,Towers with Radar,0,28,36,34,98,0,0,41,7,48,0,28,77,41,146,62,21,83,229
11/11/2009,LNK,NE,ACE,CE,Towers with Radar,0,26,47,7,80,0,14,48,5,67,0,40,95,12,147,64,6,70,217
11/12/2009,LNK,NE,ACE,CE,Towers with Radar,0,30,34,78,142,0,0,16,3,19,0,30,50,81,161,31,32,63,224
11/13/2009,LNK,NE,ACE,CE,Towers with Radar,2,31,48,25,106,0,0,3,0,3,2,31,51,25,109,0,0,0,109
11/14/2009,LNK,NE,ACE,CE,Towers with Radar,2,19,14,43,78,0,7,27,0,34,2,26,41,43,112,39,31,70,182
11/15/2009,LNK,NE,ACE,CE,Towers with Radar,0,30,31,1,62,0,20,16,0,36,0,50,47,1,98,50,0,50,148
11/16/2009,LNK,NE,ACE,CE,Towers with Radar,0,31,33,6,70,0,0,11,0,11,0,31,44,6,81,0,0,0,81
11/17/2009,LNK,NE,ACE,CE,Towers with Radar,0,36,32,88,156,0,6,28,1,35,0,42,60,89,191,46,39,85,276
11/18/2009,LNK,NE,ACE,CE,Towers with Radar,0,36,55,87,178,0,3,28,10,41,0,39,83,97,219,32,36,68,287
11/19/2009,LNK,NE,ACE,CE,Towers with Radar,0,37,63,45,145,0,3,35,18,56,0,40,98,63,201,76,20,96,297
11/20/2009,LNK,NE,ACE,CE,Towers with Radar,0,35,48,24,107,0,1,63,6,70,0,36,111,30,177,85,8,93,270
11/21/2009,LNK,NE,ACE,CE,Towers with Radar,0,23,46,2,71,0,0,29,2,31,0,23,75,4,102,61,0,61,163
11/22/2009,LNK,NE,ACE,CE,Towers with Radar,0,22,38,1,61,0,18,16,0,34,0,40,54,1,95,46,0,46,141
11/23/2009,LNK,NE,ACE,CE,Towers with Radar,0,32,39,0,71,0,1,4,0,5,0,33,43,0,76,10,0,10,86
11/24/2009,LNK,NE,ACE,CE,Towers with Radar,0,28,27,11,66,0,10,4,1,15,0,38,31,12,81,8,2,10,91
11/25/2009,LNK,NE,ACE,CE,Towers with Radar,0,26,35,2,63,0,9,33,5,47,0,35,68,7,110,47,0,47,157
11/26/2009,LNK,NE,ACE,CE,Towers with Radar,2,14,17,0,33,0,3,23,0,26,2,17,40,0,59,6,0,6,65
11/27/2009,LNK,NE,ACE,CE,Towers with Radar,3,15,28,0,46,0,4,43,0,47,3,19,71,0,93,46,0,46,139
11/28/2009,LNK,NE,ACE,CE,Towers with Radar,1,21,14,0,36,0,16,44,1,61,1,37,58,1,97,44,0,44,141
11/29/2009,LNK,NE,ACE,CE,Towers with Radar,2,33,36,2,73,0,9,24,0,33,2,42,60,2,106,0,0,0,106
11/30/2009,LNK,NE,ACE,CE,Towers with Radar,0,33,49,39,121,0,1,49,0,50,0,34,98,39,171,4,16,20,191
12/01/2009,LNK,NE,ACE,CE,Towers with Radar,0,41,42,89,172,0,4,54,4,62,0,45,96,93,234,62,54,116,350
12/02/2009,LNK,NE,ACE,CE,Towers with Radar,0,32,37,84,153,0,10,17,15,42,0,42,54,99,195,66,35,101,296
12/03/2009,LNK,NE,ACE,CE,Towers with Radar,0,43,41,43,127,0,8,19,9,36,0,51,60,52,163,18,6,24,187
12/04/2009,LNK,NE,ACE,CE,Towers with Radar,4,33,51,3,91,0,10,26,6,42,4,43,77,9,133,34,4,38,171
12/05/2009,LNK,NE,ACE,CE,Towers with Radar,4,17,31,4,56,0,5,54,2,61,4,22,85,6,117,28,0,28,145
12/06/2009,LNK,NE,ACE,CE,Towers with Radar,2,24,13,5,44,0,3,0,7,10,2,27,13,12,54,0,0,0,54
12/07/2009,LNK,NE,ACE,CE,Towers with Radar,0,35,52,17,104,0,4,13,0,17,0,39,65,17,121,6,10,16,137
12/08/2009,LNK,NE,ACE,CE,Towers with Radar,0,17,7,0,24,0,0,0,0,0,0,17,7,0,24,0,0,0,24
12/09/2009,LNK,NE,ACE,CE,Towers with Radar,0,28,21,1,50,0,17,6,2,25,0,45,27,3,75,0,0,0,75
12/10/2009,LNK,NE,ACE,CE,Towers with Radar,0,27,54,30,111,0,0,18,11,29,0,27,72,41,140,34,6,40,180
12/11/2009,LNK,NE,ACE,CE,Towers with Radar,0,29,34,51,114,0,0,27,1,28,0,29,61,52,142,32,4,36,178
12/12/2009,LNK,NE,ACE,CE,Towers with Radar,4,13,10,2,29,0,2,2,0,4,4,15,12,2,33,0,0,0,33
12/13/2009,LNK,NE,ACE,CE,Towers with Radar,2,19,9,1,31,0,0,0,0,0,2,19,9,1,31,0,0,0,31
12/14/2009,LNK,NE,ACE,CE,Towers with Radar,0,27,26,1,54,0,1,5,2,8,0,28,31,3,62,0,0,0,62
12/15/2009,LNK,NE,ACE,CE,Towers with Radar,0,27,21,5,53,0,15,13,4,32,0,42,34,9,85,28,0,28,113
12/16/2009,LNK,NE,ACE,CE,Towers with Radar,1,27,42,50,120,0,0,42,12,54,1,27,84,62,174,48,30,78,252
12/17/2009,LNK,NE,ACE,CE,Towers with Radar,1,30,48,41,120,0,16,36,13,65,1,46,84,54,185,53,16,69,254
12/18/2009,LNK,NE,ACE,CE,Towers with Radar,0,31,46,38,115,0,2,7,1,10,0,33,53,39,125,0,14,14,139
12/19/2009,LNK,NE,ACE,CE,Towers with Radar,4,13,12,2,31,0,0,0,0,0,4,13,12,2,31,2,0,2,33
12/20/2009,LNK,NE,ACE,CE,Towers with Radar,2,26,26,3,57,0,3,13,0,16,2,29,39,3,73,16,0,16,89
12/21/2009,LNK,NE,ACE,CE,Towers with Radar,2,30,22,9,63,0,1,25,1,27,2,31,47,10,90,28,0,28,118
12/22/2009,LNK,NE,ACE,CE,Towers with Radar,0,27,11,5,43,0,0,0,0,0,0,27,11,5,43,0,0,0,43
12/23/2009,LNK,NE,ACE,CE,Towers with Radar,0,19,5,0,24,0,0,0,0,0,0,19,5,0,24,0,0,0,24
12/24/2009,LNK,NE,ACE,CE,Towers with Radar,0,16,3,1,20,0,0,1,2,3,0,16,4,3,23,0,0,0,23
12/25/2009,LNK,NE,ACE,CE,Towers with Radar,2,6,0,0,8,0,0,0,0,0,2,6,0,0,8,0,0,0,8
12/26/2009,LNK,NE,ACE,CE,Towers with Radar,1,14,8,1,24,0,7,0,0,7,1,21,8,1,31,0,0,0,31
12/27/2009,LNK,NE,ACE,CE,Towers with Radar,4,22,15,0,41,0,10,5,0,15,4,32,20,0,56,0,0,0,56
12/28/2009,LNK,NE,ACE,CE,Towers with Radar,9,27,40,0,76,2,8,12,0,22,11,35,52,0,98,16,0,16,114
12/29/2009,LNK,NE,ACE,CE,Towers with Radar,2,24,44,19,89,0,0,1,2,3,2,24,45,21,92,12,2,14,106
12/30/2009,LNK,NE,ACE,CE,Towers with Radar,2,28,26,29,85,0,6,6,1,13,2,34,32,30,98,6,0,6,104
12/31/2009,LNK,NE,ACE,CE,Towers with Radar,8,24,26,1,59,0,1,24,3,28,8,25,50,4,87,56,0,56,143
01/01/2010,LNK,NE,ACE,CE,Towers with Radar,0,24,14,1,39,0,2,7,0,9,0,26,21,1,48,24,0,24,72
01/02/2010,LNK,NE,ACE,CE,Towers with Radar,5,20,11,2,38,0,0,2,0,2,5,20,13,2,40,12,0,12,52
01/03/2010,LNK,NE,ACE,CE,Towers with Radar,1,26,25,0,52,0,3,3,0,6,1,29,28,0,58,0,0,0,58
01/04/2010,LNK,NE,ACE,CE,Towers with Radar,2,32,18,2,54,0,6,7,2,15,2,38,25,4,69,12,0,12,81
01/05/2010,LNK,NE,ACE,CE,Towers with Radar,2,23,46,27,98,0,0,14,4,18,2,23,60,31,116,37,6,43,159
01/06/2010,LNK,NE,ACE,CE,Towers with Radar,0,20,18,0,38,0,0,0,0,0,0,20,18,0,38,0,0,0,38
01/07/2010,LNK,NE,ACE,CE,Towers with Radar,2,23,17,33,75,0,0,3,1,4,2,23,20,34,79,6,4,10,89
01/08/2010,LNK,NE,ACE,CE,Towers with Radar,0,27,18,14,59,0,20,4,8,32,0,47,22,22,91,0,8,8,99
01/09/2010,LNK,NE,ACE,CE,Towers with Radar,3,17,11,45,76,0,0,16,2,18,3,17,27,47,94,14,34,48,142
01/10/2010,LNK,NE,ACE,CE,Towers with Radar,5,22,34,0,61,1,3,32,8,44,6,25,66,8,105,46,0,46,151
01/11/2010,LNK,NE,ACE,CE,Towers with Radar,2,27,24,34,87,0,3,26,0,29,2,30,50,34,116,12,22,34,150
01/12/2010,LNK,NE,ACE,CE,Towers with Radar,2,27,34,24,87,0,1,1,2,4,2,28,35,26,91,2,0,2,93
01/13/2010,LNK,NE,ACE,CE,Towers with Radar,0,26,46,41,113,0,10,66,18,94,0,36,112,59,207,61,9,70,277
01/14/2010,LNK,NE,ACE,CE,Towers with Radar,0,37,68,72,177,0,5,52,11,68,0,42,120,83,245,45,31,76,321
01/15/2010,LNK,NE,ACE,CE,Towers with Radar,0,20,25,1,46,0,0,8,0,8,0,20,33,1,54,6,0,6,60
01/16/2010,LNK,NE,ACE,CE,Towers with Radar,4,14,18,0,36,0,0,24,0,24,4,14,42,0,60,42,0,42,102
01/17/2010,LNK,NE,ACE,CE,Towers with Radar,1,21,17,1,40,0,0,0,0,0,1,21,17,1,40,0,0,0,40
01/18/2010,LNK,NE,ACE,CE,Towers with Radar,0,30,28,0,58,0,0,0,0,0,0,30,28,0,58,0,0,0,58
01/19/2010,LNK,NE,ACE,CE,Towers with Radar,1,24,16,0,41,0,1,0,0,1,1,25,16,0,42,0,0,0,42
01/20/2010,LNK,NE,ACE,CE,Towers with Radar,1,22,13,16,52,0,0,0,0,0,1,22,13,16,52,0,0,0,52
01/21/2010,LNK,NE,ACE,CE,Towers with Radar,0,29,17,2,48,0,0,0,0,0,0,29,17,2,48,15,0,15,63
01/22/2010,LNK,NE,ACE,CE,Towers with Radar,2,26,18,12,58,0,0,0,0,0,2,26,18,12,58,0,0,0,58
01/23/2010,LNK,NE,ACE,CE,Towers with Radar,7,18,25,1,51,0,3,0,0,3,7,21,25,1,54,28,0,28,82
01/24/2010,LNK,NE,ACE,CE,Towers with Radar,1,25,14,1,41,0,2,11,0,13,1,27,25,1,54,0,0,0,54
01/25/2010,LNK,NE,ACE,CE,Towers with Radar,3,25,28,1,57,0,5,2,5,12,3,30,30,6,69,0,0,0,69
01/26/2010,LNK,NE,ACE,CE,Towers with Radar,1,36,45,31,113,0,13,51,8,72,1,49,96,39,185,10,6,16,201
01/27/2010,LNK,NE,ACE,CE,Towers with Radar,0,33,25,92,150,0,18,49,13,80,0,51,74,105,230,53,40,93,323
01/28/2010,LNK,NE,ACE,CE,Towers with Radar,0,25,40,73,138,0,4,35,22,61,0,29,75,95,199,32,48,80,279
01/29/2010,LNK,NE,ACE,CE,Towers with Radar,0,29,37,64,130,0,3,35,6,44,0,32,72,70,174,30,24,54,228
01/30/2010,LNK,NE,ACE,CE,Towers with Radar,1,24,15,2,42,0,0,38,0,38,1,24,53,2,80,88,0,88,168
01/31/2010,LNK,NE,ACE,CE,Towers with Radar,1,23,22,2,48,0,3,29,0,32,1,26,51,2,80,40,0,40,120
02/01/2010,LNK,NE,ACE,CE,Towers with Radar,0,31,27,0,58,0,0,2,0,2,0,31,29,0,60,2,0,2,62
02/02/2010,LNK,NE,ACE,CE,Towers with Radar,0,33,34,33,100,0,8,30,7,45,0,41,64,40,145,32,14,46,191
02/03/2010,LNK,NE,ACE,CE,Towers with Radar,0,28,32,67,127,0,7,15,13,35,0,35,47,80,162,44,29,73,235
02/04/2010,LNK,NE,ACE,CE,Towers with Radar,0,26,20,0,46,0,0,0,0,0,0,26,20,0,46,0,0,0,46
02/05/2010,LNK,NE,ACE,CE,Towers with Radar,0,26,19,0,45,0,0,0,0,0,0,26,19,0,45,0,0,0,45
02/06/2010,LNK,NE,ACE,CE,Towers with Radar,1,14,8,19,42,0,2,0,0,2,1,16,8,19,44,12,0,12,56
02/07/2010,LNK,NE,ACE,CE,Towers with Radar,1,23,3,0,27,0,0,0,0,0,1,23,3,0,27,0,0,0,27
02/08/2010,LNK,NE,ACE,CE,Towers with Radar,0,32,23,4,59,0,20,6,0,26,0,52,29,4,85,22,0,22,107
02/09/2010,LNK,NE,ACE,CE,Towers with Radar,0,28,33,35,96,0,10,9,2,21,0,38,42,37,117,22,24,46,163
02/10/2010,LNK,NE,ACE,CE,Towers with Radar,0,32,42,69,143,0,3,42,12,57,0,35,84,81,200,98,36,134,334
02/11/2010,LNK,NE,ACE,CE,Towers with Radar,0,33,28,47,108,0,6,25,8,39,0,39,53,55,147,47,28,75,222
02/12/2010,LNK,NE,ACE,CE,Towers with Radar,0,24,42,4,70,0,6,6,0,12,0,30,48,4,82,0,0,0,82
02/13/2010,LNK,NE,ACE,CE,Towers with Radar,0,18,25,0,43,0,0,2,0,2,0,18,27,0,45,21,0,21,66
02/14/2010,LNK,NE,ACE,CE,Towers with Radar,0,18,9,1,28,0,1,2,0,3,0,19,11,1,31,0,0,0,31
02/15/2010,LNK,NE,ACE,CE,Towers with Radar,0,31,21,1,53,0,5,7,0,12,0,36,28,1,65,38,0,38,103
02/16/2010,LNK,NE,ACE,CE,Towers with Radar,0,30,26,51,107,0,5,37,2,44,0,35,63,53,151,18,9,27,178
02/17/2010,LNK,NE,ACE,CE,Towers with Radar,0,31,51,30,112,0,7,79,15,101,0,38,130,45,213,52,13,65,278
02/18/2010,LNK,NE,ACE,CE,Towers with Radar,0,25,39,43,107,0,2,45,11,58,0,27,84,54,165,119,36,155,320
02/19/2010,LNK,NE,ACE,CE,Towers with Radar,0,31,24,4,59,0,0,0,0,0,0,31,24,4,59,0,0,0,59
02/20/2010,LNK,NE,ACE,CE,Towers with Radar,0,23,17,6,46,0,4,2,0,6,0,27,19,6,52,0,0,0,52
02/21/2010,LNK,NE,ACE,CE,Towers with Radar,0,23,5,4,32,0,4,2,0,6,0,27,7,4,38,16,0,16,54
02/22/2010,LNK,NE,ACE,CE,Towers with Radar,0,31,30,40,101,0,9,10,1,20,0,40,40,41,121,28,36,64,185
02/23/2010,LNK,NE,ACE,CE,Towers with Radar,0,30,30,0,60,0,2,13,0,15,0,32,43,0,75,59,0,59,134
02/24/2010,LNK,NE,ACE,CE,Towers with Radar,0,29,34,38,101,0,6,36,0,42,0,35,70,38,143,15,10,25,168
02/25/2010,LNK,NE,ACE,CE,Towers with Radar,0,30,37,18,85,0,4,44,0,48,0,34,81,18,133,47,0,47,180
02/26/2010,LNK,NE,ACE,CE,Towers with Radar,0,30,37,12,79,0,0,61,10,71,0,30,98,22,150,62,10,72,222
02/27/2010,LNK,NE,ACE,CE,Towers with Radar,0,29,35,0,64,0,5,43,0,48,0,34,78,0,112,50,0,50,162
02/28/2010,LNK,NE,ACE,CE,Towers with Radar,0,30,28,0,58,0,0,33,0,33,0,30,61,0,91,82,0,82,173
03/01/2010,LNK,NE,ACE,CE,Towers with Radar,0,37,42,41,120,0,3,8,0,11,0,40,50,41,131,34,38,72,203
03/02/2010,LNK,NE,ACE,CE,Towers with Radar,0,31,30,11,72,0,1,44,3,48,0,32,74,14,120,30,8,38,158
03/03/2010,LNK,NE,ACE,CE,Towers with Radar,0,33,37,49,119,0,4,43,5,52,0,37,80,54,171,33,16,49,220
03/04/2010,LNK,NE,ACE,CE,Towers with Radar,0,30,38,45,113,0,6,60,8,74,0,36,98,53,187,45,30,75,262
03/05/2010,LNK,NE,ACE,CE,Towers with Radar,2,32,46,14,94,0,6,22,9,37,2,38,68,23,131,16,0,16,147
03/06/2010,LNK,NE,ACE,CE,Towers with Radar,2,18,12,6,38,0,0,20,14,34,2,18,32,20,72,33,0,33,105
03/07/2010,LNK,NE,ACE,CE,Towers with Radar,0,21,18,0,39,0,2,6,0,8,0,23,24,0,47,60,0,60,107
03/08/2010,LNK,NE,ACE,CE,Towers with Radar,0,26,34,2,62,0,0,2,1,3,0,26,36,3,65,28,0,28,93
03/09/2010,LNK,NE,ACE,CE,Towers with Radar,0,23,14,3,40,0,0,0,0,0,0,23,14,3,40,0,0,0,40
03/10/2010,LNK,NE,ACE,CE,Towers with Radar,0,26,44,47,117,0,4,2,1,7,0,30,46,48,124,20,0,20,144
03/11/2010,LNK,NE,ACE,CE,Towers with Radar,0,26,30,18,74,0,2,0,0,2,0,28,30,18,76,0,0,0,76
03/12/2010,LNK,NE,ACE,CE,Towers with Radar,0,29,20,33,82,0,0,0,1,1,0,29,20,34,83,0,0,0,83
03/13/2010,LNK,NE,ACE,CE,Towers with Radar,0,17,10,3,30,0,1,5,0,6,0,18,15,3,36,45,0,45,81
03/14/2010,LNK,NE,ACE,CE,Towers with Radar,0,23,31,0,54,0,5,0,0,5,0,28,31,0,59,2,0,2,61
03/15/2010,LNK,NE,ACE,CE,Towers with Radar,2,33,60,8,103,0,8,3,0,11,2,41,63,8,114,20,0,20,134
03/16/2010,LNK,NE,ACE,CE,Towers with Radar,0,33,50,16,99,0,0,5,7,12,0,33,55,23,111,20,6,26,137
03/17/2010,LNK,NE,ACE,CE,Towers with Radar,2,42,45,43,132,0,5,45,12,62,2,47,90,55,194,72,2,74,268
03/18/2010,LNK,NE,ACE,CE,Towers with Radar,0,31,42,61,134,0,10,88,11,109,0,41,130,72,243,120,18,138,381
03/19/2010,LNK,NE,ACE,CE,Towers with Radar,2,28,12,7,49,0,6,1,1,8,2,34,13,8,57,0,2,2,59
03/20/2010,LNK,NE,ACE,CE,Towers with Radar,0,23,17,4,44,0,0,15,3,18,0,23,32,7,62,17,0,17,79
03/21/2010,LNK,NE,ACE,CE,Towers with Radar,0,25,13,2,40,0,5,38,0,43,0,30,51,2,83,20,0,20,103
03/22/2010,LNK,NE,ACE,CE,Towers with Radar,0,33,60,38,131,0,4,45,2,51,0,37,105,40,182,58,22,80,262
03/23/2010,LNK,NE,ACE,CE,Towers with Radar,0,29,50,23,102,0,6,48,9,63,0,35,98,32,165,130,4,134,299
03/24/2010,LNK,NE,ACE,CE,Towers with Radar,2,22,48,99,171,0,4,24,17,45,2,26,72,116,216,26,44,70,286
03/25/2010,LNK,NE,ACE,CE,Towers with Radar,0,26,26,101,153,0,6,73,10,89,0,32,99,111,242,37,47,84,326
03/26/2010,LNK,NE,ACE,CE,Towers with Radar,0,27,31,30,88,0,9,37,6,52,0,36,68,36,140,14,10,24,164
03/27/2010,LNK,NE,ACE,CE,Towers with Radar,0,19,18,2,39,0,2,6,0,8,0,21,24,2,47,0,0,0,47
03/28/2010,LNK,NE,ACE,CE,Towers with Radar,0,23,21,0,44,0,0,31,0,31,0,23,52,0,75,32,0,32,107
03/29/2010,LNK,NE,ACE,CE,Towers with Radar,0,34,34,5,73,0,10,48,9,67,0,44,82,14,140,12,8,20,160
03/30/2010,LNK,NE,ACE,CE,Towers with Radar,0,28,30,65,123,0,0,35,9,44,0,28,65,74,167,36,30,66,233
03/31/2010,LNK,NE,ACE,CE,Towers with Radar,0,31,48,111,190,0,3,54,14,71,0,34,102,125,261,51,64,115,376
04/01/2010,LNK,NE,ACE,CE,Towers with Radar,0,26,47,77,150,0,4,46,14,64,0,30,93,91,214,20,37,57,271
04/02/2010,LNK,NE,ACE,CE,Towers with Radar,0,26,15,21,62,0,0,22,5,27,0,26,37,26,89,52,6,58,147
04/03/2010,LNK,NE,ACE,CE,Towers with Radar,0,21,12,0,33,0,3,64,0,67,0,24,76,0,100,41,0,41,141
04/04/2010,LNK,NE,ACE,CE,Towers with Radar,0,28,13,1,42,0,1,55,0,56,0,29,68,1,98,70,0,70,168
04/05/2010,LNK,NE,ACE,CE,Towers with Radar,0,25,37,34,96,0,3,29,2,34,0,28,66,36,130,35,0,35,165
04/06/2010,LNK,NE,ACE,CE,Towers with Radar,0,21,35,39,95,0,0,2,0,2,0,21,37,39,97,14,0,14,111
04/07/2010,LNK,NE,ACE,CE,Towers with Radar,2,22,30,125,179,0,2,17,5,24,2,24,47,130,203,6,43,49,252
04/08/2010,LNK,NE,ACE,CE,Towers with Radar,0,29,36,31,96,0,7,67,16,90,0,36,103,47,186,98,18,116,302
04/09/2010,LNK,NE,ACE,CE,Towers with Radar,2,24,29,20,75,0,5,70,5,80,2,29,99,25,155,96,16,112,267
04/10/2010,LNK,NE,ACE,CE,Towers with Radar,1,13,18,2,34,0,4,42,2,48,1,17,60,4,82,36,0,36,118
04/11/2010,LNK,NE,ACE,CE,Towers with Radar,3,22,16,24,65,0,4,31,0,35,3,26,47,24,100,72,0,72,172
04/12/2010,LNK,NE,ACE,CE,Towers with Radar,2,29,31,115,177,2,7,28,4,41,4,36,59,119,218,32,40,72,290
04/13/2010,LNK,NE,ACE,CE,Towers with Radar,0,22,24,104,150,0,9,18,6,33,0,31,42,110,183,18,15,33,216
04/14/2010,LNK,NE,ACE,CE,Towers with Radar,0,22,55,68,145,0,4,12,6,22,0,26,67,74,167,30,28,58,225
04/15/2010,LNK,NE,ACE,CE,Towers with Radar,0,28,24,26,78,0,4,19,8,31,0,32,43,34,109,60,2,62,171
04/16/2010,LNK,NE,ACE,CE,Towers with Radar,3,33,49,46,131,0,0,55,8,63,3,33,104,54,194,93,6,99,293
04/17/2010,LNK,NE,ACE,CE,Towers with Radar,2,19,27,7,55,0,5,73,12,90,2,24,100,19,145,68,0,68,213
04/18/2010,LNK,NE,ACE,CE,Towers with Radar,3,17,24,0,44,0,3,39,0,42,3,20,63,0,86,60,0,60,146
04/19/2010,LNK,NE,ACE,CE,Towers with Radar,2,29,34,11,76,0,2,44,1,47,2,31,78,12,123,76,0,76,199
04/20/2010,LNK,NE,ACE,CE,Towers with Radar,1,28,35,34,98,0,6,21,5,32,1,34,56,39,130,56,22,78,208
04/21/2010,LNK,NE,ACE,CE,Towers with Radar,3,24,46,59,132,0,3,32,9,44,3,27,78,68,176,48,14,62,238
04/22/2010,LNK,NE,ACE,CE,Towers with Radar,0,26,28,52,106,0,9,21,4,34,0,35,49,56,140,70,14,84,224
04/23/2010,LNK,NE,ACE,CE,Towers with Radar,0,27,43,3,73,0,14,12,2,28,0,41,55,5,101,10,0,10,111
04/24/2010,LNK,NE,ACE,CE,Towers with Radar,1,25,11,9,46,0,4,20,0,24,1,29,31,9,70,66,0,66,136
04/25/2010,LNK,NE,ACE,CE,Towers with Radar,3,21,30,0,54,0,5,6,0,11,3,26,36,0,65,26,0,26,91
04/26/2010,LNK,NE,ACE,CE,Towers with Radar,0,30,30,24,84,0,1,12,4,17,0,31,42,28,101,2,0,2,103
04/27/2010,LNK,NE,ACE,CE,Towers with Radar,0,33,53,29,115,0,6,37,2,45,0,39,90,31,160,48,2,50,210
04/28/2010,LNK,NE,ACE,CE,Towers with Radar,0,25,43,64,132,0,5,14,5,24,0,30,57,69,156,10,40,50,206
04/29/2010,LNK,NE,ACE,CE,Towers with Radar,0,39,36,5,80,0,3,14,32,49,0,42,50,37,129,2,0,2,131
04/30/2010,LNK,NE,ACE,CE,Towers with Radar,0,29,32,45,106,0,12,41,28,81,0,41,73,73,187,32,20,52,239
05/01/2010,LNK,NE,ACE,CE,Towers with Radar,1,20,10,0,31,0,5,41,1,47,1,25,51,1,78,16,0,16,94
05/02/2010,LNK,NE,ACE,CE,Towers with Radar,3,25,26,15,69,0,1,45,1,47,3,26,71,16,116,73,6,79,195
05/03/2010,LNK,NE,ACE,CE,Towers with Radar,0,30,38,12,80,0,7,41,0,48,0,37,79,12,128,36,0,36,164
05/04/2010,LNK,NE,ACE,CE,Towers with Radar,0,28,48,18,94,0,2,24,10,36,0,30,72,28,130,12,4,16,146
05/05/2010,LNK,NE,ACE,CE,Towers with Radar,0,36,40,41,117,0,9,64,5,78,0,45,104,46,195,57,24,81,276
05/06/2010,LNK,NE,ACE,CE,Towers with Radar,0,28,44,33,105,0,0,35,5,40,0,28,79,38,145,3,4,7,152
05/07/2010,LNK,NE,ACE,CE,Towers with Radar,0,23,43,3,69,0,3,10,6,19,0,26,53,9,88,17,1,18,106
05/08/2010,LNK,NE,ACE,CE,Towers with Radar,1,21,34,3,59,0,1,46,3,50,1,22,80,6,109,36,0,36,145
05/09/2010,LNK,NE,ACE,CE,Towers with Radar,3,22,11,1,37,0,0,18,0,18,3,22,29,1,55,0,0,0,55
05/10/2010,LNK,NE,ACE,CE,Towers with Radar,4,26,26,10,66,0,0,1,0,1,4,26,27,10,67,4,0,4,71
05/11/2010,LNK,NE,ACE,CE,Towers with Radar,2,25,57,25,109,0,4,34,6,44,2,29,91,31,153,18,18,36,189
05/12/2010,LNK,NE,ACE,CE,Towers with Radar,0,22,26,12,60,0,0,0,0,0,0,22,26,12,60,0,0,0,60
05/13/2010,LNK,NE,ACE,CE,Towers with Radar,0,26,51,56,133,0,3,23,9,35,0,29,74,65,168,2,36,38,206
05/14/2010,LNK,NE,ACE,CE,Towers with Radar,0,25,56,30,111,0,0,64,4,68,0,25,120,34,179,82,18,100,279
05/15/2010,LNK,NE,ACE,CE,Towers with Radar,1,18,26,7,52,0,2,35,15,52,1,20,61,22,104,18,0,18,122
05/16/2010,LNK,NE,ACE,CE,Towers with Radar,3,24,28,4,59,0,0,0,0,0,3,24,28,4,59,2,0,2,61
05/17/2010,LNK,NE,ACE,CE,Towers with Radar,0,27,39,9,75,0,3,28,0,31,0,30,67,9,106,101,12,113,219
05/18/2010,LNK,NE,ACE,CE,Towers with Radar,0,25,27,15,67,0,3,31,2,36,0,28,58,17,103,104,16,120,223
05/19/2010,LNK,NE,ACE,CE,Towers with Radar,0,27,38,30,95,0,4,26,9,39,0,31,64,39,134,18,8,26,160
05/20/2010,LNK,NE,ACE,CE,Towers with Radar,0,34,35,54,123,0,0,1,0,1,0,34,36,54,124,0,0,0,124
05/21/2010,LNK,NE,ACE,CE,Towers with Radar,0,29,60,41,130,0,2,44,4,50,0,31,104,45,180,66,17,83,263
05/22/2010,LNK,NE,ACE,CE,Towers with Radar,1,16,10,10,37,0,7,13,1,21,1,23,23,11,58,0,0,0,58
05/23/2010,LNK,NE,ACE,CE,Towers with Radar,4,20,22,1,47,0,5,19,0,24,4,25,41,1,71,56,0,56,127
05/24/2010,LNK,NE,ACE,CE,Towers with Radar,2,32,31,39,104,0,4,13,0,17,2,36,44,39,121,34,38,72,193
05/25/2010,LNK,NE,ACE,CE,Towers with Radar,0,23,41,41,105,0,14,52,3,69,0,37,93,44,174,81,42,123,297
05/26/2010,LNK,NE,ACE,CE,Towers with Radar,0,27,47,99,173,0,6,42,11,59,0,33,89,110,232,48,32,80,312
05/27/2010,LNK,NE,ACE,CE,Towers with Radar,0,27,66,30,123,0,3,61,7,71,0,30,127,37,194,88,24,112,306
05/28/2010,LNK,NE,ACE,CE,Towers with Radar,0,33,38,33,104,0,2,73,16,91,0,35,111,49,195,86,16,102,297
05/29/2010,LNK,NE,ACE,CE,Towers with Radar,0,17,12,5,34,0,6,34,0,40,0,23,46,5,74,76,0,76,150
05/30/2010,LNK,NE,ACE,CE,Towers with Radar,0,15,18,0,33,0,3,27,0,30,0,18,45,0,63,36,0,36,99
05/31/2010,LNK,NE,ACE,CE,Towers with Radar,0,26,24,2,52,0,2,55,5,62,0,28,79,7,114,74,0,74,188
06/01/2010,LNK,NE,ACE,CE,Towers with Radar,1,23,32,5,61,0,3,20,0,23,1,26,52,5,84,42,0,42,126
06/02/2010,LNK,NE,ACE,CE,Towers with Radar,0,34,34,41,109,0,5,43,9,57,0,39,77,50,166,65,30,95,261
06/03/2010,LNK,NE,ACE,CE,Towers with Radar,0,35,54,46,135,0,2,72,6,80,0,37,126,52,215,31,31,62,277
06/04/2010,LNK,NE,ACE,CE,Towers with Radar,0,28,32,11,71,0,6,55,6,67,0,34,87,17,138,36,2,38,176
06/05/2010,LNK,NE,ACE,CE,Towers with Radar,1,16,12,4,33,0,1,37,0,38,1,17,49,4,71,22,0,22,93
06/06/2010,LNK,NE,ACE,CE,Towers with Radar,3,21,24,5,53,0,5,55,0,60,3,26,79,5,113,20,0,20,133
06/07/2010,LNK,NE,ACE,CE,Towers with Radar,2,32,36,10,80,0,5,15,0,20,2,37,51,10,100,14,0,14,114
06/08/2010,LNK,NE,ACE,CE,Towers with Radar,0,22,39,27,88,0,8,19,7,34,0,30,58,34,122,107,28,135,257
06/09/2010,LNK,NE,ACE,CE,Towers with Radar,0,23,40,47,110,0,5,65,10,80,0,28,105,57,190,60,23,83,273
06/10/2010,LNK,NE,ACE,CE,Towers with Radar,0,34,42,40,116,0,11,21,1,33,0,45,63,41,149,25,10,35,184
06/11/2010,LNK,NE,ACE,CE,Towers with Radar,0,36,51,14,101,0,2,50,0,52,0,38,101,14,153,40,4,44,197
06/12/2010,LNK,NE,ACE,CE,Towers with Radar,5,20,23,1,49,0,7,24,0,31,5,27,47,1,80,54,0,54,134
06/13/2010,LNK,NE,ACE,CE,Towers with Radar,1,23,20,11,55,0,0,4,2,6,1,23,24,13,61,0,22,22,83
06/14/2010,LNK,NE,ACE,CE,Towers with Radar,0,31,42,24,97,0,1,12,0,13,0,32,54,24,110,38,34,72,182
06/15/2010,LNK,NE,ACE,CE,Towers with Radar,0,30,59,48,137,0,2,65,3,70,0,32,124,51,207,34,12,46,253
06/16/2010,LNK,NE,ACE,CE,Towers with Radar,0,36,41,31,108,0,11,54,4,69,0,47,95,35,177,38,16,54,231
06/17/2010,LNK,NE,ACE,CE,Towers with Radar,0,35,25,81,141,0,10,39,6,55,0,45,64,87,196,6,36,42,238
06/18/2010,LNK,NE,ACE,CE,Towers with Radar,0,27,45,20,92,0,0,62,15,77,0,27,107,35,169,72,5,77,246
06/19/2010,LNK,NE,ACE,CE,Towers with Radar,2,23,15,2,42,0,4,40,1,45,2,27,55,3,87,34,0,34,121
06/20/2010,LNK,NE,ACE,CE,Towers with Radar,1,25,9,2,37,0,5,7,1,13,1,30,16,3,50,8,0,8,58
06/21/2010,LNK,NE,ACE,CE,Towers with Radar,0,25,26,22,73,0,6,29,1,36,0,31,55,23,109,36,4,40,149
06/22/2010,LNK,NE,ACE,CE,Towers with Radar,1,30,32,32,95,0,6,25,7,38,1,36,57,39,133,30,24,54,187
06/23/2010,LNK,NE,ACE,CE,Towers with Radar,0,23,47,49,119,0,9,43,13,65,0,32,90,62,184,54,42,96,280
06/24/2010,LNK,NE,ACE,CE,Towers with Radar,0,34,52,61,147,0,4,63,8,75,0,38,115,69,222,86,65,151,373
06/25/2010,LNK,NE,ACE,CE,Towers with Radar,0,28,44,30,102,0,9,44,9,62,0,37,88,39,164,14,18,32,196
06/26/2010,LNK,NE,ACE,CE,Towers with Radar,3,20,30,4,57,0,1,32,0,33,3,21,62,4,90,52,8,60,150
06/27/2010,LNK,NE,ACE,CE,Towers with Radar,1,17,35,0,53,0,0,31,0,31,1,17,66,0,84,40,0,40,124
06/28/2010,LNK,NE,ACE,CE,Towers with Radar,0,30,54,13,97,0,4,65,5,74,0,34,119,18,171,39,31,70,241
06/29/2010,LNK,NE,ACE,CE,Towers with Radar,2,34,47,31,114,0,5,57,4,66,2,39,104,35,180,43,36,79,259
06/30/2010,LNK,NE,ACE,CE,Towers with Radar,0,34,44,28,106,0,14,60,11,85,0,48,104,39,191,72,20,92,283
07/01/2010,LNK,NE,ACE,CE,Towers with Radar,0,31,52,27,110,0,2,62,10,74,0,33,114,37,184,84,32,116,300
07/02/2010,LNK,NE,ACE,CE,Towers with Radar,0,24,51,3,78,0,11,50,3,64,0,35,101,6,142,77,0,77,219
07/03/2010,LNK,NE,ACE,CE,Towers with Radar,0,21,30,1,52,0,7,11,2,20,0,28,41,3,72,8,0,8,80
07/04/2010,LNK,NE,ACE,CE,Towers with Radar,0,13,8,0,21,0,0,5,0,5,0,13,13,0,26,0,0,0,26
07/05/2010,LNK,NE,ACE,CE,Towers with Radar,0,22,39,0,61,0,2,16,0,18,0,24,55,0,79,74,0,74,153
07/06/2010,LNK,NE,ACE,CE,Towers with Radar,4,41,29,54,128,0,7,52,2,61,4,48,81,56,189,88,32,120,309
07/07/2010,LNK,NE,ACE,CE,Towers with Radar,0,38,32,35,105,0,2,7,3,12,0,40,39,38,117,6,8,14,131
07/08/2010,LNK,NE,ACE,CE,Towers with Radar,0,37,45,130,212,0,5,55,8,68,0,42,100,138,280,52,85,137,417
07/09/2010,LNK,NE,ACE,CE,Towers with Radar,0,29,35,18,82,0,4,54,5,63,0,33,89,23,145,29,14,43,188
07/10/2010,LNK,NE,ACE,CE,Towers with Radar,3,16,23,21,63,0,17,65,0,82,3,33,88,21,145,42,15,57,202
07/11/2010,LNK,NE,ACE,CE,Towers with Radar,5,27,25,13,70,0,1,32,0,33,5,28,57,13,103,24,0,24,127
07/12/2010,LNK,NE,ACE,CE,Towers with Radar,0,28,45,19,92,0,1,21,0,22,0,29,66,19,114,4,8,12,126
07/13/2010,LNK,NE,ACE,CE,Towers with Radar,4,27,39,41,111,0,6,38,4,48,4,33,77,45,159,16,2,18,177
07/14/2010,LNK,NE,ACE,CE,Towers with Radar,0,31,39,56,126,0,4,29,6,39,0,35,68,62,165,34,18,52,217
07/15/2010,LNK,NE,ACE,CE,Towers with Radar,0,32,40,58,130,0,0,53,2,55,0,32,93,60,185,36,42,78,263
07/16/2010,LNK,NE,ACE,CE,Towers with Radar,4,23,57,16,100,0,5,59,2,66,4,28,116,18,166,22,6,28,194
07/17/2010,LNK,NE,ACE,CE,Towers with Radar,11,18,298,5,332,0,0,30,4,34,11,18,328,9,366,12,2,14,380
07/18/2010,LNK,NE,ACE,CE,Towers with Radar,1,39,27,5,72,0,1,28,0,29,1,40,55,5,101,16,0,16,117
07/19/2010,LNK,NE,ACE,CE,Towers with Radar,0,39,51,10,100,0,8,29,6,43,0,47,80,16,143,22,0,22,165
07/20/2010,LNK,NE,ACE,CE,Towers with Radar,0,31,30,22,83,0,6,19,0,25,0,37,49,22,108,50,4,54,162
07/21/2010,LNK,NE,ACE,CE,Towers with Radar,0,35,34,33,102,0,1,24,4,29,0,36,58,37,131,38,31,69,200
07/22/2010,LNK,NE,ACE,CE,Towers with Radar,0,30,62,47,139,0,1,48,2,51,0,31,110,49,190,30,14,44,234
07/23/2010,LNK,NE,ACE,CE,Towers with Radar,3,25,72,25,125,0,4,30,2,36,3,29,102,27,161,77,12,89,250
07/24/2010,LNK,NE,ACE,CE,Towers with Radar,12,22,276,12,322,0,4,32,7,43,12,26,308,19,365,44,2,46,411
07/25/2010,LNK,NE,ACE,CE,Towers with Radar,1,24,47,13,85,0,2,39,2,43,1,26,86,15,128,23,0,23,151
07/26/2010,LNK,NE,ACE,CE,Towers with Radar,0,30,54,62,146,0,5,31,2,38,0,35,85,64,184,4,35,39,223
07/27/2010,LNK,NE,ACE,CE,Towers with Radar,2,33,33,57,125,0,2,45,4,51,2,35,78,61,176,4,30,34,210
07/28/2010,LNK,NE,ACE,CE,Towers with Radar,0,35,51,85,171,0,5,35,8,48,0,40,86,93,219,28,49,77,296
07/29/2010,LNK,NE,ACE,CE,Towers with Radar,0,36,69,35,140,0,12,25,10,47,0,48,94,45,187,12,10,22,209
07/30/2010,LNK,NE,ACE,CE,Towers with Radar,0,27,46,27,100,0,12,21,2,35,0,39,67,29,135,10,6,16,151
07/31/2010,LNK,NE,ACE,CE,Towers with Radar,9,23,24,2,58,0,8,29,0,37,9,31,53,2,95,7,0,7,102
08/01/2010,LNK,NE,ACE,CE,Towers with Radar,1,24,21,15,61,0,0,33,2,35,1,24,54,17,96,16,10,26,122
08/02/2010,LNK,NE,ACE,CE,Towers with Radar,0,30,43,8,81,0,1,35,1,37,0,31,78,9,118,5,18,23,141
08/03/2010,LNK,NE,ACE,CE,Towers with Radar,0,27,31,27,85,0,9,38,4,51,0,36,69,31,136,38,17,55,191
08/04/2010,LNK,NE,ACE,CE,Towers with Radar,0,29,32,37,98,0,3,29,8,40,0,32,61,45,138,58,20,78,216
08/05/2010,LNK,NE,ACE,CE,Towers with Radar,0,30,43,66,139,0,0,60,10,70,0,30,103,76,209,50,44,94,303
08/06/2010,LNK,NE,ACE,CE,Towers with Radar,2,31,46,48,127,0,1,43,9,53,2,32,89,57,180,83,53,136,316
08/07/2010,LNK,NE,ACE,CE,Towers with Radar,3,20,26,5,54,0,5,36,0,41,3,25,62,5,95,58,0,58,153
08/08/2010,LNK,NE,ACE,CE,Towers with Radar,1,26,30,9,66,0,6,54,0,60,1,32,84,9,126,6,0,6,132
08/09/2010,LNK,NE,ACE,CE,Towers with Radar,0,28,54,26,108,0,1,23,5,29,0,29,77,31,137,22,15,37,174
08/10/2010,LNK,NE,ACE,CE,Towers with Radar,0,35,38,31,104,0,6,33,8,47,0,41,71,39,151,4,31,35,186
08/11/2010,LNK,NE,ACE,CE,Towers with Radar,0,30,48,75,153,0,8,52,15,75,0,38,100,90,228,20,62,82,310
08/12/2010,LNK,NE,ACE,CE,Towers with Radar,0,32,41,119,192,0,0,47,5,52,0,32,88,124,244,30,80,110,354
08/13/2010,LNK,NE,ACE,CE,Towers with Radar,0,24,32,15,71,0,3,20,10,33,0,27,52,25,104,11,8,19,123
08/14/2010,LNK,NE,ACE,CE,Towers with Radar,3,17,43,7,70,0,10,33,3,46,3,27,76,10,116,16,0,16,132
08/15/2010,LNK,NE,ACE,CE,Towers with Radar,1,25,36,4,66,0,3,41,2,46,1,28,77,6,112,17,0,17,129
08/16/2010,LNK,NE,ACE,CE,Towers with Radar,0,26,37,29,92,0,0,33,0,33,0,26,70,29,125,68,26,94,219
08/17/2010,LNK,NE,ACE,CE,Towers with Radar,0,32,70,30,132,0,0,7,0,7,0,32,77,30,139,56,2,58,197
08/18/2010,LNK,NE,ACE,CE,Towers with Radar,2,29,47,71,149,0,9,31,8,48,2,38,78,79,197,67,50,117,314
08/19/2010,LNK,NE,ACE,CE,Towers with Radar,2,36,57,71,166,0,11,44,10,65,2,47,101,81,231,48,18,66,297
08/20/2010,LNK,NE,ACE,CE,Towers with Radar,0,24,38,29,91,0,9,30,8,47,0,33,68,37,138,10,4,14,152
08/21/2010,LNK,NE,ACE,CE,Towers with Radar,3,24,24,13,64,0,5,69,2,76,3,29,93,15,140,49,8,57,197
08/22/2010,LNK,NE,ACE,CE,Towers with Radar,1,24,33,9,67,0,2,40,0,42,1,26,73,9,109,24,6,30,139
08/23/2010,LNK,NE,ACE,CE,Towers with Radar,0,37,28,34,99,0,5,19,1,25,0,42,47,35,124,42,32,74,198
08/24/2010,LNK,NE,ACE,CE,Towers with Radar,0,32,26,35,93,0,3,23,1,27,0,35,49,36,120,26,35,61,181
08/25/2010,LNK,NE,ACE,CE,Towers with Radar,0,33,41,54,128,0,1,61,15,77,0,34,102,69,205,44,12,56,261
08/26/2010,LNK,NE,ACE,CE,Towers with Radar,0,30,48,105,183,0,8,46,12,66,0,38,94,117,249,66,58,124,373
08/27/2010,LNK,NE,ACE,CE,Towers with Radar,0,26,36,36,98,0,3,58,14,75,0,29,94,50,173,42,22,64,237
08/28/2010,LNK,NE,ACE,CE,Towers with Radar,0,20,10,4,34,0,15,33,1,49,0,35,43,5,83,10,0,10,93
08/29/2010,LNK,NE,ACE,CE,Towers with Radar,0,28,21,2,51,0,2,24,1,27,0,30,45,3,78,12,0,12,90
08/30/2010,LNK,NE,ACE,CE,Towers with Radar,0,40,32,26,98,0,3,29,4,36,0,43,61,30,134,64,20,84,218
08/31/2010,LNK,NE,ACE,CE,Towers with Radar,0,31,47,40,118,0,3,27,6,36,0,34,74,46,154,40,40,80,234
09/01/2010,LNK,NE,ACE,CE,Towers with Radar,0,25,37,21,83,0,2,23,4,29,0,27,60,25,112,8,0,8,120
09/02/2010,LNK,NE,ACE,CE,Towers with Radar,0,30,65,30,125,0,9,37,7,53,0,39,102,37,178,56,25,81,259
09/03/2010,LNK,NE,ACE,CE,Towers with Radar,0,30,39,17,86,0,0,49,1,50,0,30,88,18,136,32,2,34,170
09/04/2010,LNK,NE,ACE,CE,Towers with Radar,2,21,40,2,65,0,0,65,3,68,2,21,105,5,133,58,0,58,191
09/05/2010,LNK,NE,ACE,CE,Towers with Radar,0,13,12,0,25,0,6,39,0,45,0,19,51,0,70,16,0,16,86
09/06/2010,LNK,NE,ACE,CE,Towers with Radar,0,22,27,10,59,0,0,22,0,22,0,22,49,10,81,56,6,62,143
09/07/2010,LNK,NE,ACE,CE,Towers with Radar,0,31,48,22,101,0,10,38,2,50,0,41,86,24,151,36,6,42,193
09/08/2010,LNK,NE,ACE,CE,Towers with Radar,0,29,44,28,101,0,4,47,10,61,0,33,91,38,162,36,6,42,204
09/09/2010,LNK,NE,ACE,CE,Towers with Radar,0,31,25,52,108,0,3,9,1,13,0,34,34,53,121,6,2,8,129
09/10/2010,LNK,NE,ACE,CE,Towers with Radar,2,26,38,14,80,0,0,0,0,0,2,26,38,14,80,0,0,0,80
09/11/2010,LNK,NE,ACE,CE,Towers with Radar,2,27,38,0,67,0,2,67,0,69,2,29,105,0,136,0,0,0,136
09/12/2010,LNK,NE,ACE,CE,Towers with Radar,0,26,26,0,52,0,1,34,24,59,0,27,60,24,111,38,25,63,174
09/13/2010,LNK,NE,ACE,CE,Towers with Radar,0,33,40,35,108,0,6,20,1,27,0,39,60,36,135,14,24,38,173
09/14/2010,LNK,NE,ACE,CE,Towers with Radar,0,31,38,12,81,0,16,34,4,54,0,47,72,16,135,54,16,70,205
09/15/2010,LNK,NE,ACE,CE,Towers with Radar,0,26,49,21,96,0,7,19,6,32,0,33,68,27,128,12,6,18,146
09/16/2010,LNK,NE,ACE,CE,Towers with Radar,3,34,52,73,162,0,3,28,3,34,3,37,80,76,196,82,14,96,292
09/17/2010,LNK,NE,ACE,CE,Towers with Radar,4,28,30,24,86,0,7,45,4,56,4,35,75,28,142,60,24,84,226
09/18/2010,LNK,NE,ACE,CE,Towers with Radar,3,20,23,0,46,0,2,1,0,3,3,22,24,0,49,8,0,8,57
09/19/2010,LNK,NE,ACE,CE,Towers with Radar,4,27,19,0,50,0,0,0,0,0,4,27,19,0,50,16,0,16,66
09/20/2010,LNK,NE,ACE,CE,Towers with Radar,0,28,38,64,130,0,0,8,0,8,0,28,46,64,138,0,18,18,156
09/21/2010,LNK,NE,ACE,CE,Towers with Radar,0,27,37,5,69,0,2,29,4,35,0,29,66,9,104,26,0,26,130
09/22/2010,LNK,NE,ACE,CE,Towers with Radar,0,22,35,75,132,0,11,24,5,40,0,33,59,80,172,0,8,8,180
09/23/2010,LNK,NE,ACE,CE,Towers with Radar,0,29,39,24,92,0,5,1,4,10,0,34,40,28,102,0,2,2,104
09/24/2010,LNK,NE,ACE,CE,Towers with Radar,0,29,38,21,88,0,8,77,9,94,0,37,115,30,182,22,0,22,204
09/25/2010,LNK,NE,ACE,CE,Towers with Radar,2,28,53,0,83,0,4,42,1,47,2,32,95,1,130,6,0,6,136
09/26/2010,LNK,NE,ACE,CE,Towers with Radar,0,29,25,19,73,0,5,55,0,60,0,34,80,19,133,80,10,90,223
09/27/2010,LNK,NE,ACE,CE,Towers with Radar,0,30,45,23,98,0,6,57,0,63,0,36,102,23,161,60,24,84,245
09/28/2010,LNK,NE,ACE,CE,Towers with Radar,0,31,64,20,115,0,3,67,5,75,0,34,131,25,190,25,21,46,236
09/29/2010,LNK,NE,ACE,CE,Towers with Radar,0,36,45,13,94,0,18,56,7,81,0,54,101,20,175,50,2,52,227
09/30/2010,LNK,NE,ACE,CE,Towers with Radar,0,38,39,14,91,0,9,69,6,84,0,47,108,20,175,62,2,64,239
10/01/2010,LNK,NE,ACE,CE,Towers with Radar,0,27,36,28,91,0,7,75,7,89,0,34,111,35,180,43,6,49,229
10/02/2010,LNK,NE,ACE,CE,Towers with Radar,0,18,22,0,40,0,7,86,2,95,0,25,108,2,135,34,0,34,169
10/03/2010,LNK,NE,ACE,CE,Towers with Radar,2,24,36,8,70,0,8,49,0,57,2,32,85,8,127,64,0,64,191
10/04/2010,LNK,NE,ACE,CE,Towers with Radar,0,27,24,19,70,0,8,25,0,33,0,35,49,19,103,6,18,24,127
10/05/2010,LNK,NE,ACE,CE,Towers with Radar,0,32,43,44,119,0,13,38,6,57,0,45,81,50,176,10,16,26,202
10/06/2010,LNK,NE,ACE,CE,Towers with Radar,0,35,29,42,106,0,8,52,7,67,0,43,81,49,173,48,28,76,249
10/07/2010,LNK,NE,ACE,CE,Towers with Radar,0,40,48,32,120,0,7,51,8,66,0,47,99,40,186,24,34,58,244
10/08/2010,LNK,NE,ACE,CE,Towers with Radar,0,24,35,4,63,0,3,32,0,35,0,27,67,4,98,38,0,38,136
10/09/2010,LNK,NE,ACE,CE,Towers with Radar,1,19,14,1,35,0,9,59,5,73,1,28,73,6,108,50,0,50,158
10/10/2010,LNK,NE,ACE,CE,Towers with Radar,1,22,27,0,50,0,8,25,0,33,1,30,52,0,83,64,0,64,147
10/11/2010,LNK,NE,ACE,CE,Towers with Radar,0,33,34,0,67,0,1,39,0,40,0,34,73,0,107,41,0,41,148
10/12/2010,LNK,NE,ACE,CE,Towers with Radar,0,26,30,27,83,0,4,24,2,30,0,30,54,29,113,16,14,30,143
10/13/2010,LNK,NE,ACE,CE,Towers with Radar,0,34,37,45,116,0,7,43,5,55,0,41,80,50,171,56,56,112,283
10/14/2010,LNK,NE,ACE,CE,Towers with Radar,0,37,37,55,129,0,4,64,9,77,0,41,101,64,206,35,32,67,273
10/15/2010,LNK,NE,ACE,CE,Towers with Radar,2,28,46,23,99,0,2,64,17,83,2,30,110,40,182,12,14,26,208
10/16/2010,LNK,NE,ACE,CE,Towers with Radar,7,40,81,4,132,0,2,74,25,101,7,42,155,29,233,18,0,18,251
10/17/2010,LNK,NE,ACE,CE,Towers with Radar,1,24,36,6,67,0,2,59,0,61,1,26,95,6,128,26,0,26,154
10/18/2010,LNK,NE,ACE,CE,Towers with Radar,0,32,34,10,76,0,18,23,2,43,0,50,57,12,119,64,14,78,197
10/19/2010,LNK,NE,ACE,CE,Towers with Radar,0,31,39,32,102,0,3,31,1,35,0,34,70,33,137,40,35,75,212
10/20/2010,LNK,NE,ACE,CE,Towers with Radar,0,35,51,34,120,0,7,32,3,42,0,42,83,37,162,96,21,117,279
10/21/2010,LNK,NE,ACE,CE,Towers with Radar,0,32,59,38,129,0,6,50,4,60,0,38,109,42,189,42,16,58,247
10/22/2010,LNK,NE,ACE,CE,Towers with Radar,4,28,37,26,95,0,5,29,1,35,4,33,66,27,130,78,14,92,222
10/23/2010,LNK,NE,ACE,CE,Towers with Radar,3,30,37,2,72,0,4,20,0,24,3,34,57,2,96,16,0,16,112
10/24/2010,LNK,NE,ACE,CE,Towers with Radar,1,26,37,0,64,0,7,13,1,21,1,33,50,1,85,52,0,52,137
10/25/2010,LNK,NE,ACE,CE,Towers with Radar,4,30,30,39,103,0,5,20,4,29,4,35,50,43,132,37,22,59,191
10/26/2010,LNK,NE,ACE,CE,Towers with Radar,0,24,23,6,53,0,4,5,2,11,0,28,28,8,64,0,0,0,64
10/27/2010,LNK,NE,ACE,CE,Towers with Radar,0,29,26,8,63,0,4,5,6,15,0,33,31,14,78,0,0,0,78
10/28/2010,LNK,NE,ACE,CE,Towers with Radar,2,31,27,56,116,0,13,59,10,82,2,44,86,66,198,74,20,94,292
10/29/2010,LNK,NE,ACE,CE,Towers with Radar,2,32,28,28,90,0,6,40,5,51,2,38,68,33,141,74,28,102,243
10/30/2010,LNK,NE,ACE,CE,Towers with Radar,2,31,47,1,81,0,1,75,2,78,2,32,122,3,159,34,0,34,193
10/31/2010,LNK,NE,ACE,CE,Towers with Radar,0,27,16,1,44,0,1,45,0,46,0,28,61,1,90,84,0,84,174
11/01/2010,LNK,NE,ACE,CE,Towers with Radar,0,27,32,9,68,0,4,42,0,46,0,31,74,9,114,38,28,66,180
11/02/2010,LNK,NE,ACE,CE,Towers with Radar,0,35,25,47,107,0,11,27,5,43,0,46,52,52,150,90,34,124,274
11/03/2010,LNK,NE,ACE,CE,Towers with Radar,0,27,36,49,112,0,9,30,7,46,0,36,66,56,158,38,10,48,206
11/04/2010,LNK,NE,ACE,CE,Towers with Radar,0,33,39,14,86,0,4,36,6,46,0,37,75,20,132,44,0,44,176
11/05/2010,LNK,NE,ACE,CE,Towers with Radar,2,32,46,24,104,0,12,73,4,89,2,44,119,28,193,85,16,101,294
11/06/2010,LNK,NE,ACE,CE,Towers with Radar,0,29,14,2,45,0,7,42,0,49,0,36,56,2,94,12,0,12,106
11/07/2010,LNK,NE,ACE,CE,Towers with Radar,0,26,27,2,55,0,4,40,0,44,0,30,67,2,99,107,0,107,206
11/08/2010,LNK,NE,ACE,CE,Towers with Radar,2,31,46,4,83,0,12,62,0,74,2,43,108,4,157,82,0,82,239
11/09/2010,LNK,NE,ACE,CE,Towers with Radar,2,32,40,36,110,0,9,29,0,38,2,41,69,36,148,50,14,64,212
11/10/2010,LNK,NE,ACE,CE,Towers with Radar,2,32,40,20,94,0,0,22,7,29,2,32,62,27,123,54,16,70,193
11/11/2010,LNK,NE,ACE,CE,Towers with Radar,2,29,31,0,62,0,5,37,0,42,2,34,68,0,104,80,0,80,184
11/12/2010,LNK,NE,ACE,CE,Towers with Radar,2,32,36,7,77,0,0,0,4,4,2,32,36,11,81,0,4,4,85
11/13/2010,LNK,NE,ACE,CE,Towers with Radar,0,26,32,1,59,0,11,40,0,51,0,37,72,1,110,18,0,18,128
11/14/2010,LNK,NE,ACE,CE,Towers with Radar,0,22,30,0,52,0,2,42,0,44,0,24,72,0,96,108,0,108,204
11/15/2010,LNK,NE,ACE,CE,Towers with Radar,2,26,33,15,76,2,4,28,13,47,4,30,61,28,123,109,20,129,252
11/16/2010,LNK,NE,ACE,CE,Towers with Radar,3,31,37,61,132,0,1,23,1,25,3,32,60,62,157,101,15,116,273
11/17/2010,LNK,NE,ACE,CE,Towers with Radar,4,32,44,48,128,0,4,14,2,20,4,36,58,50,148,10,20,30,178
11/18/2010,LNK,NE,ACE,CE,Towers with Radar,2,33,28,39,102,0,4,26,6,36,2,37,54,45,138,78,38,116,254
11/19/2010,LNK,NE,ACE,CE,Towers with Radar,3,35,49,13,100,0,2,63,6,71,3,37,112,19,171,75,0,75,246
11/20/2010,LNK,NE,ACE,CE,Towers with Radar,0,22,50,1,73,0,2,13,8,23,0,24,63,9,96,20,0,20,116
11/21/2010,LNK,NE,ACE,CE,Towers with Radar,2,23,24,2,51,0,0,5,2,7,2,23,29,4,58,66,0,66,124
11/22/2010,LNK,NE,ACE,CE,Towers with Radar,0,32,51,20,103,0,0,5,0,5,0,32,56,20,108,14,0,14,122
11/23/2010,LNK,NE,ACE,CE,Towers with Radar,3,35,61,27,126,0,0,49,1,50,3,35,110,28,176,57,29,86,262
11/24/2010,LNK,NE,ACE,CE,Towers with Radar,2,31,33,29,95,0,2,1,0,3,2,33,34,29,98,0,0,0,98
11/25/2010,LNK,NE,ACE,CE,Towers with Radar,2,14,9,0,25,0,13,16,0,29,2,27,25,0,54,0,0,0,54
11/26/2010,LNK,NE,ACE,CE,Towers with Radar,2,20,32,0,54,0,5,43,0,48,2,25,75,0,102,4,0,4,106
11/27/2010,LNK,NE,ACE,CE,Towers with Radar,0,24,17,1,42,0,4,70,0,74,0,28,87,1,116,90,0,90,206
11/28/2010,LNK,NE,ACE,CE,Towers with Radar,0,28,24,0,52,0,4,7,0,11,0,32,31,0,63,0,0,0,63
11/29/2010,LNK,NE,ACE,CE,Towers with Radar,0,32,25,6,63,0,0,3,2,5,0,32,28,8,68,0,0,0,68
11/30/2010,LNK,NE,ACE,CE,Towers with Radar,4,37,24,16,81,0,4,11,4,19,4,41,35,20,100,48,24,72,172
12/01/2010,LNK,NE,ACE,CE,Towers with Radar,2,28,31,46,107,0,1,47,3,51,2,29,78,49,158,59,22,81,239
12/02/2010,LNK,NE,ACE,CE,Towers with Radar,2,27,36,36,101,0,0,42,0,42,2,27,78,36,143,0,54,54,197
12/03/2010,LNK,NE,ACE,CE,Towers with Radar,8,30,46,12,96,0,1,33,6,40,8,31,79,18,136,52,6,58,194
12/04/2010,LNK,NE,ACE,CE,Towers with Radar,2,17,25,2,46,0,1,16,0,17,2,18,41,2,63,20,0,20,83
12/05/2010,LNK,NE,ACE,CE,Towers with Radar,4,26,38,2,70,0,0,46,4,50,4,26,84,6,120,30,0,30,150
12/06/2010,LNK,NE,ACE,CE,Towers with Radar,2,54,27,7,90,0,0,33,1,34,2,54,60,8,124,32,0,32,156
12/07/2010,LNK,NE,ACE,CE,Towers with Radar,2,51,23,44,120,0,0,19,8,27,2,51,42,52,147,22,26,48,195
12/08/2010,LNK,NE,ACE,CE,Towers with Radar,2,26,42,28,98,0,2,41,2,45,2,28,83,30,143,16,6,22,165
12/09/2010,LNK,NE,ACE,CE,Towers with Radar,2,29,37,46,114,0,0,68,2,70,2,29,105,48,184,26,22,48,232
12/10/2010,LNK,NE,ACE,CE,Towers with Radar,2,21,45,15,83,0,2,35,4,41,2,23,80,19,124,56,4,60,184
12/11/2010,LNK,NE,ACE,CE,Towers with Radar,0,14,6,3,23,0,0,0,0,0,0,14,6,3,23,0,0,0,23
12/12/2010,LNK,NE,ACE,CE,Towers with Radar,2,13,20,3,38,0,3,12,0,15,2,16,32,3,53,22,0,22,75
12/13/2010,LNK,NE,ACE,CE,Towers with Radar,2,25,26,2,55,0,8,17,0,25,2,33,43,2,80,0,0,0,80
12/14/2010,LNK,NE,ACE,CE,Towers with Radar,2,26,45,26,99,0,2,31,4,37,2,28,76,30,136,2,10,12,148
12/15/2010,LNK,NE,ACE,CE,Towers with Radar,2,28,40,17,87,0,2,23,0,25,2,30,63,17,112,6,0,6,118
12/16/2010,LNK,NE,ACE,CE,Towers with Radar,0,30,45,24,99,0,0,16,2,18,0,30,61,26,117,20,0,20,137
12/17/2010,LNK,NE,ACE,CE,Towers with Radar,0,28,37,25,90,0,2,5,2,9,0,30,42,27,99,56,4,60,159
12/18/2010,LNK,NE,ACE,CE,Towers with Radar,0,23,15,0,38,0,0,27,0,27,0,23,42,0,65,116,0,116,181
12/19/2010,LNK,NE,ACE,CE,Towers with Radar,0,19,21,0,40,0,0,4,0,4,0,19,25,0,44,0,0,0,44
12/20/2010,LNK,NE,ACE,CE,Towers with Radar,2,27,48,2,79,0,10,32,2,44,2,37,80,4,123,42,0,42,165
12/21/2010,LNK,NE,ACE,CE,Towers with Radar,0,28,29,19,76,0,1,40,5,46,0,29,69,24,122,68,16,84,206
12/22/2010,LNK,NE,ACE,CE,Towers with Radar,0,33,50,15,98,0,2,20,6,28,0,35,70,21,126,12,54,66,192
12/23/2010,LNK,NE,ACE,CE,Towers with Radar,0,31,19,0,50,0,0,0,0,0,0,31,19,0,50,36,0,36,86
12/24/2010,LNK,NE,ACE,CE,Towers with Radar,0,23,3,0,26,0,1,0,0,1,0,24,3,0,27,0,0,0,27
12/25/2010,LNK,NE,ACE,CE,Towers with Radar,3,12,3,0,18,0,2,3,0,5,3,14,6,0,23,0,0,0,23
12/26/2010,LNK,NE,ACE,CE,Towers with Radar,1,27,22,0,50,0,0,2,0,2,1,27,24,0,52,0,0,0,52
12/27/2010,LNK,NE,ACE,CE,Towers with Radar,1,29,48,4,82,0,3,12,0,15,1,32,60,4,97,36,18,54,151
12/28/2010,LNK,NE,ACE,CE,Towers with Radar,6,28,33,15,82,0,9,60,3,72,6,37,93,18,154,118,10,128,282
12/29/2010,LNK,NE,ACE,CE,Towers with Radar,1,22,33,8,64,0,0,0,0,0,1,22,33,8,64,0,0,0,64
12/30/2010,LNK,NE,ACE,CE,Towers with Radar,0,20,36,2,58,0,0,7,2,9,0,20,43,4,67,26,0,26,93
12/31/2010,LNK,NE,ACE,CE,Towers with Radar,10,19,5,0,34,0,0,0,0,0,10,19,5,0,34,0,0,0,34
01/01/2011,LNK,NE,ACE,CE,Towers with Radar,0,19,8,1,28,0,8,3,0,11,0,27,11,1,39,8,0,8,47
01/02/2011,LNK,NE,ACE,CE,Towers with Radar,0,25,29,0,54,0,2,30,0,32,0,27,59,0,86,46,0,46,132
01/03/2011,LNK,NE,ACE,CE,Towers with Radar,0,32,17,6,55,0,2,24,1,27,0,34,41,7,82,20,0,20,102
01/04/2011,LNK,NE,ACE,CE,Towers with Radar,0,34,33,36,103,0,0,30,0,30,0,34,63,36,133,45,14,59,192
01/05/2011,LNK,NE,ACE,CE,Towers with Radar,0,30,25,42,97,0,4,28,2,34,0,34,53,44,131,43,34,77,208
01/06/2011,LNK,NE,ACE,CE,Towers with Radar,0,24,26,31,81,0,1,53,1,55,0,25,79,32,136,52,12,64,200
01/07/2011,LNK,NE,ACE,CE,Towers with Radar,0,40,33,4,77,0,5,4,2,11,0,45,37,6,88,8,0,8,96
01/08/2011,LNK,NE,ACE,CE,Towers with Radar,0,21,9,2,32,0,0,11,2,13,0,21,20,4,45,24,0,24,69
01/09/2011,LNK,NE,ACE,CE,Towers with Radar,0,20,9,14,43,0,0,0,0,0,0,20,9,14,43,0,0,0,43
01/10/2011,LNK,NE,ACE,CE,Towers with Radar,0,21,9,0,30,0,0,0,0,0,0,21,9,0,30,0,0,0,30
01/11/2011,LNK,NE,ACE,CE,Towers with Radar,0,29,19,19,67,0,1,4,0,5,0,30,23,19,72,0,0,0,72
01/12/2011,LNK,NE,ACE,CE,Towers with Radar,0,26,19,65,110,0,6,19,4,29,0,32,38,69,139,0,26,26,165
01/13/2011,LNK,NE,ACE,CE,Towers with Radar,0,34,37,47,118,0,3,26,2,31,0,37,63,49,149,27,12,39,188
01/14/2011,LNK,NE,ACE,CE,Towers with Radar,0,21,34,2,57,0,11,23,0,34,0,32,57,2,91,16,0,16,107
01/15/2011,LNK,NE,ACE,CE,Towers with Radar,0,14,19,0,33,0,0,38,0,38,0,14,57,0,71,36,0,36,107
01/16/2011,LNK,NE,ACE,CE,Towers with Radar,0,21,25,2,48,0,5,4,0,9,0,26,29,2,57,36,0,36,93
01/17/2011,LNK,NE,ACE,CE,Towers with Radar,0,32,34,0,66,0,4,8,0,12,0,36,42,0,78,43,0,43,121
01/18/2011,LNK,NE,ACE,CE,Towers with Radar,0,33,27,5,65,0,0,6,2,8,0,33,33,7,73,0,6,6,79
01/19/2011,LNK,NE,ACE,CE,Towers with Radar,0,24,24,22,70,0,2,3,0,5,0,26,27,22,75,16,6,22,97
01/20/2011,LNK,NE,ACE,CE,Towers with Radar,0,26,36,46,108,0,4,29,3,36,0,30,65,49,144,28,0,28,172
01/21/2011,LNK,NE,ACE,CE,Towers with Radar,0,28,20,24,72,0,5,10,0,15,0,33,30,24,87,14,0,14,101
01/22/2011,LNK,NE,ACE,CE,Towers with Radar,0,16,13,4,33,0,1,0,0,1,0,17,13,4,34,4,0,4,38
01/23/2011,LNK,NE,ACE,CE,Towers with Radar,0,20,16,2,38,0,2,8,0,10,0,22,24,2,48,44,0,44,92
01/24/2011,LNK,NE,ACE,CE,Towers with Radar,0,36,37,40,113,0,2,13,1,16,0,38,50,41,129,22,8,30,159
01/25/2011,LNK,NE,ACE,CE,Towers with Radar,0,26,49,48,123,0,0,46,5,51,0,26,95,53,174,67,38,105,279
01/26/2011,LNK,NE,ACE,CE,Towers with Radar,0,30,35,54,119,0,3,29,2,34,0,33,64,56,153,70,30,100,253
01/27/2011,LNK,NE,ACE,CE,Towers with Radar,0,41,29,65,135,0,0,48,3,51,0,41,77,68,186,60,17,77,263
01/28/2011,LNK,NE,ACE,CE,Towers with Radar,0,27,39,22,88,0,4,72,1,77,0,31,111,23,165,34,8,42,207
01/29/2011,LNK,NE,ACE,CE,Towers with Radar,0,18,29,32,79,0,3,32,0,35,0,21,61,32,114,32,28,60,174
01/30/2011,LNK,NE,ACE,CE,Towers with Radar,0,22,31,24,77,0,0,0,0,0,0,22,31,24,77,18,0,18,95
01/31/2011,LNK,NE,ACE,CE,Towers with Radar,0,17,4,3,24,0,0,0,0,0,0,17,4,3,24,0,0,0,24
02/01/2011,LNK,NE,ACE,CE,Towers with Radar,0,14,11,0,25,0,0,0,0,0,0,14,11,0,25,0,0,0,25
02/02/2011,LNK,NE,ACE,CE,Towers with Radar,0,21,16,10,47,0,9,8,2,19,0,30,24,12,66,2,6,8,74
02/03/2011,LNK,NE,ACE,CE,Towers with Radar,2,22,34,30,88,0,3,29,6,38,2,25,63,36,126,23,7,30,156
02/04/2011,LNK,NE,ACE,CE,Towers with Radar,2,23,41,12,78,0,5,54,1,60,2,28,95,13,138,78,18,96,234
02/05/2011,LNK,NE,ACE,CE,Towers with Radar,0,21,8,0,29,0,0,17,0,17,0,21,25,0,46,33,0,33,79
02/06/2011,LNK,NE,ACE,CE,Towers with Radar,3,22,9,0,34,0,0,1,0,1,3,22,10,0,35,0,0,0,35
02/07/2011,LNK,NE,ACE,CE,Towers with Radar,2,26,35,2,65,0,0,15,0,15,2,26,50,2,80,80,0,80,160
02/08/2011,LNK,NE,ACE,CE,Towers with Radar,2,32,25,24,83,0,0,8,0,8,2,32,33,24,91,0,25,25,116
02/09/2011,LNK,NE,ACE,CE,Towers with Radar,2,30,29,34,95,0,7,18,6,31,2,37,47,40,126,24,12,36,162
02/10/2011,LNK,NE,ACE,CE,Towers with Radar,2,26,37,21,86,0,2,39,2,43,2,28,76,23,129,30,25,55,184
02/11/2011,LNK,NE,ACE,CE,Towers with Radar,2,24,30,26,82,0,6,44,11,61,2,30,74,37,143,12,10,22,165
02/12/2011,LNK,NE,ACE,CE,Towers with Radar,0,20,13,2,35,0,2,42,2,46,0,22,55,4,81,56,6,62,143
02/13/2011,LNK,NE,ACE,CE,Towers with Radar,0,25,23,1,49,0,5,37,4,46,0,30,60,5,95,82,8,90,185
02/14/2011,LNK,NE,ACE,CE,Towers with Radar,2,38,29,17,86,0,1,28,2,31,2,39,57,19,117,52,40,92,209
02/15/2011,LNK,NE,ACE,CE,Towers with Radar,2,31,34,27,94,0,0,52,6,58,2,31,86,33,152,32,8,40,192
02/16/2011,LNK,NE,ACE,CE,Towers with Radar,4,27,48,23,102,0,2,42,7,51,4,29,90,30,153,50,38,88,241
02/17/2011,LNK,NE,ACE,CE,Towers with Radar,2,28,36,39,105,0,3,39,8,50,2,31,75,47,155,39,14,53,208
02/18/2011,LNK,NE,ACE,CE,Towers with Radar,3,29,41,7,80,0,0,64,2,66,3,29,105,9,146,32,10,42,188
02/19/2011,LNK,NE,ACE,CE,Towers with Radar,1,19,43,0,63,0,3,40,0,43,1,22,83,0,106,18,0,18,124
02/20/2011,LNK,NE,ACE,CE,Towers with Radar,2,11,15,0,28,0,0,2,0,2,2,11,17,0,30,0,0,0,30
02/21/2011,LNK,NE,ACE,CE,Towers with Radar,2,33,36,1,72,0,5,12,0,17,2,38,48,1,89,0,0,0,89
02/22/2011,LNK,NE,ACE,CE,Towers with Radar,2,27,41,11,81,0,4,38,1,43,2,31,79,12,124,30,2,32,156
02/23/2011,LNK,NE,ACE,CE,Towers with Radar,2,25,51,21,99,0,2,64,5,71,2,27,115,26,170,86,24,110,280
02/24/2011,LNK,NE,ACE,CE,Towers with Radar,2,33,20,4,59,0,0,4,0,4,2,33,24,4,63,0,0,0,63
02/25/2011,LNK,NE,ACE,CE,Towers with Radar,2,25,23,8,58,0,0,0,8,8,2,25,23,16,66,0,0,0,66
02/26/2011,LNK,NE,ACE,CE,Towers with Radar,0,20,29,0,49,0,1,0,0,1,0,21,29,0,50,2,0,2,52
02/27/2011,LNK,NE,ACE,CE,Towers with Radar,2,22,24,0,48,0,2,3,0,5,2,24,27,0,53,8,0,8,61
02/28/2011,LNK,NE,ACE,CE,Towers with Radar,2,29,36,16,83,0,0,26,2,28,2,29,62,18,111,34,34,68,179
03/01/2011,LNK,NE,ACE,CE,Towers with Radar,2,31,36,18,87,0,4,49,1,54,2,35,85,19,141,89,10,99,240
03/02/2011,LNK,NE,ACE,CE,Towers with Radar,2,27,43,43,115,0,0,31,2,33,2,27,74,45,148,42,6,48,196
03/03/2011,LNK,NE,ACE,CE,Towers with Radar,2,29,40,25,96,0,7,50,0,57,2,36,90,25,153,59,4,63,216
03/04/2011,LNK,NE,ACE,CE,Towers with Radar,2,29,26,12,69,0,7,4,2,13,2,36,30,14,82,22,0,22,104
03/05/2011,LNK,NE,ACE,CE,Towers with Radar,0,18,27,4,49,0,0,61,0,61,0,18,88,4,110,30,0,30,140
03/06/2011,LNK,NE,ACE,CE,Towers with Radar,0,21,15,9,45,0,0,42,1,43,0,21,57,10,88,87,14,101,189
03/07/2011,LNK,NE,ACE,CE,Towers with Radar,2,25,28,11,66,0,0,0,0,0,2,25,28,11,66,0,0,0,66
03/08/2011,LNK,NE,ACE,CE,Towers with Radar,2,20,12,0,34,0,0,0,0,0,2,20,12,0,34,0,0,0,34
03/09/2011,LNK,NE,ACE,CE,Towers with Radar,2,23,35,3,63,0,4,13,1,18,2,27,48,4,81,12,0,12,93
03/10/2011,LNK,NE,ACE,CE,Towers with Radar,2,26,43,4,75,0,1,60,4,65,2,27,103,8,140,49,2,51,191
03/11/2011,LNK,NE,ACE,CE,Towers with Radar,2,22,42,41,107,0,6,30,6,42,2,28,72,47,149,26,12,38,187
03/12/2011,LNK,NE,ACE,CE,Towers with Radar,0,23,31,2,56,0,3,59,0,62,0,26,90,2,118,52,0,52,170
03/13/2011,LNK,NE,ACE,CE,Towers with Radar,0,29,16,2,47,0,0,9,0,9,0,29,25,2,56,20,0,20,76
03/14/2011,LNK,NE,ACE,CE,Towers with Radar,2,40,46,13,101,0,2,40,0,42,2,42,86,13,143,44,10,54,197
03/15/2011,LNK,NE,ACE,CE,Towers with Radar,2,25,26,9,62,0,0,26,2,28,2,25,52,11,90,4,14,18,108
03/16/2011,LNK,NE,ACE,CE,Towers with Radar,2,27,45,47,121,0,4,27,5,36,2,31,72,52,157,43,26,69,226
03/17/2011,LNK,NE,ACE,CE,Towers with Radar,2,30,45,46,123,0,0,18,5,23,2,30,63,51,146,24,44,68,214
03/18/2011,LNK,NE,ACE,CE,Towers with Radar,2,27,40,17,86,0,4,51,1,56,2,31,91,18,142,65,4,69,211
03/19/2011,LNK,NE,ACE,CE,Towers with Radar,0,23,27,1,51,0,2,35,0,37,0,25,62,1,88,30,0,30,118
03/20/2011,LNK,NE,ACE,CE,Towers with Radar,0,19,17,6,42,0,5,25,1,31,0,24,42,7,73,26,0,26,99
03/21/2011,LNK,NE,ACE,CE,Towers with Radar,4,27,34,20,85,0,5,11,13,29,4,32,45,33,114,28,0,28,142
03/22/2011,LNK,NE,ACE,CE,Towers with Radar,2,20,33,8,63,0,7,18,0,25,2,27,51,8,88,10,8,18,106
03/23/2011,LNK,NE,ACE,CE,Towers with Radar,2,21,41,32,96,0,2,17,2,21,2,23,58,34,117,12,18,30,147
03/24/2011,LNK,NE,ACE,CE,Towers with Radar,2,38,39,11,90,0,3,40,1,44,2,41,79,12,134,64,6,70,204
03/25/2011,LNK,NE,ACE,CE,Towers with Radar,2,20,27,15,64,0,0,2,0,2,2,20,29,15,66,0,0,0,66
03/26/2011,LNK,NE,ACE,CE,Towers with Radar,0,24,14,0,38,0,0,0,0,0,0,24,14,0,38,0,0,0,38
03/27/2011,LNK,NE,ACE,CE,Towers with Radar,0,25,11,0,36,0,1,16,0,17,0,26,27,0,53,56,0,56,109
03/28/2011,LNK,NE,ACE,CE,Towers with Radar,2,27,23,8,60,0,0,7,0,7,2,27,30,8,67,0,0,0,67
03/29/2011,LNK,NE,ACE,CE,Towers with Radar,2,25,35,18,80,0,0,4,0,4,2,25,39,18,84,51,14,65,149
03/30/2011,LNK,NE,ACE,CE,Towers with Radar,2,33,50,23,108,0,6,13,2,21,2,39,63,25,129,2,8,10,139
03/31/2011,LNK,NE,ACE,CE,Towers with Radar,2,35,40,14,91,0,0,2,0,2,2,35,42,14,93,68,2,70,163
04/01/2011,LNK,NE,ACE,CE,Towers with Radar,2,30,21,20,73,0,5,43,4,52,2,35,64,24,125,58,10,68,193
04/02/2011,LNK,NE,ACE,CE,Towers with Radar,0,16,19,2,37,0,3,74,0,77,0,19,93,2,114,44,0,44,158
04/03/2011,LNK,NE,ACE,CE,Towers with Radar,0,21,18,2,41,0,0,25,0,25,0,21,43,2,66,8,0,8,74
04/04/2011,LNK,NE,ACE,CE,Towers with Radar,2,26,29,14,71,0,1,8,0,9,2,27,37,14,80,16,17,33,113
04/05/2011,LNK,NE,ACE,CE,Towers with Radar,2,32,21,18,73,0,0,41,0,41,2,32,62,18,114,19,0,19,133
04/06/2011,LNK,NE,ACE,CE,Towers with Radar,2,28,53,21,104,0,4,58,1,63,2,32,111,22,167,47,10,57,224
04/07/2011,LNK,NE,ACE,CE,Towers with Radar,2,27,27,17,73,0,4,11,6,21,2,31,38,23,94,8,4,12,106
04/08/2011,LNK,NE,ACE,CE,Towers with Radar,2,18,51,33,104,0,2,2,0,4,2,20,53,33,108,12,0,12,120
04/09/2011,LNK,NE,ACE,CE,Towers with Radar,0,15,13,2,30,0,13,27,0,40,0,28,40,2,70,38,0,38,108
04/10/2011,LNK,NE,ACE,CE,Towers with Radar,0,22,19,2,43,0,4,7,0,11,0,26,26,2,54,21,0,21,75
04/11/2011,LNK,NE,ACE,CE,Towers with Radar,2,27,39,3,71,0,2,44,0,46,2,29,83,3,117,60,0,60,177
04/12/2011,LNK,NE,ACE,CE,Towers with Radar,2,24,36,53,115,0,0,50,6,56,2,24,86,59,171,57,17,74,245
04/13/2011,LNK,NE,ACE,CE,Towers with Radar,2,24,29,39,94,0,2,18,5,25,2,26,47,44,119,0,8,8,127
04/14/2011,LNK,NE,ACE,CE,Towers with Radar,2,24,28,11,65,0,2,11,4,17,2,26,39,15,82,6,16,22,104
04/15/2011,LNK,NE,ACE,CE,Towers with Radar,2,18,17,30,67,0,0,0,0,0,2,18,17,30,67,0,0,0,67
04/16/2011,LNK,NE,ACE,CE,Towers with Radar,0,20,38,7,65,0,2,76,0,78,0,22,114,7,143,54,2,56,199
04/17/2011,LNK,NE,ACE,CE,Towers with Radar,0,22,35,0,57,0,4,44,0,48,0,26,79,0,105,59,0,59,164
04/18/2011,LNK,NE,ACE,CE,Towers with Radar,2,24,42,8,76,0,4,13,0,17,2,28,55,8,93,18,0,18,111
04/19/2011,LNK,NE,ACE,CE,Towers with Radar,4,32,48,12,96,0,0,3,0,3,4,32,51,12,99,33,12,45,144
04/20/2011,LNK,NE,ACE,CE,Towers with Radar,2,27,51,21,101,0,0,58,0,58,2,27,109,21,159,101,8,109,268
04/21/2011,LNK,NE,ACE,CE,Towers with Radar,2,36,38,29,105,0,7,20,2,29,2,43,58,31,134,10,10,20,154
04/22/2011,LNK,NE,ACE,CE,Towers with Radar,2,29,42,9,82,0,5,23,0,28,2,34,65,9,110,26,12,38,148
04/23/2011,LNK,NE,ACE,CE,Towers with Radar,0,20,25,0,45,0,2,46,0,48,0,22,71,0,93,56,0,56,149
04/24/2011,LNK,NE,ACE,CE,Towers with Radar,0,24,23,0,47,0,2,19,0,21,0,26,42,0,68,42,0,42,110
04/25/2011,LNK,NE,ACE,CE,Towers with Radar,3,29,33,45,110,0,0,12,0,12,3,29,45,45,122,27,6,33,155
04/26/2011,LNK,NE,ACE,CE,Towers with Radar,2,28,38,40,108,0,7,24,0,31,2,35,62,40,139,50,42,92,231
04/27/2011,LNK,NE,ACE,CE,Towers with Radar,2,29,58,51,140,0,3,35,0,38,2,32,93,51,178,18,20,38,216
04/28/2011,LNK,NE,ACE,CE,Towers with Radar,2,32,32,52,118,0,7,51,5,63,2,39,83,57,181,130,22,152,333
04/29/2011,LNK,NE,ACE,CE,Towers with Radar,4,32,32,22,90,0,5,19,0,24,4,37,51,22,114,29,4,33,147
04/30/2011,LNK,NE,ACE,CE,Towers with Radar,0,28,20,2,50,0,4,29,0,33,0,32,49,2,83,8,0,8,91
05/01/2011,LNK,NE,ACE,CE,Towers with Radar,0,23,28,25,76,0,2,33,0,35,0,25,61,25,111,48,0,48,159
05/02/2011,LNK,NE,ACE,CE,Towers with Radar,2,29,49,28,108,0,7,41,3,51,2,36,90,31,159,62,18,80,239
05/03/2011,LNK,NE,ACE,CE,Towers with Radar,2,36,43,11,92,0,10,70,1,81,2,46,113,12,173,62,2,64,237
05/04/2011,LNK,NE,ACE,CE,Towers with Radar,2,31,34,25,92,0,0,22,3,25,2,31,56,28,117,12,16,28,145
05/05/2011,LNK,NE,ACE,CE,Towers with Radar,2,29,24,26,81,0,6,38,0,44,2,35,62,26,125,92,16,108,233
05/06/2011,LNK,NE,ACE,CE,Towers with Radar,2,25,34,41,102,0,0,49,1,50,2,25,83,42,152,50,8,58,210
05/07/2011,LNK,NE,ACE,CE,Towers with Radar,0,21,27,1,49,0,5,71,0,76,0,26,98,1,125,60,0,60,185
05/08/2011,LNK,NE,ACE,CE,Towers with Radar,0,31,19,2,52,0,9,20,0,29,0,40,39,2,81,66,0,66,147
05/09/2011,LNK,NE,ACE,CE,Towers with Radar,2,28,44,68,142,0,9,23,4,36,2,37,67,72,178,28,26,54,232
05/10/2011,LNK,NE,ACE,CE,Towers with Radar,2,41,41,70,154,0,7,38,6,51,2,48,79,76,205,42,33,75,280
05/11/2011,LNK,NE,ACE,CE,Towers with Radar,2,31,32,30,95,0,2,12,3,17,2,33,44,33,112,36,16,52,164
05/12/2011,LNK,NE,ACE,CE,Towers with Radar,2,28,31,25,86,0,3,14,7,24,2,31,45,32,110,45,14,59,169
05/13/2011,LNK,NE,ACE,CE,Towers with Radar,2,23,32,35,92,0,3,4,1,8,2,26,36,36,100,4,4,8,108
05/14/2011,LNK,NE,ACE,CE,Towers with Radar,0,20,23,2,45,0,3,11,1,15,0,23,34,3,60,6,0,6,66
05/15/2011,LNK,NE,ACE,CE,Towers with Radar,0,18,31,5,54,0,6,11,0,17,0,24,42,5,71,38,0,38,109
05/16/2011,LNK,NE,ACE,CE,Towers with Radar,2,29,55,18,104,0,9,72,0,81,2,38,127,18,185,166,4,170,355
05/17/2011,LNK,NE,ACE,CE,Towers with Radar,2,23,48,15,88,0,6,71,3,80,2,29,119,18,168,52,0,52,220
05/18/2011,LNK,NE,ACE,CE,Towers with Radar,4,27,32,1,64,0,31,35,0,66,4,58,67,1,130,27,0,27,157
05/19/2011,LNK,NE,ACE,CE,Towers with Radar,2,29,50,6,87,0,3,9,3,15,2,32,59,9,102,18,0,18,120
05/20/2011,LNK,NE,ACE,CE,Towers with Radar,2,21,16,14,53,0,0,1,0,1,2,21,17,14,54,4,0,4,58
05/21/2011,LNK,NE,ACE,CE,Towers with Radar,0,20,17,2,39,0,4,14,0,18,0,24,31,2,57,14,0,14,71
05/22/2011,LNK,NE,ACE,CE,Towers with Radar,0,30,16,2,48,0,7,27,0,34,0,37,43,2,82,0,0,0,82
05/23/2011,LNK,NE,ACE,CE,Towers with Radar,2,34,22,27,85,0,1,56,1,58,2,35,78,28,143,102,6,108,251
05/24/2011,LNK,NE,ACE,CE,Towers with Radar,4,28,33,8,73,0,7,10,0,17,4,35,43,8,90,46,4,50,140
05/25/2011,LNK,NE,ACE,CE,Towers with Radar,2,22,39,40,103,0,1,4,0,5,2,23,43,40,108,12,10,22,130
05/26/2011,LNK,NE,ACE,CE,Towers with Radar,2,33,56,18,109,0,7,96,3,106,2,40,152,21,215,47,14,61,276
05/27/2011,LNK,NE,ACE,CE,Towers with Radar,4,27,44,2,77,0,1,14,2,17,4,28,58,4,94,60,0,60,154
05/28/2011,LNK,NE,ACE,CE,Towers with Radar,1,17,20,1,39,0,11,30,0,41,1,28,50,1,80,21,0,21,101
05/29/2011,LNK,NE,ACE,CE,Towers with Radar,1,19,16,0,36,0,6,3,0,9,1,25,19,0,45,8,0,8,53
05/30/2011,LNK,NE,ACE,CE,Towers with Radar,0,25,17,0,42,0,13,2,0,15,0,38,19,0,57,0,0,0,57
05/31/2011,LNK,NE,ACE,CE,Towers with Radar,2,27,29,17,75,0,7,50,4,61,2,34,79,21,136,32,32,64,200
06/01/2011,LNK,NE,ACE,CE,Towers with Radar,2,32,33,25,92,0,0,56,1,57,2,32,89,26,149,50,0,50,199
06/02/2011,LNK,NE,ACE,CE,Towers with Radar,2,33,50,46,131,0,4,49,1,54,2,37,99,47,185,35,12,47,232
06/03/2011,LNK,NE,ACE,CE,Towers with Radar,2,26,26,55,109,0,12,40,3,55,2,38,66,58,164,24,16,40,204
06/04/2011,LNK,NE,ACE,CE,Towers with Radar,0,15,23,2,40,0,1,31,0,32,0,16,54,2,72,38,2,40,112
06/05/2011,LNK,NE,ACE,CE,Towers with Radar,0,29,29,7,65,0,4,57,3,64,0,33,86,10,129,56,2,58,187
06/06/2011,LNK,NE,ACE,CE,Towers with Radar,2,39,26,30,97,0,2,41,6,49,2,41,67,36,146,31,34,65,211
06/07/2011,LNK,NE,ACE,CE,Towers with Radar,2,49,38,11,100,0,16,30,1,47,2,65,68,12,147,6,0,6,153
06/08/2011,LNK,NE,ACE,CE,Towers with Radar,2,39,52,26,119,0,9,57,0,66,2,48,109,26,185,86,8,94,279
06/09/2011,LNK,NE,ACE,CE,Towers with Radar,0,27,29,26,82,0,11,10,2,23,0,38,39,28,105,0,2,2,107
06/10/2011,LNK,NE,ACE,CE,Towers with Radar,0,28,42,11,81,0,0,2,1,3,0,28,44,12,84,0,0,0,84
06/11/2011,LNK,NE,ACE,CE,Towers with Radar,0,23,23,12,58,0,13,54,1,68,0,36,77,13,126,64,6,70,196
06/12/2011,LNK,NE,ACE,CE,Towers with Radar,0,24,33,2,59,0,11,31,0,42,0,35,64,2,101,12,0,12,113
06/13/2011,LNK,NE,ACE,CE,Towers with Radar,0,29,32,4,65,0,4,13,0,17,0,33,45,4,82,19,0,19,101
06/14/2011,LNK,NE,ACE,CE,Towers with Radar,0,33,43,7,83,0,1,20,1,22,0,34,63,8,105,14,0,14,119
06/15/2011,LNK,NE,ACE,CE,Towers with Radar,0,33,50,31,114,0,3,62,5,70,0,36,112,36,184,44,28,72,256
06/16/2011,LNK,NE,ACE,CE,Towers with Radar,2,29,50,8,89,0,6,37,2,45,2,35,87,10,134,63,4,67,201
06/17/2011,LNK,NE,ACE,CE,Towers with Radar,0,28,28,8,64,0,8,40,6,54,0,36,68,14,118,68,8,76,194
06/18/2011,LNK,NE,ACE,CE,Towers with Radar,0,28,23,4,55,0,2,46,6,54,0,30,69,10,109,100,0,100,209
06/19/2011,LNK,NE,ACE,CE,Towers with Radar,0,25,31,2,58,0,6,24,5,35,0,31,55,7,93,14,0,14,107
06/20/2011,LNK,NE,ACE,CE,Towers with Radar,0,24,33,0,57,0,4,13,4,21,0,28,46,4,78,2,0,2,80
06/21/2011,LNK,NE,ACE,CE,Towers with Radar,2,30,36,11,79,0,2,2,7,11,2,32,38,18,90,0,0,0,90
06/22/2011,LNK,NE,ACE,CE,Towers with Radar,0,37,50,20,107,0,10,26,7,43,0,47,76,27,150,0,7,7,157
06/23/2011,LNK,NE,ACE,CE,Towers with Radar,0,35,53,62,150,0,2,55,14,71,0,37,108,76,221,30,64,94,315
06/24/2011,LNK,NE,ACE,CE,Towers with Radar,2,34,38,14,88,0,4,54,8,66,2,38,92,22,154,111,8,119,273
06/25/2011,LNK,NE,ACE,CE,Towers with Radar,0,30,32,3,65,0,10,27,4,41,0,40,59,7,106,17,0,17,123
06/26/2011,LNK,NE,ACE,CE,Towers with Radar,0,28,61,0,89,0,1,2,2,5,0,29,63,2,94,19,0,19,113
06/27/2011,LNK,NE,ACE,CE,Towers with Radar,0,34,53,23,110,0,4,42,10,56,0,38,95,33,166,22,10,32,198
06/28/2011,LNK,NE,ACE,CE,Towers with Radar,0,37,57,23,117,0,0,83,9,92,0,37,140,32,209,140,10,150,359
06/29/2011,LNK,NE,ACE,CE,Towers with Radar,0,37,56,29,122,0,2,48,10,60,0,39,104,39,182,52,12,64,246
06/30/2011,LNK,NE,ACE,CE,Towers with Radar,0,33,50,59,142,0,2,37,7,46,0,35,87,66,188,32,42,74,262
07/01/2011,LNK,NE,ACE,CE,Towers with Radar,0,25,39,3,67,0,0,35,7,42,0,25,74,10,109,24,0,24,133
07/02/2011,LNK,NE,ACE,CE,Towers with Radar,0,21,14,5,40,0,0,28,0,28,0,21,42,5,68,22,0,22,90
07/03/2011,LNK,NE,ACE,CE,Towers with Radar,0,17,13,1,31,0,2,24,0,26,0,19,37,1,57,10,0,10,67
07/04/2011,LNK,NE,ACE,CE,Towers with Radar,1,23,21,0,45,0,4,29,0,33,1,27,50,0,78,14,0,14,92
07/05/2011,LNK,NE,ACE,CE,Towers with Radar,3,38,27,10,78,0,0,28,4,32,3,38,55,14,110,28,4,32,142
07/06/2011,LNK,NE,ACE,CE,Towers with Radar,6,31,57,24,118,0,14,46,9,69,6,45,103,33,187,72,29,101,288
07/07/2011,LNK,NE,ACE,CE,Towers with Radar,0,39,59,27,125,0,2,27,5,34,0,41,86,32,159,56,22,78,237
07/08/2011,LNK,NE,ACE,CE,Towers with Radar,0,36,50,48,134,0,11,48,2,61,0,47,98,50,195,73,8,81,276
07/09/2011,LNK,NE,ACE,CE,Towers with Radar,0,31,25,9,65,0,7,47,1,55,0,38,72,10,120,25,2,27,147
07/10/2011,LNK,NE,ACE,CE,Towers with Radar,0,40,37,2,79,0,0,43,2,45,0,40,80,4,124,20,0,20,144
07/11/2011,LNK,NE,ACE,CE,Towers with Radar,0,37,38,26,101,0,2,34,1,37,0,39,72,27,138,60,0,60,198
07/12/2011,LNK,NE,ACE,CE,Towers with Radar,0,45,63,4,112,0,3,32,5,40,0,48,95,9,152,24,4,28,180
07/13/2011,LNK,NE,ACE,CE,Towers with Radar,0,37,35,39,111,0,9,43,7,59,0,46,78,46,170,29,44,73,243
07/14/2011,LNK,NE,ACE,CE,Towers with Radar,0,28,35,47,110,0,4,35,10,49,0,32,70,57,159,84,47,131,290
07/15/2011,LNK,NE,ACE,CE,Towers with Radar,0,39,44,50,133,0,5,48,2,55,0,44,92,52,188,80,11,91,279
07/16/2011,LNK,NE,ACE,CE,Towers with Radar,0,23,20,8,51,0,2,26,0,28,0,25,46,8,79,26,0,26,105
07/17/2011,LNK,NE,ACE,CE,Towers with Radar,0,31,24,1,56,0,0,30,0,30,0,31,54,1,86,2,0,2,88
07/18/2011,LNK,NE,ACE,CE,Towers with Radar,0,35,56,51,142,0,6,26,2,34,0,41,82,53,176,118,16,134,310
07/19/2011,LNK,NE,ACE,CE,Towers with Radar,0,34,59,19,112,0,3,46,4,53,0,37,105,23,165,105,10,115,280
07/20/2011,LNK,NE,ACE,CE,Towers with Radar,0,38,37,30,105,0,7,38,8,53,0,45,75,38,158,46,15,61,219
07/21/2011,LNK,NE,ACE,CE,Towers with Radar,0,30,43,12,85,0,2,34,6,42,0,32,77,18,127,35,6,41,168
07/22/2011,LNK,NE,ACE,CE,Towers with Radar,0,36,37,30,103,0,5,50,3,58,0,41,87,33,161,49,15,64,225
07/23/2011,LNK,NE,ACE,CE,Towers with Radar,0,20,15,18,53,0,0,25,2,27,0,20,40,20,80,42,0,42,122
07/24/2011,LNK,NE,ACE,CE,Towers with Radar,0,29,28,4,61,0,9,25,0,34,0,38,53,4,95,18,0,18,113
07/25/2011,LNK,NE,ACE,CE,Towers with Radar,0,30,49,12,91,0,1,45,4,50,0,31,94,16,141,38,2,40,181
07/26/2011,LNK,NE,ACE,CE,Towers with Radar,0,31,50,23,104,0,4,53,4,61,0,35,103,27,165,118,16,134,299
07/27/2011,LNK,NE,ACE,CE,Towers with Radar,0,36,51,19,106,0,9,51,0,60,0,45,102,19,166,77,4,81,247
07/28/2011,LNK,NE,ACE,CE,Towers with Radar,0,35,34,7,76,0,0,27,0,27,0,35,61,7,103,38,0,38,141
07/29/2011,LNK,NE,ACE,CE,Towers with Radar,0,30,50,18,98,0,4,27,6,37,0,34,77,24,135,50,0,50,185
07/30/2011,LNK,NE,ACE,CE,Towers with Radar,0,22,25,2,49,0,11,41,1,53,0,33,66,3,102,58,0,58,160
07/31/2011,LNK,NE,ACE,CE,Towers with Radar,0,30,32,39,101,0,4,47,3,54,0,34,79,42,155,70,22,92,247
08/01/2011,LNK,NE,ACE,CE,Towers with Radar,0,29,33,46,108,0,4,28,1,33,0,33,61,47,141,30,12,42,183
08/02/2011,LNK,NE,ACE,CE,Towers with Radar,0,34,31,32,97,0,10,43,6,59,0,44,74,38,156,94,26,120,276
08/03/2011,LNK,NE,ACE,CE,Towers with Radar,0,33,47,47,127,0,18,69,5,92,0,51,116,52,219,131,20,151,370
08/04/2011,LNK,NE,ACE,CE,Towers with Radar,0,45,46,18,109,0,1,16,3,20,0,46,62,21,129,68,19,87,216
08/05/2011,LNK,NE,ACE,CE,Towers with Radar,0,38,55,23,116,0,5,12,3,20,0,43,67,26,136,18,4,22,158
08/06/2011,LNK,NE,ACE,CE,Towers with Radar,0,29,32,0,61,0,4,21,0,25,0,33,53,0,86,26,0,26,112
08/07/2011,LNK,NE,ACE,CE,Towers with Radar,0,29,40,2,71,0,5,40,4,49,0,34,80,6,120,38,0,38,158
08/08/2011,LNK,NE,ACE,CE,Towers with Radar,0,50,53,9,112,0,5,59,4,68,0,55,112,13,180,45,0,45,225
08/09/2011,LNK,NE,ACE,CE,Towers with Radar,0,40,36,29,105,0,6,39,1,46,0,46,75,30,151,48,42,90,241
08/10/2011,LNK,NE,ACE,CE,Towers with Radar,0,29,52,25,106,0,2,34,7,43,0,31,86,32,149,71,26,97,246
08/11/2011,LNK,NE,ACE,CE,Towers with Radar,2,37,56,22,117,0,2,49,9,60,2,39,105,31,177,30,22,52,229
08/12/2011,LNK,NE,ACE,CE,Towers with Radar,0,39,29,16,84,0,0,47,5,52,0,39,76,21,136,16,23,39,175
08/13/2011,LNK,NE,ACE,CE,Towers with Radar,0,31,37,3,71,0,9,74,0,83,0,40,111,3,154,50,0,50,204
08/14/2011,LNK,NE,ACE,CE,Towers with Radar,0,26,23,4,53,0,0,38,2,40,0,26,61,6,93,38,0,38,131
08/15/2011,LNK,NE,ACE,CE,Towers with Radar,0,30,29,14,73,0,6,34,2,42,0,36,63,16,115,32,4,36,151
08/16/2011,LNK,NE,ACE,CE,Towers with Radar,0,32,40,7,79,0,2,6,1,9,0,34,46,8,88,20,0,20,108
08/17/2011,LNK,NE,ACE,CE,Towers with Radar,0,25,36,15,76,0,0,31,0,31,0,25,67,15,107,32,0,32,139
08/18/2011,LNK,NE,ACE,CE,Towers with Radar,3,35,53,14,105,0,5,42,5,52,3,40,95,19,157,47,5,52,209
08/19/2011,LNK,NE,ACE,CE,Towers with Radar,1,30,52,14,97,0,15,41,0,56,1,45,93,14,153,32,14,46,199
08/20/2011,LNK,NE,ACE,CE,Towers with Radar,0,15,37,4,56,0,11,27,1,39,0,26,64,5,95,48,0,48,143
08/21/2011,LNK,NE,ACE,CE,Towers with Radar,0,21,27,13,61,0,2,39,1,42,0,23,66,14,103,68,6,74,177
08/22/2011,LNK,NE,ACE,CE,Towers with Radar,1,36,46,33,116,0,4,20,0,24,1,40,66,33,140,28,46,74,214
08/23/2011,LNK,NE,ACE,CE,Towers with Radar,0,33,39,24,96,0,6,46,2,54,0,39,85,26,150,30,8,38,188
08/24/2011,LNK,NE,ACE,CE,Towers with Radar,0,35,49,50,134,0,8,45,3,56,0,43,94,53,190,48,34,82,272
08/25/2011,LNK,NE,ACE,CE,Towers with Radar,0,37,48,24,109,0,2,58,5,65,0,39,106,29,174,44,0,44,218
08/26/2011,LNK,NE,ACE,CE,Towers with Radar,3,50,57,34,144,0,7,42,2,51,3,57,99,36,195,35,20,55,250
08/27/2011,LNK,NE,ACE,CE,Towers with Radar,0,19,33,1,53,0,0,34,0,34,0,19,67,1,87,20,0,20,107
08/28/2011,LNK,NE,ACE,CE,Towers with Radar,0,19,21,2,42,0,2,34,1,37,0,21,55,3,79,30,0,30,109
08/29/2011,LNK,NE,ACE,CE,Towers with Radar,0,34,44,32,110,0,3,38,2,43,0,37,82,34,153,46,0,46,199
08/30/2011,LNK,NE,ACE,CE,Towers with Radar,0,26,53,6,85,0,2,27,0,29,0,28,80,6,114,17,0,17,131
08/31/2011,LNK,NE,ACE,CE,Towers with Radar,0,26,34,49,109,0,4,32,2,38,0,30,66,51,147,26,48,74,221
09/01/2011,LNK,NE,ACE,CE,Towers with Radar,0,28,37,66,131,0,15,25,6,46,0,43,62,72,177,50,32,82,259
09/02/2011,LNK,NE,ACE,CE,Towers with Radar,1,27,51,21,100,0,3,35,0,38,1,30,86,21,138,38,7,45,183
09/03/2011,LNK,NE,ACE,CE,Towers with Radar,1,13,42,0,56,0,15,16,4,35,1,28,58,4,91,0,2,2,93
09/04/2011,LNK,NE,ACE,CE,Towers with Radar,0,21,26,1,48,0,5,60,0,65,0,26,86,1,113,14,0,14,127
09/05/2011,LNK,NE,ACE,CE,Towers with Radar,0,25,25,3,53,0,10,71,0,81,0,35,96,3,134,52,0,52,186
09/06/2011,LNK,NE,ACE,CE,Towers with Radar,0,33,27,14,74,0,9,32,1,42,0,42,59,15,116,66,4,70,186
09/07/2011,LNK,NE,ACE,CE,Towers with Radar,0,34,36,29,99,0,3,47,2,52,0,37,83,31,151,73,6,79,230
09/08/2011,LNK,NE,ACE,CE,Towers with Radar,0,27,32,13,72,0,3,45,5,53,0,30,77,18,125,24,0,24,149
09/09/2011,LNK,NE,ACE,CE,Towers with Radar,2,23,38,24,87,0,11,35,11,57,2,34,73,35,144,59,16,75,219
09/10/2011,LNK,NE,ACE,CE,Towers with Radar,0,16,33,2,51,0,5,42,5,52,0,21,75,7,103,25,0,25,128
09/11/2011,LNK,NE,ACE,CE,Towers with Radar,1,25,31,10,67,0,7,47,5,59,1,32,78,15,126,6,0,6,132
09/12/2011,LNK,NE,ACE,CE,Towers with Radar,0,33,45,61,139,0,16,34,3,53,0,49,79,64,192,30,40,70,262
09/13/2011,LNK,NE,ACE,CE,Towers with Radar,0,26,28,41,95,0,1,31,2,34,0,27,59,43,129,44,24,68,197
09/14/2011,LNK,NE,ACE,CE,Towers with Radar,0,31,41,43,115,0,5,15,1,21,0,36,56,44,136,22,18,40,176
09/15/2011,LNK,NE,ACE,CE,Towers with Radar,1,36,34,55,126,0,0,17,4,21,1,36,51,59,147,51,5,56,203
09/16/2011,LNK,NE,ACE,CE,Towers with Radar,0,41,61,10,112,0,0,10,3,13,0,41,71,13,125,60,0,60,185
09/17/2011,LNK,NE,ACE,CE,Towers with Radar,2,24,75,12,113,0,0,0,0,0,2,24,75,12,113,0,0,0,113
09/18/2011,LNK,NE,ACE,CE,Towers with Radar,0,35,31,3,69,0,1,14,0,15,0,36,45,3,84,47,0,47,131
09/19/2011,LNK,NE,ACE,CE,Towers with Radar,0,39,32,36,107,0,0,30,3,33,0,39,62,39,140,72,14,86,226
09/20/2011,LNK,NE,ACE,CE,Towers with Radar,0,39,35,30,104,0,2,30,2,34,0,41,65,32,138,19,10,29,167
09/21/2011,LNK,NE,ACE,CE,Towers with Radar,0,29,40,26,95,0,2,39,9,50,0,31,79,35,145,40,16,56,201
09/22/2011,LNK,NE,ACE,CE,Towers with Radar,0,33,49,17,99,0,3,53,2,58,0,36,102,19,157,103,4,107,264
09/23/2011,LNK,NE,ACE,CE,Towers with Radar,2,29,43,37,111,0,4,33,2,39,2,33,76,39,150,45,35,80,230
09/24/2011,LNK,NE,ACE,CE,Towers with Radar,0,23,14,29,66,0,3,47,0,50,0,26,61,29,116,66,4,70,186
09/25/2011,LNK,NE,ACE,CE,Towers with Radar,0,26,51,14,91,0,3,54,0,57,0,29,105,14,148,10,0,10,158
09/26/2011,LNK,NE,ACE,CE,Towers with Radar,0,32,31,14,77,0,5,42,2,49,0,37,73,16,126,0,4,4,130
09/27/2011,LNK,NE,ACE,CE,Towers with Radar,0,32,21,49,102,0,7,45,1,53,0,39,66,50,155,50,0,50,205
09/28/2011,LNK,NE,ACE,CE,Towers with Radar,0,30,32,23,85,0,4,44,3,51,0,34,76,26,136,83,24,107,243
09/29/2011,LNK,NE,ACE,CE,Towers with Radar,4,34,17,3,58,0,5,32,2,39,4,39,49,5,97,22,18,40,137
09/30/2011,LNK,NE,ACE,CE,Towers with Radar,4,39,37,5,85,0,10,58,2,70,4,49,95,7,155,60,0,60,215
10/01/2011,LNK,NE,ACE,CE,Towers with Radar,1,12,21,0,34,0,13,46,0,59,1,25,67,0,93,14,0,14,107
10/02/2011,LNK,NE,ACE,CE,Towers with Radar,6,33,39,1,79,0,17,62,0,79,6,50,101,1,158,70,0,70,228
10/03/2011,LNK,NE,ACE,CE,Towers with Radar,1,27,22,4,54,0,3,29,0,32,1,30,51,4,86,16,4,20,106
10/04/2011,LNK,NE,ACE,CE,Towers with Radar,0,34,33,21,88,0,13,43,0,56,0,47,76,21,144,48,20,68,212
10/05/2011,LNK,NE,ACE,CE,Towers with Radar,0,30,29,27,86,0,4,30,3,37,0,34,59,30,123,52,16,68,191
10/06/2011,LNK,NE,ACE,CE,Towers with Radar,0,39,46,44,129,0,3,17,2,22,0,42,63,46,151,0,10,10,161
10/07/2011,LNK,NE,ACE,CE,Towers with Radar,2,40,66,15,123,0,0,9,3,12,2,40,75,18,135,0,0,0,135
10/08/2011,LNK,NE,ACE,CE,Towers with Radar,1,32,62,2,97,0,0,20,2,22,1,32,82,4,119,18,0,18,137
10/09/2011,LNK,NE,ACE,CE,Towers with Radar,0,31,49,0,80,0,4,22,1,27,0,35,71,1,107,0,0,0,107
10/10/2011,LNK,NE,ACE,CE,Towers with Radar,0,36,32,2,70,0,3,28,0,31,0,39,60,2,101,30,0,30,131
10/11/2011,LNK,NE,ACE,CE,Towers with Radar,0,26,31,16,73,0,2,23,1,26,0,28,54,17,99,108,0,108,207
10/12/2011,LNK,NE,ACE,CE,Towers with Radar,0,24,32,17,73,0,0,15,0,15,0,24,47,17,88,21,4,25,113
10/13/2011,LNK,NE,ACE,CE,Towers with Radar,0,30,45,22,97,0,13,49,1,63,0,43,94,23,160,55,20,75,235
10/14/2011,LNK,NE,ACE,CE,Towers with Radar,2,36,43,21,102,0,1,33,1,35,2,37,76,22,137,18,25,43,180
10/15/2011,LNK,NE,ACE,CE,Towers with Radar,0,14,27,2,43,0,6,66,0,72,0,20,93,2,115,41,0,41,156
10/16/2011,LNK,NE,ACE,CE,Towers with Radar,0,20,26,5,51,0,7,43,2,52,0,27,69,7,103,26,0,26,129
10/17/2011,LNK,NE,ACE,CE,Towers with Radar,0,27,22,31,80,0,9,11,2,22,0,36,33,33,102,42,24,66,168
10/18/2011,LNK,NE,ACE,CE,Towers with Radar,2,31,29,41,103,0,2,17,1,20,2,33,46,42,123,18,42,60,183
10/19/2011,LNK,NE,ACE,CE,Towers with Radar,0,23,43,41,107,0,4,43,2,49,0,27,86,43,156,48,10,58,214
10/20/2011,LNK,NE,ACE,CE,Towers with Radar,0,30,46,18,94,0,10,62,0,72,0,40,108,18,166,84,10,94,260
10/21/2011,LNK,NE,ACE,CE,Towers with Radar,4,26,53,22,105,0,4,43,2,49,4,30,96,24,154,92,6,98,252
10/22/2011,LNK,NE,ACE,CE,Towers with Radar,2,22,32,1,57,0,1,28,0,29,2,23,60,1,86,40,0,40,126
10/23/2011,LNK,NE,ACE,CE,Towers with Radar,1,24,29,0,54,0,6,51,0,57,1,30,80,0,111,22,0,22,133
10/24/2011,LNK,NE,ACE,CE,Towers with Radar,0,29,25,37,91,0,5,22,1,28,0,34,47,38,119,32,36,68,187
10/25/2011,LNK,NE,ACE,CE,Towers with Radar,0,28,38,58,124,0,2,23,1,26,0,30,61,59,150,22,29,51,201
10/26/2011,LNK,NE,ACE,CE,Towers with Radar,0,25,40,34,99,0,6,10,1,17,0,31,50,35,116,22,44,66,182
10/27/2011,LNK,NE,ACE,CE,Towers with Radar,1,37,44,28,110,0,9,67,9,85,1,46,111,37,195,111,18,129,324
10/28/2011,LNK,NE,ACE,CE,Towers with Radar,6,26,49,21,102,0,1,49,1,51,6,27,98,22,153,73,8,81,234
10/29/2011,LNK,NE,ACE,CE,Towers with Radar,3,19,73,15,110,0,7,34,1,42,3,26,107,16,152,0,0,0,152
10/30/2011,LNK,NE,ACE,CE,Towers with Radar,0,21,32,4,57,0,1,38,1,40,0,22,70,5,97,36,0,36,133
10/31/2011,LNK,NE,ACE,CE,Towers with Radar,0,29,30,6,65,0,13,36,0,49,0,42,66,6,114,104,0,104,218
11/01/2011,LNK,NE,ACE,CE,Towers with Radar,0,32,36,42,110,0,0,42,4,46,0,32,78,46,156,56,60,116,272
11/02/2011,LNK,NE,ACE,CE,Towers with Radar,0,26,13,17,56,0,2,0,1,3,0,28,13,18,59,0,4,4,63
11/03/2011,LNK,NE,ACE,CE,Towers with Radar,1,34,51,30,116,0,13,40,3,56,1,47,91,33,172,47,8,55,227
11/04/2011,LNK,NE,ACE,CE,Towers with Radar,3,31,44,28,106,0,0,24,3,27,3,31,68,31,133,2,14,16,149
11/05/2011,LNK,NE,ACE,CE,Towers with Radar,2,23,53,1,79,0,6,24,2,32,2,29,77,3,111,0,0,0,111
11/06/2011,LNK,NE,ACE,CE,Towers with Radar,0,20,35,2,57,0,2,51,0,53,0,22,86,2,110,56,0,56,166
11/07/2011,LNK,NE,ACE,CE,Towers with Radar,0,35,30,27,92,0,3,7,2,12,0,38,37,29,104,38,42,80,184
11/08/2011,LNK,NE,ACE,CE,Towers with Radar,0,27,28,24,79,0,0,1,0,1,0,27,29,24,80,22,14,36,116
11/09/2011,LNK,NE,ACE,CE,Towers with Radar,2,23,25,29,79,0,4,30,6,40,2,27,55,35,119,29,14,43,162
11/10/2011,LNK,NE,ACE,CE,Towers with Radar,0,30,33,31,94,0,4,27,12,43,0,34,60,43,137,94,12,106,243
11/11/2011,LNK,NE,ACE,CE,Towers with Radar,2,24,48,0,74,0,11,43,0,54,2,35,91,0,128,83,0,83,211
11/12/2011,LNK,NE,ACE,CE,Towers with Radar,4,21,25,1,51,0,1,38,0,39,4,22,63,1,90,48,0,48,138
11/13/2011,LNK,NE,ACE,CE,Towers with Radar,0,32,14,1,47,0,5,25,0,30,0,37,39,1,77,24,0,24,101
11/14/2011,LNK,NE,ACE,CE,Towers with Radar,0,29,40,15,84,0,3,31,3,37,0,32,71,18,121,18,16,34,155
11/15/2011,LNK,NE,ACE,CE,Towers with Radar,0,37,33,21,91,0,4,28,6,38,0,41,61,27,129,30,42,72,201
11/16/2011,LNK,NE,ACE,CE,Towers with Radar,0,30,34,30,94,0,6,30,5,41,0,36,64,35,135,54,28,82,217
11/17/2011,LNK,NE,ACE,CE,Towers with Radar,0,23,49,29,101,0,0,44,1,45,0,23,93,30,146,11,26,37,183
11/18/2011,LNK,NE,ACE,CE,Towers with Radar,4,33,59,33,129,0,0,23,3,26,4,33,82,36,155,26,14,40,195
11/19/2011,LNK,NE,ACE,CE,Towers with Radar,4,20,24,1,49,0,6,6,0,12,4,26,30,1,61,0,0,0,61
11/20/2011,LNK,NE,ACE,CE,Towers with Radar,4,22,22,5,53,0,0,44,0,44,4,22,66,5,97,128,0,128,225
11/21/2011,LNK,NE,ACE,CE,Towers with Radar,0,31,42,48,121,0,9,23,0,32,0,40,65,48,153,52,46,98,251
11/22/2011,LNK,NE,ACE,CE,Towers with Radar,0,31,41,30,102,0,0,23,1,24,0,31,64,31,126,12,6,18,144
11/23/2011,LNK,NE,ACE,CE,Towers with Radar,2,28,37,17,84,0,10,57,4,71,2,38,94,21,155,24,2,26,181
11/24/2011,LNK,NE,ACE,CE,Towers with Radar,1,10,12,0,23,0,5,26,0,31,1,15,38,0,54,14,0,14,68
11/25/2011,LNK,NE,ACE,CE,Towers with Radar,1,20,115,0,136,0,4,19,0,23,1,24,134,0,159,0,0,0,159
11/26/2011,LNK,NE,ACE,CE,Towers with Radar,0,22,22,0,44,0,13,4,0,17,0,35,26,0,61,0,0,0,61
11/27/2011,LNK,NE,ACE,CE,Towers with Radar,0,31,32,0,63,0,0,52,0,52,0,31,84,0,115,14,0,14,129
11/28/2011,LNK,NE,ACE,CE,Towers with Radar,0,28,35,17,80,0,0,25,1,26,0,28,60,18,106,8,6,14,120
11/29/2011,LNK,NE,ACE,CE,Towers with Radar,1,25,33,32,91,0,8,30,0,38,1,33,63,32,129,43,16,59,188
11/30/2011,LNK,NE,ACE,CE,Towers with Radar,1,29,52,51,133,0,1,36,4,41,1,30,88,55,174,4,62,66,240
12/01/2011,LNK,NE,ACE,CE,Towers with Radar,0,29,42,62,133,0,3,9,2,14,0,32,51,64,147,2,2,4,151
12/02/2011,LNK,NE,ACE,CE,Towers with Radar,0,28,45,27,100,0,2,39,4,45,0,30,84,31,145,66,22,88,233
12/03/2011,LNK,NE,ACE,CE,Towers with Radar,0,14,4,1,19,0,0,0,0,0,0,14,4,1,19,0,0,0,19
12/04/2011,LNK,NE,ACE,CE,Towers with Radar,0,20,22,4,46,0,0,18,1,19,0,20,40,5,65,18,0,18,83
12/05/2011,LNK,NE,ACE,CE,Towers with Radar,0,32,31,0,63,0,0,4,0,4,0,32,35,0,67,0,0,0,67
12/06/2011,LNK,NE,ACE,CE,Towers with Radar,0,23,29,25,77,0,0,16,9,25,0,23,45,34,102,6,4,10,112
12/07/2011,LNK,NE,ACE,CE,Towers with Radar,2,24,36,48,110,0,8,31,7,46,2,32,67,55,156,63,18,81,237
12/08/2011,LNK,NE,ACE,CE,Towers with Radar,0,27,36,3,66,0,0,2,2,4,0,27,38,5,70,0,0,0,70
12/09/2011,LNK,NE,ACE,CE,Towers with Radar,0,23,34,8,65,0,1,10,3,14,0,24,44,11,79,0,2,2,81
12/10/2011,LNK,NE,ACE,CE,Towers with Radar,0,17,27,1,45,0,0,52,0,52,0,17,79,1,97,38,0,38,135
12/11/2011,LNK,NE,ACE,CE,Towers with Radar,0,24,47,0,71,0,0,4,0,4,0,24,51,0,75,2,0,2,77
12/12/2011,LNK,NE,ACE,CE,Towers with Radar,0,27,30,24,81,0,2,5,0,7,0,29,35,24,88,26,0,26,114
12/13/2011,LNK,NE,ACE,CE,Towers with Radar,0,20,34,15,69,0,0,0,0,0,0,20,34,15,69,0,0,0,69
12/14/2011,LNK,NE,ACE,CE,Towers with Radar,0,24,30,20,74,0,5,0,0,5,0,29,30,20,79,0,6,6,85
12/15/2011,LNK,NE,ACE,CE,Towers with Radar,0,33,54,20,107,0,4,40,3,47,0,37,94,23,154,31,7,38,192
12/16/2011,LNK,NE,ACE,CE,Towers with Radar,0,29,39,37,105,0,3,49,0,52,0,32,88,37,157,18,14,32,189
12/17/2011,LNK,NE,ACE,CE,Towers with Radar,0,23,26,15,64,0,8,61,0,69,0,31,87,15,133,30,0,30,163
12/18/2011,LNK,NE,ACE,CE,Towers with Radar,1,22,24,33,80,0,0,56,1,57,1,22,80,34,137,36,0,36,173
12/19/2011,LNK,NE,ACE,CE,Towers with Radar,0,35,13,63,111,0,1,1,0,2,0,36,14,63,113,0,22,22,135
12/20/2011,LNK,NE,ACE,CE,Towers with Radar,0,29,34,6,69,0,0,30,4,34,0,29,64,10,103,46,2,48,151
12/21/2011,LNK,NE,ACE,CE,Towers with Radar,2,26,64,26,118,0,8,57,0,65,2,34,121,26,183,45,6,51,234
12/22/2011,LNK,NE,ACE,CE,Towers with Radar,0,40,27,68,135,0,1,23,4,28,0,41,50,72,163,0,62,62,225
12/23/2011,LNK,NE,ACE,CE,Towers with Radar,0,24,23,1,48,0,7,39,0,46,0,31,62,1,94,40,0,40,134
12/24/2011,LNK,NE,ACE,CE,Towers with Radar,0,22,8,2,32,0,4,27,0,31,0,26,35,2,63,38,0,38,101
12/25/2011,LNK,NE,ACE,CE,Towers with Radar,0,13,2,0,15,0,2,13,0,15,0,15,15,0,30,6,0,6,36
12/26/2011,LNK,NE,ACE,CE,Towers with Radar,2,29,23,1,55,0,0,24,0,24,2,29,47,1,79,34,0,34,113
12/27/2011,LNK,NE,ACE,CE,Towers with Radar,0,28,35,0,63,0,2,38,0,40,0,30,73,0,103,30,0,30,133
12/28/2011,LNK,NE,ACE,CE,Towers with Radar,0,27,20,16,63,0,2,53,0,55,0,29,73,16,118,34,4,38,156
12/29/2011,LNK,NE,ACE,CE,Towers with Radar,0,26,49,13,88,0,4,60,0,64,0,30,109,13,152,36,26,62,214
12/30/2011,LNK,NE,ACE,CE,Towers with Radar,4,25,16,0,45,0,7,30,0,37,4,32,46,0,82,66,0,66,148
12/31/2011,LNK,NE,ACE,CE,Towers with Radar,5,16,16,0,37,0,4,22,0,26,5,20,38,0,63,26,0,26,89
01/01/2012,LNK,NE,ACE,CE,Towers with Radar,0,24,6,0,30,0,2,6,0,8,0,26,12,0,38,0,0,0,38
01/02/2012,LNK,NE,ACE,CE,Towers with Radar,2,31,31,0,64,0,1,37,0,38,2,32,68,0,102,0,0,0,102
01/03/2012,LNK,NE,ACE,CE,Towers with Radar,4,27,43,0,74,0,5,38,2,45,4,32,81,2,119,6,1,7,126
01/04/2012,LNK,NE,ACE,CE,Towers with Radar,0,31,26,28,85,0,4,35,4,43,0,35,61,32,128,41,12,53,181
01/05/2012,LNK,NE,ACE,CE,Towers with Radar,0,27,19,32,78,0,2,55,2,59,0,29,74,34,137,76,36,112,249
01/06/2012,LNK,NE,ACE,CE,Towers with Radar,2,30,41,17,90,0,1,42,8,51,2,31,83,25,141,38,20,58,199
01/07/2012,LNK,NE,ACE,CE,Towers with Radar,0,18,27,20,65,0,0,40,4,44,0,18,67,24,109,22,0,22,131
01/08/2012,LNK,NE,ACE,CE,Towers with Radar,0,20,12,3,35,0,3,43,0,46,0,23,55,3,81,22,0,22,103
01/09/2012,LNK,NE,ACE,CE,Towers with Radar,2,26,20,19,67,0,12,34,0,46,2,38,54,19,113,84,26,110,223
01/10/2012,LNK,NE,ACE,CE,Towers with Radar,0,24,31,24,79,0,4,46,2,52,0,28,77,26,131,41,18,59,190
01/11/2012,LNK,NE,ACE,CE,Towers with Radar,4,30,20,12,66,0,2,6,0,8,4,32,26,12,74,0,0,0,74
01/12/2012,LNK,NE,ACE,CE,Towers with Radar,0,25,30,10,65,0,0,20,0,20,0,25,50,10,85,6,12,18,103
01/13/2012,LNK,NE,ACE,CE,Towers with Radar,0,28,25,6,59,0,0,28,0,28,0,28,53,6,87,20,0,20,107
01/14/2012,LNK,NE,ACE,CE,Towers with Radar,2,19,20,0,41,0,2,40,0,42,2,21,60,0,83,32,0,32,115
01/15/2012,LNK,NE,ACE,CE,Towers with Radar,0,22,13,0,35,0,4,41,0,45,0,26,54,0,80,53,0,53,133
01/16/2012,LNK,NE,ACE,CE,Towers with Radar,0,33,12,0,45,0,4,18,0,22,0,37,30,0,67,34,0,34,101
01/17/2012,LNK,NE,ACE,CE,Towers with Radar,0,30,41,5,76,0,7,24,1,32,0,37,65,6,108,12,0,12,120
01/18/2012,LNK,NE,ACE,CE,Towers with Radar,0,29,30,16,75,0,9,11,3,23,0,38,41,19,98,39,6,45,143
01/19/2012,LNK,NE,ACE,CE,Towers with Radar,0,28,43,37,108,0,0,23,4,27,0,28,66,41,135,12,28,40,175
01/20/2012,LNK,NE,ACE,CE,Towers with Radar,1,17,29,11,58,0,3,21,3,27,1,20,50,14,85,76,6,82,167
01/21/2012,LNK,NE,ACE,CE,Towers with Radar,3,17,12,0,32,0,2,13,0,15,3,19,25,0,47,34,0,34,81
01/22/2012,LNK,NE,ACE,CE,Towers with Radar,2,20,26,2,50,0,0,8,0,8,2,20,34,2,58,40,0,40,98
01/23/2012,LNK,NE,ACE,CE,Towers with Radar,0,31,30,54,115,0,7,9,1,17,0,38,39,55,132,38,8,46,178
01/24/2012,LNK,NE,ACE,CE,Towers with Radar,0,33,25,29,87,0,0,30,2,32,0,33,55,31,119,0,6,6,125
01/25/2012,LNK,NE,ACE,CE,Towers with Radar,1,28,33,27,89,0,3,16,1,20,1,31,49,28,109,18,14,32,141
01/26/2012,LNK,NE,ACE,CE,Towers with Radar,1,25,31,19,76,0,2,33,4,39,1,27,64,23,115,12,4,16,131
01/27/2012,LNK,NE,ACE,CE,Towers with Radar,0,26,33,5,64,0,0,18,1,19,0,26,51,6,83,24,2,26,109
01/28/2012,LNK,NE,ACE,CE,Towers with Radar,0,16,12,0,28,0,3,19,1,23,0,19,31,1,51,6,0,6,57
01/29/2012,LNK,NE,ACE,CE,Towers with Radar,0,28,23,2,53,0,3,75,2,80,0,31,98,4,133,55,0,55,188
01/30/2012,LNK,NE,ACE,CE,Towers with Radar,0,27,20,29,76,0,12,36,2,50,0,39,56,31,126,54,18,72,198
01/31/2012,LNK,NE,ACE,CE,Towers with Radar,0,25,47,19,91,0,5,44,1,50,0,30,91,20,141,46,22,68,209
02/01/2012,LNK,NE,ACE,CE,Towers with Radar,0,36,37,35,108,0,12,47,12,71,0,48,84,47,179,76,26,102,281
02/02/2012,LNK,NE,ACE,CE,Towers with Radar,0,35,36,53,124,0,4,41,6,51,0,39,77,59,175,54,24,78,253
02/03/2012,LNK,NE,ACE,CE,Towers with Radar,0,27,16,9,52,0,0,1,0,1,0,27,17,9,53,0,0,0,53
02/04/2012,LNK,NE,ACE,CE,Towers with Radar,1,12,4,0,17,0,2,0,0,2,1,14,4,0,19,0,0,0,19
02/05/2012,LNK,NE,ACE,CE,Towers with Radar,1,20,13,0,34,0,0,27,2,29,1,20,40,2,63,22,0,22,85
02/06/2012,LNK,NE,ACE,CE,Towers with Radar,0,28,21,12,61,0,1,24,0,25,0,29,45,12,86,23,4,27,113
02/07/2012,LNK,NE,ACE,CE,Towers with Radar,1,26,7,16,50,0,2,0,0,2,1,28,7,16,52,2,0,2,54
02/08/2012,LNK,NE,ACE,CE,Towers with Radar,1,24,45,37,107,0,1,22,7,30,1,25,67,44,137,62,4,66,203
02/09/2012,LNK,NE,ACE,CE,Towers with Radar,2,31,23,69,125,0,0,21,6,27,2,31,44,75,152,20,6,26,178
02/10/2012,LNK,NE,ACE,CE,Towers with Radar,0,33,44,53,130,0,2,30,2,34,0,35,74,55,164,25,28,53,217
02/11/2012,LNK,NE,ACE,CE,Towers with Radar,0,19,19,1,39,0,4,40,0,44,0,23,59,1,83,10,0,10,93
02/12/2012,LNK,NE,ACE,CE,Towers with Radar,0,21,19,2,42,0,3,31,0,34,0,24,50,2,76,24,0,24,100
02/13/2012,LNK,NE,ACE,CE,Towers with Radar,0,29,16,16,61,0,4,0,0,4,0,33,16,16,65,8,0,8,73
02/14/2012,LNK,NE,ACE,CE,Towers with Radar,0,27,27,40,94,0,7,47,2,56,0,34,74,42,150,34,28,62,212
02/15/2012,LNK,NE,ACE,CE,Towers with Radar,0,23,43,32,98,0,0,1,10,11,0,23,44,42,109,12,0,12,121
02/16/2012,LNK,NE,ACE,CE,Towers with Radar,0,36,44,58,138,0,7,51,8,66,0,43,95,66,204,15,42,57,261
02/17/2012,LNK,NE,ACE,CE,Towers with Radar,2,27,48,34,111,0,10,51,0,61,2,37,99,34,172,42,12,54,226
02/18/2012,LNK,NE,ACE,CE,Towers with Radar,2,20,25,0,47,0,0,64,0,64,2,20,89,0,111,38,0,38,149
02/19/2012,LNK,NE,ACE,CE,Towers with Radar,0,18,43,0,61,0,2,64,1,67,0,20,107,1,128,28,0,28,156
02/20/2012,LNK,NE,ACE,CE,Towers with Radar,0,31,23,0,54,0,4,0,0,4,0,35,23,0,58,0,0,0,58
02/21/2012,LNK,NE,ACE,CE,Towers with Radar,0,31,33,37,101,0,3,41,3,47,0,34,74,40,148,38,23,61,209
02/22/2012,LNK,NE,ACE,CE,Towers with Radar,2,34,29,61,126,0,2,37,9,48,2,36,66,70,174,23,12,35,209
02/23/2012,LNK,NE,ACE,CE,Towers with Radar,2,29,26,21,78,0,2,5,5,12,2,31,31,26,90,4,4,8,98
02/24/2012,LNK,NE,ACE,CE,Towers with Radar,2,25,38,26,91,0,1,22,0,23,2,26,60,26,114,40,0,40,154
02/25/2012,LNK,NE,ACE,CE,Towers with Radar,4,18,16,23,61,0,6,43,0,49,4,24,59,23,110,80,0,80,190
02/26/2012,LNK,NE,ACE,CE,Towers with Radar,1,24,24,0,49,2,3,24,0,29,3,27,48,0,78,28,0,28,106
02/27/2012,LNK,NE,ACE,CE,Towers with Radar,0,31,23,30,84,0,0,32,1,33,0,31,55,31,117,114,2,116,233
02/28/2012,LNK,NE,ACE,CE,Towers with Radar,0,24,26,10,60,0,5,4,1,10,0,29,30,11,70,18,0,18,88
02/29/2012,LNK,NE,ACE,CE,Towers with Radar,0,24,19,15,58,0,6,3,6,15,0,30,22,21,73,0,6,6,79
03/01/2012,LNK,NE,ACE,CE,Towers with Radar,0,30,60,50,140,0,7,52,7,66,0,37,112,57,206,20,18,38,244
03/02/2012,LNK,NE,ACE,CE,Towers with Radar,0,26,22,20,68,0,4,28,6,38,0,30,50,26,106,30,2,32,138
03/03/2012,LNK,NE,ACE,CE,Towers with Radar,0,11,27,28,66,0,7,35,1,43,0,18,62,29,109,28,0,28,137
03/04/2012,LNK,NE,ACE,CE,Towers with Radar,0,18,23,14,55,0,9,20,1,30,0,27,43,15,85,8,0,8,93
03/05/2012,LNK,NE,ACE,CE,Towers with Radar,0,37,20,35,92,0,3,19,5,27,0,40,39,40,119,32,36,68,187
03/06/2012,LNK,NE,ACE,CE,Towers with Radar,2,27,33,82,144,0,19,36,5,60,2,46,69,87,204,58,51,109,313
03/07/2012,LNK,NE,ACE,CE,Towers with Radar,2,26,38,55,121,0,0,14,4,18,2,26,52,59,139,65,36,101,240
03/08/2012,LNK,NE,ACE,CE,Towers with Radar,0,30,34,41,105,0,2,38,4,44,0,32,72,45,149,63,21,84,233
03/09/2012,LNK,NE,ACE,CE,Towers with Radar,0,28,49,83,160,0,1,60,6,67,0,29,109,89,227,66,12,78,305
03/10/2012,LNK,NE,ACE,CE,Towers with Radar,2,13,12,13,40,0,5,27,0,32,2,18,39,13,72,48,0,48,120
03/11/2012,LNK,NE,ACE,CE,Towers with Radar,0,20,41,4,65,0,0,3,0,3,0,20,44,4,68,0,0,0,68
03/12/2012,LNK,NE,ACE,CE,Towers with Radar,0,28,39,27,94,0,8,19,2,29,0,36,58,29,123,44,12,56,179
03/13/2012,LNK,NE,ACE,CE,Towers with Radar,0,23,44,61,128,0,0,38,0,38,0,23,82,61,166,50,28,78,244
03/14/2012,LNK,NE,ACE,CE,Towers with Radar,0,21,58,25,104,0,8,58,11,77,0,29,116,36,181,56,6,62,243
03/15/2012,LNK,NE,ACE,CE,Towers with Radar,0,31,47,36,114,0,4,20,11,35,0,35,67,47,149,34,2,36,185
03/16/2012,LNK,NE,ACE,CE,Towers with Radar,2,26,33,28,89,0,6,14,1,21,2,32,47,29,110,36,6,42,152
03/17/2012,LNK,NE,ACE,CE,Towers with Radar,0,12,26,11,49,0,8,34,5,47,0,20,60,16,96,16,0,16,112
03/18/2012,LNK,NE,ACE,CE,Towers with Radar,0,19,18,1,38,0,6,20,2,28,0,25,38,3,66,14,0,14,80
03/19/2012,LNK,NE,ACE,CE,Towers with Radar,2,30,13,10,55,0,0,0,1,1,2,30,13,11,56,23,2,25,81
03/20/2012,LNK,NE,ACE,CE,Towers with Radar,2,24,22,46,94,1,0,5,1,7,3,24,27,47,101,2,0,2,103
03/21/2012,LNK,NE,ACE,CE,Towers with Radar,0,30,38,36,104,0,0,1,0,1,0,30,39,36,105,0,3,3,108
03/22/2012,LNK,NE,ACE,CE,Towers with Radar,0,41,51,30,122,0,0,26,9,35,0,41,77,39,157,12,2,14,171
03/23/2012,LNK,NE,ACE,CE,Towers with Radar,0,37,35,52,124,0,0,47,8,55,0,37,82,60,179,52,8,60,239
03/24/2012,LNK,NE,ACE,CE,Towers with Radar,0,15,44,0,59,0,5,74,0,79,0,20,118,0,138,68,0,68,206
03/25/2012,LNK,NE,ACE,CE,Towers with Radar,0,29,30,2,61,0,4,43,0,47,0,33,73,2,108,66,0,66,174
03/26/2012,LNK,NE,ACE,CE,Towers with Radar,0,30,40,29,99,0,0,9,2,11,0,30,49,31,110,2,11,13,123
03/27/2012,LNK,NE,ACE,CE,Towers with Radar,0,25,25,18,68,0,4,25,10,39,0,29,50,28,107,58,0,58,165
03/28/2012,LNK,NE,ACE,CE,Towers with Radar,0,27,37,31,95,0,5,32,11,48,0,32,69,42,143,52,10,62,205
03/29/2012,LNK,NE,ACE,CE,Towers with Radar,0,29,43,20,92,0,3,11,4,18,0,32,54,24,110,12,10,22,132
03/30/2012,LNK,NE,ACE,CE,Towers with Radar,0,30,47,72,149,0,6,51,6,63,0,36,98,78,212,67,14,81,293
03/31/2012,LNK,NE,ACE,CE,Towers with Radar,0,14,24,26,64,0,4,40,8,52,0,18,64,34,116,44,0,44,160
04/01/2012,LNK,NE,ACE,CE,Towers with Radar,0,24,15,0,39,0,2,27,3,32,0,26,42,3,71,66,0,66,137
04/02/2012,LNK,NE,ACE,CE,Towers with Radar,0,29,34,26,89,0,5,13,0,18,0,34,47,26,107,8,10,18,125
04/03/2012,LNK,NE,ACE,CE,Towers with Radar,2,29,34,91,156,0,6,24,7,37,2,35,58,98,193,24,38,62,255
04/04/2012,LNK,NE,ACE,CE,Towers with Radar,0,29,27,35,91,0,8,13,17,38,0,37,40,52,129,32,12,44,173
04/05/2012,LNK,NE,ACE,CE,Towers with Radar,0,34,24,27,85,0,3,52,12,67,0,37,76,39,152,42,19,61,213
04/06/2012,LNK,NE,ACE,CE,Towers with Radar,0,26,48,35,109,0,0,54,3,57,0,26,102,38,166,38,30,68,234
04/07/2012,LNK,NE,ACE,CE,Towers with Radar,2,16,18,0,36,0,5,24,0,29,2,21,42,0,65,4,0,4,69
04/08/2012,LNK,NE,ACE,CE,Towers with Radar,0,18,14,0,32,0,3,39,0,42,0,21,53,0,74,32,0,32,106
04/09/2012,LNK,NE,ACE,CE,Towers with Radar,0,33,39,37,109,0,8,57,0,65,0,41,96,37,174,38,20,58,232
04/10/2012,LNK,NE,ACE,CE,Towers with Radar,0,30,35,26,91,0,1,49,6,56,0,31,84,32,147,56,16,72,219
04/11/2012,LNK,NE,ACE,CE,Towers with Radar,0,29,39,29,97,0,10,55,16,81,0,39,94,45,178,74,11,85,263
04/12/2012,LNK,NE,ACE,CE,Towers with Radar,0,32,35,26,93,0,2,14,5,21,0,34,49,31,114,0,0,0,114
04/13/2012,LNK,NE,ACE,CE,Towers with Radar,0,45,34,7,86,0,7,15,8,30,0,52,49,15,116,14,2,16,132
04/14/2012,LNK,NE,ACE,CE,Towers with Radar,2,13,10,5,30,0,5,1,0,6,2,18,11,5,36,0,0,0,36
04/15/2012,LNK,NE,ACE,CE,Towers with Radar,0,23,27,5,55,0,6,3,19,28,0,29,30,24,83,0,0,0,83
04/16/2012,LNK,NE,ACE,CE,Towers with Radar,0,32,27,10,69,0,8,20,0,28,0,40,47,10,97,32,18,50,147
04/17/2012,LNK,NE,ACE,CE,Towers with Radar,0,26,31,46,103,0,7,39,0,46,0,33,70,46,149,22,26,48,197
04/18/2012,LNK,NE,ACE,CE,Towers with Radar,0,39,53,27,119,0,7,43,0,50,0,46,96,27,169,28,14,42,211
04/19/2012,LNK,NE,ACE,CE,Towers with Radar,0,28,47,54,129,0,1,17,0,18,0,29,64,54,147,0,18,18,165
04/20/2012,LNK,NE,ACE,CE,Towers with Radar,2,26,36,26,90,0,6,69,0,75,2,32,105,26,165,12,14,26,191
04/21/2012,LNK,NE,ACE,CE,Towers with Radar,0,16,17,8,41,0,2,48,0,50,0,18,65,8,91,18,0,18,109
04/22/2012,LNK,NE,ACE,CE,Towers with Radar,0,30,17,1,48,0,4,38,0,42,0,34,55,1,90,16,0,16,106
04/23/2012,LNK,NE,ACE,CE,Towers with Radar,2,32,43,8,85,0,4,45,0,49,2,36,88,8,134,60,0,60,194
04/24/2012,LNK,NE,ACE,CE,Towers with Radar,0,32,33,45,110,0,9,44,7,60,0,41,77,52,170,10,20,30,200
04/25/2012,LNK,NE,ACE,CE,Towers with Radar,0,30,26,43,99,0,8,33,16,57,0,38,59,59,156,39,28,67,223
04/26/2012,LNK,NE,ACE,CE,Towers with Radar,0,29,36,60,125,0,11,37,7,55,0,40,73,67,180,48,28,76,256
04/27/2012,LNK,NE,ACE,CE,Towers with Radar,2,21,11,16,50,0,2,3,2,7,2,23,14,18,57,4,0,4,61
04/28/2012,LNK,NE,ACE,CE,Towers with Radar,0,15,31,6,52,0,6,31,0,37,0,21,62,6,89,50,0,50,139
04/29/2012,LNK,NE,ACE,CE,Towers with Radar,0,19,55,0,74,0,0,3,0,3,0,19,58,0,77,0,0,0,77
04/30/2012,LNK,NE,ACE,CE,Towers with Radar,0,30,37,11,78,0,4,53,0,57,0,34,90,11,135,30,6,36,171
05/01/2012,LNK,NE,ACE,CE,Towers with Radar,0,26,27,17,70,0,0,27,1,28,0,26,54,18,98,0,2,2,100
05/02/2012,LNK,NE,ACE,CE,Towers with Radar,0,26,44,72,142,0,2,27,12,41,0,28,71,84,183,55,26,81,264
05/03/2012,LNK,NE,ACE,CE,Towers with Radar,0,39,40,40,119,0,7,13,4,24,0,46,53,44,143,60,30,90,233
05/04/2012,LNK,NE,ACE,CE,Towers with Radar,0,25,40,69,134,0,12,30,5,47,0,37,70,74,181,18,0,18,199
05/05/2012,LNK,NE,ACE,CE,Towers with Radar,0,14,42,2,58,0,10,48,2,60,0,24,90,4,118,6,0,6,124
05/06/2012,LNK,NE,ACE,CE,Towers with Radar,0,17,40,0,57,0,1,6,1,8,0,18,46,1,65,18,0,18,83
05/07/2012,LNK,NE,ACE,CE,Towers with Radar,0,32,26,55,113,0,18,28,3,49,0,50,54,58,162,60,46,106,268
05/08/2012,LNK,NE,ACE,CE,Towers with Radar,0,25,35,34,94,0,4,44,9,57,0,29,79,43,151,22,8,30,181
05/09/2012,LNK,NE,ACE,CE,Towers with Radar,0,22,39,30,91,0,9,70,10,89,0,31,109,40,180,42,6,48,228
05/10/2012,LNK,NE,ACE,CE,Towers with Radar,0,34,39,23,96,0,4,62,22,88,0,38,101,45,184,76,10,86,270
05/11/2012,LNK,NE,ACE,CE,Towers with Radar,0,24,43,27,94,0,0,48,8,56,0,24,91,35,150,25,8,33,183
05/12/2012,LNK,NE,ACE,CE,Towers with Radar,0,14,18,2,34,0,2,35,6,43,0,16,53,8,77,38,2,40,117
05/13/2012,LNK,NE,ACE,CE,Towers with Radar,0,26,30,4,60,0,0,62,16,78,0,26,92,20,138,44,4,48,186
05/14/2012,LNK,NE,ACE,CE,Towers with Radar,0,26,39,50,115,0,14,41,1,56,0,40,80,51,171,30,12,42,213
05/15/2012,LNK,NE,ACE,CE,Towers with Radar,0,27,34,53,114,0,1,35,4,40,0,28,69,57,154,0,8,8,162
05/16/2012,LNK,NE,ACE,CE,Towers with Radar,0,30,34,44,108,0,9,54,12,75,0,39,88,56,183,54,30,84,267
05/17/2012,LNK,NE,ACE,CE,Towers with Radar,0,30,49,47,126,0,5,42,14,61,0,35,91,61,187,22,46,68,255
05/18/2012,LNK,NE,ACE,CE,Towers with Radar,0,25,35,62,122,0,2,15,4,21,0,27,50,66,143,0,38,38,181
05/19/2012,LNK,NE,ACE,CE,Towers with Radar,0,15,14,3,32,0,2,14,0,16,0,17,28,3,48,16,0,16,64
05/20/2012,LNK,NE,ACE,CE,Towers with Radar,0,21,40,11,72,0,2,44,0,46,0,23,84,11,118,26,2,28,146
05/21/2012,LNK,NE,ACE,CE,Towers with Radar,0,36,54,36,126,0,2,77,1,80,0,38,131,37,206,74,40,114,320
05/22/2012,LNK,NE,ACE,CE,Towers with Radar,0,35,49,86,170,0,0,42,4,46,0,35,91,90,216,15,29,44,260
05/23/2012,LNK,NE,ACE,CE,Towers with Radar,0,20,44,60,124,0,6,14,9,29,0,26,58,69,153,6,4,10,163
05/24/2012,LNK,NE,ACE,CE,Towers with Radar,0,27,52,19,98,0,12,32,6,50,0,39,84,25,148,36,2,38,186
05/25/2012,LNK,NE,ACE,CE,Towers with Radar,0,23,35,1,59,0,0,49,2,51,0,23,84,3,110,34,0,34,144
05/26/2012,LNK,NE,ACE,CE,Towers with Radar,0,18,17,1,36,0,14,21,0,35,0,32,38,1,71,10,0,10,81
05/27/2012,LNK,NE,ACE,CE,Towers with Radar,0,18,3,1,22,0,4,7,0,11,0,22,10,1,33,0,0,0,33
05/28/2012,LNK,NE,ACE,CE,Towers with Radar,1,24,20,0,45,0,0,60,2,62,1,24,80,2,107,20,0,20,127
05/29/2012,LNK,NE,ACE,CE,Towers with Radar,0,29,25,31,85,0,3,59,3,65,0,32,84,34,150,8,20,28,178
05/30/2012,LNK,NE,ACE,CE,Towers with Radar,0,23,42,25,90,0,0,23,2,25,0,23,65,27,115,0,0,0,115
05/31/2012,LNK,NE,ACE,CE,Towers with Radar,0,30,51,41,122,0,1,4,9,14,0,31,55,50,136,26,16,42,178
06/01/2012,LNK,NE,ACE,CE,Towers with Radar,0,24,30,15,69,0,9,49,4,62,0,33,79,19,131,28,4,32,163
06/02/2012,LNK,NE,ACE,CE,Towers with Radar,2,15,11,7,35,0,7,60,9,76,2,22,71,16,111,46,0,46,157
06/03/2012,LNK,NE,ACE,CE,Towers with Radar,0,24,21,13,58,0,8,38,0,46,0,32,59,13,104,10,0,10,114
06/04/2012,LNK,NE,ACE,CE,Towers with Radar,0,33,41,57,131,0,9,44,1,54,0,42,85,58,185,28,58,86,271
06/05/2012,LNK,NE,ACE,CE,Towers with Radar,2,32,33,73,140,0,3,59,4,66,2,35,92,77,206,67,43,110,316
06/06/2012,LNK,NE,ACE,CE,Towers with Radar,0,27,36,38,101,0,6,57,10,73,0,33,93,48,174,24,22,46,220
06/07/2012,LNK,NE,ACE,CE,Towers with Radar,0,31,48,63,142,0,8,53,12,73,0,39,101,75,215,73,9,82,297
06/08/2012,LNK,NE,ACE,CE,Towers with Radar,0,25,43,44,112,0,4,42,9,55,0,29,85,53,167,40,30,70,237
06/09/2012,LNK,NE,ACE,CE,Towers with Radar,0,24,21,11,56,0,10,38,0,48,0,34,59,11,104,12,12,24,128
06/10/2012,LNK,NE,ACE,CE,Towers with Radar,2,28,23,2,55,0,8,29,0,37,2,36,52,2,92,30,0,30,122
06/11/2012,LNK,NE,ACE,CE,Towers with Radar,0,30,40,30,100,0,4,64,1,69,0,34,104,31,169,54,12,66,235
06/12/2012,LNK,NE,ACE,CE,Towers with Radar,0,37,41,26,104,0,1,53,3,57,0,38,94,29,161,39,12,51,212
06/13/2012,LNK,NE,ACE,CE,Towers with Radar,2,30,30,63,125,0,2,37,16,55,2,32,67,79,180,24,42,66,246
06/14/2012,LNK,NE,ACE,CE,Towers with Radar,0,26,25,26,77,0,0,21,10,31,0,26,46,36,108,2,12,14,122
06/15/2012,LNK,NE,ACE,CE,Towers with Radar,2,22,54,16,94,0,2,20,2,24,2,24,74,18,118,58,0,58,176
06/16/2012,LNK,NE,ACE,CE,Towers with Radar,0,16,25,11,52,0,2,20,6,28,0,18,45,17,80,12,2,14,94
06/17/2012,LNK,NE,ACE,CE,Towers with Radar,0,22,21,0,43,0,4,40,6,50,0,26,61,6,93,28,0,28,121
06/18/2012,LNK,NE,ACE,CE,Towers with Radar,2,35,23,25,85,0,9,26,1,36,2,44,49,26,121,2,14,16,137
06/19/2012,LNK,NE,ACE,CE,Towers with Radar,0,38,30,45,113,0,3,13,3,19,0,41,43,48,132,2,12,14,146
06/20/2012,LNK,NE,ACE,CE,Towers with Radar,0,34,36,60,130,0,6,12,9,27,0,40,48,69,157,32,32,64,221
06/21/2012,LNK,NE,ACE,CE,Towers with Radar,0,34,26,45,105,0,0,66,13,79,0,34,92,58,184,128,30,158,342
06/22/2012,LNK,NE,ACE,CE,Towers with Radar,0,36,59,37,132,0,4,72,6,82,0,40,131,43,214,62,32,94,308
06/23/2012,LNK,NE,ACE,CE,Towers with Radar,0,16,17,3,36,0,8,33,2,43,0,24,50,5,79,22,0,22,101
06/24/2012,LNK,NE,ACE,CE,Towers with Radar,2,19,20,2,43,0,7,38,0,45,2,26,58,2,88,34,0,34,122
06/25/2012,LNK,NE,ACE,CE,Towers with Radar,0,29,24,18,71,0,23,17,2,42,0,52,41,20,113,14,0,14,127
06/26/2012,LNK,NE,ACE,CE,Towers with Radar,1,36,38,21,96,0,9,42,7,58,1,45,80,28,154,83,10,93,247
06/27/2012,LNK,NE,ACE,CE,Towers with Radar,0,28,24,52,104,0,0,19,8,27,0,28,43,60,131,27,34,61,192
06/28/2012,LNK,NE,ACE,CE,Towers with Radar,0,34,40,27,101,0,4,22,8,34,0,38,62,35,135,52,8,60,195
06/29/2012,LNK,NE,ACE,CE,Towers with Radar,1,28,45,22,96,0,1,28,4,33,1,29,73,26,129,46,0,46,175
06/30/2012,LNK,NE,ACE,CE,Towers with Radar,0,19,17,1,37,0,7,38,2,47,0,26,55,3,84,36,0,36,120
07/01/2012,LNK,NE,ACE,CE,Towers with Radar,0,20,18,0,38,0,1,52,5,58,0,21,70,5,96,92,0,92,188
07/02/2012,LNK,NE,ACE,CE,Towers with Radar,0,32,22,24,78,0,4,28,2,34,0,36,50,26,112,4,10,14,126
07/03/2012,LNK,NE,ACE,CE,Towers with Radar,0,24,30,25,79,0,6,29,7,42,0,30,59,32,121,60,2,62,183
07/04/2012,LNK,NE,ACE,CE,Towers with Radar,0,12,12,0,24,0,6,44,0,50,0,18,56,0,74,26,0,26,100
07/05/2012,LNK,NE,ACE,CE,Towers with Radar,0,31,28,55,114,0,1,29,11,41,0,32,57,66,155,44,42,86,241
07/06/2012,LNK,NE,ACE,CE,Towers with Radar,0,24,24,33,81,0,9,31,5,45,0,33,55,38,126,18,8,26,152
07/07/2012,LNK,NE,ACE,CE,Towers with Radar,0,21,14,3,38,0,6,27,0,33,0,27,41,3,71,48,0,48,119
07/08/2012,LNK,NE,ACE,CE,Towers with Radar,0,21,28,2,51,0,1,31,0,32,0,22,59,2,83,78,0,78,161
07/09/2012,LNK,NE,ACE,CE,Towers with Radar,0,29,46,31,106,0,0,32,1,33,0,29,78,32,139,44,4,48,187
07/10/2012,LNK,NE,ACE,CE,Towers with Radar,0,28,35,37,100,0,10,44,7,61,0,38,79,44,161,28,12,40,201
07/11/2012,LNK,NE,ACE,CE,Towers with Radar,0,27,34,30,91,0,3,47,14,64,0,30,81,44,155,56,6,62,217
07/12/2012,LNK,NE,ACE,CE,Towers with Radar,0,28,31,13,72,0,2,49,7,58,0,30,80,20,130,98,4,102,232
07/13/2012,LNK,NE,ACE,CE,Towers with Radar,0,24,34,10,68,0,12,46,10,68,0,36,80,20,136,52,2,54,190
07/14/2012,LNK,NE,ACE,CE,Towers with Radar,0,44,24,30,98,0,6,52,7,65,0,50,76,37,163,16,52,68,231
07/15/2012,LNK,NE,ACE,CE,Towers with Radar,0,26,32,7,65,0,2,34,6,42,0,28,66,13,107,48,0,48,155
07/16/2012,LNK,NE,ACE,CE,Towers with Radar,0,28,46,43,117,0,12,36,0,48,0,40,82,43,165,16,18,34,199
07/17/2012,LNK,NE,ACE,CE,Towers with Radar,0,38,29,51,118,0,6,45,7,58,0,44,74,58,176,46,24,70,246
07/18/2012,LNK,NE,ACE,CE,Towers with Radar,0,34,24,29,87,0,10,38,8,56,0,44,62,37,143,82,16,98,241
07/19/2012,LNK,NE,ACE,CE,Towers with Radar,0,34,24,26,84,0,11,53,5,69,0,45,77,31,153,58,8,66,219
07/20/2012,LNK,NE,ACE,CE,Towers with Radar,0,32,36,15,83,0,9,40,8,57,0,41,76,23,140,42,0,42,182
07/21/2012,LNK,NE,ACE,CE,Towers with Radar,0,26,23,2,51,0,6,33,10,49,0,32,56,12,100,54,0,54,154
07/22/2012,LNK,NE,ACE,CE,Towers with Radar,0,30,29,8,67,0,1,34,2,37,0,31,63,10,104,0,0,0,104
07/23/2012,LNK,NE,ACE,CE,Towers with Radar,0,34,35,17,86,0,11,22,0,33,0,45,57,17,119,34,0,34,153
07/24/2012,LNK,NE,ACE,CE,Towers with Radar,0,34,35,27,96,0,4,34,3,41,0,38,69,30,137,30,26,56,193
07/25/2012,LNK,NE,ACE,CE,Towers with Radar,2,38,29,45,114,0,2,28,6,36,2,40,57,51,150,32,26,58,208
07/26/2012,LNK,NE,ACE,CE,Towers with Radar,0,32,37,31,100,0,3,39,6,48,0,35,76,37,148,38,16,54,202
07/27/2012,LNK,NE,ACE,CE,Towers with Radar,0,24,35,32,91,0,4,49,6,59,0,28,84,38,150,48,30,78,228
07/28/2012,LNK,NE,ACE,CE,Towers with Radar,2,19,29,10,60,0,4,33,0,37,2,23,62,10,97,64,0,64,161
07/29/2012,LNK,NE,ACE,CE,Towers with Radar,0,26,32,17,75,0,0,26,3,29,0,26,58,20,104,24,22,46,150
07/30/2012,LNK,NE,ACE,CE,Towers with Radar,0,32,38,26,96,0,15,37,0,52,0,47,75,26,148,52,14,66,214
07/31/2012,LNK,NE,ACE,CE,Towers with Radar,0,36,47,35,118,0,21,37,6,64,0,57,84,41,182,9,14,23,205
08/01/2012,LNK,NE,ACE,CE,Towers with Radar,0,34,28,9,71,0,10,14,9,33,0,44,42,18,104,72,6,78,182
08/02/2012,LNK,NE,ACE,CE,Towers with Radar,0,33,32,52,117,0,2,41,9,52,0,35,73,61,169,34,16,50,219
08/03/2012,LNK,NE,ACE,CE,Towers with Radar,0,30,28,30,88,0,7,34,4,45,0,37,62,34,133,14,8,22,155
08/04/2012,LNK,NE,ACE,CE,Towers with Radar,0,17,12,6,35,0,0,32,0,32,0,17,44,6,67,30,0,30,97
08/05/2012,LNK,NE,ACE,CE,Towers with Radar,0,28,16,10,54,0,0,55,2,57,0,28,71,12,111,68,0,68,179
08/06/2012,LNK,NE,ACE,CE,Towers with Radar,0,30,37,57,124,0,10,28,5,43,0,40,65,62,167,22,30,52,219
08/07/2012,LNK,NE,ACE,CE,Towers with Radar,0,34,40,21,95,0,10,43,4,57,0,44,83,25,152,24,27,51,203
08/08/2012,LNK,NE,ACE,CE,Towers with Radar,2,38,35,31,106,0,3,35,7,45,2,41,70,38,151,50,14,64,215
08/09/2012,LNK,NE,ACE,CE,Towers with Radar,0,30,38,27,95,0,5,30,4,39,0,35,68,31,134,74,20,94,228
08/10/2012,LNK,NE,ACE,CE,Towers with Radar,2,20,38,38,98,0,6,59,8,73,2,26,97,46,171,92,6,98,269
08/11/2012,LNK,NE,ACE,CE,Towers with Radar,0,20,21,2,43,0,12,39,5,56,0,32,60,7,99,70,0,70,169
08/12/2012,LNK,NE,ACE,CE,Towers with Radar,0,25,27,9,61,0,7,30,3,40,0,32,57,12,101,18,2,20,121
08/13/2012,LNK,NE,ACE,CE,Towers with Radar,2,27,36,37,102,0,2,17,0,19,2,29,53,37,121,16,18,34,155
08/14/2012,LNK,NE,ACE,CE,Towers with Radar,0,29,44,8,81,0,3,27,11,41,0,32,71,19,122,44,12,56,178
08/15/2012,LNK,NE,ACE,CE,Towers with Radar,0,26,41,50,117,0,0,35,13,48,0,26,76,63,165,80,14,94,259
08/16/2012,LNK,NE,ACE,CE,Towers with Radar,0,35,50,25,110,0,5,41,5,51,0,40,91,30,161,22,10,32,193
08/17/2012,LNK,NE,ACE,CE,Towers with Radar,0,27,32,48,107,0,6,65,21,92,0,33,97,69,199,40,42,82,281
08/18/2012,LNK,NE,ACE,CE,Towers with Radar,0,19,6,4,29,0,0,29,0,29,0,19,35,4,58,18,0,18,76
08/19/2012,LNK,NE,ACE,CE,Towers with Radar,2,24,29,7,62,0,5,60,7,72,2,29,89,14,134,26,0,26,160
08/20/2012,LNK,NE,ACE,CE,Towers with Radar,0,35,25,30,90,0,0,13,1,14,0,35,38,31,104,24,46,70,174
08/21/2012,LNK,NE,ACE,CE,Towers with Radar,0,36,49,28,113,0,6,31,10,47,0,42,80,38,160,12,48,60,220
08/22/2012,LNK,NE,ACE,CE,Towers with Radar,0,26,65,61,152,0,2,27,16,45,0,28,92,77,197,22,12,34,231
08/23/2012,LNK,NE,ACE,CE,Towers with Radar,0,31,42,34,107,0,6,40,12,58,0,37,82,46,165,12,4,16,181
08/24/2012,LNK,NE,ACE,CE,Towers with Radar,0,26,40,9,75,0,0,8,4,12,0,26,48,13,87,36,0,36,123
08/25/2012,LNK,NE,ACE,CE,Towers with Radar,0,21,16,11,48,0,0,3,0,3,0,21,19,11,51,28,0,28,79
08/26/2012,LNK,NE,ACE,CE,Towers with Radar,0,38,34,12,84,0,0,18,1,19,0,38,52,13,103,22,0,22,125
08/27/2012,LNK,NE,ACE,CE,Towers with Radar,0,37,32,91,160,0,4,28,4,36,0,41,60,95,196,60,14,74,270
08/28/2012,LNK,NE,ACE,CE,Towers with Radar,0,28,32,71,131,0,6,54,6,66,0,34,86,77,197,56,18,74,271
08/29/2012,LNK,NE,ACE,CE,Towers with Radar,0,23,51,42,116,0,8,27,14,49,0,31,78,56,165,34,14,48,213
08/30/2012,LNK,NE,ACE,CE,Towers with Radar,0,24,41,61,126,0,7,35,4,46,0,31,76,65,172,34,26,60,232
08/31/2012,LNK,NE,ACE,CE,Towers with Radar,1,25,37,46,109,0,8,33,2,43,1,33,70,48,152,52,8,60,212
09/01/2012,LNK,NE,ACE,CE,Towers with Radar,1,14,31,2,48,0,4,68,0,72,1,18,99,2,120,22,14,36,156
09/02/2012,LNK,NE,ACE,CE,Towers with Radar,0,10,20,0,30,0,0,30,0,30,0,10,50,0,60,22,0,22,82
09/03/2012,LNK,NE,ACE,CE,Towers with Radar,0,24,17,3,44,0,8,20,3,31,0,32,37,6,75,16,0,16,91
09/04/2012,LNK,NE,ACE,CE,Towers with Radar,0,28,41,54,123,0,6,32,0,38,0,34,73,54,161,26,2,28,189
09/05/2012,LNK,NE,ACE,CE,Towers with Radar,0,33,32,74,139,0,2,31,11,44,0,35,63,85,183,54,54,108,291
09/06/2012,LNK,NE,ACE,CE,Towers with Radar,0,34,46,38,118,0,3,35,15,53,0,37,81,53,171,8,26,34,205
09/07/2012,LNK,NE,ACE,CE,Towers with Radar,2,33,22,109,166,0,3,20,14,37,2,36,42,123,203,26,20,46,249
09/08/2012,LNK,NE,ACE,CE,Towers with Radar,0,21,17,14,52,0,4,38,18,60,0,25,55,32,112,58,6,64,176
09/09/2012,LNK,NE,ACE,CE,Towers with Radar,1,20,30,3,54,0,10,40,3,53,1,30,70,6,107,26,2,28,135
09/10/2012,LNK,NE,ACE,CE,Towers with Radar,0,32,36,92,160,0,10,22,1,33,0,42,58,93,193,6,50,56,249
09/11/2012,LNK,NE,ACE,CE,Towers with Radar,0,24,24,38,86,0,9,34,2,45,0,33,58,40,131,16,16,32,163
09/12/2012,LNK,NE,ACE,CE,Towers with Radar,0,26,36,28,90,0,2,20,3,25,0,28,56,31,115,32,2,34,149
09/13/2012,LNK,NE,ACE,CE,Towers with Radar,0,26,44,45,115,0,0,52,6,58,0,26,96,51,173,90,36,126,299
09/14/2012,LNK,NE,ACE,CE,Towers with Radar,1,26,34,75,136,0,11,56,1,68,1,37,90,76,204,20,38,58,262
09/15/2012,LNK,NE,ACE,CE,Towers with Radar,1,14,42,3,60,0,5,51,0,56,1,19,93,3,116,32,4,36,152
09/16/2012,LNK,NE,ACE,CE,Towers with Radar,0,20,43,8,71,0,0,22,2,24,0,20,65,10,95,14,16,30,125
09/17/2012,LNK,NE,ACE,CE,Towers with Radar,0,29,25,6,60,0,3,9,0,12,0,32,34,6,72,20,24,44,116
09/18/2012,LNK,NE,ACE,CE,Towers with Radar,0,31,39,25,95,0,7,49,5,61,0,38,88,30,156,88,12,100,256
09/19/2012,LNK,NE,ACE,CE,Towers with Radar,0,30,35,28,93,0,2,35,11,48,0,32,70,39,141,29,20,49,190
09/20/2012,LNK,NE,ACE,CE,Towers with Radar,0,30,63,31,124,0,7,40,9,56,0,37,103,40,180,48,0,48,228
09/21/2012,LNK,NE,ACE,CE,Towers with Radar,1,33,33,50,117,0,4,34,3,41,1,37,67,53,158,12,0,12,170
09/22/2012,LNK,NE,ACE,CE,Towers with Radar,3,16,37,0,56,0,2,59,0,61,3,18,96,0,117,14,0,14,131
09/23/2012,LNK,NE,ACE,CE,Towers with Radar,0,21,37,1,59,0,9,48,1,58,0,30,85,2,117,62,0,62,179
09/24/2012,LNK,NE,ACE,CE,Towers with Radar,0,31,27,12,70,0,5,41,1,47,0,36,68,13,117,86,20,106,223
09/25/2012,LNK,NE,ACE,CE,Towers with Radar,1,30,32,20,83,0,2,34,5,41,1,32,66,25,124,20,18,38,162
09/26/2012,LNK,NE,ACE,CE,Towers with Radar,3,27,46,36,112,0,0,32,13,45,3,27,78,49,157,54,20,74,231
09/27/2012,LNK,NE,ACE,CE,Towers with Radar,0,38,32,73,143,0,3,52,6,61,0,41,84,79,204,62,44,106,310
09/28/2012,LNK,NE,ACE,CE,Towers with Radar,3,38,52,48,141,0,16,44,10,70,3,54,96,58,211,62,6,68,279
09/29/2012,LNK,NE,ACE,CE,Towers with Radar,4,35,42,0,81,0,8,77,2,87,4,43,119,2,168,78,0,78,246
09/30/2012,LNK,NE,ACE,CE,Towers with Radar,1,36,30,5,72,0,5,45,0,50,1,41,75,5,122,24,0,24,146
10/01/2012,LNK,NE,ACE,CE,Towers with Radar,0,37,34,10,81,0,13,15,0,28,0,50,49,10,109,6,0,6,115
10/02/2012,LNK,NE,ACE,CE,Towers with Radar,2,32,35,35,104,0,4,36,4,44,2,36,71,39,148,46,36,82,230
10/03/2012,LNK,NE,ACE,CE,Towers with Radar,0,35,32,79,146,0,11,27,2,40,0,46,59,81,186,58,22,80,266
10/04/2012,LNK,NE,ACE,CE,Towers with Radar,0,38,48,26,112,0,0,26,0,26,0,38,74,26,138,30,4,34,172
10/05/2012,LNK,NE,ACE,CE,Towers with Radar,5,23,30,2,60,0,19,28,0,47,5,42,58,2,107,38,0,38,145
10/06/2012,LNK,NE,ACE,CE,Towers with Radar,1,19,27,20,67,0,0,44,0,44,1,19,71,20,111,136,0,136,247
10/07/2012,LNK,NE,ACE,CE,Towers with Radar,4,32,20,5,61,0,11,35,0,46,4,43,55,5,107,20,0,20,127
10/08/2012,LNK,NE,ACE,CE,Towers with Radar,0,32,35,1,68,0,6,17,0,23,0,38,52,1,91,24,0,24,115
10/09/2012,LNK,NE,ACE,CE,Towers with Radar,0,32,22,22,76,0,1,29,6,36,0,33,51,28,112,36,0,36,148
10/10/2012,LNK,NE,ACE,CE,Towers with Radar,0,27,40,13,80,0,2,52,10,64,0,29,92,23,144,40,12,52,196
10/11/2012,LNK,NE,ACE,CE,Towers with Radar,0,27,29,39,95,0,6,39,8,53,0,33,68,47,148,56,14,70,218
10/12/2012,LNK,NE,ACE,CE,Towers with Radar,0,33,60,13,106,0,2,30,4,36,0,35,90,17,142,10,0,10,152
10/13/2012,LNK,NE,ACE,CE,Towers with Radar,0,16,24,1,41,0,4,8,3,15,0,20,32,4,56,22,0,22,78
10/14/2012,LNK,NE,ACE,CE,Towers with Radar,0,24,28,12,64,0,7,22,2,31,0,31,50,14,95,26,8,34,129
10/15/2012,LNK,NE,ACE,CE,Towers with Radar,0,35,38,44,117,0,11,59,2,72,0,46,97,46,189,98,24,122,311
10/16/2012,LNK,NE,ACE,CE,Towers with Radar,0,32,34,23,89,0,5,59,4,68,0,37,93,27,157,44,24,68,225
10/17/2012,LNK,NE,ACE,CE,Towers with Radar,0,27,31,27,85,0,1,16,9,26,0,28,47,36,111,0,12,12,123
10/18/2012,LNK,NE,ACE,CE,Towers with Radar,0,32,22,10,64,0,2,0,4,6,0,34,22,14,70,0,0,0,70
10/19/2012,LNK,NE,ACE,CE,Towers with Radar,2,25,28,19,74,0,20,15,15,50,2,45,43,34,124,4,0,4,128
10/20/2012,LNK,NE,ACE,CE,Towers with Radar,2,16,32,0,50,0,0,24,18,42,2,16,56,18,92,87,0,87,179
10/21/2012,LNK,NE,ACE,CE,Towers with Radar,0,26,30,0,56,0,9,44,3,56,0,35,74,3,112,54,0,54,166
10/22/2012,LNK,NE,ACE,CE,Towers with Radar,0,32,52,10,94,0,0,0,0,0,0,32,52,10,94,0,0,0,94
10/23/2012,LNK,NE,ACE,CE,Towers with Radar,0,26,63,43,132,0,0,18,1,19,0,26,81,44,151,42,0,42,193
10/24/2012,LNK,NE,ACE,CE,Towers with Radar,0,24,32,48,104,0,0,0,0,0,0,24,32,48,104,0,0,0,104
10/25/2012,LNK,NE,ACE,CE,Towers with Radar,0,29,22,40,91,0,0,11,7,18,0,29,33,47,109,16,10,26,135
10/26/2012,LNK,NE,ACE,CE,Towers with Radar,2,34,45,20,101,0,5,34,7,46,2,39,79,27,147,72,10,82,229
10/27/2012,LNK,NE,ACE,CE,Towers with Radar,1,32,38,2,73,0,2,53,0,55,1,34,91,2,128,72,0,72,200
10/28/2012,LNK,NE,ACE,CE,Towers with Radar,0,26,40,1,67,0,2,56,1,59,0,28,96,2,126,80,0,80,206
10/29/2012,LNK,NE,ACE,CE,Towers with Radar,0,34,44,35,113,0,17,44,3,64,0,51,88,38,177,46,32,78,255
10/30/2012,LNK,NE,ACE,CE,Towers with Radar,0,19,46,5,70,0,11,38,3,52,0,30,84,8,122,42,12,54,176
10/31/2012,LNK,NE,ACE,CE,Towers with Radar,0,18,26,24,68,0,2,56,10,68,0,20,82,34,136,93,14,107,243
11/01/2012,LNK,NE,ACE,CE,Towers with Radar,0,32,46,58,136,0,0,39,9,48,0,32,85,67,184,76,24,100,284
11/02/2012,LNK,NE,ACE,CE,Towers with Radar,2,31,36,15,84,0,3,43,10,56,2,34,79,25,140,72,12,84,224
11/03/2012,LNK,NE,ACE,CE,Towers with Radar,2,15,20,5,42,0,4,43,16,63,2,19,63,21,105,32,0,32,137
11/04/2012,LNK,NE,ACE,CE,Towers with Radar,0,23,26,14,63,0,1,26,9,36,0,24,52,23,99,42,0,42,141
11/05/2012,LNK,NE,ACE,CE,Towers with Radar,0,34,28,14,76,0,0,1,0,1,0,34,29,14,77,50,0,50,127
11/06/2012,LNK,NE,ACE,CE,Towers with Radar,0,31,33,14,78,0,7,20,2,29,0,38,53,16,107,12,2,14,121
11/07/2012,LNK,NE,ACE,CE,Towers with Radar,0,22,38,30,90,0,10,43,13,66,0,32,81,43,156,36,40,76,232
11/08/2012,LNK,NE,ACE,CE,Towers with Radar,0,32,38,31,101,0,11,46,22,79,0,43,84,53,180,68,14,82,262
11/09/2012,LNK,NE,ACE,CE,Towers with Radar,2,30,35,16,83,0,5,46,3,54,2,35,81,19,137,68,6,74,211
11/10/2012,LNK,NE,ACE,CE,Towers with Radar,2,18,34,0,54,0,4,18,2,24,2,22,52,2,78,14,0,14,92
11/11/2012,LNK,NE,ACE,CE,Towers with Radar,0,18,9,0,27,0,5,12,1,18,0,23,21,1,45,0,0,0,45
11/12/2012,LNK,NE,ACE,CE,Towers with Radar,0,39,20,0,59,0,6,23,0,29,0,45,43,0,88,50,0,50,138
11/13/2012,LNK,NE,ACE,CE,Towers with Radar,2,26,40,8,76,0,8,47,1,56,2,34,87,9,132,44,4,48,180
11/14/2012,LNK,NE,ACE,CE,Towers with Radar,0,29,54,13,96,0,2,47,20,69,0,31,101,33,165,34,10,44,209
11/15/2012,LNK,NE,ACE,CE,Towers with Radar,0,34,38,31,103,0,3,41,11,55,0,37,79,42,158,26,16,42,200
11/16/2012,LNK,NE,ACE,CE,Towers with Radar,6,27,59,27,119,0,0,43,5,48,6,27,102,32,167,74,20,94,261
11/17/2012,LNK,NE,ACE,CE,Towers with Radar,4,16,40,12,72,0,11,68,6,85,4,27,108,18,157,22,8,30,187
11/18/2012,LNK,NE,ACE,CE,Towers with Radar,0,28,27,7,62,0,6,32,5,43,0,34,59,12,105,30,14,44,149
11/19/2012,LNK,NE,ACE,CE,Towers with Radar,0,29,21,33,83,0,10,33,0,43,0,39,54,33,126,32,16,48,174
11/20/2012,LNK,NE,ACE,CE,Towers with Radar,0,33,39,19,91,0,0,50,9,59,0,33,89,28,150,14,8,22,172
11/21/2012,LNK,NE,ACE,CE,Towers with Radar,2,32,23,10,67,0,0,33,6,39,2,32,56,16,106,28,2,30,136
11/22/2012,LNK,NE,ACE,CE,Towers with Radar,2,12,5,0,19,0,0,17,0,17,2,12,22,0,36,10,0,10,46
11/23/2012,LNK,NE,ACE,CE,Towers with Radar,2,12,22,0,36,0,9,30,0,39,2,21,52,0,75,18,0,18,93
11/24/2012,LNK,NE,ACE,CE,Towers with Radar,3,22,19,0,44,0,3,34,0,37,3,25,53,0,81,22,0,22,103
11/25/2012,LNK,NE,ACE,CE,Towers with Radar,2,28,43,0,73,0,4,38,0,42,2,32,81,0,115,36,0,36,151
11/26/2012,LNK,NE,ACE,CE,Towers with Radar,2,30,17,23,72,0,4,1,0,5,2,34,18,23,77,12,0,12,89
11/27/2012,LNK,NE,ACE,CE,Towers with Radar,1,22,25,14,62,0,3,33,0,36,1,25,58,14,98,30,10,40,138
11/28/2012,LNK,NE,ACE,CE,Towers with Radar,4,20,52,27,103,0,0,54,6,60,4,20,106,33,163,54,26,80,243
11/29/2012,LNK,NE,ACE,CE,Towers with Radar,0,28,32,26,86,0,0,46,13,59,0,28,78,39,145,68,26,94,239
11/30/2012,LNK,NE,ACE,CE,Towers with Radar,2,28,28,52,110,0,2,39,9,50,2,30,67,61,160,88,24,112,272
12/01/2012,LNK,NE,ACE,CE,Towers with Radar,0,18,21,0,39,0,0,3,0,3,0,18,24,0,42,0,0,0,42
12/02/2012,LNK,NE,ACE,CE,Towers with Radar,0,24,27,2,53,0,0,56,0,56,0,24,83,2,109,40,0,40,149
12/03/2012,LNK,NE,ACE,CE,Towers with Radar,0,36,22,25,83,0,2,23,1,26,0,38,45,26,109,8,16,24,133
12/04/2012,LNK,NE,ACE,CE,Towers with Radar,0,27,35,24,86,0,9,51,5,65,0,36,86,29,151,36,2,38,189
12/05/2012,LNK,NE,ACE,CE,Towers with Radar,0,24,49,39,112,0,5,37,11,53,0,29,86,50,165,20,18,38,203
12/06/2012,LNK,NE,ACE,CE,Towers with Radar,0,30,53,29,112,0,9,27,12,48,0,39,80,41,160,16,10,26,186
12/07/2012,LNK,NE,ACE,CE,Towers with Radar,2,21,43,35,101,0,4,32,1,37,2,25,75,36,138,4,14,18,156
12/08/2012,LNK,NE,ACE,CE,Towers with Radar,2,24,18,8,52,0,0,16,0,16,2,24,34,8,68,8,2,10,78
12/09/2012,LNK,NE,ACE,CE,Towers with Radar,0,19,16,2,37,0,2,8,0,10,0,21,24,2,47,2,0,2,49
12/10/2012,LNK,NE,ACE,CE,Towers with Radar,0,29,27,15,71,0,9,41,4,54,0,38,68,19,125,34,0,34,159
12/11/2012,LNK,NE,ACE,CE,Towers with Radar,0,21,28,8,57,0,5,36,2,43,0,26,64,10,100,34,0,34,134
12/12/2012,LNK,NE,ACE,CE,Towers with Radar,0,25,45,36,106,0,9,51,17,77,0,34,96,53,183,30,8,38,221
12/13/2012,LNK,NE,ACE,CE,Towers with Radar,0,28,58,38,124,0,4,45,10,59,0,32,103,48,183,78,26,104,287
12/14/2012,LNK,NE,ACE,CE,Towers with Radar,0,27,34,26,87,0,6,28,6,40,0,33,62,32,127,64,6,70,197
12/15/2012,LNK,NE,ACE,CE,Towers with Radar,0,26,18,2,46,0,4,6,0,10,0,30,24,2,56,0,0,0,56
12/16/2012,LNK,NE,ACE,CE,Towers with Radar,0,20,20,0,40,0,4,7,0,11,0,24,27,0,51,56,0,56,107
12/17/2012,LNK,NE,ACE,CE,Towers with Radar,0,25,25,9,59,0,0,19,0,19,0,25,44,9,78,28,8,36,114
12/18/2012,LNK,NE,ACE,CE,Towers with Radar,0,27,35,31,93,0,0,50,11,61,0,27,85,42,154,82,14,96,250
12/19/2012,LNK,NE,ACE,CE,Towers with Radar,0,21,23,17,61,0,1,4,1,6,0,22,27,18,67,42,0,42,109
12/20/2012,LNK,NE,ACE,CE,Towers with Radar,0,17,21,5,43,0,3,7,15,25,0,20,28,20,68,0,14,14,82
12/21/2012,LNK,NE,ACE,CE,Towers with Radar,0,25,51,4,80,0,0,30,3,33,0,25,81,7,113,40,0,40,153
12/22/2012,LNK,NE,ACE,CE,Towers with Radar,0,17,24,0,41,0,0,41,0,41,0,17,65,0,82,38,0,38,120
12/23/2012,LNK,NE,ACE,CE,Towers with Radar,0,19,19,0,38,0,10,22,0,32,0,29,41,0,70,24,0,24,94
12/24/2012,LNK,NE,ACE,CE,Towers with Radar,3,19,13,0,35,0,7,14,0,21,3,26,27,0,56,38,0,38,94
12/25/2012,LNK,NE,ACE,CE,Towers with Radar,1,16,2,0,19,0,0,7,0,7,1,16,9,0,26,0,0,0,26
12/26/2012,LNK,NE,ACE,CE,Towers with Radar,2,30,29,12,73,0,0,31,0,31,2,30,60,12,104,16,4,20,124
12/27/2012,LNK,NE,ACE,CE,Towers with Radar,0,29,15,8,52,0,1,1,0,2,0,30,16,8,54,0,0,0,54
12/28/2012,LNK,NE,ACE,CE,Towers with Radar,4,29,16,12,61,0,3,2,0,5,4,32,18,12,66,12,0,12,78
12/29/2012,LNK,NE,ACE,CE,Towers with Radar,0,20,14,0,34,0,2,30,0,32,0,22,44,0,66,86,0,86,152
12/30/2012,LNK,NE,ACE,CE,Towers with Radar,4,22,17,0,43,0,0,19,0,19,4,22,36,0,62,4,0,4,66
12/31/2012,LNK,NE,ACE,CE,Towers with Radar,0,20,6,0,26,0,0,0,0,0,0,20,6,0,26,0,0,0,26
01/01/2013,LNK,NE,ACE,CE,Towers with Radar,1,19,13,0,33,0,4,10,0,14,1,23,23,0,47,12,0,12,59
01/02/2013,LNK,NE,ACE,CE,Towers with Radar,4,29,23,11,67,0,0,11,5,16,4,29,34,16,83,32,8,40,123
01/03/2013,LNK,NE,ACE,CE,Towers with Radar,0,28,14,24,66,0,1,7,8,16,0,29,21,32,82,12,10,22,104
01/04/2013,LNK,NE,ACE,CE,Towers with Radar,0,26,34,18,78,0,1,34,9,44,0,27,68,27,122,52,12,64,186
01/05/2013,LNK,NE,ACE,CE,Towers with Radar,0,24,30,9,63,0,2,36,0,38,0,26,66,9,101,20,0,20,121
01/06/2013,LNK,NE,ACE,CE,Towers with Radar,0,24,39,3,66,0,7,47,1,55,0,31,86,4,121,22,8,30,151
01/07/2013,LNK,NE,ACE,CE,Towers with Radar,0,31,22,36,89,0,0,22,0,22,0,31,44,36,111,2,22,24,135
01/08/2013,LNK,NE,ACE,CE,Towers with Radar,0,24,50,13,87,0,0,34,3,37,0,24,84,16,124,52,10,62,186
01/09/2013,LNK,NE,ACE,CE,Towers with Radar,0,23,49,70,142,0,1,74,14,89,0,24,123,84,231,70,38,108,339
01/10/2013,LNK,NE,ACE,CE,Towers with Radar,0,34,29,33,96,0,0,4,0,4,0,34,33,33,100,8,0,8,108
01/11/2013,LNK,NE,ACE,CE,Towers with Radar,0,29,37,27,93,0,0,7,11,18,0,29,44,38,111,6,10,16,127
01/12/2013,LNK,NE,ACE,CE,Towers with Radar,0,18,14,1,33,0,2,18,4,24,0,20,32,5,57,14,0,14,71
01/13/2013,LNK,NE,ACE,CE,Towers with Radar,0,27,30,15,72,0,5,43,7,55,0,32,73,22,127,44,0,44,171
01/14/2013,LNK,NE,ACE,CE,Towers with Radar,0,27,29,16,72,0,11,40,0,51,0,38,69,16,123,76,2,78,201
01/15/2013,LNK,NE,ACE,CE,Towers with Radar,1,27,37,35,100,0,3,17,4,24,1,30,54,39,124,68,42,110,234
01/16/2013,LNK,NE,ACE,CE,Towers with Radar,3,21,40,30,94,0,3,39,9,51,3,24,79,39,145,14,26,40,185
01/17/2013,LNK,NE,ACE,CE,Towers with Radar,0,31,19,22,72,0,0,24,8,32,0,31,43,30,104,40,10,50,154
01/18/2013,LNK,NE,ACE,CE,Towers with Radar,0,32,27,17,76,0,0,26,3,29,0,32,53,20,105,34,10,44,149
01/19/2013,LNK,NE,ACE,CE,Towers with Radar,0,14,23,4,41,0,1,34,0,35,0,15,57,4,76,44,0,44,120
01/20/2013,LNK,NE,ACE,CE,Towers with Radar,0,16,23,2,41,0,2,17,0,19,0,18,40,2,60,25,0,25,85
01/21/2013,LNK,NE,ACE,CE,Towers with Radar,2,30,26,0,58,0,2,2,0,4,2,32,28,0,62,6,0,6,68
01/22/2013,LNK,NE,ACE,CE,Towers with Radar,2,28,30,19,79,0,1,18,5,24,2,29,48,24,103,40,12,52,155
01/23/2013,LNK,NE,ACE,CE,Towers with Radar,0,27,34,57,118,0,1,29,10,40,0,28,63,67,158,104,32,136,294
01/24/2013,LNK,NE,ACE,CE,Towers with Radar,0,24,37,46,107,0,3,14,9,26,0,27,51,55,133,12,16,28,161
01/25/2013,LNK,NE,ACE,CE,Towers with Radar,2,29,37,36,104,0,0,44,6,50,2,29,81,42,154,78,16,94,248
01/26/2013,LNK,NE,ACE,CE,Towers with Radar,0,16,15,4,35,0,2,58,0,60,0,18,73,4,95,69,0,69,164
01/27/2013,LNK,NE,ACE,CE,Towers with Radar,0,25,19,0,44,0,0,0,0,0,0,25,19,0,44,0,0,0,44
01/28/2013,LNK,NE,ACE,CE,Towers with Radar,0,29,23,6,58,0,0,0,0,0,0,29,23,6,58,0,0,0,58
01/29/2013,LNK,NE,ACE,CE,Towers with Radar,0,20,24,8,52,0,0,0,0,0,0,20,24,8,52,6,0,6,58
01/30/2013,LNK,NE,ACE,CE,Towers with Radar,0,27,20,16,63,0,0,1,12,13,0,27,21,28,76,0,18,18,94
01/31/2013,LNK,NE,ACE,CE,Towers with Radar,0,34,29,19,82,0,5,3,14,22,0,39,32,33,104,0,6,6,110
02/01/2013,LNK,NE,ACE,CE,Towers with Radar,2,23,39,40,104,0,4,20,9,33,2,27,59,49,137,86,4,90,227
02/02/2013,LNK,NE,ACE,CE,Towers with Radar,2,15,19,21,57,0,6,35,9,50,2,21,54,30,107,100,12,112,219
02/03/2013,LNK,NE,ACE,CE,Towers with Radar,0,20,31,3,54,0,8,48,6,62,0,28,79,9,116,96,2,98,214
02/04/2013,LNK,NE,ACE,CE,Towers with Radar,0,33,20,26,79,0,0,3,0,3,0,33,23,26,82,0,0,0,82
02/05/2013,LNK,NE,ACE,CE,Towers with Radar,0,19,40,29,88,0,4,45,6,55,0,23,85,35,143,46,10,56,199
02/06/2013,LNK,NE,ACE,CE,Towers with Radar,0,24,23,47,94,0,1,27,13,41,0,25,50,60,135,34,42,76,211
02/07/2013,LNK,NE,ACE,CE,Towers with Radar,0,31,41,37,109,0,0,9,11,20,0,31,50,48,129,0,4,4,133
02/08/2013,LNK,NE,ACE,CE,Towers with Radar,1,24,35,26,86,0,0,17,11,28,1,24,52,37,114,6,4,10,124
02/09/2013,LNK,NE,ACE,CE,Towers with Radar,3,13,11,3,30,0,0,18,2,20,3,13,29,5,50,32,0,32,82
02/10/2013,LNK,NE,ACE,CE,Towers with Radar,0,19,7,0,26,0,0,4,0,4,0,19,11,0,30,0,0,0,30
02/11/2013,LNK,NE,ACE,CE,Towers with Radar,0,29,32,6,67,0,2,19,0,21,0,31,51,6,88,46,24,70,158
02/12/2013,LNK,NE,ACE,CE,Towers with Radar,0,38,35,41,114,0,8,45,7,60,0,46,80,48,174,12,26,38,212
02/13/2013,LNK,NE,ACE,CE,Towers with Radar,2,24,38,51,115,0,2,39,16,57,2,26,77,67,172,26,4,30,202
02/14/2013,LNK,NE,ACE,CE,Towers with Radar,2,27,13,21,63,0,2,16,14,32,2,29,29,35,95,4,10,14,109
02/15/2013,LNK,NE,ACE,CE,Towers with Radar,0,32,35,12,79,0,1,12,0,13,0,33,47,12,92,48,6,54,146
02/16/2013,LNK,NE,ACE,CE,Towers with Radar,0,17,19,0,36,0,0,27,0,27,0,17,46,0,63,66,0,66,129
02/17/2013,LNK,NE,ACE,CE,Towers with Radar,0,25,31,0,56,0,3,53,0,56,0,28,84,0,112,20,0,20,132
02/18/2013,LNK,NE,ACE,CE,Towers with Radar,0,28,34,0,62,0,0,1,0,1,0,28,35,0,63,0,0,0,63
02/19/2013,LNK,NE,ACE,CE,Towers with Radar,0,39,37,24,100,0,4,22,0,26,0,43,59,24,126,30,12,42,168
02/20/2013,LNK,NE,ACE,CE,Towers with Radar,0,31,35,24,90,0,0,17,14,31,0,31,52,38,121,44,36,80,201
02/21/2013,LNK,NE,ACE,CE,Towers with Radar,0,5,2,0,7,0,0,0,0,0,0,5,2,0,7,0,0,0,7
02/22/2013,LNK,NE,ACE,CE,Towers with Radar,2,21,35,18,76,0,6,12,3,21,2,27,47,21,97,24,14,38,135
02/23/2013,LNK,NE,ACE,CE,Towers with Radar,4,15,31,2,52,0,6,54,0,60,4,21,85,2,112,84,0,84,196
02/24/2013,LNK,NE,ACE,CE,Towers with Radar,2,23,34,0,59,0,7,21,0,28,2,30,55,0,87,18,0,18,105
02/25/2013,LNK,NE,ACE,CE,Towers with Radar,0,34,20,31,85,0,0,3,0,3,0,34,23,31,88,38,0,38,126
02/26/2013,LNK,NE,ACE,CE,Towers with Radar,0,23,21,50,94,0,0,0,0,0,0,23,21,50,94,0,0,0,94
02/27/2013,LNK,NE,ACE,CE,Towers with Radar,0,33,37,8,78,0,0,19,8,27,0,33,56,16,105,0,0,0,105
02/28/2013,LNK,NE,ACE,CE,Towers with Radar,0,33,44,5,82,0,3,10,18,31,0,36,54,23,113,42,2,44,157
03/01/2013,LNK,NE,ACE,CE,Towers with Radar,0,31,33,7,71,0,4,12,6,22,0,35,45,13,93,31,1,32,125
03/02/2013,LNK,NE,ACE,CE,Towers with Radar,1,18,27,3,49,0,0,64,8,72,1,18,91,11,121,22,0,22,143
03/03/2013,LNK,NE,ACE,CE,Towers with Radar,2,23,23,8,56,0,4,31,7,42,2,27,54,15,98,40,2,42,140
03/04/2013,LNK,NE,ACE,CE,Towers with Radar,0,34,20,18,72,0,9,4,0,13,0,43,24,18,85,36,0,36,121
03/05/2013,LNK,NE,ACE,CE,Towers with Radar,1,24,8,12,45,0,0,5,0,5,1,24,13,12,50,0,4,4,54
03/06/2013,LNK,NE,ACE,CE,Towers with Radar,1,27,38,19,85,0,1,42,7,50,1,28,80,26,135,52,0,52,187
03/07/2013,LNK,NE,ACE,CE,Towers with Radar,2,37,39,32,110,0,9,53,10,72,2,46,92,42,182,36,4,40,222
03/08/2013,LNK,NE,ACE,CE,Towers with Radar,0,36,51,17,104,0,0,56,3,59,0,36,107,20,163,44,0,44,207
03/09/2013,LNK,NE,ACE,CE,Towers with Radar,1,15,21,2,39,0,3,0,0,3,1,18,21,2,42,16,0,16,58
03/10/2013,LNK,NE,ACE,CE,Towers with Radar,0,17,5,2,24,0,0,0,0,0,0,17,5,2,24,0,0,0,24
03/11/2013,LNK,NE,ACE,CE,Towers with Radar,0,30,36,8,74,0,2,19,0,21,0,32,55,8,95,14,6,20,115
03/12/2013,LNK,NE,ACE,CE,Towers with Radar,0,28,26,19,73,0,0,20,3,23,0,28,46,22,96,14,2,16,112
03/13/2013,LNK,NE,ACE,CE,Towers with Radar,2,30,26,59,117,0,1,40,10,51,2,31,66,69,168,12,13,25,193
03/14/2013,LNK,NE,ACE,CE,Towers with Radar,0,34,37,21,92,0,0,60,7,67,0,34,97,28,159,60,10,70,229
03/15/2013,LNK,NE,ACE,CE,Towers with Radar,0,24,47,41,112,0,3,63,5,71,0,27,110,46,183,44,8,52,235
03/16/2013,LNK,NE,ACE,CE,Towers with Radar,0,15,20,2,37,0,0,14,0,14,0,15,34,2,51,16,0,16,67
03/17/2013,LNK,NE,ACE,CE,Towers with Radar,0,20,17,0,37,0,2,30,0,32,0,22,47,0,69,10,0,10,79
03/18/2013,LNK,NE,ACE,CE,Towers with Radar,0,37,21,6,64,0,3,14,0,17,0,40,35,6,81,6,4,10,91
03/19/2013,LNK,NE,ACE,CE,Towers with Radar,0,30,26,10,66,0,1,36,6,43,0,31,62,16,109,36,0,36,145
03/20/2013,LNK,NE,ACE,CE,Towers with Radar,0,37,34,26,97,0,7,40,10,57,0,44,74,36,154,40,6,46,200
03/21/2013,LNK,NE,ACE,CE,Towers with Radar,2,31,29,9,71,0,0,4,12,16,2,31,33,21,87,2,6,8,95
03/22/2013,LNK,NE,ACE,CE,Towers with Radar,0,31,20,16,67,0,3,4,2,9,0,34,24,18,76,66,0,66,142
03/23/2013,LNK,NE,ACE,CE,Towers with Radar,0,11,8,1,20,0,0,0,0,0,0,11,8,1,20,0,0,0,20
03/24/2013,LNK,NE,ACE,CE,Towers with Radar,0,18,12,0,30,0,2,2,0,4,0,20,14,0,34,16,0,16,50
03/25/2013,LNK,NE,ACE,CE,Towers with Radar,0,31,33,8,72,0,2,2,0,4,0,33,35,8,76,0,0,0,76
03/26/2013,LNK,NE,ACE,CE,Towers with Radar,0,29,48,28,105,0,6,37,3,46,0,35,85,31,151,66,6,72,223
03/27/2013,LNK,NE,ACE,CE,Towers with Radar,0,34,39,28,101,0,4,46,10,60,0,38,85,38,161,64,8,72,233
03/28/2013,LNK,NE,ACE,CE,Towers with Radar,0,31,37,45,113,0,7,37,15,59,0,38,74,60,172,66,30,96,268
03/29/2013,LNK,NE,ACE,CE,Towers with Radar,2,30,31,26,89,0,8,33,10,51,2,38,64,36,140,52,14,66,206
03/30/2013,LNK,NE,ACE,CE,Towers with Radar,0,18,17,1,36,0,4,24,1,29,0,22,41,2,65,30,0,30,95
03/31/2013,LNK,NE,ACE,CE,Towers with Radar,4,17,12,0,33,0,4,32,0,36,4,21,44,0,69,0,0,0,69
04/01/2013,LNK,NE,ACE,CE,Towers with Radar,0,33,20,14,67,0,6,22,0,28,0,39,42,14,95,2,0,2,97
04/02/2013,LNK,NE,ACE,CE,Towers with Radar,0,29,27,17,73,0,3,35,4,42,0,32,62,21,115,10,16,26,141
04/03/2013,LNK,NE,ACE,CE,Towers with Radar,2,30,25,52,109,1,1,44,9,55,3,31,69,61,164,40,18,58,222
04/04/2013,LNK,NE,ACE,CE,Towers with Radar,0,27,45,56,128,0,7,40,15,62,0,34,85,71,190,0,20,20,210
04/05/2013,LNK,NE,ACE,CE,Towers with Radar,0,22,39,33,94,0,4,25,4,33,0,26,64,37,127,22,6,28,155
04/06/2013,LNK,NE,ACE,CE,Towers with Radar,0,13,15,1,29,0,9,31,2,42,0,22,46,3,71,14,0,14,85
04/07/2013,LNK,NE,ACE,CE,Towers with Radar,0,25,27,9,61,0,0,30,1,31,0,25,57,10,92,54,4,58,150
04/08/2013,LNK,NE,ACE,CE,Towers with Radar,0,28,34,28,90,0,4,3,0,7,0,32,37,28,97,16,0,16,113
04/09/2013,LNK,NE,ACE,CE,Towers with Radar,0,22,20,21,63,0,0,0,0,0,0,22,20,21,63,0,0,0,63
04/10/2013,LNK,NE,ACE,CE,Towers with Radar,0,16,20,43,79,0,0,0,0,0,0,16,20,43,79,0,0,0,79
04/11/2013,LNK,NE,ACE,CE,Towers with Radar,0,29,25,34,88,0,5,7,10,22,0,34,32,44,110,0,16,16,126
04/12/2013,LNK,NE,ACE,CE,Towers with Radar,0,32,26,33,91,0,12,12,11,35,0,44,38,44,126,22,12,34,160
04/13/2013,LNK,NE,ACE,CE,Towers with Radar,2,15,24,2,43,0,16,54,3,73,2,31,78,5,116,64,0,64,180
04/14/2013,LNK,NE,ACE,CE,Towers with Radar,2,24,12,2,40,0,8,13,3,24,2,32,25,5,64,22,0,22,86
04/15/2013,LNK,NE,ACE,CE,Towers with Radar,1,34,30,18,83,0,12,24,2,38,1,46,54,20,121,24,8,32,153
04/16/2013,LNK,NE,ACE,CE,Towers with Radar,1,31,37,24,93,0,20,29,4,53,1,51,66,28,146,22,8,30,176
04/17/2013,LNK,NE,ACE,CE,Towers with Radar,0,21,23,3,47,0,0,0,0,0,0,21,23,3,47,0,0,0,47
04/18/2013,LNK,NE,ACE,CE,Towers with Radar,2,26,20,9,57,0,5,4,6,15,2,31,24,15,72,4,0,4,76
04/19/2013,LNK,NE,ACE,CE,Towers with Radar,0,27,30,8,65,0,4,35,7,46,0,31,65,15,111,10,16,26,137
04/20/2013,LNK,NE,ACE,CE,Towers with Radar,0,18,18,2,38,0,17,59,2,78,0,35,77,4,116,72,0,72,188
04/21/2013,LNK,NE,ACE,CE,Towers with Radar,0,28,8,2,38,0,2,25,2,29,0,30,33,4,67,14,0,14,81
04/22/2013,LNK,NE,ACE,CE,Towers with Radar,0,34,13,4,51,0,0,1,0,1,0,34,14,4,52,0,0,0,52
04/23/2013,LNK,NE,ACE,CE,Towers with Radar,0,35,28,9,72,0,6,15,5,26,0,41,43,14,98,18,4,22,120
04/24/2013,LNK,NE,ACE,CE,Towers with Radar,0,27,41,40,108,0,0,43,13,56,0,27,84,53,164,36,6,42,206
04/25/2013,LNK,NE,ACE,CE,Towers with Radar,0,32,42,33,107,0,12,63,13,88,0,44,105,46,195,43,16,59,254
04/26/2013,LNK,NE,ACE,CE,Towers with Radar,0,32,35,40,107,0,4,54,9,67,0,36,89,49,174,54,12,66,240
04/27/2013,LNK,NE,ACE,CE,Towers with Radar,2,21,37,0,60,0,7,46,0,53,2,28,83,0,113,72,0,72,185
04/28/2013,LNK,NE,ACE,CE,Towers with Radar,0,21,37,3,61,0,7,45,0,52,0,28,82,3,113,22,0,22,135
04/29/2013,LNK,NE,ACE,CE,Towers with Radar,0,28,43,20,91,0,9,38,5,52,0,37,81,25,143,54,2,56,199
04/30/2013,LNK,NE,ACE,CE,Towers with Radar,0,26,45,35,106,0,1,23,0,24,0,27,68,35,130,0,38,38,168
05/01/2013,LNK,NE,ACE,CE,Towers with Radar,0,32,26,12,70,0,0,1,0,1,0,32,27,12,71,0,0,0,71
05/02/2013,LNK,NE,ACE,CE,Towers with Radar,0,32,31,71,134,0,2,14,5,21,0,34,45,76,155,0,45,45,200
05/03/2013,LNK,NE,ACE,CE,Towers with Radar,0,35,35,53,123,0,1,26,1,28,0,36,61,54,151,28,23,51,202
05/04/2013,LNK,NE,ACE,CE,Towers with Radar,0,17,37,12,66,0,0,3,0,3,0,17,40,12,69,0,0,0,69
05/05/2013,LNK,NE,ACE,CE,Towers with Radar,0,23,29,3,55,0,5,21,0,26,0,28,50,3,81,40,0,40,121
05/06/2013,LNK,NE,ACE,CE,Towers with Radar,0,39,44,23,106,0,2,43,0,45,0,41,87,23,151,60,2,62,213
05/07/2013,LNK,NE,ACE,CE,Towers with Radar,0,31,33,12,76,0,7,25,7,39,0,38,58,19,115,10,0,10,125
05/08/2013,LNK,NE,ACE,CE,Towers with Radar,0,23,53,50,126,0,4,23,5,32,0,27,76,55,158,42,12,54,212
05/09/2013,LNK,NE,ACE,CE,Towers with Radar,0,25,53,30,108,0,7,1,6,14,0,32,54,36,122,18,28,46,168
05/10/2013,LNK,NE,ACE,CE,Towers with Radar,0,41,37,42,120,0,4,23,0,27,0,45,60,42,147,100,34,134,281
05/11/2013,LNK,NE,ACE,CE,Towers with Radar,0,14,14,1,29,0,2,38,0,40,0,16,52,1,69,32,0,32,101
05/12/2013,LNK,NE,ACE,CE,Towers with Radar,0,18,27,9,54,0,3,54,2,59,0,21,81,11,113,96,0,96,209
05/13/2013,LNK,NE,ACE,CE,Towers with Radar,0,33,30,17,80,0,8,33,0,41,0,41,63,17,121,28,8,36,157
05/14/2013,LNK,NE,ACE,CE,Towers with Radar,0,31,18,57,106,0,7,23,5,35,0,38,41,62,141,10,4,14,155
05/15/2013,LNK,NE,ACE,CE,Towers with Radar,0,28,30,32,90,0,6,35,7,48,0,34,65,39,138,23,20,43,181
05/16/2013,LNK,NE,ACE,CE,Towers with Radar,0,36,26,34,96,0,3,23,10,36,0,39,49,44,132,82,10,92,224
05/17/2013,LNK,NE,ACE,CE,Towers with Radar,0,34,50,34,118,0,8,47,4,59,0,42,97,38,177,64,40,104,281
05/18/2013,LNK,NE,ACE,CE,Towers with Radar,0,20,23,6,49,0,6,46,0,52,0,26,69,6,101,20,4,24,125
05/19/2013,LNK,NE,ACE,CE,Towers with Radar,0,20,21,3,44,0,3,9,11,23,0,23,30,14,67,12,0,12,79
05/20/2013,LNK,NE,ACE,CE,Towers with Radar,0,35,27,22,84,0,0,12,2,14,0,35,39,24,98,6,26,32,130
05/21/2013,LNK,NE,ACE,CE,Towers with Radar,0,39,26,25,90,0,6,24,3,33,0,45,50,28,123,0,12,12,135
05/22/2013,LNK,NE,ACE,CE,Towers with Radar,0,25,36,30,91,0,14,12,11,37,0,39,48,41,128,30,0,30,158
05/23/2013,LNK,NE,ACE,CE,Towers with Radar,0,38,75,23,136,0,0,21,7,28,0,38,96,30,164,20,0,20,184
05/24/2013,LNK,NE,ACE,CE,Towers with Radar,0,30,36,0,66,0,0,19,0,19,0,30,55,0,85,12,0,12,97
05/25/2013,LNK,NE,ACE,CE,Towers with Radar,0,21,11,0,32,0,2,20,0,22,0,23,31,0,54,54,0,54,108
05/26/2013,LNK,NE,ACE,CE,Towers with Radar,0,22,16,0,38,0,1,16,0,17,0,23,32,0,55,43,0,43,98
05/27/2013,LNK,NE,ACE,CE,Towers with Radar,0,28,19,0,47,0,5,24,0,29,0,33,43,0,76,0,0,0,76
05/28/2013,LNK,NE,ACE,CE,Towers with Radar,2,39,29,26,96,0,5,23,6,34,2,44,52,32,130,22,6,28,158
05/29/2013,LNK,NE,ACE,CE,Towers with Radar,0,24,16,21,61,0,1,4,2,7,0,25,20,23,68,3,0,3,71
05/30/2013,LNK,NE,ACE,CE,Towers with Radar,0,31,35,22,88,0,9,17,7,33,0,40,52,29,121,22,4,26,147
05/31/2013,LNK,NE,ACE,CE,Towers with Radar,0,26,20,38,84,0,3,31,1,35,0,29,51,39,119,42,16,58,177
06/01/2013,LNK,NE,ACE,CE,Towers with Radar,2,15,20,0,37,0,4,4,0,8,2,19,24,0,45,0,0,0,45
06/02/2013,LNK,NE,ACE,CE,Towers with Radar,2,20,19,4,45,0,0,79,0,79,2,20,98,4,124,118,0,118,242
06/03/2013,LNK,NE,ACE,CE,Towers with Radar,2,34,24,14,74,0,7,32,1,40,2,41,56,15,114,0,27,27,141
06/04/2013,LNK,NE,ACE,CE,Towers with Radar,2,29,29,31,91,0,8,13,7,28,2,37,42,38,119,24,6,30,149
06/05/2013,LNK,NE,ACE,CE,Towers with Radar,0,25,38,50,113,0,2,44,21,67,0,27,82,71,180,26,34,60,240
06/06/2013,LNK,NE,ACE,CE,Towers with Radar,0,40,34,60,134,0,13,64,21,98,0,53,98,81,232,25,28,53,285
06/07/2013,LNK,NE,ACE,CE,Towers with Radar,2,29,38,35,104,0,6,88,13,107,2,35,126,48,211,76,22,98,309
06/08/2013,LNK,NE,ACE,CE,Towers with Radar,0,16,8,12,36,0,5,4,4,13,0,21,12,16,49,10,4,14,63
06/09/2013,LNK,NE,ACE,CE,Towers with Radar,0,26,28,0,54,0,3,17,2,22,0,29,45,2,76,0,0,0,76
06/10/2013,LNK,NE,ACE,CE,Towers with Radar,0,36,38,23,97,0,8,54,3,65,0,44,92,26,162,54,8,62,224
06/11/2013,LNK,NE,ACE,CE,Towers with Radar,0,27,20,44,91,0,9,21,9,39,0,36,41,53,130,4,16,20,150
06/12/2013,LNK,NE,ACE,CE,Towers with Radar,0,21,42,21,84,0,1,33,19,53,0,22,75,40,137,38,12,50,187
06/13/2013,LNK,NE,ACE,CE,Towers with Radar,0,31,26,18,75,0,6,54,16,76,0,37,80,34,151,60,10,70,221
06/14/2013,LNK,NE,ACE,CE,Towers with Radar,0,28,31,36,95,0,10,29,10,49,0,38,60,46,144,14,12,26,170
06/15/2013,LNK,NE,ACE,CE,Towers with Radar,0,16,13,1,30,0,7,48,1,56,0,23,61,2,86,28,0,28,114
06/16/2013,LNK,NE,ACE,CE,Towers with Radar,0,23,26,17,66,0,3,26,1,30,0,26,52,18,96,16,12,28,124
06/17/2013,LNK,NE,ACE,CE,Towers with Radar,1,29,32,69,131,0,3,56,0,59,1,32,88,69,190,70,22,92,282
06/18/2013,LNK,NE,ACE,CE,Towers with Radar,1,29,23,25,78,0,2,41,4,47,1,31,64,29,125,46,22,68,193
06/19/2013,LNK,NE,ACE,CE,Towers with Radar,0,26,41,51,118,0,4,46,17,67,0,30,87,68,185,44,40,84,269
06/20/2013,LNK,NE,ACE,CE,Towers with Radar,0,38,46,71,155,0,9,25,11,45,0,47,71,82,200,4,26,30,230
06/21/2013,LNK,NE,ACE,CE,Towers with Radar,0,42,34,38,114,0,4,25,11,40,0,46,59,49,154,10,34,44,198
06/22/2013,LNK,NE,ACE,CE,Towers with Radar,0,18,11,0,29,0,14,28,0,42,0,32,39,0,71,0,0,0,71
06/23/2013,LNK,NE,ACE,CE,Towers with Radar,0,33,27,28,88,0,8,21,0,29,0,41,48,28,117,16,2,18,135
06/24/2013,LNK,NE,ACE,CE,Towers with Radar,0,37,30,13,80,0,5,25,1,31,0,42,55,14,111,44,0,44,155
06/25/2013,LNK,NE,ACE,CE,Towers with Radar,0,25,31,55,111,0,2,34,2,38,0,27,65,57,149,6,44,50,199
06/26/2013,LNK,NE,ACE,CE,Towers with Radar,0,31,51,57,139,0,4,75,8,87,0,35,126,65,226,44,16,60,286
06/27/2013,LNK,NE,ACE,CE,Towers with Radar,0,27,41,30,98,0,2,30,13,45,0,29,71,43,143,43,18,61,204
06/28/2013,LNK,NE,ACE,CE,Towers with Radar,0,21,36,34,91,0,3,53,9,65,0,24,89,43,156,76,16,92,248
06/29/2013,LNK,NE,ACE,CE,Towers with Radar,0,17,12,0,29,0,6,22,0,28,0,23,34,0,57,28,0,28,85
06/30/2013,LNK,NE,ACE,CE,Towers with Radar,0,30,33,3,66,0,3,76,2,81,0,33,109,5,147,32,0,32,179
07/01/2013,LNK,NE,ACE,CE,Towers with Radar,0,25,31,49,105,0,1,62,2,65,0,26,93,51,170,48,14,62,232
07/02/2013,LNK,NE,ACE,CE,Towers with Radar,0,27,30,49,106,0,6,37,6,49,0,33,67,55,155,16,54,70,225
07/03/2013,LNK,NE,ACE,CE,Towers with Radar,0,28,38,31,97,0,8,61,10,79,0,36,99,41,176,80,2,82,258
07/04/2013,LNK,NE,ACE,CE,Towers with Radar,0,17,8,0,25,0,5,47,0,52,0,22,55,0,77,14,0,14,91
07/05/2013,LNK,NE,ACE,CE,Towers with Radar,0,19,11,2,32,0,15,28,0,43,0,34,39,2,75,12,0,12,87
07/06/2013,LNK,NE,ACE,CE,Towers with Radar,0,20,15,0,35,0,10,43,0,53,0,30,58,0,88,2,0,2,90
07/07/2013,LNK,NE,ACE,CE,Towers with Radar,0,28,25,0,53,0,0,34,0,34,0,28,59,0,87,16,0,16,103
07/08/2013,LNK,NE,ACE,CE,Towers with Radar,0,34,32,18,84,0,2,26,0,28,0,36,58,18,112,2,10,12,124
07/09/2013,LNK,NE,ACE,CE,Towers with Radar,0,33,28,27,88,0,2,25,6,33,0,35,53,33,121,38,4,42,163
07/10/2013,LNK,NE,ACE,CE,Towers with Radar,0,35,52,51,138,0,6,33,8,47,0,41,85,59,185,22,12,34,219
07/11/2013,LNK,NE,ACE,CE,Towers with Radar,0,37,60,51,148,0,2,41,14,57,0,39,101,65,205,11,48,59,264
07/12/2013,LNK,NE,ACE,CE,Towers with Radar,0,30,27,21,78,0,0,37,4,41,0,30,64,25,119,32,22,54,173
07/13/2013,LNK,NE,ACE,CE,Towers with Radar,0,25,14,16,55,0,7,37,9,53,0,32,51,25,108,10,6,16,124
07/14/2013,LNK,NE,ACE,CE,Towers with Radar,2,27,38,13,80,0,4,28,6,38,2,31,66,19,118,46,0,46,164
07/15/2013,LNK,NE,ACE,CE,Towers with Radar,0,32,30,24,86,0,2,36,0,38,0,34,66,24,124,6,0,6,130
07/16/2013,LNK,NE,ACE,CE,Towers with Radar,0,40,44,71,155,0,8,43,5,56,0,48,87,76,211,42,16,58,269
07/17/2013,LNK,NE,ACE,CE,Towers with Radar,0,31,41,48,120,0,6,53,0,59,0,37,94,48,179,34,20,54,233
07/18/2013,LNK,NE,ACE,CE,Towers with Radar,0,34,48,66,148,0,6,37,5,48,0,40,85,71,196,34,40,74,270
07/19/2013,LNK,NE,ACE,CE,Towers with Radar,0,29,29,31,89,0,4,37,3,44,0,33,66,34,133,46,18,64,197
07/20/2013,LNK,NE,ACE,CE,Towers with Radar,0,19,31,2,52,0,1,42,3,46,0,20,73,5,98,98,0,98,196
07/21/2013,LNK,NE,ACE,CE,Towers with Radar,0,25,28,0,53,0,4,45,0,49,0,29,73,0,102,30,0,30,132
07/22/2013,LNK,NE,ACE,CE,Towers with Radar,0,34,34,24,92,0,7,23,0,30,0,41,57,24,122,36,4,40,162
07/23/2013,LNK,NE,ACE,CE,Towers with Radar,2,26,24,22,74,0,1,23,7,31,2,27,47,29,105,14,0,14,119
07/24/2013,LNK,NE,ACE,CE,Towers with Radar,0,34,31,40,105,0,9,54,11,74,0,43,85,51,179,26,20,46,225
07/25/2013,LNK,NE,ACE,CE,Towers with Radar,0,33,51,28,112,0,8,29,8,45,0,41,80,36,157,18,10,28,185
07/26/2013,LNK,NE,ACE,CE,Towers with Radar,0,25,36,49,110,0,7,45,5,57,0,32,81,54,167,28,6,34,201
07/27/2013,LNK,NE,ACE,CE,Towers with Radar,2,20,17,8,47,0,5,50,0,55,2,25,67,8,102,56,0,56,158
07/28/2013,LNK,NE,ACE,CE,Towers with Radar,0,35,30,8,73,0,15,53,0,68,0,50,83,8,141,42,8,50,191
07/29/2013,LNK,NE,ACE,CE,Towers with Radar,0,26,18,1,45,0,0,0,0,0,0,26,18,1,45,0,0,0,45
07/30/2013,LNK,NE,ACE,CE,Towers with Radar,0,30,23,20,73,0,0,11,3,14,0,30,34,23,87,0,0,0,87
07/31/2013,LNK,NE,ACE,CE,Towers with Radar,0,38,43,37,118,0,2,39,8,49,0,40,82,45,167,34,16,50,217
08/01/2013,LNK,NE,ACE,CE,Towers with Radar,0,36,26,23,85,0,9,37,0,46,0,45,63,23,131,54,30,84,215
08/02/2013,LNK,NE,ACE,CE,Towers with Radar,0,29,38,34,101,0,5,41,7,53,0,34,79,41,154,24,16,40,194
08/03/2013,LNK,NE,ACE,CE,Towers with Radar,0,20,33,2,55,0,8,46,6,60,0,28,79,8,115,4,0,4,119
08/04/2013,LNK,NE,ACE,CE,Towers with Radar,0,28,31,24,83,0,0,28,7,35,0,28,59,31,118,0,4,4,122
08/05/2013,LNK,NE,ACE,CE,Towers with Radar,0,32,32,28,92,0,4,17,2,23,0,36,49,30,115,12,24,36,151
08/06/2013,LNK,NE,ACE,CE,Towers with Radar,0,27,24,21,72,0,2,36,2,40,0,29,60,23,112,12,6,18,130
08/07/2013,LNK,NE,ACE,CE,Towers with Radar,0,31,50,30,111,0,7,44,9,60,0,38,94,39,171,14,28,42,213
08/08/2013,LNK,NE,ACE,CE,Towers with Radar,2,34,38,26,100,0,4,38,12,54,2,38,76,38,154,20,4,24,178
08/09/2013,LNK,NE,ACE,CE,Towers with Radar,0,28,44,63,135,0,3,34,2,39,0,31,78,65,174,30,26,56,230
08/10/2013,LNK,NE,ACE,CE,Towers with Radar,0,17,32,8,57,0,15,75,2,92,0,32,107,10,149,6,0,6,155
08/11/2013,LNK,NE,ACE,CE,Towers with Radar,2,24,17,1,44,0,7,39,0,46,2,31,56,1,90,8,0,8,98
08/12/2013,LNK,NE,ACE,CE,Towers with Radar,0,34,36,28,98,0,4,32,0,36,0,38,68,28,134,34,10,44,178
08/13/2013,LNK,NE,ACE,CE,Towers with Radar,2,21,27,20,70,0,2,46,6,54,2,23,73,26,124,20,10,30,154
08/14/2013,LNK,NE,ACE,CE,Towers with Radar,0,25,33,45,103,0,5,41,8,54,0,30,74,53,157,12,12,24,181
08/15/2013,LNK,NE,ACE,CE,Towers with Radar,0,28,42,64,134,0,6,13,4,23,0,34,55,68,157,12,6,18,175
08/16/2013,LNK,NE,ACE,CE,Towers with Radar,0,29,45,27,101,0,3,35,2,40,0,32,80,29,141,12,14,26,167
08/17/2013,LNK,NE,ACE,CE,Towers with Radar,0,22,18,0,40,0,5,49,1,55,0,27,67,1,95,36,0,36,131
08/18/2013,LNK,NE,ACE,CE,Towers with Radar,0,32,31,0,63,0,5,51,1,57,0,37,82,1,120,22,0,22,142
08/19/2013,LNK,NE,ACE,CE,Towers with Radar,0,28,46,23,97,0,9,49,0,58,0,37,95,23,155,24,12,36,191
08/20/2013,LNK,NE,ACE,CE,Towers with Radar,0,35,43,70,148,0,7,50,5,62,0,42,93,75,210,2,26,28,238
08/21/2013,LNK,NE,ACE,CE,Towers with Radar,0,22,25,47,94,0,5,43,11,59,0,27,68,58,153,16,10,26,179
08/22/2013,LNK,NE,ACE,CE,Towers with Radar,0,32,38,48,118,0,6,33,10,49,0,38,71,58,167,38,10,48,215
08/23/2013,LNK,NE,ACE,CE,Towers with Radar,0,23,29,27,79,0,7,28,4,39,0,30,57,31,118,32,10,42,160
08/24/2013,LNK,NE,ACE,CE,Towers with Radar,0,18,24,0,42,0,6,41,2,49,0,24,65,2,91,18,0,18,109
08/25/2013,LNK,NE,ACE,CE,Towers with Radar,0,18,25,2,45,0,4,31,0,35,0,22,56,2,80,10,0,10,90
08/26/2013,LNK,NE,ACE,CE,Towers with Radar,0,25,30,20,75,0,1,28,0,29,0,26,58,20,104,34,16,50,154
08/27/2013,LNK,NE,ACE,CE,Towers with Radar,0,33,28,56,117,0,2,29,1,32,0,35,57,57,149,4,26,30,179
08/28/2013,LNK,NE,ACE,CE,Towers with Radar,0,29,37,53,119,0,4,56,11,71,0,33,93,64,190,14,38,52,242
08/29/2013,LNK,NE,ACE,CE,Towers with Radar,0,31,61,20,112,0,5,76,7,88,0,36,137,27,200,44,10,54,254
08/30/2013,LNK,NE,ACE,CE,Towers with Radar,2,35,36,10,83,0,8,52,1,61,2,43,88,11,144,28,0,28,172
08/31/2013,LNK,NE,ACE,CE,Towers with Radar,1,19,37,33,90,0,4,51,0,55,1,23,88,33,145,14,0,14,159
09/01/2013,LNK,NE,ACE,CE,Towers with Radar,0,23,30,0,53,0,4,29,0,33,0,27,59,0,86,4,0,4,90
09/02/2013,LNK,NE,ACE,CE,Towers with Radar,0,38,18,1,57,0,4,64,0,68,0,42,82,1,125,28,0,28,153
09/03/2013,LNK,NE,ACE,CE,Towers with Radar,0,35,33,27,95,0,10,50,4,64,0,45,83,31,159,28,4,32,191
09/04/2013,LNK,NE,ACE,CE,Towers with Radar,0,32,30,60,122,0,2,42,11,55,0,34,72,71,177,28,36,64,241
09/05/2013,LNK,NE,ACE,CE,Towers with Radar,0,35,28,23,86,0,5,43,7,55,0,40,71,30,141,21,30,51,192
09/06/2013,LNK,NE,ACE,CE,Towers with Radar,1,29,33,40,103,0,5,41,9,55,1,34,74,49,158,56,16,72,230
09/07/2013,LNK,NE,ACE,CE,Towers with Radar,1,15,30,4,50,0,0,68,10,78,1,15,98,14,128,20,0,20,148
09/08/2013,LNK,NE,ACE,CE,Towers with Radar,0,27,17,3,47,0,7,36,4,47,0,34,53,7,94,26,0,26,120
09/09/2013,LNK,NE,ACE,CE,Towers with Radar,0,31,47,42,120,0,14,29,0,43,0,45,76,42,163,4,42,46,209
09/10/2013,LNK,NE,ACE,CE,Towers with Radar,0,26,38,18,82,0,2,22,6,30,0,28,60,24,112,0,2,2,114
09/11/2013,LNK,NE,ACE,CE,Towers with Radar,0,25,51,27,103,0,6,33,9,48,0,31,84,36,151,10,18,28,179
09/12/2013,LNK,NE,ACE,CE,Towers with Radar,0,30,55,48,133,0,2,45,10,57,0,32,100,58,190,22,22,44,234
09/13/2013,LNK,NE,ACE,CE,Towers with Radar,2,30,48,29,109,0,3,65,10,78,2,33,113,39,187,32,6,38,225
09/14/2013,LNK,NE,ACE,CE,Towers with Radar,2,37,63,3,105,0,9,35,0,44,2,46,98,3,149,2,0,2,151
09/15/2013,LNK,NE,ACE,CE,Towers with Radar,0,27,58,5,90,0,5,25,0,30,0,32,83,5,120,4,0,4,124
09/16/2013,LNK,NE,ACE,CE,Towers with Radar,0,35,55,34,124,0,1,15,0,16,0,36,70,34,140,22,4,26,166
09/17/2013,LNK,NE,ACE,CE,Towers with Radar,0,28,48,15,91,0,0,6,2,8,0,28,54,17,99,10,0,10,109
09/18/2013,LNK,NE,ACE,CE,Towers with Radar,0,26,35,69,130,0,6,40,16,62,0,32,75,85,192,60,14,74,266
09/19/2013,LNK,NE,ACE,CE,Towers with Radar,0,29,36,24,89,0,4,21,15,40,0,33,57,39,129,16,16,32,161
09/20/2013,LNK,NE,ACE,CE,Towers with Radar,0,33,39,39,111,0,8,56,13,77,0,41,95,52,188,42,14,56,244
09/21/2013,LNK,NE,ACE,CE,Towers with Radar,0,18,40,2,60,0,9,76,0,85,0,27,116,2,145,26,0,26,171
09/22/2013,LNK,NE,ACE,CE,Towers with Radar,0,22,29,4,55,0,6,43,0,49,0,28,72,4,104,38,0,38,142
09/23/2013,LNK,NE,ACE,CE,Towers with Radar,0,37,28,14,79,0,10,18,0,28,0,47,46,14,107,12,0,12,119
09/24/2013,LNK,NE,ACE,CE,Towers with Radar,0,29,34,16,79,0,0,19,4,23,0,29,53,20,102,28,14,42,144
09/25/2013,LNK,NE,ACE,CE,Towers with Radar,0,28,29,32,89,0,4,49,4,57,0,32,78,36,146,72,4,76,222
09/26/2013,LNK,NE,ACE,CE,Towers with Radar,0,31,33,5,69,0,11,24,6,41,0,42,57,11,110,22,0,22,132
09/27/2013,LNK,NE,ACE,CE,Towers with Radar,0,36,29,2,67,0,8,13,7,28,0,44,42,9,95,2,0,2,97
09/28/2013,LNK,NE,ACE,CE,Towers with Radar,0,20,19,0,39,0,0,21,0,21,0,20,40,0,60,2,0,2,62
09/29/2013,LNK,NE,ACE,CE,Towers with Radar,0,26,19,0,45,0,10,81,0,91,0,36,100,0,136,28,0,28,164
09/30/2013,LNK,NE,ACE,CE,Towers with Radar,2,34,42,4,82,0,11,42,0,53,2,45,84,4,135,36,0,36,171
10/01/2013,LNK,NE,ACE,CE,Towers with Radar,0,25,35,6,66,0,1,36,0,37,0,26,71,6,103,25,2,27,130
10/02/2013,LNK,NE,ACE,CE,Towers with Radar,0,29,34,22,85,0,4,30,0,34,0,33,64,22,119,0,20,20,139
10/03/2013,LNK,NE,ACE,CE,Towers with Radar,2,32,37,8,79,0,4,26,0,30,2,36,63,8,109,20,32,52,161
10/04/2013,LNK,NE,ACE,CE,Towers with Radar,1,39,63,0,103,0,11,6,0,17,1,50,69,0,120,2,0,2,122
10/05/2013,LNK,NE,ACE,CE,Towers with Radar,1,16,28,0,45,0,0,26,0,26,1,16,54,0,71,2,0,2,73
10/06/2013,LNK,NE,ACE,CE,Towers with Radar,0,21,39,0,60,0,3,15,2,20,0,24,54,2,80,0,0,0,80
10/07/2013,LNK,NE,ACE,CE,Towers with Radar,0,32,40,13,85,0,4,46,1,51,0,36,86,14,136,58,18,76,212
10/08/2013,LNK,NE,ACE,CE,Towers with Radar,2,29,37,10,78,0,0,26,0,26,2,29,63,10,104,6,9,15,119
10/09/2013,LNK,NE,ACE,CE,Towers with Radar,0,29,21,30,80,0,4,27,0,31,0,33,48,30,111,40,16,56,167
10/10/2013,LNK,NE,ACE,CE,Towers with Radar,0,32,39,42,113,0,7,31,2,40,0,39,70,44,153,0,16,16,169
10/11/2013,LNK,NE,ACE,CE,Towers with Radar,2,27,33,22,84,0,7,19,2,28,2,34,52,24,112,4,18,22,134
10/12/2013,LNK,NE,ACE,CE,Towers with Radar,4,23,9,0,36,0,5,46,0,51,4,28,55,0,87,20,0,20,107
10/13/2013,LNK,NE,ACE,CE,Towers with Radar,0,22,38,1,61,0,8,44,0,52,0,30,82,1,113,76,0,76,189
10/14/2013,LNK,NE,ACE,CE,Towers with Radar,0,32,8,0,40,0,0,0,0,0,0,32,8,0,40,0,0,0,40
10/15/2013,LNK,NE,ACE,CE,Towers with Radar,0,28,28,2,58,0,4,2,4,10,0,32,30,6,68,0,0,0,68
10/16/2013,LNK,NE,ACE,CE,Towers with Radar,0,34,51,44,129,0,9,36,4,49,0,43,87,48,178,4,32,36,214
10/17/2013,LNK,NE,ACE,CE,Towers with Radar,0,37,48,10,95,0,10,39,0,49,0,47,87,10,144,36,6,42,186
10/18/2013,LNK,NE,ACE,CE,Towers with Radar,0,31,39,37,107,0,2,48,2,52,0,33,87,39,159,2,11,13,172
10/19/2013,LNK,NE,ACE,CE,Towers with Radar,0,19,24,1,44,0,7,45,0,52,0,26,69,1,96,20,0,20,116
10/20/2013,LNK,NE,ACE,CE,Towers with Radar,0,32,16,1,49,0,12,30,0,42,0,44,46,1,91,16,0,16,107
10/21/2013,LNK,NE,ACE,CE,Towers with Radar,0,31,21,18,70,0,2,30,0,32,0,33,51,18,102,22,6,28,130
10/22/2013,LNK,NE,ACE,CE,Towers with Radar,0,26,27,34,87,0,3,29,0,32,0,29,56,34,119,4,18,22,141
10/23/2013,LNK,NE,ACE,CE,Towers with Radar,0,27,33,46,106,0,5,23,10,38,0,32,56,56,144,66,36,102,246
10/24/2013,LNK,NE,ACE,CE,Towers with Radar,0,31,33,58,122,0,0,47,13,60,0,31,80,71,182,30,38,68,250
10/25/2013,LNK,NE,ACE,CE,Towers with Radar,6,32,38,19,95,0,16,51,7,74,6,48,89,26,169,40,8,48,217
10/26/2013,LNK,NE,ACE,CE,Towers with Radar,6,15,18,2,41,0,7,33,0,40,6,22,51,2,81,42,0,42,123
10/27/2013,LNK,NE,ACE,CE,Towers with Radar,0,24,31,0,55,0,11,42,0,53,0,35,73,0,108,0,0,0,108
10/28/2013,LNK,NE,ACE,CE,Towers with Radar,0,38,24,19,81,0,2,26,0,28,0,40,50,19,109,32,4,36,145
10/29/2013,LNK,NE,ACE,CE,Towers with Radar,0,28,24,17,69,0,0,0,0,0,0,28,24,17,69,0,0,0,69
10/30/2013,LNK,NE,ACE,CE,Towers with Radar,0,35,27,11,73,0,0,0,0,0,0,35,27,11,73,0,0,0,73
10/31/2013,LNK,NE,ACE,CE,Towers with Radar,0,28,37,41,106,0,2,37,16,55,0,30,74,57,161,72,28,100,261
11/01/2013,LNK,NE,ACE,CE,Towers with Radar,2,26,33,23,84,0,1,28,10,39,2,27,61,33,123,16,14,30,153
11/02/2013,LNK,NE,ACE,CE,Towers with Radar,2,25,43,12,82,0,8,89,9,106,2,33,132,21,188,14,10,24,212
11/03/2013,LNK,NE,ACE,CE,Towers with Radar,0,23,27,7,57,0,8,8,3,19,0,31,35,10,76,0,0,0,76
11/04/2013,LNK,NE,ACE,CE,Towers with Radar,0,38,56,24,118,0,7,14,0,21,0,45,70,24,139,50,16,66,205
11/05/2013,LNK,NE,ACE,CE,Towers with Radar,1,23,31,9,64,0,0,0,0,0,1,23,31,9,64,0,0,0,64
11/06/2013,LNK,NE,ACE,CE,Towers with Radar,0,25,40,43,108,0,2,16,11,29,0,27,56,54,137,48,22,70,207
11/07/2013,LNK,NE,ACE,CE,Towers with Radar,0,36,24,17,77,0,2,60,14,76,0,38,84,31,153,54,14,68,221
11/08/2013,LNK,NE,ACE,CE,Towers with Radar,4,35,38,47,124,0,0,26,0,26,4,35,64,47,150,26,12,38,188
11/09/2013,LNK,NE,ACE,CE,Towers with Radar,2,17,31,0,50,0,10,66,0,76,2,27,97,0,126,42,0,42,168
11/10/2013,LNK,NE,ACE,CE,Towers with Radar,2,25,27,0,54,0,11,53,0,64,2,36,80,0,118,22,0,22,140
11/11/2013,LNK,NE,ACE,CE,Towers with Radar,0,29,23,0,52,0,1,7,0,8,0,30,30,0,60,0,0,0,60
11/12/2013,LNK,NE,ACE,CE,Towers with Radar,0,31,42,18,91,0,1,32,1,34,0,32,74,19,125,32,12,44,169
11/13/2013,LNK,NE,ACE,CE,Towers with Radar,0,28,29,60,117,0,11,25,17,53,0,39,54,77,170,6,54,60,230
11/14/2013,LNK,NE,ACE,CE,Towers with Radar,0,41,50,26,117,0,0,74,16,90,0,41,124,42,207,86,6,92,299
11/15/2013,LNK,NE,ACE,CE,Towers with Radar,2,27,53,27,109,0,6,41,9,56,2,33,94,36,165,26,56,82,247
11/16/2013,LNK,NE,ACE,CE,Towers with Radar,2,21,51,9,83,0,7,52,6,65,2,28,103,15,148,14,0,14,162
11/17/2013,LNK,NE,ACE,CE,Towers with Radar,0,34,18,0,52,0,2,12,2,16,0,36,30,2,68,6,0,6,74
11/18/2013,LNK,NE,ACE,CE,Towers with Radar,0,32,31,8,71,0,2,29,0,31,0,34,60,8,102,42,0,42,144
11/19/2013,LNK,NE,ACE,CE,Towers with Radar,0,37,27,62,126,0,5,26,2,33,0,42,53,64,159,0,38,38,197
11/20/2013,LNK,NE,ACE,CE,Towers with Radar,0,34,35,55,124,0,10,40,11,61,0,44,75,66,185,10,38,48,233
11/21/2013,LNK,NE,ACE,CE,Towers with Radar,0,36,21,25,82,0,2,5,0,7,0,38,26,25,89,1,8,9,98
11/22/2013,LNK,NE,ACE,CE,Towers with Radar,2,30,31,23,86,0,11,25,5,41,2,41,56,28,127,24,10,34,161
11/23/2013,LNK,NE,ACE,CE,Towers with Radar,2,20,19,2,43,0,9,23,11,43,2,29,42,13,86,38,0,38,124
11/24/2013,LNK,NE,ACE,CE,Towers with Radar,1,26,14,3,44,0,3,36,0,39,1,29,50,3,83,0,0,0,83
11/25/2013,LNK,NE,ACE,CE,Towers with Radar,1,25,24,46,96,0,6,37,0,43,1,31,61,46,139,42,24,66,205
11/26/2013,LNK,NE,ACE,CE,Towers with Radar,0,27,36,17,80,0,7,24,4,35,0,34,60,21,115,34,8,42,157
11/27/2013,LNK,NE,ACE,CE,Towers with Radar,2,25,37,24,88,0,2,54,9,65,2,27,91,33,153,76,14,90,243
11/28/2013,LNK,NE,ACE,CE,Towers with Radar,2,12,3,0,17,0,2,6,0,8,2,14,9,0,25,0,0,0,25
11/29/2013,LNK,NE,ACE,CE,Towers with Radar,2,15,54,0,71,0,4,59,0,63,2,19,113,0,134,12,0,12,146
11/30/2013,LNK,NE,ACE,CE,Towers with Radar,0,25,28,0,53,0,16,57,0,73,0,41,85,0,126,96,0,96,222
12/01/2013,LNK,NE,ACE,CE,Towers with Radar,0,28,31,0,59,0,0,43,1,44,0,28,74,1,103,0,0,0,103
12/02/2013,LNK,NE,ACE,CE,Towers with Radar,0,39,40,7,86,0,10,28,0,38,0,49,68,7,124,46,0,46,170
12/03/2013,LNK,NE,ACE,CE,Towers with Radar,0,32,51,37,120,0,0,35,0,35,0,32,86,37,155,30,4,34,189
12/04/2013,LNK,NE,ACE,CE,Towers with Radar,0,24,24,14,62,0,1,0,5,6,0,25,24,19,68,0,0,0,68
12/05/2013,LNK,NE,ACE,CE,Towers with Radar,0,33,42,40,115,0,2,17,6,25,0,35,59,46,140,26,2,28,168
12/06/2013,LNK,NE,ACE,CE,Towers with Radar,0,24,21,14,59,0,6,17,4,27,0,30,38,18,86,72,0,72,158
12/07/2013,LNK,NE,ACE,CE,Towers with Radar,2,17,34,2,55,0,6,26,0,32,2,23,60,2,87,4,0,4,91
12/08/2013,LNK,NE,ACE,CE,Towers with Radar,2,24,7,2,35,0,0,0,0,0,2,24,7,2,35,0,0,0,35
12/09/2013,LNK,NE,ACE,CE,Towers with Radar,0,32,33,11,76,0,6,14,0,20,0,38,47,11,96,70,6,76,172
12/10/2013,LNK,NE,ACE,CE,Towers with Radar,2,22,22,32,78,0,0,37,5,42,2,22,59,37,120,85,22,107,227
12/11/2013,LNK,NE,ACE,CE,Towers with Radar,0,20,30,24,74,0,5,29,19,53,0,25,59,43,127,18,0,18,145
12/12/2013,LNK,NE,ACE,CE,Towers with Radar,0,31,63,21,115,0,2,55,18,75,0,33,118,39,190,52,6,58,248
12/13/2013,LNK,NE,ACE,CE,Towers with Radar,0,30,26,27,83,0,0,23,6,29,0,30,49,33,112,61,12,73,185
12/14/2013,LNK,NE,ACE,CE,Towers with Radar,0,17,15,9,41,0,0,15,8,23,0,17,30,17,64,6,1,7,71
12/15/2013,LNK,NE,ACE,CE,Towers with Radar,0,26,27,5,58,0,0,42,4,46,0,26,69,9,104,72,0,72,176
12/16/2013,LNK,NE,ACE,CE,Towers with Radar,0,29,44,6,79,0,7,39,0,46,0,36,83,6,125,10,14,24,149
12/17/2013,LNK,NE,ACE,CE,Towers with Radar,0,34,30,20,84,0,0,43,6,49,0,34,73,26,133,82,6,88,221
12/18/2013,LNK,NE,ACE,CE,Towers with Radar,0,28,36,57,121,0,8,66,9,83,0,36,102,66,204,108,6,114,318
12/19/2013,LNK,NE,ACE,CE,Towers with Radar,0,46,36,43,125,0,2,20,3,25,0,48,56,46,150,26,12,38,188
12/20/2013,LNK,NE,ACE,CE,Towers with Radar,0,32,31,16,79,0,3,2,0,5,0,35,33,16,84,0,0,0,84
12/21/2013,LNK,NE,ACE,CE,Towers with Radar,0,46,21,0,67,0,0,32,0,32,0,46,53,0,99,32,0,32,131
12/22/2013,LNK,NE,ACE,CE,Towers with Radar,0,26,23,0,49,0,6,17,0,23,0,32,40,0,72,14,0,14,86
12/23/2013,LNK,NE,ACE,CE,Towers with Radar,0,33,38,4,75,0,3,17,0,20,0,36,55,4,95,6,20,26,121
12/24/2013,LNK,NE,ACE,CE,Towers with Radar,0,20,7,0,27,0,0,5,0,5,0,20,12,0,32,14,0,14,46
12/25/2013,LNK,NE,ACE,CE,Towers with Radar,0,24,5,0,29,0,1,17,0,18,0,25,22,0,47,4,0,4,51
12/26/2013,LNK,NE,ACE,CE,Towers with Radar,2,36,27,16,81,0,2,62,0,64,2,38,89,16,145,48,14,62,207
12/27/2013,LNK,NE,ACE,CE,Towers with Radar,0,39,62,16,117,0,11,45,0,56,0,50,107,16,173,31,12,43,216
12/28/2013,LNK,NE,ACE,CE,Towers with Radar,0,23,35,0,58,0,0,50,0,50,0,23,85,0,108,60,0,60,168
12/29/2013,LNK,NE,ACE,CE,Towers with Radar,0,20,7,0,27,0,0,6,0,6,0,20,13,0,33,0,0,0,33
12/30/2013,LNK,NE,ACE,CE,Towers with Radar,1,24,23,2,50,0,5,20,0,25,1,29,43,2,75,18,0,18,93
12/31/2013,LNK,NE,ACE,CE,Towers with Radar,0,23,24,17,64,0,6,31,2,39,0,29,55,19,103,24,0,24,127
01/01/2014,LNK,NE,ACE,CE,Towers with Radar,3,19,8,0,30,0,2,0,0,2,3,21,8,0,32,0,0,0,32
01/02/2014,LNK,NE,ACE,CE,Towers with Radar,0,32,19,22,73,0,0,16,10,26,0,32,35,32,99,10,4,14,113
01/03/2014,LNK,NE,ACE,CE,Towers with Radar,0,28,22,25,75,0,5,26,9,40,0,33,48,34,115,19,3,22,137
01/04/2014,LNK,NE,ACE,CE,Towers with Radar,0,26,39,8,73,0,2,7,0,9,0,28,46,8,82,16,14,30,112
01/05/2014,LNK,NE,ACE,CE,Towers with Radar,0,17,25,0,42,0,5,6,0,11,0,22,31,0,53,0,0,0,53
01/06/2014,LNK,NE,ACE,CE,Towers with Radar,0,20,19,16,55,0,9,2,0,11,0,29,21,16,66,0,14,14,80
01/07/2014,LNK,NE,ACE,CE,Towers with Radar,0,18,34,44,96,0,4,36,8,48,0,22,70,52,144,24,32,56,200
01/08/2014,LNK,NE,ACE,CE,Towers with Radar,0,37,20,17,74,0,1,3,8,12,0,38,23,25,86,6,8,14,100
01/09/2014,LNK,NE,ACE,CE,Towers with Radar,0,27,39,29,95,0,5,18,6,29,0,32,57,35,124,36,30,66,190
01/10/2014,LNK,NE,ACE,CE,Towers with Radar,0,18,15,14,47,0,1,0,0,1,0,19,15,14,48,4,0,4,52
01/11/2014,LNK,NE,ACE,CE,Towers with Radar,0,17,29,15,61,0,4,53,13,70,0,21,82,28,131,42,8,50,181
01/12/2014,LNK,NE,ACE,CE,Towers with Radar,0,21,21,3,45,0,2,50,6,58,0,23,71,9,103,40,0,40,143
01/13/2014,LNK,NE,ACE,CE,Towers with Radar,0,32,23,14,69,0,7,37,2,46,0,39,60,16,115,6,4,10,125
01/14/2014,LNK,NE,ACE,CE,Towers with Radar,0,28,40,23,91,0,1,11,1,13,0,29,51,24,104,28,4,32,136
01/15/2014,LNK,NE,ACE,CE,Towers with Radar,2,30,32,39,103,0,0,29,8,37,2,30,61,47,140,34,32,66,206
01/16/2014,LNK,NE,ACE,CE,Towers with Radar,2,32,28,16,78,0,0,0,0,0,2,32,28,16,78,0,0,0,78
01/17/2014,LNK,NE,ACE,CE,Towers with Radar,0,35,46,12,93,0,10,38,0,48,0,45,84,12,141,32,0,32,173
01/18/2014,LNK,NE,ACE,CE,Towers with Radar,0,12,10,2,24,0,4,10,6,20,0,16,20,8,44,12,2,14,58
01/19/2014,LNK,NE,ACE,CE,Towers with Radar,0,19,26,3,48,0,5,25,3,33,0,24,51,6,81,20,0,20,101
01/20/2014,LNK,NE,ACE,CE,Towers with Radar,0,23,27,1,51,0,8,13,1,22,0,31,40,2,73,12,0,12,85
01/21/2014,LNK,NE,ACE,CE,Towers with Radar,0,27,19,18,64,0,1,29,4,34,0,28,48,22,98,28,18,46,144
01/22/2014,LNK,NE,ACE,CE,Towers with Radar,0,29,30,57,116,0,7,18,5,30,0,36,48,62,146,2,10,12,158
01/23/2014,LNK,NE,ACE,CE,Towers with Radar,0,31,25,33,89,0,3,23,8,34,0,34,48,41,123,56,16,72,195
01/24/2014,LNK,NE,ACE,CE,Towers with Radar,0,29,27,24,80,0,0,12,4,16,0,29,39,28,96,14,4,18,114
01/25/2014,LNK,NE,ACE,CE,Towers with Radar,0,18,10,2,30,0,0,32,1,33,0,18,42,3,63,100,6,106,169
01/26/2014,LNK,NE,ACE,CE,Towers with Radar,0,24,12,0,36,0,5,8,0,13,0,29,20,0,49,14,0,14,63
01/27/2014,LNK,NE,ACE,CE,Towers with Radar,0,26,25,9,60,0,0,17,2,19,0,26,42,11,79,6,34,40,119
01/28/2014,LNK,NE,ACE,CE,Towers with Radar,0,22,28,16,66,0,2,31,2,35,0,24,59,18,101,44,8,52,153
01/29/2014,LNK,NE,ACE,CE,Towers with Radar,2,31,38,61,132,0,6,37,14,57,2,37,75,75,189,28,32,60,249
01/30/2014,LNK,NE,ACE,CE,Towers with Radar,0,30,35,37,102,0,1,10,5,16,0,31,45,42,118,16,18,34,152
01/31/2014,LNK,NE,ACE,CE,Towers with Radar,0,30,21,16,67,0,3,14,0,17,0,33,35,16,84,36,0,36,120
02/01/2014,LNK,NE,ACE,CE,Towers with Radar,2,14,17,7,40,0,0,12,4,16,2,14,29,11,56,14,2,16,72
02/02/2014,LNK,NE,ACE,CE,Towers with Radar,0,13,24,0,37,0,8,48,4,60,0,21,72,4,97,24,0,24,121
02/03/2014,LNK,NE,ACE,CE,Towers with Radar,0,28,40,22,90,0,0,22,0,22,0,28,62,22,112,74,20,94,206
02/04/2014,LNK,NE,ACE,CE,Towers with Radar,0,18,11,0,29,0,0,0,0,0,0,18,11,0,29,0,0,0,29
02/05/2014,LNK,NE,ACE,CE,Towers with Radar,0,27,22,51,100,0,0,3,9,12,0,27,25,60,112,0,26,26,138
02/06/2014,LNK,NE,ACE,CE,Towers with Radar,0,33,21,10,64,0,0,11,10,21,0,33,32,20,85,28,4,32,117
02/07/2014,LNK,NE,ACE,CE,Towers with Radar,0,32,27,12,71,0,6,24,4,34,0,38,51,16,105,2,2,4,109
02/08/2014,LNK,NE,ACE,CE,Towers with Radar,0,17,16,0,33,0,5,6,4,15,0,22,22,4,48,0,0,0,48
02/09/2014,LNK,NE,ACE,CE,Towers with Radar,0,19,20,3,42,0,5,5,0,10,0,24,25,3,52,16,0,16,68
02/10/2014,LNK,NE,ACE,CE,Towers with Radar,0,25,32,12,69,0,3,22,0,25,0,28,54,12,94,14,2,16,110
02/11/2014,LNK,NE,ACE,CE,Towers with Radar,2,22,29,14,67,0,2,19,4,25,2,24,48,18,92,38,2,40,132
02/12/2014,LNK,NE,ACE,CE,Towers with Radar,1,33,39,57,130,0,2,3,19,24,1,35,42,76,154,8,14,22,176
02/13/2014,LNK,NE,ACE,CE,Towers with Radar,2,42,25,66,135,0,6,57,16,79,2,48,82,82,214,53,18,71,285
02/14/2014,LNK,NE,ACE,CE,Towers with Radar,0,31,33,1,65,0,2,20,0,22,0,33,53,1,87,24,0,24,111
02/15/2014,LNK,NE,ACE,CE,Towers with Radar,0,17,31,2,50,0,1,52,0,53,0,18,83,2,103,62,0,62,165
02/16/2014,LNK,NE,ACE,CE,Towers with Radar,0,23,16,0,39,0,3,10,0,13,0,26,26,0,52,52,0,52,104
02/17/2014,LNK,NE,ACE,CE,Towers with Radar,0,34,25,1,60,0,9,23,0,32,0,43,48,1,92,28,0,28,120
02/18/2014,LNK,NE,ACE,CE,Towers with Radar,0,30,22,9,61,0,8,42,9,59,0,38,64,18,120,42,0,42,162
02/19/2014,LNK,NE,ACE,CE,Towers with Radar,0,40,38,38,116,0,2,36,22,60,0,42,74,60,176,4,28,32,208
02/20/2014,LNK,NE,ACE,CE,Towers with Radar,0,21,19,21,61,0,1,5,10,16,0,22,24,31,77,8,11,19,96
02/21/2014,LNK,NE,ACE,CE,Towers with Radar,0,27,31,40,98,0,18,25,6,49,0,45,56,46,147,12,0,12,159
02/22/2014,LNK,NE,ACE,CE,Towers with Radar,0,26,32,6,64,0,5,39,9,53,0,31,71,15,117,4,8,12,129
02/23/2014,LNK,NE,ACE,CE,Towers with Radar,0,27,33,4,64,0,6,36,4,46,0,33,69,8,110,12,0,12,122
02/24/2014,LNK,NE,ACE,CE,Towers with Radar,0,32,33,32,97,0,3,8,1,12,0,35,41,33,109,44,12,56,165
02/25/2014,LNK,NE,ACE,CE,Towers with Radar,0,27,47,23,97,0,3,10,0,13,0,30,57,23,110,12,10,22,132
02/26/2014,LNK,NE,ACE,CE,Towers with Radar,2,30,47,8,87,0,0,30,10,40,2,30,77,18,127,10,0,10,137
02/27/2014,LNK,NE,ACE,CE,Towers with Radar,3,28,41,16,88,0,0,15,15,30,3,28,56,31,118,37,11,48,166
02/28/2014,LNK,NE,ACE,CE,Towers with Radar,1,30,16,21,68,0,0,12,8,20,1,30,28,29,88,4,38,42,130
03/01/2014,LNK,NE,ACE,CE,Towers with Radar,0,20,9,2,31,0,0,2,9,11,0,20,11,11,42,0,14,14,56
03/02/2014,LNK,NE,ACE,CE,Towers with Radar,2,22,18,9,51,0,0,7,13,20,2,22,25,22,71,0,0,0,71
03/03/2014,LNK,NE,ACE,CE,Towers with Radar,0,28,20,12,60,0,7,6,0,13,0,35,26,12,73,36,4,40,113
03/04/2014,LNK,NE,ACE,CE,Towers with Radar,0,34,30,32,96,0,4,27,1,32,0,38,57,33,128,36,16,52,180
03/05/2014,LNK,NE,ACE,CE,Towers with Radar,0,31,22,54,107,0,0,21,11,32,0,31,43,65,139,0,32,32,171
03/06/2014,LNK,NE,ACE,CE,Towers with Radar,0,32,30,65,127,0,0,13,10,23,0,32,43,75,150,36,12,48,198
03/07/2014,LNK,NE,ACE,CE,Towers with Radar,0,29,33,49,111,0,0,12,5,17,0,29,45,54,128,22,0,22,150
03/08/2014,LNK,NE,ACE,CE,Towers with Radar,0,23,27,4,54,0,0,50,12,62,0,23,77,16,116,24,0,24,140
03/09/2014,LNK,NE,ACE,CE,Towers with Radar,0,29,19,1,49,0,3,31,0,34,0,32,50,1,83,12,0,12,95
03/10/2014,LNK,NE,ACE,CE,Towers with Radar,0,33,21,17,71,0,9,46,0,55,0,42,67,17,126,8,12,20,146
03/11/2014,LNK,NE,ACE,CE,Towers with Radar,2,31,22,15,70,0,2,5,0,7,2,33,27,15,77,2,8,10,87
03/12/2014,LNK,NE,ACE,CE,Towers with Radar,0,23,23,28,74,0,8,21,9,38,0,31,44,37,112,0,18,18,130
03/13/2014,LNK,NE,ACE,CE,Towers with Radar,0,37,31,25,93,0,5,53,9,67,0,42,84,34,160,55,0,55,215
03/14/2014,LNK,NE,ACE,CE,Towers with Radar,0,36,34,16,86,0,3,44,8,55,0,39,78,24,141,28,10,38,179
03/15/2014,LNK,NE,ACE,CE,Towers with Radar,0,17,29,1,47,0,4,67,8,79,0,21,96,9,126,20,0,20,146
03/16/2014,LNK,NE,ACE,CE,Towers with Radar,0,25,19,8,52,0,2,33,0,35,0,27,52,8,87,38,16,54,141
03/17/2014,LNK,NE,ACE,CE,Towers with Radar,0,24,15,27,66,0,8,30,0,38,0,32,45,27,104,40,18,58,162
03/18/2014,LNK,NE,ACE,CE,Towers with Radar,0,27,32,24,83,0,7,16,3,26,0,34,48,27,109,8,20,28,137
03/19/2014,LNK,NE,ACE,CE,Towers with Radar,2,34,49,37,122,0,13,27,13,53,2,47,76,50,175,20,28,48,223
03/20/2014,LNK,NE,ACE,CE,Towers with Radar,2,33,35,31,101,0,1,78,12,91,2,34,113,43,192,74,22,96,288
03/21/2014,LNK,NE,ACE,CE,Towers with Radar,2,37,34,21,94,0,9,22,0,31,2,46,56,21,125,2,12,14,139
03/22/2014,LNK,NE,ACE,CE,Towers with Radar,0,18,19,0,37,0,4,17,0,21,0,22,36,0,58,30,0,30,88
03/23/2014,LNK,NE,ACE,CE,Towers with Radar,0,26,23,1,50,0,0,39,1,40,0,26,62,2,90,64,0,64,154
03/24/2014,LNK,NE,ACE,CE,Towers with Radar,0,34,22,9,65,0,8,19,1,28,0,42,41,10,93,26,8,34,127
03/25/2014,LNK,NE,ACE,CE,Towers with Radar,1,28,15,11,55,0,7,36,0,43,1,35,51,11,98,40,10,50,148
03/26/2014,LNK,NE,ACE,CE,Towers with Radar,0,27,38,13,78,0,3,15,4,22,0,30,53,17,100,8,6,14,114
03/27/2014,LNK,NE,ACE,CE,Towers with Radar,10,25,32,34,101,0,0,2,4,6,10,25,34,38,107,4,0,4,111
03/28/2014,LNK,NE,ACE,CE,Towers with Radar,1,32,45,27,105,0,8,54,5,67,1,40,99,32,172,70,26,96,268
03/29/2014,LNK,NE,ACE,CE,Towers with Radar,4,26,38,0,68,0,5,43,0,48,4,31,81,0,116,78,0,78,194
03/30/2014,LNK,NE,ACE,CE,Towers with Radar,2,30,14,0,46,0,0,14,0,14,2,30,28,0,60,10,0,10,70
03/31/2014,LNK,NE,ACE,CE,Towers with Radar,0,29,22,3,54,0,2,2,0,4,0,31,24,3,58,0,0,0,58
04/01/2014,LNK,NE,ACE,CE,Towers with Radar,2,29,41,33,105,0,5,60,1,66,2,34,101,34,171,48,22,70,241
04/02/2014,LNK,NE,ACE,CE,Towers with Radar,0,28,37,34,99,0,0,12,1,13,0,28,49,35,112,0,0,0,112
04/03/2014,LNK,NE,ACE,CE,Towers with Radar,2,28,21,39,90,0,0,0,0,0,2,28,21,39,90,0,0,0,90
04/04/2014,LNK,NE,ACE,CE,Towers with Radar,2,35,22,21,80,0,4,33,10,47,2,39,55,31,127,46,2,48,175
04/05/2014,LNK,NE,ACE,CE,Towers with Radar,0,20,23,2,45,0,0,55,0,55,0,20,78,2,100,58,0,58,158
04/06/2014,LNK,NE,ACE,CE,Towers with Radar,0,29,19,12,60,0,8,30,0,38,0,37,49,12,98,74,16,90,188
04/07/2014,LNK,NE,ACE,CE,Towers with Radar,0,33,25,8,66,0,3,24,0,27,0,36,49,8,93,20,8,28,121
04/08/2014,LNK,NE,ACE,CE,Towers with Radar,0,27,42,16,85,0,8,35,4,47,0,35,77,20,132,20,22,42,174
04/09/2014,LNK,NE,ACE,CE,Towers with Radar,0,33,33,40,106,0,8,39,11,58,0,41,72,51,164,44,30,74,238
04/10/2014,LNK,NE,ACE,CE,Towers with Radar,0,43,40,39,122,0,6,53,16,75,0,49,93,55,197,48,14,62,259
04/11/2014,LNK,NE,ACE,CE,Towers with Radar,0,39,36,42,117,0,6,78,18,102,0,45,114,60,219,36,10,46,265
04/12/2014,LNK,NE,ACE,CE,Towers with Radar,0,16,30,5,51,0,4,44,16,64,0,20,74,21,115,40,0,40,155
04/13/2014,LNK,NE,ACE,CE,Towers with Radar,0,23,6,0,29,0,1,0,0,1,0,24,6,0,30,0,0,0,30
04/14/2014,LNK,NE,ACE,CE,Towers with Radar,0,31,25,22,78,0,8,35,1,44,0,39,60,23,122,18,20,38,160
04/15/2014,LNK,NE,ACE,CE,Towers with Radar,0,32,32,39,103,0,7,45,4,56,0,39,77,43,159,30,44,74,233
04/16/2014,LNK,NE,ACE,CE,Towers with Radar,0,35,31,49,115,0,1,14,10,25,0,36,45,59,140,4,14,18,158
04/17/2014,LNK,NE,ACE,CE,Towers with Radar,0,41,41,54,136,0,2,50,5,57,0,43,91,59,193,28,60,88,281
04/18/2014,LNK,NE,ACE,CE,Towers with Radar,0,28,30,51,109,0,0,35,0,35,0,28,65,51,144,8,18,26,170
04/19/2014,LNK,NE,ACE,CE,Towers with Radar,0,20,8,0,28,0,6,35,0,41,0,26,43,0,69,14,0,14,83
04/20/2014,LNK,NE,ACE,CE,Towers with Radar,0,22,12,1,35,0,0,15,0,15,0,22,27,1,50,0,0,0,50
04/21/2014,LNK,NE,ACE,CE,Towers with Radar,0,51,36,26,113,0,9,35,1,45,0,60,71,27,158,16,12,28,186
04/22/2014,LNK,NE,ACE,CE,Towers with Radar,0,39,27,17,83,0,3,63,2,68,0,42,90,19,151,22,26,48,199
04/23/2014,LNK,NE,ACE,CE,Towers with Radar,0,31,27,3,61,0,5,4,0,9,0,36,31,3,70,0,0,0,70
04/24/2014,LNK,NE,ACE,CE,Towers with Radar,0,39,35,26,100,0,5,40,12,57,0,44,75,38,157,6,30,36,193
04/25/2014,LNK,NE,ACE,CE,Towers with Radar,0,31,32,22,85,0,10,55,3,68,0,41,87,25,153,34,12,46,199
04/26/2014,LNK,NE,ACE,CE,Towers with Radar,0,23,15,1,39,0,6,50,9,65,0,29,65,10,104,22,2,24,128
04/27/2014,LNK,NE,ACE,CE,Towers with Radar,0,24,13,0,37,0,0,5,0,5,0,24,18,0,42,18,0,18,60
04/28/2014,LNK,NE,ACE,CE,Towers with Radar,0,35,49,16,100,0,0,27,0,27,0,35,76,16,127,38,14,52,179
04/29/2014,LNK,NE,ACE,CE,Towers with Radar,0,29,22,26,77,0,4,0,1,5,0,33,22,27,82,0,8,8,90
04/30/2014,LNK,NE,ACE,CE,Towers with Radar,0,47,26,38,111,0,4,19,13,36,0,51,45,51,147,20,58,78,225
05/01/2014,LNK,NE,ACE,CE,Towers with Radar,0,46,24,55,125,0,0,42,9,51,0,46,66,64,176,62,40,102,278
05/02/2014,LNK,NE,ACE,CE,Towers with Radar,0,29,25,31,85,0,0,56,4,60,0,29,81,35,145,10,6,16,161
05/03/2014,LNK,NE,ACE,CE,Towers with Radar,0,23,25,10,58,0,9,77,0,86,0,32,102,10,144,90,28,118,262
05/04/2014,LNK,NE,ACE,CE,Towers with Radar,0,29,17,3,49,0,8,25,1,34,0,37,42,4,83,2,0,2,85
05/05/2014,LNK,NE,ACE,CE,Towers with Radar,0,40,53,35,128,0,2,53,0,55,0,42,106,35,183,54,26,80,263
05/06/2014,LNK,NE,ACE,CE,Towers with Radar,3,47,34,25,109,0,10,41,0,51,3,57,75,25,160,41,20,61,221
05/07/2014,LNK,NE,ACE,CE,Towers with Radar,0,38,34,14,86,0,0,29,7,36,0,38,63,21,122,30,4,34,156
05/08/2014,LNK,NE,ACE,CE,Towers with Radar,0,28,26,45,99,0,1,20,8,29,0,29,46,53,128,8,14,22,150
05/09/2014,LNK,NE,ACE,CE,Towers with Radar,1,30,33,29,93,0,0,56,1,57,1,30,89,30,150,134,32,166,316
05/10/2014,LNK,NE,ACE,CE,Towers with Radar,0,23,30,1,54,0,3,39,0,42,0,26,69,1,96,61,0,61,157
05/11/2014,LNK,NE,ACE,CE,Towers with Radar,0,21,5,2,28,0,3,0,0,3,0,24,5,2,31,16,0,16,47
05/12/2014,LNK,NE,ACE,CE,Towers with Radar,0,31,47,15,93,0,4,0,0,4,0,35,47,15,97,0,0,0,97
05/13/2014,LNK,NE,ACE,CE,Towers with Radar,0,32,48,44,124,0,9,35,0,44,0,41,83,44,168,0,0,0,168
05/14/2014,LNK,NE,ACE,CE,Towers with Radar,0,42,50,30,122,0,3,36,10,49,0,45,86,40,171,52,20,72,243
05/15/2014,LNK,NE,ACE,CE,Towers with Radar,0,30,31,55,116,0,4,31,10,45,0,34,62,65,161,58,20,78,239
05/16/2014,LNK,NE,ACE,CE,Towers with Radar,0,38,36,40,114,0,5,35,12,52,0,43,71,52,166,48,10,58,224
05/17/2014,LNK,NE,ACE,CE,Towers with Radar,0,20,25,0,45,0,7,64,0,71,0,27,89,0,116,82,0,82,198
05/18/2014,LNK,NE,ACE,CE,Towers with Radar,2,23,26,16,67,0,1,38,0,39,2,24,64,16,106,48,0,48,154
05/19/2014,LNK,NE,ACE,CE,Towers with Radar,0,35,20,60,115,0,5,16,0,21,0,40,36,60,136,18,28,46,182
05/20/2014,LNK,NE,ACE,CE,Towers with Radar,0,41,38,47,126,0,4,30,3,37,0,45,68,50,163,22,28,50,213
05/21/2014,LNK,NE,ACE,CE,Towers with Radar,0,33,32,40,105,0,1,54,18,73,0,34,86,58,178,0,0,0,178
05/22/2014,LNK,NE,ACE,CE,Towers with Radar,0,32,66,28,126,0,4,27,12,43,0,36,93,40,169,76,4,80,249
05/23/2014,LNK,NE,ACE,CE,Towers with Radar,0,28,35,2,65,0,9,39,1,49,0,37,74,3,114,62,0,62,176
05/24/2014,LNK,NE,ACE,CE,Towers with Radar,0,17,10,0,27,0,3,36,0,39,0,20,46,0,66,16,0,16,82
05/25/2014,LNK,NE,ACE,CE,Towers with Radar,0,14,9,2,25,0,4,11,1,16,0,18,20,3,41,2,0,2,43
05/26/2014,LNK,NE,ACE,CE,Towers with Radar,0,30,21,0,51,0,12,31,0,43,0,42,52,0,94,40,0,40,134
05/27/2014,LNK,NE,ACE,CE,Towers with Radar,0,36,28,35,99,0,6,28,9,43,0,42,56,44,142,18,14,32,174
05/28/2014,LNK,NE,ACE,CE,Towers with Radar,0,37,42,26,105,0,5,53,14,72,0,42,95,40,177,10,10,20,197
05/29/2014,LNK,NE,ACE,CE,Towers with Radar,0,46,38,35,119,0,2,50,12,64,0,48,88,47,183,24,38,62,245
05/30/2014,LNK,NE,ACE,CE,Towers with Radar,0,29,38,18,85,0,2,35,3,40,0,31,73,21,125,46,22,68,193
05/31/2014,LNK,NE,ACE,CE,Towers with Radar,0,17,13,6,36,0,4,42,1,47,0,21,55,7,83,68,0,68,151
06/01/2014,LNK,NE,ACE,CE,Towers with Radar,0,20,13,0,33,0,5,28,0,33,0,25,41,0,66,16,0,16,82
06/02/2014,LNK,NE,ACE,CE,Towers with Radar,2,46,30,29,107,0,12,45,0,57,2,58,75,29,164,34,17,51,215
06/03/2014,LNK,NE,ACE,CE,Towers with Radar,2,36,17,2,57,0,6,7,3,16,2,42,24,5,73,0,0,0,73
06/04/2014,LNK,NE,ACE,CE,Towers with Radar,0,27,38,23,88,0,2,19,9,30,0,29,57,32,118,16,4,20,138
06/05/2014,LNK,NE,ACE,CE,Towers with Radar,4,33,42,6,85,0,4,21,13,38,4,37,63,19,123,40,2,42,165
06/06/2014,LNK,NE,ACE,CE,Towers with Radar,0,27,43,23,93,0,3,56,5,64,0,30,99,28,157,42,14,56,213
06/07/2014,LNK,NE,ACE,CE,Towers with Radar,0,17,22,2,41,0,0,24,0,24,0,17,46,2,65,4,0,4,69
06/08/2014,LNK,NE,ACE,CE,Towers with Radar,2,25,45,7,79,0,8,15,1,24,2,33,60,8,103,18,2,20,123
06/09/2014,LNK,NE,ACE,CE,Towers with Radar,0,29,26,25,80,0,1,15,0,16,0,30,41,25,96,34,2,36,132
06/10/2014,LNK,NE,ACE,CE,Towers with Radar,0,36,34,32,102,0,7,59,3,69,0,43,93,35,171,68,10,78,249
06/11/2014,LNK,NE,ACE,CE,Towers with Radar,0,32,36,21,89,0,1,52,11,64,0,33,88,32,153,36,14,50,203
06/12/2014,LNK,NE,ACE,CE,Towers with Radar,0,37,38,52,127,0,5,43,15,63,0,42,81,67,190,48,14,62,252
06/13/2014,LNK,NE,ACE,CE,Towers with Radar,0,32,32,26,90,0,0,57,3,60,0,32,89,29,150,30,12,42,192
06/14/2014,LNK,NE,ACE,CE,Towers with Radar,0,16,18,2,36,0,12,15,0,27,0,28,33,2,63,0,0,0,63
06/15/2014,LNK,NE,ACE,CE,Towers with Radar,0,34,18,3,55,0,1,66,0,67,0,35,84,3,122,36,0,36,158
06/16/2014,LNK,NE,ACE,CE,Towers with Radar,1,29,29,6,65,0,3,10,0,13,1,32,39,6,78,18,0,18,96
06/17/2014,LNK,NE,ACE,CE,Towers with Radar,1,29,46,43,119,0,9,35,6,50,1,38,81,49,169,38,28,66,235
06/18/2014,LNK,NE,ACE,CE,Towers with Radar,0,25,36,32,93,0,3,32,15,50,0,28,68,47,143,26,22,48,191
06/19/2014,LNK,NE,ACE,CE,Towers with Radar,0,30,25,38,93,0,2,65,6,73,0,32,90,44,166,60,10,70,236
06/20/2014,LNK,NE,ACE,CE,Towers with Radar,3,32,31,29,95,0,0,59,8,67,3,32,90,37,162,56,18,74,236
06/21/2014,LNK,NE,ACE,CE,Towers with Radar,0,24,18,10,52,0,1,54,14,69,0,25,72,24,121,56,6,62,183
06/22/2014,LNK,NE,ACE,CE,Towers with Radar,0,25,17,9,51,0,3,24,7,34,0,28,41,16,85,14,0,14,99
06/23/2014,LNK,NE,ACE,CE,Towers with Radar,0,34,43,10,87,0,3,53,0,56,0,37,96,10,143,68,6,74,217
06/24/2014,LNK,NE,ACE,CE,Towers with Radar,0,34,38,55,127,0,9,34,3,46,0,43,72,58,173,44,32,76,249
06/25/2014,LNK,NE,ACE,CE,Towers with Radar,0,41,48,29,118,0,2,57,10,69,0,43,105,39,187,82,6,88,275
06/26/2014,LNK,NE,ACE,CE,Towers with Radar,2,35,40,22,99,0,1,34,11,46,2,36,74,33,145,50,12,62,207
06/27/2014,LNK,NE,ACE,CE,Towers with Radar,0,32,19,9,60,0,5,14,3,22,0,37,33,12,82,18,0,18,100
06/28/2014,LNK,NE,ACE,CE,Towers with Radar,0,15,17,3,35,0,5,24,4,33,0,20,41,7,68,48,4,52,120
06/29/2014,LNK,NE,ACE,CE,Towers with Radar,0,29,30,1,60,0,6,13,0,19,0,35,43,1,79,2,0,2,81
06/30/2014,LNK,NE,ACE,CE,Towers with Radar,2,25,18,27,72,0,1,32,0,33,2,26,50,27,105,68,0,68,173
07/01/2014,LNK,NE,ACE,CE,Towers with Radar,0,26,17,18,61,0,4,32,5,41,0,30,49,23,102,2,4,6,108
07/02/2014,LNK,NE,ACE,CE,Towers with Radar,0,31,36,36,103,0,2,42,6,50,0,33,78,42,153,16,16,32,185
07/03/2014,LNK,NE,ACE,CE,Towers with Radar,1,42,29,7,79,0,12,58,2,72,1,54,87,9,151,18,2,20,171
07/04/2014,LNK,NE,ACE,CE,Towers with Radar,0,15,10,0,25,0,8,38,0,46,0,23,48,0,71,12,0,12,83
07/05/2014,LNK,NE,ACE,CE,Towers with Radar,0,12,9,0,21,0,12,15,0,27,0,24,24,0,48,6,0,6,54
07/06/2014,LNK,NE,ACE,CE,Towers with Radar,0,30,16,1,47,0,6,30,0,36,0,36,46,1,83,6,0,6,89
07/07/2014,LNK,NE,ACE,CE,Towers with Radar,0,36,29,4,69,0,7,25,0,32,0,43,54,4,101,6,0,6,107
07/08/2014,LNK,NE,ACE,CE,Towers with Radar,0,27,29,7,63,0,7,50,3,60,0,34,79,10,123,34,2,36,159
07/09/2014,LNK,NE,ACE,CE,Towers with Radar,0,33,29,11,73,0,4,37,8,49,0,37,66,19,122,30,4,34,156
07/10/2014,LNK,NE,ACE,CE,Towers with Radar,0,31,51,25,107,0,5,40,12,57,0,36,91,37,164,38,4,42,206
07/11/2014,LNK,NE,ACE,CE,Towers with Radar,0,38,33,11,82,0,0,39,3,42,0,38,72,14,124,26,6,32,156
07/12/2014,LNK,NE,ACE,CE,Towers with Radar,0,25,13,5,43,0,3,39,2,44,0,28,52,7,87,32,0,32,119
07/13/2014,LNK,NE,ACE,CE,Towers with Radar,0,25,23,0,48,0,6,28,1,35,0,31,51,1,83,32,0,32,115
07/14/2014,LNK,NE,ACE,CE,Towers with Radar,0,40,42,16,98,0,5,30,2,37,0,45,72,18,135,18,4,22,157
07/15/2014,LNK,NE,ACE,CE,Towers with Radar,0,36,49,9,94,0,2,52,2,56,0,38,101,11,150,24,0,24,174
07/16/2014,LNK,NE,ACE,CE,Towers with Radar,0,30,43,22,95,0,3,46,3,52,0,33,89,25,147,12,2,14,161
07/17/2014,LNK,NE,ACE,CE,Towers with Radar,0,47,41,30,118,1,8,44,2,55,1,55,85,32,173,26,14,40,213
07/18/2014,LNK,NE,ACE,CE,Towers with Radar,0,32,27,10,69,0,4,34,1,39,0,36,61,11,108,30,4,34,142
07/19/2014,LNK,NE,ACE,CE,Towers with Radar,0,22,27,15,64,0,5,26,0,31,0,27,53,15,95,48,14,62,157
07/20/2014,LNK,NE,ACE,CE,Towers with Radar,0,38,32,2,72,0,3,32,3,38,0,41,64,5,110,20,0,20,130
07/21/2014,LNK,NE,ACE,CE,Towers with Radar,0,32,16,17,65,0,9,13,5,27,0,41,29,22,92,28,4,32,124
07/22/2014,LNK,NE,ACE,CE,Towers with Radar,0,26,36,8,70,0,8,36,0,44,0,34,72,8,114,24,0,24,138
07/23/2014,LNK,NE,ACE,CE,Towers with Radar,0,32,28,18,78,0,0,34,5,39,0,32,62,23,117,34,6,40,157
07/24/2014,LNK,NE,ACE,CE,Towers with Radar,0,28,51,27,106,0,6,56,8,70,0,34,107,35,176,42,6,48,224
07/25/2014,LNK,NE,ACE,CE,Towers with Radar,2,30,35,24,91,0,0,34,5,39,2,30,69,29,130,70,22,92,222
07/26/2014,LNK,NE,ACE,CE,Towers with Radar,0,19,14,3,36,0,7,31,1,39,0,26,45,4,75,54,0,54,129
07/27/2014,LNK,NE,ACE,CE,Towers with Radar,0,25,30,1,56,0,7,38,0,45,0,32,68,1,101,0,0,0,101
07/28/2014,LNK,NE,ACE,CE,Towers with Radar,0,33,36,5,74,0,5,39,1,45,0,38,75,6,119,48,4,52,171
07/29/2014,LNK,NE,ACE,CE,Towers with Radar,0,32,17,2,51,0,4,68,4,76,0,36,85,6,127,42,4,46,173
07/30/2014,LNK,NE,ACE,CE,Towers with Radar,0,35,38,28,101,0,4,42,18,64,0,39,80,46,165,24,14,38,203
07/31/2014,LNK,NE,ACE,CE,Towers with Radar,0,34,42,20,96,0,0,50,9,59,0,34,92,29,155,18,8,26,181
08/01/2014,LNK,NE,ACE,CE,Towers with Radar,0,26,33,14,73,0,3,42,4,49,0,29,75,18,122,56,2,58,180
08/02/2014,LNK,NE,ACE,CE,Towers with Radar,0,15,17,1,33,0,6,60,1,67,0,21,77,2,100,26,0,26,126
08/03/2014,LNK,NE,ACE,CE,Towers with Radar,0,23,25,16,64,0,2,38,0,40,0,25,63,16,104,34,0,34,138
08/04/2014,LNK,NE,ACE,CE,Towers with Radar,0,36,25,14,75,0,8,37,1,46,0,44,62,15,121,22,16,38,159
08/05/2014,LNK,NE,ACE,CE,Towers with Radar,0,28,31,14,73,0,5,47,2,54,0,33,78,16,127,52,4,56,183
08/06/2014,LNK,NE,ACE,CE,Towers with Radar,0,51,22,22,95,0,3,15,2,20,0,54,37,24,115,32,0,32,147
08/07/2014,LNK,NE,ACE,CE,Towers with Radar,0,30,44,15,89,0,0,7,10,17,0,30,51,25,106,20,30,50,156
08/08/2014,LNK,NE,ACE,CE,Towers with Radar,0,35,56,19,110,0,2,17,3,22,0,37,73,22,132,20,28,48,180
08/09/2014,LNK,NE,ACE,CE,Towers with Radar,0,17,24,2,43,0,5,9,1,15,0,22,33,3,58,34,0,34,92
08/10/2014,LNK,NE,ACE,CE,Towers with Radar,0,22,10,0,32,0,7,17,0,24,0,29,27,0,56,52,0,52,108
08/11/2014,LNK,NE,ACE,CE,Towers with Radar,0,28,33,13,74,0,10,46,0,56,0,38,79,13,130,37,12,49,179
08/12/2014,LNK,NE,ACE,CE,Towers with Radar,0,25,22,10,57,0,12,68,4,84,0,37,90,14,141,108,4,112,253
08/13/2014,LNK,NE,ACE,CE,Towers with Radar,0,37,37,17,91,0,3,40,7,50,0,40,77,24,141,10,16,26,167
08/14/2014,LNK,NE,ACE,CE,Towers with Radar,0,31,42,14,87,0,12,38,10,60,0,43,80,24,147,52,14,66,213
08/15/2014,LNK,NE,ACE,CE,Towers with Radar,0,32,36,7,75,0,7,7,0,14,0,39,43,7,89,42,2,44,133
08/16/2014,LNK,NE,ACE,CE,Towers with Radar,0,22,11,0,33,0,2,19,0,21,0,24,30,0,54,24,0,24,78
08/17/2014,LNK,NE,ACE,CE,Towers with Radar,2,29,30,1,62,0,4,23,0,27,2,33,53,1,89,82,0,82,171
08/18/2014,LNK,NE,ACE,CE,Towers with Radar,1,29,24,10,64,0,14,42,2,58,1,43,66,12,122,44,8,52,174
08/19/2014,LNK,NE,ACE,CE,Towers with Radar,0,28,27,12,67,0,2,37,3,42,0,30,64,15,109,42,32,74,183
08/20/2014,LNK,NE,ACE,CE,Towers with Radar,0,35,33,16,84,0,7,21,11,39,0,42,54,27,123,0,16,16,139
08/21/2014,LNK,NE,ACE,CE,Towers with Radar,0,47,37,9,93,0,3,39,10,52,0,50,76,19,145,40,36,76,221
08/22/2014,LNK,NE,ACE,CE,Towers with Radar,0,40,24,24,88,0,2,22,5,29,0,42,46,29,117,32,20,52,169
08/23/2014,LNK,NE,ACE,CE,Towers with Radar,0,18,20,21,59,0,4,28,6,38,0,22,48,27,97,42,8,50,147
08/24/2014,LNK,NE,ACE,CE,Towers with Radar,2,19,33,4,58,0,4,31,3,38,2,23,64,7,96,42,0,42,138
08/25/2014,LNK,NE,ACE,CE,Towers with Radar,0,30,22,2,54,0,4,30,1,35,0,34,52,3,89,12,0,12,101
08/26/2014,LNK,NE,ACE,CE,Towers with Radar,0,38,38,12,88,0,4,14,1,19,0,42,52,13,107,30,6,36,143
08/27/2014,LNK,NE,ACE,CE,Towers with Radar,0,33,46,6,85,0,3,0,14,17,0,36,46,20,102,0,14,14,116
08/28/2014,LNK,NE,ACE,CE,Towers with Radar,0,32,42,8,82,0,2,20,10,32,0,34,62,18,114,18,12,30,144
08/29/2014,LNK,NE,ACE,CE,Towers with Radar,1,31,27,1,60,0,2,10,0,12,1,33,37,1,72,32,0,32,104
08/30/2014,LNK,NE,ACE,CE,Towers with Radar,5,22,38,0,65,0,1,59,0,60,5,23,97,0,125,6,0,6,131
08/31/2014,LNK,NE,ACE,CE,Towers with Radar,0,20,5,2,27,0,2,13,0,15,0,22,18,2,42,48,0,48,90
09/01/2014,LNK,NE,ACE,CE,Towers with Radar,0,25,21,0,46,0,2,50,0,52,0,27,71,0,98,54,0,54,152
09/02/2014,LNK,NE,ACE,CE,Towers with Radar,3,27,29,5,64,1,7,43,6,57,4,34,72,11,121,48,16,64,185
09/03/2014,LNK,NE,ACE,CE,Towers with Radar,2,32,38,28,100,0,0,16,14,30,2,32,54,42,130,18,8,26,156
09/04/2014,LNK,NE,ACE,CE,Towers with Radar,2,31,41,30,104,0,4,31,11,46,2,35,72,41,150,38,4,42,192
09/05/2014,LNK,NE,ACE,CE,Towers with Radar,3,28,17,13,61,0,0,11,16,27,3,28,28,29,88,14,0,14,102
09/06/2014,LNK,NE,ACE,CE,Towers with Radar,5,23,37,7,72,0,0,62,18,80,5,23,99,25,152,12,0,12,164
09/07/2014,LNK,NE,ACE,CE,Towers with Radar,1,37,27,8,73,0,1,64,12,77,1,38,91,20,150,24,0,24,174
09/08/2014,LNK,NE,ACE,CE,Towers with Radar,2,36,23,12,73,0,3,24,2,29,2,39,47,14,102,58,2,60,162
09/09/2014,LNK,NE,ACE,CE,Towers with Radar,2,24,21,6,53,0,2,3,4,9,2,26,24,10,62,10,12,22,84
09/10/2014,LNK,NE,ACE,CE,Towers with Radar,2,23,30,24,79,0,6,6,9,21,2,29,36,33,100,18,0,18,118
09/11/2014,LNK,NE,ACE,CE,Towers with Radar,2,33,39,29,103,0,1,2,9,12,2,34,41,38,115,0,4,4,119
09/12/2014,LNK,NE,ACE,CE,Towers with Radar,4,36,25,18,83,0,3,12,2,17,4,39,37,20,100,44,6,50,150
09/13/2014,LNK,NE,ACE,CE,Towers with Radar,2,15,16,10,43,0,0,46,5,51,2,15,62,15,94,36,0,36,130
09/14/2014,LNK,NE,ACE,CE,Towers with Radar,4,32,30,6,72,0,0,48,2,50,4,32,78,8,122,18,0,18,140
09/15/2014,LNK,NE,ACE,CE,Towers with Radar,2,32,38,14,86,0,1,26,1,28,2,33,64,15,114,22,2,24,138
09/16/2014,LNK,NE,ACE,CE,Towers with Radar,2,32,31,10,75,0,2,50,4,56,2,34,81,14,131,18,4,22,153
09/17/2014,LNK,NE,ACE,CE,Towers with Radar,2,36,43,15,96,0,0,44,3,47,2,36,87,18,143,26,18,44,187
09/18/2014,LNK,NE,ACE,CE,Towers with Radar,2,38,45,21,106,0,1,31,9,41,2,39,76,30,147,54,10,64,211
09/19/2014,LNK,NE,ACE,CE,Towers with Radar,2,31,43,16,92,0,12,25,1,38,2,43,68,17,130,6,4,10,140
09/20/2014,LNK,NE,ACE,CE,Towers with Radar,4,28,53,3,88,0,3,54,0,57,4,31,107,3,145,6,0,6,151
09/21/2014,LNK,NE,ACE,CE,Towers with Radar,6,28,46,0,80,0,2,57,0,59,6,30,103,0,139,0,0,0,139
09/22/2014,LNK,NE,ACE,CE,Towers with Radar,2,29,25,0,56,0,6,36,1,43,2,35,61,1,99,46,0,46,145
09/23/2014,LNK,NE,ACE,CE,Towers with Radar,2,30,43,0,75,0,1,22,0,23,2,31,65,0,98,8,0,8,106
09/24/2014,LNK,NE,ACE,CE,Towers with Radar,2,34,41,10,87,0,6,26,4,36,2,40,67,14,123,20,0,20,143
09/25/2014,LNK,NE,ACE,CE,Towers with Radar,2,36,39,8,85,0,5,47,3,55,2,41,86,11,140,56,0,56,196
09/26/2014,LNK,NE,ACE,CE,Towers with Radar,3,32,49,4,88,0,5,48,3,56,3,37,97,7,144,36,0,36,180
09/27/2014,LNK,NE,ACE,CE,Towers with Radar,4,17,42,0,63,0,10,42,0,52,4,27,84,0,115,8,0,8,123
09/28/2014,LNK,NE,ACE,CE,Towers with Radar,2,29,21,4,56,0,4,64,0,68,2,33,85,4,124,22,0,22,146
09/29/2014,LNK,NE,ACE,CE,Towers with Radar,2,27,29,3,61,0,4,43,0,47,2,31,72,3,108,72,0,72,180
09/30/2014,LNK,NE,ACE,CE,Towers with Radar,2,27,29,6,64,0,1,2,0,3,2,28,31,6,67,8,0,8,75
10/01/2014,LNK,NE,ACE,CE,Towers with Radar,2,37,47,10,96,0,7,12,2,21,2,44,59,12,117,28,8,36,153
10/02/2014,LNK,NE,ACE,CE,Towers with Radar,2,41,21,13,77,0,5,11,0,16,2,46,32,13,93,20,8,28,121
10/03/2014,LNK,NE,ACE,CE,Towers with Radar,6,35,40,7,88,0,4,16,2,22,6,39,56,9,110,0,2,2,112
10/04/2014,LNK,NE,ACE,CE,Towers with Radar,2,26,25,4,57,0,3,66,0,69,2,29,91,4,126,60,2,62,188
10/05/2014,LNK,NE,ACE,CE,Towers with Radar,4,29,19,2,54,0,4,44,1,49,4,33,63,3,103,42,0,42,145
10/06/2014,LNK,NE,ACE,CE,Towers with Radar,2,30,31,10,73,0,0,38,0,38,2,30,69,10,111,36,6,42,153
10/07/2014,LNK,NE,ACE,CE,Towers with Radar,4,30,43,18,95,0,5,50,0,55,4,35,93,18,150,8,26,34,184
10/08/2014,LNK,NE,ACE,CE,Towers with Radar,2,28,33,12,75,0,2,42,16,60,2,30,75,28,135,24,10,34,169
10/09/2014,LNK,NE,ACE,CE,Towers with Radar,2,36,37,9,84,0,2,14,5,21,2,38,51,14,105,32,4,36,141
10/10/2014,LNK,NE,ACE,CE,Towers with Radar,4,34,27,2,67,0,6,36,0,42,4,40,63,2,109,14,4,18,127
10/11/2014,LNK,NE,ACE,CE,Towers with Radar,2,18,19,0,39,0,5,38,0,43,2,23,57,0,82,34,0,34,116
10/12/2014,LNK,NE,ACE,CE,Towers with Radar,2,27,22,0,51,0,7,18,0,25,2,34,40,0,76,66,0,66,142
10/13/2014,LNK,NE,ACE,CE,Towers with Radar,2,29,15,0,46,0,0,2,0,2,2,29,17,0,48,0,0,0,48
10/14/2014,LNK,NE,ACE,CE,Towers with Radar,2,35,25,7,69,0,8,20,8,36,2,43,45,15,105,20,4,24,129
10/15/2014,LNK,NE,ACE,CE,Towers with Radar,2,42,24,14,82,0,5,49,13,67,2,47,73,27,149,64,18,82,231
10/16/2014,LNK,NE,ACE,CE,Towers with Radar,2,40,32,15,89,0,3,35,13,51,2,43,67,28,140,24,2,26,166
10/17/2014,LNK,NE,ACE,CE,Towers with Radar,10,31,31,21,93,0,9,26,11,46,10,40,57,32,139,38,2,40,179
10/18/2014,LNK,NE,ACE,CE,Towers with Radar,2,19,27,11,59,0,6,37,23,66,2,25,64,34,125,41,0,41,166
10/19/2014,LNK,NE,ACE,CE,Towers with Radar,2,32,27,5,66,0,4,31,9,44,2,36,58,14,110,26,2,28,138
10/20/2014,LNK,NE,ACE,CE,Towers with Radar,2,35,26,7,70,0,9,31,1,41,2,44,57,8,111,20,0,20,131
10/21/2014,LNK,NE,ACE,CE,Towers with Radar,2,27,31,8,68,0,4,50,3,57,2,31,81,11,125,38,0,38,163
10/22/2014,LNK,NE,ACE,CE,Towers with Radar,2,29,32,15,78,0,2,15,6,23,2,31,47,21,101,6,18,24,125
10/23/2014,LNK,NE,ACE,CE,Towers with Radar,2,30,24,7,63,0,2,16,7,25,2,32,40,14,88,62,14,76,164
10/24/2014,LNK,NE,ACE,CE,Towers with Radar,4,30,28,15,77,0,1,24,0,25,4,31,52,15,102,40,8,48,150
10/25/2014,LNK,NE,ACE,CE,Towers with Radar,4,22,52,11,89,0,0,47,0,47,4,22,99,11,136,2,6,8,144
10/26/2014,LNK,NE,ACE,CE,Towers with Radar,4,28,30,5,67,0,1,44,2,47,4,29,74,7,114,6,0,6,120
10/27/2014,LNK,NE,ACE,CE,Towers with Radar,2,28,26,10,66,0,6,10,1,17,2,34,36,11,83,32,4,36,119
10/28/2014,LNK,NE,ACE,CE,Towers with Radar,2,36,21,5,64,0,1,30,4,35,2,37,51,9,99,48,0,48,147
10/29/2014,LNK,NE,ACE,CE,Towers with Radar,2,37,41,17,97,0,1,46,7,54,2,38,87,24,151,8,10,18,169
10/30/2014,LNK,NE,ACE,CE,Towers with Radar,4,33,20,11,68,0,7,50,9,66,4,40,70,20,134,14,6,20,154
10/31/2014,LNK,NE,ACE,CE,Towers with Radar,5,22,26,24,77,0,6,34,6,46,5,28,60,30,123,62,4,66,189
11/01/2014,LNK,NE,ACE,CE,Towers with Radar,3,16,43,3,65,0,3,52,0,55,3,19,95,3,120,2,0,2,122
11/02/2014,LNK,NE,ACE,CE,Towers with Radar,2,29,18,8,57,0,6,30,1,37,2,35,48,9,94,8,8,16,110
11/03/2014,LNK,NE,ACE,CE,Towers with Radar,2,43,46,6,97,0,2,7,1,10,2,45,53,7,107,18,6,24,131
11/04/2014,LNK,NE,ACE,CE,Towers with Radar,2,27,41,15,85,0,7,49,3,59,2,34,90,18,144,18,12,30,174
11/05/2014,LNK,NE,ACE,CE,Towers with Radar,2,40,36,10,88,0,2,16,12,30,2,42,52,22,118,6,10,16,134
11/06/2014,LNK,NE,ACE,CE,Towers with Radar,2,32,22,15,71,0,1,30,8,39,2,33,52,23,110,52,2,54,164
11/07/2014,LNK,NE,ACE,CE,Towers with Radar,2,42,27,4,75,0,2,30,2,34,2,44,57,6,109,12,0,12,121
11/08/2014,LNK,NE,ACE,CE,Towers with Radar,2,13,26,2,43,0,5,47,2,54,2,18,73,4,97,38,0,38,135
11/09/2014,LNK,NE,ACE,CE,Towers with Radar,3,21,34,0,58,0,0,49,0,49,3,21,83,0,107,74,0,74,181
11/10/2014,LNK,NE,ACE,CE,Towers with Radar,2,30,19,6,57,0,0,9,1,10,2,30,28,7,67,22,6,28,95
11/11/2014,LNK,NE,ACE,CE,Towers with Radar,2,32,30,0,64,0,4,13,0,17,2,36,43,0,81,0,0,0,81
11/12/2014,LNK,NE,ACE,CE,Towers with Radar,2,36,36,8,82,0,4,16,9,29,2,40,52,17,111,12,10,22,133
11/13/2014,LNK,NE,ACE,CE,Towers with Radar,4,30,38,1,73,0,8,17,14,39,4,38,55,15,112,4,10,14,126
11/14/2014,LNK,NE,ACE,CE,Towers with Radar,4,34,41,19,98,0,3,37,11,51,4,37,78,30,149,82,8,90,239
11/15/2014,LNK,NE,ACE,CE,Towers with Radar,3,12,8,0,23,0,1,1,0,2,3,13,9,0,25,0,0,0,25
11/16/2014,LNK,NE,ACE,CE,Towers with Radar,2,27,22,5,56,0,1,18,6,25,2,28,40,11,81,10,34,44,125
11/17/2014,LNK,NE,ACE,CE,Towers with Radar,2,29,26,4,61,0,2,16,1,19,2,31,42,5,80,2,0,2,82
11/18/2014,LNK,NE,ACE,CE,Towers with Radar,2,35,34,27,98,0,8,45,0,53,2,43,79,27,151,34,10,44,195
11/19/2014,LNK,NE,ACE,CE,Towers with Radar,6,28,39,26,99,0,8,12,11,31,6,36,51,37,130,2,16,18,148
11/20/2014,LNK,NE,ACE,CE,Towers with Radar,4,37,20,43,104,0,5,43,8,56,4,42,63,51,160,0,24,24,184
11/21/2014,LNK,NE,ACE,CE,Towers with Radar,3,29,41,50,123,0,3,39,4,46,3,32,80,54,169,96,16,112,281
11/22/2014,LNK,NE,ACE,CE,Towers with Radar,4,18,53,3,78,0,3,23,0,26,4,21,76,3,104,14,0,14,118
11/23/2014,LNK,NE,ACE,CE,Towers with Radar,3,28,13,3,47,0,1,6,0,7,3,29,19,3,54,4,0,4,58
11/24/2014,LNK,NE,ACE,CE,Towers with Radar,4,24,28,4,60,0,2,10,0,12,4,26,38,4,72,0,0,0,72
11/25/2014,LNK,NE,ACE,CE,Towers with Radar,2,35,35,14,86,0,0,55,3,58,2,35,90,17,144,34,0,34,178
11/26/2014,LNK,NE,ACE,CE,Towers with Radar,2,28,15,20,65,0,4,9,14,27,2,32,24,34,92,0,0,0,92
11/27/2014,LNK,NE,ACE,CE,Towers with Radar,3,12,10,0,25,0,4,19,2,25,3,16,29,2,50,8,0,8,58
11/28/2014,LNK,NE,ACE,CE,Towers with Radar,3,16,19,0,38,0,0,44,0,44,3,16,63,0,82,30,0,30,112
11/29/2014,LNK,NE,ACE,CE,Towers with Radar,3,23,23,0,49,0,2,54,0,56,3,25,77,0,105,64,0,64,169
11/30/2014,LNK,NE,ACE,CE,Towers with Radar,3,36,22,0,61,0,2,10,0,12,3,38,32,0,73,0,0,0,73
12/01/2014,LNK,NE,ACE,CE,Towers with Radar,2,37,17,6,62,0,0,19,0,19,2,37,36,6,81,70,28,98,179
12/02/2014,LNK,NE,ACE,CE,Towers with Radar,2,33,29,38,102,0,9,25,2,36,2,42,54,40,138,28,12,40,178
12/03/2014,LNK,NE,ACE,CE,Towers with Radar,1,25,42,72,140,0,6,43,3,52,1,31,85,75,192,52,28,80,272
12/04/2014,LNK,NE,ACE,CE,Towers with Radar,2,38,37,49,126,0,7,47,7,61,2,45,84,56,187,28,42,70,257
12/05/2014,LNK,NE,ACE,CE,Towers with Radar,2,19,31,9,61,0,2,12,1,15,2,21,43,10,76,86,2,88,164
12/06/2014,LNK,NE,ACE,CE,Towers with Radar,2,18,19,12,51,0,1,4,0,5,2,19,23,12,56,3,0,3,59
12/07/2014,LNK,NE,ACE,CE,Towers with Radar,2,23,20,0,45,0,0,0,0,0,2,23,20,0,45,0,0,0,45
12/08/2014,LNK,NE,ACE,CE,Towers with Radar,4,39,32,4,79,0,3,54,0,57,4,42,86,4,136,46,14,60,196
12/09/2014,LNK,NE,ACE,CE,Towers with Radar,1,25,40,27,93,0,0,15,1,16,1,25,55,28,109,6,0,6,115
12/10/2014,LNK,NE,ACE,CE,Towers with Radar,3,32,69,23,127,0,2,8,0,10,3,34,77,23,137,16,4,20,157
12/11/2014,LNK,NE,ACE,CE,Towers with Radar,2,44,20,18,84,0,0,6,1,7,2,44,26,19,91,78,0,78,169
12/12/2014,LNK,NE,ACE,CE,Towers with Radar,2,23,34,9,68,0,3,28,3,34,2,26,62,12,102,30,6,36,138
12/13/2014,LNK,NE,ACE,CE,Towers with Radar,5,21,22,3,51,0,0,0,0,0,5,21,22,3,51,0,2,2,53
12/14/2014,LNK,NE,ACE,CE,Towers with Radar,2,23,32,0,57,0,0,0,0,0,2,23,32,0,57,0,0,0,57
12/15/2014,LNK,NE,ACE,CE,Towers with Radar,2,31,26,1,60,0,3,0,0,3,2,34,26,1,63,0,2,2,65
12/16/2014,LNK,NE,ACE,CE,Towers with Radar,3,32,30,23,88,0,3,9,2,14,3,35,39,25,102,30,0,30,132
12/17/2014,LNK,NE,ACE,CE,Towers with Radar,1,25,35,19,80,0,6,34,5,45,1,31,69,24,125,34,0,34,159
12/18/2014,LNK,NE,ACE,CE,Towers with Radar,2,32,23,31,88,0,1,0,2,3,2,33,23,33,91,16,0,16,107
12/19/2014,LNK,NE,ACE,CE,Towers with Radar,2,29,42,36,109,0,0,1,4,5,2,29,43,40,114,106,0,106,220
12/20/2014,LNK,NE,ACE,CE,Towers with Radar,2,31,15,1,49,0,0,1,0,1,2,31,16,1,50,0,0,0,50
12/21/2014,LNK,NE,ACE,CE,Towers with Radar,2,27,29,1,59,0,0,0,0,0,2,27,29,1,59,0,0,0,59
12/22/2014,LNK,NE,ACE,CE,Towers with Radar,2,29,29,37,97,0,4,9,0,13,2,33,38,37,110,22,4,26,136
12/23/2014,LNK,NE,ACE,CE,Towers with Radar,4,28,22,10,64,0,0,0,2,2,4,28,22,12,66,0,0,0,66
12/24/2014,LNK,NE,ACE,CE,Towers with Radar,1,14,4,0,19,0,0,3,0,3,1,14,7,0,22,0,0,0,22
12/25/2014,LNK,NE,ACE,CE,Towers with Radar,3,18,11,0,32,0,1,15,0,16,3,19,26,0,48,14,0,14,62
12/26/2014,LNK,NE,ACE,CE,Towers with Radar,2,29,10,0,41,0,0,0,0,0,2,29,10,0,41,0,0,0,41
12/27/2014,LNK,NE,ACE,CE,Towers with Radar,2,27,29,0,58,0,2,42,0,44,2,29,71,0,102,30,0,30,132
12/28/2014,LNK,NE,ACE,CE,Towers with Radar,6,30,22,0,58,0,0,38,1,39,6,30,60,1,97,66,0,66,163
12/29/2014,LNK,NE,ACE,CE,Towers with Radar,2,18,16,10,46,0,0,0,2,2,2,18,16,12,48,0,0,0,48
12/30/2014,LNK,NE,ACE,CE,Towers with Radar,2,31,16,1,50,0,3,21,1,25,2,34,37,2,75,16,0,16,91
12/31/2014,LNK,NE,ACE,CE,Towers with Radar,1,24,14,0,39,0,5,9,2,16,1,29,23,2,55,16,0,16,71
01/01/2015,LNK,NE,ACE,CE,Towers with Radar,1,17,8,0,26,0,0,35,0,35,1,17,43,0,61,10,0,10,71
01/02/2015,LNK,NE,ACE,CE,Towers with Radar,2,29,24,2,57,0,0,31,0,31,2,29,55,2,88,78,0,78,166
01/03/2015,LNK,NE,ACE,CE,Towers with Radar,2,27,37,8,74,0,1,34,0,35,2,28,71,8,109,12,8,20,129
01/04/2015,LNK,NE,ACE,CE,Towers with Radar,2,32,8,3,45,0,4,10,1,15,2,36,18,4,60,0,0,0,60
01/05/2015,LNK,NE,ACE,CE,Towers with Radar,2,30,24,10,66,0,1,14,3,18,2,31,38,13,84,8,6,14,98
01/06/2015,LNK,NE,ACE,CE,Towers with Radar,2,38,24,4,68,0,3,14,4,21,2,41,38,8,89,12,0,12,101
01/07/2015,LNK,NE,ACE,CE,Towers with Radar,4,25,9,25,63,0,5,11,20,36,4,30,20,45,99,14,18,32,131
01/08/2015,LNK,NE,ACE,CE,Towers with Radar,2,42,30,12,86,0,5,8,17,30,2,47,38,29,116,8,2,10,126
01/09/2015,LNK,NE,ACE,CE,Towers with Radar,2,29,19,46,96,0,3,16,16,35,2,32,35,62,131,38,16,54,185
01/10/2015,LNK,NE,ACE,CE,Towers with Radar,2,17,19,13,51,0,4,9,13,26,2,21,28,26,77,10,4,14,91
01/11/2015,LNK,NE,ACE,CE,Towers with Radar,5,25,27,7,64,0,4,39,2,45,5,29,66,9,109,16,0,16,125
01/12/2015,LNK,NE,ACE,CE,Towers with Radar,3,29,36,11,79,0,4,30,2,36,3,33,66,13,115,2,12,14,129
01/13/2015,LNK,NE,ACE,CE,Towers with Radar,2,32,26,24,84,0,11,32,3,46,2,43,58,27,130,12,4,16,146
01/14/2015,LNK,NE,ACE,CE,Towers with Radar,2,29,27,10,68,0,10,35,19,64,2,39,62,29,132,10,0,10,142
01/15/2015,LNK,NE,ACE,CE,Towers with Radar,2,35,34,54,125,0,0,56,15,71,2,35,90,69,196,60,12,72,268
01/16/2015,LNK,NE,ACE,CE,Towers with Radar,2,26,41,19,88,0,11,60,1,72,2,37,101,20,160,86,18,104,264
01/17/2015,LNK,NE,ACE,CE,Towers with Radar,1,12,8,0,21,0,3,16,0,19,1,15,24,0,40,0,0,0,40
01/18/2015,LNK,NE,ACE,CE,Towers with Radar,1,22,24,0,47,0,4,40,0,44,1,26,64,0,91,66,0,66,157
01/19/2015,LNK,NE,ACE,CE,Towers with Radar,3,33,28,0,64,0,2,48,0,50,3,35,76,0,114,37,0,37,151
01/20/2015,LNK,NE,ACE,CE,Towers with Radar,3,33,24,16,76,0,5,25,8,38,3,38,49,24,114,24,0,24,138
01/21/2015,LNK,NE,ACE,CE,Towers with Radar,2,29,20,28,79,0,0,27,9,36,2,29,47,37,115,14,12,26,141
01/22/2015,LNK,NE,ACE,CE,Towers with Radar,2,22,32,18,74,0,0,28,20,48,2,22,60,38,122,88,2,90,212
01/23/2015,LNK,NE,ACE,CE,Towers with Radar,2,35,37,36,110,0,6,41,9,56,2,41,78,45,166,26,52,78,244
01/24/2015,LNK,NE,ACE,CE,Towers with Radar,2,11,14,5,32,0,4,52,9,65,2,15,66,14,97,84,0,84,181
01/25/2015,LNK,NE,ACE,CE,Towers with Radar,3,22,17,7,49,0,0,2,10,12,3,22,19,17,61,18,0,18,79
01/26/2015,LNK,NE,ACE,CE,Towers with Radar,3,30,36,17,86,0,3,30,3,36,3,33,66,20,122,24,22,46,168
01/27/2015,LNK,NE,ACE,CE,Towers with Radar,3,28,31,4,66,0,0,63,4,67,3,28,94,8,133,34,0,34,167
01/28/2015,LNK,NE,ACE,CE,Towers with Radar,5,31,25,23,84,0,2,47,7,56,5,33,72,30,140,26,6,32,172
01/29/2015,LNK,NE,ACE,CE,Towers with Radar,3,33,25,29,90,0,3,10,11,24,3,36,35,40,114,24,20,44,158
01/30/2015,LNK,NE,ACE,CE,Towers with Radar,3,30,31,36,100,0,3,38,4,45,3,33,69,40,145,68,32,100,245
01/31/2015,LNK,NE,ACE,CE,Towers with Radar,3,13,2,2,20,0,0,0,0,0,3,13,2,2,20,0,0,0,20
02/01/2015,LNK,NE,ACE,CE,Towers with Radar,2,6,5,0,13,0,1,0,0,1,2,7,5,0,14,0,0,0,14
02/02/2015,LNK,NE,ACE,CE,Towers with Radar,3,23,31,23,80,0,0,9,0,9,3,23,40,23,89,0,10,10,99
02/03/2015,LNK,NE,ACE,CE,Towers with Radar,4,24,42,27,97,0,3,36,2,41,4,27,78,29,138,6,6,12,150
02/04/2015,LNK,NE,ACE,CE,Towers with Radar,3,19,10,8,40,0,3,3,3,9,3,22,13,11,49,0,4,4,53
02/05/2015,LNK,NE,ACE,CE,Towers with Radar,2,30,30,15,77,0,14,17,11,42,2,44,47,26,119,6,2,8,127
02/06/2015,LNK,NE,ACE,CE,Towers with Radar,4,27,22,28,81,0,10,26,4,40,4,37,48,32,121,80,16,96,217
02/07/2015,LNK,NE,ACE,CE,Towers with Radar,2,17,16,2,37,0,5,60,15,80,2,22,76,17,117,78,0,78,195
02/08/2015,LNK,NE,ACE,CE,Towers with Radar,3,25,11,7,46,0,0,45,15,60,3,25,56,22,106,72,4,76,182
02/09/2015,LNK,NE,ACE,CE,Towers with Radar,4,28,16,18,66,0,0,0,0,0,4,28,16,18,66,0,0,0,66
02/10/2015,LNK,NE,ACE,CE,Towers with Radar,2,23,25,43,93,0,2,7,0,9,2,25,32,43,102,6,0,6,108
02/11/2015,LNK,NE,ACE,CE,Towers with Radar,2,23,38,57,120,0,6,21,11,38,2,29,59,68,158,16,28,44,202
02/12/2015,LNK,NE,ACE,CE,Towers with Radar,4,36,33,65,138,0,2,20,11,33,4,38,53,76,171,16,24,40,211
02/13/2015,LNK,NE,ACE,CE,Towers with Radar,2,28,23,6,59,0,6,31,0,37,2,34,54,6,96,70,0,70,166
02/14/2015,LNK,NE,ACE,CE,Towers with Radar,3,27,6,0,36,0,6,8,0,14,3,33,14,0,50,28,0,28,78
02/15/2015,LNK,NE,ACE,CE,Towers with Radar,3,20,27,0,50,0,2,24,0,26,3,22,51,0,76,58,0,58,134
02/16/2015,LNK,NE,ACE,CE,Towers with Radar,2,34,31,1,68,0,2,26,0,28,2,36,57,1,96,65,0,65,161
02/17/2015,LNK,NE,ACE,CE,Towers with Radar,3,32,17,0,52,0,1,11,0,12,3,33,28,0,64,6,0,6,70
02/18/2015,LNK,NE,ACE,CE,Towers with Radar,3,35,27,44,109,0,2,17,13,32,3,37,44,57,141,0,20,20,161
02/19/2015,LNK,NE,ACE,CE,Towers with Radar,2,35,28,30,95,0,0,6,9,15,2,35,34,39,110,14,6,20,130
02/20/2015,LNK,NE,ACE,CE,Towers with Radar,2,34,27,20,83,0,4,30,16,50,2,38,57,36,133,62,6,68,201
02/21/2015,LNK,NE,ACE,CE,Towers with Radar,3,18,9,13,43,0,0,7,5,12,3,18,16,18,55,10,10,20,75
02/22/2015,LNK,NE,ACE,CE,Towers with Radar,2,24,16,3,45,0,3,19,5,27,2,27,35,8,72,12,2,14,86
02/23/2015,LNK,NE,ACE,CE,Towers with Radar,2,33,28,7,70,0,1,33,0,34,2,34,61,7,104,96,14,110,214
02/24/2015,LNK,NE,ACE,CE,Towers with Radar,2,28,42,26,98,0,8,48,5,61,2,36,90,31,159,120,0,120,279
02/25/2015,LNK,NE,ACE,CE,Towers with Radar,3,22,18,33,76,0,2,6,4,12,3,24,24,37,88,70,6,76,164
02/26/2015,LNK,NE,ACE,CE,Towers with Radar,2,35,24,80,141,0,0,12,12,24,2,35,36,92,165,18,46,64,229
02/27/2015,LNK,NE,ACE,CE,Towers with Radar,2,36,38,28,104,0,2,45,8,55,2,38,83,36,159,84,18,102,261
02/28/2015,LNK,NE,ACE,CE,Towers with Radar,2,30,10,0,42,0,0,4,0,4,2,30,14,0,46,28,0,28,74
03/01/2015,LNK,NE,ACE,CE,Towers with Radar,2,30,28,2,62,0,8,43,0,51,2,38,71,2,113,70,0,70,183
03/02/2015,LNK,NE,ACE,CE,Towers with Radar,2,31,23,31,87,0,3,24,0,27,2,34,47,31,114,34,6,40,154
03/03/2015,LNK,NE,ACE,CE,Towers with Radar,2,28,19,34,83,0,3,4,0,7,2,31,23,34,90,0,2,2,92
03/04/2015,LNK,NE,ACE,CE,Towers with Radar,3,35,48,44,130,0,5,28,13,46,3,40,76,57,176,22,14,36,212
03/05/2015,LNK,NE,ACE,CE,Towers with Radar,3,38,30,42,113,0,0,42,5,47,3,38,72,47,160,40,16,56,216
03/06/2015,LNK,NE,ACE,CE,Towers with Radar,2,37,37,43,119,0,0,45,7,52,2,37,82,50,171,48,14,62,233
03/07/2015,LNK,NE,ACE,CE,Towers with Radar,4,25,34,10,73,0,0,62,1,63,4,25,96,11,136,44,2,46,182
03/08/2015,LNK,NE,ACE,CE,Towers with Radar,2,29,26,12,69,0,6,52,0,58,2,35,78,12,127,36,2,38,165
03/09/2015,LNK,NE,ACE,CE,Towers with Radar,4,29,25,19,77,0,0,49,0,49,4,29,74,19,126,54,18,72,198
03/10/2015,LNK,NE,ACE,CE,Towers with Radar,4,32,37,45,118,0,7,45,6,58,4,39,82,51,176,78,26,104,280
03/11/2015,LNK,NE,ACE,CE,Towers with Radar,2,24,30,32,88,0,5,62,10,77,2,29,92,42,165,68,22,90,255
03/12/2015,LNK,NE,ACE,CE,Towers with Radar,3,31,22,33,89,0,5,40,12,57,3,36,62,45,146,32,6,38,184
03/13/2015,LNK,NE,ACE,CE,Towers with Radar,3,33,41,40,117,0,2,41,8,51,3,35,82,48,168,80,6,86,254
03/14/2015,LNK,NE,ACE,CE,Towers with Radar,4,28,31,10,73,0,6,51,5,62,4,34,82,15,135,22,8,30,165
03/15/2015,LNK,NE,ACE,CE,Towers with Radar,2,27,27,17,73,0,3,17,2,22,2,30,44,19,95,54,6,60,155
03/16/2015,LNK,NE,ACE,CE,Towers with Radar,2,29,26,46,103,0,6,24,1,31,2,35,50,47,134,14,2,16,150
03/17/2015,LNK,NE,ACE,CE,Towers with Radar,2,32,18,51,103,0,2,18,5,25,2,34,36,56,128,32,54,86,214
03/18/2015,LNK,NE,ACE,CE,Towers with Radar,4,29,30,57,120,0,9,20,8,37,4,38,50,65,157,14,42,56,213
03/19/2015,LNK,NE,ACE,CE,Towers with Radar,4,27,21,47,99,0,4,7,6,17,4,31,28,53,116,18,32,50,166
03/20/2015,LNK,NE,ACE,CE,Towers with Radar,2,23,55,18,98,0,7,55,5,67,2,30,110,23,165,54,18,72,237
03/21/2015,LNK,NE,ACE,CE,Towers with Radar,4,21,28,8,61,0,0,65,14,79,4,21,93,22,140,26,0,26,166
03/22/2015,LNK,NE,ACE,CE,Towers with Radar,2,26,15,5,48,0,5,37,10,52,2,31,52,15,100,116,1,117,217
03/23/2015,LNK,NE,ACE,CE,Towers with Radar,2,25,32,17,76,0,4,22,0,26,2,29,54,17,102,16,6,22,124
03/24/2015,LNK,NE,ACE,CE,Towers with Radar,2,30,19,11,62,0,0,0,0,0,2,30,19,11,62,0,0,0,62
03/25/2015,LNK,NE,ACE,CE,Towers with Radar,2,33,42,54,131,0,2,16,11,29,2,35,58,65,160,8,30,38,198
03/26/2015,LNK,NE,ACE,CE,Towers with Radar,2,31,36,46,115,0,2,39,3,44,2,33,75,49,159,28,20,48,207
03/27/2015,LNK,NE,ACE,CE,Towers with Radar,2,32,35,8,77,0,2,27,1,30,2,34,62,9,107,91,4,95,202
03/28/2015,LNK,NE,ACE,CE,Towers with Radar,2,23,13,0,38,0,11,49,0,60,2,34,62,0,98,54,0,54,152
03/29/2015,LNK,NE,ACE,CE,Towers with Radar,2,24,19,1,46,0,5,9,2,16,2,29,28,3,62,20,0,20,82
03/30/2015,LNK,NE,ACE,CE,Towers with Radar,2,33,18,26,79,0,5,30,0,35,2,38,48,26,114,60,12,72,186
03/31/2015,LNK,NE,ACE,CE,Towers with Radar,2,27,47,14,90,0,4,78,6,88,2,31,125,20,178,82,0,82,260
04/01/2015,LNK,NE,ACE,CE,Towers with Radar,1,35,34,37,107,0,5,24,6,35,1,40,58,43,142,4,22,26,168
04/02/2015,LNK,NE,ACE,CE,Towers with Radar,2,32,30,40,104,0,1,39,16,56,2,33,69,56,160,70,24,94,254
04/03/2015,LNK,NE,ACE,CE,Towers with Radar,2,25,23,19,69,0,3,25,3,31,2,28,48,22,100,38,8,46,146
04/04/2015,LNK,NE,ACE,CE,Towers with Radar,2,18,10,1,31,0,2,44,0,46,2,20,54,1,77,24,0,24,101
04/05/2015,LNK,NE,ACE,CE,Towers with Radar,4,16,8,2,30,0,2,28,0,30,4,18,36,2,60,18,0,18,78
04/06/2015,LNK,NE,ACE,CE,Towers with Radar,2,30,31,20,83,0,0,1,0,1,2,30,32,20,84,0,0,0,84
04/07/2015,LNK,NE,ACE,CE,Towers with Radar,2,33,30,4,69,0,0,0,0,0,2,33,30,4,69,0,0,0,69
04/08/2015,LNK,NE,ACE,CE,Towers with Radar,2,24,23,22,71,0,0,0,0,0,2,24,23,22,71,0,0,0,71
04/09/2015,LNK,NE,ACE,CE,Towers with Radar,2,26,18,34,80,0,0,8,0,8,2,26,26,34,88,8,2,10,98
04/10/2015,LNK,NE,ACE,CE,Towers with Radar,1,30,34,47,112,0,1,68,13,82,1,31,102,60,194,98,4,102,296
04/11/2015,LNK,NE,ACE,CE,Towers with Radar,4,16,35,10,65,0,6,64,12,82,4,22,99,22,147,14,0,14,161
04/12/2015,LNK,NE,ACE,CE,Towers with Radar,2,24,10,10,46,0,0,31,5,36,2,24,41,15,82,8,0,8,90
04/13/2015,LNK,NE,ACE,CE,Towers with Radar,2,37,28,28,95,0,2,61,5,68,2,39,89,33,163,82,18,100,263
04/14/2015,LNK,NE,ACE,CE,Towers with Radar,4,22,41,22,89,0,2,67,5,74,4,24,108,27,163,122,14,136,299
04/15/2015,LNK,NE,ACE,CE,Towers with Radar,2,30,39,24,95,0,2,29,10,41,2,32,68,34,136,60,8,68,204
04/16/2015,LNK,NE,ACE,CE,Towers with Radar,2,30,33,22,87,0,1,20,4,25,2,31,53,26,112,66,8,74,186
04/17/2015,LNK,NE,ACE,CE,Towers with Radar,2,25,28,16,71,0,4,26,1,31,2,29,54,17,102,132,0,132,234
04/18/2015,LNK,NE,ACE,CE,Towers with Radar,2,14,7,16,39,0,0,9,1,10,2,14,16,17,49,22,0,22,71
04/19/2015,LNK,NE,ACE,CE,Towers with Radar,2,31,8,0,41,0,2,0,0,2,2,33,8,0,43,0,0,0,43
04/20/2015,LNK,NE,ACE,CE,Towers with Radar,2,34,28,17,81,0,2,27,0,29,2,36,55,17,110,18,10,28,138
04/21/2015,LNK,NE,ACE,CE,Towers with Radar,4,31,45,7,87,0,2,40,8,50,4,33,85,15,137,26,0,26,163
04/22/2015,LNK,NE,ACE,CE,Towers with Radar,2,34,37,53,126,0,8,38,13,59,2,42,75,66,185,44,44,88,273
04/23/2015,LNK,NE,ACE,CE,Towers with Radar,2,29,23,48,102,0,6,53,7,66,2,35,76,55,168,62,46,108,276
04/24/2015,LNK,NE,ACE,CE,Towers with Radar,2,31,37,20,90,0,4,3,6,13,2,35,40,26,103,60,2,62,165
04/25/2015,LNK,NE,ACE,CE,Towers with Radar,2,15,16,2,35,0,1,6,0,7,2,16,22,2,42,0,0,0,42
04/26/2015,LNK,NE,ACE,CE,Towers with Radar,2,25,24,0,51,0,2,30,1,33,2,27,54,1,84,22,0,22,106
04/27/2015,LNK,NE,ACE,CE,Towers with Radar,2,44,37,11,94,0,5,66,2,73,2,49,103,13,167,90,16,106,273
04/28/2015,LNK,NE,ACE,CE,Towers with Radar,2,27,28,28,85,0,6,62,4,72,2,33,90,32,157,84,12,96,253
04/29/2015,LNK,NE,ACE,CE,Towers with Radar,2,31,37,70,140,0,6,58,10,74,2,37,95,80,214,82,20,102,316
04/30/2015,LNK,NE,ACE,CE,Towers with Radar,2,30,36,55,123,0,4,68,14,86,2,34,104,69,209,60,34,94,303
05/01/2015,LNK,NE,ACE,CE,Towers with Radar,2,32,22,35,91,0,2,29,13,44,2,34,51,48,135,74,16,90,225
05/02/2015,LNK,NE,ACE,CE,Towers with Radar,2,21,11,11,45,0,3,39,5,47,2,24,50,16,92,58,6,64,156
05/03/2015,LNK,NE,ACE,CE,Towers with Radar,2,36,31,2,71,0,2,45,2,49,2,38,76,4,120,76,0,76,196
05/04/2015,LNK,NE,ACE,CE,Towers with Radar,2,33,8,9,52,0,2,3,3,8,2,35,11,12,60,0,4,4,64
05/05/2015,LNK,NE,ACE,CE,Towers with Radar,6,17,25,17,65,0,0,13,2,15,6,17,38,19,80,14,14,28,108
05/06/2015,LNK,NE,ACE,CE,Towers with Radar,1,28,24,26,79,0,0,0,1,1,1,28,24,27,80,2,0,2,82
05/07/2015,LNK,NE,ACE,CE,Towers with Radar,1,38,35,33,107,0,7,19,9,35,1,45,54,42,142,6,6,12,154
05/08/2015,LNK,NE,ACE,CE,Towers with Radar,2,23,53,27,105,0,2,16,2,20,2,25,69,29,125,72,12,84,209
05/09/2015,LNK,NE,ACE,CE,Towers with Radar,2,23,20,4,49,0,0,3,3,6,2,23,23,7,55,0,0,0,55
05/10/2015,LNK,NE,ACE,CE,Towers with Radar,3,23,16,3,45,0,2,2,0,4,3,25,18,3,49,0,0,0,49
05/11/2015,LNK,NE,ACE,CE,Towers with Radar,2,39,28,9,78,0,4,15,1,20,2,43,43,10,98,30,0,30,128
05/12/2015,LNK,NE,ACE,CE,Towers with Radar,7,27,34,39,107,0,5,61,0,66,7,32,95,39,173,78,6,84,257
05/13/2015,LNK,NE,ACE,CE,Towers with Radar,2,30,49,37,118,0,6,34,11,51,2,36,83,48,169,8,4,12,181
05/14/2015,LNK,NE,ACE,CE,Towers with Radar,2,36,42,10,90,0,0,10,7,17,2,36,52,17,107,16,4,20,127
05/15/2015,LNK,NE,ACE,CE,Towers with Radar,2,31,25,5,63,0,2,12,0,14,2,33,37,5,77,12,0,12,89
05/16/2015,LNK,NE,ACE,CE,Towers with Radar,2,21,31,0,54,0,2,25,0,27,2,23,56,0,81,44,0,44,125
05/17/2015,LNK,NE,ACE,CE,Towers with Radar,2,27,27,1,57,0,2,10,1,13,2,29,37,2,70,0,0,0,70
05/18/2015,LNK,NE,ACE,CE,Towers with Radar,2,31,43,39,115,0,6,50,4,60,2,37,93,43,175,54,22,76,251
05/19/2015,LNK,NE,ACE,CE,Towers with Radar,6,27,28,22,83,0,4,17,5,26,6,31,45,27,109,54,18,72,181
05/20/2015,LNK,NE,ACE,CE,Towers with Radar,2,39,30,85,156,0,0,10,10,20,2,39,40,95,176,68,12,80,256
05/21/2015,LNK,NE,ACE,CE,Towers with Radar,2,34,39,24,99,0,2,95,6,103,2,36,134,30,202,136,30,166,368
05/22/2015,LNK,NE,ACE,CE,Towers with Radar,2,32,42,2,78,0,2,48,0,50,2,34,90,2,128,44,0,44,172
05/23/2015,LNK,NE,ACE,CE,Towers with Radar,2,22,14,1,39,0,0,2,0,2,2,22,16,1,41,4,0,4,45
05/24/2015,LNK,NE,ACE,CE,Towers with Radar,2,20,12,2,36,0,0,4,0,4,2,20,16,2,40,24,0,24,64
05/25/2015,LNK,NE,ACE,CE,Towers with Radar,2,32,23,0,57,0,0,47,0,47,2,32,70,0,104,40,0,40,144
05/26/2015,LNK,NE,ACE,CE,Towers with Radar,8,23,23,42,96,0,4,15,0,19,8,27,38,42,115,64,4,68,183
05/27/2015,LNK,NE,ACE,CE,Towers with Radar,2,43,38,63,146,0,4,60,4,68,2,47,98,67,214,58,28,86,300
05/28/2015,LNK,NE,ACE,CE,Towers with Radar,2,35,28,34,99,0,0,15,7,22,2,35,43,41,121,8,8,16,137
05/29/2015,LNK,NE,ACE,CE,Towers with Radar,2,35,20,48,105,0,3,33,6,42,2,38,53,54,147,72,2,74,221
05/30/2015,LNK,NE,ACE,CE,Towers with Radar,4,19,16,31,70,0,7,19,3,29,4,26,35,34,99,72,6,78,177
05/31/2015,LNK,NE,ACE,CE,Towers with Radar,2,28,32,7,69,0,4,52,5,61,2,32,84,12,130,100,0,100,230
06/01/2015,LNK,NE,ACE,CE,Towers with Radar,2,33,31,16,82,0,3,36,0,39,2,36,67,16,121,50,16,66,187
06/02/2015,LNK,NE,ACE,CE,Towers with Radar,2,35,40,37,114,0,0,25,1,26,2,35,65,38,140,26,18,44,184
06/03/2015,LNK,NE,ACE,CE,Towers with Radar,2,30,30,21,83,0,0,24,7,31,2,30,54,28,114,50,20,70,184
06/04/2015,LNK,NE,ACE,CE,Towers with Radar,2,39,24,7,72,0,0,2,1,3,2,39,26,8,75,36,8,44,119
06/05/2015,LNK,NE,ACE,CE,Towers with Radar,2,26,29,33,90,0,3,64,8,75,2,29,93,41,165,118,8,126,291
06/06/2015,LNK,NE,ACE,CE,Towers with Radar,2,16,19,22,59,0,0,29,4,33,2,16,48,26,92,22,6,28,120
06/07/2015,LNK,NE,ACE,CE,Towers with Radar,2,31,18,6,57,0,0,39,0,39,2,31,57,6,96,48,0,48,144
06/08/2015,LNK,NE,ACE,CE,Towers with Radar,2,35,25,23,85,0,2,48,0,50,2,37,73,23,135,22,9,31,166
06/09/2015,LNK,NE,ACE,CE,Towers with Radar,2,30,34,26,92,0,0,41,1,42,2,30,75,27,134,58,4,62,196
06/10/2015,LNK,NE,ACE,CE,Towers with Radar,2,35,38,14,89,0,2,29,8,39,2,37,67,22,128,28,6,34,162
06/11/2015,LNK,NE,ACE,CE,Towers with Radar,3,30,26,49,108,0,0,3,2,5,3,30,29,51,113,0,0,0,113
06/12/2015,LNK,NE,ACE,CE,Towers with Radar,3,36,54,41,134,0,2,10,7,19,3,38,64,48,153,76,4,80,233
06/13/2015,LNK,NE,ACE,CE,Towers with Radar,2,18,38,3,61,0,1,37,3,41,2,19,75,6,102,130,0,130,232
06/14/2015,LNK,NE,ACE,CE,Towers with Radar,2,22,24,11,59,0,1,13,0,14,2,23,37,11,73,46,0,46,119
06/15/2015,LNK,NE,ACE,CE,Towers with Radar,2,31,28,27,88,0,0,8,3,11,2,31,36,30,99,38,2,40,139
06/16/2015,LNK,NE,ACE,CE,Towers with Radar,2,39,42,87,170,0,6,77,9,92,2,45,119,96,262,64,20,84,346
06/17/2015,LNK,NE,ACE,CE,Towers with Radar,4,38,45,58,145,0,0,55,7,62,4,38,100,65,207,110,28,138,345
06/18/2015,LNK,NE,ACE,CE,Towers with Radar,2,36,49,16,103,0,0,33,2,35,2,36,82,18,138,26,6,32,170
06/19/2015,LNK,NE,ACE,CE,Towers with Radar,2,28,48,25,103,0,6,58,5,69,2,34,106,30,172,92,18,110,282
06/20/2015,LNK,NE,ACE,CE,Towers with Radar,4,22,27,10,63,0,0,56,1,57,4,22,83,11,120,78,0,78,198
06/21/2015,LNK,NE,ACE,CE,Towers with Radar,2,34,27,6,69,0,0,40,3,43,2,34,67,9,112,48,0,48,160
06/22/2015,LNK,NE,ACE,CE,Towers with Radar,2,36,27,13,78,0,3,23,1,27,2,39,50,14,105,4,12,16,121
06/23/2015,LNK,NE,ACE,CE,Towers with Radar,2,32,39,15,88,0,2,45,1,48,2,34,84,16,136,64,10,74,210
06/24/2015,LNK,NE,ACE,CE,Towers with Radar,1,33,38,37,109,0,8,21,0,29,1,41,59,37,138,38,12,50,188
06/25/2015,LNK,NE,ACE,CE,Towers with Radar,1,31,54,25,111,0,0,12,1,13,1,31,66,26,124,56,6,62,186
06/26/2015,LNK,NE,ACE,CE,Towers with Radar,2,29,57,17,105,0,3,52,2,57,2,32,109,19,162,104,2,106,268
06/27/2015,LNK,NE,ACE,CE,Towers with Radar,2,16,27,3,48,0,7,65,5,77,2,23,92,8,125,94,0,94,219
06/28/2015,LNK,NE,ACE,CE,Towers with Radar,2,29,21,4,56,0,0,49,2,51,2,29,70,6,107,62,0,62,169
06/29/2015,LNK,NE,ACE,CE,Towers with Radar,2,34,28,49,113,0,6,45,5,56,2,40,73,54,169,20,8,28,197
06/30/2015,LNK,NE,ACE,CE,Towers with Radar,2,35,46,27,110,0,5,32,0,37,2,40,78,27,147,94,6,100,247
07/01/2015,LNK,NE,ACE,CE,Towers with Radar,2,30,49,18,99,0,6,32,0,38,2,36,81,18,137,56,8,64,201
07/02/2015,LNK,NE,ACE,CE,Towers with Radar,3,41,29,6,79,0,6,7,0,13,3,47,36,6,92,28,0,28,120
07/03/2015,LNK,NE,ACE,CE,Towers with Radar,3,24,26,2,55,0,8,31,0,39,3,32,57,2,94,40,0,40,134
07/04/2015,LNK,NE,ACE,CE,Towers with Radar,2,15,5,0,22,0,7,49,4,60,2,22,54,4,82,52,0,52,134
07/05/2015,LNK,NE,ACE,CE,Towers with Radar,4,34,28,0,66,0,7,13,0,20,4,41,41,0,86,4,0,4,90
07/06/2015,LNK,NE,ACE,CE,Towers with Radar,2,37,33,14,86,0,1,4,1,6,2,38,37,15,92,24,2,26,118
07/07/2015,LNK,NE,ACE,CE,Towers with Radar,2,25,27,65,119,0,0,68,1,69,2,25,95,66,188,58,26,84,272
07/08/2015,LNK,NE,ACE,CE,Towers with Radar,2,41,43,25,111,0,4,63,19,86,2,45,106,44,197,54,6,60,257
07/09/2015,LNK,NE,ACE,CE,Towers with Radar,4,30,36,77,147,0,5,51,9,65,4,35,87,86,212,50,26,76,288
07/10/2015,LNK,NE,ACE,CE,Towers with Radar,2,31,30,48,111,0,8,15,4,27,2,39,45,52,138,88,0,88,226
07/11/2015,LNK,NE,ACE,CE,Towers with Radar,4,19,35,7,65,0,4,32,0,36,4,23,67,7,101,10,8,18,119
07/12/2015,LNK,NE,ACE,CE,Towers with Radar,2,28,20,1,51,0,3,32,0,35,2,31,52,1,86,52,0,52,138
07/13/2015,LNK,NE,ACE,CE,Towers with Radar,2,32,42,45,121,0,8,35,0,43,2,40,77,45,164,42,24,66,230
07/14/2015,LNK,NE,ACE,CE,Towers with Radar,2,24,39,52,117,0,1,34,8,43,2,25,73,60,160,76,12,88,248
07/15/2015,LNK,NE,ACE,CE,Towers with Radar,2,36,52,42,132,0,4,22,8,34,2,40,74,50,166,80,12,92,258
07/16/2015,LNK,NE,ACE,CE,Towers with Radar,2,35,42,42,121,0,3,51,5,59,2,38,93,47,180,58,22,80,260
07/17/2015,LNK,NE,ACE,CE,Towers with Radar,2,27,33,11,73,0,0,77,5,82,2,27,110,16,155,50,10,60,215
07/18/2015,LNK,NE,ACE,CE,Towers with Radar,3,21,20,5,49,0,3,34,10,47,3,24,54,15,96,8,26,34,130
07/19/2015,LNK,NE,ACE,CE,Towers with Radar,2,29,18,2,51,0,4,56,3,63,2,33,74,5,114,62,0,62,176
07/20/2015,LNK,NE,ACE,CE,Towers with Radar,2,33,46,10,91,0,2,34,4,40,2,35,80,14,131,8,2,10,141
07/21/2015,LNK,NE,ACE,CE,Towers with Radar,4,31,40,19,94,0,0,60,0,60,4,31,100,19,154,22,14,36,190
07/22/2015,LNK,NE,ACE,CE,Towers with Radar,2,30,36,11,79,0,2,34,11,47,2,32,70,22,126,50,4,54,180
07/23/2015,LNK,NE,ACE,CE,Towers with Radar,2,34,51,48,135,0,3,56,5,64,2,37,107,53,199,98,14,112,311
07/24/2015,LNK,NE,ACE,CE,Towers with Radar,4,28,44,14,90,0,4,38,7,49,4,32,82,21,139,28,4,32,171
07/25/2015,LNK,NE,ACE,CE,Towers with Radar,3,16,27,0,46,0,1,20,1,22,3,17,47,1,68,38,0,38,106
07/26/2015,LNK,NE,ACE,CE,Towers with Radar,2,27,35,1,65,0,7,33,2,42,2,34,68,3,107,38,0,38,145
07/27/2015,LNK,NE,ACE,CE,Towers with Radar,2,28,32,71,133,0,6,45,0,51,2,34,77,71,184,30,30,60,244
07/28/2015,LNK,NE,ACE,CE,Towers with Radar,2,29,42,29,102,0,2,34,4,40,2,31,76,33,142,66,6,72,214
07/29/2015,LNK,NE,ACE,CE,Towers with Radar,2,33,31,31,97,0,2,64,4,70,2,35,95,35,167,54,30,84,251
07/30/2015,LNK,NE,ACE,CE,Towers with Radar,2,31,35,86,154,0,4,51,6,61,2,35,86,92,215,66,38,104,319
07/31/2015,LNK,NE,ACE,CE,Towers with Radar,1,28,44,34,107,0,1,53,5,59,1,29,97,39,166,76,16,92,258
08/01/2015,LNK,NE,ACE,CE,Towers with Radar,3,21,22,0,46,0,0,42,0,42,3,21,64,0,88,38,0,38,126
08/02/2015,LNK,NE,ACE,CE,Towers with Radar,2,26,28,14,70,0,6,28,0,34,2,32,56,14,104,30,0,30,134
08/03/2015,LNK,NE,ACE,CE,Towers with Radar,2,33,32,50,117,0,4,38,0,42,2,37,70,50,159,34,32,66,225
08/04/2015,LNK,NE,ACE,CE,Towers with Radar,2,33,37,13,85,0,2,13,2,17,2,35,50,15,102,26,0,26,128
08/05/2015,LNK,NE,ACE,CE,Towers with Radar,2,31,57,44,134,0,2,9,6,17,2,33,66,50,151,24,30,54,205
08/06/2015,LNK,NE,ACE,CE,Towers with Radar,2,30,33,61,126,0,7,40,5,52,2,37,73,66,178,36,24,60,238
08/07/2015,LNK,NE,ACE,CE,Towers with Radar,2,27,31,35,95,0,13,58,3,74,2,40,89,38,169,58,30,88,257
08/08/2015,LNK,NE,ACE,CE,Towers with Radar,2,18,18,6,44,0,3,38,0,41,2,21,56,6,85,84,0,84,169
08/09/2015,LNK,NE,ACE,CE,Towers with Radar,1,23,20,8,52,0,2,37,2,41,1,25,57,10,93,68,0,68,161
08/10/2015,LNK,NE,ACE,CE,Towers with Radar,2,34,41,57,134,0,0,30,0,30,2,34,71,57,164,34,10,44,208
08/11/2015,LNK,NE,ACE,CE,Towers with Radar,2,34,26,26,88,0,7,54,0,61,2,41,80,26,149,88,8,96,245
08/12/2015,LNK,NE,ACE,CE,Towers with Radar,2,36,42,12,92,0,11,63,5,79,2,47,105,17,171,48,6,54,225
08/13/2015,LNK,NE,ACE,CE,Towers with Radar,2,41,44,37,124,0,6,30,6,42,2,47,74,43,166,46,18,64,230
08/14/2015,LNK,NE,ACE,CE,Towers with Radar,2,32,36,16,86,0,3,70,5,78,2,35,106,21,164,98,12,110,274
08/15/2015,LNK,NE,ACE,CE,Towers with Radar,2,18,19,10,49,0,4,48,4,56,2,22,67,14,105,56,0,56,161
08/16/2015,LNK,NE,ACE,CE,Towers with Radar,2,29,17,6,54,0,0,28,4,32,2,29,45,10,86,16,12,28,114
08/17/2015,LNK,NE,ACE,CE,Towers with Radar,1,35,38,11,85,0,3,6,0,9,1,38,44,11,94,12,0,12,106
08/18/2015,LNK,NE,ACE,CE,Towers with Radar,2,24,24,14,64,0,3,1,3,7,2,27,25,17,71,8,8,16,87
08/19/2015,LNK,NE,ACE,CE,Towers with Radar,6,32,42,24,104,0,3,30,10,43,6,35,72,34,147,40,2,42,189
08/20/2015,LNK,NE,ACE,CE,Towers with Radar,4,31,40,32,107,0,0,65,3,68,4,31,105,35,175,60,24,84,259
08/21/2015,LNK,NE,ACE,CE,Towers with Radar,4,32,35,55,126,0,4,23,18,45,4,36,58,73,171,10,18,28,199
08/22/2015,LNK,NE,ACE,CE,Towers with Radar,3,21,11,9,44,0,7,16,21,44,3,28,27,30,88,4,6,10,98
08/23/2015,LNK,NE,ACE,CE,Towers with Radar,4,20,28,7,59,0,0,42,5,47,4,20,70,12,106,68,0,68,174
08/24/2015,LNK,NE,ACE,CE,Towers with Radar,4,32,33,26,95,0,7,57,0,64,4,39,90,26,159,82,4,86,245
08/25/2015,LNK,NE,ACE,CE,Towers with Radar,6,26,41,14,87,0,2,58,4,64,6,28,99,18,151,92,0,92,243
08/26/2015,LNK,NE,ACE,CE,Towers with Radar,8,26,50,17,101,0,2,51,13,66,8,28,101,30,167,50,0,50,217
08/27/2015,LNK,NE,ACE,CE,Towers with Radar,4,37,44,69,154,0,6,39,6,51,4,43,83,75,205,38,30,68,273
08/28/2015,LNK,NE,ACE,CE,Towers with Radar,4,28,33,29,94,0,4,18,7,29,4,32,51,36,123,80,4,84,207
08/29/2015,LNK,NE,ACE,CE,Towers with Radar,4,19,42,2,67,0,2,19,0,21,4,21,61,2,88,42,0,42,130
08/30/2015,LNK,NE,ACE,CE,Towers with Radar,4,23,25,6,58,0,0,31,0,31,4,23,56,6,89,10,0,10,99
08/31/2015,LNK,NE,ACE,CE,Towers with Radar,4,29,35,44,112,0,2,32,1,35,4,31,67,45,147,72,38,110,257
09/01/2015,LNK,NE,ACE,CE,Towers with Radar,4,28,37,46,115,0,0,35,2,37,4,28,72,48,152,24,10,34,186
09/02/2015,LNK,NE,ACE,CE,Towers with Radar,4,31,42,40,117,0,2,31,5,38,4,33,73,45,155,52,26,78,233
09/03/2015,LNK,NE,ACE,CE,Towers with Radar,4,39,33,20,96,0,4,45,10,59,4,43,78,30,155,36,24,60,215
09/04/2015,LNK,NE,ACE,CE,Towers with Radar,5,40,42,1,88,0,0,35,0,35,5,40,77,1,123,2,0,2,125
09/05/2015,LNK,NE,ACE,CE,Towers with Radar,4,25,48,9,86,0,0,50,0,50,4,25,98,9,136,32,0,32,168
09/06/2015,LNK,NE,ACE,CE,Towers with Radar,3,25,16,0,44,0,0,29,0,29,3,25,45,0,73,16,0,16,89
09/07/2015,LNK,NE,ACE,CE,Towers with Radar,4,22,16,0,42,0,0,8,0,8,4,22,24,0,50,14,0,14,64
09/08/2015,LNK,NE,ACE,CE,Towers with Radar,4,27,48,20,99,0,0,18,0,18,4,27,66,20,117,38,10,48,165
09/09/2015,LNK,NE,ACE,CE,Towers with Radar,4,29,39,17,89,0,0,35,7,42,4,29,74,24,131,94,18,112,243
09/10/2015,LNK,NE,ACE,CE,Towers with Radar,4,34,31,32,101,0,0,17,6,23,4,34,48,38,124,28,46,74,198
09/11/2015,LNK,NE,ACE,CE,Towers with Radar,6,27,49,46,128,0,2,62,13,77,6,29,111,59,205,42,20,62,267
09/12/2015,LNK,NE,ACE,CE,Towers with Radar,4,19,24,24,71,0,3,52,15,70,4,22,76,39,141,104,8,112,253
09/13/2015,LNK,NE,ACE,CE,Towers with Radar,3,28,27,2,60,0,0,46,0,46,3,28,73,2,106,8,0,8,114
09/14/2015,LNK,NE,ACE,CE,Towers with Radar,4,38,29,36,107,0,0,34,2,36,4,38,63,38,143,30,24,54,197
09/15/2015,LNK,NE,ACE,CE,Towers with Radar,4,34,21,46,105,0,1,18,4,23,4,35,39,50,128,0,22,22,150
09/16/2015,LNK,NE,ACE,CE,Towers with Radar,4,35,50,67,156,0,2,14,9,25,4,37,64,76,181,6,32,38,219
09/17/2015,LNK,NE,ACE,CE,Towers with Radar,4,37,39,20,100,0,1,26,5,32,4,38,65,25,132,30,0,30,162
09/18/2015,LNK,NE,ACE,CE,Towers with Radar,6,25,36,0,67,0,3,11,5,19,6,28,47,5,86,6,0,6,92
09/19/2015,LNK,NE,ACE,CE,Towers with Radar,4,12,14,1,31,0,4,58,2,64,4,16,72,3,95,26,2,28,123
09/20/2015,LNK,NE,ACE,CE,Towers with Radar,3,30,29,7,69,0,2,54,8,64,3,32,83,15,133,32,8,40,173
09/21/2015,LNK,NE,ACE,CE,Towers with Radar,4,34,60,15,113,0,0,24,0,24,4,34,84,15,137,28,4,32,169
09/22/2015,LNK,NE,ACE,CE,Towers with Radar,4,38,36,2,80,0,0,20,0,20,4,38,56,2,100,46,0,46,146
09/23/2015,LNK,NE,ACE,CE,Towers with Radar,3,31,30,10,74,0,0,7,0,7,3,31,37,10,81,28,0,28,109
09/24/2015,LNK,NE,ACE,CE,Towers with Radar,2,35,53,26,116,0,5,17,0,22,2,40,70,26,138,28,14,42,180
09/25/2015,LNK,NE,ACE,CE,Towers with Radar,3,28,57,2,90,0,4,13,1,18,3,32,70,3,108,22,0,22,130
09/26/2015,LNK,NE,ACE,CE,Towers with Radar,3,19,37,5,64,0,1,66,1,68,3,20,103,6,132,62,2,64,196
09/27/2015,LNK,NE,ACE,CE,Towers with Radar,2,26,26,0,54,0,5,72,0,77,2,31,98,0,131,62,0,62,193
09/28/2015,LNK,NE,ACE,CE,Towers with Radar,2,31,26,37,96,0,2,32,1,35,2,33,58,38,131,16,24,40,171
09/29/2015,LNK,NE,ACE,CE,Towers with Radar,2,31,26,8,67,0,0,30,5,35,2,31,56,13,102,74,4,78,180
09/30/2015,LNK,NE,ACE,CE,Towers with Radar,2,28,28,0,58,0,0,30,2,32,2,28,58,2,90,74,0,74,164
10/01/2015,LNK,NE,ACE,CE,Towers with Radar,2,39,31,28,100,0,3,35,5,43,2,42,66,33,143,14,10,24,167
10/02/2015,LNK,NE,ACE,CE,Towers with Radar,4,36,35,13,88,0,2,48,0,50,4,38,83,13,138,30,0,30,168
10/03/2015,LNK,NE,ACE,CE,Towers with Radar,4,17,28,1,50,0,7,61,2,70,4,24,89,3,120,32,0,32,152
10/04/2015,LNK,NE,ACE,CE,Towers with Radar,2,27,26,0,55,0,3,44,0,47,2,30,70,0,102,102,0,102,204
10/05/2015,LNK,NE,ACE,CE,Towers with Radar,2,38,33,16,89,0,0,15,0,15,2,38,48,16,104,36,0,36,140
10/06/2015,LNK,NE,ACE,CE,Towers with Radar,2,31,31,34,98,0,1,42,5,48,2,32,73,39,146,44,16,60,206
10/07/2015,LNK,NE,ACE,CE,Towers with Radar,2,35,53,27,117,0,0,44,7,51,2,35,97,34,168,82,12,94,262
10/08/2015,LNK,NE,ACE,CE,Towers with Radar,2,43,44,55,144,0,2,39,10,51,2,45,83,65,195,26,20,46,241
10/09/2015,LNK,NE,ACE,CE,Towers with Radar,4,36,50,15,105,0,2,43,0,45,4,38,93,15,150,64,0,64,214
10/10/2015,LNK,NE,ACE,CE,Towers with Radar,4,23,61,0,88,0,3,47,2,52,4,26,108,2,140,76,0,76,216
10/11/2015,LNK,NE,ACE,CE,Towers with Radar,2,27,50,7,86,0,8,42,2,52,2,35,92,9,138,64,0,64,202
10/12/2015,LNK,NE,ACE,CE,Towers with Radar,2,32,22,4,60,0,2,12,2,16,2,34,34,6,76,0,0,0,76
10/13/2015,LNK,NE,ACE,CE,Towers with Radar,2,41,27,55,125,0,3,43,0,46,2,44,70,55,171,94,10,104,275
10/14/2015,LNK,NE,ACE,CE,Towers with Radar,2,39,52,27,120,0,5,62,10,77,2,44,114,37,197,96,10,106,303
10/15/2015,LNK,NE,ACE,CE,Towers with Radar,2,47,31,39,119,0,0,34,7,41,2,47,65,46,160,34,30,64,224
10/16/2015,LNK,NE,ACE,CE,Towers with Radar,4,40,34,14,92,0,0,58,2,60,4,40,92,16,152,106,2,108,260
10/17/2015,LNK,NE,ACE,CE,Towers with Radar,4,20,20,17,61,0,0,69,6,75,4,20,89,23,136,26,10,36,172
10/18/2015,LNK,NE,ACE,CE,Towers with Radar,2,27,23,11,63,0,5,41,1,47,2,32,64,12,110,74,10,84,194
10/19/2015,LNK,NE,ACE,CE,Towers with Radar,2,37,17,39,95,0,0,18,0,18,2,37,35,39,113,4,36,40,153
10/20/2015,LNK,NE,ACE,CE,Towers with Radar,2,32,35,33,102,0,6,36,3,45,2,38,71,36,147,44,26,70,217
10/21/2015,LNK,NE,ACE,CE,Towers with Radar,2,35,52,40,129,0,4,33,9,46,2,39,85,49,175,52,14,66,241
10/22/2015,LNK,NE,ACE,CE,Towers with Radar,3,31,51,55,140,0,0,20,4,24,3,31,71,59,164,26,34,60,224
10/23/2015,LNK,NE,ACE,CE,Towers with Radar,9,36,60,47,152,0,0,14,8,22,9,36,74,55,174,4,6,10,184
10/24/2015,LNK,NE,ACE,CE,Towers with Radar,6,25,43,7,81,0,7,44,12,63,6,32,87,19,144,24,4,28,172
10/25/2015,LNK,NE,ACE,CE,Towers with Radar,5,22,38,21,86,0,2,54,3,59,5,24,92,24,145,42,12,54,199
10/26/2015,LNK,NE,ACE,CE,Towers with Radar,5,35,29,42,111,0,2,23,0,25,5,37,52,42,136,82,16,98,234
10/27/2015,LNK,NE,ACE,CE,Towers with Radar,2,32,40,26,100,0,2,28,3,33,2,34,68,29,133,14,16,30,163
10/28/2015,LNK,NE,ACE,CE,Towers with Radar,2,33,32,20,87,0,2,10,11,23,2,35,42,31,110,16,4,20,130
10/29/2015,LNK,NE,ACE,CE,Towers with Radar,2,38,37,39,116,0,3,49,7,59,2,41,86,46,175,28,14,42,217
10/30/2015,LNK,NE,ACE,CE,Towers with Radar,4,31,31,33,99,0,0,16,5,21,4,31,47,38,120,74,10,84,204
10/31/2015,LNK,NE,ACE,CE,Towers with Radar,4,18,3,1,26,0,10,10,0,20,4,28,13,1,46,16,0,16,62
11/01/2015,LNK,NE,ACE,CE,Towers with Radar,3,24,19,0,46,0,2,66,0,68,3,26,85,0,114,82,0,82,196
11/02/2015,LNK,NE,ACE,CE,Towers with Radar,3,32,34,29,98,0,11,31,0,42,3,43,65,29,140,18,12,30,170
11/03/2015,LNK,NE,ACE,CE,Towers with Radar,2,37,36,21,96,0,1,31,1,33,2,38,67,22,129,20,26,46,175
11/04/2015,LNK,NE,ACE,CE,Towers with Radar,2,32,53,54,141,0,2,5,4,11,2,34,58,58,152,24,22,46,198
11/05/2015,LNK,NE,ACE,CE,Towers with Radar,2,38,33,43,116,0,2,26,3,31,2,40,59,46,147,60,44,104,251
11/06/2015,LNK,NE,ACE,CE,Towers with Radar,5,35,42,18,100,0,8,53,2,63,5,43,95,20,163,73,6,79,242
11/07/2015,LNK,NE,ACE,CE,Towers with Radar,5,20,45,10,80,0,4,85,3,92,5,24,130,13,172,80,6,86,258
11/08/2015,LNK,NE,ACE,CE,Towers with Radar,3,24,28,1,56,0,17,66,4,87,3,41,94,5,143,58,0,58,201
11/09/2015,LNK,NE,ACE,CE,Towers with Radar,7,33,37,30,107,0,0,19,2,21,7,33,56,32,128,6,14,20,148
11/10/2015,LNK,NE,ACE,CE,Towers with Radar,2,33,30,31,96,0,4,24,1,29,2,37,54,32,125,122,48,170,295
11/11/2015,LNK,NE,ACE,CE,Towers with Radar,2,25,11,0,38,0,0,0,0,0,2,25,11,0,38,0,0,0,38
11/12/2015,LNK,NE,ACE,CE,Towers with Radar,6,41,42,25,114,0,0,25,10,35,6,41,67,35,149,12,14,26,175
11/13/2015,LNK,NE,ACE,CE,Towers with Radar,4,37,45,39,125,0,4,57,9,70,4,41,102,48,195,26,8,34,229
11/14/2015,LNK,NE,ACE,CE,Towers with Radar,3,17,20,2,42,0,10,35,2,47,3,27,55,4,89,50,0,50,139
11/15/2015,LNK,NE,ACE,CE,Towers with Radar,8,27,28,3,66,0,0,26,1,27,8,27,54,4,93,50,19,69,162
11/16/2015,LNK,NE,ACE,CE,Towers with Radar,3,30,24,16,73,0,0,0,0,0,3,30,24,16,73,0,0,0,73
11/17/2015,LNK,NE,ACE,CE,Towers with Radar,2,30,19,14,65,0,0,0,0,0,2,30,19,14,65,0,0,0,65
11/18/2015,LNK,NE,ACE,CE,Towers with Radar,3,38,29,33,103,0,0,13,10,23,3,38,42,43,126,28,0,28,154
11/19/2015,LNK,NE,ACE,CE,Towers with Radar,2,41,46,45,134,0,2,29,9,40,2,43,75,54,174,16,16,32,206
11/20/2015,LNK,NE,ACE,CE,Towers with Radar,2,32,29,2,65,0,0,12,4,16,2,32,41,6,81,128,0,128,209
11/21/2015,LNK,NE,ACE,CE,Towers with Radar,2,17,24,5,48,0,9,24,10,43,2,26,48,15,91,54,4,58,149
11/22/2015,LNK,NE,ACE,CE,Towers with Radar,3,30,18,6,57,0,5,41,0,46,3,35,59,6,103,20,0,20,123
11/23/2015,LNK,NE,ACE,CE,Towers with Radar,3,23,25,45,96,0,1,50,1,52,3,24,75,46,148,24,28,52,200
11/24/2015,LNK,NE,ACE,CE,Towers with Radar,2,48,29,29,108,0,1,42,3,46,2,49,71,32,154,54,18,72,226
11/25/2015,LNK,NE,ACE,CE,Towers with Radar,2,31,26,2,61,0,0,17,2,19,2,31,43,4,80,90,0,90,170
11/26/2015,LNK,NE,ACE,CE,Towers with Radar,4,8,0,0,12,0,0,0,0,0,4,8,0,0,12,0,0,0,12
11/27/2015,LNK,NE,ACE,CE,Towers with Radar,4,28,37,0,69,0,2,22,0,24,4,30,59,0,93,16,0,16,109
11/28/2015,LNK,NE,ACE,CE,Towers with Radar,4,32,13,2,51,0,1,12,0,13,4,33,25,2,64,14,0,14,78
11/29/2015,LNK,NE,ACE,CE,Towers with Radar,2,35,15,6,58,0,0,6,0,6,2,35,21,6,64,0,0,0,64
11/30/2015,LNK,NE,ACE,CE,Towers with Radar,6,26,14,3,49,0,0,0,0,0,6,26,14,3,49,0,0,0,49
12/01/2015,LNK,NE,ACE,CE,Towers with Radar,2,40,21,33,96,0,0,2,1,3,2,40,23,34,99,4,2,6,105
12/02/2015,LNK,NE,ACE,CE,Towers with Radar,1,28,28,73,130,0,1,28,7,36,1,29,56,80,166,28,24,52,218
12/03/2015,LNK,NE,ACE,CE,Towers with Radar,2,34,33,38,107,0,10,49,10,69,2,44,82,48,176,22,12,34,210
12/04/2015,LNK,NE,ACE,CE,Towers with Radar,3,35,30,16,84,0,0,36,5,41,3,35,66,21,125,86,4,90,215
12/05/2015,LNK,NE,ACE,CE,Towers with Radar,2,17,17,0,36,0,6,27,0,33,2,23,44,0,69,14,0,14,83
12/06/2015,LNK,NE,ACE,CE,Towers with Radar,1,24,25,2,52,0,2,47,2,51,1,26,72,4,103,64,0,64,167
12/07/2015,LNK,NE,ACE,CE,Towers with Radar,2,29,27,32,90,0,2,34,1,37,2,31,61,33,127,54,18,72,199
12/08/2015,LNK,NE,ACE,CE,Towers with Radar,1,31,31,23,86,0,3,22,4,29,1,34,53,27,115,20,12,32,147
12/09/2015,LNK,NE,ACE,CE,Towers with Radar,1,23,51,47,122,0,0,34,12,46,1,23,85,59,168,62,60,122,290
12/10/2015,LNK,NE,ACE,CE,Towers with Radar,2,37,23,56,118,0,5,37,10,52,2,42,60,66,170,40,6,46,216
12/11/2015,LNK,NE,ACE,CE,Towers with Radar,3,29,33,24,89,0,1,30,2,33,3,30,63,26,122,66,0,66,188
12/12/2015,LNK,NE,ACE,CE,Towers with Radar,2,21,11,0,34,0,0,2,2,4,2,21,13,2,38,0,6,6,44
12/13/2015,LNK,NE,ACE,CE,Towers with Radar,1,20,8,2,31,0,0,0,0,0,1,20,8,2,31,0,2,2,33
12/14/2015,LNK,NE,ACE,CE,Towers with Radar,3,21,31,15,70,0,0,2,0,2,3,21,33,15,72,2,0,2,74
12/15/2015,LNK,NE,ACE,CE,Towers with Radar,2,20,9,20,51,0,0,0,0,0,2,20,9,20,51,0,0,0,51
12/16/2015,LNK,NE,ACE,CE,Towers with Radar,1,24,42,45,112,0,8,19,6,33,1,32,61,51,145,0,0,0,145
12/17/2015,LNK,NE,ACE,CE,Towers with Radar,2,41,45,51,139,0,2,35,6,43,2,43,80,57,182,72,16,88,270
12/18/2015,LNK,NE,ACE,CE,Towers with Radar,4,33,38,20,95,0,2,51,1,54,4,35,89,21,149,58,8,66,215
12/19/2015,LNK,NE,ACE,CE,Towers with Radar,2,20,20,1,43,0,4,66,0,70,2,24,86,1,113,58,0,58,171
12/20/2015,LNK,NE,ACE,CE,Towers with Radar,4,30,26,0,60,0,5,30,0,35,4,35,56,0,95,60,0,60,155
12/21/2015,LNK,NE,ACE,CE,Towers with Radar,4,30,26,34,94,0,1,3,0,4,4,31,29,34,98,0,0,0,98
12/22/2015,LNK,NE,ACE,CE,Towers with Radar,2,33,14,31,80,0,3,21,7,31,2,36,35,38,111,18,8,26,137
12/23/2015,LNK,NE,ACE,CE,Towers with Radar,4,33,13,15,65,0,0,5,5,10,4,33,18,20,75,0,0,0,75
12/24/2015,LNK,NE,ACE,CE,Towers with Radar,3,16,9,1,29,0,0,3,0,3,3,16,12,1,32,0,0,0,32
12/25/2015,LNK,NE,ACE,CE,Towers with Radar,1,18,2,0,21,0,0,0,0,0,1,18,2,0,21,0,0,0,21
12/26/2015,LNK,NE,ACE,CE,Towers with Radar,3,23,10,0,36,0,0,0,0,0,3,23,10,0,36,0,0,0,36
12/27/2015,LNK,NE,ACE,CE,Towers with Radar,7,30,25,0,62,0,0,14,0,14,7,30,39,0,76,2,0,2,78
12/28/2015,LNK,NE,ACE,CE,Towers with Radar,2,11,7,0,20,0,2,0,0,2,2,13,7,0,22,0,0,0,22
12/29/2015,LNK,NE,ACE,CE,Towers with Radar,2,40,29,13,84,0,3,12,4,19,2,43,41,17,103,40,10,50,153
12/30/2015,LNK,NE,ACE,CE,Towers with Radar,2,28,30,18,78,0,0,12,6,18,2,28,42,24,96,16,4,20,116
12/31/2015,LNK,NE,ACE,CE,Towers with Radar,1,28,23,2,54,0,4,28,0,32,1,32,51,2,86,34,0,34,120
01/01/2016,LNK,NE,ACE,CE,Towers with Radar,1,22,10,0,33,0,2,22,0,24,1,24,32,0,57,30,0,30,87
01/02/2016,LNK,NE,ACE,CE,Towers with Radar,2,27,12,0,41,0,1,62,1,64,2,28,74,1,105,82,0,82,187
01/03/2016,LNK,NE,ACE,CE,Towers with Radar,2,22,24,0,48,0,0,47,0,47,2,22,71,0,95,62,0,62,157
01/04/2016,LNK,NE,ACE,CE,Towers with Radar,3,25,11,22,61,0,0,1,0,1,3,25,12,22,62,6,0,6,68
01/05/2016,LNK,NE,ACE,CE,Towers with Radar,4,26,33,44,107,0,0,30,8,38,4,26,63,52,145,50,20,70,215
01/06/2016,LNK,NE,ACE,CE,Towers with Radar,4,25,21,26,76,0,0,0,0,0,4,25,21,26,76,0,0,0,76
01/07/2016,LNK,NE,ACE,CE,Towers with Radar,4,22,10,2,38,0,0,0,0,0,4,22,10,2,38,0,0,0,38
01/08/2016,LNK,NE,ACE,CE,Towers with Radar,4,19,20,41,84,0,0,1,0,1,4,19,21,41,85,0,0,0,85
01/09/2016,LNK,NE,ACE,CE,Towers with Radar,5,18,9,0,32,0,2,4,0,6,5,20,13,0,38,0,0,0,38
01/10/2016,LNK,NE,ACE,CE,Towers with Radar,5,22,14,0,41,0,3,29,1,33,5,25,43,1,74,84,0,84,158
01/11/2016,LNK,NE,ACE,CE,Towers with Radar,4,23,25,15,67,0,0,14,2,16,4,23,39,17,83,22,2,24,107
01/12/2016,LNK,NE,ACE,CE,Towers with Radar,5,24,47,37,113,0,2,35,2,39,5,26,82,39,152,30,2,32,184
01/13/2016,LNK,NE,ACE,CE,Towers with Radar,3,33,44,69,149,0,8,48,11,67,3,41,92,80,216,60,40,100,316
01/14/2016,LNK,NE,ACE,CE,Towers with Radar,4,30,39,64,137,0,4,59,12,75,4,34,98,76,212,68,26,94,306
01/15/2016,LNK,NE,ACE,CE,Towers with Radar,4,28,15,9,56,0,0,12,0,12,4,28,27,9,68,4,0,4,72
01/16/2016,LNK,NE,ACE,CE,Towers with Radar,3,24,11,0,38,0,2,14,2,18,3,26,25,2,56,16,0,16,72
01/17/2016,LNK,NE,ACE,CE,Towers with Radar,3,19,11,0,33,0,8,7,0,15,3,27,18,0,48,4,0,4,52
01/18/2016,LNK,NE,ACE,CE,Towers with Radar,4,25,21,1,51,0,2,14,0,16,4,27,35,1,67,14,0,14,81
01/19/2016,LNK,NE,ACE,CE,Towers with Radar,5,28,21,0,54,0,0,2,0,2,5,28,23,0,56,0,0,0,56
01/20/2016,LNK,NE,ACE,CE,Towers with Radar,4,46,32,32,114,0,3,7,7,17,4,49,39,39,131,38,2,40,171
01/21/2016,LNK,NE,ACE,CE,Towers with Radar,4,25,32,40,101,0,0,8,6,14,4,25,40,46,115,10,2,12,127
01/22/2016,LNK,NE,ACE,CE,Towers with Radar,4,23,30,33,90,0,0,3,5,8,4,23,33,38,98,50,18,68,166
01/23/2016,LNK,NE,ACE,CE,Towers with Radar,6,17,14,0,37,0,0,0,0,0,6,17,14,0,37,0,14,14,51
01/24/2016,LNK,NE,ACE,CE,Towers with Radar,3,23,30,1,57,0,1,31,10,42,3,24,61,11,99,78,0,78,177
01/25/2016,LNK,NE,ACE,CE,Towers with Radar,4,20,13,0,37,0,1,0,0,1,4,21,13,0,38,0,0,0,38
01/26/2016,LNK,NE,ACE,CE,Towers with Radar,4,28,31,17,80,0,0,27,4,31,4,28,58,21,111,24,4,28,139
01/27/2016,LNK,NE,ACE,CE,Towers with Radar,4,27,31,45,107,0,0,32,8,40,4,27,63,53,147,42,14,56,203
01/28/2016,LNK,NE,ACE,CE,Towers with Radar,5,25,45,59,134,0,4,51,11,66,5,29,96,70,200,16,42,58,258
01/29/2016,LNK,NE,ACE,CE,Towers with Radar,7,27,38,19,91,0,1,64,4,69,7,28,102,23,160,98,12,110,270
01/30/2016,LNK,NE,ACE,CE,Towers with Radar,7,12,20,4,43,0,2,60,4,66,7,14,80,8,109,54,0,54,163
01/31/2016,LNK,NE,ACE,CE,Towers with Radar,3,15,20,3,41,0,2,37,0,39,3,17,57,3,80,88,0,88,168
02/01/2016,LNK,NE,ACE,CE,Towers with Radar,4,26,16,0,46,0,4,12,0,16,4,30,28,0,62,4,0,4,66
02/02/2016,LNK,NE,ACE,CE,Towers with Radar,4,5,2,0,11,0,0,0,0,0,4,5,2,0,11,0,0,0,11
02/03/2016,LNK,NE,ACE,CE,Towers with Radar,4,25,21,13,63,0,5,8,5,18,4,30,29,18,81,14,0,14,95
02/04/2016,LNK,NE,ACE,CE,Towers with Radar,5,33,42,54,134,0,2,24,9,35,5,35,66,63,169,42,10,52,221
02/05/2016,LNK,NE,ACE,CE,Towers with Radar,3,22,23,14,62,0,0,2,9,11,3,22,25,23,73,0,4,4,77
02/06/2016,LNK,NE,ACE,CE,Towers with Radar,4,25,17,34,80,0,2,32,10,44,4,27,49,44,124,36,32,68,192
02/07/2016,LNK,NE,ACE,CE,Towers with Radar,4,15,11,21,51,0,3,7,6,16,4,18,18,27,67,26,6,32,99
02/08/2016,LNK,NE,ACE,CE,Towers with Radar,8,23,30,10,71,0,0,8,4,12,8,23,38,14,83,0,12,12,95
02/09/2016,LNK,NE,ACE,CE,Towers with Radar,5,30,16,56,107,0,4,28,5,37,5,34,44,61,144,2,36,38,182
02/10/2016,LNK,NE,ACE,CE,Towers with Radar,5,31,30,21,87,0,0,38,15,53,5,31,68,36,140,74,4,78,218
02/11/2016,LNK,NE,ACE,CE,Towers with Radar,4,30,34,41,109,0,4,5,5,14,4,34,39,46,123,0,0,0,123
02/12/2016,LNK,NE,ACE,CE,Towers with Radar,3,30,39,30,102,0,0,28,0,28,3,30,67,30,130,74,26,100,230
02/13/2016,LNK,NE,ACE,CE,Towers with Radar,5,14,11,0,30,0,1,19,2,22,5,15,30,2,52,18,0,18,70
02/14/2016,LNK,NE,ACE,CE,Towers with Radar,4,21,12,0,37,0,2,23,0,25,4,23,35,0,62,44,0,44,106
02/15/2016,LNK,NE,ACE,CE,Towers with Radar,4,28,16,1,49,0,6,59,0,65,4,34,75,1,114,40,0,40,154
02/16/2016,LNK,NE,ACE,CE,Towers with Radar,4,34,25,40,103,0,2,9,2,13,4,36,34,42,116,12,10,22,138
02/17/2016,LNK,NE,ACE,CE,Towers with Radar,2,31,36,35,104,0,1,65,15,81,2,32,101,50,185,60,4,64,249
02/18/2016,LNK,NE,ACE,CE,Towers with Radar,6,37,31,47,121,0,6,33,5,44,6,43,64,52,165,6,34,40,205
02/19/2016,LNK,NE,ACE,CE,Towers with Radar,5,20,39,11,75,0,3,39,16,58,5,23,78,27,133,30,2,32,165
02/20/2016,LNK,NE,ACE,CE,Towers with Radar,5,19,28,4,56,0,0,58,12,70,5,19,86,16,126,52,0,52,178
02/21/2016,LNK,NE,ACE,CE,Towers with Radar,3,27,30,2,62,0,1,22,2,25,3,28,52,4,87,54,0,54,141
02/22/2016,LNK,NE,ACE,CE,Towers with Radar,6,22,37,9,74,0,0,13,2,15,6,22,50,11,89,0,12,12,101
02/23/2016,LNK,NE,ACE,CE,Towers with Radar,3,29,26,23,81,0,0,24,6,30,3,29,50,29,111,0,30,30,141
02/24/2016,LNK,NE,ACE,CE,Towers with Radar,7,26,39,44,116,0,3,23,6,32,7,29,62,50,148,56,6,62,210
02/25/2016,LNK,NE,ACE,CE,Towers with Radar,3,24,21,9,57,0,1,24,9,34,3,25,45,18,91,12,6,18,109
02/26/2016,LNK,NE,ACE,CE,Towers with Radar,3,21,54,10,88,0,3,65,3,71,3,24,119,13,159,54,0,54,213
02/27/2016,LNK,NE,ACE,CE,Towers with Radar,4,21,18,2,45,0,4,26,2,32,4,25,44,4,77,30,2,32,109
02/28/2016,LNK,NE,ACE,CE,Towers with Radar,4,22,14,0,40,0,2,12,0,14,4,24,26,0,54,8,0,8,62
02/29/2016,LNK,NE,ACE,CE,Towers with Radar,7,18,73,5,103,0,0,43,4,47,7,18,116,9,150,7,4,11,161
03/01/2016,LNK,NE,ACE,CE,Towers with Radar,6,26,17,15,64,0,2,23,2,27,6,28,40,17,91,18,20,38,129
03/02/2016,LNK,NE,ACE,CE,Towers with Radar,4,38,32,24,98,0,1,53,8,62,4,39,85,32,160,40,28,68,228
03/03/2016,LNK,NE,ACE,CE,Towers with Radar,4,35,37,62,138,0,0,44,6,50,4,35,81,68,188,38,14,52,240
03/04/2016,LNK,NE,ACE,CE,Towers with Radar,6,33,33,24,96,0,4,49,4,57,6,37,82,28,153,20,6,26,179
03/05/2016,LNK,NE,ACE,CE,Towers with Radar,4,22,21,8,55,0,4,94,16,114,4,26,115,24,169,138,0,138,307
03/06/2016,LNK,NE,ACE,CE,Towers with Radar,2,27,14,13,56,0,2,17,11,30,2,29,31,24,86,14,4,18,104
03/07/2016,LNK,NE,ACE,CE,Towers with Radar,4,39,42,25,110,0,3,13,2,18,4,42,55,27,128,0,22,22,150
03/08/2016,LNK,NE,ACE,CE,Towers with Radar,5,34,35,74,148,0,7,48,8,63,5,41,83,82,211,44,36,80,291
03/09/2016,LNK,NE,ACE,CE,Towers with Radar,3,28,51,62,144,0,2,43,12,57,3,30,94,74,201,36,26,62,263
03/10/2016,LNK,NE,ACE,CE,Towers with Radar,6,31,32,29,98,0,0,65,10,75,6,31,97,39,173,62,40,102,275
03/11/2016,LNK,NE,ACE,CE,Towers with Radar,4,26,49,93,172,0,0,57,6,63,4,26,106,99,235,72,58,130,365
03/12/2016,LNK,NE,ACE,CE,Towers with Radar,5,25,16,11,57,0,0,5,1,6,5,25,21,12,63,0,0,0,63
03/13/2016,LNK,NE,ACE,CE,Towers with Radar,2,27,36,8,73,0,0,9,0,9,2,27,45,8,82,8,0,8,90
03/14/2016,LNK,NE,ACE,CE,Towers with Radar,4,30,30,18,82,0,1,54,1,56,4,31,84,19,138,44,20,64,202
03/15/2016,LNK,NE,ACE,CE,Towers with Radar,3,27,34,37,101,0,5,20,1,26,3,32,54,38,127,14,36,50,177
03/16/2016,LNK,NE,ACE,CE,Towers with Radar,3,35,49,3,90,0,5,37,1,43,3,40,86,4,133,8,0,8,141
03/17/2016,LNK,NE,ACE,CE,Towers with Radar,4,33,38,30,105,0,0,63,2,65,4,33,101,32,170,22,4,26,196
03/18/2016,LNK,NE,ACE,CE,Towers with Radar,5,29,35,8,77,0,1,54,0,55,5,30,89,8,132,74,0,74,206
03/19/2016,LNK,NE,ACE,CE,Towers with Radar,4,17,17,5,43,0,0,13,2,15,4,17,30,7,58,0,0,0,58
03/20/2016,LNK,NE,ACE,CE,Towers with Radar,3,25,20,0,48,0,0,36,0,36,3,25,56,0,84,134,0,134,218
03/21/2016,LNK,NE,ACE,CE,Towers with Radar,4,30,26,37,97,0,6,19,3,28,4,36,45,40,125,26,46,72,197
03/22/2016,LNK,NE,ACE,CE,Towers with Radar,1,30,47,45,123,0,4,59,3,66,1,34,106,48,189,18,76,94,283
03/23/2016,LNK,NE,ACE,CE,Towers with Radar,1,17,27,14,59,0,1,4,6,11,1,18,31,20,70,2,0,2,72
03/24/2016,LNK,NE,ACE,CE,Towers with Radar,2,29,51,48,130,0,0,26,5,31,2,29,77,53,161,14,38,52,213
03/25/2016,LNK,NE,ACE,CE,Towers with Radar,3,38,22,26,89,0,4,47,6,57,3,42,69,32,146,50,36,86,232
03/26/2016,LNK,NE,ACE,CE,Towers with Radar,4,16,17,0,37,0,1,0,1,2,4,17,17,1,39,0,0,0,39
03/27/2016,LNK,NE,ACE,CE,Towers with Radar,3,27,16,0,46,0,2,44,0,46,3,29,60,0,92,24,0,24,116
03/28/2016,LNK,NE,ACE,CE,Towers with Radar,2,33,35,5,75,0,2,49,0,51,2,35,84,5,126,52,4,56,182
03/29/2016,LNK,NE,ACE,CE,Towers with Radar,2,30,32,24,88,0,2,14,5,21,2,32,46,29,109,12,4,16,125
03/30/2016,LNK,NE,ACE,CE,Towers with Radar,2,30,38,23,93,0,0,15,9,24,2,30,53,32,117,16,10,26,143
03/31/2016,LNK,NE,ACE,CE,Towers with Radar,2,32,42,36,112,0,5,8,11,24,2,37,50,47,136,54,14,68,204
04/01/2016,LNK,NE,ACE,CE,Towers with Radar,5,31,33,40,109,0,1,11,3,15,5,32,44,43,124,34,0,34,158
04/02/2016,LNK,NE,ACE,CE,Towers with Radar,4,20,15,14,53,0,7,57,5,69,4,27,72,19,122,40,8,48,170
04/03/2016,LNK,NE,ACE,CE,Towers with Radar,3,23,14,0,40,0,5,35,0,40,3,28,49,0,80,4,0,4,84
04/04/2016,LNK,NE,ACE,CE,Towers with Radar,2,35,28,13,78,0,4,50,3,57,2,39,78,16,135,96,0,96,231
04/05/2016,LNK,NE,ACE,CE,Towers with Radar,1,34,26,31,92,0,2,22,4,28,1,36,48,35,120,8,10,18,138
04/06/2016,LNK,NE,ACE,CE,Towers with Radar,1,27,28,24,80,0,3,8,2,13,1,30,36,26,93,18,6,24,117
04/07/2016,LNK,NE,ACE,CE,Towers with Radar,2,31,30,12,75,0,1,14,8,23,2,32,44,20,98,2,10,12,110
04/08/2016,LNK,NE,ACE,CE,Towers with Radar,2,29,26,14,71,0,0,30,11,41,2,29,56,25,112,28,6,34,146
04/09/2016,LNK,NE,ACE,CE,Towers with Radar,2,21,28,0,51,0,2,40,1,43,2,23,68,1,94,42,0,42,136
04/10/2016,LNK,NE,ACE,CE,Towers with Radar,2,26,22,1,51,0,0,38,5,43,2,26,60,6,94,20,2,22,116
04/11/2016,LNK,NE,ACE,CE,Towers with Radar,2,36,33,51,122,0,2,47,6,55,2,38,80,57,177,48,16,64,241
04/12/2016,LNK,NE,ACE,CE,Towers with Radar,1,32,34,61,128,0,2,56,8,66,1,34,90,69,194,38,40,78,272
04/13/2016,LNK,NE,ACE,CE,Towers with Radar,1,29,48,72,150,0,7,38,19,64,1,36,86,91,214,44,42,86,300
04/14/2016,LNK,NE,ACE,CE,Towers with Radar,2,27,28,41,98,0,1,33,19,53,2,28,61,60,151,32,19,51,202
04/15/2016,LNK,NE,ACE,CE,Towers with Radar,2,30,38,20,90,0,4,28,6,38,2,34,66,26,128,8,28,36,164
04/16/2016,LNK,NE,ACE,CE,Towers with Radar,2,16,23,4,45,0,0,35,0,35,2,16,58,4,80,48,8,56,136
04/17/2016,LNK,NE,ACE,CE,Towers with Radar,2,27,13,3,45,0,0,4,2,6,2,27,17,5,51,14,0,14,65
04/18/2016,LNK,NE,ACE,CE,Towers with Radar,2,34,31,8,75,0,0,1,0,1,2,34,32,8,76,10,2,12,88
04/19/2016,LNK,NE,ACE,CE,Towers with Radar,1,49,39,61,150,0,3,42,0,45,1,52,81,61,195,38,36,74,269
04/20/2016,LNK,NE,ACE,CE,Towers with Radar,1,41,40,33,115,0,2,4,4,10,1,43,44,37,125,20,4,24,149
04/21/2016,LNK,NE,ACE,CE,Towers with Radar,2,34,45,37,118,0,0,35,8,43,2,34,80,45,161,20,20,40,201
04/22/2016,LNK,NE,ACE,CE,Towers with Radar,2,36,63,22,123,0,0,100,3,103,2,36,163,25,226,114,22,136,362
04/23/2016,LNK,NE,ACE,CE,Towers with Radar,2,14,22,7,45,0,5,52,4,61,2,19,74,11,106,92,0,92,198
04/24/2016,LNK,NE,ACE,CE,Towers with Radar,2,26,19,2,49,0,2,14,2,18,2,28,33,4,67,2,0,2,69
04/25/2016,LNK,NE,ACE,CE,Towers with Radar,2,35,31,7,75,0,3,65,0,68,2,38,96,7,143,46,4,50,193
04/26/2016,LNK,NE,ACE,CE,Towers with Radar,3,30,33,4,70,0,4,4,2,10,3,34,37,6,80,0,12,12,92
04/27/2016,LNK,NE,ACE,CE,Towers with Radar,9,29,29,25,92,0,2,3,5,10,9,31,32,30,102,0,20,20,122
04/28/2016,LNK,NE,ACE,CE,Towers with Radar,4,48,43,20,115,0,0,13,12,25,4,48,56,32,140,32,0,32,172
04/29/2016,LNK,NE,ACE,CE,Towers with Radar,2,37,58,11,108,0,0,10,3,13,2,37,68,14,121,20,0,20,141
04/30/2016,LNK,NE,ACE,CE,Towers with Radar,2,16,20,2,40,0,0,0,0,0,2,16,20,2,40,0,0,0,40
05/01/2016,LNK,NE,ACE,CE,Towers with Radar,4,26,18,1,49,0,2,3,1,6,4,28,21,2,55,48,0,48,103
05/02/2016,LNK,NE,ACE,CE,Towers with Radar,2,36,28,22,88,0,9,55,3,67,2,45,83,25,155,82,4,86,241
05/03/2016,LNK,NE,ACE,CE,Towers with Radar,1,30,35,21,87,0,4,61,8,73,1,34,96,29,160,52,6,58,218
05/04/2016,LNK,NE,ACE,CE,Towers with Radar,1,27,41,29,98,0,8,68,13,89,1,35,109,42,187,30,4,34,221
05/05/2016,LNK,NE,ACE,CE,Towers with Radar,6,26,34,11,77,0,0,49,12,61,6,26,83,23,138,84,12,96,234
05/06/2016,LNK,NE,ACE,CE,Towers with Radar,5,25,17,28,75,0,3,35,3,41,5,28,52,31,116,4,34,38,154
05/07/2016,LNK,NE,ACE,CE,Towers with Radar,3,19,13,3,38,0,0,32,6,38,3,19,45,9,76,6,0,6,82
05/08/2016,LNK,NE,ACE,CE,Towers with Radar,3,23,20,7,53,1,1,11,2,15,4,24,31,9,68,0,0,0,68
05/09/2016,LNK,NE,ACE,CE,Towers with Radar,4,30,21,15,70,0,3,6,2,11,4,33,27,17,81,2,2,4,85
05/10/2016,LNK,NE,ACE,CE,Towers with Radar,3,32,38,44,117,0,8,41,3,52,3,40,79,47,169,78,22,100,269
05/11/2016,LNK,NE,ACE,CE,Towers with Radar,7,31,40,14,92,0,3,27,11,41,7,34,67,25,133,30,16,46,179
05/12/2016,LNK,NE,ACE,CE,Towers with Radar,4,36,46,29,115,0,5,42,9,56,4,41,88,38,171,24,6,30,201
05/13/2016,LNK,NE,ACE,CE,Towers with Radar,5,29,33,15,82,0,7,24,8,39,5,36,57,23,121,34,2,36,157
05/14/2016,LNK,NE,ACE,CE,Towers with Radar,3,19,19,5,46,0,2,50,12,64,3,21,69,17,110,60,0,60,170
05/15/2016,LNK,NE,ACE,CE,Towers with Radar,6,28,33,6,73,2,4,63,3,72,8,32,96,9,145,40,0,40,185
05/16/2016,LNK,NE,ACE,CE,Towers with Radar,4,35,39,6,84,0,0,2,0,2,4,35,41,6,86,0,0,0,86
05/17/2016,LNK,NE,ACE,CE,Towers with Radar,3,35,60,33,131,0,5,33,6,44,3,40,93,39,175,40,18,58,233
05/18/2016,LNK,NE,ACE,CE,Towers with Radar,3,28,49,44,124,0,5,53,13,71,3,33,102,57,195,88,16,104,299
05/19/2016,LNK,NE,ACE,CE,Towers with Radar,4,33,50,55,142,0,4,52,12,68,4,37,102,67,210,58,6,64,274
05/20/2016,LNK,NE,ACE,CE,Towers with Radar,5,28,65,19,117,0,2,9,3,14,5,30,74,22,131,2,0,2,133
05/21/2016,LNK,NE,ACE,CE,Towers with Radar,3,19,26,6,54,0,1,77,3,81,3,20,103,9,135,68,0,68,203
05/22/2016,LNK,NE,ACE,CE,Towers with Radar,2,36,22,3,63,0,1,20,2,23,2,37,42,5,86,22,0,22,108
05/23/2016,LNK,NE,ACE,CE,Towers with Radar,4,33,15,4,56,0,2,5,0,7,4,35,20,4,63,14,0,14,77
05/24/2016,LNK,NE,ACE,CE,Towers with Radar,3,33,28,46,110,0,4,30,0,34,3,37,58,46,144,14,16,30,174
05/25/2016,LNK,NE,ACE,CE,Towers with Radar,3,24,37,31,95,0,4,33,3,40,3,28,70,34,135,24,10,34,169
05/26/2016,LNK,NE,ACE,CE,Towers with Radar,4,24,38,22,88,0,0,16,0,16,4,24,54,22,104,46,14,60,164
05/27/2016,LNK,NE,ACE,CE,Towers with Radar,5,34,40,1,80,0,1,16,2,19,5,35,56,3,99,8,0,8,107
05/28/2016,LNK,NE,ACE,CE,Towers with Radar,3,24,26,1,54,0,0,10,8,18,3,24,36,9,72,12,0,12,84
05/29/2016,LNK,NE,ACE,CE,Towers with Radar,2,22,18,0,42,0,1,60,7,68,2,23,78,7,110,16,0,16,126
05/30/2016,LNK,NE,ACE,CE,Towers with Radar,6,29,23,0,58,0,0,47,0,47,6,29,70,0,105,28,0,28,133
05/31/2016,LNK,NE,ACE,CE,Towers with Radar,3,27,45,33,108,0,1,38,0,39,3,28,83,33,147,104,12,116,263
06/01/2016,LNK,NE,ACE,CE,Towers with Radar,3,35,36,37,111,0,4,49,4,57,3,39,85,41,168,20,4,24,192
06/02/2016,LNK,NE,ACE,CE,Towers with Radar,4,33,36,34,107,0,0,59,3,62,4,33,95,37,169,94,23,117,286
06/03/2016,LNK,NE,ACE,CE,Towers with Radar,5,36,35,9,85,2,15,48,4,69,7,51,83,13,154,48,10,58,212
06/04/2016,LNK,NE,ACE,CE,Towers with Radar,3,19,8,35,65,0,7,46,2,55,3,26,54,37,120,18,10,28,148
06/05/2016,LNK,NE,ACE,CE,Towers with Radar,4,29,33,2,68,0,10,48,4,62,4,39,81,6,130,38,0,38,168
06/06/2016,LNK,NE,ACE,CE,Towers with Radar,4,35,24,2,65,0,7,30,2,39,4,42,54,4,104,34,0,34,138
06/07/2016,LNK,NE,ACE,CE,Towers with Radar,3,35,27,16,81,0,3,59,3,65,3,38,86,19,146,32,4,36,182
06/08/2016,LNK,NE,ACE,CE,Towers with Radar,3,29,50,36,118,0,3,52,0,55,3,32,102,36,173,28,36,64,237
06/09/2016,LNK,NE,ACE,CE,Towers with Radar,6,32,35,33,106,0,6,48,8,62,6,38,83,41,168,20,28,48,216
06/10/2016,LNK,NE,ACE,CE,Towers with Radar,4,28,29,24,85,0,4,47,1,52,4,32,76,25,137,28,12,40,177
06/11/2016,LNK,NE,ACE,CE,Towers with Radar,3,18,22,2,45,0,1,51,2,54,3,19,73,4,99,8,0,8,107
06/12/2016,LNK,NE,ACE,CE,Towers with Radar,3,26,22,3,54,0,3,38,2,43,3,29,60,5,97,10,0,10,107
06/13/2016,LNK,NE,ACE,CE,Towers with Radar,6,33,32,28,99,0,0,24,4,28,6,33,56,32,127,22,32,54,181
06/14/2016,LNK,NE,ACE,CE,Towers with Radar,3,26,41,46,116,0,6,32,2,40,3,32,73,48,156,46,18,64,220
06/15/2016,LNK,NE,ACE,CE,Towers with Radar,3,28,55,20,106,0,5,51,8,64,3,33,106,28,170,30,10,40,210
06/16/2016,LNK,NE,ACE,CE,Towers with Radar,2,33,39,30,104,0,2,57,8,67,2,35,96,38,171,4,30,34,205
06/17/2016,LNK,NE,ACE,CE,Towers with Radar,4,28,47,9,88,0,1,34,4,39,4,29,81,13,127,52,2,54,181
06/18/2016,LNK,NE,ACE,CE,Towers with Radar,3,21,24,18,66,0,3,64,4,71,3,24,88,22,137,16,8,24,161
06/19/2016,LNK,NE,ACE,CE,Towers with Radar,3,30,39,1,73,0,0,52,4,56,3,30,91,5,129,48,0,48,177
06/20/2016,LNK,NE,ACE,CE,Towers with Radar,4,26,50,53,133,0,6,56,8,70,4,32,106,61,203,50,46,96,299
06/21/2016,LNK,NE,ACE,CE,Towers with Radar,3,31,28,33,95,0,1,47,2,50,3,32,75,35,145,94,14,108,253
06/22/2016,LNK,NE,ACE,CE,Towers with Radar,3,25,33,14,75,0,1,48,3,52,3,26,81,17,127,20,8,28,155
06/23/2016,LNK,NE,ACE,CE,Towers with Radar,4,37,26,30,97,0,4,43,9,56,4,41,69,39,153,26,24,50,203
06/24/2016,LNK,NE,ACE,CE,Towers with Radar,4,33,38,20,95,0,8,79,3,90,4,41,117,23,185,12,16,28,213
06/25/2016,LNK,NE,ACE,CE,Towers with Radar,2,19,13,2,36,0,0,18,0,18,2,19,31,2,54,4,0,4,58
06/26/2016,LNK,NE,ACE,CE,Towers with Radar,2,30,30,3,65,0,2,50,0,52,2,32,80,3,117,24,0,24,141
06/27/2016,LNK,NE,ACE,CE,Towers with Radar,4,32,30,46,112,0,2,31,1,34,4,34,61,47,146,25,38,63,209
06/28/2016,LNK,NE,ACE,CE,Towers with Radar,3,31,40,19,93,0,2,50,3,55,3,33,90,22,148,107,4,111,259
06/29/2016,LNK,NE,ACE,CE,Towers with Radar,3,25,46,29,103,0,4,55,7,66,3,29,101,36,169,44,18,62,231
06/30/2016,LNK,NE,ACE,CE,Towers with Radar,6,37,30,12,85,0,4,39,2,45,6,41,69,14,130,36,28,64,194
07/01/2016,LNK,NE,ACE,CE,Towers with Radar,3,36,49,20,108,0,1,59,1,61,3,37,108,21,169,66,0,66,235
07/02/2016,LNK,NE,ACE,CE,Towers with Radar,3,16,6,0,25,0,0,0,0,0,3,16,6,0,25,0,0,0,25
07/03/2016,LNK,NE,ACE,CE,Towers with Radar,2,14,7,0,23,0,0,5,0,5,2,14,12,0,28,18,0,18,46
07/04/2016,LNK,NE,ACE,CE,Towers with Radar,3,14,41,0,58,0,3,20,2,25,3,17,61,2,83,0,0,0,83
07/05/2016,LNK,NE,ACE,CE,Towers with Radar,4,41,27,8,80,0,0,32,2,34,4,41,59,10,114,48,2,50,164
07/06/2016,LNK,NE,ACE,CE,Towers with Radar,4,29,33,43,109,0,4,47,10,61,4,33,80,53,170,4,26,30,200
07/07/2016,LNK,NE,ACE,CE,Towers with Radar,4,36,24,54,118,0,2,44,7,53,4,38,68,61,171,88,48,136,307
07/08/2016,LNK,NE,ACE,CE,Towers with Radar,6,35,26,62,129,0,9,54,2,65,6,44,80,64,194,34,16,50,244
07/09/2016,LNK,NE,ACE,CE,Towers with Radar,3,20,24,4,51,0,2,38,1,41,3,22,62,5,92,112,0,112,204
07/10/2016,LNK,NE,ACE,CE,Towers with Radar,3,28,25,2,58,0,2,30,0,32,3,30,55,2,90,22,0,22,112
07/11/2016,LNK,NE,ACE,CE,Towers with Radar,7,30,22,31,90,0,4,19,2,25,7,34,41,33,115,0,6,6,121
07/12/2016,LNK,NE,ACE,CE,Towers with Radar,4,31,23,32,90,0,3,47,6,56,4,34,70,38,146,50,18,68,214
07/13/2016,LNK,NE,ACE,CE,Towers with Radar,6,36,35,21,98,0,3,30,2,35,6,39,65,23,133,26,16,42,175
07/14/2016,LNK,NE,ACE,CE,Towers with Radar,4,39,39,16,98,0,1,59,4,64,4,40,98,20,162,108,0,108,270
07/15/2016,LNK,NE,ACE,CE,Towers with Radar,4,24,41,1,70,0,4,34,3,41,4,28,75,4,111,34,0,34,145
07/16/2016,LNK,NE,ACE,CE,Towers with Radar,3,22,22,2,49,0,0,31,3,34,3,22,53,5,83,110,0,110,193
07/17/2016,LNK,NE,ACE,CE,Towers with Radar,5,21,16,2,44,0,0,26,2,28,5,21,42,4,72,32,0,32,104
07/18/2016,LNK,NE,ACE,CE,Towers with Radar,4,30,32,17,83,0,6,26,1,33,4,36,58,18,116,20,36,56,172
07/19/2016,LNK,NE,ACE,CE,Towers with Radar,4,31,32,10,77,0,4,51,2,57,4,35,83,12,134,84,0,84,218
07/20/2016,LNK,NE,ACE,CE,Towers with Radar,4,26,37,56,123,0,3,39,4,46,4,29,76,60,169,32,26,58,227
07/21/2016,LNK,NE,ACE,CE,Towers with Radar,4,34,41,85,164,0,5,59,3,67,4,39,100,88,231,38,68,106,337
07/22/2016,LNK,NE,ACE,CE,Towers with Radar,4,23,43,28,98,0,0,61,1,62,4,23,104,29,160,152,14,166,326
07/23/2016,LNK,NE,ACE,CE,Towers with Radar,2,21,18,24,65,0,5,55,6,66,2,26,73,30,131,90,12,102,233
07/24/2016,LNK,NE,ACE,CE,Towers with Radar,3,36,36,4,79,0,2,26,0,28,3,38,62,4,107,36,0,36,143
07/25/2016,LNK,NE,ACE,CE,Towers with Radar,4,36,31,43,114,0,5,28,5,38,4,41,59,48,152,36,52,88,240
07/26/2016,LNK,NE,ACE,CE,Towers with Radar,4,34,40,8,86,0,0,40,0,40,4,34,80,8,126,22,4,26,152
07/27/2016,LNK,NE,ACE,CE,Towers with Radar,4,26,35,31,96,0,1,58,8,67,4,27,93,39,163,116,34,150,313
07/28/2016,LNK,NE,ACE,CE,Towers with Radar,4,31,31,34,100,0,6,44,13,63,4,37,75,47,163,80,30,110,273
07/29/2016,LNK,NE,ACE,CE,Towers with Radar,4,22,43,13,82,0,0,32,2,34,4,22,75,15,116,28,8,36,152
07/30/2016,LNK,NE,ACE,CE,Towers with Radar,3,19,19,1,42,0,1,34,2,37,3,20,53,3,79,36,0,36,115
07/31/2016,LNK,NE,ACE,CE,Towers with Radar,5,31,22,0,58,0,8,27,0,35,5,39,49,0,93,40,0,40,133
08/01/2016,LNK,NE,ACE,CE,Towers with Radar,4,35,40,21,100,0,4,36,3,43,4,39,76,24,143,4,4,8,151
08/02/2016,LNK,NE,ACE,CE,Towers with Radar,4,37,26,22,89,0,2,46,1,49,4,39,72,23,138,120,8,128,266
08/03/2016,LNK,NE,ACE,CE,Towers with Radar,4,30,49,63,146,0,6,30,9,45,4,36,79,72,191,74,16,90,281
08/04/2016,LNK,NE,ACE,CE,Towers with Radar,4,37,31,38,110,0,0,32,7,39,4,37,63,45,149,76,20,96,245
08/05/2016,LNK,NE,ACE,CE,Towers with Radar,4,34,40,21,99,0,1,47,4,52,4,35,87,25,151,126,20,146,297
08/06/2016,LNK,NE,ACE,CE,Towers with Radar,3,22,14,5,44,0,6,39,2,47,3,28,53,7,91,36,0,36,127
08/07/2016,LNK,NE,ACE,CE,Towers with Radar,3,32,33,36,104,0,3,32,7,42,3,35,65,43,146,74,14,88,234
08/08/2016,LNK,NE,ACE,CE,Towers with Radar,4,29,47,56,136,0,1,33,0,34,4,30,80,56,170,44,20,64,234
08/09/2016,LNK,NE,ACE,CE,Towers with Radar,4,28,34,26,92,0,2,47,7,56,4,30,81,33,148,58,14,72,220
08/10/2016,LNK,NE,ACE,CE,Towers with Radar,4,25,40,32,101,0,5,51,12,68,4,30,91,44,169,34,18,52,221
08/11/2016,LNK,NE,ACE,CE,Towers with Radar,4,34,33,40,111,0,4,24,4,32,4,38,57,44,143,40,4,44,187
08/12/2016,LNK,NE,ACE,CE,Towers with Radar,4,36,35,50,125,0,0,21,18,39,4,36,56,68,164,96,52,148,312
08/13/2016,LNK,NE,ACE,CE,Towers with Radar,3,25,12,15,55,0,4,57,10,71,3,29,69,25,126,86,4,90,216
08/14/2016,LNK,NE,ACE,CE,Towers with Radar,3,27,25,34,89,0,2,44,6,52,3,29,69,40,141,12,12,24,165
08/15/2016,LNK,NE,ACE,CE,Towers with Radar,3,33,45,22,103,0,4,46,3,53,3,37,91,25,156,0,4,4,160
08/16/2016,LNK,NE,ACE,CE,Towers with Radar,4,23,31,34,92,0,4,37,6,47,4,27,68,40,139,30,12,42,181
08/17/2016,LNK,NE,ACE,CE,Towers with Radar,5,35,42,28,110,0,2,47,9,58,5,37,89,37,168,64,34,98,266
08/18/2016,LNK,NE,ACE,CE,Towers with Radar,6,30,40,50,126,0,0,40,14,54,6,30,80,64,180,50,14,64,244
08/19/2016,LNK,NE,ACE,CE,Towers with Radar,8,28,28,23,87,0,1,26,1,28,8,29,54,24,115,28,2,30,145
08/20/2016,LNK,NE,ACE,CE,Towers with Radar,4,17,27,13,61,0,3,30,2,35,4,20,57,15,96,44,4,48,144
08/21/2016,LNK,NE,ACE,CE,Towers with Radar,4,28,25,7,64,0,1,64,0,65,4,29,89,7,129,76,14,90,219
08/22/2016,LNK,NE,ACE,CE,Towers with Radar,5,28,37,44,114,0,9,51,4,64,5,37,88,48,178,30,12,42,220
08/23/2016,LNK,NE,ACE,CE,Towers with Radar,5,27,24,60,116,0,2,9,1,12,5,29,33,61,128,28,36,64,192
08/24/2016,LNK,NE,ACE,CE,Towers with Radar,6,19,35,31,91,0,1,26,10,37,6,20,61,41,128,24,18,42,170
08/25/2016,LNK,NE,ACE,CE,Towers with Radar,4,29,39,27,99,0,3,53,5,61,4,32,92,32,160,78,14,92,252
08/26/2016,LNK,NE,ACE,CE,Towers with Radar,8,24,55,6,93,0,0,18,2,20,8,24,73,8,113,80,2,82,195
08/27/2016,LNK,NE,ACE,CE,Towers with Radar,3,14,15,0,32,0,0,39,2,41,3,14,54,2,73,26,0,26,99
08/28/2016,LNK,NE,ACE,CE,Towers with Radar,3,24,17,18,62,0,1,46,0,47,3,25,63,18,109,64,0,64,173
08/29/2016,LNK,NE,ACE,CE,Towers with Radar,5,24,35,8,72,0,0,35,0,35,5,24,70,8,107,40,0,40,147
08/30/2016,LNK,NE,ACE,CE,Towers with Radar,4,28,22,10,64,0,2,8,4,14,4,30,30,14,78,44,0,44,122
08/31/2016,LNK,NE,ACE,CE,Towers with Radar,5,26,33,70,134,0,0,61,10,71,5,26,94,80,205,116,24,140,345
09/01/2016,LNK,NE,ACE,CE,Towers with Radar,6,28,31,36,101,0,6,51,15,72,6,34,82,51,173,38,26,64,237
09/02/2016,LNK,NE,ACE,CE,Towers with Radar,8,34,44,0,86,0,9,70,2,81,8,43,114,2,167,47,0,47,214
09/03/2016,LNK,NE,ACE,CE,Towers with Radar,5,15,35,0,55,0,0,27,0,27,5,15,62,0,82,68,0,68,150
09/04/2016,LNK,NE,ACE,CE,Towers with Radar,6,18,20,0,44,0,0,14,8,22,6,18,34,8,66,26,0,26,92
09/05/2016,LNK,NE,ACE,CE,Towers with Radar,4,38,23,2,67,0,1,25,2,28,4,39,48,4,95,6,0,6,101
09/06/2016,LNK,NE,ACE,CE,Towers with Radar,6,39,35,17,97,0,0,42,1,43,6,39,77,18,140,18,4,22,162
09/07/2016,LNK,NE,ACE,CE,Towers with Radar,5,23,44,8,80,0,2,7,8,17,5,25,51,16,97,38,2,40,137
09/08/2016,LNK,NE,ACE,CE,Towers with Radar,4,30,44,19,97,0,1,41,9,51,4,31,85,28,148,76,2,78,226
09/09/2016,LNK,NE,ACE,CE,Towers with Radar,6,35,17,12,70,0,0,9,3,12,6,35,26,15,82,0,0,0,82
09/10/2016,LNK,NE,ACE,CE,Towers with Radar,5,17,43,3,68,0,5,87,4,96,5,22,130,7,164,36,6,42,206
09/11/2016,LNK,NE,ACE,CE,Towers with Radar,3,27,22,4,56,0,1,59,6,66,3,28,81,10,122,32,0,32,154
09/12/2016,LNK,NE,ACE,CE,Towers with Radar,4,37,35,7,83,0,3,27,1,31,4,40,62,8,114,56,2,58,172
09/13/2016,LNK,NE,ACE,CE,Towers with Radar,12,41,49,20,122,0,0,1,0,1,12,41,50,20,123,0,0,0,123
09/14/2016,LNK,NE,ACE,CE,Towers with Radar,6,32,53,12,103,0,0,3,0,3,6,32,56,12,106,0,0,0,106
09/15/2016,LNK,NE,ACE,CE,Towers with Radar,4,35,55,18,112,0,2,12,2,16,4,37,67,20,128,4,0,4,132
09/16/2016,LNK,NE,ACE,CE,Towers with Radar,6,26,69,5,106,0,3,70,2,75,6,29,139,7,181,80,0,80,261
09/17/2016,LNK,NE,ACE,CE,Towers with Radar,5,20,63,0,88,0,0,66,0,66,5,20,129,0,154,54,0,54,208
09/18/2016,LNK,NE,ACE,CE,Towers with Radar,3,33,38,1,75,0,0,42,2,44,3,33,80,3,119,46,0,46,165
09/19/2016,LNK,NE,ACE,CE,Towers with Radar,4,37,38,12,91,0,4,51,4,59,4,41,89,16,150,50,4,54,204
09/20/2016,LNK,NE,ACE,CE,Towers with Radar,6,23,28,11,68,0,4,43,5,52,6,27,71,16,120,75,2,77,197
09/21/2016,LNK,NE,ACE,CE,Towers with Radar,4,29,47,6,86,0,4,30,4,38,4,33,77,10,124,76,2,78,202
09/22/2016,LNK,NE,ACE,CE,Towers with Radar,6,32,51,21,110,0,3,33,9,45,6,35,84,30,155,34,6,40,195
09/23/2016,LNK,NE,ACE,CE,Towers with Radar,8,32,36,13,89,0,8,44,3,55,8,40,80,16,144,26,0,26,170
09/24/2016,LNK,NE,ACE,CE,Towers with Radar,1,22,27,4,54,0,0,10,1,11,1,22,37,5,65,4,0,4,69
09/25/2016,LNK,NE,ACE,CE,Towers with Radar,3,39,35,3,80,0,0,25,0,25,3,39,60,3,105,12,0,12,117
09/26/2016,LNK,NE,ACE,CE,Towers with Radar,2,39,37,5,83,0,6,56,3,65,2,45,93,8,148,12,0,12,160
09/27/2016,LNK,NE,ACE,CE,Towers with Radar,6,32,50,11,99,0,9,64,6,79,6,41,114,17,178,22,0,22,200
09/28/2016,LNK,NE,ACE,CE,Towers with Radar,6,36,48,3,93,0,4,28,3,35,6,40,76,6,128,78,0,78,206
09/29/2016,LNK,NE,ACE,CE,Towers with Radar,4,30,33,0,67,0,2,54,4,60,4,32,87,4,127,50,0,50,177
09/30/2016,LNK,NE,ACE,CE,Towers with Radar,4,39,34,1,78,0,4,67,4,75,4,43,101,5,153,24,0,24,177
10/01/2016,LNK,NE,ACE,CE,Towers with Radar,3,29,49,0,81,0,0,45,0,45,3,29,94,0,126,12,0,12,138
10/02/2016,LNK,NE,ACE,CE,Towers with Radar,3,31,39,1,74,0,4,49,0,53,3,35,88,1,127,56,0,56,183
10/03/2016,LNK,NE,ACE,CE,Towers with Radar,4,35,29,8,76,0,2,30,3,35,4,37,59,11,111,50,4,54,165
10/04/2016,LNK,NE,ACE,CE,Towers with Radar,4,23,26,28,81,0,2,1,1,4,4,25,27,29,85,8,0,8,93
10/05/2016,LNK,NE,ACE,CE,Towers with Radar,2,28,33,15,78,0,3,51,10,64,2,31,84,25,142,84,0,84,226
10/06/2016,LNK,NE,ACE,CE,Towers with Radar,4,37,22,7,70,0,0,1,3,4,4,37,23,10,74,0,0,0,74
10/07/2016,LNK,NE,ACE,CE,Towers with Radar,1,37,39,9,86,0,6,44,3,53,1,43,83,12,139,52,8,60,199
10/08/2016,LNK,NE,ACE,CE,Towers with Radar,2,21,18,6,47,0,5,55,2,62,2,26,73,8,109,18,0,18,127
10/09/2016,LNK,NE,ACE,CE,Towers with Radar,4,31,30,0,65,0,1,65,1,67,4,32,95,1,132,18,0,18,150
10/10/2016,LNK,NE,ACE,CE,Towers with Radar,3,35,22,0,60,0,3,2,0,5,3,38,24,0,65,8,0,8,73
10/11/2016,LNK,NE,ACE,CE,Towers with Radar,6,36,25,9,76,0,2,30,5,37,6,38,55,14,113,62,6,68,181
10/12/2016,LNK,NE,ACE,CE,Towers with Radar,2,33,33,12,80,0,0,11,8,19,2,33,44,20,99,32,0,32,131
10/13/2016,LNK,NE,ACE,CE,Towers with Radar,4,38,41,16,99,0,6,34,7,47,4,44,75,23,146,8,18,26,172
10/14/2016,LNK,NE,ACE,CE,Towers with Radar,4,35,50,14,103,0,0,13,0,13,4,35,63,14,116,20,0,20,136
10/15/2016,LNK,NE,ACE,CE,Towers with Radar,2,22,32,0,56,0,0,29,4,33,2,22,61,4,89,14,0,14,103
10/16/2016,LNK,NE,ACE,CE,Towers with Radar,6,36,21,10,73,0,4,19,0,23,6,40,40,10,96,2,0,2,98
10/17/2016,LNK,NE,ACE,CE,Towers with Radar,2,36,29,10,77,0,0,37,2,39,2,36,66,12,116,14,2,16,132
10/18/2016,LNK,NE,ACE,CE,Towers with Radar,2,40,31,26,99,0,4,65,8,77,2,44,96,34,176,42,4,46,222
10/19/2016,LNK,NE,ACE,CE,Towers with Radar,2,34,44,32,112,0,2,58,14,74,2,36,102,46,186,32,12,44,230
10/20/2016,LNK,NE,ACE,CE,Towers with Radar,2,34,42,24,102,0,5,31,4,40,2,39,73,28,142,48,18,66,208
10/21/2016,LNK,NE,ACE,CE,Towers with Radar,2,28,50,4,84,0,0,83,15,98,2,28,133,19,182,84,6,90,272
10/22/2016,LNK,NE,ACE,CE,Towers with Radar,4,22,37,2,65,0,1,75,10,86,4,23,112,12,151,12,0,12,163
10/23/2016,LNK,NE,ACE,CE,Towers with Radar,4,25,22,6,57,0,1,64,10,75,4,26,86,16,132,56,0,56,188
10/24/2016,LNK,NE,ACE,CE,Towers with Radar,1,31,32,11,75,0,1,43,1,45,1,32,75,12,120,36,4,40,160
10/25/2016,LNK,NE,ACE,CE,Towers with Radar,1,37,36,12,86,0,2,37,1,40,1,39,73,13,126,36,0,36,162
10/26/2016,LNK,NE,ACE,CE,Towers with Radar,2,34,41,21,98,0,4,24,13,41,2,38,65,34,139,34,4,38,177
10/27/2016,LNK,NE,ACE,CE,Towers with Radar,2,28,38,19,87,0,10,54,11,75,2,38,92,30,162,66,6,72,234
10/28/2016,LNK,NE,ACE,CE,Towers with Radar,3,27,44,7,81,0,5,25,6,36,3,32,69,13,117,56,0,56,173
10/29/2016,LNK,NE,ACE,CE,Towers with Radar,1,24,15,1,41,0,4,77,0,81,1,28,92,1,122,38,0,38,160
10/30/2016,LNK,NE,ACE,CE,Towers with Radar,2,26,22,2,52,0,4,22,3,29,2,30,44,5,81,20,0,20,101
10/31/2016,LNK,NE,ACE,CE,Towers with Radar,7,31,24,4,66,0,8,24,2,34,7,39,48,6,100,16,4,20,120
11/01/2016,LNK,NE,ACE,CE,Towers with Radar,6,36,35,12,89,0,2,47,2,51,6,38,82,14,140,6,4,10,150
11/02/2016,LNK,NE,ACE,CE,Towers with Radar,5,27,37,9,78,0,1,19,12,32,5,28,56,21,110,106,4,110,220
11/03/2016,LNK,NE,ACE,CE,Towers with Radar,6,29,25,14,74,0,3,70,16,89,6,32,95,30,163,60,6,66,229
11/04/2016,LNK,NE,ACE,CE,Towers with Radar,8,21,37,33,99,0,6,72,7,85,8,27,109,40,184,41,8,49,233
11/05/2016,LNK,NE,ACE,CE,Towers with Radar,3,23,27,20,73,0,0,84,8,92,3,23,111,28,165,38,8,46,211
11/06/2016,LNK,NE,ACE,CE,Towers with Radar,4,28,23,5,60,0,6,38,7,51,4,34,61,12,111,24,0,24,135
11/07/2016,LNK,NE,ACE,CE,Towers with Radar,6,30,27,9,72,0,1,3,1,5,6,31,30,10,77,0,22,22,99
11/08/2016,LNK,NE,ACE,CE,Towers with Radar,3,23,21,22,69,0,7,46,4,57,3,30,67,26,126,78,28,106,232
11/09/2016,LNK,NE,ACE,CE,Towers with Radar,5,29,38,24,96,0,6,64,11,81,5,35,102,35,177,46,14,60,237
11/10/2016,LNK,NE,ACE,CE,Towers with Radar,6,31,43,11,91,0,1,64,18,83,6,32,107,29,174,16,4,20,194
11/11/2016,LNK,NE,ACE,CE,Towers with Radar,8,30,28,0,66,0,4,57,0,61,8,34,85,0,127,72,0,72,199
11/12/2016,LNK,NE,ACE,CE,Towers with Radar,4,26,28,0,58,0,1,65,1,67,4,27,93,1,125,32,0,32,157
11/13/2016,LNK,NE,ACE,CE,Towers with Radar,7,32,21,0,60,0,1,51,0,52,7,33,72,0,112,16,0,16,128
11/14/2016,LNK,NE,ACE,CE,Towers with Radar,6,24,28,9,67,0,6,47,0,53,6,30,75,9,120,18,8,26,146
11/15/2016,LNK,NE,ACE,CE,Towers with Radar,6,27,20,7,60,0,11,42,3,56,6,38,62,10,116,38,10,48,164
11/16/2016,LNK,NE,ACE,CE,Towers with Radar,8,23,26,18,75,0,6,18,5,29,8,29,44,23,104,16,6,22,126
11/17/2016,LNK,NE,ACE,CE,Towers with Radar,4,44,28,2,78,0,6,28,7,41,4,50,56,9,119,68,0,68,187
11/18/2016,LNK,NE,ACE,CE,Towers with Radar,6,32,22,8,68,0,0,3,2,5,6,32,25,10,73,6,2,8,81
11/19/2016,LNK,NE,ACE,CE,Towers with Radar,7,22,30,4,63,0,7,67,2,76,7,29,97,6,139,44,10,54,193
11/20/2016,LNK,NE,ACE,CE,Towers with Radar,5,32,20,13,70,0,9,38,1,48,5,41,58,14,118,52,0,52,170
11/21/2016,LNK,NE,ACE,CE,Towers with Radar,6,23,47,14,90,0,4,34,0,38,6,27,81,14,128,22,2,24,152
11/22/2016,LNK,NE,ACE,CE,Towers with Radar,5,46,22,14,87,0,0,0,0,0,5,46,22,14,87,2,4,6,93
11/23/2016,LNK,NE,ACE,CE,Towers with Radar,2,32,30,5,69,0,8,6,4,18,2,40,36,9,87,4,0,4,91
11/24/2016,LNK,NE,ACE,CE,Towers with Radar,4,9,15,0,28,0,0,0,0,0,4,9,15,0,28,6,0,6,34
11/25/2016,LNK,NE,ACE,CE,Towers with Radar,6,15,13,0,34,0,0,33,0,33,6,15,46,0,67,8,0,8,75
11/26/2016,LNK,NE,ACE,CE,Towers with Radar,7,23,20,0,50,0,5,45,0,50,7,28,65,0,100,18,0,18,118
11/27/2016,LNK,NE,ACE,CE,Towers with Radar,5,25,22,1,53,0,2,1,0,3,5,27,23,1,56,0,0,0,56
11/28/2016,LNK,NE,ACE,CE,Towers with Radar,5,28,33,2,68,0,9,27,3,39,5,37,60,5,107,32,0,32,139
11/29/2016,LNK,NE,ACE,CE,Towers with Radar,9,26,35,3,73,0,4,11,3,18,9,30,46,6,91,8,0,8,99
11/30/2016,LNK,NE,ACE,CE,Towers with Radar,6,30,20,13,69,0,0,8,5,13,6,30,28,18,82,2,4,6,88
12/01/2016,LNK,NE,ACE,CE,Towers with Radar,7,26,37,28,98,0,4,40,4,48,7,30,77,32,146,54,14,68,214
12/02/2016,LNK,NE,ACE,CE,Towers with Radar,5,25,32,36,98,0,5,58,4,67,5,30,90,40,165,88,6,94,259
12/03/2016,LNK,NE,ACE,CE,Towers with Radar,7,22,12,1,42,0,1,10,0,11,7,23,22,1,53,18,0,18,71
12/04/2016,LNK,NE,ACE,CE,Towers with Radar,4,16,33,33,86,0,1,21,1,23,4,17,54,34,109,30,8,38,147
12/05/2016,LNK,NE,ACE,CE,Towers with Radar,6,35,30,18,89,0,6,49,0,55,6,41,79,18,144,36,0,36,180
12/06/2016,LNK,NE,ACE,CE,Towers with Radar,6,21,25,13,65,0,3,29,5,37,6,24,54,18,102,0,2,2,104
12/07/2016,LNK,NE,ACE,CE,Towers with Radar,8,48,27,51,134,0,2,23,9,34,8,50,50,60,168,2,12,14,182
12/08/2016,LNK,NE,ACE,CE,Towers with Radar,7,36,30,21,94,0,4,29,7,40,7,40,59,28,134,34,8,42,176
12/09/2016,LNK,NE,ACE,CE,Towers with Radar,7,19,29,9,64,0,1,23,3,27,7,20,52,12,91,62,0,62,153
12/10/2016,LNK,NE,ACE,CE,Towers with Radar,5,16,11,4,36,0,0,29,3,32,5,16,40,7,68,85,0,85,153
12/11/2016,LNK,NE,ACE,CE,Towers with Radar,5,14,25,3,47,0,0,14,5,19,5,14,39,8,66,2,0,2,68
12/12/2016,LNK,NE,ACE,CE,Towers with Radar,6,26,34,14,80,0,2,42,0,44,6,28,76,14,124,52,18,70,194
12/13/2016,LNK,NE,ACE,CE,Towers with Radar,5,25,21,11,62,0,4,36,2,42,5,29,57,13,104,46,0,46,150
12/14/2016,LNK,NE,ACE,CE,Towers with Radar,8,22,25,15,70,0,0,22,11,33,8,22,47,26,103,58,8,66,169
12/15/2016,LNK,NE,ACE,CE,Towers with Radar,7,27,28,14,76,0,2,21,8,31,7,29,49,22,107,26,6,32,139
12/16/2016,LNK,NE,ACE,CE,Towers with Radar,5,17,14,2,38,0,0,0,0,0,5,17,14,2,38,6,0,6,44
12/17/2016,LNK,NE,ACE,CE,Towers with Radar,1,14,12,0,27,0,0,0,0,0,1,14,12,0,27,0,0,0,27
12/18/2016,LNK,NE,ACE,CE,Towers with Radar,2,21,37,0,60,0,1,3,0,4,2,22,40,0,64,0,0,0,64
12/19/2016,LNK,NE,ACE,CE,Towers with Radar,2,31,28,10,71,0,2,17,0,19,2,33,45,10,90,26,14,40,130
12/20/2016,LNK,NE,ACE,CE,Towers with Radar,3,25,36,12,76,0,3,64,7,74,3,28,100,19,150,102,2,104,254
12/21/2016,LNK,NE,ACE,CE,Towers with Radar,3,28,20,5,56,0,1,22,8,31,3,29,42,13,87,32,2,34,121
12/22/2016,LNK,NE,ACE,CE,Towers with Radar,3,40,26,36,105,0,4,67,8,79,3,44,93,44,184,28,10,38,222
12/23/2016,LNK,NE,ACE,CE,Towers with Radar,3,26,13,1,43,0,2,4,0,6,3,28,17,1,49,2,0,2,51
12/24/2016,LNK,NE,ACE,CE,Towers with Radar,2,25,20,0,47,0,1,19,1,21,2,26,39,1,68,40,0,40,108
12/25/2016,LNK,NE,ACE,CE,Towers with Radar,3,13,0,0,16,0,0,0,0,0,3,13,0,0,16,0,0,0,16
12/26/2016,LNK,NE,ACE,CE,Towers with Radar,4,31,24,0,59,0,2,9,0,11,4,33,33,0,70,0,0,0,70
12/27/2016,LNK,NE,ACE,CE,Towers with Radar,7,28,27,2,64,0,5,34,0,39,7,33,61,2,103,42,0,42,145
12/28/2016,LNK,NE,ACE,CE,Towers with Radar,3,27,29,25,84,0,10,40,9,59,3,37,69,34,143,8,2,10,153
12/29/2016,LNK,NE,ACE,CE,Towers with Radar,4,22,20,6,52,0,5,9,3,17,4,27,29,9,69,10,0,10,79
12/30/2016,LNK,NE,ACE,CE,Towers with Radar,3,28,22,12,65,0,6,44,2,52,3,34,66,14,117,40,10,50,167
12/31/2016,LNK,NE,ACE,CE,Towers with Radar,1,18,10,0,29,0,1,36,0,37,1,19,46,0,66,88,0,88,154
01/01/2017,LNK,NE,ACE,CE,Towers with Radar,5,16,18,0,39,0,3,19,2,24,5,19,37,2,63,38,0,38,101
01/02/2017,LNK,NE,ACE,CE,Towers with Radar,3,19,12,0,34,0,0,0,0,0,3,19,12,0,34,0,0,0,34
01/03/2017,LNK,NE,ACE,CE,Towers with Radar,2,40,37,5,84,0,2,11,0,13,2,42,48,5,97,4,0,4,101
01/04/2017,LNK,NE,ACE,CE,Towers with Radar,2,24,20,10,56,0,1,15,5,21,2,25,35,15,77,26,2,28,105
01/05/2017,LNK,NE,ACE,CE,Towers with Radar,4,20,44,14,82,0,2,6,10,18,4,22,50,24,100,28,18,46,146
01/06/2017,LNK,NE,ACE,CE,Towers with Radar,3,26,32,26,87,1,2,20,3,26,4,28,52,29,113,14,6,20,133
01/07/2017,LNK,NE,ACE,CE,Towers with Radar,2,16,28,0,46,0,0,45,3,48,2,16,73,3,94,42,0,42,136
01/08/2017,LNK,NE,ACE,CE,Towers with Radar,0,32,10,13,55,0,0,23,1,24,0,32,33,14,79,4,10,14,93
01/09/2017,LNK,NE,ACE,CE,Towers with Radar,1,30,26,14,71,0,3,24,4,31,1,33,50,18,102,22,36,58,160
01/10/2017,LNK,NE,ACE,CE,Towers with Radar,1,26,35,3,65,0,3,27,2,32,1,29,62,5,97,4,0,4,101
01/11/2017,LNK,NE,ACE,CE,Towers with Radar,2,18,9,34,63,0,0,8,6,14,2,18,17,40,77,0,20,20,97
01/12/2017,LNK,NE,ACE,CE,Towers with Radar,2,23,43,25,93,0,4,26,12,42,2,27,69,37,135,8,10,18,153
01/13/2017,LNK,NE,ACE,CE,Towers with Radar,3,22,45,1,71,0,0,31,0,31,3,22,76,1,102,40,0,40,142
01/14/2017,LNK,NE,ACE,CE,Towers with Radar,4,17,25,0,46,0,3,41,2,46,4,20,66,2,92,48,0,48,140
01/15/2017,LNK,NE,ACE,CE,Towers with Radar,0,17,2,0,19,0,0,0,0,0,0,17,2,0,19,0,0,0,19
01/16/2017,LNK,NE,ACE,CE,Towers with Radar,1,11,2,0,14,0,0,0,0,0,1,11,2,0,14,0,0,0,14
01/17/2017,LNK,NE,ACE,CE,Towers with Radar,2,28,31,12,73,0,2,15,0,17,2,30,46,12,90,34,2,36,126
01/18/2017,LNK,NE,ACE,CE,Towers with Radar,5,27,39,36,107,0,4,35,5,44,5,31,74,41,151,62,8,70,221
01/19/2017,LNK,NE,ACE,CE,Towers with Radar,3,28,40,5,76,0,0,0,0,0,3,28,40,5,76,0,0,0,76
01/20/2017,LNK,NE,ACE,CE,Towers with Radar,4,23,21,4,52,0,0,0,0,0,4,23,21,4,52,0,0,0,52
01/21/2017,LNK,NE,ACE,CE,Towers with Radar,4,15,19,35,73,0,4,72,16,92,4,19,91,51,165,68,22,90,255
01/22/2017,LNK,NE,ACE,CE,Towers with Radar,1,26,29,9,65,0,0,5,2,7,1,26,34,11,72,0,12,12,84
01/23/2017,LNK,NE,ACE,CE,Towers with Radar,1,28,32,37,98,0,0,18,1,19,1,28,50,38,117,14,2,16,133
01/24/2017,LNK,NE,ACE,CE,Towers with Radar,1,24,9,5,39,0,0,0,0,0,1,24,9,5,39,0,0,0,39
01/25/2017,LNK,NE,ACE,CE,Towers with Radar,1,23,38,2,64,0,0,2,1,3,1,23,40,3,67,0,0,0,67
01/26/2017,LNK,NE,ACE,CE,Towers with Radar,3,33,21,48,105,0,1,20,14,35,3,34,41,62,140,24,34,58,198
01/27/2017,LNK,NE,ACE,CE,Towers with Radar,3,32,34,7,76,0,5,39,2,46,3,37,73,9,122,36,0,36,158
01/28/2017,LNK,NE,ACE,CE,Towers with Radar,5,17,15,1,38,0,7,33,1,41,5,24,48,2,79,10,0,10,89
01/29/2017,LNK,NE,ACE,CE,Towers with Radar,3,20,16,0,39,0,2,33,6,41,3,22,49,6,80,20,0,20,100
01/30/2017,LNK,NE,ACE,CE,Towers with Radar,1,29,26,15,71,0,3,30,0,33,1,32,56,15,104,0,6,6,110
01/31/2017,LNK,NE,ACE,CE,Towers with Radar,1,29,29,17,76,0,4,54,4,62,1,33,83,21,138,64,22,86,224
02/01/2017,LNK,NE,ACE,CE,Towers with Radar,3,31,40,26,100,0,0,20,7,27,3,31,60,33,127,44,6,50,177
02/02/2017,LNK,NE,ACE,CE,Towers with Radar,5,29,25,26,85,0,5,35,4,44,5,34,60,30,129,76,14,90,219
02/03/2017,LNK,NE,ACE,CE,Towers with Radar,3,21,30,7,61,0,2,40,12,54,3,23,70,19,115,26,0,26,141
02/04/2017,LNK,NE,ACE,CE,Towers with Radar,5,19,10,23,57,0,3,30,13,46,5,22,40,36,103,18,2,20,123
02/05/2017,LNK,NE,ACE,CE,Towers with Radar,1,23,9,9,42,0,5,54,11,70,1,28,63,20,112,68,4,72,184
02/06/2017,LNK,NE,ACE,CE,Towers with Radar,1,26,51,6,84,0,0,1,0,1,1,26,52,6,85,0,0,0,85
02/07/2017,LNK,NE,ACE,CE,Towers with Radar,2,28,41,29,100,0,2,13,2,17,2,30,54,31,117,0,4,4,121
02/08/2017,LNK,NE,ACE,CE,Towers with Radar,2,24,31,12,69,0,0,10,3,13,2,24,41,15,82,30,0,30,112
02/09/2017,LNK,NE,ACE,CE,Towers with Radar,2,39,36,30,107,0,2,33,9,44,2,41,69,39,151,54,22,76,227
02/10/2017,LNK,NE,ACE,CE,Towers with Radar,3,27,32,25,87,0,6,67,4,77,3,33,99,29,164,54,10,64,228
02/11/2017,LNK,NE,ACE,CE,Towers with Radar,2,16,16,4,38,0,1,42,6,49,2,17,58,10,87,68,0,68,155
02/12/2017,LNK,NE,ACE,CE,Towers with Radar,1,20,15,0,36,0,5,37,3,45,1,25,52,3,81,22,0,22,103
02/13/2017,LNK,NE,ACE,CE,Towers with Radar,3,30,29,5,67,0,0,30,0,30,3,30,59,5,97,34,0,34,131
02/14/2017,LNK,NE,ACE,CE,Towers with Radar,1,34,27,13,75,0,1,40,11,52,1,35,67,24,127,28,22,50,177
02/15/2017,LNK,NE,ACE,CE,Towers with Radar,1,30,32,32,95,0,0,53,6,59,1,30,85,38,154,44,6,50,204
02/16/2017,LNK,NE,ACE,CE,Towers with Radar,3,28,46,15,92,0,0,71,13,84,3,28,117,28,176,56,6,62,238
02/17/2017,LNK,NE,ACE,CE,Towers with Radar,4,28,43,7,82,0,0,76,0,76,4,28,119,7,158,70,4,74,232
02/18/2017,LNK,NE,ACE,CE,Towers with Radar,3,17,23,0,43,0,1,96,1,98,3,18,119,1,141,102,0,102,243
02/19/2017,LNK,NE,ACE,CE,Towers with Radar,3,23,22,1,49,0,2,35,5,42,3,25,57,6,91,8,0,8,99
02/20/2017,LNK,NE,ACE,CE,Towers with Radar,2,29,36,1,68,0,0,19,4,23,2,29,55,5,91,12,0,12,103
02/21/2017,LNK,NE,ACE,CE,Towers with Radar,4,37,31,43,115,0,6,37,6,49,4,43,68,49,164,42,14,56,220
02/22/2017,LNK,NE,ACE,CE,Towers with Radar,6,30,32,45,113,0,3,49,13,65,6,33,81,58,178,44,42,86,264
02/23/2017,LNK,NE,ACE,CE,Towers with Radar,2,20,22,7,51,0,0,1,0,1,2,20,23,7,52,0,0,0,52
02/24/2017,LNK,NE,ACE,CE,Towers with Radar,3,22,8,4,37,0,2,1,0,3,3,24,9,4,40,0,0,0,40
02/25/2017,LNK,NE,ACE,CE,Towers with Radar,5,25,20,1,51,0,2,40,5,47,5,27,60,6,98,36,0,36,134
02/26/2017,LNK,NE,ACE,CE,Towers with Radar,3,42,35,5,85,0,3,42,3,48,3,45,77,8,133,80,0,80,213
02/27/2017,LNK,NE,ACE,CE,Towers with Radar,6,39,29,28,102,0,2,27,3,32,6,41,56,31,134,16,6,22,156
02/28/2017,LNK,NE,ACE,CE,Towers with Radar,4,25,32,53,114,0,0,13,1,14,4,25,45,54,128,0,10,10,138
03/01/2017,LNK,NE,ACE,CE,Towers with Radar,3,34,37,25,99,0,0,14,6,20,3,34,51,31,119,0,14,14,133
03/02/2017,LNK,NE,ACE,CE,Towers with Radar,4,38,27,27,96,0,3,15,8,26,4,41,42,35,122,58,22,80,202
03/03/2017,LNK,NE,ACE,CE,Towers with Radar,3,33,30,19,85,0,5,21,10,36,3,38,51,29,121,20,4,24,145
03/04/2017,LNK,NE,ACE,CE,Towers with Radar,4,17,25,9,55,0,3,66,9,78,4,20,91,18,133,66,6,72,205
03/05/2017,LNK,NE,ACE,CE,Towers with Radar,2,33,18,2,55,0,2,28,3,33,2,35,46,5,88,12,0,12,100
03/06/2017,LNK,NE,ACE,CE,Towers with Radar,23,20,15,10,68,0,0,0,1,1,23,20,15,11,69,0,0,0,69
03/07/2017,LNK,NE,ACE,CE,Towers with Radar,6,32,39,10,87,0,2,4,4,10,6,34,43,14,97,4,12,16,113
03/08/2017,LNK,NE,ACE,CE,Towers with Radar,2,29,40,35,106,0,0,60,11,71,2,29,100,46,177,64,6,70,247
03/09/2017,LNK,NE,ACE,CE,Towers with Radar,6,32,43,21,102,0,4,51,10,65,6,36,94,31,167,22,4,26,193
03/10/2017,LNK,NE,ACE,CE,Towers with Radar,2,31,35,24,92,0,5,39,1,45,2,36,74,25,137,30,22,52,189
03/11/2017,LNK,NE,ACE,CE,Towers with Radar,2,22,6,0,30,0,1,20,1,22,2,23,26,1,52,74,0,74,126
03/12/2017,LNK,NE,ACE,CE,Towers with Radar,4,27,18,0,49,0,3,13,1,17,4,30,31,1,66,28,0,28,94
03/13/2017,LNK,NE,ACE,CE,Towers with Radar,5,28,28,25,86,0,1,3,2,6,5,29,31,27,92,54,8,62,154
03/14/2017,LNK,NE,ACE,CE,Towers with Radar,2,27,13,31,73,0,0,9,1,10,2,27,22,32,83,48,32,80,163
03/15/2017,LNK,NE,ACE,CE,Towers with Radar,2,33,41,37,113,0,9,26,5,40,2,42,67,42,153,34,8,42,195
03/16/2017,LNK,NE,ACE,CE,Towers with Radar,3,29,46,46,124,0,1,63,9,73,3,30,109,55,197,68,38,106,303
03/17/2017,LNK,NE,ACE,CE,Towers with Radar,4,31,40,15,90,0,3,60,3,66,4,34,100,18,156,8,22,30,186
03/18/2017,LNK,NE,ACE,CE,Towers with Radar,2,25,16,0,43,0,1,76,0,77,2,26,92,0,120,120,0,120,240
03/19/2017,LNK,NE,ACE,CE,Towers with Radar,3,28,22,2,55,0,2,53,2,57,3,30,75,4,112,14,12,26,138
03/20/2017,LNK,NE,ACE,CE,Towers with Radar,3,33,13,15,64,0,1,39,1,41,3,34,52,16,105,44,20,64,169
03/21/2017,LNK,NE,ACE,CE,Towers with Radar,3,34,31,48,116,0,5,15,2,22,3,39,46,50,138,10,2,12,150
03/22/2017,LNK,NE,ACE,CE,Towers with Radar,2,25,35,28,90,0,7,49,7,63,2,32,84,35,153,54,8,62,215
03/23/2017,LNK,NE,ACE,CE,Towers with Radar,3,27,30,37,97,0,2,5,5,12,3,29,35,42,109,6,14,20,129
03/24/2017,LNK,NE,ACE,CE,Towers with Radar,2,35,34,11,82,0,0,0,0,0,2,35,34,11,82,0,0,0,82
03/25/2017,LNK,NE,ACE,CE,Towers with Radar,3,19,29,0,51,0,0,0,0,0,3,19,29,0,51,0,0,0,51
03/26/2017,LNK,NE,ACE,CE,Towers with Radar,4,21,28,1,54,0,0,2,0,2,4,21,30,1,56,0,0,0,56
03/27/2017,LNK,NE,ACE,CE,Towers with Radar,5,24,50,5,84,0,6,34,2,42,5,30,84,7,126,98,2,100,226
03/28/2017,LNK,NE,ACE,CE,Towers with Radar,2,27,66,31,126,0,0,20,3,23,2,27,86,34,149,86,0,86,235
03/29/2017,LNK,NE,ACE,CE,Towers with Radar,3,28,24,6,61,0,0,0,0,0,3,28,24,6,61,0,0,0,61
03/30/2017,LNK,NE,ACE,CE,Towers with Radar,4,26,42,26,98,0,0,0,2,2,4,26,42,28,100,0,0,0,100
03/31/2017,LNK,NE,ACE,CE,Towers with Radar,2,23,58,16,99,0,0,30,7,37,2,23,88,23,136,42,2,44,180
04/01/2017,LNK,NE,ACE,CE,Towers with Radar,4,16,22,12,54,0,0,10,8,18,4,16,32,20,72,0,16,16,88
04/02/2017,LNK,NE,ACE,CE,Towers with Radar,4,22,22,1,49,0,0,0,0,0,4,22,22,1,49,0,0,0,49
04/03/2017,LNK,NE,ACE,CE,Towers with Radar,3,29,32,17,81,0,2,16,0,18,3,31,48,17,99,54,10,64,163
04/04/2017,LNK,NE,ACE,CE,Towers with Radar,2,31,17,39,89,0,2,38,0,40,2,33,55,39,129,132,22,154,283
04/05/2017,LNK,NE,ACE,CE,Towers with Radar,1,28,25,27,81,0,2,29,10,41,1,30,54,37,122,54,20,74,196
04/06/2017,LNK,NE,ACE,CE,Towers with Radar,3,34,37,30,104,0,2,64,5,71,3,36,101,35,175,76,16,92,267
04/07/2017,LNK,NE,ACE,CE,Towers with Radar,2,32,38,62,134,0,0,42,9,51,2,32,80,71,185,66,26,92,277
04/08/2017,LNK,NE,ACE,CE,Towers with Radar,3,28,21,6,58,0,4,76,10,90,3,32,97,16,148,12,0,12,160
04/09/2017,LNK,NE,ACE,CE,Towers with Radar,3,24,29,10,66,0,2,42,2,46,3,26,71,12,112,14,2,16,128
04/10/2017,LNK,NE,ACE,CE,Towers with Radar,5,37,30,25,97,0,4,15,0,19,5,41,45,25,116,12,4,16,132
04/11/2017,LNK,NE,ACE,CE,Towers with Radar,2,27,37,24,90,0,1,64,1,66,2,28,101,25,156,68,40,108,264
04/12/2017,LNK,NE,ACE,CE,Towers with Radar,3,38,23,10,74,0,0,16,6,22,3,38,39,16,96,20,0,20,116
04/13/2017,LNK,NE,ACE,CE,Towers with Radar,3,42,33,18,96,0,0,56,10,66,3,42,89,28,162,52,48,100,262
04/14/2017,LNK,NE,ACE,CE,Towers with Radar,4,34,36,8,82,0,0,4,2,6,4,34,40,10,88,6,0,6,94
04/15/2017,LNK,NE,ACE,CE,Towers with Radar,4,14,16,1,35,0,2,59,0,61,4,16,75,1,96,38,0,38,134
04/16/2017,LNK,NE,ACE,CE,Towers with Radar,4,30,15,3,52,0,2,33,0,35,4,32,48,3,87,10,0,10,97
04/17/2017,LNK,NE,ACE,CE,Towers with Radar,3,43,32,13,91,0,10,65,1,76,3,53,97,14,167,134,8,142,309
04/18/2017,LNK,NE,ACE,CE,Towers with Radar,3,32,36,22,93,0,1,17,3,21,3,33,53,25,114,20,10,30,144
04/19/2017,LNK,NE,ACE,CE,Towers with Radar,3,35,28,29,95,0,0,4,1,5,3,35,32,30,100,22,12,34,134
04/20/2017,LNK,NE,ACE,CE,Towers with Radar,3,37,32,13,85,0,5,46,5,56,3,42,78,18,141,94,4,98,239
04/21/2017,LNK,NE,ACE,CE,Towers with Radar,3,29,26,10,68,0,2,43,4,49,3,31,69,14,117,46,2,48,165
04/22/2017,LNK,NE,ACE,CE,Towers with Radar,4,17,16,5,42,0,4,52,1,57,4,21,68,6,99,76,0,76,175
04/23/2017,LNK,NE,ACE,CE,Towers with Radar,3,28,15,8,54,0,1,44,1,46,3,29,59,9,100,10,0,10,110
04/24/2017,LNK,NE,ACE,CE,Towers with Radar,3,29,26,2,60,0,2,17,2,21,3,31,43,4,81,6,0,6,87
04/25/2017,LNK,NE,ACE,CE,Towers with Radar,2,41,29,9,81,0,0,9,2,11,2,41,38,11,92,16,2,18,110
04/26/2017,LNK,NE,ACE,CE,Towers with Radar,2,25,26,6,59,0,0,19,5,24,2,25,45,11,83,28,0,28,111
04/27/2017,LNK,NE,ACE,CE,Towers with Radar,5,36,43,4,88,0,7,48,3,58,5,43,91,7,146,56,0,56,202
04/28/2017,LNK,NE,ACE,CE,Towers with Radar,3,34,21,5,63,0,0,1,0,1,3,34,22,5,64,0,0,0,64
04/29/2017,LNK,NE,ACE,CE,Towers with Radar,6,16,7,6,35,0,0,4,0,4,6,16,11,6,39,0,0,0,39
04/30/2017,LNK,NE,ACE,CE,Towers with Radar,5,25,3,0,33,0,0,0,0,0,5,25,3,0,33,0,0,0,33
05/01/2017,LNK,NE,ACE,CE,Towers with Radar,9,39,20,8,76,0,0,10,1,11,9,39,30,9,87,8,8,16,103
05/02/2017,LNK,NE,ACE,CE,Towers with Radar,2,31,28,17,78,0,4,61,1,66,2,35,89,18,144,100,14,114,258
05/03/2017,LNK,NE,ACE,CE,Towers with Radar,3,30,40,14,87,0,0,15,6,21,3,30,55,20,108,34,14,48,156
05/04/2017,LNK,NE,ACE,CE,Towers with Radar,4,45,45,20,114,0,5,33,8,46,4,50,78,28,160,22,10,32,192
05/05/2017,LNK,NE,ACE,CE,Towers with Radar,5,24,32,27,88,0,0,73,1,74,5,24,105,28,162,50,6,56,218
05/06/2017,LNK,NE,ACE,CE,Towers with Radar,7,15,17,10,49,0,4,75,9,88,7,19,92,19,137,36,0,36,173
05/07/2017,LNK,NE,ACE,CE,Towers with Radar,6,26,25,14,71,0,3,56,0,59,6,29,81,14,130,34,10,44,174
05/08/2017,LNK,NE,ACE,CE,Towers with Radar,6,26,19,8,59,0,4,31,0,35,6,30,50,8,94,18,2,20,114
05/09/2017,LNK,NE,ACE,CE,Towers with Radar,4,32,23,14,73,0,15,47,2,64,4,47,70,16,137,112,4,116,253
05/10/2017,LNK,NE,ACE,CE,Towers with Radar,4,28,23,28,83,0,0,1,3,4,4,28,24,31,87,0,0,0,87
05/11/2017,LNK,NE,ACE,CE,Towers with Radar,5,30,34,21,90,0,0,31,4,35,5,30,65,25,125,40,14,54,179
05/12/2017,LNK,NE,ACE,CE,Towers with Radar,5,33,33,12,83,0,13,71,7,91,5,46,104,19,174,90,12,102,276
05/13/2017,LNK,NE,ACE,CE,Towers with Radar,7,14,18,1,40,0,1,61,0,62,7,15,79,1,102,44,0,44,146
05/14/2017,LNK,NE,ACE,CE,Towers with Radar,5,29,18,0,52,0,3,29,5,37,5,32,47,5,89,6,0,6,95
05/15/2017,LNK,NE,ACE,CE,Towers with Radar,5,32,18,11,66,0,3,40,5,48,5,35,58,16,114,40,8,48,162
05/16/2017,LNK,NE,ACE,CE,Towers with Radar,4,27,40,5,76,0,0,15,1,16,4,27,55,6,92,6,4,10,102
05/17/2017,LNK,NE,ACE,CE,Towers with Radar,4,23,15,7,49,0,0,3,9,12,4,23,18,16,61,10,0,10,71
05/18/2017,LNK,NE,ACE,CE,Towers with Radar,5,32,32,5,74,0,3,12,11,26,5,35,44,16,100,54,0,54,154
05/19/2017,LNK,NE,ACE,CE,Towers with Radar,5,26,21,5,57,0,0,0,6,6,5,26,21,11,63,0,0,0,63
05/20/2017,LNK,NE,ACE,CE,Towers with Radar,7,15,21,2,45,0,1,13,0,14,7,16,34,2,59,14,0,14,73
05/21/2017,LNK,NE,ACE,CE,Towers with Radar,5,22,33,0,60,0,4,45,0,49,5,26,78,0,109,22,0,22,131
05/22/2017,LNK,NE,ACE,CE,Towers with Radar,6,29,19,9,63,0,0,28,1,29,6,29,47,10,92,50,0,50,142
05/23/2017,LNK,NE,ACE,CE,Towers with Radar,4,28,28,16,76,0,2,29,4,35,4,30,57,20,111,28,22,50,161
05/24/2017,LNK,NE,ACE,CE,Towers with Radar,8,27,49,15,99,0,2,67,2,71,8,29,116,17,170,70,2,72,242
05/25/2017,LNK,NE,ACE,CE,Towers with Radar,5,38,29,2,74,0,2,49,2,53,5,40,78,4,127,44,2,46,173
05/26/2017,LNK,NE,ACE,CE,Towers with Radar,5,32,21,2,60,0,2,70,0,72,5,34,91,2,132,52,0,52,184
05/27/2017,LNK,NE,ACE,CE,Towers with Radar,7,15,13,1,36,0,6,26,5,37,7,21,39,6,73,24,0,24,97
05/28/2017,LNK,NE,ACE,CE,Towers with Radar,5,19,18,0,42,0,3,36,0,39,5,22,54,0,81,4,0,4,85
05/29/2017,LNK,NE,ACE,CE,Towers with Radar,5,23,13,0,41,0,6,60,0,66,5,29,73,0,107,52,0,52,159
05/30/2017,LNK,NE,ACE,CE,Towers with Radar,2,25,16,8,51,0,3,54,3,60,2,28,70,11,111,80,8,88,199
05/31/2017,LNK,NE,ACE,CE,Towers with Radar,6,24,21,25,76,0,7,50,10,67,6,31,71,35,143,42,10,52,195
06/01/2017,LNK,NE,ACE,CE,Towers with Radar,5,26,19,32,82,0,1,56,5,62,5,27,75,37,144,56,18,74,218
06/02/2017,LNK,NE,ACE,CE,Towers with Radar,5,35,29,37,106,0,2,68,3,73,5,37,97,40,179,26,20,46,225
06/03/2017,LNK,NE,ACE,CE,Towers with Radar,7,17,12,22,58,0,4,59,3,66,7,21,71,25,124,71,60,131,255
06/04/2017,LNK,NE,ACE,CE,Towers with Radar,7,27,27,17,78,0,2,46,6,54,7,29,73,23,132,46,18,64,196
06/05/2017,LNK,NE,ACE,CE,Towers with Radar,6,31,21,2,60,0,0,50,0,50,6,31,71,2,110,80,0,80,190
06/06/2017,LNK,NE,ACE,CE,Towers with Radar,4,31,28,10,73,0,2,44,7,53,4,33,72,17,126,84,8,92,218
06/07/2017,LNK,NE,ACE,CE,Towers with Radar,4,32,31,12,79,0,0,46,7,53,4,32,77,19,132,50,6,56,188
06/08/2017,LNK,NE,ACE,CE,Towers with Radar,3,30,36,21,90,0,3,61,7,71,3,33,97,28,161,104,4,108,269
06/09/2017,LNK,NE,ACE,CE,Towers with Radar,3,28,46,9,86,0,3,38,5,46,3,31,84,14,132,46,0,46,178
06/10/2017,LNK,NE,ACE,CE,Towers with Radar,4,24,15,0,43,0,2,17,2,21,4,26,32,2,64,0,0,0,64
06/11/2017,LNK,NE,ACE,CE,Towers with Radar,4,26,19,13,62,0,2,28,0,30,4,28,47,13,92,6,0,6,98
06/12/2017,LNK,NE,ACE,CE,Towers with Radar,3,36,17,10,66,0,0,9,2,11,3,36,26,12,77,16,4,20,97
06/13/2017,LNK,NE,ACE,CE,Towers with Radar,2,21,29,15,67,0,9,19,3,31,2,30,48,18,98,8,8,16,114
06/14/2017,LNK,NE,ACE,CE,Towers with Radar,2,26,26,10,64,0,0,50,7,57,2,26,76,17,121,32,0,32,153
06/15/2017,LNK,NE,ACE,CE,Towers with Radar,2,29,33,14,78,0,6,65,8,79,2,35,98,22,157,54,0,54,211
06/16/2017,LNK,NE,ACE,CE,Towers with Radar,3,32,38,10,83,0,0,34,4,38,3,32,72,14,121,40,0,40,161
06/17/2017,LNK,NE,ACE,CE,Towers with Radar,2,23,12,5,42,0,2,29,3,34,2,25,41,8,76,4,0,4,80
06/18/2017,LNK,NE,ACE,CE,Towers with Radar,3,24,46,0,73,0,0,41,0,41,3,24,87,0,114,62,0,62,176
06/19/2017,LNK,NE,ACE,CE,Towers with Radar,3,27,25,18,73,0,2,46,7,55,3,29,71,25,128,50,16,66,194
06/20/2017,LNK,NE,ACE,CE,Towers with Radar,2,30,28,16,76,0,0,44,1,45,2,30,72,17,121,28,22,50,171
06/21/2017,LNK,NE,ACE,CE,Towers with Radar,2,28,39,42,111,0,2,25,12,39,2,30,64,54,150,0,16,16,166
06/22/2017,LNK,NE,ACE,CE,Towers with Radar,2,28,39,24,93,0,0,47,2,49,2,28,86,26,142,42,22,64,206
06/23/2017,LNK,NE,ACE,CE,Towers with Radar,3,26,32,27,88,0,0,44,1,45,3,26,76,28,133,34,12,46,179
06/24/2017,LNK,NE,ACE,CE,Towers with Radar,5,22,29,5,61,0,1,72,2,75,5,23,101,7,136,30,0,30,166
06/25/2017,LNK,NE,ACE,CE,Towers with Radar,4,23,35,11,73,0,0,43,0,43,4,23,78,11,116,50,2,52,168
06/26/2017,LNK,NE,ACE,CE,Towers with Radar,3,27,36,4,70,0,0,31,0,31,3,27,67,4,101,48,0,48,149
06/27/2017,LNK,NE,ACE,CE,Towers with Radar,2,33,50,34,119,0,1,28,4,33,2,34,78,38,152,36,18,54,206
06/28/2017,LNK,NE,ACE,CE,Towers with Radar,2,31,55,13,101,0,1,30,4,35,2,32,85,17,136,54,0,54,190
06/29/2017,LNK,NE,ACE,CE,Towers with Radar,3,30,21,21,75,0,1,21,8,30,3,31,42,29,105,52,8,60,165
06/30/2017,LNK,NE,ACE,CE,Towers with Radar,3,30,51,20,104,0,4,46,3,53,3,34,97,23,157,64,16,80,237
07/01/2017,LNK,NE,ACE,CE,Towers with Radar,4,22,32,0,58,0,0,49,0,49,4,22,81,0,107,44,0,44,151
07/02/2017,LNK,NE,ACE,CE,Towers with Radar,5,16,9,0,30,0,1,11,0,12,5,17,20,0,42,30,0,30,72
07/03/2017,LNK,NE,ACE,CE,Towers with Radar,4,29,15,0,48,0,1,35,0,36,4,30,50,0,84,18,0,18,102
07/04/2017,LNK,NE,ACE,CE,Towers with Radar,5,14,16,1,36,0,0,33,1,34,5,14,49,2,70,39,0,39,109
07/05/2017,LNK,NE,ACE,CE,Towers with Radar,4,35,30,30,99,0,1,55,1,57,4,36,85,31,156,68,22,90,246
07/06/2017,LNK,NE,ACE,CE,Towers with Radar,5,44,37,48,134,0,0,48,8,56,5,44,85,56,190,38,10,48,238
07/07/2017,LNK,NE,ACE,CE,Towers with Radar,4,32,27,43,106,0,2,38,1,41,4,34,65,44,147,26,8,34,181
07/08/2017,LNK,NE,ACE,CE,Towers with Radar,3,23,24,0,50,0,2,55,0,57,3,25,79,0,107,32,0,32,139
07/09/2017,LNK,NE,ACE,CE,Towers with Radar,5,21,17,3,46,0,1,36,0,37,5,22,53,3,83,48,0,48,131
07/10/2017,LNK,NE,ACE,CE,Towers with Radar,5,34,36,8,83,0,2,41,0,43,5,36,77,8,126,36,2,38,164
07/11/2017,LNK,NE,ACE,CE,Towers with Radar,4,31,26,21,82,0,2,52,10,64,4,33,78,31,146,20,8,28,174
07/12/2017,LNK,NE,ACE,CE,Towers with Radar,8,22,20,18,68,0,2,34,7,43,8,24,54,25,111,44,8,52,163
07/13/2017,LNK,NE,ACE,CE,Towers with Radar,4,39,36,26,105,0,1,30,1,32,4,40,66,27,137,74,16,90,227
07/14/2017,LNK,NE,ACE,CE,Towers with Radar,5,25,45,28,103,0,2,48,1,51,5,27,93,29,154,48,10,58,212
07/15/2017,LNK,NE,ACE,CE,Towers with Radar,5,17,18,0,40,0,2,50,0,52,5,19,68,0,92,22,0,22,114
07/16/2017,LNK,NE,ACE,CE,Towers with Radar,5,38,26,0,69,0,3,42,0,45,5,41,68,0,114,62,0,62,176
07/17/2017,LNK,NE,ACE,CE,Towers with Radar,4,28,31,16,79,0,2,56,3,61,4,30,87,19,140,26,8,34,174
07/18/2017,LNK,NE,ACE,CE,Towers with Radar,4,22,32,0,58,0,1,35,0,36,4,23,67,0,94,38,0,38,132
07/19/2017,LNK,NE,ACE,CE,Towers with Radar,4,40,34,30,108,0,1,32,0,33,4,41,66,30,141,16,0,16,157
07/20/2017,LNK,NE,ACE,CE,Towers with Radar,5,46,39,29,119,0,7,52,0,59,5,53,91,29,178,26,22,48,226
07/21/2017,LNK,NE,ACE,CE,Towers with Radar,6,21,30,19,76,0,2,39,3,44,6,23,69,22,120,14,12,26,146
07/22/2017,LNK,NE,ACE,CE,Towers with Radar,3,24,32,7,66,0,2,24,4,30,3,26,56,11,96,10,0,10,106
07/23/2017,LNK,NE,ACE,CE,Towers with Radar,5,22,44,2,73,0,3,59,0,62,5,25,103,2,135,40,0,40,175
07/24/2017,LNK,NE,ACE,CE,Towers with Radar,7,25,31,21,84,0,5,64,1,70,7,30,95,22,154,38,2,40,194
07/25/2017,LNK,NE,ACE,CE,Towers with Radar,4,22,29,27,82,0,7,45,7,59,4,29,74,34,141,30,28,58,199
07/26/2017,LNK,NE,ACE,CE,Towers with Radar,4,23,33,23,83,0,0,2,2,4,4,23,35,25,87,0,14,14,101
07/27/2017,LNK,NE,ACE,CE,Towers with Radar,6,31,42,27,106,0,7,63,10,80,6,38,105,37,186,20,14,34,220
07/28/2017,LNK,NE,ACE,CE,Towers with Radar,5,31,35,58,129,0,2,69,4,75,5,33,104,62,204,30,50,80,284
07/29/2017,LNK,NE,ACE,CE,Towers with Radar,3,16,22,0,41,0,0,50,0,50,3,16,72,0,91,38,0,38,129
07/30/2017,LNK,NE,ACE,CE,Towers with Radar,5,23,34,6,68,0,1,44,2,47,5,24,78,8,115,28,0,28,143
07/31/2017,LNK,NE,ACE,CE,Towers with Radar,7,30,48,4,89,0,0,55,2,57,7,30,103,6,146,66,0,66,212
08/01/2017,LNK,NE,ACE,CE,Towers with Radar,4,32,29,41,106,0,0,57,5,62,4,32,86,46,168,54,26,80,248
08/02/2017,LNK,NE,ACE,CE,Towers with Radar,4,30,31,10,75,0,0,50,6,56,4,30,81,16,131,34,18,52,183
08/03/2017,LNK,NE,ACE,CE,Towers with Radar,5,32,39,39,115,0,0,36,7,43,5,32,75,46,158,16,22,38,196
08/04/2017,LNK,NE,ACE,CE,Towers with Radar,6,20,41,21,88,0,4,71,2,77,6,24,112,23,165,32,36,68,233
08/05/2017,LNK,NE,ACE,CE,Towers with Radar,3,21,25,8,57,0,1,17,0,18,3,22,42,8,75,18,0,18,93
08/06/2017,LNK,NE,ACE,CE,Towers with Radar,5,27,41,17,90,0,0,14,2,16,5,27,55,19,106,16,0,16,122
08/07/2017,LNK,NE,ACE,CE,Towers with Radar,5,33,22,22,82,0,2,27,2,31,5,35,49,24,113,66,8,74,187
08/08/2017,LNK,NE,ACE,CE,Towers with Radar,4,28,24,23,79,0,2,44,7,53,4,30,68,30,132,52,22,74,206
08/09/2017,LNK,NE,ACE,CE,Towers with Radar,4,27,34,21,86,0,0,35,7,42,4,27,69,28,128,40,14,54,182
08/10/2017,LNK,NE,ACE,CE,Towers with Radar,5,38,40,48,131,0,0,11,4,15,5,38,51,52,146,42,20,62,208
08/11/2017,LNK,NE,ACE,CE,Towers with Radar,6,35,31,38,110,0,2,75,4,81,6,37,106,42,191,34,28,62,253
08/12/2017,LNK,NE,ACE,CE,Towers with Radar,3,23,24,4,54,0,1,42,5,48,3,24,66,9,102,18,0,18,120
08/13/2017,LNK,NE,ACE,CE,Towers with Radar,5,19,19,6,49,0,2,29,4,35,5,21,48,10,84,34,2,36,120
08/14/2017,LNK,NE,ACE,CE,Towers with Radar,5,31,28,20,84,0,1,25,0,26,5,32,53,20,110,94,8,102,212
08/15/2017,LNK,NE,ACE,CE,Towers with Radar,5,30,38,20,93,0,1,10,1,12,5,31,48,21,105,44,0,44,149
08/16/2017,LNK,NE,ACE,CE,Towers with Radar,4,30,27,13,74,0,0,13,6,19,4,30,40,19,93,22,6,28,121
08/17/2017,LNK,NE,ACE,CE,Towers with Radar,5,31,44,59,139,0,0,66,8,74,5,31,110,67,213,22,12,34,247
08/18/2017,LNK,NE,ACE,CE,Towers with Radar,6,27,38,18,89,0,2,37,2,41,6,29,75,20,130,30,16,46,176
08/19/2017,LNK,NE,ACE,CE,Towers with Radar,5,12,37,8,62,0,1,71,0,72,5,13,108,8,134,25,0,25,159
08/20/2017,LNK,NE,ACE,CE,Towers with Radar,4,26,27,17,74,0,1,44,0,45,4,27,71,17,119,22,0,22,141
08/21/2017,LNK,NE,ACE,CE,Towers with Radar,8,34,68,20,130,0,2,36,7,45,8,36,104,27,175,34,16,50,225
08/22/2017,LNK,NE,ACE,CE,Towers with Radar,4,29,38,28,99,0,0,50,0,50,4,29,88,28,149,36,24,60,209
08/23/2017,LNK,NE,ACE,CE,Towers with Radar,5,25,52,29,111,0,0,75,12,87,5,25,127,41,198,72,32,104,302
08/24/2017,LNK,NE,ACE,CE,Towers with Radar,6,27,55,35,123,0,0,48,6,54,6,27,103,41,177,14,6,20,197
08/25/2017,LNK,NE,ACE,CE,Towers with Radar,7,32,27,40,106,0,2,38,4,44,7,34,65,44,150,46,14,60,210
08/26/2017,LNK,NE,ACE,CE,Towers with Radar,5,13,17,4,39,0,0,59,0,59,5,13,76,4,98,70,0,70,168
08/27/2017,LNK,NE,ACE,CE,Towers with Radar,2,24,22,20,68,0,0,47,1,48,2,24,69,21,116,40,6,46,162
08/28/2017,LNK,NE,ACE,CE,Towers with Radar,4,22,44,54,124,0,0,49,2,51,4,22,93,56,175,56,34,90,265
08/29/2017,LNK,NE,ACE,CE,Towers with Radar,4,23,30,25,82,0,1,47,5,53,4,24,77,30,135,36,8,44,179
08/30/2017,LNK,NE,ACE,CE,Towers with Radar,6,28,27,11,72,0,3,51,0,54,6,31,78,11,126,26,38,64,190
08/31/2017,LNK,NE,ACE,CE,Towers with Radar,5,41,27,26,99,0,1,68,3,72,5,42,95,29,171,68,6,74,245
09/01/2017,LNK,NE,ACE,CE,Towers with Radar,7,24,39,0,70,0,1,44,0,45,7,25,83,0,115,38,0,38,153
09/02/2017,LNK,NE,ACE,CE,Towers with Radar,8,12,40,0,60,0,1,60,1,62,8,13,100,1,122,22,0,22,144
09/03/2017,LNK,NE,ACE,CE,Towers with Radar,5,11,16,0,32,0,1,60,0,61,5,12,76,0,93,94,0,94,187
09/04/2017,LNK,NE,ACE,CE,Towers with Radar,3,25,25,0,53,0,2,42,0,44,3,27,67,0,97,48,0,48,145
09/05/2017,LNK,NE,ACE,CE,Towers with Radar,5,27,32,27,91,0,0,24,6,30,5,27,56,33,121,30,42,72,193
09/06/2017,LNK,NE,ACE,CE,Towers with Radar,4,22,38,38,102,0,0,55,12,67,4,22,93,50,169,42,42,84,253
09/07/2017,LNK,NE,ACE,CE,Towers with Radar,8,31,32,44,115,0,2,41,11,54,8,33,73,55,169,26,32,58,227
09/08/2017,LNK,NE,ACE,CE,Towers with Radar,9,24,41,41,115,0,0,67,7,74,9,24,108,48,189,46,28,74,263
09/09/2017,LNK,NE,ACE,CE,Towers with Radar,5,16,15,3,39,0,0,36,0,36,5,16,51,3,75,36,0,36,111
09/10/2017,LNK,NE,ACE,CE,Towers with Radar,4,23,28,8,63,0,0,28,6,34,4,23,56,14,97,34,0,34,131
09/11/2017,LNK,NE,ACE,CE,Towers with Radar,4,28,17,21,70,0,0,36,1,37,4,28,53,22,107,92,0,92,199
09/12/2017,LNK,NE,ACE,CE,Towers with Radar,5,25,40,42,112,0,4,52,1,57,5,29,92,43,169,56,22,78,247
09/13/2017,LNK,NE,ACE,CE,Towers with Radar,5,24,36,44,109,0,0,51,1,52,5,24,87,45,161,22,48,70,231
09/14/2017,LNK,NE,ACE,CE,Towers with Radar,6,30,43,52,131,0,3,36,2,41,6,33,79,54,172,18,12,30,202
09/15/2017,LNK,NE,ACE,CE,Towers with Radar,9,38,51,28,126,0,2,24,3,29,9,40,75,31,155,14,16,30,185
09/16/2017,LNK,NE,ACE,CE,Towers with Radar,6,23,31,2,62,0,1,11,0,12,6,24,42,2,74,0,0,0,74
09/17/2017,LNK,NE,ACE,CE,Towers with Radar,5,24,37,9,75,0,0,50,3,53,5,24,87,12,128,106,8,114,242
09/18/2017,LNK,NE,ACE,CE,Towers with Radar,6,28,37,5,76,0,0,3,0,3,6,28,40,5,79,0,0,0,79
09/19/2017,LNK,NE,ACE,CE,Towers with Radar,5,26,29,77,137,0,8,19,6,33,5,34,48,83,170,30,42,72,242
09/20/2017,LNK,NE,ACE,CE,Towers with Radar,4,21,38,4,67,0,3,70,5,78,4,24,108,9,145,50,0,50,195
09/21/2017,LNK,NE,ACE,CE,Towers with Radar,6,29,40,29,104,0,0,23,1,24,6,29,63,30,128,36,18,54,182
09/22/2017,LNK,NE,ACE,CE,Towers with Radar,8,39,35,13,95,0,4,20,3,27,8,43,55,16,122,4,0,4,126
09/23/2017,LNK,NE,ACE,CE,Towers with Radar,7,22,27,2,58,0,0,29,2,31,7,22,56,4,89,54,0,54,143
09/24/2017,LNK,NE,ACE,CE,Towers with Radar,4,30,28,0,62,0,0,25,0,25,4,30,53,0,87,14,0,14,101
09/25/2017,LNK,NE,ACE,CE,Towers with Radar,5,25,23,0,53,0,0,0,0,0,5,25,23,0,53,0,0,0,53
09/26/2017,LNK,NE,ACE,CE,Towers with Radar,5,31,38,19,93,0,0,20,4,24,5,31,58,23,117,28,14,42,159
09/27/2017,LNK,NE,ACE,CE,Towers with Radar,4,30,37,38,109,0,1,76,7,84,4,31,113,45,193,26,20,46,239
09/28/2017,LNK,NE,ACE,CE,Towers with Radar,8,33,48,20,109,0,1,72,3,76,8,34,120,23,185,96,12,108,293
09/29/2017,LNK,NE,ACE,CE,Towers with Radar,8,30,34,32,104,0,3,55,1,59,8,33,89,33,163,54,0,54,217
09/30/2017,LNK,NE,ACE,CE,Towers with Radar,5,12,21,3,41,0,7,33,0,40,5,19,54,3,81,15,2,17,98
10/01/2017,LNK,NE,ACE,CE,Towers with Radar,4,27,19,0,50,0,5,17,0,22,4,32,36,0,72,0,0,0,72
10/02/2017,LNK,NE,ACE,CE,Towers with Radar,8,25,33,10,76,0,1,24,0,25,8,26,57,10,101,38,0,38,139
10/03/2017,LNK,NE,ACE,CE,Towers with Radar,6,29,38,33,106,0,3,9,1,13,6,32,47,34,119,0,14,14,133
10/04/2017,LNK,NE,ACE,CE,Towers with Radar,4,31,33,42,110,0,0,39,10,49,4,31,72,52,159,84,14,98,257
10/05/2017,LNK,NE,ACE,CE,Towers with Radar,6,47,17,12,82,0,0,0,0,0,6,47,17,12,82,0,0,0,82
10/06/2017,LNK,NE,ACE,CE,Towers with Radar,7,29,24,6,66,0,0,0,0,0,7,29,24,6,66,0,0,0,66
10/07/2017,LNK,NE,ACE,CE,Towers with Radar,6,18,35,8,67,0,0,38,5,43,6,18,73,13,110,28,0,28,138
10/08/2017,LNK,NE,ACE,CE,Towers with Radar,7,36,43,4,90,0,3,47,0,50,7,39,90,4,140,58,0,58,198
10/09/2017,LNK,NE,ACE,CE,Towers with Radar,6,38,22,0,66,0,4,5,0,9,6,42,27,0,75,6,0,6,81
10/10/2017,LNK,NE,ACE,CE,Towers with Radar,5,32,21,54,112,0,5,27,5,37,5,37,48,59,149,30,8,38,187
10/11/2017,LNK,NE,ACE,CE,Towers with Radar,4,28,33,42,107,0,5,69,12,86,4,33,102,54,193,76,4,80,273
10/12/2017,LNK,NE,ACE,CE,Towers with Radar,6,34,32,73,145,0,2,51,14,67,6,36,83,87,212,40,46,86,298
10/13/2017,LNK,NE,ACE,CE,Towers with Radar,8,42,45,10,105,0,0,21,1,22,8,42,66,11,127,44,2,46,173
10/14/2017,LNK,NE,ACE,CE,Towers with Radar,6,24,30,0,60,0,0,1,2,3,6,24,31,2,63,2,0,2,65
10/15/2017,LNK,NE,ACE,CE,Towers with Radar,9,50,21,11,91,0,5,67,0,72,9,55,88,11,163,48,4,52,215
10/16/2017,LNK,NE,ACE,CE,Towers with Radar,6,29,34,30,99,0,6,58,1,65,6,35,92,31,164,60,20,80,244
10/17/2017,LNK,NE,ACE,CE,Towers with Radar,5,31,29,22,87,0,1,62,6,69,5,32,91,28,156,86,22,108,264
10/18/2017,LNK,NE,ACE,CE,Towers with Radar,5,26,57,49,137,0,0,71,6,77,5,26,128,55,214,70,24,94,308
10/19/2017,LNK,NE,ACE,CE,Towers with Radar,5,42,28,30,105,0,0,73,8,81,5,42,101,38,186,68,42,110,296
10/20/2017,LNK,NE,ACE,CE,Towers with Radar,6,37,27,2,72,0,0,18,5,23,6,37,45,7,95,0,0,0,95
10/21/2017,LNK,NE,ACE,CE,Towers with Radar,6,17,17,6,46,0,1,9,12,22,6,18,26,18,68,6,0,6,74
10/22/2017,LNK,NE,ACE,CE,Towers with Radar,5,30,46,4,85,0,0,80,2,82,5,30,126,6,167,54,0,54,221
10/23/2017,LNK,NE,ACE,CE,Towers with Radar,6,26,30,5,67,0,0,9,0,9,6,26,39,5,76,0,0,0,76
10/24/2017,LNK,NE,ACE,CE,Towers with Radar,6,45,26,36,113,0,0,8,12,20,6,45,34,48,133,12,8,20,153
10/25/2017,LNK,NE,ACE,CE,Towers with Radar,4,37,40,27,108,0,4,60,7,71,4,41,100,34,179,46,8,54,233
10/26/2017,LNK,NE,ACE,CE,Towers with Radar,5,43,28,41,117,0,2,14,5,21,5,45,42,46,138,4,4,8,146
10/27/2017,LNK,NE,ACE,CE,Towers with Radar,9,27,36,20,92,0,3,17,4,24,9,30,53,24,116,10,2,12,128
10/28/2017,LNK,NE,ACE,CE,Towers with Radar,6,13,14,3,36,0,1,48,3,52,6,14,62,6,88,88,0,88,176
10/29/2017,LNK,NE,ACE,CE,Towers with Radar,3,26,12,0,41,0,1,47,0,48,3,27,59,0,89,60,0,60,149
10/30/2017,LNK,NE,ACE,CE,Towers with Radar,3,28,36,2,69,0,2,2,0,4,3,30,38,2,73,4,0,4,77
10/31/2017,LNK,NE,ACE,CE,Towers with Radar,1,27,19,40,87,0,2,7,0,9,1,29,26,40,96,26,10,36,132
11/01/2017,LNK,NE,ACE,CE,Towers with Radar,1,29,35,47,112,0,2,29,8,39,1,31,64,55,151,26,33,59,210
11/02/2017,LNK,NE,ACE,CE,Towers with Radar,5,33,45,49,132,0,2,35,7,44,5,35,80,56,176,90,18,108,284
11/03/2017,LNK,NE,ACE,CE,Towers with Radar,7,39,58,21,125,0,0,56,1,57,7,39,114,22,182,52,28,80,262
11/04/2017,LNK,NE,ACE,CE,Towers with Radar,6,29,45,6,86,0,7,24,10,41,6,36,69,16,127,38,0,38,165
11/05/2017,LNK,NE,ACE,CE,Towers with Radar,7,32,24,4,67,0,2,47,2,51,7,34,71,6,118,26,0,26,144
11/06/2017,LNK,NE,ACE,CE,Towers with Radar,4,34,29,16,83,0,4,38,1,43,4,38,67,17,126,48,2,50,176
11/07/2017,LNK,NE,ACE,CE,Towers with Radar,3,37,36,27,103,0,1,17,2,20,3,38,53,29,123,28,8,36,159
11/08/2017,LNK,NE,ACE,CE,Towers with Radar,4,38,36,81,159,0,0,53,8,61,4,38,89,89,220,6,60,66,286
11/09/2017,LNK,NE,ACE,CE,Towers with Radar,8,35,48,48,139,0,0,52,5,57,8,35,100,53,196,74,24,98,294
11/10/2017,LNK,NE,ACE,CE,Towers with Radar,7,28,28,4,67,0,2,33,0,35,7,30,61,4,102,72,0,72,174
11/11/2017,LNK,NE,ACE,CE,Towers with Radar,6,19,3,0,28,0,0,0,0,0,6,19,3,0,28,6,0,6,34
11/12/2017,LNK,NE,ACE,CE,Towers with Radar,6,30,18,2,56,0,3,58,0,61,6,33,76,2,117,44,12,56,173
11/13/2017,LNK,NE,ACE,CE,Towers with Radar,5,25,25,27,82,0,0,0,0,0,5,25,25,27,82,0,0,0,82
11/14/2017,LNK,NE,ACE,CE,Towers with Radar,3,31,36,18,88,0,0,0,1,1,3,31,36,19,89,0,0,0,89
11/15/2017,LNK,NE,ACE,CE,Towers with Radar,5,28,41,24,98,0,1,54,12,67,5,29,95,36,165,98,2,100,265
11/16/2017,LNK,NE,ACE,CE,Towers with Radar,5,34,31,38,108,0,0,35,8,43,5,34,66,46,151,26,22,48,199
11/17/2017,LNK,NE,ACE,CE,Towers with Radar,7,23,45,43,118,0,0,19,1,20,7,23,64,44,138,38,2,40,178
11/18/2017,LNK,NE,ACE,CE,Towers with Radar,3,18,13,2,36,0,0,7,0,7,3,18,20,2,43,0,0,0,43
11/19/2017,LNK,NE,ACE,CE,Towers with Radar,3,31,34,2,70,0,2,62,0,64,3,33,96,2,134,84,0,84,218
11/20/2017,LNK,NE,ACE,CE,Towers with Radar,5,34,38,13,90,0,2,47,2,51,5,36,85,15,141,18,12,30,171
11/21/2017,LNK,NE,ACE,CE,Towers with Radar,1,41,30,33,105,0,2,21,7,30,1,43,51,40,135,4,4,8,143
11/22/2017,LNK,NE,ACE,CE,Towers with Radar,3,31,25,10,69,0,0,51,0,51,3,31,76,10,120,44,0,44,164
11/23/2017,LNK,NE,ACE,CE,Towers with Radar,3,16,5,0,24,0,4,26,0,30,3,20,31,0,54,12,0,12,66
11/24/2017,LNK,NE,ACE,CE,Towers with Radar,2,17,40,1,60,0,1,35,1,37,2,18,75,2,97,14,0,14,111
11/25/2017,LNK,NE,ACE,CE,Towers with Radar,6,26,12,0,44,0,0,65,0,65,6,26,77,0,109,12,0,12,121
11/26/2017,LNK,NE,ACE,CE,Towers with Radar,6,24,28,0,58,0,1,56,0,57,6,25,84,0,115,26,0,26,141
11/27/2017,LNK,NE,ACE,CE,Towers with Radar,5,29,18,9,61,0,4,32,1,37,5,33,50,10,98,40,14,54,152
11/28/2017,LNK,NE,ACE,CE,Towers with Radar,1,27,19,49,96,0,0,26,6,32,1,27,45,55,128,20,40,60,188
11/29/2017,LNK,NE,ACE,CE,Towers with Radar,4,30,22,36,92,0,1,41,4,46,4,31,63,40,138,36,6,42,180
11/30/2017,LNK,NE,ACE,CE,Towers with Radar,2,34,25,32,93,0,0,37,15,52,2,34,62,47,145,18,18,36,181
12/01/2017,LNK,NE,ACE,CE,Towers with Radar,2,20,29,43,94,0,0,42,0,42,2,20,71,43,136,70,20,90,226
12/02/2017,LNK,NE,ACE,CE,Towers with Radar,5,21,21,5,52,0,2,67,0,69,5,23,88,5,121,118,0,118,239
12/03/2017,LNK,NE,ACE,CE,Towers with Radar,3,29,27,1,60,0,3,45,0,48,3,32,72,1,108,36,0,36,144
12/04/2017,LNK,NE,ACE,CE,Towers with Radar,3,24,20,14,61,0,0,3,0,3,3,24,23,14,64,0,2,2,66
12/05/2017,LNK,NE,ACE,CE,Towers with Radar,1,26,34,38,99,0,3,9,9,21,1,29,43,47,120,4,16,20,140
12/06/2017,LNK,NE,ACE,CE,Towers with Radar,1,39,36,38,114,0,0,11,8,19,1,39,47,46,133,4,4,8,141
12/07/2017,LNK,NE,ACE,CE,Towers with Radar,2,33,30,15,80,0,0,39,5,44,2,33,69,20,124,26,8,34,158
12/08/2017,LNK,NE,ACE,CE,Towers with Radar,1,38,40,14,93,0,0,26,0,26,1,38,66,14,119,60,2,62,181
12/09/2017,LNK,NE,ACE,CE,Towers with Radar,3,12,13,3,31,0,2,32,0,34,3,14,45,3,65,28,0,28,93
12/10/2017,LNK,NE,ACE,CE,Towers with Radar,1,27,17,3,48,0,0,40,4,44,1,27,57,7,92,38,0,38,130
12/11/2017,LNK,NE,ACE,CE,Towers with Radar,2,36,17,2,57,0,0,6,1,7,2,36,23,3,64,22,4,26,90
12/12/2017,LNK,NE,ACE,CE,Towers with Radar,1,25,32,30,88,0,0,35,7,42,1,25,67,37,130,34,16,50,180
12/13/2017,LNK,NE,ACE,CE,Towers with Radar,1,26,17,39,83,0,0,9,12,21,1,26,26,51,104,0,14,14,118
12/14/2017,LNK,NE,ACE,CE,Towers with Radar,2,33,30,16,81,0,0,19,5,24,2,33,49,21,105,24,6,30,135
12/15/2017,LNK,NE,ACE,CE,Towers with Radar,2,38,44,14,98,0,0,34,4,38,2,38,78,18,136,18,4,22,158
12/16/2017,LNK,NE,ACE,CE,Towers with Radar,5,18,15,4,42,0,3,61,0,64,5,21,76,4,106,48,0,48,154
12/17/2017,LNK,NE,ACE,CE,Towers with Radar,2,30,17,1,50,0,0,7,1,8,2,30,24,2,58,44,0,44,102
12/18/2017,LNK,NE,ACE,CE,Towers with Radar,4,23,36,39,102,0,3,36,0,39,4,26,72,39,141,54,10,64,205
12/19/2017,LNK,NE,ACE,CE,Towers with Radar,1,24,37,28,90,0,2,64,15,81,1,26,101,43,171,12,26,38,209
12/20/2017,LNK,NE,ACE,CE,Towers with Radar,1,32,52,26,111,0,1,41,10,52,1,33,93,36,163,20,4,24,187
12/21/2017,LNK,NE,ACE,CE,Towers with Radar,2,21,15,1,39,0,0,0,0,0,2,21,15,1,39,0,2,2,41
12/22/2017,LNK,NE,ACE,CE,Towers with Radar,2,24,31,12,69,0,0,27,2,29,2,24,58,14,98,88,0,88,186
12/23/2017,LNK,NE,ACE,CE,Towers with Radar,2,16,14,2,34,0,0,15,0,15,2,16,29,2,49,16,0,16,65
12/24/2017,LNK,NE,ACE,CE,Towers with Radar,2,17,7,0,26,0,0,13,0,13,2,17,20,0,39,6,0,6,45
12/25/2017,LNK,NE,ACE,CE,Towers with Radar,3,13,1,0,17,0,0,5,0,5,3,13,6,0,22,0,0,0,22
12/26/2017,LNK,NE,ACE,CE,Towers with Radar,3,37,34,0,74,0,0,9,0,9,3,37,43,0,83,20,0,20,103
12/27/2017,LNK,NE,ACE,CE,Towers with Radar,3,40,13,2,58,0,0,8,5,13,3,40,21,7,71,22,0,22,93
12/28/2017,LNK,NE,ACE,CE,Towers with Radar,3,26,23,6,58,0,0,36,0,36,3,26,59,6,94,28,10,38,132
12/29/2017,LNK,NE,ACE,CE,Towers with Radar,2,23,14,0,39,0,0,3,0,3,2,23,17,0,42,0,0,0,42
12/30/2017,LNK,NE,ACE,CE,Towers with Radar,2,20,9,0,31,0,0,5,0,5,2,20,14,0,36,0,0,0,36
12/31/2017,LNK,NE,ACE,CE,Towers with Radar,2,22,11,0,35,0,2,3,0,5,2,24,14,0,40,2,0,2,42
01/01/2018,LNK,NE,ACE,CE,Towers with Radar,3,22,4,0,29,0,0,9,0,9,3,22,13,0,38,4,0,4,42
01/02/2018,LNK,NE,ACE,CE,Towers with Radar,4,34,29,22,89,0,0,10,1,11,4,34,39,23,100,0,4,4,104
01/03/2018,LNK,NE,ACE,CE,Towers with Radar,1,35,20,40,96,0,1,12,15,28,1,36,32,55,124,0,14,14,138
01/04/2018,LNK,NE,ACE,CE,Towers with Radar,0,28,34,45,107,0,1,30,5,36,0,29,64,50,143,42,22,64,207
01/05/2018,LNK,NE,ACE,CE,Towers with Radar,4,36,23,27,90,0,0,12,3,15,4,36,35,30,105,44,8,52,157
01/06/2018,LNK,NE,ACE,CE,Towers with Radar,4,26,31,43,104,0,1,39,5,45,4,27,70,48,149,50,24,74,223
01/07/2018,LNK,NE,ACE,CE,Towers with Radar,1,28,24,12,65,0,0,23,14,37,1,28,47,26,102,6,32,38,140
01/08/2018,LNK,NE,ACE,CE,Towers with Radar,4,22,29,32,87,0,0,51,2,53,4,22,80,34,140,28,32,60,200
01/09/2018,LNK,NE,ACE,CE,Towers with Radar,2,23,20,32,77,0,1,31,6,38,2,24,51,38,115,14,20,34,149
01/10/2018,LNK,NE,ACE,CE,Towers with Radar,3,23,32,61,119,0,4,5,5,14,3,27,37,66,133,30,8,38,171
01/11/2018,LNK,NE,ACE,CE,Towers with Radar,4,35,12,3,54,0,0,0,5,5,4,35,12,8,59,0,0,0,59
01/12/2018,LNK,NE,ACE,CE,Towers with Radar,3,24,31,6,64,0,2,4,0,6,3,26,35,6,70,14,4,18,88
01/13/2018,LNK,NE,ACE,CE,Towers with Radar,4,12,8,0,24,0,2,10,0,12,4,14,18,0,36,42,0,42,78
01/14/2018,LNK,NE,ACE,CE,Towers with Radar,5,15,5,2,27,0,0,1,0,1,5,15,6,2,28,0,0,0,28
01/15/2018,LNK,NE,ACE,CE,Towers with Radar,4,31,18,0,53,0,2,3,2,7,4,33,21,2,60,10,0,10,70
01/16/2018,LNK,NE,ACE,CE,Towers with Radar,2,33,33,15,83,0,0,12,5,17,2,33,45,20,100,12,6,18,118
01/17/2018,LNK,NE,ACE,CE,Towers with Radar,2,23,25,58,108,0,3,38,8,49,2,26,63,66,157,36,28,64,221
01/18/2018,LNK,NE,ACE,CE,Towers with Radar,1,30,32,42,105,0,2,47,10,59,1,32,79,52,164,42,12,54,218
01/19/2018,LNK,NE,ACE,CE,Towers with Radar,3,21,38,16,78,0,3,50,0,53,3,24,88,16,131,26,18,44,175
01/20/2018,LNK,NE,ACE,CE,Towers with Radar,5,13,27,1,46,0,0,54,0,54,5,13,81,1,100,8,0,8,108
01/21/2018,LNK,NE,ACE,CE,Towers with Radar,3,14,9,0,26,0,0,0,0,0,3,14,9,0,26,0,0,0,26
01/22/2018,LNK,NE,ACE,CE,Towers with Radar,2,13,8,0,23,0,0,0,0,0,2,13,8,0,23,0,0,0,23
01/23/2018,LNK,NE,ACE,CE,Towers with Radar,1,35,16,0,52,0,2,1,0,3,1,37,17,0,55,0,4,4,59
01/24/2018,LNK,NE,ACE,CE,Towers with Radar,2,21,27,18,68,0,4,39,9,52,2,25,66,27,120,18,10,28,148
01/25/2018,LNK,NE,ACE,CE,Towers with Radar,6,27,38,58,129,0,7,42,14,63,6,34,80,72,192,42,50,92,284
01/26/2018,LNK,NE,ACE,CE,Towers with Radar,5,31,30,26,92,0,7,18,1,26,5,38,48,27,118,6,2,8,126
01/27/2018,LNK,NE,ACE,CE,Towers with Radar,2,20,17,9,48,0,0,47,3,50,2,20,64,12,98,60,0,60,158
01/28/2018,LNK,NE,ACE,CE,Towers with Radar,3,16,16,2,37,0,1,6,1,8,3,17,22,3,45,34,0,34,79
01/29/2018,LNK,NE,ACE,CE,Towers with Radar,3,25,41,8,77,0,0,42,2,44,3,25,83,10,121,8,0,8,129
01/30/2018,LNK,NE,ACE,CE,Towers with Radar,2,24,20,30,76,0,4,13,7,24,2,28,33,37,100,10,16,26,126
01/31/2018,LNK,NE,ACE,CE,Towers with Radar,6,22,30,4,62,0,5,32,8,45,6,27,62,12,107,24,4,28,135
02/01/2018,LNK,NE,ACE,CE,Towers with Radar,6,31,33,62,132,0,0,24,5,29,6,31,57,67,161,2,28,30,191
02/02/2018,LNK,NE,ACE,CE,Towers with Radar,4,31,30,22,87,0,2,16,0,18,4,33,46,22,105,14,6,20,125
02/03/2018,LNK,NE,ACE,CE,Towers with Radar,3,22,13,14,52,0,0,28,0,28,3,22,41,14,80,40,2,42,122
02/04/2018,LNK,NE,ACE,CE,Towers with Radar,4,15,19,1,39,0,0,6,0,6,4,15,25,1,45,0,0,0,45
02/05/2018,LNK,NE,ACE,CE,Towers with Radar,5,30,21,10,66,0,0,1,0,1,5,30,22,10,67,0,0,0,67
02/06/2018,LNK,NE,ACE,CE,Towers with Radar,2,36,20,18,76,0,2,3,0,5,2,38,23,18,81,12,16,28,109
02/07/2018,LNK,NE,ACE,CE,Towers with Radar,1,26,33,18,78,0,3,24,10,37,1,29,57,28,115,8,2,10,125
02/08/2018,LNK,NE,ACE,CE,Towers with Radar,3,34,28,45,110,0,3,41,6,50,3,37,69,51,160,20,36,56,216
02/09/2018,LNK,NE,ACE,CE,Towers with Radar,3,19,28,21,71,0,0,0,2,2,3,19,28,23,73,0,0,0,73
02/10/2018,LNK,NE,ACE,CE,Towers with Radar,4,19,11,2,36,0,0,8,0,8,4,19,19,2,44,8,0,8,52
02/11/2018,LNK,NE,ACE,CE,Towers with Radar,2,22,18,4,46,0,0,30,5,35,2,22,48,9,81,22,0,22,103
02/12/2018,LNK,NE,ACE,CE,Towers with Radar,4,26,14,2,46,0,5,26,0,31,4,31,40,2,77,22,0,22,99
02/13/2018,LNK,NE,ACE,CE,Towers with Radar,3,30,33,16,82,0,10,33,10,53,3,40,66,26,135,22,8,30,165
02/14/2018,LNK,NE,ACE,CE,Towers with Radar,3,33,42,32,110,0,4,45,5,54,3,37,87,37,164,32,18,50,214
02/15/2018,LNK,NE,ACE,CE,Towers with Radar,2,34,42,55,133,0,0,36,8,44,2,34,78,63,177,16,18,34,211
02/16/2018,LNK,NE,ACE,CE,Towers with Radar,1,34,40,11,86,0,1,57,1,59,1,35,97,12,145,38,4,42,187
02/17/2018,LNK,NE,ACE,CE,Towers with Radar,4,21,17,0,42,0,0,55,0,55,4,21,72,0,97,34,0,34,131
02/18/2018,LNK,NE,ACE,CE,Towers with Radar,3,18,10,0,31,0,2,4,1,7,3,20,14,1,38,0,0,0,38
02/19/2018,LNK,NE,ACE,CE,Towers with Radar,1,25,23,1,50,0,0,1,0,1,1,25,24,1,51,0,0,0,51
02/20/2018,LNK,NE,ACE,CE,Towers with Radar,3,27,28,11,69,0,2,7,1,10,3,29,35,12,79,18,10,28,107
02/21/2018,LNK,NE,ACE,CE,Towers with Radar,0,36,35,51,122,0,2,41,4,47,0,38,76,55,169,20,22,42,211
02/22/2018,LNK,NE,ACE,CE,Towers with Radar,1,19,11,3,34,0,0,0,0,0,1,19,11,3,34,0,0,0,34
02/23/2018,LNK,NE,ACE,CE,Towers with Radar,1,37,41,30,109,0,0,11,5,16,1,37,52,35,125,34,0,34,159
02/24/2018,LNK,NE,ACE,CE,Towers with Radar,2,5,3,0,10,0,2,1,0,3,2,7,4,0,13,0,0,0,13
02/25/2018,LNK,NE,ACE,CE,Towers with Radar,3,26,32,3,64,0,3,45,0,48,3,29,77,3,112,36,0,36,148
02/26/2018,LNK,NE,ACE,CE,Towers with Radar,1,26,30,36,93,0,5,35,1,41,1,31,65,37,134,4,0,4,138
02/27/2018,LNK,NE,ACE,CE,Towers with Radar,1,28,43,30,102,0,4,64,8,76,1,32,107,38,178,32,14,46,224
02/28/2018,LNK,NE,ACE,CE,Towers with Radar,4,21,27,46,98,0,0,20,9,29,4,21,47,55,127,8,24,32,159
03/01/2018,LNK,NE,ACE,CE,Towers with Radar,1,33,18,42,94,0,0,50,12,62,1,33,68,54,156,30,8,38,194
03/02/2018,LNK,NE,ACE,CE,Towers with Radar,1,31,22,14,68,0,0,22,14,36,1,31,44,28,104,0,4,4,108
03/03/2018,LNK,NE,ACE,CE,Towers with Radar,4,18,21,29,72,0,0,12,13,25,4,18,33,42,97,4,10,14,111
03/04/2018,LNK,NE,ACE,CE,Towers with Radar,6,26,21,2,55,0,2,5,0,7,6,28,26,2,62,14,0,14,76
03/05/2018,LNK,NE,ACE,CE,Towers with Radar,2,23,27,9,61,0,0,2,1,3,2,23,29,10,64,6,0,6,70
03/06/2018,LNK,NE,ACE,CE,Towers with Radar,1,23,18,6,48,0,0,1,0,1,1,23,19,6,49,0,0,0,49
03/07/2018,LNK,NE,ACE,CE,Towers with Radar,3,29,47,29,108,0,0,27,6,33,3,29,74,35,141,16,8,24,165
03/08/2018,LNK,NE,ACE,CE,Towers with Radar,4,36,35,43,118,0,0,53,8,61,4,36,88,51,179,24,40,64,243
03/09/2018,LNK,NE,ACE,CE,Towers with Radar,2,25,22,14,63,0,2,46,0,48,2,27,68,14,111,60,12,72,183
03/10/2018,LNK,NE,ACE,CE,Towers with Radar,3,14,21,1,39,0,0,43,3,46,3,14,64,4,85,48,0,48,133
03/11/2018,LNK,NE,ACE,CE,Towers with Radar,2,23,15,0,40,0,0,3,0,3,2,23,18,0,43,0,0,0,43
03/12/2018,LNK,NE,ACE,CE,Towers with Radar,2,26,21,6,55,0,2,51,0,53,2,28,72,6,108,74,6,80,188
03/13/2018,LNK,NE,ACE,CE,Towers with Radar,1,23,34,21,79,0,0,43,11,54,1,23,77,32,133,58,10,68,201
03/14/2018,LNK,NE,ACE,CE,Towers with Radar,1,28,34,23,86,0,0,42,14,56,1,28,76,37,142,4,6,10,152
03/15/2018,LNK,NE,ACE,CE,Towers with Radar,4,35,24,11,74,0,4,40,10,54,4,39,64,21,128,38,0,38,166
03/16/2018,LNK,NE,ACE,CE,Towers with Radar,1,25,19,4,49,0,0,0,0,0,1,25,19,4,49,0,0,0,49
03/17/2018,LNK,NE,ACE,CE,Towers with Radar,3,21,15,7,46,0,0,3,0,3,3,21,18,7,49,4,0,4,53
03/18/2018,LNK,NE,ACE,CE,Towers with Radar,2,21,41,4,68,0,0,6,0,6,2,21,47,4,74,8,0,8,82
03/19/2018,LNK,NE,ACE,CE,Towers with Radar,1,24,31,1,57,0,0,3,0,3,1,24,34,1,60,0,0,0,60
03/20/2018,LNK,NE,ACE,CE,Towers with Radar,2,23,28,15,68,0,0,5,4,9,2,23,33,19,77,16,0,16,93
03/21/2018,LNK,NE,ACE,CE,Towers with Radar,2,20,40,13,75,0,2,82,14,98,2,22,122,27,173,112,2,114,287
03/22/2018,LNK,NE,ACE,CE,Towers with Radar,2,37,34,61,134,0,0,48,6,54,2,37,82,67,188,110,38,148,336
03/23/2018,LNK,NE,ACE,CE,Towers with Radar,1,26,26,13,66,0,2,5,1,8,1,28,31,14,74,6,4,10,84
03/24/2018,LNK,NE,ACE,CE,Towers with Radar,3,20,5,0,28,0,0,0,2,2,3,20,5,2,30,8,0,8,38
03/25/2018,LNK,NE,ACE,CE,Towers with Radar,3,28,26,0,57,0,0,1,0,1,3,28,27,0,58,2,0,2,60
03/26/2018,LNK,NE,ACE,CE,Towers with Radar,2,32,26,0,60,0,0,0,0,0,2,32,26,0,60,0,0,0,60
03/27/2018,LNK,NE,ACE,CE,Towers with Radar,1,27,27,63,118,0,0,37,12,49,1,27,64,75,167,48,34,82,249
03/28/2018,LNK,NE,ACE,CE,Towers with Radar,1,40,41,50,132,0,0,31,18,49,1,40,72,68,181,56,12,68,249
03/29/2018,LNK,NE,ACE,CE,Towers with Radar,2,27,37,45,111,0,2,36,7,45,2,29,73,52,156,70,6,76,232
03/30/2018,LNK,NE,ACE,CE,Towers with Radar,2,34,29,17,82,0,2,55,4,61,2,36,84,21,143,12,0,12,155
03/31/2018,LNK,NE,ACE,CE,Towers with Radar,2,17,12,0,31,0,0,9,2,11,2,17,21,2,42,6,0,6,48
04/01/2018,LNK,NE,ACE,CE,Towers with Radar,2,21,10,0,33,0,0,13,0,13,2,21,23,0,46,0,0,0,46
04/02/2018,LNK,NE,ACE,CE,Towers with Radar,1,58,32,5,96,0,0,1,0,1,1,58,33,5,97,0,0,0,97
04/03/2018,LNK,NE,ACE,CE,Towers with Radar,1,23,21,29,74,0,4,2,5,11,1,27,23,34,85,0,0,0,85
04/04/2018,LNK,NE,ACE,CE,Towers with Radar,1,43,43,44,131,0,0,73,15,88,1,43,116,59,219,76,20,96,315
04/05/2018,LNK,NE,ACE,CE,Towers with Radar,1,27,38,70,136,0,4,71,5,80,1,31,109,75,216,46,28,74,290
04/06/2018,LNK,NE,ACE,CE,Towers with Radar,1,22,25,0,48,0,2,2,0,4,1,24,27,0,52,6,0,6,58
04/07/2018,LNK,NE,ACE,CE,Towers with Radar,2,19,28,1,50,0,3,64,0,67,2,22,92,1,117,52,0,52,169
04/08/2018,LNK,NE,ACE,CE,Towers with Radar,0,20,13,0,33,0,4,7,0,11,0,24,20,0,44,4,0,4,48
04/09/2018,LNK,NE,ACE,CE,Towers with Radar,1,39,36,20,96,0,0,14,2,16,1,39,50,22,112,62,34,96,208
04/10/2018,LNK,NE,ACE,CE,Towers with Radar,1,31,29,30,91,0,0,42,5,47,1,31,71,35,138,70,28,98,236
04/11/2018,LNK,NE,ACE,CE,Towers with Radar,0,40,30,57,127,0,0,50,9,59,0,40,80,66,186,56,40,96,282
04/12/2018,LNK,NE,ACE,CE,Towers with Radar,1,34,34,56,125,0,0,28,7,35,1,34,62,63,160,48,14,62,222
04/13/2018,LNK,NE,ACE,CE,Towers with Radar,1,34,35,4,74,0,0,21,3,24,1,34,56,7,98,28,0,28,126
04/14/2018,LNK,NE,ACE,CE,Towers with Radar,1,13,4,1,19,0,0,0,0,0,1,13,4,1,19,0,0,0,19
04/15/2018,LNK,NE,ACE,CE,Towers with Radar,0,26,16,0,42,0,1,0,1,2,0,27,16,1,44,0,0,0,44
04/16/2018,LNK,NE,ACE,CE,Towers with Radar,0,34,24,26,84,0,2,42,0,44,0,36,66,26,128,62,14,76,204
04/17/2018,LNK,NE,ACE,CE,Towers with Radar,3,29,35,39,106,0,3,40,8,51,3,32,75,47,157,34,16,50,207
04/18/2018,LNK,NE,ACE,CE,Towers with Radar,0,23,18,33,74,0,0,9,1,10,0,23,27,34,84,6,8,14,98
04/19/2018,LNK,NE,ACE,CE,Towers with Radar,1,30,41,56,128,0,3,96,7,106,1,33,137,63,234,86,68,154,388
04/20/2018,LNK,NE,ACE,CE,Towers with Radar,1,35,38,35,109,0,0,37,1,38,1,35,75,36,147,70,26,96,243
04/21/2018,LNK,NE,ACE,CE,Towers with Radar,1,17,27,5,50,0,0,29,15,44,1,17,56,20,94,18,4,22,116
04/22/2018,LNK,NE,ACE,CE,Towers with Radar,0,33,26,3,62,0,0,59,2,61,0,33,85,5,123,66,20,86,209
04/23/2018,LNK,NE,ACE,CE,Towers with Radar,1,29,33,42,105,0,5,63,0,68,1,34,96,42,173,82,20,102,275
04/24/2018,LNK,NE,ACE,CE,Towers with Radar,1,34,36,17,88,0,0,27,5,32,1,34,63,22,120,30,4,34,154
04/25/2018,LNK,NE,ACE,CE,Towers with Radar,0,28,34,55,117,0,0,36,10,46,0,28,70,65,163,72,54,126,289
04/26/2018,LNK,NE,ACE,CE,Towers with Radar,1,30,37,39,107,0,1,50,10,61,1,31,87,49,168,24,28,52,220
04/27/2018,LNK,NE,ACE,CE,Towers with Radar,1,29,29,28,87,0,0,35,2,37,1,29,64,30,124,6,4,10,134
04/28/2018,LNK,NE,ACE,CE,Towers with Radar,5,22,19,0,46,0,4,95,0,99,5,26,114,0,145,106,0,106,251
04/29/2018,LNK,NE,ACE,CE,Towers with Radar,1,33,15,18,67,0,0,4,0,4,1,33,19,18,71,36,0,36,107
04/30/2018,LNK,NE,ACE,CE,Towers with Radar,1,24,23,8,56,0,0,10,0,10,1,24,33,8,66,0,2,2,68
05/01/2018,LNK,NE,ACE,CE,Towers with Radar,3,29,21,25,78,0,4,6,0,10,3,33,27,25,88,0,16,16,104
05/02/2018,LNK,NE,ACE,CE,Towers with Radar,2,27,38,14,81,0,0,0,2,2,2,27,38,16,83,0,0,0,83
05/03/2018,LNK,NE,ACE,CE,Towers with Radar,1,36,42,28,107,0,0,2,0,2,1,36,44,28,109,0,0,0,109
05/04/2018,LNK,NE,ACE,CE,Towers with Radar,1,29,50,36,116,0,1,73,2,76,1,30,123,38,192,86,22,108,300
05/05/2018,LNK,NE,ACE,CE,Towers with Radar,1,27,38,14,80,0,0,61,0,61,1,27,99,14,141,18,10,28,169
05/06/2018,LNK,NE,ACE,CE,Towers with Radar,0,26,33,0,59,0,3,48,2,53,0,29,81,2,112,50,0,50,162
05/07/2018,LNK,NE,ACE,CE,Towers with Radar,1,36,44,5,86,0,5,52,2,59,1,41,96,7,145,112,4,116,261
05/08/2018,LNK,NE,ACE,CE,Towers with Radar,1,37,19,19,76,0,4,26,3,33,1,41,45,22,109,100,10,110,219
05/09/2018,LNK,NE,ACE,CE,Towers with Radar,0,35,41,9,85,0,0,46,0,46,0,35,87,9,131,44,4,48,179
05/10/2018,LNK,NE,ACE,CE,Towers with Radar,1,33,33,35,102,0,1,34,0,35,1,34,67,35,137,16,6,22,159
05/11/2018,LNK,NE,ACE,CE,Towers with Radar,1,22,26,8,57,0,0,18,0,18,1,22,44,8,75,26,0,26,101
05/12/2018,LNK,NE,ACE,CE,Towers with Radar,1,11,20,1,33,0,0,0,0,0,1,11,20,1,33,0,0,0,33
05/13/2018,LNK,NE,ACE,CE,Towers with Radar,0,28,20,0,48,0,0,10,0,10,0,28,30,0,58,4,0,4,62
05/14/2018,LNK,NE,ACE,CE,Towers with Radar,3,31,23,2,59,0,0,18,0,18,3,31,41,2,77,30,0,30,107
05/15/2018,LNK,NE,ACE,CE,Towers with Radar,1,31,51,34,117,0,0,28,0,28,1,31,79,34,145,96,10,106,251
05/16/2018,LNK,NE,ACE,CE,Towers with Radar,0,32,30,31,93,0,0,63,5,68,0,32,93,36,161,110,12,122,283
05/17/2018,LNK,NE,ACE,CE,Towers with Radar,1,35,37,25,98,0,3,61,8,72,1,38,98,33,170,102,10,112,282
05/18/2018,LNK,NE,ACE,CE,Towers with Radar,1,25,18,4,48,0,0,29,0,29,1,25,47,4,77,24,6,30,107
05/19/2018,LNK,NE,ACE,CE,Towers with Radar,1,14,12,0,27,0,0,4,0,4,1,14,16,0,31,22,0,22,53
05/20/2018,LNK,NE,ACE,CE,Towers with Radar,0,28,26,8,62,0,0,2,0,2,0,28,28,8,64,0,0,0,64
05/21/2018,LNK,NE,ACE,CE,Towers with Radar,3,41,39,25,108,0,0,38,0,38,3,41,77,25,146,80,8,88,234
05/22/2018,LNK,NE,ACE,CE,Towers with Radar,1,33,24,20,78,0,0,28,2,30,1,33,52,22,108,72,10,82,190
05/23/2018,LNK,NE,ACE,CE,Towers with Radar,0,37,36,12,85,0,3,41,2,46,0,40,77,14,131,70,6,76,207
05/24/2018,LNK,NE,ACE,CE,Towers with Radar,1,29,54,58,142,0,0,41,5,46,1,29,95,63,188,40,48,88,276
05/25/2018,LNK,NE,ACE,CE,Towers with Radar,1,22,33,1,57,0,0,49,0,49,1,22,82,1,106,40,0,40,146
05/26/2018,LNK,NE,ACE,CE,Towers with Radar,1,19,12,2,34,0,0,53,0,53,1,19,65,2,87,8,0,8,95
05/27/2018,LNK,NE,ACE,CE,Towers with Radar,0,24,15,0,39,0,7,21,0,28,0,31,36,0,67,70,0,70,137
05/28/2018,LNK,NE,ACE,CE,Towers with Radar,1,20,32,0,53,0,5,59,4,68,1,25,91,4,121,88,2,90,211
05/29/2018,LNK,NE,ACE,CE,Towers with Radar,1,29,12,5,47,0,0,14,0,14,1,29,26,5,61,8,0,8,69
05/30/2018,LNK,NE,ACE,CE,Towers with Radar,0,30,30,10,70,0,0,47,2,49,0,30,77,12,119,24,0,24,143
05/31/2018,LNK,NE,ACE,CE,Towers with Radar,1,47,34,41,123,0,2,52,3,57,1,49,86,44,180,68,30,98,278
06/01/2018,LNK,NE,ACE,CE,Towers with Radar,3,30,37,25,95,0,1,32,1,34,3,31,69,26,129,8,12,20,149
06/02/2018,LNK,NE,ACE,CE,Towers with Radar,2,20,14,0,36,0,2,20,0,22,2,22,34,0,58,0,0,0,58
06/03/2018,LNK,NE,ACE,CE,Towers with Radar,0,24,35,14,73,0,0,64,5,69,0,24,99,19,142,52,8,60,202
06/04/2018,LNK,NE,ACE,CE,Towers with Radar,1,27,43,18,89,0,5,40,0,45,1,32,83,18,134,52,28,80,214
06/05/2018,LNK,NE,ACE,CE,Towers with Radar,1,24,49,35,109,0,0,41,0,41,1,24,90,35,150,70,30,100,250
06/06/2018,LNK,NE,ACE,CE,Towers with Radar,0,38,24,23,85,0,3,39,7,49,0,41,63,30,134,48,30,78,212
06/07/2018,LNK,NE,ACE,CE,Towers with Radar,1,37,24,44,106,0,0,40,2,42,1,37,64,46,148,52,14,66,214
06/08/2018,LNK,NE,ACE,CE,Towers with Radar,1,32,30,20,83,0,1,59,2,62,1,33,89,22,145,58,8,66,211
06/09/2018,LNK,NE,ACE,CE,Towers with Radar,1,19,24,10,54,0,4,43,0,47,1,23,67,10,101,54,2,56,157
06/10/2018,LNK,NE,ACE,CE,Towers with Radar,1,28,23,6,58,0,1,22,2,25,1,29,45,8,83,12,10,22,105
06/11/2018,LNK,NE,ACE,CE,Towers with Radar,1,32,38,22,93,0,2,18,0,20,1,34,56,22,113,18,6,24,137
06/12/2018,LNK,NE,ACE,CE,Towers with Radar,1,34,55,13,103,0,2,51,2,55,1,36,106,15,158,64,2,66,224
06/13/2018,LNK,NE,ACE,CE,Towers with Radar,0,34,39,25,98,0,2,52,2,56,0,36,91,27,154,66,20,86,240
06/14/2018,LNK,NE,ACE,CE,Towers with Radar,1,28,43,44,116,0,5,31,7,43,1,33,74,51,159,42,14,56,215
06/15/2018,LNK,NE,ACE,CE,Towers with Radar,1,40,27,19,87,0,1,24,5,30,1,41,51,24,117,10,22,32,149
06/16/2018,LNK,NE,ACE,CE,Towers with Radar,1,23,15,5,44,0,1,33,3,37,1,24,48,8,81,24,0,24,105
06/17/2018,LNK,NE,ACE,CE,Towers with Radar,1,28,17,0,46,0,1,20,1,22,1,29,37,1,68,18,0,18,86
06/18/2018,LNK,NE,ACE,CE,Towers with Radar,1,35,35,1,72,0,0,25,0,25,1,35,60,1,97,30,0,30,127
06/19/2018,LNK,NE,ACE,CE,Towers with Radar,1,32,32,12,77,0,0,16,7,23,1,32,48,19,100,52,6,58,158
06/20/2018,LNK,NE,ACE,CE,Towers with Radar,0,28,47,12,87,0,0,13,10,23,0,28,60,22,110,62,2,64,174
06/21/2018,LNK,NE,ACE,CE,Towers with Radar,1,40,28,12,81,0,3,4,6,13,1,43,32,18,94,0,0,0,94
06/22/2018,LNK,NE,ACE,CE,Towers with Radar,3,32,57,41,133,0,0,10,0,10,3,32,67,41,143,160,2,162,305
06/23/2018,LNK,NE,ACE,CE,Towers with Radar,3,25,35,1,64,0,3,50,1,54,3,28,85,2,118,88,0,88,206
06/24/2018,LNK,NE,ACE,CE,Towers with Radar,1,19,33,19,72,0,1,44,7,52,1,20,77,26,124,52,10,62,186
06/25/2018,LNK,NE,ACE,CE,Towers with Radar,5,28,15,9,57,0,0,5,1,6,5,28,20,10,63,0,0,0,63
06/26/2018,LNK,NE,ACE,CE,Towers with Radar,1,30,43,37,111,0,1,52,7,60,1,31,95,44,171,56,26,82,253
06/27/2018,LNK,NE,ACE,CE,Towers with Radar,2,44,34,15,95,0,4,78,14,96,2,48,112,29,191,104,18,122,313
06/28/2018,LNK,NE,ACE,CE,Towers with Radar,1,42,36,28,107,0,0,40,3,43,1,42,76,31,150,36,14,50,200
06/29/2018,LNK,NE,ACE,CE,Towers with Radar,3,30,35,28,96,0,0,15,4,19,3,30,50,32,115,6,16,22,137
06/30/2018,LNK,NE,ACE,CE,Towers with Radar,3,18,29,0,50,0,0,33,2,35,3,18,62,2,85,42,0,42,127
07/01/2018,LNK,NE,ACE,CE,Towers with Radar,1,32,24,1,58,0,0,25,0,25,1,32,49,1,83,20,0,20,103
07/02/2018,LNK,NE,ACE,CE,Towers with Radar,0,35,20,17,72,0,11,55,0,66,0,46,75,17,138,62,16,78,216
07/03/2018,LNK,NE,ACE,CE,Towers with Radar,0,44,20,18,82,0,12,60,6,78,0,56,80,24,160,36,14,50,210
07/04/2018,LNK,NE,ACE,CE,Towers with Radar,1,22,2,1,26,0,1,43,3,47,1,23,45,4,73,4,0,4,77
07/05/2018,LNK,NE,ACE,CE,Towers with Radar,4,31,27,6,68,0,0,43,7,50,4,31,70,13,118,70,2,72,190
07/06/2018,LNK,NE,ACE,CE,Towers with Radar,3,26,24,16,69,0,3,48,0,51,3,29,72,16,120,64,16,80,200
07/07/2018,LNK,NE,ACE,CE,Towers with Radar,3,25,31,0,59,0,1,63,0,64,3,26,94,0,123,54,0,54,177
07/08/2018,LNK,NE,ACE,CE,Towers with Radar,3,29,36,2,70,0,2,36,0,38,3,31,72,2,108,48,6,54,162
07/09/2018,LNK,NE,ACE,CE,Towers with Radar,3,49,33,5,90,0,3,45,5,53,3,52,78,10,143,50,6,56,199
07/10/2018,LNK,NE,ACE,CE,Towers with Radar,3,32,37,33,105,0,7,51,6,64,3,39,88,39,169,54,58,112,281
07/11/2018,LNK,NE,ACE,CE,Towers with Radar,2,38,39,44,123,0,3,43,10,56,2,41,82,54,179,104,22,126,305
07/12/2018,LNK,NE,ACE,CE,Towers with Radar,3,31,29,38,101,0,2,48,12,62,3,33,77,50,163,20,10,30,193
07/13/2018,LNK,NE,ACE,CE,Towers with Radar,3,37,76,41,157,0,2,23,2,27,3,39,99,43,184,38,10,48,232
07/14/2018,LNK,NE,ACE,CE,Towers with Radar,3,22,27,0,52,0,1,42,0,43,3,23,69,0,95,48,0,48,143
07/15/2018,LNK,NE,ACE,CE,Towers with Radar,1,33,26,0,60,0,3,58,0,61,1,36,84,0,121,44,0,44,165
07/16/2018,LNK,NE,ACE,CE,Towers with Radar,3,29,54,26,112,0,1,25,0,26,3,30,79,26,138,6,8,14,152
07/17/2018,LNK,NE,ACE,CE,Towers with Radar,3,22,38,23,86,0,0,5,0,5,3,22,43,23,91,2,2,4,95
07/18/2018,LNK,NE,ACE,CE,Towers with Radar,2,34,49,5,90,0,0,36,10,46,2,34,85,15,136,34,4,38,174
07/19/2018,LNK,NE,ACE,CE,Towers with Radar,3,39,34,52,128,0,2,51,4,57,3,41,85,56,185,54,16,70,255
07/20/2018,LNK,NE,ACE,CE,Towers with Radar,3,24,42,25,94,0,2,72,8,82,3,26,114,33,176,108,4,112,288
07/21/2018,LNK,NE,ACE,CE,Towers with Radar,3,20,20,3,46,0,2,68,0,70,3,22,88,3,116,36,0,36,152
07/22/2018,LNK,NE,ACE,CE,Towers with Radar,1,37,37,2,77,0,1,43,7,51,1,38,80,9,128,8,0,8,136
07/23/2018,LNK,NE,ACE,CE,Towers with Radar,3,24,34,16,77,0,1,23,0,24,3,25,57,16,101,40,2,42,143
07/24/2018,LNK,NE,ACE,CE,Towers with Radar,3,33,29,31,96,0,0,52,5,57,3,33,81,36,153,42,10,52,205
07/25/2018,LNK,NE,ACE,CE,Towers with Radar,2,39,35,8,84,0,2,29,7,38,2,41,64,15,122,30,2,32,154
07/26/2018,LNK,NE,ACE,CE,Towers with Radar,3,26,29,25,83,0,1,41,9,51,3,27,70,34,134,58,24,82,216
07/27/2018,LNK,NE,ACE,CE,Towers with Radar,3,31,30,32,96,0,3,55,4,62,3,34,85,36,158,48,18,66,224
07/28/2018,LNK,NE,ACE,CE,Towers with Radar,3,24,16,0,43,0,1,19,0,20,3,25,35,0,63,18,0,18,81
07/29/2018,LNK,NE,ACE,CE,Towers with Radar,1,31,13,3,48,0,3,28,0,31,1,34,41,3,79,50,0,50,129
07/30/2018,LNK,NE,ACE,CE,Towers with Radar,3,29,36,29,97,0,0,20,0,20,3,29,56,29,117,42,8,50,167
07/31/2018,LNK,NE,ACE,CE,Towers with Radar,3,25,25,23,76,0,1,64,8,73,3,26,89,31,149,70,14,84,233
08/01/2018,LNK,NE,ACE,CE,Towers with Radar,2,35,30,19,86,0,7,57,6,70,2,42,87,25,156,108,22,130,286
08/02/2018,LNK,NE,ACE,CE,Towers with Radar,3,37,26,49,115,0,3,48,13,64,3,40,74,62,179,80,30,110,289
08/03/2018,LNK,NE,ACE,CE,Towers with Radar,3,32,39,33,107,0,8,38,8,54,3,40,77,41,161,30,24,54,215
08/04/2018,LNK,NE,ACE,CE,Towers with Radar,3,26,9,45,83,0,0,32,0,32,3,26,41,45,115,18,26,44,159
08/05/2018,LNK,NE,ACE,CE,Towers with Radar,1,27,25,3,56,0,2,35,1,38,1,29,60,4,94,40,0,40,134
08/06/2018,LNK,NE,ACE,CE,Towers with Radar,3,31,35,6,75,0,0,33,2,35,3,31,68,8,110,34,6,40,150
08/07/2018,LNK,NE,ACE,CE,Towers with Radar,3,37,58,59,157,0,2,47,0,49,3,39,105,59,206,72,32,104,310
08/08/2018,LNK,NE,ACE,CE,Towers with Radar,2,30,40,111,183,0,0,53,3,56,2,30,93,114,239,54,28,82,321
08/09/2018,LNK,NE,ACE,CE,Towers with Radar,3,34,29,51,117,0,0,49,5,54,3,34,78,56,171,12,18,30,201
08/10/2018,LNK,NE,ACE,CE,Towers with Radar,3,32,35,43,113,0,3,37,1,41,3,35,72,44,154,8,62,70,224
08/11/2018,LNK,NE,ACE,CE,Towers with Radar,3,21,17,27,68,0,1,35,5,41,3,22,52,32,109,46,10,56,165
08/12/2018,LNK,NE,ACE,CE,Towers with Radar,1,36,24,4,65,0,2,40,5,47,1,38,64,9,112,24,0,24,136
08/13/2018,LNK,NE,ACE,CE,Towers with Radar,3,34,32,53,122,0,5,35,3,43,3,39,67,56,165,40,0,40,205
08/14/2018,LNK,NE,ACE,CE,Towers with Radar,4,23,25,20,72,0,1,2,0,3,4,24,27,20,75,18,0,18,93
08/15/2018,LNK,NE,ACE,CE,Towers with Radar,3,31,51,33,118,0,0,24,10,34,3,31,75,43,152,56,0,56,208
08/16/2018,LNK,NE,ACE,CE,Towers with Radar,3,31,36,24,94,0,0,51,5,56,3,31,87,29,150,72,20,92,242
08/17/2018,LNK,NE,ACE,CE,Towers with Radar,3,27,35,43,108,0,3,56,0,59,3,30,91,43,167,58,22,80,247
08/18/2018,LNK,NE,ACE,CE,Towers with Radar,5,19,30,4,58,0,3,48,0,51,5,22,78,4,109,38,0,38,147
08/19/2018,LNK,NE,ACE,CE,Towers with Radar,0,28,15,1,44,0,0,7,0,7,0,28,22,1,51,0,0,0,51
08/20/2018,LNK,NE,ACE,CE,Towers with Radar,3,31,42,0,76,0,0,4,0,4,3,31,46,0,80,12,0,12,92
08/21/2018,LNK,NE,ACE,CE,Towers with Radar,1,34,44,24,103,0,1,34,0,35,1,35,78,24,138,92,28,120,258
08/22/2018,LNK,NE,ACE,CE,Towers with Radar,2,38,43,17,100,0,2,71,2,75,2,40,114,19,175,32,16,48,223
08/23/2018,LNK,NE,ACE,CE,Towers with Radar,1,26,27,53,107,0,0,1,0,1,1,26,28,53,108,0,0,0,108
08/24/2018,LNK,NE,ACE,CE,Towers with Radar,1,29,57,14,101,0,1,59,0,60,1,30,116,14,161,48,12,60,221
08/25/2018,LNK,NE,ACE,CE,Towers with Radar,1,23,28,4,56,0,0,62,0,62,1,23,90,4,118,35,0,35,153
08/26/2018,LNK,NE,ACE,CE,Towers with Radar,0,26,31,1,58,0,2,25,0,27,0,28,56,1,85,8,0,8,93
08/27/2018,LNK,NE,ACE,CE,Towers with Radar,1,36,32,52,121,0,4,55,0,59,1,40,87,52,180,78,32,110,290
08/28/2018,LNK,NE,ACE,CE,Towers with Radar,3,38,43,44,128,0,1,6,1,8,3,39,49,45,136,30,2,32,168
08/29/2018,LNK,NE,ACE,CE,Towers with Radar,0,42,44,42,128,0,0,61,0,61,0,42,105,42,189,102,56,158,347
08/30/2018,LNK,NE,ACE,CE,Towers with Radar,1,45,47,37,130,0,0,16,3,19,1,45,63,40,149,60,8,68,217
08/31/2018,LNK,NE,ACE,CE,Towers with Radar,4,37,40,4,85,0,4,31,0,35,4,41,71,4,120,40,0,40,160
09/01/2018,LNK,NE,ACE,CE,Towers with Radar,1,23,25,0,49,0,3,54,2,59,1,26,79,2,108,58,0,58,166
09/02/2018,LNK,NE,ACE,CE,Towers with Radar,0,30,20,2,52,0,2,16,1,19,0,32,36,3,71,0,0,0,71
09/03/2018,LNK,NE,ACE,CE,Towers with Radar,1,25,25,2,53,0,0,6,0,6,1,25,31,2,59,16,0,16,75
09/04/2018,LNK,NE,ACE,CE,Towers with Radar,1,25,14,50,90,0,0,0,0,0,1,25,14,50,90,0,30,30,120
09/05/2018,LNK,NE,ACE,CE,Towers with Radar,0,27,43,44,114,0,0,9,12,21,0,27,52,56,135,66,6,72,207
09/06/2018,LNK,NE,ACE,CE,Towers with Radar,0,43,45,71,159,0,0,11,11,22,0,43,56,82,181,4,4,8,189
09/07/2018,LNK,NE,ACE,CE,Towers with Radar,0,30,45,45,120,0,0,2,0,2,0,30,47,45,122,0,0,0,122
09/08/2018,LNK,NE,ACE,CE,Towers with Radar,2,39,74,6,121,0,2,36,3,41,2,41,110,9,162,18,0,18,180
09/09/2018,LNK,NE,ACE,CE,Towers with Radar,0,36,28,48,112,0,0,78,4,82,0,36,106,52,194,26,10,36,230
09/10/2018,LNK,NE,ACE,CE,Towers with Radar,1,32,22,7,62,0,3,40,0,43,1,35,62,7,105,54,4,58,163
09/11/2018,LNK,NE,ACE,CE,Towers with Radar,3,35,25,75,138,0,2,48,1,51,3,37,73,76,189,54,34,88,277
09/12/2018,LNK,NE,ACE,CE,Towers with Radar,0,39,23,33,95,0,0,41,8,49,0,39,64,41,144,30,20,50,194
09/13/2018,LNK,NE,ACE,CE,Towers with Radar,1,37,40,56,134,0,1,14,3,18,1,38,54,59,152,18,22,40,192
09/14/2018,LNK,NE,ACE,CE,Towers with Radar,2,29,41,28,100,0,0,58,10,68,2,29,99,38,168,64,18,82,250
09/15/2018,LNK,NE,ACE,CE,Towers with Radar,2,25,39,1,67,0,0,63,4,67,2,25,102,5,134,10,0,10,144
09/16/2018,LNK,NE,ACE,CE,Towers with Radar,0,30,29,28,87,0,1,62,3,66,0,31,91,31,153,26,2,28,181
09/17/2018,LNK,NE,ACE,CE,Towers with Radar,1,38,27,57,123,0,2,42,6,50,1,40,69,63,173,20,44,64,237
09/18/2018,LNK,NE,ACE,CE,Towers with Radar,1,30,24,43,98,0,0,39,5,44,1,30,63,48,142,40,42,82,224
09/19/2018,LNK,NE,ACE,CE,Towers with Radar,0,29,36,24,89,0,3,29,7,39,0,32,65,31,128,87,6,93,221
09/20/2018,LNK,NE,ACE,CE,Towers with Radar,1,34,29,31,95,0,7,17,3,27,1,41,46,34,122,1,28,29,151
09/21/2018,LNK,NE,ACE,CE,Towers with Radar,4,37,44,96,181,0,5,57,2,64,4,42,101,98,245,50,14,64,309
09/22/2018,LNK,NE,ACE,CE,Towers with Radar,8,30,29,24,91,0,2,61,7,70,8,32,90,31,161,36,8,44,205
09/23/2018,LNK,NE,ACE,CE,Towers with Radar,1,34,46,3,84,0,1,71,2,74,1,35,117,5,158,22,0,22,180
09/24/2018,LNK,NE,ACE,CE,Towers with Radar,1,38,36,21,96,0,6,21,0,27,1,44,57,21,123,60,10,70,193
09/25/2018,LNK,NE,ACE,CE,Towers with Radar,1,39,11,17,68,0,0,11,0,11,1,39,22,17,79,36,0,36,115
09/26/2018,LNK,NE,ACE,CE,Towers with Radar,1,41,34,16,92,0,8,72,3,83,1,49,106,19,175,42,2,44,219
09/27/2018,LNK,NE,ACE,CE,Towers with Radar,2,39,40,26,107,0,7,64,1,72,2,46,104,27,179,68,2,70,249
09/28/2018,LNK,NE,ACE,CE,Towers with Radar,2,41,27,30,100,0,5,15,0,20,2,46,42,30,120,30,12,42,162
09/29/2018,LNK,NE,ACE,CE,Towers with Radar,2,32,37,0,71,0,0,0,0,0,2,32,37,0,71,0,0,0,71
09/30/2018,LNK,NE,ACE,CE,Towers with Radar,0,25,39,1,65,0,0,1,0,1,0,25,40,1,66,0,0,0,66
10/01/2018,LNK,NE,ACE,CE,Towers with Radar,1,41,32,1,75,0,0,2,0,2,1,41,34,1,77,26,0,26,103
10/02/2018,LNK,NE,ACE,CE,Towers with Radar,1,35,34,9,79,0,0,14,0,14,1,35,48,9,93,16,0,16,109
10/03/2018,LNK,NE,ACE,CE,Towers with Radar,0,36,36,24,96,0,5,22,1,28,0,41,58,25,124,0,4,4,128
10/04/2018,LNK,NE,ACE,CE,Towers with Radar,1,31,40,37,109,0,0,37,0,37,1,31,77,37,146,14,12,26,172
10/05/2018,LNK,NE,ACE,CE,Towers with Radar,4,42,38,0,84,0,0,0,0,0,4,42,38,0,84,0,0,0,84
10/06/2018,LNK,NE,ACE,CE,Towers with Radar,2,26,20,2,50,0,0,14,0,14,2,26,34,2,64,42,8,50,114
10/07/2018,LNK,NE,ACE,CE,Towers with Radar,2,26,16,3,47,0,0,0,0,0,2,26,16,3,47,0,0,0,47
10/08/2018,LNK,NE,ACE,CE,Towers with Radar,0,37,10,0,47,0,0,0,0,0,0,37,10,0,47,0,0,0,47
10/09/2018,LNK,NE,ACE,CE,Towers with Radar,1,32,24,14,71,0,0,0,0,0,1,32,24,14,71,0,0,0,71
10/10/2018,LNK,NE,ACE,CE,Towers with Radar,1,36,42,29,108,0,0,6,13,19,1,36,48,42,127,2,4,6,133
10/11/2018,LNK,NE,ACE,CE,Towers with Radar,2,45,34,67,148,0,5,61,13,79,2,50,95,80,227,84,26,110,337
10/12/2018,LNK,NE,ACE,CE,Towers with Radar,3,38,27,18,86,0,0,2,0,2,3,38,29,18,88,6,0,6,94
10/13/2018,LNK,NE,ACE,CE,Towers with Radar,4,27,22,4,57,0,0,62,2,64,4,27,84,6,121,66,0,66,187
10/14/2018,LNK,NE,ACE,CE,Towers with Radar,0,29,15,0,44,0,0,0,0,0,0,29,15,0,44,0,0,0,44
10/15/2018,LNK,NE,ACE,CE,Towers with Radar,1,39,24,32,96,0,4,55,0,59,1,43,79,32,155,58,16,74,229
10/16/2018,LNK,NE,ACE,CE,Towers with Radar,1,36,36,40,113,0,2,57,7,66,1,38,93,47,179,44,30,74,253
10/17/2018,LNK,NE,ACE,CE,Towers with Radar,0,36,28,32,96,0,2,83,17,102,0,38,111,49,198,54,12,66,264
10/18/2018,LNK,NE,ACE,CE,Towers with Radar,1,46,44,30,121,0,2,74,6,82,1,48,118,36,203,82,8,90,293
10/19/2018,LNK,NE,ACE,CE,Towers with Radar,3,39,23,53,118,0,5,49,5,59,3,44,72,58,177,22,0,22,199
10/20/2018,LNK,NE,ACE,CE,Towers with Radar,5,28,33,4,70,0,5,57,2,64,5,33,90,6,134,14,0,14,148
10/21/2018,LNK,NE,ACE,CE,Towers with Radar,0,31,37,5,73,0,0,35,2,37,0,31,72,7,110,12,0,12,122
10/22/2018,LNK,NE,ACE,CE,Towers with Radar,1,30,30,12,73,0,7,42,0,49,1,37,72,12,122,26,14,40,162
10/23/2018,LNK,NE,ACE,CE,Towers with Radar,1,35,28,22,86,0,3,70,4,77,1,38,98,26,163,52,2,54,217
10/24/2018,LNK,NE,ACE,CE,Towers with Radar,2,33,42,55,132,0,0,47,14,61,2,33,89,69,193,70,16,86,279
10/25/2018,LNK,NE,ACE,CE,Towers with Radar,1,30,40,24,95,0,0,1,0,1,1,30,41,24,96,10,0,10,106
10/26/2018,LNK,NE,ACE,CE,Towers with Radar,1,37,28,17,83,0,3,34,0,37,1,40,62,17,120,52,0,52,172
10/27/2018,LNK,NE,ACE,CE,Towers with Radar,2,27,31,0,60,0,1,62,0,63,2,28,93,0,123,68,0,68,191
10/28/2018,LNK,NE,ACE,CE,Towers with Radar,4,25,23,2,54,0,0,28,0,28,4,25,51,2,82,36,0,36,118
10/29/2018,LNK,NE,ACE,CE,Towers with Radar,4,32,21,10,67,0,6,27,1,34,4,38,48,11,101,18,0,18,119
10/30/2018,LNK,NE,ACE,CE,Towers with Radar,6,27,36,64,133,0,2,27,9,38,6,29,63,73,171,16,30,46,217
10/31/2018,LNK,NE,ACE,CE,Towers with Radar,10,26,14,21,71,0,3,46,6,55,10,29,60,27,126,40,13,53,179
11/01/2018,LNK,NE,ACE,CE,Towers with Radar,2,41,34,23,100,0,11,56,12,79,2,52,90,35,179,50,10,60,239
11/02/2018,LNK,NE,ACE,CE,Towers with Radar,7,35,45,23,110,0,2,29,1,32,7,37,74,24,142,0,16,16,158
11/03/2018,LNK,NE,ACE,CE,Towers with Radar,7,18,21,10,56,0,0,26,2,28,7,18,47,12,84,8,0,8,92
11/04/2018,LNK,NE,ACE,CE,Towers with Radar,6,27,28,6,67,0,0,21,1,22,6,27,49,7,89,26,14,40,129
11/05/2018,LNK,NE,ACE,CE,Towers with Radar,5,40,30,38,113,0,0,3,0,3,5,40,33,38,116,12,4,16,132
11/06/2018,LNK,NE,ACE,CE,Towers with Radar,5,30,25,29,89,0,4,42,4,50,5,34,67,33,139,72,16,88,227
11/07/2018,LNK,NE,ACE,CE,Towers with Radar,7,37,36,24,104,0,11,60,5,76,7,48,96,29,180,46,24,70,250
11/08/2018,LNK,NE,ACE,CE,Towers with Radar,5,34,23,21,83,0,0,0,0,0,5,34,23,21,83,0,8,8,91
11/09/2018,LNK,NE,ACE,CE,Towers with Radar,6,36,34,7,83,0,0,7,2,9,6,36,41,9,92,2,6,8,100
11/10/2018,LNK,NE,ACE,CE,Towers with Radar,7,18,32,0,57,0,0,36,5,41,7,18,68,5,98,18,0,18,116
11/11/2018,LNK,NE,ACE,CE,Towers with Radar,5,35,34,1,75,0,2,30,1,33,5,37,64,2,108,84,0,84,192
11/12/2018,LNK,NE,ACE,CE,Towers with Radar,6,43,21,0,70,0,13,18,0,31,6,56,39,0,101,84,0,84,185
11/13/2018,LNK,NE,ACE,CE,Towers with Radar,7,30,28,15,80,0,4,58,4,66,7,34,86,19,146,66,16,82,228
11/14/2018,LNK,NE,ACE,CE,Towers with Radar,7,26,42,20,95,0,2,65,24,91,7,28,107,44,186,54,12,66,252
11/15/2018,LNK,NE,ACE,CE,Towers with Radar,5,36,42,44,127,0,2,71,14,87,5,38,113,58,214,60,20,80,294
11/16/2018,LNK,NE,ACE,CE,Towers with Radar,10,27,42,9,88,0,1,71,2,74,10,28,113,11,162,64,0,64,226
11/17/2018,LNK,NE,ACE,CE,Towers with Radar,8,14,27,2,51,0,1,3,1,5,8,15,30,3,56,2,0,2,58
11/18/2018,LNK,NE,ACE,CE,Towers with Radar,5,23,28,3,59,0,1,49,0,50,5,24,77,3,109,56,0,56,165
11/19/2018,LNK,NE,ACE,CE,Towers with Radar,6,23,14,19,62,0,0,45,1,46,6,23,59,20,108,32,36,68,176
11/20/2018,LNK,NE,ACE,CE,Towers with Radar,6,36,40,22,104,0,1,42,2,45,6,37,82,24,149,76,36,112,261
11/21/2018,LNK,NE,ACE,CE,Towers with Radar,6,28,30,7,71,0,3,55,5,63,6,31,85,12,134,58,0,58,192
11/22/2018,LNK,NE,ACE,CE,Towers with Radar,4,12,4,0,20,0,1,13,0,14,4,13,17,0,34,0,0,0,34
11/23/2018,LNK,NE,ACE,CE,Towers with Radar,6,14,10,0,30,0,2,7,0,9,6,16,17,0,39,20,0,20,59
11/24/2018,LNK,NE,ACE,CE,Towers with Radar,8,25,14,0,47,0,0,52,0,52,8,25,66,0,99,38,0,38,137
11/25/2018,LNK,NE,ACE,CE,Towers with Radar,8,27,19,0,54,0,0,0,0,0,8,27,19,0,54,0,0,0,54
11/26/2018,LNK,NE,ACE,CE,Towers with Radar,5,29,28,1,63,0,0,8,0,8,5,29,36,1,71,66,0,66,137
11/27/2018,LNK,NE,ACE,CE,Towers with Radar,6,28,34,28,96,0,2,28,1,31,6,30,62,29,127,104,8,112,239
11/28/2018,LNK,NE,ACE,CE,Towers with Radar,4,40,41,27,112,0,4,45,18,67,4,44,86,45,179,46,8,54,233
11/29/2018,LNK,NE,ACE,CE,Towers with Radar,3,32,24,30,89,0,0,27,10,37,3,32,51,40,126,34,14,48,174
11/30/2018,LNK,NE,ACE,CE,Towers with Radar,3,31,13,18,65,0,0,0,0,0,3,31,13,18,65,0,4,4,69
12/01/2018,LNK,NE,ACE,CE,Towers with Radar,3,19,2,0,24,0,0,0,0,0,3,19,2,0,24,0,0,0,24
12/02/2018,LNK,NE,ACE,CE,Towers with Radar,4,24,4,0,32,0,0,0,0,0,4,24,4,0,32,0,0,0,32
12/03/2018,LNK,NE,ACE,CE,Towers with Radar,3,31,25,2,61,0,1,0,1,2,3,32,25,3,63,2,0,2,65
12/04/2018,LNK,NE,ACE,CE,Towers with Radar,4,29,26,11,70,0,3,23,5,31,4,32,49,16,101,58,6,64,165
12/05/2018,LNK,NE,ACE,CE,Towers with Radar,2,36,40,3,81,0,1,64,1,66,2,37,104,4,147,64,0,64,211
12/06/2018,LNK,NE,ACE,CE,Towers with Radar,5,42,39,29,115,0,1,30,9,40,5,43,69,38,155,84,10,94,249
12/07/2018,LNK,NE,ACE,CE,Towers with Radar,3,29,33,28,93,0,1,57,0,58,3,30,90,28,151,36,16,52,203
12/08/2018,LNK,NE,ACE,CE,Towers with Radar,1,20,38,1,60,0,0,62,0,62,1,20,100,1,122,34,0,34,156
12/09/2018,LNK,NE,ACE,CE,Towers with Radar,2,25,21,2,50,0,0,63,0,63,2,25,84,2,113,84,0,84,197
12/10/2018,LNK,NE,ACE,CE,Towers with Radar,3,44,30,2,79,0,2,43,0,45,3,46,73,2,124,6,0,6,130
12/11/2018,LNK,NE,ACE,CE,Towers with Radar,3,44,33,12,92,0,4,41,3,48,3,48,74,15,140,58,4,62,202
12/12/2018,LNK,NE,ACE,CE,Towers with Radar,2,39,26,17,84,0,10,76,10,96,2,49,102,27,180,84,10,94,274
12/13/2018,LNK,NE,ACE,CE,Towers with Radar,3,32,32,104,171,0,1,14,10,25,3,33,46,114,196,2,18,20,216
12/14/2018,LNK,NE,ACE,CE,Towers with Radar,3,42,28,19,92,0,1,41,4,46,3,43,69,23,138,40,10,50,188
12/15/2018,LNK,NE,ACE,CE,Towers with Radar,1,22,7,11,41,0,5,56,3,64,1,27,63,14,105,32,2,34,139
12/16/2018,LNK,NE,ACE,CE,Towers with Radar,2,25,24,10,61,0,1,46,2,49,2,26,70,12,110,26,0,26,136
12/17/2018,LNK,NE,ACE,CE,Towers with Radar,3,39,35,16,93,0,8,48,0,56,3,47,83,16,149,116,8,124,273
12/18/2018,LNK,NE,ACE,CE,Towers with Radar,1,31,25,40,97,0,3,57,8,68,1,34,82,48,165,70,14,84,249
12/19/2018,LNK,NE,ACE,CE,Towers with Radar,2,28,33,21,84,0,2,49,12,63,2,30,82,33,147,64,6,70,217
12/20/2018,LNK,NE,ACE,CE,Towers with Radar,1,45,22,18,86,0,0,22,19,41,1,45,44,37,127,14,20,34,161
12/21/2018,LNK,NE,ACE,CE,Towers with Radar,1,33,20,34,88,0,11,64,2,77,1,44,84,36,165,74,58,132,297
12/22/2018,LNK,NE,ACE,CE,Towers with Radar,3,25,22,2,52,0,0,49,0,49,3,25,71,2,101,44,0,44,145
12/23/2018,LNK,NE,ACE,CE,Towers with Radar,1,22,13,0,36,0,1,63,0,64,1,23,76,0,100,66,0,66,166
12/24/2018,LNK,NE,ACE,CE,Towers with Radar,2,19,6,0,27,0,2,8,0,10,2,21,14,0,37,16,0,16,53
12/25/2018,LNK,NE,ACE,CE,Towers with Radar,2,15,3,0,20,0,0,2,0,2,2,15,5,0,22,0,0,0,22
12/26/2018,LNK,NE,ACE,CE,Towers with Radar,2,25,16,0,43,0,0,0,0,0,2,25,16,0,43,0,0,0,43
12/27/2018,LNK,NE,ACE,CE,Towers with Radar,2,21,12,0,35,0,0,0,0,0,2,21,12,0,35,2,0,2,37
12/28/2018,LNK,NE,ACE,CE,Towers with Radar,2,26,19,0,47,0,0,0,0,0,2,26,19,0,47,0,0,0,47
12/29/2018,LNK,NE,ACE,CE,Towers with Radar,3,28,30,0,61,0,2,43,0,45,3,30,73,0,106,52,0,52,158
12/30/2018,LNK,NE,ACE,CE,Towers with Radar,1,30,12,0,43,0,2,39,0,41,1,32,51,0,84,42,0,42,126
12/31/2018,LNK,NE,ACE,CE,Towers with Radar,3,18,9,0,30,0,0,0,0,0,3,18,9,0,30,0,0,0,30
01/01/2019,LNK,NE,ACE,CE,Towers with Radar,1,18,8,0,27,0,1,2,0,3,1,19,10,0,30,12,0,12,42
01/02/2019,LNK,NE,ACE,CE,Towers with Radar,1,30,17,13,61,0,1,41,9,51,1,31,58,22,112,28,8,36,148
01/03/2019,LNK,NE,ACE,CE,Towers with Radar,1,27,28,30,86,0,0,57,12,69,1,27,85,42,155,42,24,66,221
01/04/2019,LNK,NE,ACE,CE,Towers with Radar,1,28,23,16,68,0,1,48,3,52,1,29,71,19,120,80,10,90,210
01/05/2019,LNK,NE,ACE,CE,Towers with Radar,2,21,26,16,65,0,0,81,2,83,2,21,107,18,148,70,8,78,226
01/06/2019,LNK,NE,ACE,CE,Towers with Radar,3,35,15,12,65,0,0,7,0,7,3,35,22,12,72,0,0,0,72
01/07/2019,LNK,NE,ACE,CE,Towers with Radar,2,46,34,19,101,0,5,41,3,49,2,51,75,22,150,90,14,104,254
01/08/2019,LNK,NE,ACE,CE,Towers with Radar,1,34,22,34,91,0,2,6,2,10,1,36,28,36,101,2,14,16,117
01/09/2019,LNK,NE,ACE,CE,Towers with Radar,1,25,21,29,76,0,0,44,11,55,1,25,65,40,131,56,38,94,225
01/10/2019,LNK,NE,ACE,CE,Towers with Radar,2,34,18,34,88,0,2,39,12,53,2,36,57,46,141,34,10,44,185
01/11/2019,LNK,NE,ACE,CE,Towers with Radar,2,37,21,16,76,0,0,26,0,26,2,37,47,16,102,52,12,64,166
01/12/2019,LNK,NE,ACE,CE,Towers with Radar,1,22,4,1,28,0,0,0,0,0,1,22,4,1,28,0,0,0,28
01/13/2019,LNK,NE,ACE,CE,Towers with Radar,3,27,21,9,60,0,0,2,0,2,3,27,23,9,62,6,2,8,70
01/14/2019,LNK,NE,ACE,CE,Towers with Radar,2,31,25,8,66,0,0,0,0,0,2,31,25,8,66,0,0,0,66
01/15/2019,LNK,NE,ACE,CE,Towers with Radar,2,30,20,6,58,0,0,0,0,0,2,30,20,6,58,0,0,0,58
01/16/2019,LNK,NE,ACE,CE,Towers with Radar,2,39,25,14,80,0,0,1,2,3,2,39,26,16,83,6,0,6,89
01/17/2019,LNK,NE,ACE,CE,Towers with Radar,2,52,25,30,109,0,0,4,0,4,2,52,29,30,113,48,4,52,165
01/18/2019,LNK,NE,ACE,CE,Towers with Radar,2,30,8,3,43,0,0,0,0,0,2,30,8,3,43,0,0,0,43
01/19/2019,LNK,NE,ACE,CE,Towers with Radar,1,19,9,0,29,0,2,26,0,28,1,21,35,0,57,44,0,44,101
01/20/2019,LNK,NE,ACE,CE,Towers with Radar,6,25,9,0,40,0,2,11,0,13,6,27,20,0,53,32,0,32,85
01/21/2019,LNK,NE,ACE,CE,Towers with Radar,6,39,18,0,63,0,0,0,0,0,6,39,18,0,63,0,0,0,63
01/22/2019,LNK,NE,ACE,CE,Towers with Radar,7,18,9,0,34,0,0,0,0,0,7,18,9,0,34,0,0,0,34
01/23/2019,LNK,NE,ACE,CE,Towers with Radar,4,39,43,12,98,0,2,48,10,60,4,41,91,22,158,102,0,102,260
01/24/2019,LNK,NE,ACE,CE,Towers with Radar,5,26,29,21,81,0,2,7,6,15,5,28,36,27,96,6,16,22,118
01/25/2019,LNK,NE,ACE,CE,Towers with Radar,6,31,33,20,90,0,0,33,0,33,6,31,66,20,123,58,18,76,199
01/26/2019,LNK,NE,ACE,CE,Towers with Radar,4,18,18,0,40,0,0,33,0,33,4,18,51,0,73,56,0,56,129
01/27/2019,LNK,NE,ACE,CE,Towers with Radar,3,30,23,0,56,0,0,8,0,8,3,30,31,0,64,12,0,12,76
01/28/2019,LNK,NE,ACE,CE,Towers with Radar,5,31,25,3,64,0,1,2,0,3,5,32,27,3,67,0,0,0,67
01/29/2019,LNK,NE,ACE,CE,Towers with Radar,6,29,32,1,68,0,2,7,2,11,6,31,39,3,79,0,0,0,79
01/30/2019,LNK,NE,ACE,CE,Towers with Radar,1,30,38,14,83,0,0,5,0,5,1,30,43,14,88,0,0,0,88
01/31/2019,LNK,NE,ACE,CE,Towers with Radar,3,25,26,16,70,0,3,39,8,50,3,28,65,24,120,30,6,36,156
02/01/2019,LNK,NE,ACE,CE,Towers with Radar,8,24,33,12,77,0,2,73,3,78,8,26,106,15,155,46,6,52,207
02/02/2019,LNK,NE,ACE,CE,Towers with Radar,4,25,11,0,40,0,0,0,0,0,4,25,11,0,40,0,0,0,40
02/03/2019,LNK,NE,ACE,CE,Towers with Radar,4,27,16,1,48,0,0,14,1,15,4,27,30,2,63,60,0,60,123
02/04/2019,LNK,NE,ACE,CE,Towers with Radar,5,41,22,2,70,0,3,31,2,36,5,44,53,4,106,28,0,28,134
02/05/2019,LNK,NE,ACE,CE,Towers with Radar,8,21,14,14,57,0,0,2,2,4,8,21,16,16,61,22,0,22,83
02/06/2019,LNK,NE,ACE,CE,Towers with Radar,4,26,11,0,41,0,0,0,0,0,4,26,11,0,41,0,0,0,41
02/07/2019,LNK,NE,ACE,CE,Towers with Radar,6,34,24,28,92,0,1,6,8,15,6,35,30,36,107,0,6,6,113
02/08/2019,LNK,NE,ACE,CE,Towers with Radar,8,31,21,26,86,0,5,56,2,63,8,36,77,28,149,52,52,104,253
02/09/2019,LNK,NE,ACE,CE,Towers with Radar,4,20,8,2,34,0,2,34,5,41,4,22,42,7,75,12,2,14,89
02/10/2019,LNK,NE,ACE,CE,Towers with Radar,4,26,4,0,34,0,0,0,0,0,4,26,4,0,34,0,0,0,34
02/11/2019,LNK,NE,ACE,CE,Towers with Radar,4,22,6,0,32,0,0,0,0,0,4,22,6,0,32,0,0,0,32
02/12/2019,LNK,NE,ACE,CE,Towers with Radar,7,25,29,17,78,0,9,42,2,53,7,34,71,19,131,48,12,60,191
02/13/2019,LNK,NE,ACE,CE,Towers with Radar,3,38,22,50,113,0,1,80,5,86,3,39,102,55,199,122,38,160,359
02/14/2019,LNK,NE,ACE,CE,Towers with Radar,2,51,31,19,103,0,9,11,1,21,2,60,42,20,124,0,0,0,124
02/15/2019,LNK,NE,ACE,CE,Towers with Radar,2,29,19,2,52,0,0,0,0,0,2,29,19,2,52,0,0,0,52
02/16/2019,LNK,NE,ACE,CE,Towers with Radar,1,23,26,0,50,0,0,26,0,26,1,23,52,0,76,44,0,44,120
02/17/2019,LNK,NE,ACE,CE,Towers with Radar,3,36,13,0,52,0,0,2,0,2,3,36,15,0,54,22,0,22,76
02/18/2019,LNK,NE,ACE,CE,Towers with Radar,4,43,28,0,75,0,3,22,0,25,4,46,50,0,100,70,0,70,170
02/19/2019,LNK,NE,ACE,CE,Towers with Radar,1,33,22,0,56,0,1,13,3,17,1,34,35,3,73,64,0,64,137
02/20/2019,LNK,NE,ACE,CE,Towers with Radar,3,33,31,14,81,0,0,15,6,21,3,33,46,20,102,32,6,38,140
02/21/2019,LNK,NE,ACE,CE,Towers with Radar,0,63,24,42,129,0,1,49,9,59,0,64,73,51,188,132,4,136,324
02/22/2019,LNK,NE,ACE,CE,Towers with Radar,4,32,17,20,73,0,4,18,0,22,4,36,35,20,95,84,8,92,187
02/23/2019,LNK,NE,ACE,CE,Towers with Radar,0,11,2,0,13,0,0,0,0,0,0,11,2,0,13,0,0,0,13
02/24/2019,LNK,NE,ACE,CE,Towers with Radar,4,26,19,1,50,0,7,5,0,12,4,33,24,1,62,0,0,0,62
02/25/2019,LNK,NE,ACE,CE,Towers with Radar,2,36,25,0,63,0,3,19,1,23,2,39,44,1,86,62,0,62,148
02/26/2019,LNK,NE,ACE,CE,Towers with Radar,3,47,12,54,116,0,5,11,1,17,3,52,23,55,133,104,25,129,262
02/27/2019,LNK,NE,ACE,CE,Towers with Radar,3,38,16,32,89,0,1,36,5,42,3,39,52,37,131,116,30,146,277
02/28/2019,LNK,NE,ACE,CE,Towers with Radar,2,38,30,43,113,0,4,50,7,61,2,42,80,50,174,110,12,122,296
03/01/2019,LNK,NE,ACE,CE,Towers with Radar,2,33,40,13,88,0,0,39,4,43,2,33,79,17,131,28,12,40,171
03/02/2019,LNK,NE,ACE,CE,Towers with Radar,3,28,7,5,43,0,0,4,6,10,3,28,11,11,53,4,1,5,58
03/03/2019,LNK,NE,ACE,CE,Towers with Radar,1,37,28,4,70,0,0,11,2,13,1,37,39,6,83,4,0,4,87
03/04/2019,LNK,NE,ACE,CE,Towers with Radar,3,43,21,3,70,0,0,7,1,8,3,43,28,4,78,6,0,6,84
03/05/2019,LNK,NE,ACE,CE,Towers with Radar,5,30,18,31,84,0,2,56,5,63,5,32,74,36,147,26,12,38,185
03/06/2019,LNK,NE,ACE,CE,Towers with Radar,1,20,24,40,85,0,2,66,3,71,1,22,90,43,156,86,18,104,260
03/07/2019,LNK,NE,ACE,CE,Towers with Radar,2,33,19,22,76,0,0,0,0,0,2,33,19,22,76,22,0,22,98
03/08/2019,LNK,NE,ACE,CE,Towers with Radar,5,27,18,0,50,0,0,0,0,0,5,27,18,0,50,0,0,0,50
03/09/2019,LNK,NE,ACE,CE,Towers with Radar,5,27,3,0,35,0,0,1,0,1,5,27,4,0,36,0,0,0,36
03/10/2019,LNK,NE,ACE,CE,Towers with Radar,2,34,21,0,57,0,1,64,0,65,2,35,85,0,122,36,0,36,158
03/11/2019,LNK,NE,ACE,CE,Towers with Radar,4,43,28,16,91,0,6,72,7,85,4,49,100,23,176,144,2,146,322
03/12/2019,LNK,NE,ACE,CE,Towers with Radar,4,36,45,7,92,0,0,0,0,0,4,36,45,7,92,30,0,30,122
03/13/2019,LNK,NE,ACE,CE,Towers with Radar,5,25,12,14,56,0,0,0,2,2,5,25,12,16,58,0,0,0,58
03/14/2019,LNK,NE,ACE,CE,Towers with Radar,4,29,14,2,49,0,0,0,3,3,4,29,14,5,52,0,0,0,52
03/15/2019,LNK,NE,ACE,CE,Towers with Radar,4,49,30,20,103,0,0,67,8,75,4,49,97,28,178,44,8,52,230
03/16/2019,LNK,NE,ACE,CE,Towers with Radar,4,35,21,14,74,0,1,120,19,140,4,36,141,33,214,58,1,59,273
03/17/2019,LNK,NE,ACE,CE,Towers with Radar,4,42,35,12,93,0,7,111,15,133,4,49,146,27,226,54,0,54,280
03/18/2019,LNK,NE,ACE,CE,Towers with Radar,4,46,28,20,98,0,2,73,15,90,4,48,101,35,188,50,16,66,254
03/19/2019,LNK,NE,ACE,CE,Towers with Radar,3,38,17,26,84,0,0,0,1,1,3,38,17,27,85,0,4,4,89
03/20/2019,LNK,NE,ACE,CE,Towers with Radar,2,31,46,37,116,0,4,55,17,76,2,35,101,54,192,46,16,62,254
03/21/2019,LNK,NE,ACE,CE,Towers with Radar,4,40,34,30,108,0,1,81,8,90,4,41,115,38,198,74,8,82,280
03/22/2019,LNK,NE,ACE,CE,Towers with Radar,4,35,34,19,92,0,6,53,7,66,4,41,87,26,158,71,12,83,241
03/23/2019,LNK,NE,ACE,CE,Towers with Radar,1,30,9,4,44,0,2,16,5,23,1,32,25,9,67,26,0,26,93
03/24/2019,LNK,NE,ACE,CE,Towers with Radar,3,34,22,1,60,0,0,0,0,0,3,34,22,1,60,0,0,0,60
03/25/2019,LNK,NE,ACE,CE,Towers with Radar,3,36,32,26,97,0,1,10,5,16,3,37,42,31,113,0,6,6,119
03/26/2019,LNK,NE,ACE,CE,Towers with Radar,2,30,30,34,96,0,1,45,7,53,2,31,75,41,149,76,49,125,274
03/27/2019,LNK,NE,ACE,CE,Towers with Radar,2,34,32,46,114,0,0,25,4,29,2,34,57,50,143,20,48,68,211
03/28/2019,LNK,NE,ACE,CE,Towers with Radar,5,32,29,32,98,0,0,7,1,8,5,32,36,33,106,44,4,48,154
03/29/2019,LNK,NE,ACE,CE,Towers with Radar,4,33,26,23,86,0,6,1,0,7,4,39,27,23,93,10,0,10,103
03/30/2019,LNK,NE,ACE,CE,Towers with Radar,1,19,18,0,38,0,0,20,0,20,1,19,38,0,58,0,0,0,58
03/31/2019,LNK,NE,ACE,CE,Towers with Radar,4,25,22,1,52,0,4,66,0,70,4,29,88,1,122,8,0,8,130
04/01/2019,LNK,NE,ACE,CE,Towers with Radar,5,34,29,32,100,0,2,55,2,59,5,36,84,34,159,24,20,44,203
04/02/2019,LNK,NE,ACE,CE,Towers with Radar,4,38,28,26,96,0,0,51,2,53,4,38,79,28,149,14,30,44,193
04/03/2019,LNK,NE,ACE,CE,Towers with Radar,4,26,27,34,91,0,0,5,2,7,4,26,32,36,98,0,24,24,122
04/04/2019,LNK,NE,ACE,CE,Towers with Radar,5,41,33,69,148,0,0,31,2,33,5,41,64,71,181,34,62,96,277
04/05/2019,LNK,NE,ACE,CE,Towers with Radar,6,37,40,33,116,0,4,38,0,42,6,41,78,33,158,10,16,26,184
04/06/2019,LNK,NE,ACE,CE,Towers with Radar,4,18,15,0,37,0,0,44,0,44,4,18,59,0,81,22,0,22,103
04/07/2019,LNK,NE,ACE,CE,Towers with Radar,3,27,21,3,54,0,0,27,1,28,3,27,48,4,82,8,6,14,96
04/08/2019,LNK,NE,ACE,CE,Towers with Radar,5,32,28,43,108,0,4,78,2,84,5,36,106,45,192,64,20,84,276
04/09/2019,LNK,NE,ACE,CE,Towers with Radar,5,30,33,38,106,0,1,46,3,50,5,31,79,41,156,28,0,28,184
04/10/2019,LNK,NE,ACE,CE,Towers with Radar,3,31,25,3,62,0,0,4,0,4,3,31,29,3,66,0,6,6,72
04/11/2019,LNK,NE,ACE,CE,Towers with Radar,5,27,21,41,94,0,0,2,1,3,5,27,23,42,97,0,0,0,97
04/12/2019,LNK,NE,ACE,CE,Towers with Radar,5,25,23,19,72,0,0,4,2,6,5,25,27,21,78,0,4,4,82
04/13/2019,LNK,NE,ACE,CE,Towers with Radar,5,26,32,23,86,0,6,50,7,63,5,32,82,30,149,30,0,30,179
04/14/2019,LNK,NE,ACE,CE,Towers with Radar,4,23,27,7,61,0,6,60,1,67,4,29,87,8,128,6,0,6,134
04/15/2019,LNK,NE,ACE,CE,Towers with Radar,5,33,24,8,70,0,1,59,0,60,5,34,83,8,130,42,12,54,184
04/16/2019,LNK,NE,ACE,CE,Towers with Radar,4,35,34,37,110,0,2,53,4,59,4,37,87,41,169,34,20,54,223
04/17/2019,LNK,NE,ACE,CE,Towers with Radar,5,47,27,64,143,0,0,12,6,18,5,47,39,70,161,4,18,22,183
04/18/2019,LNK,NE,ACE,CE,Towers with Radar,5,50,26,78,159,0,2,7,11,20,5,52,33,89,179,4,34,38,217
04/19/2019,LNK,NE,ACE,CE,Towers with Radar,4,34,33,18,89,0,0,93,1,94,4,34,126,19,183,74,10,84,267
04/20/2019,LNK,NE,ACE,CE,Towers with Radar,3,18,21,0,42,0,6,76,1,83,3,24,97,1,125,54,0,54,179
04/21/2019,LNK,NE,ACE,CE,Towers with Radar,5,19,11,0,35,0,0,9,1,10,5,19,20,1,45,0,0,0,45
04/22/2019,LNK,NE,ACE,CE,Towers with Radar,5,33,43,30,111,0,0,7,2,9,5,33,50,32,120,10,4,14,134
04/23/2019,LNK,NE,ACE,CE,Towers with Radar,4,35,48,74,161,0,0,50,7,57,4,35,98,81,218,42,66,108,326
04/24/2019,LNK,NE,ACE,CE,Towers with Radar,4,34,37,50,125,0,4,69,13,86,4,38,106,63,211,52,14,66,277
04/25/2019,LNK,NE,ACE,CE,Towers with Radar,5,33,31,48,117,0,3,9,5,17,5,36,40,53,134,0,22,22,156
04/26/2019,LNK,NE,ACE,CE,Towers with Radar,5,37,21,23,86,0,2,59,16,77,5,39,80,39,163,60,14,74,237
04/27/2019,LNK,NE,ACE,CE,Towers with Radar,3,16,9,14,42,0,1,1,15,17,3,17,10,29,59,12,0,12,71
04/28/2019,LNK,NE,ACE,CE,Towers with Radar,6,22,17,14,59,0,0,12,0,12,6,22,29,14,71,0,0,0,71
04/29/2019,LNK,NE,ACE,CE,Towers with Radar,3,35,29,27,94,0,2,41,1,44,3,37,70,28,138,10,2,12,150
04/30/2019,LNK,NE,ACE,CE,Towers with Radar,1,42,42,48,133,0,0,2,4,6,1,42,44,52,139,34,0,34,173
05/01/2019,LNK,NE,ACE,CE,Towers with Radar,0,38,40,57,135,0,2,8,0,10,0,40,48,57,145,44,0,44,189
05/02/2019,LNK,NE,ACE,CE,Towers with Radar,2,43,33,86,164,0,0,69,1,70,2,43,102,87,234,10,74,84,318
05/03/2019,LNK,NE,ACE,CE,Towers with Radar,3,35,36,13,87,0,0,55,1,56,3,35,91,14,143,50,6,56,199
05/04/2019,LNK,NE,ACE,CE,Towers with Radar,5,29,39,17,90,0,1,41,1,43,5,30,80,18,133,2,4,6,139
05/05/2019,LNK,NE,ACE,CE,Towers with Radar,5,31,25,6,67,0,2,16,2,20,5,33,41,8,87,26,0,26,113
05/06/2019,LNK,NE,ACE,CE,Towers with Radar,2,38,18,21,79,0,0,12,0,12,2,38,30,21,91,42,2,44,135
05/07/2019,LNK,NE,ACE,CE,Towers with Radar,1,40,32,30,103,0,0,3,0,3,1,40,35,30,106,4,2,6,112
05/08/2019,LNK,NE,ACE,CE,Towers with Radar,3,34,34,60,131,0,0,3,6,9,3,34,37,66,140,16,0,16,156
05/09/2019,LNK,NE,ACE,CE,Towers with Radar,1,32,26,96,155,0,2,16,7,25,1,34,42,103,180,30,46,76,256
05/10/2019,LNK,NE,ACE,CE,Towers with Radar,3,33,33,52,121,0,0,70,4,74,3,33,103,56,195,28,10,38,233
05/11/2019,LNK,NE,ACE,CE,Towers with Radar,2,24,21,10,57,0,1,41,7,49,2,25,62,17,106,82,0,82,188
05/12/2019,LNK,NE,ACE,CE,Towers with Radar,2,33,19,3,57,0,1,25,0,26,2,34,44,3,83,64,0,64,147
05/13/2019,LNK,NE,ACE,CE,Towers with Radar,2,32,22,12,68,0,0,49,0,49,2,32,71,12,117,4,14,18,135
05/14/2019,LNK,NE,ACE,CE,Towers with Radar,1,30,40,86,157,0,0,71,9,80,1,30,111,95,237,40,54,94,331
05/15/2019,LNK,NE,ACE,CE,Towers with Radar,3,34,62,69,168,0,0,66,12,78,3,34,128,81,246,18,48,66,312
05/16/2019,LNK,NE,ACE,CE,Towers with Radar,2,45,33,65,145,0,11,44,14,69,2,56,77,79,214,14,36,50,264
05/17/2019,LNK,NE,ACE,CE,Towers with Radar,4,24,31,38,97,0,0,39,4,43,4,24,70,42,140,6,28,34,174
05/18/2019,LNK,NE,ACE,CE,Towers with Radar,2,22,17,8,49,0,1,19,6,26,2,23,36,14,75,2,14,16,91
05/19/2019,LNK,NE,ACE,CE,Towers with Radar,1,33,34,2,70,0,1,22,1,24,1,34,56,3,94,38,0,38,132
05/20/2019,LNK,NE,ACE,CE,Towers with Radar,2,28,29,36,95,0,1,6,0,7,2,29,35,36,102,26,0,26,128
05/21/2019,LNK,NE,ACE,CE,Towers with Radar,1,32,11,0,44,0,0,0,0,0,1,32,11,0,44,0,0,0,44
05/22/2019,LNK,NE,ACE,CE,Towers with Radar,1,33,38,5,77,0,1,29,2,32,1,34,67,7,109,8,0,8,117
05/23/2019,LNK,NE,ACE,CE,Towers with Radar,2,35,31,66,134,0,0,41,5,46,2,35,72,71,180,10,54,64,244
05/24/2019,LNK,NE,ACE,CE,Towers with Radar,3,38,36,12,89,0,0,46,2,48,3,38,82,14,137,6,0,6,143
05/25/2019,LNK,NE,ACE,CE,Towers with Radar,2,18,28,1,49,0,0,16,1,17,2,18,44,2,66,24,0,24,90
05/26/2019,LNK,NE,ACE,CE,Towers with Radar,0,19,10,0,29,0,0,35,0,35,0,19,45,0,64,52,0,52,116
05/27/2019,LNK,NE,ACE,CE,Towers with Radar,1,27,24,0,52,0,2,18,2,22,1,29,42,2,74,20,0,20,94
05/28/2019,LNK,NE,ACE,CE,Towers with Radar,1,31,20,0,52,0,0,0,0,0,1,31,20,0,52,8,0,8,60
05/29/2019,LNK,NE,ACE,CE,Towers with Radar,1,43,43,53,140,0,0,34,6,40,1,43,77,59,180,42,22,64,244
05/30/2019,LNK,NE,ACE,CE,Towers with Radar,2,34,52,53,141,0,10,74,4,88,2,44,126,57,229,40,16,56,285
05/31/2019,LNK,NE,ACE,CE,Towers with Radar,3,59,40,41,143,0,2,58,3,63,3,61,98,44,206,42,6,48,254
06/01/2019,LNK,NE,ACE,CE,Towers with Radar,1,19,33,39,92,0,1,60,1,62,1,20,93,40,154,42,8,50,204
06/02/2019,LNK,NE,ACE,CE,Towers with Radar,4,27,47,4,82,0,2,77,2,81,4,29,124,6,163,46,0,46,209
06/03/2019,LNK,NE,ACE,CE,Towers with Radar,4,40,46,21,111,0,2,16,3,21,4,42,62,24,132,60,16,76,208
06/04/2019,LNK,NE,ACE,CE,Towers with Radar,1,35,41,31,108,0,7,58,3,68,1,42,99,34,176,18,16,34,210
06/05/2019,LNK,NE,ACE,CE,Towers with Radar,1,27,30,48,106,0,0,62,4,66,1,27,92,52,172,54,18,72,244
06/06/2019,LNK,NE,ACE,CE,Towers with Radar,4,43,34,46,127,0,0,40,2,42,4,43,74,48,169,32,40,72,241
06/07/2019,LNK,NE,ACE,CE,Towers with Radar,2,33,42,25,102,0,0,58,0,58,2,33,100,25,160,28,18,46,206
06/08/2019,LNK,NE,ACE,CE,Towers with Radar,0,35,27,1,63,0,1,47,0,48,0,36,74,1,111,22,0,22,133
06/09/2019,LNK,NE,ACE,CE,Towers with Radar,0,35,24,7,66,0,0,31,1,32,0,35,55,8,98,2,0,2,100
06/10/2019,LNK,NE,ACE,CE,Towers with Radar,1,45,24,17,87,0,0,77,0,77,1,45,101,17,164,24,20,44,208
06/11/2019,LNK,NE,ACE,CE,Towers with Radar,1,32,37,56,126,0,0,25,0,25,1,32,62,56,151,48,28,76,227
06/12/2019,LNK,NE,ACE,CE,Towers with Radar,2,37,27,64,130,0,0,54,1,55,2,37,81,65,185,10,30,40,225
06/13/2019,LNK,NE,ACE,CE,Towers with Radar,5,44,36,47,132,0,0,61,1,62,5,44,97,48,194,38,14,52,246
06/14/2019,LNK,NE,ACE,CE,Towers with Radar,2,51,32,52,137,0,0,33,0,33,2,51,65,52,170,12,16,28,198
06/15/2019,LNK,NE,ACE,CE,Towers with Radar,1,30,28,1,60,0,3,55,2,60,1,33,83,3,120,20,0,20,140
06/16/2019,LNK,NE,ACE,CE,Towers with Radar,2,29,26,0,57,0,0,68,1,69,2,29,94,1,126,42,0,42,168
06/17/2019,LNK,NE,ACE,CE,Towers with Radar,2,32,31,27,92,0,2,61,5,68,2,34,92,32,160,40,26,66,226
06/18/2019,LNK,NE,ACE,CE,Towers with Radar,4,34,17,20,75,0,0,6,0,6,4,34,23,20,81,6,0,6,87
06/19/2019,LNK,NE,ACE,CE,Towers with Radar,2,37,38,31,108,0,0,33,0,33,2,37,71,31,141,16,6,22,163
06/20/2019,LNK,NE,ACE,CE,Towers with Radar,2,38,67,27,134,0,2,46,1,49,2,40,113,28,183,14,22,36,219
06/21/2019,LNK,NE,ACE,CE,Towers with Radar,2,27,18,6,53,0,0,18,0,18,2,27,36,6,71,16,0,16,87
06/22/2019,LNK,NE,ACE,CE,Towers with Radar,2,18,26,1,47,0,3,21,0,24,2,21,47,1,71,22,0,22,93
06/23/2019,LNK,NE,ACE,CE,Towers with Radar,0,31,25,2,58,0,0,1,0,1,0,31,26,2,59,12,0,12,71
06/24/2019,LNK,NE,ACE,CE,Towers with Radar,1,46,44,43,134,0,0,78,8,86,1,46,122,51,220,72,27,99,319
06/25/2019,LNK,NE,ACE,CE,Towers with Radar,2,32,29,58,121,0,5,52,3,60,2,37,81,61,181,64,8,72,253
06/26/2019,LNK,NE,ACE,CE,Towers with Radar,3,30,36,22,91,0,0,57,7,64,3,30,93,29,155,36,2,38,193
06/27/2019,LNK,NE,ACE,CE,Towers with Radar,2,43,46,80,171,0,0,49,12,61,2,43,95,92,232,6,50,56,288
06/28/2019,LNK,NE,ACE,CE,Towers with Radar,2,43,48,26,119,0,8,77,2,87,2,51,125,28,206,12,16,28,234
06/29/2019,LNK,NE,ACE,CE,Towers with Radar,2,29,26,18,75,0,1,64,2,67,2,30,90,20,142,82,2,84,226
06/30/2019,LNK,NE,ACE,CE,Towers with Radar,2,23,27,20,72,0,1,66,2,69,2,24,93,22,141,32,0,32,173
07/01/2019,LNK,NE,ACE,CE,Towers with Radar,4,30,20,22,76,0,1,62,4,67,4,31,82,26,143,38,0,38,181
07/02/2019,LNK,NE,ACE,CE,Towers with Radar,8,36,50,34,128,0,4,45,4,53,8,40,95,38,181,72,18,90,271
07/03/2019,LNK,NE,ACE,CE,Towers with Radar,4,37,42,23,106,0,1,36,2,39,4,38,78,25,145,40,32,72,217
07/04/2019,LNK,NE,ACE,CE,Towers with Radar,1,15,9,2,27,0,3,22,1,26,1,18,31,3,53,14,0,14,67
07/05/2019,LNK,NE,ACE,CE,Towers with Radar,3,26,10,0,39,0,0,14,0,14,3,26,24,0,53,10,0,10,63
07/06/2019,LNK,NE,ACE,CE,Towers with Radar,3,24,16,1,44,0,3,27,1,31,3,27,43,2,75,18,0,18,93
07/07/2019,LNK,NE,ACE,CE,Towers with Radar,2,33,31,4,70,0,0,39,1,40,2,33,70,5,110,50,0,50,160
07/08/2019,LNK,NE,ACE,CE,Towers with Radar,2,44,33,52,131,0,0,63,6,69,2,44,96,58,200,30,8,38,238
07/09/2019,LNK,NE,ACE,CE,Towers with Radar,2,28,31,52,113,0,3,39,2,44,2,31,70,54,157,40,38,78,235
07/10/2019,LNK,NE,ACE,CE,Towers with Radar,2,35,37,28,102,0,2,41,10,53,2,37,78,38,155,30,33,63,218
07/11/2019,LNK,NE,ACE,CE,Towers with Radar,2,54,44,49,149,0,2,68,10,80,2,56,112,59,229,42,34,76,305
07/12/2019,LNK,NE,ACE,CE,Towers with Radar,2,42,40,18,102,0,8,60,2,70,2,50,100,20,172,38,10,48,220
07/13/2019,LNK,NE,ACE,CE,Towers with Radar,1,27,35,7,70,0,1,66,6,73,1,28,101,13,143,30,0,30,173
07/14/2019,LNK,NE,ACE,CE,Towers with Radar,2,41,21,19,83,0,3,42,6,51,2,44,63,25,134,36,10,46,180
07/15/2019,LNK,NE,ACE,CE,Towers with Radar,4,37,31,26,98,0,2,54,1,57,4,39,85,27,155,50,18,68,223
07/16/2019,LNK,NE,ACE,CE,Towers with Radar,2,33,33,5,73,0,3,44,1,48,2,36,77,6,121,36,4,40,161
07/17/2019,LNK,NE,ACE,CE,Towers with Radar,1,42,39,25,107,0,1,62,5,68,1,43,101,30,175,70,14,84,259
07/18/2019,LNK,NE,ACE,CE,Towers with Radar,2,48,36,60,146,0,4,43,3,50,2,52,79,63,196,56,46,102,298
07/19/2019,LNK,NE,ACE,CE,Towers with Radar,1,30,37,23,91,0,0,47,4,51,1,30,84,27,142,14,16,30,172
07/20/2019,LNK,NE,ACE,CE,Towers with Radar,2,26,24,5,57,0,3,32,1,36,2,29,56,6,93,46,0,46,139
07/21/2019,LNK,NE,ACE,CE,Towers with Radar,4,28,30,1,63,0,0,6,1,7,4,28,36,2,70,12,0,12,82
07/22/2019,LNK,NE,ACE,CE,Towers with Radar,2,34,33,51,120,0,4,42,1,47,2,38,75,52,167,52,24,76,243
07/23/2019,LNK,NE,ACE,CE,Towers with Radar,4,35,36,28,103,0,4,54,3,61,4,39,90,31,164,45,22,67,231
07/24/2019,LNK,NE,ACE,CE,Towers with Radar,2,38,38,42,120,0,1,73,3,77,2,39,111,45,197,60,24,84,281
07/25/2019,LNK,NE,ACE,CE,Towers with Radar,3,52,43,25,123,0,5,49,1,55,3,57,92,26,178,8,26,34,212
07/26/2019,LNK,NE,ACE,CE,Towers with Radar,2,33,43,42,120,0,1,53,1,55,2,34,96,43,175,10,18,28,203
07/27/2019,LNK,NE,ACE,CE,Towers with Radar,2,21,34,6,63,0,1,69,1,71,2,22,103,7,134,78,0,78,212
07/28/2019,LNK,NE,ACE,CE,Towers with Radar,2,28,27,2,59,0,0,40,0,40,2,28,67,2,99,14,0,14,113
07/29/2019,LNK,NE,ACE,CE,Towers with Radar,2,37,60,49,148,0,4,75,1,80,2,41,135,50,228,46,26,72,300
07/30/2019,LNK,NE,ACE,CE,Towers with Radar,2,32,34,39,107,0,4,59,1,64,2,36,93,40,171,18,20,38,209
07/31/2019,LNK,NE,ACE,CE,Towers with Radar,2,43,54,30,129,0,5,60,5,70,2,48,114,35,199,42,6,48,247
08/01/2019,LNK,NE,ACE,CE,Towers with Radar,2,40,49,32,123,0,0,32,1,33,2,40,81,33,156,72,18,90,246
08/02/2019,LNK,NE,ACE,CE,Towers with Radar,2,34,38,26,100,0,0,18,1,19,2,34,56,27,119,12,0,12,131
08/03/2019,LNK,NE,ACE,CE,Towers with Radar,1,21,43,1,66,0,4,27,1,32,1,25,70,2,98,8,0,8,106
08/04/2019,LNK,NE,ACE,CE,Towers with Radar,1,37,37,19,94,0,11,78,0,89,1,48,115,19,183,22,2,24,207
08/05/2019,LNK,NE,ACE,CE,Towers with Radar,2,39,41,41,123,0,3,53,3,59,2,42,94,44,182,90,22,112,294
08/06/2019,LNK,NE,ACE,CE,Towers with Radar,2,40,36,48,126,0,2,81,4,87,2,42,117,52,213,46,16,62,275
08/07/2019,LNK,NE,ACE,CE,Towers with Radar,2,33,30,51,116,0,5,37,4,46,2,38,67,55,162,40,28,68,230
08/08/2019,LNK,NE,ACE,CE,Towers with Radar,2,40,29,43,114,0,0,41,4,45,2,40,70,47,159,14,14,28,187
08/09/2019,LNK,NE,ACE,CE,Towers with Radar,2,35,21,22,80,0,1,29,1,31,2,36,50,23,111,64,12,76,187
08/10/2019,LNK,NE,ACE,CE,Towers with Radar,1,27,17,6,51,0,5,37,8,50,1,32,54,14,101,26,4,30,131
08/11/2019,LNK,NE,ACE,CE,Towers with Radar,2,28,20,0,50,0,0,12,0,12,2,28,32,0,62,8,0,8,70
08/12/2019,LNK,NE,ACE,CE,Towers with Radar,2,37,41,15,95,0,3,34,1,38,2,40,75,16,133,6,8,14,147
08/13/2019,LNK,NE,ACE,CE,Towers with Radar,2,32,34,76,144,0,3,60,1,64,2,35,94,77,208,14,26,40,248
08/14/2019,LNK,NE,ACE,CE,Towers with Radar,2,35,59,75,171,0,10,44,4,58,2,45,103,79,229,20,14,34,263
08/15/2019,LNK,NE,ACE,CE,Towers with Radar,2,40,34,22,98,0,2,13,4,19,2,42,47,26,117,58,24,82,199
08/16/2019,LNK,NE,ACE,CE,Towers with Radar,2,31,30,87,150,0,2,35,1,38,2,33,65,88,188,4,18,22,210
08/17/2019,LNK,NE,ACE,CE,Towers with Radar,1,26,39,11,77,0,2,49,2,53,1,28,88,13,130,58,0,58,188
08/18/2019,LNK,NE,ACE,CE,Towers with Radar,5,30,31,3,69,0,0,19,0,19,5,30,50,3,88,0,0,0,88
08/19/2019,LNK,NE,ACE,CE,Towers with Radar,1,39,47,43,130,0,1,49,2,52,1,40,96,45,182,32,10,42,224
08/20/2019,LNK,NE,ACE,CE,Towers with Radar,4,31,43,29,107,0,2,40,5,47,4,33,83,34,154,82,0,82,236
08/21/2019,LNK,NE,ACE,CE,Towers with Radar,3,40,44,32,119,0,2,5,5,12,3,42,49,37,131,18,3,21,152
08/22/2019,LNK,NE,ACE,CE,Towers with Radar,3,47,70,61,181,0,3,12,5,20,3,50,82,66,201,16,4,20,221
08/23/2019,LNK,NE,ACE,CE,Towers with Radar,2,42,43,77,164,0,0,35,2,37,2,42,78,79,201,40,6,46,247
08/24/2019,LNK,NE,ACE,CE,Towers with Radar,1,23,18,0,42,0,1,10,2,13,1,24,28,2,55,8,0,8,63
08/25/2019,LNK,NE,ACE,CE,Towers with Radar,1,32,27,24,84,0,0,6,0,6,1,32,33,24,90,0,0,0,90
08/26/2019,LNK,NE,ACE,CE,Towers with Radar,2,30,30,20,82,0,1,17,1,19,2,31,47,21,101,50,8,58,159
08/27/2019,LNK,NE,ACE,CE,Towers with Radar,2,37,34,58,131,0,3,41,11,55,2,40,75,69,186,64,22,86,272
08/28/2019,LNK,NE,ACE,CE,Towers with Radar,2,37,53,75,167,0,7,57,4,68,2,44,110,79,235,22,34,56,291
08/29/2019,LNK,NE,ACE,CE,Towers with Radar,4,39,37,21,101,0,7,41,3,51,4,46,78,24,152,4,24,28,180
08/30/2019,LNK,NE,ACE,CE,Towers with Radar,3,47,44,10,104,0,2,28,0,30,3,49,72,10,134,20,2,22,156
08/31/2019,LNK,NE,ACE,CE,Towers with Radar,1,25,46,0,72,0,1,32,2,35,1,26,78,2,107,12,0,12,119
09/01/2019,LNK,NE,ACE,CE,Towers with Radar,3,27,22,0,52,0,2,19,2,23,3,29,41,2,75,0,4,4,79
09/02/2019,LNK,NE,ACE,CE,Towers with Radar,4,41,31,1,77,0,1,43,1,45,4,42,74,2,122,30,0,30,152
09/03/2019,LNK,NE,ACE,CE,Towers with Radar,1,50,38,15,104,0,9,46,2,57,1,59,84,17,161,18,0,18,179
09/04/2019,LNK,NE,ACE,CE,Towers with Radar,2,39,40,47,128,0,3,51,8,62,2,42,91,55,190,10,22,32,222
09/05/2019,LNK,NE,ACE,CE,Towers with Radar,0,50,36,77,163,0,4,52,5,61,0,54,88,82,224,20,30,50,274
09/06/2019,LNK,NE,ACE,CE,Towers with Radar,3,35,39,35,112,0,0,61,5,66,3,35,100,40,178,62,16,78,256
09/07/2019,LNK,NE,ACE,CE,Towers with Radar,1,25,24,8,58,0,3,42,6,51,1,28,66,14,109,12,2,14,123
09/08/2019,LNK,NE,ACE,CE,Towers with Radar,1,37,38,24,100,0,1,3,3,7,1,38,41,27,107,0,2,2,109
09/09/2019,LNK,NE,ACE,CE,Towers with Radar,2,39,17,41,99,0,1,10,0,11,2,40,27,41,110,6,20,26,136
09/10/2019,LNK,NE,ACE,CE,Towers with Radar,1,32,37,31,101,0,5,31,8,44,1,37,68,39,145,31,4,35,180
09/11/2019,LNK,NE,ACE,CE,Towers with Radar,1,31,44,40,116,0,5,32,3,40,1,36,76,43,156,6,18,24,180
09/12/2019,LNK,NE,ACE,CE,Towers with Radar,4,42,48,33,127,0,3,38,5,46,4,45,86,38,173,18,22,40,213
09/13/2019,LNK,NE,ACE,CE,Towers with Radar,2,37,49,21,109,0,9,39,5,53,2,46,88,26,162,6,0,6,168
09/14/2019,LNK,NE,ACE,CE,Towers with Radar,0,23,31,4,58,0,3,27,0,30,0,26,58,4,88,22,0,22,110
09/15/2019,LNK,NE,ACE,CE,Towers with Radar,1,32,25,6,64,0,0,45,1,46,1,32,70,7,110,10,0,10,120
09/16/2019,LNK,NE,ACE,CE,Towers with Radar,1,42,40,24,107,0,1,50,6,57,1,43,90,30,164,10,12,22,186
09/17/2019,LNK,NE,ACE,CE,Towers with Radar,1,34,16,40,91,0,0,21,1,22,1,34,37,41,113,18,20,38,151
09/18/2019,LNK,NE,ACE,CE,Towers with Radar,1,37,40,10,88,0,1,42,5,48,1,38,82,15,136,36,4,40,176
09/19/2019,LNK,NE,ACE,CE,Towers with Radar,2,44,32,14,92,0,3,29,2,34,2,47,61,16,126,8,20,28,154
09/20/2019,LNK,NE,ACE,CE,Towers with Radar,4,40,35,34,113,0,4,27,2,33,4,44,62,36,146,20,16,36,182
09/21/2019,LNK,NE,ACE,CE,Towers with Radar,1,24,20,0,45,0,2,20,0,22,1,26,40,0,67,36,0,36,103
09/22/2019,LNK,NE,ACE,CE,Towers with Radar,1,46,27,5,79,0,1,30,1,32,1,47,57,6,111,12,0,12,123
09/23/2019,LNK,NE,ACE,CE,Towers with Radar,2,40,45,39,126,0,2,71,1,74,2,42,116,40,200,28,22,50,250
09/24/2019,LNK,NE,ACE,CE,Towers with Radar,1,44,37,56,138,0,0,21,6,27,1,44,58,62,165,36,0,36,201
09/25/2019,LNK,NE,ACE,CE,Towers with Radar,1,46,61,68,176,0,0,69,13,82,1,46,130,81,258,38,8,46,304
09/26/2019,LNK,NE,ACE,CE,Towers with Radar,2,40,47,40,129,0,3,35,7,45,2,43,82,47,174,14,8,22,196
09/27/2019,LNK,NE,ACE,CE,Towers with Radar,4,28,46,4,82,0,3,30,1,34,4,31,76,5,116,14,6,20,136
09/28/2019,LNK,NE,ACE,CE,Towers with Radar,5,53,51,4,113,0,3,25,1,29,5,56,76,5,142,32,0,32,174
09/29/2019,LNK,NE,ACE,CE,Towers with Radar,6,40,42,2,90,0,0,2,0,2,6,40,44,2,92,0,0,0,92
09/30/2019,LNK,NE,ACE,CE,Towers with Radar,2,39,51,23,115,0,6,8,0,14,2,45,59,23,129,4,20,24,153
10/01/2019,LNK,NE,ACE,CE,Towers with Radar,1,28,16,5,50,0,1,0,0,1,1,29,16,5,51,0,0,0,51
10/02/2019,LNK,NE,ACE,CE,Towers with Radar,1,34,22,22,79,0,0,0,0,0,1,34,22,22,79,0,0,0,79
10/03/2019,LNK,NE,ACE,CE,Towers with Radar,2,47,55,40,144,0,1,45,1,47,2,48,100,41,191,0,46,46,237
10/04/2019,LNK,NE,ACE,CE,Towers with Radar,5,32,21,14,72,0,0,12,0,12,5,32,33,14,84,35,2,37,121
10/05/2019,LNK,NE,ACE,CE,Towers with Radar,7,35,40,11,93,0,0,23,3,26,7,35,63,14,119,0,0,0,119
10/06/2019,LNK,NE,ACE,CE,Towers with Radar,7,26,26,6,65,0,2,49,0,51,7,28,75,6,116,26,0,26,142
10/07/2019,LNK,NE,ACE,CE,Towers with Radar,3,29,37,12,81,0,1,45,1,47,3,30,82,13,128,24,0,24,152
10/08/2019,LNK,NE,ACE,CE,Towers with Radar,2,33,27,42,104,0,3,17,5,25,2,36,44,47,129,6,22,28,157
10/09/2019,LNK,NE,ACE,CE,Towers with Radar,2,42,41,18,103,0,1,20,5,26,2,43,61,23,129,28,8,36,165
10/10/2019,LNK,NE,ACE,CE,Towers with Radar,2,31,17,0,50,0,0,0,0,0,2,31,17,0,50,0,0,0,50
10/11/2019,LNK,NE,ACE,CE,Towers with Radar,5,27,21,4,57,0,0,15,2,17,5,27,36,6,74,0,0,0,74
10/12/2019,LNK,NE,ACE,CE,Towers with Radar,4,21,22,0,47,0,0,40,0,40,4,21,62,0,87,50,0,50,137
10/13/2019,LNK,NE,ACE,CE,Towers with Radar,6,34,20,1,61,0,3,39,2,44,6,37,59,3,105,34,0,34,139
10/14/2019,LNK,NE,ACE,CE,Towers with Radar,3,27,39,9,78,0,2,31,1,34,3,29,70,10,112,34,0,34,146
10/15/2019,LNK,NE,ACE,CE,Towers with Radar,2,39,33,31,105,0,1,9,0,10,2,40,42,31,115,0,0,0,115
10/16/2019,LNK,NE,ACE,CE,Towers with Radar,2,37,42,42,123,0,7,39,12,58,2,44,81,54,181,71,22,93,274
10/17/2019,LNK,NE,ACE,CE,Towers with Radar,5,38,57,43,143,0,5,70,5,80,5,43,127,48,223,44,6,50,273
10/18/2019,LNK,NE,ACE,CE,Towers with Radar,3,31,23,43,100,0,2,14,1,17,3,33,37,44,117,0,2,2,119
10/19/2019,LNK,NE,ACE,CE,Towers with Radar,3,26,27,5,61,0,10,68,13,91,3,36,95,18,152,52,0,52,204
10/20/2019,LNK,NE,ACE,CE,Towers with Radar,7,29,27,15,78,0,0,12,1,13,7,29,39,16,91,4,0,4,95
10/21/2019,LNK,NE,ACE,CE,Towers with Radar,3,38,11,1,53,0,1,4,0,5,3,39,15,1,58,4,0,4,62
10/22/2019,LNK,NE,ACE,CE,Towers with Radar,2,37,40,37,116,0,7,21,3,31,2,44,61,40,147,20,0,20,167
10/23/2019,LNK,NE,ACE,CE,Towers with Radar,2,43,40,27,112,0,9,41,6,56,2,52,81,33,168,22,2,24,192
10/24/2019,LNK,NE,ACE,CE,Towers with Radar,3,36,40,50,129,0,5,53,5,63,3,41,93,55,192,54,40,94,286
10/25/2019,LNK,NE,ACE,CE,Towers with Radar,3,37,40,34,114,0,0,67,7,74,3,37,107,41,188,42,16,58,246
10/26/2019,LNK,NE,ACE,CE,Towers with Radar,7,30,35,0,72,0,0,70,2,72,7,30,105,2,144,32,2,34,178
10/27/2019,LNK,NE,ACE,CE,Towers with Radar,5,27,23,3,58,0,1,13,0,14,5,28,36,3,72,6,0,6,78
10/28/2019,LNK,NE,ACE,CE,Towers with Radar,2,39,40,40,121,0,2,27,1,30,2,41,67,41,151,20,14,34,185
10/29/2019,LNK,NE,ACE,CE,Towers with Radar,3,35,23,31,92,0,3,14,0,17,3,38,37,31,109,20,24,44,153
10/30/2019,LNK,NE,ACE,CE,Towers with Radar,1,18,22,23,64,0,2,0,5,7,1,20,22,28,71,0,0,0,71
10/31/2019,LNK,NE,ACE,CE,Towers with Radar,1,33,20,53,107,0,9,45,8,62,1,42,65,61,169,11,2,13,182
11/01/2019,LNK,NE,ACE,CE,Towers with Radar,3,34,41,10,88,0,0,22,0,22,3,34,63,10,110,4,8,12,122
11/02/2019,LNK,NE,ACE,CE,Towers with Radar,3,24,18,4,49,0,3,41,5,49,3,27,59,9,98,24,0,24,122
11/03/2019,LNK,NE,ACE,CE,Towers with Radar,3,37,19,8,67,0,2,34,0,36,3,39,53,8,103,8,4,12,115
11/04/2019,LNK,NE,ACE,CE,Towers with Radar,1,37,36,38,112,0,4,26,0,30,1,41,62,38,142,22,30,52,194
11/05/2019,LNK,NE,ACE,CE,Towers with Radar,0,34,49,23,106,0,0,35,4,39,0,34,84,27,145,48,20,68,213
11/06/2019,LNK,NE,ACE,CE,Towers with Radar,1,35,40,46,122,0,4,12,5,21,1,39,52,51,143,18,32,50,193
11/07/2019,LNK,NE,ACE,CE,Towers with Radar,4,33,37,85,159,0,0,61,0,61,4,33,98,85,220,16,26,42,262
11/08/2019,LNK,NE,ACE,CE,Towers with Radar,2,36,38,24,100,0,3,43,6,52,2,39,81,30,152,33,2,35,187
11/09/2019,LNK,NE,ACE,CE,Towers with Radar,0,24,20,0,44,0,5,94,0,99,0,29,114,0,143,86,0,86,229
11/10/2019,LNK,NE,ACE,CE,Towers with Radar,1,31,13,0,45,0,0,27,0,27,1,31,40,0,72,16,0,16,88
11/11/2019,LNK,NE,ACE,CE,Towers with Radar,2,25,25,0,52,0,0,9,0,9,2,25,34,0,61,4,0,4,65
11/12/2019,LNK,NE,ACE,CE,Towers with Radar,1,48,27,10,86,0,1,24,0,25,1,49,51,10,111,32,0,32,143
11/13/2019,LNK,NE,ACE,CE,Towers with Radar,1,32,31,19,83,0,11,18,2,31,1,43,49,21,114,74,24,98,212
11/14/2019,LNK,NE,ACE,CE,Towers with Radar,2,41,51,44,138,0,6,38,7,51,2,47,89,51,189,46,24,70,259
11/15/2019,LNK,NE,ACE,CE,Towers with Radar,5,36,44,22,107,0,2,64,2,68,5,38,108,24,175,80,28,108,283
11/16/2019,LNK,NE,ACE,CE,Towers with Radar,1,26,44,0,71,0,2,39,0,41,1,28,83,0,112,72,0,72,184
11/17/2019,LNK,NE,ACE,CE,Towers with Radar,3,35,32,6,76,0,2,46,0,48,3,37,78,6,124,37,0,37,161
11/18/2019,LNK,NE,ACE,CE,Towers with Radar,3,46,28,19,96,0,8,43,0,51,3,54,71,19,147,92,10,102,249
11/19/2019,LNK,NE,ACE,CE,Towers with Radar,1,38,31,42,112,0,9,50,3,62,1,47,81,45,174,49,16,65,239
11/20/2019,LNK,NE,ACE,CE,Towers with Radar,2,43,38,51,134,0,3,28,4,35,2,46,66,55,169,20,28,48,217
11/21/2019,LNK,NE,ACE,CE,Towers with Radar,4,44,40,13,101,0,5,5,4,14,4,49,45,17,115,8,0,8,123
11/22/2019,LNK,NE,ACE,CE,Towers with Radar,7,38,54,17,116,0,0,68,1,69,7,38,122,18,185,76,10,86,271
11/23/2019,LNK,NE,ACE,CE,Towers with Radar,2,24,18,0,44,0,3,73,0,76,2,27,91,0,120,38,0,38,158
11/24/2019,LNK,NE,ACE,CE,Towers with Radar,0,35,32,0,67,0,0,60,0,60,0,35,92,0,127,22,0,22,149
11/25/2019,LNK,NE,ACE,CE,Towers with Radar,0,30,27,3,60,0,2,53,1,56,0,32,80,4,116,51,2,53,169
11/26/2019,LNK,NE,ACE,CE,Towers with Radar,0,36,11,6,53,0,0,0,0,0,0,36,11,6,53,0,0,0,53
11/27/2019,LNK,NE,ACE,CE,Towers with Radar,2,40,28,10,80,0,5,13,4,22,2,45,41,14,102,54,6,60,162
11/28/2019,LNK,NE,ACE,CE,Towers with Radar,4,13,4,0,21,0,0,0,0,0,4,13,4,0,21,8,0,8,29
11/29/2019,LNK,NE,ACE,CE,Towers with Radar,4,15,20,0,39,0,0,0,0,0,4,15,20,0,39,0,0,0,39
11/30/2019,LNK,NE,ACE,CE,Towers with Radar,2,31,15,0,48,0,0,5,0,5,2,31,20,0,53,12,0,12,65
12/01/2019,LNK,NE,ACE,CE,Towers with Radar,2,40,14,0,56,0,0,0,0,0,2,40,14,0,56,0,0,0,56
12/02/2019,LNK,NE,ACE,CE,Towers with Radar,2,33,51,8,94,0,0,57,1,58,2,33,108,9,152,34,8,42,194
12/03/2019,LNK,NE,ACE,CE,Towers with Radar,5,39,30,17,91,0,2,43,3,48,5,41,73,20,139,52,12,64,203
12/04/2019,LNK,NE,ACE,CE,Towers with Radar,1,35,42,29,107,0,3,56,7,66,1,38,98,36,173,50,6,56,229
12/05/2019,LNK,NE,ACE,CE,Towers with Radar,2,36,47,9,94,0,10,64,2,76,2,46,111,11,170,56,24,80,250
12/06/2019,LNK,NE,ACE,CE,Towers with Radar,2,30,32,22,86,0,4,41,4,49,2,34,73,26,135,32,36,68,203
12/07/2019,LNK,NE,ACE,CE,Towers with Radar,6,26,23,1,56,0,0,54,0,54,6,26,77,1,110,64,0,64,174
12/08/2019,LNK,NE,ACE,CE,Towers with Radar,1,32,24,0,57,0,0,40,0,40,1,32,64,0,97,70,0,70,167
12/09/2019,LNK,NE,ACE,CE,Towers with Radar,2,32,23,12,69,0,0,2,1,3,2,32,25,13,72,0,8,8,80
12/10/2019,LNK,NE,ACE,CE,Towers with Radar,1,37,25,24,87,0,3,28,8,39,1,40,53,32,126,104,18,122,248
12/11/2019,LNK,NE,ACE,CE,Towers with Radar,1,38,36,27,102,0,5,39,4,48,1,43,75,31,150,42,14,56,206
12/12/2019,LNK,NE,ACE,CE,Towers with Radar,2,38,40,23,103,0,4,55,7,66,2,42,95,30,169,61,30,91,260
12/13/2019,LNK,NE,ACE,CE,Towers with Radar,4,35,40,13,92,0,2,51,1,54,4,37,91,14,146,34,8,42,188
12/14/2019,LNK,NE,ACE,CE,Towers with Radar,3,26,15,0,44,0,0,12,0,12,3,26,27,0,56,22,0,22,78
12/15/2019,LNK,NE,ACE,CE,Towers with Radar,3,26,9,0,38,0,0,2,0,2,3,26,11,0,40,0,0,0,40
12/16/2019,LNK,NE,ACE,CE,Towers with Radar,2,32,28,0,62,0,0,8,0,8,2,32,36,0,70,0,0,0,70
12/17/2019,LNK,NE,ACE,CE,Towers with Radar,1,34,29,29,93,0,4,45,3,52,1,38,74,32,145,58,36,94,239
12/18/2019,LNK,NE,ACE,CE,Towers with Radar,1,43,42,13,99,0,8,50,5,63,1,51,92,18,162,96,14,110,272
12/19/2019,LNK,NE,ACE,CE,Towers with Radar,2,46,56,38,142,0,8,55,11,74,2,54,111,49,216,52,10,62,278
12/20/2019,LNK,NE,ACE,CE,Towers with Radar,2,37,25,2,66,0,2,60,9,71,2,39,85,11,137,54,8,62,199
12/21/2019,LNK,NE,ACE,CE,Towers with Radar,4,29,17,0,50,0,3,58,0,61,4,32,75,0,111,78,0,78,189
12/22/2019,LNK,NE,ACE,CE,Towers with Radar,5,29,29,0,63,0,1,25,1,27,5,30,54,1,90,24,0,24,114
12/23/2019,LNK,NE,ACE,CE,Towers with Radar,2,33,29,0,64,0,1,46,0,47,2,34,75,0,111,72,0,72,183
12/24/2019,LNK,NE,ACE,CE,Towers with Radar,4,19,14,0,37,0,1,16,0,17,4,20,30,0,54,24,0,24,78
12/25/2019,LNK,NE,ACE,CE,Towers with Radar,4,17,6,0,27,0,0,8,0,8,4,17,14,0,35,0,0,0,35
12/26/2019,LNK,NE,ACE,CE,Towers with Radar,5,34,25,0,64,0,1,13,0,14,5,35,38,0,78,36,0,36,114
12/27/2019,LNK,NE,ACE,CE,Towers with Radar,4,33,49,0,86,0,0,68,0,68,4,33,117,0,154,44,0,44,198
12/28/2019,LNK,NE,ACE,CE,Towers with Radar,2,32,6,0,40,0,0,0,0,0,2,32,6,0,40,0,0,0,40
12/29/2019,LNK,NE,ACE,CE,Towers with Radar,6,24,26,0,56,0,0,1,0,1,6,24,27,0,57,0,0,0,57
12/30/2019,LNK,NE,ACE,CE,Towers with Radar,4,26,8,0,38,0,2,1,0,3,4,28,9,0,41,0,0,0,41
12/31/2019,LNK,NE,ACE,CE,Towers with Radar,3,23,32,0,58,0,2,47,0,49,3,25,79,0,107,96,0,96,203
01/01/2020,LNK,NE,ACE,CE,Towers with Radar,8,15,11,0,34,0,2,21,0,23,8,17,32,0,57,8,0,8,65
01/02/2020,LNK,NE,ACE,CE,Towers with Radar,6,30,14,16,66,0,2,14,0,16,6,32,28,16,82,32,12,44,126
01/03/2020,LNK,NE,ACE,CE,Towers with Radar,6,29,32,13,80,0,3,27,0,30,6,32,59,13,110,4,8,12,122
01/04/2020,LNK,NE,ACE,CE,Towers with Radar,3,24,35,0,62,0,0,67,0,67,3,24,102,0,129,38,0,38,167
01/05/2020,LNK,NE,ACE,CE,Towers with Radar,2,32,18,2,54,0,0,21,0,21,2,32,39,2,75,32,0,32,107
01/06/2020,LNK,NE,ACE,CE,Towers with Radar,3,33,35,20,91,0,1,24,0,25,3,34,59,20,116,44,38,82,198
01/07/2020,LNK,NE,ACE,CE,Towers with Radar,4,23,34,33,94,0,5,46,17,68,4,28,80,50,162,76,26,102,264
01/08/2020,LNK,NE,ACE,CE,Towers with Radar,1,28,29,16,74,0,8,24,8,40,1,36,53,24,114,10,12,22,136
01/09/2020,LNK,NE,ACE,CE,Towers with Radar,4,33,36,19,92,0,8,57,4,69,4,41,93,23,161,52,14,66,227
01/10/2020,LNK,NE,ACE,CE,Towers with Radar,7,27,16,8,58,0,0,0,1,1,7,27,16,9,59,4,0,4,63
01/11/2020,LNK,NE,ACE,CE,Towers with Radar,3,14,30,0,47,0,0,37,3,40,3,14,67,3,87,44,0,44,131
01/12/2020,LNK,NE,ACE,CE,Towers with Radar,6,25,5,0,36,0,0,0,0,0,6,25,5,0,36,0,0,0,36
01/13/2020,LNK,NE,ACE,CE,Towers with Radar,4,33,22,2,61,0,0,0,0,0,4,33,22,2,61,0,0,0,61
01/14/2020,LNK,NE,ACE,CE,Towers with Radar,3,43,29,41,116,0,9,37,6,52,3,52,66,47,168,86,20,106,274
01/15/2020,LNK,NE,ACE,CE,Towers with Radar,3,46,27,41,117,0,6,18,13,37,3,52,45,54,154,6,36,42,196
01/16/2020,LNK,NE,ACE,CE,Towers with Radar,4,45,48,32,129,0,12,32,8,52,4,57,80,40,181,38,24,62,243
01/17/2020,LNK,NE,ACE,CE,Towers with Radar,4,17,8,2,31,0,0,0,0,0,4,17,8,2,31,0,0,0,31
01/18/2020,LNK,NE,ACE,CE,Towers with Radar,4,19,6,0,29,0,3,2,0,5,4,22,8,0,34,0,0,0,34
01/19/2020,LNK,NE,ACE,CE,Towers with Radar,4,18,12,0,34,0,1,6,0,7,4,19,18,0,41,2,0,2,43
01/20/2020,LNK,NE,ACE,CE,Towers with Radar,6,37,35,0,78,0,0,23,0,23,6,37,58,0,101,26,0,26,127
01/21/2020,LNK,NE,ACE,CE,Towers with Radar,3,23,47,20,93,0,0,48,0,48,3,23,95,20,141,60,26,86,227
01/22/2020,LNK,NE,ACE,CE,Towers with Radar,3,26,14,1,44,0,0,0,0,0,3,26,14,1,44,0,0,0,44
01/23/2020,LNK,NE,ACE,CE,Towers with Radar,6,28,8,0,42,0,0,0,0,0,6,28,8,0,42,0,0,0,42
01/24/2020,LNK,NE,ACE,CE,Towers with Radar,4,36,21,7,68,0,0,0,0,0,4,36,21,7,68,0,0,0,68
01/25/2020,LNK,NE,ACE,CE,Towers with Radar,5,26,5,0,36,0,0,0,0,0,5,26,5,0,36,0,0,0,36
01/26/2020,LNK,NE,ACE,CE,Towers with Radar,4,18,12,0,34,0,1,6,0,7,4,19,18,0,41,22,0,22,63
01/27/2020,LNK,NE,ACE,CE,Towers with Radar,5,44,26,16,91,0,0,4,0,4,5,44,30,16,95,6,0,6,101
01/28/2020,LNK,NE,ACE,CE,Towers with Radar,3,28,22,11,64,0,0,0,1,1,3,28,22,12,65,0,2,2,67
01/29/2020,LNK,NE,ACE,CE,Towers with Radar,3,34,31,21,89,0,0,0,0,0,3,34,31,21,89,2,2,4,93
01/30/2020,LNK,NE,ACE,CE,Towers with Radar,4,32,50,43,129,0,2,1,5,8,4,34,51,48,137,10,0,10,147
01/31/2020,LNK,NE,ACE,CE,Towers with Radar,6,31,25,16,78,0,0,6,6,12,6,31,31,22,90,40,0,40,130
02/01/2020,LNK,NE,ACE,CE,Towers with Radar,2,19,37,2,60,0,2,95,2,99,2,21,132,4,159,64,18,82,241
02/02/2020,LNK,NE,ACE,CE,Towers with Radar,2,26,19,4,51,0,0,55,0,55,2,26,74,4,106,32,6,38,144
02/03/2020,LNK,NE,ACE,CE,Towers with Radar,4,29,14,0,47,0,3,2,0,5,4,32,16,0,52,0,0,0,52
02/04/2020,LNK,NE,ACE,CE,Towers with Radar,3,26,34,34,97,0,0,23,0,23,3,26,57,34,120,32,12,44,164
02/05/2020,LNK,NE,ACE,CE,Towers with Radar,3,27,23,0,53,0,0,16,0,16,3,27,39,0,69,36,16,52,121
02/06/2020,LNK,NE,ACE,CE,Towers with Radar,3,37,42,38,120,0,16,63,9,88,3,53,105,47,208,84,24,108,316
02/07/2020,LNK,NE,ACE,CE,Towers with Radar,3,41,27,16,87,0,0,14,0,14,3,41,41,16,101,62,6,68,169
02/08/2020,LNK,NE,ACE,CE,Towers with Radar,3,23,27,0,53,0,7,76,1,84,3,30,103,1,137,118,0,118,255
02/09/2020,LNK,NE,ACE,CE,Towers with Radar,3,22,12,6,43,0,4,3,2,9,3,26,15,8,52,0,0,0,52
02/10/2020,LNK,NE,ACE,CE,Towers with Radar,7,29,28,30,94,0,5,46,7,58,7,34,74,37,152,26,22,48,200
02/11/2020,LNK,NE,ACE,CE,Towers with Radar,3,47,37,75,162,0,6,52,25,83,3,53,89,100,245,20,2,22,267
02/12/2020,LNK,NE,ACE,CE,Towers with Radar,2,47,25,29,103,0,3,19,8,30,2,50,44,37,133,80,12,92,225
02/13/2020,LNK,NE,ACE,CE,Towers with Radar,2,38,31,48,119,0,9,26,6,41,2,47,57,54,160,14,58,72,232
02/14/2020,LNK,NE,ACE,CE,Towers with Radar,4,42,29,22,97,0,7,9,3,19,4,49,38,25,116,0,4,4,120
02/15/2020,LNK,NE,ACE,CE,Towers with Radar,3,27,28,0,58,0,2,82,0,84,3,29,110,0,142,94,0,94,236
02/16/2020,LNK,NE,ACE,CE,Towers with Radar,1,27,32,0,60,0,3,29,0,32,1,30,61,0,92,12,0,12,104
02/17/2020,LNK,NE,ACE,CE,Towers with Radar,2,35,28,0,65,0,1,26,0,27,2,36,54,0,92,72,0,72,164
02/18/2020,LNK,NE,ACE,CE,Towers with Radar,1,34,54,35,124,0,0,62,1,63,1,34,116,36,187,66,10,76,263
02/19/2020,LNK,NE,ACE,CE,Towers with Radar,2,28,25,8,63,0,0,1,0,1,2,28,26,8,64,8,0,8,72
02/20/2020,LNK,NE,ACE,CE,Towers with Radar,1,37,46,45,129,0,8,57,14,79,1,45,103,59,208,100,46,146,354
02/21/2020,LNK,NE,ACE,CE,Towers with Radar,4,37,36,16,93,0,5,22,0,27,4,42,58,16,120,8,4,12,132
02/22/2020,LNK,NE,ACE,CE,Towers with Radar,3,22,40,12,77,0,0,88,2,90,3,22,128,14,167,56,20,76,243
02/23/2020,LNK,NE,ACE,CE,Towers with Radar,1,31,22,0,54,0,0,40,2,42,1,31,62,2,96,52,0,52,148
02/24/2020,LNK,NE,ACE,CE,Towers with Radar,2,35,41,36,114,0,1,49,0,50,2,36,90,36,164,60,48,108,272
02/25/2020,LNK,NE,ACE,CE,Towers with Radar,1,37,35,108,181,0,10,6,0,16,1,47,41,108,197,34,84,118,315
02/26/2020,LNK,NE,ACE,CE,Towers with Radar,2,43,32,28,105,0,15,32,2,49,2,58,64,30,154,20,36,56,210
02/27/2020,LNK,NE,ACE,CE,Towers with Radar,2,36,42,32,112,0,5,46,8,59,2,41,88,40,171,80,30,110,281
02/28/2020,LNK,NE,ACE,CE,Towers with Radar,5,32,28,37,102,0,1,63,1,65,5,33,91,38,167,22,16,38,205
02/29/2020,LNK,NE,ACE,CE,Towers with Radar,1,31,27,0,59,0,2,70,0,72,1,33,97,0,131,48,0,48,179
03/01/2020,LNK,NE,ACE,CE,Towers with Radar,1,31,24,1,57,0,2,42,0,44,1,33,66,1,101,72,0,72,173
03/02/2020,LNK,NE,ACE,CE,Towers with Radar,4,40,20,9,73,0,3,46,2,51,4,43,66,11,124,52,0,52,176
03/03/2020,LNK,NE,ACE,CE,Towers with Radar,3,31,38,27,99,0,3,35,2,40,3,34,73,29,139,12,8,20,159
03/04/2020,LNK,NE,ACE,CE,Towers with Radar,3,29,40,57,129,0,6,76,4,86,3,35,116,61,215,44,16,60,275
03/05/2020,LNK,NE,ACE,CE,Towers with Radar,2,39,27,37,105,0,6,9,8,23,2,45,36,45,128,26,12,38,166
03/06/2020,LNK,NE,ACE,CE,Towers with Radar,4,34,37,34,109,0,3,59,6,68,4,37,96,40,177,56,16,72,249
03/07/2020,LNK,NE,ACE,CE,Towers with Radar,0,27,19,2,48,0,4,16,0,20,0,31,35,2,68,0,0,0,68
03/08/2020,LNK,NE,ACE,CE,Towers with Radar,1,34,9,8,52,0,0,12,0,12,1,34,21,8,64,8,0,8,72
03/09/2020,LNK,NE,ACE,CE,Towers with Radar,2,35,29,34,100,0,0,1,1,2,2,35,30,35,102,0,0,0,102
03/10/2020,LNK,NE,ACE,CE,Towers with Radar,1,40,29,26,96,0,0,4,2,6,1,40,33,28,102,8,0,8,110
03/11/2020,LNK,NE,ACE,CE,Towers with Radar,1,39,35,24,99,0,8,36,4,48,1,47,71,28,147,20,4,24,171
03/12/2020,LNK,NE,ACE,CE,Towers with Radar,1,58,40,62,161,0,5,4,8,17,1,63,44,70,178,8,20,28,206
03/13/2020,LNK,NE,ACE,CE,Towers with Radar,1,40,29,21,91,0,4,31,1,36,1,44,60,22,127,16,4,20,147
03/14/2020,LNK,NE,ACE,CE,Towers with Radar,1,24,7,0,32,0,1,0,0,1,1,25,7,0,33,0,0,0,33
03/15/2020,LNK,NE,ACE,CE,Towers with Radar,0,34,26,0,60,0,0,1,0,1,0,34,27,0,61,22,0,22,83
03/16/2020,LNK,NE,ACE,CE,Towers with Radar,2,32,37,0,71,0,0,0,0,0,2,32,37,0,71,0,0,0,71
03/17/2020,LNK,NE,ACE,CE,Towers with Radar,1,33,36,19,89,0,2,22,3,27,1,35,58,22,116,38,4,42,158
03/18/2020,LNK,NE,ACE,CE,Towers with Radar,1,24,8,24,57,0,0,0,0,0,1,24,8,24,57,4,0,4,61
03/19/2020,LNK,NE,ACE,CE,Towers with Radar,1,25,8,22,56,0,0,0,0,0,1,25,8,22,56,0,0,0,56
03/20/2020,LNK,NE,ACE,CE,Towers with Radar,1,28,22,16,67,0,7,27,4,38,1,35,49,20,105,22,26,48,153
03/21/2020,LNK,NE,ACE,CE,Towers with Radar,0,18,38,0,56,0,0,69,0,69,0,18,107,0,125,70,0,70,195
03/22/2020,LNK,NE,ACE,CE,Towers with Radar,1,19,12,0,32,0,0,2,0,2,1,19,14,0,34,0,0,0,34
03/23/2020,LNK,NE,ACE,CE,Towers with Radar,1,22,21,13,57,0,2,0,3,5,1,24,21,16,62,0,0,0,62
03/24/2020,LNK,NE,ACE,CE,Towers with Radar,0,25,20,11,56,0,1,17,4,22,0,26,37,15,78,58,0,58,136
03/25/2020,LNK,NE,ACE,CE,Towers with Radar,0,33,17,24,74,0,6,32,3,41,0,39,49,27,115,12,0,12,127
03/26/2020,LNK,NE,ACE,CE,Towers with Radar,0,23,22,15,60,0,6,18,2,26,0,29,40,17,86,8,12,20,106
03/27/2020,LNK,NE,ACE,CE,Towers with Radar,0,26,23,4,53,0,0,0,0,0,0,26,23,4,53,0,0,0,53
03/28/2020,LNK,NE,ACE,CE,Towers with Radar,0,17,15,2,34,0,0,0,0,0,0,17,15,2,34,0,0,0,34
03/29/2020,LNK,NE,ACE,CE,Towers with Radar,0,22,15,0,37,0,0,59,2,61,0,22,74,2,98,28,6,34,132
03/30/2020,LNK,NE,ACE,CE,Towers with Radar,0,18,29,3,50,0,9,46,6,61,0,27,75,9,111,30,4,34,145
03/31/2020,LNK,NE,ACE,CE,Towers with Radar,0,15,16,4,35,0,3,52,4,59,0,18,68,8,94,80,14,94,188
04/01/2020,LNK,NE,ACE,CE,Towers with Radar,0,12,21,25,58,0,0,48,8,56,0,12,69,33,114,26,4,30,144
04/02/2020,LNK,NE,ACE,CE,Towers with Radar,0,11,12,16,39,0,0,9,0,9,0,11,21,16,48,38,20,58,106
04/03/2020,LNK,NE,ACE,CE,Towers with Radar,0,13,10,27,50,0,3,3,0,6,0,16,13,27,56,26,12,38,94
04/04/2020,LNK,NE,ACE,CE,Towers with Radar,0,9,16,0,25,0,0,54,0,54,0,9,70,0,79,56,0,56,135
04/05/2020,LNK,NE,ACE,CE,Towers with Radar,0,8,14,3,25,0,0,51,0,51,0,8,65,3,76,74,0,74,150
04/06/2020,LNK,NE,ACE,CE,Towers with Radar,0,11,29,17,57,0,3,23,0,26,0,14,52,17,83,42,8,50,133
04/07/2020,LNK,NE,ACE,CE,Towers with Radar,0,11,25,3,39,0,2,54,3,59,0,13,79,6,98,70,0,70,168
04/08/2020,LNK,NE,ACE,CE,Towers with Radar,0,16,19,9,44,0,7,44,6,57,0,23,63,15,101,27,0,27,128
04/09/2020,LNK,NE,ACE,CE,Towers with Radar,0,11,14,22,47,0,0,19,2,21,0,11,33,24,68,16,10,26,94
04/10/2020,LNK,NE,ACE,CE,Towers with Radar,0,14,12,7,33,0,0,75,2,77,0,14,87,9,110,86,0,86,196
04/11/2020,LNK,NE,ACE,CE,Towers with Radar,0,7,13,9,29,0,1,41,0,42,0,8,54,9,71,90,0,90,161
04/12/2020,LNK,NE,ACE,CE,Towers with Radar,0,2,1,0,3,0,0,0,0,0,0,2,1,0,3,0,0,0,3
04/13/2020,LNK,NE,ACE,CE,Towers with Radar,0,16,25,4,45,0,0,44,0,44,0,16,69,4,89,26,6,32,121
04/14/2020,LNK,NE,ACE,CE,Towers with Radar,0,9,28,3,40,0,1,45,1,47,0,10,73,4,87,42,6,48,135
04/15/2020,LNK,NE,ACE,CE,Towers with Radar,0,11,17,10,38,0,3,60,5,68,0,14,77,15,106,80,10,90,196
04/16/2020,LNK,NE,ACE,CE,Towers with Radar,0,8,7,8,23,0,0,1,0,1,0,8,8,8,24,0,0,0,24
04/17/2020,LNK,NE,ACE,CE,Towers with Radar,0,8,24,10,42,0,2,43,0,45,0,10,67,10,87,52,18,70,157
04/18/2020,LNK,NE,ACE,CE,Towers with Radar,0,11,16,1,28,0,0,25,3,28,0,11,41,4,56,10,0,10,66
04/19/2020,LNK,NE,ACE,CE,Towers with Radar,0,7,23,0,30,0,3,46,0,49,0,10,69,0,79,32,0,32,111
04/20/2020,LNK,NE,ACE,CE,Towers with Radar,0,9,11,0,20,0,6,41,0,47,0,15,52,0,67,50,0,50,117
04/21/2020,LNK,NE,ACE,CE,Towers with Radar,0,21,17,29,67,0,7,71,0,78,0,28,88,29,145,104,26,130,275
04/22/2020,LNK,NE,ACE,CE,Towers with Radar,0,11,25,10,46,0,0,42,0,42,0,11,67,10,88,46,8,54,142
04/23/2020,LNK,NE,ACE,CE,Towers with Radar,0,8,17,11,36,0,2,75,7,84,0,10,92,18,120,76,6,82,202
04/24/2020,LNK,NE,ACE,CE,Towers with Radar,0,12,27,6,45,0,3,18,0,21,0,15,45,6,66,36,24,60,126
04/25/2020,LNK,NE,ACE,CE,Towers with Radar,0,5,22,3,30,0,1,52,0,53,0,6,74,3,83,76,0,76,159
04/26/2020,LNK,NE,ACE,CE,Towers with Radar,0,8,18,2,28,0,0,55,0,55,0,8,73,2,83,60,0,60,143
04/27/2020,LNK,NE,ACE,CE,Towers with Radar,0,15,20,20,55,0,2,56,0,58,0,17,76,20,113,30,0,30,143
04/28/2020,LNK,NE,ACE,CE,Towers with Radar,0,11,22,13,46,0,1,16,2,19,0,12,38,15,65,30,0,30,95
04/29/2020,LNK,NE,ACE,CE,Towers with Radar,0,14,16,39,69,0,2,12,2,16,0,16,28,41,85,0,36,36,121
04/30/2020,LNK,NE,ACE,CE,Towers with Radar,0,12,26,24,62,0,0,85,7,92,0,12,111,31,154,192,14,206,360
05/01/2020,LNK,NE,ACE,CE,Towers with Radar,1,11,31,47,90,0,2,53,0,55,1,13,84,47,145,84,44,128,273
05/02/2020,LNK,NE,ACE,CE,Towers with Radar,2,9,12,0,23,0,1,35,0,36,2,10,47,0,59,48,0,48,107
05/03/2020,LNK,NE,ACE,CE,Towers with Radar,2,8,17,1,28,0,2,54,1,57,2,10,71,2,85,16,0,16,101
05/04/2020,LNK,NE,ACE,CE,Towers with Radar,4,8,19,2,33,0,2,12,0,14,4,10,31,2,47,0,6,6,53
05/05/2020,LNK,NE,ACE,CE,Towers with Radar,0,11,19,0,30,0,1,8,1,10,0,12,27,1,40,10,0,10,50
05/06/2020,LNK,NE,ACE,CE,Towers with Radar,2,11,40,26,79,0,3,37,4,44,2,14,77,30,123,62,26,88,211
05/07/2020,LNK,NE,ACE,CE,Towers with Radar,2,13,14,27,56,0,3,17,2,22,2,16,31,29,78,56,0,56,134
05/08/2020,LNK,NE,ACE,CE,Towers with Radar,2,12,41,18,73,0,2,53,4,59,2,14,94,22,132,44,22,66,198
05/09/2020,LNK,NE,ACE,CE,Towers with Radar,2,11,14,0,27,0,2,15,0,17,2,13,29,0,44,16,0,16,60
05/10/2020,LNK,NE,ACE,CE,Towers with Radar,2,10,18,0,30,0,0,13,0,13,2,10,31,0,43,16,0,16,59
05/11/2020,LNK,NE,ACE,CE,Towers with Radar,2,18,14,7,41,0,4,30,0,34,2,22,44,7,75,40,20,60,135
05/12/2020,LNK,NE,ACE,CE,Towers with Radar,2,18,14,12,46,0,9,24,0,33,2,27,38,12,79,26,42,68,147
05/13/2020,LNK,NE,ACE,CE,Towers with Radar,0,9,24,2,35,0,1,0,0,1,0,10,24,2,36,0,0,0,36
05/14/2020,LNK,NE,ACE,CE,Towers with Radar,2,17,34,6,59,0,4,6,3,13,2,21,40,9,72,10,2,12,84
05/15/2020,LNK,NE,ACE,CE,Towers with Radar,0,17,28,32,77,0,3,53,0,56,0,20,81,32,133,48,2,50,183
05/16/2020,LNK,NE,ACE,CE,Towers with Radar,2,11,6,0,19,0,2,2,0,4,2,13,8,0,23,34,0,34,57
05/17/2020,LNK,NE,ACE,CE,Towers with Radar,2,11,10,0,23,0,0,3,0,3,2,11,13,0,26,24,0,24,50
05/18/2020,LNK,NE,ACE,CE,Towers with Radar,2,25,39,10,76,0,1,19,2,22,2,26,58,12,98,72,0,72,170
05/19/2020,LNK,NE,ACE,CE,Towers with Radar,2,29,31,20,82,0,6,33,0,39,2,35,64,20,121,72,10,82,203
05/20/2020,LNK,NE,ACE,CE,Towers with Radar,0,28,42,14,84,0,9,11,4,24,0,37,53,18,108,62,2,64,172
05/21/2020,LNK,NE,ACE,CE,Towers with Radar,2,23,27,27,79,0,4,10,0,14,2,27,37,27,93,12,8,20,113
05/22/2020,LNK,NE,ACE,CE,Towers with Radar,0,16,16,3,35,0,0,0,0,0,0,16,16,3,35,0,0,0,35
05/23/2020,LNK,NE,ACE,CE,Towers with Radar,2,19,38,0,59,0,5,26,0,31,2,24,64,0,90,34,0,34,124
05/24/2020,LNK,NE,ACE,CE,Towers with Radar,2,8,9,0,19,0,1,16,0,17,2,9,25,0,36,20,0,20,56
05/25/2020,LNK,NE,ACE,CE,Towers with Radar,0,14,10,0,24,0,0,0,0,0,0,14,10,0,24,0,0,0,24
05/26/2020,LNK,NE,ACE,CE,Towers with Radar,2,16,22,6,46,0,6,2,0,8,2,22,24,6,54,10,0,10,64
05/27/2020,LNK,NE,ACE,CE,Towers with Radar,0,11,27,15,53,0,6,44,5,55,0,17,71,20,108,80,12,92,200
05/28/2020,LNK,NE,ACE,CE,Towers with Radar,2,13,16,20,51,0,6,35,9,50,2,19,51,29,101,14,24,38,139
05/29/2020,LNK,NE,ACE,CE,Towers with Radar,2,23,38,23,86,0,5,90,0,95,2,28,128,23,181,110,8,118,299
05/30/2020,LNK,NE,ACE,CE,Towers with Radar,2,12,12,0,26,0,0,21,0,21,2,12,33,0,47,22,0,22,69
05/31/2020,LNK,NE,ACE,CE,Towers with Radar,2,12,23,2,39,0,0,33,1,34,2,12,56,3,73,2,0,2,75
06/01/2020,LNK,NE,ACE,CE,Towers with Radar,0,27,43,14,84,0,1,22,2,25,0,28,65,16,109,12,0,12,121
06/02/2020,LNK,NE,ACE,CE,Towers with Radar,2,29,20,33,84,0,7,56,12,75,2,36,76,45,159,58,32,90,249
06/03/2020,LNK,NE,ACE,CE,Towers with Radar,2,19,21,6,48,0,7,58,4,69,2,26,79,10,117,126,6,132,249
06/04/2020,LNK,NE,ACE,CE,Towers with Radar,2,20,43,12,77,0,6,73,8,87,2,26,116,20,164,116,6,122,286
06/05/2020,LNK,NE,ACE,CE,Towers with Radar,4,17,33,7,61,0,2,55,3,60,4,19,88,10,121,46,2,48,169
06/06/2020,LNK,NE,ACE,CE,Towers with Radar,0,9,11,0,20,0,0,43,0,43,0,9,54,0,63,106,0,106,169
06/07/2020,LNK,NE,ACE,CE,Towers with Radar,2,17,13,0,32,0,0,9,2,11,2,17,22,2,43,0,0,0,43
06/08/2020,LNK,NE,ACE,CE,Towers with Radar,2,22,24,8,56,0,0,9,0,9,2,22,33,8,65,2,6,8,73
06/09/2020,LNK,NE,ACE,CE,Towers with Radar,2,13,21,8,44,0,3,19,2,24,2,16,40,10,68,8,0,8,76
06/10/2020,LNK,NE,ACE,CE,Towers with Radar,2,18,7,9,36,0,4,8,12,24,2,22,15,21,60,0,12,12,72
06/11/2020,LNK,NE,ACE,CE,Towers with Radar,2,23,56,17,98,0,8,97,12,117,2,31,153,29,215,80,11,91,306
06/12/2020,LNK,NE,ACE,CE,Towers with Radar,2,21,26,28,77,0,10,86,1,97,2,31,112,29,174,74,26,100,274
06/13/2020,LNK,NE,ACE,CE,Towers with Radar,0,6,23,0,29,0,2,56,0,58,0,8,79,0,87,60,0,60,147
06/14/2020,LNK,NE,ACE,CE,Towers with Radar,0,18,28,1,47,0,1,17,0,18,0,19,45,1,65,4,0,4,69
06/15/2020,LNK,NE,ACE,CE,Towers with Radar,4,32,26,14,76,0,1,35,2,38,4,33,61,16,114,58,10,68,182
06/16/2020,LNK,NE,ACE,CE,Towers with Radar,0,9,26,31,66,0,4,39,3,46,0,13,65,34,112,72,16,88,200
06/17/2020,LNK,NE,ACE,CE,Towers with Radar,2,20,40,50,112,0,0,35,1,36,2,20,75,51,148,14,20,34,182
06/18/2020,LNK,NE,ACE,CE,Towers with Radar,2,23,14,7,46,0,1,22,6,29,2,24,36,13,75,34,0,34,109
06/19/2020,LNK,NE,ACE,CE,Towers with Radar,2,15,33,6,56,0,0,35,0,35,2,15,68,6,91,146,4,150,241
06/20/2020,LNK,NE,ACE,CE,Towers with Radar,2,18,12,1,33,0,8,23,0,31,2,26,35,1,64,78,0,78,142
06/21/2020,LNK,NE,ACE,CE,Towers with Radar,2,14,17,0,33,0,0,15,0,15,2,14,32,0,48,38,0,38,86
06/22/2020,LNK,NE,ACE,CE,Towers with Radar,2,23,30,12,67,0,4,43,0,47,2,27,73,12,114,38,16,54,168
06/23/2020,LNK,NE,ACE,CE,Towers with Radar,2,16,42,21,81,0,4,80,2,86,2,20,122,23,167,78,10,88,255
06/24/2020,LNK,NE,ACE,CE,Towers with Radar,2,21,33,55,111,0,7,69,9,85,2,28,102,64,196,48,12,60,256
06/25/2020,LNK,NE,ACE,CE,Towers with Radar,0,35,35,31,101,0,7,60,4,71,0,42,95,35,172,64,22,86,258
06/26/2020,LNK,NE,ACE,CE,Towers with Radar,2,22,21,8,53,0,3,55,4,62,2,25,76,12,115,66,4,70,185
06/27/2020,LNK,NE,ACE,CE,Towers with Radar,2,16,10,0,28,0,2,67,4,73,2,18,77,4,101,62,0,62,163
06/28/2020,LNK,NE,ACE,CE,Towers with Radar,2,17,17,0,36,0,5,21,0,26,2,22,38,0,62,54,0,54,116
06/29/2020,LNK,NE,ACE,CE,Towers with Radar,2,25,28,6,61,0,0,14,0,14,2,25,42,6,75,92,6,98,173
06/30/2020,LNK,NE,ACE,CE,Towers with Radar,2,16,31,19,68,0,1,17,3,21,2,17,48,22,89,46,4,50,139
07/01/2020,LNK,NE,ACE,CE,Towers with Radar,2,21,21,14,58,0,6,67,1,74,2,27,88,15,132,96,0,96,228
07/02/2020,LNK,NE,ACE,CE,Towers with Radar,0,21,50,4,75,0,2,48,0,50,0,23,98,4,125,92,4,96,221
07/03/2020,LNK,NE,ACE,CE,Towers with Radar,0,18,26,1,45,0,0,50,0,50,0,18,76,1,95,46,0,46,141
07/04/2020,LNK,NE,ACE,CE,Towers with Radar,0,8,3,1,12,0,0,28,0,28,0,8,31,1,40,0,0,0,40
07/05/2020,LNK,NE,ACE,CE,Towers with Radar,1,20,25,0,46,0,3,22,1,26,1,23,47,1,72,6,0,6,78
07/06/2020,LNK,NE,ACE,CE,Towers with Radar,1,21,28,0,50,0,0,45,0,45,1,21,73,0,95,42,0,42,137
07/07/2020,LNK,NE,ACE,CE,Towers with Radar,0,16,38,38,92,0,3,85,1,89,0,19,123,39,181,42,22,64,245
07/08/2020,LNK,NE,ACE,CE,Towers with Radar,0,25,44,20,89,0,7,44,5,56,0,32,88,25,145,22,42,64,209
07/09/2020,LNK,NE,ACE,CE,Towers with Radar,0,25,36,27,88,0,4,53,7,64,0,29,89,34,152,52,0,52,204
07/10/2020,LNK,NE,ACE,CE,Towers with Radar,0,18,38,14,70,0,3,59,0,62,0,21,97,14,132,74,14,88,220
07/11/2020,LNK,NE,ACE,CE,Towers with Radar,0,19,17,0,36,0,4,45,0,49,0,23,62,0,85,48,0,48,133
07/12/2020,LNK,NE,ACE,CE,Towers with Radar,0,21,37,1,59,0,3,43,0,46,0,24,80,1,105,40,0,40,145
07/13/2020,LNK,NE,ACE,CE,Towers with Radar,0,25,33,42,100,0,2,40,4,46,0,27,73,46,146,52,20,72,218
07/14/2020,LNK,NE,ACE,CE,Towers with Radar,0,24,21,22,67,0,10,40,1,51,0,34,61,23,118,96,20,116,234
07/15/2020,LNK,NE,ACE,CE,Towers with Radar,0,27,20,28,75,0,1,9,1,11,0,28,29,29,86,52,0,52,138
07/16/2020,LNK,NE,ACE,CE,Towers with Radar,0,42,31,38,111,0,11,51,11,73,0,53,82,49,184,72,34,106,290
07/17/2020,LNK,NE,ACE,CE,Towers with Radar,0,32,38,27,97,0,7,45,5,57,0,39,83,32,154,46,18,64,218
07/18/2020,LNK,NE,ACE,CE,Towers with Radar,0,18,18,21,57,0,0,39,10,49,0,18,57,31,106,34,0,34,140
07/19/2020,LNK,NE,ACE,CE,Towers with Radar,0,24,24,2,50,0,8,37,9,54,0,32,61,11,104,24,0,24,128
07/20/2020,LNK,NE,ACE,CE,Towers with Radar,0,26,30,18,74,0,0,11,0,11,0,26,41,18,85,94,6,100,185
07/21/2020,LNK,NE,ACE,CE,Towers with Radar,0,26,24,58,108,0,12,32,4,48,0,38,56,62,156,108,20,128,284
07/22/2020,LNK,NE,ACE,CE,Towers with Radar,0,27,39,24,90,0,3,66,3,72,0,30,105,27,162,48,26,74,236
07/23/2020,LNK,NE,ACE,CE,Towers with Radar,0,23,37,65,125,0,7,58,7,72,0,30,95,72,197,40,34,74,271
07/24/2020,LNK,NE,ACE,CE,Towers with Radar,2,23,41,58,124,0,1,38,3,42,2,24,79,61,166,56,0,56,222
07/25/2020,LNK,NE,ACE,CE,Towers with Radar,0,17,26,0,43,0,15,39,2,56,0,32,65,2,99,48,0,48,147
07/26/2020,LNK,NE,ACE,CE,Towers with Radar,0,19,25,0,44,0,0,11,1,12,0,19,36,1,56,12,0,12,68
07/27/2020,LNK,NE,ACE,CE,Towers with Radar,0,28,37,43,108,0,0,45,0,45,0,28,82,43,153,84,16,100,253
07/28/2020,LNK,NE,ACE,CE,Towers with Radar,0,27,37,43,107,0,4,66,1,71,0,31,103,44,178,81,20,101,279
07/29/2020,LNK,NE,ACE,CE,Towers with Radar,0,28,33,3,64,0,5,13,1,19,0,33,46,4,83,8,1,9,92
07/30/2020,LNK,NE,ACE,CE,Towers with Radar,0,23,32,54,109,0,3,26,1,30,0,26,58,55,139,34,26,60,199
07/31/2020,LNK,NE,ACE,CE,Towers with Radar,0,26,47,12,85,0,4,69,4,77,0,30,116,16,162,90,4,94,256
08/01/2020,LNK,NE,ACE,CE,Towers with Radar,0,20,28,3,51,0,0,51,0,51,0,20,79,3,102,56,0,56,158
08/02/2020,LNK,NE,ACE,CE,Towers with Radar,0,16,33,0,49,0,1,53,2,56,0,17,86,2,105,2,0,2,107
08/03/2020,LNK,NE,ACE,CE,Towers with Radar,0,35,38,32,105,0,3,71,2,76,0,38,109,34,181,54,18,72,253
08/04/2020,LNK,NE,ACE,CE,Towers with Radar,0,13,25,21,59,0,2,58,2,62,0,15,83,23,121,68,6,74,195
08/05/2020,LNK,NE,ACE,CE,Towers with Radar,0,18,24,42,84,0,10,44,2,56,0,28,68,44,140,16,18,34,174
08/06/2020,LNK,NE,ACE,CE,Towers with Radar,0,17,45,22,84,0,4,38,2,44,0,21,83,24,128,28,2,30,158
08/07/2020,LNK,NE,ACE,CE,Towers with Radar,0,21,33,47,101,0,3,18,0,21,0,24,51,47,122,78,26,104,226
08/08/2020,LNK,NE,ACE,CE,Towers with Radar,0,20,48,3,71,0,1,27,2,30,0,21,75,5,101,46,0,46,147
08/09/2020,LNK,NE,ACE,CE,Towers with Radar,0,24,31,0,55,0,4,48,0,52,0,28,79,0,107,20,0,20,127
08/10/2020,LNK,NE,ACE,CE,Towers with Radar,0,19,27,3,49,0,1,43,0,44,0,20,70,3,93,38,0,38,131
08/11/2020,LNK,NE,ACE,CE,Towers with Radar,0,18,35,20,73,0,0,55,8,63,0,18,90,28,136,66,12,78,214
08/12/2020,LNK,NE,ACE,CE,Towers with Radar,0,15,32,35,82,0,0,39,3,42,0,15,71,38,124,28,26,54,178
08/13/2020,LNK,NE,ACE,CE,Towers with Radar,0,25,39,32,96,0,2,41,3,46,0,27,80,35,142,4,24,28,170
08/14/2020,LNK,NE,ACE,CE,Towers with Radar,0,24,43,18,85,0,0,41,1,42,0,24,84,19,127,76,2,78,205
08/15/2020,LNK,NE,ACE,CE,Towers with Radar,0,13,26,0,39,0,0,92,3,95,0,13,118,3,134,80,0,80,214
08/16/2020,LNK,NE,ACE,CE,Towers with Radar,0,21,26,0,47,0,1,40,2,43,0,22,66,2,90,0,0,0,90
08/17/2020,LNK,NE,ACE,CE,Towers with Radar,0,21,23,58,102,0,0,63,2,65,0,21,86,60,167,76,42,118,285
08/18/2020,LNK,NE,ACE,CE,Towers with Radar,0,19,22,48,89,0,0,57,2,59,0,19,79,50,148,12,36,48,196
08/19/2020,LNK,NE,ACE,CE,Towers with Radar,0,21,42,31,94,0,1,54,1,56,0,22,96,32,150,34,12,46,196
08/20/2020,LNK,NE,ACE,CE,Towers with Radar,0,29,51,30,110,0,6,60,7,73,0,35,111,37,183,72,4,76,259
08/21/2020,LNK,NE,ACE,CE,Towers with Radar,0,22,41,7,70,0,1,52,8,61,0,23,93,15,131,22,0,22,153
08/22/2020,LNK,NE,ACE,CE,Towers with Radar,0,15,31,11,57,0,3,66,10,79,0,18,97,21,136,66,2,68,204
08/23/2020,LNK,NE,ACE,CE,Towers with Radar,1,25,51,0,77,0,4,62,7,73,1,29,113,7,150,6,0,6,156
08/24/2020,LNK,NE,ACE,CE,Towers with Radar,1,21,35,39,96,0,7,36,0,43,1,28,71,39,139,44,16,60,199
08/25/2020,LNK,NE,ACE,CE,Towers with Radar,0,21,28,46,95,0,7,34,7,48,0,28,62,53,143,20,44,64,207
08/26/2020,LNK,NE,ACE,CE,Towers with Radar,0,24,15,47,86,0,8,29,6,43,0,32,44,53,129,16,30,46,175
08/27/2020,LNK,NE,ACE,CE,Towers with Radar,2,28,35,50,115,0,3,47,4,54,2,31,82,54,169,78,26,104,273
08/28/2020,LNK,NE,ACE,CE,Towers with Radar,0,19,28,29,76,0,8,51,2,61,0,27,79,31,137,82,6,88,225
08/29/2020,LNK,NE,ACE,CE,Towers with Radar,0,19,30,3,52,0,5,78,0,83,0,24,108,3,135,36,0,36,171
08/30/2020,LNK,NE,ACE,CE,Towers with Radar,0,24,25,2,51,0,5,37,3,45,0,29,62,5,96,24,0,24,120
08/31/2020,LNK,NE,ACE,CE,Towers with Radar,2,26,24,57,109,0,2,24,0,26,2,28,48,57,135,46,22,68,203
09/01/2020,LNK,NE,ACE,CE,Towers with Radar,0,20,45,80,145,0,1,27,0,28,0,21,72,80,173,8,2,10,183
09/02/2020,LNK,NE,ACE,CE,Towers with Radar,0,22,55,65,142,0,0,55,5,60,0,22,110,70,202,68,44,112,314
09/03/2020,LNK,NE,ACE,CE,Towers with Radar,0,17,39,81,137,0,4,58,2,64,0,21,97,83,201,48,54,102,303
09/04/2020,LNK,NE,ACE,CE,Towers with Radar,0,30,50,1,81,0,2,75,1,78,0,32,125,2,159,34,0,34,193
09/05/2020,LNK,NE,ACE,CE,Towers with Radar,0,18,22,0,40,0,0,76,0,76,0,18,98,0,116,54,0,54,170
09/06/2020,LNK,NE,ACE,CE,Towers with Radar,0,16,19,0,35,0,7,18,0,25,0,23,37,0,60,24,0,24,84
09/07/2020,LNK,NE,ACE,CE,Towers with Radar,0,34,30,0,64,0,8,24,0,32,0,42,54,0,96,36,0,36,132
09/08/2020,LNK,NE,ACE,CE,Towers with Radar,0,21,8,35,64,0,2,1,0,3,0,23,9,35,67,0,0,0,67
09/09/2020,LNK,NE,ACE,CE,Towers with Radar,0,20,31,59,110,0,1,0,0,1,0,21,31,59,111,0,0,0,111
09/10/2020,LNK,NE,ACE,CE,Towers with Radar,0,35,51,33,119,0,0,6,0,6,0,35,57,33,125,0,28,28,153
09/11/2020,LNK,NE,ACE,CE,Towers with Radar,0,23,30,9,62,0,0,2,0,2,0,23,32,9,64,0,0,0,64
09/12/2020,LNK,NE,ACE,CE,Towers with Radar,0,17,29,4,50,0,2,44,2,48,0,19,73,6,98,32,6,38,136
09/13/2020,LNK,NE,ACE,CE,Towers with Radar,0,25,31,1,57,0,4,73,5,82,0,29,104,6,139,96,0,96,235
09/14/2020,LNK,NE,ACE,CE,Towers with Radar,0,25,35,67,127,0,13,68,0,81,0,38,103,67,208,70,58,128,336
09/15/2020,LNK,NE,ACE,CE,Towers with Radar,0,21,29,35,85,0,13,63,5,81,0,34,92,40,166,69,30,99,265
09/16/2020,LNK,NE,ACE,CE,Towers with Radar,0,27,66,56,149,0,5,59,6,70,0,32,125,62,219,28,22,50,269
09/17/2020,LNK,NE,ACE,CE,Towers with Radar,0,26,32,48,106,0,7,62,8,77,0,33,94,56,183,104,36,140,323
09/18/2020,LNK,NE,ACE,CE,Towers with Radar,0,36,40,14,90,0,4,69,3,76,0,40,109,17,166,56,0,56,222
09/19/2020,LNK,NE,ACE,CE,Towers with Radar,0,16,26,0,42,0,1,48,0,49,0,17,74,0,91,96,0,96,187
09/20/2020,LNK,NE,ACE,CE,Towers with Radar,0,20,28,3,51,0,3,24,0,27,0,23,52,3,78,10,0,10,88
09/21/2020,LNK,NE,ACE,CE,Towers with Radar,0,26,25,8,59,0,0,42,4,46,0,26,67,12,105,26,0,26,131
09/22/2020,LNK,NE,ACE,CE,Towers with Radar,0,27,23,79,129,0,7,52,8,67,0,34,75,87,196,36,20,56,252
09/23/2020,LNK,NE,ACE,CE,Towers with Radar,2,33,14,45,94,0,8,25,10,43,2,41,39,55,137,42,26,68,205
09/24/2020,LNK,NE,ACE,CE,Towers with Radar,0,26,37,63,126,0,8,46,10,64,0,34,83,73,190,24,36,60,250
09/25/2020,LNK,NE,ACE,CE,Towers with Radar,0,25,32,22,79,0,4,64,1,69,0,29,96,23,148,56,36,92,240
09/26/2020,LNK,NE,ACE,CE,Towers with Radar,0,18,24,26,68,0,0,29,0,29,0,18,53,26,97,20,4,24,121
09/27/2020,LNK,NE,ACE,CE,Towers with Radar,0,26,20,0,46,0,9,13,0,22,0,35,33,0,68,4,0,4,72
09/28/2020,LNK,NE,ACE,CE,Towers with Radar,0,25,22,37,84,0,5,16,1,22,0,30,38,38,106,29,14,43,149
09/29/2020,LNK,NE,ACE,CE,Towers with Radar,0,27,44,22,93,0,14,39,8,61,0,41,83,30,154,46,18,64,218
09/30/2020,LNK,NE,ACE,CE,Towers with Radar,0,34,28,26,88,0,9,25,2,36,0,43,53,28,124,14,10,24,148
10/01/2020,LNK,NE,ACE,CE,Towers with Radar,3,32,34,69,138,0,3,43,3,49,3,35,77,72,187,30,38,68,255
10/02/2020,LNK,NE,ACE,CE,Towers with Radar,4,22,29,53,108,0,5,74,6,85,4,27,103,59,193,116,14,130,323
10/03/2020,LNK,NE,ACE,CE,Towers with Radar,2,17,29,0,48,0,5,51,0,56,2,22,80,0,104,120,0,120,224
10/04/2020,LNK,NE,ACE,CE,Towers with Radar,4,20,23,2,49,0,10,57,2,69,4,30,80,4,118,16,0,16,134
10/05/2020,LNK,NE,ACE,CE,Towers with Radar,4,18,28,35,85,0,1,23,1,25,4,19,51,36,110,42,4,46,156
10/06/2020,LNK,NE,ACE,CE,Towers with Radar,2,14,22,89,127,0,4,41,2,47,2,18,63,91,174,66,14,80,254
10/07/2020,LNK,NE,ACE,CE,Towers with Radar,2,24,41,45,112,0,7,61,5,73,2,31,102,50,185,64,20,84,269
10/08/2020,LNK,NE,ACE,CE,Towers with Radar,4,18,35,51,108,0,6,36,2,44,4,24,71,53,152,114,18,132,284
10/09/2020,LNK,NE,ACE,CE,Towers with Radar,4,19,14,45,82,0,4,37,0,41,4,23,51,45,123,26,6,32,155
10/10/2020,LNK,NE,ACE,CE,Towers with Radar,2,9,22,6,39,0,1,73,1,75,2,10,95,7,114,102,0,102,216
10/11/2020,LNK,NE,ACE,CE,Towers with Radar,3,15,22,0,40,0,1,14,0,15,3,16,36,0,55,2,0,2,57
10/12/2020,LNK,NE,ACE,CE,Towers with Radar,4,24,35,0,63,0,0,47,0,47,4,24,82,0,110,86,0,86,196
10/13/2020,LNK,NE,ACE,CE,Towers with Radar,2,29,30,20,81,0,0,64,1,65,2,29,94,21,146,100,0,100,246
10/14/2020,LNK,NE,ACE,CE,Towers with Radar,2,22,36,2,62,0,3,18,6,27,2,25,54,8,89,24,0,24,113
10/15/2020,LNK,NE,ACE,CE,Towers with Radar,4,22,29,30,85,0,6,54,5,65,4,28,83,35,150,44,16,60,210
10/16/2020,LNK,NE,ACE,CE,Towers with Radar,4,18,39,13,74,0,4,37,5,46,4,22,76,18,120,46,6,52,172
10/17/2020,LNK,NE,ACE,CE,Towers with Radar,2,7,14,0,23,0,2,45,0,47,2,9,59,0,70,12,0,12,82
10/18/2020,LNK,NE,ACE,CE,Towers with Radar,6,17,15,3,41,0,4,21,1,26,6,21,36,4,67,2,2,4,71
10/19/2020,LNK,NE,ACE,CE,Towers with Radar,4,28,22,4,58,0,0,45,1,46,4,28,67,5,104,38,14,52,156
10/20/2020,LNK,NE,ACE,CE,Towers with Radar,2,16,23,29,70,0,0,11,1,12,2,16,34,30,82,20,0,20,102
10/21/2020,LNK,NE,ACE,CE,Towers with Radar,2,22,44,26,94,0,2,22,4,28,2,24,66,30,122,24,0,24,146
10/22/2020,LNK,NE,ACE,CE,Towers with Radar,5,26,24,20,75,0,0,0,0,0,5,26,24,20,75,0,0,0,75
10/23/2020,LNK,NE,ACE,CE,Towers with Radar,6,21,29,29,85,0,3,15,3,21,6,24,44,32,106,18,14,32,138
10/24/2020,LNK,NE,ACE,CE,Towers with Radar,3,15,11,2,31,0,1,23,0,24,3,16,34,2,55,66,0,66,121
10/25/2020,LNK,NE,ACE,CE,Towers with Radar,3,11,5,0,19,0,2,0,0,2,3,13,5,0,21,0,0,0,21
10/26/2020,LNK,NE,ACE,CE,Towers with Radar,4,16,23,0,43,0,2,34,0,36,4,18,57,0,79,48,0,48,127
10/27/2020,LNK,NE,ACE,CE,Towers with Radar,2,22,39,26,89,0,4,70,4,78,2,26,109,30,167,40,38,78,245
10/28/2020,LNK,NE,ACE,CE,Towers with Radar,2,21,42,16,81,0,4,90,6,100,2,25,132,22,181,60,26,86,267
10/29/2020,LNK,NE,ACE,CE,Towers with Radar,3,15,39,18,75,0,5,41,7,53,3,20,80,25,128,68,4,72,200
10/30/2020,LNK,NE,ACE,CE,Towers with Radar,4,25,33,16,78,0,2,74,0,76,4,27,107,16,154,54,22,76,230
10/31/2020,LNK,NE,ACE,CE,Towers with Radar,2,14,16,0,32,0,2,18,0,20,2,16,34,0,52,22,0,22,74
11/01/2020,LNK,NE,ACE,CE,Towers with Radar,1,14,23,1,39,0,3,52,0,55,1,17,75,1,94,18,0,18,112
11/02/2020,LNK,NE,ACE,CE,Towers with Radar,0,13,34,6,53,0,2,61,0,63,0,15,95,6,116,68,20,88,204
11/03/2020,LNK,NE,ACE,CE,Towers with Radar,0,18,20,13,51,0,3,52,2,57,0,21,72,15,108,34,22,56,164
11/04/2020,LNK,NE,ACE,CE,Towers with Radar,0,18,23,23,64,0,1,48,3,52,0,19,71,26,116,56,32,88,204
11/05/2020,LNK,NE,ACE,CE,Towers with Radar,0,31,25,19,75,0,6,69,3,78,0,37,94,22,153,46,0,46,199
11/06/2020,LNK,NE,ACE,CE,Towers with Radar,2,26,35,18,81,0,4,59,4,67,2,30,94,22,148,56,4,60,208
11/07/2020,LNK,NE,ACE,CE,Towers with Radar,2,17,21,4,44,0,5,10,7,22,2,22,31,11,66,0,0,0,66
11/08/2020,LNK,NE,ACE,CE,Towers with Radar,0,19,7,1,27,0,2,0,0,2,0,21,7,1,29,0,0,0,29
11/09/2020,LNK,NE,ACE,CE,Towers with Radar,0,17,20,6,43,0,0,0,3,3,0,17,20,9,46,2,0,2,48
11/10/2020,LNK,NE,ACE,CE,Towers with Radar,0,12,14,3,29,0,1,2,0,3,0,13,16,3,32,34,0,34,66
11/11/2020,LNK,NE,ACE,CE,Towers with Radar,0,17,28,9,54,0,3,54,1,58,0,20,82,10,112,56,0,56,168
11/12/2020,LNK,NE,ACE,CE,Towers with Radar,0,30,43,45,118,0,2,20,12,34,0,32,63,57,152,92,22,114,266
11/13/2020,LNK,NE,ACE,CE,Towers with Radar,0,32,27,35,94,0,4,32,1,37,0,36,59,36,131,78,12,90,221
11/14/2020,LNK,NE,ACE,CE,Towers with Radar,2,16,18,0,36,0,3,20,2,25,2,19,38,2,61,46,0,46,107
11/15/2020,LNK,NE,ACE,CE,Towers with Radar,0,13,16,2,31,0,0,7,0,7,0,13,23,2,38,16,0,16,54
11/16/2020,LNK,NE,ACE,CE,Towers with Radar,0,28,25,11,64,0,2,43,3,48,0,30,68,14,112,54,16,70,182
11/17/2020,LNK,NE,ACE,CE,Towers with Radar,0,17,45,26,88,0,4,61,2,67,0,21,106,28,155,42,16,58,213
11/18/2020,LNK,NE,ACE,CE,Towers with Radar,0,26,24,25,75,0,9,27,4,40,0,35,51,29,115,36,10,46,161
11/19/2020,LNK,NE,ACE,CE,Towers with Radar,0,29,54,49,132,0,9,84,9,102,0,38,138,58,234,62,18,80,314
11/20/2020,LNK,NE,ACE,CE,Towers with Radar,1,25,30,27,83,0,1,49,0,50,1,26,79,27,133,76,16,92,225
11/21/2020,LNK,NE,ACE,CE,Towers with Radar,1,25,17,0,43,0,1,43,2,46,1,26,60,2,89,72,0,72,161
11/22/2020,LNK,NE,ACE,CE,Towers with Radar,0,19,20,0,39,0,0,45,2,47,0,19,65,2,86,20,0,20,106
11/23/2020,LNK,NE,ACE,CE,Towers with Radar,0,17,13,11,41,0,0,3,2,5,0,17,16,13,46,0,2,2,48
11/24/2020,LNK,NE,ACE,CE,Towers with Radar,0,23,22,20,65,0,0,0,0,0,0,23,22,20,65,0,6,6,71
11/25/2020,LNK,NE,ACE,CE,Towers with Radar,0,20,20,42,82,0,0,12,0,12,0,20,32,42,94,0,0,0,94
11/26/2020,LNK,NE,ACE,CE,Towers with Radar,2,5,9,0,16,0,0,18,0,18,2,5,27,0,34,24,0,24,58
11/27/2020,LNK,NE,ACE,CE,Towers with Radar,2,15,17,0,34,0,7,66,0,73,2,22,83,0,107,34,0,34,141
11/28/2020,LNK,NE,ACE,CE,Towers with Radar,0,12,14,0,26,0,3,62,0,65,0,15,76,0,91,26,0,26,117
11/29/2020,LNK,NE,ACE,CE,Towers with Radar,0,30,20,0,50,0,1,5,0,6,0,31,25,0,56,0,0,0,56
11/30/2020,LNK,NE,ACE,CE,Towers with Radar,2,36,41,6,85,0,11,66,4,81,2,47,107,10,166,52,2,54,220
12/01/2020,LNK,NE,ACE,CE,Towers with Radar,0,17,26,35,78,0,2,70,1,73,0,19,96,36,151,44,20,64,215
12/02/2020,LNK,NE,ACE,CE,Towers with Radar,0,20,38,24,82,0,7,41,4,52,0,27,79,28,134,70,4,74,208
12/03/2020,LNK,NE,ACE,CE,Towers with Radar,0,25,24,4,53,2,3,60,4,69,2,28,84,8,122,38,22,60,182
12/04/2020,LNK,NE,ACE,CE,Towers with Radar,4,13,21,33,71,0,2,70,8,80,4,15,91,41,151,38,6,44,195
12/05/2020,LNK,NE,ACE,CE,Towers with Radar,2,13,26,5,46,0,0,57,0,57,2,13,83,5,103,74,0,74,177
12/06/2020,LNK,NE,ACE,CE,Towers with Radar,0,24,21,3,48,0,0,21,0,21,0,24,42,3,69,10,0,10,79
12/07/2020,LNK,NE,ACE,CE,Towers with Radar,0,23,31,21,75,0,2,45,6,53,0,25,76,27,128,38,16,54,182
12/08/2020,LNK,NE,ACE,CE,Towers with Radar,0,34,36,48,118,0,3,56,1,60,0,37,92,49,178,24,12,36,214
12/09/2020,LNK,NE,ACE,CE,Towers with Radar,1,14,42,49,106,0,0,100,4,104,1,14,142,53,210,48,28,76,286
12/10/2020,LNK,NE,ACE,CE,Towers with Radar,1,26,42,81,150,0,6,53,15,74,1,32,95,96,224,40,40,80,304
12/11/2020,LNK,NE,ACE,CE,Towers with Radar,2,21,15,9,47,0,0,0,0,0,2,21,15,9,47,0,0,0,47
12/12/2020,LNK,NE,ACE,CE,Towers with Radar,1,17,6,0,24,0,0,3,0,3,1,17,9,0,27,0,0,0,27
12/13/2020,LNK,NE,ACE,CE,Towers with Radar,0,15,22,1,38,0,1,1,0,2,0,16,23,1,40,10,0,10,50
12/14/2020,LNK,NE,ACE,CE,Towers with Radar,0,27,33,4,64,0,8,56,2,66,0,35,89,6,130,24,0,24,154
12/15/2020,LNK,NE,ACE,CE,Towers with Radar,0,28,18,40,86,0,7,12,0,19,0,35,30,40,105,36,16,52,157
12/16/2020,LNK,NE,ACE,CE,Towers with Radar,0,23,19,53,95,0,7,21,7,35,0,30,40,60,130,22,28,50,180
12/17/2020,LNK,NE,ACE,CE,Towers with Radar,4,17,28,19,68,0,0,60,5,65,4,17,88,24,133,30,28,58,191
12/18/2020,LNK,NE,ACE,CE,Towers with Radar,3,21,35,27,86,0,4,40,4,48,3,25,75,31,134,48,12,60,194
12/19/2020,LNK,NE,ACE,CE,Towers with Radar,2,21,19,2,44,0,0,71,0,71,2,21,90,2,115,38,0,38,153
12/20/2020,LNK,NE,ACE,CE,Towers with Radar,1,17,31,1,50,0,4,64,1,69,1,21,95,2,119,30,0,30,149
12/21/2020,LNK,NE,ACE,CE,Towers with Radar,2,14,29,10,55,0,0,39,6,45,2,14,68,16,100,24,0,24,124
12/22/2020,LNK,NE,ACE,CE,Towers with Radar,2,25,23,20,70,0,8,13,12,33,2,33,36,32,103,52,14,66,169
12/23/2020,LNK,NE,ACE,CE,Towers with Radar,2,21,15,0,38,0,0,0,0,0,2,21,15,0,38,0,0,0,38
12/24/2020,LNK,NE,ACE,CE,Towers with Radar,3,18,15,1,37,0,0,15,0,15,3,18,30,1,52,20,0,20,72
12/25/2020,LNK,NE,ACE,CE,Towers with Radar,1,3,8,0,12,0,0,14,0,14,1,3,22,0,26,10,0,10,36
12/26/2020,LNK,NE,ACE,CE,Towers with Radar,2,26,18,0,46,0,1,60,0,61,2,27,78,0,107,32,0,32,139
12/27/2020,LNK,NE,ACE,CE,Towers with Radar,2,19,24,0,45,0,0,9,0,9,2,19,33,0,54,6,0,6,60
12/28/2020,LNK,NE,ACE,CE,Towers with Radar,2,20,46,2,70,0,2,37,0,39,2,22,83,2,109,94,0,94,203
12/29/2020,LNK,NE,ACE,CE,Towers with Radar,2,8,1,0,11,0,0,0,0,0,2,8,1,0,11,0,0,0,11
12/30/2020,LNK,NE,ACE,CE,Towers with Radar,2,33,20,4,59,0,0,17,0,17,2,33,37,4,76,4,10,14,90
12/31/2020,LNK,NE,ACE,CE,Towers with Radar,0,18,24,0,42,0,2,41,0,43,0,20,65,0,85,48,0,48,133
01/01/2021,LNK,NE,ACE,CE,Towers with Radar,3,11,11,1,26,0,0,14,0,14,3,11,25,1,40,4,0,4,44
01/02/2021,LNK,NE,ACE,CE,Towers with Radar,1,16,24,0,41,0,0,19,0,19,1,16,43,0,60,2,0,2,62
01/03/2021,LNK,NE,ACE,CE,Towers with Radar,3,18,18,0,39,0,1,28,0,29,3,19,46,0,68,14,0,14,82
01/04/2021,LNK,NE,ACE,CE,Towers with Radar,2,26,35,12,75,0,1,47,0,48,2,27,82,12,123,6,0,6,129
01/05/2021,LNK,NE,ACE,CE,Towers with Radar,4,13,24,29,70,0,0,51,0,51,4,13,75,29,121,34,26,60,181
01/06/2021,LNK,NE,ACE,CE,Towers with Radar,4,25,21,23,73,0,0,2,0,2,4,25,23,23,75,0,0,0,75
01/07/2021,LNK,NE,ACE,CE,Towers with Radar,2,17,20,37,76,0,0,0,0,0,2,17,20,37,76,0,0,0,76
01/08/2021,LNK,NE,ACE,CE,Towers with Radar,2,15,19,7,43,0,1,1,0,2,2,16,20,7,45,14,0,14,59
01/09/2021,LNK,NE,ACE,CE,Towers with Radar,2,20,14,0,36,0,6,0,1,7,2,26,14,1,43,0,0,0,43
01/10/2021,LNK,NE,ACE,CE,Towers with Radar,2,21,25,1,49,0,8,3,0,11,2,29,28,1,60,10,0,10,70
01/11/2021,LNK,NE,ACE,CE,Towers with Radar,2,21,21,25,69,0,2,73,5,80,2,23,94,30,149,56,36,92,241
01/12/2021,LNK,NE,ACE,CE,Towers with Radar,1,17,28,30,76,0,5,64,0,69,1,22,92,30,145,34,20,54,199
01/13/2021,LNK,NE,ACE,CE,Towers with Radar,4,17,39,27,87,0,8,70,14,92,4,25,109,41,179,38,50,88,267
01/14/2021,LNK,NE,ACE,CE,Towers with Radar,2,15,27,12,56,0,1,2,4,7,2,16,29,16,63,0,6,6,69
01/15/2021,LNK,NE,ACE,CE,Towers with Radar,3,11,5,0,19,0,0,0,0,0,3,11,5,0,19,0,0,0,19
01/16/2021,LNK,NE,ACE,CE,Towers with Radar,3,10,21,5,39,0,1,43,2,46,3,11,64,7,85,72,0,72,157
01/17/2021,LNK,NE,ACE,CE,Towers with Radar,2,22,20,5,49,0,4,28,1,33,2,26,48,6,82,4,0,4,86
01/18/2021,LNK,NE,ACE,CE,Towers with Radar,2,28,24,1,55,0,0,19,0,19,2,28,43,1,74,26,0,26,100
01/19/2021,LNK,NE,ACE,CE,Towers with Radar,4,20,11,4,39,0,4,29,0,33,4,24,40,4,72,0,0,0,72
01/20/2021,LNK,NE,ACE,CE,Towers with Radar,2,23,29,7,61,0,7,33,11,51,2,30,62,18,112,42,0,42,154
01/21/2021,LNK,NE,ACE,CE,Towers with Radar,4,23,38,26,91,0,13,71,7,91,4,36,109,33,182,62,68,130,312
01/22/2021,LNK,NE,ACE,CE,Towers with Radar,2,25,34,15,76,0,0,19,2,21,2,25,53,17,97,60,0,60,157
01/23/2021,LNK,NE,ACE,CE,Towers with Radar,2,10,8,0,20,0,0,9,0,9,2,10,17,0,29,44,0,44,73
01/24/2021,LNK,NE,ACE,CE,Towers with Radar,2,23,16,6,47,0,0,3,0,3,2,23,19,6,50,0,0,0,50
01/25/2021,LNK,NE,ACE,CE,Towers with Radar,1,4,3,0,8,0,0,0,0,0,1,4,3,0,8,0,0,0,8
01/26/2021,LNK,NE,ACE,CE,Towers with Radar,3,22,5,1,31,0,3,2,0,5,3,25,7,1,36,0,0,0,36
01/27/2021,LNK,NE,ACE,CE,Towers with Radar,4,25,24,6,59,0,12,13,5,30,4,37,37,11,89,0,0,0,89
01/28/2021,LNK,NE,ACE,CE,Towers with Radar,2,33,18,1,54,0,0,1,0,1,2,33,19,1,55,6,0,6,61
01/29/2021,LNK,NE,ACE,CE,Towers with Radar,2,18,43,27,90,0,3,24,3,30,2,21,67,30,120,42,38,80,200
01/30/2021,LNK,NE,ACE,CE,Towers with Radar,2,9,13,2,26,0,0,0,0,0,2,9,13,2,26,0,0,0,26
01/31/2021,LNK,NE,ACE,CE,Towers with Radar,2,23,19,2,46,0,0,9,0,9,2,23,28,2,55,6,0,6,61
02/01/2021,LNK,NE,ACE,CE,Towers with Radar,2,13,38,7,60,0,0,2,0,2,2,13,40,7,62,0,0,0,62
02/02/2021,LNK,NE,ACE,CE,Towers with Radar,4,8,14,16,42,0,0,0,0,0,4,8,14,16,42,0,0,0,42
02/03/2021,LNK,NE,ACE,CE,Towers with Radar,4,16,39,22,81,0,18,81,8,107,4,34,120,30,188,78,18,96,284
02/04/2021,LNK,NE,ACE,CE,Towers with Radar,2,24,19,8,53,0,2,18,4,24,2,26,37,12,77,20,6,26,103
02/05/2021,LNK,NE,ACE,CE,Towers with Radar,1,29,24,35,89,0,0,64,0,64,1,29,88,35,153,72,42,114,267
02/06/2021,LNK,NE,ACE,CE,Towers with Radar,1,5,9,1,16,0,0,0,0,0,1,5,9,1,16,0,0,0,16
02/07/2021,LNK,NE,ACE,CE,Towers with Radar,2,23,2,1,28,0,0,0,0,0,2,23,2,1,28,0,0,0,28
02/08/2021,LNK,NE,ACE,CE,Towers with Radar,2,13,19,7,41,0,4,7,0,11,2,17,26,7,52,5,0,5,57
02/09/2021,LNK,NE,ACE,CE,Towers with Radar,2,21,19,13,55,0,1,28,0,29,2,22,47,13,84,6,34,40,124
02/10/2021,LNK,NE,ACE,CE,Towers with Radar,3,32,37,46,118,0,15,15,13,43,3,47,52,59,161,16,46,62,223
02/11/2021,LNK,NE,ACE,CE,Towers with Radar,4,39,27,35,105,0,4,14,3,21,4,43,41,38,126,4,38,42,168
02/12/2021,LNK,NE,ACE,CE,Towers with Radar,4,17,25,5,51,0,0,0,0,0,4,17,25,5,51,0,0,0,51
02/13/2021,LNK,NE,ACE,CE,Towers with Radar,2,12,3,2,19,0,0,9,0,9,2,12,12,2,28,0,0,0,28
02/14/2021,LNK,NE,ACE,CE,Towers with Radar,1,20,5,1,27,0,1,2,0,3,1,21,7,1,30,6,0,6,36
02/15/2021,LNK,NE,ACE,CE,Towers with Radar,3,34,20,0,57,0,1,3,0,4,3,35,23,0,61,6,0,6,67
02/16/2021,LNK,NE,ACE,CE,Towers with Radar,6,34,21,2,63,0,8,9,0,17,6,42,30,2,80,0,8,8,88
02/17/2021,LNK,NE,ACE,CE,Towers with Radar,4,31,33,40,108,0,5,28,1,34,4,36,61,41,142,52,38,90,232
02/18/2021,LNK,NE,ACE,CE,Towers with Radar,3,31,31,38,103,0,6,44,2,52,3,37,75,40,155,36,16,52,207
02/19/2021,LNK,NE,ACE,CE,Towers with Radar,2,16,28,32,78,0,7,57,2,66,2,23,85,34,144,40,58,98,242
02/20/2021,LNK,NE,ACE,CE,Towers with Radar,3,6,13,12,34,0,7,40,6,53,3,13,53,18,87,56,0,56,143
02/21/2021,LNK,NE,ACE,CE,Towers with Radar,2,23,9,0,34,0,0,4,0,4,2,23,13,0,38,0,0,0,38
02/22/2021,LNK,NE,ACE,CE,Towers with Radar,2,20,27,17,66,0,2,37,2,41,2,22,64,19,107,28,10,38,145
02/23/2021,LNK,NE,ACE,CE,Towers with Radar,2,22,35,45,104,0,0,68,6,74,2,22,103,51,178,54,34,88,266
02/24/2021,LNK,NE,ACE,CE,Towers with Radar,4,23,43,39,109,0,11,40,10,61,4,34,83,49,170,46,40,86,256
02/25/2021,LNK,NE,ACE,CE,Towers with Radar,2,32,43,61,138,0,4,72,1,77,2,36,115,62,215,46,44,90,305
02/26/2021,LNK,NE,ACE,CE,Towers with Radar,5,18,62,61,146,0,0,64,2,66,5,18,126,63,212,30,64,94,306
02/27/2021,LNK,NE,ACE,CE,Towers with Radar,5,8,21,4,38,0,0,47,0,47,5,8,68,4,85,44,0,44,129
02/28/2021,LNK,NE,ACE,CE,Towers with Radar,4,22,23,10,59,0,0,15,0,15,4,22,38,10,74,2,6,8,82
03/01/2021,LNK,NE,ACE,CE,Towers with Radar,4,27,23,17,71,0,4,45,2,51,4,31,68,19,122,28,32,60,182
03/02/2021,LNK,NE,ACE,CE,Towers with Radar,2,21,16,35,74,0,1,19,4,24,2,22,35,39,98,10,30,40,138
03/03/2021,LNK,NE,ACE,CE,Towers with Radar,2,22,36,14,74,0,13,80,4,97,2,35,116,18,171,56,8,64,235
03/04/2021,LNK,NE,ACE,CE,Towers with Radar,4,25,31,51,111,0,6,58,4,68,4,31,89,55,179,28,20,48,227
03/05/2021,LNK,NE,ACE,CE,Towers with Radar,4,30,30,57,121,0,5,63,4,72,4,35,93,61,193,112,14,126,319
03/06/2021,LNK,NE,ACE,CE,Towers with Radar,2,16,17,15,50,0,2,88,3,93,2,18,105,18,143,46,0,46,189
03/07/2021,LNK,NE,ACE,CE,Towers with Radar,4,22,16,32,74,0,0,7,1,8,4,22,23,33,82,0,2,2,84
03/08/2021,LNK,NE,ACE,CE,Towers with Radar,4,21,27,29,81,0,5,41,0,46,4,26,68,29,127,90,16,106,233
03/09/2021,LNK,NE,ACE,CE,Towers with Radar,4,11,23,68,106,0,0,34,4,38,4,11,57,72,144,0,60,60,204
03/10/2021,LNK,NE,ACE,CE,Towers with Radar,2,22,12,4,40,0,9,2,5,16,2,31,14,9,56,0,16,16,72
03/11/2021,LNK,NE,ACE,CE,Towers with Radar,4,38,37,34,113,0,5,70,5,80,4,43,107,39,193,90,36,126,319
03/12/2021,LNK,NE,ACE,CE,Towers with Radar,4,32,39,39,114,0,2,38,0,40,4,34,77,39,154,54,34,88,242
03/13/2021,LNK,NE,ACE,CE,Towers with Radar,2,17,20,0,39,0,0,6,0,6,2,17,26,0,45,10,0,10,55
03/14/2021,LNK,NE,ACE,CE,Towers with Radar,4,19,7,0,30,0,0,0,0,0,4,19,7,0,30,0,0,0,30
03/15/2021,LNK,NE,ACE,CE,Towers with Radar,3,18,8,2,31,0,0,0,0,0,3,18,8,2,31,0,0,0,31
03/16/2021,LNK,NE,ACE,CE,Towers with Radar,4,20,26,63,113,0,0,0,0,0,4,20,26,63,113,0,0,0,113
03/17/2021,LNK,NE,ACE,CE,Towers with Radar,2,21,17,49,89,0,1,0,2,3,2,22,17,51,92,0,0,0,92
03/18/2021,LNK,NE,ACE,CE,Towers with Radar,3,24,32,87,146,0,4,52,2,58,3,28,84,89,204,68,36,104,308
03/19/2021,LNK,NE,ACE,CE,Towers with Radar,4,34,33,41,112,0,7,110,5,122,4,41,143,46,234,88,14,102,336
03/20/2021,LNK,NE,ACE,CE,Towers with Radar,2,18,15,1,36,0,1,35,0,36,2,19,50,1,72,38,0,38,110
03/21/2021,LNK,NE,ACE,CE,Towers with Radar,4,24,23,2,53,0,1,19,5,25,4,25,42,7,78,26,0,26,104
03/22/2021,LNK,NE,ACE,CE,Towers with Radar,6,16,27,42,91,0,0,4,1,5,6,16,31,43,96,20,2,22,118
03/23/2021,LNK,NE,ACE,CE,Towers with Radar,4,17,37,36,94,0,0,0,1,1,4,17,37,37,95,2,0,2,97
03/24/2021,LNK,NE,ACE,CE,Towers with Radar,2,19,16,47,84,0,4,16,6,26,2,23,32,53,110,28,54,82,192
03/25/2021,LNK,NE,ACE,CE,Towers with Radar,4,37,49,98,188,0,2,40,1,43,4,39,89,99,231,86,64,150,381
03/26/2021,LNK,NE,ACE,CE,Towers with Radar,6,21,31,44,102,0,0,46,10,56,6,21,77,54,158,68,28,96,254
03/27/2021,LNK,NE,ACE,CE,Towers with Radar,2,23,18,11,54,0,1,18,2,21,2,24,36,13,75,6,0,6,81
03/28/2021,LNK,NE,ACE,CE,Towers with Radar,4,23,26,6,59,0,1,85,3,89,4,24,111,9,148,34,6,40,188
03/29/2021,LNK,NE,ACE,CE,Towers with Radar,4,21,32,40,97,0,3,6,3,12,4,24,38,43,109,6,12,18,127
03/30/2021,LNK,NE,ACE,CE,Towers with Radar,4,11,24,40,79,0,2,12,1,15,4,13,36,41,94,6,28,34,128
03/31/2021,LNK,NE,ACE,CE,Towers with Radar,6,17,21,34,78,0,5,44,21,70,6,22,65,55,148,20,18,38,186
04/01/2021,LNK,NE,ACE,CE,Towers with Radar,4,27,37,100,168,0,2,75,3,80,4,29,112,103,248,50,58,108,356
04/02/2021,LNK,NE,ACE,CE,Towers with Radar,2,17,25,43,87,0,2,15,3,20,2,19,40,46,107,12,20,32,139
04/03/2021,LNK,NE,ACE,CE,Towers with Radar,2,18,14,2,36,0,7,90,0,97,2,25,104,2,133,82,2,84,217
04/04/2021,LNK,NE,ACE,CE,Towers with Radar,5,12,12,2,31,0,7,24,0,31,5,19,36,2,62,8,0,8,70
04/05/2021,LNK,NE,ACE,CE,Towers with Radar,6,31,34,48,119,0,4,31,1,36,6,35,65,49,155,34,34,68,223
04/06/2021,LNK,NE,ACE,CE,Towers with Radar,4,13,38,44,99,0,2,21,0,23,4,15,59,44,122,8,46,54,176
04/07/2021,LNK,NE,ACE,CE,Towers with Radar,4,19,26,25,74,0,0,0,0,0,4,19,26,25,74,0,0,0,74
04/08/2021,LNK,NE,ACE,CE,Towers with Radar,4,18,26,28,76,0,1,2,0,3,4,19,28,28,79,0,0,0,79
04/09/2021,LNK,NE,ACE,CE,Towers with Radar,4,19,47,32,102,0,8,48,2,58,4,27,95,34,160,16,20,36,196
04/10/2021,LNK,NE,ACE,CE,Towers with Radar,2,19,30,6,57,0,2,53,4,59,2,21,83,10,116,52,0,52,168
04/11/2021,LNK,NE,ACE,CE,Towers with Radar,4,22,27,0,53,0,5,45,3,53,4,27,72,3,106,22,0,22,128
04/12/2021,LNK,NE,ACE,CE,Towers with Radar,4,20,23,26,73,0,0,36,1,37,4,20,59,27,110,42,4,46,156
04/13/2021,LNK,NE,ACE,CE,Towers with Radar,4,24,26,34,88,0,4,46,0,50,4,28,72,34,138,46,14,60,198
04/14/2021,LNK,NE,ACE,CE,Towers with Radar,4,30,42,55,131,0,4,62,5,71,4,34,104,60,202,32,18,50,252
04/15/2021,LNK,NE,ACE,CE,Towers with Radar,4,18,30,10,62,0,4,50,3,57,4,22,80,13,119,90,0,90,209
04/16/2021,LNK,NE,ACE,CE,Towers with Radar,4,11,21,26,62,0,1,10,0,11,4,12,31,26,73,62,0,62,135
04/17/2021,LNK,NE,ACE,CE,Towers with Radar,4,8,29,0,41,0,0,46,8,54,4,8,75,8,95,80,2,82,177
04/18/2021,LNK,NE,ACE,CE,Towers with Radar,4,16,20,9,49,0,1,56,4,61,4,17,76,13,110,120,2,122,232
04/19/2021,LNK,NE,ACE,CE,Towers with Radar,3,27,15,34,79,0,0,2,0,2,3,27,17,34,81,20,12,32,113
04/20/2021,LNK,NE,ACE,CE,Towers with Radar,4,18,32,43,97,0,8,64,4,76,4,26,96,47,173,66,14,80,253
04/21/2021,LNK,NE,ACE,CE,Towers with Radar,4,24,36,48,112,0,4,53,5,62,4,28,89,53,174,26,70,96,270
04/22/2021,LNK,NE,ACE,CE,Towers with Radar,4,31,36,71,142,0,13,69,3,85,4,44,105,74,227,66,32,98,325
04/23/2021,LNK,NE,ACE,CE,Towers with Radar,4,15,29,46,94,0,2,41,3,46,4,17,70,49,140,150,66,216,356
04/24/2021,LNK,NE,ACE,CE,Towers with Radar,2,14,34,0,50,0,2,71,2,75,2,16,105,2,125,100,0,100,225
04/25/2021,LNK,NE,ACE,CE,Towers with Radar,4,12,12,2,30,0,0,17,0,17,4,12,29,2,47,0,0,0,47
04/26/2021,LNK,NE,ACE,CE,Towers with Radar,4,28,36,40,108,0,3,37,0,40,4,31,73,40,148,80,28,108,256
04/27/2021,LNK,NE,ACE,CE,Towers with Radar,4,20,26,37,87,0,4,52,2,58,4,24,78,39,145,86,48,134,279
04/28/2021,LNK,NE,ACE,CE,Towers with Radar,4,25,32,103,164,0,1,5,5,11,4,26,37,108,175,42,36,78,253
04/29/2021,LNK,NE,ACE,CE,Towers with Radar,4,24,31,49,108,0,6,49,4,59,4,30,80,53,167,84,58,142,309
04/30/2021,LNK,NE,ACE,CE,Towers with Radar,4,20,31,14,69,0,2,84,1,87,4,22,115,15,156,96,22,118,274
05/01/2021,LNK,NE,ACE,CE,Towers with Radar,2,14,21,10,47,0,5,23,7,35,2,19,44,17,82,4,0,4,86
05/02/2021,LNK,NE,ACE,CE,Towers with Radar,4,26,23,8,61,0,16,13,0,29,4,42,36,8,90,30,6,36,126
05/03/2021,LNK,NE,ACE,CE,Towers with Radar,4,22,29,19,74,0,3,10,0,13,4,25,39,19,87,10,10,20,107
05/04/2021,LNK,NE,ACE,CE,Towers with Radar,4,25,28,74,131,0,3,67,4,74,4,28,95,78,205,108,36,144,349
05/05/2021,LNK,NE,ACE,CE,Towers with Radar,4,20,27,62,113,0,8,31,5,44,4,28,58,67,157,144,52,196,353
05/06/2021,LNK,NE,ACE,CE,Towers with Radar,4,19,33,40,96,0,9,65,5,79,4,28,98,45,175,110,62,172,347
05/07/2021,LNK,NE,ACE,CE,Towers with Radar,4,14,23,53,94,0,2,81,2,85,4,16,104,55,179,144,24,168,347
05/08/2021,LNK,NE,ACE,CE,Towers with Radar,2,18,19,3,42,0,1,11,2,14,2,19,30,5,56,6,0,6,62
05/09/2021,LNK,NE,ACE,CE,Towers with Radar,4,14,23,2,43,0,0,11,0,11,4,14,34,2,54,18,0,18,72
05/10/2021,LNK,NE,ACE,CE,Towers with Radar,8,20,38,49,115,0,1,70,1,72,8,21,108,50,187,90,28,118,305
05/11/2021,LNK,NE,ACE,CE,Towers with Radar,4,20,40,75,139,0,3,55,9,67,4,23,95,84,206,122,40,162,368
05/12/2021,LNK,NE,ACE,CE,Towers with Radar,4,24,42,66,136,0,13,77,2,92,4,37,119,68,228,138,58,196,424
05/13/2021,LNK,NE,ACE,CE,Towers with Radar,4,23,37,64,128,0,19,71,4,94,4,42,108,68,222,156,52,208,430
05/14/2021,LNK,NE,ACE,CE,Towers with Radar,4,22,36,20,82,0,3,59,0,62,4,25,95,20,144,98,34,132,276
05/15/2021,LNK,NE,ACE,CE,Towers with Radar,4,17,17,0,38,0,0,36,0,36,4,17,53,0,74,42,0,42,116
05/16/2021,LNK,NE,ACE,CE,Towers with Radar,4,22,14,6,46,0,0,0,0,0,4,22,14,6,46,0,0,0,46
05/17/2021,LNK,NE,ACE,CE,Towers with Radar,4,21,25,36,86,0,0,3,0,3,4,21,28,36,89,40,2,42,131
05/18/2021,LNK,NE,ACE,CE,Towers with Radar,6,20,43,48,117,0,3,15,4,22,6,23,58,52,139,106,8,114,253
05/19/2021,LNK,NE,ACE,CE,Towers with Radar,4,15,60,77,156,0,2,9,0,11,4,17,69,77,167,72,22,94,261
05/20/2021,LNK,NE,ACE,CE,Towers with Radar,4,22,46,114,186,0,1,6,0,7,4,23,52,114,193,108,36,144,337
05/21/2021,LNK,NE,ACE,CE,Towers with Radar,6,28,46,88,168,0,1,24,0,25,6,29,70,88,193,46,22,68,261
05/22/2021,LNK,NE,ACE,CE,Towers with Radar,2,19,39,34,94,0,2,28,3,33,2,21,67,37,127,82,0,82,209
05/23/2021,LNK,NE,ACE,CE,Towers with Radar,4,24,22,1,51,0,1,25,0,26,4,25,47,1,77,38,0,38,115
05/24/2021,LNK,NE,ACE,CE,Towers with Radar,6,35,26,65,132,0,3,21,0,24,6,38,47,65,156,92,20,112,268
05/25/2021,LNK,NE,ACE,CE,Towers with Radar,4,25,46,90,165,0,1,43,1,45,4,26,89,91,210,142,74,216,426
05/26/2021,LNK,NE,ACE,CE,Towers with Radar,4,28,53,55,140,0,0,95,4,99,4,28,148,59,239,66,36,102,341
05/27/2021,LNK,NE,ACE,CE,Towers with Radar,6,38,42,28,114,0,1,19,5,25,6,39,61,33,139,70,6,76,215
05/28/2021,LNK,NE,ACE,CE,Towers with Radar,4,37,44,1,86,0,0,17,1,18,4,37,61,2,104,172,0,172,276
05/29/2021,LNK,NE,ACE,CE,Towers with Radar,2,22,24,2,50,0,0,54,0,54,2,22,78,2,104,82,0,82,186
05/30/2021,LNK,NE,ACE,CE,Towers with Radar,6,28,20,0,54,0,0,18,0,18,6,28,38,0,72,0,0,0,72
05/31/2021,LNK,NE,ACE,CE,Towers with Radar,4,29,25,0,58,0,0,46,0,46,4,29,71,0,104,14,0,14,118
06/01/2021,LNK,NE,ACE,CE,Towers with Radar,5,18,54,63,140,0,1,71,17,89,5,19,125,80,229,92,48,140,369
06/02/2021,LNK,NE,ACE,CE,Towers with Radar,6,28,33,84,151,0,5,85,16,106,6,33,118,100,257,84,42,126,383
06/03/2021,LNK,NE,ACE,CE,Towers with Radar,3,28,44,41,116,0,5,90,4,99,3,33,134,45,215,74,38,112,327
06/04/2021,LNK,NE,ACE,CE,Towers with Radar,2,39,27,65,133,0,3,93,2,98,2,42,120,67,231,36,8,44,275
06/05/2021,LNK,NE,ACE,CE,Towers with Radar,4,26,15,8,53,0,1,71,2,74,4,27,86,10,127,56,0,56,183
06/06/2021,LNK,NE,ACE,CE,Towers with Radar,2,33,23,10,68,0,0,34,0,34,2,33,57,10,102,14,4,18,120
06/07/2021,LNK,NE,ACE,CE,Towers with Radar,4,31,18,59,112,0,3,59,11,73,4,34,77,70,185,90,44,134,319
06/08/2021,LNK,NE,ACE,CE,Towers with Radar,2,27,24,69,122,0,0,56,3,59,2,27,80,72,181,134,60,194,375
06/09/2021,LNK,NE,ACE,CE,Towers with Radar,4,39,33,58,134,0,8,65,4,77,4,47,98,62,211,92,74,166,377
06/10/2021,LNK,NE,ACE,CE,Towers with Radar,2,33,46,41,122,0,2,77,4,83,2,35,123,45,205,86,16,102,307
06/11/2021,LNK,NE,ACE,CE,Towers with Radar,1,30,22,19,72,0,4,17,5,26,1,34,39,24,98,114,6,120,218
06/12/2021,LNK,NE,ACE,CE,Towers with Radar,1,23,22,7,53,0,2,75,5,82,1,25,97,12,135,28,4,32,167
06/13/2021,LNK,NE,ACE,CE,Towers with Radar,4,36,37,7,84,0,5,37,6,48,4,41,74,13,132,30,0,30,162
06/14/2021,LNK,NE,ACE,CE,Towers with Radar,2,32,32,48,114,0,3,59,2,64,2,35,91,50,178,100,50,150,328
06/15/2021,LNK,NE,ACE,CE,Towers with Radar,2,39,40,38,119,0,3,60,2,65,2,42,100,40,184,92,26,118,302
06/16/2021,LNK,NE,ACE,CE,Towers with Radar,2,36,40,45,123,0,3,56,10,69,2,39,96,55,192,68,54,122,314
06/17/2021,LNK,NE,ACE,CE,Towers with Radar,2,31,29,23,85,0,0,39,4,43,2,31,68,27,128,40,14,54,182
06/18/2021,LNK,NE,ACE,CE,Towers with Radar,2,30,29,2,63,0,3,36,1,40,2,33,65,3,103,54,0,54,157
06/19/2021,LNK,NE,ACE,CE,Towers with Radar,2,28,33,2,65,0,2,78,2,82,2,30,111,4,147,42,0,42,189
06/20/2021,LNK,NE,ACE,CE,Towers with Radar,1,30,21,0,52,0,0,43,0,43,1,30,64,0,95,32,0,32,127
06/21/2021,LNK,NE,ACE,CE,Towers with Radar,2,46,44,18,110,0,2,65,0,67,2,48,109,18,177,94,36,130,307
06/22/2021,LNK,NE,ACE,CE,Towers with Radar,2,37,42,31,112,0,1,64,2,67,2,38,106,33,179,34,4,38,217
06/23/2021,LNK,NE,ACE,CE,Towers with Radar,2,31,45,30,108,0,1,47,2,50,2,32,92,32,158,72,18,90,248
06/24/2021,LNK,NE,ACE,CE,Towers with Radar,1,37,28,24,90,0,0,26,2,28,1,37,54,26,118,44,36,80,198
06/25/2021,LNK,NE,ACE,CE,Towers with Radar,2,28,26,21,77,0,0,14,0,14,2,28,40,21,91,78,4,82,173
06/26/2021,LNK,NE,ACE,CE,Towers with Radar,1,31,28,33,93,0,0,10,0,10,1,31,38,33,103,44,0,44,147
06/27/2021,LNK,NE,ACE,CE,Towers with Radar,2,37,35,11,85,0,4,49,0,53,2,41,84,11,138,82,6,88,226
06/28/2021,LNK,NE,ACE,CE,Towers with Radar,1,25,41,21,88,0,2,37,1,40,1,27,78,22,128,110,2,112,240
06/29/2021,LNK,NE,ACE,CE,Towers with Radar,2,31,39,29,101,0,2,51,0,53,2,33,90,29,154,98,24,122,276
06/30/2021,LNK,NE,ACE,CE,Towers with Radar,1,39,40,41,121,0,3,64,0,67,1,42,104,41,188,82,34,116,304
07/01/2021,LNK,NE,ACE,CE,Towers with Radar,1,51,33,40,125,0,0,68,4,72,1,51,101,44,197,82,36,118,315
07/02/2021,LNK,NE,ACE,CE,Towers with Radar,0,42,23,3,68,0,0,69,2,71,0,42,92,5,139,74,0,74,213
07/03/2021,LNK,NE,ACE,CE,Towers with Radar,0,34,12,0,46,0,1,57,1,59,0,35,69,1,105,88,0,88,193
07/04/2021,LNK,NE,ACE,CE,Towers with Radar,0,22,8,0,30,0,3,27,1,31,0,25,35,1,61,24,0,24,85
07/05/2021,LNK,NE,ACE,CE,Towers with Radar,0,36,13,1,50,0,0,36,0,36,0,36,49,1,86,28,0,28,114
07/06/2021,LNK,NE,ACE,CE,Towers with Radar,0,35,26,61,122,0,0,61,1,62,0,35,87,62,184,64,28,92,276
07/07/2021,LNK,NE,ACE,CE,Towers with Radar,0,34,44,78,156,0,2,21,2,25,0,36,65,80,181,128,34,162,343
07/08/2021,LNK,NE,ACE,CE,Towers with Radar,0,43,42,67,152,0,4,79,3,86,0,47,121,70,238,98,88,186,424
07/09/2021,LNK,NE,ACE,CE,Towers with Radar,3,45,47,30,125,0,3,58,2,63,3,48,105,32,188,60,12,72,260
07/10/2021,LNK,NE,ACE,CE,Towers with Radar,5,29,15,1,50,0,0,19,0,19,5,29,34,1,69,54,0,54,123
07/11/2021,LNK,NE,ACE,CE,Towers with Radar,2,48,25,10,85,0,4,23,0,27,2,52,48,10,112,12,6,18,130
07/12/2021,LNK,NE,ACE,CE,Towers with Radar,0,32,27,27,86,0,0,57,9,66,0,32,84,36,152,34,32,66,218
07/13/2021,LNK,NE,ACE,CE,Towers with Radar,0,44,31,52,127,0,2,58,0,60,0,46,89,52,187,46,28,74,261
07/14/2021,LNK,NE,ACE,CE,Towers with Radar,0,49,33,37,119,0,0,21,2,23,0,49,54,39,142,38,20,58,200
07/15/2021,LNK,NE,ACE,CE,Towers with Radar,0,47,42,47,136,0,0,20,2,22,0,47,62,49,158,88,30,118,276
07/16/2021,LNK,NE,ACE,CE,Towers with Radar,0,31,36,48,115,0,2,26,6,34,0,33,62,54,149,58,26,84,233
07/17/2021,LNK,NE,ACE,CE,Towers with Radar,5,34,28,4,71,0,0,61,2,63,5,34,89,6,134,66,0,66,200
07/18/2021,LNK,NE,ACE,CE,Towers with Radar,1,38,35,0,74,0,5,28,0,33,1,43,63,0,107,60,0,60,167
07/19/2021,LNK,NE,ACE,CE,Towers with Radar,0,45,32,61,138,0,6,48,7,61,0,51,80,68,199,26,26,52,251
07/20/2021,LNK,NE,ACE,CE,Towers with Radar,0,46,55,43,144,0,2,63,6,71,0,48,118,49,215,58,14,72,287
07/21/2021,LNK,NE,ACE,CE,Towers with Radar,0,42,52,36,130,0,2,70,2,74,0,44,122,38,204,89,30,119,323
07/22/2021,LNK,NE,ACE,CE,Towers with Radar,2,47,44,43,136,0,4,46,5,55,2,51,90,48,191,54,30,84,275
07/23/2021,LNK,NE,ACE,CE,Towers with Radar,2,38,30,52,122,0,2,64,2,68,2,40,94,54,190,28,18,46,236
07/24/2021,LNK,NE,ACE,CE,Towers with Radar,0,30,24,5,59,0,6,40,5,51,0,36,64,10,110,52,0,52,162
07/25/2021,LNK,NE,ACE,CE,Towers with Radar,0,48,31,16,95,0,2,15,6,23,0,50,46,22,118,8,0,8,126
07/26/2021,LNK,NE,ACE,CE,Towers with Radar,0,35,37,36,108,0,4,53,1,58,0,39,90,37,166,32,4,36,202
07/27/2021,LNK,NE,ACE,CE,Towers with Radar,2,42,31,42,117,0,0,53,4,57,2,42,84,46,174,50,28,78,252
07/28/2021,LNK,NE,ACE,CE,Towers with Radar,0,38,27,70,135,0,6,58,12,76,0,44,85,82,211,94,18,112,323
07/29/2021,LNK,NE,ACE,CE,Towers with Radar,0,38,47,35,120,0,4,53,3,60,0,42,100,38,180,98,38,136,316
07/30/2021,LNK,NE,ACE,CE,Towers with Radar,2,37,23,64,126,0,1,32,0,33,2,38,55,64,159,56,28,84,243
07/31/2021,LNK,NE,ACE,CE,Towers with Radar,1,27,28,9,65,0,0,3,0,3,1,27,31,9,68,0,0,0,68
08/01/2021,LNK,NE,ACE,CE,Towers with Radar,6,41,43,18,108,0,1,47,0,48,6,42,90,18,156,12,2,14,170
08/02/2021,LNK,NE,ACE,CE,Towers with Radar,4,38,33,65,140,0,1,45,4,50,4,39,78,69,190,58,32,90,280
08/03/2021,LNK,NE,ACE,CE,Towers with Radar,4,44,31,50,129,0,3,63,0,66,4,47,94,50,195,48,20,68,263
08/04/2021,LNK,NE,ACE,CE,Towers with Radar,4,40,30,37,111,0,3,56,6,65,4,43,86,43,176,46,36,82,258
08/05/2021,LNK,NE,ACE,CE,Towers with Radar,6,29,35,84,154,0,3,64,3,70,6,32,99,87,224,56,36,92,316
08/06/2021,LNK,NE,ACE,CE,Towers with Radar,4,26,45,58,133,0,3,83,4,90,4,29,128,62,223,50,16,66,289
08/07/2021,LNK,NE,ACE,CE,Towers with Radar,4,29,16,5,54,0,1,23,2,26,4,30,39,7,80,12,0,12,92
08/08/2021,LNK,NE,ACE,CE,Towers with Radar,4,46,40,16,106,0,2,30,1,33,4,48,70,17,139,14,0,14,153
08/09/2021,LNK,NE,ACE,CE,Towers with Radar,3,25,26,55,109,0,1,49,1,51,3,26,75,56,160,80,44,124,284
08/10/2021,LNK,NE,ACE,CE,Towers with Radar,2,36,24,48,110,0,1,60,1,62,2,37,84,49,172,72,40,112,284
08/11/2021,LNK,NE,ACE,CE,Towers with Radar,3,42,37,37,119,0,0,53,10,63,3,42,90,47,182,8,66,74,256
08/12/2021,LNK,NE,ACE,CE,Towers with Radar,4,42,41,57,144,0,9,60,3,72,4,51,101,60,216,50,40,90,306
08/13/2021,LNK,NE,ACE,CE,Towers with Radar,4,43,41,47,135,0,1,73,0,74,4,44,114,47,209,64,28,92,301
08/14/2021,LNK,NE,ACE,CE,Towers with Radar,4,34,46,8,92,0,10,116,7,133,4,44,162,15,225,10,0,10,235
08/15/2021,LNK,NE,ACE,CE,Towers with Radar,4,41,34,0,79,0,13,41,5,59,4,54,75,5,138,2,0,2,140
08/16/2021,LNK,NE,ACE,CE,Towers with Radar,3,33,35,36,107,0,8,62,3,73,3,41,97,39,180,32,24,56,236
08/17/2021,LNK,NE,ACE,CE,Towers with Radar,4,28,35,43,110,0,5,42,3,50,4,33,77,46,160,32,22,54,214
08/18/2021,LNK,NE,ACE,CE,Towers with Radar,4,27,41,61,133,0,7,48,7,62,4,34,89,68,195,29,16,45,240
08/19/2021,LNK,NE,ACE,CE,Towers with Radar,4,37,52,57,150,0,2,50,1,53,4,39,102,58,203,48,32,80,283
08/20/2021,LNK,NE,ACE,CE,Towers with Radar,4,28,31,26,89,0,4,14,0,18,4,32,45,26,107,12,6,18,125
08/21/2021,LNK,NE,ACE,CE,Towers with Radar,5,18,24,2,49,0,0,77,0,77,5,18,101,2,126,28,0,28,154
08/22/2021,LNK,NE,ACE,CE,Towers with Radar,6,31,17,2,56,0,1,31,0,32,6,32,48,2,88,6,0,6,94
08/23/2021,LNK,NE,ACE,CE,Towers with Radar,4,28,40,35,107,0,1,43,0,44,4,29,83,35,151,38,16,54,205
08/24/2021,LNK,NE,ACE,CE,Towers with Radar,5,37,28,32,102,0,2,55,4,61,5,39,83,36,163,58,38,96,259
08/25/2021,LNK,NE,ACE,CE,Towers with Radar,3,29,36,42,110,0,7,61,2,70,3,36,97,44,180,38,18,56,236
08/26/2021,LNK,NE,ACE,CE,Towers with Radar,4,44,29,31,108,0,12,45,1,58,4,56,74,32,166,74,48,122,288
08/27/2021,LNK,NE,ACE,CE,Towers with Radar,6,45,24,34,109,0,17,43,1,61,6,62,67,35,170,28,38,66,236
08/28/2021,LNK,NE,ACE,CE,Towers with Radar,7,27,20,0,54,0,0,42,2,44,7,27,62,2,98,16,0,16,114
08/29/2021,LNK,NE,ACE,CE,Towers with Radar,2,41,16,2,61,0,4,19,0,23,2,45,35,2,84,4,0,4,88
08/30/2021,LNK,NE,ACE,CE,Towers with Radar,4,36,38,26,104,0,3,25,0,28,4,39,63,26,132,16,18,34,166
08/31/2021,LNK,NE,ACE,CE,Towers with Radar,4,24,36,61,125,0,7,44,2,53,4,31,80,63,178,52,50,102,280
09/01/2021,LNK,NE,ACE,CE,Towers with Radar,4,37,34,58,133,0,9,25,7,41,4,46,59,65,174,40,40,80,254
09/02/2021,LNK,NE,ACE,CE,Towers with Radar,5,42,33,35,115,0,1,24,13,38,5,43,57,48,153,14,10,24,177
09/03/2021,LNK,NE,ACE,CE,Towers with Radar,4,34,34,1,73,0,0,21,1,22,4,34,55,2,95,134,0,134,229
09/04/2021,LNK,NE,ACE,CE,Towers with Radar,6,22,30,2,60,0,2,23,0,25,6,24,53,2,85,32,0,32,117
09/05/2021,LNK,NE,ACE,CE,Towers with Radar,4,24,19,0,47,0,1,38,0,39,4,25,57,0,86,8,0,8,94
09/06/2021,LNK,NE,ACE,CE,Towers with Radar,4,30,30,2,66,0,6,57,0,63,4,36,87,2,129,14,0,14,143
09/07/2021,LNK,NE,ACE,CE,Towers with Radar,3,46,38,52,139,0,9,45,5,59,3,55,83,57,198,58,42,100,298
09/08/2021,LNK,NE,ACE,CE,Towers with Radar,3,37,27,38,105,0,5,64,18,87,3,42,91,56,192,54,42,96,288
09/09/2021,LNK,NE,ACE,CE,Towers with Radar,4,30,54,49,137,0,15,84,6,105,4,45,138,55,242,104,46,150,392
09/10/2021,LNK,NE,ACE,CE,Towers with Radar,5,46,43,61,155,0,8,62,3,73,5,54,105,64,228,80,22,102,330
09/11/2021,LNK,NE,ACE,CE,Towers with Radar,5,39,29,4,77,0,4,66,8,78,5,43,95,12,155,54,20,74,229
09/12/2021,LNK,NE,ACE,CE,Towers with Radar,4,34,38,3,79,0,7,26,0,33,4,41,64,3,112,0,0,0,112
09/13/2021,LNK,NE,ACE,CE,Towers with Radar,4,42,36,50,132,0,9,55,0,64,4,51,91,50,196,70,28,98,294
09/14/2021,LNK,NE,ACE,CE,Towers with Radar,3,59,29,39,130,0,5,32,2,39,3,64,61,41,169,60,50,110,279
09/15/2021,LNK,NE,ACE,CE,Towers with Radar,4,52,30,31,117,0,16,55,5,76,4,68,85,36,193,22,20,42,235
09/16/2021,LNK,NE,ACE,CE,Towers with Radar,7,54,40,40,141,0,12,41,5,58,7,66,81,45,199,80,26,106,305
09/17/2021,LNK,NE,ACE,CE,Towers with Radar,7,34,27,7,75,0,4,38,3,45,7,38,65,10,120,40,0,40,160
09/18/2021,LNK,NE,ACE,CE,Towers with Radar,8,43,21,2,74,0,5,63,8,76,8,48,84,10,150,22,0,22,172
09/19/2021,LNK,NE,ACE,CE,Towers with Radar,4,34,22,1,61,0,3,20,0,23,4,37,42,1,84,0,0,0,84
09/20/2021,LNK,NE,ACE,CE,Towers with Radar,3,47,35,32,117,0,3,29,0,32,3,50,64,32,149,62,8,70,219
09/21/2021,LNK,NE,ACE,CE,Towers with Radar,4,42,41,64,151,0,4,66,6,76,4,46,107,70,227,68,40,108,335
09/22/2021,LNK,NE,ACE,CE,Towers with Radar,5,38,38,19,100,0,12,70,7,89,5,50,108,26,189,110,14,124,313
09/23/2021,LNK,NE,ACE,CE,Towers with Radar,4,43,33,16,96,0,0,62,1,63,4,43,95,17,159,70,4,74,233
09/24/2021,LNK,NE,ACE,CE,Towers with Radar,5,40,38,39,122,0,8,57,0,65,5,48,95,39,187,68,30,98,285
09/25/2021,LNK,NE,ACE,CE,Towers with Radar,3,40,34,0,77,0,3,67,0,70,3,43,101,0,147,36,0,36,183
09/26/2021,LNK,NE,ACE,CE,Towers with Radar,6,40,34,0,80,0,0,36,0,36,6,40,70,0,116,30,0,30,146
09/27/2021,LNK,NE,ACE,CE,Towers with Radar,4,35,44,6,89,0,2,51,0,53,4,37,95,6,142,60,6,66,208
09/28/2021,LNK,NE,ACE,CE,Towers with Radar,4,27,26,10,67,0,0,50,0,50,4,27,76,10,117,64,0,64,181
09/29/2021,LNK,NE,ACE,CE,Towers with Radar,4,40,36,28,108,0,3,31,0,34,4,43,67,28,142,96,28,124,266
09/30/2021,LNK,NE,ACE,CE,Towers with Radar,4,35,38,28,105,0,0,15,0,15,4,35,53,28,120,32,0,32,152
10/01/2021,LNK,NE,ACE,CE,Towers with Radar,5,42,43,56,146,0,2,9,5,16,5,44,52,61,162,110,36,146,308
10/02/2021,LNK,NE,ACE,CE,Towers with Radar,7,32,52,10,101,0,0,16,0,16,7,32,68,10,117,80,8,88,205
10/03/2021,LNK,NE,ACE,CE,Towers with Radar,4,34,28,21,87,0,4,38,0,42,4,38,66,21,129,8,0,8,137
10/04/2021,LNK,NE,ACE,CE,Towers with Radar,5,49,26,40,120,0,3,65,5,73,5,52,91,45,193,72,24,96,289
10/05/2021,LNK,NE,ACE,CE,Towers with Radar,0,37,37,76,150,0,4,68,5,77,0,41,105,81,227,78,64,142,369
10/06/2021,LNK,NE,ACE,CE,Towers with Radar,0,34,44,82,160,0,0,60,4,64,0,34,104,86,224,70,80,150,374
10/07/2021,LNK,NE,ACE,CE,Towers with Radar,0,44,49,66,159,0,4,55,0,59,0,48,104,66,218,50,54,104,322
10/08/2021,LNK,NE,ACE,CE,Towers with Radar,2,43,38,31,114,0,9,93,8,110,2,52,131,39,224,82,32,114,338
10/09/2021,LNK,NE,ACE,CE,Towers with Radar,3,40,35,1,79,0,4,45,1,50,3,44,80,2,129,68,0,68,197
10/10/2021,LNK,NE,ACE,CE,Towers with Radar,2,47,42,3,94,0,0,31,1,32,2,47,73,4,126,10,0,10,136
10/11/2021,LNK,NE,ACE,CE,Towers with Radar,0,43,32,0,75,0,2,47,0,49,0,45,79,0,124,52,0,52,176
10/12/2021,LNK,NE,ACE,CE,Towers with Radar,0,45,32,38,115,0,0,46,1,47,0,45,78,39,162,60,14,74,236
10/13/2021,LNK,NE,ACE,CE,Towers with Radar,0,37,28,29,94,0,11,1,0,12,0,48,29,29,106,0,26,26,132
10/14/2021,LNK,NE,ACE,CE,Towers with Radar,0,52,46,64,162,0,12,70,5,87,0,64,116,69,249,60,26,86,335
10/15/2021,LNK,NE,ACE,CE,Towers with Radar,2,39,50,32,123,0,3,66,3,72,2,42,116,35,195,78,6,84,279
10/16/2021,LNK,NE,ACE,CE,Towers with Radar,2,21,31,22,76,0,6,51,1,58,2,27,82,23,134,54,6,60,194
10/17/2021,LNK,NE,ACE,CE,Towers with Radar,0,39,17,0,56,0,0,45,0,45,0,39,62,0,101,10,0,10,111
10/18/2021,LNK,NE,ACE,CE,Towers with Radar,0,47,30,53,130,0,2,29,0,31,0,49,59,53,161,60,18,78,239
10/19/2021,LNK,NE,ACE,CE,Towers with Radar,0,47,41,49,137,0,7,62,2,71,0,54,103,51,208,52,38,90,298
10/20/2021,LNK,NE,ACE,CE,Towers with Radar,0,59,54,27,140,0,5,2,1,8,0,64,56,28,148,24,0,24,172
10/21/2021,LNK,NE,ACE,CE,Towers with Radar,0,40,45,57,142,0,9,32,0,41,0,49,77,57,183,110,44,154,337
10/22/2021,LNK,NE,ACE,CE,Towers with Radar,0,32,44,9,85,0,4,65,4,73,0,36,109,13,158,108,4,112,270
10/23/2021,LNK,NE,ACE,CE,Towers with Radar,0,30,27,1,58,0,5,38,1,44,0,35,65,2,102,60,0,60,162
10/24/2021,LNK,NE,ACE,CE,Towers with Radar,1,32,10,0,43,0,0,0,0,0,1,32,10,0,43,0,0,0,43
10/25/2021,LNK,NE,ACE,CE,Towers with Radar,0,31,43,15,89,0,3,36,1,40,0,34,79,16,129,66,6,72,201
10/26/2021,LNK,NE,ACE,CE,Towers with Radar,1,39,19,28,87,0,1,2,1,4,1,40,21,29,91,0,0,0,91
10/27/2021,LNK,NE,ACE,CE,Towers with Radar,0,34,24,54,112,0,0,0,0,0,0,34,24,54,112,0,0,0,112
10/28/2021,LNK,NE,ACE,CE,Towers with Radar,0,58,40,40,138,0,7,11,0,18,0,65,51,40,156,0,0,0,156
10/29/2021,LNK,NE,ACE,CE,Towers with Radar,1,44,55,47,147,0,5,48,10,63,1,49,103,57,210,0,0,0,210
10/30/2021,LNK,NE,ACE,CE,Towers with Radar,2,39,42,0,83,0,0,63,2,65,2,39,105,2,148,0,0,0,148
10/31/2021,LNK,NE,ACE,CE,Towers with Radar,1,29,20,3,53,0,0,42,0,42,1,29,62,3,95,0,0,0,95
11/01/2021,LNK,NE,ACE,CE,Towers with Radar,0,53,22,23,98,0,0,2,0,2,0,53,24,23,100,0,0,0,100
11/02/2021,LNK,NE,ACE,CE,Towers with Radar,0,42,37,35,114,0,0,37,2,39,0,42,74,37,153,0,0,0,153
11/03/2021,LNK,NE,ACE,CE,Towers with Radar,0,41,31,39,111,0,7,34,2,43,0,48,65,41,154,0,0,0,154
11/04/2021,LNK,NE,ACE,CE,Towers with Radar,0,33,34,58,125,0,5,69,4,78,0,38,103,62,203,0,0,0,203
11/05/2021,LNK,NE,ACE,CE,Towers with Radar,3,44,26,9,82,0,1,39,6,46,3,45,65,15,128,0,0,0,128
11/06/2021,LNK,NE,ACE,CE,Towers with Radar,3,28,39,29,99,0,7,68,7,82,3,35,107,36,181,0,0,0,181
11/07/2021,LNK,NE,ACE,CE,Towers with Radar,1,46,27,4,78,0,4,42,1,47,1,50,69,5,125,0,0,0,125
11/08/2021,LNK,NE,ACE,CE,Towers with Radar,0,51,32,35,118,0,1,49,2,52,0,52,81,37,170,0,0,0,170
11/09/2021,LNK,NE,ACE,CE,Towers with Radar,0,41,32,48,121,0,14,57,1,72,0,55,89,49,193,0,0,0,193
11/10/2021,LNK,NE,ACE,CE,Towers with Radar,0,49,33,53,135,0,8,3,1,12,0,57,36,54,147,34,14,48,195
11/11/2021,LNK,NE,ACE,CE,Towers with Radar,0,41,34,1,76,0,7,14,0,21,0,48,48,1,97,0,0,0,97
11/12/2021,LNK,NE,ACE,CE,Towers with Radar,0,29,14,5,48,0,2,0,1,3,0,31,14,6,51,0,0,0,51
11/13/2021,LNK,NE,ACE,CE,Towers with Radar,0,28,15,2,45,0,3,30,0,33,0,31,45,2,78,42,4,46,124
11/14/2021,LNK,NE,ACE,CE,Towers with Radar,0,34,28,1,63,0,2,36,0,38,0,36,64,1,101,50,0,50,151
11/15/2021,LNK,NE,ACE,CE,Towers with Radar,0,43,23,32,98,0,3,58,1,62,0,46,81,33,160,0,0,0,160
11/16/2021,LNK,NE,ACE,CE,Towers with Radar,0,48,41,55,144,0,1,53,5,59,0,49,94,60,203,0,0,0,203
11/17/2021,LNK,NE,ACE,CE,Towers with Radar,0,41,25,44,110,0,9,21,4,34,0,50,46,48,144,0,0,0,144
11/18/2021,LNK,NE,ACE,CE,Towers with Radar,0,40,37,49,126,0,4,65,10,79,0,44,102,59,205,0,0,0,205
11/19/2021,LNK,NE,ACE,CE,Towers with Radar,2,36,22,40,100,0,1,17,1,19,2,37,39,41,119,4,10,14,133
11/20/2021,LNK,NE,ACE,CE,Towers with Radar,2,35,24,1,62,0,1,69,0,70,2,36,93,1,132,32,0,32,164
11/21/2021,LNK,NE,ACE,CE,Towers with Radar,0,33,12,4,49,0,5,29,0,34,0,38,41,4,83,14,0,14,97
11/22/2021,LNK,NE,ACE,CE,Towers with Radar,0,50,29,50,129,0,4,53,0,57,0,54,82,50,186,56,56,112,298
11/23/2021,LNK,NE,ACE,CE,Towers with Radar,0,52,30,69,151,0,10,42,4,56,0,62,72,73,207,8,40,48,255
11/24/2021,LNK,NE,ACE,CE,Towers with Radar,0,64,18,114,196,0,2,28,0,30,0,66,46,114,226,118,26,144,370
11/25/2021,LNK,NE,ACE,CE,Towers with Radar,1,17,6,2,26,0,2,6,0,8,1,19,12,2,34,24,0,24,58
11/26/2021,LNK,NE,ACE,CE,Towers with Radar,1,32,35,1,69,0,0,43,0,43,1,32,78,1,112,10,0,10,122
11/27/2021,LNK,NE,ACE,CE,Towers with Radar,0,32,23,0,55,0,0,17,0,17,0,32,40,0,72,16,0,16,88
11/28/2021,LNK,NE,ACE,CE,Towers with Radar,0,51,41,2,94,0,2,52,0,54,0,53,93,2,148,4,0,4,152
11/29/2021,LNK,NE,ACE,CE,Towers with Radar,0,52,32,40,124,0,3,52,0,55,0,55,84,40,179,56,38,94,273
11/30/2021,LNK,NE,ACE,CE,Towers with Radar,0,42,27,59,128,0,4,60,3,67,0,46,87,62,195,60,78,138,333
12/01/2021,LNK,NE,ACE,CE,Towers with Radar,0,37,25,56,118,0,7,48,7,62,0,44,73,63,180,36,56,92,272
12/02/2021,LNK,NE,ACE,CE,Towers with Radar,0,44,35,40,119,0,13,52,4,69,0,57,87,44,188,42,34,76,264
12/03/2021,LNK,NE,ACE,CE,Towers with Radar,0,36,26,33,95,0,9,45,1,55,0,45,71,34,150,62,56,118,268
12/04/2021,LNK,NE,ACE,CE,Towers with Radar,2,31,18,25,76,0,0,35,0,35,2,31,53,25,111,32,22,54,165
12/05/2021,LNK,NE,ACE,CE,Towers with Radar,2,34,18,5,59,0,2,13,0,15,2,36,31,5,74,0,0,0,74
12/06/2021,LNK,NE,ACE,CE,Towers with Radar,1,41,27,13,82,0,0,30,0,30,1,41,57,13,112,22,12,34,146
12/07/2021,LNK,NE,ACE,CE,Towers with Radar,0,42,24,64,130,0,2,33,5,40,0,44,57,69,170,46,26,72,242
12/08/2021,LNK,NE,ACE,CE,Towers with Radar,0,39,39,34,112,0,7,51,7,65,0,46,90,41,177,52,46,98,275
12/09/2021,LNK,NE,ACE,CE,Towers with Radar,5,40,24,48,117,0,13,44,3,60,5,53,68,51,177,66,26,92,269
12/10/2021,LNK,NE,ACE,CE,Towers with Radar,3,38,25,23,89,0,3,1,1,5,3,41,26,24,94,0,4,4,98
12/11/2021,LNK,NE,ACE,CE,Towers with Radar,4,22,16,1,43,0,3,44,2,49,4,25,60,3,92,24,8,32,124
12/12/2021,LNK,NE,ACE,CE,Towers with Radar,2,34,28,0,64,0,2,26,0,28,2,36,54,0,92,8,0,8,100
12/13/2021,LNK,NE,ACE,CE,Towers with Radar,2,38,49,52,141,0,8,57,2,67,2,46,106,54,208,106,46,152,360
12/14/2021,LNK,NE,ACE,CE,Towers with Radar,2,39,26,63,130,0,6,61,0,67,2,45,87,63,197,42,46,88,285
12/15/2021,LNK,NE,ACE,CE,Towers with Radar,2,19,5,4,30,0,0,3,0,3,2,19,8,4,33,2,2,4,37
12/16/2021,LNK,NE,ACE,CE,Towers with Radar,1,52,52,24,129,0,12,35,1,48,1,64,87,25,177,78,14,92,269
12/17/2021,LNK,NE,ACE,CE,Towers with Radar,0,38,42,45,125,0,1,48,4,53,0,39,90,49,178,68,26,94,272
12/18/2021,LNK,NE,ACE,CE,Towers with Radar,0,23,15,4,42,0,2,14,0,16,0,25,29,4,58,28,0,28,86
12/19/2021,LNK,NE,ACE,CE,Towers with Radar,0,32,18,0,50,0,4,7,0,11,0,36,25,0,61,0,0,0,61
12/20/2021,LNK,NE,ACE,CE,Towers with Radar,0,33,31,35,99,0,1,38,2,41,0,34,69,37,140,14,28,42,182
12/21/2021,LNK,NE,ACE,CE,Towers with Radar,0,43,31,35,109,0,4,49,3,56,0,47,80,38,165,24,16,40,205
12/22/2021,LNK,NE,ACE,CE,Towers with Radar,0,50,35,34,119,0,1,46,3,50,0,51,81,37,169,58,42,100,269
12/23/2021,LNK,NE,ACE,CE,Towers with Radar,1,42,31,2,76,0,0,65,1,66,1,42,96,3,142,76,0,76,218
12/24/2021,LNK,NE,ACE,CE,Towers with Radar,1,26,14,0,41,0,0,14,0,14,1,26,28,0,55,12,0,12,67
12/25/2021,LNK,NE,ACE,CE,Towers with Radar,0,20,0,0,20,0,0,10,0,10,0,20,10,0,30,0,0,0,30
12/26/2021,LNK,NE,ACE,CE,Towers with Radar,0,47,22,0,69,0,0,16,0,16,0,47,38,0,85,14,0,14,99
12/27/2021,LNK,NE,ACE,CE,Towers with Radar,1,51,34,11,97,0,0,21,2,23,1,51,55,13,120,26,0,26,146
12/28/2021,LNK,NE,ACE,CE,Towers with Radar,0,38,28,34,100,0,1,35,0,36,0,39,63,34,136,26,24,50,186
12/29/2021,LNK,NE,ACE,CE,Towers with Radar,1,28,22,6,57,0,5,26,0,31,1,33,48,6,88,50,0,50,138
12/30/2021,LNK,NE,ACE,CE,Towers with Radar,1,43,35,8,87,0,2,49,0,51,1,45,84,8,138,42,18,60,198
12/31/2021,LNK,NE,ACE,CE,Towers with Radar,0,25,3,0,28,0,0,0,0,0,0,25,3,0,28,0,0,0,28
01/01/2022,LNK,NE,ACE,CE,Towers with Radar,1,16,3,0,20,0,0,0,0,0,1,16,3,0,20,0,0,0,20
01/02/2022,LNK,NE,ACE,CE,Towers with Radar,1,40,17,1,59,0,0,14,0,14,1,40,31,1,73,10,0,10,83
01/03/2022,LNK,NE,ACE,CE,Towers with Radar,4,50,33,3,90,0,0,24,0,24,4,50,57,3,114,43,0,43,157
01/04/2022,LNK,NE,ACE,CE,Towers with Radar,2,32,15,28,77,0,4,22,1,27,2,36,37,29,104,8,10,18,122
01/05/2022,LNK,NE,ACE,CE,Towers with Radar,2,27,23,26,78,0,15,14,1,30,2,42,37,27,108,6,6,12,120
01/06/2022,LNK,NE,ACE,CE,Towers with Radar,0,26,19,49,94,0,10,8,17,35,0,36,27,66,129,0,32,32,161
01/07/2022,LNK,NE,ACE,CE,Towers with Radar,0,37,29,29,95,0,4,40,0,44,0,41,69,29,139,30,36,66,205
01/08/2022,LNK,NE,ACE,CE,Towers with Radar,0,20,6,0,26,1,1,6,0,8,1,21,12,0,34,20,0,20,54
01/09/2022,LNK,NE,ACE,CE,Towers with Radar,1,41,31,2,75,0,2,35,0,37,1,43,66,2,112,8,0,8,120
01/10/2022,LNK,NE,ACE,CE,Towers with Radar,1,34,27,58,120,0,0,43,0,43,1,34,70,58,163,76,34,110,273
01/11/2022,LNK,NE,ACE,CE,Towers with Radar,1,32,26,51,110,0,3,40,0,43,1,35,66,51,153,80,26,106,259
01/12/2022,LNK,NE,ACE,CE,Towers with Radar,0,33,36,31,100,0,4,46,2,52,0,37,82,33,152,48,42,90,242
01/13/2022,LNK,NE,ACE,CE,Towers with Radar,0,43,39,81,163,0,7,64,0,71,0,50,103,81,234,34,58,92,326
01/14/2022,LNK,NE,ACE,CE,Towers with Radar,0,29,11,27,67,0,0,1,2,3,0,29,12,29,70,0,0,0,70
01/15/2022,LNK,NE,ACE,CE,Towers with Radar,0,28,11,5,44,0,1,12,0,13,0,29,23,5,57,6,0,6,63
01/16/2022,LNK,NE,ACE,CE,Towers with Radar,2,29,25,0,56,0,1,17,0,18,2,30,42,0,74,8,0,8,82
01/17/2022,LNK,NE,ACE,CE,Towers with Radar,2,35,34,0,71,0,9,37,0,46,2,44,71,0,117,36,0,36,153
01/18/2022,LNK,NE,ACE,CE,Towers with Radar,0,30,38,60,128,0,3,47,1,51,0,33,85,61,179,82,48,130,309
01/19/2022,LNK,NE,ACE,CE,Towers with Radar,2,30,24,75,131,0,15,9,5,29,2,45,33,80,160,10,30,40,200
01/20/2022,LNK,NE,ACE,CE,Towers with Radar,3,40,41,82,166,0,13,34,2,49,3,53,75,84,215,50,42,92,307
01/21/2022,LNK,NE,ACE,CE,Towers with Radar,1,28,11,31,71,0,3,32,0,35,1,31,43,31,106,30,40,70,176
01/22/2022,LNK,NE,ACE,CE,Towers with Radar,0,22,20,0,42,0,4,60,2,66,0,26,80,2,108,34,2,36,144
01/23/2022,LNK,NE,ACE,CE,Towers with Radar,0,37,18,8,63,0,3,13,0,16,0,40,31,8,79,16,2,18,97
01/24/2022,LNK,NE,ACE,CE,Towers with Radar,0,34,29,48,111,0,4,21,0,25,0,38,50,48,136,0,28,28,164
01/25/2022,LNK,NE,ACE,CE,Towers with Radar,0,33,25,36,94,0,7,29,2,38,0,40,54,38,132,56,22,78,210
01/26/2022,LNK,NE,ACE,CE,Towers with Radar,2,33,20,59,114,0,5,26,6,37,2,38,46,65,151,2,4,6,157
01/27/2022,LNK,NE,ACE,CE,Towers with Radar,2,27,32,57,118,0,13,37,1,51,2,40,69,58,169,64,24,88,257
01/28/2022,LNK,NE,ACE,CE,Towers with Radar,2,32,29,42,105,0,3,51,1,55,2,35,80,43,160,108,32,140,300
01/29/2022,LNK,NE,ACE,CE,Towers with Radar,2,29,17,0,48,0,4,54,0,58,2,33,71,0,106,74,0,74,180
01/30/2022,LNK,NE,ACE,CE,Towers with Radar,0,40,6,0,46,0,2,39,0,41,0,42,45,0,87,4,0,4,91
01/31/2022,LNK,NE,ACE,CE,Towers with Radar,2,40,25,29,96,0,11,43,0,54,2,51,68,29,150,62,20,82,232
02/01/2022,LNK,NE,ACE,CE,Towers with Radar,2,48,37,30,117,0,6,19,1,26,2,54,56,31,143,72,6,78,221
02/02/2022,LNK,NE,ACE,CE,Towers with Radar,1,35,16,41,93,0,3,19,2,24,1,38,35,43,117,68,36,104,221
02/03/2022,LNK,NE,ACE,CE,Towers with Radar,1,28,28,61,118,0,23,30,6,59,1,51,58,67,177,42,26,68,245
02/04/2022,LNK,NE,ACE,CE,Towers with Radar,3,29,26,25,83,0,10,41,0,51,3,39,67,25,134,34,28,62,196
02/05/2022,LNK,NE,ACE,CE,Towers with Radar,5,19,24,12,60,0,4,47,0,51,5,23,71,12,111,10,0,10,121
02/06/2022,LNK,NE,ACE,CE,Towers with Radar,0,32,21,12,65,0,0,22,0,22,0,32,43,12,87,4,4,8,95
02/07/2022,LNK,NE,ACE,CE,Towers with Radar,2,30,39,5,76,0,1,57,0,58,2,31,96,5,134,68,0,68,202
02/08/2022,LNK,NE,ACE,CE,Towers with Radar,2,28,26,10,66,0,13,22,0,35,2,41,48,10,101,32,8,40,141
02/09/2022,LNK,NE,ACE,CE,Towers with Radar,2,33,30,47,112,0,1,39,7,47,2,34,69,54,159,28,36,64,223
02/10/2022,LNK,NE,ACE,CE,Towers with Radar,0,40,33,19,92,0,18,41,2,61,0,58,74,21,153,74,2,76,229
02/11/2022,LNK,NE,ACE,CE,Towers with Radar,2,28,39,13,82,0,3,8,2,13,2,31,47,15,95,0,0,0,95
02/12/2022,LNK,NE,ACE,CE,Towers with Radar,0,31,21,1,53,0,1,63,0,64,0,32,84,1,117,92,0,92,209
02/13/2022,LNK,NE,ACE,CE,Towers with Radar,3,28,14,0,45,0,0,27,0,27,3,28,41,0,72,20,0,20,92
02/14/2022,LNK,NE,ACE,CE,Towers with Radar,1,36,31,53,121,0,2,57,0,59,1,38,88,53,180,44,22,66,246
02/15/2022,LNK,NE,ACE,CE,Towers with Radar,2,31,41,53,127,0,3,42,3,48,2,34,83,56,175,58,40,98,273
02/16/2022,LNK,NE,ACE,CE,Towers with Radar,4,50,37,47,138,0,4,34,1,39,4,54,71,48,177,56,20,76,253
02/17/2022,LNK,NE,ACE,CE,Towers with Radar,4,38,31,51,124,0,4,42,1,47,4,42,73,52,171,48,52,100,271
02/18/2022,LNK,NE,ACE,CE,Towers with Radar,5,31,30,0,66,0,5,17,0,22,5,36,47,0,88,48,0,48,136
02/19/2022,LNK,NE,ACE,CE,Towers with Radar,5,28,23,1,57,0,17,55,2,74,5,45,78,3,131,64,0,64,195
02/20/2022,LNK,NE,ACE,CE,Towers with Radar,2,36,24,0,62,0,2,57,0,59,2,38,81,0,121,30,0,30,151
02/21/2022,LNK,NE,ACE,CE,Towers with Radar,3,43,37,1,84,0,2,36,0,38,3,45,73,1,122,39,0,39,161
02/22/2022,LNK,NE,ACE,CE,Towers with Radar,3,32,24,41,100,0,0,2,0,2,3,32,26,41,102,0,18,18,120
02/23/2022,LNK,NE,ACE,CE,Towers with Radar,2,31,27,39,99,0,3,18,5,26,2,34,45,44,125,70,8,78,203
02/24/2022,LNK,NE,ACE,CE,Towers with Radar,2,32,26,55,115,0,6,0,2,8,2,38,26,57,123,0,46,46,169
02/25/2022,LNK,NE,ACE,CE,Towers with Radar,2,38,46,51,137,0,8,66,1,75,2,46,112,52,212,52,12,64,276
02/26/2022,LNK,NE,ACE,CE,Towers with Radar,2,31,22,8,63,0,2,65,1,68,2,33,87,9,131,42,0,42,173
02/27/2022,LNK,NE,ACE,CE,Towers with Radar,2,25,30,7,64,0,0,34,2,36,2,25,64,9,100,4,6,10,110
02/28/2022,LNK,NE,ACE,CE,Towers with Radar,4,34,24,42,104,0,3,56,2,61,4,37,80,44,165,30,36,66,231
03/01/2022,LNK,NE,ACE,CE,Towers with Radar,1,31,31,68,131,0,1,65,2,68,1,32,96,70,199,0,0,0,199
03/02/2022,LNK,NE,ACE,CE,Towers with Radar,3,40,39,43,125,0,7,61,3,71,3,47,100,46,196,84,36,120,316
03/03/2022,LNK,NE,ACE,CE,Towers with Radar,4,45,37,61,147,0,11,37,6,54,4,56,74,67,201,0,12,12,213
03/04/2022,LNK,NE,ACE,CE,Towers with Radar,2,39,29,44,114,0,4,22,3,29,2,43,51,47,143,12,36,48,191
03/05/2022,LNK,NE,ACE,CE,Towers with Radar,2,24,9,19,54,0,0,2,0,2,2,24,11,19,56,0,0,0,56
03/06/2022,LNK,NE,ACE,CE,Towers with Radar,2,32,19,4,57,0,1,14,0,15,2,33,33,4,72,16,10,26,98
03/07/2022,LNK,NE,ACE,CE,Towers with Radar,0,53,31,6,90,0,2,36,0,38,0,55,67,6,128,66,4,70,198
03/08/2022,LNK,NE,ACE,CE,Towers with Radar,2,36,43,33,114,0,2,38,1,41,2,38,81,34,155,30,16,46,201
03/09/2022,LNK,NE,ACE,CE,Towers with Radar,0,37,30,87,154,0,5,12,0,17,0,42,42,87,171,42,58,100,271
03/10/2022,LNK,NE,ACE,CE,Towers with Radar,2,38,26,38,104,0,0,7,0,7,2,38,33,38,111,0,26,26,137
03/11/2022,LNK,NE,ACE,CE,Towers with Radar,2,32,40,23,97,0,5,18,5,28,2,37,58,28,125,24,22,46,171
03/12/2022,LNK,NE,ACE,CE,Towers with Radar,0,33,12,5,50,0,1,31,0,32,0,34,43,5,82,18,2,20,102
03/13/2022,LNK,NE,ACE,CE,Towers with Radar,2,36,20,1,59,0,2,41,1,44,2,38,61,2,103,24,0,24,127
03/14/2022,LNK,NE,ACE,CE,Towers with Radar,2,35,21,51,109,0,5,37,12,54,2,40,58,63,163,54,24,78,241
03/15/2022,LNK,NE,ACE,CE,Towers with Radar,0,36,45,43,124,0,2,69,4,75,0,38,114,47,199,40,38,78,277
03/16/2022,LNK,NE,ACE,CE,Towers with Radar,4,39,30,46,119,0,8,56,3,67,4,47,86,49,186,16,28,44,230
03/17/2022,LNK,NE,ACE,CE,Towers with Radar,0,41,20,58,119,0,1,20,0,21,0,42,40,58,140,46,26,72,212
03/18/2022,LNK,NE,ACE,CE,Towers with Radar,0,39,26,52,117,0,1,46,0,47,0,40,72,52,164,18,54,72,236
03/19/2022,LNK,NE,ACE,CE,Towers with Radar,2,40,27,1,70,0,2,83,0,85,2,42,110,1,155,61,0,61,216
03/20/2022,LNK,NE,ACE,CE,Towers with Radar,0,36,27,0,63,0,0,35,0,35,0,36,62,0,98,14,0,14,112
03/21/2022,LNK,NE,ACE,CE,Towers with Radar,2,40,22,38,102,0,4,22,0,26,2,44,44,38,128,24,10,34,162
03/22/2022,LNK,NE,ACE,CE,Towers with Radar,4,28,27,28,87,0,0,0,0,0,4,28,27,28,87,0,0,0,87
03/23/2022,LNK,NE,ACE,CE,Towers with Radar,1,34,29,31,95,0,6,1,1,8,1,40,30,32,103,0,22,22,125
03/24/2022,LNK,NE,ACE,CE,Towers with Radar,1,43,37,49,130,0,12,12,2,26,1,55,49,51,156,72,26,98,254
03/25/2022,LNK,NE,ACE,CE,Towers with Radar,2,24,28,2,56,0,1,36,0,37,2,25,64,2,93,4,0,4,97
03/26/2022,LNK,NE,ACE,CE,Towers with Radar,0,20,22,0,42,0,6,109,0,115,0,26,131,0,157,126,0,126,283
03/27/2022,LNK,NE,ACE,CE,Towers with Radar,0,34,30,3,67,0,1,41,0,42,0,35,71,3,109,32,0,32,141
03/28/2022,LNK,NE,ACE,CE,Towers with Radar,0,32,28,34,94,0,2,49,1,52,0,34,77,35,146,22,14,36,182
03/29/2022,LNK,NE,ACE,CE,Towers with Radar,2,43,18,38,101,0,2,14,3,19,2,45,32,41,120,8,12,20,140
03/30/2022,LNK,NE,ACE,CE,Towers with Radar,0,35,29,22,86,0,8,1,2,11,0,43,30,24,97,4,14,18,115
03/31/2022,LNK,NE,ACE,CE,Towers with Radar,0,38,39,43,120,0,19,50,1,70,0,57,89,44,190,60,20,80,270
04/01/2022,LNK,NE,ACE,CE,Towers with Radar,0,31,42,51,124,0,3,70,1,74,0,34,112,52,198,82,32,114,312
04/02/2022,LNK,NE,ACE,CE,Towers with Radar,0,19,24,20,63,0,2,76,0,78,0,21,100,20,141,66,12,78,219
04/03/2022,LNK,NE,ACE,CE,Towers with Radar,0,37,26,3,66,0,5,17,0,22,0,42,43,3,88,48,0,48,136
04/04/2022,LNK,NE,ACE,CE,Towers with Radar,0,33,41,42,116,0,2,67,3,72,0,35,108,45,188,84,34,118,306
04/05/2022,LNK,NE,ACE,CE,Towers with Radar,0,44,31,54,129,0,2,4,0,6,0,46,35,54,135,20,2,22,157
04/06/2022,LNK,NE,ACE,CE,Towers with Radar,0,33,20,14,67,0,16,3,0,19,0,49,23,14,86,0,16,16,102
04/07/2022,LNK,NE,ACE,CE,Towers with Radar,2,39,14,13,68,0,0,3,0,3,2,39,17,13,71,0,0,0,71
04/08/2022,LNK,NE,ACE,CE,Towers with Radar,0,34,33,35,102,0,7,22,4,33,0,41,55,39,135,8,26,34,169
04/09/2022,LNK,NE,ACE,CE,Towers with Radar,0,23,29,1,53,0,4,89,5,98,0,27,118,6,151,122,4,126,277
04/10/2022,LNK,NE,ACE,CE,Towers with Radar,0,35,18,9,62,0,7,38,0,45,0,42,56,9,107,4,8,12,119
04/11/2022,LNK,NE,ACE,CE,Towers with Radar,1,33,33,77,144,1,6,79,7,93,2,39,112,84,237,100,40,140,377
04/12/2022,LNK,NE,ACE,CE,Towers with Radar,0,34,20,19,73,0,2,1,0,3,0,36,21,19,76,0,6,6,82
04/13/2022,LNK,NE,ACE,CE,Towers with Radar,0,45,12,47,104,0,9,32,5,46,0,54,44,52,150,18,32,50,200
04/14/2022,LNK,NE,ACE,CE,Towers with Radar,0,39,17,10,66,0,6,10,0,16,0,45,27,10,82,16,6,22,104
04/15/2022,LNK,NE,ACE,CE,Towers with Radar,0,48,27,45,120,0,11,53,5,69,0,59,80,50,189,40,22,62,251
04/16/2022,LNK,NE,ACE,CE,Towers with Radar,0,21,21,4,46,0,4,64,0,68,0,25,85,4,114,128,4,132,246
04/17/2022,LNK,NE,ACE,CE,Towers with Radar,0,33,6,1,40,0,4,11,0,15,0,37,17,1,55,0,0,0,55
04/18/2022,LNK,NE,ACE,CE,Towers with Radar,0,43,36,39,118,0,6,36,3,45,0,49,72,42,163,44,26,70,233
04/19/2022,LNK,NE,ACE,CE,Towers with Radar,0,35,34,46,115,0,14,31,1,46,0,49,65,47,161,48,26,74,235
04/20/2022,LNK,NE,ACE,CE,Towers with Radar,0,42,34,33,109,0,10,8,1,19,0,52,42,34,128,64,2,66,194
04/21/2022,LNK,NE,ACE,CE,Towers with Radar,0,44,30,36,110,0,16,22,5,43,0,60,52,41,153,110,36,146,299
04/22/2022,LNK,NE,ACE,CE,Towers with Radar,0,43,20,8,71,0,4,7,4,15,0,47,27,12,86,0,2,2,88
04/23/2022,LNK,NE,ACE,CE,Towers with Radar,0,17,17,0,34,0,0,1,1,2,0,17,18,1,36,0,0,0,36
04/24/2022,LNK,NE,ACE,CE,Towers with Radar,0,37,20,17,74,0,2,9,0,11,0,39,29,17,85,0,2,2,87
04/25/2022,LNK,NE,ACE,CE,Towers with Radar,0,37,30,28,95,0,13,34,1,48,0,50,64,29,143,52,22,74,217
04/26/2022,LNK,NE,ACE,CE,Towers with Radar,0,30,33,43,106,0,10,64,8,82,0,40,97,51,188,34,40,74,262
04/27/2022,LNK,NE,ACE,CE,Towers with Radar,0,36,28,25,89,0,12,37,2,51,0,48,65,27,140,34,8,42,182
04/28/2022,LNK,NE,ACE,CE,Towers with Radar,0,50,38,31,119,0,10,40,3,53,0,60,78,34,172,32,4,36,208
04/29/2022,LNK,NE,ACE,CE,Towers with Radar,2,20,36,14,72,0,1,1,1,3,2,21,37,15,75,70,2,72,147
04/30/2022,LNK,NE,ACE,CE,Towers with Radar,0,24,6,0,30,0,0,0,0,0,0,24,6,0,30,0,0,0,30
05/01/2022,LNK,NE,ACE,CE,Towers with Radar,0,37,17,18,72,0,0,39,0,39,0,37,56,18,111,24,6,30,141
05/02/2022,LNK,NE,ACE,CE,Towers with Radar,0,36,16,7,59,0,0,1,0,1,0,36,17,7,60,18,0,18,78
05/03/2022,LNK,NE,ACE,CE,Towers with Radar,0,37,32,67,136,0,2,34,4,40,0,39,66,71,176,136,28,164,340
05/04/2022,LNK,NE,ACE,CE,Towers with Radar,0,31,45,43,119,0,1,5,0,6,0,32,50,43,125,24,0,24,149
05/05/2022,LNK,NE,ACE,CE,Towers with Radar,1,36,24,15,76,0,0,0,0,0,1,36,24,15,76,0,0,0,76
05/06/2022,LNK,NE,ACE,CE,Towers with Radar,3,35,58,41,137,0,3,21,0,24,3,38,79,41,161,104,0,104,265
05/07/2022,LNK,NE,ACE,CE,Towers with Radar,2,32,24,0,58,0,11,42,2,55,2,43,66,2,113,26,0,26,139
05/08/2022,LNK,NE,ACE,CE,Towers with Radar,2,35,13,4,54,0,0,9,0,9,2,35,22,4,63,0,0,0,63
05/09/2022,LNK,NE,ACE,CE,Towers with Radar,2,41,30,31,104,0,0,25,0,25,2,41,55,31,129,16,40,56,185
05/10/2022,LNK,NE,ACE,CE,Towers with Radar,2,28,47,52,129,0,3,56,0,59,2,31,103,52,188,138,10,148,336
05/11/2022,LNK,NE,ACE,CE,Towers with Radar,2,31,22,48,103,0,7,25,2,34,2,38,47,50,137,44,38,82,219
05/12/2022,LNK,NE,ACE,CE,Towers with Radar,2,27,32,20,81,0,13,20,3,36,2,40,52,23,117,26,0,26,143
05/13/2022,LNK,NE,ACE,CE,Towers with Radar,2,29,31,31,93,0,2,67,1,70,2,31,98,32,163,126,46,172,335
05/14/2022,LNK,NE,ACE,CE,Towers with Radar,2,30,11,4,47,0,0,64,0,64,2,30,75,4,111,96,0,96,207
05/15/2022,LNK,NE,ACE,CE,Towers with Radar,2,34,23,3,62,0,0,22,0,22,2,34,45,3,84,47,0,47,131
05/16/2022,LNK,NE,ACE,CE,Towers with Radar,2,36,29,2,69,0,5,75,5,85,2,41,104,7,154,74,0,74,228
05/17/2022,LNK,NE,ACE,CE,Towers with Radar,2,32,26,22,82,0,0,24,1,25,2,32,50,23,107,54,12,66,173
05/18/2022,LNK,NE,ACE,CE,Towers with Radar,2,30,33,48,113,0,3,68,3,74,2,33,101,51,187,166,28,194,381
05/19/2022,LNK,NE,ACE,CE,Towers with Radar,2,37,35,40,114,0,6,25,5,36,2,43,60,45,150,66,10,76,226
05/20/2022,LNK,NE,ACE,CE,Towers with Radar,2,30,23,38,93,0,5,32,0,37,2,35,55,38,130,62,24,86,216
05/21/2022,LNK,NE,ACE,CE,Towers with Radar,2,31,17,3,53,0,7,31,0,38,2,38,48,3,91,60,8,68,159
05/22/2022,LNK,NE,ACE,CE,Towers with Radar,2,30,24,0,56,0,8,51,0,59,2,38,75,0,115,62,0,62,177
05/23/2022,LNK,NE,ACE,CE,Towers with Radar,2,31,34,33,100,0,2,44,0,46,2,33,78,33,146,70,20,90,236
05/24/2022,LNK,NE,ACE,CE,Towers with Radar,2,27,26,33,88,0,2,7,0,9,2,29,33,33,97,2,6,8,105
05/25/2022,LNK,NE,ACE,CE,Towers with Radar,2,35,20,76,133,0,0,0,1,1,2,35,20,77,134,0,0,0,134
05/26/2022,LNK,NE,ACE,CE,Towers with Radar,2,25,50,51,128,0,0,15,4,19,2,25,65,55,147,120,61,181,328
05/27/2022,LNK,NE,ACE,CE,Towers with Radar,2,28,29,3,62,0,0,64,0,64,2,28,93,3,126,128,0,128,254
05/28/2022,LNK,NE,ACE,CE,Towers with Radar,2,20,16,3,41,0,4,26,0,30,2,24,42,3,71,6,0,6,77
05/29/2022,LNK,NE,ACE,CE,Towers with Radar,2,26,13,8,49,0,0,6,0,6,2,26,19,8,55,0,2,2,57
05/30/2022,LNK,NE,ACE,CE,Towers with Radar,2,30,13,1,46,0,3,5,0,8,2,33,18,1,54,0,0,0,54
05/31/2022,LNK,NE,ACE,CE,Towers with Radar,2,36,33,65,136,0,3,77,4,84,2,39,110,69,220,116,52,168,388
06/01/2022,LNK,NE,ACE,CE,Towers with Radar,0,28,30,65,123,0,1,45,2,48,0,29,75,67,171,108,62,170,341
06/02/2022,LNK,NE,ACE,CE,Towers with Radar,0,37,62,68,167,0,4,81,9,94,0,41,143,77,261,58,86,144,405
06/03/2022,LNK,NE,ACE,CE,Towers with Radar,3,31,46,6,86,0,9,71,3,83,3,40,117,9,169,60,10,70,239
06/04/2022,LNK,NE,ACE,CE,Towers with Radar,4,24,13,8,49,0,1,20,6,27,4,25,33,14,76,32,46,78,154
06/05/2022,LNK,NE,ACE,CE,Towers with Radar,2,31,23,9,65,0,3,27,0,30,2,34,50,9,95,18,4,22,117
06/06/2022,LNK,NE,ACE,CE,Towers with Radar,3,36,30,22,91,0,5,16,3,24,3,41,46,25,115,48,12,60,175
06/07/2022,LNK,NE,ACE,CE,Towers with Radar,5,30,44,11,90,0,3,32,1,36,5,33,76,12,126,88,8,96,222
06/08/2022,LNK,NE,ACE,CE,Towers with Radar,4,29,58,75,166,0,10,85,3,98,4,39,143,78,264,58,34,92,356
06/09/2022,LNK,NE,ACE,CE,Towers with Radar,4,35,33,21,93,0,1,49,3,53,4,36,82,24,146,26,50,76,222
06/10/2022,LNK,NE,ACE,CE,Towers with Radar,6,25,54,44,129,0,0,42,6,48,6,25,96,50,177,36,20,56,233
06/11/2022,LNK,NE,ACE,CE,Towers with Radar,4,26,20,8,58,0,3,41,0,44,4,29,61,8,102,54,0,54,156
06/12/2022,LNK,NE,ACE,CE,Towers with Radar,2,34,29,7,72,0,3,23,0,26,2,37,52,7,98,6,0,6,104
06/13/2022,LNK,NE,ACE,CE,Towers with Radar,4,35,28,5,72,0,1,19,0,20,4,36,47,5,92,4,2,6,98
06/14/2022,LNK,NE,ACE,CE,Towers with Radar,3,32,22,8,65,0,0,11,0,11,3,32,33,8,76,26,0,26,102
06/15/2022,LNK,NE,ACE,CE,Towers with Radar,5,32,39,20,96,0,6,45,1,52,5,38,84,21,148,60,4,64,212
06/16/2022,LNK,NE,ACE,CE,Towers with Radar,4,31,34,11,80,0,4,64,1,69,4,35,98,12,149,58,32,90,239
06/17/2022,LNK,NE,ACE,CE,Towers with Radar,4,30,32,34,100,0,4,51,5,60,4,34,83,39,160,40,46,86,246
06/18/2022,LNK,NE,ACE,CE,Towers with Radar,4,28,25,2,59,0,2,40,0,42,4,30,65,2,101,40,0,40,141
06/19/2022,LNK,NE,ACE,CE,Towers with Radar,2,23,25,9,59,0,4,26,0,30,2,27,51,9,89,0,10,10,99
06/20/2022,LNK,NE,ACE,CE,Towers with Radar,6,36,30,2,74,0,2,29,0,31,6,38,59,2,105,4,0,4,109
06/21/2022,LNK,NE,ACE,CE,Towers with Radar,4,41,37,5,87,0,2,91,2,95,4,43,128,7,182,82,0,82,264
06/22/2022,LNK,NE,ACE,CE,Towers with Radar,4,19,46,51,120,0,4,72,0,76,4,23,118,51,196,86,14,100,296
06/23/2022,LNK,NE,ACE,CE,Towers with Radar,4,26,45,23,98,0,2,58,0,60,4,28,103,23,158,58,14,72,230
06/24/2022,LNK,NE,ACE,CE,Towers with Radar,2,37,43,2,84,0,2,39,0,41,2,39,82,2,125,40,0,40,165
06/25/2022,LNK,NE,ACE,CE,Towers with Radar,0,23,23,11,57,0,1,17,1,19,0,24,40,12,76,56,6,62,138
06/26/2022,LNK,NE,ACE,CE,Towers with Radar,0,34,27,21,82,0,4,60,0,64,0,38,87,21,146,24,2,26,172
06/27/2022,LNK,NE,ACE,CE,Towers with Radar,0,45,35,16,96,0,2,72,2,76,0,47,107,18,172,54,0,54,226
06/28/2022,LNK,NE,ACE,CE,Towers with Radar,0,31,42,53,126,0,1,66,2,69,0,32,108,55,195,62,36,98,293
06/29/2022,LNK,NE,ACE,CE,Towers with Radar,0,43,30,55,128,0,15,50,1,66,0,58,80,56,194,98,50,148,342
06/30/2022,LNK,NE,ACE,CE,Towers with Radar,0,45,39,41,125,0,12,61,3,76,0,57,100,44,201,66,58,124,325
07/01/2022,LNK,NE,ACE,CE,Towers with Radar,0,43,30,1,74,0,1,55,0,56,0,44,85,1,130,100,0,100,230
07/02/2022,LNK,NE,ACE,CE,Towers with Radar,0,26,29,2,57,0,2,29,1,32,0,28,58,3,89,28,0,28,117
07/03/2022,LNK,NE,ACE,CE,Towers with Radar,0,25,18,0,43,0,0,7,0,7,0,25,25,0,50,22,0,22,72
07/04/2022,LNK,NE,ACE,CE,Towers with Radar,0,25,7,0,32,0,0,12,0,12,0,25,19,0,44,0,0,0,44
07/05/2022,LNK,NE,ACE,CE,Towers with Radar,0,37,32,24,93,0,3,37,0,40,0,40,69,24,133,70,34,104,237
07/06/2022,LNK,NE,ACE,CE,Towers with Radar,0,34,27,61,122,0,3,50,0,53,0,37,77,61,175,74,46,120,295
07/07/2022,LNK,NE,ACE,CE,Towers with Radar,0,30,45,26,101,0,0,15,0,15,0,30,60,26,116,108,14,122,238
07/08/2022,LNK,NE,ACE,CE,Towers with Radar,0,38,47,41,126,0,5,23,0,28,0,43,70,41,154,56,52,108,262
07/09/2022,LNK,NE,ACE,CE,Towers with Radar,0,27,20,12,59,0,3,63,1,67,0,30,83,13,126,76,2,78,204
07/10/2022,LNK,NE,ACE,CE,Towers with Radar,0,37,21,16,74,0,6,21,1,28,0,43,42,17,102,6,0,6,108
07/11/2022,LNK,NE,ACE,CE,Towers with Radar,0,39,43,32,114,0,8,47,0,55,0,47,90,32,169,62,24,86,255
07/12/2022,LNK,NE,ACE,CE,Towers with Radar,0,33,31,39,103,0,6,72,3,81,0,39,103,42,184,184,16,200,384
07/13/2022,LNK,NE,ACE,CE,Towers with Radar,0,35,42,40,117,0,10,64,7,81,0,45,106,47,198,114,36,150,348
07/14/2022,LNK,NE,ACE,CE,Towers with Radar,2,29,46,65,142,0,13,46,3,62,2,42,92,68,204,16,30,46,250
07/15/2022,LNK,NE,ACE,CE,Towers with Radar,0,34,34,40,108,0,4,51,4,59,0,38,85,44,167,62,38,100,267
07/16/2022,LNK,NE,ACE,CE,Towers with Radar,0,20,31,2,53,0,1,10,2,13,0,21,41,4,66,72,0,72,138
07/17/2022,LNK,NE,ACE,CE,Towers with Radar,2,31,37,1,71,0,2,28,1,31,2,33,65,2,102,0,0,0,102
07/18/2022,LNK,NE,ACE,CE,Towers with Radar,0,37,28,86,151,0,6,71,1,78,0,43,99,87,229,134,56,190,419
07/19/2022,LNK,NE,ACE,CE,Towers with Radar,0,32,32,51,115,0,5,41,3,49,0,37,73,54,164,88,44,132,296
07/20/2022,LNK,NE,ACE,CE,Towers with Radar,0,46,44,78,168,0,6,67,2,75,0,52,111,80,243,74,66,140,383
07/21/2022,LNK,NE,ACE,CE,Towers with Radar,0,37,43,30,110,0,10,41,4,55,0,47,84,34,165,122,20,142,307
07/22/2022,LNK,NE,ACE,CE,Towers with Radar,2,29,31,40,102,0,3,41,2,46,2,32,72,42,148,48,6,54,202
07/23/2022,LNK,NE,ACE,CE,Towers with Radar,0,30,17,0,47,0,1,32,0,33,0,31,49,0,80,8,0,8,88
07/24/2022,LNK,NE,ACE,CE,Towers with Radar,2,37,22,3,64,0,1,49,0,50,2,38,71,3,114,4,6,10,124
07/25/2022,LNK,NE,ACE,CE,Towers with Radar,2,41,26,11,80,0,0,18,0,18,2,41,44,11,98,120,6,126,224
07/26/2022,LNK,NE,ACE,CE,Towers with Radar,2,31,38,65,136,0,0,46,1,47,2,31,84,66,183,148,45,193,376
07/27/2022,LNK,NE,ACE,CE,Towers with Radar,0,37,39,60,136,0,5,46,0,51,0,42,85,60,187,86,26,112,299
07/28/2022,LNK,NE,ACE,CE,Towers with Radar,0,28,23,39,90,0,7,68,2,77,0,35,91,41,167,234,76,310,477
07/29/2022,LNK,NE,ACE,CE,Towers with Radar,2,36,43,65,146,0,0,56,1,57,2,36,99,66,203,56,20,76,279
07/30/2022,LNK,NE,ACE,CE,Towers with Radar,3,28,26,2,59,0,4,59,0,63,3,32,85,2,122,22,0,22,144
07/31/2022,LNK,NE,ACE,CE,Towers with Radar,1,37,28,1,67,0,4,29,1,34,1,41,57,2,101,4,0,4,105
08/01/2022,LNK,NE,ACE,CE,Towers with Radar,0,42,31,19,92,0,1,51,2,54,0,43,82,21,146,56,6,62,208
08/02/2022,LNK,NE,ACE,CE,Towers with Radar,2,29,27,12,70,0,2,66,0,68,2,31,93,12,138,10,2,12,150
08/03/2022,LNK,NE,ACE,CE,Towers with Radar,0,31,30,54,115,0,1,41,1,43,0,32,71,55,158,112,36,148,306
08/04/2022,LNK,NE,ACE,CE,Towers with Radar,2,42,26,49,119,0,0,66,4,70,2,42,92,53,189,124,30,154,343
08/05/2022,LNK,NE,ACE,CE,Towers with Radar,0,27,35,31,93,0,4,49,1,54,0,31,84,32,147,90,38,128,275
08/06/2022,LNK,NE,ACE,CE,Towers with Radar,2,19,27,2,50,0,5,43,1,49,2,24,70,3,99,50,8,58,157
08/07/2022,LNK,NE,ACE,CE,Towers with Radar,0,28,46,0,74,0,1,31,0,32,0,29,77,0,106,0,0,0,106
08/08/2022,LNK,NE,ACE,CE,Towers with Radar,1,30,38,20,89,0,1,54,0,55,1,31,92,20,144,94,24,118,262
08/09/2022,LNK,NE,ACE,CE,Towers with Radar,3,28,34,72,137,0,2,82,3,87,3,30,116,75,224,136,66,202,426
08/10/2022,LNK,NE,ACE,CE,Towers with Radar,2,24,28,29,83,0,10,58,6,74,2,34,86,35,157,160,36,196,353
08/11/2022,LNK,NE,ACE,CE,Towers with Radar,6,46,35,53,140,0,14,49,5,68,6,60,84,58,208,108,64,172,380
08/12/2022,LNK,NE,ACE,CE,Towers with Radar,0,36,35,17,88,0,5,51,2,58,0,41,86,19,146,66,24,90,236
08/13/2022,LNK,NE,ACE,CE,Towers with Radar,2,32,15,5,54,0,8,42,6,56,2,40,57,11,110,104,0,104,214
08/14/2022,LNK,NE,ACE,CE,Towers with Radar,0,41,17,8,66,0,10,27,0,37,0,51,44,8,103,22,0,22,125
08/15/2022,LNK,NE,ACE,CE,Towers with Radar,0,36,39,29,104,0,0,17,0,17,0,36,56,29,121,14,2,16,137
08/16/2022,LNK,NE,ACE,CE,Towers with Radar,0,36,47,26,109,0,1,11,1,13,0,37,58,27,122,62,8,70,192
08/17/2022,LNK,NE,ACE,CE,Towers with Radar,0,31,39,52,122,0,7,66,7,80,0,38,105,59,202,160,32,192,394
08/18/2022,LNK,NE,ACE,CE,Towers with Radar,0,36,49,30,115,0,14,73,4,91,0,50,122,34,206,122,36,158,364
08/19/2022,LNK,NE,ACE,CE,Towers with Radar,2,40,38,39,119,0,13,49,1,63,2,53,87,40,182,52,34,86,268
08/20/2022,LNK,NE,ACE,CE,Towers with Radar,2,20,16,4,42,0,5,30,0,35,2,25,46,4,77,160,0,160,237
08/21/2022,LNK,NE,ACE,CE,Towers with Radar,4,31,30,2,67,0,0,45,1,46,4,31,75,3,113,20,0,20,133
08/22/2022,LNK,NE,ACE,CE,Towers with Radar,1,32,47,49,129,0,1,63,0,64,1,33,110,49,193,116,10,126,319
08/23/2022,LNK,NE,ACE,CE,Towers with Radar,1,30,37,43,111,0,2,61,1,64,1,32,98,44,175,79,40,119,294
08/24/2022,LNK,NE,ACE,CE,Towers with Radar,0,40,25,45,110,0,10,41,7,58,0,50,66,52,168,62,52,114,282
08/25/2022,LNK,NE,ACE,CE,Towers with Radar,0,26,28,38,92,0,11,58,0,69,0,37,86,38,161,102,34,136,297
08/26/2022,LNK,NE,ACE,CE,Towers with Radar,0,37,50,18,105,0,6,47,0,53,0,43,97,18,158,68,22,90,248
08/27/2022,LNK,NE,ACE,CE,Towers with Radar,2,26,18,1,47,0,0,17,1,18,2,26,35,2,65,46,0,46,111
08/28/2022,LNK,NE,ACE,CE,Towers with Radar,0,33,27,2,62,0,5,28,0,33,0,38,55,2,95,8,0,8,103
08/29/2022,LNK,NE,ACE,CE,Towers with Radar,2,36,21,26,85,0,2,40,0,42,2,38,61,26,127,146,20,166,293
08/30/2022,LNK,NE,ACE,CE,Towers with Radar,0,26,46,32,104,0,8,67,1,76,0,34,113,33,180,152,40,192,372
08/31/2022,LNK,NE,ACE,CE,Towers with Radar,0,27,29,37,93,0,9,55,4,68,0,36,84,41,161,70,42,112,273
09/01/2022,LNK,NE,ACE,CE,Towers with Radar,0,43,39,59,141,0,3,58,6,67,0,46,97,65,208,178,42,220,428
09/02/2022,LNK,NE,ACE,CE,Towers with Radar,3,31,46,2,82,0,4,49,0,53,3,35,95,2,135,76,0,76,211
09/03/2022,LNK,NE,ACE,CE,Towers with Radar,1,26,45,2,74,0,5,63,2,70,1,31,108,4,144,40,6,46,190
09/04/2022,LNK,NE,ACE,CE,Towers with Radar,0,26,30,0,56,0,3,36,0,39,0,29,66,0,95,34,0,34,129
09/05/2022,LNK,NE,ACE,CE,Towers with Radar,0,38,33,0,71,0,3,33,0,36,0,41,66,0,107,40,0,40,147
09/06/2022,LNK,NE,ACE,CE,Towers with Radar,3,47,36,26,112,0,11,51,5,67,3,58,87,31,179,136,30,166,345
09/07/2022,LNK,NE,ACE,CE,Towers with Radar,6,33,43,29,111,0,7,82,9,98,6,40,125,38,209,158,28,186,395
09/08/2022,LNK,NE,ACE,CE,Towers with Radar,4,34,50,34,122,0,11,48,4,63,4,45,98,38,185,66,28,94,279
09/09/2022,LNK,NE,ACE,CE,Towers with Radar,7,36,28,30,101,0,0,59,3,62,7,36,87,33,163,34,26,60,223
09/10/2022,LNK,NE,ACE,CE,Towers with Radar,6,25,17,5,53,0,2,13,2,17,6,27,30,7,70,42,4,46,116
09/11/2022,LNK,NE,ACE,CE,Towers with Radar,5,30,32,11,78,0,3,46,9,58,5,33,78,20,136,34,0,34,170
09/12/2022,LNK,NE,ACE,CE,Towers with Radar,4,36,34,17,91,0,4,53,1,58,4,40,87,18,149,102,24,126,275
09/13/2022,LNK,NE,ACE,CE,Towers with Radar,6,38,29,49,122,0,2,64,3,69,6,40,93,52,191,108,42,150,341
09/14/2022,LNK,NE,ACE,CE,Towers with Radar,6,37,36,27,106,0,7,69,2,78,6,44,105,29,184,130,78,208,392
09/15/2022,LNK,NE,ACE,CE,Towers with Radar,7,37,42,41,127,0,1,54,6,61,7,38,96,47,188,38,46,84,272
09/16/2022,LNK,NE,ACE,CE,Towers with Radar,12,46,60,45,163,0,2,73,4,79,12,48,133,49,242,76,26,102,344
09/17/2022,LNK,NE,ACE,CE,Towers with Radar,9,68,96,1,174,0,3,60,2,65,9,71,156,3,239,52,6,58,297
09/18/2022,LNK,NE,ACE,CE,Towers with Radar,8,36,46,0,90,0,2,51,0,53,8,38,97,0,143,14,0,14,157
09/19/2022,LNK,NE,ACE,CE,Towers with Radar,6,40,40,48,134,0,2,56,0,58,6,42,96,48,192,108,60,168,360
09/20/2022,LNK,NE,ACE,CE,Towers with Radar,10,29,35,35,109,0,5,53,3,61,10,34,88,38,170,50,42,92,262
09/21/2022,LNK,NE,ACE,CE,Towers with Radar,8,35,34,25,102,0,5,37,4,46,8,40,71,29,148,88,8,96,244
09/22/2022,LNK,NE,ACE,CE,Towers with Radar,6,39,48,80,173,0,8,85,7,100,6,47,133,87,273,124,100,224,497
09/23/2022,LNK,NE,ACE,CE,Towers with Radar,8,45,37,33,123,0,4,27,2,33,8,49,64,35,156,44,18,62,218
09/24/2022,LNK,NE,ACE,CE,Towers with Radar,4,28,15,4,51,0,4,67,4,75,4,32,82,8,126,62,6,68,194
09/25/2022,LNK,NE,ACE,CE,Towers with Radar,9,28,25,2,64,0,0,28,0,28,9,28,53,2,92,12,0,12,104
09/26/2022,LNK,NE,ACE,CE,Towers with Radar,9,36,28,9,82,0,3,51,0,54,9,39,79,9,136,112,2,114,250
09/27/2022,LNK,NE,ACE,CE,Towers with Radar,8,36,39,25,108,0,11,79,1,91,8,47,118,26,199,174,10,184,383
09/28/2022,LNK,NE,ACE,CE,Towers with Radar,6,35,37,16,94,0,13,58,2,73,6,48,95,18,167,126,12,138,305
09/29/2022,LNK,NE,ACE,CE,Towers with Radar,3,32,38,5,78,0,10,64,0,74,3,42,102,5,152,114,34,148,300
09/30/2022,LNK,NE,ACE,CE,Towers with Radar,2,31,30,24,87,0,6,45,0,51,2,37,75,24,138,28,0,28,166
10/01/2022,LNK,NE,ACE,CE,Towers with Radar,1,25,24,1,51,0,3,72,1,76,1,28,96,2,127,80,0,80,207
10/02/2022,LNK,NE,ACE,CE,Towers with Radar,0,46,33,2,81,0,0,24,0,24,0,46,57,2,105,0,0,0,105
10/03/2022,LNK,NE,ACE,CE,Towers with Radar,0,44,28,15,87,0,3,55,1,59,0,47,83,16,146,60,14,74,220
10/04/2022,LNK,NE,ACE,CE,Towers with Radar,2,36,36,19,93,0,0,62,2,64,2,36,98,21,157,116,20,136,293
10/05/2022,LNK,NE,ACE,CE,Towers with Radar,2,44,35,29,110,0,0,37,3,40,2,44,72,32,150,140,8,148,298
10/06/2022,LNK,NE,ACE,CE,Towers with Radar,2,43,27,13,85,0,3,72,0,75,2,46,99,13,160,106,14,120,280
10/07/2022,LNK,NE,ACE,CE,Towers with Radar,0,41,26,6,73,0,2,64,1,67,0,43,90,7,140,64,10,74,214
10/08/2022,LNK,NE,ACE,CE,Towers with Radar,0,22,16,0,38,0,3,51,2,56,0,25,67,2,94,54,0,54,148
10/09/2022,LNK,NE,ACE,CE,Towers with Radar,0,38,25,1,64,0,2,32,1,35,0,40,57,2,99,4,0,4,103
10/10/2022,LNK,NE,ACE,CE,Towers with Radar,0,45,25,1,71,0,3,60,0,63,0,48,85,1,134,146,0,146,280
10/11/2022,LNK,NE,ACE,CE,Towers with Radar,0,38,23,23,84,0,2,32,0,34,0,40,55,23,118,40,4,44,162
10/12/2022,LNK,NE,ACE,CE,Towers with Radar,0,47,24,23,94,0,7,26,2,35,0,54,50,25,129,50,8,58,187
10/13/2022,LNK,NE,ACE,CE,Towers with Radar,2,43,40,15,100,0,4,10,5,19,2,47,50,20,119,4,6,10,129
10/14/2022,LNK,NE,ACE,CE,Towers with Radar,4,35,25,7,71,0,5,34,2,41,4,40,59,9,112,48,4,52,164
10/15/2022,LNK,NE,ACE,CE,Towers with Radar,0,27,25,6,58,0,4,61,1,66,0,31,86,7,124,92,4,96,220
10/16/2022,LNK,NE,ACE,CE,Towers with Radar,4,24,22,3,53,0,5,29,1,35,4,29,51,4,88,10,0,10,98
10/17/2022,LNK,NE,ACE,CE,Towers with Radar,0,30,31,13,74,0,4,51,0,55,0,34,82,13,129,96,16,112,241
10/18/2022,LNK,NE,ACE,CE,Towers with Radar,2,32,32,37,103,0,0,60,2,62,2,32,92,39,165,136,26,162,327
10/19/2022,LNK,NE,ACE,CE,Towers with Radar,2,34,29,19,84,0,11,85,0,96,2,45,114,19,180,132,4,136,316
10/20/2022,LNK,NE,ACE,CE,Towers with Radar,0,34,38,24,96,0,0,84,0,84,0,34,122,24,180,90,12,102,282
10/21/2022,LNK,NE,ACE,CE,Towers with Radar,0,29,35,29,93,0,7,90,1,98,0,36,125,30,191,120,48,168,359
10/22/2022,LNK,NE,ACE,CE,Towers with Radar,0,25,29,1,55,0,2,62,1,65,0,27,91,2,120,104,0,104,224
10/23/2022,LNK,NE,ACE,CE,Towers with Radar,0,37,16,0,53,0,8,10,0,18,0,45,26,0,71,0,0,0,71
10/24/2022,LNK,NE,ACE,CE,Towers with Radar,0,36,22,15,73,0,1,35,1,37,0,37,57,16,110,106,32,138,248
10/25/2022,LNK,NE,ACE,CE,Towers with Radar,0,39,38,37,114,0,5,80,1,86,0,44,118,38,200,104,34,138,338
10/26/2022,LNK,NE,ACE,CE,Towers with Radar,0,31,29,21,81,0,11,76,6,93,0,42,105,27,174,108,10,118,292
10/27/2022,LNK,NE,ACE,CE,Towers with Radar,0,33,35,27,95,0,8,38,4,50,0,41,73,31,145,28,14,42,187
10/28/2022,LNK,NE,ACE,CE,Towers with Radar,2,46,47,25,120,0,6,78,4,88,2,52,125,29,208,90,16,106,314
10/29/2022,LNK,NE,ACE,CE,Towers with Radar,3,26,34,0,63,0,0,65,3,68,3,26,99,3,131,48,0,48,179
10/30/2022,LNK,NE,ACE,CE,Towers with Radar,3,40,20,7,70,0,0,34,1,35,3,40,54,8,105,28,0,28,133
10/31/2022,LNK,NE,ACE,CE,Towers with Radar,2,38,27,20,87,0,9,86,0,95,2,47,113,20,182,82,18,100,282
11/01/2022,LNK,NE,ACE,CE,Towers with Radar,2,33,30,46,111,0,5,66,3,74,2,38,96,49,185,92,40,132,317
11/02/2022,LNK,NE,ACE,CE,Towers with Radar,2,32,25,20,79,0,9,10,1,20,2,41,35,21,99,18,16,34,133
11/03/2022,LNK,NE,ACE,CE,Towers with Radar,2,42,27,23,94,0,6,17,3,26,2,48,44,26,120,36,35,71,191
11/04/2022,LNK,NE,ACE,CE,Towers with Radar,4,42,32,10,88,0,0,20,0,20,4,42,52,10,108,36,6,42,150
11/05/2022,LNK,NE,ACE,CE,Towers with Radar,3,28,23,0,54,0,3,71,1,75,3,31,94,1,129,62,0,62,191
11/06/2022,LNK,NE,ACE,CE,Towers with Radar,2,44,37,2,85,0,0,50,0,50,2,44,87,2,135,4,0,4,139
11/07/2022,LNK,NE,ACE,CE,Towers with Radar,2,37,34,5,78,0,0,64,0,64,2,37,98,5,142,64,0,64,206
11/08/2022,LNK,NE,ACE,CE,Towers with Radar,2,31,29,54,116,0,0,8,0,8,2,31,37,54,124,30,8,38,162
11/09/2022,LNK,NE,ACE,CE,Towers with Radar,3,31,39,31,104,0,8,5,2,15,3,39,44,33,119,4,16,20,139
11/10/2022,LNK,NE,ACE,CE,Towers with Radar,2,40,34,15,91,0,3,35,1,39,2,43,69,16,130,84,2,86,216
11/11/2022,LNK,NE,ACE,CE,Towers with Radar,6,34,30,0,70,0,3,52,0,55,6,37,82,0,125,64,0,64,189
11/12/2022,LNK,NE,ACE,CE,Towers with Radar,2,24,17,1,44,0,1,26,0,27,2,25,43,1,71,6,2,8,79
11/13/2022,LNK,NE,ACE,CE,Towers with Radar,4,33,28,1,66,0,2,41,0,43,4,35,69,1,109,30,0,30,139
11/14/2022,LNK,NE,ACE,CE,Towers with Radar,1,39,30,0,70,0,0,12,0,12,1,39,42,0,82,30,0,30,112
11/15/2022,LNK,NE,ACE,CE,Towers with Radar,2,32,21,6,61,0,1,24,3,28,2,33,45,9,89,140,2,142,231
11/16/2022,LNK,NE,ACE,CE,Towers with Radar,3,39,42,24,108,0,6,66,2,74,3,45,108,26,182,73,36,109,291
11/17/2022,LNK,NE,ACE,CE,Towers with Radar,2,45,45,17,109,0,8,18,3,29,2,53,63,20,138,30,4,34,172
11/18/2022,LNK,NE,ACE,CE,Towers with Radar,6,26,36,5,73,0,2,60,6,68,6,28,96,11,141,50,0,50,191
11/19/2022,LNK,NE,ACE,CE,Towers with Radar,3,35,31,1,70,0,0,38,2,40,3,35,69,3,110,54,0,54,164
11/20/2022,LNK,NE,ACE,CE,Towers with Radar,2,29,33,2,66,0,0,29,0,29,2,29,62,2,95,2,0,2,97
11/21/2022,LNK,NE,ACE,CE,Towers with Radar,2,39,22,5,68,0,0,78,2,80,2,39,100,7,148,130,0,130,278
11/22/2022,LNK,NE,ACE,CE,Towers with Radar,6,41,35,39,121,0,0,77,3,80,6,41,112,42,201,104,36,140,341
11/23/2022,LNK,NE,ACE,CE,Towers with Radar,2,34,23,36,95,0,1,77,1,79,2,35,100,37,174,80,66,146,320
11/24/2022,LNK,NE,ACE,CE,Towers with Radar,5,11,6,0,22,0,0,8,0,8,5,11,14,0,30,2,0,2,32
11/25/2022,LNK,NE,ACE,CE,Towers with Radar,5,23,16,0,44,0,0,52,0,52,5,23,68,0,96,24,0,24,120
11/26/2022,LNK,NE,ACE,CE,Towers with Radar,2,27,25,0,54,0,1,52,0,53,2,28,77,0,107,60,0,60,167
11/27/2022,LNK,NE,ACE,CE,Towers with Radar,2,40,37,0,79,0,0,20,1,21,2,40,57,1,100,16,0,16,116
11/28/2022,LNK,NE,ACE,CE,Towers with Radar,2,27,25,9,63,0,1,48,0,49,2,28,73,9,112,52,16,68,180
11/29/2022,LNK,NE,ACE,CE,Towers with Radar,4,29,12,2,47,0,0,0,0,0,4,29,12,2,47,20,8,28,75
11/30/2022,LNK,NE,ACE,CE,Towers with Radar,3,37,18,43,101,0,8,60,2,70,3,45,78,45,171,82,14,96,267
12/01/2022,LNK,NE,ACE,CE,Towers with Radar,6,40,31,32,109,0,8,10,4,22,6,48,41,36,131,0,42,42,173
12/02/2022,LNK,NE,ACE,CE,Towers with Radar,6,21,19,19,65,0,5,35,3,43,6,26,54,22,108,52,2,54,162
12/03/2022,LNK,NE,ACE,CE,Towers with Radar,6,25,14,9,54,0,0,72,1,73,6,25,86,10,127,54,8,62,189
12/04/2022,LNK,NE,ACE,CE,Towers with Radar,6,35,35,0,76,0,0,52,0,52,6,35,87,0,128,70,0,70,198
12/05/2022,LNK,NE,ACE,CE,Towers with Radar,6,33,32,28,99,0,2,59,0,61,6,35,91,28,160,60,12,72,232
12/06/2022,LNK,NE,ACE,CE,Towers with Radar,8,30,38,26,102,0,5,77,0,82,8,35,115,26,184,130,12,142,326
12/07/2022,LNK,NE,ACE,CE,Towers with Radar,6,37,41,45,129,0,10,60,3,73,6,47,101,48,202,74,32,106,308
12/08/2022,LNK,NE,ACE,CE,Towers with Radar,7,18,6,0,31,0,0,0,0,0,7,18,6,0,31,6,0,6,37
12/09/2022,LNK,NE,ACE,CE,Towers with Radar,7,22,41,22,92,0,1,4,6,11,7,23,45,28,103,48,0,48,151
12/10/2022,LNK,NE,ACE,CE,Towers with Radar,7,19,22,1,49,0,0,46,0,46,7,19,68,1,95,120,0,120,215
12/11/2022,LNK,NE,ACE,CE,Towers with Radar,5,21,16,1,43,0,0,38,0,38,5,21,54,1,81,24,0,24,105
12/12/2022,LNK,NE,ACE,CE,Towers with Radar,6,30,18,0,54,0,0,0,0,0,6,30,18,0,54,0,0,0,54
12/13/2022,LNK,NE,ACE,CE,Towers with Radar,8,24,27,13,72,0,0,11,0,11,8,24,38,13,83,30,4,34,117
12/14/2022,LNK,NE,ACE,CE,Towers with Radar,5,25,37,16,83,0,8,23,6,37,5,33,60,22,120,60,4,64,184
12/15/2022,LNK,NE,ACE,CE,Towers with Radar,0,30,27,3,60,0,5,7,2,14,0,35,34,5,74,6,0,6,80
12/16/2022,LNK,NE,ACE,CE,Towers with Radar,0,32,26,8,66,0,1,20,2,23,0,33,46,10,89,52,8,60,149
12/17/2022,LNK,NE,ACE,CE,Towers with Radar,2,33,34,0,69,0,0,49,2,51,2,33,83,2,120,84,0,84,204
12/18/2022,LNK,NE,ACE,CE,Towers with Radar,0,27,25,0,52,0,1,37,0,38,0,28,62,0,90,58,0,58,148
12/19/2022,LNK,NE,ACE,CE,Towers with Radar,0,30,25,3,58,0,0,0,0,0,0,30,25,3,58,4,0,4,62
12/20/2022,LNK,NE,ACE,CE,Towers with Radar,0,31,30,54,115,0,8,70,1,79,0,39,100,55,194,94,32,126,320
12/21/2022,LNK,NE,ACE,CE,Towers with Radar,0,26,14,1,41,0,0,0,0,0,0,26,14,1,41,0,0,0,41
12/22/2022,LNK,NE,ACE,CE,Towers with Radar,0,22,7,0,29,0,0,0,0,0,0,22,7,0,29,0,0,0,29
12/23/2022,LNK,NE,ACE,CE,Towers with Radar,2,28,7,1,38,0,0,5,0,5,2,28,12,1,43,0,0,0,43
12/24/2022,LNK,NE,ACE,CE,Towers with Radar,0,23,8,0,31,0,0,4,0,4,0,23,12,0,35,0,0,0,35
12/25/2022,LNK,NE,ACE,CE,Towers with Radar,0,19,1,0,20,0,2,4,0,6,0,21,5,0,26,0,0,0,26
12/26/2022,LNK,NE,ACE,CE,Towers with Radar,0,45,21,0,66,0,2,15,0,17,0,47,36,0,83,2,0,2,85
12/27/2022,LNK,NE,ACE,CE,Towers with Radar,2,40,36,1,79,0,7,39,0,46,2,47,75,1,125,32,0,32,157
12/28/2022,LNK,NE,ACE,CE,Towers with Radar,2,34,42,1,79,0,0,75,1,76,2,34,117,2,155,148,6,154,309
12/29/2022,LNK,NE,ACE,CE,Towers with Radar,0,33,21,0,54,0,0,24,1,25,0,33,45,1,79,124,0,124,203
12/30/2022,LNK,NE,ACE,CE,Towers with Radar,0,38,37,0,75,0,4,50,0,54,0,42,87,0,129,116,0,116,245
12/31/2022,LNK,NE,ACE,CE,Towers with Radar,0,35,14,0,49,0,3,40,0,43,0,38,54,0,92,64,0,64,156
01/01/2023,LNK,NE,ACE,CE,Towers with Radar,1,26,14,0,41,0,0,18,0,18,1,26,32,0,59,8,0,8,67
01/02/2023,LNK,NE,ACE,CE,Towers with Radar,1,40,15,0,56,0,0,2,0,2,1,40,17,0,58,0,0,0,58
01/03/2023,LNK,NE,ACE,CE,Towers with Radar,1,30,7,1,39,0,0,0,0,0,1,30,7,1,39,12,0,12,51
01/04/2023,LNK,NE,ACE,CE,Towers with Radar,0,32,20,18,70,0,7,21,3,31,0,39,41,21,101,84,2,86,187
01/05/2023,LNK,NE,ACE,CE,Towers with Radar,0,30,34,33,97,0,12,73,2,87,0,42,107,35,184,168,22,190,374
01/06/2023,LNK,NE,ACE,CE,Towers with Radar,1,35,32,9,77,0,4,80,3,87,1,39,112,12,164,174,10,184,348
01/07/2023,LNK,NE,ACE,CE,Towers with Radar,2,32,17,0,51,0,5,69,3,77,2,37,86,3,128,110,0,110,238
01/08/2023,LNK,NE,ACE,CE,Towers with Radar,0,32,11,1,44,0,4,43,5,52,0,36,54,6,96,42,0,42,138
01/09/2023,LNK,NE,ACE,CE,Towers with Radar,1,35,43,16,95,0,8,68,0,76,1,43,111,16,171,114,10,124,295
01/10/2023,LNK,NE,ACE,CE,Towers with Radar,2,37,47,40,126,0,7,82,0,89,2,44,129,40,215,80,26,106,321
01/11/2023,LNK,NE,ACE,CE,Towers with Radar,2,31,27,34,94,0,13,51,5,69,2,44,78,39,163,66,62,128,291
01/12/2023,LNK,NE,ACE,CE,Towers with Radar,3,36,29,43,111,0,4,4,8,16,3,40,33,51,127,12,20,32,159
01/13/2023,LNK,NE,ACE,CE,Towers with Radar,3,35,17,6,61,0,0,28,0,28,3,35,45,6,89,48,8,56,145
01/14/2023,LNK,NE,ACE,CE,Towers with Radar,1,30,11,0,42,0,1,56,0,57,1,31,67,0,99,50,0,50,149
01/15/2023,LNK,NE,ACE,CE,Towers with Radar,0,24,18,0,42,0,1,41,0,42,0,25,59,0,84,6,0,6,90
01/16/2023,LNK,NE,ACE,CE,Towers with Radar,0,35,18,0,53,0,0,2,0,2,0,35,20,0,55,30,0,30,85
01/17/2023,LNK,NE,ACE,CE,Towers with Radar,1,41,43,2,87,0,0,22,0,22,1,41,65,2,109,156,0,156,265
01/18/2023,LNK,NE,ACE,CE,Towers with Radar,2,11,4,0,17,0,0,0,0,0,2,11,4,0,17,0,0,0,17
01/19/2023,LNK,NE,ACE,CE,Towers with Radar,0,30,19,12,61,0,3,23,6,32,0,33,42,18,93,70,0,70,163
01/20/2023,LNK,NE,ACE,CE,Towers with Radar,4,38,26,19,87,0,2,32,1,35,4,40,58,20,122,76,6,82,204
01/21/2023,LNK,NE,ACE,CE,Towers with Radar,4,32,6,1,43,0,0,9,1,10,4,32,15,2,53,156,0,156,209
01/22/2023,LNK,NE,ACE,CE,Towers with Radar,2,24,20,2,48,0,0,10,0,10,2,24,30,2,58,10,0,10,68
01/23/2023,LNK,NE,ACE,CE,Towers with Radar,0,33,40,16,89,0,11,41,0,52,0,44,81,16,141,42,14,56,197
01/24/2023,LNK,NE,ACE,CE,Towers with Radar,2,47,39,27,115,0,0,5,0,5,2,47,44,27,120,88,0,88,208
01/25/2023,LNK,NE,ACE,CE,Towers with Radar,2,33,23,48,106,0,4,7,9,20,2,37,30,57,126,66,10,76,202
01/26/2023,LNK,NE,ACE,CE,Towers with Radar,0,30,45,15,90,0,4,71,4,79,0,34,116,19,169,86,14,100,269
01/27/2023,LNK,NE,ACE,CE,Towers with Radar,2,30,25,10,67,0,6,48,2,56,2,36,73,12,123,78,4,82,205
01/28/2023,LNK,NE,ACE,CE,Towers with Radar,0,19,8,0,27,0,0,0,0,0,0,19,8,0,27,0,0,0,27
01/29/2023,LNK,NE,ACE,CE,Towers with Radar,0,35,23,1,59,0,0,21,0,21,0,35,44,1,80,48,0,48,128
01/30/2023,LNK,NE,ACE,CE,Towers with Radar,0,31,33,8,72,0,1,35,0,36,0,32,68,8,108,99,0,99,207
01/31/2023,LNK,NE,ACE,CE,Towers with Radar,0,39,25,19,83,0,9,57,6,72,0,48,82,25,155,40,22,62,217
02/01/2023,LNK,NE,ACE,CE,Towers with Radar,3,31,29,46,109,0,11,54,6,71,3,42,83,52,180,78,12,90,270
02/02/2023,LNK,NE,ACE,CE,Towers with Radar,2,38,41,56,137,0,6,46,9,61,2,44,87,65,198,26,48,74,272
02/03/2023,LNK,NE,ACE,CE,Towers with Radar,1,23,32,15,71,0,2,71,1,74,1,25,103,16,145,86,14,100,245
02/04/2023,LNK,NE,ACE,CE,Towers with Radar,4,20,21,14,59,0,0,66,1,67,4,20,87,15,126,92,2,94,220
02/05/2023,LNK,NE,ACE,CE,Towers with Radar,3,37,18,9,67,0,0,46,0,46,3,37,64,9,113,52,18,70,183
02/06/2023,LNK,NE,ACE,CE,Towers with Radar,1,31,51,3,86,0,0,21,0,21,1,31,72,3,107,50,0,50,157
02/07/2023,LNK,NE,ACE,CE,Towers with Radar,1,35,36,34,106,0,1,91,3,95,1,36,127,37,201,80,4,84,285
02/08/2023,LNK,NE,ACE,CE,Towers with Radar,3,54,51,50,158,0,11,62,6,79,3,65,113,56,237,52,68,120,357
02/09/2023,LNK,NE,ACE,CE,Towers with Radar,7,31,20,42,100,0,7,5,8,20,7,38,25,50,120,0,10,10,130
02/10/2023,LNK,NE,ACE,CE,Towers with Radar,4,39,46,13,102,0,8,74,4,86,4,47,120,17,188,86,24,110,298
02/11/2023,LNK,NE,ACE,CE,Towers with Radar,6,32,17,0,55,0,1,60,3,64,6,33,77,3,119,26,0,26,145
02/12/2023,LNK,NE,ACE,CE,Towers with Radar,4,36,22,0,62,0,0,28,2,30,4,36,50,2,92,20,0,20,112
02/13/2023,LNK,NE,ACE,CE,Towers with Radar,4,39,42,5,90,0,0,70,1,71,4,39,112,6,161,26,0,26,187
02/14/2023,LNK,NE,ACE,CE,Towers with Radar,2,29,7,9,47,0,0,0,0,0,2,29,7,9,47,0,0,0,47
02/15/2023,LNK,NE,ACE,CE,Towers with Radar,4,33,17,28,82,0,2,1,2,5,4,35,18,30,87,32,14,46,133
02/16/2023,LNK,NE,ACE,CE,Towers with Radar,1,24,15,1,41,0,0,2,0,2,1,24,17,1,43,0,0,0,43
02/17/2023,LNK,NE,ACE,CE,Towers with Radar,3,26,30,3,62,0,0,45,3,48,3,26,75,6,110,46,0,46,156
02/18/2023,LNK,NE,ACE,CE,Towers with Radar,7,28,22,0,57,0,0,74,0,74,7,28,96,0,131,60,0,60,191
02/19/2023,LNK,NE,ACE,CE,Towers with Radar,5,27,15,1,48,0,0,35,1,36,5,27,50,2,84,28,0,28,112
02/20/2023,LNK,NE,ACE,CE,Towers with Radar,4,31,45,0,80,0,1,54,2,57,4,32,99,2,137,76,0,76,213
02/21/2023,LNK,NE,ACE,CE,Towers with Radar,2,38,47,15,102,0,0,60,0,60,2,38,107,15,162,74,0,74,236
02/22/2023,LNK,NE,ACE,CE,Towers with Radar,3,26,8,7,44,0,0,0,0,0,3,26,8,7,44,0,0,0,44
02/23/2023,LNK,NE,ACE,CE,Towers with Radar,3,37,32,23,95,0,8,6,3,17,3,45,38,26,112,0,20,20,132
02/24/2023,LNK,NE,ACE,CE,Towers with Radar,3,27,18,17,65,0,4,20,2,26,3,31,38,19,91,28,0,28,119
02/25/2023,LNK,NE,ACE,CE,Towers with Radar,9,30,31,0,70,0,0,67,0,67,9,30,98,0,137,42,0,42,179
02/26/2023,LNK,NE,ACE,CE,Towers with Radar,7,32,17,4,60,0,0,20,0,20,7,32,37,4,80,22,0,22,102
02/27/2023,LNK,NE,ACE,CE,Towers with Radar,5,41,22,6,74,0,4,23,3,30,5,45,45,9,104,22,4,26,130
02/28/2023,LNK,NE,ACE,CE,Towers with Radar,3,36,34,42,115,0,1,62,7,70,3,37,96,49,185,92,42,134,319
03/01/2023,LNK,NE,ACE,CE,Towers with Radar,4,32,39,34,109,0,11,76,16,103,4,43,115,50,212,30,26,56,268
03/02/2023,LNK,NE,ACE,CE,Towers with Radar,3,30,32,32,97,0,1,26,6,33,3,31,58,38,130,42,22,64,194
03/03/2023,LNK,NE,ACE,CE,Towers with Radar,3,25,30,36,94,0,2,93,6,101,3,27,123,42,195,40,40,80,275
03/04/2023,LNK,NE,ACE,CE,Towers with Radar,4,20,23,0,47,0,2,79,1,82,4,22,102,1,129,50,0,50,179
03/05/2023,LNK,NE,ACE,CE,Towers with Radar,4,28,18,2,52,0,1,21,0,22,4,29,39,2,74,6,0,6,80
03/06/2023,LNK,NE,ACE,CE,Towers with Radar,5,26,32,17,80,0,0,5,0,5,5,26,37,17,85,0,18,18,103
03/07/2023,LNK,NE,ACE,CE,Towers with Radar,5,28,39,18,90,0,0,19,4,23,5,28,58,22,113,50,6,56,169
03/08/2023,LNK,NE,ACE,CE,Towers with Radar,4,39,16,29,88,0,0,0,0,0,4,39,16,29,88,0,0,0,88
03/09/2023,LNK,NE,ACE,CE,Towers with Radar,5,29,22,11,67,0,0,0,4,4,5,29,22,15,71,0,0,0,71
03/10/2023,LNK,NE,ACE,CE,Towers with Radar,5,37,29,5,76,0,0,7,4,11,5,37,36,9,87,72,8,80,167
03/11/2023,LNK,NE,ACE,CE,Towers with Radar,2,18,8,0,28,0,1,0,0,1,2,19,8,0,29,0,0,0,29
03/12/2023,LNK,NE,ACE,CE,Towers with Radar,2,46,21,1,70,0,0,17,0,17,2,46,38,1,87,18,0,18,105
03/13/2023,LNK,NE,ACE,CE,Towers with Radar,4,38,23,20,85,0,4,30,2,36,4,42,53,22,121,70,16,86,207
03/14/2023,LNK,NE,ACE,CE,Towers with Radar,4,35,58,34,131,0,5,57,6,68,4,40,115,40,199,80,36,116,315
03/15/2023,LNK,NE,ACE,CE,Towers with Radar,4,34,25,63,126,0,7,24,11,42,4,41,49,74,168,18,36,54,222
03/16/2023,LNK,NE,ACE,CE,Towers with Radar,4,30,14,9,57,0,0,1,0,1,4,30,15,9,58,0,14,14,72
03/17/2023,LNK,NE,ACE,CE,Towers with Radar,4,32,39,14,89,0,0,38,1,39,4,32,77,15,128,44,4,48,176
03/18/2023,LNK,NE,ACE,CE,Towers with Radar,2,32,9,0,43,0,2,40,0,42,2,34,49,0,85,12,0,12,97
03/19/2023,LNK,NE,ACE,CE,Towers with Radar,2,23,33,0,58,0,2,32,2,36,2,25,65,2,94,8,0,8,102
03/20/2023,LNK,NE,ACE,CE,Towers with Radar,4,24,42,6,76,0,0,73,1,74,4,24,115,7,150,50,0,50,200
03/21/2023,LNK,NE,ACE,CE,Towers with Radar,4,22,24,36,86,0,5,30,2,37,4,27,54,38,123,102,0,102,225
03/22/2023,LNK,NE,ACE,CE,Towers with Radar,4,30,39,36,109,0,2,57,9,68,4,32,96,45,177,40,0,40,217
03/23/2023,LNK,NE,ACE,CE,Towers with Radar,4,31,44,24,103,0,3,50,9,62,4,34,94,33,165,116,6,122,287
03/24/2023,LNK,NE,ACE,CE,Towers with Radar,4,27,36,10,77,0,2,104,3,109,4,29,140,13,186,110,8,118,304
03/25/2023,LNK,NE,ACE,CE,Towers with Radar,4,34,24,0,62,0,4,63,4,71,4,38,87,4,133,38,0,38,171
03/26/2023,LNK,NE,ACE,CE,Towers with Radar,3,33,15,1,52,0,0,8,0,8,3,33,23,1,60,6,0,6,66
03/27/2023,LNK,NE,ACE,CE,Towers with Radar,5,33,45,10,93,0,3,72,3,78,5,36,117,13,171,78,12,90,261
03/28/2023,LNK,NE,ACE,CE,Towers with Radar,4,24,33,25,86,0,3,74,2,79,4,27,107,27,165,140,6,146,311
03/29/2023,LNK,NE,ACE,CE,Towers with Radar,4,21,42,21,88,0,1,48,9,58,4,22,90,30,146,43,0,43,189
03/30/2023,LNK,NE,ACE,CE,Towers with Radar,6,30,24,18,78,0,5,9,2,16,6,35,33,20,94,8,68,76,170
03/31/2023,LNK,NE,ACE,CE,Towers with Radar,4,27,30,16,77,0,1,9,2,12,4,28,39,18,89,10,0,10,99
04/01/2023,LNK,NE,ACE,CE,Towers with Radar,4,21,19,2,46,0,3,82,5,90,4,24,101,7,136,85,8,93,229
04/02/2023,LNK,NE,ACE,CE,Towers with Radar,4,31,22,12,69,0,0,52,1,53,4,31,74,13,122,10,0,10,132
04/03/2023,LNK,NE,ACE,CE,Towers with Radar,4,22,28,7,61,0,3,38,0,41,4,25,66,7,102,34,4,38,140
04/04/2023,LNK,NE,ACE,CE,Towers with Radar,4,32,41,33,110,0,7,54,7,68,4,39,95,40,178,64,108,172,350
04/05/2023,LNK,NE,ACE,CE,Towers with Radar,4,30,28,11,73,0,3,14,3,20,4,33,42,14,93,2,28,30,123
04/06/2023,LNK,NE,ACE,CE,Towers with Radar,4,27,47,18,96,0,15,72,8,95,4,42,119,26,191,34,0,34,225
04/07/2023,LNK,NE,ACE,CE,Towers with Radar,4,28,24,34,90,0,5,64,2,71,4,33,88,36,161,82,38,120,281
04/08/2023,LNK,NE,ACE,CE,Towers with Radar,4,15,20,0,39,0,3,54,0,57,4,18,74,0,96,106,0,106,202
04/09/2023,LNK,NE,ACE,CE,Towers with Radar,4,29,12,2,47,0,1,15,4,20,4,30,27,6,67,10,0,10,77
04/10/2023,LNK,NE,ACE,CE,Towers with Radar,4,35,34,2,75,0,6,94,4,104,4,41,128,6,179,56,4,60,239
04/11/2023,LNK,NE,ACE,CE,Towers with Radar,4,27,23,43,97,0,1,44,2,47,4,28,67,45,144,56,16,72,216
04/12/2023,LNK,NE,ACE,CE,Towers with Radar,4,31,35,13,83,0,4,19,4,27,4,35,54,17,110,0,18,18,128
04/13/2023,LNK,NE,ACE,CE,Towers with Radar,4,32,33,24,93,0,10,11,6,27,4,42,44,30,120,15,32,47,167
04/14/2023,LNK,NE,ACE,CE,Towers with Radar,4,22,36,10,72,0,10,42,8,60,4,32,78,18,132,98,6,104,236
04/15/2023,LNK,NE,ACE,CE,Towers with Radar,4,21,7,0,32,0,3,5,5,13,4,24,12,5,45,16,0,16,61
04/16/2023,LNK,NE,ACE,CE,Towers with Radar,4,33,16,2,55,0,0,3,4,7,4,33,19,6,62,0,0,0,62
04/17/2023,LNK,NE,ACE,CE,Towers with Radar,4,30,40,6,80,0,0,119,0,119,4,30,159,6,199,178,10,188,387
04/18/2023,LNK,NE,ACE,CE,Towers with Radar,4,28,33,12,77,0,4,54,2,60,4,32,87,14,137,58,0,58,195
04/19/2023,LNK,NE,ACE,CE,Towers with Radar,6,22,23,37,88,0,2,38,10,50,6,24,61,47,138,154,18,172,310
04/20/2023,LNK,NE,ACE,CE,Towers with Radar,4,32,30,13,79,0,6,13,3,22,4,38,43,16,101,75,0,75,176
04/21/2023,LNK,NE,ACE,CE,Towers with Radar,4,32,24,13,73,0,0,20,1,21,4,32,44,14,94,18,2,20,114
04/22/2023,LNK,NE,ACE,CE,Towers with Radar,4,23,25,0,52,0,4,14,1,19,4,27,39,1,71,44,0,44,115
04/23/2023,LNK,NE,ACE,CE,Towers with Radar,4,29,39,1,73,0,12,68,0,80,4,41,107,1,153,26,0,26,179
04/24/2023,LNK,NE,ACE,CE,Towers with Radar,2,24,30,1,57,0,3,65,0,68,2,27,95,1,125,98,0,98,223
04/25/2023,LNK,NE,ACE,CE,Towers with Radar,6,28,37,10,81,0,2,66,1,69,6,30,103,11,150,121,2,123,273
04/26/2023,LNK,NE,ACE,CE,Towers with Radar,4,38,39,28,109,0,3,86,7,96,4,41,125,35,205,124,28,152,357
04/27/2023,LNK,NE,ACE,CE,Towers with Radar,4,27,41,5,77,0,9,102,3,114,4,36,143,8,191,126,0,126,317
04/28/2023,LNK,NE,ACE,CE,Towers with Radar,4,26,28,3,61,0,0,1,0,1,4,26,29,3,62,0,0,0,62
04/29/2023,LNK,NE,ACE,CE,Towers with Radar,4,16,20,1,41,0,2,48,0,50,4,18,68,1,91,53,0,53,144
04/30/2023,LNK,NE,ACE,CE,Towers with Radar,4,22,19,1,46,0,1,5,0,6,4,23,24,1,52,0,0,0,52
05/01/2023,LNK,NE,ACE,CE,Towers with Radar,4,44,35,7,90,0,3,50,0,53,4,47,85,7,143,62,0,62,205
05/02/2023,LNK,NE,ACE,CE,Towers with Radar,4,33,23,28,88,0,0,88,4,92,4,33,111,32,180,94,24,118,298
05/03/2023,LNK,NE,ACE,CE,Towers with Radar,4,33,41,11,89,0,3,127,3,133,4,36,168,14,222,114,24,138,360
05/04/2023,LNK,NE,ACE,CE,Towers with Radar,4,37,45,27,113,0,1,88,0,89,4,38,133,27,202,72,20,92,294
05/05/2023,LNK,NE,ACE,CE,Towers with Radar,3,30,40,14,87,0,0,3,4,7,3,30,43,18,94,16,0,16,110
05/06/2023,LNK,NE,ACE,CE,Towers with Radar,5,19,31,1,56,0,0,16,3,19,5,19,47,4,75,12,0,12,87
05/07/2023,LNK,NE,ACE,CE,Towers with Radar,5,24,25,4,58,0,4,41,0,45,5,28,66,4,103,4,2,6,109
05/08/2023,LNK,NE,ACE,CE,Towers with Radar,5,43,28,18,94,0,3,116,1,120,5,46,144,19,214,182,4,186,400
05/09/2023,LNK,NE,ACE,CE,Towers with Radar,4,26,25,14,69,0,3,48,1,52,4,29,73,15,121,122,6,128,249
05/10/2023,LNK,NE,ACE,CE,Towers with Radar,4,25,37,26,92,0,5,77,9,91,4,30,114,35,183,106,10,116,299
05/11/2023,LNK,NE,ACE,CE,Towers with Radar,4,24,35,8,71,0,7,24,8,39,4,31,59,16,110,54,10,64,174
05/12/2023,LNK,NE,ACE,CE,Towers with Radar,4,23,32,15,74,0,0,11,1,12,4,23,43,16,86,24,8,32,118
05/13/2023,LNK,NE,ACE,CE,Towers with Radar,4,24,55,4,87,0,2,58,0,60,4,26,113,4,147,92,0,92,239
05/14/2023,LNK,NE,ACE,CE,Towers with Radar,4,15,45,0,64,0,0,3,0,3,4,15,48,0,67,0,0,0,67
05/15/2023,LNK,NE,ACE,CE,Towers with Radar,4,29,39,0,72,0,0,0,0,0,4,29,39,0,72,10,0,10,82
05/16/2023,LNK,NE,ACE,CE,Towers with Radar,4,26,41,29,100,0,5,99,3,107,4,31,140,32,207,62,28,90,297
05/17/2023,LNK,NE,ACE,CE,Towers with Radar,6,30,38,10,84,0,7,114,11,132,6,37,152,21,216,112,18,130,346
05/18/2023,LNK,NE,ACE,CE,Towers with Radar,4,31,41,21,97,0,0,47,5,52,4,31,88,26,149,46,18,64,213
05/19/2023,LNK,NE,ACE,CE,Towers with Radar,4,27,31,29,91,0,1,51,6,58,4,28,82,35,149,94,14,108,257
05/20/2023,LNK,NE,ACE,CE,Towers with Radar,4,17,22,0,43,0,3,93,0,96,4,20,115,0,139,56,0,56,195
05/21/2023,LNK,NE,ACE,CE,Towers with Radar,4,17,16,2,39,0,1,40,0,41,4,18,56,2,80,24,0,24,104
05/22/2023,LNK,NE,ACE,CE,Towers with Radar,4,35,33,15,87,0,4,86,0,90,4,39,119,15,177,138,8,146,323
05/23/2023,LNK,NE,ACE,CE,Towers with Radar,4,34,30,45,113,0,2,74,5,81,4,36,104,50,194,90,34,124,318
05/24/2023,LNK,NE,ACE,CE,Towers with Radar,3,30,42,26,101,0,7,74,9,90,3,37,116,35,191,78,44,122,313
05/25/2023,LNK,NE,ACE,CE,Towers with Radar,4,24,25,6,59,0,3,53,3,59,4,27,78,9,118,54,22,76,194
05/26/2023,LNK,NE,ACE,CE,Towers with Radar,6,30,28,0,64,0,1,78,0,79,6,31,106,0,143,59,0,59,202
05/27/2023,LNK,NE,ACE,CE,Towers with Radar,4,13,10,0,27,0,2,74,0,76,4,15,84,0,103,64,0,64,167
05/28/2023,LNK,NE,ACE,CE,Towers with Radar,4,24,10,0,38,0,0,18,0,18,4,24,28,0,56,4,0,4,60
05/29/2023,LNK,NE,ACE,CE,Towers with Radar,4,18,20,1,43,0,1,44,2,47,4,19,64,3,90,2,0,2,92
05/30/2023,LNK,NE,ACE,CE,Towers with Radar,4,27,35,3,69,0,0,66,4,70,4,27,101,7,139,100,10,110,249
05/31/2023,LNK,NE,ACE,CE,Towers with Radar,3,32,25,37,97,1,8,64,3,76,4,40,89,40,173,64,28,92,265
06/01/2023,LNK,NE,ACE,CE,Towers with Radar,4,19,31,7,61,0,2,30,3,35,4,21,61,10,96,72,2,74,170
06/02/2023,LNK,NE,ACE,CE,Towers with Radar,4,33,28,11,76,0,3,55,3,61,4,36,83,14,137,66,2,68,205
06/03/2023,LNK,NE,ACE,CE,Towers with Radar,4,19,13,1,37,0,0,57,1,58,4,19,70,2,95,46,0,46,141
06/04/2023,LNK,NE,ACE,CE,Towers with Radar,4,37,42,0,83,0,2,36,1,39,4,39,78,1,122,18,0,18,140
06/05/2023,LNK,NE,ACE,CE,Towers with Radar,4,30,22,4,60,0,2,50,3,55,4,32,72,7,115,54,0,54,169
06/06/2023,LNK,NE,ACE,CE,Towers with Radar,5,28,45,8,86,0,4,109,2,115,5,32,154,10,201,142,0,142,343
06/07/2023,LNK,NE,ACE,CE,Towers with Radar,4,18,39,8,69,0,3,68,5,76,4,21,107,13,145,93,6,99,244
06/08/2023,LNK,NE,ACE,CE,Towers with Radar,8,29,40,23,100,0,2,69,3,74,8,31,109,26,174,94,10,104,278
06/09/2023,LNK,NE,ACE,CE,Towers with Radar,4,31,30,6,71,0,6,66,3,75,4,37,96,9,146,60,8,68,214
06/10/2023,LNK,NE,ACE,CE,Towers with Radar,6,20,19,8,53,0,1,25,4,30,6,21,44,12,83,78,0,78,161
06/11/2023,LNK,NE,ACE,CE,Towers with Radar,8,29,21,14,72,0,1,12,4,17,8,30,33,18,89,10,0,10,99
06/12/2023,LNK,NE,ACE,CE,Towers with Radar,4,38,30,8,80,0,7,80,4,91,4,45,110,12,171,96,0,96,267
06/13/2023,LNK,NE,ACE,CE,Towers with Radar,4,22,27,14,67,0,2,80,4,86,4,24,107,18,153,84,4,88,241
06/14/2023,LNK,NE,ACE,CE,Towers with Radar,4,44,15,17,80,0,4,96,6,106,4,48,111,23,186,138,2,140,326
06/15/2023,LNK,NE,ACE,CE,Towers with Radar,8,34,31,13,86,0,6,74,3,83,8,40,105,16,169,102,8,110,279
06/16/2023,LNK,NE,ACE,CE,Towers with Radar,10,21,20,24,75,0,1,62,13,76,10,22,82,37,151,82,6,88,239
06/17/2023,LNK,NE,ACE,CE,Towers with Radar,4,20,22,2,48,0,0,36,0,36,4,20,58,2,84,78,0,78,162
06/18/2023,LNK,NE,ACE,CE,Towers with Radar,8,25,18,0,51,0,0,41,0,41,8,25,59,0,92,16,0,16,108
06/19/2023,LNK,NE,ACE,CE,Towers with Radar,14,27,34,0,75,0,2,81,0,83,14,29,115,0,158,0,0,0,158
06/20/2023,LNK,NE,ACE,CE,Towers with Radar,4,27,29,0,60,0,0,49,0,49,4,27,78,0,109,66,0,66,175
06/21/2023,LNK,NE,ACE,CE,Towers with Radar,4,24,30,28,86,0,1,58,5,64,4,25,88,33,150,104,26,130,280
06/22/2023,LNK,NE,ACE,CE,Towers with Radar,7,27,42,29,105,0,4,110,7,121,7,31,152,36,226,134,34,168,394
06/23/2023,LNK,NE,ACE,CE,Towers with Radar,10,20,35,35,100,0,0,75,5,80,10,20,110,40,180,56,30,86,266
06/24/2023,LNK,NE,ACE,CE,Towers with Radar,9,25,27,0,61,0,3,58,2,63,9,28,85,2,124,84,0,84,208
06/25/2023,LNK,NE,ACE,CE,Towers with Radar,8,33,24,6,71,0,1,7,0,8,8,34,31,6,79,2,0,2,81
06/26/2023,LNK,NE,ACE,CE,Towers with Radar,10,29,34,3,76,0,0,106,0,106,10,29,140,3,182,96,0,96,278
06/27/2023,LNK,NE,ACE,CE,Towers with Radar,4,40,39,3,86,0,1,60,2,63,4,41,99,5,149,110,0,110,259
06/28/2023,LNK,NE,ACE,CE,Towers with Radar,8,44,56,18,126,0,4,80,4,88,8,48,136,22,214,108,8,116,330
06/29/2023,LNK,NE,ACE,CE,Towers with Radar,8,27,25,23,83,0,1,58,6,65,8,28,83,29,148,90,10,100,248
06/30/2023,LNK,NE,ACE,CE,Towers with Radar,10,29,24,18,81,0,2,53,1,56,10,31,77,19,137,92,4,96,233
07/01/2023,LNK,NE,ACE,CE,Towers with Radar,10,20,7,0,37,0,2,8,0,10,10,22,15,0,47,42,0,42,89
07/02/2023,LNK,NE,ACE,CE,Towers with Radar,8,19,23,0,50,0,2,63,0,65,8,21,86,0,115,60,0,60,175
07/03/2023,LNK,NE,ACE,CE,Towers with Radar,11,17,21,0,49,0,1,68,0,69,11,18,89,0,118,88,0,88,206
07/04/2023,LNK,NE,ACE,CE,Towers with Radar,7,7,5,0,19,0,0,20,0,20,7,7,25,0,39,0,0,0,39
07/05/2023,LNK,NE,ACE,CE,Towers with Radar,11,23,33,17,84,0,0,14,0,14,11,23,47,17,98,12,18,30,128
07/06/2023,LNK,NE,ACE,CE,Towers with Radar,8,42,27,23,100,0,6,98,5,109,8,48,125,28,209,92,44,136,345
07/07/2023,LNK,NE,ACE,CE,Towers with Radar,10,25,25,15,75,0,0,3,0,3,10,25,28,15,78,20,12,32,110
07/08/2023,LNK,NE,ACE,CE,Towers with Radar,10,24,39,4,77,0,6,44,0,50,10,30,83,4,127,62,0,62,189
07/09/2023,LNK,NE,ACE,CE,Towers with Radar,10,28,33,1,72,0,2,52,1,55,10,30,85,2,127,22,0,22,149
07/10/2023,LNK,NE,ACE,CE,Towers with Radar,12,27,30,15,84,0,0,78,3,81,12,27,108,18,165,120,22,142,307
07/11/2023,LNK,NE,ACE,CE,Towers with Radar,6,23,39,15,83,0,0,70,0,70,6,23,109,15,153,76,0,76,229
07/12/2023,LNK,NE,ACE,CE,Towers with Radar,10,23,30,7,70,0,3,32,5,40,10,26,62,12,110,82,4,86,196
07/13/2023,LNK,NE,ACE,CE,Towers with Radar,10,30,33,7,80,0,0,53,9,62,10,30,86,16,142,142,18,160,302
07/14/2023,LNK,NE,ACE,CE,Towers with Radar,12,37,29,17,95,0,2,19,0,21,12,39,48,17,116,50,0,50,166
07/15/2023,LNK,NE,ACE,CE,Towers with Radar,10,18,34,1,63,0,2,73,0,75,10,20,107,1,138,82,0,82,220
07/16/2023,LNK,NE,ACE,CE,Towers with Radar,9,29,21,0,59,0,2,31,0,33,9,31,52,0,92,10,0,10,102
07/17/2023,LNK,NE,ACE,CE,Towers with Radar,10,27,41,0,78,0,0,41,0,41,10,27,82,0,119,68,0,68,187
07/18/2023,LNK,NE,ACE,CE,Towers with Radar,9,20,34,18,81,0,0,29,0,29,9,20,63,18,110,56,6,62,172
07/19/2023,LNK,NE,ACE,CE,Towers with Radar,10,29,43,27,109,0,3,61,12,76,10,32,104,39,185,92,12,104,289
07/20/2023,LNK,NE,ACE,CE,Towers with Radar,10,28,47,6,91,0,5,98,10,113,10,33,145,16,204,122,3,125,329
07/21/2023,LNK,NE,ACE,CE,Towers with Radar,12,27,41,18,98,0,9,80,17,106,12,36,121,35,204,142,18,160,364
07/22/2023,LNK,NE,ACE,CE,Towers with Radar,10,19,24,0,53,0,6,46,2,54,10,25,70,2,107,94,2,96,203
07/23/2023,LNK,NE,ACE,CE,Towers with Radar,9,26,24,0,59,1,2,52,0,55,10,28,76,0,114,28,0,28,142
07/24/2023,LNK,NE,ACE,CE,Towers with Radar,11,34,36,7,88,0,0,64,1,65,11,34,100,8,153,78,14,92,245
07/25/2023,LNK,NE,ACE,CE,Towers with Radar,7,24,35,17,83,0,0,61,0,61,7,24,96,17,144,110,2,112,256
07/26/2023,LNK,NE,ACE,CE,Towers with Radar,10,39,27,20,96,0,3,58,6,67,10,42,85,26,163,48,12,60,223
07/27/2023,LNK,NE,ACE,CE,Towers with Radar,10,33,28,17,88,0,9,67,7,83,10,42,95,24,171,72,4,76,247
07/28/2023,LNK,NE,ACE,CE,Towers with Radar,10,26,41,16,93,0,3,66,6,75,10,29,107,22,168,46,2,48,216
07/29/2023,LNK,NE,ACE,CE,Towers with Radar,10,17,18,0,45,0,1,37,1,39,10,18,55,1,84,14,0,14,98
07/30/2023,LNK,NE,ACE,CE,Towers with Radar,9,34,20,0,63,0,0,27,1,28,9,34,47,1,91,22,0,22,113
07/31/2023,LNK,NE,ACE,CE,Towers with Radar,12,32,45,14,103,0,1,11,1,13,12,33,56,15,116,36,6,42,158
08/01/2023,LNK,NE,ACE,CE,Towers with Radar,7,32,66,26,131,0,0,2,0,2,7,32,68,26,133,12,0,12,145
08/02/2023,LNK,NE,ACE,CE,Towers with Radar,10,28,48,31,117,0,1,11,4,16,10,29,59,35,133,38,14,52,185
08/03/2023,LNK,NE,ACE,CE,Towers with Radar,10,23,47,19,99,0,0,4,5,9,10,23,51,24,108,38,6,44,152
08/04/2023,LNK,NE,ACE,CE,Towers with Radar,12,25,39,24,100,0,2,9,0,11,12,27,48,24,111,8,0,8,119
08/05/2023,LNK,NE,ACE,CE,Towers with Radar,10,24,29,2,65,0,0,43,1,44,10,24,72,3,109,52,0,52,161
08/06/2023,LNK,NE,ACE,CE,Towers with Radar,8,29,25,1,63,0,3,4,5,12,8,32,29,6,75,0,0,0,75
08/07/2023,LNK,NE,ACE,CE,Towers with Radar,11,26,52,17,106,1,4,85,0,90,12,30,137,17,196,140,12,152,348
08/08/2023,LNK,NE,ACE,CE,Towers with Radar,8,27,32,19,86,0,4,71,0,75,8,31,103,19,161,68,12,80,241
08/09/2023,LNK,NE,ACE,CE,Towers with Radar,10,24,35,18,87,0,2,64,3,69,10,26,99,21,156,72,8,80,236
08/10/2023,LNK,NE,ACE,CE,Towers with Radar,9,26,36,17,88,0,2,85,5,92,9,28,121,22,180,132,12,144,324
08/11/2023,LNK,NE,ACE,CE,Towers with Radar,9,27,25,11,72,0,3,64,0,67,9,30,89,11,139,98,12,110,249
08/12/2023,LNK,NE,ACE,CE,Towers with Radar,6,17,20,2,45,0,1,64,0,65,6,18,84,2,110,120,0,120,230
08/13/2023,LNK,NE,ACE,CE,Towers with Radar,8,16,23,1,48,0,2,12,1,15,8,18,35,2,63,8,0,8,71
08/14/2023,LNK,NE,ACE,CE,Towers with Radar,7,37,41,8,93,0,2,11,1,14,7,39,52,9,107,12,24,36,143
08/15/2023,LNK,NE,ACE,CE,Towers with Radar,7,26,40,18,91,0,1,104,2,107,7,27,144,20,198,108,10,118,316
08/16/2023,LNK,NE,ACE,CE,Towers with Radar,8,22,43,58,131,0,5,64,6,75,8,27,107,64,206,38,58,96,302
08/17/2023,LNK,NE,ACE,CE,Towers with Radar,9,33,40,20,102,0,1,91,8,100,9,34,131,28,202,96,22,118,320
08/18/2023,LNK,NE,ACE,CE,Towers with Radar,11,27,30,26,94,0,2,79,4,85,11,29,109,30,179,94,18,112,291
08/19/2023,LNK,NE,ACE,CE,Towers with Radar,8,15,12,1,36,0,1,56,0,57,8,16,68,1,93,28,0,28,121
08/20/2023,LNK,NE,ACE,CE,Towers with Radar,10,27,29,0,66,0,1,16,0,17,10,28,45,0,83,8,0,8,91
08/21/2023,LNK,NE,ACE,CE,Towers with Radar,8,41,51,6,106,0,2,37,0,39,8,43,88,6,145,32,0,32,177
08/22/2023,LNK,NE,ACE,CE,Towers with Radar,7,22,36,9,74,0,2,54,5,61,7,24,90,14,135,62,4,66,201
08/23/2023,LNK,NE,ACE,CE,Towers with Radar,8,25,28,6,67,0,3,47,11,61,8,28,75,17,128,28,0,28,156
08/24/2023,LNK,NE,ACE,CE,Towers with Radar,9,29,25,14,77,0,1,76,6,83,9,30,101,20,160,20,0,20,180
08/25/2023,LNK,NE,ACE,CE,Towers with Radar,8,23,14,15,60,0,0,79,14,93,8,23,93,29,153,48,26,74,227
08/26/2023,LNK,NE,ACE,CE,Towers with Radar,9,15,26,0,50,0,0,24,5,29,9,15,50,5,79,14,0,14,93
08/27/2023,LNK,NE,ACE,CE,Towers with Radar,10,21,14,6,51,0,2,21,5,28,10,23,35,11,79,8,0,8,87
08/28/2023,LNK,NE,ACE,CE,Towers with Radar,9,24,45,13,91,0,6,88,7,101,9,30,133,20,192,100,2,102,294
08/29/2023,LNK,NE,ACE,CE,Towers with Radar,6,21,39,22,88,0,5,93,6,104,6,26,132,28,192,100,4,104,296
08/30/2023,LNK,NE,ACE,CE,Towers with Radar,10,30,60,13,113,0,6,86,11,103,10,36,146,24,216,122,6,128,344
08/31/2023,LNK,NE,ACE,CE,Towers with Radar,12,37,40,23,112,0,4,48,4,56,12,41,88,27,168,54,12,66,234
