01/01/2000,LNS,PA,AEA,EN,Federal Contract Tower,0,3,8,0,11,0,2,34,0,36,0,5,42,0,47,20,0,20,67
01/02/2000,LNS,PA,AEA,EN,Federal Contract Tower,0,6,30,3,39,0,0,105,3,108,0,6,135,6,147,28,0,28,175
01/03/2000,LNS,PA,AEA,EN,Federal Contract Tower,0,10,30,3,43,0,0,10,1,11,0,10,40,4,54,0,0,0,54
01/04/2000,LNS,PA,AEA,EN,Federal Contract Tower,0,9,10,1,20,0,6,0,0,6,0,15,10,1,26,0,2,2,28
01/05/2000,LNS,PA,AEA,EN,Federal Contract Tower,0,16,38,0,54,0,0,90,0,90,0,16,128,0,144,16,0,16,160
01/06/2000,LNS,PA,AEA,EN,Federal Contract Tower,0,16,45,0,61,0,0,224,0,224,0,16,269,0,285,161,22,183,468
01/07/2000,LNS,PA,AEA,EN,Federal Contract Tower,0,16,36,0,52,0,0,106,0,106,0,16,142,0,158,80,2,82,240
01/08/2000,LNS,PA,AEA,EN,Federal Contract Tower,0,11,27,0,38,0,0,324,0,324,0,11,351,0,362,166,12,178,540
01/09/2000,LNS,PA,AEA,EN,Federal Contract Tower,0,10,23,0,33,0,0,179,0,179,0,10,202,0,212,130,10,140,352
01/10/2000,LNS,PA,AEA,EN,Federal Contract Tower,0,7,5,0,12,0,10,0,0,10,0,17,5,0,22,0,0,0,22
01/11/2000,LNS,PA,AEA,EN,Federal Contract Tower,0,10,18,0,28,0,5,31,0,36,0,15,49,0,64,4,0,4,68
01/12/2000,LNS,PA,AEA,EN,Federal Contract Tower,0,16,38,4,58,0,0,152,8,160,0,16,190,12,218,76,48,124,342
01/13/2000,LNS,PA,AEA,EN,Federal Contract Tower,0,14,31,2,47,0,0,30,8,38,0,14,61,10,85,16,44,60,145
01/14/2000,LNS,PA,AEA,EN,Federal Contract Tower,0,16,36,3,55,0,0,86,12,98,0,16,122,15,153,72,86,158,311
01/15/2000,LNS,PA,AEA,EN,Federal Contract Tower,0,11,22,0,33,0,0,250,0,250,0,11,272,0,283,161,0,161,444
01/16/2000,LNS,PA,AEA,EN,Federal Contract Tower,0,8,16,0,24,0,4,101,0,105,0,12,117,0,129,167,0,167,296
01/17/2000,LNS,PA,AEA,EN,Federal Contract Tower,0,11,23,0,34,0,4,45,0,49,0,15,68,0,83,10,0,10,93
01/18/2000,LNS,PA,AEA,EN,Federal Contract Tower,0,14,29,2,45,0,0,74,7,81,0,14,103,9,126,55,0,55,181
01/19/2000,LNS,PA,AEA,EN,Federal Contract Tower,0,14,31,2,47,0,0,66,6,72,0,14,97,8,119,84,90,174,293
01/20/2000,LNS,PA,AEA,EN,Federal Contract Tower,0,7,9,0,16,0,6,0,0,6,0,13,9,0,22,0,0,0,22
01/21/2000,LNS,PA,AEA,EN,Federal Contract Tower,0,13,26,1,40,0,1,33,0,34,0,14,59,1,74,0,6,6,80
01/22/2000,LNS,PA,AEA,EN,Federal Contract Tower,0,10,23,2,35,0,2,118,24,144,0,12,141,26,179,108,76,184,363
01/23/2000,LNS,PA,AEA,EN,Federal Contract Tower,0,7,22,1,30,0,0,10,5,15,0,7,32,6,45,46,0,46,91
01/24/2000,LNS,PA,AEA,EN,Federal Contract Tower,0,14,41,3,58,0,0,71,18,89,0,14,112,21,147,70,30,100,247
01/25/2000,LNS,PA,AEA,EN,Federal Contract Tower,0,0,2,0,2,0,0,0,0,0,0,0,2,0,2,0,0,0,2
01/26/2000,LNS,PA,AEA,EN,Federal Contract Tower,0,10,20,1,31,0,0,24,6,30,0,10,44,7,61,36,20,56,117
01/27/2000,LNS,PA,AEA,EN,Federal Contract Tower,0,11,24,2,37,0,4,60,10,74,0,15,84,12,111,18,12,30,141
01/28/2000,LNS,PA,AEA,EN,Federal Contract Tower,0,14,34,3,51,0,0,68,24,92,0,14,102,27,143,23,145,168,311
01/29/2000,LNS,PA,AEA,EN,Federal Contract Tower,0,11,28,2,41,0,0,236,0,236,0,11,264,2,277,188,0,188,465
01/30/2000,LNS,PA,AEA,EN,Federal Contract Tower,0,3,6,0,9,0,0,18,0,18,0,3,24,0,27,78,0,78,105
01/31/2000,LNS,PA,AEA,EN,Federal Contract Tower,0,7,14,0,21,0,6,7,0,13,0,13,21,0,34,0,0,0,34
02/01/2000,LNS,PA,AEA,EN,Federal Contract Tower,0,11,30,2,43,0,1,51,10,62,0,12,81,12,105,116,94,210,315
02/02/2000,LNS,PA,AEA,EN,Federal Contract Tower,0,10,32,3,45,0,5,76,14,95,0,15,108,17,140,88,154,242,382
02/03/2000,LNS,PA,AEA,EN,Federal Contract Tower,0,12,48,4,64,0,0,45,0,45,0,12,93,4,109,50,2,52,161
02/04/2000,LNS,PA,AEA,EN,Federal Contract Tower,0,9,26,0,35,0,7,0,0,7,0,16,26,0,42,0,0,0,42
02/05/2000,LNS,PA,AEA,EN,Federal Contract Tower,0,5,16,0,21,0,6,153,0,159,0,11,169,0,180,152,0,152,332
02/06/2000,LNS,PA,AEA,EN,Federal Contract Tower,0,7,33,0,40,0,0,209,0,209,0,7,242,0,249,194,0,194,443
02/07/2000,LNS,PA,AEA,EN,Federal Contract Tower,0,13,39,0,52,0,1,103,0,104,0,14,142,0,156,160,0,160,316
02/08/2000,LNS,PA,AEA,EN,Federal Contract Tower,0,10,31,3,44,0,5,182,3,190,0,15,213,6,234,234,0,234,468
02/09/2000,LNS,PA,AEA,EN,Federal Contract Tower,0,14,51,4,69,0,0,108,1,109,0,14,159,5,178,104,12,116,294
02/10/2000,LNS,PA,AEA,EN,Federal Contract Tower,0,14,47,4,65,0,0,47,3,50,0,14,94,7,115,38,12,50,165
02/11/2000,LNS,PA,AEA,EN,Federal Contract Tower,0,11,53,0,64,0,0,20,0,20,0,11,73,0,84,16,0,16,100
02/12/2000,LNS,PA,AEA,EN,Federal Contract Tower,0,10,30,0,40,0,2,172,0,174,0,12,202,0,214,185,0,185,399
02/13/2000,LNS,PA,AEA,EN,Federal Contract Tower,0,4,17,0,21,0,0,65,0,65,0,4,82,0,86,68,0,68,154
02/14/2000,LNS,PA,AEA,EN,Federal Contract Tower,0,6,18,1,25,0,3,10,1,14,0,9,28,2,39,38,0,38,77
02/15/2000,LNS,PA,AEA,EN,Federal Contract Tower,0,14,46,3,63,0,0,158,13,171,0,14,204,16,234,128,74,202,436
02/16/2000,LNS,PA,AEA,EN,Federal Contract Tower,0,9,29,0,38,0,3,74,0,77,0,12,103,0,115,66,0,66,181
02/17/2000,LNS,PA,AEA,EN,Federal Contract Tower,0,14,49,3,66,0,0,141,3,144,0,14,190,6,210,197,2,199,409
02/18/2000,LNS,PA,AEA,EN,Federal Contract Tower,0,7,22,0,29,0,2,0,0,2,0,9,22,0,31,0,0,0,31
02/19/2000,LNS,PA,AEA,EN,Federal Contract Tower,0,6,18,0,24,0,5,4,0,9,0,11,22,0,33,8,0,8,41
02/20/2000,LNS,PA,AEA,EN,Federal Contract Tower,0,9,31,0,40,0,0,198,0,198,0,9,229,0,238,172,0,172,410
02/21/2000,LNS,PA,AEA,EN,Federal Contract Tower,0,10,33,2,45,0,2,225,0,227,0,12,258,2,272,146,0,146,418
02/22/2000,LNS,PA,AEA,EN,Federal Contract Tower,0,11,33,2,46,0,2,139,0,141,0,13,172,2,187,72,6,78,265
02/23/2000,LNS,PA,AEA,EN,Federal Contract Tower,0,12,46,3,61,0,0,168,1,169,0,12,214,4,230,136,6,142,372
02/24/2000,LNS,PA,AEA,EN,Federal Contract Tower,0,11,45,3,59,0,0,166,20,186,0,11,211,23,245,132,48,180,425
02/25/2000,LNS,PA,AEA,EN,Federal Contract Tower,0,12,61,4,77,0,0,89,8,97,0,12,150,12,174,158,56,214,388
02/26/2000,LNS,PA,AEA,EN,Federal Contract Tower,0,11,65,0,76,0,0,17,0,17,0,11,82,0,93,36,0,36,129
02/27/2000,LNS,PA,AEA,EN,Federal Contract Tower,0,8,40,0,48,0,0,7,0,7,0,8,47,0,55,12,0,12,67
02/28/2000,LNS,PA,AEA,EN,Federal Contract Tower,0,10,33,2,45,0,4,37,5,46,0,14,70,7,91,36,8,44,135
02/29/2000,LNS,PA,AEA,EN,Federal Contract Tower,0,14,46,3,63,0,0,191,5,196,0,14,237,8,259,142,2,144,403
03/01/2000,LNS,PA,AEA,EN,Federal Contract Tower,0,10,29,2,41,0,1,150,18,169,0,11,179,20,210,218,24,242,452
03/02/2000,LNS,PA,AEA,EN,Federal Contract Tower,0,12,33,2,47,0,0,58,0,58,0,12,91,2,105,32,30,62,167
03/03/2000,LNS,PA,AEA,EN,Federal Contract Tower,0,12,38,3,53,0,0,97,2,99,0,12,135,5,152,76,0,76,228
03/04/2000,LNS,PA,AEA,EN,Federal Contract Tower,0,11,34,3,48,0,0,272,3,275,0,11,306,6,323,132,0,132,455
03/05/2000,LNS,PA,AEA,EN,Federal Contract Tower,0,8,26,0,34,0,0,142,0,142,0,8,168,0,176,154,0,154,330
03/06/2000,LNS,PA,AEA,EN,Federal Contract Tower,0,4,14,2,20,0,8,153,0,161,0,12,167,2,181,166,4,170,351
03/07/2000,LNS,PA,AEA,EN,Federal Contract Tower,0,13,38,2,53,0,2,129,0,131,0,15,167,2,184,194,0,194,378
03/08/2000,LNS,PA,AEA,EN,Federal Contract Tower,0,10,31,3,44,0,0,166,3,169,0,10,197,6,213,180,32,212,425
03/09/2000,LNS,PA,AEA,EN,Federal Contract Tower,0,8,21,2,31,0,4,83,16,103,0,12,104,18,134,72,80,152,286
03/10/2000,LNS,PA,AEA,EN,Federal Contract Tower,0,14,43,4,61,0,0,197,8,205,0,14,240,12,266,98,70,168,434
03/11/2000,LNS,PA,AEA,EN,Federal Contract Tower,0,7,20,0,27,0,3,0,0,3,0,10,20,0,30,0,0,0,30
03/12/2000,LNS,PA,AEA,EN,Federal Contract Tower,0,5,14,2,21,0,1,32,10,43,0,6,46,12,64,32,80,112,176
03/13/2000,LNS,PA,AEA,EN,Federal Contract Tower,0,12,34,3,49,0,2,143,7,152,0,14,177,10,201,78,0,78,279
03/14/2000,LNS,PA,AEA,EN,Federal Contract Tower,0,13,38,3,54,0,0,133,3,136,0,13,171,6,190,202,16,218,408
03/15/2000,LNS,PA,AEA,EN,Federal Contract Tower,0,12,49,4,65,0,0,145,4,149,0,12,194,8,214,204,8,212,426
03/16/2000,LNS,PA,AEA,EN,Federal Contract Tower,0,12,37,3,52,0,0,66,9,75,0,12,103,12,127,176,26,202,329
03/17/2000,LNS,PA,AEA,EN,Federal Contract Tower,0,8,22,0,30,0,5,21,0,26,0,13,43,0,56,0,2,2,58
03/18/2000,LNS,PA,AEA,EN,Federal Contract Tower,0,10,30,2,42,0,1,252,0,253,0,11,282,2,295,206,2,208,503
03/19/2000,LNS,PA,AEA,EN,Federal Contract Tower,0,7,24,1,32,0,0,194,3,197,0,7,218,4,229,112,2,114,343
03/20/2000,LNS,PA,AEA,EN,Federal Contract Tower,0,10,32,0,42,0,4,40,0,44,0,14,72,0,86,166,0,166,252
03/21/2000,LNS,PA,AEA,EN,Federal Contract Tower,0,10,32,0,42,0,1,1,0,2,0,11,33,0,44,0,0,0,44
03/22/2000,LNS,PA,AEA,EN,Federal Contract Tower,0,15,54,4,73,0,0,19,8,27,0,15,73,12,100,92,24,116,216
03/23/2000,LNS,PA,AEA,EN,Federal Contract Tower,0,11,45,3,59,0,0,259,15,274,0,11,304,18,333,184,22,206,539
03/24/2000,LNS,PA,AEA,EN,Federal Contract Tower,0,14,46,3,63,0,0,250,11,261,0,14,296,14,324,168,2,170,494
03/25/2000,LNS,PA,AEA,EN,Federal Contract Tower,0,9,34,2,45,0,0,218,0,218,0,9,252,2,263,143,2,145,408
03/26/2000,LNS,PA,AEA,EN,Federal Contract Tower,0,8,23,0,31,0,0,139,0,139,0,8,162,0,170,56,0,56,226
03/27/2000,LNS,PA,AEA,EN,Federal Contract Tower,0,10,32,2,44,0,0,60,8,68,0,10,92,10,112,150,48,198,310
03/28/2000,LNS,PA,AEA,EN,Federal Contract Tower,0,10,32,2,44,0,5,46,0,51,0,15,78,2,95,104,10,114,209
03/29/2000,LNS,PA,AEA,EN,Federal Contract Tower,0,9,28,0,37,0,7,40,0,47,0,16,68,0,84,0,0,0,84
03/30/2000,LNS,PA,AEA,EN,Federal Contract Tower,0,11,66,3,80,0,0,202,0,202,0,11,268,3,282,258,14,272,554
03/31/2000,LNS,PA,AEA,EN,Federal Contract Tower,0,15,58,0,73,0,0,261,0,261,0,15,319,0,334,124,0,124,458
04/01/2000,LNS,PA,AEA,EN,Federal Contract Tower,0,6,23,0,29,0,3,331,0,334,0,9,354,0,363,202,0,202,565
04/02/2000,LNS,PA,AEA,EN,Federal Contract Tower,0,7,36,1,44,0,0,83,1,84,0,7,119,2,128,226,14,240,368
04/03/2000,LNS,PA,AEA,EN,Federal Contract Tower,0,12,48,0,60,0,0,45,0,45,0,12,93,0,105,6,0,6,111
04/04/2000,LNS,PA,AEA,EN,Federal Contract Tower,0,8,30,2,40,0,4,30,0,34,0,12,60,2,74,0,0,0,74
04/05/2000,LNS,PA,AEA,EN,Federal Contract Tower,0,8,33,2,43,0,6,71,2,79,0,14,104,4,122,34,0,34,156
04/06/2000,LNS,PA,AEA,EN,Federal Contract Tower,0,11,40,2,53,0,1,81,2,84,0,12,121,4,137,70,0,70,207
04/07/2000,LNS,PA,AEA,EN,Federal Contract Tower,0,12,57,3,72,0,0,240,0,240,0,12,297,3,312,178,0,178,490
04/08/2000,LNS,PA,AEA,EN,Federal Contract Tower,0,5,17,1,23,0,3,96,3,102,0,8,113,4,125,84,22,106,231
04/09/2000,LNS,PA,AEA,EN,Federal Contract Tower,0,4,15,1,20,0,2,12,3,17,0,6,27,4,37,0,36,36,73
04/10/2000,LNS,PA,AEA,EN,Federal Contract Tower,0,8,31,2,41,0,4,89,10,103,0,12,120,12,144,52,14,66,210
04/11/2000,LNS,PA,AEA,EN,Federal Contract Tower,0,9,35,2,46,0,2,85,5,92,0,11,120,7,138,94,44,138,276
04/12/2000,LNS,PA,AEA,EN,Federal Contract Tower,0,11,47,3,61,0,1,95,6,102,0,12,142,9,163,182,72,254,417
04/13/2000,LNS,PA,AEA,EN,Federal Contract Tower,0,11,46,3,60,0,0,239,2,241,0,11,285,5,301,171,24,195,496
04/14/2000,LNS,PA,AEA,EN,Federal Contract Tower,0,13,56,3,72,0,0,222,3,225,0,13,278,6,297,158,6,164,461
04/15/2000,LNS,PA,AEA,EN,Federal Contract Tower,0,6,22,2,30,0,3,0,0,3,0,9,22,2,33,6,2,8,41
04/16/2000,LNS,PA,AEA,EN,Federal Contract Tower,0,4,43,0,47,0,0,81,0,81,0,4,124,0,128,150,6,156,284
04/17/2000,LNS,PA,AEA,EN,Federal Contract Tower,0,7,30,0,37,0,5,0,0,5,0,12,30,0,42,0,0,0,42
04/18/2000,LNS,PA,AEA,EN,Federal Contract Tower,0,10,38,1,49,0,3,8,1,12,0,13,46,2,61,10,24,34,95
04/19/2000,LNS,PA,AEA,EN,Federal Contract Tower,0,12,58,2,72,0,0,135,6,141,0,12,193,8,213,204,4,208,421
04/20/2000,LNS,PA,AEA,EN,Federal Contract Tower,0,9,51,2,62,0,0,151,2,153,0,9,202,4,215,258,30,288,503
04/21/2000,LNS,PA,AEA,EN,Federal Contract Tower,0,8,34,0,42,0,1,0,0,1,0,9,34,0,43,0,0,0,43
04/22/2000,LNS,PA,AEA,EN,Federal Contract Tower,0,8,46,0,54,0,0,23,0,23,0,8,69,0,77,34,0,34,111
04/23/2000,LNS,PA,AEA,EN,Federal Contract Tower,0,5,21,0,26,0,1,33,0,34,0,6,54,0,60,54,0,54,114
04/24/2000,LNS,PA,AEA,EN,Federal Contract Tower,0,12,49,2,63,0,1,228,5,234,0,13,277,7,297,170,6,176,473
04/25/2000,LNS,PA,AEA,EN,Federal Contract Tower,0,12,67,3,82,0,0,107,5,112,0,12,174,8,194,140,72,212,406
04/26/2000,LNS,PA,AEA,EN,Federal Contract Tower,0,11,48,2,61,0,3,153,0,156,0,14,201,2,217,96,14,110,327
04/27/2000,LNS,PA,AEA,EN,Federal Contract Tower,0,12,102,0,114,0,0,35,0,35,0,12,137,0,149,40,0,40,189
04/28/2000,LNS,PA,AEA,EN,Federal Contract Tower,0,17,89,2,108,0,0,71,0,71,0,17,160,2,179,86,6,92,271
04/29/2000,LNS,PA,AEA,EN,Federal Contract Tower,0,8,40,1,49,0,0,216,9,225,0,8,256,10,274,138,8,146,420
04/30/2000,LNS,PA,AEA,EN,Federal Contract Tower,0,9,37,0,46,0,0,139,0,139,0,9,176,0,185,76,0,76,261
05/01/2000,LNS,PA,AEA,EN,Federal Contract Tower,0,10,36,0,46,0,4,114,0,118,0,14,150,0,164,190,0,190,354
05/02/2000,LNS,PA,AEA,EN,Federal Contract Tower,0,12,43,3,58,0,0,96,0,96,0,12,139,3,154,168,36,204,358
05/03/2000,LNS,PA,AEA,EN,Federal Contract Tower,0,10,41,4,55,0,2,266,6,274,0,12,307,10,329,256,4,260,589
05/04/2000,LNS,PA,AEA,EN,Federal Contract Tower,0,8,32,3,43,0,5,183,13,201,0,13,215,16,244,174,18,192,436
05/05/2000,LNS,PA,AEA,EN,Federal Contract Tower,0,13,54,5,72,0,0,213,5,218,0,13,267,10,290,148,18,166,456
05/06/2000,LNS,PA,AEA,EN,Federal Contract Tower,0,5,17,0,22,0,3,201,0,204,0,8,218,0,226,240,0,240,466
05/07/2000,LNS,PA,AEA,EN,Federal Contract Tower,0,6,26,2,34,0,0,188,0,188,0,6,214,2,222,210,2,212,434
05/08/2000,LNS,PA,AEA,EN,Federal Contract Tower,0,6,30,3,39,0,0,126,1,127,0,6,156,4,166,258,22,280,446
05/09/2000,LNS,PA,AEA,EN,Federal Contract Tower,0,11,41,4,56,0,4,105,0,109,0,15,146,4,165,166,44,210,375
05/10/2000,LNS,PA,AEA,EN,Federal Contract Tower,0,9,33,0,42,0,4,25,0,29,0,13,58,0,71,16,0,16,87
05/11/2000,LNS,PA,AEA,EN,Federal Contract Tower,0,15,60,6,81,0,0,193,8,201,0,15,253,14,282,160,24,184,466
05/12/2000,LNS,PA,AEA,EN,Federal Contract Tower,0,12,59,6,77,0,0,173,3,176,0,12,232,9,253,180,28,208,461
05/13/2000,LNS,PA,AEA,EN,Federal Contract Tower,0,9,32,3,44,0,1,60,7,68,0,10,92,10,112,22,0,22,134
05/14/2000,LNS,PA,AEA,EN,Federal Contract Tower,0,4,18,2,24,0,0,181,1,182,0,4,199,3,206,44,4,48,254
05/15/2000,LNS,PA,AEA,EN,Federal Contract Tower,0,7,29,2,38,0,5,148,0,153,0,12,177,2,191,196,20,216,407
05/16/2000,LNS,PA,AEA,EN,Federal Contract Tower,0,11,52,5,68,0,0,215,5,220,0,11,267,10,288,182,16,198,486
05/17/2000,LNS,PA,AEA,EN,Federal Contract Tower,0,11,59,5,75,0,0,114,9,123,0,11,173,14,198,242,20,262,460
05/18/2000,LNS,PA,AEA,EN,Federal Contract Tower,0,10,42,3,55,0,3,34,15,52,0,13,76,18,107,20,48,68,175
05/19/2000,LNS,PA,AEA,EN,Federal Contract Tower,0,10,42,1,53,0,0,11,0,11,0,10,53,1,64,6,4,10,74
05/20/2000,LNS,PA,AEA,EN,Federal Contract Tower,0,6,39,0,45,0,0,10,0,10,0,6,49,0,55,0,0,0,55
05/21/2000,LNS,PA,AEA,EN,Federal Contract Tower,0,7,27,0,34,0,0,7,0,7,0,7,34,0,41,20,0,20,61
05/22/2000,LNS,PA,AEA,EN,Federal Contract Tower,0,8,31,0,39,0,1,1,0,2,0,9,32,0,41,0,0,0,41
05/23/2000,LNS,PA,AEA,EN,Federal Contract Tower,0,10,55,4,69,0,0,7,6,13,0,10,62,10,82,68,4,72,154
05/24/2000,LNS,PA,AEA,EN,Federal Contract Tower,0,9,36,2,47,0,0,77,14,91,0,9,113,16,138,250,2,252,390
05/25/2000,LNS,PA,AEA,EN,Federal Contract Tower,0,13,53,4,70,0,0,157,0,157,0,13,210,4,227,148,16,164,391
05/26/2000,LNS,PA,AEA,EN,Federal Contract Tower,0,12,50,4,66,0,0,298,2,300,0,12,348,6,366,146,8,154,520
05/27/2000,LNS,PA,AEA,EN,Federal Contract Tower,0,7,29,2,38,0,0,105,2,107,0,7,134,4,145,152,10,162,307
05/28/2000,LNS,PA,AEA,EN,Federal Contract Tower,0,3,25,0,28,0,0,78,0,78,0,3,103,0,106,66,0,66,172
05/29/2000,LNS,PA,AEA,EN,Federal Contract Tower,0,6,38,2,46,0,0,119,0,119,0,6,157,2,165,62,0,62,227
05/30/2000,LNS,PA,AEA,EN,Federal Contract Tower,0,10,41,0,51,0,1,95,0,96,0,11,136,0,147,44,0,44,191
05/31/2000,LNS,PA,AEA,EN,Federal Contract Tower,0,11,56,4,71,0,0,147,5,152,0,11,203,9,223,122,0,122,345
06/01/2000,LNS,PA,AEA,EN,Federal Contract Tower,0,12,49,2,63,0,1,109,2,112,0,13,158,4,175,218,24,242,417
06/02/2000,LNS,PA,AEA,EN,Federal Contract Tower,0,11,53,2,66,0,0,72,8,80,0,11,125,10,146,114,70,184,330
06/03/2000,LNS,PA,AEA,EN,Federal Contract Tower,0,6,24,1,31,0,2,235,1,238,0,8,259,2,269,230,10,240,509
06/04/2000,LNS,PA,AEA,EN,Federal Contract Tower,0,7,44,0,51,0,0,261,0,261,0,7,305,0,312,150,0,150,462
06/05/2000,LNS,PA,AEA,EN,Federal Contract Tower,0,11,45,2,58,0,0,83,0,83,0,11,128,2,141,110,12,122,263
06/06/2000,LNS,PA,AEA,EN,Federal Contract Tower,0,10,44,0,54,0,2,5,0,7,0,12,49,0,61,12,0,12,73
06/07/2000,LNS,PA,AEA,EN,Federal Contract Tower,0,13,57,3,73,0,0,175,12,187,0,13,232,15,260,128,66,194,454
06/08/2000,LNS,PA,AEA,EN,Federal Contract Tower,0,9,41,3,53,0,1,181,2,184,0,10,222,5,237,122,14,136,373
06/09/2000,LNS,PA,AEA,EN,Federal Contract Tower,0,13,64,4,81,0,0,244,2,246,0,13,308,6,327,174,2,176,503
06/10/2000,LNS,PA,AEA,EN,Federal Contract Tower,0,5,23,2,30,0,1,124,0,125,0,6,147,2,155,152,10,162,317
06/11/2000,LNS,PA,AEA,EN,Federal Contract Tower,0,8,41,2,51,0,0,94,0,94,0,8,135,2,145,70,22,92,237
06/12/2000,LNS,PA,AEA,EN,Federal Contract Tower,0,6,28,2,36,0,1,34,2,37,0,7,62,4,73,20,0,20,93
06/13/2000,LNS,PA,AEA,EN,Federal Contract Tower,0,10,53,3,66,0,0,8,5,13,0,10,61,8,79,0,0,0,79
06/14/2000,LNS,PA,AEA,EN,Federal Contract Tower,0,8,41,0,49,0,3,4,0,7,0,11,45,0,56,0,0,0,56
06/15/2000,LNS,PA,AEA,EN,Federal Contract Tower,0,6,28,0,34,0,3,4,0,7,0,9,32,0,41,0,0,0,41
06/16/2000,LNS,PA,AEA,EN,Federal Contract Tower,0,9,84,5,98,0,0,102,0,102,0,9,186,5,200,56,26,82,282
06/17/2000,LNS,PA,AEA,EN,Federal Contract Tower,0,4,22,1,27,0,4,115,1,120,0,8,137,2,147,86,10,96,243
06/18/2000,LNS,PA,AEA,EN,Federal Contract Tower,0,5,31,0,36,0,0,16,0,16,0,5,47,0,52,10,0,10,62
06/19/2000,LNS,PA,AEA,EN,Federal Contract Tower,0,10,60,2,72,0,0,87,1,88,0,10,147,3,160,130,34,164,324
06/20/2000,LNS,PA,AEA,EN,Federal Contract Tower,0,10,48,2,60,0,2,275,8,285,0,12,323,10,345,198,28,226,571
06/21/2000,LNS,PA,AEA,EN,Federal Contract Tower,0,7,33,0,40,0,0,73,0,73,0,7,106,0,113,95,0,95,208
06/22/2000,LNS,PA,AEA,EN,Federal Contract Tower,0,12,83,4,99,0,0,173,8,181,0,12,256,12,280,108,48,156,436
06/23/2000,LNS,PA,AEA,EN,Federal Contract Tower,0,9,43,2,54,0,3,222,4,229,0,12,265,6,283,216,18,234,517
06/24/2000,LNS,PA,AEA,EN,Federal Contract Tower,0,8,37,0,45,0,3,237,0,240,0,11,274,0,285,142,4,146,431
06/25/2000,LNS,PA,AEA,EN,Federal Contract Tower,0,5,29,1,35,0,0,85,1,86,0,5,114,2,121,36,2,38,159
06/26/2000,LNS,PA,AEA,EN,Federal Contract Tower,0,11,50,0,61,0,0,68,0,68,0,11,118,0,129,40,0,40,169
06/27/2000,LNS,PA,AEA,EN,Federal Contract Tower,0,7,31,1,39,0,4,68,5,77,0,11,99,6,116,94,4,98,214
06/28/2000,LNS,PA,AEA,EN,Federal Contract Tower,0,11,64,2,77,0,0,113,0,113,0,11,177,2,190,46,0,46,236
06/29/2000,LNS,PA,AEA,EN,Federal Contract Tower,0,10,48,1,59,0,1,53,0,54,0,11,101,1,113,64,6,70,183
06/30/2000,LNS,PA,AEA,EN,Federal Contract Tower,0,9,46,0,55,0,2,274,0,276,0,11,320,0,331,102,2,104,435
07/01/2000,LNS,PA,AEA,EN,Federal Contract Tower,0,3,20,0,23,0,3,250,0,253,0,6,270,0,276,178,0,178,454
07/02/2000,LNS,PA,AEA,EN,Federal Contract Tower,0,4,19,0,23,0,2,208,0,210,0,6,227,0,233,172,0,172,405
07/03/2000,LNS,PA,AEA,EN,Federal Contract Tower,0,3,29,2,34,0,0,54,5,59,0,3,83,7,93,54,16,70,163
07/04/2000,LNS,PA,AEA,EN,Federal Contract Tower,0,4,27,0,31,0,0,60,0,60,0,4,87,0,91,74,0,74,165
07/05/2000,LNS,PA,AEA,EN,Federal Contract Tower,0,6,28,0,34,0,5,199,0,204,0,11,227,0,238,182,0,182,420
07/06/2000,LNS,PA,AEA,EN,Federal Contract Tower,0,10,44,2,56,0,3,229,6,238,0,13,273,8,294,228,44,272,566
07/07/2000,LNS,PA,AEA,EN,Federal Contract Tower,0,9,43,2,54,0,3,232,2,237,0,12,275,4,291,220,10,230,521
07/08/2000,LNS,PA,AEA,EN,Federal Contract Tower,0,7,32,0,39,0,1,285,0,286,0,8,317,0,325,256,0,256,581
07/09/2000,LNS,PA,AEA,EN,Federal Contract Tower,0,7,32,0,39,0,1,181,0,182,0,8,213,0,221,266,0,266,487
07/10/2000,LNS,PA,AEA,EN,Federal Contract Tower,0,8,35,2,45,0,1,47,0,48,0,9,82,2,93,122,0,122,215
07/11/2000,LNS,PA,AEA,EN,Federal Contract Tower,0,7,31,2,40,0,2,136,0,138,0,9,167,2,178,293,16,309,487
07/12/2000,LNS,PA,AEA,EN,Federal Contract Tower,0,10,46,2,58,0,1,179,0,180,0,11,225,2,238,144,8,152,390
07/13/2000,LNS,PA,AEA,EN,Federal Contract Tower,0,8,35,2,45,0,5,121,2,128,0,13,156,4,173,240,12,252,425
07/14/2000,LNS,PA,AEA,EN,Federal Contract Tower,0,9,70,3,82,0,0,56,1,57,0,9,126,4,139,6,6,12,151
07/15/2000,LNS,PA,AEA,EN,Federal Contract Tower,0,5,26,0,31,0,3,19,0,22,0,8,45,0,53,72,0,72,125
07/16/2000,LNS,PA,AEA,EN,Federal Contract Tower,0,5,39,0,44,0,0,43,0,43,0,5,82,0,87,64,0,64,151
07/17/2000,LNS,PA,AEA,EN,Federal Contract Tower,0,9,52,3,64,0,0,91,6,97,0,9,143,9,161,144,36,180,341
07/18/2000,LNS,PA,AEA,EN,Federal Contract Tower,0,9,41,1,51,0,2,139,7,148,0,11,180,8,199,108,28,136,335
07/19/2000,LNS,PA,AEA,EN,Federal Contract Tower,0,12,70,2,84,0,0,53,2,55,0,12,123,4,139,56,26,82,221
07/20/2000,LNS,PA,AEA,EN,Federal Contract Tower,0,16,75,2,93,0,0,205,0,205,0,16,280,2,298,132,14,146,444
07/21/2000,LNS,PA,AEA,EN,Federal Contract Tower,0,13,64,1,78,0,0,159,0,159,0,13,223,1,237,12,0,12,249
07/22/2000,LNS,PA,AEA,EN,Federal Contract Tower,0,9,43,0,52,0,0,164,0,164,0,9,207,0,216,178,0,178,394
07/23/2000,LNS,PA,AEA,EN,Federal Contract Tower,0,6,24,0,30,0,1,194,0,195,0,7,218,0,225,76,0,76,301
07/24/2000,LNS,PA,AEA,EN,Federal Contract Tower,0,10,45,1,56,0,4,38,2,44,0,14,83,3,100,108,4,112,212
07/25/2000,LNS,PA,AEA,EN,Federal Contract Tower,0,11,48,1,60,0,0,110,3,113,0,11,158,4,173,176,30,206,379
07/26/2000,LNS,PA,AEA,EN,Federal Contract Tower,0,9,41,0,50,0,2,3,0,5,0,11,44,0,55,0,0,0,55
07/27/2000,LNS,PA,AEA,EN,Federal Contract Tower,0,13,78,2,93,0,0,61,0,61,0,13,139,2,154,154,12,166,320
07/28/2000,LNS,PA,AEA,EN,Federal Contract Tower,0,8,76,0,84,0,0,78,0,78,0,8,154,0,162,62,4,66,228
07/29/2000,LNS,PA,AEA,EN,Federal Contract Tower,0,7,41,0,48,0,0,36,0,36,0,7,77,0,84,8,0,8,92
07/30/2000,LNS,PA,AEA,EN,Federal Contract Tower,0,5,33,0,38,0,0,33,0,33,0,5,66,0,71,22,12,34,105
07/31/2000,LNS,PA,AEA,EN,Federal Contract Tower,0,8,39,1,48,0,1,38,7,46,0,9,77,8,94,58,10,68,162
08/01/2000,LNS,PA,AEA,EN,Federal Contract Tower,0,8,39,2,49,0,2,45,2,49,0,10,84,4,98,122,34,156,254
08/02/2000,LNS,PA,AEA,EN,Federal Contract Tower,0,9,58,0,67,0,0,67,0,67,0,9,125,0,134,268,0,268,402
08/03/2000,LNS,PA,AEA,EN,Federal Contract Tower,0,10,53,3,66,0,1,40,1,42,0,11,93,4,108,72,24,96,204
08/04/2000,LNS,PA,AEA,EN,Federal Contract Tower,0,12,75,0,87,0,0,136,0,136,0,12,211,0,223,148,0,148,371
08/05/2000,LNS,PA,AEA,EN,Federal Contract Tower,0,7,32,0,39,0,1,323,0,324,0,8,355,0,363,96,0,96,459
08/06/2000,LNS,PA,AEA,EN,Federal Contract Tower,0,5,37,0,42,0,0,59,0,59,0,5,96,0,101,78,0,78,179
08/07/2000,LNS,PA,AEA,EN,Federal Contract Tower,0,7,31,2,40,0,4,89,1,94,0,11,120,3,134,202,36,238,372
08/08/2000,LNS,PA,AEA,EN,Federal Contract Tower,0,8,36,2,46,0,3,136,3,142,0,11,172,5,188,241,50,291,479
08/09/2000,LNS,PA,AEA,EN,Federal Contract Tower,0,10,41,2,53,0,2,115,2,119,0,12,156,4,172,128,8,136,308
08/10/2000,LNS,PA,AEA,EN,Federal Contract Tower,0,9,42,2,53,0,0,161,2,163,0,9,203,4,216,86,12,98,314
08/11/2000,LNS,PA,AEA,EN,Federal Contract Tower,0,12,53,3,68,0,0,159,3,162,0,12,212,6,230,160,12,172,402
08/12/2000,LNS,PA,AEA,EN,Federal Contract Tower,0,8,34,2,44,0,0,154,2,156,0,8,188,4,200,144,0,144,344
08/13/2000,LNS,PA,AEA,EN,Federal Contract Tower,0,7,35,2,44,0,0,81,11,92,0,7,116,13,136,26,10,36,172
08/14/2000,LNS,PA,AEA,EN,Federal Contract Tower,0,10,47,2,59,0,0,84,11,95,0,10,131,13,154,84,52,136,290
08/15/2000,LNS,PA,AEA,EN,Federal Contract Tower,0,9,38,2,49,0,6,197,0,203,0,15,235,2,252,134,18,152,404
08/16/2000,LNS,PA,AEA,EN,Federal Contract Tower,0,11,53,2,66,0,0,123,6,129,0,11,176,8,195,144,72,216,411
08/17/2000,LNS,PA,AEA,EN,Federal Contract Tower,0,11,62,2,75,0,0,233,2,235,0,11,295,4,310,138,0,138,448
08/18/2000,LNS,PA,AEA,EN,Federal Contract Tower,0,6,27,0,33,0,1,293,0,294,0,7,320,0,327,108,0,108,435
08/19/2000,LNS,PA,AEA,EN,Federal Contract Tower,0,7,53,0,60,0,0,7,0,7,0,7,60,0,67,6,0,6,73
08/20/2000,LNS,PA,AEA,EN,Federal Contract Tower,0,6,27,0,33,0,0,242,0,242,0,6,269,0,275,184,0,184,459
08/21/2000,LNS,PA,AEA,EN,Federal Contract Tower,0,9,43,1,53,0,0,259,1,260,0,9,302,2,313,246,0,246,559
08/22/2000,LNS,PA,AEA,EN,Federal Contract Tower,0,11,46,1,58,0,1,238,1,240,0,12,284,2,298,156,0,156,454
08/23/2000,LNS,PA,AEA,EN,Federal Contract Tower,0,9,43,0,52,0,0,59,0,59,0,9,102,0,111,48,0,48,159
08/24/2000,LNS,PA,AEA,EN,Federal Contract Tower,0,10,66,2,78,0,0,66,6,72,0,10,132,8,150,78,0,78,228
08/25/2000,LNS,PA,AEA,EN,Federal Contract Tower,0,9,41,1,51,0,1,236,5,242,0,10,277,6,293,146,12,158,451
08/26/2000,LNS,PA,AEA,EN,Federal Contract Tower,0,6,23,0,29,0,1,857,0,858,0,7,880,0,887,46,0,46,933
08/27/2000,LNS,PA,AEA,EN,Federal Contract Tower,0,6,38,0,44,0,0,646,0,646,0,6,684,0,690,52,0,52,742
08/28/2000,LNS,PA,AEA,EN,Federal Contract Tower,0,13,58,2,73,0,3,40,8,51,0,16,98,10,124,48,18,66,190
08/29/2000,LNS,PA,AEA,EN,Federal Contract Tower,0,11,48,1,60,0,0,32,5,37,0,11,80,6,97,48,4,52,149
08/30/2000,LNS,PA,AEA,EN,Federal Contract Tower,0,11,53,2,66,0,0,52,2,54,0,11,105,4,120,44,0,44,164
08/31/2000,LNS,PA,AEA,EN,Federal Contract Tower,0,10,45,1,56,0,4,52,3,59,0,14,97,4,115,104,0,104,219
09/01/2000,LNS,PA,AEA,EN,Federal Contract Tower,0,9,58,0,67,0,8,20,0,28,0,17,78,0,95,10,0,10,105
09/02/2000,LNS,PA,AEA,EN,Federal Contract Tower,0,5,32,0,37,0,1,45,0,46,0,6,77,0,83,76,0,76,159
09/03/2000,LNS,PA,AEA,EN,Federal Contract Tower,0,4,33,0,37,0,0,4,0,4,0,4,37,0,41,44,0,44,85
09/04/2000,LNS,PA,AEA,EN,Federal Contract Tower,0,5,49,0,54,0,0,77,0,77,0,5,126,0,131,148,0,148,279
09/05/2000,LNS,PA,AEA,EN,Federal Contract Tower,0,7,60,3,70,0,0,161,2,163,0,7,221,5,233,221,12,233,466
09/06/2000,LNS,PA,AEA,EN,Federal Contract Tower,0,5,35,2,42,0,0,290,2,292,0,5,325,4,334,202,14,216,550
09/07/2000,LNS,PA,AEA,EN,Federal Contract Tower,0,8,52,0,60,0,0,283,0,283,0,8,335,0,343,134,0,134,477
09/08/2000,LNS,PA,AEA,EN,Federal Contract Tower,0,6,54,3,63,0,0,180,13,193,0,6,234,16,256,198,22,220,476
09/09/2000,LNS,PA,AEA,EN,Federal Contract Tower,0,6,42,2,50,0,0,160,0,160,0,6,202,2,210,218,4,222,432
09/10/2000,LNS,PA,AEA,EN,Federal Contract Tower,0,5,49,2,56,0,0,82,0,82,0,5,131,2,138,48,0,48,186
09/11/2000,LNS,PA,AEA,EN,Federal Contract Tower,0,6,36,0,42,0,1,31,0,32,0,7,67,0,74,158,0,158,232
09/12/2000,LNS,PA,AEA,EN,Federal Contract Tower,0,5,35,2,42,0,2,58,0,60,0,7,93,2,102,100,0,100,202
09/13/2000,LNS,PA,AEA,EN,Federal Contract Tower,0,7,43,2,52,0,0,150,0,150,0,7,193,2,202,204,8,212,414
09/14/2000,LNS,PA,AEA,EN,Federal Contract Tower,0,8,65,3,76,0,0,242,9,251,0,8,307,12,327,324,42,366,693
09/15/2000,LNS,PA,AEA,EN,Federal Contract Tower,0,9,61,3,73,0,0,118,1,119,0,9,179,4,192,72,34,106,298
09/16/2000,LNS,PA,AEA,EN,Federal Contract Tower,0,4,30,1,35,0,2,224,1,227,0,6,254,2,262,190,6,196,458
09/17/2000,LNS,PA,AEA,EN,Federal Contract Tower,0,4,30,1,35,0,2,296,3,301,0,6,326,4,336,176,0,176,512
09/18/2000,LNS,PA,AEA,EN,Federal Contract Tower,0,7,48,1,56,0,0,180,5,185,0,7,228,6,241,130,4,134,375
09/19/2000,LNS,PA,AEA,EN,Federal Contract Tower,0,7,47,0,54,0,0,7,0,7,0,7,54,0,61,0,0,0,61
09/20/2000,LNS,PA,AEA,EN,Federal Contract Tower,0,6,40,1,47,0,1,154,8,163,0,7,194,9,210,64,36,100,310
09/21/2000,LNS,PA,AEA,EN,Federal Contract Tower,0,7,59,2,68,0,0,112,6,118,0,7,171,8,186,110,14,124,310
09/22/2000,LNS,PA,AEA,EN,Federal Contract Tower,0,1,54,1,56,0,0,300,5,305,0,1,354,6,361,144,2,146,507
09/23/2000,LNS,PA,AEA,EN,Federal Contract Tower,0,8,50,0,58,0,2,13,0,15,0,10,63,0,73,0,0,0,73
09/24/2000,LNS,PA,AEA,EN,Federal Contract Tower,0,4,29,0,33,0,1,26,0,27,0,5,55,0,60,40,0,40,100
09/25/2000,LNS,PA,AEA,EN,Federal Contract Tower,0,6,37,1,44,0,1,74,1,76,0,7,111,2,120,70,2,72,192
09/26/2000,LNS,PA,AEA,EN,Federal Contract Tower,0,7,46,1,54,0,0,1,6,7,0,7,47,7,61,32,0,32,93
09/27/2000,LNS,PA,AEA,EN,Federal Contract Tower,0,9,52,0,61,0,0,256,0,256,0,9,308,0,317,112,0,112,429
09/28/2000,LNS,PA,AEA,EN,Federal Contract Tower,0,6,50,1,57,0,0,218,3,221,0,6,268,4,278,104,0,104,382
09/29/2000,LNS,PA,AEA,EN,Federal Contract Tower,0,8,46,1,55,0,0,209,1,210,0,8,255,2,265,106,0,106,371
09/30/2000,LNS,PA,AEA,EN,Federal Contract Tower,0,5,27,0,32,0,1,240,0,241,0,6,267,0,273,100,0,100,373
10/01/2000,LNS,PA,AEA,EN,Federal Contract Tower,0,5,28,0,33,0,0,52,0,52,0,5,80,0,85,32,0,32,117
10/02/2000,LNS,PA,AEA,EN,Federal Contract Tower,0,5,43,4,52,0,0,103,8,111,0,5,146,12,163,210,34,244,407
10/03/2000,LNS,PA,AEA,EN,Federal Contract Tower,0,7,46,4,57,0,0,158,2,160,0,7,204,6,217,232,24,256,473
10/04/2000,LNS,PA,AEA,EN,Federal Contract Tower,0,7,48,4,59,0,0,128,12,140,0,7,176,16,199,198,24,222,421
10/05/2000,LNS,PA,AEA,EN,Federal Contract Tower,0,8,47,4,59,0,1,17,0,18,0,9,64,4,77,106,20,126,203
10/06/2000,LNS,PA,AEA,EN,Federal Contract Tower,0,10,57,4,71,0,0,24,0,24,0,10,81,4,95,34,2,36,131
10/07/2000,LNS,PA,AEA,EN,Federal Contract Tower,0,5,32,2,39,0,2,205,0,207,0,7,237,2,246,186,0,186,432
10/08/2000,LNS,PA,AEA,EN,Federal Contract Tower,0,5,32,0,37,0,0,150,0,150,0,5,182,0,187,76,0,76,263
10/09/2000,LNS,PA,AEA,EN,Federal Contract Tower,0,3,19,0,22,0,4,96,0,100,0,7,115,0,122,190,2,192,314
10/10/2000,LNS,PA,AEA,EN,Federal Contract Tower,0,7,39,3,49,0,1,56,3,60,0,8,95,6,109,102,12,114,223
10/11/2000,LNS,PA,AEA,EN,Federal Contract Tower,0,6,35,3,44,0,1,137,3,141,0,7,172,6,185,172,26,198,383
10/12/2000,LNS,PA,AEA,EN,Federal Contract Tower,0,7,51,4,62,0,0,274,7,281,0,7,325,11,343,126,18,144,487
10/13/2000,LNS,PA,AEA,EN,Federal Contract Tower,0,7,51,4,62,0,0,318,6,324,0,7,369,10,386,102,2,104,490
10/14/2000,LNS,PA,AEA,EN,Federal Contract Tower,0,4,24,2,30,0,2,320,2,324,0,6,344,4,354,190,0,190,544
10/15/2000,LNS,PA,AEA,EN,Federal Contract Tower,0,5,29,0,34,0,1,307,0,308,0,6,336,0,342,54,0,54,396
10/16/2000,LNS,PA,AEA,EN,Federal Contract Tower,0,7,46,0,53,0,0,5,0,5,0,7,51,0,58,4,0,4,62
10/17/2000,LNS,PA,AEA,EN,Federal Contract Tower,0,7,39,0,46,0,0,3,0,3,0,7,42,0,49,0,0,0,49
10/18/2000,LNS,PA,AEA,EN,Federal Contract Tower,0,7,37,2,46,0,0,16,0,16,0,7,53,2,62,46,0,46,108
10/19/2000,LNS,PA,AEA,EN,Federal Contract Tower,0,7,45,3,55,0,0,162,7,169,0,7,207,10,224,186,0,186,410
10/20/2000,LNS,PA,AEA,EN,Federal Contract Tower,0,7,44,3,54,0,1,280,21,302,0,8,324,24,356,108,20,128,484
10/21/2000,LNS,PA,AEA,EN,Federal Contract Tower,0,5,29,2,36,0,1,272,0,273,0,6,301,2,309,188,4,192,501
10/22/2000,LNS,PA,AEA,EN,Federal Contract Tower,0,5,36,0,41,0,0,289,0,289,0,5,325,0,330,172,0,172,502
10/23/2000,LNS,PA,AEA,EN,Federal Contract Tower,0,7,43,2,52,0,0,193,0,193,0,7,236,2,245,228,16,244,489
10/24/2000,LNS,PA,AEA,EN,Federal Contract Tower,0,7,39,2,48,0,1,163,0,164,0,8,202,2,212,184,10,194,406
10/25/2000,LNS,PA,AEA,EN,Federal Contract Tower,0,5,47,3,55,0,0,136,3,139,0,5,183,6,194,114,4,118,312
10/26/2000,LNS,PA,AEA,EN,Federal Contract Tower,0,9,60,4,73,0,0,69,2,71,0,9,129,6,144,48,12,60,204
10/27/2000,LNS,PA,AEA,EN,Federal Contract Tower,0,7,77,4,88,0,0,142,0,142,0,7,219,4,230,112,0,112,342
10/28/2000,LNS,PA,AEA,EN,Federal Contract Tower,0,3,20,0,23,0,3,35,0,38,0,6,55,0,61,66,0,66,127
10/29/2000,LNS,PA,AEA,EN,Federal Contract Tower,0,2,11,0,13,0,2,91,0,93,0,4,102,0,106,76,0,76,182
10/30/2000,LNS,PA,AEA,EN,Federal Contract Tower,0,7,43,3,53,0,0,133,3,136,0,7,176,6,189,90,0,90,279
10/31/2000,LNS,PA,AEA,EN,Federal Contract Tower,0,7,43,3,53,0,2,168,5,175,0,9,211,8,228,203,4,207,435
11/01/2000,LNS,PA,AEA,EN,Federal Contract Tower,0,6,38,3,47,0,4,171,1,176,0,10,209,4,223,196,22,218,441
11/02/2000,LNS,PA,AEA,EN,Federal Contract Tower,0,7,43,4,54,0,0,197,7,204,0,7,240,11,258,134,30,164,422
11/03/2000,LNS,PA,AEA,EN,Federal Contract Tower,0,8,46,0,54,0,0,183,0,183,0,8,229,0,237,260,0,260,497
11/04/2000,LNS,PA,AEA,EN,Federal Contract Tower,0,6,26,2,34,0,2,176,0,178,0,8,202,2,212,186,0,186,398
11/05/2000,LNS,PA,AEA,EN,Federal Contract Tower,0,5,27,0,32,0,0,115,0,115,0,5,142,0,147,176,6,182,329
11/06/2000,LNS,PA,AEA,EN,Federal Contract Tower,0,4,19,2,25,0,3,164,8,175,0,7,183,10,200,228,28,256,456
11/07/2000,LNS,PA,AEA,EN,Federal Contract Tower,0,7,34,3,44,0,1,166,4,171,0,8,200,7,215,178,24,202,417
11/08/2000,LNS,PA,AEA,EN,Federal Contract Tower,0,5,37,0,42,0,0,163,0,163,0,5,200,0,205,242,0,242,447
11/09/2000,LNS,PA,AEA,EN,Federal Contract Tower,0,12,79,6,97,0,0,28,0,28,0,12,107,6,125,42,0,42,167
11/10/2000,LNS,PA,AEA,EN,Federal Contract Tower,0,6,35,0,41,0,0,42,0,42,0,6,77,0,83,50,0,50,133
11/11/2000,LNS,PA,AEA,EN,Federal Contract Tower,0,4,19,1,24,0,1,57,0,58,0,5,76,1,82,36,0,36,118
11/12/2000,LNS,PA,AEA,EN,Federal Contract Tower,0,5,40,0,45,0,0,219,0,219,0,5,259,0,264,208,0,208,472
11/13/2000,LNS,PA,AEA,EN,Federal Contract Tower,0,6,32,0,38,0,2,87,0,89,0,8,119,0,127,228,0,228,355
11/14/2000,LNS,PA,AEA,EN,Federal Contract Tower,0,8,40,3,51,0,0,41,1,42,0,8,81,4,93,12,2,14,107
11/15/2000,LNS,PA,AEA,EN,Federal Contract Tower,0,7,37,2,46,0,0,123,0,123,0,7,160,2,169,94,26,120,289
11/16/2000,LNS,PA,AEA,EN,Federal Contract Tower,0,6,59,5,70,0,0,193,21,214,0,6,252,26,284,232,36,268,552
11/17/2000,LNS,PA,AEA,EN,Federal Contract Tower,0,7,50,3,60,0,0,91,11,102,0,7,141,14,162,94,18,112,274
11/18/2000,LNS,PA,AEA,EN,Federal Contract Tower,0,5,29,0,34,0,2,183,0,185,0,7,212,0,219,172,0,172,391
11/19/2000,LNS,PA,AEA,EN,Federal Contract Tower,0,7,47,0,54,0,0,192,0,192,0,7,239,0,246,66,0,66,312
11/20/2000,LNS,PA,AEA,EN,Federal Contract Tower,0,7,37,2,46,0,1,57,4,62,0,8,94,6,108,64,10,74,182
11/21/2000,LNS,PA,AEA,EN,Federal Contract Tower,0,6,27,1,34,0,1,62,2,65,0,7,89,3,99,66,20,86,185
11/22/2000,LNS,PA,AEA,EN,Federal Contract Tower,0,5,29,2,36,0,2,80,4,86,0,7,109,6,122,102,4,106,228
11/23/2000,LNS,PA,AEA,EN,Federal Contract Tower,0,2,11,0,13,0,2,68,0,70,0,4,79,0,83,74,0,74,157
11/24/2000,LNS,PA,AEA,EN,Federal Contract Tower,0,4,31,0,35,0,0,260,0,260,0,4,291,0,295,228,0,228,523
11/25/2000,LNS,PA,AEA,EN,Federal Contract Tower,0,4,19,0,23,0,0,146,0,146,0,4,165,0,169,110,0,110,279
11/26/2000,LNS,PA,AEA,EN,Federal Contract Tower,0,5,34,0,39,0,0,14,0,14,0,5,48,0,53,16,0,16,69
11/27/2000,LNS,PA,AEA,EN,Federal Contract Tower,0,4,21,1,26,0,2,68,1,71,0,6,89,2,97,110,0,110,207
11/28/2000,LNS,PA,AEA,EN,Federal Contract Tower,0,6,37,0,43,0,0,123,0,123,0,6,160,0,166,194,0,194,360
11/29/2000,LNS,PA,AEA,EN,Federal Contract Tower,0,8,46,3,57,0,0,78,4,82,0,8,124,7,139,54,16,70,209
11/30/2000,LNS,PA,AEA,EN,Federal Contract Tower,0,5,25,1,31,0,3,42,7,52,0,8,67,8,83,54,42,96,179
12/01/2000,LNS,PA,AEA,EN,Federal Contract Tower,0,8,50,4,62,0,0,199,2,201,0,8,249,6,263,162,16,178,441
12/02/2000,LNS,PA,AEA,EN,Federal Contract Tower,0,3,34,3,40,0,0,310,7,317,0,3,344,10,357,182,8,190,547
12/03/2000,LNS,PA,AEA,EN,Federal Contract Tower,0,6,24,0,30,0,0,240,0,240,0,6,264,0,270,198,0,198,468
12/04/2000,LNS,PA,AEA,EN,Federal Contract Tower,0,8,39,2,49,0,0,172,0,172,0,8,211,2,221,254,10,264,485
12/05/2000,LNS,PA,AEA,EN,Federal Contract Tower,0,8,36,3,47,0,1,63,9,73,0,9,99,12,120,188,38,226,346
12/06/2000,LNS,PA,AEA,EN,Federal Contract Tower,0,9,52,4,65,0,0,100,9,109,0,9,152,13,174,162,26,188,362
12/07/2000,LNS,PA,AEA,EN,Federal Contract Tower,0,8,61,5,74,0,0,96,1,97,0,8,157,6,171,14,18,32,203
12/08/2000,LNS,PA,AEA,EN,Federal Contract Tower,0,8,42,4,54,0,0,127,0,127,0,8,169,4,181,94,10,104,285
12/09/2000,LNS,PA,AEA,EN,Federal Contract Tower,0,4,31,0,35,0,0,243,0,243,0,4,274,0,278,120,0,120,398
12/10/2000,LNS,PA,AEA,EN,Federal Contract Tower,0,6,29,0,35,0,0,74,0,74,0,6,103,0,109,46,0,46,155
12/11/2000,LNS,PA,AEA,EN,Federal Contract Tower,0,6,27,0,33,0,0,18,0,18,0,6,45,0,51,66,0,66,117
12/12/2000,LNS,PA,AEA,EN,Federal Contract Tower,0,3,16,0,19,0,5,5,0,10,0,8,21,0,29,12,0,12,41
12/13/2000,LNS,PA,AEA,EN,Federal Contract Tower,0,8,39,3,50,0,0,165,1,166,0,8,204,4,216,226,8,234,450
12/14/2000,LNS,PA,AEA,EN,Federal Contract Tower,0,3,16,1,20,0,3,6,0,9,0,6,22,1,29,24,0,24,53
12/15/2000,LNS,PA,AEA,EN,Federal Contract Tower,0,5,74,2,81,0,0,217,0,217,0,5,291,2,298,172,8,180,478
12/16/2000,LNS,PA,AEA,EN,Federal Contract Tower,0,3,17,0,20,0,1,1,0,2,0,4,18,0,22,0,0,0,22
12/17/2000,LNS,PA,AEA,EN,Federal Contract Tower,0,2,6,0,8,0,3,0,0,3,0,5,6,0,11,0,0,0,11
12/18/2000,LNS,PA,AEA,EN,Federal Contract Tower,0,6,28,0,34,0,1,97,0,98,0,7,125,0,132,38,0,38,170
12/19/2000,LNS,PA,AEA,EN,Federal Contract Tower,0,5,22,0,27,0,3,17,0,20,0,8,39,0,47,8,0,8,55
12/20/2000,LNS,PA,AEA,EN,Federal Contract Tower,0,4,20,1,25,0,4,80,1,85,0,8,100,2,110,78,2,80,190
12/21/2000,LNS,PA,AEA,EN,Federal Contract Tower,0,5,38,2,45,0,0,149,8,157,0,5,187,10,202,92,16,108,310
12/22/2000,LNS,PA,AEA,EN,Federal Contract Tower,0,6,27,0,33,0,2,6,0,8,0,8,33,0,41,2,0,2,43
12/23/2000,LNS,PA,AEA,EN,Federal Contract Tower,0,4,19,0,23,0,0,193,0,193,0,4,212,0,216,140,0,140,356
12/24/2000,LNS,PA,AEA,EN,Federal Contract Tower,0,2,7,0,9,0,4,77,0,81,0,6,84,0,90,38,0,38,128
12/25/2000,LNS,PA,AEA,EN,Federal Contract Tower,0,0,4,0,4,0,4,8,0,12,0,4,12,0,16,10,0,10,26
12/26/2000,LNS,PA,AEA,EN,Federal Contract Tower,0,6,28,0,34,0,2,95,0,97,0,8,123,0,131,98,0,98,229
12/27/2000,LNS,PA,AEA,EN,Federal Contract Tower,0,6,36,0,42,0,0,114,0,114,0,6,150,0,156,234,0,234,390
12/28/2000,LNS,PA,AEA,EN,Federal Contract Tower,0,6,26,1,33,0,1,118,6,125,0,7,144,7,158,80,22,102,260
12/29/2000,LNS,PA,AEA,EN,Federal Contract Tower,0,6,38,2,46,0,0,143,2,145,0,6,181,4,191,74,0,74,265
12/30/2000,LNS,PA,AEA,EN,Federal Contract Tower,0,3,17,0,20,0,0,39,0,39,0,3,56,0,59,92,0,92,151
12/31/2000,LNS,PA,AEA,EN,Federal Contract Tower,0,2,11,0,13,0,6,18,0,24,0,8,29,0,37,8,0,8,45
01/01/2001,LNS,PA,AEA,EN,Federal Contract Tower,0,0,4,0,4,0,2,81,0,83,0,2,85,0,87,36,0,36,123
01/02/2001,LNS,PA,AEA,EN,Federal Contract Tower,0,5,19,0,24,0,2,52,0,54,0,7,71,0,78,72,0,72,150
01/03/2001,LNS,PA,AEA,EN,Federal Contract Tower,0,8,41,0,49,0,0,142,0,142,0,8,183,0,191,166,0,166,357
01/04/2001,LNS,PA,AEA,EN,Federal Contract Tower,0,8,33,3,44,0,1,80,1,82,0,9,113,4,126,186,14,200,326
01/05/2001,LNS,PA,AEA,EN,Federal Contract Tower,0,8,30,0,38,0,0,16,0,16,0,8,46,0,54,42,0,42,96
01/06/2001,LNS,PA,AEA,EN,Federal Contract Tower,0,3,12,0,15,0,1,114,2,117,0,4,126,2,132,190,6,196,328
01/07/2001,LNS,PA,AEA,EN,Federal Contract Tower,0,4,28,0,32,0,0,345,0,345,0,4,373,0,377,112,0,112,489
01/08/2001,LNS,PA,AEA,EN,Federal Contract Tower,0,4,15,0,19,0,5,2,0,7,0,9,17,0,26,0,0,0,26
01/09/2001,LNS,PA,AEA,EN,Federal Contract Tower,0,8,32,2,42,0,1,47,0,48,0,9,79,2,90,50,4,54,144
01/10/2001,LNS,PA,AEA,EN,Federal Contract Tower,0,9,41,3,53,0,1,87,5,93,0,10,128,8,146,160,16,176,322
01/11/2001,LNS,PA,AEA,EN,Federal Contract Tower,0,10,58,4,72,0,0,136,8,144,0,10,194,12,216,126,0,126,342
01/12/2001,LNS,PA,AEA,EN,Federal Contract Tower,0,8,35,3,46,0,0,173,3,176,0,8,208,6,222,194,6,200,422
01/13/2001,LNS,PA,AEA,EN,Federal Contract Tower,0,3,41,0,44,0,0,253,0,253,0,3,294,0,297,241,0,241,538
01/14/2001,LNS,PA,AEA,EN,Federal Contract Tower,0,6,37,2,45,0,0,92,0,92,0,6,129,2,137,258,0,258,395
01/15/2001,LNS,PA,AEA,EN,Federal Contract Tower,0,4,18,0,22,0,1,1,0,2,0,5,19,0,24,0,0,0,24
01/16/2001,LNS,PA,AEA,EN,Federal Contract Tower,0,7,35,1,43,0,0,87,1,88,0,7,122,2,131,190,0,190,321
01/17/2001,LNS,PA,AEA,EN,Federal Contract Tower,0,8,43,0,51,0,0,120,0,120,0,8,163,0,171,196,0,196,367
01/18/2001,LNS,PA,AEA,EN,Federal Contract Tower,0,4,20,0,24,0,2,16,0,18,0,6,36,0,42,18,0,18,60
01/19/2001,LNS,PA,AEA,EN,Federal Contract Tower,0,6,27,0,33,0,2,3,0,5,0,8,30,0,38,0,0,0,38
01/20/2001,LNS,PA,AEA,EN,Federal Contract Tower,0,2,9,0,11,0,2,0,0,2,0,4,9,0,13,10,0,10,23
01/21/2001,LNS,PA,AEA,EN,Federal Contract Tower,0,3,12,0,15,0,3,32,2,37,0,6,44,2,52,26,2,28,80
01/22/2001,LNS,PA,AEA,EN,Federal Contract Tower,0,7,29,1,37,0,1,131,5,137,0,8,160,6,174,130,10,140,314
01/23/2001,LNS,PA,AEA,EN,Federal Contract Tower,0,8,59,3,70,0,0,11,1,12,0,8,70,4,82,22,0,22,104
01/24/2001,LNS,PA,AEA,EN,Federal Contract Tower,0,10,42,2,54,0,0,50,4,54,0,10,92,6,108,52,8,60,168
01/25/2001,LNS,PA,AEA,EN,Federal Contract Tower,0,7,32,1,40,0,3,101,5,109,0,10,133,6,149,94,2,96,245
01/26/2001,LNS,PA,AEA,EN,Federal Contract Tower,0,8,53,3,64,0,0,178,1,179,0,8,231,4,243,128,2,130,373
01/27/2001,LNS,PA,AEA,EN,Federal Contract Tower,0,4,25,1,30,0,0,27,5,32,0,4,52,6,62,34,0,34,96
01/28/2001,LNS,PA,AEA,EN,Federal Contract Tower,0,6,38,0,44,0,0,242,0,242,0,6,280,0,286,208,0,208,494
01/29/2001,LNS,PA,AEA,EN,Federal Contract Tower,0,7,35,0,42,0,0,141,0,141,0,7,176,0,183,180,0,180,363
01/30/2001,LNS,PA,AEA,EN,Federal Contract Tower,0,8,38,0,46,0,1,21,0,22,0,9,59,0,68,64,0,64,132
01/31/2001,LNS,PA,AEA,EN,Federal Contract Tower,0,8,32,1,41,0,2,59,4,65,0,10,91,5,106,104,32,136,242
02/01/2001,LNS,PA,AEA,EN,Federal Contract Tower,0,8,45,2,55,0,0,171,5,176,0,8,216,7,231,176,10,186,417
02/02/2001,LNS,PA,AEA,EN,Federal Contract Tower,0,8,61,2,71,0,0,63,10,73,0,8,124,12,144,90,76,166,310
02/03/2001,LNS,PA,AEA,EN,Federal Contract Tower,0,4,45,2,51,0,0,226,0,226,0,4,271,2,277,152,10,162,439
02/04/2001,LNS,PA,AEA,EN,Federal Contract Tower,0,6,29,0,35,0,0,230,0,230,0,6,259,0,265,138,0,138,403
02/05/2001,LNS,PA,AEA,EN,Federal Contract Tower,0,2,4,0,6,0,8,0,0,8,0,10,4,0,14,0,0,0,14
02/06/2001,LNS,PA,AEA,EN,Federal Contract Tower,0,6,28,2,36,0,2,88,2,92,0,8,116,4,128,162,20,182,310
02/07/2001,LNS,PA,AEA,EN,Federal Contract Tower,0,8,54,3,65,0,0,156,6,162,0,8,210,9,227,147,60,207,434
02/08/2001,LNS,PA,AEA,EN,Federal Contract Tower,0,10,45,3,58,0,0,123,1,124,0,10,168,4,182,166,18,184,366
02/09/2001,LNS,PA,AEA,EN,Federal Contract Tower,0,14,68,2,84,0,2,131,0,133,0,16,199,2,217,192,10,202,419
02/10/2001,LNS,PA,AEA,EN,Federal Contract Tower,0,1,6,0,7,0,3,24,0,27,0,4,30,0,34,14,0,14,48
02/11/2001,LNS,PA,AEA,EN,Federal Contract Tower,0,6,27,0,33,0,0,218,0,218,0,6,245,0,251,218,0,218,469
02/12/2001,LNS,PA,AEA,EN,Federal Contract Tower,0,6,28,0,34,0,0,108,0,108,0,6,136,0,142,198,0,198,340
02/13/2001,LNS,PA,AEA,EN,Federal Contract Tower,0,8,45,0,53,0,0,98,0,98,0,8,143,0,151,238,0,238,389
02/14/2001,LNS,PA,AEA,EN,Federal Contract Tower,0,4,18,0,22,0,3,0,0,3,0,7,18,0,25,0,0,0,25
02/15/2001,LNS,PA,AEA,EN,Federal Contract Tower,0,7,53,3,63,0,0,97,18,115,0,7,150,21,178,172,38,210,388
02/16/2001,LNS,PA,AEA,EN,Federal Contract Tower,0,9,45,2,56,0,2,18,0,20,0,11,63,2,76,14,0,14,90
02/17/2001,LNS,PA,AEA,EN,Federal Contract Tower,0,3,15,0,18,0,1,32,0,33,0,4,47,0,51,4,0,4,55
02/18/2001,LNS,PA,AEA,EN,Federal Contract Tower,0,6,35,0,41,0,0,181,0,181,0,6,216,0,222,170,0,170,392
02/19/2001,LNS,PA,AEA,EN,Federal Contract Tower,0,8,39,1,48,0,0,122,1,123,0,8,161,2,171,204,0,204,375
02/20/2001,LNS,PA,AEA,EN,Federal Contract Tower,0,7,31,0,38,0,1,97,0,98,0,8,128,0,136,150,6,156,292
02/21/2001,LNS,PA,AEA,EN,Federal Contract Tower,0,7,33,1,41,0,5,77,1,83,0,12,110,2,124,44,14,58,182
02/22/2001,LNS,PA,AEA,EN,Federal Contract Tower,0,5,24,0,29,0,5,21,0,26,0,10,45,0,55,110,2,112,167
02/23/2001,LNS,PA,AEA,EN,Federal Contract Tower,0,10,43,1,54,0,0,84,1,85,0,10,127,2,139,86,14,100,239
02/24/2001,LNS,PA,AEA,EN,Federal Contract Tower,0,4,39,0,43,0,0,283,0,283,0,4,322,0,326,182,0,182,508
02/25/2001,LNS,PA,AEA,EN,Federal Contract Tower,0,2,8,0,10,0,4,0,0,4,0,6,8,0,14,0,0,0,14
02/26/2001,LNS,PA,AEA,EN,Federal Contract Tower,0,8,39,0,47,0,0,84,0,84,0,8,123,0,131,36,0,36,167
02/27/2001,LNS,PA,AEA,EN,Federal Contract Tower,0,8,48,2,58,0,0,185,12,197,0,8,233,14,255,110,16,126,381
02/28/2001,LNS,PA,AEA,EN,Federal Contract Tower,0,8,39,1,48,0,0,138,7,145,0,8,177,8,193,130,26,156,349
03/01/2001,LNS,PA,AEA,EN,Federal Contract Tower,0,8,54,5,67,0,0,116,3,119,0,8,170,8,186,218,22,240,426
03/02/2001,LNS,PA,AEA,EN,Federal Contract Tower,0,9,54,4,67,0,0,127,0,127,0,9,181,4,194,194,18,212,406
03/03/2001,LNS,PA,AEA,EN,Federal Contract Tower,0,4,26,2,32,0,0,193,0,193,0,4,219,2,225,230,0,230,455
03/04/2001,LNS,PA,AEA,EN,Federal Contract Tower,0,2,7,0,9,0,3,3,0,6,0,5,10,0,15,0,0,0,15
03/05/2001,LNS,PA,AEA,EN,Federal Contract Tower,0,1,3,0,4,0,5,0,0,5,0,6,3,0,9,8,0,8,17
03/06/2001,LNS,PA,AEA,EN,Federal Contract Tower,0,3,14,2,19,0,5,1,1,7,0,8,15,3,26,0,22,22,48
03/07/2001,LNS,PA,AEA,EN,Federal Contract Tower,0,7,36,4,47,0,2,118,2,122,0,9,154,6,169,218,34,252,421
03/08/2001,LNS,PA,AEA,EN,Federal Contract Tower,0,8,44,5,57,0,0,142,7,149,0,8,186,12,206,220,44,264,470
03/09/2001,LNS,PA,AEA,EN,Federal Contract Tower,0,9,47,5,61,0,0,57,9,66,0,9,104,14,127,94,66,160,287
03/10/2001,LNS,PA,AEA,EN,Federal Contract Tower,0,3,16,0,19,0,1,146,0,147,0,4,162,0,166,214,0,214,380
03/11/2001,LNS,PA,AEA,EN,Federal Contract Tower,0,6,29,3,38,0,0,182,1,183,0,6,211,4,221,192,28,220,441
03/12/2001,LNS,PA,AEA,EN,Federal Contract Tower,0,8,37,4,49,0,0,187,4,191,0,8,224,8,240,194,34,228,468
03/13/2001,LNS,PA,AEA,EN,Federal Contract Tower,0,7,31,3,41,0,1,17,1,19,0,8,48,4,60,44,30,74,134
03/14/2001,LNS,PA,AEA,EN,Federal Contract Tower,0,4,18,2,24,0,4,46,1,51,0,8,64,3,75,28,14,42,117
03/15/2001,LNS,PA,AEA,EN,Federal Contract Tower,0,8,43,4,55,0,0,104,3,107,0,8,147,7,162,168,36,204,366
03/16/2001,LNS,PA,AEA,EN,Federal Contract Tower,0,9,42,2,53,0,0,48,0,48,0,9,90,2,101,30,0,30,131
03/17/2001,LNS,PA,AEA,EN,Federal Contract Tower,0,0,17,0,17,0,0,6,0,6,0,0,23,0,23,0,0,0,23
03/18/2001,LNS,PA,AEA,EN,Federal Contract Tower,0,4,18,1,23,0,2,117,3,122,0,6,135,4,145,104,8,112,257
03/19/2001,LNS,PA,AEA,EN,Federal Contract Tower,0,7,40,3,50,0,0,263,1,264,0,7,303,4,314,228,2,230,544
03/20/2001,LNS,PA,AEA,EN,Federal Contract Tower,0,6,51,4,61,0,0,199,1,200,0,6,250,5,261,138,6,144,405
03/21/2001,LNS,PA,AEA,EN,Federal Contract Tower,0,2,11,0,13,0,6,0,0,6,0,8,11,0,19,2,0,2,21
03/22/2001,LNS,PA,AEA,EN,Federal Contract Tower,0,7,31,2,40,0,1,2,7,10,0,8,33,9,50,0,10,10,60
03/23/2001,LNS,PA,AEA,EN,Federal Contract Tower,0,7,35,3,45,0,3,73,3,79,0,10,108,6,124,28,24,52,176
03/24/2001,LNS,PA,AEA,EN,Federal Contract Tower,0,2,14,0,16,0,2,72,0,74,0,4,86,0,90,42,0,42,132
03/25/2001,LNS,PA,AEA,EN,Federal Contract Tower,0,6,38,0,44,0,0,231,0,231,0,6,269,0,275,202,0,202,477
03/26/2001,LNS,PA,AEA,EN,Federal Contract Tower,0,5,27,2,34,0,1,53,4,58,0,6,80,6,92,86,10,96,188
03/27/2001,LNS,PA,AEA,EN,Federal Contract Tower,0,6,41,3,50,0,0,150,3,153,0,6,191,6,203,206,34,240,443
03/28/2001,LNS,PA,AEA,EN,Federal Contract Tower,0,8,62,5,75,0,0,249,10,259,0,8,311,15,334,278,24,302,636
03/29/2001,LNS,PA,AEA,EN,Federal Contract Tower,0,7,58,5,70,0,0,58,0,58,0,7,116,5,128,44,0,44,172
03/30/2001,LNS,PA,AEA,EN,Federal Contract Tower,0,10,62,4,76,0,0,14,0,14,0,10,76,4,90,0,0,0,90
03/31/2001,LNS,PA,AEA,EN,Federal Contract Tower,0,4,43,0,47,0,0,124,0,124,0,4,167,0,171,148,0,148,319
04/01/2001,LNS,PA,AEA,EN,Federal Contract Tower,0,7,60,0,67,0,2,39,0,41,0,9,99,0,108,72,0,72,180
04/02/2001,LNS,PA,AEA,EN,Federal Contract Tower,0,9,31,4,44,0,0,53,2,55,0,9,84,6,99,6,50,56,155
04/03/2001,LNS,PA,AEA,EN,Federal Contract Tower,0,10,52,4,66,0,0,172,7,179,0,10,224,11,245,210,36,246,491
04/04/2001,LNS,PA,AEA,EN,Federal Contract Tower,0,8,60,4,72,0,0,222,5,227,0,8,282,9,299,294,26,320,619
04/05/2001,LNS,PA,AEA,EN,Federal Contract Tower,0,8,36,4,48,0,0,222,6,228,0,8,258,10,276,292,98,390,666
04/06/2001,LNS,PA,AEA,EN,Federal Contract Tower,0,6,72,0,78,0,0,20,0,20,0,6,92,0,98,2,0,2,100
04/07/2001,LNS,PA,AEA,EN,Federal Contract Tower,0,3,46,0,49,0,0,24,0,24,0,3,70,0,73,28,0,28,101
04/08/2001,LNS,PA,AEA,EN,Federal Contract Tower,0,6,26,0,32,0,0,0,0,0,0,6,26,0,32,0,0,0,32
04/09/2001,LNS,PA,AEA,EN,Federal Contract Tower,0,3,33,4,40,0,0,48,0,48,0,3,81,4,88,138,32,170,258
04/10/2001,LNS,PA,AEA,EN,Federal Contract Tower,0,8,50,8,66,0,0,112,6,118,0,8,162,14,184,180,64,244,428
04/11/2001,LNS,PA,AEA,EN,Federal Contract Tower,0,8,51,0,59,0,0,6,0,6,0,8,57,0,65,20,0,20,85
04/12/2001,LNS,PA,AEA,EN,Federal Contract Tower,0,6,44,0,50,0,0,19,0,19,0,6,63,0,69,26,0,26,95
04/13/2001,LNS,PA,AEA,EN,Federal Contract Tower,0,7,39,4,50,0,0,149,3,152,0,7,188,7,202,122,78,200,402
04/14/2001,LNS,PA,AEA,EN,Federal Contract Tower,0,4,32,0,36,0,0,295,0,295,0,4,327,0,331,194,0,194,525
04/15/2001,LNS,PA,AEA,EN,Federal Contract Tower,0,6,16,1,23,0,0,103,1,104,0,6,119,2,127,42,0,42,169
04/16/2001,LNS,PA,AEA,EN,Federal Contract Tower,0,10,35,3,48,0,0,46,5,51,0,10,81,8,99,36,46,82,181
04/17/2001,LNS,PA,AEA,EN,Federal Contract Tower,0,6,32,8,46,0,0,43,1,44,0,6,75,9,90,108,16,124,214
04/18/2001,LNS,PA,AEA,EN,Federal Contract Tower,0,6,23,0,29,0,0,49,0,49,0,6,72,0,78,94,0,94,172
04/19/2001,LNS,PA,AEA,EN,Federal Contract Tower,0,7,60,4,71,0,0,256,2,258,0,7,316,6,329,118,8,126,455
04/20/2001,LNS,PA,AEA,EN,Federal Contract Tower,0,9,75,8,92,0,0,153,3,156,0,9,228,11,248,150,8,158,406
04/21/2001,LNS,PA,AEA,EN,Federal Contract Tower,0,2,40,0,42,0,0,140,0,140,0,2,180,0,182,264,0,264,446
04/22/2001,LNS,PA,AEA,EN,Federal Contract Tower,0,6,31,0,37,0,0,191,0,191,0,6,222,0,228,80,0,80,308
04/23/2001,LNS,PA,AEA,EN,Federal Contract Tower,0,10,36,1,47,0,0,140,1,141,0,10,176,2,188,108,10,118,306
04/24/2001,LNS,PA,AEA,EN,Federal Contract Tower,0,8,22,10,40,0,0,48,0,48,0,8,70,10,88,88,20,108,196
04/25/2001,LNS,PA,AEA,EN,Federal Contract Tower,0,10,36,2,48,0,0,173,2,175,0,10,209,4,223,134,14,148,371
04/26/2001,LNS,PA,AEA,EN,Federal Contract Tower,0,11,83,5,99,0,0,298,38,336,0,11,381,43,435,218,16,234,669
04/27/2001,LNS,PA,AEA,EN,Federal Contract Tower,0,6,57,2,65,0,0,250,2,252,0,6,307,4,317,153,0,153,470
04/28/2001,LNS,PA,AEA,EN,Federal Contract Tower,0,4,31,2,37,0,0,203,1,204,0,4,234,3,241,184,0,184,425
04/29/2001,LNS,PA,AEA,EN,Federal Contract Tower,0,6,34,0,40,0,0,333,0,333,0,6,367,0,373,178,0,178,551
04/30/2001,LNS,PA,AEA,EN,Federal Contract Tower,0,8,45,2,55,0,0,192,2,194,0,8,237,4,249,204,0,204,453
05/01/2001,LNS,PA,AEA,EN,Federal Contract Tower,0,9,26,1,36,0,0,166,1,167,0,9,192,2,203,198,0,198,401
05/02/2001,LNS,PA,AEA,EN,Federal Contract Tower,0,11,50,2,63,0,0,160,0,160,0,11,210,2,223,154,4,158,381
05/03/2001,LNS,PA,AEA,EN,Federal Contract Tower,0,6,32,3,41,0,2,158,9,169,0,8,190,12,210,138,18,156,366
05/04/2001,LNS,PA,AEA,EN,Federal Contract Tower,0,9,40,5,54,0,0,194,1,195,0,9,234,6,249,74,0,74,323
05/05/2001,LNS,PA,AEA,EN,Federal Contract Tower,0,4,34,2,40,0,0,143,3,146,0,4,177,5,186,96,0,96,282
05/06/2001,LNS,PA,AEA,EN,Federal Contract Tower,0,6,26,0,32,0,0,233,0,233,0,6,259,0,265,120,0,120,385
05/07/2001,LNS,PA,AEA,EN,Federal Contract Tower,0,11,32,7,50,0,0,178,1,179,0,11,210,8,229,202,2,204,433
05/08/2001,LNS,PA,AEA,EN,Federal Contract Tower,0,8,53,4,65,0,0,90,1,91,0,8,143,5,156,134,6,140,296
05/09/2001,LNS,PA,AEA,EN,Federal Contract Tower,0,6,45,8,59,0,0,124,2,126,0,6,169,10,185,242,22,264,449
05/10/2001,LNS,PA,AEA,EN,Federal Contract Tower,0,8,40,3,51,0,0,185,3,188,0,8,225,6,239,182,12,194,433
05/11/2001,LNS,PA,AEA,EN,Federal Contract Tower,0,12,54,0,66,0,0,203,0,203,0,12,257,0,269,156,10,166,435
05/12/2001,LNS,PA,AEA,EN,Federal Contract Tower,0,4,13,1,18,0,0,81,1,82,0,4,94,2,100,92,0,92,192
05/13/2001,LNS,PA,AEA,EN,Federal Contract Tower,0,6,11,0,17,0,0,80,0,80,0,6,91,0,97,46,0,46,143
05/14/2001,LNS,PA,AEA,EN,Federal Contract Tower,0,8,53,6,67,0,0,104,1,105,0,8,157,7,172,126,2,128,300
05/15/2001,LNS,PA,AEA,EN,Federal Contract Tower,0,8,46,2,56,0,0,149,0,149,0,8,195,2,205,150,0,150,355
05/16/2001,LNS,PA,AEA,EN,Federal Contract Tower,0,10,32,1,43,0,0,183,17,200,0,10,215,18,243,204,10,214,457
05/17/2001,LNS,PA,AEA,EN,Federal Contract Tower,0,8,80,2,90,0,0,64,9,73,0,8,144,11,163,166,0,166,329
05/18/2001,LNS,PA,AEA,EN,Federal Contract Tower,0,8,65,13,86,0,0,4,0,4,0,8,69,13,90,4,6,10,100
05/19/2001,LNS,PA,AEA,EN,Federal Contract Tower,0,4,39,0,43,0,0,69,0,69,0,4,108,0,112,100,0,100,212
05/20/2001,LNS,PA,AEA,EN,Federal Contract Tower,0,6,64,2,72,0,0,7,0,7,0,6,71,2,79,40,2,42,121
05/21/2001,LNS,PA,AEA,EN,Federal Contract Tower,0,11,43,0,54,0,0,0,0,0,0,11,43,0,54,0,0,0,54
05/22/2001,LNS,PA,AEA,EN,Federal Contract Tower,0,5,42,4,51,0,0,28,6,34,0,5,70,10,85,18,6,24,109
05/23/2001,LNS,PA,AEA,EN,Federal Contract Tower,0,5,50,3,58,0,0,185,2,187,0,5,235,5,245,276,2,278,523
05/24/2001,LNS,PA,AEA,EN,Federal Contract Tower,0,8,93,4,105,0,0,107,0,107,0,8,200,4,212,94,14,108,320
05/25/2001,LNS,PA,AEA,EN,Federal Contract Tower,0,8,47,4,59,0,0,41,2,43,0,8,88,6,102,96,0,96,198
05/26/2001,LNS,PA,AEA,EN,Federal Contract Tower,0,5,23,0,28,0,0,7,0,7,0,5,30,0,35,4,0,4,39
05/27/2001,LNS,PA,AEA,EN,Federal Contract Tower,0,8,33,0,41,0,0,41,0,41,0,8,74,0,82,88,0,88,170
05/28/2001,LNS,PA,AEA,EN,Federal Contract Tower,0,9,29,0,38,0,0,120,4,124,0,9,149,4,162,150,0,150,312
05/29/2001,LNS,PA,AEA,EN,Federal Contract Tower,0,8,26,1,35,0,0,100,1,101,0,8,126,2,136,122,18,140,276
05/30/2001,LNS,PA,AEA,EN,Federal Contract Tower,0,8,42,7,57,0,0,116,5,121,0,8,158,12,178,202,14,216,394
05/31/2001,LNS,PA,AEA,EN,Federal Contract Tower,0,10,56,2,68,0,0,217,0,217,0,10,273,2,285,120,8,128,413
06/01/2001,LNS,PA,AEA,EN,Federal Contract Tower,0,8,67,9,84,0,0,82,3,85,0,8,149,12,169,82,36,118,287
06/02/2001,LNS,PA,AEA,EN,Federal Contract Tower,0,4,59,3,66,0,0,94,3,97,0,4,153,6,163,96,4,100,263
06/03/2001,LNS,PA,AEA,EN,Federal Contract Tower,0,7,20,2,29,0,0,117,0,117,0,7,137,2,146,156,0,156,302
06/04/2001,LNS,PA,AEA,EN,Federal Contract Tower,0,7,43,1,51,0,0,248,3,251,0,7,291,4,302,262,14,276,578
06/05/2001,LNS,PA,AEA,EN,Federal Contract Tower,0,7,46,0,53,0,0,214,0,214,0,7,260,0,267,242,0,242,509
06/06/2001,LNS,PA,AEA,EN,Federal Contract Tower,0,7,41,2,50,0,0,115,2,117,0,7,156,4,167,198,0,198,365
06/07/2001,LNS,PA,AEA,EN,Federal Contract Tower,0,7,51,5,63,0,0,152,0,152,0,7,203,5,215,160,14,174,389
06/08/2001,LNS,PA,AEA,EN,Federal Contract Tower,0,9,56,0,65,0,0,265,2,267,0,9,321,2,332,136,2,138,470
06/09/2001,LNS,PA,AEA,EN,Federal Contract Tower,0,4,36,0,40,0,0,295,0,295,0,4,331,0,335,214,0,214,549
06/10/2001,LNS,PA,AEA,EN,Federal Contract Tower,0,6,26,2,34,0,0,225,0,225,0,6,251,2,259,210,4,214,473
06/11/2001,LNS,PA,AEA,EN,Federal Contract Tower,0,7,39,2,48,0,0,127,0,127,0,7,166,2,175,118,4,122,297
06/12/2001,LNS,PA,AEA,EN,Federal Contract Tower,0,7,39,10,56,0,0,136,0,136,0,7,175,10,192,270,16,286,478
06/13/2001,LNS,PA,AEA,EN,Federal Contract Tower,0,7,46,3,56,0,0,147,5,152,0,7,193,8,208,342,14,356,564
06/14/2001,LNS,PA,AEA,EN,Federal Contract Tower,0,9,65,3,77,0,0,12,1,13,0,9,77,4,90,112,2,114,204
06/15/2001,LNS,PA,AEA,EN,Federal Contract Tower,0,7,77,2,86,0,0,20,0,20,0,7,97,2,106,148,8,156,262
06/16/2001,LNS,PA,AEA,EN,Federal Contract Tower,0,4,20,0,24,0,0,8,0,8,0,4,28,0,32,10,0,10,42
06/17/2001,LNS,PA,AEA,EN,Federal Contract Tower,0,5,25,1,31,0,0,142,0,142,0,5,167,1,173,86,4,90,263
06/18/2001,LNS,PA,AEA,EN,Federal Contract Tower,0,7,44,2,53,0,0,257,0,257,0,7,301,2,310,308,0,308,618
06/19/2001,LNS,PA,AEA,EN,Federal Contract Tower,0,10,35,4,49,0,0,228,2,230,0,10,263,6,279,260,4,264,543
06/20/2001,LNS,PA,AEA,EN,Federal Contract Tower,0,8,37,2,47,0,0,123,2,125,0,8,160,4,172,92,0,92,264
06/21/2001,LNS,PA,AEA,EN,Federal Contract Tower,0,9,62,0,71,0,0,67,2,69,0,9,129,2,140,88,0,88,228
06/22/2001,LNS,PA,AEA,EN,Federal Contract Tower,0,6,35,2,43,0,0,14,2,16,0,6,49,4,59,0,0,0,59
06/23/2001,LNS,PA,AEA,EN,Federal Contract Tower,0,4,22,0,26,0,0,21,0,21,0,4,43,0,47,54,0,54,101
06/24/2001,LNS,PA,AEA,EN,Federal Contract Tower,0,7,36,0,43,0,0,280,2,282,0,7,316,2,325,202,10,212,537
06/25/2001,LNS,PA,AEA,EN,Federal Contract Tower,0,7,47,3,57,0,0,198,1,199,0,7,245,4,256,196,18,214,470
06/26/2001,LNS,PA,AEA,EN,Federal Contract Tower,0,7,31,6,44,0,0,215,0,215,0,7,246,6,259,130,14,144,403
06/27/2001,LNS,PA,AEA,EN,Federal Contract Tower,0,9,46,6,61,0,0,184,4,188,0,9,230,10,249,216,2,218,467
06/28/2001,LNS,PA,AEA,EN,Federal Contract Tower,0,7,50,2,59,0,0,192,2,194,0,7,242,4,253,128,0,128,381
06/29/2001,LNS,PA,AEA,EN,Federal Contract Tower,0,7,63,0,70,0,0,137,0,137,0,7,200,0,207,190,0,190,397
06/30/2001,LNS,PA,AEA,EN,Federal Contract Tower,0,5,32,0,37,0,0,84,0,84,0,5,116,0,121,122,0,122,243
07/01/2001,LNS,PA,AEA,EN,Federal Contract Tower,0,4,15,0,19,0,0,64,0,64,0,4,79,0,83,52,0,52,135
07/02/2001,LNS,PA,AEA,EN,Federal Contract Tower,0,7,29,0,36,0,0,186,0,186,0,7,215,0,222,130,0,130,352
07/03/2001,LNS,PA,AEA,EN,Federal Contract Tower,0,7,31,2,40,0,0,163,0,163,0,7,194,2,203,130,14,144,347
07/04/2001,LNS,PA,AEA,EN,Federal Contract Tower,0,4,41,0,45,0,0,32,0,32,0,4,73,0,77,124,0,124,201
07/05/2001,LNS,PA,AEA,EN,Federal Contract Tower,0,5,27,0,32,0,0,117,0,117,0,5,144,0,149,160,0,160,309
07/06/2001,LNS,PA,AEA,EN,Federal Contract Tower,0,7,59,12,78,0,0,198,2,200,0,7,257,14,278,96,0,96,374
07/07/2001,LNS,PA,AEA,EN,Federal Contract Tower,0,4,24,0,28,0,0,280,0,280,0,4,304,0,308,176,0,176,484
07/08/2001,LNS,PA,AEA,EN,Federal Contract Tower,0,5,35,0,40,0,0,34,0,34,0,5,69,0,74,6,0,6,80
07/09/2001,LNS,PA,AEA,EN,Federal Contract Tower,0,7,66,7,80,0,0,210,5,215,0,7,276,12,295,242,16,258,553
07/10/2001,LNS,PA,AEA,EN,Federal Contract Tower,0,7,37,1,45,0,0,125,1,126,0,7,162,2,171,214,0,214,385
07/11/2001,LNS,PA,AEA,EN,Federal Contract Tower,0,7,52,2,61,0,0,190,0,190,0,7,242,2,251,212,2,214,465
07/12/2001,LNS,PA,AEA,EN,Federal Contract Tower,0,7,53,8,68,0,0,185,0,185,0,7,238,8,253,78,6,84,337
07/13/2001,LNS,PA,AEA,EN,Federal Contract Tower,0,9,86,11,106,0,0,245,1,246,0,9,331,12,352,172,52,224,576
07/14/2001,LNS,PA,AEA,EN,Federal Contract Tower,0,4,35,0,39,0,0,267,0,267,0,4,302,0,306,260,0,260,566
07/15/2001,LNS,PA,AEA,EN,Federal Contract Tower,0,5,38,0,43,0,0,285,0,285,0,5,323,0,328,190,0,190,518
07/16/2001,LNS,PA,AEA,EN,Federal Contract Tower,0,7,31,7,45,0,0,181,2,183,0,7,212,9,228,190,0,190,418
07/17/2001,LNS,PA,AEA,EN,Federal Contract Tower,0,9,27,4,40,0,0,120,2,122,0,9,147,6,162,114,0,114,276
07/18/2001,LNS,PA,AEA,EN,Federal Contract Tower,0,7,34,18,59,0,0,21,2,23,0,7,55,20,82,86,14,100,182
07/19/2001,LNS,PA,AEA,EN,Federal Contract Tower,0,5,66,0,71,0,0,119,0,119,0,5,185,0,190,196,8,204,394
07/20/2001,LNS,PA,AEA,EN,Federal Contract Tower,0,7,77,2,86,0,0,230,0,230,0,7,307,2,316,122,8,130,446
07/21/2001,LNS,PA,AEA,EN,Federal Contract Tower,0,4,40,0,44,0,0,226,0,226,0,4,266,0,270,168,0,168,438
07/22/2001,LNS,PA,AEA,EN,Federal Contract Tower,0,7,21,2,30,0,0,168,0,168,0,7,189,2,198,84,0,84,282
07/23/2001,LNS,PA,AEA,EN,Federal Contract Tower,0,9,56,0,65,0,0,107,0,107,0,9,163,0,172,148,0,148,320
07/24/2001,LNS,PA,AEA,EN,Federal Contract Tower,0,7,39,2,48,0,0,106,4,110,0,7,145,6,158,152,4,156,314
07/25/2001,LNS,PA,AEA,EN,Federal Contract Tower,0,6,40,6,52,0,0,74,6,80,0,6,114,12,132,222,0,222,354
07/26/2001,LNS,PA,AEA,EN,Federal Contract Tower,0,7,42,1,50,0,0,60,3,63,0,7,102,4,113,124,18,142,255
07/27/2001,LNS,PA,AEA,EN,Federal Contract Tower,0,7,41,5,53,0,0,241,5,246,0,7,282,10,299,90,44,134,433
07/28/2001,LNS,PA,AEA,EN,Federal Contract Tower,0,4,30,0,34,0,0,220,0,220,0,4,250,0,254,158,0,158,412
07/29/2001,LNS,PA,AEA,EN,Federal Contract Tower,0,7,41,0,48,0,0,33,0,33,0,7,74,0,81,36,0,36,117
07/30/2001,LNS,PA,AEA,EN,Federal Contract Tower,0,7,45,4,56,0,0,96,1,97,0,7,141,5,153,146,6,152,305
07/31/2001,LNS,PA,AEA,EN,Federal Contract Tower,0,10,68,4,82,0,0,206,6,212,0,10,274,10,294,178,0,178,472
08/01/2001,LNS,PA,AEA,EN,Federal Contract Tower,0,7,73,4,84,0,0,186,7,193,0,7,259,11,277,166,2,168,445
08/02/2001,LNS,PA,AEA,EN,Federal Contract Tower,0,7,42,13,62,0,0,214,7,221,0,7,256,20,283,166,4,170,453
08/03/2001,LNS,PA,AEA,EN,Federal Contract Tower,0,7,59,2,68,0,0,129,6,135,0,7,188,8,203,96,6,102,305
08/04/2001,LNS,PA,AEA,EN,Federal Contract Tower,0,4,42,0,46,0,0,33,0,33,0,4,75,0,79,80,0,80,159
08/05/2001,LNS,PA,AEA,EN,Federal Contract Tower,0,5,64,0,69,0,0,106,0,106,0,5,170,0,175,104,0,104,279
08/06/2001,LNS,PA,AEA,EN,Federal Contract Tower,0,7,34,3,44,0,0,98,2,100,0,7,132,5,144,148,20,168,312
08/07/2001,LNS,PA,AEA,EN,Federal Contract Tower,0,7,36,1,44,0,0,111,1,112,0,7,147,2,156,78,2,80,236
08/08/2001,LNS,PA,AEA,EN,Federal Contract Tower,0,6,42,2,50,0,3,114,0,117,0,9,156,2,167,148,2,150,317
08/09/2001,LNS,PA,AEA,EN,Federal Contract Tower,0,7,39,6,52,0,0,94,0,94,0,7,133,6,146,104,16,120,266
08/10/2001,LNS,PA,AEA,EN,Federal Contract Tower,0,7,58,0,65,0,0,33,0,33,0,7,91,0,98,70,0,70,168
08/11/2001,LNS,PA,AEA,EN,Federal Contract Tower,0,4,24,0,28,0,0,3,0,3,0,4,27,0,31,6,0,6,37
08/12/2001,LNS,PA,AEA,EN,Federal Contract Tower,0,5,30,0,35,0,0,4,0,4,0,5,34,0,39,0,0,0,39
08/13/2001,LNS,PA,AEA,EN,Federal Contract Tower,0,8,56,1,65,0,0,25,3,28,0,8,81,4,93,38,0,38,131
08/14/2001,LNS,PA,AEA,EN,Federal Contract Tower,0,9,57,4,70,0,0,156,0,156,0,9,213,4,226,118,10,128,354
08/15/2001,LNS,PA,AEA,EN,Federal Contract Tower,0,7,57,4,68,0,0,200,3,203,0,7,257,7,271,158,16,174,445
08/16/2001,LNS,PA,AEA,EN,Federal Contract Tower,0,7,60,23,90,0,0,170,0,170,0,7,230,23,260,158,10,168,428
08/17/2001,LNS,PA,AEA,EN,Federal Contract Tower,0,6,63,5,74,0,0,94,3,97,0,6,157,8,171,124,14,138,309
08/18/2001,LNS,PA,AEA,EN,Federal Contract Tower,0,4,23,0,27,0,0,234,0,234,0,4,257,0,261,244,2,246,507
08/19/2001,LNS,PA,AEA,EN,Federal Contract Tower,0,5,43,0,48,0,0,107,0,107,0,5,150,0,155,96,0,96,251
08/20/2001,LNS,PA,AEA,EN,Federal Contract Tower,0,7,30,3,40,0,0,91,3,94,0,7,121,6,134,126,8,134,268
08/21/2001,LNS,PA,AEA,EN,Federal Contract Tower,0,7,31,0,38,0,0,179,4,183,0,7,210,4,221,116,16,132,353
08/22/2001,LNS,PA,AEA,EN,Federal Contract Tower,0,7,28,2,37,0,0,260,6,266,0,7,288,8,303,240,30,270,573
08/23/2001,LNS,PA,AEA,EN,Federal Contract Tower,0,9,39,9,57,0,0,65,7,72,0,9,104,16,129,138,0,138,267
08/24/2001,LNS,PA,AEA,EN,Federal Contract Tower,0,7,66,0,73,0,0,150,4,154,0,7,216,4,227,62,8,70,297
08/25/2001,LNS,PA,AEA,EN,Federal Contract Tower,0,4,44,0,48,0,0,139,0,139,0,4,183,0,187,102,0,102,289
08/26/2001,LNS,PA,AEA,EN,Federal Contract Tower,0,5,25,0,30,0,0,204,1,205,0,5,229,1,235,106,10,116,351
08/27/2001,LNS,PA,AEA,EN,Federal Contract Tower,0,7,27,0,34,0,0,49,2,51,0,7,76,2,85,16,0,16,101
08/28/2001,LNS,PA,AEA,EN,Federal Contract Tower,0,7,27,8,42,0,0,119,0,119,0,7,146,8,161,104,0,104,265
08/29/2001,LNS,PA,AEA,EN,Federal Contract Tower,0,7,39,1,47,0,0,215,1,216,0,7,254,2,263,198,0,198,461
08/30/2001,LNS,PA,AEA,EN,Federal Contract Tower,0,7,45,2,54,0,0,76,2,78,0,7,121,4,132,74,0,74,206
08/31/2001,LNS,PA,AEA,EN,Federal Contract Tower,0,9,73,0,82,0,0,59,0,59,0,9,132,0,141,148,0,148,289
09/01/2001,LNS,PA,AEA,EN,Federal Contract Tower,0,6,45,0,51,0,0,173,0,173,0,6,218,0,224,154,0,154,378
09/02/2001,LNS,PA,AEA,EN,Federal Contract Tower,0,8,23,0,31,0,0,269,0,269,0,8,292,0,300,176,0,176,476
09/03/2001,LNS,PA,AEA,EN,Federal Contract Tower,0,5,22,0,27,0,0,193,0,193,0,5,215,0,220,156,0,156,376
09/04/2001,LNS,PA,AEA,EN,Federal Contract Tower,0,7,29,0,36,0,0,58,0,58,0,7,87,0,94,86,0,86,180
09/05/2001,LNS,PA,AEA,EN,Federal Contract Tower,0,7,52,3,62,0,0,155,0,155,0,7,207,3,217,152,10,162,379
09/06/2001,LNS,PA,AEA,EN,Federal Contract Tower,0,7,58,1,66,0,0,267,2,269,0,7,325,3,335,240,0,240,575
09/07/2001,LNS,PA,AEA,EN,Federal Contract Tower,0,8,58,3,69,0,4,249,3,256,0,12,307,6,325,132,12,144,469
09/08/2001,LNS,PA,AEA,EN,Federal Contract Tower,0,4,22,0,26,0,0,184,0,184,0,4,206,0,210,248,0,248,458
09/09/2001,LNS,PA,AEA,EN,Federal Contract Tower,0,5,28,0,33,0,0,102,0,102,0,5,130,0,135,102,0,102,237
09/10/2001,LNS,PA,AEA,EN,Federal Contract Tower,0,9,31,10,50,0,0,31,4,35,0,9,62,14,85,40,60,100,185
09/11/2001,LNS,PA,AEA,EN,Federal Contract Tower,0,4,5,0,9,0,0,33,0,33,0,4,38,0,42,8,0,8,50
09/12/2001,LNS,PA,AEA,EN,Federal Contract Tower,0,0,1,0,1,0,0,0,0,0,0,0,1,0,1,0,0,0,1
09/13/2001,LNS,PA,AEA,EN,Federal Contract Tower,0,4,0,1,5,0,0,0,1,1,0,4,0,2,6,0,0,0,6
09/14/2001,LNS,PA,AEA,EN,Federal Contract Tower,0,21,2,7,30,0,0,0,0,0,0,21,2,7,30,0,14,14,44
09/15/2001,LNS,PA,AEA,EN,Federal Contract Tower,0,6,33,2,41,0,0,0,0,0,0,6,33,2,41,0,0,0,41
09/16/2001,LNS,PA,AEA,EN,Federal Contract Tower,0,6,50,0,56,0,0,0,0,0,0,6,50,0,56,0,2,2,58
09/17/2001,LNS,PA,AEA,EN,Federal Contract Tower,0,7,65,0,72,0,0,1,0,1,0,7,66,0,73,3,1,4,77
09/18/2001,LNS,PA,AEA,EN,Federal Contract Tower,0,5,62,1,68,0,0,14,0,14,0,5,76,1,82,4,2,6,88
09/19/2001,LNS,PA,AEA,EN,Federal Contract Tower,0,10,77,0,87,0,0,11,0,11,0,10,88,0,98,52,0,52,150
09/20/2001,LNS,PA,AEA,EN,Federal Contract Tower,0,5,36,0,41,0,0,5,0,5,0,5,41,0,46,2,0,2,48
09/21/2001,LNS,PA,AEA,EN,Federal Contract Tower,0,12,83,2,97,0,0,66,0,66,0,12,149,2,163,32,0,32,195
09/22/2001,LNS,PA,AEA,EN,Federal Contract Tower,0,5,62,1,68,0,0,100,0,100,0,5,162,1,168,132,0,132,300
09/23/2001,LNS,PA,AEA,EN,Federal Contract Tower,0,4,105,0,109,0,0,194,0,194,0,4,299,0,303,217,0,217,520
09/24/2001,LNS,PA,AEA,EN,Federal Contract Tower,0,7,15,3,25,0,0,6,2,8,0,7,21,5,33,12,4,16,49
09/25/2001,LNS,PA,AEA,EN,Federal Contract Tower,0,6,44,7,57,0,0,33,0,33,0,6,77,7,90,84,8,92,182
09/26/2001,LNS,PA,AEA,EN,Federal Contract Tower,0,7,45,3,55,0,0,138,1,139,0,7,183,4,194,74,8,82,276
09/27/2001,LNS,PA,AEA,EN,Federal Contract Tower,0,6,55,2,63,0,0,115,0,115,0,6,170,2,178,134,6,140,318
09/28/2001,LNS,PA,AEA,EN,Federal Contract Tower,0,8,65,4,77,0,0,132,2,134,0,8,197,6,211,106,4,110,321
09/29/2001,LNS,PA,AEA,EN,Federal Contract Tower,0,5,58,0,63,0,0,133,0,133,0,5,191,0,196,96,2,98,294
09/30/2001,LNS,PA,AEA,EN,Federal Contract Tower,0,5,32,0,37,0,0,83,0,83,0,5,115,0,120,130,0,130,250
10/01/2001,LNS,PA,AEA,EN,Federal Contract Tower,0,6,41,4,51,0,0,93,0,93,0,6,134,4,144,70,2,72,216
10/02/2001,LNS,PA,AEA,EN,Federal Contract Tower,0,5,64,4,73,0,0,181,0,181,0,5,245,4,254,136,30,166,420
10/03/2001,LNS,PA,AEA,EN,Federal Contract Tower,0,8,60,1,69,0,0,184,1,185,0,8,244,2,254,162,0,162,416
10/04/2001,LNS,PA,AEA,EN,Federal Contract Tower,0,9,69,3,81,0,0,154,3,157,0,9,223,6,238,110,8,118,356
10/05/2001,LNS,PA,AEA,EN,Federal Contract Tower,0,13,56,0,69,0,0,144,0,144,0,13,200,0,213,60,10,70,283
10/06/2001,LNS,PA,AEA,EN,Federal Contract Tower,0,3,27,0,30,0,0,34,0,34,0,3,61,0,64,16,0,16,80
10/07/2001,LNS,PA,AEA,EN,Federal Contract Tower,0,5,59,0,64,0,0,111,0,111,0,5,170,0,175,126,0,126,301
10/08/2001,LNS,PA,AEA,EN,Federal Contract Tower,0,7,49,0,56,0,0,116,0,116,0,7,165,0,172,96,0,96,268
10/09/2001,LNS,PA,AEA,EN,Federal Contract Tower,0,10,57,0,67,0,0,169,0,169,0,10,226,0,236,152,18,170,406
10/10/2001,LNS,PA,AEA,EN,Federal Contract Tower,0,12,75,5,92,0,0,139,5,144,0,12,214,10,236,100,26,126,362
10/11/2001,LNS,PA,AEA,EN,Federal Contract Tower,0,15,87,1,103,0,0,196,1,197,0,15,283,2,300,102,0,102,402
10/12/2001,LNS,PA,AEA,EN,Federal Contract Tower,0,12,80,7,99,0,0,184,7,191,0,12,264,14,290,142,0,142,432
10/13/2001,LNS,PA,AEA,EN,Federal Contract Tower,0,4,51,0,55,0,0,198,2,200,0,4,249,2,255,112,0,112,367
10/14/2001,LNS,PA,AEA,EN,Federal Contract Tower,0,6,27,0,33,0,0,22,0,22,0,6,49,0,55,18,0,18,73
10/15/2001,LNS,PA,AEA,EN,Federal Contract Tower,0,11,57,2,70,0,0,121,2,123,0,11,178,4,193,136,0,136,329
10/16/2001,LNS,PA,AEA,EN,Federal Contract Tower,0,14,43,8,65,0,0,84,12,96,0,14,127,20,161,86,30,116,277
10/17/2001,LNS,PA,AEA,EN,Federal Contract Tower,0,11,16,2,29,0,0,31,0,31,0,11,47,2,60,22,20,42,102
10/18/2001,LNS,PA,AEA,EN,Federal Contract Tower,0,9,49,2,60,0,0,162,2,164,0,9,211,4,224,124,0,124,348
10/19/2001,LNS,PA,AEA,EN,Federal Contract Tower,0,12,69,3,84,0,1,207,0,208,0,13,276,3,292,156,56,212,504
10/20/2001,LNS,PA,AEA,EN,Federal Contract Tower,0,4,53,2,59,0,0,266,2,268,0,4,319,4,327,274,2,276,603
10/21/2001,LNS,PA,AEA,EN,Federal Contract Tower,0,4,46,7,57,0,1,253,5,259,0,5,299,12,316,210,18,228,544
10/22/2001,LNS,PA,AEA,EN,Federal Contract Tower,0,13,43,6,62,0,1,129,2,132,0,14,172,8,194,206,8,214,408
10/23/2001,LNS,PA,AEA,EN,Federal Contract Tower,0,8,71,2,81,0,0,31,0,31,0,8,102,2,112,144,2,146,258
10/24/2001,LNS,PA,AEA,EN,Federal Contract Tower,0,10,56,6,72,0,0,85,5,90,0,10,141,11,162,124,26,150,312
10/25/2001,LNS,PA,AEA,EN,Federal Contract Tower,0,12,35,5,52,0,0,54,3,57,0,12,89,8,109,44,8,52,161
10/26/2001,LNS,PA,AEA,EN,Federal Contract Tower,0,14,34,8,56,0,0,36,7,43,0,14,70,15,99,8,8,16,115
10/27/2001,LNS,PA,AEA,EN,Federal Contract Tower,0,9,21,2,32,0,0,101,0,101,0,9,122,2,133,100,2,102,235
10/28/2001,LNS,PA,AEA,EN,Federal Contract Tower,0,6,44,0,50,0,0,157,0,157,0,6,201,0,207,122,0,122,329
10/29/2001,LNS,PA,AEA,EN,Federal Contract Tower,0,8,45,4,57,0,0,160,6,166,0,8,205,10,223,142,20,162,385
10/30/2001,LNS,PA,AEA,EN,Federal Contract Tower,0,7,39,3,49,0,0,187,0,187,0,7,226,3,236,150,2,152,388
10/31/2001,LNS,PA,AEA,EN,Federal Contract Tower,0,10,50,6,66,0,0,89,2,91,0,10,139,8,157,170,34,204,361
11/01/2001,LNS,PA,AEA,EN,Federal Contract Tower,0,17,84,4,105,0,0,120,0,120,0,17,204,4,225,156,10,166,391
11/02/2001,LNS,PA,AEA,EN,Federal Contract Tower,0,17,67,6,90,0,0,113,0,113,0,17,180,6,203,124,4,128,331
11/03/2001,LNS,PA,AEA,EN,Federal Contract Tower,0,12,35,4,51,0,0,147,0,147,0,12,182,4,198,144,0,144,342
11/04/2001,LNS,PA,AEA,EN,Federal Contract Tower,0,5,68,1,74,0,0,173,0,173,0,5,241,1,247,130,6,136,383
11/05/2001,LNS,PA,AEA,EN,Federal Contract Tower,0,11,44,1,56,0,0,33,0,33,0,11,77,1,89,48,2,50,139
11/06/2001,LNS,PA,AEA,EN,Federal Contract Tower,0,10,57,6,73,0,0,83,8,91,0,10,140,14,164,112,44,156,320
11/07/2001,LNS,PA,AEA,EN,Federal Contract Tower,0,12,40,2,54,0,1,126,4,131,0,13,166,6,185,58,38,96,281
11/08/2001,LNS,PA,AEA,EN,Federal Contract Tower,0,17,90,4,111,0,1,180,6,187,0,18,270,10,298,146,2,148,446
11/09/2001,LNS,PA,AEA,EN,Federal Contract Tower,0,24,51,5,80,0,0,101,3,104,0,24,152,8,184,60,2,62,246
11/10/2001,LNS,PA,AEA,EN,Federal Contract Tower,0,7,47,0,54,0,0,152,0,152,0,7,199,0,206,248,0,248,454
11/11/2001,LNS,PA,AEA,EN,Federal Contract Tower,0,5,30,0,35,0,0,108,0,108,0,5,138,0,143,102,0,102,245
11/12/2001,LNS,PA,AEA,EN,Federal Contract Tower,0,18,47,0,65,0,3,105,0,108,0,21,152,0,173,176,0,176,349
11/13/2001,LNS,PA,AEA,EN,Federal Contract Tower,0,11,24,0,35,0,3,101,2,106,0,14,125,2,141,82,0,82,223
11/14/2001,LNS,PA,AEA,EN,Federal Contract Tower,0,9,39,0,48,0,0,155,2,157,0,9,194,2,205,164,12,176,381
11/15/2001,LNS,PA,AEA,EN,Federal Contract Tower,0,12,64,11,87,0,0,146,12,158,0,12,210,23,245,94,16,110,355
11/16/2001,LNS,PA,AEA,EN,Federal Contract Tower,0,15,67,7,89,0,0,132,10,142,0,15,199,17,231,62,32,94,325
11/17/2001,LNS,PA,AEA,EN,Federal Contract Tower,0,5,49,1,55,0,0,271,0,271,0,5,320,1,326,146,2,148,474
11/18/2001,LNS,PA,AEA,EN,Federal Contract Tower,0,4,48,0,52,0,0,83,0,83,0,4,131,0,135,68,0,68,203
11/19/2001,LNS,PA,AEA,EN,Federal Contract Tower,0,15,60,2,77,0,1,88,2,91,0,16,148,4,168,150,2,152,320
11/20/2001,LNS,PA,AEA,EN,Federal Contract Tower,0,13,39,4,56,0,0,37,0,37,0,13,76,4,93,46,2,48,141
11/21/2001,LNS,PA,AEA,EN,Federal Contract Tower,0,7,49,3,59,0,2,174,3,179,0,9,223,6,238,104,8,112,350
11/22/2001,LNS,PA,AEA,EN,Federal Contract Tower,0,6,18,0,24,0,0,69,0,69,0,6,87,0,93,30,0,30,123
11/23/2001,LNS,PA,AEA,EN,Federal Contract Tower,0,6,45,0,51,0,0,197,0,197,0,6,242,0,248,163,0,163,411
11/24/2001,LNS,PA,AEA,EN,Federal Contract Tower,0,6,66,0,72,0,0,16,0,16,0,6,82,0,88,6,66,72,160
11/25/2001,LNS,PA,AEA,EN,Federal Contract Tower,0,4,16,0,20,0,0,10,0,10,0,4,26,0,30,30,0,30,60
11/26/2001,LNS,PA,AEA,EN,Federal Contract Tower,0,11,42,3,56,0,2,107,3,112,0,13,149,6,168,146,0,146,314
11/27/2001,LNS,PA,AEA,EN,Federal Contract Tower,0,14,46,5,65,0,0,54,3,57,0,14,100,8,122,92,34,126,248
11/28/2001,LNS,PA,AEA,EN,Federal Contract Tower,0,8,43,0,51,0,0,38,0,38,0,8,81,0,89,48,0,48,137
11/29/2001,LNS,PA,AEA,EN,Federal Contract Tower,0,4,21,2,27,0,0,1,0,1,0,4,22,2,28,8,0,8,36
11/30/2001,LNS,PA,AEA,EN,Federal Contract Tower,0,14,50,1,65,0,0,26,5,31,0,14,76,6,96,12,16,28,124
12/01/2001,LNS,PA,AEA,EN,Federal Contract Tower,0,5,62,1,68,0,0,203,4,207,0,5,265,5,275,186,0,186,461
12/02/2001,LNS,PA,AEA,EN,Federal Contract Tower,0,4,50,0,54,0,0,175,4,179,0,4,225,4,233,138,0,138,371
12/03/2001,LNS,PA,AEA,EN,Federal Contract Tower,0,6,50,2,58,0,0,144,2,146,0,6,194,4,204,158,18,176,380
12/04/2001,LNS,PA,AEA,EN,Federal Contract Tower,0,10,49,4,63,0,2,147,2,151,0,12,196,6,214,94,16,110,324
12/05/2001,LNS,PA,AEA,EN,Federal Contract Tower,0,17,57,7,81,0,0,211,9,220,0,17,268,16,301,230,44,274,575
12/06/2001,LNS,PA,AEA,EN,Federal Contract Tower,0,19,65,8,92,0,1,123,5,129,0,20,188,13,221,112,10,122,343
12/07/2001,LNS,PA,AEA,EN,Federal Contract Tower,0,14,78,1,93,0,2,86,1,89,0,16,164,2,182,24,2,26,208
12/08/2001,LNS,PA,AEA,EN,Federal Contract Tower,0,4,46,0,50,0,0,45,0,45,0,4,91,0,95,70,0,70,165
12/09/2001,LNS,PA,AEA,EN,Federal Contract Tower,0,4,32,2,38,0,0,86,2,88,0,4,118,4,126,128,2,130,256
12/10/2001,LNS,PA,AEA,EN,Federal Contract Tower,0,10,38,0,48,0,0,122,0,122,0,10,160,0,170,126,0,126,296
12/11/2001,LNS,PA,AEA,EN,Federal Contract Tower,0,7,49,3,59,0,0,112,5,117,0,7,161,8,176,72,0,72,248
12/12/2001,LNS,PA,AEA,EN,Federal Contract Tower,0,8,57,2,67,0,0,52,10,62,0,8,109,12,129,64,0,64,193
12/13/2001,LNS,PA,AEA,EN,Federal Contract Tower,0,14,39,2,55,0,0,2,0,2,0,14,41,2,57,0,2,2,59
12/14/2001,LNS,PA,AEA,EN,Federal Contract Tower,0,15,29,0,44,0,0,2,0,2,0,15,31,0,46,0,0,0,46
12/15/2001,LNS,PA,AEA,EN,Federal Contract Tower,0,5,28,0,33,0,0,150,0,150,0,5,178,0,183,146,0,146,329
12/16/2001,LNS,PA,AEA,EN,Federal Contract Tower,0,4,45,0,49,0,0,277,0,277,0,4,322,0,326,100,0,100,426
12/17/2001,LNS,PA,AEA,EN,Federal Contract Tower,0,12,28,2,42,0,0,29,0,29,0,12,57,2,71,52,2,54,125
12/18/2001,LNS,PA,AEA,EN,Federal Contract Tower,0,15,23,0,38,0,0,36,2,38,0,15,59,2,76,20,12,32,108
12/19/2001,LNS,PA,AEA,EN,Federal Contract Tower,0,19,59,6,84,0,0,182,4,186,0,19,241,10,270,165,14,179,449
12/20/2001,LNS,PA,AEA,EN,Federal Contract Tower,0,12,22,0,34,0,0,30,0,30,0,12,52,0,64,4,0,4,68
12/21/2001,LNS,PA,AEA,EN,Federal Contract Tower,0,13,45,4,62,0,0,90,6,96,0,13,135,10,158,42,0,42,200
12/22/2001,LNS,PA,AEA,EN,Federal Contract Tower,0,7,53,3,63,0,1,302,2,305,0,8,355,5,368,206,0,206,574
12/23/2001,LNS,PA,AEA,EN,Federal Contract Tower,0,5,27,0,32,0,0,202,0,202,0,5,229,0,234,134,0,134,368
12/24/2001,LNS,PA,AEA,EN,Federal Contract Tower,0,3,14,0,17,0,0,70,0,70,0,3,84,0,87,44,0,44,131
12/25/2001,LNS,PA,AEA,EN,Federal Contract Tower,0,4,0,0,4,0,0,20,0,20,0,4,20,0,24,8,0,8,32
12/26/2001,LNS,PA,AEA,EN,Federal Contract Tower,0,6,38,0,44,0,0,131,0,131,0,6,169,0,175,148,0,148,323
12/27/2001,LNS,PA,AEA,EN,Federal Contract Tower,0,7,23,0,30,0,0,115,0,115,0,7,138,0,145,126,0,126,271
12/28/2001,LNS,PA,AEA,EN,Federal Contract Tower,0,7,32,0,39,0,0,151,0,151,0,7,183,0,190,102,0,102,292
12/29/2001,LNS,PA,AEA,EN,Federal Contract Tower,0,5,20,0,25,0,0,157,6,163,0,5,177,6,188,174,0,174,362
12/30/2001,LNS,PA,AEA,EN,Federal Contract Tower,0,6,23,0,29,0,1,118,0,119,0,7,141,0,148,40,0,40,188
12/31/2001,LNS,PA,AEA,EN,Federal Contract Tower,0,4,8,0,12,0,0,120,0,120,0,4,128,0,132,72,0,72,204
01/01/2002,LNS,PA,AEA,EN,Federal Contract Tower,0,4,14,0,18,0,1,66,0,67,0,5,80,0,85,52,0,52,137
01/02/2002,LNS,PA,AEA,EN,Federal Contract Tower,0,8,34,0,42,0,0,107,0,107,0,8,141,0,149,160,4,164,313
01/03/2002,LNS,PA,AEA,EN,Federal Contract Tower,0,15,24,4,43,0,0,110,0,110,0,15,134,4,153,86,2,88,241
01/04/2002,LNS,PA,AEA,EN,Federal Contract Tower,0,8,40,4,52,0,0,162,0,162,0,8,202,4,214,68,4,72,286
01/05/2002,LNS,PA,AEA,EN,Federal Contract Tower,0,4,37,0,41,0,0,187,2,189,0,4,224,2,230,154,0,154,384
01/06/2002,LNS,PA,AEA,EN,Federal Contract Tower,0,1,6,0,7,0,0,35,0,35,0,1,41,0,42,110,0,110,152
01/07/2002,LNS,PA,AEA,EN,Federal Contract Tower,0,8,6,0,14,0,1,1,0,2,0,9,7,0,16,0,0,0,16
01/08/2002,LNS,PA,AEA,EN,Federal Contract Tower,0,6,14,1,21,0,1,83,3,87,0,7,97,4,108,188,0,188,296
01/09/2002,LNS,PA,AEA,EN,Federal Contract Tower,0,15,20,2,37,0,1,69,0,70,0,16,89,2,107,136,2,138,245
01/10/2002,LNS,PA,AEA,EN,Federal Contract Tower,0,10,51,1,62,0,0,146,3,149,0,10,197,4,211,142,0,142,353
01/11/2002,LNS,PA,AEA,EN,Federal Contract Tower,0,8,40,6,54,0,0,46,3,49,0,8,86,9,103,10,12,22,125
01/12/2002,LNS,PA,AEA,EN,Federal Contract Tower,0,4,27,2,33,0,0,244,0,244,0,4,271,2,277,164,4,168,445
01/13/2002,LNS,PA,AEA,EN,Federal Contract Tower,0,5,11,1,17,0,0,24,1,25,0,5,35,2,42,10,4,14,56
01/14/2002,LNS,PA,AEA,EN,Federal Contract Tower,0,9,15,1,25,0,0,106,1,107,0,9,121,2,132,72,0,72,204
01/15/2002,LNS,PA,AEA,EN,Federal Contract Tower,0,10,20,1,31,0,0,59,1,60,0,10,79,2,91,48,0,48,139
01/16/2002,LNS,PA,AEA,EN,Federal Contract Tower,0,5,67,2,74,0,1,121,6,128,0,6,188,8,202,178,4,182,384
01/17/2002,LNS,PA,AEA,EN,Federal Contract Tower,0,11,43,3,57,0,0,63,5,68,0,11,106,8,125,84,44,128,253
01/18/2002,LNS,PA,AEA,EN,Federal Contract Tower,0,15,46,2,63,0,0,128,0,128,0,15,174,2,191,84,2,86,277
01/19/2002,LNS,PA,AEA,EN,Federal Contract Tower,0,2,5,0,7,0,0,40,0,40,0,2,45,0,47,66,0,66,113
01/20/2002,LNS,PA,AEA,EN,Federal Contract Tower,0,5,20,0,25,0,0,124,0,124,0,5,144,0,149,64,0,64,213
01/21/2002,LNS,PA,AEA,EN,Federal Contract Tower,0,10,16,0,26,0,0,32,0,32,0,10,48,0,58,112,0,112,170
01/22/2002,LNS,PA,AEA,EN,Federal Contract Tower,0,15,37,0,52,0,0,187,0,187,0,15,224,0,239,205,4,209,448
01/23/2002,LNS,PA,AEA,EN,Federal Contract Tower,0,9,39,1,49,0,0,39,1,40,0,9,78,2,89,78,0,78,167
01/24/2002,LNS,PA,AEA,EN,Federal Contract Tower,0,10,32,8,50,0,0,5,4,9,0,10,37,12,59,0,0,0,59
01/25/2002,LNS,PA,AEA,EN,Federal Contract Tower,0,14,45,1,60,0,0,163,7,170,0,14,208,8,230,32,68,100,330
01/26/2002,LNS,PA,AEA,EN,Federal Contract Tower,0,7,46,0,53,0,0,377,0,377,0,7,423,0,430,232,0,232,662
01/27/2002,LNS,PA,AEA,EN,Federal Contract Tower,0,4,40,0,44,0,0,370,0,370,0,4,410,0,414,288,0,288,702
01/28/2002,LNS,PA,AEA,EN,Federal Contract Tower,0,7,31,0,38,0,0,193,15,208,0,7,224,15,246,258,0,258,504
01/29/2002,LNS,PA,AEA,EN,Federal Contract Tower,0,8,28,1,37,0,0,124,2,126,0,8,152,3,163,158,22,180,343
01/30/2002,LNS,PA,AEA,EN,Federal Contract Tower,0,6,28,4,38,0,0,73,2,75,0,6,101,6,113,58,0,58,171
01/31/2002,LNS,PA,AEA,EN,Federal Contract Tower,0,14,21,0,35,0,0,0,0,0,0,14,21,0,35,0,0,0,35
02/01/2002,LNS,PA,AEA,EN,Federal Contract Tower,0,12,24,0,36,0,0,7,0,7,0,12,31,0,43,0,0,0,43
02/02/2002,LNS,PA,AEA,EN,Federal Contract Tower,0,4,28,2,34,0,0,163,0,163,0,4,191,2,197,160,0,160,357
02/03/2002,LNS,PA,AEA,EN,Federal Contract Tower,0,4,19,0,23,0,0,196,0,196,0,4,215,0,219,168,0,168,387
02/04/2002,LNS,PA,AEA,EN,Federal Contract Tower,0,6,10,2,18,0,0,27,0,27,0,6,37,2,45,16,0,16,61
02/05/2002,LNS,PA,AEA,EN,Federal Contract Tower,0,13,24,6,43,0,0,114,4,118,0,13,138,10,161,132,0,132,293
02/06/2002,LNS,PA,AEA,EN,Federal Contract Tower,0,12,46,0,58,0,3,225,0,228,0,15,271,0,286,186,0,186,472
02/07/2002,LNS,PA,AEA,EN,Federal Contract Tower,0,9,34,3,46,0,3,20,15,38,0,12,54,18,84,64,22,86,170
02/08/2002,LNS,PA,AEA,EN,Federal Contract Tower,0,15,63,4,82,0,0,231,2,233,0,15,294,6,315,122,2,124,439
02/09/2002,LNS,PA,AEA,EN,Federal Contract Tower,0,4,51,0,55,0,1,336,0,337,0,5,387,0,392,312,0,312,704
02/10/2002,LNS,PA,AEA,EN,Federal Contract Tower,0,5,20,2,27,0,0,20,0,20,0,5,40,2,47,68,0,68,115
02/11/2002,LNS,PA,AEA,EN,Federal Contract Tower,0,5,8,1,14,0,0,27,3,30,0,5,35,4,44,0,14,14,58
02/12/2002,LNS,PA,AEA,EN,Federal Contract Tower,0,14,22,2,38,0,0,136,4,140,0,14,158,6,178,84,26,110,288
02/13/2002,LNS,PA,AEA,EN,Federal Contract Tower,0,6,29,5,40,0,1,71,4,76,0,7,100,9,116,36,8,44,160
02/14/2002,LNS,PA,AEA,EN,Federal Contract Tower,0,11,38,0,49,0,1,203,0,204,0,12,241,0,253,134,0,134,387
02/15/2002,LNS,PA,AEA,EN,Federal Contract Tower,0,12,55,2,69,0,0,184,0,184,0,12,239,2,253,64,10,74,327
02/16/2002,LNS,PA,AEA,EN,Federal Contract Tower,0,4,33,2,39,0,3,224,2,229,0,7,257,4,268,152,4,156,424
02/17/2002,LNS,PA,AEA,EN,Federal Contract Tower,0,4,16,0,20,0,0,29,0,29,0,4,45,0,49,4,0,4,53
02/18/2002,LNS,PA,AEA,EN,Federal Contract Tower,0,9,30,0,39,0,0,181,0,181,0,9,211,0,220,124,0,124,344
02/19/2002,LNS,PA,AEA,EN,Federal Contract Tower,0,10,31,1,42,0,0,221,1,222,0,10,252,2,264,148,0,148,412
02/20/2002,LNS,PA,AEA,EN,Federal Contract Tower,0,13,20,0,33,0,0,73,2,75,0,13,93,2,108,82,14,96,204
02/21/2002,LNS,PA,AEA,EN,Federal Contract Tower,0,9,29,6,44,0,2,127,6,135,0,11,156,12,179,120,18,138,317
02/22/2002,LNS,PA,AEA,EN,Federal Contract Tower,0,16,34,4,54,0,0,76,0,76,0,16,110,4,130,26,8,34,164
02/23/2002,LNS,PA,AEA,EN,Federal Contract Tower,0,6,39,0,45,0,0,298,0,298,0,6,337,0,343,261,0,261,604
02/24/2002,LNS,PA,AEA,EN,Federal Contract Tower,0,6,40,0,46,0,0,367,2,369,0,6,407,2,415,202,0,202,617
02/25/2002,LNS,PA,AEA,EN,Federal Contract Tower,0,6,34,2,42,0,1,146,0,147,0,7,180,2,189,84,2,86,275
02/26/2002,LNS,PA,AEA,EN,Federal Contract Tower,0,8,23,0,31,0,0,102,2,104,0,8,125,2,135,82,0,82,217
02/27/2002,LNS,PA,AEA,EN,Federal Contract Tower,0,6,16,0,22,0,0,44,2,46,0,6,60,2,68,96,12,108,176
02/28/2002,LNS,PA,AEA,EN,Federal Contract Tower,0,9,31,2,42,0,1,145,2,148,0,10,176,4,190,148,2,150,340
03/01/2002,LNS,PA,AEA,EN,Federal Contract Tower,0,24,45,5,74,0,2,219,5,226,0,26,264,10,300,82,6,88,388
03/02/2002,LNS,PA,AEA,EN,Federal Contract Tower,0,13,28,1,42,0,8,139,1,148,0,21,167,2,190,162,0,162,352
03/03/2002,LNS,PA,AEA,EN,Federal Contract Tower,0,7,35,0,42,0,0,22,0,22,0,7,57,0,64,48,0,48,112
03/04/2002,LNS,PA,AEA,EN,Federal Contract Tower,0,9,12,3,24,0,0,101,1,102,0,9,113,4,126,38,8,46,172
03/05/2002,LNS,PA,AEA,EN,Federal Contract Tower,0,8,40,2,50,0,0,156,2,158,0,8,196,4,208,114,0,114,322
03/06/2002,LNS,PA,AEA,EN,Federal Contract Tower,0,8,39,4,51,0,0,129,0,129,0,8,168,4,180,152,16,168,348
03/07/2002,LNS,PA,AEA,EN,Federal Contract Tower,0,8,37,2,47,0,0,170,0,170,0,8,207,2,217,124,6,130,347
03/08/2002,LNS,PA,AEA,EN,Federal Contract Tower,0,8,59,0,67,0,0,197,0,197,0,8,256,0,264,86,0,86,350
03/09/2002,LNS,PA,AEA,EN,Federal Contract Tower,0,4,38,3,45,0,0,27,3,30,0,4,65,6,75,2,0,2,77
03/10/2002,LNS,PA,AEA,EN,Federal Contract Tower,0,5,8,0,13,0,0,8,0,8,0,5,16,0,21,0,0,0,21
03/11/2002,LNS,PA,AEA,EN,Federal Contract Tower,0,7,40,1,48,0,2,225,1,228,0,9,265,2,276,160,0,160,436
03/12/2002,LNS,PA,AEA,EN,Federal Contract Tower,0,7,59,10,76,0,0,84,2,86,0,7,143,12,162,168,20,188,350
03/13/2002,LNS,PA,AEA,EN,Federal Contract Tower,0,7,45,0,52,0,0,0,0,0,0,7,45,0,52,2,0,2,54
03/14/2002,LNS,PA,AEA,EN,Federal Contract Tower,0,8,55,4,67,0,0,167,6,173,0,8,222,10,240,168,8,176,416
03/15/2002,LNS,PA,AEA,EN,Federal Contract Tower,0,9,70,4,83,0,0,125,2,127,0,9,195,6,210,74,0,74,284
03/16/2002,LNS,PA,AEA,EN,Federal Contract Tower,0,4,64,0,68,0,0,86,0,86,0,4,150,0,154,194,0,194,348
03/17/2002,LNS,PA,AEA,EN,Federal Contract Tower,0,4,27,0,31,0,0,69,0,69,0,4,96,0,100,126,0,126,226
03/18/2002,LNS,PA,AEA,EN,Federal Contract Tower,0,9,21,0,30,0,0,0,0,0,0,9,21,0,30,6,0,6,36
03/19/2002,LNS,PA,AEA,EN,Federal Contract Tower,0,8,40,6,54,0,0,73,4,77,0,8,113,10,131,152,12,164,295
03/20/2002,LNS,PA,AEA,EN,Federal Contract Tower,0,7,24,0,31,0,0,4,2,6,0,7,28,2,37,0,6,6,43
03/21/2002,LNS,PA,AEA,EN,Federal Contract Tower,0,11,30,4,45,0,0,171,9,180,0,11,201,13,225,156,0,156,381
03/22/2002,LNS,PA,AEA,EN,Federal Contract Tower,0,8,29,4,41,0,0,58,4,62,0,8,87,8,103,14,40,54,157
03/23/2002,LNS,PA,AEA,EN,Federal Contract Tower,0,4,33,0,37,0,0,88,0,88,0,4,121,0,125,75,0,75,200
03/24/2002,LNS,PA,AEA,EN,Federal Contract Tower,0,4,40,1,45,0,0,271,1,272,0,4,311,2,317,188,0,188,505
03/25/2002,LNS,PA,AEA,EN,Federal Contract Tower,0,5,35,2,42,0,0,41,2,43,0,5,76,4,85,82,8,90,175
03/26/2002,LNS,PA,AEA,EN,Federal Contract Tower,0,6,27,0,33,0,0,6,0,6,0,6,33,0,39,0,0,0,39
03/27/2002,LNS,PA,AEA,EN,Federal Contract Tower,0,8,56,4,68,0,1,111,6,118,0,9,167,10,186,201,8,209,395
03/28/2002,LNS,PA,AEA,EN,Federal Contract Tower,0,9,69,2,80,0,1,350,4,355,0,10,419,6,435,234,10,244,679
03/29/2002,LNS,PA,AEA,EN,Federal Contract Tower,0,6,49,2,57,0,0,167,8,175,0,6,216,10,232,138,58,196,428
03/30/2002,LNS,PA,AEA,EN,Federal Contract Tower,0,4,33,0,37,0,0,198,0,198,0,4,231,0,235,188,0,188,423
03/31/2002,LNS,PA,AEA,EN,Federal Contract Tower,0,3,29,0,32,0,0,46,0,46,0,3,75,0,78,56,0,56,134
04/01/2002,LNS,PA,AEA,EN,Federal Contract Tower,0,10,32,1,43,0,0,69,1,70,0,10,101,2,113,148,0,148,261
04/02/2002,LNS,PA,AEA,EN,Federal Contract Tower,0,7,37,6,50,0,0,157,0,157,0,7,194,6,207,140,4,144,351
04/03/2002,LNS,PA,AEA,EN,Federal Contract Tower,0,6,36,7,49,0,0,49,4,53,0,6,85,11,102,46,114,160,262
04/04/2002,LNS,PA,AEA,EN,Federal Contract Tower,0,4,40,6,50,0,0,157,8,165,0,4,197,14,215,180,92,272,487
04/05/2002,LNS,PA,AEA,EN,Federal Contract Tower,0,16,58,4,78,0,0,159,10,169,0,16,217,14,247,104,22,126,373
04/06/2002,LNS,PA,AEA,EN,Federal Contract Tower,0,3,47,0,50,0,1,172,0,173,0,4,219,0,223,190,0,190,413
04/07/2002,LNS,PA,AEA,EN,Federal Contract Tower,0,8,42,1,51,0,1,247,1,249,0,9,289,2,300,194,0,194,494
04/08/2002,LNS,PA,AEA,EN,Federal Contract Tower,0,7,15,4,26,0,0,93,2,95,0,7,108,6,121,56,2,58,179
04/09/2002,LNS,PA,AEA,EN,Federal Contract Tower,0,6,26,3,35,0,0,36,1,37,0,6,62,4,72,28,2,30,102
04/10/2002,LNS,PA,AEA,EN,Federal Contract Tower,0,8,40,3,51,0,1,145,1,147,0,9,185,4,198,146,0,146,344
04/11/2002,LNS,PA,AEA,EN,Federal Contract Tower,0,7,45,3,55,0,1,283,6,290,0,8,328,9,345,250,0,250,595
04/12/2002,LNS,PA,AEA,EN,Federal Contract Tower,0,12,82,0,94,0,0,13,0,13,0,12,95,0,107,0,0,0,107
04/13/2002,LNS,PA,AEA,EN,Federal Contract Tower,0,3,67,0,70,0,0,25,2,27,0,3,92,2,97,8,16,24,121
04/14/2002,LNS,PA,AEA,EN,Federal Contract Tower,0,4,23,0,27,0,0,34,2,36,0,4,57,2,63,96,20,116,179
04/15/2002,LNS,PA,AEA,EN,Federal Contract Tower,0,10,26,3,39,0,0,98,3,101,0,10,124,6,140,38,2,40,180
04/16/2002,LNS,PA,AEA,EN,Federal Contract Tower,0,7,30,2,39,0,0,149,0,149,0,7,179,2,188,160,2,162,350
04/17/2002,LNS,PA,AEA,EN,Federal Contract Tower,0,11,39,3,53,0,2,151,3,156,0,13,190,6,209,100,0,100,309
04/18/2002,LNS,PA,AEA,EN,Federal Contract Tower,0,7,28,2,37,0,0,98,2,100,0,7,126,4,137,144,0,144,281
04/19/2002,LNS,PA,AEA,EN,Federal Contract Tower,0,17,46,3,66,0,1,124,2,127,0,18,170,5,193,126,2,128,321
04/20/2002,LNS,PA,AEA,EN,Federal Contract Tower,0,5,32,0,37,0,0,151,6,157,0,5,183,6,194,206,0,206,400
04/21/2002,LNS,PA,AEA,EN,Federal Contract Tower,0,4,36,0,40,0,0,118,0,118,0,4,154,0,158,146,0,146,304
04/22/2002,LNS,PA,AEA,EN,Federal Contract Tower,0,7,21,2,30,0,0,15,2,17,0,7,36,4,47,0,0,0,47
04/23/2002,LNS,PA,AEA,EN,Federal Contract Tower,0,12,37,5,54,0,0,150,7,157,0,12,187,12,211,128,0,128,339
04/24/2002,LNS,PA,AEA,EN,Federal Contract Tower,0,8,45,3,56,0,2,228,11,241,0,10,273,14,297,168,0,168,465
04/25/2002,LNS,PA,AEA,EN,Federal Contract Tower,0,11,73,0,84,0,0,21,0,21,0,11,94,0,105,26,0,26,131
04/26/2002,LNS,PA,AEA,EN,Federal Contract Tower,0,10,42,7,59,0,0,163,0,163,0,10,205,7,222,86,8,94,316
04/27/2002,LNS,PA,AEA,EN,Federal Contract Tower,0,2,31,0,33,0,1,260,0,261,0,3,291,0,294,134,0,134,428
04/28/2002,LNS,PA,AEA,EN,Federal Contract Tower,0,2,16,0,18,0,0,9,0,9,0,2,25,0,27,2,16,18,45
04/29/2002,LNS,PA,AEA,EN,Federal Contract Tower,0,6,59,10,75,0,0,21,1,22,0,6,80,11,97,8,20,28,125
04/30/2002,LNS,PA,AEA,EN,Federal Contract Tower,0,9,34,1,44,0,1,114,1,116,0,10,148,2,160,110,0,110,270
05/01/2002,LNS,PA,AEA,EN,Federal Contract Tower,0,8,56,6,70,0,1,224,2,227,0,9,280,8,297,114,0,114,411
05/02/2002,LNS,PA,AEA,EN,Federal Contract Tower,0,10,18,0,28,0,0,14,0,14,0,10,32,0,42,32,0,32,74
05/03/2002,LNS,PA,AEA,EN,Federal Contract Tower,0,14,30,0,44,0,0,104,2,106,0,14,134,2,150,44,0,44,194
05/04/2002,LNS,PA,AEA,EN,Federal Contract Tower,0,4,29,0,33,0,0,291,0,291,0,4,320,0,324,278,0,278,602
05/05/2002,LNS,PA,AEA,EN,Federal Contract Tower,0,4,32,0,36,0,0,335,4,339,0,4,367,4,375,168,2,170,545
05/06/2002,LNS,PA,AEA,EN,Federal Contract Tower,0,8,37,3,48,0,1,109,0,110,0,9,146,3,158,50,16,66,224
05/07/2002,LNS,PA,AEA,EN,Federal Contract Tower,0,11,27,6,44,0,0,74,0,74,0,11,101,6,118,140,0,140,258
05/08/2002,LNS,PA,AEA,EN,Federal Contract Tower,0,10,55,2,67,0,3,150,2,155,0,13,205,4,222,134,6,140,362
05/09/2002,LNS,PA,AEA,EN,Federal Contract Tower,0,10,49,0,59,0,0,0,0,0,0,10,49,0,59,0,0,0,59
05/10/2002,LNS,PA,AEA,EN,Federal Contract Tower,0,11,44,0,55,0,3,172,0,175,0,14,216,0,230,256,0,256,486
05/11/2002,LNS,PA,AEA,EN,Federal Contract Tower,0,6,26,0,32,0,0,306,0,306,0,6,332,0,338,144,0,144,482
05/12/2002,LNS,PA,AEA,EN,Federal Contract Tower,0,7,13,0,20,0,0,10,0,10,0,7,23,0,30,0,0,0,30
05/13/2002,LNS,PA,AEA,EN,Federal Contract Tower,0,5,17,0,22,0,0,13,0,13,0,5,30,0,35,22,0,22,57
05/14/2002,LNS,PA,AEA,EN,Federal Contract Tower,0,9,19,2,30,0,0,39,0,39,0,9,58,2,69,36,0,36,105
05/15/2002,LNS,PA,AEA,EN,Federal Contract Tower,0,9,48,7,64,0,0,98,0,98,0,9,146,7,162,94,12,106,268
05/16/2002,LNS,PA,AEA,EN,Federal Contract Tower,0,7,52,1,60,0,0,147,1,148,0,7,199,2,208,238,2,240,448
05/17/2002,LNS,PA,AEA,EN,Federal Contract Tower,0,8,38,0,46,0,0,96,0,96,0,8,134,0,142,110,0,110,252
05/18/2002,LNS,PA,AEA,EN,Federal Contract Tower,0,8,35,0,43,0,0,35,0,35,0,8,70,0,78,50,0,50,128
05/19/2002,LNS,PA,AEA,EN,Federal Contract Tower,0,11,39,0,50,0,2,248,2,252,0,13,287,2,302,144,0,144,446
05/20/2002,LNS,PA,AEA,EN,Federal Contract Tower,0,8,24,2,34,0,0,154,2,156,0,8,178,4,190,86,0,86,276
05/21/2002,LNS,PA,AEA,EN,Federal Contract Tower,0,16,23,1,40,0,2,176,1,179,0,18,199,2,219,194,0,194,413
05/22/2002,LNS,PA,AEA,EN,Federal Contract Tower,0,11,51,2,64,0,0,249,2,251,0,11,300,4,315,244,56,300,615
05/23/2002,LNS,PA,AEA,EN,Federal Contract Tower,0,17,67,4,88,0,0,253,5,258,0,17,320,9,346,208,52,260,606
05/24/2002,LNS,PA,AEA,EN,Federal Contract Tower,0,15,55,4,74,0,0,183,0,183,0,15,238,4,257,218,26,244,501
05/25/2002,LNS,PA,AEA,EN,Federal Contract Tower,0,4,27,0,31,0,0,189,0,189,0,4,216,0,220,124,0,124,344
05/26/2002,LNS,PA,AEA,EN,Federal Contract Tower,0,2,45,0,47,0,0,4,0,4,0,2,49,0,51,26,0,26,77
05/27/2002,LNS,PA,AEA,EN,Federal Contract Tower,0,7,37,0,44,0,0,57,0,57,0,7,94,0,101,130,0,130,231
05/28/2002,LNS,PA,AEA,EN,Federal Contract Tower,0,7,29,7,43,0,0,86,5,91,0,7,115,12,134,192,0,192,326
05/29/2002,LNS,PA,AEA,EN,Federal Contract Tower,0,9,51,2,62,0,0,112,2,114,0,9,163,4,176,258,4,262,438
05/30/2002,LNS,PA,AEA,EN,Federal Contract Tower,0,9,40,0,49,0,0,129,0,129,0,9,169,0,178,154,2,156,334
05/31/2002,LNS,PA,AEA,EN,Federal Contract Tower,0,8,29,0,37,0,0,118,0,118,0,8,147,0,155,144,6,150,305
06/01/2002,LNS,PA,AEA,EN,Federal Contract Tower,0,3,33,0,36,0,1,199,0,200,0,4,232,0,236,92,0,92,328
06/02/2002,LNS,PA,AEA,EN,Federal Contract Tower,0,8,25,0,33,0,0,145,0,145,0,8,170,0,178,82,0,82,260
06/03/2002,LNS,PA,AEA,EN,Federal Contract Tower,0,9,21,0,30,0,0,223,0,223,0,9,244,0,253,150,0,150,403
06/04/2002,LNS,PA,AEA,EN,Federal Contract Tower,0,9,27,2,38,0,0,135,2,137,0,9,162,4,175,184,0,184,359
06/05/2002,LNS,PA,AEA,EN,Federal Contract Tower,0,17,20,1,38,0,5,71,1,77,0,22,91,2,115,102,0,102,217
06/06/2002,LNS,PA,AEA,EN,Federal Contract Tower,0,11,29,0,40,0,1,48,2,51,0,12,77,2,91,22,42,64,155
06/07/2002,LNS,PA,AEA,EN,Federal Contract Tower,0,21,59,5,85,0,0,201,9,210,0,21,260,14,295,246,0,246,541
06/08/2002,LNS,PA,AEA,EN,Federal Contract Tower,0,8,27,0,35,0,1,261,4,266,0,9,288,4,301,336,6,342,643
06/09/2002,LNS,PA,AEA,EN,Federal Contract Tower,0,6,52,3,61,0,1,326,5,332,0,7,378,8,393,218,4,222,615
06/10/2002,LNS,PA,AEA,EN,Federal Contract Tower,0,10,33,0,43,0,3,200,2,205,0,13,233,2,248,300,4,304,552
06/11/2002,LNS,PA,AEA,EN,Federal Contract Tower,0,6,34,3,43,0,0,126,3,129,0,6,160,6,172,197,0,197,369
06/12/2002,LNS,PA,AEA,EN,Federal Contract Tower,0,12,34,4,50,0,0,106,2,108,0,12,140,6,158,160,26,186,344
06/13/2002,LNS,PA,AEA,EN,Federal Contract Tower,0,8,64,0,72,0,0,17,2,19,0,8,81,2,91,54,0,54,145
06/14/2002,LNS,PA,AEA,EN,Federal Contract Tower,0,20,31,0,51,0,0,0,0,0,0,20,31,0,51,20,0,20,71
06/15/2002,LNS,PA,AEA,EN,Federal Contract Tower,0,5,51,0,56,0,0,13,0,13,0,5,64,0,69,6,0,6,75
06/16/2002,LNS,PA,AEA,EN,Federal Contract Tower,0,6,28,0,34,0,0,165,0,165,0,6,193,0,199,136,0,136,335
06/17/2002,LNS,PA,AEA,EN,Federal Contract Tower,0,12,40,3,55,0,0,175,3,178,0,12,215,6,233,164,12,176,409
06/18/2002,LNS,PA,AEA,EN,Federal Contract Tower,0,7,34,2,43,0,0,133,0,133,0,7,167,2,176,124,2,126,302
06/19/2002,LNS,PA,AEA,EN,Federal Contract Tower,0,10,48,4,62,0,0,151,0,151,0,10,199,4,213,150,8,158,371
06/20/2002,LNS,PA,AEA,EN,Federal Contract Tower,0,12,73,8,93,0,0,199,10,209,0,12,272,18,302,292,10,302,604
06/21/2002,LNS,PA,AEA,EN,Federal Contract Tower,0,18,39,7,64,0,0,330,9,339,0,18,369,16,403,152,0,152,555
06/22/2002,LNS,PA,AEA,EN,Federal Contract Tower,0,4,45,1,50,0,0,298,3,301,0,4,343,4,351,360,22,382,733
06/23/2002,LNS,PA,AEA,EN,Federal Contract Tower,0,6,33,0,39,0,0,249,0,249,0,6,282,0,288,160,0,160,448
06/24/2002,LNS,PA,AEA,EN,Federal Contract Tower,0,8,37,3,48,0,0,114,19,133,0,8,151,22,181,106,10,116,297
06/25/2002,LNS,PA,AEA,EN,Federal Contract Tower,0,6,67,8,81,0,0,62,0,62,0,6,129,8,143,90,16,106,249
06/26/2002,LNS,PA,AEA,EN,Federal Contract Tower,0,8,39,4,51,0,0,54,0,54,0,8,93,4,105,64,2,66,171
06/27/2002,LNS,PA,AEA,EN,Federal Contract Tower,0,9,34,7,50,0,0,76,1,77,0,9,110,8,127,78,38,116,243
06/28/2002,LNS,PA,AEA,EN,Federal Contract Tower,0,12,61,4,77,0,3,217,10,230,0,15,278,14,307,208,22,230,537
06/29/2002,LNS,PA,AEA,EN,Federal Contract Tower,0,4,31,0,35,0,0,278,0,278,0,4,309,0,313,204,0,204,517
06/30/2002,LNS,PA,AEA,EN,Federal Contract Tower,0,6,32,0,38,0,0,225,0,225,0,6,257,0,263,164,0,164,427
07/01/2002,LNS,PA,AEA,EN,Federal Contract Tower,0,0,46,4,50,0,2,288,7,297,0,2,334,11,347,241,18,259,606
07/02/2002,LNS,PA,AEA,EN,Federal Contract Tower,0,0,44,3,47,0,8,134,20,162,0,8,178,23,209,210,10,220,429
07/03/2002,LNS,PA,AEA,EN,Federal Contract Tower,0,0,36,0,36,0,7,112,0,119,0,7,148,0,155,80,0,80,235
07/04/2002,LNS,PA,AEA,EN,Federal Contract Tower,0,0,14,0,14,0,0,175,0,175,0,0,189,0,189,118,0,118,307
07/05/2002,LNS,PA,AEA,EN,Federal Contract Tower,0,0,44,0,44,0,0,110,0,110,0,0,154,0,154,92,0,92,246
07/06/2002,LNS,PA,AEA,EN,Federal Contract Tower,0,0,31,0,31,0,5,178,0,183,0,5,209,0,214,72,0,72,286
07/07/2002,LNS,PA,AEA,EN,Federal Contract Tower,0,0,71,5,76,0,4,100,1,105,0,4,171,6,181,72,46,118,299
07/08/2002,LNS,PA,AEA,EN,Federal Contract Tower,0,0,49,2,51,0,2,144,0,146,0,2,193,2,197,160,0,160,357
07/09/2002,LNS,PA,AEA,EN,Federal Contract Tower,0,0,34,3,37,0,2,146,1,149,0,2,180,4,186,160,0,160,346
07/10/2002,LNS,PA,AEA,EN,Federal Contract Tower,0,0,40,0,40,0,3,65,0,68,0,3,105,0,108,20,0,20,128
07/11/2002,LNS,PA,AEA,EN,Federal Contract Tower,0,0,41,3,44,0,22,81,4,107,0,22,122,7,151,76,0,76,227
07/12/2002,LNS,PA,AEA,EN,Federal Contract Tower,0,0,43,0,43,0,2,301,0,303,0,2,344,0,346,200,0,200,546
07/13/2002,LNS,PA,AEA,EN,Federal Contract Tower,0,0,34,2,36,0,2,318,0,320,0,2,352,2,356,156,0,156,512
07/14/2002,LNS,PA,AEA,EN,Federal Contract Tower,0,0,51,4,55,0,6,183,2,191,0,6,234,6,246,112,0,112,358
07/15/2002,LNS,PA,AEA,EN,Federal Contract Tower,0,0,35,3,38,0,14,237,8,259,0,14,272,11,297,206,20,226,523
07/16/2002,LNS,PA,AEA,EN,Federal Contract Tower,0,0,35,2,37,0,7,146,6,159,0,7,181,8,196,96,26,122,318
07/17/2002,LNS,PA,AEA,EN,Federal Contract Tower,0,0,39,2,41,0,11,346,10,367,0,11,385,12,408,266,12,278,686
07/18/2002,LNS,PA,AEA,EN,Federal Contract Tower,0,0,59,2,61,0,2,140,0,142,0,2,199,2,203,126,0,126,329
07/19/2002,LNS,PA,AEA,EN,Federal Contract Tower,0,0,63,0,63,0,0,207,0,207,0,0,270,0,270,178,0,178,448
07/20/2002,LNS,PA,AEA,EN,Federal Contract Tower,0,0,28,0,28,0,0,299,0,299,0,0,327,0,327,107,0,107,434
07/21/2002,LNS,PA,AEA,EN,Federal Contract Tower,0,0,58,3,61,0,3,31,13,47,0,3,89,16,108,82,44,126,234
07/22/2002,LNS,PA,AEA,EN,Federal Contract Tower,0,0,30,0,30,0,10,49,0,59,0,10,79,0,89,28,0,28,117
07/23/2002,LNS,PA,AEA,EN,Federal Contract Tower,0,0,23,0,23,0,8,76,0,84,0,8,99,0,107,174,0,174,281
07/24/2002,LNS,PA,AEA,EN,Federal Contract Tower,0,0,53,3,56,0,13,136,3,152,0,13,189,6,208,180,6,186,394
07/25/2002,LNS,PA,AEA,EN,Federal Contract Tower,0,0,47,3,50,0,3,318,3,324,0,3,365,6,374,93,2,95,469
07/26/2002,LNS,PA,AEA,EN,Federal Contract Tower,0,0,40,2,42,0,2,209,2,213,0,2,249,4,255,136,2,138,393
07/27/2002,LNS,PA,AEA,EN,Federal Contract Tower,0,0,0,0,0,0,3,149,0,152,0,3,149,0,152,32,0,32,184
07/28/2002,LNS,PA,AEA,EN,Federal Contract Tower,0,0,21,1,22,0,1,138,12,151,0,1,159,13,173,156,10,166,339
07/29/2002,LNS,PA,AEA,EN,Federal Contract Tower,0,0,27,1,28,0,5,308,5,318,0,5,335,6,346,268,0,268,614
07/30/2002,LNS,PA,AEA,EN,Federal Contract Tower,0,0,34,2,36,0,15,268,18,301,0,15,302,20,337,124,42,166,503
07/31/2002,LNS,PA,AEA,EN,Federal Contract Tower,0,0,43,2,45,0,7,93,30,130,0,7,136,32,175,32,14,46,221
08/01/2002,LNS,PA,AEA,EN,Federal Contract Tower,0,14,19,4,37,0,0,162,0,162,0,14,181,4,199,68,46,114,313
08/02/2002,LNS,PA,AEA,EN,Federal Contract Tower,0,13,41,3,57,0,0,163,1,164,0,13,204,4,221,154,6,160,381
08/03/2002,LNS,PA,AEA,EN,Federal Contract Tower,0,4,38,0,42,0,0,160,0,160,0,4,198,0,202,116,0,116,318
08/04/2002,LNS,PA,AEA,EN,Federal Contract Tower,0,8,32,0,40,0,0,104,0,104,0,8,136,0,144,160,0,160,304
08/05/2002,LNS,PA,AEA,EN,Federal Contract Tower,0,8,14,3,25,0,0,37,5,42,0,8,51,8,67,140,12,152,219
08/06/2002,LNS,PA,AEA,EN,Federal Contract Tower,0,19,29,10,58,0,1,193,14,208,0,20,222,24,266,260,12,272,538
08/07/2002,LNS,PA,AEA,EN,Federal Contract Tower,0,10,30,8,48,0,0,272,8,280,0,10,302,16,328,218,42,260,588
08/08/2002,LNS,PA,AEA,EN,Federal Contract Tower,0,8,31,12,51,0,1,250,4,255,0,9,281,16,306,210,34,244,550
08/09/2002,LNS,PA,AEA,EN,Federal Contract Tower,0,14,61,6,81,0,0,278,0,278,0,14,339,6,359,214,14,228,587
08/10/2002,LNS,PA,AEA,EN,Federal Contract Tower,0,6,23,0,29,0,0,233,0,233,0,6,256,0,262,200,0,200,462
08/11/2002,LNS,PA,AEA,EN,Federal Contract Tower,0,6,17,0,23,0,0,200,0,200,0,6,217,0,223,162,0,162,385
08/12/2002,LNS,PA,AEA,EN,Federal Contract Tower,0,7,22,4,33,0,0,103,7,110,0,7,125,11,143,142,20,162,305
08/13/2002,LNS,PA,AEA,EN,Federal Contract Tower,0,14,50,9,73,0,0,108,0,108,0,14,158,9,181,248,10,258,439
08/14/2002,LNS,PA,AEA,EN,Federal Contract Tower,0,13,50,0,63,0,1,148,0,149,0,14,198,0,212,262,0,262,474
08/15/2002,LNS,PA,AEA,EN,Federal Contract Tower,0,12,57,4,73,0,1,175,4,180,0,13,232,8,253,164,0,164,417
08/16/2002,LNS,PA,AEA,EN,Federal Contract Tower,0,14,36,4,54,0,3,145,0,148,0,17,181,4,202,214,24,238,440
08/17/2002,LNS,PA,AEA,EN,Federal Contract Tower,0,4,30,0,34,0,0,207,0,207,0,4,237,0,241,142,10,152,393
08/18/2002,LNS,PA,AEA,EN,Federal Contract Tower,0,7,20,7,34,0,0,122,7,129,0,7,142,14,163,182,0,182,345
08/19/2002,LNS,PA,AEA,EN,Federal Contract Tower,0,10,35,10,55,0,0,155,2,157,0,10,190,12,212,250,26,276,488
08/20/2002,LNS,PA,AEA,EN,Federal Contract Tower,0,8,26,4,38,0,0,107,0,107,0,8,133,4,145,116,6,122,267
08/21/2002,LNS,PA,AEA,EN,Federal Contract Tower,0,10,52,8,70,0,0,283,8,291,0,10,335,16,361,258,0,258,619
08/22/2002,LNS,PA,AEA,EN,Federal Contract Tower,0,9,32,2,43,0,0,201,6,207,0,9,233,8,250,272,18,290,540
08/23/2002,LNS,PA,AEA,EN,Federal Contract Tower,0,25,45,2,72,0,2,110,2,114,0,27,155,4,186,242,0,242,428
08/24/2002,LNS,PA,AEA,EN,Federal Contract Tower,0,6,35,0,41,0,0,9,0,9,0,6,44,0,50,562,0,562,612
08/25/2002,LNS,PA,AEA,EN,Federal Contract Tower,0,7,42,0,49,0,0,289,0,289,0,7,331,0,338,854,0,854,1192
08/26/2002,LNS,PA,AEA,EN,Federal Contract Tower,0,11,32,0,43,0,0,168,2,170,0,11,200,2,213,248,18,266,479
08/27/2002,LNS,PA,AEA,EN,Federal Contract Tower,0,10,38,2,50,0,0,145,2,147,0,10,183,4,197,172,10,182,379
08/28/2002,LNS,PA,AEA,EN,Federal Contract Tower,0,9,55,4,68,0,0,31,2,33,0,9,86,6,101,38,0,38,139
08/29/2002,LNS,PA,AEA,EN,Federal Contract Tower,0,21,65,0,86,0,0,47,0,47,0,21,112,0,133,50,0,50,183
08/30/2002,LNS,PA,AEA,EN,Federal Contract Tower,0,8,77,2,87,0,4,112,2,118,0,12,189,4,205,212,0,212,417
08/31/2002,LNS,PA,AEA,EN,Federal Contract Tower,0,6,56,0,62,0,0,222,0,222,0,6,278,0,284,168,0,168,452
09/01/2002,LNS,PA,AEA,EN,Federal Contract Tower,0,4,40,0,44,0,0,9,0,9,0,4,49,0,53,0,0,0,53
09/02/2002,LNS,PA,AEA,EN,Federal Contract Tower,0,8,65,0,73,0,0,72,0,72,0,8,137,0,145,94,0,94,239
09/03/2002,LNS,PA,AEA,EN,Federal Contract Tower,0,10,34,1,45,0,0,132,2,134,0,10,166,3,179,176,0,176,355
09/04/2002,LNS,PA,AEA,EN,Federal Contract Tower,0,8,38,6,52,0,1,129,10,140,0,9,167,16,192,214,150,364,556
09/05/2002,LNS,PA,AEA,EN,Federal Contract Tower,0,12,35,4,51,0,0,202,6,208,0,12,237,10,259,164,42,206,465
09/06/2002,LNS,PA,AEA,EN,Federal Contract Tower,0,14,50,5,69,0,3,335,6,344,0,17,385,11,413,258,78,336,749
09/07/2002,LNS,PA,AEA,EN,Federal Contract Tower,0,8,27,0,35,0,0,303,0,303,0,8,330,0,338,270,0,270,608
09/08/2002,LNS,PA,AEA,EN,Federal Contract Tower,0,5,29,2,36,0,0,290,2,292,0,5,319,4,328,134,14,148,476
09/09/2002,LNS,PA,AEA,EN,Federal Contract Tower,0,10,29,3,42,0,2,163,7,172,0,12,192,10,214,120,26,146,360
09/10/2002,LNS,PA,AEA,EN,Federal Contract Tower,0,7,29,2,38,0,0,171,4,175,0,7,200,6,213,230,0,230,443
09/11/2002,LNS,PA,AEA,EN,Federal Contract Tower,0,11,17,0,28,0,0,42,4,46,0,11,59,4,74,24,0,24,98
09/12/2002,LNS,PA,AEA,EN,Federal Contract Tower,0,15,63,5,83,0,2,171,3,176,0,17,234,8,259,82,2,84,343
09/13/2002,LNS,PA,AEA,EN,Federal Contract Tower,0,16,41,5,62,0,1,219,3,223,0,17,260,8,285,182,20,202,487
09/14/2002,LNS,PA,AEA,EN,Federal Contract Tower,0,5,36,0,41,0,1,175,0,176,0,6,211,0,217,204,0,204,421
09/15/2002,LNS,PA,AEA,EN,Federal Contract Tower,0,4,30,0,34,0,0,0,0,0,0,4,30,0,34,4,0,4,38
09/16/2002,LNS,PA,AEA,EN,Federal Contract Tower,0,7,36,1,44,0,2,66,1,69,0,9,102,2,113,38,18,56,169
09/17/2002,LNS,PA,AEA,EN,Federal Contract Tower,0,6,33,5,44,0,0,199,5,204,0,6,232,10,248,156,0,156,404
09/18/2002,LNS,PA,AEA,EN,Federal Contract Tower,0,12,38,2,52,0,2,218,2,222,0,14,256,4,274,214,18,232,506
09/19/2002,LNS,PA,AEA,EN,Federal Contract Tower,0,12,48,1,61,0,2,84,3,89,0,14,132,4,150,162,0,162,312
09/20/2002,LNS,PA,AEA,EN,Federal Contract Tower,0,13,49,5,67,0,2,148,5,155,0,15,197,10,222,112,22,134,356
09/21/2002,LNS,PA,AEA,EN,Federal Contract Tower,0,5,41,0,46,0,0,133,11,144,0,5,174,11,190,96,2,98,288
09/22/2002,LNS,PA,AEA,EN,Federal Contract Tower,0,4,21,0,25,0,0,95,0,95,0,4,116,0,120,76,0,76,196
09/23/2002,LNS,PA,AEA,EN,Federal Contract Tower,0,9,29,3,41,0,2,143,2,147,0,11,172,5,188,82,20,102,290
09/24/2002,LNS,PA,AEA,EN,Federal Contract Tower,0,7,37,2,46,0,1,202,0,203,0,8,239,2,249,256,6,262,511
09/25/2002,LNS,PA,AEA,EN,Federal Contract Tower,0,9,40,3,52,0,1,158,1,160,0,10,198,4,212,316,2,318,530
09/26/2002,LNS,PA,AEA,EN,Federal Contract Tower,0,16,48,2,66,0,1,5,0,6,0,17,53,2,72,16,0,16,88
09/27/2002,LNS,PA,AEA,EN,Federal Contract Tower,0,18,27,0,45,0,0,5,0,5,0,18,32,0,50,0,0,0,50
09/28/2002,LNS,PA,AEA,EN,Federal Contract Tower,0,6,22,0,28,0,0,171,0,171,0,6,193,0,199,138,0,138,337
09/29/2002,LNS,PA,AEA,EN,Federal Contract Tower,0,5,32,0,37,0,0,320,0,320,0,5,352,0,357,302,0,302,659
09/30/2002,LNS,PA,AEA,EN,Federal Contract Tower,0,9,44,5,58,0,2,151,9,162,0,11,195,14,220,116,16,132,352
10/01/2002,LNS,PA,AEA,EN,Federal Contract Tower,0,8,51,2,61,0,2,134,0,136,0,10,185,2,197,162,6,168,365
10/02/2002,LNS,PA,AEA,EN,Federal Contract Tower,0,9,47,4,60,0,2,105,0,107,0,11,152,4,167,170,6,176,343
10/03/2002,LNS,PA,AEA,EN,Federal Contract Tower,0,11,44,0,55,0,1,86,2,89,0,12,130,2,144,158,0,158,302
10/04/2002,LNS,PA,AEA,EN,Federal Contract Tower,0,15,61,0,76,0,0,5,0,5,0,15,66,0,81,0,0,0,81
10/05/2002,LNS,PA,AEA,EN,Federal Contract Tower,0,7,21,0,28,0,2,149,2,153,0,9,170,2,181,154,0,154,335
10/06/2002,LNS,PA,AEA,EN,Federal Contract Tower,0,6,54,0,60,0,0,343,0,343,0,6,397,0,403,218,0,218,621
10/07/2002,LNS,PA,AEA,EN,Federal Contract Tower,0,11,37,0,48,0,2,130,2,134,0,13,167,2,182,78,0,78,260
10/08/2002,LNS,PA,AEA,EN,Federal Contract Tower,0,8,48,6,62,0,3,267,8,278,0,11,315,14,340,138,50,188,528
10/09/2002,LNS,PA,AEA,EN,Federal Contract Tower,0,12,52,2,66,0,1,158,0,159,0,13,210,2,225,172,8,180,405
10/10/2002,LNS,PA,AEA,EN,Federal Contract Tower,0,15,58,0,73,0,0,0,0,0,0,15,58,0,73,10,0,10,83
10/11/2002,LNS,PA,AEA,EN,Federal Contract Tower,0,9,61,0,70,0,0,3,0,3,0,9,64,0,73,0,0,0,73
10/12/2002,LNS,PA,AEA,EN,Federal Contract Tower,0,7,64,0,71,0,0,16,0,16,0,7,80,0,87,88,0,88,175
10/13/2002,LNS,PA,AEA,EN,Federal Contract Tower,0,5,50,0,55,0,0,19,0,19,0,5,69,0,74,68,0,68,142
10/14/2002,LNS,PA,AEA,EN,Federal Contract Tower,0,11,43,0,54,0,2,253,0,255,0,13,296,0,309,122,0,122,431
10/15/2002,LNS,PA,AEA,EN,Federal Contract Tower,0,9,39,4,52,0,1,167,4,172,0,10,206,8,224,154,0,154,378
10/16/2002,LNS,PA,AEA,EN,Federal Contract Tower,0,17,9,0,26,0,0,2,0,2,0,17,11,0,28,0,0,0,28
10/17/2002,LNS,PA,AEA,EN,Federal Contract Tower,0,14,40,6,60,0,0,104,4,108,0,14,144,10,168,132,2,134,302
10/18/2002,LNS,PA,AEA,EN,Federal Contract Tower,0,18,40,4,62,0,0,229,3,232,0,18,269,7,294,178,10,188,482
10/19/2002,LNS,PA,AEA,EN,Federal Contract Tower,0,8,17,0,25,0,0,88,0,88,0,8,105,0,113,32,0,32,145
10/20/2002,LNS,PA,AEA,EN,Federal Contract Tower,0,4,23,2,29,0,0,231,0,231,0,4,254,2,260,126,14,140,400
10/21/2002,LNS,PA,AEA,EN,Federal Contract Tower,0,8,24,3,35,0,0,177,1,178,0,8,201,4,213,202,0,202,415
10/22/2002,LNS,PA,AEA,EN,Federal Contract Tower,0,12,33,3,48,0,3,241,2,246,0,15,274,5,294,268,0,268,562
10/23/2002,LNS,PA,AEA,EN,Federal Contract Tower,0,12,39,2,53,0,1,191,4,196,0,13,230,6,249,260,54,314,563
10/24/2002,LNS,PA,AEA,EN,Federal Contract Tower,0,10,30,7,47,0,1,119,3,123,0,11,149,10,170,120,42,162,332
10/25/2002,LNS,PA,AEA,EN,Federal Contract Tower,0,20,31,0,51,0,0,7,0,7,0,20,38,0,58,4,0,4,62
10/26/2002,LNS,PA,AEA,EN,Federal Contract Tower,0,7,59,0,66,0,0,53,0,53,0,7,112,0,119,110,0,110,229
10/27/2002,LNS,PA,AEA,EN,Federal Contract Tower,0,6,38,0,44,0,0,260,0,260,0,6,298,0,304,300,0,300,604
10/28/2002,LNS,PA,AEA,EN,Federal Contract Tower,0,11,30,4,45,0,3,121,2,126,0,14,151,6,171,192,4,196,367
10/29/2002,LNS,PA,AEA,EN,Federal Contract Tower,0,8,18,0,26,0,0,52,0,52,0,8,70,0,78,112,4,116,194
10/30/2002,LNS,PA,AEA,EN,Federal Contract Tower,0,8,17,0,25,0,0,0,0,0,0,8,17,0,25,0,0,0,25
10/31/2002,LNS,PA,AEA,EN,Federal Contract Tower,0,8,33,1,42,0,0,188,9,197,0,8,221,10,239,208,10,218,457
11/01/2002,LNS,PA,AEA,EN,Federal Contract Tower,0,17,40,2,59,0,1,168,8,177,0,18,208,10,236,136,0,136,372
11/02/2002,LNS,PA,AEA,EN,Federal Contract Tower,0,4,27,0,31,0,0,165,4,169,0,4,192,4,200,94,0,94,294
11/03/2002,LNS,PA,AEA,EN,Federal Contract Tower,0,6,26,0,32,0,0,315,0,315,0,6,341,0,347,102,0,102,449
11/04/2002,LNS,PA,AEA,EN,Federal Contract Tower,0,13,22,1,36,0,0,96,1,97,0,13,118,2,133,102,0,102,235
11/05/2002,LNS,PA,AEA,EN,Federal Contract Tower,0,9,37,0,46,0,0,120,2,122,0,9,157,2,168,122,0,122,290
11/06/2002,LNS,PA,AEA,EN,Federal Contract Tower,0,9,32,8,49,0,0,26,14,40,0,9,58,22,89,22,80,102,191
11/07/2002,LNS,PA,AEA,EN,Federal Contract Tower,0,14,41,4,59,0,1,180,14,195,0,15,221,18,254,82,24,106,360
11/08/2002,LNS,PA,AEA,EN,Federal Contract Tower,0,16,52,2,70,0,2,315,3,320,0,18,367,5,390,126,4,130,520
11/09/2002,LNS,PA,AEA,EN,Federal Contract Tower,0,7,36,0,43,0,0,316,0,316,0,7,352,0,359,264,0,264,623
11/10/2002,LNS,PA,AEA,EN,Federal Contract Tower,0,5,27,0,32,0,0,173,0,173,0,5,200,0,205,74,0,74,279
11/11/2002,LNS,PA,AEA,EN,Federal Contract Tower,0,7,20,0,27,0,1,16,0,17,0,8,36,0,44,34,0,34,78
11/12/2002,LNS,PA,AEA,EN,Federal Contract Tower,0,12,29,0,41,0,0,12,0,12,0,12,41,0,53,10,0,10,63
11/13/2002,LNS,PA,AEA,EN,Federal Contract Tower,0,18,38,8,64,0,4,71,7,82,0,22,109,15,146,106,14,120,266
11/14/2002,LNS,PA,AEA,EN,Federal Contract Tower,0,15,36,5,56,0,0,240,5,245,0,15,276,10,301,176,20,196,497
11/15/2002,LNS,PA,AEA,EN,Federal Contract Tower,0,18,56,5,79,0,3,239,5,247,0,21,295,10,326,214,0,214,540
11/16/2002,LNS,PA,AEA,EN,Federal Contract Tower,0,4,24,0,28,0,0,1,0,1,0,4,25,0,29,0,0,0,29
11/17/2002,LNS,PA,AEA,EN,Federal Contract Tower,0,4,16,0,20,0,0,1,0,1,0,4,17,0,21,0,0,0,21
11/18/2002,LNS,PA,AEA,EN,Federal Contract Tower,0,9,25,3,37,0,1,93,5,99,0,10,118,8,136,90,2,92,228
11/19/2002,LNS,PA,AEA,EN,Federal Contract Tower,0,9,38,5,52,0,1,158,5,164,0,10,196,10,216,164,8,172,388
11/20/2002,LNS,PA,AEA,EN,Federal Contract Tower,0,8,47,3,58,0,4,203,1,208,0,12,250,4,266,190,8,198,464
11/21/2002,LNS,PA,AEA,EN,Federal Contract Tower,0,15,61,0,76,0,0,4,0,4,0,15,65,0,80,0,0,0,80
11/22/2002,LNS,PA,AEA,EN,Federal Contract Tower,0,15,24,2,41,0,0,7,0,7,0,15,31,2,48,4,2,6,54
11/23/2002,LNS,PA,AEA,EN,Federal Contract Tower,0,4,2,0,6,0,0,34,0,34,0,4,36,0,40,62,0,62,102
11/24/2002,LNS,PA,AEA,EN,Federal Contract Tower,0,5,53,0,58,0,1,294,0,295,0,6,347,0,353,288,0,288,641
11/25/2002,LNS,PA,AEA,EN,Federal Contract Tower,0,7,45,2,54,0,4,175,2,181,0,11,220,4,235,164,4,168,403
11/26/2002,LNS,PA,AEA,EN,Federal Contract Tower,0,10,40,2,52,0,0,199,6,205,0,10,239,8,257,182,4,186,443
11/27/2002,LNS,PA,AEA,EN,Federal Contract Tower,0,5,22,2,29,0,1,82,4,87,0,6,104,6,116,120,0,120,236
11/28/2002,LNS,PA,AEA,EN,Federal Contract Tower,0,4,10,0,14,0,0,64,0,64,0,4,74,0,78,38,0,38,116
11/29/2002,LNS,PA,AEA,EN,Federal Contract Tower,0,7,15,6,28,0,2,109,2,113,0,9,124,8,141,114,16,130,271
11/30/2002,LNS,PA,AEA,EN,Federal Contract Tower,0,4,21,0,25,0,1,162,0,163,0,5,183,0,188,262,0,262,450
12/01/2002,LNS,PA,AEA,EN,Federal Contract Tower,0,6,14,0,20,0,0,41,0,41,0,6,55,0,61,14,0,14,75
12/02/2002,LNS,PA,AEA,EN,Federal Contract Tower,0,11,31,0,42,0,4,91,0,95,0,15,122,0,137,162,6,168,305
12/03/2002,LNS,PA,AEA,EN,Federal Contract Tower,0,13,18,0,31,0,0,80,6,86,0,13,98,6,117,114,28,142,259
12/04/2002,LNS,PA,AEA,EN,Federal Contract Tower,0,7,24,9,40,0,1,152,11,164,0,8,176,20,204,64,40,104,308
12/05/2002,LNS,PA,AEA,EN,Federal Contract Tower,0,7,9,0,16,0,0,0,0,0,0,7,9,0,16,0,0,0,16
12/06/2002,LNS,PA,AEA,EN,Federal Contract Tower,0,22,27,2,51,0,1,103,8,112,0,23,130,10,163,94,40,134,297
12/07/2002,LNS,PA,AEA,EN,Federal Contract Tower,0,7,34,0,41,0,0,172,0,172,0,7,206,0,213,190,0,190,403
12/08/2002,LNS,PA,AEA,EN,Federal Contract Tower,0,5,31,0,36,0,0,115,0,115,0,5,146,0,151,156,0,156,307
12/09/2002,LNS,PA,AEA,EN,Federal Contract Tower,0,12,33,2,47,0,0,140,0,140,0,12,173,2,187,126,0,126,313
12/10/2002,LNS,PA,AEA,EN,Federal Contract Tower,0,10,35,6,51,0,2,145,0,147,0,12,180,6,198,246,22,268,466
12/11/2002,LNS,PA,AEA,EN,Federal Contract Tower,0,8,1,0,9,0,0,0,0,0,0,8,1,0,9,0,0,0,9
12/12/2002,LNS,PA,AEA,EN,Federal Contract Tower,0,11,31,0,42,0,0,52,0,52,0,11,83,0,94,116,8,124,218
12/13/2002,LNS,PA,AEA,EN,Federal Contract Tower,0,8,24,0,32,0,0,0,0,0,0,8,24,0,32,8,0,8,40
12/14/2002,LNS,PA,AEA,EN,Federal Contract Tower,0,4,13,0,17,0,0,8,0,8,0,4,21,0,25,12,0,12,37
12/15/2002,LNS,PA,AEA,EN,Federal Contract Tower,0,5,24,0,29,0,1,198,0,199,0,6,222,0,228,154,0,154,382
12/16/2002,LNS,PA,AEA,EN,Federal Contract Tower,0,11,7,1,19,0,5,60,5,70,0,16,67,6,89,106,0,106,195
12/17/2002,LNS,PA,AEA,EN,Federal Contract Tower,0,13,53,3,69,0,3,242,7,252,0,16,295,10,321,214,0,214,535
12/18/2002,LNS,PA,AEA,EN,Federal Contract Tower,0,9,42,5,56,0,5,216,6,227,0,14,258,11,283,206,24,230,513
12/19/2002,LNS,PA,AEA,EN,Federal Contract Tower,0,11,38,0,49,0,0,64,4,68,0,11,102,4,117,46,0,46,163
12/20/2002,LNS,PA,AEA,EN,Federal Contract Tower,0,10,27,0,37,0,0,20,0,20,0,10,47,0,57,0,0,0,57
12/21/2002,LNS,PA,AEA,EN,Federal Contract Tower,0,7,27,0,34,0,0,100,0,100,0,7,127,0,134,84,0,84,218
12/22/2002,LNS,PA,AEA,EN,Federal Contract Tower,0,7,29,0,36,0,0,191,0,191,0,7,220,0,227,82,0,82,309
12/23/2002,LNS,PA,AEA,EN,Federal Contract Tower,0,9,23,4,36,0,2,141,4,147,0,11,164,8,183,130,0,130,313
12/24/2002,LNS,PA,AEA,EN,Federal Contract Tower,0,9,10,2,21,0,3,128,0,131,0,12,138,2,152,122,4,126,278
12/25/2002,LNS,PA,AEA,EN,Federal Contract Tower,0,2,2,0,4,0,0,0,0,0,0,2,2,0,4,0,0,0,4
12/26/2002,LNS,PA,AEA,EN,Federal Contract Tower,0,13,13,0,26,0,0,41,0,41,0,13,54,0,67,6,0,6,73
12/27/2002,LNS,PA,AEA,EN,Federal Contract Tower,0,10,41,0,51,0,1,85,0,86,0,11,126,0,137,129,0,129,266
12/28/2002,LNS,PA,AEA,EN,Federal Contract Tower,0,6,28,0,34,0,0,169,0,169,0,6,197,0,203,250,0,250,453
12/29/2002,LNS,PA,AEA,EN,Federal Contract Tower,0,5,25,0,30,0,0,122,0,122,0,5,147,0,152,108,0,108,260
12/30/2002,LNS,PA,AEA,EN,Federal Contract Tower,0,8,24,4,36,0,2,167,0,169,0,10,191,4,205,191,26,217,422
12/31/2002,LNS,PA,AEA,EN,Federal Contract Tower,0,1,13,3,17,0,0,4,1,5,0,1,17,4,22,20,0,20,42
01/01/2003,LNS,PA,AEA,EN,Federal Contract Tower,0,4,13,0,17,0,0,0,0,0,0,4,13,0,17,0,0,0,17
01/02/2003,LNS,PA,AEA,EN,Federal Contract Tower,0,13,26,0,39,0,0,36,0,36,0,13,62,0,75,92,0,92,167
01/03/2003,LNS,PA,AEA,EN,Federal Contract Tower,0,6,1,0,7,0,0,0,0,0,0,6,1,0,7,0,0,0,7
01/04/2003,LNS,PA,AEA,EN,Federal Contract Tower,0,6,13,1,20,0,0,34,1,35,0,6,47,2,55,170,0,170,225
01/05/2003,LNS,PA,AEA,EN,Federal Contract Tower,0,2,19,0,21,0,0,12,0,12,0,2,31,0,33,38,0,38,71
01/06/2003,LNS,PA,AEA,EN,Federal Contract Tower,0,8,23,0,31,0,0,2,0,2,0,8,25,0,33,0,0,0,33
01/07/2003,LNS,PA,AEA,EN,Federal Contract Tower,0,10,17,1,28,0,0,66,3,69,0,10,83,4,97,47,12,59,156
01/08/2003,LNS,PA,AEA,EN,Federal Contract Tower,0,7,27,5,39,0,2,83,11,96,0,9,110,16,135,182,6,188,323
01/09/2003,LNS,PA,AEA,EN,Federal Contract Tower,0,6,30,4,40,0,2,135,6,143,0,8,165,10,183,234,4,238,421
01/10/2003,LNS,PA,AEA,EN,Federal Contract Tower,0,24,26,4,54,0,4,118,6,128,0,28,144,10,182,128,12,140,322
01/11/2003,LNS,PA,AEA,EN,Federal Contract Tower,0,4,19,0,23,0,0,182,0,182,0,4,201,0,205,218,0,218,423
01/12/2003,LNS,PA,AEA,EN,Federal Contract Tower,0,5,18,1,24,0,0,134,7,141,0,5,152,8,165,156,2,158,323
01/13/2003,LNS,PA,AEA,EN,Federal Contract Tower,0,12,21,1,34,0,1,116,1,118,0,13,137,2,152,174,0,174,326
01/14/2003,LNS,PA,AEA,EN,Federal Contract Tower,0,13,34,4,51,0,5,151,0,156,0,18,185,4,207,268,12,280,487
01/15/2003,LNS,PA,AEA,EN,Federal Contract Tower,0,6,22,8,36,0,2,117,9,128,0,8,139,17,164,160,38,198,362
01/16/2003,LNS,PA,AEA,EN,Federal Contract Tower,0,12,45,1,58,0,3,146,1,150,0,15,191,2,208,168,0,168,376
01/17/2003,LNS,PA,AEA,EN,Federal Contract Tower,0,6,39,1,46,0,0,71,1,72,0,6,110,2,118,58,8,66,184
01/18/2003,LNS,PA,AEA,EN,Federal Contract Tower,0,6,40,0,46,0,0,296,0,296,0,6,336,0,342,338,0,338,680
01/19/2003,LNS,PA,AEA,EN,Federal Contract Tower,0,5,8,0,13,0,0,39,1,40,0,5,47,1,53,96,0,96,149
01/20/2003,LNS,PA,AEA,EN,Federal Contract Tower,0,8,22,0,30,0,1,37,1,39,0,9,59,1,69,58,0,58,127
01/21/2003,LNS,PA,AEA,EN,Federal Contract Tower,0,11,25,2,38,0,2,89,2,93,0,13,114,4,131,118,18,136,267
01/22/2003,LNS,PA,AEA,EN,Federal Contract Tower,0,7,18,2,27,0,4,52,0,56,0,11,70,2,83,72,4,76,159
01/23/2003,LNS,PA,AEA,EN,Federal Contract Tower,0,9,12,3,24,0,0,52,10,62,0,9,64,13,86,100,44,144,230
01/24/2003,LNS,PA,AEA,EN,Federal Contract Tower,0,7,33,2,42,0,0,104,2,106,0,7,137,4,148,38,12,50,198
01/25/2003,LNS,PA,AEA,EN,Federal Contract Tower,0,6,45,2,53,0,1,244,6,251,0,7,289,8,304,294,4,298,602
01/26/2003,LNS,PA,AEA,EN,Federal Contract Tower,0,5,27,0,32,0,0,97,0,97,0,5,124,0,129,172,0,172,301
01/27/2003,LNS,PA,AEA,EN,Federal Contract Tower,0,7,13,2,22,0,1,56,3,60,0,8,69,5,82,174,30,204,286
01/28/2003,LNS,PA,AEA,EN,Federal Contract Tower,0,12,22,5,39,0,0,94,7,101,0,12,116,12,140,142,20,162,302
01/29/2003,LNS,PA,AEA,EN,Federal Contract Tower,0,11,17,0,28,0,1,2,0,3,0,12,19,0,31,2,0,2,33
01/30/2003,LNS,PA,AEA,EN,Federal Contract Tower,0,11,56,4,71,0,0,136,2,138,0,11,192,6,209,188,12,200,409
01/31/2003,LNS,PA,AEA,EN,Federal Contract Tower,0,18,30,0,48,0,0,5,0,5,0,18,35,0,53,60,0,60,113
02/01/2003,LNS,PA,AEA,EN,Federal Contract Tower,0,4,4,0,8,0,0,4,0,4,0,4,8,0,12,0,0,0,12
02/02/2003,LNS,PA,AEA,EN,Federal Contract Tower,0,6,27,0,33,0,0,138,0,138,0,6,165,0,171,282,0,282,453
02/03/2003,LNS,PA,AEA,EN,Federal Contract Tower,0,8,34,3,45,0,0,192,4,196,0,8,226,7,241,144,4,148,389
02/04/2003,LNS,PA,AEA,EN,Federal Contract Tower,0,10,9,0,19,0,0,0,0,0,0,10,9,0,19,0,0,0,19
02/05/2003,LNS,PA,AEA,EN,Federal Contract Tower,0,5,23,6,34,0,5,113,3,121,0,10,136,9,155,76,0,76,231
02/06/2003,LNS,PA,AEA,EN,Federal Contract Tower,0,9,29,6,44,0,0,188,2,190,0,9,217,8,234,169,2,171,405
02/07/2003,LNS,PA,AEA,EN,Federal Contract Tower,0,10,15,0,25,0,0,4,0,4,0,10,19,0,29,6,0,6,35
02/08/2003,LNS,PA,AEA,EN,Federal Contract Tower,0,3,16,0,19,0,0,259,0,259,0,3,275,0,278,252,2,254,532
02/09/2003,LNS,PA,AEA,EN,Federal Contract Tower,0,6,41,2,49,0,1,212,0,213,0,7,253,2,262,154,2,156,418
02/10/2003,LNS,PA,AEA,EN,Federal Contract Tower,0,8,14,0,22,0,0,24,0,24,0,8,38,0,46,78,0,78,124
02/11/2003,LNS,PA,AEA,EN,Federal Contract Tower,0,9,28,0,37,0,0,94,0,94,0,9,122,0,131,164,4,168,299
02/12/2003,LNS,PA,AEA,EN,Federal Contract Tower,0,13,19,0,32,0,2,13,2,17,0,15,32,2,49,0,14,14,63
02/13/2003,LNS,PA,AEA,EN,Federal Contract Tower,0,10,40,4,54,0,1,88,2,91,0,11,128,6,145,179,14,193,338
02/14/2003,LNS,PA,AEA,EN,Federal Contract Tower,0,16,36,0,52,0,4,150,2,156,0,20,186,2,208,130,0,130,338
02/15/2003,LNS,PA,AEA,EN,Federal Contract Tower,0,7,18,0,25,0,0,57,0,57,0,7,75,0,82,102,0,102,184
02/16/2003,LNS,PA,AEA,EN,Federal Contract Tower,0,0,0,0,0,0,0,0,0,0,0,0,0,0,0,0,0,0,0
02/17/2003,LNS,PA,AEA,EN,Federal Contract Tower,0,0,0,0,0,0,0,0,0,0,0,0,0,0,0,0,0,0,0
02/18/2003,LNS,PA,AEA,EN,Federal Contract Tower,0,11,9,0,20,0,1,7,0,8,0,12,16,0,28,0,0,0,28
02/19/2003,LNS,PA,AEA,EN,Federal Contract Tower,0,8,24,0,32,0,0,36,0,36,0,8,60,0,68,26,0,26,94
02/20/2003,LNS,PA,AEA,EN,Federal Contract Tower,0,13,57,7,77,0,1,140,5,146,0,14,197,12,223,210,32,242,465
02/21/2003,LNS,PA,AEA,EN,Federal Contract Tower,0,12,59,2,73,0,0,78,2,80,0,12,137,4,153,70,0,70,223
02/22/2003,LNS,PA,AEA,EN,Federal Contract Tower,0,5,14,0,19,0,0,0,0,0,0,5,14,0,19,0,0,0,19
02/23/2003,LNS,PA,AEA,EN,Federal Contract Tower,0,5,4,0,9,0,1,6,0,7,0,6,10,0,16,0,0,0,16
02/24/2003,LNS,PA,AEA,EN,Federal Contract Tower,0,6,14,3,23,0,0,74,3,77,0,6,88,6,100,106,0,106,206
02/25/2003,LNS,PA,AEA,EN,Federal Contract Tower,0,9,38,9,56,0,5,157,9,171,0,14,195,18,227,146,12,158,385
02/26/2003,LNS,PA,AEA,EN,Federal Contract Tower,0,7,12,0,19,0,1,45,0,46,0,8,57,0,65,124,0,124,189
02/27/2003,LNS,PA,AEA,EN,Federal Contract Tower,0,16,16,6,38,0,0,29,2,31,0,16,45,8,69,40,6,46,115
02/28/2003,LNS,PA,AEA,EN,Federal Contract Tower,0,7,29,3,39,0,1,48,9,58,0,8,77,12,97,118,18,136,233
03/01/2003,LNS,PA,AEA,EN,Federal Contract Tower,0,5,19,0,24,0,0,0,0,0,0,5,19,0,24,58,0,58,82
03/02/2003,LNS,PA,AEA,EN,Federal Contract Tower,0,6,27,0,33,0,0,33,0,33,0,6,60,0,66,60,0,60,126
03/03/2003,LNS,PA,AEA,EN,Federal Contract Tower,0,9,27,3,39,0,3,125,5,133,0,12,152,8,172,234,0,234,406
03/04/2003,LNS,PA,AEA,EN,Federal Contract Tower,0,16,50,5,71,0,0,199,7,206,0,16,249,12,277,218,6,224,501
03/05/2003,LNS,PA,AEA,EN,Federal Contract Tower,0,11,44,4,59,0,0,63,5,68,0,11,107,9,127,114,24,138,265
03/06/2003,LNS,PA,AEA,EN,Federal Contract Tower,0,7,10,0,17,0,1,0,0,1,0,8,10,0,18,4,14,18,36
03/07/2003,LNS,PA,AEA,EN,Federal Contract Tower,0,9,74,3,86,0,1,175,0,176,0,10,249,3,262,138,0,138,400
03/08/2003,LNS,PA,AEA,EN,Federal Contract Tower,0,7,60,0,67,0,0,450,2,452,0,7,510,2,519,237,2,239,758
03/09/2003,LNS,PA,AEA,EN,Federal Contract Tower,0,6,11,0,17,0,0,100,0,100,0,6,111,0,117,150,0,150,267
03/10/2003,LNS,PA,AEA,EN,Federal Contract Tower,0,8,31,2,41,0,1,102,0,103,0,9,133,2,144,186,2,188,332
03/11/2003,LNS,PA,AEA,EN,Federal Contract Tower,0,6,37,1,44,0,1,122,1,124,0,7,159,2,168,252,0,252,420
03/12/2003,LNS,PA,AEA,EN,Federal Contract Tower,0,6,49,6,61,0,4,71,4,79,0,10,120,10,140,134,48,182,322
03/13/2003,LNS,PA,AEA,EN,Federal Contract Tower,0,5,25,0,30,0,0,30,6,36,0,5,55,6,66,36,0,36,102
03/14/2003,LNS,PA,AEA,EN,Federal Contract Tower,0,14,57,9,80,0,1,222,3,226,0,15,279,12,306,184,18,202,508
03/15/2003,LNS,PA,AEA,EN,Federal Contract Tower,0,2,39,1,42,0,0,379,1,380,0,2,418,2,422,254,2,256,678
03/16/2003,LNS,PA,AEA,EN,Federal Contract Tower,0,2,52,0,54,0,0,285,6,291,0,2,337,6,345,172,0,172,517
03/17/2003,LNS,PA,AEA,EN,Federal Contract Tower,0,11,61,9,81,0,3,38,3,44,0,14,99,12,125,12,0,12,137
03/18/2003,LNS,PA,AEA,EN,Federal Contract Tower,0,9,45,3,57,0,1,142,3,146,0,10,187,6,203,224,25,249,452
03/19/2003,LNS,PA,AEA,EN,Federal Contract Tower,0,8,53,4,65,0,0,117,6,123,0,8,170,10,188,198,14,212,400
03/20/2003,LNS,PA,AEA,EN,Federal Contract Tower,0,7,38,0,45,0,0,1,0,1,0,7,39,0,46,0,0,0,46
03/21/2003,LNS,PA,AEA,EN,Federal Contract Tower,0,11,76,1,88,0,0,5,1,6,0,11,81,2,94,68,2,70,164
03/22/2003,LNS,PA,AEA,EN,Federal Contract Tower,0,4,60,1,65,0,0,261,0,261,0,4,321,1,326,248,0,248,574
03/23/2003,LNS,PA,AEA,EN,Federal Contract Tower,0,5,45,0,50,0,0,352,0,352,0,5,397,0,402,278,0,278,680
03/24/2003,LNS,PA,AEA,EN,Federal Contract Tower,0,8,47,2,57,0,1,197,0,198,0,9,244,2,255,236,14,250,505
03/25/2003,LNS,PA,AEA,EN,Federal Contract Tower,0,5,62,3,70,0,0,195,3,198,0,5,257,6,268,138,12,150,418
03/26/2003,LNS,PA,AEA,EN,Federal Contract Tower,0,3,36,10,49,0,1,73,7,81,0,4,109,17,130,112,10,122,252
03/27/2003,LNS,PA,AEA,EN,Federal Contract Tower,0,12,82,4,98,0,2,214,4,220,0,14,296,8,318,226,18,244,562
03/28/2003,LNS,PA,AEA,EN,Federal Contract Tower,0,4,65,0,69,0,0,131,0,131,0,4,196,0,200,222,0,222,422
03/29/2003,LNS,PA,AEA,EN,Federal Contract Tower,0,2,34,0,36,0,0,13,0,13,0,2,47,0,49,16,0,16,65
03/30/2003,LNS,PA,AEA,EN,Federal Contract Tower,0,0,10,0,10,0,0,2,0,2,0,0,12,0,12,10,0,10,22
03/31/2003,LNS,PA,AEA,EN,Federal Contract Tower,0,2,27,7,36,0,0,73,2,75,0,2,100,9,111,84,12,96,207
04/01/2003,LNS,PA,AEA,EN,Federal Contract Tower,0,1,23,0,24,0,0,9,0,9,0,1,32,0,33,40,0,40,73
04/02/2003,LNS,PA,AEA,EN,Federal Contract Tower,0,4,45,4,53,0,0,264,0,264,0,4,309,4,317,280,4,284,601
04/03/2003,LNS,PA,AEA,EN,Federal Contract Tower,0,2,30,6,38,0,0,39,0,39,0,2,69,6,77,122,2,124,201
04/04/2003,LNS,PA,AEA,EN,Federal Contract Tower,0,4,53,2,59,0,0,0,0,0,0,4,53,2,59,0,0,0,59
04/05/2003,LNS,PA,AEA,EN,Federal Contract Tower,0,8,72,1,81,0,0,106,5,111,0,8,178,6,192,326,36,362,554
04/06/2003,LNS,PA,AEA,EN,Federal Contract Tower,0,7,76,9,92,0,2,273,11,286,0,9,349,20,378,294,24,318,696
04/07/2003,LNS,PA,AEA,EN,Federal Contract Tower,0,1,24,0,25,0,0,0,0,0,0,1,24,0,25,0,0,0,25
04/08/2003,LNS,PA,AEA,EN,Federal Contract Tower,0,3,81,0,84,0,0,37,0,37,0,3,118,0,121,166,0,166,287
04/09/2003,LNS,PA,AEA,EN,Federal Contract Tower,0,3,46,0,49,0,1,108,0,109,0,4,154,0,158,200,0,200,358
04/10/2003,LNS,PA,AEA,EN,Federal Contract Tower,0,6,52,2,60,0,6,317,0,323,0,12,369,2,383,198,8,206,589
04/11/2003,LNS,PA,AEA,EN,Federal Contract Tower,0,4,41,4,49,0,2,47,4,53,0,6,88,8,102,106,0,106,208
04/12/2003,LNS,PA,AEA,EN,Federal Contract Tower,0,4,42,7,53,0,3,90,1,94,0,7,132,8,147,130,38,168,315
04/13/2003,LNS,PA,AEA,EN,Federal Contract Tower,0,15,58,1,74,0,0,28,1,29,0,15,86,2,103,52,0,52,155
04/14/2003,LNS,PA,AEA,EN,Federal Contract Tower,0,0,54,0,54,0,0,187,0,187,0,0,241,0,241,262,0,262,503
04/15/2003,LNS,PA,AEA,EN,Federal Contract Tower,0,2,42,0,44,0,0,265,0,265,0,2,307,0,309,158,0,158,467
04/16/2003,LNS,PA,AEA,EN,Federal Contract Tower,0,1,61,4,66,0,0,195,5,200,0,1,256,9,266,216,0,216,482
04/17/2003,LNS,PA,AEA,EN,Federal Contract Tower,0,8,80,6,94,0,0,170,9,179,0,8,250,15,273,184,22,206,479
04/18/2003,LNS,PA,AEA,EN,Federal Contract Tower,0,9,79,6,94,0,0,9,0,9,0,9,88,6,103,96,32,128,231
04/19/2003,LNS,PA,AEA,EN,Federal Contract Tower,0,21,48,2,71,0,0,18,0,18,0,21,66,2,89,56,2,58,147
04/20/2003,LNS,PA,AEA,EN,Federal Contract Tower,0,14,48,1,63,0,2,0,1,3,0,16,48,2,66,70,0,70,136
04/21/2003,LNS,PA,AEA,EN,Federal Contract Tower,0,1,49,0,50,0,0,6,0,6,0,1,55,0,56,22,0,22,78
04/22/2003,LNS,PA,AEA,EN,Federal Contract Tower,0,2,56,0,58,0,0,70,0,70,0,2,126,0,128,145,0,145,273
04/23/2003,LNS,PA,AEA,EN,Federal Contract Tower,0,2,95,7,104,0,2,273,4,279,0,4,368,11,383,256,34,290,673
04/24/2003,LNS,PA,AEA,EN,Federal Contract Tower,0,5,57,3,65,0,0,286,2,288,0,5,343,5,353,274,6,280,633
04/25/2003,LNS,PA,AEA,EN,Federal Contract Tower,0,4,55,16,75,0,0,242,9,251,0,4,297,25,326,180,14,194,520
04/26/2003,LNS,PA,AEA,EN,Federal Contract Tower,0,7,80,6,93,0,3,158,6,167,0,10,238,12,260,266,0,266,526
04/27/2003,LNS,PA,AEA,EN,Federal Contract Tower,0,19,58,6,83,0,2,102,8,112,0,21,160,14,195,230,36,266,461
04/28/2003,LNS,PA,AEA,EN,Federal Contract Tower,0,3,46,0,49,0,0,270,2,272,0,3,316,2,321,156,0,156,477
04/29/2003,LNS,PA,AEA,EN,Federal Contract Tower,0,1,51,0,52,0,0,152,0,152,0,1,203,0,204,178,0,178,382
04/30/2003,LNS,PA,AEA,EN,Federal Contract Tower,0,0,46,8,54,0,2,109,4,115,0,2,155,12,169,130,22,152,321
05/01/2003,LNS,PA,AEA,EN,Federal Contract Tower,0,7,45,1,53,0,0,58,1,59,0,7,103,2,112,111,0,111,223
05/02/2003,LNS,PA,AEA,EN,Federal Contract Tower,0,5,72,19,96,0,0,73,7,80,0,5,145,26,176,88,32,120,296
05/03/2003,LNS,PA,AEA,EN,Federal Contract Tower,0,0,40,0,40,0,0,236,0,236,0,0,276,0,276,208,0,208,484
05/04/2003,LNS,PA,AEA,EN,Federal Contract Tower,0,5,44,1,50,0,0,297,1,298,0,5,341,2,348,282,10,292,640
05/05/2003,LNS,PA,AEA,EN,Federal Contract Tower,0,8,43,4,55,0,0,88,0,88,0,8,131,4,143,60,18,78,221
05/06/2003,LNS,PA,AEA,EN,Federal Contract Tower,0,6,45,3,54,0,4,37,3,44,0,10,82,6,98,244,0,244,342
05/07/2003,LNS,PA,AEA,EN,Federal Contract Tower,0,5,22,7,34,0,1,74,7,82,0,6,96,14,116,116,64,180,296
05/08/2003,LNS,PA,AEA,EN,Federal Contract Tower,0,2,49,0,51,0,0,30,0,30,0,2,79,0,81,189,0,189,270
05/09/2003,LNS,PA,AEA,EN,Federal Contract Tower,0,8,52,0,60,0,0,11,0,11,0,8,63,0,71,34,0,34,105
05/10/2003,LNS,PA,AEA,EN,Federal Contract Tower,0,0,19,0,19,0,0,36,0,36,0,0,55,0,55,118,0,118,173
05/11/2003,LNS,PA,AEA,EN,Federal Contract Tower,0,1,21,0,22,0,0,18,0,18,0,1,39,0,40,54,0,54,94
05/12/2003,LNS,PA,AEA,EN,Federal Contract Tower,0,5,36,7,48,0,3,54,1,58,0,8,90,8,106,28,46,74,180
05/13/2003,LNS,PA,AEA,EN,Federal Contract Tower,0,5,44,7,56,0,2,86,0,88,0,7,130,7,144,64,0,64,208
05/14/2003,LNS,PA,AEA,EN,Federal Contract Tower,0,7,81,4,92,0,7,280,4,291,0,14,361,8,383,154,2,156,539
05/15/2003,LNS,PA,AEA,EN,Federal Contract Tower,0,4,56,3,63,0,5,131,0,136,0,9,187,3,199,74,22,96,295
05/16/2003,LNS,PA,AEA,EN,Federal Contract Tower,0,7,32,6,45,0,0,0,2,2,0,7,32,8,47,6,12,18,65
05/17/2003,LNS,PA,AEA,EN,Federal Contract Tower,0,0,93,2,95,0,0,30,0,30,0,0,123,2,125,74,6,80,205
05/18/2003,LNS,PA,AEA,EN,Federal Contract Tower,0,2,54,3,59,0,0,182,3,185,0,2,236,6,244,294,0,294,538
05/19/2003,LNS,PA,AEA,EN,Federal Contract Tower,0,1,69,5,75,0,0,279,2,281,0,1,348,7,356,445,14,459,815
05/20/2003,LNS,PA,AEA,EN,Federal Contract Tower,0,8,61,6,75,0,0,313,11,324,0,8,374,17,399,296,6,302,701
05/21/2003,LNS,PA,AEA,EN,Federal Contract Tower,0,13,68,3,84,0,1,50,1,52,0,14,118,4,136,86,0,86,222
05/22/2003,LNS,PA,AEA,EN,Federal Contract Tower,0,17,54,3,74,0,4,77,5,86,0,21,131,8,160,112,12,124,284
05/23/2003,LNS,PA,AEA,EN,Federal Contract Tower,0,11,78,2,91,0,0,16,0,16,0,11,94,2,107,56,0,56,163
05/24/2003,LNS,PA,AEA,EN,Federal Contract Tower,0,4,39,0,43,0,0,1,0,1,0,4,40,0,44,0,0,0,44
05/25/2003,LNS,PA,AEA,EN,Federal Contract Tower,0,2,36,0,38,0,0,26,0,26,0,2,62,0,64,74,0,74,138
05/26/2003,LNS,PA,AEA,EN,Federal Contract Tower,0,1,52,0,53,0,0,17,0,17,0,1,69,0,70,22,0,22,92
05/27/2003,LNS,PA,AEA,EN,Federal Contract Tower,0,2,71,0,73,0,0,70,0,70,0,2,141,0,143,114,0,114,257
05/28/2003,LNS,PA,AEA,EN,Federal Contract Tower,0,6,37,3,46,0,0,32,2,34,0,6,69,5,80,74,10,84,164
05/29/2003,LNS,PA,AEA,EN,Federal Contract Tower,0,3,55,7,65,0,0,217,3,220,0,3,272,10,285,192,0,192,477
05/30/2003,LNS,PA,AEA,EN,Federal Contract Tower,0,14,59,4,77,0,4,288,4,296,0,18,347,8,373,240,0,240,613
05/31/2003,LNS,PA,AEA,EN,Federal Contract Tower,0,4,24,0,28,0,2,39,0,41,0,6,63,0,69,196,0,196,265
06/01/2003,LNS,PA,AEA,EN,Federal Contract Tower,0,0,23,0,23,0,1,9,0,10,0,1,32,0,33,40,0,40,73
06/02/2003,LNS,PA,AEA,EN,Federal Contract Tower,0,3,45,4,52,0,1,264,0,265,0,4,309,4,317,280,4,284,601
06/03/2003,LNS,PA,AEA,EN,Federal Contract Tower,0,2,29,6,37,0,0,40,0,40,0,2,69,6,77,122,2,124,201
06/04/2003,LNS,PA,AEA,EN,Federal Contract Tower,0,4,52,2,58,0,0,1,0,1,0,4,53,2,59,0,0,0,59
06/05/2003,LNS,PA,AEA,EN,Federal Contract Tower,0,8,71,2,81,0,0,107,4,111,0,8,178,6,192,326,36,362,554
06/06/2003,LNS,PA,AEA,EN,Federal Contract Tower,0,7,75,10,92,0,2,274,10,286,0,9,349,20,378,294,24,318,696
06/07/2003,LNS,PA,AEA,EN,Federal Contract Tower,0,1,23,0,24,0,0,1,0,1,0,1,24,0,25,0,0,0,25
06/08/2003,LNS,PA,AEA,EN,Federal Contract Tower,0,3,80,0,83,0,0,38,0,38,0,3,118,0,121,166,0,166,287
06/09/2003,LNS,PA,AEA,EN,Federal Contract Tower,0,3,45,0,48,0,1,109,0,110,0,4,154,0,158,200,0,200,358
06/10/2003,LNS,PA,AEA,EN,Federal Contract Tower,0,6,51,2,59,0,6,318,0,324,0,12,369,2,383,198,8,206,589
06/11/2003,LNS,PA,AEA,EN,Federal Contract Tower,0,4,40,5,49,0,2,48,3,53,0,6,88,8,102,106,0,106,208
06/12/2003,LNS,PA,AEA,EN,Federal Contract Tower,0,4,41,8,53,0,3,91,0,94,0,7,132,8,147,130,38,168,315
06/13/2003,LNS,PA,AEA,EN,Federal Contract Tower,0,15,58,1,74,0,0,28,1,29,0,15,86,2,103,52,0,52,155
06/14/2003,LNS,PA,AEA,EN,Federal Contract Tower,0,0,54,0,54,0,0,187,0,187,0,0,241,0,241,262,0,262,503
06/15/2003,LNS,PA,AEA,EN,Federal Contract Tower,0,2,42,0,44,0,0,265,0,265,0,2,307,0,309,158,0,158,467
06/16/2003,LNS,PA,AEA,EN,Federal Contract Tower,0,1,61,4,66,0,0,195,5,200,0,1,256,9,266,216,0,216,482
06/17/2003,LNS,PA,AEA,EN,Federal Contract Tower,0,8,80,6,94,0,0,170,9,179,0,8,250,15,273,184,22,206,479
06/18/2003,LNS,PA,AEA,EN,Federal Contract Tower,0,9,79,6,94,0,0,9,0,9,0,9,88,6,103,96,32,128,231
06/19/2003,LNS,PA,AEA,EN,Federal Contract Tower,0,21,48,2,71,0,0,18,0,18,0,21,66,2,89,56,2,58,147
06/20/2003,LNS,PA,AEA,EN,Federal Contract Tower,0,14,48,1,63,0,2,0,1,3,0,16,48,2,66,70,0,70,136
06/21/2003,LNS,PA,AEA,EN,Federal Contract Tower,0,1,49,0,50,0,0,6,0,6,0,1,55,0,56,22,0,22,78
06/22/2003,LNS,PA,AEA,EN,Federal Contract Tower,0,2,56,0,58,0,0,70,0,70,0,2,126,0,128,145,0,145,273
06/23/2003,LNS,PA,AEA,EN,Federal Contract Tower,0,2,95,7,104,0,2,273,4,279,0,4,368,11,383,256,34,290,673
06/24/2003,LNS,PA,AEA,EN,Federal Contract Tower,0,5,57,3,65,0,0,286,2,288,0,5,343,5,353,274,6,280,633
06/25/2003,LNS,PA,AEA,EN,Federal Contract Tower,0,4,65,4,73,0,0,232,21,253,0,4,297,25,326,180,14,194,520
06/26/2003,LNS,PA,AEA,EN,Federal Contract Tower,0,7,80,6,93,0,3,158,6,167,0,10,238,12,260,266,0,266,526
06/27/2003,LNS,PA,AEA,EN,Federal Contract Tower,0,19,58,6,83,0,2,102,8,112,0,21,160,14,195,230,36,266,461
06/28/2003,LNS,PA,AEA,EN,Federal Contract Tower,0,3,46,0,49,0,0,270,2,272,0,3,316,2,321,156,0,156,477
06/29/2003,LNS,PA,AEA,EN,Federal Contract Tower,0,1,51,0,52,0,0,152,0,152,0,1,203,0,204,178,0,178,382
06/30/2003,LNS,PA,AEA,EN,Federal Contract Tower,0,0,46,8,54,0,2,109,4,115,0,2,155,12,169,130,22,152,321
07/01/2003,LNS,PA,AEA,EN,Federal Contract Tower,0,0,50,8,58,0,2,284,3,289,0,2,334,11,347,241,18,259,606
07/02/2003,LNS,PA,AEA,EN,Federal Contract Tower,0,0,51,13,64,0,8,127,10,145,0,8,178,23,209,210,10,220,429
07/03/2003,LNS,PA,AEA,EN,Federal Contract Tower,0,0,62,0,62,0,7,86,0,93,0,7,148,0,155,80,0,80,235
07/04/2003,LNS,PA,AEA,EN,Federal Contract Tower,0,0,42,0,42,0,0,147,0,147,0,0,189,0,189,118,0,118,307
07/05/2003,LNS,PA,AEA,EN,Federal Contract Tower,0,0,27,0,27,0,0,127,0,127,0,0,154,0,154,92,0,92,246
07/06/2003,LNS,PA,AEA,EN,Federal Contract Tower,0,0,31,0,31,0,5,178,0,183,0,5,209,0,214,72,0,72,286
07/07/2003,LNS,PA,AEA,EN,Federal Contract Tower,0,0,46,3,49,0,4,125,3,132,0,4,171,6,181,72,46,118,299
07/08/2003,LNS,PA,AEA,EN,Federal Contract Tower,0,0,35,2,37,0,2,158,0,160,0,2,193,2,197,160,0,160,357
07/09/2003,LNS,PA,AEA,EN,Federal Contract Tower,0,0,49,2,51,0,2,131,2,135,0,2,180,4,186,160,0,160,346
07/10/2003,LNS,PA,AEA,EN,Federal Contract Tower,0,0,80,0,80,0,3,25,0,28,0,3,105,0,108,20,0,20,128
07/11/2003,LNS,PA,AEA,EN,Federal Contract Tower,0,0,37,4,41,0,22,85,3,110,0,22,122,7,151,76,0,76,227
07/12/2003,LNS,PA,AEA,EN,Federal Contract Tower,0,0,42,0,42,0,2,302,0,304,0,2,344,0,346,200,0,200,546
07/13/2003,LNS,PA,AEA,EN,Federal Contract Tower,0,0,43,1,44,0,2,309,1,312,0,2,352,2,356,156,0,156,512
07/14/2003,LNS,PA,AEA,EN,Federal Contract Tower,0,0,61,2,63,0,6,173,4,183,0,6,234,6,246,112,0,112,358
07/15/2003,LNS,PA,AEA,EN,Federal Contract Tower,0,0,87,6,93,0,14,185,5,204,0,14,272,11,297,206,20,226,523
07/16/2003,LNS,PA,AEA,EN,Federal Contract Tower,0,0,65,8,73,0,7,116,0,123,0,7,181,8,196,96,26,122,318
07/17/2003,LNS,PA,AEA,EN,Federal Contract Tower,0,0,78,8,86,0,11,307,4,322,0,11,385,12,408,266,12,278,686
07/18/2003,LNS,PA,AEA,EN,Federal Contract Tower,0,0,51,1,52,0,2,148,1,151,0,2,199,2,203,126,0,126,329
07/19/2003,LNS,PA,AEA,EN,Federal Contract Tower,0,0,35,0,35,0,0,235,0,235,0,0,270,0,270,178,0,178,448
07/20/2003,LNS,PA,AEA,EN,Federal Contract Tower,0,0,41,0,41,0,0,286,0,286,0,0,327,0,327,107,0,107,434
07/21/2003,LNS,PA,AEA,EN,Federal Contract Tower,0,0,27,8,35,0,3,62,8,73,0,3,89,16,108,82,44,126,234
07/22/2003,LNS,PA,AEA,EN,Federal Contract Tower,0,0,31,0,31,0,10,48,0,58,0,10,79,0,89,28,0,28,117
07/23/2003,LNS,PA,AEA,EN,Federal Contract Tower,0,0,39,0,39,0,8,60,0,68,0,8,99,0,107,174,0,174,281
07/24/2003,LNS,PA,AEA,EN,Federal Contract Tower,0,0,82,6,88,0,13,107,0,120,0,13,189,6,208,180,6,186,394
07/25/2003,LNS,PA,AEA,EN,Federal Contract Tower,0,0,72,6,78,0,3,293,0,296,0,3,365,6,374,93,2,95,469
07/26/2003,LNS,PA,AEA,EN,Federal Contract Tower,0,0,32,3,35,0,2,217,1,220,0,2,249,4,255,136,2,138,393
07/27/2003,LNS,PA,AEA,EN,Federal Contract Tower,0,0,43,0,43,0,3,106,0,109,0,3,149,0,152,32,0,32,184
07/28/2003,LNS,PA,AEA,EN,Federal Contract Tower,0,0,35,8,43,0,1,124,5,130,0,1,159,13,173,156,10,166,339
07/29/2003,LNS,PA,AEA,EN,Federal Contract Tower,0,0,66,4,70,0,5,269,2,276,0,5,335,6,346,268,0,268,614
07/30/2003,LNS,PA,AEA,EN,Federal Contract Tower,0,0,76,12,88,0,15,226,8,249,0,15,302,20,337,124,42,166,503
07/31/2003,LNS,PA,AEA,EN,Federal Contract Tower,0,0,71,18,89,0,7,65,14,86,0,7,136,32,175,32,14,46,221
08/01/2003,LNS,PA,AEA,EN,Federal Contract Tower,0,12,45,0,57,0,0,17,0,17,0,12,62,0,74,10,0,10,84
08/02/2003,LNS,PA,AEA,EN,Federal Contract Tower,0,0,43,2,45,0,0,68,0,68,0,0,111,2,113,86,0,86,199
08/03/2003,LNS,PA,AEA,EN,Federal Contract Tower,0,3,35,0,38,0,0,22,0,22,0,3,57,0,60,68,0,68,128
08/04/2003,LNS,PA,AEA,EN,Federal Contract Tower,0,6,28,5,39,0,0,36,1,37,0,6,64,6,76,8,4,12,88
08/05/2003,LNS,PA,AEA,EN,Federal Contract Tower,0,3,40,0,43,0,0,43,0,43,0,3,83,0,86,54,2,56,142
08/06/2003,LNS,PA,AEA,EN,Federal Contract Tower,0,7,46,8,61,0,0,117,5,122,0,7,163,13,183,136,30,166,349
08/07/2003,LNS,PA,AEA,EN,Federal Contract Tower,0,6,46,3,55,0,0,38,3,41,0,6,84,6,96,14,0,14,110
08/08/2003,LNS,PA,AEA,EN,Federal Contract Tower,0,1,70,8,79,0,1,41,0,42,0,2,111,8,121,32,8,40,161
08/09/2003,LNS,PA,AEA,EN,Federal Contract Tower,0,1,34,0,35,0,0,28,0,28,0,1,62,0,63,172,0,172,235
08/10/2003,LNS,PA,AEA,EN,Federal Contract Tower,0,3,55,0,58,0,1,80,0,81,0,4,135,0,139,82,0,82,221
08/11/2003,LNS,PA,AEA,EN,Federal Contract Tower,0,5,29,0,34,0,1,13,0,14,0,6,42,0,48,62,0,62,110
08/12/2003,LNS,PA,AEA,EN,Federal Contract Tower,0,13,58,9,80,0,2,86,3,91,0,15,144,12,171,144,2,146,317
08/13/2003,LNS,PA,AEA,EN,Federal Contract Tower,0,3,67,1,71,0,0,54,11,65,0,3,121,12,136,153,0,153,289
08/14/2003,LNS,PA,AEA,EN,Federal Contract Tower,0,10,63,4,77,0,0,232,9,241,0,10,295,13,318,422,18,440,758
08/15/2003,LNS,PA,AEA,EN,Federal Contract Tower,0,8,45,2,55,0,0,273,6,279,0,8,318,8,334,236,0,236,570
08/16/2003,LNS,PA,AEA,EN,Federal Contract Tower,0,3,12,0,15,0,0,16,0,16,0,3,28,0,31,10,0,10,41
08/17/2003,LNS,PA,AEA,EN,Federal Contract Tower,0,0,58,0,58,0,0,213,0,213,0,0,271,0,271,106,0,106,377
08/18/2003,LNS,PA,AEA,EN,Federal Contract Tower,0,1,44,2,47,0,1,235,3,239,0,2,279,5,286,156,0,156,442
08/19/2003,LNS,PA,AEA,EN,Federal Contract Tower,0,5,43,2,50,0,3,284,2,289,0,8,327,4,339,305,0,305,644
08/20/2003,LNS,PA,AEA,EN,Federal Contract Tower,0,5,50,4,59,0,4,179,4,187,0,9,229,8,246,291,16,307,553
08/21/2003,LNS,PA,AEA,EN,Federal Contract Tower,0,6,57,2,65,0,5,135,0,140,0,11,192,2,205,350,8,358,563
08/22/2003,LNS,PA,AEA,EN,Federal Contract Tower,0,15,50,12,77,0,6,106,5,117,0,21,156,17,194,260,118,378,572
08/23/2003,LNS,PA,AEA,EN,Federal Contract Tower,0,0,14,5,19,0,1,479,144,624,0,1,493,149,643,905,90,995,1638
08/24/2003,LNS,PA,AEA,EN,Federal Contract Tower,0,2,27,2,31,0,0,504,18,522,0,2,531,20,553,564,88,652,1205
08/25/2003,LNS,PA,AEA,EN,Federal Contract Tower,0,4,42,7,53,0,0,209,8,217,0,4,251,15,270,216,20,236,506
08/26/2003,LNS,PA,AEA,EN,Federal Contract Tower,0,5,40,9,54,0,0,85,3,88,0,5,125,12,142,189,0,189,331
08/27/2003,LNS,PA,AEA,EN,Federal Contract Tower,0,5,39,7,51,0,3,89,7,99,0,8,128,14,150,208,24,232,382
08/28/2003,LNS,PA,AEA,EN,Federal Contract Tower,0,11,55,5,71,0,3,299,12,314,0,14,354,17,385,132,10,142,527
08/29/2003,LNS,PA,AEA,EN,Federal Contract Tower,0,14,51,0,65,0,1,17,0,18,0,15,68,0,83,0,0,0,83
08/30/2003,LNS,PA,AEA,EN,Federal Contract Tower,0,3,38,0,41,0,0,72,0,72,0,3,110,0,113,146,0,146,259
08/31/2003,LNS,PA,AEA,EN,Federal Contract Tower,0,1,49,0,50,0,1,272,0,273,0,2,321,0,323,180,0,180,503
09/01/2003,LNS,PA,AEA,EN,Federal Contract Tower,0,1,38,0,39,0,0,7,0,7,0,1,45,0,46,4,0,4,50
09/02/2003,LNS,PA,AEA,EN,Federal Contract Tower,0,5,49,0,54,0,0,8,0,8,0,5,57,0,62,41,0,41,103
09/03/2003,LNS,PA,AEA,EN,Federal Contract Tower,0,2,34,0,36,0,0,0,0,0,0,2,34,0,36,0,0,0,36
09/04/2003,LNS,PA,AEA,EN,Federal Contract Tower,0,5,32,2,39,0,0,34,4,38,0,5,66,6,77,54,18,72,149
09/05/2003,LNS,PA,AEA,EN,Federal Contract Tower,0,14,76,5,95,0,4,264,3,271,0,18,340,8,366,194,20,214,580
09/06/2003,LNS,PA,AEA,EN,Federal Contract Tower,0,1,50,0,51,0,2,381,0,383,0,3,431,0,434,295,0,295,729
09/07/2003,LNS,PA,AEA,EN,Federal Contract Tower,0,1,38,0,39,0,0,309,0,309,0,1,347,0,348,290,0,290,638
09/08/2003,LNS,PA,AEA,EN,Federal Contract Tower,0,2,55,5,62,0,0,179,5,184,0,2,234,10,246,244,0,244,490
09/09/2003,LNS,PA,AEA,EN,Federal Contract Tower,0,1,68,1,70,0,1,146,1,148,0,2,214,2,218,184,44,228,446
09/10/2003,LNS,PA,AEA,EN,Federal Contract Tower,0,6,44,11,61,0,0,219,8,227,0,6,263,19,288,224,22,246,534
09/11/2003,LNS,PA,AEA,EN,Federal Contract Tower,0,14,62,4,80,0,4,236,4,244,0,18,298,8,324,202,20,222,546
09/12/2003,LNS,PA,AEA,EN,Federal Contract Tower,0,27,59,5,91,0,7,139,3,149,0,34,198,8,240,204,16,220,460
09/13/2003,LNS,PA,AEA,EN,Federal Contract Tower,0,3,34,2,39,0,0,8,0,8,0,3,42,2,47,0,0,0,47
09/14/2003,LNS,PA,AEA,EN,Federal Contract Tower,0,3,73,2,78,0,0,94,0,94,0,3,167,2,172,180,0,180,352
09/15/2003,LNS,PA,AEA,EN,Federal Contract Tower,0,3,16,1,20,0,0,10,1,11,0,3,26,2,31,30,0,30,61
09/16/2003,LNS,PA,AEA,EN,Federal Contract Tower,0,6,55,8,69,0,4,280,6,290,0,10,335,14,359,223,14,237,596
09/17/2003,LNS,PA,AEA,EN,Federal Contract Tower,0,3,49,1,53,0,0,199,2,201,0,3,248,3,254,242,40,282,536
09/18/2003,LNS,PA,AEA,EN,Federal Contract Tower,0,2,8,0,10,0,0,30,0,30,0,2,38,0,40,56,0,56,96
09/19/2003,LNS,PA,AEA,EN,Federal Contract Tower,0,1,5,0,6,0,0,11,3,14,0,1,16,3,20,0,0,0,20
09/20/2003,LNS,PA,AEA,EN,Federal Contract Tower,0,3,43,0,46,0,5,211,2,218,0,8,254,2,264,350,0,350,614
09/21/2003,LNS,PA,AEA,EN,Federal Contract Tower,0,6,40,2,48,0,4,295,6,305,0,10,335,8,353,372,18,390,743
09/22/2003,LNS,PA,AEA,EN,Federal Contract Tower,0,19,55,1,75,0,2,34,1,37,0,21,89,2,112,214,0,214,326
09/23/2003,LNS,PA,AEA,EN,Federal Contract Tower,0,4,35,5,44,0,5,93,1,99,0,9,128,6,143,160,26,186,329
09/24/2003,LNS,PA,AEA,EN,Federal Contract Tower,0,2,56,3,61,0,1,262,0,263,0,3,318,3,324,188,12,200,524
09/25/2003,LNS,PA,AEA,EN,Federal Contract Tower,0,3,28,0,31,0,2,68,3,73,0,5,96,3,104,110,8,118,222
09/26/2003,LNS,PA,AEA,EN,Federal Contract Tower,0,7,98,5,110,0,0,57,5,62,0,7,155,10,172,196,0,196,368
09/27/2003,LNS,PA,AEA,EN,Federal Contract Tower,0,0,52,0,52,0,0,37,0,37,0,0,89,0,89,134,0,134,223
09/28/2003,LNS,PA,AEA,EN,Federal Contract Tower,0,1,58,0,59,0,0,158,0,158,0,1,216,0,217,220,0,220,437
09/29/2003,LNS,PA,AEA,EN,Federal Contract Tower,0,6,35,2,43,0,6,193,6,205,0,12,228,8,248,256,8,264,512
09/30/2003,LNS,PA,AEA,EN,Federal Contract Tower,0,4,44,2,50,0,6,259,0,265,0,10,303,2,315,324,0,324,639
10/01/2003,LNS,PA,AEA,EN,Federal Contract Tower,0,11,38,7,56,0,3,104,5,112,0,14,142,12,168,188,16,204,372
10/02/2003,LNS,PA,AEA,EN,Federal Contract Tower,0,10,35,9,54,0,1,142,1,144,0,11,177,10,198,198,30,228,426
10/03/2003,LNS,PA,AEA,EN,Federal Contract Tower,0,4,60,0,64,0,0,214,0,214,0,4,274,0,278,165,0,165,443
10/04/2003,LNS,PA,AEA,EN,Federal Contract Tower,0,3,40,0,43,0,0,34,0,34,0,3,74,0,77,14,0,14,91
10/05/2003,LNS,PA,AEA,EN,Federal Contract Tower,0,0,36,0,36,0,0,168,0,168,0,0,204,0,204,188,0,188,392
10/06/2003,LNS,PA,AEA,EN,Federal Contract Tower,0,3,34,3,40,0,0,187,0,187,0,3,221,3,227,161,16,177,404
10/07/2003,LNS,PA,AEA,EN,Federal Contract Tower,0,13,39,0,52,0,0,199,2,201,0,13,238,2,253,362,0,362,615
10/08/2003,LNS,PA,AEA,EN,Federal Contract Tower,0,5,48,5,58,0,1,88,9,98,0,6,136,14,156,94,42,136,292
10/09/2003,LNS,PA,AEA,EN,Federal Contract Tower,0,12,64,6,82,0,4,135,8,147,0,16,199,14,229,206,42,248,477
10/10/2003,LNS,PA,AEA,EN,Federal Contract Tower,0,24,81,5,110,0,0,17,0,17,0,24,98,5,127,75,18,93,220
10/11/2003,LNS,PA,AEA,EN,Federal Contract Tower,0,7,56,0,63,0,1,189,2,192,0,8,245,2,255,192,4,196,451
10/12/2003,LNS,PA,AEA,EN,Federal Contract Tower,0,5,61,0,66,0,1,218,6,225,0,6,279,6,291,286,0,286,577
10/13/2003,LNS,PA,AEA,EN,Federal Contract Tower,0,8,55,0,63,0,0,263,0,263,0,8,318,0,326,222,0,222,548
10/14/2003,LNS,PA,AEA,EN,Federal Contract Tower,0,12,31,0,43,0,0,105,0,105,0,12,136,0,148,184,0,184,332
10/15/2003,LNS,PA,AEA,EN,Federal Contract Tower,0,8,17,0,25,0,0,28,0,28,0,8,45,0,53,0,0,0,53
10/16/2003,LNS,PA,AEA,EN,Federal Contract Tower,0,6,47,3,56,0,0,169,7,176,0,6,216,10,232,168,224,392,624
10/17/2003,LNS,PA,AEA,EN,Federal Contract Tower,0,19,61,1,81,0,2,105,7,114,0,21,166,8,195,184,62,246,441
10/18/2003,LNS,PA,AEA,EN,Federal Contract Tower,0,1,58,4,63,0,0,249,4,253,0,1,307,8,316,147,4,151,467
10/19/2003,LNS,PA,AEA,EN,Federal Contract Tower,0,3,34,3,40,0,0,195,3,198,0,3,229,6,238,84,0,84,322
10/20/2003,LNS,PA,AEA,EN,Federal Contract Tower,0,8,51,3,62,0,4,200,3,207,0,12,251,6,269,210,50,260,529
10/21/2003,LNS,PA,AEA,EN,Federal Contract Tower,0,5,51,2,58,0,4,127,0,131,0,9,178,2,189,190,0,190,379
10/22/2003,LNS,PA,AEA,EN,Federal Contract Tower,0,3,35,0,38,0,0,59,3,62,0,3,94,3,100,106,46,152,252
10/23/2003,LNS,PA,AEA,EN,Federal Contract Tower,0,12,106,2,120,0,0,96,12,108,0,12,202,14,228,214,84,298,526
10/24/2003,LNS,PA,AEA,EN,Federal Contract Tower,0,11,58,0,69,0,0,256,4,260,0,11,314,4,329,380,0,380,709
10/25/2003,LNS,PA,AEA,EN,Federal Contract Tower,0,0,47,0,47,0,0,243,2,245,0,0,290,2,292,228,0,228,520
10/26/2003,LNS,PA,AEA,EN,Federal Contract Tower,0,0,55,0,55,0,0,63,0,63,0,0,118,0,118,202,0,202,320
10/27/2003,LNS,PA,AEA,EN,Federal Contract Tower,0,3,25,0,28,0,0,1,0,1,0,3,26,0,29,2,0,2,31
10/28/2003,LNS,PA,AEA,EN,Federal Contract Tower,0,6,52,6,64,0,0,183,6,189,0,6,235,12,253,225,38,263,516
10/29/2003,LNS,PA,AEA,EN,Federal Contract Tower,0,4,35,5,44,0,1,24,1,26,0,5,59,6,70,48,74,122,192
10/30/2003,LNS,PA,AEA,EN,Federal Contract Tower,0,7,53,4,64,0,1,243,2,246,0,8,296,6,310,176,50,226,536
10/31/2003,LNS,PA,AEA,EN,Federal Contract Tower,0,3,62,2,67,0,0,271,4,275,0,3,333,6,342,240,0,240,582
11/01/2003,LNS,PA,AEA,EN,Federal Contract Tower,0,2,42,0,44,0,1,261,0,262,0,3,303,0,306,198,0,198,504
11/02/2003,LNS,PA,AEA,EN,Federal Contract Tower,0,3,49,0,52,0,2,168,2,172,0,5,217,2,224,288,14,302,526
11/03/2003,LNS,PA,AEA,EN,Federal Contract Tower,0,4,35,2,41,0,0,164,4,168,0,4,199,6,209,190,30,220,429
11/04/2003,LNS,PA,AEA,EN,Federal Contract Tower,0,10,50,1,61,0,0,156,4,160,0,10,206,5,221,206,14,220,441
11/05/2003,LNS,PA,AEA,EN,Federal Contract Tower,0,7,21,0,28,0,0,0,0,0,0,7,21,0,28,2,0,2,30
11/06/2003,LNS,PA,AEA,EN,Federal Contract Tower,0,31,78,0,109,0,0,6,0,6,0,31,84,0,115,2,0,2,117
11/07/2003,LNS,PA,AEA,EN,Federal Contract Tower,0,24,67,1,92,0,2,189,3,194,0,26,256,4,286,128,52,180,466
11/08/2003,LNS,PA,AEA,EN,Federal Contract Tower,0,1,38,0,39,0,1,149,0,150,0,2,187,0,189,116,0,116,305
11/09/2003,LNS,PA,AEA,EN,Federal Contract Tower,0,2,43,0,45,0,3,271,0,274,0,5,314,0,319,198,0,198,517
11/10/2003,LNS,PA,AEA,EN,Federal Contract Tower,0,9,66,0,75,0,3,246,0,249,0,12,312,0,324,140,0,140,464
11/11/2003,LNS,PA,AEA,EN,Federal Contract Tower,0,5,41,0,46,0,0,55,0,55,0,5,96,0,101,80,0,80,181
11/12/2003,LNS,PA,AEA,EN,Federal Contract Tower,0,5,25,0,30,0,0,2,0,2,0,5,27,0,32,0,0,0,32
11/13/2003,LNS,PA,AEA,EN,Federal Contract Tower,0,2,13,0,15,0,0,3,2,5,0,2,16,2,20,6,0,6,26
11/14/2003,LNS,PA,AEA,EN,Federal Contract Tower,0,13,22,8,43,0,1,21,6,28,0,14,43,14,71,26,116,142,213
11/15/2003,LNS,PA,AEA,EN,Federal Contract Tower,0,2,41,0,43,0,2,234,0,236,0,4,275,0,279,80,0,80,359
11/16/2003,LNS,PA,AEA,EN,Federal Contract Tower,0,3,54,4,61,0,4,195,0,199,0,7,249,4,260,182,8,190,450
11/17/2003,LNS,PA,AEA,EN,Federal Contract Tower,0,8,58,4,70,0,6,61,0,67,0,14,119,4,137,160,58,218,355
11/18/2003,LNS,PA,AEA,EN,Federal Contract Tower,0,2,65,0,67,0,0,1,0,1,0,2,66,0,68,38,0,38,106
11/19/2003,LNS,PA,AEA,EN,Federal Contract Tower,0,5,17,0,22,0,0,0,0,0,0,5,17,0,22,0,0,0,22
11/20/2003,LNS,PA,AEA,EN,Federal Contract Tower,0,5,36,5,46,0,1,136,7,144,0,6,172,12,190,180,122,302,492
11/21/2003,LNS,PA,AEA,EN,Federal Contract Tower,0,18,89,7,114,0,5,312,7,324,0,23,401,14,438,296,68,364,802
11/22/2003,LNS,PA,AEA,EN,Federal Contract Tower,0,2,63,0,65,0,1,421,2,424,0,3,484,2,489,370,0,370,859
11/23/2003,LNS,PA,AEA,EN,Federal Contract Tower,0,5,63,0,68,0,4,265,0,269,0,9,328,0,337,310,0,310,647
11/24/2003,LNS,PA,AEA,EN,Federal Contract Tower,0,4,20,12,36,0,3,52,0,55,0,7,72,12,91,144,14,158,249
11/25/2003,LNS,PA,AEA,EN,Federal Contract Tower,0,4,44,6,54,0,2,114,6,122,0,6,158,12,176,220,60,280,456
11/26/2003,LNS,PA,AEA,EN,Federal Contract Tower,0,4,58,2,64,0,1,172,0,173,0,5,230,2,237,244,20,264,501
11/27/2003,LNS,PA,AEA,EN,Federal Contract Tower,0,0,15,0,15,0,0,68,0,68,0,0,83,0,83,40,0,40,123
11/28/2003,LNS,PA,AEA,EN,Federal Contract Tower,0,3,19,0,22,0,0,3,0,3,0,3,22,0,25,0,0,0,25
11/29/2003,LNS,PA,AEA,EN,Federal Contract Tower,0,2,4,0,6,0,0,21,0,21,0,2,25,0,27,10,0,10,37
11/30/2003,LNS,PA,AEA,EN,Federal Contract Tower,0,7,42,0,49,0,2,212,0,214,0,9,254,0,263,142,0,142,405
12/01/2003,LNS,PA,AEA,EN,Federal Contract Tower,0,8,10,0,18,0,0,36,2,38,0,8,46,2,56,38,22,60,116
12/02/2003,LNS,PA,AEA,EN,Federal Contract Tower,0,7,35,1,43,0,8,41,0,49,0,15,76,1,92,84,0,84,176
12/03/2003,LNS,PA,AEA,EN,Federal Contract Tower,0,3,47,3,53,0,4,170,1,175,0,7,217,4,228,248,8,256,484
12/04/2003,LNS,PA,AEA,EN,Federal Contract Tower,0,8,46,0,54,0,0,155,2,157,0,8,201,2,211,174,82,256,467
12/05/2003,LNS,PA,AEA,EN,Federal Contract Tower,0,5,9,0,14,0,0,0,0,0,0,5,9,0,14,0,0,0,14
12/06/2003,LNS,PA,AEA,EN,Federal Contract Tower,0,3,3,0,6,0,0,9,0,9,0,3,12,0,15,44,0,44,59
12/07/2003,LNS,PA,AEA,EN,Federal Contract Tower,0,2,19,0,21,0,0,38,0,38,0,2,57,0,59,65,0,65,124
12/08/2003,LNS,PA,AEA,EN,Federal Contract Tower,0,7,42,0,49,0,7,134,8,149,0,14,176,8,198,238,182,420,618
12/09/2003,LNS,PA,AEA,EN,Federal Contract Tower,0,9,55,2,66,0,4,189,6,199,0,13,244,8,265,242,46,288,553
12/10/2003,LNS,PA,AEA,EN,Federal Contract Tower,0,7,34,3,44,0,6,86,5,97,0,13,120,8,141,96,10,106,247
12/11/2003,LNS,PA,AEA,EN,Federal Contract Tower,0,5,20,4,29,0,0,5,4,9,0,5,25,8,38,16,16,32,70
12/12/2003,LNS,PA,AEA,EN,Federal Contract Tower,0,8,53,2,63,0,0,112,0,112,0,8,165,2,175,117,4,121,296
12/13/2003,LNS,PA,AEA,EN,Federal Contract Tower,0,1,59,3,63,0,0,273,3,276,0,1,332,6,339,342,2,344,683
12/14/2003,LNS,PA,AEA,EN,Federal Contract Tower,0,1,5,0,6,0,0,0,0,0,0,1,5,0,6,0,0,0,6
12/15/2003,LNS,PA,AEA,EN,Federal Contract Tower,0,3,16,0,19,0,0,37,0,37,0,3,53,0,56,24,0,24,80
12/16/2003,LNS,PA,AEA,EN,Federal Contract Tower,0,3,53,4,60,0,1,200,4,205,0,4,253,8,265,192,0,192,457
12/17/2003,LNS,PA,AEA,EN,Federal Contract Tower,0,8,6,0,14,0,0,1,0,1,0,8,7,0,15,0,0,0,15
12/18/2003,LNS,PA,AEA,EN,Federal Contract Tower,0,6,45,2,53,0,5,103,0,108,0,11,148,2,161,202,0,202,363
12/19/2003,LNS,PA,AEA,EN,Federal Contract Tower,0,21,38,1,60,0,3,95,1,99,0,24,133,2,159,164,0,164,323
12/20/2003,LNS,PA,AEA,EN,Federal Contract Tower,0,4,31,0,35,0,1,199,0,200,0,5,230,0,235,154,0,154,389
12/21/2003,LNS,PA,AEA,EN,Federal Contract Tower,0,0,61,0,61,0,0,203,0,203,0,0,264,0,264,102,0,102,366
12/22/2003,LNS,PA,AEA,EN,Federal Contract Tower,0,5,44,3,52,0,2,212,5,219,0,7,256,8,271,136,4,140,411
12/23/2003,LNS,PA,AEA,EN,Federal Contract Tower,0,7,41,1,49,0,1,171,1,173,0,8,212,2,222,226,14,240,462
12/24/2003,LNS,PA,AEA,EN,Federal Contract Tower,0,0,10,0,10,0,0,24,0,24,0,0,34,0,34,22,0,22,56
12/25/2003,LNS,PA,AEA,EN,Federal Contract Tower,0,0,5,0,5,0,0,12,0,12,0,0,17,0,17,10,0,10,27
12/26/2003,LNS,PA,AEA,EN,Federal Contract Tower,0,6,38,0,44,0,2,129,0,131,0,8,167,0,175,92,0,92,267
12/27/2003,LNS,PA,AEA,EN,Federal Contract Tower,0,1,58,0,59,0,2,248,0,250,0,3,306,0,309,288,0,288,597
12/28/2003,LNS,PA,AEA,EN,Federal Contract Tower,0,6,45,0,51,0,1,310,0,311,0,7,355,0,362,238,0,238,600
12/29/2003,LNS,PA,AEA,EN,Federal Contract Tower,0,4,71,6,81,0,6,242,0,248,0,10,313,6,329,198,0,198,527
12/30/2003,LNS,PA,AEA,EN,Federal Contract Tower,0,4,17,0,21,0,0,20,0,20,0,4,37,0,41,26,0,26,67
12/31/2003,LNS,PA,AEA,EN,Federal Contract Tower,0,3,45,0,48,0,0,198,0,198,0,3,243,0,246,208,0,208,454
01/01/2004,LNS,PA,AEA,EN,Federal Contract Tower,0,0,23,0,23,0,0,154,0,154,0,0,177,0,177,112,0,112,289
01/02/2004,LNS,PA,AEA,EN,Federal Contract Tower,0,2,25,0,27,0,0,93,0,93,0,2,118,0,120,164,0,164,284
01/03/2004,LNS,PA,AEA,EN,Federal Contract Tower,0,2,76,0,78,0,0,52,0,52,0,2,128,0,130,130,0,130,260
01/04/2004,LNS,PA,AEA,EN,Federal Contract Tower,0,0,81,0,81,0,0,19,0,19,0,0,100,0,100,0,0,0,100
01/05/2004,LNS,PA,AEA,EN,Federal Contract Tower,0,2,14,0,16,0,0,1,0,1,0,2,15,0,17,4,0,4,21
01/06/2004,LNS,PA,AEA,EN,Federal Contract Tower,0,9,28,1,38,0,7,93,3,103,0,16,121,4,141,180,0,180,321
01/07/2004,LNS,PA,AEA,EN,Federal Contract Tower,0,4,19,1,24,0,4,81,1,86,0,8,100,2,110,48,0,48,158
01/08/2004,LNS,PA,AEA,EN,Federal Contract Tower,0,3,51,2,56,0,6,147,2,155,0,9,198,4,211,256,0,256,467
01/09/2004,LNS,PA,AEA,EN,Federal Contract Tower,0,11,44,2,57,0,4,151,0,155,0,15,195,2,212,286,0,286,498
01/10/2004,LNS,PA,AEA,EN,Federal Contract Tower,0,2,55,0,57,0,0,138,0,138,0,2,193,0,195,176,0,176,371
01/11/2004,LNS,PA,AEA,EN,Federal Contract Tower,0,0,43,0,43,0,0,227,2,229,0,0,270,2,272,238,2,240,512
01/12/2004,LNS,PA,AEA,EN,Federal Contract Tower,0,2,29,3,34,0,0,84,1,85,0,2,113,4,119,120,0,120,239
01/13/2004,LNS,PA,AEA,EN,Federal Contract Tower,0,5,37,4,46,0,1,65,2,68,0,6,102,6,114,180,10,190,304
01/14/2004,LNS,PA,AEA,EN,Federal Contract Tower,0,5,22,4,31,0,6,95,6,107,0,11,117,10,138,172,2,174,312
01/15/2004,LNS,PA,AEA,EN,Federal Contract Tower,0,14,25,2,41,0,3,25,2,30,0,17,50,4,71,80,8,88,159
01/16/2004,LNS,PA,AEA,EN,Federal Contract Tower,0,9,19,0,28,0,2,24,0,26,0,11,43,0,54,23,0,23,77
01/17/2004,LNS,PA,AEA,EN,Federal Contract Tower,0,7,40,0,47,0,2,150,0,152,0,9,190,0,199,314,0,314,513
01/18/2004,LNS,PA,AEA,EN,Federal Contract Tower,0,0,4,0,4,0,0,0,0,0,0,0,4,0,4,0,0,0,4
01/19/2004,LNS,PA,AEA,EN,Federal Contract Tower,0,3,19,2,24,0,0,24,2,26,0,3,43,4,50,10,0,10,60
01/20/2004,LNS,PA,AEA,EN,Federal Contract Tower,0,2,8,6,16,0,4,36,4,44,0,6,44,10,60,0,14,14,74
01/21/2004,LNS,PA,AEA,EN,Federal Contract Tower,0,3,40,4,47,0,1,160,3,164,0,4,200,7,211,206,32,238,449
01/22/2004,LNS,PA,AEA,EN,Federal Contract Tower,0,3,20,0,23,0,1,73,4,78,0,4,93,4,101,122,8,130,231
01/23/2004,LNS,PA,AEA,EN,Federal Contract Tower,0,17,28,2,47,0,3,108,2,113,0,20,136,4,160,106,10,116,276
01/24/2004,LNS,PA,AEA,EN,Federal Contract Tower,0,0,17,0,17,0,0,26,0,26,0,0,43,0,43,136,0,136,179
01/25/2004,LNS,PA,AEA,EN,Federal Contract Tower,0,2,26,0,28,0,0,108,0,108,0,2,134,0,136,110,0,110,246
01/26/2004,LNS,PA,AEA,EN,Federal Contract Tower,0,3,1,0,4,0,0,3,0,3,0,3,4,0,7,0,0,0,7
01/27/2004,LNS,PA,AEA,EN,Federal Contract Tower,0,3,3,0,6,0,0,0,0,0,0,3,3,0,6,22,0,22,28
01/28/2004,LNS,PA,AEA,EN,Federal Contract Tower,0,8,6,0,14,0,0,0,0,0,0,8,6,0,14,0,0,0,14
01/29/2004,LNS,PA,AEA,EN,Federal Contract Tower,0,2,28,8,38,0,1,67,7,75,0,3,95,15,113,84,44,128,241
01/30/2004,LNS,PA,AEA,EN,Federal Contract Tower,0,4,16,4,24,0,6,102,6,114,0,10,118,10,138,316,56,372,510
01/31/2004,LNS,PA,AEA,EN,Federal Contract Tower,0,0,23,0,23,0,6,136,0,142,0,6,159,0,165,278,0,278,443
02/01/2004,LNS,PA,AEA,EN,Federal Contract Tower,0,4,55,0,59,0,1,267,0,268,0,5,322,0,327,216,0,216,543
02/02/2004,LNS,PA,AEA,EN,Federal Contract Tower,0,4,30,2,36,0,6,166,2,174,0,10,196,4,210,250,0,250,460
02/03/2004,LNS,PA,AEA,EN,Federal Contract Tower,0,2,2,0,4,0,0,1,0,1,0,2,3,0,5,0,0,0,5
02/04/2004,LNS,PA,AEA,EN,Federal Contract Tower,0,1,31,6,38,0,1,99,3,103,0,2,130,9,141,162,42,204,345
02/05/2004,LNS,PA,AEA,EN,Federal Contract Tower,0,4,43,2,49,0,0,112,6,118,0,4,155,8,167,249,0,249,416
02/06/2004,LNS,PA,AEA,EN,Federal Contract Tower,0,3,3,0,6,0,0,0,0,0,0,3,3,0,6,0,0,0,6
02/07/2004,LNS,PA,AEA,EN,Federal Contract Tower,0,0,16,3,19,0,0,76,5,81,0,0,92,8,100,184,0,184,284
02/08/2004,LNS,PA,AEA,EN,Federal Contract Tower,0,6,44,1,51,0,0,169,3,172,0,6,213,4,223,248,22,270,493
02/09/2004,LNS,PA,AEA,EN,Federal Contract Tower,0,2,43,3,48,0,4,128,3,135,0,6,171,6,183,144,10,154,337
02/10/2004,LNS,PA,AEA,EN,Federal Contract Tower,0,8,47,2,57,0,6,185,2,193,0,14,232,4,250,240,4,244,494
02/11/2004,LNS,PA,AEA,EN,Federal Contract Tower,0,5,21,4,30,0,4,120,2,126,0,9,141,6,156,180,8,188,344
02/12/2004,LNS,PA,AEA,EN,Federal Contract Tower,0,0,47,2,49,0,0,84,2,86,0,0,131,4,135,165,16,181,316
02/13/2004,LNS,PA,AEA,EN,Federal Contract Tower,0,8,43,2,53,0,0,125,0,125,0,8,168,2,178,172,6,178,356
02/14/2004,LNS,PA,AEA,EN,Federal Contract Tower,0,4,55,0,59,0,0,200,0,200,0,4,255,0,259,208,0,208,467
02/15/2004,LNS,PA,AEA,EN,Federal Contract Tower,0,1,25,0,26,0,0,142,4,146,0,1,167,4,172,52,0,52,224
02/16/2004,LNS,PA,AEA,EN,Federal Contract Tower,0,3,21,0,24,0,4,217,0,221,0,7,238,0,245,190,0,190,435
02/17/2004,LNS,PA,AEA,EN,Federal Contract Tower,0,1,22,5,28,0,7,120,1,128,0,8,142,6,156,82,6,88,244
02/18/2004,LNS,PA,AEA,EN,Federal Contract Tower,0,4,35,0,39,0,9,134,2,145,0,13,169,2,184,93,0,93,277
02/19/2004,LNS,PA,AEA,EN,Federal Contract Tower,0,2,46,3,51,0,1,112,0,113,0,3,158,3,164,108,6,114,278
02/20/2004,LNS,PA,AEA,EN,Federal Contract Tower,0,8,65,5,78,0,0,171,3,174,0,8,236,8,252,188,6,194,446
02/21/2004,LNS,PA,AEA,EN,Federal Contract Tower,0,2,6,0,8,0,0,15,0,15,0,2,21,0,23,64,0,64,87
02/22/2004,LNS,PA,AEA,EN,Federal Contract Tower,0,3,54,0,57,0,0,146,0,146,0,3,200,0,203,150,0,150,353
02/23/2004,LNS,PA,AEA,EN,Federal Contract Tower,0,0,37,4,41,0,6,182,2,190,0,6,219,6,231,222,12,234,465
02/24/2004,LNS,PA,AEA,EN,Federal Contract Tower,0,7,13,0,20,0,0,2,0,2,0,7,15,0,22,16,0,16,38
02/25/2004,LNS,PA,AEA,EN,Federal Contract Tower,0,9,28,8,45,0,5,100,4,109,0,14,128,12,154,132,16,148,302
02/26/2004,LNS,PA,AEA,EN,Federal Contract Tower,0,11,41,0,52,0,0,217,0,217,0,11,258,0,269,172,0,172,441
02/27/2004,LNS,PA,AEA,EN,Federal Contract Tower,0,5,57,1,63,0,0,181,1,182,0,5,238,2,245,196,4,200,445
02/28/2004,LNS,PA,AEA,EN,Federal Contract Tower,0,1,48,0,49,0,0,378,0,378,0,1,426,0,427,252,0,252,679
02/29/2004,LNS,PA,AEA,EN,Federal Contract Tower,0,3,42,0,45,0,0,293,0,293,0,3,335,0,338,247,0,247,585
03/01/2004,LNS,PA,AEA,EN,Federal Contract Tower,0,5,20,7,32,0,0,104,3,107,0,5,124,10,139,186,12,198,337
03/02/2004,LNS,PA,AEA,EN,Federal Contract Tower,0,1,25,0,26,0,0,49,0,49,0,1,74,0,75,66,0,66,141
03/03/2004,LNS,PA,AEA,EN,Federal Contract Tower,0,2,57,6,65,0,0,212,6,218,0,2,269,12,283,138,38,176,459
03/04/2004,LNS,PA,AEA,EN,Federal Contract Tower,0,2,50,0,52,0,0,11,0,11,0,2,61,0,63,0,0,0,63
03/05/2004,LNS,PA,AEA,EN,Federal Contract Tower,0,1,44,0,45,0,0,9,0,9,0,1,53,0,54,38,0,38,92
03/06/2004,LNS,PA,AEA,EN,Federal Contract Tower,0,1,24,1,26,0,0,16,2,18,0,1,40,3,44,112,2,114,158
03/07/2004,LNS,PA,AEA,EN,Federal Contract Tower,0,1,51,1,53,0,0,245,1,246,0,1,296,2,299,264,0,264,563
03/08/2004,LNS,PA,AEA,EN,Federal Contract Tower,0,2,31,0,33,0,0,42,0,42,0,2,73,0,75,54,36,90,165
03/09/2004,LNS,PA,AEA,EN,Federal Contract Tower,0,2,39,5,46,0,0,88,5,93,0,2,127,10,139,112,12,124,263
03/10/2004,LNS,PA,AEA,EN,Federal Contract Tower,0,2,35,7,44,0,7,70,7,84,0,9,105,14,128,92,30,122,250
03/11/2004,LNS,PA,AEA,EN,Federal Contract Tower,0,15,55,4,74,0,2,257,4,263,0,17,312,8,337,142,10,152,489
03/12/2004,LNS,PA,AEA,EN,Federal Contract Tower,0,0,32,1,33,0,0,32,0,32,0,0,64,1,65,46,8,54,119
03/13/2004,LNS,PA,AEA,EN,Federal Contract Tower,0,0,40,0,40,0,0,194,0,194,0,0,234,0,234,230,0,230,464
03/14/2004,LNS,PA,AEA,EN,Federal Contract Tower,0,2,46,0,48,0,0,259,2,261,0,2,305,2,309,270,0,270,579
03/15/2004,LNS,PA,AEA,EN,Federal Contract Tower,0,1,47,2,50,0,1,127,0,128,0,2,174,2,178,213,2,215,393
03/16/2004,LNS,PA,AEA,EN,Federal Contract Tower,0,12,9,0,21,0,0,0,0,0,0,12,9,0,21,0,0,0,21
03/17/2004,LNS,PA,AEA,EN,Federal Contract Tower,0,3,24,0,27,0,0,6,0,6,0,3,30,0,33,120,0,120,153
03/18/2004,LNS,PA,AEA,EN,Federal Contract Tower,0,7,34,4,45,0,6,122,3,131,0,13,156,7,176,122,14,136,312
03/19/2004,LNS,PA,AEA,EN,Federal Contract Tower,0,12,22,3,37,0,3,60,1,64,0,15,82,4,101,96,0,96,197
03/20/2004,LNS,PA,AEA,EN,Federal Contract Tower,0,0,55,0,55,0,0,220,0,220,0,0,275,0,275,142,0,142,417
03/21/2004,LNS,PA,AEA,EN,Federal Contract Tower,0,3,19,0,22,0,0,19,0,19,0,3,38,0,41,0,0,0,41
03/22/2004,LNS,PA,AEA,EN,Federal Contract Tower,0,1,15,3,19,0,0,109,1,110,0,1,124,4,129,128,12,140,269
03/23/2004,LNS,PA,AEA,EN,Federal Contract Tower,0,5,49,0,54,0,4,216,0,220,0,9,265,0,274,207,0,207,481
03/24/2004,LNS,PA,AEA,EN,Federal Contract Tower,0,3,52,6,61,0,2,195,4,201,0,5,247,10,262,173,38,211,473
03/25/2004,LNS,PA,AEA,EN,Federal Contract Tower,0,3,58,4,65,0,6,79,0,85,0,9,137,4,150,299,12,311,461
03/26/2004,LNS,PA,AEA,EN,Federal Contract Tower,0,18,62,2,82,0,4,171,0,175,0,22,233,2,257,140,2,142,399
03/27/2004,LNS,PA,AEA,EN,Federal Contract Tower,0,3,82,0,85,0,2,71,0,73,0,5,153,0,158,188,0,188,346
03/28/2004,LNS,PA,AEA,EN,Federal Contract Tower,0,1,68,0,69,0,0,272,2,274,0,1,340,2,343,152,0,152,495
03/29/2004,LNS,PA,AEA,EN,Federal Contract Tower,0,2,45,0,47,0,0,147,0,147,0,2,192,0,194,176,0,176,370
03/30/2004,LNS,PA,AEA,EN,Federal Contract Tower,0,5,35,7,47,0,0,31,1,32,0,5,66,8,79,54,12,66,145
03/31/2004,LNS,PA,AEA,EN,Federal Contract Tower,0,5,25,2,32,0,0,11,0,11,0,5,36,2,43,48,0,48,91
04/01/2004,LNS,PA,AEA,EN,Federal Contract Tower,0,11,22,4,37,0,0,14,2,16,0,11,36,6,53,26,30,56,109
04/02/2004,LNS,PA,AEA,EN,Federal Contract Tower,0,20,43,4,67,0,0,10,4,14,0,20,53,8,81,48,16,64,145
04/03/2004,LNS,PA,AEA,EN,Federal Contract Tower,0,3,65,0,68,0,0,53,0,53,0,3,118,0,121,146,0,146,267
04/04/2004,LNS,PA,AEA,EN,Federal Contract Tower,0,0,11,0,11,0,0,7,0,7,0,0,18,0,18,10,0,10,28
04/05/2004,LNS,PA,AEA,EN,Federal Contract Tower,0,5,15,6,26,0,4,38,0,42,0,9,53,6,68,14,26,40,108
04/06/2004,LNS,PA,AEA,EN,Federal Contract Tower,0,2,28,1,31,0,0,123,1,124,0,2,151,2,155,112,0,112,267
04/07/2004,LNS,PA,AEA,EN,Federal Contract Tower,0,8,34,12,54,0,0,181,2,183,0,8,215,14,237,168,6,174,411
04/08/2004,LNS,PA,AEA,EN,Federal Contract Tower,0,18,49,2,69,0,6,122,4,132,0,24,171,6,201,228,0,228,429
04/09/2004,LNS,PA,AEA,EN,Federal Contract Tower,0,22,36,4,62,0,3,243,4,250,0,25,279,8,312,215,14,229,541
04/10/2004,LNS,PA,AEA,EN,Federal Contract Tower,0,2,62,0,64,0,1,385,0,386,0,3,447,0,450,270,0,270,720
04/11/2004,LNS,PA,AEA,EN,Federal Contract Tower,0,7,28,0,35,0,0,14,0,14,0,7,42,0,49,30,0,30,79
04/12/2004,LNS,PA,AEA,EN,Federal Contract Tower,0,1,30,0,31,0,0,13,0,13,0,1,43,0,44,110,0,110,154
04/13/2004,LNS,PA,AEA,EN,Federal Contract Tower,0,5,20,0,25,0,0,0,0,0,0,5,20,0,25,74,0,74,99
04/14/2004,LNS,PA,AEA,EN,Federal Contract Tower,0,3,28,11,42,0,0,14,0,14,0,3,42,11,56,102,18,120,176
04/15/2004,LNS,PA,AEA,EN,Federal Contract Tower,0,4,31,4,39,0,0,124,2,126,0,4,155,6,165,174,0,174,339
04/16/2004,LNS,PA,AEA,EN,Federal Contract Tower,0,22,31,0,53,0,3,339,0,342,0,25,370,0,395,224,0,224,619
04/17/2004,LNS,PA,AEA,EN,Federal Contract Tower,0,1,53,0,54,0,14,358,0,372,0,15,411,0,426,286,0,286,712
04/18/2004,LNS,PA,AEA,EN,Federal Contract Tower,0,12,31,1,44,0,1,257,1,259,0,13,288,2,303,216,0,216,519
04/19/2004,LNS,PA,AEA,EN,Federal Contract Tower,0,8,36,0,44,0,6,92,0,98,0,14,128,0,142,118,0,118,260
04/20/2004,LNS,PA,AEA,EN,Federal Contract Tower,0,0,45,16,61,0,8,216,2,226,0,8,261,18,287,244,38,282,569
04/21/2004,LNS,PA,AEA,EN,Federal Contract Tower,0,2,48,7,57,0,1,63,14,78,0,3,111,21,135,203,62,265,400
04/22/2004,LNS,PA,AEA,EN,Federal Contract Tower,0,4,31,5,40,0,0,47,2,49,0,4,78,7,89,148,32,180,269
04/23/2004,LNS,PA,AEA,EN,Federal Contract Tower,0,13,78,5,96,0,4,37,0,41,0,17,115,5,137,173,42,215,352
04/24/2004,LNS,PA,AEA,EN,Federal Contract Tower,0,3,38,0,41,0,0,216,0,216,0,3,254,0,257,181,0,181,438
04/25/2004,LNS,PA,AEA,EN,Federal Contract Tower,0,4,49,0,53,0,0,92,0,92,0,4,141,0,145,72,0,72,217
04/26/2004,LNS,PA,AEA,EN,Federal Contract Tower,0,8,19,0,27,0,0,2,0,2,0,8,21,0,29,0,0,0,29
04/27/2004,LNS,PA,AEA,EN,Federal Contract Tower,0,10,38,25,73,0,5,115,21,141,0,15,153,46,214,200,132,332,546
04/28/2004,LNS,PA,AEA,EN,Federal Contract Tower,0,4,63,2,69,0,0,210,4,214,0,4,273,6,283,320,8,328,611
04/29/2004,LNS,PA,AEA,EN,Federal Contract Tower,0,9,56,14,79,0,3,221,0,224,0,12,277,14,303,290,30,320,623
04/30/2004,LNS,PA,AEA,EN,Federal Contract Tower,0,2,60,3,65,0,1,254,0,255,0,3,314,3,320,198,0,198,518
05/01/2004,LNS,PA,AEA,EN,Federal Contract Tower,0,2,43,0,45,0,0,141,0,141,0,2,184,0,186,96,0,96,282
05/02/2004,LNS,PA,AEA,EN,Federal Contract Tower,0,6,42,0,48,0,0,25,0,25,0,6,67,0,73,120,0,120,193
05/03/2004,LNS,PA,AEA,EN,Federal Contract Tower,0,10,45,4,59,0,1,41,0,42,0,11,86,4,101,102,4,106,207
05/04/2004,LNS,PA,AEA,EN,Federal Contract Tower,0,5,46,4,55,0,0,199,7,206,0,5,245,11,261,168,31,199,460
05/05/2004,LNS,PA,AEA,EN,Federal Contract Tower,0,6,53,6,65,0,3,119,3,125,0,9,172,9,190,198,54,252,442
05/06/2004,LNS,PA,AEA,EN,Federal Contract Tower,0,18,70,2,90,0,5,391,4,400,0,23,461,6,490,450,56,506,996
05/07/2004,LNS,PA,AEA,EN,Federal Contract Tower,0,16,41,3,60,0,4,128,5,137,0,20,169,8,197,188,71,259,456
05/08/2004,LNS,PA,AEA,EN,Federal Contract Tower,0,0,46,0,46,0,2,251,0,253,0,2,297,0,299,264,0,264,563
05/09/2004,LNS,PA,AEA,EN,Federal Contract Tower,0,5,58,0,63,0,0,119,0,119,0,5,177,0,182,106,0,106,288
05/10/2004,LNS,PA,AEA,EN,Federal Contract Tower,0,5,39,1,45,0,2,117,3,122,0,7,156,4,167,151,16,167,334
05/11/2004,LNS,PA,AEA,EN,Federal Contract Tower,0,6,35,2,43,0,0,116,6,122,0,6,151,8,165,166,8,174,339
05/12/2004,LNS,PA,AEA,EN,Federal Contract Tower,0,9,45,3,57,0,0,178,1,179,0,9,223,4,236,152,12,164,400
05/13/2004,LNS,PA,AEA,EN,Federal Contract Tower,0,4,57,4,65,0,1,166,10,177,0,5,223,14,242,229,44,273,515
05/14/2004,LNS,PA,AEA,EN,Federal Contract Tower,0,21,53,3,77,0,5,84,3,92,0,26,137,6,169,144,12,156,325
05/15/2004,LNS,PA,AEA,EN,Federal Contract Tower,0,5,37,0,42,0,1,184,0,185,0,6,221,0,227,138,0,138,365
05/16/2004,LNS,PA,AEA,EN,Federal Contract Tower,0,1,44,0,45,0,0,188,0,188,0,1,232,0,233,196,20,216,449
05/17/2004,LNS,PA,AEA,EN,Federal Contract Tower,0,5,43,6,54,0,3,102,0,105,0,8,145,6,159,125,4,129,288
05/18/2004,LNS,PA,AEA,EN,Federal Contract Tower,0,9,31,0,40,0,2,45,0,47,0,11,76,0,87,123,0,123,210
05/19/2004,LNS,PA,AEA,EN,Federal Contract Tower,0,7,38,0,45,0,0,24,0,24,0,7,62,0,69,60,0,60,129
05/20/2004,LNS,PA,AEA,EN,Federal Contract Tower,0,7,68,6,81,0,0,73,4,77,0,7,141,10,158,100,28,128,286
05/21/2004,LNS,PA,AEA,EN,Federal Contract Tower,0,4,46,1,51,0,0,67,1,68,0,4,113,2,119,118,16,134,253
05/22/2004,LNS,PA,AEA,EN,Federal Contract Tower,0,1,40,0,41,0,0,209,0,209,0,1,249,0,250,262,0,262,512
05/23/2004,LNS,PA,AEA,EN,Federal Contract Tower,0,1,56,0,57,0,0,186,0,186,0,1,242,0,243,213,0,213,456
05/24/2004,LNS,PA,AEA,EN,Federal Contract Tower,0,1,28,5,34,0,0,108,1,109,0,1,136,6,143,154,24,178,321
05/25/2004,LNS,PA,AEA,EN,Federal Contract Tower,0,3,41,2,46,0,2,209,0,211,0,5,250,2,257,111,2,113,370
05/26/2004,LNS,PA,AEA,EN,Federal Contract Tower,0,8,39,0,47,0,2,19,0,21,0,10,58,0,68,184,0,184,252
05/27/2004,LNS,PA,AEA,EN,Federal Contract Tower,0,8,58,0,66,0,3,148,0,151,0,11,206,0,217,219,0,219,436
05/28/2004,LNS,PA,AEA,EN,Federal Contract Tower,0,9,55,0,64,0,5,152,0,157,0,14,207,0,221,256,0,256,477
05/29/2004,LNS,PA,AEA,EN,Federal Contract Tower,0,0,61,0,61,0,0,273,0,273,0,0,334,0,334,214,0,214,548
05/30/2004,LNS,PA,AEA,EN,Federal Contract Tower,0,0,47,0,47,0,0,209,0,209,0,0,256,0,256,242,0,242,498
05/31/2004,LNS,PA,AEA,EN,Federal Contract Tower,0,3,41,0,44,0,0,12,0,12,0,3,53,0,56,26,0,26,82
06/01/2004,LNS,PA,AEA,EN,Federal Contract Tower,0,5,31,2,38,0,0,77,0,77,0,5,108,2,115,80,4,84,199
06/02/2004,LNS,PA,AEA,EN,Federal Contract Tower,0,4,38,1,43,0,0,106,3,109,0,4,144,4,152,177,0,177,329
06/03/2004,LNS,PA,AEA,EN,Federal Contract Tower,0,8,59,5,72,0,7,210,5,222,0,15,269,10,294,227,0,227,521
06/04/2004,LNS,PA,AEA,EN,Federal Contract Tower,0,14,60,4,78,0,4,226,0,230,0,18,286,4,308,280,10,290,598
06/05/2004,LNS,PA,AEA,EN,Federal Contract Tower,0,1,44,0,45,0,0,5,0,5,0,1,49,0,50,2,0,2,52
06/06/2004,LNS,PA,AEA,EN,Federal Contract Tower,0,1,115,0,116,0,1,40,0,41,0,2,155,0,157,168,0,168,325
06/07/2004,LNS,PA,AEA,EN,Federal Contract Tower,0,4,64,1,69,0,0,99,4,103,0,4,163,5,172,255,20,275,447
06/08/2004,LNS,PA,AEA,EN,Federal Contract Tower,0,8,74,0,82,0,0,126,4,130,0,8,200,4,212,144,10,154,366
06/09/2004,LNS,PA,AEA,EN,Federal Contract Tower,0,3,49,2,54,0,0,128,0,128,0,3,177,2,182,273,20,293,475
06/10/2004,LNS,PA,AEA,EN,Federal Contract Tower,0,7,20,7,34,0,2,100,3,105,0,9,120,10,139,174,24,198,337
06/11/2004,LNS,PA,AEA,EN,Federal Contract Tower,0,11,76,0,87,0,1,3,0,4,0,12,79,0,91,6,0,6,97
06/12/2004,LNS,PA,AEA,EN,Federal Contract Tower,0,2,61,0,63,0,1,483,0,484,0,3,544,0,547,198,0,198,745
06/13/2004,LNS,PA,AEA,EN,Federal Contract Tower,0,0,42,0,42,0,0,162,0,162,0,0,204,0,204,213,0,213,417
06/14/2004,LNS,PA,AEA,EN,Federal Contract Tower,0,5,30,2,37,0,0,31,0,31,0,5,61,2,68,86,6,92,160
06/15/2004,LNS,PA,AEA,EN,Federal Contract Tower,0,8,61,3,72,0,0,71,0,71,0,8,132,3,143,108,0,108,251
06/16/2004,LNS,PA,AEA,EN,Federal Contract Tower,0,5,97,1,103,0,0,33,1,34,0,5,130,2,137,250,10,260,397
06/17/2004,LNS,PA,AEA,EN,Federal Contract Tower,0,5,56,0,61,0,0,19,0,19,0,5,75,0,80,52,0,52,132
06/18/2004,LNS,PA,AEA,EN,Federal Contract Tower,0,13,59,4,76,0,3,178,0,181,0,16,237,4,257,266,0,266,523
06/19/2004,LNS,PA,AEA,EN,Federal Contract Tower,0,10,57,0,67,0,0,269,0,269,0,10,326,0,336,286,0,286,622
06/20/2004,LNS,PA,AEA,EN,Federal Contract Tower,0,6,31,0,37,0,6,322,0,328,0,12,353,0,365,126,0,126,491
06/21/2004,LNS,PA,AEA,EN,Federal Contract Tower,0,11,64,2,77,0,0,294,0,294,0,11,358,2,371,210,0,210,581
06/22/2004,LNS,PA,AEA,EN,Federal Contract Tower,0,4,39,4,47,0,2,72,0,74,0,6,111,4,121,88,18,106,227
06/23/2004,LNS,PA,AEA,EN,Federal Contract Tower,0,6,46,3,55,0,1,165,5,171,0,7,211,8,226,206,6,212,438
06/24/2004,LNS,PA,AEA,EN,Federal Contract Tower,0,8,78,2,88,0,1,151,4,156,0,9,229,6,244,180,16,196,440
06/25/2004,LNS,PA,AEA,EN,Federal Contract Tower,0,15,51,2,68,0,0,63,1,64,0,15,114,3,132,118,2,120,252
06/26/2004,LNS,PA,AEA,EN,Federal Contract Tower,0,6,70,2,78,0,13,146,2,161,0,19,216,4,239,138,0,138,377
06/27/2004,LNS,PA,AEA,EN,Federal Contract Tower,0,1,44,0,45,0,3,321,0,324,0,4,365,0,369,232,0,232,601
06/28/2004,LNS,PA,AEA,EN,Federal Contract Tower,0,6,45,6,57,0,3,230,12,245,0,9,275,18,302,186,16,202,504
06/29/2004,LNS,PA,AEA,EN,Federal Contract Tower,0,4,48,3,55,0,5,237,3,245,0,9,285,6,300,146,10,156,456
06/30/2004,LNS,PA,AEA,EN,Federal Contract Tower,0,3,46,4,53,0,2,212,5,219,0,5,258,9,272,176,8,184,456
07/01/2004,LNS,PA,AEA,EN,Federal Contract Tower,0,9,61,2,72,0,3,58,2,63,0,12,119,4,135,42,20,62,197
07/02/2004,LNS,PA,AEA,EN,Federal Contract Tower,0,12,53,0,65,0,0,128,0,128,0,12,181,0,193,196,0,196,389
07/03/2004,LNS,PA,AEA,EN,Federal Contract Tower,0,0,42,0,42,0,0,238,0,238,0,0,280,0,280,174,0,174,454
07/04/2004,LNS,PA,AEA,EN,Federal Contract Tower,0,0,21,0,21,0,0,24,0,24,0,0,45,0,45,74,0,74,119
07/05/2004,LNS,PA,AEA,EN,Federal Contract Tower,0,6,35,0,41,0,3,137,0,140,0,9,172,0,181,296,0,296,477
07/06/2004,LNS,PA,AEA,EN,Federal Contract Tower,0,2,45,0,47,0,4,269,0,273,0,6,314,0,320,218,0,218,538
07/07/2004,LNS,PA,AEA,EN,Federal Contract Tower,0,4,50,5,59,0,4,87,5,96,0,8,137,10,155,87,4,91,246
07/08/2004,LNS,PA,AEA,EN,Federal Contract Tower,0,6,48,2,56,0,2,140,6,148,0,8,188,8,204,203,0,203,407
07/09/2004,LNS,PA,AEA,EN,Federal Contract Tower,0,5,52,0,57,0,0,39,5,44,0,5,91,5,101,24,0,24,125
07/10/2004,LNS,PA,AEA,EN,Federal Contract Tower,0,0,53,0,53,0,0,319,4,323,0,0,372,4,376,320,6,326,702
07/11/2004,LNS,PA,AEA,EN,Federal Contract Tower,0,1,43,0,44,0,0,196,0,196,0,1,239,0,240,203,0,203,443
07/12/2004,LNS,PA,AEA,EN,Federal Contract Tower,0,3,20,0,23,0,0,1,0,1,0,3,21,0,24,10,0,10,34
07/13/2004,LNS,PA,AEA,EN,Federal Contract Tower,0,4,48,6,58,0,0,80,8,88,0,4,128,14,146,212,42,254,400
07/14/2004,LNS,PA,AEA,EN,Federal Contract Tower,0,6,26,0,32,0,1,18,0,19,0,7,44,0,51,116,0,116,167
07/15/2004,LNS,PA,AEA,EN,Federal Contract Tower,0,5,59,2,66,0,5,222,0,227,0,10,281,2,293,216,4,220,513
07/16/2004,LNS,PA,AEA,EN,Federal Contract Tower,0,26,72,2,100,0,5,187,2,194,0,31,259,4,294,180,20,200,494
07/17/2004,LNS,PA,AEA,EN,Federal Contract Tower,0,2,42,0,44,0,0,243,0,243,0,2,285,0,287,159,0,159,446
07/18/2004,LNS,PA,AEA,EN,Federal Contract Tower,0,7,16,0,23,0,0,3,0,3,0,7,19,0,26,0,0,0,26
07/19/2004,LNS,PA,AEA,EN,Federal Contract Tower,0,8,67,3,78,0,1,85,1,87,0,9,152,4,165,54,8,62,227
07/20/2004,LNS,PA,AEA,EN,Federal Contract Tower,0,5,40,2,47,0,0,201,0,201,0,5,241,2,248,198,4,202,450
07/21/2004,LNS,PA,AEA,EN,Federal Contract Tower,0,3,74,5,82,0,0,206,3,209,0,3,280,8,291,170,4,174,465
07/22/2004,LNS,PA,AEA,EN,Federal Contract Tower,0,8,54,2,64,0,0,60,2,62,0,8,114,4,126,162,2,164,290
07/23/2004,LNS,PA,AEA,EN,Federal Contract Tower,0,18,42,3,63,0,0,3,2,5,0,18,45,5,68,40,0,40,108
07/24/2004,LNS,PA,AEA,EN,Federal Contract Tower,0,0,63,0,63,0,0,203,0,203,0,0,266,0,266,278,0,278,544
07/25/2004,LNS,PA,AEA,EN,Federal Contract Tower,0,5,58,0,63,0,0,64,0,64,0,5,122,0,127,255,0,255,382
07/26/2004,LNS,PA,AEA,EN,Federal Contract Tower,0,3,28,3,34,0,1,136,1,138,0,4,164,4,172,208,8,216,388
07/27/2004,LNS,PA,AEA,EN,Federal Contract Tower,0,8,31,0,39,0,1,0,0,1,0,9,31,0,40,2,0,2,42
07/28/2004,LNS,PA,AEA,EN,Federal Contract Tower,0,2,48,3,53,0,1,87,9,97,0,3,135,12,150,291,12,303,453
07/29/2004,LNS,PA,AEA,EN,Federal Contract Tower,0,12,77,4,93,0,2,361,8,371,0,14,438,12,464,326,14,340,804
07/30/2004,LNS,PA,AEA,EN,Federal Contract Tower,0,11,57,3,71,0,2,98,7,107,0,13,155,10,178,200,8,208,386
07/31/2004,LNS,PA,AEA,EN,Federal Contract Tower,0,2,30,0,32,0,0,113,0,113,0,2,143,0,145,192,0,192,337
08/01/2004,LNS,PA,AEA,EN,Federal Contract Tower,0,4,55,0,59,0,0,46,0,46,0,4,101,0,105,116,0,116,221
08/02/2004,LNS,PA,AEA,EN,Federal Contract Tower,0,11,39,2,52,0,4,85,2,91,0,15,124,4,143,64,0,64,207
08/03/2004,LNS,PA,AEA,EN,Federal Contract Tower,0,3,48,4,55,0,1,105,0,106,0,4,153,4,161,262,4,266,427
08/04/2004,LNS,PA,AEA,EN,Federal Contract Tower,0,14,39,1,54,0,3,172,1,176,0,17,211,2,230,110,4,114,344
08/05/2004,LNS,PA,AEA,EN,Federal Contract Tower,0,8,46,2,56,0,1,108,0,109,0,9,154,2,165,159,6,165,330
08/06/2004,LNS,PA,AEA,EN,Federal Contract Tower,0,3,52,1,56,0,0,248,0,248,0,3,300,1,304,90,2,92,396
08/07/2004,LNS,PA,AEA,EN,Federal Contract Tower,0,2,45,0,47,0,0,293,0,293,0,2,338,0,340,216,0,216,556
08/08/2004,LNS,PA,AEA,EN,Federal Contract Tower,0,0,28,2,30,0,0,409,2,411,0,0,437,4,441,188,0,188,629
08/09/2004,LNS,PA,AEA,EN,Federal Contract Tower,0,2,42,6,50,0,2,308,1,311,0,4,350,7,361,278,0,278,639
08/10/2004,LNS,PA,AEA,EN,Federal Contract Tower,0,4,45,9,58,0,0,142,5,147,0,4,187,14,205,180,4,184,389
08/11/2004,LNS,PA,AEA,EN,Federal Contract Tower,0,14,30,0,44,0,0,34,4,38,0,14,64,4,82,14,18,32,114
08/12/2004,LNS,PA,AEA,EN,Federal Contract Tower,0,10,42,0,52,0,1,25,0,26,0,11,67,0,78,172,0,172,250
08/13/2004,LNS,PA,AEA,EN,Federal Contract Tower,0,6,48,2,56,0,1,53,0,54,0,7,101,2,110,80,6,86,196
08/14/2004,LNS,PA,AEA,EN,Federal Contract Tower,0,8,35,0,43,0,0,106,0,106,0,8,141,0,149,148,0,148,297
08/15/2004,LNS,PA,AEA,EN,Federal Contract Tower,0,6,37,0,43,0,0,122,0,122,0,6,159,0,165,136,0,136,301
08/16/2004,LNS,PA,AEA,EN,Federal Contract Tower,0,7,53,3,63,0,0,146,0,146,0,7,199,3,209,134,12,146,355
08/17/2004,LNS,PA,AEA,EN,Federal Contract Tower,0,3,55,7,65,0,0,261,3,264,0,3,316,10,329,322,36,358,687
08/18/2004,LNS,PA,AEA,EN,Federal Contract Tower,0,8,54,4,66,0,0,72,2,74,0,8,126,6,140,225,14,239,379
08/19/2004,LNS,PA,AEA,EN,Federal Contract Tower,0,4,44,1,49,0,2,84,1,87,0,6,128,2,136,304,0,304,440
08/20/2004,LNS,PA,AEA,EN,Federal Contract Tower,0,16,45,2,63,0,4,132,0,136,0,20,177,2,199,251,0,251,450
08/21/2004,LNS,PA,AEA,EN,Federal Contract Tower,0,3,21,0,24,0,0,21,0,21,0,3,42,0,45,22,0,22,67
08/22/2004,LNS,PA,AEA,EN,Federal Contract Tower,0,5,37,0,42,0,0,363,0,363,0,5,400,0,405,198,0,198,603
08/23/2004,LNS,PA,AEA,EN,Federal Contract Tower,0,4,54,2,60,0,1,212,2,215,0,5,266,4,275,130,4,134,409
08/24/2004,LNS,PA,AEA,EN,Federal Contract Tower,0,2,67,5,74,0,1,109,1,111,0,3,176,6,185,216,30,246,431
08/25/2004,LNS,PA,AEA,EN,Federal Contract Tower,0,2,78,0,80,0,4,137,3,144,0,6,215,3,224,260,14,274,498
08/26/2004,LNS,PA,AEA,EN,Federal Contract Tower,0,7,79,4,90,0,0,149,2,151,0,7,228,6,241,132,8,140,381
08/27/2004,LNS,PA,AEA,EN,Federal Contract Tower,0,17,50,11,78,0,7,175,0,182,0,24,225,11,260,268,42,310,570
08/28/2004,LNS,PA,AEA,EN,Federal Contract Tower,0,3,20,2,25,0,0,181,3,184,0,3,201,5,209,1004,66,1070,1279
08/29/2004,LNS,PA,AEA,EN,Federal Contract Tower,0,4,28,3,35,0,0,184,9,193,0,4,212,12,228,478,12,490,718
08/30/2004,LNS,PA,AEA,EN,Federal Contract Tower,0,2,32,3,37,0,0,52,2,54,0,2,84,5,91,46,0,46,137
08/31/2004,LNS,PA,AEA,EN,Federal Contract Tower,0,1,47,6,54,0,3,141,2,146,0,4,188,8,200,122,0,122,322
09/01/2004,LNS,PA,AEA,EN,Federal Contract Tower,0,3,44,3,50,0,0,239,1,240,0,3,283,4,290,124,12,136,426
09/02/2004,LNS,PA,AEA,EN,Federal Contract Tower,0,7,54,3,64,0,0,238,5,243,0,7,292,8,307,272,38,310,617
09/03/2004,LNS,PA,AEA,EN,Federal Contract Tower,0,8,69,4,81,0,0,275,0,275,0,8,344,4,356,178,0,178,534
09/04/2004,LNS,PA,AEA,EN,Federal Contract Tower,0,1,51,0,52,0,0,307,0,307,0,1,358,0,359,200,0,200,559
09/05/2004,LNS,PA,AEA,EN,Federal Contract Tower,0,3,39,0,42,0,0,64,0,64,0,3,103,0,106,148,0,148,254
09/06/2004,LNS,PA,AEA,EN,Federal Contract Tower,0,10,49,0,59,0,3,158,0,161,0,13,207,0,220,214,0,214,434
09/07/2004,LNS,PA,AEA,EN,Federal Contract Tower,0,11,58,0,69,0,0,103,0,103,0,11,161,0,172,162,0,162,334
09/08/2004,LNS,PA,AEA,EN,Federal Contract Tower,0,5,22,0,27,0,7,0,0,7,0,12,22,0,34,34,0,34,68
09/09/2004,LNS,PA,AEA,EN,Federal Contract Tower,0,8,41,3,52,0,2,26,3,31,0,10,67,6,83,76,28,104,187
09/10/2004,LNS,PA,AEA,EN,Federal Contract Tower,0,10,70,0,80,0,0,214,0,214,0,10,284,0,294,199,2,201,495
09/11/2004,LNS,PA,AEA,EN,Federal Contract Tower,0,3,51,2,56,0,0,271,0,271,0,3,322,2,327,150,0,150,477
09/12/2004,LNS,PA,AEA,EN,Federal Contract Tower,0,5,35,0,40,0,0,214,0,214,0,5,249,0,254,243,0,243,497
09/13/2004,LNS,PA,AEA,EN,Federal Contract Tower,0,9,43,0,52,0,4,195,0,199,0,13,238,0,251,282,0,282,533
09/14/2004,LNS,PA,AEA,EN,Federal Contract Tower,0,11,56,4,71,0,7,118,4,129,0,18,174,8,200,130,0,130,330
09/15/2004,LNS,PA,AEA,EN,Federal Contract Tower,0,13,62,2,77,0,0,124,0,124,0,13,186,2,201,208,4,212,413
09/16/2004,LNS,PA,AEA,EN,Federal Contract Tower,0,13,65,4,82,0,9,62,2,73,0,22,127,6,155,250,40,290,445
09/17/2004,LNS,PA,AEA,EN,Federal Contract Tower,0,9,45,0,54,0,5,0,0,5,0,14,45,0,59,54,0,54,113
09/18/2004,LNS,PA,AEA,EN,Federal Contract Tower,0,4,23,0,27,0,0,24,0,24,0,4,47,0,51,4,0,4,55
09/19/2004,LNS,PA,AEA,EN,Federal Contract Tower,0,7,32,1,40,0,0,220,1,221,0,7,252,2,261,134,0,134,395
09/20/2004,LNS,PA,AEA,EN,Federal Contract Tower,0,8,40,2,50,0,1,227,11,239,0,9,267,13,289,184,14,198,487
09/21/2004,LNS,PA,AEA,EN,Federal Contract Tower,0,7,40,2,49,0,6,252,2,260,0,13,292,4,309,276,0,276,585
09/22/2004,LNS,PA,AEA,EN,Federal Contract Tower,0,11,55,2,68,0,8,247,15,270,0,19,302,17,338,324,18,342,680
09/23/2004,LNS,PA,AEA,EN,Federal Contract Tower,0,13,65,3,81,0,5,336,9,350,0,18,401,12,431,200,6,206,637
09/24/2004,LNS,PA,AEA,EN,Federal Contract Tower,0,14,70,3,87,0,16,216,2,234,0,30,286,5,321,236,4,240,561
09/25/2004,LNS,PA,AEA,EN,Federal Contract Tower,0,7,34,0,41,0,1,152,0,153,0,8,186,0,194,172,0,172,366
09/26/2004,LNS,PA,AEA,EN,Federal Contract Tower,0,10,48,0,58,0,1,230,0,231,0,11,278,0,289,222,0,222,511
09/27/2004,LNS,PA,AEA,EN,Federal Contract Tower,0,10,49,2,61,0,2,110,2,114,0,12,159,4,175,200,4,204,379
09/28/2004,LNS,PA,AEA,EN,Federal Contract Tower,0,3,10,0,13,0,7,0,0,7,0,10,10,0,20,0,0,0,20
09/29/2004,LNS,PA,AEA,EN,Federal Contract Tower,0,10,48,2,60,0,3,109,4,116,0,13,157,6,176,166,16,182,358
09/30/2004,LNS,PA,AEA,EN,Federal Contract Tower,0,7,83,2,92,0,0,152,0,152,0,7,235,2,244,266,2,268,512
10/01/2004,LNS,PA,AEA,EN,Federal Contract Tower,0,27,54,2,83,0,3,295,2,300,0,30,349,4,383,210,0,210,593
10/02/2004,LNS,PA,AEA,EN,Federal Contract Tower,0,5,26,0,31,0,0,51,0,51,0,5,77,0,82,260,0,260,342
10/03/2004,LNS,PA,AEA,EN,Federal Contract Tower,0,7,43,0,50,0,1,281,0,282,0,8,324,0,332,178,0,178,510
10/04/2004,LNS,PA,AEA,EN,Federal Contract Tower,0,8,50,0,58,0,0,150,0,150,0,8,200,0,208,220,0,220,428
10/05/2004,LNS,PA,AEA,EN,Federal Contract Tower,0,13,29,4,46,0,2,171,0,173,0,15,200,4,219,250,4,254,473
10/06/2004,LNS,PA,AEA,EN,Federal Contract Tower,0,16,39,0,55,0,1,174,1,176,0,17,213,1,231,208,8,216,447
10/07/2004,LNS,PA,AEA,EN,Federal Contract Tower,0,12,43,1,56,0,2,334,1,337,0,14,377,2,393,358,0,358,751
10/08/2004,LNS,PA,AEA,EN,Federal Contract Tower,0,12,84,1,97,0,2,268,1,271,0,14,352,2,368,262,0,262,630
10/09/2004,LNS,PA,AEA,EN,Federal Contract Tower,0,4,72,0,76,0,0,107,0,107,0,4,179,0,183,190,0,190,373
10/10/2004,LNS,PA,AEA,EN,Federal Contract Tower,0,7,39,0,46,0,0,230,0,230,0,7,269,0,276,178,0,178,454
10/11/2004,LNS,PA,AEA,EN,Federal Contract Tower,0,9,35,0,44,0,8,178,0,186,0,17,213,0,230,108,0,108,338
10/12/2004,LNS,PA,AEA,EN,Federal Contract Tower,0,10,41,3,54,0,6,170,3,179,0,16,211,6,233,286,12,298,531
10/13/2004,LNS,PA,AEA,EN,Federal Contract Tower,0,15,41,1,57,0,3,176,1,180,0,18,217,2,237,299,0,299,536
10/14/2004,LNS,PA,AEA,EN,Federal Contract Tower,0,13,53,2,68,0,0,23,4,27,0,13,76,6,95,126,2,128,223
10/15/2004,LNS,PA,AEA,EN,Federal Contract Tower,0,7,68,0,75,0,0,4,0,4,0,7,72,0,79,22,0,22,101
10/16/2004,LNS,PA,AEA,EN,Federal Contract Tower,0,5,24,0,29,0,0,93,1,94,0,5,117,1,123,24,0,24,147
10/17/2004,LNS,PA,AEA,EN,Federal Contract Tower,0,7,48,0,55,0,0,153,0,153,0,7,201,0,208,78,0,78,286
10/18/2004,LNS,PA,AEA,EN,Federal Contract Tower,0,4,69,2,75,0,0,195,2,197,0,4,264,4,272,172,0,172,444
10/19/2004,LNS,PA,AEA,EN,Federal Contract Tower,0,11,62,0,73,0,0,4,0,4,0,11,66,0,77,69,0,69,146
10/20/2004,LNS,PA,AEA,EN,Federal Contract Tower,0,18,59,0,77,0,1,5,0,6,0,19,64,0,83,14,8,22,105
10/21/2004,LNS,PA,AEA,EN,Federal Contract Tower,0,20,64,0,84,0,0,20,8,28,0,20,84,8,112,58,0,58,170
10/22/2004,LNS,PA,AEA,EN,Federal Contract Tower,0,24,76,0,100,0,1,125,4,130,0,25,201,4,230,154,0,154,384
10/23/2004,LNS,PA,AEA,EN,Federal Contract Tower,0,6,46,4,56,0,1,297,1,299,0,7,343,5,355,120,4,124,479
10/24/2004,LNS,PA,AEA,EN,Federal Contract Tower,0,8,47,0,55,0,0,121,0,121,0,8,168,0,176,166,0,166,342
10/25/2004,LNS,PA,AEA,EN,Federal Contract Tower,0,14,43,3,60,0,0,14,0,14,0,14,57,3,74,163,2,165,239
10/26/2004,LNS,PA,AEA,EN,Federal Contract Tower,0,8,45,4,57,0,0,166,2,168,0,8,211,6,225,196,8,204,429
10/27/2004,LNS,PA,AEA,EN,Federal Contract Tower,0,11,41,4,56,0,0,98,3,101,0,11,139,7,157,118,0,118,275
10/28/2004,LNS,PA,AEA,EN,Federal Contract Tower,0,12,51,3,66,0,5,241,3,249,0,17,292,6,315,190,10,200,515
10/29/2004,LNS,PA,AEA,EN,Federal Contract Tower,0,17,65,3,85,0,0,21,0,21,0,17,86,3,106,214,0,214,320
10/30/2004,LNS,PA,AEA,EN,Federal Contract Tower,0,3,61,0,64,0,0,11,0,11,0,3,72,0,75,48,0,48,123
10/31/2004,LNS,PA,AEA,EN,Federal Contract Tower,0,4,42,0,46,0,0,199,0,199,0,4,241,0,245,82,0,82,327
11/01/2004,LNS,PA,AEA,EN,Federal Contract Tower,0,10,47,4,61,0,3,206,0,209,0,13,253,4,270,236,28,264,534
11/02/2004,LNS,PA,AEA,EN,Federal Contract Tower,0,10,31,1,42,0,1,145,0,146,0,11,176,1,188,226,1,227,415
11/03/2004,LNS,PA,AEA,EN,Federal Contract Tower,0,10,39,1,50,0,0,131,1,132,0,10,170,2,182,234,0,234,416
11/04/2004,LNS,PA,AEA,EN,Federal Contract Tower,0,9,67,0,76,0,0,9,0,9,0,9,76,0,85,8,0,8,93
11/05/2004,LNS,PA,AEA,EN,Federal Contract Tower,0,28,21,1,50,0,0,46,7,53,0,28,67,8,103,0,16,16,119
11/06/2004,LNS,PA,AEA,EN,Federal Contract Tower,0,7,34,0,41,0,4,214,0,218,0,11,248,0,259,297,0,297,556
11/07/2004,LNS,PA,AEA,EN,Federal Contract Tower,0,6,54,0,60,0,4,309,0,313,0,10,363,0,373,176,0,176,549
11/08/2004,LNS,PA,AEA,EN,Federal Contract Tower,0,14,34,4,52,0,1,129,4,134,0,15,163,8,186,182,22,204,390
11/09/2004,LNS,PA,AEA,EN,Federal Contract Tower,0,0,0,0,0,0,15,216,24,255,0,15,216,24,255,292,20,312,567
11/10/2004,LNS,PA,AEA,EN,Federal Contract Tower,0,10,61,3,74,0,1,201,1,203,0,11,262,4,277,103,2,105,382
11/11/2004,LNS,PA,AEA,EN,Federal Contract Tower,0,12,50,0,62,0,0,185,0,185,0,12,235,0,247,170,0,170,417
11/12/2004,LNS,PA,AEA,EN,Federal Contract Tower,0,9,34,0,43,0,0,1,0,1,0,9,35,0,44,0,0,0,44
11/13/2004,LNS,PA,AEA,EN,Federal Contract Tower,0,2,40,2,44,0,1,128,2,131,0,3,168,4,175,72,0,72,247
11/14/2004,LNS,PA,AEA,EN,Federal Contract Tower,0,7,49,0,56,0,0,341,0,341,0,7,390,0,397,262,0,262,659
11/15/2004,LNS,PA,AEA,EN,Federal Contract Tower,0,15,43,1,59,0,0,217,1,218,0,15,260,2,277,202,0,202,479
11/16/2004,LNS,PA,AEA,EN,Federal Contract Tower,0,13,52,4,69,0,0,204,5,209,0,13,256,9,278,194,8,202,480
11/17/2004,LNS,PA,AEA,EN,Federal Contract Tower,0,8,60,2,70,0,5,192,0,197,0,13,252,2,267,284,10,294,561
11/18/2004,LNS,PA,AEA,EN,Federal Contract Tower,0,6,91,3,100,0,0,88,3,91,0,6,179,6,191,122,8,130,321
11/19/2004,LNS,PA,AEA,EN,Federal Contract Tower,0,11,63,10,84,0,2,57,4,63,0,13,120,14,147,94,12,106,253
11/20/2004,LNS,PA,AEA,EN,Federal Contract Tower,0,1,57,0,58,0,0,8,0,8,0,1,65,0,66,26,0,26,92
11/21/2004,LNS,PA,AEA,EN,Federal Contract Tower,0,5,37,0,42,0,0,11,2,13,0,5,48,2,55,18,0,18,73
11/22/2004,LNS,PA,AEA,EN,Federal Contract Tower,0,16,53,5,74,0,3,154,7,164,0,19,207,12,238,144,10,154,392
11/23/2004,LNS,PA,AEA,EN,Federal Contract Tower,0,17,76,4,97,0,0,25,6,31,0,17,101,10,128,174,16,190,318
11/24/2004,LNS,PA,AEA,EN,Federal Contract Tower,0,13,21,0,34,0,0,0,0,0,0,13,21,0,34,32,0,32,66
11/25/2004,LNS,PA,AEA,EN,Federal Contract Tower,0,10,6,0,16,0,0,9,0,9,0,10,15,0,25,34,0,34,59
11/26/2004,LNS,PA,AEA,EN,Federal Contract Tower,0,8,61,0,69,0,0,217,0,217,0,8,278,0,286,166,0,166,452
11/27/2004,LNS,PA,AEA,EN,Federal Contract Tower,0,3,31,0,34,0,0,201,0,201,0,3,232,0,235,120,0,120,355
11/28/2004,LNS,PA,AEA,EN,Federal Contract Tower,0,0,1,0,1,0,8,47,0,55,0,8,48,0,56,10,0,10,66
11/29/2004,LNS,PA,AEA,EN,Federal Contract Tower,0,9,49,1,59,0,0,147,2,149,0,9,196,3,208,175,24,199,407
11/30/2004,LNS,PA,AEA,EN,Federal Contract Tower,0,10,35,0,45,0,0,179,14,193,0,10,214,14,238,288,0,288,526
12/01/2004,LNS,PA,AEA,EN,Federal Contract Tower,0,12,16,0,28,0,1,7,0,8,0,13,23,0,36,0,0,0,36
12/02/2004,LNS,PA,AEA,EN,Federal Contract Tower,0,22,54,1,77,0,0,230,1,231,0,22,284,2,308,226,10,236,544
12/03/2004,LNS,PA,AEA,EN,Federal Contract Tower,0,24,62,0,86,0,3,121,0,124,0,27,183,0,210,106,0,106,316
12/04/2004,LNS,PA,AEA,EN,Federal Contract Tower,0,5,60,0,65,0,1,237,0,238,0,6,297,0,303,204,0,204,507
12/05/2004,LNS,PA,AEA,EN,Federal Contract Tower,0,4,35,0,39,0,0,285,0,285,0,4,320,0,324,176,0,176,500
12/06/2004,LNS,PA,AEA,EN,Federal Contract Tower,0,17,18,1,36,0,1,18,3,22,0,18,36,4,58,62,24,86,144
12/07/2004,LNS,PA,AEA,EN,Federal Contract Tower,0,11,10,0,21,0,0,0,0,0,0,11,10,0,21,0,0,0,21
12/08/2004,LNS,PA,AEA,EN,Federal Contract Tower,0,9,45,2,56,0,2,113,0,115,0,11,158,2,171,194,0,194,365
12/09/2004,LNS,PA,AEA,EN,Federal Contract Tower,0,13,53,4,70,0,0,116,11,127,0,13,169,15,197,154,0,154,351
12/10/2004,LNS,PA,AEA,EN,Federal Contract Tower,0,27,17,0,44,0,0,5,0,5,0,27,22,0,49,32,0,32,81
12/11/2004,LNS,PA,AEA,EN,Federal Contract Tower,0,3,46,1,50,0,0,20,1,21,0,3,66,2,71,88,4,92,163
12/12/2004,LNS,PA,AEA,EN,Federal Contract Tower,0,4,28,0,32,0,0,158,0,158,0,4,186,0,190,178,0,178,368
12/13/2004,LNS,PA,AEA,EN,Federal Contract Tower,0,10,17,0,27,0,0,28,2,30,0,10,45,2,57,70,0,70,127
12/14/2004,LNS,PA,AEA,EN,Federal Contract Tower,0,13,46,1,60,0,6,91,3,100,0,19,137,4,160,122,0,122,282
12/15/2004,LNS,PA,AEA,EN,Federal Contract Tower,0,9,60,3,72,0,2,195,3,200,0,11,255,6,272,194,0,194,466
12/16/2004,LNS,PA,AEA,EN,Federal Contract Tower,0,18,52,3,73,0,4,274,3,281,0,22,326,6,354,206,0,206,560
12/17/2004,LNS,PA,AEA,EN,Federal Contract Tower,0,19,76,4,99,0,1,149,0,150,0,20,225,4,249,128,0,128,377
12/18/2004,LNS,PA,AEA,EN,Federal Contract Tower,0,6,50,0,56,0,0,339,4,343,0,6,389,4,399,284,0,284,683
12/19/2004,LNS,PA,AEA,EN,Federal Contract Tower,0,6,20,0,26,0,0,2,0,2,0,6,22,0,28,0,0,0,28
12/20/2004,LNS,PA,AEA,EN,Federal Contract Tower,0,9,13,0,22,0,1,24,0,25,0,10,37,0,47,8,0,8,55
12/21/2004,LNS,PA,AEA,EN,Federal Contract Tower,0,9,48,3,60,0,3,153,5,161,0,12,201,8,221,156,6,162,383
12/22/2004,LNS,PA,AEA,EN,Federal Contract Tower,0,16,59,2,77,0,2,192,4,198,0,18,251,6,275,252,0,252,527
12/23/2004,LNS,PA,AEA,EN,Federal Contract Tower,0,14,5,2,21,0,0,0,0,0,0,14,5,2,21,0,2,2,23
12/24/2004,LNS,PA,AEA,EN,Federal Contract Tower,0,7,25,0,32,0,2,141,0,143,0,9,166,0,175,130,0,130,305
12/25/2004,LNS,PA,AEA,EN,Federal Contract Tower,0,3,3,0,6,0,1,21,1,23,0,4,24,1,29,20,0,20,49
12/26/2004,LNS,PA,AEA,EN,Federal Contract Tower,0,2,25,0,27,0,0,108,0,108,0,2,133,0,135,60,0,60,195
12/27/2004,LNS,PA,AEA,EN,Federal Contract Tower,0,7,23,0,30,0,0,42,0,42,0,7,65,0,72,64,0,64,136
12/28/2004,LNS,PA,AEA,EN,Federal Contract Tower,0,16,37,1,54,0,0,225,3,228,0,16,262,4,282,260,12,272,554
12/29/2004,LNS,PA,AEA,EN,Federal Contract Tower,0,9,42,1,52,0,1,149,7,157,0,10,191,8,209,192,0,192,401
12/30/2004,LNS,PA,AEA,EN,Federal Contract Tower,0,14,62,0,76,0,0,101,0,101,0,14,163,0,177,152,0,152,329
12/31/2004,LNS,PA,AEA,EN,Federal Contract Tower,0,9,35,0,44,0,2,94,0,96,0,11,129,0,140,92,0,92,232
01/01/2005,LNS,PA,AEA,EN,Federal Contract Tower,0,3,20,0,23,0,0,138,0,138,0,3,158,0,161,159,0,159,320
01/02/2005,LNS,PA,AEA,EN,Federal Contract Tower,0,10,49,0,59,0,0,73,0,73,0,10,122,0,132,130,0,130,262
01/03/2005,LNS,PA,AEA,EN,Federal Contract Tower,0,12,29,0,41,0,0,27,0,27,0,12,56,0,68,24,0,24,92
01/04/2005,LNS,PA,AEA,EN,Federal Contract Tower,0,9,51,2,62,0,0,37,0,37,0,9,88,2,99,78,0,78,177
01/05/2005,LNS,PA,AEA,EN,Federal Contract Tower,0,15,14,0,29,0,0,0,0,0,0,15,14,0,29,0,0,0,29
01/06/2005,LNS,PA,AEA,EN,Federal Contract Tower,0,10,5,0,15,0,0,0,0,0,0,10,5,0,15,0,0,0,15
01/07/2005,LNS,PA,AEA,EN,Federal Contract Tower,0,25,52,2,79,0,4,173,6,183,0,29,225,8,262,138,6,144,406
01/08/2005,LNS,PA,AEA,EN,Federal Contract Tower,0,3,20,0,23,0,0,3,0,3,0,3,23,0,26,22,0,22,48
01/09/2005,LNS,PA,AEA,EN,Federal Contract Tower,0,6,47,0,53,0,0,130,1,131,0,6,177,1,184,346,10,356,540
01/10/2005,LNS,PA,AEA,EN,Federal Contract Tower,0,15,50,0,65,0,0,58,0,58,0,15,108,0,123,154,0,154,277
01/11/2005,LNS,PA,AEA,EN,Federal Contract Tower,0,9,23,0,32,0,0,32,0,32,0,9,55,0,64,8,0,8,72
01/12/2005,LNS,PA,AEA,EN,Federal Contract Tower,0,5,8,0,13,0,0,4,0,4,0,5,12,0,17,0,0,0,17
01/13/2005,LNS,PA,AEA,EN,Federal Contract Tower,0,28,22,0,50,0,0,13,0,13,0,28,35,0,63,58,0,58,121
01/14/2005,LNS,PA,AEA,EN,Federal Contract Tower,0,30,14,5,49,0,2,31,3,36,0,32,45,8,85,40,0,40,125
01/15/2005,LNS,PA,AEA,EN,Federal Contract Tower,0,5,61,0,66,0,1,313,0,314,0,6,374,0,380,330,0,330,710
01/16/2005,LNS,PA,AEA,EN,Federal Contract Tower,0,5,49,0,54,0,1,245,0,246,0,6,294,0,300,228,0,228,528
01/17/2005,LNS,PA,AEA,EN,Federal Contract Tower,0,11,33,0,44,0,0,61,0,61,0,11,94,0,105,16,0,16,121
01/18/2005,LNS,PA,AEA,EN,Federal Contract Tower,0,13,21,4,38,0,2,125,6,133,0,15,146,10,171,26,76,102,273
01/19/2005,LNS,PA,AEA,EN,Federal Contract Tower,0,9,11,0,20,0,0,12,0,12,0,9,23,0,32,16,0,16,48
01/20/2005,LNS,PA,AEA,EN,Federal Contract Tower,0,16,21,6,43,0,4,99,10,113,0,20,120,16,156,53,52,105,261
01/21/2005,LNS,PA,AEA,EN,Federal Contract Tower,0,10,71,9,90,0,2,184,9,195,0,12,255,18,285,158,26,184,469
01/22/2005,LNS,PA,AEA,EN,Federal Contract Tower,0,1,2,0,3,0,0,0,0,0,0,1,2,0,3,0,0,0,3
01/23/2005,LNS,PA,AEA,EN,Federal Contract Tower,0,9,1,0,10,0,0,0,0,0,0,9,1,0,10,0,0,0,10
01/24/2005,LNS,PA,AEA,EN,Federal Contract Tower,0,9,10,0,19,0,1,34,2,37,0,10,44,2,56,44,28,72,128
01/25/2005,LNS,PA,AEA,EN,Federal Contract Tower,0,12,47,0,59,0,5,108,0,113,0,17,155,0,172,146,0,146,318
01/26/2005,LNS,PA,AEA,EN,Federal Contract Tower,0,10,30,2,42,0,1,50,2,53,0,11,80,4,95,126,0,126,221
01/27/2005,LNS,PA,AEA,EN,Federal Contract Tower,0,16,28,4,48,0,2,88,12,102,0,18,116,16,150,120,32,152,302
01/28/2005,LNS,PA,AEA,EN,Federal Contract Tower,0,18,46,4,68,0,0,147,3,150,0,18,193,7,218,142,26,168,386
01/29/2005,LNS,PA,AEA,EN,Federal Contract Tower,0,5,51,0,56,0,2,208,0,210,0,7,259,0,266,140,0,140,406
01/30/2005,LNS,PA,AEA,EN,Federal Contract Tower,0,7,14,0,21,0,0,67,2,69,0,7,81,2,90,194,0,194,284
01/31/2005,LNS,PA,AEA,EN,Federal Contract Tower,0,15,30,9,54,0,0,132,9,141,0,15,162,18,195,102,2,104,299
02/01/2005,LNS,PA,AEA,EN,Federal Contract Tower,0,20,45,0,65,0,1,160,0,161,0,21,205,0,226,160,0,160,386
02/02/2005,LNS,PA,AEA,EN,Federal Contract Tower,0,15,62,6,83,0,6,160,0,166,0,21,222,6,249,128,12,140,389
02/03/2005,LNS,PA,AEA,EN,Federal Contract Tower,0,9,37,1,47,0,0,100,1,101,0,9,137,2,148,170,4,174,322
02/04/2005,LNS,PA,AEA,EN,Federal Contract Tower,0,15,33,1,49,0,1,106,1,108,0,16,139,2,157,76,0,76,233
02/05/2005,LNS,PA,AEA,EN,Federal Contract Tower,0,2,55,1,58,0,0,317,1,318,0,2,372,2,376,220,4,224,600
02/06/2005,LNS,PA,AEA,EN,Federal Contract Tower,0,4,38,1,43,0,0,306,3,309,0,4,344,4,352,144,6,150,502
02/07/2005,LNS,PA,AEA,EN,Federal Contract Tower,0,11,33,2,46,0,0,175,1,176,0,11,208,3,222,174,18,192,414
02/08/2005,LNS,PA,AEA,EN,Federal Contract Tower,0,15,44,0,59,0,4,100,1,105,0,19,144,1,164,114,20,134,298
02/09/2005,LNS,PA,AEA,EN,Federal Contract Tower,0,11,51,0,62,0,0,33,0,33,0,11,84,0,95,16,0,16,111
02/10/2005,LNS,PA,AEA,EN,Federal Contract Tower,0,20,28,2,50,0,0,31,2,33,0,20,59,4,83,82,0,82,165
02/11/2005,LNS,PA,AEA,EN,Federal Contract Tower,0,21,35,7,63,0,1,70,3,74,0,22,105,10,137,130,22,152,289
02/12/2005,LNS,PA,AEA,EN,Federal Contract Tower,0,2,46,0,48,0,1,178,0,179,0,3,224,0,227,140,0,140,367
02/13/2005,LNS,PA,AEA,EN,Federal Contract Tower,0,5,65,0,70,0,1,336,0,337,0,6,401,0,407,126,0,126,533
02/14/2005,LNS,PA,AEA,EN,Federal Contract Tower,0,12,3,0,15,0,0,0,0,0,0,12,3,0,15,0,0,0,15
02/15/2005,LNS,PA,AEA,EN,Federal Contract Tower,0,9,72,3,84,0,0,135,3,138,0,9,207,6,222,208,22,230,452
02/16/2005,LNS,PA,AEA,EN,Federal Contract Tower,0,15,36,5,56,0,0,34,5,39,0,15,70,10,95,104,16,120,215
02/17/2005,LNS,PA,AEA,EN,Federal Contract Tower,0,11,34,6,51,0,0,94,10,104,0,11,128,16,155,140,0,140,295
02/18/2005,LNS,PA,AEA,EN,Federal Contract Tower,0,28,31,2,61,0,4,71,7,82,0,32,102,9,143,52,8,60,203
02/19/2005,LNS,PA,AEA,EN,Federal Contract Tower,0,5,56,0,61,0,1,238,0,239,0,6,294,0,300,224,0,224,524
02/20/2005,LNS,PA,AEA,EN,Federal Contract Tower,0,6,34,0,40,0,0,165,0,165,0,6,199,0,205,178,0,178,383
02/21/2005,LNS,PA,AEA,EN,Federal Contract Tower,0,12,16,0,28,0,0,0,0,0,0,12,16,0,28,0,0,0,28
02/22/2005,LNS,PA,AEA,EN,Federal Contract Tower,0,26,36,2,64,0,4,73,0,77,0,30,109,2,141,138,2,140,281
02/23/2005,LNS,PA,AEA,EN,Federal Contract Tower,0,14,23,4,41,0,0,115,7,122,0,14,138,11,163,90,38,128,291
02/24/2005,LNS,PA,AEA,EN,Federal Contract Tower,0,12,15,1,28,0,0,19,1,20,0,12,34,2,48,8,0,8,56
02/25/2005,LNS,PA,AEA,EN,Federal Contract Tower,0,21,30,5,56,0,1,97,8,106,0,22,127,13,162,152,8,160,322
02/26/2005,LNS,PA,AEA,EN,Federal Contract Tower,0,2,44,0,46,0,0,147,0,147,0,2,191,0,193,236,0,236,429
02/27/2005,LNS,PA,AEA,EN,Federal Contract Tower,0,11,39,0,50,0,0,345,0,345,0,11,384,0,395,378,0,378,773
02/28/2005,LNS,PA,AEA,EN,Federal Contract Tower,0,11,10,0,21,0,4,6,0,10,0,15,16,0,31,0,0,0,31
03/01/2005,LNS,PA,AEA,EN,Federal Contract Tower,0,11,10,0,21,0,0,6,0,6,0,11,16,0,27,28,0,28,55
03/02/2005,LNS,PA,AEA,EN,Federal Contract Tower,0,9,21,6,36,0,1,42,2,45,0,10,63,8,81,38,8,46,127
03/03/2005,LNS,PA,AEA,EN,Federal Contract Tower,0,13,34,4,51,0,1,71,4,76,0,14,105,8,127,46,24,70,197
03/04/2005,LNS,PA,AEA,EN,Federal Contract Tower,0,25,52,2,79,0,9,243,4,256,0,34,295,6,335,232,0,232,567
03/05/2005,LNS,PA,AEA,EN,Federal Contract Tower,0,2,22,0,24,0,0,234,0,234,0,2,256,0,258,160,0,160,418
03/06/2005,LNS,PA,AEA,EN,Federal Contract Tower,0,6,41,0,47,0,0,177,0,177,0,6,218,0,224,126,0,126,350
03/07/2005,LNS,PA,AEA,EN,Federal Contract Tower,0,8,19,1,28,0,4,91,0,95,0,12,110,1,123,98,4,102,225
03/08/2005,LNS,PA,AEA,EN,Federal Contract Tower,0,12,6,0,18,0,0,1,0,1,0,12,7,0,19,0,0,0,19
03/09/2005,LNS,PA,AEA,EN,Federal Contract Tower,0,17,25,3,45,0,1,42,7,50,0,18,67,10,95,32,22,54,149
03/10/2005,LNS,PA,AEA,EN,Federal Contract Tower,0,19,63,5,87,0,4,179,3,186,0,23,242,8,273,202,48,250,523
03/11/2005,LNS,PA,AEA,EN,Federal Contract Tower,0,20,19,3,42,0,2,43,3,48,0,22,62,6,90,204,0,204,294
03/12/2005,LNS,PA,AEA,EN,Federal Contract Tower,0,7,30,0,37,0,0,135,2,137,0,7,165,2,174,204,10,214,388
03/13/2005,LNS,PA,AEA,EN,Federal Contract Tower,0,4,43,0,47,0,0,195,2,197,0,4,238,2,244,134,12,146,390
03/14/2005,LNS,PA,AEA,EN,Federal Contract Tower,0,16,31,4,51,0,0,118,2,120,0,16,149,6,171,152,4,156,327
03/15/2005,LNS,PA,AEA,EN,Federal Contract Tower,0,15,66,1,82,0,1,186,0,187,0,16,252,1,269,252,44,296,565
03/16/2005,LNS,PA,AEA,EN,Federal Contract Tower,0,16,23,6,45,0,0,141,2,143,0,16,164,8,188,232,12,244,432
03/17/2005,LNS,PA,AEA,EN,Federal Contract Tower,0,12,29,7,48,0,1,186,7,194,0,13,215,14,242,204,34,238,480
03/18/2005,LNS,PA,AEA,EN,Federal Contract Tower,0,24,39,2,65,0,2,191,0,193,0,26,230,2,258,166,2,168,426
03/19/2005,LNS,PA,AEA,EN,Federal Contract Tower,0,7,39,0,46,0,0,285,0,285,0,7,324,0,331,218,0,218,549
03/20/2005,LNS,PA,AEA,EN,Federal Contract Tower,0,10,17,0,27,0,0,3,0,3,0,10,20,0,30,2,0,2,32
03/21/2005,LNS,PA,AEA,EN,Federal Contract Tower,0,13,37,1,51,0,0,71,7,78,0,13,108,8,129,159,0,159,288
03/22/2005,LNS,PA,AEA,EN,Federal Contract Tower,0,17,48,2,67,0,0,235,2,237,0,17,283,4,304,248,4,252,556
03/23/2005,LNS,PA,AEA,EN,Federal Contract Tower,0,8,21,0,29,0,0,0,0,0,0,8,21,0,29,0,0,0,29
03/24/2005,LNS,PA,AEA,EN,Federal Contract Tower,0,15,61,1,77,0,0,74,3,77,0,15,135,4,154,276,6,282,436
03/25/2005,LNS,PA,AEA,EN,Federal Contract Tower,0,35,40,0,75,0,1,50,2,53,0,36,90,2,128,164,0,164,292
03/26/2005,LNS,PA,AEA,EN,Federal Contract Tower,0,5,45,0,50,0,1,205,0,206,0,6,250,0,256,308,0,308,564
03/27/2005,LNS,PA,AEA,EN,Federal Contract Tower,0,9,32,0,41,0,1,21,0,22,0,10,53,0,63,118,0,118,181
03/28/2005,LNS,PA,AEA,EN,Federal Contract Tower,0,17,14,0,31,0,0,3,0,3,0,17,17,0,34,0,0,0,34
03/29/2005,LNS,PA,AEA,EN,Federal Contract Tower,0,17,52,1,70,0,1,66,1,68,0,18,118,2,138,70,0,70,208
03/30/2005,LNS,PA,AEA,EN,Federal Contract Tower,0,11,60,4,75,0,2,273,4,279,0,13,333,8,354,210,0,210,564
03/31/2005,LNS,PA,AEA,EN,Federal Contract Tower,0,15,74,5,94,0,2,59,0,61,0,17,133,5,155,180,4,184,339
04/01/2005,LNS,PA,AEA,EN,Federal Contract Tower,0,16,61,2,79,0,0,122,1,123,0,16,183,3,202,151,6,157,359
04/02/2005,LNS,PA,AEA,EN,Federal Contract Tower,0,5,6,0,11,0,0,0,0,0,0,5,6,0,11,0,0,0,11
04/03/2005,LNS,PA,AEA,EN,Federal Contract Tower,0,8,8,0,16,0,0,4,0,4,0,8,12,0,20,0,0,0,20
04/04/2005,LNS,PA,AEA,EN,Federal Contract Tower,0,13,14,4,31,0,2,74,4,80,0,15,88,8,111,172,6,178,289
04/05/2005,LNS,PA,AEA,EN,Federal Contract Tower,0,0,0,0,0,0,12,329,2,343,0,12,329,2,343,346,6,352,695
04/06/2005,LNS,PA,AEA,EN,Federal Contract Tower,0,12,47,2,61,0,3,202,8,213,0,15,249,10,274,260,40,300,574
04/07/2005,LNS,PA,AEA,EN,Federal Contract Tower,0,10,36,0,46,0,0,77,0,77,0,10,113,0,123,156,0,156,279
04/08/2005,LNS,PA,AEA,EN,Federal Contract Tower,0,26,52,2,80,0,1,125,2,128,0,27,177,4,208,156,0,156,364
04/09/2005,LNS,PA,AEA,EN,Federal Contract Tower,0,6,44,0,50,0,6,241,0,247,0,12,285,0,297,320,0,320,617
04/10/2005,LNS,PA,AEA,EN,Federal Contract Tower,0,9,33,0,42,0,11,283,0,294,0,20,316,0,336,221,0,221,557
04/11/2005,LNS,PA,AEA,EN,Federal Contract Tower,0,15,35,3,53,0,4,170,3,177,0,19,205,6,230,278,0,278,508
04/12/2005,LNS,PA,AEA,EN,Federal Contract Tower,0,14,49,4,67,0,0,197,0,197,0,14,246,4,264,236,0,236,500
04/13/2005,LNS,PA,AEA,EN,Federal Contract Tower,0,10,50,1,61,0,6,171,1,178,0,16,221,2,239,308,6,314,553
04/14/2005,LNS,PA,AEA,EN,Federal Contract Tower,0,8,33,3,44,0,2,154,2,158,0,10,187,5,202,268,8,276,478
04/15/2005,LNS,PA,AEA,EN,Federal Contract Tower,0,13,50,5,68,0,3,120,4,127,0,16,170,9,195,118,15,133,328
04/16/2005,LNS,PA,AEA,EN,Federal Contract Tower,0,5,56,0,61,0,0,279,4,283,0,5,335,4,344,169,0,169,513
04/17/2005,LNS,PA,AEA,EN,Federal Contract Tower,0,12,43,0,55,0,0,246,0,246,0,12,289,0,301,110,0,110,411
04/18/2005,LNS,PA,AEA,EN,Federal Contract Tower,0,14,29,0,43,0,0,175,2,177,0,14,204,2,220,264,2,266,486
04/19/2005,LNS,PA,AEA,EN,Federal Contract Tower,0,11,42,0,53,0,0,186,9,195,0,11,228,9,248,346,0,346,594
04/20/2005,LNS,PA,AEA,EN,Federal Contract Tower,0,26,53,7,86,0,4,162,6,172,0,30,215,13,258,244,38,282,540
04/21/2005,LNS,PA,AEA,EN,Federal Contract Tower,0,21,52,3,76,0,0,142,9,151,0,21,194,12,227,106,30,136,363
04/22/2005,LNS,PA,AEA,EN,Federal Contract Tower,0,34,65,4,103,0,0,19,0,19,0,34,84,4,122,144,0,144,266
04/23/2005,LNS,PA,AEA,EN,Federal Contract Tower,0,8,8,0,16,0,0,0,0,0,0,8,8,0,16,4,0,4,20
04/24/2005,LNS,PA,AEA,EN,Federal Contract Tower,0,7,22,0,29,0,0,69,0,69,0,7,91,0,98,196,0,196,294
04/25/2005,LNS,PA,AEA,EN,Federal Contract Tower,0,17,36,0,53,0,4,61,0,65,0,21,97,0,118,180,2,182,300
04/26/2005,LNS,PA,AEA,EN,Federal Contract Tower,0,17,40,2,59,0,0,132,0,132,0,17,172,2,191,352,0,352,543
04/27/2005,LNS,PA,AEA,EN,Federal Contract Tower,0,19,48,4,71,0,0,115,10,125,0,19,163,14,196,34,12,46,242
04/28/2005,LNS,PA,AEA,EN,Federal Contract Tower,0,13,44,2,59,0,0,123,6,129,0,13,167,8,188,130,10,140,328
04/29/2005,LNS,PA,AEA,EN,Federal Contract Tower,0,29,55,3,87,0,6,100,1,107,0,35,155,4,194,132,26,158,352
04/30/2005,LNS,PA,AEA,EN,Federal Contract Tower,0,6,21,0,27,0,0,0,0,0,0,6,21,0,27,6,0,6,33
05/01/2005,LNS,PA,AEA,EN,Federal Contract Tower,0,12,43,0,55,0,1,174,0,175,0,13,217,0,230,256,0,256,486
05/02/2005,LNS,PA,AEA,EN,Federal Contract Tower,0,14,23,5,42,0,3,93,7,103,0,17,116,12,145,180,26,206,351
05/03/2005,LNS,PA,AEA,EN,Federal Contract Tower,0,12,35,5,52,0,3,152,5,160,0,15,187,10,212,316,18,334,546
05/04/2005,LNS,PA,AEA,EN,Federal Contract Tower,0,10,38,6,54,0,0,201,6,207,0,10,239,12,261,232,0,232,493
05/05/2005,LNS,PA,AEA,EN,Federal Contract Tower,0,27,40,0,67,0,0,273,2,275,0,27,313,2,342,252,0,252,594
05/06/2005,LNS,PA,AEA,EN,Federal Contract Tower,0,19,61,1,81,0,2,126,1,129,0,21,187,2,210,190,0,190,400
05/07/2005,LNS,PA,AEA,EN,Federal Contract Tower,0,4,41,0,45,0,0,189,0,189,0,4,230,0,234,102,0,102,336
05/08/2005,LNS,PA,AEA,EN,Federal Contract Tower,0,14,16,0,30,0,1,99,0,100,0,15,115,0,130,46,0,46,176
05/09/2005,LNS,PA,AEA,EN,Federal Contract Tower,0,15,44,1,60,0,1,227,1,229,0,16,271,2,289,254,6,260,549
05/10/2005,LNS,PA,AEA,EN,Federal Contract Tower,0,12,56,2,70,0,2,239,0,241,0,14,295,2,311,182,0,182,493
05/11/2005,LNS,PA,AEA,EN,Federal Contract Tower,0,10,58,3,71,0,5,126,11,142,0,15,184,14,213,170,10,180,393
05/12/2005,LNS,PA,AEA,EN,Federal Contract Tower,0,15,56,5,76,0,6,158,4,168,0,21,214,9,244,92,4,96,340
05/13/2005,LNS,PA,AEA,EN,Federal Contract Tower,0,28,64,4,96,0,5,208,7,220,0,33,272,11,316,188,6,194,510
05/14/2005,LNS,PA,AEA,EN,Federal Contract Tower,0,5,29,0,34,0,5,95,2,102,0,10,124,2,136,94,2,96,232
05/15/2005,LNS,PA,AEA,EN,Federal Contract Tower,0,8,55,0,63,0,0,129,0,129,0,8,184,0,192,104,0,104,296
05/16/2005,LNS,PA,AEA,EN,Federal Contract Tower,0,13,47,3,63,0,1,191,1,193,0,14,238,4,256,202,0,202,458
05/17/2005,LNS,PA,AEA,EN,Federal Contract Tower,0,14,47,1,62,0,0,231,7,238,0,14,278,8,300,258,22,280,580
05/18/2005,LNS,PA,AEA,EN,Federal Contract Tower,0,11,50,1,62,0,5,159,1,165,0,16,209,2,227,126,0,126,353
05/19/2005,LNS,PA,AEA,EN,Federal Contract Tower,0,19,58,0,77,0,4,173,0,177,0,23,231,0,254,208,2,210,464
05/20/2005,LNS,PA,AEA,EN,Federal Contract Tower,0,22,19,0,41,0,0,3,8,11,0,22,22,8,52,6,0,6,58
05/21/2005,LNS,PA,AEA,EN,Federal Contract Tower,0,2,32,0,34,0,4,179,0,183,0,6,211,0,217,52,0,52,269
05/22/2005,LNS,PA,AEA,EN,Federal Contract Tower,0,5,37,0,42,0,0,189,8,197,0,5,226,8,239,56,0,56,295
05/23/2005,LNS,PA,AEA,EN,Federal Contract Tower,0,10,36,0,46,0,0,52,0,52,0,10,88,0,98,159,0,159,257
05/24/2005,LNS,PA,AEA,EN,Federal Contract Tower,0,11,69,0,80,0,0,56,0,56,0,11,125,0,136,106,0,106,242
05/25/2005,LNS,PA,AEA,EN,Federal Contract Tower,0,13,83,2,98,0,0,47,3,50,0,13,130,5,148,156,14,170,318
05/26/2005,LNS,PA,AEA,EN,Federal Contract Tower,0,15,49,0,64,0,4,168,2,174,0,19,217,2,238,196,0,196,434
05/27/2005,LNS,PA,AEA,EN,Federal Contract Tower,0,25,44,0,69,0,2,218,0,220,0,27,262,0,289,122,0,122,411
05/28/2005,LNS,PA,AEA,EN,Federal Contract Tower,0,7,31,0,38,0,1,129,0,130,0,8,160,0,168,120,0,120,288
05/29/2005,LNS,PA,AEA,EN,Federal Contract Tower,0,4,37,0,41,0,0,208,0,208,0,4,245,0,249,110,0,110,359
05/30/2005,LNS,PA,AEA,EN,Federal Contract Tower,0,11,32,0,43,0,1,127,0,128,0,12,159,0,171,62,0,62,233
05/31/2005,LNS,PA,AEA,EN,Federal Contract Tower,0,13,37,0,50,0,1,160,4,165,0,14,197,4,215,172,10,182,397
06/01/2005,LNS,PA,AEA,EN,Federal Contract Tower,0,16,38,0,54,0,0,178,0,178,0,16,216,0,232,168,0,168,400
06/02/2005,LNS,PA,AEA,EN,Federal Contract Tower,0,13,61,0,74,0,1,95,0,96,0,14,156,0,170,116,0,116,286
06/03/2005,LNS,PA,AEA,EN,Federal Contract Tower,0,32,26,0,58,0,0,1,0,1,0,32,27,0,59,46,0,46,105
06/04/2005,LNS,PA,AEA,EN,Federal Contract Tower,0,4,85,0,89,0,0,101,2,103,0,4,186,2,192,110,0,110,302
06/05/2005,LNS,PA,AEA,EN,Federal Contract Tower,0,10,39,0,49,0,0,279,0,279,0,10,318,0,328,286,0,286,614
06/06/2005,LNS,PA,AEA,EN,Federal Contract Tower,0,10,32,0,42,0,0,48,0,48,0,10,80,0,90,104,0,104,194
06/07/2005,LNS,PA,AEA,EN,Federal Contract Tower,0,12,52,2,66,0,1,146,2,149,0,13,198,4,215,174,0,174,389
06/08/2005,LNS,PA,AEA,EN,Federal Contract Tower,0,11,54,1,66,0,1,163,1,165,0,12,217,2,231,198,0,198,429
06/09/2005,LNS,PA,AEA,EN,Federal Contract Tower,0,18,43,0,61,0,0,67,0,67,0,18,110,0,128,119,0,119,247
06/10/2005,LNS,PA,AEA,EN,Federal Contract Tower,0,19,44,0,63,0,1,77,0,78,0,20,121,0,141,160,0,160,301
06/11/2005,LNS,PA,AEA,EN,Federal Contract Tower,0,3,38,1,42,0,0,82,1,83,0,3,120,2,125,98,0,98,223
06/12/2005,LNS,PA,AEA,EN,Federal Contract Tower,0,10,38,0,48,0,1,180,0,181,0,11,218,0,229,122,0,122,351
06/13/2005,LNS,PA,AEA,EN,Federal Contract Tower,0,22,28,2,52,0,4,87,2,93,0,26,115,4,145,124,0,124,269
06/14/2005,LNS,PA,AEA,EN,Federal Contract Tower,0,21,30,0,51,0,5,128,7,140,0,26,158,7,191,366,8,374,565
06/15/2005,LNS,PA,AEA,EN,Federal Contract Tower,0,16,46,1,63,0,4,123,7,134,0,20,169,8,197,197,18,215,412
06/16/2005,LNS,PA,AEA,EN,Federal Contract Tower,0,16,49,1,66,0,0,112,3,115,0,16,161,4,181,229,4,233,414
06/17/2005,LNS,PA,AEA,EN,Federal Contract Tower,0,20,37,0,57,0,0,152,0,152,0,20,189,0,209,122,0,122,331
06/18/2005,LNS,PA,AEA,EN,Federal Contract Tower,0,4,39,0,43,0,4,210,0,214,0,8,249,0,257,136,0,136,393
06/19/2005,LNS,PA,AEA,EN,Federal Contract Tower,0,8,62,0,70,0,0,145,0,145,0,8,207,0,215,133,0,133,348
06/20/2005,LNS,PA,AEA,EN,Federal Contract Tower,0,23,38,1,62,0,3,160,3,166,0,26,198,4,228,154,16,170,398
06/21/2005,LNS,PA,AEA,EN,Federal Contract Tower,0,16,46,0,62,0,7,188,0,195,0,23,234,0,257,212,0,212,469
06/22/2005,LNS,PA,AEA,EN,Federal Contract Tower,0,9,41,0,50,0,2,114,0,116,0,11,155,0,166,174,0,174,340
06/23/2005,LNS,PA,AEA,EN,Federal Contract Tower,0,10,44,0,54,0,1,228,2,231,0,11,272,2,285,230,0,230,515
06/24/2005,LNS,PA,AEA,EN,Federal Contract Tower,0,21,52,0,73,0,2,158,0,160,0,23,210,0,233,144,4,148,381
06/25/2005,LNS,PA,AEA,EN,Federal Contract Tower,0,6,39,0,45,0,0,175,0,175,0,6,214,0,220,327,0,327,547
06/26/2005,LNS,PA,AEA,EN,Federal Contract Tower,0,6,60,0,66,0,0,126,0,126,0,6,186,0,192,128,0,128,320
06/27/2005,LNS,PA,AEA,EN,Federal Contract Tower,0,15,33,0,48,0,4,47,0,51,0,19,80,0,99,136,0,136,235
06/28/2005,LNS,PA,AEA,EN,Federal Contract Tower,0,10,39,0,49,0,3,96,0,99,0,13,135,0,148,180,0,180,328
06/29/2005,LNS,PA,AEA,EN,Federal Contract Tower,0,15,54,0,69,0,3,46,0,49,0,18,100,0,118,200,0,200,318
06/30/2005,LNS,PA,AEA,EN,Federal Contract Tower,0,29,56,1,86,0,2,106,1,109,0,31,162,2,195,158,24,182,377
07/01/2005,LNS,PA,AEA,EN,Federal Contract Tower,0,2,7,0,9,0,24,87,0,111,0,26,94,0,120,54,0,54,174
07/02/2005,LNS,PA,AEA,EN,Federal Contract Tower,0,5,36,0,41,0,1,248,0,249,0,6,284,0,290,148,0,148,438
07/03/2005,LNS,PA,AEA,EN,Federal Contract Tower,0,6,28,0,34,0,0,194,0,194,0,6,222,0,228,152,0,152,380
07/04/2005,LNS,PA,AEA,EN,Federal Contract Tower,0,8,30,0,38,0,0,110,0,110,0,8,140,0,148,68,0,68,216
07/05/2005,LNS,PA,AEA,EN,Federal Contract Tower,0,13,22,0,35,0,0,18,0,18,0,13,40,0,53,20,0,20,73
07/06/2005,LNS,PA,AEA,EN,Federal Contract Tower,0,10,53,0,63,0,0,86,2,88,0,10,139,2,151,212,2,214,365
07/07/2005,LNS,PA,AEA,EN,Federal Contract Tower,0,10,42,0,52,0,0,24,0,24,0,10,66,0,76,48,0,48,124
07/08/2005,LNS,PA,AEA,EN,Federal Contract Tower,0,34,21,0,55,0,1,25,0,26,0,35,46,0,81,18,0,18,99
07/09/2005,LNS,PA,AEA,EN,Federal Contract Tower,0,2,26,0,28,0,1,159,0,160,0,3,185,0,188,116,0,116,304
07/10/2005,LNS,PA,AEA,EN,Federal Contract Tower,0,7,29,0,36,0,0,275,0,275,0,7,304,0,311,216,0,216,527
07/11/2005,LNS,PA,AEA,EN,Federal Contract Tower,0,11,31,1,43,0,4,190,3,197,0,15,221,4,240,102,0,102,342
07/12/2005,LNS,PA,AEA,EN,Federal Contract Tower,0,13,38,0,51,0,2,132,0,134,0,15,170,0,185,208,0,208,393
07/13/2005,LNS,PA,AEA,EN,Federal Contract Tower,0,12,49,1,62,0,1,19,1,21,0,13,68,2,83,28,0,28,111
07/14/2005,LNS,PA,AEA,EN,Federal Contract Tower,0,21,50,5,76,0,4,62,1,67,0,25,112,6,143,48,16,64,207
07/15/2005,LNS,PA,AEA,EN,Federal Contract Tower,0,19,42,0,61,0,0,28,0,28,0,19,70,0,89,20,0,20,109
07/16/2005,LNS,PA,AEA,EN,Federal Contract Tower,0,4,20,0,24,0,0,2,0,2,0,4,22,0,26,12,0,12,38
07/17/2005,LNS,PA,AEA,EN,Federal Contract Tower,0,5,26,0,31,0,0,5,0,5,0,5,31,0,36,4,0,4,40
07/18/2005,LNS,PA,AEA,EN,Federal Contract Tower,0,8,32,6,46,0,2,57,4,63,0,10,89,10,109,142,10,152,261
07/19/2005,LNS,PA,AEA,EN,Federal Contract Tower,0,18,37,0,55,0,1,61,0,62,0,19,98,0,117,112,0,112,229
07/20/2005,LNS,PA,AEA,EN,Federal Contract Tower,0,19,50,0,69,0,5,229,0,234,0,24,279,0,303,256,0,256,559
07/21/2005,LNS,PA,AEA,EN,Federal Contract Tower,0,10,48,0,58,0,3,174,0,177,0,13,222,0,235,181,2,183,418
07/22/2005,LNS,PA,AEA,EN,Federal Contract Tower,0,21,64,0,85,0,2,137,0,139,0,23,201,0,224,148,0,148,372
07/23/2005,LNS,PA,AEA,EN,Federal Contract Tower,0,0,46,0,46,0,0,254,1,255,0,0,300,1,301,224,0,224,525
07/24/2005,LNS,PA,AEA,EN,Federal Contract Tower,0,10,31,0,41,0,2,222,0,224,0,12,253,0,265,150,0,150,415
07/25/2005,LNS,PA,AEA,EN,Federal Contract Tower,0,8,40,2,50,0,0,109,2,111,0,8,149,4,161,170,10,180,341
07/26/2005,LNS,PA,AEA,EN,Federal Contract Tower,0,12,25,5,42,0,0,110,2,112,0,12,135,7,154,114,0,114,268
07/27/2005,LNS,PA,AEA,EN,Federal Contract Tower,0,13,24,4,41,0,1,55,2,58,0,14,79,6,99,32,0,32,131
07/28/2005,LNS,PA,AEA,EN,Federal Contract Tower,0,17,37,0,54,0,7,212,0,219,0,24,249,0,273,188,0,188,461
07/29/2005,LNS,PA,AEA,EN,Federal Contract Tower,0,18,38,2,58,0,2,155,2,159,0,20,193,4,217,160,2,162,379
07/30/2005,LNS,PA,AEA,EN,Federal Contract Tower,0,2,45,0,47,0,1,141,2,144,0,3,186,2,191,172,0,172,363
07/31/2005,LNS,PA,AEA,EN,Federal Contract Tower,0,10,63,0,73,0,0,119,0,119,0,10,182,0,192,84,0,84,276
08/01/2005,LNS,PA,AEA,EN,Federal Contract Tower,0,13,33,0,46,0,1,68,0,69,0,14,101,0,115,70,0,70,185
08/02/2005,LNS,PA,AEA,EN,Federal Contract Tower,0,14,60,0,74,0,5,192,0,197,0,19,252,0,271,224,0,224,495
08/03/2005,LNS,PA,AEA,EN,Federal Contract Tower,0,15,48,5,68,0,11,233,7,251,0,26,281,12,319,160,10,170,489
08/04/2005,LNS,PA,AEA,EN,Federal Contract Tower,0,17,32,1,50,0,7,156,1,164,0,24,188,2,214,206,0,206,420
08/05/2005,LNS,PA,AEA,EN,Federal Contract Tower,0,22,38,0,60,0,3,94,0,97,0,25,132,0,157,156,0,156,313
08/06/2005,LNS,PA,AEA,EN,Federal Contract Tower,0,5,46,0,51,0,0,247,2,249,0,5,293,2,300,190,2,192,492
08/07/2005,LNS,PA,AEA,EN,Federal Contract Tower,0,11,39,0,50,0,0,25,0,25,0,11,64,0,75,18,0,18,93
08/08/2005,LNS,PA,AEA,EN,Federal Contract Tower,0,10,30,3,43,0,0,17,1,18,0,10,47,4,61,182,0,182,243
08/09/2005,LNS,PA,AEA,EN,Federal Contract Tower,0,15,2,0,17,0,0,123,3,126,0,15,125,3,143,200,2,202,345
08/10/2005,LNS,PA,AEA,EN,Federal Contract Tower,0,9,38,4,51,0,1,119,0,120,0,10,157,4,171,234,4,238,409
08/11/2005,LNS,PA,AEA,EN,Federal Contract Tower,0,13,50,2,65,0,1,118,6,125,0,14,168,8,190,201,0,201,391
08/12/2005,LNS,PA,AEA,EN,Federal Contract Tower,0,20,45,1,66,0,3,102,1,106,0,23,147,2,172,82,0,82,254
08/13/2005,LNS,PA,AEA,EN,Federal Contract Tower,0,5,38,0,43,0,1,73,0,74,0,6,111,0,117,80,0,80,197
08/14/2005,LNS,PA,AEA,EN,Federal Contract Tower,0,9,45,0,54,0,1,63,0,64,0,10,108,0,118,124,0,124,242
08/15/2005,LNS,PA,AEA,EN,Federal Contract Tower,0,11,43,1,55,0,6,139,5,150,0,17,182,6,205,154,2,156,361
08/16/2005,LNS,PA,AEA,EN,Federal Contract Tower,0,6,61,0,67,0,1,0,0,1,0,7,61,0,68,8,0,8,76
08/17/2005,LNS,PA,AEA,EN,Federal Contract Tower,0,9,54,9,72,0,0,207,7,214,0,9,261,16,286,158,30,188,474
08/18/2005,LNS,PA,AEA,EN,Federal Contract Tower,0,12,25,7,44,0,1,232,2,235,0,13,257,9,279,256,38,294,573
08/19/2005,LNS,PA,AEA,EN,Federal Contract Tower,0,22,53,2,77,0,5,62,2,69,0,27,115,4,146,92,0,92,238
08/20/2005,LNS,PA,AEA,EN,Federal Contract Tower,0,6,57,0,63,0,0,54,0,54,0,6,111,0,117,20,0,20,137
08/21/2005,LNS,PA,AEA,EN,Federal Contract Tower,0,10,33,0,43,0,1,188,0,189,0,11,221,0,232,112,0,112,344
08/22/2005,LNS,PA,AEA,EN,Federal Contract Tower,0,14,44,0,58,0,3,230,2,235,0,17,274,2,293,196,12,208,501
08/23/2005,LNS,PA,AEA,EN,Federal Contract Tower,0,9,52,0,61,0,4,215,2,221,0,13,267,2,282,192,0,192,474
08/24/2005,LNS,PA,AEA,EN,Federal Contract Tower,0,16,43,1,60,0,1,241,1,243,0,17,284,2,303,150,0,150,453
08/25/2005,LNS,PA,AEA,EN,Federal Contract Tower,0,16,36,0,52,0,2,181,0,183,0,18,217,0,235,142,2,144,379
08/26/2005,LNS,PA,AEA,EN,Federal Contract Tower,0,13,69,3,85,0,1,223,3,227,0,14,292,6,312,174,0,174,486
08/27/2005,LNS,PA,AEA,EN,Federal Contract Tower,0,2,62,0,64,0,0,204,0,204,0,2,266,0,268,222,0,222,490
08/28/2005,LNS,PA,AEA,EN,Federal Contract Tower,0,11,37,0,48,0,1,33,0,34,0,12,70,0,82,60,0,60,142
08/29/2005,LNS,PA,AEA,EN,Federal Contract Tower,0,9,59,4,72,0,8,71,2,81,0,17,130,6,153,234,0,234,387
08/30/2005,LNS,PA,AEA,EN,Federal Contract Tower,0,10,31,0,41,0,0,28,0,28,0,10,59,0,69,52,0,52,121
08/31/2005,LNS,PA,AEA,EN,Federal Contract Tower,0,9,11,0,20,0,5,30,0,35,0,14,41,0,55,72,0,72,127
09/01/2005,LNS,PA,AEA,EN,Federal Contract Tower,0,12,49,0,61,0,3,189,4,196,0,15,238,4,257,315,6,321,578
09/02/2005,LNS,PA,AEA,EN,Federal Contract Tower,0,18,39,2,59,0,1,197,0,198,0,19,236,2,257,144,0,144,401
09/03/2005,LNS,PA,AEA,EN,Federal Contract Tower,0,4,47,0,51,0,0,190,0,190,0,4,237,0,241,102,0,102,343
09/04/2005,LNS,PA,AEA,EN,Federal Contract Tower,0,4,24,0,28,0,0,214,1,215,0,4,238,1,243,134,0,134,377
09/05/2005,LNS,PA,AEA,EN,Federal Contract Tower,0,8,28,0,36,0,0,199,0,199,0,8,227,0,235,156,0,156,391
09/06/2005,LNS,PA,AEA,EN,Federal Contract Tower,0,9,49,2,60,0,1,174,2,177,0,10,223,4,237,170,0,170,407
09/07/2005,LNS,PA,AEA,EN,Federal Contract Tower,0,13,26,2,41,0,1,194,0,195,0,14,220,2,236,126,0,126,362
09/08/2005,LNS,PA,AEA,EN,Federal Contract Tower,0,9,32,2,43,0,5,199,2,206,0,14,231,4,249,190,8,198,447
09/09/2005,LNS,PA,AEA,EN,Federal Contract Tower,0,15,35,2,52,0,3,184,2,189,0,18,219,4,241,266,14,280,521
09/10/2005,LNS,PA,AEA,EN,Federal Contract Tower,0,6,32,2,40,0,3,171,2,176,0,9,203,4,216,172,0,172,388
09/11/2005,LNS,PA,AEA,EN,Federal Contract Tower,0,5,37,0,42,0,0,226,0,226,0,5,263,0,268,160,0,160,428
09/12/2005,LNS,PA,AEA,EN,Federal Contract Tower,0,14,27,0,41,0,4,157,0,161,0,18,184,0,202,182,0,182,384
09/13/2005,LNS,PA,AEA,EN,Federal Contract Tower,0,9,30,1,40,0,1,153,1,155,0,10,183,2,195,206,8,214,409
09/14/2005,LNS,PA,AEA,EN,Federal Contract Tower,0,15,44,3,62,0,3,61,2,66,0,18,105,5,128,234,12,246,374
09/15/2005,LNS,PA,AEA,EN,Federal Contract Tower,0,20,36,1,57,0,0,68,0,68,0,20,104,1,125,248,12,260,385
09/16/2005,LNS,PA,AEA,EN,Federal Contract Tower,0,24,40,0,64,0,3,97,0,100,0,27,137,0,164,202,0,202,366
09/17/2005,LNS,PA,AEA,EN,Federal Contract Tower,0,5,38,0,43,0,0,66,0,66,0,5,104,0,109,116,0,116,225
09/18/2005,LNS,PA,AEA,EN,Federal Contract Tower,0,10,46,0,56,0,0,249,0,249,0,10,295,0,305,174,0,174,479
09/19/2005,LNS,PA,AEA,EN,Federal Contract Tower,0,8,30,3,41,0,3,160,3,166,0,11,190,6,207,276,10,286,493
09/20/2005,LNS,PA,AEA,EN,Federal Contract Tower,0,13,37,2,52,0,3,102,12,117,0,16,139,14,169,214,0,214,383
09/21/2005,LNS,PA,AEA,EN,Federal Contract Tower,0,21,48,1,70,0,2,225,3,230,0,23,273,4,300,242,0,242,542
09/22/2005,LNS,PA,AEA,EN,Federal Contract Tower,0,22,33,5,60,0,4,252,2,258,0,26,285,7,318,264,4,268,586
09/23/2005,LNS,PA,AEA,EN,Federal Contract Tower,0,20,63,1,84,0,4,92,1,97,0,24,155,2,181,94,0,94,275
09/24/2005,LNS,PA,AEA,EN,Federal Contract Tower,0,3,57,0,60,0,0,171,0,171,0,3,228,0,231,136,0,136,367
09/25/2005,LNS,PA,AEA,EN,Federal Contract Tower,0,10,55,0,65,0,0,123,0,123,0,10,178,0,188,144,0,144,332
09/26/2005,LNS,PA,AEA,EN,Federal Contract Tower,0,16,21,0,37,0,0,20,0,20,0,16,41,0,57,72,0,72,129
09/27/2005,LNS,PA,AEA,EN,Federal Contract Tower,0,13,30,1,44,0,4,129,5,138,0,17,159,6,182,227,74,301,483
09/28/2005,LNS,PA,AEA,EN,Federal Contract Tower,0,12,48,2,62,0,5,237,4,246,0,17,285,6,308,276,10,286,594
09/29/2005,LNS,PA,AEA,EN,Federal Contract Tower,0,15,24,3,42,0,2,65,3,70,0,17,89,6,112,156,0,156,268
09/30/2005,LNS,PA,AEA,EN,Federal Contract Tower,0,28,43,0,71,0,3,268,6,277,0,31,311,6,348,256,0,256,604
10/01/2005,LNS,PA,AEA,EN,Federal Contract Tower,0,5,35,1,41,0,0,219,1,220,0,5,254,2,261,160,2,162,423
10/02/2005,LNS,PA,AEA,EN,Federal Contract Tower,0,6,27,0,33,0,0,268,4,272,0,6,295,4,305,136,0,136,441
10/03/2005,LNS,PA,AEA,EN,Federal Contract Tower,0,13,40,2,55,0,1,185,2,188,0,14,225,4,243,128,0,128,371
10/04/2005,LNS,PA,AEA,EN,Federal Contract Tower,0,12,37,2,51,0,0,85,0,85,0,12,122,2,136,148,8,156,292
10/05/2005,LNS,PA,AEA,EN,Federal Contract Tower,0,11,59,4,74,0,1,97,2,100,0,12,156,6,174,93,0,93,267
10/06/2005,LNS,PA,AEA,EN,Federal Contract Tower,0,27,42,3,72,0,6,48,1,55,0,33,90,4,127,152,0,152,279
10/07/2005,LNS,PA,AEA,EN,Federal Contract Tower,0,16,25,0,41,0,0,6,0,6,0,16,31,0,47,2,0,2,49
10/08/2005,LNS,PA,AEA,EN,Federal Contract Tower,0,5,13,0,18,0,0,0,0,0,0,5,13,0,18,6,0,6,24
10/09/2005,LNS,PA,AEA,EN,Federal Contract Tower,0,5,50,0,55,0,0,24,0,24,0,5,74,0,79,166,0,166,245
10/10/2005,LNS,PA,AEA,EN,Federal Contract Tower,0,9,44,0,53,0,0,0,0,0,0,9,44,0,53,12,0,12,65
10/11/2005,LNS,PA,AEA,EN,Federal Contract Tower,0,14,53,2,69,0,0,46,4,50,0,14,99,6,119,142,0,142,261
10/12/2005,LNS,PA,AEA,EN,Federal Contract Tower,0,13,55,2,70,0,3,8,0,11,0,16,63,2,81,24,0,24,105
10/13/2005,LNS,PA,AEA,EN,Federal Contract Tower,0,13,34,0,47,0,0,8,0,8,0,13,42,0,55,34,0,34,89
10/14/2005,LNS,PA,AEA,EN,Federal Contract Tower,0,17,59,0,76,0,0,30,0,30,0,17,89,0,106,74,0,74,180
10/15/2005,LNS,PA,AEA,EN,Federal Contract Tower,0,12,29,0,41,0,4,177,0,181,0,16,206,0,222,72,0,72,294
10/16/2005,LNS,PA,AEA,EN,Federal Contract Tower,0,9,32,0,41,0,0,105,2,107,0,9,137,2,148,36,0,36,184
10/17/2005,LNS,PA,AEA,EN,Federal Contract Tower,0,12,42,0,54,0,5,176,0,181,0,17,218,0,235,108,0,108,343
10/18/2005,LNS,PA,AEA,EN,Federal Contract Tower,0,14,47,4,65,0,1,199,2,202,0,15,246,6,267,138,4,142,409
10/19/2005,LNS,PA,AEA,EN,Federal Contract Tower,0,11,38,0,49,0,0,222,2,224,0,11,260,2,273,230,10,240,513
10/20/2005,LNS,PA,AEA,EN,Federal Contract Tower,0,14,49,0,63,0,2,217,0,219,0,16,266,0,282,344,0,344,626
10/21/2005,LNS,PA,AEA,EN,Federal Contract Tower,0,27,29,3,59,0,2,13,1,16,0,29,42,4,75,44,8,52,127
10/22/2005,LNS,PA,AEA,EN,Federal Contract Tower,0,6,28,0,34,0,0,0,0,0,0,6,28,0,34,0,0,0,34
10/23/2005,LNS,PA,AEA,EN,Federal Contract Tower,0,9,34,0,43,0,4,180,0,184,0,13,214,0,227,100,0,100,327
10/24/2005,LNS,PA,AEA,EN,Federal Contract Tower,0,13,17,4,34,0,0,80,2,82,0,13,97,6,116,178,12,190,306
10/25/2005,LNS,PA,AEA,EN,Federal Contract Tower,0,14,16,0,30,0,0,4,0,4,0,14,20,0,34,0,0,0,34
10/26/2005,LNS,PA,AEA,EN,Federal Contract Tower,0,14,22,4,40,0,1,58,2,61,0,15,80,6,101,200,2,202,303
10/27/2005,LNS,PA,AEA,EN,Federal Contract Tower,0,13,20,0,33,0,1,156,3,160,0,14,176,3,193,314,26,340,533
10/28/2005,LNS,PA,AEA,EN,Federal Contract Tower,0,17,35,1,53,0,3,183,1,187,0,20,218,2,240,306,0,306,546
10/29/2005,LNS,PA,AEA,EN,Federal Contract Tower,0,2,21,0,23,0,0,211,0,211,0,2,232,0,234,144,0,144,378
10/30/2005,LNS,PA,AEA,EN,Federal Contract Tower,0,11,32,0,43,0,0,281,0,281,0,11,313,0,324,128,0,128,452
10/31/2005,LNS,PA,AEA,EN,Federal Contract Tower,0,12,20,2,34,0,3,227,0,230,0,15,247,2,264,158,0,158,422
11/01/2005,LNS,PA,AEA,EN,Federal Contract Tower,0,12,40,4,56,0,6,186,6,198,0,18,226,10,254,268,4,272,526
11/02/2005,LNS,PA,AEA,EN,Federal Contract Tower,0,10,40,1,51,0,1,153,5,159,0,11,193,6,210,202,24,226,436
11/03/2005,LNS,PA,AEA,EN,Federal Contract Tower,0,14,31,3,48,0,1,172,1,174,0,15,203,4,222,144,6,150,372
11/04/2005,LNS,PA,AEA,EN,Federal Contract Tower,0,20,47,0,67,0,1,250,0,251,0,21,297,0,318,194,0,194,512
11/05/2005,LNS,PA,AEA,EN,Federal Contract Tower,0,3,48,0,51,0,0,247,0,247,0,3,295,0,298,180,0,180,478
11/06/2005,LNS,PA,AEA,EN,Federal Contract Tower,0,6,32,0,38,0,0,77,0,77,0,6,109,0,115,82,0,82,197
11/07/2005,LNS,PA,AEA,EN,Federal Contract Tower,0,11,46,2,59,0,4,157,2,163,0,15,203,4,222,234,0,234,456
11/08/2005,LNS,PA,AEA,EN,Federal Contract Tower,0,12,40,0,52,0,4,212,0,216,0,16,252,0,268,238,0,238,506
11/09/2005,LNS,PA,AEA,EN,Federal Contract Tower,0,14,34,3,51,0,1,33,1,35,0,15,67,4,86,94,0,94,180
11/10/2005,LNS,PA,AEA,EN,Federal Contract Tower,0,12,32,1,45,0,2,32,1,35,0,14,64,2,80,26,0,26,106
11/11/2005,LNS,PA,AEA,EN,Federal Contract Tower,0,14,33,0,47,0,1,183,0,184,0,15,216,0,231,78,0,78,309
11/12/2005,LNS,PA,AEA,EN,Federal Contract Tower,0,5,46,0,51,0,0,322,0,322,0,5,368,0,373,124,0,124,497
11/13/2005,LNS,PA,AEA,EN,Federal Contract Tower,0,13,34,2,49,0,0,255,0,255,0,13,289,2,304,162,0,162,466
11/14/2005,LNS,PA,AEA,EN,Federal Contract Tower,0,13,19,3,35,0,0,122,3,125,0,13,141,6,160,148,0,148,308
11/15/2005,LNS,PA,AEA,EN,Federal Contract Tower,0,15,52,0,67,0,0,23,0,23,0,15,75,0,90,20,0,20,110
11/16/2005,LNS,PA,AEA,EN,Federal Contract Tower,0,8,26,0,34,0,0,18,0,18,0,8,44,0,52,20,0,20,72
11/17/2005,LNS,PA,AEA,EN,Federal Contract Tower,0,12,52,4,68,0,1,140,6,147,0,13,192,10,215,68,18,86,301
11/18/2005,LNS,PA,AEA,EN,Federal Contract Tower,0,17,48,1,66,0,1,200,5,206,0,18,248,6,272,108,6,114,386
11/19/2005,LNS,PA,AEA,EN,Federal Contract Tower,0,6,36,0,42,0,1,271,0,272,0,7,307,0,314,204,0,204,518
11/20/2005,LNS,PA,AEA,EN,Federal Contract Tower,0,6,24,0,30,0,1,287,1,289,0,7,311,1,319,148,0,148,467
11/21/2005,LNS,PA,AEA,EN,Federal Contract Tower,0,10,35,2,47,0,1,54,0,55,0,11,89,2,102,86,6,92,194
11/22/2005,LNS,PA,AEA,EN,Federal Contract Tower,0,14,20,0,34,0,1,22,0,23,0,15,42,0,57,36,0,36,93
11/23/2005,LNS,PA,AEA,EN,Federal Contract Tower,0,11,38,0,49,0,0,107,0,107,0,11,145,0,156,60,6,66,222
11/24/2005,LNS,PA,AEA,EN,Federal Contract Tower,0,8,1,0,9,0,0,6,0,6,0,8,7,0,15,72,0,72,87
11/25/2005,LNS,PA,AEA,EN,Federal Contract Tower,0,10,33,0,43,0,4,128,0,132,0,14,161,0,175,176,0,176,351
11/26/2005,LNS,PA,AEA,EN,Federal Contract Tower,0,8,28,0,36,0,3,246,0,249,0,11,274,0,285,228,0,228,513
11/27/2005,LNS,PA,AEA,EN,Federal Contract Tower,0,8,36,0,44,0,0,230,0,230,0,8,266,0,274,150,0,150,424
11/28/2005,LNS,PA,AEA,EN,Federal Contract Tower,0,13,24,0,37,0,0,44,0,44,0,13,68,0,81,74,0,74,155
11/29/2005,LNS,PA,AEA,EN,Federal Contract Tower,0,10,15,0,25,0,1,6,0,7,0,11,21,0,32,44,0,44,76
11/30/2005,LNS,PA,AEA,EN,Federal Contract Tower,0,10,42,3,55,0,0,119,3,122,0,10,161,6,177,193,20,213,390
12/01/2005,LNS,PA,AEA,EN,Federal Contract Tower,0,11,39,3,53,0,2,167,2,171,0,13,206,5,224,258,8,266,490
12/02/2005,LNS,PA,AEA,EN,Federal Contract Tower,0,11,20,0,31,0,0,35,0,35,0,11,55,0,66,114,0,114,180
12/03/2005,LNS,PA,AEA,EN,Federal Contract Tower,0,8,37,0,45,0,2,181,0,183,0,10,218,0,228,132,0,132,360
12/04/2005,LNS,PA,AEA,EN,Federal Contract Tower,0,4,16,0,20,0,0,8,0,8,0,4,24,0,28,38,0,38,66
12/05/2005,LNS,PA,AEA,EN,Federal Contract Tower,0,10,18,0,28,0,0,48,0,48,0,10,66,0,76,102,0,102,178
12/06/2005,LNS,PA,AEA,EN,Federal Contract Tower,0,12,24,0,36,0,2,73,4,79,0,14,97,4,115,160,24,184,299
12/07/2005,LNS,PA,AEA,EN,Federal Contract Tower,0,12,33,3,48,0,4,76,3,83,0,16,109,6,131,110,0,110,241
12/08/2005,LNS,PA,AEA,EN,Federal Contract Tower,0,17,42,0,59,0,0,178,2,180,0,17,220,2,239,168,14,182,421
12/09/2005,LNS,PA,AEA,EN,Federal Contract Tower,0,8,0,0,8,0,0,22,0,22,0,8,22,0,30,0,0,0,30
12/10/2005,LNS,PA,AEA,EN,Federal Contract Tower,0,2,28,0,30,0,0,187,0,187,0,2,215,0,217,154,0,154,371
12/11/2005,LNS,PA,AEA,EN,Federal Contract Tower,0,4,0,0,4,0,0,46,0,46,0,4,46,0,50,16,0,16,66
12/12/2005,LNS,PA,AEA,EN,Federal Contract Tower,0,7,22,0,29,0,0,80,4,84,0,7,102,4,113,110,0,110,223
12/13/2005,LNS,PA,AEA,EN,Federal Contract Tower,0,9,45,1,55,0,0,130,0,130,0,9,175,1,185,108,0,108,293
12/14/2005,LNS,PA,AEA,EN,Federal Contract Tower,0,14,39,0,53,0,3,140,2,145,0,17,179,2,198,112,0,112,310
12/15/2005,LNS,PA,AEA,EN,Federal Contract Tower,0,16,12,0,28,0,0,30,2,32,0,16,42,2,60,32,0,32,92
12/16/2005,LNS,PA,AEA,EN,Federal Contract Tower,0,14,19,0,33,0,1,55,0,56,0,15,74,0,89,20,0,20,109
12/17/2005,LNS,PA,AEA,EN,Federal Contract Tower,0,3,32,0,35,0,0,201,0,201,0,3,233,0,236,138,0,138,374
12/18/2005,LNS,PA,AEA,EN,Federal Contract Tower,0,6,42,0,48,0,0,165,0,165,0,6,207,0,213,134,0,134,347
12/19/2005,LNS,PA,AEA,EN,Federal Contract Tower,0,10,22,0,32,0,2,85,2,89,0,12,107,2,121,158,0,158,279
12/20/2005,LNS,PA,AEA,EN,Federal Contract Tower,0,7,33,0,40,0,1,117,2,120,0,8,150,2,160,66,10,76,236
12/21/2005,LNS,PA,AEA,EN,Federal Contract Tower,0,10,38,0,48,0,1,138,0,139,0,11,176,0,187,130,0,130,317
12/22/2005,LNS,PA,AEA,EN,Federal Contract Tower,0,9,37,0,46,0,2,187,0,189,0,11,224,0,235,182,0,182,417
12/23/2005,LNS,PA,AEA,EN,Federal Contract Tower,0,14,29,0,43,0,2,167,0,169,0,16,196,0,212,142,0,142,354
12/24/2005,LNS,PA,AEA,EN,Federal Contract Tower,0,3,15,0,18,0,1,181,0,182,0,4,196,0,200,108,0,108,308
12/25/2005,LNS,PA,AEA,EN,Federal Contract Tower,0,5,2,0,7,0,0,3,0,3,0,5,5,0,10,8,0,8,18
12/26/2005,LNS,PA,AEA,EN,Federal Contract Tower,0,13,20,0,33,0,0,7,0,7,0,13,27,0,40,0,0,0,40
12/27/2005,LNS,PA,AEA,EN,Federal Contract Tower,0,16,26,0,42,0,0,75,0,75,0,16,101,0,117,84,0,84,201
12/28/2005,LNS,PA,AEA,EN,Federal Contract Tower,0,16,38,3,57,0,5,234,0,239,0,21,272,3,296,270,4,274,570
12/29/2005,LNS,PA,AEA,EN,Federal Contract Tower,0,14,15,0,29,0,0,0,0,0,0,14,15,0,29,4,0,4,33
12/30/2005,LNS,PA,AEA,EN,Federal Contract Tower,0,14,46,0,60,0,0,134,0,134,0,14,180,0,194,102,0,102,296
12/31/2005,LNS,PA,AEA,EN,Federal Contract Tower,0,6,7,0,13,0,0,8,0,8,0,6,15,0,21,28,0,28,49
01/01/2006,LNS,PA,AEA,EN,Federal Contract Tower,0,4,8,0,12,0,0,75,0,75,0,4,83,0,87,60,0,60,147
01/02/2006,LNS,PA,AEA,EN,Federal Contract Tower,0,8,27,0,35,0,0,39,0,39,0,8,66,0,74,62,0,62,136
01/03/2006,LNS,PA,AEA,EN,Federal Contract Tower,0,9,13,1,23,0,0,0,1,1,0,9,13,2,24,4,0,4,28
01/04/2006,LNS,PA,AEA,EN,Federal Contract Tower,0,10,29,0,39,0,0,79,0,79,0,10,108,0,118,146,0,146,264
01/05/2006,LNS,PA,AEA,EN,Federal Contract Tower,0,11,15,1,27,0,1,40,4,45,0,12,55,5,72,49,0,49,121
01/06/2006,LNS,PA,AEA,EN,Federal Contract Tower,0,9,33,7,49,0,0,67,3,70,0,9,100,10,119,106,12,118,237
01/07/2006,LNS,PA,AEA,EN,Federal Contract Tower,0,2,41,0,43,0,0,303,6,309,0,2,344,6,352,184,0,184,536
01/08/2006,LNS,PA,AEA,EN,Federal Contract Tower,0,6,36,0,42,0,1,228,4,233,0,7,264,4,275,134,12,146,421
01/09/2006,LNS,PA,AEA,EN,Federal Contract Tower,0,10,21,0,31,0,6,113,2,121,0,16,134,2,152,190,0,190,342
01/10/2006,LNS,PA,AEA,EN,Federal Contract Tower,0,7,21,4,32,0,4,177,2,183,0,11,198,6,215,134,0,134,349
01/11/2006,LNS,PA,AEA,EN,Federal Contract Tower,0,12,12,0,24,0,1,1,0,2,0,13,13,0,26,0,0,0,26
01/12/2006,LNS,PA,AEA,EN,Federal Contract Tower,0,10,31,2,43,0,0,220,0,220,0,10,251,2,263,194,0,194,457
01/13/2006,LNS,PA,AEA,EN,Federal Contract Tower,0,10,23,0,33,0,0,4,0,4,0,10,27,0,37,0,0,0,37
01/14/2006,LNS,PA,AEA,EN,Federal Contract Tower,0,2,6,0,8,0,0,11,0,11,0,2,17,0,19,58,0,58,77
01/15/2006,LNS,PA,AEA,EN,Federal Contract Tower,0,5,4,0,9,0,2,7,0,9,0,7,11,0,18,0,0,0,18
01/16/2006,LNS,PA,AEA,EN,Federal Contract Tower,0,11,50,0,61,0,4,223,0,227,0,15,273,0,288,216,0,216,504
01/17/2006,LNS,PA,AEA,EN,Federal Contract Tower,0,11,19,0,30,0,0,16,2,18,0,11,35,2,48,32,0,32,80
01/18/2006,LNS,PA,AEA,EN,Federal Contract Tower,0,12,8,1,21,0,1,3,3,7,0,13,11,4,28,0,2,2,30
01/19/2006,LNS,PA,AEA,EN,Federal Contract Tower,0,7,30,3,40,0,2,187,4,193,0,9,217,7,233,192,8,200,433
01/20/2006,LNS,PA,AEA,EN,Federal Contract Tower,0,14,56,5,75,0,6,176,5,187,0,20,232,10,262,98,28,126,388
01/21/2006,LNS,PA,AEA,EN,Federal Contract Tower,0,2,31,0,33,0,0,73,2,75,0,2,104,2,108,132,6,138,246
01/22/2006,LNS,PA,AEA,EN,Federal Contract Tower,0,4,68,0,72,0,0,337,0,337,0,4,405,0,409,133,0,133,542
01/23/2006,LNS,PA,AEA,EN,Federal Contract Tower,0,8,6,0,14,0,0,4,0,4,0,8,10,0,18,0,0,0,18
01/24/2006,LNS,PA,AEA,EN,Federal Contract Tower,0,8,24,0,32,0,6,111,4,121,0,14,135,4,153,114,8,122,275
01/25/2006,LNS,PA,AEA,EN,Federal Contract Tower,0,19,8,0,27,0,4,11,0,15,0,23,19,0,42,8,0,8,50
01/26/2006,LNS,PA,AEA,EN,Federal Contract Tower,0,5,33,2,40,0,3,70,2,75,0,8,103,4,115,78,0,78,193
01/27/2006,LNS,PA,AEA,EN,Federal Contract Tower,0,16,40,0,56,0,4,273,0,277,0,20,313,0,333,144,0,144,477
01/28/2006,LNS,PA,AEA,EN,Federal Contract Tower,0,4,36,0,40,0,0,414,0,414,0,4,450,0,454,140,0,140,594
01/29/2006,LNS,PA,AEA,EN,Federal Contract Tower,0,6,26,0,32,0,0,30,0,30,0,6,56,0,62,52,0,52,114
01/30/2006,LNS,PA,AEA,EN,Federal Contract Tower,0,9,35,1,45,0,5,66,0,71,0,14,101,1,116,72,10,82,198
01/31/2006,LNS,PA,AEA,EN,Federal Contract Tower,0,10,20,3,33,0,0,8,5,13,0,10,28,8,46,24,24,48,94
02/01/2006,LNS,PA,AEA,EN,Federal Contract Tower,0,8,38,3,49,0,6,125,7,138,0,14,163,10,187,110,0,110,297
02/02/2006,LNS,PA,AEA,EN,Federal Contract Tower,0,11,36,2,49,0,4,146,10,160,0,15,182,12,209,114,6,120,329
02/03/2006,LNS,PA,AEA,EN,Federal Contract Tower,0,16,35,1,52,0,2,80,1,83,0,18,115,2,135,128,0,128,263
02/04/2006,LNS,PA,AEA,EN,Federal Contract Tower,0,2,21,0,23,0,0,33,0,33,0,2,54,0,56,32,0,32,88
02/05/2006,LNS,PA,AEA,EN,Federal Contract Tower,0,4,16,0,20,0,0,67,0,67,0,4,83,0,87,28,0,28,115
02/06/2006,LNS,PA,AEA,EN,Federal Contract Tower,0,10,6,0,16,0,2,27,2,31,0,12,33,2,47,72,28,100,147
02/07/2006,LNS,PA,AEA,EN,Federal Contract Tower,0,14,29,6,49,0,0,134,0,134,0,14,163,6,183,166,0,166,349
02/08/2006,LNS,PA,AEA,EN,Federal Contract Tower,0,10,37,3,50,0,5,142,1,148,0,15,179,4,198,110,0,110,308
02/09/2006,LNS,PA,AEA,EN,Federal Contract Tower,0,10,55,1,66,0,5,127,1,133,0,15,182,2,199,214,0,214,413
02/10/2006,LNS,PA,AEA,EN,Federal Contract Tower,0,22,46,0,68,0,2,127,2,131,0,24,173,2,199,122,0,122,321
02/11/2006,LNS,PA,AEA,EN,Federal Contract Tower,0,5,15,0,20,0,0,75,2,77,0,5,90,2,97,120,0,120,217
02/12/2006,LNS,PA,AEA,EN,Federal Contract Tower,0,4,6,0,10,0,0,4,0,4,0,4,10,0,14,26,0,26,40
02/13/2006,LNS,PA,AEA,EN,Federal Contract Tower,0,13,34,2,49,0,2,78,2,82,0,15,112,4,131,106,2,108,239
02/14/2006,LNS,PA,AEA,EN,Federal Contract Tower,0,11,42,0,53,0,4,132,0,136,0,15,174,0,189,152,0,152,341
02/15/2006,LNS,PA,AEA,EN,Federal Contract Tower,0,11,34,1,46,0,6,121,5,132,0,17,155,6,178,158,0,158,336
02/16/2006,LNS,PA,AEA,EN,Federal Contract Tower,0,14,40,1,55,0,6,165,3,174,0,20,205,4,229,234,0,234,463
02/17/2006,LNS,PA,AEA,EN,Federal Contract Tower,0,12,21,0,33,0,0,23,0,23,0,12,44,0,56,28,0,28,84
02/18/2006,LNS,PA,AEA,EN,Federal Contract Tower,0,5,10,0,15,0,0,42,0,42,0,5,52,0,57,52,0,52,109
02/19/2006,LNS,PA,AEA,EN,Federal Contract Tower,0,4,28,0,32,0,0,194,0,194,0,4,222,0,226,204,0,204,430
02/20/2006,LNS,PA,AEA,EN,Federal Contract Tower,0,11,52,0,63,0,0,185,0,185,0,11,237,0,248,232,0,232,480
02/21/2006,LNS,PA,AEA,EN,Federal Contract Tower,0,9,38,3,50,0,3,88,3,94,0,12,126,6,144,68,8,76,220
02/22/2006,LNS,PA,AEA,EN,Federal Contract Tower,0,11,43,0,54,0,1,46,0,47,0,12,89,0,101,146,0,146,247
02/23/2006,LNS,PA,AEA,EN,Federal Contract Tower,0,12,40,0,52,0,1,36,0,37,0,13,76,0,89,10,0,10,99
02/24/2006,LNS,PA,AEA,EN,Federal Contract Tower,0,21,28,1,50,0,1,40,1,42,0,22,68,2,92,22,0,22,114
02/25/2006,LNS,PA,AEA,EN,Federal Contract Tower,0,5,24,0,29,0,0,67,0,67,0,5,91,0,96,182,2,184,280
02/26/2006,LNS,PA,AEA,EN,Federal Contract Tower,0,7,12,0,19,0,0,46,0,46,0,7,58,0,65,28,0,28,93
02/27/2006,LNS,PA,AEA,EN,Federal Contract Tower,0,9,26,4,39,0,0,38,1,39,0,9,64,5,78,140,0,140,218
02/28/2006,LNS,PA,AEA,EN,Federal Contract Tower,0,6,39,10,55,0,0,112,3,115,0,6,151,13,170,114,0,114,284
03/01/2006,LNS,PA,AEA,EN,Federal Contract Tower,0,7,54,4,65,0,0,167,6,173,0,7,221,10,238,100,10,110,348
03/02/2006,LNS,PA,AEA,EN,Federal Contract Tower,0,11,5,0,16,0,0,0,0,0,0,11,5,0,16,0,0,0,16
03/03/2006,LNS,PA,AEA,EN,Federal Contract Tower,0,13,31,2,46,0,5,84,2,91,0,18,115,4,137,108,2,110,247
03/04/2006,LNS,PA,AEA,EN,Federal Contract Tower,0,5,12,2,19,0,0,74,2,76,0,5,86,4,95,110,6,116,211
03/05/2006,LNS,PA,AEA,EN,Federal Contract Tower,0,8,43,0,51,0,0,204,0,204,0,8,247,0,255,166,0,166,421
03/06/2006,LNS,PA,AEA,EN,Federal Contract Tower,0,9,28,0,37,0,1,144,0,145,0,10,172,0,182,220,0,220,402
03/07/2006,LNS,PA,AEA,EN,Federal Contract Tower,0,12,35,3,50,0,3,150,3,156,0,15,185,6,206,206,0,206,412
03/08/2006,LNS,PA,AEA,EN,Federal Contract Tower,0,10,41,3,54,0,0,223,7,230,0,10,264,10,284,192,0,192,476
03/09/2006,LNS,PA,AEA,EN,Federal Contract Tower,0,18,48,3,69,0,1,71,1,73,0,19,119,4,142,40,2,42,184
03/10/2006,LNS,PA,AEA,EN,Federal Contract Tower,0,17,11,5,33,0,1,47,7,55,0,18,58,12,88,60,16,76,164
03/11/2006,LNS,PA,AEA,EN,Federal Contract Tower,0,7,58,0,65,0,1,386,2,389,0,8,444,2,454,166,2,168,622
03/12/2006,LNS,PA,AEA,EN,Federal Contract Tower,0,10,26,0,36,0,0,12,0,12,0,10,38,0,48,18,0,18,66
03/13/2006,LNS,PA,AEA,EN,Federal Contract Tower,0,13,32,1,46,0,3,50,5,58,0,16,82,6,104,142,12,154,258
03/14/2006,LNS,PA,AEA,EN,Federal Contract Tower,0,12,20,1,33,0,2,24,3,29,0,14,44,4,62,0,10,10,72
03/15/2006,LNS,PA,AEA,EN,Federal Contract Tower,0,15,19,0,34,0,2,14,2,18,0,17,33,2,52,32,0,32,84
03/16/2006,LNS,PA,AEA,EN,Federal Contract Tower,0,10,47,4,61,0,0,184,2,186,0,10,231,6,247,186,0,186,433
03/17/2006,LNS,PA,AEA,EN,Federal Contract Tower,0,10,47,3,60,0,1,200,10,211,0,11,247,13,271,248,4,252,523
03/18/2006,LNS,PA,AEA,EN,Federal Contract Tower,0,5,24,0,29,0,0,137,4,141,0,5,161,4,170,208,0,208,378
03/19/2006,LNS,PA,AEA,EN,Federal Contract Tower,0,7,43,0,50,0,0,89,0,89,0,7,132,0,139,138,0,138,277
03/20/2006,LNS,PA,AEA,EN,Federal Contract Tower,0,11,19,2,32,0,2,139,2,143,0,13,158,4,175,234,0,234,409
03/21/2006,LNS,PA,AEA,EN,Federal Contract Tower,0,14,34,2,50,0,2,113,8,123,0,16,147,10,173,311,4,315,488
03/22/2006,LNS,PA,AEA,EN,Federal Contract Tower,0,7,29,4,40,0,1,89,9,99,0,8,118,13,139,216,6,222,361
03/23/2006,LNS,PA,AEA,EN,Federal Contract Tower,0,14,49,1,64,0,1,186,5,192,0,15,235,6,256,280,8,288,544
03/24/2006,LNS,PA,AEA,EN,Federal Contract Tower,0,13,58,4,75,0,0,184,9,193,0,13,242,13,268,324,4,328,596
03/25/2006,LNS,PA,AEA,EN,Federal Contract Tower,0,8,26,1,35,0,0,85,1,86,0,8,111,2,121,242,6,248,369
03/26/2006,LNS,PA,AEA,EN,Federal Contract Tower,0,8,29,0,37,0,0,116,0,116,0,8,145,0,153,100,0,100,253
03/27/2006,LNS,PA,AEA,EN,Federal Contract Tower,0,8,57,0,65,0,3,220,0,223,0,11,277,0,288,200,0,200,488
03/28/2006,LNS,PA,AEA,EN,Federal Contract Tower,0,16,25,2,43,0,0,128,6,134,0,16,153,8,177,214,0,214,391
03/29/2006,LNS,PA,AEA,EN,Federal Contract Tower,0,12,60,2,74,0,3,182,6,191,0,15,242,8,265,270,10,280,545
03/30/2006,LNS,PA,AEA,EN,Federal Contract Tower,0,9,65,4,78,0,3,217,2,222,0,12,282,6,300,192,6,198,498
03/31/2006,LNS,PA,AEA,EN,Federal Contract Tower,0,15,76,2,93,0,0,150,4,154,0,15,226,6,247,112,28,140,387
04/01/2006,LNS,PA,AEA,EN,Federal Contract Tower,0,14,19,5,38,0,0,46,3,49,0,14,65,8,87,70,10,80,167
04/02/2006,LNS,PA,AEA,EN,Federal Contract Tower,0,9,44,0,53,0,0,313,0,313,0,9,357,0,366,150,0,150,516
04/03/2006,LNS,PA,AEA,EN,Federal Contract Tower,0,14,32,2,48,0,0,37,2,39,0,14,69,4,87,30,0,30,117
04/04/2006,LNS,PA,AEA,EN,Federal Contract Tower,0,13,16,5,34,0,0,35,3,38,0,13,51,8,72,12,6,18,90
04/05/2006,LNS,PA,AEA,EN,Federal Contract Tower,0,17,21,2,40,0,1,9,0,10,0,18,30,2,50,8,14,22,72
04/06/2006,LNS,PA,AEA,EN,Federal Contract Tower,0,24,55,5,84,0,6,194,5,205,0,30,249,10,289,108,2,110,399
04/07/2006,LNS,PA,AEA,EN,Federal Contract Tower,0,19,33,0,52,0,2,32,6,40,0,21,65,6,92,28,0,28,120
04/08/2006,LNS,PA,AEA,EN,Federal Contract Tower,0,6,17,0,23,0,0,14,0,14,0,6,31,0,37,8,0,8,45
04/09/2006,LNS,PA,AEA,EN,Federal Contract Tower,0,9,55,1,65,0,0,279,2,281,0,9,334,3,346,160,2,162,508
04/10/2006,LNS,PA,AEA,EN,Federal Contract Tower,0,8,31,2,41,0,2,206,0,208,0,10,237,2,249,136,0,136,385
04/11/2006,LNS,PA,AEA,EN,Federal Contract Tower,0,11,45,4,60,0,0,215,4,219,0,11,260,8,279,54,18,72,351
04/12/2006,LNS,PA,AEA,EN,Federal Contract Tower,0,11,41,2,54,0,0,122,8,130,0,11,163,10,184,90,8,98,282
04/13/2006,LNS,PA,AEA,EN,Federal Contract Tower,0,13,13,1,27,0,1,0,1,2,0,14,13,2,29,128,6,134,163
04/14/2006,LNS,PA,AEA,EN,Federal Contract Tower,0,13,31,1,45,0,0,51,5,56,0,13,82,6,101,34,0,34,135
04/15/2006,LNS,PA,AEA,EN,Federal Contract Tower,0,3,28,0,31,0,1,123,0,124,0,4,151,0,155,92,0,92,247
04/16/2006,LNS,PA,AEA,EN,Federal Contract Tower,0,6,33,0,39,0,0,91,0,91,0,6,124,0,130,86,0,86,216
04/17/2006,LNS,PA,AEA,EN,Federal Contract Tower,0,11,44,1,56,0,3,132,0,135,0,14,176,1,191,156,0,156,347
04/18/2006,LNS,PA,AEA,EN,Federal Contract Tower,0,16,43,0,59,0,1,136,0,137,0,17,179,0,196,146,0,146,342
04/19/2006,LNS,PA,AEA,EN,Federal Contract Tower,0,14,39,1,54,0,0,162,1,163,0,14,201,2,217,116,2,118,335
04/20/2006,LNS,PA,AEA,EN,Federal Contract Tower,0,12,52,2,66,0,2,216,6,224,0,14,268,8,290,168,0,168,458
04/21/2006,LNS,PA,AEA,EN,Federal Contract Tower,0,11,43,0,54,0,0,79,0,79,0,11,122,0,133,94,0,94,227
04/22/2006,LNS,PA,AEA,EN,Federal Contract Tower,0,2,29,0,31,0,0,2,0,2,0,2,31,0,33,0,0,0,33
04/23/2006,LNS,PA,AEA,EN,Federal Contract Tower,0,6,48,0,54,0,1,29,0,30,0,7,77,0,84,30,0,30,114
04/24/2006,LNS,PA,AEA,EN,Federal Contract Tower,0,8,34,4,46,0,1,49,0,50,0,9,83,4,96,70,24,94,190
04/25/2006,LNS,PA,AEA,EN,Federal Contract Tower,0,9,43,2,54,0,3,94,0,97,0,12,137,2,151,102,12,114,265
04/26/2006,LNS,PA,AEA,EN,Federal Contract Tower,0,9,32,1,42,0,4,193,1,198,0,13,225,2,240,218,0,218,458
04/27/2006,LNS,PA,AEA,EN,Federal Contract Tower,0,11,45,3,59,0,4,181,11,196,0,15,226,14,255,90,4,94,349
04/28/2006,LNS,PA,AEA,EN,Federal Contract Tower,0,23,35,1,59,0,5,212,1,218,0,28,247,2,277,46,0,46,323
04/29/2006,LNS,PA,AEA,EN,Federal Contract Tower,0,2,32,0,34,0,0,258,2,260,0,2,290,2,294,174,0,174,468
04/30/2006,LNS,PA,AEA,EN,Federal Contract Tower,0,6,24,0,30,0,0,211,0,211,0,6,235,0,241,142,0,142,383
05/01/2006,LNS,PA,AEA,EN,Federal Contract Tower,0,18,25,2,45,0,1,90,2,93,0,19,115,4,138,144,18,162,300
05/02/2006,LNS,PA,AEA,EN,Federal Contract Tower,0,13,26,0,39,0,0,135,0,135,0,13,161,0,174,120,0,120,294
05/03/2006,LNS,PA,AEA,EN,Federal Contract Tower,0,13,29,4,46,0,2,109,0,111,0,15,138,4,157,102,16,118,275
05/04/2006,LNS,PA,AEA,EN,Federal Contract Tower,0,15,57,1,73,0,4,176,1,181,0,19,233,2,254,84,0,84,338
05/05/2006,LNS,PA,AEA,EN,Federal Contract Tower,0,31,26,1,58,0,2,179,6,187,0,33,205,7,245,110,30,140,385
05/06/2006,LNS,PA,AEA,EN,Federal Contract Tower,0,4,31,0,35,0,0,145,0,145,0,4,176,0,180,130,0,130,310
05/07/2006,LNS,PA,AEA,EN,Federal Contract Tower,0,9,48,0,57,0,1,226,0,227,0,10,274,0,284,110,0,110,394
05/08/2006,LNS,PA,AEA,EN,Federal Contract Tower,0,10,21,0,31,0,1,73,0,74,0,11,94,0,105,22,0,22,127
05/09/2006,LNS,PA,AEA,EN,Federal Contract Tower,0,10,38,0,48,0,0,110,2,112,0,10,148,2,160,70,0,70,230
05/10/2006,LNS,PA,AEA,EN,Federal Contract Tower,0,16,52,8,76,0,0,184,9,193,0,16,236,17,269,206,20,226,495
05/11/2006,LNS,PA,AEA,EN,Federal Contract Tower,0,11,27,2,40,0,0,12,2,14,0,11,39,4,54,12,4,16,70
05/12/2006,LNS,PA,AEA,EN,Federal Contract Tower,0,15,47,7,69,0,3,113,9,125,0,18,160,16,194,156,22,178,372
05/13/2006,LNS,PA,AEA,EN,Federal Contract Tower,0,1,31,0,32,0,0,88,0,88,0,1,119,0,120,112,0,112,232
05/14/2006,LNS,PA,AEA,EN,Federal Contract Tower,0,5,35,0,40,0,0,21,0,21,0,5,56,0,61,68,0,68,129
05/15/2006,LNS,PA,AEA,EN,Federal Contract Tower,0,14,37,1,52,0,1,18,1,20,0,15,55,2,72,30,0,30,102
05/16/2006,LNS,PA,AEA,EN,Federal Contract Tower,0,15,25,0,40,0,5,51,5,61,0,20,76,5,101,78,8,86,187
05/17/2006,LNS,PA,AEA,EN,Federal Contract Tower,0,14,52,3,69,0,0,100,7,107,0,14,152,10,176,108,0,108,284
05/18/2006,LNS,PA,AEA,EN,Federal Contract Tower,0,19,13,2,34,0,1,0,6,7,0,20,13,8,41,66,0,66,107
05/19/2006,LNS,PA,AEA,EN,Federal Contract Tower,0,19,30,2,51,0,0,60,2,62,0,19,90,4,113,82,0,82,195
05/20/2006,LNS,PA,AEA,EN,Federal Contract Tower,0,3,36,0,39,0,1,140,0,141,0,4,176,0,180,68,0,68,248
05/21/2006,LNS,PA,AEA,EN,Federal Contract Tower,0,8,23,0,31,0,0,74,0,74,0,8,97,0,105,18,0,18,123
05/22/2006,LNS,PA,AEA,EN,Federal Contract Tower,0,10,28,3,41,0,1,70,3,74,0,11,98,6,115,132,10,142,257
05/23/2006,LNS,PA,AEA,EN,Federal Contract Tower,0,9,39,6,54,0,3,145,7,155,0,12,184,13,209,104,42,146,355
05/24/2006,LNS,PA,AEA,EN,Federal Contract Tower,0,10,43,4,57,0,2,167,0,169,0,12,210,4,226,202,0,202,428
05/25/2006,LNS,PA,AEA,EN,Federal Contract Tower,0,16,47,0,63,0,0,97,0,97,0,16,144,0,160,122,0,122,282
05/26/2006,LNS,PA,AEA,EN,Federal Contract Tower,0,14,24,0,38,0,1,7,0,8,0,15,31,0,46,14,0,14,60
05/27/2006,LNS,PA,AEA,EN,Federal Contract Tower,0,6,36,0,42,0,1,102,0,103,0,7,138,0,145,192,0,192,337
05/28/2006,LNS,PA,AEA,EN,Federal Contract Tower,0,6,26,0,32,0,0,285,0,285,0,6,311,0,317,74,0,74,391
05/29/2006,LNS,PA,AEA,EN,Federal Contract Tower,0,6,27,0,33,0,0,143,0,143,0,6,170,0,176,90,0,90,266
05/30/2006,LNS,PA,AEA,EN,Federal Contract Tower,0,9,30,4,43,0,3,98,2,103,0,12,128,6,146,84,0,84,230
05/31/2006,LNS,PA,AEA,EN,Federal Contract Tower,0,16,48,6,70,0,0,122,0,122,0,16,170,6,192,66,0,66,258
06/01/2006,LNS,PA,AEA,EN,Federal Contract Tower,0,10,45,7,62,0,1,77,5,83,0,11,122,12,145,50,24,74,219
06/02/2006,LNS,PA,AEA,EN,Federal Contract Tower,0,19,33,3,55,0,0,24,3,27,0,19,57,6,82,26,0,26,108
06/03/2006,LNS,PA,AEA,EN,Federal Contract Tower,0,9,34,1,44,0,0,54,0,54,0,9,88,1,98,54,4,58,156
06/04/2006,LNS,PA,AEA,EN,Federal Contract Tower,0,10,35,1,46,0,0,195,7,202,0,10,230,8,248,124,2,126,374
06/05/2006,LNS,PA,AEA,EN,Federal Contract Tower,0,8,48,4,60,0,3,167,11,181,0,11,215,15,241,102,0,102,343
06/06/2006,LNS,PA,AEA,EN,Federal Contract Tower,0,20,44,2,66,0,1,126,2,129,0,21,170,4,195,154,0,154,349
06/07/2006,LNS,PA,AEA,EN,Federal Contract Tower,0,9,67,4,80,0,4,79,2,85,0,13,146,6,165,118,2,120,285
06/08/2006,LNS,PA,AEA,EN,Federal Contract Tower,0,13,57,0,70,0,2,79,4,85,0,15,136,4,155,184,0,184,339
06/09/2006,LNS,PA,AEA,EN,Federal Contract Tower,0,14,39,0,53,0,1,104,2,107,0,15,143,2,160,102,0,102,262
06/10/2006,LNS,PA,AEA,EN,Federal Contract Tower,0,5,29,1,35,0,0,132,5,137,0,5,161,6,172,136,0,136,308
06/11/2006,LNS,PA,AEA,EN,Federal Contract Tower,0,5,27,0,32,0,0,176,0,176,0,5,203,0,208,124,0,124,332
06/12/2006,LNS,PA,AEA,EN,Federal Contract Tower,0,7,40,3,50,0,0,153,4,157,0,7,193,7,207,124,2,126,333
06/13/2006,LNS,PA,AEA,EN,Federal Contract Tower,0,12,40,15,67,0,0,189,1,190,0,12,229,16,257,214,72,286,543
06/14/2006,LNS,PA,AEA,EN,Federal Contract Tower,0,11,34,4,49,0,2,74,0,76,0,13,108,4,125,150,0,150,275
06/15/2006,LNS,PA,AEA,EN,Federal Contract Tower,0,17,38,4,59,0,6,128,4,138,0,23,166,8,197,173,12,185,382
06/16/2006,LNS,PA,AEA,EN,Federal Contract Tower,0,17,43,0,60,0,5,241,2,248,0,22,284,2,308,176,0,176,484
06/17/2006,LNS,PA,AEA,EN,Federal Contract Tower,0,5,40,0,45,0,1,204,0,205,0,6,244,0,250,132,0,132,382
06/18/2006,LNS,PA,AEA,EN,Federal Contract Tower,0,8,29,0,37,0,3,166,0,169,0,11,195,0,206,70,0,70,276
06/19/2006,LNS,PA,AEA,EN,Federal Contract Tower,0,10,28,0,38,0,1,82,0,83,0,11,110,0,121,92,0,92,213
06/20/2006,LNS,PA,AEA,EN,Federal Contract Tower,0,9,49,0,58,0,0,144,0,144,0,9,193,0,202,88,0,88,290
06/21/2006,LNS,PA,AEA,EN,Federal Contract Tower,0,10,57,4,71,0,2,176,2,180,0,12,233,6,251,116,6,122,373
06/22/2006,LNS,PA,AEA,EN,Federal Contract Tower,0,22,21,5,48,0,1,106,5,112,0,23,127,10,160,96,4,100,260
06/23/2006,LNS,PA,AEA,EN,Federal Contract Tower,0,18,43,4,65,0,3,93,6,102,0,21,136,10,167,106,24,130,297
06/24/2006,LNS,PA,AEA,EN,Federal Contract Tower,0,3,58,1,62,0,0,11,0,11,0,3,69,1,73,46,0,46,119
06/25/2006,LNS,PA,AEA,EN,Federal Contract Tower,0,9,1,0,10,0,0,27,1,28,0,9,28,1,38,84,0,84,122
06/26/2006,LNS,PA,AEA,EN,Federal Contract Tower,0,23,28,0,51,0,0,8,0,8,0,23,36,0,59,24,0,24,83
06/27/2006,LNS,PA,AEA,EN,Federal Contract Tower,0,15,30,2,47,0,0,2,5,7,0,15,32,7,54,0,4,4,58
06/28/2006,LNS,PA,AEA,EN,Federal Contract Tower,0,13,44,0,57,0,2,68,0,70,0,15,112,0,127,80,0,80,207
06/29/2006,LNS,PA,AEA,EN,Federal Contract Tower,0,17,35,0,52,0,1,130,0,131,0,18,165,0,183,52,2,54,237
06/30/2006,LNS,PA,AEA,EN,Federal Contract Tower,0,18,49,1,68,0,1,242,1,244,0,19,291,2,312,144,0,144,456
07/01/2006,LNS,PA,AEA,EN,Federal Contract Tower,0,2,42,0,44,0,1,205,0,206,0,3,247,0,250,120,0,120,370
07/02/2006,LNS,PA,AEA,EN,Federal Contract Tower,0,4,22,0,26,0,0,96,0,96,0,4,118,0,122,94,0,94,216
07/03/2006,LNS,PA,AEA,EN,Federal Contract Tower,0,7,31,2,40,0,0,150,1,151,0,7,181,3,191,158,14,172,363
07/04/2006,LNS,PA,AEA,EN,Federal Contract Tower,0,7,13,0,20,0,0,59,0,59,0,7,72,0,79,122,0,122,201
07/05/2006,LNS,PA,AEA,EN,Federal Contract Tower,0,10,30,1,41,0,1,42,0,43,0,11,72,1,84,156,0,156,240
07/06/2006,LNS,PA,AEA,EN,Federal Contract Tower,0,11,37,5,53,0,1,178,9,188,0,12,215,14,241,140,4,144,385
07/07/2006,LNS,PA,AEA,EN,Federal Contract Tower,0,17,30,3,50,0,4,259,3,266,0,21,289,6,316,180,0,180,496
07/08/2006,LNS,PA,AEA,EN,Federal Contract Tower,0,6,38,0,44,0,0,238,0,238,0,6,276,0,282,144,0,144,426
07/09/2006,LNS,PA,AEA,EN,Federal Contract Tower,0,6,39,0,45,0,0,190,0,190,0,6,229,0,235,152,0,152,387
07/10/2006,LNS,PA,AEA,EN,Federal Contract Tower,0,8,35,1,44,0,1,101,0,102,0,9,136,1,146,328,20,348,494
07/11/2006,LNS,PA,AEA,EN,Federal Contract Tower,0,10,51,2,63,0,0,135,6,141,0,10,186,8,204,260,0,260,464
07/12/2006,LNS,PA,AEA,EN,Federal Contract Tower,0,12,37,2,51,0,0,56,4,60,0,12,93,6,111,172,0,172,283
07/13/2006,LNS,PA,AEA,EN,Federal Contract Tower,0,10,47,1,58,0,1,73,1,75,0,11,120,2,133,132,0,132,265
07/14/2006,LNS,PA,AEA,EN,Federal Contract Tower,0,14,42,2,58,0,2,228,4,234,0,16,270,6,292,177,8,185,477
07/15/2006,LNS,PA,AEA,EN,Federal Contract Tower,0,5,42,0,47,0,0,19,0,19,0,5,61,0,66,52,0,52,118
07/16/2006,LNS,PA,AEA,EN,Federal Contract Tower,0,5,30,0,35,0,0,246,0,246,0,5,276,0,281,120,0,120,401
07/17/2006,LNS,PA,AEA,EN,Federal Contract Tower,0,14,4,0,18,0,0,162,4,166,0,14,166,4,184,116,2,118,302
07/18/2006,LNS,PA,AEA,EN,Federal Contract Tower,0,11,0,0,11,0,2,0,112,114,0,13,0,112,125,148,0,148,273
07/19/2006,LNS,PA,AEA,EN,Federal Contract Tower,0,8,44,0,52,0,0,186,0,186,0,8,230,0,238,172,0,172,410
07/20/2006,LNS,PA,AEA,EN,Federal Contract Tower,0,11,58,0,69,0,0,134,2,136,0,11,192,2,205,148,0,148,353
07/21/2006,LNS,PA,AEA,EN,Federal Contract Tower,0,15,51,2,68,0,0,96,7,103,0,15,147,9,171,206,0,206,377
07/22/2006,LNS,PA,AEA,EN,Federal Contract Tower,0,4,40,0,44,0,0,49,0,49,0,4,89,0,93,22,0,22,115
07/23/2006,LNS,PA,AEA,EN,Federal Contract Tower,0,5,46,0,51,0,0,154,0,154,0,5,200,0,205,96,0,96,301
07/24/2006,LNS,PA,AEA,EN,Federal Contract Tower,0,10,46,5,61,0,4,241,10,255,0,14,287,15,316,124,14,138,454
07/25/2006,LNS,PA,AEA,EN,Federal Contract Tower,0,8,48,5,61,0,0,167,9,176,0,8,215,14,237,112,10,122,359
07/26/2006,LNS,PA,AEA,EN,Federal Contract Tower,0,13,45,0,58,0,0,120,0,120,0,13,165,0,178,122,0,122,300
07/27/2006,LNS,PA,AEA,EN,Federal Contract Tower,0,16,46,1,63,0,0,69,1,70,0,16,115,2,133,132,0,132,265
07/28/2006,LNS,PA,AEA,EN,Federal Contract Tower,0,21,48,0,69,0,0,81,0,81,0,21,129,0,150,146,0,146,296
07/29/2006,LNS,PA,AEA,EN,Federal Contract Tower,0,3,36,0,39,0,1,173,2,176,0,4,209,2,215,92,0,92,307
07/30/2006,LNS,PA,AEA,EN,Federal Contract Tower,0,7,26,1,34,0,0,124,1,125,0,7,150,2,159,110,0,110,269
07/31/2006,LNS,PA,AEA,EN,Federal Contract Tower,0,12,32,2,46,0,2,85,3,90,0,14,117,5,136,202,30,232,368
08/01/2006,LNS,PA,AEA,EN,Federal Contract Tower,0,13,35,3,51,0,4,102,3,109,0,17,137,6,160,178,0,178,338
08/02/2006,LNS,PA,AEA,EN,Federal Contract Tower,0,6,43,7,56,0,0,76,4,80,0,6,119,11,136,214,14,228,364
08/03/2006,LNS,PA,AEA,EN,Federal Contract Tower,0,13,29,11,53,0,1,80,13,94,0,14,109,24,147,170,2,172,319
08/04/2006,LNS,PA,AEA,EN,Federal Contract Tower,0,11,46,8,65,0,0,145,2,147,0,11,191,10,212,160,0,160,372
08/05/2006,LNS,PA,AEA,EN,Federal Contract Tower,0,6,18,0,24,0,0,235,0,235,0,6,253,0,259,170,0,170,429
08/06/2006,LNS,PA,AEA,EN,Federal Contract Tower,0,5,27,0,32,0,1,179,0,180,0,6,206,0,212,132,0,132,344
08/07/2006,LNS,PA,AEA,EN,Federal Contract Tower,0,10,23,1,34,0,1,75,1,77,0,11,98,2,111,178,20,198,309
08/08/2006,LNS,PA,AEA,EN,Federal Contract Tower,0,9,37,1,47,0,0,174,3,177,0,9,211,4,224,150,0,150,374
08/09/2006,LNS,PA,AEA,EN,Federal Contract Tower,0,6,34,6,46,0,1,209,7,217,0,7,243,13,263,268,12,280,543
08/10/2006,LNS,PA,AEA,EN,Federal Contract Tower,0,18,47,1,66,0,0,116,7,123,0,18,163,8,189,242,0,242,431
08/11/2006,LNS,PA,AEA,EN,Federal Contract Tower,0,7,48,0,55,0,1,218,0,219,0,8,266,0,274,188,0,188,462
08/12/2006,LNS,PA,AEA,EN,Federal Contract Tower,0,3,22,0,25,0,0,289,0,289,0,3,311,0,314,148,0,148,462
08/13/2006,LNS,PA,AEA,EN,Federal Contract Tower,0,7,26,0,33,0,0,227,0,227,0,7,253,0,260,176,0,176,436
08/14/2006,LNS,PA,AEA,EN,Federal Contract Tower,0,10,23,1,34,0,1,121,3,125,0,11,144,4,159,180,2,182,341
08/15/2006,LNS,PA,AEA,EN,Federal Contract Tower,0,11,29,7,47,0,1,86,8,95,0,12,115,15,142,54,2,56,198
08/16/2006,LNS,PA,AEA,EN,Federal Contract Tower,0,6,17,2,25,0,0,53,14,67,0,6,70,16,92,38,6,44,136
08/17/2006,LNS,PA,AEA,EN,Federal Contract Tower,0,7,39,1,47,0,0,171,1,172,0,7,210,2,219,52,0,52,271
08/18/2006,LNS,PA,AEA,EN,Federal Contract Tower,0,14,32,0,46,0,3,168,1,172,0,17,200,1,218,100,0,100,318
08/19/2006,LNS,PA,AEA,EN,Federal Contract Tower,0,4,46,0,50,0,0,65,0,65,0,4,111,0,115,42,0,42,157
08/20/2006,LNS,PA,AEA,EN,Federal Contract Tower,0,6,25,0,31,0,0,84,0,84,0,6,109,0,115,58,0,58,173
08/21/2006,LNS,PA,AEA,EN,Federal Contract Tower,0,7,22,4,33,0,2,143,4,149,0,9,165,8,182,54,0,54,236
08/22/2006,LNS,PA,AEA,EN,Federal Contract Tower,0,12,24,6,42,0,1,133,0,134,0,13,157,6,176,56,8,64,240
08/23/2006,LNS,PA,AEA,EN,Federal Contract Tower,0,11,32,2,45,0,4,136,2,142,0,15,168,4,187,118,0,118,305
08/24/2006,LNS,PA,AEA,EN,Federal Contract Tower,0,13,25,9,47,0,2,121,6,129,0,15,146,15,176,170,10,180,356
08/25/2006,LNS,PA,AEA,EN,Federal Contract Tower,0,13,28,1,42,0,3,115,3,121,0,16,143,4,163,254,136,390,553
08/26/2006,LNS,PA,AEA,EN,Federal Contract Tower,0,5,24,1,30,0,0,66,12,78,0,5,90,13,108,348,42,390,498
08/27/2006,LNS,PA,AEA,EN,Federal Contract Tower,0,5,14,4,23,0,0,64,4,68,0,5,78,8,91,228,10,238,329
08/28/2006,LNS,PA,AEA,EN,Federal Contract Tower,0,11,23,3,37,0,1,33,6,40,0,12,56,9,77,144,6,150,227
08/29/2006,LNS,PA,AEA,EN,Federal Contract Tower,0,13,27,2,42,0,0,14,2,16,0,13,41,4,58,8,0,8,66
08/30/2006,LNS,PA,AEA,EN,Federal Contract Tower,0,8,69,0,77,0,1,49,0,50,0,9,118,0,127,78,0,78,205
08/31/2006,LNS,PA,AEA,EN,Federal Contract Tower,0,11,37,6,54,0,3,138,3,144,0,14,175,9,198,146,20,166,364
09/01/2006,LNS,PA,AEA,EN,Federal Contract Tower,0,8,18,1,27,0,1,19,4,24,0,9,37,5,51,78,64,142,193
09/02/2006,LNS,PA,AEA,EN,Federal Contract Tower,0,3,9,0,12,0,0,2,0,2,0,3,11,0,14,0,0,0,14
09/03/2006,LNS,PA,AEA,EN,Federal Contract Tower,0,4,14,0,18,0,0,116,0,116,0,4,130,0,134,168,0,168,302
09/04/2006,LNS,PA,AEA,EN,Federal Contract Tower,0,6,33,0,39,0,0,203,0,203,0,6,236,0,242,198,0,198,440
09/05/2006,LNS,PA,AEA,EN,Federal Contract Tower,0,7,25,0,32,0,0,4,0,4,0,7,29,0,36,0,0,0,36
09/06/2006,LNS,PA,AEA,EN,Federal Contract Tower,0,7,52,7,66,0,3,74,3,80,0,10,126,10,146,236,10,246,392
09/07/2006,LNS,PA,AEA,EN,Federal Contract Tower,0,14,53,3,70,0,4,209,0,213,0,18,262,3,283,180,0,180,463
09/08/2006,LNS,PA,AEA,EN,Federal Contract Tower,0,15,39,4,58,0,3,138,1,142,0,18,177,5,200,172,16,188,388
09/09/2006,LNS,PA,AEA,EN,Federal Contract Tower,0,4,44,0,48,0,0,127,0,127,0,4,171,0,175,108,0,108,283
09/10/2006,LNS,PA,AEA,EN,Federal Contract Tower,0,4,44,0,48,0,0,191,0,191,0,4,235,0,239,180,0,180,419
09/11/2006,LNS,PA,AEA,EN,Federal Contract Tower,0,9,29,3,41,0,4,95,2,101,0,13,124,5,142,100,12,112,254
09/12/2006,LNS,PA,AEA,EN,Federal Contract Tower,0,12,35,0,47,0,1,167,0,168,0,13,202,0,215,126,0,126,341
09/13/2006,LNS,PA,AEA,EN,Federal Contract Tower,0,13,42,2,57,0,0,27,4,31,0,13,69,6,88,54,0,54,142
09/14/2006,LNS,PA,AEA,EN,Federal Contract Tower,0,14,32,0,46,0,0,12,2,14,0,14,44,2,60,0,0,0,60
09/15/2006,LNS,PA,AEA,EN,Federal Contract Tower,0,18,52,2,72,0,0,38,4,42,0,18,90,6,114,108,2,110,224
09/16/2006,LNS,PA,AEA,EN,Federal Contract Tower,0,3,47,0,50,0,0,67,0,67,0,3,114,0,117,100,0,100,217
09/17/2006,LNS,PA,AEA,EN,Federal Contract Tower,0,7,36,0,43,0,0,253,0,253,0,7,289,0,296,178,0,178,474
09/18/2006,LNS,PA,AEA,EN,Federal Contract Tower,0,9,38,7,54,0,1,166,3,170,0,10,204,10,224,194,18,212,436
09/19/2006,LNS,PA,AEA,EN,Federal Contract Tower,0,9,53,4,66,0,1,21,2,24,0,10,74,6,90,18,8,26,116
09/20/2006,LNS,PA,AEA,EN,Federal Contract Tower,0,10,35,0,45,0,3,128,6,137,0,13,163,6,182,52,0,52,234
09/21/2006,LNS,PA,AEA,EN,Federal Contract Tower,0,11,54,5,70,0,3,231,3,237,0,14,285,8,307,150,72,222,529
09/22/2006,LNS,PA,AEA,EN,Federal Contract Tower,0,17,51,4,72,0,5,172,4,181,0,22,223,8,253,222,50,272,525
09/23/2006,LNS,PA,AEA,EN,Federal Contract Tower,0,3,47,0,50,0,0,41,0,41,0,3,88,0,91,128,0,128,219
09/24/2006,LNS,PA,AEA,EN,Federal Contract Tower,0,8,14,0,22,0,0,44,0,44,0,8,58,0,66,100,0,100,166
09/25/2006,LNS,PA,AEA,EN,Federal Contract Tower,0,9,30,2,41,0,2,162,2,166,0,11,192,4,207,260,0,260,467
09/26/2006,LNS,PA,AEA,EN,Federal Contract Tower,0,7,25,2,34,0,2,190,4,196,0,9,215,6,230,180,24,204,434
09/27/2006,LNS,PA,AEA,EN,Federal Contract Tower,0,11,47,5,63,0,1,159,9,169,0,12,206,14,232,168,2,170,402
09/28/2006,LNS,PA,AEA,EN,Federal Contract Tower,0,14,31,0,45,0,2,86,0,88,0,16,117,0,133,76,0,76,209
09/29/2006,LNS,PA,AEA,EN,Federal Contract Tower,0,17,26,0,43,0,3,125,0,128,0,20,151,0,171,114,0,114,285
09/30/2006,LNS,PA,AEA,EN,Federal Contract Tower,0,2,40,0,42,0,3,179,0,182,0,5,219,0,224,224,0,224,448
10/01/2006,LNS,PA,AEA,EN,Federal Contract Tower,0,5,42,0,47,0,2,144,5,151,0,7,186,5,198,134,0,134,332
10/02/2006,LNS,PA,AEA,EN,Federal Contract Tower,0,8,45,0,53,0,2,240,0,242,0,10,285,0,295,142,0,142,437
10/03/2006,LNS,PA,AEA,EN,Federal Contract Tower,0,8,39,3,50,0,1,159,3,163,0,9,198,6,213,114,0,114,327
10/04/2006,LNS,PA,AEA,EN,Federal Contract Tower,0,8,23,5,36,0,0,116,1,117,0,8,139,6,153,116,4,120,273
10/05/2006,LNS,PA,AEA,EN,Federal Contract Tower,0,14,46,2,62,0,6,102,2,110,0,20,148,4,172,148,8,156,328
10/06/2006,LNS,PA,AEA,EN,Federal Contract Tower,0,15,37,2,54,0,3,55,5,63,0,18,92,7,117,88,16,104,221
10/07/2006,LNS,PA,AEA,EN,Federal Contract Tower,0,5,36,0,41,0,0,81,0,81,0,5,117,0,122,110,0,110,232
10/08/2006,LNS,PA,AEA,EN,Federal Contract Tower,0,6,47,0,53,0,1,294,0,295,0,7,341,0,348,160,0,160,508
10/09/2006,LNS,PA,AEA,EN,Federal Contract Tower,0,11,33,0,44,0,3,266,0,269,0,14,299,0,313,346,0,346,659
10/10/2006,LNS,PA,AEA,EN,Federal Contract Tower,0,9,45,1,55,0,1,205,3,209,0,10,250,4,264,214,14,228,492
10/11/2006,LNS,PA,AEA,EN,Federal Contract Tower,0,7,58,3,68,0,0,64,1,65,0,7,122,4,133,184,0,184,317
10/12/2006,LNS,PA,AEA,EN,Federal Contract Tower,0,8,27,2,37,0,1,72,2,75,0,9,99,4,112,106,0,106,218
10/13/2006,LNS,PA,AEA,EN,Federal Contract Tower,0,16,30,2,48,0,4,173,2,179,0,20,203,4,227,276,0,276,503
10/14/2006,LNS,PA,AEA,EN,Federal Contract Tower,0,2,28,0,30,0,1,166,0,167,0,3,194,0,197,104,0,104,301
10/15/2006,LNS,PA,AEA,EN,Federal Contract Tower,0,4,17,0,21,0,1,221,2,224,0,5,238,2,245,152,0,152,397
10/16/2006,LNS,PA,AEA,EN,Federal Contract Tower,0,8,21,0,29,0,3,157,4,164,0,11,178,4,193,266,0,266,459
10/17/2006,LNS,PA,AEA,EN,Federal Contract Tower,0,11,43,0,54,0,0,9,0,9,0,11,52,0,63,0,0,0,63
10/18/2006,LNS,PA,AEA,EN,Federal Contract Tower,0,9,64,0,73,0,0,95,4,99,0,9,159,4,172,64,24,88,260
10/19/2006,LNS,PA,AEA,EN,Federal Contract Tower,0,14,57,2,73,0,0,93,0,93,0,14,150,2,166,158,0,158,324
10/20/2006,LNS,PA,AEA,EN,Federal Contract Tower,0,14,28,0,42,0,0,16,4,20,0,14,44,4,62,22,0,22,84
10/21/2006,LNS,PA,AEA,EN,Federal Contract Tower,0,4,47,1,52,0,0,213,3,216,0,4,260,4,268,94,8,102,370
10/22/2006,LNS,PA,AEA,EN,Federal Contract Tower,0,8,26,0,34,0,0,101,0,101,0,8,127,0,135,112,0,112,247
10/23/2006,LNS,PA,AEA,EN,Federal Contract Tower,0,8,28,6,42,0,6,66,4,76,0,14,94,10,118,98,0,98,216
10/24/2006,LNS,PA,AEA,EN,Federal Contract Tower,0,9,16,4,29,0,3,60,11,74,0,12,76,15,103,64,30,94,197
10/25/2006,LNS,PA,AEA,EN,Federal Contract Tower,0,8,27,3,38,0,3,107,9,119,0,11,134,12,157,150,24,174,331
10/26/2006,LNS,PA,AEA,EN,Federal Contract Tower,0,11,42,5,58,0,0,165,3,168,0,11,207,8,226,176,0,176,402
10/27/2006,LNS,PA,AEA,EN,Federal Contract Tower,0,13,42,4,59,0,0,133,3,136,0,13,175,7,195,106,4,110,305
10/28/2006,LNS,PA,AEA,EN,Federal Contract Tower,0,4,7,0,11,0,0,3,0,3,0,4,10,0,14,0,0,0,14
10/29/2006,LNS,PA,AEA,EN,Federal Contract Tower,0,6,12,0,18,0,0,37,0,37,0,6,49,0,55,26,0,26,81
10/30/2006,LNS,PA,AEA,EN,Federal Contract Tower,0,11,39,6,56,0,4,223,4,231,0,15,262,10,287,282,18,300,587
10/31/2006,LNS,PA,AEA,EN,Federal Contract Tower,0,8,37,2,47,0,2,188,5,195,0,10,225,7,242,92,38,130,372
11/01/2006,LNS,PA,AEA,EN,Federal Contract Tower,0,9,54,2,65,0,0,187,4,191,0,9,241,6,256,100,20,120,376
11/02/2006,LNS,PA,AEA,EN,Federal Contract Tower,0,10,28,6,44,0,1,131,9,141,0,11,159,15,185,98,68,166,351
11/03/2006,LNS,PA,AEA,EN,Federal Contract Tower,0,11,50,2,63,0,1,157,6,164,0,12,207,8,227,94,34,128,355
11/04/2006,LNS,PA,AEA,EN,Federal Contract Tower,0,2,32,0,34,0,0,245,6,251,0,2,277,6,285,160,0,160,445
11/05/2006,LNS,PA,AEA,EN,Federal Contract Tower,0,5,34,0,39,0,0,266,2,268,0,5,300,2,307,214,0,214,521
11/06/2006,LNS,PA,AEA,EN,Federal Contract Tower,0,11,29,1,41,0,4,191,1,196,0,15,220,2,237,246,48,294,531
11/07/2006,LNS,PA,AEA,EN,Federal Contract Tower,0,9,24,2,35,0,3,73,0,76,0,12,97,2,111,160,16,176,287
11/08/2006,LNS,PA,AEA,EN,Federal Contract Tower,0,8,26,0,34,0,0,5,2,7,0,8,31,2,41,0,0,0,41
11/09/2006,LNS,PA,AEA,EN,Federal Contract Tower,0,10,39,5,54,0,0,158,4,162,0,10,197,9,216,198,46,244,460
11/10/2006,LNS,PA,AEA,EN,Federal Contract Tower,0,1,68,0,69,0,0,285,0,285,0,1,353,0,354,174,0,174,528
11/11/2006,LNS,PA,AEA,EN,Federal Contract Tower,0,2,41,0,43,0,0,175,0,175,0,2,216,0,218,252,0,252,470
11/12/2006,LNS,PA,AEA,EN,Federal Contract Tower,0,6,31,0,37,0,0,8,0,8,0,6,39,0,45,0,0,0,45
11/13/2006,LNS,PA,AEA,EN,Federal Contract Tower,0,10,33,1,44,0,0,5,1,6,0,10,38,2,50,0,0,0,50
11/14/2006,LNS,PA,AEA,EN,Federal Contract Tower,0,8,78,0,86,0,0,0,0,0,0,8,78,0,86,142,0,142,228
11/15/2006,LNS,PA,AEA,EN,Federal Contract Tower,0,7,40,2,49,0,2,57,0,59,0,9,97,2,108,56,0,56,164
11/16/2006,LNS,PA,AEA,EN,Federal Contract Tower,0,18,15,0,33,0,0,8,0,8,0,18,23,0,41,4,0,4,45
11/17/2006,LNS,PA,AEA,EN,Federal Contract Tower,0,14,51,7,72,0,0,152,4,156,0,14,203,11,228,198,6,204,432
11/18/2006,LNS,PA,AEA,EN,Federal Contract Tower,0,2,29,0,31,0,0,196,0,196,0,2,225,0,227,136,0,136,363
11/19/2006,LNS,PA,AEA,EN,Federal Contract Tower,0,4,36,0,40,0,1,178,0,179,0,5,214,0,219,72,0,72,291
11/20/2006,LNS,PA,AEA,EN,Federal Contract Tower,0,9,34,4,47,0,2,107,4,113,0,11,141,8,160,56,0,56,216
11/21/2006,LNS,PA,AEA,EN,Federal Contract Tower,0,10,33,2,45,0,2,162,2,166,0,12,195,4,211,56,0,56,267
11/22/2006,LNS,PA,AEA,EN,Federal Contract Tower,0,11,31,0,42,0,5,108,0,113,0,16,139,0,155,142,0,142,297
11/23/2006,LNS,PA,AEA,EN,Federal Contract Tower,0,4,9,0,13,0,0,2,0,2,0,4,11,0,15,10,0,10,25
11/24/2006,LNS,PA,AEA,EN,Federal Contract Tower,0,7,32,0,39,0,1,225,0,226,0,8,257,0,265,308,0,308,573
11/25/2006,LNS,PA,AEA,EN,Federal Contract Tower,0,6,30,0,36,0,0,273,0,273,0,6,303,0,309,164,0,164,473
11/26/2006,LNS,PA,AEA,EN,Federal Contract Tower,0,5,37,0,42,0,0,188,0,188,0,5,225,0,230,72,0,72,302
11/27/2006,LNS,PA,AEA,EN,Federal Contract Tower,0,9,34,0,43,0,0,73,0,73,0,9,107,0,116,82,0,82,198
11/28/2006,LNS,PA,AEA,EN,Federal Contract Tower,0,8,43,3,54,0,3,56,3,62,0,11,99,6,116,60,16,76,192
11/29/2006,LNS,PA,AEA,EN,Federal Contract Tower,0,7,25,0,32,0,0,5,0,5,0,7,30,0,37,0,0,0,37
11/30/2006,LNS,PA,AEA,EN,Federal Contract Tower,0,9,27,0,36,0,2,36,8,46,0,11,63,8,82,52,0,52,134
12/01/2006,LNS,PA,AEA,EN,Federal Contract Tower,0,17,18,0,35,0,2,2,0,4,0,19,20,0,39,2,0,2,41
12/02/2006,LNS,PA,AEA,EN,Federal Contract Tower,0,3,23,4,30,0,1,112,1,114,0,4,135,5,144,144,0,144,288
12/03/2006,LNS,PA,AEA,EN,Federal Contract Tower,0,3,50,0,53,0,0,301,0,301,0,3,351,0,354,86,0,86,440
12/04/2006,LNS,PA,AEA,EN,Federal Contract Tower,0,9,17,0,26,0,0,74,4,78,0,9,91,4,104,126,6,132,236
12/05/2006,LNS,PA,AEA,EN,Federal Contract Tower,0,11,46,0,57,0,2,127,0,129,0,13,173,0,186,78,0,78,264
12/06/2006,LNS,PA,AEA,EN,Federal Contract Tower,0,6,27,0,33,0,2,93,4,99,0,8,120,4,132,34,0,34,166
12/07/2006,LNS,PA,AEA,EN,Federal Contract Tower,0,10,13,1,24,0,0,59,1,60,0,10,72,2,84,42,0,42,126
12/08/2006,LNS,PA,AEA,EN,Federal Contract Tower,0,8,25,3,36,0,0,29,5,34,0,8,54,8,70,52,6,58,128
12/09/2006,LNS,PA,AEA,EN,Federal Contract Tower,1,3,31,0,35,0,4,223,0,227,1,7,254,0,262,204,0,204,466
12/10/2006,LNS,PA,AEA,EN,Federal Contract Tower,0,4,36,0,40,0,0,281,0,281,0,4,317,0,321,64,0,64,385
12/11/2006,LNS,PA,AEA,EN,Federal Contract Tower,0,7,27,5,39,0,1,127,3,131,0,8,154,8,170,126,10,136,306
12/12/2006,LNS,PA,AEA,EN,Federal Contract Tower,0,11,35,3,49,0,2,124,7,133,0,13,159,10,182,124,28,152,334
12/13/2006,LNS,PA,AEA,EN,Federal Contract Tower,0,11,40,0,51,0,0,4,0,4,0,11,44,0,55,26,0,26,81
12/14/2006,LNS,PA,AEA,EN,Federal Contract Tower,0,10,57,1,68,0,2,95,3,100,0,12,152,4,168,46,0,46,214
12/15/2006,LNS,PA,AEA,EN,Federal Contract Tower,0,19,59,0,78,0,1,81,0,82,0,20,140,0,160,90,0,90,250
12/16/2006,LNS,PA,AEA,EN,Federal Contract Tower,0,3,45,0,48,0,1,235,0,236,0,4,280,0,284,186,0,186,470
12/17/2006,LNS,PA,AEA,EN,Federal Contract Tower,0,3,35,0,38,0,1,215,0,216,0,4,250,0,254,98,0,98,352
12/18/2006,LNS,PA,AEA,EN,Federal Contract Tower,0,8,32,0,40,0,1,117,0,118,0,9,149,0,158,78,0,78,236
12/19/2006,LNS,PA,AEA,EN,Federal Contract Tower,0,7,30,4,41,0,1,114,4,119,0,8,144,8,160,112,2,114,274
12/20/2006,LNS,PA,AEA,EN,Federal Contract Tower,0,8,39,3,50,0,2,147,7,156,0,10,186,10,206,126,0,126,332
12/21/2006,LNS,PA,AEA,EN,Federal Contract Tower,0,10,40,1,51,0,4,107,1,112,0,14,147,2,163,106,0,106,269
12/22/2006,LNS,PA,AEA,EN,Federal Contract Tower,0,11,43,1,55,0,1,46,1,48,0,12,89,2,103,150,0,150,253
12/23/2006,LNS,PA,AEA,EN,Federal Contract Tower,0,3,11,0,14,0,0,36,0,36,0,3,47,0,50,78,0,78,128
12/24/2006,LNS,PA,AEA,EN,Federal Contract Tower,0,5,16,0,21,0,0,107,0,107,0,5,123,0,128,14,0,14,142
12/25/2006,LNS,PA,AEA,EN,Federal Contract Tower,0,9,1,0,10,0,1,3,0,4,0,10,4,0,14,0,0,0,14
12/26/2006,LNS,PA,AEA,EN,Federal Contract Tower,0,10,14,3,27,0,1,18,3,22,0,11,32,6,49,48,0,48,97
12/27/2006,LNS,PA,AEA,EN,Federal Contract Tower,0,15,23,0,38,0,2,91,0,93,0,17,114,0,131,100,2,102,233
12/28/2006,LNS,PA,AEA,EN,Federal Contract Tower,0,5,43,1,49,0,4,253,3,260,0,9,296,4,309,244,6,250,559
12/29/2006,LNS,PA,AEA,EN,Federal Contract Tower,0,14,49,0,63,0,2,221,2,225,0,16,270,2,288,144,0,144,432
12/30/2006,LNS,PA,AEA,EN,Federal Contract Tower,0,6,35,0,41,0,0,110,0,110,0,6,145,0,151,238,0,238,389
12/31/2006,LNS,PA,AEA,EN,Federal Contract Tower,0,4,29,0,33,0,1,167,0,168,0,5,196,0,201,202,0,202,403
01/01/2007,LNS,PA,AEA,EN,Federal Contract Tower,0,8,9,0,17,0,0,0,0,0,0,8,9,0,17,0,0,0,17
01/02/2007,LNS,PA,AEA,EN,Federal Contract Tower,0,10,12,0,22,0,1,88,0,89,0,11,100,0,111,86,0,86,197
01/03/2007,LNS,PA,AEA,EN,Federal Contract Tower,0,8,32,0,40,0,1,128,0,129,0,9,160,0,169,94,0,94,263
01/04/2007,LNS,PA,AEA,EN,Federal Contract Tower,0,13,42,4,59,0,3,163,4,170,0,16,205,8,229,140,2,142,371
01/05/2007,LNS,PA,AEA,EN,Federal Contract Tower,0,21,28,0,49,0,0,3,0,3,0,21,31,0,52,2,0,2,54
01/06/2007,LNS,PA,AEA,EN,Federal Contract Tower,0,3,29,0,32,0,0,99,1,100,0,3,128,1,132,216,0,216,348
01/07/2007,LNS,PA,AEA,EN,Federal Contract Tower,0,5,33,0,38,0,2,210,0,212,0,7,243,0,250,140,0,140,390
01/08/2007,LNS,PA,AEA,EN,Federal Contract Tower,0,8,12,3,23,0,0,20,1,21,0,8,32,4,44,36,0,36,80
01/09/2007,LNS,PA,AEA,EN,Federal Contract Tower,0,4,21,6,31,0,0,81,5,86,0,4,102,11,117,78,18,96,213
01/10/2007,LNS,PA,AEA,EN,Federal Contract Tower,0,9,27,0,36,0,0,55,4,59,0,9,82,4,95,68,2,70,165
01/11/2007,LNS,PA,AEA,EN,Federal Contract Tower,0,14,51,9,74,0,4,218,9,231,0,18,269,18,305,178,18,196,501
01/12/2007,LNS,PA,AEA,EN,Federal Contract Tower,0,14,32,1,47,0,2,95,3,100,0,16,127,4,147,104,12,116,263
01/13/2007,LNS,PA,AEA,EN,Federal Contract Tower,0,3,41,0,44,0,1,27,0,28,0,4,68,0,72,116,0,116,188
01/14/2007,LNS,PA,AEA,EN,Federal Contract Tower,0,7,13,0,20,0,0,4,0,4,0,7,17,0,24,0,0,0,24
01/15/2007,LNS,PA,AEA,EN,Federal Contract Tower,0,8,5,0,13,0,0,0,0,0,0,8,5,0,13,0,0,0,13
01/16/2007,LNS,PA,AEA,EN,Federal Contract Tower,0,10,30,3,43,0,9,70,5,84,0,19,100,8,127,66,0,66,193
01/17/2007,LNS,PA,AEA,EN,Federal Contract Tower,0,5,43,5,53,0,1,151,1,153,0,6,194,6,206,120,0,120,326
01/18/2007,LNS,PA,AEA,EN,Federal Contract Tower,0,9,41,2,52,0,0,99,7,106,0,9,140,9,158,62,12,74,232
01/19/2007,LNS,PA,AEA,EN,Federal Contract Tower,0,10,11,0,21,0,0,34,0,34,0,10,45,0,55,58,0,58,113
01/20/2007,LNS,PA,AEA,EN,Federal Contract Tower,0,2,1,0,3,0,0,14,2,16,0,2,15,2,19,6,0,6,25
01/21/2007,LNS,PA,AEA,EN,Federal Contract Tower,0,5,18,0,23,0,0,148,2,150,0,5,166,2,173,200,0,200,373
01/22/2007,LNS,PA,AEA,EN,Federal Contract Tower,0,7,4,0,11,0,0,0,0,0,0,7,4,0,11,20,0,20,31
01/23/2007,LNS,PA,AEA,EN,Federal Contract Tower,0,7,15,2,24,0,0,77,6,83,0,7,92,8,107,110,0,110,217
01/24/2007,LNS,PA,AEA,EN,Federal Contract Tower,0,7,34,3,44,0,0,87,3,90,0,7,121,6,134,48,0,48,182
01/25/2007,LNS,PA,AEA,EN,Federal Contract Tower,0,12,20,4,36,0,0,45,5,50,0,12,65,9,86,38,12,50,136
01/26/2007,LNS,PA,AEA,EN,Federal Contract Tower,0,13,21,3,37,0,0,37,5,42,0,13,58,8,79,23,2,25,104
01/27/2007,LNS,PA,AEA,EN,Federal Contract Tower,0,4,26,0,30,0,1,202,0,203,0,5,228,0,233,192,0,192,425
01/28/2007,LNS,PA,AEA,EN,Federal Contract Tower,0,6,21,0,27,0,0,79,0,79,0,6,100,0,106,136,0,136,242
01/29/2007,LNS,PA,AEA,EN,Federal Contract Tower,0,7,17,0,24,0,3,82,0,85,0,10,99,0,109,150,0,150,259
01/30/2007,LNS,PA,AEA,EN,Federal Contract Tower,0,8,14,0,22,0,3,71,4,78,0,11,85,4,100,124,8,132,232
01/31/2007,LNS,PA,AEA,EN,Federal Contract Tower,0,8,16,5,29,0,0,114,0,114,0,8,130,5,143,44,8,52,195
02/01/2007,LNS,PA,AEA,EN,Federal Contract Tower,0,7,15,6,28,0,0,69,8,77,0,7,84,14,105,76,14,90,195
02/02/2007,LNS,PA,AEA,EN,Federal Contract Tower,0,6,13,2,21,0,0,22,2,24,0,6,35,4,45,18,2,20,65
02/03/2007,LNS,PA,AEA,EN,Federal Contract Tower,0,3,25,0,28,0,0,126,0,126,0,3,151,0,154,188,0,188,342
02/04/2007,LNS,PA,AEA,EN,Federal Contract Tower,0,5,17,0,22,0,3,66,0,69,0,8,83,0,91,38,0,38,129
02/05/2007,LNS,PA,AEA,EN,Federal Contract Tower,0,7,12,2,21,0,2,33,8,43,0,9,45,10,64,6,0,6,70
02/06/2007,LNS,PA,AEA,EN,Federal Contract Tower,0,6,8,6,20,0,2,41,6,49,0,8,49,12,69,34,0,34,103
02/07/2007,LNS,PA,AEA,EN,Federal Contract Tower,0,8,10,6,24,0,0,55,5,60,0,8,65,11,84,26,0,26,110
02/08/2007,LNS,PA,AEA,EN,Federal Contract Tower,0,9,29,1,39,0,0,73,3,76,0,9,102,4,115,50,10,60,175
02/09/2007,LNS,PA,AEA,EN,Federal Contract Tower,0,9,30,1,40,0,0,77,1,78,0,9,107,2,118,36,0,36,154
02/10/2007,LNS,PA,AEA,EN,Federal Contract Tower,0,5,16,2,23,0,0,130,2,132,0,5,146,4,155,98,0,98,253
02/11/2007,LNS,PA,AEA,EN,Federal Contract Tower,0,6,36,0,42,0,3,248,0,251,0,9,284,0,293,134,0,134,427
02/12/2007,LNS,PA,AEA,EN,Federal Contract Tower,0,7,28,0,35,0,2,108,4,114,0,9,136,4,149,152,0,152,301
02/13/2007,LNS,PA,AEA,EN,Federal Contract Tower,0,4,1,0,5,0,0,0,0,0,0,4,1,0,5,0,0,0,5
02/14/2007,LNS,PA,AEA,EN,Federal Contract Tower,0,0,2,0,2,0,0,0,0,0,0,0,2,0,2,0,0,0,2
02/15/2007,LNS,PA,AEA,EN,Federal Contract Tower,0,7,9,0,16,0,2,13,0,15,0,9,22,0,31,84,0,84,115
02/16/2007,LNS,PA,AEA,EN,Federal Contract Tower,0,13,21,0,34,0,0,29,0,29,0,13,50,0,63,12,0,12,75
02/17/2007,LNS,PA,AEA,EN,Federal Contract Tower,0,2,18,0,20,0,0,115,0,115,0,2,133,0,135,46,0,46,181
02/18/2007,LNS,PA,AEA,EN,Federal Contract Tower,0,4,9,0,13,0,0,46,0,46,0,4,55,0,59,62,0,62,121
02/19/2007,LNS,PA,AEA,EN,Federal Contract Tower,0,7,24,0,31,0,4,101,0,105,0,11,125,0,136,94,0,94,230
02/20/2007,LNS,PA,AEA,EN,Federal Contract Tower,0,9,21,6,36,0,6,72,4,82,0,15,93,10,118,92,34,126,244
02/21/2007,LNS,PA,AEA,EN,Federal Contract Tower,0,6,30,3,39,0,2,148,9,159,0,8,178,12,198,128,40,168,366
02/22/2007,LNS,PA,AEA,EN,Federal Contract Tower,0,11,17,0,28,0,4,57,4,65,0,15,74,4,93,132,0,132,225
02/23/2007,LNS,PA,AEA,EN,Federal Contract Tower,0,10,23,0,33,0,1,36,6,43,0,11,59,6,76,24,32,56,132
02/24/2007,LNS,PA,AEA,EN,Federal Contract Tower,0,3,46,0,49,0,1,205,0,206,0,4,251,0,255,100,0,100,355
02/25/2007,LNS,PA,AEA,EN,Federal Contract Tower,1,5,3,0,9,0,0,21,0,21,1,5,24,0,30,18,0,18,48
02/26/2007,LNS,PA,AEA,EN,Federal Contract Tower,0,11,12,0,23,0,0,4,2,6,0,11,16,2,29,0,24,24,53
02/27/2007,LNS,PA,AEA,EN,Federal Contract Tower,0,8,30,0,38,0,5,77,8,90,0,13,107,8,128,160,38,198,326
02/28/2007,LNS,PA,AEA,EN,Federal Contract Tower,0,7,40,0,47,0,0,113,9,122,0,7,153,9,169,212,0,212,381
03/01/2007,LNS,PA,AEA,EN,Federal Contract Tower,0,6,28,0,34,0,2,62,2,66,0,8,90,2,100,114,4,118,218
03/02/2007,LNS,PA,AEA,EN,Federal Contract Tower,0,8,19,0,27,0,0,67,0,67,0,8,86,0,94,88,0,88,182
03/03/2007,LNS,PA,AEA,EN,Federal Contract Tower,1,2,25,0,28,0,0,137,34,171,1,2,162,34,199,96,0,96,295
03/04/2007,LNS,PA,AEA,EN,Federal Contract Tower,0,5,12,4,21,0,1,66,0,67,0,6,78,4,88,66,10,76,164
03/05/2007,LNS,PA,AEA,EN,Federal Contract Tower,0,7,7,0,14,0,0,25,0,25,0,7,32,0,39,30,0,30,69
03/06/2007,LNS,PA,AEA,EN,Federal Contract Tower,0,7,21,3,31,0,0,19,1,20,0,7,40,4,51,20,0,20,71
03/07/2007,LNS,PA,AEA,EN,Federal Contract Tower,0,9,7,0,16,0,0,13,2,15,0,9,20,2,31,0,0,0,31
03/08/2007,LNS,PA,AEA,EN,Federal Contract Tower,0,13,40,2,55,0,2,133,7,142,0,15,173,9,197,126,0,126,323
03/09/2007,LNS,PA,AEA,EN,Federal Contract Tower,0,11,61,1,73,0,0,179,9,188,0,11,240,10,261,134,6,140,401
03/10/2007,LNS,PA,AEA,EN,Federal Contract Tower,0,4,46,8,58,0,0,100,6,106,0,4,146,14,164,176,0,176,340
03/11/2007,LNS,PA,AEA,EN,Federal Contract Tower,0,7,42,2,51,0,3,215,2,220,0,10,257,4,271,124,0,124,395
03/12/2007,LNS,PA,AEA,EN,Federal Contract Tower,0,11,50,2,63,0,4,160,10,174,0,15,210,12,237,222,20,242,479
03/13/2007,LNS,PA,AEA,EN,Federal Contract Tower,0,11,40,2,53,0,3,151,12,166,0,14,191,14,219,138,28,166,385
03/14/2007,LNS,PA,AEA,EN,Federal Contract Tower,0,8,35,0,43,0,3,88,6,97,0,11,123,6,140,74,0,74,214
03/15/2007,LNS,PA,AEA,EN,Federal Contract Tower,0,8,26,5,39,0,0,27,3,30,0,8,53,8,69,120,0,120,189
03/16/2007,LNS,PA,AEA,EN,Federal Contract Tower,0,5,9,0,14,0,0,0,0,0,0,5,9,0,14,0,0,0,14
03/17/2007,LNS,PA,AEA,EN,Federal Contract Tower,0,8,13,0,21,0,0,17,0,17,0,8,30,0,38,18,0,18,56
03/18/2007,LNS,PA,AEA,EN,Federal Contract Tower,0,13,15,0,28,0,0,88,0,88,0,13,103,0,116,84,0,84,200
03/19/2007,LNS,PA,AEA,EN,Federal Contract Tower,0,13,24,0,37,0,1,59,2,62,0,14,83,2,99,94,30,124,223
03/20/2007,LNS,PA,AEA,EN,Federal Contract Tower,0,10,29,8,47,0,3,97,4,104,0,13,126,12,151,112,56,168,319
03/21/2007,LNS,PA,AEA,EN,Federal Contract Tower,0,7,28,8,43,0,3,132,5,140,0,10,160,13,183,164,10,174,357
03/22/2007,LNS,PA,AEA,EN,Federal Contract Tower,0,18,38,1,57,0,1,117,1,119,0,19,155,2,176,136,0,136,312
03/23/2007,LNS,PA,AEA,EN,Federal Contract Tower,0,14,44,0,58,0,2,21,0,23,0,16,65,0,81,24,0,24,105
03/24/2007,LNS,PA,AEA,EN,Federal Contract Tower,0,2,63,0,65,0,0,92,0,92,0,2,155,0,157,206,0,206,363
03/25/2007,LNS,PA,AEA,EN,Federal Contract Tower,0,5,53,2,60,0,0,248,0,248,0,5,301,2,308,156,0,156,464
03/26/2007,LNS,PA,AEA,EN,Federal Contract Tower,0,7,37,2,46,0,2,83,2,87,0,9,120,4,133,138,4,142,275
03/27/2007,LNS,PA,AEA,EN,Federal Contract Tower,0,8,23,0,31,0,0,119,10,129,0,8,142,10,160,160,0,160,320
03/28/2007,LNS,PA,AEA,EN,Federal Contract Tower,0,7,38,11,56,0,4,145,10,159,0,11,183,21,215,162,0,162,377
03/29/2007,LNS,PA,AEA,EN,Federal Contract Tower,0,10,29,6,45,0,1,162,5,168,0,11,191,11,213,324,0,324,537
03/30/2007,LNS,PA,AEA,EN,Federal Contract Tower,0,15,71,3,89,0,6,313,7,326,0,21,384,10,415,208,24,232,647
03/31/2007,LNS,PA,AEA,EN,Federal Contract Tower,0,5,49,0,54,0,0,262,0,262,0,5,311,0,316,193,0,193,509
04/01/2007,LNS,PA,AEA,EN,Federal Contract Tower,0,4,30,0,34,0,0,52,0,52,0,4,82,0,86,168,0,168,254
04/02/2007,LNS,PA,AEA,EN,Federal Contract Tower,0,11,32,2,45,0,3,78,2,83,0,14,110,4,128,146,0,146,274
04/03/2007,LNS,PA,AEA,EN,Federal Contract Tower,0,11,43,5,59,0,3,136,4,143,0,14,179,9,202,192,8,200,402
04/04/2007,LNS,PA,AEA,EN,Federal Contract Tower,0,11,10,1,22,0,0,0,1,1,0,11,10,2,23,0,0,0,23
04/05/2007,LNS,PA,AEA,EN,Federal Contract Tower,0,11,24,0,35,0,0,56,4,60,0,11,80,4,95,88,0,88,183
04/06/2007,LNS,PA,AEA,EN,Federal Contract Tower,0,12,37,4,53,0,3,122,0,125,0,15,159,4,178,328,2,330,508
04/07/2007,LNS,PA,AEA,EN,Federal Contract Tower,0,4,15,0,19,0,0,86,0,86,0,4,101,0,105,242,0,242,347
04/08/2007,LNS,PA,AEA,EN,Federal Contract Tower,0,5,10,0,15,0,0,34,0,34,0,5,44,0,49,54,0,54,103
04/09/2007,LNS,PA,AEA,EN,Federal Contract Tower,0,7,40,3,50,0,0,135,3,138,0,7,175,6,188,210,16,226,414
04/10/2007,LNS,PA,AEA,EN,Federal Contract Tower,0,8,34,1,43,0,0,182,1,183,0,8,216,2,226,164,0,164,390
04/11/2007,LNS,PA,AEA,EN,Federal Contract Tower,0,13,23,3,39,0,1,79,5,85,0,14,102,8,124,88,4,92,216
04/12/2007,LNS,PA,AEA,EN,Federal Contract Tower,0,10,30,1,41,0,0,23,3,26,0,10,53,4,67,80,0,80,147
04/13/2007,LNS,PA,AEA,EN,Federal Contract Tower,0,12,20,0,32,0,3,48,0,51,0,15,68,0,83,68,0,68,151
04/14/2007,LNS,PA,AEA,EN,Federal Contract Tower,0,6,27,0,33,0,0,262,6,268,0,6,289,6,301,373,0,373,674
04/15/2007,LNS,PA,AEA,EN,Federal Contract Tower,0,4,6,0,10,0,0,3,0,3,0,4,9,0,13,0,0,0,13
04/16/2007,LNS,PA,AEA,EN,Federal Contract Tower,0,10,3,0,13,0,0,0,0,0,0,10,3,0,13,0,0,0,13
04/17/2007,LNS,PA,AEA,EN,Federal Contract Tower,0,9,14,0,23,0,0,23,0,23,0,9,37,0,46,34,0,34,80
04/18/2007,LNS,PA,AEA,EN,Federal Contract Tower,0,9,30,8,47,0,0,121,6,127,0,9,151,14,174,218,24,242,416
04/19/2007,LNS,PA,AEA,EN,Federal Contract Tower,0,10,60,6,76,0,2,119,2,123,0,12,179,8,199,248,8,256,455
04/20/2007,LNS,PA,AEA,EN,Federal Contract Tower,0,14,58,2,74,0,2,238,3,243,0,16,296,5,317,256,6,262,579
04/21/2007,LNS,PA,AEA,EN,Federal Contract Tower,0,3,38,2,43,0,2,323,0,325,0,5,361,2,368,222,0,222,590
04/22/2007,LNS,PA,AEA,EN,Federal Contract Tower,0,4,52,0,56,0,1,288,0,289,0,5,340,0,345,164,0,164,509
04/23/2007,LNS,PA,AEA,EN,Federal Contract Tower,0,10,23,3,36,0,0,128,3,131,0,10,151,6,167,42,0,42,209
04/24/2007,LNS,PA,AEA,EN,Federal Contract Tower,0,15,40,0,55,0,1,157,0,158,0,16,197,0,213,122,0,122,335
04/25/2007,LNS,PA,AEA,EN,Federal Contract Tower,0,9,39,0,48,0,0,79,2,81,0,9,118,2,129,10,2,12,141
04/26/2007,LNS,PA,AEA,EN,Federal Contract Tower,0,15,37,5,57,0,2,55,5,62,0,17,92,10,119,216,2,218,337
04/27/2007,LNS,PA,AEA,EN,Federal Contract Tower,0,16,37,2,55,0,0,6,0,6,0,16,43,2,61,16,0,16,77
04/28/2007,LNS,PA,AEA,EN,Federal Contract Tower,0,2,29,0,31,0,1,116,0,117,0,3,145,0,148,252,0,252,400
04/29/2007,LNS,PA,AEA,EN,Federal Contract Tower,0,7,31,0,38,0,0,238,0,238,0,7,269,0,276,270,0,270,546
04/30/2007,LNS,PA,AEA,EN,Federal Contract Tower,0,13,42,5,60,0,0,108,1,109,0,13,150,6,169,86,5,91,260
05/01/2007,LNS,PA,AEA,EN,Federal Contract Tower,0,10,35,4,49,0,0,118,2,120,0,10,153,6,169,136,8,144,313
05/02/2007,LNS,PA,AEA,EN,Federal Contract Tower,0,10,42,7,59,0,2,145,4,151,0,12,187,11,210,158,24,182,392
05/03/2007,LNS,PA,AEA,EN,Federal Contract Tower,0,10,45,0,55,0,2,225,4,231,0,12,270,4,286,240,6,246,532
05/04/2007,LNS,PA,AEA,EN,Federal Contract Tower,0,20,32,0,52,0,4,225,0,229,0,24,257,0,281,246,0,246,527
05/05/2007,LNS,PA,AEA,EN,Federal Contract Tower,0,4,21,4,29,0,3,232,6,241,0,7,253,10,270,158,2,160,430
05/06/2007,LNS,PA,AEA,EN,Federal Contract Tower,0,7,23,0,30,0,0,82,2,84,0,7,105,2,114,58,2,60,174
05/07/2007,LNS,PA,AEA,EN,Federal Contract Tower,0,8,42,0,50,0,1,187,0,188,0,9,229,0,238,178,0,178,416
05/08/2007,LNS,PA,AEA,EN,Federal Contract Tower,0,6,26,3,35,0,0,217,5,222,0,6,243,8,257,146,10,156,413
05/09/2007,LNS,PA,AEA,EN,Federal Contract Tower,0,12,44,6,62,0,1,119,6,126,0,13,163,12,188,98,4,102,290
05/10/2007,LNS,PA,AEA,EN,Federal Contract Tower,0,16,37,3,56,0,0,57,7,64,0,16,94,10,120,154,8,162,282
05/11/2007,LNS,PA,AEA,EN,Federal Contract Tower,0,10,49,1,60,0,1,84,1,86,0,11,133,2,146,150,0,150,296
05/12/2007,LNS,PA,AEA,EN,Federal Contract Tower,0,5,34,0,39,0,1,130,4,135,0,6,164,4,174,78,0,78,252
05/13/2007,LNS,PA,AEA,EN,Federal Contract Tower,0,13,27,0,40,0,0,126,0,126,0,13,153,0,166,84,0,84,250
05/14/2007,LNS,PA,AEA,EN,Federal Contract Tower,0,11,34,6,51,0,2,185,3,190,0,13,219,9,241,128,26,154,395
05/15/2007,LNS,PA,AEA,EN,Federal Contract Tower,0,15,42,16,73,0,0,134,7,141,0,15,176,23,214,112,10,122,336
05/16/2007,LNS,PA,AEA,EN,Federal Contract Tower,0,13,15,4,32,0,3,45,0,48,0,16,60,4,80,20,26,46,126
05/17/2007,LNS,PA,AEA,EN,Federal Contract Tower,0,25,43,0,68,0,2,154,0,156,0,27,197,0,224,138,4,142,366
05/18/2007,LNS,PA,AEA,EN,Federal Contract Tower,0,13,59,1,73,0,0,30,1,31,0,13,89,2,104,68,0,68,172
05/19/2007,LNS,PA,AEA,EN,Federal Contract Tower,0,3,31,0,34,0,2,103,2,107,0,5,134,2,141,130,0,130,271
05/20/2007,LNS,PA,AEA,EN,Federal Contract Tower,0,4,20,0,24,0,2,104,0,106,0,6,124,0,130,146,0,146,276
05/21/2007,LNS,PA,AEA,EN,Federal Contract Tower,0,6,40,4,50,0,3,169,2,174,0,9,209,6,224,138,28,166,390
05/22/2007,LNS,PA,AEA,EN,Federal Contract Tower,0,7,40,6,53,0,3,244,13,260,0,10,284,19,313,148,8,156,469
05/23/2007,LNS,PA,AEA,EN,Federal Contract Tower,0,8,37,3,48,0,0,174,2,176,0,8,211,5,224,172,11,183,407
05/24/2007,LNS,PA,AEA,EN,Federal Contract Tower,0,10,38,1,49,0,0,190,3,193,0,10,228,4,242,178,2,180,422
05/25/2007,LNS,PA,AEA,EN,Federal Contract Tower,0,12,46,1,59,0,0,150,1,151,0,12,196,2,210,138,0,138,348
05/26/2007,LNS,PA,AEA,EN,Federal Contract Tower,0,9,31,0,40,0,1,134,0,135,0,10,165,0,175,48,0,48,223
05/27/2007,LNS,PA,AEA,EN,Federal Contract Tower,0,4,19,0,23,0,0,131,0,131,0,4,150,0,154,102,0,102,256
05/28/2007,LNS,PA,AEA,EN,Federal Contract Tower,0,9,37,0,46,0,1,56,0,57,0,10,93,0,103,34,0,34,137
05/29/2007,LNS,PA,AEA,EN,Federal Contract Tower,0,9,35,5,49,0,1,177,0,178,0,10,212,5,227,172,10,182,409
05/30/2007,LNS,PA,AEA,EN,Federal Contract Tower,0,8,32,2,42,0,0,163,6,169,0,8,195,8,211,348,4,352,563
05/31/2007,LNS,PA,AEA,EN,Federal Contract Tower,0,22,34,6,62,0,1,126,8,135,0,23,160,14,197,316,14,330,527
06/01/2007,LNS,PA,AEA,EN,Federal Contract Tower,0,15,21,2,38,0,0,94,2,96,0,15,115,4,134,146,0,146,280
06/02/2007,LNS,PA,AEA,EN,Federal Contract Tower,0,7,21,0,28,0,0,68,0,68,0,7,89,0,96,158,0,158,254
06/03/2007,LNS,PA,AEA,EN,Federal Contract Tower,0,8,25,0,33,0,0,59,0,59,0,8,84,0,92,98,0,98,190
06/04/2007,LNS,PA,AEA,EN,Federal Contract Tower,0,10,33,2,45,0,1,36,2,39,0,11,69,4,84,90,0,90,174
06/05/2007,LNS,PA,AEA,EN,Federal Contract Tower,0,8,28,4,40,0,0,57,4,61,0,8,85,8,101,88,28,116,217
06/06/2007,LNS,PA,AEA,EN,Federal Contract Tower,0,5,44,5,54,0,3,171,3,177,0,8,215,8,231,142,6,148,379
06/07/2007,LNS,PA,AEA,EN,Federal Contract Tower,0,9,34,7,50,0,3,195,2,200,0,12,229,9,250,134,48,182,432
06/08/2007,LNS,PA,AEA,EN,Federal Contract Tower,0,7,41,4,52,0,0,126,3,129,0,7,167,7,181,91,26,117,298
06/09/2007,LNS,PA,AEA,EN,Federal Contract Tower,0,4,30,3,37,0,0,160,3,163,0,4,190,6,200,288,0,288,488
06/10/2007,LNS,PA,AEA,EN,Federal Contract Tower,0,6,56,0,62,0,1,93,0,94,0,7,149,0,156,260,0,260,416
06/11/2007,LNS,PA,AEA,EN,Federal Contract Tower,0,8,27,2,37,0,3,98,2,103,0,11,125,4,140,128,0,128,268
06/12/2007,LNS,PA,AEA,EN,Federal Contract Tower,0,11,32,0,43,0,0,96,0,96,0,11,128,0,139,154,0,154,293
06/13/2007,LNS,PA,AEA,EN,Federal Contract Tower,0,8,36,2,46,0,1,65,4,70,0,9,101,6,116,94,8,102,218
06/14/2007,LNS,PA,AEA,EN,Federal Contract Tower,0,12,75,4,91,0,1,121,0,122,0,13,196,4,213,142,2,144,357
06/15/2007,LNS,PA,AEA,EN,Federal Contract Tower,0,13,37,2,52,0,0,166,0,166,0,13,203,2,218,278,0,278,496
06/16/2007,LNS,PA,AEA,EN,Federal Contract Tower,0,4,23,0,27,0,1,177,4,182,0,5,200,4,209,112,0,112,321
06/17/2007,LNS,PA,AEA,EN,Federal Contract Tower,0,6,35,0,41,0,1,198,0,199,0,7,233,0,240,98,2,100,340
06/18/2007,LNS,PA,AEA,EN,Federal Contract Tower,0,9,29,1,39,0,1,124,3,128,0,10,153,4,167,98,22,120,287
06/19/2007,LNS,PA,AEA,EN,Federal Contract Tower,0,11,31,0,42,0,2,70,2,74,0,13,101,2,116,12,0,12,128
06/20/2007,LNS,PA,AEA,EN,Federal Contract Tower,0,5,37,4,46,0,0,96,6,102,0,5,133,10,148,64,2,66,214
06/21/2007,LNS,PA,AEA,EN,Federal Contract Tower,0,6,28,9,43,0,3,191,0,194,0,9,219,9,237,120,10,130,367
06/22/2007,LNS,PA,AEA,EN,Federal Contract Tower,0,8,42,4,54,0,2,136,6,144,0,10,178,10,198,60,38,98,296
06/23/2007,LNS,PA,AEA,EN,Federal Contract Tower,0,3,30,1,34,0,0,199,1,200,0,3,229,2,234,88,0,88,322
06/24/2007,LNS,PA,AEA,EN,Federal Contract Tower,0,7,38,0,45,0,3,241,2,246,0,10,279,2,291,74,0,74,365
06/25/2007,LNS,PA,AEA,EN,Federal Contract Tower,0,13,50,2,65,0,0,19,1,20,0,13,69,3,85,72,10,82,167
06/26/2007,LNS,PA,AEA,EN,Federal Contract Tower,0,9,46,0,55,0,0,100,2,102,0,9,146,2,157,202,10,212,369
06/27/2007,LNS,PA,AEA,EN,Federal Contract Tower,0,12,33,1,46,0,1,63,1,65,0,13,96,2,111,164,0,164,275
06/28/2007,LNS,PA,AEA,EN,Federal Contract Tower,0,17,46,1,64,0,3,49,21,73,0,20,95,22,137,208,10,218,355
06/29/2007,LNS,PA,AEA,EN,Federal Contract Tower,0,14,62,12,88,0,2,111,10,123,0,16,173,22,211,96,28,124,335
06/30/2007,LNS,PA,AEA,EN,Federal Contract Tower,0,4,53,0,57,0,0,189,0,189,0,4,242,0,246,120,0,120,366
07/01/2007,LNS,PA,AEA,EN,Federal Contract Tower,0,13,30,0,43,0,2,166,0,168,0,15,196,0,211,80,2,82,293
07/02/2007,LNS,PA,AEA,EN,Federal Contract Tower,0,6,45,0,51,0,2,198,0,200,0,8,243,0,251,202,0,202,453
07/03/2007,LNS,PA,AEA,EN,Federal Contract Tower,0,10,37,9,56,0,1,185,13,199,0,11,222,22,255,198,6,204,459
07/04/2007,LNS,PA,AEA,EN,Federal Contract Tower,0,7,22,0,29,0,2,14,0,16,0,9,36,0,45,14,0,14,59
07/05/2007,LNS,PA,AEA,EN,Federal Contract Tower,0,10,13,3,26,0,1,28,5,34,0,11,41,8,60,70,26,96,156
07/06/2007,LNS,PA,AEA,EN,Federal Contract Tower,0,11,34,4,49,0,3,121,2,126,0,14,155,6,175,124,6,130,305
07/07/2007,LNS,PA,AEA,EN,Federal Contract Tower,0,8,39,0,47,0,1,186,0,187,0,9,225,0,234,114,0,114,348
07/08/2007,LNS,PA,AEA,EN,Federal Contract Tower,0,9,34,0,43,0,1,135,0,136,0,10,169,0,179,54,0,54,233
07/09/2007,LNS,PA,AEA,EN,Federal Contract Tower,0,7,33,2,42,0,2,117,2,121,0,9,150,4,163,150,0,150,313
07/10/2007,LNS,PA,AEA,EN,Federal Contract Tower,0,11,49,5,65,0,2,57,3,62,0,13,106,8,127,88,4,92,219
07/11/2007,LNS,PA,AEA,EN,Federal Contract Tower,0,10,44,0,54,0,2,28,0,30,0,12,72,0,84,56,0,56,140
07/12/2007,LNS,PA,AEA,EN,Federal Contract Tower,0,11,58,0,69,0,0,220,0,220,0,11,278,0,289,164,0,164,453
07/13/2007,LNS,PA,AEA,EN,Federal Contract Tower,0,13,38,7,58,0,4,179,9,192,0,17,217,16,250,124,6,130,380
07/14/2007,LNS,PA,AEA,EN,Federal Contract Tower,0,3,31,3,37,0,0,214,5,219,0,3,245,8,256,222,0,222,478
07/15/2007,LNS,PA,AEA,EN,Federal Contract Tower,0,6,25,0,31,0,1,115,0,116,0,7,140,0,147,68,0,68,215
07/16/2007,LNS,PA,AEA,EN,Federal Contract Tower,0,14,31,1,46,0,1,102,1,104,0,15,133,2,150,168,0,168,318
07/17/2007,LNS,PA,AEA,EN,Federal Contract Tower,0,15,25,2,42,0,4,138,4,146,0,19,163,6,188,150,10,160,348
07/18/2007,LNS,PA,AEA,EN,Federal Contract Tower,0,14,30,7,51,0,1,63,11,75,0,15,93,18,126,146,6,152,278
07/19/2007,LNS,PA,AEA,EN,Federal Contract Tower,0,9,28,2,39,0,6,61,2,69,0,15,89,4,108,122,0,122,230
07/20/2007,LNS,PA,AEA,EN,Federal Contract Tower,0,15,41,11,67,0,5,152,1,158,0,20,193,12,225,58,30,88,313
07/21/2007,LNS,PA,AEA,EN,Federal Contract Tower,1,2,19,0,22,0,0,248,2,250,1,2,267,2,272,208,0,208,480
07/22/2007,LNS,PA,AEA,EN,Federal Contract Tower,0,8,29,0,37,0,0,212,0,212,0,8,241,0,249,284,0,284,533
07/23/2007,LNS,PA,AEA,EN,Federal Contract Tower,0,12,37,7,56,0,1,71,4,76,0,13,108,11,132,66,8,74,206
07/24/2007,LNS,PA,AEA,EN,Federal Contract Tower,0,8,27,1,36,0,0,166,1,167,0,8,193,2,203,128,0,128,331
07/25/2007,LNS,PA,AEA,EN,Federal Contract Tower,0,5,29,6,40,0,3,125,0,128,0,8,154,6,168,180,4,184,352
07/26/2007,LNS,PA,AEA,EN,Federal Contract Tower,0,9,57,6,72,0,1,97,5,103,0,10,154,11,175,178,0,178,353
07/27/2007,LNS,PA,AEA,EN,Federal Contract Tower,0,15,50,3,68,0,1,83,7,91,0,16,133,10,159,214,28,242,401
07/28/2007,LNS,PA,AEA,EN,Federal Contract Tower,0,4,22,0,26,0,1,46,0,47,0,5,68,0,73,134,0,134,207
07/29/2007,LNS,PA,AEA,EN,Federal Contract Tower,0,2,18,0,20,0,0,16,0,16,0,2,34,0,36,6,0,6,42
07/30/2007,LNS,PA,AEA,EN,Federal Contract Tower,0,10,48,5,63,0,0,38,5,43,0,10,86,10,106,40,26,66,172
07/31/2007,LNS,PA,AEA,EN,Federal Contract Tower,0,12,27,1,40,0,3,181,1,185,0,15,208,2,225,126,0,126,351
08/01/2007,LNS,PA,AEA,EN,Federal Contract Tower,0,10,31,2,43,0,2,193,0,195,0,12,224,2,238,84,6,90,328
08/02/2007,LNS,PA,AEA,EN,Federal Contract Tower,0,8,17,9,34,0,4,148,5,157,0,12,165,14,191,22,10,32,223
08/03/2007,LNS,PA,AEA,EN,Federal Contract Tower,0,10,24,5,39,0,2,155,0,157,0,12,179,5,196,146,20,166,362
08/04/2007,LNS,PA,AEA,EN,Federal Contract Tower,0,13,40,1,54,0,0,145,1,146,0,13,185,2,200,122,0,122,322
08/05/2007,LNS,PA,AEA,EN,Federal Contract Tower,0,6,38,6,50,0,0,178,3,181,0,6,216,9,231,176,0,176,407
08/06/2007,LNS,PA,AEA,EN,Federal Contract Tower,0,10,24,3,37,0,0,24,3,27,0,10,48,6,64,92,28,120,184
08/07/2007,LNS,PA,AEA,EN,Federal Contract Tower,0,7,58,4,69,0,0,74,2,76,0,7,132,6,145,118,0,118,263
08/08/2007,LNS,PA,AEA,EN,Federal Contract Tower,0,12,26,8,46,0,0,80,2,82,0,12,106,10,128,100,2,102,230
08/09/2007,LNS,PA,AEA,EN,Federal Contract Tower,0,11,54,0,65,0,0,77,0,77,0,11,131,0,142,14,0,14,156
08/10/2007,LNS,PA,AEA,EN,Federal Contract Tower,0,16,62,1,79,0,0,82,7,89,0,16,144,8,168,30,0,30,198
08/11/2007,LNS,PA,AEA,EN,Federal Contract Tower,0,8,58,0,66,0,4,356,0,360,0,12,414,0,426,194,0,194,620
08/12/2007,LNS,PA,AEA,EN,Federal Contract Tower,0,6,38,0,44,0,2,217,0,219,0,8,255,0,263,70,0,70,333
08/13/2007,LNS,PA,AEA,EN,Federal Contract Tower,0,10,48,2,60,0,0,171,4,175,0,10,219,6,235,184,0,184,419
08/14/2007,LNS,PA,AEA,EN,Federal Contract Tower,0,5,29,7,41,0,1,202,15,218,0,6,231,22,259,130,40,170,429
08/15/2007,LNS,PA,AEA,EN,Federal Contract Tower,0,9,41,8,58,0,1,165,7,173,0,10,206,15,231,72,20,92,323
08/16/2007,LNS,PA,AEA,EN,Federal Contract Tower,0,8,47,1,56,0,0,56,3,59,0,8,103,4,115,49,0,49,164
08/17/2007,LNS,PA,AEA,EN,Federal Contract Tower,0,15,43,1,59,0,1,127,1,129,0,16,170,2,188,156,0,156,344
08/18/2007,LNS,PA,AEA,EN,Federal Contract Tower,0,5,32,0,37,0,0,236,0,236,0,5,268,0,273,102,0,102,375
08/19/2007,LNS,PA,AEA,EN,Federal Contract Tower,0,4,29,0,33,0,0,83,0,83,0,4,112,0,116,16,0,16,132
08/20/2007,LNS,PA,AEA,EN,Federal Contract Tower,0,13,42,0,55,0,0,13,0,13,0,13,55,0,68,24,0,24,92
08/21/2007,LNS,PA,AEA,EN,Federal Contract Tower,0,7,24,0,31,0,0,0,0,0,0,7,24,0,31,10,0,10,41
08/22/2007,LNS,PA,AEA,EN,Federal Contract Tower,0,8,55,4,67,0,0,2,3,5,0,8,57,7,72,46,0,46,118
08/23/2007,LNS,PA,AEA,EN,Federal Contract Tower,0,14,59,0,73,0,3,32,0,35,0,17,91,0,108,44,0,44,152
08/24/2007,LNS,PA,AEA,EN,Federal Contract Tower,0,18,70,3,91,0,2,70,11,83,0,20,140,14,174,90,0,90,264
08/25/2007,LNS,PA,AEA,EN,Federal Contract Tower,0,5,28,2,35,0,1,89,0,90,0,6,117,2,125,100,0,100,225
08/26/2007,LNS,PA,AEA,EN,Federal Contract Tower,0,7,31,0,38,0,0,69,2,71,0,7,100,2,109,22,0,22,131
08/27/2007,LNS,PA,AEA,EN,Federal Contract Tower,0,7,38,0,45,0,5,207,2,214,0,12,245,2,259,100,12,112,371
08/28/2007,LNS,PA,AEA,EN,Federal Contract Tower,0,10,56,3,69,0,0,165,1,166,0,10,221,4,235,98,8,106,341
08/29/2007,LNS,PA,AEA,EN,Federal Contract Tower,0,7,48,8,63,0,3,133,0,136,0,10,181,8,199,108,8,116,315
08/30/2007,LNS,PA,AEA,EN,Federal Contract Tower,0,5,34,6,45,0,1,103,4,108,0,6,137,10,153,100,18,118,271
08/31/2007,LNS,PA,AEA,EN,Federal Contract Tower,0,11,35,2,48,0,0,123,0,123,0,11,158,2,171,104,10,114,285
09/01/2007,LNS,PA,AEA,EN,Federal Contract Tower,0,2,22,0,24,0,5,205,0,210,0,7,227,0,234,74,0,74,308
09/02/2007,LNS,PA,AEA,EN,Federal Contract Tower,0,5,32,0,37,0,3,197,0,200,0,8,229,0,237,144,0,144,381
09/03/2007,LNS,PA,AEA,EN,Federal Contract Tower,0,9,27,0,36,0,0,143,0,143,0,9,170,0,179,76,0,76,255
09/04/2007,LNS,PA,AEA,EN,Federal Contract Tower,0,16,27,1,44,0,5,159,5,169,0,21,186,6,213,74,24,98,311
09/05/2007,LNS,PA,AEA,EN,Federal Contract Tower,0,14,34,5,53,0,3,157,5,165,0,17,191,10,218,182,44,226,444
09/06/2007,LNS,PA,AEA,EN,Federal Contract Tower,0,14,58,4,76,0,0,91,2,93,0,14,149,6,169,107,2,109,278
09/07/2007,LNS,PA,AEA,EN,Federal Contract Tower,0,13,45,4,62,0,7,170,6,183,0,20,215,10,245,156,30,186,431
09/08/2007,LNS,PA,AEA,EN,Federal Contract Tower,0,6,41,0,47,0,4,205,0,209,0,10,246,0,256,202,0,202,458
09/09/2007,LNS,PA,AEA,EN,Federal Contract Tower,0,9,42,0,51,0,0,155,0,155,0,9,197,0,206,80,0,80,286
09/10/2007,LNS,PA,AEA,EN,Federal Contract Tower,0,8,35,6,49,0,1,87,3,91,0,9,122,9,140,146,0,146,286
09/11/2007,LNS,PA,AEA,EN,Federal Contract Tower,0,8,27,2,37,0,0,8,0,8,0,8,35,2,45,4,8,12,57
09/12/2007,LNS,PA,AEA,EN,Federal Contract Tower,0,10,47,2,59,0,1,137,2,140,0,11,184,4,199,78,2,80,279
09/13/2007,LNS,PA,AEA,EN,Federal Contract Tower,0,9,35,6,50,0,0,221,1,222,0,9,256,7,272,233,0,233,505
09/14/2007,LNS,PA,AEA,EN,Federal Contract Tower,0,6,50,2,58,0,0,113,4,117,0,6,163,6,175,120,12,132,307
09/15/2007,LNS,PA,AEA,EN,Federal Contract Tower,0,2,12,0,14,0,1,78,0,79,0,3,90,0,93,64,2,66,159
09/16/2007,LNS,PA,AEA,EN,Federal Contract Tower,0,9,22,0,31,0,0,243,2,245,0,9,265,2,276,190,0,190,466
09/17/2007,LNS,PA,AEA,EN,Federal Contract Tower,0,7,27,3,37,0,5,157,1,163,0,12,184,4,200,182,0,182,382
09/18/2007,LNS,PA,AEA,EN,Federal Contract Tower,0,8,44,9,61,0,1,144,11,156,0,9,188,20,217,152,16,168,385
09/19/2007,LNS,PA,AEA,EN,Federal Contract Tower,0,8,38,2,48,0,1,174,7,182,0,9,212,9,230,108,24,132,362
09/20/2007,LNS,PA,AEA,EN,Federal Contract Tower,0,11,38,0,49,0,0,172,6,178,0,11,210,6,227,146,34,180,407
09/21/2007,LNS,PA,AEA,EN,Federal Contract Tower,0,6,46,2,54,0,1,173,4,178,0,7,219,6,232,130,18,148,380
09/22/2007,LNS,PA,AEA,EN,Federal Contract Tower,0,3,49,0,52,0,1,94,0,95,0,4,143,0,147,148,0,148,295
09/23/2007,LNS,PA,AEA,EN,Federal Contract Tower,0,7,30,0,37,0,1,235,0,236,0,8,265,0,273,138,0,138,411
09/24/2007,LNS,PA,AEA,EN,Federal Contract Tower,0,8,33,3,44,0,5,167,3,175,0,13,200,6,219,178,4,182,401
09/25/2007,LNS,PA,AEA,EN,Federal Contract Tower,0,11,23,1,35,0,5,158,3,166,0,16,181,4,201,66,10,76,277
09/26/2007,LNS,PA,AEA,EN,Federal Contract Tower,0,7,38,3,48,0,3,125,8,136,0,10,163,11,184,156,2,158,342
09/27/2007,LNS,PA,AEA,EN,Federal Contract Tower,0,15,45,6,66,0,0,46,4,50,0,15,91,10,116,78,10,88,204
09/28/2007,LNS,PA,AEA,EN,Federal Contract Tower,0,8,62,0,70,0,0,81,0,81,0,8,143,0,151,104,0,104,255
09/29/2007,LNS,PA,AEA,EN,Federal Contract Tower,0,5,21,0,26,0,1,0,6,7,0,6,21,6,33,38,0,38,71
09/30/2007,LNS,PA,AEA,EN,Federal Contract Tower,0,4,26,2,32,0,0,238,0,238,0,4,264,2,270,108,8,116,386
10/01/2007,LNS,PA,AEA,EN,Federal Contract Tower,0,3,31,4,38,0,2,152,3,157,0,5,183,7,195,128,2,130,325
10/02/2007,LNS,PA,AEA,EN,Federal Contract Tower,0,7,26,6,39,0,8,144,5,157,0,15,170,11,196,22,0,22,218
10/03/2007,LNS,PA,AEA,EN,Federal Contract Tower,0,1,28,10,39,0,0,37,4,41,0,1,65,14,80,84,6,90,170
10/04/2007,LNS,PA,AEA,EN,Federal Contract Tower,0,6,42,2,50,0,0,93,0,93,0,6,135,2,143,94,2,96,239
10/05/2007,LNS,PA,AEA,EN,Federal Contract Tower,0,13,60,4,77,0,0,44,2,46,0,13,104,6,123,56,6,62,185
10/06/2007,LNS,PA,AEA,EN,Federal Contract Tower,0,1,46,0,47,0,0,54,0,54,0,1,100,0,101,82,0,82,183
10/07/2007,LNS,PA,AEA,EN,Federal Contract Tower,0,5,23,2,30,0,0,123,0,123,0,5,146,2,153,62,0,62,215
10/08/2007,LNS,PA,AEA,EN,Federal Contract Tower,0,1,48,0,49,0,2,119,0,121,0,3,167,0,170,110,0,110,280
10/09/2007,LNS,PA,AEA,EN,Federal Contract Tower,0,4,21,2,27,0,5,107,0,112,0,9,128,2,139,62,0,62,201
10/10/2007,LNS,PA,AEA,EN,Federal Contract Tower,0,5,30,5,40,0,2,127,5,134,0,7,157,10,174,112,2,114,288
10/11/2007,LNS,PA,AEA,EN,Federal Contract Tower,0,1,32,3,36,0,2,25,5,32,0,3,57,8,68,42,4,46,114
10/12/2007,LNS,PA,AEA,EN,Federal Contract Tower,0,4,39,0,43,0,3,54,2,59,0,7,93,2,102,48,4,52,154
10/13/2007,LNS,PA,AEA,EN,Federal Contract Tower,0,0,30,0,30,0,0,219,2,221,0,0,249,2,251,184,0,184,435
10/14/2007,LNS,PA,AEA,EN,Federal Contract Tower,0,0,33,0,33,0,0,205,0,205,0,0,238,0,238,138,0,138,376
10/15/2007,LNS,PA,AEA,EN,Federal Contract Tower,0,1,30,0,31,0,1,140,0,141,0,2,170,0,172,160,0,160,332
10/16/2007,LNS,PA,AEA,EN,Federal Contract Tower,0,6,30,3,39,0,4,149,3,156,0,10,179,6,195,126,12,138,333
10/17/2007,LNS,PA,AEA,EN,Federal Contract Tower,0,6,48,5,59,0,2,58,5,65,0,8,106,10,124,84,18,102,226
10/18/2007,LNS,PA,AEA,EN,Federal Contract Tower,0,7,42,1,50,0,0,73,1,74,0,7,115,2,124,12,0,12,136
10/19/2007,LNS,PA,AEA,EN,Federal Contract Tower,0,9,30,0,39,0,0,10,0,10,0,9,40,0,49,0,0,0,49
10/20/2007,LNS,PA,AEA,EN,Federal Contract Tower,1,5,43,0,49,0,0,141,0,141,1,5,184,0,190,162,0,162,352
10/21/2007,LNS,PA,AEA,EN,Federal Contract Tower,0,1,37,0,38,0,0,252,0,252,0,1,289,0,290,100,0,100,390
10/22/2007,LNS,PA,AEA,EN,Federal Contract Tower,0,1,23,0,24,0,1,148,4,153,0,2,171,4,177,200,6,206,383
10/23/2007,LNS,PA,AEA,EN,Federal Contract Tower,0,7,19,2,28,0,2,19,0,21,0,9,38,2,49,36,16,52,101
10/24/2007,LNS,PA,AEA,EN,Federal Contract Tower,0,11,32,2,45,0,0,8,0,8,0,11,40,2,53,32,0,32,85
10/25/2007,LNS,PA,AEA,EN,Federal Contract Tower,0,2,47,1,50,0,0,26,4,30,0,2,73,5,80,44,18,62,142
10/26/2007,LNS,PA,AEA,EN,Federal Contract Tower,0,10,42,2,54,0,0,13,0,13,0,10,55,2,67,6,0,6,73
10/27/2007,LNS,PA,AEA,EN,Federal Contract Tower,0,3,29,0,32,0,0,31,0,31,0,3,60,0,63,48,0,48,111
10/28/2007,LNS,PA,AEA,EN,Federal Contract Tower,0,4,24,0,28,0,1,223,0,224,0,5,247,0,252,84,0,84,336
10/29/2007,LNS,PA,AEA,EN,Federal Contract Tower,0,5,38,2,45,0,0,181,0,181,0,5,219,2,226,114,0,114,340
10/30/2007,LNS,PA,AEA,EN,Federal Contract Tower,0,3,33,2,38,0,4,219,0,223,0,7,252,2,261,100,18,118,379
10/31/2007,LNS,PA,AEA,EN,Federal Contract Tower,0,3,34,6,43,0,5,200,4,209,0,8,234,10,252,62,8,70,322
11/01/2007,LNS,PA,AEA,EN,Federal Contract Tower,0,8,63,8,79,0,4,86,7,97,0,12,149,15,176,64,36,100,276
11/02/2007,LNS,PA,AEA,EN,Federal Contract Tower,0,9,44,1,54,0,2,181,6,189,0,11,225,7,243,158,54,212,455
11/03/2007,LNS,PA,AEA,EN,Federal Contract Tower,0,2,23,1,26,0,1,133,0,134,0,3,156,1,160,132,0,132,292
11/04/2007,LNS,PA,AEA,EN,Federal Contract Tower,1,4,43,0,48,0,4,299,6,309,1,8,342,6,357,122,0,122,479
11/05/2007,LNS,PA,AEA,EN,Federal Contract Tower,0,1,37,0,38,0,1,151,0,152,0,2,188,0,190,84,0,84,274
11/06/2007,LNS,PA,AEA,EN,Federal Contract Tower,0,3,16,1,20,0,0,54,2,56,0,3,70,3,76,106,20,126,202
11/07/2007,LNS,PA,AEA,EN,Federal Contract Tower,0,1,21,0,22,0,1,79,2,82,0,2,100,2,104,48,0,48,152
11/08/2007,LNS,PA,AEA,EN,Federal Contract Tower,0,8,39,1,48,0,2,139,2,143,0,10,178,3,191,123,1,124,315
11/09/2007,LNS,PA,AEA,EN,Federal Contract Tower,0,0,6,0,6,0,10,88,2,100,0,10,94,2,106,58,0,58,164
11/10/2007,LNS,PA,AEA,EN,Federal Contract Tower,0,2,21,0,23,0,3,25,0,28,0,5,46,0,51,156,0,156,207
11/11/2007,LNS,PA,AEA,EN,Federal Contract Tower,0,0,42,0,42,0,2,310,2,314,0,2,352,2,356,158,0,158,514
11/12/2007,LNS,PA,AEA,EN,Federal Contract Tower,0,2,45,0,47,0,0,27,0,27,0,2,72,0,74,80,0,80,154
11/13/2007,LNS,PA,AEA,EN,Federal Contract Tower,0,10,26,7,43,0,0,45,1,46,0,10,71,8,89,56,2,58,147
11/14/2007,LNS,PA,AEA,EN,Federal Contract Tower,0,5,41,1,47,0,0,4,1,5,0,5,45,2,52,14,0,14,66
11/15/2007,LNS,PA,AEA,EN,Federal Contract Tower,0,10,30,1,41,0,0,21,3,24,0,10,51,4,65,78,0,78,143
11/16/2007,LNS,PA,AEA,EN,Federal Contract Tower,0,4,35,9,48,0,1,76,6,83,0,5,111,15,131,72,50,122,253
11/17/2007,LNS,PA,AEA,EN,Federal Contract Tower,0,0,26,0,26,0,1,176,0,177,0,1,202,0,203,150,0,150,353
11/18/2007,LNS,PA,AEA,EN,Federal Contract Tower,0,3,12,0,15,0,0,5,0,5,0,3,17,0,20,0,0,0,20
11/19/2007,LNS,PA,AEA,EN,Federal Contract Tower,0,5,32,0,37,0,1,1,0,2,0,6,33,0,39,36,2,38,77
11/20/2007,LNS,PA,AEA,EN,Federal Contract Tower,0,3,41,0,44,0,0,1,0,1,0,3,42,0,45,0,0,0,45
11/21/2007,LNS,PA,AEA,EN,Federal Contract Tower,0,2,63,2,67,0,0,101,6,107,0,2,164,8,174,124,10,134,308
11/22/2007,LNS,PA,AEA,EN,Federal Contract Tower,0,4,8,0,12,0,0,26,0,26,0,4,34,0,38,120,0,120,158
11/23/2007,LNS,PA,AEA,EN,Federal Contract Tower,0,2,23,0,25,0,0,116,0,116,0,2,139,0,141,112,0,112,253
11/24/2007,LNS,PA,AEA,EN,Federal Contract Tower,0,2,32,0,34,0,0,200,0,200,0,2,232,0,234,270,0,270,504
11/25/2007,LNS,PA,AEA,EN,Federal Contract Tower,1,6,34,0,41,0,5,225,0,230,1,11,259,0,271,72,0,72,343
11/26/2007,LNS,PA,AEA,EN,Federal Contract Tower,0,7,7,0,14,0,0,0,0,0,0,7,7,0,14,6,0,6,20
11/27/2007,LNS,PA,AEA,EN,Federal Contract Tower,0,1,24,6,31,0,0,36,5,41,0,1,60,11,72,40,28,68,140
11/28/2007,LNS,PA,AEA,EN,Federal Contract Tower,0,3,46,12,61,0,0,185,4,189,0,3,231,16,250,140,32,172,422
11/29/2007,LNS,PA,AEA,EN,Federal Contract Tower,0,3,30,6,39,0,5,81,6,92,0,8,111,12,131,86,0,86,217
11/30/2007,LNS,PA,AEA,EN,Federal Contract Tower,0,6,37,3,46,0,2,160,27,189,0,8,197,30,235,236,0,236,471
12/01/2007,LNS,PA,AEA,EN,Federal Contract Tower,0,1,30,0,31,0,2,174,0,176,0,3,204,0,207,320,0,320,527
12/02/2007,LNS,PA,AEA,EN,Federal Contract Tower,0,0,7,0,7,0,0,1,0,1,0,0,8,0,8,0,0,0,8
12/03/2007,LNS,PA,AEA,EN,Federal Contract Tower,0,2,8,4,14,0,0,6,5,11,0,2,14,9,25,0,14,14,39
12/04/2007,LNS,PA,AEA,EN,Federal Contract Tower,0,5,6,1,12,0,0,11,1,12,0,5,17,2,24,2,48,50,74
12/05/2007,LNS,PA,AEA,EN,Federal Contract Tower,0,0,12,0,12,0,0,22,0,22,0,0,34,0,34,74,0,74,108
12/06/2007,LNS,PA,AEA,EN,Federal Contract Tower,0,1,16,3,20,0,0,106,5,111,0,1,122,8,131,54,26,80,211
12/07/2007,LNS,PA,AEA,EN,Federal Contract Tower,0,11,18,0,29,0,0,29,0,29,0,11,47,0,58,60,0,60,118
12/08/2007,LNS,PA,AEA,EN,Federal Contract Tower,0,1,34,0,35,0,0,79,0,79,0,1,113,0,114,136,0,136,250
12/09/2007,LNS,PA,AEA,EN,Federal Contract Tower,0,1,10,0,11,0,0,2,0,2,0,1,12,0,13,30,0,30,43
12/10/2007,LNS,PA,AEA,EN,Federal Contract Tower,0,0,29,0,29,0,0,7,0,7,0,0,36,0,36,10,0,10,46
12/11/2007,LNS,PA,AEA,EN,Federal Contract Tower,0,2,27,0,29,0,0,0,0,0,0,2,27,0,29,0,0,0,29
12/12/2007,LNS,PA,AEA,EN,Federal Contract Tower,0,3,17,0,20,0,2,86,0,88,0,5,103,0,108,92,2,94,202
12/13/2007,LNS,PA,AEA,EN,Federal Contract Tower,0,3,2,0,5,0,0,1,0,1,0,3,3,0,6,0,0,0,6
12/14/2007,LNS,PA,AEA,EN,Federal Contract Tower,0,2,38,0,40,0,2,156,0,158,0,4,194,0,198,72,0,72,270
12/15/2007,LNS,PA,AEA,EN,Federal Contract Tower,0,1,16,0,17,0,1,188,0,189,0,2,204,0,206,156,0,156,362
12/16/2007,LNS,PA,AEA,EN,Federal Contract Tower,0,1,4,0,5,0,0,0,0,0,0,1,4,0,5,0,0,0,5
12/17/2007,LNS,PA,AEA,EN,Federal Contract Tower,0,1,12,0,13,0,0,14,0,14,0,1,26,0,27,2,0,2,29
12/18/2007,LNS,PA,AEA,EN,Federal Contract Tower,0,2,44,5,51,0,4,192,9,205,0,6,236,14,256,182,12,194,450
12/19/2007,LNS,PA,AEA,EN,Federal Contract Tower,0,2,26,1,29,0,2,89,2,93,0,4,115,3,122,134,4,138,260
12/20/2007,LNS,PA,AEA,EN,Federal Contract Tower,0,4,39,4,47,0,0,194,0,194,0,4,233,4,241,182,14,196,437
12/21/2007,LNS,PA,AEA,EN,Federal Contract Tower,0,0,34,0,34,0,1,42,2,45,0,1,76,2,79,48,0,48,127
12/22/2007,LNS,PA,AEA,EN,Federal Contract Tower,0,1,48,0,49,0,0,13,0,13,0,1,61,0,62,96,0,96,158
12/23/2007,LNS,PA,AEA,EN,Federal Contract Tower,0,1,2,0,3,0,4,0,0,4,0,5,2,0,7,0,0,0,7
12/24/2007,LNS,PA,AEA,EN,Federal Contract Tower,0,1,10,0,11,0,1,72,0,73,0,2,82,0,84,70,0,70,154
12/25/2007,LNS,PA,AEA,EN,Federal Contract Tower,0,2,3,0,5,0,0,36,0,36,0,2,39,0,41,22,0,22,63
12/26/2007,LNS,PA,AEA,EN,Federal Contract Tower,0,8,20,1,29,0,1,87,6,94,0,9,107,7,123,36,0,36,159
12/27/2007,LNS,PA,AEA,EN,Federal Contract Tower,0,6,43,0,49,0,6,11,2,19,0,12,54,2,68,68,0,68,136
12/28/2007,LNS,PA,AEA,EN,Federal Contract Tower,0,0,50,0,50,0,0,177,0,177,0,0,227,0,227,42,2,44,271
12/29/2007,LNS,PA,AEA,EN,Federal Contract Tower,0,2,25,0,27,0,1,125,0,126,0,3,150,0,153,152,0,152,305
12/30/2007,LNS,PA,AEA,EN,Federal Contract Tower,0,5,26,0,31,0,0,87,0,87,0,5,113,0,118,102,0,102,220
12/31/2007,LNS,PA,AEA,EN,Federal Contract Tower,0,2,16,0,18,0,2,66,0,68,0,4,82,0,86,54,0,54,140
01/01/2008,LNS,PA,AEA,EN,Federal Contract Tower,0,2,5,0,7,0,0,16,0,16,0,2,21,0,23,6,0,6,29
01/02/2008,LNS,PA,AEA,EN,Federal Contract Tower,0,5,5,2,12,0,0,29,8,37,0,5,34,10,49,0,0,0,49
01/03/2008,LNS,PA,AEA,EN,Federal Contract Tower,0,7,25,4,36,0,0,71,1,72,0,7,96,5,108,66,0,66,174
01/04/2008,LNS,PA,AEA,EN,Federal Contract Tower,0,3,30,0,33,0,2,174,0,176,0,5,204,0,209,116,0,116,325
01/05/2008,LNS,PA,AEA,EN,Federal Contract Tower,0,0,38,3,41,0,0,185,1,186,0,0,223,4,227,192,0,192,419
01/06/2008,LNS,PA,AEA,EN,Federal Contract Tower,0,2,29,0,31,0,1,150,0,151,0,3,179,0,182,60,8,68,250
01/07/2008,LNS,PA,AEA,EN,Federal Contract Tower,0,3,28,0,31,0,1,174,0,175,0,4,202,0,206,70,0,70,276
01/08/2008,LNS,PA,AEA,EN,Federal Contract Tower,0,1,28,3,32,0,1,135,0,136,0,2,163,3,168,190,0,190,358
01/09/2008,LNS,PA,AEA,EN,Federal Contract Tower,0,0,14,0,14,0,0,5,0,5,0,0,19,0,19,0,0,0,19
01/10/2008,LNS,PA,AEA,EN,Federal Contract Tower,0,3,49,2,54,0,0,168,0,168,0,3,217,2,222,176,6,182,404
01/11/2008,LNS,PA,AEA,EN,Federal Contract Tower,0,4,33,0,37,0,4,17,0,21,0,8,50,0,58,10,0,10,68
01/12/2008,LNS,PA,AEA,EN,Federal Contract Tower,0,1,77,0,78,0,3,257,0,260,0,4,334,0,338,228,0,228,566
01/13/2008,LNS,PA,AEA,EN,Federal Contract Tower,0,3,28,0,31,0,0,183,0,183,0,3,211,0,214,102,0,102,316
01/14/2008,LNS,PA,AEA,EN,Federal Contract Tower,0,3,13,0,16,0,0,3,2,5,0,3,16,2,21,4,0,4,25
01/15/2008,LNS,PA,AEA,EN,Federal Contract Tower,0,1,26,5,32,0,5,58,9,72,0,6,84,14,104,24,62,86,190
01/16/2008,LNS,PA,AEA,EN,Federal Contract Tower,0,4,21,0,25,0,2,148,6,156,0,6,169,6,181,90,2,92,273
01/17/2008,LNS,PA,AEA,EN,Federal Contract Tower,0,2,22,0,24,0,4,17,6,27,0,6,39,6,51,54,34,88,139
01/18/2008,LNS,PA,AEA,EN,Federal Contract Tower,0,5,27,4,36,0,0,76,0,76,0,5,103,4,112,166,0,166,278
01/19/2008,LNS,PA,AEA,EN,Federal Contract Tower,0,0,20,0,20,0,0,154,0,154,0,0,174,0,174,108,0,108,282
01/20/2008,LNS,PA,AEA,EN,Federal Contract Tower,0,1,14,0,15,0,0,49,0,49,0,1,63,0,64,24,0,24,88
01/21/2008,LNS,PA,AEA,EN,Federal Contract Tower,0,1,26,0,27,0,4,99,0,103,0,5,125,0,130,94,0,94,224
01/22/2008,LNS,PA,AEA,EN,Federal Contract Tower,0,4,10,4,18,0,4,20,4,28,0,8,30,8,46,86,0,86,132
01/23/2008,LNS,PA,AEA,EN,Federal Contract Tower,0,8,7,0,15,0,0,168,19,187,0,8,175,19,202,130,52,182,384
01/24/2008,LNS,PA,AEA,EN,Federal Contract Tower,0,3,23,6,32,0,5,76,4,85,0,8,99,10,117,66,8,74,191
01/25/2008,LNS,PA,AEA,EN,Federal Contract Tower,0,5,31,2,38,0,14,124,4,142,0,19,155,6,180,156,0,156,336
01/26/2008,LNS,PA,AEA,EN,Federal Contract Tower,0,3,32,0,35,0,13,155,3,171,0,16,187,3,206,138,0,138,344
01/27/2008,LNS,PA,AEA,EN,Federal Contract Tower,0,0,37,0,37,0,1,135,0,136,0,1,172,0,173,138,0,138,311
01/28/2008,LNS,PA,AEA,EN,Federal Contract Tower,0,1,18,4,23,0,2,112,2,116,0,3,130,6,139,108,0,108,247
01/29/2008,LNS,PA,AEA,EN,Federal Contract Tower,0,4,20,0,24,0,0,10,0,10,0,4,30,0,34,44,0,44,78
01/30/2008,LNS,PA,AEA,EN,Federal Contract Tower,0,10,7,6,23,0,1,16,4,21,0,11,23,10,44,28,40,68,112
01/31/2008,LNS,PA,AEA,EN,Federal Contract Tower,0,9,36,3,48,0,0,183,14,197,0,9,219,17,245,136,8,144,389
02/01/2008,LNS,PA,AEA,EN,Federal Contract Tower,0,6,4,0,10,0,0,0,0,0,0,6,4,0,10,58,4,62,72
02/02/2008,LNS,PA,AEA,EN,Federal Contract Tower,0,1,32,1,34,0,2,180,3,185,0,3,212,4,219,300,0,300,519
02/03/2008,LNS,PA,AEA,EN,Federal Contract Tower,0,2,60,0,62,0,6,165,3,174,0,8,225,3,236,82,0,82,318
02/04/2008,LNS,PA,AEA,EN,Federal Contract Tower,0,2,14,0,16,0,0,26,0,26,0,2,40,0,42,92,2,94,136
02/05/2008,LNS,PA,AEA,EN,Federal Contract Tower,0,6,19,0,25,0,0,3,0,3,0,6,22,0,28,10,0,10,38
02/06/2008,LNS,PA,AEA,EN,Federal Contract Tower,0,2,16,7,25,0,0,37,5,42,0,2,53,12,67,68,18,86,153
02/07/2008,LNS,PA,AEA,EN,Federal Contract Tower,0,6,41,7,54,0,4,80,5,89,0,10,121,12,143,106,26,132,275
02/08/2008,LNS,PA,AEA,EN,Federal Contract Tower,0,4,40,6,50,0,3,181,9,193,0,7,221,15,243,274,78,352,595
02/09/2008,LNS,PA,AEA,EN,Federal Contract Tower,0,0,1,0,1,0,1,42,8,51,0,1,43,8,52,114,16,130,182
02/10/2008,LNS,PA,AEA,EN,Federal Contract Tower,0,0,7,1,8,0,6,12,1,19,0,6,19,2,27,0,0,0,27
02/11/2008,LNS,PA,AEA,EN,Federal Contract Tower,0,5,21,2,28,0,3,75,0,78,0,8,96,2,106,134,48,182,288
02/12/2008,LNS,PA,AEA,EN,Federal Contract Tower,0,1,14,0,15,0,0,4,2,6,0,1,18,2,21,48,4,52,73
02/13/2008,LNS,PA,AEA,EN,Federal Contract Tower,0,10,8,0,18,0,0,0,0,0,0,10,8,0,18,0,0,0,18
02/14/2008,LNS,PA,AEA,EN,Federal Contract Tower,0,4,41,0,45,0,2,127,2,131,0,6,168,2,176,36,0,36,212
02/15/2008,LNS,PA,AEA,EN,Federal Contract Tower,0,6,44,2,52,0,1,126,10,137,0,7,170,12,189,198,4,202,391
02/16/2008,LNS,PA,AEA,EN,Federal Contract Tower,0,0,31,0,31,0,0,280,0,280,0,0,311,0,311,174,0,174,485
02/17/2008,LNS,PA,AEA,EN,Federal Contract Tower,0,0,9,0,9,0,4,36,0,40,0,4,45,0,49,14,0,14,63
02/18/2008,LNS,PA,AEA,EN,Federal Contract Tower,0,2,17,2,21,0,0,18,0,18,0,2,35,2,39,50,0,50,89
02/19/2008,LNS,PA,AEA,EN,Federal Contract Tower,0,0,17,8,25,0,0,52,3,55,0,0,69,11,80,28,18,46,126
02/20/2008,LNS,PA,AEA,EN,Federal Contract Tower,0,2,13,0,15,0,0,34,0,34,0,2,47,0,49,58,28,86,135
02/21/2008,LNS,PA,AEA,EN,Federal Contract Tower,0,4,36,6,46,0,4,166,4,174,0,8,202,10,220,114,36,150,370
02/22/2008,LNS,PA,AEA,EN,Federal Contract Tower,0,2,6,0,8,0,0,4,0,4,0,2,10,0,12,0,0,0,12
02/23/2008,LNS,PA,AEA,EN,Federal Contract Tower,0,3,15,0,18,0,1,10,0,11,0,4,25,0,29,156,0,156,185
02/24/2008,LNS,PA,AEA,EN,Federal Contract Tower,1,4,53,0,58,0,3,246,2,251,1,7,299,2,309,132,0,132,441
02/25/2008,LNS,PA,AEA,EN,Federal Contract Tower,0,6,38,10,54,0,6,186,0,192,0,12,224,10,246,134,16,150,396
02/26/2008,LNS,PA,AEA,EN,Federal Contract Tower,0,2,9,0,11,0,0,0,0,0,0,2,9,0,11,0,0,0,11
02/27/2008,LNS,PA,AEA,EN,Federal Contract Tower,0,1,13,11,25,0,4,31,4,39,0,5,44,15,64,30,52,82,146
02/28/2008,LNS,PA,AEA,EN,Federal Contract Tower,0,4,20,0,24,0,3,95,2,100,0,7,115,2,124,116,0,116,240
02/29/2008,LNS,PA,AEA,EN,Federal Contract Tower,0,6,42,2,50,0,1,92,10,103,0,7,134,12,153,123,0,123,276
03/01/2008,LNS,PA,AEA,EN,Federal Contract Tower,0,3,8,0,11,0,6,43,0,49,0,9,51,0,60,188,0,188,248
03/02/2008,LNS,PA,AEA,EN,Federal Contract Tower,1,0,37,2,40,0,0,301,2,303,1,0,338,4,343,216,0,216,559
03/03/2008,LNS,PA,AEA,EN,Federal Contract Tower,0,1,27,2,30,0,14,129,1,144,0,15,156,3,174,144,0,144,318
03/04/2008,LNS,PA,AEA,EN,Federal Contract Tower,0,1,21,0,22,0,0,15,0,15,0,1,36,0,37,0,16,16,53
03/05/2008,LNS,PA,AEA,EN,Federal Contract Tower,0,1,13,2,16,0,4,19,3,26,0,5,32,5,42,60,0,60,102
03/06/2008,LNS,PA,AEA,EN,Federal Contract Tower,0,7,41,6,54,0,4,182,8,194,0,11,223,14,248,182,4,186,434
03/07/2008,LNS,PA,AEA,EN,Federal Contract Tower,0,7,12,8,27,0,0,29,7,36,0,7,41,15,63,50,32,82,145
03/08/2008,LNS,PA,AEA,EN,Federal Contract Tower,0,3,5,0,8,0,0,2,0,2,0,3,7,0,10,0,0,0,10
03/09/2008,LNS,PA,AEA,EN,Federal Contract Tower,0,6,8,0,14,0,6,47,0,53,0,12,55,0,67,46,0,46,113
03/10/2008,LNS,PA,AEA,EN,Federal Contract Tower,0,3,45,0,48,0,4,143,2,149,0,7,188,2,197,156,0,156,353
03/11/2008,LNS,PA,AEA,EN,Federal Contract Tower,0,7,34,1,42,0,0,181,5,186,0,7,215,6,228,140,16,156,384
03/12/2008,LNS,PA,AEA,EN,Federal Contract Tower,0,3,20,6,29,0,1,59,0,60,0,4,79,6,89,56,20,76,165
03/13/2008,LNS,PA,AEA,EN,Federal Contract Tower,0,1,21,5,27,0,10,166,0,176,0,11,187,5,203,100,54,154,357
03/14/2008,LNS,PA,AEA,EN,Federal Contract Tower,0,6,33,5,44,0,1,103,7,111,0,7,136,12,155,96,28,124,279
03/15/2008,LNS,PA,AEA,EN,Federal Contract Tower,0,4,31,2,37,0,3,139,3,145,0,7,170,5,182,160,12,172,354
03/16/2008,LNS,PA,AEA,EN,Federal Contract Tower,0,1,29,2,32,0,0,45,2,47,0,1,74,4,79,42,0,42,121
03/17/2008,LNS,PA,AEA,EN,Federal Contract Tower,0,1,31,1,33,0,6,143,3,152,0,7,174,4,185,190,28,218,403
03/18/2008,LNS,PA,AEA,EN,Federal Contract Tower,0,2,21,11,34,0,0,61,3,64,0,2,82,14,98,152,0,152,250
03/19/2008,LNS,PA,AEA,EN,Federal Contract Tower,0,6,9,0,15,0,2,0,0,2,0,8,9,0,17,0,0,0,17
03/20/2008,LNS,PA,AEA,EN,Federal Contract Tower,0,6,31,1,38,0,0,31,1,32,0,6,62,2,70,38,16,54,124
03/21/2008,LNS,PA,AEA,EN,Federal Contract Tower,0,9,32,3,44,0,4,130,3,137,0,13,162,6,181,130,24,154,335
03/22/2008,LNS,PA,AEA,EN,Federal Contract Tower,0,1,18,0,19,0,1,71,0,72,0,2,89,0,91,138,0,138,229
03/23/2008,LNS,PA,AEA,EN,Federal Contract Tower,0,4,25,0,29,0,2,137,0,139,0,6,162,0,168,82,0,82,250
03/24/2008,LNS,PA,AEA,EN,Federal Contract Tower,0,5,28,1,34,0,4,170,3,177,0,9,198,4,211,138,0,138,349
03/25/2008,LNS,PA,AEA,EN,Federal Contract Tower,0,6,17,1,24,0,6,170,1,177,0,12,187,2,201,140,2,142,343
03/26/2008,LNS,PA,AEA,EN,Federal Contract Tower,0,6,23,4,33,0,6,127,2,135,0,12,150,6,168,94,2,96,264
03/27/2008,LNS,PA,AEA,EN,Federal Contract Tower,0,4,21,2,27,0,3,44,14,61,0,7,65,16,88,144,0,144,232
03/28/2008,LNS,PA,AEA,EN,Federal Contract Tower,0,4,33,4,41,0,0,31,14,45,0,4,64,18,86,120,4,124,210
03/29/2008,LNS,PA,AEA,EN,Federal Contract Tower,0,3,44,0,47,0,5,182,0,187,0,8,226,0,234,278,0,278,512
03/30/2008,LNS,PA,AEA,EN,Federal Contract Tower,1,3,47,2,53,0,6,252,0,258,1,9,299,2,311,104,10,114,425
03/31/2008,LNS,PA,AEA,EN,Federal Contract Tower,0,7,25,1,33,0,0,4,1,5,0,7,29,2,38,8,0,8,46
04/01/2008,LNS,PA,AEA,EN,Federal Contract Tower,0,3,16,1,20,0,6,10,1,17,0,9,26,2,37,18,0,18,55
04/02/2008,LNS,PA,AEA,EN,Federal Contract Tower,0,1,36,3,40,0,1,122,3,126,0,2,158,6,166,128,4,132,298
04/03/2008,LNS,PA,AEA,EN,Federal Contract Tower,0,4,42,3,49,0,6,155,17,178,0,10,197,20,227,118,28,146,373
04/04/2008,LNS,PA,AEA,EN,Federal Contract Tower,0,4,22,0,26,0,4,6,0,10,0,8,28,0,36,0,0,0,36
04/05/2008,LNS,PA,AEA,EN,Federal Contract Tower,0,1,37,0,38,0,1,107,0,108,0,2,144,0,146,144,0,144,290
04/06/2008,LNS,PA,AEA,EN,Federal Contract Tower,0,4,42,4,50,0,3,64,0,67,0,7,106,4,117,122,0,122,239
04/07/2008,LNS,PA,AEA,EN,Federal Contract Tower,0,1,54,7,62,0,0,27,6,33,0,1,81,13,95,110,20,130,225
04/08/2008,LNS,PA,AEA,EN,Federal Contract Tower,0,3,51,8,62,0,2,93,16,111,0,5,144,24,173,182,58,240,413
04/09/2008,LNS,PA,AEA,EN,Federal Contract Tower,0,2,63,10,75,0,6,47,4,57,0,8,110,14,132,86,8,94,226
04/10/2008,LNS,PA,AEA,EN,Federal Contract Tower,0,4,48,6,58,0,2,175,0,177,0,6,223,6,235,163,10,173,408
04/11/2008,LNS,PA,AEA,EN,Federal Contract Tower,0,4,57,6,67,0,3,65,0,68,0,7,122,6,135,180,26,206,341
04/12/2008,LNS,PA,AEA,EN,Federal Contract Tower,0,3,25,1,29,0,0,82,2,84,0,3,107,3,113,100,2,102,215
04/13/2008,LNS,PA,AEA,EN,Federal Contract Tower,0,8,32,0,40,0,0,117,0,117,0,8,149,0,157,164,0,164,321
04/14/2008,LNS,PA,AEA,EN,Federal Contract Tower,0,2,29,0,31,0,3,141,4,148,0,5,170,4,179,72,0,72,251
04/15/2008,LNS,PA,AEA,EN,Federal Contract Tower,0,2,25,5,32,0,4,151,3,158,0,6,176,8,190,210,8,218,408
04/16/2008,LNS,PA,AEA,EN,Federal Contract Tower,0,4,42,0,46,0,3,233,0,236,0,7,275,0,282,156,0,156,438
04/17/2008,LNS,PA,AEA,EN,Federal Contract Tower,0,6,51,4,61,0,3,264,7,274,0,9,315,11,335,324,0,324,659
04/18/2008,LNS,PA,AEA,EN,Federal Contract Tower,0,2,69,6,77,0,0,212,4,216,0,2,281,10,293,180,14,194,487
04/19/2008,LNS,PA,AEA,EN,Federal Contract Tower,2,0,37,0,39,0,4,248,2,254,2,4,285,2,293,110,0,110,403
04/20/2008,LNS,PA,AEA,EN,Federal Contract Tower,0,0,16,1,17,0,2,13,0,15,0,2,29,1,32,4,0,4,36
04/21/2008,LNS,PA,AEA,EN,Federal Contract Tower,0,3,48,4,55,0,5,26,4,35,0,8,74,8,90,28,0,28,118
04/22/2008,LNS,PA,AEA,EN,Federal Contract Tower,0,2,57,2,61,0,3,129,0,132,0,5,186,2,193,190,0,190,383
04/23/2008,LNS,PA,AEA,EN,Federal Contract Tower,0,1,47,0,48,0,2,152,6,160,0,3,199,6,208,70,22,92,300
04/24/2008,LNS,PA,AEA,EN,Federal Contract Tower,0,1,41,1,43,0,8,204,3,215,0,9,245,4,258,252,50,302,560
04/25/2008,LNS,PA,AEA,EN,Federal Contract Tower,0,17,52,0,69,0,2,169,2,173,0,19,221,2,242,110,0,110,352
04/26/2008,LNS,PA,AEA,EN,Federal Contract Tower,0,2,26,2,30,0,1,56,0,57,0,3,82,2,87,104,4,108,195
04/27/2008,LNS,PA,AEA,EN,Federal Contract Tower,2,9,69,0,80,0,0,43,0,43,2,9,112,0,123,98,0,98,221
04/28/2008,LNS,PA,AEA,EN,Federal Contract Tower,0,5,13,0,18,0,5,2,0,7,0,10,15,0,25,0,0,0,25
04/29/2008,LNS,PA,AEA,EN,Federal Contract Tower,0,4,39,3,46,0,3,90,6,99,0,7,129,9,145,136,56,192,337
04/30/2008,LNS,PA,AEA,EN,Federal Contract Tower,0,2,26,2,30,0,2,168,10,180,0,4,194,12,210,238,36,274,484
05/01/2008,LNS,PA,AEA,EN,Federal Contract Tower,0,3,36,0,39,0,7,87,0,94,0,10,123,0,133,138,0,138,271
05/02/2008,LNS,PA,AEA,EN,Federal Contract Tower,0,4,50,3,57,0,6,104,6,116,0,10,154,9,173,194,6,200,373
05/03/2008,LNS,PA,AEA,EN,Federal Contract Tower,0,1,39,0,40,0,0,0,0,0,0,1,39,0,40,28,0,28,68
05/04/2008,LNS,PA,AEA,EN,Federal Contract Tower,1,2,33,0,36,0,6,100,0,106,1,8,133,0,142,98,0,98,240
05/05/2008,LNS,PA,AEA,EN,Federal Contract Tower,0,6,50,1,57,0,3,180,0,183,0,9,230,1,240,154,2,156,396
05/06/2008,LNS,PA,AEA,EN,Federal Contract Tower,0,3,37,7,47,0,2,158,4,164,0,5,195,11,211,220,12,232,443
05/07/2008,LNS,PA,AEA,EN,Federal Contract Tower,0,3,35,4,42,0,3,142,5,150,0,6,177,9,192,158,0,158,350
05/08/2008,LNS,PA,AEA,EN,Federal Contract Tower,0,6,19,7,32,0,5,53,10,68,0,11,72,17,100,28,2,30,130
05/09/2008,LNS,PA,AEA,EN,Federal Contract Tower,0,6,26,0,32,0,4,3,0,7,0,10,29,0,39,0,0,0,39
05/10/2008,LNS,PA,AEA,EN,Federal Contract Tower,1,1,34,0,36,0,1,128,1,130,1,2,162,1,166,136,0,136,302
05/11/2008,LNS,PA,AEA,EN,Federal Contract Tower,0,2,26,0,28,0,6,69,0,75,0,8,95,0,103,88,0,88,191
05/12/2008,LNS,PA,AEA,EN,Federal Contract Tower,0,1,13,0,14,0,1,1,0,2,0,2,14,0,16,0,0,0,16
05/13/2008,LNS,PA,AEA,EN,Federal Contract Tower,0,5,37,8,50,0,4,158,2,164,0,9,195,10,214,178,14,192,406
05/14/2008,LNS,PA,AEA,EN,Federal Contract Tower,0,4,35,4,43,0,6,202,15,223,0,10,237,19,266,174,16,190,456
05/15/2008,LNS,PA,AEA,EN,Federal Contract Tower,0,8,60,1,69,0,6,141,1,148,0,14,201,2,217,130,0,130,347
05/16/2008,LNS,PA,AEA,EN,Federal Contract Tower,0,11,30,2,43,0,0,0,0,0,0,11,30,2,43,0,6,6,49
05/17/2008,LNS,PA,AEA,EN,Federal Contract Tower,0,2,15,1,18,0,9,94,3,106,0,11,109,4,124,62,12,74,198
05/18/2008,LNS,PA,AEA,EN,Federal Contract Tower,0,0,17,0,17,0,4,40,0,44,0,4,57,0,61,68,0,68,129
05/19/2008,LNS,PA,AEA,EN,Federal Contract Tower,0,3,18,1,22,0,4,65,1,70,0,7,83,2,92,36,0,36,128
05/20/2008,LNS,PA,AEA,EN,Federal Contract Tower,0,0,25,1,26,0,2,14,7,23,0,2,39,8,49,18,8,26,75
05/21/2008,LNS,PA,AEA,EN,Federal Contract Tower,0,1,29,2,32,0,2,71,2,75,0,3,100,4,107,56,0,56,163
05/22/2008,LNS,PA,AEA,EN,Federal Contract Tower,0,1,32,3,36,0,8,68,1,77,0,9,100,4,113,12,8,20,133
05/23/2008,LNS,PA,AEA,EN,Federal Contract Tower,0,8,44,1,53,0,8,213,1,222,0,16,257,2,275,220,0,220,495
05/24/2008,LNS,PA,AEA,EN,Federal Contract Tower,0,0,25,0,25,0,4,191,0,195,0,4,216,0,220,220,0,220,440
05/25/2008,LNS,PA,AEA,EN,Federal Contract Tower,0,1,34,0,35,0,7,462,0,469,0,8,496,0,504,156,0,156,660
05/26/2008,LNS,PA,AEA,EN,Federal Contract Tower,0,5,19,0,24,0,1,147,10,158,0,6,166,10,182,205,0,205,387
05/27/2008,LNS,PA,AEA,EN,Federal Contract Tower,0,2,34,1,37,0,2,26,1,29,0,4,60,2,66,20,2,22,88
05/28/2008,LNS,PA,AEA,EN,Federal Contract Tower,0,5,41,2,48,0,3,147,8,158,0,8,188,10,206,166,2,168,374
05/29/2008,LNS,PA,AEA,EN,Federal Contract Tower,0,4,51,3,58,0,5,195,27,227,0,9,246,30,285,132,0,132,417
05/30/2008,LNS,PA,AEA,EN,Federal Contract Tower,0,14,35,1,50,0,6,243,3,252,0,20,278,4,302,166,0,166,468
05/31/2008,LNS,PA,AEA,EN,Federal Contract Tower,0,2,9,0,11,0,5,21,0,26,0,7,30,0,37,30,0,30,67
06/01/2008,LNS,PA,AEA,EN,Federal Contract Tower,0,5,11,0,16,0,0,120,0,120,0,5,131,0,136,148,0,148,284
06/02/2008,LNS,PA,AEA,EN,Federal Contract Tower,0,8,17,0,25,0,2,151,2,155,0,10,168,2,180,82,4,86,266
06/03/2008,LNS,PA,AEA,EN,Federal Contract Tower,0,3,45,5,53,0,3,152,1,156,0,6,197,6,209,90,14,104,313
06/04/2008,LNS,PA,AEA,EN,Federal Contract Tower,0,2,29,3,34,0,0,1,3,4,0,2,30,6,38,4,0,4,42
06/05/2008,LNS,PA,AEA,EN,Federal Contract Tower,0,5,50,4,59,0,0,42,2,44,0,5,92,6,103,86,6,92,195
06/06/2008,LNS,PA,AEA,EN,Federal Contract Tower,0,5,90,2,97,0,5,122,0,127,0,10,212,2,224,100,0,100,324
06/07/2008,LNS,PA,AEA,EN,Federal Contract Tower,0,4,31,1,36,0,0,67,9,76,0,4,98,10,112,62,0,62,174
06/08/2008,LNS,PA,AEA,EN,Federal Contract Tower,0,2,23,1,26,0,1,134,1,136,0,3,157,2,162,170,0,170,332
06/09/2008,LNS,PA,AEA,EN,Federal Contract Tower,0,5,28,7,40,0,1,114,1,116,0,6,142,8,156,86,30,116,272
06/10/2008,LNS,PA,AEA,EN,Federal Contract Tower,0,0,16,1,17,0,1,68,1,70,0,1,84,2,87,142,0,142,229
06/11/2008,LNS,PA,AEA,EN,Federal Contract Tower,0,0,43,1,44,0,4,148,1,153,0,4,191,2,197,142,12,154,351
06/12/2008,LNS,PA,AEA,EN,Federal Contract Tower,0,3,33,3,39,0,13,197,1,211,0,16,230,4,250,188,2,190,440
06/13/2008,LNS,PA,AEA,EN,Federal Contract Tower,0,4,30,1,35,0,1,152,1,154,0,5,182,2,189,80,16,96,285
06/14/2008,LNS,PA,AEA,EN,Federal Contract Tower,0,1,21,2,24,0,2,96,0,98,0,3,117,2,122,144,0,144,266
06/15/2008,LNS,PA,AEA,EN,Federal Contract Tower,1,6,29,0,36,0,7,142,4,153,1,13,171,4,189,126,0,126,315
06/16/2008,LNS,PA,AEA,EN,Federal Contract Tower,0,4,14,0,18,0,5,61,0,66,0,9,75,0,84,112,0,112,196
06/17/2008,LNS,PA,AEA,EN,Federal Contract Tower,0,5,25,4,34,0,13,93,11,117,0,18,118,15,151,58,38,96,247
06/18/2008,LNS,PA,AEA,EN,Federal Contract Tower,0,3,24,5,32,0,2,111,4,117,0,5,135,9,149,82,0,82,231
06/19/2008,LNS,PA,AEA,EN,Federal Contract Tower,0,2,50,2,54,0,2,174,10,186,0,4,224,12,240,76,8,84,324
06/20/2008,LNS,PA,AEA,EN,Federal Contract Tower,0,6,40,3,49,0,7,163,0,170,0,13,203,3,219,104,16,120,339
06/21/2008,LNS,PA,AEA,EN,Federal Contract Tower,0,1,30,0,31,0,8,311,0,319,0,9,341,0,350,124,0,124,474
06/22/2008,LNS,PA,AEA,EN,Federal Contract Tower,0,4,22,0,26,0,6,104,2,112,0,10,126,2,138,230,0,230,368
06/23/2008,LNS,PA,AEA,EN,Federal Contract Tower,0,4,30,0,34,0,0,67,0,67,0,4,97,0,101,136,0,136,237
06/24/2008,LNS,PA,AEA,EN,Federal Contract Tower,0,5,39,3,47,0,11,130,1,142,0,16,169,4,189,92,0,92,281
06/25/2008,LNS,PA,AEA,EN,Federal Contract Tower,0,3,38,1,42,0,2,210,2,214,0,5,248,3,256,176,6,182,438
06/26/2008,LNS,PA,AEA,EN,Federal Contract Tower,0,11,64,2,77,0,0,89,0,89,0,11,153,2,166,66,10,76,242
06/27/2008,LNS,PA,AEA,EN,Federal Contract Tower,0,8,26,0,34,0,4,103,0,107,0,12,129,0,141,90,2,92,233
06/28/2008,LNS,PA,AEA,EN,Federal Contract Tower,0,1,13,0,14,0,2,46,0,48,0,3,59,0,62,78,0,78,140
06/29/2008,LNS,PA,AEA,EN,Federal Contract Tower,0,1,21,0,22,0,1,85,0,86,0,2,106,0,108,154,0,154,262
06/30/2008,LNS,PA,AEA,EN,Federal Contract Tower,0,1,42,1,44,0,0,99,11,110,0,1,141,12,154,66,24,90,244
07/01/2008,LNS,PA,AEA,EN,Federal Contract Tower,0,0,30,3,33,0,0,129,11,140,0,0,159,14,173,152,4,156,329
07/02/2008,LNS,PA,AEA,EN,Federal Contract Tower,0,2,25,2,29,0,6,257,0,263,0,8,282,2,292,150,14,164,456
07/03/2008,LNS,PA,AEA,EN,Federal Contract Tower,0,0,11,1,12,0,0,140,2,142,0,0,151,3,154,94,0,94,248
07/04/2008,LNS,PA,AEA,EN,Federal Contract Tower,0,0,21,0,21,0,0,6,0,6,0,0,27,0,27,30,0,30,57
07/05/2008,LNS,PA,AEA,EN,Federal Contract Tower,0,0,22,0,22,0,2,11,0,13,0,2,33,0,35,66,0,66,101
07/06/2008,LNS,PA,AEA,EN,Federal Contract Tower,0,3,28,0,31,0,0,18,0,18,0,3,46,0,49,134,0,134,183
07/07/2008,LNS,PA,AEA,EN,Federal Contract Tower,0,7,14,2,23,0,0,24,0,24,0,7,38,2,47,96,4,100,147
07/08/2008,LNS,PA,AEA,EN,Federal Contract Tower,0,4,27,7,38,0,3,128,2,133,0,7,155,9,171,134,8,142,313
07/09/2008,LNS,PA,AEA,EN,Federal Contract Tower,0,4,30,1,35,0,7,59,3,69,0,11,89,4,104,60,18,78,182
07/10/2008,LNS,PA,AEA,EN,Federal Contract Tower,0,6,34,5,45,0,2,234,16,252,0,8,268,21,297,166,36,202,499
07/11/2008,LNS,PA,AEA,EN,Federal Contract Tower,0,6,28,0,34,0,0,241,0,241,0,6,269,0,275,78,2,80,355
07/12/2008,LNS,PA,AEA,EN,Federal Contract Tower,0,2,29,0,31,0,3,153,0,156,0,5,182,0,187,50,0,50,237
07/13/2008,LNS,PA,AEA,EN,Federal Contract Tower,0,1,29,0,30,0,1,96,2,99,0,2,125,2,129,56,0,56,185
07/14/2008,LNS,PA,AEA,EN,Federal Contract Tower,0,3,22,4,29,0,6,86,2,94,0,9,108,6,123,52,6,58,181
07/15/2008,LNS,PA,AEA,EN,Federal Contract Tower,0,2,37,10,49,0,0,209,5,214,0,2,246,15,263,200,18,218,481
07/16/2008,LNS,PA,AEA,EN,Federal Contract Tower,0,2,35,2,39,0,2,195,0,197,0,4,230,2,236,156,0,156,392
07/17/2008,LNS,PA,AEA,EN,Federal Contract Tower,0,0,38,0,38,0,2,159,6,167,0,2,197,6,205,156,12,168,373
07/18/2008,LNS,PA,AEA,EN,Federal Contract Tower,0,0,48,2,50,0,1,136,4,141,0,1,184,6,191,96,6,102,293
07/19/2008,LNS,PA,AEA,EN,Federal Contract Tower,0,0,23,0,23,0,2,154,0,156,0,2,177,0,179,88,0,88,267
07/20/2008,LNS,PA,AEA,EN,Federal Contract Tower,0,4,31,2,37,0,1,105,0,106,0,5,136,2,143,108,0,108,251
07/21/2008,LNS,PA,AEA,EN,Federal Contract Tower,0,1,20,0,21,0,3,80,0,83,0,4,100,0,104,162,0,162,266
07/22/2008,LNS,PA,AEA,EN,Federal Contract Tower,0,5,22,1,28,0,5,78,16,99,0,10,100,17,127,36,8,44,171
07/23/2008,LNS,PA,AEA,EN,Federal Contract Tower,0,3,16,5,24,0,1,8,0,9,0,4,24,5,33,32,0,32,65
07/24/2008,LNS,PA,AEA,EN,Federal Contract Tower,0,8,64,7,79,0,3,129,4,136,0,11,193,11,215,158,20,178,393
07/25/2008,LNS,PA,AEA,EN,Federal Contract Tower,0,8,41,0,49,0,0,250,0,250,0,8,291,0,299,124,0,124,423
07/26/2008,LNS,PA,AEA,EN,Federal Contract Tower,0,3,18,0,21,0,1,177,0,178,0,4,195,0,199,90,2,92,291
07/27/2008,LNS,PA,AEA,EN,Federal Contract Tower,0,5,14,0,19,0,2,70,0,72,0,7,84,0,91,132,0,132,223
07/28/2008,LNS,PA,AEA,EN,Federal Contract Tower,0,8,13,2,23,0,5,108,0,113,0,13,121,2,136,194,2,196,332
07/29/2008,LNS,PA,AEA,EN,Federal Contract Tower,0,7,29,10,46,0,7,118,4,129,0,14,147,14,175,238,16,254,429
07/30/2008,LNS,PA,AEA,EN,Federal Contract Tower,0,0,27,8,35,0,0,61,0,61,0,0,88,8,96,90,0,90,186
07/31/2008,LNS,PA,AEA,EN,Federal Contract Tower,0,3,41,5,49,0,7,97,2,106,0,10,138,7,155,88,2,90,245
08/01/2008,LNS,PA,AEA,EN,Federal Contract Tower,0,7,23,3,33,0,6,212,11,229,0,13,235,14,262,194,8,202,464
08/02/2008,LNS,PA,AEA,EN,Federal Contract Tower,0,5,10,0,15,0,0,43,0,43,0,5,53,0,58,113,0,113,171
08/03/2008,LNS,PA,AEA,EN,Federal Contract Tower,0,3,47,0,50,0,4,170,0,174,0,7,217,0,224,46,0,46,270
08/04/2008,LNS,PA,AEA,EN,Federal Contract Tower,0,3,29,2,34,0,1,119,2,122,0,4,148,4,156,148,6,154,310
08/05/2008,LNS,PA,AEA,EN,Federal Contract Tower,0,0,20,10,30,0,4,79,8,91,0,4,99,18,121,118,24,142,263
08/06/2008,LNS,PA,AEA,EN,Federal Contract Tower,0,0,34,6,40,0,1,127,0,128,0,1,161,6,168,90,12,102,270
08/07/2008,LNS,PA,AEA,EN,Federal Contract Tower,0,7,42,0,49,0,5,135,2,142,0,12,177,2,191,144,0,144,335
08/08/2008,LNS,PA,AEA,EN,Federal Contract Tower,0,2,44,4,50,0,2,160,4,166,0,4,204,8,216,220,10,230,446
08/09/2008,LNS,PA,AEA,EN,Federal Contract Tower,0,1,17,0,18,0,1,218,0,219,0,2,235,0,237,98,0,98,335
08/10/2008,LNS,PA,AEA,EN,Federal Contract Tower,0,1,22,0,23,0,0,87,0,87,0,1,109,0,110,62,0,62,172
08/11/2008,LNS,PA,AEA,EN,Federal Contract Tower,0,10,21,2,33,0,2,73,4,79,0,12,94,6,112,28,18,46,158
08/12/2008,LNS,PA,AEA,EN,Federal Contract Tower,2,3,50,8,63,0,0,180,1,181,2,3,230,9,244,134,8,142,386
08/13/2008,LNS,PA,AEA,EN,Federal Contract Tower,0,3,28,9,40,0,4,109,2,115,0,7,137,11,155,118,20,138,293
08/14/2008,LNS,PA,AEA,EN,Federal Contract Tower,0,1,40,4,45,0,3,58,3,64,0,4,98,7,109,72,32,104,213
08/15/2008,LNS,PA,AEA,EN,Federal Contract Tower,0,4,51,7,62,0,3,47,0,50,0,7,98,7,112,94,0,94,206
08/16/2008,LNS,PA,AEA,EN,Federal Contract Tower,0,0,12,0,12,0,2,181,0,183,0,2,193,0,195,170,0,170,365
08/17/2008,LNS,PA,AEA,EN,Federal Contract Tower,0,0,32,0,32,0,1,193,0,194,0,1,225,0,226,134,0,134,360
08/18/2008,LNS,PA,AEA,EN,Federal Contract Tower,0,0,16,3,19,0,1,145,2,148,0,1,161,5,167,148,6,154,321
08/19/2008,LNS,PA,AEA,EN,Federal Contract Tower,0,0,26,0,26,0,0,101,2,103,0,0,127,2,129,152,0,152,281
08/20/2008,LNS,PA,AEA,EN,Federal Contract Tower,0,3,55,1,59,0,4,157,3,164,0,7,212,4,223,149,24,173,396
08/21/2008,LNS,PA,AEA,EN,Federal Contract Tower,0,8,28,6,42,0,3,195,0,198,0,11,223,6,240,214,29,243,483
08/22/2008,LNS,PA,AEA,EN,Federal Contract Tower,0,6,26,5,37,0,15,207,3,225,0,21,233,8,262,224,18,242,504
08/23/2008,LNS,PA,AEA,EN,Federal Contract Tower,0,2,18,0,20,0,13,193,0,206,0,15,211,0,226,86,0,86,312
08/24/2008,LNS,PA,AEA,EN,Federal Contract Tower,0,3,19,5,27,0,19,184,0,203,0,22,203,5,230,120,12,132,362
08/25/2008,LNS,PA,AEA,EN,Federal Contract Tower,0,1,28,2,31,0,1,124,7,132,0,2,152,9,163,54,22,76,239
08/26/2008,LNS,PA,AEA,EN,Federal Contract Tower,0,2,34,0,36,0,1,138,0,139,0,3,172,0,175,86,12,98,273
08/27/2008,LNS,PA,AEA,EN,Federal Contract Tower,0,6,24,4,34,0,3,136,2,141,0,9,160,6,175,116,0,116,291
08/28/2008,LNS,PA,AEA,EN,Federal Contract Tower,0,10,28,5,43,0,1,35,0,36,0,11,63,5,79,80,0,80,159
08/29/2008,LNS,PA,AEA,EN,Federal Contract Tower,0,6,36,2,44,0,0,27,0,27,0,6,63,2,71,74,16,90,161
08/30/2008,LNS,PA,AEA,EN,Federal Contract Tower,0,1,44,2,47,0,2,35,0,37,0,3,79,2,84,140,0,140,224
08/31/2008,LNS,PA,AEA,EN,Federal Contract Tower,0,0,25,0,25,0,0,188,0,188,0,0,213,0,213,122,0,122,335
09/01/2008,LNS,PA,AEA,EN,Federal Contract Tower,0,0,12,0,12,0,2,164,0,166,0,2,176,0,178,104,0,104,282
09/02/2008,LNS,PA,AEA,EN,Federal Contract Tower,0,1,13,2,16,0,2,159,0,161,0,3,172,2,177,80,6,86,263
09/03/2008,LNS,PA,AEA,EN,Federal Contract Tower,0,1,45,2,48,0,3,128,4,135,0,4,173,6,183,66,0,66,249
09/04/2008,LNS,PA,AEA,EN,Federal Contract Tower,0,8,53,6,67,0,1,127,8,136,0,9,180,14,203,148,66,214,417
09/05/2008,LNS,PA,AEA,EN,Federal Contract Tower,0,4,20,2,26,0,2,116,0,118,0,6,136,2,144,108,0,108,252
09/06/2008,LNS,PA,AEA,EN,Federal Contract Tower,0,1,4,0,5,0,0,3,0,3,0,1,7,0,8,8,0,8,16
09/07/2008,LNS,PA,AEA,EN,Federal Contract Tower,0,4,30,0,34,0,1,180,0,181,0,5,210,0,215,70,0,70,285
09/08/2008,LNS,PA,AEA,EN,Federal Contract Tower,0,3,13,6,22,0,7,152,1,160,0,10,165,7,182,80,12,92,274
09/09/2008,LNS,PA,AEA,EN,Federal Contract Tower,0,5,14,5,24,0,0,21,3,24,0,5,35,8,48,48,14,62,110
09/10/2008,LNS,PA,AEA,EN,Federal Contract Tower,0,2,27,10,39,0,2,193,4,199,0,4,220,14,238,123,10,133,371
09/11/2008,LNS,PA,AEA,EN,Federal Contract Tower,0,5,39,0,44,0,0,138,6,144,0,5,177,6,188,142,30,172,360
09/12/2008,LNS,PA,AEA,EN,Federal Contract Tower,0,14,42,8,64,0,0,17,4,21,0,14,59,12,85,56,16,72,157
09/13/2008,LNS,PA,AEA,EN,Federal Contract Tower,0,3,20,2,25,0,0,68,2,70,0,3,88,4,95,72,0,72,167
09/14/2008,LNS,PA,AEA,EN,Federal Contract Tower,0,0,25,0,25,0,0,127,0,127,0,0,152,0,152,80,0,80,232
09/15/2008,LNS,PA,AEA,EN,Federal Contract Tower,0,5,37,0,42,0,2,89,0,91,0,7,126,0,133,68,0,68,201
09/16/2008,LNS,PA,AEA,EN,Federal Contract Tower,0,4,46,3,53,0,2,152,9,163,0,6,198,12,216,52,10,62,278
09/17/2008,LNS,PA,AEA,EN,Federal Contract Tower,0,3,25,2,30,0,1,183,4,188,0,4,208,6,218,88,0,88,306
09/18/2008,LNS,PA,AEA,EN,Federal Contract Tower,0,2,26,4,32,0,5,134,5,144,0,7,160,9,176,86,10,96,272
09/19/2008,LNS,PA,AEA,EN,Federal Contract Tower,0,2,42,4,48,0,5,137,2,144,0,7,179,6,192,177,4,181,373
09/20/2008,LNS,PA,AEA,EN,Federal Contract Tower,0,2,33,0,35,0,1,174,0,175,0,3,207,0,210,166,0,166,376
09/21/2008,LNS,PA,AEA,EN,Federal Contract Tower,0,3,42,0,45,0,0,183,0,183,0,3,225,0,228,184,0,184,412
09/22/2008,LNS,PA,AEA,EN,Federal Contract Tower,0,1,27,17,45,0,0,108,8,116,0,1,135,25,161,194,20,214,375
09/23/2008,LNS,PA,AEA,EN,Federal Contract Tower,0,1,31,9,41,0,1,118,2,121,0,2,149,11,162,122,14,136,298
09/24/2008,LNS,PA,AEA,EN,Federal Contract Tower,0,6,36,6,48,0,0,137,2,139,0,6,173,8,187,112,36,148,335
09/25/2008,LNS,PA,AEA,EN,Federal Contract Tower,0,4,18,6,28,0,0,48,0,48,0,4,66,6,76,40,0,40,116
09/26/2008,LNS,PA,AEA,EN,Federal Contract Tower,0,3,38,0,41,0,2,8,0,10,0,5,46,0,51,38,0,38,89
09/27/2008,LNS,PA,AEA,EN,Federal Contract Tower,0,3,11,0,14,0,0,1,0,1,0,3,12,0,15,0,0,0,15
09/28/2008,LNS,PA,AEA,EN,Federal Contract Tower,0,2,43,0,45,0,0,13,0,13,0,2,56,0,58,54,0,54,112
09/29/2008,LNS,PA,AEA,EN,Federal Contract Tower,0,2,32,0,34,0,1,122,0,123,0,3,154,0,157,142,0,142,299
09/30/2008,LNS,PA,AEA,EN,Federal Contract Tower,0,5,36,0,41,0,1,65,0,66,0,6,101,0,107,94,2,96,203
10/01/2008,LNS,PA,AEA,EN,Federal Contract Tower,0,3,25,4,32,0,2,27,2,31,0,5,52,6,63,8,6,14,77
10/02/2008,LNS,PA,AEA,EN,Federal Contract Tower,0,1,27,8,36,0,4,57,1,62,0,5,84,9,98,40,0,40,138
10/03/2008,LNS,PA,AEA,EN,Federal Contract Tower,0,6,31,0,37,0,1,101,2,104,0,7,132,2,141,38,6,44,185
10/04/2008,LNS,PA,AEA,EN,Federal Contract Tower,0,2,23,0,25,0,4,180,0,184,0,6,203,0,209,154,0,154,363
10/05/2008,LNS,PA,AEA,EN,Federal Contract Tower,1,1,27,0,29,0,3,171,0,174,1,4,198,0,203,142,0,142,345
10/06/2008,LNS,PA,AEA,EN,Federal Contract Tower,0,1,31,0,32,0,3,114,0,117,0,4,145,0,149,90,18,108,257
10/07/2008,LNS,PA,AEA,EN,Federal Contract Tower,0,1,23,0,24,0,7,158,8,173,0,8,181,8,197,204,0,204,401
10/08/2008,LNS,PA,AEA,EN,Federal Contract Tower,0,0,45,3,48,0,3,126,7,136,0,3,171,10,184,128,20,148,332
10/09/2008,LNS,PA,AEA,EN,Federal Contract Tower,0,3,39,0,42,0,2,101,2,105,0,5,140,2,147,150,4,154,301
10/10/2008,LNS,PA,AEA,EN,Federal Contract Tower,0,4,35,0,39,0,2,151,0,153,0,6,186,0,192,80,0,80,272
10/11/2008,LNS,PA,AEA,EN,Federal Contract Tower,1,2,22,0,25,0,2,213,2,217,1,4,235,2,242,86,0,86,328
10/12/2008,LNS,PA,AEA,EN,Federal Contract Tower,0,5,20,0,25,0,0,203,0,203,0,5,223,0,228,46,0,46,274
10/13/2008,LNS,PA,AEA,EN,Federal Contract Tower,0,8,29,0,37,0,3,125,0,128,0,11,154,0,165,94,0,94,259
10/14/2008,LNS,PA,AEA,EN,Federal Contract Tower,0,3,30,0,33,0,1,106,0,107,0,4,136,0,140,78,0,78,218
10/15/2008,LNS,PA,AEA,EN,Federal Contract Tower,0,4,30,4,38,0,6,119,0,125,0,10,149,4,163,90,8,98,261
10/16/2008,LNS,PA,AEA,EN,Federal Contract Tower,0,1,41,0,42,0,0,49,12,61,0,1,90,12,103,64,12,76,179
10/17/2008,LNS,PA,AEA,EN,Federal Contract Tower,1,1,48,0,50,0,0,145,4,149,1,1,193,4,199,68,0,68,267
10/18/2008,LNS,PA,AEA,EN,Federal Contract Tower,1,3,19,0,23,0,6,142,8,156,1,9,161,8,179,80,0,80,259
10/19/2008,LNS,PA,AEA,EN,Federal Contract Tower,0,2,29,2,33,0,0,140,0,140,0,2,169,2,173,154,0,154,327
10/20/2008,LNS,PA,AEA,EN,Federal Contract Tower,0,3,23,3,29,0,6,123,0,129,0,9,146,3,158,182,20,202,360
10/21/2008,LNS,PA,AEA,EN,Federal Contract Tower,0,1,25,2,28,0,1,65,7,73,0,2,90,9,101,52,14,66,167
10/22/2008,LNS,PA,AEA,EN,Federal Contract Tower,0,0,29,0,29,0,0,55,3,58,0,0,84,3,87,80,0,80,167
10/23/2008,LNS,PA,AEA,EN,Federal Contract Tower,0,2,33,4,39,0,3,178,2,183,0,5,211,6,222,50,14,64,286
10/24/2008,LNS,PA,AEA,EN,Federal Contract Tower,0,4,56,4,64,0,0,116,2,118,0,4,172,6,182,108,0,108,290
10/25/2008,LNS,PA,AEA,EN,Federal Contract Tower,0,2,9,0,11,0,0,1,0,1,0,2,10,0,12,0,0,0,12
10/26/2008,LNS,PA,AEA,EN,Federal Contract Tower,0,3,23,0,26,0,0,138,0,138,0,3,161,0,164,148,0,148,312
10/27/2008,LNS,PA,AEA,EN,Federal Contract Tower,0,1,21,4,26,0,1,60,0,61,0,2,81,4,87,152,0,152,239
10/28/2008,LNS,PA,AEA,EN,Federal Contract Tower,0,1,16,0,17,0,1,3,0,4,0,2,19,0,21,0,0,0,21
10/29/2008,LNS,PA,AEA,EN,Federal Contract Tower,0,2,15,9,26,0,0,21,9,30,0,2,36,18,56,104,8,112,168
10/30/2008,LNS,PA,AEA,EN,Federal Contract Tower,0,1,30,3,34,0,0,150,0,150,0,1,180,3,184,266,0,266,450
10/31/2008,LNS,PA,AEA,EN,Federal Contract Tower,0,2,33,2,37,0,5,190,0,195,0,7,223,2,232,158,0,158,390
11/01/2008,LNS,PA,AEA,EN,Federal Contract Tower,0,0,23,0,23,0,4,222,4,230,0,4,245,4,253,92,0,92,345
11/02/2008,LNS,PA,AEA,EN,Federal Contract Tower,0,1,28,0,29,0,0,184,0,184,0,1,212,0,213,80,0,80,293
11/03/2008,LNS,PA,AEA,EN,Federal Contract Tower,0,2,34,2,38,0,0,44,0,44,0,2,78,2,82,80,4,84,166
11/04/2008,LNS,PA,AEA,EN,Federal Contract Tower,0,0,18,5,23,0,0,47,0,47,0,0,65,5,70,92,2,94,164
11/05/2008,LNS,PA,AEA,EN,Federal Contract Tower,0,1,32,1,34,0,0,54,3,57,0,1,86,4,91,28,26,54,145
11/06/2008,LNS,PA,AEA,EN,Federal Contract Tower,0,2,41,0,43,0,0,41,0,41,0,2,82,0,84,128,0,128,212
11/07/2008,LNS,PA,AEA,EN,Federal Contract Tower,0,8,50,6,64,0,1,86,0,87,0,9,136,6,151,166,0,166,317
11/08/2008,LNS,PA,AEA,EN,Federal Contract Tower,0,0,38,0,38,0,0,47,0,47,0,0,85,0,85,0,0,0,85
11/09/2008,LNS,PA,AEA,EN,Federal Contract Tower,0,0,27,0,27,0,13,168,0,181,0,13,195,0,208,68,2,70,278
11/10/2008,LNS,PA,AEA,EN,Federal Contract Tower,0,4,20,0,24,0,6,91,2,99,0,10,111,2,123,56,0,56,179
11/11/2008,LNS,PA,AEA,EN,Federal Contract Tower,0,0,58,0,58,0,0,155,0,155,0,0,213,0,213,160,0,160,373
11/12/2008,LNS,PA,AEA,EN,Federal Contract Tower,0,6,45,0,51,0,4,150,0,154,0,10,195,0,205,182,0,182,387
11/13/2008,LNS,PA,AEA,EN,Federal Contract Tower,0,1,26,0,27,0,0,2,0,2,0,1,28,0,29,16,0,16,45
11/14/2008,LNS,PA,AEA,EN,Federal Contract Tower,0,2,12,0,14,0,0,0,0,0,0,2,12,0,14,40,0,40,54
11/15/2008,LNS,PA,AEA,EN,Federal Contract Tower,0,2,13,0,15,0,0,3,0,3,0,2,16,0,18,76,2,78,96
11/16/2008,LNS,PA,AEA,EN,Federal Contract Tower,0,0,10,0,10,0,0,32,1,33,0,0,42,1,43,44,0,44,87
11/17/2008,LNS,PA,AEA,EN,Federal Contract Tower,0,0,24,0,24,0,1,80,6,87,0,1,104,6,111,152,0,152,263
11/18/2008,LNS,PA,AEA,EN,Federal Contract Tower,0,2,23,2,27,0,1,50,0,51,0,3,73,2,78,56,16,72,150
11/19/2008,LNS,PA,AEA,EN,Federal Contract Tower,0,1,21,16,38,0,6,100,4,110,0,7,121,20,148,128,42,170,318
11/20/2008,LNS,PA,AEA,EN,Federal Contract Tower,0,4,15,2,21,0,2,29,4,35,0,6,44,6,56,90,2,92,148
11/21/2008,LNS,PA,AEA,EN,Federal Contract Tower,0,7,28,2,37,0,1,6,0,7,0,8,34,2,44,60,0,60,104
11/22/2008,LNS,PA,AEA,EN,Federal Contract Tower,0,0,17,9,26,0,2,70,5,77,0,2,87,14,103,130,20,150,253
11/23/2008,LNS,PA,AEA,EN,Federal Contract Tower,0,3,36,0,39,0,0,215,0,215,0,3,251,0,254,186,0,186,440
11/24/2008,LNS,PA,AEA,EN,Federal Contract Tower,0,1,21,0,22,0,0,97,6,103,0,1,118,6,125,90,4,94,219
11/25/2008,LNS,PA,AEA,EN,Federal Contract Tower,0,4,12,2,18,0,4,31,5,40,0,8,43,7,58,104,4,108,166
11/26/2008,LNS,PA,AEA,EN,Federal Contract Tower,0,3,23,6,32,0,2,78,0,80,0,5,101,6,112,96,0,96,208
11/27/2008,LNS,PA,AEA,EN,Federal Contract Tower,0,0,6,0,6,0,0,64,0,64,0,0,70,0,70,46,0,46,116
11/28/2008,LNS,PA,AEA,EN,Federal Contract Tower,0,6,35,2,43,0,1,123,0,124,0,7,158,2,167,42,0,42,209
11/29/2008,LNS,PA,AEA,EN,Federal Contract Tower,0,2,46,0,48,0,0,177,0,177,0,2,223,0,225,94,0,94,319
11/30/2008,LNS,PA,AEA,EN,Federal Contract Tower,1,3,6,0,10,0,0,1,0,1,1,3,7,0,11,0,0,0,11
12/01/2008,LNS,PA,AEA,EN,Federal Contract Tower,0,1,16,3,20,0,0,8,8,16,0,1,24,11,36,8,16,24,60
12/02/2008,LNS,PA,AEA,EN,Federal Contract Tower,0,0,9,4,13,0,2,79,4,85,0,2,88,8,98,78,4,82,180
12/03/2008,LNS,PA,AEA,EN,Federal Contract Tower,0,2,25,6,33,0,0,132,4,136,0,2,157,10,169,158,22,180,349
12/04/2008,LNS,PA,AEA,EN,Federal Contract Tower,0,0,9,3,12,0,2,19,3,24,0,2,28,6,36,36,54,90,126
12/05/2008,LNS,PA,AEA,EN,Federal Contract Tower,0,1,26,0,27,0,3,96,0,99,0,4,122,0,126,54,0,54,180
12/06/2008,LNS,PA,AEA,EN,Federal Contract Tower,1,2,64,2,69,0,1,146,0,147,1,3,210,2,216,156,10,166,382
12/07/2008,LNS,PA,AEA,EN,Federal Contract Tower,0,0,7,0,7,0,0,10,0,10,0,0,17,0,17,50,0,50,67
12/08/2008,LNS,PA,AEA,EN,Federal Contract Tower,0,6,30,6,42,0,0,105,8,113,0,6,135,14,155,172,38,210,365
12/09/2008,LNS,PA,AEA,EN,Federal Contract Tower,0,0,8,5,13,0,0,61,11,72,0,0,69,16,85,122,6,128,213
12/10/2008,LNS,PA,AEA,EN,Federal Contract Tower,0,1,5,0,6,0,0,0,0,0,0,1,5,0,6,4,0,4,10
12/11/2008,LNS,PA,AEA,EN,Federal Contract Tower,0,2,20,0,22,0,0,0,0,0,0,2,20,0,22,0,0,0,22
12/12/2008,LNS,PA,AEA,EN,Federal Contract Tower,0,1,10,2,13,0,0,14,2,16,0,1,24,4,29,156,4,160,189
12/13/2008,LNS,PA,AEA,EN,Federal Contract Tower,0,6,22,0,28,0,2,162,2,166,0,8,184,2,194,170,0,170,364
12/14/2008,LNS,PA,AEA,EN,Federal Contract Tower,0,1,26,0,27,0,2,189,0,191,0,3,215,0,218,214,0,214,432
12/15/2008,LNS,PA,AEA,EN,Federal Contract Tower,0,0,15,2,17,0,2,29,0,31,0,2,44,2,48,44,12,56,104
12/16/2008,LNS,PA,AEA,EN,Federal Contract Tower,0,2,19,0,21,0,0,3,0,3,0,2,22,0,24,0,0,0,24
12/17/2008,LNS,PA,AEA,EN,Federal Contract Tower,0,0,4,2,6,0,0,2,0,2,0,0,6,2,8,0,4,4,12
12/18/2008,LNS,PA,AEA,EN,Federal Contract Tower,0,0,49,7,56,0,5,118,7,130,0,5,167,14,186,144,6,150,336
12/19/2008,LNS,PA,AEA,EN,Federal Contract Tower,0,0,2,0,2,0,0,0,0,0,0,0,2,0,2,0,0,0,2
12/20/2008,LNS,PA,AEA,EN,Federal Contract Tower,0,3,14,0,17,0,0,40,0,40,0,3,54,0,57,210,0,210,267
12/21/2008,LNS,PA,AEA,EN,Federal Contract Tower,0,0,6,0,6,0,0,16,0,16,0,0,22,0,22,20,0,20,42
12/22/2008,LNS,PA,AEA,EN,Federal Contract Tower,0,0,18,4,22,0,5,16,2,23,0,5,34,6,45,10,0,10,55
12/23/2008,LNS,PA,AEA,EN,Federal Contract Tower,0,0,49,22,71,0,3,105,0,108,0,3,154,22,179,106,40,146,325
12/24/2008,LNS,PA,AEA,EN,Federal Contract Tower,0,2,1,0,3,0,0,0,0,0,0,2,1,0,3,0,0,0,3
12/25/2008,LNS,PA,AEA,EN,Federal Contract Tower,0,0,20,0,20,0,0,13,0,13,0,0,33,0,33,10,0,10,43
12/26/2008,LNS,PA,AEA,EN,Federal Contract Tower,0,5,19,0,24,0,1,123,0,124,0,6,142,0,148,98,0,98,246
12/27/2008,LNS,PA,AEA,EN,Federal Contract Tower,0,7,9,0,16,0,0,0,0,0,0,7,9,0,16,0,0,0,16
12/28/2008,LNS,PA,AEA,EN,Federal Contract Tower,0,3,17,0,20,0,0,14,0,14,0,3,31,0,34,22,0,22,56
12/29/2008,LNS,PA,AEA,EN,Federal Contract Tower,0,4,19,4,27,0,1,181,1,183,0,5,200,5,210,124,0,124,334
12/30/2008,LNS,PA,AEA,EN,Federal Contract Tower,0,1,22,2,25,0,0,81,0,81,0,1,103,2,106,152,10,162,268
12/31/2008,LNS,PA,AEA,EN,Federal Contract Tower,0,0,2,0,2,0,0,7,0,7,0,0,9,0,9,8,0,8,17
01/01/2009,LNS,PA,AEA,EN,Federal Contract Tower,0,1,9,0,10,0,0,57,0,57,0,1,66,0,67,78,0,78,145
01/02/2009,LNS,PA,AEA,EN,Federal Contract Tower,0,5,6,0,11,0,0,74,2,76,0,5,80,2,87,74,2,76,163
01/03/2009,LNS,PA,AEA,EN,Federal Contract Tower,0,2,45,0,47,0,1,179,0,180,0,3,224,0,227,96,0,96,323
01/04/2009,LNS,PA,AEA,EN,Federal Contract Tower,0,0,51,0,51,0,0,148,0,148,0,0,199,0,199,144,0,144,343
01/05/2009,LNS,PA,AEA,EN,Federal Contract Tower,0,4,10,0,14,0,4,79,0,83,0,8,89,0,97,74,0,74,171
01/06/2009,LNS,PA,AEA,EN,Federal Contract Tower,0,2,2,4,8,0,0,10,0,10,0,2,12,4,18,6,0,6,24
01/07/2009,LNS,PA,AEA,EN,Federal Contract Tower,0,0,3,0,3,0,0,0,0,0,0,0,3,0,3,0,0,0,3
01/08/2009,LNS,PA,AEA,EN,Federal Contract Tower,0,0,18,4,22,0,0,24,0,24,0,0,42,4,46,22,0,22,68
01/09/2009,LNS,PA,AEA,EN,Federal Contract Tower,0,6,38,5,49,0,3,107,6,116,0,9,145,11,165,98,82,180,345
01/10/2009,LNS,PA,AEA,EN,Federal Contract Tower,0,0,9,0,9,0,2,4,0,6,0,2,13,0,15,10,0,10,25
01/11/2009,LNS,PA,AEA,EN,Federal Contract Tower,0,4,13,0,17,0,0,30,0,30,0,4,43,0,47,54,0,54,101
01/12/2009,LNS,PA,AEA,EN,Federal Contract Tower,0,1,42,10,53,0,1,106,4,111,0,2,148,14,164,96,38,134,298
01/13/2009,LNS,PA,AEA,EN,Federal Contract Tower,0,1,27,9,37,0,0,38,2,40,0,1,65,11,77,94,14,108,185
01/14/2009,LNS,PA,AEA,EN,Federal Contract Tower,0,0,38,8,46,0,0,69,9,78,0,0,107,17,124,142,34,176,300
01/15/2009,LNS,PA,AEA,EN,Federal Contract Tower,0,1,13,11,25,0,0,39,9,48,0,1,52,20,73,186,26,212,285
01/16/2009,LNS,PA,AEA,EN,Federal Contract Tower,0,0,23,0,23,0,0,54,2,56,0,0,77,2,79,120,0,120,199
01/17/2009,LNS,PA,AEA,EN,Federal Contract Tower,0,2,24,0,26,0,0,88,0,88,0,2,112,0,114,176,0,176,290
01/18/2009,LNS,PA,AEA,EN,Federal Contract Tower,0,0,3,0,3,0,0,31,0,31,0,0,34,0,34,58,0,58,92
01/19/2009,LNS,PA,AEA,EN,Federal Contract Tower,0,2,15,0,17,0,0,0,0,0,0,2,15,0,17,0,0,0,17
01/20/2009,LNS,PA,AEA,EN,Federal Contract Tower,0,0,35,3,38,0,1,46,4,51,0,1,81,7,89,38,6,44,133
01/21/2009,LNS,PA,AEA,EN,Federal Contract Tower,0,3,25,14,42,0,1,72,7,80,0,4,97,21,122,72,14,86,208
01/22/2009,LNS,PA,AEA,EN,Federal Contract Tower,0,0,36,2,38,0,0,177,6,183,0,0,213,8,221,178,0,178,399
01/23/2009,LNS,PA,AEA,EN,Federal Contract Tower,0,1,43,0,44,0,0,175,0,175,0,1,218,0,219,78,0,78,297
01/24/2009,LNS,PA,AEA,EN,Federal Contract Tower,0,0,15,0,15,0,1,61,0,62,0,1,76,0,77,74,0,74,151
01/25/2009,LNS,PA,AEA,EN,Federal Contract Tower,0,0,28,0,28,0,0,156,0,156,0,0,184,0,184,146,2,148,332
01/26/2009,LNS,PA,AEA,EN,Federal Contract Tower,0,2,14,0,16,0,7,53,0,60,0,9,67,0,76,90,0,90,166
01/27/2009,LNS,PA,AEA,EN,Federal Contract Tower,0,1,6,2,9,0,0,11,0,11,0,1,17,2,20,0,0,0,20
01/28/2009,LNS,PA,AEA,EN,Federal Contract Tower,0,0,0,0,0,0,0,0,0,0,0,0,0,0,0,0,0,0,0
01/29/2009,LNS,PA,AEA,EN,Federal Contract Tower,0,2,20,3,25,0,4,71,8,83,0,6,91,11,108,138,10,148,256
01/30/2009,LNS,PA,AEA,EN,Federal Contract Tower,0,3,32,1,36,0,0,50,1,51,0,3,82,2,87,68,0,68,155
01/31/2009,LNS,PA,AEA,EN,Federal Contract Tower,0,0,25,0,25,0,0,133,0,133,0,0,158,0,158,88,0,88,246
02/01/2009,LNS,PA,AEA,EN,Federal Contract Tower,0,0,40,0,40,0,0,214,0,214,0,0,254,0,254,108,0,108,362
02/02/2009,LNS,PA,AEA,EN,Federal Contract Tower,0,3,16,7,26,0,0,67,3,70,0,3,83,10,96,62,20,82,178
02/03/2009,LNS,PA,AEA,EN,Federal Contract Tower,0,1,5,1,7,0,0,7,1,8,0,1,12,2,15,8,20,28,43
02/04/2009,LNS,PA,AEA,EN,Federal Contract Tower,0,4,17,4,25,0,0,41,0,41,0,4,58,4,66,50,4,54,120
02/05/2009,LNS,PA,AEA,EN,Federal Contract Tower,0,0,41,3,44,0,0,81,0,81,0,0,122,3,125,14,0,14,139
02/06/2009,LNS,PA,AEA,EN,Federal Contract Tower,0,2,34,3,39,0,0,167,1,168,0,2,201,4,207,158,2,160,367
02/07/2009,LNS,PA,AEA,EN,Federal Contract Tower,0,2,37,0,39,0,3,203,0,206,0,5,240,0,245,116,0,116,361
02/08/2009,LNS,PA,AEA,EN,Federal Contract Tower,0,0,15,0,15,0,0,100,0,100,0,0,115,0,115,44,0,44,159
02/09/2009,LNS,PA,AEA,EN,Federal Contract Tower,0,2,32,5,39,0,2,113,14,129,0,4,145,19,168,58,182,240,408
02/10/2009,LNS,PA,AEA,EN,Federal Contract Tower,0,0,13,0,13,0,2,52,9,63,0,2,65,9,76,64,18,82,158
02/11/2009,LNS,PA,AEA,EN,Federal Contract Tower,0,4,36,15,55,0,0,56,2,58,0,4,92,17,113,136,56,192,305
02/12/2009,LNS,PA,AEA,EN,Federal Contract Tower,0,0,11,0,11,0,0,5,0,5,0,0,16,0,16,0,0,0,16
02/13/2009,LNS,PA,AEA,EN,Federal Contract Tower,0,3,20,2,25,0,0,34,9,43,0,3,54,11,68,58,30,88,156
02/14/2009,LNS,PA,AEA,EN,Federal Contract Tower,0,1,19,0,20,0,0,133,0,133,0,1,152,0,153,150,0,150,303
02/15/2009,LNS,PA,AEA,EN,Federal Contract Tower,0,0,32,0,32,0,0,193,0,193,0,0,225,0,225,132,0,132,357
02/16/2009,LNS,PA,AEA,EN,Federal Contract Tower,0,4,20,0,24,0,2,148,0,150,0,6,168,0,174,130,0,130,304
02/17/2009,LNS,PA,AEA,EN,Federal Contract Tower,0,1,29,4,34,0,0,122,1,123,0,1,151,5,157,144,14,158,315
02/18/2009,LNS,PA,AEA,EN,Federal Contract Tower,0,0,11,0,11,0,0,8,0,8,0,0,19,0,19,92,0,92,111
02/19/2009,LNS,PA,AEA,EN,Federal Contract Tower,0,0,17,4,21,0,0,15,0,15,0,0,32,4,36,0,0,0,36
02/20/2009,LNS,PA,AEA,EN,Federal Contract Tower,0,3,15,2,20,0,0,24,3,27,0,3,39,5,47,0,32,32,79
02/21/2009,LNS,PA,AEA,EN,Federal Contract Tower,0,2,23,0,25,0,0,252,0,252,0,2,275,0,277,228,0,228,505
02/22/2009,LNS,PA,AEA,EN,Federal Contract Tower,0,1,4,0,5,0,0,23,0,23,0,1,27,0,28,72,0,72,100
02/23/2009,LNS,PA,AEA,EN,Federal Contract Tower,0,1,14,0,15,0,0,21,6,27,0,1,35,6,42,0,62,62,104
02/24/2009,LNS,PA,AEA,EN,Federal Contract Tower,0,1,25,4,30,0,0,100,2,102,0,1,125,6,132,56,4,60,192
02/25/2009,LNS,PA,AEA,EN,Federal Contract Tower,0,5,43,4,52,0,3,143,3,149,0,8,186,7,201,204,60,264,465
02/26/2009,LNS,PA,AEA,EN,Federal Contract Tower,0,0,51,4,55,0,0,125,0,125,0,0,176,4,180,148,0,148,328
02/27/2009,LNS,PA,AEA,EN,Federal Contract Tower,0,4,15,4,23,0,0,13,0,13,0,4,28,4,36,30,46,76,112
02/28/2009,LNS,PA,AEA,EN,Federal Contract Tower,1,0,59,2,62,0,0,179,0,179,1,0,238,2,241,158,0,158,399
03/01/2009,LNS,PA,AEA,EN,Federal Contract Tower,0,0,21,0,21,0,0,39,0,39,0,0,60,0,60,54,0,54,114
03/02/2009,LNS,PA,AEA,EN,Federal Contract Tower,0,0,3,0,3,0,0,2,0,2,0,0,5,0,5,0,0,0,5
03/03/2009,LNS,PA,AEA,EN,Federal Contract Tower,0,4,21,0,25,0,1,39,0,40,0,5,60,0,65,90,0,90,155
03/04/2009,LNS,PA,AEA,EN,Federal Contract Tower,0,2,28,11,41,0,1,92,4,97,0,3,120,15,138,217,92,309,447
03/05/2009,LNS,PA,AEA,EN,Federal Contract Tower,0,0,29,13,42,0,2,141,1,144,0,2,170,14,186,134,54,188,374
03/06/2009,LNS,PA,AEA,EN,Federal Contract Tower,0,0,38,5,43,0,0,118,1,119,0,0,156,6,162,122,20,142,304
03/07/2009,LNS,PA,AEA,EN,Federal Contract Tower,0,2,45,0,47,0,0,208,0,208,0,2,253,0,255,198,0,198,453
03/08/2009,LNS,PA,AEA,EN,Federal Contract Tower,0,1,18,0,19,0,0,119,0,119,0,1,137,0,138,266,0,266,404
03/09/2009,LNS,PA,AEA,EN,Federal Contract Tower,0,1,21,0,22,0,0,23,0,23,0,1,44,0,45,40,0,40,85
03/10/2009,LNS,PA,AEA,EN,Federal Contract Tower,0,0,29,1,30,0,0,79,2,81,0,0,108,3,111,152,24,176,287
03/11/2009,LNS,PA,AEA,EN,Federal Contract Tower,0,3,18,0,21,0,2,18,2,22,0,5,36,2,43,102,8,110,153
03/12/2009,LNS,PA,AEA,EN,Federal Contract Tower,0,2,31,16,49,0,0,105,3,108,0,2,136,19,157,160,52,212,369
03/13/2009,LNS,PA,AEA,EN,Federal Contract Tower,0,4,53,0,57,0,1,152,3,156,0,5,205,3,213,110,22,132,345
03/14/2009,LNS,PA,AEA,EN,Federal Contract Tower,0,4,55,0,59,0,0,153,0,153,0,4,208,0,212,154,0,154,366
03/15/2009,LNS,PA,AEA,EN,Federal Contract Tower,0,0,36,0,36,0,0,7,0,7,0,0,43,0,43,2,0,2,45
03/16/2009,LNS,PA,AEA,EN,Federal Contract Tower,0,8,34,2,44,0,1,23,0,24,0,9,57,2,68,56,0,56,124
03/17/2009,LNS,PA,AEA,EN,Federal Contract Tower,0,0,29,12,41,0,0,89,11,100,0,0,118,23,141,106,28,134,275
03/18/2009,LNS,PA,AEA,EN,Federal Contract Tower,0,4,31,1,36,0,0,105,4,109,0,4,136,5,145,116,4,120,265
03/19/2009,LNS,PA,AEA,EN,Federal Contract Tower,0,1,27,9,37,0,2,26,4,32,0,3,53,13,69,52,58,110,179
03/20/2009,LNS,PA,AEA,EN,Federal Contract Tower,0,3,38,11,52,0,4,140,9,153,0,7,178,20,205,128,26,154,359
03/21/2009,LNS,PA,AEA,EN,Federal Contract Tower,0,3,39,0,42,0,0,228,0,228,0,3,267,0,270,118,0,118,388
03/22/2009,LNS,PA,AEA,EN,Federal Contract Tower,0,3,47,2,52,0,0,208,0,208,0,3,255,2,260,48,0,48,308
03/23/2009,LNS,PA,AEA,EN,Federal Contract Tower,0,0,21,0,21,0,0,79,8,87,0,0,100,8,108,62,4,66,174
03/24/2009,LNS,PA,AEA,EN,Federal Contract Tower,0,13,21,2,36,0,0,116,2,118,0,13,137,4,154,168,14,182,336
03/25/2009,LNS,PA,AEA,EN,Federal Contract Tower,0,10,32,2,44,0,0,114,0,114,0,10,146,2,158,172,0,172,330
03/26/2009,LNS,PA,AEA,EN,Federal Contract Tower,0,10,18,0,28,0,0,10,0,10,0,10,28,0,38,56,0,56,94
03/27/2009,LNS,PA,AEA,EN,Federal Contract Tower,0,16,66,0,82,0,3,156,6,165,0,19,222,6,247,246,34,280,527
03/28/2009,LNS,PA,AEA,EN,Federal Contract Tower,0,15,49,0,64,0,1,21,0,22,0,16,70,0,86,286,0,286,372
03/29/2009,LNS,PA,AEA,EN,Federal Contract Tower,0,12,17,0,29,0,2,13,0,15,0,14,30,0,44,18,0,18,62
03/30/2009,LNS,PA,AEA,EN,Federal Contract Tower,0,9,20,3,32,0,0,29,3,32,0,9,49,6,64,10,32,42,106
03/31/2009,LNS,PA,AEA,EN,Federal Contract Tower,0,9,44,4,57,0,3,194,1,198,0,12,238,5,255,122,4,126,381
04/01/2009,LNS,PA,AEA,EN,Federal Contract Tower,0,15,39,0,54,0,0,3,0,3,0,15,42,0,57,2,0,2,59
04/02/2009,LNS,PA,AEA,EN,Federal Contract Tower,0,13,57,9,79,0,0,48,2,50,0,13,105,11,129,140,20,160,289
04/03/2009,LNS,PA,AEA,EN,Federal Contract Tower,0,14,8,2,24,0,0,0,0,0,0,14,8,2,24,0,2,2,26
04/04/2009,LNS,PA,AEA,EN,Federal Contract Tower,0,6,5,0,11,0,0,4,0,4,0,6,9,0,15,0,0,0,15
04/05/2009,LNS,PA,AEA,EN,Federal Contract Tower,0,10,41,0,51,0,4,250,0,254,0,14,291,0,305,190,0,190,495
04/06/2009,LNS,PA,AEA,EN,Federal Contract Tower,0,11,8,0,19,0,0,17,0,17,0,11,25,0,36,62,0,62,98
04/07/2009,LNS,PA,AEA,EN,Federal Contract Tower,0,20,11,3,34,0,2,37,0,39,0,22,48,3,73,8,2,10,83
04/08/2009,LNS,PA,AEA,EN,Federal Contract Tower,0,12,14,0,26,0,0,75,6,81,0,12,89,6,107,84,0,84,191
04/09/2009,LNS,PA,AEA,EN,Federal Contract Tower,0,10,30,0,40,0,0,158,2,160,0,10,188,2,200,122,0,122,322
04/10/2009,LNS,PA,AEA,EN,Federal Contract Tower,0,11,31,2,44,0,0,64,0,64,0,11,95,2,108,42,4,46,154
04/11/2009,LNS,PA,AEA,EN,Federal Contract Tower,0,12,33,0,45,0,0,8,0,8,0,12,41,0,53,4,0,4,57
04/12/2009,LNS,PA,AEA,EN,Federal Contract Tower,0,9,9,2,20,0,0,43,0,43,0,9,52,2,63,18,0,18,81
04/13/2009,LNS,PA,AEA,EN,Federal Contract Tower,0,12,19,2,33,0,1,180,2,183,0,13,199,4,216,134,34,168,384
04/14/2009,LNS,PA,AEA,EN,Federal Contract Tower,0,17,27,0,44,0,0,0,0,0,0,17,27,0,44,2,0,2,46
04/15/2009,LNS,PA,AEA,EN,Federal Contract Tower,0,11,12,3,26,0,0,13,2,15,0,11,25,5,41,42,8,50,91
04/16/2009,LNS,PA,AEA,EN,Federal Contract Tower,0,12,37,7,56,0,0,164,3,167,0,12,201,10,223,158,36,194,417
04/17/2009,LNS,PA,AEA,EN,Federal Contract Tower,0,15,45,4,64,0,0,236,0,236,0,15,281,4,300,140,4,144,444
04/18/2009,LNS,PA,AEA,EN,Federal Contract Tower,0,15,22,3,40,0,5,221,7,233,0,20,243,10,273,56,2,58,331
04/19/2009,LNS,PA,AEA,EN,Federal Contract Tower,0,11,36,3,50,0,1,119,0,120,0,12,155,3,170,98,2,100,270
04/20/2009,LNS,PA,AEA,EN,Federal Contract Tower,0,13,12,0,25,0,0,0,0,0,0,13,12,0,25,0,0,0,25
04/21/2009,LNS,PA,AEA,EN,Federal Contract Tower,0,10,31,14,55,0,0,16,4,20,0,10,47,18,75,14,36,50,125
04/22/2009,LNS,PA,AEA,EN,Federal Contract Tower,0,14,37,15,66,0,4,62,2,68,0,18,99,17,134,54,18,72,206
04/23/2009,LNS,PA,AEA,EN,Federal Contract Tower,0,16,29,4,49,0,0,77,3,80,0,16,106,7,129,78,36,114,243
04/24/2009,LNS,PA,AEA,EN,Federal Contract Tower,0,12,21,16,49,0,0,176,1,177,0,12,197,17,226,118,8,126,352
04/25/2009,LNS,PA,AEA,EN,Federal Contract Tower,0,11,33,1,45,0,0,189,0,189,0,11,222,1,234,196,0,196,430
04/26/2009,LNS,PA,AEA,EN,Federal Contract Tower,0,13,36,0,49,0,0,193,0,193,0,13,229,0,242,200,0,200,442
04/27/2009,LNS,PA,AEA,EN,Federal Contract Tower,0,10,36,0,46,0,1,110,0,111,0,11,146,0,157,90,0,90,247
04/28/2009,LNS,PA,AEA,EN,Federal Contract Tower,0,11,25,5,41,0,1,115,2,118,0,12,140,7,159,113,24,137,296
04/29/2009,LNS,PA,AEA,EN,Federal Contract Tower,0,11,26,12,49,0,0,75,8,83,0,11,101,20,132,152,8,160,292
04/30/2009,LNS,PA,AEA,EN,Federal Contract Tower,0,18,61,4,83,0,1,92,10,103,0,19,153,14,186,290,42,332,518
05/01/2009,LNS,PA,AEA,EN,Federal Contract Tower,0,12,53,16,81,0,0,15,0,15,0,12,68,16,96,64,12,76,172
05/02/2009,LNS,PA,AEA,EN,Federal Contract Tower,0,10,25,0,35,0,2,97,0,99,0,12,122,0,134,223,0,223,357
05/03/2009,LNS,PA,AEA,EN,Federal Contract Tower,0,11,21,0,32,0,0,24,0,24,0,11,45,0,56,104,0,104,160
05/04/2009,LNS,PA,AEA,EN,Federal Contract Tower,0,9,24,4,37,0,0,2,0,2,0,9,26,4,39,0,0,0,39
05/05/2009,LNS,PA,AEA,EN,Federal Contract Tower,0,19,33,4,56,0,0,20,0,20,0,19,53,4,76,234,4,238,314
05/06/2009,LNS,PA,AEA,EN,Federal Contract Tower,0,13,58,2,73,0,0,16,2,18,0,13,74,4,91,260,0,260,351
05/07/2009,LNS,PA,AEA,EN,Federal Contract Tower,0,14,41,0,55,0,0,66,0,66,0,14,107,0,121,204,16,220,341
05/08/2009,LNS,PA,AEA,EN,Federal Contract Tower,0,10,51,0,61,0,0,96,0,96,0,10,147,0,157,202,0,202,359
05/09/2009,LNS,PA,AEA,EN,Federal Contract Tower,1,10,33,0,44,0,0,113,0,113,1,10,146,0,157,8,0,8,165
05/10/2009,LNS,PA,AEA,EN,Federal Contract Tower,0,10,21,0,31,0,0,54,0,54,0,10,75,0,85,52,0,52,137
05/11/2009,LNS,PA,AEA,EN,Federal Contract Tower,0,11,32,4,47,0,0,108,2,110,0,11,140,6,157,154,8,162,319
05/12/2009,LNS,PA,AEA,EN,Federal Contract Tower,0,14,86,0,100,0,0,180,0,180,0,14,266,0,280,138,0,138,418
05/13/2009,LNS,PA,AEA,EN,Federal Contract Tower,0,10,57,0,67,0,0,193,2,195,0,10,250,2,262,192,0,192,454
05/14/2009,LNS,PA,AEA,EN,Federal Contract Tower,0,11,30,0,41,0,0,15,0,15,0,11,45,0,56,8,0,8,64
05/15/2009,LNS,PA,AEA,EN,Federal Contract Tower,0,12,50,9,71,0,2,116,5,123,0,14,166,14,194,104,0,104,298
05/16/2009,LNS,PA,AEA,EN,Federal Contract Tower,0,12,33,0,45,0,1,12,0,13,0,13,45,0,58,52,0,52,110
05/17/2009,LNS,PA,AEA,EN,Federal Contract Tower,0,12,26,0,38,0,0,44,0,44,0,12,70,0,82,44,0,44,126
05/18/2009,LNS,PA,AEA,EN,Federal Contract Tower,0,10,24,3,37,0,0,104,2,106,0,10,128,5,143,38,4,42,185
05/19/2009,LNS,PA,AEA,EN,Federal Contract Tower,0,10,40,9,59,0,0,201,0,201,0,10,241,9,260,178,2,180,440
05/20/2009,LNS,PA,AEA,EN,Federal Contract Tower,0,12,48,10,70,0,6,150,0,156,0,18,198,10,226,218,40,258,484
05/21/2009,LNS,PA,AEA,EN,Federal Contract Tower,0,13,36,1,50,0,2,169,1,172,0,15,205,2,222,126,42,168,390
05/22/2009,LNS,PA,AEA,EN,Federal Contract Tower,0,15,47,0,62,0,0,221,0,221,0,15,268,0,283,288,0,288,571
05/23/2009,LNS,PA,AEA,EN,Federal Contract Tower,0,12,19,0,31,0,0,171,0,171,0,12,190,0,202,124,0,124,326
05/24/2009,LNS,PA,AEA,EN,Federal Contract Tower,0,10,17,0,27,0,0,172,0,172,0,10,189,0,199,192,0,192,391
05/25/2009,LNS,PA,AEA,EN,Federal Contract Tower,0,10,20,0,30,0,1,62,0,63,0,11,82,0,93,46,0,46,139
05/26/2009,LNS,PA,AEA,EN,Federal Contract Tower,0,10,36,1,47,0,0,6,0,6,0,10,42,1,53,6,0,6,59
05/27/2009,LNS,PA,AEA,EN,Federal Contract Tower,0,11,33,0,44,0,0,2,0,2,0,11,35,0,46,54,0,54,100
05/28/2009,LNS,PA,AEA,EN,Federal Contract Tower,0,14,23,4,41,0,0,4,0,4,0,14,27,4,45,24,0,24,69
05/29/2009,LNS,PA,AEA,EN,Federal Contract Tower,0,15,34,0,49,0,5,7,2,14,0,20,41,2,63,64,6,70,133
05/30/2009,LNS,PA,AEA,EN,Federal Contract Tower,0,10,20,0,30,0,1,237,0,238,0,11,257,0,268,358,0,358,626
05/31/2009,LNS,PA,AEA,EN,Federal Contract Tower,0,13,29,0,42,0,0,171,0,171,0,13,200,0,213,188,0,188,401
06/01/2009,LNS,PA,AEA,EN,Federal Contract Tower,0,10,27,9,46,0,0,166,2,168,0,10,193,11,214,190,0,190,404
06/02/2009,LNS,PA,AEA,EN,Federal Contract Tower,0,10,32,5,47,0,1,73,10,84,0,11,105,15,131,164,64,228,359
06/03/2009,LNS,PA,AEA,EN,Federal Contract Tower,0,11,31,2,44,0,0,14,0,14,0,11,45,2,58,98,24,122,180
06/04/2009,LNS,PA,AEA,EN,Federal Contract Tower,0,11,59,8,78,0,0,28,1,29,0,11,87,9,107,52,14,66,173
06/05/2009,LNS,PA,AEA,EN,Federal Contract Tower,0,10,47,1,58,0,0,2,0,2,0,10,49,1,60,32,0,32,92
06/06/2009,LNS,PA,AEA,EN,Federal Contract Tower,0,13,49,9,71,0,2,149,0,151,0,15,198,9,222,320,0,320,542
06/07/2009,LNS,PA,AEA,EN,Federal Contract Tower,0,15,26,0,41,0,0,241,0,241,0,15,267,0,282,264,0,264,546
06/08/2009,LNS,PA,AEA,EN,Federal Contract Tower,0,12,26,2,40,0,0,85,0,85,0,12,111,2,125,118,0,118,243
06/09/2009,LNS,PA,AEA,EN,Federal Contract Tower,0,14,16,2,32,0,0,21,0,21,0,14,37,2,53,28,6,34,87
06/10/2009,LNS,PA,AEA,EN,Federal Contract Tower,0,11,37,4,52,0,0,51,1,52,0,11,88,5,104,94,18,112,216
06/11/2009,LNS,PA,AEA,EN,Federal Contract Tower,0,18,36,0,54,0,0,0,0,0,0,18,36,0,54,54,0,54,108
06/12/2009,LNS,PA,AEA,EN,Federal Contract Tower,0,15,40,4,59,0,0,147,3,150,0,15,187,7,209,210,18,228,437
06/13/2009,LNS,PA,AEA,EN,Federal Contract Tower,0,10,26,0,36,0,1,128,2,131,0,11,154,2,167,166,0,166,333
06/14/2009,LNS,PA,AEA,EN,Federal Contract Tower,0,13,33,0,46,0,0,183,0,183,0,13,216,0,229,214,0,214,443
06/15/2009,LNS,PA,AEA,EN,Federal Contract Tower,0,14,30,4,48,0,0,76,0,76,0,14,106,4,124,116,2,118,242
06/16/2009,LNS,PA,AEA,EN,Federal Contract Tower,0,27,96,4,127,0,0,43,2,45,0,27,139,6,172,216,0,216,388
06/17/2009,LNS,PA,AEA,EN,Federal Contract Tower,0,13,46,6,65,0,0,27,2,29,0,13,73,8,94,68,0,68,162
06/18/2009,LNS,PA,AEA,EN,Federal Contract Tower,0,11,34,4,49,0,0,22,1,23,0,11,56,5,72,68,2,70,142
06/19/2009,LNS,PA,AEA,EN,Federal Contract Tower,0,17,43,0,60,0,0,122,2,124,0,17,165,2,184,290,0,290,474
06/20/2009,LNS,PA,AEA,EN,Federal Contract Tower,0,10,17,0,27,0,0,4,0,4,0,10,21,0,31,10,0,10,41
06/21/2009,LNS,PA,AEA,EN,Federal Contract Tower,0,13,32,0,45,0,0,93,0,93,0,13,125,0,138,54,0,54,192
06/22/2009,LNS,PA,AEA,EN,Federal Contract Tower,0,14,34,0,48,0,2,144,0,146,0,16,178,0,194,180,2,182,376
06/23/2009,LNS,PA,AEA,EN,Federal Contract Tower,0,12,45,4,61,0,0,162,2,164,0,12,207,6,225,226,6,232,457
06/24/2009,LNS,PA,AEA,EN,Federal Contract Tower,0,11,51,8,70,0,0,151,2,153,0,11,202,10,223,210,70,280,503
06/25/2009,LNS,PA,AEA,EN,Federal Contract Tower,0,11,36,7,54,0,1,174,6,181,0,12,210,13,235,186,86,272,507
06/26/2009,LNS,PA,AEA,EN,Federal Contract Tower,0,9,41,3,53,0,0,109,0,109,0,9,150,3,162,200,6,206,368
06/27/2009,LNS,PA,AEA,EN,Federal Contract Tower,0,11,10,0,21,0,1,178,2,181,0,12,188,2,202,110,0,110,312
06/28/2009,LNS,PA,AEA,EN,Federal Contract Tower,0,15,30,0,45,0,4,133,0,137,0,19,163,0,182,150,0,150,332
06/29/2009,LNS,PA,AEA,EN,Federal Contract Tower,0,10,22,2,34,0,1,137,0,138,0,11,159,2,172,388,108,496,668
06/30/2009,LNS,PA,AEA,EN,Federal Contract Tower,0,11,29,3,43,0,2,110,6,118,0,13,139,9,161,230,28,258,419
07/01/2009,LNS,PA,AEA,EN,Federal Contract Tower,0,10,42,9,61,0,2,123,1,126,0,12,165,10,187,96,24,120,307
07/02/2009,LNS,PA,AEA,EN,Federal Contract Tower,0,10,43,9,62,0,74,0,0,74,0,84,43,9,136,128,38,166,302
07/03/2009,LNS,PA,AEA,EN,Federal Contract Tower,0,12,45,0,57,0,1,134,0,135,0,13,179,0,192,285,0,285,477
07/04/2009,LNS,PA,AEA,EN,Federal Contract Tower,0,10,14,0,24,0,0,91,0,91,0,10,105,0,115,164,0,164,279
07/05/2009,LNS,PA,AEA,EN,Federal Contract Tower,0,11,39,0,50,0,0,187,0,187,0,11,226,0,237,332,0,332,569
07/06/2009,LNS,PA,AEA,EN,Federal Contract Tower,0,10,15,7,32,0,3,193,9,205,0,13,208,16,237,276,0,276,513
07/07/2009,LNS,PA,AEA,EN,Federal Contract Tower,0,11,40,4,55,0,0,113,9,122,0,11,153,13,177,90,52,142,319
07/08/2009,LNS,PA,AEA,EN,Federal Contract Tower,0,11,26,1,38,0,7,186,8,201,0,18,212,9,239,114,18,132,371
07/09/2009,LNS,PA,AEA,EN,Federal Contract Tower,0,10,37,4,51,0,4,141,7,152,0,14,178,11,203,126,3,129,332
07/10/2009,LNS,PA,AEA,EN,Federal Contract Tower,0,15,40,4,59,0,2,184,7,193,0,17,224,11,252,104,60,164,416
07/11/2009,LNS,PA,AEA,EN,Federal Contract Tower,0,11,27,0,38,0,0,129,8,137,0,11,156,8,175,198,0,198,373
07/12/2009,LNS,PA,AEA,EN,Federal Contract Tower,0,11,21,0,32,0,3,167,0,170,0,14,188,0,202,114,0,114,316
07/13/2009,LNS,PA,AEA,EN,Federal Contract Tower,0,12,23,0,35,0,1,145,0,146,0,13,168,0,181,176,0,176,357
07/14/2009,LNS,PA,AEA,EN,Federal Contract Tower,0,18,25,3,46,0,3,147,3,153,0,21,172,6,199,92,12,104,303
07/15/2009,LNS,PA,AEA,EN,Federal Contract Tower,0,10,46,0,56,0,0,169,2,171,0,10,215,2,227,134,0,134,361
07/16/2009,LNS,PA,AEA,EN,Federal Contract Tower,0,10,42,5,57,0,1,116,1,118,0,11,158,6,175,140,6,146,321
07/17/2009,LNS,PA,AEA,EN,Federal Contract Tower,0,11,49,1,61,0,1,77,1,79,0,12,126,2,140,90,0,90,230
07/18/2009,LNS,PA,AEA,EN,Federal Contract Tower,0,14,21,0,35,0,1,135,0,136,0,15,156,0,171,88,0,88,259
07/19/2009,LNS,PA,AEA,EN,Federal Contract Tower,0,14,28,0,42,0,0,218,0,218,0,14,246,0,260,194,0,194,454
07/20/2009,LNS,PA,AEA,EN,Federal Contract Tower,0,10,22,4,36,0,0,102,1,103,0,10,124,5,139,302,0,302,441
07/21/2009,LNS,PA,AEA,EN,Federal Contract Tower,0,14,44,0,58,0,1,18,2,21,0,15,62,2,79,182,10,192,271
07/22/2009,LNS,PA,AEA,EN,Federal Contract Tower,0,27,37,8,72,0,0,34,0,34,0,27,71,8,106,160,6,166,272
07/23/2009,LNS,PA,AEA,EN,Federal Contract Tower,0,13,32,0,45,0,0,19,0,19,0,13,51,0,64,92,0,92,156
07/24/2009,LNS,PA,AEA,EN,Federal Contract Tower,0,12,37,2,51,0,1,45,0,46,0,13,82,2,97,14,0,14,111
07/25/2009,LNS,PA,AEA,EN,Federal Contract Tower,0,11,7,0,18,0,1,141,0,142,0,12,148,0,160,64,0,64,224
07/26/2009,LNS,PA,AEA,EN,Federal Contract Tower,0,15,23,0,38,0,1,37,0,38,0,16,60,0,76,154,0,154,230
07/27/2009,LNS,PA,AEA,EN,Federal Contract Tower,0,15,36,6,57,0,2,81,0,83,0,17,117,6,140,94,42,136,276
07/28/2009,LNS,PA,AEA,EN,Federal Contract Tower,0,12,22,15,49,0,0,104,3,107,0,12,126,18,156,134,44,178,334
07/29/2009,LNS,PA,AEA,EN,Federal Contract Tower,0,13,31,0,44,0,0,24,2,26,0,13,55,2,70,82,20,102,172
07/30/2009,LNS,PA,AEA,EN,Federal Contract Tower,0,11,19,5,35,0,2,156,1,159,0,13,175,6,194,184,20,204,398
07/31/2009,LNS,PA,AEA,EN,Federal Contract Tower,0,12,34,0,46,0,0,16,2,18,0,12,50,2,64,24,12,36,100
08/01/2009,LNS,PA,AEA,EN,Federal Contract Tower,0,12,32,0,44,0,97,0,0,97,0,109,32,0,141,90,0,90,231
08/02/2009,LNS,PA,AEA,EN,Federal Contract Tower,0,10,25,0,35,0,0,27,0,27,0,10,52,0,62,36,0,36,98
08/03/2009,LNS,PA,AEA,EN,Federal Contract Tower,0,14,10,1,25,0,0,176,6,182,0,14,186,7,207,164,0,164,371
08/04/2009,LNS,PA,AEA,EN,Federal Contract Tower,0,12,49,10,71,0,1,120,3,124,0,13,169,13,195,174,44,218,413
08/05/2009,LNS,PA,AEA,EN,Federal Contract Tower,0,13,28,19,60,0,4,94,8,106,0,17,122,27,166,146,50,196,362
08/06/2009,LNS,PA,AEA,EN,Federal Contract Tower,0,13,37,5,55,0,1,118,2,121,0,14,155,7,176,46,4,50,226
08/07/2009,LNS,PA,AEA,EN,Federal Contract Tower,0,12,43,0,55,0,0,206,0,206,0,12,249,0,261,116,0,116,377
08/08/2009,LNS,PA,AEA,EN,Federal Contract Tower,0,12,12,0,24,0,0,179,0,179,0,12,191,0,203,94,0,94,297
08/09/2009,LNS,PA,AEA,EN,Federal Contract Tower,0,10,31,0,41,0,0,9,0,9,0,10,40,0,50,18,0,18,68
08/10/2009,LNS,PA,AEA,EN,Federal Contract Tower,0,14,21,7,42,0,3,79,6,88,0,17,100,13,130,68,38,106,236
08/11/2009,LNS,PA,AEA,EN,Federal Contract Tower,0,16,12,6,34,0,2,92,2,96,0,18,104,8,130,70,6,76,206
08/12/2009,LNS,PA,AEA,EN,Federal Contract Tower,0,11,34,8,53,0,1,97,0,98,0,12,131,8,151,72,24,96,247
08/13/2009,LNS,PA,AEA,EN,Federal Contract Tower,0,12,34,8,54,0,0,106,2,108,0,12,140,10,162,156,6,162,324
08/14/2009,LNS,PA,AEA,EN,Federal Contract Tower,0,16,46,0,62,0,0,49,0,49,0,16,95,0,111,28,0,28,139
08/15/2009,LNS,PA,AEA,EN,Federal Contract Tower,0,12,32,0,44,0,13,185,0,198,0,25,217,0,242,98,0,98,340
08/16/2009,LNS,PA,AEA,EN,Federal Contract Tower,0,13,15,0,28,0,1,147,0,148,0,14,162,0,176,122,0,122,298
08/17/2009,LNS,PA,AEA,EN,Federal Contract Tower,0,17,14,1,32,0,1,119,1,121,0,18,133,2,153,104,24,128,281
08/18/2009,LNS,PA,AEA,EN,Federal Contract Tower,0,10,20,1,31,0,0,47,0,47,0,10,67,1,78,82,2,84,162
08/19/2009,LNS,PA,AEA,EN,Federal Contract Tower,0,11,23,3,37,0,3,96,0,99,0,14,119,3,136,170,42,212,348
08/20/2009,LNS,PA,AEA,EN,Federal Contract Tower,0,10,45,3,58,0,0,16,1,17,0,10,61,4,75,20,20,40,115
08/21/2009,LNS,PA,AEA,EN,Federal Contract Tower,0,11,28,5,44,0,0,94,0,94,0,11,122,5,138,152,12,164,302
08/22/2009,LNS,PA,AEA,EN,Federal Contract Tower,0,15,20,0,35,0,1,20,0,21,0,16,40,0,56,304,0,304,360
08/23/2009,LNS,PA,AEA,EN,Federal Contract Tower,0,11,27,0,38,0,1,180,2,183,0,12,207,2,221,378,42,420,641
08/24/2009,LNS,PA,AEA,EN,Federal Contract Tower,0,12,39,10,61,0,4,158,4,166,0,16,197,14,227,168,14,182,409
08/25/2009,LNS,PA,AEA,EN,Federal Contract Tower,0,15,36,5,56,0,2,169,1,172,0,17,205,6,228,160,8,168,396
08/26/2009,LNS,PA,AEA,EN,Federal Contract Tower,0,16,36,2,54,0,1,133,0,134,0,17,169,2,188,152,4,156,344
08/27/2009,LNS,PA,AEA,EN,Federal Contract Tower,0,13,45,7,65,0,2,119,0,121,0,15,164,7,186,70,0,70,256
08/28/2009,LNS,PA,AEA,EN,Federal Contract Tower,0,10,32,0,42,0,0,4,0,4,0,10,36,0,46,14,0,14,60
08/29/2009,LNS,PA,AEA,EN,Federal Contract Tower,0,10,37,2,49,0,0,31,0,31,0,10,68,2,80,88,0,88,168
08/30/2009,LNS,PA,AEA,EN,Federal Contract Tower,0,11,36,2,49,0,0,155,0,155,0,11,191,2,204,138,0,138,342
08/31/2009,LNS,PA,AEA,EN,Federal Contract Tower,0,11,33,1,45,0,1,99,4,104,0,12,132,5,149,158,2,160,309
09/01/2009,LNS,PA,AEA,EN,Federal Contract Tower,0,10,31,6,47,0,0,166,0,166,0,10,197,6,213,104,0,104,317
09/02/2009,LNS,PA,AEA,EN,Federal Contract Tower,0,13,51,4,68,0,1,157,0,158,0,14,208,4,226,208,6,214,440
09/03/2009,LNS,PA,AEA,EN,Federal Contract Tower,0,12,42,2,56,0,3,175,0,178,0,15,217,2,234,222,0,222,456
09/04/2009,LNS,PA,AEA,EN,Federal Contract Tower,0,13,36,1,50,0,0,202,2,204,0,13,238,3,254,214,2,216,470
09/05/2009,LNS,PA,AEA,EN,Federal Contract Tower,0,12,19,0,31,0,0,194,0,194,0,12,213,0,225,80,0,80,305
09/06/2009,LNS,PA,AEA,EN,Federal Contract Tower,0,12,16,0,28,0,6,136,0,142,0,18,152,0,170,56,0,56,226
09/07/2009,LNS,PA,AEA,EN,Federal Contract Tower,0,10,47,0,57,0,0,27,0,27,0,10,74,0,84,84,0,84,168
09/08/2009,LNS,PA,AEA,EN,Federal Contract Tower,0,11,22,4,37,0,1,84,2,87,0,12,106,6,124,121,10,131,255
09/09/2009,LNS,PA,AEA,EN,Federal Contract Tower,0,10,26,14,50,0,0,39,0,39,0,10,65,14,89,36,28,64,153
09/10/2009,LNS,PA,AEA,EN,Federal Contract Tower,0,12,19,7,38,0,0,31,1,32,0,12,50,8,70,60,12,72,142
09/11/2009,LNS,PA,AEA,EN,Federal Contract Tower,0,11,23,0,34,0,0,2,0,2,0,11,25,0,36,0,0,0,36
09/12/2009,LNS,PA,AEA,EN,Federal Contract Tower,0,10,69,0,79,0,0,2,0,2,0,10,71,0,81,38,0,38,119
09/13/2009,LNS,PA,AEA,EN,Federal Contract Tower,0,10,34,0,44,0,3,152,0,155,0,13,186,0,199,160,0,160,359
09/14/2009,LNS,PA,AEA,EN,Federal Contract Tower,0,10,44,7,61,0,0,105,0,105,0,10,149,7,166,88,2,90,256
09/15/2009,LNS,PA,AEA,EN,Federal Contract Tower,0,10,26,2,38,0,2,103,0,105,0,12,129,2,143,76,0,76,219
09/16/2009,LNS,PA,AEA,EN,Federal Contract Tower,0,15,33,5,53,0,0,34,2,36,0,15,67,7,89,30,0,30,119
09/17/2009,LNS,PA,AEA,EN,Federal Contract Tower,0,20,46,3,69,0,3,31,0,34,0,23,77,3,103,38,0,38,141
09/18/2009,LNS,PA,AEA,EN,Federal Contract Tower,0,15,39,3,57,0,0,84,0,84,0,15,123,3,141,86,2,88,229
09/19/2009,LNS,PA,AEA,EN,Federal Contract Tower,0,12,47,0,59,0,1,219,0,220,0,13,266,0,279,152,0,152,431
09/20/2009,LNS,PA,AEA,EN,Federal Contract Tower,0,10,44,0,54,0,0,240,0,240,0,10,284,0,294,228,0,228,522
09/21/2009,LNS,PA,AEA,EN,Federal Contract Tower,0,12,23,5,40,0,0,93,0,93,0,12,116,5,133,66,6,72,205
09/22/2009,LNS,PA,AEA,EN,Federal Contract Tower,0,10,36,0,46,0,0,23,0,23,0,10,59,0,69,52,0,52,121
09/23/2009,LNS,PA,AEA,EN,Federal Contract Tower,0,21,29,4,54,0,0,41,0,41,0,21,70,4,95,112,8,120,215
09/24/2009,LNS,PA,AEA,EN,Federal Contract Tower,0,12,27,6,45,0,1,71,8,80,0,13,98,14,125,54,12,66,191
09/25/2009,LNS,PA,AEA,EN,Federal Contract Tower,0,17,52,1,70,0,1,191,0,192,0,18,243,1,262,138,2,140,402
09/26/2009,LNS,PA,AEA,EN,Federal Contract Tower,0,10,17,0,27,0,0,70,0,70,0,10,87,0,97,106,0,106,203
09/27/2009,LNS,PA,AEA,EN,Federal Contract Tower,0,10,31,0,41,0,0,19,0,19,0,10,50,0,60,58,0,58,118
09/28/2009,LNS,PA,AEA,EN,Federal Contract Tower,0,11,17,0,28,0,1,49,0,50,0,12,66,0,78,36,0,36,114
09/29/2009,LNS,PA,AEA,EN,Federal Contract Tower,0,12,24,5,41,0,0,29,0,29,0,12,53,5,70,64,2,66,136
09/30/2009,LNS,PA,AEA,EN,Federal Contract Tower,0,11,25,4,40,0,0,67,3,70,0,11,92,7,110,62,4,66,176
10/01/2009,LNS,PA,AEA,EN,Federal Contract Tower,0,13,46,9,68,0,4,136,6,146,0,17,182,15,214,184,20,204,418
10/02/2009,LNS,PA,AEA,EN,Federal Contract Tower,0,16,65,4,85,0,4,83,5,92,0,20,148,9,177,48,0,48,225
10/03/2009,LNS,PA,AEA,EN,Federal Contract Tower,0,10,44,0,54,0,0,132,0,132,0,10,176,0,186,78,0,78,264
10/04/2009,LNS,PA,AEA,EN,Federal Contract Tower,1,13,34,2,50,0,1,201,7,209,1,14,235,9,259,88,10,98,357
10/05/2009,LNS,PA,AEA,EN,Federal Contract Tower,0,11,29,0,40,0,2,98,4,104,0,13,127,4,144,42,10,52,196
10/06/2009,LNS,PA,AEA,EN,Federal Contract Tower,0,18,45,2,65,0,0,193,2,195,0,18,238,4,260,62,0,62,322
10/07/2009,LNS,PA,AEA,EN,Federal Contract Tower,0,8,13,7,28,0,0,11,0,11,0,8,24,7,39,0,2,2,41
10/08/2009,LNS,PA,AEA,EN,Federal Contract Tower,0,13,16,3,32,0,3,129,1,133,0,16,145,4,165,60,2,62,227
10/09/2009,LNS,PA,AEA,EN,Federal Contract Tower,0,14,34,3,51,0,0,52,0,52,0,14,86,3,103,128,6,134,237
10/10/2009,LNS,PA,AEA,EN,Federal Contract Tower,1,12,36,0,49,0,0,53,0,53,1,12,89,0,102,68,0,68,170
10/11/2009,LNS,PA,AEA,EN,Federal Contract Tower,0,12,25,0,37,0,0,213,0,213,0,12,238,0,250,102,0,102,352
10/12/2009,LNS,PA,AEA,EN,Federal Contract Tower,0,13,32,0,45,0,0,128,0,128,0,13,160,0,173,110,0,110,283
10/13/2009,LNS,PA,AEA,EN,Federal Contract Tower,0,11,20,7,38,0,0,54,0,54,0,11,74,7,92,30,10,40,132
10/14/2009,LNS,PA,AEA,EN,Federal Contract Tower,0,12,21,4,37,0,0,126,2,128,0,12,147,6,165,80,0,80,245
10/15/2009,LNS,PA,AEA,EN,Federal Contract Tower,0,14,15,0,29,0,0,4,0,4,0,14,19,0,33,6,0,6,39
10/16/2009,LNS,PA,AEA,EN,Federal Contract Tower,0,14,21,0,35,0,0,0,0,0,0,14,21,0,35,10,0,10,45
10/17/2009,LNS,PA,AEA,EN,Federal Contract Tower,0,17,7,0,24,0,0,0,0,0,0,17,7,0,24,6,0,6,30
10/18/2009,LNS,PA,AEA,EN,Federal Contract Tower,0,18,9,0,27,0,0,26,0,26,0,18,35,0,53,38,0,38,91
10/19/2009,LNS,PA,AEA,EN,Federal Contract Tower,0,16,29,11,56,0,2,145,0,147,0,18,174,11,203,226,34,260,463
10/20/2009,LNS,PA,AEA,EN,Federal Contract Tower,0,10,44,5,59,0,1,173,1,175,0,11,217,6,234,122,40,162,396
10/21/2009,LNS,PA,AEA,EN,Federal Contract Tower,0,10,29,8,47,0,1,148,9,158,0,11,177,17,205,112,28,140,345
10/22/2009,LNS,PA,AEA,EN,Federal Contract Tower,0,14,29,11,54,0,1,159,2,162,0,15,188,13,216,40,46,86,302
10/23/2009,LNS,PA,AEA,EN,Federal Contract Tower,0,16,28,10,54,0,0,37,3,40,0,16,65,13,94,6,20,26,120
10/24/2009,LNS,PA,AEA,EN,Federal Contract Tower,0,10,7,0,17,0,0,5,0,5,0,10,12,0,22,4,0,4,26
10/25/2009,LNS,PA,AEA,EN,Federal Contract Tower,0,10,49,0,59,0,0,179,0,179,0,10,228,0,238,144,0,144,382
10/26/2009,LNS,PA,AEA,EN,Federal Contract Tower,0,13,26,2,41,0,0,141,0,141,0,13,167,2,182,138,0,138,320
10/27/2009,LNS,PA,AEA,EN,Federal Contract Tower,0,15,38,2,55,0,0,0,0,0,0,15,38,2,55,2,0,2,57
10/28/2009,LNS,PA,AEA,EN,Federal Contract Tower,0,16,44,2,62,0,0,13,0,13,0,16,57,2,75,46,0,46,121
10/29/2009,LNS,PA,AEA,EN,Federal Contract Tower,0,12,59,4,75,0,0,40,0,40,0,12,99,4,115,134,10,144,259
10/30/2009,LNS,PA,AEA,EN,Federal Contract Tower,0,13,54,4,71,0,0,32,1,33,0,13,86,5,104,46,36,82,186
10/31/2009,LNS,PA,AEA,EN,Federal Contract Tower,0,14,20,0,34,0,0,0,0,0,0,14,20,0,34,8,0,8,42
11/01/2009,LNS,PA,AEA,EN,Federal Contract Tower,0,13,36,0,49,0,0,121,0,121,0,13,157,0,170,178,0,178,348
11/02/2009,LNS,PA,AEA,EN,Federal Contract Tower,0,11,24,5,40,0,1,96,1,98,0,12,120,6,138,32,36,68,206
11/03/2009,LNS,PA,AEA,EN,Federal Contract Tower,0,10,39,2,51,0,2,123,0,125,0,12,162,2,176,108,4,112,288
11/04/2009,LNS,PA,AEA,EN,Federal Contract Tower,0,10,26,5,41,0,0,152,6,158,0,10,178,11,199,134,50,184,383
11/05/2009,LNS,PA,AEA,EN,Federal Contract Tower,0,10,22,3,35,0,3,70,9,82,0,13,92,12,117,84,0,84,201
11/06/2009,LNS,PA,AEA,EN,Federal Contract Tower,0,14,22,0,36,0,11,66,0,77,0,25,88,0,113,46,0,46,159
11/07/2009,LNS,PA,AEA,EN,Federal Contract Tower,0,10,38,7,55,0,0,125,1,126,0,10,163,8,181,112,0,112,293
11/08/2009,LNS,PA,AEA,EN,Federal Contract Tower,0,12,34,0,46,0,0,186,0,186,0,12,220,0,232,60,0,60,292
11/09/2009,LNS,PA,AEA,EN,Federal Contract Tower,0,10,31,7,48,0,1,104,9,114,0,11,135,16,162,162,38,200,362
11/10/2009,LNS,PA,AEA,EN,Federal Contract Tower,0,13,42,2,57,0,0,73,4,77,0,13,115,6,134,76,0,76,210
11/11/2009,LNS,PA,AEA,EN,Federal Contract Tower,0,12,24,3,39,0,1,53,0,54,0,13,77,3,93,122,6,128,221
11/12/2009,LNS,PA,AEA,EN,Federal Contract Tower,0,16,25,5,46,0,1,47,0,48,0,17,72,5,94,28,0,28,122
11/13/2009,LNS,PA,AEA,EN,Federal Contract Tower,0,11,14,2,27,0,0,21,0,21,0,11,35,2,48,20,4,24,72
11/14/2009,LNS,PA,AEA,EN,Federal Contract Tower,0,10,61,0,71,0,0,1,0,1,0,10,62,0,72,44,0,44,116
11/15/2009,LNS,PA,AEA,EN,Federal Contract Tower,0,12,40,0,52,0,1,211,0,212,0,13,251,0,264,138,0,138,402
11/16/2009,LNS,PA,AEA,EN,Federal Contract Tower,0,10,29,3,42,0,0,112,0,112,0,10,141,3,154,110,2,112,266
11/17/2009,LNS,PA,AEA,EN,Federal Contract Tower,0,12,41,12,65,0,2,149,5,156,0,14,190,17,221,68,88,156,377
11/18/2009,LNS,PA,AEA,EN,Federal Contract Tower,0,14,40,13,67,0,4,112,0,116,0,18,152,13,183,170,46,216,399
11/19/2009,LNS,PA,AEA,EN,Federal Contract Tower,0,13,23,0,36,0,0,0,0,0,0,13,23,0,36,0,0,0,36
11/20/2009,LNS,PA,AEA,EN,Federal Contract Tower,0,10,45,4,59,0,0,137,7,144,0,10,182,11,203,138,46,184,387
11/21/2009,LNS,PA,AEA,EN,Federal Contract Tower,0,10,29,0,39,0,1,238,0,239,0,11,267,0,278,168,0,168,446
11/22/2009,LNS,PA,AEA,EN,Federal Contract Tower,0,11,35,0,46,0,0,163,0,163,0,11,198,0,209,128,0,128,337
11/23/2009,LNS,PA,AEA,EN,Federal Contract Tower,0,11,31,7,49,0,0,25,0,25,0,11,56,7,74,60,4,64,138
11/24/2009,LNS,PA,AEA,EN,Federal Contract Tower,0,16,24,0,40,0,0,0,0,0,0,16,24,0,40,2,0,2,42
11/25/2009,LNS,PA,AEA,EN,Federal Contract Tower,0,15,22,0,37,0,0,4,0,4,0,15,26,0,41,0,0,0,41
11/26/2009,LNS,PA,AEA,EN,Federal Contract Tower,0,9,15,0,24,0,0,0,0,0,0,9,15,0,24,0,0,0,24
11/27/2009,LNS,PA,AEA,EN,Federal Contract Tower,0,9,7,0,16,0,0,22,0,22,0,9,29,0,38,24,0,24,62
11/28/2009,LNS,PA,AEA,EN,Federal Contract Tower,0,12,18,0,30,0,0,32,0,32,0,12,50,0,62,16,0,16,78
11/29/2009,LNS,PA,AEA,EN,Federal Contract Tower,1,12,46,0,59,0,0,232,0,232,1,12,278,0,291,126,0,126,417
11/30/2009,LNS,PA,AEA,EN,Federal Contract Tower,0,13,21,18,52,0,1,24,2,27,0,14,45,20,79,2,24,26,105
12/01/2009,LNS,PA,AEA,EN,Federal Contract Tower,0,11,40,7,58,0,0,82,4,86,0,11,122,11,144,112,22,134,278
12/02/2009,LNS,PA,AEA,EN,Federal Contract Tower,0,13,24,12,49,0,1,48,4,53,0,14,72,16,102,92,34,126,228
12/03/2009,LNS,PA,AEA,EN,Federal Contract Tower,0,12,26,8,46,0,0,54,4,58,0,12,80,12,104,100,16,116,220
12/04/2009,LNS,PA,AEA,EN,Federal Contract Tower,0,10,58,6,74,0,3,149,0,152,0,13,207,6,226,148,0,148,374
12/05/2009,LNS,PA,AEA,EN,Federal Contract Tower,1,5,13,0,19,0,0,6,0,6,1,5,19,0,25,82,0,82,107
12/06/2009,LNS,PA,AEA,EN,Federal Contract Tower,0,10,19,0,29,0,0,150,0,150,0,10,169,0,179,120,0,120,299
12/07/2009,LNS,PA,AEA,EN,Federal Contract Tower,0,11,34,0,45,0,0,78,0,78,0,11,112,0,123,114,0,114,237
12/08/2009,LNS,PA,AEA,EN,Federal Contract Tower,0,10,35,7,52,0,0,61,0,61,0,10,96,7,113,74,16,90,203
12/09/2009,LNS,PA,AEA,EN,Federal Contract Tower,0,11,8,0,19,0,0,0,0,0,0,11,8,0,19,0,0,0,19
12/10/2009,LNS,PA,AEA,EN,Federal Contract Tower,0,16,15,7,38,0,1,34,2,37,0,17,49,9,75,18,8,26,101
12/11/2009,LNS,PA,AEA,EN,Federal Contract Tower,0,12,15,3,30,0,0,59,2,61,0,12,74,5,91,10,6,16,107
12/12/2009,LNS,PA,AEA,EN,Federal Contract Tower,0,16,66,0,82,0,0,235,0,235,0,16,301,0,317,228,0,228,545
12/13/2009,LNS,PA,AEA,EN,Federal Contract Tower,0,12,2,0,14,0,0,0,0,0,0,12,2,0,14,0,0,0,14
12/14/2009,LNS,PA,AEA,EN,Federal Contract Tower,0,11,41,0,52,0,0,90,0,90,0,11,131,0,142,110,0,110,252
12/15/2009,LNS,PA,AEA,EN,Federal Contract Tower,0,10,25,5,40,0,0,16,1,17,0,10,41,6,57,58,4,62,119
12/16/2009,LNS,PA,AEA,EN,Federal Contract Tower,0,10,30,5,45,0,0,63,2,65,0,10,93,7,110,18,10,28,138
12/17/2009,LNS,PA,AEA,EN,Federal Contract Tower,0,16,34,0,50,0,0,75,0,75,0,16,109,0,125,30,0,30,155
12/18/2009,LNS,PA,AEA,EN,Federal Contract Tower,0,10,44,5,59,0,0,164,0,164,0,10,208,5,223,152,10,162,385
12/19/2009,LNS,PA,AEA,EN,Federal Contract Tower,0,0,0,0,0,0,0,0,0,0,0,0,0,0,0,0,0,0,0
12/20/2009,LNS,PA,AEA,EN,Federal Contract Tower,0,1,8,0,9,0,0,6,0,6,0,1,14,0,15,0,0,0,15
12/21/2009,LNS,PA,AEA,EN,Federal Contract Tower,0,16,30,0,46,0,6,43,0,49,0,22,73,0,95,32,0,32,127
12/22/2009,LNS,PA,AEA,EN,Federal Contract Tower,0,12,17,0,29,0,0,103,0,103,0,12,120,0,132,120,2,122,254
12/23/2009,LNS,PA,AEA,EN,Federal Contract Tower,0,12,19,0,31,0,0,82,0,82,0,12,101,0,113,50,0,50,163
12/24/2009,LNS,PA,AEA,EN,Federal Contract Tower,0,13,6,0,19,0,0,82,0,82,0,13,88,0,101,62,0,62,163
12/25/2009,LNS,PA,AEA,EN,Federal Contract Tower,0,8,2,0,10,0,0,0,0,0,0,8,2,0,10,0,0,0,10
12/26/2009,LNS,PA,AEA,EN,Federal Contract Tower,0,12,4,0,16,0,0,0,0,0,0,12,4,0,16,0,0,0,16
12/27/2009,LNS,PA,AEA,EN,Federal Contract Tower,0,13,49,0,62,0,7,154,0,161,0,20,203,0,223,54,0,54,277
12/28/2009,LNS,PA,AEA,EN,Federal Contract Tower,0,13,8,0,21,0,0,36,0,36,0,13,44,0,57,48,0,48,105
12/29/2009,LNS,PA,AEA,EN,Federal Contract Tower,0,11,1,0,12,0,0,5,0,5,0,11,6,0,17,0,0,0,17
12/30/2009,LNS,PA,AEA,EN,Federal Contract Tower,0,17,30,2,49,0,5,164,2,171,0,22,194,4,220,98,0,98,318
12/31/2009,LNS,PA,AEA,EN,Federal Contract Tower,0,6,2,0,8,0,0,0,0,0,0,6,2,0,8,0,0,0,8
01/01/2010,LNS,PA,AEA,EN,Federal Contract Tower,0,12,3,0,15,0,0,4,0,4,0,12,7,0,19,0,0,0,19
01/02/2010,LNS,PA,AEA,EN,Federal Contract Tower,0,8,12,0,20,0,0,11,0,11,0,8,23,0,31,28,0,28,59
01/03/2010,LNS,PA,AEA,EN,Federal Contract Tower,0,5,6,0,11,0,1,0,0,1,0,6,6,0,12,0,0,0,12
01/04/2010,LNS,PA,AEA,EN,Federal Contract Tower,0,13,13,0,26,0,0,24,0,24,0,13,37,0,50,22,0,22,72
01/05/2010,LNS,PA,AEA,EN,Federal Contract Tower,0,10,14,0,24,0,0,57,0,57,0,10,71,0,81,40,0,40,121
01/06/2010,LNS,PA,AEA,EN,Federal Contract Tower,0,12,5,2,19,0,0,22,7,29,0,12,27,9,48,16,10,26,74
01/07/2010,LNS,PA,AEA,EN,Federal Contract Tower,0,12,17,1,30,0,0,107,0,107,0,12,124,1,137,70,2,72,209
01/08/2010,LNS,PA,AEA,EN,Federal Contract Tower,0,12,6,5,23,0,0,2,0,2,0,12,8,5,25,6,0,6,31
01/09/2010,LNS,PA,AEA,EN,Federal Contract Tower,0,11,20,0,31,0,0,92,0,92,0,11,112,0,123,78,0,78,201
01/10/2010,LNS,PA,AEA,EN,Federal Contract Tower,0,10,19,0,29,0,0,188,0,188,0,10,207,0,217,130,0,130,347
01/11/2010,LNS,PA,AEA,EN,Federal Contract Tower,0,13,9,2,24,0,0,62,4,66,0,13,71,6,90,54,20,74,164
01/12/2010,LNS,PA,AEA,EN,Federal Contract Tower,0,11,11,3,25,0,0,42,2,44,0,11,53,5,69,8,2,10,79
01/13/2010,LNS,PA,AEA,EN,Federal Contract Tower,0,11,31,4,46,0,0,97,5,102,0,11,128,9,148,74,8,82,230
01/14/2010,LNS,PA,AEA,EN,Federal Contract Tower,0,11,43,2,56,0,0,156,0,156,0,11,199,2,212,108,0,108,320
01/15/2010,LNS,PA,AEA,EN,Federal Contract Tower,0,12,31,3,46,0,0,123,1,124,0,12,154,4,170,66,54,120,290
01/16/2010,LNS,PA,AEA,EN,Federal Contract Tower,0,10,29,0,39,0,0,219,0,219,0,10,248,0,258,246,0,246,504
01/17/2010,LNS,PA,AEA,EN,Federal Contract Tower,0,12,5,0,17,0,0,0,0,0,0,12,5,0,17,0,0,0,17
01/18/2010,LNS,PA,AEA,EN,Federal Contract Tower,0,11,19,0,30,0,0,84,0,84,0,11,103,0,114,74,0,74,188
01/19/2010,LNS,PA,AEA,EN,Federal Contract Tower,0,10,13,0,23,0,0,62,6,68,0,10,75,6,91,38,24,62,153
01/20/2010,LNS,PA,AEA,EN,Federal Contract Tower,0,11,14,7,32,0,0,82,9,91,0,11,96,16,123,42,48,90,213
01/21/2010,LNS,PA,AEA,EN,Federal Contract Tower,0,11,12,11,34,0,0,97,3,100,0,11,109,14,134,82,36,118,252
01/22/2010,LNS,PA,AEA,EN,Federal Contract Tower,0,13,12,5,30,0,0,37,3,40,0,13,49,8,70,30,54,84,154
01/23/2010,LNS,PA,AEA,EN,Federal Contract Tower,0,10,51,0,61,0,0,227,0,227,0,10,278,0,288,192,0,192,480
01/24/2010,LNS,PA,AEA,EN,Federal Contract Tower,0,14,12,0,26,0,0,3,0,3,0,14,15,0,29,14,0,14,43
01/25/2010,LNS,PA,AEA,EN,Federal Contract Tower,0,10,9,0,19,0,0,6,0,6,0,10,15,0,25,6,0,6,31
01/26/2010,LNS,PA,AEA,EN,Federal Contract Tower,0,13,23,14,50,0,0,59,4,63,0,13,82,18,113,38,84,122,235
01/27/2010,LNS,PA,AEA,EN,Federal Contract Tower,0,13,22,7,42,0,0,98,1,99,0,13,120,8,141,132,32,164,305
01/28/2010,LNS,PA,AEA,EN,Federal Contract Tower,0,12,13,6,31,0,0,24,0,24,0,12,37,6,55,30,6,36,91
01/29/2010,LNS,PA,AEA,EN,Federal Contract Tower,0,12,32,2,46,0,3,66,2,71,0,15,98,4,117,88,28,116,233
01/30/2010,LNS,PA,AEA,EN,Federal Contract Tower,0,8,13,0,21,0,0,53,0,53,0,8,66,0,74,56,8,64,138
01/31/2010,LNS,PA,AEA,EN,Federal Contract Tower,0,13,33,0,46,0,0,141,0,141,0,13,174,0,187,84,0,84,271
02/01/2010,LNS,PA,AEA,EN,Federal Contract Tower,0,10,25,2,37,0,0,100,0,100,0,10,125,2,137,126,0,126,263
02/02/2010,LNS,PA,AEA,EN,Federal Contract Tower,0,13,27,4,44,0,0,58,1,59,0,13,85,5,103,58,0,58,161
02/03/2010,LNS,PA,AEA,EN,Federal Contract Tower,0,10,5,1,16,0,0,33,0,33,0,10,38,1,49,6,0,6,55
02/04/2010,LNS,PA,AEA,EN,Federal Contract Tower,0,11,28,2,41,0,3,121,4,128,0,14,149,6,169,88,4,92,261
02/05/2010,LNS,PA,AEA,EN,Federal Contract Tower,0,2,13,0,15,0,2,38,2,42,0,4,51,2,57,74,14,88,145
02/06/2010,LNS,PA,AEA,EN,Federal Contract Tower,0,0,1,0,1,0,0,0,0,0,0,0,1,0,1,0,0,0,1
02/07/2010,LNS,PA,AEA,EN,Federal Contract Tower,0,0,6,0,6,0,0,37,0,37,0,0,43,0,43,30,0,30,73
02/08/2010,LNS,PA,AEA,EN,Federal Contract Tower,0,13,9,5,27,0,0,1,0,1,0,13,10,5,28,46,46,92,120
02/09/2010,LNS,PA,AEA,EN,Federal Contract Tower,0,6,13,0,19,0,0,54,2,56,0,6,67,2,75,58,0,58,133
02/10/2010,LNS,PA,AEA,EN,Federal Contract Tower,0,0,0,0,0,0,0,0,0,0,0,0,0,0,0,0,0,0,0
02/11/2010,LNS,PA,AEA,EN,Federal Contract Tower,0,4,2,0,6,0,0,0,0,0,0,4,2,0,6,0,0,0,6
02/12/2010,LNS,PA,AEA,EN,Federal Contract Tower,0,10,12,6,28,0,0,40,7,47,0,10,52,13,75,42,22,64,139
02/13/2010,LNS,PA,AEA,EN,Federal Contract Tower,0,10,10,0,20,0,0,43,0,43,0,10,53,0,63,104,0,104,167
02/14/2010,LNS,PA,AEA,EN,Federal Contract Tower,0,10,21,0,31,0,0,36,0,36,0,10,57,0,67,46,0,46,113
02/15/2010,LNS,PA,AEA,EN,Federal Contract Tower,0,14,30,0,44,0,0,48,0,48,0,14,78,0,92,58,0,58,150
02/16/2010,LNS,PA,AEA,EN,Federal Contract Tower,0,12,9,3,24,0,2,16,1,19,0,14,25,4,43,6,0,6,49
02/17/2010,LNS,PA,AEA,EN,Federal Contract Tower,0,14,19,2,35,0,0,62,0,62,0,14,81,2,97,76,0,76,173
02/18/2010,LNS,PA,AEA,EN,Federal Contract Tower,0,13,10,16,39,0,1,76,5,82,0,14,86,21,121,54,34,88,209
02/19/2010,LNS,PA,AEA,EN,Federal Contract Tower,0,13,15,13,41,0,0,55,7,62,0,13,70,20,103,2,18,20,123
02/20/2010,LNS,PA,AEA,EN,Federal Contract Tower,0,10,42,2,54,0,0,170,0,170,0,10,212,2,224,128,2,130,354
02/21/2010,LNS,PA,AEA,EN,Federal Contract Tower,1,10,36,0,47,0,0,212,2,214,1,10,248,2,261,146,0,146,407
02/22/2010,LNS,PA,AEA,EN,Federal Contract Tower,0,10,10,4,24,0,0,32,0,32,0,10,42,4,56,106,16,122,178
02/23/2010,LNS,PA,AEA,EN,Federal Contract Tower,0,11,11,2,24,0,0,0,0,0,0,11,11,2,24,0,0,0,24
02/24/2010,LNS,PA,AEA,EN,Federal Contract Tower,0,15,22,13,50,0,0,48,1,49,0,15,70,14,99,152,6,158,257
02/25/2010,LNS,PA,AEA,EN,Federal Contract Tower,0,10,9,0,19,0,0,2,0,2,0,10,11,0,21,12,0,12,33
02/26/2010,LNS,PA,AEA,EN,Federal Contract Tower,0,4,7,0,11,0,0,1,0,1,0,4,8,0,12,0,0,0,12
02/27/2010,LNS,PA,AEA,EN,Federal Contract Tower,1,10,12,0,23,0,0,52,0,52,1,10,64,0,75,68,0,68,143
02/28/2010,LNS,PA,AEA,EN,Federal Contract Tower,0,11,8,0,19,0,0,18,0,18,0,11,26,0,37,118,0,118,155
03/01/2010,LNS,PA,AEA,EN,Federal Contract Tower,0,11,22,6,39,0,0,33,0,33,0,11,55,6,72,32,12,44,116
03/02/2010,LNS,PA,AEA,EN,Federal Contract Tower,0,10,17,6,33,0,0,81,4,85,0,10,98,10,118,64,14,78,196
03/03/2010,LNS,PA,AEA,EN,Federal Contract Tower,0,14,16,17,47,0,0,9,4,13,0,14,25,21,60,44,48,92,152
03/04/2010,LNS,PA,AEA,EN,Federal Contract Tower,0,12,30,2,44,0,1,77,10,88,0,13,107,12,132,96,0,96,228
03/05/2010,LNS,PA,AEA,EN,Federal Contract Tower,0,14,33,1,48,0,1,122,3,126,0,15,155,4,174,58,4,62,236
03/06/2010,LNS,PA,AEA,EN,Federal Contract Tower,0,12,38,0,50,0,4,228,2,234,0,16,266,2,284,136,0,136,420
03/07/2010,LNS,PA,AEA,EN,Federal Contract Tower,0,12,33,0,45,0,1,226,0,227,0,13,259,0,272,150,0,150,422
03/08/2010,LNS,PA,AEA,EN,Federal Contract Tower,0,10,46,3,59,0,1,89,2,92,0,11,135,5,151,176,10,186,337
03/09/2010,LNS,PA,AEA,EN,Federal Contract Tower,0,14,46,7,67,0,1,140,1,142,0,15,186,8,209,202,12,214,423
03/10/2010,LNS,PA,AEA,EN,Federal Contract Tower,0,11,14,8,33,0,0,82,5,87,0,11,96,13,120,86,30,116,236
03/11/2010,LNS,PA,AEA,EN,Federal Contract Tower,0,13,50,25,88,0,1,78,0,79,0,14,128,25,167,132,18,150,317
03/12/2010,LNS,PA,AEA,EN,Federal Contract Tower,0,13,29,0,42,0,0,0,0,0,0,13,29,0,42,2,0,2,44
03/13/2010,LNS,PA,AEA,EN,Federal Contract Tower,0,8,1,0,9,0,0,0,0,0,0,8,1,0,9,0,0,0,9
03/14/2010,LNS,PA,AEA,EN,Federal Contract Tower,0,13,14,0,27,0,0,0,0,0,0,13,14,0,27,8,0,8,35
03/15/2010,LNS,PA,AEA,EN,Federal Contract Tower,0,16,13,3,32,0,0,15,0,15,0,16,28,3,47,8,6,14,61
03/16/2010,LNS,PA,AEA,EN,Federal Contract Tower,0,11,40,9,60,0,1,100,1,102,0,12,140,10,162,148,12,160,322
03/17/2010,LNS,PA,AEA,EN,Federal Contract Tower,0,11,37,20,68,0,0,182,1,183,0,11,219,21,251,212,22,234,485
03/18/2010,LNS,PA,AEA,EN,Federal Contract Tower,0,12,47,17,76,0,0,236,2,238,0,12,283,19,314,158,0,158,472
03/19/2010,LNS,PA,AEA,EN,Federal Contract Tower,0,17,38,0,55,0,5,173,2,180,0,22,211,2,235,200,2,202,437
03/20/2010,LNS,PA,AEA,EN,Federal Contract Tower,0,8,51,0,59,0,1,232,0,233,0,9,283,0,292,232,0,232,524
03/21/2010,LNS,PA,AEA,EN,Federal Contract Tower,0,10,46,0,56,0,0,186,0,186,0,10,232,0,242,188,0,188,430
03/22/2010,LNS,PA,AEA,EN,Federal Contract Tower,0,9,7,0,16,0,0,2,0,2,0,9,9,0,18,58,0,58,76
03/23/2010,LNS,PA,AEA,EN,Federal Contract Tower,0,12,5,0,17,0,0,45,1,46,0,12,50,1,63,108,0,108,171
03/24/2010,LNS,PA,AEA,EN,Federal Contract Tower,0,12,22,14,48,0,20,68,0,88,0,32,90,14,136,210,36,246,382
03/25/2010,LNS,PA,AEA,EN,Federal Contract Tower,0,13,39,14,66,0,4,106,7,117,0,17,145,21,183,170,16,186,369
03/26/2010,LNS,PA,AEA,EN,Federal Contract Tower,0,18,26,0,44,0,0,69,2,71,0,18,95,2,115,88,0,88,203
03/27/2010,LNS,PA,AEA,EN,Federal Contract Tower,0,15,39,0,54,0,1,272,0,273,0,16,311,0,327,252,0,252,579
03/28/2010,LNS,PA,AEA,EN,Federal Contract Tower,0,12,20,0,32,0,0,42,0,42,0,12,62,0,74,112,0,112,186
03/29/2010,LNS,PA,AEA,EN,Federal Contract Tower,0,12,12,0,24,0,0,2,0,2,0,12,14,0,26,40,0,40,66
03/30/2010,LNS,PA,AEA,EN,Federal Contract Tower,0,11,14,2,27,0,0,2,0,2,0,11,16,2,29,0,4,4,33
03/31/2010,LNS,PA,AEA,EN,Federal Contract Tower,0,10,23,5,38,0,1,103,0,104,0,11,126,5,142,126,46,172,314
04/01/2010,LNS,PA,AEA,EN,Federal Contract Tower,0,14,44,7,65,0,0,227,2,229,0,14,271,9,294,308,6,314,608
04/02/2010,LNS,PA,AEA,EN,Federal Contract Tower,0,11,48,15,74,0,0,235,0,235,0,11,283,15,309,274,30,304,613
04/03/2010,LNS,PA,AEA,EN,Federal Contract Tower,0,10,49,0,59,0,0,98,0,98,0,10,147,0,157,108,0,108,265
04/04/2010,LNS,PA,AEA,EN,Federal Contract Tower,1,11,11,0,23,0,0,36,0,36,1,11,47,0,59,46,0,46,105
04/05/2010,LNS,PA,AEA,EN,Federal Contract Tower,0,13,32,0,45,0,2,126,0,128,0,15,158,0,173,84,0,84,257
04/06/2010,LNS,PA,AEA,EN,Federal Contract Tower,0,14,20,3,37,0,0,103,3,106,0,14,123,6,143,32,6,38,181
04/07/2010,LNS,PA,AEA,EN,Federal Contract Tower,0,13,17,6,36,0,2,119,0,121,0,15,136,6,157,38,20,58,215
04/08/2010,LNS,PA,AEA,EN,Federal Contract Tower,0,12,21,0,33,0,0,74,0,74,0,12,95,0,107,72,0,72,179
04/09/2010,LNS,PA,AEA,EN,Federal Contract Tower,0,15,31,8,54,0,0,69,2,71,0,15,100,10,125,58,64,122,247
04/10/2010,LNS,PA,AEA,EN,Federal Contract Tower,2,9,38,0,49,0,0,142,4,146,2,9,180,4,195,110,0,110,305
04/11/2010,LNS,PA,AEA,EN,Federal Contract Tower,0,13,47,2,62,0,0,263,2,265,0,13,310,4,327,270,6,276,603
04/12/2010,LNS,PA,AEA,EN,Federal Contract Tower,0,14,23,3,40,0,0,118,11,129,0,14,141,14,169,132,38,170,339
04/13/2010,LNS,PA,AEA,EN,Federal Contract Tower,0,16,24,1,41,0,0,14,2,16,0,16,38,3,57,0,2,2,59
04/14/2010,LNS,PA,AEA,EN,Federal Contract Tower,0,9,38,10,57,0,3,116,4,123,0,12,154,14,180,154,24,178,358
04/15/2010,LNS,PA,AEA,EN,Federal Contract Tower,0,11,40,6,57,0,0,127,2,129,0,11,167,8,186,272,8,280,466
04/16/2010,LNS,PA,AEA,EN,Federal Contract Tower,0,19,23,3,45,0,0,66,2,68,0,19,89,5,113,44,0,44,157
04/17/2010,LNS,PA,AEA,EN,Federal Contract Tower,0,8,13,0,21,0,0,40,0,40,0,8,53,0,61,54,0,54,115
04/18/2010,LNS,PA,AEA,EN,Federal Contract Tower,0,8,20,0,28,0,1,86,0,87,0,9,106,0,115,90,0,90,205
04/19/2010,LNS,PA,AEA,EN,Federal Contract Tower,0,13,18,3,34,0,0,80,0,80,0,13,98,3,114,76,2,78,192
04/20/2010,LNS,PA,AEA,EN,Federal Contract Tower,0,13,38,22,73,0,0,169,3,172,0,13,207,25,245,108,0,108,353
04/21/2010,LNS,PA,AEA,EN,Federal Contract Tower,0,10,25,8,43,0,0,61,4,65,0,10,86,12,108,126,0,126,234
04/22/2010,LNS,PA,AEA,EN,Federal Contract Tower,0,8,40,3,51,0,0,55,1,56,0,8,95,4,107,122,12,134,241
04/23/2010,LNS,PA,AEA,EN,Federal Contract Tower,0,16,48,0,64,0,0,195,0,195,0,16,243,0,259,170,0,170,429
04/24/2010,LNS,PA,AEA,EN,Federal Contract Tower,0,10,48,0,58,0,0,150,0,150,0,10,198,0,208,196,0,196,404
04/25/2010,LNS,PA,AEA,EN,Federal Contract Tower,0,21,12,0,33,0,0,0,0,0,0,21,12,0,33,0,0,0,33
04/26/2010,LNS,PA,AEA,EN,Federal Contract Tower,0,13,18,0,31,0,0,0,0,0,0,13,18,0,31,0,0,0,31
04/27/2010,LNS,PA,AEA,EN,Federal Contract Tower,0,12,25,6,43,0,0,47,2,49,0,12,72,8,92,10,0,10,102
04/28/2010,LNS,PA,AEA,EN,Federal Contract Tower,0,14,15,15,44,0,0,43,10,53,0,14,58,25,97,94,46,140,237
04/29/2010,LNS,PA,AEA,EN,Federal Contract Tower,0,9,36,9,54,0,2,98,4,104,0,11,134,13,158,126,38,164,322
04/30/2010,LNS,PA,AEA,EN,Federal Contract Tower,0,17,62,3,82,0,2,191,7,200,0,19,253,10,282,318,12,330,612
05/01/2010,LNS,PA,AEA,EN,Federal Contract Tower,0,8,45,0,53,0,0,249,0,249,0,8,294,0,302,176,0,176,478
05/02/2010,LNS,PA,AEA,EN,Federal Contract Tower,0,7,17,0,24,0,0,96,0,96,0,7,113,0,120,178,0,178,298
05/03/2010,LNS,PA,AEA,EN,Federal Contract Tower,0,15,16,9,40,0,0,33,6,39,0,15,49,15,79,78,4,82,161
05/04/2010,LNS,PA,AEA,EN,Federal Contract Tower,0,10,23,13,46,0,1,97,7,105,0,11,120,20,151,182,18,200,351
05/05/2010,LNS,PA,AEA,EN,Federal Contract Tower,0,10,26,23,59,0,0,204,15,219,0,10,230,38,278,198,62,260,538
05/06/2010,LNS,PA,AEA,EN,Federal Contract Tower,0,10,32,3,45,0,1,68,4,73,0,11,100,7,118,110,2,112,230
05/07/2010,LNS,PA,AEA,EN,Federal Contract Tower,0,12,39,0,51,0,0,170,0,170,0,12,209,0,221,34,0,34,255
05/08/2010,LNS,PA,AEA,EN,Federal Contract Tower,0,6,3,0,9,0,1,6,2,9,0,7,9,2,18,2,0,2,20
05/09/2010,LNS,PA,AEA,EN,Federal Contract Tower,0,10,12,0,22,0,0,22,0,22,0,10,34,0,44,16,0,16,60
05/10/2010,LNS,PA,AEA,EN,Federal Contract Tower,0,12,23,0,35,0,0,81,0,81,0,12,104,0,116,22,0,22,138
05/11/2010,LNS,PA,AEA,EN,Federal Contract Tower,0,19,20,5,44,0,0,69,2,71,0,19,89,7,115,94,62,156,271
05/12/2010,LNS,PA,AEA,EN,Federal Contract Tower,0,11,22,0,33,0,0,0,0,0,0,11,22,0,33,0,0,0,33
05/13/2010,LNS,PA,AEA,EN,Federal Contract Tower,0,10,51,4,65,0,0,142,2,144,0,10,193,6,209,142,4,146,355
05/14/2010,LNS,PA,AEA,EN,Federal Contract Tower,0,12,35,3,50,0,0,23,0,23,0,12,58,3,73,18,2,20,93
05/15/2010,LNS,PA,AEA,EN,Federal Contract Tower,0,10,30,4,44,0,0,143,0,143,0,10,173,4,187,106,0,106,293
05/16/2010,LNS,PA,AEA,EN,Federal Contract Tower,0,9,37,0,46,0,0,230,0,230,0,9,267,0,276,136,0,136,412
05/17/2010,LNS,PA,AEA,EN,Federal Contract Tower,0,13,35,0,48,0,0,79,0,79,0,13,114,0,127,76,0,76,203
05/18/2010,LNS,PA,AEA,EN,Federal Contract Tower,0,12,30,6,48,0,0,0,0,0,0,12,30,6,48,0,0,0,48
05/19/2010,LNS,PA,AEA,EN,Federal Contract Tower,0,15,67,12,94,0,0,68,0,68,0,15,135,12,162,92,14,106,268
05/20/2010,LNS,PA,AEA,EN,Federal Contract Tower,0,12,40,6,58,0,0,189,2,191,0,12,229,8,249,132,20,152,401
05/21/2010,LNS,PA,AEA,EN,Federal Contract Tower,0,12,37,8,57,0,0,207,0,207,0,12,244,8,264,126,0,126,390
05/22/2010,LNS,PA,AEA,EN,Federal Contract Tower,0,8,21,0,29,0,0,107,0,107,0,8,128,0,136,76,0,76,212
05/23/2010,LNS,PA,AEA,EN,Federal Contract Tower,0,8,34,0,42,0,0,8,0,8,0,8,42,0,50,36,0,36,86
05/24/2010,LNS,PA,AEA,EN,Federal Contract Tower,0,12,26,3,41,0,0,23,0,23,0,12,49,3,64,68,4,72,136
05/25/2010,LNS,PA,AEA,EN,Federal Contract Tower,0,10,70,4,84,0,0,150,0,150,0,10,220,4,234,152,48,200,434
05/26/2010,LNS,PA,AEA,EN,Federal Contract Tower,0,14,42,6,62,0,0,148,0,148,0,14,190,6,210,140,6,146,356
05/27/2010,LNS,PA,AEA,EN,Federal Contract Tower,0,11,35,2,48,0,2,104,2,108,0,13,139,4,156,8,18,26,182
05/28/2010,LNS,PA,AEA,EN,Federal Contract Tower,0,15,42,2,59,0,0,46,0,46,0,15,88,2,105,124,26,150,255
05/29/2010,LNS,PA,AEA,EN,Federal Contract Tower,0,8,30,0,38,0,0,44,0,44,0,8,74,0,82,134,0,134,216
05/30/2010,LNS,PA,AEA,EN,Federal Contract Tower,0,8,26,0,34,0,0,164,0,164,0,8,190,0,198,84,0,84,282
05/31/2010,LNS,PA,AEA,EN,Federal Contract Tower,0,12,24,0,36,0,0,97,0,97,0,12,121,0,133,78,0,78,211
06/01/2010,LNS,PA,AEA,EN,Federal Contract Tower,0,12,24,9,45,0,0,40,0,40,0,12,64,9,85,84,0,84,169
06/02/2010,LNS,PA,AEA,EN,Federal Contract Tower,0,11,17,6,34,0,0,142,4,146,0,11,159,10,180,100,54,154,334
06/03/2010,LNS,PA,AEA,EN,Federal Contract Tower,0,14,29,2,45,0,1,105,6,112,0,15,134,8,157,120,12,132,289
06/04/2010,LNS,PA,AEA,EN,Federal Contract Tower,0,14,43,0,57,0,0,72,2,74,0,14,115,2,131,80,0,80,211
06/05/2010,LNS,PA,AEA,EN,Federal Contract Tower,0,11,12,0,23,0,0,87,0,87,0,11,99,0,110,154,0,154,264
06/06/2010,LNS,PA,AEA,EN,Federal Contract Tower,0,15,13,0,28,0,0,53,0,53,0,15,66,0,81,86,0,86,167
06/07/2010,LNS,PA,AEA,EN,Federal Contract Tower,0,14,29,4,47,0,0,126,2,128,0,14,155,6,175,134,4,138,313
06/08/2010,LNS,PA,AEA,EN,Federal Contract Tower,0,8,26,9,43,0,0,141,8,149,0,8,167,17,192,112,58,170,362
06/09/2010,LNS,PA,AEA,EN,Federal Contract Tower,0,11,21,3,35,0,0,7,0,7,0,11,28,3,42,14,4,18,60
06/10/2010,LNS,PA,AEA,EN,Federal Contract Tower,0,10,47,12,69,0,0,94,2,96,0,10,141,14,165,84,0,84,249
06/11/2010,LNS,PA,AEA,EN,Federal Contract Tower,0,15,48,8,71,0,0,202,4,206,0,15,250,12,277,138,62,200,477
06/12/2010,LNS,PA,AEA,EN,Federal Contract Tower,0,10,22,0,32,0,0,90,0,90,0,10,112,0,122,106,0,106,228
06/13/2010,LNS,PA,AEA,EN,Federal Contract Tower,1,10,18,4,33,0,0,52,0,52,1,10,70,4,85,112,0,112,197
06/14/2010,LNS,PA,AEA,EN,Federal Contract Tower,0,22,25,5,52,0,0,87,7,94,0,22,112,12,146,66,8,74,220
06/15/2010,LNS,PA,AEA,EN,Federal Contract Tower,0,19,31,7,57,0,1,130,5,136,0,20,161,12,193,140,10,150,343
06/16/2010,LNS,PA,AEA,EN,Federal Contract Tower,0,14,22,7,43,0,0,8,0,8,0,14,30,7,51,10,4,14,65
06/17/2010,LNS,PA,AEA,EN,Federal Contract Tower,0,12,40,3,55,0,2,107,8,117,0,14,147,11,172,108,24,132,304
06/18/2010,LNS,PA,AEA,EN,Federal Contract Tower,0,13,39,9,61,0,1,247,0,248,0,14,286,9,309,140,0,140,449
06/19/2010,LNS,PA,AEA,EN,Federal Contract Tower,0,10,16,4,30,0,0,188,0,188,0,10,204,4,218,52,0,52,270
06/20/2010,LNS,PA,AEA,EN,Federal Contract Tower,0,9,25,0,34,0,0,115,0,115,0,9,140,0,149,30,0,30,179
06/21/2010,LNS,PA,AEA,EN,Federal Contract Tower,0,13,20,1,34,0,0,123,6,129,0,13,143,7,163,130,4,134,297
06/22/2010,LNS,PA,AEA,EN,Federal Contract Tower,0,10,32,0,42,0,0,66,0,66,0,10,98,0,108,82,0,82,190
06/23/2010,LNS,PA,AEA,EN,Federal Contract Tower,0,14,17,9,40,0,0,107,6,113,0,14,124,15,153,100,16,116,269
06/24/2010,LNS,PA,AEA,EN,Federal Contract Tower,0,10,28,10,48,0,1,56,3,60,0,11,84,13,108,32,36,68,176
06/25/2010,LNS,PA,AEA,EN,Federal Contract Tower,0,14,42,3,59,0,0,192,0,192,0,14,234,3,251,148,0,148,399
06/26/2010,LNS,PA,AEA,EN,Federal Contract Tower,0,8,40,0,48,0,0,149,0,149,0,8,189,0,197,128,0,128,325
06/27/2010,LNS,PA,AEA,EN,Federal Contract Tower,0,12,16,0,28,0,0,94,0,94,0,12,110,0,122,128,0,128,250
06/28/2010,LNS,PA,AEA,EN,Federal Contract Tower,0,10,15,1,26,0,0,49,0,49,0,10,64,1,75,54,0,54,129
06/29/2010,LNS,PA,AEA,EN,Federal Contract Tower,0,13,35,6,54,0,1,105,16,122,0,14,140,22,176,176,2,178,354
06/30/2010,LNS,PA,AEA,EN,Federal Contract Tower,0,13,34,5,52,0,2,200,0,202,0,15,234,5,254,150,2,152,406
07/01/2010,LNS,PA,AEA,EN,Federal Contract Tower,0,14,33,3,50,0,2,163,4,169,0,16,196,7,219,114,10,124,343
07/02/2010,LNS,PA,AEA,EN,Federal Contract Tower,0,19,42,4,65,0,0,158,0,158,0,19,200,4,223,66,0,66,289
07/03/2010,LNS,PA,AEA,EN,Federal Contract Tower,0,15,17,3,35,0,0,193,0,193,0,15,210,3,228,106,0,106,334
07/04/2010,LNS,PA,AEA,EN,Federal Contract Tower,0,8,8,0,16,0,0,72,0,72,0,8,80,0,88,20,0,20,108
07/05/2010,LNS,PA,AEA,EN,Federal Contract Tower,0,19,28,0,47,0,0,158,0,158,0,19,186,0,205,76,0,76,281
07/06/2010,LNS,PA,AEA,EN,Federal Contract Tower,0,13,14,3,30,0,2,78,0,80,0,15,92,3,110,88,4,92,202
07/07/2010,LNS,PA,AEA,EN,Federal Contract Tower,0,11,27,5,43,0,1,88,7,96,0,12,115,12,139,96,2,98,237
07/08/2010,LNS,PA,AEA,EN,Federal Contract Tower,0,12,31,6,49,0,0,82,4,86,0,12,113,10,135,102,2,104,239
07/09/2010,LNS,PA,AEA,EN,Federal Contract Tower,0,15,30,8,53,0,1,57,2,60,0,16,87,10,113,40,8,48,161
07/10/2010,LNS,PA,AEA,EN,Federal Contract Tower,0,9,12,0,21,0,0,32,0,32,0,9,44,0,53,62,0,62,115
07/11/2010,LNS,PA,AEA,EN,Federal Contract Tower,0,8,27,0,35,0,0,210,0,210,0,8,237,0,245,132,0,132,377
07/12/2010,LNS,PA,AEA,EN,Federal Contract Tower,0,11,15,2,28,0,0,76,6,82,0,11,91,8,110,140,20,160,270
07/13/2010,LNS,PA,AEA,EN,Federal Contract Tower,0,10,36,14,60,0,0,25,0,25,0,10,61,14,85,106,10,116,201
07/14/2010,LNS,PA,AEA,EN,Federal Contract Tower,0,13,20,7,40,0,0,11,0,11,0,13,31,7,51,26,12,38,89
07/15/2010,LNS,PA,AEA,EN,Federal Contract Tower,0,15,34,10,59,0,1,112,1,114,0,16,146,11,173,116,38,154,327
07/16/2010,LNS,PA,AEA,EN,Federal Contract Tower,0,22,36,9,67,0,0,100,1,101,0,22,136,10,168,90,30,120,288
07/17/2010,LNS,PA,AEA,EN,Federal Contract Tower,0,8,17,3,28,0,1,170,0,171,0,9,187,3,199,196,0,196,395
07/18/2010,LNS,PA,AEA,EN,Federal Contract Tower,0,7,12,0,19,0,0,112,0,112,0,7,124,0,131,110,0,110,241
07/19/2010,LNS,PA,AEA,EN,Federal Contract Tower,0,15,27,0,42,0,0,70,2,72,0,15,97,2,114,88,0,88,202
07/20/2010,LNS,PA,AEA,EN,Federal Contract Tower,0,12,20,5,37,0,3,80,6,89,0,15,100,11,126,76,56,132,258
07/21/2010,LNS,PA,AEA,EN,Federal Contract Tower,0,12,27,11,50,0,0,72,5,77,0,12,99,16,127,132,106,238,365
07/22/2010,LNS,PA,AEA,EN,Federal Contract Tower,0,10,47,13,70,0,2,162,5,169,0,12,209,18,239,220,42,262,501
07/23/2010,LNS,PA,AEA,EN,Federal Contract Tower,0,14,32,3,49,0,0,118,2,120,0,14,150,5,169,68,24,92,261
07/24/2010,LNS,PA,AEA,EN,Federal Contract Tower,0,8,25,0,33,0,0,200,0,200,0,8,225,0,233,210,0,210,443
07/25/2010,LNS,PA,AEA,EN,Federal Contract Tower,0,6,21,0,27,0,0,87,0,87,0,6,108,0,114,34,0,34,148
07/26/2010,LNS,PA,AEA,EN,Federal Contract Tower,0,12,16,4,32,0,1,154,1,156,0,13,170,5,188,66,0,66,254
07/27/2010,LNS,PA,AEA,EN,Federal Contract Tower,0,11,19,2,32,0,0,123,8,131,0,11,142,10,163,64,14,78,241
07/28/2010,LNS,PA,AEA,EN,Federal Contract Tower,0,12,29,8,49,0,1,90,5,96,0,13,119,13,145,144,6,150,295
07/29/2010,LNS,PA,AEA,EN,Federal Contract Tower,0,10,19,3,32,0,1,67,1,69,0,11,86,4,101,34,4,38,139
07/30/2010,LNS,PA,AEA,EN,Federal Contract Tower,0,15,29,0,44,0,1,199,0,200,0,16,228,0,244,98,4,102,346
07/31/2010,LNS,PA,AEA,EN,Federal Contract Tower,0,15,26,0,41,0,0,169,0,169,0,15,195,0,210,82,0,82,292
08/01/2010,LNS,PA,AEA,EN,Federal Contract Tower,0,11,16,0,27,0,0,46,0,46,0,11,62,0,73,144,0,144,217
08/02/2010,LNS,PA,AEA,EN,Federal Contract Tower,0,13,16,6,35,0,1,99,4,104,0,14,115,10,139,94,12,106,245
08/03/2010,LNS,PA,AEA,EN,Federal Contract Tower,0,12,25,12,49,0,0,75,0,75,0,12,100,12,124,120,6,126,250
08/04/2010,LNS,PA,AEA,EN,Federal Contract Tower,0,10,30,19,59,0,0,84,0,84,0,10,114,19,143,218,30,248,391
08/05/2010,LNS,PA,AEA,EN,Federal Contract Tower,0,14,39,7,60,0,1,81,2,84,0,15,120,9,144,146,32,178,322
08/06/2010,LNS,PA,AEA,EN,Federal Contract Tower,0,17,31,2,50,0,3,137,1,141,0,20,168,3,191,210,4,214,405
08/07/2010,LNS,PA,AEA,EN,Federal Contract Tower,0,13,47,0,60,0,0,163,0,163,0,13,210,0,223,228,0,228,451
08/08/2010,LNS,PA,AEA,EN,Federal Contract Tower,0,11,19,0,30,0,1,145,2,148,0,12,164,2,178,104,0,104,282
08/09/2010,LNS,PA,AEA,EN,Federal Contract Tower,0,14,36,5,55,0,0,86,1,87,0,14,122,6,142,74,22,96,238
08/10/2010,LNS,PA,AEA,EN,Federal Contract Tower,0,12,25,6,43,0,0,104,8,112,0,12,129,14,155,48,6,54,209
08/11/2010,LNS,PA,AEA,EN,Federal Contract Tower,0,12,33,0,45,0,0,76,4,80,0,12,109,4,125,82,0,82,207
08/12/2010,LNS,PA,AEA,EN,Federal Contract Tower,0,12,43,0,55,0,0,15,0,15,0,12,58,0,70,14,0,14,84
08/13/2010,LNS,PA,AEA,EN,Federal Contract Tower,0,12,53,0,65,0,3,59,2,64,0,15,112,2,129,127,4,131,260
08/14/2010,LNS,PA,AEA,EN,Federal Contract Tower,0,9,28,1,38,0,0,173,2,175,0,9,201,3,213,80,2,82,295
08/15/2010,LNS,PA,AEA,EN,Federal Contract Tower,0,12,37,1,50,0,0,19,3,22,0,12,56,4,72,64,0,64,136
08/16/2010,LNS,PA,AEA,EN,Federal Contract Tower,0,15,21,0,36,0,0,24,0,24,0,15,45,0,60,14,0,14,74
08/17/2010,LNS,PA,AEA,EN,Federal Contract Tower,0,11,46,15,72,0,1,150,6,157,0,12,196,21,229,214,34,248,477
08/18/2010,LNS,PA,AEA,EN,Federal Contract Tower,0,10,18,8,36,0,2,65,0,67,0,12,83,8,103,68,4,72,175
08/19/2010,LNS,PA,AEA,EN,Federal Contract Tower,0,7,42,3,52,0,0,118,4,122,0,7,160,7,174,52,12,64,238
08/20/2010,LNS,PA,AEA,EN,Federal Contract Tower,0,14,42,1,57,0,1,151,2,154,0,15,193,3,211,98,2,100,311
08/21/2010,LNS,PA,AEA,EN,Federal Contract Tower,0,8,41,0,49,0,2,150,0,152,0,10,191,0,201,142,0,142,343
08/22/2010,LNS,PA,AEA,EN,Federal Contract Tower,0,9,23,0,32,0,4,20,0,24,0,13,43,0,56,50,0,50,106
08/23/2010,LNS,PA,AEA,EN,Federal Contract Tower,0,18,41,5,64,0,1,61,0,62,0,19,102,5,126,122,4,126,252
08/24/2010,LNS,PA,AEA,EN,Federal Contract Tower,0,21,35,5,61,0,1,58,1,60,0,22,93,6,121,68,22,90,211
08/25/2010,LNS,PA,AEA,EN,Federal Contract Tower,0,11,50,4,65,0,0,78,8,86,0,11,128,12,151,160,48,208,359
08/26/2010,LNS,PA,AEA,EN,Federal Contract Tower,0,10,32,26,68,0,0,174,12,186,0,10,206,38,254,102,72,174,428
08/27/2010,LNS,PA,AEA,EN,Federal Contract Tower,0,14,33,3,50,0,0,189,3,192,0,14,222,6,242,84,2,86,328
08/28/2010,LNS,PA,AEA,EN,Federal Contract Tower,0,13,12,0,25,0,0,186,0,186,0,13,198,0,211,128,0,128,339
08/29/2010,LNS,PA,AEA,EN,Federal Contract Tower,0,7,23,0,30,0,0,170,0,170,0,7,193,0,200,118,0,118,318
08/30/2010,LNS,PA,AEA,EN,Federal Contract Tower,0,13,19,1,33,0,4,106,2,112,0,17,125,3,145,108,2,110,255
08/31/2010,LNS,PA,AEA,EN,Federal Contract Tower,0,15,30,5,50,0,0,103,11,114,0,15,133,16,164,88,46,134,298
09/01/2010,LNS,PA,AEA,EN,Federal Contract Tower,0,15,26,2,43,0,0,139,2,141,0,15,165,4,184,92,0,92,276
09/02/2010,LNS,PA,AEA,EN,Federal Contract Tower,0,12,41,7,60,0,0,112,4,116,0,12,153,11,176,128,92,220,396
09/03/2010,LNS,PA,AEA,EN,Federal Contract Tower,0,11,33,2,46,0,0,71,0,71,0,11,104,2,117,152,36,188,305
09/04/2010,LNS,PA,AEA,EN,Federal Contract Tower,0,8,7,0,15,0,0,68,0,68,0,8,75,0,83,34,0,34,117
09/05/2010,LNS,PA,AEA,EN,Federal Contract Tower,0,8,16,0,24,0,0,144,0,144,0,8,160,0,168,80,0,80,248
09/06/2010,LNS,PA,AEA,EN,Federal Contract Tower,0,14,26,0,40,0,0,129,0,129,0,14,155,0,169,94,0,94,263
09/07/2010,LNS,PA,AEA,EN,Federal Contract Tower,0,11,21,16,48,0,0,123,0,123,0,11,144,16,171,94,18,112,283
09/08/2010,LNS,PA,AEA,EN,Federal Contract Tower,0,11,9,6,26,0,0,46,0,46,0,11,55,6,72,26,4,30,102
09/09/2010,LNS,PA,AEA,EN,Federal Contract Tower,0,11,18,11,40,0,1,92,24,117,0,12,110,35,157,96,56,152,309
09/10/2010,LNS,PA,AEA,EN,Federal Contract Tower,0,22,35,23,80,0,2,99,5,106,0,24,134,28,186,36,68,104,290
09/11/2010,LNS,PA,AEA,EN,Federal Contract Tower,0,9,36,0,45,0,0,291,0,291,0,9,327,0,336,144,0,144,480
09/12/2010,LNS,PA,AEA,EN,Federal Contract Tower,0,8,41,0,49,0,0,0,0,0,0,8,41,0,49,2,0,2,51
09/13/2010,LNS,PA,AEA,EN,Federal Contract Tower,0,16,27,3,46,0,0,96,2,98,0,16,123,5,144,60,28,88,232
09/14/2010,LNS,PA,AEA,EN,Federal Contract Tower,0,14,35,2,51,0,2,92,6,100,0,16,127,8,151,80,20,100,251
09/15/2010,LNS,PA,AEA,EN,Federal Contract Tower,0,13,33,12,58,0,2,149,3,154,0,15,182,15,212,126,38,164,376
09/16/2010,LNS,PA,AEA,EN,Federal Contract Tower,0,13,33,0,46,0,0,40,0,40,0,13,73,0,86,24,0,24,110
09/17/2010,LNS,PA,AEA,EN,Federal Contract Tower,0,15,28,7,50,0,0,90,2,92,0,15,118,9,142,32,2,34,176
09/18/2010,LNS,PA,AEA,EN,Federal Contract Tower,0,8,21,0,29,0,1,190,0,191,0,9,211,0,220,124,0,124,344
09/19/2010,LNS,PA,AEA,EN,Federal Contract Tower,0,6,31,0,37,0,0,175,0,175,0,6,206,0,212,108,0,108,320
09/20/2010,LNS,PA,AEA,EN,Federal Contract Tower,0,15,28,3,46,0,0,92,10,102,0,15,120,13,148,66,40,106,254
09/21/2010,LNS,PA,AEA,EN,Federal Contract Tower,0,11,29,2,42,0,1,125,4,130,0,12,154,6,172,160,0,160,332
09/22/2010,LNS,PA,AEA,EN,Federal Contract Tower,0,12,23,2,37,0,1,97,0,98,0,13,120,2,135,80,0,80,215
09/23/2010,LNS,PA,AEA,EN,Federal Contract Tower,0,13,26,0,39,0,0,88,11,99,0,13,114,11,138,94,28,122,260
09/24/2010,LNS,PA,AEA,EN,Federal Contract Tower,0,15,36,13,64,0,0,54,2,56,0,15,90,15,120,68,46,114,234
09/25/2010,LNS,PA,AEA,EN,Federal Contract Tower,0,11,26,0,37,0,1,142,0,143,0,12,168,0,180,14,0,14,194
09/26/2010,LNS,PA,AEA,EN,Federal Contract Tower,0,12,27,0,39,0,4,112,14,130,0,16,139,14,169,14,0,14,183
09/27/2010,LNS,PA,AEA,EN,Federal Contract Tower,0,12,15,0,27,0,0,1,0,1,0,12,16,0,28,0,0,0,28
09/28/2010,LNS,PA,AEA,EN,Federal Contract Tower,0,12,23,7,42,0,2,32,0,34,0,14,55,7,76,10,4,14,90
09/29/2010,LNS,PA,AEA,EN,Federal Contract Tower,0,13,33,11,57,0,0,111,0,111,0,13,144,11,168,138,4,142,310
09/30/2010,LNS,PA,AEA,EN,Federal Contract Tower,0,4,3,0,7,0,0,1,0,1,0,4,4,0,8,0,0,0,8
10/01/2010,LNS,PA,AEA,EN,Federal Contract Tower,0,13,21,2,36,0,0,48,2,50,0,13,69,4,86,36,0,36,122
10/02/2010,LNS,PA,AEA,EN,Federal Contract Tower,0,10,49,0,59,0,3,203,0,206,0,13,252,0,265,124,0,124,389
10/03/2010,LNS,PA,AEA,EN,Federal Contract Tower,0,8,32,0,40,0,0,109,0,109,0,8,141,0,149,118,0,118,267
10/04/2010,LNS,PA,AEA,EN,Federal Contract Tower,0,13,41,1,55,0,0,0,3,3,0,13,41,4,58,16,0,16,74
10/05/2010,LNS,PA,AEA,EN,Federal Contract Tower,0,10,33,5,48,0,0,19,4,23,0,10,52,9,71,80,12,92,163
10/06/2010,LNS,PA,AEA,EN,Federal Contract Tower,0,13,47,7,67,0,2,36,0,38,0,15,83,7,105,106,10,116,221
10/07/2010,LNS,PA,AEA,EN,Federal Contract Tower,0,13,25,0,38,0,0,105,0,105,0,13,130,0,143,80,0,80,223
10/08/2010,LNS,PA,AEA,EN,Federal Contract Tower,0,18,34,2,54,0,0,205,0,205,0,18,239,2,259,148,0,148,407
10/09/2010,LNS,PA,AEA,EN,Federal Contract Tower,0,11,23,4,38,0,2,176,1,179,0,13,199,5,217,92,0,92,309
10/10/2010,LNS,PA,AEA,EN,Federal Contract Tower,0,10,35,0,45,0,0,177,0,177,0,10,212,0,222,116,0,116,338
10/11/2010,LNS,PA,AEA,EN,Federal Contract Tower,0,12,29,0,41,0,0,148,0,148,0,12,177,0,189,128,0,128,317
10/12/2010,LNS,PA,AEA,EN,Federal Contract Tower,0,11,31,12,54,0,0,51,4,55,0,11,82,16,109,63,18,81,190
10/13/2010,LNS,PA,AEA,EN,Federal Contract Tower,0,13,36,11,60,0,5,178,0,183,0,18,214,11,243,224,34,258,501
10/14/2010,LNS,PA,AEA,EN,Federal Contract Tower,0,14,30,0,44,0,0,13,0,13,0,14,43,0,57,30,0,30,87
10/15/2010,LNS,PA,AEA,EN,Federal Contract Tower,0,16,27,10,53,0,2,52,4,58,0,18,79,14,111,102,40,142,253
10/16/2010,LNS,PA,AEA,EN,Federal Contract Tower,0,10,20,0,30,0,0,63,0,63,0,10,83,0,93,82,0,82,175
10/17/2010,LNS,PA,AEA,EN,Federal Contract Tower,0,9,23,0,32,0,0,147,0,147,0,9,170,0,179,96,0,96,275
10/18/2010,LNS,PA,AEA,EN,Federal Contract Tower,0,12,18,0,30,0,2,102,4,108,0,14,120,4,138,38,70,108,246
10/19/2010,LNS,PA,AEA,EN,Federal Contract Tower,0,14,38,4,56,0,3,80,0,83,0,17,118,4,139,120,18,138,277
10/20/2010,LNS,PA,AEA,EN,Federal Contract Tower,0,10,36,3,49,0,2,75,1,78,0,12,111,4,127,172,22,194,321
10/21/2010,LNS,PA,AEA,EN,Federal Contract Tower,0,19,23,12,54,0,0,78,2,80,0,19,101,14,134,160,40,200,334
10/22/2010,LNS,PA,AEA,EN,Federal Contract Tower,0,15,17,1,33,0,1,133,2,136,0,16,150,3,169,106,20,126,295
10/23/2010,LNS,PA,AEA,EN,Federal Contract Tower,0,16,29,0,45,0,0,200,0,200,0,16,229,0,245,158,0,158,403
10/24/2010,LNS,PA,AEA,EN,Federal Contract Tower,0,10,15,0,25,0,0,206,0,206,0,10,221,0,231,30,0,30,261
10/25/2010,LNS,PA,AEA,EN,Federal Contract Tower,0,16,17,0,33,0,1,56,0,57,0,17,73,0,90,62,0,62,152
10/26/2010,LNS,PA,AEA,EN,Federal Contract Tower,0,13,59,2,74,0,0,23,0,23,0,13,82,2,97,100,0,100,197
10/27/2010,LNS,PA,AEA,EN,Federal Contract Tower,0,14,31,17,62,0,0,32,0,32,0,14,63,17,94,142,32,174,268
10/28/2010,LNS,PA,AEA,EN,Federal Contract Tower,0,13,36,1,50,0,0,106,1,107,0,13,142,2,157,66,34,100,257
10/29/2010,LNS,PA,AEA,EN,Federal Contract Tower,0,18,33,0,51,0,0,72,0,72,0,18,105,0,123,48,0,48,171
10/30/2010,LNS,PA,AEA,EN,Federal Contract Tower,0,12,22,0,34,0,1,133,0,134,0,13,155,0,168,152,0,152,320
10/31/2010,LNS,PA,AEA,EN,Federal Contract Tower,0,8,14,0,22,0,0,119,0,119,0,8,133,0,141,98,0,98,239
11/01/2010,LNS,PA,AEA,EN,Federal Contract Tower,0,14,32,3,49,0,0,145,0,145,0,14,177,3,194,136,8,144,338
11/02/2010,LNS,PA,AEA,EN,Federal Contract Tower,0,11,22,17,50,0,2,125,0,127,0,13,147,17,177,116,0,116,293
11/03/2010,LNS,PA,AEA,EN,Federal Contract Tower,0,15,27,8,50,0,0,158,3,161,0,15,185,11,211,48,8,56,267
11/04/2010,LNS,PA,AEA,EN,Federal Contract Tower,0,10,21,0,31,0,0,0,0,0,0,10,21,0,31,4,0,4,35
11/05/2010,LNS,PA,AEA,EN,Federal Contract Tower,0,13,39,0,52,0,0,46,5,51,0,13,85,5,103,22,54,76,179
11/06/2010,LNS,PA,AEA,EN,Federal Contract Tower,0,8,28,0,36,0,0,258,0,258,0,8,286,0,294,104,0,104,398
11/07/2010,LNS,PA,AEA,EN,Federal Contract Tower,0,10,27,0,37,0,0,132,0,132,0,10,159,0,169,134,0,134,303
11/08/2010,LNS,PA,AEA,EN,Federal Contract Tower,0,12,13,0,25,0,0,53,5,58,0,12,66,5,83,36,30,66,149
11/09/2010,LNS,PA,AEA,EN,Federal Contract Tower,0,13,38,13,64,0,1,126,8,135,0,14,164,21,199,80,2,82,281
11/10/2010,LNS,PA,AEA,EN,Federal Contract Tower,0,10,21,2,33,0,0,141,2,143,0,10,162,4,176,62,34,96,272
11/11/2010,LNS,PA,AEA,EN,Federal Contract Tower,0,14,25,0,39,0,0,171,0,171,0,14,196,0,210,128,0,128,338
11/12/2010,LNS,PA,AEA,EN,Federal Contract Tower,0,14,27,7,48,0,3,179,3,185,0,17,206,10,233,102,70,172,405
11/13/2010,LNS,PA,AEA,EN,Federal Contract Tower,0,10,23,1,34,0,0,185,0,185,0,10,208,1,219,188,2,190,409
11/14/2010,LNS,PA,AEA,EN,Federal Contract Tower,0,12,35,0,47,0,0,210,2,212,0,12,245,2,259,156,6,162,421
11/15/2010,LNS,PA,AEA,EN,Federal Contract Tower,0,15,26,6,47,0,0,36,0,36,0,15,62,6,83,72,12,84,167
11/16/2010,LNS,PA,AEA,EN,Federal Contract Tower,0,12,28,0,40,0,0,3,0,3,0,12,31,0,43,0,0,0,43
11/17/2010,LNS,PA,AEA,EN,Federal Contract Tower,0,10,19,4,33,0,0,35,2,37,0,10,54,6,70,82,0,82,152
11/18/2010,LNS,PA,AEA,EN,Federal Contract Tower,0,12,28,5,45,0,0,108,5,113,0,12,136,10,158,122,42,164,322
11/19/2010,LNS,PA,AEA,EN,Federal Contract Tower,0,16,35,1,52,0,0,153,0,153,0,16,188,1,205,84,2,86,291
11/20/2010,LNS,PA,AEA,EN,Federal Contract Tower,0,8,20,0,28,0,0,93,0,93,0,8,113,0,121,88,0,88,209
11/21/2010,LNS,PA,AEA,EN,Federal Contract Tower,0,10,29,0,39,0,2,233,0,235,0,12,262,0,274,178,0,178,452
11/22/2010,LNS,PA,AEA,EN,Federal Contract Tower,0,13,35,5,53,0,0,57,1,58,0,13,92,6,111,98,0,98,209
11/23/2010,LNS,PA,AEA,EN,Federal Contract Tower,0,12,42,3,57,0,0,77,5,82,0,12,119,8,139,96,0,96,235
11/24/2010,LNS,PA,AEA,EN,Federal Contract Tower,0,14,17,0,31,0,0,107,4,111,0,14,124,4,142,84,0,84,226
11/25/2010,LNS,PA,AEA,EN,Federal Contract Tower,0,11,2,0,13,0,0,0,0,0,0,11,2,0,13,0,0,0,13
11/26/2010,LNS,PA,AEA,EN,Federal Contract Tower,0,13,12,0,25,0,0,26,0,26,0,13,38,0,51,14,0,14,65
11/27/2010,LNS,PA,AEA,EN,Federal Contract Tower,1,9,7,0,17,0,0,48,0,48,1,9,55,0,65,82,0,82,147
11/28/2010,LNS,PA,AEA,EN,Federal Contract Tower,1,12,36,0,49,0,0,166,0,166,1,12,202,0,215,90,0,90,305
11/29/2010,LNS,PA,AEA,EN,Federal Contract Tower,0,13,21,5,39,0,2,125,2,129,0,15,146,7,168,154,0,154,322
11/30/2010,LNS,PA,AEA,EN,Federal Contract Tower,0,17,23,1,41,0,0,3,0,3,0,17,26,1,44,6,0,6,50
12/01/2010,LNS,PA,AEA,EN,Federal Contract Tower,0,8,5,1,14,0,0,5,3,8,0,8,10,4,22,10,2,12,34
12/02/2010,LNS,PA,AEA,EN,Federal Contract Tower,0,12,31,9,52,0,3,99,4,106,0,15,130,13,158,74,32,106,264
12/03/2010,LNS,PA,AEA,EN,Federal Contract Tower,0,12,27,2,41,0,0,138,3,141,0,12,165,5,182,62,16,78,260
12/04/2010,LNS,PA,AEA,EN,Federal Contract Tower,2,8,24,0,34,0,1,117,4,122,2,9,141,4,156,82,0,82,238
12/05/2010,LNS,PA,AEA,EN,Federal Contract Tower,0,10,7,2,19,0,0,41,0,41,0,10,48,2,60,10,0,10,70
12/06/2010,LNS,PA,AEA,EN,Federal Contract Tower,0,15,9,0,24,0,0,33,0,33,0,15,42,0,57,32,0,32,89
12/07/2010,LNS,PA,AEA,EN,Federal Contract Tower,0,11,11,14,36,0,1,13,6,20,0,12,24,20,56,0,32,32,88
12/08/2010,LNS,PA,AEA,EN,Federal Contract Tower,0,12,11,4,27,0,0,61,2,63,0,12,72,6,90,56,28,84,174
12/09/2010,LNS,PA,AEA,EN,Federal Contract Tower,0,13,50,5,68,0,0,178,6,184,0,13,228,11,252,120,2,122,374
12/10/2010,LNS,PA,AEA,EN,Federal Contract Tower,0,12,32,1,45,0,0,55,1,56,0,12,87,2,101,62,0,62,163
12/11/2010,LNS,PA,AEA,EN,Federal Contract Tower,0,8,36,0,44,0,0,125,0,125,0,8,161,0,169,162,0,162,331
12/12/2010,LNS,PA,AEA,EN,Federal Contract Tower,0,10,0,0,10,0,0,0,0,0,0,10,0,0,10,0,0,0,10
12/13/2010,LNS,PA,AEA,EN,Federal Contract Tower,0,15,13,0,28,0,1,26,0,27,0,16,39,0,55,2,0,2,57
12/14/2010,LNS,PA,AEA,EN,Federal Contract Tower,0,7,11,10,28,0,0,13,0,13,0,7,24,10,41,10,12,22,63
12/15/2010,LNS,PA,AEA,EN,Federal Contract Tower,0,16,7,8,31,0,0,45,6,51,0,16,52,14,82,46,32,78,160
12/16/2010,LNS,PA,AEA,EN,Federal Contract Tower,0,13,30,4,47,0,1,89,0,90,0,14,119,4,137,102,0,102,239
12/17/2010,LNS,PA,AEA,EN,Federal Contract Tower,0,14,37,0,51,0,0,167,0,167,0,14,204,0,218,114,0,114,332
12/18/2010,LNS,PA,AEA,EN,Federal Contract Tower,0,8,29,0,37,0,0,209,0,209,0,8,238,0,246,182,0,182,428
12/19/2010,LNS,PA,AEA,EN,Federal Contract Tower,0,9,19,0,28,0,0,111,0,111,0,9,130,0,139,90,0,90,229
12/20/2010,LNS,PA,AEA,EN,Federal Contract Tower,0,14,23,1,38,0,2,76,4,82,0,16,99,5,120,20,36,56,176
12/21/2010,LNS,PA,AEA,EN,Federal Contract Tower,0,12,29,8,49,0,0,95,8,103,0,12,124,16,152,46,0,46,198
12/22/2010,LNS,PA,AEA,EN,Federal Contract Tower,0,14,28,5,47,0,0,138,0,138,0,14,166,5,185,54,6,60,245
12/23/2010,LNS,PA,AEA,EN,Federal Contract Tower,0,9,17,3,29,0,0,22,2,24,0,9,39,5,53,14,0,14,67
12/24/2010,LNS,PA,AEA,EN,Federal Contract Tower,0,12,6,0,18,0,0,51,0,51,0,12,57,0,69,0,0,0,69
12/25/2010,LNS,PA,AEA,EN,Federal Contract Tower,0,8,3,0,11,0,0,3,0,3,0,8,6,0,14,0,0,0,14
12/26/2010,LNS,PA,AEA,EN,Federal Contract Tower,0,2,1,0,3,0,0,3,0,3,0,2,4,0,6,6,0,6,12
12/27/2010,LNS,PA,AEA,EN,Federal Contract Tower,0,1,0,0,1,0,0,0,0,0,0,1,0,0,1,0,0,0,1
12/28/2010,LNS,PA,AEA,EN,Federal Contract Tower,0,13,10,3,26,0,0,38,2,40,0,13,48,5,66,32,6,38,104
12/29/2010,LNS,PA,AEA,EN,Federal Contract Tower,0,13,38,0,51,0,1,135,0,136,0,14,173,0,187,184,0,184,371
12/30/2010,LNS,PA,AEA,EN,Federal Contract Tower,0,12,32,0,44,0,0,132,2,134,0,12,164,2,178,160,0,160,338
12/31/2010,LNS,PA,AEA,EN,Federal Contract Tower,0,13,26,0,39,0,2,167,0,169,0,15,193,0,208,70,0,70,278
01/01/2011,LNS,PA,AEA,EN,Federal Contract Tower,0,8,13,0,21,0,0,43,0,43,0,8,56,0,64,68,2,70,134
01/02/2011,LNS,PA,AEA,EN,Federal Contract Tower,0,12,30,0,42,0,0,63,0,63,0,12,93,0,105,40,0,40,145
01/03/2011,LNS,PA,AEA,EN,Federal Contract Tower,0,13,15,0,28,0,0,94,0,94,0,13,109,0,122,58,0,58,180
01/04/2011,LNS,PA,AEA,EN,Federal Contract Tower,0,14,26,2,42,0,0,120,0,120,0,14,146,2,162,134,0,134,296
01/05/2011,LNS,PA,AEA,EN,Federal Contract Tower,0,9,20,6,35,0,3,100,2,105,0,12,120,8,140,76,10,86,226
01/06/2011,LNS,PA,AEA,EN,Federal Contract Tower,0,13,18,10,41,0,0,120,4,124,0,13,138,14,165,114,20,134,299
01/07/2011,LNS,PA,AEA,EN,Federal Contract Tower,0,16,23,0,39,0,1,47,0,48,0,17,70,0,87,4,0,4,91
01/08/2011,LNS,PA,AEA,EN,Federal Contract Tower,0,8,6,1,15,0,0,2,0,2,0,8,8,1,17,0,2,2,19
01/09/2011,LNS,PA,AEA,EN,Federal Contract Tower,0,8,9,0,17,0,0,30,2,32,0,8,39,2,49,50,0,50,99
01/10/2011,LNS,PA,AEA,EN,Federal Contract Tower,0,16,19,1,36,0,1,88,1,90,0,17,107,2,126,74,0,74,200
01/11/2011,LNS,PA,AEA,EN,Federal Contract Tower,0,8,5,2,15,0,1,22,1,24,0,9,27,3,39,58,6,64,103
01/12/2011,LNS,PA,AEA,EN,Federal Contract Tower,0,10,4,12,26,0,0,1,2,3,0,10,5,14,29,32,14,46,75
01/13/2011,LNS,PA,AEA,EN,Federal Contract Tower,0,12,16,7,35,0,0,65,4,69,0,12,81,11,104,66,22,88,192
01/14/2011,LNS,PA,AEA,EN,Federal Contract Tower,0,15,35,1,51,0,0,123,2,125,0,15,158,3,176,142,4,146,322
01/15/2011,LNS,PA,AEA,EN,Federal Contract Tower,0,10,41,0,51,0,0,190,0,190,0,10,231,0,241,74,0,74,315
01/16/2011,LNS,PA,AEA,EN,Federal Contract Tower,0,10,27,0,37,0,2,132,0,134,0,12,159,0,171,68,0,68,239
01/17/2011,LNS,PA,AEA,EN,Federal Contract Tower,0,19,7,0,26,0,1,90,0,91,0,20,97,0,117,88,0,88,205
01/18/2011,LNS,PA,AEA,EN,Federal Contract Tower,0,6,6,0,12,0,0,0,0,0,0,6,6,0,12,0,0,0,12
01/19/2011,LNS,PA,AEA,EN,Federal Contract Tower,0,11,21,5,37,0,0,11,6,17,0,11,32,11,54,32,10,42,96
01/20/2011,LNS,PA,AEA,EN,Federal Contract Tower,0,10,16,12,38,0,0,85,2,87,0,10,101,14,125,70,116,186,311
01/21/2011,LNS,PA,AEA,EN,Federal Contract Tower,0,13,13,19,45,0,0,17,1,18,0,13,30,20,63,20,4,24,87
01/22/2011,LNS,PA,AEA,EN,Federal Contract Tower,0,9,21,4,34,0,0,140,0,140,0,9,161,4,174,96,0,96,270
01/23/2011,LNS,PA,AEA,EN,Federal Contract Tower,0,13,12,4,29,0,0,53,0,53,0,13,65,4,82,32,0,32,114
01/24/2011,LNS,PA,AEA,EN,Federal Contract Tower,0,14,13,8,35,0,2,65,4,71,0,16,78,12,106,12,24,36,142
01/25/2011,LNS,PA,AEA,EN,Federal Contract Tower,0,11,17,5,33,0,0,87,0,87,0,11,104,5,120,52,4,56,176
01/26/2011,LNS,PA,AEA,EN,Federal Contract Tower,0,4,4,0,8,0,0,0,0,0,0,4,4,0,8,0,0,0,8
01/27/2011,LNS,PA,AEA,EN,Federal Contract Tower,0,9,10,4,23,0,0,21,6,27,0,9,31,10,50,2,46,48,98
01/28/2011,LNS,PA,AEA,EN,Federal Contract Tower,0,16,20,0,36,0,0,0,0,0,0,16,20,0,36,0,0,0,36
01/29/2011,LNS,PA,AEA,EN,Federal Contract Tower,0,11,10,1,22,0,0,9,0,9,0,11,19,1,31,10,2,12,43
01/30/2011,LNS,PA,AEA,EN,Federal Contract Tower,0,9,31,0,40,0,2,120,0,122,0,11,151,0,162,70,0,70,232
01/31/2011,LNS,PA,AEA,EN,Federal Contract Tower,0,12,19,1,32,0,0,136,2,138,0,12,155,3,170,40,50,90,260
02/01/2011,LNS,PA,AEA,EN,Federal Contract Tower,0,4,1,0,5,0,0,0,0,0,0,4,1,0,5,0,0,0,5
02/02/2011,LNS,PA,AEA,EN,Federal Contract Tower,0,8,0,2,10,0,0,4,0,4,0,8,4,2,14,0,0,0,14
02/03/2011,LNS,PA,AEA,EN,Federal Contract Tower,0,10,23,11,44,0,0,56,3,59,0,10,79,14,103,124,76,200,303
02/04/2011,LNS,PA,AEA,EN,Federal Contract Tower,0,17,23,6,46,0,3,117,2,122,0,20,140,8,168,252,0,252,420
02/05/2011,LNS,PA,AEA,EN,Federal Contract Tower,0,0,3,0,3,0,0,0,0,0,0,0,3,0,3,0,0,0,3
02/06/2011,LNS,PA,AEA,EN,Federal Contract Tower,0,8,32,1,41,0,0,166,0,166,0,8,198,1,207,126,2,128,335
02/07/2011,LNS,PA,AEA,EN,Federal Contract Tower,0,13,13,2,28,0,0,98,1,99,0,13,111,3,127,138,28,166,293
02/08/2011,LNS,PA,AEA,EN,Federal Contract Tower,0,13,4,0,17,0,0,10,2,12,0,13,14,2,29,8,4,12,41
02/09/2011,LNS,PA,AEA,EN,Federal Contract Tower,0,10,16,6,32,0,2,83,9,94,0,12,99,15,126,110,96,206,332
02/10/2011,LNS,PA,AEA,EN,Federal Contract Tower,0,11,22,7,40,0,0,64,9,73,0,11,86,16,113,108,24,132,245
02/11/2011,LNS,PA,AEA,EN,Federal Contract Tower,0,13,27,6,46,0,0,151,0,151,0,13,178,6,197,140,12,152,349
02/12/2011,LNS,PA,AEA,EN,Federal Contract Tower,0,8,18,2,28,0,0,60,2,62,0,8,78,4,90,26,2,28,118
02/13/2011,LNS,PA,AEA,EN,Federal Contract Tower,0,8,13,2,23,0,0,87,3,90,0,8,100,5,113,74,0,74,187
02/14/2011,LNS,PA,AEA,EN,Federal Contract Tower,0,8,14,6,28,0,0,17,7,24,0,8,31,13,52,0,44,44,96
02/15/2011,LNS,PA,AEA,EN,Federal Contract Tower,0,14,24,6,44,0,0,69,10,79,0,14,93,16,123,72,8,80,203
02/16/2011,LNS,PA,AEA,EN,Federal Contract Tower,0,12,22,14,48,0,0,117,8,125,0,12,139,22,173,106,100,206,379
02/17/2011,LNS,PA,AEA,EN,Federal Contract Tower,0,10,37,2,49,0,0,142,4,146,0,10,179,6,195,98,26,124,319
02/18/2011,LNS,PA,AEA,EN,Federal Contract Tower,0,18,25,7,50,0,1,102,1,104,0,19,127,8,154,126,2,128,282
02/19/2011,LNS,PA,AEA,EN,Federal Contract Tower,1,0,2,0,3,0,0,1,0,1,1,0,3,0,4,0,0,0,4
02/20/2011,LNS,PA,AEA,EN,Federal Contract Tower,0,10,38,0,48,0,0,145,0,145,0,10,183,0,193,168,0,168,361
02/21/2011,LNS,PA,AEA,EN,Federal Contract Tower,0,14,12,0,26,0,0,11,0,11,0,14,23,0,37,38,0,38,75
02/22/2011,LNS,PA,AEA,EN,Federal Contract Tower,0,9,13,9,31,0,0,71,6,77,0,9,84,15,108,26,62,88,196
02/23/2011,LNS,PA,AEA,EN,Federal Contract Tower,0,12,32,5,49,0,8,131,4,143,0,20,163,9,192,86,62,148,340
02/24/2011,LNS,PA,AEA,EN,Federal Contract Tower,0,12,19,6,37,0,4,61,8,73,0,16,80,14,110,36,38,74,184
02/25/2011,LNS,PA,AEA,EN,Federal Contract Tower,0,4,1,3,8,0,1,0,0,1,0,5,1,3,9,0,6,6,15
02/26/2011,LNS,PA,AEA,EN,Federal Contract Tower,2,10,33,0,45,0,1,176,0,177,2,11,209,0,222,182,0,182,404
02/27/2011,LNS,PA,AEA,EN,Federal Contract Tower,0,10,49,0,59,0,0,153,0,153,0,10,202,0,212,92,0,92,304
02/28/2011,LNS,PA,AEA,EN,Federal Contract Tower,0,11,3,0,14,0,0,2,0,2,0,11,5,0,16,0,0,0,16
03/01/2011,LNS,PA,AEA,EN,Federal Contract Tower,0,10,23,0,33,0,0,115,2,117,0,10,138,2,150,88,0,88,238
03/02/2011,LNS,PA,AEA,EN,Federal Contract Tower,0,11,14,0,25,0,0,95,6,101,0,11,109,6,126,48,8,56,182
03/03/2011,LNS,PA,AEA,EN,Federal Contract Tower,0,10,18,3,31,0,0,173,3,176,0,10,191,6,207,128,0,128,335
03/04/2011,LNS,PA,AEA,EN,Federal Contract Tower,0,13,32,0,45,0,2,70,0,72,0,15,102,0,117,54,0,54,171
03/05/2011,LNS,PA,AEA,EN,Federal Contract Tower,0,9,15,0,24,0,0,30,0,30,0,9,45,0,54,76,0,76,130
03/06/2011,LNS,PA,AEA,EN,Federal Contract Tower,0,9,10,0,19,0,0,0,0,0,0,9,10,0,19,8,0,8,27
03/07/2011,LNS,PA,AEA,EN,Federal Contract Tower,0,19,10,0,29,0,3,49,0,52,0,22,59,0,81,38,0,38,119
03/08/2011,LNS,PA,AEA,EN,Federal Contract Tower,0,10,30,2,42,0,0,179,0,179,0,10,209,2,221,76,0,76,297
03/09/2011,LNS,PA,AEA,EN,Federal Contract Tower,0,10,17,2,29,0,0,46,4,50,0,10,63,6,79,106,14,120,199
03/10/2011,LNS,PA,AEA,EN,Federal Contract Tower,0,13,13,0,26,0,0,0,0,0,0,13,13,0,26,0,0,0,26
03/11/2011,LNS,PA,AEA,EN,Federal Contract Tower,0,14,41,3,58,0,0,72,0,72,0,14,113,3,130,82,16,98,228
03/12/2011,LNS,PA,AEA,EN,Federal Contract Tower,0,9,19,0,28,0,2,137,0,139,0,11,156,0,167,98,0,98,265
03/13/2011,LNS,PA,AEA,EN,Federal Contract Tower,0,10,15,0,25,0,2,80,2,84,0,12,95,2,109,94,0,94,203
03/14/2011,LNS,PA,AEA,EN,Federal Contract Tower,0,16,25,3,44,0,0,94,0,94,0,16,119,3,138,120,8,128,266
03/15/2011,LNS,PA,AEA,EN,Federal Contract Tower,0,10,39,7,56,0,0,107,3,110,0,10,146,10,166,104,6,110,276
03/16/2011,LNS,PA,AEA,EN,Federal Contract Tower,0,15,25,12,52,0,0,26,1,27,0,15,51,13,79,44,0,44,123
03/17/2011,LNS,PA,AEA,EN,Federal Contract Tower,0,13,25,11,49,0,0,138,0,138,0,13,163,11,187,150,8,158,345
03/18/2011,LNS,PA,AEA,EN,Federal Contract Tower,0,20,25,4,49,0,2,133,8,143,0,22,158,12,192,42,4,46,238
03/19/2011,LNS,PA,AEA,EN,Federal Contract Tower,0,8,15,0,23,0,0,82,0,82,0,8,97,0,105,68,0,68,173
03/20/2011,LNS,PA,AEA,EN,Federal Contract Tower,0,11,48,0,59,0,0,213,0,213,0,11,261,0,272,132,0,132,404
03/21/2011,LNS,PA,AEA,EN,Federal Contract Tower,0,15,17,2,34,0,0,19,0,19,0,15,36,2,53,48,36,84,137
03/22/2011,LNS,PA,AEA,EN,Federal Contract Tower,0,10,18,12,40,0,0,102,5,107,0,10,120,17,147,168,20,188,335
03/23/2011,LNS,PA,AEA,EN,Federal Contract Tower,0,13,11,0,24,0,0,0,0,0,0,13,11,0,24,2,0,2,26
03/24/2011,LNS,PA,AEA,EN,Federal Contract Tower,0,10,15,1,26,0,1,45,0,46,0,11,60,1,72,52,0,52,124
03/25/2011,LNS,PA,AEA,EN,Federal Contract Tower,0,25,36,0,61,0,0,144,0,144,0,25,180,0,205,90,0,90,295
03/26/2011,LNS,PA,AEA,EN,Federal Contract Tower,0,9,18,0,27,0,0,172,0,172,0,9,190,0,199,164,0,164,363
03/27/2011,LNS,PA,AEA,EN,Federal Contract Tower,0,8,14,0,22,0,0,93,0,93,0,8,107,0,115,70,0,70,185
03/28/2011,LNS,PA,AEA,EN,Federal Contract Tower,0,14,31,1,46,0,0,77,5,82,0,14,108,6,128,80,22,102,230
03/29/2011,LNS,PA,AEA,EN,Federal Contract Tower,0,12,38,13,63,0,0,126,2,128,0,12,164,15,191,72,4,76,267
03/30/2011,LNS,PA,AEA,EN,Federal Contract Tower,0,10,24,0,34,0,1,95,2,98,0,11,119,2,132,50,40,90,222
03/31/2011,LNS,PA,AEA,EN,Federal Contract Tower,0,12,17,0,29,0,0,0,0,0,0,12,17,0,29,4,0,4,33
04/01/2011,LNS,PA,AEA,EN,Federal Contract Tower,0,17,20,0,37,0,0,6,0,6,0,17,26,0,43,36,0,36,79
04/02/2011,LNS,PA,AEA,EN,Federal Contract Tower,0,8,20,0,28,0,2,97,0,99,0,10,117,0,127,62,0,62,189
04/03/2011,LNS,PA,AEA,EN,Federal Contract Tower,0,9,27,0,36,0,0,118,0,118,0,9,145,0,154,166,0,166,320
04/04/2011,LNS,PA,AEA,EN,Federal Contract Tower,0,13,11,5,29,0,0,46,8,54,0,13,57,13,83,48,34,82,165
04/05/2011,LNS,PA,AEA,EN,Federal Contract Tower,0,12,11,3,26,0,6,3,1,10,0,18,14,4,36,0,0,0,36
04/06/2011,LNS,PA,AEA,EN,Federal Contract Tower,0,17,21,17,55,0,1,77,12,90,0,18,98,29,145,116,18,134,279
04/07/2011,LNS,PA,AEA,EN,Federal Contract Tower,0,13,25,10,48,0,1,91,7,99,0,14,116,17,147,120,36,156,303
04/08/2011,LNS,PA,AEA,EN,Federal Contract Tower,0,19,47,0,66,0,3,0,0,3,0,22,47,0,69,6,0,6,75
04/09/2011,LNS,PA,AEA,EN,Federal Contract Tower,0,9,48,0,57,0,2,107,0,109,0,11,155,0,166,144,0,144,310
04/10/2011,LNS,PA,AEA,EN,Federal Contract Tower,0,12,93,0,105,0,0,12,0,12,0,12,105,0,117,72,0,72,189
04/11/2011,LNS,PA,AEA,EN,Federal Contract Tower,0,17,28,1,46,0,2,73,1,76,0,19,101,2,122,78,2,80,202
04/12/2011,LNS,PA,AEA,EN,Federal Contract Tower,0,11,19,0,30,0,0,6,0,6,0,11,25,0,36,14,0,14,50
04/13/2011,LNS,PA,AEA,EN,Federal Contract Tower,0,19,28,8,55,0,0,3,0,3,0,19,31,8,58,14,16,30,88
04/14/2011,LNS,PA,AEA,EN,Federal Contract Tower,0,12,42,7,61,0,0,268,10,278,0,12,310,17,339,198,40,238,577
04/15/2011,LNS,PA,AEA,EN,Federal Contract Tower,0,20,25,13,58,0,4,172,5,181,0,24,197,18,239,162,70,232,471
04/16/2011,LNS,PA,AEA,EN,Federal Contract Tower,1,10,3,0,14,0,0,0,0,0,1,10,3,0,14,0,0,0,14
04/17/2011,LNS,PA,AEA,EN,Federal Contract Tower,1,10,6,0,17,0,1,23,2,26,1,11,29,2,43,0,8,8,51
04/18/2011,LNS,PA,AEA,EN,Federal Contract Tower,0,13,28,8,49,0,1,120,4,125,0,14,148,12,174,148,44,192,366
04/19/2011,LNS,PA,AEA,EN,Federal Contract Tower,0,12,20,9,41,0,0,24,4,28,0,12,44,13,69,8,12,20,89
04/20/2011,LNS,PA,AEA,EN,Federal Contract Tower,0,14,18,1,33,0,1,29,0,30,0,15,47,1,63,84,4,88,151
04/21/2011,LNS,PA,AEA,EN,Federal Contract Tower,0,12,32,9,53,0,0,85,5,90,0,12,117,14,143,98,28,126,269
04/22/2011,LNS,PA,AEA,EN,Federal Contract Tower,0,18,38,11,67,0,2,93,2,97,0,20,131,13,164,108,20,128,292
04/23/2011,LNS,PA,AEA,EN,Federal Contract Tower,2,9,29,0,40,0,0,6,0,6,2,9,35,0,46,0,0,0,46
04/24/2011,LNS,PA,AEA,EN,Federal Contract Tower,0,10,25,0,35,0,0,40,0,40,0,10,65,0,75,8,0,8,83
04/25/2011,LNS,PA,AEA,EN,Federal Contract Tower,0,17,14,9,40,0,0,102,6,108,0,17,116,15,148,244,36,280,428
04/26/2011,LNS,PA,AEA,EN,Federal Contract Tower,0,14,23,14,51,0,4,111,9,124,0,18,134,23,175,68,42,110,285
04/27/2011,LNS,PA,AEA,EN,Federal Contract Tower,0,12,28,4,44,0,1,13,1,15,0,13,41,5,59,10,44,54,113
04/28/2011,LNS,PA,AEA,EN,Federal Contract Tower,0,9,22,2,33,0,0,54,2,56,0,9,76,4,89,72,6,78,167
04/29/2011,LNS,PA,AEA,EN,Federal Contract Tower,0,18,29,5,52,0,0,142,3,145,0,18,171,8,197,132,0,132,329
04/30/2011,LNS,PA,AEA,EN,Federal Contract Tower,0,13,52,0,65,0,0,170,0,170,0,13,222,0,235,198,0,198,433
05/01/2011,LNS,PA,AEA,EN,Federal Contract Tower,0,8,30,0,38,0,0,166,0,166,0,8,196,0,204,152,0,152,356
05/02/2011,LNS,PA,AEA,EN,Federal Contract Tower,0,12,15,2,29,0,0,68,2,70,0,12,83,4,99,58,22,80,179
05/03/2011,LNS,PA,AEA,EN,Federal Contract Tower,0,10,24,2,36,0,2,49,4,55,0,12,73,6,91,98,0,98,189
05/04/2011,LNS,PA,AEA,EN,Federal Contract Tower,0,14,27,4,45,0,0,12,2,14,0,14,39,6,59,22,14,36,95
05/05/2011,LNS,PA,AEA,EN,Federal Contract Tower,0,12,26,4,42,0,0,73,3,76,0,12,99,7,118,74,32,106,224
05/06/2011,LNS,PA,AEA,EN,Federal Contract Tower,0,13,28,0,41,0,5,166,2,173,0,18,194,2,214,172,0,172,386
05/07/2011,LNS,PA,AEA,EN,Federal Contract Tower,2,12,50,0,64,0,0,313,0,313,2,12,363,0,377,44,0,44,421
05/08/2011,LNS,PA,AEA,EN,Federal Contract Tower,2,9,22,0,33,0,1,107,0,108,2,10,129,0,141,122,0,122,263
05/09/2011,LNS,PA,AEA,EN,Federal Contract Tower,0,28,21,0,49,0,0,109,0,109,0,28,130,0,158,56,0,56,214
05/10/2011,LNS,PA,AEA,EN,Federal Contract Tower,0,20,22,3,45,0,0,162,4,166,0,20,184,7,211,132,18,150,361
05/11/2011,LNS,PA,AEA,EN,Federal Contract Tower,0,10,34,14,58,0,0,159,9,168,0,10,193,23,226,172,56,228,454
05/12/2011,LNS,PA,AEA,EN,Federal Contract Tower,0,15,37,1,53,0,3,175,4,182,0,18,212,5,235,208,80,288,523
05/13/2011,LNS,PA,AEA,EN,Federal Contract Tower,0,18,45,3,66,0,0,59,4,63,0,18,104,7,129,204,30,234,363
05/14/2011,LNS,PA,AEA,EN,Federal Contract Tower,4,10,62,0,76,0,0,1,0,1,4,10,63,0,77,10,0,10,87
05/15/2011,LNS,PA,AEA,EN,Federal Contract Tower,0,8,10,2,20,0,0,24,0,24,0,8,34,2,44,98,0,98,142
05/16/2011,LNS,PA,AEA,EN,Federal Contract Tower,0,13,19,6,38,0,0,19,6,25,0,13,38,12,63,20,94,114,177
05/17/2011,LNS,PA,AEA,EN,Federal Contract Tower,0,11,28,0,39,0,0,3,0,3,0,11,31,0,42,6,0,6,48
05/18/2011,LNS,PA,AEA,EN,Federal Contract Tower,0,13,43,7,63,0,0,8,4,12,0,13,51,11,75,0,18,18,93
05/19/2011,LNS,PA,AEA,EN,Federal Contract Tower,0,16,36,3,55,0,0,12,4,16,0,16,48,7,71,46,6,52,123
05/20/2011,LNS,PA,AEA,EN,Federal Contract Tower,0,12,34,4,50,0,0,20,0,20,0,12,54,4,70,58,2,60,130
05/21/2011,LNS,PA,AEA,EN,Federal Contract Tower,0,14,44,0,58,0,0,180,0,180,0,14,224,0,238,104,0,104,342
05/22/2011,LNS,PA,AEA,EN,Federal Contract Tower,0,8,63,0,71,0,0,30,0,30,0,8,93,0,101,46,0,46,147
05/23/2011,LNS,PA,AEA,EN,Federal Contract Tower,0,12,33,0,45,0,0,21,0,21,0,12,54,0,66,30,0,30,96
05/24/2011,LNS,PA,AEA,EN,Federal Contract Tower,0,11,19,10,40,0,0,84,0,84,0,11,103,10,124,58,0,58,182
05/25/2011,LNS,PA,AEA,EN,Federal Contract Tower,0,13,33,5,51,0,1,209,2,212,0,14,242,7,263,128,0,128,391
05/26/2011,LNS,PA,AEA,EN,Federal Contract Tower,0,14,32,0,46,0,0,114,0,114,0,14,146,0,160,122,0,122,282
05/27/2011,LNS,PA,AEA,EN,Federal Contract Tower,0,18,26,7,51,0,1,91,0,92,0,19,117,7,143,80,2,82,225
05/28/2011,LNS,PA,AEA,EN,Federal Contract Tower,0,6,42,0,48,0,0,82,0,82,0,6,124,0,130,86,0,86,216
05/29/2011,LNS,PA,AEA,EN,Federal Contract Tower,0,10,45,0,55,0,1,85,0,86,0,11,130,0,141,52,0,52,193
05/30/2011,LNS,PA,AEA,EN,Federal Contract Tower,0,12,20,0,32,0,0,117,0,117,0,12,137,0,149,108,0,108,257
05/31/2011,LNS,PA,AEA,EN,Federal Contract Tower,0,10,35,2,47,0,2,133,0,135,0,12,168,2,182,78,0,78,260
06/01/2011,LNS,PA,AEA,EN,Federal Contract Tower,0,10,29,1,40,0,5,72,3,80,0,15,101,4,120,98,0,98,218
06/02/2011,LNS,PA,AEA,EN,Federal Contract Tower,0,12,22,12,46,0,2,102,3,107,0,14,124,15,153,70,4,74,227
06/03/2011,LNS,PA,AEA,EN,Federal Contract Tower,0,17,24,0,41,0,2,162,6,170,0,19,186,6,211,110,32,142,353
06/04/2011,LNS,PA,AEA,EN,Federal Contract Tower,0,8,25,0,33,0,0,151,2,153,0,8,176,2,186,112,0,112,298
06/05/2011,LNS,PA,AEA,EN,Federal Contract Tower,0,18,32,0,50,0,0,98,0,98,0,18,130,0,148,76,0,76,224
06/06/2011,LNS,PA,AEA,EN,Federal Contract Tower,0,18,20,2,40,0,3,120,4,127,0,21,140,6,167,108,0,108,275
06/07/2011,LNS,PA,AEA,EN,Federal Contract Tower,0,11,19,1,31,0,0,125,2,127,0,11,144,3,158,118,2,120,278
06/08/2011,LNS,PA,AEA,EN,Federal Contract Tower,0,13,17,2,32,0,1,94,0,95,0,14,111,2,127,132,4,136,263
06/09/2011,LNS,PA,AEA,EN,Federal Contract Tower,0,13,18,17,48,0,1,88,2,91,0,14,106,19,139,60,22,82,221
06/10/2011,LNS,PA,AEA,EN,Federal Contract Tower,0,14,26,3,43,0,0,103,2,105,0,14,129,5,148,76,4,80,228
06/11/2011,LNS,PA,AEA,EN,Federal Contract Tower,1,9,16,0,26,0,0,51,0,51,1,9,67,0,77,92,0,92,169
06/12/2011,LNS,PA,AEA,EN,Federal Contract Tower,1,7,10,0,18,0,0,10,0,10,1,7,20,0,28,44,0,44,72
06/13/2011,LNS,PA,AEA,EN,Federal Contract Tower,0,13,24,2,39,0,0,166,0,166,0,13,190,2,205,66,0,66,271
06/14/2011,LNS,PA,AEA,EN,Federal Contract Tower,0,17,21,7,45,0,0,118,8,126,0,17,139,15,171,42,36,78,249
06/15/2011,LNS,PA,AEA,EN,Federal Contract Tower,0,10,27,7,44,0,0,219,4,223,0,10,246,11,267,218,0,218,485
06/16/2011,LNS,PA,AEA,EN,Federal Contract Tower,0,10,20,6,36,0,0,95,7,102,0,10,115,13,138,60,18,78,216
06/17/2011,LNS,PA,AEA,EN,Federal Contract Tower,0,12,30,4,46,0,0,58,0,58,0,12,88,4,104,14,66,80,184
06/18/2011,LNS,PA,AEA,EN,Federal Contract Tower,2,9,24,0,35,0,0,160,0,160,2,9,184,0,195,30,0,30,225
06/19/2011,LNS,PA,AEA,EN,Federal Contract Tower,0,8,11,0,19,0,0,103,0,103,0,8,114,0,122,69,0,69,191
06/20/2011,LNS,PA,AEA,EN,Federal Contract Tower,0,14,18,6,38,0,2,104,0,106,0,16,122,6,144,36,22,58,202
06/21/2011,LNS,PA,AEA,EN,Federal Contract Tower,0,10,29,5,44,0,0,61,2,63,0,10,90,7,107,40,10,50,157
06/22/2011,LNS,PA,AEA,EN,Federal Contract Tower,0,14,20,2,36,0,0,95,2,97,0,14,115,4,133,46,2,48,181
06/23/2011,LNS,PA,AEA,EN,Federal Contract Tower,0,11,33,8,52,0,1,76,1,78,0,12,109,9,130,58,76,134,264
06/24/2011,LNS,PA,AEA,EN,Federal Contract Tower,0,12,32,2,46,0,0,90,4,94,0,12,122,6,140,66,14,80,220
06/25/2011,LNS,PA,AEA,EN,Federal Contract Tower,0,8,13,0,21,0,0,167,0,167,0,8,180,0,188,128,0,128,316
06/26/2011,LNS,PA,AEA,EN,Federal Contract Tower,0,12,33,0,45,0,0,178,0,178,0,12,211,0,223,140,0,140,363
06/27/2011,LNS,PA,AEA,EN,Federal Contract Tower,0,15,31,14,60,0,2,144,2,148,0,17,175,16,208,104,38,142,350
06/28/2011,LNS,PA,AEA,EN,Federal Contract Tower,0,18,38,4,60,0,0,44,2,46,0,18,82,6,106,64,0,64,170
06/29/2011,LNS,PA,AEA,EN,Federal Contract Tower,0,13,39,5,57,0,0,197,8,205,0,13,236,13,262,124,24,148,410
06/30/2011,LNS,PA,AEA,EN,Federal Contract Tower,0,13,35,14,62,0,3,198,3,204,0,16,233,17,266,166,98,264,530
07/01/2011,LNS,PA,AEA,EN,Federal Contract Tower,0,14,28,7,49,0,0,174,3,177,0,14,202,10,226,188,76,264,490
07/02/2011,LNS,PA,AEA,EN,Federal Contract Tower,0,9,14,0,23,0,0,151,0,151,0,9,165,0,174,72,0,72,246
07/03/2011,LNS,PA,AEA,EN,Federal Contract Tower,0,11,20,0,31,0,0,36,0,36,0,11,56,0,67,6,0,6,73
07/04/2011,LNS,PA,AEA,EN,Federal Contract Tower,0,12,12,0,24,0,0,63,0,63,0,12,75,0,87,48,0,48,135
07/05/2011,LNS,PA,AEA,EN,Federal Contract Tower,0,10,34,4,48,0,0,97,4,101,0,10,131,8,149,64,58,122,271
07/06/2011,LNS,PA,AEA,EN,Federal Contract Tower,0,13,28,5,46,0,1,125,4,130,0,14,153,9,176,118,56,174,350
07/07/2011,LNS,PA,AEA,EN,Federal Contract Tower,0,8,32,0,40,0,0,93,13,106,0,8,125,13,146,76,2,78,224
07/08/2011,LNS,PA,AEA,EN,Federal Contract Tower,0,10,28,2,40,0,0,15,6,21,0,10,43,8,61,36,0,36,97
07/09/2011,LNS,PA,AEA,EN,Federal Contract Tower,0,11,38,0,49,0,0,182,0,182,0,11,220,0,231,104,0,104,335
07/10/2011,LNS,PA,AEA,EN,Federal Contract Tower,0,10,15,0,25,0,0,197,0,197,0,10,212,0,222,62,0,62,284
07/11/2011,LNS,PA,AEA,EN,Federal Contract Tower,0,12,31,0,43,0,0,106,0,106,0,12,137,0,149,124,0,124,273
07/12/2011,LNS,PA,AEA,EN,Federal Contract Tower,0,13,24,1,38,0,0,94,1,95,0,13,118,2,133,86,40,126,259
07/13/2011,LNS,PA,AEA,EN,Federal Contract Tower,0,10,53,4,67,0,0,149,1,150,0,10,202,5,217,128,14,142,359
07/14/2011,LNS,PA,AEA,EN,Federal Contract Tower,0,11,26,11,48,0,0,198,0,198,0,11,224,11,246,72,0,72,318
07/15/2011,LNS,PA,AEA,EN,Federal Contract Tower,0,15,30,2,47,0,4,201,2,207,0,19,231,4,254,166,2,168,422
07/16/2011,LNS,PA,AEA,EN,Federal Contract Tower,0,11,11,0,22,0,2,188,2,192,0,13,199,2,214,80,0,80,294
07/17/2011,LNS,PA,AEA,EN,Federal Contract Tower,0,11,13,0,24,0,0,133,0,133,0,11,146,0,157,36,0,36,193
07/18/2011,LNS,PA,AEA,EN,Federal Contract Tower,0,14,10,0,24,0,0,104,2,106,0,14,114,2,130,78,30,108,238
07/19/2011,LNS,PA,AEA,EN,Federal Contract Tower,0,11,32,4,47,0,83,4,0,87,0,94,36,4,134,130,58,188,322
07/20/2011,LNS,PA,AEA,EN,Federal Contract Tower,0,15,44,4,63,0,0,104,0,104,0,15,148,4,167,102,6,108,275
07/21/2011,LNS,PA,AEA,EN,Federal Contract Tower,0,12,19,6,37,0,0,74,13,87,0,12,93,19,124,66,34,100,224
07/22/2011,LNS,PA,AEA,EN,Federal Contract Tower,0,16,22,0,38,0,0,85,0,85,0,16,107,0,123,24,0,24,147
07/23/2011,LNS,PA,AEA,EN,Federal Contract Tower,0,8,23,0,31,0,0,102,0,102,0,8,125,0,133,112,0,112,245
07/24/2011,LNS,PA,AEA,EN,Federal Contract Tower,0,8,20,0,28,0,0,74,0,74,0,8,94,0,102,84,0,84,186
07/25/2011,LNS,PA,AEA,EN,Federal Contract Tower,0,10,20,16,46,0,0,33,2,35,0,10,53,18,81,14,4,18,99
07/26/2011,LNS,PA,AEA,EN,Federal Contract Tower,0,14,22,1,37,0,0,127,0,127,0,14,149,1,164,138,0,138,302
07/27/2011,LNS,PA,AEA,EN,Federal Contract Tower,0,12,32,6,50,0,2,166,2,170,0,14,198,8,220,216,24,240,460
07/28/2011,LNS,PA,AEA,EN,Federal Contract Tower,0,10,15,11,36,0,0,104,3,107,0,10,119,14,143,78,40,118,261
07/29/2011,LNS,PA,AEA,EN,Federal Contract Tower,0,19,48,5,72,0,0,71,0,71,0,19,119,5,143,40,0,40,183
07/30/2011,LNS,PA,AEA,EN,Federal Contract Tower,0,10,24,0,34,0,0,144,5,149,0,10,168,5,183,94,0,94,277
07/31/2011,LNS,PA,AEA,EN,Federal Contract Tower,0,13,28,0,41,0,4,197,2,203,0,17,225,2,244,68,0,68,312
08/01/2011,LNS,PA,AEA,EN,Federal Contract Tower,0,10,9,4,23,0,2,85,4,91,0,12,94,8,114,44,12,56,170
08/02/2011,LNS,PA,AEA,EN,Federal Contract Tower,0,11,24,15,50,0,0,129,11,140,0,11,153,26,190,144,38,182,372
08/03/2011,LNS,PA,AEA,EN,Federal Contract Tower,0,12,16,6,34,0,0,41,1,42,0,12,57,7,76,76,0,76,152
08/04/2011,LNS,PA,AEA,EN,Federal Contract Tower,0,13,46,3,62,0,0,40,2,42,0,13,86,5,104,26,12,38,142
08/05/2011,LNS,PA,AEA,EN,Federal Contract Tower,0,16,39,1,56,0,0,139,8,147,0,16,178,9,203,138,6,144,347
08/06/2011,LNS,PA,AEA,EN,Federal Contract Tower,0,12,15,0,27,0,0,33,0,33,0,12,48,0,60,88,0,88,148
08/07/2011,LNS,PA,AEA,EN,Federal Contract Tower,0,9,27,0,36,0,0,48,0,48,0,9,75,0,84,60,0,60,144
08/08/2011,LNS,PA,AEA,EN,Federal Contract Tower,0,13,28,2,43,0,2,115,6,123,0,15,143,8,166,128,0,128,294
08/09/2011,LNS,PA,AEA,EN,Federal Contract Tower,0,11,20,12,43,0,0,64,0,64,0,11,84,12,107,86,10,96,203
08/10/2011,LNS,PA,AEA,EN,Federal Contract Tower,0,12,24,17,53,0,0,99,4,103,0,12,123,21,156,86,8,94,250
08/11/2011,LNS,PA,AEA,EN,Federal Contract Tower,0,10,46,10,66,0,0,234,1,235,0,10,280,11,301,288,14,302,603
08/12/2011,LNS,PA,AEA,EN,Federal Contract Tower,0,15,32,6,53,0,1,213,5,219,0,16,245,11,272,158,8,166,438
08/13/2011,LNS,PA,AEA,EN,Federal Contract Tower,0,8,37,0,45,0,0,98,0,98,0,8,135,0,143,94,0,94,237
08/14/2011,LNS,PA,AEA,EN,Federal Contract Tower,0,3,24,0,27,0,0,0,0,0,0,3,24,0,27,0,0,0,27
08/15/2011,LNS,PA,AEA,EN,Federal Contract Tower,0,15,22,8,45,0,0,30,1,31,0,15,52,9,76,90,8,98,174
08/16/2011,LNS,PA,AEA,EN,Federal Contract Tower,0,10,32,2,44,0,0,80,0,80,0,10,112,2,124,88,0,88,212
08/17/2011,LNS,PA,AEA,EN,Federal Contract Tower,0,12,19,4,35,0,0,147,1,148,0,12,166,5,183,116,0,116,299
08/18/2011,LNS,PA,AEA,EN,Federal Contract Tower,0,8,30,8,46,0,1,91,5,97,0,9,121,13,143,74,42,116,259
08/19/2011,LNS,PA,AEA,EN,Federal Contract Tower,0,12,32,2,46,0,0,100,7,107,0,12,132,9,153,232,0,232,385
08/20/2011,LNS,PA,AEA,EN,Federal Contract Tower,0,9,22,0,31,0,2,120,4,126,0,11,142,4,157,232,0,232,389
08/21/2011,LNS,PA,AEA,EN,Federal Contract Tower,0,9,6,4,19,0,1,62,0,63,0,10,68,4,82,202,6,208,290
08/22/2011,LNS,PA,AEA,EN,Federal Contract Tower,0,17,25,3,45,0,4,125,5,134,0,21,150,8,179,72,16,88,267
08/23/2011,LNS,PA,AEA,EN,Federal Contract Tower,0,12,23,0,35,0,2,204,4,210,0,14,227,4,245,128,56,184,429
08/24/2011,LNS,PA,AEA,EN,Federal Contract Tower,0,13,34,4,51,0,0,157,3,160,0,13,191,7,211,88,22,110,321
08/25/2011,LNS,PA,AEA,EN,Federal Contract Tower,0,10,20,0,30,0,0,28,0,28,0,10,48,0,58,74,0,74,132
08/26/2011,LNS,PA,AEA,EN,Federal Contract Tower,0,16,60,3,79,0,0,162,5,167,0,16,222,8,246,98,4,102,348
08/27/2011,LNS,PA,AEA,EN,Federal Contract Tower,0,2,9,0,11,0,0,2,0,2,0,2,11,0,13,20,0,20,33
08/28/2011,LNS,PA,AEA,EN,Federal Contract Tower,0,1,5,0,6,0,0,10,0,10,0,1,15,0,16,10,0,10,26
08/29/2011,LNS,PA,AEA,EN,Federal Contract Tower,0,15,22,2,39,0,1,149,0,150,0,16,171,2,189,54,76,130,319
08/30/2011,LNS,PA,AEA,EN,Federal Contract Tower,0,18,28,4,50,0,2,141,3,146,0,20,169,7,196,110,24,134,330
08/31/2011,LNS,PA,AEA,EN,Federal Contract Tower,0,13,23,21,57,0,1,149,3,153,0,14,172,24,210,170,0,170,380
09/01/2011,LNS,PA,AEA,EN,Federal Contract Tower,0,11,55,31,97,0,0,122,0,122,0,11,177,31,219,96,120,216,435
09/02/2011,LNS,PA,AEA,EN,Federal Contract Tower,0,16,46,4,66,0,0,96,0,96,0,16,142,4,162,70,2,72,234
09/03/2011,LNS,PA,AEA,EN,Federal Contract Tower,0,8,19,0,27,0,0,72,1,73,0,8,91,1,100,50,0,50,150
09/04/2011,LNS,PA,AEA,EN,Federal Contract Tower,0,8,17,0,25,0,0,28,0,28,0,8,45,0,53,64,0,64,117
09/05/2011,LNS,PA,AEA,EN,Federal Contract Tower,0,14,39,0,53,0,0,3,0,3,0,14,42,0,56,16,0,16,72
09/06/2011,LNS,PA,AEA,EN,Federal Contract Tower,0,10,26,3,39,0,0,0,0,0,0,10,26,3,39,0,0,0,39
09/07/2011,LNS,PA,AEA,EN,Federal Contract Tower,0,7,9,0,16,0,0,1,0,1,0,7,10,0,17,0,0,0,17
09/08/2011,LNS,PA,AEA,EN,Federal Contract Tower,0,9,17,0,26,0,0,8,0,8,0,9,25,0,34,0,0,0,34
09/09/2011,LNS,PA,AEA,EN,Federal Contract Tower,0,14,22,6,42,0,0,50,0,50,0,14,72,6,92,80,0,80,172
09/10/2011,LNS,PA,AEA,EN,Federal Contract Tower,0,7,39,5,51,0,0,101,0,101,0,7,140,5,152,42,12,54,206
09/11/2011,LNS,PA,AEA,EN,Federal Contract Tower,0,11,33,0,44,0,2,41,0,43,0,13,74,0,87,72,0,72,159
09/12/2011,LNS,PA,AEA,EN,Federal Contract Tower,0,10,45,13,68,0,0,88,1,89,0,10,133,14,157,122,30,152,309
09/13/2011,LNS,PA,AEA,EN,Federal Contract Tower,0,12,42,16,70,0,0,172,0,172,0,12,214,16,242,124,62,186,428
09/14/2011,LNS,PA,AEA,EN,Federal Contract Tower,0,11,43,7,61,0,0,125,6,131,0,11,168,13,192,168,34,202,394
09/15/2011,LNS,PA,AEA,EN,Federal Contract Tower,0,14,37,6,57,0,0,5,2,7,0,14,42,8,64,16,18,34,98
09/16/2011,LNS,PA,AEA,EN,Federal Contract Tower,0,15,36,1,52,0,2,150,5,157,0,17,186,6,209,122,38,160,369
09/17/2011,LNS,PA,AEA,EN,Federal Contract Tower,0,12,36,0,48,0,2,172,0,174,0,14,208,0,222,42,0,42,264
09/18/2011,LNS,PA,AEA,EN,Federal Contract Tower,0,8,25,0,33,0,0,207,0,207,0,8,232,0,240,62,0,62,302
09/19/2011,LNS,PA,AEA,EN,Federal Contract Tower,0,12,27,8,47,0,0,94,0,94,0,12,121,8,141,80,12,92,233
09/20/2011,LNS,PA,AEA,EN,Federal Contract Tower,0,10,60,6,76,0,0,25,0,25,0,10,85,6,101,18,26,44,145
09/21/2011,LNS,PA,AEA,EN,Federal Contract Tower,0,9,37,14,60,0,0,28,3,31,0,9,65,17,91,64,30,94,185
09/22/2011,LNS,PA,AEA,EN,Federal Contract Tower,0,13,79,10,102,0,0,51,6,57,0,13,130,16,159,140,16,156,315
09/23/2011,LNS,PA,AEA,EN,Federal Contract Tower,0,10,32,0,42,0,0,1,0,1,0,10,33,0,43,2,0,2,45
09/24/2011,LNS,PA,AEA,EN,Federal Contract Tower,0,8,28,0,36,0,3,59,0,62,0,11,87,0,98,68,0,68,166
09/25/2011,LNS,PA,AEA,EN,Federal Contract Tower,0,9,44,0,53,0,0,82,0,82,0,9,126,0,135,84,0,84,219
09/26/2011,LNS,PA,AEA,EN,Federal Contract Tower,0,15,34,0,49,0,0,60,6,66,0,15,94,6,115,68,6,74,189
09/27/2011,LNS,PA,AEA,EN,Federal Contract Tower,0,14,18,0,32,0,0,10,0,10,0,14,28,0,42,28,0,28,70
09/28/2011,LNS,PA,AEA,EN,Federal Contract Tower,0,10,24,2,36,0,0,24,5,29,0,10,48,7,65,46,12,58,123
09/29/2011,LNS,PA,AEA,EN,Federal Contract Tower,0,10,23,4,37,0,2,44,12,58,0,12,67,16,95,26,20,46,141
09/30/2011,LNS,PA,AEA,EN,Federal Contract Tower,0,12,55,1,68,0,0,136,3,139,0,12,191,4,207,97,12,109,316
10/01/2011,LNS,PA,AEA,EN,Federal Contract Tower,0,15,44,0,59,0,0,27,0,27,0,15,71,0,86,84,0,84,170
10/02/2011,LNS,PA,AEA,EN,Federal Contract Tower,0,10,58,0,68,0,0,19,0,19,0,10,77,0,87,100,0,100,187
10/03/2011,LNS,PA,AEA,EN,Federal Contract Tower,0,12,50,7,69,0,0,27,1,28,0,12,77,8,97,38,44,82,179
10/04/2011,LNS,PA,AEA,EN,Federal Contract Tower,0,10,52,8,70,0,0,79,0,79,0,10,131,8,149,28,0,28,177
10/05/2011,LNS,PA,AEA,EN,Federal Contract Tower,0,11,41,5,57,0,0,154,8,162,0,11,195,13,219,102,58,160,379
10/06/2011,LNS,PA,AEA,EN,Federal Contract Tower,0,16,31,7,54,0,1,223,3,227,0,17,254,10,281,114,18,132,413
10/07/2011,LNS,PA,AEA,EN,Federal Contract Tower,0,22,39,0,61,0,0,212,4,216,0,22,251,4,277,126,4,130,407
10/08/2011,LNS,PA,AEA,EN,Federal Contract Tower,0,7,34,0,41,0,8,221,0,229,0,15,255,0,270,152,0,152,422
10/09/2011,LNS,PA,AEA,EN,Federal Contract Tower,0,9,38,0,47,0,0,220,0,220,0,9,258,0,267,80,0,80,347
10/10/2011,LNS,PA,AEA,EN,Federal Contract Tower,0,15,32,0,47,0,0,157,0,157,0,15,189,0,204,146,0,146,350
10/11/2011,LNS,PA,AEA,EN,Federal Contract Tower,0,11,27,1,39,0,1,107,0,108,0,12,134,1,147,134,24,158,305
10/12/2011,LNS,PA,AEA,EN,Federal Contract Tower,0,14,35,2,51,0,1,10,0,11,0,15,45,2,62,52,6,58,120
10/13/2011,LNS,PA,AEA,EN,Federal Contract Tower,0,12,42,2,56,0,0,0,0,0,0,12,42,2,56,0,0,0,56
10/14/2011,LNS,PA,AEA,EN,Federal Contract Tower,0,14,22,4,40,0,0,27,2,29,0,14,49,6,69,20,0,20,89
10/15/2011,LNS,PA,AEA,EN,Federal Contract Tower,0,10,11,0,21,0,0,37,0,37,0,10,48,0,58,2,0,2,60
10/16/2011,LNS,PA,AEA,EN,Federal Contract Tower,0,8,19,0,27,0,0,143,2,145,0,8,162,2,172,68,4,72,244
10/17/2011,LNS,PA,AEA,EN,Federal Contract Tower,0,14,14,15,43,0,0,103,2,105,0,14,117,17,148,120,92,212,360
10/18/2011,LNS,PA,AEA,EN,Federal Contract Tower,0,12,30,9,51,0,0,150,2,152,0,12,180,11,203,100,46,146,349
10/19/2011,LNS,PA,AEA,EN,Federal Contract Tower,0,15,23,9,47,0,0,1,0,1,0,15,24,9,48,0,0,0,48
10/20/2011,LNS,PA,AEA,EN,Federal Contract Tower,0,10,31,11,52,0,0,60,1,61,0,10,91,12,113,66,66,132,245
10/21/2011,LNS,PA,AEA,EN,Federal Contract Tower,0,24,43,8,75,0,1,110,3,114,0,25,153,11,189,126,50,176,365
10/22/2011,LNS,PA,AEA,EN,Federal Contract Tower,0,8,38,0,46,0,0,195,0,195,0,8,233,0,241,116,0,116,357
10/23/2011,LNS,PA,AEA,EN,Federal Contract Tower,0,9,30,0,39,0,0,157,0,157,0,9,187,0,196,74,0,74,270
10/24/2011,LNS,PA,AEA,EN,Federal Contract Tower,0,12,21,6,39,0,0,88,9,97,0,12,109,15,136,120,74,194,330
10/25/2011,LNS,PA,AEA,EN,Federal Contract Tower,0,14,26,9,49,0,0,107,0,107,0,14,133,9,156,46,34,80,236
10/26/2011,LNS,PA,AEA,EN,Federal Contract Tower,0,10,23,8,41,0,0,83,7,90,0,10,106,15,131,116,34,150,281
10/27/2011,LNS,PA,AEA,EN,Federal Contract Tower,0,13,50,3,66,0,0,3,3,6,0,13,53,6,72,24,50,74,146
10/28/2011,LNS,PA,AEA,EN,Federal Contract Tower,0,12,48,32,92,0,0,159,2,161,0,12,207,34,253,66,162,228,481
10/29/2011,LNS,PA,AEA,EN,Federal Contract Tower,0,4,0,0,4,0,0,0,0,0,0,4,0,0,4,0,0,0,4
10/30/2011,LNS,PA,AEA,EN,Federal Contract Tower,0,8,22,0,30,0,0,134,0,134,0,8,156,0,164,102,0,102,266
10/31/2011,LNS,PA,AEA,EN,Federal Contract Tower,0,12,19,6,37,0,0,75,6,81,0,12,94,12,118,70,50,120,238
11/01/2011,LNS,PA,AEA,EN,Federal Contract Tower,0,10,37,12,59,0,2,105,5,112,0,12,142,17,171,68,76,144,315
11/02/2011,LNS,PA,AEA,EN,Federal Contract Tower,0,15,39,8,62,0,0,131,8,139,0,15,170,16,201,198,120,318,519
11/03/2011,LNS,PA,AEA,EN,Federal Contract Tower,0,16,36,12,64,0,0,133,7,140,0,16,169,19,204,160,98,258,462
11/04/2011,LNS,PA,AEA,EN,Federal Contract Tower,0,11,28,14,53,0,0,76,5,81,0,11,104,19,134,22,30,52,186
11/05/2011,LNS,PA,AEA,EN,Federal Contract Tower,0,10,39,0,49,0,2,204,4,210,0,12,243,4,259,84,0,84,343
11/06/2011,LNS,PA,AEA,EN,Federal Contract Tower,0,10,20,0,30,0,0,202,0,202,0,10,222,0,232,104,0,104,336
11/07/2011,LNS,PA,AEA,EN,Federal Contract Tower,0,15,28,6,49,0,0,83,1,84,0,15,111,7,133,94,32,126,259
11/08/2011,LNS,PA,AEA,EN,Federal Contract Tower,0,12,30,2,44,0,0,104,1,105,0,12,134,3,149,150,26,176,325
11/09/2011,LNS,PA,AEA,EN,Federal Contract Tower,0,10,22,6,38,0,0,153,5,158,0,10,175,11,196,140,98,238,434
11/10/2011,LNS,PA,AEA,EN,Federal Contract Tower,0,8,21,5,34,0,0,9,2,11,0,8,30,7,45,14,6,20,65
11/11/2011,LNS,PA,AEA,EN,Federal Contract Tower,0,15,19,0,34,0,1,69,0,70,0,16,88,0,104,38,0,38,142
11/12/2011,LNS,PA,AEA,EN,Federal Contract Tower,0,10,35,0,45,0,0,131,1,132,0,10,166,1,177,160,0,160,337
11/13/2011,LNS,PA,AEA,EN,Federal Contract Tower,0,10,24,0,34,0,0,114,0,114,0,10,138,0,148,172,0,172,320
11/14/2011,LNS,PA,AEA,EN,Federal Contract Tower,0,13,21,22,56,0,0,105,6,111,0,13,126,28,167,64,20,84,251
11/15/2011,LNS,PA,AEA,EN,Federal Contract Tower,0,14,33,5,52,0,0,62,9,71,0,14,95,14,123,16,20,36,159
11/16/2011,LNS,PA,AEA,EN,Federal Contract Tower,0,12,20,1,33,0,0,0,0,0,0,12,20,1,33,6,0,6,39
11/17/2011,LNS,PA,AEA,EN,Federal Contract Tower,0,10,11,20,41,0,0,58,7,65,0,10,69,27,106,50,120,170,276
11/18/2011,LNS,PA,AEA,EN,Federal Contract Tower,0,15,33,14,62,0,0,145,2,147,0,15,178,16,209,130,52,182,391
11/19/2011,LNS,PA,AEA,EN,Federal Contract Tower,0,15,43,0,58,0,0,139,0,139,0,15,182,0,197,132,0,132,329
11/20/2011,LNS,PA,AEA,EN,Federal Contract Tower,0,11,30,0,41,0,0,125,0,125,0,11,155,0,166,124,0,124,290
11/21/2011,LNS,PA,AEA,EN,Federal Contract Tower,0,13,35,5,53,0,0,42,0,42,0,13,77,5,95,56,36,92,187
11/22/2011,LNS,PA,AEA,EN,Federal Contract Tower,0,20,18,0,38,0,0,0,0,0,0,20,18,0,38,0,0,0,38
11/23/2011,LNS,PA,AEA,EN,Federal Contract Tower,0,13,23,1,37,0,0,20,0,20,0,13,43,1,57,50,0,50,107
11/24/2011,LNS,PA,AEA,EN,Federal Contract Tower,0,12,8,0,20,0,0,45,0,45,0,12,53,0,65,28,0,28,93
11/25/2011,LNS,PA,AEA,EN,Federal Contract Tower,0,12,23,0,35,0,202,4,0,206,0,214,27,0,241,82,2,84,325
11/26/2011,LNS,PA,AEA,EN,Federal Contract Tower,1,10,47,0,58,0,0,229,0,229,1,10,276,0,287,210,0,210,497
11/27/2011,LNS,PA,AEA,EN,Federal Contract Tower,1,12,26,0,39,0,0,124,0,124,1,12,150,0,163,68,0,68,231
11/28/2011,LNS,PA,AEA,EN,Federal Contract Tower,0,14,16,7,37,0,0,84,0,84,0,14,100,7,121,46,0,46,167
11/29/2011,LNS,PA,AEA,EN,Federal Contract Tower,0,10,26,0,36,0,0,0,0,0,0,10,26,0,36,4,0,4,40
11/30/2011,LNS,PA,AEA,EN,Federal Contract Tower,0,13,34,23,70,0,0,58,5,63,0,13,92,28,133,86,54,140,273
12/01/2011,LNS,PA,AEA,EN,Federal Contract Tower,0,13,33,3,49,0,0,90,0,90,0,13,123,3,139,126,44,170,309
12/02/2011,LNS,PA,AEA,EN,Federal Contract Tower,0,14,36,4,54,0,0,142,3,145,0,14,178,7,199,108,40,148,347
12/03/2011,LNS,PA,AEA,EN,Federal Contract Tower,2,11,31,0,44,0,0,155,0,155,2,11,186,0,199,140,0,140,339
12/04/2011,LNS,PA,AEA,EN,Federal Contract Tower,0,8,33,0,41,0,0,110,0,110,0,8,143,0,151,120,0,120,271
12/05/2011,LNS,PA,AEA,EN,Federal Contract Tower,0,10,22,3,35,0,0,55,0,55,0,10,77,3,90,62,6,68,158
12/06/2011,LNS,PA,AEA,EN,Federal Contract Tower,0,11,34,0,45,0,0,0,0,0,0,11,34,0,45,0,0,0,45
12/07/2011,LNS,PA,AEA,EN,Federal Contract Tower,0,11,30,0,41,0,0,0,0,0,0,11,30,0,41,4,0,4,45
12/08/2011,LNS,PA,AEA,EN,Federal Contract Tower,0,12,38,7,57,0,0,80,0,80,0,12,118,7,137,96,10,106,243
12/09/2011,LNS,PA,AEA,EN,Federal Contract Tower,0,15,31,3,49,0,26,96,1,123,0,41,127,4,172,81,14,95,267
12/10/2011,LNS,PA,AEA,EN,Federal Contract Tower,0,7,55,0,62,0,0,132,0,132,0,7,187,0,194,164,0,164,358
12/11/2011,LNS,PA,AEA,EN,Federal Contract Tower,0,10,31,0,41,0,0,179,0,179,0,10,210,0,220,152,0,152,372
12/12/2011,LNS,PA,AEA,EN,Federal Contract Tower,0,11,35,5,51,0,0,139,2,141,0,11,174,7,192,78,34,112,304
12/13/2011,LNS,PA,AEA,EN,Federal Contract Tower,0,18,28,19,65,0,0,144,2,146,0,18,172,21,211,108,56,164,375
12/14/2011,LNS,PA,AEA,EN,Federal Contract Tower,0,11,45,0,56,0,0,103,0,103,0,11,148,0,159,90,0,90,249
12/15/2011,LNS,PA,AEA,EN,Federal Contract Tower,0,10,7,0,17,0,0,31,8,39,0,10,38,8,56,42,4,46,102
12/16/2011,LNS,PA,AEA,EN,Federal Contract Tower,0,15,29,2,46,0,0,81,4,85,0,15,110,6,131,54,16,70,201
12/17/2011,LNS,PA,AEA,EN,Federal Contract Tower,0,8,31,0,39,0,0,94,0,94,0,8,125,0,133,50,0,50,183
12/18/2011,LNS,PA,AEA,EN,Federal Contract Tower,0,10,38,0,48,0,0,103,0,103,0,10,141,0,151,116,0,116,267
12/19/2011,LNS,PA,AEA,EN,Federal Contract Tower,0,14,31,0,45,0,0,84,4,88,0,14,115,4,133,74,4,78,211
12/20/2011,LNS,PA,AEA,EN,Federal Contract Tower,0,11,33,15,59,0,0,37,8,45,0,11,70,23,104,72,14,86,190
12/21/2011,LNS,PA,AEA,EN,Federal Contract Tower,0,12,15,0,27,0,0,0,0,0,0,12,15,0,27,0,0,0,27
12/22/2011,LNS,PA,AEA,EN,Federal Contract Tower,0,10,33,1,44,0,1,146,7,154,0,11,179,8,198,38,18,56,254
12/23/2011,LNS,PA,AEA,EN,Federal Contract Tower,0,20,25,0,45,0,0,51,0,51,0,20,76,0,96,46,0,46,142
12/24/2011,LNS,PA,AEA,EN,Federal Contract Tower,0,8,9,0,17,0,0,76,0,76,0,8,85,0,93,72,0,72,165
12/25/2011,LNS,PA,AEA,EN,Federal Contract Tower,0,8,3,0,11,0,0,25,0,25,0,8,28,0,36,26,0,26,62
12/26/2011,LNS,PA,AEA,EN,Federal Contract Tower,0,17,30,0,47,0,0,80,0,80,0,17,110,0,127,82,0,82,209
12/27/2011,LNS,PA,AEA,EN,Federal Contract Tower,0,9,13,2,24,0,0,14,0,14,0,9,27,2,38,22,0,22,60
12/28/2011,LNS,PA,AEA,EN,Federal Contract Tower,0,11,13,0,24,0,0,24,4,28,0,11,37,4,52,42,10,52,104
12/29/2011,LNS,PA,AEA,EN,Federal Contract Tower,0,11,33,2,46,0,2,120,0,122,0,13,153,2,168,20,6,26,194
12/30/2011,LNS,PA,AEA,EN,Federal Contract Tower,0,13,39,2,54,0,1,143,0,144,0,14,182,2,198,96,0,96,294
12/31/2011,LNS,PA,AEA,EN,Federal Contract Tower,0,8,30,0,38,0,1,82,0,83,0,9,112,0,121,122,0,122,243
01/01/2012,LNS,PA,AEA,EN,Federal Contract Tower,0,9,11,4,24,0,0,37,0,37,0,9,48,4,61,22,0,22,83
01/02/2012,LNS,PA,AEA,EN,Federal Contract Tower,0,14,9,0,23,0,0,35,0,35,0,14,44,0,58,82,0,82,140
01/03/2012,LNS,PA,AEA,EN,Federal Contract Tower,0,12,11,13,36,0,2,32,4,38,0,14,43,17,74,0,12,12,86
01/04/2012,LNS,PA,AEA,EN,Federal Contract Tower,0,13,42,6,61,0,0,108,2,110,0,13,150,8,171,58,0,58,229
01/05/2012,LNS,PA,AEA,EN,Federal Contract Tower,0,15,23,1,39,0,0,111,4,115,0,15,134,5,154,42,4,46,200
01/06/2012,LNS,PA,AEA,EN,Federal Contract Tower,0,17,42,0,59,0,4,129,0,133,0,21,171,0,192,96,0,96,288
01/07/2012,LNS,PA,AEA,EN,Federal Contract Tower,0,8,19,0,27,0,0,173,0,173,0,8,192,0,200,96,0,96,296
01/08/2012,LNS,PA,AEA,EN,Federal Contract Tower,0,8,45,0,53,0,2,130,0,132,0,10,175,0,185,52,0,52,237
01/09/2012,LNS,PA,AEA,EN,Federal Contract Tower,0,13,41,0,54,0,1,77,0,78,0,14,118,0,132,112,0,112,244
01/10/2012,LNS,PA,AEA,EN,Federal Contract Tower,0,16,33,4,53,0,0,92,10,102,0,16,125,14,155,58,34,92,247
01/11/2012,LNS,PA,AEA,EN,Federal Contract Tower,0,12,33,8,53,0,0,77,7,84,0,12,110,15,137,106,48,154,291
01/12/2012,LNS,PA,AEA,EN,Federal Contract Tower,0,10,19,1,30,0,0,12,1,13,0,10,31,2,43,24,6,30,73
01/13/2012,LNS,PA,AEA,EN,Federal Contract Tower,0,13,18,0,31,0,0,9,3,12,0,13,27,3,43,0,6,6,49
01/14/2012,LNS,PA,AEA,EN,Federal Contract Tower,0,8,15,0,23,0,0,65,0,65,0,8,80,0,88,62,0,62,150
01/15/2012,LNS,PA,AEA,EN,Federal Contract Tower,0,8,45,0,53,0,4,100,0,104,0,12,145,0,157,50,0,50,207
01/16/2012,LNS,PA,AEA,EN,Federal Contract Tower,0,12,19,0,31,0,0,103,0,103,0,12,122,0,134,54,0,54,188
01/17/2012,LNS,PA,AEA,EN,Federal Contract Tower,0,10,16,0,26,0,0,17,0,17,0,10,33,0,43,10,0,10,53
01/18/2012,LNS,PA,AEA,EN,Federal Contract Tower,0,19,22,29,70,0,0,51,6,57,0,19,73,35,127,26,50,76,203
01/19/2012,LNS,PA,AEA,EN,Federal Contract Tower,0,12,27,11,50,0,0,91,20,111,0,12,118,31,161,54,84,138,299
01/20/2012,LNS,PA,AEA,EN,Federal Contract Tower,0,12,41,3,56,0,0,117,5,122,0,12,158,8,178,124,40,164,342
01/21/2012,LNS,PA,AEA,EN,Federal Contract Tower,0,4,3,0,7,0,0,0,0,0,0,4,3,0,7,0,0,0,7
01/22/2012,LNS,PA,AEA,EN,Federal Contract Tower,0,7,10,0,17,0,0,49,0,49,0,7,59,0,66,32,0,32,98
01/23/2012,LNS,PA,AEA,EN,Federal Contract Tower,0,0,2,0,2,0,0,0,0,0,0,0,2,0,2,0,0,0,2
01/24/2012,LNS,PA,AEA,EN,Federal Contract Tower,0,12,32,7,51,0,0,90,4,94,0,12,122,11,145,111,58,169,314
01/25/2012,LNS,PA,AEA,EN,Federal Contract Tower,0,10,20,3,33,0,1,158,4,163,0,11,178,7,196,186,60,246,442
01/26/2012,LNS,PA,AEA,EN,Federal Contract Tower,0,11,12,0,23,0,0,5,0,5,0,11,17,0,28,10,0,10,38
01/27/2012,LNS,PA,AEA,EN,Federal Contract Tower,0,12,11,1,24,0,1,23,5,29,0,13,34,6,53,8,34,42,95
01/28/2012,LNS,PA,AEA,EN,Federal Contract Tower,0,8,38,0,46,0,2,214,0,216,0,10,252,0,262,62,0,62,324
01/29/2012,LNS,PA,AEA,EN,Federal Contract Tower,0,8,20,0,28,0,0,86,0,86,0,8,106,0,114,48,0,48,162
01/30/2012,LNS,PA,AEA,EN,Federal Contract Tower,0,12,28,6,46,0,0,85,1,86,0,12,113,7,132,78,38,116,248
01/31/2012,LNS,PA,AEA,EN,Federal Contract Tower,0,13,27,6,46,0,0,162,5,167,0,13,189,11,213,108,104,212,425
02/01/2012,LNS,PA,AEA,EN,Federal Contract Tower,0,14,13,5,32,0,0,74,5,79,0,14,87,10,111,66,66,132,243
02/02/2012,LNS,PA,AEA,EN,Federal Contract Tower,0,10,14,14,38,0,0,77,6,83,0,10,91,20,121,52,38,90,211
02/03/2012,LNS,PA,AEA,EN,Federal Contract Tower,0,14,45,0,59,0,0,198,5,203,0,14,243,5,262,182,46,228,490
02/04/2012,LNS,PA,AEA,EN,Federal Contract Tower,0,9,32,0,41,0,0,163,0,163,0,9,195,0,204,122,0,122,326
02/05/2012,LNS,PA,AEA,EN,Federal Contract Tower,0,13,14,0,27,0,0,137,0,137,0,13,151,0,164,66,0,66,230
02/06/2012,LNS,PA,AEA,EN,Federal Contract Tower,0,18,15,6,39,0,0,90,5,95,0,18,105,11,134,74,36,110,244
02/07/2012,LNS,PA,AEA,EN,Federal Contract Tower,0,10,40,15,65,0,0,119,7,126,0,10,159,22,191,104,78,182,373
02/08/2012,LNS,PA,AEA,EN,Federal Contract Tower,0,11,13,1,25,0,0,30,1,31,0,11,43,2,56,18,0,18,74
02/09/2012,LNS,PA,AEA,EN,Federal Contract Tower,0,10,52,4,66,0,0,127,6,133,0,10,179,10,199,128,26,154,353
02/10/2012,LNS,PA,AEA,EN,Federal Contract Tower,0,12,33,2,47,0,0,115,0,115,0,12,148,2,162,72,62,134,296
02/11/2012,LNS,PA,AEA,EN,Federal Contract Tower,0,6,2,0,8,0,0,0,0,0,0,6,2,0,8,0,0,0,8
02/12/2012,LNS,PA,AEA,EN,Federal Contract Tower,0,10,3,0,13,0,0,4,0,4,0,10,7,0,17,0,0,0,17
02/13/2012,LNS,PA,AEA,EN,Federal Contract Tower,0,12,23,12,47,0,0,71,3,74,0,12,94,15,121,46,6,52,173
02/14/2012,LNS,PA,AEA,EN,Federal Contract Tower,0,12,16,10,38,0,0,47,11,58,0,12,63,21,96,72,42,114,210
02/15/2012,LNS,PA,AEA,EN,Federal Contract Tower,0,14,32,12,58,0,0,93,15,108,0,14,125,27,166,184,114,298,464
02/16/2012,LNS,PA,AEA,EN,Federal Contract Tower,0,12,11,8,31,0,0,5,2,7,0,12,16,10,38,0,14,14,52
02/17/2012,LNS,PA,AEA,EN,Federal Contract Tower,0,15,38,13,66,0,0,146,12,158,0,15,184,25,224,126,118,244,468
02/18/2012,LNS,PA,AEA,EN,Federal Contract Tower,1,12,38,0,51,0,0,185,4,189,1,12,223,4,240,248,0,248,488
02/19/2012,LNS,PA,AEA,EN,Federal Contract Tower,1,10,40,0,51,0,0,117,0,117,1,10,157,0,168,36,0,36,204
02/20/2012,LNS,PA,AEA,EN,Federal Contract Tower,0,16,27,0,43,0,3,132,0,135,0,19,159,0,178,174,0,174,352
02/21/2012,LNS,PA,AEA,EN,Federal Contract Tower,0,15,19,12,46,0,0,90,4,94,0,15,109,16,140,148,46,194,334
02/22/2012,LNS,PA,AEA,EN,Federal Contract Tower,0,12,38,14,64,0,2,92,7,101,0,14,130,21,165,194,74,268,433
02/23/2012,LNS,PA,AEA,EN,Federal Contract Tower,0,12,25,11,48,0,2,77,3,82,0,14,102,14,130,80,50,130,260
02/24/2012,LNS,PA,AEA,EN,Federal Contract Tower,0,13,18,0,31,0,0,0,0,0,0,13,18,0,31,2,0,2,33
02/25/2012,LNS,PA,AEA,EN,Federal Contract Tower,2,6,1,0,9,0,0,4,2,6,2,6,5,2,15,0,0,0,15
02/26/2012,LNS,PA,AEA,EN,Federal Contract Tower,0,9,25,1,35,0,1,207,2,210,0,10,232,3,245,148,0,148,393
02/27/2012,LNS,PA,AEA,EN,Federal Contract Tower,0,15,21,17,53,0,0,153,18,171,0,15,174,35,224,216,38,254,478
02/28/2012,LNS,PA,AEA,EN,Federal Contract Tower,0,14,33,13,60,0,1,147,9,157,0,15,180,22,217,198,74,272,489
02/29/2012,LNS,PA,AEA,EN,Federal Contract Tower,0,13,11,0,24,0,0,2,0,2,0,13,13,0,26,22,0,22,48
03/01/2012,LNS,PA,AEA,EN,Federal Contract Tower,0,10,22,5,37,0,0,19,5,24,0,10,41,10,61,64,86,150,211
03/02/2012,LNS,PA,AEA,EN,Federal Contract Tower,0,12,36,9,57,0,0,71,2,73,0,12,107,11,130,68,22,90,220
03/03/2012,LNS,PA,AEA,EN,Federal Contract Tower,0,7,10,6,23,0,0,34,0,34,0,7,44,6,57,68,6,74,131
03/04/2012,LNS,PA,AEA,EN,Federal Contract Tower,0,10,22,0,32,0,0,73,4,77,0,10,95,4,109,28,0,28,137
03/05/2012,LNS,PA,AEA,EN,Federal Contract Tower,0,15,12,8,35,0,2,88,9,99,0,17,100,17,134,70,86,156,290
03/06/2012,LNS,PA,AEA,EN,Federal Contract Tower,0,16,34,5,55,0,0,172,11,183,0,16,206,16,238,132,70,202,440
03/07/2012,LNS,PA,AEA,EN,Federal Contract Tower,0,11,22,4,37,0,0,116,9,125,0,11,138,13,162,44,88,132,294
03/08/2012,LNS,PA,AEA,EN,Federal Contract Tower,0,8,22,23,53,0,0,45,9,54,0,8,67,32,107,36,132,168,275
03/09/2012,LNS,PA,AEA,EN,Federal Contract Tower,0,12,12,9,33,0,0,26,7,33,0,12,38,16,66,2,48,50,116
03/10/2012,LNS,PA,AEA,EN,Federal Contract Tower,0,8,33,0,41,0,0,184,6,190,0,8,217,6,231,156,4,160,391
03/11/2012,LNS,PA,AEA,EN,Federal Contract Tower,0,11,51,0,62,0,0,190,0,190,0,11,241,0,252,132,0,132,384
03/12/2012,LNS,PA,AEA,EN,Federal Contract Tower,0,13,23,9,45,0,0,138,3,141,0,13,161,12,186,150,72,222,408
03/13/2012,LNS,PA,AEA,EN,Federal Contract Tower,0,11,28,4,43,0,1,118,7,126,0,12,146,11,169,142,64,206,375
03/14/2012,LNS,PA,AEA,EN,Federal Contract Tower,0,17,40,7,64,0,0,156,3,159,0,17,196,10,223,134,38,172,395
03/15/2012,LNS,PA,AEA,EN,Federal Contract Tower,0,13,46,25,84,0,0,94,11,105,0,13,140,36,189,220,92,312,501
03/16/2012,LNS,PA,AEA,EN,Federal Contract Tower,0,10,54,2,66,0,0,25,4,29,0,10,79,6,95,46,56,102,197
03/17/2012,LNS,PA,AEA,EN,Federal Contract Tower,0,9,66,0,75,0,0,169,0,169,0,9,235,0,244,156,0,156,400
03/18/2012,LNS,PA,AEA,EN,Federal Contract Tower,0,10,46,0,56,0,0,89,0,89,0,10,135,0,145,126,0,126,271
03/19/2012,LNS,PA,AEA,EN,Federal Contract Tower,0,14,42,2,58,0,0,106,0,106,0,14,148,2,164,110,70,180,344
03/20/2012,LNS,PA,AEA,EN,Federal Contract Tower,0,15,28,12,55,0,0,46,11,57,0,15,74,23,112,82,70,152,264
03/21/2012,LNS,PA,AEA,EN,Federal Contract Tower,0,11,41,9,61,0,0,50,1,51,0,11,91,10,112,146,12,158,270
03/22/2012,LNS,PA,AEA,EN,Federal Contract Tower,0,17,35,6,58,0,0,32,2,34,0,17,67,8,92,48,54,102,194
03/23/2012,LNS,PA,AEA,EN,Federal Contract Tower,0,21,45,12,78,0,0,155,6,161,0,21,200,18,239,132,126,258,497
03/24/2012,LNS,PA,AEA,EN,Federal Contract Tower,0,8,24,0,32,0,0,5,0,5,0,8,29,0,37,68,0,68,105
03/25/2012,LNS,PA,AEA,EN,Federal Contract Tower,0,8,43,8,59,0,0,50,0,50,0,8,93,8,109,100,0,100,209
03/26/2012,LNS,PA,AEA,EN,Federal Contract Tower,0,13,12,4,29,0,0,34,0,34,0,13,46,4,63,18,0,18,81
03/27/2012,LNS,PA,AEA,EN,Federal Contract Tower,0,14,37,9,60,0,2,165,10,177,0,16,202,19,237,214,64,278,515
03/28/2012,LNS,PA,AEA,EN,Federal Contract Tower,0,15,18,5,38,0,0,67,3,70,0,15,85,8,108,104,38,142,250
03/29/2012,LNS,PA,AEA,EN,Federal Contract Tower,0,11,20,19,50,0,0,58,8,66,0,11,78,27,116,138,84,222,338
03/30/2012,LNS,PA,AEA,EN,Federal Contract Tower,0,14,34,3,51,0,0,2,170,172,0,14,36,173,223,86,0,86,309
03/31/2012,LNS,PA,AEA,EN,Federal Contract Tower,0,9,26,2,37,0,0,3,0,3,0,9,29,2,40,34,0,34,74
04/01/2012,LNS,PA,AEA,EN,Federal Contract Tower,0,8,28,0,36,0,0,50,0,50,0,8,78,0,86,116,0,116,202
04/02/2012,LNS,PA,AEA,EN,Federal Contract Tower,0,15,17,0,32,0,0,57,0,57,0,15,74,0,89,114,0,114,203
04/03/2012,LNS,PA,AEA,EN,Federal Contract Tower,0,11,41,2,54,0,0,192,10,202,0,11,233,12,256,180,6,186,442
04/04/2012,LNS,PA,AEA,EN,Federal Contract Tower,0,14,40,0,54,0,0,100,2,102,0,14,140,2,156,228,30,258,414
04/05/2012,LNS,PA,AEA,EN,Federal Contract Tower,0,14,32,1,47,0,3,175,1,179,0,17,207,2,226,258,38,296,522
04/06/2012,LNS,PA,AEA,EN,Federal Contract Tower,0,12,23,4,39,0,0,112,0,112,0,12,135,4,151,94,6,100,251
04/07/2012,LNS,PA,AEA,EN,Federal Contract Tower,0,8,33,0,41,0,0,99,0,99,0,8,132,0,140,152,0,152,292
04/08/2012,LNS,PA,AEA,EN,Federal Contract Tower,0,8,14,0,22,0,0,46,0,46,0,8,60,0,68,46,0,46,114
04/09/2012,LNS,PA,AEA,EN,Federal Contract Tower,0,12,14,1,27,0,0,15,1,16,0,12,29,2,43,32,0,32,75
04/10/2012,LNS,PA,AEA,EN,Federal Contract Tower,0,13,26,0,39,0,1,71,6,78,0,14,97,6,117,90,58,148,265
04/11/2012,LNS,PA,AEA,EN,Federal Contract Tower,0,12,28,5,45,0,0,63,3,66,0,12,91,8,111,74,22,96,207
04/12/2012,LNS,PA,AEA,EN,Federal Contract Tower,0,13,26,3,42,0,3,95,6,104,0,16,121,9,146,94,48,142,288
04/13/2012,LNS,PA,AEA,EN,Federal Contract Tower,0,14,31,3,48,0,0,187,0,187,0,14,218,3,235,74,4,78,313
04/14/2012,LNS,PA,AEA,EN,Federal Contract Tower,1,8,25,3,37,0,0,161,4,165,1,8,186,7,202,80,8,88,290
04/15/2012,LNS,PA,AEA,EN,Federal Contract Tower,1,10,20,2,33,0,0,127,2,129,1,10,147,4,162,138,40,178,340
04/16/2012,LNS,PA,AEA,EN,Federal Contract Tower,0,14,23,1,38,0,0,59,1,60,0,14,82,2,98,98,0,98,196
04/17/2012,LNS,PA,AEA,EN,Federal Contract Tower,0,16,48,5,69,0,0,107,7,114,0,16,155,12,183,128,24,152,335
04/18/2012,LNS,PA,AEA,EN,Federal Contract Tower,0,19,27,19,65,0,0,70,4,74,0,19,97,23,139,126,26,152,291
04/19/2012,LNS,PA,AEA,EN,Federal Contract Tower,0,13,36,9,58,0,0,119,2,121,0,13,155,11,179,178,62,240,419
04/20/2012,LNS,PA,AEA,EN,Federal Contract Tower,0,12,38,13,63,0,0,171,4,175,0,12,209,17,238,132,42,174,412
04/21/2012,LNS,PA,AEA,EN,Federal Contract Tower,2,10,21,0,33,0,0,69,0,69,2,10,90,0,102,86,0,86,188
04/22/2012,LNS,PA,AEA,EN,Federal Contract Tower,0,10,18,0,28,0,0,2,0,2,0,10,20,0,30,20,0,20,50
04/23/2012,LNS,PA,AEA,EN,Federal Contract Tower,0,12,10,0,22,0,0,8,0,8,0,12,18,0,30,0,0,0,30
04/24/2012,LNS,PA,AEA,EN,Federal Contract Tower,0,11,32,4,47,0,0,70,0,70,0,11,102,4,117,86,4,90,207
04/25/2012,LNS,PA,AEA,EN,Federal Contract Tower,0,15,22,14,51,0,0,131,4,135,0,15,153,18,186,52,106,158,344
04/26/2012,LNS,PA,AEA,EN,Federal Contract Tower,0,9,43,6,58,0,0,12,0,12,0,9,55,6,70,14,0,14,84
04/27/2012,LNS,PA,AEA,EN,Federal Contract Tower,0,11,32,4,47,0,0,60,4,64,0,11,92,8,111,44,28,72,183
04/28/2012,LNS,PA,AEA,EN,Federal Contract Tower,0,7,18,0,25,0,0,154,0,154,0,7,172,0,179,152,0,152,331
04/29/2012,LNS,PA,AEA,EN,Federal Contract Tower,0,7,19,2,28,0,0,155,1,156,0,7,174,3,184,68,0,68,252
04/30/2012,LNS,PA,AEA,EN,Federal Contract Tower,0,13,35,23,71,0,0,123,1,124,0,13,158,24,195,152,6,158,353
05/01/2012,LNS,PA,AEA,EN,Federal Contract Tower,0,11,32,9,52,0,0,62,3,65,0,11,94,12,117,76,18,94,211
05/02/2012,LNS,PA,AEA,EN,Federal Contract Tower,0,13,46,10,69,0,0,13,4,17,0,13,59,14,86,32,6,38,124
05/03/2012,LNS,PA,AEA,EN,Federal Contract Tower,0,18,36,1,55,0,4,14,0,18,0,22,50,1,73,64,12,76,149
05/04/2012,LNS,PA,AEA,EN,Federal Contract Tower,0,10,44,8,62,0,0,28,3,31,0,10,72,11,93,30,4,34,127
05/05/2012,LNS,PA,AEA,EN,Federal Contract Tower,1,8,42,0,51,0,0,87,0,87,1,8,129,0,138,150,0,150,288
05/06/2012,LNS,PA,AEA,EN,Federal Contract Tower,1,11,56,0,68,0,0,18,0,18,1,11,74,0,86,24,0,24,110
05/07/2012,LNS,PA,AEA,EN,Federal Contract Tower,0,16,28,3,47,0,0,53,1,54,0,16,81,4,101,83,48,131,232
05/08/2012,LNS,PA,AEA,EN,Federal Contract Tower,0,21,37,3,61,0,0,13,1,14,0,21,50,4,75,6,0,6,81
05/09/2012,LNS,PA,AEA,EN,Federal Contract Tower,0,15,40,12,67,0,0,80,3,83,0,15,120,15,150,192,22,214,364
05/10/2012,LNS,PA,AEA,EN,Federal Contract Tower,0,12,28,6,46,0,0,122,18,140,0,12,150,24,186,88,136,224,410
05/11/2012,LNS,PA,AEA,EN,Federal Contract Tower,0,16,53,2,71,0,3,189,10,202,0,19,242,12,273,140,54,194,467
05/12/2012,LNS,PA,AEA,EN,Federal Contract Tower,2,17,39,0,58,0,20,271,0,291,2,37,310,0,349,110,0,110,459
05/13/2012,LNS,PA,AEA,EN,Federal Contract Tower,0,13,35,0,48,0,0,158,0,158,0,13,193,0,206,210,0,210,416
05/14/2012,LNS,PA,AEA,EN,Federal Contract Tower,0,10,39,0,49,0,0,9,0,9,0,10,48,0,58,4,0,4,62
05/15/2012,LNS,PA,AEA,EN,Federal Contract Tower,0,9,29,4,42,0,0,19,6,25,0,9,48,10,67,94,24,118,185
05/16/2012,LNS,PA,AEA,EN,Federal Contract Tower,0,11,41,15,67,0,11,115,4,130,0,22,156,19,197,140,86,226,423
05/17/2012,LNS,PA,AEA,EN,Federal Contract Tower,0,17,35,4,56,0,0,158,6,164,0,17,193,10,220,128,42,170,390
05/18/2012,LNS,PA,AEA,EN,Federal Contract Tower,0,17,44,0,61,0,0,185,4,189,0,17,229,4,250,238,12,250,500
05/19/2012,LNS,PA,AEA,EN,Federal Contract Tower,0,11,17,3,31,0,0,195,14,209,0,11,212,17,240,104,2,106,346
05/20/2012,LNS,PA,AEA,EN,Federal Contract Tower,0,19,26,0,45,0,0,148,0,148,0,19,174,0,193,70,0,70,263
05/21/2012,LNS,PA,AEA,EN,Federal Contract Tower,0,14,35,6,55,0,0,7,0,7,0,14,42,6,62,14,0,14,76
05/22/2012,LNS,PA,AEA,EN,Federal Contract Tower,0,13,47,14,74,0,0,34,2,36,0,13,81,16,110,152,32,184,294
05/23/2012,LNS,PA,AEA,EN,Federal Contract Tower,0,11,27,3,41,0,0,33,2,35,0,11,60,5,76,184,8,192,268
05/24/2012,LNS,PA,AEA,EN,Federal Contract Tower,0,12,42,5,59,0,0,54,3,57,0,12,96,8,116,96,40,136,252
05/25/2012,LNS,PA,AEA,EN,Federal Contract Tower,0,15,68,0,83,0,0,108,6,114,0,15,176,6,197,202,48,250,447
05/26/2012,LNS,PA,AEA,EN,Federal Contract Tower,0,12,29,0,41,0,2,178,0,180,0,14,207,0,221,110,0,110,331
05/27/2012,LNS,PA,AEA,EN,Federal Contract Tower,0,11,14,0,25,0,0,58,0,58,0,11,72,0,83,54,0,54,137
05/28/2012,LNS,PA,AEA,EN,Federal Contract Tower,0,14,38,0,52,0,3,114,0,117,0,17,152,0,169,80,0,80,249
05/29/2012,LNS,PA,AEA,EN,Federal Contract Tower,0,10,10,2,22,0,0,76,6,82,0,10,86,8,104,66,20,86,190
05/30/2012,LNS,PA,AEA,EN,Federal Contract Tower,0,11,28,17,56,0,0,101,3,104,0,11,129,20,160,136,56,192,352
05/31/2012,LNS,PA,AEA,EN,Federal Contract Tower,0,11,50,14,75,0,1,170,2,173,0,12,220,16,248,180,8,188,436
06/01/2012,LNS,PA,AEA,EN,Federal Contract Tower,0,12,28,11,51,0,0,65,2,67,0,12,93,13,118,107,32,139,257
06/02/2012,LNS,PA,AEA,EN,Federal Contract Tower,0,12,40,0,52,0,0,105,6,111,0,12,145,6,163,86,0,86,249
06/03/2012,LNS,PA,AEA,EN,Federal Contract Tower,0,11,31,0,42,0,0,98,0,98,0,11,129,0,140,106,0,106,246
06/04/2012,LNS,PA,AEA,EN,Federal Contract Tower,0,10,26,3,39,0,0,69,6,75,0,10,95,9,114,40,2,42,156
06/05/2012,LNS,PA,AEA,EN,Federal Contract Tower,0,13,20,2,35,0,0,149,4,153,0,13,169,6,188,170,2,172,360
06/06/2012,LNS,PA,AEA,EN,Federal Contract Tower,0,15,29,7,51,0,0,156,2,158,0,15,185,9,209,180,0,180,389
06/07/2012,LNS,PA,AEA,EN,Federal Contract Tower,0,14,28,4,46,0,0,117,5,122,0,14,145,9,168,184,10,194,362
06/08/2012,LNS,PA,AEA,EN,Federal Contract Tower,0,13,33,0,46,0,0,131,4,135,0,13,164,4,181,101,0,101,282
06/09/2012,LNS,PA,AEA,EN,Federal Contract Tower,1,10,41,0,52,0,0,141,5,146,1,10,182,5,198,106,0,106,304
06/10/2012,LNS,PA,AEA,EN,Federal Contract Tower,1,12,18,0,31,0,0,175,13,188,1,12,193,13,219,134,2,136,355
06/11/2012,LNS,PA,AEA,EN,Federal Contract Tower,0,12,38,7,57,0,2,69,4,75,0,14,107,11,132,34,0,34,166
06/12/2012,LNS,PA,AEA,EN,Federal Contract Tower,0,8,18,0,26,0,0,0,0,0,0,8,18,0,26,0,0,0,26
06/13/2012,LNS,PA,AEA,EN,Federal Contract Tower,0,16,31,6,53,0,0,91,0,91,0,16,122,6,144,62,36,98,242
06/14/2012,LNS,PA,AEA,EN,Federal Contract Tower,0,16,32,6,54,0,0,138,5,143,0,16,170,11,197,182,52,234,431
06/15/2012,LNS,PA,AEA,EN,Federal Contract Tower,0,13,41,1,55,0,1,179,3,183,0,14,220,4,238,134,28,162,400
06/16/2012,LNS,PA,AEA,EN,Federal Contract Tower,2,11,37,0,50,0,0,191,0,191,2,11,228,0,241,116,0,116,357
06/17/2012,LNS,PA,AEA,EN,Federal Contract Tower,0,15,20,0,35,0,0,104,0,104,0,15,124,0,139,52,0,52,191
06/18/2012,LNS,PA,AEA,EN,Federal Contract Tower,0,12,45,2,59,0,0,34,2,36,0,12,79,4,95,64,40,104,199
06/19/2012,LNS,PA,AEA,EN,Federal Contract Tower,0,12,40,0,52,0,0,31,2,33,0,12,71,2,85,44,2,46,131
06/20/2012,LNS,PA,AEA,EN,Federal Contract Tower,0,15,26,21,62,0,0,115,0,115,0,15,141,21,177,114,32,146,323
06/21/2012,LNS,PA,AEA,EN,Federal Contract Tower,0,10,29,5,44,0,2,108,7,117,0,12,137,12,161,62,32,94,255
06/22/2012,LNS,PA,AEA,EN,Federal Contract Tower,0,10,38,6,54,0,0,43,2,45,0,10,81,8,99,60,32,92,191
06/23/2012,LNS,PA,AEA,EN,Federal Contract Tower,0,10,25,2,37,0,2,160,0,162,0,12,185,2,199,124,0,124,323
06/24/2012,LNS,PA,AEA,EN,Federal Contract Tower,0,13,49,0,62,0,0,133,0,133,0,13,182,0,195,148,0,148,343
06/25/2012,LNS,PA,AEA,EN,Federal Contract Tower,0,11,19,9,39,0,0,62,2,64,0,11,81,11,103,30,8,38,141
06/26/2012,LNS,PA,AEA,EN,Federal Contract Tower,0,12,26,6,44,0,0,100,3,103,0,12,126,9,147,50,4,54,201
06/27/2012,LNS,PA,AEA,EN,Federal Contract Tower,0,16,16,5,37,0,0,115,7,122,0,16,131,12,159,93,16,109,268
06/28/2012,LNS,PA,AEA,EN,Federal Contract Tower,0,14,23,7,44,0,0,147,7,154,0,14,170,14,198,108,32,140,338
06/29/2012,LNS,PA,AEA,EN,Federal Contract Tower,0,13,28,17,58,0,2,102,1,105,0,15,130,18,163,76,50,126,289
06/30/2012,LNS,PA,AEA,EN,Federal Contract Tower,0,10,18,0,28,0,0,100,0,100,0,10,118,0,128,76,0,76,204
07/01/2012,LNS,PA,AEA,EN,Federal Contract Tower,0,13,16,0,29,0,3,104,0,107,0,16,120,0,136,66,0,66,202
07/02/2012,LNS,PA,AEA,EN,Federal Contract Tower,0,12,32,3,47,0,0,114,1,115,0,12,146,4,162,62,4,66,228
07/03/2012,LNS,PA,AEA,EN,Federal Contract Tower,0,17,35,4,56,0,1,122,15,138,0,18,157,19,194,130,50,180,374
07/04/2012,LNS,PA,AEA,EN,Federal Contract Tower,0,8,13,0,21,0,0,71,0,71,0,8,84,0,92,74,2,76,168
07/05/2012,LNS,PA,AEA,EN,Federal Contract Tower,0,8,17,5,30,0,1,95,3,99,0,9,112,8,129,72,50,122,251
07/06/2012,LNS,PA,AEA,EN,Federal Contract Tower,0,6,29,7,42,0,0,170,1,171,0,6,199,8,213,156,40,196,409
07/07/2012,LNS,PA,AEA,EN,Federal Contract Tower,0,11,21,0,32,0,5,72,0,77,0,16,93,0,109,44,0,44,153
07/08/2012,LNS,PA,AEA,EN,Federal Contract Tower,0,12,22,0,34,0,0,73,0,73,0,12,95,0,107,62,0,62,169
07/09/2012,LNS,PA,AEA,EN,Federal Contract Tower,0,10,32,13,55,0,0,89,0,89,0,10,121,13,144,118,36,154,298
07/10/2012,LNS,PA,AEA,EN,Federal Contract Tower,0,12,23,7,42,0,0,164,8,172,0,12,187,15,214,158,44,202,416
07/11/2012,LNS,PA,AEA,EN,Federal Contract Tower,0,15,21,3,39,0,0,165,1,166,0,15,186,4,205,156,22,178,383
07/12/2012,LNS,PA,AEA,EN,Federal Contract Tower,0,17,32,6,55,0,0,166,8,174,0,17,198,14,229,200,26,226,455
07/13/2012,LNS,PA,AEA,EN,Federal Contract Tower,0,15,39,2,56,0,0,115,2,117,0,15,154,4,173,110,2,112,285
07/14/2012,LNS,PA,AEA,EN,Federal Contract Tower,0,12,33,2,47,0,0,61,6,67,0,12,94,8,114,64,0,64,178
07/15/2012,LNS,PA,AEA,EN,Federal Contract Tower,0,12,17,2,31,0,0,38,4,42,0,12,55,6,73,38,6,44,117
07/16/2012,LNS,PA,AEA,EN,Federal Contract Tower,0,11,29,1,41,0,0,85,4,89,0,11,114,5,130,172,2,174,304
07/17/2012,LNS,PA,AEA,EN,Federal Contract Tower,0,10,37,5,52,0,0,132,11,143,0,10,169,16,195,104,18,122,317
07/18/2012,LNS,PA,AEA,EN,Federal Contract Tower,0,6,27,6,39,0,0,47,3,50,0,6,74,9,89,62,4,66,155
07/19/2012,LNS,PA,AEA,EN,Federal Contract Tower,0,11,40,10,61,0,0,57,3,60,0,11,97,13,121,108,24,132,253
07/20/2012,LNS,PA,AEA,EN,Federal Contract Tower,0,17,46,0,63,0,0,2,0,2,0,17,48,0,65,12,0,12,77
07/21/2012,LNS,PA,AEA,EN,Federal Contract Tower,0,10,58,0,68,0,0,60,0,60,0,10,118,0,128,46,0,46,174
07/22/2012,LNS,PA,AEA,EN,Federal Contract Tower,0,11,35,0,46,0,1,98,0,99,0,12,133,0,145,86,0,86,231
07/23/2012,LNS,PA,AEA,EN,Federal Contract Tower,0,10,35,9,54,0,2,68,4,74,0,12,103,13,128,94,58,152,280
07/24/2012,LNS,PA,AEA,EN,Federal Contract Tower,0,7,18,4,29,0,0,102,4,106,0,7,120,8,135,102,18,120,255
07/25/2012,LNS,PA,AEA,EN,Federal Contract Tower,0,11,34,3,48,0,3,178,13,194,0,14,212,16,242,106,38,144,386
07/26/2012,LNS,PA,AEA,EN,Federal Contract Tower,0,9,22,0,31,0,0,45,2,47,0,9,67,2,78,80,0,80,158
07/27/2012,LNS,PA,AEA,EN,Federal Contract Tower,0,17,31,4,52,0,6,67,2,75,0,23,98,6,127,118,18,136,263
07/28/2012,LNS,PA,AEA,EN,Federal Contract Tower,0,14,22,0,36,0,1,108,0,109,0,15,130,0,145,116,0,116,261
07/29/2012,LNS,PA,AEA,EN,Federal Contract Tower,0,10,28,0,38,0,2,96,0,98,0,12,124,0,136,116,0,116,252
07/30/2012,LNS,PA,AEA,EN,Federal Contract Tower,0,12,25,0,37,0,2,70,0,72,0,14,95,0,109,268,0,268,377
07/31/2012,LNS,PA,AEA,EN,Federal Contract Tower,0,11,22,0,33,0,0,89,0,89,0,11,111,0,122,292,0,292,414
08/01/2012,LNS,PA,AEA,EN,Federal Contract Tower,0,12,32,0,44,0,0,41,4,45,0,12,73,4,89,122,10,132,221
08/02/2012,LNS,PA,AEA,EN,Federal Contract Tower,0,11,19,6,36,0,3,140,7,150,0,14,159,13,186,128,64,192,378
08/03/2012,LNS,PA,AEA,EN,Federal Contract Tower,0,14,46,2,62,0,5,89,0,94,0,19,135,2,156,66,0,66,222
08/04/2012,LNS,PA,AEA,EN,Federal Contract Tower,0,13,29,0,42,0,2,56,0,58,0,15,85,0,100,98,0,98,198
08/05/2012,LNS,PA,AEA,EN,Federal Contract Tower,0,8,12,0,20,0,0,41,0,41,0,8,53,0,61,36,0,36,97
08/06/2012,LNS,PA,AEA,EN,Federal Contract Tower,0,10,31,7,48,0,2,102,4,108,0,12,133,11,156,138,60,198,354
08/07/2012,LNS,PA,AEA,EN,Federal Contract Tower,0,11,28,6,45,0,0,134,3,137,0,11,162,9,182,168,26,194,376
08/08/2012,LNS,PA,AEA,EN,Federal Contract Tower,0,10,55,4,69,0,0,129,4,133,0,10,184,8,202,66,44,110,312
08/09/2012,LNS,PA,AEA,EN,Federal Contract Tower,0,13,32,2,47,0,1,89,2,92,0,14,121,4,139,98,32,130,269
08/10/2012,LNS,PA,AEA,EN,Federal Contract Tower,0,11,26,2,39,0,0,15,0,15,0,11,41,2,54,16,0,16,70
08/11/2012,LNS,PA,AEA,EN,Federal Contract Tower,0,11,33,0,44,0,2,98,0,100,0,13,131,0,144,60,2,62,206
08/12/2012,LNS,PA,AEA,EN,Federal Contract Tower,0,10,42,0,52,0,3,178,0,181,0,13,220,0,233,108,0,108,341
08/13/2012,LNS,PA,AEA,EN,Federal Contract Tower,0,12,37,3,52,0,0,140,0,140,0,12,177,3,192,66,2,68,260
08/14/2012,LNS,PA,AEA,EN,Federal Contract Tower,0,8,33,4,45,0,0,25,0,25,0,8,58,4,70,44,32,76,146
08/15/2012,LNS,PA,AEA,EN,Federal Contract Tower,0,14,38,8,60,0,0,58,5,63,0,14,96,13,123,100,0,100,223
08/16/2012,LNS,PA,AEA,EN,Federal Contract Tower,0,14,44,14,72,0,0,138,8,146,0,14,182,22,218,60,72,132,350
08/17/2012,LNS,PA,AEA,EN,Federal Contract Tower,0,13,43,4,60,0,0,94,8,102,0,13,137,12,162,94,24,118,280
08/18/2012,LNS,PA,AEA,EN,Federal Contract Tower,0,11,25,0,36,0,0,144,0,144,0,11,169,0,180,138,0,138,318
08/19/2012,LNS,PA,AEA,EN,Federal Contract Tower,0,13,23,0,36,0,1,83,0,84,0,14,106,0,120,52,0,52,172
08/20/2012,LNS,PA,AEA,EN,Federal Contract Tower,0,12,20,16,48,0,0,77,0,77,0,12,97,16,125,68,14,82,207
08/21/2012,LNS,PA,AEA,EN,Federal Contract Tower,0,12,39,1,52,0,4,82,4,90,0,16,121,5,142,100,40,140,282
08/22/2012,LNS,PA,AEA,EN,Federal Contract Tower,0,16,40,13,69,0,0,124,3,127,0,16,164,16,196,86,26,112,308
08/23/2012,LNS,PA,AEA,EN,Federal Contract Tower,0,10,27,8,45,0,0,136,8,144,0,10,163,16,189,116,66,182,371
08/24/2012,LNS,PA,AEA,EN,Federal Contract Tower,0,14,63,19,96,0,1,178,4,183,0,15,241,23,279,118,32,150,429
08/25/2012,LNS,PA,AEA,EN,Federal Contract Tower,0,12,41,0,53,0,1,109,1,111,0,13,150,1,164,104,0,104,268
08/26/2012,LNS,PA,AEA,EN,Federal Contract Tower,0,12,18,0,30,0,0,50,0,50,0,12,68,0,80,132,0,132,212
08/27/2012,LNS,PA,AEA,EN,Federal Contract Tower,0,12,40,0,52,0,0,50,0,50,0,12,90,0,102,58,0,58,160
08/28/2012,LNS,PA,AEA,EN,Federal Contract Tower,0,12,25,5,42,0,0,67,0,67,0,12,92,5,109,108,10,118,227
08/29/2012,LNS,PA,AEA,EN,Federal Contract Tower,0,14,29,10,53,0,0,161,3,164,0,14,190,13,217,151,50,201,418
08/30/2012,LNS,PA,AEA,EN,Federal Contract Tower,0,10,49,17,76,0,0,174,5,179,0,10,223,22,255,94,52,146,401
08/31/2012,LNS,PA,AEA,EN,Federal Contract Tower,0,10,25,0,35,0,6,149,0,155,0,16,174,0,190,70,0,70,260
09/01/2012,LNS,PA,AEA,EN,Federal Contract Tower,0,11,31,0,42,0,0,117,0,117,0,11,148,0,159,102,0,102,261
09/02/2012,LNS,PA,AEA,EN,Federal Contract Tower,0,15,11,0,26,0,0,4,0,4,0,15,15,0,30,4,0,4,34
09/03/2012,LNS,PA,AEA,EN,Federal Contract Tower,0,9,31,0,40,0,0,0,0,0,0,9,31,0,40,0,0,0,40
09/04/2012,LNS,PA,AEA,EN,Federal Contract Tower,0,11,31,4,46,0,0,33,0,33,0,11,64,4,79,76,0,76,155
09/05/2012,LNS,PA,AEA,EN,Federal Contract Tower,0,10,35,23,68,0,1,63,6,70,0,11,98,29,138,130,98,228,366
09/06/2012,LNS,PA,AEA,EN,Federal Contract Tower,0,11,40,11,62,0,1,102,4,107,0,12,142,15,169,94,52,146,315
09/07/2012,LNS,PA,AEA,EN,Federal Contract Tower,0,9,44,6,59,0,1,131,5,137,0,10,175,11,196,90,70,160,356
09/08/2012,LNS,PA,AEA,EN,Federal Contract Tower,0,10,16,0,26,0,0,23,0,23,0,10,39,0,49,42,0,42,91
09/09/2012,LNS,PA,AEA,EN,Federal Contract Tower,0,10,23,0,33,0,0,189,0,189,0,10,212,0,222,110,0,110,332
09/10/2012,LNS,PA,AEA,EN,Federal Contract Tower,0,10,20,3,33,0,4,71,6,81,0,14,91,9,114,102,34,136,250
09/11/2012,LNS,PA,AEA,EN,Federal Contract Tower,0,10,12,3,25,0,1,180,5,186,0,11,192,8,211,174,12,186,397
09/12/2012,LNS,PA,AEA,EN,Federal Contract Tower,0,8,28,5,41,0,4,158,1,163,0,12,186,6,204,174,30,204,408
09/13/2012,LNS,PA,AEA,EN,Federal Contract Tower,0,11,35,13,59,0,0,169,4,173,0,11,204,17,232,99,66,165,397
09/14/2012,LNS,PA,AEA,EN,Federal Contract Tower,0,12,42,11,65,0,2,169,2,173,0,14,211,13,238,156,0,156,394
09/15/2012,LNS,PA,AEA,EN,Federal Contract Tower,0,9,20,0,29,0,14,126,0,140,0,23,146,0,169,100,0,100,269
09/16/2012,LNS,PA,AEA,EN,Federal Contract Tower,0,9,25,0,34,0,2,165,0,167,0,11,190,0,201,72,0,72,273
09/17/2012,LNS,PA,AEA,EN,Federal Contract Tower,0,11,15,1,27,0,0,104,6,110,0,11,119,7,137,46,68,114,251
09/18/2012,LNS,PA,AEA,EN,Federal Contract Tower,0,6,6,0,12,0,0,0,0,0,0,6,6,0,12,0,0,0,12
09/19/2012,LNS,PA,AEA,EN,Federal Contract Tower,0,11,18,4,33,0,0,91,3,94,0,11,109,7,127,123,6,129,256
09/20/2012,LNS,PA,AEA,EN,Federal Contract Tower,0,10,44,10,64,0,0,154,0,154,0,10,198,10,218,122,8,130,348
09/21/2012,LNS,PA,AEA,EN,Federal Contract Tower,0,13,57,0,70,0,0,162,0,162,0,13,219,0,232,136,0,136,368
09/22/2012,LNS,PA,AEA,EN,Federal Contract Tower,0,10,34,2,46,0,0,69,0,69,0,10,103,2,115,86,0,86,201
09/23/2012,LNS,PA,AEA,EN,Federal Contract Tower,0,17,24,0,41,0,1,143,0,144,0,18,167,0,185,56,0,56,241
09/24/2012,LNS,PA,AEA,EN,Federal Contract Tower,0,11,21,1,33,0,0,79,1,80,0,11,100,2,113,40,24,64,177
09/25/2012,LNS,PA,AEA,EN,Federal Contract Tower,0,10,20,4,34,0,2,101,2,105,0,12,121,6,139,133,10,143,282
09/26/2012,LNS,PA,AEA,EN,Federal Contract Tower,0,11,35,2,48,0,0,73,1,74,0,11,108,3,122,40,22,62,184
09/27/2012,LNS,PA,AEA,EN,Federal Contract Tower,0,10,50,2,62,0,0,31,0,31,0,10,81,2,93,38,4,42,135
09/28/2012,LNS,PA,AEA,EN,Federal Contract Tower,0,10,37,8,55,0,0,58,1,59,0,10,95,9,114,45,10,55,169
09/29/2012,LNS,PA,AEA,EN,Federal Contract Tower,0,10,51,0,61,0,0,147,0,147,0,10,198,0,208,114,0,114,322
09/30/2012,LNS,PA,AEA,EN,Federal Contract Tower,0,10,13,0,23,0,0,105,0,105,0,10,118,0,128,72,0,72,200
10/01/2012,LNS,PA,AEA,EN,Federal Contract Tower,0,12,46,8,66,0,1,119,1,121,0,13,165,9,187,112,36,148,335
10/02/2012,LNS,PA,AEA,EN,Federal Contract Tower,0,10,32,15,57,0,0,0,0,0,0,10,32,15,57,2,0,2,59
10/03/2012,LNS,PA,AEA,EN,Federal Contract Tower,0,11,39,2,52,0,0,39,0,39,0,11,78,2,91,44,2,46,137
10/04/2012,LNS,PA,AEA,EN,Federal Contract Tower,0,11,35,8,54,0,0,37,0,37,0,11,72,8,91,52,30,82,173
10/05/2012,LNS,PA,AEA,EN,Federal Contract Tower,0,13,50,4,67,0,0,155,0,155,0,13,205,4,222,115,18,133,355
10/06/2012,LNS,PA,AEA,EN,Federal Contract Tower,0,10,26,0,36,0,0,65,0,65,0,10,91,0,101,60,0,60,161
10/07/2012,LNS,PA,AEA,EN,Federal Contract Tower,0,10,25,0,35,0,0,36,0,36,0,10,61,0,71,16,0,16,87
10/08/2012,LNS,PA,AEA,EN,Federal Contract Tower,0,8,25,0,33,0,0,74,0,74,0,8,99,0,107,74,0,74,181
10/09/2012,LNS,PA,AEA,EN,Federal Contract Tower,0,13,45,11,69,0,0,51,3,54,0,13,96,14,123,102,70,172,295
10/10/2012,LNS,PA,AEA,EN,Federal Contract Tower,0,10,37,4,51,0,0,50,2,52,0,10,87,6,103,98,32,130,233
10/11/2012,LNS,PA,AEA,EN,Federal Contract Tower,0,11,30,9,50,0,2,169,0,171,0,13,199,9,221,114,80,194,415
10/12/2012,LNS,PA,AEA,EN,Federal Contract Tower,0,11,28,1,40,0,0,87,0,87,0,11,115,1,127,88,38,126,253
10/13/2012,LNS,PA,AEA,EN,Federal Contract Tower,0,10,19,0,29,0,2,177,0,179,0,12,196,0,208,152,2,154,362
10/14/2012,LNS,PA,AEA,EN,Federal Contract Tower,0,11,18,0,29,0,8,97,0,105,0,19,115,0,134,26,0,26,160
10/15/2012,LNS,PA,AEA,EN,Federal Contract Tower,0,13,26,8,47,0,0,28,0,28,0,13,54,8,75,14,38,52,127
10/16/2012,LNS,PA,AEA,EN,Federal Contract Tower,0,14,28,3,45,0,0,94,1,95,0,14,122,4,140,52,26,78,218
10/17/2012,LNS,PA,AEA,EN,Federal Contract Tower,0,14,20,10,44,0,1,91,1,93,0,15,111,11,137,76,30,106,243
10/18/2012,LNS,PA,AEA,EN,Federal Contract Tower,0,8,29,8,45,0,0,50,2,52,0,8,79,10,97,90,44,134,231
10/19/2012,LNS,PA,AEA,EN,Federal Contract Tower,0,15,38,10,63,0,0,28,0,28,0,15,66,10,91,58,0,58,149
10/20/2012,LNS,PA,AEA,EN,Federal Contract Tower,0,22,23,0,45,0,2,137,0,139,0,24,160,0,184,78,0,78,262
10/21/2012,LNS,PA,AEA,EN,Federal Contract Tower,0,14,18,0,32,0,0,140,0,140,0,14,158,0,172,54,0,54,226
10/22/2012,LNS,PA,AEA,EN,Federal Contract Tower,0,12,29,0,41,0,3,126,0,129,0,15,155,0,170,146,0,146,316
10/23/2012,LNS,PA,AEA,EN,Federal Contract Tower,0,11,30,2,43,0,0,76,2,78,0,11,106,4,121,38,0,38,159
10/24/2012,LNS,PA,AEA,EN,Federal Contract Tower,0,10,21,2,33,0,4,124,0,128,0,14,145,2,161,122,20,142,303
10/25/2012,LNS,PA,AEA,EN,Federal Contract Tower,0,12,38,7,57,0,0,1,0,1,0,12,39,7,58,38,0,38,96
10/26/2012,LNS,PA,AEA,EN,Federal Contract Tower,0,11,49,4,64,0,0,27,0,27,0,11,76,4,91,36,38,74,165
10/27/2012,LNS,PA,AEA,EN,Federal Contract Tower,0,9,37,3,49,0,1,56,2,59,0,10,93,5,108,94,0,94,202
10/28/2012,LNS,PA,AEA,EN,Federal Contract Tower,0,12,8,0,20,0,0,3,0,3,0,12,11,0,23,16,0,16,39
10/29/2012,LNS,PA,AEA,EN,Federal Contract Tower,0,0,0,0,0,0,0,1,0,1,0,0,1,0,1,0,0,0,1
10/30/2012,LNS,PA,AEA,EN,Federal Contract Tower,0,0,2,0,2,0,0,0,0,0,0,0,2,0,2,0,0,0,2
10/31/2012,LNS,PA,AEA,EN,Federal Contract Tower,0,12,4,0,16,0,0,25,1,26,0,12,29,1,42,16,32,48,90
11/01/2012,LNS,PA,AEA,EN,Federal Contract Tower,0,3,13,0,16,0,0,65,2,67,0,3,78,2,83,64,34,98,181
11/02/2012,LNS,PA,AEA,EN,Federal Contract Tower,0,1,15,2,18,0,0,92,8,100,0,1,107,10,118,74,64,138,256
11/03/2012,LNS,PA,AEA,EN,Federal Contract Tower,0,0,11,1,12,0,0,55,0,55,0,0,66,1,67,30,4,34,101
11/04/2012,LNS,PA,AEA,EN,Federal Contract Tower,0,2,25,0,27,0,0,88,0,88,0,2,113,0,115,60,0,60,175
11/05/2012,LNS,PA,AEA,EN,Federal Contract Tower,0,5,25,1,31,0,0,110,5,115,0,5,135,6,146,48,10,58,204
11/06/2012,LNS,PA,AEA,EN,Federal Contract Tower,0,8,14,7,29,0,0,127,2,129,0,8,141,9,158,154,48,202,360
11/07/2012,LNS,PA,AEA,EN,Federal Contract Tower,0,5,35,3,43,0,0,28,1,29,0,5,63,4,72,86,2,88,160
11/08/2012,LNS,PA,AEA,EN,Federal Contract Tower,0,6,17,5,28,0,2,35,8,45,0,8,52,13,73,18,36,54,127
11/09/2012,LNS,PA,AEA,EN,Federal Contract Tower,0,8,30,1,39,0,1,131,0,132,0,9,161,1,171,98,28,126,297
11/10/2012,LNS,PA,AEA,EN,Federal Contract Tower,0,3,20,0,23,0,0,124,0,124,0,3,144,0,147,102,0,102,249
11/11/2012,LNS,PA,AEA,EN,Federal Contract Tower,0,5,38,0,43,0,1,167,0,168,0,6,205,0,211,72,0,72,283
11/12/2012,LNS,PA,AEA,EN,Federal Contract Tower,0,5,25,0,30,0,0,61,0,61,0,5,86,0,91,20,0,20,111
11/13/2012,LNS,PA,AEA,EN,Federal Contract Tower,0,6,15,4,25,0,2,71,1,74,0,8,86,5,99,96,16,112,211
11/14/2012,LNS,PA,AEA,EN,Federal Contract Tower,0,7,29,4,40,0,0,145,4,149,0,7,174,8,189,110,22,132,321
11/15/2012,LNS,PA,AEA,EN,Federal Contract Tower,0,6,46,4,56,0,0,134,2,136,0,6,180,6,192,180,20,200,392
11/16/2012,LNS,PA,AEA,EN,Federal Contract Tower,0,7,29,8,44,0,2,113,1,116,0,9,142,9,160,65,36,101,261
11/17/2012,LNS,PA,AEA,EN,Federal Contract Tower,0,5,38,0,43,0,0,216,2,218,0,5,254,2,261,108,0,108,369
11/18/2012,LNS,PA,AEA,EN,Federal Contract Tower,0,4,27,0,31,0,0,133,0,133,0,4,160,0,164,64,0,64,228
11/19/2012,LNS,PA,AEA,EN,Federal Contract Tower,0,4,32,5,41,0,0,72,2,74,0,4,104,7,115,58,8,66,181
11/20/2012,LNS,PA,AEA,EN,Federal Contract Tower,0,6,19,4,29,0,2,98,13,113,0,8,117,17,142,56,83,139,281
11/21/2012,LNS,PA,AEA,EN,Federal Contract Tower,0,4,26,7,37,0,0,126,4,130,0,4,152,11,167,57,48,105,272
11/22/2012,LNS,PA,AEA,EN,Federal Contract Tower,0,3,11,0,14,0,0,42,0,42,0,3,53,0,56,18,0,18,74
11/23/2012,LNS,PA,AEA,EN,Federal Contract Tower,0,7,22,0,29,0,0,98,0,98,0,7,120,0,127,76,0,76,203
11/24/2012,LNS,PA,AEA,EN,Federal Contract Tower,1,7,10,0,18,0,0,16,0,16,1,7,26,0,34,12,0,12,46
11/25/2012,LNS,PA,AEA,EN,Federal Contract Tower,1,4,17,0,22,0,0,72,0,72,1,4,89,0,94,40,0,40,134
11/26/2012,LNS,PA,AEA,EN,Federal Contract Tower,0,2,22,7,31,0,0,79,2,81,0,2,101,9,112,64,54,118,230
11/27/2012,LNS,PA,AEA,EN,Federal Contract Tower,0,0,10,0,10,0,0,0,4,4,0,0,10,4,14,0,0,0,14
11/28/2012,LNS,PA,AEA,EN,Federal Contract Tower,0,4,15,8,27,0,0,78,6,84,0,4,93,14,111,62,44,106,217
11/29/2012,LNS,PA,AEA,EN,Federal Contract Tower,0,4,27,7,38,0,1,121,0,122,0,5,148,7,160,108,56,164,324
11/30/2012,LNS,PA,AEA,EN,Federal Contract Tower,0,5,36,10,51,0,0,102,4,106,0,5,138,14,157,168,44,212,369
12/01/2012,LNS,PA,AEA,EN,Federal Contract Tower,2,5,26,0,33,0,0,4,0,4,2,5,30,0,37,4,0,4,41
12/02/2012,LNS,PA,AEA,EN,Federal Contract Tower,0,6,18,0,24,0,0,15,0,15,0,6,33,0,39,14,0,14,53
12/03/2012,LNS,PA,AEA,EN,Federal Contract Tower,0,4,36,4,44,0,0,82,1,83,0,4,118,5,127,88,70,158,285
12/04/2012,LNS,PA,AEA,EN,Federal Contract Tower,0,11,41,7,59,0,2,130,3,135,0,13,171,10,194,204,16,220,414
12/05/2012,LNS,PA,AEA,EN,Federal Contract Tower,0,6,21,11,38,0,1,72,1,74,0,7,93,12,112,74,36,110,222
12/06/2012,LNS,PA,AEA,EN,Federal Contract Tower,0,9,23,3,35,0,0,131,0,131,0,9,154,3,166,52,50,102,268
12/07/2012,LNS,PA,AEA,EN,Federal Contract Tower,0,6,35,0,41,0,0,1,0,1,0,6,36,0,42,0,0,0,42
12/08/2012,LNS,PA,AEA,EN,Federal Contract Tower,0,5,14,0,19,0,0,0,0,0,0,5,14,0,19,2,0,2,21
12/09/2012,LNS,PA,AEA,EN,Federal Contract Tower,0,2,42,0,44,0,0,0,0,0,0,2,42,0,44,0,0,0,44
12/10/2012,LNS,PA,AEA,EN,Federal Contract Tower,0,2,7,0,9,0,0,0,0,0,0,2,7,0,9,0,0,0,9
12/11/2012,LNS,PA,AEA,EN,Federal Contract Tower,0,3,19,11,33,0,0,108,4,112,0,3,127,15,145,14,148,162,307
12/12/2012,LNS,PA,AEA,EN,Federal Contract Tower,0,0,27,12,39,0,0,121,2,123,0,0,148,14,162,114,82,196,358
12/13/2012,LNS,PA,AEA,EN,Federal Contract Tower,0,2,35,2,39,0,0,159,2,161,0,2,194,4,200,92,18,110,310
12/14/2012,LNS,PA,AEA,EN,Federal Contract Tower,0,1,33,0,34,0,132,0,0,132,0,133,33,0,166,117,0,117,283
12/15/2012,LNS,PA,AEA,EN,Federal Contract Tower,0,4,20,0,24,0,0,51,0,51,0,4,71,0,75,26,0,26,101
12/16/2012,LNS,PA,AEA,EN,Federal Contract Tower,0,2,24,0,26,0,0,27,0,27,0,2,51,0,53,30,0,30,83
12/17/2012,LNS,PA,AEA,EN,Federal Contract Tower,0,4,20,3,27,0,1,62,1,64,0,5,82,4,91,49,17,66,157
12/18/2012,LNS,PA,AEA,EN,Federal Contract Tower,0,5,27,13,45,0,1,20,2,23,0,6,47,15,68,38,44,82,150
12/19/2012,LNS,PA,AEA,EN,Federal Contract Tower,0,4,34,14,52,0,1,106,0,107,0,5,140,14,159,44,32,76,235
12/20/2012,LNS,PA,AEA,EN,Federal Contract Tower,0,4,22,4,30,0,0,93,0,93,0,4,115,4,123,34,2,36,159
12/21/2012,LNS,PA,AEA,EN,Federal Contract Tower,0,7,15,0,22,0,0,25,0,25,0,7,40,0,47,26,0,26,73
12/22/2012,LNS,PA,AEA,EN,Federal Contract Tower,0,2,6,0,8,0,0,1,0,1,0,2,7,0,9,0,0,0,9
12/23/2012,LNS,PA,AEA,EN,Federal Contract Tower,0,7,32,0,39,0,6,118,0,124,0,13,150,0,163,78,0,78,241
12/24/2012,LNS,PA,AEA,EN,Federal Contract Tower,0,4,12,0,16,0,0,51,0,51,0,4,63,0,67,42,0,42,109
12/25/2012,LNS,PA,AEA,EN,Federal Contract Tower,0,6,7,0,13,0,0,8,0,8,0,6,15,0,21,0,0,0,21
12/26/2012,LNS,PA,AEA,EN,Federal Contract Tower,0,3,8,0,11,0,0,2,0,2,0,3,10,0,13,2,0,2,15
12/27/2012,LNS,PA,AEA,EN,Federal Contract Tower,0,3,10,4,17,0,0,11,0,11,0,3,21,4,28,0,0,0,28
12/28/2012,LNS,PA,AEA,EN,Federal Contract Tower,0,10,29,0,39,0,0,152,0,152,0,10,181,0,191,134,0,134,325
12/29/2012,LNS,PA,AEA,EN,Federal Contract Tower,0,2,3,0,5,0,0,0,0,0,0,2,3,0,5,0,0,0,5
12/30/2012,LNS,PA,AEA,EN,Federal Contract Tower,0,5,8,0,13,0,0,14,0,14,0,5,22,0,27,6,0,6,33
12/31/2012,LNS,PA,AEA,EN,Federal Contract Tower,0,6,21,0,27,0,0,87,0,87,0,6,108,0,114,74,0,74,188
01/01/2013,LNS,PA,AEA,EN,Federal Contract Tower,0,4,2,0,6,0,0,27,0,27,0,4,29,0,33,8,0,8,41
01/02/2013,LNS,PA,AEA,EN,Federal Contract Tower,0,5,12,0,17,0,0,54,0,54,0,5,66,0,71,72,0,72,143
01/03/2013,LNS,PA,AEA,EN,Federal Contract Tower,0,3,19,3,25,0,1,99,1,101,0,4,118,4,126,69,8,77,203
01/04/2013,LNS,PA,AEA,EN,Federal Contract Tower,0,2,15,0,17,0,0,51,0,51,0,2,66,0,68,14,0,14,82
01/05/2013,LNS,PA,AEA,EN,Federal Contract Tower,0,5,25,0,30,0,1,149,0,150,0,6,174,0,180,80,0,80,260
01/06/2013,LNS,PA,AEA,EN,Federal Contract Tower,0,2,14,0,16,0,5,118,2,125,0,7,132,2,141,60,0,60,201
01/07/2013,LNS,PA,AEA,EN,Federal Contract Tower,0,2,12,2,16,0,3,72,0,75,0,5,84,2,91,48,0,48,139
01/08/2013,LNS,PA,AEA,EN,Federal Contract Tower,0,7,24,2,33,0,0,120,0,120,0,7,144,2,153,144,0,144,297
01/09/2013,LNS,PA,AEA,EN,Federal Contract Tower,0,4,35,2,41,0,2,44,0,46,0,6,79,2,87,54,4,58,145
01/10/2013,LNS,PA,AEA,EN,Federal Contract Tower,0,6,38,1,45,0,2,136,2,140,0,8,174,3,185,122,14,136,321
01/11/2013,LNS,PA,AEA,EN,Federal Contract Tower,0,7,39,5,51,0,0,34,0,34,0,7,73,5,85,44,28,72,157
01/12/2013,LNS,PA,AEA,EN,Federal Contract Tower,0,1,28,0,29,0,0,16,0,16,0,1,44,0,45,6,0,6,51
01/13/2013,LNS,PA,AEA,EN,Federal Contract Tower,0,0,12,0,12,0,0,0,0,0,0,0,12,0,12,0,0,0,12
01/14/2013,LNS,PA,AEA,EN,Federal Contract Tower,0,7,20,2,29,0,6,52,0,58,0,13,72,2,87,20,4,24,111
01/15/2013,LNS,PA,AEA,EN,Federal Contract Tower,0,5,14,3,22,0,6,58,0,64,0,11,72,3,86,84,20,104,190
01/16/2013,LNS,PA,AEA,EN,Federal Contract Tower,0,0,18,0,18,0,0,0,0,0,0,0,18,0,18,0,0,0,18
01/17/2013,LNS,PA,AEA,EN,Federal Contract Tower,0,5,35,0,40,0,0,66,0,66,0,5,101,0,106,60,2,62,168
01/18/2013,LNS,PA,AEA,EN,Federal Contract Tower,0,6,38,3,47,0,2,92,1,95,0,8,130,4,142,30,22,52,194
01/19/2013,LNS,PA,AEA,EN,Federal Contract Tower,0,4,26,0,30,0,0,219,0,219,0,4,245,0,249,132,0,132,381
01/20/2013,LNS,PA,AEA,EN,Federal Contract Tower,0,5,7,0,12,0,1,30,0,31,0,6,37,0,43,32,0,32,75
01/21/2013,LNS,PA,AEA,EN,Federal Contract Tower,0,10,28,0,38,0,2,101,2,105,0,12,129,2,143,74,0,74,217
01/22/2013,LNS,PA,AEA,EN,Federal Contract Tower,0,10,8,3,21,0,0,26,0,26,0,10,34,3,47,18,2,20,67
01/23/2013,LNS,PA,AEA,EN,Federal Contract Tower,0,8,13,8,29,0,0,58,17,75,0,8,71,25,104,38,28,66,170
01/24/2013,LNS,PA,AEA,EN,Federal Contract Tower,0,8,19,10,37,0,0,71,2,73,0,8,90,12,110,24,44,68,178
01/25/2013,LNS,PA,AEA,EN,Federal Contract Tower,0,7,21,0,28,0,0,27,0,27,0,7,48,0,55,52,2,54,109
01/26/2013,LNS,PA,AEA,EN,Federal Contract Tower,0,7,16,0,23,0,0,72,0,72,0,7,88,0,95,150,0,150,245
01/27/2013,LNS,PA,AEA,EN,Federal Contract Tower,0,7,38,0,45,0,1,114,0,115,0,8,152,0,160,131,0,131,291
01/28/2013,LNS,PA,AEA,EN,Federal Contract Tower,0,5,4,0,9,0,0,0,0,0,0,5,4,0,9,0,0,0,9
01/29/2013,LNS,PA,AEA,EN,Federal Contract Tower,0,15,20,14,49,0,0,49,3,52,0,15,69,17,101,62,12,74,175
01/30/2013,LNS,PA,AEA,EN,Federal Contract Tower,0,3,12,0,15,0,0,7,0,7,0,3,19,0,22,14,0,14,36
01/31/2013,LNS,PA,AEA,EN,Federal Contract Tower,0,5,7,6,18,0,0,14,9,23,0,5,21,15,41,2,134,136,177
02/01/2013,LNS,PA,AEA,EN,Federal Contract Tower,0,8,18,4,30,0,0,36,2,38,0,8,54,6,68,40,18,58,126
02/02/2013,LNS,PA,AEA,EN,Federal Contract Tower,0,4,38,0,42,0,5,109,0,114,0,9,147,0,156,82,0,82,238
02/03/2013,LNS,PA,AEA,EN,Federal Contract Tower,0,6,3,0,9,0,0,18,0,18,0,6,21,0,27,28,0,28,55
02/04/2013,LNS,PA,AEA,EN,Federal Contract Tower,0,4,24,0,28,0,2,74,0,76,0,6,98,0,104,66,0,66,170
02/05/2013,LNS,PA,AEA,EN,Federal Contract Tower,0,6,21,0,27,0,0,44,6,50,0,6,65,6,77,64,8,72,149
02/06/2013,LNS,PA,AEA,EN,Federal Contract Tower,0,21,35,8,64,0,0,92,2,94,0,21,127,10,158,72,24,96,254
02/07/2013,LNS,PA,AEA,EN,Federal Contract Tower,0,11,29,12,52,0,0,138,0,138,0,11,167,12,190,112,12,124,314
02/08/2013,LNS,PA,AEA,EN,Federal Contract Tower,0,0,6,0,6,0,0,0,0,0,0,0,6,0,6,0,0,0,6
02/09/2013,LNS,PA,AEA,EN,Federal Contract Tower,0,3,5,0,8,0,0,32,0,32,0,3,37,0,40,16,0,16,56
02/10/2013,LNS,PA,AEA,EN,Federal Contract Tower,0,7,26,2,35,0,0,218,0,218,0,7,244,2,253,106,0,106,359
02/11/2013,LNS,PA,AEA,EN,Federal Contract Tower,0,11,7,0,18,0,0,0,0,0,0,11,7,0,18,0,0,0,18
02/12/2013,LNS,PA,AEA,EN,Federal Contract Tower,0,10,12,5,27,0,3,96,2,101,0,13,108,7,128,60,18,78,206
02/13/2013,LNS,PA,AEA,EN,Federal Contract Tower,0,7,26,16,49,0,0,108,8,116,0,7,134,24,165,144,42,186,351
02/14/2013,LNS,PA,AEA,EN,Federal Contract Tower,0,11,21,17,49,0,2,107,0,109,0,13,128,17,158,100,20,120,278
02/15/2013,LNS,PA,AEA,EN,Federal Contract Tower,0,12,37,2,51,0,2,154,0,156,0,14,191,2,207,128,18,146,353
02/16/2013,LNS,PA,AEA,EN,Federal Contract Tower,0,5,9,0,14,0,0,43,0,43,0,5,52,0,57,146,0,146,203
02/17/2013,LNS,PA,AEA,EN,Federal Contract Tower,0,6,16,0,22,0,0,12,0,12,0,6,28,0,34,22,0,22,56
02/18/2013,LNS,PA,AEA,EN,Federal Contract Tower,0,12,20,0,32,0,5,151,0,156,0,17,171,0,188,146,0,146,334
02/19/2013,LNS,PA,AEA,EN,Federal Contract Tower,0,8,12,2,22,0,0,11,2,13,0,8,23,4,35,8,10,18,53
02/20/2013,LNS,PA,AEA,EN,Federal Contract Tower,0,10,17,5,32,0,0,32,4,36,0,10,49,9,68,20,78,98,166
02/21/2013,LNS,PA,AEA,EN,Federal Contract Tower,0,10,18,10,38,0,0,120,12,132,0,10,138,22,170,80,118,198,368
02/22/2013,LNS,PA,AEA,EN,Federal Contract Tower,0,10,22,11,43,0,0,109,15,124,0,10,131,26,167,62,28,90,257
02/23/2013,LNS,PA,AEA,EN,Federal Contract Tower,0,1,8,0,9,0,0,0,0,0,0,1,8,0,9,0,0,0,9
02/24/2013,LNS,PA,AEA,EN,Federal Contract Tower,0,8,31,0,39,0,2,61,0,63,0,10,92,0,102,50,0,50,152
02/25/2013,LNS,PA,AEA,EN,Federal Contract Tower,0,10,26,8,44,0,0,133,6,139,0,10,159,14,183,102,44,146,329
02/26/2013,LNS,PA,AEA,EN,Federal Contract Tower,0,12,10,3,25,0,0,48,1,49,0,12,58,4,74,47,70,117,191
02/27/2013,LNS,PA,AEA,EN,Federal Contract Tower,0,7,22,1,30,0,3,46,3,52,0,10,68,4,82,84,40,124,206
02/28/2013,LNS,PA,AEA,EN,Federal Contract Tower,0,5,16,12,33,0,0,82,5,87,0,5,98,17,120,76,32,108,228
03/01/2013,LNS,PA,AEA,EN,Federal Contract Tower,0,18,20,0,38,0,0,98,0,98,0,18,118,0,136,38,2,40,176
03/02/2013,LNS,PA,AEA,EN,Federal Contract Tower,0,3,42,2,47,0,2,97,0,99,0,5,139,2,146,76,2,78,224
03/03/2013,LNS,PA,AEA,EN,Federal Contract Tower,0,9,20,0,29,0,4,55,0,59,0,13,75,0,88,50,0,50,138
03/04/2013,LNS,PA,AEA,EN,Federal Contract Tower,0,11,18,12,41,0,0,38,7,45,0,11,56,19,86,44,56,100,186
03/05/2013,LNS,PA,AEA,EN,Federal Contract Tower,0,8,32,14,54,0,1,134,0,135,0,9,166,14,189,88,26,114,303
03/06/2013,LNS,PA,AEA,EN,Federal Contract Tower,0,3,4,0,7,0,0,0,2,2,0,3,4,2,9,2,22,24,33
03/07/2013,LNS,PA,AEA,EN,Federal Contract Tower,0,13,14,13,40,0,0,62,20,82,0,13,76,33,122,102,66,168,290
03/08/2013,LNS,PA,AEA,EN,Federal Contract Tower,0,11,12,15,38,0,1,41,4,46,0,12,53,19,84,80,22,102,186
03/09/2013,LNS,PA,AEA,EN,Federal Contract Tower,0,9,17,0,26,0,0,180,2,182,0,9,197,2,208,164,0,164,372
03/10/2013,LNS,PA,AEA,EN,Federal Contract Tower,0,10,19,0,29,0,1,144,0,145,0,11,163,0,174,52,0,52,226
03/11/2013,LNS,PA,AEA,EN,Federal Contract Tower,0,10,21,7,38,0,0,32,2,34,0,10,53,9,72,42,34,76,148
03/12/2013,LNS,PA,AEA,EN,Federal Contract Tower,0,12,12,1,25,0,0,19,1,20,0,12,31,2,45,22,0,22,67
03/13/2013,LNS,PA,AEA,EN,Federal Contract Tower,0,6,27,6,39,0,2,72,3,77,0,8,99,9,116,84,38,122,238
03/14/2013,LNS,PA,AEA,EN,Federal Contract Tower,0,7,20,8,35,0,0,51,9,60,0,7,71,17,95,52,90,142,237
03/15/2013,LNS,PA,AEA,EN,Federal Contract Tower,0,9,30,7,46,0,2,110,2,114,0,11,140,9,160,66,16,82,242
03/16/2013,LNS,PA,AEA,EN,Federal Contract Tower,0,2,6,0,8,0,0,2,0,2,0,2,8,0,10,0,0,0,10
03/17/2013,LNS,PA,AEA,EN,Federal Contract Tower,0,2,21,0,23,0,0,94,0,94,0,2,115,0,117,64,0,64,181
03/18/2013,LNS,PA,AEA,EN,Federal Contract Tower,0,0,10,0,10,0,0,15,0,15,0,0,25,0,25,18,0,18,43
03/19/2013,LNS,PA,AEA,EN,Federal Contract Tower,0,6,15,5,26,0,0,22,1,23,0,6,37,6,49,34,32,66,115
03/20/2013,LNS,PA,AEA,EN,Federal Contract Tower,0,12,15,3,30,0,0,78,5,83,0,12,93,8,113,62,26,88,201
03/21/2013,LNS,PA,AEA,EN,Federal Contract Tower,0,9,13,5,27,0,0,76,5,81,0,9,89,10,108,104,34,138,246
03/22/2013,LNS,PA,AEA,EN,Federal Contract Tower,0,12,18,10,40,0,0,84,13,97,0,12,102,23,137,32,94,126,263
03/23/2013,LNS,PA,AEA,EN,Federal Contract Tower,0,7,31,0,38,0,0,150,0,150,0,7,181,0,188,114,0,114,302
03/24/2013,LNS,PA,AEA,EN,Federal Contract Tower,0,2,19,0,21,0,0,186,0,186,0,2,205,0,207,116,0,116,323
03/25/2013,LNS,PA,AEA,EN,Federal Contract Tower,0,0,2,0,2,0,0,1,0,1,0,0,3,0,3,0,0,0,3
03/26/2013,LNS,PA,AEA,EN,Federal Contract Tower,0,14,19,7,40,0,0,67,2,69,0,14,86,9,109,194,68,262,371
03/27/2013,LNS,PA,AEA,EN,Federal Contract Tower,0,11,24,6,41,0,0,83,0,83,0,11,107,6,124,116,10,126,250
03/28/2013,LNS,PA,AEA,EN,Federal Contract Tower,0,0,43,1,44,0,0,104,4,108,0,0,147,5,152,94,2,96,248
03/29/2013,LNS,PA,AEA,EN,Federal Contract Tower,0,16,31,2,49,0,0,173,2,175,0,16,204,4,224,96,40,136,360
03/30/2013,LNS,PA,AEA,EN,Federal Contract Tower,0,5,19,0,24,0,0,214,0,214,0,5,233,0,238,192,0,192,430
03/31/2013,LNS,PA,AEA,EN,Federal Contract Tower,0,8,7,0,15,0,0,17,0,17,0,8,24,0,32,32,0,32,64
04/01/2013,LNS,PA,AEA,EN,Federal Contract Tower,0,14,7,6,27,0,5,60,1,66,0,19,67,7,93,26,10,36,129
04/02/2013,LNS,PA,AEA,EN,Federal Contract Tower,0,12,20,10,42,0,0,52,7,59,0,12,72,17,101,18,22,40,141
04/03/2013,LNS,PA,AEA,EN,Federal Contract Tower,0,7,30,13,50,0,0,74,3,77,0,7,104,16,127,58,36,94,221
04/04/2013,LNS,PA,AEA,EN,Federal Contract Tower,0,11,18,1,30,0,0,123,2,125,0,11,141,3,155,106,36,142,297
04/05/2013,LNS,PA,AEA,EN,Federal Contract Tower,0,12,24,3,39,0,0,98,0,98,0,12,122,3,137,110,32,142,279
04/06/2013,LNS,PA,AEA,EN,Federal Contract Tower,0,7,53,0,60,0,0,277,0,277,0,7,330,0,337,194,0,194,531
04/07/2013,LNS,PA,AEA,EN,Federal Contract Tower,0,9,22,0,31,0,0,51,0,51,0,9,73,0,82,16,0,16,98
04/08/2013,LNS,PA,AEA,EN,Federal Contract Tower,0,4,23,0,27,0,0,146,0,146,0,4,169,0,173,118,0,118,291
04/09/2013,LNS,PA,AEA,EN,Federal Contract Tower,0,14,23,0,37,0,0,73,2,75,0,14,96,2,112,64,0,64,176
04/10/2013,LNS,PA,AEA,EN,Federal Contract Tower,0,16,26,9,51,0,0,70,1,71,0,16,96,10,122,80,14,94,216
04/11/2013,LNS,PA,AEA,EN,Federal Contract Tower,0,12,31,0,43,0,0,40,0,40,0,12,71,0,83,74,0,74,157
04/12/2013,LNS,PA,AEA,EN,Federal Contract Tower,0,8,25,2,35,0,0,0,0,0,0,8,25,2,35,0,4,4,39
04/13/2013,LNS,PA,AEA,EN,Federal Contract Tower,1,3,21,0,25,0,0,152,0,152,1,3,173,0,177,140,0,140,317
04/14/2013,LNS,PA,AEA,EN,Federal Contract Tower,1,8,21,0,30,0,0,174,0,174,1,8,195,0,204,106,0,106,310
04/15/2013,LNS,PA,AEA,EN,Federal Contract Tower,0,9,16,1,26,0,0,105,3,108,0,9,121,4,134,14,6,20,154
04/16/2013,LNS,PA,AEA,EN,Federal Contract Tower,0,12,33,0,45,0,0,48,0,48,0,12,81,0,93,38,0,38,131
04/17/2013,LNS,PA,AEA,EN,Federal Contract Tower,0,10,35,2,47,0,2,84,4,90,0,12,119,6,137,116,4,120,257
04/18/2013,LNS,PA,AEA,EN,Federal Contract Tower,0,11,25,5,41,0,0,30,0,30,0,11,55,5,71,44,10,54,125
04/19/2013,LNS,PA,AEA,EN,Federal Contract Tower,0,11,22,2,35,0,0,10,0,10,0,11,32,2,45,32,2,34,79
04/20/2013,LNS,PA,AEA,EN,Federal Contract Tower,2,5,21,0,28,0,2,64,0,66,2,7,85,0,94,56,0,56,150
04/21/2013,LNS,PA,AEA,EN,Federal Contract Tower,0,7,22,0,29,0,0,183,0,183,0,7,205,0,212,50,0,50,262
04/22/2013,LNS,PA,AEA,EN,Federal Contract Tower,0,15,18,21,54,0,0,142,0,142,0,15,160,21,196,94,10,104,300
04/23/2013,LNS,PA,AEA,EN,Federal Contract Tower,0,14,16,9,39,0,2,93,13,108,0,16,109,22,147,120,56,176,323
04/24/2013,LNS,PA,AEA,EN,Federal Contract Tower,0,11,14,3,28,0,1,46,0,47,0,12,60,3,75,64,4,68,143
04/25/2013,LNS,PA,AEA,EN,Federal Contract Tower,0,10,27,10,47,0,1,174,1,176,0,11,201,11,223,134,10,144,367
04/26/2013,LNS,PA,AEA,EN,Federal Contract Tower,0,15,30,2,47,0,2,154,1,157,0,17,184,3,204,166,32,198,402
04/27/2013,LNS,PA,AEA,EN,Federal Contract Tower,0,5,36,0,41,0,0,169,0,169,0,5,205,0,210,116,0,116,326
04/28/2013,LNS,PA,AEA,EN,Federal Contract Tower,0,9,19,0,28,0,2,80,0,82,0,11,99,0,110,22,0,22,132
04/29/2013,LNS,PA,AEA,EN,Federal Contract Tower,0,9,41,0,50,0,0,0,0,0,0,9,41,0,50,0,0,0,50
04/30/2013,LNS,PA,AEA,EN,Federal Contract Tower,0,9,21,12,42,0,0,36,3,39,0,9,57,15,81,68,0,68,149
05/01/2013,LNS,PA,AEA,EN,Federal Contract Tower,0,11,23,5,39,0,6,191,6,203,0,17,214,11,242,130,10,140,382
05/02/2013,LNS,PA,AEA,EN,Federal Contract Tower,0,12,37,2,51,0,0,146,1,147,0,12,183,3,198,174,66,240,438
05/03/2013,LNS,PA,AEA,EN,Federal Contract Tower,0,14,42,1,57,0,0,123,0,123,0,14,165,1,180,100,2,102,282
05/04/2013,LNS,PA,AEA,EN,Federal Contract Tower,0,7,24,0,31,0,0,132,0,132,0,7,156,0,163,80,0,80,243
05/05/2013,LNS,PA,AEA,EN,Federal Contract Tower,0,10,33,0,43,0,0,102,0,102,0,10,135,0,145,72,0,72,217
05/06/2013,LNS,PA,AEA,EN,Federal Contract Tower,0,13,31,3,47,0,0,41,6,47,0,13,72,9,94,32,36,68,162
05/07/2013,LNS,PA,AEA,EN,Federal Contract Tower,0,16,32,0,48,0,0,21,0,21,0,16,53,0,69,10,0,10,79
05/08/2013,LNS,PA,AEA,EN,Federal Contract Tower,0,13,14,1,28,0,0,32,2,34,0,13,46,3,62,58,16,74,136
05/09/2013,LNS,PA,AEA,EN,Federal Contract Tower,0,8,48,9,65,0,0,37,6,43,0,8,85,15,108,72,10,82,190
05/10/2013,LNS,PA,AEA,EN,Federal Contract Tower,0,9,39,8,56,0,0,120,3,123,0,9,159,11,179,126,22,148,327
05/11/2013,LNS,PA,AEA,EN,Federal Contract Tower,0,9,23,0,32,0,0,21,0,21,0,9,44,0,53,70,0,70,123
05/12/2013,LNS,PA,AEA,EN,Federal Contract Tower,0,7,11,0,18,0,0,0,0,0,0,7,11,0,18,2,0,2,20
05/13/2013,LNS,PA,AEA,EN,Federal Contract Tower,0,11,19,7,37,0,1,81,8,90,0,12,100,15,127,42,34,76,203
05/14/2013,LNS,PA,AEA,EN,Federal Contract Tower,0,15,26,12,53,0,0,171,4,175,0,15,197,16,228,108,56,164,392
05/15/2013,LNS,PA,AEA,EN,Federal Contract Tower,0,14,28,2,44,0,0,101,0,101,0,14,129,2,145,110,44,154,299
05/16/2013,LNS,PA,AEA,EN,Federal Contract Tower,0,7,18,11,36,0,2,107,2,111,0,9,125,13,147,86,68,154,301
05/17/2013,LNS,PA,AEA,EN,Federal Contract Tower,0,16,45,9,70,0,0,159,6,165,0,16,204,15,235,136,60,196,431
05/18/2013,LNS,PA,AEA,EN,Federal Contract Tower,0,5,27,0,32,0,0,76,2,78,0,5,103,2,110,40,0,40,150
05/19/2013,LNS,PA,AEA,EN,Federal Contract Tower,0,11,35,0,46,0,0,0,0,0,0,11,35,0,46,2,0,2,48
05/20/2013,LNS,PA,AEA,EN,Federal Contract Tower,0,15,37,4,56,0,2,46,0,48,0,17,83,4,104,36,12,48,152
05/21/2013,LNS,PA,AEA,EN,Federal Contract Tower,0,13,33,3,49,0,0,75,5,80,0,13,108,8,129,46,58,104,233
05/22/2013,LNS,PA,AEA,EN,Federal Contract Tower,0,16,40,5,61,0,0,71,3,74,0,16,111,8,135,98,30,128,263
05/23/2013,LNS,PA,AEA,EN,Federal Contract Tower,0,13,26,0,39,0,0,36,0,36,0,13,62,0,75,56,0,56,131
05/24/2013,LNS,PA,AEA,EN,Federal Contract Tower,0,7,42,0,49,0,0,18,0,18,0,7,60,0,67,6,2,8,75
05/25/2013,LNS,PA,AEA,EN,Federal Contract Tower,0,7,7,0,14,0,0,34,0,34,0,7,41,0,48,16,0,16,64
05/26/2013,LNS,PA,AEA,EN,Federal Contract Tower,0,8,10,0,18,0,0,49,0,49,0,8,59,0,67,38,0,38,105
05/27/2013,LNS,PA,AEA,EN,Federal Contract Tower,0,9,17,0,26,0,4,166,0,170,0,13,183,0,196,88,0,88,284
05/28/2013,LNS,PA,AEA,EN,Federal Contract Tower,0,16,42,0,58,0,0,21,0,21,0,16,63,0,79,4,0,4,83
05/29/2013,LNS,PA,AEA,EN,Federal Contract Tower,0,6,44,12,62,0,0,87,3,90,0,6,131,15,152,48,44,92,244
05/30/2013,LNS,PA,AEA,EN,Federal Contract Tower,0,13,52,4,69,0,0,132,0,132,0,13,184,4,201,118,0,118,319
05/31/2013,LNS,PA,AEA,EN,Federal Contract Tower,0,16,43,3,62,0,0,129,2,131,0,16,172,5,193,100,16,116,309
06/01/2013,LNS,PA,AEA,EN,Federal Contract Tower,0,8,15,0,23,0,1,157,2,160,0,9,172,2,183,136,14,150,333
06/02/2013,LNS,PA,AEA,EN,Federal Contract Tower,0,5,6,0,11,0,3,47,0,50,0,8,53,0,61,12,0,12,73
06/03/2013,LNS,PA,AEA,EN,Federal Contract Tower,0,10,16,0,26,0,0,41,0,41,0,10,57,0,67,38,0,38,105
06/04/2013,LNS,PA,AEA,EN,Federal Contract Tower,0,13,34,7,54,0,1,196,2,199,0,14,230,9,253,236,16,252,505
06/05/2013,LNS,PA,AEA,EN,Federal Contract Tower,0,21,26,4,51,0,0,167,3,170,0,21,193,7,221,166,10,176,397
06/06/2013,LNS,PA,AEA,EN,Federal Contract Tower,0,11,29,7,47,0,3,56,0,59,0,14,85,7,106,44,0,44,150
06/07/2013,LNS,PA,AEA,EN,Federal Contract Tower,0,10,27,0,37,0,0,0,0,0,0,10,27,0,37,4,0,4,41
06/08/2013,LNS,PA,AEA,EN,Federal Contract Tower,1,5,48,0,54,0,0,85,0,85,1,5,133,0,139,60,0,60,199
06/09/2013,LNS,PA,AEA,EN,Federal Contract Tower,1,7,41,0,49,0,2,132,0,134,1,9,173,0,183,72,0,72,255
06/10/2013,LNS,PA,AEA,EN,Federal Contract Tower,0,11,18,0,29,0,0,1,0,1,0,11,19,0,30,36,0,36,66
06/11/2013,LNS,PA,AEA,EN,Federal Contract Tower,0,18,25,5,48,0,0,68,5,73,0,18,93,10,121,96,40,136,257
06/12/2013,LNS,PA,AEA,EN,Federal Contract Tower,0,12,29,8,49,0,3,136,8,147,0,15,165,16,196,72,76,148,344
06/13/2013,LNS,PA,AEA,EN,Federal Contract Tower,0,11,10,2,23,0,0,9,0,9,0,11,19,2,32,22,0,22,54
06/14/2013,LNS,PA,AEA,EN,Federal Contract Tower,0,14,39,0,53,0,0,83,1,84,0,14,122,1,137,114,48,162,299
06/15/2013,LNS,PA,AEA,EN,Federal Contract Tower,2,5,19,2,28,0,9,205,0,214,2,14,224,2,242,104,0,104,346
06/16/2013,LNS,PA,AEA,EN,Federal Contract Tower,0,11,22,0,33,0,0,53,6,59,0,11,75,6,92,14,16,30,122
06/17/2013,LNS,PA,AEA,EN,Federal Contract Tower,0,13,17,2,32,0,0,75,4,79,0,13,92,6,111,36,64,100,211
06/18/2013,LNS,PA,AEA,EN,Federal Contract Tower,0,13,18,5,36,0,1,19,0,20,0,14,37,5,56,18,36,54,110
06/19/2013,LNS,PA,AEA,EN,Federal Contract Tower,0,20,34,1,55,0,0,150,2,152,0,20,184,3,207,132,2,134,341
06/20/2013,LNS,PA,AEA,EN,Federal Contract Tower,0,17,47,4,68,0,4,139,2,145,0,21,186,6,213,108,6,114,327
06/21/2013,LNS,PA,AEA,EN,Federal Contract Tower,0,11,29,12,52,0,0,175,9,184,0,11,204,21,236,70,16,86,322
06/22/2013,LNS,PA,AEA,EN,Federal Contract Tower,0,8,17,0,25,0,0,163,0,163,0,8,180,0,188,122,0,122,310
06/23/2013,LNS,PA,AEA,EN,Federal Contract Tower,0,12,12,0,24,0,0,66,0,66,0,12,78,0,90,36,0,36,126
06/24/2013,LNS,PA,AEA,EN,Federal Contract Tower,0,13,20,3,36,0,0,96,4,100,0,13,116,7,136,70,40,110,246
06/25/2013,LNS,PA,AEA,EN,Federal Contract Tower,0,12,23,3,38,0,0,91,0,91,0,12,114,3,129,38,10,48,177
06/26/2013,LNS,PA,AEA,EN,Federal Contract Tower,0,10,20,9,39,0,0,93,6,99,0,10,113,15,138,82,22,104,242
06/27/2013,LNS,PA,AEA,EN,Federal Contract Tower,0,8,15,0,23,0,0,29,0,29,0,8,44,0,52,44,0,44,96
06/28/2013,LNS,PA,AEA,EN,Federal Contract Tower,0,13,30,7,50,0,0,98,2,100,0,13,128,9,150,56,16,72,222
06/29/2013,LNS,PA,AEA,EN,Federal Contract Tower,0,5,32,0,37,0,0,121,0,121,0,5,153,0,158,46,0,46,204
06/30/2013,LNS,PA,AEA,EN,Federal Contract Tower,0,6,24,0,30,0,0,29,0,29,0,6,53,0,59,44,0,44,103
07/01/2013,LNS,PA,AEA,EN,Federal Contract Tower,0,15,14,4,33,0,0,21,0,21,0,15,35,4,54,22,0,22,76
07/02/2013,LNS,PA,AEA,EN,Federal Contract Tower,0,12,36,17,65,0,0,21,2,23,0,12,57,19,88,20,20,40,128
07/03/2013,LNS,PA,AEA,EN,Federal Contract Tower,0,11,30,13,54,0,0,45,0,45,0,11,75,13,99,50,64,114,213
07/04/2013,LNS,PA,AEA,EN,Federal Contract Tower,0,10,21,0,31,0,0,43,0,43,0,10,64,0,74,54,0,54,128
07/05/2013,LNS,PA,AEA,EN,Federal Contract Tower,0,10,14,0,24,0,2,103,0,105,0,12,117,0,129,58,0,58,187
07/06/2013,LNS,PA,AEA,EN,Federal Contract Tower,0,6,13,0,19,0,112,0,0,112,0,118,13,0,131,44,0,44,175
07/07/2013,LNS,PA,AEA,EN,Federal Contract Tower,0,8,18,0,26,0,0,98,0,98,0,8,116,0,124,66,0,66,190
07/08/2013,LNS,PA,AEA,EN,Federal Contract Tower,0,29,18,4,51,0,1,74,3,78,0,30,92,7,129,106,2,108,237
07/09/2013,LNS,PA,AEA,EN,Federal Contract Tower,0,19,26,0,45,0,3,42,4,49,0,22,68,4,94,170,0,170,264
07/10/2013,LNS,PA,AEA,EN,Federal Contract Tower,0,7,11,2,20,0,0,49,0,49,0,7,60,2,69,162,0,162,231
07/11/2013,LNS,PA,AEA,EN,Federal Contract Tower,0,11,35,4,50,0,2,80,3,85,0,13,115,7,135,154,2,156,291
07/12/2013,LNS,PA,AEA,EN,Federal Contract Tower,0,13,43,5,61,0,6,57,8,71,0,19,100,13,132,18,8,26,158
07/13/2013,LNS,PA,AEA,EN,Federal Contract Tower,0,5,37,3,45,0,0,49,0,49,0,5,86,3,94,46,2,48,142
07/14/2013,LNS,PA,AEA,EN,Federal Contract Tower,0,13,30,3,46,0,0,118,1,119,0,13,148,4,165,80,6,86,251
07/15/2013,LNS,PA,AEA,EN,Federal Contract Tower,0,10,20,2,32,0,0,126,11,137,0,10,146,13,169,70,2,72,241
07/16/2013,LNS,PA,AEA,EN,Federal Contract Tower,0,7,26,7,40,0,11,135,2,148,0,18,161,9,188,124,8,132,320
07/17/2013,LNS,PA,AEA,EN,Federal Contract Tower,0,5,38,5,48,0,5,170,5,180,0,10,208,10,228,90,4,94,322
07/18/2013,LNS,PA,AEA,EN,Federal Contract Tower,0,10,26,10,46,0,4,110,4,118,0,14,136,14,164,86,54,140,304
07/19/2013,LNS,PA,AEA,EN,Federal Contract Tower,0,12,36,4,52,0,0,91,1,92,0,12,127,5,144,60,2,62,206
07/20/2013,LNS,PA,AEA,EN,Federal Contract Tower,0,8,22,0,30,0,2,72,0,74,0,10,94,0,104,76,0,76,180
07/21/2013,LNS,PA,AEA,EN,Federal Contract Tower,0,5,19,0,24,0,2,103,0,105,0,7,122,0,129,76,0,76,205
07/22/2013,LNS,PA,AEA,EN,Federal Contract Tower,0,3,12,4,19,0,0,63,0,63,0,3,75,4,82,58,18,76,158
07/23/2013,LNS,PA,AEA,EN,Federal Contract Tower,0,15,33,5,53,0,0,64,2,66,0,15,97,7,119,138,0,138,257
07/24/2013,LNS,PA,AEA,EN,Federal Contract Tower,0,17,61,3,81,0,3,129,6,138,0,20,190,9,219,58,20,78,297
07/25/2013,LNS,PA,AEA,EN,Federal Contract Tower,0,11,47,7,65,0,1,129,4,134,0,12,176,11,199,98,36,134,333
07/26/2013,LNS,PA,AEA,EN,Federal Contract Tower,0,13,51,5,69,0,0,173,6,179,0,13,224,11,248,74,2,76,324
07/27/2013,LNS,PA,AEA,EN,Federal Contract Tower,0,9,24,0,33,0,1,90,0,91,0,10,114,0,124,104,0,104,228
07/28/2013,LNS,PA,AEA,EN,Federal Contract Tower,0,9,21,0,30,0,0,27,0,27,0,9,48,0,57,32,0,32,89
07/29/2013,LNS,PA,AEA,EN,Federal Contract Tower,0,11,20,3,34,0,0,128,4,132,0,11,148,7,166,52,20,72,238
07/30/2013,LNS,PA,AEA,EN,Federal Contract Tower,0,12,17,13,42,0,3,148,8,159,0,15,165,21,201,160,54,214,415
07/31/2013,LNS,PA,AEA,EN,Federal Contract Tower,0,10,33,9,52,0,0,134,3,137,0,10,167,12,189,216,4,220,409
08/01/2013,LNS,PA,AEA,EN,Federal Contract Tower,0,12,39,0,51,0,0,11,0,11,0,12,50,0,62,30,0,30,92
08/02/2013,LNS,PA,AEA,EN,Federal Contract Tower,0,12,27,4,43,0,0,158,3,161,0,12,185,7,204,104,0,104,308
08/03/2013,LNS,PA,AEA,EN,Federal Contract Tower,0,6,25,0,31,0,0,114,0,114,0,6,139,0,145,154,0,154,299
08/04/2013,LNS,PA,AEA,EN,Federal Contract Tower,0,11,25,0,36,0,0,163,0,163,0,11,188,0,199,46,0,46,245
08/05/2013,LNS,PA,AEA,EN,Federal Contract Tower,0,9,15,5,29,0,0,141,5,146,0,9,156,10,175,72,96,168,343
08/06/2013,LNS,PA,AEA,EN,Federal Contract Tower,0,8,25,8,41,0,0,70,4,74,0,8,95,12,115,118,10,128,243
08/07/2013,LNS,PA,AEA,EN,Federal Contract Tower,0,8,44,4,56,0,0,18,2,20,0,8,62,6,76,54,2,56,132
08/08/2013,LNS,PA,AEA,EN,Federal Contract Tower,0,10,20,0,30,0,0,36,3,39,0,10,56,3,69,36,22,58,127
08/09/2013,LNS,PA,AEA,EN,Federal Contract Tower,0,10,32,17,59,0,0,58,0,58,0,10,90,17,117,74,14,88,205
08/10/2013,LNS,PA,AEA,EN,Federal Contract Tower,0,4,26,1,31,0,0,170,0,170,0,4,196,1,201,128,0,128,329
08/11/2013,LNS,PA,AEA,EN,Federal Contract Tower,0,6,26,0,32,0,0,145,0,145,0,6,171,0,177,40,0,40,217
08/12/2013,LNS,PA,AEA,EN,Federal Contract Tower,0,8,44,0,52,0,0,87,0,87,0,8,131,0,139,54,0,54,193
08/13/2013,LNS,PA,AEA,EN,Federal Contract Tower,0,12,23,7,42,0,0,25,2,27,0,12,48,9,69,80,8,88,157
08/14/2013,LNS,PA,AEA,EN,Federal Contract Tower,0,10,20,5,35,0,0,132,2,134,0,10,152,7,169,118,54,172,341
08/15/2013,LNS,PA,AEA,EN,Federal Contract Tower,0,8,36,6,50,0,0,228,1,229,0,8,264,7,279,168,48,216,495
08/16/2013,LNS,PA,AEA,EN,Federal Contract Tower,0,8,34,3,45,0,0,176,1,177,0,8,210,4,222,98,14,112,334
08/17/2013,LNS,PA,AEA,EN,Federal Contract Tower,0,6,11,0,17,0,0,212,0,212,0,6,223,0,229,298,0,298,527
08/18/2013,LNS,PA,AEA,EN,Federal Contract Tower,0,6,20,0,26,0,0,123,0,123,0,6,143,0,149,158,0,158,307
08/19/2013,LNS,PA,AEA,EN,Federal Contract Tower,0,11,23,2,36,0,0,64,0,64,0,11,87,2,100,62,0,62,162
08/20/2013,LNS,PA,AEA,EN,Federal Contract Tower,0,8,44,9,61,0,1,77,0,78,0,9,121,9,139,122,20,142,281
08/21/2013,LNS,PA,AEA,EN,Federal Contract Tower,0,11,32,11,54,0,0,126,2,128,0,11,158,13,182,84,10,94,276
08/22/2013,LNS,PA,AEA,EN,Federal Contract Tower,0,10,42,18,70,0,1,70,1,72,0,11,112,19,142,94,16,110,252
08/23/2013,LNS,PA,AEA,EN,Federal Contract Tower,0,16,32,5,53,0,3,116,4,123,0,19,148,9,176,154,48,202,378
08/24/2013,LNS,PA,AEA,EN,Federal Contract Tower,0,11,42,2,55,0,0,186,0,186,0,11,228,2,241,90,0,90,331
08/25/2013,LNS,PA,AEA,EN,Federal Contract Tower,0,7,23,2,32,0,0,178,0,178,0,7,201,2,210,106,0,106,316
08/26/2013,LNS,PA,AEA,EN,Federal Contract Tower,0,8,26,28,62,0,3,139,0,142,0,11,165,28,204,74,86,160,364
08/27/2013,LNS,PA,AEA,EN,Federal Contract Tower,0,14,14,2,30,0,0,101,0,101,0,14,115,2,131,56,2,58,189
08/28/2013,LNS,PA,AEA,EN,Federal Contract Tower,0,22,23,2,47,0,0,12,0,12,0,22,35,2,59,52,0,52,111
08/29/2013,LNS,PA,AEA,EN,Federal Contract Tower,0,12,58,1,71,0,1,67,3,71,0,13,125,4,142,112,0,112,254
08/30/2013,LNS,PA,AEA,EN,Federal Contract Tower,0,4,49,3,56,0,0,93,0,93,0,4,142,3,149,70,0,70,219
08/31/2013,LNS,PA,AEA,EN,Federal Contract Tower,0,2,26,0,28,0,0,64,0,64,0,2,90,0,92,58,0,58,150
09/01/2013,LNS,PA,AEA,EN,Federal Contract Tower,0,4,22,0,26,0,0,33,0,33,0,4,55,0,59,78,0,78,137
09/02/2013,LNS,PA,AEA,EN,Federal Contract Tower,0,12,13,0,25,0,0,54,0,54,0,12,67,0,79,30,0,30,109
09/03/2013,LNS,PA,AEA,EN,Federal Contract Tower,0,9,21,8,38,0,0,84,2,86,0,9,105,10,124,70,12,82,206
09/04/2013,LNS,PA,AEA,EN,Federal Contract Tower,0,13,19,17,49,0,1,129,3,133,0,14,148,20,182,106,14,120,302
09/05/2013,LNS,PA,AEA,EN,Federal Contract Tower,0,13,31,4,48,0,2,124,1,127,0,15,155,5,175,126,0,126,301
09/06/2013,LNS,PA,AEA,EN,Federal Contract Tower,0,11,32,2,45,0,1,192,3,196,0,12,224,5,241,100,26,126,367
09/07/2013,LNS,PA,AEA,EN,Federal Contract Tower,0,4,25,0,29,0,3,187,0,190,0,7,212,0,219,58,0,58,277
09/08/2013,LNS,PA,AEA,EN,Federal Contract Tower,0,10,18,0,28,0,3,129,0,132,0,13,147,0,160,68,0,68,228
09/09/2013,LNS,PA,AEA,EN,Federal Contract Tower,0,9,32,7,48,0,0,98,2,100,0,9,130,9,148,34,4,38,186
09/10/2013,LNS,PA,AEA,EN,Federal Contract Tower,0,10,37,9,56,0,0,62,10,72,0,10,99,19,128,58,36,94,222
09/11/2013,LNS,PA,AEA,EN,Federal Contract Tower,0,11,23,20,54,0,0,61,7,68,0,11,84,27,122,102,36,138,260
09/12/2013,LNS,PA,AEA,EN,Federal Contract Tower,0,7,11,11,29,0,0,16,1,17,0,7,27,12,46,90,14,104,150
09/13/2013,LNS,PA,AEA,EN,Federal Contract Tower,0,8,59,8,75,0,0,107,1,108,0,8,166,9,183,144,6,150,333
09/14/2013,LNS,PA,AEA,EN,Federal Contract Tower,0,11,26,5,42,0,1,147,0,148,0,12,173,5,190,122,6,128,318
09/15/2013,LNS,PA,AEA,EN,Federal Contract Tower,0,8,18,0,26,0,2,162,0,164,0,10,180,0,190,126,0,126,316
09/16/2013,LNS,PA,AEA,EN,Federal Contract Tower,0,8,38,4,50,0,0,41,3,44,0,8,79,7,94,74,56,130,224
09/17/2013,LNS,PA,AEA,EN,Federal Contract Tower,0,8,28,2,38,0,6,149,3,158,0,14,177,5,196,184,30,214,410
09/18/2013,LNS,PA,AEA,EN,Federal Contract Tower,0,10,29,9,48,0,4,146,0,150,0,14,175,9,198,94,54,148,346
09/19/2013,LNS,PA,AEA,EN,Federal Contract Tower,0,14,30,7,51,0,0,167,3,170,0,14,197,10,221,238,18,256,477
09/20/2013,LNS,PA,AEA,EN,Federal Contract Tower,0,11,46,10,67,0,0,198,5,203,0,11,244,15,270,162,130,292,562
09/21/2013,LNS,PA,AEA,EN,Federal Contract Tower,0,4,16,1,21,0,0,30,0,30,0,4,46,1,51,20,0,20,71
09/22/2013,LNS,PA,AEA,EN,Federal Contract Tower,0,5,24,1,30,0,0,102,0,102,0,5,126,1,132,56,2,58,190
09/23/2013,LNS,PA,AEA,EN,Federal Contract Tower,0,5,23,0,28,0,0,106,2,108,0,5,129,2,136,72,20,92,228
09/24/2013,LNS,PA,AEA,EN,Federal Contract Tower,0,10,17,4,31,0,0,121,2,123,0,10,138,6,154,70,6,76,230
09/25/2013,LNS,PA,AEA,EN,Federal Contract Tower,0,14,26,11,51,0,0,130,0,130,0,14,156,11,181,174,14,188,369
09/26/2013,LNS,PA,AEA,EN,Federal Contract Tower,0,12,22,5,39,0,0,102,3,105,0,12,124,8,144,146,70,216,360
09/27/2013,LNS,PA,AEA,EN,Federal Contract Tower,0,9,46,4,59,0,1,87,4,92,0,10,133,8,151,62,52,114,265
09/28/2013,LNS,PA,AEA,EN,Federal Contract Tower,0,5,18,0,23,0,2,132,0,134,0,7,150,0,157,148,0,148,305
09/29/2013,LNS,PA,AEA,EN,Federal Contract Tower,0,6,27,0,33,0,0,127,0,127,0,6,154,0,160,126,0,126,286
09/30/2013,LNS,PA,AEA,EN,Federal Contract Tower,0,10,22,5,37,0,0,91,1,92,0,10,113,6,129,46,6,52,181
10/01/2013,LNS,PA,AEA,EN,Federal Contract Tower,0,7,20,11,38,0,0,107,0,107,0,7,127,11,145,132,20,152,297
10/02/2013,LNS,PA,AEA,EN,Federal Contract Tower,0,12,24,0,36,0,105,0,0,105,0,117,24,0,141,138,0,138,279
10/03/2013,LNS,PA,AEA,EN,Federal Contract Tower,0,14,32,0,46,0,0,73,0,73,0,14,105,0,119,168,0,168,287
10/04/2013,LNS,PA,AEA,EN,Federal Contract Tower,0,16,54,5,75,0,1,84,4,89,0,17,138,9,164,110,8,118,282
10/05/2013,LNS,PA,AEA,EN,Federal Contract Tower,0,14,42,0,56,0,2,116,0,118,0,16,158,0,174,164,0,164,338
10/06/2013,LNS,PA,AEA,EN,Federal Contract Tower,0,11,24,0,35,0,0,44,0,44,0,11,68,0,79,58,0,58,137
10/07/2013,LNS,PA,AEA,EN,Federal Contract Tower,0,10,7,0,17,0,0,5,0,5,0,10,12,0,22,10,0,10,32
10/08/2013,LNS,PA,AEA,EN,Federal Contract Tower,0,15,40,0,55,0,6,91,0,97,0,21,131,0,152,138,0,138,290
10/09/2013,LNS,PA,AEA,EN,Federal Contract Tower,0,17,27,6,50,0,11,112,0,123,0,28,139,6,173,226,10,236,409
10/10/2013,LNS,PA,AEA,EN,Federal Contract Tower,0,13,26,0,39,0,0,3,0,3,0,13,29,0,42,0,0,0,42
10/11/2013,LNS,PA,AEA,EN,Federal Contract Tower,0,15,29,2,46,0,0,2,0,2,0,15,31,2,48,6,0,6,54
10/12/2013,LNS,PA,AEA,EN,Federal Contract Tower,0,10,32,0,42,0,1,40,0,41,0,11,72,0,83,24,0,24,107
10/13/2013,LNS,PA,AEA,EN,Federal Contract Tower,0,11,26,0,37,0,0,66,0,66,0,11,92,0,103,70,0,70,173
10/14/2013,LNS,PA,AEA,EN,Federal Contract Tower,0,20,25,0,45,0,2,117,0,119,0,22,142,0,164,94,0,94,258
10/15/2013,LNS,PA,AEA,EN,Federal Contract Tower,0,18,31,0,49,0,0,139,0,139,0,18,170,0,188,150,0,150,338
10/16/2013,LNS,PA,AEA,EN,Federal Contract Tower,0,12,70,15,97,0,0,48,4,52,0,12,118,19,149,128,20,148,297
10/17/2013,LNS,PA,AEA,EN,Federal Contract Tower,0,16,49,1,66,0,0,25,0,25,0,16,74,1,91,82,2,84,175
10/18/2013,LNS,PA,AEA,EN,Federal Contract Tower,0,14,28,1,43,0,0,107,0,107,0,14,135,1,150,52,2,54,204
10/19/2013,LNS,PA,AEA,EN,Federal Contract Tower,0,14,35,0,49,0,0,133,0,133,0,14,168,0,182,156,0,156,338
10/20/2013,LNS,PA,AEA,EN,Federal Contract Tower,0,6,22,0,28,0,0,101,0,101,0,6,123,0,129,118,0,118,247
10/21/2013,LNS,PA,AEA,EN,Federal Contract Tower,0,10,21,16,47,0,0,99,0,99,0,10,120,16,146,98,14,112,258
10/22/2013,LNS,PA,AEA,EN,Federal Contract Tower,0,11,26,3,40,0,5,82,2,89,0,16,108,5,129,132,10,142,271
10/23/2013,LNS,PA,AEA,EN,Federal Contract Tower,0,19,26,0,45,0,0,83,2,85,0,19,109,2,130,114,2,116,246
10/24/2013,LNS,PA,AEA,EN,Federal Contract Tower,0,13,12,3,28,0,0,87,0,87,0,13,99,3,115,56,12,68,183
10/25/2013,LNS,PA,AEA,EN,Federal Contract Tower,0,11,46,6,63,0,0,116,1,117,0,11,162,7,180,74,2,76,256
10/26/2013,LNS,PA,AEA,EN,Federal Contract Tower,0,4,25,0,29,0,3,93,0,96,0,7,118,0,125,138,0,138,263
10/27/2013,LNS,PA,AEA,EN,Federal Contract Tower,0,6,14,0,20,0,0,111,0,111,0,6,125,0,131,64,0,64,195
10/28/2013,LNS,PA,AEA,EN,Federal Contract Tower,0,12,25,1,38,0,0,96,0,96,0,12,121,1,134,92,0,92,226
10/29/2013,LNS,PA,AEA,EN,Federal Contract Tower,0,14,27,4,45,0,0,174,2,176,0,14,201,6,221,144,2,146,367
10/30/2013,LNS,PA,AEA,EN,Federal Contract Tower,0,8,53,15,76,0,0,40,1,41,0,8,93,16,117,72,22,94,211
10/31/2013,LNS,PA,AEA,EN,Federal Contract Tower,0,11,25,0,36,0,0,10,0,10,0,11,35,0,46,34,0,34,80
11/01/2013,LNS,PA,AEA,EN,Federal Contract Tower,0,12,18,0,30,0,0,33,6,39,0,12,51,6,69,66,22,88,157
11/02/2013,LNS,PA,AEA,EN,Federal Contract Tower,0,4,36,0,40,0,2,168,0,170,0,6,204,0,210,146,0,146,356
11/03/2013,LNS,PA,AEA,EN,Federal Contract Tower,0,8,11,2,21,0,0,82,0,82,0,8,93,2,103,82,0,82,185
11/04/2013,LNS,PA,AEA,EN,Federal Contract Tower,0,11,27,0,38,0,1,131,0,132,0,12,158,0,170,116,0,116,286
11/05/2013,LNS,PA,AEA,EN,Federal Contract Tower,0,9,48,14,71,0,0,127,6,133,0,9,175,20,204,100,6,106,310
11/06/2013,LNS,PA,AEA,EN,Federal Contract Tower,0,11,41,7,59,0,0,101,4,105,0,11,142,11,164,96,50,146,310
11/07/2013,LNS,PA,AEA,EN,Federal Contract Tower,0,11,21,4,36,0,0,8,0,8,0,11,29,4,44,26,12,38,82
11/08/2013,LNS,PA,AEA,EN,Federal Contract Tower,0,11,20,2,33,0,0,87,8,95,0,11,107,10,128,66,0,66,194
11/09/2013,LNS,PA,AEA,EN,Federal Contract Tower,0,4,27,0,31,0,0,189,0,189,0,4,216,0,220,148,0,148,368
11/10/2013,LNS,PA,AEA,EN,Federal Contract Tower,0,7,7,0,14,0,0,39,0,39,0,7,46,0,53,28,0,28,81
11/11/2013,LNS,PA,AEA,EN,Federal Contract Tower,0,11,16,0,27,0,0,122,0,122,0,11,138,0,149,220,0,220,369
11/12/2013,LNS,PA,AEA,EN,Federal Contract Tower,0,14,8,15,37,0,2,30,1,33,0,16,38,16,70,52,18,70,140
11/13/2013,LNS,PA,AEA,EN,Federal Contract Tower,0,9,15,30,54,0,0,93,1,94,0,9,108,31,148,138,66,204,352
11/14/2013,LNS,PA,AEA,EN,Federal Contract Tower,0,18,11,3,32,0,0,99,3,102,0,18,110,6,134,118,0,118,252
11/15/2013,LNS,PA,AEA,EN,Federal Contract Tower,0,11,41,4,56,0,2,173,2,177,0,13,214,6,233,142,0,142,375
11/16/2013,LNS,PA,AEA,EN,Federal Contract Tower,0,4,53,7,64,0,2,179,0,181,0,6,232,7,245,178,8,186,431
11/17/2013,LNS,PA,AEA,EN,Federal Contract Tower,0,6,26,0,32,0,0,6,0,6,0,6,32,0,38,148,0,148,186
11/18/2013,LNS,PA,AEA,EN,Federal Contract Tower,0,12,13,9,34,0,2,59,2,63,0,14,72,11,97,40,10,50,147
11/19/2013,LNS,PA,AEA,EN,Federal Contract Tower,0,12,22,7,41,0,0,74,1,75,0,12,96,8,116,52,7,59,175
11/20/2013,LNS,PA,AEA,EN,Federal Contract Tower,0,13,39,6,58,0,1,138,0,139,0,14,177,6,197,152,8,160,357
11/21/2013,LNS,PA,AEA,EN,Federal Contract Tower,0,12,36,10,58,0,0,110,6,116,0,12,146,16,174,130,48,178,352
11/22/2013,LNS,PA,AEA,EN,Federal Contract Tower,0,12,39,5,56,0,0,57,5,62,0,12,96,10,118,66,40,106,224
11/23/2013,LNS,PA,AEA,EN,Federal Contract Tower,0,7,17,0,24,0,0,81,0,81,0,7,98,0,105,62,0,62,167
11/24/2013,LNS,PA,AEA,EN,Federal Contract Tower,0,8,1,0,9,0,0,21,0,21,0,8,22,0,30,2,0,2,32
11/25/2013,LNS,PA,AEA,EN,Federal Contract Tower,0,11,22,0,33,0,0,119,0,119,0,11,141,0,152,136,2,138,290
11/26/2013,LNS,PA,AEA,EN,Federal Contract Tower,0,5,26,0,31,0,0,18,0,18,0,5,44,0,49,82,0,82,131
11/27/2013,LNS,PA,AEA,EN,Federal Contract Tower,0,13,18,0,31,0,0,9,2,11,0,13,27,2,42,66,14,80,122
11/28/2013,LNS,PA,AEA,EN,Federal Contract Tower,0,11,6,0,17,0,0,15,0,15,0,11,21,0,32,8,0,8,40
11/29/2013,LNS,PA,AEA,EN,Federal Contract Tower,0,10,37,0,47,0,0,158,0,158,0,10,195,0,205,140,0,140,345
11/30/2013,LNS,PA,AEA,EN,Federal Contract Tower,1,5,25,0,31,0,2,153,0,155,1,7,178,0,186,166,0,166,352
12/01/2013,LNS,PA,AEA,EN,Federal Contract Tower,1,11,24,0,36,0,0,147,0,147,1,11,171,0,183,156,0,156,339
12/02/2013,LNS,PA,AEA,EN,Federal Contract Tower,0,11,24,0,35,0,0,60,0,60,0,11,84,0,95,92,0,92,187
12/03/2013,LNS,PA,AEA,EN,Federal Contract Tower,0,15,28,0,43,0,2,75,2,79,0,17,103,2,122,160,0,160,282
12/04/2013,LNS,PA,AEA,EN,Federal Contract Tower,0,12,41,13,66,0,0,54,3,57,0,12,95,16,123,98,4,102,225
12/05/2013,LNS,PA,AEA,EN,Federal Contract Tower,0,11,40,0,51,0,0,0,0,0,0,11,40,0,51,22,0,22,73
12/06/2013,LNS,PA,AEA,EN,Federal Contract Tower,0,12,21,0,33,0,4,4,4,12,0,16,25,4,45,58,36,94,139
12/07/2013,LNS,PA,AEA,EN,Federal Contract Tower,2,5,43,2,52,0,0,112,1,113,2,5,155,3,165,164,2,166,331
12/08/2013,LNS,PA,AEA,EN,Federal Contract Tower,0,0,4,0,4,0,0,12,0,12,0,0,16,0,16,18,0,18,34
12/09/2013,LNS,PA,AEA,EN,Federal Contract Tower,0,6,7,0,13,0,0,0,0,0,0,6,7,0,13,0,0,0,13
12/10/2013,LNS,PA,AEA,EN,Federal Contract Tower,0,15,10,19,44,0,0,9,7,16,0,15,19,26,60,6,78,84,144
12/11/2013,LNS,PA,AEA,EN,Federal Contract Tower,0,25,20,17,62,0,1,108,7,116,0,26,128,24,178,248,84,332,510
12/12/2013,LNS,PA,AEA,EN,Federal Contract Tower,0,13,32,5,50,0,0,77,2,79,0,13,109,7,129,50,8,58,187
12/13/2013,LNS,PA,AEA,EN,Federal Contract Tower,0,13,42,3,58,0,2,113,0,115,0,15,155,3,173,70,6,76,249
12/14/2013,LNS,PA,AEA,EN,Federal Contract Tower,0,5,1,0,6,0,0,11,0,11,0,5,12,0,17,20,0,20,37
12/15/2013,LNS,PA,AEA,EN,Federal Contract Tower,0,7,2,0,9,0,0,55,0,55,0,7,57,0,64,82,0,82,146
12/16/2013,LNS,PA,AEA,EN,Federal Contract Tower,0,12,22,3,37,0,0,87,0,87,0,12,109,3,124,118,2,120,244
12/17/2013,LNS,PA,AEA,EN,Federal Contract Tower,0,11,16,0,27,0,0,1,0,1,0,11,17,0,28,6,4,10,38
12/18/2013,LNS,PA,AEA,EN,Federal Contract Tower,0,10,37,13,60,0,0,79,0,79,0,10,116,13,139,118,46,164,303
12/19/2013,LNS,PA,AEA,EN,Federal Contract Tower,0,12,24,6,42,0,0,107,1,108,0,12,131,7,150,110,6,116,266
12/20/2013,LNS,PA,AEA,EN,Federal Contract Tower,0,10,41,2,53,0,0,114,0,114,0,10,155,2,167,124,2,126,293
12/21/2013,LNS,PA,AEA,EN,Federal Contract Tower,0,9,24,0,33,0,4,104,0,108,0,13,128,0,141,132,0,132,273
12/22/2013,LNS,PA,AEA,EN,Federal Contract Tower,0,5,7,0,12,0,0,6,0,6,0,5,13,0,18,20,0,20,38
12/23/2013,LNS,PA,AEA,EN,Federal Contract Tower,0,17,23,2,42,0,0,9,0,9,0,17,32,2,51,10,0,10,61
12/24/2013,LNS,PA,AEA,EN,Federal Contract Tower,0,13,8,0,21,0,0,65,0,65,0,13,73,0,86,28,0,28,114
12/25/2013,LNS,PA,AEA,EN,Federal Contract Tower,0,13,13,0,26,0,0,29,0,29,0,13,42,0,55,20,0,20,75
12/26/2013,LNS,PA,AEA,EN,Federal Contract Tower,0,14,12,6,32,0,0,31,2,33,0,14,43,8,65,28,10,38,103
12/27/2013,LNS,PA,AEA,EN,Federal Contract Tower,0,15,45,5,65,0,0,122,1,123,0,15,167,6,188,58,2,60,248
12/28/2013,LNS,PA,AEA,EN,Federal Contract Tower,0,4,54,0,58,0,1,209,0,210,0,5,263,0,268,102,0,102,370
12/29/2013,LNS,PA,AEA,EN,Federal Contract Tower,0,14,5,0,19,0,0,0,0,0,0,14,5,0,19,0,0,0,19
12/30/2013,LNS,PA,AEA,EN,Federal Contract Tower,0,9,15,3,27,0,0,55,0,55,0,9,70,3,82,50,4,54,136
12/31/2013,LNS,PA,AEA,EN,Federal Contract Tower,0,11,14,0,25,0,0,76,0,76,0,11,90,0,101,106,0,106,207
01/01/2014,LNS,PA,AEA,EN,Federal Contract Tower,0,12,9,0,21,0,0,81,0,81,0,12,90,0,102,62,0,62,164
01/02/2014,LNS,PA,AEA,EN,Federal Contract Tower,0,5,10,0,15,0,0,4,0,4,0,5,14,0,19,18,0,18,37
01/03/2014,LNS,PA,AEA,EN,Federal Contract Tower,0,12,3,0,15,0,0,2,0,2,0,12,5,0,17,0,0,0,17
01/04/2014,LNS,PA,AEA,EN,Federal Contract Tower,0,8,25,0,33,0,1,107,0,108,0,9,132,0,141,162,0,162,303
01/05/2014,LNS,PA,AEA,EN,Federal Contract Tower,0,2,4,0,6,0,0,0,0,0,0,2,4,0,6,2,0,2,8
01/06/2014,LNS,PA,AEA,EN,Federal Contract Tower,0,11,9,0,20,0,0,11,0,11,0,11,20,0,31,8,0,8,39
01/07/2014,LNS,PA,AEA,EN,Federal Contract Tower,0,12,6,0,18,0,0,5,2,7,0,12,11,2,25,8,2,10,35
01/08/2014,LNS,PA,AEA,EN,Federal Contract Tower,0,12,18,1,31,0,0,79,3,82,0,12,97,4,113,72,22,94,207
01/09/2014,LNS,PA,AEA,EN,Federal Contract Tower,0,16,29,5,50,0,0,104,2,106,0,16,133,7,156,104,2,106,262
01/10/2014,LNS,PA,AEA,EN,Federal Contract Tower,0,11,13,0,24,0,0,0,0,0,0,11,13,0,24,0,0,0,24
01/11/2014,LNS,PA,AEA,EN,Federal Contract Tower,0,4,3,0,7,0,0,0,0,0,0,4,3,0,7,0,0,0,7
01/12/2014,LNS,PA,AEA,EN,Federal Contract Tower,0,7,18,0,25,0,4,69,0,73,0,11,87,0,98,46,0,46,144
01/13/2014,LNS,PA,AEA,EN,Federal Contract Tower,0,13,26,9,48,0,0,119,0,119,0,13,145,9,167,92,6,98,265
01/14/2014,LNS,PA,AEA,EN,Federal Contract Tower,0,9,11,6,26,0,0,0,0,0,0,9,11,6,26,2,6,8,34
01/15/2014,LNS,PA,AEA,EN,Federal Contract Tower,0,9,22,9,40,0,0,10,0,10,0,9,32,9,50,36,26,62,112
01/16/2014,LNS,PA,AEA,EN,Federal Contract Tower,0,16,44,5,65,0,0,88,3,91,0,16,132,8,156,140,14,154,310
01/17/2014,LNS,PA,AEA,EN,Federal Contract Tower,0,12,52,14,78,0,0,139,8,147,0,12,191,22,225,112,2,114,339
01/18/2014,LNS,PA,AEA,EN,Federal Contract Tower,0,5,16,0,21,0,1,43,0,44,0,6,59,0,65,20,0,20,85
01/19/2014,LNS,PA,AEA,EN,Federal Contract Tower,0,6,32,0,38,0,0,74,0,74,0,6,106,0,112,140,0,140,252
01/20/2014,LNS,PA,AEA,EN,Federal Contract Tower,0,10,25,0,35,0,0,90,0,90,0,10,115,0,125,160,0,160,285
01/21/2014,LNS,PA,AEA,EN,Federal Contract Tower,0,1,5,0,6,0,0,0,0,0,0,1,5,0,6,0,0,0,6
01/22/2014,LNS,PA,AEA,EN,Federal Contract Tower,0,16,8,0,24,0,0,21,5,26,0,16,29,5,50,14,4,18,68
01/23/2014,LNS,PA,AEA,EN,Federal Contract Tower,0,10,17,6,33,0,2,38,2,42,0,12,55,8,75,50,6,56,131
01/24/2014,LNS,PA,AEA,EN,Federal Contract Tower,0,13,41,3,57,0,0,73,2,75,0,13,114,5,132,144,2,146,278
01/25/2014,LNS,PA,AEA,EN,Federal Contract Tower,0,6,8,0,14,0,0,8,0,8,0,6,16,0,22,30,0,30,52
01/26/2014,LNS,PA,AEA,EN,Federal Contract Tower,0,11,11,0,22,0,0,83,0,83,0,11,94,0,105,154,0,154,259
01/27/2014,LNS,PA,AEA,EN,Federal Contract Tower,0,9,7,3,19,0,0,26,1,27,0,9,33,4,46,86,8,94,140
01/28/2014,LNS,PA,AEA,EN,Federal Contract Tower,0,11,16,6,33,0,0,56,7,63,0,11,72,13,96,48,28,76,172
01/29/2014,LNS,PA,AEA,EN,Federal Contract Tower,0,12,16,21,49,0,2,59,5,66,0,14,75,26,115,68,24,92,207
01/30/2014,LNS,PA,AEA,EN,Federal Contract Tower,0,10,31,5,46,0,0,96,0,96,0,10,127,5,142,110,8,118,260
01/31/2014,LNS,PA,AEA,EN,Federal Contract Tower,0,12,38,7,57,0,0,77,3,80,0,12,115,10,137,114,16,130,267
02/01/2014,LNS,PA,AEA,EN,Federal Contract Tower,0,4,42,0,46,0,0,189,0,189,0,4,231,0,235,116,10,126,361
02/02/2014,LNS,PA,AEA,EN,Federal Contract Tower,0,6,8,0,14,0,0,36,0,36,0,6,44,0,50,68,0,68,118
02/03/2014,LNS,PA,AEA,EN,Federal Contract Tower,0,5,4,0,9,0,0,0,0,0,0,5,4,0,9,0,0,0,9
02/04/2014,LNS,PA,AEA,EN,Federal Contract Tower,0,8,19,8,35,0,0,67,0,67,0,8,86,8,102,136,0,136,238
02/05/2014,LNS,PA,AEA,EN,Federal Contract Tower,0,10,0,0,10,0,0,0,0,0,0,10,0,0,10,0,0,0,10
02/06/2014,LNS,PA,AEA,EN,Federal Contract Tower,0,12,21,13,46,0,3,100,6,109,0,15,121,19,155,44,46,90,245
02/07/2014,LNS,PA,AEA,EN,Federal Contract Tower,0,12,35,3,50,0,0,117,6,123,0,12,152,9,173,102,26,128,301
02/08/2014,LNS,PA,AEA,EN,Federal Contract Tower,0,6,25,0,31,0,0,84,0,84,0,6,109,0,115,114,0,114,229
02/09/2014,LNS,PA,AEA,EN,Federal Contract Tower,0,4,12,0,16,0,0,26,0,26,0,4,38,0,42,42,2,44,86
02/10/2014,LNS,PA,AEA,EN,Federal Contract Tower,0,20,31,11,62,0,0,62,2,64,0,20,93,13,126,92,22,114,240
02/11/2014,LNS,PA,AEA,EN,Federal Contract Tower,0,10,25,13,48,0,0,102,7,109,0,10,127,20,157,104,42,146,303
02/12/2014,LNS,PA,AEA,EN,Federal Contract Tower,0,16,25,9,50,0,0,94,5,99,0,16,119,14,149,46,10,56,205
02/13/2014,LNS,PA,AEA,EN,Federal Contract Tower,0,0,1,0,1,0,0,0,0,0,0,0,1,0,1,0,0,0,1
02/14/2014,LNS,PA,AEA,EN,Federal Contract Tower,0,10,10,0,20,0,0,14,0,14,0,10,24,0,34,14,0,14,48
02/15/2014,LNS,PA,AEA,EN,Federal Contract Tower,0,4,1,0,5,0,0,0,0,0,0,4,1,0,5,0,0,0,5
02/16/2014,LNS,PA,AEA,EN,Federal Contract Tower,0,12,32,0,44,0,0,73,2,75,0,12,105,2,119,106,0,106,225
02/17/2014,LNS,PA,AEA,EN,Federal Contract Tower,0,16,26,0,42,0,0,105,0,105,0,16,131,0,147,158,0,158,305
02/18/2014,LNS,PA,AEA,EN,Federal Contract Tower,0,12,20,2,34,0,14,5,0,19,0,26,25,2,53,16,4,20,73
02/19/2014,LNS,PA,AEA,EN,Federal Contract Tower,0,18,18,3,39,0,0,46,3,49,0,18,64,6,88,70,24,94,182
02/20/2014,LNS,PA,AEA,EN,Federal Contract Tower,0,18,31,6,55,0,0,88,2,90,0,18,119,8,145,126,4,130,275
02/21/2014,LNS,PA,AEA,EN,Federal Contract Tower,0,10,17,2,29,0,0,2,0,2,0,10,19,2,31,0,4,4,35
02/22/2014,LNS,PA,AEA,EN,Federal Contract Tower,0,4,46,2,52,0,0,144,0,144,0,4,190,2,196,122,4,126,322
02/23/2014,LNS,PA,AEA,EN,Federal Contract Tower,0,9,38,0,47,0,0,181,0,181,0,9,219,0,228,154,0,154,382
02/24/2014,LNS,PA,AEA,EN,Federal Contract Tower,0,13,18,3,34,0,0,40,5,45,0,13,58,8,79,34,14,48,127
02/25/2014,LNS,PA,AEA,EN,Federal Contract Tower,0,16,15,6,37,0,5,46,4,55,0,21,61,10,92,68,8,76,168
02/26/2014,LNS,PA,AEA,EN,Federal Contract Tower,0,14,13,11,38,0,0,33,17,50,0,14,46,28,88,24,50,74,162
02/27/2014,LNS,PA,AEA,EN,Federal Contract Tower,0,15,15,6,36,0,0,53,1,54,0,15,68,7,90,52,46,98,188
02/28/2014,LNS,PA,AEA,EN,Federal Contract Tower,0,13,33,1,47,0,5,164,0,169,0,18,197,1,216,84,0,84,300
03/01/2014,LNS,PA,AEA,EN,Federal Contract Tower,0,4,53,0,57,0,0,165,0,165,0,4,218,0,222,188,0,188,410
03/02/2014,LNS,PA,AEA,EN,Federal Contract Tower,0,4,9,0,13,0,0,13,0,13,0,4,22,0,26,24,0,24,50
03/03/2014,LNS,PA,AEA,EN,Federal Contract Tower,0,8,4,5,17,0,0,5,2,7,0,8,9,7,24,2,18,20,44
03/04/2014,LNS,PA,AEA,EN,Federal Contract Tower,0,10,19,4,33,0,0,49,2,51,0,10,68,6,84,102,4,106,190
03/05/2014,LNS,PA,AEA,EN,Federal Contract Tower,0,12,27,2,41,0,1,113,7,121,0,13,140,9,162,104,66,170,332
03/06/2014,LNS,PA,AEA,EN,Federal Contract Tower,0,12,28,13,53,0,0,110,2,112,0,12,138,15,165,108,10,118,283
03/07/2014,LNS,PA,AEA,EN,Federal Contract Tower,0,14,22,6,42,0,0,92,1,93,0,14,114,7,135,98,14,112,247
03/08/2014,LNS,PA,AEA,EN,Federal Contract Tower,0,5,25,2,32,0,0,209,0,209,0,5,234,2,241,164,0,164,405
03/09/2014,LNS,PA,AEA,EN,Federal Contract Tower,0,6,16,0,22,0,0,87,0,87,0,6,103,0,109,90,0,90,199
03/10/2014,LNS,PA,AEA,EN,Federal Contract Tower,0,11,26,6,43,0,0,115,8,123,0,11,141,14,166,130,20,150,316
03/11/2014,LNS,PA,AEA,EN,Federal Contract Tower,0,19,31,3,53,0,1,134,5,140,0,20,165,8,193,200,14,214,407
03/12/2014,LNS,PA,AEA,EN,Federal Contract Tower,0,12,6,8,26,0,0,10,4,14,0,12,16,12,40,58,10,68,108
03/13/2014,LNS,PA,AEA,EN,Federal Contract Tower,0,11,6,0,17,0,0,21,4,25,0,11,27,4,42,28,0,28,70
03/14/2014,LNS,PA,AEA,EN,Federal Contract Tower,0,15,28,0,43,0,0,145,6,151,0,15,173,6,194,104,0,104,298
03/15/2014,LNS,PA,AEA,EN,Federal Contract Tower,0,6,36,0,42,0,2,67,0,69,0,8,103,0,111,72,0,72,183
03/16/2014,LNS,PA,AEA,EN,Federal Contract Tower,0,8,51,0,59,0,0,103,0,103,0,8,154,0,162,60,0,60,222
03/17/2014,LNS,PA,AEA,EN,Federal Contract Tower,0,10,23,5,38,0,0,53,0,53,0,10,76,5,91,54,2,56,147
03/18/2014,LNS,PA,AEA,EN,Federal Contract Tower,0,13,35,2,50,0,1,104,0,105,0,14,139,2,155,126,4,130,285
03/19/2014,LNS,PA,AEA,EN,Federal Contract Tower,0,13,26,0,39,0,0,3,0,3,0,13,29,0,42,0,0,0,42
03/20/2014,LNS,PA,AEA,EN,Federal Contract Tower,0,9,33,5,47,0,2,79,3,84,0,11,112,8,131,84,26,110,241
03/21/2014,LNS,PA,AEA,EN,Federal Contract Tower,0,12,43,9,64,0,0,165,2,167,0,12,208,11,231,90,34,124,355
03/22/2014,LNS,PA,AEA,EN,Federal Contract Tower,0,6,31,0,37,0,0,89,0,89,0,6,120,0,126,136,0,136,262
03/23/2014,LNS,PA,AEA,EN,Federal Contract Tower,0,6,14,0,20,0,3,104,0,107,0,9,118,0,127,60,0,60,187
03/24/2014,LNS,PA,AEA,EN,Federal Contract Tower,0,12,17,2,31,0,0,113,0,113,0,12,130,2,144,152,2,154,298
03/25/2014,LNS,PA,AEA,EN,Federal Contract Tower,0,3,7,0,10,0,0,10,0,10,0,3,17,0,20,28,0,28,48
03/26/2014,LNS,PA,AEA,EN,Federal Contract Tower,0,12,10,8,30,0,0,31,2,33,0,12,41,10,63,16,2,18,81
03/27/2014,LNS,PA,AEA,EN,Federal Contract Tower,0,10,29,12,51,0,0,171,8,179,0,10,200,20,230,164,2,166,396
03/28/2014,LNS,PA,AEA,EN,Federal Contract Tower,0,12,33,6,51,0,0,28,0,28,0,12,61,6,79,10,8,18,97
03/29/2014,LNS,PA,AEA,EN,Federal Contract Tower,0,4,28,0,32,0,0,6,0,6,0,4,34,0,38,22,0,22,60
03/30/2014,LNS,PA,AEA,EN,Federal Contract Tower,0,7,8,0,15,0,0,0,0,0,0,7,8,0,15,4,0,4,19
03/31/2014,LNS,PA,AEA,EN,Federal Contract Tower,0,10,22,0,32,0,0,49,6,55,0,10,71,6,87,18,4,22,109
04/01/2014,LNS,PA,AEA,EN,Federal Contract Tower,0,12,49,0,61,0,0,241,6,247,0,12,290,6,308,254,36,290,598
04/02/2014,LNS,PA,AEA,EN,Federal Contract Tower,0,10,44,6,60,0,0,79,0,79,0,10,123,6,139,74,10,84,223
04/03/2014,LNS,PA,AEA,EN,Federal Contract Tower,0,10,46,4,60,0,0,88,1,89,0,10,134,5,149,80,2,82,231
04/04/2014,LNS,PA,AEA,EN,Federal Contract Tower,0,15,41,5,61,0,0,14,0,14,0,15,55,5,75,38,0,38,113
04/05/2014,LNS,PA,AEA,EN,Federal Contract Tower,0,5,16,2,23,0,0,67,0,67,0,5,83,2,90,72,0,72,162
04/06/2014,LNS,PA,AEA,EN,Federal Contract Tower,0,6,39,1,46,0,0,267,0,267,0,6,306,1,313,184,0,184,497
04/07/2014,LNS,PA,AEA,EN,Federal Contract Tower,0,11,17,7,35,0,0,17,2,19,0,11,34,9,54,6,6,12,66
04/08/2014,LNS,PA,AEA,EN,Federal Contract Tower,0,12,19,1,32,0,0,38,0,38,0,12,57,1,70,32,2,34,104
04/09/2014,LNS,PA,AEA,EN,Federal Contract Tower,0,14,23,5,42,0,1,109,3,113,0,15,132,8,155,192,6,198,353
04/10/2014,LNS,PA,AEA,EN,Federal Contract Tower,0,12,39,6,57,0,0,159,1,160,0,12,198,7,217,164,0,164,381
04/11/2014,LNS,PA,AEA,EN,Federal Contract Tower,0,18,26,8,52,0,0,100,7,107,0,18,126,15,159,74,46,120,279
04/12/2014,LNS,PA,AEA,EN,Federal Contract Tower,0,4,35,0,39,0,2,206,0,208,0,6,241,0,247,100,0,100,347
04/13/2014,LNS,PA,AEA,EN,Federal Contract Tower,0,8,22,0,30,0,1,97,0,98,0,9,119,0,128,66,0,66,194
04/14/2014,LNS,PA,AEA,EN,Federal Contract Tower,0,14,10,19,43,0,1,43,3,47,0,15,53,22,90,54,38,92,182
04/15/2014,LNS,PA,AEA,EN,Federal Contract Tower,0,10,9,2,21,0,0,1,0,1,0,10,10,2,22,0,4,4,26
04/16/2014,LNS,PA,AEA,EN,Federal Contract Tower,0,16,20,10,46,0,0,122,8,130,0,16,142,18,176,186,16,202,378
04/17/2014,LNS,PA,AEA,EN,Federal Contract Tower,0,11,34,5,50,0,0,165,2,167,0,11,199,7,217,164,12,176,393
04/18/2014,LNS,PA,AEA,EN,Federal Contract Tower,0,11,48,5,64,0,0,164,0,164,0,11,212,5,228,280,6,286,514
04/19/2014,LNS,PA,AEA,EN,Federal Contract Tower,1,4,30,0,35,0,0,172,0,172,1,4,202,0,207,98,0,98,305
04/20/2014,LNS,PA,AEA,EN,Federal Contract Tower,1,8,26,0,35,0,0,57,0,57,1,8,83,0,92,66,0,66,158
04/21/2014,LNS,PA,AEA,EN,Federal Contract Tower,0,12,27,0,39,0,0,185,0,185,0,12,212,0,224,160,0,160,384
04/22/2014,LNS,PA,AEA,EN,Federal Contract Tower,0,11,23,2,36,0,5,65,5,75,0,16,88,7,111,32,46,78,189
04/23/2014,LNS,PA,AEA,EN,Federal Contract Tower,0,10,22,8,40,0,0,31,4,35,0,10,53,12,75,50,0,50,125
04/24/2014,LNS,PA,AEA,EN,Federal Contract Tower,0,12,33,1,46,0,0,106,0,106,0,12,139,1,152,120,2,122,274
04/25/2014,LNS,PA,AEA,EN,Federal Contract Tower,0,12,39,6,57,0,2,120,0,122,0,14,159,6,179,118,0,118,297
04/26/2014,LNS,PA,AEA,EN,Federal Contract Tower,2,7,28,0,37,0,1,87,0,88,2,8,115,0,125,100,0,100,225
04/27/2014,LNS,PA,AEA,EN,Federal Contract Tower,0,8,21,1,30,0,1,144,0,145,0,9,165,1,175,116,2,118,293
04/28/2014,LNS,PA,AEA,EN,Federal Contract Tower,0,15,26,9,50,0,0,148,3,151,0,15,174,12,201,184,42,226,427
04/29/2014,LNS,PA,AEA,EN,Federal Contract Tower,0,11,13,2,26,0,0,0,0,0,0,11,13,2,26,20,0,20,46
04/30/2014,LNS,PA,AEA,EN,Federal Contract Tower,0,8,15,2,25,0,0,0,0,0,0,8,15,2,25,0,0,0,25
05/01/2014,LNS,PA,AEA,EN,Federal Contract Tower,0,17,42,4,63,0,2,79,5,86,0,19,121,9,149,114,62,176,325
05/02/2014,LNS,PA,AEA,EN,Federal Contract Tower,0,17,28,14,59,0,9,132,1,142,0,26,160,15,201,192,34,226,427
05/03/2014,LNS,PA,AEA,EN,Federal Contract Tower,0,13,31,0,44,0,8,142,0,150,0,21,173,0,194,186,0,186,380
05/04/2014,LNS,PA,AEA,EN,Federal Contract Tower,0,17,21,1,39,0,1,38,0,39,0,18,59,1,78,48,6,54,132
05/05/2014,LNS,PA,AEA,EN,Federal Contract Tower,0,14,30,1,45,0,8,125,0,133,0,22,155,1,178,226,4,230,408
05/06/2014,LNS,PA,AEA,EN,Federal Contract Tower,0,13,15,1,29,0,5,185,1,191,0,18,200,2,220,226,4,230,450
05/07/2014,LNS,PA,AEA,EN,Federal Contract Tower,0,15,39,9,63,0,9,147,8,164,0,24,186,17,227,100,8,108,335
05/08/2014,LNS,PA,AEA,EN,Federal Contract Tower,0,12,45,6,63,0,1,52,4,57,0,13,97,10,120,124,4,128,248
05/09/2014,LNS,PA,AEA,EN,Federal Contract Tower,0,17,46,4,67,0,0,28,0,28,0,17,74,4,95,78,0,78,173
05/10/2014,LNS,PA,AEA,EN,Federal Contract Tower,0,7,17,3,27,0,0,41,0,41,0,7,58,3,68,70,6,76,144
05/11/2014,LNS,PA,AEA,EN,Federal Contract Tower,0,6,31,0,37,0,2,149,0,151,0,8,180,0,188,92,0,92,280
05/12/2014,LNS,PA,AEA,EN,Federal Contract Tower,0,12,23,4,39,0,0,133,8,141,0,12,156,12,180,208,2,210,390
05/13/2014,LNS,PA,AEA,EN,Federal Contract Tower,0,15,19,8,42,0,0,52,0,52,0,15,71,8,94,84,14,98,192
05/14/2014,LNS,PA,AEA,EN,Federal Contract Tower,0,19,54,3,76,0,0,12,0,12,0,19,66,3,88,20,2,22,110
05/15/2014,LNS,PA,AEA,EN,Federal Contract Tower,0,11,24,4,39,0,0,16,0,16,0,11,40,4,55,76,0,76,131
05/16/2014,LNS,PA,AEA,EN,Federal Contract Tower,0,11,16,12,39,0,21,0,0,21,0,32,16,12,60,52,4,56,116
05/17/2014,LNS,PA,AEA,EN,Federal Contract Tower,0,7,37,4,48,0,0,126,25,151,0,7,163,29,199,120,12,132,331
05/18/2014,LNS,PA,AEA,EN,Federal Contract Tower,0,9,24,0,33,0,0,173,0,173,0,9,197,0,206,92,0,92,298
05/19/2014,LNS,PA,AEA,EN,Federal Contract Tower,0,11,33,0,44,0,0,147,0,147,0,11,180,0,191,176,0,176,367
05/20/2014,LNS,PA,AEA,EN,Federal Contract Tower,0,11,35,1,47,0,0,174,3,177,0,11,209,4,224,186,2,188,412
05/21/2014,LNS,PA,AEA,EN,Federal Contract Tower,0,19,16,0,35,0,0,2,0,2,0,19,18,0,37,6,0,6,43
05/22/2014,LNS,PA,AEA,EN,Federal Contract Tower,0,11,31,0,42,0,0,68,6,74,0,11,99,6,116,60,6,66,182
05/23/2014,LNS,PA,AEA,EN,Federal Contract Tower,0,12,40,2,54,0,0,115,0,115,0,12,155,2,169,134,0,134,303
05/24/2014,LNS,PA,AEA,EN,Federal Contract Tower,0,4,30,0,34,0,0,125,0,125,0,4,155,0,159,238,0,238,397
05/25/2014,LNS,PA,AEA,EN,Federal Contract Tower,0,6,39,0,45,0,3,148,0,151,0,9,187,0,196,196,0,196,392
05/26/2014,LNS,PA,AEA,EN,Federal Contract Tower,0,10,25,0,35,0,0,133,0,133,0,10,158,0,168,108,0,108,276
05/27/2014,LNS,PA,AEA,EN,Federal Contract Tower,0,10,36,8,54,0,0,76,1,77,0,10,112,9,131,80,2,82,213
05/28/2014,LNS,PA,AEA,EN,Federal Contract Tower,0,15,34,0,49,0,1,32,2,35,0,16,66,2,84,86,4,90,174
05/29/2014,LNS,PA,AEA,EN,Federal Contract Tower,0,13,65,8,86,0,0,6,0,6,0,13,71,8,92,46,0,46,138
05/30/2014,LNS,PA,AEA,EN,Federal Contract Tower,0,14,58,2,74,0,0,122,0,122,0,14,180,2,196,122,16,138,334
05/31/2014,LNS,PA,AEA,EN,Federal Contract Tower,0,4,16,0,20,0,2,166,0,168,0,6,182,0,188,176,0,176,364
06/01/2014,LNS,PA,AEA,EN,Federal Contract Tower,0,7,33,1,41,0,0,166,0,166,0,7,199,1,207,90,2,92,299
06/02/2014,LNS,PA,AEA,EN,Federal Contract Tower,0,14,48,9,71,0,2,130,10,142,0,16,178,19,213,122,64,186,399
06/03/2014,LNS,PA,AEA,EN,Federal Contract Tower,0,15,18,8,41,0,0,89,10,99,0,15,107,18,140,154,26,180,320
06/04/2014,LNS,PA,AEA,EN,Federal Contract Tower,0,21,32,13,66,0,0,117,7,124,0,21,149,20,190,132,54,186,376
06/05/2014,LNS,PA,AEA,EN,Federal Contract Tower,0,16,33,2,51,0,2,85,5,92,0,18,118,7,143,54,8,62,205
06/06/2014,LNS,PA,AEA,EN,Federal Contract Tower,0,14,47,2,63,0,1,200,0,201,0,15,247,2,264,138,0,138,402
06/07/2014,LNS,PA,AEA,EN,Federal Contract Tower,1,7,27,4,39,0,0,211,4,215,1,7,238,8,254,202,6,208,462
06/08/2014,LNS,PA,AEA,EN,Federal Contract Tower,1,9,20,2,32,0,0,102,0,102,1,9,122,2,134,72,0,72,206
06/09/2014,LNS,PA,AEA,EN,Federal Contract Tower,0,15,27,4,46,0,0,32,4,36,0,15,59,8,82,128,0,128,210
06/10/2014,LNS,PA,AEA,EN,Federal Contract Tower,0,16,36,4,56,0,1,27,7,35,0,17,63,11,91,124,44,168,259
06/11/2014,LNS,PA,AEA,EN,Federal Contract Tower,0,10,40,1,51,0,0,1,0,1,0,10,41,1,52,4,0,4,56
06/12/2014,LNS,PA,AEA,EN,Federal Contract Tower,0,11,24,0,35,0,0,1,0,1,0,11,25,0,36,12,0,12,48
06/13/2014,LNS,PA,AEA,EN,Federal Contract Tower,0,13,32,0,45,0,0,21,2,23,0,13,53,2,68,24,12,36,104
06/14/2014,LNS,PA,AEA,EN,Federal Contract Tower,2,9,25,0,36,0,2,127,0,129,2,11,152,0,165,152,2,154,319
06/15/2014,LNS,PA,AEA,EN,Federal Contract Tower,0,13,28,0,41,0,3,173,0,176,0,16,201,0,217,148,0,148,365
06/16/2014,LNS,PA,AEA,EN,Federal Contract Tower,0,4,39,8,51,0,0,140,0,140,0,4,179,8,191,156,26,182,373
06/17/2014,LNS,PA,AEA,EN,Federal Contract Tower,0,10,38,9,57,0,0,112,3,115,0,10,150,12,172,68,34,102,274
06/18/2014,LNS,PA,AEA,EN,Federal Contract Tower,0,14,30,1,45,0,2,122,3,127,0,16,152,4,172,102,34,136,308
06/19/2014,LNS,PA,AEA,EN,Federal Contract Tower,0,12,27,2,41,0,0,69,1,70,0,12,96,3,111,100,2,102,213
06/20/2014,LNS,PA,AEA,EN,Federal Contract Tower,0,10,35,1,46,0,1,163,0,164,0,11,198,1,210,142,2,144,354
06/21/2014,LNS,PA,AEA,EN,Federal Contract Tower,0,4,18,0,22,0,6,118,0,124,0,10,136,0,146,126,0,126,272
06/22/2014,LNS,PA,AEA,EN,Federal Contract Tower,0,10,22,0,32,0,4,136,0,140,0,14,158,0,172,112,0,112,284
06/23/2014,LNS,PA,AEA,EN,Federal Contract Tower,0,11,23,9,43,0,4,88,7,99,0,15,111,16,142,72,16,88,230
06/24/2014,LNS,PA,AEA,EN,Federal Contract Tower,0,13,27,1,41,0,0,98,1,99,0,13,125,2,140,100,0,100,240
06/25/2014,LNS,PA,AEA,EN,Federal Contract Tower,0,14,15,2,31,0,0,40,0,40,0,14,55,2,71,68,0,68,139
06/26/2014,LNS,PA,AEA,EN,Federal Contract Tower,0,12,22,11,45,0,0,166,9,175,0,12,188,20,220,160,42,202,422
06/27/2014,LNS,PA,AEA,EN,Federal Contract Tower,0,12,33,0,45,0,0,124,0,124,0,12,157,0,169,128,0,128,297
06/28/2014,LNS,PA,AEA,EN,Federal Contract Tower,0,4,17,0,21,0,0,139,0,139,0,4,156,0,160,116,0,116,276
06/29/2014,LNS,PA,AEA,EN,Federal Contract Tower,0,11,25,0,36,0,2,140,0,142,0,13,165,0,178,68,0,68,246
06/30/2014,LNS,PA,AEA,EN,Federal Contract Tower,0,11,34,8,53,0,1,95,3,99,0,12,129,11,152,164,12,176,328
07/01/2014,LNS,PA,AEA,EN,Federal Contract Tower,0,13,22,2,37,0,0,90,0,90,0,13,112,2,127,92,6,98,225
07/02/2014,LNS,PA,AEA,EN,Federal Contract Tower,0,14,14,18,46,0,0,95,10,105,0,14,109,28,151,156,16,172,323
07/03/2014,LNS,PA,AEA,EN,Federal Contract Tower,0,11,41,3,55,0,0,61,2,63,0,11,102,5,118,122,6,128,246
07/04/2014,LNS,PA,AEA,EN,Federal Contract Tower,0,9,11,0,20,0,0,31,0,31,0,9,42,0,51,4,0,4,55
07/05/2014,LNS,PA,AEA,EN,Federal Contract Tower,0,6,28,0,34,0,0,176,0,176,0,6,204,0,210,184,0,184,394
07/06/2014,LNS,PA,AEA,EN,Federal Contract Tower,0,9,19,0,28,0,5,138,0,143,0,14,157,0,171,82,0,82,253
07/07/2014,LNS,PA,AEA,EN,Federal Contract Tower,0,15,13,0,28,0,0,90,0,90,0,15,103,0,118,76,0,76,194
07/08/2014,LNS,PA,AEA,EN,Federal Contract Tower,0,14,13,3,30,0,0,87,6,93,0,14,100,9,123,72,6,78,201
07/09/2014,LNS,PA,AEA,EN,Federal Contract Tower,0,8,35,2,45,0,0,111,5,116,0,8,146,7,161,174,20,194,355
07/10/2014,LNS,PA,AEA,EN,Federal Contract Tower,0,10,40,2,52,0,1,141,2,144,0,11,181,4,196,142,2,144,340
07/11/2014,LNS,PA,AEA,EN,Federal Contract Tower,0,12,54,5,71,0,1,145,1,147,0,13,199,6,218,202,34,236,454
07/12/2014,LNS,PA,AEA,EN,Federal Contract Tower,0,8,24,0,32,0,0,107,0,107,0,8,131,0,139,60,0,60,199
07/13/2014,LNS,PA,AEA,EN,Federal Contract Tower,0,10,22,0,32,0,0,51,0,51,0,10,73,0,83,30,0,30,113
07/14/2014,LNS,PA,AEA,EN,Federal Contract Tower,0,11,23,1,35,0,0,36,0,36,0,11,59,1,71,18,0,18,89
07/15/2014,LNS,PA,AEA,EN,Federal Contract Tower,0,11,21,2,34,0,0,15,0,15,0,11,36,2,49,52,0,52,101
07/16/2014,LNS,PA,AEA,EN,Federal Contract Tower,0,12,30,8,50,0,0,164,0,164,0,12,194,8,214,136,22,158,372
07/17/2014,LNS,PA,AEA,EN,Federal Contract Tower,0,9,34,11,54,0,2,143,10,155,0,11,177,21,209,130,42,172,381
07/18/2014,LNS,PA,AEA,EN,Federal Contract Tower,0,15,35,0,50,0,0,178,0,178,0,15,213,0,228,130,0,130,358
07/19/2014,LNS,PA,AEA,EN,Federal Contract Tower,0,6,38,0,44,0,0,147,0,147,0,6,185,0,191,64,0,64,255
07/20/2014,LNS,PA,AEA,EN,Federal Contract Tower,0,6,24,0,30,0,0,83,0,83,0,6,107,0,113,24,0,24,137
07/21/2014,LNS,PA,AEA,EN,Federal Contract Tower,0,11,39,2,52,0,0,118,1,119,0,11,157,3,171,54,18,72,243
07/22/2014,LNS,PA,AEA,EN,Federal Contract Tower,0,10,36,1,47,0,0,74,1,75,0,10,110,2,122,82,6,88,210
07/23/2014,LNS,PA,AEA,EN,Federal Contract Tower,0,10,23,10,43,0,0,86,1,87,0,10,109,11,130,96,44,140,270
07/24/2014,LNS,PA,AEA,EN,Federal Contract Tower,0,13,53,5,71,0,0,123,6,129,0,13,176,11,200,114,14,128,328
07/25/2014,LNS,PA,AEA,EN,Federal Contract Tower,0,12,37,6,55,0,1,184,2,187,0,13,221,8,242,128,0,128,370
07/26/2014,LNS,PA,AEA,EN,Federal Contract Tower,0,8,21,0,29,0,0,163,0,163,0,8,184,0,192,142,0,142,334
07/27/2014,LNS,PA,AEA,EN,Federal Contract Tower,0,7,13,0,20,0,0,64,0,64,0,7,77,0,84,64,0,64,148
07/28/2014,LNS,PA,AEA,EN,Federal Contract Tower,0,10,17,1,28,0,0,38,7,45,0,10,55,8,73,32,6,38,111
07/29/2014,LNS,PA,AEA,EN,Federal Contract Tower,0,13,22,9,44,0,0,148,8,156,0,13,170,17,200,52,28,80,280
07/30/2014,LNS,PA,AEA,EN,Federal Contract Tower,0,14,22,2,38,0,11,157,0,168,0,25,179,2,206,100,2,102,308
07/31/2014,LNS,PA,AEA,EN,Federal Contract Tower,0,12,29,4,45,0,0,125,2,127,0,12,154,6,172,116,12,128,300
08/01/2014,LNS,PA,AEA,EN,Federal Contract Tower,0,13,38,3,54,0,0,48,0,48,0,13,86,3,102,28,34,62,164
08/02/2014,LNS,PA,AEA,EN,Federal Contract Tower,0,11,32,0,43,0,0,57,0,57,0,11,89,0,100,34,0,34,134
08/03/2014,LNS,PA,AEA,EN,Federal Contract Tower,0,11,42,0,53,0,0,23,0,23,0,11,65,0,76,98,0,98,174
08/04/2014,LNS,PA,AEA,EN,Federal Contract Tower,0,12,36,7,55,0,0,83,0,83,0,12,119,7,138,86,6,92,230
08/05/2014,LNS,PA,AEA,EN,Federal Contract Tower,0,11,27,0,38,0,0,114,6,120,0,11,141,6,158,128,16,144,302
08/06/2014,LNS,PA,AEA,EN,Federal Contract Tower,0,12,36,0,48,0,0,65,0,65,0,12,101,0,113,20,0,20,133
08/07/2014,LNS,PA,AEA,EN,Federal Contract Tower,0,9,28,0,37,0,0,140,2,142,0,9,168,2,179,116,0,116,295
08/08/2014,LNS,PA,AEA,EN,Federal Contract Tower,0,10,42,3,55,0,3,150,0,153,0,13,192,3,208,76,0,76,284
08/09/2014,LNS,PA,AEA,EN,Federal Contract Tower,0,7,28,0,35,0,1,168,4,173,0,8,196,4,208,86,0,86,294
08/10/2014,LNS,PA,AEA,EN,Federal Contract Tower,0,13,50,0,63,0,0,146,0,146,0,13,196,0,209,58,0,58,267
08/11/2014,LNS,PA,AEA,EN,Federal Contract Tower,0,14,38,3,55,0,3,123,0,126,0,17,161,3,181,118,0,118,299
08/12/2014,LNS,PA,AEA,EN,Federal Contract Tower,0,10,25,1,36,0,0,4,0,4,0,10,29,1,40,0,2,2,42
08/13/2014,LNS,PA,AEA,EN,Federal Contract Tower,0,10,22,2,34,0,0,50,4,54,0,10,72,6,88,68,18,86,174
08/14/2014,LNS,PA,AEA,EN,Federal Contract Tower,0,10,30,3,43,0,4,154,1,159,0,14,184,4,202,102,34,136,338
08/15/2014,LNS,PA,AEA,EN,Federal Contract Tower,0,16,50,5,71,0,1,137,2,140,0,17,187,7,211,160,20,180,391
08/16/2014,LNS,PA,AEA,EN,Federal Contract Tower,0,9,22,0,31,0,5,141,0,146,0,14,163,0,177,82,0,82,259
08/17/2014,LNS,PA,AEA,EN,Federal Contract Tower,0,14,20,1,35,0,5,76,0,81,0,19,96,1,116,86,2,88,204
08/18/2014,LNS,PA,AEA,EN,Federal Contract Tower,0,21,23,0,44,0,4,84,0,88,0,25,107,0,132,58,0,58,190
08/19/2014,LNS,PA,AEA,EN,Federal Contract Tower,0,12,31,10,53,0,1,124,10,135,0,13,155,20,188,110,20,130,318
08/20/2014,LNS,PA,AEA,EN,Federal Contract Tower,0,11,24,2,37,0,0,109,2,111,0,11,133,4,148,90,8,98,246
08/21/2014,LNS,PA,AEA,EN,Federal Contract Tower,0,11,38,3,52,0,0,37,3,40,0,11,75,6,92,40,46,86,178
08/22/2014,LNS,PA,AEA,EN,Federal Contract Tower,0,11,57,14,82,0,0,9,3,12,0,11,66,17,94,8,2,10,104
08/23/2014,LNS,PA,AEA,EN,Federal Contract Tower,0,6,28,0,34,0,0,21,0,21,0,6,49,0,55,106,0,106,161
08/24/2014,LNS,PA,AEA,EN,Federal Contract Tower,0,7,55,0,62,0,0,149,0,149,0,7,204,0,211,192,0,192,403
08/25/2014,LNS,PA,AEA,EN,Federal Contract Tower,0,10,34,5,49,0,1,131,1,133,0,11,165,6,182,134,6,140,322
08/26/2014,LNS,PA,AEA,EN,Federal Contract Tower,0,12,28,11,51,0,0,137,5,142,0,12,165,16,193,44,16,60,253
08/27/2014,LNS,PA,AEA,EN,Federal Contract Tower,0,11,23,2,36,0,2,125,6,133,0,13,148,8,169,126,4,130,299
08/28/2014,LNS,PA,AEA,EN,Federal Contract Tower,0,18,18,8,44,0,0,95,2,97,0,18,113,10,141,54,4,58,199
08/29/2014,LNS,PA,AEA,EN,Federal Contract Tower,0,12,27,1,40,0,2,170,1,173,0,14,197,2,213,118,34,152,365
08/30/2014,LNS,PA,AEA,EN,Federal Contract Tower,0,5,46,0,51,0,0,103,0,103,0,5,149,0,154,144,0,144,298
08/31/2014,LNS,PA,AEA,EN,Federal Contract Tower,0,7,11,0,18,0,0,25,0,25,0,7,36,0,43,56,0,56,99
09/01/2014,LNS,PA,AEA,EN,Federal Contract Tower,0,12,35,0,47,0,0,32,0,32,0,12,67,0,79,56,0,56,135
09/02/2014,LNS,PA,AEA,EN,Federal Contract Tower,0,10,15,3,28,0,0,68,4,72,0,10,83,7,100,80,16,96,196
09/03/2014,LNS,PA,AEA,EN,Federal Contract Tower,0,7,21,5,33,0,1,99,1,101,0,8,120,6,134,132,8,140,274
09/04/2014,LNS,PA,AEA,EN,Federal Contract Tower,0,9,20,4,33,0,1,121,3,125,0,10,141,7,158,64,36,100,258
09/05/2014,LNS,PA,AEA,EN,Federal Contract Tower,0,10,46,8,64,0,0,28,0,28,0,10,74,8,92,8,8,16,108
09/06/2014,LNS,PA,AEA,EN,Federal Contract Tower,0,4,18,0,22,0,0,28,0,28,0,4,46,0,50,28,0,28,78
09/07/2014,LNS,PA,AEA,EN,Federal Contract Tower,0,8,26,0,34,0,2,187,0,189,0,10,213,0,223,182,0,182,405
09/08/2014,LNS,PA,AEA,EN,Federal Contract Tower,0,12,23,5,40,0,0,72,0,72,0,12,95,5,112,80,2,82,194
09/09/2014,LNS,PA,AEA,EN,Federal Contract Tower,0,11,35,9,55,0,1,68,4,73,0,12,103,13,128,138,4,142,270
09/10/2014,LNS,PA,AEA,EN,Federal Contract Tower,0,13,36,10,59,0,0,97,2,99,0,13,133,12,158,68,0,68,226
09/11/2014,LNS,PA,AEA,EN,Federal Contract Tower,0,12,27,3,42,0,0,68,0,68,0,12,95,3,110,124,4,128,238
09/12/2014,LNS,PA,AEA,EN,Federal Contract Tower,0,10,52,6,68,0,0,146,1,147,0,10,198,7,215,142,0,142,357
09/13/2014,LNS,PA,AEA,EN,Federal Contract Tower,0,5,27,0,32,0,0,11,0,11,0,5,38,0,43,32,0,32,75
09/14/2014,LNS,PA,AEA,EN,Federal Contract Tower,0,5,29,0,34,0,0,140,0,140,0,5,169,0,174,82,0,82,256
09/15/2014,LNS,PA,AEA,EN,Federal Contract Tower,0,10,19,0,29,0,0,120,2,122,0,10,139,2,151,56,0,56,207
09/16/2014,LNS,PA,AEA,EN,Federal Contract Tower,0,11,32,0,43,0,0,56,0,56,0,11,88,0,99,28,0,28,127
09/17/2014,LNS,PA,AEA,EN,Federal Contract Tower,0,10,26,0,36,0,0,150,8,158,0,10,176,8,194,126,0,126,320
09/18/2014,LNS,PA,AEA,EN,Federal Contract Tower,0,12,51,1,64,0,0,128,8,136,0,12,179,9,200,108,6,114,314
09/19/2014,LNS,PA,AEA,EN,Federal Contract Tower,0,14,40,2,56,0,0,150,4,154,0,14,190,6,210,110,6,116,326
09/20/2014,LNS,PA,AEA,EN,Federal Contract Tower,0,6,20,0,26,0,0,92,0,92,0,6,112,0,118,84,0,84,202
09/21/2014,LNS,PA,AEA,EN,Federal Contract Tower,0,9,16,0,25,0,0,66,0,66,0,9,82,0,91,22,0,22,113
09/22/2014,LNS,PA,AEA,EN,Federal Contract Tower,0,13,19,2,34,0,3,55,0,58,0,16,74,2,92,118,4,122,214
09/23/2014,LNS,PA,AEA,EN,Federal Contract Tower,0,16,48,4,68,0,3,141,0,144,0,19,189,4,212,106,0,106,318
09/24/2014,LNS,PA,AEA,EN,Federal Contract Tower,0,19,29,1,49,0,5,87,12,104,0,24,116,13,153,52,10,62,215
09/25/2014,LNS,PA,AEA,EN,Federal Contract Tower,0,13,49,3,65,0,0,18,0,18,0,13,67,3,83,12,4,16,99
09/26/2014,LNS,PA,AEA,EN,Federal Contract Tower,0,19,31,0,50,0,14,162,0,176,0,33,193,0,226,100,0,100,326
09/27/2014,LNS,PA,AEA,EN,Federal Contract Tower,0,8,15,0,23,0,13,168,2,183,0,21,183,2,206,96,0,96,302
09/28/2014,LNS,PA,AEA,EN,Federal Contract Tower,0,9,25,0,34,0,8,173,0,181,0,17,198,0,215,140,0,140,355
09/29/2014,LNS,PA,AEA,EN,Federal Contract Tower,0,16,32,6,54,0,2,71,4,77,0,18,103,10,131,64,0,64,195
09/30/2014,LNS,PA,AEA,EN,Federal Contract Tower,0,12,15,0,27,0,0,53,0,53,0,12,68,0,80,86,0,86,166
10/01/2014,LNS,PA,AEA,EN,Federal Contract Tower,0,14,44,0,58,0,0,56,2,58,0,14,100,2,116,82,8,90,206
10/02/2014,LNS,PA,AEA,EN,Federal Contract Tower,0,12,51,5,68,0,0,105,1,106,0,12,156,6,174,148,20,168,342
10/03/2014,LNS,PA,AEA,EN,Federal Contract Tower,0,18,52,0,70,0,0,70,0,70,0,18,122,0,140,70,0,70,210
10/04/2014,LNS,PA,AEA,EN,Federal Contract Tower,0,7,13,0,20,0,0,54,4,58,0,7,67,4,78,66,0,66,144
10/05/2014,LNS,PA,AEA,EN,Federal Contract Tower,0,6,19,0,25,0,0,156,0,156,0,6,175,0,181,36,0,36,217
10/06/2014,LNS,PA,AEA,EN,Federal Contract Tower,0,12,29,4,45,0,0,69,5,74,0,12,98,9,119,44,8,52,171
10/07/2014,LNS,PA,AEA,EN,Federal Contract Tower,0,9,23,2,34,0,0,67,0,67,0,9,90,2,101,112,4,116,217
10/08/2014,LNS,PA,AEA,EN,Federal Contract Tower,0,12,28,5,45,0,0,102,8,110,0,12,130,13,155,198,14,212,367
10/09/2014,LNS,PA,AEA,EN,Federal Contract Tower,0,11,41,3,55,0,1,125,6,132,0,12,166,9,187,98,80,178,365
10/10/2014,LNS,PA,AEA,EN,Federal Contract Tower,0,16,45,0,61,0,4,90,0,94,0,20,135,0,155,66,0,66,221
10/11/2014,LNS,PA,AEA,EN,Federal Contract Tower,0,8,46,0,54,0,0,12,0,12,0,8,58,0,66,26,0,26,92
10/12/2014,LNS,PA,AEA,EN,Federal Contract Tower,0,9,14,0,23,0,3,223,0,226,0,12,237,0,249,38,0,38,287
10/13/2014,LNS,PA,AEA,EN,Federal Contract Tower,0,16,44,0,60,0,0,15,0,15,0,16,59,0,75,16,0,16,91
10/14/2014,LNS,PA,AEA,EN,Federal Contract Tower,0,15,46,0,61,0,0,35,2,37,0,15,81,2,98,56,34,90,188
10/15/2014,LNS,PA,AEA,EN,Federal Contract Tower,0,8,13,0,21,0,0,0,0,0,0,8,13,0,21,0,0,0,21
10/16/2014,LNS,PA,AEA,EN,Federal Contract Tower,0,28,37,7,72,0,4,39,1,44,0,32,76,8,116,146,18,164,280
10/17/2014,LNS,PA,AEA,EN,Federal Contract Tower,0,11,49,8,68,0,0,187,0,187,0,11,236,8,255,123,0,123,378
10/18/2014,LNS,PA,AEA,EN,Federal Contract Tower,0,8,23,0,31,0,0,77,2,79,0,8,100,2,110,64,0,64,174
10/19/2014,LNS,PA,AEA,EN,Federal Contract Tower,0,9,18,0,27,0,0,63,0,63,0,9,81,0,90,34,0,34,124
10/20/2014,LNS,PA,AEA,EN,Federal Contract Tower,0,14,33,0,47,0,0,157,9,166,0,14,190,9,213,90,34,124,337
10/21/2014,LNS,PA,AEA,EN,Federal Contract Tower,0,11,20,15,46,0,0,69,6,75,0,11,89,21,121,52,27,79,200
10/22/2014,LNS,PA,AEA,EN,Federal Contract Tower,0,13,36,4,53,0,0,8,2,10,0,13,44,6,63,60,30,90,153
10/23/2014,LNS,PA,AEA,EN,Federal Contract Tower,0,11,15,0,26,0,0,38,0,38,0,11,53,0,64,126,0,126,190
10/24/2014,LNS,PA,AEA,EN,Federal Contract Tower,0,13,41,2,56,0,0,92,3,95,0,13,133,5,151,78,38,116,267
10/25/2014,LNS,PA,AEA,EN,Federal Contract Tower,0,16,20,0,36,0,3,142,0,145,0,19,162,0,181,126,0,126,307
10/26/2014,LNS,PA,AEA,EN,Federal Contract Tower,1,9,9,0,19,0,0,61,0,61,1,9,70,0,80,70,0,70,150
10/27/2014,LNS,PA,AEA,EN,Federal Contract Tower,0,14,30,0,44,0,8,123,0,131,0,22,153,0,175,98,0,98,273
10/28/2014,LNS,PA,AEA,EN,Federal Contract Tower,0,16,13,9,38,0,4,139,1,144,0,20,152,10,182,116,18,134,316
10/29/2014,LNS,PA,AEA,EN,Federal Contract Tower,0,13,25,3,41,0,4,40,0,44,0,17,65,3,85,62,0,62,147
10/30/2014,LNS,PA,AEA,EN,Federal Contract Tower,0,13,48,5,66,0,1,138,1,140,0,14,186,6,206,116,12,128,334
10/31/2014,LNS,PA,AEA,EN,Federal Contract Tower,0,13,49,1,63,0,4,115,3,122,0,17,164,4,185,178,14,192,377
11/01/2014,LNS,PA,AEA,EN,Federal Contract Tower,2,4,5,0,11,0,0,11,0,11,2,4,16,0,22,102,0,102,124
11/02/2014,LNS,PA,AEA,EN,Federal Contract Tower,0,8,15,0,23,0,0,8,0,8,0,8,23,0,31,16,0,16,47
11/03/2014,LNS,PA,AEA,EN,Federal Contract Tower,0,12,28,2,42,0,0,77,4,81,0,12,105,6,123,44,0,44,167
11/04/2014,LNS,PA,AEA,EN,Federal Contract Tower,0,10,30,3,43,0,0,174,2,176,0,10,204,5,219,154,4,158,377
11/05/2014,LNS,PA,AEA,EN,Federal Contract Tower,0,19,14,9,42,0,0,122,5,127,0,19,136,14,169,120,28,148,317
11/06/2014,LNS,PA,AEA,EN,Federal Contract Tower,0,15,25,2,42,0,0,0,0,0,0,15,25,2,42,2,0,2,44
11/07/2014,LNS,PA,AEA,EN,Federal Contract Tower,0,11,25,1,37,0,0,50,2,52,0,11,75,3,89,58,6,64,153
11/08/2014,LNS,PA,AEA,EN,Federal Contract Tower,0,4,24,0,28,0,0,179,0,179,0,4,203,0,207,126,0,126,333
11/09/2014,LNS,PA,AEA,EN,Federal Contract Tower,0,7,20,0,27,0,3,122,0,125,0,10,142,0,152,54,0,54,206
11/10/2014,LNS,PA,AEA,EN,Federal Contract Tower,0,12,26,3,41,6,92,1,0,99,6,104,27,3,140,46,6,52,192
11/11/2014,LNS,PA,AEA,EN,Federal Contract Tower,0,17,34,0,51,0,2,44,0,46,0,19,78,0,97,54,0,54,151
11/12/2014,LNS,PA,AEA,EN,Federal Contract Tower,0,13,24,2,39,0,6,57,3,66,0,19,81,5,105,36,10,46,151
11/13/2014,LNS,PA,AEA,EN,Federal Contract Tower,0,15,22,2,39,0,4,99,0,103,0,19,121,2,142,74,2,76,218
11/14/2014,LNS,PA,AEA,EN,Federal Contract Tower,0,21,49,1,71,0,3,73,0,76,0,24,122,1,147,116,2,118,265
11/15/2014,LNS,PA,AEA,EN,Federal Contract Tower,0,12,30,2,44,0,2,175,0,177,0,14,205,2,221,138,0,138,359
11/16/2014,LNS,PA,AEA,EN,Federal Contract Tower,0,6,19,0,25,0,1,69,0,70,0,7,88,0,95,150,0,150,245
11/17/2014,LNS,PA,AEA,EN,Federal Contract Tower,0,4,4,0,8,0,0,0,0,0,0,4,4,0,8,0,0,0,8
11/18/2014,LNS,PA,AEA,EN,Federal Contract Tower,0,12,10,0,22,0,2,20,1,23,0,14,30,1,45,4,12,16,61
11/19/2014,LNS,PA,AEA,EN,Federal Contract Tower,0,10,20,4,34,0,0,96,6,102,0,10,116,10,136,68,10,78,214
11/20/2014,LNS,PA,AEA,EN,Federal Contract Tower,0,11,30,2,43,0,0,79,2,81,0,11,109,4,124,82,12,94,218
11/21/2014,LNS,PA,AEA,EN,Federal Contract Tower,0,14,38,2,54,0,0,103,3,106,0,14,141,5,160,114,16,130,290
11/22/2014,LNS,PA,AEA,EN,Federal Contract Tower,0,5,16,0,21,0,2,153,0,155,0,7,169,0,176,84,0,84,260
11/23/2014,LNS,PA,AEA,EN,Federal Contract Tower,0,6,42,2,50,0,2,164,0,166,0,8,206,2,216,146,0,146,362
11/24/2014,LNS,PA,AEA,EN,Federal Contract Tower,0,17,10,2,29,0,4,24,5,33,0,21,34,7,62,40,0,40,102
11/25/2014,LNS,PA,AEA,EN,Federal Contract Tower,0,14,28,3,45,0,0,134,1,135,0,14,162,4,180,208,2,210,390
11/26/2014,LNS,PA,AEA,EN,Federal Contract Tower,0,2,3,0,5,0,0,0,0,0,0,2,3,0,5,0,0,0,5
11/27/2014,LNS,PA,AEA,EN,Federal Contract Tower,0,14,1,0,15,0,9,30,0,39,0,23,31,0,54,58,0,58,112
11/28/2014,LNS,PA,AEA,EN,Federal Contract Tower,0,12,19,0,31,0,7,67,2,76,0,19,86,2,107,66,2,68,175
11/29/2014,LNS,PA,AEA,EN,Federal Contract Tower,1,13,19,0,33,0,5,117,0,122,1,18,136,0,155,182,0,182,337
11/30/2014,LNS,PA,AEA,EN,Federal Contract Tower,1,17,11,0,29,0,2,63,0,65,1,19,74,0,94,72,0,72,166
12/01/2014,LNS,PA,AEA,EN,Federal Contract Tower,0,10,25,0,35,0,0,58,0,58,0,10,83,0,93,70,0,70,163
12/02/2014,LNS,PA,AEA,EN,Federal Contract Tower,0,7,13,1,21,0,0,11,0,11,0,7,24,1,32,8,2,10,42
12/03/2014,LNS,PA,AEA,EN,Federal Contract Tower,0,10,33,3,46,0,0,2,2,4,0,10,35,5,50,10,2,12,62
12/04/2014,LNS,PA,AEA,EN,Federal Contract Tower,0,7,53,2,62,0,0,194,7,201,0,7,247,9,263,138,0,138,401
12/05/2014,LNS,PA,AEA,EN,Federal Contract Tower,0,7,15,0,22,0,0,50,2,52,0,7,65,2,74,82,0,82,156
12/06/2014,LNS,PA,AEA,EN,Federal Contract Tower,2,1,14,0,17,0,0,0,0,0,2,1,14,0,17,0,0,0,17
12/07/2014,LNS,PA,AEA,EN,Federal Contract Tower,0,1,19,0,20,0,0,68,0,68,0,1,87,0,88,22,0,22,110
12/08/2014,LNS,PA,AEA,EN,Federal Contract Tower,0,0,0,0,0,0,0,0,0,0,0,0,0,0,0,0,0,0,0
12/09/2014,LNS,PA,AEA,EN,Federal Contract Tower,0,0,0,0,0,0,0,0,0,0,0,0,0,0,0,0,0,0,0
12/10/2014,LNS,PA,AEA,EN,Federal Contract Tower,0,0,0,0,0,0,0,0,0,0,0,0,0,0,0,0,0,0,0
12/11/2014,LNS,PA,AEA,EN,Federal Contract Tower,0,3,10,0,13,0,0,15,0,15,0,3,25,0,28,30,0,30,58
12/12/2014,LNS,PA,AEA,EN,Federal Contract Tower,0,7,27,2,36,0,0,86,2,88,0,7,113,4,124,132,0,132,256
12/13/2014,LNS,PA,AEA,EN,Federal Contract Tower,0,0,33,0,33,0,0,105,0,105,0,0,138,0,138,98,0,98,236
12/14/2014,LNS,PA,AEA,EN,Federal Contract Tower,0,4,19,2,25,0,1,60,0,61,0,5,79,2,86,100,2,102,188
12/15/2014,LNS,PA,AEA,EN,Federal Contract Tower,0,8,40,6,54,0,0,52,0,52,0,8,92,6,106,126,10,136,242
12/16/2014,LNS,PA,AEA,EN,Federal Contract Tower,0,13,10,0,23,0,0,0,0,0,0,13,10,0,23,0,0,0,23
12/17/2014,LNS,PA,AEA,EN,Federal Contract Tower,0,9,24,1,34,0,0,96,2,98,0,9,120,3,132,64,0,64,196
12/18/2014,LNS,PA,AEA,EN,Federal Contract Tower,0,6,33,1,40,0,0,78,5,83,0,6,111,6,123,78,2,80,203
12/19/2014,LNS,PA,AEA,EN,Federal Contract Tower,0,11,38,1,50,0,1,121,0,122,0,12,159,1,172,102,0,102,274
12/20/2014,LNS,PA,AEA,EN,Federal Contract Tower,0,1,26,0,27,0,0,128,0,128,0,1,154,0,155,138,0,138,293
12/21/2014,LNS,PA,AEA,EN,Federal Contract Tower,0,6,18,0,24,0,0,87,0,87,0,6,105,0,111,106,0,106,217
12/22/2014,LNS,PA,AEA,EN,Federal Contract Tower,0,6,26,4,36,0,0,44,0,44,0,6,70,4,80,46,10,56,136
12/23/2014,LNS,PA,AEA,EN,Federal Contract Tower,0,3,20,0,23,0,0,0,0,0,0,3,20,0,23,0,0,0,23
12/24/2014,LNS,PA,AEA,EN,Federal Contract Tower,0,5,8,0,13,0,0,0,0,0,0,5,8,0,13,2,0,2,15
12/25/2014,LNS,PA,AEA,EN,Federal Contract Tower,0,8,10,0,18,0,0,12,0,12,0,8,22,0,30,6,0,6,36
12/26/2014,LNS,PA,AEA,EN,Federal Contract Tower,0,9,33,0,42,0,1,192,0,193,0,10,225,0,235,132,0,132,367
12/27/2014,LNS,PA,AEA,EN,Federal Contract Tower,0,4,30,0,34,0,0,210,0,210,0,4,240,0,244,110,0,110,354
12/28/2014,LNS,PA,AEA,EN,Federal Contract Tower,0,10,18,0,28,0,0,35,0,35,0,10,53,0,63,44,0,44,107
12/29/2014,LNS,PA,AEA,EN,Federal Contract Tower,0,11,23,1,35,0,0,138,0,138,0,11,161,1,173,142,2,144,317
12/30/2014,LNS,PA,AEA,EN,Federal Contract Tower,0,15,23,1,39,0,0,117,0,117,0,15,140,1,156,148,8,156,312
12/31/2014,LNS,PA,AEA,EN,Federal Contract Tower,0,3,20,0,23,0,2,70,0,72,0,5,90,0,95,54,0,54,149
01/01/2015,LNS,PA,AEA,EN,Federal Contract Tower,0,4,11,0,15,0,0,54,0,54,0,4,65,0,69,56,0,56,125
01/02/2015,LNS,PA,AEA,EN,Federal Contract Tower,0,15,19,0,34,0,0,136,2,138,0,15,155,2,172,122,0,122,294
01/03/2015,LNS,PA,AEA,EN,Federal Contract Tower,0,1,1,0,2,0,0,8,0,8,0,1,9,0,10,8,0,8,18
01/04/2015,LNS,PA,AEA,EN,Federal Contract Tower,0,10,19,0,29,0,0,3,0,3,0,10,22,0,32,16,0,16,48
01/05/2015,LNS,PA,AEA,EN,Federal Contract Tower,0,10,10,2,22,0,0,35,0,35,0,10,45,2,57,20,0,20,77
01/06/2015,LNS,PA,AEA,EN,Federal Contract Tower,0,3,2,2,7,0,0,0,2,2,0,3,2,4,9,0,34,34,43
01/07/2015,LNS,PA,AEA,EN,Federal Contract Tower,0,5,8,4,17,0,0,26,6,32,0,5,34,10,49,22,8,30,79
01/08/2015,LNS,PA,AEA,EN,Federal Contract Tower,0,9,29,0,38,0,0,112,0,112,0,9,141,0,150,186,10,196,346
01/09/2015,LNS,PA,AEA,EN,Federal Contract Tower,0,9,24,0,33,0,0,75,0,75,0,9,99,0,108,74,0,74,182
01/10/2015,LNS,PA,AEA,EN,Federal Contract Tower,0,1,12,0,13,0,0,86,0,86,0,1,98,0,99,52,0,52,151
01/11/2015,LNS,PA,AEA,EN,Federal Contract Tower,0,10,23,0,33,0,8,143,0,151,0,18,166,0,184,188,0,188,372
01/12/2015,LNS,PA,AEA,EN,Federal Contract Tower,0,6,4,0,10,0,0,0,0,0,0,6,4,0,10,0,0,0,10
01/13/2015,LNS,PA,AEA,EN,Federal Contract Tower,0,10,27,1,38,0,0,108,0,108,0,10,135,1,146,158,2,160,306
01/14/2015,LNS,PA,AEA,EN,Federal Contract Tower,0,11,22,9,42,0,0,77,6,83,0,11,99,15,125,128,22,150,275
01/15/2015,LNS,PA,AEA,EN,Federal Contract Tower,0,6,17,6,29,0,0,119,2,121,0,6,136,8,150,162,24,186,336
01/16/2015,LNS,PA,AEA,EN,Federal Contract Tower,0,8,19,1,28,0,0,62,0,62,0,8,81,1,90,80,2,82,172
01/17/2015,LNS,PA,AEA,EN,Federal Contract Tower,0,1,30,0,31,0,0,233,0,233,0,1,263,0,264,138,0,138,402
01/18/2015,LNS,PA,AEA,EN,Federal Contract Tower,0,4,4,0,8,0,0,0,0,0,0,4,4,0,8,0,0,0,8
01/19/2015,LNS,PA,AEA,EN,Federal Contract Tower,0,10,20,0,30,0,10,93,0,103,0,20,113,0,133,82,0,82,215
01/20/2015,LNS,PA,AEA,EN,Federal Contract Tower,0,7,21,2,30,0,6,108,0,114,0,13,129,2,144,158,0,158,302
01/21/2015,LNS,PA,AEA,EN,Federal Contract Tower,0,7,6,0,13,0,0,12,0,12,0,7,18,0,25,36,0,36,61
01/22/2015,LNS,PA,AEA,EN,Federal Contract Tower,0,7,22,4,33,0,0,40,2,42,0,7,62,6,75,64,0,64,139
01/23/2015,LNS,PA,AEA,EN,Federal Contract Tower,0,13,36,7,56,0,0,188,2,190,0,13,224,9,246,202,8,210,456
01/24/2015,LNS,PA,AEA,EN,Federal Contract Tower,0,1,2,0,3,0,0,7,2,9,0,1,9,2,12,20,20,40,52
01/25/2015,LNS,PA,AEA,EN,Federal Contract Tower,0,2,13,0,15,0,5,98,2,105,0,7,111,2,120,146,0,146,266
01/26/2015,LNS,PA,AEA,EN,Federal Contract Tower,0,0,3,0,3,0,0,0,0,0,0,0,3,0,3,0,0,0,3
01/27/2015,LNS,PA,AEA,EN,Federal Contract Tower,0,8,10,6,24,0,3,45,2,50,0,11,55,8,74,66,4,70,144
01/28/2015,LNS,PA,AEA,EN,Federal Contract Tower,0,9,15,3,27,0,2,75,0,77,0,11,90,3,104,106,2,108,212
01/29/2015,LNS,PA,AEA,EN,Federal Contract Tower,0,11,27,1,39,0,0,70,1,71,0,11,97,2,110,100,24,124,234
01/30/2015,LNS,PA,AEA,EN,Federal Contract Tower,0,11,21,2,34,0,5,44,2,51,0,16,65,4,85,10,4,14,99
01/31/2015,LNS,PA,AEA,EN,Federal Contract Tower,0,3,17,0,20,0,0,82,0,82,0,3,99,0,102,44,0,44,146
02/01/2015,LNS,PA,AEA,EN,Federal Contract Tower,0,9,8,0,17,0,0,13,0,13,0,9,21,0,30,22,0,22,52
02/02/2015,LNS,PA,AEA,EN,Federal Contract Tower,0,5,3,0,8,0,0,2,0,2,0,5,5,0,10,0,0,0,10
02/03/2015,LNS,PA,AEA,EN,Federal Contract Tower,0,8,36,0,44,0,7,104,1,112,0,15,140,1,156,136,2,138,294
02/04/2015,LNS,PA,AEA,EN,Federal Contract Tower,0,14,24,16,54,0,3,104,2,109,0,17,128,18,163,174,14,188,351
02/05/2015,LNS,PA,AEA,EN,Federal Contract Tower,0,16,13,5,34,0,0,23,2,25,0,16,36,7,59,30,38,68,127
02/06/2015,LNS,PA,AEA,EN,Federal Contract Tower,0,9,35,10,54,0,0,91,7,98,0,9,126,17,152,86,18,104,256
02/07/2015,LNS,PA,AEA,EN,Federal Contract Tower,0,6,41,0,47,0,5,224,2,231,0,11,265,2,278,170,6,176,454
02/08/2015,LNS,PA,AEA,EN,Federal Contract Tower,0,12,14,1,27,0,8,71,2,81,0,20,85,3,108,84,2,86,194
02/09/2015,LNS,PA,AEA,EN,Federal Contract Tower,0,6,3,0,9,0,0,0,0,0,0,6,3,0,9,0,0,0,9
02/10/2015,LNS,PA,AEA,EN,Federal Contract Tower,0,7,12,1,20,0,0,28,5,33,0,7,40,6,53,8,6,14,67
02/11/2015,LNS,PA,AEA,EN,Federal Contract Tower,0,10,34,4,48,0,6,137,5,148,0,16,171,9,196,160,2,162,358
02/12/2015,LNS,PA,AEA,EN,Federal Contract Tower,0,9,15,0,24,0,1,20,2,23,0,10,35,2,47,32,4,36,83
02/13/2015,LNS,PA,AEA,EN,Federal Contract Tower,0,11,16,0,27,0,1,74,0,75,0,12,90,0,102,62,0,62,164
02/14/2015,LNS,PA,AEA,EN,Federal Contract Tower,0,2,10,3,15,0,0,27,0,27,0,2,37,3,42,68,4,72,114
02/15/2015,LNS,PA,AEA,EN,Federal Contract Tower,0,0,3,0,3,0,0,5,0,5,0,0,8,0,8,0,0,0,8
02/16/2015,LNS,PA,AEA,EN,Federal Contract Tower,0,6,21,0,27,0,1,48,0,49,0,7,69,0,76,46,0,46,122
02/17/2015,LNS,PA,AEA,EN,Federal Contract Tower,0,10,8,0,18,0,3,48,1,52,0,13,56,1,70,30,4,34,104
02/18/2015,LNS,PA,AEA,EN,Federal Contract Tower,0,7,12,3,22,0,0,50,6,56,0,7,62,9,78,76,0,76,154
02/19/2015,LNS,PA,AEA,EN,Federal Contract Tower,0,3,12,3,18,0,0,29,8,37,0,3,41,11,55,28,30,58,113
02/20/2015,LNS,PA,AEA,EN,Federal Contract Tower,0,8,25,0,33,0,0,36,0,36,0,8,61,0,69,56,0,56,125
02/21/2015,LNS,PA,AEA,EN,Federal Contract Tower,0,0,6,0,6,0,0,5,0,5,0,0,11,0,11,14,0,14,25
02/22/2015,LNS,PA,AEA,EN,Federal Contract Tower,0,5,9,0,14,0,2,77,0,79,0,7,86,0,93,70,0,70,163
02/23/2015,LNS,PA,AEA,EN,Federal Contract Tower,0,8,12,5,25,0,1,41,0,42,0,9,53,5,67,64,2,66,133
02/24/2015,LNS,PA,AEA,EN,Federal Contract Tower,0,12,8,5,25,0,7,66,2,75,0,19,74,7,100,76,14,90,190
02/25/2015,LNS,PA,AEA,EN,Federal Contract Tower,0,7,35,6,48,0,0,118,1,119,0,7,153,7,167,118,14,132,299
02/26/2015,LNS,PA,AEA,EN,Federal Contract Tower,0,4,13,4,21,0,0,58,2,60,0,4,71,6,81,66,8,74,155
02/27/2015,LNS,PA,AEA,EN,Federal Contract Tower,0,6,26,3,35,0,0,93,4,97,0,6,119,7,132,154,16,170,302
02/28/2015,LNS,PA,AEA,EN,Federal Contract Tower,0,1,47,0,48,0,2,127,0,129,0,3,174,0,177,114,0,114,291
03/01/2015,LNS,PA,AEA,EN,Federal Contract Tower,0,0,4,0,4,0,0,2,0,2,0,0,6,0,6,12,0,12,18
03/02/2015,LNS,PA,AEA,EN,Federal Contract Tower,0,11,25,3,39,0,0,33,0,33,0,11,58,3,72,50,2,52,124
03/03/2015,LNS,PA,AEA,EN,Federal Contract Tower,0,6,8,1,15,0,0,27,0,27,0,6,35,1,42,70,4,74,116
03/04/2015,LNS,PA,AEA,EN,Federal Contract Tower,0,4,19,5,28,0,0,0,0,0,0,4,19,5,28,0,6,6,34
03/05/2015,LNS,PA,AEA,EN,Federal Contract Tower,0,0,1,0,1,0,0,1,0,1,0,0,2,0,2,0,0,0,2
03/06/2015,LNS,PA,AEA,EN,Federal Contract Tower,0,6,21,5,32,0,0,97,0,97,0,6,118,5,129,106,0,106,235
03/07/2015,LNS,PA,AEA,EN,Federal Contract Tower,0,6,31,2,39,0,3,132,2,137,0,9,163,4,176,170,4,174,350
03/08/2015,LNS,PA,AEA,EN,Federal Contract Tower,0,4,29,0,33,0,2,84,0,86,0,6,113,0,119,74,0,74,193
03/09/2015,LNS,PA,AEA,EN,Federal Contract Tower,0,9,18,11,38,0,0,117,5,122,0,9,135,16,160,98,30,128,288
03/10/2015,LNS,PA,AEA,EN,Federal Contract Tower,0,9,35,13,57,0,1,25,2,28,0,10,60,15,85,30,6,36,121
03/11/2015,LNS,PA,AEA,EN,Federal Contract Tower,0,9,25,14,48,0,0,113,2,115,0,9,138,16,163,136,14,150,313
03/12/2015,LNS,PA,AEA,EN,Federal Contract Tower,0,14,36,10,60,0,0,112,7,119,0,14,148,17,179,122,18,140,319
03/13/2015,LNS,PA,AEA,EN,Federal Contract Tower,0,14,25,8,47,0,0,128,3,131,0,14,153,11,178,158,32,190,368
03/14/2015,LNS,PA,AEA,EN,Federal Contract Tower,0,7,5,0,12,0,0,0,0,0,0,7,5,0,12,0,0,0,12
03/15/2015,LNS,PA,AEA,EN,Federal Contract Tower,0,5,12,0,17,0,0,22,0,22,0,5,34,0,39,10,0,10,49
03/16/2015,LNS,PA,AEA,EN,Federal Contract Tower,0,6,24,4,34,0,0,116,1,117,0,6,140,5,151,146,2,148,299
03/17/2015,LNS,PA,AEA,EN,Federal Contract Tower,0,8,14,2,24,0,0,42,13,55,0,8,56,15,79,70,16,86,165
03/18/2015,LNS,PA,AEA,EN,Federal Contract Tower,0,11,12,13,36,0,0,51,4,55,0,11,63,17,91,2,12,14,105
03/19/2015,LNS,PA,AEA,EN,Federal Contract Tower,0,8,27,0,35,0,4,154,2,160,0,12,181,2,195,128,2,130,325
03/20/2015,LNS,PA,AEA,EN,Federal Contract Tower,0,1,7,0,8,0,0,0,0,0,0,1,7,0,8,0,0,0,8
03/21/2015,LNS,PA,AEA,EN,Federal Contract Tower,0,8,22,0,30,0,0,73,0,73,0,8,95,0,103,180,0,180,283
03/22/2015,LNS,PA,AEA,EN,Federal Contract Tower,0,8,22,0,30,0,0,122,0,122,0,8,144,0,152,52,0,52,204
03/23/2015,LNS,PA,AEA,EN,Federal Contract Tower,0,9,26,4,39,0,0,123,6,129,0,9,149,10,168,167,66,233,401
03/24/2015,LNS,PA,AEA,EN,Federal Contract Tower,0,14,19,10,43,0,2,125,6,133,0,16,144,16,176,247,28,275,451
03/25/2015,LNS,PA,AEA,EN,Federal Contract Tower,0,13,10,7,30,0,0,41,5,46,0,13,51,12,76,96,20,116,192
03/26/2015,LNS,PA,AEA,EN,Federal Contract Tower,0,11,14,4,29,0,0,5,2,7,0,11,19,6,36,38,12,50,86
03/27/2015,LNS,PA,AEA,EN,Federal Contract Tower,0,6,27,7,40,0,0,121,0,121,0,6,148,7,161,150,0,150,311
03/28/2015,LNS,PA,AEA,EN,Federal Contract Tower,0,2,18,0,20,0,0,56,0,56,0,2,74,0,76,64,0,64,140
03/29/2015,LNS,PA,AEA,EN,Federal Contract Tower,0,0,23,0,23,0,0,177,0,177,0,0,200,0,200,120,0,120,320
03/30/2015,LNS,PA,AEA,EN,Federal Contract Tower,0,0,19,11,30,0,0,52,2,54,0,0,71,13,84,80,20,100,184
03/31/2015,LNS,PA,AEA,EN,Federal Contract Tower,0,1,21,4,26,0,0,46,0,46,0,1,67,4,72,60,4,64,136
04/01/2015,LNS,PA,AEA,EN,Federal Contract Tower,0,6,37,12,55,0,1,154,6,161,0,7,191,18,216,162,22,184,400
04/02/2015,LNS,PA,AEA,EN,Federal Contract Tower,0,7,28,13,48,0,0,82,10,92,0,7,110,23,140,90,62,152,292
04/03/2015,LNS,PA,AEA,EN,Federal Contract Tower,0,6,25,4,35,0,0,22,1,23,0,6,47,5,58,40,54,94,152
04/04/2015,LNS,PA,AEA,EN,Federal Contract Tower,0,8,10,0,18,0,0,25,0,25,0,8,35,0,43,30,0,30,73
04/05/2015,LNS,PA,AEA,EN,Federal Contract Tower,0,0,13,0,13,0,0,54,0,54,0,0,67,0,67,56,0,56,123
04/06/2015,LNS,PA,AEA,EN,Federal Contract Tower,0,0,29,6,35,0,0,137,4,141,0,0,166,10,176,102,40,142,318
04/07/2015,LNS,PA,AEA,EN,Federal Contract Tower,0,7,31,4,42,0,0,42,2,44,0,7,73,6,86,64,10,74,160
04/08/2015,LNS,PA,AEA,EN,Federal Contract Tower,0,6,42,3,51,0,0,4,0,4,0,6,46,3,55,34,2,36,91
04/09/2015,LNS,PA,AEA,EN,Federal Contract Tower,0,8,31,0,39,0,0,0,0,0,0,8,31,0,39,8,4,12,51
04/10/2015,LNS,PA,AEA,EN,Federal Contract Tower,0,11,16,0,27,0,0,0,0,0,0,11,16,0,27,0,0,0,27
04/11/2015,LNS,PA,AEA,EN,Federal Contract Tower,0,4,25,0,29,0,2,107,4,113,0,6,132,4,142,78,2,80,222
04/13/2015,LNS,PA,AEA,EN,Federal Contract Tower,0,6,24,12,42,0,0,94,4,98,0,6,118,16,140,76,30,106,246
04/14/2015,LNS,PA,AEA,EN,Federal Contract Tower,0,3,40,9,52,0,0,63,5,68,0,3,103,14,120,132,16,148,268
04/15/2015,LNS,PA,AEA,EN,Federal Contract Tower,0,0,26,7,33,0,0,139,3,142,0,0,165,10,175,226,10,236,411
04/16/2015,LNS,PA,AEA,EN,Federal Contract Tower,0,1,29,5,35,0,0,125,14,139,0,1,154,19,174,76,20,96,270
04/17/2015,LNS,PA,AEA,EN,Federal Contract Tower,0,5,46,2,53,0,4,51,6,61,0,9,97,8,114,94,10,104,218
04/18/2015,LNS,PA,AEA,EN,Federal Contract Tower,0,4,16,0,20,0,7,165,2,174,0,11,181,2,194,148,6,154,348
04/19/2015,LNS,PA,AEA,EN,Federal Contract Tower,0,12,17,1,30,0,3,91,0,94,0,15,108,1,124,84,0,84,208
04/20/2015,LNS,PA,AEA,EN,Federal Contract Tower,0,7,15,0,22,0,0,7,0,7,0,7,22,0,29,24,0,24,53
04/21/2015,LNS,PA,AEA,EN,Federal Contract Tower,0,8,23,13,44,0,1,71,3,75,0,9,94,16,119,64,22,86,205
04/22/2015,LNS,PA,AEA,EN,Federal Contract Tower,0,8,18,0,26,0,2,45,4,51,0,10,63,4,77,70,6,76,153
04/23/2015,LNS,PA,AEA,EN,Federal Contract Tower,0,12,37,1,50,0,0,54,6,60,0,12,91,7,110,70,4,74,184
04/24/2015,LNS,PA,AEA,EN,Federal Contract Tower,0,12,24,2,38,0,1,55,6,62,0,13,79,8,100,14,10,24,124
04/25/2015,LNS,PA,AEA,EN,Federal Contract Tower,0,5,19,0,24,0,2,182,0,184,0,7,201,0,208,166,0,166,374
04/26/2015,LNS,PA,AEA,EN,Federal Contract Tower,0,11,15,0,26,0,1,115,0,116,0,12,130,0,142,54,0,54,196
04/27/2015,LNS,PA,AEA,EN,Federal Contract Tower,0,6,29,0,35,0,0,102,0,102,0,6,131,0,137,80,0,80,217
04/28/2015,LNS,PA,AEA,EN,Federal Contract Tower,0,9,32,0,41,0,2,114,0,116,0,11,146,0,157,100,0,100,257
04/29/2015,LNS,PA,AEA,EN,Federal Contract Tower,0,14,61,3,78,0,0,155,0,155,0,14,216,3,233,74,6,80,313
04/30/2015,LNS,PA,AEA,EN,Federal Contract Tower,0,13,15,2,30,0,0,90,2,92,0,13,105,4,122,78,2,80,202
05/01/2015,LNS,PA,AEA,EN,Federal Contract Tower,0,13,45,6,64,0,1,93,3,97,0,14,138,9,161,78,30,108,269
05/02/2015,LNS,PA,AEA,EN,Federal Contract Tower,0,9,18,3,30,0,0,140,0,140,0,9,158,3,170,138,12,150,320
05/03/2015,LNS,PA,AEA,EN,Federal Contract Tower,0,10,23,0,33,0,3,157,0,160,0,13,180,0,193,60,0,60,253
05/04/2015,LNS,PA,AEA,EN,Federal Contract Tower,0,12,26,0,38,0,0,98,0,98,0,12,124,0,136,54,2,56,192
05/05/2015,LNS,PA,AEA,EN,Federal Contract Tower,0,12,11,4,27,0,4,61,6,71,0,16,72,10,98,72,18,90,188
05/06/2015,LNS,PA,AEA,EN,Federal Contract Tower,0,20,27,6,53,0,2,47,0,49,0,22,74,6,102,126,0,126,228
05/07/2015,LNS,PA,AEA,EN,Federal Contract Tower,0,12,34,1,47,0,0,111,2,113,0,12,145,3,160,36,0,36,196
05/08/2015,LNS,PA,AEA,EN,Federal Contract Tower,0,15,34,5,54,0,0,195,2,197,0,15,229,7,251,50,12,62,313
05/09/2015,LNS,PA,AEA,EN,Federal Contract Tower,0,7,36,0,43,0,0,13,0,13,0,7,49,0,56,52,0,52,108
05/10/2015,LNS,PA,AEA,EN,Federal Contract Tower,0,7,29,0,36,0,0,64,0,64,0,7,93,0,100,72,0,72,172
05/11/2015,LNS,PA,AEA,EN,Federal Contract Tower,0,11,26,6,43,0,4,65,4,73,0,15,91,10,116,128,4,132,248
05/12/2015,LNS,PA,AEA,EN,Federal Contract Tower,0,15,19,0,34,0,2,79,2,83,0,17,98,2,117,138,0,138,255
05/13/2015,LNS,PA,AEA,EN,Federal Contract Tower,0,12,20,7,39,0,0,65,2,67,0,12,85,9,106,54,14,68,174
05/14/2015,LNS,PA,AEA,EN,Federal Contract Tower,0,8,49,15,72,0,0,152,3,155,0,8,201,18,227,150,28,178,405
05/15/2015,LNS,PA,AEA,EN,Federal Contract Tower,0,7,25,4,36,0,125,0,0,125,0,132,25,4,161,128,2,130,291
05/16/2015,LNS,PA,AEA,EN,Federal Contract Tower,0,5,24,0,29,0,3,71,0,74,0,8,95,0,103,188,0,188,291
05/17/2015,LNS,PA,AEA,EN,Federal Contract Tower,0,0,24,0,24,0,3,37,0,40,0,3,61,0,64,60,0,60,124
05/18/2015,LNS,PA,AEA,EN,Federal Contract Tower,0,5,41,15,61,0,0,47,2,49,0,5,88,17,110,38,6,44,154
05/20/2015,LNS,PA,AEA,EN,Federal Contract Tower,0,8,13,7,28,0,0,126,0,126,0,8,139,7,154,244,0,244,398
05/21/2015,LNS,PA,AEA,EN,Federal Contract Tower,0,13,36,5,54,0,0,109,4,113,0,13,145,9,167,158,12,170,337
05/22/2015,LNS,PA,AEA,EN,Federal Contract Tower,0,12,34,0,46,0,0,92,0,92,0,12,126,0,138,78,0,78,216
05/23/2015,LNS,PA,AEA,EN,Federal Contract Tower,0,6,20,0,26,0,1,134,0,135,0,7,154,0,161,114,0,114,275
05/24/2015,LNS,PA,AEA,EN,Federal Contract Tower,0,8,15,0,23,0,2,118,0,120,0,10,133,0,143,54,0,54,197
05/25/2015,LNS,PA,AEA,EN,Federal Contract Tower,0,12,15,0,27,0,2,92,0,94,0,14,107,0,121,50,0,50,171
05/26/2015,LNS,PA,AEA,EN,Federal Contract Tower,0,12,42,0,54,0,2,148,8,158,0,14,190,8,212,116,4,120,332
05/27/2015,LNS,PA,AEA,EN,Federal Contract Tower,0,13,34,4,51,0,0,35,4,39,0,13,69,8,90,96,6,102,192
05/28/2015,LNS,PA,AEA,EN,Federal Contract Tower,0,15,24,6,45,0,0,96,0,96,0,15,120,6,141,134,4,138,279
05/29/2015,LNS,PA,AEA,EN,Federal Contract Tower,0,16,32,3,51,0,2,175,6,183,0,18,207,9,234,82,6,88,322
05/30/2015,LNS,PA,AEA,EN,Federal Contract Tower,0,7,33,0,40,0,0,79,0,79,0,7,112,0,119,46,0,46,165
05/31/2015,LNS,PA,AEA,EN,Federal Contract Tower,0,12,25,0,37,0,0,46,0,46,0,12,71,0,83,74,0,74,157
06/01/2015,LNS,PA,AEA,EN,Federal Contract Tower,0,12,26,0,38,0,1,4,0,5,0,13,30,0,43,18,0,18,61
06/02/2015,LNS,PA,AEA,EN,Federal Contract Tower,0,11,36,4,51,0,0,0,0,0,0,11,36,4,51,4,2,6,57
06/03/2015,LNS,PA,AEA,EN,Federal Contract Tower,0,13,66,5,84,0,3,84,4,91,0,16,150,9,175,158,6,164,339
06/04/2015,LNS,PA,AEA,EN,Federal Contract Tower,0,11,48,0,59,0,7,42,0,49,0,18,90,0,108,82,5,87,195
06/05/2015,LNS,PA,AEA,EN,Federal Contract Tower,0,18,64,10,92,0,0,69,2,71,0,18,133,12,163,62,12,74,237
06/06/2015,LNS,PA,AEA,EN,Federal Contract Tower,0,5,32,0,37,0,0,80,0,80,0,5,112,0,117,114,0,114,231
06/07/2015,LNS,PA,AEA,EN,Federal Contract Tower,0,17,30,1,48,0,0,130,0,130,0,17,160,1,178,70,2,72,250
06/08/2015,LNS,PA,AEA,EN,Federal Contract Tower,0,13,28,4,45,0,0,57,0,57,0,13,85,4,102,74,6,80,182
06/09/2015,LNS,PA,AEA,EN,Federal Contract Tower,0,19,36,3,58,0,0,103,2,105,0,19,139,5,163,200,24,224,387
06/10/2015,LNS,PA,AEA,EN,Federal Contract Tower,0,13,44,4,61,0,0,150,3,153,0,13,194,7,214,150,14,164,378
06/11/2015,LNS,PA,AEA,EN,Federal Contract Tower,0,12,18,3,33,0,7,143,3,153,0,19,161,6,186,194,10,204,390
06/12/2015,LNS,PA,AEA,EN,Federal Contract Tower,0,12,21,0,33,0,0,106,3,109,0,12,127,3,142,126,2,128,270
06/13/2015,LNS,PA,AEA,EN,Federal Contract Tower,0,8,19,0,27,0,4,67,0,71,0,12,86,0,98,46,0,46,144
06/14/2015,LNS,PA,AEA,EN,Federal Contract Tower,0,10,18,0,28,0,2,78,0,80,0,12,96,0,108,88,0,88,196
06/15/2015,LNS,PA,AEA,EN,Federal Contract Tower,0,9,19,1,29,0,1,48,4,53,0,10,67,5,82,38,0,38,120
06/16/2015,LNS,PA,AEA,EN,Federal Contract Tower,0,12,30,1,43,0,4,50,2,56,0,16,80,3,99,106,16,122,221
06/17/2015,LNS,PA,AEA,EN,Federal Contract Tower,0,10,28,2,40,0,1,157,0,158,0,11,185,2,198,142,0,142,340
06/18/2015,LNS,PA,AEA,EN,Federal Contract Tower,0,19,38,0,57,0,0,2,0,2,0,19,40,0,59,28,0,28,87
06/19/2015,LNS,PA,AEA,EN,Federal Contract Tower,0,13,40,6,59,0,0,79,0,79,0,13,119,6,138,78,14,92,230
06/20/2015,LNS,PA,AEA,EN,Federal Contract Tower,0,6,23,0,29,0,2,64,0,66,0,8,87,0,95,112,0,112,207
06/21/2015,LNS,PA,AEA,EN,Federal Contract Tower,0,7,15,0,22,0,0,51,0,51,0,7,66,0,73,24,0,24,97
06/22/2015,LNS,PA,AEA,EN,Federal Contract Tower,0,12,28,6,46,0,2,140,0,142,0,14,168,6,188,102,4,106,294
06/23/2015,LNS,PA,AEA,EN,Federal Contract Tower,0,11,22,1,34,0,2,70,6,78,0,13,92,7,112,70,2,72,184
06/24/2015,LNS,PA,AEA,EN,Federal Contract Tower,0,12,23,1,36,0,0,167,15,182,0,12,190,16,218,120,32,152,370
06/25/2015,LNS,PA,AEA,EN,Federal Contract Tower,0,12,28,0,40,0,0,93,4,97,0,12,121,4,137,108,18,126,263
06/26/2015,LNS,PA,AEA,EN,Federal Contract Tower,0,18,36,8,62,0,1,112,0,113,0,19,148,8,175,102,0,102,277
06/27/2015,LNS,PA,AEA,EN,Federal Contract Tower,0,8,8,0,16,0,0,7,0,7,0,8,15,0,23,12,0,12,35
06/28/2015,LNS,PA,AEA,EN,Federal Contract Tower,0,10,34,0,44,0,2,56,0,58,0,12,90,0,102,34,0,34,136
06/29/2015,LNS,PA,AEA,EN,Federal Contract Tower,0,13,38,15,66,0,0,150,6,156,0,13,188,21,222,156,18,174,396
06/30/2015,LNS,PA,AEA,EN,Federal Contract Tower,0,13,43,2,58,0,0,40,0,40,0,13,83,2,98,100,0,100,198
07/01/2015,LNS,PA,AEA,EN,Federal Contract Tower,0,16,26,4,46,0,1,100,7,108,0,17,126,11,154,152,36,188,342
07/02/2015,LNS,PA,AEA,EN,Federal Contract Tower,0,13,36,4,53,0,0,99,3,102,0,13,135,7,155,170,14,184,339
07/03/2015,LNS,PA,AEA,EN,Federal Contract Tower,0,14,40,0,54,0,3,141,0,144,0,17,181,0,198,218,0,218,416
07/04/2015,LNS,PA,AEA,EN,Federal Contract Tower,0,4,17,0,21,0,0,0,0,0,0,4,17,0,21,36,0,36,57
07/05/2015,LNS,PA,AEA,EN,Federal Contract Tower,0,12,31,0,43,0,3,83,2,88,0,15,114,2,131,80,0,80,211
07/06/2015,LNS,PA,AEA,EN,Federal Contract Tower,0,17,23,0,40,0,3,23,0,26,0,20,46,0,66,50,0,50,116
07/07/2015,LNS,PA,AEA,EN,Federal Contract Tower,0,13,36,4,53,0,0,87,2,89,0,13,123,6,142,68,2,70,212
07/08/2015,LNS,PA,AEA,EN,Federal Contract Tower,0,15,24,3,42,0,0,71,4,75,0,15,95,7,117,56,2,58,175
07/09/2015,LNS,PA,AEA,EN,Federal Contract Tower,0,16,45,2,63,0,0,47,0,47,0,16,92,2,110,112,28,140,250
07/10/2015,LNS,PA,AEA,EN,Federal Contract Tower,0,14,35,1,50,0,0,146,0,146,0,14,181,1,196,116,2,118,314
07/11/2015,LNS,PA,AEA,EN,Federal Contract Tower,0,4,40,0,44,0,0,186,2,188,0,4,226,2,232,102,0,102,334
07/12/2015,LNS,PA,AEA,EN,Federal Contract Tower,0,14,28,0,42,0,0,118,0,118,0,14,146,0,160,134,0,134,294
07/13/2015,LNS,PA,AEA,EN,Federal Contract Tower,0,16,31,13,60,0,0,82,0,82,0,16,113,13,142,92,44,136,278
07/14/2015,LNS,PA,AEA,EN,Federal Contract Tower,0,10,26,1,37,0,0,33,1,34,0,10,59,2,71,102,8,110,181
07/15/2015,LNS,PA,AEA,EN,Federal Contract Tower,0,11,30,18,59,0,0,52,3,55,0,11,82,21,114,130,14,144,258
07/16/2015,LNS,PA,AEA,EN,Federal Contract Tower,0,11,25,2,38,0,0,174,2,176,0,11,199,4,214,74,6,80,294
07/17/2015,LNS,PA,AEA,EN,Federal Contract Tower,0,13,53,2,68,0,0,82,1,83,0,13,135,3,151,34,6,40,191
07/18/2015,LNS,PA,AEA,EN,Federal Contract Tower,0,7,19,0,26,0,0,49,2,51,0,7,68,2,77,52,0,52,129
07/19/2015,LNS,PA,AEA,EN,Federal Contract Tower,0,7,16,0,23,0,0,98,0,98,0,7,114,0,121,80,0,80,201
07/20/2015,LNS,PA,AEA,EN,Federal Contract Tower,0,18,26,0,44,0,1,76,4,81,0,19,102,4,125,86,8,94,219
07/21/2015,LNS,PA,AEA,EN,Federal Contract Tower,0,14,34,2,50,0,0,68,1,69,0,14,102,3,119,132,16,148,267
07/22/2015,LNS,PA,AEA,EN,Federal Contract Tower,0,12,38,0,50,0,0,129,3,132,0,12,167,3,182,106,2,108,290
07/23/2015,LNS,PA,AEA,EN,Federal Contract Tower,0,14,30,13,57,0,0,158,4,162,0,14,188,17,219,120,18,138,357
07/24/2015,LNS,PA,AEA,EN,Federal Contract Tower,0,14,53,22,89,0,0,196,0,196,0,14,249,22,285,122,12,134,419
07/25/2015,LNS,PA,AEA,EN,Federal Contract Tower,0,10,20,0,30,0,0,194,6,200,0,10,214,6,230,204,0,204,434
07/26/2015,LNS,PA,AEA,EN,Federal Contract Tower,0,8,24,0,32,0,0,91,0,91,0,8,115,0,123,60,0,60,183
07/27/2015,LNS,PA,AEA,EN,Federal Contract Tower,0,11,26,0,37,0,0,58,0,58,0,11,84,0,95,104,0,104,199
07/28/2015,LNS,PA,AEA,EN,Federal Contract Tower,0,16,36,1,53,0,0,90,2,92,0,16,126,3,145,118,2,120,265
07/29/2015,LNS,PA,AEA,EN,Federal Contract Tower,0,18,36,0,54,0,1,101,0,102,0,19,137,0,156,218,30,248,404
07/30/2015,LNS,PA,AEA,EN,Federal Contract Tower,0,11,19,3,33,0,3,53,0,56,0,14,72,3,89,80,6,86,175
07/31/2015,LNS,PA,AEA,EN,Federal Contract Tower,0,12,32,1,45,0,6,137,0,143,0,18,169,1,188,104,0,104,292
08/01/2015,LNS,PA,AEA,EN,Federal Contract Tower,0,5,26,0,31,0,12,95,0,107,0,17,121,0,138,70,0,70,208
08/02/2015,LNS,PA,AEA,EN,Federal Contract Tower,0,9,33,0,42,0,0,110,0,110,0,9,143,0,152,50,0,50,202
08/03/2015,LNS,PA,AEA,EN,Federal Contract Tower,0,11,25,3,39,0,3,88,0,91,0,14,113,3,130,40,4,44,174
08/04/2015,LNS,PA,AEA,EN,Federal Contract Tower,0,12,26,2,40,0,7,103,1,111,0,19,129,3,151,64,0,64,215
08/05/2015,LNS,PA,AEA,EN,Federal Contract Tower,0,13,31,16,60,0,0,124,6,130,0,13,155,22,190,142,22,164,354
08/06/2015,LNS,PA,AEA,EN,Federal Contract Tower,0,15,32,6,53,0,3,148,0,151,0,18,180,6,204,78,4,82,286
08/07/2015,LNS,PA,AEA,EN,Federal Contract Tower,0,15,34,6,55,0,0,110,4,114,0,15,144,10,169,96,16,112,281
08/08/2015,LNS,PA,AEA,EN,Federal Contract Tower,0,5,22,0,27,0,0,129,0,129,0,5,151,0,156,108,0,108,264
08/09/2015,LNS,PA,AEA,EN,Federal Contract Tower,0,12,41,0,53,0,0,98,0,98,0,12,139,0,151,90,0,90,241
08/10/2015,LNS,PA,AEA,EN,Federal Contract Tower,0,15,24,8,47,0,0,19,0,19,0,15,43,8,66,60,14,74,140
08/11/2015,LNS,PA,AEA,EN,Federal Contract Tower,0,11,19,0,30,0,4,22,2,28,0,15,41,2,58,26,4,30,88
08/12/2015,LNS,PA,AEA,EN,Federal Contract Tower,0,12,50,5,67,0,0,110,5,115,0,12,160,10,182,170,0,170,352
08/13/2015,LNS,PA,AEA,EN,Federal Contract Tower,0,12,29,5,46,0,1,164,2,167,0,13,193,7,213,140,4,144,357
08/14/2015,LNS,PA,AEA,EN,Federal Contract Tower,0,12,33,4,49,0,3,157,2,162,0,15,190,6,211,148,2,150,361
08/15/2015,LNS,PA,AEA,EN,Federal Contract Tower,0,4,33,0,37,0,0,136,0,136,0,4,169,0,173,142,0,142,315
08/16/2015,LNS,PA,AEA,EN,Federal Contract Tower,0,7,24,0,31,0,0,134,0,134,0,7,158,0,165,100,0,100,265
08/17/2015,LNS,PA,AEA,EN,Federal Contract Tower,0,11,37,0,48,0,2,109,0,111,0,13,146,0,159,74,0,74,233
08/18/2015,LNS,PA,AEA,EN,Federal Contract Tower,0,10,9,5,24,0,4,90,11,105,0,14,99,16,129,140,20,160,289
08/19/2015,LNS,PA,AEA,EN,Federal Contract Tower,0,11,21,3,35,0,0,56,1,57,0,11,77,4,92,94,4,98,190
08/20/2015,LNS,PA,AEA,EN,Federal Contract Tower,0,9,21,0,30,0,2,6,0,8,0,11,27,0,38,12,0,12,50
08/21/2015,LNS,PA,AEA,EN,Federal Contract Tower,0,13,26,4,43,0,1,144,7,152,0,14,170,11,195,100,14,114,309
08/22/2015,LNS,PA,AEA,EN,Federal Contract Tower,0,5,13,0,18,0,0,198,0,198,0,5,211,0,216,348,0,348,564
08/23/2015,LNS,PA,AEA,EN,Federal Contract Tower,0,6,16,0,22,0,1,201,0,202,0,7,217,0,224,390,0,390,614
08/24/2015,LNS,PA,AEA,EN,Federal Contract Tower,0,17,25,1,43,0,4,77,0,81,0,21,102,1,124,84,2,86,210
08/25/2015,LNS,PA,AEA,EN,Federal Contract Tower,0,13,35,3,51,0,0,152,9,161,0,13,187,12,212,198,52,250,462
08/26/2015,LNS,PA,AEA,EN,Federal Contract Tower,0,13,20,12,45,0,0,170,3,173,0,13,190,15,218,194,20,214,432
08/27/2015,LNS,PA,AEA,EN,Federal Contract Tower,0,13,22,9,44,0,0,137,2,139,0,13,159,11,183,108,48,156,339
08/28/2015,LNS,PA,AEA,EN,Federal Contract Tower,0,12,54,2,68,0,0,157,4,161,0,12,211,6,229,110,22,132,361
08/29/2015,LNS,PA,AEA,EN,Federal Contract Tower,0,4,21,0,25,0,7,133,0,140,0,11,154,0,165,114,0,114,279
08/30/2015,LNS,PA,AEA,EN,Federal Contract Tower,0,9,25,0,34,0,0,101,0,101,0,9,126,0,135,68,0,68,203
08/31/2015,LNS,PA,AEA,EN,Federal Contract Tower,0,7,16,9,32,0,0,99,1,100,0,7,115,10,132,84,46,130,262
09/01/2015,LNS,PA,AEA,EN,Federal Contract Tower,0,9,23,6,38,0,1,95,2,98,0,10,118,8,136,98,24,122,258
09/02/2015,LNS,PA,AEA,EN,Federal Contract Tower,0,11,29,0,40,0,1,94,8,103,0,12,123,8,143,122,4,126,269
09/03/2015,LNS,PA,AEA,EN,Federal Contract Tower,0,14,22,3,39,0,109,9,0,118,0,123,31,3,157,166,6,172,329
09/04/2015,LNS,PA,AEA,EN,Federal Contract Tower,0,19,38,2,59,0,0,91,0,91,0,19,129,2,150,72,0,72,222
09/05/2015,LNS,PA,AEA,EN,Federal Contract Tower,0,6,26,0,32,0,0,98,0,98,0,6,124,0,130,104,0,104,234
09/06/2015,LNS,PA,AEA,EN,Federal Contract Tower,0,6,15,0,21,0,0,128,0,128,0,6,143,0,149,80,0,80,229
09/07/2015,LNS,PA,AEA,EN,Federal Contract Tower,0,9,19,0,28,0,1,104,0,105,0,10,123,0,133,40,0,40,173
09/08/2015,LNS,PA,AEA,EN,Federal Contract Tower,0,13,31,5,49,0,1,102,0,103,0,14,133,5,152,138,10,148,300
09/09/2015,LNS,PA,AEA,EN,Federal Contract Tower,0,12,32,2,46,0,0,81,2,83,0,12,113,4,129,120,0,120,249
09/10/2015,LNS,PA,AEA,EN,Federal Contract Tower,0,11,21,0,32,0,0,2,0,2,0,11,23,0,34,20,0,20,54
09/11/2015,LNS,PA,AEA,EN,Federal Contract Tower,0,19,63,6,88,0,0,106,4,110,0,19,169,10,198,156,14,170,368
09/12/2015,LNS,PA,AEA,EN,Federal Contract Tower,0,5,30,0,35,0,0,12,0,12,0,5,42,0,47,4,0,4,51
09/13/2015,LNS,PA,AEA,EN,Federal Contract Tower,0,12,28,0,40,0,0,56,0,56,0,12,84,0,96,142,0,142,238
09/14/2015,LNS,PA,AEA,EN,Federal Contract Tower,0,12,29,3,44,0,2,92,4,98,0,14,121,7,142,112,16,128,270
09/15/2015,LNS,PA,AEA,EN,Federal Contract Tower,0,13,27,1,41,0,5,145,9,159,0,18,172,10,200,130,14,144,344
09/16/2015,LNS,PA,AEA,EN,Federal Contract Tower,0,15,26,10,51,0,0,117,5,122,0,15,143,15,173,140,28,168,341
09/17/2015,LNS,PA,AEA,EN,Federal Contract Tower,0,11,23,1,35,0,1,133,3,137,0,12,156,4,172,106,10,116,288
09/18/2015,LNS,PA,AEA,EN,Federal Contract Tower,0,12,25,0,37,0,0,110,0,110,0,12,135,0,147,72,0,72,219
09/19/2015,LNS,PA,AEA,EN,Federal Contract Tower,0,6,38,1,45,0,4,96,0,100,0,10,134,1,145,58,10,68,213
09/20/2015,LNS,PA,AEA,EN,Federal Contract Tower,0,7,30,0,37,0,0,90,0,90,0,7,120,0,127,62,0,62,189
09/21/2015,LNS,PA,AEA,EN,Federal Contract Tower,0,14,21,6,41,0,4,70,2,76,0,18,91,8,117,126,28,154,271
09/22/2015,LNS,PA,AEA,EN,Federal Contract Tower,0,13,41,0,54,0,0,112,0,112,0,13,153,0,166,84,0,84,250
09/23/2015,LNS,PA,AEA,EN,Federal Contract Tower,0,11,26,2,39,0,1,164,4,169,0,12,190,6,208,114,2,116,324
09/24/2015,LNS,PA,AEA,EN,Federal Contract Tower,0,12,23,1,36,0,1,118,0,119,0,13,141,1,155,48,0,48,203
09/25/2015,LNS,PA,AEA,EN,Federal Contract Tower,0,12,29,10,51,0,0,106,0,106,0,12,135,10,157,84,14,98,255
09/26/2015,LNS,PA,AEA,EN,Federal Contract Tower,0,8,29,0,37,0,2,70,1,73,0,10,99,1,110,76,2,78,188
09/27/2015,LNS,PA,AEA,EN,Federal Contract Tower,0,9,24,0,33,0,0,67,0,67,0,9,91,0,100,74,0,74,174
09/28/2015,LNS,PA,AEA,EN,Federal Contract Tower,0,13,32,0,45,0,0,40,0,40,0,13,72,0,85,46,0,46,131
09/29/2015,LNS,PA,AEA,EN,Federal Contract Tower,0,10,34,9,53,0,0,5,1,6,0,10,39,10,59,16,8,24,83
09/30/2015,LNS,PA,AEA,EN,Federal Contract Tower,0,9,24,2,35,0,7,6,2,15,0,16,30,4,50,0,28,28,78
10/01/2015,LNS,PA,AEA,EN,Federal Contract Tower,0,15,21,15,51,0,0,32,4,36,0,15,53,19,87,60,10,70,157
10/02/2015,LNS,PA,AEA,EN,Federal Contract Tower,0,12,29,9,50,0,0,8,2,10,0,12,37,11,60,26,10,36,96
10/03/2015,LNS,PA,AEA,EN,Federal Contract Tower,0,6,0,0,6,0,0,4,0,4,0,6,4,0,10,8,0,8,18
10/04/2015,LNS,PA,AEA,EN,Federal Contract Tower,0,8,30,0,38,0,0,30,0,30,0,8,60,0,68,32,0,32,100
10/05/2015,LNS,PA,AEA,EN,Federal Contract Tower,0,9,22,4,35,0,1,118,2,121,0,10,140,6,156,168,10,178,334
10/06/2015,LNS,PA,AEA,EN,Federal Contract Tower,0,15,40,1,56,0,3,144,1,148,0,18,184,2,204,178,4,182,386
10/07/2015,LNS,PA,AEA,EN,Federal Contract Tower,0,14,39,18,71,0,0,144,18,162,0,14,183,36,233,144,50,194,427
10/08/2015,LNS,PA,AEA,EN,Federal Contract Tower,0,14,26,2,42,0,2,143,2,147,0,16,169,4,189,116,8,124,313
10/09/2015,LNS,PA,AEA,EN,Federal Contract Tower,0,20,46,0,66,0,2,54,0,56,0,22,100,0,122,108,0,108,230
10/10/2015,LNS,PA,AEA,EN,Federal Contract Tower,0,5,19,0,24,0,0,163,0,163,0,5,182,0,187,126,0,126,313
10/11/2015,LNS,PA,AEA,EN,Federal Contract Tower,0,15,12,0,27,0,1,121,2,124,0,16,133,2,151,92,4,96,247
10/12/2015,LNS,PA,AEA,EN,Federal Contract Tower,0,15,19,0,34,0,6,143,0,149,0,21,162,0,183,112,0,112,295
10/13/2015,LNS,PA,AEA,EN,Federal Contract Tower,0,14,42,1,57,0,0,48,2,50,0,14,90,3,107,110,14,124,231
10/14/2015,LNS,PA,AEA,EN,Federal Contract Tower,0,15,30,9,54,0,1,100,5,106,0,16,130,14,160,170,28,198,358
10/15/2015,LNS,PA,AEA,EN,Federal Contract Tower,0,13,25,2,40,0,0,110,0,110,0,13,135,2,150,114,4,118,268
10/16/2015,LNS,PA,AEA,EN,Federal Contract Tower,0,10,20,0,30,0,2,116,1,119,0,12,136,1,149,66,6,72,221
10/17/2015,LNS,PA,AEA,EN,Federal Contract Tower,0,6,8,0,14,0,2,77,0,79,0,8,85,0,93,6,0,6,99
10/18/2015,LNS,PA,AEA,EN,Federal Contract Tower,0,8,9,0,17,0,0,69,2,71,0,8,78,2,88,44,0,44,132
10/19/2015,LNS,PA,AEA,EN,Federal Contract Tower,0,10,22,1,33,0,0,105,0,105,0,10,127,1,138,172,2,174,312
10/20/2015,LNS,PA,AEA,EN,Federal Contract Tower,0,20,31,5,56,0,5,102,0,107,0,25,133,5,163,116,4,120,283
10/21/2015,LNS,PA,AEA,EN,Federal Contract Tower,0,19,24,7,50,0,0,122,3,125,0,19,146,10,175,120,24,144,319
10/22/2015,LNS,PA,AEA,EN,Federal Contract Tower,0,17,25,2,44,0,2,98,0,100,0,19,123,2,144,112,20,132,276
10/23/2015,LNS,PA,AEA,EN,Federal Contract Tower,0,14,35,0,49,0,2,130,3,135,0,16,165,3,184,90,32,122,306
10/24/2015,LNS,PA,AEA,EN,Federal Contract Tower,0,8,15,0,23,0,2,137,0,139,0,10,152,0,162,96,0,96,258
10/25/2015,LNS,PA,AEA,EN,Federal Contract Tower,0,8,16,0,24,0,0,48,0,48,0,8,64,0,72,28,0,28,100
10/26/2015,LNS,PA,AEA,EN,Federal Contract Tower,0,14,27,4,45,0,0,101,6,107,0,14,128,10,152,64,36,100,252
10/27/2015,LNS,PA,AEA,EN,Federal Contract Tower,0,13,23,8,44,0,1,92,0,93,0,14,115,8,137,140,28,168,305
10/28/2015,LNS,PA,AEA,EN,Federal Contract Tower,0,13,34,0,47,0,0,1,0,1,0,13,35,0,48,2,0,2,50
10/29/2015,LNS,PA,AEA,EN,Federal Contract Tower,0,10,22,1,33,0,2,77,1,80,0,12,99,2,113,52,2,54,167
10/30/2015,LNS,PA,AEA,EN,Federal Contract Tower,0,13,42,1,56,0,0,115,4,119,0,13,157,5,175,86,16,102,277
10/31/2015,LNS,PA,AEA,EN,Federal Contract Tower,0,5,24,4,33,0,0,175,0,175,0,5,199,4,208,130,10,140,348
11/01/2015,LNS,PA,AEA,EN,Federal Contract Tower,0,8,29,0,37,0,3,63,2,68,0,11,92,2,105,8,40,48,153
11/02/2015,LNS,PA,AEA,EN,Federal Contract Tower,0,20,18,5,43,0,0,98,4,102,0,20,116,9,145,48,8,56,201
11/03/2015,LNS,PA,AEA,EN,Federal Contract Tower,0,10,23,2,35,0,0,123,2,125,0,10,146,4,160,124,0,124,284
11/04/2015,LNS,PA,AEA,EN,Federal Contract Tower,0,17,24,16,57,0,4,138,9,151,0,21,162,25,208,88,36,124,332
11/05/2015,LNS,PA,AEA,EN,Federal Contract Tower,0,15,37,2,54,0,0,9,2,11,0,15,46,4,65,28,4,32,97
11/06/2015,LNS,PA,AEA,EN,Federal Contract Tower,0,10,39,0,49,0,0,41,1,42,0,10,80,1,91,98,0,98,189
11/07/2015,LNS,PA,AEA,EN,Federal Contract Tower,0,7,18,0,25,0,2,111,1,114,0,9,129,1,139,126,0,126,265
11/08/2015,LNS,PA,AEA,EN,Federal Contract Tower,0,9,15,0,24,0,1,116,0,117,0,10,131,0,141,178,0,178,319
11/09/2015,LNS,PA,AEA,EN,Federal Contract Tower,0,10,21,6,37,0,0,84,12,96,0,10,105,18,133,92,18,110,243
11/10/2015,LNS,PA,AEA,EN,Federal Contract Tower,0,14,32,0,46,0,0,0,0,0,0,14,32,0,46,6,0,6,52
11/11/2015,LNS,PA,AEA,EN,Federal Contract Tower,0,11,37,0,48,0,0,70,0,70,0,11,107,0,118,168,0,168,286
11/12/2015,LNS,PA,AEA,EN,Federal Contract Tower,0,11,32,8,51,0,0,18,0,18,0,11,50,8,69,44,30,74,143
11/13/2015,LNS,PA,AEA,EN,Federal Contract Tower,0,11,17,18,46,0,0,50,3,53,0,11,67,21,99,52,16,68,167
11/14/2015,LNS,PA,AEA,EN,Federal Contract Tower,0,9,11,0,20,0,0,35,0,35,0,9,46,0,55,8,0,8,63
11/15/2015,LNS,PA,AEA,EN,Federal Contract Tower,0,7,18,0,25,0,3,119,0,122,0,10,137,0,147,72,0,72,219
11/16/2015,LNS,PA,AEA,EN,Federal Contract Tower,0,13,27,0,40,0,2,141,3,146,0,15,168,3,186,78,32,110,296
11/17/2015,LNS,PA,AEA,EN,Federal Contract Tower,0,12,8,6,26,0,0,112,5,117,0,12,120,11,143,94,30,124,267
11/18/2015,LNS,PA,AEA,EN,Federal Contract Tower,0,9,24,11,44,0,0,28,6,34,0,9,52,17,78,82,20,102,180
11/19/2015,LNS,PA,AEA,EN,Federal Contract Tower,0,13,21,0,34,0,0,0,0,0,0,13,21,0,34,4,0,4,38
11/20/2015,LNS,PA,AEA,EN,Federal Contract Tower,0,11,40,10,61,0,0,82,5,87,0,11,122,15,148,102,50,152,300
11/21/2015,LNS,PA,AEA,EN,Federal Contract Tower,0,6,24,0,30,0,0,135,0,135,0,6,159,0,165,188,0,188,353
11/22/2015,LNS,PA,AEA,EN,Federal Contract Tower,0,6,27,0,33,0,5,81,0,86,0,11,108,0,119,62,0,62,181
11/23/2015,LNS,PA,AEA,EN,Federal Contract Tower,0,10,27,10,47,0,0,82,0,82,0,10,109,10,129,96,8,104,233
11/24/2015,LNS,PA,AEA,EN,Federal Contract Tower,0,11,33,3,47,0,0,109,0,109,0,11,142,3,156,100,6,106,262
11/25/2015,LNS,PA,AEA,EN,Federal Contract Tower,0,18,32,0,50,0,0,169,0,169,0,18,201,0,219,104,0,104,323
11/26/2015,LNS,PA,AEA,EN,Federal Contract Tower,0,10,5,0,15,0,0,41,0,41,0,10,46,0,56,4,0,4,60
11/27/2015,LNS,PA,AEA,EN,Federal Contract Tower,0,10,24,0,34,0,3,85,0,88,0,13,109,0,122,82,0,82,204
11/28/2015,LNS,PA,AEA,EN,Federal Contract Tower,0,8,26,0,34,0,0,41,0,41,0,8,67,0,75,74,0,74,149
11/29/2015,LNS,PA,AEA,EN,Federal Contract Tower,0,8,19,0,27,0,0,83,0,83,0,8,102,0,110,108,0,108,218
11/30/2015,LNS,PA,AEA,EN,Federal Contract Tower,0,13,20,1,34,0,0,50,0,50,0,13,70,1,84,34,0,34,118
12/01/2015,LNS,PA,AEA,EN,Federal Contract Tower,0,14,11,0,25,0,0,0,0,0,0,14,11,0,25,0,0,0,25
12/02/2015,LNS,PA,AEA,EN,Federal Contract Tower,0,13,17,7,37,0,0,0,0,0,0,13,17,7,37,8,12,20,57
12/03/2015,LNS,PA,AEA,EN,Federal Contract Tower,0,14,30,3,47,0,0,56,1,57,0,14,86,4,104,50,10,60,164
12/04/2015,LNS,PA,AEA,EN,Federal Contract Tower,0,11,66,8,85,0,0,140,0,140,0,11,206,8,225,144,22,166,391
12/05/2015,LNS,PA,AEA,EN,Federal Contract Tower,0,6,34,0,40,0,0,160,0,160,0,6,194,0,200,106,0,106,306
12/06/2015,LNS,PA,AEA,EN,Federal Contract Tower,0,5,32,0,37,0,30,55,0,85,0,35,87,0,122,110,0,110,232
12/07/2015,LNS,PA,AEA,EN,Federal Contract Tower,0,13,35,3,51,0,6,91,0,97,0,19,126,3,148,150,2,152,300
12/08/2015,LNS,PA,AEA,EN,Federal Contract Tower,0,11,18,10,39,0,2,109,0,111,0,13,127,10,150,140,10,150,300
12/09/2015,LNS,PA,AEA,EN,Federal Contract Tower,0,15,73,0,88,0,0,23,0,23,0,15,96,0,111,66,0,66,177
12/10/2015,LNS,PA,AEA,EN,Federal Contract Tower,0,12,28,0,40,0,2,52,7,61,0,14,80,7,101,36,38,74,175
12/11/2015,LNS,PA,AEA,EN,Federal Contract Tower,0,20,64,1,85,0,3,78,5,86,0,23,142,6,171,112,34,146,317
12/12/2015,LNS,PA,AEA,EN,Federal Contract Tower,0,14,31,2,47,0,2,54,0,56,0,16,85,2,103,146,4,150,253
12/13/2015,LNS,PA,AEA,EN,Federal Contract Tower,0,10,29,0,39,0,2,42,0,44,0,12,71,0,83,160,0,160,243
12/14/2015,LNS,PA,AEA,EN,Federal Contract Tower,0,12,16,0,28,0,0,21,0,21,0,12,37,0,49,36,2,38,87
12/15/2015,LNS,PA,AEA,EN,Federal Contract Tower,0,14,17,13,44,0,2,54,4,60,0,16,71,17,104,90,24,114,218
12/16/2015,LNS,PA,AEA,EN,Federal Contract Tower,0,18,52,4,74,0,0,116,6,122,0,18,168,10,196,112,2,114,310
12/17/2015,LNS,PA,AEA,EN,Federal Contract Tower,0,16,23,2,41,0,0,0,0,0,0,16,23,2,41,4,0,4,45
12/18/2015,LNS,PA,AEA,EN,Federal Contract Tower,0,14,41,2,57,0,3,92,0,95,0,17,133,2,152,146,4,150,302
12/19/2015,LNS,PA,AEA,EN,Federal Contract Tower,0,9,22,0,31,0,3,73,0,76,0,12,95,0,107,44,0,44,151
12/20/2015,LNS,PA,AEA,EN,Federal Contract Tower,0,7,31,0,38,0,2,162,0,164,0,9,193,0,202,136,0,136,338
12/21/2015,LNS,PA,AEA,EN,Federal Contract Tower,0,14,27,2,43,0,1,92,1,94,0,15,119,3,137,184,0,184,321
12/22/2015,LNS,PA,AEA,EN,Federal Contract Tower,0,9,28,5,42,0,0,6,0,6,0,9,34,5,48,6,0,6,54
12/23/2015,LNS,PA,AEA,EN,Federal Contract Tower,0,11,8,0,19,0,0,0,0,0,0,11,8,0,19,0,0,0,19
12/24/2015,LNS,PA,AEA,EN,Federal Contract Tower,0,10,10,0,20,0,0,11,0,11,0,10,21,0,31,26,0,26,57
12/25/2015,LNS,PA,AEA,EN,Federal Contract Tower,0,5,6,0,11,0,0,0,0,0,0,5,6,0,11,0,0,0,11
12/26/2015,LNS,PA,AEA,EN,Federal Contract Tower,0,6,25,0,31,0,0,26,0,26,0,6,51,0,57,38,0,38,95
12/27/2015,LNS,PA,AEA,EN,Federal Contract Tower,0,10,15,0,25,0,0,1,0,1,0,10,16,0,26,10,0,10,36
12/28/2015,LNS,PA,AEA,EN,Federal Contract Tower,0,10,16,7,33,0,0,68,0,68,0,10,84,7,101,106,14,120,221
12/29/2015,LNS,PA,AEA,EN,Federal Contract Tower,0,10,24,0,34,0,0,0,0,0,0,10,24,0,34,0,0,0,34
12/30/2015,LNS,PA,AEA,EN,Federal Contract Tower,0,11,24,3,38,0,0,2,0,2,0,11,26,3,40,2,0,2,42
12/31/2015,LNS,PA,AEA,EN,Federal Contract Tower,0,10,33,1,44,0,1,99,0,100,0,11,132,1,144,80,0,80,224
01/01/2016,LNS,PA,AEA,EN,Federal Contract Tower,0,12,9,0,21,0,0,19,0,19,0,12,28,0,40,24,0,24,64
01/02/2016,LNS,PA,AEA,EN,Federal Contract Tower,0,5,33,0,38,0,0,162,0,162,0,5,195,0,200,118,0,118,318
01/03/2016,LNS,PA,AEA,EN,Federal Contract Tower,0,11,27,0,38,0,0,117,0,117,0,11,144,0,155,90,0,90,245
01/04/2016,LNS,PA,AEA,EN,Federal Contract Tower,0,12,23,2,37,0,0,55,0,55,0,12,78,2,92,32,4,36,128
01/05/2016,LNS,PA,AEA,EN,Federal Contract Tower,0,10,23,10,43,0,2,99,2,103,0,12,122,12,146,78,24,102,248
01/06/2016,LNS,PA,AEA,EN,Federal Contract Tower,0,17,15,4,36,0,0,143,2,145,0,17,158,6,181,186,0,186,367
01/07/2016,LNS,PA,AEA,EN,Federal Contract Tower,0,13,27,15,55,0,0,52,1,53,0,13,79,16,108,108,12,120,228
01/08/2016,LNS,PA,AEA,EN,Federal Contract Tower,0,7,27,0,34,0,0,9,0,9,0,7,36,0,43,16,0,16,59
01/09/2016,LNS,PA,AEA,EN,Federal Contract Tower,0,5,19,1,25,0,0,2,0,2,0,5,21,1,27,6,2,8,35
01/10/2016,LNS,PA,AEA,EN,Federal Contract Tower,0,8,10,2,20,0,0,11,0,11,0,8,21,2,31,2,0,2,33
01/11/2016,LNS,PA,AEA,EN,Federal Contract Tower,0,6,44,4,54,0,0,75,0,75,0,6,119,4,129,74,0,74,203
01/12/2016,LNS,PA,AEA,EN,Federal Contract Tower,0,12,12,1,25,0,0,39,9,48,0,12,51,10,73,60,32,92,165
01/13/2016,LNS,PA,AEA,EN,Federal Contract Tower,0,16,16,8,40,0,0,58,7,65,0,16,74,15,105,48,24,72,177
01/14/2016,LNS,PA,AEA,EN,Federal Contract Tower,0,20,13,2,35,0,2,172,2,176,0,22,185,4,211,76,4,80,291
01/15/2016,LNS,PA,AEA,EN,Federal Contract Tower,0,20,35,3,58,0,17,156,5,178,0,37,191,8,236,152,22,174,410
01/16/2016,LNS,PA,AEA,EN,Federal Contract Tower,0,6,7,0,13,0,0,73,0,73,0,6,80,0,86,78,0,78,164
01/17/2016,LNS,PA,AEA,EN,Federal Contract Tower,0,7,14,0,21,0,0,55,0,55,0,7,69,0,76,60,0,60,136
01/18/2016,LNS,PA,AEA,EN,Federal Contract Tower,0,11,10,0,21,0,0,17,0,17,0,11,27,0,38,26,0,26,64
01/19/2016,LNS,PA,AEA,EN,Federal Contract Tower,0,14,16,6,36,0,0,34,2,36,0,14,50,8,72,54,16,70,142
01/20/2016,LNS,PA,AEA,EN,Federal Contract Tower,0,11,39,8,58,0,0,72,0,72,0,11,111,8,130,118,2,120,250
01/21/2016,LNS,PA,AEA,EN,Federal Contract Tower,0,15,15,1,31,0,3,89,9,101,0,18,104,10,132,148,22,170,302
01/22/2016,LNS,PA,AEA,EN,Federal Contract Tower,0,11,13,5,29,0,2,49,0,51,0,13,62,5,80,48,2,50,130
01/23/2016,LNS,PA,AEA,EN,Federal Contract Tower,0,0,0,0,0,0,0,0,0,0,0,0,0,0,0,0,0,0,0
01/24/2016,LNS,PA,AEA,EN,Federal Contract Tower,0,0,4,0,4,0,0,1,0,1,0,0,5,0,5,0,0,0,5
01/25/2016,LNS,PA,AEA,EN,Federal Contract Tower,0,7,8,0,15,0,0,36,0,36,0,7,44,0,51,42,0,42,93
01/26/2016,LNS,PA,AEA,EN,Federal Contract Tower,0,9,12,4,25,0,0,21,0,21,0,9,33,4,46,48,8,56,102
01/27/2016,LNS,PA,AEA,EN,Federal Contract Tower,0,10,18,10,38,0,0,43,3,46,0,10,61,13,84,96,14,110,194
01/28/2016,LNS,PA,AEA,EN,Federal Contract Tower,0,15,17,11,43,0,0,68,3,71,0,15,85,14,114,96,30,126,240
01/29/2016,LNS,PA,AEA,EN,Federal Contract Tower,0,13,14,7,34,0,0,40,3,43,0,13,54,10,77,28,8,36,113
01/30/2016,LNS,PA,AEA,EN,Federal Contract Tower,0,5,13,0,18,0,0,146,0,146,0,5,159,0,164,200,0,200,364
01/31/2016,LNS,PA,AEA,EN,Federal Contract Tower,0,7,7,0,14,0,2,165,0,167,0,9,172,0,181,126,0,126,307
02/01/2016,LNS,PA,AEA,EN,Federal Contract Tower,0,11,14,0,25,0,0,39,0,39,0,11,53,0,64,46,2,48,112
02/02/2016,LNS,PA,AEA,EN,Federal Contract Tower,0,14,28,8,50,0,0,140,0,140,0,14,168,8,190,114,0,114,304
02/03/2016,LNS,PA,AEA,EN,Federal Contract Tower,0,11,8,0,19,0,0,0,0,0,0,11,8,0,19,0,0,0,19
02/04/2016,LNS,PA,AEA,EN,Federal Contract Tower,0,16,14,0,30,0,0,68,2,70,0,16,82,2,100,76,34,110,210
02/05/2016,LNS,PA,AEA,EN,Federal Contract Tower,0,12,33,5,50,0,0,78,3,81,0,12,111,8,131,32,22,54,185
02/06/2016,LNS,PA,AEA,EN,Federal Contract Tower,0,12,26,4,42,0,0,251,0,251,0,12,277,4,293,186,6,192,485
02/07/2016,LNS,PA,AEA,EN,Federal Contract Tower,0,14,21,0,35,0,0,159,0,159,0,14,180,0,194,138,0,138,332
02/08/2016,LNS,PA,AEA,EN,Federal Contract Tower,0,15,24,7,46,0,0,47,2,49,0,15,71,9,95,102,18,120,215
02/09/2016,LNS,PA,AEA,EN,Federal Contract Tower,0,0,6,0,6,0,0,0,0,0,0,0,6,0,6,0,0,0,6
02/10/2016,LNS,PA,AEA,EN,Federal Contract Tower,0,18,25,6,49,0,0,44,2,46,0,18,69,8,95,10,12,22,117
02/11/2016,LNS,PA,AEA,EN,Federal Contract Tower,0,12,7,4,23,0,0,36,0,36,0,12,43,4,59,10,0,10,69
02/12/2016,LNS,PA,AEA,EN,Federal Contract Tower,0,22,25,1,48,0,0,100,0,100,0,22,125,1,148,80,0,80,228
02/13/2016,LNS,PA,AEA,EN,Federal Contract Tower,0,4,7,0,11,0,0,11,0,11,0,4,18,0,22,8,0,8,30
02/14/2016,LNS,PA,AEA,EN,Federal Contract Tower,0,8,5,0,13,0,0,61,0,61,0,8,66,0,74,108,0,108,182
02/15/2016,LNS,PA,AEA,EN,Federal Contract Tower,0,4,8,0,12,0,0,11,0,11,0,4,19,0,23,20,0,20,43
02/16/2016,LNS,PA,AEA,EN,Federal Contract Tower,0,10,2,2,14,0,1,2,4,7,0,11,4,6,21,2,16,18,39
02/17/2016,LNS,PA,AEA,EN,Federal Contract Tower,0,13,32,14,59,0,1,90,5,96,0,14,122,19,155,84,42,126,281
02/18/2016,LNS,PA,AEA,EN,Federal Contract Tower,0,13,31,11,55,0,0,130,7,137,0,13,161,18,192,161,52,213,405
02/19/2016,LNS,PA,AEA,EN,Federal Contract Tower,0,13,34,15,62,0,0,109,2,111,0,13,143,17,173,118,14,132,305
02/20/2016,LNS,PA,AEA,EN,Federal Contract Tower,0,7,33,1,41,0,1,110,2,113,0,8,143,3,154,148,2,150,304
02/21/2016,LNS,PA,AEA,EN,Federal Contract Tower,0,10,37,0,47,0,0,71,0,71,0,10,108,0,118,114,0,114,232
02/22/2016,LNS,PA,AEA,EN,Federal Contract Tower,0,11,27,3,41,0,0,160,4,164,0,11,187,7,205,96,4,100,305
02/23/2016,LNS,PA,AEA,EN,Federal Contract Tower,0,12,6,0,18,0,0,1,0,1,0,12,7,0,19,0,0,0,19
02/24/2016,LNS,PA,AEA,EN,Federal Contract Tower,0,10,6,0,16,0,0,0,0,0,0,10,6,0,16,0,0,0,16
02/25/2016,LNS,PA,AEA,EN,Federal Contract Tower,0,13,12,0,25,0,0,42,0,42,0,13,54,0,67,48,0,48,115
02/26/2016,LNS,PA,AEA,EN,Federal Contract Tower,0,13,24,6,43,0,1,43,3,47,0,14,67,9,90,6,12,18,108
02/27/2016,LNS,PA,AEA,EN,Federal Contract Tower,0,6,21,0,27,0,0,146,0,146,0,6,167,0,173,162,0,162,335
02/28/2016,LNS,PA,AEA,EN,Federal Contract Tower,0,8,18,0,26,0,0,127,0,127,0,8,145,0,153,130,0,130,283
02/29/2016,LNS,PA,AEA,EN,Federal Contract Tower,0,10,14,6,30,0,0,42,0,42,0,10,56,6,72,30,20,50,122
03/01/2016,LNS,PA,AEA,EN,Federal Contract Tower,0,10,18,7,35,0,0,134,4,138,0,10,152,11,173,70,12,82,255
03/02/2016,LNS,PA,AEA,EN,Federal Contract Tower,0,7,11,1,19,0,1,19,9,29,0,8,30,10,48,8,84,92,140
03/03/2016,LNS,PA,AEA,EN,Federal Contract Tower,0,14,33,10,57,0,0,110,3,113,0,14,143,13,170,88,18,106,276
03/04/2016,LNS,PA,AEA,EN,Federal Contract Tower,0,17,12,24,53,0,0,20,3,23,0,17,32,27,76,66,28,94,170
03/05/2016,LNS,PA,AEA,EN,Federal Contract Tower,0,7,23,0,30,0,0,151,0,151,0,7,174,0,181,130,0,130,311
03/06/2016,LNS,PA,AEA,EN,Federal Contract Tower,0,12,20,0,32,0,3,85,0,88,0,15,105,0,120,100,0,100,220
03/07/2016,LNS,PA,AEA,EN,Federal Contract Tower,0,12,35,8,55,0,2,86,0,88,0,14,121,8,143,110,0,110,253
03/09/2016,LNS,PA,AEA,EN,Federal Contract Tower,0,12,36,6,54,0,0,156,3,159,0,12,192,9,213,114,6,120,333
03/10/2016,LNS,PA,AEA,EN,Federal Contract Tower,0,14,32,7,53,0,0,111,7,118,0,14,143,14,171,132,30,162,333
03/11/2016,LNS,PA,AEA,EN,Federal Contract Tower,0,10,31,8,49,0,0,81,0,81,0,10,112,8,130,72,0,72,202
03/12/2016,LNS,PA,AEA,EN,Federal Contract Tower,0,6,44,0,50,0,0,195,0,195,0,6,239,0,245,240,0,240,485
03/13/2016,LNS,PA,AEA,EN,Federal Contract Tower,0,4,15,0,19,0,0,26,0,26,0,4,41,0,45,2,0,2,47
03/14/2016,LNS,PA,AEA,EN,Federal Contract Tower,0,10,20,0,30,0,0,6,0,6,0,10,26,0,36,44,0,44,80
03/15/2016,LNS,PA,AEA,EN,Federal Contract Tower,0,16,37,0,53,0,0,10,0,10,0,16,47,0,63,36,0,36,99
03/16/2016,LNS,PA,AEA,EN,Federal Contract Tower,0,12,24,6,42,0,0,77,2,79,0,12,101,8,121,124,8,132,253
03/17/2016,LNS,PA,AEA,EN,Federal Contract Tower,0,16,32,0,48,0,0,60,1,61,0,16,92,1,109,82,6,88,197
03/18/2016,LNS,PA,AEA,EN,Federal Contract Tower,0,17,29,3,49,0,63,5,0,68,0,80,34,3,117,68,10,78,195
03/19/2016,LNS,PA,AEA,EN,Federal Contract Tower,0,5,15,1,21,0,0,83,0,83,0,5,98,1,104,160,0,160,264
03/20/2016,LNS,PA,AEA,EN,Federal Contract Tower,0,8,13,0,21,0,0,51,0,51,0,8,64,0,72,76,0,76,148
03/21/2016,LNS,PA,AEA,EN,Federal Contract Tower,0,10,20,5,35,0,0,47,1,48,0,10,67,6,83,12,40,52,135
03/22/2016,LNS,PA,AEA,EN,Federal Contract Tower,0,10,16,8,34,0,0,98,1,99,0,10,114,9,133,98,2,100,233
03/23/2016,LNS,PA,AEA,EN,Federal Contract Tower,0,12,18,0,30,0,0,135,2,137,0,12,153,2,167,186,2,188,355
03/24/2016,LNS,PA,AEA,EN,Federal Contract Tower,0,11,12,5,28,0,0,108,2,110,0,11,120,7,138,84,14,98,236
03/25/2016,LNS,PA,AEA,EN,Federal Contract Tower,0,12,27,1,40,0,0,48,4,52,0,12,75,5,92,102,4,106,198
03/26/2016,LNS,PA,AEA,EN,Federal Contract Tower,1,4,18,0,23,0,0,236,0,236,1,4,254,0,259,210,0,210,469
03/27/2016,LNS,PA,AEA,EN,Federal Contract Tower,1,6,30,0,37,0,0,2,0,2,1,6,32,0,39,4,0,4,43
03/28/2016,LNS,PA,AEA,EN,Federal Contract Tower,0,16,18,0,34,0,0,4,0,4,0,16,22,0,38,6,0,6,44
03/29/2016,LNS,PA,AEA,EN,Federal Contract Tower,0,10,17,10,37,0,2,39,0,41,0,12,56,10,78,12,0,12,90
03/30/2016,LNS,PA,AEA,EN,Federal Contract Tower,0,13,47,2,62,0,0,170,1,171,0,13,217,3,233,150,6,156,389
03/31/2016,LNS,PA,AEA,EN,Federal Contract Tower,0,14,16,4,34,0,0,65,4,69,0,14,81,8,103,32,38,70,173
04/01/2016,LNS,PA,AEA,EN,Federal Contract Tower,0,11,17,2,30,0,1,23,5,29,0,12,40,7,59,62,6,68,127
04/02/2016,LNS,PA,AEA,EN,Federal Contract Tower,2,4,13,0,19,0,0,70,0,70,2,4,83,0,89,78,0,78,167
04/03/2016,LNS,PA,AEA,EN,Federal Contract Tower,0,6,8,0,14,0,0,18,0,18,0,6,26,0,32,42,0,42,74
04/04/2016,LNS,PA,AEA,EN,Federal Contract Tower,0,10,19,1,30,0,0,33,0,33,0,10,52,1,63,70,2,72,135
04/05/2016,LNS,PA,AEA,EN,Federal Contract Tower,2,10,19,2,33,0,4,85,6,95,2,14,104,8,128,64,8,72,200
04/06/2016,LNS,PA,AEA,EN,Federal Contract Tower,0,14,21,5,40,0,0,80,4,84,0,14,101,9,124,44,10,54,178
04/07/2016,LNS,PA,AEA,EN,Federal Contract Tower,0,15,14,0,29,0,0,8,0,8,0,15,22,0,37,2,0,2,39
04/08/2016,LNS,PA,AEA,EN,Federal Contract Tower,0,9,24,2,35,0,0,46,0,46,0,9,70,2,81,32,0,32,113
04/09/2016,LNS,PA,AEA,EN,Federal Contract Tower,0,0,1,0,1,0,0,0,0,0,0,0,1,0,1,0,0,0,1
04/10/2016,LNS,PA,AEA,EN,Federal Contract Tower,0,6,26,0,32,0,0,175,1,176,0,6,201,1,208,186,6,192,400
04/11/2016,LNS,PA,AEA,EN,Federal Contract Tower,0,10,31,3,44,0,0,40,1,41,0,10,71,4,85,94,8,102,187
04/12/2016,LNS,PA,AEA,EN,Federal Contract Tower,0,10,26,7,43,0,0,50,3,53,0,10,76,10,96,80,0,80,176
04/13/2016,LNS,PA,AEA,EN,Federal Contract Tower,0,13,36,0,49,0,1,129,4,134,0,14,165,4,183,128,0,128,311
04/14/2016,LNS,PA,AEA,EN,Federal Contract Tower,0,24,40,0,64,0,0,157,4,161,0,24,197,4,225,64,0,64,289
04/15/2016,LNS,PA,AEA,EN,Federal Contract Tower,0,13,29,1,43,0,6,187,1,194,0,19,216,2,237,122,14,136,373
04/16/2016,LNS,PA,AEA,EN,Federal Contract Tower,0,4,28,0,32,0,0,220,0,220,0,4,248,0,252,104,0,104,356
04/17/2016,LNS,PA,AEA,EN,Federal Contract Tower,0,7,14,0,21,0,2,178,0,180,0,9,192,0,201,108,0,108,309
04/18/2016,LNS,PA,AEA,EN,Federal Contract Tower,0,14,27,0,41,0,0,102,0,102,0,14,129,0,143,150,0,150,293
04/19/2016,LNS,PA,AEA,EN,Federal Contract Tower,0,13,21,1,35,0,0,81,2,83,0,13,102,3,118,80,8,88,206
04/20/2016,LNS,PA,AEA,EN,Federal Contract Tower,0,14,25,12,51,0,0,146,15,161,0,14,171,27,212,116,28,144,356
04/21/2016,LNS,PA,AEA,EN,Federal Contract Tower,0,13,25,2,40,0,0,116,3,119,0,13,141,5,159,80,4,84,243
04/22/2016,LNS,PA,AEA,EN,Federal Contract Tower,1,15,18,6,40,0,0,67,2,69,1,15,85,8,109,48,8,56,165
04/23/2016,LNS,PA,AEA,EN,Federal Contract Tower,0,6,20,0,26,0,0,38,0,38,0,6,58,0,64,52,0,52,116
04/24/2016,LNS,PA,AEA,EN,Federal Contract Tower,0,19,18,0,37,0,0,184,0,184,0,19,202,0,221,176,0,176,397
04/25/2016,LNS,PA,AEA,EN,Federal Contract Tower,0,14,33,4,51,0,0,89,2,91,0,14,122,6,142,82,28,110,252
04/26/2016,LNS,PA,AEA,EN,Federal Contract Tower,0,12,27,5,44,0,0,35,3,38,0,12,62,8,82,54,16,70,152
04/27/2016,LNS,PA,AEA,EN,Federal Contract Tower,0,16,56,2,74,0,0,15,1,16,0,16,71,3,90,84,2,86,176
04/28/2016,LNS,PA,AEA,EN,Federal Contract Tower,0,25,42,1,68,0,2,17,2,21,0,27,59,3,89,32,14,46,135
04/29/2016,LNS,PA,AEA,EN,Federal Contract Tower,0,10,50,0,60,0,0,3,0,3,0,10,53,0,63,0,0,0,63
04/30/2016,LNS,PA,AEA,EN,Federal Contract Tower,0,13,28,0,41,0,2,94,0,96,0,15,122,0,137,142,0,142,279
05/01/2016,LNS,PA,AEA,EN,Federal Contract Tower,0,13,42,0,55,0,0,0,0,0,0,13,42,0,55,0,0,0,55
05/02/2016,LNS,PA,AEA,EN,Federal Contract Tower,0,12,33,0,45,0,0,15,0,15,0,12,48,0,60,20,0,20,80
05/03/2016,LNS,PA,AEA,EN,Federal Contract Tower,0,16,40,4,60,0,0,6,0,6,0,16,46,4,66,42,12,54,120
05/04/2016,LNS,PA,AEA,EN,Federal Contract Tower,0,13,44,12,69,0,0,0,0,0,0,13,44,12,69,0,0,0,69
05/05/2016,LNS,PA,AEA,EN,Federal Contract Tower,0,15,59,0,74,0,0,37,0,37,0,15,96,0,111,60,0,60,171
05/06/2016,LNS,PA,AEA,EN,Federal Contract Tower,0,12,42,3,57,0,0,1,0,1,0,12,43,3,58,4,6,10,68
05/07/2016,LNS,PA,AEA,EN,Federal Contract Tower,0,11,46,0,57,0,0,70,0,70,0,11,116,0,127,124,0,124,251
05/08/2016,LNS,PA,AEA,EN,Federal Contract Tower,0,7,19,2,28,0,0,59,1,60,0,7,78,3,88,44,6,50,138
05/09/2016,LNS,PA,AEA,EN,Federal Contract Tower,0,15,27,1,43,0,0,121,3,124,0,15,148,4,167,108,36,144,311
05/10/2016,LNS,PA,AEA,EN,Federal Contract Tower,0,24,29,6,59,0,0,47,0,47,0,24,76,6,106,110,6,116,222
05/11/2016,LNS,PA,AEA,EN,Federal Contract Tower,0,14,38,3,55,0,0,28,3,31,0,14,66,6,86,148,6,154,240
05/12/2016,LNS,PA,AEA,EN,Federal Contract Tower,0,13,39,3,55,0,1,73,3,77,0,14,112,6,132,128,20,148,280
05/13/2016,LNS,PA,AEA,EN,Federal Contract Tower,0,12,37,19,68,0,0,22,0,22,0,12,59,19,90,18,0,18,108
05/14/2016,LNS,PA,AEA,EN,Federal Contract Tower,1,6,19,0,26,0,0,83,0,83,1,6,102,0,109,78,0,78,187
05/15/2016,LNS,PA,AEA,EN,Federal Contract Tower,1,8,12,7,28,0,0,29,0,29,1,8,41,7,57,12,2,14,71
05/16/2016,LNS,PA,AEA,EN,Federal Contract Tower,0,18,26,6,50,0,0,113,4,117,0,18,139,10,167,126,14,140,307
05/17/2016,LNS,PA,AEA,EN,Federal Contract Tower,0,20,29,17,66,0,0,55,2,57,0,20,84,19,123,89,18,107,230
05/18/2016,LNS,PA,AEA,EN,Federal Contract Tower,0,11,28,8,47,0,0,75,1,76,0,11,103,9,123,68,18,86,209
05/19/2016,LNS,PA,AEA,EN,Federal Contract Tower,0,18,28,12,58,0,0,168,6,174,0,18,196,18,232,186,30,216,448
05/20/2016,LNS,PA,AEA,EN,Federal Contract Tower,0,17,35,7,59,0,0,241,4,245,0,17,276,11,304,196,8,204,508
05/21/2016,LNS,PA,AEA,EN,Federal Contract Tower,2,6,12,0,20,0,0,26,0,26,2,6,38,0,46,94,0,94,140
05/22/2016,LNS,PA,AEA,EN,Federal Contract Tower,0,12,28,0,40,0,0,28,0,28,0,12,56,0,68,74,0,74,142
05/23/2016,LNS,PA,AEA,EN,Federal Contract Tower,0,13,32,4,49,0,0,67,4,71,0,13,99,8,120,44,2,46,166
05/24/2016,LNS,PA,AEA,EN,Federal Contract Tower,0,15,28,15,58,0,3,159,4,166,0,18,187,19,224,120,14,134,358
05/25/2016,LNS,PA,AEA,EN,Federal Contract Tower,0,12,35,10,57,0,0,160,7,167,0,12,195,17,224,76,20,96,320
05/26/2016,LNS,PA,AEA,EN,Federal Contract Tower,0,12,42,4,58,0,0,119,0,119,0,12,161,4,177,58,0,58,235
05/27/2016,LNS,PA,AEA,EN,Federal Contract Tower,0,13,24,0,37,0,0,132,0,132,0,13,156,0,169,106,0,106,275
05/28/2016,LNS,PA,AEA,EN,Federal Contract Tower,0,10,30,0,40,0,0,128,0,128,0,10,158,0,168,120,0,120,288
05/29/2016,LNS,PA,AEA,EN,Federal Contract Tower,0,7,15,0,22,0,0,103,0,103,0,7,118,0,125,120,0,120,245
05/30/2016,LNS,PA,AEA,EN,Federal Contract Tower,0,16,17,0,33,0,0,53,0,53,0,16,70,0,86,2,0,2,88
05/31/2016,LNS,PA,AEA,EN,Federal Contract Tower,0,14,41,13,68,0,0,111,0,111,0,14,152,13,179,74,16,90,269
06/01/2016,LNS,PA,AEA,EN,Federal Contract Tower,0,15,27,10,52,0,4,108,3,115,0,19,135,13,167,76,28,104,271
06/02/2016,LNS,PA,AEA,EN,Federal Contract Tower,0,13,50,0,63,0,0,97,5,102,0,13,147,5,165,62,22,84,249
06/03/2016,LNS,PA,AEA,EN,Federal Contract Tower,0,18,55,0,73,0,0,22,0,22,0,18,77,0,95,72,0,72,167
06/04/2016,LNS,PA,AEA,EN,Federal Contract Tower,0,5,57,0,62,0,0,57,0,57,0,5,114,0,119,136,4,140,259
06/05/2016,LNS,PA,AEA,EN,Federal Contract Tower,0,8,18,0,26,0,0,8,0,8,0,8,26,0,34,36,0,36,70
06/06/2016,LNS,PA,AEA,EN,Federal Contract Tower,0,13,37,0,50,0,0,132,0,132,0,13,169,0,182,148,0,148,330
06/07/2016,LNS,PA,AEA,EN,Federal Contract Tower,0,11,27,5,43,0,0,88,1,89,0,11,115,6,132,32,2,34,166
06/08/2016,LNS,PA,AEA,EN,Federal Contract Tower,0,9,15,8,32,0,1,43,2,46,0,10,58,10,78,62,8,70,148
06/09/2016,LNS,PA,AEA,EN,Federal Contract Tower,0,14,27,2,43,0,3,99,0,102,0,17,126,2,145,62,4,66,211
06/10/2016,LNS,PA,AEA,EN,Federal Contract Tower,0,20,36,0,56,0,0,185,4,189,0,20,221,4,245,134,32,166,411
06/11/2016,LNS,PA,AEA,EN,Federal Contract Tower,0,6,21,0,27,0,0,117,0,117,0,6,138,0,144,76,0,76,220
06/12/2016,LNS,PA,AEA,EN,Federal Contract Tower,0,16,7,0,23,0,0,46,1,47,0,16,53,1,70,22,2,24,94
06/13/2016,LNS,PA,AEA,EN,Federal Contract Tower,0,13,26,5,44,0,0,104,1,105,0,13,130,6,149,76,0,76,225
06/14/2016,LNS,PA,AEA,EN,Federal Contract Tower,0,16,30,8,54,0,0,164,0,164,0,16,194,8,218,156,26,182,400
06/15/2016,LNS,PA,AEA,EN,Federal Contract Tower,0,13,27,4,44,0,1,134,3,138,0,14,161,7,182,50,8,58,240
06/16/2016,LNS,PA,AEA,EN,Federal Contract Tower,0,11,41,0,52,0,0,0,0,0,0,11,41,0,52,6,0,6,58
06/17/2016,LNS,PA,AEA,EN,Federal Contract Tower,0,14,46,4,64,0,0,104,1,105,0,14,150,5,169,150,4,154,323
06/18/2016,LNS,PA,AEA,EN,Federal Contract Tower,0,4,22,0,26,0,0,184,0,184,0,4,206,0,210,120,0,120,330
06/19/2016,LNS,PA,AEA,EN,Federal Contract Tower,0,9,16,0,25,0,0,135,0,135,0,9,151,0,160,108,0,108,268
06/20/2016,LNS,PA,AEA,EN,Federal Contract Tower,0,14,22,1,37,0,2,151,0,153,0,16,173,1,190,118,0,118,308
06/21/2016,LNS,PA,AEA,EN,Federal Contract Tower,0,13,29,0,42,0,1,78,0,79,0,14,107,0,121,74,0,74,195
06/22/2016,LNS,PA,AEA,EN,Federal Contract Tower,0,13,36,6,55,0,1,104,1,106,0,14,140,7,161,156,14,170,331
06/23/2016,LNS,PA,AEA,EN,Federal Contract Tower,0,11,29,3,43,0,0,27,3,30,0,11,56,6,73,70,20,90,163
06/24/2016,LNS,PA,AEA,EN,Federal Contract Tower,0,11,45,1,57,0,0,119,0,119,0,11,164,1,176,220,2,222,398
06/25/2016,LNS,PA,AEA,EN,Federal Contract Tower,0,4,20,0,24,0,0,207,0,207,0,4,227,0,231,134,0,134,365
06/26/2016,LNS,PA,AEA,EN,Federal Contract Tower,0,6,22,0,28,0,0,135,0,135,0,6,157,0,163,84,0,84,247
06/27/2016,LNS,PA,AEA,EN,Federal Contract Tower,0,13,20,0,33,0,0,88,0,88,0,13,108,0,121,60,0,60,181
06/28/2016,LNS,PA,AEA,EN,Federal Contract Tower,0,12,39,4,55,0,0,22,4,26,0,12,61,8,81,48,0,48,129
06/29/2016,LNS,PA,AEA,EN,Federal Contract Tower,0,7,43,4,54,0,1,173,0,174,0,8,216,4,228,146,12,158,386
06/30/2016,LNS,PA,AEA,EN,Federal Contract Tower,0,6,39,19,64,0,1,184,2,187,0,7,223,21,251,194,32,226,477
07/01/2016,LNS,PA,AEA,EN,Federal Contract Tower,0,14,21,7,42,0,0,87,0,87,0,14,108,7,129,86,6,92,221
07/02/2016,LNS,PA,AEA,EN,Federal Contract Tower,0,4,9,0,13,0,0,127,0,127,0,4,136,0,140,182,0,182,322
07/03/2016,LNS,PA,AEA,EN,Federal Contract Tower,0,6,13,0,19,0,0,85,0,85,0,6,98,0,104,34,0,34,138
07/04/2016,LNS,PA,AEA,EN,Federal Contract Tower,0,13,23,0,36,0,0,20,0,20,0,13,43,0,56,34,0,34,90
07/05/2016,LNS,PA,AEA,EN,Federal Contract Tower,0,12,32,8,52,0,0,68,6,74,0,12,100,14,126,84,22,106,232
07/06/2016,LNS,PA,AEA,EN,Federal Contract Tower,0,12,35,10,57,0,0,121,1,122,0,12,156,11,179,209,8,217,396
07/07/2016,LNS,PA,AEA,EN,Federal Contract Tower,0,10,17,13,40,0,0,85,13,98,0,10,102,26,138,60,34,94,232
07/08/2016,LNS,PA,AEA,EN,Federal Contract Tower,0,16,25,8,49,0,0,116,1,117,0,16,141,9,166,100,0,100,266
07/09/2016,LNS,PA,AEA,EN,Federal Contract Tower,0,8,30,0,38,0,0,63,0,63,0,8,93,0,101,68,0,68,169
07/10/2016,LNS,PA,AEA,EN,Federal Contract Tower,0,9,20,0,29,0,0,98,0,98,0,9,118,0,127,92,0,92,219
07/11/2016,LNS,PA,AEA,EN,Federal Contract Tower,0,9,24,18,51,0,4,172,6,182,0,13,196,24,233,148,18,166,399
07/12/2016,LNS,PA,AEA,EN,Federal Contract Tower,0,14,31,7,52,0,1,106,1,108,0,15,137,8,160,42,4,46,206
07/13/2016,LNS,PA,AEA,EN,Federal Contract Tower,0,15,38,5,58,0,0,13,1,14,0,15,51,6,72,34,2,36,108
07/14/2016,LNS,PA,AEA,EN,Federal Contract Tower,0,17,27,2,46,0,5,67,0,72,0,22,94,2,118,92,0,92,210
07/15/2016,LNS,PA,AEA,EN,Federal Contract Tower,0,16,31,5,52,0,0,120,4,124,0,16,151,9,176,86,22,108,284
07/16/2016,LNS,PA,AEA,EN,Federal Contract Tower,0,7,27,0,34,0,1,120,0,121,0,8,147,0,155,132,0,132,287
07/17/2016,LNS,PA,AEA,EN,Federal Contract Tower,0,8,18,0,26,0,0,140,5,145,0,8,158,5,171,126,0,126,297
07/18/2016,LNS,PA,AEA,EN,Federal Contract Tower,0,13,22,8,43,0,2,72,0,74,0,15,94,8,117,60,0,60,177
07/19/2016,LNS,PA,AEA,EN,Federal Contract Tower,0,14,39,24,77,0,0,76,3,79,0,14,115,27,156,130,14,144,300
07/20/2016,LNS,PA,AEA,EN,Federal Contract Tower,0,10,27,3,40,0,0,188,2,190,0,10,215,5,230,110,10,120,350
07/21/2016,LNS,PA,AEA,EN,Federal Contract Tower,0,15,31,2,48,0,0,157,5,162,0,15,188,7,210,64,8,72,282
07/22/2016,LNS,PA,AEA,EN,Federal Contract Tower,0,12,31,2,45,0,0,111,4,115,0,12,142,6,160,52,6,58,218
07/23/2016,LNS,PA,AEA,EN,Federal Contract Tower,0,5,13,0,18,0,0,66,2,68,0,5,79,2,86,36,4,40,126
07/24/2016,LNS,PA,AEA,EN,Federal Contract Tower,0,7,14,0,21,0,0,94,0,94,0,7,108,0,115,36,0,36,151
07/25/2016,LNS,PA,AEA,EN,Federal Contract Tower,0,9,19,3,31,0,0,46,7,53,0,9,65,10,84,36,0,36,120
07/26/2016,LNS,PA,AEA,EN,Federal Contract Tower,0,24,28,3,55,0,0,91,2,93,0,24,119,5,148,118,10,128,276
07/27/2016,LNS,PA,AEA,EN,Federal Contract Tower,0,15,22,11,48,0,1,121,5,127,0,16,143,16,175,90,36,126,301
07/28/2016,LNS,PA,AEA,EN,Federal Contract Tower,0,16,39,0,55,0,1,61,3,65,0,17,100,3,120,56,2,58,178
07/29/2016,LNS,PA,AEA,EN,Federal Contract Tower,0,11,53,5,69,0,0,92,2,94,0,11,145,7,163,74,0,74,237
07/30/2016,LNS,PA,AEA,EN,Federal Contract Tower,0,5,18,0,23,0,0,12,0,12,0,5,30,0,35,36,0,36,71
07/31/2016,LNS,PA,AEA,EN,Federal Contract Tower,0,12,27,0,39,0,0,55,0,55,0,12,82,0,94,26,0,26,120
08/01/2016,LNS,PA,AEA,EN,Federal Contract Tower,0,11,29,0,40,0,0,6,0,6,0,11,35,0,46,32,0,32,78
08/02/2016,LNS,PA,AEA,EN,Federal Contract Tower,0,10,35,6,51,0,0,59,4,63,0,10,94,10,114,82,6,88,202
08/03/2016,LNS,PA,AEA,EN,Federal Contract Tower,0,13,33,1,47,0,8,107,2,117,0,21,140,3,164,70,8,78,242
08/04/2016,LNS,PA,AEA,EN,Federal Contract Tower,0,11,30,11,52,0,1,112,0,113,0,12,142,11,165,104,8,112,277
08/05/2016,LNS,PA,AEA,EN,Federal Contract Tower,0,12,43,0,55,0,0,88,0,88,0,12,131,0,143,158,0,158,301
08/06/2016,LNS,PA,AEA,EN,Federal Contract Tower,0,6,18,0,24,0,0,44,0,44,0,6,62,0,68,46,0,46,114
08/07/2016,LNS,PA,AEA,EN,Federal Contract Tower,0,6,30,0,36,0,0,164,0,164,0,6,194,0,200,78,0,78,278
08/08/2016,LNS,PA,AEA,EN,Federal Contract Tower,0,13,14,0,27,0,2,114,0,116,0,15,128,0,143,96,0,96,239
08/09/2016,LNS,PA,AEA,EN,Federal Contract Tower,2,11,40,4,57,0,0,121,3,124,2,11,161,7,181,96,4,100,281
08/10/2016,LNS,PA,AEA,EN,Federal Contract Tower,0,15,29,2,46,0,0,71,3,74,0,15,100,5,120,102,8,110,230
08/11/2016,LNS,PA,AEA,EN,Federal Contract Tower,0,14,16,4,34,0,0,79,3,82,0,14,95,7,116,126,6,132,248
08/12/2016,LNS,PA,AEA,EN,Federal Contract Tower,0,20,28,0,48,0,0,76,1,77,0,20,104,1,125,114,0,114,239
08/13/2016,LNS,PA,AEA,EN,Federal Contract Tower,0,7,24,0,31,0,0,71,0,71,0,7,95,0,102,22,0,22,124
08/14/2016,LNS,PA,AEA,EN,Federal Contract Tower,0,13,18,0,31,0,0,49,0,49,0,13,67,0,80,66,0,66,146
08/15/2016,LNS,PA,AEA,EN,Federal Contract Tower,0,14,20,2,36,0,0,88,0,88,0,14,108,2,124,16,0,16,140
08/16/2016,LNS,PA,AEA,EN,Federal Contract Tower,0,10,34,8,52,0,0,43,2,45,0,10,77,10,97,30,14,44,141
08/17/2016,LNS,PA,AEA,EN,Federal Contract Tower,0,12,27,11,50,0,0,129,8,137,0,12,156,19,187,162,48,210,397
08/18/2016,LNS,PA,AEA,EN,Federal Contract Tower,0,11,23,3,37,0,0,113,5,118,0,11,136,8,155,98,20,118,273
08/19/2016,LNS,PA,AEA,EN,Federal Contract Tower,0,9,42,4,55,0,5,165,2,172,0,14,207,6,227,88,2,90,317
08/20/2016,LNS,PA,AEA,EN,Federal Contract Tower,0,5,18,0,23,0,0,133,1,134,0,5,151,1,157,96,2,98,255
08/21/2016,LNS,PA,AEA,EN,Federal Contract Tower,0,8,21,0,29,0,0,21,0,21,0,8,42,0,50,18,0,18,68
08/22/2016,LNS,PA,AEA,EN,Federal Contract Tower,0,11,27,2,40,0,0,120,2,122,0,11,147,4,162,24,10,34,196
08/23/2016,LNS,PA,AEA,EN,Federal Contract Tower,0,16,33,6,55,0,8,186,5,199,0,24,219,11,254,214,8,222,476
08/24/2016,LNS,PA,AEA,EN,Federal Contract Tower,0,25,22,6,53,0,3,164,5,172,0,28,186,11,225,90,16,106,331
08/25/2016,LNS,PA,AEA,EN,Federal Contract Tower,0,14,30,6,50,0,16,125,3,144,0,30,155,9,194,106,2,108,302
08/26/2016,LNS,PA,AEA,EN,Federal Contract Tower,0,21,28,16,65,0,2,94,2,98,0,23,122,18,163,158,22,180,343
08/27/2016,LNS,PA,AEA,EN,Federal Contract Tower,0,4,18,0,22,0,4,130,0,134,0,8,148,0,156,84,0,84,240
08/28/2016,LNS,PA,AEA,EN,Federal Contract Tower,0,6,16,0,22,0,17,132,0,149,0,23,148,0,171,108,0,108,279
08/29/2016,LNS,PA,AEA,EN,Federal Contract Tower,0,21,13,1,35,0,9,115,1,125,0,30,128,2,160,118,10,128,288
08/30/2016,LNS,PA,AEA,EN,Federal Contract Tower,0,13,19,0,32,0,0,155,4,159,0,13,174,4,191,172,4,176,367
08/31/2016,LNS,PA,AEA,EN,Federal Contract Tower,0,12,24,7,43,0,4,87,4,95,0,16,111,11,138,72,8,80,218
09/01/2016,LNS,PA,AEA,EN,Federal Contract Tower,0,13,39,2,54,0,0,54,1,55,0,13,93,3,109,78,6,84,193
09/02/2016,LNS,PA,AEA,EN,Federal Contract Tower,0,13,33,0,46,0,3,164,2,169,0,16,197,2,215,144,0,144,359
09/03/2016,LNS,PA,AEA,EN,Federal Contract Tower,0,9,13,0,22,0,2,54,1,57,0,11,67,1,79,86,0,86,165
09/04/2016,LNS,PA,AEA,EN,Federal Contract Tower,0,6,11,0,17,0,0,81,0,81,0,6,92,0,98,64,0,64,162
09/05/2016,LNS,PA,AEA,EN,Federal Contract Tower,0,10,9,0,19,0,0,90,0,90,0,10,99,0,109,49,0,49,158
09/06/2016,LNS,PA,AEA,EN,Federal Contract Tower,0,12,22,10,44,0,0,61,3,64,0,12,83,13,108,42,18,60,168
09/07/2016,LNS,PA,AEA,EN,Federal Contract Tower,0,12,31,3,46,0,0,102,1,103,0,12,133,4,149,38,8,46,195
09/08/2016,LNS,PA,AEA,EN,Federal Contract Tower,0,13,32,2,47,0,3,65,9,77,0,16,97,11,124,94,26,120,244
09/09/2016,LNS,PA,AEA,EN,Federal Contract Tower,0,17,30,0,47,0,0,93,1,94,0,17,123,1,141,46,2,48,189
09/10/2016,LNS,PA,AEA,EN,Federal Contract Tower,0,5,16,0,21,0,1,94,0,95,0,6,110,0,116,38,0,38,154
09/11/2016,LNS,PA,AEA,EN,Federal Contract Tower,0,7,15,2,24,0,0,77,0,77,0,7,92,2,101,10,2,12,113
09/12/2016,LNS,PA,AEA,EN,Federal Contract Tower,0,12,22,0,34,0,1,132,2,135,0,13,154,2,169,134,14,148,317
09/13/2016,LNS,PA,AEA,EN,Federal Contract Tower,0,15,33,5,53,0,0,127,2,129,0,15,160,7,182,78,10,88,270
09/14/2016,LNS,PA,AEA,EN,Federal Contract Tower,0,12,28,3,43,0,0,104,4,108,0,12,132,7,151,88,2,90,241
09/15/2016,LNS,PA,AEA,EN,Federal Contract Tower,0,15,34,0,49,0,0,121,4,125,0,15,155,4,174,134,0,134,308
09/16/2016,LNS,PA,AEA,EN,Federal Contract Tower,0,14,47,10,71,0,0,133,1,134,0,14,180,11,205,140,6,146,351
09/17/2016,LNS,PA,AEA,EN,Federal Contract Tower,0,4,38,0,42,0,0,113,0,113,0,4,151,0,155,54,0,54,209
09/18/2016,LNS,PA,AEA,EN,Federal Contract Tower,0,11,25,0,36,0,0,59,0,59,0,11,84,0,95,72,0,72,167
09/19/2016,LNS,PA,AEA,EN,Federal Contract Tower,0,10,33,2,45,0,0,24,0,24,0,10,57,2,69,62,0,62,131
09/20/2016,LNS,PA,AEA,EN,Federal Contract Tower,0,24,37,7,68,0,7,65,0,72,0,31,102,7,140,184,10,194,334
09/21/2016,LNS,PA,AEA,EN,Federal Contract Tower,0,13,24,11,48,0,7,151,10,168,0,20,175,21,216,84,50,134,350
09/22/2016,LNS,PA,AEA,EN,Federal Contract Tower,0,12,28,7,47,0,0,127,4,131,0,12,155,11,178,110,6,116,294
09/24/2016,LNS,PA,AEA,EN,Federal Contract Tower,0,9,33,0,42,0,0,85,0,85,0,9,118,0,127,54,0,54,181
09/25/2016,LNS,PA,AEA,EN,Federal Contract Tower,0,11,27,0,38,0,2,184,0,186,0,13,211,0,224,46,0,46,270
09/26/2016,LNS,PA,AEA,EN,Federal Contract Tower,0,10,40,2,52,0,0,62,2,64,0,10,102,4,116,52,0,52,168
09/27/2016,LNS,PA,AEA,EN,Federal Contract Tower,0,14,25,8,47,0,2,120,4,126,0,16,145,12,173,96,24,120,293
09/28/2016,LNS,PA,AEA,EN,Federal Contract Tower,0,5,40,6,51,0,0,20,0,20,0,5,60,6,71,66,0,66,137
09/29/2016,LNS,PA,AEA,EN,Federal Contract Tower,0,11,31,1,43,0,0,0,0,0,0,11,31,1,43,4,2,6,49
09/30/2016,LNS,PA,AEA,EN,Federal Contract Tower,0,9,42,6,57,0,0,11,0,11,0,9,53,6,68,60,0,60,128
10/01/2016,LNS,PA,AEA,EN,Federal Contract Tower,2,8,34,0,44,0,0,0,0,0,2,8,34,0,44,8,0,8,52
10/02/2016,LNS,PA,AEA,EN,Federal Contract Tower,0,8,40,0,48,0,0,10,0,10,0,8,50,0,58,20,0,20,78
10/03/2016,LNS,PA,AEA,EN,Federal Contract Tower,0,19,36,0,55,0,9,95,0,104,0,28,131,0,159,158,0,158,317
10/04/2016,LNS,PA,AEA,EN,Federal Contract Tower,0,15,34,3,52,0,3,71,0,74,0,18,105,3,126,274,6,280,406
10/05/2016,LNS,PA,AEA,EN,Federal Contract Tower,0,14,39,0,53,0,2,140,1,143,0,16,179,1,196,140,2,142,338
10/06/2016,LNS,PA,AEA,EN,Federal Contract Tower,0,22,41,0,63,0,11,146,0,157,0,33,187,0,220,104,0,104,324
10/07/2016,LNS,PA,AEA,EN,Federal Contract Tower,0,20,25,1,46,0,11,147,2,160,0,31,172,3,206,92,6,98,304
10/08/2016,LNS,PA,AEA,EN,Federal Contract Tower,0,14,33,0,47,0,0,8,0,8,0,14,41,0,55,22,0,22,77
10/09/2016,LNS,PA,AEA,EN,Federal Contract Tower,0,10,8,0,18,0,2,21,0,23,0,12,29,0,41,10,0,10,51
10/10/2016,LNS,PA,AEA,EN,Federal Contract Tower,0,15,27,0,42,0,0,97,0,97,0,15,124,0,139,104,0,104,243
10/11/2016,LNS,PA,AEA,EN,Federal Contract Tower,0,18,35,2,55,0,0,144,6,150,0,18,179,8,205,134,16,150,355
10/12/2016,LNS,PA,AEA,EN,Federal Contract Tower,0,16,27,12,55,0,0,118,2,120,0,16,145,14,175,96,20,116,291
10/13/2016,LNS,PA,AEA,EN,Federal Contract Tower,0,17,38,2,57,0,0,83,1,84,0,17,121,3,141,156,6,162,303
10/14/2016,LNS,PA,AEA,EN,Federal Contract Tower,0,22,37,0,59,0,1,162,4,167,0,23,199,4,226,94,0,94,320
10/15/2016,LNS,PA,AEA,EN,Federal Contract Tower,0,6,21,0,27,0,10,181,0,191,0,16,202,0,218,100,0,100,318
10/16/2016,LNS,PA,AEA,EN,Federal Contract Tower,0,12,32,2,46,0,1,133,0,134,0,13,165,2,180,104,4,108,288
10/17/2016,LNS,PA,AEA,EN,Federal Contract Tower,0,13,24,4,41,0,0,86,5,91,0,13,110,9,132,106,20,126,258
10/18/2016,LNS,PA,AEA,EN,Federal Contract Tower,0,11,27,1,39,0,1,106,2,109,0,12,133,3,148,126,0,126,274
10/19/2016,LNS,PA,AEA,EN,Federal Contract Tower,0,16,25,3,44,0,0,143,0,143,0,16,168,3,187,156,4,160,347
10/20/2016,LNS,PA,AEA,EN,Federal Contract Tower,0,17,18,8,43,0,0,51,2,53,0,17,69,10,96,53,0,53,149
10/21/2016,LNS,PA,AEA,EN,Federal Contract Tower,0,2,46,0,48,0,0,25,0,25,0,2,71,0,73,50,0,50,123
10/22/2016,LNS,PA,AEA,EN,Federal Contract Tower,0,9,11,0,20,0,0,9,0,9,0,9,20,0,29,18,0,18,47
10/23/2016,LNS,PA,AEA,EN,Federal Contract Tower,0,12,17,0,29,0,4,55,0,59,0,16,72,0,88,34,0,34,122
10/24/2016,LNS,PA,AEA,EN,Federal Contract Tower,0,9,20,0,29,0,0,64,0,64,0,9,84,0,93,54,0,54,147
10/25/2016,LNS,PA,AEA,EN,Federal Contract Tower,0,13,21,6,40,0,0,88,0,88,0,13,109,6,128,66,8,74,202
10/26/2016,LNS,PA,AEA,EN,Federal Contract Tower,0,12,40,9,61,0,0,177,0,177,0,12,217,9,238,214,6,220,458
10/27/2016,LNS,PA,AEA,EN,Federal Contract Tower,0,11,35,3,49,0,0,15,0,15,0,11,50,3,64,78,6,84,148
10/28/2016,LNS,PA,AEA,EN,Federal Contract Tower,0,13,27,3,43,0,2,85,0,87,0,15,112,3,130,74,6,80,210
10/29/2016,LNS,PA,AEA,EN,Federal Contract Tower,0,4,25,0,29,0,1,166,2,169,0,5,191,2,198,116,4,120,318
10/30/2016,LNS,PA,AEA,EN,Federal Contract Tower,0,6,10,0,16,0,0,94,8,102,0,6,104,8,118,74,0,74,192
10/31/2016,LNS,PA,AEA,EN,Federal Contract Tower,0,6,45,4,55,0,1,111,2,114,0,7,156,6,169,96,6,102,271
11/01/2016,LNS,PA,AEA,EN,Federal Contract Tower,0,11,34,4,49,0,0,86,0,86,0,11,120,4,135,66,16,82,217
11/02/2016,LNS,PA,AEA,EN,Federal Contract Tower,0,12,33,6,51,0,0,139,0,139,0,12,172,6,190,184,2,186,376
11/03/2016,LNS,PA,AEA,EN,Federal Contract Tower,0,12,31,2,45,0,0,41,3,44,0,12,72,5,89,70,6,76,165
11/04/2016,LNS,PA,AEA,EN,Federal Contract Tower,0,10,37,3,50,0,0,121,0,121,0,10,158,3,171,116,2,118,289
11/05/2016,LNS,PA,AEA,EN,Federal Contract Tower,0,5,24,0,29,0,4,211,0,215,0,9,235,0,244,132,0,132,376
11/06/2016,LNS,PA,AEA,EN,Federal Contract Tower,0,12,19,0,31,0,0,88,0,88,0,12,107,0,119,86,0,86,205
11/07/2016,LNS,PA,AEA,EN,Federal Contract Tower,0,15,14,2,31,0,0,140,11,151,0,15,154,13,182,122,36,158,340
11/08/2016,LNS,PA,AEA,EN,Federal Contract Tower,0,14,13,7,34,0,1,171,4,176,0,15,184,11,210,198,8,206,416
11/09/2016,LNS,PA,AEA,EN,Federal Contract Tower,0,13,54,10,77,0,0,7,0,7,0,13,61,10,84,8,4,12,96
11/10/2016,LNS,PA,AEA,EN,Federal Contract Tower,0,17,26,4,47,0,0,132,3,135,0,17,158,7,182,182,0,182,364
11/11/2016,LNS,PA,AEA,EN,Federal Contract Tower,0,14,19,0,33,0,0,43,0,43,0,14,62,0,76,44,0,44,120
11/12/2016,LNS,PA,AEA,EN,Federal Contract Tower,0,8,27,0,35,0,5,225,0,230,0,13,252,0,265,110,0,110,375
11/13/2016,LNS,PA,AEA,EN,Federal Contract Tower,0,7,21,0,28,0,4,153,0,157,0,11,174,0,185,106,0,106,291
11/14/2016,LNS,PA,AEA,EN,Federal Contract Tower,0,12,20,4,36,0,3,97,5,105,0,15,117,9,141,148,6,154,295
11/15/2016,LNS,PA,AEA,EN,Federal Contract Tower,0,16,22,10,48,0,0,86,9,95,0,16,108,19,143,130,26,156,299
11/16/2016,LNS,PA,AEA,EN,Federal Contract Tower,0,13,24,11,48,0,0,113,0,113,0,13,137,11,161,112,10,122,283
11/17/2016,LNS,PA,AEA,EN,Federal Contract Tower,0,12,33,10,55,0,0,155,6,161,0,12,188,16,216,146,26,172,388
11/18/2016,LNS,PA,AEA,EN,Federal Contract Tower,0,8,45,0,53,0,3,176,0,179,0,11,221,0,232,222,0,222,454
11/19/2016,LNS,PA,AEA,EN,Federal Contract Tower,0,6,14,1,21,0,1,79,5,85,0,7,93,6,106,102,10,112,218
11/20/2016,LNS,PA,AEA,EN,Federal Contract Tower,0,0,5,3,8,0,1,2,0,3,0,1,7,3,11,0,6,6,17
11/21/2016,LNS,PA,AEA,EN,Federal Contract Tower,0,12,5,0,17,0,0,17,2,19,0,12,22,2,36,0,0,0,36
11/22/2016,LNS,PA,AEA,EN,Federal Contract Tower,0,10,27,4,41,0,0,388,2,390,0,10,415,6,431,88,12,100,531
11/23/2016,LNS,PA,AEA,EN,Federal Contract Tower,0,18,36,0,54,0,2,159,0,161,0,20,195,0,215,138,0,138,353
11/24/2016,LNS,PA,AEA,EN,Federal Contract Tower,0,11,7,0,18,0,0,16,0,16,0,11,23,0,34,2,0,2,36
11/25/2016,LNS,PA,AEA,EN,Federal Contract Tower,0,18,17,2,37,0,0,101,2,103,0,18,118,4,140,156,2,158,298
11/26/2016,LNS,PA,AEA,EN,Federal Contract Tower,0,6,15,0,21,0,2,88,0,90,0,8,103,0,111,70,0,70,181
11/27/2016,LNS,PA,AEA,EN,Federal Contract Tower,0,13,36,0,49,0,0,109,0,109,0,13,145,0,158,100,0,100,258
11/28/2016,LNS,PA,AEA,EN,Federal Contract Tower,0,9,21,0,30,0,0,82,2,84,0,9,103,2,114,88,0,88,202
11/29/2016,LNS,PA,AEA,EN,Federal Contract Tower,0,110,516,0,626,0,0,0,0,0,0,110,516,0,626,0,0,0,626
11/30/2016,LNS,PA,AEA,EN,Federal Contract Tower,0,10,13,2,25,0,0,0,0,0,0,10,13,2,25,0,0,0,25
12/01/2016,LNS,PA,AEA,EN,Federal Contract Tower,0,14,39,14,67,0,4,62,0,66,0,18,101,14,133,80,4,84,217
12/02/2016,LNS,PA,AEA,EN,Federal Contract Tower,0,11,42,6,59,0,2,96,0,98,0,13,138,6,157,152,8,160,317
12/03/2016,LNS,PA,AEA,EN,Federal Contract Tower,0,5,17,0,22,0,2,46,0,48,0,7,63,0,70,88,0,88,158
12/04/2016,LNS,PA,AEA,EN,Federal Contract Tower,0,9,24,0,33,0,0,123,0,123,0,9,147,0,156,124,2,126,282
12/05/2016,LNS,PA,AEA,EN,Federal Contract Tower,0,10,30,2,42,0,0,46,1,47,0,10,76,3,89,72,2,74,163
12/06/2016,LNS,PA,AEA,EN,Federal Contract Tower,0,13,11,2,26,0,0,13,0,13,0,13,24,2,39,52,0,52,91
12/07/2016,LNS,PA,AEA,EN,Federal Contract Tower,0,9,30,11,50,0,0,89,5,94,0,9,119,16,144,96,36,132,276
12/08/2016,LNS,PA,AEA,EN,Federal Contract Tower,0,6,37,15,58,0,2,53,9,64,0,8,90,24,122,64,16,80,202
12/09/2016,LNS,PA,AEA,EN,Federal Contract Tower,0,12,24,11,47,0,3,44,11,58,0,15,68,22,105,18,12,30,135
12/10/2016,LNS,PA,AEA,EN,Federal Contract Tower,0,10,25,0,35,0,2,83,8,93,0,12,108,8,128,106,0,106,234
12/11/2016,LNS,PA,AEA,EN,Federal Contract Tower,0,6,4,0,10,0,1,27,0,28,0,7,31,0,38,24,0,24,62
12/12/2016,LNS,PA,AEA,EN,Federal Contract Tower,0,13,11,7,31,0,0,12,1,13,0,13,23,8,44,0,4,4,48
12/13/2016,LNS,PA,AEA,EN,Federal Contract Tower,0,10,31,3,44,0,1,118,8,127,0,11,149,11,171,62,8,70,241
12/14/2016,LNS,PA,AEA,EN,Federal Contract Tower,0,11,16,4,31,0,0,128,16,144,0,11,144,20,175,126,22,148,323
12/15/2016,LNS,PA,AEA,EN,Federal Contract Tower,0,6,17,2,25,0,0,15,2,17,0,6,32,4,42,14,4,18,60
12/16/2016,LNS,PA,AEA,EN,Federal Contract Tower,0,18,36,4,58,0,0,86,2,88,0,18,122,6,146,100,6,106,252
12/17/2016,LNS,PA,AEA,EN,Federal Contract Tower,0,0,6,0,6,0,0,0,0,0,0,0,6,0,6,0,0,0,6
12/18/2016,LNS,PA,AEA,EN,Federal Contract Tower,0,6,8,0,14,0,0,3,0,3,0,6,11,0,17,10,0,10,27
12/19/2016,LNS,PA,AEA,EN,Federal Contract Tower,0,11,14,4,29,0,0,79,1,80,0,11,93,5,109,132,12,144,253
12/20/2016,LNS,PA,AEA,EN,Federal Contract Tower,0,13,18,0,31,0,0,91,0,91,0,13,109,0,122,70,0,70,192
12/21/2016,LNS,PA,AEA,EN,Federal Contract Tower,0,13,30,2,45,0,0,127,0,127,0,13,157,2,172,56,0,56,228
12/22/2016,LNS,PA,AEA,EN,Federal Contract Tower,0,14,26,4,44,0,0,65,0,65,0,14,91,4,109,50,2,52,161
12/23/2016,LNS,PA,AEA,EN,Federal Contract Tower,0,10,43,0,53,0,0,149,0,149,0,10,192,0,202,176,0,176,378
12/24/2016,LNS,PA,AEA,EN,Federal Contract Tower,0,4,4,0,8,0,0,0,0,0,0,4,4,0,8,0,0,0,8
12/25/2016,LNS,PA,AEA,EN,Federal Contract Tower,0,7,5,0,12,0,0,17,0,17,0,7,22,0,29,4,0,4,33
12/26/2016,LNS,PA,AEA,EN,Federal Contract Tower,0,11,17,0,28,0,0,10,0,10,0,11,27,0,38,56,0,56,94
12/27/2016,LNS,PA,AEA,EN,Federal Contract Tower,0,10,22,0,32,0,0,65,0,65,0,10,87,0,97,72,0,72,169
12/28/2016,LNS,PA,AEA,EN,Federal Contract Tower,0,8,11,1,20,0,2,138,2,142,0,10,149,3,162,70,0,70,232
12/29/2016,LNS,PA,AEA,EN,Federal Contract Tower,0,9,13,0,22,0,0,512,0,512,0,9,525,0,534,20,0,20,554
12/30/2016,LNS,PA,AEA,EN,Federal Contract Tower,0,8,11,1,20,0,0,37,2,39,0,8,48,3,59,54,12,66,125
12/31/2016,LNS,PA,AEA,EN,Federal Contract Tower,0,4,20,0,24,0,0,70,0,70,0,4,90,0,94,98,0,98,192
01/01/2017,LNS,PA,AEA,EN,Federal Contract Tower,0,8,19,0,27,0,0,101,0,101,0,8,120,0,128,64,0,64,192
01/02/2017,LNS,PA,AEA,EN,Federal Contract Tower,0,7,14,0,21,0,0,0,0,0,0,7,14,0,21,0,0,0,21
01/03/2017,LNS,PA,AEA,EN,Federal Contract Tower,0,8,19,0,27,0,0,0,0,0,0,8,19,0,27,6,0,6,33
01/04/2017,LNS,PA,AEA,EN,Federal Contract Tower,0,9,16,7,32,0,4,41,1,46,0,13,57,8,78,52,6,58,136
01/05/2017,LNS,PA,AEA,EN,Federal Contract Tower,0,5,31,1,37,0,0,112,6,118,0,5,143,7,155,116,22,138,293
01/06/2017,LNS,PA,AEA,EN,Federal Contract Tower,0,16,23,0,39,0,0,80,4,84,0,16,103,4,123,104,18,122,245
01/07/2017,LNS,PA,AEA,EN,Federal Contract Tower,0,8,7,0,15,0,0,14,0,14,0,8,21,0,29,42,0,42,71
01/08/2017,LNS,PA,AEA,EN,Federal Contract Tower,0,8,5,0,13,0,0,16,0,16,0,8,21,0,29,36,0,36,65
01/09/2017,LNS,PA,AEA,EN,Federal Contract Tower,0,12,18,2,32,0,0,69,0,69,0,12,87,2,101,40,0,40,141
01/10/2017,LNS,PA,AEA,EN,Federal Contract Tower,0,11,5,9,25,0,0,36,3,39,0,11,41,12,64,46,10,56,120
01/11/2017,LNS,PA,AEA,EN,Federal Contract Tower,0,6,22,2,30,0,0,85,8,93,0,6,107,10,123,86,2,88,211
01/12/2017,LNS,PA,AEA,EN,Federal Contract Tower,0,10,4,0,14,0,0,45,6,51,0,10,49,6,65,36,0,36,101
01/13/2017,LNS,PA,AEA,EN,Federal Contract Tower,0,12,26,0,38,0,0,116,4,120,0,12,142,4,158,124,16,140,298
01/14/2017,LNS,PA,AEA,EN,Federal Contract Tower,0,2,5,0,7,0,0,33,0,33,0,2,38,0,40,84,0,84,124
01/15/2017,LNS,PA,AEA,EN,Federal Contract Tower,0,16,21,0,37,0,0,129,0,129,0,16,150,0,166,116,0,116,282
01/16/2017,LNS,PA,AEA,EN,Federal Contract Tower,0,14,36,0,50,0,0,79,0,79,0,14,115,0,129,166,0,166,295
01/17/2017,LNS,PA,AEA,EN,Federal Contract Tower,0,13,30,5,48,0,0,0,0,0,0,13,30,5,48,6,4,10,58
01/18/2017,LNS,PA,AEA,EN,Federal Contract Tower,0,8,15,2,25,0,0,37,2,39,0,8,52,4,64,72,6,78,142
01/19/2017,LNS,PA,AEA,EN,Federal Contract Tower,0,8,52,0,60,0,0,103,0,103,0,8,155,0,163,120,8,128,291
01/20/2017,LNS,PA,AEA,EN,Federal Contract Tower,0,9,41,0,50,0,0,13,0,13,0,9,54,0,63,24,0,24,87
01/21/2017,LNS,PA,AEA,EN,Federal Contract Tower,0,7,14,0,21,0,0,0,0,0,0,7,14,0,21,0,0,0,21
01/22/2017,LNS,PA,AEA,EN,Federal Contract Tower,0,10,23,0,33,0,0,0,0,0,0,10,23,0,33,0,0,0,33
01/23/2017,LNS,PA,AEA,EN,Federal Contract Tower,0,6,6,0,12,0,0,0,0,0,0,6,6,0,12,0,0,0,12
01/24/2017,LNS,PA,AEA,EN,Federal Contract Tower,0,7,14,0,21,0,0,19,1,20,0,7,33,1,41,36,4,40,81
01/25/2017,LNS,PA,AEA,EN,Federal Contract Tower,0,13,34,6,53,0,4,159,2,165,0,17,193,8,218,152,14,166,384
01/26/2017,LNS,PA,AEA,EN,Federal Contract Tower,0,8,22,6,36,0,0,31,11,42,0,8,53,17,78,20,24,44,122
01/27/2017,LNS,PA,AEA,EN,Federal Contract Tower,0,10,22,4,36,0,0,43,3,46,0,10,65,7,82,52,46,98,180
01/28/2017,LNS,PA,AEA,EN,Federal Contract Tower,0,4,11,0,15,0,0,91,0,91,0,4,102,0,106,164,0,164,270
01/29/2017,LNS,PA,AEA,EN,Federal Contract Tower,0,10,12,0,22,0,0,147,0,147,0,10,159,0,169,202,0,202,371
01/30/2017,LNS,PA,AEA,EN,Federal Contract Tower,0,19,20,1,40,0,0,52,2,54,0,19,72,3,94,58,22,80,174
01/31/2017,LNS,PA,AEA,EN,Federal Contract Tower,0,4,15,2,21,0,1,59,0,60,0,5,74,2,81,90,18,108,189
02/01/2017,LNS,PA,AEA,EN,Federal Contract Tower,0,7,30,2,39,0,0,86,2,88,0,7,116,4,127,94,0,94,221
02/02/2017,LNS,PA,AEA,EN,Federal Contract Tower,0,14,14,0,28,0,2,84,4,90,0,16,98,4,118,68,0,68,186
02/03/2017,LNS,PA,AEA,EN,Federal Contract Tower,0,11,36,5,52,0,4,121,5,130,0,15,157,10,182,166,14,180,362
02/04/2017,LNS,PA,AEA,EN,Federal Contract Tower,0,11,24,0,35,0,0,195,0,195,0,11,219,0,230,148,0,148,378
02/05/2017,LNS,PA,AEA,EN,Federal Contract Tower,0,5,19,0,24,0,0,64,0,64,0,5,83,0,88,100,0,100,188
02/06/2017,LNS,PA,AEA,EN,Federal Contract Tower,0,6,24,7,37,0,0,142,2,144,0,6,166,9,181,136,2,138,319
02/07/2017,LNS,PA,AEA,EN,Federal Contract Tower,0,9,12,2,23,0,0,23,1,24,0,9,35,3,47,78,2,80,127
02/08/2017,LNS,PA,AEA,EN,Federal Contract Tower,0,5,28,8,41,0,0,64,3,67,0,5,92,11,108,148,10,158,266
02/09/2017,LNS,PA,AEA,EN,Federal Contract Tower,0,6,2,2,10,0,0,1,2,3,0,6,3,4,13,0,0,0,13
02/10/2017,LNS,PA,AEA,EN,Federal Contract Tower,0,7,21,8,36,0,0,82,9,91,0,7,103,17,127,98,4,102,229
02/11/2017,LNS,PA,AEA,EN,Federal Contract Tower,0,8,26,1,35,0,0,207,5,212,0,8,233,6,247,208,14,222,469
02/12/2017,LNS,PA,AEA,EN,Federal Contract Tower,0,9,12,0,21,0,0,0,0,0,0,9,12,0,21,4,0,4,25
02/13/2017,LNS,PA,AEA,EN,Federal Contract Tower,0,3,9,0,12,0,0,12,0,12,0,3,21,0,24,24,0,24,48
02/14/2017,LNS,PA,AEA,EN,Federal Contract Tower,0,11,41,8,60,0,2,144,6,152,0,13,185,14,212,162,14,176,388
02/15/2017,LNS,PA,AEA,EN,Federal Contract Tower,0,18,18,11,47,0,0,46,9,55,0,18,64,20,102,64,60,124,226
02/16/2017,LNS,PA,AEA,EN,Federal Contract Tower,0,9,10,8,27,0,1,36,2,39,0,10,46,10,66,26,20,46,112
02/17/2017,LNS,PA,AEA,EN,Federal Contract Tower,0,6,25,2,33,0,0,148,0,148,0,6,173,2,181,178,4,182,363
02/18/2017,LNS,PA,AEA,EN,Federal Contract Tower,0,7,9,0,16,0,3,162,0,165,0,10,171,0,181,198,0,198,379
02/19/2017,LNS,PA,AEA,EN,Federal Contract Tower,0,6,18,0,24,0,0,169,0,169,0,6,187,0,193,84,0,84,277
02/20/2017,LNS,PA,AEA,EN,Federal Contract Tower,0,10,20,0,30,0,0,129,0,129,0,10,149,0,159,44,0,44,203
02/21/2017,LNS,PA,AEA,EN,Federal Contract Tower,0,12,21,0,33,0,1,97,4,102,0,13,118,4,135,168,0,168,303
02/22/2017,LNS,PA,AEA,EN,Federal Contract Tower,0,10,20,2,32,0,0,92,0,92,0,10,112,2,124,142,6,148,272
02/23/2017,LNS,PA,AEA,EN,Federal Contract Tower,0,12,31,3,46,0,3,90,0,93,0,15,121,3,139,96,2,98,237
02/24/2017,LNS,PA,AEA,EN,Federal Contract Tower,0,13,35,9,57,0,2,149,4,155,0,15,184,13,212,94,36,130,342
02/25/2017,LNS,PA,AEA,EN,Federal Contract Tower,0,2,14,0,16,0,0,8,0,8,0,2,22,0,24,10,0,10,34
02/26/2017,LNS,PA,AEA,EN,Federal Contract Tower,2,11,14,0,27,0,1,67,0,68,2,12,81,0,95,76,0,76,171
02/27/2017,LNS,PA,AEA,EN,Federal Contract Tower,0,13,17,0,30,0,2,80,2,84,0,15,97,2,114,38,0,38,152
02/28/2017,LNS,PA,AEA,EN,Federal Contract Tower,0,9,22,6,37,0,0,93,5,98,0,9,115,11,135,102,24,126,261
03/01/2017,LNS,PA,AEA,EN,Federal Contract Tower,0,8,4,9,21,0,0,10,1,11,0,8,14,10,32,8,20,28,60
03/02/2017,LNS,PA,AEA,EN,Federal Contract Tower,0,13,17,6,36,0,0,19,1,20,0,13,36,7,56,24,2,26,82
03/03/2017,LNS,PA,AEA,EN,Federal Contract Tower,0,10,21,0,31,0,1,32,11,44,0,11,53,11,75,26,4,30,105
03/04/2017,LNS,PA,AEA,EN,Federal Contract Tower,2,6,16,0,24,0,0,98,2,100,2,6,114,2,124,88,0,88,212
03/05/2017,LNS,PA,AEA,EN,Federal Contract Tower,0,12,15,2,29,0,5,156,0,161,0,17,171,2,190,114,0,114,304
03/06/2017,LNS,PA,AEA,EN,Federal Contract Tower,0,11,12,0,23,0,0,126,4,130,0,11,138,4,153,74,4,78,231
03/07/2017,LNS,PA,AEA,EN,Federal Contract Tower,0,10,20,0,30,0,0,33,0,33,0,10,53,0,63,64,0,64,127
03/08/2017,LNS,PA,AEA,EN,Federal Contract Tower,0,13,5,8,26,0,1,35,12,48,0,14,40,20,74,20,64,84,158
03/09/2017,LNS,PA,AEA,EN,Federal Contract Tower,0,11,13,5,29,0,2,80,4,86,0,13,93,9,115,30,14,44,159
03/10/2017,LNS,PA,AEA,EN,Federal Contract Tower,0,11,11,0,22,0,0,8,0,8,0,11,19,0,30,6,0,6,36
03/11/2017,LNS,PA,AEA,EN,Federal Contract Tower,0,7,10,0,17,0,0,47,0,47,0,7,57,0,64,28,0,28,92
03/12/2017,LNS,PA,AEA,EN,Federal Contract Tower,0,11,16,2,29,0,10,94,1,105,0,21,110,3,134,94,6,100,234
03/13/2017,LNS,PA,AEA,EN,Federal Contract Tower,0,14,30,2,46,0,2,121,2,125,0,16,151,4,171,118,0,118,289
03/15/2017,LNS,PA,AEA,EN,Federal Contract Tower,0,7,7,0,14,0,0,0,0,0,0,7,7,0,14,0,0,0,14
03/16/2017,LNS,PA,AEA,EN,Federal Contract Tower,0,11,27,8,46,0,0,47,3,50,0,11,74,11,96,20,2,22,118
03/17/2017,LNS,PA,AEA,EN,Federal Contract Tower,0,7,26,10,43,0,0,125,2,127,0,7,151,12,170,82,42,124,294
03/18/2017,LNS,PA,AEA,EN,Federal Contract Tower,0,8,14,0,22,0,0,0,0,0,0,8,14,0,22,2,0,2,24
03/19/2017,LNS,PA,AEA,EN,Federal Contract Tower,0,7,20,0,27,0,5,80,0,85,0,12,100,0,112,118,0,118,230
03/20/2017,LNS,PA,AEA,EN,Federal Contract Tower,0,11,30,6,47,0,0,132,2,134,0,11,162,8,181,124,18,142,323
03/21/2017,LNS,PA,AEA,EN,Federal Contract Tower,0,15,27,5,47,0,0,107,3,110,0,15,134,8,157,156,8,164,321
03/22/2017,LNS,PA,AEA,EN,Federal Contract Tower,0,12,10,12,34,0,0,26,1,27,0,12,36,13,61,16,16,32,93
03/23/2017,LNS,PA,AEA,EN,Federal Contract Tower,0,14,43,2,59,0,1,137,4,142,0,15,180,6,201,104,18,122,323
03/24/2017,LNS,PA,AEA,EN,Federal Contract Tower,0,15,23,0,38,0,0,60,0,60,0,15,83,0,98,74,0,74,172
03/25/2017,LNS,PA,AEA,EN,Federal Contract Tower,0,8,42,0,50,0,0,120,0,120,0,8,162,0,170,136,0,136,306
03/26/2017,LNS,PA,AEA,EN,Federal Contract Tower,0,11,21,0,32,0,0,6,0,6,0,11,27,0,38,26,0,26,64
03/27/2017,LNS,PA,AEA,EN,Federal Contract Tower,0,12,35,0,47,0,0,23,0,23,0,12,58,0,70,26,0,26,96
03/28/2017,LNS,PA,AEA,EN,Federal Contract Tower,0,11,31,2,44,0,0,1,1,2,0,11,32,3,46,6,6,12,58
03/29/2017,LNS,PA,AEA,EN,Federal Contract Tower,0,14,28,0,42,0,0,144,3,147,0,14,172,3,189,118,2,120,309
03/30/2017,LNS,PA,AEA,EN,Federal Contract Tower,0,17,40,14,71,0,1,149,3,153,0,18,189,17,224,168,10,178,402
03/31/2017,LNS,PA,AEA,EN,Federal Contract Tower,0,15,17,0,32,0,0,0,0,0,0,15,17,0,32,0,0,0,32
04/01/2017,LNS,PA,AEA,EN,Federal Contract Tower,0,5,36,0,41,0,0,71,0,71,0,5,107,0,112,122,0,122,234
04/02/2017,LNS,PA,AEA,EN,Federal Contract Tower,0,15,30,0,45,0,2,221,0,223,0,17,251,0,268,224,0,224,492
04/03/2017,LNS,PA,AEA,EN,Federal Contract Tower,0,23,25,7,55,0,1,113,0,114,0,24,138,7,169,114,0,114,283
04/04/2017,LNS,PA,AEA,EN,Federal Contract Tower,0,16,34,6,56,0,0,28,2,30,0,16,62,8,86,124,14,138,224
04/05/2017,LNS,PA,AEA,EN,Federal Contract Tower,0,17,36,3,56,0,1,217,4,222,0,18,253,7,278,190,24,214,492
04/06/2017,LNS,PA,AEA,EN,Federal Contract Tower,0,14,8,4,26,0,0,0,0,0,0,14,8,4,26,0,4,4,30
04/07/2017,LNS,PA,AEA,EN,Federal Contract Tower,0,16,25,0,41,0,0,15,0,15,0,16,40,0,56,12,0,12,68
04/08/2017,LNS,PA,AEA,EN,Federal Contract Tower,0,5,17,0,22,0,1,83,0,84,0,6,100,0,106,82,0,82,188
04/09/2017,LNS,PA,AEA,EN,Federal Contract Tower,0,13,33,0,46,0,3,148,0,151,0,16,181,0,197,120,0,120,317
04/10/2017,LNS,PA,AEA,EN,Federal Contract Tower,0,15,34,4,53,0,0,133,1,134,0,15,167,5,187,136,12,148,335
04/11/2017,LNS,PA,AEA,EN,Federal Contract Tower,0,11,18,4,33,0,1,125,6,132,0,12,143,10,165,164,12,176,341
04/12/2017,LNS,PA,AEA,EN,Federal Contract Tower,0,14,23,0,37,0,5,69,5,79,0,19,92,5,116,86,52,138,254
04/13/2017,LNS,PA,AEA,EN,Federal Contract Tower,0,13,27,0,40,0,1,108,2,111,0,14,135,2,151,156,2,158,309
04/14/2017,LNS,PA,AEA,EN,Federal Contract Tower,0,12,26,0,38,0,0,189,4,193,0,12,215,4,231,160,10,170,401
04/15/2017,LNS,PA,AEA,EN,Federal Contract Tower,0,6,42,0,48,0,1,111,0,112,0,7,153,0,160,76,0,76,236
04/16/2017,LNS,PA,AEA,EN,Federal Contract Tower,0,10,6,0,16,0,0,11,0,11,0,10,17,0,27,4,0,4,31
04/17/2017,LNS,PA,AEA,EN,Federal Contract Tower,0,13,29,0,42,0,1,73,0,74,0,14,102,0,116,90,0,90,206
04/18/2017,LNS,PA,AEA,EN,Federal Contract Tower,0,19,38,4,61,0,1,133,0,134,0,20,171,4,195,120,30,150,345
04/19/2017,LNS,PA,AEA,EN,Federal Contract Tower,0,16,37,1,54,0,0,63,0,63,0,16,100,1,117,104,2,106,223
04/20/2017,LNS,PA,AEA,EN,Federal Contract Tower,0,12,28,2,42,0,0,76,6,82,0,12,104,8,124,96,26,122,246
04/21/2017,LNS,PA,AEA,EN,Federal Contract Tower,0,32,52,0,84,0,0,1,0,1,0,32,53,0,85,10,0,10,95
04/22/2017,LNS,PA,AEA,EN,Federal Contract Tower,0,9,47,0,56,0,0,44,0,44,0,9,91,0,100,126,0,126,226
04/23/2017,LNS,PA,AEA,EN,Federal Contract Tower,0,8,20,0,28,0,0,164,0,164,0,8,184,0,192,106,0,106,298
04/24/2017,LNS,PA,AEA,EN,Federal Contract Tower,0,14,34,3,51,0,1,53,0,54,0,15,87,3,105,96,0,96,201
04/25/2017,LNS,PA,AEA,EN,Federal Contract Tower,0,12,26,0,38,0,0,1,0,1,0,12,27,0,39,10,0,10,49
04/26/2017,LNS,PA,AEA,EN,Federal Contract Tower,0,21,60,4,85,0,2,20,4,26,0,23,80,8,111,48,10,58,169
04/27/2017,LNS,PA,AEA,EN,Federal Contract Tower,0,15,52,7,74,0,3,88,6,97,0,18,140,13,171,102,12,114,285
04/28/2017,LNS,PA,AEA,EN,Federal Contract Tower,0,17,31,0,48,0,2,165,2,169,0,19,196,2,217,124,0,124,341
04/29/2017,LNS,PA,AEA,EN,Federal Contract Tower,0,27,21,0,48,0,0,70,0,70,0,27,91,0,118,105,0,105,223
04/30/2017,LNS,PA,AEA,EN,Federal Contract Tower,0,8,23,0,31,0,1,83,0,84,0,9,106,0,115,92,0,92,207
05/01/2017,LNS,PA,AEA,EN,Federal Contract Tower,0,15,14,0,29,0,0,14,0,14,0,15,28,0,43,28,0,28,71
05/02/2017,LNS,PA,AEA,EN,Federal Contract Tower,0,15,21,0,36,0,1,62,0,63,0,16,83,0,99,88,0,88,187
05/03/2017,LNS,PA,AEA,EN,Federal Contract Tower,0,13,23,2,38,0,1,99,0,100,0,14,122,2,138,90,2,92,230
05/04/2017,LNS,PA,AEA,EN,Federal Contract Tower,0,15,28,7,50,0,2,142,3,147,0,17,170,10,197,138,30,168,365
05/05/2017,LNS,PA,AEA,EN,Federal Contract Tower,0,14,24,0,38,0,0,0,0,0,0,14,24,0,38,0,0,0,38
05/06/2017,LNS,PA,AEA,EN,Federal Contract Tower,0,9,37,0,46,0,0,29,0,29,0,9,66,0,75,20,0,20,95
05/07/2017,LNS,PA,AEA,EN,Federal Contract Tower,0,11,13,0,24,0,0,35,0,35,0,11,48,0,59,34,0,34,93
05/08/2017,LNS,PA,AEA,EN,Federal Contract Tower,0,14,37,4,55,0,1,117,8,126,0,15,154,12,181,74,8,82,263
05/09/2017,LNS,PA,AEA,EN,Federal Contract Tower,0,10,20,4,34,0,0,172,2,174,0,10,192,6,208,208,22,230,438
05/10/2017,LNS,PA,AEA,EN,Federal Contract Tower,0,18,58,1,77,0,1,170,2,173,0,19,228,3,250,240,0,240,490
05/11/2017,LNS,PA,AEA,EN,Federal Contract Tower,0,18,44,14,76,0,1,68,2,71,0,19,112,16,147,132,14,146,293
05/12/2017,LNS,PA,AEA,EN,Federal Contract Tower,0,18,54,8,80,0,1,96,1,98,0,19,150,9,178,136,14,150,328
05/13/2017,LNS,PA,AEA,EN,Federal Contract Tower,1,9,20,0,30,0,0,0,0,0,1,9,20,0,30,2,0,2,32
05/14/2017,LNS,PA,AEA,EN,Federal Contract Tower,1,12,13,0,26,0,0,43,0,43,1,12,56,0,69,38,0,38,107
05/15/2017,LNS,PA,AEA,EN,Federal Contract Tower,0,14,19,4,37,0,0,60,0,60,0,14,79,4,97,68,4,72,169
05/16/2017,LNS,PA,AEA,EN,Federal Contract Tower,0,19,40,3,62,0,0,200,2,202,0,19,240,5,264,166,2,168,432
05/17/2017,LNS,PA,AEA,EN,Federal Contract Tower,0,16,36,2,54,0,2,124,3,129,0,18,160,5,183,118,12,130,313
05/18/2017,LNS,PA,AEA,EN,Federal Contract Tower,0,17,41,0,58,0,0,106,1,107,0,17,147,1,165,162,4,166,331
05/19/2017,LNS,PA,AEA,EN,Federal Contract Tower,0,16,27,3,46,0,0,77,2,79,0,16,104,5,125,66,8,74,199
05/20/2017,LNS,PA,AEA,EN,Federal Contract Tower,2,4,42,0,48,0,3,91,2,96,2,7,133,2,144,118,0,118,262
05/21/2017,LNS,PA,AEA,EN,Federal Contract Tower,0,10,28,0,38,0,13,108,0,121,0,23,136,0,159,142,0,142,301
05/22/2017,LNS,PA,AEA,EN,Federal Contract Tower,0,14,28,0,42,0,0,0,0,0,0,14,28,0,42,4,4,8,50
05/23/2017,LNS,PA,AEA,EN,Federal Contract Tower,0,19,35,5,59,0,0,98,0,98,0,19,133,5,157,154,6,160,317
05/24/2017,LNS,PA,AEA,EN,Federal Contract Tower,0,17,50,4,71,0,0,84,1,85,0,17,134,5,156,150,4,154,310
05/25/2017,LNS,PA,AEA,EN,Federal Contract Tower,0,16,22,0,38,0,0,1,0,1,0,16,23,0,39,0,0,0,39
05/26/2017,LNS,PA,AEA,EN,Federal Contract Tower,0,22,54,1,77,0,1,82,0,83,0,23,136,1,160,74,2,76,236
05/27/2017,LNS,PA,AEA,EN,Federal Contract Tower,0,6,11,0,17,0,0,129,0,129,0,6,140,0,146,152,0,152,298
05/28/2017,LNS,PA,AEA,EN,Federal Contract Tower,0,9,15,0,24,0,0,63,0,63,0,9,78,0,87,64,0,64,151
05/29/2017,LNS,PA,AEA,EN,Federal Contract Tower,0,17,46,0,63,0,0,1,0,1,0,17,47,0,64,12,0,12,76
05/30/2017,LNS,PA,AEA,EN,Federal Contract Tower,0,15,34,0,49,0,0,0,0,0,0,15,34,0,49,10,0,10,59
05/31/2017,LNS,PA,AEA,EN,Federal Contract Tower,0,13,42,6,61,0,0,80,3,83,0,13,122,9,144,106,14,120,264
06/01/2017,LNS,PA,AEA,EN,Federal Contract Tower,0,20,15,7,42,0,1,182,3,186,0,21,197,10,228,162,6,168,396
06/02/2017,LNS,PA,AEA,EN,Federal Contract Tower,0,15,28,10,53,0,1,163,8,172,0,16,191,18,225,168,22,190,415
06/03/2017,LNS,PA,AEA,EN,Federal Contract Tower,0,9,28,0,37,0,4,127,0,131,0,13,155,0,168,138,0,138,306
06/04/2017,LNS,PA,AEA,EN,Federal Contract Tower,0,8,27,0,35,0,2,67,0,69,0,10,94,0,104,108,0,108,212
06/05/2017,LNS,PA,AEA,EN,Federal Contract Tower,0,14,25,0,39,0,2,21,0,23,0,16,46,0,62,24,0,24,86
06/06/2017,LNS,PA,AEA,EN,Federal Contract Tower,0,19,23,0,42,0,2,68,0,70,0,21,91,0,112,108,12,120,232
06/07/2017,LNS,PA,AEA,EN,Federal Contract Tower,0,18,49,4,71,0,0,95,0,95,0,18,144,4,166,134,4,138,304
06/08/2017,LNS,PA,AEA,EN,Federal Contract Tower,0,15,37,0,52,0,1,183,0,184,0,16,220,0,236,190,0,190,426
06/09/2017,LNS,PA,AEA,EN,Federal Contract Tower,0,14,43,2,59,0,6,187,2,195,0,20,230,4,254,180,2,182,436
06/10/2017,LNS,PA,AEA,EN,Federal Contract Tower,0,7,17,0,24,0,13,109,0,122,0,20,126,0,146,214,0,214,360
06/11/2017,LNS,PA,AEA,EN,Federal Contract Tower,0,9,12,0,21,0,15,101,5,121,0,24,113,5,142,98,30,128,270
06/12/2017,LNS,PA,AEA,EN,Federal Contract Tower,0,16,22,3,41,0,1,147,14,162,0,17,169,17,203,142,6,148,351
06/13/2017,LNS,PA,AEA,EN,Federal Contract Tower,0,13,21,2,36,0,0,122,2,124,0,13,143,4,160,208,10,218,378
06/14/2017,LNS,PA,AEA,EN,Federal Contract Tower,0,15,46,11,72,0,0,104,4,108,0,15,150,15,180,144,14,158,338
06/15/2017,LNS,PA,AEA,EN,Federal Contract Tower,0,17,32,14,63,0,2,144,2,148,0,19,176,16,211,170,26,196,407
06/16/2017,LNS,PA,AEA,EN,Federal Contract Tower,0,17,36,4,57,0,1,14,1,16,0,18,50,5,73,84,6,90,163
06/17/2017,LNS,PA,AEA,EN,Federal Contract Tower,0,12,25,1,38,0,0,30,1,31,0,12,55,2,69,38,0,38,107
06/18/2017,LNS,PA,AEA,EN,Federal Contract Tower,0,11,16,0,27,0,1,52,0,53,0,12,68,0,80,120,0,120,200
06/19/2017,LNS,PA,AEA,EN,Federal Contract Tower,0,8,10,6,24,0,0,27,3,30,0,8,37,9,54,22,8,30,84
06/20/2017,LNS,PA,AEA,EN,Federal Contract Tower,0,20,16,0,36,0,4,151,2,157,0,24,167,2,193,84,2,86,279
06/21/2017,LNS,PA,AEA,EN,Federal Contract Tower,0,16,34,2,52,0,0,139,0,139,0,16,173,2,191,132,12,144,335
06/22/2017,LNS,PA,AEA,EN,Federal Contract Tower,0,19,47,1,67,0,0,110,1,111,0,19,157,2,178,168,4,172,350
06/23/2017,LNS,PA,AEA,EN,Federal Contract Tower,0,18,23,0,41,0,0,18,0,18,0,18,41,0,59,10,0,10,69
06/24/2017,LNS,PA,AEA,EN,Federal Contract Tower,0,6,19,0,25,0,0,94,0,94,0,6,113,0,119,100,0,100,219
06/25/2017,LNS,PA,AEA,EN,Federal Contract Tower,0,11,36,0,47,0,3,143,0,146,0,14,179,0,193,46,0,46,239
06/26/2017,LNS,PA,AEA,EN,Federal Contract Tower,0,16,14,2,32,0,5,125,1,131,0,21,139,3,163,164,2,166,329
06/27/2017,LNS,PA,AEA,EN,Federal Contract Tower,0,13,36,1,50,0,0,89,2,91,0,13,125,3,141,160,4,164,305
06/28/2017,LNS,PA,AEA,EN,Federal Contract Tower,0,18,34,4,56,0,0,157,0,157,0,18,191,4,213,118,8,126,339
06/29/2017,LNS,PA,AEA,EN,Federal Contract Tower,0,22,37,0,59,0,4,123,4,131,0,26,160,4,190,132,6,138,328
06/30/2017,LNS,PA,AEA,EN,Federal Contract Tower,0,14,32,1,47,0,0,112,1,113,0,14,144,2,160,140,16,156,316
07/01/2017,LNS,PA,AEA,EN,Federal Contract Tower,0,11,25,0,36,0,0,60,0,60,0,11,85,0,96,108,0,108,204
07/02/2017,LNS,PA,AEA,EN,Federal Contract Tower,0,9,29,0,38,0,0,132,0,132,0,9,161,0,170,118,0,118,288
07/03/2017,LNS,PA,AEA,EN,Federal Contract Tower,0,12,10,0,22,0,1,132,0,133,0,13,142,0,155,132,0,132,287
07/04/2017,LNS,PA,AEA,EN,Federal Contract Tower,0,12,16,0,28,0,0,106,0,106,0,12,122,0,134,112,0,112,246
07/05/2017,LNS,PA,AEA,EN,Federal Contract Tower,0,16,10,2,28,0,0,82,6,88,0,16,92,8,116,80,8,88,204
07/06/2017,LNS,PA,AEA,EN,Federal Contract Tower,0,13,32,2,47,0,0,0,0,0,0,13,32,2,47,20,0,20,67
07/07/2017,LNS,PA,AEA,EN,Federal Contract Tower,0,16,26,1,43,0,0,71,0,71,0,16,97,1,114,142,2,144,258
07/08/2017,LNS,PA,AEA,EN,Federal Contract Tower,0,6,20,0,26,0,0,114,0,114,0,6,134,0,140,130,0,130,270
07/09/2017,LNS,PA,AEA,EN,Federal Contract Tower,0,6,32,0,38,0,1,195,2,198,0,7,227,2,236,168,2,170,406
07/10/2017,LNS,PA,AEA,EN,Federal Contract Tower,0,12,25,0,37,0,0,139,0,139,0,12,164,0,176,190,0,190,366
07/11/2017,LNS,PA,AEA,EN,Federal Contract Tower,0,10,22,2,34,0,1,80,2,83,0,11,102,4,117,94,4,98,215
07/12/2017,LNS,PA,AEA,EN,Federal Contract Tower,0,18,23,1,42,0,5,123,1,129,0,23,146,2,171,112,4,116,287
07/13/2017,LNS,PA,AEA,EN,Federal Contract Tower,0,16,18,1,35,0,0,111,8,119,0,16,129,9,154,194,16,210,364
07/14/2017,LNS,PA,AEA,EN,Federal Contract Tower,0,16,34,0,50,0,0,14,0,14,0,16,48,0,64,10,0,10,74
07/15/2017,LNS,PA,AEA,EN,Federal Contract Tower,0,8,34,0,42,0,3,145,0,148,0,11,179,0,190,140,0,140,330
07/16/2017,LNS,PA,AEA,EN,Federal Contract Tower,0,7,30,0,37,0,2,119,0,121,0,9,149,0,158,106,0,106,264
07/17/2017,LNS,PA,AEA,EN,Federal Contract Tower,0,9,9,2,20,0,3,31,2,36,0,12,40,4,56,52,4,56,112
07/18/2017,LNS,PA,AEA,EN,Federal Contract Tower,0,18,29,8,55,0,0,52,3,55,0,18,81,11,110,114,10,124,234
07/19/2017,LNS,PA,AEA,EN,Federal Contract Tower,0,13,33,7,53,0,3,146,0,149,0,16,179,7,202,110,10,120,322
07/20/2017,LNS,PA,AEA,EN,Federal Contract Tower,0,15,44,4,63,0,13,146,5,164,0,28,190,9,227,164,10,174,401
07/21/2017,LNS,PA,AEA,EN,Federal Contract Tower,0,12,28,8,48,0,0,131,2,133,0,12,159,10,181,144,12,156,337
07/22/2017,LNS,PA,AEA,EN,Federal Contract Tower,0,11,10,0,21,0,0,79,0,79,0,11,89,0,100,94,0,94,194
07/23/2017,LNS,PA,AEA,EN,Federal Contract Tower,0,12,23,0,35,0,0,21,0,21,0,12,44,0,56,42,0,42,98
07/24/2017,LNS,PA,AEA,EN,Federal Contract Tower,0,14,32,11,57,0,0,56,2,58,0,14,88,13,115,96,12,108,223
07/25/2017,LNS,PA,AEA,EN,Federal Contract Tower,0,16,34,8,58,0,5,70,6,81,0,21,104,14,139,24,8,32,171
07/26/2017,LNS,PA,AEA,EN,Federal Contract Tower,0,15,34,2,51,0,0,117,10,127,0,15,151,12,178,128,4,132,310
07/27/2017,LNS,PA,AEA,EN,Federal Contract Tower,0,18,46,3,67,0,0,44,2,46,0,18,90,5,113,120,8,128,241
07/28/2017,LNS,PA,AEA,EN,Federal Contract Tower,0,19,30,3,52,0,0,21,0,21,0,19,51,3,73,30,0,30,103
07/29/2017,LNS,PA,AEA,EN,Federal Contract Tower,0,5,23,0,28,0,0,66,0,66,0,5,89,0,94,156,0,156,250
07/30/2017,LNS,PA,AEA,EN,Federal Contract Tower,0,7,33,0,40,0,0,206,0,206,0,7,239,0,246,96,0,96,342
07/31/2017,LNS,PA,AEA,EN,Federal Contract Tower,0,11,42,4,57,0,4,175,0,179,0,15,217,4,236,208,6,214,450
08/01/2017,LNS,PA,AEA,EN,Federal Contract Tower,0,9,21,0,30,0,0,130,4,134,0,9,151,4,164,128,0,128,292
08/02/2017,LNS,PA,AEA,EN,Federal Contract Tower,0,10,0,0,10,0,0,64,3,67,0,10,64,3,77,72,10,82,159
08/03/2017,LNS,PA,AEA,EN,Federal Contract Tower,0,15,26,3,44,0,4,94,3,101,0,19,120,6,145,90,6,96,241
08/04/2017,LNS,PA,AEA,EN,Federal Contract Tower,0,17,34,3,54,0,1,101,11,113,0,18,135,14,167,92,84,176,343
08/05/2017,LNS,PA,AEA,EN,Federal Contract Tower,0,17,34,0,51,0,0,87,10,97,0,17,121,10,148,106,0,106,254
08/06/2017,LNS,PA,AEA,EN,Federal Contract Tower,0,11,33,0,44,0,121,12,0,133,0,132,45,0,177,110,0,110,287
08/07/2017,LNS,PA,AEA,EN,Federal Contract Tower,0,19,35,0,54,0,0,2,0,2,0,19,37,0,56,2,0,2,58
08/08/2017,LNS,PA,AEA,EN,Federal Contract Tower,0,11,44,19,74,0,1,111,6,118,0,12,155,25,192,130,6,136,328
08/09/2017,LNS,PA,AEA,EN,Federal Contract Tower,0,13,51,1,65,0,1,187,0,188,0,14,238,1,253,156,2,158,411
08/10/2017,LNS,PA,AEA,EN,Federal Contract Tower,0,15,23,3,41,0,2,194,3,199,0,17,217,6,240,158,6,164,404
08/11/2017,LNS,PA,AEA,EN,Federal Contract Tower,0,19,13,4,36,0,1,70,6,77,0,20,83,10,113,70,0,70,183
08/12/2017,LNS,PA,AEA,EN,Federal Contract Tower,0,8,13,1,22,0,0,33,0,33,0,8,46,1,55,92,0,92,147
08/13/2017,LNS,PA,AEA,EN,Federal Contract Tower,0,15,32,0,47,0,0,179,4,183,0,15,211,4,230,200,6,206,436
08/14/2017,LNS,PA,AEA,EN,Federal Contract Tower,0,9,36,4,49,0,0,111,7,118,0,9,147,11,167,126,14,140,307
08/15/2017,LNS,PA,AEA,EN,Federal Contract Tower,0,16,40,4,60,0,0,14,3,17,0,16,54,7,77,20,18,38,115
08/16/2017,LNS,PA,AEA,EN,Federal Contract Tower,0,8,41,1,50,0,0,127,2,129,0,8,168,3,179,160,32,192,371
08/17/2017,LNS,PA,AEA,EN,Federal Contract Tower,0,21,42,2,65,0,0,100,2,102,0,21,142,4,167,76,12,88,255
08/18/2017,LNS,PA,AEA,EN,Federal Contract Tower,0,16,27,0,43,0,0,23,2,25,0,16,50,2,68,70,6,76,144
08/19/2017,LNS,PA,AEA,EN,Federal Contract Tower,0,8,25,0,33,0,3,173,0,176,0,11,198,0,209,134,2,136,345
08/20/2017,LNS,PA,AEA,EN,Federal Contract Tower,0,7,10,0,17,0,0,124,0,124,0,7,134,0,141,94,0,94,235
08/21/2017,LNS,PA,AEA,EN,Federal Contract Tower,0,12,19,2,33,0,0,80,1,81,0,12,99,3,114,86,4,90,204
08/22/2017,LNS,PA,AEA,EN,Federal Contract Tower,0,18,29,0,47,0,0,89,0,89,0,18,118,0,136,86,0,86,222
08/23/2017,LNS,PA,AEA,EN,Federal Contract Tower,0,18,23,1,42,0,4,177,4,185,0,22,200,5,227,110,2,112,339
08/24/2017,LNS,PA,AEA,EN,Federal Contract Tower,0,16,23,4,43,0,3,176,1,180,0,19,199,5,223,172,4,176,399
08/25/2017,LNS,PA,AEA,EN,Federal Contract Tower,0,14,22,1,37,0,0,143,2,145,0,14,165,3,182,88,12,100,282
08/26/2017,LNS,PA,AEA,EN,Federal Contract Tower,0,17,15,0,32,0,0,257,0,257,0,17,272,0,289,294,4,298,587
08/27/2017,LNS,PA,AEA,EN,Federal Contract Tower,0,9,14,0,23,0,0,227,4,231,0,9,241,4,254,304,8,312,566
08/28/2017,LNS,PA,AEA,EN,Federal Contract Tower,0,12,28,1,41,0,0,132,1,133,0,12,160,2,174,90,0,90,264
08/29/2017,LNS,PA,AEA,EN,Federal Contract Tower,0,26,22,2,50,0,0,4,0,4,0,26,26,2,54,8,0,8,62
08/30/2017,LNS,PA,AEA,EN,Federal Contract Tower,0,13,37,0,50,0,0,165,0,165,0,13,202,0,215,84,8,92,307
08/31/2017,LNS,PA,AEA,EN,Federal Contract Tower,0,13,22,0,35,0,1,122,4,127,0,14,144,4,162,108,0,108,270
09/01/2017,LNS,PA,AEA,EN,Federal Contract Tower,0,15,39,0,54,0,0,163,0,163,0,15,202,0,217,148,0,148,365
09/02/2017,LNS,PA,AEA,EN,Federal Contract Tower,0,4,13,0,17,0,0,19,0,19,0,4,32,0,36,48,0,48,84
09/03/2017,LNS,PA,AEA,EN,Federal Contract Tower,0,8,15,0,23,0,0,33,0,33,0,8,48,0,56,14,0,14,70
09/04/2017,LNS,PA,AEA,EN,Federal Contract Tower,0,11,23,0,34,0,1,162,0,163,0,12,185,0,197,104,0,104,301
09/05/2017,LNS,PA,AEA,EN,Federal Contract Tower,0,17,20,1,38,0,0,35,0,35,0,17,55,1,73,6,4,10,83
09/06/2017,LNS,PA,AEA,EN,Federal Contract Tower,0,14,23,0,37,0,0,9,0,9,0,14,32,0,46,26,0,26,72
09/07/2017,LNS,PA,AEA,EN,Federal Contract Tower,0,26,36,4,66,0,4,104,3,111,0,30,140,7,177,70,16,86,263
09/08/2017,LNS,PA,AEA,EN,Federal Contract Tower,0,21,36,0,57,0,0,124,0,124,0,21,160,0,181,92,0,92,273
09/09/2017,LNS,PA,AEA,EN,Federal Contract Tower,0,9,30,0,39,0,2,169,0,171,0,11,199,0,210,50,0,50,260
09/10/2017,LNS,PA,AEA,EN,Federal Contract Tower,0,14,31,0,45,0,2,145,0,147,0,16,176,0,192,94,10,104,296
09/11/2017,LNS,PA,AEA,EN,Federal Contract Tower,0,12,18,1,31,0,7,155,3,165,0,19,173,4,196,88,22,110,306
09/12/2017,LNS,PA,AEA,EN,Federal Contract Tower,0,8,37,4,49,0,0,116,4,120,0,8,153,8,169,65,12,77,246
09/13/2017,LNS,PA,AEA,EN,Federal Contract Tower,0,27,26,4,57,0,0,2,0,2,0,27,28,4,59,4,0,4,63
09/14/2017,LNS,PA,AEA,EN,Federal Contract Tower,0,15,32,9,56,0,0,70,0,70,0,15,102,9,126,142,2,144,270
09/15/2017,LNS,PA,AEA,EN,Federal Contract Tower,0,18,39,8,65,0,0,187,2,189,0,18,226,10,254,88,4,92,346
09/16/2017,LNS,PA,AEA,EN,Federal Contract Tower,0,15,45,0,60,0,0,141,0,141,0,15,186,0,201,120,0,120,321
09/17/2017,LNS,PA,AEA,EN,Federal Contract Tower,0,12,43,0,55,0,0,54,0,54,0,12,97,0,109,36,0,36,145
09/18/2017,LNS,PA,AEA,EN,Federal Contract Tower,0,19,28,0,47,0,0,17,2,19,0,19,45,2,66,54,20,74,140
09/19/2017,LNS,PA,AEA,EN,Federal Contract Tower,0,17,18,0,35,0,0,51,2,53,0,17,69,2,88,152,10,162,250
09/20/2017,LNS,PA,AEA,EN,Federal Contract Tower,0,18,34,2,54,0,1,115,2,118,0,19,149,4,172,136,8,144,316
09/21/2017,LNS,PA,AEA,EN,Federal Contract Tower,0,15,22,4,41,0,0,154,3,157,0,15,176,7,198,198,22,220,418
09/22/2017,LNS,PA,AEA,EN,Federal Contract Tower,0,16,39,0,55,0,1,180,4,185,0,17,219,4,240,146,0,146,386
09/23/2017,LNS,PA,AEA,EN,Federal Contract Tower,0,10,19,0,29,0,0,170,0,170,0,10,189,0,199,184,0,184,383
09/24/2017,LNS,PA,AEA,EN,Federal Contract Tower,0,10,21,0,31,0,0,112,0,112,0,10,133,0,143,68,0,68,211
09/25/2017,LNS,PA,AEA,EN,Federal Contract Tower,0,13,15,1,29,0,1,120,0,121,0,14,135,1,150,98,2,100,250
09/27/2017,LNS,PA,AEA,EN,Federal Contract Tower,0,12,24,3,39,0,0,126,0,126,0,12,150,3,165,100,0,100,265
09/28/2017,LNS,PA,AEA,EN,Federal Contract Tower,0,6,30,0,36,0,0,78,10,88,0,6,108,10,124,30,2,32,156
09/29/2017,LNS,PA,AEA,EN,Federal Contract Tower,0,19,32,0,51,0,1,189,0,190,0,20,221,0,241,192,0,192,433
09/30/2017,LNS,PA,AEA,EN,Federal Contract Tower,0,7,27,0,34,0,1,58,0,59,0,8,85,0,93,26,0,26,119
10/01/2017,LNS,PA,AEA,EN,Federal Contract Tower,0,18,18,0,36,0,0,157,2,159,0,18,175,2,195,98,0,98,293
10/02/2017,LNS,PA,AEA,EN,Federal Contract Tower,0,18,34,0,52,0,0,135,0,135,0,18,169,0,187,102,0,102,289
10/03/2017,LNS,PA,AEA,EN,Federal Contract Tower,0,17,19,9,45,0,0,148,0,148,0,17,167,9,193,134,2,136,329
10/04/2017,LNS,PA,AEA,EN,Federal Contract Tower,0,11,29,6,46,0,0,109,1,110,0,11,138,7,156,102,2,104,260
10/06/2017,LNS,PA,AEA,EN,Federal Contract Tower,0,11,38,0,49,0,0,112,0,112,0,11,150,0,161,172,0,172,333
10/07/2017,LNS,PA,AEA,EN,Federal Contract Tower,0,7,16,0,23,0,1,129,0,130,0,8,145,0,153,122,0,122,275
10/08/2017,LNS,PA,AEA,EN,Federal Contract Tower,0,9,28,0,37,0,0,18,0,18,0,9,46,0,55,16,0,16,71
10/09/2017,LNS,PA,AEA,EN,Federal Contract Tower,0,20,8,0,28,0,0,21,0,21,0,20,29,0,49,28,0,28,77
10/10/2017,LNS,PA,AEA,EN,Federal Contract Tower,0,8,27,9,44,0,2,118,0,120,0,10,145,9,164,154,34,188,352
10/11/2017,LNS,PA,AEA,EN,Federal Contract Tower,0,16,31,2,49,0,1,18,0,19,0,17,49,2,68,92,4,96,164
10/12/2017,LNS,PA,AEA,EN,Federal Contract Tower,0,24,46,9,79,0,0,19,4,23,0,24,65,13,102,62,0,62,164
10/13/2017,LNS,PA,AEA,EN,Federal Contract Tower,0,21,49,0,70,0,0,33,0,33,0,21,82,0,103,108,0,108,211
10/14/2017,LNS,PA,AEA,EN,Federal Contract Tower,0,8,57,0,65,0,0,43,8,51,0,8,100,8,116,176,22,198,314
10/15/2017,LNS,PA,AEA,EN,Federal Contract Tower,0,15,30,0,45,0,0,42,0,42,0,15,72,0,87,90,0,90,177
10/16/2017,LNS,PA,AEA,EN,Federal Contract Tower,0,14,26,2,42,0,1,78,5,84,0,15,104,7,126,38,16,54,180
10/17/2017,LNS,PA,AEA,EN,Federal Contract Tower,0,11,18,4,33,0,0,205,0,205,0,11,223,4,238,168,0,168,406
10/18/2017,LNS,PA,AEA,EN,Federal Contract Tower,0,13,19,0,32,0,1,153,18,172,0,14,172,18,204,172,18,190,394
10/19/2017,LNS,PA,AEA,EN,Federal Contract Tower,0,15,33,2,50,0,0,144,10,154,0,15,177,12,204,214,0,214,418
10/20/2017,LNS,PA,AEA,EN,Federal Contract Tower,0,18,36,3,57,0,0,174,0,174,0,18,210,3,231,192,6,198,429
10/21/2017,LNS,PA,AEA,EN,Federal Contract Tower,0,15,31,0,46,0,0,232,2,234,0,15,263,2,280,220,0,220,500
10/22/2017,LNS,PA,AEA,EN,Federal Contract Tower,0,9,34,0,43,0,0,160,0,160,0,9,194,0,203,140,0,140,343
10/23/2017,LNS,PA,AEA,EN,Federal Contract Tower,0,9,27,3,39,0,0,17,1,18,0,9,44,4,57,22,0,22,79
10/25/2017,LNS,PA,AEA,EN,Federal Contract Tower,0,14,25,2,41,0,2,107,2,111,0,16,132,4,152,140,0,140,292
10/27/2017,LNS,PA,AEA,EN,Federal Contract Tower,0,17,48,0,65,0,0,156,0,156,0,17,204,0,221,126,0,126,347
10/28/2017,LNS,PA,AEA,EN,Federal Contract Tower,0,6,18,0,24,0,1,107,0,108,0,7,125,0,132,126,0,126,258
10/29/2017,LNS,PA,AEA,EN,Federal Contract Tower,0,13,10,0,23,0,0,100,0,100,0,13,110,0,123,0,0,0,123
10/30/2017,LNS,PA,AEA,EN,Federal Contract Tower,0,12,4,3,19,0,0,34,0,34,0,12,38,3,53,36,2,38,91
10/31/2017,LNS,PA,AEA,EN,Federal Contract Tower,0,8,15,0,23,0,6,90,4,100,0,14,105,4,123,110,12,122,245
11/01/2017,LNS,PA,AEA,EN,Federal Contract Tower,0,21,32,1,54,0,0,70,10,80,0,21,102,11,134,40,4,44,178
11/02/2017,LNS,PA,AEA,EN,Federal Contract Tower,0,17,25,5,47,0,1,99,4,104,0,18,124,9,151,82,12,94,245
11/03/2017,LNS,PA,AEA,EN,Federal Contract Tower,0,19,28,0,47,0,2,95,8,105,0,21,123,8,152,70,28,98,250
11/04/2017,LNS,PA,AEA,EN,Federal Contract Tower,0,11,25,1,37,0,0,206,2,208,0,11,231,3,245,146,0,146,391
11/05/2017,LNS,PA,AEA,EN,Federal Contract Tower,0,16,26,0,42,0,0,3,0,3,0,16,29,0,45,10,0,10,55
11/06/2017,LNS,PA,AEA,EN,Federal Contract Tower,0,18,29,9,56,0,0,34,0,34,0,18,63,9,90,70,2,72,162
11/07/2017,LNS,PA,AEA,EN,Federal Contract Tower,0,23,20,10,53,0,0,38,3,41,0,23,58,13,94,64,36,100,194
11/08/2017,LNS,PA,AEA,EN,Federal Contract Tower,0,25,34,3,62,0,0,81,2,83,0,25,115,5,145,102,2,104,249
11/09/2017,LNS,PA,AEA,EN,Federal Contract Tower,0,14,37,2,53,0,0,47,0,47,0,14,84,2,100,60,0,60,160
11/10/2017,LNS,PA,AEA,EN,Federal Contract Tower,0,15,11,0,26,0,0,65,0,65,0,15,76,0,91,30,0,30,121
11/11/2017,LNS,PA,AEA,EN,Federal Contract Tower,0,7,14,0,21,0,0,168,0,168,0,7,182,0,189,169,0,169,358
11/12/2017,LNS,PA,AEA,EN,Federal Contract Tower,0,26,45,0,71,0,0,154,0,154,0,26,199,0,225,184,0,184,409
11/13/2017,LNS,PA,AEA,EN,Federal Contract Tower,0,14,25,0,39,0,0,32,0,32,0,14,57,0,71,100,0,100,171
11/14/2017,LNS,PA,AEA,EN,Federal Contract Tower,0,19,41,4,64,0,0,88,0,88,0,19,129,4,152,114,0,114,266
11/15/2017,LNS,PA,AEA,EN,Federal Contract Tower,0,13,27,5,45,0,2,147,1,150,0,15,174,6,195,128,0,128,323
11/16/2017,LNS,PA,AEA,EN,Federal Contract Tower,0,17,18,4,39,0,4,79,2,85,0,21,97,6,124,80,16,96,220
11/17/2017,LNS,PA,AEA,EN,Federal Contract Tower,0,17,34,4,55,0,4,159,0,163,0,21,193,4,218,70,0,70,288
11/18/2017,LNS,PA,AEA,EN,Federal Contract Tower,0,10,17,0,27,0,0,25,0,25,0,10,42,0,52,32,0,32,84
11/19/2017,LNS,PA,AEA,EN,Federal Contract Tower,0,12,4,0,16,0,0,12,0,12,0,12,16,0,28,10,0,10,38
11/20/2017,LNS,PA,AEA,EN,Federal Contract Tower,0,18,21,0,39,0,0,96,0,96,0,18,117,0,135,82,0,82,217
11/21/2017,LNS,PA,AEA,EN,Federal Contract Tower,0,25,33,9,67,0,0,141,0,141,0,25,174,9,208,186,0,186,394
11/22/2017,LNS,PA,AEA,EN,Federal Contract Tower,0,21,37,3,61,0,1,79,1,81,0,22,116,4,142,100,16,116,258
11/23/2017,LNS,PA,AEA,EN,Federal Contract Tower,0,11,15,0,26,0,0,52,0,52,0,11,67,0,78,42,0,42,120
11/24/2017,LNS,PA,AEA,EN,Federal Contract Tower,0,17,23,0,40,0,2,197,0,199,0,19,220,0,239,78,0,78,317
11/25/2017,LNS,PA,AEA,EN,Federal Contract Tower,0,8,13,0,21,0,0,150,0,150,0,8,163,0,171,130,0,130,301
11/26/2017,LNS,PA,AEA,EN,Federal Contract Tower,0,12,14,0,26,0,0,64,0,64,0,12,78,0,90,102,0,102,192
11/27/2017,LNS,PA,AEA,EN,Federal Contract Tower,0,23,43,6,72,0,0,89,2,91,0,23,132,8,163,70,0,70,233
11/28/2017,LNS,PA,AEA,EN,Federal Contract Tower,0,16,28,7,51,0,0,116,2,118,0,16,144,9,169,194,0,194,363
11/29/2017,LNS,PA,AEA,EN,Federal Contract Tower,0,15,16,24,55,0,1,135,9,145,0,16,151,33,200,102,16,118,318
11/30/2017,LNS,PA,AEA,EN,Federal Contract Tower,0,12,35,4,51,0,0,114,1,115,0,12,149,5,166,126,8,134,300
12/01/2017,LNS,PA,AEA,EN,Federal Contract Tower,0,11,39,2,52,0,1,115,1,117,0,12,154,3,169,94,0,94,263
12/02/2017,LNS,PA,AEA,EN,Federal Contract Tower,0,9,19,0,28,0,0,219,0,219,0,9,238,0,247,122,0,122,369
12/03/2017,LNS,PA,AEA,EN,Federal Contract Tower,0,6,13,0,19,0,3,137,0,140,0,9,150,0,159,112,0,112,271
12/04/2017,LNS,PA,AEA,EN,Federal Contract Tower,0,21,31,2,54,0,3,76,0,79,0,24,107,2,133,108,0,108,241
12/05/2017,LNS,PA,AEA,EN,Federal Contract Tower,0,20,13,0,33,0,0,2,0,2,0,20,15,0,35,2,0,2,37
12/06/2017,LNS,PA,AEA,EN,Federal Contract Tower,0,22,23,2,47,0,0,94,6,100,0,22,117,8,147,96,50,146,293
12/07/2017,LNS,PA,AEA,EN,Federal Contract Tower,0,19,15,2,36,0,1,123,10,134,0,20,138,12,170,112,2,114,284
12/08/2017,LNS,PA,AEA,EN,Federal Contract Tower,0,14,39,3,56,0,0,140,0,140,0,14,179,3,196,158,22,180,376
12/09/2017,LNS,PA,AEA,EN,Federal Contract Tower,0,4,1,0,5,0,0,7,0,7,0,4,8,0,12,8,0,8,20
12/10/2017,LNS,PA,AEA,EN,Federal Contract Tower,0,6,7,0,13,0,0,63,0,63,0,6,70,0,76,23,0,23,99
12/11/2017,LNS,PA,AEA,EN,Federal Contract Tower,0,14,23,1,38,0,0,98,2,100,0,14,121,3,138,96,10,106,244
12/12/2017,LNS,PA,AEA,EN,Federal Contract Tower,0,15,6,2,23,0,0,43,2,45,0,15,49,4,68,82,0,82,150
12/13/2017,LNS,PA,AEA,EN,Federal Contract Tower,0,19,20,1,40,0,3,28,3,34,0,22,48,4,74,10,20,30,104
12/14/2017,LNS,PA,AEA,EN,Federal Contract Tower,0,14,22,3,39,0,0,71,1,72,0,14,93,4,111,90,0,90,201
12/15/2017,LNS,PA,AEA,EN,Federal Contract Tower,0,15,15,5,35,0,0,47,0,47,0,15,62,5,82,72,10,82,164
12/16/2017,LNS,PA,AEA,EN,Federal Contract Tower,0,9,12,0,21,0,0,70,0,70,0,9,82,0,91,46,0,46,137
12/17/2017,LNS,PA,AEA,EN,Federal Contract Tower,0,9,20,0,29,0,1,120,0,121,0,10,140,0,150,120,0,120,270
12/18/2017,LNS,PA,AEA,EN,Federal Contract Tower,0,12,23,11,46,0,0,80,2,82,0,12,103,13,128,122,30,152,280
12/19/2017,LNS,PA,AEA,EN,Federal Contract Tower,0,19,19,4,42,0,0,85,5,90,0,19,104,9,132,120,10,130,262
12/20/2017,LNS,PA,AEA,EN,Federal Contract Tower,0,22,31,3,56,0,1,143,0,144,0,23,174,3,200,136,8,144,344
12/21/2017,LNS,PA,AEA,EN,Federal Contract Tower,0,17,32,3,52,0,0,186,1,187,0,17,218,4,239,204,6,210,449
12/22/2017,LNS,PA,AEA,EN,Federal Contract Tower,0,13,26,0,39,0,0,112,0,112,0,13,138,0,151,146,0,146,297
12/23/2017,LNS,PA,AEA,EN,Federal Contract Tower,0,7,17,0,24,0,1,2,0,3,0,8,19,0,27,10,0,10,37
12/24/2017,LNS,PA,AEA,EN,Federal Contract Tower,0,6,8,0,14,0,0,54,0,54,0,6,62,0,68,74,0,74,142
12/25/2017,LNS,PA,AEA,EN,Federal Contract Tower,0,10,1,0,11,0,0,3,0,3,0,10,4,0,14,0,0,0,14
12/26/2017,LNS,PA,AEA,EN,Federal Contract Tower,0,24,25,0,49,0,2,76,2,80,0,26,101,2,129,124,2,126,255
12/27/2017,LNS,PA,AEA,EN,Federal Contract Tower,0,20,14,8,42,0,0,89,4,93,0,20,103,12,135,110,10,120,255
12/28/2017,LNS,PA,AEA,EN,Federal Contract Tower,0,23,9,0,32,0,1,78,0,79,0,24,87,0,111,48,0,48,159
12/29/2017,LNS,PA,AEA,EN,Federal Contract Tower,0,23,9,0,32,0,1,78,0,79,0,24,87,0,111,48,0,48,159
12/30/2017,LNS,PA,AEA,EN,Federal Contract Tower,0,2,4,0,6,0,0,3,0,3,0,2,7,0,9,2,0,2,11
12/31/2017,LNS,PA,AEA,EN,Federal Contract Tower,0,13,3,0,16,0,0,36,0,36,0,13,39,0,52,52,0,52,104
01/01/2018,LNS,PA,AEA,EN,Federal Contract Tower,0,15,5,0,20,0,1,39,0,40,0,16,44,0,60,84,0,84,144
01/02/2018,LNS,PA,AEA,EN,Federal Contract Tower,0,11,16,6,33,0,2,70,0,72,0,13,86,6,105,72,2,74,179
01/03/2018,LNS,PA,AEA,EN,Federal Contract Tower,0,14,36,4,54,0,4,99,3,106,0,18,135,7,160,140,8,148,308
01/04/2018,LNS,PA,AEA,EN,Federal Contract Tower,0,15,3,0,18,0,0,0,0,0,0,15,3,0,18,0,0,0,18
01/05/2018,LNS,PA,AEA,EN,Federal Contract Tower,0,16,2,1,19,0,1,9,2,12,0,17,11,3,31,0,2,2,33
01/06/2018,LNS,PA,AEA,EN,Federal Contract Tower,0,8,8,0,16,0,0,0,0,0,0,8,8,0,16,48,0,48,64
01/07/2018,LNS,PA,AEA,EN,Federal Contract Tower,0,6,19,0,25,0,0,82,0,82,0,6,101,0,107,76,0,76,183
01/08/2018,LNS,PA,AEA,EN,Federal Contract Tower,0,2,3,0,5,0,0,16,0,16,0,2,19,0,21,10,0,10,31
01/09/2018,LNS,PA,AEA,EN,Federal Contract Tower,0,12,14,2,28,0,0,76,2,78,0,12,90,4,106,48,18,66,172
01/10/2018,LNS,PA,AEA,EN,Federal Contract Tower,0,23,43,8,74,0,0,125,2,127,0,23,168,10,201,98,10,108,309
01/11/2018,LNS,PA,AEA,EN,Federal Contract Tower,0,17,24,10,51,0,0,45,3,48,0,17,69,13,99,66,24,90,189
01/12/2018,LNS,PA,AEA,EN,Federal Contract Tower,0,20,21,0,41,0,0,0,0,0,0,20,21,0,41,0,0,0,41
01/13/2018,LNS,PA,AEA,EN,Federal Contract Tower,0,10,10,0,20,0,0,34,0,34,0,10,44,0,54,50,0,50,104
01/14/2018,LNS,PA,AEA,EN,Federal Contract Tower,0,16,11,0,27,0,3,103,0,106,0,19,114,0,133,46,0,46,179
01/15/2018,LNS,PA,AEA,EN,Federal Contract Tower,0,15,17,0,32,0,0,53,0,53,0,15,70,0,85,70,0,70,155
01/16/2018,LNS,PA,AEA,EN,Federal Contract Tower,0,9,8,0,17,0,0,0,0,0,0,9,8,0,17,0,0,0,17
01/17/2018,LNS,PA,AEA,EN,Federal Contract Tower,0,16,7,13,36,0,1,28,0,29,0,17,35,13,65,12,6,18,83
01/18/2018,LNS,PA,AEA,EN,Federal Contract Tower,0,17,11,5,33,0,0,127,7,134,0,17,138,12,167,124,14,138,305
01/20/2018,LNS,PA,AEA,EN,Federal Contract Tower,0,6,38,0,44,0,1,153,0,154,0,7,191,0,198,136,0,136,334
01/21/2018,LNS,PA,AEA,EN,Federal Contract Tower,0,10,24,0,34,0,0,72,0,72,0,10,96,0,106,126,0,126,232
01/22/2018,LNS,PA,AEA,EN,Federal Contract Tower,0,9,15,0,24,0,1,57,0,58,0,10,72,0,82,56,0,56,138
01/23/2018,LNS,PA,AEA,EN,Federal Contract Tower,0,8,8,5,21,0,0,21,2,23,0,8,29,7,44,20,10,30,74
01/24/2018,LNS,PA,AEA,EN,Federal Contract Tower,0,8,16,1,25,0,1,56,1,58,0,9,72,2,83,42,4,46,129
01/25/2018,LNS,PA,AEA,EN,Federal Contract Tower,0,13,17,8,38,0,0,85,2,87,0,13,102,10,125,92,6,98,223
01/26/2018,LNS,PA,AEA,EN,Federal Contract Tower,0,20,37,2,59,0,0,177,10,187,0,20,214,12,246,180,50,230,476
01/27/2018,LNS,PA,AEA,EN,Federal Contract Tower,0,7,39,0,46,0,0,203,0,203,0,7,242,0,249,152,0,152,401
01/28/2018,LNS,PA,AEA,EN,Federal Contract Tower,0,5,19,0,24,0,0,0,0,0,0,5,19,0,24,28,0,28,52
01/29/2018,LNS,PA,AEA,EN,Federal Contract Tower,0,15,16,6,37,0,0,119,4,123,0,15,135,10,160,120,30,150,310
01/30/2018,LNS,PA,AEA,EN,Federal Contract Tower,0,16,8,3,27,0,0,4,2,6,0,16,12,5,33,10,12,22,55
01/31/2018,LNS,PA,AEA,EN,Federal Contract Tower,0,11,14,2,27,0,0,124,8,132,0,11,138,10,159,148,10,158,317
02/01/2018,LNS,PA,AEA,EN,Federal Contract Tower,0,13,17,4,34,0,0,79,7,86,0,13,96,11,120,44,22,66,186
02/02/2018,LNS,PA,AEA,EN,Federal Contract Tower,0,18,12,9,39,0,0,522,7,529,0,18,534,16,568,6,12,18,586
02/04/2018,LNS,PA,AEA,EN,Federal Contract Tower,0,8,5,0,13,0,0,2,0,2,0,8,7,0,15,6,0,6,21
02/05/2018,LNS,PA,AEA,EN,Federal Contract Tower,0,10,11,3,24,0,0,44,0,44,0,10,55,3,68,44,0,44,112
02/06/2018,LNS,PA,AEA,EN,Federal Contract Tower,0,14,28,4,46,0,2,92,2,96,0,16,120,6,142,120,10,130,272
02/07/2018,LNS,PA,AEA,EN,Federal Contract Tower,0,4,3,0,7,0,0,0,0,0,0,4,3,0,7,0,0,0,7
02/08/2018,LNS,PA,AEA,EN,Federal Contract Tower,0,16,25,0,41,0,2,78,6,86,0,18,103,6,127,88,12,100,227
02/09/2018,LNS,PA,AEA,EN,Federal Contract Tower,0,16,33,3,52,0,0,109,0,109,0,16,142,3,161,206,0,206,367
02/10/2018,LNS,PA,AEA,EN,Federal Contract Tower,0,2,18,0,20,0,0,44,0,44,0,2,62,0,64,116,0,116,180
02/11/2018,LNS,PA,AEA,EN,Federal Contract Tower,0,8,9,0,17,0,0,0,0,0,0,8,9,0,17,2,0,2,19
02/12/2018,LNS,PA,AEA,EN,Federal Contract Tower,0,18,27,0,45,0,1,91,0,92,0,19,118,0,137,178,0,178,315
02/13/2018,LNS,PA,AEA,EN,Federal Contract Tower,0,16,36,3,55,0,2,166,2,170,0,18,202,5,225,114,6,120,345
02/14/2018,LNS,PA,AEA,EN,Federal Contract Tower,0,15,34,1,50,0,0,98,3,101,0,15,132,4,151,146,16,162,313
02/15/2018,LNS,PA,AEA,EN,Federal Contract Tower,0,24,16,3,43,0,1,75,3,79,0,25,91,6,122,130,14,144,266
02/16/2018,LNS,PA,AEA,EN,Federal Contract Tower,0,14,40,0,54,0,0,37,0,37,0,14,77,0,91,66,0,66,157
02/17/2018,LNS,PA,AEA,EN,Federal Contract Tower,0,8,20,0,28,0,0,83,0,83,0,8,103,0,111,152,0,152,263
02/18/2018,LNS,PA,AEA,EN,Federal Contract Tower,0,9,39,0,48,0,1,137,0,138,0,10,176,0,186,154,0,154,340
02/19/2018,LNS,PA,AEA,EN,Federal Contract Tower,0,12,29,0,41,0,0,23,0,23,0,12,52,0,64,36,0,36,100
02/20/2018,LNS,PA,AEA,EN,Federal Contract Tower,0,17,33,1,51,0,0,66,2,68,0,17,99,3,119,64,14,78,197
02/21/2018,LNS,PA,AEA,EN,Federal Contract Tower,0,15,27,0,42,0,1,83,0,84,0,16,110,0,126,102,0,102,228
02/22/2018,LNS,PA,AEA,EN,Federal Contract Tower,0,13,20,0,33,0,0,6,0,6,0,13,26,0,39,54,0,54,93
02/23/2018,LNS,PA,AEA,EN,Federal Contract Tower,0,22,18,0,40,0,0,0,0,0,0,22,18,0,40,4,0,4,44
02/24/2018,LNS,PA,AEA,EN,Federal Contract Tower,0,12,19,0,31,0,0,300,0,300,0,12,319,0,331,2,0,2,333
02/25/2018,LNS,PA,AEA,EN,Federal Contract Tower,2,16,33,0,51,0,0,0,0,0,2,16,33,0,51,16,4,20,71
02/26/2018,LNS,PA,AEA,EN,Federal Contract Tower,0,17,30,4,51,0,1,168,0,169,0,18,198,4,220,196,0,196,416
02/27/2018,LNS,PA,AEA,EN,Federal Contract Tower,0,12,29,0,41,0,4,178,2,184,0,16,207,2,225,222,16,238,463
02/28/2018,LNS,PA,AEA,EN,Federal Contract Tower,0,17,42,2,61,0,0,172,0,172,0,17,214,2,233,222,0,222,455
03/01/2018,LNS,PA,AEA,EN,Federal Contract Tower,0,20,29,1,50,0,0,40,1,41,0,20,69,2,91,86,2,88,179
03/02/2018,LNS,PA,AEA,EN,Federal Contract Tower,0,6,10,0,16,0,0,0,0,0,0,6,10,0,16,0,0,0,16
03/03/2018,LNS,PA,AEA,EN,Federal Contract Tower,2,15,8,0,25,0,0,24,0,24,2,15,32,0,49,22,0,22,71
03/04/2018,LNS,PA,AEA,EN,Federal Contract Tower,0,10,21,0,31,0,0,48,1,49,0,10,69,1,80,42,2,44,124
03/05/2018,LNS,PA,AEA,EN,Federal Contract Tower,0,14,18,4,36,0,1,105,0,106,0,15,123,4,142,64,0,64,206
03/06/2018,LNS,PA,AEA,EN,Federal Contract Tower,0,16,32,2,50,0,1,103,0,104,0,17,135,2,154,62,0,62,216
03/07/2018,LNS,PA,AEA,EN,Federal Contract Tower,0,1,0,5,6,0,0,0,1,1,0,1,0,6,7,0,4,4,11
03/08/2018,LNS,PA,AEA,EN,Federal Contract Tower,0,12,27,7,46,0,0,57,0,57,0,12,84,7,103,34,6,40,143
03/09/2018,LNS,PA,AEA,EN,Federal Contract Tower,0,7,26,1,34,0,2,42,0,44,0,9,68,1,78,28,2,30,108
03/10/2018,LNS,PA,AEA,EN,Federal Contract Tower,0,11,15,0,26,0,2,144,0,146,0,13,159,0,172,172,0,172,344
03/11/2018,LNS,PA,AEA,EN,Federal Contract Tower,0,10,27,0,37,0,5,167,0,172,0,15,194,0,209,144,0,144,353
03/12/2018,LNS,PA,AEA,EN,Federal Contract Tower,0,13,22,0,35,0,0,72,0,72,0,13,94,0,107,98,0,98,205
03/13/2018,LNS,PA,AEA,EN,Federal Contract Tower,0,12,14,5,31,0,2,37,4,43,0,14,51,9,74,54,12,66,140
03/14/2018,LNS,PA,AEA,EN,Federal Contract Tower,0,15,19,2,36,0,0,30,1,31,0,15,49,3,67,34,28,62,129
03/15/2018,LNS,PA,AEA,EN,Federal Contract Tower,0,12,39,6,57,0,0,73,0,73,0,12,112,6,130,110,2,112,242
03/16/2018,LNS,PA,AEA,EN,Federal Contract Tower,0,13,21,3,37,0,2,43,2,47,0,15,64,5,84,60,42,102,186
03/17/2018,LNS,PA,AEA,EN,Federal Contract Tower,0,5,35,0,40,0,2,119,0,121,0,7,154,0,161,172,0,172,333
03/18/2018,LNS,PA,AEA,EN,Federal Contract Tower,0,7,24,0,31,0,0,167,0,167,0,7,191,0,198,201,0,201,399
03/19/2018,LNS,PA,AEA,EN,Federal Contract Tower,0,9,34,7,50,0,0,144,4,148,0,9,178,11,198,206,46,252,450
03/20/2018,LNS,PA,AEA,EN,Federal Contract Tower,0,11,7,0,18,0,0,10,3,13,0,11,17,3,31,32,20,52,83
03/21/2018,LNS,PA,AEA,EN,Federal Contract Tower,0,0,1,0,1,0,0,0,0,0,0,0,1,0,1,0,0,0,1
03/22/2018,LNS,PA,AEA,EN,Federal Contract Tower,0,17,27,15,59,0,1,73,0,74,0,18,100,15,133,104,16,120,253
03/23/2018,LNS,PA,AEA,EN,Federal Contract Tower,0,15,33,4,52,0,2,94,4,100,0,17,127,8,152,174,10,184,336
03/24/2018,LNS,PA,AEA,EN,Federal Contract Tower,0,6,37,0,43,0,1,181,0,182,0,7,218,0,225,250,0,250,475
03/25/2018,LNS,PA,AEA,EN,Federal Contract Tower,0,9,22,0,31,0,0,28,0,28,0,9,50,0,59,66,0,66,125
03/26/2018,LNS,PA,AEA,EN,Federal Contract Tower,0,15,17,3,35,0,1,131,0,132,0,16,148,3,167,82,2,84,251
03/27/2018,LNS,PA,AEA,EN,Federal Contract Tower,0,22,24,6,52,0,0,59,2,61,0,22,83,8,113,132,10,142,255
03/28/2018,LNS,PA,AEA,EN,Federal Contract Tower,0,19,44,0,63,0,0,2,0,2,0,19,46,0,65,22,0,22,87
03/29/2018,LNS,PA,AEA,EN,Federal Contract Tower,0,17,47,1,65,0,0,51,3,54,0,17,98,4,119,116,2,118,237
03/30/2018,LNS,PA,AEA,EN,Federal Contract Tower,0,8,39,2,49,0,0,20,0,20,0,8,59,2,69,28,0,28,97
03/31/2018,LNS,PA,AEA,EN,Federal Contract Tower,0,4,28,0,32,0,1,230,0,231,0,5,258,0,263,272,0,272,535
04/01/2018,LNS,PA,AEA,EN,Federal Contract Tower,0,8,9,0,17,0,0,34,0,34,0,8,43,0,51,50,0,50,101
04/02/2018,LNS,PA,AEA,EN,Federal Contract Tower,0,14,23,0,37,0,0,22,1,23,0,14,45,1,60,74,2,76,136
04/03/2018,LNS,PA,AEA,EN,Federal Contract Tower,0,21,14,0,35,0,0,0,0,0,0,21,14,0,35,2,0,2,37
04/04/2018,LNS,PA,AEA,EN,Federal Contract Tower,0,11,12,0,23,0,0,1,0,1,0,11,13,0,24,6,0,6,30
04/05/2018,LNS,PA,AEA,EN,Federal Contract Tower,0,14,40,0,54,0,0,101,0,101,0,14,141,0,155,92,6,98,253
04/06/2018,LNS,PA,AEA,EN,Federal Contract Tower,0,13,44,1,58,0,0,70,0,70,0,13,114,1,128,82,0,82,210
04/07/2018,LNS,PA,AEA,EN,Federal Contract Tower,0,4,15,0,19,0,10,106,0,116,0,14,121,0,135,138,0,138,273
04/08/2018,LNS,PA,AEA,EN,Federal Contract Tower,0,7,26,0,33,0,1,124,0,125,0,8,150,0,158,132,0,132,290
04/09/2018,LNS,PA,AEA,EN,Federal Contract Tower,0,10,19,1,30,0,0,78,0,78,0,10,97,1,108,142,2,144,252
04/10/2018,LNS,PA,AEA,EN,Federal Contract Tower,0,11,28,4,43,0,0,91,5,96,0,11,119,9,139,70,2,72,211
04/11/2018,LNS,PA,AEA,EN,Federal Contract Tower,0,19,36,5,60,0,0,146,0,146,0,19,182,5,206,192,0,192,398
04/12/2018,LNS,PA,AEA,EN,Federal Contract Tower,0,15,22,5,42,0,1,67,1,69,0,16,89,6,111,94,4,98,209
04/13/2018,LNS,PA,AEA,EN,Federal Contract Tower,0,21,39,4,64,0,1,134,0,135,0,22,173,4,199,110,10,120,319
04/14/2018,LNS,PA,AEA,EN,Federal Contract Tower,0,5,17,0,22,0,0,158,0,158,0,5,175,0,180,250,0,250,430
04/15/2018,LNS,PA,AEA,EN,Federal Contract Tower,0,8,10,0,18,0,0,0,0,0,0,8,10,0,18,0,0,0,18
04/16/2018,LNS,PA,AEA,EN,Federal Contract Tower,0,18,23,1,42,0,0,1,0,1,0,18,24,1,43,0,2,2,45
04/17/2018,LNS,PA,AEA,EN,Federal Contract Tower,0,18,13,1,32,0,0,30,1,31,0,18,43,2,63,44,4,48,111
04/18/2018,LNS,PA,AEA,EN,Federal Contract Tower,0,15,26,1,42,0,0,167,1,168,0,15,193,2,210,250,0,250,460
04/19/2018,LNS,PA,AEA,EN,Federal Contract Tower,0,14,13,1,28,0,2,21,3,26,0,16,34,4,54,38,0,38,92
04/20/2018,LNS,PA,AEA,EN,Federal Contract Tower,0,12,20,1,33,0,1,116,3,120,0,13,136,4,153,118,0,118,271
04/21/2018,LNS,PA,AEA,EN,Federal Contract Tower,0,1,27,1,29,0,1,181,0,182,0,2,208,1,211,370,0,370,581
04/22/2018,LNS,PA,AEA,EN,Federal Contract Tower,0,9,40,0,49,0,2,213,0,215,0,11,253,0,264,262,0,262,526
04/23/2018,LNS,PA,AEA,EN,Federal Contract Tower,0,12,28,0,40,0,0,156,0,156,0,12,184,0,196,254,0,254,450
04/24/2018,LNS,PA,AEA,EN,Federal Contract Tower,0,15,24,2,41,0,1,57,4,62,0,16,81,6,103,72,24,96,199
04/25/2018,LNS,PA,AEA,EN,Federal Contract Tower,0,15,33,1,49,0,0,4,0,4,0,15,37,1,53,4,2,6,59
04/26/2018,LNS,PA,AEA,EN,Federal Contract Tower,0,14,31,4,49,0,0,140,0,140,0,14,171,4,189,208,0,208,397
04/27/2018,LNS,PA,AEA,EN,Federal Contract Tower,0,16,55,0,71,0,0,26,0,26,0,16,81,0,97,102,0,102,199
04/28/2018,LNS,PA,AEA,EN,Federal Contract Tower,0,5,22,0,27,0,0,62,0,62,0,5,84,0,89,94,0,94,183
04/29/2018,LNS,PA,AEA,EN,Federal Contract Tower,0,11,15,0,26,0,0,65,0,65,0,11,80,0,91,122,0,122,213
04/30/2018,LNS,PA,AEA,EN,Federal Contract Tower,0,18,25,5,48,0,3,61,0,64,0,21,86,5,112,76,6,82,194
05/01/2018,LNS,PA,AEA,EN,Federal Contract Tower,0,16,17,0,33,0,2,171,2,175,0,18,188,2,208,126,4,130,338
05/02/2018,LNS,PA,AEA,EN,Federal Contract Tower,0,10,27,2,39,0,0,164,0,164,0,10,191,2,203,220,4,224,427
05/03/2018,LNS,PA,AEA,EN,Federal Contract Tower,0,20,22,1,43,0,0,119,2,121,0,20,141,3,164,236,10,246,410
05/04/2018,LNS,PA,AEA,EN,Federal Contract Tower,0,16,33,0,49,0,0,111,5,116,0,16,144,5,165,222,6,228,393
05/05/2018,LNS,PA,AEA,EN,Federal Contract Tower,1,7,32,0,40,0,0,178,0,178,1,7,210,0,218,218,0,218,436
05/06/2018,LNS,PA,AEA,EN,Federal Contract Tower,1,17,24,1,43,0,0,26,0,26,1,17,50,1,69,122,2,124,193
05/07/2018,LNS,PA,AEA,EN,Federal Contract Tower,0,18,28,0,46,0,0,108,2,110,0,18,136,2,156,178,12,190,346
05/08/2018,LNS,PA,AEA,EN,Federal Contract Tower,0,15,51,14,80,0,0,170,6,176,0,15,221,20,256,216,30,246,502
05/09/2018,LNS,PA,AEA,EN,Federal Contract Tower,0,21,35,3,59,0,0,159,3,162,0,21,194,6,221,142,16,158,379
05/10/2018,LNS,PA,AEA,EN,Federal Contract Tower,0,18,38,2,58,0,1,52,2,55,0,19,90,4,113,106,4,110,223
05/11/2018,LNS,PA,AEA,EN,Federal Contract Tower,0,22,44,3,69,0,0,205,2,207,0,22,249,5,276,264,18,282,558
05/12/2018,LNS,PA,AEA,EN,Federal Contract Tower,2,24,32,0,58,0,1,11,0,12,2,25,43,0,70,122,0,122,192
05/13/2018,LNS,PA,AEA,EN,Federal Contract Tower,0,16,24,0,40,0,0,0,0,0,0,16,24,0,40,4,0,4,44
05/14/2018,LNS,PA,AEA,EN,Federal Contract Tower,0,16,36,17,69,0,0,34,0,34,0,16,70,17,103,46,6,52,155
05/15/2018,LNS,PA,AEA,EN,Federal Contract Tower,0,16,17,0,33,0,1,83,0,84,0,17,100,0,117,140,0,140,257
05/16/2018,LNS,PA,AEA,EN,Federal Contract Tower,0,22,32,6,60,0,0,0,0,0,0,22,32,6,60,6,10,16,76
05/17/2018,LNS,PA,AEA,EN,Federal Contract Tower,0,16,33,2,51,0,0,5,2,7,0,16,38,4,58,28,14,42,100
05/18/2018,LNS,PA,AEA,EN,Federal Contract Tower,0,13,30,0,43,0,0,15,0,15,0,13,45,0,58,56,0,56,114
05/19/2018,LNS,PA,AEA,EN,Federal Contract Tower,0,10,29,0,39,0,0,0,0,0,0,10,29,0,39,8,0,8,47
05/20/2018,LNS,PA,AEA,EN,Federal Contract Tower,0,12,26,2,40,0,0,82,0,82,0,12,108,2,122,184,0,184,306
05/21/2018,LNS,PA,AEA,EN,Federal Contract Tower,0,14,45,2,61,0,2,159,0,161,0,16,204,2,222,146,0,146,368
05/22/2018,LNS,PA,AEA,EN,Federal Contract Tower,0,14,23,6,43,0,0,19,0,19,0,14,42,6,62,44,10,54,116
05/23/2018,LNS,PA,AEA,EN,Federal Contract Tower,0,15,44,7,66,0,0,140,3,143,0,15,184,10,209,148,18,166,375
05/24/2018,LNS,PA,AEA,EN,Federal Contract Tower,0,14,23,1,38,0,2,235,1,238,0,16,258,2,276,278,6,284,560
05/25/2018,LNS,PA,AEA,EN,Federal Contract Tower,0,19,38,0,57,0,1,186,0,187,0,20,224,0,244,182,0,182,426
05/26/2018,LNS,PA,AEA,EN,Federal Contract Tower,0,5,17,0,22,0,0,87,0,87,0,5,104,0,109,128,0,128,237
05/27/2018,LNS,PA,AEA,EN,Federal Contract Tower,0,10,24,0,34,0,0,3,0,3,0,10,27,0,37,52,0,52,89
05/28/2018,LNS,PA,AEA,EN,Federal Contract Tower,0,18,32,0,50,0,0,13,0,13,0,18,45,0,63,50,0,50,113
05/29/2018,LNS,PA,AEA,EN,Federal Contract Tower,0,10,46,8,64,0,0,85,3,88,0,10,131,11,152,98,30,128,280
05/30/2018,LNS,PA,AEA,EN,Federal Contract Tower,0,15,38,0,53,0,0,49,2,51,0,15,87,2,104,104,0,104,208
05/31/2018,LNS,PA,AEA,EN,Federal Contract Tower,0,19,44,0,63,0,0,5,0,5,0,19,49,0,68,24,0,24,92
06/01/2018,LNS,PA,AEA,EN,Federal Contract Tower,0,17,55,0,72,0,0,72,0,72,0,17,127,0,144,130,0,130,274
06/02/2018,LNS,PA,AEA,EN,Federal Contract Tower,0,8,9,0,17,0,0,79,0,79,0,8,88,0,96,174,0,174,270
06/03/2018,LNS,PA,AEA,EN,Federal Contract Tower,0,13,23,0,36,0,0,22,0,22,0,13,45,0,58,88,0,88,146
06/04/2018,LNS,PA,AEA,EN,Federal Contract Tower,0,10,59,2,71,0,0,97,0,97,0,10,156,2,168,266,10,276,444
06/05/2018,LNS,PA,AEA,EN,Federal Contract Tower,0,19,25,1,45,0,0,70,0,70,0,19,95,1,115,142,2,144,259
06/06/2018,LNS,PA,AEA,EN,Federal Contract Tower,0,14,54,3,71,0,0,179,0,179,0,14,233,3,250,216,2,218,468
06/07/2018,LNS,PA,AEA,EN,Federal Contract Tower,0,15,36,0,51,0,2,172,0,174,0,17,208,0,225,188,0,188,413
06/08/2018,LNS,PA,AEA,EN,Federal Contract Tower,0,22,50,1,73,0,2,176,0,178,0,24,226,1,251,156,2,158,409
06/09/2018,LNS,PA,AEA,EN,Federal Contract Tower,0,7,21,0,28,0,1,143,0,144,0,8,164,0,172,248,0,248,420
06/10/2018,LNS,PA,AEA,EN,Federal Contract Tower,0,13,31,2,46,0,0,29,0,29,0,13,60,2,75,82,0,82,157
06/11/2018,LNS,PA,AEA,EN,Federal Contract Tower,0,16,32,2,50,0,1,103,0,104,0,17,135,2,154,136,22,158,312
06/12/2018,LNS,PA,AEA,EN,Federal Contract Tower,0,14,26,1,41,0,1,1134,0,1135,0,15,1160,1,1176,110,2,112,1288
06/13/2018,LNS,PA,AEA,EN,Federal Contract Tower,0,18,32,4,54,0,0,45,0,45,0,18,77,4,99,92,2,94,193
06/14/2018,LNS,PA,AEA,EN,Federal Contract Tower,0,17,29,10,56,0,1,123,6,130,0,18,152,16,186,112,30,142,328
06/15/2018,LNS,PA,AEA,EN,Federal Contract Tower,0,11,33,3,47,0,1,146,2,149,0,12,179,5,196,160,2,162,358
06/16/2018,LNS,PA,AEA,EN,Federal Contract Tower,0,7,19,0,26,0,1,207,0,208,0,8,226,0,234,192,0,192,426
06/17/2018,LNS,PA,AEA,EN,Federal Contract Tower,0,17,15,0,32,0,2,154,0,156,0,19,169,0,188,140,0,140,328
06/18/2018,LNS,PA,AEA,EN,Federal Contract Tower,0,16,29,4,49,0,0,107,1,108,0,16,136,5,157,198,16,214,371
06/19/2018,LNS,PA,AEA,EN,Federal Contract Tower,0,17,24,5,46,0,0,101,0,101,0,17,125,5,147,202,20,222,369
06/20/2018,LNS,PA,AEA,EN,Federal Contract Tower,0,17,36,10,63,0,0,91,0,91,0,17,127,10,154,98,12,110,264
06/21/2018,LNS,PA,AEA,EN,Federal Contract Tower,0,18,39,7,64,0,1,124,7,132,0,19,163,14,196,200,44,244,440
06/22/2018,LNS,PA,AEA,EN,Federal Contract Tower,0,12,30,9,51,0,1,76,8,85,0,13,106,17,136,164,50,214,350
06/23/2018,LNS,PA,AEA,EN,Federal Contract Tower,0,8,27,0,35,0,0,0,0,0,0,8,27,0,35,0,0,0,35
06/24/2018,LNS,PA,AEA,EN,Federal Contract Tower,0,7,33,0,40,0,5,100,0,105,0,12,133,0,145,116,0,116,261
06/25/2018,LNS,PA,AEA,EN,Federal Contract Tower,0,13,17,1,31,0,0,153,0,153,0,13,170,1,184,194,2,196,380
06/26/2018,LNS,PA,AEA,EN,Federal Contract Tower,0,11,44,1,56,0,0,164,3,167,0,11,208,4,223,194,8,202,425
06/27/2018,LNS,PA,AEA,EN,Federal Contract Tower,0,15,34,2,51,0,0,22,2,24,0,15,56,4,75,110,4,114,189
06/28/2018,LNS,PA,AEA,EN,Federal Contract Tower,0,11,38,1,50,0,0,135,9,144,0,11,173,10,194,108,0,108,302
06/29/2018,LNS,PA,AEA,EN,Federal Contract Tower,0,14,60,1,75,0,0,207,0,207,0,14,267,1,282,164,4,168,450
06/30/2018,LNS,PA,AEA,EN,Federal Contract Tower,0,9,21,0,30,0,0,159,0,159,0,9,180,0,189,242,0,242,431
07/01/2018,LNS,PA,AEA,EN,Federal Contract Tower,0,11,30,0,41,0,2,126,0,128,0,13,156,0,169,126,0,126,295
07/02/2018,LNS,PA,AEA,EN,Federal Contract Tower,0,15,20,4,39,0,0,143,1,144,0,15,163,5,183,228,10,238,421
07/03/2018,LNS,PA,AEA,EN,Federal Contract Tower,0,14,13,1,28,0,0,85,2,87,0,14,98,3,115,216,0,216,331
07/04/2018,LNS,PA,AEA,EN,Federal Contract Tower,0,16,26,0,42,0,1,49,0,50,0,17,75,0,92,100,0,100,192
07/05/2018,LNS,PA,AEA,EN,Federal Contract Tower,0,17,32,0,49,0,0,66,0,66,0,17,98,0,115,98,6,104,219
07/06/2018,LNS,PA,AEA,EN,Federal Contract Tower,0,16,21,0,37,0,1,59,3,63,0,17,80,3,100,92,8,100,200
07/07/2018,LNS,PA,AEA,EN,Federal Contract Tower,0,6,27,0,33,0,0,173,0,173,0,6,200,0,206,190,0,190,396
07/08/2018,LNS,PA,AEA,EN,Federal Contract Tower,0,8,27,0,35,0,0,169,0,169,0,8,196,0,204,120,0,120,324
07/09/2018,LNS,PA,AEA,EN,Federal Contract Tower,0,16,31,4,51,0,2,94,4,100,0,18,125,8,151,94,10,104,255
07/10/2018,LNS,PA,AEA,EN,Federal Contract Tower,0,17,22,10,49,0,0,176,0,176,0,17,198,10,225,232,32,264,489
07/11/2018,LNS,PA,AEA,EN,Federal Contract Tower,0,18,52,1,71,0,6,164,1,171,0,24,216,2,242,150,10,160,402
07/12/2018,LNS,PA,AEA,EN,Federal Contract Tower,0,42,38,2,82,0,2,179,0,181,0,44,217,2,263,140,0,140,403
07/13/2018,LNS,PA,AEA,EN,Federal Contract Tower,0,11,66,0,77,0,2,219,1,222,0,13,285,1,299,168,0,168,467
07/14/2018,LNS,PA,AEA,EN,Federal Contract Tower,0,11,39,2,52,0,2,151,2,155,0,13,190,4,207,150,0,150,357
07/15/2018,LNS,PA,AEA,EN,Federal Contract Tower,0,10,13,0,23,0,1,56,0,57,0,11,69,0,80,94,0,94,174
07/16/2018,LNS,PA,AEA,EN,Federal Contract Tower,0,13,28,1,42,0,2,90,2,94,0,15,118,3,136,120,0,120,256
07/17/2018,LNS,PA,AEA,EN,Federal Contract Tower,0,14,28,0,42,0,0,61,0,61,0,14,89,0,103,70,0,70,173
07/18/2018,LNS,PA,AEA,EN,Federal Contract Tower,0,16,67,4,87,0,0,173,3,176,0,16,240,7,263,234,0,234,497
07/19/2018,LNS,PA,AEA,EN,Federal Contract Tower,0,15,54,3,72,0,1,183,2,186,0,16,237,5,258,154,6,160,418
07/20/2018,LNS,PA,AEA,EN,Federal Contract Tower,0,16,49,0,65,0,4,157,0,161,0,20,206,0,226,180,0,180,406
07/21/2018,LNS,PA,AEA,EN,Federal Contract Tower,0,10,35,0,45,0,0,25,0,25,0,10,60,0,70,52,0,52,122
07/22/2018,LNS,PA,AEA,EN,Federal Contract Tower,0,8,17,3,28,0,0,12,1,13,0,8,29,4,41,10,6,16,57
07/23/2018,LNS,PA,AEA,EN,Federal Contract Tower,0,20,10,0,30,0,1,7,0,8,0,21,17,0,38,46,0,46,84
07/24/2018,LNS,PA,AEA,EN,Federal Contract Tower,0,17,13,0,30,0,1,6,2,9,0,18,19,2,39,30,0,30,69
07/25/2018,LNS,PA,AEA,EN,Federal Contract Tower,0,13,38,0,51,0,0,11,1,12,0,13,49,1,63,100,0,100,163
07/26/2018,LNS,PA,AEA,EN,Federal Contract Tower,0,13,41,1,55,0,0,107,0,107,0,13,148,1,162,182,4,186,348
07/27/2018,LNS,PA,AEA,EN,Federal Contract Tower,0,13,25,0,38,0,1,66,0,67,0,14,91,0,105,50,0,50,155
07/28/2018,LNS,PA,AEA,EN,Federal Contract Tower,0,9,26,0,35,0,0,116,0,116,0,9,142,0,151,178,1,179,330
07/29/2018,LNS,PA,AEA,EN,Federal Contract Tower,0,10,17,0,27,0,0,177,0,177,0,10,194,0,204,130,0,130,334
07/30/2018,LNS,PA,AEA,EN,Federal Contract Tower,0,13,28,4,45,0,0,115,2,117,0,13,143,6,162,150,10,160,322
07/31/2018,LNS,PA,AEA,EN,Federal Contract Tower,0,21,26,12,59,0,6,74,7,87,0,27,100,19,146,142,88,230,376
08/01/2018,LNS,PA,AEA,EN,Federal Contract Tower,0,18,43,0,61,0,1,59,0,60,0,19,102,0,121,82,0,82,203
08/02/2018,LNS,PA,AEA,EN,Federal Contract Tower,0,18,37,4,59,0,0,32,2,34,0,18,69,6,93,66,14,80,173
08/03/2018,LNS,PA,AEA,EN,Federal Contract Tower,0,14,27,6,47,0,1,30,4,35,0,15,57,10,82,82,18,100,182
08/04/2018,LNS,PA,AEA,EN,Federal Contract Tower,0,6,27,0,33,0,0,73,0,73,0,6,100,0,106,110,0,110,216
08/05/2018,LNS,PA,AEA,EN,Federal Contract Tower,0,11,29,0,40,0,1,152,0,153,0,12,181,0,193,166,0,166,359
08/06/2018,LNS,PA,AEA,EN,Federal Contract Tower,0,15,35,4,54,0,2,161,9,172,0,17,196,13,226,240,32,272,498
08/07/2018,LNS,PA,AEA,EN,Federal Contract Tower,0,17,22,0,39,0,0,87,0,87,0,17,109,0,126,94,0,94,220
08/08/2018,LNS,PA,AEA,EN,Federal Contract Tower,0,17,31,9,57,0,0,76,0,76,0,17,107,9,133,200,8,208,341
08/09/2018,LNS,PA,AEA,EN,Federal Contract Tower,0,16,30,3,49,0,0,167,0,167,0,16,197,3,216,276,0,276,492
08/10/2018,LNS,PA,AEA,EN,Federal Contract Tower,0,20,45,3,68,0,1,156,1,158,0,21,201,4,226,190,0,190,416
08/11/2018,LNS,PA,AEA,EN,Federal Contract Tower,0,9,30,0,39,0,1,53,0,54,0,10,83,0,93,154,0,154,247
08/12/2018,LNS,PA,AEA,EN,Federal Contract Tower,0,11,18,0,29,0,0,52,0,52,0,11,70,0,81,90,0,90,171
08/13/2018,LNS,PA,AEA,EN,Federal Contract Tower,0,13,24,0,37,0,0,55,0,55,0,13,79,0,92,90,0,90,182
08/14/2018,LNS,PA,AEA,EN,Federal Contract Tower,0,18,36,0,54,0,0,60,0,60,0,18,96,0,114,160,0,160,274
08/15/2018,LNS,PA,AEA,EN,Federal Contract Tower,0,10,41,3,54,0,3,162,6,171,0,13,203,9,225,154,18,172,397
08/16/2018,LNS,PA,AEA,EN,Federal Contract Tower,0,11,52,6,69,0,2,164,7,173,0,13,216,13,242,266,20,286,528
08/17/2018,LNS,PA,AEA,EN,Federal Contract Tower,0,14,40,0,54,0,2,58,0,60,0,16,98,0,114,44,0,44,158
08/18/2018,LNS,PA,AEA,EN,Federal Contract Tower,0,8,14,0,22,0,1,68,0,69,0,9,82,0,91,94,0,94,185
08/19/2018,LNS,PA,AEA,EN,Federal Contract Tower,0,9,40,0,49,0,0,0,0,0,0,9,40,0,49,12,0,12,61
08/20/2018,LNS,PA,AEA,EN,Federal Contract Tower,0,16,40,6,62,0,2,99,6,107,0,18,139,12,169,214,22,236,405
08/21/2018,LNS,PA,AEA,EN,Federal Contract Tower,0,11,44,0,55,0,0,3,0,3,0,11,47,0,58,22,0,22,80
08/22/2018,LNS,PA,AEA,EN,Federal Contract Tower,0,14,36,1,51,0,1,86,1,88,0,15,122,2,139,70,4,74,213
08/23/2018,LNS,PA,AEA,EN,Federal Contract Tower,0,10,34,1,45,0,3,136,0,139,0,13,170,1,184,136,6,142,326
08/24/2018,LNS,PA,AEA,EN,Federal Contract Tower,0,11,50,2,63,0,0,207,4,211,0,11,257,6,274,138,0,138,412
08/25/2018,LNS,PA,AEA,EN,Federal Contract Tower,0,8,24,0,32,0,3,177,0,180,0,11,201,0,212,146,0,146,358
08/26/2018,LNS,PA,AEA,EN,Federal Contract Tower,0,6,29,2,37,0,2,132,0,134,0,8,161,2,171,220,0,220,391
08/27/2018,LNS,PA,AEA,EN,Federal Contract Tower,0,14,47,1,62,0,2,74,0,76,0,16,121,1,138,144,0,144,282
08/28/2018,LNS,PA,AEA,EN,Federal Contract Tower,0,17,23,0,40,0,4,105,0,109,0,21,128,0,149,76,8,84,233
08/29/2018,LNS,PA,AEA,EN,Federal Contract Tower,0,12,27,2,41,0,0,136,0,136,0,12,163,2,177,138,0,138,315
08/30/2018,LNS,PA,AEA,EN,Federal Contract Tower,0,15,25,7,47,0,1,142,2,145,0,16,167,9,192,176,22,198,390
08/31/2018,LNS,PA,AEA,EN,Federal Contract Tower,0,14,33,0,47,0,1,19,0,20,0,15,52,0,67,10,0,10,77
09/01/2018,LNS,PA,AEA,EN,Federal Contract Tower,0,7,49,0,56,0,0,6,0,6,0,7,55,0,62,24,0,24,86
09/02/2018,LNS,PA,AEA,EN,Federal Contract Tower,0,9,19,0,28,0,0,42,0,42,0,9,61,0,70,56,0,56,126
09/04/2018,LNS,PA,AEA,EN,Federal Contract Tower,0,9,27,3,39,0,1,156,2,159,0,10,183,5,198,202,4,206,404
09/05/2018,LNS,PA,AEA,EN,Federal Contract Tower,0,16,35,7,58,0,1,159,1,161,0,17,194,8,219,148,20,168,387
09/06/2018,LNS,PA,AEA,EN,Federal Contract Tower,0,13,34,4,51,0,0,89,3,92,0,13,123,7,143,90,8,98,241
09/07/2018,LNS,PA,AEA,EN,Federal Contract Tower,0,17,58,1,76,0,0,52,1,53,0,17,110,2,129,98,2,100,229
09/08/2018,LNS,PA,AEA,EN,Federal Contract Tower,0,5,23,0,28,0,0,47,4,51,0,5,70,4,79,86,4,90,169
09/09/2018,LNS,PA,AEA,EN,Federal Contract Tower,0,9,19,0,28,0,0,0,0,0,0,9,19,0,28,304,0,304,332
09/10/2018,LNS,PA,AEA,EN,Federal Contract Tower,0,15,24,0,39,0,0,0,0,0,0,15,24,0,39,0,0,0,39
09/11/2018,LNS,PA,AEA,EN,Federal Contract Tower,0,12,37,0,49,0,0,8,0,8,0,12,45,0,57,40,0,40,97
09/12/2018,LNS,PA,AEA,EN,Federal Contract Tower,0,15,36,3,54,0,0,11,0,11,0,15,47,3,65,16,0,16,81
09/13/2018,LNS,PA,AEA,EN,Federal Contract Tower,0,19,64,8,91,0,0,65,1,66,0,19,129,9,157,266,0,266,423
09/14/2018,LNS,PA,AEA,EN,Federal Contract Tower,0,16,72,5,93,0,0,35,0,35,0,16,107,5,128,65,2,67,195
09/15/2018,LNS,PA,AEA,EN,Federal Contract Tower,0,11,35,0,46,0,0,88,0,88,0,11,123,0,134,138,0,138,272
09/16/2018,LNS,PA,AEA,EN,Federal Contract Tower,0,9,28,0,37,0,0,165,0,165,0,9,193,0,202,126,0,126,328
09/17/2018,LNS,PA,AEA,EN,Federal Contract Tower,0,14,34,0,48,0,0,6,0,6,0,14,40,0,54,28,0,28,82
09/18/2018,LNS,PA,AEA,EN,Federal Contract Tower,0,15,36,1,52,0,1,45,0,46,0,16,81,1,98,110,2,112,210
09/19/2018,LNS,PA,AEA,EN,Federal Contract Tower,0,13,44,4,61,0,1,241,4,246,0,14,285,8,307,144,10,154,461
09/20/2018,LNS,PA,AEA,EN,Federal Contract Tower,0,13,64,3,80,0,0,65,2,67,0,13,129,5,147,96,6,102,249
09/21/2018,LNS,PA,AEA,EN,Federal Contract Tower,0,14,66,0,80,0,0,49,0,49,0,14,115,0,129,96,0,96,225
09/22/2018,LNS,PA,AEA,EN,Federal Contract Tower,0,9,26,0,35,0,0,130,0,130,0,9,156,0,165,94,0,94,259
09/23/2018,LNS,PA,AEA,EN,Federal Contract Tower,0,13,36,0,49,0,0,17,0,17,0,13,53,0,66,28,0,28,94
09/24/2018,LNS,PA,AEA,EN,Federal Contract Tower,0,20,40,0,60,0,0,17,0,17,0,20,57,0,77,60,0,60,137
09/25/2018,LNS,PA,AEA,EN,Federal Contract Tower,0,12,23,0,35,0,0,1,0,1,0,12,24,0,36,6,0,6,42
09/26/2018,LNS,PA,AEA,EN,Federal Contract Tower,0,16,32,0,48,0,0,49,0,49,0,16,81,0,97,100,0,100,197
09/27/2018,LNS,PA,AEA,EN,Federal Contract Tower,0,17,30,4,51,0,0,143,2,145,0,17,173,6,196,208,2,210,406
09/28/2018,LNS,PA,AEA,EN,Federal Contract Tower,0,19,51,2,72,0,1,84,0,85,0,20,135,2,157,120,12,132,289
09/29/2018,LNS,PA,AEA,EN,Federal Contract Tower,0,7,29,0,36,0,0,152,0,152,0,7,181,0,188,184,0,184,372
09/30/2018,LNS,PA,AEA,EN,Federal Contract Tower,0,10,23,0,33,0,1,180,0,181,0,11,203,0,214,108,0,108,322
10/01/2018,LNS,PA,AEA,EN,Federal Contract Tower,0,12,37,0,49,0,0,131,0,131,0,12,168,0,180,238,0,238,418
10/02/2018,LNS,PA,AEA,EN,Federal Contract Tower,0,12,30,6,48,0,0,89,0,89,0,12,119,6,137,174,0,174,311
10/03/2018,LNS,PA,AEA,EN,Federal Contract Tower,0,21,43,6,70,0,0,185,0,185,0,21,228,6,255,304,0,304,559
10/04/2018,LNS,PA,AEA,EN,Federal Contract Tower,0,18,41,4,63,0,0,53,0,53,0,18,94,4,116,46,0,46,162
10/05/2018,LNS,PA,AEA,EN,Federal Contract Tower,0,16,61,0,77,0,0,164,0,164,0,16,225,0,241,202,0,202,443
10/06/2018,LNS,PA,AEA,EN,Federal Contract Tower,0,7,53,0,60,0,0,19,0,19,0,7,72,0,79,60,0,60,139
10/07/2018,LNS,PA,AEA,EN,Federal Contract Tower,0,11,25,0,36,0,1,71,0,72,0,12,96,0,108,82,0,82,190
10/08/2018,LNS,PA,AEA,EN,Federal Contract Tower,0,15,57,0,72,0,0,5,0,5,0,15,62,0,77,34,0,34,111
10/09/2018,LNS,PA,AEA,EN,Federal Contract Tower,0,11,40,8,59,0,0,57,0,57,0,11,97,8,116,84,8,92,208
10/10/2018,LNS,PA,AEA,EN,Federal Contract Tower,0,14,52,6,72,0,0,113,4,117,0,14,165,10,189,178,4,182,371
10/11/2018,LNS,PA,AEA,EN,Federal Contract Tower,0,17,21,1,39,0,0,12,0,12,0,17,33,1,51,12,0,12,63
10/12/2018,LNS,PA,AEA,EN,Federal Contract Tower,0,17,52,3,72,0,0,91,0,91,0,17,143,3,163,130,0,130,293
10/13/2018,LNS,PA,AEA,EN,Federal Contract Tower,0,7,19,0,26,0,0,104,0,104,0,7,123,0,130,142,0,142,272
10/14/2018,LNS,PA,AEA,EN,Federal Contract Tower,0,10,26,0,36,0,1,154,0,155,0,11,180,0,191,102,0,102,293
10/15/2018,LNS,PA,AEA,EN,Federal Contract Tower,0,14,43,2,59,0,0,16,0,16,0,14,59,2,75,56,2,58,133
10/16/2018,LNS,PA,AEA,EN,Federal Contract Tower,0,14,34,4,52,0,0,129,0,129,0,14,163,4,181,188,0,188,369
10/17/2018,LNS,PA,AEA,EN,Federal Contract Tower,0,12,27,4,43,0,0,111,4,115,0,12,138,8,158,244,12,256,414
10/18/2018,LNS,PA,AEA,EN,Federal Contract Tower,0,14,35,2,51,0,0,158,2,160,0,14,193,4,211,232,22,254,465
10/19/2018,LNS,PA,AEA,EN,Federal Contract Tower,0,14,34,0,48,0,0,218,0,218,0,14,252,0,266,180,4,184,450
10/20/2018,LNS,PA,AEA,EN,Federal Contract Tower,0,7,11,0,18,0,0,103,0,103,0,7,114,0,121,128,0,128,249
10/21/2018,LNS,PA,AEA,EN,Federal Contract Tower,0,9,13,0,22,0,0,30,0,30,0,9,43,0,52,62,0,62,114
10/22/2018,LNS,PA,AEA,EN,Federal Contract Tower,0,15,23,3,41,0,0,144,1,145,0,15,167,4,186,250,20,270,456
10/23/2018,LNS,PA,AEA,EN,Federal Contract Tower,0,16,28,8,52,0,0,118,0,118,0,16,146,8,170,208,0,208,378
10/24/2018,LNS,PA,AEA,EN,Federal Contract Tower,0,15,35,2,52,0,3,48,6,57,0,18,83,8,109,130,42,172,281
10/25/2018,LNS,PA,AEA,EN,Federal Contract Tower,0,13,48,3,64,0,1,169,1,171,0,14,217,4,235,234,10,244,479
10/26/2018,LNS,PA,AEA,EN,Federal Contract Tower,0,10,36,3,49,0,0,121,0,121,0,10,157,3,170,286,10,296,466
10/27/2018,LNS,PA,AEA,EN,Federal Contract Tower,0,6,11,0,17,0,0,0,0,0,0,6,11,0,17,2,0,2,19
10/28/2018,LNS,PA,AEA,EN,Federal Contract Tower,0,13,18,0,31,0,0,50,0,50,0,13,68,0,81,86,0,86,167
10/29/2018,LNS,PA,AEA,EN,Federal Contract Tower,0,10,16,2,28,0,0,96,6,102,0,10,112,8,130,96,2,98,228
10/30/2018,LNS,PA,AEA,EN,Federal Contract Tower,0,15,19,4,38,0,2,106,2,110,0,17,125,6,148,111,5,116,264
10/31/2018,LNS,PA,AEA,EN,Federal Contract Tower,0,9,31,9,49,0,0,157,0,157,0,9,188,9,206,292,30,322,528
11/01/2018,LNS,PA,AEA,EN,Federal Contract Tower,0,12,41,4,57,0,0,147,0,147,0,12,188,4,204,184,4,188,392
11/02/2018,LNS,PA,AEA,EN,Federal Contract Tower,0,14,33,0,47,0,0,77,1,78,0,14,110,1,125,106,10,116,241
11/03/2018,LNS,PA,AEA,EN,Federal Contract Tower,0,5,12,0,17,0,1,25,0,26,0,6,37,0,43,30,0,30,73
11/04/2018,LNS,PA,AEA,EN,Federal Contract Tower,0,11,43,0,54,0,1,225,0,226,0,12,268,0,280,102,0,102,382
11/05/2018,LNS,PA,AEA,EN,Federal Contract Tower,0,14,19,0,33,0,0,2,0,2,0,14,21,0,35,10,0,10,45
11/06/2018,LNS,PA,AEA,EN,Federal Contract Tower,0,10,19,1,30,0,0,10,0,10,0,10,29,1,40,6,0,6,46
11/07/2018,LNS,PA,AEA,EN,Federal Contract Tower,0,13,22,3,38,0,0,171,3,174,0,13,193,6,212,296,18,314,526
11/08/2018,LNS,PA,AEA,EN,Federal Contract Tower,0,15,38,6,59,0,0,198,4,202,0,15,236,10,261,164,50,214,475
11/09/2018,LNS,PA,AEA,EN,Federal Contract Tower,0,17,22,4,43,0,0,30,0,30,0,17,52,4,73,60,4,64,137
11/10/2018,LNS,PA,AEA,EN,Federal Contract Tower,0,6,11,0,17,0,0,29,0,29,0,6,40,0,46,40,0,40,86
11/11/2018,LNS,PA,AEA,EN,Federal Contract Tower,0,8,34,0,42,0,0,227,0,227,0,8,261,0,269,146,0,146,415
11/12/2018,LNS,PA,AEA,EN,Federal Contract Tower,0,20,39,0,59,0,0,143,0,143,0,20,182,0,202,200,0,200,402
11/13/2018,LNS,PA,AEA,EN,Federal Contract Tower,0,10,8,2,20,0,0,44,3,47,0,10,52,5,67,66,42,108,175
11/14/2018,LNS,PA,AEA,EN,Federal Contract Tower,0,12,30,1,43,0,0,117,8,125,0,12,147,9,168,158,50,208,376
11/15/2018,LNS,PA,AEA,EN,Federal Contract Tower,0,5,2,0,7,0,0,0,0,0,0,5,2,0,7,0,0,0,7
11/17/2018,LNS,PA,AEA,EN,Federal Contract Tower,0,10,27,0,37,0,0,155,0,155,0,10,182,0,192,178,6,184,376
11/18/2018,LNS,PA,AEA,EN,Federal Contract Tower,0,12,28,0,40,0,0,120,0,120,0,12,148,0,160,132,0,132,292
11/19/2018,LNS,PA,AEA,EN,Federal Contract Tower,0,12,27,0,39,0,0,48,0,48,0,12,75,0,87,70,10,80,167
11/20/2018,LNS,PA,AEA,EN,Federal Contract Tower,0,17,34,6,57,0,1,71,0,72,0,18,105,6,129,48,12,60,189
11/21/2018,LNS,PA,AEA,EN,Federal Contract Tower,0,12,33,0,45,0,2,88,0,90,0,14,121,0,135,44,0,44,179
11/22/2018,LNS,PA,AEA,EN,Federal Contract Tower,0,13,12,0,25,0,2,41,0,43,0,15,53,0,68,28,0,28,96
11/23/2018,LNS,PA,AEA,EN,Federal Contract Tower,0,16,30,0,46,0,0,162,0,162,0,16,192,0,208,148,0,148,356
11/24/2018,LNS,PA,AEA,EN,Federal Contract Tower,0,8,8,0,16,0,0,0,0,0,0,8,8,0,16,0,0,0,16
11/25/2018,LNS,PA,AEA,EN,Federal Contract Tower,0,15,35,0,50,0,0,107,0,107,0,15,142,0,157,138,0,138,295
11/26/2018,LNS,PA,AEA,EN,Federal Contract Tower,0,13,19,4,36,0,0,3,0,3,0,13,22,4,39,22,0,22,61
11/28/2018,LNS,PA,AEA,EN,Federal Contract Tower,0,14,11,4,29,0,0,10,2,12,0,14,21,6,41,8,6,14,55
11/29/2018,LNS,PA,AEA,EN,Federal Contract Tower,0,16,33,1,50,0,0,135,0,135,0,16,168,1,185,144,2,146,331
11/30/2018,LNS,PA,AEA,EN,Federal Contract Tower,0,13,24,0,37,0,0,91,1,92,0,13,115,1,129,114,2,116,245
12/01/2018,LNS,PA,AEA,EN,Federal Contract Tower,0,5,17,0,22,0,1,104,0,105,0,6,121,0,127,130,0,130,257
12/02/2018,LNS,PA,AEA,EN,Federal Contract Tower,0,12,17,0,29,0,0,0,0,0,0,12,17,0,29,8,0,8,37
12/03/2018,LNS,PA,AEA,EN,Federal Contract Tower,0,15,24,0,39,0,0,93,0,93,0,15,117,0,132,158,2,160,292
12/04/2018,LNS,PA,AEA,EN,Federal Contract Tower,0,18,37,4,59,0,0,118,1,119,0,18,155,5,178,102,6,108,286
12/05/2018,LNS,PA,AEA,EN,Federal Contract Tower,0,13,28,9,50,0,0,154,1,155,0,13,182,10,205,194,8,202,407
12/06/2018,LNS,PA,AEA,EN,Federal Contract Tower,0,14,17,0,31,0,1,98,1,100,0,15,115,1,131,102,4,106,237
12/07/2018,LNS,PA,AEA,EN,Federal Contract Tower,0,12,43,0,55,0,2,147,0,149,0,14,190,0,204,146,0,146,350
12/08/2018,LNS,PA,AEA,EN,Federal Contract Tower,0,8,46,0,54,0,0,160,0,160,0,8,206,0,214,238,0,238,452
12/09/2018,LNS,PA,AEA,EN,Federal Contract Tower,0,10,31,0,41,0,0,127,0,127,0,10,158,0,168,144,0,144,312
12/10/2018,LNS,PA,AEA,EN,Federal Contract Tower,0,14,29,2,45,0,0,96,0,96,0,14,125,2,141,160,0,160,301
12/11/2018,LNS,PA,AEA,EN,Federal Contract Tower,0,15,40,4,59,0,0,148,1,149,0,15,188,5,208,178,2,180,388
12/12/2018,LNS,PA,AEA,EN,Federal Contract Tower,0,13,26,3,42,0,0,138,1,139,0,13,164,4,181,196,4,200,381
12/13/2018,LNS,PA,AEA,EN,Federal Contract Tower,0,15,20,1,36,0,1,63,2,66,0,16,83,3,102,82,8,90,192
12/14/2018,LNS,PA,AEA,EN,Federal Contract Tower,0,4,15,0,19,0,0,0,0,0,0,4,15,0,19,6,0,6,25
12/15/2018,LNS,PA,AEA,EN,Federal Contract Tower,0,8,28,0,36,0,0,1,0,1,0,8,29,0,37,8,0,8,45
12/16/2018,LNS,PA,AEA,EN,Federal Contract Tower,0,7,10,0,17,0,0,0,0,0,0,7,10,0,17,540,0,540,557
12/17/2018,LNS,PA,AEA,EN,Federal Contract Tower,0,16,24,2,42,0,0,52,0,52,0,16,76,2,94,360,0,360,454
12/19/2018,LNS,PA,AEA,EN,Federal Contract Tower,0,14,43,3,60,0,1,191,0,192,0,15,234,3,252,137,2,139,391
12/20/2018,LNS,PA,AEA,EN,Federal Contract Tower,0,12,21,0,33,0,0,19,0,19,0,12,40,0,52,54,0,54,106
12/21/2018,LNS,PA,AEA,EN,Federal Contract Tower,0,15,29,0,44,0,0,17,0,17,0,15,46,0,61,56,0,56,117
12/22/2018,LNS,PA,AEA,EN,Federal Contract Tower,0,9,15,0,24,0,0,29,0,29,0,9,44,0,53,28,0,28,81
12/23/2018,LNS,PA,AEA,EN,Federal Contract Tower,0,15,19,0,34,0,3,138,0,141,0,18,157,0,175,104,0,104,279
12/24/2018,LNS,PA,AEA,EN,Federal Contract Tower,0,11,11,0,22,0,0,38,0,38,0,11,49,0,60,74,0,74,134
12/25/2018,LNS,PA,AEA,EN,Federal Contract Tower,0,13,3,0,16,0,0,28,0,28,0,13,31,0,44,14,0,14,58
12/26/2018,LNS,PA,AEA,EN,Federal Contract Tower,0,17,34,8,59,0,0,157,0,157,0,17,191,8,216,110,12,122,338
12/27/2018,LNS,PA,AEA,EN,Federal Contract Tower,0,8,37,3,48,0,0,136,1,137,0,8,173,4,185,168,8,176,361
12/28/2018,LNS,PA,AEA,EN,Federal Contract Tower,0,13,17,0,30,0,0,0,0,0,0,13,17,0,30,0,0,0,30
12/29/2018,LNS,PA,AEA,EN,Federal Contract Tower,0,8,22,0,30,0,0,91,0,91,0,8,113,0,121,108,0,108,229
12/30/2018,LNS,PA,AEA,EN,Federal Contract Tower,0,11,17,0,28,0,2,121,0,123,0,13,138,0,151,128,0,128,279
12/31/2018,LNS,PA,AEA,EN,Federal Contract Tower,0,13,11,0,24,0,0,8,0,8,0,13,19,0,32,42,0,42,74
01/01/2019,LNS,PA,AEA,EN,Federal Contract Tower,0,10,3,0,13,0,0,10,0,10,0,10,13,0,23,10,0,10,33
01/02/2019,LNS,PA,AEA,EN,Federal Contract Tower,0,13,28,0,41,0,0,103,2,105,0,13,131,2,146,78,0,78,224
01/03/2019,LNS,PA,AEA,EN,Federal Contract Tower,0,11,25,2,38,0,0,90,0,90,0,11,115,2,128,116,6,122,250
01/04/2019,LNS,PA,AEA,EN,Federal Contract Tower,0,11,37,0,48,0,0,143,0,143,0,11,180,0,191,144,0,144,335
01/05/2019,LNS,PA,AEA,EN,Federal Contract Tower,0,6,12,0,18,0,0,16,0,16,0,6,28,0,34,38,0,38,72
01/06/2019,LNS,PA,AEA,EN,Federal Contract Tower,0,7,12,0,19,0,0,68,0,68,0,7,80,0,87,92,0,92,179
01/07/2019,LNS,PA,AEA,EN,Federal Contract Tower,0,13,7,0,20,0,0,79,1,80,0,13,86,1,100,114,2,116,216
01/08/2019,LNS,PA,AEA,EN,Federal Contract Tower,0,13,29,2,44,0,0,0,0,0,0,13,29,2,44,6,0,6,50
01/09/2019,LNS,PA,AEA,EN,Federal Contract Tower,0,11,9,1,21,0,0,47,0,47,0,11,56,1,68,42,2,44,112
01/10/2019,LNS,PA,AEA,EN,Federal Contract Tower,0,16,8,13,37,0,0,17,13,30,0,16,25,26,67,14,30,44,111
01/11/2019,LNS,PA,AEA,EN,Federal Contract Tower,0,13,38,0,51,0,1,159,0,160,0,14,197,0,211,134,0,134,345
01/12/2019,LNS,PA,AEA,EN,Federal Contract Tower,0,7,35,0,42,0,0,162,0,162,0,7,197,0,204,68,0,68,272
01/13/2019,LNS,PA,AEA,EN,Federal Contract Tower,0,8,3,0,11,0,0,21,0,21,0,8,24,0,32,30,0,30,62
01/14/2019,LNS,PA,AEA,EN,Federal Contract Tower,0,11,24,0,35,0,0,96,3,99,0,11,120,3,134,84,0,84,218
01/15/2019,LNS,PA,AEA,EN,Federal Contract Tower,0,15,30,6,51,0,0,0,0,0,0,15,30,6,51,92,4,96,147
01/16/2019,LNS,PA,AEA,EN,Federal Contract Tower,0,12,32,3,47,0,0,97,0,97,0,12,129,3,144,60,34,94,238
01/17/2019,LNS,PA,AEA,EN,Federal Contract Tower,0,13,17,0,30,0,0,92,3,95,0,13,109,3,125,66,22,88,213
01/18/2019,LNS,PA,AEA,EN,Federal Contract Tower,0,11,24,0,35,0,0,14,0,14,0,11,38,0,49,14,0,14,63
01/19/2019,LNS,PA,AEA,EN,Federal Contract Tower,0,0,14,0,14,0,0,27,0,27,0,0,41,0,41,42,0,42,83
01/20/2019,LNS,PA,AEA,EN,Federal Contract Tower,0,7,2,0,9,0,0,1,0,1,0,7,3,0,10,0,0,0,10
01/21/2019,LNS,PA,AEA,EN,Federal Contract Tower,0,9,8,0,17,0,0,15,0,15,0,9,23,0,32,24,0,24,56
01/22/2019,LNS,PA,AEA,EN,Federal Contract Tower,0,13,20,3,36,0,0,119,2,121,0,13,139,5,157,120,10,130,287
01/23/2019,LNS,PA,AEA,EN,Federal Contract Tower,0,16,9,2,27,0,0,19,2,21,0,16,28,4,48,60,0,60,108
01/24/2019,LNS,PA,AEA,EN,Federal Contract Tower,0,16,17,0,33,0,0,0,6,6,0,16,17,6,39,0,18,18,57
01/25/2019,LNS,PA,AEA,EN,Federal Contract Tower,0,10,33,0,43,0,2,102,0,104,0,12,135,0,147,60,0,60,207
01/26/2019,LNS,PA,AEA,EN,Federal Contract Tower,0,7,31,0,38,0,0,215,2,217,0,7,246,2,255,138,6,144,399
01/27/2019,LNS,PA,AEA,EN,Federal Contract Tower,0,15,19,0,34,0,0,62,1,63,0,15,81,1,97,66,2,68,165
01/28/2019,LNS,PA,AEA,EN,Federal Contract Tower,0,12,28,3,43,0,0,128,0,128,0,12,156,3,171,138,6,144,315
01/29/2019,LNS,PA,AEA,EN,Federal Contract Tower,0,15,6,0,21,0,0,0,0,0,0,15,6,0,21,2,0,2,23
01/30/2019,LNS,PA,AEA,EN,Federal Contract Tower,0,0,7,7,14,0,0,9,5,14,0,0,16,12,28,2,22,24,52
01/31/2019,LNS,PA,AEA,EN,Federal Contract Tower,0,14,11,5,30,0,0,94,0,94,0,14,105,5,124,84,8,92,216
02/01/2019,LNS,PA,AEA,EN,Federal Contract Tower,0,15,9,0,24,0,0,0,0,0,0,15,9,0,24,0,4,4,28
02/02/2019,LNS,PA,AEA,EN,Federal Contract Tower,0,9,45,0,54,0,0,92,0,92,0,9,137,0,146,126,0,126,272
02/03/2019,LNS,PA,AEA,EN,Federal Contract Tower,0,9,37,0,46,0,0,56,0,56,0,9,93,0,102,78,0,78,180
02/04/2019,LNS,PA,AEA,EN,Federal Contract Tower,0,13,39,2,54,0,1,123,2,126,0,14,162,4,180,154,14,168,348
02/05/2019,LNS,PA,AEA,EN,Federal Contract Tower,0,15,39,6,60,0,0,167,0,167,0,15,206,6,227,108,14,122,349
02/06/2019,LNS,PA,AEA,EN,Federal Contract Tower,0,12,24,0,36,0,0,31,0,31,0,12,55,0,67,56,0,56,123
02/07/2019,LNS,PA,AEA,EN,Federal Contract Tower,0,16,19,0,35,0,0,23,0,23,0,16,42,0,58,54,0,54,112
02/08/2019,LNS,PA,AEA,EN,Federal Contract Tower,0,13,16,3,32,0,1,25,1,27,0,14,41,4,59,0,0,0,59
02/09/2019,LNS,PA,AEA,EN,Federal Contract Tower,0,5,20,0,25,0,0,69,0,69,0,5,89,0,94,22,0,22,116
02/10/2019,LNS,PA,AEA,EN,Federal Contract Tower,0,10,34,0,44,0,0,144,0,144,0,10,178,0,188,66,0,66,254
02/11/2019,LNS,PA,AEA,EN,Federal Contract Tower,0,7,7,0,14,0,0,0,0,0,0,7,7,0,14,0,0,0,14
02/12/2019,LNS,PA,AEA,EN,Federal Contract Tower,0,2,2,0,4,0,0,0,0,0,0,2,2,0,4,0,0,0,4
02/13/2019,LNS,PA,AEA,EN,Federal Contract Tower,0,19,18,1,38,0,0,43,5,48,0,19,61,6,86,72,4,76,162
02/14/2019,LNS,PA,AEA,EN,Federal Contract Tower,0,14,43,2,59,0,0,189,0,189,0,14,232,2,248,192,0,192,440
02/15/2019,LNS,PA,AEA,EN,Federal Contract Tower,0,17,23,0,40,0,0,92,0,92,0,17,115,0,132,106,2,108,240
02/16/2019,LNS,PA,AEA,EN,Federal Contract Tower,0,12,38,0,50,0,0,163,0,163,0,12,201,0,213,120,0,120,333
02/17/2019,LNS,PA,AEA,EN,Federal Contract Tower,0,7,37,0,44,0,0,138,0,138,0,7,175,0,182,102,0,102,284
02/18/2019,LNS,PA,AEA,EN,Federal Contract Tower,0,19,14,0,33,0,0,18,0,18,0,19,32,0,51,24,0,24,75
02/19/2019,LNS,PA,AEA,EN,Federal Contract Tower,0,13,28,0,41,0,0,123,1,124,0,13,151,1,165,192,2,194,359
02/20/2019,LNS,PA,AEA,EN,Federal Contract Tower,0,5,2,0,7,0,0,0,0,0,0,5,2,0,7,0,0,0,7
02/21/2019,LNS,PA,AEA,EN,Federal Contract Tower,0,13,27,4,44,0,0,43,4,47,0,13,70,8,91,106,24,130,221
02/22/2019,LNS,PA,AEA,EN,Federal Contract Tower,0,15,51,0,66,0,1,163,1,165,0,16,214,1,231,188,2,190,421
02/23/2019,LNS,PA,AEA,EN,Federal Contract Tower,0,3,24,0,27,0,1,129,0,130,0,4,153,0,157,154,0,154,311
02/24/2019,LNS,PA,AEA,EN,Federal Contract Tower,0,5,10,0,15,0,0,0,0,0,0,5,10,0,15,0,0,0,15
02/25/2019,LNS,PA,AEA,EN,Federal Contract Tower,0,14,7,0,21,0,0,1,0,1,0,14,8,0,22,0,0,0,22
02/26/2019,LNS,PA,AEA,EN,Federal Contract Tower,0,14,21,1,36,0,3,118,7,128,0,17,139,8,164,136,18,154,318
02/27/2019,LNS,PA,AEA,EN,Federal Contract Tower,0,14,25,5,44,0,1,118,5,124,0,15,143,10,168,168,10,178,346
02/28/2019,LNS,PA,AEA,EN,Federal Contract Tower,0,18,28,0,46,0,0,112,2,114,0,18,140,2,160,140,12,152,312
03/01/2019,LNS,PA,AEA,EN,Federal Contract Tower,0,15,12,1,28,0,0,4,0,4,0,15,16,1,32,2,0,2,34
03/02/2019,LNS,PA,AEA,EN,Federal Contract Tower,0,5,12,0,17,0,0,19,0,19,0,5,31,0,36,50,0,50,86
03/03/2019,LNS,PA,AEA,EN,Federal Contract Tower,0,11,19,0,30,0,0,46,0,46,0,11,65,0,76,78,0,78,154
03/04/2019,LNS,PA,AEA,EN,Federal Contract Tower,0,13,25,1,39,0,1,67,0,68,0,14,92,1,107,58,0,58,165
03/05/2019,LNS,PA,AEA,EN,Federal Contract Tower,0,12,23,0,35,0,0,114,0,114,0,12,137,0,149,140,0,140,289
03/06/2019,LNS,PA,AEA,EN,Federal Contract Tower,0,10,16,1,27,0,0,69,0,69,0,10,85,1,96,60,2,62,158
03/07/2019,LNS,PA,AEA,EN,Federal Contract Tower,0,11,20,0,31,0,1,116,3,120,0,12,136,3,151,172,6,178,329
03/08/2019,LNS,PA,AEA,EN,Federal Contract Tower,0,19,27,0,46,0,0,67,0,67,0,19,94,0,113,90,0,90,203
03/09/2019,LNS,PA,AEA,EN,Federal Contract Tower,0,7,44,0,51,0,0,200,0,200,0,7,244,0,251,230,0,230,481
03/10/2019,LNS,PA,AEA,EN,Federal Contract Tower,0,10,19,0,29,0,0,3,0,3,0,10,22,0,32,22,0,22,54
03/11/2019,LNS,PA,AEA,EN,Federal Contract Tower,0,12,17,0,29,0,0,81,0,81,0,12,98,0,110,84,0,84,194
03/12/2019,LNS,PA,AEA,EN,Federal Contract Tower,0,10,37,0,47,0,0,112,0,112,0,10,149,0,159,82,0,82,241
03/13/2019,LNS,PA,AEA,EN,Federal Contract Tower,0,10,25,5,40,0,0,158,9,167,0,10,183,14,207,132,26,158,365
03/14/2019,LNS,PA,AEA,EN,Federal Contract Tower,0,11,32,0,43,0,0,99,0,99,0,11,131,0,142,146,2,148,290
03/15/2019,LNS,PA,AEA,EN,Federal Contract Tower,0,15,16,0,31,0,0,0,0,0,0,15,16,0,31,86,0,86,117
03/16/2019,LNS,PA,AEA,EN,Federal Contract Tower,0,9,6,0,15,0,0,41,0,41,0,9,47,0,56,56,0,56,112
03/17/2019,LNS,PA,AEA,EN,Federal Contract Tower,0,8,29,0,37,0,0,184,0,184,0,8,213,0,221,154,0,154,375
03/18/2019,LNS,PA,AEA,EN,Federal Contract Tower,0,12,24,5,41,0,0,96,0,96,0,12,120,5,137,116,24,140,277
03/19/2019,LNS,PA,AEA,EN,Federal Contract Tower,0,17,37,1,55,0,0,125,2,127,0,17,162,3,182,128,0,128,310
03/20/2019,LNS,PA,AEA,EN,Federal Contract Tower,0,16,22,3,41,0,0,139,4,143,0,16,161,7,184,136,4,140,324
03/21/2019,LNS,PA,AEA,EN,Federal Contract Tower,0,18,32,1,51,0,0,0,0,0,0,18,32,1,51,14,2,16,67
03/22/2019,LNS,PA,AEA,EN,Federal Contract Tower,0,16,17,0,33,0,0,0,0,0,0,16,17,0,33,32,0,32,65
03/23/2019,LNS,PA,AEA,EN,Federal Contract Tower,0,5,14,0,19,0,0,19,0,19,0,5,33,0,38,8,0,8,46
03/24/2019,LNS,PA,AEA,EN,Federal Contract Tower,0,7,44,2,53,0,0,209,0,209,0,7,253,2,262,154,2,156,418
03/25/2019,LNS,PA,AEA,EN,Federal Contract Tower,0,11,20,0,31,0,0,30,6,36,0,11,50,6,67,52,14,66,133
03/26/2019,LNS,PA,AEA,EN,Federal Contract Tower,0,13,39,5,57,0,0,140,0,140,0,13,179,5,197,136,8,144,341
03/28/2019,LNS,PA,AEA,EN,Federal Contract Tower,0,14,21,0,35,0,0,142,1,143,0,14,163,1,178,150,6,156,334
03/30/2019,LNS,PA,AEA,EN,Federal Contract Tower,0,6,34,0,40,0,1,122,0,123,0,7,156,0,163,116,0,116,279
03/31/2019,LNS,PA,AEA,EN,Federal Contract Tower,0,8,17,0,25,0,0,28,0,28,0,8,45,0,53,400,0,400,453
04/01/2019,LNS,PA,AEA,EN,Federal Contract Tower,0,12,33,1,46,0,0,100,0,100,0,12,133,1,146,160,2,162,308
04/02/2019,LNS,PA,AEA,EN,Federal Contract Tower,0,14,28,3,45,0,1,100,2,103,0,15,128,5,148,116,0,116,264
04/03/2019,LNS,PA,AEA,EN,Federal Contract Tower,0,12,16,4,32,0,1,47,0,48,0,13,63,4,80,52,0,52,132
04/04/2019,LNS,PA,AEA,EN,Federal Contract Tower,0,16,29,0,45,0,0,124,1,125,0,16,153,1,170,148,6,154,324
04/05/2019,LNS,PA,AEA,EN,Federal Contract Tower,0,20,27,0,47,0,0,27,0,27,0,20,54,0,74,18,0,18,92
04/06/2019,LNS,PA,AEA,EN,Federal Contract Tower,0,8,44,1,53,0,0,120,0,120,0,8,164,1,173,174,4,178,351
04/07/2019,LNS,PA,AEA,EN,Federal Contract Tower,0,9,43,0,52,0,0,114,0,114,0,9,157,0,166,82,0,82,248
04/08/2019,LNS,PA,AEA,EN,Federal Contract Tower,0,13,30,2,45,0,0,48,0,48,0,13,78,2,93,84,0,84,177
04/09/2019,LNS,PA,AEA,EN,Federal Contract Tower,0,16,24,2,42,0,0,48,0,48,0,16,72,2,90,112,0,112,202
04/10/2019,LNS,PA,AEA,EN,Federal Contract Tower,0,11,51,1,63,0,0,132,0,132,0,11,183,1,195,128,0,128,323
04/11/2019,LNS,PA,AEA,EN,Federal Contract Tower,0,19,37,4,60,0,0,154,0,154,0,19,191,4,214,92,6,98,312
04/12/2019,LNS,PA,AEA,EN,Federal Contract Tower,0,13,45,3,61,0,0,10,0,10,0,13,55,3,71,12,2,14,85
04/13/2019,LNS,PA,AEA,EN,Federal Contract Tower,0,4,56,0,60,0,0,194,1,195,0,4,250,1,255,148,0,148,403
04/14/2019,LNS,PA,AEA,EN,Federal Contract Tower,0,8,44,0,52,0,0,0,0,0,0,8,44,0,52,18,0,18,70
04/15/2019,LNS,PA,AEA,EN,Federal Contract Tower,0,16,10,0,26,0,0,3,0,3,0,16,13,0,29,0,0,0,29
04/16/2019,LNS,PA,AEA,EN,Federal Contract Tower,0,18,20,8,46,0,0,148,1,149,0,18,168,9,195,152,12,164,359
04/17/2019,LNS,PA,AEA,EN,Federal Contract Tower,0,16,54,3,73,0,0,131,0,131,0,16,185,3,204,168,4,172,376
04/18/2019,LNS,PA,AEA,EN,Federal Contract Tower,0,22,48,0,70,0,0,48,0,48,0,22,96,0,118,78,0,78,196
04/19/2019,LNS,PA,AEA,EN,Federal Contract Tower,0,12,27,0,39,0,0,20,0,20,0,12,47,0,59,24,0,24,83
04/20/2019,LNS,PA,AEA,EN,Federal Contract Tower,0,12,22,0,34,0,0,14,0,14,0,12,36,0,48,10,0,10,58
04/21/2019,LNS,PA,AEA,EN,Federal Contract Tower,0,11,15,0,26,0,0,68,0,68,0,11,83,0,94,76,0,76,170
04/22/2019,LNS,PA,AEA,EN,Federal Contract Tower,0,15,42,0,57,0,0,112,0,112,0,15,154,0,169,104,0,104,273
04/23/2019,LNS,PA,AEA,EN,Federal Contract Tower,0,15,33,8,56,0,0,129,0,129,0,15,162,8,185,120,0,120,305
04/24/2019,LNS,PA,AEA,EN,Federal Contract Tower,0,17,30,3,50,0,0,145,0,145,0,17,175,3,195,206,0,206,401
04/25/2019,LNS,PA,AEA,EN,Federal Contract Tower,0,16,54,17,87,0,0,114,0,114,0,16,168,17,201,166,14,180,381
04/26/2019,LNS,PA,AEA,EN,Federal Contract Tower,0,19,39,0,58,0,0,2,0,2,0,19,41,0,60,6,0,6,66
04/27/2019,LNS,PA,AEA,EN,Federal Contract Tower,1,6,23,0,30,0,1,23,0,24,1,7,46,0,54,18,0,18,72
04/28/2019,LNS,PA,AEA,EN,Federal Contract Tower,1,11,57,0,69,0,0,49,0,49,1,11,106,0,118,82,0,82,200
04/29/2019,LNS,PA,AEA,EN,Federal Contract Tower,0,14,21,4,39,0,3,122,0,125,0,17,143,4,164,106,14,120,284
04/30/2019,LNS,PA,AEA,EN,Federal Contract Tower,0,10,42,2,54,0,0,96,0,96,0,10,138,2,150,105,0,105,255
05/01/2019,LNS,PA,AEA,EN,Federal Contract Tower,0,13,51,11,75,0,0,32,0,32,0,13,83,11,107,200,10,210,317
05/02/2019,LNS,PA,AEA,EN,Federal Contract Tower,0,18,44,0,62,0,0,68,0,68,0,18,112,0,130,94,0,94,224
05/03/2019,LNS,PA,AEA,EN,Federal Contract Tower,0,13,30,0,43,0,0,0,0,0,0,13,30,0,43,0,0,0,43
05/04/2019,LNS,PA,AEA,EN,Federal Contract Tower,2,9,70,0,81,0,0,23,0,23,2,9,93,0,104,22,0,22,126
05/05/2019,LNS,PA,AEA,EN,Federal Contract Tower,0,14,28,0,42,0,0,0,0,0,0,14,28,0,42,4,0,4,46
05/06/2019,LNS,PA,AEA,EN,Federal Contract Tower,0,16,43,4,63,0,2,142,1,145,0,18,185,5,208,172,8,180,388
05/07/2019,LNS,PA,AEA,EN,Federal Contract Tower,0,15,40,0,55,0,5,115,0,120,0,20,155,0,175,144,0,144,319
05/08/2019,LNS,PA,AEA,EN,Federal Contract Tower,0,14,50,0,64,0,0,109,0,109,0,14,159,0,173,240,0,240,413
05/09/2019,LNS,PA,AEA,EN,Federal Contract Tower,0,26,74,0,100,0,0,7,0,7,0,26,81,0,107,22,0,22,129
05/10/2019,LNS,PA,AEA,EN,Federal Contract Tower,0,18,44,2,64,0,0,39,0,39,0,18,83,2,103,60,0,60,163
05/11/2019,LNS,PA,AEA,EN,Federal Contract Tower,0,13,56,0,69,0,0,193,0,193,0,13,249,0,262,170,0,170,432
05/12/2019,LNS,PA,AEA,EN,Federal Contract Tower,0,10,13,1,24,0,0,0,0,0,0,10,13,1,24,0,0,0,24
05/13/2019,LNS,PA,AEA,EN,Federal Contract Tower,0,20,41,0,61,0,0,2,0,2,0,20,43,0,63,4,0,4,67
05/14/2019,LNS,PA,AEA,EN,Federal Contract Tower,0,17,34,2,53,0,0,54,2,56,0,17,88,4,109,56,4,60,169
05/15/2019,LNS,PA,AEA,EN,Federal Contract Tower,0,19,51,2,72,0,0,177,0,177,0,19,228,2,249,152,6,158,407
05/16/2019,LNS,PA,AEA,EN,Federal Contract Tower,0,22,56,3,81,0,1,164,1,166,0,23,220,4,247,126,2,128,375
05/17/2019,LNS,PA,AEA,EN,Federal Contract Tower,0,18,42,2,62,0,0,123,0,123,0,18,165,2,185,136,0,136,321
05/18/2019,LNS,PA,AEA,EN,Federal Contract Tower,0,7,29,1,37,0,0,184,0,184,0,7,213,1,221,146,2,148,369
05/19/2019,LNS,PA,AEA,EN,Federal Contract Tower,0,16,18,0,34,0,0,103,0,103,0,16,121,0,137,96,0,96,233
05/20/2019,LNS,PA,AEA,EN,Federal Contract Tower,0,16,32,2,50,0,2,75,1,78,0,18,107,3,128,64,2,66,194
05/21/2019,LNS,PA,AEA,EN,Federal Contract Tower,0,14,25,0,39,0,2,132,5,139,0,16,157,5,178,84,4,88,266
05/22/2019,LNS,PA,AEA,EN,Federal Contract Tower,0,14,29,4,47,0,0,0,0,0,0,14,29,4,47,134,4,138,185
05/23/2019,LNS,PA,AEA,EN,Federal Contract Tower,0,18,31,7,56,0,0,75,0,75,0,18,106,7,131,126,8,134,265
05/24/2019,LNS,PA,AEA,EN,Federal Contract Tower,0,18,52,0,70,0,0,129,0,129,0,18,181,0,199,0,54,54,253
05/26/2019,LNS,PA,AEA,EN,Federal Contract Tower,0,9,14,0,23,0,0,45,0,45,0,9,59,0,68,18,0,18,86
05/27/2019,LNS,PA,AEA,EN,Federal Contract Tower,0,12,27,0,39,0,2,127,0,129,0,14,154,0,168,164,0,164,332
05/28/2019,LNS,PA,AEA,EN,Federal Contract Tower,0,15,26,6,47,0,0,36,1,37,0,15,62,7,84,70,16,86,170
05/29/2019,LNS,PA,AEA,EN,Federal Contract Tower,0,14,24,0,38,0,0,61,0,61,0,14,85,0,99,112,4,116,215
05/30/2019,LNS,PA,AEA,EN,Federal Contract Tower,0,15,36,5,56,0,0,65,2,67,0,15,101,7,123,90,12,102,225
05/31/2019,LNS,PA,AEA,EN,Federal Contract Tower,0,12,54,0,66,0,1,204,1,206,0,13,258,1,272,178,6,184,456
06/01/2019,LNS,PA,AEA,EN,Federal Contract Tower,0,5,35,0,40,0,0,208,0,208,0,5,243,0,248,158,0,158,406
06/02/2019,LNS,PA,AEA,EN,Federal Contract Tower,0,10,26,0,36,0,0,59,0,59,0,10,85,0,95,80,0,80,175
06/03/2019,LNS,PA,AEA,EN,Federal Contract Tower,0,11,30,0,41,0,0,110,2,112,0,11,140,2,153,108,0,108,261
06/04/2019,LNS,PA,AEA,EN,Federal Contract Tower,0,14,27,0,41,0,0,172,0,172,0,14,199,0,213,116,2,118,331
06/06/2019,LNS,PA,AEA,EN,Federal Contract Tower,0,17,35,2,54,0,1,103,0,104,0,18,138,2,158,124,4,128,286
06/07/2019,LNS,PA,AEA,EN,Federal Contract Tower,0,18,48,5,71,0,0,180,0,180,0,18,228,5,251,79,8,87,338
06/08/2019,LNS,PA,AEA,EN,Federal Contract Tower,0,6,25,0,31,0,0,178,0,178,0,6,203,0,209,194,0,194,403
06/09/2019,LNS,PA,AEA,EN,Federal Contract Tower,0,12,21,0,33,0,0,77,0,77,0,12,98,0,110,74,0,74,184
06/10/2019,LNS,PA,AEA,EN,Federal Contract Tower,0,16,26,0,42,0,0,1,0,1,0,16,27,0,43,0,0,0,43
06/11/2019,LNS,PA,AEA,EN,Federal Contract Tower,0,11,26,5,42,0,1,95,3,99,0,12,121,8,141,110,24,134,275
06/12/2019,LNS,PA,AEA,EN,Federal Contract Tower,0,14,44,1,59,0,1,160,1,162,0,15,204,2,221,150,2,152,373
06/13/2019,LNS,PA,AEA,EN,Federal Contract Tower,0,15,23,7,45,0,0,2,1,3,0,15,25,8,48,2,8,10,58
06/14/2019,LNS,PA,AEA,EN,Federal Contract Tower,0,17,50,1,68,0,0,74,1,75,0,17,124,2,143,38,22,60,203
06/15/2019,LNS,PA,AEA,EN,Federal Contract Tower,0,2,29,3,34,0,0,149,0,149,0,2,178,3,183,158,0,158,341
06/16/2019,LNS,PA,AEA,EN,Federal Contract Tower,0,9,16,0,25,0,0,40,0,40,0,9,56,0,65,62,0,62,127
06/17/2019,LNS,PA,AEA,EN,Federal Contract Tower,0,13,21,0,34,0,0,44,0,44,0,13,65,0,78,100,0,100,178
06/18/2019,LNS,PA,AEA,EN,Federal Contract Tower,0,11,24,0,35,0,0,22,0,22,0,11,46,0,57,32,0,32,89
06/19/2019,LNS,PA,AEA,EN,Federal Contract Tower,0,16,23,5,44,0,0,15,0,15,0,16,38,5,59,62,10,72,131
06/20/2019,LNS,PA,AEA,EN,Federal Contract Tower,0,16,21,0,37,0,0,27,0,27,0,16,48,0,64,66,0,66,130
06/21/2019,LNS,PA,AEA,EN,Federal Contract Tower,0,16,26,7,49,0,0,70,0,70,0,16,96,7,119,60,26,86,205
06/22/2019,LNS,PA,AEA,EN,Federal Contract Tower,0,7,22,0,29,0,0,197,0,197,0,7,219,0,226,178,0,178,404
06/23/2019,LNS,PA,AEA,EN,Federal Contract Tower,0,3,34,0,37,0,0,194,0,194,0,3,228,0,231,118,0,118,349
06/24/2019,LNS,PA,AEA,EN,Federal Contract Tower,0,13,26,0,39,0,1,101,2,104,0,14,127,2,143,86,10,96,239
06/25/2019,LNS,PA,AEA,EN,Federal Contract Tower,0,14,36,3,53,0,1,102,2,105,0,15,138,5,158,112,18,130,288
06/26/2019,LNS,PA,AEA,EN,Federal Contract Tower,0,19,48,1,68,0,1,157,0,158,0,20,205,1,226,160,2,162,388
06/27/2019,LNS,PA,AEA,EN,Federal Contract Tower,0,12,25,0,37,0,2,124,4,130,0,14,149,4,167,74,0,74,241
06/28/2019,LNS,PA,AEA,EN,Federal Contract Tower,0,20,40,0,60,0,0,0,0,0,0,20,40,0,60,92,0,92,152
06/29/2019,LNS,PA,AEA,EN,Federal Contract Tower,1,6,5,0,12,0,0,99,0,99,1,6,104,0,111,106,0,106,217
06/30/2019,LNS,PA,AEA,EN,Federal Contract Tower,1,8,12,0,21,0,0,73,0,73,1,8,85,0,94,22,0,22,116
07/01/2019,LNS,PA,AEA,EN,Federal Contract Tower,0,15,29,0,44,0,0,183,0,183,0,15,212,0,227,164,0,164,391
07/02/2019,LNS,PA,AEA,EN,Federal Contract Tower,0,20,25,6,51,0,0,93,0,93,0,20,118,6,144,130,12,142,286
07/03/2019,LNS,PA,AEA,EN,Federal Contract Tower,0,17,46,0,63,0,0,89,0,89,0,17,135,0,152,178,0,178,330
07/04/2019,LNS,PA,AEA,EN,Federal Contract Tower,0,12,8,0,20,0,0,56,0,56,0,12,64,0,76,56,0,56,132
07/05/2019,LNS,PA,AEA,EN,Federal Contract Tower,0,13,30,0,43,0,0,15,0,15,0,13,45,0,58,52,0,52,110
07/06/2019,LNS,PA,AEA,EN,Federal Contract Tower,2,8,17,0,27,0,0,36,0,36,2,8,53,0,63,60,0,60,123
07/07/2019,LNS,PA,AEA,EN,Federal Contract Tower,0,11,18,0,29,0,0,62,0,62,0,11,80,0,91,124,0,124,215
07/08/2019,LNS,PA,AEA,EN,Federal Contract Tower,0,12,46,2,60,0,0,59,0,59,0,12,105,2,119,70,0,70,189
07/09/2019,LNS,PA,AEA,EN,Federal Contract Tower,0,11,42,1,54,0,0,133,2,135,0,11,175,3,189,124,6,130,319
07/10/2019,LNS,PA,AEA,EN,Federal Contract Tower,0,13,37,3,53,0,2,163,2,167,0,15,200,5,220,126,4,130,350
07/11/2019,LNS,PA,AEA,EN,Federal Contract Tower,0,14,26,3,43,0,0,19,0,19,0,14,45,3,62,48,10,58,120
07/12/2019,LNS,PA,AEA,EN,Federal Contract Tower,0,6,46,14,66,0,0,96,0,96,0,6,142,14,162,72,0,72,234
07/13/2019,LNS,PA,AEA,EN,Federal Contract Tower,0,8,26,0,34,0,0,125,0,125,0,8,151,0,159,58,0,58,217
07/14/2019,LNS,PA,AEA,EN,Federal Contract Tower,0,19,24,0,43,0,0,119,0,119,0,19,143,0,162,46,0,46,208
07/15/2019,LNS,PA,AEA,EN,Federal Contract Tower,0,13,39,0,52,0,0,181,0,181,0,13,220,0,233,132,0,132,365
07/16/2019,LNS,PA,AEA,EN,Federal Contract Tower,0,13,29,0,42,0,1,127,0,128,0,14,156,0,170,116,0,116,286
07/17/2019,LNS,PA,AEA,EN,Federal Contract Tower,0,17,43,1,61,0,0,62,0,62,0,17,105,1,123,38,0,38,161
07/18/2019,LNS,PA,AEA,EN,Federal Contract Tower,0,12,45,4,61,0,0,38,0,38,0,12,83,4,99,44,6,50,149
07/19/2019,LNS,PA,AEA,EN,Federal Contract Tower,0,14,39,7,60,0,2,111,0,113,0,16,150,7,173,78,6,84,257
07/20/2019,LNS,PA,AEA,EN,Federal Contract Tower,0,6,23,0,29,0,0,113,2,115,0,6,136,2,144,126,0,126,270
07/21/2019,LNS,PA,AEA,EN,Federal Contract Tower,0,12,19,0,31,0,0,42,0,42,0,12,61,0,73,30,0,30,103
07/22/2019,LNS,PA,AEA,EN,Federal Contract Tower,0,16,19,1,36,0,0,51,0,51,0,16,70,1,87,44,0,44,131
07/23/2019,LNS,PA,AEA,EN,Federal Contract Tower,0,15,20,3,38,0,1,60,0,61,0,16,80,3,99,68,4,72,171
07/24/2019,LNS,PA,AEA,EN,Federal Contract Tower,0,13,52,0,65,0,3,203,0,206,0,16,255,0,271,178,0,178,449
07/25/2019,LNS,PA,AEA,EN,Federal Contract Tower,0,15,31,0,46,0,1,182,2,185,0,16,213,2,231,100,0,100,331
07/26/2019,LNS,PA,AEA,EN,Federal Contract Tower,0,18,23,0,41,0,1,149,2,152,0,19,172,2,193,40,6,46,239
07/27/2019,LNS,PA,AEA,EN,Federal Contract Tower,0,7,28,0,35,0,0,128,0,128,0,7,156,0,163,80,0,80,243
07/28/2019,LNS,PA,AEA,EN,Federal Contract Tower,0,12,13,0,25,0,0,87,0,87,0,12,100,0,112,136,0,136,248
07/29/2019,LNS,PA,AEA,EN,Federal Contract Tower,0,14,23,0,37,0,0,127,1,128,0,14,150,1,165,106,20,126,291
07/30/2019,LNS,PA,AEA,EN,Federal Contract Tower,0,16,28,8,52,0,0,111,8,119,0,16,139,16,171,128,60,188,359
07/31/2019,LNS,PA,AEA,EN,Federal Contract Tower,0,17,26,10,53,0,0,58,2,60,0,17,84,12,113,112,2,114,227
08/01/2019,LNS,PA,AEA,EN,Federal Contract Tower,0,18,49,1,68,0,0,114,0,114,0,18,163,1,182,144,2,146,328
08/02/2019,LNS,PA,AEA,EN,Federal Contract Tower,0,17,32,1,50,0,0,28,4,32,0,17,60,5,82,36,2,38,120
08/03/2019,LNS,PA,AEA,EN,Federal Contract Tower,0,5,12,0,17,0,0,51,0,51,0,5,63,0,68,70,0,70,138
08/04/2019,LNS,PA,AEA,EN,Federal Contract Tower,0,11,34,2,47,0,0,111,1,112,0,11,145,3,159,50,2,52,211
08/05/2019,LNS,PA,AEA,EN,Federal Contract Tower,0,12,30,3,45,0,2,152,2,156,0,14,182,5,201,144,0,144,345
08/06/2019,LNS,PA,AEA,EN,Federal Contract Tower,0,19,24,2,45,0,0,87,0,87,0,19,111,2,132,118,2,120,252
08/07/2019,LNS,PA,AEA,EN,Federal Contract Tower,0,14,22,0,36,0,0,48,0,48,0,14,70,0,84,64,0,64,148
08/08/2019,LNS,PA,AEA,EN,Federal Contract Tower,0,15,36,0,51,0,2,109,0,111,0,17,145,0,162,92,0,92,254
08/09/2019,LNS,PA,AEA,EN,Federal Contract Tower,0,13,48,4,65,0,1,157,0,158,0,14,205,4,223,112,0,112,335
08/10/2019,LNS,PA,AEA,EN,Federal Contract Tower,0,4,33,0,37,0,0,178,0,178,0,4,211,0,215,120,0,120,335
08/11/2019,LNS,PA,AEA,EN,Federal Contract Tower,0,11,22,0,33,0,1,161,0,162,0,12,183,0,195,70,0,70,265
08/13/2019,LNS,PA,AEA,EN,Federal Contract Tower,0,19,25,0,44,0,0,36,0,36,0,19,61,0,80,66,0,66,146
08/14/2019,LNS,PA,AEA,EN,Federal Contract Tower,0,17,42,1,60,0,0,53,1,54,0,17,95,2,114,60,0,60,174
08/15/2019,LNS,PA,AEA,EN,Federal Contract Tower,0,15,34,2,51,0,0,45,0,45,0,15,79,2,96,80,2,82,178
08/16/2019,LNS,PA,AEA,EN,Federal Contract Tower,0,19,56,0,75,0,0,71,0,71,0,19,127,0,146,130,0,130,276
08/17/2019,LNS,PA,AEA,EN,Federal Contract Tower,0,9,22,0,31,0,1,82,0,83,0,10,104,0,114,20,0,20,134
08/18/2019,LNS,PA,AEA,EN,Federal Contract Tower,0,11,9,0,20,0,1,46,0,47,0,12,55,0,67,6,0,6,73
08/19/2019,LNS,PA,AEA,EN,Federal Contract Tower,0,15,28,2,45,0,0,116,2,118,0,15,144,4,163,78,4,82,245
08/20/2019,LNS,PA,AEA,EN,Federal Contract Tower,0,14,12,2,28,0,1,128,0,129,0,15,140,2,157,100,4,104,261
08/21/2019,LNS,PA,AEA,EN,Federal Contract Tower,0,13,14,0,27,0,2,76,0,78,0,15,90,0,105,64,2,66,171
08/22/2019,LNS,PA,AEA,EN,Federal Contract Tower,0,17,27,1,45,0,0,114,0,114,0,17,141,1,159,114,0,114,273
08/23/2019,LNS,PA,AEA,EN,Federal Contract Tower,0,18,31,1,50,0,0,97,0,97,0,18,128,1,147,116,20,136,283
08/24/2019,LNS,PA,AEA,EN,Federal Contract Tower,0,9,13,0,22,0,0,241,2,243,0,9,254,2,265,336,14,350,615
08/25/2019,LNS,PA,AEA,EN,Federal Contract Tower,0,10,18,0,28,0,0,156,1,157,0,10,174,1,185,296,22,318,503
08/26/2019,LNS,PA,AEA,EN,Federal Contract Tower,0,12,34,3,49,0,1,149,0,150,0,13,183,3,199,152,0,152,351
08/27/2019,LNS,PA,AEA,EN,Federal Contract Tower,0,15,31,2,48,0,1,72,0,73,0,16,103,2,121,146,0,146,267
08/28/2019,LNS,PA,AEA,EN,Federal Contract Tower,0,15,36,1,52,0,1,4,0,5,0,16,40,1,57,6,2,8,65
08/29/2019,LNS,PA,AEA,EN,Federal Contract Tower,0,17,44,2,63,0,0,207,2,209,0,17,251,4,272,182,0,182,454
08/30/2019,LNS,PA,AEA,EN,Federal Contract Tower,0,12,43,1,56,0,0,162,0,162,0,12,205,1,218,92,0,92,310
08/31/2019,LNS,PA,AEA,EN,Federal Contract Tower,0,8,33,0,41,0,0,180,0,180,0,8,213,0,221,172,0,172,393
09/01/2019,LNS,PA,AEA,EN,Federal Contract Tower,0,8,27,0,35,0,1,81,0,82,0,9,108,0,117,102,0,102,219
09/02/2019,LNS,PA,AEA,EN,Federal Contract Tower,0,17,15,0,32,0,0,29,0,29,0,17,44,0,61,52,0,52,113
09/03/2019,LNS,PA,AEA,EN,Federal Contract Tower,0,20,28,0,48,0,1,147,4,152,0,21,175,4,200,96,0,96,296
09/04/2019,LNS,PA,AEA,EN,Federal Contract Tower,0,18,19,0,37,0,4,72,0,76,0,22,91,0,113,86,0,86,199
09/05/2019,LNS,PA,AEA,EN,Federal Contract Tower,0,14,37,1,52,0,1,131,2,134,0,15,168,3,186,164,4,168,354
09/06/2019,LNS,PA,AEA,EN,Federal Contract Tower,0,17,45,2,64,0,0,51,0,51,0,17,96,2,115,118,16,134,249
09/07/2019,LNS,PA,AEA,EN,Federal Contract Tower,0,10,36,0,46,0,1,179,0,180,0,11,215,0,226,166,0,166,392
09/08/2019,LNS,PA,AEA,EN,Federal Contract Tower,0,12,15,2,29,0,0,140,0,140,0,12,155,2,169,70,0,70,239
09/09/2019,LNS,PA,AEA,EN,Federal Contract Tower,0,12,33,1,46,0,0,117,0,117,0,12,150,1,163,80,0,80,243
09/10/2019,LNS,PA,AEA,EN,Federal Contract Tower,0,12,23,0,35,0,0,86,6,92,0,12,109,6,127,84,6,90,217
09/11/2019,LNS,PA,AEA,EN,Federal Contract Tower,0,16,30,0,46,0,1,147,0,148,0,17,177,0,194,160,0,160,354
09/12/2019,LNS,PA,AEA,EN,Federal Contract Tower,0,14,20,7,41,0,0,104,0,104,0,14,124,7,145,64,8,72,217
09/13/2019,LNS,PA,AEA,EN,Federal Contract Tower,0,20,76,6,102,0,0,68,2,70,0,20,144,8,172,80,0,80,252
09/14/2019,LNS,PA,AEA,EN,Federal Contract Tower,0,8,24,0,32,0,0,53,0,53,0,8,77,0,85,72,0,72,157
09/15/2019,LNS,PA,AEA,EN,Federal Contract Tower,0,13,36,0,49,0,1,209,0,210,0,14,245,0,259,182,0,182,441
09/16/2019,LNS,PA,AEA,EN,Federal Contract Tower,0,15,27,1,43,0,0,127,0,127,0,15,154,1,170,82,0,82,252
09/17/2019,LNS,PA,AEA,EN,Federal Contract Tower,0,14,44,0,58,0,0,158,2,160,0,14,202,2,218,126,0,126,344
09/18/2019,LNS,PA,AEA,EN,Federal Contract Tower,0,14,44,0,58,0,4,132,4,140,0,18,176,4,198,140,0,140,338
09/19/2019,LNS,PA,AEA,EN,Federal Contract Tower,0,20,35,0,55,0,0,0,0,0,0,20,35,0,55,128,0,128,183
09/20/2019,LNS,PA,AEA,EN,Federal Contract Tower,0,12,34,0,46,0,0,192,2,194,0,12,226,2,240,158,0,158,398
09/21/2019,LNS,PA,AEA,EN,Federal Contract Tower,0,6,18,0,24,0,0,145,0,145,0,6,163,0,169,52,0,52,221
09/22/2019,LNS,PA,AEA,EN,Federal Contract Tower,0,12,23,0,35,0,0,108,0,108,0,12,131,0,143,46,0,46,189
09/23/2019,LNS,PA,AEA,EN,Federal Contract Tower,0,11,24,1,36,0,0,79,0,79,0,11,103,1,115,98,2,100,215
09/24/2019,LNS,PA,AEA,EN,Federal Contract Tower,0,16,28,0,44,0,1,97,2,100,0,17,125,2,144,112,12,124,268
09/25/2019,LNS,PA,AEA,EN,Federal Contract Tower,0,15,40,8,63,0,3,150,0,153,0,18,190,8,216,172,16,188,404
09/26/2019,LNS,PA,AEA,EN,Federal Contract Tower,0,17,37,2,56,0,1,100,0,101,0,18,137,2,157,142,2,144,301
09/27/2019,LNS,PA,AEA,EN,Federal Contract Tower,0,18,29,0,47,0,0,162,0,162,0,18,191,0,209,98,0,98,307
09/28/2019,LNS,PA,AEA,EN,Federal Contract Tower,0,6,41,0,47,0,0,49,0,49,0,6,90,0,96,58,0,58,154
09/29/2019,LNS,PA,AEA,EN,Federal Contract Tower,0,11,24,1,36,0,0,132,0,132,0,11,156,1,168,84,0,84,252
09/30/2019,LNS,PA,AEA,EN,Federal Contract Tower,0,14,53,0,67,0,0,40,0,40,0,14,93,0,107,98,0,98,205
10/01/2019,LNS,PA,AEA,EN,Federal Contract Tower,0,12,45,3,60,0,0,97,0,97,0,12,142,3,157,93,2,95,252
10/02/2019,LNS,PA,AEA,EN,Federal Contract Tower,0,16,32,4,52,0,0,91,2,93,0,16,123,6,145,30,6,36,181
10/03/2019,LNS,PA,AEA,EN,Federal Contract Tower,0,16,42,0,58,0,0,0,0,0,0,16,42,0,58,6,0,6,64
10/04/2019,LNS,PA,AEA,EN,Federal Contract Tower,0,14,17,0,31,0,2,76,0,78,0,16,93,0,109,54,0,54,163
10/05/2019,LNS,PA,AEA,EN,Federal Contract Tower,0,11,22,0,33,0,1,254,0,255,0,12,276,0,288,84,0,84,372
10/06/2019,LNS,PA,AEA,EN,Federal Contract Tower,0,15,24,0,39,0,0,16,0,16,0,15,40,0,55,36,0,36,91
10/07/2019,LNS,PA,AEA,EN,Federal Contract Tower,0,12,14,0,26,0,0,47,0,47,0,12,61,0,73,36,0,36,109
10/08/2019,LNS,PA,AEA,EN,Federal Contract Tower,0,17,26,8,51,0,1,94,1,96,0,18,120,9,147,66,14,80,227
10/09/2019,LNS,PA,AEA,EN,Federal Contract Tower,0,15,30,0,45,0,1,91,0,92,0,16,121,0,137,146,0,146,283
10/10/2019,LNS,PA,AEA,EN,Federal Contract Tower,0,14,19,1,34,0,1,142,8,151,0,15,161,9,185,74,4,78,263
10/11/2019,LNS,PA,AEA,EN,Federal Contract Tower,0,20,37,3,60,0,3,117,2,122,0,23,154,5,182,76,16,92,274
10/12/2019,LNS,PA,AEA,EN,Federal Contract Tower,0,9,21,0,30,0,0,156,0,156,0,9,177,0,186,114,0,114,300
10/13/2019,LNS,PA,AEA,EN,Federal Contract Tower,0,13,22,0,35,0,0,148,0,148,0,13,170,0,183,110,0,110,293
10/14/2019,LNS,PA,AEA,EN,Federal Contract Tower,0,16,43,0,59,0,0,148,0,148,0,16,191,0,207,92,0,92,299
10/15/2019,LNS,PA,AEA,EN,Federal Contract Tower,0,17,40,0,57,0,0,161,0,161,0,17,201,0,218,128,0,128,346
10/16/2019,LNS,PA,AEA,EN,Federal Contract Tower,0,14,26,3,43,0,0,2,0,2,0,14,28,3,45,0,2,2,47
10/17/2019,LNS,PA,AEA,EN,Federal Contract Tower,0,14,13,0,27,0,2,2,0,4,0,16,15,0,31,0,0,0,31
10/18/2019,LNS,PA,AEA,EN,Federal Contract Tower,0,17,25,0,42,0,2,125,0,127,0,19,150,0,169,130,0,130,299
10/19/2019,LNS,PA,AEA,EN,Federal Contract Tower,0,7,32,0,39,0,0,214,3,217,0,7,246,3,256,94,12,106,362
10/20/2019,LNS,PA,AEA,EN,Federal Contract Tower,0,15,24,0,39,0,0,6,0,6,0,15,30,0,45,26,0,26,71
10/21/2019,LNS,PA,AEA,EN,Federal Contract Tower,0,14,39,0,53,0,0,139,2,141,0,14,178,2,194,128,0,128,322
10/22/2019,LNS,PA,AEA,EN,Federal Contract Tower,0,15,26,0,41,0,0,0,0,0,0,15,26,0,41,2,0,2,43
10/23/2019,LNS,PA,AEA,EN,Federal Contract Tower,0,12,48,4,64,0,0,111,7,118,0,12,159,11,182,180,34,214,396
10/24/2019,LNS,PA,AEA,EN,Federal Contract Tower,0,12,37,0,49,0,0,174,0,174,0,12,211,0,223,98,0,98,321
10/25/2019,LNS,PA,AEA,EN,Federal Contract Tower,0,15,30,7,52,0,1,125,4,130,0,16,155,11,182,118,16,134,316
10/26/2019,LNS,PA,AEA,EN,Federal Contract Tower,0,5,17,0,22,0,1,95,2,98,0,6,112,2,120,80,0,80,200
10/27/2019,LNS,PA,AEA,EN,Federal Contract Tower,0,9,12,0,21,0,0,15,0,15,0,9,27,0,36,18,0,18,54
10/28/2019,LNS,PA,AEA,EN,Federal Contract Tower,0,17,31,1,49,0,0,181,2,183,0,17,212,3,232,164,8,172,404
10/29/2019,LNS,PA,AEA,EN,Federal Contract Tower,0,15,35,9,59,0,0,68,0,68,0,15,103,9,127,106,6,112,239
10/30/2019,LNS,PA,AEA,EN,Federal Contract Tower,0,16,52,7,75,0,0,41,6,47,0,16,93,13,122,132,80,212,334
10/31/2019,LNS,PA,AEA,EN,Federal Contract Tower,0,11,11,0,22,0,0,0,0,0,0,11,11,0,22,0,0,0,22
11/01/2019,LNS,PA,AEA,EN,Federal Contract Tower,0,21,22,2,45,0,1,59,4,64,0,22,81,6,109,74,22,96,205
11/02/2019,LNS,PA,AEA,EN,Federal Contract Tower,0,11,43,0,54,0,0,214,0,214,0,11,257,0,268,122,0,122,390
11/03/2019,LNS,PA,AEA,EN,Federal Contract Tower,0,10,30,0,40,0,0,99,0,99,0,10,129,0,139,124,0,124,263
11/04/2019,LNS,PA,AEA,EN,Federal Contract Tower,0,13,21,0,34,0,2,109,0,111,0,15,130,0,145,64,0,64,209
11/05/2019,LNS,PA,AEA,EN,Federal Contract Tower,0,18,16,14,48,0,0,102,0,102,0,18,118,14,150,112,24,136,286
11/06/2019,LNS,PA,AEA,EN,Federal Contract Tower,0,16,33,9,58,0,0,168,1,169,0,16,201,10,227,100,0,100,327
11/07/2019,LNS,PA,AEA,EN,Federal Contract Tower,0,18,20,7,45,0,0,47,1,48,0,18,67,8,93,72,0,72,165
11/08/2019,LNS,PA,AEA,EN,Federal Contract Tower,0,12,23,2,37,0,0,73,0,73,0,12,96,2,110,80,2,82,192
11/09/2019,LNS,PA,AEA,EN,Federal Contract Tower,0,8,23,0,31,0,2,166,0,168,0,10,189,0,199,134,0,134,333
11/10/2019,LNS,PA,AEA,EN,Federal Contract Tower,0,12,27,0,39,0,0,142,0,142,0,12,169,0,181,102,0,102,283
11/11/2019,LNS,PA,AEA,EN,Federal Contract Tower,0,19,32,0,51,0,4,185,0,189,0,23,217,0,240,120,0,120,360
11/12/2019,LNS,PA,AEA,EN,Federal Contract Tower,0,10,7,0,17,0,0,26,7,33,0,10,33,7,50,54,16,70,120
11/13/2019,LNS,PA,AEA,EN,Federal Contract Tower,0,15,32,2,49,0,0,105,0,105,0,15,137,2,154,118,0,118,272
11/14/2019,LNS,PA,AEA,EN,Federal Contract Tower,0,27,31,6,64,0,5,107,0,112,0,32,138,6,176,84,2,86,262
11/15/2019,LNS,PA,AEA,EN,Federal Contract Tower,0,17,46,2,65,0,0,164,0,164,0,17,210,2,229,168,0,168,397
11/16/2019,LNS,PA,AEA,EN,Federal Contract Tower,0,8,32,0,40,0,2,75,2,79,0,10,107,2,119,56,0,56,175
11/17/2019,LNS,PA,AEA,EN,Federal Contract Tower,0,10,18,0,28,0,0,46,0,46,0,10,64,0,74,88,0,88,162
11/18/2019,LNS,PA,AEA,EN,Federal Contract Tower,0,11,15,0,26,0,0,27,0,27,0,11,42,0,53,90,4,94,147
11/19/2019,LNS,PA,AEA,EN,Federal Contract Tower,0,13,52,0,65,0,0,101,0,101,0,13,153,0,166,68,2,70,236
11/20/2019,LNS,PA,AEA,EN,Federal Contract Tower,0,10,27,1,38,0,0,74,1,75,0,10,101,2,113,86,2,88,201
11/21/2019,LNS,PA,AEA,EN,Federal Contract Tower,0,14,48,0,62,0,0,152,0,152,0,14,200,0,214,128,0,128,342
11/22/2019,LNS,PA,AEA,EN,Federal Contract Tower,0,18,23,1,42,0,0,69,2,71,0,18,92,3,113,158,18,176,289
11/23/2019,LNS,PA,AEA,EN,Federal Contract Tower,0,8,33,0,41,0,0,158,0,158,0,8,191,0,199,112,0,112,311
11/24/2019,LNS,PA,AEA,EN,Federal Contract Tower,0,16,2,0,18,0,3,23,0,26,0,19,25,0,44,14,0,14,58
11/25/2019,LNS,PA,AEA,EN,Federal Contract Tower,0,19,31,2,52,0,0,132,1,133,0,19,163,3,185,108,6,114,299
11/26/2019,LNS,PA,AEA,EN,Federal Contract Tower,0,18,23,3,44,0,2,187,4,193,0,20,210,7,237,134,2,136,373
11/27/2019,LNS,PA,AEA,EN,Federal Contract Tower,0,24,17,0,41,0,0,29,0,29,0,24,46,0,70,42,0,42,112
11/28/2019,LNS,PA,AEA,EN,Federal Contract Tower,0,11,0,0,11,0,0,0,0,0,0,11,0,0,11,0,0,0,11
11/30/2019,LNS,PA,AEA,EN,Federal Contract Tower,0,9,34,0,43,0,0,138,0,138,0,9,172,0,181,64,0,64,245
12/01/2019,LNS,PA,AEA,EN,Federal Contract Tower,0,12,4,0,16,0,0,0,0,0,0,12,4,0,16,0,0,0,16
12/04/2019,LNS,PA,AEA,EN,Federal Contract Tower,0,13,25,0,38,0,0,44,0,44,0,13,69,0,82,62,0,62,144
12/05/2019,LNS,PA,AEA,EN,Federal Contract Tower,0,12,28,0,40,0,0,40,0,40,0,12,68,0,80,70,0,70,150
12/06/2019,LNS,PA,AEA,EN,Federal Contract Tower,0,12,46,0,58,0,0,94,0,94,0,12,140,0,152,74,0,74,226
12/07/2019,LNS,PA,AEA,EN,Federal Contract Tower,0,5,42,0,47,0,1,200,0,201,0,6,242,0,248,68,0,68,316
12/08/2019,LNS,PA,AEA,EN,Federal Contract Tower,0,11,32,0,43,0,0,109,0,109,0,11,141,0,152,70,0,70,222
12/09/2019,LNS,PA,AEA,EN,Federal Contract Tower,0,11,10,0,21,0,0,0,0,0,0,11,10,0,21,0,0,0,21
12/10/2019,LNS,PA,AEA,EN,Federal Contract Tower,0,13,28,0,41,0,0,10,0,10,0,13,38,0,51,16,0,16,67
12/11/2019,LNS,PA,AEA,EN,Federal Contract Tower,0,13,22,3,38,0,0,71,0,71,0,13,93,3,109,98,6,104,213
12/12/2019,LNS,PA,AEA,EN,Federal Contract Tower,0,12,27,0,39,0,0,176,0,176,0,12,203,0,215,118,0,118,333
12/13/2019,LNS,PA,AEA,EN,Federal Contract Tower,0,12,14,0,26,0,0,2,0,2,0,12,16,0,28,0,0,0,28
12/14/2019,LNS,PA,AEA,EN,Federal Contract Tower,0,10,6,0,16,0,0,3,0,3,0,10,9,0,19,2,0,2,21
12/15/2019,LNS,PA,AEA,EN,Federal Contract Tower,0,16,16,0,32,0,0,42,0,42,0,16,58,0,74,16,0,16,90
12/16/2019,LNS,PA,AEA,EN,Federal Contract Tower,0,11,9,0,20,0,0,6,0,6,0,11,15,0,26,18,0,18,44
12/17/2019,LNS,PA,AEA,EN,Federal Contract Tower,0,19,7,0,26,0,0,4,2,6,0,19,11,2,32,14,2,16,48
12/18/2019,LNS,PA,AEA,EN,Federal Contract Tower,0,11,18,8,37,0,0,53,0,53,0,11,71,8,90,30,2,32,122
12/19/2019,LNS,PA,AEA,EN,Federal Contract Tower,0,27,22,0,49,0,1,106,0,107,0,28,128,0,156,52,4,56,212
12/20/2019,LNS,PA,AEA,EN,Federal Contract Tower,0,24,55,1,80,0,0,175,0,175,0,24,230,1,255,140,4,144,399
12/21/2019,LNS,PA,AEA,EN,Federal Contract Tower,0,7,29,0,36,0,0,153,0,153,0,7,182,0,189,138,0,138,327
12/22/2019,LNS,PA,AEA,EN,Federal Contract Tower,0,8,29,0,37,0,2,86,0,88,0,10,115,0,125,136,0,136,261
12/23/2019,LNS,PA,AEA,EN,Federal Contract Tower,0,21,26,4,51,0,0,91,0,91,0,21,117,4,142,80,0,80,222
12/24/2019,LNS,PA,AEA,EN,Federal Contract Tower,0,9,19,0,28,0,0,101,0,101,0,9,120,0,129,98,0,98,227
12/25/2019,LNS,PA,AEA,EN,Federal Contract Tower,0,10,1,0,11,0,0,26,0,26,0,10,27,0,37,2,0,2,39
12/26/2019,LNS,PA,AEA,EN,Federal Contract Tower,0,21,46,0,67,0,0,92,0,92,0,21,138,0,159,72,0,72,231
12/27/2019,LNS,PA,AEA,EN,Federal Contract Tower,0,15,59,0,74,0,0,22,0,22,0,15,81,0,96,50,0,50,146
12/28/2019,LNS,PA,AEA,EN,Federal Contract Tower,0,14,44,0,58,0,0,123,0,123,0,14,167,0,181,117,0,117,298
12/29/2019,LNS,PA,AEA,EN,Federal Contract Tower,0,10,32,0,42,0,0,5,0,5,0,10,37,0,47,0,0,0,47
12/31/2019,LNS,PA,AEA,EN,Federal Contract Tower,0,14,18,0,32,0,0,25,0,25,0,14,43,0,57,22,0,22,79
01/01/2020,LNS,PA,AEA,EN,Federal Contract Tower,0,13,22,0,35,0,1,52,0,53,0,14,74,0,88,44,0,44,132
01/02/2020,LNS,PA,AEA,EN,Federal Contract Tower,0,16,21,0,37,0,4,129,0,133,0,20,150,0,170,86,2,88,258
01/03/2020,LNS,PA,AEA,EN,Federal Contract Tower,0,12,22,0,34,0,0,1,0,1,0,12,23,0,35,4,0,4,39
01/04/2020,LNS,PA,AEA,EN,Federal Contract Tower,0,10,16,0,26,0,0,6,0,6,0,10,22,0,32,8,0,8,40
01/05/2020,LNS,PA,AEA,EN,Federal Contract Tower,0,11,15,0,26,0,28,0,0,28,0,39,15,0,54,16,0,16,70
01/07/2020,LNS,PA,AEA,EN,Federal Contract Tower,0,17,15,3,35,0,0,32,0,32,0,17,47,3,67,40,22,62,129
01/08/2020,LNS,PA,AEA,EN,Federal Contract Tower,0,12,7,0,19,0,2,15,2,19,0,14,22,2,38,16,0,16,54
01/09/2020,LNS,PA,AEA,EN,Federal Contract Tower,0,11,29,5,45,0,0,121,3,124,0,11,150,8,169,146,0,146,315
01/10/2020,LNS,PA,AEA,EN,Federal Contract Tower,0,12,43,1,56,0,0,61,0,61,0,12,104,1,117,64,14,78,195
01/11/2020,LNS,PA,AEA,EN,Federal Contract Tower,0,6,8,0,14,0,0,29,0,29,0,6,37,0,43,66,0,66,109
01/12/2020,LNS,PA,AEA,EN,Federal Contract Tower,0,14,10,0,24,0,0,55,0,55,0,14,65,0,79,18,0,18,97
01/13/2020,LNS,PA,AEA,EN,Federal Contract Tower,0,14,39,2,55,0,0,65,0,65,0,14,104,2,120,104,0,104,224
01/14/2020,LNS,PA,AEA,EN,Federal Contract Tower,0,11,24,0,35,0,0,0,0,0,0,11,24,0,35,0,0,0,35
01/15/2020,LNS,PA,AEA,EN,Federal Contract Tower,0,8,62,1,71,0,0,160,0,160,0,8,222,1,231,192,2,194,425
01/16/2020,LNS,PA,AEA,EN,Federal Contract Tower,0,16,15,2,33,0,1,15,0,16,0,17,30,2,49,16,0,16,65
01/17/2020,LNS,PA,AEA,EN,Federal Contract Tower,0,13,37,0,50,0,0,122,3,125,0,13,159,3,175,120,0,120,295
01/18/2020,LNS,PA,AEA,EN,Federal Contract Tower,0,2,1,0,3,0,0,1,0,1,0,2,2,0,4,2,0,2,6
01/19/2020,LNS,PA,AEA,EN,Federal Contract Tower,0,8,8,0,16,0,0,41,0,41,0,8,49,0,57,14,0,14,71
01/20/2020,LNS,PA,AEA,EN,Federal Contract Tower,0,10,41,0,51,0,0,116,0,116,0,10,157,0,167,32,0,32,199
01/21/2020,LNS,PA,AEA,EN,Federal Contract Tower,0,12,23,8,43,0,1,133,2,136,0,13,156,10,179,80,18,98,277
01/22/2020,LNS,PA,AEA,EN,Federal Contract Tower,0,14,37,4,55,0,2,183,0,185,0,16,220,4,240,94,0,94,334
01/23/2020,LNS,PA,AEA,EN,Federal Contract Tower,0,10,28,1,39,0,1,122,0,123,0,11,150,1,162,100,2,102,264
01/24/2020,LNS,PA,AEA,EN,Federal Contract Tower,0,16,58,4,78,0,3,93,2,98,0,19,151,6,176,92,22,114,290
01/25/2020,LNS,PA,AEA,EN,Federal Contract Tower,0,3,7,0,10,0,0,5,0,5,0,3,12,0,15,12,0,12,27
01/26/2020,LNS,PA,AEA,EN,Federal Contract Tower,0,9,15,0,24,0,7,94,0,101,0,16,109,0,125,42,0,42,167
01/27/2020,LNS,PA,AEA,EN,Federal Contract Tower,0,13,24,0,37,0,0,69,0,69,0,13,93,0,106,32,0,32,138
01/28/2020,LNS,PA,AEA,EN,Federal Contract Tower,0,16,34,4,54,0,0,91,4,95,0,16,125,8,149,42,22,64,213
01/29/2020,LNS,PA,AEA,EN,Federal Contract Tower,0,12,35,4,51,0,0,118,0,118,0,12,153,4,169,120,4,124,293
01/31/2020,LNS,PA,AEA,EN,Federal Contract Tower,0,10,49,2,61,0,1,93,0,94,0,11,142,2,155,106,6,112,267
02/01/2020,LNS,PA,AEA,EN,Federal Contract Tower,0,10,19,0,29,0,0,1,0,1,0,10,20,0,30,34,0,34,64
02/03/2020,LNS,PA,AEA,EN,Federal Contract Tower,0,10,33,2,45,0,0,139,2,141,0,10,172,4,186,106,0,106,292
02/04/2020,LNS,PA,AEA,EN,Federal Contract Tower,0,11,17,10,38,0,1,56,0,57,0,12,73,10,95,98,0,98,193
02/05/2020,LNS,PA,AEA,EN,Federal Contract Tower,0,15,17,1,33,0,2,52,0,54,0,17,69,1,87,50,2,52,139
02/06/2020,LNS,PA,AEA,EN,Federal Contract Tower,0,18,10,0,28,0,0,0,0,0,0,18,10,0,28,0,0,0,28
02/07/2020,LNS,PA,AEA,EN,Federal Contract Tower,0,9,11,0,20,0,0,0,0,0,0,9,11,0,20,0,0,0,20
02/08/2020,LNS,PA,AEA,EN,Federal Contract Tower,0,6,46,2,54,0,9,134,0,143,0,15,180,2,197,114,8,122,319
02/09/2020,LNS,PA,AEA,EN,Federal Contract Tower,0,12,45,0,57,0,0,155,0,155,0,12,200,0,212,174,0,174,386
02/11/2020,LNS,PA,AEA,EN,Federal Contract Tower,0,12,25,1,38,0,0,4,0,4,0,12,29,1,42,24,2,26,68
02/12/2020,LNS,PA,AEA,EN,Federal Contract Tower,0,16,22,1,39,0,3,138,1,142,0,19,160,2,181,104,34,138,319
02/13/2020,LNS,PA,AEA,EN,Federal Contract Tower,0,12,28,0,40,0,0,13,2,15,0,12,41,2,55,36,12,48,103
02/14/2020,LNS,PA,AEA,EN,Federal Contract Tower,0,18,29,0,47,0,0,79,0,79,0,18,108,0,126,40,0,40,166
02/15/2020,LNS,PA,AEA,EN,Federal Contract Tower,0,11,34,0,45,0,0,162,0,162,0,11,196,0,207,80,0,80,287
02/16/2020,LNS,PA,AEA,EN,Federal Contract Tower,0,7,28,0,35,0,2,110,0,112,0,9,138,0,147,74,0,74,221
02/17/2020,LNS,PA,AEA,EN,Federal Contract Tower,0,16,29,0,45,0,0,205,0,205,0,16,234,0,250,82,0,82,332
02/18/2020,LNS,PA,AEA,EN,Federal Contract Tower,0,16,21,0,37,0,2,26,17,45,0,18,47,17,82,24,0,24,106
02/19/2020,LNS,PA,AEA,EN,Federal Contract Tower,0,11,25,5,41,0,4,141,3,148,0,15,166,8,189,82,6,88,277
02/20/2020,LNS,PA,AEA,EN,Federal Contract Tower,0,13,36,13,62,0,0,114,4,118,0,13,150,17,180,96,34,130,310
02/21/2020,LNS,PA,AEA,EN,Federal Contract Tower,0,18,34,0,52,0,2,130,0,132,0,20,164,0,184,146,4,150,334
02/22/2020,LNS,PA,AEA,EN,Federal Contract Tower,0,9,28,0,37,0,4,148,0,152,0,13,176,0,189,128,0,128,317
02/23/2020,LNS,PA,AEA,EN,Federal Contract Tower,0,10,28,1,39,0,7,168,0,175,0,17,196,1,214,116,2,118,332
02/24/2020,LNS,PA,AEA,EN,Federal Contract Tower,0,13,17,3,33,0,0,143,5,148,0,13,160,8,181,72,32,104,285
02/25/2020,LNS,PA,AEA,EN,Federal Contract Tower,0,11,21,6,38,0,0,0,0,0,0,11,21,6,38,0,0,0,38
02/26/2020,LNS,PA,AEA,EN,Federal Contract Tower,0,11,33,0,44,0,0,1,0,1,0,11,34,0,45,6,0,6,51
02/27/2020,LNS,PA,AEA,EN,Federal Contract Tower,0,8,15,1,24,0,0,7,6,13,0,8,22,7,37,0,0,0,37
02/28/2020,LNS,PA,AEA,EN,Federal Contract Tower,0,15,33,3,51,0,1,68,2,71,0,16,101,5,122,133,4,137,259
02/29/2020,LNS,PA,AEA,EN,Federal Contract Tower,0,7,28,0,35,0,1,46,0,47,0,8,74,0,82,124,0,124,206
03/01/2020,LNS,PA,AEA,EN,Federal Contract Tower,0,17,41,0,58,0,0,157,0,157,0,17,198,0,215,86,0,86,301
03/02/2020,LNS,PA,AEA,EN,Federal Contract Tower,0,14,29,1,44,0,2,101,0,103,0,16,130,1,147,48,12,60,207
03/03/2020,LNS,PA,AEA,EN,Federal Contract Tower,0,14,19,5,38,0,0,20,0,20,0,14,39,5,58,42,0,42,100
03/04/2020,LNS,PA,AEA,EN,Federal Contract Tower,0,15,22,3,40,0,1,73,6,80,0,16,95,9,120,82,8,90,210
03/05/2020,LNS,PA,AEA,EN,Federal Contract Tower,0,18,32,5,55,0,0,174,1,175,0,18,206,6,230,122,6,128,358
03/06/2020,LNS,PA,AEA,EN,Federal Contract Tower,0,19,22,0,41,0,0,5,0,5,0,19,27,0,46,2,0,2,48
03/07/2020,LNS,PA,AEA,EN,Federal Contract Tower,0,4,16,0,20,0,3,59,0,62,0,7,75,0,82,6,2,8,90
03/08/2020,LNS,PA,AEA,EN,Federal Contract Tower,0,11,40,0,51,0,0,186,0,186,0,11,226,0,237,118,0,118,355
03/09/2020,LNS,PA,AEA,EN,Federal Contract Tower,0,15,35,8,58,0,0,159,0,159,0,15,194,8,217,94,10,104,321
03/10/2020,LNS,PA,AEA,EN,Federal Contract Tower,0,12,21,4,37,0,0,40,0,40,0,12,61,4,77,28,2,30,107
03/11/2020,LNS,PA,AEA,EN,Federal Contract Tower,0,11,41,1,53,0,1,141,0,142,0,12,182,1,195,104,2,106,301
03/12/2020,LNS,PA,AEA,EN,Federal Contract Tower,0,15,50,2,67,0,0,73,0,73,0,15,123,2,140,76,4,80,220
03/13/2020,LNS,PA,AEA,EN,Federal Contract Tower,0,13,32,3,48,0,0,15,2,17,0,13,47,5,65,14,0,14,79
03/14/2020,LNS,PA,AEA,EN,Federal Contract Tower,0,6,16,0,22,0,0,102,0,102,0,6,118,0,124,40,0,40,164
03/15/2020,LNS,PA,AEA,EN,Federal Contract Tower,0,9,29,0,38,0,0,116,0,116,0,9,145,0,154,120,0,120,274
03/16/2020,LNS,PA,AEA,EN,Federal Contract Tower,0,11,29,0,40,0,0,96,0,96,0,11,125,0,136,110,0,110,246
03/17/2020,LNS,PA,AEA,EN,Federal Contract Tower,0,10,25,2,37,0,0,17,2,19,0,10,42,4,56,50,0,50,106
03/18/2020,LNS,PA,AEA,EN,Federal Contract Tower,0,13,44,4,61,0,1,100,2,103,0,14,144,6,164,66,4,70,234
03/19/2020,LNS,PA,AEA,EN,Federal Contract Tower,0,15,27,7,49,0,0,0,0,0,0,15,27,7,49,4,14,18,67
03/20/2020,LNS,PA,AEA,EN,Federal Contract Tower,0,12,6,0,18,0,0,4,0,4,0,12,10,0,22,2,0,2,24
03/21/2020,LNS,PA,AEA,EN,Federal Contract Tower,0,4,18,0,22,0,0,50,0,50,0,4,68,0,72,80,0,80,152
03/22/2020,LNS,PA,AEA,EN,Federal Contract Tower,0,5,25,0,30,0,3,61,0,64,0,8,86,0,94,22,0,22,116
03/24/2020,LNS,PA,AEA,EN,Federal Contract Tower,0,10,18,1,29,0,2,47,1,50,0,12,65,2,79,14,0,14,93
03/25/2020,LNS,PA,AEA,EN,Federal Contract Tower,0,11,23,0,34,0,0,0,0,0,0,11,23,0,34,0,0,0,34
03/26/2020,LNS,PA,AEA,EN,Federal Contract Tower,0,14,23,5,42,0,0,33,0,33,0,14,56,5,75,26,0,26,101
03/27/2020,LNS,PA,AEA,EN,Federal Contract Tower,0,10,24,0,34,0,0,43,0,43,0,10,67,0,77,28,0,28,105
03/28/2020,LNS,PA,AEA,EN,Federal Contract Tower,0,5,9,0,14,0,0,0,0,0,0,5,9,0,14,0,0,0,14
03/29/2020,LNS,PA,AEA,EN,Federal Contract Tower,0,7,6,0,13,0,0,0,0,0,0,7,6,0,13,0,0,0,13
03/30/2020,LNS,PA,AEA,EN,Federal Contract Tower,0,13,20,0,33,0,0,18,0,18,0,13,38,0,51,10,0,10,61
03/31/2020,LNS,PA,AEA,EN,Federal Contract Tower,0,14,7,1,22,0,0,5,2,7,0,14,12,3,29,16,0,16,45
04/01/2020,LNS,PA,AEA,EN,Federal Contract Tower,0,12,8,3,23,0,0,38,5,43,0,12,46,8,66,4,2,6,72
04/02/2020,LNS,PA,AEA,EN,Federal Contract Tower,0,12,3,1,16,0,0,12,5,17,0,12,15,6,33,6,8,14,47
04/03/2020,LNS,PA,AEA,EN,Federal Contract Tower,0,11,12,0,23,0,0,4,2,6,0,11,16,2,29,0,0,0,29
04/05/2020,LNS,PA,AEA,EN,Federal Contract Tower,0,6,8,1,15,0,0,47,0,47,0,6,55,1,62,42,2,44,106
04/06/2020,LNS,PA,AEA,EN,Federal Contract Tower,0,11,9,0,20,0,0,53,0,53,0,11,62,0,73,20,0,20,93
04/07/2020,LNS,PA,AEA,EN,Federal Contract Tower,0,10,5,0,15,0,0,32,2,34,0,10,37,2,49,28,0,28,77
04/08/2020,LNS,PA,AEA,EN,Federal Contract Tower,0,11,8,6,25,0,0,25,0,25,0,11,33,6,50,4,0,4,54
04/09/2020,LNS,PA,AEA,EN,Federal Contract Tower,0,10,6,2,18,0,0,3,0,3,0,10,9,2,21,0,0,0,21
04/10/2020,LNS,PA,AEA,EN,Federal Contract Tower,0,7,5,0,12,0,0,0,2,2,0,7,5,2,14,0,4,4,18
04/11/2020,LNS,PA,AEA,EN,Federal Contract Tower,0,4,15,0,19,0,0,64,0,64,0,4,79,0,83,74,0,74,157
04/12/2020,LNS,PA,AEA,EN,Federal Contract Tower,0,9,4,0,13,0,0,38,0,38,0,9,42,0,51,12,0,12,63
04/13/2020,LNS,PA,AEA,EN,Federal Contract Tower,0,9,2,0,11,0,0,2,0,2,0,9,4,0,13,0,0,0,13
04/14/2020,LNS,PA,AEA,EN,Federal Contract Tower,0,10,19,6,35,0,0,47,0,47,0,10,66,6,82,38,6,44,126
04/15/2020,LNS,PA,AEA,EN,Federal Contract Tower,0,15,5,6,26,0,0,53,0,53,0,15,58,6,79,36,6,42,121
04/16/2020,LNS,PA,AEA,EN,Federal Contract Tower,0,10,29,7,46,0,0,30,6,36,0,10,59,13,82,0,6,6,88
04/17/2020,LNS,PA,AEA,EN,Federal Contract Tower,0,12,11,0,23,0,0,23,4,27,0,12,34,4,50,12,0,12,62
04/18/2020,LNS,PA,AEA,EN,Federal Contract Tower,0,8,6,0,14,0,0,9,0,9,0,8,15,0,23,2,0,2,25
04/19/2020,LNS,PA,AEA,EN,Federal Contract Tower,0,6,22,0,28,0,2,74,0,76,0,8,96,0,104,66,0,66,170
04/20/2020,LNS,PA,AEA,EN,Federal Contract Tower,0,11,13,0,24,0,0,50,0,50,0,11,63,0,74,12,0,12,86
04/21/2020,LNS,PA,AEA,EN,Federal Contract Tower,0,10,11,0,21,0,0,6,0,6,0,10,17,0,27,0,0,0,27
04/22/2020,LNS,PA,AEA,EN,Federal Contract Tower,0,11,4,0,15,0,0,34,2,36,0,11,38,2,51,40,2,42,93
04/23/2020,LNS,PA,AEA,EN,Federal Contract Tower,0,15,19,5,39,0,0,41,0,41,0,15,60,5,80,60,12,72,152
04/24/2020,LNS,PA,AEA,EN,Federal Contract Tower,0,9,21,0,30,0,0,2,2,4,0,9,23,2,34,4,0,4,38
04/25/2020,LNS,PA,AEA,EN,Federal Contract Tower,0,8,21,0,29,0,4,67,0,71,0,12,88,0,100,80,0,80,180
04/26/2020,LNS,PA,AEA,EN,Federal Contract Tower,0,6,9,0,15,0,0,0,0,0,0,6,9,0,15,0,0,0,15
04/27/2020,LNS,PA,AEA,EN,Federal Contract Tower,0,10,8,2,20,0,0,25,2,27,0,10,33,4,47,24,6,30,77
04/28/2020,LNS,PA,AEA,EN,Federal Contract Tower,0,10,24,0,34,0,0,97,0,97,0,10,121,0,131,60,0,60,191
04/29/2020,LNS,PA,AEA,EN,Federal Contract Tower,0,14,21,9,44,0,0,20,2,22,0,14,41,11,66,32,12,44,110
04/30/2020,LNS,PA,AEA,EN,Federal Contract Tower,0,8,6,0,14,0,0,0,0,0,0,8,6,0,14,0,0,0,14
05/01/2020,LNS,PA,AEA,EN,Federal Contract Tower,0,11,10,2,23,0,0,22,2,24,0,11,32,4,47,14,2,16,63
05/02/2020,LNS,PA,AEA,EN,Federal Contract Tower,0,9,27,2,38,0,0,107,4,111,0,9,134,6,149,72,2,74,223
05/03/2020,LNS,PA,AEA,EN,Federal Contract Tower,0,6,13,0,19,0,0,51,0,51,0,6,64,0,70,18,0,18,88
05/04/2020,LNS,PA,AEA,EN,Federal Contract Tower,0,11,12,0,23,0,1,25,0,26,0,12,37,0,49,10,0,10,59
05/05/2020,LNS,PA,AEA,EN,Federal Contract Tower,0,11,33,0,44,0,4,97,0,101,0,15,130,0,145,62,0,62,207
05/06/2020,LNS,PA,AEA,EN,Federal Contract Tower,0,15,22,1,38,0,0,8,0,8,0,15,30,1,46,20,2,22,68
05/07/2020,LNS,PA,AEA,EN,Federal Contract Tower,0,12,17,1,30,0,2,66,5,73,0,14,83,6,103,72,14,86,189
05/08/2020,LNS,PA,AEA,EN,Federal Contract Tower,0,16,16,0,32,0,0,18,0,18,0,16,34,0,50,6,0,6,56
05/09/2020,LNS,PA,AEA,EN,Federal Contract Tower,0,6,6,0,12,0,0,4,0,4,0,6,10,0,16,6,0,6,22
05/10/2020,LNS,PA,AEA,EN,Federal Contract Tower,3,6,0,0,9,0,0,25,0,25,3,6,25,0,34,18,0,18,52
05/11/2020,LNS,PA,AEA,EN,Federal Contract Tower,0,14,15,0,29,0,0,10,0,10,0,14,25,0,39,6,0,6,45
05/12/2020,LNS,PA,AEA,EN,Federal Contract Tower,0,11,15,1,27,0,1,44,2,47,0,12,59,3,74,24,2,26,100
05/13/2020,LNS,PA,AEA,EN,Federal Contract Tower,0,15,51,1,67,0,0,102,2,104,0,15,153,3,171,132,12,144,315
05/14/2020,LNS,PA,AEA,EN,Federal Contract Tower,0,12,17,5,34,0,0,80,2,82,0,12,97,7,116,76,8,84,200
05/15/2020,LNS,PA,AEA,EN,Federal Contract Tower,0,10,26,1,37,0,0,57,0,57,0,10,83,1,94,64,0,64,158
05/17/2020,LNS,PA,AEA,EN,Federal Contract Tower,0,7,22,0,29,0,0,49,0,49,0,7,71,0,78,74,0,74,152
05/18/2020,LNS,PA,AEA,EN,Federal Contract Tower,0,11,18,12,41,0,0,63,12,75,0,11,81,24,116,52,2,54,170
05/19/2020,LNS,PA,AEA,EN,Federal Contract Tower,0,11,14,5,30,0,0,37,4,41,0,11,51,9,71,46,12,58,129
05/20/2020,LNS,PA,AEA,EN,Federal Contract Tower,0,14,17,2,33,0,0,65,3,68,0,14,82,5,101,50,40,90,191
05/21/2020,LNS,PA,AEA,EN,Federal Contract Tower,0,13,53,15,81,0,0,108,0,108,0,13,161,15,189,174,32,206,395
05/22/2020,LNS,PA,AEA,EN,Federal Contract Tower,0,16,47,0,63,0,0,2,0,2,0,16,49,0,65,22,0,22,87
05/23/2020,LNS,PA,AEA,EN,Federal Contract Tower,0,8,19,0,27,0,0,38,0,38,0,8,57,0,65,68,0,68,133
05/24/2020,LNS,PA,AEA,EN,Federal Contract Tower,0,7,14,0,21,0,0,34,0,34,0,7,48,0,55,34,0,34,89
05/25/2020,LNS,PA,AEA,EN,Federal Contract Tower,0,18,54,0,72,0,0,67,0,67,0,18,121,0,139,116,0,116,255
05/26/2020,LNS,PA,AEA,EN,Federal Contract Tower,0,14,44,6,64,0,0,139,4,143,0,14,183,10,207,110,2,112,319
05/27/2020,LNS,PA,AEA,EN,Federal Contract Tower,0,12,35,14,61,0,1,35,2,38,0,13,70,16,99,64,34,98,197
05/28/2020,LNS,PA,AEA,EN,Federal Contract Tower,0,14,27,5,46,0,0,6,3,9,0,14,33,8,55,30,26,56,111
05/29/2020,LNS,PA,AEA,EN,Federal Contract Tower,0,11,23,0,34,0,0,29,0,29,0,11,52,0,63,40,0,40,103
05/30/2020,LNS,PA,AEA,EN,Federal Contract Tower,0,5,20,0,25,0,0,122,0,122,0,5,142,0,147,88,0,88,235
05/31/2020,LNS,PA,AEA,EN,Federal Contract Tower,0,8,14,0,22,0,0,72,0,72,0,8,86,0,94,60,0,60,154
06/01/2020,LNS,PA,AEA,EN,Federal Contract Tower,0,11,29,0,40,0,0,85,2,87,0,11,114,2,127,80,0,80,207
06/02/2020,LNS,PA,AEA,EN,Federal Contract Tower,0,10,24,1,35,0,4,97,0,101,0,14,121,1,136,106,2,108,244
06/03/2020,LNS,PA,AEA,EN,Federal Contract Tower,0,17,8,0,25,0,0,33,0,33,0,17,41,0,58,16,0,16,74
06/05/2020,LNS,PA,AEA,EN,Federal Contract Tower,0,14,42,0,56,0,0,18,0,18,0,14,60,0,74,58,0,58,132
06/06/2020,LNS,PA,AEA,EN,Federal Contract Tower,0,9,34,0,43,0,0,53,0,53,0,9,87,0,96,42,0,42,138
06/07/2020,LNS,PA,AEA,EN,Federal Contract Tower,0,7,22,0,29,0,0,95,0,95,0,7,117,0,124,84,0,84,208
06/08/2020,LNS,PA,AEA,EN,Federal Contract Tower,0,17,38,0,55,0,6,154,0,160,0,23,192,0,215,98,0,98,313
06/09/2020,LNS,PA,AEA,EN,Federal Contract Tower,0,16,20,4,40,0,0,150,3,153,0,16,170,7,193,124,8,132,325
06/10/2020,LNS,PA,AEA,EN,Federal Contract Tower,0,13,14,2,29,0,0,68,0,68,0,13,82,2,97,46,4,50,147
06/11/2020,LNS,PA,AEA,EN,Federal Contract Tower,0,14,15,0,29,0,0,47,0,47,0,14,62,0,76,68,0,68,144
06/12/2020,LNS,PA,AEA,EN,Federal Contract Tower,0,14,48,2,64,0,0,128,1,129,0,14,176,3,193,122,4,126,319
06/13/2020,LNS,PA,AEA,EN,Federal Contract Tower,0,9,23,0,32,0,0,155,0,155,0,9,178,0,187,64,0,64,251
06/14/2020,LNS,PA,AEA,EN,Federal Contract Tower,0,9,22,0,31,0,0,101,0,101,0,9,123,0,132,92,0,92,224
06/15/2020,LNS,PA,AEA,EN,Federal Contract Tower,0,11,39,4,54,0,0,105,0,105,0,11,144,4,159,100,14,114,273
06/16/2020,LNS,PA,AEA,EN,Federal Contract Tower,0,13,39,4,56,0,3,126,0,129,0,16,165,4,185,102,6,108,293
06/17/2020,LNS,PA,AEA,EN,Federal Contract Tower,0,17,32,10,59,0,0,96,0,96,0,17,128,10,155,132,42,174,329
06/18/2020,LNS,PA,AEA,EN,Federal Contract Tower,0,16,23,1,40,0,1,28,0,29,0,17,51,1,69,58,2,60,129
06/19/2020,LNS,PA,AEA,EN,Federal Contract Tower,0,18,36,0,54,0,0,46,0,46,0,18,82,0,100,106,0,106,206
06/20/2020,LNS,PA,AEA,EN,Federal Contract Tower,0,7,30,0,37,0,0,26,1,27,0,7,56,1,64,54,2,56,120
06/21/2020,LNS,PA,AEA,EN,Federal Contract Tower,0,12,15,0,27,0,0,52,0,52,0,12,67,0,79,56,0,56,135
06/22/2020,LNS,PA,AEA,EN,Federal Contract Tower,0,15,28,1,44,0,1,78,0,79,0,16,106,1,123,68,2,70,193
06/23/2020,LNS,PA,AEA,EN,Federal Contract Tower,0,15,21,4,40,0,1,47,5,53,0,16,68,9,93,84,8,92,185
06/24/2020,LNS,PA,AEA,EN,Federal Contract Tower,0,18,30,3,51,0,1,140,0,141,0,19,170,3,192,152,8,160,352
06/25/2020,LNS,PA,AEA,EN,Federal Contract Tower,0,12,31,7,50,0,1,80,5,86,0,13,111,12,136,102,36,138,274
06/26/2020,LNS,PA,AEA,EN,Federal Contract Tower,0,16,41,0,57,0,0,146,0,146,0,16,187,0,203,116,0,116,319
06/27/2020,LNS,PA,AEA,EN,Federal Contract Tower,0,6,21,0,27,0,0,29,0,29,0,6,50,0,56,26,0,26,82
06/28/2020,LNS,PA,AEA,EN,Federal Contract Tower,0,6,14,0,20,0,0,73,0,73,0,6,87,0,93,78,0,78,171
06/29/2020,LNS,PA,AEA,EN,Federal Contract Tower,0,14,42,0,56,0,0,120,0,120,0,14,162,0,176,88,0,88,264
06/30/2020,LNS,PA,AEA,EN,Federal Contract Tower,0,15,36,2,53,0,0,156,5,161,0,15,192,7,214,128,16,144,358
07/01/2020,LNS,PA,AEA,EN,Federal Contract Tower,0,13,24,2,39,0,0,153,0,153,0,13,177,2,192,168,0,168,360
07/02/2020,LNS,PA,AEA,EN,Federal Contract Tower,0,12,37,2,51,0,2,126,0,128,0,14,163,2,179,138,4,142,321
07/03/2020,LNS,PA,AEA,EN,Federal Contract Tower,0,19,11,0,30,0,3,119,0,122,0,22,130,0,152,154,0,154,306
07/04/2020,LNS,PA,AEA,EN,Federal Contract Tower,0,6,11,0,17,0,0,81,0,81,0,6,92,0,98,42,0,42,140
07/05/2020,LNS,PA,AEA,EN,Federal Contract Tower,0,14,20,0,34,0,2,77,0,79,0,16,97,0,113,58,0,58,171
07/06/2020,LNS,PA,AEA,EN,Federal Contract Tower,0,13,24,0,37,0,2,71,0,73,0,15,95,0,110,48,0,48,158
07/07/2020,LNS,PA,AEA,EN,Federal Contract Tower,0,15,53,4,72,0,0,50,2,52,0,15,103,6,124,138,0,138,262
07/08/2020,LNS,PA,AEA,EN,Federal Contract Tower,0,20,29,0,49,0,0,25,0,25,0,20,54,0,74,60,0,60,134
07/09/2020,LNS,PA,AEA,EN,Federal Contract Tower,0,16,51,1,68,0,4,80,4,88,0,20,131,5,156,110,0,110,266
07/10/2020,LNS,PA,AEA,EN,Federal Contract Tower,0,18,18,0,36,0,0,3,0,3,0,18,21,0,39,10,0,10,49
07/11/2020,LNS,PA,AEA,EN,Federal Contract Tower,0,11,41,0,52,0,1,78,0,79,0,12,119,0,131,196,0,196,327
07/12/2020,LNS,PA,AEA,EN,Federal Contract Tower,0,7,18,0,25,0,4,82,0,86,0,11,100,0,111,64,0,64,175
07/13/2020,LNS,PA,AEA,EN,Federal Contract Tower,0,15,12,1,28,0,0,103,1,104,0,15,115,2,132,54,0,54,186
07/14/2020,LNS,PA,AEA,EN,Federal Contract Tower,0,17,23,0,40,0,7,171,0,178,0,24,194,0,218,126,0,126,344
07/15/2020,LNS,PA,AEA,EN,Federal Contract Tower,0,22,34,4,60,0,2,166,0,168,0,24,200,4,228,122,10,132,360
07/16/2020,LNS,PA,AEA,EN,Federal Contract Tower,0,21,37,0,58,0,0,71,2,73,0,21,108,2,131,106,0,106,237
07/17/2020,LNS,PA,AEA,EN,Federal Contract Tower,0,14,48,0,62,0,0,86,0,86,0,14,134,0,148,106,0,106,254
07/18/2020,LNS,PA,AEA,EN,Federal Contract Tower,0,17,37,0,54,0,0,121,0,121,0,17,158,0,175,106,0,106,281
07/19/2020,LNS,PA,AEA,EN,Federal Contract Tower,0,7,21,0,28,0,0,87,0,87,0,7,108,0,115,104,0,104,219
07/20/2020,LNS,PA,AEA,EN,Federal Contract Tower,0,11,23,0,34,0,0,104,0,104,0,11,127,0,138,58,0,58,196
07/21/2020,LNS,PA,AEA,EN,Federal Contract Tower,0,13,23,0,36,0,2,97,2,101,0,15,120,2,137,152,0,152,289
07/22/2020,LNS,PA,AEA,EN,Federal Contract Tower,0,10,25,0,35,0,0,71,2,73,0,10,96,2,108,64,2,66,174
07/23/2020,LNS,PA,AEA,EN,Federal Contract Tower,0,9,18,2,29,0,2,54,0,56,0,11,72,2,85,40,0,40,125
07/24/2020,LNS,PA,AEA,EN,Federal Contract Tower,0,16,57,0,73,0,0,33,0,33,0,16,90,0,106,152,0,152,258
07/25/2020,LNS,PA,AEA,EN,Federal Contract Tower,0,9,49,0,58,0,1,71,0,72,0,10,120,0,130,104,0,104,234
07/27/2020,LNS,PA,AEA,EN,Federal Contract Tower,0,11,30,0,41,0,1,106,1,108,0,12,136,1,149,84,8,92,241
07/28/2020,LNS,PA,AEA,EN,Federal Contract Tower,0,11,39,5,55,0,0,108,3,111,0,11,147,8,166,150,20,170,336
07/29/2020,LNS,PA,AEA,EN,Federal Contract Tower,0,13,26,4,43,0,0,182,3,185,0,13,208,7,228,118,6,124,352
07/30/2020,LNS,PA,AEA,EN,Federal Contract Tower,0,14,37,6,57,0,4,132,4,140,0,18,169,10,197,92,10,102,299
07/31/2020,LNS,PA,AEA,EN,Federal Contract Tower,0,17,44,0,61,0,0,66,0,66,0,17,110,0,127,134,0,134,261
08/01/2020,LNS,PA,AEA,EN,Federal Contract Tower,0,6,11,0,17,0,0,117,0,117,0,6,128,0,134,90,0,90,224
08/02/2020,LNS,PA,AEA,EN,Federal Contract Tower,0,9,30,0,39,0,0,30,0,30,0,9,60,0,69,74,0,74,143
08/03/2020,LNS,PA,AEA,EN,Federal Contract Tower,0,13,24,3,40,0,2,52,1,55,0,15,76,4,95,106,8,114,209
08/04/2020,LNS,PA,AEA,EN,Federal Contract Tower,0,11,4,0,15,0,0,3,0,3,0,11,7,0,18,0,0,0,18
08/05/2020,LNS,PA,AEA,EN,Federal Contract Tower,0,12,26,0,38,0,0,160,4,164,0,12,186,4,202,112,4,116,318
08/06/2020,LNS,PA,AEA,EN,Federal Contract Tower,0,14,40,1,55,0,1,60,0,61,0,15,100,1,116,134,2,136,252
08/07/2020,LNS,PA,AEA,EN,Federal Contract Tower,0,15,38,0,53,0,0,6,0,6,0,15,44,0,59,34,0,34,93
08/08/2020,LNS,PA,AEA,EN,Federal Contract Tower,0,7,40,0,47,0,0,118,0,118,0,7,158,0,165,128,0,128,293
08/09/2020,LNS,PA,AEA,EN,Federal Contract Tower,0,11,23,0,34,0,2,118,4,124,0,13,141,4,158,108,0,108,266
08/10/2020,LNS,PA,AEA,EN,Federal Contract Tower,0,11,38,2,51,0,3,158,1,162,0,14,196,3,213,144,4,148,361
08/11/2020,LNS,PA,AEA,EN,Federal Contract Tower,0,14,44,2,60,0,0,70,1,71,0,14,114,3,131,94,10,104,235
08/12/2020,LNS,PA,AEA,EN,Federal Contract Tower,0,13,20,4,37,0,0,99,0,99,0,13,119,4,136,90,22,112,248
08/13/2020,LNS,PA,AEA,EN,Federal Contract Tower,0,11,34,2,47,0,0,65,8,73,0,11,99,10,120,110,0,110,230
08/14/2020,LNS,PA,AEA,EN,Federal Contract Tower,0,14,43,2,59,0,0,93,0,93,0,14,136,2,152,122,0,122,274
08/15/2020,LNS,PA,AEA,EN,Federal Contract Tower,0,11,32,0,43,0,0,116,0,116,0,11,148,0,159,110,0,110,269
08/16/2020,LNS,PA,AEA,EN,Federal Contract Tower,0,10,31,0,41,0,0,17,0,17,0,10,48,0,58,80,0,80,138
08/17/2020,LNS,PA,AEA,EN,Federal Contract Tower,0,15,39,0,54,0,0,58,0,58,0,15,97,0,112,96,0,96,208
08/18/2020,LNS,PA,AEA,EN,Federal Contract Tower,0,13,58,0,71,0,1,186,1,188,0,14,244,1,259,126,12,138,397
08/19/2020,LNS,PA,AEA,EN,Federal Contract Tower,0,13,27,2,42,0,0,116,2,118,0,13,143,4,160,146,4,150,310
08/20/2020,LNS,PA,AEA,EN,Federal Contract Tower,0,13,42,13,68,0,0,185,2,187,0,13,227,15,255,112,14,126,381
08/21/2020,LNS,PA,AEA,EN,Federal Contract Tower,0,15,30,4,49,0,1,143,0,144,0,16,173,4,193,150,4,154,347
08/22/2020,LNS,PA,AEA,EN,Federal Contract Tower,0,8,29,0,37,0,1,108,0,109,0,9,137,0,146,84,0,84,230
08/23/2020,LNS,PA,AEA,EN,Federal Contract Tower,0,13,32,0,45,0,0,32,0,32,0,13,64,0,77,26,0,26,103
08/24/2020,LNS,PA,AEA,EN,Federal Contract Tower,0,19,31,3,53,0,1,68,0,69,0,20,99,3,122,64,8,72,194
08/25/2020,LNS,PA,AEA,EN,Federal Contract Tower,0,19,27,5,51,0,2,72,0,74,0,21,99,5,125,64,14,78,203
08/26/2020,LNS,PA,AEA,EN,Federal Contract Tower,0,26,43,2,71,0,0,148,0,148,0,26,191,2,219,110,2,112,331
08/27/2020,LNS,PA,AEA,EN,Federal Contract Tower,0,18,13,0,31,0,1,63,0,64,0,19,76,0,95,76,0,76,171
08/28/2020,LNS,PA,AEA,EN,Federal Contract Tower,0,14,25,0,39,0,0,82,0,82,0,14,107,0,121,146,0,146,267
08/29/2020,LNS,PA,AEA,EN,Federal Contract Tower,0,16,13,0,29,0,0,10,0,10,0,16,23,0,39,56,0,56,95
08/30/2020,LNS,PA,AEA,EN,Federal Contract Tower,0,22,38,0,60,0,0,138,0,138,0,22,176,0,198,108,0,108,306
08/31/2020,LNS,PA,AEA,EN,Federal Contract Tower,0,19,32,0,51,0,0,72,0,72,0,19,104,0,123,103,0,103,226
09/01/2020,LNS,PA,AEA,EN,Federal Contract Tower,0,11,40,5,56,0,0,42,1,43,0,11,82,6,99,100,4,104,203
09/02/2020,LNS,PA,AEA,EN,Federal Contract Tower,0,14,25,1,40,0,0,25,0,25,0,14,50,1,65,42,2,44,109
09/03/2020,LNS,PA,AEA,EN,Federal Contract Tower,0,16,32,1,49,0,0,80,0,80,0,16,112,1,129,78,4,82,211
09/04/2020,LNS,PA,AEA,EN,Federal Contract Tower,0,10,51,0,61,0,1,134,0,135,0,11,185,0,196,72,0,72,268
09/05/2020,LNS,PA,AEA,EN,Federal Contract Tower,0,5,26,0,31,0,2,204,0,206,0,7,230,0,237,126,0,126,363
09/06/2020,LNS,PA,AEA,EN,Federal Contract Tower,0,7,28,0,35,0,0,122,0,122,0,7,150,0,157,64,0,64,221
09/07/2020,LNS,PA,AEA,EN,Federal Contract Tower,0,18,29,0,47,0,1,117,0,118,0,19,146,0,165,82,0,82,247
09/08/2020,LNS,PA,AEA,EN,Federal Contract Tower,0,13,65,4,82,0,0,111,2,113,0,13,176,6,195,98,6,104,299
09/09/2020,LNS,PA,AEA,EN,Federal Contract Tower,0,16,19,5,40,0,0,76,0,76,0,16,95,5,116,164,10,174,290
09/10/2020,LNS,PA,AEA,EN,Federal Contract Tower,0,28,30,5,63,0,0,6,0,6,0,28,36,5,69,32,14,46,115
09/11/2020,LNS,PA,AEA,EN,Federal Contract Tower,0,25,51,4,80,0,0,101,0,101,0,25,152,4,181,154,6,160,341
09/12/2020,LNS,PA,AEA,EN,Federal Contract Tower,0,10,41,0,51,0,0,92,0,92,0,10,133,0,143,130,0,130,273
09/13/2020,LNS,PA,AEA,EN,Federal Contract Tower,0,12,21,0,33,0,0,50,0,50,0,12,71,0,83,114,0,114,197
09/14/2020,LNS,PA,AEA,EN,Federal Contract Tower,0,16,23,3,42,0,0,110,0,110,0,16,133,3,152,82,6,88,240
09/15/2020,LNS,PA,AEA,EN,Federal Contract Tower,0,24,22,6,52,0,1,127,1,129,0,25,149,7,181,146,10,156,337
09/16/2020,LNS,PA,AEA,EN,Federal Contract Tower,0,21,24,0,45,0,0,168,0,168,0,21,192,0,213,128,0,128,341
09/17/2020,LNS,PA,AEA,EN,Federal Contract Tower,0,11,28,2,41,0,0,117,0,117,0,11,145,2,158,100,2,102,260
09/18/2020,LNS,PA,AEA,EN,Federal Contract Tower,0,13,22,0,35,0,2,109,0,111,0,15,131,0,146,106,0,106,252
09/19/2020,LNS,PA,AEA,EN,Federal Contract Tower,0,7,26,0,33,0,0,139,0,139,0,7,165,0,172,86,0,86,258
09/20/2020,LNS,PA,AEA,EN,Federal Contract Tower,0,10,25,0,35,0,1,138,0,139,0,11,163,0,174,48,0,48,222
09/21/2020,LNS,PA,AEA,EN,Federal Contract Tower,0,15,17,0,32,0,0,144,0,144,0,15,161,0,176,152,0,152,328
09/22/2020,LNS,PA,AEA,EN,Federal Contract Tower,0,13,36,10,59,0,1,131,2,134,0,14,167,12,193,172,22,194,387
09/23/2020,LNS,PA,AEA,EN,Federal Contract Tower,0,14,23,2,39,0,1,139,0,140,0,15,162,2,179,52,0,52,231
09/24/2020,LNS,PA,AEA,EN,Federal Contract Tower,0,17,33,3,53,0,0,124,5,129,0,17,157,8,182,226,8,234,416
09/25/2020,LNS,PA,AEA,EN,Federal Contract Tower,0,18,44,0,62,0,2,128,0,130,0,20,172,0,192,110,0,110,302
09/26/2020,LNS,PA,AEA,EN,Federal Contract Tower,0,7,48,0,55,0,0,0,0,0,0,7,48,0,55,26,0,26,81
09/27/2020,LNS,PA,AEA,EN,Federal Contract Tower,0,13,54,0,67,0,0,31,0,31,0,13,85,0,98,86,0,86,184
09/28/2020,LNS,PA,AEA,EN,Federal Contract Tower,0,18,33,6,57,0,0,58,0,58,0,18,91,6,115,152,12,164,279
09/29/2020,LNS,PA,AEA,EN,Federal Contract Tower,0,15,19,0,34,0,0,20,0,20,0,15,39,0,54,104,2,106,160
09/30/2020,LNS,PA,AEA,EN,Federal Contract Tower,0,12,20,1,33,0,0,86,0,86,0,12,106,1,119,58,0,58,177
10/01/2020,LNS,PA,AEA,EN,Federal Contract Tower,0,14,43,0,57,0,1,128,2,131,0,15,171,2,188,216,0,216,404
10/02/2020,LNS,PA,AEA,EN,Federal Contract Tower,0,13,39,0,52,0,2,85,0,87,0,15,124,0,139,182,0,182,321
10/03/2020,LNS,PA,AEA,EN,Federal Contract Tower,0,4,16,0,20,0,1,188,0,189,0,5,204,0,209,108,0,108,317
10/04/2020,LNS,PA,AEA,EN,Federal Contract Tower,0,10,19,0,29,0,0,120,0,120,0,10,139,0,149,120,0,120,269
10/05/2020,LNS,PA,AEA,EN,Federal Contract Tower,0,12,25,0,37,0,0,89,0,89,0,12,114,0,126,214,0,214,340
10/06/2020,LNS,PA,AEA,EN,Federal Contract Tower,0,11,16,0,27,0,0,104,0,104,0,11,120,0,131,102,0,102,233
10/07/2020,LNS,PA,AEA,EN,Federal Contract Tower,0,18,4,0,22,0,0,62,0,62,0,18,66,0,84,72,2,74,158
10/08/2020,LNS,PA,AEA,EN,Federal Contract Tower,0,16,28,5,49,0,6,105,0,111,0,22,133,5,160,144,2,146,306
10/09/2020,LNS,PA,AEA,EN,Federal Contract Tower,0,12,35,0,47,0,0,197,0,197,0,12,232,0,244,166,0,166,410
10/10/2020,LNS,PA,AEA,EN,Federal Contract Tower,0,7,26,0,33,0,0,157,0,157,0,7,183,0,190,190,0,190,380
10/11/2020,LNS,PA,AEA,EN,Federal Contract Tower,0,6,18,0,24,0,0,16,0,16,0,6,34,0,40,50,0,50,90
10/12/2020,LNS,PA,AEA,EN,Federal Contract Tower,0,15,22,0,37,0,0,0,0,0,0,15,22,0,37,0,0,0,37
10/13/2020,LNS,PA,AEA,EN,Federal Contract Tower,0,20,23,4,47,0,0,11,1,12,0,20,34,5,59,40,10,50,109
10/14/2020,LNS,PA,AEA,EN,Federal Contract Tower,0,15,35,0,50,0,1,178,0,179,0,16,213,0,229,128,0,128,357
10/15/2020,LNS,PA,AEA,EN,Federal Contract Tower,0,13,42,5,60,0,0,121,4,125,0,13,163,9,185,118,16,134,319
10/16/2020,LNS,PA,AEA,EN,Federal Contract Tower,0,13,36,2,51,0,0,50,2,52,0,13,86,4,103,78,14,92,195
10/17/2020,LNS,PA,AEA,EN,Federal Contract Tower,0,6,28,0,34,0,0,154,4,158,0,6,182,4,192,140,0,140,332
10/18/2020,LNS,PA,AEA,EN,Federal Contract Tower,0,12,19,0,31,0,2,131,0,133,0,14,150,0,164,78,0,78,242
10/19/2020,LNS,PA,AEA,EN,Federal Contract Tower,0,16,33,0,49,0,1,58,0,59,0,17,91,0,108,174,0,174,282
10/20/2020,LNS,PA,AEA,EN,Federal Contract Tower,0,14,40,13,67,0,2,74,1,77,0,16,114,14,144,74,4,78,222
10/21/2020,LNS,PA,AEA,EN,Federal Contract Tower,0,18,27,2,47,0,0,35,0,35,0,18,62,2,82,52,16,68,150
10/22/2020,LNS,PA,AEA,EN,Federal Contract Tower,0,14,27,3,44,0,0,34,0,34,0,14,61,3,78,68,6,74,152
10/24/2020,LNS,PA,AEA,EN,Federal Contract Tower,0,9,38,0,47,0,0,44,0,44,0,9,82,0,91,52,0,52,143
10/25/2020,LNS,PA,AEA,EN,Federal Contract Tower,0,11,34,3,48,0,0,49,2,51,0,11,83,5,99,78,0,78,177
10/26/2020,LNS,PA,AEA,EN,Federal Contract Tower,0,12,9,3,24,0,0,0,0,0,0,12,9,3,24,0,0,0,24
10/27/2020,LNS,PA,AEA,EN,Federal Contract Tower,0,13,33,3,49,0,0,95,0,95,0,13,128,3,144,100,2,102,246
10/28/2020,LNS,PA,AEA,EN,Federal Contract Tower,0,18,37,8,63,0,0,32,3,35,0,18,69,11,98,86,6,92,190
10/29/2020,LNS,PA,AEA,EN,Federal Contract Tower,0,14,11,0,25,0,0,0,0,0,0,14,11,0,25,6,0,6,31
10/30/2020,LNS,PA,AEA,EN,Federal Contract Tower,0,13,24,0,37,0,0,36,0,36,0,13,60,0,73,108,0,108,181
10/31/2020,LNS,PA,AEA,EN,Federal Contract Tower,0,6,39,0,45,0,0,85,0,85,0,6,124,0,130,128,0,128,258
11/01/2020,LNS,PA,AEA,EN,Federal Contract Tower,0,9,20,0,29,0,0,10,0,10,0,9,30,0,39,26,0,26,65
11/02/2020,LNS,PA,AEA,EN,Federal Contract Tower,0,15,15,3,33,0,0,11,2,13,0,15,26,5,46,2,10,12,58
11/03/2020,LNS,PA,AEA,EN,Federal Contract Tower,0,12,11,2,25,0,1,58,2,61,0,13,69,4,86,36,4,40,126
11/04/2020,LNS,PA,AEA,EN,Federal Contract Tower,0,15,40,0,55,0,2,162,2,166,0,17,202,2,221,148,10,158,379
11/05/2020,LNS,PA,AEA,EN,Federal Contract Tower,0,13,26,2,41,0,0,136,0,136,0,13,162,2,177,198,0,198,375
11/06/2020,LNS,PA,AEA,EN,Federal Contract Tower,0,14,21,0,35,0,0,202,0,202,0,14,223,0,237,176,0,176,413
11/07/2020,LNS,PA,AEA,EN,Federal Contract Tower,0,5,27,0,32,0,0,186,4,190,0,5,213,4,222,160,0,160,382
11/08/2020,LNS,PA,AEA,EN,Federal Contract Tower,0,7,32,0,39,0,0,118,0,118,0,7,150,0,157,118,0,118,275
11/09/2020,LNS,PA,AEA,EN,Federal Contract Tower,0,14,34,0,48,0,1,138,0,139,0,15,172,0,187,140,0,140,327
11/10/2020,LNS,PA,AEA,EN,Federal Contract Tower,0,14,38,0,52,0,0,135,2,137,0,14,173,2,189,146,0,146,335
11/11/2020,LNS,PA,AEA,EN,Federal Contract Tower,0,14,20,0,34,0,0,3,0,3,0,14,23,0,37,34,0,34,71
11/12/2020,LNS,PA,AEA,EN,Federal Contract Tower,0,15,28,2,45,0,0,43,0,43,0,15,71,2,88,190,0,190,278
11/13/2020,LNS,PA,AEA,EN,Federal Contract Tower,0,15,48,0,63,0,0,105,0,105,0,15,153,0,168,110,0,110,278
11/14/2020,LNS,PA,AEA,EN,Federal Contract Tower,0,8,38,0,46,0,0,208,0,208,0,8,246,0,254,150,0,150,404
11/15/2020,LNS,PA,AEA,EN,Federal Contract Tower,0,7,12,0,19,0,0,23,0,23,0,7,35,0,42,18,0,18,60
11/16/2020,LNS,PA,AEA,EN,Federal Contract Tower,0,12,19,0,31,0,0,76,0,76,0,12,95,0,107,150,0,150,257
11/17/2020,LNS,PA,AEA,EN,Federal Contract Tower,0,18,30,0,48,0,1,53,4,58,0,19,83,4,106,74,0,74,180
11/18/2020,LNS,PA,AEA,EN,Federal Contract Tower,0,16,31,1,48,0,5,100,0,105,0,21,131,1,153,92,2,94,247
11/19/2020,LNS,PA,AEA,EN,Federal Contract Tower,0,21,20,3,44,0,1,130,0,131,0,22,150,3,175,78,4,82,257
11/20/2020,LNS,PA,AEA,EN,Federal Contract Tower,0,15,26,0,41,0,2,175,2,179,0,17,201,2,220,152,0,152,372
11/21/2020,LNS,PA,AEA,EN,Federal Contract Tower,0,7,28,0,35,0,0,200,0,200,0,7,228,0,235,152,0,152,387
11/22/2020,LNS,PA,AEA,EN,Federal Contract Tower,0,10,46,0,56,0,0,46,0,46,0,10,92,0,102,84,0,84,186
11/23/2020,LNS,PA,AEA,EN,Federal Contract Tower,0,13,16,2,31,0,0,28,0,28,0,13,44,2,59,42,6,48,107
11/24/2020,LNS,PA,AEA,EN,Federal Contract Tower,0,10,31,5,46,0,1,145,0,146,0,11,176,5,192,212,6,218,410
11/25/2020,LNS,PA,AEA,EN,Federal Contract Tower,0,18,21,1,40,0,4,96,0,100,0,22,117,1,140,166,2,168,308
11/26/2020,LNS,PA,AEA,EN,Federal Contract Tower,0,12,6,0,18,0,0,3,0,3,0,12,9,0,21,20,0,20,41
11/27/2020,LNS,PA,AEA,EN,Federal Contract Tower,0,14,40,0,54,0,2,119,0,121,0,16,159,0,175,186,0,186,361
11/28/2020,LNS,PA,AEA,EN,Federal Contract Tower,0,11,32,0,43,0,0,98,0,98,0,11,130,0,141,72,0,72,213
11/29/2020,LNS,PA,AEA,EN,Federal Contract Tower,0,11,23,0,34,0,0,154,0,154,0,11,177,0,188,86,0,86,274
11/30/2020,LNS,PA,AEA,EN,Federal Contract Tower,0,12,22,0,34,0,0,5,0,5,0,12,27,0,39,14,0,14,53
12/01/2020,LNS,PA,AEA,EN,Federal Contract Tower,0,10,17,3,30,0,0,26,0,26,0,10,43,3,56,62,2,64,120
12/02/2020,LNS,PA,AEA,EN,Federal Contract Tower,0,18,23,3,44,0,0,62,1,63,0,18,85,4,107,82,4,86,193
12/03/2020,LNS,PA,AEA,EN,Federal Contract Tower,0,16,29,1,46,0,0,163,2,165,0,16,192,3,211,166,4,170,381
12/04/2020,LNS,PA,AEA,EN,Federal Contract Tower,0,16,19,2,37,0,0,44,0,44,0,16,63,2,81,98,4,102,183
12/05/2020,LNS,PA,AEA,EN,Federal Contract Tower,0,9,9,0,18,0,0,32,0,32,0,9,41,0,50,124,0,124,174
12/06/2020,LNS,PA,AEA,EN,Federal Contract Tower,0,9,31,0,40,0,1,77,0,78,0,10,108,0,118,96,0,96,214
12/07/2020,LNS,PA,AEA,EN,Federal Contract Tower,0,16,16,3,35,0,0,118,2,120,0,16,134,5,155,136,6,142,297
12/08/2020,LNS,PA,AEA,EN,Federal Contract Tower,0,20,30,1,51,0,1,79,0,80,0,21,109,1,131,114,14,128,259
12/09/2020,LNS,PA,AEA,EN,Federal Contract Tower,0,14,18,0,32,0,0,70,0,70,0,14,88,0,102,88,0,88,190
12/10/2020,LNS,PA,AEA,EN,Federal Contract Tower,0,14,32,3,49,0,0,138,0,138,0,14,170,3,187,160,0,160,347
12/11/2020,LNS,PA,AEA,EN,Federal Contract Tower,0,15,40,1,56,0,0,177,0,177,0,15,217,1,233,102,2,104,337
12/12/2020,LNS,PA,AEA,EN,Federal Contract Tower,0,6,13,0,19,0,0,14,4,18,0,6,27,4,37,32,4,36,73
12/13/2020,LNS,PA,AEA,EN,Federal Contract Tower,0,12,24,0,36,0,3,109,0,112,0,15,133,0,148,106,0,106,254
12/14/2020,LNS,PA,AEA,EN,Federal Contract Tower,0,12,7,0,19,0,0,2,0,2,0,12,9,0,21,20,0,20,41
12/15/2020,LNS,PA,AEA,EN,Federal Contract Tower,0,17,42,1,60,0,0,120,0,120,0,17,162,1,180,134,2,136,316
12/16/2020,LNS,PA,AEA,EN,Federal Contract Tower,0,5,3,0,8,0,0,16,0,16,0,5,19,0,24,44,0,44,68
12/17/2020,LNS,PA,AEA,EN,Federal Contract Tower,0,7,7,0,14,0,0,16,2,18,0,7,23,2,32,28,0,28,60
12/18/2020,LNS,PA,AEA,EN,Federal Contract Tower,0,14,26,0,40,0,0,109,0,109,0,14,135,0,149,126,0,126,275
12/19/2020,LNS,PA,AEA,EN,Federal Contract Tower,0,7,31,0,38,0,3,123,0,126,0,10,154,0,164,106,0,106,270
12/20/2020,LNS,PA,AEA,EN,Federal Contract Tower,0,9,9,0,18,0,0,13,0,13,0,9,22,0,31,44,0,44,75
12/21/2020,LNS,PA,AEA,EN,Federal Contract Tower,0,8,12,0,20,0,0,0,0,0,0,8,12,0,20,0,0,0,20
12/22/2020,LNS,PA,AEA,EN,Federal Contract Tower,0,15,12,2,29,0,0,101,0,101,0,15,113,2,130,130,4,134,264
12/23/2020,LNS,PA,AEA,EN,Federal Contract Tower,0,10,40,0,50,0,0,167,0,167,0,10,207,0,217,180,0,180,397
12/24/2020,LNS,PA,AEA,EN,Federal Contract Tower,0,12,4,0,16,0,0,0,0,0,0,12,4,0,16,0,0,0,16
12/25/2020,LNS,PA,AEA,EN,Federal Contract Tower,0,11,1,0,12,0,0,2,0,2,0,11,3,0,14,0,0,0,14
12/26/2020,LNS,PA,AEA,EN,Federal Contract Tower,0,6,11,0,17,0,0,67,0,67,0,6,78,0,84,78,0,78,162
12/27/2020,LNS,PA,AEA,EN,Federal Contract Tower,0,11,21,0,32,0,2,155,0,157,0,13,176,0,189,60,0,60,249
12/28/2020,LNS,PA,AEA,EN,Federal Contract Tower,0,15,27,0,42,0,0,144,0,144,0,15,171,0,186,136,0,136,322
12/29/2020,LNS,PA,AEA,EN,Federal Contract Tower,0,17,18,1,36,0,0,60,0,60,0,17,78,1,96,66,2,68,164
12/30/2020,LNS,PA,AEA,EN,Federal Contract Tower,0,11,22,2,35,0,0,119,1,120,0,11,141,3,155,162,8,170,325
12/31/2020,LNS,PA,AEA,EN,Federal Contract Tower,0,12,15,0,27,0,0,38,0,38,0,12,53,0,65,80,0,80,145
01/01/2021,LNS,PA,AEA,EN,Federal Contract Tower,0,8,1,0,9,0,0,14,0,14,0,8,15,0,23,22,0,22,45
01/02/2021,LNS,PA,AEA,EN,Federal Contract Tower,0,6,22,0,28,0,0,77,0,77,0,6,99,0,105,140,0,140,245
01/03/2021,LNS,PA,AEA,EN,Federal Contract Tower,0,10,4,0,14,0,0,0,0,0,0,10,4,0,14,0,0,0,14
01/04/2021,LNS,PA,AEA,EN,Federal Contract Tower,0,11,13,0,24,0,1,76,0,77,0,12,89,0,101,150,0,150,251
01/05/2021,LNS,PA,AEA,EN,Federal Contract Tower,0,12,14,0,26,0,0,39,0,39,0,12,53,0,65,159,0,159,224
01/06/2021,LNS,PA,AEA,EN,Federal Contract Tower,0,15,24,1,40,0,0,71,0,71,0,15,95,1,111,102,2,104,215
01/07/2021,LNS,PA,AEA,EN,Federal Contract Tower,0,14,22,11,47,0,0,116,2,118,0,14,138,13,165,98,24,122,287
01/08/2021,LNS,PA,AEA,EN,Federal Contract Tower,0,13,36,3,52,0,0,139,4,143,0,13,175,7,195,140,0,140,335
01/09/2021,LNS,PA,AEA,EN,Federal Contract Tower,0,7,18,0,25,0,8,96,0,104,0,15,114,0,129,112,0,112,241
01/10/2021,LNS,PA,AEA,EN,Federal Contract Tower,0,10,41,0,51,0,3,198,0,201,0,13,239,0,252,156,0,156,408
01/11/2021,LNS,PA,AEA,EN,Federal Contract Tower,0,13,20,6,39,0,0,124,2,126,0,13,144,8,165,154,4,158,323
01/12/2021,LNS,PA,AEA,EN,Federal Contract Tower,0,12,30,2,44,0,0,104,3,107,0,12,134,5,151,174,18,192,343
01/13/2021,LNS,PA,AEA,EN,Federal Contract Tower,0,10,27,4,41,0,0,106,0,106,0,10,133,4,147,114,6,120,267
01/14/2021,LNS,PA,AEA,EN,Federal Contract Tower,0,15,52,3,70,0,0,133,4,137,0,15,185,7,207,186,6,192,399
01/15/2021,LNS,PA,AEA,EN,Federal Contract Tower,0,17,34,1,52,0,0,33,0,33,0,17,67,1,85,70,2,72,157
01/16/2021,LNS,PA,AEA,EN,Federal Contract Tower,0,7,27,2,36,0,0,62,0,62,0,7,89,2,98,158,4,162,260
01/17/2021,LNS,PA,AEA,EN,Federal Contract Tower,0,6,23,0,29,0,0,65,0,65,0,6,88,0,94,62,0,62,156
01/18/2021,LNS,PA,AEA,EN,Federal Contract Tower,0,15,23,0,38,0,1,109,0,110,0,16,132,0,148,72,0,72,220
01/19/2021,LNS,PA,AEA,EN,Federal Contract Tower,0,11,38,1,50,0,0,83,0,83,0,11,121,1,133,126,2,128,261
01/20/2021,LNS,PA,AEA,EN,Federal Contract Tower,0,15,15,1,31,0,1,29,4,34,0,16,44,5,65,28,2,30,95
01/21/2021,LNS,PA,AEA,EN,Federal Contract Tower,0,17,27,5,49,0,1,114,0,115,0,18,141,5,164,154,10,164,328
01/22/2021,LNS,PA,AEA,EN,Federal Contract Tower,0,17,29,3,49,0,0,81,0,81,0,17,110,3,130,132,4,136,266
01/23/2021,LNS,PA,AEA,EN,Federal Contract Tower,0,9,11,0,20,0,0,34,2,36,0,9,45,2,56,38,0,38,94
01/24/2021,LNS,PA,AEA,EN,Federal Contract Tower,0,12,29,0,41,0,0,162,0,162,0,12,191,0,203,162,0,162,365
01/25/2021,LNS,PA,AEA,EN,Federal Contract Tower,0,13,23,3,39,0,0,96,1,97,0,13,119,4,136,136,18,154,290
01/26/2021,LNS,PA,AEA,EN,Federal Contract Tower,0,8,5,0,13,0,0,0,0,0,0,8,5,0,13,2,0,2,15
01/27/2021,LNS,PA,AEA,EN,Federal Contract Tower,0,19,39,1,59,0,0,69,0,69,0,19,108,1,128,122,2,124,252
01/28/2021,LNS,PA,AEA,EN,Federal Contract Tower,0,12,8,2,22,0,2,35,3,40,0,14,43,5,62,34,0,34,96
01/29/2021,LNS,PA,AEA,EN,Federal Contract Tower,0,18,16,0,34,0,0,25,0,25,0,18,41,0,59,44,0,44,103
01/30/2021,LNS,PA,AEA,EN,Federal Contract Tower,0,25,57,0,82,0,6,249,0,255,0,31,306,0,337,180,0,180,517
01/31/2021,LNS,PA,AEA,EN,Federal Contract Tower,0,7,6,0,13,0,0,1,0,1,0,7,7,0,14,8,0,8,22
02/01/2021,LNS,PA,AEA,EN,Federal Contract Tower,0,0,0,0,0,0,0,0,0,0,0,0,0,0,0,0,0,0,0
02/02/2021,LNS,PA,AEA,EN,Federal Contract Tower,0,6,4,0,10,0,0,0,0,0,0,6,4,0,10,4,0,4,14
02/03/2021,LNS,PA,AEA,EN,Federal Contract Tower,0,14,15,3,32,0,0,29,9,38,0,14,44,12,70,40,10,50,120
02/04/2021,LNS,PA,AEA,EN,Federal Contract Tower,0,18,34,2,54,0,0,155,2,157,0,18,189,4,211,116,6,122,333
02/05/2021,LNS,PA,AEA,EN,Federal Contract Tower,0,14,27,1,42,0,1,65,0,66,0,15,92,1,108,142,2,144,252
02/06/2021,LNS,PA,AEA,EN,Federal Contract Tower,0,7,25,0,32,0,0,103,0,103,0,7,128,0,135,82,2,84,219
02/07/2021,LNS,PA,AEA,EN,Federal Contract Tower,0,7,3,0,10,0,0,2,0,2,0,7,5,0,12,0,0,0,12
02/08/2021,LNS,PA,AEA,EN,Federal Contract Tower,0,12,46,3,61,0,0,141,0,141,0,12,187,3,202,230,4,234,436
02/09/2021,LNS,PA,AEA,EN,Federal Contract Tower,0,20,18,1,39,0,1,31,3,35,0,21,49,4,74,84,16,100,174
02/10/2021,LNS,PA,AEA,EN,Federal Contract Tower,0,18,34,9,61,0,2,104,3,109,0,20,138,12,170,92,12,104,274
02/11/2021,LNS,PA,AEA,EN,Federal Contract Tower,0,14,15,0,29,0,0,12,0,12,0,14,27,0,41,82,0,82,123
02/12/2021,LNS,PA,AEA,EN,Federal Contract Tower,0,15,25,0,40,0,0,90,0,90,0,15,115,0,130,176,0,176,306
02/13/2021,LNS,PA,AEA,EN,Federal Contract Tower,0,5,12,0,17,0,0,34,0,34,0,5,46,0,51,48,0,48,99
02/14/2021,LNS,PA,AEA,EN,Federal Contract Tower,0,10,16,0,26,0,0,26,0,26,0,10,42,0,52,72,0,72,124
02/15/2021,LNS,PA,AEA,EN,Federal Contract Tower,0,6,13,0,19,0,0,18,0,18,0,6,31,0,37,30,0,30,67
02/16/2021,LNS,PA,AEA,EN,Federal Contract Tower,0,9,21,1,31,0,1,38,4,43,0,10,59,5,74,78,18,96,170
02/17/2021,LNS,PA,AEA,EN,Federal Contract Tower,0,14,37,1,52,0,2,195,0,197,0,16,232,1,249,172,2,174,423
02/18/2021,LNS,PA,AEA,EN,Federal Contract Tower,0,2,1,0,3,0,0,0,0,0,0,2,1,0,3,0,0,0,3
02/19/2021,LNS,PA,AEA,EN,Federal Contract Tower,0,14,1,0,15,0,0,0,0,0,0,14,1,0,15,0,0,0,15
02/20/2021,LNS,PA,AEA,EN,Federal Contract Tower,0,7,15,0,22,0,1,89,0,90,0,8,104,0,112,88,0,88,200
02/21/2021,LNS,PA,AEA,EN,Federal Contract Tower,0,8,45,0,53,0,0,159,0,159,0,8,204,0,212,126,0,126,338
02/22/2021,LNS,PA,AEA,EN,Federal Contract Tower,0,9,9,0,18,0,0,0,0,0,0,9,9,0,18,0,0,0,18
02/23/2021,LNS,PA,AEA,EN,Federal Contract Tower,0,15,21,5,41,0,2,71,0,73,0,17,92,5,114,100,10,110,224
02/24/2021,LNS,PA,AEA,EN,Federal Contract Tower,0,27,32,2,61,0,4,186,4,194,0,31,218,6,255,130,0,130,385
02/25/2021,LNS,PA,AEA,EN,Federal Contract Tower,0,15,35,2,52,0,3,166,1,170,0,18,201,3,222,204,2,206,428
02/26/2021,LNS,PA,AEA,EN,Federal Contract Tower,0,22,30,1,53,0,4,220,4,228,0,26,250,5,281,156,6,162,443
02/27/2021,LNS,PA,AEA,EN,Federal Contract Tower,0,13,26,0,39,0,0,11,0,11,0,13,37,0,50,74,0,74,124
02/28/2021,LNS,PA,AEA,EN,Federal Contract Tower,0,8,17,0,25,0,0,4,0,4,0,8,21,0,29,18,0,18,47
03/01/2021,LNS,PA,AEA,EN,Federal Contract Tower,0,16,16,0,32,0,0,28,2,30,0,16,44,2,62,76,0,76,138
03/02/2021,LNS,PA,AEA,EN,Federal Contract Tower,0,21,28,3,52,0,0,87,0,87,0,21,115,3,139,146,0,146,285
03/03/2021,LNS,PA,AEA,EN,Federal Contract Tower,0,23,33,2,58,0,2,157,3,162,0,25,190,5,220,182,4,186,406
03/04/2021,LNS,PA,AEA,EN,Federal Contract Tower,0,24,17,5,46,0,1,75,0,76,0,25,92,5,122,92,6,98,220
03/05/2021,LNS,PA,AEA,EN,Federal Contract Tower,0,13,20,2,35,0,4,74,0,78,0,17,94,2,113,30,4,34,147
03/06/2021,LNS,PA,AEA,EN,Federal Contract Tower,0,12,20,4,36,0,5,84,1,90,0,17,104,5,126,68,0,68,194
03/07/2021,LNS,PA,AEA,EN,Federal Contract Tower,0,8,23,0,31,0,3,149,0,152,0,11,172,0,183,144,0,144,327
03/08/2021,LNS,PA,AEA,EN,Federal Contract Tower,0,13,25,0,38,0,1,178,2,181,0,14,203,2,219,182,2,184,403
03/09/2021,LNS,PA,AEA,EN,Federal Contract Tower,0,16,45,0,61,0,0,138,0,138,0,16,183,0,199,178,2,180,379
03/10/2021,LNS,PA,AEA,EN,Federal Contract Tower,0,13,55,1,69,0,0,157,0,157,0,13,212,1,226,162,2,164,390
03/11/2021,LNS,PA,AEA,EN,Federal Contract Tower,0,15,24,1,40,0,5,118,0,123,0,20,142,1,163,96,2,98,261
03/12/2021,LNS,PA,AEA,EN,Federal Contract Tower,0,13,29,6,48,0,1,107,0,108,0,14,136,6,156,94,18,112,268
03/13/2021,LNS,PA,AEA,EN,Federal Contract Tower,0,6,26,0,32,0,1,162,0,163,0,7,188,0,195,186,0,186,381
03/14/2021,LNS,PA,AEA,EN,Federal Contract Tower,0,15,15,0,30,0,0,38,0,38,0,15,53,0,68,82,0,82,150
03/15/2021,LNS,PA,AEA,EN,Federal Contract Tower,0,18,32,0,50,0,0,93,4,97,0,18,125,4,147,118,28,146,293
03/16/2021,LNS,PA,AEA,EN,Federal Contract Tower,0,13,13,0,26,0,0,36,0,36,0,13,49,0,62,104,2,106,168
03/17/2021,LNS,PA,AEA,EN,Federal Contract Tower,0,14,38,0,52,0,0,16,0,16,0,14,54,0,68,56,0,56,124
03/18/2021,LNS,PA,AEA,EN,Federal Contract Tower,0,13,19,0,32,0,0,0,0,0,0,13,19,0,32,4,0,4,36
03/19/2021,LNS,PA,AEA,EN,Federal Contract Tower,0,14,26,3,43,0,1,45,0,46,0,15,71,3,89,50,6,56,145
03/20/2021,LNS,PA,AEA,EN,Federal Contract Tower,0,6,42,0,48,0,6,213,0,219,0,12,255,0,267,202,0,202,469
03/21/2021,LNS,PA,AEA,EN,Federal Contract Tower,0,7,26,0,33,0,1,190,0,191,0,8,216,0,224,180,0,180,404
03/22/2021,LNS,PA,AEA,EN,Federal Contract Tower,0,17,45,8,70,0,1,192,0,193,0,18,237,8,263,160,12,172,435
03/23/2021,LNS,PA,AEA,EN,Federal Contract Tower,0,13,39,7,59,0,3,165,0,168,0,16,204,7,227,162,14,176,403
03/24/2021,LNS,PA,AEA,EN,Federal Contract Tower,0,12,21,0,33,0,0,0,0,0,0,12,21,0,33,14,0,14,47
03/25/2021,LNS,PA,AEA,EN,Federal Contract Tower,0,19,53,1,73,0,0,7,0,7,0,19,60,1,80,34,2,36,116
03/26/2021,LNS,PA,AEA,EN,Federal Contract Tower,0,13,12,0,25,0,0,22,0,22,0,13,34,0,47,14,0,14,61
03/27/2021,LNS,PA,AEA,EN,Federal Contract Tower,0,12,29,0,41,0,5,218,0,223,0,17,247,0,264,246,0,246,510
03/28/2021,LNS,PA,AEA,EN,Federal Contract Tower,0,12,12,0,24,0,0,0,0,0,0,12,12,0,24,6,0,6,30
03/29/2021,LNS,PA,AEA,EN,Federal Contract Tower,0,16,20,0,36,0,0,80,4,84,0,16,100,4,120,98,16,114,234
03/30/2021,LNS,PA,AEA,EN,Federal Contract Tower,0,12,42,6,60,0,1,149,2,152,0,13,191,8,212,142,4,146,358
03/31/2021,LNS,PA,AEA,EN,Federal Contract Tower,0,15,26,0,41,0,0,6,0,6,0,15,32,0,47,48,0,48,95
04/01/2021,LNS,PA,AEA,EN,Federal Contract Tower,0,17,25,3,45,0,1,38,1,40,0,18,63,4,85,54,20,74,159
04/02/2021,LNS,PA,AEA,EN,Federal Contract Tower,0,11,16,1,28,0,0,53,3,56,0,11,69,4,84,50,24,74,158
04/03/2021,LNS,PA,AEA,EN,Federal Contract Tower,0,7,35,0,42,0,0,145,0,145,0,7,180,0,187,124,0,124,311
04/04/2021,LNS,PA,AEA,EN,Federal Contract Tower,0,9,7,0,16,0,0,67,0,67,0,9,74,0,83,88,0,88,171
04/05/2021,LNS,PA,AEA,EN,Federal Contract Tower,0,18,34,2,54,0,0,137,0,137,0,18,171,2,191,158,20,178,369
04/06/2021,LNS,PA,AEA,EN,Federal Contract Tower,0,14,22,1,37,0,0,151,1,152,0,14,173,2,189,154,4,158,347
04/07/2021,LNS,PA,AEA,EN,Federal Contract Tower,0,15,26,3,44,0,0,161,0,161,0,15,187,3,205,202,0,202,407
04/08/2021,LNS,PA,AEA,EN,Federal Contract Tower,0,13,34,5,52,0,1,154,2,157,0,14,188,7,209,242,10,252,461
04/09/2021,LNS,PA,AEA,EN,Federal Contract Tower,0,14,47,1,62,0,0,35,0,35,0,14,82,1,97,76,2,78,175
04/10/2021,LNS,PA,AEA,EN,Federal Contract Tower,0,10,64,0,74,0,0,24,0,24,0,10,88,0,98,54,0,54,152
04/11/2021,LNS,PA,AEA,EN,Federal Contract Tower,0,9,30,0,39,0,0,20,0,20,0,9,50,0,59,46,0,46,105
04/12/2021,LNS,PA,AEA,EN,Federal Contract Tower,0,17,53,0,70,0,0,6,0,6,0,17,59,0,76,58,0,58,134
04/13/2021,LNS,PA,AEA,EN,Federal Contract Tower,0,15,51,0,66,0,1,122,0,123,0,16,173,0,189,274,0,274,463
04/14/2021,LNS,PA,AEA,EN,Federal Contract Tower,0,19,37,0,56,0,0,92,0,92,0,19,129,0,148,174,0,174,322
04/15/2021,LNS,PA,AEA,EN,Federal Contract Tower,0,21,52,3,76,0,0,34,1,35,0,21,86,4,111,156,12,168,279
04/16/2021,LNS,PA,AEA,EN,Federal Contract Tower,0,13,31,0,44,0,0,52,0,52,0,13,83,0,96,78,0,78,174
04/17/2021,LNS,PA,AEA,EN,Federal Contract Tower,0,7,19,0,26,0,0,133,0,133,0,7,152,0,159,200,0,200,359
04/18/2021,LNS,PA,AEA,EN,Federal Contract Tower,0,13,44,0,57,0,1,143,0,144,0,14,187,0,201,144,0,144,345
04/19/2021,LNS,PA,AEA,EN,Federal Contract Tower,0,12,41,2,55,0,0,124,6,130,0,12,165,8,185,110,2,112,297
04/20/2021,LNS,PA,AEA,EN,Federal Contract Tower,0,14,32,3,49,0,1,176,6,183,0,15,208,9,232,178,10,188,420
04/21/2021,LNS,PA,AEA,EN,Federal Contract Tower,0,15,14,0,29,0,0,24,3,27,0,15,38,3,56,46,0,46,102
04/22/2021,LNS,PA,AEA,EN,Federal Contract Tower,0,13,22,0,35,0,1,34,2,37,0,14,56,2,72,6,4,10,82
04/23/2021,LNS,PA,AEA,EN,Federal Contract Tower,0,16,40,0,56,0,1,148,4,153,0,17,188,4,209,96,0,96,305
04/24/2021,LNS,PA,AEA,EN,Federal Contract Tower,0,8,38,2,48,0,0,196,0,196,0,8,234,2,244,258,0,258,502
04/25/2021,LNS,PA,AEA,EN,Federal Contract Tower,0,11,23,0,34,0,1,38,0,39,0,12,61,0,73,92,0,92,165
04/26/2021,LNS,PA,AEA,EN,Federal Contract Tower,0,13,27,4,44,0,3,113,2,118,0,16,140,6,162,118,20,138,300
04/27/2021,LNS,PA,AEA,EN,Federal Contract Tower,0,21,41,11,73,0,1,191,1,193,0,22,232,12,266,174,26,200,466
04/28/2021,LNS,PA,AEA,EN,Federal Contract Tower,0,15,35,0,50,0,0,128,1,129,0,15,163,1,179,164,4,168,347
04/29/2021,LNS,PA,AEA,EN,Federal Contract Tower,0,18,27,0,45,0,1,37,4,42,0,19,64,4,87,54,4,58,145
04/30/2021,LNS,PA,AEA,EN,Federal Contract Tower,0,16,16,0,32,0,0,15,0,15,0,16,31,0,47,2,0,2,49
05/01/2021,LNS,PA,AEA,EN,Federal Contract Tower,0,6,18,0,24,0,0,108,0,108,0,6,126,0,132,120,0,120,252
05/02/2021,LNS,PA,AEA,EN,Federal Contract Tower,0,9,22,0,31,0,1,86,0,87,0,10,108,0,118,78,0,78,196
05/03/2021,LNS,PA,AEA,EN,Federal Contract Tower,0,16,39,2,57,0,2,35,0,37,0,18,74,2,94,78,4,82,176
05/04/2021,LNS,PA,AEA,EN,Federal Contract Tower,0,16,35,5,56,0,0,61,1,62,0,16,96,6,118,96,30,126,244
05/05/2021,LNS,PA,AEA,EN,Federal Contract Tower,0,15,26,1,42,0,0,25,3,28,0,15,51,4,70,104,4,108,178
05/06/2021,LNS,PA,AEA,EN,Federal Contract Tower,0,15,53,3,71,0,5,183,2,190,0,20,236,5,261,236,0,236,497
05/07/2021,LNS,PA,AEA,EN,Federal Contract Tower,0,13,32,0,45,0,0,108,0,108,0,13,140,0,153,106,0,106,259
05/08/2021,LNS,PA,AEA,EN,Federal Contract Tower,0,6,29,0,35,0,0,62,0,62,0,6,91,0,97,128,0,128,225
05/09/2021,LNS,PA,AEA,EN,Federal Contract Tower,0,7,18,0,25,0,4,54,0,58,0,11,72,0,83,112,0,112,195
05/10/2021,LNS,PA,AEA,EN,Federal Contract Tower,0,20,37,4,61,0,0,70,1,71,0,20,107,5,132,142,8,150,282
05/11/2021,LNS,PA,AEA,EN,Federal Contract Tower,0,16,43,2,61,0,4,113,1,118,0,20,156,3,179,90,36,126,305
05/12/2021,LNS,PA,AEA,EN,Federal Contract Tower,0,13,40,2,55,0,1,112,0,113,0,14,152,2,168,130,0,130,298
05/13/2021,LNS,PA,AEA,EN,Federal Contract Tower,0,16,37,0,53,0,0,163,0,163,0,16,200,0,216,228,0,228,444
05/14/2021,LNS,PA,AEA,EN,Federal Contract Tower,0,12,45,0,57,0,0,172,0,172,0,12,217,0,229,104,0,104,333
05/15/2021,LNS,PA,AEA,EN,Federal Contract Tower,0,6,24,2,32,0,2,166,0,168,0,8,190,2,200,178,4,182,382
05/16/2021,LNS,PA,AEA,EN,Federal Contract Tower,0,17,35,0,52,0,0,90,0,90,0,17,125,0,142,152,0,152,294
05/17/2021,LNS,PA,AEA,EN,Federal Contract Tower,0,16,47,3,66,0,3,114,0,117,0,19,161,3,183,164,6,170,353
05/18/2021,LNS,PA,AEA,EN,Federal Contract Tower,0,17,44,3,64,0,0,150,2,152,0,17,194,5,216,182,24,206,422
05/19/2021,LNS,PA,AEA,EN,Federal Contract Tower,0,20,42,2,64,0,1,179,3,183,0,21,221,5,247,194,6,200,447
05/20/2021,LNS,PA,AEA,EN,Federal Contract Tower,0,17,57,1,75,0,0,157,0,157,0,17,214,1,232,150,0,150,382
05/21/2021,LNS,PA,AEA,EN,Federal Contract Tower,0,17,41,1,59,0,2,190,2,194,0,19,231,3,253,140,0,140,393
05/22/2021,LNS,PA,AEA,EN,Federal Contract Tower,0,7,34,0,41,0,1,145,0,146,0,8,179,0,187,168,0,168,355
05/23/2021,LNS,PA,AEA,EN,Federal Contract Tower,0,9,25,0,34,0,1,128,0,129,0,10,153,0,163,110,0,110,273
05/24/2021,LNS,PA,AEA,EN,Federal Contract Tower,0,14,49,0,63,0,0,31,0,31,0,14,80,0,94,98,0,98,192
05/25/2021,LNS,PA,AEA,EN,Federal Contract Tower,0,14,49,6,69,0,2,93,5,100,0,16,142,11,169,200,14,214,383
05/26/2021,LNS,PA,AEA,EN,Federal Contract Tower,0,13,21,1,35,0,6,34,0,40,0,19,55,1,75,54,2,56,131
05/27/2021,LNS,PA,AEA,EN,Federal Contract Tower,0,21,56,2,79,0,1,172,0,173,0,22,228,2,252,116,4,120,372
05/28/2021,LNS,PA,AEA,EN,Federal Contract Tower,0,14,36,0,50,0,3,64,0,67,0,17,100,0,117,92,0,92,209
05/29/2021,LNS,PA,AEA,EN,Federal Contract Tower,0,9,28,0,37,0,0,1,0,1,0,9,29,0,38,10,0,10,48
05/30/2021,LNS,PA,AEA,EN,Federal Contract Tower,0,13,36,0,49,0,0,2,0,2,0,13,38,0,51,26,0,26,77
05/31/2021,LNS,PA,AEA,EN,Federal Contract Tower,0,20,20,0,40,0,2,124,0,126,0,22,144,0,166,126,0,126,292
06/01/2021,LNS,PA,AEA,EN,Federal Contract Tower,0,15,30,5,50,0,6,152,0,158,0,21,182,5,208,196,10,206,414
06/02/2021,LNS,PA,AEA,EN,Federal Contract Tower,0,18,39,1,58,0,1,122,1,124,0,19,161,2,182,178,0,178,360
06/03/2021,LNS,PA,AEA,EN,Federal Contract Tower,0,15,37,0,52,0,0,6,0,6,0,15,43,0,58,46,0,46,104
06/04/2021,LNS,PA,AEA,EN,Federal Contract Tower,0,18,28,4,50,0,0,44,4,48,0,18,72,8,98,44,20,64,162
06/05/2021,LNS,PA,AEA,EN,Federal Contract Tower,0,7,23,0,30,0,2,160,0,162,0,9,183,0,192,128,0,128,320
06/06/2021,LNS,PA,AEA,EN,Federal Contract Tower,0,11,16,5,32,0,0,125,0,125,0,11,141,5,157,54,0,54,211
06/07/2021,LNS,PA,AEA,EN,Federal Contract Tower,0,11,30,0,41,0,0,101,0,101,0,11,131,0,142,128,0,128,270
06/08/2021,LNS,PA,AEA,EN,Federal Contract Tower,0,16,16,1,33,0,0,81,0,81,0,16,97,1,114,126,2,128,242
06/09/2021,LNS,PA,AEA,EN,Federal Contract Tower,0,20,44,0,64,0,0,60,0,60,0,20,104,0,124,162,0,162,286
06/10/2021,LNS,PA,AEA,EN,Federal Contract Tower,0,18,31,1,50,0,1,96,2,99,0,19,127,3,149,152,4,156,305
06/11/2021,LNS,PA,AEA,EN,Federal Contract Tower,0,23,53,0,76,0,0,4,0,4,0,23,57,0,80,52,0,52,132
06/12/2021,LNS,PA,AEA,EN,Federal Contract Tower,0,15,38,1,54,0,1,114,4,119,0,16,152,5,173,132,2,134,307
06/13/2021,LNS,PA,AEA,EN,Federal Contract Tower,0,11,37,0,48,0,1,41,0,42,0,12,78,0,90,54,0,54,144
06/14/2021,LNS,PA,AEA,EN,Federal Contract Tower,0,15,43,0,58,0,0,66,0,66,0,15,109,0,124,118,0,118,242
06/15/2021,LNS,PA,AEA,EN,Federal Contract Tower,0,16,31,0,47,0,0,127,2,129,0,16,158,2,176,174,2,176,352
06/16/2021,LNS,PA,AEA,EN,Federal Contract Tower,0,19,40,0,59,0,12,176,0,188,0,31,216,0,247,164,0,164,411
06/17/2021,LNS,PA,AEA,EN,Federal Contract Tower,0,16,47,7,70,0,1,180,3,184,0,17,227,10,254,200,16,216,470
06/18/2021,LNS,PA,AEA,EN,Federal Contract Tower,0,13,42,0,55,0,0,176,0,176,0,13,218,0,231,156,0,156,387
06/19/2021,LNS,PA,AEA,EN,Federal Contract Tower,0,19,21,0,40,0,0,102,0,102,0,19,123,0,142,144,0,144,286
06/20/2021,LNS,PA,AEA,EN,Federal Contract Tower,0,11,18,0,29,0,1,90,0,91,0,12,108,0,120,110,0,110,230
06/21/2021,LNS,PA,AEA,EN,Federal Contract Tower,0,13,31,0,44,0,0,73,0,73,0,13,104,0,117,64,0,64,181
06/22/2021,LNS,PA,AEA,EN,Federal Contract Tower,0,14,40,1,55,0,2,21,1,24,0,16,61,2,79,56,0,56,135
06/23/2021,LNS,PA,AEA,EN,Federal Contract Tower,0,21,46,1,68,0,2,241,2,245,0,23,287,3,313,238,2,240,553
06/24/2021,LNS,PA,AEA,EN,Federal Contract Tower,0,23,51,8,82,0,4,182,1,187,0,27,233,9,269,198,26,224,493
06/25/2021,LNS,PA,AEA,EN,Federal Contract Tower,0,18,54,0,72,0,0,170,0,170,0,18,224,0,242,176,0,176,418
06/26/2021,LNS,PA,AEA,EN,Federal Contract Tower,0,9,27,0,36,0,0,55,2,57,0,9,82,2,93,92,0,92,185
06/27/2021,LNS,PA,AEA,EN,Federal Contract Tower,0,13,27,0,40,0,4,59,0,63,0,17,86,0,103,58,0,58,161
06/28/2021,LNS,PA,AEA,EN,Federal Contract Tower,0,15,35,1,51,0,0,146,4,150,0,15,181,5,201,150,14,164,365
06/29/2021,LNS,PA,AEA,EN,Federal Contract Tower,0,12,34,1,47,0,2,124,2,128,0,14,158,3,175,110,2,112,287
06/30/2021,LNS,PA,AEA,EN,Federal Contract Tower,0,13,28,3,44,0,1,142,0,143,0,14,170,3,187,238,6,244,431
07/01/2021,LNS,PA,AEA,EN,Federal Contract Tower,0,18,25,2,45,0,0,33,0,33,0,18,58,2,78,90,8,98,176
07/02/2021,LNS,PA,AEA,EN,Federal Contract Tower,0,14,60,8,82,0,0,76,0,76,0,14,136,8,158,154,12,166,324
07/03/2021,LNS,PA,AEA,EN,Federal Contract Tower,0,10,20,0,30,0,0,60,0,60,0,10,80,0,90,100,0,100,190
07/04/2021,LNS,PA,AEA,EN,Federal Contract Tower,0,10,15,0,25,0,0,73,0,73,0,10,88,0,98,72,0,72,170
07/05/2021,LNS,PA,AEA,EN,Federal Contract Tower,0,17,41,0,58,0,0,230,0,230,0,17,271,0,288,218,0,218,506
07/06/2021,LNS,PA,AEA,EN,Federal Contract Tower,0,14,22,5,41,0,0,111,0,111,0,14,133,5,152,158,12,170,322
07/07/2021,LNS,PA,AEA,EN,Federal Contract Tower,0,11,16,2,29,0,0,89,3,92,0,11,105,5,121,168,4,172,293
07/08/2021,LNS,PA,AEA,EN,Federal Contract Tower,0,15,19,0,34,0,0,49,2,51,0,15,68,2,85,66,2,68,153
07/09/2021,LNS,PA,AEA,EN,Federal Contract Tower,0,14,33,9,56,0,0,65,0,65,0,14,98,9,121,182,34,216,337
07/10/2021,LNS,PA,AEA,EN,Federal Contract Tower,0,6,50,0,56,0,0,146,0,146,0,6,196,0,202,196,0,196,398
07/11/2021,LNS,PA,AEA,EN,Federal Contract Tower,0,9,19,0,28,0,0,30,0,30,0,9,49,0,58,24,0,24,82
07/12/2021,LNS,PA,AEA,EN,Federal Contract Tower,0,15,23,1,39,0,0,45,0,45,0,15,68,1,84,74,2,76,160
07/13/2021,LNS,PA,AEA,EN,Federal Contract Tower,0,14,37,0,51,0,0,44,4,48,0,14,81,4,99,90,4,94,193
07/14/2021,LNS,PA,AEA,EN,Federal Contract Tower,0,14,29,4,47,0,0,115,0,115,0,14,144,4,162,176,14,190,352
07/15/2021,LNS,PA,AEA,EN,Federal Contract Tower,0,15,48,1,64,0,1,210,0,211,0,16,258,1,275,222,30,252,527
07/16/2021,LNS,PA,AEA,EN,Federal Contract Tower,0,16,39,1,56,0,0,136,8,144,0,16,175,9,200,128,2,130,330
07/17/2021,LNS,PA,AEA,EN,Federal Contract Tower,0,10,26,0,36,0,0,82,0,82,0,10,108,0,118,104,0,104,222
07/18/2021,LNS,PA,AEA,EN,Federal Contract Tower,0,10,22,0,32,0,0,63,0,63,0,10,85,0,95,120,0,120,215
07/19/2021,LNS,PA,AEA,EN,Federal Contract Tower,0,15,27,2,44,0,0,115,1,116,0,15,142,3,160,78,2,80,240
07/20/2021,LNS,PA,AEA,EN,Federal Contract Tower,0,14,64,0,78,0,0,98,0,98,0,14,162,0,176,196,6,202,378
07/21/2021,LNS,PA,AEA,EN,Federal Contract Tower,0,17,38,1,56,0,0,60,0,60,0,17,98,1,116,156,4,160,276
07/22/2021,LNS,PA,AEA,EN,Federal Contract Tower,0,21,44,1,66,0,3,173,2,178,0,24,217,3,244,142,2,144,388
07/23/2021,LNS,PA,AEA,EN,Federal Contract Tower,0,24,36,3,63,0,2,153,2,157,0,26,189,5,220,164,4,168,388
07/24/2021,LNS,PA,AEA,EN,Federal Contract Tower,0,15,22,0,37,0,9,154,0,163,0,24,176,0,200,184,0,184,384
07/25/2021,LNS,PA,AEA,EN,Federal Contract Tower,0,14,24,0,38,0,0,69,0,69,0,14,93,0,107,98,0,98,205
07/26/2021,LNS,PA,AEA,EN,Federal Contract Tower,0,17,27,5,49,0,0,107,6,113,0,17,134,11,162,72,4,76,238
07/27/2021,LNS,PA,AEA,EN,Federal Contract Tower,0,16,20,0,36,0,5,112,0,117,0,21,132,0,153,136,0,136,289
07/28/2021,LNS,PA,AEA,EN,Federal Contract Tower,0,22,29,1,52,0,3,109,2,114,0,25,138,3,166,76,2,78,244
07/29/2021,LNS,PA,AEA,EN,Federal Contract Tower,0,15,34,3,52,0,0,31,1,32,0,15,65,4,84,100,10,110,194
07/30/2021,LNS,PA,AEA,EN,Federal Contract Tower,0,14,40,0,54,0,1,120,4,125,0,15,160,4,179,92,0,92,271
07/31/2021,LNS,PA,AEA,EN,Federal Contract Tower,0,9,28,0,37,0,6,184,0,190,0,15,212,0,227,70,0,70,297
08/01/2021,LNS,PA,AEA,EN,Federal Contract Tower,0,12,23,0,35,0,1,8,0,9,0,13,31,0,44,0,0,0,44
08/02/2021,LNS,PA,AEA,EN,Federal Contract Tower,0,14,25,0,39,0,1,101,0,102,0,15,126,0,141,126,0,126,267
08/03/2021,LNS,PA,AEA,EN,Federal Contract Tower,0,11,23,7,41,0,2,160,4,166,0,13,183,11,207,138,0,138,345
08/04/2021,LNS,PA,AEA,EN,Federal Contract Tower,0,19,42,0,61,0,1,167,2,170,0,20,209,2,231,170,0,170,401
08/05/2021,LNS,PA,AEA,EN,Federal Contract Tower,0,14,29,5,48,0,1,161,2,164,0,15,190,7,212,130,12,142,354
08/06/2021,LNS,PA,AEA,EN,Federal Contract Tower,0,13,37,0,50,0,2,132,0,134,0,15,169,0,184,116,0,116,300
08/07/2021,LNS,PA,AEA,EN,Federal Contract Tower,0,9,43,0,52,0,0,92,0,92,0,9,135,0,144,98,0,98,242
08/08/2021,LNS,PA,AEA,EN,Federal Contract Tower,0,9,36,0,45,0,1,152,0,153,0,10,188,0,198,92,0,92,290
08/09/2021,LNS,PA,AEA,EN,Federal Contract Tower,0,17,42,1,60,0,0,73,3,76,0,17,115,4,136,152,2,154,290
08/10/2021,LNS,PA,AEA,EN,Federal Contract Tower,0,18,48,2,68,0,1,47,1,49,0,19,95,3,117,108,32,140,257
08/11/2021,LNS,PA,AEA,EN,Federal Contract Tower,0,14,38,0,52,0,0,66,0,66,0,14,104,0,118,116,0,116,234
08/12/2021,LNS,PA,AEA,EN,Federal Contract Tower,0,10,34,1,45,0,2,102,8,112,0,12,136,9,157,80,2,82,239
08/13/2021,LNS,PA,AEA,EN,Federal Contract Tower,0,18,30,2,50,0,0,98,0,98,0,18,128,2,148,154,4,158,306
08/14/2021,LNS,PA,AEA,EN,Federal Contract Tower,0,10,21,0,31,0,2,123,0,125,0,12,144,0,156,136,0,136,292
08/15/2021,LNS,PA,AEA,EN,Federal Contract Tower,0,11,34,0,45,0,2,152,0,154,0,13,186,0,199,156,0,156,355
08/16/2021,LNS,PA,AEA,EN,Federal Contract Tower,0,18,53,0,71,0,0,102,0,102,0,18,155,0,173,162,2,164,337
08/17/2021,LNS,PA,AEA,EN,Federal Contract Tower,0,18,42,1,61,0,0,9,0,9,0,18,51,1,70,20,2,22,92
08/18/2021,LNS,PA,AEA,EN,Federal Contract Tower,0,18,41,0,59,0,0,9,0,9,0,18,50,0,68,28,0,28,96
08/19/2021,LNS,PA,AEA,EN,Federal Contract Tower,0,20,47,1,68,0,0,116,2,118,0,20,163,3,186,180,2,182,368
08/20/2021,LNS,PA,AEA,EN,Federal Contract Tower,0,12,45,3,60,0,1,89,0,90,0,13,134,3,150,84,10,94,244
08/21/2021,LNS,PA,AEA,EN,Federal Contract Tower,0,8,27,0,35,0,3,123,0,126,0,11,150,0,161,136,0,136,297
08/22/2021,LNS,PA,AEA,EN,Federal Contract Tower,0,9,20,0,29,0,0,6,0,6,0,9,26,0,35,2,0,2,37
08/24/2021,LNS,PA,AEA,EN,Federal Contract Tower,0,17,43,8,68,0,1,153,1,155,0,18,196,9,223,178,16,194,417
08/25/2021,LNS,PA,AEA,EN,Federal Contract Tower,0,13,38,0,51,0,0,149,0,149,0,13,187,0,200,180,0,180,380
08/26/2021,LNS,PA,AEA,EN,Federal Contract Tower,0,15,28,0,43,0,0,119,0,119,0,15,147,0,162,146,0,146,308
08/27/2021,LNS,PA,AEA,EN,Federal Contract Tower,0,16,28,2,46,0,1,80,0,81,0,17,108,2,127,102,4,106,233
08/28/2021,LNS,PA,AEA,EN,Federal Contract Tower,0,18,36,0,54,0,0,17,0,17,0,18,53,0,71,160,0,160,231
08/31/2021,LNS,PA,AEA,EN,Federal Contract Tower,0,13,38,5,56,0,3,138,1,142,0,16,176,6,198,218,6,224,422
09/01/2021,LNS,PA,AEA,EN,Federal Contract Tower,0,11,10,0,21,0,0,0,0,0,0,11,10,0,21,2,0,2,23
09/02/2021,LNS,PA,AEA,EN,Federal Contract Tower,0,15,21,2,38,0,1,144,4,149,0,16,165,6,187,100,4,104,291
09/03/2021,LNS,PA,AEA,EN,Federal Contract Tower,0,19,63,0,82,0,2,159,0,161,0,21,222,0,243,172,0,172,415
09/04/2021,LNS,PA,AEA,EN,Federal Contract Tower,0,17,32,0,49,0,6,158,0,164,0,23,190,0,213,162,0,162,375
09/05/2021,LNS,PA,AEA,EN,Federal Contract Tower,0,11,29,0,40,0,0,12,0,12,0,11,41,0,52,64,0,64,116
09/06/2021,LNS,PA,AEA,EN,Federal Contract Tower,0,16,28,0,44,0,0,138,0,138,0,16,166,0,182,134,0,134,316
09/07/2021,LNS,PA,AEA,EN,Federal Contract Tower,0,14,55,5,74,0,1,181,5,187,0,15,236,10,261,132,14,146,407
09/08/2021,LNS,PA,AEA,EN,Federal Contract Tower,0,16,29,6,51,0,2,112,2,116,0,18,141,8,167,152,8,160,327
09/09/2021,LNS,PA,AEA,EN,Federal Contract Tower,0,21,37,3,61,0,0,73,0,73,0,21,110,3,134,148,6,154,288
09/10/2021,LNS,PA,AEA,EN,Federal Contract Tower,0,23,45,3,71,0,0,153,0,153,0,23,198,3,224,134,4,138,362
09/11/2021,LNS,PA,AEA,EN,Federal Contract Tower,0,15,27,0,42,0,0,175,0,175,0,15,202,0,217,174,0,174,391
09/12/2021,LNS,PA,AEA,EN,Federal Contract Tower,0,12,21,0,33,0,0,130,0,130,0,12,151,0,163,70,0,70,233
09/13/2021,LNS,PA,AEA,EN,Federal Contract Tower,0,18,38,10,66,0,1,166,3,170,0,19,204,13,236,148,12,160,396
09/14/2021,LNS,PA,AEA,EN,Federal Contract Tower,0,14,48,4,66,0,1,83,1,85,0,15,131,5,151,118,8,126,277
09/15/2021,LNS,PA,AEA,EN,Federal Contract Tower,0,15,32,1,48,0,2,89,3,94,0,17,121,4,142,84,20,104,246
09/16/2021,LNS,PA,AEA,EN,Federal Contract Tower,0,16,57,2,75,0,2,97,0,99,0,18,154,2,174,236,4,240,414
09/17/2021,LNS,PA,AEA,EN,Federal Contract Tower,0,17,49,0,66,0,0,44,0,44,0,17,93,0,110,68,0,68,178
09/18/2021,LNS,PA,AEA,EN,Federal Contract Tower,0,12,41,0,53,0,0,133,0,133,0,12,174,0,186,146,0,146,332
09/19/2021,LNS,PA,AEA,EN,Federal Contract Tower,0,12,40,2,54,0,1,204,0,205,0,13,244,2,259,144,2,146,405
09/20/2021,LNS,PA,AEA,EN,Federal Contract Tower,0,16,36,4,56,0,0,186,0,186,0,16,222,4,242,130,10,140,382
09/21/2021,LNS,PA,AEA,EN,Federal Contract Tower,0,17,39,2,58,0,0,128,0,128,0,17,167,2,186,124,4,128,314
09/22/2021,LNS,PA,AEA,EN,Federal Contract Tower,0,14,29,0,43,0,0,8,0,8,0,14,37,0,51,40,0,40,91
09/23/2021,LNS,PA,AEA,EN,Federal Contract Tower,0,17,17,1,35,0,0,41,0,41,0,17,58,1,76,106,2,108,184
09/24/2021,LNS,PA,AEA,EN,Federal Contract Tower,0,13,53,1,67,0,1,225,1,227,0,14,278,2,294,140,4,144,438
09/25/2021,LNS,PA,AEA,EN,Federal Contract Tower,0,7,31,0,38,0,3,201,0,204,0,10,232,0,242,154,0,154,396
09/26/2021,LNS,PA,AEA,EN,Federal Contract Tower,0,14,28,0,42,0,0,128,0,128,0,14,156,0,170,118,0,118,288
09/27/2021,LNS,PA,AEA,EN,Federal Contract Tower,0,19,46,0,65,0,0,168,0,168,0,19,214,0,233,192,0,192,425
09/29/2021,LNS,PA,AEA,EN,Federal Contract Tower,0,16,46,2,64,0,2,178,3,183,0,18,224,5,247,230,2,232,479
09/30/2021,LNS,PA,AEA,EN,Federal Contract Tower,0,17,61,5,83,0,1,195,0,196,0,18,256,5,279,180,6,186,465
10/01/2021,LNS,PA,AEA,EN,Federal Contract Tower,0,15,66,0,81,0,2,219,0,221,0,17,285,0,302,238,0,238,540
10/02/2021,LNS,PA,AEA,EN,Federal Contract Tower,0,9,37,0,46,0,0,161,0,161,0,9,198,0,207,148,0,148,355
10/03/2021,LNS,PA,AEA,EN,Federal Contract Tower,0,11,34,0,45,0,2,123,0,125,0,13,157,0,170,134,0,134,304
10/04/2021,LNS,PA,AEA,EN,Federal Contract Tower,0,21,33,0,54,0,0,60,0,60,0,21,93,0,114,116,0,116,230
10/05/2021,LNS,PA,AEA,EN,Federal Contract Tower,0,28,75,2,105,0,1,0,0,1,0,29,75,2,106,6,0,6,112
10/06/2021,LNS,PA,AEA,EN,Federal Contract Tower,0,22,49,4,75,0,0,21,0,21,0,22,70,4,96,112,6,118,214
10/07/2021,LNS,PA,AEA,EN,Federal Contract Tower,0,25,70,5,100,0,0,96,2,98,0,25,166,7,198,196,2,198,396
10/08/2021,LNS,PA,AEA,EN,Federal Contract Tower,0,20,51,0,71,0,2,127,0,129,0,22,178,0,200,282,0,282,482
10/09/2021,LNS,PA,AEA,EN,Federal Contract Tower,0,10,43,0,53,0,1,45,0,46,0,11,88,0,99,148,0,148,247
10/10/2021,LNS,PA,AEA,EN,Federal Contract Tower,0,12,51,0,63,0,0,9,0,9,0,12,60,0,72,88,0,88,160
10/11/2021,LNS,PA,AEA,EN,Federal Contract Tower,0,14,65,0,79,0,0,74,1,75,0,14,139,1,154,238,0,238,392
10/12/2021,LNS,PA,AEA,EN,Federal Contract Tower,0,14,56,5,75,0,0,38,0,38,0,14,94,5,113,186,2,188,301
10/13/2021,LNS,PA,AEA,EN,Federal Contract Tower,0,19,81,0,100,0,0,28,0,28,0,19,109,0,128,98,0,98,226
10/14/2021,LNS,PA,AEA,EN,Federal Contract Tower,0,17,52,4,73,0,1,144,2,147,0,18,196,6,220,148,12,160,380
10/15/2021,LNS,PA,AEA,EN,Federal Contract Tower,0,21,50,7,78,0,0,200,6,206,0,21,250,13,284,150,10,160,444
10/16/2021,LNS,PA,AEA,EN,Federal Contract Tower,0,13,26,0,39,0,0,15,0,15,0,13,41,0,54,40,0,40,94
10/17/2021,LNS,PA,AEA,EN,Federal Contract Tower,0,15,34,0,49,0,1,90,0,91,0,16,124,0,140,84,0,84,224
10/18/2021,LNS,PA,AEA,EN,Federal Contract Tower,0,19,18,1,38,0,2,99,2,103,0,21,117,3,141,100,2,102,243
10/19/2021,LNS,PA,AEA,EN,Federal Contract Tower,0,16,21,4,41,0,3,138,2,143,0,19,159,6,184,124,0,124,308
10/20/2021,LNS,PA,AEA,EN,Federal Contract Tower,0,25,37,4,66,0,1,246,2,249,0,26,283,6,315,236,0,236,551
10/21/2021,LNS,PA,AEA,EN,Federal Contract Tower,0,14,35,1,50,0,1,226,4,231,0,15,261,5,281,144,12,156,437
10/22/2021,LNS,PA,AEA,EN,Federal Contract Tower,0,23,29,0,52,0,6,148,2,156,0,29,177,2,208,150,2,152,360
10/23/2021,LNS,PA,AEA,EN,Federal Contract Tower,0,27,26,0,53,0,4,90,0,94,0,31,116,0,147,136,0,136,283
10/24/2021,LNS,PA,AEA,EN,Federal Contract Tower,0,13,28,0,41,0,2,147,0,149,0,15,175,0,190,122,0,122,312
10/25/2021,LNS,PA,AEA,EN,Federal Contract Tower,0,12,29,4,45,0,0,96,0,96,0,12,125,4,141,188,12,200,341
10/26/2021,LNS,PA,AEA,EN,Federal Contract Tower,0,19,35,2,56,0,0,5,0,5,0,19,40,2,61,30,6,36,97
10/27/2021,LNS,PA,AEA,EN,Federal Contract Tower,0,15,29,2,46,0,0,99,0,99,0,15,128,2,145,160,20,180,325
10/28/2021,LNS,PA,AEA,EN,Federal Contract Tower,0,17,51,2,70,0,2,210,0,212,0,19,261,2,282,112,4,116,398
10/29/2021,LNS,PA,AEA,EN,Federal Contract Tower,0,17,30,6,53,0,2,0,0,2,0,19,30,6,55,2,4,6,61
10/30/2021,LNS,PA,AEA,EN,Federal Contract Tower,0,8,32,0,40,0,0,41,0,41,0,8,73,0,81,82,0,82,163
10/31/2021,LNS,PA,AEA,EN,Federal Contract Tower,0,11,49,0,60,0,0,29,0,29,0,11,78,0,89,50,0,50,139
11/01/2021,LNS,PA,AEA,EN,Federal Contract Tower,0,12,36,3,51,0,0,145,1,146,0,12,181,4,197,216,4,220,417
11/02/2021,LNS,PA,AEA,EN,Federal Contract Tower,0,15,47,3,65,0,5,63,1,69,0,20,110,4,134,200,8,208,342
11/03/2021,LNS,PA,AEA,EN,Federal Contract Tower,0,23,43,1,67,0,0,171,0,171,0,23,214,1,238,194,6,200,438
11/04/2021,LNS,PA,AEA,EN,Federal Contract Tower,0,24,52,5,81,0,1,154,1,156,0,25,206,6,237,150,0,150,387
11/05/2021,LNS,PA,AEA,EN,Federal Contract Tower,0,18,43,0,61,0,0,181,2,183,0,18,224,2,244,166,0,166,410
11/06/2021,LNS,PA,AEA,EN,Federal Contract Tower,0,10,27,0,37,0,6,140,0,146,0,16,167,0,183,124,0,124,307
11/07/2021,LNS,PA,AEA,EN,Federal Contract Tower,0,14,38,0,52,0,3,175,0,178,0,17,213,0,230,136,0,136,366
11/08/2021,LNS,PA,AEA,EN,Federal Contract Tower,0,19,33,4,56,0,4,132,2,138,0,23,165,6,194,164,8,172,366
11/09/2021,LNS,PA,AEA,EN,Federal Contract Tower,0,15,36,2,53,0,1,160,2,163,0,16,196,4,216,138,2,140,356
11/10/2021,LNS,PA,AEA,EN,Federal Contract Tower,0,18,43,6,67,0,0,145,3,148,0,18,188,9,215,166,18,184,399
11/11/2021,LNS,PA,AEA,EN,Federal Contract Tower,0,12,41,0,53,0,0,163,0,163,0,12,204,0,216,145,0,145,361
11/12/2021,LNS,PA,AEA,EN,Federal Contract Tower,0,14,23,0,37,0,2,65,0,67,0,16,88,0,104,186,0,186,290
11/13/2021,LNS,PA,AEA,EN,Federal Contract Tower,0,15,18,0,33,0,2,36,0,38,0,17,54,0,71,52,0,52,123
11/14/2021,LNS,PA,AEA,EN,Federal Contract Tower,0,19,26,0,45,0,3,149,0,152,0,22,175,0,197,88,0,88,285
11/15/2021,LNS,PA,AEA,EN,Federal Contract Tower,0,22,30,0,52,0,0,65,0,65,0,22,95,0,117,84,0,84,201
11/16/2021,LNS,PA,AEA,EN,Federal Contract Tower,0,14,47,4,65,0,0,152,0,152,0,14,199,4,217,138,10,148,365
11/17/2021,LNS,PA,AEA,EN,Federal Contract Tower,0,18,28,2,48,0,0,173,0,173,0,18,201,2,221,244,0,244,465
11/18/2021,LNS,PA,AEA,EN,Federal Contract Tower,0,18,26,6,50,0,1,76,6,83,0,19,102,12,133,96,2,98,231
11/19/2021,LNS,PA,AEA,EN,Federal Contract Tower,0,18,17,1,36,0,0,84,0,84,0,18,101,1,120,120,0,120,240
11/20/2021,LNS,PA,AEA,EN,Federal Contract Tower,0,16,17,0,33,0,0,168,0,168,0,16,185,0,201,120,0,120,321
11/21/2021,LNS,PA,AEA,EN,Federal Contract Tower,0,12,21,0,33,0,4,122,0,126,0,16,143,0,159,58,0,58,217
11/22/2021,LNS,PA,AEA,EN,Federal Contract Tower,0,12,18,4,34,0,1,95,0,96,0,13,113,4,130,122,6,128,258
11/23/2021,LNS,PA,AEA,EN,Federal Contract Tower,0,19,32,2,53,0,0,77,2,79,0,19,109,4,132,158,4,162,294
11/24/2021,LNS,PA,AEA,EN,Federal Contract Tower,0,21,41,2,64,0,1,189,0,190,0,22,230,2,254,164,0,164,418
11/25/2021,LNS,PA,AEA,EN,Federal Contract Tower,0,10,20,0,30,0,0,49,0,49,0,10,69,0,79,18,0,18,97
11/26/2021,LNS,PA,AEA,EN,Federal Contract Tower,0,6,15,0,21,0,0,5,0,5,0,6,20,0,26,14,0,14,40
11/27/2021,LNS,PA,AEA,EN,Federal Contract Tower,0,7,27,0,34,0,0,75,0,75,0,7,102,0,109,116,0,116,225
11/28/2021,LNS,PA,AEA,EN,Federal Contract Tower,0,17,29,0,46,0,2,140,0,142,0,19,169,0,188,116,0,116,304
11/29/2021,LNS,PA,AEA,EN,Federal Contract Tower,0,17,22,0,39,0,0,82,0,82,0,17,104,0,121,130,0,130,251
11/30/2021,LNS,PA,AEA,EN,Federal Contract Tower,0,14,25,3,42,0,0,52,1,53,0,14,77,4,95,112,10,122,217
12/01/2021,LNS,PA,AEA,EN,Federal Contract Tower,0,16,50,4,70,0,1,148,1,150,0,17,198,5,220,189,10,199,419
12/02/2021,LNS,PA,AEA,EN,Federal Contract Tower,0,19,35,1,55,0,0,86,2,88,0,19,121,3,143,135,0,135,278
12/03/2021,LNS,PA,AEA,EN,Federal Contract Tower,0,15,38,6,59,0,0,126,6,132,0,15,164,12,191,126,2,128,319
12/04/2021,LNS,PA,AEA,EN,Federal Contract Tower,0,11,31,0,42,0,4,199,4,207,0,15,230,4,249,144,0,144,393
12/05/2021,LNS,PA,AEA,EN,Federal Contract Tower,0,15,37,0,52,0,1,189,0,190,0,16,226,0,242,76,0,76,318
12/06/2021,LNS,PA,AEA,EN,Federal Contract Tower,0,14,11,1,26,0,0,16,0,16,0,14,27,1,42,80,0,80,122
12/07/2021,LNS,PA,AEA,EN,Federal Contract Tower,0,14,31,3,48,0,0,153,1,154,0,14,184,4,202,202,22,224,426
12/08/2021,LNS,PA,AEA,EN,Federal Contract Tower,0,28,15,5,48,0,0,58,1,59,0,28,73,6,107,156,12,168,275
12/09/2021,LNS,PA,AEA,EN,Federal Contract Tower,0,16,31,2,49,0,0,144,6,150,0,16,175,8,199,162,8,170,369
12/10/2021,LNS,PA,AEA,EN,Federal Contract Tower,0,19,36,0,55,0,0,138,2,140,0,19,174,2,195,200,0,200,395
12/11/2021,LNS,PA,AEA,EN,Federal Contract Tower,0,10,5,0,15,0,0,0,0,0,0,10,5,0,15,2,0,2,17
12/12/2021,LNS,PA,AEA,EN,Federal Contract Tower,0,11,23,1,35,0,2,87,1,90,0,13,110,2,125,44,0,44,169
12/13/2021,LNS,PA,AEA,EN,Federal Contract Tower,0,19,32,2,53,0,0,172,3,175,0,19,204,5,228,138,6,144,372
12/14/2021,LNS,PA,AEA,EN,Federal Contract Tower,0,17,25,3,45,0,0,155,4,159,0,17,180,7,204,106,6,112,316
12/15/2021,LNS,PA,AEA,EN,Federal Contract Tower,0,14,46,1,61,0,1,95,0,96,0,15,141,1,157,114,0,114,271
12/16/2021,LNS,PA,AEA,EN,Federal Contract Tower,0,19,40,0,59,0,1,156,2,159,0,20,196,2,218,154,0,154,372
12/17/2021,LNS,PA,AEA,EN,Federal Contract Tower,0,26,33,0,59,0,0,131,0,131,0,26,164,0,190,122,0,122,312
12/18/2021,LNS,PA,AEA,EN,Federal Contract Tower,0,13,34,0,47,0,0,1,0,1,0,13,35,0,48,4,0,4,52
12/19/2021,LNS,PA,AEA,EN,Federal Contract Tower,0,10,20,0,30,0,1,81,0,82,0,11,101,0,112,104,0,104,216
12/20/2021,LNS,PA,AEA,EN,Federal Contract Tower,0,13,23,2,38,0,1,143,0,144,0,14,166,2,182,102,0,102,284
12/21/2021,LNS,PA,AEA,EN,Federal Contract Tower,0,18,31,0,49,0,3,156,2,161,0,21,187,2,210,148,0,148,358
12/23/2021,LNS,PA,AEA,EN,Federal Contract Tower,0,18,30,0,48,0,3,164,0,167,0,21,194,0,215,106,0,106,321
12/24/2021,LNS,PA,AEA,EN,Federal Contract Tower,0,13,31,0,44,0,0,70,0,70,0,13,101,0,114,86,0,86,200
12/25/2021,LNS,PA,AEA,EN,Federal Contract Tower,0,2,4,0,6,0,0,3,0,3,0,2,7,0,9,0,0,0,9
12/26/2021,LNS,PA,AEA,EN,Federal Contract Tower,0,13,34,0,47,0,12,129,0,141,0,25,163,0,188,80,0,80,268
12/27/2021,LNS,PA,AEA,EN,Federal Contract Tower,0,12,14,0,26,0,0,9,0,9,0,12,23,0,35,43,0,43,78
12/29/2021,LNS,PA,AEA,EN,Federal Contract Tower,0,15,35,0,50,0,1,74,2,77,0,16,109,2,127,116,0,116,243
12/30/2021,LNS,PA,AEA,EN,Federal Contract Tower,0,10,45,0,55,0,0,0,0,0,0,10,45,0,55,10,0,10,65
12/31/2021,LNS,PA,AEA,EN,Federal Contract Tower,0,13,22,0,35,0,0,0,0,0,0,13,22,0,35,12,0,12,47
01/01/2022,LNS,PA,AEA,EN,Federal Contract Tower,0,3,12,0,15,0,0,0,0,0,0,3,12,0,15,0,0,0,15
01/02/2022,LNS,PA,AEA,EN,Federal Contract Tower,0,10,18,0,28,0,0,50,0,50,0,10,68,0,78,72,0,72,150
01/03/2022,LNS,PA,AEA,EN,Federal Contract Tower,0,12,18,0,30,0,2,90,2,94,0,14,108,2,124,110,0,110,234
01/04/2022,LNS,PA,AEA,EN,Federal Contract Tower,0,13,24,0,37,0,2,162,0,164,0,15,186,0,201,110,0,110,311
01/05/2022,LNS,PA,AEA,EN,Federal Contract Tower,0,13,18,2,33,0,0,91,2,93,0,13,109,4,126,88,2,90,216
01/06/2022,LNS,PA,AEA,EN,Federal Contract Tower,0,18,3,5,26,0,0,98,0,98,0,18,101,5,124,102,6,108,232
01/07/2022,LNS,PA,AEA,EN,Federal Contract Tower,0,15,13,0,28,0,1,14,2,17,0,16,27,2,45,0,0,0,45
01/08/2022,LNS,PA,AEA,EN,Federal Contract Tower,0,13,33,1,47,0,2,175,0,177,0,15,208,1,224,138,2,140,364
01/09/2022,LNS,PA,AEA,EN,Federal Contract Tower,0,7,7,0,14,0,0,0,0,0,0,7,7,0,14,0,0,0,14
01/10/2022,LNS,PA,AEA,EN,Federal Contract Tower,0,12,21,0,33,0,0,70,0,70,0,12,91,0,103,60,0,60,163
01/11/2022,LNS,PA,AEA,EN,Federal Contract Tower,0,19,16,1,36,0,1,99,8,108,0,20,115,9,144,130,2,132,276
01/12/2022,LNS,PA,AEA,EN,Federal Contract Tower,0,12,43,4,59,0,4,138,2,144,0,16,181,6,203,134,0,134,337
01/13/2022,LNS,PA,AEA,EN,Federal Contract Tower,0,21,24,4,49,0,0,190,3,193,0,21,214,7,242,146,4,150,392
01/14/2022,LNS,PA,AEA,EN,Federal Contract Tower,0,13,25,1,39,0,0,64,1,65,0,13,89,2,104,122,0,122,226
01/15/2022,LNS,PA,AEA,EN,Federal Contract Tower,0,10,25,0,35,0,0,89,0,89,0,10,114,0,124,84,0,84,208
01/16/2022,LNS,PA,AEA,EN,Federal Contract Tower,0,9,20,0,29,0,0,53,0,53,0,9,73,0,82,106,0,106,188
01/17/2022,LNS,PA,AEA,EN,Federal Contract Tower,0,4,9,0,13,0,10,0,0,10,0,14,9,0,23,28,0,28,51
01/18/2022,LNS,PA,AEA,EN,Federal Contract Tower,0,18,22,3,43,0,1,90,2,93,0,19,112,5,136,80,0,80,216
01/19/2022,LNS,PA,AEA,EN,Federal Contract Tower,0,16,28,0,44,0,0,154,4,158,0,16,182,4,202,140,0,140,342
01/20/2022,LNS,PA,AEA,EN,Federal Contract Tower,4,15,20,0,39,0,0,66,3,69,4,15,86,3,108,84,8,92,200
01/21/2022,LNS,PA,AEA,EN,Federal Contract Tower,0,12,33,0,45,0,0,129,1,130,0,12,162,1,175,184,2,186,361
01/22/2022,LNS,PA,AEA,EN,Federal Contract Tower,0,13,42,0,55,0,0,121,1,122,0,13,163,1,177,184,0,184,361
01/23/2022,LNS,PA,AEA,EN,Federal Contract Tower,0,6,14,0,20,0,0,96,0,96,0,6,110,0,116,102,0,102,218
01/24/2022,LNS,PA,AEA,EN,Federal Contract Tower,0,13,33,1,47,0,0,143,3,146,0,13,176,4,193,154,2,156,349
01/25/2022,LNS,PA,AEA,EN,Federal Contract Tower,0,18,34,5,57,0,0,113,5,118,0,18,147,10,175,130,8,138,313
01/26/2022,LNS,PA,AEA,EN,Federal Contract Tower,0,13,28,2,43,0,0,139,4,143,0,13,167,6,186,162,0,162,348
01/27/2022,LNS,PA,AEA,EN,Federal Contract Tower,0,18,37,4,59,0,0,165,2,167,0,18,202,6,226,116,2,118,344
01/28/2022,LNS,PA,AEA,EN,Federal Contract Tower,0,16,12,0,28,0,0,0,0,0,0,16,12,0,28,0,0,0,28
01/29/2022,LNS,PA,AEA,EN,Federal Contract Tower,0,5,4,0,9,0,0,6,0,6,0,5,10,0,15,8,0,8,23
01/30/2022,LNS,PA,AEA,EN,Federal Contract Tower,0,9,32,0,41,0,2,108,0,110,0,11,140,0,151,124,0,124,275
01/31/2022,LNS,PA,AEA,EN,Federal Contract Tower,0,12,42,1,55,0,0,139,3,142,0,12,181,4,197,148,16,164,361
02/01/2022,LNS,PA,AEA,EN,Federal Contract Tower,0,13,26,6,45,0,1,134,6,141,0,14,160,12,186,172,24,196,382
02/02/2022,LNS,PA,AEA,EN,Federal Contract Tower,0,17,23,0,40,0,2,60,0,62,0,19,83,0,102,148,0,148,250
02/03/2022,LNS,PA,AEA,EN,Federal Contract Tower,0,3,6,0,9,0,0,0,0,0,0,3,6,0,9,0,0,0,9
02/04/2022,LNS,PA,AEA,EN,Federal Contract Tower,0,14,3,0,17,0,0,0,0,0,0,14,3,0,17,0,0,0,17
02/05/2022,LNS,PA,AEA,EN,Federal Contract Tower,0,10,26,1,37,0,2,63,0,65,0,12,89,1,102,138,0,138,240
02/06/2022,LNS,PA,AEA,EN,Federal Contract Tower,0,13,28,5,46,0,0,166,0,166,0,13,194,5,212,166,0,166,378
02/07/2022,LNS,PA,AEA,EN,Federal Contract Tower,0,14,20,7,41,0,0,20,1,21,0,14,40,8,62,98,14,112,174
02/08/2022,LNS,PA,AEA,EN,Federal Contract Tower,0,16,32,6,54,0,0,94,6,100,0,16,126,12,154,177,24,201,355
02/09/2022,LNS,PA,AEA,EN,Federal Contract Tower,0,13,45,5,63,0,0,148,2,150,0,13,193,7,213,162,10,172,385
02/10/2022,LNS,PA,AEA,EN,Federal Contract Tower,0,15,31,5,51,0,0,123,2,125,0,15,154,7,176,74,4,78,254
02/11/2022,LNS,PA,AEA,EN,Federal Contract Tower,0,24,39,1,64,0,1,145,0,146,0,25,184,1,210,148,0,148,358
02/12/2022,LNS,PA,AEA,EN,Federal Contract Tower,0,14,24,0,38,0,1,115,2,118,0,15,139,2,156,122,0,122,278
02/13/2022,LNS,PA,AEA,EN,Federal Contract Tower,0,13,10,0,23,0,0,36,0,36,0,13,46,0,59,89,0,89,148
02/14/2022,LNS,PA,AEA,EN,Federal Contract Tower,0,14,31,5,50,0,0,84,1,85,0,14,115,6,135,122,0,122,257
02/15/2022,LNS,PA,AEA,EN,Federal Contract Tower,0,17,40,2,59,0,2,155,0,157,0,19,195,2,216,140,6,146,362
02/16/2022,LNS,PA,AEA,EN,Federal Contract Tower,0,22,16,4,42,0,4,117,3,124,0,26,133,7,166,198,6,204,370
02/17/2022,LNS,PA,AEA,EN,Federal Contract Tower,0,15,26,2,43,0,0,44,4,48,0,15,70,6,91,42,4,46,137
02/18/2022,LNS,PA,AEA,EN,Federal Contract Tower,0,14,10,0,24,0,0,23,0,23,0,14,33,0,47,26,0,26,73
02/19/2022,LNS,PA,AEA,EN,Federal Contract Tower,0,11,8,0,19,0,0,18,0,18,0,11,26,0,37,54,0,54,91
02/20/2022,LNS,PA,AEA,EN,Federal Contract Tower,0,11,21,0,32,0,2,244,1,247,0,13,265,1,279,144,0,144,423
02/21/2022,LNS,PA,AEA,EN,Federal Contract Tower,0,16,40,0,56,0,5,276,0,281,0,21,316,0,337,182,0,182,519
02/22/2022,LNS,PA,AEA,EN,Federal Contract Tower,0,16,28,2,46,0,0,1,1,2,0,16,29,3,48,22,0,22,70
02/23/2022,LNS,PA,AEA,EN,Federal Contract Tower,0,19,23,6,48,0,0,86,4,90,0,19,109,10,138,98,4,102,240
02/24/2022,LNS,PA,AEA,EN,Federal Contract Tower,0,21,18,1,40,0,0,115,2,117,0,21,133,3,157,220,0,220,377
02/25/2022,LNS,PA,AEA,EN,Federal Contract Tower,0,9,12,0,21,0,0,0,2,2,0,9,12,2,23,0,0,0,23
02/26/2022,LNS,PA,AEA,EN,Federal Contract Tower,0,16,29,0,45,0,0,218,0,218,0,16,247,0,263,174,0,174,437
02/27/2022,LNS,PA,AEA,EN,Federal Contract Tower,0,11,26,0,37,0,1,62,0,63,0,12,88,0,100,42,0,42,142
02/28/2022,LNS,PA,AEA,EN,Federal Contract Tower,0,22,44,3,69,0,4,147,1,152,0,26,191,4,221,174,0,174,395
03/01/2022,LNS,PA,AEA,EN,Federal Contract Tower,0,14,41,7,62,0,0,96,0,96,0,14,137,7,158,204,8,212,370
03/02/2022,LNS,PA,AEA,EN,Federal Contract Tower,0,11,53,2,66,0,0,202,0,202,0,11,255,2,268,128,2,130,398
03/03/2022,LNS,PA,AEA,EN,Federal Contract Tower,0,15,42,0,57,0,0,118,4,122,0,15,160,4,179,170,0,170,349
03/04/2022,LNS,PA,AEA,EN,Federal Contract Tower,0,19,32,2,53,0,0,225,0,225,0,19,257,2,278,228,0,228,506
03/05/2022,LNS,PA,AEA,EN,Federal Contract Tower,0,13,35,0,48,0,0,153,0,153,0,13,188,0,201,100,0,100,301
03/06/2022,LNS,PA,AEA,EN,Federal Contract Tower,0,14,16,0,30,0,0,62,0,62,0,14,78,0,92,68,0,68,160
03/07/2022,LNS,PA,AEA,EN,Federal Contract Tower,0,17,12,2,31,0,0,61,4,65,0,17,73,6,96,84,6,90,186
03/08/2022,LNS,PA,AEA,EN,Federal Contract Tower,0,16,43,6,65,0,0,100,0,100,0,16,143,6,165,124,6,130,295
03/09/2022,LNS,PA,AEA,EN,Federal Contract Tower,0,16,5,0,21,0,0,0,0,0,0,16,5,0,21,0,0,0,21
03/10/2022,LNS,PA,AEA,EN,Federal Contract Tower,0,22,40,6,68,0,0,143,2,145,0,22,183,8,213,110,0,110,323
03/11/2022,LNS,PA,AEA,EN,Federal Contract Tower,0,23,60,6,89,0,7,165,1,173,0,30,225,7,262,144,16,160,422
03/12/2022,LNS,PA,AEA,EN,Federal Contract Tower,0,8,2,0,10,0,0,2,0,2,0,8,4,0,12,0,0,0,12
03/13/2022,LNS,PA,AEA,EN,Federal Contract Tower,0,14,24,0,38,0,1,71,0,72,0,15,95,0,110,32,0,32,142
03/14/2022,LNS,PA,AEA,EN,Federal Contract Tower,0,20,30,4,54,0,3,163,0,166,0,23,193,4,220,110,0,110,330
03/15/2022,LNS,PA,AEA,EN,Federal Contract Tower,0,18,43,4,65,0,0,160,1,161,0,18,203,5,226,178,6,184,410
03/16/2022,LNS,PA,AEA,EN,Federal Contract Tower,0,18,52,4,74,0,0,172,0,172,0,18,224,4,246,190,0,190,436
03/17/2022,LNS,PA,AEA,EN,Federal Contract Tower,0,14,63,0,77,0,0,9,0,9,0,14,72,0,86,42,0,42,128
03/18/2022,LNS,PA,AEA,EN,Federal Contract Tower,0,16,52,5,73,0,1,164,3,168,0,17,216,8,241,100,16,116,357
03/19/2022,LNS,PA,AEA,EN,Federal Contract Tower,0,8,31,4,43,0,6,69,0,75,0,14,100,4,118,72,0,72,190
03/20/2022,LNS,PA,AEA,EN,Federal Contract Tower,0,9,26,0,35,0,1,43,0,44,0,10,69,0,79,76,0,76,155
03/21/2022,LNS,PA,AEA,EN,Federal Contract Tower,0,16,43,0,59,0,0,119,0,119,0,16,162,0,178,140,0,140,318
03/22/2022,LNS,PA,AEA,EN,Federal Contract Tower,0,14,53,0,67,0,2,156,2,160,0,16,209,2,227,176,0,176,403
03/23/2022,LNS,PA,AEA,EN,Federal Contract Tower,0,19,43,5,67,0,1,56,0,57,0,20,99,5,124,108,2,110,234
03/24/2022,LNS,PA,AEA,EN,Federal Contract Tower,0,20,57,0,77,0,0,0,0,0,0,20,57,0,77,14,0,14,91
03/25/2022,LNS,PA,AEA,EN,Federal Contract Tower,0,14,58,0,72,0,0,62,0,62,0,14,120,0,134,116,0,116,250
03/26/2022,LNS,PA,AEA,EN,Federal Contract Tower,0,9,29,0,38,0,0,63,0,63,0,9,92,0,101,132,0,132,233
03/27/2022,LNS,PA,AEA,EN,Federal Contract Tower,0,10,16,0,26,0,0,15,0,15,0,10,31,0,41,8,0,8,49
03/28/2022,LNS,PA,AEA,EN,Federal Contract Tower,0,14,18,3,35,0,1,36,1,38,0,15,54,4,73,48,0,48,121
03/29/2022,LNS,PA,AEA,EN,Federal Contract Tower,0,18,30,12,60,0,0,131,3,134,0,18,161,15,194,70,14,84,278
03/30/2022,LNS,PA,AEA,EN,Federal Contract Tower,0,21,32,2,55,0,2,101,1,104,0,23,133,3,159,120,4,124,283
03/31/2022,LNS,PA,AEA,EN,Federal Contract Tower,0,18,19,0,37,0,0,6,0,6,0,18,25,0,43,20,0,20,63
04/01/2022,LNS,PA,AEA,EN,Federal Contract Tower,0,16,35,1,52,0,2,46,2,50,0,18,81,3,102,14,2,16,118
04/02/2022,LNS,PA,AEA,EN,Federal Contract Tower,0,13,39,0,52,0,1,200,4,205,0,14,239,4,257,172,0,172,429
04/03/2022,LNS,PA,AEA,EN,Federal Contract Tower,0,12,23,0,35,0,0,17,0,17,0,12,40,0,52,50,0,50,102
04/04/2022,LNS,PA,AEA,EN,Federal Contract Tower,0,15,36,0,51,0,1,211,2,214,0,16,247,2,265,158,0,158,423
04/05/2022,LNS,PA,AEA,EN,Federal Contract Tower,0,13,66,3,82,0,1,100,1,102,0,14,166,4,184,146,0,146,330
04/06/2022,LNS,PA,AEA,EN,Federal Contract Tower,0,20,53,1,74,0,0,6,0,6,0,20,59,1,80,42,2,44,124
04/07/2022,LNS,PA,AEA,EN,Federal Contract Tower,0,25,17,0,42,0,0,0,0,0,0,25,17,0,42,0,0,0,42
04/08/2022,LNS,PA,AEA,EN,Federal Contract Tower,0,20,58,2,80,0,1,134,3,138,0,21,192,5,218,126,2,128,346
04/09/2022,LNS,PA,AEA,EN,Federal Contract Tower,0,15,24,0,39,0,0,62,0,62,0,15,86,0,101,82,0,82,183
04/10/2022,LNS,PA,AEA,EN,Federal Contract Tower,0,17,32,0,49,0,1,56,0,57,0,18,88,0,106,110,0,110,216
04/11/2022,LNS,PA,AEA,EN,Federal Contract Tower,0,16,33,2,51,0,0,211,0,211,0,16,244,2,262,106,20,126,388
04/12/2022,LNS,PA,AEA,EN,Federal Contract Tower,0,16,32,4,52,0,0,141,4,145,0,16,173,8,197,124,16,140,337
04/13/2022,LNS,PA,AEA,EN,Federal Contract Tower,0,15,44,8,67,0,4,146,3,153,0,19,190,11,220,122,16,138,358
04/14/2022,LNS,PA,AEA,EN,Federal Contract Tower,0,14,28,2,44,0,0,81,2,83,0,14,109,4,127,148,4,152,279
04/15/2022,LNS,PA,AEA,EN,Federal Contract Tower,0,16,58,1,75,0,0,149,2,151,0,16,207,3,226,56,12,68,294
04/16/2022,LNS,PA,AEA,EN,Federal Contract Tower,0,13,21,0,34,0,0,97,0,97,0,13,118,0,131,122,0,122,253
04/17/2022,LNS,PA,AEA,EN,Federal Contract Tower,0,9,12,0,21,0,0,46,0,46,0,9,58,0,67,70,0,70,137
04/18/2022,LNS,PA,AEA,EN,Federal Contract Tower,0,18,39,4,61,0,0,45,1,46,0,18,84,5,107,66,8,74,181
04/19/2022,LNS,PA,AEA,EN,Federal Contract Tower,0,20,21,2,43,0,1,51,1,53,0,21,72,3,96,36,2,38,134
04/20/2022,LNS,PA,AEA,EN,Federal Contract Tower,0,18,45,1,64,0,2,195,2,199,0,20,240,3,263,172,14,186,449
04/21/2022,LNS,PA,AEA,EN,Federal Contract Tower,0,14,47,0,61,0,0,105,2,107,0,14,152,2,168,144,2,146,314
04/22/2022,LNS,PA,AEA,EN,Federal Contract Tower,0,20,47,6,73,0,0,144,0,144,0,20,191,6,217,243,0,243,460
04/23/2022,LNS,PA,AEA,EN,Federal Contract Tower,0,11,61,0,72,0,0,154,0,154,0,11,215,0,226,138,0,138,364
04/24/2022,LNS,PA,AEA,EN,Federal Contract Tower,0,12,38,0,50,0,2,204,0,206,0,14,242,0,256,156,0,156,412
04/25/2022,LNS,PA,AEA,EN,Federal Contract Tower,0,23,76,0,99,0,0,33,0,33,0,23,109,0,132,120,0,120,252
04/26/2022,LNS,PA,AEA,EN,Federal Contract Tower,0,14,42,0,56,0,0,27,4,31,0,14,69,4,87,110,0,110,197
04/27/2022,LNS,PA,AEA,EN,Federal Contract Tower,0,16,14,0,30,0,0,57,3,60,0,16,71,3,90,46,4,50,140
04/28/2022,LNS,PA,AEA,EN,Federal Contract Tower,0,15,23,2,40,0,0,87,0,87,0,15,110,2,127,48,0,48,175
04/29/2022,LNS,PA,AEA,EN,Federal Contract Tower,0,19,39,0,58,0,0,127,0,127,0,19,166,0,185,128,0,128,313
04/30/2022,LNS,PA,AEA,EN,Federal Contract Tower,0,8,31,0,39,0,0,181,0,181,0,8,212,0,220,174,0,174,394
05/01/2022,LNS,PA,AEA,EN,Federal Contract Tower,0,10,26,0,36,0,0,73,0,73,0,10,99,0,109,76,0,76,185
05/02/2022,LNS,PA,AEA,EN,Federal Contract Tower,0,18,41,0,59,0,0,106,0,106,0,18,147,0,165,126,0,126,291
05/03/2022,LNS,PA,AEA,EN,Federal Contract Tower,0,21,33,6,60,0,2,78,0,80,0,23,111,6,140,126,0,126,266
05/04/2022,LNS,PA,AEA,EN,Federal Contract Tower,0,21,42,0,63,0,0,23,0,23,0,21,65,0,86,30,0,30,116
05/05/2022,LNS,PA,AEA,EN,Federal Contract Tower,0,20,34,6,60,0,3,255,0,258,0,23,289,6,318,262,0,262,580
05/06/2022,LNS,PA,AEA,EN,Federal Contract Tower,0,17,43,0,60,0,0,0,0,0,0,17,43,0,60,0,0,0,60
05/07/2022,LNS,PA,AEA,EN,Federal Contract Tower,0,11,5,0,16,0,0,2,0,2,0,11,7,0,18,0,0,0,18
05/08/2022,LNS,PA,AEA,EN,Federal Contract Tower,0,8,24,1,33,0,0,60,0,60,0,8,84,1,93,140,2,142,235
05/09/2022,LNS,PA,AEA,EN,Federal Contract Tower,0,14,38,0,52,0,0,119,0,119,0,14,157,0,171,128,0,128,299
05/10/2022,LNS,PA,AEA,EN,Federal Contract Tower,0,17,23,4,44,0,1,128,2,131,0,18,151,6,175,166,0,166,341
05/11/2022,LNS,PA,AEA,EN,Federal Contract Tower,0,18,40,4,62,0,6,173,1,180,0,24,213,5,242,114,4,118,360
05/12/2022,LNS,PA,AEA,EN,Federal Contract Tower,0,15,60,1,76,0,3,82,0,85,0,18,142,1,161,236,0,236,397
05/13/2022,LNS,PA,AEA,EN,Federal Contract Tower,0,24,72,0,96,0,0,8,0,8,0,24,80,0,104,0,0,0,104
05/14/2022,LNS,PA,AEA,EN,Federal Contract Tower,0,14,33,1,48,0,0,3,0,3,0,14,36,1,51,36,2,38,89
05/15/2022,LNS,PA,AEA,EN,Federal Contract Tower,0,10,44,0,54,0,0,21,0,21,0,10,65,0,75,64,2,66,141
05/16/2022,LNS,PA,AEA,EN,Federal Contract Tower,0,16,24,0,40,0,0,21,0,21,0,16,45,0,61,78,0,78,139
05/17/2022,LNS,PA,AEA,EN,Federal Contract Tower,0,17,35,1,53,0,2,97,2,101,0,19,132,3,154,62,23,85,239
05/18/2022,LNS,PA,AEA,EN,Federal Contract Tower,0,19,37,4,60,0,2,177,14,193,0,21,214,18,253,174,0,174,427
05/19/2022,LNS,PA,AEA,EN,Federal Contract Tower,0,18,43,7,68,0,4,68,0,72,0,22,111,7,140,92,0,92,232
05/20/2022,LNS,PA,AEA,EN,Federal Contract Tower,0,16,35,2,53,0,2,63,2,67,0,18,98,4,120,86,0,86,206
05/21/2022,LNS,PA,AEA,EN,Federal Contract Tower,0,14,44,2,60,0,1,172,0,173,0,15,216,2,233,88,0,88,321
05/22/2022,LNS,PA,AEA,EN,Federal Contract Tower,0,12,20,0,32,0,0,83,0,83,0,12,103,0,115,82,0,82,197
05/23/2022,LNS,PA,AEA,EN,Federal Contract Tower,0,14,46,3,63,0,3,100,1,104,0,17,146,4,167,213,0,213,380
05/24/2022,LNS,PA,AEA,EN,Federal Contract Tower,0,16,54,4,74,0,3,119,3,125,0,19,173,7,199,186,18,204,403
05/25/2022,LNS,PA,AEA,EN,Federal Contract Tower,0,14,37,8,59,0,2,167,2,171,0,16,204,10,230,187,12,199,429
05/26/2022,LNS,PA,AEA,EN,Federal Contract Tower,0,22,56,2,80,0,0,40,0,40,0,22,96,2,120,194,0,194,314
05/27/2022,LNS,PA,AEA,EN,Federal Contract Tower,0,18,30,0,48,0,0,6,2,8,0,18,36,2,56,6,0,6,62
05/28/2022,LNS,PA,AEA,EN,Federal Contract Tower,0,9,30,0,39,0,0,114,0,114,0,9,144,0,153,128,0,128,281
05/29/2022,LNS,PA,AEA,EN,Federal Contract Tower,0,12,25,0,37,0,1,174,0,175,0,13,199,0,212,106,0,106,318
05/30/2022,LNS,PA,AEA,EN,Federal Contract Tower,0,15,36,0,51,0,0,146,0,146,0,15,182,0,197,154,0,154,351
05/31/2022,LNS,PA,AEA,EN,Federal Contract Tower,0,23,55,2,80,0,2,132,2,136,0,25,187,4,216,176,2,178,394
06/01/2022,LNS,PA,AEA,EN,Federal Contract Tower,0,12,38,0,50,0,3,106,2,111,0,15,144,2,161,101,0,101,262
06/02/2022,LNS,PA,AEA,EN,Federal Contract Tower,0,14,30,0,44,0,2,40,4,46,0,16,70,4,90,136,0,136,226
06/03/2022,LNS,PA,AEA,EN,Federal Contract Tower,0,16,52,2,70,0,2,146,12,160,0,18,198,14,230,108,8,116,346
06/04/2022,LNS,PA,AEA,EN,Federal Contract Tower,0,14,33,2,49,0,1,186,2,189,0,15,219,4,238,148,12,160,398
06/05/2022,LNS,PA,AEA,EN,Federal Contract Tower,0,11,35,1,47,0,0,162,1,163,0,11,197,2,210,124,0,124,334
06/06/2022,LNS,PA,AEA,EN,Federal Contract Tower,0,15,49,0,64,0,1,160,0,161,0,16,209,0,225,123,0,123,348
06/07/2022,LNS,PA,AEA,EN,Federal Contract Tower,0,15,19,1,35,0,46,0,0,46,0,61,19,1,81,92,2,94,175
06/08/2022,LNS,PA,AEA,EN,Federal Contract Tower,0,17,35,1,53,0,1,106,0,107,0,18,141,1,160,150,2,152,312
06/09/2022,LNS,PA,AEA,EN,Federal Contract Tower,0,17,24,0,41,0,1,92,4,97,0,18,116,4,138,72,0,72,210
06/10/2022,LNS,PA,AEA,EN,Federal Contract Tower,0,15,34,0,49,0,0,203,0,203,0,15,237,0,252,118,0,118,370
06/11/2022,LNS,PA,AEA,EN,Federal Contract Tower,0,7,33,0,40,0,0,94,0,94,0,7,127,0,134,140,0,140,274
06/12/2022,LNS,PA,AEA,EN,Federal Contract Tower,0,8,18,0,26,0,0,8,0,8,0,8,26,0,34,2,0,2,36
06/13/2022,LNS,PA,AEA,EN,Federal Contract Tower,0,21,29,2,52,0,1,128,0,129,0,22,157,2,181,150,0,150,331
06/14/2022,LNS,PA,AEA,EN,Federal Contract Tower,0,15,27,1,43,0,0,80,1,81,0,15,107,2,124,236,2,238,362
06/15/2022,LNS,PA,AEA,EN,Federal Contract Tower,0,12,51,0,63,0,0,199,1,200,0,12,250,1,263,192,0,192,455
06/16/2022,LNS,PA,AEA,EN,Federal Contract Tower,0,17,32,0,49,0,0,17,4,21,0,17,49,4,70,70,2,72,142
06/17/2022,LNS,PA,AEA,EN,Federal Contract Tower,0,19,29,4,52,0,2,88,0,90,0,21,117,4,142,86,0,86,228
06/18/2022,LNS,PA,AEA,EN,Federal Contract Tower,0,8,5,0,13,0,0,51,0,51,0,8,56,0,64,58,0,58,122
06/19/2022,LNS,PA,AEA,EN,Federal Contract Tower,0,8,11,0,19,0,3,86,0,89,0,11,97,0,108,74,0,74,182
06/20/2022,LNS,PA,AEA,EN,Federal Contract Tower,0,18,31,0,49,0,1,224,0,225,0,19,255,0,274,140,0,140,414
06/21/2022,LNS,PA,AEA,EN,Federal Contract Tower,0,14,36,0,50,0,1,126,0,127,0,15,162,0,177,214,0,214,391
06/22/2022,LNS,PA,AEA,EN,Federal Contract Tower,0,14,31,1,46,0,1,65,3,69,0,15,96,4,115,92,0,92,207
06/23/2022,LNS,PA,AEA,EN,Federal Contract Tower,0,13,28,0,41,0,0,9,0,9,0,13,37,0,50,48,0,48,98
06/24/2022,LNS,PA,AEA,EN,Federal Contract Tower,0,20,62,0,82,0,0,134,2,136,0,20,196,2,218,174,0,174,392
06/25/2022,LNS,PA,AEA,EN,Federal Contract Tower,0,10,27,0,37,0,2,178,0,180,0,12,205,0,217,232,0,232,449
06/26/2022,LNS,PA,AEA,EN,Federal Contract Tower,0,14,18,0,32,0,0,87,0,87,0,14,105,0,119,32,0,32,151
06/27/2022,LNS,PA,AEA,EN,Federal Contract Tower,0,11,25,1,37,0,0,77,0,77,0,11,102,1,114,166,0,166,280
06/28/2022,LNS,PA,AEA,EN,Federal Contract Tower,0,12,35,0,47,0,1,170,1,172,0,13,205,1,219,166,0,166,385
06/29/2022,LNS,PA,AEA,EN,Federal Contract Tower,0,13,36,1,50,0,0,210,0,210,0,13,246,1,260,182,0,182,442
06/30/2022,LNS,PA,AEA,EN,Federal Contract Tower,0,16,36,10,62,0,0,180,3,183,0,16,216,13,245,132,8,140,385
07/01/2022,LNS,PA,AEA,EN,Federal Contract Tower,0,14,35,0,49,0,1,121,0,122,0,15,156,0,171,122,0,122,293
07/02/2022,LNS,PA,AEA,EN,Federal Contract Tower,0,12,17,0,29,0,0,72,0,72,0,12,89,0,101,172,0,172,273
07/03/2022,LNS,PA,AEA,EN,Federal Contract Tower,0,15,38,0,53,0,1,130,0,131,0,16,168,0,184,92,0,92,276
07/04/2022,LNS,PA,AEA,EN,Federal Contract Tower,0,15,19,0,34,0,0,150,0,150,0,15,169,0,184,164,0,164,348
07/05/2022,LNS,PA,AEA,EN,Federal Contract Tower,0,14,27,2,43,0,0,61,2,63,0,14,88,4,106,68,0,68,174
07/06/2022,LNS,PA,AEA,EN,Federal Contract Tower,0,17,52,2,71,0,1,137,3,141,0,18,189,5,212,224,4,228,440
07/07/2022,LNS,PA,AEA,EN,Federal Contract Tower,0,18,49,3,70,0,1,82,2,85,0,19,131,5,155,186,10,196,351
07/08/2022,LNS,PA,AEA,EN,Federal Contract Tower,0,17,84,2,103,0,0,49,1,50,0,17,133,3,153,112,0,112,265
07/09/2022,LNS,PA,AEA,EN,Federal Contract Tower,0,10,26,0,36,0,2,61,0,63,0,12,87,0,99,118,0,118,217
07/10/2022,LNS,PA,AEA,EN,Federal Contract Tower,0,12,35,0,47,0,3,230,0,233,0,15,265,0,280,186,0,186,466
07/11/2022,LNS,PA,AEA,EN,Federal Contract Tower,0,16,28,0,44,0,4,184,2,190,0,20,212,2,234,182,10,192,426
07/12/2022,LNS,PA,AEA,EN,Federal Contract Tower,0,24,14,0,38,0,8,90,2,100,0,32,104,2,138,94,12,106,244
07/13/2022,LNS,PA,AEA,EN,Federal Contract Tower,0,23,38,0,61,0,6,184,0,190,0,29,222,0,251,224,0,224,475
07/14/2022,LNS,PA,AEA,EN,Federal Contract Tower,0,20,33,0,53,0,1,143,1,145,0,21,176,1,198,198,8,206,404
07/15/2022,LNS,PA,AEA,EN,Federal Contract Tower,0,20,40,0,60,0,3,146,2,151,0,23,186,2,211,140,4,144,355
07/16/2022,LNS,PA,AEA,EN,Federal Contract Tower,0,17,36,0,53,0,0,62,0,62,0,17,98,0,115,146,0,146,261
07/17/2022,LNS,PA,AEA,EN,Federal Contract Tower,0,10,27,0,37,0,2,33,1,36,0,12,60,1,73,74,2,76,149
07/18/2022,LNS,PA,AEA,EN,Federal Contract Tower,0,17,22,0,39,0,0,41,2,43,0,17,63,2,82,80,0,80,162
07/19/2022,LNS,PA,AEA,EN,Federal Contract Tower,0,19,30,0,49,0,1,126,1,128,0,20,156,1,177,130,12,142,319
07/20/2022,LNS,PA,AEA,EN,Federal Contract Tower,0,20,46,5,71,0,9,151,0,160,0,29,197,5,231,190,0,190,421
07/21/2022,LNS,PA,AEA,EN,Federal Contract Tower,0,25,36,4,65,0,6,118,0,124,0,31,154,4,189,174,2,176,365
07/22/2022,LNS,PA,AEA,EN,Federal Contract Tower,0,24,37,2,63,0,5,148,0,153,0,29,185,2,216,180,0,180,396
07/23/2022,LNS,PA,AEA,EN,Federal Contract Tower,0,18,26,1,45,0,1,156,2,159,0,19,182,3,204,104,2,106,310
07/24/2022,LNS,PA,AEA,EN,Federal Contract Tower,0,20,31,0,51,0,5,95,0,100,0,25,126,0,151,146,0,146,297
07/25/2022,LNS,PA,AEA,EN,Federal Contract Tower,0,17,26,0,43,0,0,68,0,68,0,17,94,0,111,134,0,134,245
07/26/2022,LNS,PA,AEA,EN,Federal Contract Tower,0,13,25,1,39,0,1,187,0,188,0,14,212,1,227,166,2,168,395
07/27/2022,LNS,PA,AEA,EN,Federal Contract Tower,0,12,45,10,67,0,0,163,0,163,0,12,208,10,230,204,16,220,450
07/28/2022,LNS,PA,AEA,EN,Federal Contract Tower,0,19,37,1,57,0,0,84,0,84,0,19,121,1,141,146,0,146,287
07/29/2022,LNS,PA,AEA,EN,Federal Contract Tower,0,20,28,2,50,0,4,81,1,86,0,24,109,3,136,76,10,86,222
07/30/2022,LNS,PA,AEA,EN,Federal Contract Tower,0,11,43,0,54,0,7,157,0,164,0,18,200,0,218,204,0,204,422
07/31/2022,LNS,PA,AEA,EN,Federal Contract Tower,0,14,34,0,48,0,0,109,0,109,0,14,143,0,157,74,0,74,231
08/01/2022,LNS,PA,AEA,EN,Federal Contract Tower,0,20,26,5,51,0,0,61,0,61,0,20,87,5,112,89,4,93,205
08/02/2022,LNS,PA,AEA,EN,Federal Contract Tower,0,14,35,1,50,0,0,163,2,165,0,14,198,3,215,196,6,202,417
08/03/2022,LNS,PA,AEA,EN,Federal Contract Tower,0,12,33,0,45,0,1,193,1,195,0,13,226,1,240,298,4,302,542
08/04/2022,LNS,PA,AEA,EN,Federal Contract Tower,0,13,25,11,49,0,1,141,0,142,0,14,166,11,191,82,8,90,281
08/05/2022,LNS,PA,AEA,EN,Federal Contract Tower,0,13,27,0,40,0,1,90,0,91,0,14,117,0,131,108,0,108,239
08/06/2022,LNS,PA,AEA,EN,Federal Contract Tower,0,11,46,2,59,0,0,32,0,32,0,11,78,2,91,82,2,84,175
08/07/2022,LNS,PA,AEA,EN,Federal Contract Tower,0,12,36,0,48,0,0,92,0,92,0,12,128,0,140,88,0,88,228
08/08/2022,LNS,PA,AEA,EN,Federal Contract Tower,0,21,29,0,50,0,0,111,0,111,0,21,140,0,161,114,0,114,275
08/09/2022,LNS,PA,AEA,EN,Federal Contract Tower,0,15,23,0,38,0,2,98,1,101,0,17,121,1,139,172,0,172,311
08/10/2022,LNS,PA,AEA,EN,Federal Contract Tower,0,19,24,0,43,0,0,126,0,126,0,19,150,0,169,264,0,264,433
08/11/2022,LNS,PA,AEA,EN,Federal Contract Tower,0,17,34,0,51,0,2,171,2,175,0,19,205,2,226,160,0,160,386
08/12/2022,LNS,PA,AEA,EN,Federal Contract Tower,0,15,50,5,70,0,3,135,0,138,0,18,185,5,208,110,8,118,326
08/13/2022,LNS,PA,AEA,EN,Federal Contract Tower,0,13,46,0,59,0,8,196,0,204,0,21,242,0,263,188,0,188,451
08/14/2022,LNS,PA,AEA,EN,Federal Contract Tower,0,16,25,0,41,0,1,139,0,140,0,17,164,0,181,116,0,116,297
08/15/2022,LNS,PA,AEA,EN,Federal Contract Tower,0,15,32,0,47,0,4,123,0,127,0,19,155,0,174,216,0,216,390
08/16/2022,LNS,PA,AEA,EN,Federal Contract Tower,0,22,39,1,62,0,0,119,2,121,0,22,158,3,183,220,2,222,405
08/17/2022,LNS,PA,AEA,EN,Federal Contract Tower,0,18,37,0,55,0,3,92,4,99,0,21,129,4,154,180,0,180,334
08/18/2022,LNS,PA,AEA,EN,Federal Contract Tower,0,20,25,5,50,0,0,233,0,233,0,20,258,5,283,254,2,256,539
08/19/2022,LNS,PA,AEA,EN,Federal Contract Tower,0,14,47,0,61,0,3,166,0,169,0,17,213,0,230,114,0,114,344
08/20/2022,LNS,PA,AEA,EN,Federal Contract Tower,0,11,42,0,53,0,1,118,0,119,0,12,160,0,172,183,0,183,355
08/21/2022,LNS,PA,AEA,EN,Federal Contract Tower,0,10,28,0,38,0,0,41,0,41,0,10,69,0,79,78,0,78,157
08/22/2022,LNS,PA,AEA,EN,Federal Contract Tower,0,18,15,2,35,0,0,7,2,9,0,18,22,4,44,66,0,66,110
08/23/2022,LNS,PA,AEA,EN,Federal Contract Tower,0,18,54,2,74,0,0,103,6,109,0,18,157,8,183,236,10,246,429
08/24/2022,LNS,PA,AEA,EN,Federal Contract Tower,0,17,45,6,68,0,3,178,2,183,0,20,223,8,251,148,16,164,415
08/25/2022,LNS,PA,AEA,EN,Federal Contract Tower,0,16,30,2,48,0,1,176,0,177,0,17,206,2,225,328,2,330,555
08/26/2022,LNS,PA,AEA,EN,Federal Contract Tower,0,22,46,1,69,0,0,117,6,123,0,22,163,7,192,122,6,128,320
08/27/2022,LNS,PA,AEA,EN,Federal Contract Tower,0,14,22,0,36,0,3,145,0,148,0,17,167,0,184,132,0,132,316
08/28/2022,LNS,PA,AEA,EN,Federal Contract Tower,0,12,37,0,49,0,0,41,0,41,0,12,78,0,90,72,0,72,162
08/29/2022,LNS,PA,AEA,EN,Federal Contract Tower,0,20,38,1,59,0,0,90,0,90,0,20,128,1,149,152,2,154,303
08/30/2022,LNS,PA,AEA,EN,Federal Contract Tower,0,17,28,0,45,0,0,57,2,59,0,17,85,2,104,94,6,100,204
08/31/2022,LNS,PA,AEA,EN,Federal Contract Tower,0,14,32,8,54,0,4,184,0,188,0,18,216,8,242,240,2,242,484
09/01/2022,LNS,PA,AEA,EN,Federal Contract Tower,0,21,49,5,75,0,1,137,2,140,0,22,186,7,215,192,6,198,413
09/02/2022,LNS,PA,AEA,EN,Federal Contract Tower,0,17,35,2,54,0,0,184,1,185,0,17,219,3,239,181,4,185,424
09/03/2022,LNS,PA,AEA,EN,Federal Contract Tower,0,8,32,0,40,0,3,149,0,152,0,11,181,0,192,144,0,144,336
09/04/2022,LNS,PA,AEA,EN,Federal Contract Tower,0,10,22,0,32,0,0,148,0,148,0,10,170,0,180,112,0,112,292
09/05/2022,LNS,PA,AEA,EN,Federal Contract Tower,0,15,11,0,26,0,0,42,0,42,0,15,53,0,68,118,0,118,186
09/06/2022,LNS,PA,AEA,EN,Federal Contract Tower,0,13,29,0,42,0,0,3,0,3,0,13,32,0,45,16,6,22,67
09/07/2022,LNS,PA,AEA,EN,Federal Contract Tower,0,17,41,0,58,0,0,2,0,2,0,17,43,0,60,14,0,14,74
09/08/2022,LNS,PA,AEA,EN,Federal Contract Tower,0,18,34,1,53,0,0,146,2,148,0,18,180,3,201,144,4,148,349
09/09/2022,LNS,PA,AEA,EN,Federal Contract Tower,0,16,41,1,58,0,1,172,2,175,0,17,213,3,233,177,2,179,412
09/10/2022,LNS,PA,AEA,EN,Federal Contract Tower,0,11,38,0,49,0,0,115,2,117,0,11,153,2,166,72,30,102,268
09/11/2022,LNS,PA,AEA,EN,Federal Contract Tower,0,17,25,0,42,0,0,0,0,0,0,17,25,0,42,10,0,10,52
09/12/2022,LNS,PA,AEA,EN,Federal Contract Tower,0,18,23,0,41,0,0,6,0,6,0,18,29,0,47,24,0,24,71
09/13/2022,LNS,PA,AEA,EN,Federal Contract Tower,0,24,35,1,60,0,0,111,0,111,0,24,146,1,171,152,8,160,331
09/14/2022,LNS,PA,AEA,EN,Federal Contract Tower,0,22,40,1,63,0,0,186,9,195,0,22,226,10,258,206,0,206,464
09/15/2022,LNS,PA,AEA,EN,Federal Contract Tower,0,23,30,6,59,0,0,182,1,183,0,23,212,7,242,252,12,264,506
09/16/2022,LNS,PA,AEA,EN,Federal Contract Tower,0,15,39,1,55,0,3,137,0,140,0,18,176,1,195,210,8,218,413
09/17/2022,LNS,PA,AEA,EN,Federal Contract Tower,0,8,16,0,24,0,6,120,6,132,0,14,136,6,156,260,34,294,450
09/18/2022,LNS,PA,AEA,EN,Federal Contract Tower,0,9,9,0,18,0,4,182,7,193,0,13,191,7,211,260,22,282,493
09/19/2022,LNS,PA,AEA,EN,Federal Contract Tower,0,12,27,0,39,0,0,118,0,118,0,12,145,0,157,152,0,152,309
09/20/2022,LNS,PA,AEA,EN,Federal Contract Tower,0,13,35,3,51,0,0,138,1,139,0,13,173,4,190,226,6,232,422
09/21/2022,LNS,PA,AEA,EN,Federal Contract Tower,0,15,40,1,56,0,0,159,0,159,0,15,199,1,215,232,2,234,449
09/22/2022,LNS,PA,AEA,EN,Federal Contract Tower,0,13,19,0,32,0,2,68,0,70,0,15,87,0,102,78,0,78,180
09/23/2022,LNS,PA,AEA,EN,Federal Contract Tower,0,19,26,0,45,0,0,74,0,74,0,19,100,0,119,58,0,58,177
09/24/2022,LNS,PA,AEA,EN,Federal Contract Tower,0,13,22,0,35,0,3,188,0,191,0,16,210,0,226,262,0,262,488
09/25/2022,LNS,PA,AEA,EN,Federal Contract Tower,0,16,26,0,42,0,0,47,0,47,0,16,73,0,89,52,0,52,141
09/26/2022,LNS,PA,AEA,EN,Federal Contract Tower,0,16,27,2,45,0,0,137,0,137,0,16,164,2,182,130,0,130,312
09/27/2022,LNS,PA,AEA,EN,Federal Contract Tower,0,11,24,1,36,0,0,115,0,115,0,11,139,1,151,207,0,207,358
09/28/2022,LNS,PA,AEA,EN,Federal Contract Tower,0,14,30,1,45,0,0,174,0,174,0,14,204,1,219,232,2,234,453
09/29/2022,LNS,PA,AEA,EN,Federal Contract Tower,0,12,39,0,51,0,1,160,0,161,0,13,199,0,212,184,0,184,396
09/30/2022,LNS,PA,AEA,EN,Federal Contract Tower,0,19,44,0,63,0,0,141,0,141,0,19,185,0,204,184,0,184,388
10/01/2022,LNS,PA,AEA,EN,Federal Contract Tower,0,11,21,0,32,0,0,0,0,0,0,11,21,0,32,6,0,6,38
10/02/2022,LNS,PA,AEA,EN,Federal Contract Tower,0,16,16,0,32,0,0,0,0,0,0,16,16,0,32,6,0,6,38
10/03/2022,LNS,PA,AEA,EN,Federal Contract Tower,0,19,31,0,50,0,1,61,0,62,0,20,92,0,112,174,0,174,286
10/04/2022,LNS,PA,AEA,EN,Federal Contract Tower,0,14,17,0,31,0,0,0,0,0,0,14,17,0,31,2,0,2,33
10/05/2022,LNS,PA,AEA,EN,Federal Contract Tower,0,14,51,5,70,0,0,23,1,24,0,14,74,6,94,136,18,154,248
10/06/2022,LNS,PA,AEA,EN,Federal Contract Tower,0,20,49,1,70,0,0,209,0,209,0,20,258,1,279,290,0,290,569
10/07/2022,LNS,PA,AEA,EN,Federal Contract Tower,0,23,67,0,90,0,0,138,0,138,0,23,205,0,228,173,0,173,401
10/08/2022,LNS,PA,AEA,EN,Federal Contract Tower,0,13,36,0,49,0,0,112,0,112,0,13,148,0,161,128,0,128,289
10/09/2022,LNS,PA,AEA,EN,Federal Contract Tower,0,15,28,0,43,0,1,135,0,136,0,16,163,0,179,154,0,154,333
10/10/2022,LNS,PA,AEA,EN,Federal Contract Tower,0,18,32,0,50,0,0,170,2,172,0,18,202,2,222,208,0,208,430
10/11/2022,LNS,PA,AEA,EN,Federal Contract Tower,0,17,47,3,67,0,6,201,0,207,0,23,248,3,274,212,4,216,490
10/12/2022,LNS,PA,AEA,EN,Federal Contract Tower,0,17,38,1,56,0,1,150,0,151,0,18,188,1,207,150,2,152,359
10/13/2022,LNS,PA,AEA,EN,Federal Contract Tower,0,19,42,0,61,0,0,4,0,4,0,19,46,0,65,36,0,36,101
10/14/2022,LNS,PA,AEA,EN,Federal Contract Tower,0,13,47,4,64,0,0,180,0,180,0,13,227,4,244,242,2,244,488
10/15/2022,LNS,PA,AEA,EN,Federal Contract Tower,0,13,23,1,37,0,1,109,0,110,0,14,132,1,147,136,0,136,283
10/16/2022,LNS,PA,AEA,EN,Federal Contract Tower,0,7,34,0,41,0,1,111,0,112,0,8,145,0,153,190,0,190,343
10/17/2022,LNS,PA,AEA,EN,Federal Contract Tower,0,13,34,1,48,0,0,64,2,66,0,13,98,3,114,270,2,272,386
10/18/2022,LNS,PA,AEA,EN,Federal Contract Tower,0,18,36,0,54,0,1,115,0,116,0,19,151,0,170,178,0,178,348
10/19/2022,LNS,PA,AEA,EN,Federal Contract Tower,0,18,31,3,52,0,0,115,3,118,0,18,146,6,170,246,4,250,420
10/20/2022,LNS,PA,AEA,EN,Federal Contract Tower,0,17,40,2,59,0,0,145,3,148,0,17,185,5,207,220,2,222,429
10/21/2022,LNS,PA,AEA,EN,Federal Contract Tower,0,11,54,2,67,0,0,175,0,175,0,11,229,2,242,234,4,238,480
10/22/2022,LNS,PA,AEA,EN,Federal Contract Tower,0,13,36,1,50,0,2,224,0,226,0,15,260,1,276,186,2,188,464
10/23/2022,LNS,PA,AEA,EN,Federal Contract Tower,0,18,36,0,54,0,0,74,0,74,0,18,110,0,128,140,0,140,268
10/24/2022,LNS,PA,AEA,EN,Federal Contract Tower,0,20,45,6,71,0,0,2,0,2,0,20,47,6,73,18,4,22,95
10/25/2022,LNS,PA,AEA,EN,Federal Contract Tower,0,19,50,0,69,0,0,5,0,5,0,19,55,0,74,66,0,66,140
10/26/2022,LNS,PA,AEA,EN,Federal Contract Tower,0,11,44,5,60,0,0,44,3,47,0,11,88,8,107,180,10,190,297
10/27/2022,LNS,PA,AEA,EN,Federal Contract Tower,0,21,48,5,74,0,0,141,13,154,0,21,189,18,228,303,32,335,563
10/28/2022,LNS,PA,AEA,EN,Federal Contract Tower,0,15,48,1,64,0,0,146,2,148,0,15,194,3,212,248,2,250,462
10/29/2022,LNS,PA,AEA,EN,Federal Contract Tower,0,4,33,0,37,0,0,192,0,192,0,4,225,0,229,200,0,200,429
10/30/2022,LNS,PA,AEA,EN,Federal Contract Tower,0,10,29,0,39,0,0,110,0,110,0,10,139,0,149,220,0,220,369
10/31/2022,LNS,PA,AEA,EN,Federal Contract Tower,0,8,38,0,46,0,0,12,1,13,0,8,50,1,59,78,6,84,143
11/01/2022,LNS,PA,AEA,EN,Federal Contract Tower,0,12,47,2,61,0,0,56,0,56,0,12,103,2,117,122,2,124,241
11/02/2022,LNS,PA,AEA,EN,Federal Contract Tower,0,20,32,4,56,0,1,215,4,220,0,21,247,8,276,230,16,246,522
11/03/2022,LNS,PA,AEA,EN,Federal Contract Tower,0,12,21,4,37,0,0,182,4,186,0,12,203,8,223,178,14,192,415
11/04/2022,LNS,PA,AEA,EN,Federal Contract Tower,0,6,46,2,54,0,1,122,0,123,0,7,168,2,177,186,6,192,369
11/05/2022,LNS,PA,AEA,EN,Federal Contract Tower,0,5,23,0,28,0,0,76,0,76,0,5,99,0,104,134,0,134,238
11/06/2022,LNS,PA,AEA,EN,Federal Contract Tower,0,12,21,2,35,0,0,25,0,25,0,12,46,2,60,160,6,166,226
11/07/2022,LNS,PA,AEA,EN,Federal Contract Tower,0,12,42,0,54,0,1,142,1,144,0,13,184,1,198,240,12,252,450
11/08/2022,LNS,PA,AEA,EN,Federal Contract Tower,0,13,29,0,42,0,0,139,2,141,0,13,168,2,183,164,0,164,347
11/09/2022,LNS,PA,AEA,EN,Federal Contract Tower,0,12,36,3,51,0,2,191,0,193,0,14,227,3,244,200,6,206,450
11/10/2022,LNS,PA,AEA,EN,Federal Contract Tower,0,18,40,0,58,0,3,181,0,184,0,21,221,0,242,126,0,126,368
11/11/2022,LNS,PA,AEA,EN,Federal Contract Tower,0,15,20,0,35,0,0,1,0,1,0,15,21,0,36,2,0,2,38
11/12/2022,LNS,PA,AEA,EN,Federal Contract Tower,0,11,31,0,42,0,0,81,0,81,0,11,112,0,123,132,0,132,255
11/13/2022,LNS,PA,AEA,EN,Federal Contract Tower,0,13,23,0,36,0,0,40,0,40,0,13,63,0,76,76,0,76,152
11/14/2022,LNS,PA,AEA,EN,Federal Contract Tower,0,20,35,0,55,0,0,175,0,175,0,20,210,0,230,224,0,224,454
11/15/2022,LNS,PA,AEA,EN,Federal Contract Tower,0,15,28,0,43,0,0,59,0,59,0,15,87,0,102,178,0,178,280
11/16/2022,LNS,PA,AEA,EN,Federal Contract Tower,0,20,25,1,46,0,0,92,0,92,0,20,117,1,138,166,2,168,306
11/17/2022,LNS,PA,AEA,EN,Federal Contract Tower,0,17,31,7,55,0,0,97,3,100,0,17,128,10,155,98,10,108,263
11/18/2022,LNS,PA,AEA,EN,Federal Contract Tower,0,17,26,0,43,0,0,119,7,126,0,17,145,7,169,148,6,154,323
11/19/2022,LNS,PA,AEA,EN,Federal Contract Tower,0,5,40,2,47,0,0,125,0,125,0,5,165,2,172,222,4,226,398
11/20/2022,LNS,PA,AEA,EN,Federal Contract Tower,1,13,7,0,21,0,1,14,0,15,1,14,21,0,36,10,0,10,46
11/21/2022,LNS,PA,AEA,EN,Federal Contract Tower,0,22,33,4,59,0,0,136,2,138,0,22,169,6,197,165,8,173,370
11/22/2022,LNS,PA,AEA,EN,Federal Contract Tower,0,19,40,1,60,0,1,157,2,160,0,20,197,3,220,190,0,190,410
11/23/2022,LNS,PA,AEA,EN,Federal Contract Tower,0,17,30,0,47,0,0,198,0,198,0,17,228,0,245,124,0,124,369
11/24/2022,LNS,PA,AEA,EN,Federal Contract Tower,0,0,5,0,5,0,0,66,0,66,0,0,71,0,71,50,0,50,121
11/25/2022,LNS,PA,AEA,EN,Federal Contract Tower,0,15,20,0,35,0,0,30,0,30,0,15,50,0,65,58,0,58,123
11/26/2022,LNS,PA,AEA,EN,Federal Contract Tower,0,5,39,0,44,0,0,154,0,154,0,5,193,0,198,178,0,178,376
11/27/2022,LNS,PA,AEA,EN,Federal Contract Tower,0,16,18,0,34,0,0,5,0,5,0,16,23,0,39,58,0,58,97
11/28/2022,LNS,PA,AEA,EN,Federal Contract Tower,0,17,15,0,32,0,0,28,0,28,0,17,43,0,60,92,0,92,152
11/29/2022,LNS,PA,AEA,EN,Federal Contract Tower,0,16,25,0,41,0,2,173,4,179,0,18,198,4,220,204,0,204,424
11/30/2022,LNS,PA,AEA,EN,Federal Contract Tower,0,10,18,0,28,0,0,2,0,2,0,10,20,0,30,6,0,6,36
12/01/2022,LNS,PA,AEA,EN,Federal Contract Tower,0,10,24,0,34,0,0,99,1,100,0,10,123,1,134,92,4,96,230
12/02/2022,LNS,PA,AEA,EN,Federal Contract Tower,0,11,29,3,43,0,0,221,1,222,0,11,250,4,265,208,4,212,477
12/03/2022,LNS,PA,AEA,EN,Federal Contract Tower,0,13,5,0,18,0,0,6,2,8,0,13,11,2,26,0,0,0,26
12/04/2022,LNS,PA,AEA,EN,Federal Contract Tower,0,10,22,0,32,0,0,166,0,166,0,10,188,0,198,228,0,228,426
12/05/2022,LNS,PA,AEA,EN,Federal Contract Tower,0,11,23,1,35,0,0,144,0,144,0,11,167,1,179,154,0,154,333
12/06/2022,LNS,PA,AEA,EN,Federal Contract Tower,0,14,11,0,25,0,0,0,0,0,0,14,11,0,25,0,0,0,25
12/07/2022,LNS,PA,AEA,EN,Federal Contract Tower,0,15,14,0,29,0,0,0,0,0,0,15,14,0,29,0,0,0,29
12/08/2022,LNS,PA,AEA,EN,Federal Contract Tower,0,15,36,0,51,0,1,105,0,106,0,16,141,0,157,224,0,224,381
12/09/2022,LNS,PA,AEA,EN,Federal Contract Tower,0,21,30,0,51,0,4,157,2,163,0,25,187,2,214,206,0,206,420
12/10/2022,LNS,PA,AEA,EN,Federal Contract Tower,0,13,38,0,51,0,0,197,0,197,0,13,235,0,248,182,0,182,430
12/11/2022,LNS,PA,AEA,EN,Federal Contract Tower,0,4,14,0,18,0,0,0,0,0,0,4,14,0,18,0,0,0,18
12/12/2022,LNS,PA,AEA,EN,Federal Contract Tower,0,21,21,2,44,0,0,75,0,75,0,21,96,2,119,302,0,302,421
12/13/2022,LNS,PA,AEA,EN,Federal Contract Tower,0,17,29,1,47,0,1,156,2,159,0,18,185,3,206,100,8,108,314
12/14/2022,LNS,PA,AEA,EN,Federal Contract Tower,0,14,39,2,55,0,0,138,4,142,0,14,177,6,197,240,0,240,437
12/15/2022,LNS,PA,AEA,EN,Federal Contract Tower,0,1,2,0,3,0,0,0,0,0,0,1,2,0,3,0,0,0,3
12/16/2022,LNS,PA,AEA,EN,Federal Contract Tower,0,10,34,0,44,0,1,28,0,29,0,11,62,0,73,90,0,90,163
12/17/2022,LNS,PA,AEA,EN,Federal Contract Tower,0,6,26,0,32,0,0,98,0,98,0,6,124,0,130,164,0,164,294
12/18/2022,LNS,PA,AEA,EN,Federal Contract Tower,0,9,18,0,27,0,1,83,0,84,0,10,101,0,111,172,0,172,283
12/19/2022,LNS,PA,AEA,EN,Federal Contract Tower,0,15,35,1,51,0,1,123,0,124,0,16,158,1,175,232,0,232,407
12/20/2022,LNS,PA,AEA,EN,Federal Contract Tower,0,15,28,7,50,0,0,136,2,138,0,15,164,9,188,198,8,206,394
12/21/2022,LNS,PA,AEA,EN,Federal Contract Tower,0,13,40,1,54,0,1,209,0,210,0,14,249,1,264,198,0,198,462
12/22/2022,LNS,PA,AEA,EN,Federal Contract Tower,0,14,12,0,26,0,0,0,0,0,0,14,12,0,26,0,0,0,26
12/23/2022,LNS,PA,AEA,EN,Federal Contract Tower,0,3,3,0,6,0,0,3,0,3,0,3,6,0,9,0,0,0,9
12/24/2022,LNS,PA,AEA,EN,Federal Contract Tower,0,4,3,0,7,0,0,6,0,6,0,4,9,0,13,18,0,18,31
12/25/2022,LNS,PA,AEA,EN,Federal Contract Tower,0,4,2,0,6,0,0,1,0,1,0,4,3,0,7,0,0,0,7
12/26/2022,LNS,PA,AEA,EN,Federal Contract Tower,0,16,29,0,45,0,11,158,1,170,0,27,187,1,215,152,0,152,367
12/27/2022,LNS,PA,AEA,EN,Federal Contract Tower,0,18,27,0,45,0,0,137,0,137,0,18,164,0,182,242,2,244,426
12/28/2022,LNS,PA,AEA,EN,Federal Contract Tower,0,16,34,2,52,0,2,169,1,172,0,18,203,3,224,190,18,208,432
12/29/2022,LNS,PA,AEA,EN,Federal Contract Tower,0,19,50,0,69,0,0,217,0,217,0,19,267,0,286,176,0,176,462
12/30/2022,LNS,PA,AEA,EN,Federal Contract Tower,0,15,44,0,59,0,0,179,0,179,0,15,223,0,238,158,0,158,396
12/31/2022,LNS,PA,AEA,EN,Federal Contract Tower,0,11,12,0,23,0,0,0,0,0,0,11,12,0,23,4,0,4,27
01/01/2023,LNS,PA,AEA,EN,Federal Contract Tower,0,6,22,0,28,0,0,64,0,64,0,6,86,0,92,72,0,72,164
01/02/2023,LNS,PA,AEA,EN,Federal Contract Tower,0,14,33,0,47,0,0,152,0,152,0,14,185,0,199,208,0,208,407
01/04/2023,LNS,PA,AEA,EN,Federal Contract Tower,0,10,27,0,37,0,0,19,0,19,0,10,46,0,56,34,0,34,90
01/05/2023,LNS,PA,AEA,EN,Federal Contract Tower,0,14,53,3,70,0,0,154,2,156,0,14,207,5,226,186,4,190,416
01/06/2023,LNS,PA,AEA,EN,Federal Contract Tower,0,10,31,1,42,0,0,70,2,72,0,10,101,3,114,166,10,176,290
01/07/2023,LNS,PA,AEA,EN,Federal Contract Tower,0,8,20,0,28,0,1,112,2,115,0,9,132,2,143,136,0,136,279
01/08/2023,LNS,PA,AEA,EN,Federal Contract Tower,0,8,26,0,34,0,3,154,0,157,0,11,180,0,191,106,0,106,297
01/09/2023,LNS,PA,AEA,EN,Federal Contract Tower,0,16,25,1,42,0,1,83,3,87,0,17,108,4,129,162,2,164,293
01/10/2023,LNS,PA,AEA,EN,Federal Contract Tower,0,10,34,2,46,0,0,97,0,97,0,10,131,2,143,166,0,166,309
01/11/2023,LNS,PA,AEA,EN,Federal Contract Tower,0,8,41,1,50,0,1,135,1,137,0,9,176,2,187,170,2,172,359
01/12/2023,LNS,PA,AEA,EN,Federal Contract Tower,0,10,30,0,40,0,0,4,0,4,0,10,34,0,44,58,0,58,102
01/13/2023,LNS,PA,AEA,EN,Federal Contract Tower,0,8,30,0,38,0,0,27,0,27,0,8,57,0,65,100,0,100,165
01/14/2023,LNS,PA,AEA,EN,Federal Contract Tower,0,6,10,0,16,0,0,39,0,39,0,6,49,0,55,180,0,180,235
01/15/2023,LNS,PA,AEA,EN,Federal Contract Tower,0,7,10,0,17,0,0,90,0,90,0,7,100,0,107,94,0,94,201
01/16/2023,LNS,PA,AEA,EN,Federal Contract Tower,0,18,33,0,51,0,0,169,0,169,0,18,202,0,220,182,0,182,402
01/17/2023,LNS,PA,AEA,EN,Federal Contract Tower,0,19,36,3,58,0,1,74,3,78,0,20,110,6,136,170,16,186,322
01/18/2023,LNS,PA,AEA,EN,Federal Contract Tower,0,13,34,5,52,0,1,91,1,93,0,14,125,6,145,186,10,196,341
01/19/2023,LNS,PA,AEA,EN,Federal Contract Tower,0,8,15,0,23,0,0,0,0,0,0,8,15,0,23,0,0,0,23
01/20/2023,LNS,PA,AEA,EN,Federal Contract Tower,0,10,18,1,29,0,0,68,0,68,0,10,86,1,97,111,0,111,208
01/21/2023,LNS,PA,AEA,EN,Federal Contract Tower,0,9,37,1,47,0,0,163,0,163,0,9,200,1,210,234,2,236,446
01/22/2023,LNS,PA,AEA,EN,Federal Contract Tower,0,3,17,0,20,0,0,45,0,45,0,3,62,0,65,126,0,126,191
01/23/2023,LNS,PA,AEA,EN,Federal Contract Tower,0,11,6,0,17,0,0,16,0,16,0,11,22,0,33,56,0,56,89
01/24/2023,LNS,PA,AEA,EN,Federal Contract Tower,0,12,33,5,50,0,0,126,7,133,0,12,159,12,183,192,14,206,389
01/25/2023,LNS,PA,AEA,EN,Federal Contract Tower,0,6,4,0,10,0,0,38,0,38,0,6,42,0,48,64,0,64,112
01/26/2023,LNS,PA,AEA,EN,Federal Contract Tower,0,18,13,1,32,0,0,27,3,30,0,18,40,4,62,47,4,51,113
01/27/2023,LNS,PA,AEA,EN,Federal Contract Tower,0,14,32,2,48,0,0,161,0,161,0,14,193,2,209,224,0,224,433
01/28/2023,LNS,PA,AEA,EN,Federal Contract Tower,0,9,36,0,45,0,1,163,0,164,0,10,199,0,209,130,0,130,339
01/29/2023,LNS,PA,AEA,EN,Federal Contract Tower,0,9,26,0,35,0,0,79,0,79,0,9,105,0,114,142,0,142,256
01/30/2023,LNS,PA,AEA,EN,Federal Contract Tower,0,8,26,1,35,0,3,140,0,143,0,11,166,1,178,278,2,280,458
02/01/2023,LNS,PA,AEA,EN,Federal Contract Tower,0,21,28,10,59,0,2,169,3,174,0,23,197,13,233,238,42,280,513
02/02/2023,LNS,PA,AEA,EN,Federal Contract Tower,0,15,37,1,53,0,0,123,3,126,0,15,160,4,179,212,6,218,397
02/03/2023,LNS,PA,AEA,EN,Federal Contract Tower,0,8,29,0,37,0,0,17,0,17,0,8,46,0,54,12,0,12,66
02/04/2023,LNS,PA,AEA,EN,Federal Contract Tower,0,7,26,0,33,0,1,140,0,141,0,8,166,0,174,174,0,174,348
02/05/2023,LNS,PA,AEA,EN,Federal Contract Tower,0,8,33,0,41,0,0,119,0,119,0,8,152,0,160,120,4,124,284
02/06/2023,LNS,PA,AEA,EN,Federal Contract Tower,0,15,18,0,33,0,2,96,2,100,0,17,114,2,133,186,10,196,329
02/07/2023,LNS,PA,AEA,EN,Federal Contract Tower,0,12,26,5,43,0,0,142,11,153,0,12,168,16,196,166,14,180,376
02/08/2023,LNS,PA,AEA,EN,Federal Contract Tower,0,15,21,2,38,0,0,207,0,207,0,15,228,2,245,178,6,184,429
02/09/2023,LNS,PA,AEA,EN,Federal Contract Tower,0,14,21,1,36,0,0,65,0,65,0,14,86,1,101,110,4,114,215
02/10/2023,LNS,PA,AEA,EN,Federal Contract Tower,0,12,30,2,44,0,1,71,2,74,0,13,101,4,118,84,26,110,228
02/11/2023,LNS,PA,AEA,EN,Federal Contract Tower,0,8,48,0,56,0,0,197,1,198,0,8,245,1,254,200,4,204,458
02/12/2023,LNS,PA,AEA,EN,Federal Contract Tower,0,12,22,2,36,0,1,116,0,117,0,13,138,2,153,206,2,208,361
02/13/2023,LNS,PA,AEA,EN,Federal Contract Tower,0,11,28,1,40,0,0,125,3,128,0,11,153,4,168,206,0,206,374
02/14/2023,LNS,PA,AEA,EN,Federal Contract Tower,0,14,24,1,39,0,2,140,2,144,0,16,164,3,183,176,4,180,363
02/15/2023,LNS,PA,AEA,EN,Federal Contract Tower,0,15,26,2,43,0,2,101,2,105,0,17,127,4,148,102,0,102,250
02/16/2023,LNS,PA,AEA,EN,Federal Contract Tower,0,13,36,2,51,0,0,45,0,45,0,13,81,2,96,74,4,78,174
02/17/2023,LNS,PA,AEA,EN,Federal Contract Tower,0,10,17,0,27,0,0,3,0,3,0,10,20,0,30,34,0,34,64
02/18/2023,LNS,PA,AEA,EN,Federal Contract Tower,0,11,42,0,53,0,0,178,0,178,0,11,220,0,231,178,0,178,409
02/19/2023,LNS,PA,AEA,EN,Federal Contract Tower,0,13,26,0,39,0,0,113,0,113,0,13,139,0,152,160,0,160,312
02/20/2023,LNS,PA,AEA,EN,Federal Contract Tower,0,17,42,0,59,0,0,123,0,123,0,17,165,0,182,165,0,165,347
02/21/2023,LNS,PA,AEA,EN,Federal Contract Tower,0,12,20,4,36,0,1,17,2,20,0,13,37,6,56,80,4,84,140
02/22/2023,LNS,PA,AEA,EN,Federal Contract Tower,0,15,20,2,37,0,0,59,0,59,0,15,79,2,96,158,4,162,258
02/23/2023,LNS,PA,AEA,EN,Federal Contract Tower,0,11,34,0,45,0,0,139,6,145,0,11,173,6,190,148,8,156,346
02/24/2023,LNS,PA,AEA,EN,Federal Contract Tower,0,14,14,2,30,0,0,41,5,46,0,14,55,7,76,20,6,26,102
02/25/2023,LNS,PA,AEA,EN,Federal Contract Tower,0,5,17,0,22,0,1,64,0,65,0,6,81,0,87,166,0,166,253
02/26/2023,LNS,PA,AEA,EN,Federal Contract Tower,0,12,29,0,41,0,0,72,0,72,0,12,101,0,113,152,0,152,265
02/27/2023,LNS,PA,AEA,EN,Federal Contract Tower,0,5,22,5,32,0,0,99,0,99,0,5,121,5,131,194,8,202,333
02/28/2023,LNS,PA,AEA,EN,Federal Contract Tower,0,11,18,1,30,0,0,34,2,36,0,11,52,3,66,100,2,102,168
03/01/2023,LNS,PA,AEA,EN,Federal Contract Tower,0,15,47,4,66,0,1,149,0,150,0,16,196,4,216,134,10,144,360
03/02/2023,LNS,PA,AEA,EN,Federal Contract Tower,0,19,37,0,56,0,0,79,0,79,0,19,116,0,135,114,4,118,253
03/03/2023,LNS,PA,AEA,EN,Federal Contract Tower,0,12,27,0,39,0,0,61,2,63,0,12,88,2,102,100,0,100,202
03/04/2023,LNS,PA,AEA,EN,Federal Contract Tower,0,7,8,0,15,0,0,18,0,18,0,7,26,0,33,34,0,34,67
03/05/2023,LNS,PA,AEA,EN,Federal Contract Tower,0,12,43,0,55,0,0,142,0,142,0,12,185,0,197,132,0,132,329
03/06/2023,LNS,PA,AEA,EN,Federal Contract Tower,0,16,32,5,53,0,2,210,2,214,0,18,242,7,267,220,4,224,491
03/07/2023,LNS,PA,AEA,EN,Federal Contract Tower,0,10,16,2,28,0,1,27,0,28,0,11,43,2,56,52,2,54,110
03/08/2023,LNS,PA,AEA,EN,Federal Contract Tower,0,19,22,5,46,0,1,78,4,83,0,20,100,9,129,70,6,76,205
03/09/2023,LNS,PA,AEA,EN,Federal Contract Tower,0,18,52,5,75,0,0,176,2,178,0,18,228,7,253,260,10,270,523
03/10/2023,LNS,PA,AEA,EN,Federal Contract Tower,0,14,8,0,22,0,1,21,0,22,0,15,29,0,44,106,0,106,150
03/11/2023,LNS,PA,AEA,EN,Federal Contract Tower,0,10,10,0,20,0,0,36,0,36,0,10,46,0,56,102,0,102,158
03/12/2023,LNS,PA,AEA,EN,Federal Contract Tower,0,7,37,0,44,0,2,127,0,129,0,9,164,0,173,182,0,182,355
03/13/2023,LNS,PA,AEA,EN,Federal Contract Tower,0,7,9,0,16,0,0,5,0,5,0,7,14,0,21,80,0,80,101
03/14/2023,LNS,PA,AEA,EN,Federal Contract Tower,0,7,2,0,9,0,0,8,0,8,0,7,10,0,17,0,0,0,17
03/15/2023,LNS,PA,AEA,EN,Federal Contract Tower,0,15,8,0,23,0,0,32,2,34,0,15,40,2,57,46,0,46,103
03/16/2023,LNS,PA,AEA,EN,Federal Contract Tower,0,18,49,6,73,0,2,243,4,249,0,20,292,10,322,200,12,212,534
03/17/2023,LNS,PA,AEA,EN,Federal Contract Tower,0,8,29,1,38,0,0,124,0,124,0,8,153,1,162,181,2,183,345
03/18/2023,LNS,PA,AEA,EN,Federal Contract Tower,0,7,23,0,30,0,0,88,0,88,0,7,111,0,118,122,0,122,240
03/19/2023,LNS,PA,AEA,EN,Federal Contract Tower,0,9,20,0,29,0,1,49,0,50,0,10,69,0,79,68,0,68,147
03/20/2023,LNS,PA,AEA,EN,Federal Contract Tower,0,14,47,0,61,0,0,196,0,196,0,14,243,0,257,256,0,256,513
03/21/2023,LNS,PA,AEA,EN,Federal Contract Tower,0,14,50,3,67,0,7,167,0,174,0,21,217,3,241,162,4,166,407
03/22/2023,LNS,PA,AEA,EN,Federal Contract Tower,0,13,39,6,58,0,8,158,13,179,0,21,197,19,237,206,0,206,443
03/23/2023,LNS,PA,AEA,EN,Federal Contract Tower,0,8,36,2,46,0,0,34,2,36,0,8,70,4,82,122,6,128,210
03/24/2023,LNS,PA,AEA,EN,Federal Contract Tower,0,11,35,1,47,0,2,79,0,81,0,13,114,1,128,126,2,128,256
03/26/2023,LNS,PA,AEA,EN,Federal Contract Tower,0,9,36,0,45,0,3,128,0,131,0,12,164,0,176,124,0,124,300
03/27/2023,LNS,PA,AEA,EN,Federal Contract Tower,0,9,37,2,48,0,0,90,0,90,0,9,127,2,138,132,4,136,274
03/28/2023,LNS,PA,AEA,EN,Federal Contract Tower,0,12,23,1,36,0,3,81,0,84,0,15,104,1,120,168,4,172,292
03/29/2023,LNS,PA,AEA,EN,Federal Contract Tower,0,16,49,1,66,0,0,173,0,173,0,16,222,1,239,124,0,124,363
03/30/2023,LNS,PA,AEA,EN,Federal Contract Tower,0,21,46,2,69,0,2,162,2,166,0,23,208,4,235,144,20,164,399
03/31/2023,LNS,PA,AEA,EN,Federal Contract Tower,0,18,59,0,77,0,0,59,2,61,0,18,118,2,138,152,0,152,290
04/01/2023,LNS,PA,AEA,EN,Federal Contract Tower,0,4,7,0,11,0,0,4,0,4,0,4,11,0,15,6,0,6,21
04/02/2023,LNS,PA,AEA,EN,Federal Contract Tower,0,12,15,0,27,0,1,120,0,121,0,13,135,0,148,168,0,168,316
04/03/2023,LNS,PA,AEA,EN,Federal Contract Tower,0,18,29,0,47,0,6,124,2,132,0,24,153,2,179,96,0,96,275
04/04/2023,LNS,PA,AEA,EN,Federal Contract Tower,0,13,24,6,43,0,0,173,1,174,0,13,197,7,217,118,10,128,345
04/05/2023,LNS,PA,AEA,EN,Federal Contract Tower,0,11,46,0,57,0,0,32,0,32,0,11,78,0,89,118,0,118,207
04/06/2023,LNS,PA,AEA,EN,Federal Contract Tower,12,41,2,0,55,0,0,64,2,66,12,41,66,2,121,186,4,190,311
04/07/2023,LNS,PA,AEA,EN,Federal Contract Tower,0,17,33,2,52,0,2,165,0,167,0,19,198,2,219,144,4,148,367
04/08/2023,LNS,PA,AEA,EN,Federal Contract Tower,0,10,20,0,30,0,229,0,0,229,0,239,20,0,259,160,0,160,419
04/09/2023,LNS,PA,AEA,EN,Federal Contract Tower,0,6,6,0,12,0,2,112,0,114,0,8,118,0,126,52,0,52,178
04/10/2023,LNS,PA,AEA,EN,Federal Contract Tower,0,10,41,1,52,0,2,174,0,176,0,12,215,1,228,222,2,224,452
04/11/2023,LNS,PA,AEA,EN,Federal Contract Tower,0,18,23,3,44,0,2,139,1,142,0,20,162,4,186,128,8,136,322
04/12/2023,LNS,PA,AEA,EN,Federal Contract Tower,0,11,24,2,37,0,1,82,0,83,0,12,106,2,120,156,6,162,282
04/13/2023,LNS,PA,AEA,EN,Federal Contract Tower,0,11,44,0,55,0,0,169,0,169,0,11,213,0,224,216,0,216,440
04/14/2023,LNS,PA,AEA,EN,Federal Contract Tower,0,16,59,0,75,0,0,158,2,160,0,16,217,2,235,126,8,134,369
04/15/2023,LNS,PA,AEA,EN,Federal Contract Tower,0,5,13,0,18,0,0,8,0,8,0,5,21,0,26,60,0,60,86
04/16/2023,LNS,PA,AEA,EN,Federal Contract Tower,0,6,41,0,47,0,2,70,0,72,0,8,111,0,119,74,0,74,193
04/17/2023,LNS,PA,AEA,EN,Federal Contract Tower,0,12,25,2,39,0,3,98,0,101,0,15,123,2,140,104,2,106,246
04/18/2023,LNS,PA,AEA,EN,Federal Contract Tower,0,14,27,5,46,0,6,56,1,63,0,20,83,6,109,58,4,62,171
04/19/2023,LNS,PA,AEA,EN,Federal Contract Tower,0,16,49,3,68,0,2,135,0,137,0,18,184,3,205,172,2,174,379
04/20/2023,LNS,PA,AEA,EN,Federal Contract Tower,0,18,62,1,81,0,0,162,0,162,0,18,224,1,243,209,2,211,454
04/21/2023,LNS,PA,AEA,EN,Federal Contract Tower,0,18,49,2,69,0,8,194,0,202,0,26,243,2,271,136,0,136,407
04/22/2023,LNS,PA,AEA,EN,Federal Contract Tower,0,15,20,0,35,0,1,41,0,42,0,16,61,0,77,48,0,48,125
04/23/2023,LNS,PA,AEA,EN,Federal Contract Tower,0,11,30,0,41,0,2,113,0,115,0,13,143,0,156,126,0,126,282
04/24/2023,LNS,PA,AEA,EN,Federal Contract Tower,0,15,34,5,54,0,1,182,0,183,0,16,216,5,237,216,2,218,455
04/25/2023,LNS,PA,AEA,EN,Federal Contract Tower,0,13,28,2,43,0,3,153,0,156,0,16,181,2,199,186,6,192,391
04/26/2023,LNS,PA,AEA,EN,Federal Contract Tower,0,14,29,1,44,0,1,68,0,69,0,15,97,1,113,110,0,110,223
04/27/2023,LNS,PA,AEA,EN,Federal Contract Tower,0,23,53,2,78,0,0,94,2,96,0,23,147,4,174,256,0,256,430
04/28/2023,LNS,PA,AEA,EN,Federal Contract Tower,0,16,25,0,41,0,0,4,0,4,0,16,29,0,45,4,0,4,49
04/29/2023,LNS,PA,AEA,EN,Federal Contract Tower,0,13,28,0,41,0,0,8,0,8,0,13,36,0,49,36,0,36,85
04/30/2023,LNS,PA,AEA,EN,Federal Contract Tower,0,15,15,0,30,0,0,0,0,0,0,15,15,0,30,0,0,0,30
05/01/2023,LNS,PA,AEA,EN,Federal Contract Tower,0,10,17,0,27,0,0,44,0,44,0,10,61,0,71,48,0,48,119
05/02/2023,LNS,PA,AEA,EN,Federal Contract Tower,0,12,9,2,23,0,2,54,0,56,0,14,63,2,79,46,0,46,125
05/03/2023,LNS,PA,AEA,EN,Federal Contract Tower,0,14,26,0,40,0,1,102,0,103,0,15,128,0,143,216,0,216,359
05/04/2023,LNS,PA,AEA,EN,Federal Contract Tower,0,14,36,0,50,0,0,116,0,116,0,14,152,0,166,210,0,210,376
05/05/2023,LNS,PA,AEA,EN,Federal Contract Tower,0,20,45,0,65,0,0,208,0,208,0,20,253,0,273,152,0,152,425
05/06/2023,LNS,PA,AEA,EN,Federal Contract Tower,0,17,28,0,45,0,0,189,0,189,0,17,217,0,234,142,0,142,376
05/07/2023,LNS,PA,AEA,EN,Federal Contract Tower,0,14,17,0,31,0,1,109,0,110,0,15,126,0,141,94,0,94,235
05/08/2023,LNS,PA,AEA,EN,Federal Contract Tower,0,14,30,3,47,0,5,177,2,184,0,19,207,5,231,146,6,152,383
05/09/2023,LNS,PA,AEA,EN,Federal Contract Tower,0,13,20,0,33,0,7,109,2,118,0,20,129,2,151,110,0,110,261
05/10/2023,LNS,PA,AEA,EN,Federal Contract Tower,0,23,38,2,63,0,1,194,0,195,0,24,232,2,258,166,6,172,430
05/11/2023,LNS,PA,AEA,EN,Federal Contract Tower,0,15,40,6,61,0,0,180,1,181,0,15,220,7,242,189,2,191,433
05/12/2023,LNS,PA,AEA,EN,Federal Contract Tower,0,18,34,3,55,0,0,178,3,181,0,18,212,6,236,196,4,200,436
05/13/2023,LNS,PA,AEA,EN,Federal Contract Tower,0,8,23,0,31,0,2,60,0,62,0,10,83,0,93,70,0,70,163
05/14/2023,LNS,PA,AEA,EN,Federal Contract Tower,0,10,21,0,31,0,0,95,0,95,0,10,116,0,126,80,0,80,206
05/15/2023,LNS,PA,AEA,EN,Federal Contract Tower,0,20,30,0,50,0,1,142,0,143,0,21,172,0,193,208,0,208,401
05/16/2023,LNS,PA,AEA,EN,Federal Contract Tower,0,15,25,7,47,0,4,130,0,134,0,19,155,7,181,176,6,182,363
05/17/2023,LNS,PA,AEA,EN,Federal Contract Tower,0,16,24,1,41,0,1,127,1,129,0,17,151,2,170,42,4,46,216
05/18/2023,LNS,PA,AEA,EN,Federal Contract Tower,0,20,28,1,49,0,5,159,1,165,0,25,187,2,214,212,2,214,428
05/19/2023,LNS,PA,AEA,EN,Federal Contract Tower,0,14,27,1,42,0,4,101,0,105,0,18,128,1,147,170,0,170,317
05/20/2023,LNS,PA,AEA,EN,Federal Contract Tower,0,3,14,0,17,0,0,7,0,7,0,3,21,0,24,16,0,16,40
05/21/2023,LNS,PA,AEA,EN,Federal Contract Tower,0,12,24,0,36,0,4,149,0,153,0,16,173,0,189,100,0,100,289
05/22/2023,LNS,PA,AEA,EN,Federal Contract Tower,0,20,24,1,45,0,6,171,0,177,0,26,195,1,222,222,2,224,446
05/23/2023,LNS,PA,AEA,EN,Federal Contract Tower,0,18,30,0,48,0,5,126,0,131,0,23,156,0,179,142,0,142,321
05/24/2023,LNS,PA,AEA,EN,Federal Contract Tower,0,15,37,1,53,0,6,177,0,183,0,21,214,1,236,160,0,160,396
05/25/2023,LNS,PA,AEA,EN,Federal Contract Tower,0,17,53,0,70,0,0,127,0,127,0,17,180,0,197,152,0,152,349
05/26/2023,LNS,PA,AEA,EN,Federal Contract Tower,0,11,44,0,55,0,2,177,2,181,0,13,221,2,236,208,10,218,454
05/27/2023,LNS,PA,AEA,EN,Federal Contract Tower,0,9,33,0,42,0,7,140,0,147,0,16,173,0,189,252,0,252,441
05/28/2023,LNS,PA,AEA,EN,Federal Contract Tower,0,10,16,0,26,0,8,109,0,117,0,18,125,0,143,78,0,78,221
05/29/2023,LNS,PA,AEA,EN,Federal Contract Tower,0,13,22,0,35,0,4,105,0,109,0,17,127,0,144,120,0,120,264
05/30/2023,LNS,PA,AEA,EN,Federal Contract Tower,0,14,30,5,49,0,3,152,6,161,0,17,182,11,210,153,34,187,397
05/31/2023,LNS,PA,AEA,EN,Federal Contract Tower,0,17,24,1,42,0,1,193,5,199,0,18,217,6,241,164,0,164,405
06/01/2023,LNS,PA,AEA,EN,Federal Contract Tower,0,15,41,0,56,0,4,212,0,216,0,19,253,0,272,238,0,238,510
06/02/2023,LNS,PA,AEA,EN,Federal Contract Tower,0,14,55,2,71,0,0,145,1,146,0,14,200,3,217,122,0,122,339
06/03/2023,LNS,PA,AEA,EN,Federal Contract Tower,0,14,26,2,42,0,1,73,0,74,0,15,99,2,116,148,4,152,268
06/04/2023,LNS,PA,AEA,EN,Federal Contract Tower,0,19,36,2,57,0,5,90,1,96,0,24,126,3,153,158,2,160,313
06/05/2023,LNS,PA,AEA,EN,Federal Contract Tower,0,12,30,0,42,0,0,136,2,138,0,12,166,2,180,138,12,150,330
06/06/2023,LNS,PA,AEA,EN,Federal Contract Tower,0,22,23,0,45,0,0,131,0,131,0,22,154,0,176,156,2,158,334
06/07/2023,LNS,PA,AEA,EN,Federal Contract Tower,0,12,63,4,79,0,0,34,0,34,0,12,97,4,113,68,0,68,181
06/08/2023,LNS,PA,AEA,EN,Federal Contract Tower,0,12,29,0,41,0,0,37,0,37,0,12,66,0,78,60,0,60,138
06/09/2023,LNS,PA,AEA,EN,Federal Contract Tower,0,15,43,0,58,0,1,115,4,120,0,16,158,4,178,132,0,132,310
06/10/2023,LNS,PA,AEA,EN,Federal Contract Tower,0,15,24,0,39,0,2,121,0,123,0,17,145,0,162,102,0,102,264
06/11/2023,LNS,PA,AEA,EN,Federal Contract Tower,0,9,26,0,35,0,2,111,0,113,0,11,137,0,148,122,0,122,270
06/12/2023,LNS,PA,AEA,EN,Federal Contract Tower,0,12,26,2,40,0,0,18,0,18,0,12,44,2,58,60,4,64,122
06/13/2023,LNS,PA,AEA,EN,Federal Contract Tower,0,17,32,1,50,0,0,177,0,177,0,17,209,1,227,180,2,182,409
06/14/2023,LNS,PA,AEA,EN,Federal Contract Tower,0,22,17,0,39,0,0,59,0,59,0,22,76,0,98,76,0,76,174
06/15/2023,LNS,PA,AEA,EN,Federal Contract Tower,0,17,45,2,64,0,6,191,0,197,0,23,236,2,261,213,0,213,474
06/16/2023,LNS,PA,AEA,EN,Federal Contract Tower,0,29,17,0,46,0,0,58,0,58,0,29,75,0,104,148,0,148,252
06/17/2023,LNS,PA,AEA,EN,Federal Contract Tower,0,13,36,0,49,0,2,108,0,110,0,15,144,0,159,178,0,178,337
06/18/2023,LNS,PA,AEA,EN,Federal Contract Tower,0,10,23,0,33,0,0,153,0,153,0,10,176,0,186,106,0,106,292
06/19/2023,LNS,PA,AEA,EN,Federal Contract Tower,0,15,47,0,62,0,0,159,0,159,0,15,206,0,221,174,0,174,395
06/20/2023,LNS,PA,AEA,EN,Federal Contract Tower,0,22,58,4,84,0,2,107,8,117,0,24,165,12,201,148,16,164,365
06/21/2023,LNS,PA,AEA,EN,Federal Contract Tower,0,21,29,5,55,0,0,89,5,94,0,21,118,10,149,116,28,144,293
06/22/2023,LNS,PA,AEA,EN,Federal Contract Tower,0,26,44,3,73,0,0,11,0,11,0,26,55,3,84,120,8,128,212
06/23/2023,LNS,PA,AEA,EN,Federal Contract Tower,0,12,65,0,77,0,0,0,0,0,0,12,65,0,77,0,0,0,77
06/24/2023,LNS,PA,AEA,EN,Federal Contract Tower,0,18,30,0,48,0,0,20,0,20,0,18,50,0,68,86,0,86,154
06/25/2023,LNS,PA,AEA,EN,Federal Contract Tower,0,14,17,0,31,0,1,85,0,86,0,15,102,0,117,86,0,86,203
06/26/2023,LNS,PA,AEA,EN,Federal Contract Tower,0,20,28,0,48,0,0,52,0,52,0,20,80,0,100,122,0,122,222
06/27/2023,LNS,PA,AEA,EN,Federal Contract Tower,0,16,31,0,47,0,0,25,0,25,0,16,56,0,72,76,0,76,148
06/28/2023,LNS,PA,AEA,EN,Federal Contract Tower,0,20,75,4,99,0,0,112,2,114,0,20,187,6,213,190,2,192,405
06/29/2023,LNS,PA,AEA,EN,Federal Contract Tower,0,19,84,0,103,0,1,6,0,7,0,20,90,0,110,18,0,18,128
06/30/2023,LNS,PA,AEA,EN,Federal Contract Tower,0,11,69,1,81,0,0,38,0,38,0,11,107,1,119,166,0,166,285
07/01/2023,LNS,PA,AEA,EN,Federal Contract Tower,0,12,32,0,44,0,1,46,0,47,0,13,78,0,91,198,0,198,289
07/02/2023,LNS,PA,AEA,EN,Federal Contract Tower,0,14,22,0,36,0,0,44,0,44,0,14,66,0,80,78,0,78,158
07/03/2023,LNS,PA,AEA,EN,Federal Contract Tower,0,10,19,0,29,0,2,130,0,132,0,12,149,0,161,146,0,146,307
07/05/2023,LNS,PA,AEA,EN,Federal Contract Tower,0,12,30,4,46,0,0,233,2,235,0,12,263,6,281,222,0,222,503
07/06/2023,LNS,PA,AEA,EN,Federal Contract Tower,0,13,32,2,47,0,0,179,2,181,0,13,211,4,228,158,0,158,386
07/07/2023,LNS,PA,AEA,EN,Federal Contract Tower,0,19,36,0,55,0,0,104,0,104,0,19,140,0,159,186,0,186,345
07/08/2023,LNS,PA,AEA,EN,Federal Contract Tower,0,11,24,0,35,0,1,100,0,101,0,12,124,0,136,168,0,168,304
07/10/2023,LNS,PA,AEA,EN,Federal Contract Tower,0,20,40,2,62,0,1,126,0,127,0,21,166,2,189,174,4,178,367
07/11/2023,LNS,PA,AEA,EN,Federal Contract Tower,0,23,35,4,62,0,4,187,0,191,0,27,222,4,253,230,8,238,491
07/12/2023,LNS,PA,AEA,EN,Federal Contract Tower,0,18,51,2,71,0,0,211,1,212,0,18,262,3,283,250,8,258,541
07/13/2023,LNS,PA,AEA,EN,Federal Contract Tower,0,24,33,4,61,0,3,148,0,151,0,27,181,4,212,202,4,206,418
07/14/2023,LNS,PA,AEA,EN,Federal Contract Tower,0,14,28,0,42,0,1,113,0,114,0,15,141,0,156,192,0,192,348
07/15/2023,LNS,PA,AEA,EN,Federal Contract Tower,0,21,26,0,47,0,3,103,0,106,0,24,129,0,153,156,0,156,309
07/16/2023,LNS,PA,AEA,EN,Federal Contract Tower,0,8,36,0,44,0,0,44,0,44,0,8,80,0,88,84,0,84,172
07/17/2023,LNS,PA,AEA,EN,Federal Contract Tower,0,18,38,1,57,0,0,97,0,97,0,18,135,1,154,244,2,246,400
07/18/2023,LNS,PA,AEA,EN,Federal Contract Tower,0,14,46,0,60,0,1,107,0,108,0,15,153,0,168,230,0,230,398
07/19/2023,LNS,PA,AEA,EN,Federal Contract Tower,0,13,52,1,66,0,1,64,0,65,0,14,116,1,131,142,0,142,273
07/20/2023,LNS,PA,AEA,EN,Federal Contract Tower,0,19,52,0,71,0,5,89,4,98,0,24,141,4,169,124,0,124,293
07/21/2023,LNS,PA,AEA,EN,Federal Contract Tower,0,26,32,2,60,0,1,106,4,111,0,27,138,6,171,120,0,120,291
07/22/2023,LNS,PA,AEA,EN,Federal Contract Tower,0,12,25,0,37,0,2,174,4,180,0,14,199,4,217,117,0,117,334
07/23/2023,LNS,PA,AEA,EN,Federal Contract Tower,0,17,24,0,41,0,13,131,0,144,0,30,155,0,185,112,0,112,297
07/24/2023,LNS,PA,AEA,EN,Federal Contract Tower,0,17,21,0,38,0,2,91,0,93,0,19,112,0,131,148,0,148,279
07/25/2023,LNS,PA,AEA,EN,Federal Contract Tower,0,19,36,1,56,0,0,78,0,78,0,19,114,1,134,172,2,174,308
07/26/2023,LNS,PA,AEA,EN,Federal Contract Tower,0,19,41,2,62,0,0,159,0,159,0,19,200,2,221,142,0,142,363
07/27/2023,LNS,PA,AEA,EN,Federal Contract Tower,0,17,16,0,33,0,0,62,0,62,0,17,78,0,95,102,0,102,197
07/28/2023,LNS,PA,AEA,EN,Federal Contract Tower,0,21,34,1,56,0,2,139,0,141,0,23,173,1,197,166,6,172,369
07/29/2023,LNS,PA,AEA,EN,Federal Contract Tower,0,14,21,0,35,0,10,75,0,85,0,24,96,0,120,113,0,113,233
07/30/2023,LNS,PA,AEA,EN,Federal Contract Tower,0,15,25,0,40,0,1,187,0,188,0,16,212,0,228,130,0,130,358
07/31/2023,LNS,PA,AEA,EN,Federal Contract Tower,0,23,33,2,58,0,11,197,2,210,0,34,230,4,268,220,2,222,490
08/01/2023,LNS,PA,AEA,EN,Federal Contract Tower,0,18,23,1,42,0,1,184,0,185,0,19,207,1,227,166,2,168,395
08/03/2023,LNS,PA,AEA,EN,Federal Contract Tower,0,16,34,6,56,0,0,127,2,129,0,16,161,8,185,196,20,216,401
08/04/2023,LNS,PA,AEA,EN,Federal Contract Tower,0,21,40,5,66,0,0,31,2,33,0,21,71,7,99,270,8,278,377
08/05/2023,LNS,PA,AEA,EN,Federal Contract Tower,0,18,37,0,55,0,4,115,1,120,0,22,152,1,175,155,0,155,330
08/06/2023,LNS,PA,AEA,EN,Federal Contract Tower,0,22,26,0,48,0,1,130,0,131,0,23,156,0,179,144,0,144,323
08/07/2023,LNS,PA,AEA,EN,Federal Contract Tower,0,27,41,0,68,0,0,28,0,28,0,27,69,0,96,110,0,110,206
08/08/2023,LNS,PA,AEA,EN,Federal Contract Tower,0,22,23,3,48,0,4,55,0,59,0,26,78,3,107,178,2,180,287
08/09/2023,LNS,PA,AEA,EN,Federal Contract Tower,0,21,39,1,61,0,2,140,0,142,0,23,179,1,203,204,2,206,409
08/10/2023,LNS,PA,AEA,EN,Federal Contract Tower,0,19,41,2,62,0,1,44,2,47,0,20,85,4,109,124,0,124,233
08/11/2023,LNS,PA,AEA,EN,Federal Contract Tower,0,19,40,1,60,0,0,172,2,174,0,19,212,3,234,242,2,244,478
08/12/2023,LNS,PA,AEA,EN,Federal Contract Tower,0,8,28,0,36,0,2,146,0,148,0,10,174,0,184,122,0,122,306
08/13/2023,LNS,PA,AEA,EN,Federal Contract Tower,0,13,35,0,48,0,0,131,0,131,0,13,166,0,179,112,0,112,291
08/14/2023,LNS,PA,AEA,EN,Federal Contract Tower,0,18,29,0,47,0,8,110,0,118,0,26,139,0,165,190,0,190,355
08/15/2023,LNS,PA,AEA,EN,Federal Contract Tower,0,17,36,0,53,0,0,84,0,84,0,17,120,0,137,252,4,256,393
08/16/2023,LNS,PA,AEA,EN,Federal Contract Tower,0,15,51,1,67,0,5,170,0,175,0,20,221,1,242,252,0,252,494
08/17/2023,LNS,PA,AEA,EN,Federal Contract Tower,0,17,59,0,76,0,0,126,0,126,0,17,185,0,202,206,0,206,408
08/18/2023,LNS,PA,AEA,EN,Federal Contract Tower,0,14,33,0,47,0,1,117,0,118,0,15,150,0,165,180,2,182,347
08/19/2023,LNS,PA,AEA,EN,Federal Contract Tower,0,12,28,0,40,0,1,154,0,155,0,13,182,0,195,130,0,130,325
08/21/2023,LNS,PA,AEA,EN,Federal Contract Tower,0,23,37,0,60,0,2,171,0,173,0,25,208,0,233,286,0,286,519
08/22/2023,LNS,PA,AEA,EN,Federal Contract Tower,0,15,27,0,42,0,4,123,2,129,0,19,150,2,171,208,0,208,379
08/23/2023,LNS,PA,AEA,EN,Federal Contract Tower,0,17,31,6,54,0,3,163,0,166,0,20,194,6,220,300,10,310,530
08/24/2023,LNS,PA,AEA,EN,Federal Contract Tower,0,20,46,3,69,0,6,82,4,92,0,26,128,7,161,180,10,190,351
08/25/2023,LNS,PA,AEA,EN,Federal Contract Tower,0,16,52,0,68,0,0,59,0,59,0,16,111,0,127,200,0,200,327
08/26/2023,LNS,PA,AEA,EN,Federal Contract Tower,0,13,45,0,58,0,8,156,10,174,0,21,201,10,232,168,0,168,400
08/27/2023,LNS,PA,AEA,EN,Federal Contract Tower,0,14,34,0,48,0,5,130,0,135,0,19,164,0,183,132,0,132,315
08/28/2023,LNS,PA,AEA,EN,Federal Contract Tower,0,11,50,0,61,0,2,67,0,69,0,13,117,0,130,190,0,190,320
08/29/2023,LNS,PA,AEA,EN,Federal Contract Tower,0,25,52,8,85,0,0,46,12,58,0,25,98,20,143,142,6,148,291
08/30/2023,LNS,PA,AEA,EN,Federal Contract Tower,0,17,28,0,45,0,3,154,2,159,0,20,182,2,204,164,2,166,370
08/31/2023,LNS,PA,AEA,EN,Federal Contract Tower,0,24,27,0,51,0,7,171,0,178,0,31,198,0,229,170,4,174,403
