01/01/2000,LOU,KY,ASO,CE,Towers with Display (VFR),0,2,25,0,27,0,0,110,0,110,0,2,135,0,137,112,0,112,249
01/02/2000,LOU,KY,ASO,CE,Towers with Display (VFR),0,2,20,0,22,0,0,43,0,43,0,2,63,0,65,20,0,20,85
01/03/2000,LOU,KY,ASO,CE,Towers with Display (VFR),0,1,9,0,10,0,0,9,0,9,0,1,18,0,19,10,0,10,29
01/04/2000,LOU,KY,ASO,CE,Towers with Display (VFR),0,3,28,0,31,0,1,18,0,19,0,4,46,0,50,44,0,44,94
01/05/2000,LOU,KY,ASO,CE,Towers with Display (VFR),0,3,32,0,35,0,0,92,0,92,0,3,124,0,127,332,0,332,459
01/06/2000,LOU,KY,ASO,CE,Towers with Display (VFR),0,4,36,0,40,0,2,140,0,142,0,6,176,0,182,176,0,176,358
01/07/2000,LOU,KY,ASO,CE,Towers with Display (VFR),0,3,23,0,26,0,1,150,0,151,0,4,173,0,177,284,0,284,461
01/08/2000,LOU,KY,ASO,CE,Towers with Display (VFR),0,3,23,0,26,0,1,194,0,195,0,4,217,0,221,384,0,384,605
01/09/2000,LOU,KY,ASO,CE,Towers with Display (VFR),0,0,18,0,18,0,0,0,0,0,0,0,18,0,18,0,0,0,18
01/10/2000,LOU,KY,ASO,CE,Towers with Display (VFR),0,4,29,0,33,0,5,26,0,31,0,9,55,0,64,22,0,22,86
01/11/2000,LOU,KY,ASO,CE,Towers with Display (VFR),0,2,27,0,29,0,0,63,0,63,0,2,90,0,92,158,0,158,250
01/12/2000,LOU,KY,ASO,CE,Towers with Display (VFR),0,4,62,0,66,0,0,149,2,151,0,4,211,2,217,318,0,318,535
01/13/2000,LOU,KY,ASO,CE,Towers with Display (VFR),0,4,48,0,52,0,0,42,0,42,0,4,90,0,94,129,0,129,223
01/14/2000,LOU,KY,ASO,CE,Towers with Display (VFR),0,5,39,0,44,0,5,162,0,167,0,10,201,0,211,218,0,218,429
01/15/2000,LOU,KY,ASO,CE,Towers with Display (VFR),0,3,22,0,25,0,2,196,0,198,0,5,218,0,223,252,0,252,475
01/16/2000,LOU,KY,ASO,CE,Towers with Display (VFR),0,2,25,0,27,0,0,143,0,143,0,2,168,0,170,292,0,292,462
01/17/2000,LOU,KY,ASO,CE,Towers with Display (VFR),0,1,17,0,18,0,1,70,0,71,0,2,87,0,89,224,0,224,313
01/18/2000,LOU,KY,ASO,CE,Towers with Display (VFR),0,0,27,0,27,0,0,6,0,6,0,0,33,0,33,4,0,4,37
01/19/2000,LOU,KY,ASO,CE,Towers with Display (VFR),0,3,38,0,41,0,1,4,0,5,0,4,42,0,46,24,0,24,70
01/20/2000,LOU,KY,ASO,CE,Towers with Display (VFR),0,2,23,0,25,0,1,38,0,39,0,3,61,0,64,44,0,44,108
01/21/2000,LOU,KY,ASO,CE,Towers with Display (VFR),0,3,36,0,39,0,4,45,2,51,0,7,81,2,90,148,0,148,238
01/22/2000,LOU,KY,ASO,CE,Towers with Display (VFR),0,0,8,0,8,0,2,1,0,3,0,2,9,0,11,2,0,2,13
01/23/2000,LOU,KY,ASO,CE,Towers with Display (VFR),0,1,12,0,13,0,1,2,0,3,0,2,14,0,16,6,0,6,22
01/24/2000,LOU,KY,ASO,CE,Towers with Display (VFR),0,3,37,0,40,0,2,93,0,95,0,5,130,0,135,147,0,147,282
01/25/2000,LOU,KY,ASO,CE,Towers with Display (VFR),0,4,40,0,44,0,3,21,0,24,0,7,61,0,68,44,0,44,112
01/26/2000,LOU,KY,ASO,CE,Towers with Display (VFR),0,5,55,0,60,0,5,81,0,86,0,10,136,0,146,166,0,166,312
01/27/2000,LOU,KY,ASO,CE,Towers with Display (VFR),0,3,33,0,36,0,5,109,0,114,0,8,142,0,150,218,0,218,368
01/28/2000,LOU,KY,ASO,CE,Towers with Display (VFR),0,2,21,0,23,0,2,82,0,84,0,4,103,0,107,242,0,242,349
01/29/2000,LOU,KY,ASO,CE,Towers with Display (VFR),0,0,7,0,7,0,2,0,0,2,0,2,7,0,9,26,0,26,35
01/30/2000,LOU,KY,ASO,CE,Towers with Display (VFR),0,1,12,0,13,0,1,0,0,1,0,2,12,0,14,0,0,0,14
01/31/2000,LOU,KY,ASO,CE,Towers with Display (VFR),0,2,22,0,24,0,5,35,5,45,0,7,57,5,69,86,0,86,155
02/01/2000,LOU,KY,ASO,CE,Towers with Display (VFR),0,5,41,0,46,0,6,51,0,57,0,11,92,0,103,216,0,216,319
02/02/2000,LOU,KY,ASO,CE,Towers with Display (VFR),0,2,40,0,42,0,0,121,2,123,0,2,161,2,165,374,0,374,539
02/03/2000,LOU,KY,ASO,CE,Towers with Display (VFR),0,4,35,0,39,0,0,74,0,74,0,4,109,0,113,304,0,304,417
02/04/2000,LOU,KY,ASO,CE,Towers with Display (VFR),0,4,30,0,34,0,5,7,0,12,0,9,37,0,46,48,0,48,94
02/05/2000,LOU,KY,ASO,CE,Towers with Display (VFR),0,2,19,0,21,0,2,183,0,185,0,4,202,0,206,390,0,390,596
02/06/2000,LOU,KY,ASO,CE,Towers with Display (VFR),0,2,24,0,26,0,0,171,0,171,0,2,195,0,197,338,0,338,535
02/07/2000,LOU,KY,ASO,CE,Towers with Display (VFR),0,3,26,0,29,0,1,115,0,116,0,4,141,0,145,358,0,358,503
02/08/2000,LOU,KY,ASO,CE,Towers with Display (VFR),0,3,43,0,46,0,0,119,0,119,0,3,162,0,165,208,0,208,373
02/09/2000,LOU,KY,ASO,CE,Towers with Display (VFR),0,3,44,0,47,0,0,121,0,121,0,3,165,0,168,378,0,378,546
02/10/2000,LOU,KY,ASO,CE,Towers with Display (VFR),0,2,27,1,30,0,2,71,3,76,0,4,98,4,106,218,0,218,324
02/11/2000,LOU,KY,ASO,CE,Towers with Display (VFR),0,4,52,0,56,0,0,19,0,19,0,4,71,0,75,36,0,36,111
02/12/2000,LOU,KY,ASO,CE,Towers with Display (VFR),0,2,27,0,29,0,5,206,0,211,0,7,233,0,240,288,0,288,528
02/13/2000,LOU,KY,ASO,CE,Towers with Display (VFR),0,0,17,0,17,0,0,1,1,2,0,0,18,1,19,0,0,0,19
02/14/2000,LOU,KY,ASO,CE,Towers with Display (VFR),0,2,26,0,28,0,5,7,0,12,0,7,33,0,40,46,0,46,86
02/15/2000,LOU,KY,ASO,CE,Towers with Display (VFR),0,5,53,0,58,0,1,99,0,100,0,6,152,0,158,372,0,372,530
02/16/2000,LOU,KY,ASO,CE,Towers with Display (VFR),0,3,38,0,41,0,1,113,0,114,0,4,151,0,155,182,0,182,337
02/17/2000,LOU,KY,ASO,CE,Towers with Display (VFR),0,4,47,0,51,0,2,76,0,78,0,6,123,0,129,138,0,138,267
02/18/2000,LOU,KY,ASO,CE,Towers with Display (VFR),0,1,14,0,15,0,1,8,0,9,0,2,22,0,24,6,0,6,30
02/19/2000,LOU,KY,ASO,CE,Towers with Display (VFR),0,2,23,0,25,0,1,71,0,72,0,3,94,0,97,182,0,182,279
02/20/2000,LOU,KY,ASO,CE,Towers with Display (VFR),0,4,44,0,48,0,0,161,0,161,0,4,205,0,209,237,0,237,446
02/21/2000,LOU,KY,ASO,CE,Towers with Display (VFR),0,2,24,0,26,0,4,161,1,166,0,6,185,1,192,284,0,284,476
02/22/2000,LOU,KY,ASO,CE,Towers with Display (VFR),0,4,42,0,46,0,1,107,1,109,0,5,149,1,155,256,0,256,411
02/23/2000,LOU,KY,ASO,CE,Towers with Display (VFR),0,3,36,0,39,0,5,123,0,128,0,8,159,0,167,118,0,118,285
02/24/2000,LOU,KY,ASO,CE,Towers with Display (VFR),0,4,41,0,45,0,3,50,0,53,0,7,91,0,98,46,0,46,144
02/25/2000,LOU,KY,ASO,CE,Towers with Display (VFR),0,4,51,0,55,0,1,147,0,148,0,5,198,0,203,126,0,126,329
02/26/2000,LOU,KY,ASO,CE,Towers with Display (VFR),0,2,27,0,29,0,0,78,0,78,0,2,105,0,107,72,0,72,179
02/27/2000,LOU,KY,ASO,CE,Towers with Display (VFR),0,2,26,0,28,0,1,92,0,93,0,3,118,0,121,114,0,114,235
02/28/2000,LOU,KY,ASO,CE,Towers with Display (VFR),0,2,27,0,29,0,6,212,0,218,0,8,239,0,247,440,0,440,687
02/29/2000,LOU,KY,ASO,CE,Towers with Display (VFR),0,2,28,0,30,0,3,185,0,188,0,5,213,0,218,296,0,296,514
03/01/2000,LOU,KY,ASO,CE,Towers with Display (VFR),0,3,37,0,40,0,2,102,0,104,0,5,139,0,144,92,0,92,236
03/02/2000,LOU,KY,ASO,CE,Towers with Display (VFR),0,4,43,0,47,0,2,142,0,144,0,6,185,0,191,494,0,494,685
03/03/2000,LOU,KY,ASO,CE,Towers with Display (VFR),0,5,52,0,57,0,5,58,0,63,0,10,110,0,120,142,0,142,262
03/04/2000,LOU,KY,ASO,CE,Towers with Display (VFR),0,2,24,0,26,0,4,234,0,238,0,6,258,0,264,424,0,424,688
03/05/2000,LOU,KY,ASO,CE,Towers with Display (VFR),0,1,13,0,14,0,1,255,3,259,0,2,268,3,273,282,0,282,555
03/06/2000,LOU,KY,ASO,CE,Towers with Display (VFR),0,2,25,0,27,0,1,163,0,164,0,3,188,0,191,414,0,414,605
03/07/2000,LOU,KY,ASO,CE,Towers with Display (VFR),0,3,38,0,41,0,0,173,0,173,0,3,211,0,214,428,2,430,644
03/08/2000,LOU,KY,ASO,CE,Towers with Display (VFR),0,3,42,0,45,0,2,132,0,134,0,5,174,0,179,186,0,186,365
03/09/2000,LOU,KY,ASO,CE,Towers with Display (VFR),0,2,38,1,41,0,9,46,1,56,0,11,84,2,97,50,0,50,147
03/10/2000,LOU,KY,ASO,CE,Towers with Display (VFR),0,2,25,0,27,0,0,173,0,173,0,2,198,0,200,278,0,278,478
03/11/2000,LOU,KY,ASO,CE,Towers with Display (VFR),0,1,13,0,14,0,1,0,0,1,0,2,13,0,15,28,0,28,43
03/12/2000,LOU,KY,ASO,CE,Towers with Display (VFR),0,1,23,0,24,0,2,184,0,186,0,3,207,0,210,230,0,230,440
03/13/2000,LOU,KY,ASO,CE,Towers with Display (VFR),0,3,39,1,43,0,1,109,1,111,0,4,148,2,154,300,0,300,454
03/14/2000,LOU,KY,ASO,CE,Towers with Display (VFR),0,2,30,0,32,0,0,172,0,172,0,2,202,0,204,506,0,506,710
03/15/2000,LOU,KY,ASO,CE,Towers with Display (VFR),0,3,49,0,52,0,0,111,0,111,0,3,160,0,163,150,0,150,313
03/16/2000,LOU,KY,ASO,CE,Towers with Display (VFR),0,2,34,0,36,0,0,2,0,2,0,2,36,0,38,42,0,42,80
03/17/2000,LOU,KY,ASO,CE,Towers with Display (VFR),0,3,41,0,44,0,0,117,0,117,0,3,158,0,161,228,0,228,389
03/18/2000,LOU,KY,ASO,CE,Towers with Display (VFR),0,2,28,0,30,0,2,204,0,206,0,4,232,0,236,474,0,474,710
03/19/2000,LOU,KY,ASO,CE,Towers with Display (VFR),0,0,17,0,17,0,0,1,0,1,0,0,18,0,18,0,0,0,18
03/20/2000,LOU,KY,ASO,CE,Towers with Display (VFR),0,3,43,0,46,0,2,45,0,47,0,5,88,0,93,160,0,160,253
03/21/2000,LOU,KY,ASO,CE,Towers with Display (VFR),0,5,68,0,73,0,5,117,3,125,0,10,185,3,198,432,0,432,630
03/22/2000,LOU,KY,ASO,CE,Towers with Display (VFR),0,4,52,0,56,0,0,155,0,155,0,4,207,0,211,426,0,426,637
03/23/2000,LOU,KY,ASO,CE,Towers with Display (VFR),0,3,45,0,48,0,1,222,0,223,0,4,267,0,271,336,0,336,607
03/24/2000,LOU,KY,ASO,CE,Towers with Display (VFR),0,3,48,0,51,0,3,127,0,130,0,6,175,0,181,160,0,160,341
03/25/2000,LOU,KY,ASO,CE,Towers with Display (VFR),0,2,31,0,33,0,0,186,0,186,0,2,217,0,219,276,0,276,495
03/26/2000,LOU,KY,ASO,CE,Towers with Display (VFR),0,1,24,0,25,0,1,219,0,220,0,2,243,0,245,290,0,290,535
03/27/2000,LOU,KY,ASO,CE,Towers with Display (VFR),0,3,44,0,47,0,2,83,2,87,0,5,127,2,134,42,0,42,176
03/28/2000,LOU,KY,ASO,CE,Towers with Display (VFR),0,2,33,0,35,0,3,37,0,40,0,5,70,0,75,6,0,6,81
03/29/2000,LOU,KY,ASO,CE,Towers with Display (VFR),0,2,42,0,44,0,0,179,0,179,0,2,221,0,223,320,0,320,543
03/30/2000,LOU,KY,ASO,CE,Towers with Display (VFR),0,3,39,0,42,0,2,146,0,148,0,5,185,0,190,292,0,292,482
03/31/2000,LOU,KY,ASO,CE,Towers with Display (VFR),0,3,44,0,47,0,6,168,0,174,0,9,212,0,221,394,0,394,615
04/01/2000,LOU,KY,ASO,CE,Towers with Display (VFR),0,4,35,0,39,0,2,231,0,233,0,6,266,0,272,412,0,412,684
04/02/2000,LOU,KY,ASO,CE,Towers with Display (VFR),0,1,32,0,33,0,0,4,0,4,0,1,36,0,37,8,0,8,45
04/03/2000,LOU,KY,ASO,CE,Towers with Display (VFR),0,3,25,0,28,0,4,7,0,11,0,7,32,0,39,0,0,0,39
04/04/2000,LOU,KY,ASO,CE,Towers with Display (VFR),0,3,29,0,32,0,1,38,2,41,0,4,67,2,73,68,0,68,141
04/05/2000,LOU,KY,ASO,CE,Towers with Display (VFR),0,4,37,0,41,0,2,138,2,142,0,6,175,2,183,198,0,198,381
04/06/2000,LOU,KY,ASO,CE,Towers with Display (VFR),0,2,38,0,40,0,0,133,0,133,0,2,171,0,173,282,0,282,455
04/07/2000,LOU,KY,ASO,CE,Towers with Display (VFR),0,2,36,0,38,0,0,51,0,51,0,2,87,0,89,46,0,46,135
04/08/2000,LOU,KY,ASO,CE,Towers with Display (VFR),0,3,25,0,28,0,0,19,0,19,0,3,44,0,47,8,0,8,55
04/09/2000,LOU,KY,ASO,CE,Towers with Display (VFR),0,3,33,0,36,0,0,128,0,128,0,3,161,0,164,174,0,174,338
04/10/2000,LOU,KY,ASO,CE,Towers with Display (VFR),0,3,26,0,29,0,3,178,0,181,0,6,204,0,210,322,0,322,532
04/11/2000,LOU,KY,ASO,CE,Towers with Display (VFR),0,5,50,0,55,0,3,31,0,34,0,8,81,0,89,60,0,60,149
04/12/2000,LOU,KY,ASO,CE,Towers with Display (VFR),0,2,31,1,34,0,3,157,1,161,0,5,188,2,195,536,4,540,735
04/13/2000,LOU,KY,ASO,CE,Towers with Display (VFR),0,3,41,0,44,0,1,136,0,137,0,4,177,0,181,434,0,434,615
04/14/2000,LOU,KY,ASO,CE,Towers with Display (VFR),0,4,53,1,58,0,3,154,10,167,0,7,207,11,225,364,0,364,589
04/15/2000,LOU,KY,ASO,CE,Towers with Display (VFR),0,2,27,0,29,0,4,209,6,219,0,6,236,6,248,258,4,262,510
04/16/2000,LOU,KY,ASO,CE,Towers with Display (VFR),0,3,39,0,42,0,0,194,5,199,0,3,233,5,241,328,0,328,569
04/17/2000,LOU,KY,ASO,CE,Towers with Display (VFR),0,3,45,0,48,0,0,6,3,9,0,3,51,3,57,22,0,22,79
04/18/2000,LOU,KY,ASO,CE,Towers with Display (VFR),0,3,70,0,73,0,0,43,0,43,0,3,113,0,116,244,0,244,360
04/19/2000,LOU,KY,ASO,CE,Towers with Display (VFR),0,3,51,0,54,0,0,153,0,153,0,3,204,0,207,342,0,342,549
04/20/2000,LOU,KY,ASO,CE,Towers with Display (VFR),0,2,28,0,30,0,4,21,0,25,0,6,49,0,55,16,0,16,71
04/21/2000,LOU,KY,ASO,CE,Towers with Display (VFR),0,3,40,0,43,0,1,7,0,8,0,4,47,0,51,0,0,0,51
04/22/2000,LOU,KY,ASO,CE,Towers with Display (VFR),0,1,24,0,25,0,4,288,0,292,0,5,312,0,317,280,0,280,597
04/23/2000,LOU,KY,ASO,CE,Towers with Display (VFR),0,0,21,0,21,0,0,153,0,153,0,0,174,0,174,266,0,266,440
04/24/2000,LOU,KY,ASO,CE,Towers with Display (VFR),0,0,26,0,26,0,0,34,0,34,0,0,60,0,60,74,0,74,134
04/25/2000,LOU,KY,ASO,CE,Towers with Display (VFR),0,2,50,0,52,0,0,177,0,177,0,2,227,0,229,174,0,174,403
04/26/2000,LOU,KY,ASO,CE,Towers with Display (VFR),0,3,44,0,47,0,4,225,0,229,0,7,269,0,276,348,0,348,624
04/27/2000,LOU,KY,ASO,CE,Towers with Display (VFR),0,3,38,0,41,0,5,186,0,191,0,8,224,0,232,322,0,322,554
04/28/2000,LOU,KY,ASO,CE,Towers with Display (VFR),0,4,58,0,62,0,7,179,0,186,0,11,237,0,248,288,0,288,536
04/29/2000,LOU,KY,ASO,CE,Towers with Display (VFR),0,2,27,0,29,0,1,208,0,209,0,3,235,0,238,220,0,220,458
04/30/2000,LOU,KY,ASO,CE,Towers with Display (VFR),0,3,46,0,49,0,3,196,0,199,0,6,242,0,248,280,0,280,528
05/01/2000,LOU,KY,ASO,CE,Towers with Display (VFR),0,4,34,0,38,0,3,74,0,77,0,7,108,0,115,90,0,90,205
05/02/2000,LOU,KY,ASO,CE,Towers with Display (VFR),0,4,36,0,40,0,1,152,0,153,0,5,188,0,193,268,0,268,461
05/03/2000,LOU,KY,ASO,CE,Towers with Display (VFR),0,2,42,0,44,0,0,141,0,141,0,2,183,0,185,342,0,342,527
05/04/2000,LOU,KY,ASO,CE,Towers with Display (VFR),0,4,44,0,48,0,5,141,0,146,0,9,185,0,194,268,0,268,462
05/05/2000,LOU,KY,ASO,CE,Towers with Display (VFR),0,3,30,0,33,0,0,145,0,145,0,3,175,0,178,418,0,418,596
05/06/2000,LOU,KY,ASO,CE,Towers with Display (VFR),0,3,25,0,28,0,2,236,0,238,0,5,261,0,266,290,0,290,556
05/07/2000,LOU,KY,ASO,CE,Towers with Display (VFR),0,2,42,0,44,0,0,148,0,148,0,2,190,0,192,124,0,124,316
05/08/2000,LOU,KY,ASO,CE,Towers with Display (VFR),0,4,34,0,38,0,4,86,0,90,0,8,120,0,128,108,0,108,236
05/09/2000,LOU,KY,ASO,CE,Towers with Display (VFR),0,5,47,0,52,0,0,65,0,65,0,5,112,0,117,114,0,114,231
05/10/2000,LOU,KY,ASO,CE,Towers with Display (VFR),0,3,56,0,59,0,0,170,0,170,0,3,226,0,229,380,0,380,609
05/11/2000,LOU,KY,ASO,CE,Towers with Display (VFR),0,4,35,0,39,0,7,165,0,172,0,11,200,0,211,124,0,124,335
05/12/2000,LOU,KY,ASO,CE,Towers with Display (VFR),0,4,44,0,48,0,10,74,1,85,0,14,118,1,133,112,0,112,245
05/13/2000,LOU,KY,ASO,CE,Towers with Display (VFR),0,3,28,0,31,0,4,125,1,130,0,7,153,1,161,110,0,110,271
05/14/2000,LOU,KY,ASO,CE,Towers with Display (VFR),0,3,22,0,25,0,0,204,0,204,0,3,226,0,229,232,0,232,461
05/15/2000,LOU,KY,ASO,CE,Towers with Display (VFR),0,4,36,0,40,0,5,200,0,205,0,9,236,0,245,394,0,394,639
05/16/2000,LOU,KY,ASO,CE,Towers with Display (VFR),0,3,43,0,46,0,4,193,0,197,0,7,236,0,243,242,0,242,485
05/17/2000,LOU,KY,ASO,CE,Towers with Display (VFR),0,4,46,0,50,0,3,118,0,121,0,7,164,0,171,290,20,310,481
05/18/2000,LOU,KY,ASO,CE,Towers with Display (VFR),0,3,37,0,40,0,14,57,0,71,0,17,94,0,111,46,0,46,157
05/19/2000,LOU,KY,ASO,CE,Towers with Display (VFR),0,5,63,0,68,0,3,61,0,64,0,8,124,0,132,146,0,146,278
05/20/2000,LOU,KY,ASO,CE,Towers with Display (VFR),0,3,44,0,47,0,0,93,0,93,0,3,137,0,140,332,0,332,472
05/21/2000,LOU,KY,ASO,CE,Towers with Display (VFR),0,3,42,0,45,0,1,115,0,116,0,4,157,0,161,296,0,296,457
05/22/2000,LOU,KY,ASO,CE,Towers with Display (VFR),0,3,46,0,49,0,2,146,0,148,0,5,192,0,197,216,0,216,413
05/23/2000,LOU,KY,ASO,CE,Towers with Display (VFR),0,3,44,0,47,0,9,33,0,42,0,12,77,0,89,90,0,90,179
05/24/2000,LOU,KY,ASO,CE,Towers with Display (VFR),0,3,34,0,37,0,0,138,0,138,0,3,172,0,175,274,0,274,449
05/25/2000,LOU,KY,ASO,CE,Towers with Display (VFR),0,3,38,0,41,0,2,190,0,192,0,5,228,0,233,390,0,390,623
05/26/2000,LOU,KY,ASO,CE,Towers with Display (VFR),0,3,38,0,41,0,2,153,0,155,0,5,191,0,196,260,0,260,456
05/27/2000,LOU,KY,ASO,CE,Towers with Display (VFR),0,1,22,0,23,0,1,34,0,35,0,2,56,0,58,174,0,174,232
05/28/2000,LOU,KY,ASO,CE,Towers with Display (VFR),0,2,24,0,26,0,0,52,0,52,0,2,76,0,78,122,0,122,200
05/29/2000,LOU,KY,ASO,CE,Towers with Display (VFR),0,3,42,0,45,0,3,232,0,235,0,6,274,0,280,354,0,354,634
05/30/2000,LOU,KY,ASO,CE,Towers with Display (VFR),0,2,34,0,36,0,0,178,0,178,0,2,212,0,214,376,0,376,590
05/31/2000,LOU,KY,ASO,CE,Towers with Display (VFR),0,4,55,0,59,0,0,167,0,167,0,4,222,0,226,354,0,354,580
06/01/2000,LOU,KY,ASO,CE,Towers with Display (VFR),0,3,31,0,34,0,3,168,0,171,0,6,199,0,205,278,0,278,483
06/02/2000,LOU,KY,ASO,CE,Towers with Display (VFR),0,2,37,0,39,0,0,154,0,154,0,2,191,0,193,152,0,152,345
06/03/2000,LOU,KY,ASO,CE,Towers with Display (VFR),0,2,34,0,36,0,0,195,0,195,0,2,229,0,231,330,0,330,561
06/04/2000,LOU,KY,ASO,CE,Towers with Display (VFR),0,1,35,0,36,0,0,212,0,212,0,1,247,0,248,194,0,194,442
06/05/2000,LOU,KY,ASO,CE,Towers with Display (VFR),0,0,35,0,35,0,0,77,2,79,0,0,112,2,114,224,0,224,338
06/06/2000,LOU,KY,ASO,CE,Towers with Display (VFR),0,5,55,0,60,0,3,172,0,175,0,8,227,0,235,320,0,320,555
06/07/2000,LOU,KY,ASO,CE,Towers with Display (VFR),0,3,41,0,44,0,0,193,0,193,0,3,234,0,237,322,2,324,561
06/08/2000,LOU,KY,ASO,CE,Towers with Display (VFR),0,4,35,0,39,0,3,163,0,166,0,7,198,0,205,322,0,322,527
06/09/2000,LOU,KY,ASO,CE,Towers with Display (VFR),0,3,39,0,42,0,0,177,0,177,0,3,216,0,219,330,0,330,549
06/10/2000,LOU,KY,ASO,CE,Towers with Display (VFR),0,2,23,0,25,0,0,195,0,195,0,2,218,0,220,702,0,702,922
06/11/2000,LOU,KY,ASO,CE,Towers with Display (VFR),0,0,29,0,29,0,0,180,0,180,0,0,209,0,209,316,0,316,525
06/12/2000,LOU,KY,ASO,CE,Towers with Display (VFR),0,2,23,0,25,0,0,132,0,132,0,2,155,0,157,266,0,266,423
06/13/2000,LOU,KY,ASO,CE,Towers with Display (VFR),0,3,47,0,50,0,4,146,0,150,0,7,193,0,200,474,0,474,674
06/14/2000,LOU,KY,ASO,CE,Towers with Display (VFR),0,3,43,0,46,0,4,82,0,86,0,7,125,0,132,152,0,152,284
06/15/2000,LOU,KY,ASO,CE,Towers with Display (VFR),0,5,58,0,63,0,4,107,0,111,0,9,165,0,174,388,0,388,562
06/16/2000,LOU,KY,ASO,CE,Towers with Display (VFR),0,4,53,0,57,0,1,73,0,74,0,5,126,0,131,110,0,110,241
06/17/2000,LOU,KY,ASO,CE,Towers with Display (VFR),0,1,19,0,20,0,2,27,0,29,0,3,46,0,49,162,0,162,211
06/18/2000,LOU,KY,ASO,CE,Towers with Display (VFR),0,3,42,0,45,0,1,5,0,6,0,4,47,0,51,6,0,6,57
06/19/2000,LOU,KY,ASO,CE,Towers with Display (VFR),0,4,51,0,55,0,0,129,0,129,0,4,180,0,184,534,0,534,718
06/20/2000,LOU,KY,ASO,CE,Towers with Display (VFR),0,4,57,0,61,0,2,135,0,137,0,6,192,0,198,400,0,400,598
06/21/2000,LOU,KY,ASO,CE,Towers with Display (VFR),0,2,37,0,39,0,0,80,0,80,0,2,117,0,119,342,0,342,461
06/22/2000,LOU,KY,ASO,CE,Towers with Display (VFR),0,3,39,0,42,0,3,192,0,195,0,6,231,0,237,212,0,212,449
06/23/2000,LOU,KY,ASO,CE,Towers with Display (VFR),0,3,44,0,47,0,0,204,1,205,0,3,248,1,252,378,0,378,630
06/24/2000,LOU,KY,ASO,CE,Towers with Display (VFR),0,2,36,0,38,0,0,137,0,137,0,2,173,0,175,156,0,156,331
06/25/2000,LOU,KY,ASO,CE,Towers with Display (VFR),0,1,24,0,25,0,1,157,0,158,0,2,181,0,183,388,0,388,571
06/26/2000,LOU,KY,ASO,CE,Towers with Display (VFR),0,3,40,0,43,0,1,53,0,54,0,4,93,0,97,154,0,154,251
06/27/2000,LOU,KY,ASO,CE,Towers with Display (VFR),0,5,63,0,68,0,0,58,0,58,0,5,121,0,126,246,0,246,372
06/28/2000,LOU,KY,ASO,CE,Towers with Display (VFR),0,4,50,0,54,0,0,177,0,177,0,4,227,0,231,518,0,518,749
06/29/2000,LOU,KY,ASO,CE,Towers with Display (VFR),0,2,48,0,50,0,0,224,1,225,0,2,272,1,275,380,0,380,655
06/30/2000,LOU,KY,ASO,CE,Towers with Display (VFR),0,3,44,0,47,0,2,198,0,200,0,5,242,0,247,342,0,342,589
07/01/2000,LOU,KY,ASO,CE,Towers with Display (VFR),0,3,35,0,38,0,0,211,0,211,0,3,246,0,249,324,0,324,573
07/02/2000,LOU,KY,ASO,CE,Towers with Display (VFR),0,3,24,0,27,0,2,155,0,157,0,5,179,0,184,176,0,176,360
07/03/2000,LOU,KY,ASO,CE,Towers with Display (VFR),0,3,32,0,35,0,1,111,0,112,0,4,143,0,147,233,0,233,380
07/04/2000,LOU,KY,ASO,CE,Towers with Display (VFR),0,4,37,0,41,0,1,98,0,99,0,5,135,0,140,388,0,388,528
07/05/2000,LOU,KY,ASO,CE,Towers with Display (VFR),0,3,40,0,43,0,0,40,0,40,0,3,80,0,83,134,0,134,217
07/06/2000,LOU,KY,ASO,CE,Towers with Display (VFR),0,3,43,0,46,0,0,84,0,84,0,3,127,0,130,226,2,228,358
07/07/2000,LOU,KY,ASO,CE,Towers with Display (VFR),0,3,40,0,43,0,0,208,0,208,0,3,248,0,251,388,0,388,639
07/08/2000,LOU,KY,ASO,CE,Towers with Display (VFR),0,3,27,0,30,0,3,199,0,202,0,6,226,0,232,280,0,280,512
07/09/2000,LOU,KY,ASO,CE,Towers with Display (VFR),0,3,33,0,36,0,3,164,0,167,0,6,197,0,203,148,0,148,351
07/10/2000,LOU,KY,ASO,CE,Towers with Display (VFR),0,3,32,0,35,0,2,128,0,130,0,5,160,0,165,226,0,226,391
07/11/2000,LOU,KY,ASO,CE,Towers with Display (VFR),0,5,45,0,50,0,1,89,0,90,0,6,134,0,140,272,0,272,412
07/12/2000,LOU,KY,ASO,CE,Towers with Display (VFR),0,5,54,0,59,0,0,46,0,46,0,5,100,0,105,160,0,160,265
07/13/2000,LOU,KY,ASO,CE,Towers with Display (VFR),0,5,55,0,60,0,0,80,0,80,0,5,135,0,140,218,0,218,358
07/14/2000,LOU,KY,ASO,CE,Towers with Display (VFR),0,2,43,0,45,0,0,161,0,161,0,2,204,0,206,330,0,330,536
07/15/2000,LOU,KY,ASO,CE,Towers with Display (VFR),0,3,24,0,27,0,3,267,0,270,0,6,291,0,297,270,0,270,567
07/16/2000,LOU,KY,ASO,CE,Towers with Display (VFR),0,3,45,0,48,0,2,192,0,194,0,5,237,0,242,324,0,324,566
07/17/2000,LOU,KY,ASO,CE,Towers with Display (VFR),0,2,23,0,25,0,0,207,0,207,0,2,230,0,232,316,0,316,548
07/18/2000,LOU,KY,ASO,CE,Towers with Display (VFR),0,3,43,0,46,0,9,118,0,127,0,12,161,0,173,286,0,286,459
07/19/2000,LOU,KY,ASO,CE,Towers with Display (VFR),0,6,69,0,75,0,0,7,0,7,0,6,76,0,82,16,0,16,98
07/20/2000,LOU,KY,ASO,CE,Towers with Display (VFR),0,6,69,0,75,0,4,193,0,197,0,10,262,0,272,388,0,388,660
07/21/2000,LOU,KY,ASO,CE,Towers with Display (VFR),0,4,51,0,55,0,1,165,0,166,0,5,216,0,221,268,0,268,489
07/22/2000,LOU,KY,ASO,CE,Towers with Display (VFR),0,2,25,0,27,0,1,225,0,226,0,3,250,0,253,252,0,252,505
07/23/2000,LOU,KY,ASO,CE,Towers with Display (VFR),0,2,61,0,63,0,0,209,0,209,0,2,270,0,272,210,0,210,482
07/24/2000,LOU,KY,ASO,CE,Towers with Display (VFR),0,3,45,0,48,0,0,184,1,185,0,3,229,1,233,252,0,252,485
07/25/2000,LOU,KY,ASO,CE,Towers with Display (VFR),0,4,50,0,54,0,0,174,0,174,0,4,224,0,228,440,0,440,668
07/26/2000,LOU,KY,ASO,CE,Towers with Display (VFR),0,3,46,0,49,0,0,144,0,144,0,3,190,0,193,286,0,286,479
07/27/2000,LOU,KY,ASO,CE,Towers with Display (VFR),0,4,46,0,50,0,0,143,0,143,0,4,189,0,193,436,0,436,629
07/28/2000,LOU,KY,ASO,CE,Towers with Display (VFR),0,3,39,0,42,0,3,75,0,78,0,6,114,0,120,88,0,88,208
07/29/2000,LOU,KY,ASO,CE,Towers with Display (VFR),0,3,36,0,39,0,3,6,0,9,0,6,42,0,48,0,0,0,48
07/30/2000,LOU,KY,ASO,CE,Towers with Display (VFR),0,3,54,0,57,0,0,35,0,35,0,3,89,0,92,50,0,50,142
07/31/2000,LOU,KY,ASO,CE,Towers with Display (VFR),0,3,44,0,47,0,6,57,0,63,0,9,101,0,110,278,0,278,388
08/01/2000,LOU,KY,ASO,CE,Towers with Display (VFR),0,4,29,0,33,0,1,147,0,148,0,5,176,0,181,372,0,372,553
08/02/2000,LOU,KY,ASO,CE,Towers with Display (VFR),0,5,46,0,51,0,3,176,0,179,0,8,222,0,230,342,0,342,572
08/03/2000,LOU,KY,ASO,CE,Towers with Display (VFR),0,3,56,0,59,0,0,128,0,128,0,3,184,0,187,402,0,402,589
08/04/2000,LOU,KY,ASO,CE,Towers with Display (VFR),0,3,45,0,48,0,0,87,0,87,0,3,132,0,135,188,0,188,323
08/05/2000,LOU,KY,ASO,CE,Towers with Display (VFR),0,2,24,0,26,0,0,208,3,211,0,2,232,3,237,298,0,298,535
08/06/2000,LOU,KY,ASO,CE,Towers with Display (VFR),0,1,26,0,27,0,0,75,0,75,0,1,101,0,102,76,0,76,178
08/07/2000,LOU,KY,ASO,CE,Towers with Display (VFR),0,2,25,0,27,0,0,90,1,91,0,2,115,1,118,232,0,232,350
08/08/2000,LOU,KY,ASO,CE,Towers with Display (VFR),0,4,39,0,43,0,0,54,0,54,0,4,93,0,97,236,0,236,333
08/09/2000,LOU,KY,ASO,CE,Towers with Display (VFR),0,6,48,0,54,0,5,166,0,171,0,11,214,0,225,300,0,300,525
08/10/2000,LOU,KY,ASO,CE,Towers with Display (VFR),0,6,50,0,56,0,3,174,0,177,0,9,224,0,233,273,0,273,506
08/11/2000,LOU,KY,ASO,CE,Towers with Display (VFR),0,6,55,0,61,0,1,222,0,223,0,7,277,0,284,268,0,268,552
08/12/2000,LOU,KY,ASO,CE,Towers with Display (VFR),0,4,34,0,38,0,9,242,0,251,0,13,276,0,289,268,0,268,557
08/13/2000,LOU,KY,ASO,CE,Towers with Display (VFR),0,3,24,0,27,0,1,181,0,182,0,4,205,0,209,318,0,318,527
08/14/2000,LOU,KY,ASO,CE,Towers with Display (VFR),0,4,35,0,39,0,9,158,0,167,0,13,193,0,206,336,0,336,542
08/15/2000,LOU,KY,ASO,CE,Towers with Display (VFR),0,3,35,0,38,0,0,187,0,187,0,3,222,0,225,256,0,256,481
08/16/2000,LOU,KY,ASO,CE,Towers with Display (VFR),0,8,80,0,88,0,5,136,0,141,0,13,216,0,229,304,0,304,533
08/17/2000,LOU,KY,ASO,CE,Towers with Display (VFR),0,6,89,0,95,0,0,100,0,100,0,6,189,0,195,192,0,192,387
08/18/2000,LOU,KY,ASO,CE,Towers with Display (VFR),0,6,98,0,104,0,0,91,0,91,0,6,189,0,195,152,0,152,347
08/19/2000,LOU,KY,ASO,CE,Towers with Display (VFR),0,4,49,0,53,0,0,220,0,220,0,4,269,0,273,308,0,308,581
08/20/2000,LOU,KY,ASO,CE,Towers with Display (VFR),0,7,66,0,73,0,1,232,2,235,0,8,298,2,308,250,0,250,558
08/21/2000,LOU,KY,ASO,CE,Towers with Display (VFR),0,3,35,0,38,0,2,160,0,162,0,5,195,0,200,254,0,254,454
08/22/2000,LOU,KY,ASO,CE,Towers with Display (VFR),0,5,56,0,61,0,7,88,0,95,0,12,144,0,156,292,0,292,448
08/23/2000,LOU,KY,ASO,CE,Towers with Display (VFR),0,3,29,0,32,0,1,57,0,58,0,4,86,0,90,204,0,204,294
08/24/2000,LOU,KY,ASO,CE,Towers with Display (VFR),0,6,57,0,63,0,3,48,0,51,0,9,105,0,114,136,0,136,250
08/25/2000,LOU,KY,ASO,CE,Towers with Display (VFR),0,4,44,0,48,0,2,106,0,108,0,6,150,0,156,326,0,326,482
08/26/2000,LOU,KY,ASO,CE,Towers with Display (VFR),0,2,28,0,30,0,3,92,0,95,0,5,120,0,125,228,0,228,353
08/27/2000,LOU,KY,ASO,CE,Towers with Display (VFR),0,4,38,0,42,0,0,163,0,163,0,4,201,0,205,204,0,204,409
08/28/2000,LOU,KY,ASO,CE,Towers with Display (VFR),0,2,39,0,41,0,0,127,2,129,0,2,166,2,170,290,0,290,460
08/29/2000,LOU,KY,ASO,CE,Towers with Display (VFR),0,5,55,0,60,0,1,188,0,189,0,6,243,0,249,328,0,328,577
08/30/2000,LOU,KY,ASO,CE,Towers with Display (VFR),0,4,48,0,52,0,0,196,0,196,0,4,244,0,248,326,0,326,574
08/31/2000,LOU,KY,ASO,CE,Towers with Display (VFR),0,4,42,0,46,0,1,203,0,204,0,5,245,0,250,252,0,252,502
09/01/2000,LOU,KY,ASO,CE,Towers with Display (VFR),0,4,47,0,51,0,0,141,0,141,0,4,188,0,192,310,0,310,502
09/02/2000,LOU,KY,ASO,CE,Towers with Display (VFR),0,2,26,0,28,0,0,208,0,208,0,2,234,0,236,378,0,378,614
09/03/2000,LOU,KY,ASO,CE,Towers with Display (VFR),0,2,29,0,31,0,0,134,0,134,0,2,163,0,165,210,0,210,375
09/04/2000,LOU,KY,ASO,CE,Towers with Display (VFR),0,2,46,0,48,0,0,96,0,96,0,2,142,0,144,144,0,144,288
09/05/2000,LOU,KY,ASO,CE,Towers with Display (VFR),0,0,38,0,38,0,0,132,0,132,0,0,170,0,170,252,0,252,422
09/06/2000,LOU,KY,ASO,CE,Towers with Display (VFR),0,3,46,0,49,0,0,191,0,191,0,3,237,0,240,320,0,320,560
09/07/2000,LOU,KY,ASO,CE,Towers with Display (VFR),0,2,50,0,52,0,0,158,0,158,0,2,208,0,210,316,0,316,526
09/08/2000,LOU,KY,ASO,CE,Towers with Display (VFR),0,4,51,0,55,0,0,38,1,39,0,4,89,1,94,146,0,146,240
09/09/2000,LOU,KY,ASO,CE,Towers with Display (VFR),0,4,40,0,44,0,3,114,0,117,0,7,154,0,161,202,0,202,363
09/10/2000,LOU,KY,ASO,CE,Towers with Display (VFR),0,4,40,0,44,0,1,73,2,76,0,5,113,2,120,174,0,174,294
09/11/2000,LOU,KY,ASO,CE,Towers with Display (VFR),0,1,27,0,28,0,0,16,0,16,0,1,43,0,44,54,0,54,98
09/12/2000,LOU,KY,ASO,CE,Towers with Display (VFR),0,4,42,0,46,0,2,49,0,51,0,6,91,0,97,160,0,160,257
09/13/2000,LOU,KY,ASO,CE,Towers with Display (VFR),0,3,39,0,42,0,0,249,0,249,0,3,288,0,291,392,0,392,683
09/14/2000,LOU,KY,ASO,CE,Towers with Display (VFR),0,4,63,0,67,0,4,160,0,164,0,8,223,0,231,282,0,282,513
09/15/2000,LOU,KY,ASO,CE,Towers with Display (VFR),0,3,46,0,49,0,3,191,0,194,0,6,237,0,243,284,0,284,527
09/16/2000,LOU,KY,ASO,CE,Towers with Display (VFR),0,1,18,0,19,0,1,260,4,265,0,2,278,4,284,206,0,206,490
09/17/2000,LOU,KY,ASO,CE,Towers with Display (VFR),0,2,31,0,33,0,1,243,2,246,0,3,274,2,279,204,30,234,513
09/18/2000,LOU,KY,ASO,CE,Towers with Display (VFR),0,2,31,0,33,0,4,159,0,163,0,6,190,0,196,370,0,370,566
09/19/2000,LOU,KY,ASO,CE,Towers with Display (VFR),0,2,34,0,36,0,4,163,0,167,0,6,197,0,203,284,0,284,487
09/20/2000,LOU,KY,ASO,CE,Towers with Display (VFR),0,3,41,0,44,0,4,81,0,85,0,7,122,0,129,126,0,126,255
09/21/2000,LOU,KY,ASO,CE,Towers with Display (VFR),0,3,47,0,50,0,2,180,0,182,0,5,227,0,232,434,0,434,666
09/22/2000,LOU,KY,ASO,CE,Towers with Display (VFR),0,2,38,0,40,0,3,211,0,214,0,5,249,0,254,306,0,306,560
09/23/2000,LOU,KY,ASO,CE,Towers with Display (VFR),0,2,44,0,46,0,0,149,0,149,0,2,193,0,195,348,0,348,543
09/24/2000,LOU,KY,ASO,CE,Towers with Display (VFR),0,0,41,0,41,0,0,0,0,0,0,0,41,0,41,8,0,8,49
09/25/2000,LOU,KY,ASO,CE,Towers with Display (VFR),0,0,32,0,32,0,0,5,0,5,0,0,37,0,37,16,0,16,53
09/26/2000,LOU,KY,ASO,CE,Towers with Display (VFR),0,3,54,0,57,0,7,175,0,182,0,10,229,0,239,480,0,480,719
09/27/2000,LOU,KY,ASO,CE,Towers with Display (VFR),0,3,48,0,51,0,3,199,0,202,0,6,247,0,253,592,0,592,845
09/28/2000,LOU,KY,ASO,CE,Towers with Display (VFR),0,4,60,0,64,0,1,87,0,88,0,5,147,0,152,224,0,224,376
09/29/2000,LOU,KY,ASO,CE,Towers with Display (VFR),0,2,38,0,40,0,5,198,0,203,0,7,236,0,243,298,0,298,541
09/30/2000,LOU,KY,ASO,CE,Towers with Display (VFR),0,1,26,0,27,0,3,288,0,291,0,4,314,0,318,170,0,170,488
10/01/2000,LOU,KY,ASO,CE,Towers with Display (VFR),0,4,28,0,32,0,2,187,0,189,0,6,215,0,221,272,0,272,493
10/02/2000,LOU,KY,ASO,CE,Towers with Display (VFR),0,3,25,0,28,0,0,123,0,123,0,3,148,0,151,172,0,172,323
10/03/2000,LOU,KY,ASO,CE,Towers with Display (VFR),0,5,36,0,41,0,4,172,0,176,0,9,208,0,217,244,0,244,461
10/04/2000,LOU,KY,ASO,CE,Towers with Display (VFR),0,5,34,0,39,0,1,146,0,147,0,6,180,0,186,312,0,312,498
10/05/2000,LOU,KY,ASO,CE,Towers with Display (VFR),0,6,47,0,53,0,5,105,0,110,0,11,152,0,163,150,0,150,313
10/06/2000,LOU,KY,ASO,CE,Towers with Display (VFR),0,7,51,0,58,0,3,45,0,48,0,10,96,0,106,68,0,68,174
10/07/2000,LOU,KY,ASO,CE,Towers with Display (VFR),0,3,25,0,28,0,5,203,0,208,0,8,228,0,236,296,0,296,532
10/08/2000,LOU,KY,ASO,CE,Towers with Display (VFR),0,3,25,0,28,0,0,94,0,94,0,3,119,0,122,322,0,322,444
10/09/2000,LOU,KY,ASO,CE,Towers with Display (VFR),0,4,30,0,34,0,0,176,0,176,0,4,206,0,210,308,0,308,518
10/10/2000,LOU,KY,ASO,CE,Towers with Display (VFR),0,6,46,0,52,0,5,200,0,205,0,11,246,0,257,290,0,290,547
10/11/2000,LOU,KY,ASO,CE,Towers with Display (VFR),0,5,37,0,42,0,3,163,0,166,0,8,200,0,208,274,0,274,482
10/12/2000,LOU,KY,ASO,CE,Towers with Display (VFR),0,3,28,0,31,0,4,191,0,195,0,7,219,0,226,370,0,370,596
10/13/2000,LOU,KY,ASO,CE,Towers with Display (VFR),0,5,43,0,48,0,0,233,0,233,0,5,276,0,281,280,0,280,561
10/14/2000,LOU,KY,ASO,CE,Towers with Display (VFR),0,3,26,0,29,0,3,280,3,286,0,6,306,3,315,278,0,278,593
10/15/2000,LOU,KY,ASO,CE,Towers with Display (VFR),0,3,29,0,32,0,0,154,0,154,0,3,183,0,186,302,0,302,488
10/16/2000,LOU,KY,ASO,CE,Towers with Display (VFR),0,2,30,0,32,0,0,29,0,29,0,2,59,0,61,128,0,128,189
10/17/2000,LOU,KY,ASO,CE,Towers with Display (VFR),0,3,40,0,43,0,0,1,0,1,0,3,41,0,44,0,0,0,44
10/18/2000,LOU,KY,ASO,CE,Towers with Display (VFR),0,2,23,0,25,0,4,161,0,165,0,6,184,0,190,238,0,238,428
10/19/2000,LOU,KY,ASO,CE,Towers with Display (VFR),0,6,52,0,58,0,3,167,0,170,0,9,219,0,228,324,0,324,552
10/20/2000,LOU,KY,ASO,CE,Towers with Display (VFR),0,5,53,0,58,0,0,161,0,161,0,5,214,0,219,262,0,262,481
10/21/2000,LOU,KY,ASO,CE,Towers with Display (VFR),0,3,40,0,43,0,0,63,0,63,0,3,103,0,106,290,0,290,396
10/22/2000,LOU,KY,ASO,CE,Towers with Display (VFR),0,3,47,0,50,0,0,151,0,151,0,3,198,0,201,262,0,262,463
10/23/2000,LOU,KY,ASO,CE,Towers with Display (VFR),0,4,43,0,47,0,7,104,0,111,0,11,147,0,158,386,0,386,544
10/24/2000,LOU,KY,ASO,CE,Towers with Display (VFR),0,4,37,0,41,0,7,114,0,121,0,11,151,0,162,364,0,364,526
10/25/2000,LOU,KY,ASO,CE,Towers with Display (VFR),0,5,48,0,53,0,0,123,0,123,0,5,171,0,176,286,0,286,462
10/26/2000,LOU,KY,ASO,CE,Towers with Display (VFR),0,7,60,0,67,0,1,106,0,107,0,8,166,0,174,380,0,380,554
10/27/2000,LOU,KY,ASO,CE,Towers with Display (VFR),0,5,53,0,58,0,0,138,0,138,0,5,191,0,196,226,0,226,422
10/28/2000,LOU,KY,ASO,CE,Towers with Display (VFR),0,4,43,0,47,0,4,219,0,223,0,8,262,0,270,244,0,244,514
10/29/2000,LOU,KY,ASO,CE,Towers with Display (VFR),0,3,27,0,30,0,1,194,0,195,0,4,221,0,225,390,0,390,615
10/30/2000,LOU,KY,ASO,CE,Towers with Display (VFR),0,3,26,0,29,0,1,167,0,168,0,4,193,0,197,334,0,334,531
10/31/2000,LOU,KY,ASO,CE,Towers with Display (VFR),0,3,30,0,33,0,4,155,0,159,0,7,185,0,192,318,0,318,510
11/01/2000,LOU,KY,ASO,CE,Towers with Display (VFR),0,4,32,0,36,0,4,165,1,170,0,8,197,1,206,234,0,234,440
11/02/2000,LOU,KY,ASO,CE,Towers with Display (VFR),0,7,60,0,67,0,2,70,0,72,0,9,130,0,139,160,2,162,301
11/03/2000,LOU,KY,ASO,CE,Towers with Display (VFR),0,6,50,0,56,0,0,63,2,65,0,6,113,2,121,112,0,112,233
11/04/2000,LOU,KY,ASO,CE,Towers with Display (VFR),0,3,41,0,44,0,0,197,1,198,0,3,238,1,242,296,0,296,538
11/05/2000,LOU,KY,ASO,CE,Towers with Display (VFR),0,0,26,0,26,0,0,243,0,243,0,0,269,0,269,194,0,194,463
11/06/2000,LOU,KY,ASO,CE,Towers with Display (VFR),0,5,36,0,41,0,4,27,0,31,0,9,63,0,72,198,0,198,270
11/07/2000,LOU,KY,ASO,CE,Towers with Display (VFR),0,5,41,0,46,0,6,60,0,66,0,11,101,0,112,252,0,252,364
11/08/2000,LOU,KY,ASO,CE,Towers with Display (VFR),0,3,24,0,27,0,1,1,0,2,0,4,25,0,29,6,0,6,35
11/09/2000,LOU,KY,ASO,CE,Towers with Display (VFR),0,4,29,0,33,0,1,34,0,35,0,5,63,0,68,88,0,88,156
11/10/2000,LOU,KY,ASO,CE,Towers with Display (VFR),0,6,52,0,58,0,3,67,0,70,0,9,119,0,128,88,0,88,216
11/11/2000,LOU,KY,ASO,CE,Towers with Display (VFR),0,4,34,0,38,0,2,153,0,155,0,6,187,0,193,260,0,260,453
11/12/2000,LOU,KY,ASO,CE,Towers with Display (VFR),0,2,21,0,23,0,2,219,0,221,0,4,240,0,244,284,0,284,528
11/13/2000,LOU,KY,ASO,CE,Towers with Display (VFR),0,4,36,0,40,0,5,37,0,42,0,9,73,0,82,130,0,130,212
11/14/2000,LOU,KY,ASO,CE,Towers with Display (VFR),0,4,38,0,42,0,2,69,0,71,0,6,107,0,113,204,0,204,317
11/15/2000,LOU,KY,ASO,CE,Towers with Display (VFR),0,5,47,0,52,0,3,191,0,194,0,8,238,0,246,282,0,282,528
11/16/2000,LOU,KY,ASO,CE,Towers with Display (VFR),0,4,41,0,45,0,7,72,0,79,0,11,113,0,124,134,2,136,260
11/17/2000,LOU,KY,ASO,CE,Towers with Display (VFR),0,2,42,0,44,0,0,103,0,103,0,2,145,0,147,130,0,130,277
11/18/2000,LOU,KY,ASO,CE,Towers with Display (VFR),0,3,36,0,39,0,2,166,0,168,0,5,202,0,207,294,0,294,501
11/19/2000,LOU,KY,ASO,CE,Towers with Display (VFR),0,3,28,0,31,0,2,141,0,143,0,5,169,0,174,142,0,142,316
11/20/2000,LOU,KY,ASO,CE,Towers with Display (VFR),0,3,35,0,38,0,2,41,0,43,0,5,76,0,81,50,0,50,131
11/21/2000,LOU,KY,ASO,CE,Towers with Display (VFR),0,4,43,0,47,0,2,79,0,81,0,6,122,0,128,84,0,84,212
11/22/2000,LOU,KY,ASO,CE,Towers with Display (VFR),0,4,42,0,46,0,1,129,0,130,0,5,171,0,176,238,0,238,414
11/23/2000,LOU,KY,ASO,CE,Towers with Display (VFR),0,2,28,0,30,0,2,65,0,67,0,4,93,0,97,82,0,82,179
11/24/2000,LOU,KY,ASO,CE,Towers with Display (VFR),0,1,31,0,32,0,0,182,0,182,0,1,213,0,214,246,0,246,460
11/25/2000,LOU,KY,ASO,CE,Towers with Display (VFR),0,0,24,0,24,0,0,14,0,14,0,0,38,0,38,0,0,0,38
11/26/2000,LOU,KY,ASO,CE,Towers with Display (VFR),0,2,46,0,48,0,0,16,0,16,0,2,62,0,64,16,0,16,80
11/27/2000,LOU,KY,ASO,CE,Towers with Display (VFR),0,3,47,0,50,0,0,68,0,68,0,3,115,0,118,330,0,330,448
11/28/2000,LOU,KY,ASO,CE,Towers with Display (VFR),0,4,52,0,56,0,0,113,2,115,0,4,165,2,171,274,0,274,445
11/29/2000,LOU,KY,ASO,CE,Towers with Display (VFR),0,3,31,0,34,0,1,57,0,58,0,4,88,0,92,68,0,68,160
11/30/2000,LOU,KY,ASO,CE,Towers with Display (VFR),0,3,42,0,45,0,0,95,0,95,0,3,137,0,140,268,0,268,408
12/01/2000,LOU,KY,ASO,CE,Towers with Display (VFR),0,6,40,0,46,0,0,113,0,113,0,6,153,0,159,156,0,156,315
12/02/2000,LOU,KY,ASO,CE,Towers with Display (VFR),0,2,6,0,8,0,2,1,0,3,0,4,7,0,11,0,0,0,11
12/03/2000,LOU,KY,ASO,CE,Towers with Display (VFR),0,2,18,0,20,0,0,186,0,186,0,2,204,0,206,290,0,290,496
12/04/2000,LOU,KY,ASO,CE,Towers with Display (VFR),0,5,31,0,36,0,1,4,0,5,0,6,35,0,41,56,0,56,97
12/05/2000,LOU,KY,ASO,CE,Towers with Display (VFR),0,6,38,0,44,0,4,124,0,128,0,10,162,0,172,142,0,142,314
12/06/2000,LOU,KY,ASO,CE,Towers with Display (VFR),0,4,40,0,44,0,0,79,0,79,0,4,119,0,123,350,0,350,473
12/07/2000,LOU,KY,ASO,CE,Towers with Display (VFR),0,3,45,0,48,0,0,78,0,78,0,3,123,0,126,60,0,60,186
12/08/2000,LOU,KY,ASO,CE,Towers with Display (VFR),0,5,26,0,31,0,5,149,0,154,0,10,175,0,185,206,0,206,391
12/09/2000,LOU,KY,ASO,CE,Towers with Display (VFR),0,4,23,0,27,0,4,191,2,197,0,8,214,2,224,324,0,324,548
12/10/2000,LOU,KY,ASO,CE,Towers with Display (VFR),0,2,21,0,23,0,0,102,0,102,0,2,123,0,125,302,0,302,427
12/11/2000,LOU,KY,ASO,CE,Towers with Display (VFR),0,4,24,0,28,0,0,13,0,13,0,4,37,0,41,46,0,46,87
12/12/2000,LOU,KY,ASO,CE,Towers with Display (VFR),0,2,22,0,24,0,0,51,0,51,0,2,73,0,75,222,0,222,297
12/13/2000,LOU,KY,ASO,CE,Towers with Display (VFR),0,2,11,0,13,0,1,14,0,15,0,3,25,0,28,14,0,14,42
12/14/2000,LOU,KY,ASO,CE,Towers with Display (VFR),0,2,18,0,20,0,0,33,0,33,0,2,51,0,53,46,0,46,99
12/15/2000,LOU,KY,ASO,CE,Towers with Display (VFR),0,3,24,0,27,0,0,47,0,47,0,3,71,0,74,162,0,162,236
12/16/2000,LOU,KY,ASO,CE,Towers with Display (VFR),0,2,9,0,11,0,0,5,0,5,0,2,14,0,16,0,0,0,16
12/17/2000,LOU,KY,ASO,CE,Towers with Display (VFR),0,2,9,0,11,0,5,5,0,10,0,7,14,0,21,0,0,0,21
12/18/2000,LOU,KY,ASO,CE,Towers with Display (VFR),0,0,25,0,25,0,0,70,0,70,0,0,95,0,95,110,0,110,205
12/19/2000,LOU,KY,ASO,CE,Towers with Display (VFR),0,1,26,0,27,0,0,25,0,25,0,1,51,0,52,36,0,36,88
12/20/2000,LOU,KY,ASO,CE,Towers with Display (VFR),0,6,41,0,47,0,8,92,0,100,0,14,133,0,147,104,0,104,251
12/21/2000,LOU,KY,ASO,CE,Towers with Display (VFR),0,2,21,0,23,0,2,9,0,11,0,4,30,0,34,28,0,28,62
12/22/2000,LOU,KY,ASO,CE,Towers with Display (VFR),0,3,27,0,30,0,8,65,0,73,0,11,92,0,103,108,0,108,211
12/23/2000,LOU,KY,ASO,CE,Towers with Display (VFR),0,2,19,0,21,0,1,96,0,97,0,3,115,0,118,142,0,142,260
12/24/2000,LOU,KY,ASO,CE,Towers with Display (VFR),0,0,3,0,3,0,0,83,0,83,0,0,86,0,86,76,0,76,162
12/25/2000,LOU,KY,ASO,CE,Towers with Display (VFR),0,0,5,0,5,0,3,19,0,22,0,3,24,0,27,0,0,0,27
12/26/2000,LOU,KY,ASO,CE,Towers with Display (VFR),0,3,25,0,28,0,0,78,0,78,0,3,103,0,106,118,0,118,224
12/27/2000,LOU,KY,ASO,CE,Towers with Display (VFR),0,4,30,0,34,0,0,57,0,57,0,4,87,0,91,206,0,206,297
12/28/2000,LOU,KY,ASO,CE,Towers with Display (VFR),0,4,32,0,36,0,4,113,2,119,0,8,145,2,155,120,0,120,275
12/29/2000,LOU,KY,ASO,CE,Towers with Display (VFR),0,2,27,0,29,0,0,20,0,20,0,2,47,0,49,14,0,14,63
12/30/2000,LOU,KY,ASO,CE,Towers with Display (VFR),0,2,18,0,20,0,2,0,0,2,0,4,18,0,22,0,0,0,22
12/31/2000,LOU,KY,ASO,CE,Towers with Display (VFR),0,0,11,0,11,0,0,1,0,1,0,0,12,0,12,0,0,0,12
01/01/2001,LOU,KY,ASO,CE,Towers with Display (VFR),0,2,12,0,14,0,0,2,0,2,0,2,14,0,16,6,0,6,22
01/02/2001,LOU,KY,ASO,CE,Towers with Display (VFR),0,4,17,0,21,0,4,53,0,57,0,8,70,0,78,94,0,94,172
01/03/2001,LOU,KY,ASO,CE,Towers with Display (VFR),0,4,19,0,23,0,4,45,0,49,0,8,64,0,72,64,0,64,136
01/04/2001,LOU,KY,ASO,CE,Towers with Display (VFR),0,4,19,0,23,0,0,48,0,48,0,4,67,0,71,130,0,130,201
01/05/2001,LOU,KY,ASO,CE,Towers with Display (VFR),0,5,34,0,39,0,1,101,0,102,0,6,135,0,141,82,2,84,225
01/06/2001,LOU,KY,ASO,CE,Towers with Display (VFR),0,3,14,0,17,0,3,165,0,168,0,6,179,0,185,184,0,184,369
01/07/2001,LOU,KY,ASO,CE,Towers with Display (VFR),0,2,17,0,19,0,0,164,0,164,0,2,181,0,183,268,0,268,451
01/08/2001,LOU,KY,ASO,CE,Towers with Display (VFR),0,4,27,0,31,0,2,37,0,39,0,6,64,0,70,80,0,80,150
01/09/2001,LOU,KY,ASO,CE,Towers with Display (VFR),0,4,22,0,26,0,2,85,0,87,0,6,107,0,113,162,0,162,275
01/10/2001,LOU,KY,ASO,CE,Towers with Display (VFR),0,3,25,1,29,0,0,154,0,154,0,3,179,1,183,104,2,106,289
01/11/2001,LOU,KY,ASO,CE,Towers with Display (VFR),0,3,25,0,28,0,0,96,0,96,0,3,121,0,124,172,0,172,296
01/12/2001,LOU,KY,ASO,CE,Towers with Display (VFR),0,5,43,0,48,0,1,124,0,125,0,6,167,0,173,200,0,200,373
01/13/2001,LOU,KY,ASO,CE,Towers with Display (VFR),0,4,36,0,40,0,0,210,0,210,0,4,246,0,250,310,0,310,560
01/14/2001,LOU,KY,ASO,CE,Towers with Display (VFR),0,1,26,0,27,0,0,26,0,26,0,1,52,0,53,94,0,94,147
01/15/2001,LOU,KY,ASO,CE,Towers with Display (VFR),0,1,28,0,29,0,0,90,1,91,0,1,118,1,120,172,0,172,292
01/16/2001,LOU,KY,ASO,CE,Towers with Display (VFR),0,5,38,0,43,0,3,67,0,70,0,8,105,0,113,258,0,258,371
01/17/2001,LOU,KY,ASO,CE,Towers with Display (VFR),0,4,30,0,34,0,5,58,0,63,0,9,88,0,97,196,0,196,293
01/18/2001,LOU,KY,ASO,CE,Towers with Display (VFR),0,4,34,0,38,0,2,53,0,55,0,6,87,0,93,188,0,188,281
01/19/2001,LOU,KY,ASO,CE,Towers with Display (VFR),0,1,13,0,14,0,1,0,0,1,0,2,13,0,15,0,0,0,15
01/20/2001,LOU,KY,ASO,CE,Towers with Display (VFR),0,1,15,0,16,0,1,6,0,7,0,2,21,0,23,2,0,2,25
01/21/2001,LOU,KY,ASO,CE,Towers with Display (VFR),0,2,22,0,24,0,0,130,0,130,0,2,152,0,154,156,0,156,310
01/22/2001,LOU,KY,ASO,CE,Towers with Display (VFR),0,1,24,0,25,0,0,128,2,130,0,1,152,2,155,178,0,178,333
01/23/2001,LOU,KY,ASO,CE,Towers with Display (VFR),0,4,31,0,35,0,3,142,0,145,0,7,173,0,180,210,0,210,390
01/24/2001,LOU,KY,ASO,CE,Towers with Display (VFR),0,5,39,0,44,0,1,113,2,116,0,6,152,2,160,154,0,154,314
01/25/2001,LOU,KY,ASO,CE,Towers with Display (VFR),0,5,38,0,43,0,1,133,0,134,0,6,171,0,177,194,0,194,371
01/26/2001,LOU,KY,ASO,CE,Towers with Display (VFR),0,3,24,0,27,0,5,40,0,45,0,8,64,0,72,16,0,16,88
01/27/2001,LOU,KY,ASO,CE,Towers with Display (VFR),0,2,22,0,24,0,2,156,0,158,0,4,178,0,182,170,0,170,352
01/28/2001,LOU,KY,ASO,CE,Towers with Display (VFR),0,0,24,0,24,0,0,140,0,140,0,0,164,0,164,266,0,266,430
01/29/2001,LOU,KY,ASO,CE,Towers with Display (VFR),0,3,26,0,29,0,1,64,2,67,0,4,90,2,96,166,0,166,262
01/30/2001,LOU,KY,ASO,CE,Towers with Display (VFR),0,3,27,0,30,0,1,28,0,29,0,4,55,0,59,14,0,14,73
01/31/2001,LOU,KY,ASO,CE,Towers with Display (VFR),0,4,31,0,35,0,1,46,0,47,0,5,77,0,82,158,0,158,240
02/01/2001,LOU,KY,ASO,CE,Towers with Display (VFR),0,4,26,0,30,0,0,108,0,108,0,4,134,0,138,172,0,172,310
02/02/2001,LOU,KY,ASO,CE,Towers with Display (VFR),0,2,24,0,26,0,0,103,0,103,0,2,127,0,129,102,2,104,233
02/03/2001,LOU,KY,ASO,CE,Towers with Display (VFR),0,2,18,0,20,0,0,191,2,193,0,2,209,2,213,228,0,228,441
02/04/2001,LOU,KY,ASO,CE,Towers with Display (VFR),0,1,13,0,14,0,0,71,0,71,0,1,84,0,85,152,0,152,237
02/05/2001,LOU,KY,ASO,CE,Towers with Display (VFR),0,3,22,0,25,0,2,16,0,18,0,5,38,0,43,116,0,116,159
02/06/2001,LOU,KY,ASO,CE,Towers with Display (VFR),0,4,30,0,34,0,4,110,0,114,0,8,140,0,148,260,0,260,408
02/07/2001,LOU,KY,ASO,CE,Towers with Display (VFR),0,5,37,0,42,0,3,125,0,128,0,8,162,0,170,222,0,222,392
02/08/2001,LOU,KY,ASO,CE,Towers with Display (VFR),0,5,35,0,40,0,6,92,0,98,0,11,127,0,138,150,0,150,288
02/09/2001,LOU,KY,ASO,CE,Towers with Display (VFR),0,2,16,0,18,0,0,13,0,13,0,2,29,0,31,2,0,2,33
02/10/2001,LOU,KY,ASO,CE,Towers with Display (VFR),0,3,23,0,26,0,1,160,0,161,0,4,183,0,187,292,0,292,479
02/11/2001,LOU,KY,ASO,CE,Towers with Display (VFR),0,2,15,1,18,0,2,174,0,176,0,4,189,1,194,220,0,220,414
02/12/2001,LOU,KY,ASO,CE,Towers with Display (VFR),0,3,25,0,28,0,4,80,0,84,0,7,105,0,112,198,0,198,310
02/13/2001,LOU,KY,ASO,CE,Towers with Display (VFR),0,5,45,0,50,0,1,6,0,7,0,6,51,0,57,10,0,10,67
02/14/2001,LOU,KY,ASO,CE,Towers with Display (VFR),0,1,22,0,23,0,0,2,0,2,0,1,24,0,25,16,0,16,41
02/15/2001,LOU,KY,ASO,CE,Towers with Display (VFR),0,4,34,0,38,0,0,3,0,3,0,4,37,0,41,0,0,0,41
02/16/2001,LOU,KY,ASO,CE,Towers with Display (VFR),0,4,34,0,38,0,3,0,0,3,0,7,34,0,41,0,0,0,41
02/17/2001,LOU,KY,ASO,CE,Towers with Display (VFR),0,3,29,0,32,0,1,143,0,144,0,4,172,0,176,238,0,238,414
02/18/2001,LOU,KY,ASO,CE,Towers with Display (VFR),0,0,30,0,30,0,0,230,0,230,0,0,260,0,260,254,0,254,514
02/19/2001,LOU,KY,ASO,CE,Towers with Display (VFR),0,3,25,0,28,0,7,129,1,137,0,10,154,1,165,262,0,262,427
02/20/2001,LOU,KY,ASO,CE,Towers with Display (VFR),0,3,31,0,34,0,1,128,0,129,0,4,159,0,163,190,0,190,353
02/21/2001,LOU,KY,ASO,CE,Towers with Display (VFR),0,3,28,0,31,0,2,112,0,114,0,5,140,0,145,156,0,156,301
02/22/2001,LOU,KY,ASO,CE,Towers with Display (VFR),0,4,36,0,40,0,3,8,0,11,0,7,44,0,51,52,0,52,103
02/23/2001,LOU,KY,ASO,CE,Towers with Display (VFR),0,4,35,0,39,0,4,134,0,138,0,8,169,0,177,204,0,204,381
02/24/2001,LOU,KY,ASO,CE,Towers with Display (VFR),0,2,26,0,28,0,0,89,0,89,0,2,115,0,117,170,0,170,287
02/25/2001,LOU,KY,ASO,CE,Towers with Display (VFR),0,1,15,0,16,0,0,39,0,39,0,1,54,0,55,0,0,0,55
02/26/2001,LOU,KY,ASO,CE,Towers with Display (VFR),0,5,41,0,46,0,3,188,0,191,0,8,229,0,237,258,0,258,495
02/27/2001,LOU,KY,ASO,CE,Towers with Display (VFR),0,5,42,0,47,0,2,105,4,111,0,7,147,4,158,100,2,102,260
02/28/2001,LOU,KY,ASO,CE,Towers with Display (VFR),0,2,34,0,36,0,0,141,1,142,0,2,175,1,178,204,0,204,382
03/01/2001,LOU,KY,ASO,CE,Towers with Display (VFR),0,4,8,0,12,26,22,0,2,50,26,26,8,2,62,248,18,266,328
03/02/2001,LOU,KY,ASO,CE,Towers with Display (VFR),0,2,34,0,36,0,0,112,0,112,0,2,146,0,148,136,0,136,284
03/03/2001,LOU,KY,ASO,CE,Towers with Display (VFR),0,4,29,0,33,0,0,158,0,158,0,4,187,0,191,286,0,286,477
03/04/2001,LOU,KY,ASO,CE,Towers with Display (VFR),0,1,15,0,16,0,0,4,0,4,0,1,19,0,20,0,0,0,20
03/05/2001,LOU,KY,ASO,CE,Towers with Display (VFR),0,4,32,0,36,0,3,48,0,51,0,7,80,0,87,20,0,20,107
03/06/2001,LOU,KY,ASO,CE,Towers with Display (VFR),0,3,25,0,28,0,2,75,0,77,0,5,100,0,105,50,0,50,155
03/07/2001,LOU,KY,ASO,CE,Towers with Display (VFR),0,4,31,0,35,0,1,145,0,146,0,5,176,0,181,222,0,222,403
03/08/2001,LOU,KY,ASO,CE,Towers with Display (VFR),0,6,48,0,54,0,3,136,0,139,0,9,184,0,193,212,14,226,419
03/09/2001,LOU,KY,ASO,CE,Towers with Display (VFR),0,2,25,0,27,0,0,150,0,150,0,2,175,0,177,168,0,168,345
03/10/2001,LOU,KY,ASO,CE,Towers with Display (VFR),0,3,19,0,22,0,2,276,0,278,0,5,295,0,300,254,0,254,554
03/11/2001,LOU,KY,ASO,CE,Towers with Display (VFR),0,2,18,0,20,0,0,222,0,222,0,2,240,0,242,180,0,180,422
03/12/2001,LOU,KY,ASO,CE,Towers with Display (VFR),0,3,30,0,33,0,0,64,0,64,0,3,94,0,97,90,0,90,187
03/13/2001,LOU,KY,ASO,CE,Towers with Display (VFR),0,4,25,0,29,0,3,55,0,58,0,7,80,0,87,34,0,34,121
03/14/2001,LOU,KY,ASO,CE,Towers with Display (VFR),0,4,36,0,40,0,2,177,0,179,0,6,213,0,219,152,0,152,371
03/15/2001,LOU,KY,ASO,CE,Towers with Display (VFR),0,5,42,0,47,0,1,60,0,61,0,6,102,0,108,170,0,170,278
03/16/2001,LOU,KY,ASO,CE,Towers with Display (VFR),0,5,46,0,51,0,1,10,0,11,0,6,56,0,62,2,0,2,64
03/17/2001,LOU,KY,ASO,CE,Towers with Display (VFR),0,2,24,0,26,0,3,63,0,66,0,5,87,0,92,302,0,302,394
03/18/2001,LOU,KY,ASO,CE,Towers with Display (VFR),0,2,18,0,20,0,2,247,0,249,0,4,265,0,269,272,0,272,541
03/19/2001,LOU,KY,ASO,CE,Towers with Display (VFR),0,4,35,0,39,0,0,118,2,120,0,4,153,2,159,134,0,134,293
03/20/2001,LOU,KY,ASO,CE,Towers with Display (VFR),0,4,41,0,45,0,2,44,0,46,0,6,85,0,91,34,0,34,125
03/21/2001,LOU,KY,ASO,CE,Towers with Display (VFR),0,4,36,0,40,0,1,64,0,65,0,5,100,0,105,114,0,114,219
03/22/2001,LOU,KY,ASO,CE,Towers with Display (VFR),0,5,46,0,51,0,5,154,0,159,0,10,200,0,210,314,0,314,524
03/23/2001,LOU,KY,ASO,CE,Towers with Display (VFR),0,4,39,0,43,0,3,160,0,163,0,7,199,0,206,246,0,246,452
03/24/2001,LOU,KY,ASO,CE,Towers with Display (VFR),0,2,19,0,21,0,0,114,0,114,0,2,133,0,135,140,0,140,275
03/25/2001,LOU,KY,ASO,CE,Towers with Display (VFR),0,0,18,0,18,0,0,162,0,162,0,0,180,0,180,177,0,177,357
03/26/2001,LOU,KY,ASO,CE,Towers with Display (VFR),0,1,16,0,17,0,5,127,0,132,0,6,143,0,149,230,0,230,379
03/27/2001,LOU,KY,ASO,CE,Towers with Display (VFR),0,3,30,0,33,0,3,175,2,180,0,6,205,2,213,166,0,166,379
03/28/2001,LOU,KY,ASO,CE,Towers with Display (VFR),0,3,33,0,36,0,3,154,3,160,0,6,187,3,196,108,0,108,304
03/29/2001,LOU,KY,ASO,CE,Towers with Display (VFR),0,6,53,0,59,0,0,88,0,88,0,6,141,0,147,80,0,80,227
03/30/2001,LOU,KY,ASO,CE,Towers with Display (VFR),0,4,49,0,53,0,0,47,0,47,0,4,96,0,100,84,0,84,184
03/31/2001,LOU,KY,ASO,CE,Towers with Display (VFR),0,3,41,0,44,0,0,59,1,60,0,3,100,1,104,182,0,182,286
04/01/2001,LOU,KY,ASO,CE,Towers with Display (VFR),0,4,15,0,19,0,0,78,0,78,0,4,93,0,97,78,0,78,175
04/02/2001,LOU,KY,ASO,CE,Towers with Display (VFR),0,4,29,0,33,0,0,133,1,134,0,4,162,1,167,160,0,160,327
04/03/2001,LOU,KY,ASO,CE,Towers with Display (VFR),0,3,39,0,42,0,0,58,0,58,0,3,97,0,100,106,0,106,206
04/04/2001,LOU,KY,ASO,CE,Towers with Display (VFR),0,2,26,0,28,0,0,157,0,157,0,2,183,0,185,214,0,214,399
04/05/2001,LOU,KY,ASO,CE,Towers with Display (VFR),0,5,50,0,55,0,1,150,0,151,0,6,200,0,206,238,0,238,444
04/06/2001,LOU,KY,ASO,CE,Towers with Display (VFR),0,2,45,0,47,0,0,95,0,95,0,2,140,0,142,54,0,54,196
04/07/2001,LOU,KY,ASO,CE,Towers with Display (VFR),0,5,23,0,28,0,0,98,0,98,0,5,121,0,126,46,0,46,172
04/08/2001,LOU,KY,ASO,CE,Towers with Display (VFR),0,4,28,2,34,0,5,115,0,120,0,9,143,2,154,58,0,58,212
04/09/2001,LOU,KY,ASO,CE,Towers with Display (VFR),0,2,14,0,16,0,2,117,0,119,0,4,131,0,135,80,0,80,215
04/10/2001,LOU,KY,ASO,CE,Towers with Display (VFR),0,2,28,0,30,0,0,101,0,101,0,2,129,0,131,116,0,116,247
04/11/2001,LOU,KY,ASO,CE,Towers with Display (VFR),0,2,31,0,33,0,4,80,0,84,0,6,111,0,117,160,4,164,281
04/12/2001,LOU,KY,ASO,CE,Towers with Display (VFR),0,2,28,0,30,0,0,67,0,67,0,2,95,0,97,14,0,14,111
04/13/2001,LOU,KY,ASO,CE,Towers with Display (VFR),0,2,27,0,29,0,0,228,0,228,0,2,255,0,257,332,0,332,589
04/14/2001,LOU,KY,ASO,CE,Towers with Display (VFR),0,2,34,0,36,0,0,222,0,222,0,2,256,0,258,190,0,190,448
04/15/2001,LOU,KY,ASO,CE,Towers with Display (VFR),0,1,23,0,24,0,2,17,0,19,0,3,40,0,43,38,0,38,81
04/16/2001,LOU,KY,ASO,CE,Towers with Display (VFR),0,0,35,0,35,0,1,93,0,94,0,1,128,0,129,48,0,48,177
04/17/2001,LOU,KY,ASO,CE,Towers with Display (VFR),0,3,37,0,40,0,1,31,0,32,0,4,68,0,72,24,0,24,96
04/18/2001,LOU,KY,ASO,CE,Towers with Display (VFR),0,2,42,0,44,0,0,184,0,184,0,2,226,0,228,172,0,172,400
04/19/2001,LOU,KY,ASO,CE,Towers with Display (VFR),0,4,30,0,34,0,0,168,0,168,0,4,198,0,202,82,0,82,284
04/20/2001,LOU,KY,ASO,CE,Towers with Display (VFR),0,2,43,0,45,0,0,83,1,84,0,2,126,1,129,96,0,96,225
04/21/2001,LOU,KY,ASO,CE,Towers with Display (VFR),0,2,25,0,27,0,0,126,8,134,0,2,151,8,161,146,2,148,309
04/22/2001,LOU,KY,ASO,CE,Towers with Display (VFR),0,0,21,0,21,0,0,154,2,156,0,0,175,2,177,154,0,154,331
04/23/2001,LOU,KY,ASO,CE,Towers with Display (VFR),0,2,20,0,22,0,5,66,0,71,0,7,86,0,93,52,0,52,145
04/24/2001,LOU,KY,ASO,CE,Towers with Display (VFR),0,3,38,0,41,0,3,133,0,136,0,6,171,0,177,166,0,166,343
04/25/2001,LOU,KY,ASO,CE,Towers with Display (VFR),0,3,34,0,37,0,3,197,2,202,0,6,231,2,239,234,0,234,473
04/26/2001,LOU,KY,ASO,CE,Towers with Display (VFR),0,2,35,0,37,0,4,156,0,160,0,6,191,0,197,332,0,332,529
04/27/2001,LOU,KY,ASO,CE,Towers with Display (VFR),0,2,44,0,46,0,0,170,0,170,0,2,214,0,216,186,0,186,402
04/28/2001,LOU,KY,ASO,CE,Towers with Display (VFR),0,2,23,0,25,0,0,177,0,177,0,2,200,0,202,190,0,190,392
04/29/2001,LOU,KY,ASO,CE,Towers with Display (VFR),0,0,30,0,30,0,0,186,0,186,0,0,216,0,216,204,0,204,420
04/30/2001,LOU,KY,ASO,CE,Towers with Display (VFR),0,2,29,0,31,0,0,155,0,155,0,2,184,0,186,250,0,250,436
05/01/2001,LOU,KY,ASO,CE,Towers with Display (VFR),0,1,30,1,32,0,2,131,6,139,0,3,161,7,171,194,0,194,365
05/02/2001,LOU,KY,ASO,CE,Towers with Display (VFR),0,2,34,0,36,0,1,148,0,149,0,3,182,0,185,248,0,248,433
05/03/2001,LOU,KY,ASO,CE,Towers with Display (VFR),0,4,52,0,56,0,0,150,0,150,0,4,202,0,206,284,0,284,490
05/04/2001,LOU,KY,ASO,CE,Towers with Display (VFR),0,4,32,0,36,0,0,195,1,196,0,4,227,1,232,298,0,298,530
05/05/2001,LOU,KY,ASO,CE,Towers with Display (VFR),0,2,24,0,26,0,0,178,10,188,0,2,202,10,214,246,0,246,460
05/06/2001,LOU,KY,ASO,CE,Towers with Display (VFR),0,2,42,0,44,0,2,159,7,168,0,4,201,7,212,238,0,238,450
05/07/2001,LOU,KY,ASO,CE,Towers with Display (VFR),0,2,16,0,18,0,0,46,1,47,0,2,62,1,65,58,0,58,123
05/08/2001,LOU,KY,ASO,CE,Towers with Display (VFR),0,3,34,0,37,0,0,133,0,133,0,3,167,0,170,152,0,152,322
05/09/2001,LOU,KY,ASO,CE,Towers with Display (VFR),0,5,23,2,30,0,2,167,0,169,0,7,190,2,199,132,0,132,331
05/10/2001,LOU,KY,ASO,CE,Towers with Display (VFR),0,3,43,0,46,0,2,126,0,128,0,5,169,0,174,208,0,208,382
05/11/2001,LOU,KY,ASO,CE,Towers with Display (VFR),0,2,29,0,31,0,0,111,0,111,0,2,140,0,142,164,0,164,306
05/12/2001,LOU,KY,ASO,CE,Towers with Display (VFR),0,4,29,0,33,0,0,136,0,136,0,4,165,0,169,136,0,136,305
05/13/2001,LOU,KY,ASO,CE,Towers with Display (VFR),0,2,24,0,26,0,0,150,0,150,0,2,174,0,176,200,0,200,376
05/14/2001,LOU,KY,ASO,CE,Towers with Display (VFR),0,6,17,0,23,0,1,123,0,124,0,7,140,0,147,396,0,396,543
05/15/2001,LOU,KY,ASO,CE,Towers with Display (VFR),0,4,28,1,33,0,0,155,1,156,0,4,183,2,189,84,2,86,275
05/16/2001,LOU,KY,ASO,CE,Towers with Display (VFR),0,7,25,0,32,0,0,156,0,156,0,7,181,0,188,160,0,160,348
05/17/2001,LOU,KY,ASO,CE,Towers with Display (VFR),0,2,29,0,31,0,2,110,0,112,0,4,139,0,143,126,0,126,269
05/18/2001,LOU,KY,ASO,CE,Towers with Display (VFR),0,3,27,0,30,0,1,64,0,65,0,4,91,0,95,136,0,136,231
05/19/2001,LOU,KY,ASO,CE,Towers with Display (VFR),0,2,25,0,27,0,0,27,0,27,0,2,52,0,54,54,0,54,108
05/20/2001,LOU,KY,ASO,CE,Towers with Display (VFR),0,0,31,0,31,0,2,109,0,111,0,2,140,0,142,202,0,202,344
05/21/2001,LOU,KY,ASO,CE,Towers with Display (VFR),0,0,28,0,28,0,3,21,0,24,0,3,49,0,52,38,0,38,90
05/22/2001,LOU,KY,ASO,CE,Towers with Display (VFR),0,3,47,0,50,0,0,80,0,80,0,3,127,0,130,94,0,94,224
05/23/2001,LOU,KY,ASO,CE,Towers with Display (VFR),0,2,31,0,33,0,2,108,0,110,0,4,139,0,143,154,0,154,297
05/24/2001,LOU,KY,ASO,CE,Towers with Display (VFR),0,2,30,0,32,0,2,100,0,102,0,4,130,0,134,56,0,56,190
05/25/2001,LOU,KY,ASO,CE,Towers with Display (VFR),0,2,45,0,47,0,0,59,0,59,0,2,104,0,106,28,0,28,134
05/26/2001,LOU,KY,ASO,CE,Towers with Display (VFR),0,3,18,0,21,0,0,122,0,122,0,3,140,0,143,42,0,42,185
05/27/2001,LOU,KY,ASO,CE,Towers with Display (VFR),0,1,28,0,29,0,2,119,0,121,0,3,147,0,150,82,0,82,232
05/28/2001,LOU,KY,ASO,CE,Towers with Display (VFR),0,0,22,0,22,0,4,201,0,205,0,4,223,0,227,300,0,300,527
05/29/2001,LOU,KY,ASO,CE,Towers with Display (VFR),0,0,25,0,25,0,5,156,0,161,0,5,181,0,186,344,0,344,530
05/30/2001,LOU,KY,ASO,CE,Towers with Display (VFR),0,3,38,0,41,0,1,164,2,167,0,4,202,2,208,294,0,294,502
05/31/2001,LOU,KY,ASO,CE,Towers with Display (VFR),0,3,34,0,37,0,4,66,0,70,0,7,100,0,107,98,0,98,205
06/01/2001,LOU,KY,ASO,CE,Towers with Display (VFR),0,6,37,0,43,0,0,44,0,44,0,6,81,0,87,66,0,66,153
06/02/2001,LOU,KY,ASO,CE,Towers with Display (VFR),0,2,22,0,24,0,0,32,0,32,0,2,54,0,56,40,0,40,96
06/03/2001,LOU,KY,ASO,CE,Towers with Display (VFR),0,0,31,0,31,0,1,199,0,200,0,1,230,0,231,152,0,152,383
06/04/2001,LOU,KY,ASO,CE,Towers with Display (VFR),0,1,19,0,20,0,2,12,0,14,0,3,31,0,34,98,0,98,132
06/05/2001,LOU,KY,ASO,CE,Towers with Display (VFR),0,1,35,0,36,0,1,79,0,80,0,2,114,0,116,162,0,162,278
06/06/2001,LOU,KY,ASO,CE,Towers with Display (VFR),0,2,22,0,24,0,0,62,0,62,0,2,84,0,86,202,0,202,288
06/07/2001,LOU,KY,ASO,CE,Towers with Display (VFR),0,7,35,0,42,0,4,54,0,58,0,11,89,0,100,150,0,150,250
06/08/2001,LOU,KY,ASO,CE,Towers with Display (VFR),0,5,41,0,46,0,0,164,1,165,0,5,205,1,211,282,0,282,493
06/09/2001,LOU,KY,ASO,CE,Towers with Display (VFR),0,4,24,0,28,0,0,209,0,209,0,4,233,0,237,620,0,620,857
06/10/2001,LOU,KY,ASO,CE,Towers with Display (VFR),0,2,8,0,10,0,2,197,0,199,0,4,205,0,209,236,0,236,445
06/11/2001,LOU,KY,ASO,CE,Towers with Display (VFR),0,0,36,0,36,0,2,149,4,155,0,2,185,4,191,192,0,192,383
06/12/2001,LOU,KY,ASO,CE,Towers with Display (VFR),0,2,31,0,33,0,3,132,2,137,0,5,163,2,170,216,0,216,386
06/13/2001,LOU,KY,ASO,CE,Towers with Display (VFR),0,5,45,0,50,0,0,119,0,119,0,5,164,0,169,216,0,216,385
06/14/2001,LOU,KY,ASO,CE,Towers with Display (VFR),0,3,44,0,47,0,2,125,0,127,0,5,169,0,174,354,0,354,528
06/15/2001,LOU,KY,ASO,CE,Towers with Display (VFR),0,5,36,0,41,0,1,60,0,61,0,6,96,0,102,48,0,48,150
06/16/2001,LOU,KY,ASO,CE,Towers with Display (VFR),0,2,14,0,16,0,0,203,1,204,0,2,217,1,220,150,0,150,370
06/17/2001,LOU,KY,ASO,CE,Towers with Display (VFR),0,0,13,0,13,0,0,160,0,160,0,0,173,0,173,214,0,214,387
06/18/2001,LOU,KY,ASO,CE,Towers with Display (VFR),0,2,30,0,32,0,5,170,0,175,0,7,200,0,207,142,0,142,349
06/19/2001,LOU,KY,ASO,CE,Towers with Display (VFR),0,3,21,0,24,0,3,171,0,174,0,6,192,0,198,262,0,262,460
06/20/2001,LOU,KY,ASO,CE,Towers with Display (VFR),0,3,20,0,23,0,0,80,0,80,0,3,100,0,103,64,0,64,167
06/21/2001,LOU,KY,ASO,CE,Towers with Display (VFR),0,5,29,0,34,0,2,74,0,76,0,7,103,0,110,200,0,200,310
06/22/2001,LOU,KY,ASO,CE,Towers with Display (VFR),0,5,49,1,55,0,2,103,0,105,0,7,152,1,160,194,0,194,354
06/23/2001,LOU,KY,ASO,CE,Towers with Display (VFR),0,2,37,0,39,0,0,127,0,127,0,2,164,0,166,204,0,204,370
06/24/2001,LOU,KY,ASO,CE,Towers with Display (VFR),0,1,22,1,24,0,1,149,0,150,0,2,171,1,174,178,0,178,352
06/25/2001,LOU,KY,ASO,CE,Towers with Display (VFR),0,0,20,2,22,0,0,183,0,183,0,0,203,2,205,224,0,224,429
06/26/2001,LOU,KY,ASO,CE,Towers with Display (VFR),0,3,29,0,32,0,1,142,0,143,0,4,171,0,175,218,0,218,393
06/27/2001,LOU,KY,ASO,CE,Towers with Display (VFR),0,0,37,0,37,0,2,169,0,171,0,2,206,0,208,252,0,252,460
06/28/2001,LOU,KY,ASO,CE,Towers with Display (VFR),0,5,41,0,46,0,0,106,1,107,0,5,147,1,153,190,0,190,343
06/29/2001,LOU,KY,ASO,CE,Towers with Display (VFR),0,3,37,0,40,0,1,135,0,136,0,4,172,0,176,174,0,174,350
06/30/2001,LOU,KY,ASO,CE,Towers with Display (VFR),0,5,27,0,32,0,0,146,0,146,0,5,173,0,178,306,0,306,484
07/01/2001,LOU,KY,ASO,CE,Towers with Display (VFR),0,2,38,0,40,0,0,120,0,120,0,2,158,0,160,94,0,94,254
07/02/2001,LOU,KY,ASO,CE,Towers with Display (VFR),0,1,30,0,31,0,3,185,0,188,0,4,215,0,219,190,0,190,409
07/03/2001,LOU,KY,ASO,CE,Towers with Display (VFR),0,6,28,0,34,0,1,118,0,119,0,7,146,0,153,250,0,250,403
07/04/2001,LOU,KY,ASO,CE,Towers with Display (VFR),0,4,13,0,17,0,1,109,0,110,0,5,122,0,127,218,0,218,345
07/05/2001,LOU,KY,ASO,CE,Towers with Display (VFR),0,0,44,0,44,0,0,167,0,167,0,0,211,0,211,196,0,196,407
07/06/2001,LOU,KY,ASO,CE,Towers with Display (VFR),0,2,29,0,31,0,1,208,0,209,0,3,237,0,240,300,0,300,540
07/07/2001,LOU,KY,ASO,CE,Towers with Display (VFR),0,5,18,0,23,0,0,122,0,122,0,5,140,0,145,132,0,132,277
07/08/2001,LOU,KY,ASO,CE,Towers with Display (VFR),0,3,30,0,33,0,0,64,0,64,0,3,94,0,97,76,0,76,173
07/09/2001,LOU,KY,ASO,CE,Towers with Display (VFR),0,0,28,0,28,0,0,105,0,105,0,0,133,0,133,198,0,198,331
07/10/2001,LOU,KY,ASO,CE,Towers with Display (VFR),0,2,32,0,34,0,2,147,0,149,0,4,179,0,183,246,0,246,429
07/11/2001,LOU,KY,ASO,CE,Towers with Display (VFR),0,2,22,2,26,0,0,138,0,138,0,2,160,2,164,158,0,158,322
07/12/2001,LOU,KY,ASO,CE,Towers with Display (VFR),0,2,39,0,41,0,0,134,0,134,0,2,173,0,175,256,0,256,431
07/13/2001,LOU,KY,ASO,CE,Towers with Display (VFR),0,2,28,0,30,0,0,149,0,149,0,2,177,0,179,108,0,108,287
07/14/2001,LOU,KY,ASO,CE,Towers with Display (VFR),0,4,29,0,33,0,0,215,2,217,0,4,244,2,250,166,0,166,416
07/15/2001,LOU,KY,ASO,CE,Towers with Display (VFR),0,2,19,0,21,0,0,205,0,205,0,2,224,0,226,274,0,274,500
07/16/2001,LOU,KY,ASO,CE,Towers with Display (VFR),0,7,32,0,39,0,4,167,0,171,0,11,199,0,210,182,0,182,392
07/17/2001,LOU,KY,ASO,CE,Towers with Display (VFR),0,6,50,0,56,0,4,96,0,100,0,10,146,0,156,146,0,146,302
07/18/2001,LOU,KY,ASO,CE,Towers with Display (VFR),0,3,52,0,55,0,4,95,0,99,0,7,147,0,154,158,0,158,312
07/19/2001,LOU,KY,ASO,CE,Towers with Display (VFR),0,2,37,0,39,0,0,75,0,75,0,2,112,0,114,132,0,132,246
07/20/2001,LOU,KY,ASO,CE,Towers with Display (VFR),0,2,45,0,47,0,0,71,0,71,0,2,116,0,118,270,0,270,388
07/21/2001,LOU,KY,ASO,CE,Towers with Display (VFR),0,4,44,0,48,0,0,127,0,127,0,4,171,0,175,220,0,220,395
07/22/2001,LOU,KY,ASO,CE,Towers with Display (VFR),0,0,34,0,34,0,1,50,0,51,0,1,84,0,85,128,0,128,213
07/23/2001,LOU,KY,ASO,CE,Towers with Display (VFR),0,0,53,2,55,0,6,60,0,66,0,6,113,2,121,162,0,162,283
07/24/2001,LOU,KY,ASO,CE,Towers with Display (VFR),0,3,30,0,33,0,2,94,1,97,0,5,124,1,130,292,0,292,422
07/25/2001,LOU,KY,ASO,CE,Towers with Display (VFR),0,6,31,0,37,0,1,73,0,74,0,7,104,0,111,220,0,220,331
07/26/2001,LOU,KY,ASO,CE,Towers with Display (VFR),0,4,43,0,47,0,0,19,0,19,0,4,62,0,66,44,0,44,110
07/27/2001,LOU,KY,ASO,CE,Towers with Display (VFR),0,3,34,0,37,0,0,144,0,144,0,3,178,0,181,322,0,322,503
07/28/2001,LOU,KY,ASO,CE,Towers with Display (VFR),0,5,42,0,47,0,0,89,0,89,0,5,131,0,136,178,0,178,314
07/29/2001,LOU,KY,ASO,CE,Towers with Display (VFR),0,0,0,0,0,0,3,96,0,99,0,3,96,0,99,250,0,250,349
07/30/2001,LOU,KY,ASO,CE,Towers with Display (VFR),0,5,30,0,35,0,5,155,0,160,0,10,185,0,195,388,0,388,583
07/31/2001,LOU,KY,ASO,CE,Towers with Display (VFR),0,2,25,0,27,0,3,162,0,165,0,5,187,0,192,172,0,172,364
08/01/2001,LOU,KY,ASO,CE,Towers with Display (VFR),0,1,35,0,36,0,4,154,0,158,0,5,189,0,194,356,0,356,550
08/02/2001,LOU,KY,ASO,CE,Towers with Display (VFR),0,0,44,0,44,0,5,84,0,89,0,5,128,0,133,220,0,220,353
08/03/2001,LOU,KY,ASO,CE,Towers with Display (VFR),0,3,52,0,55,0,1,54,0,55,0,4,106,0,110,66,0,66,176
08/04/2001,LOU,KY,ASO,CE,Towers with Display (VFR),0,1,27,0,28,0,1,210,0,211,0,2,237,0,239,206,0,206,445
08/05/2001,LOU,KY,ASO,CE,Towers with Display (VFR),0,0,17,0,17,0,1,178,0,179,0,1,195,0,196,252,0,252,448
08/06/2001,LOU,KY,ASO,CE,Towers with Display (VFR),0,1,40,0,41,0,1,99,0,100,0,2,139,0,141,216,0,216,357
08/07/2001,LOU,KY,ASO,CE,Towers with Display (VFR),0,5,31,0,36,0,4,148,0,152,0,9,179,0,188,314,0,314,502
08/08/2001,LOU,KY,ASO,CE,Towers with Display (VFR),0,2,31,0,33,0,2,154,0,156,0,4,185,0,189,286,0,286,475
08/09/2001,LOU,KY,ASO,CE,Towers with Display (VFR),0,2,44,2,48,0,0,81,1,82,0,2,125,3,130,176,0,176,306
08/10/2001,LOU,KY,ASO,CE,Towers with Display (VFR),0,4,23,1,28,0,0,83,1,84,0,4,106,2,112,98,0,98,210
08/11/2001,LOU,KY,ASO,CE,Towers with Display (VFR),0,1,11,0,12,0,0,13,0,13,0,1,24,0,25,22,0,22,47
08/12/2001,LOU,KY,ASO,CE,Towers with Display (VFR),0,1,27,0,28,0,4,185,2,191,0,5,212,2,219,196,0,196,415
08/13/2001,LOU,KY,ASO,CE,Towers with Display (VFR),0,3,26,0,29,0,5,165,0,170,0,8,191,0,199,142,0,142,341
08/14/2001,LOU,KY,ASO,CE,Towers with Display (VFR),0,6,31,0,37,0,2,156,0,158,0,8,187,0,195,234,0,234,429
08/15/2001,LOU,KY,ASO,CE,Towers with Display (VFR),0,2,30,0,32,0,3,178,0,181,0,5,208,0,213,244,0,244,457
08/16/2001,LOU,KY,ASO,CE,Towers with Display (VFR),0,3,27,0,30,0,4,62,0,66,0,7,89,0,96,112,0,112,208
08/17/2001,LOU,KY,ASO,CE,Towers with Display (VFR),0,4,38,0,42,0,0,160,0,160,0,4,198,0,202,160,0,160,362
08/18/2001,LOU,KY,ASO,CE,Towers with Display (VFR),0,4,21,0,25,0,0,97,0,97,0,4,118,0,122,154,0,154,276
08/19/2001,LOU,KY,ASO,CE,Towers with Display (VFR),0,1,45,0,46,0,0,147,0,147,0,1,192,0,193,168,0,168,361
08/20/2001,LOU,KY,ASO,CE,Towers with Display (VFR),0,0,25,0,25,0,2,171,0,173,0,2,196,0,198,216,0,216,414
08/21/2001,LOU,KY,ASO,CE,Towers with Display (VFR),0,6,29,1,36,0,4,151,2,157,0,10,180,3,193,150,0,150,343
08/22/2001,LOU,KY,ASO,CE,Towers with Display (VFR),0,2,30,2,34,0,1,136,0,137,0,3,166,2,171,106,0,106,277
08/23/2001,LOU,KY,ASO,CE,Towers with Display (VFR),0,4,43,0,47,0,0,92,1,93,0,4,135,1,140,90,0,90,230
08/24/2001,LOU,KY,ASO,CE,Towers with Display (VFR),0,4,34,0,38,0,0,118,0,118,0,4,152,0,156,208,0,208,364
08/25/2001,LOU,KY,ASO,CE,Towers with Display (VFR),0,5,17,0,22,0,0,101,0,101,0,5,118,0,123,254,0,254,377
08/26/2001,LOU,KY,ASO,CE,Towers with Display (VFR),0,0,19,0,19,0,0,28,0,28,0,0,47,0,47,30,0,30,77
08/27/2001,LOU,KY,ASO,CE,Towers with Display (VFR),0,2,24,0,26,0,4,97,0,101,0,6,121,0,127,148,0,148,275
08/28/2001,LOU,KY,ASO,CE,Towers with Display (VFR),0,6,27,0,33,0,4,137,0,141,0,10,164,0,174,242,0,242,416
08/29/2001,LOU,KY,ASO,CE,Towers with Display (VFR),0,3,59,0,62,0,0,138,0,138,0,3,197,0,200,312,0,312,512
08/30/2001,LOU,KY,ASO,CE,Towers with Display (VFR),0,2,39,0,41,0,0,114,0,114,0,2,153,0,155,160,0,160,315
08/31/2001,LOU,KY,ASO,CE,Towers with Display (VFR),0,2,46,0,48,0,1,19,0,20,0,3,65,0,68,124,0,124,192
09/01/2001,LOU,KY,ASO,CE,Towers with Display (VFR),0,3,26,0,29,0,1,194,0,195,0,4,220,0,224,276,0,276,500
09/02/2001,LOU,KY,ASO,CE,Towers with Display (VFR),0,0,18,0,18,0,0,185,0,185,0,0,203,0,203,206,0,206,409
09/03/2001,LOU,KY,ASO,CE,Towers with Display (VFR),0,1,42,1,44,0,4,62,0,66,0,5,104,1,110,204,0,204,314
09/04/2001,LOU,KY,ASO,CE,Towers with Display (VFR),0,0,26,0,26,0,0,122,0,122,0,0,148,0,148,194,0,194,342
09/05/2001,LOU,KY,ASO,CE,Towers with Display (VFR),0,0,26,0,26,0,3,157,0,160,0,3,183,0,186,132,0,132,318
09/06/2001,LOU,KY,ASO,CE,Towers with Display (VFR),0,2,34,0,36,0,2,138,0,140,0,4,172,0,176,164,0,164,340
09/07/2001,LOU,KY,ASO,CE,Towers with Display (VFR),0,1,24,0,25,0,4,92,0,96,0,5,116,0,121,110,0,110,231
09/08/2001,LOU,KY,ASO,CE,Towers with Display (VFR),0,1,20,0,21,0,4,88,0,92,0,5,108,0,113,204,0,204,317
09/09/2001,LOU,KY,ASO,CE,Towers with Display (VFR),0,0,26,0,26,0,1,37,2,40,0,1,63,2,66,114,0,114,180
09/10/2001,LOU,KY,ASO,CE,Towers with Display (VFR),0,4,41,0,45,0,7,178,0,185,0,11,219,0,230,266,0,266,496
09/11/2001,LOU,KY,ASO,CE,Towers with Display (VFR),0,2,10,1,13,0,1,21,1,23,0,3,31,2,36,6,0,6,42
09/12/2001,LOU,KY,ASO,CE,Towers with Display (VFR),0,1,0,0,1,0,0,3,0,3,0,1,3,0,4,0,0,0,4
09/13/2001,LOU,KY,ASO,CE,Towers with Display (VFR),0,8,0,0,8,0,8,0,0,8,0,16,0,0,16,0,0,0,16
09/14/2001,LOU,KY,ASO,CE,Towers with Display (VFR),0,3,10,0,13,0,1,5,1,7,0,4,15,1,20,0,0,0,20
09/15/2001,LOU,KY,ASO,CE,Towers with Display (VFR),0,2,51,0,53,0,1,0,0,1,0,3,51,0,54,0,0,0,54
09/16/2001,LOU,KY,ASO,CE,Towers with Display (VFR),0,2,42,0,44,0,1,0,0,1,0,3,42,0,45,6,0,6,51
09/17/2001,LOU,KY,ASO,CE,Towers with Display (VFR),0,6,75,0,81,0,3,0,0,3,0,9,75,0,84,2,0,2,86
09/18/2001,LOU,KY,ASO,CE,Towers with Display (VFR),0,7,49,0,56,0,2,5,0,7,0,9,54,0,63,0,0,0,63
09/19/2001,LOU,KY,ASO,CE,Towers with Display (VFR),0,11,35,0,46,0,1,3,2,6,0,12,38,2,52,0,0,0,52
09/20/2001,LOU,KY,ASO,CE,Towers with Display (VFR),0,3,73,1,77,0,6,37,2,45,0,9,110,3,122,4,0,4,126
09/21/2001,LOU,KY,ASO,CE,Towers with Display (VFR),0,5,3,0,8,0,0,67,0,67,0,5,70,0,75,8,0,8,83
09/22/2001,LOU,KY,ASO,CE,Towers with Display (VFR),0,0,12,0,12,0,0,67,0,67,0,0,79,0,79,48,0,48,127
09/23/2001,LOU,KY,ASO,CE,Towers with Display (VFR),0,4,33,0,37,0,11,160,0,171,0,15,193,0,208,236,0,236,444
09/24/2001,LOU,KY,ASO,CE,Towers with Display (VFR),0,1,48,0,49,0,1,47,0,48,0,2,95,0,97,74,0,74,171
09/25/2001,LOU,KY,ASO,CE,Towers with Display (VFR),0,4,47,0,51,0,6,112,0,118,0,10,159,0,169,182,0,182,351
09/26/2001,LOU,KY,ASO,CE,Towers with Display (VFR),0,2,57,2,61,0,2,177,0,179,0,4,234,2,240,248,0,248,488
09/27/2001,LOU,KY,ASO,CE,Towers with Display (VFR),0,7,41,0,48,0,1,192,0,193,0,8,233,0,241,193,0,193,434
09/28/2001,LOU,KY,ASO,CE,Towers with Display (VFR),0,6,46,0,52,0,0,230,0,230,0,6,276,0,282,198,0,198,480
09/29/2001,LOU,KY,ASO,CE,Towers with Display (VFR),0,5,39,0,44,0,1,328,0,329,0,6,367,0,373,170,0,170,543
09/30/2001,LOU,KY,ASO,CE,Towers with Display (VFR),0,0,47,1,48,0,3,271,0,274,0,3,318,1,322,192,0,192,514
10/01/2001,LOU,KY,ASO,CE,Towers with Display (VFR),0,1,21,0,22,0,0,131,0,131,0,1,152,0,153,292,0,292,445
10/02/2001,LOU,KY,ASO,CE,Towers with Display (VFR),0,5,42,2,49,0,1,130,0,131,0,6,172,2,180,286,0,286,466
10/03/2001,LOU,KY,ASO,CE,Towers with Display (VFR),0,6,42,0,48,0,4,136,0,140,0,10,178,0,188,136,0,136,324
10/04/2001,LOU,KY,ASO,CE,Towers with Display (VFR),0,3,48,0,51,0,0,115,0,115,0,3,163,0,166,114,0,114,280
10/05/2001,LOU,KY,ASO,CE,Towers with Display (VFR),0,7,36,0,43,0,2,32,0,34,0,9,68,0,77,36,0,36,113
10/06/2001,LOU,KY,ASO,CE,Towers with Display (VFR),0,6,28,0,34,0,0,143,0,143,0,6,171,0,177,238,0,238,415
10/07/2001,LOU,KY,ASO,CE,Towers with Display (VFR),0,2,31,0,33,0,0,156,0,156,0,2,187,0,189,314,0,314,503
10/08/2001,LOU,KY,ASO,CE,Towers with Display (VFR),0,5,32,0,37,0,2,137,0,139,0,7,169,0,176,196,0,196,372
10/09/2001,LOU,KY,ASO,CE,Towers with Display (VFR),0,7,41,1,49,0,1,140,0,141,0,8,181,1,190,230,0,230,420
10/10/2001,LOU,KY,ASO,CE,Towers with Display (VFR),0,9,39,0,48,0,5,107,0,112,0,14,146,0,160,150,0,150,310
10/11/2001,LOU,KY,ASO,CE,Towers with Display (VFR),0,11,40,0,51,0,1,28,0,29,0,12,68,0,80,140,0,140,220
10/12/2001,LOU,KY,ASO,CE,Towers with Display (VFR),0,5,43,0,48,0,0,30,0,30,0,5,73,0,78,120,0,120,198
10/13/2001,LOU,KY,ASO,CE,Towers with Display (VFR),0,4,16,0,20,0,0,39,0,39,0,4,55,0,59,60,0,60,119
10/14/2001,LOU,KY,ASO,CE,Towers with Display (VFR),0,2,25,0,27,0,0,56,0,56,0,2,81,0,83,114,0,114,197
10/15/2001,LOU,KY,ASO,CE,Towers with Display (VFR),0,3,30,0,33,0,1,157,0,158,0,4,187,0,191,248,0,248,439
10/16/2001,LOU,KY,ASO,CE,Towers with Display (VFR),0,5,24,0,29,0,2,23,0,25,0,7,47,0,54,70,0,70,124
10/17/2001,LOU,KY,ASO,CE,Towers with Display (VFR),0,6,30,0,36,0,1,152,1,154,0,7,182,1,190,226,0,226,416
10/18/2001,LOU,KY,ASO,CE,Towers with Display (VFR),0,6,44,2,52,0,3,170,1,174,0,9,214,3,226,198,0,198,424
10/19/2001,LOU,KY,ASO,CE,Towers with Display (VFR),0,8,37,0,45,0,0,143,0,143,0,8,180,0,188,208,0,208,396
10/20/2001,LOU,KY,ASO,CE,Towers with Display (VFR),0,3,34,0,37,0,1,184,0,185,0,4,218,0,222,410,0,410,632
10/21/2001,LOU,KY,ASO,CE,Towers with Display (VFR),0,2,26,0,28,0,0,193,0,193,0,2,219,0,221,392,0,392,613
10/22/2001,LOU,KY,ASO,CE,Towers with Display (VFR),0,5,26,0,31,0,0,113,0,113,0,5,139,0,144,144,0,144,288
10/23/2001,LOU,KY,ASO,CE,Towers with Display (VFR),0,3,28,0,31,0,0,42,0,42,0,3,70,0,73,40,0,40,113
10/24/2001,LOU,KY,ASO,CE,Towers with Display (VFR),0,4,23,0,27,0,0,35,0,35,0,4,58,0,62,26,0,26,88
10/25/2001,LOU,KY,ASO,CE,Towers with Display (VFR),0,6,27,0,33,0,0,45,0,45,0,6,72,0,78,46,0,46,124
10/26/2001,LOU,KY,ASO,CE,Towers with Display (VFR),0,3,48,0,51,0,0,60,0,60,0,3,108,0,111,52,0,52,163
10/27/2001,LOU,KY,ASO,CE,Towers with Display (VFR),0,6,36,0,42,0,0,134,0,134,0,6,170,0,176,178,0,178,354
10/28/2001,LOU,KY,ASO,CE,Towers with Display (VFR),0,0,35,0,35,0,0,226,0,226,0,0,261,0,261,364,0,364,625
10/29/2001,LOU,KY,ASO,CE,Towers with Display (VFR),0,5,37,0,42,0,1,146,2,149,0,6,183,2,191,264,0,264,455
10/30/2001,LOU,KY,ASO,CE,Towers with Display (VFR),0,8,46,0,54,0,1,179,0,180,0,9,225,0,234,290,2,292,526
10/31/2001,LOU,KY,ASO,CE,Towers with Display (VFR),0,8,41,0,49,0,4,136,0,140,0,12,177,0,189,210,0,210,399
11/01/2001,LOU,KY,ASO,CE,Towers with Display (VFR),0,8,47,4,59,0,0,82,0,82,0,8,129,4,141,24,0,24,165
11/02/2001,LOU,KY,ASO,CE,Towers with Display (VFR),0,7,38,0,45,0,3,51,0,54,0,10,89,0,99,82,0,82,181
11/03/2001,LOU,KY,ASO,CE,Towers with Display (VFR),0,5,31,0,36,0,0,219,0,219,0,5,250,0,255,230,0,230,485
11/04/2001,LOU,KY,ASO,CE,Towers with Display (VFR),0,1,28,0,29,0,0,198,0,198,0,1,226,0,227,308,0,308,535
11/05/2001,LOU,KY,ASO,CE,Towers with Display (VFR),0,4,30,2,36,0,0,122,0,122,0,4,152,2,158,262,0,262,420
11/06/2001,LOU,KY,ASO,CE,Towers with Display (VFR),0,4,26,2,32,0,0,160,0,160,0,4,186,2,192,282,0,282,474
11/07/2001,LOU,KY,ASO,CE,Towers with Display (VFR),0,7,26,0,33,0,1,171,0,172,0,8,197,0,205,260,0,260,465
11/08/2001,LOU,KY,ASO,CE,Towers with Display (VFR),0,6,45,0,51,0,0,93,0,93,0,6,138,0,144,124,0,124,268
11/09/2001,LOU,KY,ASO,CE,Towers with Display (VFR),0,3,35,0,38,0,1,120,0,121,0,4,155,0,159,330,0,330,489
11/10/2001,LOU,KY,ASO,CE,Towers with Display (VFR),0,3,18,0,21,0,0,154,0,154,0,3,172,0,175,176,0,176,351
11/11/2001,LOU,KY,ASO,CE,Towers with Display (VFR),0,2,24,0,26,0,0,176,2,178,0,2,200,2,204,294,2,296,500
11/12/2001,LOU,KY,ASO,CE,Towers with Display (VFR),0,4,28,1,33,0,0,109,4,113,0,4,137,5,146,230,0,230,376
11/13/2001,LOU,KY,ASO,CE,Towers with Display (VFR),0,11,55,0,66,0,1,128,0,129,0,12,183,0,195,238,0,238,433
11/14/2001,LOU,KY,ASO,CE,Towers with Display (VFR),0,2,47,0,49,0,3,134,0,137,0,5,181,0,186,266,0,266,452
11/15/2001,LOU,KY,ASO,CE,Towers with Display (VFR),0,7,47,0,54,0,5,128,3,136,0,12,175,3,190,178,0,178,368
11/16/2001,LOU,KY,ASO,CE,Towers with Display (VFR),0,4,44,0,48,0,2,134,0,136,0,6,178,0,184,214,0,214,398
11/17/2001,LOU,KY,ASO,CE,Towers with Display (VFR),0,1,46,0,47,0,0,121,0,121,0,1,167,0,168,230,0,230,398
11/18/2001,LOU,KY,ASO,CE,Towers with Display (VFR),0,4,31,0,35,0,0,148,0,148,0,4,179,0,183,218,0,218,401
11/19/2001,LOU,KY,ASO,CE,Towers with Display (VFR),0,4,36,0,40,0,1,14,0,15,0,5,50,0,55,22,0,22,77
11/20/2001,LOU,KY,ASO,CE,Towers with Display (VFR),0,2,39,0,41,0,1,135,0,136,0,3,174,0,177,152,0,152,329
11/21/2001,LOU,KY,ASO,CE,Towers with Display (VFR),0,6,50,0,56,0,0,167,0,167,0,6,217,0,223,136,0,136,359
11/22/2001,LOU,KY,ASO,CE,Towers with Display (VFR),0,2,13,0,15,0,0,82,0,82,0,2,95,0,97,66,0,66,163
11/23/2001,LOU,KY,ASO,CE,Towers with Display (VFR),0,5,25,0,30,0,4,138,0,142,0,9,163,0,172,88,0,88,260
11/24/2001,LOU,KY,ASO,CE,Towers with Display (VFR),0,4,15,0,19,0,0,12,0,12,0,4,27,0,31,12,0,12,43
11/25/2001,LOU,KY,ASO,CE,Towers with Display (VFR),0,0,46,0,46,0,0,115,0,115,0,0,161,0,161,174,0,174,335
11/26/2001,LOU,KY,ASO,CE,Towers with Display (VFR),0,14,48,0,62,0,0,128,2,130,0,14,176,2,192,148,0,148,340
11/27/2001,LOU,KY,ASO,CE,Towers with Display (VFR),0,6,42,0,48,0,0,29,0,29,0,6,71,0,77,52,0,52,129
11/28/2001,LOU,KY,ASO,CE,Towers with Display (VFR),0,5,32,0,37,0,3,0,2,5,0,8,32,2,42,0,0,0,42
11/29/2001,LOU,KY,ASO,CE,Towers with Display (VFR),0,5,29,0,34,0,0,12,0,12,0,5,41,0,46,14,0,14,60
11/30/2001,LOU,KY,ASO,CE,Towers with Display (VFR),0,6,20,2,28,0,0,41,0,41,0,6,61,2,69,42,0,42,111
12/01/2001,LOU,KY,ASO,CE,Towers with Display (VFR),0,2,38,0,40,0,0,87,0,87,0,2,125,0,127,200,0,200,327
12/02/2001,LOU,KY,ASO,CE,Towers with Display (VFR),0,3,33,0,36,0,0,185,1,186,0,3,218,1,222,268,0,268,490
12/03/2001,LOU,KY,ASO,CE,Towers with Display (VFR),0,7,23,0,30,0,0,134,0,134,0,7,157,0,164,180,0,180,344
12/04/2001,LOU,KY,ASO,CE,Towers with Display (VFR),0,7,36,2,45,0,0,120,0,120,0,7,156,2,165,194,0,194,359
12/05/2001,LOU,KY,ASO,CE,Towers with Display (VFR),0,3,30,2,35,0,1,133,0,134,0,4,163,2,169,282,0,282,451
12/06/2001,LOU,KY,ASO,CE,Towers with Display (VFR),0,0,54,0,54,0,0,18,0,18,0,0,72,0,72,22,0,22,94
12/07/2001,LOU,KY,ASO,CE,Towers with Display (VFR),0,6,57,0,63,0,0,101,0,101,0,6,158,0,164,198,0,198,362
12/08/2001,LOU,KY,ASO,CE,Towers with Display (VFR),0,4,29,0,33,0,0,6,0,6,0,4,35,0,39,6,0,6,45
12/09/2001,LOU,KY,ASO,CE,Towers with Display (VFR),0,6,36,0,42,0,0,149,0,149,0,6,185,0,191,432,0,432,623
12/10/2001,LOU,KY,ASO,CE,Towers with Display (VFR),0,4,26,2,32,0,1,101,0,102,0,5,127,2,134,162,0,162,296
12/11/2001,LOU,KY,ASO,CE,Towers with Display (VFR),0,7,52,2,61,0,2,146,0,148,0,9,198,2,209,304,0,304,513
12/12/2001,LOU,KY,ASO,CE,Towers with Display (VFR),0,6,37,0,43,0,0,33,0,33,0,6,70,0,76,118,0,118,194
12/13/2001,LOU,KY,ASO,CE,Towers with Display (VFR),0,6,39,0,45,0,1,14,0,15,0,7,53,0,60,68,0,68,128
12/14/2001,LOU,KY,ASO,CE,Towers with Display (VFR),0,7,41,0,48,0,3,13,1,17,0,10,54,1,65,18,0,18,83
12/15/2001,LOU,KY,ASO,CE,Towers with Display (VFR),0,7,42,0,49,0,2,143,0,145,0,9,185,0,194,334,0,334,528
12/16/2001,LOU,KY,ASO,CE,Towers with Display (VFR),0,2,17,0,19,0,1,17,0,18,0,3,34,0,37,42,0,42,79
12/17/2001,LOU,KY,ASO,CE,Towers with Display (VFR),0,3,23,0,26,0,2,16,0,18,0,5,39,0,44,12,0,12,56
12/18/2001,LOU,KY,ASO,CE,Towers with Display (VFR),0,5,33,0,38,0,3,132,1,136,0,8,165,1,174,230,0,230,404
12/19/2001,LOU,KY,ASO,CE,Towers with Display (VFR),0,8,44,0,52,0,0,68,0,68,0,8,112,0,120,84,0,84,204
12/20/2001,LOU,KY,ASO,CE,Towers with Display (VFR),0,5,28,0,33,0,0,123,0,123,0,5,151,0,156,150,0,150,306
12/21/2001,LOU,KY,ASO,CE,Towers with Display (VFR),0,5,22,2,29,0,1,190,0,191,0,6,212,2,220,208,0,208,428
12/22/2001,LOU,KY,ASO,CE,Towers with Display (VFR),0,8,30,0,38,0,0,136,0,136,0,8,166,0,174,210,0,210,384
12/23/2001,LOU,KY,ASO,CE,Towers with Display (VFR),0,2,26,0,28,0,0,42,0,42,0,2,68,0,70,10,0,10,80
12/24/2001,LOU,KY,ASO,CE,Towers with Display (VFR),0,3,22,0,25,0,3,65,0,68,0,6,87,0,93,26,0,26,119
12/25/2001,LOU,KY,ASO,CE,Towers with Display (VFR),0,9,8,0,17,0,0,13,0,13,0,9,21,0,30,38,0,38,68
12/26/2001,LOU,KY,ASO,CE,Towers with Display (VFR),0,6,32,2,40,0,2,97,0,99,0,8,129,2,139,108,0,108,247
12/27/2001,LOU,KY,ASO,CE,Towers with Display (VFR),0,7,36,0,43,0,2,92,0,94,0,9,128,0,137,106,0,106,243
12/28/2001,LOU,KY,ASO,CE,Towers with Display (VFR),0,7,23,0,30,0,1,98,0,99,0,8,121,0,129,92,0,92,221
12/29/2001,LOU,KY,ASO,CE,Towers with Display (VFR),0,2,21,0,23,0,0,40,0,40,0,2,61,0,63,34,0,34,97
12/30/2001,LOU,KY,ASO,CE,Towers with Display (VFR),0,0,22,0,22,0,0,103,0,103,0,0,125,0,125,236,0,236,361
12/31/2001,LOU,KY,ASO,CE,Towers with Display (VFR),0,6,17,0,23,0,0,63,0,63,0,6,80,0,86,160,0,160,246
01/01/2002,LOU,KY,ASO,CE,Towers with Display (VFR),0,2,13,0,15,0,1,83,0,84,0,3,96,0,99,166,0,166,265
01/02/2002,LOU,KY,ASO,CE,Towers with Display (VFR),0,8,25,3,36,0,0,106,0,106,0,8,131,3,142,168,0,168,310
01/03/2002,LOU,KY,ASO,CE,Towers with Display (VFR),0,4,28,0,32,0,4,68,4,76,0,8,96,4,108,196,0,196,304
01/04/2002,LOU,KY,ASO,CE,Towers with Display (VFR),0,5,17,0,22,0,0,101,0,101,0,5,118,0,123,174,0,174,297
01/05/2002,LOU,KY,ASO,CE,Towers with Display (VFR),0,3,23,0,26,0,0,119,0,119,0,3,142,0,145,222,0,222,367
01/06/2002,LOU,KY,ASO,CE,Towers with Display (VFR),0,1,0,0,1,0,0,0,0,0,0,1,0,0,1,0,0,0,1
01/07/2002,LOU,KY,ASO,CE,Towers with Display (VFR),0,5,22,0,27,0,0,44,0,44,0,5,66,0,71,60,0,60,131
01/08/2002,LOU,KY,ASO,CE,Towers with Display (VFR),0,5,37,0,42,0,0,83,1,84,0,5,120,1,126,128,0,128,254
01/09/2002,LOU,KY,ASO,CE,Towers with Display (VFR),0,6,26,0,32,0,1,118,0,119,0,7,144,0,151,122,0,122,273
01/10/2002,LOU,KY,ASO,CE,Towers with Display (VFR),0,6,57,0,63,0,1,43,0,44,0,7,100,0,107,130,10,140,247
01/11/2002,LOU,KY,ASO,CE,Towers with Display (VFR),0,7,41,0,48,0,1,128,0,129,0,8,169,0,177,180,0,180,357
01/12/2002,LOU,KY,ASO,CE,Towers with Display (VFR),0,7,16,1,24,0,0,159,1,160,0,7,175,2,184,152,4,156,340
01/13/2002,LOU,KY,ASO,CE,Towers with Display (VFR),0,0,16,0,16,0,0,147,0,147,0,0,163,0,163,186,0,186,349
01/14/2002,LOU,KY,ASO,CE,Towers with Display (VFR),0,3,20,1,24,0,0,70,1,71,0,3,90,2,95,48,0,48,143
01/15/2002,LOU,KY,ASO,CE,Towers with Display (VFR),0,3,33,0,36,0,0,78,0,78,0,3,111,0,114,76,10,86,200
01/16/2002,LOU,KY,ASO,CE,Towers with Display (VFR),0,8,29,2,39,0,1,102,0,103,0,9,131,2,142,132,0,132,274
01/17/2002,LOU,KY,ASO,CE,Towers with Display (VFR),0,6,45,0,51,0,0,90,1,91,0,6,135,1,142,272,0,272,414
01/18/2002,LOU,KY,ASO,CE,Towers with Display (VFR),0,3,33,0,36,0,0,123,0,123,0,3,156,0,159,258,0,258,417
01/19/2002,LOU,KY,ASO,CE,Towers with Display (VFR),0,4,6,0,10,0,0,11,0,11,0,4,17,0,21,14,0,14,35
01/20/2002,LOU,KY,ASO,CE,Towers with Display (VFR),0,1,25,0,26,0,0,26,0,26,0,1,51,0,52,118,0,118,170
01/21/2002,LOU,KY,ASO,CE,Towers with Display (VFR),0,6,37,0,43,0,0,95,0,95,0,6,132,0,138,206,0,206,344
01/22/2002,LOU,KY,ASO,CE,Towers with Display (VFR),0,3,29,2,34,0,1,164,0,165,0,4,193,2,199,192,8,200,399
01/23/2002,LOU,KY,ASO,CE,Towers with Display (VFR),0,4,44,1,49,0,0,3,1,4,0,4,47,2,53,46,0,46,99
01/24/2002,LOU,KY,ASO,CE,Towers with Display (VFR),0,8,50,0,58,0,0,16,0,16,0,8,66,0,74,44,0,44,118
01/25/2002,LOU,KY,ASO,CE,Towers with Display (VFR),0,3,34,0,37,0,1,141,2,144,0,4,175,2,181,250,0,250,431
01/26/2002,LOU,KY,ASO,CE,Towers with Display (VFR),0,7,27,0,34,0,0,204,2,206,0,7,231,2,240,322,0,322,562
01/27/2002,LOU,KY,ASO,CE,Towers with Display (VFR),0,0,18,0,18,0,0,255,0,255,0,0,273,0,273,242,0,242,515
01/28/2002,LOU,KY,ASO,CE,Towers with Display (VFR),0,1,26,0,27,0,7,109,0,116,0,8,135,0,143,104,0,104,247
01/29/2002,LOU,KY,ASO,CE,Towers with Display (VFR),0,4,52,0,56,0,0,24,0,24,0,4,76,0,80,54,0,54,134
01/30/2002,LOU,KY,ASO,CE,Towers with Display (VFR),0,5,36,0,41,0,0,2,0,2,0,5,38,0,43,2,0,2,45
01/31/2002,LOU,KY,ASO,CE,Towers with Display (VFR),0,6,46,0,52,0,0,3,0,3,0,6,49,0,55,8,0,8,63
02/01/2002,LOU,KY,ASO,CE,Towers with Display (VFR),0,9,33,0,42,0,1,25,0,26,0,10,58,0,68,2,0,2,70
02/02/2002,LOU,KY,ASO,CE,Towers with Display (VFR),0,3,36,0,39,0,1,205,1,207,0,4,241,1,246,356,0,356,602
02/03/2002,LOU,KY,ASO,CE,Towers with Display (VFR),0,1,23,0,24,0,0,125,0,125,0,1,148,0,149,136,0,136,285
02/04/2002,LOU,KY,ASO,CE,Towers with Display (VFR),0,6,25,0,31,0,1,45,9,55,0,7,70,9,86,32,16,48,134
02/05/2002,LOU,KY,ASO,CE,Towers with Display (VFR),0,3,33,0,36,0,1,132,0,133,0,4,165,0,169,160,0,160,329
02/06/2002,LOU,KY,ASO,CE,Towers with Display (VFR),0,4,46,0,50,0,0,34,1,35,0,4,80,1,85,48,0,48,133
02/07/2002,LOU,KY,ASO,CE,Towers with Display (VFR),0,5,23,0,28,0,0,85,1,86,0,5,108,1,114,86,0,86,200
02/08/2002,LOU,KY,ASO,CE,Towers with Display (VFR),0,9,35,2,46,0,1,166,0,167,0,10,201,2,213,184,0,184,397
02/09/2002,LOU,KY,ASO,CE,Towers with Display (VFR),0,2,15,2,19,0,0,208,1,209,0,2,223,3,228,218,12,230,458
02/10/2002,LOU,KY,ASO,CE,Towers with Display (VFR),0,5,25,0,30,0,1,30,0,31,0,6,55,0,61,22,0,22,83
02/11/2002,LOU,KY,ASO,CE,Towers with Display (VFR),0,5,34,0,39,0,0,118,0,118,0,5,152,0,157,104,0,104,261
02/12/2002,LOU,KY,ASO,CE,Towers with Display (VFR),0,8,15,0,23,0,0,99,0,99,0,8,114,0,122,162,0,162,284
02/13/2002,LOU,KY,ASO,CE,Towers with Display (VFR),0,5,21,0,26,0,1,128,0,129,0,6,149,0,155,186,0,186,341
02/14/2002,LOU,KY,ASO,CE,Towers with Display (VFR),0,3,15,0,18,0,0,111,2,113,0,3,126,2,131,250,0,250,381
02/15/2002,LOU,KY,ASO,CE,Towers with Display (VFR),0,6,43,0,49,0,0,109,0,109,0,6,152,0,158,224,0,224,382
02/16/2002,LOU,KY,ASO,CE,Towers with Display (VFR),0,7,31,0,38,0,0,93,0,93,0,7,124,0,131,106,0,106,237
02/17/2002,LOU,KY,ASO,CE,Towers with Display (VFR),0,0,30,0,30,0,0,165,0,165,0,0,195,0,195,166,0,166,361
02/18/2002,LOU,KY,ASO,CE,Towers with Display (VFR),0,5,23,0,28,0,1,153,0,154,0,6,176,0,182,230,0,230,412
02/19/2002,LOU,KY,ASO,CE,Towers with Display (VFR),0,2,30,0,32,0,0,37,0,37,0,2,67,0,69,30,0,30,99
02/20/2002,LOU,KY,ASO,CE,Towers with Display (VFR),0,5,25,0,30,0,0,13,0,13,0,5,38,0,43,6,8,14,57
02/21/2002,LOU,KY,ASO,CE,Towers with Display (VFR),0,5,31,0,36,0,0,38,0,38,0,5,69,0,74,66,0,66,140
02/22/2002,LOU,KY,ASO,CE,Towers with Display (VFR),0,6,37,0,43,0,0,80,0,80,0,6,117,0,123,146,0,146,269
02/23/2002,LOU,KY,ASO,CE,Towers with Display (VFR),0,4,26,0,30,0,1,217,0,218,0,5,243,0,248,282,0,282,530
02/24/2002,LOU,KY,ASO,CE,Towers with Display (VFR),0,2,22,0,24,0,0,187,1,188,0,2,209,1,212,290,0,290,502
02/25/2002,LOU,KY,ASO,CE,Towers with Display (VFR),0,2,23,0,25,0,0,74,0,74,0,2,97,0,99,48,0,48,147
02/26/2002,LOU,KY,ASO,CE,Towers with Display (VFR),0,3,24,0,27,0,0,6,0,6,0,3,30,0,33,2,0,2,35
02/27/2002,LOU,KY,ASO,CE,Towers with Display (VFR),0,10,30,0,40,0,0,26,0,26,0,10,56,0,66,4,0,4,70
02/28/2002,LOU,KY,ASO,CE,Towers with Display (VFR),0,3,24,0,27,0,0,99,0,99,0,3,123,0,126,86,0,86,212
03/01/2002,LOU,KY,ASO,CE,Towers with Display (VFR),0,4,34,0,38,0,0,120,0,120,0,4,154,0,158,150,0,150,308
03/02/2002,LOU,KY,ASO,CE,Towers with Display (VFR),0,4,17,0,21,0,0,10,0,10,0,4,27,0,31,0,0,0,31
03/03/2002,LOU,KY,ASO,CE,Towers with Display (VFR),0,5,19,0,24,0,0,16,0,16,0,5,35,0,40,0,0,0,40
03/04/2002,LOU,KY,ASO,CE,Towers with Display (VFR),0,6,27,0,33,0,0,54,0,54,0,6,81,0,87,128,0,128,215
03/05/2002,LOU,KY,ASO,CE,Towers with Display (VFR),0,6,41,0,47,0,2,134,0,136,0,8,175,0,183,90,0,90,273
03/06/2002,LOU,KY,ASO,CE,Towers with Display (VFR),0,5,40,1,46,0,0,111,1,112,0,5,151,2,158,94,0,94,252
03/07/2002,LOU,KY,ASO,CE,Towers with Display (VFR),0,7,37,1,45,0,0,112,1,113,0,7,149,2,158,200,0,200,358
03/08/2002,LOU,KY,ASO,CE,Towers with Display (VFR),0,5,41,0,46,0,5,81,0,86,0,10,122,0,132,14,0,14,146
03/09/2002,LOU,KY,ASO,CE,Towers with Display (VFR),0,1,7,0,8,0,2,2,0,4,0,3,9,0,12,2,0,2,14
03/10/2002,LOU,KY,ASO,CE,Towers with Display (VFR),0,2,19,0,21,0,0,136,0,136,0,2,155,0,157,158,0,158,315
03/11/2002,LOU,KY,ASO,CE,Towers with Display (VFR),0,4,33,1,38,0,6,122,1,129,0,10,155,2,167,138,0,138,305
03/12/2002,LOU,KY,ASO,CE,Towers with Display (VFR),0,3,22,0,25,0,2,67,0,69,0,5,89,0,94,194,0,194,288
03/13/2002,LOU,KY,ASO,CE,Towers with Display (VFR),0,5,40,0,45,0,1,156,0,157,0,6,196,0,202,294,0,294,496
03/14/2002,LOU,KY,ASO,CE,Towers with Display (VFR),0,5,44,0,49,0,0,124,4,128,0,5,168,4,177,212,0,212,389
03/15/2002,LOU,KY,ASO,CE,Towers with Display (VFR),0,6,44,0,50,0,0,28,0,28,0,6,72,0,78,24,0,24,102
03/16/2002,LOU,KY,ASO,CE,Towers with Display (VFR),0,4,58,0,62,0,0,17,0,17,0,4,75,0,79,168,0,168,247
03/17/2002,LOU,KY,ASO,CE,Towers with Display (VFR),0,0,18,0,18,0,0,0,0,0,0,0,18,0,18,0,0,0,18
03/18/2002,LOU,KY,ASO,CE,Towers with Display (VFR),0,2,46,0,48,0,3,42,0,45,0,5,88,0,93,136,0,136,229
03/19/2002,LOU,KY,ASO,CE,Towers with Display (VFR),0,6,37,0,43,0,0,0,0,0,0,6,37,0,43,0,0,0,43
03/20/2002,LOU,KY,ASO,CE,Towers with Display (VFR),0,7,40,0,47,0,0,26,2,28,0,7,66,2,75,28,0,28,103
03/21/2002,LOU,KY,ASO,CE,Towers with Display (VFR),0,3,47,0,50,0,2,55,0,57,0,5,102,0,107,60,0,60,167
03/22/2002,LOU,KY,ASO,CE,Towers with Display (VFR),0,7,44,2,53,0,0,122,0,122,0,7,166,2,175,60,0,60,235
03/23/2002,LOU,KY,ASO,CE,Towers with Display (VFR),0,2,36,0,38,0,0,159,0,159,0,2,195,0,197,244,0,244,441
03/24/2002,LOU,KY,ASO,CE,Towers with Display (VFR),0,1,29,0,30,0,0,192,1,193,0,1,221,1,223,236,0,236,459
03/25/2002,LOU,KY,ASO,CE,Towers with Display (VFR),0,2,28,0,30,0,0,26,0,26,0,2,54,0,56,44,0,44,100
03/26/2002,LOU,KY,ASO,CE,Towers with Display (VFR),0,7,20,0,27,0,0,19,0,19,0,7,39,0,46,28,0,28,74
03/27/2002,LOU,KY,ASO,CE,Towers with Display (VFR),0,3,39,0,42,0,0,133,0,133,0,3,172,0,175,362,0,362,537
03/28/2002,LOU,KY,ASO,CE,Towers with Display (VFR),0,6,42,0,48,0,0,128,2,130,0,6,170,2,178,254,0,254,432
03/29/2002,LOU,KY,ASO,CE,Towers with Display (VFR),0,7,30,0,37,0,0,74,0,74,0,7,104,0,111,136,0,136,247
03/30/2002,LOU,KY,ASO,CE,Towers with Display (VFR),0,9,36,0,45,0,0,169,0,169,0,9,205,0,214,412,0,412,626
03/31/2002,LOU,KY,ASO,CE,Towers with Display (VFR),0,0,30,0,30,0,2,76,2,80,0,2,106,2,110,252,0,252,362
04/01/2002,LOU,KY,ASO,CE,Towers with Display (VFR),0,6,32,0,38,0,3,145,0,148,0,9,177,0,186,230,0,230,416
04/02/2002,LOU,KY,ASO,CE,Towers with Display (VFR),0,6,49,2,57,0,9,51,0,60,0,15,100,2,117,36,0,36,153
04/03/2002,LOU,KY,ASO,CE,Towers with Display (VFR),0,5,35,0,40,0,1,63,0,64,0,6,98,0,104,134,0,134,238
04/04/2002,LOU,KY,ASO,CE,Towers with Display (VFR),0,5,38,0,43,0,0,107,0,107,0,5,145,0,150,232,0,232,382
04/05/2002,LOU,KY,ASO,CE,Towers with Display (VFR),0,9,41,0,50,0,0,137,0,137,0,9,178,0,187,290,0,290,477
04/06/2002,LOU,KY,ASO,CE,Towers with Display (VFR),0,5,41,0,46,0,0,195,0,195,0,5,236,0,241,174,0,174,415
04/07/2002,LOU,KY,ASO,CE,Towers with Display (VFR),0,2,25,0,27,0,0,160,0,160,0,2,185,0,187,234,0,234,421
04/08/2002,LOU,KY,ASO,CE,Towers with Display (VFR),0,5,28,0,33,0,2,31,0,33,0,7,59,0,66,98,0,98,164
04/09/2002,LOU,KY,ASO,CE,Towers with Display (VFR),0,7,26,0,33,0,0,42,0,42,0,7,68,0,75,112,0,112,187
04/10/2002,LOU,KY,ASO,CE,Towers with Display (VFR),0,3,37,0,40,0,0,138,0,138,0,3,175,0,178,170,0,170,348
04/11/2002,LOU,KY,ASO,CE,Towers with Display (VFR),0,3,49,2,54,0,0,143,2,145,0,3,192,4,199,158,0,158,357
04/12/2002,LOU,KY,ASO,CE,Towers with Display (VFR),0,3,37,0,40,0,0,52,0,52,0,3,89,0,92,164,0,164,256
04/13/2002,LOU,KY,ASO,CE,Towers with Display (VFR),0,5,43,0,48,0,0,52,0,52,0,5,95,0,100,200,0,200,300
04/14/2002,LOU,KY,ASO,CE,Towers with Display (VFR),0,0,21,0,21,0,0,31,0,31,0,0,52,0,52,94,0,94,146
04/15/2002,LOU,KY,ASO,CE,Towers with Display (VFR),0,7,42,0,49,0,0,150,0,150,0,7,192,0,199,160,0,160,359
04/16/2002,LOU,KY,ASO,CE,Towers with Display (VFR),0,3,32,0,35,0,0,191,0,191,0,3,223,0,226,162,0,162,388
04/17/2002,LOU,KY,ASO,CE,Towers with Display (VFR),0,3,28,0,31,0,1,78,0,79,0,4,106,0,110,96,0,96,206
04/18/2002,LOU,KY,ASO,CE,Towers with Display (VFR),0,8,63,0,71,0,0,140,0,140,0,8,203,0,211,192,0,192,403
04/19/2002,LOU,KY,ASO,CE,Towers with Display (VFR),0,5,43,0,48,0,3,88,8,99,0,8,131,8,147,98,0,98,245
04/20/2002,LOU,KY,ASO,CE,Towers with Display (VFR),0,4,35,0,39,0,0,157,6,163,0,4,192,6,202,146,2,148,350
04/21/2002,LOU,KY,ASO,CE,Towers with Display (VFR),0,1,27,0,28,0,0,66,0,66,0,1,93,0,94,246,0,246,340
04/22/2002,LOU,KY,ASO,CE,Towers with Display (VFR),0,3,42,1,46,0,1,99,0,100,0,4,141,1,146,94,2,96,242
04/23/2002,LOU,KY,ASO,CE,Towers with Display (VFR),0,3,27,0,30,0,0,183,2,185,0,3,210,2,215,272,0,272,487
04/24/2002,LOU,KY,ASO,CE,Towers with Display (VFR),0,5,24,0,29,0,1,74,2,77,0,6,98,2,106,98,0,98,204
04/25/2002,LOU,KY,ASO,CE,Towers with Display (VFR),0,7,47,0,54,0,1,144,0,145,0,8,191,0,199,178,0,178,377
04/26/2002,LOU,KY,ASO,CE,Towers with Display (VFR),0,6,53,0,59,0,0,194,0,194,0,6,247,0,253,280,0,280,533
04/27/2002,LOU,KY,ASO,CE,Towers with Display (VFR),0,5,16,0,21,0,0,44,0,44,0,5,60,0,65,14,0,14,79
04/28/2002,LOU,KY,ASO,CE,Towers with Display (VFR),0,3,26,0,29,0,5,31,1,37,0,8,57,1,66,4,0,4,70
04/29/2002,LOU,KY,ASO,CE,Towers with Display (VFR),0,3,39,0,42,0,3,142,2,147,0,6,181,2,189,248,0,248,437
04/30/2002,LOU,KY,ASO,CE,Towers with Display (VFR),0,4,37,0,41,0,4,192,0,196,0,8,229,0,237,264,0,264,501
05/01/2002,LOU,KY,ASO,CE,Towers with Display (VFR),0,8,43,0,51,0,0,57,0,57,0,8,100,0,108,178,0,178,286
05/02/2002,LOU,KY,ASO,CE,Towers with Display (VFR),0,7,39,0,46,0,0,59,1,60,0,7,98,1,106,76,8,84,190
05/03/2002,LOU,KY,ASO,CE,Towers with Display (VFR),0,3,46,1,50,0,0,185,4,189,0,3,231,5,239,292,0,292,531
05/04/2002,LOU,KY,ASO,CE,Towers with Display (VFR),0,10,36,0,46,0,0,199,9,208,0,10,235,9,254,274,0,274,528
05/05/2002,LOU,KY,ASO,CE,Towers with Display (VFR),0,9,70,0,79,0,2,235,5,242,0,11,305,5,321,206,0,206,527
05/06/2002,LOU,KY,ASO,CE,Towers with Display (VFR),0,8,27,0,35,0,2,13,0,15,0,10,40,0,50,12,0,12,62
05/07/2002,LOU,KY,ASO,CE,Towers with Display (VFR),0,3,29,0,32,0,3,64,0,67,0,6,93,0,99,140,0,140,239
05/08/2002,LOU,KY,ASO,CE,Towers with Display (VFR),0,5,33,0,38,0,2,74,0,76,0,7,107,0,114,86,4,90,204
05/09/2002,LOU,KY,ASO,CE,Towers with Display (VFR),0,7,33,0,40,0,3,69,0,72,0,10,102,0,112,160,0,160,272
05/10/2002,LOU,KY,ASO,CE,Towers with Display (VFR),0,9,31,1,41,0,0,256,0,256,0,9,287,1,297,300,0,300,597
05/11/2002,LOU,KY,ASO,CE,Towers with Display (VFR),0,6,28,0,34,0,1,165,0,166,0,7,193,0,200,170,0,170,370
05/12/2002,LOU,KY,ASO,CE,Towers with Display (VFR),0,0,25,0,25,0,0,37,0,37,0,0,62,0,62,52,0,52,114
05/13/2002,LOU,KY,ASO,CE,Towers with Display (VFR),0,4,28,0,32,0,1,7,0,8,0,5,35,0,40,14,0,14,54
05/14/2002,LOU,KY,ASO,CE,Towers with Display (VFR),0,5,41,0,46,0,1,190,0,191,0,6,231,0,237,268,0,268,505
05/15/2002,LOU,KY,ASO,CE,Towers with Display (VFR),0,3,54,0,57,0,2,248,1,251,0,5,302,1,308,342,0,342,650
05/16/2002,LOU,KY,ASO,CE,Towers with Display (VFR),0,5,46,0,51,0,2,96,0,98,0,7,142,0,149,164,0,164,313
05/17/2002,LOU,KY,ASO,CE,Towers with Display (VFR),0,2,35,0,37,0,1,8,0,9,0,3,43,0,46,0,0,0,46
05/18/2002,LOU,KY,ASO,CE,Towers with Display (VFR),0,6,24,0,30,0,0,79,0,79,0,6,103,0,109,76,0,76,185
05/19/2002,LOU,KY,ASO,CE,Towers with Display (VFR),0,2,19,4,25,0,4,167,0,171,0,6,186,4,196,260,0,260,456
05/20/2002,LOU,KY,ASO,CE,Towers with Display (VFR),0,1,28,0,29,0,3,130,0,133,0,4,158,0,162,248,0,248,410
05/21/2002,LOU,KY,ASO,CE,Towers with Display (VFR),0,11,35,2,48,0,6,153,1,160,0,17,188,3,208,318,0,318,526
05/22/2002,LOU,KY,ASO,CE,Towers with Display (VFR),0,3,39,0,42,0,4,209,0,213,0,7,248,0,255,238,0,238,493
05/23/2002,LOU,KY,ASO,CE,Towers with Display (VFR),0,3,31,0,34,0,0,148,1,149,0,3,179,1,183,192,0,192,375
05/24/2002,LOU,KY,ASO,CE,Towers with Display (VFR),0,7,40,0,47,0,0,133,0,133,0,7,173,0,180,300,0,300,480
05/25/2002,LOU,KY,ASO,CE,Towers with Display (VFR),0,3,19,0,22,0,2,104,0,106,0,5,123,0,128,102,0,102,230
05/26/2002,LOU,KY,ASO,CE,Towers with Display (VFR),0,3,27,0,30,0,1,115,0,116,0,4,142,0,146,300,0,300,446
05/27/2002,LOU,KY,ASO,CE,Towers with Display (VFR),0,3,37,1,41,0,2,181,2,185,0,5,218,3,226,254,0,254,480
05/28/2002,LOU,KY,ASO,CE,Towers with Display (VFR),0,3,37,0,40,0,2,121,0,123,0,5,158,0,163,114,0,114,277
05/29/2002,LOU,KY,ASO,CE,Towers with Display (VFR),0,3,31,1,35,0,2,100,1,103,0,5,131,2,138,266,0,266,404
05/30/2002,LOU,KY,ASO,CE,Towers with Display (VFR),0,6,45,0,51,0,0,162,0,162,0,6,207,0,213,238,0,238,451
05/31/2002,LOU,KY,ASO,CE,Towers with Display (VFR),0,0,0,0,0,0,7,153,1,161,0,7,153,1,161,162,0,162,323
06/01/2002,LOU,KY,ASO,CE,Towers with Display (VFR),0,5,19,0,24,0,0,132,0,132,0,5,151,0,156,234,0,234,390
06/02/2002,LOU,KY,ASO,CE,Towers with Display (VFR),0,0,34,0,34,0,0,125,0,125,0,0,159,0,159,196,0,196,355
06/03/2002,LOU,KY,ASO,CE,Towers with Display (VFR),0,3,44,0,47,0,1,140,0,141,0,4,184,0,188,188,0,188,376
06/04/2002,LOU,KY,ASO,CE,Towers with Display (VFR),0,2,44,0,46,0,7,118,0,125,0,9,162,0,171,214,0,214,385
06/05/2002,LOU,KY,ASO,CE,Towers with Display (VFR),0,3,32,0,35,0,6,61,0,67,0,9,93,0,102,152,0,152,254
06/06/2002,LOU,KY,ASO,CE,Towers with Display (VFR),0,7,58,0,65,0,0,31,0,31,0,7,89,0,96,111,0,111,207
06/07/2002,LOU,KY,ASO,CE,Towers with Display (VFR),0,11,68,0,79,0,0,132,0,132,0,11,200,0,211,372,0,372,583
06/08/2002,LOU,KY,ASO,CE,Towers with Display (VFR),0,2,31,0,33,0,1,196,0,197,0,3,227,0,230,200,0,200,430
06/09/2002,LOU,KY,ASO,CE,Towers with Display (VFR),0,2,26,0,28,0,2,159,0,161,0,4,185,0,189,352,0,352,541
06/10/2002,LOU,KY,ASO,CE,Towers with Display (VFR),0,6,42,0,48,0,5,176,1,182,0,11,218,1,230,244,0,244,474
06/11/2002,LOU,KY,ASO,CE,Towers with Display (VFR),0,6,40,0,46,0,0,116,0,116,0,6,156,0,162,226,0,226,388
06/12/2002,LOU,KY,ASO,CE,Towers with Display (VFR),0,5,30,0,35,0,1,81,0,82,0,6,111,0,117,254,0,254,371
06/13/2002,LOU,KY,ASO,CE,Towers with Display (VFR),0,3,34,0,37,0,3,62,0,65,0,6,96,0,102,114,0,114,216
06/14/2002,LOU,KY,ASO,CE,Towers with Display (VFR),0,7,38,3,48,0,1,136,0,137,0,8,174,3,185,240,0,240,425
06/15/2002,LOU,KY,ASO,CE,Towers with Display (VFR),0,3,37,0,40,0,0,219,0,219,0,3,256,0,259,244,0,244,503
06/16/2002,LOU,KY,ASO,CE,Towers with Display (VFR),0,0,28,0,28,0,1,220,0,221,0,1,248,0,249,252,0,252,501
06/17/2002,LOU,KY,ASO,CE,Towers with Display (VFR),0,2,28,0,30,0,0,170,0,170,0,2,198,0,200,336,0,336,536
06/18/2002,LOU,KY,ASO,CE,Towers with Display (VFR),0,5,31,0,36,0,5,203,0,208,0,10,234,0,244,196,0,196,440
06/19/2002,LOU,KY,ASO,CE,Towers with Display (VFR),0,3,36,0,39,0,2,147,1,150,0,5,183,1,189,356,0,356,545
06/20/2002,LOU,KY,ASO,CE,Towers with Display (VFR),0,10,35,0,45,0,0,160,0,160,0,10,195,0,205,348,0,348,553
06/21/2002,LOU,KY,ASO,CE,Towers with Display (VFR),0,3,43,0,46,0,0,134,0,134,0,3,177,0,180,228,0,228,408
06/22/2002,LOU,KY,ASO,CE,Towers with Display (VFR),0,3,29,0,32,0,0,185,0,185,0,3,214,0,217,216,0,216,433
06/23/2002,LOU,KY,ASO,CE,Towers with Display (VFR),0,0,32,0,32,0,0,152,0,152,0,0,184,0,184,396,0,396,580
06/24/2002,LOU,KY,ASO,CE,Towers with Display (VFR),0,4,41,0,45,0,2,82,0,84,0,6,123,0,129,182,0,182,311
06/25/2002,LOU,KY,ASO,CE,Towers with Display (VFR),0,8,26,0,34,0,5,85,0,90,0,13,111,0,124,230,0,230,354
06/26/2002,LOU,KY,ASO,CE,Towers with Display (VFR),0,9,43,0,52,0,0,119,0,119,0,9,162,0,171,228,0,228,399
06/27/2002,LOU,KY,ASO,CE,Towers with Display (VFR),0,10,55,0,65,0,1,97,0,98,0,11,152,0,163,284,0,284,447
06/28/2002,LOU,KY,ASO,CE,Towers with Display (VFR),0,5,90,0,95,0,1,102,0,103,0,6,192,0,198,362,0,362,560
06/29/2002,LOU,KY,ASO,CE,Towers with Display (VFR),0,3,56,0,59,0,0,235,0,235,0,3,291,0,294,310,0,310,604
06/30/2002,LOU,KY,ASO,CE,Towers with Display (VFR),0,4,46,0,50,0,0,126,0,126,0,4,172,0,176,238,0,238,414
07/01/2002,LOU,KY,ASO,CE,Towers with Display (VFR),0,8,33,0,41,0,2,143,0,145,0,10,176,0,186,376,0,376,562
07/02/2002,LOU,KY,ASO,CE,Towers with Display (VFR),0,6,36,0,42,0,4,110,0,114,0,10,146,0,156,268,0,268,424
07/03/2002,LOU,KY,ASO,CE,Towers with Display (VFR),0,8,39,0,47,0,1,132,0,133,0,9,171,0,180,280,0,280,460
07/04/2002,LOU,KY,ASO,CE,Towers with Display (VFR),0,4,33,0,37,0,1,145,2,148,0,5,178,2,185,228,0,228,413
07/05/2002,LOU,KY,ASO,CE,Towers with Display (VFR),0,3,25,0,28,0,1,102,0,103,0,4,127,0,131,176,0,176,307
07/06/2002,LOU,KY,ASO,CE,Towers with Display (VFR),0,6,24,0,30,0,0,180,0,180,0,6,204,0,210,270,0,270,480
07/07/2002,LOU,KY,ASO,CE,Towers with Display (VFR),0,0,50,0,50,0,1,179,0,180,0,1,229,0,230,286,0,286,516
07/08/2002,LOU,KY,ASO,CE,Towers with Display (VFR),0,6,29,0,35,0,5,146,0,151,0,11,175,0,186,178,0,178,364
07/09/2002,LOU,KY,ASO,CE,Towers with Display (VFR),0,9,46,0,55,0,2,126,0,128,0,11,172,0,183,170,0,170,353
07/10/2002,LOU,KY,ASO,CE,Towers with Display (VFR),0,10,53,0,63,0,6,79,0,85,0,16,132,0,148,204,0,204,352
07/11/2002,LOU,KY,ASO,CE,Towers with Display (VFR),0,6,49,1,56,0,3,157,2,162,0,9,206,3,218,326,0,326,544
07/12/2002,LOU,KY,ASO,CE,Towers with Display (VFR),0,10,33,0,43,0,1,113,0,114,0,11,146,0,157,234,0,234,391
07/13/2002,LOU,KY,ASO,CE,Towers with Display (VFR),0,3,37,0,40,0,0,23,0,23,0,3,60,0,63,30,0,30,93
07/14/2002,LOU,KY,ASO,CE,Towers with Display (VFR),0,2,41,0,43,0,0,125,0,125,0,2,166,0,168,246,0,246,414
07/15/2002,LOU,KY,ASO,CE,Towers with Display (VFR),0,7,38,0,45,0,3,126,0,129,0,10,164,0,174,352,0,352,526
07/16/2002,LOU,KY,ASO,CE,Towers with Display (VFR),0,6,71,0,77,0,0,133,1,134,0,6,204,1,211,186,0,186,397
07/17/2002,LOU,KY,ASO,CE,Towers with Display (VFR),0,15,61,0,76,0,1,76,3,80,0,16,137,3,156,44,0,44,200
07/18/2002,LOU,KY,ASO,CE,Towers with Display (VFR),0,7,61,2,70,0,0,55,2,57,0,7,116,4,127,86,0,86,213
07/19/2002,LOU,KY,ASO,CE,Towers with Display (VFR),0,8,53,0,61,0,0,183,0,183,0,8,236,0,244,214,0,214,458
07/20/2002,LOU,KY,ASO,CE,Towers with Display (VFR),0,5,42,0,47,0,0,112,0,112,0,5,154,0,159,312,0,312,471
07/21/2002,LOU,KY,ASO,CE,Towers with Display (VFR),0,2,38,0,40,0,1,154,0,155,0,3,192,0,195,350,0,350,545
07/22/2002,LOU,KY,ASO,CE,Towers with Display (VFR),0,2,41,2,45,0,2,101,0,103,0,4,142,2,148,115,0,115,263
07/23/2002,LOU,KY,ASO,CE,Towers with Display (VFR),0,5,50,2,57,0,5,77,0,82,0,10,127,2,139,160,0,160,299
07/24/2002,LOU,KY,ASO,CE,Towers with Display (VFR),0,4,49,0,53,0,9,111,1,121,0,13,160,1,174,206,0,206,380
07/25/2002,LOU,KY,ASO,CE,Towers with Display (VFR),0,5,45,1,51,0,1,157,0,158,0,6,202,1,209,242,2,244,453
07/26/2002,LOU,KY,ASO,CE,Towers with Display (VFR),0,6,52,0,58,0,2,120,0,122,0,8,172,0,180,194,0,194,374
07/27/2002,LOU,KY,ASO,CE,Towers with Display (VFR),0,3,49,0,52,0,0,84,0,84,0,3,133,0,136,188,0,188,324
07/28/2002,LOU,KY,ASO,CE,Towers with Display (VFR),0,0,50,0,50,0,1,148,0,149,0,1,198,0,199,292,0,292,491
07/29/2002,LOU,KY,ASO,CE,Towers with Display (VFR),0,6,37,0,43,0,3,85,0,88,0,9,122,0,131,108,0,108,239
07/30/2002,LOU,KY,ASO,CE,Towers with Display (VFR),0,10,58,0,68,0,3,132,0,135,0,13,190,0,203,194,0,194,397
07/31/2002,LOU,KY,ASO,CE,Towers with Display (VFR),0,8,45,1,54,0,1,144,4,149,0,9,189,5,203,228,0,228,431
08/01/2002,LOU,KY,ASO,CE,Towers with Display (VFR),0,6,34,0,40,0,2,140,3,145,0,8,174,3,185,212,0,212,397
08/02/2002,LOU,KY,ASO,CE,Towers with Display (VFR),0,7,43,1,51,0,0,106,0,106,0,7,149,1,157,284,0,284,441
08/03/2002,LOU,KY,ASO,CE,Towers with Display (VFR),0,4,36,0,40,0,1,123,0,124,0,5,159,0,164,178,0,178,342
08/04/2002,LOU,KY,ASO,CE,Towers with Display (VFR),0,1,44,0,45,0,0,99,0,99,0,1,143,0,144,102,0,102,246
08/05/2002,LOU,KY,ASO,CE,Towers with Display (VFR),0,4,41,0,45,0,3,64,0,67,0,7,105,0,112,168,0,168,280
08/06/2002,LOU,KY,ASO,CE,Towers with Display (VFR),0,8,60,0,68,0,1,144,0,145,0,9,204,0,213,196,0,196,409
08/07/2002,LOU,KY,ASO,CE,Towers with Display (VFR),0,4,42,0,46,0,2,209,0,211,0,6,251,0,257,168,0,168,425
08/08/2002,LOU,KY,ASO,CE,Towers with Display (VFR),0,5,40,1,46,0,3,174,2,179,0,8,214,3,225,246,0,246,471
08/09/2002,LOU,KY,ASO,CE,Towers with Display (VFR),0,5,29,0,34,0,1,181,0,182,0,6,210,0,216,310,0,310,526
08/10/2002,LOU,KY,ASO,CE,Towers with Display (VFR),0,3,25,0,28,0,1,229,0,230,0,4,254,0,258,224,0,224,482
08/11/2002,LOU,KY,ASO,CE,Towers with Display (VFR),0,3,34,0,37,0,1,91,0,92,0,4,125,0,129,188,0,188,317
08/12/2002,LOU,KY,ASO,CE,Towers with Display (VFR),0,4,36,1,41,0,0,110,2,112,0,4,146,3,153,170,0,170,323
08/13/2002,LOU,KY,ASO,CE,Towers with Display (VFR),0,6,32,0,38,0,3,93,0,96,0,9,125,0,134,212,0,212,346
08/14/2002,LOU,KY,ASO,CE,Towers with Display (VFR),0,9,27,0,36,0,8,46,0,54,0,17,73,0,90,96,2,98,188
08/15/2002,LOU,KY,ASO,CE,Towers with Display (VFR),0,5,58,0,63,0,4,81,1,86,0,9,139,1,149,158,0,158,307
08/16/2002,LOU,KY,ASO,CE,Towers with Display (VFR),0,4,39,0,43,0,1,96,0,97,0,5,135,0,140,140,0,140,280
08/17/2002,LOU,KY,ASO,CE,Towers with Display (VFR),0,6,37,0,43,0,0,48,0,48,0,6,85,0,91,184,0,184,275
08/18/2002,LOU,KY,ASO,CE,Towers with Display (VFR),0,1,34,0,35,0,1,83,0,84,0,2,117,0,119,222,0,222,341
08/19/2002,LOU,KY,ASO,CE,Towers with Display (VFR),0,4,40,2,46,0,3,100,0,103,0,7,140,2,149,272,0,272,421
08/20/2002,LOU,KY,ASO,CE,Towers with Display (VFR),0,4,52,0,56,0,4,177,1,182,0,8,229,1,238,328,0,328,566
08/21/2002,LOU,KY,ASO,CE,Towers with Display (VFR),0,4,41,0,45,0,2,157,0,159,0,6,198,0,204,202,0,202,406
08/22/2002,LOU,KY,ASO,CE,Towers with Display (VFR),0,3,53,0,56,0,1,126,4,131,0,4,179,4,187,140,0,140,327
08/23/2002,LOU,KY,ASO,CE,Towers with Display (VFR),0,6,57,0,63,0,0,97,0,97,0,6,154,0,160,114,0,114,274
08/24/2002,LOU,KY,ASO,CE,Towers with Display (VFR),0,2,33,0,35,0,0,128,0,128,0,2,161,0,163,143,0,143,306
08/25/2002,LOU,KY,ASO,CE,Towers with Display (VFR),0,2,28,0,30,0,3,151,0,154,0,5,179,0,184,222,0,222,406
08/26/2002,LOU,KY,ASO,CE,Towers with Display (VFR),0,4,38,0,42,0,0,93,0,93,0,4,131,0,135,148,0,148,283
08/27/2002,LOU,KY,ASO,CE,Towers with Display (VFR),0,3,58,0,61,0,1,132,0,133,0,4,190,0,194,246,0,246,440
08/28/2002,LOU,KY,ASO,CE,Towers with Display (VFR),0,1,41,0,42,0,0,105,3,108,0,1,146,3,150,244,0,244,394
08/29/2002,LOU,KY,ASO,CE,Towers with Display (VFR),0,3,60,0,63,0,0,169,1,170,0,3,229,1,233,206,0,206,439
08/30/2002,LOU,KY,ASO,CE,Towers with Display (VFR),0,2,42,0,44,0,0,164,0,164,0,2,206,0,208,250,0,250,458
08/31/2002,LOU,KY,ASO,CE,Towers with Display (VFR),0,3,32,0,35,0,0,210,0,210,0,3,242,0,245,302,0,302,547
09/01/2002,LOU,KY,ASO,CE,Towers with Display (VFR),0,4,23,0,27,0,1,164,0,165,0,5,187,0,192,272,0,272,464
09/02/2002,LOU,KY,ASO,CE,Towers with Display (VFR),0,1,52,0,53,0,1,148,0,149,0,2,200,0,202,232,0,232,434
09/03/2002,LOU,KY,ASO,CE,Towers with Display (VFR),0,4,25,0,29,0,6,118,0,124,0,10,143,0,153,222,0,222,375
09/04/2002,LOU,KY,ASO,CE,Towers with Display (VFR),0,6,28,0,34,0,1,152,1,154,0,7,180,1,188,300,0,300,488
09/05/2002,LOU,KY,ASO,CE,Towers with Display (VFR),0,8,25,0,33,0,3,168,0,171,0,11,193,0,204,188,0,188,392
09/06/2002,LOU,KY,ASO,CE,Towers with Display (VFR),0,5,39,0,44,0,1,163,0,164,0,6,202,0,208,332,0,332,540
09/07/2002,LOU,KY,ASO,CE,Towers with Display (VFR),0,4,20,0,24,0,0,172,0,172,0,4,192,0,196,316,0,316,512
09/08/2002,LOU,KY,ASO,CE,Towers with Display (VFR),0,4,27,0,31,0,0,136,0,136,0,4,163,0,167,208,0,208,375
09/09/2002,LOU,KY,ASO,CE,Towers with Display (VFR),0,6,47,0,53,0,2,99,3,104,0,8,146,3,157,132,0,132,289
09/10/2002,LOU,KY,ASO,CE,Towers with Display (VFR),0,5,40,0,45,0,0,120,0,120,0,5,160,0,165,318,0,318,483
09/11/2002,LOU,KY,ASO,CE,Towers with Display (VFR),0,6,50,0,56,0,2,104,0,106,0,8,154,0,162,166,0,166,328
09/12/2002,LOU,KY,ASO,CE,Towers with Display (VFR),0,5,49,0,54,0,5,156,0,161,0,10,205,0,215,176,0,176,391
09/13/2002,LOU,KY,ASO,CE,Towers with Display (VFR),0,8,47,0,55,0,0,143,0,143,0,8,190,0,198,274,0,274,472
09/14/2002,LOU,KY,ASO,CE,Towers with Display (VFR),0,3,44,0,47,0,0,43,0,43,0,3,87,0,90,102,0,102,192
09/15/2002,LOU,KY,ASO,CE,Towers with Display (VFR),0,0,28,0,28,0,0,34,0,34,0,0,62,0,62,236,0,236,298
09/16/2002,LOU,KY,ASO,CE,Towers with Display (VFR),0,8,47,0,55,0,2,86,0,88,0,10,133,0,143,190,0,190,333
09/17/2002,LOU,KY,ASO,CE,Towers with Display (VFR),0,5,60,0,65,0,4,45,1,50,0,9,105,1,115,128,0,128,243
09/18/2002,LOU,KY,ASO,CE,Towers with Display (VFR),0,4,62,1,67,0,3,107,5,115,0,7,169,6,182,132,0,132,314
09/19/2002,LOU,KY,ASO,CE,Towers with Display (VFR),0,6,36,0,42,0,3,69,0,72,0,9,105,0,114,94,0,94,208
09/20/2002,LOU,KY,ASO,CE,Towers with Display (VFR),0,10,43,1,54,0,0,47,1,48,0,10,90,2,102,34,0,34,136
09/21/2002,LOU,KY,ASO,CE,Towers with Display (VFR),0,5,61,0,66,0,0,254,0,254,0,5,315,0,320,394,0,394,714
09/22/2002,LOU,KY,ASO,CE,Towers with Display (VFR),0,0,55,0,55,0,0,191,0,191,0,0,246,0,246,264,0,264,510
09/23/2002,LOU,KY,ASO,CE,Towers with Display (VFR),0,9,27,0,36,0,1,177,0,178,0,10,204,0,214,274,0,274,488
09/24/2002,LOU,KY,ASO,CE,Towers with Display (VFR),0,6,30,0,36,0,2,172,0,174,0,8,202,0,210,478,0,478,688
09/25/2002,LOU,KY,ASO,CE,Towers with Display (VFR),0,6,56,0,62,0,1,124,1,126,0,7,180,1,188,246,0,246,434
09/26/2002,LOU,KY,ASO,CE,Towers with Display (VFR),0,10,44,0,54,0,0,0,0,0,0,10,44,0,54,0,0,0,54
09/27/2002,LOU,KY,ASO,CE,Towers with Display (VFR),0,6,42,0,48,0,0,47,0,47,0,6,89,0,95,90,0,90,185
09/28/2002,LOU,KY,ASO,CE,Towers with Display (VFR),0,3,28,0,31,0,0,175,0,175,0,3,203,0,206,214,0,214,420
09/29/2002,LOU,KY,ASO,CE,Towers with Display (VFR),0,0,38,0,38,0,1,200,0,201,0,1,238,0,239,296,0,296,535
09/30/2002,LOU,KY,ASO,CE,Towers with Display (VFR),0,3,40,0,43,0,1,114,0,115,0,4,154,0,158,118,0,118,276
10/01/2002,LOU,KY,ASO,CE,Towers with Display (VFR),0,2,41,0,43,0,0,85,1,86,0,2,126,1,129,176,0,176,305
10/02/2002,LOU,KY,ASO,CE,Towers with Display (VFR),0,7,45,1,53,0,3,110,0,113,0,10,155,1,166,234,0,234,400
10/03/2002,LOU,KY,ASO,CE,Towers with Display (VFR),0,6,50,2,58,0,1,85,0,86,0,7,135,2,144,254,0,254,398
10/04/2002,LOU,KY,ASO,CE,Towers with Display (VFR),0,4,27,0,31,0,0,25,0,25,0,4,52,0,56,42,0,42,98
10/05/2002,LOU,KY,ASO,CE,Towers with Display (VFR),0,3,28,0,31,0,1,201,0,202,0,4,229,0,233,146,0,146,379
10/06/2002,LOU,KY,ASO,CE,Towers with Display (VFR),0,3,41,0,44,0,0,146,0,146,0,3,187,0,190,182,0,182,372
10/07/2002,LOU,KY,ASO,CE,Towers with Display (VFR),0,2,30,0,32,0,3,122,0,125,0,5,152,0,157,152,0,152,309
10/08/2002,LOU,KY,ASO,CE,Towers with Display (VFR),0,5,56,0,61,0,2,138,2,142,0,7,194,2,203,364,0,364,567
10/09/2002,LOU,KY,ASO,CE,Towers with Display (VFR),0,7,73,1,81,0,2,105,9,116,0,9,178,10,197,266,0,266,463
10/10/2002,LOU,KY,ASO,CE,Towers with Display (VFR),0,7,54,0,61,0,0,4,0,4,0,7,58,0,65,2,0,2,67
10/11/2002,LOU,KY,ASO,CE,Towers with Display (VFR),0,4,59,0,63,0,0,17,0,17,0,4,76,0,80,158,0,158,238
10/12/2002,LOU,KY,ASO,CE,Towers with Display (VFR),0,5,40,0,45,0,1,159,0,160,0,6,199,0,205,260,0,260,465
10/13/2002,LOU,KY,ASO,CE,Towers with Display (VFR),0,0,26,0,26,0,1,104,0,105,0,1,130,0,131,200,0,200,331
10/14/2002,LOU,KY,ASO,CE,Towers with Display (VFR),0,3,29,0,32,0,3,159,0,162,0,6,188,0,194,228,0,228,422
10/15/2002,LOU,KY,ASO,CE,Towers with Display (VFR),0,4,46,0,50,0,0,126,0,126,0,4,172,0,176,204,0,204,380
10/16/2002,LOU,KY,ASO,CE,Towers with Display (VFR),0,6,57,1,64,0,3,71,2,76,0,9,128,3,140,208,0,208,348
10/17/2002,LOU,KY,ASO,CE,Towers with Display (VFR),0,4,50,0,54,0,3,103,0,106,0,7,153,0,160,150,0,150,310
10/18/2002,LOU,KY,ASO,CE,Towers with Display (VFR),0,4,52,0,56,0,0,145,0,145,0,4,197,0,201,184,0,184,385
10/19/2002,LOU,KY,ASO,CE,Towers with Display (VFR),0,8,32,2,42,0,0,13,0,13,0,8,45,2,55,16,0,16,71
10/20/2002,LOU,KY,ASO,CE,Towers with Display (VFR),0,2,42,0,44,0,2,191,0,193,0,4,233,0,237,220,0,220,457
10/21/2002,LOU,KY,ASO,CE,Towers with Display (VFR),0,2,39,0,41,0,2,156,0,158,0,4,195,0,199,310,0,310,509
10/22/2002,LOU,KY,ASO,CE,Towers with Display (VFR),0,6,42,1,49,0,2,159,1,162,0,8,201,2,211,378,0,378,589
10/23/2002,LOU,KY,ASO,CE,Towers with Display (VFR),0,3,38,0,41,0,2,150,0,152,0,5,188,0,193,346,0,346,539
10/24/2002,LOU,KY,ASO,CE,Towers with Display (VFR),0,4,35,1,40,0,4,138,0,142,0,8,173,1,182,334,0,334,516
10/25/2002,LOU,KY,ASO,CE,Towers with Display (VFR),0,5,60,0,65,0,1,5,0,6,0,6,65,0,71,0,0,0,71
10/26/2002,LOU,KY,ASO,CE,Towers with Display (VFR),0,2,40,0,42,0,0,49,0,49,0,2,89,0,91,156,0,156,247
10/27/2002,LOU,KY,ASO,CE,Towers with Display (VFR),0,6,41,0,47,0,5,160,0,165,0,11,201,0,212,260,0,260,472
10/28/2002,LOU,KY,ASO,CE,Towers with Display (VFR),0,4,40,0,44,0,1,50,0,51,0,5,90,0,95,196,0,196,291
10/29/2002,LOU,KY,ASO,CE,Towers with Display (VFR),0,3,35,0,38,0,2,0,0,2,0,5,35,0,40,0,0,0,40
10/30/2002,LOU,KY,ASO,CE,Towers with Display (VFR),0,4,55,0,59,0,4,25,0,29,0,8,80,0,88,96,0,96,184
10/31/2002,LOU,KY,ASO,CE,Towers with Display (VFR),0,9,45,1,55,0,1,31,0,32,0,10,76,1,87,152,0,152,239
11/01/2002,LOU,KY,ASO,CE,Towers with Display (VFR),0,5,43,0,48,0,0,98,0,98,0,5,141,0,146,108,0,108,254
11/02/2002,LOU,KY,ASO,CE,Towers with Display (VFR),0,11,30,3,44,0,0,222,3,225,0,11,252,6,269,164,0,164,433
11/03/2002,LOU,KY,ASO,CE,Towers with Display (VFR),0,1,47,0,48,0,1,73,0,74,0,2,120,0,122,116,0,116,238
11/04/2002,LOU,KY,ASO,CE,Towers with Display (VFR),0,8,39,3,50,0,5,24,1,30,0,13,63,4,80,166,0,166,246
11/05/2002,LOU,KY,ASO,CE,Towers with Display (VFR),0,4,37,0,41,0,0,5,0,5,0,4,42,0,46,0,0,0,46
11/06/2002,LOU,KY,ASO,CE,Towers with Display (VFR),0,5,38,0,43,0,0,64,2,66,0,5,102,2,109,90,0,90,199
11/07/2002,LOU,KY,ASO,CE,Towers with Display (VFR),0,7,55,1,63,0,2,163,0,165,0,9,218,1,228,222,0,222,450
11/08/2002,LOU,KY,ASO,CE,Towers with Display (VFR),0,6,38,0,44,0,1,87,0,88,0,7,125,0,132,70,4,74,206
11/09/2002,LOU,KY,ASO,CE,Towers with Display (VFR),0,6,13,0,19,0,0,33,0,33,0,6,46,0,52,12,0,12,64
11/10/2002,LOU,KY,ASO,CE,Towers with Display (VFR),0,0,12,0,12,0,0,29,0,29,0,0,41,0,41,52,2,54,95
11/11/2002,LOU,KY,ASO,CE,Towers with Display (VFR),0,6,37,0,43,0,3,104,0,107,0,9,141,0,150,218,0,218,368
11/12/2002,LOU,KY,ASO,CE,Towers with Display (VFR),0,7,65,0,72,0,1,97,0,98,0,8,162,0,170,290,0,290,460
11/13/2002,LOU,KY,ASO,CE,Towers with Display (VFR),0,6,48,1,55,0,3,182,0,185,0,9,230,1,240,358,0,358,598
11/14/2002,LOU,KY,ASO,CE,Towers with Display (VFR),0,4,40,0,44,0,3,130,0,133,0,7,170,0,177,124,0,124,301
11/15/2002,LOU,KY,ASO,CE,Towers with Display (VFR),0,4,29,0,33,0,0,10,0,10,0,4,39,0,43,14,0,14,57
11/16/2002,LOU,KY,ASO,CE,Towers with Display (VFR),0,5,23,1,29,0,0,20,1,21,0,5,43,2,50,170,0,170,220
11/17/2002,LOU,KY,ASO,CE,Towers with Display (VFR),0,0,18,0,18,0,0,89,1,90,0,0,107,1,108,294,0,294,402
11/18/2002,LOU,KY,ASO,CE,Towers with Display (VFR),0,4,34,0,38,0,5,132,1,138,0,9,166,1,176,204,0,204,380
11/19/2002,LOU,KY,ASO,CE,Towers with Display (VFR),0,7,41,0,48,0,7,152,0,159,0,14,193,0,207,318,0,318,525
11/20/2002,LOU,KY,ASO,CE,Towers with Display (VFR),0,7,44,2,53,0,0,120,0,120,0,7,164,2,173,252,0,252,425
11/21/2002,LOU,KY,ASO,CE,Towers with Display (VFR),0,5,43,0,48,0,2,51,0,53,0,7,94,0,101,56,0,56,157
11/22/2002,LOU,KY,ASO,CE,Towers with Display (VFR),0,4,35,0,39,0,0,54,0,54,0,4,89,0,93,58,0,58,151
11/23/2002,LOU,KY,ASO,CE,Towers with Display (VFR),0,7,32,0,39,0,0,186,0,186,0,7,218,0,225,270,0,270,495
11/24/2002,LOU,KY,ASO,CE,Towers with Display (VFR),0,1,26,1,28,0,1,228,1,230,0,2,254,2,258,268,0,268,526
11/25/2002,LOU,KY,ASO,CE,Towers with Display (VFR),0,10,28,0,38,0,1,64,0,65,0,11,92,0,103,86,0,86,189
11/26/2002,LOU,KY,ASO,CE,Towers with Display (VFR),0,4,26,0,30,0,4,3,0,7,0,8,29,0,37,10,0,10,47
11/27/2002,LOU,KY,ASO,CE,Towers with Display (VFR),0,8,50,0,58,0,2,101,0,103,0,10,151,0,161,160,0,160,321
11/28/2002,LOU,KY,ASO,CE,Towers with Display (VFR),0,2,21,1,24,0,0,71,0,71,0,2,92,1,95,36,0,36,131
11/29/2002,LOU,KY,ASO,CE,Towers with Display (VFR),0,5,21,0,26,0,2,70,0,72,0,7,91,0,98,38,0,38,136
11/30/2002,LOU,KY,ASO,CE,Towers with Display (VFR),0,6,25,0,31,0,0,22,0,22,0,6,47,0,53,40,0,40,93
12/01/2002,LOU,KY,ASO,CE,Towers with Display (VFR),0,0,38,0,38,0,1,159,0,160,0,1,197,0,198,190,0,190,388
12/02/2002,LOU,KY,ASO,CE,Towers with Display (VFR),0,3,31,0,34,0,4,90,0,94,0,7,121,0,128,120,0,120,248
12/03/2002,LOU,KY,ASO,CE,Towers with Display (VFR),0,12,35,1,48,0,6,89,1,96,0,18,124,2,144,168,0,168,312
12/04/2002,LOU,KY,ASO,CE,Towers with Display (VFR),0,3,21,0,24,0,4,16,0,20,0,7,37,0,44,48,0,48,92
12/05/2002,LOU,KY,ASO,CE,Towers with Display (VFR),0,5,25,0,30,0,2,22,1,25,0,7,47,1,55,56,0,56,111
12/06/2002,LOU,KY,ASO,CE,Towers with Display (VFR),0,6,26,0,32,0,3,71,1,75,0,9,97,1,107,64,0,64,171
12/07/2002,LOU,KY,ASO,CE,Towers with Display (VFR),0,3,18,0,21,0,1,130,3,134,0,4,148,3,155,132,0,132,287
12/08/2002,LOU,KY,ASO,CE,Towers with Display (VFR),0,0,22,0,22,0,0,144,0,144,0,0,166,0,166,308,0,308,474
12/09/2002,LOU,KY,ASO,CE,Towers with Display (VFR),0,7,30,0,37,0,2,93,1,96,0,9,123,1,133,212,0,212,345
12/10/2002,LOU,KY,ASO,CE,Towers with Display (VFR),0,8,36,0,44,0,2,34,0,36,0,10,70,0,80,196,0,196,276
12/11/2002,LOU,KY,ASO,CE,Towers with Display (VFR),0,5,25,0,30,0,1,0,0,1,0,6,25,0,31,0,0,0,31
12/12/2002,LOU,KY,ASO,CE,Towers with Display (VFR),0,5,44,1,50,0,2,33,0,35,0,7,77,1,85,206,0,206,291
12/13/2002,LOU,KY,ASO,CE,Towers with Display (VFR),0,5,21,0,26,0,1,0,0,1,0,6,21,0,27,0,0,0,27
12/14/2002,LOU,KY,ASO,CE,Towers with Display (VFR),0,4,14,0,18,0,1,52,0,53,0,5,66,0,71,192,0,192,263
12/15/2002,LOU,KY,ASO,CE,Towers with Display (VFR),0,2,33,0,35,0,1,163,0,164,0,3,196,0,199,208,0,208,407
12/16/2002,LOU,KY,ASO,CE,Towers with Display (VFR),0,6,27,0,33,0,5,129,2,136,0,11,156,2,169,226,0,226,395
12/17/2002,LOU,KY,ASO,CE,Towers with Display (VFR),0,8,40,0,48,0,1,12,0,13,0,9,52,0,61,2,0,2,63
12/18/2002,LOU,KY,ASO,CE,Towers with Display (VFR),0,5,21,0,26,0,2,51,0,53,0,7,72,0,79,112,0,112,191
12/19/2002,LOU,KY,ASO,CE,Towers with Display (VFR),0,6,37,0,43,0,2,5,0,7,0,8,42,0,50,24,0,24,74
12/20/2002,LOU,KY,ASO,CE,Towers with Display (VFR),0,5,18,0,23,0,1,93,0,94,0,6,111,0,117,98,0,98,215
12/21/2002,LOU,KY,ASO,CE,Towers with Display (VFR),0,4,21,0,25,0,2,145,0,147,0,6,166,0,172,238,0,238,410
12/22/2002,LOU,KY,ASO,CE,Towers with Display (VFR),0,1,17,0,18,0,1,63,0,64,0,2,80,0,82,78,0,78,160
12/23/2002,LOU,KY,ASO,CE,Towers with Display (VFR),0,6,27,0,33,0,1,160,0,161,0,7,187,0,194,306,0,306,500
12/24/2002,LOU,KY,ASO,CE,Towers with Display (VFR),0,7,7,0,14,0,0,3,0,3,0,7,10,0,17,0,0,0,17
12/25/2002,LOU,KY,ASO,CE,Towers with Display (VFR),0,1,3,0,4,0,0,8,0,8,0,1,11,0,12,6,0,6,18
12/26/2002,LOU,KY,ASO,CE,Towers with Display (VFR),0,7,29,0,36,0,1,65,1,67,0,8,94,1,103,70,0,70,173
12/27/2002,LOU,KY,ASO,CE,Towers with Display (VFR),0,8,23,0,31,0,1,100,0,101,0,9,123,0,132,216,0,216,348
12/28/2002,LOU,KY,ASO,CE,Towers with Display (VFR),0,7,21,0,28,0,0,144,0,144,0,7,165,0,172,178,0,178,350
12/29/2002,LOU,KY,ASO,CE,Towers with Display (VFR),0,2,32,0,34,0,2,209,2,213,0,4,241,2,247,324,4,328,575
12/30/2002,LOU,KY,ASO,CE,Towers with Display (VFR),0,3,26,0,29,0,2,32,1,35,0,5,58,1,64,66,0,66,130
12/31/2002,LOU,KY,ASO,CE,Towers with Display (VFR),0,6,5,0,11,0,0,31,0,31,0,6,36,0,42,7,0,7,49
01/01/2003,LOU,KY,ASO,CE,Towers with Display (VFR),0,2,12,0,14,0,2,0,0,2,0,4,12,0,16,26,0,26,42
01/02/2003,LOU,KY,ASO,CE,Towers with Display (VFR),0,3,15,0,18,0,0,0,0,0,0,3,15,0,18,0,0,0,18
01/03/2003,LOU,KY,ASO,CE,Towers with Display (VFR),0,6,16,0,22,0,0,27,0,27,0,6,43,0,49,196,0,196,245
01/04/2003,LOU,KY,ASO,CE,Towers with Display (VFR),0,5,33,0,38,0,0,196,1,197,0,5,229,1,235,184,0,184,419
01/05/2003,LOU,KY,ASO,CE,Towers with Display (VFR),0,1,21,0,22,0,0,51,3,54,0,1,72,3,76,202,0,202,278
01/06/2003,LOU,KY,ASO,CE,Towers with Display (VFR),0,4,15,0,19,0,3,45,0,48,0,7,60,0,67,106,0,106,173
01/07/2003,LOU,KY,ASO,CE,Towers with Display (VFR),0,7,34,0,41,0,1,73,1,75,0,8,107,1,116,210,0,210,326
01/08/2003,LOU,KY,ASO,CE,Towers with Display (VFR),0,10,40,0,50,0,3,124,1,128,0,13,164,1,178,194,10,204,382
01/09/2003,LOU,KY,ASO,CE,Towers with Display (VFR),0,6,24,0,30,0,7,153,2,162,0,13,177,2,192,178,0,178,370
01/10/2003,LOU,KY,ASO,CE,Towers with Display (VFR),0,7,31,0,38,0,0,65,0,65,0,7,96,0,103,100,0,100,203
01/11/2003,LOU,KY,ASO,CE,Towers with Display (VFR),0,3,27,0,30,0,0,128,0,128,0,3,155,0,158,246,0,246,404
01/12/2003,LOU,KY,ASO,CE,Towers with Display (VFR),0,0,29,0,29,0,2,141,0,143,0,2,170,0,172,334,0,334,506
01/13/2003,LOU,KY,ASO,CE,Towers with Display (VFR),0,4,35,0,39,0,0,79,0,79,0,4,114,0,118,210,0,210,328
01/14/2003,LOU,KY,ASO,CE,Towers with Display (VFR),0,6,39,0,45,0,0,46,0,46,0,6,85,0,91,78,0,78,169
01/15/2003,LOU,KY,ASO,CE,Towers with Display (VFR),0,6,30,0,36,0,1,99,0,100,0,7,129,0,136,272,0,272,408
01/16/2003,LOU,KY,ASO,CE,Towers with Display (VFR),0,9,15,0,24,0,3,20,0,23,0,12,35,0,47,20,0,20,67
01/17/2003,LOU,KY,ASO,CE,Towers with Display (VFR),0,7,22,0,29,0,0,83,0,83,0,7,105,0,112,94,0,94,206
01/18/2003,LOU,KY,ASO,CE,Towers with Display (VFR),0,3,21,0,24,0,0,73,0,73,0,3,94,0,97,110,0,110,207
01/19/2003,LOU,KY,ASO,CE,Towers with Display (VFR),0,1,18,0,19,0,0,65,0,65,0,1,83,0,84,92,0,92,176
01/20/2003,LOU,KY,ASO,CE,Towers with Display (VFR),0,1,25,0,26,0,3,127,0,130,0,4,152,0,156,370,0,370,526
01/21/2003,LOU,KY,ASO,CE,Towers with Display (VFR),0,9,30,0,39,0,0,98,1,99,0,9,128,1,138,220,0,220,358
01/22/2003,LOU,KY,ASO,CE,Towers with Display (VFR),0,6,33,0,39,0,1,44,0,45,0,7,77,0,84,162,0,162,246
01/23/2003,LOU,KY,ASO,CE,Towers with Display (VFR),0,10,23,0,33,0,0,43,2,45,0,10,66,2,78,46,0,46,124
01/24/2003,LOU,KY,ASO,CE,Towers with Display (VFR),0,6,26,1,33,0,0,56,0,56,0,6,82,1,89,134,0,134,223
01/25/2003,LOU,KY,ASO,CE,Towers with Display (VFR),0,6,24,0,30,0,0,138,0,138,0,6,162,0,168,272,0,272,440
01/26/2003,LOU,KY,ASO,CE,Towers with Display (VFR),0,2,5,1,8,0,0,12,0,12,0,2,17,1,20,34,0,34,54
01/27/2003,LOU,KY,ASO,CE,Towers with Display (VFR),0,9,24,0,33,0,1,56,0,57,0,10,80,0,90,88,0,88,178
01/28/2003,LOU,KY,ASO,CE,Towers with Display (VFR),0,14,39,0,53,0,5,71,0,76,0,19,110,0,129,192,0,192,321
01/29/2003,LOU,KY,ASO,CE,Towers with Display (VFR),0,6,25,0,31,0,1,9,0,10,0,7,34,0,41,28,0,28,69
01/30/2003,LOU,KY,ASO,CE,Towers with Display (VFR),0,11,34,0,45,0,1,83,0,84,0,12,117,0,129,196,4,200,329
01/31/2003,LOU,KY,ASO,CE,Towers with Display (VFR),0,13,20,0,33,0,0,42,1,43,0,13,62,1,76,118,0,118,194
02/01/2003,LOU,KY,ASO,CE,Towers with Display (VFR),0,8,23,0,31,0,0,54,2,56,0,8,77,2,87,268,2,270,357
02/02/2003,LOU,KY,ASO,CE,Towers with Display (VFR),0,0,17,0,17,0,4,243,1,248,0,4,260,1,265,262,4,266,531
02/03/2003,LOU,KY,ASO,CE,Towers with Display (VFR),0,10,18,0,28,0,4,29,0,33,0,14,47,0,61,72,0,72,133
02/04/2003,LOU,KY,ASO,CE,Towers with Display (VFR),0,9,18,0,27,0,1,39,0,40,0,10,57,0,67,38,0,38,105
02/05/2003,LOU,KY,ASO,CE,Towers with Display (VFR),0,6,32,0,38,0,2,132,0,134,0,8,164,0,172,162,0,162,334
02/06/2003,LOU,KY,ASO,CE,Towers with Display (VFR),0,8,21,0,29,0,2,39,0,41,0,10,60,0,70,146,0,146,216
02/07/2003,LOU,KY,ASO,CE,Towers with Display (VFR),0,10,24,0,34,0,0,40,0,40,0,10,64,0,74,126,0,126,200
02/08/2003,LOU,KY,ASO,CE,Towers with Display (VFR),0,6,19,0,25,0,0,115,0,115,0,6,134,0,140,186,0,186,326
02/09/2003,LOU,KY,ASO,CE,Towers with Display (VFR),0,0,20,0,20,0,0,104,0,104,0,0,124,0,124,354,0,354,478
02/10/2003,LOU,KY,ASO,CE,Towers with Display (VFR),0,12,17,0,29,0,3,23,0,26,0,15,40,0,55,34,0,34,89
02/11/2003,LOU,KY,ASO,CE,Towers with Display (VFR),0,9,33,0,42,0,3,66,0,69,0,12,99,0,111,100,0,100,211
02/12/2003,LOU,KY,ASO,CE,Towers with Display (VFR),0,6,33,0,39,0,0,111,0,111,0,6,144,0,150,146,0,146,296
02/13/2003,LOU,KY,ASO,CE,Towers with Display (VFR),0,7,46,0,53,0,3,138,1,142,0,10,184,1,195,150,0,150,345
02/14/2003,LOU,KY,ASO,CE,Towers with Display (VFR),0,6,30,0,36,0,0,5,0,5,0,6,35,0,41,12,0,12,53
02/15/2003,LOU,KY,ASO,CE,Towers with Display (VFR),0,2,7,0,9,0,0,1,0,1,0,2,8,0,10,0,0,0,10
02/16/2003,LOU,KY,ASO,CE,Towers with Display (VFR),0,0,0,0,0,0,0,0,0,0,0,0,0,0,0,0,0,0,0
02/17/2003,LOU,KY,ASO,CE,Towers with Display (VFR),0,1,11,0,12,0,3,14,0,17,0,4,25,0,29,30,0,30,59
02/18/2003,LOU,KY,ASO,CE,Towers with Display (VFR),0,9,40,0,49,0,2,9,0,11,0,11,49,0,60,4,0,4,64
02/19/2003,LOU,KY,ASO,CE,Towers with Display (VFR),0,8,15,0,23,0,0,0,0,0,0,8,15,0,23,0,0,0,23
02/20/2003,LOU,KY,ASO,CE,Towers with Display (VFR),0,6,59,0,65,0,2,80,2,84,0,8,139,2,149,102,0,102,251
02/21/2003,LOU,KY,ASO,CE,Towers with Display (VFR),0,6,11,0,17,0,0,4,0,4,0,6,15,0,21,0,0,0,21
02/22/2003,LOU,KY,ASO,CE,Towers with Display (VFR),0,0,7,0,7,0,0,0,0,0,0,0,7,0,7,0,0,0,7
02/23/2003,LOU,KY,ASO,CE,Towers with Display (VFR),0,5,26,0,31,0,0,46,0,46,0,5,72,0,77,140,0,140,217
02/24/2003,LOU,KY,ASO,CE,Towers with Display (VFR),0,4,18,0,22,0,1,49,0,50,0,5,67,0,72,128,0,128,200
02/25/2003,LOU,KY,ASO,CE,Towers with Display (VFR),0,7,22,0,29,0,0,100,2,102,0,7,122,2,131,136,0,136,267
02/26/2003,LOU,KY,ASO,CE,Towers with Display (VFR),0,6,20,0,26,0,2,39,0,41,0,8,59,0,67,38,0,38,105
02/27/2003,LOU,KY,ASO,CE,Towers with Display (VFR),0,11,18,0,29,0,1,18,0,19,0,12,36,0,48,118,0,118,166
02/28/2003,LOU,KY,ASO,CE,Towers with Display (VFR),0,10,27,0,37,0,0,16,0,16,0,10,43,0,53,66,0,66,119
03/01/2003,LOU,KY,ASO,CE,Towers with Display (VFR),0,3,21,0,24,0,0,51,0,51,0,3,72,0,75,248,0,248,323
03/02/2003,LOU,KY,ASO,CE,Towers with Display (VFR),0,0,14,0,14,0,0,29,0,29,0,0,43,0,43,122,0,122,165
03/03/2003,LOU,KY,ASO,CE,Towers with Display (VFR),0,4,31,0,35,0,0,141,0,141,0,4,172,0,176,298,0,298,474
03/04/2003,LOU,KY,ASO,CE,Towers with Display (VFR),0,7,31,0,38,0,0,141,0,141,0,7,172,0,179,158,0,158,337
03/05/2003,LOU,KY,ASO,CE,Towers with Display (VFR),0,5,27,0,32,0,2,13,1,16,0,7,40,1,48,4,0,4,52
03/06/2003,LOU,KY,ASO,CE,Towers with Display (VFR),0,5,44,0,49,0,1,58,0,59,0,6,102,0,108,90,0,90,198
03/07/2003,LOU,KY,ASO,CE,Towers with Display (VFR),0,10,31,2,43,0,2,193,0,195,0,12,224,2,238,250,0,250,488
03/08/2003,LOU,KY,ASO,CE,Towers with Display (VFR),0,3,23,0,26,0,1,126,1,128,0,4,149,1,154,140,0,140,294
03/09/2003,LOU,KY,ASO,CE,Towers with Display (VFR),0,2,31,0,33,0,1,170,0,171,0,3,201,0,204,214,0,214,418
03/10/2003,LOU,KY,ASO,CE,Towers with Display (VFR),0,4,30,0,34,0,3,112,0,115,0,7,142,0,149,194,0,194,343
03/11/2003,LOU,KY,ASO,CE,Towers with Display (VFR),0,7,38,1,46,0,4,125,1,130,0,11,163,2,176,234,0,234,410
03/12/2003,LOU,KY,ASO,CE,Towers with Display (VFR),0,8,51,0,59,0,1,61,0,62,0,9,112,0,121,166,0,166,287
03/13/2003,LOU,KY,ASO,CE,Towers with Display (VFR),0,9,45,0,54,0,0,15,0,15,0,9,60,0,69,40,0,40,109
03/14/2003,LOU,KY,ASO,CE,Towers with Display (VFR),0,8,52,0,60,0,1,115,0,116,0,9,167,0,176,212,0,212,388
03/15/2003,LOU,KY,ASO,CE,Towers with Display (VFR),0,5,25,0,30,0,0,174,0,174,0,5,199,0,204,382,0,382,586
03/16/2003,LOU,KY,ASO,CE,Towers with Display (VFR),0,0,28,0,28,0,2,181,0,183,0,2,209,0,211,354,0,354,565
03/17/2003,LOU,KY,ASO,CE,Towers with Display (VFR),0,3,35,0,38,0,3,136,0,139,0,6,171,0,177,254,0,254,431
03/18/2003,LOU,KY,ASO,CE,Towers with Display (VFR),0,8,29,0,37,0,0,37,0,37,0,8,66,0,74,136,0,136,210
03/19/2003,LOU,KY,ASO,CE,Towers with Display (VFR),0,8,18,0,26,0,0,39,0,39,0,8,57,0,65,30,0,30,95
03/20/2003,LOU,KY,ASO,CE,Towers with Display (VFR),0,8,30,0,38,0,8,81,5,94,0,16,111,5,132,185,0,185,317
03/21/2003,LOU,KY,ASO,CE,Towers with Display (VFR),0,8,50,0,58,0,0,30,0,30,0,8,80,0,88,96,0,96,184
03/22/2003,LOU,KY,ASO,CE,Towers with Display (VFR),0,5,28,0,33,0,0,193,1,194,0,5,221,1,227,220,0,220,447
03/23/2003,LOU,KY,ASO,CE,Towers with Display (VFR),0,2,41,0,43,0,4,191,0,195,0,6,232,0,238,396,0,396,634
03/24/2003,LOU,KY,ASO,CE,Towers with Display (VFR),0,8,18,0,26,0,0,125,2,127,0,8,143,2,153,142,0,142,295
03/25/2003,LOU,KY,ASO,CE,Towers with Display (VFR),0,10,34,0,44,0,4,81,0,85,0,14,115,0,129,144,0,144,273
03/26/2003,LOU,KY,ASO,CE,Towers with Display (VFR),0,10,37,0,47,0,4,135,0,139,0,14,172,0,186,276,0,276,462
03/27/2003,LOU,KY,ASO,CE,Towers with Display (VFR),0,4,33,0,37,0,2,131,0,133,0,6,164,0,170,204,0,204,374
03/28/2003,LOU,KY,ASO,CE,Towers with Display (VFR),0,9,26,0,35,0,0,40,0,40,0,9,66,0,75,18,0,18,93
03/29/2003,LOU,KY,ASO,CE,Towers with Display (VFR),0,3,22,0,25,0,0,93,0,93,0,3,115,0,118,174,0,174,292
03/30/2003,LOU,KY,ASO,CE,Towers with Display (VFR),0,0,16,1,17,0,1,124,1,126,0,1,140,2,143,158,0,158,301
03/31/2003,LOU,KY,ASO,CE,Towers with Display (VFR),0,6,30,0,36,0,6,89,0,95,0,12,119,0,131,72,0,72,203
04/01/2003,LOU,KY,ASO,CE,Towers with Display (VFR),0,5,29,0,34,0,5,65,0,70,0,10,94,0,104,24,0,24,128
04/02/2003,LOU,KY,ASO,CE,Towers with Display (VFR),0,8,35,0,43,0,3,97,0,100,0,11,132,0,143,148,0,148,291
04/03/2003,LOU,KY,ASO,CE,Towers with Display (VFR),0,7,36,2,45,0,4,98,0,102,0,11,134,2,147,117,2,119,266
04/04/2003,LOU,KY,ASO,CE,Towers with Display (VFR),0,4,42,0,46,0,2,41,0,43,0,6,83,0,89,48,0,48,137
04/05/2003,LOU,KY,ASO,CE,Towers with Display (VFR),0,1,47,0,48,0,2,45,0,47,0,3,92,0,95,178,0,178,273
04/06/2003,LOU,KY,ASO,CE,Towers with Display (VFR),0,0,29,1,30,0,1,60,2,63,0,1,89,3,93,116,0,116,209
04/07/2003,LOU,KY,ASO,CE,Towers with Display (VFR),0,6,22,0,28,0,7,67,0,74,0,13,89,0,102,152,0,152,254
04/08/2003,LOU,KY,ASO,CE,Towers with Display (VFR),0,9,32,0,41,0,6,29,0,35,0,15,61,0,76,136,0,136,212
04/09/2003,LOU,KY,ASO,CE,Towers with Display (VFR),0,7,35,0,42,0,1,0,0,1,0,8,35,0,43,0,0,0,43
04/10/2003,LOU,KY,ASO,CE,Towers with Display (VFR),0,5,40,0,45,0,1,80,0,81,0,6,120,0,126,152,0,152,278
04/11/2003,LOU,KY,ASO,CE,Towers with Display (VFR),0,6,51,0,57,0,1,222,8,231,0,7,273,8,288,272,0,272,560
04/12/2003,LOU,KY,ASO,CE,Towers with Display (VFR),0,3,30,0,33,0,2,186,10,198,0,5,216,10,231,224,2,226,457
04/13/2003,LOU,KY,ASO,CE,Towers with Display (VFR),0,0,30,2,32,0,1,221,4,226,0,1,251,6,258,406,0,406,664
04/14/2003,LOU,KY,ASO,CE,Towers with Display (VFR),0,5,26,1,32,0,8,156,1,165,0,13,182,2,197,174,0,174,371
04/15/2003,LOU,KY,ASO,CE,Towers with Display (VFR),0,8,31,0,39,0,7,127,1,135,0,15,158,1,174,112,0,112,286
04/16/2003,LOU,KY,ASO,CE,Towers with Display (VFR),0,13,47,0,60,0,2,89,0,91,0,15,136,0,151,120,0,120,271
04/17/2003,LOU,KY,ASO,CE,Towers with Display (VFR),0,7,57,0,64,0,1,22,0,23,0,8,79,0,87,66,0,66,153
04/18/2003,LOU,KY,ASO,CE,Towers with Display (VFR),0,7,46,0,53,0,1,71,0,72,0,8,117,0,125,348,0,348,473
04/19/2003,LOU,KY,ASO,CE,Towers with Display (VFR),0,2,27,0,29,0,1,176,0,177,0,3,203,0,206,428,0,428,634
04/20/2003,LOU,KY,ASO,CE,Towers with Display (VFR),0,1,13,0,14,0,1,30,0,31,0,2,43,0,45,47,0,47,92
04/21/2003,LOU,KY,ASO,CE,Towers with Display (VFR),0,6,40,0,46,0,3,100,3,106,0,9,140,3,152,172,0,172,324
04/22/2003,LOU,KY,ASO,CE,Towers with Display (VFR),0,12,9,0,21,0,0,129,1,130,0,12,138,1,151,142,0,142,293
04/23/2003,LOU,KY,ASO,CE,Towers with Display (VFR),0,7,65,1,73,0,4,217,3,224,0,11,282,4,297,382,0,382,679
04/24/2003,LOU,KY,ASO,CE,Towers with Display (VFR),0,11,35,0,46,0,3,110,2,115,0,14,145,2,161,196,0,196,357
04/25/2003,LOU,KY,ASO,CE,Towers with Display (VFR),0,8,38,0,46,0,0,12,0,12,0,8,50,0,58,50,0,50,108
04/26/2003,LOU,KY,ASO,CE,Towers with Display (VFR),0,6,23,0,29,0,0,159,0,159,0,6,182,0,188,174,0,174,362
04/27/2003,LOU,KY,ASO,CE,Towers with Display (VFR),0,0,32,0,32,0,2,212,3,217,0,2,244,3,249,330,0,330,579
04/28/2003,LOU,KY,ASO,CE,Towers with Display (VFR),0,5,28,2,35,0,0,163,2,165,0,5,191,4,200,140,0,140,340
04/29/2003,LOU,KY,ASO,CE,Towers with Display (VFR),0,7,40,0,47,0,6,151,0,157,0,13,191,0,204,274,0,274,478
04/30/2003,LOU,KY,ASO,CE,Towers with Display (VFR),0,6,32,0,38,0,2,97,0,99,0,8,129,0,137,196,0,196,333
05/01/2003,LOU,KY,ASO,CE,Towers with Display (VFR),0,5,58,0,63,0,4,89,6,99,0,9,147,6,162,144,0,144,306
05/02/2003,LOU,KY,ASO,CE,Towers with Display (VFR),0,11,59,0,70,0,3,74,11,88,0,14,133,11,158,242,0,242,400
05/03/2003,LOU,KY,ASO,CE,Towers with Display (VFR),0,8,40,0,48,0,3,107,12,122,0,11,147,12,170,278,0,278,448
05/04/2003,LOU,KY,ASO,CE,Towers with Display (VFR),0,5,53,0,58,0,0,170,5,175,0,5,223,5,233,130,0,130,363
05/05/2003,LOU,KY,ASO,CE,Towers with Display (VFR),0,7,13,0,20,0,5,24,0,29,0,12,37,0,49,98,0,98,147
05/06/2003,LOU,KY,ASO,CE,Towers with Display (VFR),0,9,42,0,51,0,5,76,2,83,0,14,118,2,134,248,0,248,382
05/07/2003,LOU,KY,ASO,CE,Towers with Display (VFR),0,10,36,2,48,0,4,57,1,62,0,14,93,3,110,228,0,228,338
05/08/2003,LOU,KY,ASO,CE,Towers with Display (VFR),0,8,44,1,53,0,3,117,1,121,0,11,161,2,174,356,0,356,530
05/09/2003,LOU,KY,ASO,CE,Towers with Display (VFR),0,5,22,0,27,0,2,63,1,66,0,7,85,1,93,34,0,34,127
05/10/2003,LOU,KY,ASO,CE,Towers with Display (VFR),0,2,33,0,35,0,1,86,0,87,0,3,119,0,122,170,0,170,292
05/11/2003,LOU,KY,ASO,CE,Towers with Display (VFR),0,2,17,0,19,0,2,30,0,32,0,4,47,0,51,14,0,14,65
05/12/2003,LOU,KY,ASO,CE,Towers with Display (VFR),0,8,25,0,33,0,3,68,0,71,0,11,93,0,104,84,0,84,188
05/13/2003,LOU,KY,ASO,CE,Towers with Display (VFR),0,13,39,1,53,0,4,194,1,199,0,17,233,2,252,290,0,290,542
05/14/2003,LOU,KY,ASO,CE,Towers with Display (VFR),0,8,47,1,56,0,2,138,0,140,0,10,185,1,196,316,0,316,512
05/15/2003,LOU,KY,ASO,CE,Towers with Display (VFR),0,7,45,0,52,0,0,96,2,98,0,7,141,2,150,196,0,196,346
05/16/2003,LOU,KY,ASO,CE,Towers with Display (VFR),0,9,65,0,74,0,1,136,3,140,0,10,201,3,214,186,0,186,400
05/17/2003,LOU,KY,ASO,CE,Towers with Display (VFR),0,4,25,0,29,0,0,22,0,22,0,4,47,0,51,52,0,52,103
05/18/2003,LOU,KY,ASO,CE,Towers with Display (VFR),0,1,45,0,46,0,0,78,2,80,0,1,123,2,126,70,0,70,196
05/19/2003,LOU,KY,ASO,CE,Towers with Display (VFR),0,2,42,0,44,0,5,83,1,89,0,7,125,1,133,212,0,212,345
05/20/2003,LOU,KY,ASO,CE,Towers with Display (VFR),0,9,44,0,53,0,0,21,0,21,0,9,65,0,74,72,0,72,146
05/21/2003,LOU,KY,ASO,CE,Towers with Display (VFR),0,7,48,2,57,0,2,132,0,134,0,9,180,2,191,280,0,280,471
05/22/2003,LOU,KY,ASO,CE,Towers with Display (VFR),0,10,55,0,65,0,3,144,0,147,0,13,199,0,212,232,0,232,444
05/23/2003,LOU,KY,ASO,CE,Towers with Display (VFR),0,8,45,0,53,0,2,186,1,189,0,10,231,1,242,234,0,234,476
05/24/2003,LOU,KY,ASO,CE,Towers with Display (VFR),0,4,14,0,18,0,1,162,0,163,0,5,176,0,181,348,0,348,529
05/25/2003,LOU,KY,ASO,CE,Towers with Display (VFR),0,3,32,1,36,0,0,35,0,35,0,3,67,1,71,78,0,78,149
05/26/2003,LOU,KY,ASO,CE,Towers with Display (VFR),0,1,52,0,53,0,1,121,0,122,0,2,173,0,175,186,0,186,361
05/27/2003,LOU,KY,ASO,CE,Towers with Display (VFR),0,5,38,0,43,0,1,143,1,145,0,6,181,1,188,226,0,226,414
05/28/2003,LOU,KY,ASO,CE,Towers with Display (VFR),0,6,33,0,39,0,0,153,3,156,0,6,186,3,195,132,0,132,327
05/29/2003,LOU,KY,ASO,CE,Towers with Display (VFR),0,8,51,0,59,0,0,85,0,85,0,8,136,0,144,156,2,158,302
05/30/2003,LOU,KY,ASO,CE,Towers with Display (VFR),0,7,62,2,71,0,0,167,0,167,0,7,229,2,238,248,0,248,486
05/31/2003,LOU,KY,ASO,CE,Towers with Display (VFR),0,4,26,0,30,0,0,43,0,43,0,4,69,0,73,38,0,38,111
06/01/2003,LOU,KY,ASO,CE,Towers with Display (VFR),0,0,46,1,47,0,1,223,0,224,0,1,269,1,271,266,0,266,537
06/02/2003,LOU,KY,ASO,CE,Towers with Display (VFR),0,4,41,0,45,0,2,136,7,145,0,6,177,7,190,252,2,254,444
06/03/2003,LOU,KY,ASO,CE,Towers with Display (VFR),0,5,23,1,29,0,0,13,1,14,0,5,36,2,43,36,0,36,79
06/04/2003,LOU,KY,ASO,CE,Towers with Display (VFR),0,11,68,2,81,0,1,67,0,68,0,12,135,2,149,406,2,408,557
06/05/2003,LOU,KY,ASO,CE,Towers with Display (VFR),0,6,47,1,54,0,4,225,0,229,0,10,272,1,283,274,0,274,557
06/06/2003,LOU,KY,ASO,CE,Towers with Display (VFR),0,7,42,1,50,0,0,101,0,101,0,7,143,1,151,346,0,346,497
06/07/2003,LOU,KY,ASO,CE,Towers with Display (VFR),0,3,40,0,43,0,0,71,0,71,0,3,111,0,114,254,0,254,368
06/08/2003,LOU,KY,ASO,CE,Towers with Display (VFR),0,0,39,0,39,0,0,99,1,100,0,0,138,1,139,158,10,168,307
06/09/2003,LOU,KY,ASO,CE,Towers with Display (VFR),0,6,45,0,51,0,0,208,3,211,0,6,253,3,262,264,0,264,526
06/10/2003,LOU,KY,ASO,CE,Towers with Display (VFR),0,13,39,0,52,0,0,127,3,130,0,13,166,3,182,146,0,146,328
06/11/2003,LOU,KY,ASO,CE,Towers with Display (VFR),0,8,22,1,31,0,0,57,0,57,0,8,79,1,88,72,2,74,162
06/12/2003,LOU,KY,ASO,CE,Towers with Display (VFR),0,10,40,2,52,0,2,61,0,63,0,12,101,2,115,80,0,80,195
06/13/2003,LOU,KY,ASO,CE,Towers with Display (VFR),0,6,50,0,56,0,1,77,0,78,0,7,127,0,134,406,0,406,540
06/14/2003,LOU,KY,ASO,CE,Towers with Display (VFR),0,5,41,1,47,0,0,104,0,104,0,5,145,1,151,160,8,168,319
06/15/2003,LOU,KY,ASO,CE,Towers with Display (VFR),0,2,30,4,36,0,0,43,1,44,0,2,73,5,80,28,0,28,108
06/16/2003,LOU,KY,ASO,CE,Towers with Display (VFR),0,2,52,1,55,0,0,65,0,65,0,2,117,1,120,438,0,438,558
06/17/2003,LOU,KY,ASO,CE,Towers with Display (VFR),0,2,43,0,45,0,1,60,0,61,0,3,103,0,106,218,0,218,324
06/18/2003,LOU,KY,ASO,CE,Towers with Display (VFR),0,4,53,1,58,0,3,116,1,120,0,7,169,2,178,102,4,106,284
06/19/2003,LOU,KY,ASO,CE,Towers with Display (VFR),0,6,62,0,68,0,3,97,1,101,0,9,159,1,169,218,0,218,387
06/20/2003,LOU,KY,ASO,CE,Towers with Display (VFR),0,7,47,1,55,0,3,204,0,207,0,10,251,1,262,266,2,268,530
06/21/2003,LOU,KY,ASO,CE,Towers with Display (VFR),0,2,34,0,36,0,0,223,0,223,0,2,257,0,259,132,0,132,391
06/22/2003,LOU,KY,ASO,CE,Towers with Display (VFR),0,0,39,0,39,0,3,217,1,221,0,3,256,1,260,238,0,238,498
06/23/2003,LOU,KY,ASO,CE,Towers with Display (VFR),0,4,42,0,46,0,3,153,2,158,0,7,195,2,204,186,0,186,390
06/24/2003,LOU,KY,ASO,CE,Towers with Display (VFR),0,10,54,0,64,0,1,171,2,174,0,11,225,2,238,268,0,268,506
06/25/2003,LOU,KY,ASO,CE,Towers with Display (VFR),0,5,34,0,39,0,1,166,0,167,0,6,200,0,206,218,16,234,440
06/26/2003,LOU,KY,ASO,CE,Towers with Display (VFR),0,8,47,1,56,0,0,72,0,72,0,8,119,1,128,60,0,60,188
06/27/2003,LOU,KY,ASO,CE,Towers with Display (VFR),0,12,31,0,43,0,0,222,3,225,0,12,253,3,268,304,0,304,572
06/28/2003,LOU,KY,ASO,CE,Towers with Display (VFR),0,3,33,0,36,0,0,197,2,199,0,3,230,2,235,160,0,160,395
06/29/2003,LOU,KY,ASO,CE,Towers with Display (VFR),0,1,40,1,42,0,0,218,1,219,0,1,258,2,261,344,0,344,605
06/30/2003,LOU,KY,ASO,CE,Towers with Display (VFR),0,7,37,0,44,0,1,126,1,128,0,8,163,1,172,230,0,230,402
07/01/2003,LOU,KY,ASO,CE,Towers with Display (VFR),0,6,57,2,65,0,3,104,0,107,0,9,161,2,172,134,2,136,308
07/02/2003,LOU,KY,ASO,CE,Towers with Display (VFR),0,4,48,1,53,0,2,141,0,143,0,6,189,1,196,244,0,244,440
07/03/2003,LOU,KY,ASO,CE,Towers with Display (VFR),0,6,50,0,56,0,0,133,1,134,0,6,183,1,190,144,0,144,334
07/04/2003,LOU,KY,ASO,CE,Towers with Display (VFR),0,2,30,0,32,0,0,108,0,108,0,2,138,0,140,170,0,170,310
07/05/2003,LOU,KY,ASO,CE,Towers with Display (VFR),0,2,31,0,33,0,0,142,0,142,0,2,173,0,175,246,0,246,421
07/06/2003,LOU,KY,ASO,CE,Towers with Display (VFR),0,0,56,0,56,0,1,93,0,94,0,1,149,0,150,90,0,90,240
07/07/2003,LOU,KY,ASO,CE,Towers with Display (VFR),0,8,54,1,63,0,4,124,0,128,0,12,178,1,191,378,0,378,569
07/08/2003,LOU,KY,ASO,CE,Towers with Display (VFR),0,8,32,0,40,0,1,84,1,86,0,9,116,1,126,155,0,155,281
07/09/2003,LOU,KY,ASO,CE,Towers with Display (VFR),0,9,23,0,32,0,2,70,1,73,0,11,93,1,105,294,0,294,399
07/10/2003,LOU,KY,ASO,CE,Towers with Display (VFR),0,8,31,0,39,0,3,75,2,80,0,11,106,2,119,147,0,147,266
07/11/2003,LOU,KY,ASO,CE,Towers with Display (VFR),0,8,47,1,56,0,4,146,2,152,0,12,193,3,208,206,0,206,414
07/12/2003,LOU,KY,ASO,CE,Towers with Display (VFR),0,2,28,0,30,0,3,230,2,235,0,5,258,2,265,190,0,190,455
07/13/2003,LOU,KY,ASO,CE,Towers with Display (VFR),0,0,34,0,34,0,2,195,4,201,0,2,229,4,235,290,4,294,529
07/14/2003,LOU,KY,ASO,CE,Towers with Display (VFR),0,4,25,0,29,0,4,148,3,155,0,8,173,3,184,344,0,344,528
07/15/2003,LOU,KY,ASO,CE,Towers with Display (VFR),0,6,49,0,55,0,1,108,0,109,0,7,157,0,164,124,0,124,288
07/16/2003,LOU,KY,ASO,CE,Towers with Display (VFR),0,9,60,1,70,0,1,153,3,157,0,10,213,4,227,200,0,200,427
07/17/2003,LOU,KY,ASO,CE,Towers with Display (VFR),0,6,42,0,48,0,2,159,0,161,0,8,201,0,209,298,2,300,509
07/18/2003,LOU,KY,ASO,CE,Towers with Display (VFR),0,7,37,0,44,0,2,151,0,153,0,9,188,0,197,262,0,262,459
07/19/2003,LOU,KY,ASO,CE,Towers with Display (VFR),0,2,51,0,53,0,0,135,2,137,0,2,186,2,190,170,0,170,360
07/20/2003,LOU,KY,ASO,CE,Towers with Display (VFR),0,4,32,0,36,0,0,179,1,180,0,4,211,1,216,216,0,216,432
07/21/2003,LOU,KY,ASO,CE,Towers with Display (VFR),0,2,18,0,20,0,4,38,2,44,0,6,56,2,64,108,0,108,172
07/22/2003,LOU,KY,ASO,CE,Towers with Display (VFR),0,7,33,0,40,0,0,98,3,101,0,7,131,3,141,284,0,284,425
07/23/2003,LOU,KY,ASO,CE,Towers with Display (VFR),0,9,45,1,55,0,1,89,1,91,0,10,134,2,146,264,0,264,410
07/24/2003,LOU,KY,ASO,CE,Towers with Display (VFR),0,12,30,0,42,0,2,241,0,243,0,14,271,0,285,354,0,354,639
07/25/2003,LOU,KY,ASO,CE,Towers with Display (VFR),0,4,39,1,44,0,4,219,0,223,0,8,258,1,267,264,0,264,531
07/26/2003,LOU,KY,ASO,CE,Towers with Display (VFR),0,3,28,0,31,0,1,195,0,196,0,4,223,0,227,212,0,212,439
07/27/2003,LOU,KY,ASO,CE,Towers with Display (VFR),0,3,43,0,46,0,2,112,0,114,0,5,155,0,160,152,0,152,312
07/28/2003,LOU,KY,ASO,CE,Towers with Display (VFR),0,5,36,0,41,0,2,41,0,43,0,7,77,0,84,176,0,176,260
07/29/2003,LOU,KY,ASO,CE,Towers with Display (VFR),0,6,49,2,57,0,5,139,0,144,0,11,188,2,201,292,0,292,493
07/30/2003,LOU,KY,ASO,CE,Towers with Display (VFR),0,6,43,4,53,0,0,159,0,159,0,6,202,4,212,442,0,442,654
07/31/2003,LOU,KY,ASO,CE,Towers with Display (VFR),0,4,59,0,63,0,6,92,0,98,0,10,151,0,161,282,2,284,445
08/01/2003,LOU,KY,ASO,CE,Towers with Display (VFR),0,3,46,0,49,0,2,122,0,124,0,5,168,0,173,220,0,220,393
08/02/2003,LOU,KY,ASO,CE,Towers with Display (VFR),0,1,42,0,43,0,3,48,0,51,0,4,90,0,94,78,0,78,172
08/03/2003,LOU,KY,ASO,CE,Towers with Display (VFR),0,0,45,2,47,0,2,118,1,121,0,2,163,3,168,120,0,120,288
08/04/2003,LOU,KY,ASO,CE,Towers with Display (VFR),0,1,45,0,46,0,3,41,1,45,0,4,86,1,91,108,0,108,199
08/05/2003,LOU,KY,ASO,CE,Towers with Display (VFR),0,2,53,0,55,0,7,154,0,161,0,9,207,0,216,290,0,290,506
08/06/2003,LOU,KY,ASO,CE,Towers with Display (VFR),0,2,54,0,56,0,3,90,1,94,0,5,144,1,150,208,0,208,358
08/07/2003,LOU,KY,ASO,CE,Towers with Display (VFR),0,4,45,1,50,0,2,131,0,133,0,6,176,1,183,252,0,252,435
08/08/2003,LOU,KY,ASO,CE,Towers with Display (VFR),0,4,54,1,59,0,2,153,1,156,0,6,207,2,215,150,0,150,365
08/09/2003,LOU,KY,ASO,CE,Towers with Display (VFR),0,0,32,0,32,0,2,101,9,112,0,2,133,9,144,84,0,84,228
08/10/2003,LOU,KY,ASO,CE,Towers with Display (VFR),0,1,52,0,53,0,0,83,7,90,0,1,135,7,143,184,0,184,327
08/11/2003,LOU,KY,ASO,CE,Towers with Display (VFR),0,4,29,0,33,0,2,92,0,94,0,6,121,0,127,224,0,224,351
08/12/2003,LOU,KY,ASO,CE,Towers with Display (VFR),0,5,6,0,11,0,0,184,4,188,0,5,190,4,199,208,2,210,409
08/13/2003,LOU,KY,ASO,CE,Towers with Display (VFR),0,7,52,0,59,0,9,96,1,106,0,16,148,1,165,270,0,270,435
08/14/2003,LOU,KY,ASO,CE,Towers with Display (VFR),0,5,51,0,56,0,9,162,1,172,0,14,213,1,228,136,2,138,366
08/15/2003,LOU,KY,ASO,CE,Towers with Display (VFR),0,8,54,0,62,0,2,121,0,123,0,10,175,0,185,128,0,128,313
08/16/2003,LOU,KY,ASO,CE,Towers with Display (VFR),0,1,31,0,32,0,2,130,0,132,0,3,161,0,164,206,0,206,370
08/17/2003,LOU,KY,ASO,CE,Towers with Display (VFR),0,0,31,0,31,0,0,100,0,100,0,0,131,0,131,122,0,122,253
08/18/2003,LOU,KY,ASO,CE,Towers with Display (VFR),0,6,47,1,54,0,7,164,3,174,0,13,211,4,228,202,0,202,430
08/19/2003,LOU,KY,ASO,CE,Towers with Display (VFR),0,6,63,0,69,0,7,160,3,170,0,13,223,3,239,206,0,206,445
08/20/2003,LOU,KY,ASO,CE,Towers with Display (VFR),0,3,45,3,51,0,11,114,0,125,0,14,159,3,176,268,0,268,444
08/21/2003,LOU,KY,ASO,CE,Towers with Display (VFR),0,10,54,0,64,0,1,128,1,130,0,11,182,1,194,200,0,200,394
08/22/2003,LOU,KY,ASO,CE,Towers with Display (VFR),0,4,57,0,61,0,1,77,0,78,0,5,134,0,139,50,0,50,189
08/23/2003,LOU,KY,ASO,CE,Towers with Display (VFR),0,1,36,0,37,0,1,207,2,210,0,2,243,2,247,160,0,160,407
08/24/2003,LOU,KY,ASO,CE,Towers with Display (VFR),0,1,23,2,26,0,4,200,0,204,0,5,223,2,230,266,0,266,496
08/25/2003,LOU,KY,ASO,CE,Towers with Display (VFR),0,7,42,0,49,0,8,153,0,161,0,15,195,0,210,158,0,158,368
08/26/2003,LOU,KY,ASO,CE,Towers with Display (VFR),0,4,50,0,54,0,2,151,0,153,0,6,201,0,207,200,0,200,407
08/27/2003,LOU,KY,ASO,CE,Towers with Display (VFR),0,4,42,0,46,0,4,106,0,110,0,8,148,0,156,208,0,208,364
08/28/2003,LOU,KY,ASO,CE,Towers with Display (VFR),0,10,51,0,61,0,6,97,1,104,0,16,148,1,165,148,0,148,313
08/29/2003,LOU,KY,ASO,CE,Towers with Display (VFR),0,11,53,0,64,0,4,77,0,81,0,15,130,0,145,76,0,76,221
08/30/2003,LOU,KY,ASO,CE,Towers with Display (VFR),0,2,22,0,24,0,1,12,0,13,0,3,34,0,37,40,0,40,77
08/31/2003,LOU,KY,ASO,CE,Towers with Display (VFR),0,1,26,0,27,0,4,16,0,20,0,5,42,0,47,28,0,28,75
09/01/2003,LOU,KY,ASO,CE,Towers with Display (VFR),0,0,29,2,31,0,0,62,3,65,0,0,91,5,96,42,0,42,138
09/02/2003,LOU,KY,ASO,CE,Towers with Display (VFR),0,1,38,0,39,0,2,4,0,6,0,3,42,0,45,4,0,4,49
09/03/2003,LOU,KY,ASO,CE,Towers with Display (VFR),0,3,42,0,45,0,4,61,0,65,0,7,103,0,110,108,6,114,224
09/04/2003,LOU,KY,ASO,CE,Towers with Display (VFR),0,1,44,1,46,0,2,136,0,138,0,3,180,1,184,206,0,206,390
09/05/2003,LOU,KY,ASO,CE,Towers with Display (VFR),0,3,45,4,52,0,4,150,0,154,0,7,195,4,206,156,0,156,362
09/06/2003,LOU,KY,ASO,CE,Towers with Display (VFR),0,1,26,0,27,0,2,233,0,235,0,3,259,0,262,204,0,204,466
09/07/2003,LOU,KY,ASO,CE,Towers with Display (VFR),0,3,24,0,27,0,1,185,0,186,0,4,209,0,213,196,0,196,409
09/08/2003,LOU,KY,ASO,CE,Towers with Display (VFR),0,3,40,1,44,0,0,118,3,121,0,3,158,4,165,186,6,192,357
09/09/2003,LOU,KY,ASO,CE,Towers with Display (VFR),0,5,66,1,72,0,3,116,1,120,0,8,182,2,192,162,0,162,354
09/10/2003,LOU,KY,ASO,CE,Towers with Display (VFR),0,2,46,2,50,0,7,146,0,153,0,9,192,2,203,212,0,212,415
09/11/2003,LOU,KY,ASO,CE,Towers with Display (VFR),0,4,56,4,64,0,5,150,0,155,0,9,206,4,219,208,0,208,427
09/12/2003,LOU,KY,ASO,CE,Towers with Display (VFR),0,9,57,1,67,0,1,137,1,139,0,10,194,2,206,100,0,100,306
09/13/2003,LOU,KY,ASO,CE,Towers with Display (VFR),0,2,27,1,30,0,3,172,2,177,0,5,199,3,207,80,0,80,287
09/14/2003,LOU,KY,ASO,CE,Towers with Display (VFR),0,2,41,0,43,0,1,18,0,19,0,3,59,0,62,36,0,36,98
09/15/2003,LOU,KY,ASO,CE,Towers with Display (VFR),0,1,37,1,39,0,1,131,1,133,0,2,168,2,172,66,0,66,238
09/16/2003,LOU,KY,ASO,CE,Towers with Display (VFR),0,11,5,1,17,0,0,200,0,200,0,11,205,1,217,158,0,158,375
09/17/2003,LOU,KY,ASO,CE,Towers with Display (VFR),0,5,37,2,44,0,5,164,0,169,0,10,201,2,213,156,0,156,369
09/18/2003,LOU,KY,ASO,CE,Towers with Display (VFR),0,5,36,0,41,0,6,180,0,186,0,11,216,0,227,302,0,302,529
09/19/2003,LOU,KY,ASO,CE,Towers with Display (VFR),0,4,64,0,68,0,2,101,0,103,0,6,165,0,171,246,0,246,417
09/20/2003,LOU,KY,ASO,CE,Towers with Display (VFR),0,1,36,2,39,0,2,284,0,286,0,3,320,2,325,338,0,338,663
09/21/2003,LOU,KY,ASO,CE,Towers with Display (VFR),0,3,45,3,51,0,2,186,0,188,0,5,231,3,239,366,0,366,605
09/22/2003,LOU,KY,ASO,CE,Towers with Display (VFR),0,3,47,0,50,0,5,41,0,46,0,8,88,0,96,106,0,106,202
09/23/2003,LOU,KY,ASO,CE,Towers with Display (VFR),0,3,57,1,61,0,4,108,1,113,0,7,165,2,174,236,0,236,410
09/24/2003,LOU,KY,ASO,CE,Towers with Display (VFR),0,7,43,1,51,0,2,133,0,135,0,9,176,1,186,128,0,128,314
09/25/2003,LOU,KY,ASO,CE,Towers with Display (VFR),0,6,52,0,58,0,4,173,0,177,0,10,225,0,235,130,0,130,365
09/26/2003,LOU,KY,ASO,CE,Towers with Display (VFR),0,3,56,0,59,0,4,161,0,165,0,7,217,0,224,242,0,242,466
09/27/2003,LOU,KY,ASO,CE,Towers with Display (VFR),0,1,29,0,30,0,3,156,0,159,0,4,185,0,189,184,0,184,373
09/28/2003,LOU,KY,ASO,CE,Towers with Display (VFR),0,5,41,1,47,0,5,103,1,109,0,10,144,2,156,106,0,106,262
09/29/2003,LOU,KY,ASO,CE,Towers with Display (VFR),0,2,29,4,35,0,4,125,0,129,0,6,154,4,164,172,0,172,336
09/30/2003,LOU,KY,ASO,CE,Towers with Display (VFR),0,5,48,2,55,0,9,133,0,142,0,14,181,2,197,170,0,170,367
10/01/2003,LOU,KY,ASO,CE,Towers with Display (VFR),0,6,44,1,51,0,3,107,1,111,0,9,151,2,162,180,0,180,342
10/02/2003,LOU,KY,ASO,CE,Towers with Display (VFR),0,3,27,0,30,0,3,160,0,163,0,6,187,0,193,196,0,196,389
10/03/2003,LOU,KY,ASO,CE,Towers with Display (VFR),0,4,37,0,41,0,2,130,0,132,0,6,167,0,173,24,0,24,197
10/04/2003,LOU,KY,ASO,CE,Towers with Display (VFR),0,3,28,1,32,0,2,169,6,177,0,5,197,7,209,158,0,158,367
10/05/2003,LOU,KY,ASO,CE,Towers with Display (VFR),0,2,33,0,35,0,0,188,0,188,0,2,221,0,223,208,0,208,431
10/06/2003,LOU,KY,ASO,CE,Towers with Display (VFR),0,4,32,1,37,0,2,149,3,154,0,6,181,4,191,204,0,204,395
10/07/2003,LOU,KY,ASO,CE,Towers with Display (VFR),0,5,32,1,38,0,6,155,1,162,0,11,187,2,200,186,0,186,386
10/08/2003,LOU,KY,ASO,CE,Towers with Display (VFR),0,7,43,1,51,0,9,179,2,190,0,16,222,3,241,198,0,198,439
10/09/2003,LOU,KY,ASO,CE,Towers with Display (VFR),0,7,46,0,53,0,5,141,0,146,0,12,187,0,199,284,0,284,483
10/10/2003,LOU,KY,ASO,CE,Towers with Display (VFR),0,7,44,0,51,0,1,100,0,101,0,8,144,0,152,128,0,128,280
10/11/2003,LOU,KY,ASO,CE,Towers with Display (VFR),0,4,24,0,28,0,0,183,0,183,0,4,207,0,211,282,0,282,493
10/12/2003,LOU,KY,ASO,CE,Towers with Display (VFR),0,5,35,1,41,0,0,120,2,122,0,5,155,3,163,120,0,120,283
10/13/2003,LOU,KY,ASO,CE,Towers with Display (VFR),0,3,22,0,25,0,2,196,0,198,0,5,218,0,223,328,0,328,551
10/14/2003,LOU,KY,ASO,CE,Towers with Display (VFR),0,4,28,0,32,0,3,8,0,11,0,7,36,0,43,4,0,4,47
10/15/2003,LOU,KY,ASO,CE,Towers with Display (VFR),0,7,46,1,54,0,2,176,5,183,0,9,222,6,237,320,0,320,557
10/16/2003,LOU,KY,ASO,CE,Towers with Display (VFR),0,6,41,1,48,0,3,151,1,155,0,9,192,2,203,190,0,190,393
10/17/2003,LOU,KY,ASO,CE,Towers with Display (VFR),0,9,56,1,66,0,3,67,3,73,0,12,123,4,139,254,0,254,393
10/18/2003,LOU,KY,ASO,CE,Towers with Display (VFR),0,7,43,1,51,0,0,165,0,165,0,7,208,1,216,194,0,194,410
10/19/2003,LOU,KY,ASO,CE,Towers with Display (VFR),0,4,35,0,39,0,0,212,0,212,0,4,247,0,251,172,0,172,423
10/20/2003,LOU,KY,ASO,CE,Towers with Display (VFR),0,6,38,1,45,0,0,142,0,142,0,6,180,1,187,176,2,178,365
10/21/2003,LOU,KY,ASO,CE,Towers with Display (VFR),0,5,34,0,39,0,3,121,0,124,0,8,155,0,163,100,0,100,263
10/22/2003,LOU,KY,ASO,CE,Towers with Display (VFR),0,8,53,0,61,0,0,130,3,133,0,8,183,3,194,222,0,222,416
10/23/2003,LOU,KY,ASO,CE,Towers with Display (VFR),0,5,44,0,49,0,0,172,3,175,0,5,216,3,224,206,0,206,430
10/24/2003,LOU,KY,ASO,CE,Towers with Display (VFR),0,7,43,0,50,0,0,167,0,167,0,7,210,0,217,314,0,314,531
10/25/2003,LOU,KY,ASO,CE,Towers with Display (VFR),0,3,25,0,28,0,1,71,0,72,0,4,96,0,100,144,0,144,244
10/26/2003,LOU,KY,ASO,CE,Towers with Display (VFR),0,6,41,0,47,0,0,61,0,61,0,6,102,0,108,296,0,296,404
10/27/2003,LOU,KY,ASO,CE,Towers with Display (VFR),0,5,31,0,36,0,2,96,0,98,0,7,127,0,134,234,2,236,370
10/28/2003,LOU,KY,ASO,CE,Towers with Display (VFR),0,7,43,0,50,0,1,50,0,51,0,8,93,0,101,168,0,168,269
10/29/2003,LOU,KY,ASO,CE,Towers with Display (VFR),0,6,42,0,48,0,0,107,2,109,0,6,149,2,157,288,2,290,447
10/30/2003,LOU,KY,ASO,CE,Towers with Display (VFR),0,7,47,0,54,0,4,105,1,110,0,11,152,1,164,136,0,136,300
10/31/2003,LOU,KY,ASO,CE,Towers with Display (VFR),0,5,33,0,38,0,1,123,0,124,0,6,156,0,162,92,0,92,254
11/01/2003,LOU,KY,ASO,CE,Towers with Display (VFR),0,5,37,0,42,0,5,149,0,154,0,10,186,0,196,302,0,302,498
11/02/2003,LOU,KY,ASO,CE,Towers with Display (VFR),0,2,24,0,26,0,0,210,0,210,0,2,234,0,236,296,0,296,532
11/03/2003,LOU,KY,ASO,CE,Towers with Display (VFR),0,4,32,0,36,0,1,161,2,164,0,5,193,2,200,410,0,410,610
11/04/2003,LOU,KY,ASO,CE,Towers with Display (VFR),0,5,39,0,44,0,2,152,1,155,0,7,191,1,199,182,0,182,381
11/05/2003,LOU,KY,ASO,CE,Towers with Display (VFR),0,6,51,0,57,0,0,49,0,49,0,6,100,0,106,190,0,190,296
11/06/2003,LOU,KY,ASO,CE,Towers with Display (VFR),0,4,50,0,54,0,0,7,0,7,0,4,57,0,61,2,0,2,63
11/07/2003,LOU,KY,ASO,CE,Towers with Display (VFR),0,4,42,1,47,0,0,129,0,129,0,4,171,1,176,298,0,298,474
11/08/2003,LOU,KY,ASO,CE,Towers with Display (VFR),0,3,32,1,36,0,0,189,2,191,0,3,221,3,227,258,4,262,489
11/09/2003,LOU,KY,ASO,CE,Towers with Display (VFR),0,0,26,1,27,0,0,181,1,182,0,0,207,2,209,176,0,176,385
11/10/2003,LOU,KY,ASO,CE,Towers with Display (VFR),0,4,36,0,40,0,5,129,0,134,0,9,165,0,174,316,0,316,490
11/11/2003,LOU,KY,ASO,CE,Towers with Display (VFR),0,4,39,0,43,0,1,48,0,49,0,5,87,0,92,22,0,22,114
11/12/2003,LOU,KY,ASO,CE,Towers with Display (VFR),0,4,33,0,37,0,6,19,0,25,0,10,52,0,62,14,0,14,76
11/13/2003,LOU,KY,ASO,CE,Towers with Display (VFR),0,4,40,0,44,0,2,59,0,61,0,6,99,0,105,28,0,28,133
11/14/2003,LOU,KY,ASO,CE,Towers with Display (VFR),0,4,35,1,40,0,0,173,1,174,0,4,208,2,214,238,6,244,458
11/15/2003,LOU,KY,ASO,CE,Towers with Display (VFR),0,2,34,0,36,0,0,43,0,43,0,2,77,0,79,178,0,178,257
11/16/2003,LOU,KY,ASO,CE,Towers with Display (VFR),0,0,31,0,31,0,0,24,0,24,0,0,55,0,55,110,0,110,165
11/17/2003,LOU,KY,ASO,CE,Towers with Display (VFR),0,4,40,0,44,0,1,95,2,98,0,5,135,2,142,158,0,158,300
11/18/2003,LOU,KY,ASO,CE,Towers with Display (VFR),0,3,28,0,31,0,4,12,0,16,0,7,40,0,47,22,0,22,69
11/19/2003,LOU,KY,ASO,CE,Towers with Display (VFR),0,5,44,0,49,0,4,84,0,88,0,9,128,0,137,84,2,86,223
11/20/2003,LOU,KY,ASO,CE,Towers with Display (VFR),0,6,49,0,55,0,2,179,2,183,0,8,228,2,238,320,2,322,560
11/21/2003,LOU,KY,ASO,CE,Towers with Display (VFR),0,4,37,0,41,0,5,157,2,164,0,9,194,2,205,162,0,162,367
11/22/2003,LOU,KY,ASO,CE,Towers with Display (VFR),0,2,40,0,42,0,0,198,3,201,0,2,238,3,243,380,0,380,623
11/23/2003,LOU,KY,ASO,CE,Towers with Display (VFR),0,2,23,0,25,0,2,97,0,99,0,4,120,0,124,136,0,136,260
11/24/2003,LOU,KY,ASO,CE,Towers with Display (VFR),0,2,24,0,26,0,1,33,0,34,0,3,57,0,60,80,0,80,140
11/25/2003,LOU,KY,ASO,CE,Towers with Display (VFR),0,5,44,0,49,0,12,151,1,164,0,17,195,1,213,232,6,238,451
11/26/2003,LOU,KY,ASO,CE,Towers with Display (VFR),0,5,60,0,65,0,0,158,0,158,0,5,218,0,223,320,8,328,551
11/27/2003,LOU,KY,ASO,CE,Towers with Display (VFR),0,1,12,0,13,0,1,2,0,3,0,2,14,0,16,4,0,4,20
11/28/2003,LOU,KY,ASO,CE,Towers with Display (VFR),0,1,14,0,15,0,1,28,0,29,0,2,42,0,44,108,0,108,152
11/29/2003,LOU,KY,ASO,CE,Towers with Display (VFR),0,4,40,0,44,0,0,121,0,121,0,4,161,0,165,74,0,74,239
11/30/2003,LOU,KY,ASO,CE,Towers with Display (VFR),0,5,56,0,61,0,0,140,0,140,0,5,196,0,201,96,0,96,297
12/01/2003,LOU,KY,ASO,CE,Towers with Display (VFR),0,5,26,0,31,0,3,93,2,98,0,8,119,2,129,160,0,160,289
12/02/2003,LOU,KY,ASO,CE,Towers with Display (VFR),0,6,30,0,36,0,3,142,1,146,0,9,172,1,182,236,0,236,418
12/03/2003,LOU,KY,ASO,CE,Towers with Display (VFR),0,8,38,0,46,0,1,81,0,82,0,9,119,0,128,242,0,242,370
12/04/2003,LOU,KY,ASO,CE,Towers with Display (VFR),0,4,31,0,35,0,0,6,0,6,0,4,37,0,41,0,0,0,41
12/05/2003,LOU,KY,ASO,CE,Towers with Display (VFR),0,2,15,0,17,0,2,16,0,18,0,4,31,0,35,24,0,24,59
12/06/2003,LOU,KY,ASO,CE,Towers with Display (VFR),0,4,26,0,30,0,0,125,0,125,0,4,151,0,155,280,0,280,435
12/07/2003,LOU,KY,ASO,CE,Towers with Display (VFR),0,3,22,1,26,0,0,176,2,178,0,3,198,3,204,322,0,322,526
12/08/2003,LOU,KY,ASO,CE,Towers with Display (VFR),0,4,22,1,27,0,7,109,5,121,0,11,131,6,148,292,0,292,440
12/09/2003,LOU,KY,ASO,CE,Towers with Display (VFR),0,7,40,1,48,0,5,78,0,83,0,12,118,1,131,112,0,112,243
12/10/2003,LOU,KY,ASO,CE,Towers with Display (VFR),0,5,28,0,33,0,4,3,0,7,0,9,31,0,40,24,0,24,64
12/11/2003,LOU,KY,ASO,CE,Towers with Display (VFR),0,5,30,0,35,0,1,51,0,52,0,6,81,0,87,106,0,106,193
12/12/2003,LOU,KY,ASO,CE,Towers with Display (VFR),0,4,22,1,27,0,0,181,1,182,0,4,203,2,209,288,2,290,499
12/13/2003,LOU,KY,ASO,CE,Towers with Display (VFR),0,1,10,0,11,0,3,41,0,44,0,4,51,0,55,44,0,44,99
12/14/2003,LOU,KY,ASO,CE,Towers with Display (VFR),0,4,9,0,13,0,0,0,0,0,0,4,9,0,13,24,0,24,37
12/15/2003,LOU,KY,ASO,CE,Towers with Display (VFR),0,5,27,1,33,0,4,56,0,60,0,9,83,1,93,136,0,136,229
12/16/2003,LOU,KY,ASO,CE,Towers with Display (VFR),0,8,42,0,50,0,1,17,0,18,0,9,59,0,68,40,0,40,108
12/17/2003,LOU,KY,ASO,CE,Towers with Display (VFR),0,5,28,0,33,0,8,82,1,91,0,13,110,1,124,168,0,168,292
12/18/2003,LOU,KY,ASO,CE,Towers with Display (VFR),0,5,30,0,35,0,2,3,0,5,0,7,33,0,40,36,0,36,76
12/19/2003,LOU,KY,ASO,CE,Towers with Display (VFR),0,4,25,0,29,0,1,14,0,15,0,5,39,0,44,0,0,0,44
12/20/2003,LOU,KY,ASO,CE,Towers with Display (VFR),0,2,33,0,35,0,0,141,2,143,0,2,174,2,178,270,0,270,448
12/21/2003,LOU,KY,ASO,CE,Towers with Display (VFR),0,0,28,0,28,0,0,187,1,188,0,0,215,1,216,222,0,222,438
12/22/2003,LOU,KY,ASO,CE,Towers with Display (VFR),0,2,42,0,44,0,0,102,1,103,0,2,144,1,147,270,0,270,417
12/23/2003,LOU,KY,ASO,CE,Towers with Display (VFR),0,6,34,0,40,0,0,6,0,6,0,6,40,0,46,34,0,34,80
12/24/2003,LOU,KY,ASO,CE,Towers with Display (VFR),0,3,19,0,22,0,7,49,0,56,0,10,68,0,78,162,0,162,240
12/25/2003,LOU,KY,ASO,CE,Towers with Display (VFR),0,2,11,0,13,0,2,35,0,37,0,4,46,0,50,42,0,42,92
12/26/2003,LOU,KY,ASO,CE,Towers with Display (VFR),0,2,25,0,27,0,0,189,9,198,0,2,214,9,225,226,0,226,451
12/27/2003,LOU,KY,ASO,CE,Towers with Display (VFR),0,2,16,0,18,0,1,217,4,222,0,3,233,4,240,294,0,294,534
12/28/2003,LOU,KY,ASO,CE,Towers with Display (VFR),0,0,19,0,19,0,0,142,3,145,0,0,161,3,164,178,0,178,342
12/29/2003,LOU,KY,ASO,CE,Towers with Display (VFR),0,3,17,0,20,0,2,27,3,32,0,5,44,3,52,74,0,74,126
12/30/2003,LOU,KY,ASO,CE,Towers with Display (VFR),0,5,30,0,35,0,2,168,1,171,0,7,198,1,206,274,0,274,480
12/31/2003,LOU,KY,ASO,CE,Towers with Display (VFR),0,4,26,0,30,0,3,130,0,133,0,7,156,0,163,306,0,306,469
01/01/2004,LOU,KY,ASO,CE,Towers with Display (VFR),0,1,11,0,12,0,1,95,0,96,0,2,106,0,108,242,0,242,350
01/02/2004,LOU,KY,ASO,CE,Towers with Display (VFR),0,3,19,1,23,0,1,0,0,1,0,4,19,1,24,10,0,10,34
01/03/2004,LOU,KY,ASO,CE,Towers with Display (VFR),0,3,26,0,29,0,0,39,0,39,0,3,65,0,68,148,0,148,216
01/04/2004,LOU,KY,ASO,CE,Towers with Display (VFR),0,0,21,0,21,0,0,9,0,9,0,0,30,0,30,2,0,2,32
01/05/2004,LOU,KY,ASO,CE,Towers with Display (VFR),0,2,12,0,14,0,6,41,0,47,0,8,53,0,61,138,0,138,199
01/06/2004,LOU,KY,ASO,CE,Towers with Display (VFR),0,5,27,1,33,0,5,82,5,92,0,10,109,6,125,96,0,96,221
01/07/2004,LOU,KY,ASO,CE,Towers with Display (VFR),0,6,30,0,36,0,2,114,0,116,0,8,144,0,152,162,0,162,314
01/08/2004,LOU,KY,ASO,CE,Towers with Display (VFR),0,4,21,0,25,0,0,69,0,69,0,4,90,0,94,184,0,184,278
01/09/2004,LOU,KY,ASO,CE,Towers with Display (VFR),0,5,27,0,32,0,1,33,0,34,0,6,60,0,66,84,0,84,150
01/10/2004,LOU,KY,ASO,CE,Towers with Display (VFR),0,3,18,1,22,0,0,146,1,147,0,3,164,2,169,194,4,198,367
01/11/2004,LOU,KY,ASO,CE,Towers with Display (VFR),0,3,19,1,23,0,0,109,5,114,0,3,128,6,137,90,2,92,229
01/12/2004,LOU,KY,ASO,CE,Towers with Display (VFR),0,4,21,0,25,0,1,94,0,95,0,5,115,0,120,130,0,130,250
01/13/2004,LOU,KY,ASO,CE,Towers with Display (VFR),0,5,28,0,33,0,1,134,0,135,0,6,162,0,168,210,0,210,378
01/14/2004,LOU,KY,ASO,CE,Towers with Display (VFR),0,5,27,0,32,0,0,60,0,60,0,5,87,0,92,80,0,80,172
01/15/2004,LOU,KY,ASO,CE,Towers with Display (VFR),0,6,29,0,35,0,0,128,0,128,0,6,157,0,163,252,0,252,415
01/16/2004,LOU,KY,ASO,CE,Towers with Display (VFR),0,7,38,1,46,0,5,116,2,123,0,12,154,3,169,146,0,146,315
01/17/2004,LOU,KY,ASO,CE,Towers with Display (VFR),0,3,20,0,23,0,0,9,0,9,0,3,29,0,32,100,0,100,132
01/18/2004,LOU,KY,ASO,CE,Towers with Display (VFR),0,2,20,0,22,0,0,52,1,53,0,2,72,1,75,110,0,110,185
01/19/2004,LOU,KY,ASO,CE,Towers with Display (VFR),0,6,35,0,41,0,0,86,1,87,0,6,121,1,128,208,0,208,336
01/20/2004,LOU,KY,ASO,CE,Towers with Display (VFR),0,6,35,0,41,0,5,106,0,111,0,11,141,0,152,118,0,118,270
01/21/2004,LOU,KY,ASO,CE,Towers with Display (VFR),0,6,34,0,40,0,1,89,3,93,0,7,123,3,133,164,0,164,297
01/22/2004,LOU,KY,ASO,CE,Towers with Display (VFR),0,6,30,0,36,0,0,82,0,82,0,6,112,0,118,70,0,70,188
01/23/2004,LOU,KY,ASO,CE,Towers with Display (VFR),0,5,26,0,31,0,0,70,0,70,0,5,96,0,101,52,0,52,153
01/24/2004,LOU,KY,ASO,CE,Towers with Display (VFR),0,3,17,0,20,0,0,175,0,175,0,3,192,0,195,212,0,212,407
01/25/2004,LOU,KY,ASO,CE,Towers with Display (VFR),0,0,1,0,1,0,0,0,0,0,0,0,1,0,1,0,0,0,1
01/26/2004,LOU,KY,ASO,CE,Towers with Display (VFR),0,1,10,0,11,0,0,5,0,5,0,1,15,0,16,2,0,2,18
01/27/2004,LOU,KY,ASO,CE,Towers with Display (VFR),0,4,20,0,24,0,5,6,0,11,0,9,26,0,35,0,0,0,35
01/28/2004,LOU,KY,ASO,CE,Towers with Display (VFR),0,6,30,0,36,0,0,85,1,86,0,6,115,1,122,82,0,82,204
01/29/2004,LOU,KY,ASO,CE,Towers with Display (VFR),0,5,27,0,32,0,5,84,0,89,0,10,111,0,121,122,0,122,243
01/30/2004,LOU,KY,ASO,CE,Towers with Display (VFR),0,4,23,0,27,0,0,36,0,36,0,4,59,0,63,2,0,2,65
01/31/2004,LOU,KY,ASO,CE,Towers with Display (VFR),0,4,21,0,25,0,1,76,1,78,0,5,97,1,103,166,0,166,269
02/01/2004,LOU,KY,ASO,CE,Towers with Display (VFR),0,1,14,0,15,0,0,131,6,137,0,1,145,6,152,252,0,252,404
02/02/2004,LOU,KY,ASO,CE,Towers with Display (VFR),0,5,21,0,26,0,2,1,0,3,0,7,22,0,29,4,0,4,33
02/03/2004,LOU,KY,ASO,CE,Towers with Display (VFR),0,6,35,0,41,0,2,13,0,15,0,8,48,0,56,8,0,8,64
02/04/2004,LOU,KY,ASO,CE,Towers with Display (VFR),0,7,38,0,45,0,0,108,0,108,0,7,146,0,153,160,2,162,315
02/05/2004,LOU,KY,ASO,CE,Towers with Display (VFR),0,3,9,0,12,0,4,0,0,4,0,7,9,0,16,0,0,0,16
02/06/2004,LOU,KY,ASO,CE,Towers with Display (VFR),0,5,45,0,50,0,0,4,0,4,0,5,49,0,54,0,0,0,54
02/07/2004,LOU,KY,ASO,CE,Towers with Display (VFR),0,3,14,0,17,0,0,4,0,4,0,3,18,0,21,42,0,42,63
02/08/2004,LOU,KY,ASO,CE,Towers with Display (VFR),0,3,24,0,27,0,0,103,0,103,0,3,127,0,130,340,0,340,470
02/09/2004,LOU,KY,ASO,CE,Towers with Display (VFR),0,4,27,0,31,0,5,50,0,55,0,9,77,0,86,66,0,66,152
02/10/2004,LOU,KY,ASO,CE,Towers with Display (VFR),0,5,35,1,41,0,2,98,0,100,0,7,133,1,141,110,0,110,251
02/11/2004,LOU,KY,ASO,CE,Towers with Display (VFR),0,7,48,1,56,0,3,149,3,155,0,10,197,4,211,272,2,274,485
02/12/2004,LOU,KY,ASO,CE,Towers with Display (VFR),0,4,30,0,34,0,2,78,0,80,0,6,108,0,114,240,0,240,354
02/13/2004,LOU,KY,ASO,CE,Towers with Display (VFR),0,5,41,1,47,0,0,89,0,89,0,5,130,1,136,154,0,154,290
02/14/2004,LOU,KY,ASO,CE,Towers with Display (VFR),0,4,36,1,41,0,0,210,0,210,0,4,246,1,251,324,0,324,575
02/15/2004,LOU,KY,ASO,CE,Towers with Display (VFR),0,5,40,0,45,0,0,85,0,85,0,5,125,0,130,130,0,130,260
02/16/2004,LOU,KY,ASO,CE,Towers with Display (VFR),0,5,35,0,40,0,3,134,0,137,0,8,169,0,177,250,0,250,427
02/17/2004,LOU,KY,ASO,CE,Towers with Display (VFR),0,4,35,0,39,0,0,106,4,110,0,4,141,4,149,196,0,196,345
02/18/2004,LOU,KY,ASO,CE,Towers with Display (VFR),0,6,37,0,43,0,2,122,3,127,0,8,159,3,170,182,0,182,352
02/19/2004,LOU,KY,ASO,CE,Towers with Display (VFR),0,5,34,0,39,0,7,133,0,140,0,12,167,0,179,214,0,214,393
02/20/2004,LOU,KY,ASO,CE,Towers with Display (VFR),0,3,29,0,32,0,0,23,0,23,0,3,52,0,55,20,0,20,75
02/21/2004,LOU,KY,ASO,CE,Towers with Display (VFR),0,2,18,0,20,0,2,67,0,69,0,4,85,0,89,60,0,60,149
02/22/2004,LOU,KY,ASO,CE,Towers with Display (VFR),0,2,29,0,31,0,0,242,2,244,0,2,271,2,275,316,0,316,591
02/23/2004,LOU,KY,ASO,CE,Towers with Display (VFR),0,5,32,0,37,0,0,121,0,121,0,5,153,0,158,248,0,248,406
02/24/2004,LOU,KY,ASO,CE,Towers with Display (VFR),0,7,48,0,55,0,2,87,0,89,0,9,135,0,144,140,0,140,284
02/25/2004,LOU,KY,ASO,CE,Towers with Display (VFR),0,7,49,0,56,0,4,98,1,103,0,11,147,1,159,150,0,150,309
02/26/2004,LOU,KY,ASO,CE,Towers with Display (VFR),0,3,20,0,23,0,4,97,0,101,0,7,117,0,124,232,0,232,356
02/27/2004,LOU,KY,ASO,CE,Towers with Display (VFR),0,4,37,0,41,0,0,174,1,175,0,4,211,1,216,224,0,224,440
02/28/2004,LOU,KY,ASO,CE,Towers with Display (VFR),0,4,41,0,45,0,0,271,1,272,0,4,312,1,317,278,0,278,595
02/29/2004,LOU,KY,ASO,CE,Towers with Display (VFR),0,2,32,0,34,0,0,193,1,194,0,2,225,1,228,198,0,198,426
03/01/2004,LOU,KY,ASO,CE,Towers with Display (VFR),0,3,27,1,31,0,4,23,0,27,0,7,50,1,58,12,0,12,70
03/02/2004,LOU,KY,ASO,CE,Towers with Display (VFR),0,6,39,1,46,0,3,162,3,168,0,9,201,4,214,326,2,328,542
03/03/2004,LOU,KY,ASO,CE,Towers with Display (VFR),0,5,38,0,43,0,1,31,0,32,0,6,69,0,75,78,0,78,153
03/04/2004,LOU,KY,ASO,CE,Towers with Display (VFR),0,4,30,1,35,0,5,55,1,61,0,9,85,2,96,108,0,108,204
03/05/2004,LOU,KY,ASO,CE,Towers with Display (VFR),0,1,13,0,14,0,2,13,0,15,0,3,26,0,29,18,0,18,47
03/06/2004,LOU,KY,ASO,CE,Towers with Display (VFR),0,7,46,1,54,0,2,86,1,89,0,9,132,2,143,142,0,142,285
03/07/2004,LOU,KY,ASO,CE,Towers with Display (VFR),0,1,15,1,17,0,0,79,3,82,0,1,94,4,99,76,0,76,175
03/08/2004,LOU,KY,ASO,CE,Towers with Display (VFR),0,3,26,1,30,0,2,101,0,103,0,5,127,1,133,144,0,144,277
03/09/2004,LOU,KY,ASO,CE,Towers with Display (VFR),0,3,24,1,28,0,5,93,1,99,0,8,117,2,127,154,0,154,281
03/10/2004,LOU,KY,ASO,CE,Towers with Display (VFR),0,6,41,1,48,0,10,179,0,189,0,16,220,1,237,224,0,224,461
03/11/2004,LOU,KY,ASO,CE,Towers with Display (VFR),0,4,26,1,31,0,1,80,1,82,0,5,106,2,113,122,0,122,235
03/12/2004,LOU,KY,ASO,CE,Towers with Display (VFR),0,4,30,1,35,0,1,134,0,135,0,5,164,1,170,108,0,108,278
03/13/2004,LOU,KY,ASO,CE,Towers with Display (VFR),0,3,19,1,23,0,1,197,1,199,0,4,216,2,222,210,0,210,432
03/14/2004,LOU,KY,ASO,CE,Towers with Display (VFR),0,2,27,0,29,0,0,68,0,68,0,2,95,0,97,90,0,90,187
03/15/2004,LOU,KY,ASO,CE,Towers with Display (VFR),0,3,23,0,26,0,1,169,0,170,0,4,192,0,196,242,0,242,438
03/16/2004,LOU,KY,ASO,CE,Towers with Display (VFR),0,4,28,0,32,0,8,16,0,24,0,12,44,0,56,54,0,54,110
03/17/2004,LOU,KY,ASO,CE,Towers with Display (VFR),0,4,29,0,33,0,3,71,0,74,0,7,100,0,107,118,0,118,225
03/18/2004,LOU,KY,ASO,CE,Towers with Display (VFR),0,4,43,0,47,0,0,109,4,113,0,4,152,4,160,98,0,98,258
03/19/2004,LOU,KY,ASO,CE,Towers with Display (VFR),0,6,45,0,51,0,0,167,5,172,0,6,212,5,223,192,0,192,415
03/20/2004,LOU,KY,ASO,CE,Towers with Display (VFR),0,2,22,0,24,0,0,46,2,48,0,2,68,2,72,112,6,118,190
03/21/2004,LOU,KY,ASO,CE,Towers with Display (VFR),0,2,30,0,32,0,0,98,2,100,0,2,128,2,132,112,0,112,244
03/22/2004,LOU,KY,ASO,CE,Towers with Display (VFR),0,5,37,0,42,0,3,152,8,163,0,8,189,8,205,220,2,222,427
03/23/2004,LOU,KY,ASO,CE,Towers with Display (VFR),0,7,53,0,60,0,2,162,3,167,0,9,215,3,227,319,0,319,546
03/24/2004,LOU,KY,ASO,CE,Towers with Display (VFR),0,6,46,0,52,0,1,129,1,131,0,7,175,1,183,96,0,96,279
03/25/2004,LOU,KY,ASO,CE,Towers with Display (VFR),0,6,40,0,46,0,0,107,0,107,0,6,147,0,153,94,0,94,247
03/26/2004,LOU,KY,ASO,CE,Towers with Display (VFR),0,8,65,0,73,0,0,76,0,76,0,8,141,0,149,166,0,166,315
03/27/2004,LOU,KY,ASO,CE,Towers with Display (VFR),0,4,45,0,49,0,0,128,5,133,0,4,173,5,182,394,0,394,576
03/28/2004,LOU,KY,ASO,CE,Towers with Display (VFR),0,2,29,0,31,0,0,173,0,173,0,2,202,0,204,72,0,72,276
03/29/2004,LOU,KY,ASO,CE,Towers with Display (VFR),0,4,47,0,51,0,0,27,0,27,0,4,74,0,78,20,0,20,98
03/30/2004,LOU,KY,ASO,CE,Towers with Display (VFR),0,3,24,0,27,0,2,19,0,21,0,5,43,0,48,44,0,44,92
03/31/2004,LOU,KY,ASO,CE,Towers with Display (VFR),0,5,38,0,43,0,3,44,0,47,0,8,82,0,90,120,0,120,210
04/01/2004,LOU,KY,ASO,CE,Towers with Display (VFR),0,5,37,0,42,0,6,117,0,123,0,11,154,0,165,152,0,152,317
04/02/2004,LOU,KY,ASO,CE,Towers with Display (VFR),0,5,38,0,43,0,2,123,0,125,0,7,161,0,168,106,0,106,274
04/03/2004,LOU,KY,ASO,CE,Towers with Display (VFR),0,2,26,0,28,0,0,175,0,175,0,2,201,0,203,142,0,142,345
04/04/2004,LOU,KY,ASO,CE,Towers with Display (VFR),0,5,34,0,39,0,1,84,3,88,0,6,118,3,127,78,0,78,205
04/05/2004,LOU,KY,ASO,CE,Towers with Display (VFR),0,5,31,0,36,0,3,178,0,181,0,8,209,0,217,322,0,322,539
04/06/2004,LOU,KY,ASO,CE,Towers with Display (VFR),0,5,42,0,47,0,0,187,3,190,0,5,229,3,237,254,0,254,491
04/07/2004,LOU,KY,ASO,CE,Towers with Display (VFR),0,4,39,0,43,0,6,171,0,177,0,10,210,0,220,202,0,202,422
04/08/2004,LOU,KY,ASO,CE,Towers with Display (VFR),0,5,44,0,49,0,5,113,0,118,0,10,157,0,167,68,0,68,235
04/09/2004,LOU,KY,ASO,CE,Towers with Display (VFR),0,7,54,0,61,0,1,206,0,207,0,8,260,0,268,118,0,118,386
04/10/2004,LOU,KY,ASO,CE,Towers with Display (VFR),0,2,23,0,25,0,5,171,0,176,0,7,194,0,201,110,0,110,311
04/11/2004,LOU,KY,ASO,CE,Towers with Display (VFR),0,2,26,0,28,0,0,90,0,90,0,2,116,0,118,92,0,92,210
04/12/2004,LOU,KY,ASO,CE,Towers with Display (VFR),0,4,39,0,43,0,0,16,0,16,0,4,55,0,59,75,0,75,134
04/13/2004,LOU,KY,ASO,CE,Towers with Display (VFR),0,4,33,0,37,0,1,2,0,3,0,5,35,0,40,14,0,14,54
04/14/2004,LOU,KY,ASO,CE,Towers with Display (VFR),0,5,43,1,49,0,7,151,2,160,0,12,194,3,209,172,0,172,381
04/15/2004,LOU,KY,ASO,CE,Towers with Display (VFR),0,7,54,0,61,0,3,224,0,227,0,10,278,0,288,274,14,288,576
04/16/2004,LOU,KY,ASO,CE,Towers with Display (VFR),0,5,50,0,55,0,0,173,2,175,0,5,223,2,230,172,2,174,404
04/17/2004,LOU,KY,ASO,CE,Towers with Display (VFR),0,4,38,0,42,0,2,208,2,212,0,6,246,2,254,174,0,174,428
04/18/2004,LOU,KY,ASO,CE,Towers with Display (VFR),0,1,33,0,34,0,0,139,0,139,0,1,172,0,173,92,0,92,265
04/19/2004,LOU,KY,ASO,CE,Towers with Display (VFR),0,3,43,0,46,0,0,69,0,69,0,3,112,0,115,60,0,60,175
04/20/2004,LOU,KY,ASO,CE,Towers with Display (VFR),0,5,47,0,52,0,4,67,0,71,0,9,114,0,123,98,0,98,221
04/21/2004,LOU,KY,ASO,CE,Towers with Display (VFR),0,3,26,0,29,0,0,15,0,15,0,3,41,0,44,50,0,50,94
04/22/2004,LOU,KY,ASO,CE,Towers with Display (VFR),0,4,46,0,50,0,0,24,1,25,0,4,70,1,75,10,0,10,85
04/23/2004,LOU,KY,ASO,CE,Towers with Display (VFR),0,4,41,0,45,0,0,61,0,61,0,4,102,0,106,110,0,110,216
04/24/2004,LOU,KY,ASO,CE,Towers with Display (VFR),0,2,37,0,39,0,0,133,1,134,0,2,170,1,173,132,0,132,305
04/25/2004,LOU,KY,ASO,CE,Towers with Display (VFR),0,2,22,0,24,0,1,47,1,49,0,3,69,1,73,164,0,164,237
04/26/2004,LOU,KY,ASO,CE,Towers with Display (VFR),0,5,40,0,45,0,0,133,0,133,0,5,173,0,178,320,0,320,498
04/27/2004,LOU,KY,ASO,CE,Towers with Display (VFR),0,5,42,0,47,0,2,137,4,143,0,7,179,4,190,76,0,76,266
04/28/2004,LOU,KY,ASO,CE,Towers with Display (VFR),0,6,52,0,58,0,1,158,0,159,0,7,210,0,217,142,0,142,359
04/29/2004,LOU,KY,ASO,CE,Towers with Display (VFR),0,9,77,0,86,0,7,162,4,173,0,16,239,4,259,230,2,232,491
04/30/2004,LOU,KY,ASO,CE,Towers with Display (VFR),0,7,57,0,64,0,0,64,4,68,0,7,121,4,132,150,0,150,282
05/01/2004,LOU,KY,ASO,CE,Towers with Display (VFR),0,4,43,1,48,0,9,84,2,95,0,13,127,3,143,228,0,228,371
05/02/2004,LOU,KY,ASO,CE,Towers with Display (VFR),0,4,71,2,77,0,0,91,5,96,0,4,162,7,173,154,0,154,327
05/03/2004,LOU,KY,ASO,CE,Towers with Display (VFR),0,1,28,0,29,0,0,110,0,110,0,1,138,0,139,250,0,250,389
05/04/2004,LOU,KY,ASO,CE,Towers with Display (VFR),0,5,45,2,52,0,8,126,4,138,0,13,171,6,190,268,0,268,458
05/05/2004,LOU,KY,ASO,CE,Towers with Display (VFR),0,5,42,1,48,0,2,214,3,219,0,7,256,4,267,412,0,412,679
05/06/2004,LOU,KY,ASO,CE,Towers with Display (VFR),0,5,48,2,55,0,2,197,0,199,0,7,245,2,254,324,0,324,578
05/07/2004,LOU,KY,ASO,CE,Towers with Display (VFR),0,4,33,1,38,0,3,161,1,165,0,7,194,2,203,228,0,228,431
05/08/2004,LOU,KY,ASO,CE,Towers with Display (VFR),0,4,36,0,40,0,0,229,0,229,0,4,265,0,269,160,0,160,429
05/09/2004,LOU,KY,ASO,CE,Towers with Display (VFR),0,0,28,1,29,0,0,164,1,165,0,0,192,2,194,124,0,124,318
05/10/2004,LOU,KY,ASO,CE,Towers with Display (VFR),0,1,24,1,26,0,0,90,3,93,0,1,114,4,119,252,0,252,371
05/11/2004,LOU,KY,ASO,CE,Towers with Display (VFR),0,3,57,2,62,0,0,135,2,137,0,3,192,4,199,216,0,216,415
05/12/2004,LOU,KY,ASO,CE,Towers with Display (VFR),0,4,34,0,38,0,3,143,0,146,0,7,177,0,184,164,0,164,348
05/13/2004,LOU,KY,ASO,CE,Towers with Display (VFR),0,5,49,0,54,0,0,69,0,69,0,5,118,0,123,110,0,110,233
05/14/2004,LOU,KY,ASO,CE,Towers with Display (VFR),0,4,40,0,44,0,0,43,0,43,0,4,83,0,87,84,0,84,171
05/15/2004,LOU,KY,ASO,CE,Towers with Display (VFR),0,2,35,1,38,0,0,5,0,5,0,2,40,1,43,0,0,0,43
05/16/2004,LOU,KY,ASO,CE,Towers with Display (VFR),0,0,42,1,43,0,0,129,1,130,0,0,171,2,173,230,0,230,403
05/17/2004,LOU,KY,ASO,CE,Towers with Display (VFR),0,1,33,1,35,0,0,110,1,111,0,1,143,2,146,162,0,162,308
05/18/2004,LOU,KY,ASO,CE,Towers with Display (VFR),0,4,34,0,38,0,0,151,0,151,0,4,185,0,189,258,0,258,447
05/19/2004,LOU,KY,ASO,CE,Towers with Display (VFR),0,5,47,1,53,0,3,96,1,100,0,8,143,2,153,138,0,138,291
05/20/2004,LOU,KY,ASO,CE,Towers with Display (VFR),0,5,43,0,48,0,1,117,2,120,0,6,160,2,168,234,0,234,402
05/21/2004,LOU,KY,ASO,CE,Towers with Display (VFR),0,5,48,0,53,0,0,160,0,160,0,5,208,0,213,254,0,254,467
05/22/2004,LOU,KY,ASO,CE,Towers with Display (VFR),0,2,25,0,27,0,0,197,2,199,0,2,222,2,226,196,0,196,422
05/23/2004,LOU,KY,ASO,CE,Towers with Display (VFR),0,4,30,0,34,0,3,96,0,99,0,7,126,0,133,68,0,68,201
05/24/2004,LOU,KY,ASO,CE,Towers with Display (VFR),0,6,53,1,60,0,3,86,4,93,0,9,139,5,153,98,0,98,251
05/25/2004,LOU,KY,ASO,CE,Towers with Display (VFR),0,3,27,0,30,0,6,98,2,106,0,9,125,2,136,72,0,72,208
05/26/2004,LOU,KY,ASO,CE,Towers with Display (VFR),0,5,40,0,45,0,3,10,2,15,0,8,50,2,60,64,0,64,124
05/27/2004,LOU,KY,ASO,CE,Towers with Display (VFR),0,5,38,0,43,0,6,93,1,100,0,11,131,1,143,256,0,256,399
05/28/2004,LOU,KY,ASO,CE,Towers with Display (VFR),0,5,49,1,55,0,0,149,4,153,0,5,198,5,208,274,0,274,482
05/29/2004,LOU,KY,ASO,CE,Towers with Display (VFR),0,5,38,0,43,0,2,222,1,225,0,7,260,1,268,276,0,276,544
05/30/2004,LOU,KY,ASO,CE,Towers with Display (VFR),0,2,19,0,21,0,4,15,0,19,0,6,34,0,40,26,0,26,66
05/31/2004,LOU,KY,ASO,CE,Towers with Display (VFR),0,5,41,0,46,0,5,105,3,113,0,10,146,3,159,102,2,104,263
06/01/2004,LOU,KY,ASO,CE,Towers with Display (VFR),0,3,31,0,34,0,0,124,0,124,0,3,155,0,158,174,0,174,332
06/02/2004,LOU,KY,ASO,CE,Towers with Display (VFR),0,5,41,2,48,0,3,141,0,144,0,8,182,2,192,278,0,278,470
06/03/2004,LOU,KY,ASO,CE,Towers with Display (VFR),0,6,50,1,57,0,1,221,0,222,0,7,271,1,279,312,0,312,591
06/04/2004,LOU,KY,ASO,CE,Towers with Display (VFR),0,4,39,0,43,0,4,177,0,181,0,8,216,0,224,212,0,212,436
06/05/2004,LOU,KY,ASO,CE,Towers with Display (VFR),0,3,31,1,35,0,0,209,1,210,0,3,240,2,245,246,4,250,495
06/06/2004,LOU,KY,ASO,CE,Towers with Display (VFR),0,1,32,1,34,0,0,135,0,135,0,1,167,1,169,288,0,288,457
06/07/2004,LOU,KY,ASO,CE,Towers with Display (VFR),0,5,35,0,40,0,3,129,0,132,0,8,164,0,172,180,0,180,352
06/08/2004,LOU,KY,ASO,CE,Towers with Display (VFR),0,5,43,0,48,0,2,131,0,133,0,7,174,0,181,158,0,158,339
06/09/2004,LOU,KY,ASO,CE,Towers with Display (VFR),0,5,40,2,47,0,12,66,2,80,0,17,106,4,127,196,0,196,323
06/10/2004,LOU,KY,ASO,CE,Towers with Display (VFR),0,5,34,0,39,0,3,110,0,113,0,8,144,0,152,206,0,206,358
06/11/2004,LOU,KY,ASO,CE,Towers with Display (VFR),0,5,35,1,41,0,0,101,0,101,0,5,136,1,142,100,0,100,242
06/12/2004,LOU,KY,ASO,CE,Towers with Display (VFR),0,2,18,0,20,0,3,21,0,24,0,5,39,0,44,26,0,26,70
06/13/2004,LOU,KY,ASO,CE,Towers with Display (VFR),0,2,30,1,33,0,0,99,1,100,0,2,129,2,133,134,0,134,267
06/14/2004,LOU,KY,ASO,CE,Towers with Display (VFR),0,4,34,1,39,0,0,90,2,92,0,4,124,3,131,272,0,272,403
06/15/2004,LOU,KY,ASO,CE,Towers with Display (VFR),0,5,41,0,46,0,3,107,0,110,0,8,148,0,156,328,0,328,484
06/16/2004,LOU,KY,ASO,CE,Towers with Display (VFR),0,5,43,0,48,0,5,135,0,140,0,10,178,0,188,234,0,234,422
06/17/2004,LOU,KY,ASO,CE,Towers with Display (VFR),0,5,43,1,49,0,2,136,1,139,0,7,179,2,188,108,0,108,296
06/18/2004,LOU,KY,ASO,CE,Towers with Display (VFR),0,7,55,0,62,0,3,100,0,103,0,10,155,0,165,106,0,106,271
06/19/2004,LOU,KY,ASO,CE,Towers with Display (VFR),0,2,33,0,35,0,0,140,0,140,0,2,173,0,175,194,0,194,369
06/20/2004,LOU,KY,ASO,CE,Towers with Display (VFR),0,0,32,0,32,0,0,220,0,220,0,0,252,0,252,188,0,188,440
06/21/2004,LOU,KY,ASO,CE,Towers with Display (VFR),0,5,35,0,40,0,2,142,3,147,0,7,177,3,187,168,0,168,355
06/22/2004,LOU,KY,ASO,CE,Towers with Display (VFR),0,6,49,1,56,0,1,110,1,112,0,7,159,2,168,246,0,246,414
06/23/2004,LOU,KY,ASO,CE,Towers with Display (VFR),0,4,32,0,36,0,5,190,2,197,0,9,222,2,233,294,0,294,527
06/24/2004,LOU,KY,ASO,CE,Towers with Display (VFR),0,5,46,1,52,0,5,174,3,182,0,10,220,4,234,320,0,320,554
06/25/2004,LOU,KY,ASO,CE,Towers with Display (VFR),0,6,49,0,55,0,4,87,0,91,0,10,136,0,146,278,0,278,424
06/26/2004,LOU,KY,ASO,CE,Towers with Display (VFR),0,5,44,0,49,0,1,216,0,217,0,6,260,0,266,196,0,196,462
06/27/2004,LOU,KY,ASO,CE,Towers with Display (VFR),0,4,36,0,40,0,0,181,3,184,0,4,217,3,224,212,0,212,436
06/28/2004,LOU,KY,ASO,CE,Towers with Display (VFR),0,5,34,0,39,0,0,120,4,124,0,5,154,4,163,120,0,120,283
06/29/2004,LOU,KY,ASO,CE,Towers with Display (VFR),0,5,36,0,41,0,3,149,3,155,0,8,185,3,196,240,0,240,436
06/30/2004,LOU,KY,ASO,CE,Towers with Display (VFR),0,6,46,1,53,0,2,146,3,151,0,8,192,4,204,240,0,240,444
07/01/2004,LOU,KY,ASO,CE,Towers with Display (VFR),0,5,53,1,59,0,4,55,0,59,0,9,108,1,118,212,0,212,330
07/02/2004,LOU,KY,ASO,CE,Towers with Display (VFR),0,5,49,2,56,0,0,90,0,90,0,5,139,2,146,202,0,202,348
07/03/2004,LOU,KY,ASO,CE,Towers with Display (VFR),0,3,25,0,28,0,1,146,0,147,0,4,171,0,175,134,0,134,309
07/04/2004,LOU,KY,ASO,CE,Towers with Display (VFR),0,3,27,0,30,0,0,77,0,77,0,3,104,0,107,68,0,68,175
07/05/2004,LOU,KY,ASO,CE,Towers with Display (VFR),0,5,49,0,54,0,3,75,0,78,0,8,124,0,132,222,0,222,354
07/06/2004,LOU,KY,ASO,CE,Towers with Display (VFR),0,2,19,1,22,0,2,87,0,89,0,4,106,1,111,178,0,178,289
07/07/2004,LOU,KY,ASO,CE,Towers with Display (VFR),0,5,41,1,47,0,8,89,0,97,0,13,130,1,144,162,0,162,306
07/08/2004,LOU,KY,ASO,CE,Towers with Display (VFR),0,4,43,2,49,0,6,208,4,218,0,10,251,6,267,342,0,342,609
07/09/2004,LOU,KY,ASO,CE,Towers with Display (VFR),0,5,38,1,44,0,0,95,0,95,0,5,133,1,139,246,0,246,385
07/10/2004,LOU,KY,ASO,CE,Towers with Display (VFR),0,2,29,1,32,0,0,114,1,115,0,2,143,2,147,160,0,160,307
07/11/2004,LOU,KY,ASO,CE,Towers with Display (VFR),0,1,27,1,29,0,0,77,3,80,0,1,104,4,109,220,0,220,329
07/12/2004,LOU,KY,ASO,CE,Towers with Display (VFR),0,4,33,1,38,0,8,66,1,75,0,12,99,2,113,304,0,304,417
07/13/2004,LOU,KY,ASO,CE,Towers with Display (VFR),0,4,29,1,34,0,3,94,1,98,0,7,123,2,132,168,0,168,300
07/14/2004,LOU,KY,ASO,CE,Towers with Display (VFR),0,5,39,1,45,0,8,154,2,164,0,13,193,3,209,120,0,120,329
07/15/2004,LOU,KY,ASO,CE,Towers with Display (VFR),0,5,37,1,43,0,3,180,3,186,0,8,217,4,229,300,0,300,529
07/16/2004,LOU,KY,ASO,CE,Towers with Display (VFR),0,5,54,1,60,0,0,155,4,159,0,5,209,5,219,310,0,310,529
07/17/2004,LOU,KY,ASO,CE,Towers with Display (VFR),0,3,25,0,28,0,0,132,0,132,0,3,157,0,160,280,0,280,440
07/18/2004,LOU,KY,ASO,CE,Towers with Display (VFR),0,4,45,1,50,0,0,106,1,107,0,4,151,2,157,186,0,186,343
07/19/2004,LOU,KY,ASO,CE,Towers with Display (VFR),0,5,38,0,43,0,1,108,3,112,0,6,146,3,155,382,0,382,537
07/20/2004,LOU,KY,ASO,CE,Towers with Display (VFR),0,4,34,0,38,0,5,131,4,140,0,9,165,4,178,158,0,158,336
07/21/2004,LOU,KY,ASO,CE,Towers with Display (VFR),0,4,44,0,48,0,1,96,0,97,0,5,140,0,145,284,0,284,429
07/22/2004,LOU,KY,ASO,CE,Towers with Display (VFR),0,4,31,0,35,0,1,59,2,62,0,5,90,2,97,158,0,158,255
07/23/2004,LOU,KY,ASO,CE,Towers with Display (VFR),0,6,56,0,62,0,1,60,0,61,0,7,116,0,123,242,0,242,365
07/24/2004,LOU,KY,ASO,CE,Towers with Display (VFR),0,3,30,0,33,0,0,205,2,207,0,3,235,2,240,256,0,256,496
07/25/2004,LOU,KY,ASO,CE,Towers with Display (VFR),0,4,38,0,42,0,0,134,0,134,0,4,172,0,176,238,0,238,414
07/26/2004,LOU,KY,ASO,CE,Towers with Display (VFR),0,2,30,0,32,0,0,10,0,10,0,2,40,0,42,28,0,28,70
07/27/2004,LOU,KY,ASO,CE,Towers with Display (VFR),0,5,47,0,52,0,8,114,0,122,0,13,161,0,174,208,0,208,382
07/28/2004,LOU,KY,ASO,CE,Towers with Display (VFR),0,5,45,1,51,0,0,182,5,187,0,5,227,6,238,306,0,306,544
07/29/2004,LOU,KY,ASO,CE,Towers with Display (VFR),0,6,52,1,59,0,0,174,1,175,0,6,226,2,234,192,0,192,426
07/30/2004,LOU,KY,ASO,CE,Towers with Display (VFR),0,3,45,0,48,0,0,93,0,93,0,3,138,0,141,186,0,186,327
07/31/2004,LOU,KY,ASO,CE,Towers with Display (VFR),0,5,47,0,52,0,0,90,0,90,0,5,137,0,142,118,0,118,260
08/01/2004,LOU,KY,ASO,CE,Towers with Display (VFR),0,1,45,0,46,0,0,196,0,196,0,1,241,0,242,322,0,322,564
08/02/2004,LOU,KY,ASO,CE,Towers with Display (VFR),0,2,30,1,33,0,3,159,2,164,0,5,189,3,197,284,0,284,481
08/03/2004,LOU,KY,ASO,CE,Towers with Display (VFR),0,5,57,0,62,0,7,95,0,102,0,12,152,0,164,280,0,280,444
08/04/2004,LOU,KY,ASO,CE,Towers with Display (VFR),0,3,36,1,40,0,2,52,0,54,0,5,88,1,94,76,0,76,170
08/05/2004,LOU,KY,ASO,CE,Towers with Display (VFR),0,3,37,0,40,0,2,100,0,102,0,5,137,0,142,246,0,246,388
08/06/2004,LOU,KY,ASO,CE,Towers with Display (VFR),0,4,42,1,47,0,0,181,2,183,0,4,223,3,230,302,0,302,532
08/07/2004,LOU,KY,ASO,CE,Towers with Display (VFR),0,4,38,1,43,0,2,239,0,241,0,6,277,1,284,318,0,318,602
08/08/2004,LOU,KY,ASO,CE,Towers with Display (VFR),0,2,30,1,33,0,0,188,1,189,0,2,218,2,222,266,0,266,488
08/09/2004,LOU,KY,ASO,CE,Towers with Display (VFR),0,2,25,1,28,0,4,115,1,120,0,6,140,2,148,186,0,186,334
08/10/2004,LOU,KY,ASO,CE,Towers with Display (VFR),0,3,27,0,30,0,2,124,0,126,0,5,151,0,156,148,0,148,304
08/11/2004,LOU,KY,ASO,CE,Towers with Display (VFR),0,5,43,0,48,0,1,173,0,174,0,6,216,0,222,112,0,112,334
08/12/2004,LOU,KY,ASO,CE,Towers with Display (VFR),0,5,51,1,57,0,2,184,4,190,0,7,235,5,247,240,0,240,487
08/13/2004,LOU,KY,ASO,CE,Towers with Display (VFR),0,3,42,1,46,0,0,174,0,174,0,3,216,1,220,326,0,326,546
08/14/2004,LOU,KY,ASO,CE,Towers with Display (VFR),0,4,39,0,43,0,0,251,0,251,0,4,290,0,294,254,0,254,548
08/15/2004,LOU,KY,ASO,CE,Towers with Display (VFR),0,3,34,0,37,0,0,194,0,194,0,3,228,0,231,322,0,322,553
08/16/2004,LOU,KY,ASO,CE,Towers with Display (VFR),0,2,38,1,41,0,0,172,4,176,0,2,210,5,217,350,0,350,567
08/17/2004,LOU,KY,ASO,CE,Towers with Display (VFR),0,4,41,1,46,0,6,162,1,169,0,10,203,2,215,216,0,216,431
08/18/2004,LOU,KY,ASO,CE,Towers with Display (VFR),0,4,39,0,43,0,3,122,0,125,0,7,161,0,168,270,0,270,438
08/19/2004,LOU,KY,ASO,CE,Towers with Display (VFR),0,3,32,1,36,0,4,128,4,136,0,7,160,5,172,158,0,158,330
08/20/2004,LOU,KY,ASO,CE,Towers with Display (VFR),0,5,51,0,56,0,2,20,0,22,0,7,71,0,78,22,0,22,100
08/21/2004,LOU,KY,ASO,CE,Towers with Display (VFR),0,2,36,0,38,0,0,178,0,178,0,2,214,0,216,232,0,232,448
08/22/2004,LOU,KY,ASO,CE,Towers with Display (VFR),0,0,34,0,34,0,0,226,1,227,0,0,260,1,261,146,0,146,407
08/23/2004,LOU,KY,ASO,CE,Towers with Display (VFR),0,2,20,0,22,0,3,140,3,146,0,5,160,3,168,262,0,262,430
08/24/2004,LOU,KY,ASO,CE,Towers with Display (VFR),0,4,36,0,40,0,1,88,0,89,0,5,124,0,129,148,0,148,277
08/25/2004,LOU,KY,ASO,CE,Towers with Display (VFR),0,4,36,0,40,0,3,101,3,107,0,7,137,3,147,142,0,142,289
08/26/2004,LOU,KY,ASO,CE,Towers with Display (VFR),0,4,35,0,39,0,3,45,1,49,0,7,80,1,88,194,0,194,282
08/27/2004,LOU,KY,ASO,CE,Towers with Display (VFR),0,5,60,1,66,0,0,120,4,124,0,5,180,5,190,140,0,140,330
08/28/2004,LOU,KY,ASO,CE,Towers with Display (VFR),0,2,23,0,25,0,2,106,0,108,0,4,129,0,133,104,0,104,237
08/29/2004,LOU,KY,ASO,CE,Towers with Display (VFR),0,2,55,0,57,0,0,100,2,102,0,2,155,2,159,316,0,316,475
08/30/2004,LOU,KY,ASO,CE,Towers with Display (VFR),0,5,46,0,51,0,3,59,2,64,0,8,105,2,115,240,0,240,355
08/31/2004,LOU,KY,ASO,CE,Towers with Display (VFR),0,4,39,0,43,0,2,184,1,187,0,6,223,1,230,202,0,202,432
09/01/2004,LOU,KY,ASO,CE,Towers with Display (VFR),0,7,42,1,50,0,2,145,0,147,0,9,187,1,197,190,0,190,387
09/02/2004,LOU,KY,ASO,CE,Towers with Display (VFR),0,7,58,2,67,0,0,71,5,76,0,7,129,7,143,88,0,88,231
09/03/2004,LOU,KY,ASO,CE,Towers with Display (VFR),0,4,55,1,60,0,0,83,3,86,0,4,138,4,146,292,0,292,438
09/04/2004,LOU,KY,ASO,CE,Towers with Display (VFR),0,2,34,0,36,0,0,126,0,126,0,2,160,0,162,172,0,172,334
09/05/2004,LOU,KY,ASO,CE,Towers with Display (VFR),0,4,28,0,32,0,4,142,0,146,0,8,170,0,178,254,0,254,432
09/06/2004,LOU,KY,ASO,CE,Towers with Display (VFR),0,4,23,1,28,0,4,165,5,174,0,8,188,6,202,164,0,164,366
09/07/2004,LOU,KY,ASO,CE,Towers with Display (VFR),0,7,42,0,49,0,3,9,0,12,0,10,51,0,61,56,0,56,117
09/08/2004,LOU,KY,ASO,CE,Towers with Display (VFR),0,4,29,0,33,0,6,28,0,34,0,10,57,0,67,58,0,58,125
09/09/2004,LOU,KY,ASO,CE,Towers with Display (VFR),0,8,49,2,59,0,5,114,2,121,0,13,163,4,180,116,0,116,296
09/10/2004,LOU,KY,ASO,CE,Towers with Display (VFR),0,7,42,2,51,0,0,153,0,153,0,7,195,2,204,188,0,188,392
09/11/2004,LOU,KY,ASO,CE,Towers with Display (VFR),0,5,34,2,41,0,1,201,0,202,0,6,235,2,243,138,0,138,381
09/12/2004,LOU,KY,ASO,CE,Towers with Display (VFR),0,2,28,2,32,0,0,172,1,173,0,2,200,3,205,246,0,246,451
09/13/2004,LOU,KY,ASO,CE,Towers with Display (VFR),0,5,33,2,40,0,3,89,3,95,0,8,122,5,135,104,0,104,239
09/14/2004,LOU,KY,ASO,CE,Towers with Display (VFR),0,6,37,1,44,0,4,151,0,155,0,10,188,1,199,176,0,176,375
09/15/2004,LOU,KY,ASO,CE,Towers with Display (VFR),0,7,46,0,53,0,5,133,0,138,0,12,179,0,191,200,0,200,391
09/16/2004,LOU,KY,ASO,CE,Towers with Display (VFR),0,5,35,1,41,0,2,92,0,94,0,7,127,1,135,150,0,150,285
09/17/2004,LOU,KY,ASO,CE,Towers with Display (VFR),0,6,40,0,46,0,2,54,0,56,0,8,94,0,102,64,0,64,166
09/18/2004,LOU,KY,ASO,CE,Towers with Display (VFR),0,5,34,1,40,0,1,231,0,232,0,6,265,1,272,128,0,128,400
09/19/2004,LOU,KY,ASO,CE,Towers with Display (VFR),0,4,34,1,39,0,0,206,1,207,0,4,240,2,246,154,0,154,400
09/20/2004,LOU,KY,ASO,CE,Towers with Display (VFR),0,6,40,1,47,0,3,111,6,120,0,9,151,7,167,302,0,302,469
09/21/2004,LOU,KY,ASO,CE,Towers with Display (VFR),0,7,48,1,56,0,3,184,7,194,0,10,232,8,250,422,0,422,672
09/22/2004,LOU,KY,ASO,CE,Towers with Display (VFR),0,5,37,1,43,0,9,184,0,193,0,14,221,1,236,274,0,274,510
09/23/2004,LOU,KY,ASO,CE,Towers with Display (VFR),0,5,27,0,32,0,3,194,1,198,0,8,221,1,230,314,0,314,544
09/24/2004,LOU,KY,ASO,CE,Towers with Display (VFR),0,6,40,1,47,0,5,133,1,139,0,11,173,2,186,244,0,244,430
09/25/2004,LOU,KY,ASO,CE,Towers with Display (VFR),0,5,34,1,40,0,0,178,1,179,0,5,212,2,219,100,0,100,319
09/26/2004,LOU,KY,ASO,CE,Towers with Display (VFR),0,2,39,1,42,0,0,179,5,184,0,2,218,6,226,166,0,166,392
09/27/2004,LOU,KY,ASO,CE,Towers with Display (VFR),0,5,37,1,43,0,4,98,7,109,0,9,135,8,152,138,0,138,290
09/28/2004,LOU,KY,ASO,CE,Towers with Display (VFR),0,4,30,1,35,0,5,113,4,122,0,9,143,5,157,152,4,156,313
09/29/2004,LOU,KY,ASO,CE,Towers with Display (VFR),0,7,45,0,52,0,4,91,0,95,0,11,136,0,147,198,0,198,345
09/30/2004,LOU,KY,ASO,CE,Towers with Display (VFR),0,6,43,1,50,0,2,133,3,138,0,8,176,4,188,197,0,197,385
10/01/2004,LOU,KY,ASO,CE,Towers with Display (VFR),0,5,34,0,39,0,2,141,1,144,0,7,175,1,183,126,0,126,309
10/02/2004,LOU,KY,ASO,CE,Towers with Display (VFR),0,9,47,2,58,0,0,70,0,70,0,9,117,2,128,114,0,114,242
10/03/2004,LOU,KY,ASO,CE,Towers with Display (VFR),0,6,29,0,35,0,1,215,4,220,0,7,244,4,255,190,0,190,445
10/04/2004,LOU,KY,ASO,CE,Towers with Display (VFR),0,4,32,0,36,0,4,102,0,106,0,8,134,0,142,252,0,252,394
10/05/2004,LOU,KY,ASO,CE,Towers with Display (VFR),0,11,46,0,57,0,8,132,0,140,0,19,178,0,197,206,0,206,403
10/06/2004,LOU,KY,ASO,CE,Towers with Display (VFR),0,3,16,0,19,0,1,211,3,215,0,4,227,3,234,296,0,296,530
10/07/2004,LOU,KY,ASO,CE,Towers with Display (VFR),0,9,51,2,62,0,3,165,0,168,0,12,216,2,230,276,0,276,506
10/08/2004,LOU,KY,ASO,CE,Towers with Display (VFR),0,9,40,0,49,0,0,92,1,93,0,9,132,1,142,216,0,216,358
10/09/2004,LOU,KY,ASO,CE,Towers with Display (VFR),0,4,18,0,22,0,0,270,0,270,0,4,288,0,292,198,0,198,490
10/10/2004,LOU,KY,ASO,CE,Towers with Display (VFR),0,2,35,0,37,0,1,186,1,188,0,3,221,1,225,86,0,86,311
10/11/2004,LOU,KY,ASO,CE,Towers with Display (VFR),0,3,29,0,32,0,2,94,0,96,0,5,123,0,128,252,0,252,380
10/12/2004,LOU,KY,ASO,CE,Towers with Display (VFR),0,4,40,0,44,0,1,44,0,45,0,5,84,0,89,74,0,74,163
10/13/2004,LOU,KY,ASO,CE,Towers with Display (VFR),0,8,28,0,36,0,1,8,0,9,0,9,36,0,45,36,0,36,81
10/14/2004,LOU,KY,ASO,CE,Towers with Display (VFR),0,9,49,0,58,0,1,54,0,55,0,10,103,0,113,126,0,126,239
10/15/2004,LOU,KY,ASO,CE,Towers with Display (VFR),0,10,41,0,51,0,1,22,1,24,0,11,63,1,75,0,0,0,75
10/16/2004,LOU,KY,ASO,CE,Towers with Display (VFR),0,4,27,0,31,0,0,58,0,58,0,4,85,0,89,34,0,34,123
10/17/2004,LOU,KY,ASO,CE,Towers with Display (VFR),0,0,36,0,36,0,3,223,4,230,0,3,259,4,266,202,0,202,468
10/18/2004,LOU,KY,ASO,CE,Towers with Display (VFR),0,5,21,0,26,0,2,7,0,9,0,7,28,0,35,0,0,0,35
10/19/2004,LOU,KY,ASO,CE,Towers with Display (VFR),0,6,39,0,45,0,5,34,0,39,0,11,73,0,84,114,0,114,198
10/20/2004,LOU,KY,ASO,CE,Towers with Display (VFR),0,4,42,0,46,0,0,5,0,5,0,4,47,0,51,14,0,14,65
10/21/2004,LOU,KY,ASO,CE,Towers with Display (VFR),0,9,62,0,71,0,2,13,0,15,0,11,75,0,86,62,0,62,148
10/22/2004,LOU,KY,ASO,CE,Towers with Display (VFR),0,6,53,2,61,0,0,94,0,94,0,6,147,2,155,138,0,138,293
10/23/2004,LOU,KY,ASO,CE,Towers with Display (VFR),0,3,20,0,23,0,1,18,0,19,0,4,38,0,42,24,0,24,66
10/24/2004,LOU,KY,ASO,CE,Towers with Display (VFR),0,3,37,0,40,0,2,276,0,278,0,5,313,0,318,230,0,230,548
10/25/2004,LOU,KY,ASO,CE,Towers with Display (VFR),0,7,27,0,34,0,5,173,0,178,0,12,200,0,212,346,0,346,558
10/26/2004,LOU,KY,ASO,CE,Towers with Display (VFR),0,13,30,0,43,0,4,114,1,119,0,17,144,1,162,126,0,126,288
10/27/2004,LOU,KY,ASO,CE,Towers with Display (VFR),0,9,43,2,54,0,1,23,0,24,0,10,66,2,78,82,0,82,160
10/28/2004,LOU,KY,ASO,CE,Towers with Display (VFR),0,8,43,0,51,0,2,5,0,7,0,10,48,0,58,62,0,62,120
10/29/2004,LOU,KY,ASO,CE,Towers with Display (VFR),0,6,45,0,51,0,1,84,0,85,0,7,129,0,136,164,0,164,300
10/30/2004,LOU,KY,ASO,CE,Towers with Display (VFR),0,7,24,0,31,0,0,37,0,37,0,7,61,0,68,22,0,22,90
10/31/2004,LOU,KY,ASO,CE,Towers with Display (VFR),0,0,29,0,29,0,0,213,2,215,0,0,242,2,244,216,0,216,460
11/01/2004,LOU,KY,ASO,CE,Towers with Radar,0,3,32,0,35,0,2,47,0,49,0,5,79,0,84,98,0,98,182
11/02/2004,LOU,KY,ASO,CE,Towers with Radar,0,6,28,0,34,0,1,9,0,10,0,7,37,0,44,6,0,6,50
11/03/2004,LOU,KY,ASO,CE,Towers with Radar,0,4,34,0,38,0,3,31,0,34,0,7,65,0,72,134,0,134,206
11/04/2004,LOU,KY,ASO,CE,Towers with Radar,0,7,50,0,57,0,2,26,0,28,0,9,76,0,85,96,0,96,181
11/05/2004,LOU,KY,ASO,CE,Towers with Radar,0,4,41,0,45,0,0,208,0,208,0,4,249,0,253,182,0,182,435
11/06/2004,LOU,KY,ASO,CE,Towers with Radar,0,3,3,0,6,4,224,0,234,462,4,227,3,234,468,0,296,296,764
11/07/2004,LOU,KY,ASO,CE,Towers with Radar,0,1,30,0,31,0,0,213,0,213,0,1,243,0,244,218,2,220,464
11/08/2004,LOU,KY,ASO,CE,Towers with Radar,0,2,20,1,23,0,8,108,1,117,0,10,128,2,140,194,0,194,334
11/09/2004,LOU,KY,ASO,CE,Towers with Radar,0,11,38,3,52,0,3,129,0,132,0,14,167,3,184,134,0,134,318
11/10/2004,LOU,KY,ASO,CE,Towers with Radar,0,8,38,1,47,0,2,101,1,104,0,10,139,2,151,144,0,144,295
11/11/2004,LOU,KY,ASO,CE,Towers with Radar,0,3,38,1,42,0,0,3,0,3,0,3,41,1,45,2,0,2,47
11/12/2004,LOU,KY,ASO,CE,Towers with Radar,0,5,38,0,43,0,0,68,7,75,0,5,106,7,118,58,0,58,176
11/13/2004,LOU,KY,ASO,CE,Towers with Radar,0,4,33,0,37,0,2,180,1,183,0,6,213,1,220,222,2,224,444
11/14/2004,LOU,KY,ASO,CE,Towers with Radar,0,2,45,0,47,0,0,191,0,191,0,2,236,0,238,212,0,212,450
11/15/2004,LOU,KY,ASO,CE,Towers with Radar,0,4,33,0,37,0,5,107,0,112,0,9,140,0,149,114,0,114,263
11/16/2004,LOU,KY,ASO,CE,Towers with Radar,0,8,46,2,56,0,2,99,1,102,0,10,145,3,158,252,0,252,410
11/17/2004,LOU,KY,ASO,CE,Towers with Radar,0,9,50,2,61,0,2,55,0,57,0,11,105,2,118,58,2,60,178
11/18/2004,LOU,KY,ASO,CE,Towers with Radar,0,7,49,3,59,0,8,96,0,104,0,15,145,3,163,210,0,210,373
11/19/2004,LOU,KY,ASO,CE,Towers with Radar,0,4,44,0,48,0,1,27,0,28,0,5,71,0,76,44,0,44,120
11/20/2004,LOU,KY,ASO,CE,Towers with Radar,0,4,40,0,44,0,0,61,0,61,0,4,101,0,105,144,0,144,249
11/21/2004,LOU,KY,ASO,CE,Towers with Radar,0,0,53,0,53,0,0,42,0,42,0,0,95,0,95,270,0,270,365
11/22/2004,LOU,KY,ASO,CE,Towers with Radar,0,7,27,0,34,0,2,2,0,4,0,9,29,0,38,0,0,0,38
11/23/2004,LOU,KY,ASO,CE,Towers with Radar,0,12,34,0,46,0,0,13,0,13,0,12,47,0,59,16,0,16,75
11/24/2004,LOU,KY,ASO,CE,Towers with Radar,0,6,28,0,34,0,0,27,0,27,0,6,55,0,61,82,0,82,143
11/25/2004,LOU,KY,ASO,CE,Towers with Radar,0,2,16,0,18,0,1,32,0,33,0,3,48,0,51,18,0,18,69
11/26/2004,LOU,KY,ASO,CE,Towers with Radar,0,1,17,0,18,0,0,130,1,131,0,1,147,1,149,84,6,90,239
11/27/2004,LOU,KY,ASO,CE,Towers with Radar,0,4,17,0,21,0,0,22,0,22,0,4,39,0,43,110,0,110,153
11/28/2004,LOU,KY,ASO,CE,Towers with Radar,0,2,47,0,49,0,0,145,0,145,0,2,192,0,194,216,0,216,410
11/29/2004,LOU,KY,ASO,CE,Towers with Radar,0,3,33,1,37,0,3,60,1,64,0,6,93,2,101,118,0,118,219
11/30/2004,LOU,KY,ASO,CE,Towers with Radar,0,10,26,0,36,0,1,1,0,2,0,11,27,0,38,2,0,2,40
12/01/2004,LOU,KY,ASO,CE,Towers with Radar,0,5,37,0,42,0,3,89,6,98,0,8,126,6,140,98,0,98,238
12/02/2004,LOU,KY,ASO,CE,Towers with Radar,0,8,38,2,48,0,3,169,1,173,0,11,207,3,221,238,0,238,459
12/03/2004,LOU,KY,ASO,CE,Towers with Radar,0,4,24,0,28,0,0,162,0,162,0,4,186,0,190,216,0,216,406
12/04/2004,LOU,KY,ASO,CE,Towers with Radar,0,4,21,0,25,0,0,182,0,182,0,4,203,0,207,160,0,160,367
12/05/2004,LOU,KY,ASO,CE,Towers with Radar,0,2,16,0,18,0,2,165,0,167,0,4,181,0,185,164,0,164,349
12/06/2004,LOU,KY,ASO,CE,Towers with Radar,0,1,19,0,20,0,0,2,0,2,0,1,21,0,22,0,0,0,22
12/07/2004,LOU,KY,ASO,CE,Towers with Radar,0,7,19,0,26,0,4,23,0,27,0,11,42,0,53,0,0,0,53
12/08/2004,LOU,KY,ASO,CE,Towers with Radar,0,8,36,1,45,0,4,134,12,150,0,12,170,13,195,228,2,230,425
12/09/2004,LOU,KY,ASO,CE,Towers with Radar,0,7,26,4,37,0,1,12,1,14,0,8,38,5,51,2,0,2,53
12/10/2004,LOU,KY,ASO,CE,Towers with Radar,0,4,46,0,50,0,0,56,0,56,0,4,102,0,106,58,0,58,164
12/11/2004,LOU,KY,ASO,CE,Towers with Radar,0,4,9,0,13,0,0,31,5,36,0,4,40,5,49,126,0,126,175
12/12/2004,LOU,KY,ASO,CE,Towers with Radar,0,3,10,0,13,0,3,72,0,75,0,6,82,0,88,94,0,94,182
12/13/2004,LOU,KY,ASO,CE,Towers with Radar,0,4,30,0,34,0,4,24,0,28,0,8,54,0,62,8,0,8,70
12/14/2004,LOU,KY,ASO,CE,Towers with Radar,0,7,35,0,42,0,2,57,0,59,0,9,92,0,101,136,0,136,237
12/15/2004,LOU,KY,ASO,CE,Towers with Radar,0,4,37,0,41,0,3,139,0,142,0,7,176,0,183,140,0,140,323
12/16/2004,LOU,KY,ASO,CE,Towers with Radar,0,7,39,1,47,0,4,126,4,134,0,11,165,5,181,84,0,84,265
12/17/2004,LOU,KY,ASO,CE,Towers with Radar,0,6,32,0,38,0,0,147,0,147,0,6,179,0,185,242,0,242,427
12/18/2004,LOU,KY,ASO,CE,Towers with Radar,0,4,16,0,20,0,2,120,0,122,0,6,136,0,142,96,0,96,238
12/19/2004,LOU,KY,ASO,CE,Towers with Radar,0,0,12,0,12,0,1,15,0,16,0,1,27,0,28,4,0,4,32
12/20/2004,LOU,KY,ASO,CE,Towers with Radar,0,7,31,1,39,0,4,54,0,58,0,11,85,1,97,102,1,103,200
12/21/2004,LOU,KY,ASO,CE,Towers with Radar,0,7,28,0,35,0,3,87,0,90,0,10,115,0,125,111,2,113,238
12/22/2004,LOU,KY,ASO,CE,Towers with Radar,0,4,0,0,4,4,0,0,8,12,4,4,0,8,16,0,0,0,16
12/23/2004,LOU,KY,ASO,CE,Towers with Radar,0,1,6,0,7,0,2,27,0,29,0,3,33,0,36,2,0,2,38
12/24/2004,LOU,KY,ASO,CE,Towers with Radar,0,3,10,0,13,0,0,44,0,44,0,3,54,0,57,2,0,2,59
12/25/2004,LOU,KY,ASO,CE,Towers with Radar,0,2,1,0,3,0,0,15,0,15,0,2,16,0,18,18,0,18,36
12/26/2004,LOU,KY,ASO,CE,Towers with Radar,0,0,23,0,23,0,1,34,0,35,0,1,57,0,58,40,0,40,98
12/27/2004,LOU,KY,ASO,CE,Towers with Radar,0,3,18,2,23,0,4,64,3,71,0,7,82,5,94,26,0,26,120
12/28/2004,LOU,KY,ASO,CE,Towers with Radar,0,7,19,0,26,0,1,99,11,111,0,8,118,11,137,70,0,70,207
12/29/2004,LOU,KY,ASO,CE,Towers with Radar,0,6,23,0,29,0,2,76,7,85,0,8,99,7,114,72,0,72,186
12/30/2004,LOU,KY,ASO,CE,Towers with Radar,0,7,23,0,30,0,6,103,3,112,0,13,126,3,142,110,0,110,252
12/31/2004,LOU,KY,ASO,CE,Towers with Radar,0,9,33,0,42,0,0,39,0,39,0,9,72,0,81,82,0,82,163
01/01/2005,LOU,KY,ASO,CE,Towers with Radar,0,2,15,0,17,0,0,44,2,46,0,2,59,2,63,128,0,128,191
01/02/2005,LOU,KY,ASO,CE,Towers with Radar,0,1,26,0,27,0,0,0,0,0,0,1,26,0,27,84,0,84,111
01/03/2005,LOU,KY,ASO,CE,Towers with Radar,0,4,18,0,22,0,4,18,0,22,0,8,36,0,44,26,0,26,70
01/04/2005,LOU,KY,ASO,CE,Towers with Radar,0,6,9,0,15,0,0,0,0,0,0,6,9,0,15,0,0,0,15
01/05/2005,LOU,KY,ASO,CE,Towers with Radar,0,7,16,0,23,0,0,11,0,11,0,7,27,0,34,10,0,10,44
01/06/2005,LOU,KY,ASO,CE,Towers with Radar,0,7,18,0,25,0,2,26,0,28,0,9,44,0,53,48,0,48,101
01/07/2005,LOU,KY,ASO,CE,Towers with Radar,0,4,28,0,32,0,1,40,2,43,0,5,68,2,75,36,0,36,111
01/08/2005,LOU,KY,ASO,CE,Towers with Radar,0,2,23,2,27,0,0,54,2,56,0,2,77,4,83,150,0,150,233
01/09/2005,LOU,KY,ASO,CE,Towers with Radar,0,0,41,2,43,0,2,152,3,157,0,2,193,5,200,164,0,164,364
01/10/2005,LOU,KY,ASO,CE,Towers with Radar,0,6,45,0,51,0,3,55,0,58,0,9,100,0,109,190,0,190,299
01/11/2005,LOU,KY,ASO,CE,Towers with Radar,0,5,29,0,34,0,3,28,0,31,0,8,57,0,65,2,0,2,67
01/12/2005,LOU,KY,ASO,CE,Towers with Radar,0,5,34,0,39,0,4,36,0,40,0,9,70,0,79,36,0,36,115
01/13/2005,LOU,KY,ASO,CE,Towers with Radar,0,8,13,0,21,0,1,3,0,4,0,9,16,0,25,0,0,0,25
01/14/2005,LOU,KY,ASO,CE,Towers with Radar,0,4,31,3,38,0,0,143,1,144,0,4,174,4,182,134,0,134,316
01/15/2005,LOU,KY,ASO,CE,Towers with Radar,0,4,21,0,25,0,0,178,1,179,0,4,199,1,204,212,0,212,416
01/16/2005,LOU,KY,ASO,CE,Towers with Radar,0,0,11,0,11,0,1,26,0,27,0,1,37,0,38,22,0,22,60
01/17/2005,LOU,KY,ASO,CE,Towers with Radar,0,2,35,0,37,0,1,109,2,112,0,3,144,2,149,156,0,156,305
01/18/2005,LOU,KY,ASO,CE,Towers with Radar,0,5,19,0,24,0,2,98,2,102,0,7,117,2,126,98,2,100,226
01/19/2005,LOU,KY,ASO,CE,Towers with Radar,0,9,21,0,30,0,0,44,0,44,0,9,65,0,74,44,0,44,118
01/20/2005,LOU,KY,ASO,CE,Towers with Radar,0,8,26,0,34,0,4,38,0,42,0,12,64,0,76,46,0,46,122
01/21/2005,LOU,KY,ASO,CE,Towers with Radar,0,6,26,1,33,0,0,96,1,97,0,6,122,2,130,122,0,122,252
01/22/2005,LOU,KY,ASO,CE,Towers with Radar,0,3,5,0,8,0,0,0,0,0,0,3,5,0,8,2,0,2,10
01/23/2005,LOU,KY,ASO,CE,Towers with Radar,0,0,14,0,14,0,1,96,0,97,0,1,110,0,111,122,0,122,233
01/24/2005,LOU,KY,ASO,CE,Towers with Radar,0,4,25,1,30,0,0,88,1,89,0,4,113,2,119,80,0,80,199
01/25/2005,LOU,KY,ASO,CE,Towers with Radar,0,6,29,0,35,0,5,126,1,132,0,11,155,1,167,212,0,212,379
01/26/2005,LOU,KY,ASO,CE,Towers with Radar,0,7,24,0,31,0,5,53,0,58,0,12,77,0,89,92,0,92,181
01/27/2005,LOU,KY,ASO,CE,Towers with Radar,0,8,38,2,48,0,5,97,0,102,0,13,135,2,150,72,0,72,222
01/28/2005,LOU,KY,ASO,CE,Towers with Radar,0,4,37,3,44,0,0,105,0,105,0,4,142,3,149,116,0,116,265
01/29/2005,LOU,KY,ASO,CE,Towers with Radar,0,2,0,0,2,0,0,0,0,0,0,2,0,0,2,0,0,0,2
01/30/2005,LOU,KY,ASO,CE,Towers with Radar,0,2,23,0,25,0,0,4,0,4,0,2,27,0,29,58,0,58,87
01/31/2005,LOU,KY,ASO,CE,Towers with Radar,0,5,35,0,40,0,3,47,0,50,0,8,82,0,90,94,0,94,184
02/01/2005,LOU,KY,ASO,CE,Towers with Radar,0,7,28,0,35,0,0,108,0,108,0,7,136,0,143,158,0,158,301
02/02/2005,LOU,KY,ASO,CE,Towers with Radar,0,9,29,0,38,0,0,33,0,33,0,9,62,0,71,30,0,30,101
02/03/2005,LOU,KY,ASO,CE,Towers with Radar,0,6,22,0,28,0,0,84,0,84,0,6,106,0,112,162,0,162,274
02/04/2005,LOU,KY,ASO,CE,Towers with Radar,0,9,45,1,55,0,0,187,1,188,0,9,232,2,243,230,0,230,473
02/05/2005,LOU,KY,ASO,CE,Towers with Radar,0,2,34,0,36,0,1,225,2,228,0,3,259,2,264,268,0,268,532
02/06/2005,LOU,KY,ASO,CE,Towers with Radar,0,1,24,0,25,0,1,146,3,150,0,2,170,3,175,204,0,204,379
02/07/2005,LOU,KY,ASO,CE,Towers with Radar,0,3,31,0,34,0,0,18,0,18,0,3,49,0,52,42,0,42,94
02/08/2005,LOU,KY,ASO,CE,Towers with Radar,0,13,41,2,56,0,2,23,0,25,0,15,64,2,81,46,0,46,127
02/09/2005,LOU,KY,ASO,CE,Towers with Radar,0,12,29,0,41,0,0,13,0,13,0,12,42,0,54,50,0,50,104
02/10/2005,LOU,KY,ASO,CE,Towers with Radar,0,8,10,0,18,0,1,39,0,40,0,9,49,0,58,60,0,60,118
02/11/2005,LOU,KY,ASO,CE,Towers with Radar,0,8,34,1,43,0,1,134,0,135,0,9,168,1,178,168,0,168,346
02/12/2005,LOU,KY,ASO,CE,Towers with Radar,0,4,22,0,26,0,0,235,3,238,0,4,257,3,264,244,0,244,508
02/13/2005,LOU,KY,ASO,CE,Towers with Radar,0,4,13,0,17,0,0,3,0,3,0,4,16,0,20,8,0,8,28
02/14/2005,LOU,KY,ASO,CE,Towers with Radar,0,7,23,1,31,0,5,39,0,44,0,12,62,1,75,40,0,40,115
02/15/2005,LOU,KY,ASO,CE,Towers with Radar,0,11,31,1,43,0,3,148,1,152,0,14,179,2,195,172,0,172,367
02/16/2005,LOU,KY,ASO,CE,Towers with Radar,0,6,33,0,39,0,2,81,0,83,0,8,114,0,122,200,0,200,322
02/17/2005,LOU,KY,ASO,CE,Towers with Radar,0,8,50,2,60,0,3,91,0,94,0,11,141,2,154,94,0,94,248
02/18/2005,LOU,KY,ASO,CE,Towers with Radar,0,8,36,0,44,0,0,161,3,164,0,8,197,3,208,148,12,160,368
02/19/2005,LOU,KY,ASO,CE,Towers with Radar,0,3,18,0,21,0,2,168,2,172,0,5,186,2,193,216,0,216,409
02/20/2005,LOU,KY,ASO,CE,Towers with Radar,0,0,20,0,20,0,1,3,0,4,0,1,23,0,24,6,0,6,30
02/21/2005,LOU,KY,ASO,CE,Towers with Radar,0,2,24,0,26,0,5,15,0,20,0,7,39,0,46,56,0,56,102
02/22/2005,LOU,KY,ASO,CE,Towers with Radar,0,5,55,0,60,0,7,53,1,61,0,12,108,1,121,192,0,192,313
02/23/2005,LOU,KY,ASO,CE,Towers with Radar,0,7,36,1,44,0,8,114,3,125,0,15,150,4,169,164,0,164,333
02/24/2005,LOU,KY,ASO,CE,Towers with Radar,0,8,19,0,27,0,3,19,0,22,0,11,38,0,49,4,0,4,53
02/25/2005,LOU,KY,ASO,CE,Towers with Radar,0,9,32,3,44,0,2,129,3,134,0,11,161,6,178,142,2,144,322
02/27/2005,LOU,KY,ASO,CE,Towers with Radar,0,4,15,1,20,0,1,148,0,149,0,5,163,1,169,208,0,208,377
02/28/2005,LOU,KY,ASO,CE,Towers with Radar,0,4,30,0,34,0,4,11,0,15,0,8,41,0,49,4,0,4,53
03/01/2005,LOU,KY,ASO,CE,Towers with Radar,0,9,23,0,32,0,1,18,0,19,0,10,41,0,51,20,0,20,71
03/02/2005,LOU,KY,ASO,CE,Towers with Radar,0,13,24,1,38,0,4,64,1,69,0,17,88,2,107,126,0,126,233
03/03/2005,LOU,KY,ASO,CE,Towers with Radar,0,7,32,2,41,0,3,117,0,120,0,10,149,2,161,242,0,242,403
03/04/2005,LOU,KY,ASO,CE,Towers with Radar,0,11,34,0,45,0,1,102,0,103,0,12,136,0,148,162,4,166,314
03/05/2005,LOU,KY,ASO,CE,Towers with Radar,0,7,27,0,34,0,1,69,0,70,0,8,96,0,104,156,0,156,260
03/06/2005,LOU,KY,ASO,CE,Towers with Radar,0,0,37,0,37,0,2,133,0,135,0,2,170,0,172,228,0,228,400
03/07/2005,LOU,KY,ASO,CE,Towers with Radar,0,5,16,0,21,0,3,37,0,40,0,8,53,0,61,32,0,32,93
03/08/2005,LOU,KY,ASO,CE,Towers with Radar,0,6,14,0,20,0,3,42,1,46,0,9,56,1,66,120,0,120,186
03/09/2005,LOU,KY,ASO,CE,Towers with Radar,0,11,33,0,44,0,5,105,0,110,0,16,138,0,154,206,0,206,360
03/10/2005,LOU,KY,ASO,CE,Towers with Radar,0,7,25,0,32,0,0,49,0,49,0,7,74,0,81,116,0,116,197
03/11/2005,LOU,KY,ASO,CE,Towers with Radar,0,5,28,0,33,0,0,29,0,29,0,5,57,0,62,34,0,34,96
03/12/2005,LOU,KY,ASO,CE,Towers with Radar,0,2,18,0,20,0,0,85,0,85,0,2,103,0,105,118,0,118,223
03/13/2005,LOU,KY,ASO,CE,Towers with Radar,0,0,27,0,27,0,0,80,0,80,0,0,107,0,107,226,0,226,333
03/14/2005,LOU,KY,ASO,CE,Towers with Radar,0,7,32,0,39,0,5,95,0,100,0,12,127,0,139,258,0,258,397
03/15/2005,LOU,KY,ASO,CE,Towers with Radar,0,13,35,0,48,0,2,108,2,112,0,15,143,2,160,96,0,96,256
03/16/2005,LOU,KY,ASO,CE,Towers with Radar,0,8,23,0,31,0,5,69,0,74,0,13,92,0,105,172,0,172,277
03/17/2005,LOU,KY,ASO,CE,Towers with Radar,0,5,25,0,30,0,3,113,0,116,0,8,138,0,146,248,0,248,394
03/18/2005,LOU,KY,ASO,CE,Towers with Radar,0,10,38,1,49,0,0,128,0,128,0,10,166,1,177,152,0,152,329
03/19/2005,LOU,KY,ASO,CE,Towers with Radar,0,3,20,0,23,0,0,42,0,42,0,3,62,0,65,92,0,92,157
03/20/2005,LOU,KY,ASO,CE,Towers with Radar,0,0,46,0,46,0,0,134,1,135,0,0,180,1,181,148,0,148,329
03/21/2005,LOU,KY,ASO,CE,Towers with Radar,0,5,27,0,32,0,2,111,1,114,0,7,138,1,146,172,0,172,318
03/22/2005,LOU,KY,ASO,CE,Towers with Radar,0,8,8,0,16,0,0,52,1,53,0,8,60,1,69,38,0,38,107
03/23/2005,LOU,KY,ASO,CE,Towers with Radar,0,8,20,0,28,0,0,1,0,1,0,8,21,0,29,0,0,0,29
03/24/2005,LOU,KY,ASO,CE,Towers with Radar,0,8,42,3,53,0,1,86,0,87,0,9,128,3,140,168,0,168,308
03/25/2005,LOU,KY,ASO,CE,Towers with Radar,0,7,25,0,32,0,0,100,2,102,0,7,125,2,134,194,0,194,328
03/26/2005,LOU,KY,ASO,CE,Towers with Radar,0,2,39,0,41,0,1,62,1,64,0,3,101,1,105,174,0,174,279
03/27/2005,LOU,KY,ASO,CE,Towers with Radar,0,2,13,0,15,0,0,0,0,0,0,2,13,0,15,2,0,2,17
03/28/2005,LOU,KY,ASO,CE,Towers with Radar,0,4,41,0,45,0,2,32,0,34,0,6,73,0,79,98,0,98,177
03/29/2005,LOU,KY,ASO,CE,Towers with Radar,0,9,55,1,65,0,2,200,0,202,0,11,255,1,267,270,0,270,537
03/30/2005,LOU,KY,ASO,CE,Towers with Radar,0,12,37,0,49,0,3,119,1,123,0,15,156,1,172,120,0,120,292
03/31/2005,LOU,KY,ASO,CE,Towers with Radar,0,7,45,1,53,0,6,98,0,104,0,13,143,1,157,162,0,162,319
04/01/2005,LOU,KY,ASO,CE,Towers with Radar,0,6,55,0,61,0,4,56,0,60,0,10,111,0,121,66,0,66,187
04/02/2005,LOU,KY,ASO,CE,Towers with Radar,0,6,35,0,41,0,1,22,0,23,0,7,57,0,64,44,0,44,108
04/03/2005,LOU,KY,ASO,CE,Towers with Radar,0,2,46,1,49,0,9,164,6,179,0,11,210,7,228,234,0,234,462
04/04/2005,LOU,KY,ASO,CE,Towers with Radar,0,3,26,0,29,0,6,158,3,167,0,9,184,3,196,222,8,230,426
04/05/2005,LOU,KY,ASO,CE,Towers with Radar,0,8,37,0,45,0,4,100,0,104,0,12,137,0,149,122,0,122,271
04/06/2005,LOU,KY,ASO,CE,Towers with Radar,0,6,25,0,31,0,5,56,3,64,0,11,81,3,95,98,0,98,193
04/07/2005,LOU,KY,ASO,CE,Towers with Radar,0,8,25,0,33,0,1,38,0,39,0,9,63,0,72,182,0,182,254
04/08/2005,LOU,KY,ASO,CE,Towers with Radar,0,4,46,0,50,0,0,125,1,126,0,4,171,1,176,142,0,142,318
04/09/2005,LOU,KY,ASO,CE,Towers with Radar,0,6,42,2,50,0,3,186,0,189,0,9,228,2,239,298,4,302,541
04/10/2005,LOU,KY,ASO,CE,Towers with Radar,0,2,39,0,41,0,2,185,7,194,0,4,224,7,235,274,0,274,509
04/11/2005,LOU,KY,ASO,CE,Towers with Radar,0,4,35,1,40,0,7,90,1,98,0,11,125,2,138,154,2,156,294
04/12/2005,LOU,KY,ASO,CE,Towers with Radar,0,8,25,0,33,0,2,26,0,28,0,10,51,0,61,118,0,118,179
04/13/2005,LOU,KY,ASO,CE,Towers with Radar,0,7,33,2,42,0,0,21,0,21,0,7,54,2,63,6,0,6,69
04/14/2005,LOU,KY,ASO,CE,Towers with Radar,0,10,39,0,49,0,6,147,0,153,0,16,186,0,202,222,0,222,424
04/15/2005,LOU,KY,ASO,CE,Towers with Radar,0,6,39,1,46,0,1,152,4,157,0,7,191,5,203,164,0,164,367
04/16/2005,LOU,KY,ASO,CE,Towers with Radar,0,4,30,1,35,0,0,244,0,244,0,4,274,1,279,212,0,212,491
04/17/2005,LOU,KY,ASO,CE,Towers with Radar,0,2,34,1,37,0,5,250,1,256,0,7,284,2,293,186,0,186,479
04/18/2005,LOU,KY,ASO,CE,Towers with Radar,0,5,19,0,24,0,6,125,0,131,0,11,144,0,155,150,0,150,305
04/19/2005,LOU,KY,ASO,CE,Towers with Radar,0,5,33,3,41,0,2,125,1,128,0,7,158,4,169,138,0,138,307
04/20/2005,LOU,KY,ASO,CE,Towers with Radar,0,19,47,0,66,0,4,139,1,144,0,23,186,1,210,140,0,140,350
04/21/2005,LOU,KY,ASO,CE,Towers with Radar,0,8,42,0,50,0,3,117,0,120,0,11,159,0,170,144,0,144,314
04/22/2005,LOU,KY,ASO,CE,Towers with Radar,0,8,33,0,41,0,0,64,0,64,0,8,97,0,105,98,0,98,203
04/23/2005,LOU,KY,ASO,CE,Towers with Radar,0,2,16,0,18,0,1,50,4,55,0,3,66,4,73,54,0,54,127
04/24/2005,LOU,KY,ASO,CE,Towers with Radar,0,3,32,0,35,0,1,51,0,52,0,4,83,0,87,38,0,38,125
04/25/2005,LOU,KY,ASO,CE,Towers with Radar,0,5,30,0,35,0,3,142,0,145,0,8,172,0,180,88,0,88,268
04/26/2005,LOU,KY,ASO,CE,Towers with Radar,0,6,35,0,41,0,1,24,0,25,0,7,59,0,66,46,0,46,112
04/27/2005,LOU,KY,ASO,CE,Towers with Radar,0,8,46,3,57,0,4,80,1,85,0,12,126,4,142,124,0,124,266
04/28/2005,LOU,KY,ASO,CE,Towers with Radar,0,16,37,2,55,0,2,38,0,40,0,18,75,2,95,146,0,146,241
04/29/2005,LOU,KY,ASO,CE,Towers with Radar,0,9,32,0,41,0,0,9,0,9,0,9,41,0,50,0,0,0,50
04/30/2005,LOU,KY,ASO,CE,Towers with Radar,0,3,28,0,31,0,0,60,0,60,0,3,88,0,91,178,0,178,269
05/01/2005,LOU,KY,ASO,CE,Towers with Radar,0,4,35,0,39,0,4,192,0,196,0,8,227,0,235,252,0,252,487
05/02/2005,LOU,KY,ASO,CE,Towers with Radar,0,3,39,2,44,0,10,87,0,97,0,13,126,2,141,78,0,78,219
05/03/2005,LOU,KY,ASO,CE,Towers with Radar,0,12,32,2,46,0,2,114,2,118,0,14,146,4,164,242,0,242,406
05/04/2005,LOU,KY,ASO,CE,Towers with Radar,0,6,37,0,43,0,5,175,1,181,0,11,212,1,224,256,0,256,480
05/05/2005,LOU,KY,ASO,CE,Towers with Radar,0,6,74,0,80,0,3,155,3,161,0,9,229,3,241,190,0,190,431
05/06/2005,LOU,KY,ASO,CE,Towers with Radar,0,12,66,0,78,0,4,174,8,186,0,16,240,8,264,290,2,292,556
05/07/2005,LOU,KY,ASO,CE,Towers with Radar,0,11,68,0,79,0,0,169,7,176,0,11,237,7,255,204,0,204,459
05/08/2005,LOU,KY,ASO,CE,Towers with Radar,0,7,84,2,93,0,3,167,5,175,0,10,251,7,268,92,0,92,360
05/09/2005,LOU,KY,ASO,CE,Towers with Radar,0,4,48,2,54,0,4,87,0,91,0,8,135,2,145,106,0,106,251
05/10/2005,LOU,KY,ASO,CE,Towers with Radar,0,6,43,0,49,0,1,95,0,96,0,7,138,0,145,176,0,176,321
05/11/2005,LOU,KY,ASO,CE,Towers with Radar,0,6,33,2,41,0,0,132,0,132,0,6,165,2,173,130,0,130,303
05/12/2005,LOU,KY,ASO,CE,Towers with Radar,0,5,57,0,62,0,3,101,0,104,0,8,158,0,166,160,0,160,326
05/13/2005,LOU,KY,ASO,CE,Towers with Radar,0,7,59,1,67,0,0,97,3,100,0,7,156,4,167,126,0,126,293
05/14/2005,LOU,KY,ASO,CE,Towers with Radar,0,6,18,0,24,0,0,58,0,58,0,6,76,0,82,66,0,66,148
05/15/2005,LOU,KY,ASO,CE,Towers with Radar,0,3,51,2,56,0,0,182,3,185,0,3,233,5,241,172,6,178,419
05/16/2005,LOU,KY,ASO,CE,Towers with Radar,0,4,26,1,31,0,0,152,1,153,0,4,178,2,184,84,0,84,268
05/17/2005,LOU,KY,ASO,CE,Towers with Radar,0,3,39,0,42,0,1,147,2,150,0,4,186,2,192,190,2,192,384
05/18/2005,LOU,KY,ASO,CE,Towers with Radar,0,9,30,1,40,0,0,170,3,173,0,9,200,4,213,144,6,150,363
05/19/2005,LOU,KY,ASO,CE,Towers with Radar,0,5,32,0,37,0,1,38,0,39,0,6,70,0,76,148,0,148,224
05/20/2005,LOU,KY,ASO,CE,Towers with Radar,0,3,55,0,58,0,0,90,4,94,0,3,145,4,152,96,0,96,248
05/21/2005,LOU,KY,ASO,CE,Towers with Radar,0,2,31,0,33,0,1,208,0,209,0,3,239,0,242,100,0,100,342
05/22/2005,LOU,KY,ASO,CE,Towers with Radar,0,7,57,0,64,0,1,155,0,156,0,8,212,0,220,110,0,110,330
05/23/2005,LOU,KY,ASO,CE,Towers with Radar,0,1,32,2,35,0,4,149,0,153,0,5,181,2,188,56,0,56,244
05/24/2005,LOU,KY,ASO,CE,Towers with Radar,0,4,47,0,51,0,2,121,1,124,0,6,168,1,175,84,0,84,259
05/25/2005,LOU,KY,ASO,CE,Towers with Radar,0,6,37,0,43,0,9,155,0,164,0,15,192,0,207,148,0,148,355
05/26/2005,LOU,KY,ASO,CE,Towers with Radar,0,8,51,0,59,0,2,150,2,154,0,10,201,2,213,172,0,172,385
05/27/2005,LOU,KY,ASO,CE,Towers with Radar,0,5,61,0,66,0,0,152,1,153,0,5,213,1,219,122,4,126,345
05/28/2005,LOU,KY,ASO,CE,Towers with Radar,0,2,33,0,35,0,0,163,0,163,0,2,196,0,198,118,0,118,316
05/29/2005,LOU,KY,ASO,CE,Towers with Radar,0,0,21,0,21,0,3,180,0,183,0,3,201,0,204,184,0,184,388
05/30/2005,LOU,KY,ASO,CE,Towers with Radar,0,0,41,0,41,0,2,120,2,124,0,2,161,2,165,150,0,150,315
05/31/2005,LOU,KY,ASO,CE,Towers with Radar,0,3,40,3,46,0,2,142,1,145,0,5,182,4,191,100,0,100,291
06/01/2005,LOU,KY,ASO,CE,Towers with Radar,0,5,33,2,40,0,1,82,1,84,0,6,115,3,124,62,0,62,186
06/02/2005,LOU,KY,ASO,CE,Towers with Radar,0,3,47,1,51,0,1,5,0,6,0,4,52,1,57,14,2,16,73
06/03/2005,LOU,KY,ASO,CE,Towers with Radar,0,3,52,0,55,0,0,33,0,33,0,3,85,0,88,22,0,22,110
06/04/2005,LOU,KY,ASO,CE,Towers with Radar,0,5,32,1,38,0,0,149,2,151,0,5,181,3,189,92,0,92,281
06/05/2005,LOU,KY,ASO,CE,Towers with Radar,0,0,34,1,35,0,0,126,2,128,0,0,160,3,163,144,0,144,307
06/06/2005,LOU,KY,ASO,CE,Towers with Radar,0,3,28,2,33,0,6,115,0,121,0,9,143,2,154,208,0,208,362
06/07/2005,LOU,KY,ASO,CE,Towers with Radar,0,3,29,1,33,0,3,111,1,115,0,6,140,2,148,126,0,126,274
06/08/2005,LOU,KY,ASO,CE,Towers with Radar,0,7,34,0,41,0,4,103,2,109,0,11,137,2,150,142,0,142,292
06/09/2005,LOU,KY,ASO,CE,Towers with Radar,0,3,52,0,55,0,4,130,0,134,0,7,182,0,189,214,0,214,403
06/10/2005,LOU,KY,ASO,CE,Towers with Radar,0,5,33,0,38,0,0,118,0,118,0,5,151,0,156,114,8,122,278
06/11/2005,LOU,KY,ASO,CE,Towers with Radar,0,2,26,3,31,0,0,105,0,105,0,2,131,3,136,148,0,148,284
06/12/2005,LOU,KY,ASO,CE,Towers with Radar,0,2,35,2,39,0,0,47,0,47,0,2,82,2,86,64,0,64,150
06/13/2005,LOU,KY,ASO,CE,Towers with Radar,0,7,50,0,57,0,8,105,0,113,0,15,155,0,170,208,0,208,378
06/14/2005,LOU,KY,ASO,CE,Towers with Radar,0,10,43,1,54,0,2,108,1,111,0,12,151,2,165,220,0,220,385
06/15/2005,LOU,KY,ASO,CE,Towers with Radar,0,6,33,0,39,0,7,123,0,130,0,13,156,0,169,166,0,166,335
06/16/2005,LOU,KY,ASO,CE,Towers with Radar,0,12,42,0,54,0,2,174,0,176,0,14,216,0,230,140,0,140,370
06/17/2005,LOU,KY,ASO,CE,Towers with Radar,0,3,47,0,50,0,0,208,2,210,0,3,255,2,260,200,0,200,460
06/18/2005,LOU,KY,ASO,CE,Towers with Radar,0,3,23,0,26,0,0,229,2,231,0,3,252,2,257,164,0,164,421
06/19/2005,LOU,KY,ASO,CE,Towers with Radar,0,0,49,0,49,0,2,164,1,167,0,2,213,1,216,120,0,120,336
06/20/2005,LOU,KY,ASO,CE,Towers with Radar,0,1,35,2,38,0,2,130,6,138,0,3,165,8,176,180,0,180,356
06/21/2005,LOU,KY,ASO,CE,Towers with Radar,0,7,49,2,58,0,2,135,1,138,0,9,184,3,196,272,8,280,476
06/22/2005,LOU,KY,ASO,CE,Towers with Radar,0,5,53,0,58,0,3,128,0,131,0,8,181,0,189,184,0,184,373
06/23/2005,LOU,KY,ASO,CE,Towers with Radar,0,7,37,2,46,0,4,156,1,161,0,11,193,3,207,160,0,160,367
06/24/2005,LOU,KY,ASO,CE,Towers with Radar,0,4,42,1,47,0,0,142,1,143,0,4,184,2,190,288,0,288,478
06/25/2005,LOU,KY,ASO,CE,Towers with Radar,0,0,24,0,24,0,0,172,1,173,0,0,196,1,197,160,0,160,357
06/26/2005,LOU,KY,ASO,CE,Towers with Radar,0,1,62,2,65,0,1,112,2,115,0,2,174,4,180,124,0,124,304
06/27/2005,LOU,KY,ASO,CE,Towers with Radar,0,3,31,1,35,0,1,82,3,86,0,4,113,4,121,338,0,338,459
06/28/2005,LOU,KY,ASO,CE,Towers with Radar,0,4,42,0,46,0,4,116,4,124,0,8,158,4,170,300,0,300,470
06/29/2005,LOU,KY,ASO,CE,Towers with Radar,0,5,39,0,44,0,6,98,11,115,0,11,137,11,159,306,0,306,465
06/30/2005,LOU,KY,ASO,CE,Towers with Radar,0,7,50,1,58,0,5,94,1,100,0,12,144,2,158,176,0,176,334
07/01/2005,LOU,KY,ASO,CE,Towers with Radar,0,2,41,0,43,0,3,149,3,155,0,5,190,3,198,186,4,190,388
07/02/2005,LOU,KY,ASO,CE,Towers with Radar,0,3,43,1,47,0,1,165,0,166,0,4,208,1,213,254,0,254,467
07/03/2005,LOU,KY,ASO,CE,Towers with Radar,0,1,15,0,16,0,2,159,0,161,0,3,174,0,177,106,0,106,283
07/04/2005,LOU,KY,ASO,CE,Towers with Radar,0,2,25,0,27,0,6,101,3,110,0,8,126,3,137,172,0,172,309
07/05/2005,LOU,KY,ASO,CE,Towers with Radar,0,1,26,0,27,0,5,73,0,78,0,6,99,0,105,318,0,318,423
07/06/2005,LOU,KY,ASO,CE,Towers with Radar,0,6,28,0,34,0,4,95,0,99,0,10,123,0,133,160,0,160,293
07/07/2005,LOU,KY,ASO,CE,Towers with Radar,0,2,21,0,23,0,1,139,0,140,0,3,160,0,163,244,0,244,407
07/08/2005,LOU,KY,ASO,CE,Towers with Radar,0,3,27,1,31,0,0,152,2,154,0,3,179,3,185,332,0,332,517
07/09/2005,LOU,KY,ASO,CE,Towers with Radar,0,0,20,7,27,0,0,213,0,213,0,0,233,7,240,260,2,262,502
07/10/2005,LOU,KY,ASO,CE,Towers with Radar,0,0,25,1,26,0,0,172,4,176,0,0,197,5,202,220,0,220,422
07/11/2005,LOU,KY,ASO,CE,Towers with Radar,0,3,22,0,25,0,1,51,0,52,0,4,73,0,77,122,0,122,199
07/12/2005,LOU,KY,ASO,CE,Towers with Radar,0,2,33,0,35,0,0,10,0,10,0,2,43,0,45,72,0,72,117
07/13/2005,LOU,KY,ASO,CE,Towers with Radar,0,2,67,0,69,0,0,13,0,13,0,2,80,0,82,4,0,4,86
07/14/2005,LOU,KY,ASO,CE,Towers with Radar,0,5,41,0,46,0,0,70,0,70,0,5,111,0,116,188,0,188,304
07/15/2005,LOU,KY,ASO,CE,Towers with Radar,0,3,44,0,47,0,0,43,0,43,0,3,87,0,90,96,6,102,192
07/16/2005,LOU,KY,ASO,CE,Towers with Radar,0,0,20,4,24,0,0,26,0,26,0,0,46,4,50,192,0,192,242
07/17/2005,LOU,KY,ASO,CE,Towers with Radar,0,1,29,3,33,0,2,51,0,53,0,3,80,3,86,154,0,154,240
07/18/2005,LOU,KY,ASO,CE,Towers with Radar,0,2,23,3,28,0,4,87,1,92,0,6,110,4,120,246,0,246,366
07/19/2005,LOU,KY,ASO,CE,Towers with Radar,0,4,44,2,50,0,5,102,1,108,0,9,146,3,158,224,8,232,390
07/20/2005,LOU,KY,ASO,CE,Towers with Radar,0,2,48,0,50,0,8,109,1,118,0,10,157,1,168,176,4,180,348
07/21/2005,LOU,KY,ASO,CE,Towers with Radar,0,4,43,0,47,0,1,126,0,127,0,5,169,0,174,196,0,196,370
07/22/2005,LOU,KY,ASO,CE,Towers with Radar,0,2,32,0,34,0,3,130,0,133,0,5,162,0,167,248,0,248,415
07/23/2005,LOU,KY,ASO,CE,Towers with Radar,0,0,31,0,31,0,0,198,0,198,0,0,229,0,229,214,0,214,443
07/24/2005,LOU,KY,ASO,CE,Towers with Radar,0,0,45,0,45,0,1,97,0,98,0,1,142,0,143,188,0,188,331
07/25/2005,LOU,KY,ASO,CE,Towers with Radar,0,3,24,1,28,0,3,91,6,100,0,6,115,7,128,88,0,88,216
07/26/2005,LOU,KY,ASO,CE,Towers with Radar,0,3,42,0,45,0,1,92,2,95,0,4,134,2,140,92,0,92,232
07/27/2005,LOU,KY,ASO,CE,Towers with Radar,0,6,48,2,56,0,0,80,1,81,0,6,128,3,137,162,0,162,299
07/28/2005,LOU,KY,ASO,CE,Towers with Radar,0,3,40,0,43,0,3,169,4,176,0,6,209,4,219,220,0,220,439
07/29/2005,LOU,KY,ASO,CE,Towers with Radar,0,5,50,0,55,0,3,170,0,173,0,8,220,0,228,206,0,206,434
07/30/2005,LOU,KY,ASO,CE,Towers with Radar,0,4,33,0,37,0,0,201,0,201,0,4,234,0,238,146,0,146,384
07/31/2005,LOU,KY,ASO,CE,Towers with Radar,0,0,34,0,34,0,2,233,0,235,0,2,267,0,269,162,0,162,431
08/01/2005,LOU,KY,ASO,CE,Towers with Radar,0,2,31,1,34,0,1,105,3,109,0,3,136,4,143,254,0,254,397
08/02/2005,LOU,KY,ASO,CE,Towers with Radar,0,5,22,0,27,0,5,135,1,141,0,10,157,1,168,224,0,224,392
08/03/2005,LOU,KY,ASO,CE,Towers with Radar,0,5,27,0,32,0,7,141,0,148,0,12,168,0,180,264,0,264,444
08/04/2005,LOU,KY,ASO,CE,Towers with Radar,0,3,47,2,52,0,1,130,0,131,0,4,177,2,183,236,0,236,419
08/05/2005,LOU,KY,ASO,CE,Towers with Radar,0,5,34,1,40,0,0,75,1,76,0,5,109,2,116,232,0,232,348
08/06/2005,LOU,KY,ASO,CE,Towers with Radar,0,7,29,0,36,0,0,161,0,161,0,7,190,0,197,236,0,236,433
08/07/2005,LOU,KY,ASO,CE,Towers with Radar,0,2,35,0,37,0,1,123,2,126,0,3,158,2,163,236,0,236,399
08/08/2005,LOU,KY,ASO,CE,Towers with Radar,0,3,28,1,32,0,5,92,5,102,0,8,120,6,134,146,0,146,280
08/09/2005,LOU,KY,ASO,CE,Towers with Radar,0,5,28,0,33,0,1,104,4,109,0,6,132,4,142,250,0,250,392
08/10/2005,LOU,KY,ASO,CE,Towers with Radar,0,2,32,0,34,0,4,100,4,108,0,6,132,4,142,250,0,250,392
08/11/2005,LOU,KY,ASO,CE,Towers with Radar,0,2,44,0,46,0,5,90,1,96,0,7,134,1,142,244,0,244,386
08/12/2005,LOU,KY,ASO,CE,Towers with Radar,0,1,37,1,39,0,0,126,2,128,0,1,163,3,167,182,0,182,349
08/13/2005,LOU,KY,ASO,CE,Towers with Radar,0,0,29,0,29,0,0,151,1,152,0,0,180,1,181,222,0,222,403
08/14/2005,LOU,KY,ASO,CE,Towers with Radar,0,0,25,1,26,0,3,126,2,131,0,3,151,3,157,216,0,216,373
08/15/2005,LOU,KY,ASO,CE,Towers with Radar,0,4,29,1,34,0,2,93,4,99,0,6,122,5,133,172,0,172,305
08/16/2005,LOU,KY,ASO,CE,Towers with Radar,0,7,35,0,42,0,5,43,0,48,0,12,78,0,90,208,0,208,298
08/17/2005,LOU,KY,ASO,CE,Towers with Radar,0,5,72,1,78,0,3,87,0,90,0,8,159,1,168,174,0,174,342
08/18/2005,LOU,KY,ASO,CE,Towers with Radar,0,7,31,0,38,0,8,85,0,93,0,15,116,0,131,180,0,180,311
08/19/2005,LOU,KY,ASO,CE,Towers with Radar,0,3,32,3,38,0,0,117,3,120,0,3,149,6,158,148,0,148,306
08/20/2005,LOU,KY,ASO,CE,Towers with Radar,0,2,15,0,17,0,0,127,0,127,0,2,142,0,144,158,0,158,302
08/21/2005,LOU,KY,ASO,CE,Towers with Radar,0,2,22,1,25,0,5,206,0,211,0,7,228,1,236,354,0,354,590
08/22/2005,LOU,KY,ASO,CE,Towers with Radar,0,7,25,0,32,0,5,79,2,86,0,12,104,2,118,152,0,152,270
08/23/2005,LOU,KY,ASO,CE,Towers with Radar,0,1,34,0,35,0,4,142,3,149,0,5,176,3,184,238,6,244,428
08/24/2005,LOU,KY,ASO,CE,Towers with Radar,0,2,31,2,35,0,1,153,1,155,0,3,184,3,190,238,0,238,428
08/25/2005,LOU,KY,ASO,CE,Towers with Radar,0,6,36,0,42,0,1,136,2,139,0,7,172,2,181,168,0,168,349
08/26/2005,LOU,KY,ASO,CE,Towers with Radar,0,1,43,0,44,0,0,36,3,39,0,1,79,3,83,108,0,108,191
08/27/2005,LOU,KY,ASO,CE,Towers with Radar,0,4,41,0,45,0,0,77,0,77,0,4,118,0,122,58,0,58,180
08/28/2005,LOU,KY,ASO,CE,Towers with Radar,0,2,32,1,35,0,0,128,2,130,0,2,160,3,165,112,0,112,277
08/29/2005,LOU,KY,ASO,CE,Towers with Radar,0,5,33,0,38,0,7,21,0,28,0,12,54,0,66,82,0,82,148
08/30/2005,LOU,KY,ASO,CE,Towers with Radar,0,2,12,0,14,0,0,1,0,1,0,2,13,0,15,2,0,2,17
08/31/2005,LOU,KY,ASO,CE,Towers with Radar,0,7,25,0,32,0,1,98,0,99,0,8,123,0,131,162,0,162,293
09/01/2005,LOU,KY,ASO,CE,Towers with Radar,0,4,43,0,47,0,3,124,3,130,0,7,167,3,177,222,4,226,403
09/02/2005,LOU,KY,ASO,CE,Towers with Radar,0,5,33,0,38,0,1,175,0,176,0,6,208,0,214,200,0,200,414
09/03/2005,LOU,KY,ASO,CE,Towers with Radar,0,2,19,0,21,0,1,179,0,180,0,3,198,0,201,232,0,232,433
09/04/2005,LOU,KY,ASO,CE,Towers with Radar,0,3,19,0,22,0,4,151,0,155,0,7,170,0,177,132,0,132,309
09/05/2005,LOU,KY,ASO,CE,Towers with Radar,0,0,39,1,40,0,0,230,1,231,0,0,269,2,271,256,0,256,527
09/06/2005,LOU,KY,ASO,CE,Towers with Radar,0,3,24,3,30,0,0,102,1,103,0,3,126,4,133,210,0,210,343
09/07/2005,LOU,KY,ASO,CE,Towers with Radar,0,1,30,2,33,0,0,137,0,137,0,1,167,2,170,192,0,192,362
09/08/2005,LOU,KY,ASO,CE,Towers with Radar,0,7,48,0,55,0,5,119,1,125,0,12,167,1,180,208,0,208,388
09/09/2005,LOU,KY,ASO,CE,Towers with Radar,0,10,65,2,77,0,1,107,1,109,0,11,172,3,186,204,0,204,390
09/10/2005,LOU,KY,ASO,CE,Towers with Radar,0,1,42,0,43,0,0,154,0,154,0,1,196,0,197,142,0,142,339
09/11/2005,LOU,KY,ASO,CE,Towers with Radar,0,2,39,3,44,0,1,172,0,173,0,3,211,3,217,284,0,284,501
09/12/2005,LOU,KY,ASO,CE,Towers with Radar,0,6,34,2,42,0,4,97,0,101,0,10,131,2,143,186,0,186,329
09/13/2005,LOU,KY,ASO,CE,Towers with Radar,0,7,27,2,36,0,4,100,0,104,0,11,127,2,140,210,0,210,350
09/14/2005,LOU,KY,ASO,CE,Towers with Radar,0,7,43,0,50,0,2,104,0,106,0,9,147,0,156,236,0,236,392
09/15/2005,LOU,KY,ASO,CE,Towers with Radar,0,2,37,0,39,0,2,75,2,79,0,4,112,2,118,182,0,182,300
09/16/2005,LOU,KY,ASO,CE,Towers with Radar,0,3,54,2,59,0,1,106,1,108,0,4,160,3,167,120,0,120,287
09/17/2005,LOU,KY,ASO,CE,Towers with Radar,0,0,31,0,31,0,2,89,1,92,0,2,120,1,123,118,0,118,241
09/18/2005,LOU,KY,ASO,CE,Towers with Radar,0,3,52,1,56,0,2,162,2,166,0,5,214,3,222,134,0,134,356
09/19/2005,LOU,KY,ASO,CE,Towers with Radar,0,1,26,2,29,0,6,111,0,117,0,7,137,2,146,114,0,114,260
09/20/2005,LOU,KY,ASO,CE,Towers with Radar,0,1,30,0,31,0,0,83,0,83,0,1,113,0,114,154,0,154,268
09/21/2005,LOU,KY,ASO,CE,Towers with Radar,0,2,42,0,44,0,2,100,0,102,0,4,142,0,146,158,0,158,304
09/22/2005,LOU,KY,ASO,CE,Towers with Radar,0,10,42,0,52,0,5,116,0,121,0,15,158,0,173,166,2,168,341
09/23/2005,LOU,KY,ASO,CE,Towers with Radar,0,4,42,0,46,0,4,111,1,116,0,8,153,1,162,174,0,174,336
09/24/2005,LOU,KY,ASO,CE,Towers with Radar,0,4,48,1,53,0,2,189,3,194,0,6,237,4,247,104,0,104,351
09/25/2005,LOU,KY,ASO,CE,Towers with Radar,0,2,27,0,29,0,0,35,0,35,0,2,62,0,64,60,0,60,124
09/26/2005,LOU,KY,ASO,CE,Towers with Radar,0,6,32,0,38,0,3,44,0,47,0,9,76,0,85,142,0,142,227
09/27/2005,LOU,KY,ASO,CE,Towers with Radar,0,2,42,1,45,0,4,159,6,169,0,6,201,7,214,222,0,222,436
09/28/2005,LOU,KY,ASO,CE,Towers with Radar,0,3,52,0,55,0,1,118,0,119,0,4,170,0,174,192,0,192,366
09/29/2005,LOU,KY,ASO,CE,Towers with Radar,0,3,44,0,47,0,0,125,2,127,0,3,169,2,174,176,0,176,350
09/30/2005,LOU,KY,ASO,CE,Towers with Radar,0,3,48,0,51,0,0,190,1,191,0,3,238,1,242,212,0,212,454
10/01/2005,LOU,KY,ASO,CE,Towers with Radar,0,1,41,0,42,0,2,209,0,211,0,3,250,0,253,182,0,182,435
10/02/2005,LOU,KY,ASO,CE,Towers with Radar,0,2,49,0,51,0,1,165,0,166,0,3,214,0,217,320,0,320,537
10/03/2005,LOU,KY,ASO,CE,Towers with Radar,0,5,23,1,29,0,4,127,0,131,0,9,150,1,160,244,0,244,404
10/04/2005,LOU,KY,ASO,CE,Towers with Radar,0,5,35,0,40,0,4,125,0,129,0,9,160,0,169,162,0,162,331
10/05/2005,LOU,KY,ASO,CE,Towers with Radar,0,1,63,0,64,0,2,127,0,129,0,3,190,0,193,272,0,272,465
10/06/2005,LOU,KY,ASO,CE,Towers with Radar,0,1,35,0,36,0,1,95,0,96,0,2,130,0,132,192,0,192,324
10/07/2005,LOU,KY,ASO,CE,Towers with Radar,0,3,37,0,40,0,1,49,0,50,0,4,86,0,90,74,0,74,164
10/08/2005,LOU,KY,ASO,CE,Towers with Radar,0,2,37,0,39,0,4,192,0,196,0,6,229,0,235,168,0,168,403
10/09/2005,LOU,KY,ASO,CE,Towers with Radar,0,4,47,0,51,0,3,82,0,85,0,7,129,0,136,84,0,84,220
10/10/2005,LOU,KY,ASO,CE,Towers with Radar,0,0,54,0,54,0,1,33,0,34,0,1,87,0,88,194,0,194,282
10/11/2005,LOU,KY,ASO,CE,Towers with Radar,0,8,41,0,49,0,2,110,0,112,0,10,151,0,161,186,0,186,347
10/12/2005,LOU,KY,ASO,CE,Towers with Radar,0,4,58,0,62,0,2,110,2,114,0,6,168,2,176,246,6,252,428
10/13/2005,LOU,KY,ASO,CE,Towers with Radar,0,5,51,0,56,0,0,82,0,82,0,5,133,0,138,188,0,188,326
10/14/2005,LOU,KY,ASO,CE,Towers with Radar,0,4,47,0,51,0,2,156,0,158,0,6,203,0,209,198,0,198,407
10/15/2005,LOU,KY,ASO,CE,Towers with Radar,0,0,39,0,39,0,4,213,0,217,0,4,252,0,256,152,0,152,408
10/16/2005,LOU,KY,ASO,CE,Towers with Radar,0,0,32,0,32,0,1,219,0,220,0,1,251,0,252,156,0,156,408
10/17/2005,LOU,KY,ASO,CE,Towers with Radar,0,1,37,0,38,0,0,122,0,122,0,1,159,0,160,106,0,106,266
10/18/2005,LOU,KY,ASO,CE,Towers with Radar,0,7,32,0,39,0,0,148,0,148,0,7,180,0,187,152,0,152,339
10/19/2005,LOU,KY,ASO,CE,Towers with Radar,0,7,39,2,48,0,5,151,0,156,0,12,190,2,204,134,0,134,338
10/20/2005,LOU,KY,ASO,CE,Towers with Radar,0,2,34,0,36,0,0,79,0,79,0,2,113,0,115,180,0,180,295
10/21/2005,LOU,KY,ASO,CE,Towers with Radar,0,5,57,0,62,0,0,16,0,16,0,5,73,0,78,44,0,44,122
10/22/2005,LOU,KY,ASO,CE,Towers with Radar,0,0,29,0,29,0,3,132,0,135,0,3,161,0,164,132,0,132,296
10/23/2005,LOU,KY,ASO,CE,Towers with Radar,0,2,33,1,36,0,2,6,0,8,0,4,39,1,44,0,0,0,44
10/24/2005,LOU,KY,ASO,CE,Towers with Radar,0,4,33,0,37,0,5,47,0,52,0,9,80,0,89,70,0,70,159
10/25/2005,LOU,KY,ASO,CE,Towers with Radar,0,1,32,0,33,0,3,57,0,60,0,4,89,0,93,178,0,178,271
10/26/2005,LOU,KY,ASO,CE,Towers with Radar,0,5,54,1,60,0,9,115,0,124,0,14,169,1,184,172,0,172,356
10/27/2005,LOU,KY,ASO,CE,Towers with Radar,0,9,41,0,50,0,3,145,0,148,0,12,186,0,198,80,0,80,278
10/28/2005,LOU,KY,ASO,CE,Towers with Radar,0,5,54,0,59,0,0,138,1,139,0,5,192,1,198,92,0,92,290
10/29/2005,LOU,KY,ASO,CE,Towers with Radar,0,3,29,0,32,0,0,204,0,204,0,3,233,0,236,198,10,208,444
10/30/2005,LOU,KY,ASO,CE,Towers with Radar,0,0,31,0,31,0,2,242,2,246,0,2,273,2,277,198,4,202,479
10/31/2005,LOU,KY,ASO,CE,Towers with Radar,0,2,34,1,37,0,3,117,0,120,0,5,151,1,157,154,0,154,311
11/01/2005,LOU,KY,ASO,CE,Towers with Radar,0,3,25,0,28,0,1,61,0,62,0,4,86,0,90,128,0,128,218
11/02/2005,LOU,KY,ASO,CE,Towers with Radar,0,4,28,2,34,0,2,143,0,145,0,6,171,2,179,236,0,236,415
11/03/2005,LOU,KY,ASO,CE,Towers with Radar,0,4,34,0,38,0,0,138,1,139,0,4,172,1,177,178,0,178,355
11/04/2005,LOU,KY,ASO,CE,Towers with Radar,0,5,41,0,46,0,1,84,2,87,0,6,125,2,133,130,0,130,263
11/05/2005,LOU,KY,ASO,CE,Towers with Radar,0,2,21,0,23,0,2,114,2,118,0,4,135,2,141,84,0,84,225
11/06/2005,LOU,KY,ASO,CE,Towers with Radar,0,1,49,1,51,0,7,101,0,108,0,8,150,1,159,152,0,152,311
11/07/2005,LOU,KY,ASO,CE,Towers with Radar,0,4,35,0,39,0,5,116,1,122,0,9,151,1,161,260,0,260,421
11/08/2005,LOU,KY,ASO,CE,Towers with Radar,0,7,36,0,43,0,5,90,0,95,0,12,126,0,138,80,0,80,218
11/09/2005,LOU,KY,ASO,CE,Towers with Radar,0,2,22,0,24,0,1,55,0,56,0,3,77,0,80,138,0,138,218
11/10/2005,LOU,KY,ASO,CE,Towers with Radar,0,2,15,2,19,0,1,148,1,150,0,3,163,3,169,192,0,192,361
11/11/2005,LOU,KY,ASO,CE,Towers with Radar,0,4,30,0,34,0,2,188,1,191,0,6,218,1,225,192,0,192,417
11/12/2005,LOU,KY,ASO,CE,Towers with Radar,0,4,20,0,24,0,8,191,1,200,0,12,211,1,224,100,0,100,324
11/13/2005,LOU,KY,ASO,CE,Towers with Radar,0,0,37,0,37,0,5,57,0,62,0,5,94,0,99,122,0,122,221
11/14/2005,LOU,KY,ASO,CE,Towers with Radar,0,2,34,0,36,0,0,36,0,36,0,2,70,0,72,92,0,92,164
11/15/2005,LOU,KY,ASO,CE,Towers with Radar,0,2,14,0,16,0,2,4,0,6,0,4,18,0,22,0,0,0,22
11/16/2005,LOU,KY,ASO,CE,Towers with Radar,0,7,22,0,29,0,4,32,0,36,0,11,54,0,65,72,0,72,137
11/17/2005,LOU,KY,ASO,CE,Towers with Radar,0,4,49,0,53,0,3,86,5,94,0,7,135,5,147,88,0,88,235
11/18/2005,LOU,KY,ASO,CE,Towers with Radar,0,4,35,0,39,0,1,98,0,99,0,5,133,0,138,182,0,182,320
11/19/2005,LOU,KY,ASO,CE,Towers with Radar,0,3,21,0,24,0,0,166,0,166,0,3,187,0,190,184,0,184,374
11/20/2005,LOU,KY,ASO,CE,Towers with Radar,0,2,37,0,39,0,1,160,3,164,0,3,197,3,203,268,0,268,471
11/21/2005,LOU,KY,ASO,CE,Towers with Radar,0,6,25,1,32,0,1,79,4,84,0,7,104,5,116,124,0,124,240
11/22/2005,LOU,KY,ASO,CE,Towers with Radar,0,2,47,0,49,0,0,87,1,88,0,2,134,1,137,130,0,130,267
11/23/2005,LOU,KY,ASO,CE,Towers with Radar,0,4,51,0,55,0,1,64,0,65,0,5,115,0,120,128,0,128,248
11/24/2005,LOU,KY,ASO,CE,Towers with Radar,0,0,8,0,8,0,1,39,0,40,0,1,47,0,48,16,0,16,64
11/25/2005,LOU,KY,ASO,CE,Towers with Radar,0,5,25,0,30,0,0,104,0,104,0,5,129,0,134,100,0,100,234
11/26/2005,LOU,KY,ASO,CE,Towers with Radar,0,1,33,0,34,0,2,134,0,136,0,3,167,0,170,152,0,152,322
11/27/2005,LOU,KY,ASO,CE,Towers with Radar,0,2,53,0,55,0,3,41,0,44,0,5,94,0,99,92,0,92,191
11/28/2005,LOU,KY,ASO,CE,Towers with Radar,0,1,14,0,15,0,1,8,0,9,0,2,22,0,24,10,0,10,34
11/29/2005,LOU,KY,ASO,CE,Towers with Radar,0,4,33,1,38,0,0,56,0,56,0,4,89,1,94,64,0,64,158
11/30/2005,LOU,KY,ASO,CE,Towers with Radar,0,1,35,2,38,0,6,128,1,135,0,7,163,3,173,156,0,156,329
12/01/2005,LOU,KY,ASO,CE,Towers with Radar,0,1,23,0,24,0,3,35,0,38,0,4,58,0,62,70,0,70,132
12/02/2005,LOU,KY,ASO,CE,Towers with Radar,0,4,29,0,33,0,6,107,0,113,0,10,136,0,146,168,0,168,314
12/03/2005,LOU,KY,ASO,CE,Towers with Radar,0,0,20,0,20,0,0,62,0,62,0,0,82,0,82,64,0,64,146
12/04/2005,LOU,KY,ASO,CE,Towers with Radar,0,0,27,0,27,0,1,31,0,32,0,1,58,0,59,144,0,144,203
12/05/2005,LOU,KY,ASO,CE,Towers with Radar,0,4,19,0,23,0,1,42,1,44,0,5,61,1,67,126,0,126,193
12/06/2005,LOU,KY,ASO,CE,Towers with Radar,0,1,40,0,41,0,5,46,0,51,0,6,86,0,92,50,6,56,148
12/07/2005,LOU,KY,ASO,CE,Towers with Radar,0,1,29,0,30,0,4,91,4,99,0,5,120,4,129,190,14,204,333
12/08/2005,LOU,KY,ASO,CE,Towers with Radar,0,6,8,0,14,0,1,0,0,1,0,7,8,0,15,8,0,8,23
12/09/2005,LOU,KY,ASO,CE,Towers with Radar,0,4,24,0,28,0,2,19,0,21,0,6,43,0,49,4,0,4,53
12/10/2005,LOU,KY,ASO,CE,Towers with Radar,0,2,22,1,25,0,0,94,0,94,0,2,116,1,119,132,0,132,251
12/11/2005,LOU,KY,ASO,CE,Towers with Radar,0,2,15,0,17,0,0,54,0,54,0,2,69,0,71,62,0,62,133
12/12/2005,LOU,KY,ASO,CE,Towers with Radar,0,3,27,0,30,0,6,46,0,52,0,9,73,0,82,86,0,86,168
12/13/2005,LOU,KY,ASO,CE,Towers with Radar,0,3,31,0,34,0,4,97,0,101,0,7,128,0,135,140,0,140,275
12/14/2005,LOU,KY,ASO,CE,Towers with Radar,0,2,26,0,28,0,0,18,0,18,0,2,44,0,46,20,0,20,66
12/15/2005,LOU,KY,ASO,CE,Towers with Radar,0,6,21,0,27,0,2,15,0,17,0,8,36,0,44,16,0,16,60
12/16/2005,LOU,KY,ASO,CE,Towers with Radar,0,2,39,1,42,0,4,78,2,84,0,6,117,3,126,42,0,42,168
12/17/2005,LOU,KY,ASO,CE,Towers with Radar,0,4,27,0,31,0,0,129,1,130,0,4,156,1,161,178,0,178,339
12/18/2005,LOU,KY,ASO,CE,Towers with Radar,0,0,9,0,9,0,3,109,1,113,0,3,118,1,122,154,0,154,276
12/19/2005,LOU,KY,ASO,CE,Towers with Radar,0,6,26,1,33,0,5,76,0,81,0,11,102,1,114,90,0,90,204
12/20/2005,LOU,KY,ASO,CE,Towers with Radar,0,5,21,0,26,0,6,97,0,103,0,11,118,0,129,100,0,100,229
12/21/2005,LOU,KY,ASO,CE,Towers with Radar,0,7,23,1,31,0,0,116,0,116,0,7,139,1,147,140,0,140,287
12/22/2005,LOU,KY,ASO,CE,Towers with Radar,0,3,35,1,39,0,4,111,1,116,0,7,146,2,155,146,0,146,301
12/23/2005,LOU,KY,ASO,CE,Towers with Radar,0,3,23,2,28,0,2,118,0,120,0,5,141,2,148,62,0,62,210
12/24/2005,LOU,KY,ASO,CE,Towers with Radar,0,2,7,0,9,0,0,51,0,51,0,2,58,0,60,42,0,42,102
12/25/2005,LOU,KY,ASO,CE,Towers with Radar,0,2,5,0,7,0,0,0,0,0,0,2,5,0,7,0,0,0,7
12/26/2005,LOU,KY,ASO,CE,Towers with Radar,0,2,27,0,29,0,3,42,2,47,0,5,69,2,76,122,6,128,204
12/27/2005,LOU,KY,ASO,CE,Towers with Radar,0,5,40,0,45,0,4,137,5,146,0,9,177,5,191,156,0,156,347
12/28/2005,LOU,KY,ASO,CE,Towers with Radar,0,3,27,0,30,0,2,25,2,29,0,5,52,2,59,8,0,8,67
12/29/2005,LOU,KY,ASO,CE,Towers with Radar,0,1,27,0,28,0,0,12,0,12,0,1,39,0,40,22,0,22,62
12/30/2005,LOU,KY,ASO,CE,Towers with Radar,0,1,26,0,27,0,1,63,0,64,0,2,89,0,91,144,0,144,235
12/31/2005,LOU,KY,ASO,CE,Towers with Radar,0,0,12,0,12,0,0,92,0,92,0,0,104,0,104,162,0,162,266
01/01/2006,LOU,KY,ASO,CE,Towers with Radar,0,0,18,0,18,0,0,121,0,121,0,0,139,0,139,194,0,194,333
01/02/2006,LOU,KY,ASO,CE,Towers with Radar,0,1,24,0,25,0,6,50,0,56,0,7,74,0,81,126,0,126,207
01/03/2006,LOU,KY,ASO,CE,Towers with Radar,0,1,49,0,50,0,0,0,0,0,0,1,49,0,50,0,0,0,50
01/04/2006,LOU,KY,ASO,CE,Towers with Radar,0,4,40,0,44,0,0,118,0,118,0,4,158,0,162,168,0,168,330
01/05/2006,LOU,KY,ASO,CE,Towers with Radar,0,3,20,0,23,0,5,27,0,32,0,8,47,0,55,136,0,136,191
01/06/2006,LOU,KY,ASO,CE,Towers with Radar,0,4,34,0,38,0,0,54,0,54,0,4,88,0,92,68,0,68,160
01/07/2006,LOU,KY,ASO,CE,Towers with Radar,0,4,16,2,22,0,0,140,0,140,0,4,156,2,162,154,0,154,316
01/08/2006,LOU,KY,ASO,CE,Towers with Radar,0,6,20,0,26,0,0,85,0,85,0,6,105,0,111,36,0,36,147
01/09/2006,LOU,KY,ASO,CE,Towers with Radar,0,1,24,0,25,0,6,89,0,95,0,7,113,0,120,232,0,232,352
01/10/2006,LOU,KY,ASO,CE,Towers with Radar,0,3,20,0,23,0,0,10,0,10,0,3,30,0,33,4,0,4,37
01/11/2006,LOU,KY,ASO,CE,Towers with Radar,0,5,24,0,29,0,1,37,0,38,0,6,61,0,67,62,0,62,129
01/12/2006,LOU,KY,ASO,CE,Towers with Radar,0,3,26,1,30,0,1,160,3,164,0,4,186,4,194,144,0,144,338
01/13/2006,LOU,KY,ASO,CE,Towers with Radar,0,4,19,0,23,0,0,7,0,7,0,4,26,0,30,0,0,0,30
01/14/2006,LOU,KY,ASO,CE,Towers with Radar,0,4,21,0,25,0,0,73,2,75,0,4,94,2,100,220,6,226,326
01/15/2006,LOU,KY,ASO,CE,Towers with Radar,0,2,22,0,24,0,1,176,2,179,0,3,198,2,203,382,0,382,585
01/16/2006,LOU,KY,ASO,CE,Towers with Radar,0,2,17,1,20,0,1,89,2,92,0,3,106,3,112,106,0,106,218
01/17/2006,LOU,KY,ASO,CE,Towers with Radar,0,2,12,0,14,0,0,0,0,0,0,2,12,0,14,0,0,0,14
01/18/2006,LOU,KY,ASO,CE,Towers with Radar,0,9,19,0,28,0,10,51,0,61,0,19,70,0,89,60,0,60,149
01/19/2006,LOU,KY,ASO,CE,Towers with Radar,0,1,16,0,17,0,2,88,0,90,0,3,104,0,107,28,0,28,135
01/20/2006,LOU,KY,ASO,CE,Towers with Radar,0,2,29,0,31,0,0,93,1,94,0,2,122,1,125,232,0,232,357
01/21/2006,LOU,KY,ASO,CE,Towers with Radar,0,2,13,0,15,0,1,98,0,99,0,3,111,0,114,196,0,196,310
01/22/2006,LOU,KY,ASO,CE,Towers with Radar,0,3,14,0,17,0,0,93,4,97,0,3,107,4,114,138,6,144,258
01/23/2006,LOU,KY,ASO,CE,Towers with Radar,0,6,26,0,32,0,1,72,2,75,0,7,98,2,107,206,0,206,313
01/24/2006,LOU,KY,ASO,CE,Towers with Radar,0,3,33,0,36,0,4,61,0,65,0,7,94,0,101,102,0,102,203
01/25/2006,LOU,KY,ASO,CE,Towers with Radar,0,2,29,0,31,0,0,69,0,69,0,2,98,0,100,124,0,124,224
01/26/2006,LOU,KY,ASO,CE,Towers with Radar,0,6,34,0,40,0,5,158,1,164,0,11,192,1,204,302,0,302,506
01/27/2006,LOU,KY,ASO,CE,Towers with Radar,0,3,30,2,35,0,0,133,3,136,0,3,163,5,171,220,10,230,401
01/28/2006,LOU,KY,ASO,CE,Towers with Radar,0,2,11,1,14,0,0,160,0,160,0,2,171,1,174,136,0,136,310
01/29/2006,LOU,KY,ASO,CE,Towers with Radar,0,0,10,0,10,0,1,19,0,20,0,1,29,0,30,26,0,26,56
01/30/2006,LOU,KY,ASO,CE,Towers with Radar,0,6,34,0,40,0,2,63,0,65,0,8,97,0,105,92,0,92,197
01/31/2006,LOU,KY,ASO,CE,Towers with Radar,0,2,37,0,39,0,3,57,4,64,0,5,94,4,103,146,12,158,261
02/01/2006,LOU,KY,ASO,CE,Towers with Radar,0,4,27,0,31,0,2,84,0,86,0,6,111,0,117,134,0,134,251
02/02/2006,LOU,KY,ASO,CE,Towers with Radar,0,6,27,1,34,0,8,40,0,48,0,14,67,1,82,74,0,74,156
02/03/2006,LOU,KY,ASO,CE,Towers with Radar,0,2,28,0,30,0,0,55,0,55,0,2,83,0,85,72,0,72,157
02/04/2006,LOU,KY,ASO,CE,Towers with Radar,0,0,6,0,6,0,0,1,0,1,0,0,7,0,7,4,0,4,11
02/05/2006,LOU,KY,ASO,CE,Towers with Radar,0,2,22,2,26,0,2,33,1,36,0,4,55,3,62,144,0,144,206
02/06/2006,LOU,KY,ASO,CE,Towers with Radar,0,10,34,0,44,0,2,92,2,96,0,12,126,2,140,88,0,88,228
02/07/2006,LOU,KY,ASO,CE,Towers with Radar,0,2,33,0,35,0,7,122,0,129,0,9,155,0,164,180,2,182,346
02/08/2006,LOU,KY,ASO,CE,Towers with Radar,0,2,40,0,42,0,5,67,0,72,0,7,107,0,114,98,0,98,212
02/09/2006,LOU,KY,ASO,CE,Towers with Radar,0,2,27,0,29,0,0,114,0,114,0,2,141,0,143,252,0,252,395
02/10/2006,LOU,KY,ASO,CE,Towers with Radar,0,4,27,0,31,0,0,66,0,66,0,4,93,0,97,108,4,112,209
02/11/2006,LOU,KY,ASO,CE,Towers with Radar,0,2,5,0,7,0,0,41,0,41,0,2,46,0,48,140,0,140,188
02/12/2006,LOU,KY,ASO,CE,Towers with Radar,0,2,25,0,27,0,0,32,0,32,0,2,57,0,59,70,0,70,129
02/13/2006,LOU,KY,ASO,CE,Towers with Radar,0,3,22,2,27,0,6,56,2,64,0,9,78,4,91,114,0,114,205
02/14/2006,LOU,KY,ASO,CE,Towers with Radar,0,2,34,2,38,0,3,107,3,113,0,5,141,5,151,134,14,148,299
02/15/2006,LOU,KY,ASO,CE,Towers with Radar,0,6,39,0,45,0,5,93,0,98,0,11,132,0,143,140,0,140,283
02/16/2006,LOU,KY,ASO,CE,Towers with Radar,0,4,32,0,36,0,9,35,0,44,0,13,67,0,80,14,0,14,94
02/17/2006,LOU,KY,ASO,CE,Towers with Radar,0,3,35,0,38,0,1,111,0,112,0,4,146,0,150,116,0,116,266
02/18/2006,LOU,KY,ASO,CE,Towers with Radar,0,3,12,0,15,0,0,23,0,23,0,3,35,0,38,6,0,6,44
02/19/2006,LOU,KY,ASO,CE,Towers with Radar,0,2,28,0,30,0,0,118,0,118,0,2,146,0,148,104,0,104,252
02/20/2006,LOU,KY,ASO,CE,Towers with Radar,0,3,26,0,29,0,2,75,0,77,0,5,101,0,106,150,0,150,256
02/21/2006,LOU,KY,ASO,CE,Towers with Radar,0,3,42,0,45,0,9,100,1,110,0,12,142,1,155,232,0,232,387
02/22/2006,LOU,KY,ASO,CE,Towers with Radar,0,5,31,0,36,0,1,39,1,41,0,6,70,1,77,110,0,110,187
02/23/2006,LOU,KY,ASO,CE,Towers with Radar,0,3,43,1,47,0,9,110,1,120,0,12,153,2,167,184,2,186,353
02/24/2006,LOU,KY,ASO,CE,Towers with Radar,0,3,32,0,35,0,1,187,3,191,0,4,219,3,226,248,0,248,474
02/25/2006,LOU,KY,ASO,CE,Towers with Radar,0,6,35,0,41,0,0,155,1,156,0,6,190,1,197,94,0,94,291
02/26/2006,LOU,KY,ASO,CE,Towers with Radar,0,0,25,0,25,0,0,188,2,190,0,0,213,2,215,174,0,174,389
02/27/2006,LOU,KY,ASO,CE,Towers with Radar,0,3,26,0,29,0,6,78,3,87,0,9,104,3,116,66,0,66,182
02/28/2006,LOU,KY,ASO,CE,Towers with Radar,0,4,32,0,36,0,1,117,7,125,0,5,149,7,161,248,0,248,409
03/01/2006,LOU,KY,ASO,CE,Towers with Radar,0,4,27,0,31,0,4,81,1,86,0,8,108,1,117,194,0,194,311
03/02/2006,LOU,KY,ASO,CE,Towers with Radar,0,3,36,0,39,0,6,52,5,63,0,9,88,5,102,28,0,28,130
03/03/2006,LOU,KY,ASO,CE,Towers with Radar,0,1,2,4,7,0,1,130,0,131,0,2,132,4,138,54,0,54,192
03/04/2006,LOU,KY,ASO,CE,Towers with Radar,0,2,24,0,26,0,0,233,0,233,0,2,257,0,259,236,0,236,495
03/05/2006,LOU,KY,ASO,CE,Towers with Radar,0,1,27,0,28,0,1,105,0,106,0,2,132,0,134,156,0,156,290
03/06/2006,LOU,KY,ASO,CE,Towers with Radar,0,4,37,0,41,0,0,22,0,22,0,4,59,0,63,74,0,74,137
03/07/2006,LOU,KY,ASO,CE,Towers with Radar,0,2,45,1,48,0,7,151,8,166,0,9,196,9,214,246,8,254,468
03/08/2006,LOU,KY,ASO,CE,Towers with Radar,0,4,33,0,37,0,3,52,0,55,0,7,85,0,92,164,0,164,256
03/09/2006,LOU,KY,ASO,CE,Towers with Radar,0,1,20,0,21,0,0,14,0,14,0,1,34,0,35,32,0,32,67
03/10/2006,LOU,KY,ASO,CE,Towers with Radar,0,2,30,0,32,0,3,88,0,91,0,5,118,0,123,198,0,198,321
03/11/2006,LOU,KY,ASO,CE,Towers with Radar,0,0,9,0,9,0,1,20,0,21,0,1,29,0,30,54,0,54,84
03/12/2006,LOU,KY,ASO,CE,Towers with Radar,0,1,16,0,17,0,0,8,0,8,0,1,24,0,25,44,0,44,69
03/13/2006,LOU,KY,ASO,CE,Towers with Radar,0,2,11,0,13,0,0,5,0,5,0,2,16,0,18,8,0,8,26
03/14/2006,LOU,KY,ASO,CE,Towers with Radar,0,2,26,0,28,0,3,96,2,101,0,5,122,2,129,84,0,84,213
03/15/2006,LOU,KY,ASO,CE,Towers with Radar,0,3,41,1,45,0,6,161,6,173,0,9,202,7,218,218,0,218,436
03/16/2006,LOU,KY,ASO,CE,Towers with Radar,0,5,20,0,25,0,3,105,0,108,0,8,125,0,133,54,0,54,187
03/17/2006,LOU,KY,ASO,CE,Towers with Radar,0,1,40,0,41,0,3,84,0,87,0,4,124,0,128,298,0,298,426
03/18/2006,LOU,KY,ASO,CE,Towers with Radar,0,0,30,0,30,0,2,221,1,224,0,2,251,1,254,230,0,230,484
03/19/2006,LOU,KY,ASO,CE,Towers with Radar,0,2,33,0,35,0,1,162,0,163,0,3,195,0,198,156,0,156,354
03/20/2006,LOU,KY,ASO,CE,Towers with Radar,0,1,17,0,18,0,1,60,0,61,0,2,77,0,79,106,0,106,185
03/21/2006,LOU,KY,ASO,CE,Towers with Radar,0,2,10,0,12,0,0,0,0,0,0,2,10,0,12,2,0,2,14
03/22/2006,LOU,KY,ASO,CE,Towers with Radar,0,2,53,0,55,0,1,161,0,162,0,3,214,0,217,152,0,152,369
03/23/2006,LOU,KY,ASO,CE,Towers with Radar,0,2,50,0,52,0,0,100,0,100,0,2,150,0,152,138,0,138,290
03/24/2006,LOU,KY,ASO,CE,Towers with Radar,0,3,46,0,49,0,3,75,0,78,0,6,121,0,127,158,0,158,285
03/25/2006,LOU,KY,ASO,CE,Towers with Radar,0,1,25,0,26,0,1,95,0,96,0,2,120,0,122,128,0,128,250
03/26/2006,LOU,KY,ASO,CE,Towers with Radar,0,1,31,0,32,0,2,139,0,141,0,3,170,0,173,166,0,166,339
03/27/2006,LOU,KY,ASO,CE,Towers with Radar,0,1,21,0,22,0,0,73,0,73,0,1,94,0,95,120,0,120,215
03/28/2006,LOU,KY,ASO,CE,Towers with Radar,0,3,37,0,40,0,3,59,2,64,0,6,96,2,104,144,0,144,248
03/29/2006,LOU,KY,ASO,CE,Towers with Radar,0,12,46,0,58,0,2,77,5,84,0,14,123,5,142,186,12,198,340
03/30/2006,LOU,KY,ASO,CE,Towers with Radar,0,2,44,0,46,0,2,164,0,166,0,4,208,0,212,282,0,282,494
03/31/2006,LOU,KY,ASO,CE,Towers with Radar,0,4,29,0,33,0,3,21,0,24,0,7,50,0,57,22,0,22,79
04/01/2006,LOU,KY,ASO,CE,Towers with Radar,0,0,46,0,46,0,2,174,0,176,0,2,220,0,222,108,0,108,330
04/02/2006,LOU,KY,ASO,CE,Towers with Radar,0,0,21,0,21,0,2,54,2,58,0,2,75,2,79,90,0,90,169
04/03/2006,LOU,KY,ASO,CE,Towers with Radar,0,0,21,0,21,0,4,20,0,24,0,4,41,0,45,16,0,16,61
04/04/2006,LOU,KY,ASO,CE,Towers with Radar,0,3,32,3,38,0,2,101,0,103,0,5,133,3,141,104,0,104,245
04/05/2006,LOU,KY,ASO,CE,Towers with Radar,0,5,33,0,38,0,1,139,0,140,0,6,172,0,178,142,0,142,320
04/06/2006,LOU,KY,ASO,CE,Towers with Radar,0,3,26,0,29,0,6,45,0,51,0,9,71,0,80,122,0,122,202
04/07/2006,LOU,KY,ASO,CE,Towers with Radar,0,2,35,0,37,0,0,42,0,42,0,2,77,0,79,16,0,16,95
04/08/2006,LOU,KY,ASO,CE,Towers with Radar,0,1,33,1,35,0,1,71,3,75,0,2,104,4,110,66,0,66,176
04/09/2006,LOU,KY,ASO,CE,Towers with Radar,0,3,56,0,59,0,6,193,0,199,0,9,249,0,258,318,0,318,576
04/10/2006,LOU,KY,ASO,CE,Towers with Radar,0,3,32,2,37,0,2,146,0,148,0,5,178,2,185,182,0,182,367
04/11/2006,LOU,KY,ASO,CE,Towers with Radar,0,2,30,2,34,0,3,96,1,100,0,5,126,3,134,126,0,126,260
04/12/2006,LOU,KY,ASO,CE,Towers with Radar,0,3,35,0,38,0,2,57,0,59,0,5,92,0,97,28,0,28,125
04/13/2006,LOU,KY,ASO,CE,Towers with Radar,0,3,39,1,43,0,2,168,4,174,0,5,207,5,217,192,0,192,409
04/14/2006,LOU,KY,ASO,CE,Towers with Radar,0,4,36,0,40,0,4,101,1,106,0,8,137,1,146,138,0,138,284
04/15/2006,LOU,KY,ASO,CE,Towers with Radar,0,0,21,0,21,0,2,178,0,180,0,2,199,0,201,160,0,160,361
04/16/2006,LOU,KY,ASO,CE,Towers with Radar,0,0,14,0,14,0,0,49,0,49,0,0,63,0,63,50,0,50,113
04/17/2006,LOU,KY,ASO,CE,Towers with Radar,0,1,48,0,49,0,1,64,2,67,0,2,112,2,116,94,0,94,210
04/18/2006,LOU,KY,ASO,CE,Towers with Radar,0,3,46,2,51,0,3,176,0,179,0,6,222,2,230,154,0,154,384
04/19/2006,LOU,KY,ASO,CE,Towers with Radar,0,4,27,0,31,0,3,145,0,148,0,7,172,0,179,166,0,166,345
04/20/2006,LOU,KY,ASO,CE,Towers with Radar,0,2,41,0,43,0,4,25,4,33,0,6,66,4,76,10,0,10,86
04/21/2006,LOU,KY,ASO,CE,Towers with Radar,0,1,37,1,39,0,0,13,1,14,0,1,50,2,53,54,0,54,107
04/22/2006,LOU,KY,ASO,CE,Towers with Radar,0,0,33,0,33,0,2,167,2,171,0,2,200,2,204,166,0,166,370
04/23/2006,LOU,KY,ASO,CE,Towers with Radar,0,0,39,1,40,0,0,208,2,210,0,0,247,3,250,146,0,146,396
04/24/2006,LOU,KY,ASO,CE,Towers with Radar,0,3,50,0,53,0,0,121,1,122,0,3,171,1,175,114,0,114,289
04/25/2006,LOU,KY,ASO,CE,Towers with Radar,0,2,32,0,34,0,0,43,0,43,0,2,75,0,77,48,0,48,125
04/26/2006,LOU,KY,ASO,CE,Towers with Radar,0,5,48,0,53,0,1,105,0,106,0,6,153,0,159,124,0,124,283
04/27/2006,LOU,KY,ASO,CE,Towers with Radar,0,3,56,0,59,0,3,181,6,190,0,6,237,6,249,212,2,214,463
04/28/2006,LOU,KY,ASO,CE,Towers with Radar,0,1,58,0,59,0,2,198,4,204,0,3,256,4,263,264,0,264,527
04/29/2006,LOU,KY,ASO,CE,Towers with Radar,0,0,12,0,12,0,5,96,0,101,0,5,108,0,113,122,0,122,235
04/30/2006,LOU,KY,ASO,CE,Towers with Radar,0,0,32,0,32,0,0,42,1,43,0,0,74,1,75,26,0,26,101
05/01/2006,LOU,KY,ASO,CE,Towers with Radar,0,1,41,0,42,0,5,77,0,82,0,6,118,0,124,140,0,140,264
05/02/2006,LOU,KY,ASO,CE,Towers with Radar,0,4,50,0,54,0,5,69,1,75,0,9,119,1,129,162,0,162,291
05/03/2006,LOU,KY,ASO,CE,Towers with Radar,0,4,64,1,69,0,23,216,2,241,0,27,280,3,310,206,0,206,516
05/04/2006,LOU,KY,ASO,CE,Towers with Radar,0,2,82,0,84,0,6,123,1,130,0,8,205,1,214,242,2,244,458
05/05/2006,LOU,KY,ASO,CE,Towers with Radar,0,9,65,0,74,0,2,203,4,209,0,11,268,4,283,242,0,242,525
05/06/2006,LOU,KY,ASO,CE,Towers with Radar,0,2,61,0,63,0,1,197,11,209,0,3,258,11,272,120,0,120,392
05/07/2006,LOU,KY,ASO,CE,Towers with Radar,0,7,107,1,115,0,2,173,2,177,0,9,280,3,292,208,0,208,500
05/08/2006,LOU,KY,ASO,CE,Towers with Radar,0,3,41,1,45,0,2,142,2,146,0,5,183,3,191,166,36,202,393
05/09/2006,LOU,KY,ASO,CE,Towers with Radar,0,3,46,0,49,0,5,128,1,134,0,8,174,1,183,140,0,140,323
05/10/2006,LOU,KY,ASO,CE,Towers with Radar,0,1,32,0,33,0,1,12,0,13,0,2,44,0,46,4,0,4,50
05/11/2006,LOU,KY,ASO,CE,Towers with Radar,0,3,30,2,35,0,5,38,0,43,0,8,68,2,78,30,0,30,108
05/12/2006,LOU,KY,ASO,CE,Towers with Radar,0,4,53,0,57,0,3,56,2,61,0,7,109,2,118,34,0,34,152
05/13/2006,LOU,KY,ASO,CE,Towers with Radar,0,3,27,0,30,0,3,114,0,117,0,6,141,0,147,168,0,168,315
05/14/2006,LOU,KY,ASO,CE,Towers with Radar,0,1,17,0,18,0,1,63,0,64,0,2,80,0,82,142,0,142,224
05/15/2006,LOU,KY,ASO,CE,Towers with Radar,0,1,33,0,34,0,1,40,0,41,0,2,73,0,75,106,0,106,181
05/16/2006,LOU,KY,ASO,CE,Towers with Radar,0,3,37,0,40,0,5,83,2,90,0,8,120,2,130,226,0,226,356
05/17/2006,LOU,KY,ASO,CE,Towers with Radar,0,3,47,3,53,0,7,114,0,121,0,10,161,3,174,282,0,282,456
05/18/2006,LOU,KY,ASO,CE,Towers with Radar,0,1,43,0,44,0,4,103,1,108,0,5,146,1,152,122,0,122,274
05/19/2006,LOU,KY,ASO,CE,Towers with Radar,0,8,49,1,58,0,0,133,1,134,0,8,182,2,192,142,0,142,334
05/20/2006,LOU,KY,ASO,CE,Towers with Radar,0,0,21,0,21,0,0,231,2,233,0,0,252,2,254,198,0,198,452
05/21/2006,LOU,KY,ASO,CE,Towers with Radar,0,4,30,0,34,0,0,160,2,162,0,4,190,2,196,114,0,114,310
05/22/2006,LOU,KY,ASO,CE,Towers with Radar,0,3,35,3,41,0,4,173,4,181,0,7,208,7,222,248,0,248,470
05/23/2006,LOU,KY,ASO,CE,Towers with Radar,0,3,46,1,50,0,5,183,5,193,0,8,229,6,243,238,0,238,481
05/24/2006,LOU,KY,ASO,CE,Towers with Radar,0,3,48,0,51,0,6,162,3,171,0,9,210,3,222,180,0,180,402
05/25/2006,LOU,KY,ASO,CE,Towers with Radar,0,1,44,0,45,0,2,54,0,56,0,3,98,0,101,62,0,62,163
05/26/2006,LOU,KY,ASO,CE,Towers with Radar,0,4,49,3,56,0,4,94,0,98,0,8,143,3,154,106,0,106,260
05/27/2006,LOU,KY,ASO,CE,Towers with Radar,0,0,29,0,29,0,3,246,0,249,0,3,275,0,278,240,0,240,518
05/28/2006,LOU,KY,ASO,CE,Towers with Radar,0,0,21,0,21,0,4,152,0,156,0,4,173,0,177,176,0,176,353
05/29/2006,LOU,KY,ASO,CE,Towers with Radar,0,3,30,2,35,0,1,110,0,111,0,4,140,2,146,194,0,194,340
05/30/2006,LOU,KY,ASO,CE,Towers with Radar,0,3,26,1,30,0,4,61,0,65,0,7,87,1,95,84,0,84,179
05/31/2006,LOU,KY,ASO,CE,Towers with Radar,0,3,46,1,50,0,3,82,2,87,0,6,128,3,137,76,0,76,213
06/01/2006,LOU,KY,ASO,CE,Towers with Radar,0,1,37,0,38,0,4,56,1,61,0,5,93,1,99,66,0,66,165
06/02/2006,LOU,KY,ASO,CE,Towers with Radar,0,1,33,1,35,0,2,29,0,31,0,3,62,1,66,6,0,6,72
06/03/2006,LOU,KY,ASO,CE,Towers with Radar,0,0,32,0,32,0,3,266,0,269,0,3,298,0,301,284,0,284,585
06/04/2006,LOU,KY,ASO,CE,Towers with Radar,0,1,27,0,28,0,0,164,0,164,0,1,191,0,192,128,0,128,320
06/05/2006,LOU,KY,ASO,CE,Towers with Radar,0,1,37,1,39,0,1,145,5,151,0,2,182,6,190,188,0,188,378
06/06/2006,LOU,KY,ASO,CE,Towers with Radar,0,1,47,0,48,0,4,153,0,157,0,5,200,0,205,158,0,158,363
06/07/2006,LOU,KY,ASO,CE,Towers with Radar,0,3,24,0,27,0,2,77,2,81,0,5,101,2,108,130,0,130,238
06/08/2006,LOU,KY,ASO,CE,Towers with Radar,0,4,60,0,64,0,4,117,2,123,0,8,177,2,187,130,0,130,317
06/09/2006,LOU,KY,ASO,CE,Towers with Radar,0,5,44,0,49,0,1,142,0,143,0,6,186,0,192,208,0,208,400
06/10/2006,LOU,KY,ASO,CE,Towers with Radar,0,1,21,0,22,0,3,191,0,194,0,4,212,0,216,134,0,134,350
06/11/2006,LOU,KY,ASO,CE,Towers with Radar,0,1,48,0,49,0,0,72,1,73,0,1,120,1,122,118,0,118,240
06/12/2006,LOU,KY,ASO,CE,Towers with Radar,0,1,37,1,39,0,10,101,2,113,0,11,138,3,152,76,0,76,228
06/13/2006,LOU,KY,ASO,CE,Towers with Radar,0,3,20,0,23,0,4,147,2,153,0,7,167,2,176,258,0,258,434
06/14/2006,LOU,KY,ASO,CE,Towers with Radar,0,5,49,0,54,0,12,139,0,151,0,17,188,0,205,172,0,172,377
06/15/2006,LOU,KY,ASO,CE,Towers with Radar,0,8,47,4,59,0,4,140,3,147,0,12,187,7,206,226,0,226,432
06/16/2006,LOU,KY,ASO,CE,Towers with Radar,0,2,46,0,48,0,3,163,1,167,0,5,209,1,215,180,0,180,395
06/17/2006,LOU,KY,ASO,CE,Towers with Radar,0,3,21,0,24,0,1,195,0,196,0,4,216,0,220,78,0,78,298
06/18/2006,LOU,KY,ASO,CE,Towers with Radar,0,0,30,0,30,0,2,69,0,71,0,2,99,0,101,192,0,192,293
06/19/2006,LOU,KY,ASO,CE,Towers with Radar,0,1,34,0,35,0,3,66,0,69,0,4,100,0,104,124,0,124,228
06/20/2006,LOU,KY,ASO,CE,Towers with Radar,0,4,39,2,45,0,1,146,0,147,0,5,185,2,192,104,0,104,296
06/21/2006,LOU,KY,ASO,CE,Towers with Radar,0,4,48,0,52,0,5,114,1,120,0,9,162,1,172,132,0,132,304
06/22/2006,LOU,KY,ASO,CE,Towers with Radar,0,2,47,2,51,0,0,107,0,107,0,2,154,2,158,102,0,102,260
06/23/2006,LOU,KY,ASO,CE,Towers with Radar,0,3,50,2,55,0,0,67,0,67,0,3,117,2,122,170,0,170,292
06/24/2006,LOU,KY,ASO,CE,Towers with Radar,0,1,34,0,35,0,4,179,4,187,0,5,213,4,222,184,0,184,406
06/25/2006,LOU,KY,ASO,CE,Towers with Radar,0,2,36,3,41,0,3,174,0,177,0,5,210,3,218,142,0,142,360
06/26/2006,LOU,KY,ASO,CE,Towers with Radar,0,4,30,1,35,0,6,105,1,112,0,10,135,2,147,208,10,218,365
06/27/2006,LOU,KY,ASO,CE,Towers with Radar,0,2,40,3,45,0,7,87,1,95,0,9,127,4,140,198,0,198,338
06/28/2006,LOU,KY,ASO,CE,Towers with Radar,0,2,42,3,47,0,3,127,1,131,0,5,169,4,178,98,4,102,280
06/29/2006,LOU,KY,ASO,CE,Towers with Radar,0,3,44,0,47,0,0,119,0,119,0,3,163,0,166,120,0,120,286
06/30/2006,LOU,KY,ASO,CE,Towers with Radar,0,4,47,2,53,0,1,176,4,181,0,5,223,6,234,70,4,74,308
07/01/2006,LOU,KY,ASO,CE,Towers with Radar,0,0,33,0,33,0,1,155,0,156,0,1,188,0,189,50,0,50,239
07/02/2006,LOU,KY,ASO,CE,Towers with Radar,0,0,11,0,11,0,7,119,0,126,0,7,130,0,137,38,0,38,175
07/03/2006,LOU,KY,ASO,CE,Towers with Radar,0,1,21,1,23,0,4,116,2,122,0,5,137,3,145,70,0,70,215
07/04/2006,LOU,KY,ASO,CE,Towers with Radar,0,1,17,2,20,0,2,77,2,81,0,3,94,4,101,76,0,76,177
07/05/2006,LOU,KY,ASO,CE,Towers with Radar,0,1,31,0,32,0,8,63,0,71,0,9,94,0,103,80,0,80,183
07/06/2006,LOU,KY,ASO,CE,Towers with Radar,0,4,27,3,34,0,8,149,4,161,0,12,176,7,195,212,0,212,407
07/07/2006,LOU,KY,ASO,CE,Towers with Radar,0,2,42,0,44,0,2,169,2,173,0,4,211,2,217,92,2,94,311
07/08/2006,LOU,KY,ASO,CE,Towers with Radar,0,1,29,0,30,0,3,229,3,235,0,4,258,3,265,204,2,206,471
07/09/2006,LOU,KY,ASO,CE,Towers with Radar,0,0,44,0,44,0,2,134,0,136,0,2,178,0,180,120,0,120,300
07/10/2006,LOU,KY,ASO,CE,Towers with Radar,0,3,36,0,39,0,7,97,0,104,0,10,133,0,143,134,0,134,277
07/11/2006,LOU,KY,ASO,CE,Towers with Radar,0,4,29,0,33,0,1,44,1,46,0,5,73,1,79,46,2,48,127
07/12/2006,LOU,KY,ASO,CE,Towers with Radar,0,2,32,0,34,0,7,42,0,49,0,9,74,0,83,102,0,102,185
07/13/2006,LOU,KY,ASO,CE,Towers with Radar,0,2,41,1,44,0,0,75,1,76,0,2,116,2,120,76,0,76,196
07/14/2006,LOU,KY,ASO,CE,Towers with Radar,0,2,41,0,43,0,0,69,0,69,0,2,110,0,112,78,0,78,190
07/15/2006,LOU,KY,ASO,CE,Towers with Radar,0,0,29,3,32,0,0,121,5,126,0,0,150,8,158,34,8,42,200
07/16/2006,LOU,KY,ASO,CE,Towers with Radar,0,1,32,0,33,0,4,184,3,191,0,5,216,3,224,134,0,134,358
07/17/2006,LOU,KY,ASO,CE,Towers with Radar,0,3,29,0,32,0,3,108,0,111,0,6,137,0,143,80,0,80,223
07/18/2006,LOU,KY,ASO,CE,Towers with Radar,0,2,40,0,42,0,12,101,1,114,0,14,141,1,156,94,0,94,250
07/19/2006,LOU,KY,ASO,CE,Towers with Radar,0,2,56,1,59,0,9,125,1,135,0,11,181,2,194,198,0,198,392
07/20/2006,LOU,KY,ASO,CE,Towers with Radar,0,3,40,0,43,0,7,76,0,83,0,10,116,0,126,182,0,182,308
07/21/2006,LOU,KY,ASO,CE,Towers with Radar,0,3,28,0,31,0,2,61,0,63,0,5,89,0,94,160,0,160,254
07/22/2006,LOU,KY,ASO,CE,Towers with Radar,0,1,27,1,29,0,4,105,0,109,0,5,132,1,138,114,0,114,252
07/23/2006,LOU,KY,ASO,CE,Towers with Radar,0,0,24,0,24,0,11,219,3,233,0,11,243,3,257,186,0,186,443
07/24/2006,LOU,KY,ASO,CE,Towers with Radar,0,1,32,3,36,0,1,169,0,170,0,2,201,3,206,224,0,224,430
07/25/2006,LOU,KY,ASO,CE,Towers with Radar,0,1,15,3,19,0,5,163,2,170,0,6,178,5,189,178,0,178,367
07/26/2006,LOU,KY,ASO,CE,Towers with Radar,0,1,41,0,42,0,1,116,0,117,0,2,157,0,159,180,0,180,339
07/27/2006,LOU,KY,ASO,CE,Towers with Radar,0,1,46,0,47,0,7,92,3,102,0,8,138,3,149,94,0,94,243
07/28/2006,LOU,KY,ASO,CE,Towers with Radar,0,0,49,0,49,0,0,54,13,67,0,0,103,13,116,112,28,140,256
07/29/2006,LOU,KY,ASO,CE,Towers with Radar,0,1,33,0,34,0,1,51,0,52,0,2,84,0,86,154,0,154,240
07/30/2006,LOU,KY,ASO,CE,Towers with Radar,0,0,42,0,42,0,2,102,0,104,0,2,144,0,146,184,0,184,330
07/31/2006,LOU,KY,ASO,CE,Towers with Radar,0,1,26,2,29,0,5,118,0,123,0,6,144,2,152,316,2,318,470
08/01/2006,LOU,KY,ASO,CE,Towers with Radar,0,2,36,0,38,0,4,122,4,130,0,6,158,4,168,184,0,184,352
08/02/2006,LOU,KY,ASO,CE,Towers with Radar,0,4,31,0,35,0,7,120,5,132,0,11,151,5,167,194,6,200,367
08/03/2006,LOU,KY,ASO,CE,Towers with Radar,0,1,44,1,46,0,6,117,1,124,0,7,161,2,170,116,0,116,286
08/04/2006,LOU,KY,ASO,CE,Towers with Radar,0,3,45,0,48,0,2,132,0,134,0,5,177,0,182,340,0,340,522
08/05/2006,LOU,KY,ASO,CE,Towers with Radar,0,1,20,0,21,0,3,198,2,203,0,4,218,2,224,176,0,176,400
08/06/2006,LOU,KY,ASO,CE,Towers with Radar,0,3,45,0,48,0,14,147,0,161,0,17,192,0,209,102,0,102,311
08/07/2006,LOU,KY,ASO,CE,Towers with Radar,0,6,30,0,36,0,8,99,0,107,0,14,129,0,143,128,10,138,281
08/08/2006,LOU,KY,ASO,CE,Towers with Radar,0,3,27,0,30,0,9,71,2,82,0,12,98,2,112,58,0,58,170
08/09/2006,LOU,KY,ASO,CE,Towers with Radar,0,6,53,0,59,0,0,56,0,56,0,6,109,0,115,276,0,276,391
08/10/2006,LOU,KY,ASO,CE,Towers with Radar,0,2,29,0,31,0,6,55,0,61,0,8,84,0,92,106,0,106,198
08/11/2006,LOU,KY,ASO,CE,Towers with Radar,0,3,48,0,51,0,1,36,0,37,0,4,84,0,88,278,0,278,366
08/12/2006,LOU,KY,ASO,CE,Towers with Radar,0,2,29,0,31,0,3,223,1,227,0,5,252,1,258,222,0,222,480
08/13/2006,LOU,KY,ASO,CE,Towers with Radar,0,0,35,0,35,0,7,197,0,204,0,7,232,0,239,144,0,144,383
08/14/2006,LOU,KY,ASO,CE,Towers with Radar,0,2,25,0,27,0,3,53,0,56,0,5,78,0,83,154,0,154,237
08/15/2006,LOU,KY,ASO,CE,Towers with Radar,0,2,38,0,40,0,6,142,0,148,0,8,180,0,188,318,0,318,506
08/16/2006,LOU,KY,ASO,CE,Towers with Radar,0,3,40,0,43,0,8,161,0,169,0,11,201,0,212,158,0,158,370
08/17/2006,LOU,KY,ASO,CE,Towers with Radar,0,5,38,2,45,0,7,152,1,160,0,12,190,3,205,138,0,138,343
08/18/2006,LOU,KY,ASO,CE,Towers with Radar,0,1,29,0,30,0,1,89,0,90,0,2,118,0,120,222,0,222,342
08/19/2006,LOU,KY,ASO,CE,Towers with Radar,0,1,16,0,17,0,0,60,0,60,0,1,76,0,77,130,18,148,225
08/20/2006,LOU,KY,ASO,CE,Towers with Radar,0,2,32,0,34,0,0,115,0,115,0,2,147,0,149,276,0,276,425
08/21/2006,LOU,KY,ASO,CE,Towers with Radar,0,2,39,1,42,0,10,138,3,151,0,12,177,4,193,180,2,182,375
08/22/2006,LOU,KY,ASO,CE,Towers with Radar,0,1,33,0,34,0,4,138,0,142,0,5,171,0,176,130,0,130,306
08/23/2006,LOU,KY,ASO,CE,Towers with Radar,0,5,41,0,46,0,6,132,0,138,0,11,173,0,184,62,4,66,250
08/24/2006,LOU,KY,ASO,CE,Towers with Radar,0,5,42,1,48,0,2,124,0,126,0,7,166,1,174,160,0,160,334
08/25/2006,LOU,KY,ASO,CE,Towers with Radar,0,2,38,1,41,0,2,126,0,128,0,4,164,1,169,92,0,92,261
08/26/2006,LOU,KY,ASO,CE,Towers with Radar,0,1,30,0,31,0,11,136,7,154,0,12,166,7,185,232,0,232,417
08/27/2006,LOU,KY,ASO,CE,Towers with Radar,0,0,44,0,44,0,9,89,0,98,0,9,133,0,142,136,0,136,278
08/28/2006,LOU,KY,ASO,CE,Towers with Radar,0,4,31,0,35,0,3,14,0,17,0,7,45,0,52,50,0,50,102
08/29/2006,LOU,KY,ASO,CE,Towers with Radar,0,1,32,0,33,0,9,63,2,74,0,10,95,2,107,122,0,122,229
08/30/2006,LOU,KY,ASO,CE,Towers with Radar,0,5,34,2,41,0,0,38,0,38,0,5,72,2,79,160,10,170,249
08/31/2006,LOU,KY,ASO,CE,Towers with Radar,0,4,52,0,56,0,4,51,2,57,0,8,103,2,113,130,0,130,243
09/01/2006,LOU,KY,ASO,CE,Towers with Radar,0,1,47,0,48,0,2,53,0,55,0,3,100,0,103,90,0,90,193
09/02/2006,LOU,KY,ASO,CE,Towers with Radar,0,0,48,0,48,0,3,91,0,94,0,3,139,0,142,214,0,214,356
09/03/2006,LOU,KY,ASO,CE,Towers with Radar,0,0,27,0,27,0,2,196,3,201,0,2,223,3,228,272,0,272,500
09/04/2006,LOU,KY,ASO,CE,Towers with Radar,0,1,34,1,36,0,0,131,5,136,0,1,165,6,172,124,0,124,296
09/05/2006,LOU,KY,ASO,CE,Towers with Radar,0,4,23,1,28,0,2,74,3,79,0,6,97,4,107,170,0,170,277
09/06/2006,LOU,KY,ASO,CE,Towers with Radar,0,3,37,0,40,0,5,145,1,151,0,8,182,1,191,170,0,170,361
09/07/2006,LOU,KY,ASO,CE,Towers with Radar,0,2,30,2,34,0,4,165,2,171,0,6,195,4,205,204,0,204,409
09/08/2006,LOU,KY,ASO,CE,Towers with Radar,0,1,38,0,39,0,6,143,0,149,0,7,181,0,188,166,0,166,354
09/09/2006,LOU,KY,ASO,CE,Towers with Radar,0,0,33,1,34,0,2,174,0,176,0,2,207,1,210,118,0,118,328
09/10/2006,LOU,KY,ASO,CE,Towers with Radar,0,1,37,0,38,0,2,102,0,104,0,3,139,0,142,138,0,138,280
09/11/2006,LOU,KY,ASO,CE,Towers with Radar,0,1,21,0,22,0,1,23,0,24,0,2,44,0,46,54,0,54,100
09/12/2006,LOU,KY,ASO,CE,Towers with Radar,0,4,39,2,45,0,0,0,0,0,0,4,39,2,45,10,0,10,55
09/13/2006,LOU,KY,ASO,CE,Towers with Radar,0,5,53,2,60,0,6,56,0,62,0,11,109,2,122,64,0,64,186
09/14/2006,LOU,KY,ASO,CE,Towers with Radar,0,9,64,2,75,0,2,93,3,98,0,11,157,5,173,184,4,188,361
09/15/2006,LOU,KY,ASO,CE,Towers with Radar,0,3,61,0,64,0,9,158,7,174,0,12,219,7,238,194,0,194,432
09/16/2006,LOU,KY,ASO,CE,Towers with Radar,0,3,41,0,44,0,2,312,3,317,0,5,353,3,361,206,0,206,567
09/17/2006,LOU,KY,ASO,CE,Towers with Radar,0,0,50,0,50,0,1,211,2,214,0,1,261,2,264,182,0,182,446
09/18/2006,LOU,KY,ASO,CE,Towers with Radar,0,5,21,1,27,0,0,19,1,20,0,5,40,2,47,44,0,44,91
09/19/2006,LOU,KY,ASO,CE,Towers with Radar,0,1,35,0,36,0,5,123,0,128,0,6,158,0,164,90,0,90,254
09/20/2006,LOU,KY,ASO,CE,Towers with Radar,0,1,57,1,59,0,3,140,0,143,0,4,197,1,202,130,0,130,332
09/21/2006,LOU,KY,ASO,CE,Towers with Radar,0,1,23,2,26,0,1,157,4,162,0,2,180,6,188,152,0,152,340
09/22/2006,LOU,KY,ASO,CE,Towers with Radar,0,1,26,0,27,0,2,11,0,13,0,3,37,0,40,8,0,8,48
09/23/2006,LOU,KY,ASO,CE,Towers with Radar,0,1,6,0,7,0,3,7,0,10,0,4,13,0,17,6,0,6,23
09/24/2006,LOU,KY,ASO,CE,Towers with Radar,0,0,24,0,24,0,2,173,0,175,0,2,197,0,199,156,0,156,355
09/25/2006,LOU,KY,ASO,CE,Towers with Radar,0,4,37,0,41,0,4,122,0,126,0,8,159,0,167,142,0,142,309
09/26/2006,LOU,KY,ASO,CE,Towers with Radar,0,4,39,0,43,0,3,173,1,177,0,7,212,1,220,216,0,216,436
09/27/2006,LOU,KY,ASO,CE,Towers with Radar,0,2,34,1,37,0,8,111,1,120,0,10,145,2,157,126,0,126,283
09/28/2006,LOU,KY,ASO,CE,Towers with Radar,0,3,36,0,39,0,3,44,0,47,0,6,80,0,86,24,0,24,110
09/29/2006,LOU,KY,ASO,CE,Towers with Radar,0,5,54,0,59,0,5,152,1,158,0,10,206,1,217,186,0,186,403
09/30/2006,LOU,KY,ASO,CE,Towers with Radar,0,2,22,0,24,0,5,126,0,131,0,7,148,0,155,110,0,110,265
10/01/2006,LOU,KY,ASO,CE,Towers with Radar,0,1,40,0,41,0,2,204,0,206,0,3,244,0,247,172,0,172,419
10/02/2006,LOU,KY,ASO,CE,Towers with Radar,0,1,26,0,27,0,3,118,0,121,0,4,144,0,148,168,0,168,316
10/03/2006,LOU,KY,ASO,CE,Towers with Radar,0,4,43,0,47,0,8,110,0,118,0,12,153,0,165,124,0,124,289
10/04/2006,LOU,KY,ASO,CE,Towers with Radar,0,4,38,0,42,0,4,97,0,101,0,8,135,0,143,106,0,106,249
10/05/2006,LOU,KY,ASO,CE,Towers with Radar,0,3,64,0,67,0,0,5,0,5,0,3,69,0,72,8,0,8,80
10/06/2006,LOU,KY,ASO,CE,Towers with Radar,0,1,53,0,54,0,4,121,0,125,0,5,174,0,179,152,0,152,331
10/07/2006,LOU,KY,ASO,CE,Towers with Radar,0,1,31,0,32,0,4,311,0,315,0,5,342,0,347,98,0,98,445
10/08/2006,LOU,KY,ASO,CE,Towers with Radar,0,0,18,0,18,0,9,224,0,233,0,9,242,0,251,120,0,120,371
10/09/2006,LOU,KY,ASO,CE,Towers with Radar,0,0,32,0,32,0,9,149,3,161,0,9,181,3,193,284,0,284,477
10/10/2006,LOU,KY,ASO,CE,Towers with Radar,0,3,44,0,47,0,7,127,0,134,0,10,171,0,181,150,0,150,331
10/11/2006,LOU,KY,ASO,CE,Towers with Radar,0,1,38,0,39,0,5,24,0,29,0,6,62,0,68,60,0,60,128
10/12/2006,LOU,KY,ASO,CE,Towers with Radar,0,1,41,0,42,0,6,78,0,84,0,7,119,0,126,144,0,144,270
10/13/2006,LOU,KY,ASO,CE,Towers with Radar,0,3,33,2,38,0,5,87,0,92,0,8,120,2,130,98,0,98,228
10/14/2006,LOU,KY,ASO,CE,Towers with Radar,0,1,14,0,15,0,11,218,0,229,0,12,232,0,244,204,0,204,448
10/15/2006,LOU,KY,ASO,CE,Towers with Radar,0,1,33,0,34,0,2,191,0,193,0,3,224,0,227,210,0,210,437
10/16/2006,LOU,KY,ASO,CE,Towers with Radar,0,7,20,0,27,0,1,12,0,13,0,8,32,0,40,34,0,34,74
10/17/2006,LOU,KY,ASO,CE,Towers with Radar,0,6,28,0,34,0,5,12,0,17,0,11,40,0,51,26,0,26,77
10/18/2006,LOU,KY,ASO,CE,Towers with Radar,0,4,54,0,58,0,5,78,0,83,0,9,132,0,141,136,0,136,277
10/19/2006,LOU,KY,ASO,CE,Towers with Radar,0,1,34,0,35,0,0,0,0,0,0,1,34,0,35,2,0,2,37
10/20/2006,LOU,KY,ASO,CE,Towers with Radar,0,5,56,0,61,0,5,108,0,113,0,10,164,0,174,196,0,196,370
10/21/2006,LOU,KY,ASO,CE,Towers with Radar,0,0,33,0,33,0,0,237,0,237,0,0,270,0,270,224,0,224,494
10/22/2006,LOU,KY,ASO,CE,Towers with Radar,0,0,52,0,52,0,0,55,0,55,0,0,107,0,107,74,0,74,181
10/23/2006,LOU,KY,ASO,CE,Towers with Radar,0,2,36,0,38,0,2,84,0,86,0,4,120,0,124,100,0,100,224
10/24/2006,LOU,KY,ASO,CE,Towers with Radar,0,3,23,1,27,0,17,138,1,156,0,20,161,2,183,130,0,130,313
10/25/2006,LOU,KY,ASO,CE,Towers with Radar,0,4,56,0,60,0,18,119,2,139,0,22,175,2,199,106,0,106,305
10/26/2006,LOU,KY,ASO,CE,Towers with Radar,0,3,45,0,48,0,5,18,0,23,0,8,63,0,71,98,0,98,169
10/27/2006,LOU,KY,ASO,CE,Towers with Radar,0,4,32,0,36,0,3,5,0,8,0,7,37,0,44,0,0,0,44
10/28/2006,LOU,KY,ASO,CE,Towers with Radar,0,1,14,0,15,0,5,48,0,53,0,6,62,0,68,14,0,14,82
10/29/2006,LOU,KY,ASO,CE,Towers with Radar,0,0,29,0,29,0,9,237,0,246,0,9,266,0,275,192,0,192,467
10/30/2006,LOU,KY,ASO,CE,Towers with Radar,0,3,31,2,36,0,6,137,0,143,0,9,168,2,179,84,0,84,263
10/31/2006,LOU,KY,ASO,CE,Towers with Radar,0,1,35,0,36,0,2,13,0,15,0,3,48,0,51,18,0,18,69
11/01/2006,LOU,KY,ASO,CE,Towers with Radar,0,2,49,0,51,0,3,28,0,31,0,5,77,0,82,30,0,30,112
11/02/2006,LOU,KY,ASO,CE,Towers with Radar,0,1,59,0,60,0,7,120,4,131,0,8,179,4,191,64,0,64,255
11/03/2006,LOU,KY,ASO,CE,Towers with Radar,0,2,70,0,72,0,8,184,1,193,0,10,254,1,265,172,0,172,437
11/04/2006,LOU,KY,ASO,CE,Towers with Radar,0,0,47,0,47,0,3,229,0,232,0,3,276,0,279,166,0,166,445
11/05/2006,LOU,KY,ASO,CE,Towers with Radar,0,1,54,0,55,0,9,128,0,137,0,10,182,0,192,208,0,208,400
11/06/2006,LOU,KY,ASO,CE,Towers with Radar,0,1,28,0,29,0,0,95,0,95,0,1,123,0,124,124,0,124,248
11/07/2006,LOU,KY,ASO,CE,Towers with Radar,0,4,26,0,30,0,3,13,0,16,0,7,39,0,46,6,0,6,52
11/08/2006,LOU,KY,ASO,CE,Towers with Radar,0,1,55,0,56,0,3,75,0,78,0,4,130,0,134,210,0,210,344
11/09/2006,LOU,KY,ASO,CE,Towers with Radar,0,2,34,1,37,0,9,164,5,178,0,11,198,6,215,152,14,166,381
11/10/2006,LOU,KY,ASO,CE,Towers with Radar,0,2,44,0,46,0,4,121,0,125,0,6,165,0,171,110,0,110,281
11/11/2006,LOU,KY,ASO,CE,Towers with Radar,0,0,23,0,23,0,2,9,0,11,0,2,32,0,34,28,0,28,62
11/12/2006,LOU,KY,ASO,CE,Towers with Radar,0,0,35,0,35,0,5,155,3,163,0,5,190,3,198,150,0,150,348
11/13/2006,LOU,KY,ASO,CE,Towers with Radar,0,5,76,1,82,0,2,114,0,116,0,7,190,1,198,200,0,200,398
11/14/2006,LOU,KY,ASO,CE,Towers with Radar,0,3,44,0,47,0,4,114,2,120,0,7,158,2,167,178,0,178,345
11/15/2006,LOU,KY,ASO,CE,Towers with Radar,0,2,26,1,29,0,2,6,0,8,0,4,32,1,37,10,0,10,47
11/16/2006,LOU,KY,ASO,CE,Towers with Radar,0,5,31,0,36,0,2,12,0,14,0,7,43,0,50,20,0,20,70
11/17/2006,LOU,KY,ASO,CE,Towers with Radar,0,2,40,0,42,0,5,118,0,123,0,7,158,0,165,90,0,90,255
11/18/2006,LOU,KY,ASO,CE,Towers with Radar,0,2,22,0,24,0,2,177,2,181,0,4,199,2,205,260,0,260,465
11/19/2006,LOU,KY,ASO,CE,Towers with Radar,0,2,29,0,31,0,2,30,0,32,0,4,59,0,63,54,0,54,117
11/20/2006,LOU,KY,ASO,CE,Towers with Radar,0,7,28,0,35,0,6,101,0,107,0,13,129,0,142,204,0,204,346
11/21/2006,LOU,KY,ASO,CE,Towers with Radar,0,6,39,0,45,0,8,155,2,165,0,14,194,2,210,176,0,176,386
11/22/2006,LOU,KY,ASO,CE,Towers with Radar,0,9,45,0,54,0,7,161,0,168,0,16,206,0,222,204,0,204,426
11/23/2006,LOU,KY,ASO,CE,Towers with Radar,0,3,15,0,18,0,8,66,2,76,0,11,81,2,94,44,0,44,138
11/24/2006,LOU,KY,ASO,CE,Towers with Radar,0,5,30,0,35,0,14,201,5,220,0,19,231,5,255,102,0,102,357
11/25/2006,LOU,KY,ASO,CE,Towers with Radar,0,1,34,0,35,0,2,239,0,241,0,3,273,0,276,296,0,296,572
11/26/2006,LOU,KY,ASO,CE,Towers with Radar,0,0,54,0,54,0,9,170,0,179,0,9,224,0,233,188,0,188,421
11/27/2006,LOU,KY,ASO,CE,Towers with Radar,0,1,24,2,27,0,8,96,0,104,0,9,120,2,131,130,12,142,273
11/28/2006,LOU,KY,ASO,CE,Towers with Radar,0,3,55,1,59,0,4,87,1,92,0,7,142,2,151,140,0,140,291
11/29/2006,LOU,KY,ASO,CE,Towers with Radar,0,1,50,0,51,0,9,77,2,88,0,10,127,2,139,126,0,126,265
11/30/2006,LOU,KY,ASO,CE,Towers with Radar,0,5,33,0,38,0,5,21,0,26,0,10,54,0,64,70,0,70,134
12/01/2006,LOU,KY,ASO,CE,Towers with Radar,0,2,13,0,15,0,0,2,0,2,0,2,15,0,17,2,0,2,19
12/02/2006,LOU,KY,ASO,CE,Towers with Radar,0,3,17,0,20,0,0,150,5,155,0,3,167,5,175,206,0,206,381
12/03/2006,LOU,KY,ASO,CE,Towers with Radar,0,5,12,0,17,0,7,105,3,115,0,12,117,3,132,118,0,118,250
12/04/2006,LOU,KY,ASO,CE,Towers with Radar,0,1,37,0,38,0,3,48,0,51,0,4,85,0,89,114,0,114,203
12/05/2006,LOU,KY,ASO,CE,Towers with Radar,0,3,33,0,36,0,2,70,0,72,0,5,103,0,108,182,0,182,290
12/06/2006,LOU,KY,ASO,CE,Towers with Radar,0,1,49,1,51,0,7,88,0,95,0,8,137,1,146,118,0,118,264
12/07/2006,LOU,KY,ASO,CE,Towers with Radar,0,6,39,0,45,0,1,36,0,37,0,7,75,0,82,12,0,12,94
12/08/2006,LOU,KY,ASO,CE,Towers with Radar,0,6,28,0,34,0,1,99,1,101,0,7,127,1,135,80,0,80,215
12/09/2006,LOU,KY,ASO,CE,Towers with Radar,0,4,9,1,14,0,2,146,2,150,0,6,155,3,164,148,0,148,312
12/10/2006,LOU,KY,ASO,CE,Towers with Radar,0,3,27,0,30,0,5,169,1,175,0,8,196,1,205,230,0,230,435
12/11/2006,LOU,KY,ASO,CE,Towers with Radar,0,3,30,1,34,0,3,112,1,116,0,6,142,2,150,296,0,296,446
12/12/2006,LOU,KY,ASO,CE,Towers with Radar,0,4,32,0,36,0,12,27,0,39,0,16,59,0,75,44,0,44,119
12/13/2006,LOU,KY,ASO,CE,Towers with Radar,0,3,32,0,35,0,6,106,0,112,0,9,138,0,147,88,0,88,235
12/14/2006,LOU,KY,ASO,CE,Towers with Radar,0,3,44,0,47,0,7,99,0,106,0,10,143,0,153,152,0,152,305
12/15/2006,LOU,KY,ASO,CE,Towers with Radar,0,4,29,3,36,0,5,135,2,142,0,9,164,5,178,116,4,120,298
12/16/2006,LOU,KY,ASO,CE,Towers with Radar,0,4,24,2,30,0,6,144,0,150,0,10,168,2,180,176,0,176,356
12/17/2006,LOU,KY,ASO,CE,Towers with Radar,0,1,16,0,17,0,0,149,2,151,0,1,165,2,168,130,0,130,298
12/18/2006,LOU,KY,ASO,CE,Towers with Radar,0,7,61,0,68,0,2,22,0,24,0,9,83,0,92,32,0,32,124
12/19/2006,LOU,KY,ASO,CE,Towers with Radar,0,6,36,2,44,0,8,122,0,130,0,14,158,2,174,162,0,162,336
12/20/2006,LOU,KY,ASO,CE,Towers with Radar,0,7,34,0,41,0,5,84,3,92,0,12,118,3,133,194,0,194,327
12/21/2006,LOU,KY,ASO,CE,Towers with Radar,0,2,36,0,38,0,0,5,0,5,0,2,41,0,43,0,0,0,43
12/22/2006,LOU,KY,ASO,CE,Towers with Radar,0,2,24,2,28,0,4,20,0,24,0,6,44,2,52,54,0,54,106
12/23/2006,LOU,KY,ASO,CE,Towers with Radar,0,2,30,0,32,0,5,127,0,132,0,7,157,0,164,74,0,74,238
12/24/2006,LOU,KY,ASO,CE,Towers with Radar,0,2,20,0,22,0,2,33,0,35,0,4,53,0,57,34,0,34,91
12/25/2006,LOU,KY,ASO,CE,Towers with Radar,0,0,6,0,6,0,0,0,0,0,0,0,6,0,6,0,0,0,6
12/26/2006,LOU,KY,ASO,CE,Towers with Radar,0,5,23,0,28,0,4,20,0,24,0,9,43,0,52,2,0,2,54
12/27/2006,LOU,KY,ASO,CE,Towers with Radar,0,4,27,0,31,0,4,125,8,137,0,8,152,8,168,150,0,150,318
12/28/2006,LOU,KY,ASO,CE,Towers with Radar,0,3,28,0,31,0,2,125,5,132,0,5,153,5,163,110,0,110,273
12/29/2006,LOU,KY,ASO,CE,Towers with Radar,0,3,29,1,33,0,3,159,5,167,0,6,188,6,200,128,0,128,328
12/30/2006,LOU,KY,ASO,CE,Towers with Radar,0,0,17,0,17,0,3,145,7,155,0,3,162,7,172,138,0,138,310
12/31/2006,LOU,KY,ASO,CE,Towers with Radar,0,2,10,0,12,0,0,6,0,6,0,2,16,0,18,8,0,8,26
01/01/2007,LOU,KY,ASO,CE,Towers with Radar,0,2,21,0,23,0,2,13,0,15,0,4,34,0,38,12,0,12,50
01/02/2007,LOU,KY,ASO,CE,Towers with Radar,0,4,35,0,39,0,8,101,0,109,0,12,136,0,148,154,0,154,302
01/03/2007,LOU,KY,ASO,CE,Towers with Radar,0,7,41,0,48,0,7,118,0,125,0,14,159,0,173,152,0,152,325
01/04/2007,LOU,KY,ASO,CE,Towers with Radar,0,8,32,0,40,0,3,71,0,74,0,11,103,0,114,106,0,106,220
01/05/2007,LOU,KY,ASO,CE,Towers with Radar,0,8,40,0,48,0,2,32,0,34,0,10,72,0,82,20,0,20,102
01/06/2007,LOU,KY,ASO,CE,Towers with Radar,0,1,23,1,25,0,4,60,1,65,0,5,83,2,90,120,0,120,210
01/07/2007,LOU,KY,ASO,CE,Towers with Radar,0,2,22,0,24,0,1,9,0,10,0,3,31,0,34,36,0,36,70
01/08/2007,LOU,KY,ASO,CE,Towers with Radar,0,9,27,0,36,0,1,79,2,82,0,10,106,2,118,92,0,92,210
01/09/2007,LOU,KY,ASO,CE,Towers with Radar,0,6,13,0,19,0,7,24,0,31,0,13,37,0,50,4,0,4,54
01/10/2007,LOU,KY,ASO,CE,Towers with Radar,0,4,33,0,37,0,8,122,0,130,0,12,155,0,167,150,0,150,317
01/11/2007,LOU,KY,ASO,CE,Towers with Radar,0,4,33,2,39,0,6,75,0,81,0,10,108,2,120,74,0,74,194
01/12/2007,LOU,KY,ASO,CE,Towers with Radar,0,8,35,0,43,0,3,22,0,25,0,11,57,0,68,20,0,20,88
01/13/2007,LOU,KY,ASO,CE,Towers with Radar,0,3,21,2,26,0,0,2,0,2,0,3,23,2,28,8,0,8,36
01/14/2007,LOU,KY,ASO,CE,Towers with Radar,0,2,23,0,25,0,0,13,0,13,0,2,36,0,38,60,0,60,98
01/15/2007,LOU,KY,ASO,CE,Towers with Radar,0,5,19,0,24,0,0,11,0,11,0,5,30,0,35,12,0,12,47
01/16/2007,LOU,KY,ASO,CE,Towers with Radar,0,7,14,0,21,0,12,44,0,56,0,19,58,0,77,26,0,26,103
01/17/2007,LOU,KY,ASO,CE,Towers with Radar,0,13,31,1,45,0,5,121,1,127,0,18,152,2,172,88,6,94,266
01/18/2007,LOU,KY,ASO,CE,Towers with Radar,0,8,32,1,41,0,9,60,0,69,0,17,92,1,110,74,0,74,184
01/19/2007,LOU,KY,ASO,CE,Towers with Radar,0,7,23,2,32,0,3,89,2,94,0,10,112,4,126,150,0,150,276
01/20/2007,LOU,KY,ASO,CE,Towers with Radar,0,2,15,0,17,0,6,211,2,219,0,8,226,2,236,232,2,234,470
01/21/2007,LOU,KY,ASO,CE,Towers with Radar,0,4,6,0,10,0,0,0,0,0,0,4,6,0,10,0,0,0,10
01/22/2007,LOU,KY,ASO,CE,Towers with Radar,0,10,12,0,22,0,3,19,0,22,0,13,31,0,44,18,10,28,72
01/23/2007,LOU,KY,ASO,CE,Towers with Radar,0,8,20,1,29,0,10,62,11,83,0,18,82,12,112,72,0,72,184
01/24/2007,LOU,KY,ASO,CE,Towers with Radar,0,8,24,0,32,0,6,37,0,43,0,14,61,0,75,62,0,62,137
01/25/2007,LOU,KY,ASO,CE,Towers with Radar,0,8,46,0,54,0,5,58,0,63,0,13,104,0,117,46,0,46,163
01/26/2007,LOU,KY,ASO,CE,Towers with Radar,0,7,26,0,33,0,4,105,2,111,0,11,131,2,144,132,0,132,276
01/27/2007,LOU,KY,ASO,CE,Towers with Radar,0,1,17,0,18,0,11,103,0,114,0,12,120,0,132,98,0,98,230
01/28/2007,LOU,KY,ASO,CE,Towers with Radar,0,3,20,0,23,0,0,19,0,19,0,3,39,0,42,30,0,30,72
01/29/2007,LOU,KY,ASO,CE,Towers with Radar,0,5,14,0,19,0,1,68,0,69,0,6,82,0,88,78,0,78,166
01/30/2007,LOU,KY,ASO,CE,Towers with Radar,0,6,29,0,35,0,5,25,0,30,0,11,54,0,65,158,0,158,223
01/31/2007,LOU,KY,ASO,CE,Towers with Radar,0,5,29,1,35,0,2,87,1,90,0,7,116,2,125,172,0,172,297
02/01/2007,LOU,KY,ASO,CE,Towers with Radar,0,6,18,0,24,0,2,16,0,18,0,8,34,0,42,12,0,12,54
02/02/2007,LOU,KY,ASO,CE,Towers with Radar,0,6,13,0,19,0,1,26,0,27,0,7,39,0,46,22,0,22,68
02/03/2007,LOU,KY,ASO,CE,Towers with Radar,0,0,17,0,17,0,5,43,0,48,0,5,60,0,65,56,0,56,121
02/04/2007,LOU,KY,ASO,CE,Towers with Radar,0,3,13,3,19,0,1,57,1,59,0,4,70,4,78,66,0,66,144
02/05/2007,LOU,KY,ASO,CE,Towers with Radar,0,7,23,0,30,0,6,71,0,77,0,13,94,0,107,108,0,108,215
02/06/2007,LOU,KY,ASO,CE,Towers with Radar,0,8,9,0,17,0,1,37,1,39,0,9,46,1,56,0,0,0,56
02/07/2007,LOU,KY,ASO,CE,Towers with Radar,0,6,29,0,35,0,4,57,1,62,0,10,86,1,97,92,0,92,189
02/08/2007,LOU,KY,ASO,CE,Towers with Radar,0,7,24,0,31,0,3,83,0,86,0,10,107,0,117,66,0,66,183
02/09/2007,LOU,KY,ASO,CE,Towers with Radar,0,8,18,0,26,0,3,100,3,106,0,11,118,3,132,148,0,148,280
02/10/2007,LOU,KY,ASO,CE,Towers with Radar,0,0,23,0,23,0,2,163,0,165,0,2,186,0,188,266,0,266,454
02/11/2007,LOU,KY,ASO,CE,Towers with Radar,0,7,23,0,30,0,3,103,0,106,0,10,126,0,136,284,0,284,420
02/12/2007,LOU,KY,ASO,CE,Towers with Radar,0,6,22,0,28,0,3,55,0,58,0,9,77,0,86,164,0,164,250
02/13/2007,LOU,KY,ASO,CE,Towers with Radar,0,5,14,0,19,0,0,0,0,0,0,5,14,0,19,0,0,0,19
02/14/2007,LOU,KY,ASO,CE,Towers with Radar,0,5,23,0,28,0,6,34,0,40,0,11,57,0,68,20,0,20,88
02/15/2007,LOU,KY,ASO,CE,Towers with Radar,0,5,31,0,36,0,8,46,0,54,0,13,77,0,90,32,0,32,122
02/16/2007,LOU,KY,ASO,CE,Towers with Radar,0,4,55,0,59,0,7,73,2,82,0,11,128,2,141,98,0,98,239
02/17/2007,LOU,KY,ASO,CE,Towers with Radar,0,2,8,0,10,0,0,0,0,0,0,2,8,0,10,24,0,24,34
02/18/2007,LOU,KY,ASO,CE,Towers with Radar,0,1,23,0,24,0,1,73,0,74,0,2,96,0,98,82,0,82,180
02/19/2007,LOU,KY,ASO,CE,Towers with Radar,0,6,27,0,33,0,12,59,3,74,0,18,86,3,107,50,0,50,157
02/20/2007,LOU,KY,ASO,CE,Towers with Radar,0,7,39,0,46,0,7,26,0,33,0,14,65,0,79,44,0,44,123
02/21/2007,LOU,KY,ASO,CE,Towers with Radar,0,8,32,0,40,0,3,11,0,14,0,11,43,0,54,22,0,22,76
02/22/2007,LOU,KY,ASO,CE,Towers with Radar,0,10,37,0,47,0,1,89,0,90,0,11,126,0,137,34,0,34,171
02/23/2007,LOU,KY,ASO,CE,Towers with Radar,0,6,22,0,28,0,4,185,1,190,0,10,207,1,218,218,10,228,446
02/24/2007,LOU,KY,ASO,CE,Towers with Radar,0,1,27,1,29,0,0,81,1,82,0,1,108,2,111,162,0,162,273
02/25/2007,LOU,KY,ASO,CE,Towers with Radar,0,1,20,0,21,0,7,25,0,32,0,8,45,0,53,110,0,110,163
02/26/2007,LOU,KY,ASO,CE,Towers with Radar,0,5,21,0,26,0,5,74,1,80,0,10,95,1,106,142,0,142,248
02/27/2007,LOU,KY,ASO,CE,Towers with Radar,0,5,31,0,36,0,6,113,4,123,0,11,144,4,159,130,0,130,289
02/28/2007,LOU,KY,ASO,CE,Towers with Radar,0,5,26,2,33,0,6,139,1,146,0,11,165,3,179,120,0,120,299
03/01/2007,LOU,KY,ASO,CE,Towers with Radar,0,6,10,0,16,0,2,5,0,7,0,8,15,0,23,20,0,20,43
03/02/2007,LOU,KY,ASO,CE,Towers with Radar,0,7,17,0,24,0,3,30,0,33,0,10,47,0,57,42,0,42,99
03/03/2007,LOU,KY,ASO,CE,Towers with Radar,0,2,22,0,24,0,3,19,0,22,0,5,41,0,46,66,0,66,112
03/04/2007,LOU,KY,ASO,CE,Towers with Radar,0,2,25,2,29,0,7,127,0,134,0,9,152,2,163,248,0,248,411
03/05/2007,LOU,KY,ASO,CE,Towers with Radar,0,4,26,1,31,0,8,130,3,141,0,12,156,4,172,128,0,128,300
03/06/2007,LOU,KY,ASO,CE,Towers with Radar,0,8,35,0,43,0,8,114,0,122,0,16,149,0,165,178,26,204,369
03/07/2007,LOU,KY,ASO,CE,Towers with Radar,0,8,28,0,36,0,14,103,0,117,0,22,131,0,153,172,0,172,325
03/08/2007,LOU,KY,ASO,CE,Towers with Radar,0,8,31,0,39,0,11,131,0,142,0,19,162,0,181,238,0,238,419
03/09/2007,LOU,KY,ASO,CE,Towers with Radar,0,5,41,2,48,0,4,153,1,158,0,9,194,3,206,242,2,244,450
03/10/2007,LOU,KY,ASO,CE,Towers with Radar,0,2,33,0,35,0,5,74,0,79,0,7,107,0,114,148,0,148,262
03/11/2007,LOU,KY,ASO,CE,Towers with Radar,0,4,17,0,21,0,6,182,2,190,0,10,199,2,211,370,0,370,581
03/12/2007,LOU,KY,ASO,CE,Towers with Radar,0,7,34,0,41,0,13,139,0,152,0,20,173,0,193,220,0,220,413
03/13/2007,LOU,KY,ASO,CE,Towers with Radar,0,6,24,1,31,0,9,131,1,141,0,15,155,2,172,166,2,168,340
03/14/2007,LOU,KY,ASO,CE,Towers with Radar,0,7,32,0,39,0,5,46,0,51,0,12,78,0,90,96,0,96,186
03/15/2007,LOU,KY,ASO,CE,Towers with Radar,0,9,48,0,57,0,3,7,0,10,0,12,55,0,67,4,0,4,71
03/16/2007,LOU,KY,ASO,CE,Towers with Radar,0,6,35,0,41,0,5,81,0,86,0,11,116,0,127,132,0,132,259
03/17/2007,LOU,KY,ASO,CE,Towers with Radar,0,2,17,0,19,0,1,179,1,181,0,3,196,1,200,220,0,220,420
03/18/2007,LOU,KY,ASO,CE,Towers with Radar,0,2,26,0,28,0,7,167,0,174,0,9,193,0,202,316,0,316,518
03/19/2007,LOU,KY,ASO,CE,Towers with Radar,0,7,19,0,26,0,7,32,0,39,0,14,51,0,65,42,0,42,107
03/20/2007,LOU,KY,ASO,CE,Towers with Radar,0,4,35,0,39,0,9,55,0,64,0,13,90,0,103,176,0,176,279
03/21/2007,LOU,KY,ASO,CE,Towers with Radar,0,10,48,0,58,0,16,106,2,124,0,26,154,2,182,106,0,106,288
03/22/2007,LOU,KY,ASO,CE,Towers with Radar,0,6,54,0,60,0,0,46,0,46,0,6,100,0,106,64,0,64,170
03/23/2007,LOU,KY,ASO,CE,Towers with Radar,0,8,41,0,49,0,0,58,0,58,0,8,99,0,107,115,0,115,222
03/24/2007,LOU,KY,ASO,CE,Towers with Radar,0,4,23,0,27,0,4,169,0,173,0,8,192,0,200,212,0,212,412
03/25/2007,LOU,KY,ASO,CE,Towers with Radar,0,0,35,0,35,0,13,203,2,218,0,13,238,2,253,282,0,282,535
03/26/2007,LOU,KY,ASO,CE,Towers with Radar,0,4,36,0,40,0,10,95,2,107,0,14,131,2,147,130,0,130,277
03/27/2007,LOU,KY,ASO,CE,Towers with Radar,0,2,42,0,44,0,9,124,0,133,0,11,166,0,177,236,0,236,413
03/28/2007,LOU,KY,ASO,CE,Towers with Radar,0,4,43,0,47,0,5,24,0,29,0,9,67,0,76,46,0,46,122
03/29/2007,LOU,KY,ASO,CE,Towers with Radar,0,4,67,2,73,0,3,49,0,52,0,7,116,2,125,120,0,120,245
03/30/2007,LOU,KY,ASO,CE,Towers with Radar,0,1,46,1,48,0,3,142,1,146,0,4,188,2,194,156,0,156,350
03/31/2007,LOU,KY,ASO,CE,Towers with Radar,0,1,12,0,13,0,6,116,2,124,0,7,128,2,137,126,0,126,263
04/01/2007,LOU,KY,ASO,CE,Towers with Radar,0,2,20,0,22,0,7,103,1,111,0,9,123,1,133,114,0,114,247
04/02/2007,LOU,KY,ASO,CE,Towers with Radar,0,5,39,0,44,0,6,168,3,177,0,11,207,3,221,272,0,272,493
04/03/2007,LOU,KY,ASO,CE,Towers with Radar,0,3,35,2,40,0,10,88,1,99,0,13,123,3,139,128,0,128,267
04/04/2007,LOU,KY,ASO,CE,Towers with Radar,0,9,47,0,56,0,4,46,1,51,0,13,93,1,107,74,6,80,187
04/05/2007,LOU,KY,ASO,CE,Towers with Radar,0,3,45,0,48,0,2,80,1,83,0,5,125,1,131,134,0,134,265
04/06/2007,LOU,KY,ASO,CE,Towers with Radar,0,5,46,0,51,0,3,73,0,76,0,8,119,0,127,62,0,62,189
04/07/2007,LOU,KY,ASO,CE,Towers with Radar,0,0,33,0,33,0,5,76,0,81,0,5,109,0,114,36,0,36,150
04/08/2007,LOU,KY,ASO,CE,Towers with Radar,0,2,15,0,17,0,4,69,0,73,0,6,84,0,90,50,0,50,140
04/09/2007,LOU,KY,ASO,CE,Towers with Radar,0,10,22,0,32,0,5,141,0,146,0,15,163,0,178,132,0,132,310
04/10/2007,LOU,KY,ASO,CE,Towers with Radar,0,6,36,0,42,0,11,110,0,121,0,17,146,0,163,246,0,246,409
04/11/2007,LOU,KY,ASO,CE,Towers with Radar,0,4,8,0,12,0,5,7,0,12,0,9,15,0,24,22,0,22,46
04/12/2007,LOU,KY,ASO,CE,Towers with Radar,0,7,31,2,40,0,4,46,0,50,0,11,77,2,90,12,0,12,102
04/13/2007,LOU,KY,ASO,CE,Towers with Radar,0,5,46,0,51,0,4,123,0,127,0,9,169,0,178,98,0,98,276
04/14/2007,LOU,KY,ASO,CE,Towers with Radar,0,3,14,0,17,0,2,0,0,2,0,5,14,0,19,2,0,2,21
04/15/2007,LOU,KY,ASO,CE,Towers with Radar,0,2,28,0,30,0,0,24,0,24,0,2,52,0,54,14,0,14,68
04/16/2007,LOU,KY,ASO,CE,Towers with Radar,0,5,39,0,44,0,5,97,0,102,0,10,136,0,146,44,0,44,190
04/17/2007,LOU,KY,ASO,CE,Towers with Radar,0,8,51,0,59,0,6,175,3,184,0,14,226,3,243,270,0,270,513
04/18/2007,LOU,KY,ASO,CE,Towers with Radar,0,12,49,0,61,0,3,89,2,94,0,15,138,2,155,158,2,160,315
04/19/2007,LOU,KY,ASO,CE,Towers with Radar,0,7,64,3,74,0,2,50,8,60,0,9,114,11,134,92,0,92,226
04/20/2007,LOU,KY,ASO,CE,Towers with Radar,0,8,63,0,71,0,3,187,27,217,0,11,250,27,288,92,4,96,384
04/21/2007,LOU,KY,ASO,CE,Towers with Radar,0,0,28,0,28,0,6,151,17,174,0,6,179,17,202,186,8,194,396
04/22/2007,LOU,KY,ASO,CE,Towers with Radar,0,2,46,1,49,0,10,205,4,219,0,12,251,5,268,100,0,100,368
04/23/2007,LOU,KY,ASO,CE,Towers with Radar,0,8,33,0,41,0,1,66,0,67,0,9,99,0,108,44,0,44,152
04/24/2007,LOU,KY,ASO,CE,Towers with Radar,0,8,41,2,51,0,11,87,0,98,0,19,128,2,149,148,2,150,299
04/25/2007,LOU,KY,ASO,CE,Towers with Radar,0,8,28,0,36,0,19,53,0,72,0,27,81,0,108,84,0,84,192
04/26/2007,LOU,KY,ASO,CE,Towers with Radar,0,10,29,0,39,0,3,12,0,15,0,13,41,0,54,8,0,8,62
04/27/2007,LOU,KY,ASO,CE,Towers with Radar,0,7,52,0,59,0,2,60,0,62,0,9,112,0,121,142,0,142,263
04/28/2007,LOU,KY,ASO,CE,Towers with Radar,0,5,32,0,37,0,5,158,2,165,0,10,190,2,202,204,10,214,416
04/29/2007,LOU,KY,ASO,CE,Towers with Radar,0,4,29,1,34,0,4,201,1,206,0,8,230,2,240,236,0,236,476
04/30/2007,LOU,KY,ASO,CE,Towers with Radar,0,13,31,1,45,0,11,136,0,147,0,24,167,1,192,158,4,162,354
05/01/2007,LOU,KY,ASO,CE,Towers with Radar,0,5,42,0,47,0,14,133,4,151,0,19,175,4,198,218,4,222,420
05/02/2007,LOU,KY,ASO,CE,Towers with Radar,0,7,40,0,47,0,11,63,0,74,0,18,103,0,121,206,0,206,327
05/03/2007,LOU,KY,ASO,CE,Towers with Radar,0,10,95,1,106,0,0,1,0,1,0,10,96,1,107,0,0,0,107
05/04/2007,LOU,KY,ASO,CE,Towers with Radar,0,12,68,2,82,0,0,53,4,57,0,12,121,6,139,68,10,78,217
05/05/2007,LOU,KY,ASO,CE,Towers with Radar,0,4,63,0,67,0,9,83,6,98,0,13,146,6,165,162,0,162,327
05/06/2007,LOU,KY,ASO,CE,Towers with Radar,0,4,82,0,86,0,17,150,5,172,0,21,232,5,258,78,0,78,336
05/07/2007,LOU,KY,ASO,CE,Towers with Radar,0,10,29,0,39,0,2,136,3,141,0,12,165,3,180,244,0,244,424
05/08/2007,LOU,KY,ASO,CE,Towers with Radar,0,5,52,1,58,0,5,144,1,150,0,10,196,2,208,256,0,256,464
05/09/2007,LOU,KY,ASO,CE,Towers with Radar,0,8,47,0,55,0,9,115,0,124,0,17,162,0,179,148,0,148,327
05/10/2007,LOU,KY,ASO,CE,Towers with Radar,0,6,42,0,48,0,4,121,0,125,0,10,163,0,173,208,0,208,381
05/11/2007,LOU,KY,ASO,CE,Towers with Radar,0,5,50,0,55,0,9,73,2,84,0,14,123,2,139,122,0,122,261
05/12/2007,LOU,KY,ASO,CE,Towers with Radar,0,0,25,0,25,0,13,175,1,189,0,13,200,1,214,78,0,78,292
05/13/2007,LOU,KY,ASO,CE,Towers with Radar,0,3,31,0,34,0,10,123,0,133,0,13,154,0,167,90,0,90,257
05/14/2007,LOU,KY,ASO,CE,Towers with Radar,0,5,30,0,35,0,6,124,0,130,0,11,154,0,165,182,0,182,347
05/15/2007,LOU,KY,ASO,CE,Towers with Radar,0,7,32,1,40,0,13,98,0,111,0,20,130,1,151,92,0,92,243
05/16/2007,LOU,KY,ASO,CE,Towers with Radar,0,10,32,0,42,0,5,82,0,87,0,15,114,0,129,60,0,60,189
05/17/2007,LOU,KY,ASO,CE,Towers with Radar,0,5,44,0,49,0,8,72,2,82,0,13,116,2,131,70,0,70,201
05/18/2007,LOU,KY,ASO,CE,Towers with Radar,0,12,44,0,56,0,5,157,0,162,0,17,201,0,218,118,0,118,336
05/19/2007,LOU,KY,ASO,CE,Towers with Radar,0,3,18,0,21,0,8,200,2,210,0,11,218,2,231,256,0,256,487
05/20/2007,LOU,KY,ASO,CE,Towers with Radar,0,4,25,0,29,0,8,170,3,181,0,12,195,3,210,216,0,216,426
05/21/2007,LOU,KY,ASO,CE,Towers with Radar,0,6,34,1,41,0,9,169,0,178,0,15,203,1,219,288,0,288,507
05/22/2007,LOU,KY,ASO,CE,Towers with Radar,0,7,36,0,43,0,10,161,0,171,0,17,197,0,214,236,0,236,450
05/23/2007,LOU,KY,ASO,CE,Towers with Radar,0,4,32,2,38,0,15,114,0,129,0,19,146,2,167,110,0,110,277
05/24/2007,LOU,KY,ASO,CE,Towers with Radar,0,7,44,0,51,0,10,124,0,134,0,17,168,0,185,192,0,192,377
05/25/2007,LOU,KY,ASO,CE,Towers with Radar,0,5,28,0,33,0,7,136,0,143,0,12,164,0,176,206,0,206,382
05/26/2007,LOU,KY,ASO,CE,Towers with Radar,0,0,22,2,24,0,6,136,0,142,0,6,158,2,166,178,0,178,344
05/27/2007,LOU,KY,ASO,CE,Towers with Radar,0,4,13,0,17,0,11,133,0,144,0,15,146,0,161,128,0,128,289
05/28/2007,LOU,KY,ASO,CE,Towers with Radar,0,1,44,0,45,0,5,96,4,105,0,6,140,4,150,212,0,212,362
05/29/2007,LOU,KY,ASO,CE,Towers with Radar,0,6,32,0,38,0,2,88,1,91,0,8,120,1,129,220,0,220,349
05/30/2007,LOU,KY,ASO,CE,Towers with Radar,0,5,43,2,50,0,12,94,0,106,0,17,137,2,156,186,0,186,342
05/31/2007,LOU,KY,ASO,CE,Towers with Radar,0,5,28,4,37,0,8,88,0,96,0,13,116,4,133,252,0,252,385
06/01/2007,LOU,KY,ASO,CE,Towers with Radar,0,14,29,0,43,0,9,94,1,104,0,23,123,1,147,158,0,158,305
06/02/2007,LOU,KY,ASO,CE,Towers with Radar,0,2,19,0,21,0,0,118,0,118,0,2,137,0,139,156,0,156,295
06/03/2007,LOU,KY,ASO,CE,Towers with Radar,0,6,24,0,30,0,5,92,0,97,0,11,116,0,127,172,0,172,299
06/04/2007,LOU,KY,ASO,CE,Towers with Radar,0,10,32,0,42,0,7,50,2,59,0,17,82,2,101,68,0,68,169
06/05/2007,LOU,KY,ASO,CE,Towers with Radar,0,6,33,0,39,0,1,69,0,70,0,7,102,0,109,182,4,186,295
06/06/2007,LOU,KY,ASO,CE,Towers with Radar,0,7,41,0,48,0,8,143,0,151,0,15,184,0,199,218,0,218,417
06/07/2007,LOU,KY,ASO,CE,Towers with Radar,0,8,42,0,50,0,9,78,0,87,0,17,120,0,137,28,0,28,165
06/08/2007,LOU,KY,ASO,CE,Towers with Radar,0,5,34,0,39,0,2,56,0,58,0,7,90,0,97,84,0,84,181
06/09/2007,LOU,KY,ASO,CE,Towers with Radar,0,6,45,0,51,0,9,183,1,193,0,15,228,1,244,76,0,76,320
06/10/2007,LOU,KY,ASO,CE,Towers with Radar,0,3,38,0,41,0,10,201,0,211,0,13,239,0,252,228,0,228,480
06/11/2007,LOU,KY,ASO,CE,Towers with Radar,0,8,27,1,36,0,7,105,0,112,0,15,132,1,148,132,6,138,286
06/12/2007,LOU,KY,ASO,CE,Towers with Radar,0,6,40,0,46,0,6,117,0,123,0,12,157,0,169,74,0,74,243
06/13/2007,LOU,KY,ASO,CE,Towers with Radar,0,4,35,1,40,0,11,143,0,154,0,15,178,1,194,154,0,154,348
06/14/2007,LOU,KY,ASO,CE,Towers with Radar,0,6,47,1,54,0,4,130,0,134,0,10,177,1,188,216,0,216,404
06/15/2007,LOU,KY,ASO,CE,Towers with Radar,0,10,38,2,50,0,4,140,0,144,0,14,178,2,194,128,0,128,322
06/16/2007,LOU,KY,ASO,CE,Towers with Radar,0,1,22,2,25,0,3,176,13,192,0,4,198,15,217,202,0,202,419
06/17/2007,LOU,KY,ASO,CE,Towers with Radar,0,2,20,0,22,0,8,130,2,140,0,10,150,2,162,72,0,72,234
06/18/2007,LOU,KY,ASO,CE,Towers with Radar,0,8,39,0,47,0,11,89,0,100,0,19,128,0,147,126,0,126,273
06/19/2007,LOU,KY,ASO,CE,Towers with Radar,0,10,33,0,43,0,6,58,0,64,0,16,91,0,107,170,0,170,277
06/20/2007,LOU,KY,ASO,CE,Towers with Radar,0,5,43,2,50,0,13,148,3,164,0,18,191,5,214,114,0,114,328
06/21/2007,LOU,KY,ASO,CE,Towers with Radar,0,9,52,0,61,0,11,142,1,154,0,20,194,1,215,70,0,70,285
06/22/2007,LOU,KY,ASO,CE,Towers with Radar,0,11,45,0,56,0,12,90,0,102,0,23,135,0,158,58,0,58,216
06/23/2007,LOU,KY,ASO,CE,Towers with Radar,0,3,32,0,35,0,7,74,0,81,0,10,106,0,116,96,0,96,212
06/24/2007,LOU,KY,ASO,CE,Towers with Radar,0,8,24,0,32,0,0,38,0,38,0,8,62,0,70,102,0,102,172
06/25/2007,LOU,KY,ASO,CE,Towers with Radar,0,10,29,0,39,0,6,71,0,77,0,16,100,0,116,194,0,194,310
06/26/2007,LOU,KY,ASO,CE,Towers with Radar,0,7,36,1,44,0,3,96,0,99,0,10,132,1,143,168,0,168,311
06/27/2007,LOU,KY,ASO,CE,Towers with Radar,0,9,43,6,58,0,7,70,2,79,0,16,113,8,137,126,0,126,263
06/28/2007,LOU,KY,ASO,CE,Towers with Radar,0,10,33,0,43,0,5,49,0,54,0,15,82,0,97,146,0,146,243
06/29/2007,LOU,KY,ASO,CE,Towers with Radar,0,7,48,0,55,0,2,138,1,141,0,9,186,1,196,166,0,166,362
06/30/2007,LOU,KY,ASO,CE,Towers with Radar,0,1,35,2,38,0,9,137,0,146,0,10,172,2,184,236,0,236,420
07/01/2007,LOU,KY,ASO,CE,Towers with Radar,0,4,27,0,31,0,4,149,2,155,0,8,176,2,186,158,0,158,344
07/02/2007,LOU,KY,ASO,CE,Towers with Radar,0,3,22,1,26,0,6,127,1,134,0,9,149,2,160,150,2,152,312
07/03/2007,LOU,KY,ASO,CE,Towers with Radar,0,4,32,0,36,0,5,167,2,174,0,9,199,2,210,116,0,116,326
07/04/2007,LOU,KY,ASO,CE,Towers with Radar,0,2,11,0,13,0,5,89,1,95,0,7,100,1,108,210,0,210,318
07/05/2007,LOU,KY,ASO,CE,Towers with Radar,0,6,27,0,33,0,0,42,5,47,0,6,69,5,80,80,0,80,160
07/06/2007,LOU,KY,ASO,CE,Towers with Radar,0,5,38,0,43,0,9,156,1,166,0,14,194,1,209,116,0,116,325
07/07/2007,LOU,KY,ASO,CE,Towers with Radar,0,0,21,0,21,0,14,165,2,181,0,14,186,2,202,88,0,88,290
07/08/2007,LOU,KY,ASO,CE,Towers with Radar,0,0,37,0,37,0,12,158,0,170,0,12,195,0,207,226,0,226,433
07/09/2007,LOU,KY,ASO,CE,Towers with Radar,0,5,35,2,42,0,6,105,1,112,0,11,140,3,154,160,0,160,314
07/10/2007,LOU,KY,ASO,CE,Towers with Radar,0,5,35,0,40,0,6,44,0,50,0,11,79,0,90,152,0,152,242
07/11/2007,LOU,KY,ASO,CE,Towers with Radar,0,5,33,0,38,0,8,76,0,84,0,13,109,0,122,58,0,58,180
07/12/2007,LOU,KY,ASO,CE,Towers with Radar,0,5,49,0,54,0,7,119,0,126,0,12,168,0,180,160,0,160,340
07/13/2007,LOU,KY,ASO,CE,Towers with Radar,0,8,38,5,51,0,10,129,4,143,0,18,167,9,194,264,0,264,458
07/14/2007,LOU,KY,ASO,CE,Towers with Radar,0,2,26,0,28,0,6,144,1,151,0,8,170,1,179,144,0,144,323
07/15/2007,LOU,KY,ASO,CE,Towers with Radar,0,4,32,0,36,0,4,140,0,144,0,8,172,0,180,180,0,180,360
07/16/2007,LOU,KY,ASO,CE,Towers with Radar,0,5,42,0,47,0,6,129,0,135,0,11,171,0,182,204,0,204,386
07/17/2007,LOU,KY,ASO,CE,Towers with Radar,0,7,35,1,43,0,10,82,1,93,0,17,117,2,136,178,0,178,314
07/18/2007,LOU,KY,ASO,CE,Towers with Radar,0,6,48,0,54,0,10,79,2,91,0,16,127,2,145,94,0,94,239
07/19/2007,LOU,KY,ASO,CE,Towers with Radar,0,6,20,0,26,0,0,57,2,59,0,6,77,2,85,106,0,106,191
07/20/2007,LOU,KY,ASO,CE,Towers with Radar,0,9,38,2,49,0,4,173,0,177,0,13,211,2,226,208,0,208,434
07/21/2007,LOU,KY,ASO,CE,Towers with Radar,0,2,25,2,29,0,18,143,2,163,0,20,168,4,192,168,0,168,360
07/22/2007,LOU,KY,ASO,CE,Towers with Radar,0,5,41,0,46,0,10,175,0,185,0,15,216,0,231,334,0,334,565
07/23/2007,LOU,KY,ASO,CE,Towers with Radar,0,4,27,2,33,0,5,95,2,102,0,9,122,4,135,184,0,184,319
07/24/2007,LOU,KY,ASO,CE,Towers with Radar,0,8,23,0,31,0,16,154,0,170,0,24,177,0,201,240,0,240,441
07/25/2007,LOU,KY,ASO,CE,Towers with Radar,0,7,34,0,41,0,4,153,0,157,0,11,187,0,198,166,0,166,364
07/26/2007,LOU,KY,ASO,CE,Towers with Radar,0,6,54,0,60,0,22,64,1,87,0,28,118,1,147,256,0,256,403
07/27/2007,LOU,KY,ASO,CE,Towers with Radar,0,13,37,1,51,0,0,43,2,45,0,13,80,3,96,62,0,62,158
07/28/2007,LOU,KY,ASO,CE,Towers with Radar,0,1,53,0,54,0,4,34,0,38,0,5,87,0,92,36,0,36,128
07/29/2007,LOU,KY,ASO,CE,Towers with Radar,0,7,45,0,52,0,5,133,0,138,0,12,178,0,190,157,0,157,347
07/30/2007,LOU,KY,ASO,CE,Towers with Radar,0,6,32,0,38,0,3,114,3,120,0,9,146,3,158,184,0,184,342
07/31/2007,LOU,KY,ASO,CE,Towers with Radar,0,6,34,1,41,0,11,136,3,150,0,17,170,4,191,252,0,252,443
08/01/2007,LOU,KY,ASO,CE,Towers with Radar,0,7,27,2,36,0,2,110,3,115,0,9,137,5,151,222,0,222,373
08/02/2007,LOU,KY,ASO,CE,Towers with Radar,0,7,31,0,38,0,11,83,4,98,0,18,114,4,136,216,0,216,352
08/03/2007,LOU,KY,ASO,CE,Towers with Radar,0,7,25,1,33,0,6,97,1,104,0,13,122,2,137,206,0,206,343
08/04/2007,LOU,KY,ASO,CE,Towers with Radar,0,1,27,1,29,0,8,101,0,109,0,9,128,1,138,194,0,194,332
08/05/2007,LOU,KY,ASO,CE,Towers with Radar,0,2,41,3,46,0,4,76,0,80,0,6,117,3,126,164,0,164,290
08/06/2007,LOU,KY,ASO,CE,Towers with Radar,0,6,20,0,26,0,2,78,0,80,0,8,98,0,106,84,0,84,190
08/07/2007,LOU,KY,ASO,CE,Towers with Radar,0,9,44,3,56,0,7,104,0,111,0,16,148,3,167,158,0,158,325
08/08/2007,LOU,KY,ASO,CE,Towers with Radar,0,12,28,1,41,0,5,70,1,76,0,17,98,2,117,187,0,187,304
08/09/2007,LOU,KY,ASO,CE,Towers with Radar,0,5,33,0,38,0,10,76,1,87,0,15,109,1,125,186,0,186,311
08/10/2007,LOU,KY,ASO,CE,Towers with Radar,0,9,43,0,52,0,11,117,3,131,0,20,160,3,183,92,0,92,275
08/11/2007,LOU,KY,ASO,CE,Towers with Radar,0,0,15,0,15,0,3,194,0,197,0,3,209,0,212,110,0,110,322
08/12/2007,LOU,KY,ASO,CE,Towers with Radar,0,3,14,0,17,0,9,122,3,134,0,12,136,3,151,218,0,218,369
08/13/2007,LOU,KY,ASO,CE,Towers with Radar,0,7,28,4,39,0,11,108,2,121,0,18,136,6,160,140,0,140,300
08/14/2007,LOU,KY,ASO,CE,Towers with Radar,0,6,43,0,49,0,6,139,1,146,0,12,182,1,195,132,0,132,327
08/15/2007,LOU,KY,ASO,CE,Towers with Radar,0,8,34,0,42,0,22,111,0,133,0,30,145,0,175,84,0,84,259
08/16/2007,LOU,KY,ASO,CE,Towers with Radar,0,10,44,0,54,0,14,72,3,89,0,24,116,3,143,110,4,114,257
08/17/2007,LOU,KY,ASO,CE,Towers with Radar,0,7,29,2,38,0,8,88,0,96,0,15,117,2,134,78,0,78,212
08/18/2007,LOU,KY,ASO,CE,Towers with Radar,0,3,18,0,21,0,18,194,0,212,0,21,212,0,233,156,0,156,389
08/19/2007,LOU,KY,ASO,CE,Towers with Radar,0,4,22,0,26,0,6,152,0,158,0,10,174,0,184,160,0,160,344
08/20/2007,LOU,KY,ASO,CE,Towers with Radar,0,6,31,0,37,0,5,57,0,62,0,11,88,0,99,132,0,132,231
08/21/2007,LOU,KY,ASO,CE,Towers with Radar,0,6,25,0,31,0,5,33,0,38,0,11,58,0,69,42,0,42,111
08/22/2007,LOU,KY,ASO,CE,Towers with Radar,0,5,38,1,44,0,9,98,1,108,0,14,136,2,152,122,2,124,276
08/23/2007,LOU,KY,ASO,CE,Towers with Radar,0,7,34,2,43,0,16,110,0,126,0,23,144,2,169,124,4,128,297
08/24/2007,LOU,KY,ASO,CE,Towers with Radar,0,9,21,0,30,0,22,124,2,148,0,31,145,2,178,132,0,132,310
08/25/2007,LOU,KY,ASO,CE,Towers with Radar,0,0,34,0,34,0,8,178,0,186,0,8,212,0,220,118,0,118,338
08/26/2007,LOU,KY,ASO,CE,Towers with Radar,0,3,35,0,38,0,4,235,0,239,0,7,270,0,277,240,0,240,517
08/27/2007,LOU,KY,ASO,CE,Towers with Radar,0,9,35,0,44,0,9,133,0,142,0,18,168,0,186,140,0,140,326
08/28/2007,LOU,KY,ASO,CE,Towers with Radar,0,6,32,1,39,0,10,93,3,106,0,16,125,4,145,82,0,82,227
08/29/2007,LOU,KY,ASO,CE,Towers with Radar,0,6,45,0,51,0,7,59,0,66,0,13,104,0,117,190,0,190,307
08/30/2007,LOU,KY,ASO,CE,Towers with Radar,0,5,38,1,44,0,9,65,1,75,0,14,103,2,119,160,0,160,279
08/31/2007,LOU,KY,ASO,CE,Towers with Radar,0,6,49,0,55,0,16,143,2,161,0,22,192,2,216,136,0,136,352
09/01/2007,LOU,KY,ASO,CE,Towers with Radar,0,1,20,0,21,0,6,176,0,182,0,7,196,0,203,162,0,162,365
09/02/2007,LOU,KY,ASO,CE,Towers with Radar,0,2,19,0,21,0,9,173,0,182,0,11,192,0,203,172,0,172,375
09/03/2007,LOU,KY,ASO,CE,Towers with Radar,0,0,34,0,34,0,9,132,2,143,0,9,166,2,177,182,0,182,359
09/04/2007,LOU,KY,ASO,CE,Towers with Radar,0,6,27,0,33,0,3,98,1,102,0,9,125,1,135,154,0,154,289
09/05/2007,LOU,KY,ASO,CE,Towers with Radar,0,5,50,1,56,0,14,110,6,130,0,19,160,7,186,156,0,156,342
09/06/2007,LOU,KY,ASO,CE,Towers with Radar,0,7,39,4,50,0,9,55,0,64,0,16,94,4,114,108,0,108,222
09/07/2007,LOU,KY,ASO,CE,Towers with Radar,0,9,23,0,32,0,8,66,0,74,0,17,89,0,106,98,0,98,204
09/08/2007,LOU,KY,ASO,CE,Towers with Radar,0,0,11,0,11,0,16,104,0,120,0,16,115,0,131,128,0,128,259
09/09/2007,LOU,KY,ASO,CE,Towers with Radar,0,2,37,0,39,0,0,37,0,37,0,2,74,0,76,114,0,114,190
09/10/2007,LOU,KY,ASO,CE,Towers with Radar,0,6,17,0,23,0,4,53,0,57,0,10,70,0,80,200,0,200,280
09/11/2007,LOU,KY,ASO,CE,Towers with Radar,0,7,31,0,38,0,13,72,2,87,0,20,103,2,125,132,0,132,257
09/12/2007,LOU,KY,ASO,CE,Towers with Radar,0,4,19,2,25,0,20,124,0,144,0,24,143,2,169,248,0,248,417
09/13/2007,LOU,KY,ASO,CE,Towers with Radar,0,7,29,2,38,0,4,143,2,149,0,11,172,4,187,134,0,134,321
09/14/2007,LOU,KY,ASO,CE,Towers with Radar,0,9,36,1,46,0,12,86,1,99,0,21,122,2,145,74,2,76,221
09/15/2007,LOU,KY,ASO,CE,Towers with Radar,0,1,26,0,27,0,10,163,2,175,0,11,189,2,202,150,2,152,354
09/16/2007,LOU,KY,ASO,CE,Towers with Radar,0,4,30,0,34,0,11,145,0,156,0,15,175,0,190,248,0,248,438
09/17/2007,LOU,KY,ASO,CE,Towers with Radar,0,7,27,0,34,0,11,117,1,129,0,18,144,1,163,122,0,122,285
09/18/2007,LOU,KY,ASO,CE,Towers with Radar,0,6,35,0,41,0,7,120,2,129,0,13,155,2,170,198,0,198,368
09/19/2007,LOU,KY,ASO,CE,Towers with Radar,0,7,42,1,50,0,11,118,4,133,0,18,160,5,183,176,0,176,359
09/20/2007,LOU,KY,ASO,CE,Towers with Radar,0,10,26,0,36,0,3,139,0,142,0,13,165,0,178,300,0,300,478
09/21/2007,LOU,KY,ASO,CE,Towers with Radar,0,10,32,0,42,0,11,140,2,153,0,21,172,2,195,176,0,176,371
09/22/2007,LOU,KY,ASO,CE,Towers with Radar,0,2,27,0,29,0,16,146,0,162,0,18,173,0,191,198,0,198,389
09/23/2007,LOU,KY,ASO,CE,Towers with Radar,0,2,31,0,33,0,8,146,0,154,0,10,177,0,187,210,0,210,397
09/24/2007,LOU,KY,ASO,CE,Towers with Radar,0,7,44,0,51,0,7,107,1,115,0,14,151,1,166,110,0,110,276
09/25/2007,LOU,KY,ASO,CE,Towers with Radar,0,9,24,0,33,0,6,65,0,71,0,15,89,0,104,54,0,54,158
09/26/2007,LOU,KY,ASO,CE,Towers with Radar,0,6,44,2,52,0,9,25,2,36,0,15,69,4,88,40,4,44,132
09/27/2007,LOU,KY,ASO,CE,Towers with Radar,0,7,34,0,41,0,2,64,0,66,0,9,98,0,107,82,0,82,189
09/28/2007,LOU,KY,ASO,CE,Towers with Radar,0,12,41,0,53,0,15,255,1,271,0,27,296,1,324,162,0,162,486
09/29/2007,LOU,KY,ASO,CE,Towers with Radar,0,0,31,0,31,0,5,286,0,291,0,5,317,0,322,92,0,92,414
09/30/2007,LOU,KY,ASO,CE,Towers with Radar,0,2,31,3,36,0,11,226,0,237,0,13,257,3,273,148,0,148,421
10/01/2007,LOU,KY,ASO,CE,Towers with Radar,0,6,31,0,37,0,4,85,0,89,0,10,116,0,126,124,0,124,250
10/02/2007,LOU,KY,ASO,CE,Towers with Radar,0,4,38,0,42,0,13,107,2,122,0,17,145,2,164,164,0,164,328
10/03/2007,LOU,KY,ASO,CE,Towers with Radar,0,7,40,0,47,0,7,100,3,110,0,14,140,3,157,110,0,110,267
10/04/2007,LOU,KY,ASO,CE,Towers with Radar,0,6,29,0,35,0,7,111,0,118,0,13,140,0,153,242,0,242,395
10/05/2007,LOU,KY,ASO,CE,Towers with Radar,0,7,48,0,55,0,8,100,0,108,0,15,148,0,163,166,0,166,329
10/06/2007,LOU,KY,ASO,CE,Towers with Radar,0,0,23,0,23,0,10,182,0,192,0,10,205,0,215,192,0,192,407
10/07/2007,LOU,KY,ASO,CE,Towers with Radar,0,1,30,0,31,0,26,117,0,143,0,27,147,0,174,206,0,206,380
10/08/2007,LOU,KY,ASO,CE,Towers with Radar,0,2,33,0,35,0,12,112,0,124,0,14,145,0,159,154,0,154,313
10/09/2007,LOU,KY,ASO,CE,Towers with Radar,0,6,29,0,35,0,12,82,0,94,0,18,111,0,129,130,0,130,259
10/10/2007,LOU,KY,ASO,CE,Towers with Radar,0,9,35,0,44,0,5,94,0,99,0,14,129,0,143,28,4,32,175
10/11/2007,LOU,KY,ASO,CE,Towers with Radar,0,7,44,0,51,0,5,106,0,111,0,12,150,0,162,230,0,230,392
10/12/2007,LOU,KY,ASO,CE,Towers with Radar,0,9,41,0,50,0,10,98,0,108,0,19,139,0,158,116,0,116,274
10/13/2007,LOU,KY,ASO,CE,Towers with Radar,0,3,25,1,29,0,8,180,1,189,0,11,205,2,218,174,0,174,392
10/14/2007,LOU,KY,ASO,CE,Towers with Radar,0,4,23,0,27,0,12,143,0,155,0,16,166,0,182,150,0,150,332
10/15/2007,LOU,KY,ASO,CE,Towers with Radar,0,7,33,0,40,0,3,92,0,95,0,10,125,0,135,128,0,128,263
10/16/2007,LOU,KY,ASO,CE,Towers with Radar,0,10,39,2,51,0,2,33,2,37,0,12,72,4,88,80,2,82,170
10/17/2007,LOU,KY,ASO,CE,Towers with Radar,0,8,45,0,53,0,7,59,7,73,0,15,104,7,126,194,0,194,320
10/18/2007,LOU,KY,ASO,CE,Towers with Radar,0,5,36,0,41,0,2,18,0,20,0,7,54,0,61,6,0,6,67
10/19/2007,LOU,KY,ASO,CE,Towers with Radar,0,8,46,1,55,0,4,73,1,78,0,12,119,2,133,124,0,124,257
10/20/2007,LOU,KY,ASO,CE,Towers with Radar,0,0,23,0,23,0,16,217,2,235,0,16,240,2,258,316,0,316,574
10/21/2007,LOU,KY,ASO,CE,Towers with Radar,0,1,40,0,41,0,6,131,0,137,0,7,171,0,178,198,0,198,376
10/22/2007,LOU,KY,ASO,CE,Towers with Radar,0,6,32,0,38,0,1,32,0,33,0,7,64,0,71,60,0,60,131
10/23/2007,LOU,KY,ASO,CE,Towers with Radar,0,9,25,0,34,0,0,0,0,0,0,9,25,0,34,0,0,0,34
10/24/2007,LOU,KY,ASO,CE,Towers with Radar,0,11,24,0,35,0,5,9,0,14,0,16,33,0,49,32,0,32,81
10/25/2007,LOU,KY,ASO,CE,Towers with Radar,0,7,62,0,69,0,3,22,1,26,0,10,84,1,95,66,0,66,161
10/26/2007,LOU,KY,ASO,CE,Towers with Radar,0,9,36,0,45,0,10,36,1,47,0,19,72,1,92,98,0,98,190
10/27/2007,LOU,KY,ASO,CE,Towers with Radar,0,0,29,0,29,0,6,39,0,45,0,6,68,0,74,84,0,84,158
10/28/2007,LOU,KY,ASO,CE,Towers with Radar,0,4,21,0,25,0,9,166,3,178,0,13,187,3,203,234,0,234,437
10/29/2007,LOU,KY,ASO,CE,Towers with Radar,0,10,27,0,37,0,22,142,0,164,0,32,169,0,201,190,0,190,391
10/30/2007,LOU,KY,ASO,CE,Towers with Radar,0,7,40,0,47,0,16,160,0,176,0,23,200,0,223,299,0,299,522
10/31/2007,LOU,KY,ASO,CE,Towers with Radar,0,7,41,0,48,0,8,83,0,91,0,15,124,0,139,232,0,232,371
11/01/2007,LOU,KY,ASO,CE,Towers with Radar,0,6,37,1,44,0,8,112,0,120,0,14,149,1,164,106,0,106,270
11/02/2007,LOU,KY,ASO,CE,Towers with Radar,0,6,43,0,49,0,12,152,0,164,0,18,195,0,213,186,0,186,399
11/03/2007,LOU,KY,ASO,CE,Towers with Radar,0,0,16,3,19,0,8,258,1,267,0,8,274,4,286,234,0,234,520
11/04/2007,LOU,KY,ASO,CE,Towers with Radar,0,3,29,0,32,0,13,122,0,135,0,16,151,0,167,160,0,160,327
11/05/2007,LOU,KY,ASO,CE,Towers with Radar,0,5,25,0,30,0,6,35,0,41,0,11,60,0,71,54,0,54,125
11/06/2007,LOU,KY,ASO,CE,Towers with Radar,0,9,27,0,36,0,8,73,0,81,0,17,100,0,117,70,0,70,187
11/07/2007,LOU,KY,ASO,CE,Towers with Radar,0,10,46,0,56,0,9,140,0,149,0,19,186,0,205,222,0,222,427
11/08/2007,LOU,KY,ASO,CE,Towers with Radar,0,11,48,0,59,0,3,110,1,114,0,14,158,1,173,120,0,120,293
11/09/2007,LOU,KY,ASO,CE,Towers with Radar,0,8,25,2,35,0,16,114,5,135,0,24,139,7,170,102,0,102,272
11/10/2007,LOU,KY,ASO,CE,Towers with Radar,0,0,24,0,24,0,5,169,0,174,0,5,193,0,198,192,0,192,390
11/11/2007,LOU,KY,ASO,CE,Towers with Radar,0,2,25,0,27,0,10,82,1,93,0,12,107,1,120,184,0,184,304
11/12/2007,LOU,KY,ASO,CE,Towers with Radar,0,5,34,0,39,0,12,76,0,88,0,17,110,0,127,102,0,102,229
11/13/2007,LOU,KY,ASO,CE,Towers with Radar,0,2,26,0,28,0,0,0,0,0,0,2,26,0,28,0,0,0,28
11/14/2007,LOU,KY,ASO,CE,Towers with Radar,0,10,39,0,49,0,16,34,0,50,0,26,73,0,99,120,0,120,219
11/15/2007,LOU,KY,ASO,CE,Towers with Radar,0,7,27,0,34,0,6,47,0,53,0,13,74,0,87,46,0,46,133
11/16/2007,LOU,KY,ASO,CE,Towers with Radar,0,8,47,1,56,0,10,159,2,171,0,18,206,3,227,142,0,142,369
11/17/2007,LOU,KY,ASO,CE,Towers with Radar,0,1,30,0,31,0,12,164,3,179,0,13,194,3,210,230,0,230,440
11/18/2007,LOU,KY,ASO,CE,Towers with Radar,0,4,30,0,34,0,8,112,0,120,0,12,142,0,154,208,0,208,362
11/19/2007,LOU,KY,ASO,CE,Towers with Radar,0,9,50,3,62,0,4,22,0,26,0,13,72,3,88,84,0,84,172
11/20/2007,LOU,KY,ASO,CE,Towers with Radar,0,7,66,1,74,0,5,91,4,100,0,12,157,5,174,178,0,178,352
11/21/2007,LOU,KY,ASO,CE,Towers with Radar,0,10,34,0,44,0,4,18,0,22,0,14,52,0,66,44,0,44,110
11/22/2007,LOU,KY,ASO,CE,Towers with Radar,0,2,9,0,11,0,0,15,0,15,0,2,24,0,26,14,0,14,40
11/23/2007,LOU,KY,ASO,CE,Towers with Radar,0,12,27,3,42,0,9,109,1,119,0,21,136,4,161,136,0,136,297
11/24/2007,LOU,KY,ASO,CE,Towers with Radar,0,1,29,0,30,0,4,131,0,135,0,5,160,0,165,138,0,138,303
11/25/2007,LOU,KY,ASO,CE,Towers with Radar,0,2,40,0,42,0,0,84,0,84,0,2,124,0,126,164,0,164,290
11/26/2007,LOU,KY,ASO,CE,Towers with Radar,0,8,14,0,22,0,0,1,0,1,0,8,15,0,23,0,0,0,23
11/27/2007,LOU,KY,ASO,CE,Towers with Radar,0,11,45,0,56,0,8,82,0,90,0,19,127,0,146,160,0,160,306
11/28/2007,LOU,KY,ASO,CE,Towers with Radar,0,8,39,2,49,0,7,114,2,123,0,15,153,4,172,70,0,70,242
11/29/2007,LOU,KY,ASO,CE,Towers with Radar,0,7,31,0,38,0,14,110,0,124,0,21,141,0,162,158,0,158,320
11/30/2007,LOU,KY,ASO,CE,Towers with Radar,0,8,23,2,33,0,2,148,0,150,0,10,171,2,183,178,4,182,365
12/01/2007,LOU,KY,ASO,CE,Towers with Radar,0,0,20,0,20,0,0,166,0,166,0,0,186,0,186,270,0,270,456
12/02/2007,LOU,KY,ASO,CE,Towers with Radar,0,5,17,0,22,0,0,0,0,0,0,5,17,0,22,0,0,0,22
12/03/2007,LOU,KY,ASO,CE,Towers with Radar,0,12,23,1,36,0,8,54,1,63,0,20,77,2,99,54,0,54,153
12/04/2007,LOU,KY,ASO,CE,Towers with Radar,0,6,37,2,45,0,4,82,0,86,0,10,119,2,131,156,8,164,295
12/05/2007,LOU,KY,ASO,CE,Towers with Radar,0,11,25,0,36,0,7,31,0,38,0,18,56,0,74,18,0,18,92
12/06/2007,LOU,KY,ASO,CE,Towers with Radar,0,8,35,0,43,0,3,90,6,99,0,11,125,6,142,84,0,84,226
12/07/2007,LOU,KY,ASO,CE,Towers with Radar,0,9,23,0,32,0,5,38,0,43,0,14,61,0,75,98,0,98,173
12/08/2007,LOU,KY,ASO,CE,Towers with Radar,0,0,23,0,23,0,1,27,0,28,0,1,50,0,51,116,0,116,167
12/09/2007,LOU,KY,ASO,CE,Towers with Radar,0,0,10,0,10,0,0,0,0,0,0,0,10,0,10,0,0,0,10
12/10/2007,LOU,KY,ASO,CE,Towers with Radar,0,3,22,0,25,0,0,0,0,0,0,3,22,0,25,0,0,0,25
12/11/2007,LOU,KY,ASO,CE,Towers with Radar,0,4,24,0,28,0,6,74,0,80,0,10,98,0,108,96,4,100,208
12/12/2007,LOU,KY,ASO,CE,Towers with Radar,0,7,40,0,47,0,7,25,0,32,0,14,65,0,79,46,0,46,125
12/13/2007,LOU,KY,ASO,CE,Towers with Radar,0,7,30,0,37,0,1,2,0,3,0,8,32,0,40,14,0,14,54
12/14/2007,LOU,KY,ASO,CE,Towers with Radar,0,7,51,0,58,0,0,128,0,128,0,7,179,0,186,196,0,196,382
12/15/2007,LOU,KY,ASO,CE,Towers with Radar,0,0,5,0,5,0,0,0,0,0,0,0,5,0,5,0,0,0,5
12/16/2007,LOU,KY,ASO,CE,Towers with Radar,0,1,11,0,12,0,0,23,0,23,0,1,34,0,35,32,0,32,67
12/17/2007,LOU,KY,ASO,CE,Towers with Radar,0,5,36,0,41,0,4,69,0,73,0,9,105,0,114,168,0,168,282
12/18/2007,LOU,KY,ASO,CE,Towers with Radar,0,7,54,0,61,0,6,108,2,116,0,13,162,2,177,152,0,152,329
12/19/2007,LOU,KY,ASO,CE,Towers with Radar,0,4,38,0,42,0,13,120,0,133,0,17,158,0,175,196,0,196,371
12/20/2007,LOU,KY,ASO,CE,Towers with Radar,0,3,39,0,42,0,4,71,1,76,0,7,110,1,118,72,0,72,190
12/21/2007,LOU,KY,ASO,CE,Towers with Radar,0,5,38,0,43,0,5,11,0,16,0,10,49,0,59,12,0,12,71
12/22/2007,LOU,KY,ASO,CE,Towers with Radar,0,1,32,0,33,0,14,155,0,169,0,15,187,0,202,362,0,362,564
12/23/2007,LOU,KY,ASO,CE,Towers with Radar,0,2,7,0,9,0,2,13,0,15,0,4,20,0,24,26,0,26,50
12/24/2007,LOU,KY,ASO,CE,Towers with Radar,0,3,14,0,17,0,5,96,0,101,0,8,110,0,118,146,0,146,264
12/25/2007,LOU,KY,ASO,CE,Towers with Radar,0,2,4,0,6,0,1,43,0,44,0,3,47,0,50,50,0,50,100
12/26/2007,LOU,KY,ASO,CE,Towers with Radar,0,6,43,0,49,0,2,138,3,143,0,8,181,3,192,154,0,154,346
12/27/2007,LOU,KY,ASO,CE,Towers with Radar,0,6,35,0,41,0,1,48,0,49,0,7,83,0,90,104,0,104,194
12/28/2007,LOU,KY,ASO,CE,Towers with Radar,0,2,25,0,27,0,0,1,0,1,0,2,26,0,28,0,0,0,28
12/29/2007,LOU,KY,ASO,CE,Towers with Radar,0,1,40,0,41,0,9,76,2,87,0,10,116,2,128,350,0,350,478
12/30/2007,LOU,KY,ASO,CE,Towers with Radar,0,2,23,0,25,0,0,104,0,104,0,2,127,0,129,236,0,236,365
12/31/2007,LOU,KY,ASO,CE,Towers with Radar,0,8,25,2,35,0,3,126,0,129,0,11,151,2,164,142,0,142,306
01/01/2008,LOU,KY,ASO,CE,Towers with Radar,0,6,12,0,18,0,0,21,0,21,0,6,33,0,39,6,0,6,45
01/02/2008,LOU,KY,ASO,CE,Towers with Radar,0,7,25,0,32,0,5,31,0,36,0,12,56,0,68,32,0,32,100
01/03/2008,LOU,KY,ASO,CE,Towers with Radar,0,7,28,1,36,0,1,57,0,58,0,8,85,1,94,62,0,62,156
01/04/2008,LOU,KY,ASO,CE,Towers with Radar,0,4,26,2,32,0,9,88,2,99,0,13,114,4,131,24,0,24,155
01/05/2008,LOU,KY,ASO,CE,Towers with Radar,0,0,17,0,17,0,0,9,0,9,0,0,26,0,26,24,0,24,50
01/06/2008,LOU,KY,ASO,CE,Towers with Radar,0,6,34,0,40,0,0,35,0,35,0,6,69,0,75,74,0,74,149
01/07/2008,LOU,KY,ASO,CE,Towers with Radar,0,8,32,0,40,0,6,62,0,68,0,14,94,0,108,86,0,86,194
01/08/2008,LOU,KY,ASO,CE,Towers with Radar,0,4,14,0,18,0,5,7,0,12,0,9,21,0,30,18,0,18,48
01/09/2008,LOU,KY,ASO,CE,Towers with Radar,0,8,36,0,44,0,6,128,3,137,0,14,164,3,181,310,0,310,491
01/10/2008,LOU,KY,ASO,CE,Towers with Radar,0,8,23,0,31,0,1,17,0,18,0,9,40,0,49,68,0,68,117
01/11/2008,LOU,KY,ASO,CE,Towers with Radar,0,10,33,0,43,0,5,42,0,47,0,15,75,0,90,162,4,166,256
01/12/2008,LOU,KY,ASO,CE,Towers with Radar,0,2,16,1,19,0,3,203,2,208,0,5,219,3,227,360,0,360,587
01/13/2008,LOU,KY,ASO,CE,Towers with Radar,0,4,15,0,19,0,0,0,0,0,0,4,15,0,19,0,0,0,19
01/14/2008,LOU,KY,ASO,CE,Towers with Radar,0,9,23,0,32,0,5,16,0,21,0,14,39,0,53,10,0,10,63
01/15/2008,LOU,KY,ASO,CE,Towers with Radar,0,8,34,0,42,0,9,91,2,102,0,17,125,2,144,88,0,88,232
01/16/2008,LOU,KY,ASO,CE,Towers with Radar,0,10,31,0,41,0,16,79,0,95,0,26,110,0,136,136,0,136,272
01/17/2008,LOU,KY,ASO,CE,Towers with Radar,0,10,20,0,30,0,0,1,0,1,0,10,21,0,31,0,0,0,31
01/18/2008,LOU,KY,ASO,CE,Towers with Radar,0,5,32,0,37,0,9,67,2,78,0,14,99,2,115,100,0,100,215
01/19/2008,LOU,KY,ASO,CE,Towers with Radar,0,6,14,1,21,0,2,77,2,81,0,8,91,3,102,156,0,156,258
01/20/2008,LOU,KY,ASO,CE,Towers with Radar,0,3,17,0,20,0,0,67,0,67,0,3,84,0,87,122,0,122,209
01/21/2008,LOU,KY,ASO,CE,Towers with Radar,0,6,9,0,15,0,0,80,0,80,0,6,89,0,95,178,0,178,273
01/22/2008,LOU,KY,ASO,CE,Towers with Radar,0,8,14,0,22,0,10,8,0,18,0,18,22,0,40,32,0,32,72
01/23/2008,LOU,KY,ASO,CE,Towers with Radar,0,7,36,0,43,0,14,93,1,108,0,21,129,1,151,162,0,162,313
01/24/2008,LOU,KY,ASO,CE,Towers with Radar,0,11,36,0,47,0,7,47,0,54,0,18,83,0,101,82,0,82,183
01/25/2008,LOU,KY,ASO,CE,Towers with Radar,0,5,27,0,32,0,8,84,0,92,0,13,111,0,124,158,0,158,282
01/26/2008,LOU,KY,ASO,CE,Towers with Radar,0,0,12,0,12,0,0,52,0,52,0,0,64,0,64,244,0,244,308
01/27/2008,LOU,KY,ASO,CE,Towers with Radar,0,4,28,0,32,0,3,140,0,143,0,7,168,0,175,322,0,322,497
01/28/2008,LOU,KY,ASO,CE,Towers with Radar,0,9,32,1,42,0,5,80,1,86,0,14,112,2,128,160,0,160,288
01/29/2008,LOU,KY,ASO,CE,Towers with Radar,0,8,8,0,16,0,0,0,0,0,0,8,8,0,16,10,0,10,26
01/30/2008,LOU,KY,ASO,CE,Towers with Radar,0,6,24,0,30,0,7,100,1,108,0,13,124,1,138,128,0,128,266
01/31/2008,LOU,KY,ASO,CE,Towers with Radar,0,4,18,1,23,0,10,50,0,60,0,14,68,1,83,54,0,54,137
02/01/2008,LOU,KY,ASO,CE,Towers with Radar,0,11,32,0,43,0,0,4,0,4,0,11,36,0,47,12,0,12,59
02/02/2008,LOU,KY,ASO,CE,Towers with Radar,0,2,15,2,19,0,1,146,4,151,0,3,161,6,170,244,0,244,414
02/03/2008,LOU,KY,ASO,CE,Towers with Radar,0,4,28,0,32,0,5,150,1,156,0,9,178,1,188,372,0,372,560
02/04/2008,LOU,KY,ASO,CE,Towers with Radar,0,3,33,0,36,0,3,17,0,20,0,6,50,0,56,32,0,32,88
02/05/2008,LOU,KY,ASO,CE,Towers with Radar,0,4,17,0,21,0,4,18,0,22,0,8,35,0,43,50,0,50,93
02/06/2008,LOU,KY,ASO,CE,Towers with Radar,0,7,10,0,17,0,2,12,0,14,0,9,22,0,31,6,0,6,37
02/07/2008,LOU,KY,ASO,CE,Towers with Radar,0,6,33,0,39,0,11,79,0,90,0,17,112,0,129,184,0,184,313
02/08/2008,LOU,KY,ASO,CE,Towers with Radar,0,9,27,2,38,0,10,123,3,136,0,19,150,5,174,236,24,260,434
02/09/2008,LOU,KY,ASO,CE,Towers with Radar,0,3,15,0,18,0,0,79,0,79,0,3,94,0,97,158,0,158,255
02/10/2008,LOU,KY,ASO,CE,Towers with Radar,0,5,19,0,24,0,2,20,0,22,0,7,39,0,46,2,0,2,48
02/11/2008,LOU,KY,ASO,CE,Towers with Radar,0,3,27,0,30,0,5,46,0,51,0,8,73,0,81,12,0,12,93
02/12/2008,LOU,KY,ASO,CE,Towers with Radar,0,4,5,0,9,0,0,0,0,0,0,4,5,0,9,0,0,0,9
02/13/2008,LOU,KY,ASO,CE,Towers with Radar,0,11,35,0,46,0,12,34,0,46,0,23,69,0,92,52,0,52,144
02/14/2008,LOU,KY,ASO,CE,Towers with Radar,0,8,31,0,39,0,2,73,0,75,0,10,104,0,114,80,0,80,194
02/15/2008,LOU,KY,ASO,CE,Towers with Radar,0,12,44,0,56,0,3,49,0,52,0,15,93,0,108,136,0,136,244
02/16/2008,LOU,KY,ASO,CE,Towers with Radar,0,1,21,0,22,0,4,185,1,190,0,5,206,1,212,244,0,244,456
02/17/2008,LOU,KY,ASO,CE,Towers with Radar,0,4,11,0,15,0,2,3,0,5,0,6,14,0,20,24,0,24,44
02/18/2008,LOU,KY,ASO,CE,Towers with Radar,0,8,12,0,20,0,10,35,0,45,0,18,47,0,65,64,0,64,129
02/19/2008,LOU,KY,ASO,CE,Towers with Radar,0,9,31,1,41,0,2,62,5,69,0,11,93,6,110,102,8,110,220
02/20/2008,LOU,KY,ASO,CE,Towers with Radar,0,9,38,0,47,0,13,40,0,53,0,22,78,0,100,42,0,42,142
02/21/2008,LOU,KY,ASO,CE,Towers with Radar,0,2,8,0,10,0,1,3,0,4,0,3,11,0,14,4,0,4,18
02/22/2008,LOU,KY,ASO,CE,Towers with Radar,0,6,9,0,15,0,2,0,0,2,0,8,9,0,17,0,0,0,17
02/23/2008,LOU,KY,ASO,CE,Towers with Radar,0,0,13,0,13,0,3,40,0,43,0,3,53,0,56,258,0,258,314
02/24/2008,LOU,KY,ASO,CE,Towers with Radar,0,4,14,0,18,0,0,14,0,14,0,4,28,0,32,26,0,26,58
02/25/2008,LOU,KY,ASO,CE,Towers with Radar,0,11,28,0,39,0,5,13,0,18,0,16,41,0,57,26,0,26,83
02/26/2008,LOU,KY,ASO,CE,Towers with Radar,0,11,13,0,24,0,4,3,0,7,0,15,16,0,31,8,0,8,39
02/27/2008,LOU,KY,ASO,CE,Towers with Radar,0,9,14,0,23,0,6,35,0,41,0,15,49,0,64,56,0,56,120
02/28/2008,LOU,KY,ASO,CE,Towers with Radar,0,7,37,2,46,0,5,136,2,143,0,12,173,4,189,192,0,192,381
02/29/2008,LOU,KY,ASO,CE,Towers with Radar,0,11,38,0,49,0,2,14,0,16,0,13,52,0,65,18,0,18,83
03/01/2008,LOU,KY,ASO,CE,Towers with Radar,0,0,25,0,25,0,2,198,3,203,0,2,223,3,228,322,10,332,560
03/02/2008,LOU,KY,ASO,CE,Towers with Radar,0,2,30,0,32,0,4,139,0,143,0,6,169,0,175,276,0,276,451
03/03/2008,LOU,KY,ASO,CE,Towers with Radar,0,6,14,0,20,0,0,26,0,26,0,6,40,0,46,38,0,38,84
03/04/2008,LOU,KY,ASO,CE,Towers with Radar,0,9,8,0,17,0,4,4,0,8,0,13,12,0,25,0,0,0,25
03/05/2008,LOU,KY,ASO,CE,Towers with Radar,0,8,43,0,51,0,4,116,3,123,0,12,159,3,174,188,2,190,364
03/06/2008,LOU,KY,ASO,CE,Towers with Radar,0,6,29,2,37,0,12,124,4,140,0,18,153,6,177,214,0,214,391
03/07/2008,LOU,KY,ASO,CE,Towers with Radar,0,5,4,0,9,0,2,1,0,3,0,7,5,0,12,0,0,0,12
03/08/2008,LOU,KY,ASO,CE,Towers with Radar,0,2,2,0,4,0,9,6,0,15,0,11,8,0,19,0,0,0,19
03/09/2008,LOU,KY,ASO,CE,Towers with Radar,0,3,13,0,16,0,9,77,2,88,0,12,90,2,104,106,0,106,210
03/10/2008,LOU,KY,ASO,CE,Towers with Radar,0,10,21,0,31,0,7,75,4,86,0,17,96,4,117,128,2,130,247
03/11/2008,LOU,KY,ASO,CE,Towers with Radar,0,8,37,0,45,0,6,122,3,131,0,14,159,3,176,88,0,88,264
03/12/2008,LOU,KY,ASO,CE,Towers with Radar,0,10,38,0,48,0,6,157,2,165,0,16,195,2,213,238,0,238,451
03/13/2008,LOU,KY,ASO,CE,Towers with Radar,0,7,29,0,36,0,3,104,0,107,0,10,133,0,143,180,0,180,323
03/14/2008,LOU,KY,ASO,CE,Towers with Radar,0,12,49,0,61,0,1,16,0,17,0,13,65,0,78,34,0,34,112
03/15/2008,LOU,KY,ASO,CE,Towers with Radar,0,2,28,1,31,0,0,20,0,20,0,2,48,1,51,102,0,102,153
03/16/2008,LOU,KY,ASO,CE,Towers with Radar,0,2,42,0,44,0,3,126,0,129,0,5,168,0,173,358,0,358,531
03/17/2008,LOU,KY,ASO,CE,Towers with Radar,0,7,39,0,46,0,3,82,2,87,0,10,121,2,133,116,0,116,249
03/18/2008,LOU,KY,ASO,CE,Towers with Radar,0,6,14,0,20,0,0,0,0,0,0,6,14,0,20,0,0,0,20
03/19/2008,LOU,KY,ASO,CE,Towers with Radar,0,11,11,0,22,0,0,5,0,5,0,11,16,0,27,0,0,0,27
03/20/2008,LOU,KY,ASO,CE,Towers with Radar,0,7,44,2,53,0,8,146,3,157,0,15,190,5,210,132,2,134,344
03/21/2008,LOU,KY,ASO,CE,Towers with Radar,0,6,33,0,39,0,8,104,0,112,0,14,137,0,151,92,0,92,243
03/22/2008,LOU,KY,ASO,CE,Towers with Radar,0,3,15,0,18,0,2,35,0,37,0,5,50,0,55,154,0,154,209
03/23/2008,LOU,KY,ASO,CE,Towers with Radar,0,5,24,0,29,0,4,60,0,64,0,9,84,0,93,174,0,174,267
03/24/2008,LOU,KY,ASO,CE,Towers with Radar,0,6,39,0,45,0,3,88,0,91,0,9,127,0,136,182,0,182,318
03/25/2008,LOU,KY,ASO,CE,Towers with Radar,0,9,28,2,39,0,12,41,3,56,0,21,69,5,95,32,0,32,127
03/26/2008,LOU,KY,ASO,CE,Towers with Radar,0,9,35,2,46,0,4,125,0,129,0,13,160,2,175,232,0,232,407
03/27/2008,LOU,KY,ASO,CE,Towers with Radar,0,10,59,0,69,0,4,42,0,46,0,14,101,0,115,38,0,38,153
03/28/2008,LOU,KY,ASO,CE,Towers with Radar,0,12,52,0,64,0,0,36,0,36,0,12,88,0,100,72,0,72,172
03/29/2008,LOU,KY,ASO,CE,Towers with Radar,0,1,30,1,32,0,2,167,4,173,0,3,197,5,205,260,4,264,469
03/30/2008,LOU,KY,ASO,CE,Towers with Radar,0,3,44,0,47,0,5,36,0,41,0,8,80,0,88,110,0,110,198
03/31/2008,LOU,KY,ASO,CE,Towers with Radar,0,10,20,0,30,0,2,16,0,18,0,12,36,0,48,36,0,36,84
04/01/2008,LOU,KY,ASO,CE,Towers with Radar,0,12,23,0,35,0,9,22,0,31,0,21,45,0,66,26,0,26,92
04/02/2008,LOU,KY,ASO,CE,Towers with Radar,0,8,32,3,43,0,8,142,1,151,0,16,174,4,194,218,0,218,412
04/03/2008,LOU,KY,ASO,CE,Towers with Radar,0,5,36,0,41,0,0,3,0,3,0,5,39,0,44,4,0,4,48
04/04/2008,LOU,KY,ASO,CE,Towers with Radar,0,11,42,0,53,0,2,15,0,17,0,13,57,0,70,14,0,14,84
04/05/2008,LOU,KY,ASO,CE,Towers with Radar,0,0,41,1,42,0,3,103,2,108,0,3,144,3,150,182,0,182,332
04/06/2008,LOU,KY,ASO,CE,Towers with Radar,0,1,32,0,33,0,7,176,2,185,0,8,208,2,218,202,0,202,420
04/07/2008,LOU,KY,ASO,CE,Towers with Radar,0,4,20,0,24,0,15,110,2,127,0,19,130,2,151,132,0,132,283
04/08/2008,LOU,KY,ASO,CE,Towers with Radar,0,5,36,1,42,0,12,110,2,124,0,17,146,3,166,166,0,166,332
04/09/2008,LOU,KY,ASO,CE,Towers with Radar,0,8,52,0,60,0,4,45,0,49,0,12,97,0,109,32,0,32,141
04/10/2008,LOU,KY,ASO,CE,Towers with Radar,0,8,22,0,30,0,5,66,0,71,0,13,88,0,101,52,0,52,153
04/11/2008,LOU,KY,ASO,CE,Towers with Radar,0,6,33,0,39,0,2,29,2,33,0,8,62,2,72,6,2,8,80
04/12/2008,LOU,KY,ASO,CE,Towers with Radar,0,0,35,0,35,0,10,80,11,101,0,10,115,11,136,84,0,84,220
04/13/2008,LOU,KY,ASO,CE,Towers with Radar,0,4,21,0,25,0,2,34,2,38,0,6,55,2,63,52,0,52,115
04/14/2008,LOU,KY,ASO,CE,Towers with Radar,0,9,24,0,33,0,4,66,2,72,0,13,90,2,105,130,0,130,235
04/15/2008,LOU,KY,ASO,CE,Towers with Radar,0,8,41,0,49,0,5,149,2,156,0,13,190,2,205,260,0,260,465
04/16/2008,LOU,KY,ASO,CE,Towers with Radar,0,6,34,1,41,0,19,136,1,156,0,25,170,2,197,170,0,170,367
04/17/2008,LOU,KY,ASO,CE,Towers with Radar,0,6,48,0,54,0,7,136,2,145,0,13,184,2,199,84,0,84,283
04/18/2008,LOU,KY,ASO,CE,Towers with Radar,0,7,40,0,47,0,17,134,0,151,0,24,174,0,198,44,0,44,242
04/19/2008,LOU,KY,ASO,CE,Towers with Radar,0,0,23,7,30,0,4,71,1,76,0,4,94,8,106,114,0,114,220
04/20/2008,LOU,KY,ASO,CE,Towers with Radar,0,2,35,0,37,0,8,85,0,93,0,10,120,0,130,162,0,162,292
04/21/2008,LOU,KY,ASO,CE,Towers with Radar,0,5,41,0,46,0,8,131,0,139,0,13,172,0,185,124,0,124,309
04/22/2008,LOU,KY,ASO,CE,Towers with Radar,0,9,52,0,61,0,6,157,2,165,0,15,209,2,226,216,0,216,442
04/23/2008,LOU,KY,ASO,CE,Towers with Radar,0,11,40,0,51,0,7,118,0,125,0,18,158,0,176,172,0,172,348
04/24/2008,LOU,KY,ASO,CE,Towers with Radar,0,7,48,0,55,0,2,108,0,110,0,9,156,0,165,78,0,78,243
04/25/2008,LOU,KY,ASO,CE,Towers with Radar,0,10,30,0,40,0,13,87,0,100,0,23,117,0,140,52,0,52,192
04/26/2008,LOU,KY,ASO,CE,Towers with Radar,0,4,21,0,25,0,28,92,3,123,0,32,113,3,148,96,0,96,244
04/27/2008,LOU,KY,ASO,CE,Towers with Radar,0,6,24,2,32,0,12,144,2,158,0,18,168,4,190,78,0,78,268
04/28/2008,LOU,KY,ASO,CE,Towers with Radar,0,8,32,0,40,0,11,37,0,48,0,19,69,0,88,32,2,34,122
04/29/2008,LOU,KY,ASO,CE,Towers with Radar,0,6,33,2,41,0,10,87,0,97,0,16,120,2,138,172,0,172,310
04/30/2008,LOU,KY,ASO,CE,Towers with Radar,0,8,25,1,34,0,17,112,2,131,0,25,137,3,165,198,4,202,367
05/01/2008,LOU,KY,ASO,CE,Towers with Radar,0,11,84,0,95,0,3,54,0,57,0,14,138,0,152,32,0,32,184
05/02/2008,LOU,KY,ASO,CE,Towers with Radar,0,10,50,0,60,0,0,31,0,31,0,10,81,0,91,24,0,24,115
05/03/2008,LOU,KY,ASO,CE,Towers with Radar,0,2,56,0,58,0,24,67,5,96,0,26,123,5,154,76,0,76,230
05/04/2008,LOU,KY,ASO,CE,Towers with Radar,0,6,96,0,102,0,8,198,3,209,0,14,294,3,311,182,0,182,493
05/05/2008,LOU,KY,ASO,CE,Towers with Radar,0,6,41,0,47,0,9,173,4,186,0,15,214,4,233,210,0,210,443
05/06/2008,LOU,KY,ASO,CE,Towers with Radar,0,6,35,0,41,0,22,145,18,185,0,28,180,18,226,172,0,172,398
05/07/2008,LOU,KY,ASO,CE,Towers with Radar,0,8,42,1,51,0,16,52,0,68,0,24,94,1,119,68,0,68,187
05/08/2008,LOU,KY,ASO,CE,Towers with Radar,0,12,32,0,44,0,4,28,0,32,0,16,60,0,76,34,0,34,110
05/09/2008,LOU,KY,ASO,CE,Towers with Radar,0,3,42,2,47,0,0,10,0,10,0,3,52,2,57,4,0,4,61
05/10/2008,LOU,KY,ASO,CE,Towers with Radar,0,1,30,0,31,0,1,181,0,182,0,2,211,0,213,140,0,140,353
05/11/2008,LOU,KY,ASO,CE,Towers with Radar,0,1,7,0,8,0,5,5,0,10,0,6,12,0,18,2,0,2,20
05/12/2008,LOU,KY,ASO,CE,Towers with Radar,0,5,36,0,41,0,14,187,0,201,0,19,223,0,242,190,0,190,432
05/13/2008,LOU,KY,ASO,CE,Towers with Radar,0,11,40,1,52,0,8,132,4,144,0,19,172,5,196,280,0,280,476
05/14/2008,LOU,KY,ASO,CE,Towers with Radar,0,8,31,2,41,0,4,22,0,26,0,12,53,2,67,16,0,16,83
05/15/2008,LOU,KY,ASO,CE,Towers with Radar,0,6,33,0,39,0,1,6,0,7,0,7,39,0,46,12,0,12,58
05/16/2008,LOU,KY,ASO,CE,Towers with Radar,0,5,45,0,50,0,9,94,1,104,0,14,139,1,154,138,0,138,292
05/17/2008,LOU,KY,ASO,CE,Towers with Radar,0,0,25,1,26,0,7,151,4,162,0,7,176,5,188,56,0,56,244
05/18/2008,LOU,KY,ASO,CE,Towers with Radar,0,3,43,0,46,0,9,82,5,96,0,12,125,5,142,90,0,90,232
05/19/2008,LOU,KY,ASO,CE,Towers with Radar,0,8,52,0,60,0,5,63,2,70,0,13,115,2,130,60,0,60,190
05/20/2008,LOU,KY,ASO,CE,Towers with Radar,0,7,44,0,51,0,1,49,0,50,0,8,93,0,101,122,0,122,223
05/21/2008,LOU,KY,ASO,CE,Towers with Radar,0,9,43,0,52,0,5,71,6,82,0,14,114,6,134,74,0,74,208
05/22/2008,LOU,KY,ASO,CE,Towers with Radar,0,10,38,2,50,0,6,111,0,117,0,16,149,2,167,152,2,154,321
05/23/2008,LOU,KY,ASO,CE,Towers with Radar,0,8,44,2,54,0,18,75,1,94,0,26,119,3,148,94,0,94,242
05/24/2008,LOU,KY,ASO,CE,Towers with Radar,0,0,19,0,19,0,10,198,0,208,0,10,217,0,227,218,0,218,445
05/25/2008,LOU,KY,ASO,CE,Towers with Radar,0,2,20,0,22,0,17,130,0,147,0,19,150,0,169,198,0,198,367
05/26/2008,LOU,KY,ASO,CE,Towers with Radar,0,0,21,0,21,0,3,70,0,73,0,3,91,0,94,120,0,120,214
05/27/2008,LOU,KY,ASO,CE,Towers with Radar,0,7,34,0,41,0,7,29,0,36,0,14,63,0,77,26,0,26,103
05/28/2008,LOU,KY,ASO,CE,Towers with Radar,0,4,41,1,46,0,5,92,5,102,0,9,133,6,148,92,0,92,240
05/29/2008,LOU,KY,ASO,CE,Towers with Radar,0,4,41,1,46,0,13,166,3,182,0,17,207,4,228,124,0,124,352
05/30/2008,LOU,KY,ASO,CE,Towers with Radar,0,12,46,0,58,0,5,84,2,91,0,17,130,2,149,78,0,78,227
05/31/2008,LOU,KY,ASO,CE,Towers with Radar,0,0,21,0,21,0,13,47,0,60,0,13,68,0,81,38,0,38,119
06/01/2008,LOU,KY,ASO,CE,Towers with Radar,0,3,20,0,23,0,15,168,2,185,0,18,188,2,208,310,8,318,526
06/02/2008,LOU,KY,ASO,CE,Towers with Radar,0,4,38,0,42,0,7,109,2,118,0,11,147,2,160,134,0,134,294
06/03/2008,LOU,KY,ASO,CE,Towers with Radar,0,10,27,0,37,0,7,20,0,27,0,17,47,0,64,42,0,42,106
06/04/2008,LOU,KY,ASO,CE,Towers with Radar,0,9,28,1,38,0,6,63,1,70,0,15,91,2,108,34,0,34,142
06/05/2008,LOU,KY,ASO,CE,Towers with Radar,0,11,34,0,45,0,17,122,0,139,0,28,156,0,184,76,0,76,260
06/06/2008,LOU,KY,ASO,CE,Towers with Radar,0,10,27,0,37,0,5,112,1,118,0,15,139,1,155,88,0,88,243
06/07/2008,LOU,KY,ASO,CE,Towers with Radar,0,1,12,0,13,0,3,105,0,108,0,4,117,0,121,224,0,224,345
06/08/2008,LOU,KY,ASO,CE,Towers with Radar,0,6,26,0,32,0,6,129,0,135,0,12,155,0,167,178,0,178,345
06/09/2008,LOU,KY,ASO,CE,Towers with Radar,0,5,33,3,41,0,17,75,4,96,0,22,108,7,137,120,0,120,257
06/10/2008,LOU,KY,ASO,CE,Towers with Radar,0,8,28,2,38,0,4,88,2,94,0,12,116,4,132,114,0,114,246
06/11/2008,LOU,KY,ASO,CE,Towers with Radar,0,3,45,0,48,0,19,133,0,152,0,22,178,0,200,116,0,116,316
06/12/2008,LOU,KY,ASO,CE,Towers with Radar,0,4,38,0,42,0,12,90,2,104,0,16,128,2,146,144,0,144,290
06/13/2008,LOU,KY,ASO,CE,Towers with Radar,0,8,26,0,34,0,0,34,4,38,0,8,60,4,72,28,0,28,100
06/14/2008,LOU,KY,ASO,CE,Towers with Radar,0,2,31,3,36,0,16,112,0,128,0,18,143,3,164,184,0,184,348
06/15/2008,LOU,KY,ASO,CE,Towers with Radar,0,0,29,0,29,0,12,174,0,186,0,12,203,0,215,142,0,142,357
06/16/2008,LOU,KY,ASO,CE,Towers with Radar,0,1,31,0,32,0,8,85,0,93,0,9,116,0,125,116,0,116,241
06/17/2008,LOU,KY,ASO,CE,Towers with Radar,0,6,33,2,41,0,14,140,0,154,0,20,173,2,195,146,0,146,341
06/18/2008,LOU,KY,ASO,CE,Towers with Radar,0,4,33,0,37,0,13,115,2,130,0,17,148,2,167,50,0,50,217
06/19/2008,LOU,KY,ASO,CE,Towers with Radar,0,9,41,2,52,0,4,100,0,104,0,13,141,2,156,98,0,98,254
06/20/2008,LOU,KY,ASO,CE,Towers with Radar,0,8,28,0,36,0,8,55,2,65,0,16,83,2,101,140,0,140,241
06/21/2008,LOU,KY,ASO,CE,Towers with Radar,0,0,25,0,25,0,16,114,2,132,0,16,139,2,157,136,0,136,293
06/22/2008,LOU,KY,ASO,CE,Towers with Radar,0,4,42,0,46,0,6,124,0,130,0,10,166,0,176,178,0,178,354
06/23/2008,LOU,KY,ASO,CE,Towers with Radar,0,5,29,0,34,0,4,203,1,208,0,9,232,1,242,108,0,108,350
06/24/2008,LOU,KY,ASO,CE,Towers with Radar,0,2,36,1,39,0,9,108,3,120,0,11,144,4,159,281,0,281,440
06/25/2008,LOU,KY,ASO,CE,Towers with Radar,0,6,47,3,56,0,20,91,1,112,0,26,138,4,168,78,0,78,246
06/26/2008,LOU,KY,ASO,CE,Towers with Radar,0,6,37,0,43,0,10,68,0,78,0,16,105,0,121,44,0,44,165
06/27/2008,LOU,KY,ASO,CE,Towers with Radar,0,8,38,2,48,0,5,101,1,107,0,13,139,3,155,144,0,144,299
06/28/2008,LOU,KY,ASO,CE,Towers with Radar,0,0,25,0,25,0,8,51,0,59,0,8,76,0,84,74,0,74,158
06/29/2008,LOU,KY,ASO,CE,Towers with Radar,0,4,25,2,31,0,7,88,0,95,0,11,113,2,126,58,0,58,184
06/30/2008,LOU,KY,ASO,CE,Towers with Radar,0,8,40,0,48,0,7,73,0,80,0,15,113,0,128,100,0,100,228
07/01/2008,LOU,KY,ASO,CE,Towers with Radar,0,3,37,1,41,0,14,138,5,157,0,17,175,6,198,198,0,198,396
07/02/2008,LOU,KY,ASO,CE,Towers with Radar,0,6,43,1,50,0,14,127,5,146,0,20,170,6,196,64,0,64,260
07/03/2008,LOU,KY,ASO,CE,Towers with Radar,0,6,32,0,38,0,15,64,2,81,0,21,96,2,119,70,0,70,189
07/04/2008,LOU,KY,ASO,CE,Towers with Radar,0,0,18,1,19,0,14,37,1,52,0,14,55,2,71,112,0,112,183
07/05/2008,LOU,KY,ASO,CE,Towers with Radar,0,5,24,0,29,0,18,51,0,69,0,23,75,0,98,66,0,66,164
07/06/2008,LOU,KY,ASO,CE,Towers with Radar,0,2,32,0,34,0,9,87,0,96,0,11,119,0,130,177,0,177,307
07/07/2008,LOU,KY,ASO,CE,Towers with Radar,0,4,27,0,31,0,4,37,3,44,0,8,64,3,75,78,0,78,153
07/08/2008,LOU,KY,ASO,CE,Towers with Radar,0,7,35,0,42,0,9,50,0,59,0,16,85,0,101,124,0,124,225
07/09/2008,LOU,KY,ASO,CE,Towers with Radar,0,5,44,2,51,0,6,40,1,47,0,11,84,3,98,106,0,106,204
07/10/2008,LOU,KY,ASO,CE,Towers with Radar,0,11,32,1,44,0,9,133,2,144,0,20,165,3,188,148,0,148,336
07/11/2008,LOU,KY,ASO,CE,Towers with Radar,0,8,43,3,54,0,18,123,4,145,0,26,166,7,199,142,10,152,351
07/12/2008,LOU,KY,ASO,CE,Towers with Radar,0,4,27,0,31,0,18,71,2,91,0,22,98,2,122,104,0,104,226
07/13/2008,LOU,KY,ASO,CE,Towers with Radar,0,4,36,0,40,0,10,89,2,101,0,14,125,2,141,96,0,96,237
07/14/2008,LOU,KY,ASO,CE,Towers with Radar,0,8,33,1,42,0,8,136,2,146,0,16,169,3,188,138,0,138,326
07/15/2008,LOU,KY,ASO,CE,Towers with Radar,0,4,27,4,35,0,20,128,3,151,0,24,155,7,186,114,0,114,300
07/16/2008,LOU,KY,ASO,CE,Towers with Radar,0,5,33,3,41,0,8,92,2,102,0,13,125,5,143,80,0,80,223
07/17/2008,LOU,KY,ASO,CE,Towers with Radar,0,3,32,0,35,0,10,111,0,121,0,13,143,0,156,112,0,112,268
07/18/2008,LOU,KY,ASO,CE,Towers with Radar,0,5,23,2,30,0,12,86,1,99,0,17,109,3,129,96,0,96,225
07/19/2008,LOU,KY,ASO,CE,Towers with Radar,0,0,24,0,24,0,19,109,2,130,0,19,133,2,154,234,0,234,388
07/20/2008,LOU,KY,ASO,CE,Towers with Radar,0,3,20,0,23,0,3,68,0,71,0,6,88,0,94,204,0,204,298
07/21/2008,LOU,KY,ASO,CE,Towers with Radar,0,4,35,2,41,0,6,64,2,72,0,10,99,4,113,196,0,196,309
07/22/2008,LOU,KY,ASO,CE,Towers with Radar,0,7,33,0,40,0,7,61,2,70,0,14,94,2,110,166,0,166,276
07/23/2008,LOU,KY,ASO,CE,Towers with Radar,0,5,45,2,52,0,9,176,1,186,0,14,221,3,238,90,0,90,328
07/24/2008,LOU,KY,ASO,CE,Towers with Radar,0,10,45,0,55,0,11,125,2,138,0,21,170,2,193,210,0,210,403
07/25/2008,LOU,KY,ASO,CE,Towers with Radar,0,7,28,0,35,0,18,107,2,127,0,25,135,2,162,130,0,130,292
07/26/2008,LOU,KY,ASO,CE,Towers with Radar,0,1,24,0,25,0,9,80,0,89,0,10,104,0,114,120,0,120,234
07/27/2008,LOU,KY,ASO,CE,Towers with Radar,0,2,28,1,31,0,13,105,1,119,0,15,133,2,150,128,0,128,278
07/28/2008,LOU,KY,ASO,CE,Towers with Radar,0,1,30,2,33,0,3,46,0,49,0,4,76,2,82,116,0,116,198
07/29/2008,LOU,KY,ASO,CE,Towers with Radar,0,4,23,0,27,0,7,90,0,97,0,11,113,0,124,110,0,110,234
07/30/2008,LOU,KY,ASO,CE,Towers with Radar,0,5,31,0,36,0,9,43,2,54,0,14,74,2,90,78,78,156,246
07/31/2008,LOU,KY,ASO,CE,Towers with Radar,0,5,32,0,37,0,14,68,1,83,0,19,100,1,120,76,12,88,208
08/01/2008,LOU,KY,ASO,CE,Towers with Radar,0,7,34,2,43,0,8,83,4,95,0,15,117,6,138,68,0,68,206
08/02/2008,LOU,KY,ASO,CE,Towers with Radar,0,0,34,0,34,0,21,102,3,126,0,21,136,3,160,102,6,108,268
08/03/2008,LOU,KY,ASO,CE,Towers with Radar,0,4,34,3,41,0,5,149,1,155,0,9,183,4,196,148,0,148,344
08/04/2008,LOU,KY,ASO,CE,Towers with Radar,0,2,36,0,38,0,18,96,0,114,0,20,132,0,152,114,0,114,266
08/05/2008,LOU,KY,ASO,CE,Towers with Radar,0,2,35,0,37,0,4,52,0,56,0,6,87,0,93,124,0,124,217
08/06/2008,LOU,KY,ASO,CE,Towers with Radar,0,4,46,0,50,0,2,71,4,77,0,6,117,4,127,170,0,170,297
08/07/2008,LOU,KY,ASO,CE,Towers with Radar,0,1,42,0,43,0,15,127,2,144,0,16,169,2,187,142,2,144,331
08/08/2008,LOU,KY,ASO,CE,Towers with Radar,0,8,39,1,48,0,17,113,2,132,0,25,152,3,180,116,0,116,296
08/09/2008,LOU,KY,ASO,CE,Towers with Radar,0,4,18,0,22,0,9,147,0,156,0,13,165,0,178,212,0,212,390
08/10/2008,LOU,KY,ASO,CE,Towers with Radar,0,4,26,0,30,0,11,151,0,162,0,15,177,0,192,238,0,238,430
08/11/2008,LOU,KY,ASO,CE,Towers with Radar,0,3,36,0,39,0,12,108,5,125,0,15,144,5,164,140,8,148,312
08/12/2008,LOU,KY,ASO,CE,Towers with Radar,0,3,28,0,31,0,17,92,3,112,0,20,120,3,143,110,0,110,253
08/13/2008,LOU,KY,ASO,CE,Towers with Radar,0,8,37,2,47,0,16,111,0,127,0,24,148,2,174,90,0,90,264
08/14/2008,LOU,KY,ASO,CE,Towers with Radar,0,6,32,1,39,0,10,69,1,80,0,16,101,2,119,76,0,76,195
08/15/2008,LOU,KY,ASO,CE,Towers with Radar,0,6,43,0,49,0,17,84,2,103,0,23,127,2,152,24,0,24,176
08/16/2008,LOU,KY,ASO,CE,Towers with Radar,0,0,15,0,15,0,10,143,5,158,0,10,158,5,173,270,0,270,443
08/17/2008,LOU,KY,ASO,CE,Towers with Radar,0,2,23,0,25,0,7,111,7,125,0,9,134,7,150,72,0,72,222
08/18/2008,LOU,KY,ASO,CE,Towers with Radar,0,8,26,2,36,0,17,87,5,109,0,25,113,7,145,234,0,234,379
08/19/2008,LOU,KY,ASO,CE,Towers with Radar,0,4,22,1,27,0,18,97,2,117,0,22,119,3,144,116,0,116,260
08/20/2008,LOU,KY,ASO,CE,Towers with Radar,0,6,42,2,50,0,7,107,0,114,0,13,149,2,164,170,0,170,334
08/21/2008,LOU,KY,ASO,CE,Towers with Radar,0,4,33,5,42,0,8,81,2,91,0,12,114,7,133,98,0,98,231
08/22/2008,LOU,KY,ASO,CE,Towers with Radar,0,10,26,0,36,0,15,75,1,91,0,25,101,1,127,84,0,84,211
08/23/2008,LOU,KY,ASO,CE,Towers with Radar,0,4,20,2,26,0,10,124,3,137,0,14,144,5,163,122,2,124,287
08/24/2008,LOU,KY,ASO,CE,Towers with Radar,0,4,28,0,32,0,6,102,0,108,0,10,130,0,140,66,0,66,206
08/25/2008,LOU,KY,ASO,CE,Towers with Radar,0,3,31,2,36,0,18,50,2,70,0,21,81,4,106,50,0,50,156
08/26/2008,LOU,KY,ASO,CE,Towers with Radar,0,2,50,2,54,0,14,53,2,69,0,16,103,4,123,84,0,84,207
08/27/2008,LOU,KY,ASO,CE,Towers with Radar,0,6,44,5,55,0,6,46,1,53,0,12,90,6,108,134,8,142,250
08/28/2008,LOU,KY,ASO,CE,Towers with Radar,0,7,53,2,62,0,10,101,3,114,0,17,154,5,176,144,0,144,320
08/29/2008,LOU,KY,ASO,CE,Towers with Radar,0,6,43,3,52,0,16,69,0,85,0,22,112,3,137,80,0,80,217
08/30/2008,LOU,KY,ASO,CE,Towers with Radar,0,1,23,0,24,0,16,109,5,130,0,17,132,5,154,142,0,142,296
08/31/2008,LOU,KY,ASO,CE,Towers with Radar,0,3,24,0,27,0,20,96,0,116,0,23,120,0,143,52,0,52,195
09/01/2008,LOU,KY,ASO,CE,Towers with Radar,0,1,30,1,32,0,6,97,3,106,0,7,127,4,138,96,0,96,234
09/02/2008,LOU,KY,ASO,CE,Towers with Radar,0,3,34,1,38,0,14,78,1,93,0,17,112,2,131,90,0,90,221
09/03/2008,LOU,KY,ASO,CE,Towers with Radar,0,7,52,5,64,0,8,59,0,67,0,15,111,5,131,38,0,38,169
09/04/2008,LOU,KY,ASO,CE,Towers with Radar,0,4,45,0,49,0,3,41,0,44,0,7,86,0,93,12,0,12,105
09/05/2008,LOU,KY,ASO,CE,Towers with Radar,0,4,52,2,58,0,1,7,0,8,0,5,59,2,66,4,0,4,70
09/06/2008,LOU,KY,ASO,CE,Towers with Radar,0,1,26,1,28,0,8,100,1,109,0,9,126,2,137,128,0,128,265
09/07/2008,LOU,KY,ASO,CE,Towers with Radar,0,5,28,0,33,0,13,157,0,170,0,18,185,0,203,84,0,84,287
09/08/2008,LOU,KY,ASO,CE,Towers with Radar,0,5,28,1,34,0,3,88,1,92,0,8,116,2,126,88,0,88,214
09/09/2008,LOU,KY,ASO,CE,Towers with Radar,0,8,39,2,49,0,1,21,0,22,0,9,60,2,71,42,0,42,113
09/10/2008,LOU,KY,ASO,CE,Towers with Radar,0,5,26,1,32,0,19,108,3,130,0,24,134,4,162,170,0,170,332
09/11/2008,LOU,KY,ASO,CE,Towers with Radar,0,5,38,2,45,0,2,73,1,76,0,7,111,3,121,56,0,56,177
09/12/2008,LOU,KY,ASO,CE,Towers with Radar,0,4,34,0,38,0,13,33,0,46,0,17,67,0,84,48,0,48,132
09/13/2008,LOU,KY,ASO,CE,Towers with Radar,0,1,10,0,11,0,12,80,0,92,0,13,90,0,103,112,0,112,215
09/14/2008,LOU,KY,ASO,CE,Towers with Radar,0,0,5,0,5,0,13,4,0,17,0,13,9,0,22,8,0,8,30
09/15/2008,LOU,KY,ASO,CE,Towers with Radar,0,1,28,0,29,0,21,33,2,56,0,22,61,2,85,54,0,54,139
09/16/2008,LOU,KY,ASO,CE,Towers with Radar,0,2,26,2,30,0,17,80,0,97,0,19,106,2,127,84,0,84,211
09/17/2008,LOU,KY,ASO,CE,Towers with Radar,0,2,56,1,59,0,18,94,0,112,0,20,150,1,171,84,0,84,255
09/18/2008,LOU,KY,ASO,CE,Towers with Radar,0,11,71,2,84,0,12,107,1,120,0,23,178,3,204,74,0,74,278
09/19/2008,LOU,KY,ASO,CE,Towers with Radar,0,10,78,2,90,0,9,123,2,134,0,19,201,4,224,96,0,96,320
09/20/2008,LOU,KY,ASO,CE,Towers with Radar,0,0,59,0,59,0,1,150,3,154,0,1,209,3,213,110,0,110,323
09/21/2008,LOU,KY,ASO,CE,Towers with Radar,0,6,68,0,74,0,7,123,0,130,0,13,191,0,204,144,0,144,348
09/22/2008,LOU,KY,ASO,CE,Towers with Radar,0,3,31,0,34,0,8,91,0,99,0,11,122,0,133,78,0,78,211
09/23/2008,LOU,KY,ASO,CE,Towers with Radar,0,4,34,4,42,0,6,77,0,83,0,10,111,4,125,80,0,80,205
09/24/2008,LOU,KY,ASO,CE,Towers with Radar,0,4,42,2,48,0,13,70,0,83,0,17,112,2,131,118,0,118,249
09/25/2008,LOU,KY,ASO,CE,Towers with Radar,0,3,41,0,44,0,13,97,4,114,0,16,138,4,158,124,0,124,282
09/26/2008,LOU,KY,ASO,CE,Towers with Radar,0,3,37,0,40,0,8,87,0,95,0,11,124,0,135,92,0,92,227
09/27/2008,LOU,KY,ASO,CE,Towers with Radar,0,2,24,0,26,0,18,113,0,131,0,20,137,0,157,144,0,144,301
09/28/2008,LOU,KY,ASO,CE,Towers with Radar,0,4,31,0,35,0,13,105,3,121,0,17,136,3,156,38,0,38,194
09/29/2008,LOU,KY,ASO,CE,Towers with Radar,0,4,31,0,35,0,5,80,0,85,0,9,111,0,120,104,0,104,224
09/30/2008,LOU,KY,ASO,CE,Towers with Radar,0,7,23,0,30,0,10,58,0,68,0,17,81,0,98,66,0,66,164
10/01/2008,LOU,KY,ASO,CE,Towers with Radar,0,3,28,2,33,0,10,76,0,86,0,13,104,2,119,48,0,48,167
10/02/2008,LOU,KY,ASO,CE,Towers with Radar,0,5,48,0,53,0,14,84,0,98,0,19,132,0,151,122,0,122,273
10/03/2008,LOU,KY,ASO,CE,Towers with Radar,0,4,30,0,34,3,1,2,0,6,3,5,32,0,40,162,0,162,202
10/04/2008,LOU,KY,ASO,CE,Towers with Radar,0,2,22,0,24,0,15,314,2,331,0,17,336,2,355,60,0,60,415
10/05/2008,LOU,KY,ASO,CE,Towers with Radar,0,4,26,0,30,0,8,149,3,160,0,12,175,3,190,86,0,86,276
10/06/2008,LOU,KY,ASO,CE,Towers with Radar,0,3,19,0,22,0,13,75,2,90,0,16,94,2,112,64,0,64,176
10/07/2008,LOU,KY,ASO,CE,Towers with Radar,0,3,27,0,30,0,1,38,0,39,0,4,65,0,69,64,0,64,133
10/08/2008,LOU,KY,ASO,CE,Towers with Radar,0,1,36,0,37,0,9,5,0,14,0,10,41,0,51,2,0,2,53
10/09/2008,LOU,KY,ASO,CE,Towers with Radar,0,3,34,0,37,0,8,79,0,87,0,11,113,0,124,186,0,186,310
10/10/2008,LOU,KY,ASO,CE,Towers with Radar,0,2,39,0,41,0,10,130,2,142,0,12,169,2,183,90,0,90,273
10/11/2008,LOU,KY,ASO,CE,Towers with Radar,0,4,22,0,26,0,22,182,2,206,0,26,204,2,232,142,0,142,374
10/12/2008,LOU,KY,ASO,CE,Towers with Radar,0,3,26,0,29,0,15,224,0,239,0,18,250,0,268,220,0,220,488
10/13/2008,LOU,KY,ASO,CE,Towers with Radar,0,3,30,0,33,0,4,103,2,109,0,7,133,2,142,130,0,130,272
10/14/2008,LOU,KY,ASO,CE,Towers with Radar,0,6,20,1,27,0,12,62,3,77,0,18,82,4,104,58,0,58,162
10/15/2008,LOU,KY,ASO,CE,Towers with Radar,0,8,29,0,37,0,4,76,0,80,0,12,105,0,117,88,0,88,205
10/16/2008,LOU,KY,ASO,CE,Towers with Radar,0,4,38,1,43,0,5,37,0,42,0,9,75,1,85,88,0,88,173
10/17/2008,LOU,KY,ASO,CE,Towers with Radar,0,6,30,2,38,0,11,95,1,107,0,17,125,3,145,70,0,70,215
10/18/2008,LOU,KY,ASO,CE,Towers with Radar,0,0,21,0,21,0,15,129,4,148,0,15,150,4,169,102,0,102,271
10/19/2008,LOU,KY,ASO,CE,Towers with Radar,0,3,25,2,30,0,15,136,0,151,0,18,161,2,181,214,0,214,395
10/20/2008,LOU,KY,ASO,CE,Towers with Radar,0,5,12,0,17,0,5,74,2,81,0,10,86,2,98,150,0,150,248
10/21/2008,LOU,KY,ASO,CE,Towers with Radar,0,5,39,2,46,0,7,70,0,77,0,12,109,2,123,110,0,110,233
10/22/2008,LOU,KY,ASO,CE,Towers with Radar,0,6,30,1,37,0,13,104,2,119,0,19,134,3,156,106,0,106,262
10/23/2008,LOU,KY,ASO,CE,Towers with Radar,0,6,45,1,52,0,9,81,1,91,0,15,126,2,143,82,0,82,225
10/24/2008,LOU,KY,ASO,CE,Towers with Radar,0,6,25,0,31,0,6,4,0,10,0,12,29,0,41,0,0,0,41
10/25/2008,LOU,KY,ASO,CE,Towers with Radar,0,0,24,0,24,0,15,71,2,88,0,15,95,2,112,144,0,144,256
10/26/2008,LOU,KY,ASO,CE,Towers with Radar,0,2,36,0,38,0,13,91,0,104,0,15,127,0,142,96,0,96,238
10/27/2008,LOU,KY,ASO,CE,Towers with Radar,0,4,26,0,30,0,4,39,4,47,0,8,65,4,77,4,0,4,81
10/28/2008,LOU,KY,ASO,CE,Towers with Radar,0,4,28,0,32,0,5,49,4,58,0,9,77,4,90,120,0,120,210
10/29/2008,LOU,KY,ASO,CE,Towers with Radar,0,4,26,1,31,0,7,76,1,84,0,11,102,2,115,92,0,92,207
10/30/2008,LOU,KY,ASO,CE,Towers with Radar,0,4,29,1,34,0,8,97,2,107,0,12,126,3,141,114,0,114,255
10/31/2008,LOU,KY,ASO,CE,Towers with Radar,0,4,29,2,35,0,7,108,0,115,0,11,137,2,150,215,0,215,365
11/01/2008,LOU,KY,ASO,CE,Towers with Radar,0,1,22,2,25,0,12,157,2,171,0,13,179,4,196,102,0,102,298
11/02/2008,LOU,KY,ASO,CE,Towers with Radar,0,4,27,0,31,0,7,168,5,180,0,11,195,5,211,168,0,168,379
11/03/2008,LOU,KY,ASO,CE,Towers with Radar,0,3,27,0,30,0,11,82,2,95,0,14,109,2,125,102,0,102,227
11/04/2008,LOU,KY,ASO,CE,Towers with Radar,0,6,30,0,36,0,8,121,0,129,0,14,151,0,165,168,0,168,333
11/05/2008,LOU,KY,ASO,CE,Towers with Radar,0,5,29,0,34,0,3,91,0,94,0,8,120,0,128,224,0,224,352
11/06/2008,LOU,KY,ASO,CE,Towers with Radar,0,2,34,2,38,0,4,71,2,77,0,6,105,4,115,76,0,76,191
11/07/2008,LOU,KY,ASO,CE,Towers with Radar,0,5,35,0,40,0,41,4,2,47,0,46,39,2,87,38,0,38,125
11/08/2008,LOU,KY,ASO,CE,Towers with Radar,0,3,21,0,24,0,14,75,6,95,0,17,96,6,119,140,0,140,259
11/09/2008,LOU,KY,ASO,CE,Towers with Radar,0,4,19,0,23,0,12,60,8,80,0,16,79,8,103,212,0,212,315
11/10/2008,LOU,KY,ASO,CE,Towers with Radar,0,5,32,0,37,0,16,92,0,108,0,21,124,0,145,104,0,104,249
11/11/2008,LOU,KY,ASO,CE,Towers with Radar,0,3,19,0,22,0,7,14,0,21,0,10,33,0,43,74,0,74,117
11/12/2008,LOU,KY,ASO,CE,Towers with Radar,0,9,32,0,41,0,8,25,0,33,0,17,57,0,74,42,0,42,116
11/13/2008,LOU,KY,ASO,CE,Towers with Radar,0,2,40,0,42,0,5,41,0,46,0,7,81,0,88,100,0,100,188
11/14/2008,LOU,KY,ASO,CE,Towers with Radar,0,4,30,0,34,0,8,60,0,68,0,12,90,0,102,62,0,62,164
11/15/2008,LOU,KY,ASO,CE,Towers with Radar,0,0,14,4,18,0,0,0,0,0,0,0,14,4,18,0,0,0,18
11/16/2008,LOU,KY,ASO,CE,Towers with Radar,0,2,22,2,26,0,6,71,0,77,0,8,93,2,103,118,0,118,221
11/17/2008,LOU,KY,ASO,CE,Towers with Radar,0,1,18,0,19,0,6,34,0,40,0,7,52,0,59,2,0,2,61
11/18/2008,LOU,KY,ASO,CE,Towers with Radar,0,5,23,0,28,0,11,77,0,88,0,16,100,0,116,56,0,56,172
11/19/2008,LOU,KY,ASO,CE,Towers with Radar,0,1,39,0,40,0,2,49,0,51,0,3,88,0,91,70,0,70,161
11/20/2008,LOU,KY,ASO,CE,Towers with Radar,0,5,40,0,45,0,9,65,0,74,0,14,105,0,119,70,0,70,189
11/21/2008,LOU,KY,ASO,CE,Towers with Radar,0,5,37,0,42,0,9,88,0,97,0,14,125,0,139,28,0,28,167
11/22/2008,LOU,KY,ASO,CE,Towers with Radar,0,0,25,0,25,0,2,105,3,110,0,2,130,3,135,198,0,198,333
11/23/2008,LOU,KY,ASO,CE,Towers with Radar,0,2,27,0,29,0,11,136,3,150,0,13,163,3,179,150,0,150,329
11/24/2008,LOU,KY,ASO,CE,Towers with Radar,0,4,18,0,22,0,1,4,0,5,0,5,22,0,27,22,0,22,49
11/25/2008,LOU,KY,ASO,CE,Towers with Radar,0,5,42,0,47,0,10,46,0,56,0,15,88,0,103,114,0,114,217
11/26/2008,LOU,KY,ASO,CE,Towers with Radar,0,2,31,0,33,0,16,110,1,127,0,18,141,1,160,206,0,206,366
11/27/2008,LOU,KY,ASO,CE,Towers with Radar,0,0,9,0,9,0,3,64,0,67,0,3,73,0,76,82,0,82,158
11/28/2008,LOU,KY,ASO,CE,Towers with Radar,0,4,25,0,29,0,13,133,2,148,0,17,158,2,177,118,0,118,295
11/29/2008,LOU,KY,ASO,CE,Towers with Radar,0,4,29,0,33,0,7,141,5,153,0,11,170,5,186,52,0,52,238
11/30/2008,LOU,KY,ASO,CE,Towers with Radar,0,2,23,0,25,0,3,7,0,10,0,5,30,0,35,28,0,28,63
12/01/2008,LOU,KY,ASO,CE,Towers with Radar,0,3,23,0,26,0,4,8,0,12,0,7,31,0,38,8,0,8,46
12/02/2008,LOU,KY,ASO,CE,Towers with Radar,0,1,27,0,28,0,11,49,0,60,0,12,76,0,88,34,0,34,122
12/03/2008,LOU,KY,ASO,CE,Towers with Radar,0,4,17,0,21,0,13,52,0,65,0,17,69,0,86,38,0,38,124
12/04/2008,LOU,KY,ASO,CE,Towers with Radar,0,3,33,2,38,0,13,73,0,86,0,16,106,2,124,54,0,54,178
12/05/2008,LOU,KY,ASO,CE,Towers with Radar,0,4,23,0,27,0,7,92,2,101,0,11,115,2,128,92,0,92,220
12/06/2008,LOU,KY,ASO,CE,Towers with Radar,0,1,15,0,16,2,0,1,0,3,2,1,16,0,19,20,0,20,39
12/07/2008,LOU,KY,ASO,CE,Towers with Radar,0,2,20,0,22,0,4,90,2,96,0,6,110,2,118,134,0,134,252
12/08/2008,LOU,KY,ASO,CE,Towers with Radar,0,2,12,1,15,0,4,58,2,64,0,6,70,3,79,82,0,82,161
12/09/2008,LOU,KY,ASO,CE,Towers with Radar,0,5,15,0,20,0,1,0,0,1,0,6,15,0,21,2,0,2,23
12/10/2008,LOU,KY,ASO,CE,Towers with Radar,0,4,13,0,17,0,0,1,0,1,0,4,14,0,18,0,0,0,18
12/11/2008,LOU,KY,ASO,CE,Towers with Radar,0,5,11,0,16,0,8,27,0,35,0,13,38,0,51,66,0,66,117
12/12/2008,LOU,KY,ASO,CE,Towers with Radar,0,2,33,0,35,0,5,34,0,39,0,7,67,0,74,84,0,84,158
12/13/2008,LOU,KY,ASO,CE,Towers with Radar,0,2,5,0,7,0,8,136,9,153,0,10,141,9,160,192,8,200,360
12/14/2008,LOU,KY,ASO,CE,Towers with Radar,0,3,14,0,17,0,3,26,2,31,0,6,40,2,48,22,0,22,70
12/15/2008,LOU,KY,ASO,CE,Towers with Radar,0,4,13,0,17,0,0,4,0,4,0,4,17,0,21,38,0,38,59
12/16/2008,LOU,KY,ASO,CE,Towers with Radar,0,6,7,0,13,0,3,0,0,3,0,9,7,0,16,0,0,0,16
12/17/2008,LOU,KY,ASO,CE,Towers with Radar,0,3,21,0,24,0,1,3,0,4,0,4,24,0,28,14,0,14,42
12/18/2008,LOU,KY,ASO,CE,Towers with Radar,0,11,37,0,48,0,1,2,0,3,0,12,39,0,51,22,0,22,73
12/19/2008,LOU,KY,ASO,CE,Towers with Radar,0,2,13,0,15,0,3,14,0,17,0,5,27,0,32,2,0,2,34
12/20/2008,LOU,KY,ASO,CE,Towers with Radar,0,4,20,0,24,0,3,79,0,82,0,7,99,0,106,168,0,168,274
12/21/2008,LOU,KY,ASO,CE,Towers with Radar,0,6,14,0,20,0,0,20,0,20,0,6,34,0,40,92,0,92,132
12/22/2008,LOU,KY,ASO,CE,Towers with Radar,0,2,21,0,23,0,7,69,0,76,0,9,90,0,99,38,0,38,137
12/23/2008,LOU,KY,ASO,CE,Towers with Radar,0,1,10,0,11,0,9,7,0,16,0,10,17,0,27,0,0,0,27
12/24/2008,LOU,KY,ASO,CE,Towers with Radar,0,2,1,0,3,0,23,3,0,26,0,25,4,0,29,0,0,0,29
12/25/2008,LOU,KY,ASO,CE,Towers with Radar,0,0,12,0,12,0,6,41,0,47,0,6,53,0,59,6,0,6,65
12/26/2008,LOU,KY,ASO,CE,Towers with Radar,0,4,21,0,25,0,6,9,0,15,0,10,30,0,40,0,0,0,40
12/27/2008,LOU,KY,ASO,CE,Towers with Radar,0,3,15,0,18,0,1,21,3,25,0,4,36,3,43,60,0,60,103
12/28/2008,LOU,KY,ASO,CE,Towers with Radar,0,2,13,0,15,0,4,119,0,123,0,6,132,0,138,128,0,128,266
12/29/2008,LOU,KY,ASO,CE,Towers with Radar,0,3,33,2,38,0,6,126,0,132,0,9,159,2,170,82,0,82,252
12/30/2008,LOU,KY,ASO,CE,Towers with Radar,0,2,20,0,22,0,19,117,4,140,0,21,137,4,162,90,0,90,252
12/31/2008,LOU,KY,ASO,CE,Towers with Radar,0,6,19,0,25,0,10,55,0,65,0,16,74,0,90,62,0,62,152
01/01/2009,LOU,KY,ASO,CE,Towers with Radar,0,2,8,0,10,0,5,74,0,79,0,7,82,0,89,184,0,184,273
01/02/2009,LOU,KY,ASO,CE,Towers with Radar,0,1,19,0,20,0,13,103,0,116,0,14,122,0,136,94,0,94,230
01/03/2009,LOU,KY,ASO,CE,Towers with Radar,0,3,35,0,38,0,4,85,0,89,0,7,120,0,127,226,0,226,353
01/04/2009,LOU,KY,ASO,CE,Towers with Radar,0,2,22,0,24,0,0,0,0,0,0,2,22,0,24,40,0,40,64
01/05/2009,LOU,KY,ASO,CE,Towers with Radar,0,5,17,0,22,0,3,51,0,54,0,8,68,0,76,62,0,62,138
01/06/2009,LOU,KY,ASO,CE,Towers with Radar,0,5,7,0,12,0,0,0,0,0,0,5,7,0,12,0,0,0,12
01/07/2009,LOU,KY,ASO,CE,Towers with Radar,0,0,5,0,5,0,3,2,0,5,0,3,7,0,10,0,0,0,10
01/08/2009,LOU,KY,ASO,CE,Towers with Radar,0,0,20,0,20,0,4,48,0,52,0,4,68,0,72,88,0,88,160
01/09/2009,LOU,KY,ASO,CE,Towers with Radar,0,0,23,1,24,0,14,160,0,174,0,14,183,1,198,76,0,76,274
01/10/2009,LOU,KY,ASO,CE,Towers with Radar,0,0,2,0,2,0,0,0,0,0,0,0,2,0,2,0,0,0,2
01/11/2009,LOU,KY,ASO,CE,Towers with Radar,0,2,28,0,30,0,2,62,4,68,0,4,90,4,98,56,0,56,154
01/12/2009,LOU,KY,ASO,CE,Towers with Radar,0,4,23,0,27,0,17,49,0,66,0,21,72,0,93,98,0,98,191
01/13/2009,LOU,KY,ASO,CE,Towers with Radar,0,2,15,0,17,0,7,6,0,13,0,9,21,0,30,42,0,42,72
01/14/2009,LOU,KY,ASO,CE,Towers with Radar,0,1,21,0,22,0,8,13,0,21,0,9,34,0,43,14,0,14,57
01/15/2009,LOU,KY,ASO,CE,Towers with Radar,0,1,19,0,20,0,7,22,0,29,0,8,41,0,49,2,0,2,51
01/16/2009,LOU,KY,ASO,CE,Towers with Radar,0,3,23,0,26,0,9,65,2,76,0,12,88,2,102,26,0,26,128
01/17/2009,LOU,KY,ASO,CE,Towers with Radar,0,2,13,0,15,0,2,45,2,49,0,4,58,2,64,12,0,12,76
01/18/2009,LOU,KY,ASO,CE,Towers with Radar,0,4,8,0,12,0,0,31,0,31,0,4,39,0,43,82,0,82,125
01/19/2009,LOU,KY,ASO,CE,Towers with Radar,0,1,20,0,21,0,8,25,0,33,0,9,45,0,54,54,0,54,108
01/20/2009,LOU,KY,ASO,CE,Towers with Radar,0,3,16,0,19,0,4,13,0,17,0,7,29,0,36,8,0,8,44
01/21/2009,LOU,KY,ASO,CE,Towers with Radar,0,4,23,0,27,0,9,35,2,46,0,13,58,2,73,36,0,36,109
01/22/2009,LOU,KY,ASO,CE,Towers with Radar,0,6,30,2,38,0,9,90,2,101,0,15,120,4,139,26,0,26,165
01/23/2009,LOU,KY,ASO,CE,Towers with Radar,0,4,13,0,17,0,10,104,0,114,0,14,117,0,131,118,20,138,269
01/24/2009,LOU,KY,ASO,CE,Towers with Radar,0,1,8,0,9,0,4,75,0,79,0,5,83,0,88,150,0,150,238
01/25/2009,LOU,KY,ASO,CE,Towers with Radar,0,4,16,0,20,0,4,51,2,57,0,8,67,2,77,170,0,170,247
01/26/2009,LOU,KY,ASO,CE,Towers with Radar,0,2,14,0,16,0,10,22,0,32,0,12,36,0,48,22,0,22,70
01/27/2009,LOU,KY,ASO,CE,Towers with Radar,0,0,0,0,0,0,0,0,0,0,0,0,0,0,0,0,0,0,0
01/28/2009,LOU,KY,ASO,CE,Towers with Radar,0,0,2,0,2,0,2,10,0,12,0,2,12,0,14,0,0,0,14
01/29/2009,LOU,KY,ASO,CE,Towers with Radar,0,3,13,0,16,0,3,4,0,7,0,6,17,0,23,0,0,0,23
01/30/2009,LOU,KY,ASO,CE,Towers with Radar,0,1,5,0,6,0,4,6,0,10,0,5,11,0,16,8,0,8,24
01/31/2009,LOU,KY,ASO,CE,Towers with Radar,0,2,8,0,10,0,1,41,0,42,0,3,49,0,52,6,0,6,58
02/01/2009,LOU,KY,ASO,CE,Towers with Radar,0,3,19,2,24,0,5,70,0,75,0,8,89,2,99,106,0,106,205
02/02/2009,LOU,KY,ASO,CE,Towers with Radar,0,0,17,0,17,0,4,36,1,41,0,4,53,1,58,30,0,30,88
02/03/2009,LOU,KY,ASO,CE,Towers with Radar,0,2,10,0,12,0,5,4,0,9,0,7,14,0,21,2,0,2,23
02/04/2009,LOU,KY,ASO,CE,Towers with Radar,0,5,8,5,18,0,5,16,0,21,0,10,24,5,39,6,0,6,45
02/05/2009,LOU,KY,ASO,CE,Towers with Radar,0,0,23,0,23,0,5,54,2,61,0,5,77,2,84,38,0,38,122
02/06/2009,LOU,KY,ASO,CE,Towers with Radar,0,3,19,0,22,0,7,95,10,112,0,10,114,10,134,82,6,88,222
02/07/2009,LOU,KY,ASO,CE,Towers with Radar,0,2,12,2,16,0,5,34,0,39,0,7,46,2,55,16,0,16,71
02/08/2009,LOU,KY,ASO,CE,Towers with Radar,0,0,30,0,30,0,3,118,0,121,0,3,148,0,151,164,0,164,315
02/09/2009,LOU,KY,ASO,CE,Towers with Radar,0,3,19,0,22,0,14,54,0,68,0,17,73,0,90,60,14,74,164
02/10/2009,LOU,KY,ASO,CE,Towers with Radar,0,1,22,0,23,0,4,9,0,13,0,5,31,0,36,2,0,2,38
02/11/2009,LOU,KY,ASO,CE,Towers with Radar,0,5,3,0,8,0,2,1,0,3,0,7,4,0,11,2,0,2,13
02/12/2009,LOU,KY,ASO,CE,Towers with Radar,0,4,38,1,43,0,12,76,0,88,0,16,114,1,131,82,0,82,213
02/13/2009,LOU,KY,ASO,CE,Towers with Radar,0,1,30,0,31,0,4,110,0,114,0,5,140,0,145,108,0,108,253
02/14/2009,LOU,KY,ASO,CE,Towers with Radar,0,2,10,0,12,0,7,64,0,71,0,9,74,0,83,52,0,52,135
02/15/2009,LOU,KY,ASO,CE,Towers with Radar,0,0,19,0,19,0,0,118,0,118,0,0,137,0,137,136,0,136,273
02/16/2009,LOU,KY,ASO,CE,Towers with Radar,0,0,21,0,21,0,5,55,0,60,0,5,76,0,81,90,0,90,171
02/17/2009,LOU,KY,ASO,CE,Towers with Radar,0,1,28,0,29,0,2,70,0,72,0,3,98,0,101,56,0,56,157
02/18/2009,LOU,KY,ASO,CE,Towers with Radar,0,2,8,0,10,0,5,8,1,14,0,7,16,1,24,0,0,0,24
02/19/2009,LOU,KY,ASO,CE,Towers with Radar,0,1,23,0,24,0,0,27,0,27,0,1,50,0,51,0,0,0,51
02/20/2009,LOU,KY,ASO,CE,Towers with Radar,0,2,24,0,26,22,148,0,0,170,22,150,24,0,196,98,0,98,294
02/21/2009,LOU,KY,ASO,CE,Towers with Radar,0,0,12,0,12,0,2,1,0,3,0,2,13,0,15,8,0,8,23
02/22/2009,LOU,KY,ASO,CE,Towers with Radar,0,3,12,0,15,0,0,63,0,63,0,3,75,0,78,40,0,40,118
02/23/2009,LOU,KY,ASO,CE,Towers with Radar,0,2,23,0,25,0,5,65,0,70,0,7,88,0,95,68,0,68,163
02/24/2009,LOU,KY,ASO,CE,Towers with Radar,0,2,29,1,32,0,9,99,6,114,0,11,128,7,146,50,0,50,196
02/25/2009,LOU,KY,ASO,CE,Towers with Radar,0,2,29,2,33,0,1,67,2,70,0,3,96,4,103,38,0,38,141
02/26/2009,LOU,KY,ASO,CE,Towers with Radar,0,0,27,0,27,0,0,20,0,20,0,0,47,0,47,36,0,36,83
02/27/2009,LOU,KY,ASO,CE,Towers with Radar,0,0,19,0,19,0,6,24,0,30,0,6,43,0,49,44,0,44,93
02/28/2009,LOU,KY,ASO,CE,Towers with Radar,0,2,15,0,17,0,0,19,0,19,0,2,34,0,36,38,0,38,74
03/01/2009,LOU,KY,ASO,CE,Towers with Radar,0,1,13,0,14,0,2,58,0,60,0,3,71,0,74,38,0,38,112
03/02/2009,LOU,KY,ASO,CE,Towers with Radar,0,0,17,0,17,0,8,69,2,79,0,8,86,2,96,82,0,82,178
03/03/2009,LOU,KY,ASO,CE,Towers with Radar,0,2,24,0,26,0,8,93,0,101,0,10,117,0,127,78,0,78,205
03/04/2009,LOU,KY,ASO,CE,Towers with Radar,0,2,20,0,22,0,10,109,0,119,0,12,129,0,141,60,0,60,201
03/05/2009,LOU,KY,ASO,CE,Towers with Radar,0,4,32,0,36,0,9,46,4,59,0,13,78,4,95,4,0,4,99
03/06/2009,LOU,KY,ASO,CE,Towers with Radar,0,0,40,0,40,0,7,29,2,38,0,7,69,2,78,30,0,30,108
03/07/2009,LOU,KY,ASO,CE,Towers with Radar,0,4,27,3,34,0,2,48,1,51,0,6,75,4,85,38,0,38,123
03/08/2009,LOU,KY,ASO,CE,Towers with Radar,0,0,15,0,15,0,5,13,0,18,0,5,28,0,33,52,0,52,85
03/09/2009,LOU,KY,ASO,CE,Towers with Radar,0,2,23,0,25,0,11,101,0,112,0,13,124,0,137,168,6,174,311
03/10/2009,LOU,KY,ASO,CE,Towers with Radar,0,0,10,0,10,0,5,34,0,39,0,5,44,0,49,20,0,20,69
03/11/2009,LOU,KY,ASO,CE,Towers with Radar,0,0,15,0,15,0,3,54,1,58,0,3,69,1,73,72,0,72,145
03/12/2009,LOU,KY,ASO,CE,Towers with Radar,0,4,27,0,31,0,2,62,0,64,0,6,89,0,95,74,0,74,169
03/13/2009,LOU,KY,ASO,CE,Towers with Radar,0,1,31,0,32,0,7,123,2,132,0,8,154,2,164,142,0,142,306
03/14/2009,LOU,KY,ASO,CE,Towers with Radar,0,2,17,0,19,0,0,31,0,31,0,2,48,0,50,26,0,26,76
03/15/2009,LOU,KY,ASO,CE,Towers with Radar,0,3,31,0,34,0,0,66,0,66,0,3,97,0,100,222,0,222,322
03/16/2009,LOU,KY,ASO,CE,Towers with Radar,0,0,21,1,22,0,11,68,2,81,0,11,89,3,103,116,16,132,235
03/17/2009,LOU,KY,ASO,CE,Towers with Radar,0,4,41,1,46,0,11,152,6,169,0,15,193,7,215,168,0,168,383
03/18/2009,LOU,KY,ASO,CE,Towers with Radar,0,2,26,3,31,0,7,103,1,111,0,9,129,4,142,102,0,102,244
03/19/2009,LOU,KY,ASO,CE,Towers with Radar,0,1,43,0,44,0,10,80,3,93,0,11,123,3,137,98,0,98,235
03/20/2009,LOU,KY,ASO,CE,Towers with Radar,0,4,30,0,34,0,13,138,1,152,0,17,168,1,186,232,0,232,418
03/21/2009,LOU,KY,ASO,CE,Towers with Radar,0,0,19,0,19,0,3,168,1,172,0,3,187,1,191,160,0,160,351
03/22/2009,LOU,KY,ASO,CE,Towers with Radar,0,3,33,0,36,0,8,133,1,142,0,11,166,1,178,134,0,134,312
03/23/2009,LOU,KY,ASO,CE,Towers with Radar,0,2,16,0,18,0,11,66,0,77,0,13,82,0,95,66,0,66,161
03/24/2009,LOU,KY,ASO,CE,Towers with Radar,0,4,13,0,17,0,9,45,0,54,0,13,58,0,71,82,0,82,153
03/25/2009,LOU,KY,ASO,CE,Towers with Radar,0,3,23,0,26,0,14,17,0,31,0,17,40,0,57,12,0,12,69
03/26/2009,LOU,KY,ASO,CE,Towers with Radar,0,0,22,0,22,0,10,47,1,58,0,10,69,1,80,30,10,40,120
03/27/2009,LOU,KY,ASO,CE,Towers with Radar,0,3,38,0,41,0,5,66,0,71,0,8,104,0,112,130,0,130,242
03/28/2009,LOU,KY,ASO,CE,Towers with Radar,0,2,9,0,11,0,2,3,0,5,0,4,12,0,16,0,0,0,16
03/29/2009,LOU,KY,ASO,CE,Towers with Radar,0,1,18,0,19,0,2,5,0,7,0,3,23,0,26,0,0,0,26
03/30/2009,LOU,KY,ASO,CE,Towers with Radar,0,0,22,1,23,0,7,142,1,150,0,7,164,2,173,208,0,208,381
03/31/2009,LOU,KY,ASO,CE,Towers with Radar,0,1,10,1,12,0,4,31,0,35,0,5,41,1,47,20,0,20,67
04/01/2009,LOU,KY,ASO,CE,Towers with Radar,0,1,21,0,22,0,7,114,2,123,0,8,135,2,145,114,0,114,259
04/02/2009,LOU,KY,ASO,CE,Towers with Radar,0,0,14,1,15,0,14,44,3,61,0,14,58,4,76,68,6,74,150
04/03/2009,LOU,KY,ASO,CE,Towers with Radar,0,2,21,0,23,0,12,16,0,28,0,14,37,0,51,10,0,10,61
04/04/2009,LOU,KY,ASO,CE,Towers with Radar,0,0,26,0,26,0,4,229,3,236,0,4,255,3,262,194,0,194,456
04/05/2009,LOU,KY,ASO,CE,Towers with Radar,0,0,22,1,23,0,0,52,2,54,0,0,74,3,77,42,0,42,119
04/06/2009,LOU,KY,ASO,CE,Towers with Radar,0,1,8,0,9,0,1,2,0,3,0,2,10,0,12,10,0,10,22
04/07/2009,LOU,KY,ASO,CE,Towers with Radar,0,4,7,0,11,0,4,27,1,32,0,8,34,1,43,32,14,46,89
04/08/2009,LOU,KY,ASO,CE,Towers with Radar,0,2,47,1,50,0,11,95,2,108,0,13,142,3,158,128,0,128,286
04/09/2009,LOU,KY,ASO,CE,Towers with Radar,0,2,26,0,28,0,4,69,0,73,0,6,95,0,101,100,0,100,201
04/10/2009,LOU,KY,ASO,CE,Towers with Radar,0,1,12,0,13,0,1,14,0,15,0,2,26,0,28,33,0,33,61
04/11/2009,LOU,KY,ASO,CE,Towers with Radar,0,2,24,2,28,0,7,195,5,207,0,9,219,7,235,77,0,77,312
04/12/2009,LOU,KY,ASO,CE,Towers with Radar,0,0,19,0,19,0,0,57,0,57,0,0,76,0,76,57,0,57,133
04/13/2009,LOU,KY,ASO,CE,Towers with Radar,0,4,6,0,10,0,5,19,2,26,0,9,25,2,36,36,0,36,72
04/14/2009,LOU,KY,ASO,CE,Towers with Radar,0,2,44,0,46,0,7,21,2,30,0,9,65,2,76,90,0,90,166
04/15/2009,LOU,KY,ASO,CE,Towers with Radar,0,7,41,0,48,0,5,57,0,62,0,12,98,0,110,228,0,228,338
04/16/2009,LOU,KY,ASO,CE,Towers with Radar,0,2,62,0,64,0,16,143,2,161,0,18,205,2,225,155,0,155,380
04/17/2009,LOU,KY,ASO,CE,Towers with Radar,0,1,48,0,49,0,21,192,17,230,0,22,240,17,279,210,0,210,489
04/18/2009,LOU,KY,ASO,CE,Towers with Radar,0,2,25,0,27,0,30,171,16,217,0,32,196,16,244,208,0,208,452
04/19/2009,LOU,KY,ASO,CE,Towers with Radar,0,4,21,3,28,0,0,6,2,8,0,4,27,5,36,14,0,14,50
04/20/2009,LOU,KY,ASO,CE,Towers with Radar,0,2,20,0,22,0,5,23,0,28,0,7,43,0,50,38,0,38,88
04/21/2009,LOU,KY,ASO,CE,Towers with Radar,0,2,18,0,20,0,4,30,0,34,0,6,48,0,54,70,0,70,124
04/22/2009,LOU,KY,ASO,CE,Towers with Radar,0,0,28,0,28,0,17,107,4,128,0,17,135,4,156,130,4,134,290
04/23/2009,LOU,KY,ASO,CE,Towers with Radar,0,2,33,2,37,0,11,88,2,101,0,13,121,4,138,102,6,108,246
04/24/2009,LOU,KY,ASO,CE,Towers with Radar,0,0,26,3,29,0,18,71,2,91,0,18,97,5,120,62,2,64,184
04/25/2009,LOU,KY,ASO,CE,Towers with Radar,0,0,18,0,18,0,32,96,5,133,0,32,114,5,151,128,0,128,279
04/26/2009,LOU,KY,ASO,CE,Towers with Radar,0,0,18,0,18,0,9,122,2,133,0,9,140,2,151,130,0,130,281
04/27/2009,LOU,KY,ASO,CE,Towers with Radar,0,2,23,0,25,0,18,60,0,78,0,20,83,0,103,36,0,36,139
04/28/2009,LOU,KY,ASO,CE,Towers with Radar,0,2,14,0,16,0,7,31,0,38,0,9,45,0,54,130,0,130,184
04/29/2009,LOU,KY,ASO,CE,Towers with Radar,0,2,25,0,27,0,9,72,2,83,0,11,97,2,110,116,0,116,226
04/30/2009,LOU,KY,ASO,CE,Towers with Radar,0,0,52,0,52,0,13,33,2,48,0,13,85,2,100,30,0,30,130
05/01/2009,LOU,KY,ASO,CE,Towers with Radar,0,9,46,2,57,0,28,84,9,121,0,37,130,11,178,188,8,196,374
05/02/2009,LOU,KY,ASO,CE,Towers with Radar,0,2,43,0,45,0,33,113,2,148,0,35,156,2,193,212,0,212,405
05/03/2009,LOU,KY,ASO,CE,Towers with Radar,0,2,75,1,78,0,3,33,3,39,0,5,108,4,117,104,0,104,221
05/04/2009,LOU,KY,ASO,CE,Towers with Radar,0,3,13,0,16,0,2,70,0,72,0,5,83,0,88,156,0,156,244
05/05/2009,LOU,KY,ASO,CE,Towers with Radar,0,1,26,4,31,0,4,100,3,107,0,5,126,7,138,178,0,178,316
05/06/2009,LOU,KY,ASO,CE,Towers with Radar,0,0,17,0,17,0,1,15,0,16,0,1,32,0,33,62,0,62,95
05/07/2009,LOU,KY,ASO,CE,Towers with Radar,0,4,23,2,29,0,18,33,1,52,0,22,56,3,81,108,4,112,193
05/08/2009,LOU,KY,ASO,CE,Towers with Radar,0,0,27,0,27,0,8,25,0,33,0,8,52,0,60,52,0,52,112
05/09/2009,LOU,KY,ASO,CE,Towers with Radar,0,2,18,0,20,0,14,82,1,97,0,16,100,1,117,148,0,148,265
05/10/2009,LOU,KY,ASO,CE,Towers with Radar,0,2,23,0,25,0,15,159,1,175,0,17,182,1,200,124,0,124,324
05/11/2009,LOU,KY,ASO,CE,Towers with Radar,0,0,17,2,19,0,10,122,3,135,0,10,139,5,154,58,4,62,216
05/12/2009,LOU,KY,ASO,CE,Towers with Radar,0,0,22,2,24,0,8,175,6,189,0,8,197,8,213,162,0,162,375
05/13/2009,LOU,KY,ASO,CE,Towers with Radar,0,0,20,2,22,0,9,30,0,39,0,9,50,2,61,38,0,38,99
05/14/2009,LOU,KY,ASO,CE,Towers with Radar,0,0,29,0,29,0,9,32,0,41,0,9,61,0,70,88,0,88,158
05/15/2009,LOU,KY,ASO,CE,Towers with Radar,0,0,32,1,33,0,6,72,2,80,0,6,104,3,113,70,6,76,189
05/16/2009,LOU,KY,ASO,CE,Towers with Radar,0,2,5,0,7,0,8,43,8,59,0,10,48,8,66,114,0,114,180
05/17/2009,LOU,KY,ASO,CE,Towers with Radar,0,0,28,0,28,0,7,119,5,131,0,7,147,5,159,118,0,118,277
05/18/2009,LOU,KY,ASO,CE,Towers with Radar,0,0,19,3,22,0,8,91,1,100,0,8,110,4,122,104,10,114,236
05/19/2009,LOU,KY,ASO,CE,Towers with Radar,0,4,36,0,40,0,5,148,0,153,0,9,184,0,193,150,0,150,343
05/20/2009,LOU,KY,ASO,CE,Towers with Radar,0,2,42,0,44,0,16,147,0,163,0,18,189,0,207,92,0,92,299
05/21/2009,LOU,KY,ASO,CE,Towers with Radar,0,1,31,2,34,0,8,138,5,151,0,9,169,7,185,156,0,156,341
05/22/2009,LOU,KY,ASO,CE,Towers with Radar,0,2,38,0,40,0,18,116,0,134,0,20,154,0,174,176,0,176,350
05/23/2009,LOU,KY,ASO,CE,Towers with Radar,0,2,29,0,31,0,15,137,0,152,0,17,166,0,183,172,0,172,355
05/24/2009,LOU,KY,ASO,CE,Towers with Radar,0,1,18,0,19,0,15,64,0,79,0,16,82,0,98,94,0,94,192
05/25/2009,LOU,KY,ASO,CE,Towers with Radar,0,0,21,0,21,0,6,41,12,59,0,6,62,12,80,136,0,136,216
05/26/2009,LOU,KY,ASO,CE,Towers with Radar,0,0,28,1,29,0,13,74,1,88,0,13,102,2,117,74,0,74,191
05/27/2009,LOU,KY,ASO,CE,Towers with Radar,0,2,31,3,36,0,8,42,0,50,0,10,73,3,86,76,0,76,162
05/28/2009,LOU,KY,ASO,CE,Towers with Radar,0,1,26,0,27,8,40,0,0,48,8,41,26,0,75,160,0,160,235
05/29/2009,LOU,KY,ASO,CE,Towers with Radar,0,3,39,1,43,0,16,153,0,169,0,19,192,1,212,178,0,178,390
05/30/2009,LOU,KY,ASO,CE,Towers with Radar,0,0,25,1,26,0,3,113,1,117,0,3,138,2,143,164,0,164,307
05/31/2009,LOU,KY,ASO,CE,Towers with Radar,0,0,36,0,36,0,6,203,2,211,0,6,239,2,247,234,0,234,481
06/01/2009,LOU,KY,ASO,CE,Towers with Radar,0,2,17,0,19,0,12,111,0,123,0,14,128,0,142,174,0,174,316
06/02/2009,LOU,KY,ASO,CE,Towers with Radar,0,2,18,1,21,0,8,91,1,100,0,10,109,2,121,134,10,144,265
06/03/2009,LOU,KY,ASO,CE,Towers with Radar,0,0,27,0,27,0,8,24,0,32,0,8,51,0,59,74,0,74,133
06/04/2009,LOU,KY,ASO,CE,Towers with Radar,0,5,19,1,25,0,4,11,2,17,0,9,30,3,42,60,0,60,102
06/05/2009,LOU,KY,ASO,CE,Towers with Radar,0,0,22,2,24,0,16,191,0,207,0,16,213,2,231,138,0,138,369
06/06/2009,LOU,KY,ASO,CE,Towers with Radar,0,0,32,1,33,0,9,180,0,189,0,9,212,1,222,152,0,152,374
06/07/2009,LOU,KY,ASO,CE,Towers with Radar,0,0,29,1,30,0,4,110,1,115,0,4,139,2,145,152,0,152,297
06/08/2009,LOU,KY,ASO,CE,Towers with Radar,0,0,20,0,20,0,18,65,0,83,0,18,85,0,103,102,0,102,205
06/09/2009,LOU,KY,ASO,CE,Towers with Radar,0,1,30,3,34,0,15,125,1,141,0,16,155,4,175,138,0,138,313
06/10/2009,LOU,KY,ASO,CE,Towers with Radar,0,4,29,2,35,0,6,47,0,53,0,10,76,2,88,102,0,102,190
06/11/2009,LOU,KY,ASO,CE,Towers with Radar,0,2,21,0,23,0,9,42,0,51,0,11,63,0,74,94,0,94,168
06/12/2009,LOU,KY,ASO,CE,Towers with Radar,0,0,50,0,50,0,18,55,1,74,0,18,105,1,124,78,0,78,202
06/13/2009,LOU,KY,ASO,CE,Towers with Radar,0,1,20,0,21,0,19,161,6,186,0,20,181,6,207,264,0,264,471
06/14/2009,LOU,KY,ASO,CE,Towers with Radar,0,2,27,0,29,0,2,109,0,111,0,4,136,0,140,62,0,62,202
06/15/2009,LOU,KY,ASO,CE,Towers with Radar,0,3,22,0,25,0,22,159,1,182,0,25,181,1,207,130,20,150,357
06/16/2009,LOU,KY,ASO,CE,Towers with Radar,0,1,22,3,26,0,2,23,0,25,0,3,45,3,51,32,0,32,83
06/17/2009,LOU,KY,ASO,CE,Towers with Radar,0,6,28,0,34,0,1,18,0,19,0,7,46,0,53,0,0,0,53
06/18/2009,LOU,KY,ASO,CE,Towers with Radar,0,2,28,2,32,0,14,99,0,113,0,16,127,2,145,102,0,102,247
06/19/2009,LOU,KY,ASO,CE,Towers with Radar,0,5,29,1,35,0,27,120,1,148,0,32,149,2,183,110,0,110,293
06/20/2009,LOU,KY,ASO,CE,Towers with Radar,0,2,28,0,30,0,51,151,1,203,0,53,179,1,233,134,0,134,367
06/21/2009,LOU,KY,ASO,CE,Towers with Radar,0,1,39,0,40,0,41,117,0,158,0,42,156,0,198,80,0,80,278
06/22/2009,LOU,KY,ASO,CE,Towers with Radar,0,2,27,2,31,0,6,56,2,64,0,8,83,4,95,86,0,86,181
06/23/2009,LOU,KY,ASO,CE,Towers with Radar,0,3,27,1,31,0,14,115,0,129,0,17,142,1,160,126,0,126,286
06/24/2009,LOU,KY,ASO,CE,Towers with Radar,0,10,22,2,34,0,10,108,5,123,0,20,130,7,157,206,0,206,363
06/25/2009,LOU,KY,ASO,CE,Towers with Radar,0,2,23,1,26,0,6,77,6,89,0,8,100,7,115,108,0,108,223
06/26/2009,LOU,KY,ASO,CE,Towers with Radar,0,0,31,0,31,0,7,85,0,92,0,7,116,0,123,136,0,136,259
06/27/2009,LOU,KY,ASO,CE,Towers with Radar,0,0,19,0,19,0,14,116,0,130,0,14,135,0,149,122,0,122,271
06/28/2009,LOU,KY,ASO,CE,Towers with Radar,0,2,26,0,28,0,0,1,0,1,0,2,27,0,29,70,0,70,99
06/29/2009,LOU,KY,ASO,CE,Towers with Radar,0,0,16,0,16,0,8,69,0,77,0,8,85,0,93,106,0,106,199
06/30/2009,LOU,KY,ASO,CE,Towers with Radar,0,4,30,4,38,0,11,90,1,102,0,15,120,5,140,72,0,72,212
07/01/2009,LOU,KY,ASO,CE,Towers with Radar,0,3,28,2,33,0,3,87,0,90,0,6,115,2,123,110,0,110,233
07/02/2009,LOU,KY,ASO,CE,Towers with Radar,0,3,30,3,36,0,7,97,1,105,0,10,127,4,141,144,0,144,285
07/03/2009,LOU,KY,ASO,CE,Towers with Radar,0,0,13,1,14,0,14,151,4,169,0,14,164,5,183,132,0,132,315
07/04/2009,LOU,KY,ASO,CE,Towers with Radar,0,0,9,0,9,0,6,60,0,66,0,6,69,0,75,112,0,112,187
07/05/2009,LOU,KY,ASO,CE,Towers with Radar,0,4,21,0,25,0,2,7,0,9,0,6,28,0,34,0,0,0,34
07/06/2009,LOU,KY,ASO,CE,Towers with Radar,0,2,17,2,21,0,9,96,0,105,0,11,113,2,126,112,0,112,238
07/07/2009,LOU,KY,ASO,CE,Towers with Radar,0,0,18,3,21,0,9,109,1,119,0,9,127,4,140,126,0,126,266
07/08/2009,LOU,KY,ASO,CE,Towers with Radar,0,1,22,0,23,0,11,95,2,108,0,12,117,2,131,120,0,120,251
07/09/2009,LOU,KY,ASO,CE,Towers with Radar,0,5,21,4,30,0,12,120,0,132,0,17,141,4,162,90,0,90,252
07/10/2009,LOU,KY,ASO,CE,Towers with Radar,0,2,22,0,24,0,13,122,0,135,0,15,144,0,159,106,0,106,265
07/11/2009,LOU,KY,ASO,CE,Towers with Radar,0,0,9,0,9,0,3,75,0,78,0,3,84,0,87,168,0,168,255
07/12/2009,LOU,KY,ASO,CE,Towers with Radar,0,0,14,0,14,0,19,109,0,128,0,19,123,0,142,168,0,168,310
07/13/2009,LOU,KY,ASO,CE,Towers with Radar,0,1,21,2,24,0,9,93,2,104,0,10,114,4,128,144,0,144,272
07/14/2009,LOU,KY,ASO,CE,Towers with Radar,0,6,18,3,27,0,11,133,1,145,0,17,151,4,172,136,0,136,308
07/15/2009,LOU,KY,ASO,CE,Towers with Radar,0,0,21,2,23,0,8,46,0,54,0,8,67,2,77,118,0,118,195
07/16/2009,LOU,KY,ASO,CE,Towers with Radar,0,3,37,0,40,0,5,75,0,80,0,8,112,0,120,136,0,136,256
07/17/2009,LOU,KY,ASO,CE,Towers with Radar,0,2,37,2,41,0,18,53,3,74,0,20,90,5,115,76,0,76,191
07/18/2009,LOU,KY,ASO,CE,Towers with Radar,0,0,29,0,29,0,10,128,0,138,0,10,157,0,167,144,0,144,311
07/19/2009,LOU,KY,ASO,CE,Towers with Radar,0,4,23,0,27,0,4,118,0,122,0,8,141,0,149,160,0,160,309
07/20/2009,LOU,KY,ASO,CE,Towers with Radar,0,1,22,0,23,0,1,127,1,129,0,2,149,1,152,164,0,164,316
07/21/2009,LOU,KY,ASO,CE,Towers with Radar,0,2,29,6,37,0,6,137,2,145,0,8,166,8,182,146,8,154,336
07/22/2009,LOU,KY,ASO,CE,Towers with Radar,0,0,32,0,32,0,5,3,0,8,0,5,35,0,40,0,0,0,40
07/23/2009,LOU,KY,ASO,CE,Towers with Radar,0,2,31,0,33,0,0,1,1,2,0,2,32,1,35,110,0,110,145
07/24/2009,LOU,KY,ASO,CE,Towers with Radar,0,4,34,0,38,0,12,142,4,158,0,16,176,4,196,110,0,110,306
07/25/2009,LOU,KY,ASO,CE,Towers with Radar,0,1,17,0,18,0,7,32,0,39,0,8,49,0,57,80,0,80,137
07/26/2009,LOU,KY,ASO,CE,Towers with Radar,0,0,27,0,27,0,11,165,0,176,0,11,192,0,203,80,0,80,283
07/27/2009,LOU,KY,ASO,CE,Towers with Radar,0,2,50,1,53,0,16,98,2,116,0,18,148,3,169,108,0,108,277
07/28/2009,LOU,KY,ASO,CE,Towers with Radar,0,1,28,1,30,0,15,58,1,74,0,16,86,2,104,82,0,82,186
07/29/2009,LOU,KY,ASO,CE,Towers with Radar,0,1,26,3,30,0,7,89,1,97,0,8,115,4,127,84,0,84,211
07/30/2009,LOU,KY,ASO,CE,Towers with Radar,0,0,19,0,19,0,10,53,0,63,0,10,72,0,82,96,0,96,178
07/31/2009,LOU,KY,ASO,CE,Towers with Radar,0,4,25,4,33,0,2,114,2,118,0,6,139,6,151,104,0,104,255
08/01/2009,LOU,KY,ASO,CE,Towers with Radar,0,2,23,3,28,0,7,163,0,170,0,9,186,3,198,130,0,130,328
08/02/2009,LOU,KY,ASO,CE,Towers with Radar,0,0,37,0,37,0,6,93,0,99,0,6,130,0,136,82,0,82,218
08/03/2009,LOU,KY,ASO,CE,Towers with Radar,0,3,27,0,30,0,11,134,1,146,0,14,161,1,176,108,0,108,284
08/04/2009,LOU,KY,ASO,CE,Towers with Radar,0,1,8,0,9,0,19,11,0,30,0,20,19,0,39,4,0,4,43
08/05/2009,LOU,KY,ASO,CE,Towers with Radar,0,2,41,0,43,0,5,61,0,66,0,7,102,0,109,116,0,116,225
08/06/2009,LOU,KY,ASO,CE,Towers with Radar,0,2,19,2,23,0,12,135,0,147,0,14,154,2,170,158,0,158,328
08/07/2009,LOU,KY,ASO,CE,Towers with Radar,0,1,30,0,31,0,13,140,0,153,0,14,170,0,184,66,0,66,250
08/08/2009,LOU,KY,ASO,CE,Towers with Radar,0,1,24,0,25,0,16,126,0,142,0,17,150,0,167,132,0,132,299
08/09/2009,LOU,KY,ASO,CE,Towers with Radar,0,0,27,0,27,0,7,92,0,99,0,7,119,0,126,108,0,108,234
08/10/2009,LOU,KY,ASO,CE,Towers with Radar,0,1,32,0,33,0,3,62,2,67,0,4,94,2,100,66,0,66,166
08/11/2009,LOU,KY,ASO,CE,Towers with Radar,0,2,20,0,22,0,3,58,2,63,0,5,78,2,85,98,0,98,183
08/12/2009,LOU,KY,ASO,CE,Towers with Radar,0,2,26,2,30,0,6,92,0,98,0,8,118,2,128,60,0,60,188
08/13/2009,LOU,KY,ASO,CE,Towers with Radar,0,1,35,2,38,0,17,142,1,160,0,18,177,3,198,132,0,132,330
08/14/2009,LOU,KY,ASO,CE,Towers with Radar,0,2,36,2,40,2,1,0,2,5,2,3,36,4,45,116,0,116,161
08/15/2009,LOU,KY,ASO,CE,Towers with Radar,0,1,20,3,24,0,13,110,1,124,0,14,130,4,148,54,0,54,202
08/16/2009,LOU,KY,ASO,CE,Towers with Radar,0,0,37,1,38,0,15,119,2,136,0,15,156,3,174,66,0,66,240
08/17/2009,LOU,KY,ASO,CE,Towers with Radar,0,0,22,1,23,0,8,88,2,98,0,8,110,3,121,76,0,76,197
08/18/2009,LOU,KY,ASO,CE,Towers with Radar,0,3,24,2,29,0,11,55,0,66,0,14,79,2,95,166,0,166,261
08/19/2009,LOU,KY,ASO,CE,Towers with Radar,0,5,34,0,39,0,14,41,1,56,0,19,75,1,95,66,0,66,161
08/20/2009,LOU,KY,ASO,CE,Towers with Radar,0,1,19,0,20,0,11,52,2,65,0,12,71,2,85,82,0,82,167
08/21/2009,LOU,KY,ASO,CE,Towers with Radar,0,6,34,0,40,0,15,111,1,127,0,21,145,1,167,92,0,92,259
08/22/2009,LOU,KY,ASO,CE,Towers with Radar,0,3,20,3,26,0,17,78,1,96,0,20,98,4,122,226,0,226,348
08/23/2009,LOU,KY,ASO,CE,Towers with Radar,0,2,35,0,37,0,5,127,0,132,0,7,162,0,169,170,0,170,339
08/24/2009,LOU,KY,ASO,CE,Towers with Radar,0,2,30,0,32,0,11,100,2,113,0,13,130,2,145,88,0,88,233
08/25/2009,LOU,KY,ASO,CE,Towers with Radar,0,0,27,4,31,0,15,130,0,145,0,15,157,4,176,132,0,132,308
08/26/2009,LOU,KY,ASO,CE,Towers with Radar,0,4,25,2,31,0,17,103,0,120,0,21,128,2,151,94,0,94,245
08/27/2009,LOU,KY,ASO,CE,Towers with Radar,0,3,30,1,34,0,9,76,0,85,0,12,106,1,119,150,0,150,269
08/28/2009,LOU,KY,ASO,CE,Towers with Radar,0,1,33,0,34,0,12,64,0,76,0,13,97,0,110,100,0,100,210
08/29/2009,LOU,KY,ASO,CE,Towers with Radar,0,0,20,0,20,0,5,115,2,122,0,5,135,2,142,192,0,192,334
08/30/2009,LOU,KY,ASO,CE,Towers with Radar,0,0,28,0,28,0,12,159,4,175,0,12,187,4,203,126,0,126,329
08/31/2009,LOU,KY,ASO,CE,Towers with Radar,0,3,29,4,36,0,8,102,0,110,0,11,131,4,146,104,0,104,250
09/01/2009,LOU,KY,ASO,CE,Towers with Radar,0,0,18,0,18,0,5,131,0,136,0,5,149,0,154,272,0,272,426
09/02/2009,LOU,KY,ASO,CE,Towers with Radar,0,2,17,2,21,0,7,115,5,127,0,9,132,7,148,126,0,126,274
09/03/2009,LOU,KY,ASO,CE,Towers with Radar,0,5,41,2,48,0,13,108,1,122,0,18,149,3,170,182,0,182,352
09/04/2009,LOU,KY,ASO,CE,Towers with Radar,0,1,39,0,40,0,8,114,0,122,0,9,153,0,162,52,0,52,214
09/05/2009,LOU,KY,ASO,CE,Towers with Radar,0,0,18,0,18,0,7,195,1,203,0,7,213,1,221,64,0,64,285
09/06/2009,LOU,KY,ASO,CE,Towers with Radar,0,2,20,0,22,0,4,60,0,64,0,6,80,0,86,164,0,164,250
09/07/2009,LOU,KY,ASO,CE,Towers with Radar,0,0,35,0,35,0,7,48,0,55,0,7,83,0,90,108,0,108,198
09/08/2009,LOU,KY,ASO,CE,Towers with Radar,0,0,27,0,27,0,1,31,0,32,0,1,58,0,59,44,0,44,103
09/09/2009,LOU,KY,ASO,CE,Towers with Radar,0,2,16,2,20,0,17,69,1,87,0,19,85,3,107,68,0,68,175
09/10/2009,LOU,KY,ASO,CE,Towers with Radar,0,1,38,2,41,0,6,81,0,87,0,7,119,2,128,100,0,100,228
09/11/2009,LOU,KY,ASO,CE,Towers with Radar,0,2,27,2,31,0,26,123,4,153,0,28,150,6,184,144,0,144,328
09/12/2009,LOU,KY,ASO,CE,Towers with Radar,0,0,16,2,18,0,5,152,11,168,0,5,168,13,186,122,4,126,312
09/13/2009,LOU,KY,ASO,CE,Towers with Radar,0,0,28,0,28,0,10,144,7,161,0,10,172,7,189,116,0,116,305
09/14/2009,LOU,KY,ASO,CE,Towers with Radar,0,2,19,3,24,0,16,90,1,107,0,18,109,4,131,50,0,50,181
09/15/2009,LOU,KY,ASO,CE,Towers with Radar,0,0,37,2,39,0,0,79,0,79,0,0,116,2,118,82,0,82,200
09/16/2009,LOU,KY,ASO,CE,Towers with Radar,0,0,27,4,31,0,4,67,1,72,0,4,94,5,103,74,0,74,177
09/17/2009,LOU,KY,ASO,CE,Towers with Radar,0,3,35,0,38,0,16,112,0,128,0,19,147,0,166,68,0,68,234
09/18/2009,LOU,KY,ASO,CE,Towers with Radar,0,6,34,0,40,0,10,85,0,95,0,16,119,0,135,74,0,74,209
09/19/2009,LOU,KY,ASO,CE,Towers with Radar,0,0,15,0,15,0,2,150,1,153,0,2,165,1,168,148,0,148,316
09/20/2009,LOU,KY,ASO,CE,Towers with Radar,0,2,19,0,21,0,0,4,0,4,0,2,23,0,25,26,0,26,51
09/21/2009,LOU,KY,ASO,CE,Towers with Radar,0,3,17,0,20,0,9,18,0,27,0,12,35,0,47,34,0,34,81
09/22/2009,LOU,KY,ASO,CE,Towers with Radar,0,0,24,0,24,0,26,36,4,66,0,26,60,4,90,122,0,122,212
09/23/2009,LOU,KY,ASO,CE,Towers with Radar,0,2,11,2,15,0,4,28,0,32,0,6,39,2,47,172,0,172,219
09/24/2009,LOU,KY,ASO,CE,Towers with Radar,0,2,26,0,28,0,0,3,0,3,0,2,29,0,31,4,0,4,35
09/25/2009,LOU,KY,ASO,CE,Towers with Radar,0,3,30,0,33,0,2,15,0,17,0,5,45,0,50,28,0,28,78
09/26/2009,LOU,KY,ASO,CE,Towers with Radar,0,2,28,2,32,0,17,47,0,64,0,19,75,2,96,196,0,196,292
09/27/2009,LOU,KY,ASO,CE,Towers with Radar,0,0,46,5,51,0,17,110,1,128,0,17,156,6,179,164,0,164,343
09/28/2009,LOU,KY,ASO,CE,Towers with Radar,0,0,19,1,20,0,11,45,1,57,0,11,64,2,77,38,0,38,115
09/29/2009,LOU,KY,ASO,CE,Towers with Radar,0,1,19,0,20,0,12,84,0,96,0,13,103,0,116,146,0,146,262
09/30/2009,LOU,KY,ASO,CE,Towers with Radar,0,0,37,2,39,0,8,124,0,132,0,8,161,2,171,112,0,112,283
10/01/2009,LOU,KY,ASO,CE,Towers with Radar,0,4,37,0,41,0,9,94,1,104,0,13,131,1,145,78,4,82,227
10/02/2009,LOU,KY,ASO,CE,Towers with Radar,0,3,31,1,35,0,16,54,3,73,0,19,85,4,108,44,6,50,158
10/03/2009,LOU,KY,ASO,CE,Towers with Radar,0,2,29,0,31,0,14,123,2,139,0,16,152,2,170,92,0,92,262
10/04/2009,LOU,KY,ASO,CE,Towers with Radar,0,1,32,0,33,0,4,131,2,137,0,5,163,2,170,136,0,136,306
10/05/2009,LOU,KY,ASO,CE,Towers with Radar,0,0,26,0,26,0,18,97,0,115,0,18,123,0,141,104,0,104,245
10/06/2009,LOU,KY,ASO,CE,Towers with Radar,0,5,33,0,38,0,0,8,0,8,0,5,41,0,46,2,0,2,48
10/07/2009,LOU,KY,ASO,CE,Towers with Radar,0,1,27,0,28,0,9,100,1,110,0,10,127,1,138,56,2,58,196
10/08/2009,LOU,KY,ASO,CE,Towers with Radar,0,0,28,0,28,0,2,27,0,29,0,2,55,0,57,36,0,36,93
10/09/2009,LOU,KY,ASO,CE,Towers with Radar,0,2,8,0,10,0,2,1,0,3,0,4,9,0,13,0,0,0,13
10/10/2009,LOU,KY,ASO,CE,Towers with Radar,0,0,31,0,31,0,15,146,2,163,0,15,177,2,194,218,0,218,412
10/11/2009,LOU,KY,ASO,CE,Towers with Radar,0,0,29,0,29,0,5,157,1,163,0,5,186,1,192,200,0,200,392
10/12/2009,LOU,KY,ASO,CE,Towers with Radar,0,0,21,0,21,0,14,119,0,133,0,14,140,0,154,188,0,188,342
10/13/2009,LOU,KY,ASO,CE,Towers with Radar,0,1,36,0,37,0,12,59,0,71,0,13,95,0,108,150,0,150,258
10/14/2009,LOU,KY,ASO,CE,Towers with Radar,0,2,37,0,39,0,0,0,0,0,0,2,37,0,39,0,0,0,39
10/15/2009,LOU,KY,ASO,CE,Towers with Radar,0,0,45,0,45,0,0,0,0,0,0,0,45,0,45,0,0,0,45
10/16/2009,LOU,KY,ASO,CE,Towers with Radar,0,2,13,0,15,0,2,3,0,5,0,4,16,0,20,6,0,6,26
10/17/2009,LOU,KY,ASO,CE,Towers with Radar,0,0,14,0,14,0,7,63,0,70,0,7,77,0,84,32,0,32,116
10/18/2009,LOU,KY,ASO,CE,Towers with Radar,0,4,30,2,36,0,6,127,0,133,0,10,157,2,169,162,0,162,331
10/19/2009,LOU,KY,ASO,CE,Towers with Radar,0,0,24,0,24,0,15,104,0,119,0,15,128,0,143,120,0,120,263
10/20/2009,LOU,KY,ASO,CE,Towers with Radar,0,2,30,0,32,0,23,147,0,170,0,25,177,0,202,188,0,188,390
10/21/2009,LOU,KY,ASO,CE,Towers with Radar,0,2,26,2,30,0,9,146,3,158,0,11,172,5,188,136,4,140,328
10/22/2009,LOU,KY,ASO,CE,Towers with Radar,0,0,28,0,28,0,1,63,0,64,0,1,91,0,92,68,0,68,160
10/23/2009,LOU,KY,ASO,CE,Towers with Radar,0,3,28,0,31,0,5,5,0,10,0,8,33,0,41,0,0,0,41
10/24/2009,LOU,KY,ASO,CE,Towers with Radar,0,2,24,4,30,0,4,50,1,55,0,6,74,5,85,92,0,92,177
10/25/2009,LOU,KY,ASO,CE,Towers with Radar,0,0,38,0,38,0,13,185,0,198,0,13,223,0,236,306,0,306,542
10/26/2009,LOU,KY,ASO,CE,Towers with Radar,0,0,22,2,24,0,8,105,2,115,0,8,127,4,139,124,0,124,263
10/27/2009,LOU,KY,ASO,CE,Towers with Radar,0,0,34,0,34,0,2,39,0,41,0,2,73,0,75,72,0,72,147
10/28/2009,LOU,KY,ASO,CE,Towers with Radar,0,1,37,0,38,0,7,42,0,49,0,8,79,0,87,140,0,140,227
10/29/2009,LOU,KY,ASO,CE,Towers with Radar,0,1,27,1,29,0,10,119,2,131,0,11,146,3,160,110,0,110,270
10/30/2009,LOU,KY,ASO,CE,Towers with Radar,0,2,19,0,21,0,0,2,0,2,0,2,21,0,23,0,0,0,23
10/31/2009,LOU,KY,ASO,CE,Towers with Radar,0,2,24,0,26,0,5,66,5,76,0,7,90,5,102,56,4,60,162
11/01/2009,LOU,KY,ASO,CE,Towers with Radar,0,0,29,0,29,0,4,157,6,167,0,4,186,6,196,220,0,220,416
11/02/2009,LOU,KY,ASO,CE,Towers with Radar,0,0,20,2,22,0,17,84,1,102,0,17,104,3,124,88,0,88,212
11/03/2009,LOU,KY,ASO,CE,Towers with Radar,0,2,31,1,34,0,10,99,0,109,0,12,130,1,143,124,12,136,279
11/04/2009,LOU,KY,ASO,CE,Towers with Radar,0,1,37,1,39,0,3,72,1,76,0,4,109,2,115,58,0,58,173
11/05/2009,LOU,KY,ASO,CE,Towers with Radar,0,0,22,2,24,0,12,80,0,92,0,12,102,2,116,104,0,104,220
11/06/2009,LOU,KY,ASO,CE,Towers with Radar,0,3,34,0,37,0,9,130,8,147,0,12,164,8,184,148,0,148,332
11/07/2009,LOU,KY,ASO,CE,Towers with Radar,0,1,17,0,18,0,5,101,0,106,0,6,118,0,124,106,0,106,230
11/08/2009,LOU,KY,ASO,CE,Towers with Radar,0,0,35,0,35,0,11,162,0,173,0,11,197,0,208,220,0,220,428
11/09/2009,LOU,KY,ASO,CE,Towers with Radar,0,1,21,0,22,0,14,81,0,95,0,15,102,0,117,104,0,104,221
11/10/2009,LOU,KY,ASO,CE,Towers with Radar,0,3,24,0,27,0,12,83,6,101,0,15,107,6,128,102,0,102,230
11/11/2009,LOU,KY,ASO,CE,Towers with Radar,0,0,26,1,27,0,1,0,0,1,0,1,26,1,28,34,0,34,62
11/12/2009,LOU,KY,ASO,CE,Towers with Radar,0,5,30,2,37,0,19,103,0,122,0,24,133,2,159,150,0,150,309
11/13/2009,LOU,KY,ASO,CE,Towers with Radar,0,4,44,0,48,0,22,119,4,145,0,26,163,4,193,92,0,92,285
11/14/2009,LOU,KY,ASO,CE,Towers with Radar,0,1,20,0,21,0,9,156,2,167,0,10,176,2,188,120,0,120,308
11/15/2009,LOU,KY,ASO,CE,Towers with Radar,0,0,23,0,23,0,13,107,6,126,0,13,130,6,149,130,0,130,279
11/16/2009,LOU,KY,ASO,CE,Towers with Radar,0,2,34,0,36,0,7,62,0,69,0,9,96,0,105,68,0,68,173
11/17/2009,LOU,KY,ASO,CE,Towers with Radar,0,2,22,0,24,0,2,11,0,13,0,4,33,0,37,16,0,16,53
11/18/2009,LOU,KY,ASO,CE,Towers with Radar,0,2,23,3,28,0,9,39,3,51,0,11,62,6,79,26,0,26,105
11/19/2009,LOU,KY,ASO,CE,Towers with Radar,0,3,20,0,23,0,15,62,0,77,0,18,82,0,100,88,0,88,188
11/20/2009,LOU,KY,ASO,CE,Towers with Radar,0,1,51,4,56,0,11,123,0,134,0,12,174,4,190,120,0,120,310
11/21/2009,LOU,KY,ASO,CE,Towers with Radar,0,0,25,1,26,0,10,200,3,213,0,10,225,4,239,216,0,216,455
11/22/2009,LOU,KY,ASO,CE,Towers with Radar,0,0,18,0,18,0,5,141,1,147,0,5,159,1,165,196,0,196,361
11/23/2009,LOU,KY,ASO,CE,Towers with Radar,0,0,32,1,33,0,8,68,1,77,0,8,100,2,110,98,0,98,208
11/24/2009,LOU,KY,ASO,CE,Towers with Radar,0,3,31,0,34,0,13,79,2,94,0,16,110,2,128,130,0,130,258
11/25/2009,LOU,KY,ASO,CE,Towers with Radar,0,1,48,0,49,0,27,54,0,81,0,28,102,0,130,36,0,36,166
11/26/2009,LOU,KY,ASO,CE,Towers with Radar,0,1,13,0,14,0,3,19,0,22,0,4,32,0,36,2,0,2,38
11/27/2009,LOU,KY,ASO,CE,Towers with Radar,0,1,17,0,18,0,19,51,0,70,0,20,68,0,88,50,0,50,138
11/28/2009,LOU,KY,ASO,CE,Towers with Radar,0,3,19,0,22,0,1,192,2,195,0,4,211,2,217,176,0,176,393
11/29/2009,LOU,KY,ASO,CE,Towers with Radar,0,1,29,0,30,0,2,81,0,83,0,3,110,0,113,164,0,164,277
11/30/2009,LOU,KY,ASO,CE,Towers with Radar,0,0,14,0,14,0,5,50,0,55,0,5,64,0,69,96,0,96,165
12/01/2009,LOU,KY,ASO,CE,Towers with Radar,0,4,21,0,25,0,2,136,5,143,0,6,157,5,168,258,0,258,426
12/02/2009,LOU,KY,ASO,CE,Towers with Radar,0,3,16,0,19,0,0,0,0,0,0,3,16,0,19,2,0,2,21
12/03/2009,LOU,KY,ASO,CE,Towers with Radar,0,2,21,0,23,0,7,12,0,19,0,9,33,0,42,12,0,12,54
12/04/2009,LOU,KY,ASO,CE,Towers with Radar,0,1,25,1,27,0,3,80,4,87,0,4,105,5,114,36,0,36,150
12/05/2009,LOU,KY,ASO,CE,Towers with Radar,0,0,11,1,12,0,1,104,2,107,0,1,115,3,119,100,0,100,219
12/06/2009,LOU,KY,ASO,CE,Towers with Radar,0,3,23,0,26,0,2,82,9,93,0,5,105,9,119,136,0,136,255
12/07/2009,LOU,KY,ASO,CE,Towers with Radar,0,1,14,2,17,0,0,6,0,6,0,1,20,2,23,38,0,38,61
12/08/2009,LOU,KY,ASO,CE,Towers with Radar,0,0,21,0,21,0,3,5,0,8,0,3,26,0,29,12,0,12,41
12/09/2009,LOU,KY,ASO,CE,Towers with Radar,0,1,7,0,8,0,6,1,0,7,0,7,8,0,15,4,0,4,19
12/10/2009,LOU,KY,ASO,CE,Towers with Radar,0,0,29,0,29,0,17,25,0,42,0,17,54,0,71,8,0,8,79
12/11/2009,LOU,KY,ASO,CE,Towers with Radar,0,3,15,2,20,0,0,72,1,73,0,3,87,3,93,50,0,50,143
12/12/2009,LOU,KY,ASO,CE,Towers with Radar,0,2,15,0,17,0,2,147,2,151,0,4,162,2,168,192,0,192,360
12/13/2009,LOU,KY,ASO,CE,Towers with Radar,0,3,12,0,15,0,2,4,0,6,0,5,16,0,21,4,0,4,25
12/14/2009,LOU,KY,ASO,CE,Towers with Radar,0,2,21,0,23,0,3,44,0,47,0,5,65,0,70,56,0,56,126
12/15/2009,LOU,KY,ASO,CE,Towers with Radar,0,6,15,0,21,0,0,11,0,11,0,6,26,0,32,0,0,0,32
12/16/2009,LOU,KY,ASO,CE,Towers with Radar,0,2,17,0,19,0,16,97,0,113,0,18,114,0,132,78,0,78,210
12/17/2009,LOU,KY,ASO,CE,Towers with Radar,0,0,22,3,25,0,5,105,1,111,0,5,127,4,136,156,0,156,292
12/18/2009,LOU,KY,ASO,CE,Towers with Radar,0,2,19,1,22,0,4,67,0,71,0,6,86,1,93,140,0,140,233
12/19/2009,LOU,KY,ASO,CE,Towers with Radar,0,3,12,0,15,0,0,0,0,0,0,3,12,0,15,0,0,0,15
12/20/2009,LOU,KY,ASO,CE,Towers with Radar,0,2,15,0,17,0,4,12,1,17,0,6,27,1,34,66,0,66,100
12/21/2009,LOU,KY,ASO,CE,Towers with Radar,0,1,16,0,17,0,2,20,0,22,0,3,36,0,39,46,0,46,85
12/22/2009,LOU,KY,ASO,CE,Towers with Radar,0,4,33,0,37,0,20,85,0,105,0,24,118,0,142,134,0,134,276
12/23/2009,LOU,KY,ASO,CE,Towers with Radar,0,2,15,0,17,0,12,83,0,95,0,14,98,0,112,70,0,70,182
12/24/2009,LOU,KY,ASO,CE,Towers with Radar,0,0,7,0,7,0,14,19,0,33,0,14,26,0,40,62,0,62,102
12/25/2009,LOU,KY,ASO,CE,Towers with Radar,0,2,0,0,2,0,2,2,0,4,0,4,2,0,6,2,0,2,8
12/26/2009,LOU,KY,ASO,CE,Towers with Radar,0,0,19,0,19,0,4,52,0,56,0,4,71,0,75,32,0,32,107
12/27/2009,LOU,KY,ASO,CE,Towers with Radar,0,0,11,0,11,0,2,26,0,28,0,2,37,0,39,38,0,38,77
12/28/2009,LOU,KY,ASO,CE,Towers with Radar,0,0,15,0,15,0,4,19,2,25,0,4,34,2,40,84,0,84,124
12/29/2009,LOU,KY,ASO,CE,Towers with Radar,0,1,28,0,29,0,8,114,5,127,0,9,142,5,156,108,0,108,264
12/30/2009,LOU,KY,ASO,CE,Towers with Radar,0,1,29,1,31,0,11,55,6,72,0,12,84,7,103,108,0,108,211
12/31/2009,LOU,KY,ASO,CE,Towers with Radar,0,2,7,0,9,0,0,5,0,5,0,2,12,0,14,16,0,16,30
01/01/2010,LOU,KY,ASO,CE,Towers with Radar,0,0,13,0,13,0,6,27,0,33,0,6,40,0,46,34,0,34,80
01/02/2010,LOU,KY,ASO,CE,Towers with Radar,0,0,13,0,13,0,4,65,2,71,0,4,78,2,84,70,0,70,154
01/03/2010,LOU,KY,ASO,CE,Towers with Radar,0,2,17,0,19,0,1,64,0,65,0,3,81,0,84,124,0,124,208
01/04/2010,LOU,KY,ASO,CE,Towers with Radar,0,0,7,0,7,0,6,39,0,45,0,6,46,0,52,44,0,44,96
01/05/2010,LOU,KY,ASO,CE,Towers with Radar,0,0,21,0,21,0,7,42,1,50,0,7,63,1,71,48,0,48,119
01/06/2010,LOU,KY,ASO,CE,Towers with Radar,0,0,18,3,21,0,18,26,1,45,0,18,44,4,66,48,0,48,114
01/07/2010,LOU,KY,ASO,CE,Towers with Radar,0,0,5,0,5,0,0,10,0,10,0,0,15,0,15,0,0,0,15
01/08/2010,LOU,KY,ASO,CE,Towers with Radar,0,5,12,0,17,0,9,6,0,15,0,14,18,0,32,32,0,32,64
01/09/2010,LOU,KY,ASO,CE,Towers with Radar,0,1,14,0,15,0,2,17,0,19,0,3,31,0,34,66,0,66,100
01/10/2010,LOU,KY,ASO,CE,Towers with Radar,0,0,23,0,23,0,2,35,0,37,0,2,58,0,60,60,0,60,120
01/11/2010,LOU,KY,ASO,CE,Towers with Radar,0,0,14,0,14,0,8,19,1,28,0,8,33,1,42,26,0,26,68
01/12/2010,LOU,KY,ASO,CE,Towers with Radar,0,0,16,0,16,0,18,54,0,72,0,18,70,0,88,92,0,92,180
01/13/2010,LOU,KY,ASO,CE,Towers with Radar,0,6,19,1,26,0,2,89,1,92,0,8,108,2,118,42,0,42,160
01/14/2010,LOU,KY,ASO,CE,Towers with Radar,0,0,36,2,38,0,6,126,0,132,0,6,162,2,170,198,0,198,368
01/15/2010,LOU,KY,ASO,CE,Towers with Radar,0,0,27,0,27,0,17,62,0,79,0,17,89,0,106,138,2,140,246
01/16/2010,LOU,KY,ASO,CE,Towers with Radar,0,1,19,0,20,0,3,133,4,140,0,4,152,4,160,264,0,264,424
01/17/2010,LOU,KY,ASO,CE,Towers with Radar,0,0,9,0,9,0,1,3,0,4,0,1,12,0,13,16,0,16,29
01/18/2010,LOU,KY,ASO,CE,Towers with Radar,0,1,26,0,27,0,0,2,0,2,0,1,28,0,29,16,0,16,45
01/19/2010,LOU,KY,ASO,CE,Towers with Radar,0,1,13,0,14,0,0,7,0,7,0,1,20,0,21,58,0,58,79
01/20/2010,LOU,KY,ASO,CE,Towers with Radar,0,1,9,0,10,0,0,0,0,0,0,1,9,0,10,0,0,0,10
01/21/2010,LOU,KY,ASO,CE,Towers with Radar,0,0,9,0,9,0,0,0,0,0,0,0,9,0,9,0,0,0,9
01/22/2010,LOU,KY,ASO,CE,Towers with Radar,0,1,22,0,23,0,0,0,0,0,0,1,22,0,23,0,0,0,23
01/23/2010,LOU,KY,ASO,CE,Towers with Radar,0,2,24,0,26,0,8,56,2,66,0,10,80,2,92,212,0,212,304
01/24/2010,LOU,KY,ASO,CE,Towers with Radar,0,3,4,0,7,0,2,1,0,3,0,5,5,0,10,112,0,112,122
01/25/2010,LOU,KY,ASO,CE,Towers with Radar,0,4,15,0,19,0,6,10,0,16,0,10,25,0,35,50,0,50,85
01/26/2010,LOU,KY,ASO,CE,Towers with Radar,0,0,18,0,18,0,15,22,0,37,0,15,40,0,55,28,0,28,83
01/27/2010,LOU,KY,ASO,CE,Towers with Radar,0,2,17,1,20,0,16,76,1,93,0,18,93,2,113,104,0,104,217
01/28/2010,LOU,KY,ASO,CE,Towers with Radar,0,3,14,0,17,0,14,47,0,61,0,17,61,0,78,80,0,80,158
01/29/2010,LOU,KY,ASO,CE,Towers with Radar,0,4,9,0,13,0,12,25,0,37,0,16,34,0,50,22,0,22,72
01/30/2010,LOU,KY,ASO,CE,Towers with Radar,0,4,10,0,14,0,9,18,0,27,0,13,28,0,41,14,0,14,55
01/31/2010,LOU,KY,ASO,CE,Towers with Radar,0,2,20,0,22,0,14,135,6,155,0,16,155,6,177,138,0,138,315
02/01/2010,LOU,KY,ASO,CE,Towers with Radar,0,6,23,0,29,0,12,87,3,102,0,18,110,3,131,44,0,44,175
02/02/2010,LOU,KY,ASO,CE,Towers with Radar,0,1,15,0,16,0,8,55,3,66,0,9,70,3,82,118,0,118,200
02/03/2010,LOU,KY,ASO,CE,Towers with Radar,0,3,26,1,30,0,15,88,1,104,0,18,114,2,134,32,0,32,166
02/04/2010,LOU,KY,ASO,CE,Towers with Radar,0,5,14,0,19,0,16,49,2,67,0,21,63,2,86,72,0,72,158
02/05/2010,LOU,KY,ASO,CE,Towers with Radar,0,3,3,0,6,0,0,1,0,1,0,3,4,0,7,2,0,2,9
02/06/2010,LOU,KY,ASO,CE,Towers with Radar,0,2,5,0,7,0,3,0,0,3,0,5,5,0,10,0,0,0,10
02/07/2010,LOU,KY,ASO,CE,Towers with Radar,0,2,10,0,12,0,0,29,0,29,0,2,39,0,41,62,0,62,103
02/08/2010,LOU,KY,ASO,CE,Towers with Radar,0,0,14,1,15,0,5,46,1,52,0,5,60,2,67,102,0,102,169
02/09/2010,LOU,KY,ASO,CE,Towers with Radar,0,3,5,0,8,0,7,2,0,9,0,10,7,0,17,10,0,10,27
02/10/2010,LOU,KY,ASO,CE,Towers with Radar,0,1,13,0,14,0,11,5,0,16,0,12,18,0,30,4,0,4,34
02/11/2010,LOU,KY,ASO,CE,Towers with Radar,0,1,17,0,18,0,24,65,0,89,0,25,82,0,107,84,0,84,191
02/12/2010,LOU,KY,ASO,CE,Towers with Radar,0,2,26,0,28,0,16,68,2,86,0,18,94,2,114,104,0,104,218
02/13/2010,LOU,KY,ASO,CE,Towers with Radar,0,0,17,0,17,0,3,55,0,58,0,3,72,0,75,144,0,144,219
02/14/2010,LOU,KY,ASO,CE,Towers with Radar,0,0,10,0,10,0,1,9,0,10,0,1,19,0,20,94,0,94,114
02/15/2010,LOU,KY,ASO,CE,Towers with Radar,0,0,9,0,9,0,0,0,0,0,0,0,9,0,9,2,0,2,11
02/16/2010,LOU,KY,ASO,CE,Towers with Radar,0,1,19,0,20,0,15,12,0,27,0,16,31,0,47,2,0,2,49
02/17/2010,LOU,KY,ASO,CE,Towers with Radar,0,1,18,0,19,0,9,16,0,25,0,10,34,0,44,20,0,20,64
02/18/2010,LOU,KY,ASO,CE,Towers with Radar,0,2,25,0,27,0,17,62,0,79,0,19,87,0,106,84,0,84,190
02/19/2010,LOU,KY,ASO,CE,Towers with Radar,0,0,38,0,38,0,13,116,0,129,0,13,154,0,167,92,0,92,259
02/20/2010,LOU,KY,ASO,CE,Towers with Radar,0,0,15,0,15,0,4,105,1,110,0,4,120,1,125,102,0,102,227
02/21/2010,LOU,KY,ASO,CE,Towers with Radar,0,0,18,0,18,0,6,99,0,105,0,6,117,0,123,126,0,126,249
02/22/2010,LOU,KY,ASO,CE,Towers with Radar,0,1,32,0,33,0,12,22,0,34,0,13,54,0,67,84,0,84,151
02/23/2010,LOU,KY,ASO,CE,Towers with Radar,0,2,20,0,22,0,17,6,0,23,0,19,26,0,45,94,0,94,139
02/24/2010,LOU,KY,ASO,CE,Towers with Radar,0,1,26,0,27,0,8,14,0,22,0,9,40,0,49,48,0,48,97
02/25/2010,LOU,KY,ASO,CE,Towers with Radar,0,0,23,0,23,0,18,25,0,43,0,18,48,0,66,124,0,124,190
02/26/2010,LOU,KY,ASO,CE,Towers with Radar,0,2,35,1,38,0,26,81,1,108,0,28,116,2,146,82,0,82,228
02/27/2010,LOU,KY,ASO,CE,Towers with Radar,0,3,16,0,19,0,0,6,0,6,0,3,22,0,25,66,0,66,91
02/28/2010,LOU,KY,ASO,CE,Towers with Radar,0,0,20,0,20,0,3,48,0,51,0,3,68,0,71,238,0,238,309
03/01/2010,LOU,KY,ASO,CE,Towers with Radar,0,2,17,0,19,0,9,45,0,54,0,11,62,0,73,32,0,32,105
03/02/2010,LOU,KY,ASO,CE,Towers with Radar,0,2,22,0,24,0,17,39,0,56,0,19,61,0,80,76,0,76,156
03/03/2010,LOU,KY,ASO,CE,Towers with Radar,0,3,19,0,22,0,11,49,1,61,0,14,68,1,83,2,0,2,85
03/04/2010,LOU,KY,ASO,CE,Towers with Radar,0,3,38,3,44,0,3,109,2,114,0,6,147,5,158,218,0,218,376
03/05/2010,LOU,KY,ASO,CE,Towers with Radar,0,0,35,0,35,0,5,131,5,141,0,5,166,5,176,130,0,130,306
03/06/2010,LOU,KY,ASO,CE,Towers with Radar,0,3,36,0,39,0,8,165,3,176,0,11,201,3,215,120,0,120,335
03/07/2010,LOU,KY,ASO,CE,Towers with Radar,0,1,29,0,30,0,2,178,2,182,0,3,207,2,212,206,0,206,418
03/08/2010,LOU,KY,ASO,CE,Towers with Radar,0,0,28,1,29,0,11,108,1,120,0,11,136,2,149,154,0,154,303
03/09/2010,LOU,KY,ASO,CE,Towers with Radar,0,2,15,1,18,0,1,61,2,64,0,3,76,3,82,62,0,62,144
03/10/2010,LOU,KY,ASO,CE,Towers with Radar,0,0,19,0,19,0,7,53,1,61,0,7,72,1,80,62,0,62,142
03/11/2010,LOU,KY,ASO,CE,Towers with Radar,0,0,13,0,13,0,6,15,0,21,0,6,28,0,34,36,0,36,70
03/12/2010,LOU,KY,ASO,CE,Towers with Radar,0,7,24,0,31,0,3,1,0,4,0,10,25,0,35,0,0,0,35
03/13/2010,LOU,KY,ASO,CE,Towers with Radar,0,1,21,3,25,0,2,68,1,71,0,3,89,4,96,210,0,210,306
03/14/2010,LOU,KY,ASO,CE,Towers with Radar,0,1,24,0,25,0,0,6,0,6,0,1,30,0,31,22,0,22,53
03/15/2010,LOU,KY,ASO,CE,Towers with Radar,0,1,24,0,25,0,3,35,0,38,0,4,59,0,63,86,0,86,149
03/16/2010,LOU,KY,ASO,CE,Towers with Radar,0,3,26,0,29,0,8,57,0,65,0,11,83,0,94,172,0,172,266
03/17/2010,LOU,KY,ASO,CE,Towers with Radar,0,1,31,0,32,0,8,115,1,124,0,9,146,1,156,150,0,150,306
03/18/2010,LOU,KY,ASO,CE,Towers with Radar,0,2,25,2,29,0,12,158,0,170,0,14,183,2,199,126,2,128,327
03/19/2010,LOU,KY,ASO,CE,Towers with Radar,0,1,33,0,34,0,8,152,0,160,0,9,185,0,194,168,0,168,362
03/20/2010,LOU,KY,ASO,CE,Towers with Radar,0,1,28,0,29,0,5,162,0,167,0,6,190,0,196,158,0,158,354
03/21/2010,LOU,KY,ASO,CE,Towers with Radar,0,0,21,0,21,0,2,48,0,50,0,2,69,0,71,106,0,106,177
03/22/2010,LOU,KY,ASO,CE,Towers with Radar,0,1,11,0,12,0,3,21,0,24,0,4,32,0,36,56,0,56,92
03/23/2010,LOU,KY,ASO,CE,Towers with Radar,0,0,39,0,39,0,6,105,1,112,0,6,144,1,151,164,0,164,315
03/24/2010,LOU,KY,ASO,CE,Towers with Radar,0,0,38,2,40,0,14,112,5,131,0,14,150,7,171,166,0,166,337
03/25/2010,LOU,KY,ASO,CE,Towers with Radar,0,1,36,0,37,0,2,15,0,17,0,3,51,0,54,38,0,38,92
03/26/2010,LOU,KY,ASO,CE,Towers with Radar,0,0,38,0,38,0,17,93,0,110,0,17,131,0,148,94,0,94,242
03/27/2010,LOU,KY,ASO,CE,Towers with Radar,0,0,23,1,24,0,5,183,6,194,0,5,206,7,218,212,14,226,444
03/28/2010,LOU,KY,ASO,CE,Towers with Radar,0,0,15,0,15,0,3,4,0,7,0,3,19,0,22,12,0,12,34
03/29/2010,LOU,KY,ASO,CE,Towers with Radar,0,0,22,0,22,0,5,27,0,32,0,5,49,0,54,32,0,32,86
03/30/2010,LOU,KY,ASO,CE,Towers with Radar,0,4,38,0,42,0,6,113,0,119,0,10,151,0,161,256,0,256,417
03/31/2010,LOU,KY,ASO,CE,Towers with Radar,0,0,28,0,28,0,10,109,0,119,0,10,137,0,147,104,0,104,251
04/01/2010,LOU,KY,ASO,CE,Towers with Radar,0,0,26,0,26,0,9,151,0,160,0,9,177,0,186,132,0,132,318
04/02/2010,LOU,KY,ASO,CE,Towers with Radar,0,0,37,1,38,0,3,168,1,172,0,3,205,2,210,148,0,148,358
04/03/2010,LOU,KY,ASO,CE,Towers with Radar,0,0,16,2,18,0,8,37,9,54,0,8,53,11,72,24,4,28,100
04/04/2010,LOU,KY,ASO,CE,Towers with Radar,0,0,37,0,37,0,3,119,0,122,0,3,156,0,159,68,0,68,227
04/05/2010,LOU,KY,ASO,CE,Towers with Radar,0,2,19,2,23,0,12,41,0,53,0,14,60,2,76,72,0,72,148
04/06/2010,LOU,KY,ASO,CE,Towers with Radar,0,2,25,0,27,0,12,49,6,67,0,14,74,6,94,8,0,8,102
04/07/2010,LOU,KY,ASO,CE,Towers with Radar,0,0,26,0,26,0,7,17,0,24,0,7,43,0,50,4,0,4,54
04/08/2010,LOU,KY,ASO,CE,Towers with Radar,0,2,38,1,41,0,51,51,5,107,0,53,89,6,148,18,10,28,176
04/09/2010,LOU,KY,ASO,CE,Towers with Radar,0,1,24,0,25,0,14,119,1,134,0,15,143,1,159,128,0,128,287
04/10/2010,LOU,KY,ASO,CE,Towers with Radar,0,0,29,0,29,0,7,161,7,175,0,7,190,7,204,218,8,226,430
04/11/2010,LOU,KY,ASO,CE,Towers with Radar,0,2,36,0,38,0,4,127,3,134,0,6,163,3,172,174,2,176,348
04/12/2010,LOU,KY,ASO,CE,Towers with Radar,0,4,29,0,33,0,9,68,0,77,0,13,97,0,110,80,0,80,190
04/13/2010,LOU,KY,ASO,CE,Towers with Radar,0,1,22,0,23,0,20,106,2,128,0,21,128,2,151,150,0,150,301
04/14/2010,LOU,KY,ASO,CE,Towers with Radar,0,1,26,3,30,0,20,71,1,92,0,21,97,4,122,84,0,84,206
04/15/2010,LOU,KY,ASO,CE,Towers with Radar,0,2,36,0,38,0,20,134,1,155,0,22,170,1,193,124,0,124,317
04/16/2010,LOU,KY,ASO,CE,Towers with Radar,0,2,26,0,28,0,13,52,1,66,0,15,78,1,94,10,10,20,114
04/17/2010,LOU,KY,ASO,CE,Towers with Radar,0,1,24,1,26,0,20,109,5,134,0,21,133,6,160,132,2,134,294
04/18/2010,LOU,KY,ASO,CE,Towers with Radar,0,0,20,0,20,0,7,168,3,178,0,7,188,3,198,166,0,166,364
04/19/2010,LOU,KY,ASO,CE,Towers with Radar,0,2,22,0,24,0,17,91,4,112,0,19,113,4,136,108,0,108,244
04/20/2010,LOU,KY,ASO,CE,Towers with Radar,0,0,27,2,29,0,8,67,2,77,0,8,94,4,106,70,0,70,176
04/21/2010,LOU,KY,ASO,CE,Towers with Radar,0,3,48,0,51,0,17,105,0,122,0,20,153,0,173,68,0,68,241
04/22/2010,LOU,KY,ASO,CE,Towers with Radar,0,3,44,1,48,0,10,99,1,110,0,13,143,2,158,44,0,44,202
04/23/2010,LOU,KY,ASO,CE,Towers with Radar,0,4,29,0,33,0,6,19,0,25,0,10,48,0,58,8,0,8,66
04/24/2010,LOU,KY,ASO,CE,Towers with Radar,0,1,9,0,10,0,13,27,0,40,0,14,36,0,50,102,0,102,152
04/25/2010,LOU,KY,ASO,CE,Towers with Radar,0,2,12,0,14,0,2,13,0,15,0,4,25,0,29,0,0,0,29
04/26/2010,LOU,KY,ASO,CE,Towers with Radar,0,2,31,0,33,0,0,10,0,10,0,2,41,0,43,34,0,34,77
04/27/2010,LOU,KY,ASO,CE,Towers with Radar,0,0,23,0,23,0,3,43,0,46,0,3,66,0,69,76,0,76,145
04/28/2010,LOU,KY,ASO,CE,Towers with Radar,0,3,33,1,37,0,24,136,1,161,0,27,169,2,198,142,0,142,340
04/29/2010,LOU,KY,ASO,CE,Towers with Radar,0,1,50,0,51,0,14,110,0,124,0,15,160,0,175,76,0,76,251
04/30/2010,LOU,KY,ASO,CE,Towers with Radar,0,3,49,0,52,0,23,97,3,123,0,26,146,3,175,98,0,98,273
05/01/2010,LOU,KY,ASO,CE,Towers with Radar,0,4,21,0,25,0,16,38,4,58,0,20,59,4,83,74,0,74,157
05/02/2010,LOU,KY,ASO,CE,Towers with Radar,0,2,53,0,55,0,1,0,0,1,0,3,53,0,56,0,0,0,56
05/03/2010,LOU,KY,ASO,CE,Towers with Radar,0,1,40,0,41,0,9,99,4,112,0,10,139,4,153,130,0,130,283
05/04/2010,LOU,KY,ASO,CE,Towers with Radar,0,0,46,0,46,0,23,104,7,134,0,23,150,7,180,122,0,122,302
05/05/2010,LOU,KY,ASO,CE,Towers with Radar,0,0,20,0,20,0,17,78,1,96,0,17,98,1,116,66,0,66,182
05/06/2010,LOU,KY,ASO,CE,Towers with Radar,0,1,30,1,32,0,16,119,4,139,0,17,149,5,171,192,0,192,363
05/07/2010,LOU,KY,ASO,CE,Towers with Radar,0,5,25,2,32,0,9,28,1,38,0,14,53,3,70,28,0,28,98
05/08/2010,LOU,KY,ASO,CE,Towers with Radar,0,0,22,0,22,0,12,33,0,45,0,12,55,0,67,10,0,10,77
05/09/2010,LOU,KY,ASO,CE,Towers with Radar,0,0,20,3,23,0,9,125,0,134,0,9,145,3,157,166,0,166,323
05/10/2010,LOU,KY,ASO,CE,Towers with Radar,0,0,28,2,30,0,18,74,2,94,0,18,102,4,124,106,0,106,230
05/11/2010,LOU,KY,ASO,CE,Towers with Radar,0,0,18,0,18,0,10,16,4,30,0,10,34,4,48,6,0,6,54
05/12/2010,LOU,KY,ASO,CE,Towers with Radar,0,1,31,1,33,0,20,49,0,69,0,21,80,1,102,52,0,52,154
05/13/2010,LOU,KY,ASO,CE,Towers with Radar,0,1,31,1,33,0,12,43,2,57,0,13,74,3,90,34,0,34,124
05/14/2010,LOU,KY,ASO,CE,Towers with Radar,0,0,28,1,29,0,13,45,2,60,0,13,73,3,89,92,12,104,193
05/15/2010,LOU,KY,ASO,CE,Towers with Radar,0,0,20,4,24,0,7,151,1,159,0,7,171,5,183,198,4,202,385
05/16/2010,LOU,KY,ASO,CE,Towers with Radar,0,2,20,0,22,0,2,7,0,9,0,4,27,0,31,48,0,48,79
05/17/2010,LOU,KY,ASO,CE,Towers with Radar,0,0,28,0,28,0,3,1,0,4,0,3,29,0,32,4,0,4,36
05/18/2010,LOU,KY,ASO,CE,Towers with Radar,0,2,28,3,33,0,8,30,7,45,0,10,58,10,78,32,6,38,116
05/19/2010,LOU,KY,ASO,CE,Towers with Radar,0,1,41,4,46,0,12,59,0,71,0,13,100,4,117,204,0,204,321
05/20/2010,LOU,KY,ASO,CE,Towers with Radar,0,0,34,0,34,0,12,80,2,94,0,12,114,2,128,146,0,146,274
05/21/2010,LOU,KY,ASO,CE,Towers with Radar,0,2,21,2,25,0,16,30,0,46,0,18,51,2,71,112,0,112,183
05/22/2010,LOU,KY,ASO,CE,Towers with Radar,0,2,20,1,23,0,11,155,1,167,0,13,175,2,190,210,0,210,400
05/23/2010,LOU,KY,ASO,CE,Towers with Radar,0,0,24,0,24,0,8,159,2,169,0,8,183,2,193,136,0,136,329
05/24/2010,LOU,KY,ASO,CE,Towers with Radar,0,0,18,2,20,0,17,101,4,122,0,17,119,6,142,174,0,174,316
05/25/2010,LOU,KY,ASO,CE,Towers with Radar,0,1,31,0,32,0,24,118,1,143,0,25,149,1,175,210,1,211,386
05/26/2010,LOU,KY,ASO,CE,Towers with Radar,0,2,32,0,34,0,16,81,4,101,0,18,113,4,135,122,0,122,257
05/27/2010,LOU,KY,ASO,CE,Towers with Radar,0,4,25,1,30,0,6,66,6,78,0,10,91,7,108,120,0,120,228
05/28/2010,LOU,KY,ASO,CE,Towers with Radar,0,1,30,2,33,0,15,55,0,70,0,16,85,2,103,46,0,46,149
05/29/2010,LOU,KY,ASO,CE,Towers with Radar,0,1,23,0,24,0,15,130,1,146,0,16,153,1,170,146,0,146,316
05/30/2010,LOU,KY,ASO,CE,Towers with Radar,0,0,12,2,14,0,2,54,0,56,0,2,66,2,70,84,0,84,154
05/31/2010,LOU,KY,ASO,CE,Towers with Radar,0,1,32,0,33,0,7,45,0,52,0,8,77,0,85,60,0,60,145
06/01/2010,LOU,KY,ASO,CE,Towers with Radar,0,1,27,1,29,0,7,83,1,91,0,8,110,2,120,58,0,58,178
06/02/2010,LOU,KY,ASO,CE,Towers with Radar,0,1,19,2,22,0,7,79,0,86,0,8,98,2,108,82,0,82,190
06/03/2010,LOU,KY,ASO,CE,Towers with Radar,0,2,28,3,33,0,8,69,3,80,0,10,97,6,113,32,0,32,145
06/04/2010,LOU,KY,ASO,CE,Towers with Radar,0,0,30,2,32,0,13,73,8,94,0,13,103,10,126,74,0,74,200
06/05/2010,LOU,KY,ASO,CE,Towers with Radar,0,0,24,2,26,0,9,143,2,154,0,9,167,4,180,154,0,154,334
06/06/2010,LOU,KY,ASO,CE,Towers with Radar,0,0,26,0,26,0,6,54,4,64,0,6,80,4,90,44,0,44,134
06/07/2010,LOU,KY,ASO,CE,Towers with Radar,0,1,31,0,32,0,8,143,1,152,0,9,174,1,184,192,0,192,376
06/08/2010,LOU,KY,ASO,CE,Towers with Radar,0,0,16,0,16,0,6,105,1,112,0,6,121,1,128,142,0,142,270
06/09/2010,LOU,KY,ASO,CE,Towers with Radar,0,2,14,1,17,0,6,20,1,27,0,8,34,2,44,66,0,66,110
06/10/2010,LOU,KY,ASO,CE,Towers with Radar,0,4,26,3,33,3,0,0,0,3,3,4,26,3,36,106,0,106,142
06/11/2010,LOU,KY,ASO,CE,Towers with Radar,0,1,34,1,36,0,16,63,0,79,0,17,97,1,115,100,0,100,215
06/12/2010,LOU,KY,ASO,CE,Towers with Radar,0,0,18,0,18,0,20,72,0,92,0,20,90,0,110,116,0,116,226
06/13/2010,LOU,KY,ASO,CE,Towers with Radar,0,0,37,3,40,0,4,117,2,123,0,4,154,5,163,90,0,90,253
06/14/2010,LOU,KY,ASO,CE,Towers with Radar,0,4,20,1,25,0,10,126,0,136,0,14,146,1,161,80,0,80,241
06/15/2010,LOU,KY,ASO,CE,Towers with Radar,0,0,15,3,18,0,6,52,2,60,0,6,67,5,78,70,0,70,148
06/16/2010,LOU,KY,ASO,CE,Towers with Radar,0,5,35,4,44,0,19,117,2,138,0,24,152,6,182,104,0,104,286
06/17/2010,LOU,KY,ASO,CE,Towers with Radar,0,2,26,1,29,0,8,88,0,96,0,10,114,1,125,138,0,138,263
06/18/2010,LOU,KY,ASO,CE,Towers with Radar,0,1,23,2,26,0,22,85,2,109,0,23,108,4,135,78,0,78,213
06/19/2010,LOU,KY,ASO,CE,Towers with Radar,0,0,21,0,21,0,6,106,0,112,0,6,127,0,133,114,0,114,247
06/20/2010,LOU,KY,ASO,CE,Towers with Radar,0,4,28,0,32,0,17,121,6,144,0,21,149,6,176,120,0,120,296
06/21/2010,LOU,KY,ASO,CE,Towers with Radar,0,0,22,0,22,0,2,89,0,91,0,2,111,0,113,96,0,96,209
06/22/2010,LOU,KY,ASO,CE,Towers with Radar,0,2,24,0,26,0,13,71,0,84,0,15,95,0,110,64,0,64,174
06/23/2010,LOU,KY,ASO,CE,Towers with Radar,0,2,34,1,37,0,12,62,1,75,0,14,96,2,112,110,0,110,222
06/24/2010,LOU,KY,ASO,CE,Towers with Radar,0,5,31,0,36,0,7,57,0,64,0,12,88,0,100,126,0,126,226
06/25/2010,LOU,KY,ASO,CE,Towers with Radar,0,2,30,1,33,0,7,122,5,134,0,9,152,6,167,112,6,118,285
06/26/2010,LOU,KY,ASO,CE,Towers with Radar,0,0,36,0,36,0,14,124,0,138,0,14,160,0,174,88,0,88,262
06/27/2010,LOU,KY,ASO,CE,Towers with Radar,0,0,17,3,20,0,5,70,1,76,0,5,87,4,96,80,0,80,176
06/28/2010,LOU,KY,ASO,CE,Towers with Radar,0,1,19,0,20,0,2,47,0,49,0,3,66,0,69,146,0,146,215
06/29/2010,LOU,KY,ASO,CE,Towers with Radar,0,0,30,2,32,0,8,129,0,137,0,8,159,2,169,100,0,100,269
06/30/2010,LOU,KY,ASO,CE,Towers with Radar,0,0,15,2,17,0,14,155,1,170,0,14,170,3,187,206,0,206,393
07/01/2010,LOU,KY,ASO,CE,Towers with Radar,0,0,32,0,32,0,20,120,4,144,0,20,152,4,176,150,0,150,326
07/02/2010,LOU,KY,ASO,CE,Towers with Radar,0,0,24,2,26,0,18,123,1,142,0,18,147,3,168,78,0,78,246
07/03/2010,LOU,KY,ASO,CE,Towers with Radar,0,0,11,0,11,0,16,147,0,163,0,16,158,0,174,158,0,158,332
07/04/2010,LOU,KY,ASO,CE,Towers with Radar,0,0,11,0,11,0,8,62,0,70,0,8,73,0,81,80,0,80,161
07/05/2010,LOU,KY,ASO,CE,Towers with Radar,0,1,30,0,31,0,8,136,3,147,0,9,166,3,178,102,0,102,280
07/06/2010,LOU,KY,ASO,CE,Towers with Radar,0,3,24,0,27,0,9,76,0,85,0,12,100,0,112,54,0,54,166
07/07/2010,LOU,KY,ASO,CE,Towers with Radar,0,1,18,3,22,0,10,96,3,109,0,11,114,6,131,110,0,110,241
07/08/2010,LOU,KY,ASO,CE,Towers with Radar,0,0,29,2,31,0,4,55,1,60,0,4,84,3,91,54,0,54,145
07/09/2010,LOU,KY,ASO,CE,Towers with Radar,0,1,27,1,29,0,7,18,2,27,0,8,45,3,56,40,0,40,96
07/10/2010,LOU,KY,ASO,CE,Towers with Radar,0,1,19,3,23,0,0,158,1,159,0,1,177,4,182,54,0,54,236
07/11/2010,LOU,KY,ASO,CE,Towers with Radar,0,0,27,0,27,0,7,144,0,151,0,7,171,0,178,84,0,84,262
07/12/2010,LOU,KY,ASO,CE,Towers with Radar,0,2,27,2,31,0,5,80,0,85,0,7,107,2,116,138,0,138,254
07/13/2010,LOU,KY,ASO,CE,Towers with Radar,0,0,21,0,21,0,6,30,0,36,0,6,51,0,57,92,0,92,149
07/14/2010,LOU,KY,ASO,CE,Towers with Radar,0,2,29,0,31,0,11,115,2,128,0,13,144,2,159,116,0,116,275
07/15/2010,LOU,KY,ASO,CE,Towers with Radar,0,0,42,0,42,0,23,88,5,116,0,23,130,5,158,106,0,106,264
07/16/2010,LOU,KY,ASO,CE,Towers with Radar,0,4,24,0,28,0,16,98,7,121,0,20,122,7,149,58,4,62,211
07/17/2010,LOU,KY,ASO,CE,Towers with Radar,0,0,24,2,26,0,4,74,0,78,0,4,98,2,104,102,0,102,206
07/18/2010,LOU,KY,ASO,CE,Towers with Radar,0,2,33,0,35,0,0,62,2,64,0,2,95,2,99,102,0,102,201
07/19/2010,LOU,KY,ASO,CE,Towers with Radar,0,2,27,2,31,0,11,77,0,88,0,13,104,2,119,98,0,98,217
07/20/2010,LOU,KY,ASO,CE,Towers with Radar,0,2,16,0,18,0,13,51,2,66,0,15,67,2,84,18,0,18,102
07/21/2010,LOU,KY,ASO,CE,Towers with Radar,0,0,25,1,26,0,12,68,1,81,0,12,93,2,107,170,0,170,277
07/22/2010,LOU,KY,ASO,CE,Towers with Radar,0,2,26,4,32,0,12,98,2,112,0,14,124,6,144,128,0,128,272
07/23/2010,LOU,KY,ASO,CE,Towers with Radar,0,4,20,0,24,0,29,101,4,134,0,33,121,4,158,68,0,68,226
07/24/2010,LOU,KY,ASO,CE,Towers with Radar,0,2,24,0,26,0,19,140,0,159,0,21,164,0,185,94,0,94,279
07/25/2010,LOU,KY,ASO,CE,Towers with Radar,0,0,30,0,30,0,8,88,1,97,0,8,118,1,127,100,0,100,227
07/26/2010,LOU,KY,ASO,CE,Towers with Radar,0,1,28,0,29,0,5,68,0,73,0,6,96,0,102,104,0,104,206
07/27/2010,LOU,KY,ASO,CE,Towers with Radar,0,3,30,1,34,0,7,82,1,90,0,10,112,2,124,92,0,92,216
07/28/2010,LOU,KY,ASO,CE,Towers with Radar,0,2,19,0,21,0,13,98,0,111,0,15,117,0,132,146,0,146,278
07/29/2010,LOU,KY,ASO,CE,Towers with Radar,0,1,22,0,23,0,12,106,2,120,0,13,128,2,143,204,0,204,347
07/30/2010,LOU,KY,ASO,CE,Towers with Radar,0,2,26,0,28,0,24,142,1,167,0,26,168,1,195,102,0,102,297
07/31/2010,LOU,KY,ASO,CE,Towers with Radar,0,1,18,0,19,0,16,89,0,105,0,17,107,0,124,114,0,114,238
08/01/2010,LOU,KY,ASO,CE,Towers with Radar,0,2,24,0,26,0,5,99,0,104,0,7,123,0,130,94,0,94,224
08/02/2010,LOU,KY,ASO,CE,Towers with Radar,0,0,22,0,22,0,15,62,1,78,0,15,84,1,100,54,0,54,154
08/03/2010,LOU,KY,ASO,CE,Towers with Radar,0,2,33,0,35,0,12,85,1,98,0,14,118,1,133,68,0,68,201
08/04/2010,LOU,KY,ASO,CE,Towers with Radar,0,0,20,0,20,0,18,64,0,82,0,18,84,0,102,54,0,54,156
08/05/2010,LOU,KY,ASO,CE,Towers with Radar,0,1,29,2,32,0,2,65,2,69,0,3,94,4,101,94,0,94,195
08/06/2010,LOU,KY,ASO,CE,Towers with Radar,0,5,22,2,29,0,5,105,4,114,0,10,127,6,143,38,0,38,181
08/07/2010,LOU,KY,ASO,CE,Towers with Radar,0,0,25,0,25,0,19,151,4,174,0,19,176,4,199,98,0,98,297
08/08/2010,LOU,KY,ASO,CE,Towers with Radar,0,0,23,0,23,0,8,125,1,134,0,8,148,1,157,112,0,112,269
08/09/2010,LOU,KY,ASO,CE,Towers with Radar,0,1,19,0,20,0,2,85,0,87,0,3,104,0,107,72,0,72,179
08/10/2010,LOU,KY,ASO,CE,Towers with Radar,0,2,23,0,25,0,12,78,2,92,0,14,101,2,117,86,0,86,203
08/11/2010,LOU,KY,ASO,CE,Towers with Radar,0,0,25,0,25,0,0,57,0,57,0,0,82,0,82,86,0,86,168
08/12/2010,LOU,KY,ASO,CE,Towers with Radar,0,0,33,0,33,0,6,60,0,66,0,6,93,0,99,124,0,124,223
08/13/2010,LOU,KY,ASO,CE,Towers with Radar,0,3,18,2,23,0,14,83,3,100,0,17,101,5,123,56,8,64,187
08/14/2010,LOU,KY,ASO,CE,Towers with Radar,0,3,12,0,15,0,11,83,0,94,0,14,95,0,109,98,0,98,207
08/15/2010,LOU,KY,ASO,CE,Towers with Radar,0,2,32,1,35,0,11,83,1,95,0,13,115,2,130,58,0,58,188
08/16/2010,LOU,KY,ASO,CE,Towers with Radar,0,0,19,2,21,0,13,94,2,109,0,13,113,4,130,94,0,94,224
08/17/2010,LOU,KY,ASO,CE,Towers with Radar,0,1,27,5,33,0,19,109,3,131,0,20,136,8,164,84,0,84,248
08/18/2010,LOU,KY,ASO,CE,Towers with Radar,0,2,34,0,36,0,13,77,0,90,0,15,111,0,126,48,0,48,174
08/19/2010,LOU,KY,ASO,CE,Towers with Radar,0,2,42,0,44,0,0,0,0,0,0,2,42,0,44,30,0,30,74
08/20/2010,LOU,KY,ASO,CE,Towers with Radar,0,2,38,2,42,0,8,105,3,116,0,10,143,5,158,74,0,74,232
08/21/2010,LOU,KY,ASO,CE,Towers with Radar,0,1,10,0,11,0,10,48,0,58,0,11,58,0,69,74,0,74,143
08/22/2010,LOU,KY,ASO,CE,Towers with Radar,0,1,17,0,18,0,8,179,1,188,0,9,196,1,206,122,0,122,328
08/23/2010,LOU,KY,ASO,CE,Towers with Radar,0,1,38,0,39,0,3,87,0,90,0,4,125,0,129,40,0,40,169
08/24/2010,LOU,KY,ASO,CE,Towers with Radar,0,1,36,0,37,0,19,89,2,110,0,20,125,2,147,18,0,18,165
08/25/2010,LOU,KY,ASO,CE,Towers with Radar,0,1,35,2,38,0,18,86,4,108,0,19,121,6,146,38,0,38,184
08/26/2010,LOU,KY,ASO,CE,Towers with Radar,0,1,28,6,35,0,19,132,1,152,0,20,160,7,187,86,0,86,273
08/27/2010,LOU,KY,ASO,CE,Towers with Radar,0,4,35,0,39,0,18,115,0,133,0,22,150,0,172,110,0,110,282
08/28/2010,LOU,KY,ASO,CE,Towers with Radar,0,0,17,1,18,0,18,155,1,174,0,18,172,2,192,100,0,100,292
08/29/2010,LOU,KY,ASO,CE,Towers with Radar,0,2,24,0,26,0,6,130,0,136,0,8,154,0,162,110,0,110,272
08/30/2010,LOU,KY,ASO,CE,Towers with Radar,0,5,27,0,32,0,18,72,0,90,0,23,99,0,122,34,0,34,156
08/31/2010,LOU,KY,ASO,CE,Towers with Radar,0,2,21,1,24,0,11,93,0,104,0,13,114,1,128,64,0,64,192
09/01/2010,LOU,KY,ASO,CE,Towers with Radar,0,0,20,0,20,0,10,66,2,78,0,10,86,2,98,90,0,90,188
09/02/2010,LOU,KY,ASO,CE,Towers with Radar,0,2,28,0,30,0,11,75,2,88,0,13,103,2,118,56,0,56,174
09/03/2010,LOU,KY,ASO,CE,Towers with Radar,0,1,36,2,39,0,14,46,0,60,0,15,82,2,99,70,0,70,169
09/04/2010,LOU,KY,ASO,CE,Towers with Radar,0,0,21,0,21,0,18,129,1,148,0,18,150,1,169,172,0,172,341
09/05/2010,LOU,KY,ASO,CE,Towers with Radar,0,2,19,0,21,0,2,120,0,122,0,4,139,0,143,24,0,24,167
09/06/2010,LOU,KY,ASO,CE,Towers with Radar,0,1,32,2,35,0,8,117,0,125,0,9,149,2,160,136,0,136,296
09/07/2010,LOU,KY,ASO,CE,Towers with Radar,0,0,30,2,32,0,10,44,2,56,0,10,74,4,88,76,6,82,170
09/08/2010,LOU,KY,ASO,CE,Towers with Radar,0,5,35,1,41,0,2,91,0,93,0,7,126,1,134,88,0,88,222
09/09/2010,LOU,KY,ASO,CE,Towers with Radar,0,1,30,0,31,0,9,90,3,102,0,10,120,3,133,122,0,122,255
09/10/2010,LOU,KY,ASO,CE,Towers with Radar,0,0,26,0,26,0,8,31,2,41,0,8,57,2,67,72,0,72,139
09/11/2010,LOU,KY,ASO,CE,Towers with Radar,0,0,21,0,21,0,3,41,0,44,0,3,62,0,65,40,0,40,105
09/12/2010,LOU,KY,ASO,CE,Towers with Radar,0,0,21,1,22,0,17,146,0,163,0,17,167,1,185,84,0,84,269
09/13/2010,LOU,KY,ASO,CE,Towers with Radar,0,0,22,3,25,0,8,87,0,95,0,8,109,3,120,152,0,152,272
09/14/2010,LOU,KY,ASO,CE,Towers with Radar,0,2,32,2,36,0,3,105,1,109,0,5,137,3,145,110,4,114,259
09/15/2010,LOU,KY,ASO,CE,Towers with Radar,0,1,34,2,37,0,14,117,0,131,0,15,151,2,168,80,0,80,248
09/16/2010,LOU,KY,ASO,CE,Towers with Radar,0,1,25,0,26,0,16,32,0,48,0,17,57,0,74,24,0,24,98
09/17/2010,LOU,KY,ASO,CE,Towers with Radar,0,1,44,0,45,0,11,93,2,106,0,12,137,2,151,92,0,92,243
09/18/2010,LOU,KY,ASO,CE,Towers with Radar,0,0,19,0,19,0,0,178,4,182,0,0,197,4,201,202,0,202,403
09/19/2010,LOU,KY,ASO,CE,Towers with Radar,0,0,29,0,29,0,2,110,0,112,0,2,139,0,141,126,0,126,267
09/20/2010,LOU,KY,ASO,CE,Towers with Radar,0,2,24,0,26,0,12,77,0,89,0,14,101,0,115,162,0,162,277
09/21/2010,LOU,KY,ASO,CE,Towers with Radar,0,4,36,0,40,0,5,72,1,78,0,9,108,1,118,66,8,74,192
09/22/2010,LOU,KY,ASO,CE,Towers with Radar,0,1,26,0,27,0,17,56,0,73,0,18,82,0,100,88,0,88,188
09/23/2010,LOU,KY,ASO,CE,Towers with Radar,0,2,29,3,34,0,11,77,4,92,0,13,106,7,126,4,0,4,130
09/24/2010,LOU,KY,ASO,CE,Towers with Radar,0,0,27,0,27,0,19,50,0,69,0,19,77,0,96,74,0,74,170
09/25/2010,LOU,KY,ASO,CE,Towers with Radar,0,1,31,0,32,0,21,219,1,241,0,22,250,1,273,106,0,106,379
09/26/2010,LOU,KY,ASO,CE,Towers with Radar,0,2,39,0,41,0,11,130,4,145,0,13,169,4,186,108,0,108,294
09/27/2010,LOU,KY,ASO,CE,Towers with Radar,0,2,28,0,30,0,6,55,0,61,0,8,83,0,91,52,0,52,143
09/28/2010,LOU,KY,ASO,CE,Towers with Radar,0,1,34,1,36,0,4,82,1,87,0,5,116,2,123,114,4,118,241
09/29/2010,LOU,KY,ASO,CE,Towers with Radar,0,4,24,2,30,0,11,84,2,97,0,15,108,4,127,54,0,54,181
09/30/2010,LOU,KY,ASO,CE,Towers with Radar,0,6,22,0,28,0,23,103,0,126,0,29,125,0,154,82,0,82,236
10/01/2010,LOU,KY,ASO,CE,Towers with Radar,0,1,38,1,40,0,15,154,0,169,0,16,192,1,209,168,0,168,377
10/02/2010,LOU,KY,ASO,CE,Towers with Radar,0,0,30,0,30,0,10,100,4,114,0,10,130,4,144,84,0,84,228
10/03/2010,LOU,KY,ASO,CE,Towers with Radar,0,2,42,0,44,0,18,74,0,92,0,20,116,0,136,38,0,38,174
10/04/2010,LOU,KY,ASO,CE,Towers with Radar,0,1,28,2,31,0,6,54,2,62,0,7,82,4,93,52,22,74,167
10/05/2010,LOU,KY,ASO,CE,Towers with Radar,0,1,36,2,39,0,6,81,1,88,0,7,117,3,127,134,0,134,261
10/06/2010,LOU,KY,ASO,CE,Towers with Radar,0,0,29,0,29,0,9,76,0,85,0,9,105,0,114,86,0,86,200
10/07/2010,LOU,KY,ASO,CE,Towers with Radar,0,4,28,0,32,0,6,93,0,99,0,10,121,0,131,60,0,60,191
10/08/2010,LOU,KY,ASO,CE,Towers with Radar,0,0,47,2,49,0,21,112,0,133,0,21,159,2,182,116,2,118,300
10/09/2010,LOU,KY,ASO,CE,Towers with Radar,0,1,32,0,33,0,11,147,2,160,0,12,179,2,193,224,0,224,417
10/10/2010,LOU,KY,ASO,CE,Towers with Radar,0,2,39,0,41,0,10,145,0,155,0,12,184,0,196,182,0,182,378
10/11/2010,LOU,KY,ASO,CE,Towers with Radar,0,2,27,0,29,0,17,101,0,118,0,19,128,0,147,154,0,154,301
10/12/2010,LOU,KY,ASO,CE,Towers with Radar,0,1,28,1,30,0,7,90,1,98,0,8,118,2,128,136,0,136,264
10/13/2010,LOU,KY,ASO,CE,Towers with Radar,0,1,23,0,24,0,11,68,0,79,0,12,91,0,103,36,0,36,139
10/14/2010,LOU,KY,ASO,CE,Towers with Radar,0,1,46,0,47,0,11,86,2,99,0,12,132,2,146,76,0,76,222
10/15/2010,LOU,KY,ASO,CE,Towers with Radar,0,6,28,0,34,0,5,86,2,93,0,11,114,2,127,42,0,42,169
10/16/2010,LOU,KY,ASO,CE,Towers with Radar,0,0,25,0,25,0,19,128,3,150,0,19,153,3,175,98,0,98,273
10/17/2010,LOU,KY,ASO,CE,Towers with Radar,0,0,35,0,35,0,15,118,2,135,0,15,153,2,170,132,0,132,302
10/18/2010,LOU,KY,ASO,CE,Towers with Radar,0,1,20,1,22,0,12,73,2,87,0,13,93,3,109,70,0,70,179
10/19/2010,LOU,KY,ASO,CE,Towers with Radar,0,2,21,0,23,0,3,71,0,74,0,5,92,0,97,92,0,92,189
10/20/2010,LOU,KY,ASO,CE,Towers with Radar,0,0,30,1,31,0,13,77,1,91,0,13,107,2,122,58,0,58,180
10/21/2010,LOU,KY,ASO,CE,Towers with Radar,0,1,29,0,30,0,22,94,2,118,0,23,123,2,148,158,0,158,306
10/22/2010,LOU,KY,ASO,CE,Towers with Radar,0,2,28,0,30,0,15,103,0,118,0,17,131,0,148,36,0,36,184
10/23/2010,LOU,KY,ASO,CE,Towers with Radar,0,1,30,0,31,0,15,119,0,134,0,16,149,0,165,46,0,46,211
10/24/2010,LOU,KY,ASO,CE,Towers with Radar,0,0,19,0,19,0,17,66,0,83,0,17,85,0,102,42,0,42,144
10/25/2010,LOU,KY,ASO,CE,Towers with Radar,0,2,12,0,14,0,5,29,0,34,0,7,41,0,48,8,0,8,56
10/26/2010,LOU,KY,ASO,CE,Towers with Radar,0,2,9,0,11,0,7,20,0,27,0,9,29,0,38,2,0,2,40
10/27/2010,LOU,KY,ASO,CE,Towers with Radar,0,2,27,0,29,0,15,77,0,92,0,17,104,0,121,58,0,58,179
10/28/2010,LOU,KY,ASO,CE,Towers with Radar,0,0,31,3,34,0,26,76,4,106,0,26,107,7,140,106,10,116,256
10/29/2010,LOU,KY,ASO,CE,Towers with Radar,0,0,38,2,40,0,13,108,4,125,0,13,146,6,165,130,0,130,295
10/30/2010,LOU,KY,ASO,CE,Towers with Radar,0,2,16,0,18,0,8,215,0,223,0,10,231,0,241,72,0,72,313
10/31/2010,LOU,KY,ASO,CE,Towers with Radar,0,0,30,0,30,0,17,102,0,119,0,17,132,0,149,108,0,108,257
11/01/2010,LOU,KY,ASO,CE,Towers with Radar,0,0,19,0,19,0,14,79,0,93,0,14,98,0,112,108,0,108,220
11/02/2010,LOU,KY,ASO,CE,Towers with Radar,0,2,31,0,33,0,15,84,2,101,0,17,115,2,134,82,0,82,216
11/03/2010,LOU,KY,ASO,CE,Towers with Radar,0,4,26,0,30,0,13,61,0,74,0,17,87,0,104,98,0,98,202
11/04/2010,LOU,KY,ASO,CE,Towers with Radar,0,3,32,0,35,0,6,42,1,49,0,9,74,1,84,30,0,30,114
11/05/2010,LOU,KY,ASO,CE,Towers with Radar,0,3,27,2,32,0,17,65,0,82,0,20,92,2,114,74,0,74,188
11/06/2010,LOU,KY,ASO,CE,Towers with Radar,0,0,21,0,21,0,17,130,1,148,0,17,151,1,169,142,0,142,311
11/07/2010,LOU,KY,ASO,CE,Towers with Radar,0,1,33,0,34,0,8,161,0,169,0,9,194,0,203,62,0,62,265
11/08/2010,LOU,KY,ASO,CE,Towers with Radar,0,3,21,1,25,0,15,78,1,94,0,18,99,2,119,78,0,78,197
11/09/2010,LOU,KY,ASO,CE,Towers with Radar,0,2,16,0,18,0,7,118,0,125,0,9,134,0,143,162,0,162,305
11/10/2010,LOU,KY,ASO,CE,Towers with Radar,0,3,26,0,29,0,22,103,0,125,0,25,129,0,154,72,0,72,226
11/11/2010,LOU,KY,ASO,CE,Towers with Radar,0,0,43,1,44,0,11,125,5,141,0,11,168,6,185,170,8,178,363
11/12/2010,LOU,KY,ASO,CE,Towers with Radar,0,1,44,0,45,0,13,116,0,129,0,14,160,0,174,144,0,144,318
11/13/2010,LOU,KY,ASO,CE,Towers with Radar,0,0,18,1,19,0,10,86,2,98,0,10,104,3,117,80,0,80,197
11/14/2010,LOU,KY,ASO,CE,Towers with Radar,0,0,30,0,30,0,3,119,0,122,0,3,149,0,152,116,0,116,268
11/15/2010,LOU,KY,ASO,CE,Towers with Radar,0,3,27,0,30,0,9,70,3,82,0,12,97,3,112,82,0,82,194
11/16/2010,LOU,KY,ASO,CE,Towers with Radar,0,5,26,0,31,0,0,1,0,1,0,5,27,0,32,2,0,2,34
11/17/2010,LOU,KY,ASO,CE,Towers with Radar,0,0,45,0,45,0,14,39,0,53,0,14,84,0,98,80,0,80,178
11/18/2010,LOU,KY,ASO,CE,Towers with Radar,0,1,30,0,31,0,8,2,0,10,0,9,32,0,41,2,0,2,43
11/19/2010,LOU,KY,ASO,CE,Towers with Radar,0,2,41,0,43,0,16,91,0,107,0,18,132,0,150,44,0,44,194
11/20/2010,LOU,KY,ASO,CE,Towers with Radar,0,4,27,1,32,0,16,152,1,169,0,20,179,2,201,270,0,270,471
11/21/2010,LOU,KY,ASO,CE,Towers with Radar,0,2,16,0,18,0,5,130,1,136,0,7,146,1,154,50,0,50,204
11/22/2010,LOU,KY,ASO,CE,Towers with Radar,0,0,16,0,16,0,9,20,0,29,0,9,36,0,45,8,0,8,53
11/23/2010,LOU,KY,ASO,CE,Towers with Radar,0,0,31,2,33,0,12,60,0,72,0,12,91,2,105,70,0,70,175
11/24/2010,LOU,KY,ASO,CE,Towers with Radar,0,1,24,0,25,0,0,4,2,6,0,1,28,2,31,2,0,2,33
11/25/2010,LOU,KY,ASO,CE,Towers with Radar,0,0,4,0,4,0,0,1,0,1,0,0,5,0,5,2,0,2,7
11/26/2010,LOU,KY,ASO,CE,Towers with Radar,0,0,18,0,18,0,6,66,6,78,0,6,84,6,96,28,0,28,124
11/27/2010,LOU,KY,ASO,CE,Towers with Radar,0,0,29,0,29,0,5,109,0,114,0,5,138,0,143,104,0,104,247
11/28/2010,LOU,KY,ASO,CE,Towers with Radar,0,0,48,0,48,0,6,155,0,161,0,6,203,0,209,146,0,146,355
11/29/2010,LOU,KY,ASO,CE,Towers with Radar,0,4,29,1,34,0,16,64,1,81,0,20,93,2,115,90,0,90,205
11/30/2010,LOU,KY,ASO,CE,Towers with Radar,0,1,18,0,19,0,1,2,0,3,0,2,20,0,22,18,0,18,40
12/01/2010,LOU,KY,ASO,CE,Towers with Radar,0,2,26,0,28,0,2,14,0,16,0,4,40,0,44,4,0,4,48
12/02/2010,LOU,KY,ASO,CE,Towers with Radar,0,2,28,0,30,0,4,21,0,25,0,6,49,0,55,48,0,48,103
12/03/2010,LOU,KY,ASO,CE,Towers with Radar,0,1,37,3,41,0,12,92,0,104,0,13,129,3,145,204,2,206,351
12/04/2010,LOU,KY,ASO,CE,Towers with Radar,0,1,1,0,2,0,0,0,0,0,0,1,1,0,2,0,0,0,2
12/05/2010,LOU,KY,ASO,CE,Towers with Radar,0,2,13,0,15,0,3,30,0,33,0,5,43,0,48,26,0,26,74
12/06/2010,LOU,KY,ASO,CE,Towers with Radar,0,0,27,0,27,0,13,25,0,38,0,13,52,0,65,52,0,52,117
12/07/2010,LOU,KY,ASO,CE,Towers with Radar,0,2,17,0,19,0,7,63,0,70,0,9,80,0,89,88,2,90,179
12/08/2010,LOU,KY,ASO,CE,Towers with Radar,0,0,24,0,24,0,9,66,1,76,0,9,90,1,100,86,0,86,186
12/09/2010,LOU,KY,ASO,CE,Towers with Radar,0,0,35,2,37,0,9,73,4,86,0,9,108,6,123,40,0,40,163
12/10/2010,LOU,KY,ASO,CE,Towers with Radar,0,0,16,1,17,0,1,106,3,110,0,1,122,4,127,134,0,134,261
12/11/2010,LOU,KY,ASO,CE,Towers with Radar,0,0,6,0,6,0,0,43,0,43,0,0,49,0,49,58,0,58,107
12/12/2010,LOU,KY,ASO,CE,Towers with Radar,0,0,9,0,9,0,4,0,0,4,0,4,9,0,13,0,0,0,13
12/13/2010,LOU,KY,ASO,CE,Towers with Radar,0,1,20,1,22,0,7,7,1,15,0,8,27,2,37,4,0,4,41
12/14/2010,LOU,KY,ASO,CE,Towers with Radar,0,0,20,0,20,0,4,49,0,53,0,4,69,0,73,72,0,72,145
12/15/2010,LOU,KY,ASO,CE,Towers with Radar,0,4,17,0,21,0,6,44,0,50,0,10,61,0,71,54,0,54,125
12/16/2010,LOU,KY,ASO,CE,Towers with Radar,0,0,5,0,5,0,0,0,0,0,0,0,5,0,5,0,0,0,5
12/17/2010,LOU,KY,ASO,CE,Towers with Radar,0,4,14,0,18,0,5,2,0,7,0,9,16,0,25,2,0,2,27
12/18/2010,LOU,KY,ASO,CE,Towers with Radar,0,0,13,0,13,0,3,23,0,26,0,3,36,0,39,58,0,58,97
12/19/2010,LOU,KY,ASO,CE,Towers with Radar,0,0,11,0,11,0,0,64,2,66,0,0,75,2,77,202,0,202,279
12/20/2010,LOU,KY,ASO,CE,Towers with Radar,0,2,17,0,19,0,6,41,0,47,0,8,58,0,66,52,0,52,118
12/21/2010,LOU,KY,ASO,CE,Towers with Radar,0,0,21,0,21,0,3,1,0,4,0,3,22,0,25,26,0,26,51
12/22/2010,LOU,KY,ASO,CE,Towers with Radar,0,0,24,1,25,0,0,24,2,26,0,0,48,3,51,68,0,68,119
12/23/2010,LOU,KY,ASO,CE,Towers with Radar,0,1,22,0,23,0,4,91,2,97,0,5,113,2,120,78,0,78,198
12/24/2010,LOU,KY,ASO,CE,Towers with Radar,0,0,5,0,5,0,3,31,0,34,0,3,36,0,39,46,0,46,85
12/25/2010,LOU,KY,ASO,CE,Towers with Radar,0,0,1,0,1,0,0,4,0,4,0,0,5,0,5,0,0,0,5
12/26/2010,LOU,KY,ASO,CE,Towers with Radar,0,0,15,0,15,0,1,11,0,12,0,1,26,0,27,6,0,6,33
12/27/2010,LOU,KY,ASO,CE,Towers with Radar,0,0,17,1,18,0,5,32,5,42,0,5,49,6,60,42,0,42,102
12/28/2010,LOU,KY,ASO,CE,Towers with Radar,0,2,22,1,25,0,10,64,8,82,0,12,86,9,107,104,0,104,211
12/29/2010,LOU,KY,ASO,CE,Towers with Radar,0,5,19,1,25,0,2,33,5,40,0,7,52,6,65,58,0,58,123
12/30/2010,LOU,KY,ASO,CE,Towers with Radar,0,0,22,0,22,0,3,43,0,46,0,3,65,0,68,68,0,68,136
12/31/2010,LOU,KY,ASO,CE,Towers with Radar,0,4,13,0,17,0,8,20,0,28,0,12,33,0,45,12,0,12,57
01/01/2011,LOU,KY,ASO,CE,Towers with Radar,0,0,9,0,9,0,2,44,0,46,0,2,53,0,55,70,0,70,125
01/02/2011,LOU,KY,ASO,CE,Towers with Radar,0,0,11,0,11,0,4,122,0,126,0,4,133,0,137,102,0,102,239
01/03/2011,LOU,KY,ASO,CE,Towers with Radar,0,0,18,0,18,0,15,80,2,97,0,15,98,2,115,172,0,172,287
01/04/2011,LOU,KY,ASO,CE,Towers with Radar,0,0,24,1,25,0,5,75,0,80,0,5,99,1,105,82,0,82,187
01/05/2011,LOU,KY,ASO,CE,Towers with Radar,0,0,18,0,18,0,9,70,0,79,0,9,88,0,97,54,0,54,151
01/06/2011,LOU,KY,ASO,CE,Towers with Radar,0,0,20,0,20,0,17,62,0,79,0,17,82,0,99,76,0,76,175
01/07/2011,LOU,KY,ASO,CE,Towers with Radar,0,2,11,0,13,0,2,5,0,7,0,4,16,0,20,64,0,64,84
01/08/2011,LOU,KY,ASO,CE,Towers with Radar,0,1,13,0,14,0,4,35,0,39,0,5,48,0,53,56,0,56,109
01/09/2011,LOU,KY,ASO,CE,Towers with Radar,0,0,15,0,15,0,0,82,0,82,0,0,97,0,97,42,0,42,139
01/10/2011,LOU,KY,ASO,CE,Towers with Radar,0,2,7,0,9,0,4,38,2,44,0,6,45,2,53,26,0,26,79
01/11/2011,LOU,KY,ASO,CE,Towers with Radar,0,0,0,0,0,0,2,0,0,2,0,2,0,0,2,2,0,2,4
01/12/2011,LOU,KY,ASO,CE,Towers with Radar,0,0,8,0,8,0,12,3,0,15,0,12,11,0,23,8,0,8,31
01/13/2011,LOU,KY,ASO,CE,Towers with Radar,0,1,22,0,23,0,5,34,0,39,0,6,56,0,62,144,0,144,206
01/14/2011,LOU,KY,ASO,CE,Towers with Radar,0,2,21,0,23,0,14,68,0,82,0,16,89,0,105,56,0,56,161
01/15/2011,LOU,KY,ASO,CE,Towers with Radar,0,2,11,0,13,0,3,71,3,77,0,5,82,3,90,68,0,68,158
01/16/2011,LOU,KY,ASO,CE,Towers with Radar,0,3,18,0,21,0,0,48,0,48,0,3,66,0,69,74,0,74,143
01/17/2011,LOU,KY,ASO,CE,Towers with Radar,0,0,6,0,6,0,3,16,0,19,0,3,22,0,25,50,0,50,75
01/18/2011,LOU,KY,ASO,CE,Towers with Radar,0,0,14,0,14,0,0,0,0,0,0,0,14,0,14,0,0,0,14
01/19/2011,LOU,KY,ASO,CE,Towers with Radar,0,0,17,0,17,0,3,2,0,5,0,3,19,0,22,4,0,4,26
01/20/2011,LOU,KY,ASO,CE,Towers with Radar,0,0,8,0,8,0,1,0,0,1,0,1,8,0,9,2,0,2,11
01/21/2011,LOU,KY,ASO,CE,Towers with Radar,0,3,19,0,22,0,13,25,0,38,0,16,44,0,60,60,0,60,120
01/22/2011,LOU,KY,ASO,CE,Towers with Radar,0,0,10,2,12,0,2,50,0,52,0,2,60,2,64,84,0,84,148
01/23/2011,LOU,KY,ASO,CE,Towers with Radar,0,1,12,0,13,0,0,42,0,42,0,1,54,0,55,116,0,116,171
01/24/2011,LOU,KY,ASO,CE,Towers with Radar,0,2,10,0,12,0,3,22,0,25,0,5,32,0,37,76,0,76,113
01/25/2011,LOU,KY,ASO,CE,Towers with Radar,0,0,28,0,28,0,4,22,2,28,0,4,50,2,56,70,0,70,126
01/26/2011,LOU,KY,ASO,CE,Towers with Radar,0,3,12,0,15,0,3,3,0,6,0,6,15,0,21,4,0,4,25
01/27/2011,LOU,KY,ASO,CE,Towers with Radar,0,1,25,0,26,0,7,24,0,31,0,8,49,0,57,74,0,74,131
01/28/2011,LOU,KY,ASO,CE,Towers with Radar,0,4,22,2,28,0,4,58,0,62,0,8,80,2,90,148,0,148,238
01/29/2011,LOU,KY,ASO,CE,Towers with Radar,0,2,15,0,17,0,3,142,2,147,0,5,157,2,164,212,0,212,376
01/30/2011,LOU,KY,ASO,CE,Towers with Radar,0,0,21,1,22,0,0,126,0,126,0,0,147,1,148,138,0,138,286
01/31/2011,LOU,KY,ASO,CE,Towers with Radar,0,1,8,0,9,0,1,24,1,26,0,2,32,1,35,80,0,80,115
02/01/2011,LOU,KY,ASO,CE,Towers with Radar,0,0,2,0,2,0,0,0,0,0,0,0,2,0,2,0,0,0,2
02/02/2011,LOU,KY,ASO,CE,Towers with Radar,0,0,5,0,5,0,9,4,0,13,0,9,9,0,18,6,0,6,24
02/03/2011,LOU,KY,ASO,CE,Towers with Radar,0,0,20,0,20,0,7,63,0,70,0,7,83,0,90,98,0,98,188
02/04/2011,LOU,KY,ASO,CE,Towers with Radar,0,0,12,1,13,0,9,86,1,96,0,9,98,2,109,86,0,86,195
02/05/2011,LOU,KY,ASO,CE,Towers with Radar,0,2,8,0,10,0,0,2,0,2,0,2,10,0,12,0,0,0,12
02/06/2011,LOU,KY,ASO,CE,Towers with Radar,0,0,7,0,7,0,1,79,0,80,0,1,86,0,87,102,0,102,189
02/07/2011,LOU,KY,ASO,CE,Towers with Radar,0,0,11,0,11,0,0,1,0,1,0,0,12,0,12,0,0,0,12
02/08/2011,LOU,KY,ASO,CE,Towers with Radar,0,4,17,0,21,0,7,19,0,26,0,11,36,0,47,28,0,28,75
02/09/2011,LOU,KY,ASO,CE,Towers with Radar,0,0,17,0,17,0,3,14,0,17,0,3,31,0,34,28,0,28,62
02/10/2011,LOU,KY,ASO,CE,Towers with Radar,0,0,19,0,19,0,7,53,1,61,0,7,72,1,80,78,0,78,158
02/11/2011,LOU,KY,ASO,CE,Towers with Radar,0,1,35,0,36,0,5,54,0,59,0,6,89,0,95,44,0,44,139
02/12/2011,LOU,KY,ASO,CE,Towers with Radar,0,1,15,0,16,0,1,109,2,112,0,2,124,2,128,158,0,158,286
02/13/2011,LOU,KY,ASO,CE,Towers with Radar,0,1,12,0,13,0,4,80,0,84,0,5,92,0,97,56,0,56,153
02/14/2011,LOU,KY,ASO,CE,Towers with Radar,0,0,19,0,19,0,13,35,0,48,0,13,54,0,67,28,0,28,95
02/15/2011,LOU,KY,ASO,CE,Towers with Radar,0,2,36,3,41,0,14,108,6,128,0,16,144,9,169,322,0,322,491
02/16/2011,LOU,KY,ASO,CE,Towers with Radar,0,2,33,0,35,0,15,42,0,57,0,17,75,0,92,68,0,68,160
02/17/2011,LOU,KY,ASO,CE,Towers with Radar,0,4,31,0,35,0,7,22,0,29,0,11,53,0,64,28,0,28,92
02/18/2011,LOU,KY,ASO,CE,Towers with Radar,0,3,32,0,35,0,11,80,0,91,0,14,112,0,126,16,0,16,142
02/19/2011,LOU,KY,ASO,CE,Towers with Radar,0,0,24,0,24,0,3,176,9,188,0,3,200,9,212,178,10,188,400
02/20/2011,LOU,KY,ASO,CE,Towers with Radar,0,0,17,0,17,0,5,55,0,60,0,5,72,0,77,118,0,118,195
02/21/2011,LOU,KY,ASO,CE,Towers with Radar,0,2,12,0,14,0,4,7,0,11,0,6,19,0,25,6,0,6,31
02/22/2011,LOU,KY,ASO,CE,Towers with Radar,0,3,27,0,30,0,3,1,0,4,0,6,28,0,34,98,0,98,132
02/23/2011,LOU,KY,ASO,CE,Towers with Radar,0,1,23,3,27,0,18,98,2,118,0,19,121,5,145,256,0,256,401
02/24/2011,LOU,KY,ASO,CE,Towers with Radar,0,0,12,0,12,0,1,2,0,3,0,1,14,0,15,6,0,6,21
02/25/2011,LOU,KY,ASO,CE,Towers with Radar,0,0,18,0,18,0,6,16,1,23,0,6,34,1,41,74,0,74,115
02/26/2011,LOU,KY,ASO,CE,Towers with Radar,0,2,8,0,10,0,4,103,0,107,0,6,111,0,117,208,0,208,325
02/27/2011,LOU,KY,ASO,CE,Towers with Radar,0,1,10,0,11,0,1,58,0,59,0,2,68,0,70,180,0,180,250
02/28/2011,LOU,KY,ASO,CE,Towers with Radar,0,2,6,0,8,0,10,7,0,17,0,12,13,0,25,22,0,22,47
03/01/2011,LOU,KY,ASO,CE,Towers with Radar,0,0,22,0,22,0,5,92,0,97,0,5,114,0,119,130,0,130,249
03/02/2011,LOU,KY,ASO,CE,Towers with Radar,0,3,28,0,31,0,8,105,0,113,0,11,133,0,144,216,0,216,360
03/03/2011,LOU,KY,ASO,CE,Towers with Radar,0,2,39,0,41,0,6,104,0,110,0,8,143,0,151,174,0,174,325
03/04/2011,LOU,KY,ASO,CE,Towers with Radar,0,1,29,0,30,0,12,11,0,23,0,13,40,0,53,20,0,20,73
03/05/2011,LOU,KY,ASO,CE,Towers with Radar,0,0,12,0,12,0,2,9,0,11,0,2,21,0,23,14,0,14,37
03/06/2011,LOU,KY,ASO,CE,Towers with Radar,0,0,22,0,22,0,2,70,0,72,0,2,92,0,94,112,0,112,206
03/07/2011,LOU,KY,ASO,CE,Towers with Radar,0,0,35,0,35,0,8,51,0,59,0,8,86,0,94,130,0,130,224
03/08/2011,LOU,KY,ASO,CE,Towers with Radar,0,3,21,1,25,0,12,83,2,97,0,15,104,3,122,114,0,114,236
03/09/2011,LOU,KY,ASO,CE,Towers with Radar,0,3,23,0,26,0,7,0,0,7,0,10,23,0,33,6,0,6,39
03/10/2011,LOU,KY,ASO,CE,Towers with Radar,0,20,0,0,20,0,10,7,0,17,0,30,7,0,37,6,0,6,43
03/11/2011,LOU,KY,ASO,CE,Towers with Radar,0,1,38,0,39,0,26,108,0,134,0,27,146,0,173,104,0,104,277
03/12/2011,LOU,KY,ASO,CE,Towers with Radar,0,0,17,0,17,0,5,91,1,97,0,5,108,1,114,106,6,112,226
03/13/2011,LOU,KY,ASO,CE,Towers with Radar,0,2,19,0,21,0,4,171,2,177,0,6,190,2,198,210,0,210,408
03/14/2011,LOU,KY,ASO,CE,Towers with Radar,0,0,10,0,10,0,10,10,0,20,0,10,20,0,30,4,0,4,34
03/15/2011,LOU,KY,ASO,CE,Towers with Radar,0,2,19,0,21,0,9,1,0,10,0,11,20,0,31,34,0,34,65
03/16/2011,LOU,KY,ASO,CE,Towers with Radar,0,2,19,0,21,0,7,77,1,85,0,9,96,1,106,200,0,200,306
03/17/2011,LOU,KY,ASO,CE,Towers with Radar,0,0,22,0,22,0,12,98,3,113,0,12,120,3,135,160,0,160,295
03/18/2011,LOU,KY,ASO,CE,Towers with Radar,0,3,29,0,32,0,9,90,0,99,0,12,119,0,131,178,0,178,309
03/19/2011,LOU,KY,ASO,CE,Towers with Radar,0,0,28,0,28,0,0,206,0,206,0,0,234,0,234,228,0,228,462
03/20/2011,LOU,KY,ASO,CE,Towers with Radar,0,0,24,0,24,0,1,135,4,140,0,1,159,4,164,110,0,110,274
03/21/2011,LOU,KY,ASO,CE,Towers with Radar,0,0,12,0,12,0,22,50,0,72,0,22,62,0,84,82,0,82,166
03/22/2011,LOU,KY,ASO,CE,Towers with Radar,0,2,18,2,22,0,13,93,4,110,0,15,111,6,132,50,0,50,182
03/23/2011,LOU,KY,ASO,CE,Towers with Radar,0,10,0,0,10,0,14,16,0,30,0,24,16,0,40,20,0,20,60
03/24/2011,LOU,KY,ASO,CE,Towers with Radar,0,0,30,1,31,0,8,27,1,36,0,8,57,2,67,112,0,112,179
03/25/2011,LOU,KY,ASO,CE,Towers with Radar,0,0,14,0,14,0,7,51,4,62,0,7,65,4,76,104,0,104,180
03/26/2011,LOU,KY,ASO,CE,Towers with Radar,0,0,7,0,7,0,1,74,0,75,0,1,81,0,82,134,0,134,216
03/27/2011,LOU,KY,ASO,CE,Towers with Radar,0,0,15,0,15,0,5,102,2,109,0,5,117,2,124,230,0,230,354
03/28/2011,LOU,KY,ASO,CE,Towers with Radar,0,0,15,0,15,0,3,97,4,104,0,3,112,4,119,236,0,236,355
03/29/2011,LOU,KY,ASO,CE,Towers with Radar,0,1,15,0,16,0,13,62,1,76,0,14,77,1,92,134,0,134,226
03/30/2011,LOU,KY,ASO,CE,Towers with Radar,0,1,12,0,13,0,9,17,0,26,0,10,29,0,39,140,0,140,179
03/31/2011,LOU,KY,ASO,CE,Towers with Radar,0,0,27,2,29,0,1,114,0,115,0,1,141,2,144,208,2,210,354
04/01/2011,LOU,KY,ASO,CE,Towers with Radar,0,1,40,0,41,0,3,97,0,100,0,4,137,0,141,108,0,108,249
04/02/2011,LOU,KY,ASO,CE,Towers with Radar,0,0,30,0,30,0,5,114,0,119,0,5,144,0,149,140,0,140,289
04/03/2011,LOU,KY,ASO,CE,Towers with Radar,0,0,18,0,18,0,3,57,0,60,0,3,75,0,78,54,0,54,132
04/04/2011,LOU,KY,ASO,CE,Towers with Radar,0,0,3,0,3,0,1,6,0,7,0,1,9,0,10,4,0,4,14
04/05/2011,LOU,KY,ASO,CE,Towers with Radar,0,0,25,0,25,0,9,85,0,94,0,9,110,0,119,138,0,138,257
04/06/2011,LOU,KY,ASO,CE,Towers with Radar,0,0,21,0,21,0,5,51,0,56,0,5,72,0,77,28,0,28,105
04/07/2011,LOU,KY,ASO,CE,Towers with Radar,0,0,18,2,20,0,15,227,9,251,0,15,245,11,271,192,0,192,463
04/08/2011,LOU,KY,ASO,CE,Towers with Radar,0,0,13,0,13,0,7,73,0,80,0,7,86,0,93,68,0,68,161
04/09/2011,LOU,KY,ASO,CE,Towers with Radar,0,0,19,0,19,0,4,76,0,80,0,4,95,0,99,88,0,88,187
04/10/2011,LOU,KY,ASO,CE,Towers with Radar,0,0,26,0,26,0,0,93,2,95,0,0,119,2,121,90,0,90,211
04/11/2011,LOU,KY,ASO,CE,Towers with Radar,0,0,14,0,14,0,2,5,0,7,0,2,19,0,21,2,0,2,23
04/12/2011,LOU,KY,ASO,CE,Towers with Radar,0,0,25,0,25,0,16,72,0,88,0,16,97,0,113,96,0,96,209
04/13/2011,LOU,KY,ASO,CE,Towers with Radar,0,0,31,0,31,0,4,146,2,152,0,4,177,2,183,186,0,186,369
04/14/2011,LOU,KY,ASO,CE,Towers with Radar,0,0,47,2,49,0,5,136,2,143,0,5,183,4,192,250,0,250,442
04/15/2011,LOU,KY,ASO,CE,Towers with Radar,0,0,21,0,21,0,2,35,4,41,0,2,56,4,62,38,0,38,100
04/16/2011,LOU,KY,ASO,CE,Towers with Radar,0,0,13,0,13,0,8,40,0,48,0,8,53,0,61,36,0,36,97
04/17/2011,LOU,KY,ASO,CE,Towers with Radar,0,0,21,0,21,0,9,150,0,159,0,9,171,0,180,86,0,86,266
04/18/2011,LOU,KY,ASO,CE,Towers with Radar,0,0,20,0,20,0,6,57,3,66,0,6,77,3,86,86,0,86,172
04/19/2011,LOU,KY,ASO,CE,Towers with Radar,0,0,10,0,10,0,7,29,0,36,0,7,39,0,46,70,0,70,116
04/20/2011,LOU,KY,ASO,CE,Towers with Radar,0,2,38,0,40,0,15,51,0,66,0,17,89,0,106,84,0,84,190
04/21/2011,LOU,KY,ASO,CE,Towers with Radar,0,0,33,0,33,0,8,114,2,124,0,8,147,2,157,146,0,146,303
04/22/2011,LOU,KY,ASO,CE,Towers with Radar,0,2,12,0,14,0,6,13,0,19,0,8,25,0,33,20,0,20,53
04/23/2011,LOU,KY,ASO,CE,Towers with Radar,0,0,7,0,7,0,2,10,0,12,0,2,17,0,19,0,0,0,19
04/24/2011,LOU,KY,ASO,CE,Towers with Radar,0,0,5,0,5,0,2,14,0,16,0,2,19,0,21,86,0,86,107
04/25/2011,LOU,KY,ASO,CE,Towers with Radar,0,0,20,0,20,0,9,12,0,21,0,9,32,0,41,26,0,26,67
04/26/2011,LOU,KY,ASO,CE,Towers with Radar,0,1,20,0,21,0,14,21,0,35,0,15,41,0,56,64,0,64,120
04/27/2011,LOU,KY,ASO,CE,Towers with Radar,0,0,8,0,8,0,4,9,0,13,0,4,17,0,21,28,0,28,49
04/28/2011,LOU,KY,ASO,CE,Towers with Radar,0,1,24,0,25,0,6,55,2,63,0,7,79,2,88,70,0,70,158
04/29/2011,LOU,KY,ASO,CE,Towers with Radar,0,2,36,0,38,0,21,171,8,200,0,23,207,8,238,152,0,152,390
04/30/2011,LOU,KY,ASO,CE,Towers with Radar,0,0,15,0,15,0,10,232,0,242,0,10,247,0,257,156,0,156,413
05/01/2011,LOU,KY,ASO,CE,Towers with Radar,0,0,28,0,28,0,1,43,0,44,0,1,71,0,72,96,0,96,168
05/02/2011,LOU,KY,ASO,CE,Towers with Radar,0,2,16,0,18,0,0,0,0,0,0,2,16,0,18,2,0,2,20
05/03/2011,LOU,KY,ASO,CE,Towers with Radar,0,2,21,0,23,0,9,48,2,59,0,11,69,2,82,80,0,80,162
05/04/2011,LOU,KY,ASO,CE,Towers with Radar,0,2,26,1,29,0,10,76,4,90,0,12,102,5,119,108,0,108,227
05/05/2011,LOU,KY,ASO,CE,Towers with Radar,0,0,67,0,67,0,4,230,3,237,0,4,297,3,304,186,0,186,490
05/06/2011,LOU,KY,ASO,CE,Towers with Radar,0,1,66,0,67,0,15,126,1,142,0,16,192,1,209,108,0,108,317
05/07/2011,LOU,KY,ASO,CE,Towers with Radar,0,2,65,0,67,0,17,117,1,135,0,19,182,1,202,208,0,208,410
05/08/2011,LOU,KY,ASO,CE,Towers with Radar,0,1,98,0,99,0,7,75,0,82,0,8,173,0,181,38,0,38,219
05/09/2011,LOU,KY,ASO,CE,Towers with Radar,0,0,26,0,26,0,7,88,0,95,0,7,114,0,121,142,0,142,263
05/10/2011,LOU,KY,ASO,CE,Towers with Radar,0,0,21,0,21,0,7,80,2,89,0,7,101,2,110,144,0,144,254
05/11/2011,LOU,KY,ASO,CE,Towers with Radar,0,0,25,1,26,0,12,101,2,115,0,12,126,3,141,86,0,86,227
05/12/2011,LOU,KY,ASO,CE,Towers with Radar,0,0,24,0,24,0,7,96,3,106,0,7,120,3,130,128,0,128,258
05/13/2011,LOU,KY,ASO,CE,Towers with Radar,0,0,36,0,36,0,11,61,0,72,0,11,97,0,108,114,0,114,222
05/14/2011,LOU,KY,ASO,CE,Towers with Radar,0,0,20,0,20,0,9,28,0,37,0,9,48,0,57,116,0,116,173
05/15/2011,LOU,KY,ASO,CE,Towers with Radar,0,0,38,0,38,0,0,1,0,1,0,0,39,0,39,6,0,6,45
05/16/2011,LOU,KY,ASO,CE,Towers with Radar,0,0,29,0,29,0,3,36,0,39,0,3,65,0,68,54,0,54,122
05/17/2011,LOU,KY,ASO,CE,Towers with Radar,0,0,46,4,50,0,6,53,0,59,0,6,99,4,109,78,0,78,187
05/18/2011,LOU,KY,ASO,CE,Towers with Radar,0,0,25,2,27,0,3,10,0,13,0,3,35,2,40,48,0,48,88
05/19/2011,LOU,KY,ASO,CE,Towers with Radar,0,0,29,1,30,0,6,91,4,101,0,6,120,5,131,74,0,74,205
05/20/2011,LOU,KY,ASO,CE,Towers with Radar,0,1,42,1,44,0,14,162,2,178,0,15,204,3,222,152,0,152,374
05/21/2011,LOU,KY,ASO,CE,Towers with Radar,0,0,26,0,26,0,9,118,0,127,0,9,144,0,153,84,0,84,237
05/22/2011,LOU,KY,ASO,CE,Towers with Radar,0,0,33,0,33,0,2,104,0,106,0,2,137,0,139,182,0,182,321
05/23/2011,LOU,KY,ASO,CE,Towers with Radar,0,3,26,1,30,0,5,33,0,38,0,8,59,1,68,96,0,96,164
05/24/2011,LOU,KY,ASO,CE,Towers with Radar,0,0,23,0,23,0,5,63,3,71,0,5,86,3,94,132,0,132,226
05/25/2011,LOU,KY,ASO,CE,Towers with Radar,0,0,31,2,33,0,11,37,0,48,0,11,68,2,81,42,0,42,123
05/26/2011,LOU,KY,ASO,CE,Towers with Radar,0,0,19,1,20,0,10,16,1,27,0,10,35,2,47,38,0,38,85
05/27/2011,LOU,KY,ASO,CE,Towers with Radar,0,0,45,0,45,0,8,50,0,58,0,8,95,0,103,194,0,194,297
05/28/2011,LOU,KY,ASO,CE,Towers with Radar,0,0,19,0,19,0,16,155,10,181,0,16,174,10,200,138,0,138,338
05/29/2011,LOU,KY,ASO,CE,Towers with Radar,0,2,13,2,17,0,2,65,1,68,0,4,78,3,85,70,0,70,155
05/30/2011,LOU,KY,ASO,CE,Towers with Radar,0,0,22,0,22,0,4,132,2,138,0,4,154,2,160,214,0,214,374
05/31/2011,LOU,KY,ASO,CE,Towers with Radar,0,0,32,4,36,0,3,84,4,91,0,3,116,8,127,108,0,108,235
06/01/2011,LOU,KY,ASO,CE,Towers with Radar,0,0,17,1,18,0,8,57,1,66,0,8,74,2,84,112,0,112,196
06/02/2011,LOU,KY,ASO,CE,Towers with Radar,0,2,31,2,35,0,14,113,2,129,0,16,144,4,164,142,0,142,306
06/03/2011,LOU,KY,ASO,CE,Towers with Radar,0,0,28,0,28,0,7,87,2,96,0,7,115,2,124,110,0,110,234
06/04/2011,LOU,KY,ASO,CE,Towers with Radar,0,0,15,0,15,0,4,157,8,169,0,4,172,8,184,128,0,128,312
06/05/2011,LOU,KY,ASO,CE,Towers with Radar,0,0,19,0,19,0,4,90,4,98,0,4,109,4,117,136,0,136,253
06/06/2011,LOU,KY,ASO,CE,Towers with Radar,0,0,13,0,13,0,11,70,4,85,0,11,83,4,98,148,0,148,246
06/07/2011,LOU,KY,ASO,CE,Towers with Radar,0,1,24,1,26,0,22,64,1,87,0,23,88,2,113,80,0,80,193
06/08/2011,LOU,KY,ASO,CE,Towers with Radar,0,0,19,2,21,0,15,67,0,82,0,15,86,2,103,54,0,54,157
06/09/2011,LOU,KY,ASO,CE,Towers with Radar,0,0,15,0,15,0,2,101,2,105,0,2,116,2,120,96,0,96,216
06/10/2011,LOU,KY,ASO,CE,Towers with Radar,0,0,27,2,29,0,9,69,1,79,0,9,96,3,108,134,0,134,242
06/11/2011,LOU,KY,ASO,CE,Towers with Radar,0,0,13,0,13,0,10,103,2,115,0,10,116,2,128,168,0,168,296
06/12/2011,LOU,KY,ASO,CE,Towers with Radar,0,0,39,0,39,0,7,117,0,124,0,7,156,0,163,192,0,192,355
06/13/2011,LOU,KY,ASO,CE,Towers with Radar,0,1,29,0,30,0,16,148,0,164,0,17,177,0,194,86,0,86,280
06/14/2011,LOU,KY,ASO,CE,Towers with Radar,0,0,20,0,20,0,11,47,0,58,0,11,67,0,78,76,0,76,154
06/15/2011,LOU,KY,ASO,CE,Towers with Radar,0,0,26,0,26,0,0,18,0,18,0,0,44,0,44,22,0,22,66
06/16/2011,LOU,KY,ASO,CE,Towers with Radar,0,1,16,0,17,0,6,109,1,116,0,7,125,1,133,106,0,106,239
06/17/2011,LOU,KY,ASO,CE,Towers with Radar,0,0,16,4,20,0,11,61,0,72,0,11,77,4,92,80,4,84,176
06/18/2011,LOU,KY,ASO,CE,Towers with Radar,0,0,15,0,15,0,8,31,0,39,0,8,46,0,54,0,0,0,54
06/19/2011,LOU,KY,ASO,CE,Towers with Radar,0,0,15,0,15,0,1,26,0,27,0,1,41,0,42,2,0,2,44
06/20/2011,LOU,KY,ASO,CE,Towers with Radar,0,0,17,0,17,0,2,61,0,63,0,2,78,0,80,44,0,44,124
06/21/2011,LOU,KY,ASO,CE,Towers with Radar,0,0,17,0,17,0,3,39,0,42,0,3,56,0,59,66,0,66,125
06/22/2011,LOU,KY,ASO,CE,Towers with Radar,0,0,33,0,33,0,9,23,0,32,0,9,56,0,65,18,0,18,83
06/23/2011,LOU,KY,ASO,CE,Towers with Radar,0,0,30,2,32,0,26,44,2,72,0,26,74,4,104,76,0,76,180
06/24/2011,LOU,KY,ASO,CE,Towers with Radar,0,0,48,3,51,0,13,102,4,119,0,13,150,7,170,54,0,54,224
06/25/2011,LOU,KY,ASO,CE,Towers with Radar,0,0,23,3,26,0,9,171,0,180,0,9,194,3,206,212,0,212,418
06/26/2011,LOU,KY,ASO,CE,Towers with Radar,0,1,30,0,31,0,7,41,0,48,0,8,71,0,79,70,0,70,149
06/27/2011,LOU,KY,ASO,CE,Towers with Radar,0,17,0,0,17,0,5,46,0,51,0,22,46,0,68,36,0,36,104
06/28/2011,LOU,KY,ASO,CE,Towers with Radar,0,1,29,2,32,0,10,80,0,90,0,11,109,2,122,198,0,198,320
06/29/2011,LOU,KY,ASO,CE,Towers with Radar,0,0,36,1,37,0,8,162,0,170,0,8,198,1,207,210,0,210,417
06/30/2011,LOU,KY,ASO,CE,Towers with Radar,0,0,26,0,26,0,24,122,0,146,0,24,148,0,172,112,0,112,284
07/01/2011,LOU,KY,ASO,CE,Towers with Radar,0,1,41,0,42,0,27,108,0,135,0,28,149,0,177,96,0,96,273
07/02/2011,LOU,KY,ASO,CE,Towers with Radar,0,0,17,0,17,0,12,127,0,139,0,12,144,0,156,150,0,150,306
07/03/2011,LOU,KY,ASO,CE,Towers with Radar,0,2,16,0,18,0,5,61,0,66,0,7,77,0,84,98,0,98,182
07/04/2011,LOU,KY,ASO,CE,Towers with Radar,0,0,24,0,24,0,6,53,0,59,0,6,77,0,83,134,0,134,217
07/05/2011,LOU,KY,ASO,CE,Towers with Radar,0,0,28,0,28,0,0,61,2,63,0,0,89,2,91,116,0,116,207
07/06/2011,LOU,KY,ASO,CE,Towers with Radar,0,0,31,0,31,0,4,96,0,100,0,4,127,0,131,202,0,202,333
07/07/2011,LOU,KY,ASO,CE,Towers with Radar,0,2,25,0,27,0,1,72,0,73,0,3,97,0,100,138,0,138,238
07/08/2011,LOU,KY,ASO,CE,Towers with Radar,0,0,26,0,26,0,1,24,0,25,0,1,50,0,51,112,0,112,163
07/09/2011,LOU,KY,ASO,CE,Towers with Radar,0,2,19,0,21,0,1,156,3,160,0,3,175,3,181,174,0,174,355
07/10/2011,LOU,KY,ASO,CE,Towers with Radar,0,0,14,0,14,0,5,165,2,172,0,5,179,2,186,74,0,74,260
07/11/2011,LOU,KY,ASO,CE,Towers with Radar,0,0,25,0,25,0,2,52,0,54,0,2,77,0,79,10,0,10,89
07/12/2011,LOU,KY,ASO,CE,Towers with Radar,0,0,28,0,28,0,2,38,0,40,0,2,66,0,68,4,0,4,72
07/13/2011,LOU,KY,ASO,CE,Towers with Radar,3,0,28,0,31,0,2,74,0,76,3,2,102,0,107,116,0,116,223
07/14/2011,LOU,KY,ASO,CE,Towers with Radar,0,2,20,0,22,0,4,104,2,110,0,6,124,2,132,66,0,66,198
07/15/2011,LOU,KY,ASO,CE,Towers with Radar,0,0,20,0,20,0,0,89,0,89,0,0,109,0,109,88,0,88,197
07/16/2011,LOU,KY,ASO,CE,Towers with Radar,0,0,35,1,36,0,12,61,1,74,0,12,96,2,110,120,0,120,230
07/17/2011,LOU,KY,ASO,CE,Towers with Radar,0,0,21,0,21,0,17,75,0,92,0,17,96,0,113,84,0,84,197
07/18/2011,LOU,KY,ASO,CE,Towers with Radar,0,4,22,0,26,0,14,79,0,93,0,18,101,0,119,68,0,68,187
07/19/2011,LOU,KY,ASO,CE,Towers with Radar,0,0,27,0,27,0,3,66,0,69,0,3,93,0,96,42,0,42,138
07/20/2011,LOU,KY,ASO,CE,Towers with Radar,0,0,26,0,26,0,16,70,0,86,0,16,96,0,112,12,0,12,124
07/21/2011,LOU,KY,ASO,CE,Towers with Radar,0,0,23,0,23,0,10,104,2,116,0,10,127,2,139,50,0,50,189
07/22/2011,LOU,KY,ASO,CE,Towers with Radar,0,0,32,0,32,0,10,119,0,129,0,10,151,0,161,18,0,18,179
07/23/2011,LOU,KY,ASO,CE,Towers with Radar,0,0,28,0,28,0,9,144,0,153,0,9,172,0,181,118,0,118,299
07/24/2011,LOU,KY,ASO,CE,Towers with Radar,0,0,23,0,23,0,5,63,0,68,0,5,86,0,91,22,0,22,113
07/25/2011,LOU,KY,ASO,CE,Towers with Radar,0,0,24,0,24,0,15,79,0,94,0,15,103,0,118,78,0,78,196
07/26/2011,LOU,KY,ASO,CE,Towers with Radar,0,0,24,0,24,0,6,93,0,99,0,6,117,0,123,76,0,76,199
07/27/2011,LOU,KY,ASO,CE,Towers with Radar,0,2,18,0,20,0,15,82,0,97,0,17,100,0,117,48,0,48,165
07/28/2011,LOU,KY,ASO,CE,Towers with Radar,0,0,29,2,31,0,3,61,1,65,0,3,90,3,96,102,0,102,198
07/29/2011,LOU,KY,ASO,CE,Towers with Radar,0,0,22,0,22,0,16,48,0,64,0,16,70,0,86,58,4,62,148
07/30/2011,LOU,KY,ASO,CE,Towers with Radar,0,0,22,0,22,0,6,77,1,84,0,6,99,1,106,162,0,162,268
07/31/2011,LOU,KY,ASO,CE,Towers with Radar,0,0,37,0,37,0,2,112,1,115,0,2,149,1,152,64,0,64,216
08/01/2011,LOU,KY,ASO,CE,Towers with Radar,0,0,11,1,12,0,6,79,1,86,0,6,90,2,98,82,0,82,180
08/02/2011,LOU,KY,ASO,CE,Towers with Radar,0,0,36,1,37,0,3,68,2,73,0,3,104,3,110,40,4,44,154
08/03/2011,LOU,KY,ASO,CE,Towers with Radar,0,0,28,1,29,0,3,49,0,52,0,3,77,1,81,60,0,60,141
08/04/2011,LOU,KY,ASO,CE,Towers with Radar,0,0,25,2,27,0,3,91,0,94,0,3,116,2,121,92,0,92,213
08/05/2011,LOU,KY,ASO,CE,Towers with Radar,0,0,34,0,34,0,8,90,2,100,0,8,124,2,134,118,0,118,252
08/06/2011,LOU,KY,ASO,CE,Towers with Radar,0,2,17,0,19,0,8,79,0,87,0,10,96,0,106,148,0,148,254
08/07/2011,LOU,KY,ASO,CE,Towers with Radar,0,1,38,0,39,0,11,69,0,80,0,12,107,0,119,56,0,56,175
08/08/2011,LOU,KY,ASO,CE,Towers with Radar,0,1,25,0,26,0,2,60,0,62,0,3,85,0,88,106,0,106,194
08/09/2011,LOU,KY,ASO,CE,Towers with Radar,0,1,15,0,16,0,4,70,3,77,0,5,85,3,93,58,0,58,151
08/10/2011,LOU,KY,ASO,CE,Towers with Radar,0,0,27,0,27,0,7,96,1,104,0,7,123,1,131,78,0,78,209
08/11/2011,LOU,KY,ASO,CE,Towers with Radar,0,0,37,0,37,0,4,126,8,138,0,4,163,8,175,120,0,120,295
08/12/2011,LOU,KY,ASO,CE,Towers with Radar,0,0,33,1,34,0,12,101,1,114,0,12,134,2,148,88,0,88,236
08/13/2011,LOU,KY,ASO,CE,Towers with Radar,0,0,15,2,17,0,7,110,0,117,0,7,125,2,134,174,0,174,308
08/14/2011,LOU,KY,ASO,CE,Towers with Radar,0,0,34,0,34,0,25,63,0,88,0,25,97,0,122,64,0,64,186
08/15/2011,LOU,KY,ASO,CE,Towers with Radar,0,0,29,0,29,0,3,77,5,85,0,3,106,5,114,180,6,186,300
08/16/2011,LOU,KY,ASO,CE,Towers with Radar,0,0,39,3,42,0,3,108,5,116,0,3,147,8,158,158,0,158,316
08/17/2011,LOU,KY,ASO,CE,Towers with Radar,0,2,39,2,43,0,13,77,1,91,0,15,116,3,134,110,0,110,244
08/18/2011,LOU,KY,ASO,CE,Towers with Radar,0,1,32,2,35,0,4,76,6,86,0,5,108,8,121,46,0,46,167
08/19/2011,LOU,KY,ASO,CE,Towers with Radar,0,2,23,0,25,0,2,52,2,56,0,4,75,2,81,40,8,48,129
08/20/2011,LOU,KY,ASO,CE,Towers with Radar,0,0,25,0,25,0,24,100,6,130,0,24,125,6,155,38,0,38,193
08/21/2011,LOU,KY,ASO,CE,Towers with Radar,0,0,25,0,25,0,11,95,0,106,0,11,120,0,131,154,0,154,285
08/22/2011,LOU,KY,ASO,CE,Towers with Radar,0,1,17,0,18,0,4,85,0,89,0,5,102,0,107,98,0,98,205
08/23/2011,LOU,KY,ASO,CE,Towers with Radar,0,2,29,0,31,0,4,111,0,115,0,6,140,0,146,48,0,48,194
08/24/2011,LOU,KY,ASO,CE,Towers with Radar,0,0,25,0,25,0,7,43,1,51,0,7,68,1,76,16,0,16,92
08/25/2011,LOU,KY,ASO,CE,Towers with Radar,0,0,30,0,30,0,0,66,0,66,0,0,96,0,96,30,0,30,126
08/26/2011,LOU,KY,ASO,CE,Towers with Radar,0,3,37,0,40,0,1,102,0,103,0,4,139,0,143,36,0,36,179
08/27/2011,LOU,KY,ASO,CE,Towers with Radar,0,1,26,0,27,0,13,132,0,145,0,14,158,0,172,220,0,220,392
08/28/2011,LOU,KY,ASO,CE,Towers with Radar,0,0,25,0,25,0,10,151,2,163,0,10,176,2,188,66,0,66,254
08/29/2011,LOU,KY,ASO,CE,Towers with Radar,0,2,20,2,24,0,5,97,3,105,0,7,117,5,129,118,0,118,247
08/30/2011,LOU,KY,ASO,CE,Towers with Radar,0,0,19,0,19,0,1,103,0,104,0,1,122,0,123,142,0,142,265
08/31/2011,LOU,KY,ASO,CE,Towers with Radar,0,0,24,0,24,0,10,84,2,96,0,10,108,2,120,88,0,88,208
09/01/2011,LOU,KY,ASO,CE,Towers with Radar,0,0,28,0,28,0,7,76,1,84,0,7,104,1,112,90,0,90,202
09/02/2011,LOU,KY,ASO,CE,Towers with Radar,0,1,19,0,20,0,5,75,0,80,0,6,94,0,100,36,0,36,136
09/03/2011,LOU,KY,ASO,CE,Towers with Radar,0,0,16,0,16,0,12,93,1,106,0,12,109,1,122,58,0,58,180
09/04/2011,LOU,KY,ASO,CE,Towers with Radar,0,0,11,0,11,0,4,37,0,41,0,4,48,0,52,66,0,66,118
09/05/2011,LOU,KY,ASO,CE,Towers with Radar,0,0,23,0,23,0,4,57,0,61,0,4,80,0,84,70,0,70,154
09/06/2011,LOU,KY,ASO,CE,Towers with Radar,0,4,18,0,22,0,1,18,0,19,0,5,36,0,41,14,0,14,55
09/07/2011,LOU,KY,ASO,CE,Towers with Radar,0,0,46,0,46,0,5,20,1,26,0,5,66,1,72,48,0,48,120
09/08/2011,LOU,KY,ASO,CE,Towers with Radar,0,2,33,0,35,0,0,2,1,3,0,2,35,1,38,6,0,6,44
09/09/2011,LOU,KY,ASO,CE,Towers with Radar,0,0,33,0,33,0,7,30,0,37,0,7,63,0,70,32,0,32,102
09/10/2011,LOU,KY,ASO,CE,Towers with Radar,0,2,19,1,22,0,10,127,2,139,0,12,146,3,161,128,0,128,289
09/11/2011,LOU,KY,ASO,CE,Towers with Radar,0,0,19,0,19,0,42,90,1,133,0,42,109,1,152,126,10,136,288
09/12/2011,LOU,KY,ASO,CE,Towers with Radar,0,3,22,2,27,0,15,127,6,148,0,18,149,8,175,62,0,62,237
09/13/2011,LOU,KY,ASO,CE,Towers with Radar,0,2,23,0,25,0,25,76,5,106,0,27,99,5,131,76,0,76,207
09/14/2011,LOU,KY,ASO,CE,Towers with Radar,0,1,33,0,34,0,18,79,2,99,0,19,112,2,133,76,0,76,209
09/15/2011,LOU,KY,ASO,CE,Towers with Radar,0,2,27,0,29,0,4,40,1,45,0,6,67,1,74,12,0,12,86
09/16/2011,LOU,KY,ASO,CE,Towers with Radar,0,2,39,0,41,0,2,91,1,94,0,4,130,1,135,36,0,36,171
09/17/2011,LOU,KY,ASO,CE,Towers with Radar,0,1,16,0,17,0,2,164,1,167,0,3,180,1,184,120,0,120,304
09/18/2011,LOU,KY,ASO,CE,Towers with Radar,0,0,25,0,25,0,3,82,0,85,0,3,107,0,110,156,0,156,266
09/19/2011,LOU,KY,ASO,CE,Towers with Radar,0,0,13,0,13,0,3,10,0,13,0,3,23,0,26,14,0,14,40
09/20/2011,LOU,KY,ASO,CE,Towers with Radar,0,0,31,0,31,0,3,43,0,46,0,3,74,0,77,120,0,120,197
09/21/2011,LOU,KY,ASO,CE,Towers with Radar,0,0,19,0,19,0,3,50,2,55,0,3,69,2,74,56,0,56,130
09/22/2011,LOU,KY,ASO,CE,Towers with Radar,0,1,31,0,32,0,4,133,2,139,0,5,164,2,171,116,0,116,287
09/23/2011,LOU,KY,ASO,CE,Towers with Radar,0,3,22,0,25,0,5,54,0,59,0,8,76,0,84,116,0,116,200
09/24/2011,LOU,KY,ASO,CE,Towers with Radar,0,1,19,0,20,0,9,63,0,72,0,10,82,0,92,98,0,98,190
09/25/2011,LOU,KY,ASO,CE,Towers with Radar,0,2,25,0,27,0,14,85,0,99,0,16,110,0,126,228,0,228,354
09/26/2011,LOU,KY,ASO,CE,Towers with Radar,0,3,21,0,24,0,15,73,0,88,0,18,94,0,112,116,0,116,228
09/27/2011,LOU,KY,ASO,CE,Towers with Radar,0,1,24,0,25,0,5,64,3,72,0,6,88,3,97,118,0,118,215
09/28/2011,LOU,KY,ASO,CE,Towers with Radar,0,3,19,0,22,0,19,94,0,113,0,22,113,0,135,180,0,180,315
09/29/2011,LOU,KY,ASO,CE,Towers with Radar,0,1,32,0,33,0,15,88,2,105,0,16,120,2,138,102,0,102,240
09/30/2011,LOU,KY,ASO,CE,Towers with Radar,0,12,29,1,42,0,3,71,1,75,0,15,100,2,117,182,0,182,299
10/01/2011,LOU,KY,ASO,CE,Towers with Radar,0,2,23,0,25,0,14,144,1,159,0,16,167,1,184,102,0,102,286
10/02/2011,LOU,KY,ASO,CE,Towers with Radar,0,0,24,0,24,0,22,135,1,158,0,22,159,1,182,128,0,128,310
10/03/2011,LOU,KY,ASO,CE,Towers with Radar,0,4,36,0,40,0,7,81,0,88,0,11,117,0,128,124,0,124,252
10/04/2011,LOU,KY,ASO,CE,Towers with Radar,0,3,37,0,40,0,0,114,0,114,0,3,151,0,154,140,0,140,294
10/05/2011,LOU,KY,ASO,CE,Towers with Radar,0,0,37,0,37,0,8,156,0,164,0,8,193,0,201,208,0,208,409
10/06/2011,LOU,KY,ASO,CE,Towers with Radar,0,1,39,2,42,0,0,99,0,99,0,1,138,2,141,86,0,86,227
10/07/2011,LOU,KY,ASO,CE,Towers with Radar,0,3,29,1,33,0,4,122,0,126,0,7,151,1,159,76,0,76,235
10/08/2011,LOU,KY,ASO,CE,Towers with Radar,0,0,21,0,21,0,22,149,4,175,0,22,170,4,196,70,0,70,266
10/09/2011,LOU,KY,ASO,CE,Towers with Radar,0,1,32,0,33,0,26,144,0,170,0,27,176,0,203,160,0,160,363
10/10/2011,LOU,KY,ASO,CE,Towers with Radar,0,0,16,0,16,0,29,106,1,136,0,29,122,1,152,240,0,240,392
10/11/2011,LOU,KY,ASO,CE,Towers with Radar,0,0,35,1,36,0,11,115,3,129,0,11,150,4,165,86,0,86,251
10/12/2011,LOU,KY,ASO,CE,Towers with Radar,0,4,24,0,28,0,10,65,0,75,0,14,89,0,103,94,0,94,197
10/13/2011,LOU,KY,ASO,CE,Towers with Radar,0,0,22,0,22,0,0,4,0,4,0,0,26,0,26,0,0,0,26
10/14/2011,LOU,KY,ASO,CE,Towers with Radar,0,1,28,2,31,0,5,63,0,68,0,6,91,2,99,64,0,64,163
10/15/2011,LOU,KY,ASO,CE,Towers with Radar,0,3,10,0,13,0,27,173,0,200,0,30,183,0,213,92,0,92,305
10/16/2011,LOU,KY,ASO,CE,Towers with Radar,0,1,20,0,21,0,9,86,0,95,0,10,106,0,116,40,0,40,156
10/17/2011,LOU,KY,ASO,CE,Towers with Radar,0,0,17,3,20,0,4,93,0,97,0,4,110,3,117,134,0,134,251
10/18/2011,LOU,KY,ASO,CE,Towers with Radar,0,3,24,0,27,0,18,58,0,76,0,21,82,0,103,118,0,118,221
10/19/2011,LOU,KY,ASO,CE,Towers with Radar,0,1,18,0,19,0,0,1,0,1,0,1,19,0,20,0,0,0,20
10/20/2011,LOU,KY,ASO,CE,Towers with Radar,0,1,23,0,24,0,0,17,0,17,0,1,40,0,41,48,0,48,89
10/21/2011,LOU,KY,ASO,CE,Towers with Radar,0,2,32,0,34,0,13,111,0,124,0,15,143,0,158,158,0,158,316
10/22/2011,LOU,KY,ASO,CE,Towers with Radar,0,0,26,0,26,0,22,145,0,167,0,22,171,0,193,88,0,88,281
10/23/2011,LOU,KY,ASO,CE,Towers with Radar,0,0,26,1,27,0,27,97,1,125,0,27,123,2,152,98,0,98,250
10/24/2011,LOU,KY,ASO,CE,Towers with Radar,0,3,21,0,24,0,10,76,0,86,0,13,97,0,110,74,0,74,184
10/25/2011,LOU,KY,ASO,CE,Towers with Radar,0,0,31,0,31,0,9,98,1,108,0,9,129,1,139,146,0,146,285
10/26/2011,LOU,KY,ASO,CE,Towers with Radar,0,3,30,0,33,0,13,47,0,60,0,16,77,0,93,38,0,38,131
10/27/2011,LOU,KY,ASO,CE,Towers with Radar,0,0,42,0,42,0,0,11,1,12,0,0,53,1,54,6,0,6,60
10/28/2011,LOU,KY,ASO,CE,Towers with Radar,0,1,27,0,28,0,6,91,4,101,0,7,118,4,129,86,0,86,215
10/29/2011,LOU,KY,ASO,CE,Towers with Radar,0,3,15,0,18,0,12,108,0,120,0,15,123,0,138,202,0,202,340
10/30/2011,LOU,KY,ASO,CE,Towers with Radar,0,0,19,0,19,0,10,137,0,147,0,10,156,0,166,124,0,124,290
10/31/2011,LOU,KY,ASO,CE,Towers with Radar,0,1,20,0,21,0,15,55,13,83,0,16,75,13,104,58,0,58,162
11/01/2011,LOU,KY,ASO,CE,Towers with Radar,0,0,29,0,29,0,0,119,4,123,0,0,148,4,152,152,0,152,304
11/02/2011,LOU,KY,ASO,CE,Towers with Radar,0,2,35,2,39,0,10,130,3,143,0,12,165,5,182,118,0,118,300
11/03/2011,LOU,KY,ASO,CE,Towers with Radar,0,0,40,0,40,0,1,3,0,4,0,1,43,0,44,4,0,4,48
11/04/2011,LOU,KY,ASO,CE,Towers with Radar,0,1,34,0,35,0,5,72,0,77,0,6,106,0,112,156,0,156,268
11/05/2011,LOU,KY,ASO,CE,Towers with Radar,0,0,37,0,37,0,12,232,0,244,0,12,269,0,281,210,0,210,491
11/06/2011,LOU,KY,ASO,CE,Towers with Radar,0,1,33,0,34,0,17,129,0,146,0,18,162,0,180,124,0,124,304
11/07/2011,LOU,KY,ASO,CE,Towers with Radar,0,0,23,0,23,0,15,105,1,121,0,15,128,1,144,230,0,230,374
11/08/2011,LOU,KY,ASO,CE,Towers with Radar,0,0,26,0,26,0,6,97,0,103,0,6,123,0,129,114,0,114,243
11/09/2011,LOU,KY,ASO,CE,Towers with Radar,0,2,19,0,21,0,4,24,0,28,0,6,43,0,49,28,0,28,77
11/10/2011,LOU,KY,ASO,CE,Towers with Radar,0,0,27,0,27,0,5,46,3,54,0,5,73,3,81,58,2,60,141
11/11/2011,LOU,KY,ASO,CE,Towers with Radar,0,0,26,0,26,0,0,80,0,80,0,0,106,0,106,74,0,74,180
11/12/2011,LOU,KY,ASO,CE,Towers with Radar,0,2,15,0,17,0,10,104,0,114,0,12,119,0,131,118,0,118,249
11/13/2011,LOU,KY,ASO,CE,Towers with Radar,0,0,12,0,12,0,6,20,0,26,0,6,32,0,38,2,0,2,40
11/14/2011,LOU,KY,ASO,CE,Towers with Radar,0,0,12,0,12,0,4,18,0,22,0,4,30,0,34,4,0,4,38
11/15/2011,LOU,KY,ASO,CE,Towers with Radar,0,0,14,0,14,0,6,17,0,23,0,6,31,0,37,0,0,0,37
11/16/2011,LOU,KY,ASO,CE,Towers with Radar,0,3,9,2,14,0,4,30,0,34,0,7,39,2,48,24,0,24,72
11/17/2011,LOU,KY,ASO,CE,Towers with Radar,0,1,23,0,24,0,1,77,5,83,0,2,100,5,107,72,0,72,179
11/18/2011,LOU,KY,ASO,CE,Towers with Radar,0,0,29,0,29,0,8,109,0,117,0,8,138,0,146,56,0,56,202
11/19/2011,LOU,KY,ASO,CE,Towers with Radar,0,0,14,1,15,0,2,92,2,96,0,2,106,3,111,128,0,128,239
11/20/2011,LOU,KY,ASO,CE,Towers with Radar,0,0,26,0,26,0,0,4,0,4,0,0,30,0,30,44,0,44,74
11/21/2011,LOU,KY,ASO,CE,Towers with Radar,0,0,8,0,8,0,0,2,0,2,0,0,10,0,10,6,0,6,16
11/22/2011,LOU,KY,ASO,CE,Towers with Radar,0,0,15,0,15,0,4,12,0,16,0,4,27,0,31,30,0,30,61
11/23/2011,LOU,KY,ASO,CE,Towers with Radar,0,2,50,0,52,0,10,49,0,59,0,12,99,0,111,76,0,76,187
11/24/2011,LOU,KY,ASO,CE,Towers with Radar,0,1,11,0,12,0,2,20,0,22,0,3,31,0,34,32,0,32,66
11/25/2011,LOU,KY,ASO,CE,Towers with Radar,0,2,28,0,30,0,10,171,2,183,0,12,199,2,213,62,2,64,277
11/26/2011,LOU,KY,ASO,CE,Towers with Radar,0,0,28,0,28,0,8,124,0,132,0,8,152,0,160,196,0,196,356
11/27/2011,LOU,KY,ASO,CE,Towers with Radar,0,0,21,0,21,0,0,1,0,1,0,0,22,0,22,8,0,8,30
11/28/2011,LOU,KY,ASO,CE,Towers with Radar,0,0,17,0,17,0,0,0,0,0,0,0,17,0,17,0,0,0,17
11/29/2011,LOU,KY,ASO,CE,Towers with Radar,0,10,22,0,32,0,0,7,0,7,0,10,29,0,39,68,0,68,107
11/30/2011,LOU,KY,ASO,CE,Towers with Radar,0,0,28,3,31,0,17,82,0,99,0,17,110,3,130,154,0,154,284
12/01/2011,LOU,KY,ASO,CE,Towers with Radar,0,0,28,0,28,0,9,116,1,126,0,9,144,1,154,182,0,182,336
12/02/2011,LOU,KY,ASO,CE,Towers with Radar,0,1,20,0,21,0,9,130,0,139,0,10,150,0,160,106,0,106,266
12/03/2011,LOU,KY,ASO,CE,Towers with Radar,7,1,23,0,31,0,5,38,0,43,7,6,61,0,74,376,0,376,450
12/04/2011,LOU,KY,ASO,CE,Towers with Radar,0,0,10,0,10,0,0,22,0,22,0,0,32,0,32,64,0,64,96
12/05/2011,LOU,KY,ASO,CE,Towers with Radar,0,2,14,0,16,0,0,0,0,0,0,2,14,0,16,2,0,2,18
12/06/2011,LOU,KY,ASO,CE,Towers with Radar,0,3,22,0,25,0,3,2,0,5,0,6,24,0,30,0,0,0,30
12/07/2011,LOU,KY,ASO,CE,Towers with Radar,0,0,16,0,16,0,9,30,0,39,0,9,46,0,55,62,0,62,117
12/08/2011,LOU,KY,ASO,CE,Towers with Radar,0,1,34,0,35,0,0,109,0,109,0,1,143,0,144,62,0,62,206
12/09/2011,LOU,KY,ASO,CE,Towers with Radar,0,0,26,0,26,0,0,84,0,84,0,0,110,0,110,52,2,54,164
12/10/2011,LOU,KY,ASO,CE,Towers with Radar,4,0,23,0,27,0,19,149,0,168,4,19,172,0,195,202,0,202,397
12/11/2011,LOU,KY,ASO,CE,Towers with Radar,0,2,14,0,16,0,9,110,0,119,0,11,124,0,135,162,0,162,297
12/12/2011,LOU,KY,ASO,CE,Towers with Radar,0,1,20,0,21,0,11,61,0,72,0,12,81,0,93,102,0,102,195
12/13/2011,LOU,KY,ASO,CE,Towers with Radar,0,0,19,0,19,0,26,63,0,89,0,26,82,0,108,98,0,98,206
12/14/2011,LOU,KY,ASO,CE,Towers with Radar,0,0,29,0,29,0,0,46,4,50,0,0,75,4,79,80,0,80,159
12/15/2011,LOU,KY,ASO,CE,Towers with Radar,0,0,27,0,27,0,6,23,1,30,0,6,50,1,57,36,0,36,93
12/16/2011,LOU,KY,ASO,CE,Towers with Radar,0,2,20,0,22,0,4,54,2,60,0,6,74,2,82,38,2,40,122
12/17/2011,LOU,KY,ASO,CE,Towers with Radar,0,0,16,0,16,0,1,160,0,161,0,1,176,0,177,150,0,150,327
12/18/2011,LOU,KY,ASO,CE,Towers with Radar,0,0,16,0,16,0,0,130,0,130,0,0,146,0,146,146,0,146,292
12/19/2011,LOU,KY,ASO,CE,Towers with Radar,0,3,31,0,34,0,9,58,0,67,0,12,89,0,101,18,0,18,119
12/20/2011,LOU,KY,ASO,CE,Towers with Radar,0,0,24,2,26,0,9,44,4,57,0,9,68,6,83,50,0,50,133
12/21/2011,LOU,KY,ASO,CE,Towers with Radar,0,1,21,0,22,0,7,50,0,57,0,8,71,0,79,52,0,52,131
12/22/2011,LOU,KY,ASO,CE,Towers with Radar,0,2,21,0,23,0,1,2,0,3,0,3,23,0,26,2,0,2,28
12/23/2011,LOU,KY,ASO,CE,Towers with Radar,0,1,31,0,32,0,2,39,0,41,0,3,70,0,73,110,0,110,183
12/24/2011,LOU,KY,ASO,CE,Towers with Radar,3,0,22,0,25,0,6,86,0,92,3,6,108,0,117,46,0,46,163
12/25/2011,LOU,KY,ASO,CE,Towers with Radar,0,0,5,0,5,0,4,31,0,35,0,4,36,0,40,6,0,6,46
12/26/2011,LOU,KY,ASO,CE,Towers with Radar,0,2,22,0,24,0,6,147,2,155,0,8,169,2,179,124,0,124,303
12/27/2011,LOU,KY,ASO,CE,Towers with Radar,0,0,12,0,12,0,0,4,0,4,0,0,16,0,16,0,0,0,16
12/28/2011,LOU,KY,ASO,CE,Towers with Radar,0,0,33,0,33,0,4,98,0,102,0,4,131,0,135,132,0,132,267
12/29/2011,LOU,KY,ASO,CE,Towers with Radar,0,0,31,0,31,0,2,83,1,86,0,2,114,1,117,84,0,84,201
12/30/2011,LOU,KY,ASO,CE,Towers with Radar,0,0,11,0,11,0,6,32,0,38,0,6,43,0,49,47,0,47,96
12/31/2011,LOU,KY,ASO,CE,Towers with Radar,0,2,10,0,12,0,18,144,1,163,0,20,154,1,175,144,0,144,319
01/01/2012,LOU,KY,ASO,CE,Towers with Radar,0,0,8,0,8,0,0,4,0,4,0,0,12,0,12,0,0,0,12
01/02/2012,LOU,KY,ASO,CE,Towers with Radar,0,0,13,0,13,0,4,18,0,22,0,4,31,0,35,12,0,12,47
01/03/2012,LOU,KY,ASO,CE,Towers with Radar,0,0,13,0,13,0,4,52,0,56,0,4,65,0,69,48,0,48,117
01/04/2012,LOU,KY,ASO,CE,Towers with Radar,0,0,16,0,16,0,5,64,3,72,0,5,80,3,88,70,0,70,158
01/05/2012,LOU,KY,ASO,CE,Towers with Radar,0,1,20,0,21,0,2,103,0,105,0,3,123,0,126,122,0,122,248
01/06/2012,LOU,KY,ASO,CE,Towers with Radar,0,1,22,2,25,0,0,120,0,120,0,1,142,2,145,122,0,122,267
01/07/2012,LOU,KY,ASO,CE,Towers with Radar,0,2,18,0,20,0,1,155,1,157,0,3,173,1,177,200,0,200,377
01/08/2012,LOU,KY,ASO,CE,Towers with Radar,0,2,11,0,13,0,0,134,0,134,0,2,145,0,147,138,0,138,285
01/09/2012,LOU,KY,ASO,CE,Towers with Radar,0,0,7,0,7,0,0,66,0,66,0,0,73,0,73,210,0,210,283
01/10/2012,LOU,KY,ASO,CE,Towers with Radar,0,0,29,0,29,0,3,96,4,103,0,3,125,4,132,150,0,150,282
01/11/2012,LOU,KY,ASO,CE,Towers with Radar,0,0,16,0,16,0,0,3,0,3,0,0,19,0,19,2,0,2,21
01/12/2012,LOU,KY,ASO,CE,Towers with Radar,0,0,12,0,12,0,0,5,0,5,0,0,17,0,17,24,0,24,41
01/13/2012,LOU,KY,ASO,CE,Towers with Radar,0,0,10,0,10,0,2,19,2,23,0,2,29,2,33,22,0,22,55
01/14/2012,LOU,KY,ASO,CE,Towers with Radar,0,0,9,0,9,0,4,79,0,83,0,4,88,0,92,50,0,50,142
01/15/2012,LOU,KY,ASO,CE,Towers with Radar,0,1,15,0,16,0,4,107,0,111,0,5,122,0,127,128,0,128,255
01/16/2012,LOU,KY,ASO,CE,Towers with Radar,0,2,13,0,15,0,5,16,0,21,0,7,29,0,36,2,0,2,38
01/17/2012,LOU,KY,ASO,CE,Towers with Radar,0,0,12,0,12,0,6,19,0,25,0,6,31,0,37,18,0,18,55
01/18/2012,LOU,KY,ASO,CE,Towers with Radar,0,0,22,0,22,0,6,50,0,56,0,6,72,0,78,84,0,84,162
01/19/2012,LOU,KY,ASO,CE,Towers with Radar,0,0,21,0,21,0,1,57,0,58,0,1,78,0,79,98,0,98,177
01/20/2012,LOU,KY,ASO,CE,Towers with Radar,0,9,23,0,32,0,11,56,0,67,0,20,79,0,99,38,0,38,137
01/21/2012,LOU,KY,ASO,CE,Towers with Radar,0,1,7,0,8,0,0,16,0,16,0,1,23,0,24,22,0,22,46
01/22/2012,LOU,KY,ASO,CE,Towers with Radar,0,1,6,0,7,0,2,9,0,11,0,3,15,0,18,32,0,32,50
01/23/2012,LOU,KY,ASO,CE,Towers with Radar,1,3,19,4,27,0,1,13,0,14,1,4,32,4,41,12,0,12,53
01/24/2012,LOU,KY,ASO,CE,Towers with Radar,0,0,39,0,39,0,3,88,0,91,0,3,127,0,130,128,0,128,258
01/25/2012,LOU,KY,ASO,CE,Towers with Radar,0,0,23,0,23,0,2,3,0,5,0,2,26,0,28,6,0,6,34
01/26/2012,LOU,KY,ASO,CE,Towers with Radar,0,0,10,0,10,0,2,0,0,2,0,2,10,0,12,2,0,2,14
01/27/2012,LOU,KY,ASO,CE,Towers with Radar,0,0,37,0,37,0,4,22,3,29,0,4,59,3,66,48,0,48,114
01/28/2012,LOU,KY,ASO,CE,Towers with Radar,0,0,8,0,8,0,0,72,0,72,0,0,80,0,80,86,0,86,166
01/29/2012,LOU,KY,ASO,CE,Towers with Radar,0,1,11,0,12,0,0,46,6,52,0,1,57,6,64,84,0,84,148
01/30/2012,LOU,KY,ASO,CE,Towers with Radar,0,1,13,3,17,0,11,87,2,100,0,12,100,5,117,134,0,134,251
01/31/2012,LOU,KY,ASO,CE,Towers with Radar,0,0,25,0,25,0,12,50,0,62,0,12,75,0,87,71,0,71,158
02/01/2012,LOU,KY,ASO,CE,Towers with Radar,0,1,30,0,31,0,6,41,0,47,0,7,71,0,78,118,0,118,196
02/02/2012,LOU,KY,ASO,CE,Towers with Radar,0,4,29,1,34,0,19,109,0,128,0,23,138,1,162,166,0,166,328
02/03/2012,LOU,KY,ASO,CE,Towers with Radar,0,4,26,0,30,1,31,90,0,122,1,35,116,0,152,166,0,166,318
02/04/2012,LOU,KY,ASO,CE,Towers with Radar,0,0,11,0,11,0,0,0,0,0,0,0,11,0,11,0,0,0,11
02/05/2012,LOU,KY,ASO,CE,Towers with Radar,0,2,28,0,30,0,2,53,0,55,0,4,81,0,85,104,0,104,189
02/06/2012,LOU,KY,ASO,CE,Towers with Radar,0,0,29,0,29,0,2,89,2,93,0,2,118,2,122,158,0,158,280
02/07/2012,LOU,KY,ASO,CE,Towers with Radar,0,0,36,0,36,0,6,112,0,118,0,6,148,0,154,100,0,100,254
02/08/2012,LOU,KY,ASO,CE,Towers with Radar,0,3,9,0,12,0,0,6,0,6,0,3,15,0,18,2,0,2,20
02/09/2012,LOU,KY,ASO,CE,Towers with Radar,0,2,21,0,23,0,5,88,1,94,0,7,109,1,117,58,0,58,175
02/10/2012,LOU,KY,ASO,CE,Towers with Radar,0,2,17,0,19,0,1,13,0,14,0,3,30,0,33,42,0,42,75
02/11/2012,LOU,KY,ASO,CE,Towers with Radar,0,1,4,0,5,0,5,54,7,66,0,6,58,7,71,86,0,86,157
02/12/2012,LOU,KY,ASO,CE,Towers with Radar,0,0,11,0,11,0,2,115,0,117,0,2,126,0,128,90,0,90,218
02/13/2012,LOU,KY,ASO,CE,Towers with Radar,0,1,22,0,23,0,16,64,0,80,0,17,86,0,103,52,0,52,155
02/14/2012,LOU,KY,ASO,CE,Towers with Radar,0,1,8,0,9,0,9,7,0,16,0,10,15,0,25,20,0,20,45
02/15/2012,LOU,KY,ASO,CE,Towers with Radar,0,0,27,0,27,0,1,63,3,67,0,1,90,3,94,110,0,110,204
02/16/2012,LOU,KY,ASO,CE,Towers with Radar,0,0,40,0,40,0,8,14,4,26,0,8,54,4,66,8,6,14,80
02/17/2012,LOU,KY,ASO,CE,Towers with Radar,0,2,25,0,27,0,3,146,1,150,0,5,171,1,177,186,0,186,363
02/18/2012,LOU,KY,ASO,CE,Towers with Radar,0,2,22,0,24,0,1,176,1,178,0,3,198,1,202,240,20,260,462
02/19/2012,LOU,KY,ASO,CE,Towers with Radar,0,2,13,0,15,0,1,73,0,74,0,3,86,0,89,98,0,98,187
02/20/2012,LOU,KY,ASO,CE,Towers with Radar,0,1,14,0,15,0,7,142,6,155,0,8,156,6,170,206,0,206,376
02/21/2012,LOU,KY,ASO,CE,Towers with Radar,0,0,17,0,17,0,5,17,0,22,0,5,34,0,39,6,0,6,45
02/22/2012,LOU,KY,ASO,CE,Towers with Radar,0,2,35,1,38,0,9,63,5,77,0,11,98,6,115,64,0,64,179
02/23/2012,LOU,KY,ASO,CE,Towers with Radar,0,3,13,0,16,0,2,45,2,49,0,5,58,2,65,44,0,44,109
02/24/2012,LOU,KY,ASO,CE,Towers with Radar,0,1,14,0,15,0,4,3,4,11,0,5,17,4,26,8,0,8,34
02/25/2012,LOU,KY,ASO,CE,Towers with Radar,0,0,13,0,13,0,2,80,0,82,0,2,93,0,95,230,0,230,325
02/26/2012,LOU,KY,ASO,CE,Towers with Radar,0,0,22,0,22,0,1,140,0,141,0,1,162,0,163,146,0,146,309
02/27/2012,LOU,KY,ASO,CE,Towers with Radar,0,4,20,0,24,0,6,109,0,115,0,10,129,0,139,164,0,164,303
02/28/2012,LOU,KY,ASO,CE,Towers with Radar,0,2,22,0,24,0,10,102,2,114,0,12,124,2,138,122,0,122,260
02/29/2012,LOU,KY,ASO,CE,Towers with Radar,0,0,12,0,12,0,0,13,0,13,0,0,25,0,25,14,0,14,39
03/01/2012,LOU,KY,ASO,CE,Towers with Radar,0,0,30,1,31,0,15,102,4,121,0,15,132,5,152,160,0,160,312
03/02/2012,LOU,KY,ASO,CE,Towers with Radar,1,0,2,0,3,0,12,10,0,22,1,12,12,0,25,6,0,6,31
03/03/2012,LOU,KY,ASO,CE,Towers with Radar,0,0,10,0,10,0,2,86,3,91,0,2,96,3,101,182,0,182,283
03/04/2012,LOU,KY,ASO,CE,Towers with Radar,0,0,14,0,14,0,8,53,0,61,0,8,67,0,75,76,0,76,151
03/05/2012,LOU,KY,ASO,CE,Towers with Radar,0,0,10,0,10,0,15,31,0,46,0,15,41,0,56,118,0,118,174
03/06/2012,LOU,KY,ASO,CE,Towers with Radar,0,2,20,0,22,0,5,92,0,97,0,7,112,0,119,70,0,70,189
03/07/2012,LOU,KY,ASO,CE,Towers with Radar,0,1,16,0,17,0,3,26,3,32,0,4,42,3,49,6,0,6,55
03/08/2012,LOU,KY,ASO,CE,Towers with Radar,0,1,16,0,17,0,0,1,0,1,0,1,17,0,18,0,0,0,18
03/09/2012,LOU,KY,ASO,CE,Towers with Radar,0,0,24,0,24,0,12,135,0,147,0,12,159,0,171,88,0,88,259
03/10/2012,LOU,KY,ASO,CE,Towers with Radar,0,0,22,0,22,0,3,177,3,183,0,3,199,3,205,434,0,434,639
03/11/2012,LOU,KY,ASO,CE,Towers with Radar,0,0,21,0,21,0,5,129,0,134,0,5,150,0,155,196,0,196,351
03/12/2012,LOU,KY,ASO,CE,Towers with Radar,0,0,13,0,13,0,3,23,3,29,0,3,36,3,42,84,0,84,126
03/13/2012,LOU,KY,ASO,CE,Towers with Radar,0,2,24,0,26,0,13,85,1,99,0,15,109,1,125,142,0,142,267
03/14/2012,LOU,KY,ASO,CE,Towers with Radar,0,0,26,0,26,0,10,126,0,136,0,10,152,0,162,136,0,136,298
03/15/2012,LOU,KY,ASO,CE,Towers with Radar,0,2,22,0,24,0,4,48,0,52,0,6,70,0,76,140,0,140,216
03/16/2012,LOU,KY,ASO,CE,Towers with Radar,0,1,13,0,14,0,3,55,0,58,0,4,68,0,72,178,0,178,250
03/17/2012,LOU,KY,ASO,CE,Towers with Radar,0,0,11,0,11,0,6,58,0,64,0,6,69,0,75,162,0,162,237
03/18/2012,LOU,KY,ASO,CE,Towers with Radar,0,0,27,0,27,0,3,104,1,108,0,3,131,1,135,160,0,160,295
03/19/2012,LOU,KY,ASO,CE,Towers with Radar,0,0,8,0,8,0,14,66,4,84,0,14,74,4,92,108,0,108,200
03/20/2012,LOU,KY,ASO,CE,Towers with Radar,0,2,29,0,31,0,13,90,5,108,0,15,119,5,139,272,0,272,411
03/21/2012,LOU,KY,ASO,CE,Towers with Radar,0,2,24,0,26,0,5,101,2,108,0,7,125,2,134,98,0,98,232
03/22/2012,LOU,KY,ASO,CE,Towers with Radar,0,6,48,0,54,0,6,74,0,80,0,12,122,0,134,104,0,104,238
03/23/2012,LOU,KY,ASO,CE,Towers with Radar,3,0,22,0,25,0,1,30,0,31,3,1,52,0,56,60,0,60,116
03/24/2012,LOU,KY,ASO,CE,Towers with Radar,0,0,17,0,17,0,8,85,1,94,0,8,102,1,111,244,0,244,355
03/25/2012,LOU,KY,ASO,CE,Towers with Radar,0,1,42,0,43,0,6,62,0,68,0,7,104,0,111,142,0,142,253
03/26/2012,LOU,KY,ASO,CE,Towers with Radar,0,0,16,0,16,0,9,106,0,115,0,9,122,0,131,148,0,148,279
03/27/2012,LOU,KY,ASO,CE,Towers with Radar,0,0,32,0,32,0,2,146,0,148,0,2,178,0,180,144,0,144,324
03/28/2012,LOU,KY,ASO,CE,Towers with Radar,0,0,23,0,23,0,3,49,0,52,0,3,72,0,75,66,0,66,141
03/29/2012,LOU,KY,ASO,CE,Towers with Radar,0,0,24,0,24,0,8,98,0,106,0,8,122,0,130,98,0,98,228
03/30/2012,LOU,KY,ASO,CE,Towers with Radar,0,1,29,0,30,0,9,60,0,69,0,10,89,0,99,50,0,50,149
03/31/2012,LOU,KY,ASO,CE,Towers with Radar,0,1,41,0,42,0,7,40,1,48,0,8,81,1,90,26,0,26,116
04/01/2012,LOU,KY,ASO,CE,Towers with Radar,0,0,14,0,14,0,0,62,1,63,0,0,76,1,77,42,0,42,119
04/02/2012,LOU,KY,ASO,CE,Towers with Radar,0,2,16,2,20,0,19,54,0,73,0,21,70,2,93,50,0,50,143
04/03/2012,LOU,KY,ASO,CE,Towers with Radar,0,2,34,0,36,0,6,92,2,100,0,8,126,2,136,122,0,122,258
04/04/2012,LOU,KY,ASO,CE,Towers with Radar,0,0,24,0,24,0,6,37,0,43,0,6,61,0,67,26,0,26,93
04/05/2012,LOU,KY,ASO,CE,Towers with Radar,0,0,25,0,25,0,3,96,3,102,0,3,121,3,127,78,0,78,205
04/06/2012,LOU,KY,ASO,CE,Towers with Radar,0,0,30,1,31,0,10,84,3,97,0,10,114,4,128,94,0,94,222
04/07/2012,LOU,KY,ASO,CE,Towers with Radar,0,2,31,0,33,0,3,151,0,154,0,5,182,0,187,206,0,206,393
04/08/2012,LOU,KY,ASO,CE,Towers with Radar,0,0,10,0,10,0,3,71,0,74,0,3,81,0,84,66,0,66,150
04/09/2012,LOU,KY,ASO,CE,Towers with Radar,0,0,12,0,12,0,22,63,0,85,0,22,75,0,97,42,0,42,139
04/10/2012,LOU,KY,ASO,CE,Towers with Radar,0,0,4,0,4,0,5,62,2,69,0,5,66,2,73,58,0,58,131
04/11/2012,LOU,KY,ASO,CE,Towers with Radar,0,0,28,0,28,0,10,76,2,88,0,10,104,2,116,104,0,104,220
04/12/2012,LOU,KY,ASO,CE,Towers with Radar,0,0,31,0,31,0,11,109,12,132,0,11,140,12,163,54,16,70,233
04/13/2012,LOU,KY,ASO,CE,Towers with Radar,0,0,23,4,27,0,16,96,16,128,0,16,119,20,155,54,0,54,209
04/14/2012,LOU,KY,ASO,CE,Towers with Radar,0,0,19,0,19,0,10,63,5,78,0,10,82,5,97,66,0,66,163
04/15/2012,LOU,KY,ASO,CE,Towers with Radar,0,2,15,0,17,0,9,66,0,75,0,11,81,0,92,54,0,54,146
04/16/2012,LOU,KY,ASO,CE,Towers with Radar,0,3,11,0,14,0,11,24,0,35,0,14,35,0,49,24,0,24,73
04/17/2012,LOU,KY,ASO,CE,Towers with Radar,0,1,25,0,26,0,13,100,1,114,0,14,125,1,140,108,0,108,248
04/18/2012,LOU,KY,ASO,CE,Towers with Radar,0,1,45,0,46,0,0,161,0,161,0,1,206,0,207,110,0,110,317
04/19/2012,LOU,KY,ASO,CE,Towers with Radar,0,3,43,0,46,0,22,118,1,141,0,25,161,1,187,70,2,72,259
04/20/2012,LOU,KY,ASO,CE,Towers with Radar,0,1,37,0,38,0,11,111,11,133,0,12,148,11,171,110,0,110,281
04/21/2012,LOU,KY,ASO,CE,Towers with Radar,0,0,14,0,14,0,14,63,7,84,0,14,77,7,98,60,0,60,158
04/22/2012,LOU,KY,ASO,CE,Towers with Radar,0,0,31,3,34,0,9,123,5,137,0,9,154,8,171,120,0,120,291
04/23/2012,LOU,KY,ASO,CE,Towers with Radar,0,0,24,0,24,0,3,28,0,31,0,3,52,0,55,16,0,16,71
04/24/2012,LOU,KY,ASO,CE,Towers with Radar,0,1,26,0,27,0,14,69,0,83,0,15,95,0,110,20,0,20,130
04/25/2012,LOU,KY,ASO,CE,Towers with Radar,0,2,27,0,29,0,14,57,0,71,0,16,84,0,100,88,0,88,188
04/26/2012,LOU,KY,ASO,CE,Towers with Radar,0,3,30,0,33,0,11,49,0,60,0,14,79,0,93,22,0,22,115
04/27/2012,LOU,KY,ASO,CE,Towers with Radar,0,0,33,0,33,0,12,119,1,132,0,12,152,1,165,94,0,94,259
04/28/2012,LOU,KY,ASO,CE,Towers with Radar,0,0,18,0,18,0,22,100,1,123,0,22,118,1,141,82,0,82,223
04/29/2012,LOU,KY,ASO,CE,Towers with Radar,0,0,29,0,29,0,26,73,0,99,0,26,102,0,128,160,0,160,288
04/30/2012,LOU,KY,ASO,CE,Towers with Radar,0,0,12,0,12,0,11,60,0,71,0,11,72,0,83,12,0,12,95
05/01/2012,LOU,KY,ASO,CE,Towers with Radar,0,1,26,0,27,0,4,40,0,44,0,5,66,0,71,40,0,40,111
05/02/2012,LOU,KY,ASO,CE,Towers with Radar,0,0,27,0,27,0,6,110,4,120,0,6,137,4,147,70,0,70,217
05/03/2012,LOU,KY,ASO,CE,Towers with Radar,0,7,83,0,90,0,20,134,10,164,0,27,217,10,254,186,0,186,440
05/04/2012,LOU,KY,ASO,CE,Towers with Radar,0,4,37,0,41,0,19,132,9,160,0,23,169,9,201,176,0,176,377
05/05/2012,LOU,KY,ASO,CE,Towers with Radar,0,1,49,0,50,0,19,168,5,192,0,20,217,5,242,250,4,254,496
05/06/2012,LOU,KY,ASO,CE,Towers with Radar,0,11,66,0,77,0,2,118,1,121,0,13,184,1,198,108,0,108,306
05/07/2012,LOU,KY,ASO,CE,Towers with Radar,0,4,21,0,25,0,14,44,0,58,0,18,65,0,83,98,0,98,181
05/08/2012,LOU,KY,ASO,CE,Towers with Radar,0,0,19,0,19,0,5,71,0,76,0,5,90,0,95,98,0,98,193
05/09/2012,LOU,KY,ASO,CE,Towers with Radar,0,0,33,0,33,0,13,85,9,107,0,13,118,9,140,96,0,96,236
05/10/2012,LOU,KY,ASO,CE,Towers with Radar,0,0,29,4,33,0,19,122,0,141,0,19,151,4,174,176,0,176,350
05/11/2012,LOU,KY,ASO,CE,Towers with Radar,0,0,27,1,28,0,18,146,0,164,0,18,173,1,192,182,0,182,374
05/12/2012,LOU,KY,ASO,CE,Towers with Radar,0,0,25,8,33,0,30,126,1,157,0,30,151,9,190,182,0,182,372
05/13/2012,LOU,KY,ASO,CE,Towers with Radar,0,0,29,0,29,0,0,0,0,0,0,0,29,0,29,0,0,0,29
05/14/2012,LOU,KY,ASO,CE,Towers with Radar,0,0,41,0,41,0,9,50,2,61,0,9,91,2,102,98,0,98,200
05/15/2012,LOU,KY,ASO,CE,Towers with Radar,0,0,32,0,32,0,4,119,0,123,0,4,151,0,155,210,0,210,365
05/16/2012,LOU,KY,ASO,CE,Towers with Radar,0,0,39,0,39,0,11,82,0,93,0,11,121,0,132,212,0,212,344
05/17/2012,LOU,KY,ASO,CE,Towers with Radar,0,0,31,1,32,0,27,115,4,146,0,27,146,5,178,184,10,194,372
05/18/2012,LOU,KY,ASO,CE,Towers with Radar,0,0,26,0,26,0,24,112,0,136,0,24,138,0,162,198,0,198,360
05/19/2012,LOU,KY,ASO,CE,Towers with Radar,0,4,24,0,28,0,32,161,0,193,0,36,185,0,221,184,0,184,405
05/20/2012,LOU,KY,ASO,CE,Towers with Radar,0,0,34,0,34,0,8,100,0,108,0,8,134,0,142,80,0,80,222
05/21/2012,LOU,KY,ASO,CE,Towers with Radar,0,0,10,0,10,0,3,61,8,72,0,3,71,8,82,56,0,56,138
05/22/2012,LOU,KY,ASO,CE,Towers with Radar,0,2,15,1,18,1,9,73,5,88,1,11,88,6,106,92,0,92,198
05/23/2012,LOU,KY,ASO,CE,Towers with Radar,0,2,43,0,45,0,2,70,13,85,0,4,113,13,130,212,0,212,342
05/24/2012,LOU,KY,ASO,CE,Towers with Radar,0,0,36,2,38,0,5,69,3,77,0,5,105,5,115,40,0,40,155
05/25/2012,LOU,KY,ASO,CE,Towers with Radar,0,1,35,0,36,0,11,90,1,102,0,12,125,1,138,78,0,78,216
05/26/2012,LOU,KY,ASO,CE,Towers with Radar,0,0,15,0,15,0,32,143,8,183,0,32,158,8,198,170,0,170,368
05/27/2012,LOU,KY,ASO,CE,Towers with Radar,0,0,10,1,11,0,20,79,1,100,0,20,89,2,111,96,0,96,207
05/28/2012,LOU,KY,ASO,CE,Towers with Radar,0,0,16,1,17,0,22,90,0,112,0,22,106,1,129,116,0,116,245
05/29/2012,LOU,KY,ASO,CE,Towers with Radar,0,0,19,0,19,0,13,41,0,54,0,13,60,0,73,58,0,58,131
05/30/2012,LOU,KY,ASO,CE,Towers with Radar,0,0,26,0,26,0,8,75,2,85,0,8,101,2,111,80,2,82,193
05/31/2012,LOU,KY,ASO,CE,Towers with Radar,0,0,19,0,19,0,11,62,1,74,0,11,81,1,93,72,0,72,165
06/01/2012,LOU,KY,ASO,CE,Towers with Radar,0,0,21,0,21,0,2,30,0,32,0,2,51,0,53,52,0,52,105
06/02/2012,LOU,KY,ASO,CE,Towers with Radar,0,0,20,0,20,0,6,113,0,119,0,6,133,0,139,206,0,206,345
06/03/2012,LOU,KY,ASO,CE,Towers with Radar,0,0,22,0,22,0,6,151,0,157,0,6,173,0,179,158,0,158,337
06/04/2012,LOU,KY,ASO,CE,Towers with Radar,0,0,21,1,22,0,4,38,7,49,0,4,59,8,71,30,6,36,107
06/05/2012,LOU,KY,ASO,CE,Towers with Radar,0,0,25,0,25,0,7,107,5,119,0,7,132,5,144,138,0,138,282
06/06/2012,LOU,KY,ASO,CE,Towers with Radar,0,1,31,0,32,0,4,111,3,118,0,5,142,3,150,160,0,160,310
06/07/2012,LOU,KY,ASO,CE,Towers with Radar,0,3,48,1,52,0,12,122,1,135,0,15,170,2,187,180,0,180,367
06/08/2012,LOU,KY,ASO,CE,Towers with Radar,0,0,27,0,27,0,5,114,0,119,0,5,141,0,146,140,0,140,286
06/09/2012,LOU,KY,ASO,CE,Towers with Radar,0,0,8,0,8,0,10,168,2,180,0,10,176,2,188,172,0,172,360
06/10/2012,LOU,KY,ASO,CE,Towers with Radar,0,0,19,0,19,0,16,77,0,93,0,16,96,0,112,100,0,100,212
06/11/2012,LOU,KY,ASO,CE,Towers with Radar,0,0,17,0,17,0,20,95,0,115,0,20,112,0,132,118,0,118,250
06/12/2012,LOU,KY,ASO,CE,Towers with Radar,0,0,29,0,29,0,12,65,1,78,0,12,94,1,107,108,0,108,215
06/13/2012,LOU,KY,ASO,CE,Towers with Radar,0,0,35,0,35,0,8,111,2,121,0,8,146,2,156,198,0,198,354
06/14/2012,LOU,KY,ASO,CE,Towers with Radar,0,0,23,0,23,0,10,140,1,151,0,10,163,1,174,232,0,232,406
06/15/2012,LOU,KY,ASO,CE,Towers with Radar,0,1,25,0,26,0,10,122,7,139,0,11,147,7,165,118,0,118,283
06/16/2012,LOU,KY,ASO,CE,Towers with Radar,0,1,23,0,24,0,28,106,4,138,0,29,129,4,162,202,0,202,364
06/17/2012,LOU,KY,ASO,CE,Towers with Radar,0,1,18,0,19,0,3,97,0,100,0,4,115,0,119,90,0,90,209
06/18/2012,LOU,KY,ASO,CE,Towers with Radar,0,0,21,0,21,0,12,75,1,88,0,12,96,1,109,110,0,110,219
06/19/2012,LOU,KY,ASO,CE,Towers with Radar,0,0,16,0,16,0,6,97,1,104,0,6,113,1,120,166,0,166,286
06/20/2012,LOU,KY,ASO,CE,Towers with Radar,2,2,25,0,29,0,10,95,1,106,2,12,120,1,135,92,0,92,227
06/21/2012,LOU,KY,ASO,CE,Towers with Radar,0,2,29,4,35,0,14,83,0,97,0,16,112,4,132,62,0,62,194
06/22/2012,LOU,KY,ASO,CE,Towers with Radar,0,0,26,0,26,0,27,98,1,126,0,27,124,1,152,146,2,148,300
06/23/2012,LOU,KY,ASO,CE,Towers with Radar,0,0,21,0,21,0,9,186,9,204,0,9,207,9,225,180,0,180,405
06/24/2012,LOU,KY,ASO,CE,Towers with Radar,0,0,27,0,27,0,1,94,0,95,0,1,121,0,122,120,0,120,242
06/25/2012,LOU,KY,ASO,CE,Towers with Radar,0,2,22,0,24,0,5,67,0,72,0,7,89,0,96,46,0,46,142
06/26/2012,LOU,KY,ASO,CE,Towers with Radar,0,5,25,0,30,0,4,135,0,139,0,9,160,0,169,144,0,144,313
06/27/2012,LOU,KY,ASO,CE,Towers with Radar,0,0,32,0,32,0,8,115,2,125,0,8,147,2,157,144,0,144,301
06/28/2012,LOU,KY,ASO,CE,Towers with Radar,0,0,32,0,32,0,4,72,1,77,0,4,104,1,109,32,0,32,141
06/29/2012,LOU,KY,ASO,CE,Towers with Radar,0,0,32,0,32,0,7,71,2,80,0,7,103,2,112,88,0,88,200
06/30/2012,LOU,KY,ASO,CE,Towers with Radar,0,0,26,0,26,0,17,93,3,113,0,17,119,3,139,142,0,142,281
07/01/2012,LOU,KY,ASO,CE,Towers with Radar,3,0,19,0,22,0,2,59,0,61,3,2,78,0,83,106,0,106,189
07/02/2012,LOU,KY,ASO,CE,Towers with Radar,0,0,15,0,15,0,2,72,0,74,0,2,87,0,89,74,0,74,163
07/03/2012,LOU,KY,ASO,CE,Towers with Radar,0,0,41,0,41,0,4,80,0,84,0,4,121,0,125,132,0,132,257
07/04/2012,LOU,KY,ASO,CE,Towers with Radar,0,1,17,0,18,0,0,72,0,72,0,1,89,0,90,108,0,108,198
07/05/2012,LOU,KY,ASO,CE,Towers with Radar,0,0,22,0,22,0,4,59,1,64,0,4,81,1,86,50,0,50,136
07/06/2012,LOU,KY,ASO,CE,Towers with Radar,0,0,20,0,20,0,8,82,0,90,0,8,102,0,110,66,0,66,176
07/07/2012,LOU,KY,ASO,CE,Towers with Radar,0,0,15,0,15,0,7,73,1,81,0,7,88,1,96,42,0,42,138
07/08/2012,LOU,KY,ASO,CE,Towers with Radar,0,0,12,0,12,0,0,45,0,45,0,0,57,0,57,54,0,54,111
07/09/2012,LOU,KY,ASO,CE,Towers with Radar,0,1,28,0,29,0,2,80,0,82,0,3,108,0,111,56,0,56,167
07/10/2012,LOU,KY,ASO,CE,Towers with Radar,0,1,28,0,29,0,14,118,2,134,0,15,146,2,163,84,0,84,247
07/11/2012,LOU,KY,ASO,CE,Towers with Radar,0,0,30,0,30,0,8,79,0,87,0,8,109,0,117,80,0,80,197
07/12/2012,LOU,KY,ASO,CE,Towers with Radar,0,0,24,0,24,0,2,61,0,63,0,2,85,0,87,70,0,70,157
07/13/2012,LOU,KY,ASO,CE,Towers with Radar,0,0,19,0,19,0,10,46,0,56,0,10,65,0,75,80,0,80,155
07/14/2012,LOU,KY,ASO,CE,Towers with Radar,0,0,17,0,17,4,5,53,0,62,4,5,70,0,79,108,0,108,187
07/15/2012,LOU,KY,ASO,CE,Towers with Radar,0,3,25,0,28,0,6,54,4,64,0,9,79,4,92,60,0,60,152
07/16/2012,LOU,KY,ASO,CE,Towers with Radar,0,1,19,0,20,0,6,56,0,62,0,7,75,0,82,92,0,92,174
07/17/2012,LOU,KY,ASO,CE,Towers with Radar,0,0,32,0,32,0,16,93,6,115,0,16,125,6,147,140,0,140,287
07/18/2012,LOU,KY,ASO,CE,Towers with Radar,0,0,23,0,23,0,10,71,0,81,0,10,94,0,104,80,0,80,184
07/19/2012,LOU,KY,ASO,CE,Towers with Radar,0,0,34,0,34,0,4,148,3,155,0,4,182,3,189,60,0,60,249
07/20/2012,LOU,KY,ASO,CE,Towers with Radar,0,0,39,0,39,0,19,100,0,119,0,19,139,0,158,214,0,214,372
07/21/2012,LOU,KY,ASO,CE,Towers with Radar,0,0,29,0,29,0,11,187,1,199,0,11,216,1,228,202,0,202,430
07/22/2012,LOU,KY,ASO,CE,Towers with Radar,0,1,21,0,22,0,7,121,0,128,0,8,142,0,150,64,0,64,214
07/23/2012,LOU,KY,ASO,CE,Towers with Radar,0,2,27,0,29,0,13,92,0,105,0,15,119,0,134,112,0,112,246
07/24/2012,LOU,KY,ASO,CE,Towers with Radar,0,0,32,0,32,0,13,71,3,87,0,13,103,3,119,130,0,130,249
07/25/2012,LOU,KY,ASO,CE,Towers with Radar,0,0,28,0,28,0,12,73,2,87,0,12,101,2,115,110,0,110,225
07/26/2012,LOU,KY,ASO,CE,Towers with Radar,0,0,35,0,35,0,5,53,1,59,0,5,88,1,94,62,0,62,156
07/27/2012,LOU,KY,ASO,CE,Towers with Radar,0,0,23,0,23,0,8,57,0,65,0,8,80,0,88,178,0,178,266
07/28/2012,LOU,KY,ASO,CE,Towers with Radar,0,0,17,0,17,0,20,124,0,144,0,20,141,0,161,176,0,176,337
07/29/2012,LOU,KY,ASO,CE,Towers with Radar,0,0,24,0,24,0,7,115,0,122,0,7,139,0,146,172,0,172,318
07/30/2012,LOU,KY,ASO,CE,Towers with Radar,0,0,23,0,23,0,14,95,2,111,0,14,118,2,134,214,0,214,348
07/31/2012,LOU,KY,ASO,CE,Towers with Radar,0,4,31,0,35,0,6,83,5,94,0,10,114,5,129,134,0,134,263
08/01/2012,LOU,KY,ASO,CE,Towers with Radar,0,1,26,1,28,0,15,95,4,114,0,16,121,5,142,120,0,120,262
08/02/2012,LOU,KY,ASO,CE,Towers with Radar,0,2,31,0,33,0,14,92,1,107,0,16,123,1,140,184,0,184,324
08/03/2012,LOU,KY,ASO,CE,Towers with Radar,0,2,38,1,41,0,9,68,1,78,0,11,106,2,119,182,0,182,301
08/04/2012,LOU,KY,ASO,CE,Towers with Radar,0,0,17,0,17,0,48,77,0,125,0,48,94,0,142,160,0,160,302
08/05/2012,LOU,KY,ASO,CE,Towers with Radar,0,2,13,0,15,0,10,60,0,70,0,12,73,0,85,188,0,188,273
08/06/2012,LOU,KY,ASO,CE,Towers with Radar,0,0,23,0,23,0,8,90,1,99,0,8,113,1,122,130,0,130,252
08/07/2012,LOU,KY,ASO,CE,Towers with Radar,0,0,37,0,37,0,7,121,2,130,0,7,158,2,167,190,0,190,357
08/08/2012,LOU,KY,ASO,CE,Towers with Radar,0,0,29,0,29,0,6,89,2,97,0,6,118,2,126,82,0,82,208
08/09/2012,LOU,KY,ASO,CE,Towers with Radar,0,1,31,0,32,0,4,52,0,56,0,5,83,0,88,38,32,70,158
08/10/2012,LOU,KY,ASO,CE,Towers with Radar,0,0,34,0,34,0,8,74,1,83,0,8,108,1,117,46,0,46,163
08/11/2012,LOU,KY,ASO,CE,Towers with Radar,0,0,27,0,27,0,27,198,1,226,0,27,225,1,253,304,0,304,557
08/12/2012,LOU,KY,ASO,CE,Towers with Radar,0,0,30,0,30,0,16,131,1,148,0,16,161,1,178,172,0,172,350
08/13/2012,LOU,KY,ASO,CE,Towers with Radar,0,0,27,0,27,0,11,51,2,64,0,11,78,2,91,26,0,26,117
08/14/2012,LOU,KY,ASO,CE,Towers with Radar,0,0,39,1,40,0,37,84,6,127,0,37,123,7,167,84,20,104,271
08/15/2012,LOU,KY,ASO,CE,Towers with Radar,0,0,25,0,25,0,10,130,0,140,0,10,155,0,165,66,0,66,231
08/16/2012,LOU,KY,ASO,CE,Towers with Radar,0,0,28,0,28,0,6,79,2,87,0,6,107,2,115,98,0,98,213
08/17/2012,LOU,KY,ASO,CE,Towers with Radar,0,0,32,0,32,0,8,52,1,61,0,8,84,1,93,60,6,66,159
08/18/2012,LOU,KY,ASO,CE,Towers with Radar,0,2,21,1,24,0,18,192,8,218,0,20,213,9,242,242,0,242,484
08/19/2012,LOU,KY,ASO,CE,Towers with Radar,0,2,15,0,17,0,18,134,0,152,0,20,149,0,169,192,0,192,361
08/20/2012,LOU,KY,ASO,CE,Towers with Radar,0,0,16,0,16,0,7,109,2,118,0,7,125,2,134,94,0,94,228
08/21/2012,LOU,KY,ASO,CE,Towers with Radar,0,0,21,0,21,0,7,80,0,87,0,7,101,0,108,186,0,186,294
08/22/2012,LOU,KY,ASO,CE,Towers with Radar,0,2,24,0,26,0,2,116,0,118,0,4,140,0,144,130,0,130,274
08/23/2012,LOU,KY,ASO,CE,Towers with Radar,0,0,31,3,34,0,4,122,2,128,0,4,153,5,162,148,2,150,312
08/24/2012,LOU,KY,ASO,CE,Towers with Radar,0,0,19,0,19,0,5,104,0,109,0,5,123,0,128,84,0,84,212
08/25/2012,LOU,KY,ASO,CE,Towers with Radar,0,1,17,0,18,0,21,116,0,137,0,22,133,0,155,138,0,138,293
08/26/2012,LOU,KY,ASO,CE,Towers with Radar,0,3,17,0,20,0,19,104,4,127,0,22,121,4,147,174,0,174,321
08/27/2012,LOU,KY,ASO,CE,Towers with Radar,0,1,30,2,33,0,2,51,0,53,0,3,81,2,86,84,0,84,170
08/28/2012,LOU,KY,ASO,CE,Towers with Radar,0,0,27,0,27,0,11,88,6,105,0,11,115,6,132,128,0,128,260
08/29/2012,LOU,KY,ASO,CE,Towers with Radar,0,0,16,0,16,0,14,78,0,92,0,14,94,0,108,82,0,82,190
08/30/2012,LOU,KY,ASO,CE,Towers with Radar,0,0,30,0,30,0,10,82,2,94,0,10,112,2,124,58,0,58,182
08/31/2012,LOU,KY,ASO,CE,Towers with Radar,0,0,34,0,34,0,9,79,3,91,0,9,113,3,125,94,0,94,219
09/01/2012,LOU,KY,ASO,CE,Towers with Radar,5,2,7,0,14,0,11,42,0,53,5,13,49,0,67,100,0,100,167
09/02/2012,LOU,KY,ASO,CE,Towers with Radar,0,0,6,0,6,0,0,5,0,5,0,0,11,0,11,40,0,40,51
09/03/2012,LOU,KY,ASO,CE,Towers with Radar,0,0,24,0,24,0,0,13,0,13,0,0,37,0,37,46,0,46,83
09/04/2012,LOU,KY,ASO,CE,Towers with Radar,0,0,33,3,36,0,4,44,6,54,0,4,77,9,90,64,0,64,154
09/05/2012,LOU,KY,ASO,CE,Towers with Radar,0,0,40,0,40,0,10,49,0,59,0,10,89,0,99,64,0,64,163
09/06/2012,LOU,KY,ASO,CE,Towers with Radar,0,0,40,0,40,0,6,114,0,120,0,6,154,0,160,112,0,112,272
09/07/2012,LOU,KY,ASO,CE,Towers with Radar,0,1,32,1,34,0,2,68,4,74,0,3,100,5,108,84,0,84,192
09/08/2012,LOU,KY,ASO,CE,Towers with Radar,0,0,23,0,23,0,9,84,0,93,0,9,107,0,116,134,0,134,250
09/09/2012,LOU,KY,ASO,CE,Towers with Radar,0,1,29,0,30,0,14,123,2,139,0,15,152,2,169,154,0,154,323
09/10/2012,LOU,KY,ASO,CE,Towers with Radar,0,4,28,0,32,0,16,91,0,107,0,20,119,0,139,102,0,102,241
09/11/2012,LOU,KY,ASO,CE,Towers with Radar,0,1,30,0,31,0,22,94,1,117,0,23,124,1,148,118,0,118,266
09/12/2012,LOU,KY,ASO,CE,Towers with Radar,0,4,22,0,26,0,6,77,0,83,0,10,99,0,109,40,0,40,149
09/13/2012,LOU,KY,ASO,CE,Towers with Radar,0,1,38,0,39,0,5,80,0,85,0,6,118,0,124,80,0,80,204
09/14/2012,LOU,KY,ASO,CE,Towers with Radar,0,0,37,0,37,0,5,100,0,105,0,5,137,0,142,52,0,52,194
09/15/2012,LOU,KY,ASO,CE,Towers with Radar,0,0,19,0,19,0,3,128,0,131,0,3,147,0,150,177,0,177,327
09/16/2012,LOU,KY,ASO,CE,Towers with Radar,0,0,25,0,25,0,1,121,0,122,0,1,146,0,147,124,0,124,271
09/17/2012,LOU,KY,ASO,CE,Towers with Radar,0,0,19,0,19,0,2,17,0,19,0,2,36,0,38,16,0,16,54
09/18/2012,LOU,KY,ASO,CE,Towers with Radar,0,0,28,0,28,0,17,38,0,55,0,17,66,0,83,60,0,60,143
09/19/2012,LOU,KY,ASO,CE,Towers with Radar,0,1,32,0,33,0,5,89,1,95,0,6,121,1,128,84,0,84,212
09/20/2012,LOU,KY,ASO,CE,Towers with Radar,0,0,25,0,25,0,16,93,1,110,0,16,118,1,135,120,0,120,255
09/21/2012,LOU,KY,ASO,CE,Towers with Radar,0,0,33,0,33,0,15,73,2,90,0,15,106,2,123,78,0,78,201
09/22/2012,LOU,KY,ASO,CE,Towers with Radar,0,0,18,0,18,0,15,71,0,86,0,15,89,0,104,52,0,52,156
09/23/2012,LOU,KY,ASO,CE,Towers with Radar,0,2,20,0,22,0,26,161,0,187,0,28,181,0,209,146,0,146,355
09/24/2012,LOU,KY,ASO,CE,Towers with Radar,0,2,20,0,22,0,14,73,2,89,0,16,93,2,111,136,8,144,255
09/25/2012,LOU,KY,ASO,CE,Towers with Radar,0,0,19,1,20,0,2,29,2,33,0,2,48,3,53,72,0,72,125
09/26/2012,LOU,KY,ASO,CE,Towers with Radar,0,0,12,0,12,0,3,47,1,51,0,3,59,1,63,56,2,58,121
09/27/2012,LOU,KY,ASO,CE,Towers with Radar,0,2,28,1,31,0,2,51,0,53,0,4,79,1,84,106,0,106,190
09/28/2012,LOU,KY,ASO,CE,Towers with Radar,0,0,33,0,33,0,2,45,0,47,0,2,78,0,80,44,0,44,124
09/29/2012,LOU,KY,ASO,CE,Towers with Radar,0,0,30,0,30,0,19,88,2,109,0,19,118,2,139,66,6,72,211
09/30/2012,LOU,KY,ASO,CE,Towers with Radar,0,0,15,0,15,0,16,139,7,162,0,16,154,7,177,108,0,108,285
10/01/2012,LOU,KY,ASO,CE,Towers with Radar,0,0,19,0,19,0,6,12,0,18,0,6,31,0,37,44,0,44,81
10/02/2012,LOU,KY,ASO,CE,Towers with Radar,0,3,20,0,23,0,6,21,0,27,0,9,41,0,50,102,0,102,152
10/03/2012,LOU,KY,ASO,CE,Towers with Radar,0,4,35,0,39,0,14,63,7,84,0,18,98,7,123,116,0,116,239
10/04/2012,LOU,KY,ASO,CE,Towers with Radar,0,1,31,1,33,0,10,109,2,121,0,11,140,3,154,162,0,162,316
10/05/2012,LOU,KY,ASO,CE,Towers with Radar,0,4,35,0,39,0,12,88,2,102,0,16,123,2,141,76,0,76,217
10/06/2012,LOU,KY,ASO,CE,Towers with Radar,0,1,14,1,16,0,12,111,0,123,0,13,125,1,139,138,0,138,277
10/07/2012,LOU,KY,ASO,CE,Towers with Radar,0,1,30,0,31,0,21,107,0,128,0,22,137,0,159,192,0,192,351
10/08/2012,LOU,KY,ASO,CE,Towers with Radar,0,0,25,0,25,0,5,88,2,95,0,5,113,2,120,174,0,174,294
10/09/2012,LOU,KY,ASO,CE,Towers with Radar,0,0,23,0,23,0,13,95,0,108,0,13,118,0,131,162,0,162,293
10/10/2012,LOU,KY,ASO,CE,Towers with Radar,0,0,23,1,24,0,12,59,13,84,0,12,82,14,108,66,22,88,196
10/11/2012,LOU,KY,ASO,CE,Towers with Radar,0,1,30,0,31,0,6,98,0,104,0,7,128,0,135,210,0,210,345
10/12/2012,LOU,KY,ASO,CE,Towers with Radar,0,1,31,0,32,0,13,94,9,116,0,14,125,9,148,72,0,72,220
10/13/2012,LOU,KY,ASO,CE,Towers with Radar,0,0,36,0,36,0,26,118,1,145,0,26,154,1,181,166,0,166,347
10/14/2012,LOU,KY,ASO,CE,Towers with Radar,0,4,17,0,21,0,0,5,0,5,0,4,22,0,26,2,0,2,28
10/15/2012,LOU,KY,ASO,CE,Towers with Radar,0,0,30,0,30,0,15,73,0,88,0,15,103,0,118,54,0,54,172
10/16/2012,LOU,KY,ASO,CE,Towers with Radar,0,0,34,0,34,0,6,107,0,113,0,6,141,0,147,152,0,152,299
10/17/2012,LOU,KY,ASO,CE,Towers with Radar,0,0,26,0,26,0,7,72,0,79,0,7,98,0,105,28,2,30,135
10/18/2012,LOU,KY,ASO,CE,Towers with Radar,0,3,19,0,22,0,3,52,0,55,0,6,71,0,77,64,0,64,141
10/19/2012,LOU,KY,ASO,CE,Towers with Radar,0,0,28,0,28,0,3,34,0,37,0,3,62,0,65,25,0,25,90
10/20/2012,LOU,KY,ASO,CE,Towers with Radar,0,0,25,0,25,0,3,61,0,64,0,3,86,0,89,90,0,90,179
10/21/2012,LOU,KY,ASO,CE,Towers with Radar,0,1,24,0,25,0,16,152,0,168,0,17,176,0,193,306,0,306,499
10/22/2012,LOU,KY,ASO,CE,Towers with Radar,0,4,26,0,30,0,21,82,2,105,0,25,108,2,135,108,0,108,243
10/23/2012,LOU,KY,ASO,CE,Towers with Radar,0,4,15,3,22,0,13,100,0,113,0,17,115,3,135,146,0,146,281
10/24/2012,LOU,KY,ASO,CE,Towers with Radar,0,0,35,0,35,0,13,108,1,122,0,13,143,1,157,194,0,194,351
10/25/2012,LOU,KY,ASO,CE,Towers with Radar,0,3,50,0,53,0,27,117,5,149,0,30,167,5,202,154,0,154,356
10/26/2012,LOU,KY,ASO,CE,Towers with Radar,0,2,36,1,39,0,3,8,0,11,0,5,44,1,50,26,0,26,76
10/27/2012,LOU,KY,ASO,CE,Towers with Radar,0,0,18,0,18,0,12,91,2,105,0,12,109,2,123,20,0,20,143
10/28/2012,LOU,KY,ASO,CE,Towers with Radar,0,0,23,0,23,0,16,95,0,111,0,16,118,0,134,146,0,146,280
10/29/2012,LOU,KY,ASO,CE,Towers with Radar,0,0,21,0,21,0,19,49,1,69,0,19,70,1,90,14,0,14,104
10/30/2012,LOU,KY,ASO,CE,Towers with Radar,0,1,11,0,12,0,8,14,0,22,0,9,25,0,34,36,0,36,70
10/31/2012,LOU,KY,ASO,CE,Towers with Radar,0,0,29,0,29,0,19,71,1,91,0,19,100,1,120,100,0,100,220
11/01/2012,LOU,KY,ASO,CE,Towers with Radar,0,0,32,1,33,0,10,102,1,113,0,10,134,2,146,146,0,146,292
11/02/2012,LOU,KY,ASO,CE,Towers with Radar,0,0,36,1,37,0,11,120,1,132,0,11,156,2,169,108,0,108,277
11/03/2012,LOU,KY,ASO,CE,Towers with Radar,0,0,19,0,19,0,4,54,0,58,0,4,73,0,77,26,0,26,103
11/04/2012,LOU,KY,ASO,CE,Towers with Radar,1,0,23,0,24,0,1,172,0,173,1,1,195,0,197,30,0,30,227
11/05/2012,LOU,KY,ASO,CE,Towers with Radar,0,0,17,0,17,0,4,98,0,102,0,4,115,0,119,142,0,142,261
11/06/2012,LOU,KY,ASO,CE,Towers with Radar,0,0,20,0,20,0,1,105,0,106,0,1,125,0,126,164,0,164,290
11/07/2012,LOU,KY,ASO,CE,Towers with Radar,0,0,18,0,18,0,5,22,5,32,0,5,40,5,50,46,0,46,96
11/08/2012,LOU,KY,ASO,CE,Towers with Radar,0,2,26,0,28,0,5,95,3,103,0,7,121,3,131,126,0,126,257
11/09/2012,LOU,KY,ASO,CE,Towers with Radar,0,0,28,3,31,0,1,125,3,129,0,1,153,6,160,108,0,108,268
11/10/2012,LOU,KY,ASO,CE,Towers with Radar,0,0,42,0,42,0,5,115,0,120,0,5,157,0,162,102,0,102,264
11/11/2012,LOU,KY,ASO,CE,Towers with Radar,0,0,19,0,19,0,1,71,0,72,0,1,90,0,91,56,0,56,147
11/12/2012,LOU,KY,ASO,CE,Towers with Radar,0,2,13,0,15,0,6,23,2,31,0,8,36,2,46,22,0,22,68
11/13/2012,LOU,KY,ASO,CE,Towers with Radar,0,0,22,0,22,0,6,99,4,109,0,6,121,4,131,162,0,162,293
11/14/2012,LOU,KY,ASO,CE,Towers with Radar,0,0,24,2,26,0,10,71,0,81,0,10,95,2,107,116,0,116,223
11/15/2012,LOU,KY,ASO,CE,Towers with Radar,0,0,32,0,32,0,4,72,0,76,0,4,104,0,108,98,0,98,206
11/16/2012,LOU,KY,ASO,CE,Towers with Radar,0,0,25,0,25,0,13,89,2,104,0,13,114,2,129,62,0,62,191
11/17/2012,LOU,KY,ASO,CE,Towers with Radar,0,0,13,1,14,0,12,182,1,195,0,12,195,2,209,214,0,214,423
11/18/2012,LOU,KY,ASO,CE,Towers with Radar,0,0,18,0,18,0,12,170,0,182,0,12,188,0,200,126,0,126,326
11/19/2012,LOU,KY,ASO,CE,Towers with Radar,0,0,21,0,21,0,5,78,1,84,0,5,99,1,105,120,0,120,225
11/20/2012,LOU,KY,ASO,CE,Towers with Radar,0,3,26,0,29,0,3,89,0,92,0,6,115,0,121,210,0,210,331
11/21/2012,LOU,KY,ASO,CE,Towers with Radar,0,3,23,0,26,0,14,99,3,116,0,17,122,3,142,206,0,206,348
11/22/2012,LOU,KY,ASO,CE,Towers with Radar,0,0,12,0,12,0,0,70,0,70,0,0,82,0,82,10,0,10,92
11/23/2012,LOU,KY,ASO,CE,Towers with Radar,0,2,10,0,12,0,6,58,0,64,0,8,68,0,76,54,0,54,130
11/24/2012,LOU,KY,ASO,CE,Towers with Radar,0,1,22,0,23,0,8,97,3,108,0,9,119,3,131,118,0,118,249
11/25/2012,LOU,KY,ASO,CE,Towers with Radar,0,0,34,0,34,0,4,113,0,117,0,4,147,0,151,122,0,122,273
11/26/2012,LOU,KY,ASO,CE,Towers with Radar,0,2,11,0,13,0,0,60,3,63,0,2,71,3,76,90,0,90,166
11/27/2012,LOU,KY,ASO,CE,Towers with Radar,0,2,31,0,33,0,4,75,3,82,0,6,106,3,115,138,16,154,269
11/28/2012,LOU,KY,ASO,CE,Towers with Radar,0,2,28,0,30,0,5,90,0,95,0,7,118,0,125,162,4,166,291
11/29/2012,LOU,KY,ASO,CE,Towers with Radar,0,6,25,0,31,0,3,80,7,90,0,9,105,7,121,56,22,78,199
11/30/2012,LOU,KY,ASO,CE,Towers with Radar,0,2,31,0,33,0,4,132,8,144,0,6,163,8,177,106,6,112,289
12/01/2012,LOU,KY,ASO,CE,Towers with Radar,0,0,14,0,14,0,0,131,2,133,0,0,145,2,147,234,0,234,381
12/02/2012,LOU,KY,ASO,CE,Towers with Radar,0,0,14,0,14,0,2,20,0,22,0,2,34,0,36,52,0,52,88
12/03/2012,LOU,KY,ASO,CE,Towers with Radar,0,7,21,0,28,0,1,47,0,48,0,8,68,0,76,54,0,54,130
12/04/2012,LOU,KY,ASO,CE,Towers with Radar,0,2,9,0,11,0,4,5,0,9,0,6,14,0,20,2,0,2,22
12/05/2012,LOU,KY,ASO,CE,Towers with Radar,0,2,22,0,24,0,4,97,2,103,0,6,119,2,127,276,0,276,403
12/06/2012,LOU,KY,ASO,CE,Towers with Radar,0,4,26,0,30,0,3,54,0,57,0,7,80,0,87,50,0,50,137
12/07/2012,LOU,KY,ASO,CE,Towers with Radar,0,6,18,0,24,0,0,1,0,1,0,6,19,0,25,0,0,0,25
12/08/2012,LOU,KY,ASO,CE,Towers with Radar,0,4,19,0,23,0,0,46,0,46,0,4,65,0,69,210,0,210,279
12/09/2012,LOU,KY,ASO,CE,Towers with Radar,0,0,6,0,6,0,0,10,0,10,0,0,16,0,16,40,0,40,56
12/10/2012,LOU,KY,ASO,CE,Towers with Radar,0,2,11,0,13,0,0,8,0,8,0,2,19,0,21,6,0,6,27
12/11/2012,LOU,KY,ASO,CE,Towers with Radar,0,2,14,0,16,0,3,63,0,66,0,5,77,0,82,88,0,88,170
12/12/2012,LOU,KY,ASO,CE,Towers with Radar,0,2,20,0,22,0,1,108,4,113,0,3,128,4,135,136,0,136,271
12/13/2012,LOU,KY,ASO,CE,Towers with Radar,0,3,26,0,29,0,0,119,0,119,0,3,145,0,148,80,0,80,228
12/14/2012,LOU,KY,ASO,CE,Towers with Radar,0,2,26,0,28,0,3,120,3,126,0,5,146,3,154,128,0,128,282
12/15/2012,LOU,KY,ASO,CE,Towers with Radar,0,0,7,0,7,0,6,36,0,42,0,6,43,0,49,74,0,74,123
12/16/2012,LOU,KY,ASO,CE,Towers with Radar,2,0,15,2,19,0,7,37,6,50,2,7,52,8,69,122,0,122,191
12/17/2012,LOU,KY,ASO,CE,Towers with Radar,0,6,27,0,33,0,2,14,0,16,0,8,41,0,49,12,0,12,61
12/18/2012,LOU,KY,ASO,CE,Towers with Radar,0,2,22,0,24,0,13,53,0,66,0,15,75,0,90,130,0,130,220
12/19/2012,LOU,KY,ASO,CE,Towers with Radar,0,2,25,0,27,0,9,123,4,136,0,11,148,4,163,170,4,174,337
12/20/2012,LOU,KY,ASO,CE,Towers with Radar,0,5,10,0,15,0,0,3,0,3,0,5,13,0,18,2,0,2,20
12/21/2012,LOU,KY,ASO,CE,Towers with Radar,0,2,6,0,8,0,7,12,10,29,0,9,18,10,37,32,32,64,101
12/22/2012,LOU,KY,ASO,CE,Towers with Radar,0,3,21,0,24,0,1,131,0,132,0,4,152,0,156,110,0,110,266
12/23/2012,LOU,KY,ASO,CE,Towers with Radar,0,1,15,0,16,0,3,110,0,113,0,4,125,0,129,138,0,138,267
12/24/2012,LOU,KY,ASO,CE,Towers with Radar,0,3,4,0,7,0,1,6,0,7,0,4,10,0,14,12,0,12,26
12/25/2012,LOU,KY,ASO,CE,Towers with Radar,0,1,4,0,5,0,6,14,0,20,0,7,18,0,25,28,0,28,53
12/26/2012,LOU,KY,ASO,CE,Towers with Radar,0,3,2,0,5,0,0,0,0,0,0,3,2,0,5,0,0,0,5
12/27/2012,LOU,KY,ASO,CE,Towers with Radar,0,2,16,0,18,0,1,49,3,53,0,3,65,3,71,42,4,46,117
12/28/2012,LOU,KY,ASO,CE,Towers with Radar,0,2,10,0,12,0,2,55,6,63,0,4,65,6,75,160,0,160,235
12/29/2012,LOU,KY,ASO,CE,Towers with Radar,0,0,5,0,5,0,2,5,0,7,0,2,10,0,12,32,0,32,44
12/30/2012,LOU,KY,ASO,CE,Towers with Radar,0,0,22,0,22,0,0,103,0,103,0,0,125,0,125,134,0,134,259
12/31/2012,LOU,KY,ASO,CE,Towers with Radar,0,3,14,0,17,0,6,44,0,50,0,9,58,0,67,82,0,82,149
01/01/2013,LOU,KY,ASO,CE,Towers with Radar,0,0,6,0,6,0,0,2,0,2,0,0,8,0,8,2,0,2,10
01/02/2013,LOU,KY,ASO,CE,Towers with Radar,0,2,23,0,25,0,4,63,2,69,0,6,86,2,94,82,0,82,176
01/03/2013,LOU,KY,ASO,CE,Towers with Radar,0,2,14,0,16,0,4,78,0,82,0,6,92,0,98,84,0,84,182
01/04/2013,LOU,KY,ASO,CE,Towers with Radar,0,3,16,0,19,0,5,87,0,92,0,8,103,0,111,116,0,116,227
01/05/2013,LOU,KY,ASO,CE,Towers with Radar,0,0,16,0,16,0,0,109,0,109,0,0,125,0,125,158,0,158,283
01/06/2013,LOU,KY,ASO,CE,Towers with Radar,0,0,8,0,8,0,2,43,0,45,0,2,51,0,53,88,0,88,141
01/07/2013,LOU,KY,ASO,CE,Towers with Radar,0,2,23,0,25,0,8,71,1,80,0,10,94,1,105,84,0,84,189
01/08/2013,LOU,KY,ASO,CE,Towers with Radar,0,1,23,2,26,0,5,82,2,89,0,6,105,4,115,70,0,70,185
01/09/2013,LOU,KY,ASO,CE,Towers with Radar,0,4,15,0,19,0,1,82,3,86,0,5,97,3,105,84,0,84,189
01/10/2013,LOU,KY,ASO,CE,Towers with Radar,1,3,20,0,24,0,0,5,0,5,1,3,25,0,29,8,4,12,41
01/11/2013,LOU,KY,ASO,CE,Towers with Radar,0,2,18,0,20,0,1,51,0,52,0,3,69,0,72,70,0,70,142
01/12/2013,LOU,KY,ASO,CE,Towers with Radar,0,0,13,0,13,0,0,46,0,46,0,0,59,0,59,254,0,254,313
01/13/2013,LOU,KY,ASO,CE,Towers with Radar,0,0,10,0,10,0,0,3,0,3,0,0,13,0,13,20,0,20,33
01/14/2013,LOU,KY,ASO,CE,Towers with Radar,0,2,13,0,15,0,6,24,0,30,0,8,37,0,45,28,0,28,73
01/15/2013,LOU,KY,ASO,CE,Towers with Radar,0,2,19,0,21,0,1,9,0,10,0,3,28,0,31,42,0,42,73
01/16/2013,LOU,KY,ASO,CE,Towers with Radar,0,4,21,2,27,0,1,44,2,47,0,5,65,4,74,74,8,82,156
01/17/2013,LOU,KY,ASO,CE,Towers with Radar,1,4,14,0,19,0,1,61,0,62,1,5,75,0,81,36,0,36,117
01/18/2013,LOU,KY,ASO,CE,Towers with Radar,0,2,15,2,19,0,3,123,13,139,0,5,138,15,158,80,0,80,238
01/19/2013,LOU,KY,ASO,CE,Towers with Radar,0,0,19,0,19,0,1,79,4,84,0,1,98,4,103,32,0,32,135
01/20/2013,LOU,KY,ASO,CE,Towers with Radar,0,0,16,0,16,0,1,84,0,85,0,1,100,0,101,86,0,86,187
01/21/2013,LOU,KY,ASO,CE,Towers with Radar,0,4,20,0,24,0,1,46,0,47,0,5,66,0,71,78,0,78,149
01/22/2013,LOU,KY,ASO,CE,Towers with Radar,0,2,19,0,21,0,2,33,0,35,0,4,52,0,56,92,0,92,148
01/23/2013,LOU,KY,ASO,CE,Towers with Radar,0,2,15,0,17,0,3,61,4,68,0,5,76,4,85,44,6,50,135
01/24/2013,LOU,KY,ASO,CE,Towers with Radar,0,3,11,4,18,0,6,41,1,48,0,9,52,5,66,24,0,24,90
01/25/2013,LOU,KY,ASO,CE,Towers with Radar,0,3,6,0,9,0,2,10,0,12,0,5,16,0,21,2,0,2,23
01/26/2013,LOU,KY,ASO,CE,Towers with Radar,0,0,16,0,16,0,3,122,0,125,0,3,138,0,141,168,0,168,309
01/27/2013,LOU,KY,ASO,CE,Towers with Radar,0,0,14,0,14,0,3,61,0,64,0,3,75,0,78,118,0,118,196
01/28/2013,LOU,KY,ASO,CE,Towers with Radar,0,3,6,0,9,0,2,13,0,15,0,5,19,0,24,14,0,14,38
01/29/2013,LOU,KY,ASO,CE,Towers with Radar,0,2,10,0,12,0,2,23,0,25,0,4,33,0,37,52,0,52,89
01/30/2013,LOU,KY,ASO,CE,Towers with Radar,0,0,8,0,8,0,10,11,0,21,0,10,19,0,29,4,0,4,33
01/31/2013,LOU,KY,ASO,CE,Towers with Radar,0,4,20,0,24,0,2,9,0,11,0,6,29,0,35,12,0,12,47
02/01/2013,LOU,KY,ASO,CE,Towers with Radar,0,4,29,0,33,0,2,60,0,62,0,6,89,0,95,58,0,58,153
02/02/2013,LOU,KY,ASO,CE,Towers with Radar,0,0,12,0,12,0,3,9,0,12,0,3,21,0,24,76,0,76,100
02/03/2013,LOU,KY,ASO,CE,Towers with Radar,0,0,10,0,10,0,0,3,0,3,0,0,13,0,13,34,0,34,47
02/04/2013,LOU,KY,ASO,CE,Towers with Radar,3,1,18,0,22,0,3,32,0,35,3,4,50,0,57,4,12,16,73
02/05/2013,LOU,KY,ASO,CE,Towers with Radar,0,2,23,0,25,0,5,44,0,49,0,7,67,0,74,106,0,106,180
02/06/2013,LOU,KY,ASO,CE,Towers with Radar,0,2,36,0,38,0,12,94,3,109,0,14,130,3,147,84,0,84,231
02/07/2013,LOU,KY,ASO,CE,Towers with Radar,0,4,14,0,18,0,5,94,0,99,0,9,108,0,117,99,0,99,216
02/08/2013,LOU,KY,ASO,CE,Towers with Radar,0,2,20,0,22,0,5,31,6,42,0,7,51,6,64,68,8,76,140
02/09/2013,LOU,KY,ASO,CE,Towers with Radar,0,0,25,0,25,0,3,179,0,182,0,3,204,0,207,246,0,246,453
02/10/2013,LOU,KY,ASO,CE,Towers with Radar,0,0,14,0,14,0,0,38,0,38,0,0,52,0,52,30,0,30,82
02/11/2013,LOU,KY,ASO,CE,Towers with Radar,0,2,14,0,16,0,2,23,0,25,0,4,37,0,41,10,0,10,51
02/12/2013,LOU,KY,ASO,CE,Towers with Radar,0,1,21,0,22,0,8,69,0,77,0,9,90,0,99,100,0,100,199
02/13/2013,LOU,KY,ASO,CE,Towers with Radar,0,2,20,0,22,0,3,10,4,17,0,5,30,4,39,70,0,70,109
02/14/2013,LOU,KY,ASO,CE,Towers with Radar,0,2,37,2,41,0,7,72,1,80,0,9,109,3,121,52,0,52,173
02/15/2013,LOU,KY,ASO,CE,Towers with Radar,0,4,14,0,18,0,6,52,2,60,0,10,66,2,78,42,40,82,160
02/16/2013,LOU,KY,ASO,CE,Towers with Radar,0,0,23,0,23,0,1,95,2,98,0,1,118,2,121,110,0,110,231
02/17/2013,LOU,KY,ASO,CE,Towers with Radar,0,0,15,0,15,0,1,133,0,134,0,1,148,0,149,108,0,108,257
02/18/2013,LOU,KY,ASO,CE,Towers with Radar,0,3,10,0,13,0,5,42,1,48,0,8,52,1,61,56,0,56,117
02/19/2013,LOU,KY,ASO,CE,Towers with Radar,0,4,16,3,23,0,11,27,0,38,0,15,43,3,61,84,0,84,145
02/20/2013,LOU,KY,ASO,CE,Towers with Radar,0,3,41,0,44,0,5,108,0,113,0,8,149,0,157,108,0,108,265
02/21/2013,LOU,KY,ASO,CE,Towers with Radar,0,5,15,2,22,0,18,49,6,73,0,23,64,8,95,102,2,104,199
02/22/2013,LOU,KY,ASO,CE,Towers with Radar,0,3,23,1,27,0,8,33,12,53,0,11,56,13,80,128,14,142,222
02/23/2013,LOU,KY,ASO,CE,Towers with Radar,0,1,19,0,20,0,0,181,4,185,0,1,200,4,205,270,0,270,475
02/24/2013,LOU,KY,ASO,CE,Towers with Radar,0,1,27,0,28,0,0,203,8,211,0,1,230,8,239,106,4,110,349
02/25/2013,LOU,KY,ASO,CE,Towers with Radar,0,2,18,0,20,0,11,72,0,83,0,13,90,0,103,52,0,52,155
02/26/2013,LOU,KY,ASO,CE,Towers with Radar,0,2,7,0,9,0,0,0,0,0,0,2,7,0,9,2,0,2,11
02/27/2013,LOU,KY,ASO,CE,Towers with Radar,0,4,17,0,21,0,3,15,0,18,0,7,32,0,39,34,0,34,73
02/28/2013,LOU,KY,ASO,CE,Towers with Radar,0,3,14,0,17,0,2,7,0,9,0,5,21,0,26,2,0,2,28
03/01/2013,LOU,KY,ASO,CE,Towers with Radar,0,3,8,0,11,0,0,3,0,3,0,3,11,0,14,0,0,0,14
03/02/2013,LOU,KY,ASO,CE,Towers with Radar,0,0,5,0,5,0,5,40,0,45,0,5,45,0,50,34,0,34,84
03/03/2013,LOU,KY,ASO,CE,Towers with Radar,0,0,13,0,13,0,0,116,0,116,0,0,129,0,129,148,0,148,277
03/04/2013,LOU,KY,ASO,CE,Towers with Radar,0,2,22,2,26,0,3,68,1,72,0,5,90,3,98,72,2,74,172
03/05/2013,LOU,KY,ASO,CE,Towers with Radar,0,2,4,0,6,0,0,0,0,0,0,2,4,0,6,0,0,0,6
03/06/2013,LOU,KY,ASO,CE,Towers with Radar,0,6,10,0,16,0,9,29,0,38,0,15,39,0,54,20,0,20,74
03/07/2013,LOU,KY,ASO,CE,Towers with Radar,0,2,29,2,33,0,14,56,0,70,0,16,85,2,103,114,0,114,217
03/08/2013,LOU,KY,ASO,CE,Towers with Radar,0,8,31,0,39,0,2,145,2,149,0,10,176,2,188,114,0,114,302
03/09/2013,LOU,KY,ASO,CE,Towers with Radar,0,0,28,0,28,0,2,201,0,203,0,2,229,0,231,220,0,220,451
03/10/2013,LOU,KY,ASO,CE,Towers with Radar,0,0,5,0,5,0,2,49,0,51,0,2,54,0,56,112,0,112,168
03/11/2013,LOU,KY,ASO,CE,Towers with Radar,0,3,7,0,10,0,3,9,0,12,0,6,16,0,22,0,2,2,24
03/12/2013,LOU,KY,ASO,CE,Towers with Radar,0,4,24,0,28,0,1,85,0,86,0,5,109,0,114,146,0,146,260
03/13/2013,LOU,KY,ASO,CE,Towers with Radar,0,3,17,0,20,0,6,50,0,56,0,9,67,0,76,44,0,44,120
03/14/2013,LOU,KY,ASO,CE,Towers with Radar,0,2,24,0,26,0,8,84,0,92,0,10,108,0,118,118,0,118,236
03/15/2013,LOU,KY,ASO,CE,Towers with Radar,0,2,18,0,20,0,2,124,11,137,0,4,142,11,157,244,6,250,407
03/16/2013,LOU,KY,ASO,CE,Towers with Radar,0,0,6,0,6,0,9,72,0,81,0,9,78,0,87,76,0,76,163
03/17/2013,LOU,KY,ASO,CE,Towers with Radar,0,0,11,0,11,0,0,0,0,0,0,0,11,0,11,0,0,0,11
03/18/2013,LOU,KY,ASO,CE,Towers with Radar,0,1,6,0,7,0,0,8,0,8,0,1,14,0,15,0,0,0,15
03/19/2013,LOU,KY,ASO,CE,Towers with Radar,0,1,24,0,25,0,10,65,1,76,0,11,89,1,101,72,12,84,185
03/20/2013,LOU,KY,ASO,CE,Towers with Radar,0,2,20,0,22,0,6,57,0,63,0,8,77,0,85,79,0,79,164
03/21/2013,LOU,KY,ASO,CE,Towers with Radar,0,2,27,0,29,0,9,89,2,100,0,11,116,2,129,58,8,66,195
03/22/2013,LOU,KY,ASO,CE,Towers with Radar,0,4,21,0,25,0,6,109,0,115,0,10,130,0,140,120,0,120,260
03/23/2013,LOU,KY,ASO,CE,Towers with Radar,0,2,40,0,42,0,3,145,0,148,0,5,185,0,190,326,0,326,516
03/24/2013,LOU,KY,ASO,CE,Towers with Radar,0,0,7,0,7,0,1,4,0,5,0,1,11,0,12,0,0,0,12
03/25/2013,LOU,KY,ASO,CE,Towers with Radar,0,3,4,0,7,0,0,0,0,0,0,3,4,0,7,0,0,0,7
03/26/2013,LOU,KY,ASO,CE,Towers with Radar,0,1,13,0,14,0,3,15,0,18,0,4,28,0,32,14,0,14,46
03/27/2013,LOU,KY,ASO,CE,Towers with Radar,0,6,18,0,24,0,7,84,1,92,0,13,102,1,116,128,2,130,246
03/28/2013,LOU,KY,ASO,CE,Towers with Radar,0,3,34,0,37,0,5,126,0,131,0,8,160,0,168,188,0,188,356
03/29/2013,LOU,KY,ASO,CE,Towers with Radar,0,2,33,1,36,0,6,103,10,119,0,8,136,11,155,168,4,172,327
03/30/2013,LOU,KY,ASO,CE,Towers with Radar,0,0,18,0,18,0,1,97,0,98,0,1,115,0,116,156,0,156,272
03/31/2013,LOU,KY,ASO,CE,Towers with Radar,0,1,6,0,7,0,0,18,0,18,0,1,24,0,25,32,0,32,57
04/01/2013,LOU,KY,ASO,CE,Towers with Radar,0,1,19,0,20,0,1,79,0,80,0,2,98,0,100,72,0,72,172
04/02/2013,LOU,KY,ASO,CE,Towers with Radar,0,1,20,0,21,0,1,94,0,95,0,2,114,0,116,98,0,98,214
04/03/2013,LOU,KY,ASO,CE,Towers with Radar,0,2,25,0,27,0,14,89,0,103,0,16,114,0,130,166,0,166,296
04/04/2013,LOU,KY,ASO,CE,Towers with Radar,0,2,25,0,27,0,8,141,0,149,0,10,166,0,176,170,0,170,346
04/05/2013,LOU,KY,ASO,CE,Towers with Radar,0,5,20,0,25,0,1,107,0,108,0,6,127,0,133,156,0,156,289
04/06/2013,LOU,KY,ASO,CE,Towers with Radar,0,0,21,0,21,0,4,142,0,146,0,4,163,0,167,214,0,214,381
04/07/2013,LOU,KY,ASO,CE,Towers with Radar,0,0,16,0,16,0,3,64,0,67,0,3,80,0,83,80,0,80,163
04/08/2013,LOU,KY,ASO,CE,Towers with Radar,0,2,29,0,31,0,1,31,0,32,0,3,60,0,63,34,0,34,97
04/09/2013,LOU,KY,ASO,CE,Towers with Radar,0,4,27,2,33,0,5,56,4,65,0,9,83,6,98,44,0,44,142
04/10/2013,LOU,KY,ASO,CE,Towers with Radar,0,2,13,0,15,0,14,64,5,83,0,16,77,5,98,118,0,118,216
04/11/2013,LOU,KY,ASO,CE,Towers with Radar,0,4,13,0,17,0,0,1,0,1,0,4,14,0,18,2,0,2,20
04/12/2013,LOU,KY,ASO,CE,Towers with Radar,0,4,37,0,41,0,16,81,0,97,0,20,118,0,138,48,0,48,186
04/13/2013,LOU,KY,ASO,CE,Towers with Radar,0,0,18,0,18,0,6,118,0,124,0,6,136,0,142,158,0,158,300
04/14/2013,LOU,KY,ASO,CE,Towers with Radar,0,2,23,0,25,0,1,126,0,127,0,3,149,0,152,150,0,150,302
04/15/2013,LOU,KY,ASO,CE,Towers with Radar,0,4,22,0,26,0,12,95,1,108,0,16,117,1,134,84,0,84,218
04/16/2013,LOU,KY,ASO,CE,Towers with Radar,0,5,26,0,31,0,2,37,0,39,0,7,63,0,70,92,0,92,162
04/17/2013,LOU,KY,ASO,CE,Towers with Radar,0,6,22,0,28,0,4,23,0,27,0,10,45,0,55,18,0,18,73
04/18/2013,LOU,KY,ASO,CE,Towers with Radar,0,4,13,0,17,0,5,35,0,40,0,9,48,0,57,82,0,82,139
04/19/2013,LOU,KY,ASO,CE,Towers with Radar,0,2,22,0,24,0,2,39,0,41,0,4,61,0,65,30,0,30,95
04/20/2013,LOU,KY,ASO,CE,Towers with Radar,0,0,23,0,23,0,21,261,2,284,0,21,284,2,307,210,0,210,517
04/21/2013,LOU,KY,ASO,CE,Towers with Radar,0,0,21,0,21,0,15,145,3,163,0,15,166,3,184,98,0,98,282
04/22/2013,LOU,KY,ASO,CE,Towers with Radar,0,4,21,0,25,0,11,134,0,145,0,15,155,0,170,124,0,124,294
04/23/2013,LOU,KY,ASO,CE,Towers with Radar,0,3,29,0,32,0,12,63,2,77,0,15,92,2,109,46,0,46,155
04/24/2013,LOU,KY,ASO,CE,Towers with Radar,0,6,20,0,26,0,10,16,0,26,0,16,36,0,52,16,0,16,68
04/25/2013,LOU,KY,ASO,CE,Towers with Radar,0,1,29,1,31,0,6,77,3,86,0,7,106,4,117,72,0,72,189
04/26/2013,LOU,KY,ASO,CE,Towers with Radar,0,3,21,0,24,0,17,178,7,202,0,20,199,7,226,276,6,282,508
04/27/2013,LOU,KY,ASO,CE,Towers with Radar,0,0,11,0,11,0,21,101,0,122,0,21,112,0,133,144,0,144,277
04/28/2013,LOU,KY,ASO,CE,Towers with Radar,0,0,17,0,17,0,0,33,0,33,0,0,50,0,50,86,0,86,136
04/29/2013,LOU,KY,ASO,CE,Towers with Radar,0,1,39,0,40,0,4,63,2,69,0,5,102,2,109,112,0,112,221
04/30/2013,LOU,KY,ASO,CE,Towers with Radar,0,1,35,0,36,0,7,125,1,133,0,8,160,1,169,160,0,160,329
05/01/2013,LOU,KY,ASO,CE,Towers with Radar,0,2,28,1,31,0,18,113,1,132,0,20,141,2,163,228,0,228,391
05/02/2013,LOU,KY,ASO,CE,Towers with Radar,0,13,64,0,77,0,17,102,11,130,0,30,166,11,207,116,0,116,323
05/03/2013,LOU,KY,ASO,CE,Towers with Radar,0,10,33,0,43,0,40,115,2,157,0,50,148,2,200,136,0,136,336
05/04/2013,LOU,KY,ASO,CE,Towers with Radar,0,1,41,0,42,0,27,61,2,90,0,28,102,2,132,122,0,122,254
05/05/2013,LOU,KY,ASO,CE,Towers with Radar,0,20,71,0,91,0,0,5,0,5,0,20,76,0,96,0,0,0,96
05/06/2013,LOU,KY,ASO,CE,Towers with Radar,0,3,25,0,28,0,7,38,0,45,0,10,63,0,73,16,0,16,89
05/07/2013,LOU,KY,ASO,CE,Towers with Radar,0,2,16,1,19,0,12,63,1,76,0,14,79,2,95,50,0,50,145
05/08/2013,LOU,KY,ASO,CE,Towers with Radar,0,3,29,0,32,0,10,87,2,99,0,13,116,2,131,180,0,180,311
05/09/2013,LOU,KY,ASO,CE,Towers with Radar,0,2,28,0,30,0,21,119,7,147,0,23,147,7,177,186,0,186,363
05/10/2013,LOU,KY,ASO,CE,Towers with Radar,0,2,26,0,28,0,0,6,0,6,0,2,32,0,34,32,0,32,66
05/11/2013,LOU,KY,ASO,CE,Towers with Radar,0,3,47,0,50,0,20,52,1,73,0,23,99,1,123,72,4,76,199
05/12/2013,LOU,KY,ASO,CE,Towers with Radar,0,1,23,0,24,0,12,115,0,127,0,13,138,0,151,54,0,54,205
05/13/2013,LOU,KY,ASO,CE,Towers with Radar,0,2,24,0,26,0,21,116,2,139,0,23,140,2,165,126,16,142,307
05/14/2013,LOU,KY,ASO,CE,Towers with Radar,0,2,34,0,36,0,7,75,0,82,0,9,109,0,118,80,0,80,198
05/15/2013,LOU,KY,ASO,CE,Towers with Radar,0,4,34,0,38,0,6,79,0,85,0,10,113,0,123,56,0,56,179
05/16/2013,LOU,KY,ASO,CE,Towers with Radar,0,2,29,0,31,0,0,42,0,42,0,2,71,0,73,84,0,84,157
05/17/2013,LOU,KY,ASO,CE,Towers with Radar,0,4,29,0,33,0,8,60,0,68,0,12,89,0,101,82,0,82,183
05/18/2013,LOU,KY,ASO,CE,Towers with Radar,1,1,33,0,35,0,7,86,1,94,1,8,119,1,129,234,0,234,363
05/19/2013,LOU,KY,ASO,CE,Towers with Radar,0,2,18,0,20,0,2,77,0,79,0,4,95,0,99,166,0,166,265
05/20/2013,LOU,KY,ASO,CE,Towers with Radar,0,3,29,0,32,0,9,63,2,74,0,12,92,2,106,66,0,66,172
05/21/2013,LOU,KY,ASO,CE,Towers with Radar,0,2,20,0,22,0,4,25,0,29,0,6,45,0,51,108,0,108,159
05/22/2013,LOU,KY,ASO,CE,Towers with Radar,0,3,23,0,26,0,14,41,0,55,0,17,64,0,81,44,0,44,125
05/23/2013,LOU,KY,ASO,CE,Towers with Radar,0,3,38,0,41,0,4,71,0,75,0,7,109,0,116,142,0,142,258
05/24/2013,LOU,KY,ASO,CE,Towers with Radar,0,5,30,0,35,0,5,123,3,131,0,10,153,3,166,138,0,138,304
05/25/2013,LOU,KY,ASO,CE,Towers with Radar,0,0,22,0,22,0,11,145,0,156,0,11,167,0,178,206,0,206,384
05/26/2013,LOU,KY,ASO,CE,Towers with Radar,0,0,14,0,14,0,8,68,0,76,0,8,82,0,90,70,0,70,160
05/27/2013,LOU,KY,ASO,CE,Towers with Radar,0,0,17,0,17,0,8,79,0,87,0,8,96,0,104,136,0,136,240
05/28/2013,LOU,KY,ASO,CE,Towers with Radar,0,4,18,0,22,0,10,59,0,69,0,14,77,0,91,62,0,62,153
05/29/2013,LOU,KY,ASO,CE,Towers with Radar,0,2,23,0,25,0,24,80,0,104,0,26,103,0,129,34,0,34,163
05/30/2013,LOU,KY,ASO,CE,Towers with Radar,0,4,23,0,27,0,16,76,2,94,0,20,99,2,121,80,0,80,201
05/31/2013,LOU,KY,ASO,CE,Towers with Radar,0,2,12,0,14,0,8,19,0,27,0,10,31,0,41,32,0,32,73
06/01/2013,LOU,KY,ASO,CE,Towers with Radar,0,0,8,0,8,0,3,35,2,40,0,3,43,2,48,48,0,48,96
06/02/2013,LOU,KY,ASO,CE,Towers with Radar,0,0,21,0,21,0,2,67,0,69,0,2,88,0,90,186,0,186,276
06/03/2013,LOU,KY,ASO,CE,Towers with Radar,0,2,34,0,36,0,8,88,0,96,0,10,122,0,132,132,0,132,264
06/04/2013,LOU,KY,ASO,CE,Towers with Radar,0,2,31,0,33,0,14,123,0,137,0,16,154,0,170,48,0,48,218
06/05/2013,LOU,KY,ASO,CE,Towers with Radar,0,2,25,0,27,0,8,114,2,124,0,10,139,2,151,204,10,214,365
06/06/2013,LOU,KY,ASO,CE,Towers with Radar,0,3,28,0,31,0,5,48,0,53,0,8,76,0,84,109,0,109,193
06/07/2013,LOU,KY,ASO,CE,Towers with Radar,0,5,33,0,38,0,10,90,9,109,0,15,123,9,147,112,8,120,267
06/08/2013,LOU,KY,ASO,CE,Towers with Radar,0,1,25,0,26,0,14,104,1,119,0,15,129,1,145,126,0,126,271
06/09/2013,LOU,KY,ASO,CE,Towers with Radar,0,0,18,0,18,0,37,77,0,114,0,37,95,0,132,120,0,120,252
06/10/2013,LOU,KY,ASO,CE,Towers with Radar,0,2,20,0,22,0,8,105,0,113,0,10,125,0,135,74,0,74,209
06/11/2013,LOU,KY,ASO,CE,Towers with Radar,0,3,30,0,33,0,6,125,3,134,0,9,155,3,167,162,0,162,329
06/12/2013,LOU,KY,ASO,CE,Towers with Radar,0,8,34,0,42,0,11,55,5,71,0,19,89,5,113,28,12,40,153
06/13/2013,LOU,KY,ASO,CE,Towers with Radar,0,4,23,0,27,0,7,48,2,57,0,11,71,2,84,24,0,24,108
06/14/2013,LOU,KY,ASO,CE,Towers with Radar,0,2,21,0,23,0,4,187,1,192,0,6,208,1,215,204,0,204,419
06/15/2013,LOU,KY,ASO,CE,Towers with Radar,0,4,12,4,20,0,27,155,1,183,0,31,167,5,203,96,0,96,299
06/16/2013,LOU,KY,ASO,CE,Towers with Radar,0,0,21,0,21,0,1,42,0,43,0,1,63,0,64,86,0,86,150
06/17/2013,LOU,KY,ASO,CE,Towers with Radar,0,2,20,0,22,0,6,48,0,54,0,8,68,0,76,94,0,94,170
06/18/2013,LOU,KY,ASO,CE,Towers with Radar,0,2,24,0,26,0,17,64,0,81,0,19,88,0,107,64,0,64,171
06/19/2013,LOU,KY,ASO,CE,Towers with Radar,0,2,43,1,46,0,18,125,2,145,0,20,168,3,191,114,0,114,305
06/20/2013,LOU,KY,ASO,CE,Towers with Radar,0,2,35,1,38,0,14,125,2,141,0,16,160,3,179,120,0,120,299
06/21/2013,LOU,KY,ASO,CE,Towers with Radar,0,2,21,0,23,0,3,92,0,95,0,5,113,0,118,180,2,182,300
06/22/2013,LOU,KY,ASO,CE,Towers with Radar,0,0,20,0,20,0,29,124,1,154,0,29,144,1,174,194,0,194,368
06/23/2013,LOU,KY,ASO,CE,Towers with Radar,0,0,18,0,18,0,18,73,0,91,0,18,91,0,109,124,0,124,233
06/24/2013,LOU,KY,ASO,CE,Towers with Radar,0,2,25,0,27,0,7,35,0,42,0,9,60,0,69,34,0,34,103
06/25/2013,LOU,KY,ASO,CE,Towers with Radar,0,2,21,0,23,0,16,109,3,128,0,18,130,3,151,124,0,124,275
06/26/2013,LOU,KY,ASO,CE,Towers with Radar,0,2,31,0,33,0,6,48,0,54,0,8,79,0,87,32,0,32,119
06/27/2013,LOU,KY,ASO,CE,Towers with Radar,0,2,33,0,35,0,6,49,1,56,0,8,82,1,91,62,0,62,153
06/28/2013,LOU,KY,ASO,CE,Towers with Radar,0,5,26,1,32,0,20,81,4,105,0,25,107,5,137,90,10,100,237
06/29/2013,LOU,KY,ASO,CE,Towers with Radar,0,1,10,0,11,0,20,106,0,126,0,21,116,0,137,256,0,256,393
06/30/2013,LOU,KY,ASO,CE,Towers with Radar,0,2,18,0,20,0,0,57,0,57,0,2,75,0,77,166,0,166,243
07/01/2013,LOU,KY,ASO,CE,Towers with Radar,0,2,27,0,29,0,7,23,0,30,0,9,50,0,59,44,0,44,103
07/02/2013,LOU,KY,ASO,CE,Towers with Radar,0,7,22,0,29,0,0,49,0,49,0,7,71,0,78,80,0,80,158
07/03/2013,LOU,KY,ASO,CE,Towers with Radar,0,3,30,0,33,0,5,99,1,105,0,8,129,1,138,68,0,68,206
07/04/2013,LOU,KY,ASO,CE,Towers with Radar,0,1,14,0,15,0,0,0,0,0,0,1,14,0,15,20,0,20,35
07/05/2013,LOU,KY,ASO,CE,Towers with Radar,0,2,15,0,17,0,5,35,0,40,0,7,50,0,57,126,0,126,183
07/06/2013,LOU,KY,ASO,CE,Towers with Radar,0,1,18,0,19,0,2,15,0,17,0,3,33,0,36,34,0,34,70
07/07/2013,LOU,KY,ASO,CE,Towers with Radar,0,0,22,0,22,0,1,101,0,102,0,1,123,0,124,86,0,86,210
07/08/2013,LOU,KY,ASO,CE,Towers with Radar,0,5,17,0,22,0,9,112,3,124,0,14,129,3,146,216,0,216,362
07/09/2013,LOU,KY,ASO,CE,Towers with Radar,0,8,22,4,34,0,20,63,9,92,0,28,85,13,126,114,12,126,252
07/10/2013,LOU,KY,ASO,CE,Towers with Radar,0,5,21,0,26,0,17,58,0,75,0,22,79,0,101,38,0,38,139
07/11/2013,LOU,KY,ASO,CE,Towers with Radar,0,3,28,0,31,0,14,75,0,89,0,17,103,0,120,40,0,40,160
07/12/2013,LOU,KY,ASO,CE,Towers with Radar,0,4,24,1,29,0,13,137,0,150,0,17,161,1,179,94,0,94,273
07/13/2013,LOU,KY,ASO,CE,Towers with Radar,0,0,24,0,24,0,33,139,1,173,0,33,163,1,197,236,0,236,433
07/14/2013,LOU,KY,ASO,CE,Towers with Radar,0,2,25,0,27,0,22,127,0,149,0,24,152,0,176,102,0,102,278
07/15/2013,LOU,KY,ASO,CE,Towers with Radar,0,3,13,0,16,0,18,72,0,90,0,21,85,0,106,64,0,64,170
07/16/2013,LOU,KY,ASO,CE,Towers with Radar,0,4,24,0,28,0,17,79,0,96,0,21,103,0,124,90,0,90,214
07/17/2013,LOU,KY,ASO,CE,Towers with Radar,0,6,31,0,37,0,6,89,0,95,0,12,120,0,132,94,0,94,226
07/18/2013,LOU,KY,ASO,CE,Towers with Radar,0,2,21,0,23,0,7,103,4,114,0,9,124,4,137,100,0,100,237
07/19/2013,LOU,KY,ASO,CE,Towers with Radar,0,2,28,5,35,0,19,81,1,101,0,21,109,6,136,60,0,60,196
07/20/2013,LOU,KY,ASO,CE,Towers with Radar,0,0,5,0,5,0,23,77,0,100,0,23,82,0,105,140,0,140,245
07/21/2013,LOU,KY,ASO,CE,Towers with Radar,0,1,15,0,16,0,9,81,2,92,0,10,96,2,108,78,6,84,192
07/22/2013,LOU,KY,ASO,CE,Towers with Radar,0,2,23,0,25,0,8,43,0,51,0,10,66,0,76,42,0,42,118
07/23/2013,LOU,KY,ASO,CE,Towers with Radar,0,5,33,0,38,0,1,15,0,16,0,6,48,0,54,32,0,32,86
07/24/2013,LOU,KY,ASO,CE,Towers with Radar,0,4,40,0,44,0,2,110,5,117,0,6,150,5,161,144,12,156,317
07/25/2013,LOU,KY,ASO,CE,Towers with Radar,0,3,27,0,30,0,6,152,6,164,0,9,179,6,194,112,0,112,306
07/26/2013,LOU,KY,ASO,CE,Towers with Radar,0,4,38,0,42,0,1,119,0,120,0,5,157,0,162,118,0,118,280
07/27/2013,LOU,KY,ASO,CE,Towers with Radar,0,2,16,0,18,0,7,61,1,69,0,9,77,1,87,28,16,44,131
07/28/2013,LOU,KY,ASO,CE,Towers with Radar,0,2,18,0,20,0,20,144,0,164,0,22,162,0,184,36,0,36,220
07/29/2013,LOU,KY,ASO,CE,Towers with Radar,0,2,24,0,26,0,13,77,0,90,0,15,101,0,116,58,0,58,174
07/30/2013,LOU,KY,ASO,CE,Towers with Radar,0,0,26,0,26,0,10,52,0,62,0,10,78,0,88,34,0,34,122
07/31/2013,LOU,KY,ASO,CE,Towers with Radar,0,4,31,0,35,0,3,26,0,29,0,7,57,0,64,74,0,74,138
08/01/2013,LOU,KY,ASO,CE,Towers with Radar,0,6,35,0,41,0,10,88,2,100,0,16,123,2,141,22,0,22,163
08/02/2013,LOU,KY,ASO,CE,Towers with Radar,0,2,34,0,36,0,11,85,2,98,0,13,119,2,134,112,0,112,246
08/03/2013,LOU,KY,ASO,CE,Towers with Radar,0,0,29,0,29,0,12,74,0,86,0,12,103,0,115,130,0,130,245
08/04/2013,LOU,KY,ASO,CE,Towers with Radar,0,5,24,0,29,0,11,160,1,172,0,16,184,1,201,162,0,162,363
08/05/2013,LOU,KY,ASO,CE,Towers with Radar,0,2,28,0,30,0,6,88,4,98,0,8,116,4,128,96,6,102,230
08/06/2013,LOU,KY,ASO,CE,Towers with Radar,0,2,24,0,26,0,5,55,5,65,0,7,79,5,91,96,0,96,187
08/07/2013,LOU,KY,ASO,CE,Towers with Radar,0,2,33,0,35,0,2,31,5,38,0,4,64,5,73,82,0,82,155
08/08/2013,LOU,KY,ASO,CE,Towers with Radar,0,2,16,0,18,0,6,45,1,52,0,8,61,1,70,82,0,82,152
08/09/2013,LOU,KY,ASO,CE,Towers with Radar,0,3,37,0,40,0,2,33,1,36,0,5,70,1,76,82,0,82,158
08/10/2013,LOU,KY,ASO,CE,Towers with Radar,0,0,20,0,20,0,2,49,0,51,0,2,69,0,71,100,0,100,171
08/11/2013,LOU,KY,ASO,CE,Towers with Radar,0,0,23,0,23,0,6,101,0,107,0,6,124,0,130,142,0,142,272
08/12/2013,LOU,KY,ASO,CE,Towers with Radar,0,2,18,0,20,0,11,45,5,61,0,13,63,5,81,112,2,114,195
08/13/2013,LOU,KY,ASO,CE,Towers with Radar,0,2,24,0,26,0,8,56,2,66,0,10,80,2,92,44,2,46,138
08/14/2013,LOU,KY,ASO,CE,Towers with Radar,0,3,23,0,26,0,7,117,1,125,0,10,140,1,151,202,0,202,353
08/15/2013,LOU,KY,ASO,CE,Towers with Radar,0,4,31,0,35,0,10,102,6,118,0,14,133,6,153,108,0,108,261
08/16/2013,LOU,KY,ASO,CE,Towers with Radar,0,3,32,0,35,0,9,105,5,119,0,12,137,5,154,110,0,110,264
08/17/2013,LOU,KY,ASO,CE,Towers with Radar,0,0,21,0,21,0,32,163,1,196,0,32,184,1,217,206,0,206,423
08/18/2013,LOU,KY,ASO,CE,Towers with Radar,0,2,15,0,17,0,22,63,0,85,0,24,78,0,102,198,0,198,300
08/19/2013,LOU,KY,ASO,CE,Towers with Radar,0,2,21,0,23,0,13,78,2,93,0,15,99,2,116,74,0,74,190
08/20/2013,LOU,KY,ASO,CE,Towers with Radar,0,5,36,0,41,0,17,79,0,96,0,22,115,0,137,118,0,118,255
08/21/2013,LOU,KY,ASO,CE,Towers with Radar,0,2,30,0,32,0,22,55,0,77,0,24,85,0,109,112,0,112,221
08/22/2013,LOU,KY,ASO,CE,Towers with Radar,0,2,22,0,24,0,4,54,0,58,0,6,76,0,82,70,0,70,152
08/23/2013,LOU,KY,ASO,CE,Towers with Radar,0,2,32,0,34,0,8,89,3,100,0,10,121,3,134,112,0,112,246
08/24/2013,LOU,KY,ASO,CE,Towers with Radar,0,1,19,0,20,0,17,144,4,165,0,18,163,4,185,143,0,143,328
08/25/2013,LOU,KY,ASO,CE,Towers with Radar,0,1,22,0,23,0,12,106,0,118,0,13,128,0,141,184,0,184,325
08/26/2013,LOU,KY,ASO,CE,Towers with Radar,0,2,17,0,19,0,5,52,4,61,0,7,69,4,80,50,0,50,130
08/27/2013,LOU,KY,ASO,CE,Towers with Radar,0,2,25,0,27,0,10,68,0,78,0,12,93,0,105,70,0,70,175
08/28/2013,LOU,KY,ASO,CE,Towers with Radar,0,2,23,3,28,0,9,61,4,74,0,11,84,7,102,96,0,96,198
08/29/2013,LOU,KY,ASO,CE,Towers with Radar,0,2,35,0,37,0,7,66,2,75,0,9,101,2,112,52,0,52,164
08/30/2013,LOU,KY,ASO,CE,Towers with Radar,0,2,29,0,31,0,9,76,3,88,0,11,105,3,119,54,0,54,173
08/31/2013,LOU,KY,ASO,CE,Towers with Radar,0,1,14,0,15,0,12,65,0,77,0,13,79,0,92,84,0,84,176
09/01/2013,LOU,KY,ASO,CE,Towers with Radar,0,3,14,1,18,0,8,53,0,61,0,11,67,1,79,122,0,122,201
09/02/2013,LOU,KY,ASO,CE,Towers with Radar,0,0,13,0,13,0,3,89,0,92,0,3,102,0,105,150,0,150,255
09/03/2013,LOU,KY,ASO,CE,Towers with Radar,0,2,20,0,22,0,3,82,2,87,0,5,102,2,109,82,0,82,191
09/04/2013,LOU,KY,ASO,CE,Towers with Radar,0,2,33,8,43,0,3,79,3,85,0,5,112,11,128,48,0,48,176
09/05/2013,LOU,KY,ASO,CE,Towers with Radar,0,2,25,0,27,0,8,90,5,103,0,10,115,5,130,148,0,148,278
09/06/2013,LOU,KY,ASO,CE,Towers with Radar,0,4,25,0,29,0,5,107,5,117,0,9,132,5,146,72,0,72,218
09/07/2013,LOU,KY,ASO,CE,Towers with Radar,0,0,23,4,27,0,7,125,4,136,0,7,148,8,163,70,0,70,233
09/08/2013,LOU,KY,ASO,CE,Towers with Radar,0,2,28,0,30,0,12,66,0,78,0,14,94,0,108,122,0,122,230
09/09/2013,LOU,KY,ASO,CE,Towers with Radar,0,4,12,0,16,0,10,46,0,56,0,14,58,0,72,68,0,68,140
09/10/2013,LOU,KY,ASO,CE,Towers with Radar,0,3,28,0,31,0,12,38,3,53,0,15,66,3,84,108,0,108,192
09/11/2013,LOU,KY,ASO,CE,Towers with Radar,0,6,23,0,29,0,10,60,0,70,0,16,83,0,99,110,0,110,209
09/12/2013,LOU,KY,ASO,CE,Towers with Radar,0,4,23,0,27,0,6,72,5,83,0,10,95,5,110,126,0,126,236
09/13/2013,LOU,KY,ASO,CE,Towers with Radar,0,3,16,0,19,2,10,98,3,113,2,13,114,3,132,152,0,152,284
09/14/2013,LOU,KY,ASO,CE,Towers with Radar,0,2,17,0,19,0,3,146,1,150,0,5,163,1,169,106,0,106,275
09/15/2013,LOU,KY,ASO,CE,Towers with Radar,0,0,21,0,21,0,4,115,0,119,0,4,136,0,140,122,0,122,262
09/16/2013,LOU,KY,ASO,CE,Towers with Radar,0,3,15,0,18,0,6,79,0,85,0,9,94,0,103,132,0,132,235
09/17/2013,LOU,KY,ASO,CE,Towers with Radar,0,2,36,0,38,0,8,91,0,99,0,10,127,0,137,104,0,104,241
09/18/2013,LOU,KY,ASO,CE,Towers with Radar,0,3,29,0,32,0,2,35,0,37,0,5,64,0,69,110,0,110,179
09/19/2013,LOU,KY,ASO,CE,Towers with Radar,0,2,24,0,26,0,11,54,2,67,0,13,78,2,93,58,0,58,151
09/20/2013,LOU,KY,ASO,CE,Towers with Radar,0,4,21,1,26,0,3,55,1,59,0,7,76,2,85,118,0,118,203
09/21/2013,LOU,KY,ASO,CE,Towers with Radar,0,0,14,0,14,0,17,91,0,108,0,17,105,0,122,110,0,110,232
09/22/2013,LOU,KY,ASO,CE,Towers with Radar,0,1,27,0,28,0,18,143,0,161,0,19,170,0,189,68,0,68,257
09/23/2013,LOU,KY,ASO,CE,Towers with Radar,0,4,9,0,13,0,19,91,6,116,0,23,100,6,129,98,0,98,227
09/24/2013,LOU,KY,ASO,CE,Towers with Radar,0,2,30,0,32,0,3,79,4,86,0,5,109,4,118,158,0,158,276
09/25/2013,LOU,KY,ASO,CE,Towers with Radar,0,3,26,0,29,0,6,54,0,60,0,9,80,0,89,58,0,58,147
09/26/2013,LOU,KY,ASO,CE,Towers with Radar,0,5,22,0,27,0,3,85,0,88,0,8,107,0,115,72,0,72,187
09/27/2013,LOU,KY,ASO,CE,Towers with Radar,0,2,24,0,26,0,18,120,2,140,0,20,144,2,166,152,0,152,318
09/28/2013,LOU,KY,ASO,CE,Towers with Radar,0,0,17,0,17,0,12,142,0,154,0,12,159,0,171,172,0,172,343
09/29/2013,LOU,KY,ASO,CE,Towers with Radar,0,0,20,0,20,0,3,29,1,33,0,3,49,1,53,34,0,34,87
09/30/2013,LOU,KY,ASO,CE,Towers with Radar,0,4,17,0,21,0,19,57,1,77,0,23,74,1,98,56,0,56,154
10/01/2013,LOU,KY,ASO,CE,Towers with Radar,0,2,28,0,30,0,9,65,0,74,0,11,93,0,104,170,0,170,274
10/02/2013,LOU,KY,ASO,CE,Towers with Radar,0,2,33,0,35,0,0,33,0,33,0,2,66,0,68,56,0,56,124
10/03/2013,LOU,KY,ASO,CE,Towers with Radar,0,2,32,0,34,0,9,58,0,67,0,11,90,0,101,94,0,94,195
10/04/2013,LOU,KY,ASO,CE,Towers with Radar,0,5,30,0,35,0,4,81,0,85,0,9,111,0,120,124,0,124,244
10/05/2013,LOU,KY,ASO,CE,Towers with Radar,0,0,20,0,20,0,0,35,0,35,0,0,55,0,55,130,0,130,185
10/06/2013,LOU,KY,ASO,CE,Towers with Radar,0,1,14,0,15,0,4,11,0,15,0,5,25,0,30,38,0,38,68
10/07/2013,LOU,KY,ASO,CE,Towers with Radar,0,2,21,0,23,0,18,80,0,98,0,20,101,0,121,176,0,176,297
10/08/2013,LOU,KY,ASO,CE,Towers with Radar,0,2,15,0,17,0,2,90,0,92,0,4,105,0,109,140,0,140,249
10/09/2013,LOU,KY,ASO,CE,Towers with Radar,0,3,23,0,26,0,7,98,0,105,0,10,121,0,131,158,0,158,289
10/10/2013,LOU,KY,ASO,CE,Towers with Radar,0,3,19,0,22,0,21,93,0,114,0,24,112,0,136,124,0,124,260
10/11/2013,LOU,KY,ASO,CE,Towers with Radar,0,2,20,0,22,0,16,125,0,141,0,18,145,0,163,96,0,96,259
10/12/2013,LOU,KY,ASO,CE,Towers with Radar,0,1,27,0,28,0,15,155,0,170,0,16,182,0,198,242,0,242,440
10/13/2013,LOU,KY,ASO,CE,Towers with Radar,0,0,24,0,24,0,12,93,0,105,0,12,117,0,129,98,0,98,227
10/14/2013,LOU,KY,ASO,CE,Towers with Radar,0,2,20,0,22,0,12,109,1,122,0,14,129,1,144,124,0,124,268
10/15/2013,LOU,KY,ASO,CE,Towers with Radar,0,2,12,0,14,0,12,76,0,88,0,14,88,0,102,94,0,94,196
10/16/2013,LOU,KY,ASO,CE,Towers with Radar,0,6,32,0,38,0,1,22,0,23,0,7,54,0,61,16,0,16,77
10/17/2013,LOU,KY,ASO,CE,Towers with Radar,0,2,27,0,29,0,6,39,0,45,0,8,66,0,74,42,0,42,116
10/18/2013,LOU,KY,ASO,CE,Towers with Radar,0,2,22,0,24,0,2,106,2,110,0,4,128,2,134,146,0,146,280
10/19/2013,LOU,KY,ASO,CE,Towers with Radar,0,0,32,0,32,0,1,18,3,22,0,1,50,3,54,6,0,6,60
10/20/2013,LOU,KY,ASO,CE,Towers with Radar,0,1,21,0,22,0,15,117,0,132,0,16,138,0,154,110,0,110,264
10/21/2013,LOU,KY,ASO,CE,Towers with Radar,0,3,15,1,19,0,4,55,0,59,0,7,70,1,78,56,0,56,134
10/22/2013,LOU,KY,ASO,CE,Towers with Radar,0,2,22,0,24,0,2,83,0,85,0,4,105,0,109,104,0,104,213
10/23/2013,LOU,KY,ASO,CE,Towers with Radar,0,6,34,0,40,0,2,41,0,43,0,8,75,0,83,38,0,38,121
10/24/2013,LOU,KY,ASO,CE,Towers with Radar,0,5,33,0,38,0,0,24,0,24,0,5,57,0,62,54,0,54,116
10/25/2013,LOU,KY,ASO,CE,Towers with Radar,0,3,32,0,35,0,9,103,0,112,0,12,135,0,147,98,0,98,245
10/26/2013,LOU,KY,ASO,CE,Towers with Radar,0,2,19,0,21,0,10,83,0,93,0,12,102,0,114,78,0,78,192
10/27/2013,LOU,KY,ASO,CE,Towers with Radar,0,1,17,0,18,0,14,145,0,159,0,15,162,0,177,158,0,158,335
10/28/2013,LOU,KY,ASO,CE,Towers with Radar,0,2,14,0,16,0,6,77,0,83,0,8,91,0,99,84,0,84,183
10/29/2013,LOU,KY,ASO,CE,Towers with Radar,0,6,17,0,23,0,0,5,0,5,0,6,22,0,28,16,0,16,44
10/30/2013,LOU,KY,ASO,CE,Towers with Radar,0,4,24,0,28,0,14,26,0,40,0,18,50,0,68,40,0,40,108
10/31/2013,LOU,KY,ASO,CE,Towers with Radar,0,2,11,0,13,0,0,0,0,0,0,2,11,0,13,6,0,6,19
11/01/2013,LOU,KY,ASO,CE,Towers with Radar,0,2,25,0,27,0,3,76,0,79,0,5,101,0,106,172,0,172,278
11/02/2013,LOU,KY,ASO,CE,Towers with Radar,0,0,25,0,25,0,11,94,1,106,0,11,119,1,131,112,0,112,243
11/03/2013,LOU,KY,ASO,CE,Towers with Radar,0,2,20,0,22,0,7,144,0,151,0,9,164,0,173,270,0,270,443
11/04/2013,LOU,KY,ASO,CE,Towers with Radar,0,2,23,0,25,0,0,75,0,75,0,2,98,0,100,100,0,100,200
11/05/2013,LOU,KY,ASO,CE,Towers with Radar,0,3,25,0,28,0,5,63,0,68,0,8,88,0,96,184,0,184,280
11/06/2013,LOU,KY,ASO,CE,Towers with Radar,0,1,23,0,24,0,3,18,0,21,0,4,41,0,45,18,0,18,63
11/07/2013,LOU,KY,ASO,CE,Towers with Radar,0,3,23,0,26,0,4,68,0,72,0,7,91,0,98,156,0,156,254
11/08/2013,LOU,KY,ASO,CE,Towers with Radar,0,4,23,0,27,0,12,89,3,104,0,16,112,3,131,222,4,226,357
11/09/2013,LOU,KY,ASO,CE,Towers with Radar,0,0,24,0,24,0,5,105,0,110,0,5,129,0,134,110,0,110,244
11/10/2013,LOU,KY,ASO,CE,Towers with Radar,0,1,18,0,19,0,0,142,0,142,0,1,160,0,161,224,0,224,385
11/11/2013,LOU,KY,ASO,CE,Towers with Radar,0,4,14,0,18,0,5,62,0,67,0,9,76,0,85,156,0,156,241
11/12/2013,LOU,KY,ASO,CE,Towers with Radar,0,2,11,1,14,0,4,32,2,38,0,6,43,3,52,36,0,36,88
11/13/2013,LOU,KY,ASO,CE,Towers with Radar,0,2,26,0,28,0,3,73,2,78,0,5,99,2,106,122,0,122,228
11/14/2013,LOU,KY,ASO,CE,Towers with Radar,0,4,27,0,31,0,7,96,0,103,0,11,123,0,134,128,0,128,262
11/15/2013,LOU,KY,ASO,CE,Towers with Radar,0,4,32,1,37,0,4,60,1,65,0,8,92,2,102,118,0,118,220
11/16/2013,LOU,KY,ASO,CE,Towers with Radar,0,0,33,1,34,0,0,20,2,22,0,0,53,3,56,114,4,118,174
11/17/2013,LOU,KY,ASO,CE,Towers with Radar,0,0,6,0,6,0,0,0,0,0,0,0,6,0,6,0,0,0,6
11/18/2013,LOU,KY,ASO,CE,Towers with Radar,0,2,11,0,13,0,3,71,1,75,0,5,82,1,88,52,0,52,140
11/19/2013,LOU,KY,ASO,CE,Towers with Radar,0,3,19,0,22,0,3,74,0,77,0,6,93,0,99,168,0,168,267
11/20/2013,LOU,KY,ASO,CE,Towers with Radar,0,2,28,0,30,0,7,67,0,74,0,9,95,0,104,74,0,74,178
11/21/2013,LOU,KY,ASO,CE,Towers with Radar,0,2,31,0,33,0,9,39,2,50,0,11,70,2,83,44,0,44,127
11/22/2013,LOU,KY,ASO,CE,Towers with Radar,0,1,23,0,24,0,2,15,0,17,0,3,38,0,41,38,0,38,79
11/23/2013,LOU,KY,ASO,CE,Towers with Radar,0,0,20,0,20,0,8,61,0,69,0,8,81,0,89,42,0,42,131
11/24/2013,LOU,KY,ASO,CE,Towers with Radar,0,2,9,0,11,0,0,75,0,75,0,2,84,0,86,138,0,138,224
11/25/2013,LOU,KY,ASO,CE,Towers with Radar,0,0,9,0,9,0,4,54,2,60,0,4,63,2,69,80,0,80,149
11/26/2013,LOU,KY,ASO,CE,Towers with Radar,0,0,13,0,13,0,0,2,0,2,0,0,15,0,15,6,0,6,21
11/27/2013,LOU,KY,ASO,CE,Towers with Radar,0,2,11,0,13,0,13,44,0,57,0,15,55,0,70,34,0,34,104
11/28/2013,LOU,KY,ASO,CE,Towers with Radar,0,0,11,0,11,0,0,36,0,36,0,0,47,0,47,38,0,38,85
11/29/2013,LOU,KY,ASO,CE,Towers with Radar,0,3,22,0,25,0,14,91,1,106,0,17,113,1,131,78,0,78,209
11/30/2013,LOU,KY,ASO,CE,Towers with Radar,0,1,11,0,12,0,8,133,0,141,0,9,144,0,153,108,0,108,261
12/01/2013,LOU,KY,ASO,CE,Towers with Radar,0,2,21,0,23,0,3,102,0,105,0,5,123,0,128,132,0,132,260
12/02/2013,LOU,KY,ASO,CE,Towers with Radar,0,2,13,0,15,0,11,41,0,52,0,13,54,0,67,42,0,42,109
12/03/2013,LOU,KY,ASO,CE,Towers with Radar,0,2,33,1,36,0,8,72,0,80,0,10,105,1,116,176,0,176,292
12/04/2013,LOU,KY,ASO,CE,Towers with Radar,0,5,22,0,27,0,4,38,0,42,0,9,60,0,69,106,0,106,175
12/05/2013,LOU,KY,ASO,CE,Towers with Radar,0,4,13,0,17,0,5,14,0,19,0,9,27,0,36,100,0,100,136
12/06/2013,LOU,KY,ASO,CE,Towers with Radar,0,0,2,0,2,0,0,0,0,0,0,0,2,0,2,0,0,0,2
12/07/2013,LOU,KY,ASO,CE,Towers with Radar,0,0,9,0,9,0,5,20,0,25,0,5,29,0,34,0,0,0,34
12/08/2013,LOU,KY,ASO,CE,Towers with Radar,0,0,2,0,2,0,0,0,0,0,0,0,2,0,2,0,0,0,2
12/09/2013,LOU,KY,ASO,CE,Towers with Radar,0,2,13,0,15,0,0,12,0,12,0,2,25,0,27,36,0,36,63
12/10/2013,LOU,KY,ASO,CE,Towers with Radar,0,7,14,0,21,0,3,25,4,32,0,10,39,4,53,13,0,13,66
12/11/2013,LOU,KY,ASO,CE,Towers with Radar,0,2,25,0,27,0,4,64,4,72,0,6,89,4,99,36,2,38,137
12/12/2013,LOU,KY,ASO,CE,Towers with Radar,0,2,12,0,14,0,5,66,0,71,0,7,78,0,85,58,0,58,143
12/13/2013,LOU,KY,ASO,CE,Towers with Radar,0,2,22,0,24,0,5,75,0,80,0,7,97,0,104,74,0,74,178
12/14/2013,LOU,KY,ASO,CE,Towers with Radar,0,0,7,0,7,0,0,0,0,0,0,0,7,0,7,0,0,0,7
12/15/2013,LOU,KY,ASO,CE,Towers with Radar,0,1,15,0,16,0,6,38,0,44,0,7,53,0,60,86,0,86,146
12/16/2013,LOU,KY,ASO,CE,Towers with Radar,0,2,22,0,24,0,1,52,0,53,0,3,74,0,77,138,0,138,215
12/17/2013,LOU,KY,ASO,CE,Towers with Radar,0,2,24,0,26,0,5,31,0,36,0,7,55,0,62,84,0,84,146
12/18/2013,LOU,KY,ASO,CE,Towers with Radar,0,2,16,0,18,0,10,115,3,128,0,12,131,3,146,214,0,214,360
12/19/2013,LOU,KY,ASO,CE,Towers with Radar,0,2,21,0,23,0,7,71,7,85,0,9,92,7,108,66,0,66,174
12/20/2013,LOU,KY,ASO,CE,Towers with Radar,0,2,18,0,20,0,8,19,2,29,0,10,37,2,49,30,0,30,79
12/21/2013,LOU,KY,ASO,CE,Towers with Radar,0,0,7,0,7,0,0,7,0,7,0,0,14,0,14,14,0,14,28
12/22/2013,LOU,KY,ASO,CE,Towers with Radar,0,0,8,0,8,0,5,16,0,21,0,5,24,0,29,142,0,142,171
12/23/2013,LOU,KY,ASO,CE,Towers with Radar,0,3,20,0,23,0,10,60,0,70,0,13,80,0,93,102,8,110,203
12/24/2013,LOU,KY,ASO,CE,Towers with Radar,0,2,9,0,11,0,3,35,1,39,0,5,44,1,50,48,0,48,98
12/25/2013,LOU,KY,ASO,CE,Towers with Radar,0,1,0,0,1,0,0,7,0,7,0,1,7,0,8,2,0,2,10
12/26/2013,LOU,KY,ASO,CE,Towers with Radar,0,2,18,2,22,0,15,107,4,126,0,17,125,6,148,70,0,70,218
12/27/2013,LOU,KY,ASO,CE,Towers with Radar,0,2,17,0,19,0,4,119,2,125,0,6,136,2,144,180,0,180,324
12/28/2013,LOU,KY,ASO,CE,Towers with Radar,0,0,18,0,18,0,1,138,4,143,0,1,156,4,161,174,0,174,335
12/29/2013,LOU,KY,ASO,CE,Towers with Radar,0,0,20,0,20,0,0,15,0,15,0,0,35,0,35,30,0,30,65
12/30/2013,LOU,KY,ASO,CE,Towers with Radar,0,2,12,0,14,0,2,33,0,35,0,4,45,0,49,124,0,124,173
12/31/2013,LOU,KY,ASO,CE,Towers with Radar,0,2,12,0,14,0,0,83,0,83,0,2,95,0,97,204,0,204,301
01/01/2014,LOU,KY,ASO,CE,Towers with Radar,0,1,10,0,11,0,1,70,0,71,0,2,80,0,82,168,0,168,250
01/02/2014,LOU,KY,ASO,CE,Towers with Radar,0,1,4,0,5,0,0,0,0,0,0,1,4,0,5,0,0,0,5
01/03/2014,LOU,KY,ASO,CE,Towers with Radar,0,2,17,3,22,0,2,57,0,59,0,4,74,3,81,120,0,120,201
01/04/2014,LOU,KY,ASO,CE,Towers with Radar,0,1,12,0,13,0,4,59,2,65,0,5,71,2,78,130,0,130,208
01/05/2014,LOU,KY,ASO,CE,Towers with Radar,0,1,1,0,2,0,0,13,0,13,0,1,14,0,15,44,0,44,59
01/06/2014,LOU,KY,ASO,CE,Towers with Radar,0,1,3,0,4,0,2,5,0,7,0,3,8,0,11,2,0,2,13
01/07/2014,LOU,KY,ASO,CE,Towers with Radar,0,2,12,0,14,0,2,48,0,50,0,4,60,0,64,30,0,30,94
01/08/2014,LOU,KY,ASO,CE,Towers with Radar,0,4,13,0,17,0,8,69,0,77,0,12,82,0,94,82,0,82,176
01/09/2014,LOU,KY,ASO,CE,Towers with Radar,0,4,12,0,16,0,4,39,0,43,0,8,51,0,59,74,0,74,133
01/10/2014,LOU,KY,ASO,CE,Towers with Radar,0,3,22,0,25,0,2,16,0,18,0,5,38,0,43,82,0,82,125
01/11/2014,LOU,KY,ASO,CE,Towers with Radar,0,0,9,1,10,0,0,28,2,30,0,0,37,3,40,56,0,56,96
01/12/2014,LOU,KY,ASO,CE,Towers with Radar,0,0,10,0,10,0,4,144,0,148,0,4,154,0,158,224,0,224,382
01/13/2014,LOU,KY,ASO,CE,Towers with Radar,0,3,9,2,14,0,3,9,0,12,0,6,18,2,26,0,0,0,26
01/14/2014,LOU,KY,ASO,CE,Towers with Radar,0,3,12,0,15,0,13,81,0,94,0,16,93,0,109,106,0,106,215
01/15/2014,LOU,KY,ASO,CE,Towers with Radar,0,2,24,2,28,0,6,31,3,40,0,8,55,5,68,82,0,82,150
01/16/2014,LOU,KY,ASO,CE,Towers with Radar,0,4,15,0,19,0,3,16,0,19,0,7,31,0,38,22,0,22,60
01/17/2014,LOU,KY,ASO,CE,Towers with Radar,0,2,10,0,12,0,3,19,0,22,0,5,29,0,34,6,0,6,40
01/18/2014,LOU,KY,ASO,CE,Towers with Radar,0,0,14,0,14,0,2,50,0,52,0,2,64,0,66,106,0,106,172
01/19/2014,LOU,KY,ASO,CE,Towers with Radar,0,3,13,0,16,0,1,55,0,56,0,4,68,0,72,160,0,160,232
01/20/2014,LOU,KY,ASO,CE,Towers with Radar,0,3,18,0,21,0,12,108,1,121,0,15,126,1,142,208,0,208,350
01/21/2014,LOU,KY,ASO,CE,Towers with Radar,0,2,4,0,6,0,2,12,0,14,0,4,16,0,20,50,0,50,70
01/22/2014,LOU,KY,ASO,CE,Towers with Radar,0,3,6,2,11,0,7,33,2,42,0,10,39,4,53,94,0,94,147
01/23/2014,LOU,KY,ASO,CE,Towers with Radar,0,3,11,1,15,0,7,29,1,37,0,10,40,2,52,60,0,60,112
01/24/2014,LOU,KY,ASO,CE,Towers with Radar,0,6,16,0,22,0,1,31,4,36,0,7,47,4,58,12,0,12,70
01/25/2014,LOU,KY,ASO,CE,Towers with Radar,0,0,2,0,2,0,1,4,0,5,0,1,6,0,7,38,0,38,45
01/26/2014,LOU,KY,ASO,CE,Towers with Radar,0,0,8,0,8,0,0,41,4,45,0,0,49,4,53,44,0,44,97
01/27/2014,LOU,KY,ASO,CE,Towers with Radar,0,2,11,0,13,0,5,43,0,48,0,7,54,0,61,16,0,16,77
01/28/2014,LOU,KY,ASO,CE,Towers with Radar,0,2,13,0,15,0,4,25,0,29,0,6,38,0,44,18,0,18,62
01/29/2014,LOU,KY,ASO,CE,Towers with Radar,0,2,12,0,14,0,0,55,0,55,0,2,67,0,69,80,0,80,149
01/30/2014,LOU,KY,ASO,CE,Towers with Radar,0,4,28,0,32,0,6,67,2,75,0,10,95,2,107,82,0,82,189
01/31/2014,LOU,KY,ASO,CE,Towers with Radar,0,4,16,2,22,0,3,80,0,83,0,7,96,2,105,94,0,94,199
02/01/2014,LOU,KY,ASO,CE,Towers with Radar,0,0,11,0,11,0,4,70,0,74,0,4,81,0,85,108,0,108,193
02/02/2014,LOU,KY,ASO,CE,Towers with Radar,0,0,8,0,8,0,1,0,0,1,0,1,8,0,9,6,0,6,15
02/03/2014,LOU,KY,ASO,CE,Towers with Radar,0,2,7,0,9,0,11,43,0,54,0,13,50,0,63,24,0,24,87
02/04/2014,LOU,KY,ASO,CE,Towers with Radar,0,2,6,0,8,0,6,19,0,25,0,8,25,0,33,42,0,42,75
02/05/2014,LOU,KY,ASO,CE,Towers with Radar,0,2,11,0,13,0,0,3,0,3,0,2,14,0,16,2,0,2,18
02/06/2014,LOU,KY,ASO,CE,Towers with Radar,0,2,11,0,13,0,2,13,0,15,0,4,24,0,28,8,0,8,36
02/07/2014,LOU,KY,ASO,CE,Towers with Radar,0,2,15,0,17,0,2,60,0,62,0,4,75,0,79,14,0,14,93
02/08/2014,LOU,KY,ASO,CE,Towers with Radar,0,0,9,0,9,0,1,18,1,20,0,1,27,1,29,54,0,54,83
02/09/2014,LOU,KY,ASO,CE,Towers with Radar,0,0,5,0,5,0,0,2,0,2,0,0,7,0,7,58,0,58,65
02/10/2014,LOU,KY,ASO,CE,Towers with Radar,0,3,17,0,20,0,8,41,0,49,0,11,58,0,69,60,2,62,131
02/11/2014,LOU,KY,ASO,CE,Towers with Radar,0,2,24,3,29,0,9,52,2,63,0,11,76,5,92,77,2,79,171
02/12/2014,LOU,KY,ASO,CE,Towers with Radar,0,2,26,0,28,0,5,53,2,60,0,7,79,2,88,130,2,132,220
02/13/2014,LOU,KY,ASO,CE,Towers with Radar,0,2,30,0,32,0,0,100,0,100,0,2,130,0,132,158,0,158,290
02/14/2014,LOU,KY,ASO,CE,Towers with Radar,0,0,9,1,10,0,2,27,0,29,0,2,36,1,39,40,0,40,79
02/15/2014,LOU,KY,ASO,CE,Towers with Radar,0,0,12,0,12,0,2,52,0,54,0,2,64,0,66,104,0,104,170
02/16/2014,LOU,KY,ASO,CE,Towers with Radar,0,0,13,0,13,0,0,54,0,54,0,0,67,0,67,218,0,218,285
02/17/2014,LOU,KY,ASO,CE,Towers with Radar,0,5,11,0,16,0,3,21,0,24,0,8,32,0,40,26,0,26,66
02/18/2014,LOU,KY,ASO,CE,Towers with Radar,0,3,17,0,20,0,11,81,1,93,0,14,98,1,113,76,0,76,189
02/19/2014,LOU,KY,ASO,CE,Towers with Radar,0,2,25,0,27,0,6,77,0,83,0,8,102,0,110,116,0,116,226
02/20/2014,LOU,KY,ASO,CE,Towers with Radar,0,3,14,0,17,0,5,13,0,18,0,8,27,0,35,32,0,32,67
02/21/2014,LOU,KY,ASO,CE,Towers with Radar,0,2,21,0,23,0,4,54,1,59,0,6,75,1,82,70,8,78,160
02/22/2014,LOU,KY,ASO,CE,Towers with Radar,0,0,21,0,21,0,3,114,0,117,0,3,135,0,138,250,0,250,388
02/23/2014,LOU,KY,ASO,CE,Towers with Radar,0,1,17,0,18,0,2,40,0,42,0,3,57,0,60,128,0,128,188
02/24/2014,LOU,KY,ASO,CE,Towers with Radar,0,6,12,0,18,0,16,70,0,86,0,22,82,0,104,116,0,116,220
02/25/2014,LOU,KY,ASO,CE,Towers with Radar,0,3,13,0,16,0,3,57,0,60,0,6,70,0,76,192,0,192,268
02/26/2014,LOU,KY,ASO,CE,Towers with Radar,0,3,7,0,10,0,6,46,0,52,0,9,53,0,62,58,0,58,120
02/27/2014,LOU,KY,ASO,CE,Towers with Radar,0,6,22,2,30,0,3,44,4,51,0,9,66,6,81,126,0,126,207
02/28/2014,LOU,KY,ASO,CE,Towers with Radar,0,2,21,0,23,0,7,65,0,72,0,9,86,0,95,72,0,72,167
03/01/2014,LOU,KY,ASO,CE,Towers with Radar,0,2,31,0,33,0,2,80,0,82,0,4,111,0,115,240,0,240,355
03/02/2014,LOU,KY,ASO,CE,Towers with Radar,0,0,2,0,2,0,0,0,0,0,0,0,2,0,2,0,0,0,2
03/03/2014,LOU,KY,ASO,CE,Towers with Radar,0,7,1,0,8,0,18,19,0,37,0,25,20,0,45,56,0,56,101
03/04/2014,LOU,KY,ASO,CE,Towers with Radar,0,3,28,0,31,0,4,63,4,71,0,7,91,4,102,164,4,168,270
03/05/2014,LOU,KY,ASO,CE,Towers with Radar,0,2,25,0,27,0,4,45,2,51,0,6,70,2,78,138,0,138,216
03/06/2014,LOU,KY,ASO,CE,Towers with Radar,0,2,23,0,25,0,9,82,0,91,0,11,105,0,116,32,0,32,148
03/07/2014,LOU,KY,ASO,CE,Towers with Radar,0,2,27,0,29,0,2,107,0,109,0,4,134,0,138,164,0,164,302
03/08/2014,LOU,KY,ASO,CE,Towers with Radar,0,0,17,0,17,0,1,143,0,144,0,1,160,0,161,70,0,70,231
03/09/2014,LOU,KY,ASO,CE,Towers with Radar,0,2,21,0,23,0,4,121,2,127,0,6,142,2,150,226,0,226,376
03/10/2014,LOU,KY,ASO,CE,Towers with Radar,0,2,16,0,18,0,5,52,0,57,0,7,68,0,75,60,0,60,135
03/11/2014,LOU,KY,ASO,CE,Towers with Radar,0,7,31,4,42,0,7,89,0,96,0,14,120,4,138,212,0,212,350
03/12/2014,LOU,KY,ASO,CE,Towers with Radar,0,4,12,0,16,0,0,5,0,5,0,4,17,0,21,4,0,4,25
03/13/2014,LOU,KY,ASO,CE,Towers with Radar,0,2,35,0,37,0,5,87,3,95,0,7,122,3,132,76,0,76,208
03/14/2014,LOU,KY,ASO,CE,Towers with Radar,0,2,12,0,14,0,4,40,0,44,0,6,52,0,58,18,0,18,76
03/15/2014,LOU,KY,ASO,CE,Towers with Radar,0,0,28,0,28,0,0,120,5,125,0,0,148,5,153,304,0,304,457
03/16/2014,LOU,KY,ASO,CE,Towers with Radar,0,0,6,0,6,0,0,10,0,10,0,0,16,0,16,28,0,28,44
03/17/2014,LOU,KY,ASO,CE,Towers with Radar,0,4,15,0,19,0,5,35,2,42,0,9,50,2,61,54,0,54,115
03/18/2014,LOU,KY,ASO,CE,Towers with Radar,0,2,22,0,24,0,5,57,3,65,0,7,79,3,89,140,0,140,229
03/19/2014,LOU,KY,ASO,CE,Towers with Radar,0,2,32,0,34,0,2,19,7,28,0,4,51,7,62,80,12,92,154
03/20/2014,LOU,KY,ASO,CE,Towers with Radar,0,2,20,0,22,0,0,110,0,110,0,2,130,0,132,156,0,156,288
03/21/2014,LOU,KY,ASO,CE,Towers with Radar,0,4,12,3,19,0,2,77,1,80,0,6,89,4,99,114,0,114,213
03/22/2014,LOU,KY,ASO,CE,Towers with Radar,0,0,20,0,20,0,2,132,1,135,0,2,152,1,155,200,12,212,367
03/23/2014,LOU,KY,ASO,CE,Towers with Radar,0,1,19,0,20,0,2,84,3,89,0,3,103,3,109,108,0,108,217
03/24/2014,LOU,KY,ASO,CE,Towers with Radar,0,2,12,0,14,0,2,53,2,57,0,4,65,2,71,96,0,96,167
03/25/2014,LOU,KY,ASO,CE,Towers with Radar,0,5,7,0,12,0,11,15,0,26,0,16,22,0,38,0,0,0,38
03/26/2014,LOU,KY,ASO,CE,Towers with Radar,0,2,32,0,34,0,4,134,4,142,0,6,166,4,176,132,0,132,308
03/27/2014,LOU,KY,ASO,CE,Towers with Radar,0,4,33,0,37,0,6,35,2,43,0,10,68,2,80,24,6,30,110
03/28/2014,LOU,KY,ASO,CE,Towers with Radar,0,4,34,0,38,0,5,36,2,43,0,9,70,2,81,78,14,92,173
03/29/2014,LOU,KY,ASO,CE,Towers with Radar,0,0,15,0,15,0,0,2,0,2,0,0,17,0,17,2,0,2,19
03/30/2014,LOU,KY,ASO,CE,Towers with Radar,0,0,24,0,24,0,4,143,0,147,0,4,167,0,171,182,0,182,353
03/31/2014,LOU,KY,ASO,CE,Towers with Radar,0,2,9,0,11,0,10,92,0,102,0,12,101,0,113,90,0,90,203
04/01/2014,LOU,KY,ASO,CE,Towers with Radar,0,2,9,0,11,0,5,57,0,62,0,7,66,0,73,68,0,68,141
04/02/2014,LOU,KY,ASO,CE,Towers with Radar,0,2,14,0,16,0,3,38,3,44,0,5,52,3,60,66,4,70,130
04/03/2014,LOU,KY,ASO,CE,Towers with Radar,0,2,17,0,19,0,2,16,0,18,0,4,33,0,37,0,0,0,37
04/04/2014,LOU,KY,ASO,CE,Towers with Radar,0,2,15,0,17,0,2,36,0,38,0,4,51,0,55,32,0,32,87
04/05/2014,LOU,KY,ASO,CE,Towers with Radar,0,0,19,0,19,0,6,114,0,120,0,6,133,0,139,172,14,186,325
04/06/2014,LOU,KY,ASO,CE,Towers with Radar,0,1,17,0,18,0,6,137,0,143,0,7,154,0,161,190,0,190,351
04/07/2014,LOU,KY,ASO,CE,Towers with Radar,0,3,16,0,19,0,0,1,0,1,0,3,17,0,20,0,0,0,20
04/08/2014,LOU,KY,ASO,CE,Towers with Radar,0,2,31,0,33,0,7,40,0,47,0,9,71,0,80,56,0,56,136
04/09/2014,LOU,KY,ASO,CE,Towers with Radar,0,2,29,0,31,0,12,140,3,155,0,14,169,3,186,100,0,100,286
04/10/2014,LOU,KY,ASO,CE,Towers with Radar,0,2,23,1,26,0,8,104,6,118,0,10,127,7,144,48,0,48,192
04/11/2014,LOU,KY,ASO,CE,Towers with Radar,0,3,26,0,29,0,0,133,1,134,0,3,159,1,163,140,0,140,303
04/12/2014,LOU,KY,ASO,CE,Towers with Radar,0,0,16,0,16,0,4,230,11,245,0,4,246,11,261,216,0,216,477
04/13/2014,LOU,KY,ASO,CE,Towers with Radar,0,0,20,0,20,0,8,87,2,97,0,8,107,2,117,58,0,58,175
04/14/2014,LOU,KY,ASO,CE,Towers with Radar,0,0,16,0,16,0,6,14,3,23,0,6,30,3,39,54,0,54,93
04/15/2014,LOU,KY,ASO,CE,Towers with Radar,0,0,17,0,17,0,9,38,7,54,0,9,55,7,71,84,2,86,157
04/16/2014,LOU,KY,ASO,CE,Towers with Radar,0,7,39,1,47,0,9,117,0,126,0,16,156,1,173,52,0,52,225
04/17/2014,LOU,KY,ASO,CE,Towers with Radar,0,4,46,0,50,0,0,104,2,106,0,4,150,2,156,142,0,142,298
04/18/2014,LOU,KY,ASO,CE,Towers with Radar,0,0,15,0,15,0,8,120,0,128,0,8,135,0,143,166,0,166,309
04/19/2014,LOU,KY,ASO,CE,Towers with Radar,0,1,9,0,10,0,23,140,0,163,0,24,149,0,173,210,0,210,383
04/20/2014,LOU,KY,ASO,CE,Towers with Radar,0,0,8,0,8,0,1,93,0,94,0,1,101,0,102,124,0,124,226
04/21/2014,LOU,KY,ASO,CE,Towers with Radar,0,0,15,0,15,0,5,59,3,67,0,5,74,3,82,105,0,105,187
04/22/2014,LOU,KY,ASO,CE,Towers with Radar,0,0,32,0,32,0,5,56,0,61,0,5,88,0,93,164,0,164,257
04/23/2014,LOU,KY,ASO,CE,Towers with Radar,0,3,29,0,32,0,8,89,7,104,0,11,118,7,136,128,6,134,270
04/24/2014,LOU,KY,ASO,CE,Towers with Radar,0,2,21,0,23,0,0,28,0,28,0,2,49,0,51,0,0,0,51
04/25/2014,LOU,KY,ASO,CE,Towers with Radar,0,1,26,0,27,0,1,43,0,44,0,2,69,0,71,14,0,14,85
04/26/2014,LOU,KY,ASO,CE,Towers with Radar,0,0,22,0,22,0,24,175,2,201,0,24,197,2,223,158,0,158,381
04/27/2014,LOU,KY,ASO,CE,Towers with Radar,0,0,19,0,19,0,16,107,0,123,0,16,126,0,142,200,0,200,342
04/28/2014,LOU,KY,ASO,CE,Towers with Radar,0,0,13,0,13,0,4,7,0,11,0,4,20,0,24,22,0,22,46
04/29/2014,LOU,KY,ASO,CE,Towers with Radar,0,3,19,0,22,0,4,32,0,36,0,7,51,0,58,56,0,56,114
04/30/2014,LOU,KY,ASO,CE,Towers with Radar,0,4,33,0,37,0,10,86,2,98,0,14,119,2,135,180,0,180,315
05/01/2014,LOU,KY,ASO,CE,Towers with Radar,0,11,72,0,83,0,10,93,9,112,0,21,165,9,195,44,0,44,239
05/02/2014,LOU,KY,ASO,CE,Towers with Radar,0,7,43,0,50,0,50,134,10,194,0,57,177,10,244,162,0,162,406
05/03/2014,LOU,KY,ASO,CE,Towers with Radar,0,3,51,4,58,0,49,103,21,173,0,52,154,25,231,180,0,180,411
05/04/2014,LOU,KY,ASO,CE,Towers with Radar,0,14,81,0,95,0,18,93,0,111,0,32,174,0,206,36,0,36,242
05/05/2014,LOU,KY,ASO,CE,Towers with Radar,0,0,29,0,29,0,9,94,0,103,0,9,123,0,132,126,0,126,258
05/06/2014,LOU,KY,ASO,CE,Towers with Radar,0,1,25,0,26,0,1,97,5,103,0,2,122,5,129,104,4,108,237
05/07/2014,LOU,KY,ASO,CE,Towers with Radar,0,0,15,0,15,0,8,84,4,96,0,8,99,4,111,54,8,62,173
05/08/2014,LOU,KY,ASO,CE,Towers with Radar,0,0,31,1,32,0,9,87,3,99,0,9,118,4,131,48,0,48,179
05/09/2014,LOU,KY,ASO,CE,Towers with Radar,0,2,12,0,14,0,5,26,0,31,0,7,38,0,45,26,0,26,71
05/10/2014,LOU,KY,ASO,CE,Towers with Radar,0,0,10,0,10,0,1,24,1,26,0,1,34,1,36,44,0,44,80
05/11/2014,LOU,KY,ASO,CE,Towers with Radar,0,1,7,0,8,0,3,33,0,36,0,4,40,0,44,64,0,64,108
05/12/2014,LOU,KY,ASO,CE,Towers with Radar,0,0,17,0,17,0,13,74,0,87,0,13,91,0,104,88,0,88,192
05/13/2014,LOU,KY,ASO,CE,Towers with Radar,0,0,28,0,28,0,12,55,0,67,0,12,83,0,95,40,0,40,135
05/14/2014,LOU,KY,ASO,CE,Towers with Radar,0,0,13,0,13,0,0,0,0,0,0,0,13,0,13,0,0,0,13
05/15/2014,LOU,KY,ASO,CE,Towers with Radar,0,2,33,0,35,0,3,49,0,52,0,5,82,0,87,80,0,80,167
05/16/2014,LOU,KY,ASO,CE,Towers with Radar,0,0,30,2,32,0,7,41,0,48,0,7,71,2,80,28,0,28,108
05/17/2014,LOU,KY,ASO,CE,Towers with Radar,0,0,15,0,15,0,9,175,1,185,0,9,190,1,200,150,0,150,350
05/18/2014,LOU,KY,ASO,CE,Towers with Radar,0,0,16,0,16,0,4,118,1,123,0,4,134,1,139,124,0,124,263
05/19/2014,LOU,KY,ASO,CE,Towers with Radar,0,0,28,0,28,0,10,94,1,105,0,10,122,1,133,94,0,94,227
05/20/2014,LOU,KY,ASO,CE,Towers with Radar,0,0,27,0,27,0,7,58,0,65,0,7,85,0,92,52,0,52,144
05/21/2014,LOU,KY,ASO,CE,Towers with Radar,0,2,36,0,38,0,2,38,0,40,0,4,74,0,78,28,0,28,106
05/22/2014,LOU,KY,ASO,CE,Towers with Radar,0,0,42,0,42,0,13,86,0,99,0,13,128,0,141,134,0,134,275
05/23/2014,LOU,KY,ASO,CE,Towers with Radar,0,0,28,0,28,0,11,126,0,137,0,11,154,0,165,106,0,106,271
05/24/2014,LOU,KY,ASO,CE,Towers with Radar,0,0,17,0,17,0,12,150,0,162,0,12,167,0,179,178,0,178,357
05/25/2014,LOU,KY,ASO,CE,Towers with Radar,0,0,13,0,13,0,35,107,0,142,0,35,120,0,155,82,0,82,237
05/26/2014,LOU,KY,ASO,CE,Towers with Radar,0,0,22,0,22,0,4,100,1,105,0,4,122,1,127,86,0,86,213
05/27/2014,LOU,KY,ASO,CE,Towers with Radar,0,1,12,0,13,0,10,48,0,58,0,11,60,0,71,106,0,106,177
05/28/2014,LOU,KY,ASO,CE,Towers with Radar,0,4,20,0,24,0,9,58,1,68,0,13,78,1,92,128,0,128,220
05/29/2014,LOU,KY,ASO,CE,Towers with Radar,0,0,30,0,30,0,3,39,1,43,0,3,69,1,73,92,0,92,165
05/30/2014,LOU,KY,ASO,CE,Towers with Radar,0,0,19,0,19,0,8,56,2,66,0,8,75,2,85,92,0,92,177
05/31/2014,LOU,KY,ASO,CE,Towers with Radar,0,0,16,0,16,0,8,130,0,138,0,8,146,0,154,128,0,128,282
06/01/2014,LOU,KY,ASO,CE,Towers with Radar,0,0,11,0,11,0,25,104,0,129,0,25,115,0,140,162,0,162,302
06/02/2014,LOU,KY,ASO,CE,Towers with Radar,0,0,15,0,15,0,8,68,1,77,0,8,83,1,92,38,0,38,130
06/03/2014,LOU,KY,ASO,CE,Towers with Radar,0,0,22,0,22,0,3,40,0,43,0,3,62,0,65,146,0,146,211
06/04/2014,LOU,KY,ASO,CE,Towers with Radar,0,0,14,0,14,0,6,26,0,32,0,6,40,0,46,74,0,74,120
06/05/2014,LOU,KY,ASO,CE,Towers with Radar,0,0,15,0,15,0,6,57,1,64,0,6,72,1,79,126,0,126,205
06/06/2014,LOU,KY,ASO,CE,Towers with Radar,0,0,12,0,12,0,7,116,0,123,0,7,128,0,135,146,0,146,281
06/07/2014,LOU,KY,ASO,CE,Towers with Radar,0,1,12,0,13,0,7,151,2,160,0,8,163,2,173,196,0,196,369
06/08/2014,LOU,KY,ASO,CE,Towers with Radar,0,0,23,0,23,0,2,43,1,46,0,2,66,1,69,46,0,46,115
06/09/2014,LOU,KY,ASO,CE,Towers with Radar,0,4,20,0,24,0,10,99,1,110,0,14,119,1,134,120,0,120,254
06/10/2014,LOU,KY,ASO,CE,Towers with Radar,0,4,28,0,32,0,1,24,2,27,0,5,52,2,59,90,4,94,153
06/11/2014,LOU,KY,ASO,CE,Towers with Radar,0,0,23,2,25,0,2,19,0,21,0,2,42,2,46,54,0,54,100
06/12/2014,LOU,KY,ASO,CE,Towers with Radar,0,0,29,0,29,0,6,96,1,103,0,6,125,1,132,160,0,160,292
06/13/2014,LOU,KY,ASO,CE,Towers with Radar,0,0,19,0,19,0,8,90,0,98,0,8,109,0,117,160,0,160,277
06/14/2014,LOU,KY,ASO,CE,Towers with Radar,0,0,23,0,23,0,21,125,5,151,0,21,148,5,174,180,0,180,354
06/15/2014,LOU,KY,ASO,CE,Towers with Radar,0,0,20,0,20,0,13,125,0,138,0,13,145,0,158,142,0,142,300
06/16/2014,LOU,KY,ASO,CE,Towers with Radar,0,0,19,0,19,0,13,85,0,98,0,13,104,0,117,178,0,178,295
06/17/2014,LOU,KY,ASO,CE,Towers with Radar,0,0,26,1,27,0,3,63,3,69,0,3,89,4,96,46,0,46,142
06/18/2014,LOU,KY,ASO,CE,Towers with Radar,0,0,34,1,35,0,21,59,1,81,0,21,93,2,116,130,1,131,247
06/19/2014,LOU,KY,ASO,CE,Towers with Radar,0,1,25,1,27,0,6,105,1,112,0,7,130,2,139,84,0,84,223
06/20/2014,LOU,KY,ASO,CE,Towers with Radar,0,0,23,0,23,0,5,113,1,119,0,5,136,1,142,138,6,144,286
06/21/2014,LOU,KY,ASO,CE,Towers with Radar,0,0,19,0,19,0,18,100,4,122,0,18,119,4,141,102,0,102,243
06/22/2014,LOU,KY,ASO,CE,Towers with Radar,0,0,20,0,20,0,16,81,2,99,0,16,101,2,119,66,0,66,185
06/23/2014,LOU,KY,ASO,CE,Towers with Radar,0,0,23,0,23,0,20,78,0,98,0,20,101,0,121,66,0,66,187
06/24/2014,LOU,KY,ASO,CE,Towers with Radar,0,0,16,0,16,0,15,33,1,49,0,15,49,1,65,96,0,96,161
06/25/2014,LOU,KY,ASO,CE,Towers with Radar,0,0,32,0,32,0,10,74,0,84,0,10,106,0,116,86,0,86,202
06/26/2014,LOU,KY,ASO,CE,Towers with Radar,0,0,21,0,21,0,15,105,0,120,0,15,126,0,141,174,0,174,315
06/27/2014,LOU,KY,ASO,CE,Towers with Radar,0,0,30,2,32,0,10,77,2,89,0,10,107,4,121,126,0,126,247
06/28/2014,LOU,KY,ASO,CE,Towers with Radar,0,0,22,0,22,0,18,74,1,93,0,18,96,1,115,176,0,176,291
06/29/2014,LOU,KY,ASO,CE,Towers with Radar,0,0,23,0,23,0,3,57,1,61,0,3,80,1,84,92,0,92,176
06/30/2014,LOU,KY,ASO,CE,Towers with Radar,0,0,39,0,39,0,9,44,0,53,0,9,83,0,92,38,0,38,130
07/01/2014,LOU,KY,ASO,CE,Towers with Radar,0,0,36,0,36,0,7,57,0,64,0,7,93,0,100,158,0,158,258
07/02/2014,LOU,KY,ASO,CE,Towers with Radar,0,0,30,0,30,0,4,72,3,79,0,4,102,3,109,206,0,206,315
07/03/2014,LOU,KY,ASO,CE,Towers with Radar,0,0,33,0,33,0,7,101,0,108,0,7,134,0,141,156,0,156,297
07/04/2014,LOU,KY,ASO,CE,Towers with Radar,0,0,13,0,13,0,3,93,2,98,0,3,106,2,111,150,0,150,261
07/05/2014,LOU,KY,ASO,CE,Towers with Radar,0,0,17,0,17,0,2,105,61,168,0,2,122,61,185,194,0,194,379
07/06/2014,LOU,KY,ASO,CE,Towers with Radar,0,0,28,0,28,0,18,143,0,161,0,18,171,0,189,120,0,120,309
07/07/2014,LOU,KY,ASO,CE,Towers with Radar,0,0,28,0,28,0,20,58,2,80,0,20,86,2,108,102,0,102,210
07/08/2014,LOU,KY,ASO,CE,Towers with Radar,0,2,20,0,22,0,19,58,2,79,0,21,78,2,101,96,0,96,197
07/09/2014,LOU,KY,ASO,CE,Towers with Radar,0,0,29,0,29,0,11,102,3,116,0,11,131,3,145,224,2,226,371
07/10/2014,LOU,KY,ASO,CE,Towers with Radar,0,0,32,0,32,0,15,138,1,154,0,15,170,1,186,90,0,90,276
07/11/2014,LOU,KY,ASO,CE,Towers with Radar,0,0,32,0,32,0,10,118,2,130,0,10,150,2,162,192,0,192,354
07/12/2014,LOU,KY,ASO,CE,Towers with Radar,0,0,21,0,21,0,1,138,0,139,0,1,159,0,160,88,0,88,248
07/13/2014,LOU,KY,ASO,CE,Towers with Radar,0,1,24,0,25,0,0,77,1,78,0,1,101,1,103,94,0,94,197
07/14/2014,LOU,KY,ASO,CE,Towers with Radar,0,2,22,0,24,0,5,30,0,35,0,7,52,0,59,130,0,130,189
07/15/2014,LOU,KY,ASO,CE,Towers with Radar,0,0,16,1,17,0,11,77,3,91,0,11,93,4,108,102,0,102,210
07/16/2014,LOU,KY,ASO,CE,Towers with Radar,0,0,35,0,35,0,17,100,1,118,0,17,135,1,153,122,0,122,275
07/17/2014,LOU,KY,ASO,CE,Towers with Radar,0,2,39,0,41,0,15,136,0,151,0,17,175,0,192,146,0,146,338
07/18/2014,LOU,KY,ASO,CE,Towers with Radar,0,0,28,0,28,0,14,73,0,87,0,14,101,0,115,68,0,68,183
07/19/2014,LOU,KY,ASO,CE,Towers with Radar,0,0,35,0,35,0,18,95,2,115,0,18,130,2,150,136,0,136,286
07/20/2014,LOU,KY,ASO,CE,Towers with Radar,0,0,20,0,20,0,15,60,1,76,0,15,80,1,96,116,0,116,212
07/21/2014,LOU,KY,ASO,CE,Towers with Radar,0,0,23,0,23,0,16,126,11,153,0,16,149,11,176,242,10,252,428
07/22/2014,LOU,KY,ASO,CE,Towers with Radar,0,1,25,0,26,0,10,103,5,118,0,11,128,5,144,150,0,150,294
07/23/2014,LOU,KY,ASO,CE,Towers with Radar,0,2,27,0,29,0,17,49,1,67,0,19,76,1,96,114,0,114,210
07/24/2014,LOU,KY,ASO,CE,Towers with Radar,0,3,34,0,37,0,13,132,0,145,0,16,166,0,182,212,12,224,406
07/25/2014,LOU,KY,ASO,CE,Towers with Radar,0,0,31,1,32,0,5,137,10,152,0,5,168,11,184,210,0,210,394
07/26/2014,LOU,KY,ASO,CE,Towers with Radar,0,0,16,0,16,0,4,61,1,66,0,4,77,1,82,98,6,104,186
07/27/2014,LOU,KY,ASO,CE,Towers with Radar,0,0,18,0,18,0,0,16,0,16,0,0,34,0,34,10,0,10,44
07/28/2014,LOU,KY,ASO,CE,Towers with Radar,0,0,21,0,21,0,9,58,3,70,0,9,79,3,91,122,18,140,231
07/29/2014,LOU,KY,ASO,CE,Towers with Radar,0,1,14,1,16,0,21,104,2,127,0,22,118,3,143,166,0,166,309
07/30/2014,LOU,KY,ASO,CE,Towers with Radar,0,0,25,0,25,0,5,70,4,79,0,5,95,4,104,66,0,66,170
07/31/2014,LOU,KY,ASO,CE,Towers with Radar,0,2,30,0,32,0,13,97,4,114,0,15,127,4,146,104,0,104,250
08/01/2014,LOU,KY,ASO,CE,Towers with Radar,0,4,29,0,33,0,24,78,0,102,0,28,107,0,135,27,0,27,162
08/02/2014,LOU,KY,ASO,CE,Towers with Radar,0,0,16,0,16,0,10,78,0,88,0,10,94,0,104,156,0,156,260
08/03/2014,LOU,KY,ASO,CE,Towers with Radar,0,1,19,0,20,0,18,94,0,112,0,19,113,0,132,102,0,102,234
08/04/2014,LOU,KY,ASO,CE,Towers with Radar,0,3,25,4,32,0,14,77,0,91,0,17,102,4,123,104,0,104,227
08/05/2014,LOU,KY,ASO,CE,Towers with Radar,0,0,39,0,39,0,25,101,3,129,0,25,140,3,168,114,0,114,282
08/06/2014,LOU,KY,ASO,CE,Towers with Radar,0,0,28,0,28,0,9,107,6,122,0,9,135,6,150,66,0,66,216
08/07/2014,LOU,KY,ASO,CE,Towers with Radar,0,2,40,0,42,0,17,111,2,130,0,19,151,2,172,88,0,88,260
08/08/2014,LOU,KY,ASO,CE,Towers with Radar,0,0,41,0,41,0,9,27,1,37,0,9,68,1,78,18,0,18,96
08/09/2014,LOU,KY,ASO,CE,Towers with Radar,0,5,26,0,31,0,14,42,4,60,0,19,68,4,91,72,0,72,163
08/10/2014,LOU,KY,ASO,CE,Towers with Radar,0,1,36,0,37,0,5,32,1,38,0,6,68,1,75,102,0,102,177
08/11/2014,LOU,KY,ASO,CE,Towers with Radar,0,2,19,0,21,0,5,26,0,31,0,7,45,0,52,32,0,32,84
08/12/2014,LOU,KY,ASO,CE,Towers with Radar,0,0,26,0,26,0,15,42,0,57,0,15,68,0,83,46,0,46,129
08/13/2014,LOU,KY,ASO,CE,Towers with Radar,0,0,30,0,30,0,6,135,1,142,0,6,165,1,172,128,0,128,300
08/14/2014,LOU,KY,ASO,CE,Towers with Radar,0,0,29,0,29,0,6,88,2,96,0,6,117,2,125,138,0,138,263
08/15/2014,LOU,KY,ASO,CE,Towers with Radar,0,0,32,0,32,0,6,78,2,86,0,6,110,2,118,50,0,50,168
08/16/2014,LOU,KY,ASO,CE,Towers with Radar,0,0,21,0,21,0,18,145,0,163,0,18,166,0,184,189,0,189,373
08/17/2014,LOU,KY,ASO,CE,Towers with Radar,0,2,16,0,18,0,6,9,0,15,0,8,25,0,33,36,0,36,69
08/18/2014,LOU,KY,ASO,CE,Towers with Radar,0,0,27,0,27,0,6,26,1,33,0,6,53,1,60,80,0,80,140
08/19/2014,LOU,KY,ASO,CE,Towers with Radar,0,0,30,0,30,0,23,70,3,96,0,23,100,3,126,72,0,72,198
08/20/2014,LOU,KY,ASO,CE,Towers with Radar,0,0,31,0,31,0,22,69,0,91,0,22,100,0,122,82,0,82,204
08/21/2014,LOU,KY,ASO,CE,Towers with Radar,0,7,30,1,38,0,13,90,1,104,0,20,120,2,142,36,0,36,178
08/22/2014,LOU,KY,ASO,CE,Towers with Radar,0,1,24,0,25,0,13,72,0,85,0,14,96,0,110,108,0,108,218
08/23/2014,LOU,KY,ASO,CE,Towers with Radar,0,2,15,0,17,0,17,55,0,72,0,19,70,0,89,136,0,136,225
08/24/2014,LOU,KY,ASO,CE,Towers with Radar,0,0,16,0,16,0,8,50,2,60,0,8,66,2,76,50,0,50,126
08/25/2014,LOU,KY,ASO,CE,Towers with Radar,0,1,21,0,22,0,6,51,3,60,0,7,72,3,82,46,0,46,128
08/26/2014,LOU,KY,ASO,CE,Towers with Radar,0,0,20,1,21,0,7,71,8,86,0,7,91,9,107,158,0,158,265
08/27/2014,LOU,KY,ASO,CE,Towers with Radar,0,2,28,0,30,0,11,45,0,56,0,13,73,0,86,88,0,88,174
08/28/2014,LOU,KY,ASO,CE,Towers with Radar,0,0,39,0,39,0,1,79,1,81,0,1,118,1,120,106,0,106,226
08/29/2014,LOU,KY,ASO,CE,Towers with Radar,0,2,24,0,26,0,13,98,3,114,0,15,122,3,140,126,6,132,272
08/30/2014,LOU,KY,ASO,CE,Towers with Radar,0,0,15,0,15,0,20,120,1,141,0,20,135,1,156,168,0,168,324
08/31/2014,LOU,KY,ASO,CE,Towers with Radar,0,2,12,0,14,0,17,15,0,32,0,19,27,0,46,4,0,4,50
09/01/2014,LOU,KY,ASO,CE,Towers with Radar,0,0,24,0,24,0,10,74,0,84,0,10,98,0,108,94,0,94,202
09/02/2014,LOU,KY,ASO,CE,Towers with Radar,0,2,12,0,14,0,14,28,0,42,0,16,40,0,56,54,0,54,110
09/03/2014,LOU,KY,ASO,CE,Towers with Radar,0,0,27,0,27,0,4,64,0,68,0,4,91,0,95,56,0,56,151
09/04/2014,LOU,KY,ASO,CE,Towers with Radar,0,0,38,0,38,0,3,80,6,89,0,3,118,6,127,52,0,52,179
09/05/2014,LOU,KY,ASO,CE,Towers with Radar,0,2,19,0,21,0,2,82,2,86,0,4,101,2,107,52,0,52,159
09/06/2014,LOU,KY,ASO,CE,Towers with Radar,0,0,15,0,15,0,22,83,0,105,0,22,98,0,120,144,0,144,264
09/07/2014,LOU,KY,ASO,CE,Towers with Radar,0,0,13,0,13,0,19,149,1,169,0,19,162,1,182,214,0,214,396
09/08/2014,LOU,KY,ASO,CE,Towers with Radar,0,0,16,0,16,0,6,90,0,96,0,6,106,0,112,61,0,61,173
09/09/2014,LOU,KY,ASO,CE,Towers with Radar,0,0,31,0,31,0,6,96,5,107,0,6,127,5,138,176,0,176,314
09/10/2014,LOU,KY,ASO,CE,Towers with Radar,0,0,28,2,30,0,5,23,0,28,0,5,51,2,58,16,0,16,74
09/11/2014,LOU,KY,ASO,CE,Towers with Radar,0,0,27,0,27,0,2,12,0,14,0,2,39,0,41,16,0,16,57
09/12/2014,LOU,KY,ASO,CE,Towers with Radar,0,0,28,0,28,0,5,47,0,52,0,5,75,0,80,62,0,62,142
09/13/2014,LOU,KY,ASO,CE,Towers with Radar,0,0,22,0,22,0,30,40,0,70,0,30,62,0,92,176,0,176,268
09/14/2014,LOU,KY,ASO,CE,Towers with Radar,0,0,29,0,29,0,2,114,0,116,0,2,143,0,145,150,0,150,295
09/15/2014,LOU,KY,ASO,CE,Towers with Radar,0,0,18,0,18,0,17,74,1,92,0,17,92,1,110,78,0,78,188
09/16/2014,LOU,KY,ASO,CE,Towers with Radar,0,0,39,0,39,0,2,29,0,31,0,2,68,0,70,74,0,74,144
09/17/2014,LOU,KY,ASO,CE,Towers with Radar,0,1,37,2,40,0,2,108,3,113,0,3,145,5,153,144,0,144,297
09/18/2014,LOU,KY,ASO,CE,Towers with Radar,0,3,18,0,21,0,12,118,0,130,0,15,136,0,151,138,0,138,289
09/19/2014,LOU,KY,ASO,CE,Towers with Radar,0,1,30,0,31,0,6,119,3,128,0,7,149,3,159,136,0,136,295
09/20/2014,LOU,KY,ASO,CE,Towers with Radar,0,0,21,0,21,0,11,158,0,169,0,11,179,0,190,260,0,260,450
09/21/2014,LOU,KY,ASO,CE,Towers with Radar,0,2,7,0,9,0,19,70,0,89,0,21,77,0,98,84,0,84,182
09/22/2014,LOU,KY,ASO,CE,Towers with Radar,0,1,13,0,14,0,13,81,0,94,0,14,94,0,108,54,0,54,162
09/23/2014,LOU,KY,ASO,CE,Towers with Radar,0,0,22,0,22,0,21,92,5,118,0,21,114,5,140,206,0,206,346
09/24/2014,LOU,KY,ASO,CE,Towers with Radar,0,0,32,0,32,0,15,100,1,116,0,15,132,1,148,76,0,76,224
09/25/2014,LOU,KY,ASO,CE,Towers with Radar,0,0,17,0,17,0,6,109,0,115,0,6,126,0,132,114,0,114,246
09/26/2014,LOU,KY,ASO,CE,Towers with Radar,0,2,22,0,24,0,7,89,0,96,0,9,111,0,120,82,0,82,202
09/27/2014,LOU,KY,ASO,CE,Towers with Radar,0,0,16,0,16,0,7,158,1,166,0,7,174,1,182,118,0,118,300
09/28/2014,LOU,KY,ASO,CE,Towers with Radar,0,2,18,0,20,0,11,110,0,121,0,13,128,0,141,122,0,122,263
09/29/2014,LOU,KY,ASO,CE,Towers with Radar,0,0,16,0,16,0,12,93,1,106,0,12,109,1,122,110,0,110,232
09/30/2014,LOU,KY,ASO,CE,Towers with Radar,0,0,38,0,38,0,15,93,3,111,0,15,131,3,149,92,0,92,241
10/01/2014,LOU,KY,ASO,CE,Towers with Radar,0,1,31,0,32,0,16,78,0,94,0,17,109,0,126,122,0,122,248
10/02/2014,LOU,KY,ASO,CE,Towers with Radar,0,2,30,0,32,0,8,71,3,82,0,10,101,3,114,64,0,64,178
10/03/2014,LOU,KY,ASO,CE,Towers with Radar,0,0,27,0,27,0,15,22,0,37,0,15,49,0,64,26,0,26,90
10/04/2014,LOU,KY,ASO,CE,Towers with Radar,0,1,15,0,16,0,21,53,4,78,0,22,68,4,94,58,0,58,152
10/05/2014,LOU,KY,ASO,CE,Towers with Radar,0,1,23,0,24,0,23,73,0,96,0,24,96,0,120,88,0,88,208
10/06/2014,LOU,KY,ASO,CE,Towers with Radar,0,0,9,0,9,0,18,20,0,38,0,18,29,0,47,22,0,22,69
10/07/2014,LOU,KY,ASO,CE,Towers with Radar,0,0,30,0,30,0,3,32,0,35,0,3,62,0,65,68,0,68,133
10/08/2014,LOU,KY,ASO,CE,Towers with Radar,0,0,36,1,37,0,0,144,2,146,0,0,180,3,183,104,2,106,289
10/09/2014,LOU,KY,ASO,CE,Towers with Radar,0,0,33,0,33,0,2,61,1,64,0,2,94,1,97,92,0,92,189
10/10/2014,LOU,KY,ASO,CE,Towers with Radar,0,0,27,0,27,0,0,1,0,1,0,0,28,0,28,0,0,0,28
10/11/2014,LOU,KY,ASO,CE,Towers with Radar,0,2,37,0,39,0,16,42,0,58,0,18,79,0,97,92,0,92,189
10/12/2014,LOU,KY,ASO,CE,Towers with Radar,0,0,30,0,30,0,24,60,0,84,0,24,90,0,114,104,0,104,218
10/13/2014,LOU,KY,ASO,CE,Towers with Radar,0,0,11,0,11,0,28,25,3,56,0,28,36,3,67,54,2,56,123
10/14/2014,LOU,KY,ASO,CE,Towers with Radar,0,0,14,2,16,0,8,17,6,31,0,8,31,8,47,14,0,14,61
10/15/2014,LOU,KY,ASO,CE,Towers with Radar,0,6,31,0,37,0,1,8,0,9,0,7,39,0,46,44,0,44,90
10/16/2014,LOU,KY,ASO,CE,Towers with Radar,0,2,22,4,28,0,19,37,2,58,0,21,59,6,86,100,2,102,188
10/17/2014,LOU,KY,ASO,CE,Towers with Radar,0,2,28,0,30,0,17,127,0,144,0,19,155,0,174,126,0,126,300
10/18/2014,LOU,KY,ASO,CE,Towers with Radar,0,1,24,0,25,0,17,99,5,121,0,18,123,5,146,144,0,144,290
10/19/2014,LOU,KY,ASO,CE,Towers with Radar,0,5,26,0,31,0,9,121,1,131,0,14,147,1,162,156,0,156,318
10/20/2014,LOU,KY,ASO,CE,Towers with Radar,0,0,18,0,18,0,14,53,0,67,0,14,71,0,85,62,0,62,147
10/21/2014,LOU,KY,ASO,CE,Towers with Radar,0,0,15,0,15,0,17,47,0,64,0,17,62,0,79,88,0,88,167
10/22/2014,LOU,KY,ASO,CE,Towers with Radar,0,1,44,0,45,0,1,94,1,96,0,2,138,1,141,54,12,66,207
10/23/2014,LOU,KY,ASO,CE,Towers with Radar,0,0,35,0,35,0,9,109,2,120,0,9,144,2,155,152,0,152,307
10/24/2014,LOU,KY,ASO,CE,Towers with Radar,0,2,40,0,42,0,13,126,0,139,0,15,166,0,181,104,0,104,285
10/25/2014,LOU,KY,ASO,CE,Towers with Radar,0,0,31,0,31,0,21,130,1,152,0,21,161,1,183,154,0,154,337
10/26/2014,LOU,KY,ASO,CE,Towers with Radar,0,1,22,0,23,0,33,158,3,194,0,34,180,3,217,210,0,210,427
10/27/2014,LOU,KY,ASO,CE,Towers with Radar,0,1,18,0,19,0,3,75,0,78,0,4,93,0,97,42,0,42,139
10/28/2014,LOU,KY,ASO,CE,Towers with Radar,0,5,14,0,19,0,0,14,1,15,0,5,28,1,34,52,0,52,86
10/29/2014,LOU,KY,ASO,CE,Towers with Radar,0,2,23,0,25,0,4,86,0,90,0,6,109,0,115,146,0,146,261
10/30/2014,LOU,KY,ASO,CE,Towers with Radar,0,0,24,0,24,0,12,129,0,141,0,12,153,0,165,184,0,184,349
10/31/2014,LOU,KY,ASO,CE,Towers with Radar,0,0,17,0,17,0,6,31,0,37,0,6,48,0,54,56,0,56,110
11/01/2014,LOU,KY,ASO,CE,Towers with Radar,0,0,14,0,14,0,0,36,0,36,0,0,50,0,50,36,0,36,86
11/02/2014,LOU,KY,ASO,CE,Towers with Radar,0,0,22,0,22,0,10,150,0,160,0,10,172,0,182,150,0,150,332
11/03/2014,LOU,KY,ASO,CE,Towers with Radar,0,1,14,0,15,0,17,90,0,107,0,18,104,0,122,92,0,92,214
11/04/2014,LOU,KY,ASO,CE,Towers with Radar,0,4,20,0,24,0,17,73,0,90,0,21,93,0,114,114,0,114,228
11/05/2014,LOU,KY,ASO,CE,Towers with Radar,0,0,25,2,27,0,5,6,1,12,0,5,31,3,39,14,0,14,53
11/06/2014,LOU,KY,ASO,CE,Towers with Radar,0,4,26,0,30,0,1,25,0,26,0,5,51,0,56,30,0,30,86
11/07/2014,LOU,KY,ASO,CE,Towers with Radar,0,0,29,0,29,0,2,80,0,82,0,2,109,0,111,120,0,120,231
11/08/2014,LOU,KY,ASO,CE,Towers with Radar,0,2,10,0,12,0,4,71,0,75,0,6,81,0,87,74,0,74,161
11/09/2014,LOU,KY,ASO,CE,Towers with Radar,0,0,13,0,13,0,11,120,0,131,0,11,133,0,144,204,0,204,348
11/10/2014,LOU,KY,ASO,CE,Towers with Radar,0,0,13,0,13,0,13,63,0,76,0,13,76,0,89,24,0,24,113
11/11/2014,LOU,KY,ASO,CE,Towers with Radar,0,0,20,0,20,0,6,29,0,35,0,6,49,0,55,26,0,26,81
11/12/2014,LOU,KY,ASO,CE,Towers with Radar,0,0,31,0,31,0,10,34,0,44,0,10,65,0,75,56,0,56,131
11/13/2014,LOU,KY,ASO,CE,Towers with Radar,0,2,19,2,23,0,4,49,0,53,0,6,68,2,76,98,0,98,174
11/14/2014,LOU,KY,ASO,CE,Towers with Radar,0,4,20,0,24,0,10,80,2,92,0,14,100,2,116,98,0,98,214
11/15/2014,LOU,KY,ASO,CE,Towers with Radar,0,0,27,0,27,0,0,107,0,107,0,0,134,0,134,132,0,132,266
11/16/2014,LOU,KY,ASO,CE,Towers with Radar,0,4,9,0,13,0,0,39,0,39,0,4,48,0,52,130,0,130,182
11/17/2014,LOU,KY,ASO,CE,Towers with Radar,0,0,10,0,10,0,7,10,0,17,0,7,20,0,27,20,0,20,47
11/18/2014,LOU,KY,ASO,CE,Towers with Radar,0,0,29,0,29,0,6,44,0,50,0,6,73,0,79,46,0,46,125
11/19/2014,LOU,KY,ASO,CE,Towers with Radar,0,0,17,0,17,0,3,30,1,34,0,3,47,1,51,20,0,20,71
11/20/2014,LOU,KY,ASO,CE,Towers with Radar,0,0,17,0,17,0,2,79,0,81,0,2,96,0,98,108,0,108,206
11/21/2014,LOU,KY,ASO,CE,Towers with Radar,0,1,32,0,33,0,2,92,1,95,0,3,124,1,128,136,0,136,264
11/22/2014,LOU,KY,ASO,CE,Towers with Radar,0,3,28,0,31,0,3,65,2,70,0,6,93,2,101,94,0,94,195
11/23/2014,LOU,KY,ASO,CE,Towers with Radar,0,0,12,0,12,0,0,14,0,14,0,0,26,0,26,48,0,48,74
11/24/2014,LOU,KY,ASO,CE,Towers with Radar,0,0,3,0,3,0,3,2,0,5,0,3,5,0,8,10,0,10,18
11/25/2014,LOU,KY,ASO,CE,Towers with Radar,0,1,24,0,25,0,16,110,6,132,0,17,134,6,157,192,8,200,357
11/26/2014,LOU,KY,ASO,CE,Towers with Radar,0,3,28,2,33,0,7,86,1,94,0,10,114,3,127,94,0,94,221
11/27/2014,LOU,KY,ASO,CE,Towers with Radar,0,0,6,0,6,0,10,12,0,22,0,10,18,0,28,20,0,20,48
11/28/2014,LOU,KY,ASO,CE,Towers with Radar,0,0,19,0,19,0,7,105,1,113,0,7,124,1,132,72,0,72,204
11/29/2014,LOU,KY,ASO,CE,Towers with Radar,0,1,10,0,11,0,9,44,0,53,0,10,54,0,64,80,0,80,144
11/30/2014,LOU,KY,ASO,CE,Towers with Radar,0,2,25,2,29,0,9,26,0,35,0,11,51,2,64,20,0,20,84
12/01/2014,LOU,KY,ASO,CE,Towers with Radar,0,2,8,0,10,0,4,7,0,11,0,6,15,0,21,2,0,2,23
12/02/2014,LOU,KY,ASO,CE,Towers with Radar,0,1,15,0,16,0,0,0,0,0,0,1,15,0,16,0,0,0,16
12/03/2014,LOU,KY,ASO,CE,Towers with Radar,0,3,18,0,21,0,3,50,0,53,0,6,68,0,74,98,0,98,172
12/04/2014,LOU,KY,ASO,CE,Towers with Radar,0,3,28,0,31,0,1,2,0,3,0,4,30,0,34,4,0,4,38
12/05/2014,LOU,KY,ASO,CE,Towers with Radar,0,0,10,0,10,0,0,0,0,0,0,0,10,0,10,0,0,0,10
12/06/2014,LOU,KY,ASO,CE,Towers with Radar,0,0,6,0,6,0,6,4,0,10,0,6,10,0,16,26,0,26,42
12/07/2014,LOU,KY,ASO,CE,Towers with Radar,0,2,15,0,17,0,0,102,0,102,0,2,117,0,119,164,0,164,283
12/08/2014,LOU,KY,ASO,CE,Towers with Radar,0,0,19,0,19,0,1,54,0,55,0,1,73,0,74,60,0,60,134
12/09/2014,LOU,KY,ASO,CE,Towers with Radar,0,0,11,0,11,0,0,10,0,10,0,0,21,0,21,52,0,52,73
12/10/2014,LOU,KY,ASO,CE,Towers with Radar,0,3,26,0,29,0,9,38,0,47,0,12,64,0,76,84,0,84,160
12/11/2014,LOU,KY,ASO,CE,Towers with Radar,0,1,25,0,26,0,11,87,1,99,0,12,112,1,125,206,0,206,331
12/12/2014,LOU,KY,ASO,CE,Towers with Radar,0,0,41,0,41,0,13,117,3,133,0,13,158,3,174,168,0,168,342
12/13/2014,LOU,KY,ASO,CE,Towers with Radar,0,2,8,0,10,0,6,52,0,58,0,8,60,0,68,202,0,202,270
12/14/2014,LOU,KY,ASO,CE,Towers with Radar,0,0,26,0,26,0,0,1,0,1,0,0,27,0,27,4,0,4,31
12/15/2014,LOU,KY,ASO,CE,Towers with Radar,0,2,17,0,19,0,1,34,0,35,0,3,51,0,54,98,0,98,152
12/16/2014,LOU,KY,ASO,CE,Towers with Radar,0,0,18,0,18,0,3,14,0,17,0,3,32,0,35,10,0,10,45
12/17/2014,LOU,KY,ASO,CE,Towers with Radar,0,0,21,0,21,0,1,46,5,52,0,1,67,5,73,94,0,94,167
12/18/2014,LOU,KY,ASO,CE,Towers with Radar,0,0,30,0,30,0,7,41,0,48,0,7,71,0,78,72,0,72,150
12/19/2014,LOU,KY,ASO,CE,Towers with Radar,0,0,30,0,30,0,4,73,2,79,0,4,103,2,109,106,2,108,217
12/20/2014,LOU,KY,ASO,CE,Towers with Radar,0,0,15,0,15,0,1,58,0,59,0,1,73,0,74,256,0,256,330
12/21/2014,LOU,KY,ASO,CE,Towers with Radar,0,0,17,0,17,0,3,135,0,138,0,3,152,0,155,126,0,126,281
12/22/2014,LOU,KY,ASO,CE,Towers with Radar,0,0,16,0,16,0,5,86,0,91,0,5,102,0,107,134,0,134,241
12/23/2014,LOU,KY,ASO,CE,Towers with Radar,0,3,26,0,29,0,0,1,0,1,0,3,27,0,30,30,0,30,60
12/24/2014,LOU,KY,ASO,CE,Towers with Radar,0,0,8,0,8,0,0,0,0,0,0,0,8,0,8,0,0,0,8
12/25/2014,LOU,KY,ASO,CE,Towers with Radar,0,0,5,0,5,0,2,11,0,13,0,2,16,0,18,10,0,10,28
12/26/2014,LOU,KY,ASO,CE,Towers with Radar,0,0,23,0,23,0,4,126,1,131,0,4,149,1,154,80,0,80,234
12/27/2014,LOU,KY,ASO,CE,Towers with Radar,0,0,28,0,28,0,0,22,1,23,0,0,50,1,51,114,0,114,165
12/28/2014,LOU,KY,ASO,CE,Towers with Radar,0,0,20,0,20,0,2,7,0,9,0,2,27,0,29,24,0,24,53
12/29/2014,LOU,KY,ASO,CE,Towers with Radar,0,0,17,0,17,0,2,81,1,84,0,2,98,1,101,76,0,76,177
12/30/2014,LOU,KY,ASO,CE,Towers with Radar,0,2,21,0,23,0,5,77,0,82,0,7,98,0,105,38,0,38,143
12/31/2014,LOU,KY,ASO,CE,Towers with Radar,0,0,19,0,19,0,10,119,4,133,0,10,138,4,152,124,0,124,276
01/01/2015,LOU,KY,ASO,CE,Towers with Radar,0,0,12,0,12,0,0,60,0,60,0,0,72,0,72,20,0,20,92
01/02/2015,LOU,KY,ASO,CE,Towers with Radar,0,1,9,0,10,0,0,8,0,8,0,1,17,0,18,10,0,10,28
01/03/2015,LOU,KY,ASO,CE,Towers with Radar,0,0,3,0,3,0,0,0,0,0,0,0,3,0,3,0,0,0,3
01/04/2015,LOU,KY,ASO,CE,Towers with Radar,0,2,5,0,7,0,2,15,0,17,0,4,20,0,24,18,0,18,42
01/05/2015,LOU,KY,ASO,CE,Towers with Radar,0,0,12,0,12,0,11,68,0,79,0,11,80,0,91,24,0,24,115
01/06/2015,LOU,KY,ASO,CE,Towers with Radar,0,0,14,0,14,0,5,55,0,60,0,5,69,0,74,70,0,70,144
01/07/2015,LOU,KY,ASO,CE,Towers with Radar,0,0,7,0,7,0,6,9,0,15,0,6,16,0,22,54,0,54,76
01/08/2015,LOU,KY,ASO,CE,Towers with Radar,0,0,8,0,8,0,19,35,0,54,0,19,43,0,62,4,0,4,66
01/09/2015,LOU,KY,ASO,CE,Towers with Radar,0,4,13,0,17,0,9,44,3,56,0,13,57,3,73,20,0,20,93
01/10/2015,LOU,KY,ASO,CE,Towers with Radar,0,2,14,0,16,0,8,81,2,91,0,10,95,2,107,134,0,134,241
01/11/2015,LOU,KY,ASO,CE,Towers with Radar,0,1,15,0,16,0,3,29,0,32,0,4,44,0,48,95,0,95,143
01/12/2015,LOU,KY,ASO,CE,Towers with Radar,0,0,4,0,4,0,2,2,0,4,0,2,6,0,8,0,0,0,8
01/13/2015,LOU,KY,ASO,CE,Towers with Radar,0,0,15,0,15,0,6,24,4,34,0,6,39,4,49,40,0,40,89
01/14/2015,LOU,KY,ASO,CE,Towers with Radar,0,0,18,2,20,0,8,58,5,71,0,8,76,7,91,60,0,60,151
01/15/2015,LOU,KY,ASO,CE,Towers with Radar,0,0,18,0,18,0,3,73,0,76,0,3,91,0,94,114,0,114,208
01/16/2015,LOU,KY,ASO,CE,Towers with Radar,0,0,24,1,25,0,7,81,6,94,0,7,105,7,119,130,20,150,269
01/17/2015,LOU,KY,ASO,CE,Towers with Radar,0,0,14,0,14,0,11,107,0,118,0,11,121,0,132,122,0,122,254
01/18/2015,LOU,KY,ASO,CE,Towers with Radar,0,0,7,1,8,0,8,43,0,51,0,8,50,1,59,86,0,86,145
01/19/2015,LOU,KY,ASO,CE,Towers with Radar,0,0,12,0,12,0,14,91,0,105,0,14,103,0,117,148,0,148,265
01/20/2015,LOU,KY,ASO,CE,Towers with Radar,0,6,24,0,30,0,2,80,0,82,0,8,104,0,112,188,0,188,300
01/21/2015,LOU,KY,ASO,CE,Towers with Radar,0,0,20,0,20,0,10,63,0,73,0,10,83,0,93,76,0,76,169
01/22/2015,LOU,KY,ASO,CE,Towers with Radar,0,2,32,0,34,0,2,43,0,45,0,4,75,0,79,162,0,162,241
01/23/2015,LOU,KY,ASO,CE,Towers with Radar,0,1,7,0,8,0,15,16,0,31,0,16,23,0,39,66,0,66,105
01/24/2015,LOU,KY,ASO,CE,Towers with Radar,0,1,21,0,22,0,2,97,1,100,0,3,118,1,122,168,0,168,290
01/25/2015,LOU,KY,ASO,CE,Towers with Radar,0,1,12,0,13,0,0,27,0,27,0,1,39,0,40,94,0,94,134
01/26/2015,LOU,KY,ASO,CE,Towers with Radar,0,1,9,0,10,0,28,20,0,48,0,29,29,0,58,92,0,92,150
01/27/2015,LOU,KY,ASO,CE,Towers with Radar,0,2,28,1,31,0,3,20,0,23,0,5,48,1,54,48,0,48,102
01/28/2015,LOU,KY,ASO,CE,Towers with Radar,0,1,22,2,25,0,9,90,0,99,0,10,112,2,124,114,0,114,238
01/29/2015,LOU,KY,ASO,CE,Towers with Radar,0,2,10,0,12,0,6,15,1,22,0,8,25,1,34,8,0,8,42
01/30/2015,LOU,KY,ASO,CE,Towers with Radar,0,2,12,0,14,0,8,52,2,62,0,10,64,2,76,54,0,54,130
01/31/2015,LOU,KY,ASO,CE,Towers with Radar,0,0,17,0,17,0,12,143,2,157,0,12,160,2,174,256,0,256,430
02/01/2015,LOU,KY,ASO,CE,Towers with Radar,0,0,6,0,6,0,0,12,0,12,0,0,18,0,18,14,0,14,32
02/02/2015,LOU,KY,ASO,CE,Towers with Radar,0,0,8,0,8,0,9,18,0,27,0,9,26,0,35,54,0,54,89
02/03/2015,LOU,KY,ASO,CE,Towers with Radar,0,0,16,0,16,0,6,90,5,101,0,6,106,5,117,128,0,128,245
02/04/2015,LOU,KY,ASO,CE,Towers with Radar,0,0,17,0,17,0,3,53,0,56,0,3,70,0,73,72,0,72,145
02/05/2015,LOU,KY,ASO,CE,Towers with Radar,0,0,22,0,22,0,9,50,0,59,0,9,72,0,81,14,0,14,95
02/06/2015,LOU,KY,ASO,CE,Towers with Radar,0,3,32,0,35,0,7,73,0,80,0,10,105,0,115,52,0,52,167
02/07/2015,LOU,KY,ASO,CE,Towers with Radar,0,1,12,0,13,0,15,117,0,132,0,16,129,0,145,182,0,182,327
02/08/2015,LOU,KY,ASO,CE,Towers with Radar,0,0,13,0,13,0,0,17,1,18,0,0,30,1,31,44,0,44,75
02/09/2015,LOU,KY,ASO,CE,Towers with Radar,0,1,8,0,9,0,2,2,0,4,0,3,10,0,13,0,20,20,33
02/10/2015,LOU,KY,ASO,CE,Towers with Radar,0,3,35,0,38,0,6,61,3,70,0,9,96,3,108,70,0,70,178
02/11/2015,LOU,KY,ASO,CE,Towers with Radar,0,0,38,0,38,0,5,76,0,81,0,5,114,0,119,120,0,120,239
02/12/2015,LOU,KY,ASO,CE,Towers with Radar,0,0,24,0,24,0,3,11,0,14,0,3,35,0,38,4,0,4,42
02/13/2015,LOU,KY,ASO,CE,Towers with Radar,0,2,33,0,35,0,5,50,1,56,0,7,83,1,91,64,6,70,161
02/14/2015,LOU,KY,ASO,CE,Towers with Radar,0,0,6,0,6,0,0,7,0,7,0,0,13,0,13,26,0,26,39
02/15/2015,LOU,KY,ASO,CE,Towers with Radar,0,0,13,0,13,0,0,47,0,47,0,0,60,0,60,104,0,104,164
02/16/2015,LOU,KY,ASO,CE,Towers with Radar,0,0,2,0,2,0,0,2,0,2,0,0,4,0,4,0,0,0,4
02/17/2015,LOU,KY,ASO,CE,Towers with Radar,0,0,7,0,7,0,7,23,0,30,0,7,30,0,37,12,0,12,49
02/18/2015,LOU,KY,ASO,CE,Towers with Radar,0,0,10,0,10,0,8,11,0,19,0,8,21,0,29,10,0,10,39
02/19/2015,LOU,KY,ASO,CE,Towers with Radar,0,0,11,0,11,0,5,21,0,26,0,5,32,0,37,24,0,24,61
02/20/2015,LOU,KY,ASO,CE,Towers with Radar,0,0,18,0,18,0,10,17,0,27,0,10,35,0,45,20,0,20,65
02/21/2015,LOU,KY,ASO,CE,Towers with Radar,0,0,1,0,1,0,0,0,0,0,0,0,1,0,1,0,0,0,1
02/22/2015,LOU,KY,ASO,CE,Towers with Radar,0,0,6,0,6,0,3,20,0,23,0,3,26,0,29,34,0,34,63
02/23/2015,LOU,KY,ASO,CE,Towers with Radar,0,0,11,0,11,0,7,47,0,54,0,7,58,0,65,36,0,36,101
02/24/2015,LOU,KY,ASO,CE,Towers with Radar,0,2,19,0,21,0,3,47,0,50,0,5,66,0,71,44,0,44,115
02/25/2015,LOU,KY,ASO,CE,Towers with Radar,0,5,22,0,27,0,5,84,1,90,0,10,106,1,117,136,0,136,253
02/26/2015,LOU,KY,ASO,CE,Towers with Radar,0,1,9,0,10,0,4,30,2,36,0,5,39,2,46,62,0,62,108
02/27/2015,LOU,KY,ASO,CE,Towers with Radar,0,1,15,0,16,0,1,48,11,60,0,2,63,11,76,50,0,50,126
02/28/2015,LOU,KY,ASO,CE,Towers with Radar,0,2,16,0,18,0,1,92,1,94,0,3,108,1,112,138,0,138,250
03/01/2015,LOU,KY,ASO,CE,Towers with Radar,0,0,2,0,2,0,0,0,0,0,0,0,2,0,2,0,0,0,2
03/02/2015,LOU,KY,ASO,CE,Towers with Radar,0,0,17,0,17,0,8,52,0,60,0,8,69,0,77,76,0,76,153
03/03/2015,LOU,KY,ASO,CE,Towers with Radar,0,0,15,0,15,0,1,3,0,4,0,1,18,0,19,2,0,2,21
03/04/2015,LOU,KY,ASO,CE,Towers with Radar,0,0,5,0,5,0,0,0,0,0,0,0,5,0,5,0,0,0,5
03/05/2015,LOU,KY,ASO,CE,Towers with Radar,0,0,0,0,0,0,7,7,0,14,0,7,7,0,14,4,0,4,18
03/06/2015,LOU,KY,ASO,CE,Towers with Radar,0,0,17,0,17,0,4,32,0,36,0,4,49,0,53,10,0,10,63
03/07/2015,LOU,KY,ASO,CE,Towers with Radar,0,1,15,0,16,0,0,66,1,67,0,1,81,1,83,206,0,206,289
03/08/2015,LOU,KY,ASO,CE,Towers with Radar,0,0,17,0,17,0,6,86,0,92,0,6,103,0,109,232,0,232,341
03/09/2015,LOU,KY,ASO,CE,Towers with Radar,0,0,22,0,22,0,9,61,1,71,0,9,83,1,93,74,0,74,167
03/10/2015,LOU,KY,ASO,CE,Towers with Radar,0,2,14,0,16,0,0,1,0,1,0,2,15,0,17,0,0,0,17
03/11/2015,LOU,KY,ASO,CE,Towers with Radar,0,0,25,0,25,0,2,53,4,59,0,2,78,4,84,134,0,134,218
03/12/2015,LOU,KY,ASO,CE,Towers with Radar,0,2,23,0,25,0,12,55,2,69,0,14,78,2,94,52,0,52,146
03/13/2015,LOU,KY,ASO,CE,Towers with Radar,0,1,21,0,22,0,2,0,0,2,0,3,21,0,24,0,0,0,24
03/14/2015,LOU,KY,ASO,CE,Towers with Radar,0,0,11,0,11,0,5,8,0,13,0,5,19,0,24,8,0,8,32
03/15/2015,LOU,KY,ASO,CE,Towers with Radar,0,2,17,0,19,0,0,160,0,160,0,2,177,0,179,176,0,176,355
03/16/2015,LOU,KY,ASO,CE,Towers with Radar,0,0,22,0,22,0,10,113,0,123,0,10,135,0,145,118,0,118,263
03/17/2015,LOU,KY,ASO,CE,Towers with Radar,0,0,17,0,17,0,6,57,0,63,0,6,74,0,80,18,0,18,98
03/18/2015,LOU,KY,ASO,CE,Towers with Radar,0,1,27,0,28,0,8,56,0,64,0,9,83,0,92,100,0,100,192
03/19/2015,LOU,KY,ASO,CE,Towers with Radar,0,2,27,0,29,0,3,23,0,26,0,5,50,0,55,10,0,10,65
03/20/2015,LOU,KY,ASO,CE,Towers with Radar,0,0,27,0,27,0,2,7,2,11,0,2,34,2,38,20,0,20,58
03/21/2015,LOU,KY,ASO,CE,Towers with Radar,0,0,26,0,26,0,6,181,0,187,0,6,207,0,213,294,0,294,507
03/22/2015,LOU,KY,ASO,CE,Towers with Radar,0,3,13,0,16,0,0,100,0,100,0,3,113,0,116,180,0,180,296
03/23/2015,LOU,KY,ASO,CE,Towers with Radar,0,0,15,0,15,0,9,71,0,80,0,9,86,0,95,156,0,156,251
03/24/2015,LOU,KY,ASO,CE,Towers with Radar,0,0,23,0,23,0,12,24,3,39,0,12,47,3,62,36,2,38,100
03/25/2015,LOU,KY,ASO,CE,Towers with Radar,0,0,27,0,27,0,5,52,1,58,0,5,79,1,85,74,0,74,159
03/26/2015,LOU,KY,ASO,CE,Towers with Radar,0,0,18,0,18,0,1,4,0,5,0,1,22,0,23,4,0,4,27
03/27/2015,LOU,KY,ASO,CE,Towers with Radar,0,0,18,0,18,0,3,75,0,78,0,3,93,0,96,38,0,38,134
03/28/2015,LOU,KY,ASO,CE,Towers with Radar,0,0,26,0,26,0,4,123,1,128,0,4,149,1,154,226,0,226,380
03/29/2015,LOU,KY,ASO,CE,Towers with Radar,0,0,18,0,18,0,3,53,0,56,0,3,71,0,74,134,0,134,208
03/30/2015,LOU,KY,ASO,CE,Towers with Radar,0,0,22,0,22,0,10,62,2,74,0,10,84,2,96,52,0,52,148
03/31/2015,LOU,KY,ASO,CE,Towers with Radar,0,1,26,0,27,0,5,67,3,75,0,6,93,3,102,90,0,90,192
04/01/2015,LOU,KY,ASO,CE,Towers with Radar,0,2,34,0,36,0,5,134,5,144,0,7,168,5,180,186,0,186,366
04/02/2015,LOU,KY,ASO,CE,Towers with Radar,0,2,13,0,15,0,0,7,0,7,0,2,20,0,22,2,0,2,24
04/03/2015,LOU,KY,ASO,CE,Towers with Radar,0,2,22,0,24,0,13,15,0,28,0,15,37,0,52,2,0,2,54
04/04/2015,LOU,KY,ASO,CE,Towers with Radar,0,0,17,0,17,0,2,121,2,125,0,2,138,2,142,288,0,288,430
04/05/2015,LOU,KY,ASO,CE,Towers with Radar,0,0,13,0,13,0,2,63,0,65,0,2,76,0,78,72,0,72,150
04/06/2015,LOU,KY,ASO,CE,Towers with Radar,0,0,15,0,15,0,6,43,0,49,0,6,58,0,64,66,0,66,130
04/07/2015,LOU,KY,ASO,CE,Towers with Radar,0,0,12,0,12,0,1,0,0,1,0,1,12,0,13,12,0,12,25
04/08/2015,LOU,KY,ASO,CE,Towers with Radar,0,2,19,0,21,0,1,30,0,31,0,3,49,0,52,22,0,22,74
04/09/2015,LOU,KY,ASO,CE,Towers with Radar,0,0,10,0,10,0,2,14,0,16,0,2,24,0,26,12,0,12,38
04/10/2015,LOU,KY,ASO,CE,Towers with Radar,0,0,22,0,22,0,3,37,0,40,0,3,59,0,62,60,0,60,122
04/11/2015,LOU,KY,ASO,CE,Towers with Radar,0,3,30,0,33,0,1,203,2,206,0,4,233,2,239,216,6,222,461
04/12/2015,LOU,KY,ASO,CE,Towers with Radar,0,4,23,0,27,0,6,150,0,156,0,10,173,0,183,216,0,216,399
04/13/2015,LOU,KY,ASO,CE,Towers with Radar,0,0,17,0,17,0,1,23,3,27,0,1,40,3,44,36,0,36,80
04/14/2015,LOU,KY,ASO,CE,Towers with Radar,0,0,18,0,18,0,6,24,0,30,0,6,42,0,48,180,0,180,228
04/15/2015,LOU,KY,ASO,CE,Towers with Radar,0,2,21,0,23,0,15,50,0,65,0,17,71,0,88,86,0,86,174
04/16/2015,LOU,KY,ASO,CE,Towers with Radar,0,0,29,0,29,0,59,52,2,113,0,59,81,2,142,82,0,82,224
04/17/2015,LOU,KY,ASO,CE,Towers with Radar,0,0,28,2,30,0,20,71,0,91,0,20,99,2,121,210,0,210,331
04/18/2015,LOU,KY,ASO,CE,Towers with Radar,0,0,15,0,15,0,12,169,7,188,0,12,184,7,203,290,2,292,495
04/19/2015,LOU,KY,ASO,CE,Towers with Radar,0,0,14,0,14,0,0,10,0,10,0,0,24,0,24,22,0,22,46
04/20/2015,LOU,KY,ASO,CE,Towers with Radar,0,3,25,0,28,0,7,14,1,22,0,10,39,1,50,8,8,16,66
04/21/2015,LOU,KY,ASO,CE,Towers with Radar,0,9,28,1,38,0,3,45,1,49,0,12,73,2,87,24,0,24,111
04/22/2015,LOU,KY,ASO,CE,Towers with Radar,0,4,32,0,36,0,3,45,0,48,0,7,77,0,84,28,0,28,112
04/23/2015,LOU,KY,ASO,CE,Towers with Radar,0,4,34,1,39,0,2,62,2,66,0,6,96,3,105,54,0,54,159
04/24/2015,LOU,KY,ASO,CE,Towers with Radar,0,0,41,0,41,0,9,96,2,107,0,9,137,2,148,199,0,199,347
04/25/2015,LOU,KY,ASO,CE,Towers with Radar,0,1,15,0,16,0,3,7,0,10,0,4,22,0,26,0,0,0,26
04/26/2015,LOU,KY,ASO,CE,Towers with Radar,0,1,22,0,23,0,15,91,0,106,0,16,113,0,129,154,0,154,283
04/27/2015,LOU,KY,ASO,CE,Towers with Radar,0,0,25,0,25,0,12,101,0,113,0,12,126,0,138,126,0,126,264
04/28/2015,LOU,KY,ASO,CE,Towers with Radar,0,0,21,0,21,0,8,96,0,104,0,8,117,0,125,152,0,152,277
04/29/2015,LOU,KY,ASO,CE,Towers with Radar,0,0,40,0,40,0,12,97,0,109,0,12,137,0,149,130,0,130,279
04/30/2015,LOU,KY,ASO,CE,Towers with Radar,0,3,83,0,86,0,15,94,2,111,0,18,177,2,197,80,0,80,277
05/01/2015,LOU,KY,ASO,CE,Towers with Radar,0,5,43,0,48,0,15,178,7,200,0,20,221,7,248,224,0,224,472
05/02/2015,LOU,KY,ASO,CE,Towers with Radar,0,14,42,0,56,0,13,196,4,213,0,27,238,4,269,196,0,196,465
05/03/2015,LOU,KY,ASO,CE,Towers with Radar,0,13,91,0,104,0,14,140,0,154,0,27,231,0,258,74,0,74,332
05/04/2015,LOU,KY,ASO,CE,Towers with Radar,0,0,21,2,23,0,6,81,2,89,0,6,102,4,112,44,0,44,156
05/05/2015,LOU,KY,ASO,CE,Towers with Radar,0,0,29,2,31,0,2,101,1,104,0,2,130,3,135,58,0,58,193
05/06/2015,LOU,KY,ASO,CE,Towers with Radar,0,2,21,0,23,0,9,102,0,111,0,11,123,0,134,78,0,78,212
05/07/2015,LOU,KY,ASO,CE,Towers with Radar,0,4,25,0,29,0,2,105,3,110,0,6,130,3,139,122,0,122,261
05/08/2015,LOU,KY,ASO,CE,Towers with Radar,0,3,27,1,31,0,6,88,3,97,0,9,115,4,128,88,0,88,216
05/09/2015,LOU,KY,ASO,CE,Towers with Radar,0,2,22,0,24,0,15,94,0,109,0,17,116,0,133,207,0,207,340
05/10/2015,LOU,KY,ASO,CE,Towers with Radar,0,1,11,0,12,0,11,53,0,64,0,12,64,0,76,99,0,99,175
05/11/2015,LOU,KY,ASO,CE,Towers with Radar,0,3,12,0,15,0,3,32,0,35,0,6,44,0,50,20,0,20,70
05/12/2015,LOU,KY,ASO,CE,Towers with Radar,0,3,27,0,30,0,12,114,0,126,0,15,141,0,156,110,0,110,266
05/13/2015,LOU,KY,ASO,CE,Towers with Radar,0,2,20,2,24,0,9,99,0,108,0,11,119,2,132,132,2,134,266
05/14/2015,LOU,KY,ASO,CE,Towers with Radar,0,2,39,0,41,0,9,108,2,119,0,11,147,2,160,112,0,112,272
05/15/2015,LOU,KY,ASO,CE,Towers with Radar,0,2,18,0,20,0,12,61,0,73,0,14,79,0,93,72,0,72,165
05/16/2015,LOU,KY,ASO,CE,Towers with Radar,0,2,12,0,14,0,20,18,0,38,0,22,30,0,52,68,0,68,120
05/17/2015,LOU,KY,ASO,CE,Towers with Radar,0,1,16,0,17,0,22,38,0,60,0,23,54,0,77,62,0,62,139
05/18/2015,LOU,KY,ASO,CE,Towers with Radar,0,2,29,0,31,0,3,31,0,34,0,5,60,0,65,64,0,64,129
05/19/2015,LOU,KY,ASO,CE,Towers with Radar,0,2,23,0,25,0,24,150,0,174,0,26,173,0,199,122,0,122,321
05/20/2015,LOU,KY,ASO,CE,Towers with Radar,0,2,27,0,29,0,2,85,0,87,0,4,112,0,116,192,0,192,308
05/21/2015,LOU,KY,ASO,CE,Towers with Radar,0,3,35,0,38,0,8,50,4,62,0,11,85,4,100,62,0,62,162
05/22/2015,LOU,KY,ASO,CE,Towers with Radar,0,4,22,0,26,0,3,141,0,144,0,7,163,0,170,184,0,184,354
05/23/2015,LOU,KY,ASO,CE,Towers with Radar,0,0,26,0,26,0,22,174,0,196,0,22,200,0,222,150,0,150,372
05/24/2015,LOU,KY,ASO,CE,Towers with Radar,0,0,13,0,13,0,15,99,0,114,0,15,112,0,127,86,0,86,213
05/25/2015,LOU,KY,ASO,CE,Towers with Radar,0,0,28,0,28,0,2,8,0,10,0,2,36,0,38,12,0,12,50
05/26/2015,LOU,KY,ASO,CE,Towers with Radar,0,2,13,1,16,0,3,18,3,24,0,5,31,4,40,28,0,28,68
05/27/2015,LOU,KY,ASO,CE,Towers with Radar,0,2,26,2,30,0,12,71,1,84,0,14,97,3,114,138,0,138,252
05/28/2015,LOU,KY,ASO,CE,Towers with Radar,0,7,36,2,45,0,3,39,0,42,0,10,75,2,87,50,0,50,137
05/29/2015,LOU,KY,ASO,CE,Towers with Radar,0,5,26,0,31,0,15,84,0,99,0,20,110,0,130,136,0,136,266
05/30/2015,LOU,KY,ASO,CE,Towers with Radar,0,0,16,0,16,0,15,101,1,117,0,15,117,1,133,186,0,186,319
05/31/2015,LOU,KY,ASO,CE,Towers with Radar,0,0,30,0,30,0,15,22,0,37,0,15,52,0,67,104,0,104,171
06/01/2015,LOU,KY,ASO,CE,Towers with Radar,0,2,22,0,24,0,9,23,0,32,0,11,45,0,56,88,0,88,144
06/02/2015,LOU,KY,ASO,CE,Towers with Radar,0,4,40,0,44,0,6,47,0,53,0,10,87,0,97,240,0,240,337
06/03/2015,LOU,KY,ASO,CE,Towers with Radar,0,2,41,0,43,0,13,95,2,110,0,15,136,2,153,178,0,178,331
06/04/2015,LOU,KY,ASO,CE,Towers with Radar,0,2,28,0,30,0,10,129,3,142,0,12,157,3,172,142,0,142,314
06/05/2015,LOU,KY,ASO,CE,Towers with Radar,0,3,23,0,26,0,10,116,0,126,0,13,139,0,152,138,0,138,290
06/06/2015,LOU,KY,ASO,CE,Towers with Radar,0,0,23,0,23,0,1,109,0,110,0,1,132,0,133,162,0,162,295
06/07/2015,LOU,KY,ASO,CE,Towers with Radar,0,0,20,0,20,0,5,107,1,113,0,5,127,1,133,72,0,72,205
06/08/2015,LOU,KY,ASO,CE,Towers with Radar,0,2,13,0,15,0,13,22,4,39,0,15,35,4,54,6,0,6,60
06/09/2015,LOU,KY,ASO,CE,Towers with Radar,0,2,39,0,41,0,11,124,4,139,0,13,163,4,180,180,0,180,360
06/10/2015,LOU,KY,ASO,CE,Towers with Radar,0,4,35,0,39,0,2,168,4,174,0,6,203,4,213,128,0,128,341
06/11/2015,LOU,KY,ASO,CE,Towers with Radar,0,2,26,0,28,0,14,99,5,118,0,16,125,5,146,74,6,80,226
06/12/2015,LOU,KY,ASO,CE,Towers with Radar,0,2,30,0,32,0,1,78,0,79,0,3,108,0,111,88,0,88,199
06/13/2015,LOU,KY,ASO,CE,Towers with Radar,0,0,15,0,15,0,11,134,5,150,0,11,149,5,165,150,0,150,315
06/14/2015,LOU,KY,ASO,CE,Towers with Radar,0,0,20,0,20,0,13,99,0,112,0,13,119,0,132,54,0,54,186
06/15/2015,LOU,KY,ASO,CE,Towers with Radar,0,2,28,0,30,0,13,69,1,83,0,15,97,1,113,64,0,64,177
06/16/2015,LOU,KY,ASO,CE,Towers with Radar,0,3,31,0,34,0,15,57,2,74,0,18,88,2,108,120,0,120,228
06/17/2015,LOU,KY,ASO,CE,Towers with Radar,0,2,19,0,21,0,9,33,0,42,0,11,52,0,63,102,0,102,165
06/18/2015,LOU,KY,ASO,CE,Towers with Radar,0,2,23,0,25,0,19,57,0,76,0,21,80,0,101,158,0,158,259
06/19/2015,LOU,KY,ASO,CE,Towers with Radar,0,2,36,0,38,0,10,133,5,148,0,12,169,5,186,38,0,38,224
06/20/2015,LOU,KY,ASO,CE,Towers with Radar,0,0,16,0,16,0,6,25,0,31,0,6,41,0,47,18,0,18,65
06/21/2015,LOU,KY,ASO,CE,Towers with Radar,0,0,21,0,21,0,27,55,0,82,0,27,76,0,103,44,0,44,147
06/22/2015,LOU,KY,ASO,CE,Towers with Radar,0,2,24,0,26,0,8,97,0,105,0,10,121,0,131,112,0,112,243
06/23/2015,LOU,KY,ASO,CE,Towers with Radar,0,2,23,1,26,0,14,98,0,112,0,16,121,1,138,124,0,124,262
06/24/2015,LOU,KY,ASO,CE,Towers with Radar,0,7,18,0,25,0,16,124,2,142,0,23,142,2,167,146,0,146,313
06/25/2015,LOU,KY,ASO,CE,Towers with Radar,0,2,19,0,21,0,1,97,4,102,0,3,116,4,123,86,0,86,209
06/26/2015,LOU,KY,ASO,CE,Towers with Radar,0,2,19,0,21,0,7,50,0,57,0,9,69,0,78,96,0,96,174
06/27/2015,LOU,KY,ASO,CE,Towers with Radar,0,0,27,0,27,0,25,37,0,62,0,25,64,0,89,94,0,94,183
06/28/2015,LOU,KY,ASO,CE,Towers with Radar,0,0,15,0,15,0,16,166,0,182,0,16,181,0,197,250,0,250,447
06/29/2015,LOU,KY,ASO,CE,Towers with Radar,0,2,29,0,31,0,8,58,1,67,0,10,87,1,98,44,0,44,142
06/30/2015,LOU,KY,ASO,CE,Towers with Radar,0,2,29,0,31,0,7,61,3,71,0,9,90,3,102,60,0,60,162
07/01/2015,LOU,KY,ASO,CE,Towers with Radar,0,3,31,0,34,0,10,40,4,54,0,13,71,4,88,128,0,128,216
07/02/2015,LOU,KY,ASO,CE,Towers with Radar,0,6,26,0,32,0,8,17,0,25,0,14,43,0,57,64,0,64,121
07/03/2015,LOU,KY,ASO,CE,Towers with Radar,0,2,20,0,22,0,0,6,0,6,0,2,26,0,28,8,0,8,36
07/04/2015,LOU,KY,ASO,CE,Towers with Radar,0,0,16,0,16,0,5,53,0,58,0,5,69,0,74,134,0,134,208
07/05/2015,LOU,KY,ASO,CE,Towers with Radar,0,2,20,0,22,0,1,56,0,57,0,3,76,0,79,82,0,82,161
07/06/2015,LOU,KY,ASO,CE,Towers with Radar,0,2,27,0,29,0,26,99,0,125,0,28,126,0,154,122,0,122,276
07/07/2015,LOU,KY,ASO,CE,Towers with Radar,0,3,19,0,22,0,5,7,0,12,0,8,26,0,34,0,0,0,34
07/08/2015,LOU,KY,ASO,CE,Towers with Radar,0,2,37,0,39,0,16,22,6,44,0,18,59,6,83,10,0,10,93
07/09/2015,LOU,KY,ASO,CE,Towers with Radar,0,3,35,4,42,0,14,37,1,52,0,17,72,5,94,64,0,64,158
07/10/2015,LOU,KY,ASO,CE,Towers with Radar,0,2,25,0,27,0,10,49,5,64,0,12,74,5,91,40,0,40,131
07/11/2015,LOU,KY,ASO,CE,Towers with Radar,0,0,31,0,31,0,8,133,3,144,0,8,164,3,175,244,0,244,419
07/12/2015,LOU,KY,ASO,CE,Towers with Radar,0,1,13,0,14,0,11,70,0,81,0,12,83,0,95,74,0,74,169
07/13/2015,LOU,KY,ASO,CE,Towers with Radar,0,2,21,0,23,0,7,66,0,73,0,9,87,0,96,62,0,62,158
07/14/2015,LOU,KY,ASO,CE,Towers with Radar,0,3,28,0,31,0,12,55,0,67,0,15,83,0,98,50,0,50,148
07/15/2015,LOU,KY,ASO,CE,Towers with Radar,0,2,41,0,43,0,13,67,0,80,0,15,108,0,123,100,0,100,223
07/16/2015,LOU,KY,ASO,CE,Towers with Radar,0,6,61,0,67,0,15,98,0,113,0,21,159,0,180,130,0,130,310
07/17/2015,LOU,KY,ASO,CE,Towers with Radar,0,2,29,0,31,0,6,113,2,121,0,8,142,2,152,68,0,68,220
07/18/2015,LOU,KY,ASO,CE,Towers with Radar,0,0,24,0,24,0,4,119,2,125,0,4,143,2,149,172,0,172,321
07/19/2015,LOU,KY,ASO,CE,Towers with Radar,0,0,27,0,27,0,3,75,0,78,0,3,102,0,105,178,0,178,283
07/20/2015,LOU,KY,ASO,CE,Towers with Radar,0,2,22,0,24,0,20,71,0,91,0,22,93,0,115,54,0,54,169
07/21/2015,LOU,KY,ASO,CE,Towers with Radar,0,2,23,0,25,0,9,79,3,91,0,11,102,3,116,140,0,140,256
07/22/2015,LOU,KY,ASO,CE,Towers with Radar,0,5,35,0,40,0,11,106,0,117,0,16,141,0,157,148,0,148,305
07/23/2015,LOU,KY,ASO,CE,Towers with Radar,0,2,25,0,27,0,8,145,0,153,0,10,170,0,180,126,0,126,306
07/24/2015,LOU,KY,ASO,CE,Towers with Radar,0,2,42,1,45,0,8,104,0,112,0,10,146,1,157,142,0,142,299
07/25/2015,LOU,KY,ASO,CE,Towers with Radar,0,1,13,0,14,0,13,124,4,141,0,14,137,4,155,136,0,136,291
07/26/2015,LOU,KY,ASO,CE,Towers with Radar,0,0,28,0,28,0,23,116,0,139,0,23,144,0,167,120,0,120,287
07/27/2015,LOU,KY,ASO,CE,Towers with Radar,0,2,30,0,32,0,3,63,0,66,0,5,93,0,98,98,0,98,196
07/28/2015,LOU,KY,ASO,CE,Towers with Radar,0,4,33,0,37,0,7,72,0,79,0,11,105,0,116,118,0,118,234
07/29/2015,LOU,KY,ASO,CE,Towers with Radar,0,4,14,0,18,0,11,60,0,71,0,15,74,0,89,102,0,102,191
07/30/2015,LOU,KY,ASO,CE,Towers with Radar,0,2,31,0,33,0,24,115,1,140,0,26,146,1,173,124,0,124,297
07/31/2015,LOU,KY,ASO,CE,Towers with Radar,0,2,40,0,42,0,12,88,2,102,0,14,128,2,144,136,0,136,280
08/01/2015,LOU,KY,ASO,CE,Towers with Radar,0,0,25,0,25,0,22,143,0,165,0,22,168,0,190,160,0,160,350
08/02/2015,LOU,KY,ASO,CE,Towers with Radar,0,0,22,0,22,0,15,138,0,153,0,15,160,0,175,128,0,128,303
08/03/2015,LOU,KY,ASO,CE,Towers with Radar,0,0,18,0,18,0,8,77,0,85,0,8,95,0,103,50,0,50,153
08/04/2015,LOU,KY,ASO,CE,Towers with Radar,0,0,35,0,35,0,4,71,0,75,0,4,106,0,110,156,0,156,266
08/05/2015,LOU,KY,ASO,CE,Towers with Radar,0,0,15,0,15,0,4,89,0,93,0,4,104,0,108,164,0,164,272
08/06/2015,LOU,KY,ASO,CE,Towers with Radar,0,0,25,0,25,0,0,4,0,4,0,0,29,0,29,2,0,2,31
08/07/2015,LOU,KY,ASO,CE,Towers with Radar,0,0,31,0,31,0,19,87,0,106,0,19,118,0,137,240,0,240,377
08/08/2015,LOU,KY,ASO,CE,Towers with Radar,0,0,22,0,22,0,11,121,0,132,0,11,143,0,154,228,0,228,382
08/09/2015,LOU,KY,ASO,CE,Towers with Radar,0,2,23,0,25,0,8,97,0,105,0,10,120,0,130,176,0,176,306
08/10/2015,LOU,KY,ASO,CE,Towers with Radar,0,0,16,0,16,0,11,64,0,75,0,11,80,0,91,102,0,102,193
08/11/2015,LOU,KY,ASO,CE,Towers with Radar,0,1,30,0,31,0,9,106,2,117,0,10,136,2,148,100,0,100,248
08/12/2015,LOU,KY,ASO,CE,Towers with Radar,0,1,25,0,26,0,15,122,1,138,0,16,147,1,164,70,0,70,234
08/13/2015,LOU,KY,ASO,CE,Towers with Radar,0,0,26,0,26,0,1,102,2,105,0,1,128,2,131,100,0,100,231
08/14/2015,LOU,KY,ASO,CE,Towers with Radar,0,1,24,1,26,0,2,128,1,131,0,3,152,2,157,138,0,138,295
08/15/2015,LOU,KY,ASO,CE,Towers with Radar,0,0,23,0,23,0,14,195,0,209,0,14,218,0,232,392,0,392,624
08/16/2015,LOU,KY,ASO,CE,Towers with Radar,0,0,13,0,13,0,22,158,0,180,0,22,171,0,193,162,0,162,355
08/17/2015,LOU,KY,ASO,CE,Towers with Radar,0,0,18,0,18,0,10,71,0,81,0,10,89,0,99,148,0,148,247
08/18/2015,LOU,KY,ASO,CE,Towers with Radar,0,0,44,2,46,0,17,71,0,88,0,17,115,2,134,112,6,118,252
08/19/2015,LOU,KY,ASO,CE,Towers with Radar,0,2,13,0,15,0,8,27,1,36,0,10,40,1,51,4,0,4,55
08/20/2015,LOU,KY,ASO,CE,Towers with Radar,0,2,39,1,42,0,4,129,0,133,0,6,168,1,175,158,0,158,333
08/21/2015,LOU,KY,ASO,CE,Towers with Radar,0,3,24,0,27,0,20,145,0,165,0,23,169,0,192,204,0,204,396
08/22/2015,LOU,KY,ASO,CE,Towers with Radar,0,1,26,0,27,0,31,170,1,202,0,32,196,1,229,274,0,274,503
08/23/2015,LOU,KY,ASO,CE,Towers with Radar,0,2,11,0,13,0,13,91,1,105,0,15,102,1,118,122,0,122,240
08/24/2015,LOU,KY,ASO,CE,Towers with Radar,0,4,19,0,23,0,8,110,1,119,0,12,129,1,142,108,0,108,250
08/25/2015,LOU,KY,ASO,CE,Towers with Radar,0,1,19,0,20,0,10,111,0,121,0,11,130,0,141,122,0,122,263
08/26/2015,LOU,KY,ASO,CE,Towers with Radar,0,3,32,0,35,0,3,95,2,100,0,6,127,2,135,118,0,118,253
08/27/2015,LOU,KY,ASO,CE,Towers with Radar,0,1,23,0,24,0,16,103,1,120,0,17,126,1,144,240,0,240,384
08/28/2015,LOU,KY,ASO,CE,Towers with Radar,0,1,27,0,28,0,12,103,0,115,0,13,130,0,143,122,0,122,265
08/29/2015,LOU,KY,ASO,CE,Towers with Radar,0,2,21,0,23,0,14,89,1,104,0,16,110,1,127,234,0,234,361
08/30/2015,LOU,KY,ASO,CE,Towers with Radar,0,0,24,0,24,0,12,84,1,97,0,12,108,1,121,106,0,106,227
08/31/2015,LOU,KY,ASO,CE,Towers with Radar,0,2,32,0,34,0,11,77,2,90,0,13,109,2,124,86,0,86,210
09/01/2015,LOU,KY,ASO,CE,Towers with Radar,0,1,21,0,22,0,23,86,7,116,0,24,107,7,138,108,0,108,246
09/02/2015,LOU,KY,ASO,CE,Towers with Radar,0,0,36,0,36,0,12,98,5,115,0,12,134,5,151,172,0,172,323
09/03/2015,LOU,KY,ASO,CE,Towers with Radar,0,1,41,2,44,0,4,100,0,104,0,5,141,2,148,116,0,116,264
09/04/2015,LOU,KY,ASO,CE,Towers with Radar,0,0,26,0,26,0,4,81,0,85,0,4,107,0,111,140,0,140,251
09/05/2015,LOU,KY,ASO,CE,Towers with Radar,0,2,27,0,29,0,14,102,0,116,0,16,129,0,145,104,0,104,249
09/06/2015,LOU,KY,ASO,CE,Towers with Radar,0,2,19,0,21,0,18,89,0,107,0,20,108,0,128,120,0,120,248
09/07/2015,LOU,KY,ASO,CE,Towers with Radar,0,1,25,0,26,0,8,142,0,150,0,9,167,0,176,130,0,130,306
09/08/2015,LOU,KY,ASO,CE,Towers with Radar,0,0,21,0,21,0,7,80,1,88,0,7,101,1,109,114,0,114,223
09/09/2015,LOU,KY,ASO,CE,Towers with Radar,0,0,16,0,16,0,5,37,2,44,0,5,53,2,60,106,0,106,166
09/10/2015,LOU,KY,ASO,CE,Towers with Radar,0,2,33,0,35,0,7,59,0,66,0,9,92,0,101,120,0,120,221
09/11/2015,LOU,KY,ASO,CE,Towers with Radar,0,0,36,0,36,0,21,54,0,75,0,21,90,0,111,62,0,62,173
09/12/2015,LOU,KY,ASO,CE,Towers with Radar,0,2,23,0,25,0,7,58,0,65,0,9,81,0,90,154,0,154,244
09/13/2015,LOU,KY,ASO,CE,Towers with Radar,0,0,24,0,24,0,16,113,0,129,0,16,137,0,153,136,0,136,289
09/14/2015,LOU,KY,ASO,CE,Towers with Radar,0,0,22,0,22,0,15,114,0,129,0,15,136,0,151,68,0,68,219
09/15/2015,LOU,KY,ASO,CE,Towers with Radar,0,2,38,1,41,0,14,90,1,105,0,16,128,2,146,186,0,186,332
09/16/2015,LOU,KY,ASO,CE,Towers with Radar,0,2,34,0,36,0,4,110,5,119,0,6,144,5,155,106,0,106,261
09/17/2015,LOU,KY,ASO,CE,Towers with Radar,0,2,35,0,37,0,11,104,2,117,0,13,139,2,154,198,0,198,352
09/18/2015,LOU,KY,ASO,CE,Towers with Radar,0,2,30,0,32,0,7,135,1,143,0,9,165,1,175,116,0,116,291
09/19/2015,LOU,KY,ASO,CE,Towers with Radar,0,0,25,0,25,0,0,112,0,112,0,0,137,0,137,140,0,140,277
09/20/2015,LOU,KY,ASO,CE,Towers with Radar,0,1,24,0,25,0,4,107,4,115,0,5,131,4,140,94,0,94,234
09/21/2015,LOU,KY,ASO,CE,Towers with Radar,0,0,21,0,21,0,14,101,12,127,0,14,122,12,148,82,0,82,230
09/22/2015,LOU,KY,ASO,CE,Towers with Radar,0,2,25,0,27,0,7,110,3,120,0,9,135,3,147,98,0,98,245
09/23/2015,LOU,KY,ASO,CE,Towers with Radar,0,2,21,0,23,0,16,93,6,115,0,18,114,6,138,140,0,140,278
09/24/2015,LOU,KY,ASO,CE,Towers with Radar,0,3,26,0,29,0,20,94,2,116,0,23,120,2,145,92,0,92,237
09/25/2015,LOU,KY,ASO,CE,Towers with Radar,0,0,30,0,30,0,10,68,2,80,0,10,98,2,110,54,0,54,164
09/26/2015,LOU,KY,ASO,CE,Towers with Radar,0,3,16,0,19,0,2,57,1,60,0,5,73,1,79,154,0,154,233
09/27/2015,LOU,KY,ASO,CE,Towers with Radar,0,2,20,0,22,0,3,78,0,81,0,5,98,0,103,84,0,84,187
09/28/2015,LOU,KY,ASO,CE,Towers with Radar,0,1,31,0,32,0,16,87,1,104,0,17,118,1,136,80,0,80,216
09/29/2015,LOU,KY,ASO,CE,Towers with Radar,0,1,21,0,22,0,0,3,0,3,0,1,24,0,25,6,0,6,31
09/30/2015,LOU,KY,ASO,CE,Towers with Radar,0,0,40,0,40,0,5,21,0,26,0,5,61,0,66,56,0,56,122
10/01/2015,LOU,KY,ASO,CE,Towers with Radar,0,2,33,0,35,0,12,53,2,67,0,14,86,2,102,100,0,100,202
10/02/2015,LOU,KY,ASO,CE,Towers with Radar,0,2,22,0,24,0,0,11,0,11,0,2,33,0,35,10,0,10,45
10/03/2015,LOU,KY,ASO,CE,Towers with Radar,0,1,20,0,21,0,2,0,2,4,0,3,20,2,25,16,0,16,41
10/04/2015,LOU,KY,ASO,CE,Towers with Radar,0,4,12,0,16,0,22,91,3,116,0,26,103,3,132,130,0,130,262
10/05/2015,LOU,KY,ASO,CE,Towers with Radar,0,2,16,0,18,0,25,93,1,119,0,27,109,1,137,116,0,116,253
10/06/2015,LOU,KY,ASO,CE,Towers with Radar,0,0,15,0,15,0,20,82,0,102,0,20,97,0,117,118,0,118,235
10/07/2015,LOU,KY,ASO,CE,Towers with Radar,0,1,29,0,30,0,1,93,0,94,0,2,122,0,124,162,0,162,286
10/08/2015,LOU,KY,ASO,CE,Towers with Radar,0,2,24,0,26,0,16,71,0,87,0,18,95,0,113,92,0,92,205
10/09/2015,LOU,KY,ASO,CE,Towers with Radar,0,0,26,0,26,0,11,39,0,50,0,11,65,0,76,22,0,22,98
10/10/2015,LOU,KY,ASO,CE,Towers with Radar,0,2,25,0,27,0,26,187,3,216,0,28,212,3,243,150,0,150,393
10/11/2015,LOU,KY,ASO,CE,Towers with Radar,0,0,30,0,30,0,26,144,0,170,0,26,174,0,200,204,0,204,404
10/12/2015,LOU,KY,ASO,CE,Towers with Radar,2,1,20,0,23,0,15,48,0,63,2,16,68,0,86,54,0,54,140
10/13/2015,LOU,KY,ASO,CE,Towers with Radar,0,1,24,0,25,0,12,94,4,110,0,13,118,4,135,151,0,151,286
10/14/2015,LOU,KY,ASO,CE,Towers with Radar,0,0,19,0,19,0,28,90,4,122,0,28,109,4,141,128,0,128,269
10/15/2015,LOU,KY,ASO,CE,Towers with Radar,0,1,41,0,42,0,4,109,0,113,0,5,150,0,155,58,0,58,213
10/16/2015,LOU,KY,ASO,CE,Towers with Radar,0,2,21,0,23,0,19,65,0,84,0,21,86,0,107,100,0,100,207
10/17/2015,LOU,KY,ASO,CE,Towers with Radar,0,0,17,0,17,0,13,132,1,146,0,13,149,1,163,242,0,242,405
10/18/2015,LOU,KY,ASO,CE,Towers with Radar,0,2,16,0,18,0,15,120,0,135,0,17,136,0,153,108,0,108,261
10/19/2015,LOU,KY,ASO,CE,Towers with Radar,0,0,21,0,21,0,16,69,3,88,0,16,90,3,109,38,0,38,147
10/20/2015,LOU,KY,ASO,CE,Towers with Radar,0,0,23,0,23,0,17,82,0,99,0,17,105,0,122,16,0,16,138
10/21/2015,LOU,KY,ASO,CE,Towers with Radar,0,0,15,1,16,0,12,109,7,128,0,12,124,8,144,126,0,126,270
10/22/2015,LOU,KY,ASO,CE,Towers with Radar,0,0,30,0,30,0,10,121,6,137,0,10,151,6,167,134,0,134,301
10/23/2015,LOU,KY,ASO,CE,Towers with Radar,0,1,18,0,19,0,20,117,0,137,0,21,135,0,156,122,0,122,278
10/24/2015,LOU,KY,ASO,CE,Towers with Radar,0,0,18,0,18,0,5,32,0,37,0,5,50,0,55,80,0,80,135
10/25/2015,LOU,KY,ASO,CE,Towers with Radar,0,0,25,0,25,0,7,93,2,102,0,7,118,2,127,80,0,80,207
10/26/2015,LOU,KY,ASO,CE,Towers with Radar,0,0,21,0,21,0,4,73,0,77,0,4,94,0,98,78,0,78,176
10/27/2015,LOU,KY,ASO,CE,Towers with Radar,0,4,13,0,17,0,0,6,0,6,0,4,19,0,23,12,0,12,35
10/28/2015,LOU,KY,ASO,CE,Towers with Radar,0,0,39,0,39,0,12,28,2,42,0,12,67,2,81,28,0,28,109
10/29/2015,LOU,KY,ASO,CE,Towers with Radar,0,2,25,0,27,0,10,103,0,113,0,12,128,0,140,104,0,104,244
10/30/2015,LOU,KY,ASO,CE,Towers with Radar,0,1,33,0,34,0,14,127,2,143,0,15,160,2,177,122,0,122,299
10/31/2015,LOU,KY,ASO,CE,Towers with Radar,0,2,15,0,17,0,4,114,4,122,0,6,129,4,139,102,0,102,241
11/01/2015,LOU,KY,ASO,CE,Towers with Radar,0,1,10,0,11,0,0,91,0,91,0,1,101,0,102,120,0,120,222
11/02/2015,LOU,KY,ASO,CE,Towers with Radar,0,3,29,0,32,0,3,103,0,106,0,6,132,0,138,132,0,132,270
11/03/2015,LOU,KY,ASO,CE,Towers with Radar,0,2,24,0,26,0,11,122,1,134,0,13,146,1,160,122,0,122,282
11/04/2015,LOU,KY,ASO,CE,Towers with Radar,0,3,42,0,45,0,7,106,0,113,0,10,148,0,158,106,0,106,264
11/05/2015,LOU,KY,ASO,CE,Towers with Radar,0,3,36,0,39,0,14,86,0,100,0,17,122,0,139,119,0,119,258
11/06/2015,LOU,KY,ASO,CE,Towers with Radar,0,1,28,0,29,0,4,37,0,41,0,5,65,0,70,80,0,80,150
11/07/2015,LOU,KY,ASO,CE,Towers with Radar,0,0,21,0,21,0,2,153,3,158,0,2,174,3,179,134,0,134,313
11/08/2015,LOU,KY,ASO,CE,Towers with Radar,0,2,38,0,40,0,8,115,0,123,0,10,153,0,163,34,0,34,197
11/09/2015,LOU,KY,ASO,CE,Towers with Radar,0,2,20,0,22,0,2,14,4,20,0,4,34,4,42,10,0,10,52
11/10/2015,LOU,KY,ASO,CE,Towers with Radar,0,0,20,0,20,0,9,63,0,72,0,9,83,0,92,78,0,78,170
11/11/2015,LOU,KY,ASO,CE,Towers with Radar,0,2,19,0,21,0,25,93,0,118,0,27,112,0,139,78,0,78,217
11/12/2015,LOU,KY,ASO,CE,Towers with Radar,0,2,19,0,21,0,4,24,0,28,0,6,43,0,49,64,0,64,113
11/13/2015,LOU,KY,ASO,CE,Towers with Radar,0,0,34,0,34,0,16,71,5,92,0,16,105,5,126,72,0,72,198
11/14/2015,LOU,KY,ASO,CE,Towers with Radar,0,0,15,0,15,0,16,164,0,180,0,16,179,0,195,216,0,216,411
11/15/2015,LOU,KY,ASO,CE,Towers with Radar,0,0,37,0,37,0,3,178,3,184,0,3,215,3,221,174,0,174,395
11/16/2015,LOU,KY,ASO,CE,Towers with Radar,0,0,23,0,23,0,7,46,0,53,0,7,69,0,76,36,0,36,112
11/17/2015,LOU,KY,ASO,CE,Towers with Radar,0,0,18,0,18,0,4,33,0,37,0,4,51,0,55,76,0,76,131
11/18/2015,LOU,KY,ASO,CE,Towers with Radar,0,0,15,0,15,0,4,7,0,11,0,4,22,0,26,0,0,0,26
11/19/2015,LOU,KY,ASO,CE,Towers with Radar,0,1,29,0,30,0,2,120,0,122,0,3,149,0,152,108,0,108,260
11/20/2015,LOU,KY,ASO,CE,Towers with Radar,0,0,26,0,26,0,6,133,1,140,0,6,159,1,166,66,0,66,232
11/21/2015,LOU,KY,ASO,CE,Towers with Radar,0,0,13,0,13,0,0,48,0,48,0,0,61,0,61,116,0,116,177
11/22/2015,LOU,KY,ASO,CE,Towers with Radar,0,1,12,0,13,0,6,101,0,107,0,7,113,0,120,94,0,94,214
11/23/2015,LOU,KY,ASO,CE,Towers with Radar,0,0,29,0,29,0,10,57,0,67,0,10,86,0,96,42,0,42,138
11/24/2015,LOU,KY,ASO,CE,Towers with Radar,0,0,36,0,36,0,9,101,0,110,0,9,137,0,146,134,0,134,280
11/25/2015,LOU,KY,ASO,CE,Towers with Radar,0,0,28,0,28,0,8,89,2,99,0,8,117,2,127,50,0,50,177
11/26/2015,LOU,KY,ASO,CE,Towers with Radar,0,0,1,0,1,0,5,43,0,48,0,5,44,0,49,76,0,76,125
11/27/2015,LOU,KY,ASO,CE,Towers with Radar,0,0,11,0,11,0,20,65,1,86,0,20,76,1,97,104,0,104,201
11/28/2015,LOU,KY,ASO,CE,Towers with Radar,0,3,16,0,19,0,0,6,0,6,0,3,22,0,25,16,0,16,41
11/29/2015,LOU,KY,ASO,CE,Towers with Radar,0,0,27,2,29,0,0,0,0,0,0,0,27,2,29,0,0,0,29
11/30/2015,LOU,KY,ASO,CE,Towers with Radar,0,1,18,0,19,0,2,16,0,18,0,3,34,0,37,2,0,2,39
12/01/2015,LOU,KY,ASO,CE,Towers with Radar,1,0,13,0,14,0,2,15,0,17,1,2,28,0,31,72,0,72,103
12/02/2015,LOU,KY,ASO,CE,Towers with Radar,0,0,23,0,23,0,2,34,0,36,0,2,57,0,59,28,0,28,87
12/03/2015,LOU,KY,ASO,CE,Towers with Radar,0,1,40,0,41,0,6,100,0,106,0,7,140,0,147,122,0,122,269
12/04/2015,LOU,KY,ASO,CE,Towers with Radar,0,1,22,0,23,0,7,117,13,137,0,8,139,13,160,124,0,124,284
12/05/2015,LOU,KY,ASO,CE,Towers with Radar,0,1,7,0,8,0,9,82,0,91,0,10,89,0,99,76,0,76,175
12/06/2015,LOU,KY,ASO,CE,Towers with Radar,0,1,13,0,14,0,2,114,0,116,0,3,127,0,130,132,0,132,262
12/07/2015,LOU,KY,ASO,CE,Towers with Radar,0,0,13,0,13,0,11,39,0,50,0,11,52,0,63,72,0,72,135
12/08/2015,LOU,KY,ASO,CE,Towers with Radar,0,3,27,0,30,0,5,87,2,94,0,8,114,2,124,102,0,102,226
12/09/2015,LOU,KY,ASO,CE,Towers with Radar,0,2,20,0,22,0,3,54,1,58,0,5,74,1,80,128,0,128,208
12/10/2015,LOU,KY,ASO,CE,Towers with Radar,0,0,21,0,21,0,1,30,0,31,0,1,51,0,52,44,0,44,96
12/11/2015,LOU,KY,ASO,CE,Towers with Radar,0,1,33,0,34,0,15,12,0,27,0,16,45,0,61,30,0,30,91
12/12/2015,LOU,KY,ASO,CE,Towers with Radar,0,1,17,0,18,0,0,58,0,58,0,1,75,0,76,174,0,174,250
12/13/2015,LOU,KY,ASO,CE,Towers with Radar,0,0,14,0,14,0,2,92,0,94,0,2,106,0,108,74,0,74,182
12/14/2015,LOU,KY,ASO,CE,Towers with Radar,0,0,4,0,4,0,5,1,0,6,0,5,5,0,10,2,0,2,12
12/15/2015,LOU,KY,ASO,CE,Towers with Radar,0,1,27,0,28,0,2,86,3,91,0,3,113,3,119,130,0,130,249
12/16/2015,LOU,KY,ASO,CE,Towers with Radar,0,1,30,0,31,0,2,91,1,94,0,3,121,1,125,94,4,98,223
12/17/2015,LOU,KY,ASO,CE,Towers with Radar,0,0,38,0,38,0,2,78,0,80,0,2,116,0,118,154,0,154,272
12/18/2015,LOU,KY,ASO,CE,Towers with Radar,0,0,32,1,33,0,3,56,1,60,0,3,88,2,93,112,0,112,205
12/19/2015,LOU,KY,ASO,CE,Towers with Radar,0,0,14,2,16,0,2,110,8,120,0,2,124,10,136,178,0,178,314
12/20/2015,LOU,KY,ASO,CE,Towers with Radar,0,1,18,0,19,0,1,127,0,128,0,2,145,0,147,158,0,158,305
12/21/2015,LOU,KY,ASO,CE,Towers with Radar,0,1,16,0,17,0,0,3,0,3,0,1,19,0,20,4,0,4,24
12/22/2015,LOU,KY,ASO,CE,Towers with Radar,0,1,23,0,24,0,7,59,0,66,0,8,82,0,90,148,0,148,238
12/23/2015,LOU,KY,ASO,CE,Towers with Radar,0,2,14,0,16,0,3,19,0,22,0,5,33,0,38,0,0,0,38
12/24/2015,LOU,KY,ASO,CE,Towers with Radar,0,0,6,0,6,0,11,104,0,115,0,11,110,0,121,140,0,140,261
12/25/2015,LOU,KY,ASO,CE,Towers with Radar,0,0,4,0,4,0,0,8,0,8,0,0,12,0,12,4,0,4,16
12/26/2015,LOU,KY,ASO,CE,Towers with Radar,0,0,20,0,20,0,4,6,0,10,0,4,26,0,30,18,0,18,48
12/27/2015,LOU,KY,ASO,CE,Towers with Radar,0,2,11,0,13,0,0,0,0,0,0,2,11,0,13,0,0,0,13
12/28/2015,LOU,KY,ASO,CE,Towers with Radar,0,1,8,0,9,0,2,3,0,5,0,3,11,0,14,2,0,2,16
12/29/2015,LOU,KY,ASO,CE,Towers with Radar,0,0,27,0,27,0,3,41,0,44,0,3,68,0,71,100,0,100,171
12/30/2015,LOU,KY,ASO,CE,Towers with Radar,0,3,15,0,18,0,4,8,0,12,0,7,23,0,30,28,0,28,58
12/31/2015,LOU,KY,ASO,CE,Towers with Radar,0,1,10,0,11,0,2,30,4,36,0,3,40,4,47,194,0,194,241
01/01/2016,LOU,KY,ASO,CE,Towers with Radar,0,1,16,0,17,0,5,60,0,65,0,6,76,0,82,86,0,86,168
01/02/2016,LOU,KY,ASO,CE,Towers with Radar,0,0,31,0,31,0,1,153,0,154,0,1,184,0,185,160,0,160,345
01/03/2016,LOU,KY,ASO,CE,Towers with Radar,0,0,34,0,34,0,4,106,1,111,0,4,140,1,145,86,0,86,231
01/04/2016,LOU,KY,ASO,CE,Towers with Radar,0,3,22,0,25,0,0,74,0,74,0,3,96,0,99,64,0,64,163
01/05/2016,LOU,KY,ASO,CE,Towers with Radar,0,1,28,0,29,0,3,106,0,109,0,4,134,0,138,100,0,100,238
01/06/2016,LOU,KY,ASO,CE,Towers with Radar,0,4,25,0,29,0,3,71,0,74,0,7,96,0,103,162,0,162,265
01/07/2016,LOU,KY,ASO,CE,Towers with Radar,0,2,32,0,34,0,10,126,0,136,0,12,158,0,170,106,0,106,276
01/08/2016,LOU,KY,ASO,CE,Towers with Radar,0,5,32,0,37,0,1,9,0,10,0,6,41,0,47,8,0,8,55
01/09/2016,LOU,KY,ASO,CE,Towers with Radar,0,0,13,0,13,0,4,46,0,50,0,4,59,0,63,136,0,136,199
01/10/2016,LOU,KY,ASO,CE,Towers with Radar,0,0,4,0,4,0,2,3,1,6,0,2,7,1,10,0,0,0,10
01/11/2016,LOU,KY,ASO,CE,Towers with Radar,0,0,24,2,26,0,7,67,0,74,0,7,91,2,100,114,0,114,214
01/12/2016,LOU,KY,ASO,CE,Towers with Radar,0,0,12,0,12,0,1,13,0,14,0,1,25,0,26,60,0,60,86
01/13/2016,LOU,KY,ASO,CE,Towers with Radar,0,4,18,0,22,0,3,67,0,70,0,7,85,0,92,88,0,88,180
01/14/2016,LOU,KY,ASO,CE,Towers with Radar,0,0,13,0,13,0,6,87,1,94,0,6,100,1,107,40,0,40,147
01/15/2016,LOU,KY,ASO,CE,Towers with Radar,0,0,12,0,12,0,2,3,0,5,0,2,15,0,17,14,0,14,31
01/16/2016,LOU,KY,ASO,CE,Towers with Radar,0,0,7,0,7,0,0,17,0,17,0,0,24,0,24,84,0,84,108
01/17/2016,LOU,KY,ASO,CE,Towers with Radar,0,0,12,0,12,0,1,59,0,60,0,1,71,0,72,104,2,106,178
01/18/2016,LOU,KY,ASO,CE,Towers with Radar,0,2,16,0,18,0,1,59,0,60,0,3,75,0,78,72,0,72,150
01/19/2016,LOU,KY,ASO,CE,Towers with Radar,0,0,17,0,17,0,6,64,0,70,0,6,81,0,87,84,0,84,171
01/20/2016,LOU,KY,ASO,CE,Towers with Radar,0,0,0,3,3,0,5,8,0,13,0,5,8,3,16,2,0,2,18
01/21/2016,LOU,KY,ASO,CE,Towers with Radar,0,0,14,0,14,0,2,30,0,32,0,2,44,0,46,64,0,64,110
01/22/2016,LOU,KY,ASO,CE,Towers with Radar,0,0,3,0,3,0,0,0,0,0,0,0,3,0,3,0,0,0,3
01/23/2016,LOU,KY,ASO,CE,Towers with Radar,0,0,9,0,9,0,20,28,1,49,0,20,37,1,58,10,0,10,68
01/24/2016,LOU,KY,ASO,CE,Towers with Radar,0,0,19,0,19,0,0,93,0,93,0,0,112,0,112,66,0,66,178
01/25/2016,LOU,KY,ASO,CE,Towers with Radar,0,0,8,0,8,0,7,30,0,37,0,7,38,0,45,64,0,64,109
01/26/2016,LOU,KY,ASO,CE,Towers with Radar,0,0,18,0,18,0,2,23,0,25,0,2,41,0,43,90,0,90,133
01/27/2016,LOU,KY,ASO,CE,Towers with Radar,0,0,23,0,23,0,16,60,0,76,0,16,83,0,99,48,0,48,147
01/28/2016,LOU,KY,ASO,CE,Towers with Radar,0,2,21,0,23,0,17,98,4,119,0,19,119,4,142,88,0,88,230
01/29/2016,LOU,KY,ASO,CE,Towers with Radar,0,0,23,0,23,0,8,99,1,108,0,8,122,1,131,100,0,100,231
01/30/2016,LOU,KY,ASO,CE,Towers with Radar,0,0,14,0,14,0,6,183,0,189,0,6,197,0,203,226,0,226,429
01/31/2016,LOU,KY,ASO,CE,Towers with Radar,0,1,18,0,19,0,0,28,0,28,0,1,46,0,47,52,0,52,99
02/01/2016,LOU,KY,ASO,CE,Towers with Radar,0,0,17,0,17,0,2,71,0,73,0,2,88,0,90,156,0,156,246
02/02/2016,LOU,KY,ASO,CE,Towers with Radar,0,0,19,0,19,0,1,4,0,5,0,1,23,0,24,4,0,4,28
02/03/2016,LOU,KY,ASO,CE,Towers with Radar,0,0,23,0,23,0,6,41,0,47,0,6,64,0,70,40,0,40,110
02/04/2016,LOU,KY,ASO,CE,Towers with Radar,0,0,21,0,21,0,14,51,0,65,0,14,72,0,86,74,0,74,160
02/05/2016,LOU,KY,ASO,CE,Towers with Radar,0,0,25,0,25,0,5,133,0,138,0,5,158,0,163,138,0,138,301
02/06/2016,LOU,KY,ASO,CE,Towers with Radar,0,0,17,0,17,0,6,188,0,194,0,6,205,0,211,232,0,232,443
02/07/2016,LOU,KY,ASO,CE,Towers with Radar,0,0,16,0,16,0,3,115,0,118,0,3,131,0,134,100,0,100,234
02/08/2016,LOU,KY,ASO,CE,Towers with Radar,0,2,13,0,15,0,0,5,0,5,0,2,18,0,20,2,0,2,22
02/09/2016,LOU,KY,ASO,CE,Towers with Radar,0,2,10,0,12,0,1,20,0,21,0,3,30,0,33,122,0,122,155
02/10/2016,LOU,KY,ASO,CE,Towers with Radar,0,1,34,0,35,0,10,33,0,43,0,11,67,0,78,66,0,66,144
02/11/2016,LOU,KY,ASO,CE,Towers with Radar,0,4,33,0,37,0,2,61,3,66,0,6,94,3,103,36,0,36,139
02/12/2016,LOU,KY,ASO,CE,Towers with Radar,0,0,9,0,9,0,10,18,4,32,0,10,27,4,41,70,0,70,111
02/13/2016,LOU,KY,ASO,CE,Towers with Radar,0,0,14,0,14,0,0,74,2,76,0,0,88,2,90,82,0,82,172
02/14/2016,LOU,KY,ASO,CE,Towers with Radar,0,2,8,0,10,0,0,4,1,5,0,2,12,1,15,0,0,0,15
02/15/2016,LOU,KY,ASO,CE,Towers with Radar,0,1,6,0,7,0,0,0,0,0,0,1,6,0,7,0,0,0,7
02/16/2016,LOU,KY,ASO,CE,Towers with Radar,0,0,16,0,16,0,0,0,0,0,0,0,16,0,16,0,0,0,16
02/17/2016,LOU,KY,ASO,CE,Towers with Radar,0,0,11,0,11,0,1,6,0,7,0,1,17,0,18,54,0,54,72
02/18/2016,LOU,KY,ASO,CE,Towers with Radar,0,4,24,0,28,0,1,109,11,121,0,5,133,11,149,84,0,84,233
02/19/2016,LOU,KY,ASO,CE,Towers with Radar,0,0,9,0,9,0,14,25,0,39,0,14,34,0,48,30,0,30,78
02/20/2016,LOU,KY,ASO,CE,Towers with Radar,0,1,13,0,14,0,0,150,0,150,0,1,163,0,164,350,0,350,514
02/21/2016,LOU,KY,ASO,CE,Towers with Radar,0,0,27,0,27,0,0,13,0,13,0,0,40,0,40,6,0,6,46
02/22/2016,LOU,KY,ASO,CE,Towers with Radar,0,1,18,0,19,0,3,116,0,119,0,4,134,0,138,116,0,116,254
02/23/2016,LOU,KY,ASO,CE,Towers with Radar,0,3,18,1,22,0,2,105,1,108,0,5,123,2,130,230,0,230,360
02/24/2016,LOU,KY,ASO,CE,Towers with Radar,0,0,18,0,18,0,5,5,0,10,0,5,23,0,28,4,0,4,32
02/25/2016,LOU,KY,ASO,CE,Towers with Radar,0,2,12,0,14,0,12,44,0,56,0,14,56,0,70,18,0,18,88
02/26/2016,LOU,KY,ASO,CE,Towers with Radar,0,1,14,0,15,0,19,154,1,174,0,20,168,1,189,166,24,190,379
02/27/2016,LOU,KY,ASO,CE,Towers with Radar,0,1,32,2,35,0,1,196,0,197,0,2,228,2,232,202,0,202,434
02/28/2016,LOU,KY,ASO,CE,Towers with Radar,0,2,10,0,12,0,8,54,3,65,0,10,64,3,77,20,0,20,97
02/29/2016,LOU,KY,ASO,CE,Towers with Radar,0,0,33,1,34,0,7,111,0,118,0,7,144,1,152,150,0,150,302
03/01/2016,LOU,KY,ASO,CE,Towers with Radar,0,1,12,0,13,0,8,13,1,22,0,9,25,1,35,16,0,16,51
03/02/2016,LOU,KY,ASO,CE,Towers with Radar,0,4,37,0,41,0,7,77,10,94,0,11,114,10,135,178,0,178,313
03/03/2016,LOU,KY,ASO,CE,Towers with Radar,0,0,28,0,28,0,5,37,0,42,0,5,65,0,70,30,0,30,100
03/04/2016,LOU,KY,ASO,CE,Towers with Radar,0,0,41,0,41,0,10,108,0,118,0,10,149,0,159,118,0,118,277
03/05/2016,LOU,KY,ASO,CE,Towers with Radar,0,0,11,0,11,0,0,21,0,21,0,0,32,0,32,62,0,62,94
03/06/2016,LOU,KY,ASO,CE,Towers with Radar,0,0,31,0,31,0,2,183,0,185,0,2,214,0,216,276,0,276,492
03/07/2016,LOU,KY,ASO,CE,Towers with Radar,0,1,22,0,23,0,2,82,0,84,0,3,104,0,107,130,0,130,237
03/08/2016,LOU,KY,ASO,CE,Towers with Radar,0,1,17,0,18,0,5,92,2,99,0,6,109,2,117,110,0,110,227
03/09/2016,LOU,KY,ASO,CE,Towers with Radar,0,1,20,0,21,0,2,47,0,49,0,3,67,0,70,108,0,108,178
03/10/2016,LOU,KY,ASO,CE,Towers with Radar,0,2,12,0,14,0,4,9,0,13,0,6,21,0,27,44,0,44,71
03/11/2016,LOU,KY,ASO,CE,Towers with Radar,0,1,42,0,43,0,4,55,0,59,0,5,97,0,102,108,0,108,210
03/12/2016,LOU,KY,ASO,CE,Towers with Radar,0,1,15,0,16,0,0,77,0,77,0,1,92,0,93,182,0,182,275
03/13/2016,LOU,KY,ASO,CE,Towers with Radar,0,0,18,0,18,0,0,35,0,35,0,0,53,0,53,60,0,60,113
03/14/2016,LOU,KY,ASO,CE,Towers with Radar,0,0,15,0,15,0,9,50,0,59,0,9,65,0,74,110,0,110,184
03/15/2016,LOU,KY,ASO,CE,Towers with Radar,0,0,18,0,18,0,5,122,2,129,0,5,140,2,147,88,0,88,235
03/16/2016,LOU,KY,ASO,CE,Towers with Radar,0,0,15,0,15,0,6,70,0,76,0,6,85,0,91,52,0,52,143
03/17/2016,LOU,KY,ASO,CE,Towers with Radar,0,0,22,0,22,0,5,123,1,129,0,5,145,1,151,122,0,122,273
03/18/2016,LOU,KY,ASO,CE,Towers with Radar,0,2,28,0,30,0,10,130,0,140,0,12,158,0,170,138,0,138,308
03/19/2016,LOU,KY,ASO,CE,Towers with Radar,0,0,9,0,9,0,0,20,0,20,0,0,29,0,29,26,0,26,55
03/20/2016,LOU,KY,ASO,CE,Towers with Radar,0,2,14,0,16,0,1,97,0,98,0,3,111,0,114,134,0,134,248
03/21/2016,LOU,KY,ASO,CE,Towers with Radar,0,0,21,0,21,0,8,98,1,107,0,8,119,1,128,102,0,102,230
03/22/2016,LOU,KY,ASO,CE,Towers with Radar,0,0,17,0,17,0,11,49,0,60,0,11,66,0,77,20,0,20,97
03/23/2016,LOU,KY,ASO,CE,Towers with Radar,0,0,25,0,25,0,6,46,0,52,0,6,71,0,77,78,0,78,155
03/24/2016,LOU,KY,ASO,CE,Towers with Radar,0,0,12,0,12,0,0,6,0,6,0,0,18,0,18,0,0,0,18
03/25/2016,LOU,KY,ASO,CE,Towers with Radar,0,0,28,0,28,0,9,71,0,80,0,9,99,0,108,164,0,164,272
03/26/2016,LOU,KY,ASO,CE,Towers with Radar,0,1,20,0,21,0,9,246,0,255,0,10,266,0,276,132,0,132,408
03/27/2016,LOU,KY,ASO,CE,Towers with Radar,0,0,14,0,14,0,4,60,0,64,0,4,74,0,78,60,0,60,138
03/28/2016,LOU,KY,ASO,CE,Towers with Radar,0,0,22,0,22,0,3,63,0,66,0,3,85,0,88,68,0,68,156
03/29/2016,LOU,KY,ASO,CE,Towers with Radar,0,1,28,0,29,0,4,137,0,141,0,5,165,0,170,218,0,218,388
03/30/2016,LOU,KY,ASO,CE,Towers with Radar,0,2,30,1,33,0,10,84,4,98,0,12,114,5,131,108,0,108,239
03/31/2016,LOU,KY,ASO,CE,Towers with Radar,0,3,17,0,20,0,7,10,0,17,0,10,27,0,37,4,0,4,41
04/01/2016,LOU,KY,ASO,CE,Towers with Radar,0,5,37,0,42,0,16,95,0,111,0,21,132,0,153,100,0,100,253
04/02/2016,LOU,KY,ASO,CE,Towers with Radar,0,0,22,0,22,0,6,60,0,66,0,6,82,0,88,50,0,50,138
04/03/2016,LOU,KY,ASO,CE,Towers with Radar,0,0,19,0,19,0,5,141,5,151,0,5,160,5,170,50,0,50,220
04/04/2016,LOU,KY,ASO,CE,Towers with Radar,0,0,26,1,27,0,1,47,1,49,0,1,73,2,76,68,0,68,144
04/05/2016,LOU,KY,ASO,CE,Towers with Radar,0,1,27,0,28,0,2,126,3,131,0,3,153,3,159,184,8,192,351
04/06/2016,LOU,KY,ASO,CE,Towers with Radar,0,1,18,0,19,0,1,21,0,22,0,2,39,0,41,10,0,10,51
04/07/2016,LOU,KY,ASO,CE,Towers with Radar,0,2,15,0,17,0,6,32,0,38,0,8,47,0,55,36,4,40,95
04/08/2016,LOU,KY,ASO,CE,Towers with Radar,0,2,18,0,20,0,15,43,0,58,0,17,61,0,78,148,0,148,226
04/09/2016,LOU,KY,ASO,CE,Towers with Radar,0,2,21,0,23,0,1,79,0,80,0,3,100,0,103,84,0,84,187
04/10/2016,LOU,KY,ASO,CE,Towers with Radar,0,2,33,0,35,0,0,55,0,55,0,2,88,0,90,38,0,38,128
04/11/2016,LOU,KY,ASO,CE,Towers with Radar,0,0,12,0,12,0,1,4,0,5,0,1,16,0,17,0,0,0,17
04/12/2016,LOU,KY,ASO,CE,Towers with Radar,0,0,21,0,21,0,7,98,0,105,0,7,119,0,126,160,0,160,286
04/13/2016,LOU,KY,ASO,CE,Towers with Radar,0,2,25,1,28,0,2,171,1,174,0,4,196,2,202,110,0,110,312
04/14/2016,LOU,KY,ASO,CE,Towers with Radar,0,0,29,2,31,0,4,153,1,158,0,4,182,3,189,184,0,184,373
04/15/2016,LOU,KY,ASO,CE,Towers with Radar,0,0,12,0,12,0,4,151,0,155,0,4,163,0,167,184,0,184,351
04/16/2016,LOU,KY,ASO,CE,Towers with Radar,0,0,10,0,10,0,1,226,0,227,0,1,236,0,237,204,0,204,441
04/17/2016,LOU,KY,ASO,CE,Towers with Radar,0,0,22,0,22,0,5,181,1,187,0,5,203,1,209,100,0,100,309
04/18/2016,LOU,KY,ASO,CE,Towers with Radar,0,1,10,0,11,0,5,113,0,118,0,6,123,0,129,88,0,88,217
04/19/2016,LOU,KY,ASO,CE,Towers with Radar,0,4,11,0,15,0,4,114,0,118,0,8,125,0,133,346,0,346,479
04/20/2016,LOU,KY,ASO,CE,Towers with Radar,0,1,38,0,39,0,2,158,0,160,0,3,196,0,199,218,0,218,417
04/21/2016,LOU,KY,ASO,CE,Towers with Radar,0,3,34,1,38,0,4,35,4,43,0,7,69,5,81,42,0,42,123
04/22/2016,LOU,KY,ASO,CE,Towers with Radar,0,0,39,0,39,0,9,136,5,150,0,9,175,5,189,146,0,146,335
04/23/2016,LOU,KY,ASO,CE,Towers with Radar,0,2,20,0,22,0,7,261,8,276,0,9,281,8,298,254,0,254,552
04/24/2016,LOU,KY,ASO,CE,Towers with Radar,0,0,21,0,21,0,14,207,4,225,0,14,228,4,246,150,0,150,396
04/25/2016,LOU,KY,ASO,CE,Towers with Radar,0,0,12,0,12,0,3,98,3,104,0,3,110,3,116,86,12,98,214
04/26/2016,LOU,KY,ASO,CE,Towers with Radar,0,0,20,0,20,0,7,39,0,46,0,7,59,0,66,244,0,244,310
04/27/2016,LOU,KY,ASO,CE,Towers with Radar,0,0,27,0,27,0,0,5,0,5,0,0,32,0,32,12,0,12,44
04/28/2016,LOU,KY,ASO,CE,Towers with Radar,0,0,28,0,28,0,5,49,2,56,0,5,77,2,84,52,0,52,136
04/29/2016,LOU,KY,ASO,CE,Towers with Radar,0,2,21,0,23,0,9,159,0,168,0,11,180,0,191,114,0,114,305
04/30/2016,LOU,KY,ASO,CE,Towers with Radar,0,0,11,0,11,0,5,15,0,20,0,5,26,0,31,34,0,34,65
05/01/2016,LOU,KY,ASO,CE,Towers with Radar,0,1,18,0,19,0,13,46,0,59,0,14,64,0,78,124,0,124,202
05/02/2016,LOU,KY,ASO,CE,Towers with Radar,0,0,17,0,17,0,4,60,1,65,0,4,77,1,82,100,0,100,182
05/03/2016,LOU,KY,ASO,CE,Towers with Radar,0,0,27,0,27,0,13,56,0,69,0,13,83,0,96,176,0,176,272
05/04/2016,LOU,KY,ASO,CE,Towers with Radar,0,2,26,0,28,0,7,52,0,59,0,9,78,0,87,34,0,34,121
05/05/2016,LOU,KY,ASO,CE,Towers with Radar,0,7,82,0,89,0,13,115,2,130,0,20,197,2,219,90,0,90,309
05/06/2016,LOU,KY,ASO,CE,Towers with Radar,0,3,57,0,60,0,14,205,6,225,0,17,262,6,285,236,0,236,521
05/07/2016,LOU,KY,ASO,CE,Towers with Radar,0,1,56,1,58,0,19,164,5,188,0,20,220,6,246,130,0,130,376
05/08/2016,LOU,KY,ASO,CE,Towers with Radar,0,8,93,0,101,0,16,64,0,80,0,24,157,0,181,52,0,52,233
05/09/2016,LOU,KY,ASO,CE,Towers with Radar,0,0,17,0,17,0,5,50,0,55,0,5,67,0,72,160,0,160,232
05/10/2016,LOU,KY,ASO,CE,Towers with Radar,0,0,14,0,14,0,2,15,0,17,0,2,29,0,31,24,0,24,55
05/11/2016,LOU,KY,ASO,CE,Towers with Radar,0,0,21,0,21,0,7,48,0,55,0,7,69,0,76,108,0,108,184
05/12/2016,LOU,KY,ASO,CE,Towers with Radar,0,2,16,0,18,0,6,36,0,42,0,8,52,0,60,72,0,72,132
05/13/2016,LOU,KY,ASO,CE,Towers with Radar,0,0,27,0,27,0,14,185,0,199,0,14,212,0,226,188,0,188,414
05/14/2016,LOU,KY,ASO,CE,Towers with Radar,0,1,22,0,23,0,0,12,0,12,0,1,34,0,35,8,0,8,43
05/15/2016,LOU,KY,ASO,CE,Towers with Radar,0,2,21,0,23,0,2,135,0,137,0,4,156,0,160,50,0,50,210
05/16/2016,LOU,KY,ASO,CE,Towers with Radar,0,0,27,0,27,0,5,109,0,114,0,5,136,0,141,190,0,190,331
05/17/2016,LOU,KY,ASO,CE,Towers with Radar,0,1,18,0,19,0,4,5,0,9,0,5,23,0,28,0,0,0,28
05/18/2016,LOU,KY,ASO,CE,Towers with Radar,0,2,47,4,53,0,8,88,0,96,0,10,135,4,149,104,0,104,253
05/19/2016,LOU,KY,ASO,CE,Towers with Radar,0,1,37,0,38,0,15,195,2,212,0,16,232,2,250,160,0,160,410
05/20/2016,LOU,KY,ASO,CE,Towers with Radar,0,0,42,0,42,0,10,34,0,44,0,10,76,0,86,18,0,18,104
05/21/2016,LOU,KY,ASO,CE,Towers with Radar,0,0,28,0,28,0,14,28,0,42,0,14,56,0,70,60,0,60,130
05/22/2016,LOU,KY,ASO,CE,Towers with Radar,0,1,30,0,31,0,14,161,0,175,0,15,191,0,206,64,0,64,270
05/23/2016,LOU,KY,ASO,CE,Towers with Radar,0,0,19,0,19,0,8,127,0,135,0,8,146,0,154,142,0,142,296
05/24/2016,LOU,KY,ASO,CE,Towers with Radar,0,0,29,1,30,0,3,135,1,139,0,3,164,2,169,128,0,128,297
05/25/2016,LOU,KY,ASO,CE,Towers with Radar,0,0,26,0,26,0,16,93,0,109,0,16,119,0,135,114,0,114,249
05/26/2016,LOU,KY,ASO,CE,Towers with Radar,0,3,21,0,24,0,5,42,3,50,0,8,63,3,74,68,0,68,142
05/27/2016,LOU,KY,ASO,CE,Towers with Radar,0,0,28,0,28,0,14,89,0,103,0,14,117,0,131,54,0,54,185
05/28/2016,LOU,KY,ASO,CE,Towers with Radar,0,1,17,0,18,0,20,98,0,118,0,21,115,0,136,108,0,108,244
05/29/2016,LOU,KY,ASO,CE,Towers with Radar,0,1,9,0,10,0,10,99,0,109,0,11,108,0,119,50,0,50,169
05/30/2016,LOU,KY,ASO,CE,Towers with Radar,0,0,24,0,24,0,0,151,2,153,0,0,175,2,177,184,0,184,361
05/31/2016,LOU,KY,ASO,CE,Towers with Radar,0,3,23,0,26,0,24,182,1,207,0,27,205,1,233,132,0,132,365
06/01/2016,LOU,KY,ASO,CE,Towers with Radar,0,0,22,0,22,0,8,133,2,143,0,8,155,2,165,138,0,138,303
06/02/2016,LOU,KY,ASO,CE,Towers with Radar,0,0,36,0,36,0,5,51,0,56,0,5,87,0,92,90,0,90,182
06/03/2016,LOU,KY,ASO,CE,Towers with Radar,0,0,26,5,31,0,9,102,1,112,0,9,128,6,143,86,0,86,229
06/04/2016,LOU,KY,ASO,CE,Towers with Radar,0,1,22,0,23,0,10,51,0,61,0,11,73,0,84,130,0,130,214
06/05/2016,LOU,KY,ASO,CE,Towers with Radar,0,0,25,0,25,0,8,73,8,89,0,8,98,8,114,64,0,64,178
06/06/2016,LOU,KY,ASO,CE,Towers with Radar,0,2,21,0,23,0,8,97,1,106,0,10,118,1,129,74,0,74,203
06/07/2016,LOU,KY,ASO,CE,Towers with Radar,0,3,26,0,29,0,5,90,0,95,0,8,116,0,124,62,0,62,186
06/08/2016,LOU,KY,ASO,CE,Towers with Radar,0,1,40,0,41,0,8,182,0,190,0,9,222,0,231,108,0,108,339
06/09/2016,LOU,KY,ASO,CE,Towers with Radar,0,0,21,0,21,0,10,128,2,140,0,10,149,2,161,144,0,144,305
06/10/2016,LOU,KY,ASO,CE,Towers with Radar,0,2,28,0,30,0,16,143,1,160,0,18,171,1,190,182,0,182,372
06/11/2016,LOU,KY,ASO,CE,Towers with Radar,0,1,17,0,18,0,12,129,0,141,0,13,146,0,159,114,0,114,273
06/12/2016,LOU,KY,ASO,CE,Towers with Radar,0,2,24,0,26,0,15,78,0,93,0,17,102,0,119,40,0,40,159
06/13/2016,LOU,KY,ASO,CE,Towers with Radar,0,0,14,0,14,0,3,80,0,83,0,3,94,0,97,50,0,50,147
06/14/2016,LOU,KY,ASO,CE,Towers with Radar,0,1,21,0,22,0,1,52,0,53,0,2,73,0,75,48,0,48,123
06/15/2016,LOU,KY,ASO,CE,Towers with Radar,0,0,25,0,25,0,16,37,1,54,0,16,62,1,79,70,0,70,149
06/16/2016,LOU,KY,ASO,CE,Towers with Radar,0,0,31,0,31,0,9,86,0,95,0,9,117,0,126,100,0,100,226
06/17/2016,LOU,KY,ASO,CE,Towers with Radar,0,1,34,0,35,0,10,178,0,188,0,11,212,0,223,164,0,164,387
06/18/2016,LOU,KY,ASO,CE,Towers with Radar,0,0,31,0,31,0,16,125,2,143,0,16,156,2,174,154,0,154,328
06/19/2016,LOU,KY,ASO,CE,Towers with Radar,0,3,24,0,27,0,5,104,0,109,0,8,128,0,136,92,0,92,228
06/20/2016,LOU,KY,ASO,CE,Towers with Radar,0,0,18,0,18,0,2,88,0,90,0,2,106,0,108,170,0,170,278
06/21/2016,LOU,KY,ASO,CE,Towers with Radar,0,0,28,0,28,0,1,66,0,67,0,1,94,0,95,162,0,162,257
06/22/2016,LOU,KY,ASO,CE,Towers with Radar,0,1,26,1,28,0,8,55,2,65,0,9,81,3,93,78,0,78,171
06/23/2016,LOU,KY,ASO,CE,Towers with Radar,0,1,21,0,22,0,6,35,0,41,0,7,56,0,63,86,0,86,149
06/24/2016,LOU,KY,ASO,CE,Towers with Radar,0,0,37,0,37,0,7,81,1,89,0,7,118,1,126,286,0,286,412
06/25/2016,LOU,KY,ASO,CE,Towers with Radar,0,0,18,0,18,0,11,117,0,128,0,11,135,0,146,160,0,160,306
06/26/2016,LOU,KY,ASO,CE,Towers with Radar,0,2,13,0,15,0,6,84,0,90,0,8,97,0,105,136,0,136,241
06/27/2016,LOU,KY,ASO,CE,Towers with Radar,0,1,15,0,16,0,6,84,2,92,0,7,99,2,108,156,0,156,264
06/28/2016,LOU,KY,ASO,CE,Towers with Radar,0,7,28,0,35,0,1,104,0,105,0,8,132,0,140,114,0,114,254
06/29/2016,LOU,KY,ASO,CE,Towers with Radar,0,2,29,0,31,0,11,133,5,149,0,13,162,5,180,154,0,154,334
06/30/2016,LOU,KY,ASO,CE,Towers with Radar,0,4,32,0,36,0,2,114,1,117,0,6,146,1,153,126,0,126,279
07/01/2016,LOU,KY,ASO,CE,Towers with Radar,0,0,14,0,14,0,3,69,0,72,0,3,83,0,86,214,0,214,300
07/02/2016,LOU,KY,ASO,CE,Towers with Radar,0,0,18,0,18,0,12,117,4,133,0,12,135,4,151,230,0,230,381
07/03/2016,LOU,KY,ASO,CE,Towers with Radar,0,0,11,0,11,0,0,10,0,10,0,0,21,0,21,112,0,112,133
07/04/2016,LOU,KY,ASO,CE,Towers with Radar,0,0,2,0,2,0,0,3,0,3,0,0,5,0,5,0,0,0,5
07/05/2016,LOU,KY,ASO,CE,Towers with Radar,0,0,10,0,10,0,6,82,0,88,0,6,92,0,98,228,0,228,326
07/06/2016,LOU,KY,ASO,CE,Towers with Radar,0,0,20,0,20,0,1,39,0,40,0,1,59,0,60,142,0,142,202
07/07/2016,LOU,KY,ASO,CE,Towers with Radar,0,0,35,0,35,0,3,49,0,52,0,3,84,0,87,182,0,182,269
07/08/2016,LOU,KY,ASO,CE,Towers with Radar,0,2,26,0,28,0,5,59,0,64,0,7,85,0,92,171,0,171,263
07/09/2016,LOU,KY,ASO,CE,Towers with Radar,0,0,22,0,22,0,1,138,0,139,0,1,160,0,161,226,0,226,387
07/10/2016,LOU,KY,ASO,CE,Towers with Radar,0,0,25,0,25,0,1,107,0,108,0,1,132,0,133,166,0,166,299
07/11/2016,LOU,KY,ASO,CE,Towers with Radar,0,0,24,0,24,0,8,86,0,94,0,8,110,0,118,142,0,142,260
07/12/2016,LOU,KY,ASO,CE,Towers with Radar,0,3,21,0,24,0,5,37,0,42,0,8,58,0,66,76,0,76,142
07/13/2016,LOU,KY,ASO,CE,Towers with Radar,0,1,25,0,26,0,8,87,0,95,0,9,112,0,121,118,1,119,240
07/14/2016,LOU,KY,ASO,CE,Towers with Radar,0,1,27,0,28,0,3,74,1,78,0,4,101,1,106,94,0,94,200
07/15/2016,LOU,KY,ASO,CE,Towers with Radar,0,0,23,0,23,0,11,84,2,97,0,11,107,2,120,234,0,234,354
07/16/2016,LOU,KY,ASO,CE,Towers with Radar,0,0,16,0,16,0,19,122,0,141,0,19,138,0,157,178,0,178,335
07/17/2016,LOU,KY,ASO,CE,Towers with Radar,0,0,26,0,26,0,9,104,0,113,0,9,130,0,139,156,0,156,295
07/18/2016,LOU,KY,ASO,CE,Towers with Radar,0,0,8,0,8,0,3,34,0,37,0,3,42,0,45,100,0,100,145
07/19/2016,LOU,KY,ASO,CE,Towers with Radar,0,0,24,0,24,0,7,146,0,153,0,7,170,0,177,150,0,150,327
07/20/2016,LOU,KY,ASO,CE,Towers with Radar,0,2,32,0,34,0,6,106,2,114,0,8,138,2,148,222,0,222,370
07/21/2016,LOU,KY,ASO,CE,Towers with Radar,0,0,28,2,30,0,10,214,0,224,0,10,242,2,254,184,2,186,440
07/22/2016,LOU,KY,ASO,CE,Towers with Radar,0,0,32,0,32,0,2,101,1,104,0,2,133,1,136,216,0,216,352
07/23/2016,LOU,KY,ASO,CE,Towers with Radar,0,0,31,1,32,0,18,114,1,133,0,18,145,2,165,106,0,106,271
07/24/2016,LOU,KY,ASO,CE,Towers with Radar,0,0,18,0,18,0,8,84,2,94,0,8,102,2,112,28,0,28,140
07/25/2016,LOU,KY,ASO,CE,Towers with Radar,0,1,25,0,26,0,1,40,0,41,0,2,65,0,67,128,0,128,195
07/26/2016,LOU,KY,ASO,CE,Towers with Radar,0,2,32,0,34,0,13,93,2,108,0,15,125,2,142,156,0,156,298
07/27/2016,LOU,KY,ASO,CE,Towers with Radar,0,2,26,0,28,0,6,77,0,83,0,8,103,0,111,274,0,274,385
07/28/2016,LOU,KY,ASO,CE,Towers with Radar,0,0,29,0,29,0,0,37,0,37,0,0,66,0,66,177,0,177,243
07/29/2016,LOU,KY,ASO,CE,Towers with Radar,0,0,24,0,24,0,7,71,0,78,0,7,95,0,102,282,0,282,384
07/30/2016,LOU,KY,ASO,CE,Towers with Radar,0,0,30,0,30,0,11,43,2,56,0,11,73,2,86,82,0,82,168
07/31/2016,LOU,KY,ASO,CE,Towers with Radar,0,0,24,0,24,0,7,118,5,130,0,7,142,5,154,146,0,146,300
08/01/2016,LOU,KY,ASO,CE,Towers with Radar,0,0,16,0,16,0,1,34,0,35,0,1,50,0,51,114,0,114,165
08/02/2016,LOU,KY,ASO,CE,Towers with Radar,0,0,23,0,23,0,6,102,0,108,0,6,125,0,131,198,0,198,329
08/03/2016,LOU,KY,ASO,CE,Towers with Radar,0,4,20,0,24,0,9,93,0,102,0,13,113,0,126,272,0,272,398
08/04/2016,LOU,KY,ASO,CE,Towers with Radar,0,0,23,0,23,0,8,60,0,68,0,8,83,0,91,150,0,150,241
08/05/2016,LOU,KY,ASO,CE,Towers with Radar,0,0,30,0,30,0,3,89,0,92,0,3,119,0,122,238,0,238,360
08/06/2016,LOU,KY,ASO,CE,Towers with Radar,0,0,20,0,20,0,7,89,0,96,0,7,109,0,116,182,0,182,298
08/07/2016,LOU,KY,ASO,CE,Towers with Radar,0,0,19,0,19,0,0,126,0,126,0,0,145,0,145,158,0,158,303
08/08/2016,LOU,KY,ASO,CE,Towers with Radar,0,0,22,0,22,0,1,92,1,94,0,1,114,1,116,146,0,146,262
08/09/2016,LOU,KY,ASO,CE,Towers with Radar,0,0,28,0,28,0,13,83,2,98,0,13,111,2,126,270,0,270,396
08/10/2016,LOU,KY,ASO,CE,Towers with Radar,0,4,22,0,26,0,12,84,0,96,0,16,106,0,122,126,0,126,248
08/11/2016,LOU,KY,ASO,CE,Towers with Radar,0,0,33,0,33,0,7,96,0,103,0,7,129,0,136,228,0,228,364
08/12/2016,LOU,KY,ASO,CE,Towers with Radar,0,3,23,0,26,0,12,123,6,141,0,15,146,6,167,286,0,286,453
08/13/2016,LOU,KY,ASO,CE,Towers with Radar,0,0,9,0,9,0,0,83,1,84,0,0,92,1,93,176,0,176,269
08/14/2016,LOU,KY,ASO,CE,Towers with Radar,0,0,17,0,17,0,2,52,0,54,0,2,69,0,71,100,0,100,171
08/15/2016,LOU,KY,ASO,CE,Towers with Radar,0,0,21,0,21,0,1,56,0,57,0,1,77,0,78,130,0,130,208
08/16/2016,LOU,KY,ASO,CE,Towers with Radar,0,0,26,0,26,0,0,58,0,58,0,0,84,0,84,184,0,184,268
08/17/2016,LOU,KY,ASO,CE,Towers with Radar,0,2,22,0,24,0,5,17,0,22,0,7,39,0,46,68,0,68,114
08/18/2016,LOU,KY,ASO,CE,Towers with Radar,0,2,35,0,37,0,13,62,0,75,0,15,97,0,112,140,0,140,252
08/19/2016,LOU,KY,ASO,CE,Towers with Radar,0,1,29,0,30,0,11,76,0,87,0,12,105,0,117,208,0,208,325
08/20/2016,LOU,KY,ASO,CE,Towers with Radar,0,1,10,0,11,0,0,7,0,7,0,1,17,0,18,12,0,12,30
08/21/2016,LOU,KY,ASO,CE,Towers with Radar,0,0,19,0,19,0,8,134,3,145,0,8,153,3,164,156,0,156,320
08/22/2016,LOU,KY,ASO,CE,Towers with Radar,0,0,23,0,23,0,0,142,1,143,0,0,165,1,166,266,0,266,432
08/23/2016,LOU,KY,ASO,CE,Towers with Radar,0,1,17,0,18,0,7,127,2,136,0,8,144,2,154,140,0,140,294
08/24/2016,LOU,KY,ASO,CE,Towers with Radar,0,3,39,0,42,0,0,103,0,103,0,3,142,0,145,114,0,114,259
08/25/2016,LOU,KY,ASO,CE,Towers with Radar,0,0,31,0,31,0,13,113,0,126,0,13,144,0,157,124,0,124,281
08/26/2016,LOU,KY,ASO,CE,Towers with Radar,0,0,26,0,26,0,9,97,1,107,0,9,123,1,133,161,0,161,294
08/27/2016,LOU,KY,ASO,CE,Towers with Radar,0,0,18,0,18,0,10,161,1,172,0,10,179,1,190,240,0,240,430
08/28/2016,LOU,KY,ASO,CE,Towers with Radar,0,0,15,0,15,0,12,84,0,96,0,12,99,0,111,174,0,174,285
08/29/2016,LOU,KY,ASO,CE,Towers with Radar,0,0,24,2,26,0,9,86,0,95,0,9,110,2,121,176,0,176,297
08/30/2016,LOU,KY,ASO,CE,Towers with Radar,0,0,28,0,28,0,7,102,0,109,0,7,130,0,137,102,0,102,239
08/31/2016,LOU,KY,ASO,CE,Towers with Radar,0,0,15,0,15,0,5,74,0,79,0,5,89,0,94,154,0,154,248
09/01/2016,LOU,KY,ASO,CE,Towers with Radar,0,0,13,0,13,0,17,72,1,90,0,17,85,1,103,108,0,108,211
09/02/2016,LOU,KY,ASO,CE,Towers with Radar,0,0,27,0,27,0,10,73,0,83,0,10,100,0,110,142,0,142,252
09/03/2016,LOU,KY,ASO,CE,Towers with Radar,0,0,16,0,16,0,18,139,0,157,0,18,155,0,173,262,0,262,435
09/04/2016,LOU,KY,ASO,CE,Towers with Radar,0,0,11,0,11,0,13,107,0,120,0,13,118,0,131,182,0,182,313
09/05/2016,LOU,KY,ASO,CE,Towers with Radar,0,0,25,0,25,0,2,115,0,117,0,2,140,0,142,204,0,204,346
09/06/2016,LOU,KY,ASO,CE,Towers with Radar,0,1,14,0,15,0,4,88,0,92,0,5,102,0,107,152,0,152,259
09/07/2016,LOU,KY,ASO,CE,Towers with Radar,0,2,20,0,22,0,7,116,0,123,0,9,136,0,145,140,0,140,285
09/08/2016,LOU,KY,ASO,CE,Towers with Radar,0,2,24,0,26,0,9,74,1,84,0,11,98,1,110,120,0,120,230
09/09/2016,LOU,KY,ASO,CE,Towers with Radar,0,4,22,0,26,0,2,57,0,59,0,6,79,0,85,68,0,68,153
09/10/2016,LOU,KY,ASO,CE,Towers with Radar,0,4,17,0,21,0,9,53,0,62,0,13,70,0,83,72,0,72,155
09/11/2016,LOU,KY,ASO,CE,Towers with Radar,0,2,19,0,21,0,13,193,1,207,0,15,212,1,228,348,0,348,576
09/12/2016,LOU,KY,ASO,CE,Towers with Radar,0,0,19,0,19,0,19,94,5,118,0,19,113,5,137,80,0,80,217
09/13/2016,LOU,KY,ASO,CE,Towers with Radar,0,2,22,0,24,0,12,122,0,134,0,14,144,0,158,146,0,146,304
09/14/2016,LOU,KY,ASO,CE,Towers with Radar,0,0,29,0,29,0,20,102,6,128,0,20,131,6,157,78,2,80,237
09/15/2016,LOU,KY,ASO,CE,Towers with Radar,0,2,28,0,30,0,3,63,2,68,0,5,91,2,98,216,0,216,314
09/16/2016,LOU,KY,ASO,CE,Towers with Radar,0,2,13,0,15,0,15,80,1,96,0,17,93,1,111,162,0,162,273
09/17/2016,LOU,KY,ASO,CE,Towers with Radar,0,0,8,0,8,0,0,28,1,29,0,0,36,1,37,48,0,48,85
09/18/2016,LOU,KY,ASO,CE,Towers with Radar,0,1,22,0,23,0,1,80,0,81,0,2,102,0,104,246,0,246,350
09/19/2016,LOU,KY,ASO,CE,Towers with Radar,0,2,22,0,24,0,10,100,0,110,0,12,122,0,134,82,0,82,216
09/20/2016,LOU,KY,ASO,CE,Towers with Radar,0,3,26,0,29,0,27,115,0,142,0,30,141,0,171,155,0,155,326
09/21/2016,LOU,KY,ASO,CE,Towers with Radar,0,2,19,0,21,0,19,95,6,120,0,21,114,6,141,138,0,138,279
09/22/2016,LOU,KY,ASO,CE,Towers with Radar,0,0,20,0,20,0,10,90,1,101,0,10,110,1,121,154,8,162,283
09/23/2016,LOU,KY,ASO,CE,Towers with Radar,0,2,30,0,32,0,17,137,1,155,0,19,167,1,187,238,0,238,425
09/24/2016,LOU,KY,ASO,CE,Towers with Radar,0,2,17,0,19,0,3,120,0,123,0,5,137,0,142,254,0,254,396
09/25/2016,LOU,KY,ASO,CE,Towers with Radar,0,1,29,0,30,0,13,106,0,119,0,14,135,0,149,210,0,210,359
09/26/2016,LOU,KY,ASO,CE,Towers with Radar,0,0,29,0,29,0,1,38,2,41,0,1,67,2,70,94,0,94,164
09/27/2016,LOU,KY,ASO,CE,Towers with Radar,0,1,23,0,24,0,2,106,0,108,0,3,129,0,132,166,0,166,298
09/28/2016,LOU,KY,ASO,CE,Towers with Radar,0,0,36,0,36,0,3,28,0,31,0,3,64,0,67,58,0,58,125
09/29/2016,LOU,KY,ASO,CE,Towers with Radar,0,3,28,2,33,0,5,30,2,37,0,8,58,4,70,114,0,114,184
09/30/2016,LOU,KY,ASO,CE,Towers with Radar,0,2,23,0,25,0,3,17,0,20,0,5,40,0,45,106,0,106,151
10/01/2016,LOU,KY,ASO,CE,Towers with Radar,0,0,23,0,23,0,8,22,0,30,0,8,45,0,53,136,0,136,189
10/02/2016,LOU,KY,ASO,CE,Towers with Radar,0,2,26,0,28,0,18,61,0,79,0,20,87,0,107,212,0,212,319
10/03/2016,LOU,KY,ASO,CE,Towers with Radar,0,0,16,0,16,0,5,109,0,114,0,5,125,0,130,258,0,258,388
10/04/2016,LOU,KY,ASO,CE,Towers with Radar,0,2,36,2,40,0,18,121,0,139,0,20,157,2,179,172,0,172,351
10/05/2016,LOU,KY,ASO,CE,Towers with Radar,0,2,26,0,28,0,22,97,0,119,0,24,123,0,147,272,2,274,421
10/06/2016,LOU,KY,ASO,CE,Towers with Radar,0,0,19,0,19,0,2,87,0,89,0,2,106,0,108,198,0,198,306
10/07/2016,LOU,KY,ASO,CE,Towers with Radar,0,2,35,0,37,0,13,149,0,162,0,15,184,0,199,202,0,202,401
10/08/2016,LOU,KY,ASO,CE,Towers with Radar,0,0,16,0,16,0,20,116,0,136,0,20,132,0,152,82,0,82,234
10/09/2016,LOU,KY,ASO,CE,Towers with Radar,0,0,18,0,18,0,12,160,1,173,0,12,178,1,191,156,0,156,347
10/10/2016,LOU,KY,ASO,CE,Towers with Radar,0,1,24,0,25,0,8,97,0,105,0,9,121,0,130,194,0,194,324
10/11/2016,LOU,KY,ASO,CE,Towers with Radar,0,0,15,0,15,0,2,92,1,95,0,2,107,1,110,116,0,116,226
10/12/2016,LOU,KY,ASO,CE,Towers with Radar,0,0,25,0,25,0,11,81,2,94,0,11,106,2,119,108,0,108,227
10/13/2016,LOU,KY,ASO,CE,Towers with Radar,0,2,30,0,32,0,5,43,0,48,0,7,73,0,80,78,0,78,158
10/14/2016,LOU,KY,ASO,CE,Towers with Radar,0,1,35,0,36,0,9,95,3,107,0,10,130,3,143,276,0,276,419
10/15/2016,LOU,KY,ASO,CE,Towers with Radar,0,3,22,0,25,0,16,79,2,97,0,19,101,2,122,134,0,134,256
10/16/2016,LOU,KY,ASO,CE,Towers with Radar,0,0,23,0,23,0,9,95,0,104,0,9,118,0,127,126,0,126,253
10/17/2016,LOU,KY,ASO,CE,Towers with Radar,0,0,27,0,27,0,2,78,0,80,0,2,105,0,107,132,0,132,239
10/18/2016,LOU,KY,ASO,CE,Towers with Radar,0,0,23,0,23,0,2,45,0,47,0,2,68,0,70,76,0,76,146
10/19/2016,LOU,KY,ASO,CE,Towers with Radar,0,0,22,0,22,0,10,82,2,94,0,10,104,2,116,314,0,314,430
10/20/2016,LOU,KY,ASO,CE,Towers with Radar,0,0,35,0,35,0,0,2,0,2,0,0,37,0,37,10,0,10,47
10/21/2016,LOU,KY,ASO,CE,Towers with Radar,0,0,29,0,29,0,7,73,0,80,0,7,102,0,109,158,0,158,267
10/22/2016,LOU,KY,ASO,CE,Towers with Radar,0,0,17,0,17,0,3,122,0,125,0,3,139,0,142,170,0,170,312
10/23/2016,LOU,KY,ASO,CE,Towers with Radar,0,0,23,0,23,0,6,105,5,116,0,6,128,5,139,284,0,284,423
10/24/2016,LOU,KY,ASO,CE,Towers with Radar,0,2,29,0,31,0,4,93,0,97,0,6,122,0,128,176,0,176,304
10/25/2016,LOU,KY,ASO,CE,Towers with Radar,0,0,22,0,22,0,4,99,0,103,0,4,121,0,125,278,0,278,403
10/26/2016,LOU,KY,ASO,CE,Towers with Radar,0,2,18,0,20,0,4,112,0,116,0,6,130,0,136,170,0,170,306
10/27/2016,LOU,KY,ASO,CE,Towers with Radar,0,0,25,0,25,0,11,37,0,48,0,11,62,0,73,160,0,160,233
10/28/2016,LOU,KY,ASO,CE,Towers with Radar,0,0,25,0,25,0,7,135,0,142,0,7,160,0,167,228,0,228,395
10/29/2016,LOU,KY,ASO,CE,Towers with Radar,0,0,17,0,17,0,11,87,0,98,0,11,104,0,115,152,0,152,267
10/30/2016,LOU,KY,ASO,CE,Towers with Radar,0,1,20,0,21,0,3,107,0,110,0,4,127,0,131,180,0,180,311
10/31/2016,LOU,KY,ASO,CE,Towers with Radar,0,2,17,0,19,0,2,66,1,69,0,4,83,1,88,118,0,118,206
11/01/2016,LOU,KY,ASO,CE,Towers with Radar,0,1,17,0,18,0,8,68,4,80,0,9,85,4,98,150,0,150,248
11/02/2016,LOU,KY,ASO,CE,Towers with Radar,0,2,12,0,14,0,8,100,5,113,0,10,112,5,127,160,0,160,287
11/03/2016,LOU,KY,ASO,CE,Towers with Radar,0,0,24,0,24,0,5,35,0,40,0,5,59,0,64,164,0,164,228
11/04/2016,LOU,KY,ASO,CE,Towers with Radar,0,0,33,0,33,0,8,100,0,108,0,8,133,0,141,126,0,126,267
11/05/2016,LOU,KY,ASO,CE,Towers with Radar,0,1,14,1,16,0,11,138,1,150,0,12,152,2,166,112,0,112,278
11/06/2016,LOU,KY,ASO,CE,Towers with Radar,0,0,18,0,18,0,0,120,0,120,0,0,138,0,138,122,0,122,260
11/07/2016,LOU,KY,ASO,CE,Towers with Radar,0,0,20,1,21,0,13,114,2,129,0,13,134,3,150,146,0,146,296
11/08/2016,LOU,KY,ASO,CE,Towers with Radar,0,0,19,0,19,0,2,44,0,46,0,2,63,0,65,144,0,144,209
11/09/2016,LOU,KY,ASO,CE,Towers with Radar,0,2,31,0,33,0,1,75,0,76,0,3,106,0,109,78,0,78,187
11/10/2016,LOU,KY,ASO,CE,Towers with Radar,0,0,11,0,11,0,6,82,3,91,0,6,93,3,102,140,0,140,242
11/11/2016,LOU,KY,ASO,CE,Towers with Radar,0,2,30,0,32,0,16,89,0,105,0,18,119,0,137,82,0,82,219
11/12/2016,LOU,KY,ASO,CE,Towers with Radar,0,0,20,0,20,0,13,95,0,108,0,13,115,0,128,140,0,140,268
11/13/2016,LOU,KY,ASO,CE,Towers with Radar,0,2,24,0,26,0,9,101,0,110,0,11,125,0,136,308,0,308,444
11/14/2016,LOU,KY,ASO,CE,Towers with Radar,0,0,14,0,14,0,2,89,0,91,0,2,103,0,105,112,0,112,217
11/15/2016,LOU,KY,ASO,CE,Towers with Radar,0,1,21,0,22,0,4,97,0,101,0,5,118,0,123,128,0,128,251
11/16/2016,LOU,KY,ASO,CE,Towers with Radar,0,0,29,0,29,0,2,110,0,112,0,2,139,0,141,144,0,144,285
11/17/2016,LOU,KY,ASO,CE,Towers with Radar,0,0,39,0,39,0,4,77,7,88,0,4,116,7,127,152,6,158,285
11/18/2016,LOU,KY,ASO,CE,Towers with Radar,0,0,18,0,18,0,12,67,2,81,0,12,85,2,99,52,0,52,151
11/19/2016,LOU,KY,ASO,CE,Towers with Radar,0,0,22,0,22,0,4,14,0,18,0,4,36,0,40,24,0,24,64
11/20/2016,LOU,KY,ASO,CE,Towers with Radar,0,2,25,0,27,0,0,101,0,101,0,2,126,0,128,126,0,126,254
11/21/2016,LOU,KY,ASO,CE,Towers with Radar,0,0,21,0,21,0,10,91,0,101,0,10,112,0,122,88,0,88,210
11/22/2016,LOU,KY,ASO,CE,Towers with Radar,0,1,26,0,27,0,3,104,0,107,0,4,130,0,134,232,0,232,366
11/23/2016,LOU,KY,ASO,CE,Towers with Radar,0,0,29,0,29,0,3,31,0,34,0,3,60,0,63,40,0,40,103
11/24/2016,LOU,KY,ASO,CE,Towers with Radar,0,0,8,0,8,0,0,6,0,6,0,0,14,0,14,0,0,0,14
11/25/2016,LOU,KY,ASO,CE,Towers with Radar,0,0,17,0,17,0,11,64,0,75,0,11,81,0,92,239,0,239,331
11/26/2016,LOU,KY,ASO,CE,Towers with Radar,0,0,17,0,17,0,7,99,0,106,0,7,116,0,123,310,0,310,433
11/27/2016,LOU,KY,ASO,CE,Towers with Radar,0,0,44,0,44,0,5,119,0,124,0,5,163,0,168,142,0,142,310
11/28/2016,LOU,KY,ASO,CE,Towers with Radar,0,0,14,0,14,0,4,17,0,21,0,4,31,0,35,6,0,6,41
11/29/2016,LOU,KY,ASO,CE,Towers with Radar,0,2,28,0,30,0,3,61,0,64,0,5,89,0,94,136,0,136,230
11/30/2016,LOU,KY,ASO,CE,Towers with Radar,0,0,28,0,28,0,2,27,0,29,0,2,55,0,57,130,0,130,187
12/01/2016,LOU,KY,ASO,CE,Towers with Radar,0,0,24,0,24,0,4,79,0,83,0,4,103,0,107,120,0,120,227
12/02/2016,LOU,KY,ASO,CE,Towers with Radar,0,3,18,0,21,0,2,89,2,93,0,5,107,2,114,176,0,176,290
12/03/2016,LOU,KY,ASO,CE,Towers with Radar,0,1,15,0,16,0,5,116,1,122,0,6,131,1,138,204,0,204,342
12/04/2016,LOU,KY,ASO,CE,Towers with Radar,0,2,15,0,17,0,0,8,0,8,0,2,23,0,25,22,0,22,47
12/05/2016,LOU,KY,ASO,CE,Towers with Radar,0,0,15,0,15,0,1,42,0,43,0,1,57,0,58,116,0,116,174
12/06/2016,LOU,KY,ASO,CE,Towers with Radar,0,2,13,0,15,0,0,0,0,0,0,2,13,0,15,0,0,0,15
12/07/2016,LOU,KY,ASO,CE,Towers with Radar,0,1,18,0,19,0,2,105,2,109,0,3,123,2,128,210,0,210,338
12/08/2016,LOU,KY,ASO,CE,Towers with Radar,0,0,19,0,19,0,3,45,1,49,0,3,64,1,68,80,0,80,148
12/09/2016,LOU,KY,ASO,CE,Towers with Radar,0,0,28,0,28,0,1,54,0,55,0,1,82,0,83,184,0,184,267
12/10/2016,LOU,KY,ASO,CE,Towers with Radar,0,0,17,0,17,0,3,102,0,105,0,3,119,0,122,182,0,182,304
12/11/2016,LOU,KY,ASO,CE,Towers with Radar,0,0,14,0,14,0,7,55,0,62,0,7,69,0,76,178,0,178,254
12/12/2016,LOU,KY,ASO,CE,Towers with Radar,0,0,16,0,16,0,2,32,0,34,0,2,48,0,50,126,0,126,176
12/13/2016,LOU,KY,ASO,CE,Towers with Radar,0,0,20,0,20,0,7,25,0,32,0,7,45,0,52,112,0,112,164
12/14/2016,LOU,KY,ASO,CE,Towers with Radar,0,2,25,0,27,0,3,91,0,94,0,5,116,0,121,106,0,106,227
12/15/2016,LOU,KY,ASO,CE,Towers with Radar,0,0,22,0,22,0,0,57,0,57,0,0,79,0,79,80,0,80,159
12/16/2016,LOU,KY,ASO,CE,Towers with Radar,0,0,22,0,22,0,6,83,1,90,0,6,105,1,112,194,0,194,306
12/17/2016,LOU,KY,ASO,CE,Towers with Radar,0,0,10,0,10,0,0,6,0,6,0,0,16,0,16,14,2,16,32
12/18/2016,LOU,KY,ASO,CE,Towers with Radar,0,0,7,0,7,0,3,22,0,25,0,3,29,0,32,100,0,100,132
12/19/2016,LOU,KY,ASO,CE,Towers with Radar,0,1,22,0,23,0,3,74,0,77,0,4,96,0,100,180,0,180,280
12/20/2016,LOU,KY,ASO,CE,Towers with Radar,0,0,20,0,20,0,3,103,0,106,0,3,123,0,126,112,0,112,238
12/21/2016,LOU,KY,ASO,CE,Towers with Radar,0,0,23,0,23,0,1,42,0,43,0,1,65,0,66,130,0,130,196
12/22/2016,LOU,KY,ASO,CE,Towers with Radar,0,1,21,0,22,0,0,79,0,79,0,1,100,0,101,142,0,142,243
12/23/2016,LOU,KY,ASO,CE,Towers with Radar,0,1,15,0,16,0,3,83,0,86,0,4,98,0,102,154,0,154,256
12/24/2016,LOU,KY,ASO,CE,Towers with Radar,0,0,10,0,10,0,0,2,0,2,0,0,12,0,12,40,0,40,52
12/25/2016,LOU,KY,ASO,CE,Towers with Radar,0,0,3,0,3,0,0,0,0,0,0,0,3,0,3,0,0,0,3
12/26/2016,LOU,KY,ASO,CE,Towers with Radar,0,0,24,0,24,0,0,20,0,20,0,0,44,0,44,84,0,84,128
12/27/2016,LOU,KY,ASO,CE,Towers with Radar,0,0,15,0,15,0,0,112,0,112,0,0,127,0,127,168,0,168,295
12/28/2016,LOU,KY,ASO,CE,Towers with Radar,0,1,19,0,20,0,1,96,0,97,0,2,115,0,117,152,0,152,269
12/29/2016,LOU,KY,ASO,CE,Towers with Radar,0,0,5,0,5,0,4,39,0,43,0,4,44,0,48,0,0,0,48
12/30/2016,LOU,KY,ASO,CE,Towers with Radar,0,0,13,0,13,0,3,71,0,74,0,3,84,0,87,78,0,78,165
12/31/2016,LOU,KY,ASO,CE,Towers with Radar,0,0,12,0,12,0,1,11,0,12,0,1,23,0,24,0,0,0,24
01/01/2017,LOU,KY,ASO,CE,Towers with Radar,0,0,20,0,20,0,0,32,0,32,0,0,52,0,52,152,0,152,204
01/02/2017,LOU,KY,ASO,CE,Towers with Radar,0,0,11,0,11,0,0,1,0,1,0,0,12,0,12,0,0,0,12
01/03/2017,LOU,KY,ASO,CE,Towers with Radar,0,2,10,0,12,0,0,1,0,1,0,2,11,0,13,0,0,0,13
01/04/2017,LOU,KY,ASO,CE,Towers with Radar,0,4,22,0,26,0,0,96,0,96,0,4,118,0,122,104,0,104,226
01/05/2017,LOU,KY,ASO,CE,Towers with Radar,0,0,4,0,4,0,0,0,0,0,0,0,4,0,4,0,0,0,4
01/06/2017,LOU,KY,ASO,CE,Towers with Radar,0,1,12,0,13,0,1,58,0,59,0,2,70,0,72,130,0,130,202
01/07/2017,LOU,KY,ASO,CE,Towers with Radar,0,0,14,0,14,0,0,55,0,55,0,0,69,0,69,94,0,94,163
01/08/2017,LOU,KY,ASO,CE,Towers with Radar,0,0,18,0,18,0,0,59,1,60,0,0,77,1,78,124,0,124,202
01/09/2017,LOU,KY,ASO,CE,Towers with Radar,0,0,6,0,6,0,0,69,1,70,0,0,75,1,76,98,0,98,174
01/10/2017,LOU,KY,ASO,CE,Towers with Radar,0,0,5,0,5,0,3,11,0,14,0,3,16,0,19,4,0,4,23
01/11/2017,LOU,KY,ASO,CE,Towers with Radar,0,0,16,1,17,0,0,3,1,4,0,0,19,2,21,0,0,0,21
01/12/2017,LOU,KY,ASO,CE,Towers with Radar,0,0,17,0,17,0,0,4,0,4,0,0,21,0,21,0,0,0,21
01/13/2017,LOU,KY,ASO,CE,Towers with Radar,0,0,8,0,8,0,1,6,0,7,0,1,14,0,15,34,0,34,49
01/14/2017,LOU,KY,ASO,CE,Towers with Radar,0,0,6,0,6,0,0,1,0,1,0,0,7,0,7,0,0,0,7
01/15/2017,LOU,KY,ASO,CE,Towers with Radar,0,0,11,0,11,0,0,0,0,0,0,0,11,0,11,0,0,0,11
01/16/2017,LOU,KY,ASO,CE,Towers with Radar,0,2,12,0,14,0,2,45,5,52,0,4,57,5,66,284,0,284,350
01/17/2017,LOU,KY,ASO,CE,Towers with Radar,0,0,15,0,15,0,0,38,1,39,0,0,53,1,54,120,14,134,188
01/18/2017,LOU,KY,ASO,CE,Towers with Radar,0,0,34,0,34,0,2,39,0,41,0,2,73,0,75,292,0,292,367
01/19/2017,LOU,KY,ASO,CE,Towers with Radar,0,2,18,3,23,0,0,39,0,39,0,2,57,3,62,48,0,48,110
01/20/2017,LOU,KY,ASO,CE,Towers with Radar,0,4,22,0,26,0,1,41,3,45,0,5,63,3,71,86,0,86,157
01/21/2017,LOU,KY,ASO,CE,Towers with Radar,0,2,4,0,6,0,0,118,0,118,0,2,122,0,124,200,0,200,324
01/22/2017,LOU,KY,ASO,CE,Towers with Radar,0,0,10,0,10,0,0,46,0,46,0,0,56,0,56,122,0,122,178
01/23/2017,LOU,KY,ASO,CE,Towers with Radar,0,0,21,2,23,0,0,2,0,2,0,0,23,2,25,0,0,0,25
01/24/2017,LOU,KY,ASO,CE,Towers with Radar,0,0,30,2,32,0,6,93,2,101,0,6,123,4,133,240,0,240,373
01/25/2017,LOU,KY,ASO,CE,Towers with Radar,0,0,32,0,32,0,0,50,4,54,0,0,82,4,86,164,0,164,250
01/26/2017,LOU,KY,ASO,CE,Towers with Radar,0,0,27,0,27,0,6,26,0,32,0,6,53,0,59,68,0,68,127
01/27/2017,LOU,KY,ASO,CE,Towers with Radar,0,0,16,0,16,0,1,52,3,56,0,1,68,3,72,162,0,162,234
01/28/2017,LOU,KY,ASO,CE,Towers with Radar,0,0,18,0,18,0,2,88,0,90,0,2,106,0,108,204,0,204,312
01/29/2017,LOU,KY,ASO,CE,Towers with Radar,0,0,8,0,8,0,0,2,0,2,0,0,10,0,10,0,0,0,10
01/30/2017,LOU,KY,ASO,CE,Towers with Radar,0,0,13,0,13,0,1,95,0,96,0,1,108,0,109,146,0,146,255
01/31/2017,LOU,KY,ASO,CE,Towers with Radar,0,0,25,0,25,0,12,21,0,33,0,12,46,0,58,56,0,56,114
02/01/2017,LOU,KY,ASO,CE,Towers with Radar,0,0,21,0,21,0,3,105,0,108,0,3,126,0,129,150,0,150,279
02/02/2017,LOU,KY,ASO,CE,Towers with Radar,0,0,25,1,26,0,5,101,2,108,0,5,126,3,134,166,0,166,300
02/03/2017,LOU,KY,ASO,CE,Towers with Radar,0,2,18,0,20,0,1,70,0,71,0,3,88,0,91,132,0,132,223
02/04/2017,LOU,KY,ASO,CE,Towers with Radar,0,2,22,0,24,0,3,102,3,108,0,5,124,3,132,170,0,170,302
02/05/2017,LOU,KY,ASO,CE,Towers with Radar,0,0,13,0,13,0,0,98,2,100,0,0,111,2,113,122,0,122,235
02/06/2017,LOU,KY,ASO,CE,Towers with Radar,0,0,18,0,18,0,0,10,0,10,0,0,28,0,28,20,0,20,48
02/07/2017,LOU,KY,ASO,CE,Towers with Radar,0,1,9,0,10,0,0,2,0,2,0,1,11,0,12,0,0,0,12
02/08/2017,LOU,KY,ASO,CE,Towers with Radar,0,0,20,0,20,0,2,3,0,5,0,2,23,0,25,4,0,4,29
02/09/2017,LOU,KY,ASO,CE,Towers with Radar,0,2,28,2,32,0,1,81,5,87,0,3,109,7,119,106,0,106,225
02/10/2017,LOU,KY,ASO,CE,Towers with Radar,0,0,21,0,21,0,3,57,0,60,0,3,78,0,81,80,0,80,161
02/11/2017,LOU,KY,ASO,CE,Towers with Radar,0,1,3,0,4,0,63,5,0,68,0,64,8,0,72,226,0,226,298
02/12/2017,LOU,KY,ASO,CE,Towers with Radar,0,0,7,0,7,0,0,24,0,24,0,0,31,0,31,76,0,76,107
02/13/2017,LOU,KY,ASO,CE,Towers with Radar,0,0,28,0,28,0,2,145,3,150,0,2,173,3,178,170,0,170,348
02/14/2017,LOU,KY,ASO,CE,Towers with Radar,0,0,24,0,24,0,5,56,0,61,0,5,80,0,85,40,0,40,125
02/15/2017,LOU,KY,ASO,CE,Towers with Radar,0,2,25,0,27,0,4,69,0,73,0,6,94,0,100,68,0,68,168
02/16/2017,LOU,KY,ASO,CE,Towers with Radar,0,0,30,2,32,0,2,122,0,124,0,2,152,2,156,179,0,179,335
02/17/2017,LOU,KY,ASO,CE,Towers with Radar,0,0,30,1,31,0,0,117,0,117,0,0,147,1,148,116,0,116,264
02/18/2017,LOU,KY,ASO,CE,Towers with Radar,0,2,13,0,15,0,0,108,3,111,0,2,121,3,126,378,0,378,504
02/19/2017,LOU,KY,ASO,CE,Towers with Radar,0,2,29,0,31,0,0,73,0,73,0,2,102,0,104,162,0,162,266
02/20/2017,LOU,KY,ASO,CE,Towers with Radar,0,0,16,0,16,0,0,153,1,154,0,0,169,1,170,160,0,160,330
02/21/2017,LOU,KY,ASO,CE,Towers with Radar,0,0,21,0,21,0,4,87,0,91,0,4,108,0,112,162,0,162,274
02/22/2017,LOU,KY,ASO,CE,Towers with Radar,0,0,24,0,24,0,0,95,0,95,0,0,119,0,119,140,0,140,259
02/23/2017,LOU,KY,ASO,CE,Towers with Radar,0,0,16,5,21,0,0,63,1,64,0,0,79,6,85,134,0,134,219
02/24/2017,LOU,KY,ASO,CE,Towers with Radar,0,2,16,0,18,0,0,32,0,32,0,2,48,0,50,16,0,16,66
02/25/2017,LOU,KY,ASO,CE,Towers with Radar,0,0,7,0,7,0,1,48,2,51,0,1,55,2,58,26,0,26,84
02/26/2017,LOU,KY,ASO,CE,Towers with Radar,0,0,17,0,17,0,0,158,0,158,0,0,175,0,175,364,0,364,539
02/27/2017,LOU,KY,ASO,CE,Towers with Radar,0,0,30,0,30,0,3,67,0,70,0,3,97,0,100,38,0,38,138
02/28/2017,LOU,KY,ASO,CE,Towers with Radar,0,0,21,0,21,0,2,3,0,5,0,2,24,0,26,0,0,0,26
03/01/2017,LOU,KY,ASO,CE,Towers with Radar,0,0,9,0,9,0,0,2,0,2,0,0,11,0,11,0,0,0,11
03/02/2017,LOU,KY,ASO,CE,Towers with Radar,0,0,12,0,12,0,0,101,0,101,0,0,113,0,113,82,0,82,195
03/03/2017,LOU,KY,ASO,CE,Towers with Radar,0,0,14,0,14,0,4,81,0,85,0,4,95,0,99,154,0,154,253
03/04/2017,LOU,KY,ASO,CE,Towers with Radar,0,0,13,0,13,0,2,156,0,158,0,2,169,0,171,272,0,272,443
03/05/2017,LOU,KY,ASO,CE,Towers with Radar,0,0,17,0,17,0,1,134,0,135,0,1,151,0,152,180,0,180,332
03/06/2017,LOU,KY,ASO,CE,Towers with Radar,0,2,5,0,7,0,0,11,0,11,0,2,16,0,18,12,0,12,30
03/07/2017,LOU,KY,ASO,CE,Towers with Radar,0,0,15,1,16,0,1,20,1,22,0,1,35,2,38,38,0,38,76
03/08/2017,LOU,KY,ASO,CE,Towers with Radar,0,0,20,0,20,0,0,103,0,103,0,0,123,0,123,80,0,80,203
03/09/2017,LOU,KY,ASO,CE,Towers with Radar,0,0,22,0,22,0,2,99,0,101,0,2,121,0,123,158,0,158,281
03/10/2017,LOU,KY,ASO,CE,Towers with Radar,0,0,25,2,27,0,6,84,0,90,0,6,109,2,117,92,0,92,209
03/11/2017,LOU,KY,ASO,CE,Towers with Radar,0,2,16,0,18,0,4,77,0,81,0,6,93,0,99,132,0,132,231
03/12/2017,LOU,KY,ASO,CE,Towers with Radar,0,0,14,0,14,0,2,126,0,128,0,2,140,0,142,246,0,246,388
03/13/2017,LOU,KY,ASO,CE,Towers with Radar,0,1,5,0,6,0,0,36,0,36,0,1,41,0,42,122,0,122,164
03/14/2017,LOU,KY,ASO,CE,Towers with Radar,0,0,3,0,3,0,0,36,0,36,0,0,39,0,39,114,0,114,153
03/15/2017,LOU,KY,ASO,CE,Towers with Radar,0,0,22,1,23,0,3,71,1,75,0,3,93,2,98,72,0,72,170
03/16/2017,LOU,KY,ASO,CE,Towers with Radar,0,0,18,0,18,0,5,153,0,158,0,5,171,0,176,204,0,204,380
03/17/2017,LOU,KY,ASO,CE,Towers with Radar,0,0,25,5,30,0,0,9,0,9,0,0,34,5,39,10,0,10,49
03/18/2017,LOU,KY,ASO,CE,Towers with Radar,0,0,28,0,28,0,0,54,1,55,0,0,82,1,83,60,0,60,143
03/19/2017,LOU,KY,ASO,CE,Towers with Radar,0,1,19,0,20,0,0,138,0,138,0,1,157,0,158,264,0,264,422
03/20/2017,LOU,KY,ASO,CE,Towers with Radar,0,3,11,0,14,0,1,54,0,55,0,4,65,0,69,100,0,100,169
03/21/2017,LOU,KY,ASO,CE,Towers with Radar,0,1,26,0,27,0,3,53,1,57,0,4,79,1,84,122,0,122,206
03/22/2017,LOU,KY,ASO,CE,Towers with Radar,0,4,32,1,37,0,1,105,4,110,0,5,137,5,147,62,10,72,219
03/23/2017,LOU,KY,ASO,CE,Towers with Radar,0,0,35,0,35,0,2,130,0,132,0,2,165,0,167,156,0,156,323
03/24/2017,LOU,KY,ASO,CE,Towers with Radar,0,0,31,0,31,0,8,64,0,72,0,8,95,0,103,86,0,86,189
03/25/2017,LOU,KY,ASO,CE,Towers with Radar,0,0,22,0,22,0,6,64,0,70,0,6,86,0,92,114,0,114,206
03/26/2017,LOU,KY,ASO,CE,Towers with Radar,0,0,32,0,32,0,0,25,0,25,0,0,57,0,57,98,0,98,155
03/27/2017,LOU,KY,ASO,CE,Towers with Radar,0,0,10,0,10,0,0,46,0,46,0,0,56,0,56,36,0,36,92
03/28/2017,LOU,KY,ASO,CE,Towers with Radar,0,0,31,0,31,0,5,56,0,61,0,5,87,0,92,62,0,62,154
03/29/2017,LOU,KY,ASO,CE,Towers with Radar,0,2,29,0,31,0,5,99,1,105,0,7,128,1,136,174,0,174,310
03/30/2017,LOU,KY,ASO,CE,Towers with Radar,0,4,12,0,16,0,4,42,0,46,0,8,54,0,62,56,0,56,118
03/31/2017,LOU,KY,ASO,CE,Towers with Radar,0,1,27,0,28,0,4,16,0,20,0,5,43,0,48,46,0,46,94
04/01/2017,LOU,KY,ASO,CE,Towers with Radar,0,1,26,0,27,0,10,72,0,82,0,11,98,0,109,178,0,178,287
04/02/2017,LOU,KY,ASO,CE,Towers with Radar,0,2,18,0,20,0,2,164,0,166,0,4,182,0,186,212,0,212,398
04/03/2017,LOU,KY,ASO,CE,Towers with Radar,0,0,6,0,6,0,4,22,0,26,0,4,28,0,32,36,0,36,68
04/04/2017,LOU,KY,ASO,CE,Towers with Radar,0,2,23,0,25,0,1,24,0,25,0,3,47,0,50,0,0,0,50
04/05/2017,LOU,KY,ASO,CE,Towers with Radar,0,0,7,0,7,0,0,17,0,17,0,0,24,0,24,0,0,0,24
04/06/2017,LOU,KY,ASO,CE,Towers with Radar,0,0,18,0,18,0,2,3,0,5,0,2,21,0,23,0,0,0,23
04/07/2017,LOU,KY,ASO,CE,Towers with Radar,0,0,31,0,31,0,4,70,0,74,0,4,101,0,105,60,0,60,165
04/08/2017,LOU,KY,ASO,CE,Towers with Radar,0,2,21,0,23,0,2,190,0,192,0,4,211,0,215,208,0,208,423
04/09/2017,LOU,KY,ASO,CE,Towers with Radar,0,2,13,0,15,0,16,117,0,133,0,18,130,0,148,79,0,79,227
04/10/2017,LOU,KY,ASO,CE,Towers with Radar,0,6,7,0,13,0,9,54,0,63,0,15,61,0,76,44,0,44,120
04/11/2017,LOU,KY,ASO,CE,Towers with Radar,0,0,21,2,23,0,3,17,0,20,0,3,38,2,43,22,0,22,65
04/12/2017,LOU,KY,ASO,CE,Towers with Radar,0,0,22,0,22,0,3,126,0,129,0,3,148,0,151,158,0,158,309
04/13/2017,LOU,KY,ASO,CE,Towers with Radar,0,1,24,0,25,0,7,153,0,160,0,8,177,0,185,208,0,208,393
04/14/2017,LOU,KY,ASO,CE,Towers with Radar,0,0,17,0,17,0,6,145,0,151,0,6,162,0,168,206,0,206,374
04/15/2017,LOU,KY,ASO,CE,Towers with Radar,0,0,15,0,15,0,11,108,0,119,0,11,123,0,134,92,0,92,226
04/16/2017,LOU,KY,ASO,CE,Towers with Radar,0,0,8,0,8,0,4,21,0,25,0,4,29,0,33,47,0,47,80
04/17/2017,LOU,KY,ASO,CE,Towers with Radar,0,1,13,0,14,0,13,64,0,77,0,14,77,0,91,170,0,170,261
04/18/2017,LOU,KY,ASO,CE,Towers with Radar,0,2,29,1,32,0,2,79,2,83,0,4,108,3,115,66,0,66,181
04/19/2017,LOU,KY,ASO,CE,Towers with Radar,0,2,49,0,51,0,2,74,2,78,0,4,123,2,129,84,0,84,213
04/20/2017,LOU,KY,ASO,CE,Towers with Radar,0,2,28,0,30,0,7,72,0,79,0,9,100,0,109,90,0,90,199
04/21/2017,LOU,KY,ASO,CE,Towers with Radar,0,1,24,0,25,0,8,75,6,89,0,9,99,6,114,98,0,98,212
04/22/2017,LOU,KY,ASO,CE,Towers with Radar,0,0,17,0,17,0,7,86,8,101,0,7,103,8,118,161,0,161,279
04/23/2017,LOU,KY,ASO,CE,Towers with Radar,0,0,13,0,13,0,12,90,2,104,0,12,103,2,117,84,0,84,201
04/24/2017,LOU,KY,ASO,CE,Towers with Radar,0,0,21,1,22,0,7,115,2,124,0,7,136,3,146,106,0,106,252
04/25/2017,LOU,KY,ASO,CE,Towers with Radar,0,0,19,0,19,0,4,179,3,186,0,4,198,3,205,188,0,188,393
04/26/2017,LOU,KY,ASO,CE,Towers with Radar,0,0,21,0,21,0,13,123,2,138,0,13,144,2,159,84,0,84,243
04/27/2017,LOU,KY,ASO,CE,Towers with Radar,0,0,21,0,21,0,2,39,0,41,0,2,60,0,62,56,0,56,118
04/28/2017,LOU,KY,ASO,CE,Towers with Radar,0,0,12,0,12,0,26,85,0,111,0,26,97,0,123,146,0,146,269
04/29/2017,LOU,KY,ASO,CE,Towers with Radar,0,0,8,0,8,0,7,82,0,89,0,7,90,0,97,134,0,134,231
04/30/2017,LOU,KY,ASO,CE,Towers with Radar,0,0,10,0,10,0,0,29,0,29,0,0,39,0,39,36,0,36,75
05/01/2017,LOU,KY,ASO,CE,Towers with Radar,0,2,12,0,14,0,2,21,2,25,0,4,33,2,39,18,0,18,57
05/02/2017,LOU,KY,ASO,CE,Towers with Radar,0,0,26,0,26,0,8,52,0,60,0,8,78,0,86,52,0,52,138
05/03/2017,LOU,KY,ASO,CE,Towers with Radar,0,2,45,1,48,0,21,129,1,151,0,23,174,2,199,114,0,114,313
05/04/2017,LOU,KY,ASO,CE,Towers with Radar,0,5,45,0,50,0,12,18,2,32,0,17,63,2,82,2,0,2,84
05/05/2017,LOU,KY,ASO,CE,Towers with Radar,0,4,43,0,47,0,2,6,4,12,0,6,49,4,59,16,0,16,75
05/06/2017,LOU,KY,ASO,CE,Towers with Radar,0,8,36,0,44,0,19,67,13,99,0,27,103,13,143,113,0,113,256
05/07/2017,LOU,KY,ASO,CE,Towers with Radar,0,14,58,0,72,0,4,150,0,154,0,18,208,0,226,140,0,140,366
05/08/2017,LOU,KY,ASO,CE,Towers with Radar,0,2,18,0,20,0,8,168,0,176,0,10,186,0,196,206,0,206,402
05/09/2017,LOU,KY,ASO,CE,Towers with Radar,0,2,20,0,22,0,2,121,0,123,0,4,141,0,145,192,0,192,337
05/10/2017,LOU,KY,ASO,CE,Towers with Radar,0,0,45,0,45,0,7,152,2,161,0,7,197,2,206,150,0,150,356
05/11/2017,LOU,KY,ASO,CE,Towers with Radar,0,0,30,0,30,0,5,48,2,55,0,5,78,2,85,66,0,66,151
05/12/2017,LOU,KY,ASO,CE,Towers with Radar,0,0,36,0,36,0,3,27,0,30,0,3,63,0,66,68,0,68,134
05/13/2017,LOU,KY,ASO,CE,Towers with Radar,0,0,19,0,19,0,17,195,0,212,0,17,214,0,231,258,0,258,489
05/14/2017,LOU,KY,ASO,CE,Towers with Radar,0,0,24,0,24,0,4,115,0,119,0,4,139,0,143,138,0,138,281
05/15/2017,LOU,KY,ASO,CE,Towers with Radar,0,0,16,2,18,0,8,134,2,144,0,8,150,4,162,220,0,220,382
05/16/2017,LOU,KY,ASO,CE,Towers with Radar,0,0,24,0,24,0,2,133,0,135,0,2,157,0,159,140,0,140,299
05/17/2017,LOU,KY,ASO,CE,Towers with Radar,0,1,22,1,24,0,4,80,1,85,0,5,102,2,109,16,0,16,125
05/18/2017,LOU,KY,ASO,CE,Towers with Radar,0,4,29,0,33,0,18,101,0,119,0,22,130,0,152,70,0,70,222
05/19/2017,LOU,KY,ASO,CE,Towers with Radar,0,1,10,0,11,0,7,64,0,71,0,8,74,0,82,64,0,64,146
05/20/2017,LOU,KY,ASO,CE,Towers with Radar,0,0,22,0,22,0,16,87,0,103,0,16,109,0,125,120,0,120,245
05/21/2017,LOU,KY,ASO,CE,Towers with Radar,0,0,18,0,18,0,5,48,0,53,0,5,66,0,71,130,0,130,201
05/22/2017,LOU,KY,ASO,CE,Towers with Radar,0,2,31,0,33,0,7,179,0,186,0,9,210,0,219,276,0,276,495
05/23/2017,LOU,KY,ASO,CE,Towers with Radar,0,1,24,0,25,0,9,156,0,165,0,10,180,0,190,222,0,222,412
05/24/2017,LOU,KY,ASO,CE,Towers with Radar,0,4,25,0,29,0,0,11,0,11,0,4,36,0,40,10,0,10,50
05/25/2017,LOU,KY,ASO,CE,Towers with Radar,0,1,20,0,21,0,13,13,6,32,0,14,33,6,53,10,2,12,65
05/26/2017,LOU,KY,ASO,CE,Towers with Radar,0,2,26,0,28,0,1,163,0,164,0,3,189,0,192,104,0,104,296
05/27/2017,LOU,KY,ASO,CE,Towers with Radar,0,0,13,0,13,0,5,49,0,54,0,5,62,0,67,120,0,120,187
05/28/2017,LOU,KY,ASO,CE,Towers with Radar,0,0,6,0,6,0,7,39,0,46,0,7,45,0,52,34,0,34,86
05/29/2017,LOU,KY,ASO,CE,Towers with Radar,0,0,28,0,28,0,20,170,1,191,0,20,198,1,219,211,0,211,430
05/30/2017,LOU,KY,ASO,CE,Towers with Radar,0,0,17,0,17,0,6,170,1,177,0,6,187,1,194,192,0,192,386
05/31/2017,LOU,KY,ASO,CE,Towers with Radar,0,0,19,0,19,0,12,170,1,183,0,12,189,1,202,156,0,156,358
06/01/2017,LOU,KY,ASO,CE,Towers with Radar,0,0,30,0,30,0,12,199,0,211,0,12,229,0,241,260,0,260,501
06/02/2017,LOU,KY,ASO,CE,Towers with Radar,0,0,26,0,26,0,12,180,3,195,0,12,206,3,221,248,6,254,475
06/03/2017,LOU,KY,ASO,CE,Towers with Radar,0,0,16,0,16,0,2,169,2,173,0,2,185,2,189,204,0,204,393
06/04/2017,LOU,KY,ASO,CE,Towers with Radar,0,0,13,0,13,0,0,134,0,134,0,0,147,0,147,252,0,252,399
06/05/2017,LOU,KY,ASO,CE,Towers with Radar,0,0,19,1,20,0,3,40,2,45,0,3,59,3,65,62,0,62,127
06/06/2017,LOU,KY,ASO,CE,Towers with Radar,0,0,34,0,34,0,5,177,3,185,0,5,211,3,219,268,0,268,487
06/07/2017,LOU,KY,ASO,CE,Towers with Radar,0,0,25,0,25,0,2,155,1,158,0,2,180,1,183,266,0,266,449
06/08/2017,LOU,KY,ASO,CE,Towers with Radar,0,2,18,0,20,0,4,162,5,171,0,6,180,5,191,218,0,218,409
06/09/2017,LOU,KY,ASO,CE,Towers with Radar,0,0,23,0,23,0,1,130,0,131,0,1,153,0,154,248,0,248,402
06/10/2017,LOU,KY,ASO,CE,Towers with Radar,0,1,39,0,40,0,9,208,0,217,0,10,247,0,257,198,0,198,455
06/11/2017,LOU,KY,ASO,CE,Towers with Radar,0,0,29,0,29,0,14,174,0,188,0,14,203,0,217,116,0,116,333
06/12/2017,LOU,KY,ASO,CE,Towers with Radar,0,0,25,0,25,0,9,154,0,163,0,9,179,0,188,136,0,136,324
06/13/2017,LOU,KY,ASO,CE,Towers with Radar,0,0,31,0,31,0,0,99,0,99,0,0,130,0,130,186,0,186,316
06/14/2017,LOU,KY,ASO,CE,Towers with Radar,0,0,26,1,27,0,1,121,1,123,0,1,147,2,150,296,0,296,446
06/15/2017,LOU,KY,ASO,CE,Towers with Radar,0,0,28,2,30,0,3,71,1,75,0,3,99,3,105,92,0,92,197
06/16/2017,LOU,KY,ASO,CE,Towers with Radar,0,0,42,0,42,0,10,125,0,135,0,10,167,0,177,347,0,347,524
06/17/2017,LOU,KY,ASO,CE,Towers with Radar,0,2,40,0,42,0,9,143,4,156,0,11,183,4,198,134,0,134,332
06/18/2017,LOU,KY,ASO,CE,Towers with Radar,0,0,11,0,11,0,2,46,0,48,0,2,57,0,59,34,0,34,93
06/19/2017,LOU,KY,ASO,CE,Towers with Radar,0,0,31,0,31,0,3,127,0,130,0,3,158,0,161,232,0,232,393
06/20/2017,LOU,KY,ASO,CE,Towers with Radar,0,0,25,0,25,0,8,146,2,156,0,8,171,2,181,360,0,360,541
06/21/2017,LOU,KY,ASO,CE,Towers with Radar,0,1,26,0,27,0,15,152,1,168,0,16,178,1,195,248,0,248,443
06/22/2017,LOU,KY,ASO,CE,Towers with Radar,0,2,26,0,28,0,4,60,1,65,0,6,86,1,93,138,0,138,231
06/23/2017,LOU,KY,ASO,CE,Towers with Radar,0,1,18,0,19,0,1,13,0,14,0,2,31,0,33,80,0,80,113
06/24/2017,LOU,KY,ASO,CE,Towers with Radar,0,0,39,0,39,0,12,143,3,158,0,12,182,3,197,102,0,102,299
06/25/2017,LOU,KY,ASO,CE,Towers with Radar,0,0,25,0,25,0,9,155,0,164,0,9,180,0,189,155,0,155,344
06/26/2017,LOU,KY,ASO,CE,Towers with Radar,0,0,7,0,7,0,6,172,0,178,0,6,179,0,185,280,0,280,465
06/27/2017,LOU,KY,ASO,CE,Towers with Radar,0,0,24,0,24,0,4,143,0,147,0,4,167,0,171,262,0,262,433
06/28/2017,LOU,KY,ASO,CE,Towers with Radar,0,2,29,1,32,0,9,166,3,178,0,11,195,4,210,202,0,202,412
06/29/2017,LOU,KY,ASO,CE,Towers with Radar,0,1,35,0,36,0,8,121,0,129,0,9,156,0,165,104,0,104,269
06/30/2017,LOU,KY,ASO,CE,Towers with Radar,0,2,24,0,26,0,11,56,0,67,0,13,80,0,93,210,0,210,303
07/01/2017,LOU,KY,ASO,CE,Towers with Radar,0,0,10,0,10,0,10,74,2,86,0,10,84,2,96,180,0,180,276
07/02/2017,LOU,KY,ASO,CE,Towers with Radar,0,0,11,0,11,0,2,141,0,143,0,2,152,0,154,186,0,186,340
07/03/2017,LOU,KY,ASO,CE,Towers with Radar,0,0,20,0,20,0,17,163,1,181,0,17,183,1,201,184,0,184,385
07/04/2017,LOU,KY,ASO,CE,Towers with Radar,0,0,21,0,21,0,2,21,0,23,0,2,42,0,44,72,0,72,116
07/05/2017,LOU,KY,ASO,CE,Towers with Radar,0,0,25,0,25,0,2,94,0,96,0,2,119,0,121,170,0,170,291
07/06/2017,LOU,KY,ASO,CE,Towers with Radar,0,0,23,2,25,0,0,17,5,22,0,0,40,7,47,28,4,32,79
07/07/2017,LOU,KY,ASO,CE,Towers with Radar,0,0,23,0,23,0,4,104,1,109,0,4,127,1,132,286,0,286,418
07/08/2017,LOU,KY,ASO,CE,Towers with Radar,0,0,24,1,25,0,6,176,2,184,0,6,200,3,209,240,0,240,449
07/09/2017,LOU,KY,ASO,CE,Towers with Radar,0,0,22,0,22,0,10,194,0,204,0,10,216,0,226,144,0,144,370
07/10/2017,LOU,KY,ASO,CE,Towers with Radar,0,0,18,0,18,0,3,121,0,124,0,3,139,0,142,268,0,268,410
07/11/2017,LOU,KY,ASO,CE,Towers with Radar,0,3,22,0,25,0,13,131,3,147,0,16,153,3,172,378,0,378,550
07/12/2017,LOU,KY,ASO,CE,Towers with Radar,0,0,31,3,34,0,4,122,0,126,0,4,153,3,160,206,0,206,366
07/13/2017,LOU,KY,ASO,CE,Towers with Radar,0,0,21,1,22,0,10,113,0,123,0,10,134,1,145,260,0,260,405
07/14/2017,LOU,KY,ASO,CE,Towers with Radar,0,1,20,0,21,0,7,104,0,111,0,8,124,0,132,350,0,350,482
07/15/2017,LOU,KY,ASO,CE,Towers with Radar,0,0,17,0,17,0,3,208,2,213,0,3,225,2,230,244,0,244,474
07/16/2017,LOU,KY,ASO,CE,Towers with Radar,0,0,19,0,19,0,1,154,2,157,0,1,173,2,176,214,0,214,390
07/17/2017,LOU,KY,ASO,CE,Towers with Radar,0,0,29,0,29,0,10,179,0,189,0,10,208,0,218,132,0,132,350
07/18/2017,LOU,KY,ASO,CE,Towers with Radar,0,3,21,0,24,0,7,170,0,177,0,10,191,0,201,180,0,180,381
07/19/2017,LOU,KY,ASO,CE,Towers with Radar,0,5,33,0,38,0,7,146,3,156,0,12,179,3,194,218,0,218,412
07/20/2017,LOU,KY,ASO,CE,Towers with Radar,0,2,30,0,32,0,19,180,0,199,0,21,210,0,231,124,0,124,355
07/21/2017,LOU,KY,ASO,CE,Towers with Radar,0,0,26,0,26,0,7,114,0,121,0,7,140,0,147,144,0,144,291
07/22/2017,LOU,KY,ASO,CE,Towers with Radar,0,0,18,0,18,0,14,121,0,135,0,14,139,0,153,150,0,150,303
07/23/2017,LOU,KY,ASO,CE,Towers with Radar,0,0,22,0,22,0,8,56,0,64,0,8,78,0,86,86,0,86,172
07/24/2017,LOU,KY,ASO,CE,Towers with Radar,0,0,21,0,21,0,10,105,0,115,0,10,126,0,136,202,0,202,338
07/25/2017,LOU,KY,ASO,CE,Towers with Radar,0,1,24,0,25,0,1,160,0,161,0,2,184,0,186,168,0,168,354
07/26/2017,LOU,KY,ASO,CE,Towers with Radar,0,4,24,0,28,0,10,149,0,159,0,14,173,0,187,182,0,182,369
07/27/2017,LOU,KY,ASO,CE,Towers with Radar,0,3,29,0,32,0,0,60,0,60,0,3,89,0,92,162,0,162,254
07/28/2017,LOU,KY,ASO,CE,Towers with Radar,0,0,30,0,30,0,0,30,0,30,0,0,60,0,60,34,0,34,94
07/29/2017,LOU,KY,ASO,CE,Towers with Radar,0,0,17,0,17,0,15,155,0,170,0,15,172,0,187,186,0,186,373
07/30/2017,LOU,KY,ASO,CE,Towers with Radar,0,0,23,0,23,0,15,215,3,233,0,15,238,3,256,224,0,224,480
07/31/2017,LOU,KY,ASO,CE,Towers with Radar,0,0,15,7,22,0,7,170,3,180,0,7,185,10,202,230,0,230,432
08/01/2017,LOU,KY,ASO,CE,Towers with Radar,0,0,23,0,23,0,2,155,0,157,0,2,178,0,180,460,0,460,640
08/02/2017,LOU,KY,ASO,CE,Towers with Radar,0,0,27,0,27,0,7,111,0,118,0,7,138,0,145,110,0,110,255
08/03/2017,LOU,KY,ASO,CE,Towers with Radar,0,0,22,0,22,0,6,122,0,128,0,6,144,0,150,228,0,228,378
08/04/2017,LOU,KY,ASO,CE,Towers with Radar,0,1,32,0,33,0,6,95,0,101,0,7,127,0,134,274,0,274,408
08/05/2017,LOU,KY,ASO,CE,Towers with Radar,0,0,25,0,25,0,10,157,1,168,0,10,182,1,193,284,0,284,477
08/06/2017,LOU,KY,ASO,CE,Towers with Radar,0,2,18,0,20,0,3,48,4,55,0,5,66,4,75,172,0,172,247
08/07/2017,LOU,KY,ASO,CE,Towers with Radar,0,0,17,4,21,0,4,52,1,57,0,4,69,5,78,160,0,160,238
08/08/2017,LOU,KY,ASO,CE,Towers with Radar,0,0,28,0,28,0,1,136,0,137,0,1,164,0,165,248,0,248,413
08/09/2017,LOU,KY,ASO,CE,Towers with Radar,0,0,11,0,11,0,9,234,0,243,0,9,245,0,254,174,0,174,428
08/10/2017,LOU,KY,ASO,CE,Towers with Radar,0,1,26,0,27,0,8,154,3,165,0,9,180,3,192,184,0,184,376
08/11/2017,LOU,KY,ASO,CE,Towers with Radar,0,3,25,0,28,0,8,90,0,98,0,11,115,0,126,144,0,144,270
08/12/2017,LOU,KY,ASO,CE,Towers with Radar,0,0,18,2,20,0,12,137,3,152,0,12,155,5,172,150,0,150,322
08/13/2017,LOU,KY,ASO,CE,Towers with Radar,0,0,21,0,21,0,24,175,0,199,0,24,196,0,220,146,0,146,366
08/14/2017,LOU,KY,ASO,CE,Towers with Radar,0,1,20,0,21,0,10,85,1,96,0,11,105,1,117,176,0,176,293
08/15/2017,LOU,KY,ASO,CE,Towers with Radar,0,3,34,1,38,0,13,157,1,171,0,16,191,2,209,219,0,219,428
08/16/2017,LOU,KY,ASO,CE,Towers with Radar,0,2,35,0,37,0,13,120,0,133,0,15,155,0,170,206,0,206,376
08/17/2017,LOU,KY,ASO,CE,Towers with Radar,0,0,26,0,26,0,1,50,2,53,0,1,76,2,79,28,0,28,107
08/18/2017,LOU,KY,ASO,CE,Towers with Radar,0,0,31,0,31,0,12,143,1,156,0,12,174,1,187,146,0,146,333
08/19/2017,LOU,KY,ASO,CE,Towers with Radar,0,0,13,0,13,0,13,139,0,152,0,13,152,0,165,242,0,242,407
08/20/2017,LOU,KY,ASO,CE,Towers with Radar,0,0,21,0,21,0,12,168,0,180,0,12,189,0,201,166,0,166,367
08/21/2017,LOU,KY,ASO,CE,Towers with Radar,0,0,35,0,35,0,5,202,0,207,0,5,237,0,242,82,0,82,324
08/22/2017,LOU,KY,ASO,CE,Towers with Radar,0,2,16,0,18,0,11,67,0,78,0,13,83,0,96,94,0,94,190
08/23/2017,LOU,KY,ASO,CE,Towers with Radar,0,0,32,0,32,0,7,139,2,148,0,7,171,2,180,74,0,74,254
08/24/2017,LOU,KY,ASO,CE,Towers with Radar,0,0,31,0,31,0,2,182,2,186,0,2,213,2,217,208,0,208,425
08/25/2017,LOU,KY,ASO,CE,Towers with Radar,0,0,28,0,28,0,0,163,0,163,0,0,191,0,191,240,0,240,431
08/26/2017,LOU,KY,ASO,CE,Towers with Radar,0,0,14,0,14,0,1,162,5,168,0,1,176,5,182,136,0,136,318
08/27/2017,LOU,KY,ASO,CE,Towers with Radar,0,2,31,0,33,0,4,155,0,159,0,6,186,0,192,178,0,178,370
08/28/2017,LOU,KY,ASO,CE,Towers with Radar,0,0,16,3,19,0,8,60,6,74,0,8,76,9,93,232,0,232,325
08/29/2017,LOU,KY,ASO,CE,Towers with Radar,0,0,26,0,26,0,5,65,0,70,0,5,91,0,96,307,0,307,403
08/30/2017,LOU,KY,ASO,CE,Towers with Radar,0,3,44,0,47,0,5,149,2,156,0,8,193,2,203,240,0,240,443
08/31/2017,LOU,KY,ASO,CE,Towers with Radar,0,1,13,0,14,0,9,105,0,114,0,10,118,0,128,238,0,238,366
09/01/2017,LOU,KY,ASO,CE,Towers with Radar,0,0,9,0,9,0,0,0,0,0,0,0,9,0,9,0,0,0,9
09/02/2017,LOU,KY,ASO,CE,Towers with Radar,0,1,31,0,32,0,8,20,0,28,0,9,51,0,60,36,0,36,96
09/03/2017,LOU,KY,ASO,CE,Towers with Radar,0,1,9,0,10,0,8,126,0,134,0,9,135,0,144,214,0,214,358
09/04/2017,LOU,KY,ASO,CE,Towers with Radar,0,0,12,0,12,0,13,105,0,118,0,13,117,0,130,126,0,126,256
09/05/2017,LOU,KY,ASO,CE,Towers with Radar,0,0,22,0,22,0,13,81,0,94,0,13,103,0,116,90,0,90,206
09/06/2017,LOU,KY,ASO,CE,Towers with Radar,0,0,26,0,26,0,15,104,0,119,0,15,130,0,145,96,0,96,241
09/07/2017,LOU,KY,ASO,CE,Towers with Radar,0,4,45,0,49,0,6,147,0,153,0,10,192,0,202,292,0,292,494
09/08/2017,LOU,KY,ASO,CE,Towers with Radar,0,1,22,0,23,0,8,165,2,175,0,9,187,2,198,228,0,228,426
09/09/2017,LOU,KY,ASO,CE,Towers with Radar,0,0,19,0,19,0,21,164,8,193,0,21,183,8,212,134,0,134,346
09/10/2017,LOU,KY,ASO,CE,Towers with Radar,0,2,22,0,24,0,15,156,0,171,0,17,178,0,195,144,0,144,339
09/11/2017,LOU,KY,ASO,CE,Towers with Radar,0,0,18,0,18,0,11,111,0,122,0,11,129,0,140,170,0,170,310
09/12/2017,LOU,KY,ASO,CE,Towers with Radar,0,0,19,0,19,0,3,14,0,17,0,3,33,0,36,12,0,12,48
09/13/2017,LOU,KY,ASO,CE,Towers with Radar,0,0,22,2,24,0,0,0,0,0,0,0,22,2,24,0,0,0,24
09/14/2017,LOU,KY,ASO,CE,Towers with Radar,0,0,53,0,53,0,6,27,0,33,0,6,80,0,86,116,0,116,202
09/15/2017,LOU,KY,ASO,CE,Towers with Radar,0,0,29,0,29,0,1,104,0,105,0,1,133,0,134,204,0,204,338
09/16/2017,LOU,KY,ASO,CE,Towers with Radar,0,2,21,0,23,0,7,163,0,170,0,9,184,0,193,98,0,98,291
09/17/2017,LOU,KY,ASO,CE,Towers with Radar,0,0,26,0,26,0,1,140,2,143,0,1,166,2,169,196,0,196,365
09/18/2017,LOU,KY,ASO,CE,Towers with Radar,0,0,15,0,15,0,11,105,2,118,0,11,120,2,133,206,0,206,339
09/19/2017,LOU,KY,ASO,CE,Towers with Radar,0,2,26,0,28,0,14,49,0,63,0,16,75,0,91,172,0,172,263
09/20/2017,LOU,KY,ASO,CE,Towers with Radar,0,0,22,0,22,0,14,110,4,128,0,14,132,4,150,278,2,280,430
09/21/2017,LOU,KY,ASO,CE,Towers with Radar,0,2,32,0,34,0,18,143,0,161,0,20,175,0,195,402,0,402,597
09/22/2017,LOU,KY,ASO,CE,Towers with Radar,0,0,32,0,32,0,14,105,0,119,0,14,137,0,151,132,0,132,283
09/23/2017,LOU,KY,ASO,CE,Towers with Radar,0,0,23,0,23,0,26,140,1,167,0,26,163,1,190,194,0,194,384
09/24/2017,LOU,KY,ASO,CE,Towers with Radar,0,0,22,1,23,0,20,141,2,163,0,20,163,3,186,222,0,222,408
09/25/2017,LOU,KY,ASO,CE,Towers with Radar,1,0,17,1,19,0,9,113,5,127,1,9,130,6,146,308,0,308,454
09/26/2017,LOU,KY,ASO,CE,Towers with Radar,0,0,22,0,22,0,13,121,0,134,0,13,143,0,156,254,0,254,410
09/27/2017,LOU,KY,ASO,CE,Towers with Radar,0,2,24,0,26,0,12,118,0,130,0,14,142,0,156,180,0,180,336
09/28/2017,LOU,KY,ASO,CE,Towers with Radar,0,2,23,0,25,0,14,151,0,165,0,16,174,0,190,180,0,180,370
09/29/2017,LOU,KY,ASO,CE,Towers with Radar,0,0,28,0,28,0,15,117,0,132,0,15,145,0,160,164,0,164,324
09/30/2017,LOU,KY,ASO,CE,Towers with Radar,0,0,14,0,14,0,13,138,1,152,0,13,152,1,166,100,0,100,266
10/01/2017,LOU,KY,ASO,CE,Towers with Radar,0,1,20,0,21,0,12,144,0,156,0,13,164,0,177,142,0,142,319
10/02/2017,LOU,KY,ASO,CE,Towers with Radar,0,1,25,0,26,0,9,137,2,148,0,10,162,2,174,218,0,218,392
10/03/2017,LOU,KY,ASO,CE,Towers with Radar,0,0,32,0,32,0,12,105,0,117,0,12,137,0,149,192,0,192,341
10/04/2017,LOU,KY,ASO,CE,Towers with Radar,0,4,33,0,37,0,9,138,0,147,0,13,171,0,184,152,0,152,336
10/05/2017,LOU,KY,ASO,CE,Towers with Radar,0,2,31,1,34,0,12,148,0,160,0,14,179,1,194,187,0,187,381
10/06/2017,LOU,KY,ASO,CE,Towers with Radar,0,1,36,0,37,0,7,153,0,160,0,8,189,0,197,148,0,148,345
10/07/2017,LOU,KY,ASO,CE,Towers with Radar,0,0,22,0,22,0,0,65,0,65,0,0,87,0,87,74,0,74,161
10/08/2017,LOU,KY,ASO,CE,Towers with Radar,0,0,18,0,18,0,5,2,0,7,0,5,20,0,25,0,0,0,25
10/09/2017,LOU,KY,ASO,CE,Towers with Radar,0,0,27,0,27,0,12,33,0,45,0,12,60,0,72,118,0,118,190
10/10/2017,LOU,KY,ASO,CE,Towers with Radar,0,0,12,0,12,0,1,21,0,22,0,1,33,0,34,128,0,128,162
10/11/2017,LOU,KY,ASO,CE,Towers with Radar,0,0,30,0,30,0,9,29,0,38,0,9,59,0,68,150,0,150,218
10/12/2017,LOU,KY,ASO,CE,Towers with Radar,0,0,40,0,40,0,6,55,0,61,0,6,95,0,101,274,0,274,375
10/13/2017,LOU,KY,ASO,CE,Towers with Radar,0,0,35,0,35,0,7,175,3,185,0,7,210,3,220,132,0,132,352
10/14/2017,LOU,KY,ASO,CE,Towers with Radar,0,0,21,0,21,0,15,171,2,188,0,15,192,2,209,114,0,114,323
10/15/2017,LOU,KY,ASO,CE,Towers with Radar,0,0,18,0,18,0,2,55,0,57,0,2,73,0,75,98,0,98,173
10/16/2017,LOU,KY,ASO,CE,Towers with Radar,0,2,33,0,35,0,8,129,0,137,0,10,162,0,172,150,0,150,322
10/17/2017,LOU,KY,ASO,CE,Towers with Radar,0,0,23,0,23,0,9,122,0,131,0,9,145,0,154,154,0,154,308
10/18/2017,LOU,KY,ASO,CE,Towers with Radar,0,0,30,0,30,0,10,172,2,184,0,10,202,2,214,264,0,264,478
10/19/2017,LOU,KY,ASO,CE,Towers with Radar,0,2,40,0,42,0,11,169,0,180,0,13,209,0,222,164,0,164,386
10/20/2017,LOU,KY,ASO,CE,Towers with Radar,0,2,34,0,36,0,4,137,0,141,0,6,171,0,177,174,0,174,351
10/21/2017,LOU,KY,ASO,CE,Towers with Radar,0,0,22,0,22,0,6,219,8,233,0,6,241,8,255,122,0,122,377
10/22/2017,LOU,KY,ASO,CE,Towers with Radar,0,0,17,0,17,0,7,107,0,114,0,7,124,0,131,110,0,110,241
10/23/2017,LOU,KY,ASO,CE,Towers with Radar,0,2,24,0,26,0,0,9,0,9,0,2,33,0,35,2,0,2,37
10/24/2017,LOU,KY,ASO,CE,Towers with Radar,0,3,11,0,14,0,4,51,0,55,0,7,62,0,69,76,0,76,145
10/25/2017,LOU,KY,ASO,CE,Towers with Radar,0,2,31,0,33,0,7,109,0,116,0,9,140,0,149,234,0,234,383
10/26/2017,LOU,KY,ASO,CE,Towers with Radar,0,1,18,0,19,0,8,134,0,142,0,9,152,0,161,180,0,180,341
10/27/2017,LOU,KY,ASO,CE,Towers with Radar,0,0,28,0,28,0,2,66,0,68,0,2,94,0,96,92,0,92,188
10/28/2017,LOU,KY,ASO,CE,Towers with Radar,0,0,20,0,20,0,2,68,0,70,0,2,88,0,90,226,0,226,316
10/29/2017,LOU,KY,ASO,CE,Towers with Radar,0,1,12,0,13,0,8,106,0,114,0,9,118,0,127,148,0,148,275
10/30/2017,LOU,KY,ASO,CE,Towers with Radar,0,2,17,0,19,0,3,76,1,80,0,5,93,1,99,150,6,156,255
10/31/2017,LOU,KY,ASO,CE,Towers with Radar,0,1,22,0,23,0,8,112,0,120,0,9,134,0,143,164,0,164,307
11/01/2017,LOU,KY,ASO,CE,Towers with Radar,0,2,27,0,29,0,0,5,1,6,0,2,32,1,35,2,2,4,39
11/02/2017,LOU,KY,ASO,CE,Towers with Radar,0,2,20,0,22,0,2,58,0,60,0,4,78,0,82,90,0,90,172
11/03/2017,LOU,KY,ASO,CE,Towers with Radar,0,3,16,0,19,0,0,0,0,0,0,3,16,0,19,0,0,0,19
11/04/2017,LOU,KY,ASO,CE,Towers with Radar,0,0,23,0,23,0,0,7,0,7,0,0,30,0,30,4,0,4,34
11/05/2017,LOU,KY,ASO,CE,Towers with Radar,0,1,13,0,14,0,2,20,0,22,0,3,33,0,36,30,0,30,66
11/06/2017,LOU,KY,ASO,CE,Towers with Radar,0,2,20,4,26,0,2,37,0,39,0,4,57,4,65,92,0,92,157
11/07/2017,LOU,KY,ASO,CE,Towers with Radar,0,4,13,0,17,0,0,19,0,19,0,4,32,0,36,38,0,38,74
11/08/2017,LOU,KY,ASO,CE,Towers with Radar,0,0,22,2,24,0,10,141,1,152,0,10,163,3,176,158,0,158,334
11/09/2017,LOU,KY,ASO,CE,Towers with Radar,0,0,31,2,33,0,0,147,0,147,0,0,178,2,180,242,0,242,422
11/10/2017,LOU,KY,ASO,CE,Towers with Radar,0,0,23,0,23,0,2,107,0,109,0,2,130,0,132,104,0,104,236
11/11/2017,LOU,KY,ASO,CE,Towers with Radar,0,0,24,0,24,0,12,158,0,170,0,12,182,0,194,154,0,154,348
11/12/2017,LOU,KY,ASO,CE,Towers with Radar,0,0,24,0,24,0,2,37,0,39,0,2,61,0,63,74,0,74,137
11/13/2017,LOU,KY,ASO,CE,Towers with Radar,0,0,28,0,28,0,4,61,0,65,0,4,89,0,93,250,0,250,343
11/14/2017,LOU,KY,ASO,CE,Towers with Radar,0,4,24,0,28,0,9,149,0,158,0,13,173,0,186,166,0,166,352
11/15/2017,LOU,KY,ASO,CE,Towers with Radar,0,3,17,0,20,0,1,16,0,17,0,4,33,0,37,42,0,42,79
11/16/2017,LOU,KY,ASO,CE,Towers with Radar,0,0,27,0,27,0,3,33,0,36,0,3,60,0,63,30,0,30,93
11/17/2017,LOU,KY,ASO,CE,Towers with Radar,0,0,20,0,20,0,1,103,0,104,0,1,123,0,124,182,0,182,306
11/18/2017,LOU,KY,ASO,CE,Towers with Radar,0,0,7,0,7,0,0,1,0,1,0,0,8,0,8,0,0,0,8
11/19/2017,LOU,KY,ASO,CE,Towers with Radar,0,0,12,0,12,0,3,68,0,71,0,3,80,0,83,126,0,126,209
11/20/2017,LOU,KY,ASO,CE,Towers with Radar,0,0,16,0,16,0,9,97,1,107,0,9,113,1,123,184,0,184,307
11/21/2017,LOU,KY,ASO,CE,Towers with Radar,0,2,27,0,29,0,5,81,5,91,0,7,108,5,120,80,0,80,200
11/22/2017,LOU,KY,ASO,CE,Towers with Radar,0,0,21,0,21,0,7,151,1,159,0,7,172,1,180,184,0,184,364
11/23/2017,LOU,KY,ASO,CE,Towers with Radar,0,0,13,0,13,0,2,51,0,53,0,2,64,0,66,20,0,20,86
11/24/2017,LOU,KY,ASO,CE,Towers with Radar,0,0,18,0,18,0,1,130,0,131,0,1,148,0,149,76,0,76,225
11/25/2017,LOU,KY,ASO,CE,Towers with Radar,0,4,21,0,25,0,2,79,0,81,0,6,100,0,106,128,0,128,234
11/26/2017,LOU,KY,ASO,CE,Towers with Radar,0,0,34,0,34,0,2,126,0,128,0,2,160,0,162,104,0,104,266
11/27/2017,LOU,KY,ASO,CE,Towers with Radar,0,3,24,0,27,0,1,106,0,107,0,4,130,0,134,158,0,158,292
11/28/2017,LOU,KY,ASO,CE,Towers with Radar,0,1,22,0,23,0,2,91,0,93,0,3,113,0,116,68,0,68,184
11/29/2017,LOU,KY,ASO,CE,Towers with Radar,0,0,16,0,16,0,3,159,0,162,0,3,175,0,178,194,0,194,372
11/30/2017,LOU,KY,ASO,CE,Towers with Radar,0,0,9,0,9,0,9,45,0,54,0,9,54,0,63,100,0,100,163
12/01/2017,LOU,KY,ASO,CE,Towers with Radar,0,0,22,0,22,0,5,116,0,121,0,5,138,0,143,174,0,174,317
12/02/2017,LOU,KY,ASO,CE,Towers with Radar,0,2,13,0,15,0,6,145,0,151,0,8,158,0,166,192,0,192,358
12/03/2017,LOU,KY,ASO,CE,Towers with Radar,0,2,28,0,30,0,8,184,0,192,0,10,212,0,222,148,0,148,370
12/04/2017,LOU,KY,ASO,CE,Towers with Radar,0,0,8,0,8,0,1,65,0,66,0,1,73,0,74,58,0,58,132
12/05/2017,LOU,KY,ASO,CE,Towers with Radar,0,0,12,0,12,0,0,35,0,35,0,0,47,0,47,50,0,50,97
12/06/2017,LOU,KY,ASO,CE,Towers with Radar,0,3,26,0,29,0,8,88,2,98,0,11,114,2,127,146,0,146,273
12/07/2017,LOU,KY,ASO,CE,Towers with Radar,0,2,13,0,15,0,5,83,0,88,0,7,96,0,103,110,0,110,213
12/08/2017,LOU,KY,ASO,CE,Towers with Radar,0,5,18,0,23,0,1,116,0,117,0,6,134,0,140,170,0,170,310
12/09/2017,LOU,KY,ASO,CE,Towers with Radar,0,1,7,0,8,0,3,26,0,29,0,4,33,0,37,158,0,158,195
12/10/2017,LOU,KY,ASO,CE,Towers with Radar,0,1,14,0,15,0,4,108,0,112,0,5,122,0,127,94,0,94,221
12/11/2017,LOU,KY,ASO,CE,Towers with Radar,0,1,23,0,24,0,6,92,0,98,0,7,115,0,122,158,0,158,280
12/12/2017,LOU,KY,ASO,CE,Towers with Radar,0,2,14,0,16,0,1,55,0,56,0,3,69,0,72,53,0,53,125
12/13/2017,LOU,KY,ASO,CE,Towers with Radar,0,3,14,0,17,0,3,43,0,46,0,6,57,0,63,48,0,48,111
12/14/2017,LOU,KY,ASO,CE,Towers with Radar,0,3,26,1,30,0,9,100,1,110,0,12,126,2,140,194,2,196,336
12/15/2017,LOU,KY,ASO,CE,Towers with Radar,0,3,19,0,22,0,1,84,0,85,0,4,103,0,107,76,0,76,183
12/16/2017,LOU,KY,ASO,CE,Towers with Radar,0,2,14,0,16,0,2,114,0,116,0,4,128,0,132,180,0,180,312
12/17/2017,LOU,KY,ASO,CE,Towers with Radar,0,1,7,0,8,0,5,44,0,49,0,6,51,0,57,90,0,90,147
12/18/2017,LOU,KY,ASO,CE,Towers with Radar,0,0,15,0,15,0,0,1,0,1,0,0,16,0,16,0,0,0,16
12/19/2017,LOU,KY,ASO,CE,Towers with Radar,0,0,24,2,26,0,0,48,0,48,0,0,72,2,74,220,0,220,294
12/20/2017,LOU,KY,ASO,CE,Towers with Radar,0,3,26,0,29,0,4,125,2,131,0,7,151,2,160,214,0,214,374
12/21/2017,LOU,KY,ASO,CE,Towers with Radar,0,0,23,0,23,0,0,138,1,139,0,0,161,1,162,224,8,232,394
12/22/2017,LOU,KY,ASO,CE,Towers with Radar,0,0,21,0,21,0,0,4,0,4,0,0,25,0,25,0,0,0,25
12/23/2017,LOU,KY,ASO,CE,Towers with Radar,0,0,6,0,6,0,7,3,0,10,0,7,9,0,16,26,0,26,42
12/24/2017,LOU,KY,ASO,CE,Towers with Radar,0,0,3,0,3,0,0,7,0,7,0,0,10,0,10,8,0,8,18
12/25/2017,LOU,KY,ASO,CE,Towers with Radar,0,0,5,0,5,0,0,6,0,6,0,0,11,0,11,0,0,0,11
12/26/2017,LOU,KY,ASO,CE,Towers with Radar,0,2,17,0,19,0,5,119,0,124,0,7,136,0,143,174,0,174,317
12/27/2017,LOU,KY,ASO,CE,Towers with Radar,0,0,23,0,23,0,10,111,0,121,0,10,134,0,144,86,0,86,230
12/28/2017,LOU,KY,ASO,CE,Towers with Radar,0,0,16,0,16,0,2,90,0,92,0,2,106,0,108,172,0,172,280
12/29/2017,LOU,KY,ASO,CE,Towers with Radar,0,2,9,0,11,0,2,100,0,102,0,4,109,0,113,146,0,146,259
12/30/2017,LOU,KY,ASO,CE,Towers with Radar,0,0,6,0,6,0,1,17,0,18,0,1,23,0,24,84,0,84,108
12/31/2017,LOU,KY,ASO,CE,Towers with Radar,0,0,10,0,10,0,2,61,0,63,0,2,71,0,73,102,0,102,175
01/01/2018,LOU,KY,ASO,CE,Towers with Radar,0,0,13,0,13,0,0,55,0,55,0,0,68,0,68,50,0,50,118
01/02/2018,LOU,KY,ASO,CE,Towers with Radar,0,1,15,0,16,0,6,90,0,96,0,7,105,0,112,78,0,78,190
01/03/2018,LOU,KY,ASO,CE,Towers with Radar,0,2,21,0,23,0,4,74,0,78,0,6,95,0,101,102,0,102,203
01/04/2018,LOU,KY,ASO,CE,Towers with Radar,0,0,13,0,13,0,1,59,1,61,0,1,72,1,74,96,0,96,170
01/05/2018,LOU,KY,ASO,CE,Towers with Radar,0,0,13,0,13,0,4,72,0,76,0,4,85,0,89,106,0,106,195
01/06/2018,LOU,KY,ASO,CE,Towers with Radar,0,0,23,0,23,0,8,98,0,106,0,8,121,0,129,198,0,198,327
01/07/2018,LOU,KY,ASO,CE,Towers with Radar,0,0,2,0,2,0,6,89,0,95,0,6,91,0,97,64,0,64,161
01/08/2018,LOU,KY,ASO,CE,Towers with Radar,0,0,1,0,1,0,0,0,0,0,0,0,1,0,1,0,0,0,1
01/09/2018,LOU,KY,ASO,CE,Towers with Radar,0,1,17,0,18,0,0,0,0,0,0,1,17,0,18,0,0,0,18
01/10/2018,LOU,KY,ASO,CE,Towers with Radar,0,1,27,0,28,0,12,68,0,80,0,13,95,0,108,48,0,48,156
01/11/2018,LOU,KY,ASO,CE,Towers with Radar,0,2,20,0,22,0,6,7,0,13,0,8,27,0,35,8,0,8,43
01/12/2018,LOU,KY,ASO,CE,Towers with Radar,0,0,0,0,0,0,0,0,0,0,0,0,0,0,0,0,0,0,0
01/13/2018,LOU,KY,ASO,CE,Towers with Radar,0,0,5,0,5,0,2,38,0,40,0,2,43,0,45,56,0,56,101
01/14/2018,LOU,KY,ASO,CE,Towers with Radar,0,0,12,0,12,0,1,111,0,112,0,1,123,0,124,86,0,86,210
01/15/2018,LOU,KY,ASO,CE,Towers with Radar,0,1,6,0,7,0,0,5,0,5,0,1,11,0,12,78,0,78,90
01/16/2018,LOU,KY,ASO,CE,Towers with Radar,0,1,16,0,17,0,3,39,0,42,0,4,55,0,59,94,0,94,153
01/17/2018,LOU,KY,ASO,CE,Towers with Radar,0,0,9,0,9,0,6,40,0,46,0,6,49,0,55,92,0,92,147
01/18/2018,LOU,KY,ASO,CE,Towers with Radar,0,2,12,2,16,0,3,86,1,90,0,5,98,3,106,126,2,128,234
01/19/2018,LOU,KY,ASO,CE,Towers with Radar,0,0,19,0,19,0,6,126,1,133,0,6,145,1,152,42,4,46,198
01/20/2018,LOU,KY,ASO,CE,Towers with Radar,0,0,20,0,20,0,3,125,1,129,0,3,145,1,149,152,0,152,301
01/21/2018,LOU,KY,ASO,CE,Towers with Radar,0,0,13,0,13,0,0,40,0,40,0,0,53,0,53,142,0,142,195
01/22/2018,LOU,KY,ASO,CE,Towers with Radar,0,2,4,0,6,0,2,10,0,12,0,4,14,0,18,58,0,58,76
01/23/2018,LOU,KY,ASO,CE,Towers with Radar,0,0,15,0,15,0,5,41,0,46,0,5,56,0,61,86,0,86,147
01/24/2018,LOU,KY,ASO,CE,Towers with Radar,0,1,9,0,10,0,6,69,2,77,0,7,78,2,87,130,0,130,217
01/25/2018,LOU,KY,ASO,CE,Towers with Radar,0,3,29,0,32,0,6,145,0,151,0,9,174,0,183,180,0,180,363
01/26/2018,LOU,KY,ASO,CE,Towers with Radar,0,0,14,0,14,0,2,122,0,124,0,2,136,0,138,90,0,90,228
01/27/2018,LOU,KY,ASO,CE,Towers with Radar,0,0,13,0,13,0,0,8,0,8,0,0,21,0,21,2,0,2,23
01/28/2018,LOU,KY,ASO,CE,Towers with Radar,0,0,13,0,13,0,2,128,0,130,0,2,141,0,143,106,0,106,249
01/29/2018,LOU,KY,ASO,CE,Towers with Radar,0,3,6,0,9,0,4,38,0,42,0,7,44,0,51,106,0,106,157
01/30/2018,LOU,KY,ASO,CE,Towers with Radar,0,1,16,2,19,0,8,132,0,140,0,9,148,2,159,148,0,148,307
01/31/2018,LOU,KY,ASO,CE,Towers with Radar,0,0,11,0,11,0,7,67,0,74,0,7,78,0,85,28,0,28,113
02/01/2018,LOU,KY,ASO,CE,Towers with Radar,0,1,10,0,11,0,1,28,0,29,0,2,38,0,40,34,0,34,74
02/02/2018,LOU,KY,ASO,CE,Towers with Radar,0,1,23,1,25,0,6,122,1,129,0,7,145,2,154,84,0,84,238
02/03/2018,LOU,KY,ASO,CE,Towers with Radar,0,0,6,0,6,0,3,108,3,114,0,3,114,3,120,104,0,104,224
02/04/2018,LOU,KY,ASO,CE,Towers with Radar,0,1,8,0,9,0,1,5,0,6,0,2,13,0,15,24,0,24,39
02/05/2018,LOU,KY,ASO,CE,Towers with Radar,0,2,13,0,15,0,3,92,0,95,0,5,105,0,110,142,0,142,252
02/06/2018,LOU,KY,ASO,CE,Towers with Radar,0,1,6,0,7,0,6,81,2,89,0,7,87,2,96,158,4,162,258
02/07/2018,LOU,KY,ASO,CE,Towers with Radar,0,0,7,0,7,0,3,26,0,29,0,3,33,0,36,102,0,102,138
02/08/2018,LOU,KY,ASO,CE,Towers with Radar,0,0,28,0,28,0,4,149,0,153,0,4,177,0,181,208,0,208,389
02/09/2018,LOU,KY,ASO,CE,Towers with Radar,0,1,14,0,15,0,6,157,0,163,0,7,171,0,178,210,0,210,388
02/10/2018,LOU,KY,ASO,CE,Towers with Radar,0,0,4,0,4,0,0,0,0,0,0,0,4,0,4,0,0,0,4
02/11/2018,LOU,KY,ASO,CE,Towers with Radar,0,1,8,0,9,0,0,1,0,1,0,1,9,0,10,2,0,2,12
02/12/2018,LOU,KY,ASO,CE,Towers with Radar,0,1,9,0,10,0,2,125,0,127,0,3,134,0,137,192,0,192,329
02/13/2018,LOU,KY,ASO,CE,Towers with Radar,0,1,23,1,25,0,7,104,4,115,0,8,127,5,140,192,2,194,334
02/14/2018,LOU,KY,ASO,CE,Towers with Radar,0,0,18,0,18,0,0,0,0,0,0,0,18,0,18,0,0,0,18
02/15/2018,LOU,KY,ASO,CE,Towers with Radar,0,0,32,0,32,0,2,23,0,25,0,2,55,0,57,72,0,72,129
02/16/2018,LOU,KY,ASO,CE,Towers with Radar,0,0,12,0,12,0,3,24,0,27,0,3,36,0,39,94,0,94,133
02/17/2018,LOU,KY,ASO,CE,Towers with Radar,0,0,4,0,4,0,0,12,0,12,0,0,16,0,16,82,0,82,98
02/18/2018,LOU,KY,ASO,CE,Towers with Radar,0,0,15,0,15,0,2,212,0,214,0,2,227,0,229,172,0,172,401
02/19/2018,LOU,KY,ASO,CE,Towers with Radar,0,2,13,0,15,0,1,25,0,26,0,3,38,0,41,4,0,4,45
02/20/2018,LOU,KY,ASO,CE,Towers with Radar,0,0,13,0,13,0,1,48,0,49,0,1,61,0,62,24,0,24,86
02/21/2018,LOU,KY,ASO,CE,Towers with Radar,0,0,6,3,9,0,1,2,0,3,0,1,8,3,12,0,0,0,12
02/22/2018,LOU,KY,ASO,CE,Towers with Radar,0,3,27,0,30,0,0,9,0,9,0,3,36,0,39,0,0,0,39
02/23/2018,LOU,KY,ASO,CE,Towers with Radar,0,3,5,0,8,0,0,22,0,22,0,3,27,0,30,52,0,52,82
02/24/2018,LOU,KY,ASO,CE,Towers with Radar,0,0,7,0,7,0,2,5,0,7,0,2,12,0,14,14,0,14,28
02/25/2018,LOU,KY,ASO,CE,Towers with Radar,0,6,13,0,19,0,6,171,0,177,0,12,184,0,196,208,0,208,404
02/26/2018,LOU,KY,ASO,CE,Towers with Radar,0,1,28,0,29,0,4,224,0,228,0,5,252,0,257,224,0,224,481
02/27/2018,LOU,KY,ASO,CE,Towers with Radar,0,0,29,0,29,0,7,215,0,222,0,7,244,0,251,206,0,206,457
02/28/2018,LOU,KY,ASO,CE,Towers with Radar,0,2,28,0,30,0,1,6,4,11,0,3,34,4,41,8,0,8,49
03/01/2018,LOU,KY,ASO,CE,Towers with Radar,0,1,20,0,21,0,0,5,0,5,0,1,25,0,26,2,0,2,28
03/02/2018,LOU,KY,ASO,CE,Towers with Radar,0,4,15,0,19,0,1,163,2,166,0,5,178,2,185,122,0,122,307
03/03/2018,LOU,KY,ASO,CE,Towers with Radar,0,0,21,0,21,0,2,181,2,185,0,2,202,2,206,286,0,286,492
03/04/2018,LOU,KY,ASO,CE,Towers with Radar,0,1,20,0,21,0,2,145,0,147,0,3,165,0,168,180,0,180,348
03/05/2018,LOU,KY,ASO,CE,Towers with Radar,0,1,18,0,19,0,1,86,0,87,0,2,104,0,106,160,4,164,270
03/06/2018,LOU,KY,ASO,CE,Towers with Radar,0,0,17,0,17,0,0,66,1,67,0,0,83,1,84,36,0,36,120
03/07/2018,LOU,KY,ASO,CE,Towers with Radar,0,3,17,0,20,0,4,37,0,41,0,7,54,0,61,40,0,40,101
03/08/2018,LOU,KY,ASO,CE,Towers with Radar,0,1,14,0,15,0,0,11,0,11,0,1,25,0,26,0,0,0,26
03/09/2018,LOU,KY,ASO,CE,Towers with Radar,0,3,15,0,18,0,3,109,0,112,0,6,124,0,130,216,0,216,346
03/10/2018,LOU,KY,ASO,CE,Towers with Radar,0,1,15,0,16,0,0,57,0,57,0,1,72,0,73,178,0,178,251
03/11/2018,LOU,KY,ASO,CE,Towers with Radar,0,1,14,0,15,0,6,82,0,88,0,7,96,0,103,160,0,160,263
03/12/2018,LOU,KY,ASO,CE,Towers with Radar,0,2,11,0,13,0,11,92,0,103,0,13,103,0,116,110,0,110,226
03/13/2018,LOU,KY,ASO,CE,Towers with Radar,0,0,13,0,13,0,23,73,0,96,0,23,86,0,109,112,0,112,221
03/14/2018,LOU,KY,ASO,CE,Towers with Radar,0,2,28,0,30,0,15,123,2,140,0,17,151,2,170,170,0,170,340
03/15/2018,LOU,KY,ASO,CE,Towers with Radar,0,1,23,0,24,0,8,111,0,119,0,9,134,0,143,154,0,154,297
03/16/2018,LOU,KY,ASO,CE,Towers with Radar,0,0,18,0,18,0,0,113,0,113,0,0,131,0,131,172,0,172,303
03/17/2018,LOU,KY,ASO,CE,Towers with Radar,0,0,9,0,9,0,0,30,0,30,0,0,39,0,39,148,0,148,187
03/18/2018,LOU,KY,ASO,CE,Towers with Radar,0,1,27,0,28,0,1,160,0,161,0,2,187,0,189,174,0,174,363
03/19/2018,LOU,KY,ASO,CE,Towers with Radar,0,1,6,0,7,0,8,94,0,102,0,9,100,0,109,142,0,142,251
03/20/2018,LOU,KY,ASO,CE,Towers with Radar,0,0,10,0,10,0,0,15,0,15,0,0,25,0,25,4,0,4,29
03/21/2018,LOU,KY,ASO,CE,Towers with Radar,0,2,6,0,8,0,1,23,0,24,0,3,29,0,32,24,0,24,56
03/22/2018,LOU,KY,ASO,CE,Towers with Radar,0,1,24,0,25,0,7,125,0,132,0,8,149,0,157,140,0,140,297
03/23/2018,LOU,KY,ASO,CE,Towers with Radar,0,2,43,0,45,0,2,135,0,137,0,4,178,0,182,148,0,148,330
03/24/2018,LOU,KY,ASO,CE,Towers with Radar,0,0,8,0,8,0,0,2,0,2,0,0,10,0,10,0,0,0,10
03/25/2018,LOU,KY,ASO,CE,Towers with Radar,0,1,18,0,19,0,5,60,2,67,0,6,78,2,86,70,0,70,156
03/26/2018,LOU,KY,ASO,CE,Towers with Radar,0,1,16,0,17,0,10,61,1,72,0,11,77,1,89,66,0,66,155
03/27/2018,LOU,KY,ASO,CE,Towers with Radar,0,0,17,2,19,0,1,20,1,22,0,1,37,3,41,44,0,44,85
03/28/2018,LOU,KY,ASO,CE,Towers with Radar,0,5,16,0,21,0,0,2,0,2,0,5,18,0,23,0,0,0,23
03/29/2018,LOU,KY,ASO,CE,Towers with Radar,0,1,16,0,17,0,0,1,0,1,0,1,17,0,18,16,0,16,34
03/30/2018,LOU,KY,ASO,CE,Towers with Radar,0,1,25,0,26,0,0,66,0,66,0,1,91,0,92,106,0,106,198
03/31/2018,LOU,KY,ASO,CE,Towers with Radar,0,1,17,0,18,0,2,114,0,116,0,3,131,0,134,100,0,100,234
04/01/2018,LOU,KY,ASO,CE,Towers with Radar,0,3,12,0,15,0,2,43,0,45,0,5,55,0,60,70,0,70,130
04/02/2018,LOU,KY,ASO,CE,Towers with Radar,0,1,24,0,25,0,1,44,0,45,0,2,68,0,70,130,0,130,200
04/03/2018,LOU,KY,ASO,CE,Towers with Radar,0,0,8,0,8,0,3,11,0,14,0,3,19,0,22,2,0,2,24
04/04/2018,LOU,KY,ASO,CE,Towers with Radar,0,0,13,0,13,0,1,59,0,60,0,1,72,0,73,86,0,86,159
04/05/2018,LOU,KY,ASO,CE,Towers with Radar,0,0,30,2,32,0,4,147,0,151,0,4,177,2,183,218,0,218,401
04/06/2018,LOU,KY,ASO,CE,Towers with Radar,0,4,19,0,23,0,5,85,0,90,0,9,104,0,113,140,0,140,253
04/07/2018,LOU,KY,ASO,CE,Towers with Radar,0,0,6,0,6,0,2,74,0,76,0,2,80,0,82,114,0,114,196
04/08/2018,LOU,KY,ASO,CE,Towers with Radar,0,1,20,0,21,0,3,158,0,161,0,4,178,0,182,100,0,100,282
04/09/2018,LOU,KY,ASO,CE,Towers with Radar,0,1,11,0,12,0,4,56,2,62,0,5,67,2,74,104,0,104,178
04/10/2018,LOU,KY,ASO,CE,Towers with Radar,0,1,29,0,30,0,4,100,0,104,0,5,129,0,134,200,0,200,334
04/11/2018,LOU,KY,ASO,CE,Towers with Radar,0,2,21,0,23,0,5,132,0,137,0,7,153,0,160,104,0,104,264
04/12/2018,LOU,KY,ASO,CE,Towers with Radar,0,1,20,0,21,0,1,25,0,26,0,2,45,0,47,11,0,11,58
04/13/2018,LOU,KY,ASO,CE,Towers with Radar,0,0,16,0,16,0,4,26,0,30,0,4,42,0,46,12,0,12,58
04/14/2018,LOU,KY,ASO,CE,Towers with Radar,0,0,3,0,3,0,0,9,0,9,0,0,12,0,12,8,0,8,20
04/15/2018,LOU,KY,ASO,CE,Towers with Radar,0,1,14,0,15,0,0,11,1,12,0,1,25,1,27,52,0,52,79
04/16/2018,LOU,KY,ASO,CE,Towers with Radar,0,0,8,0,8,0,8,4,2,14,0,8,12,2,22,0,0,0,22
04/17/2018,LOU,KY,ASO,CE,Towers with Radar,0,1,19,0,20,0,12,125,0,137,0,13,144,0,157,184,0,184,341
04/18/2018,LOU,KY,ASO,CE,Towers with Radar,0,0,12,0,12,0,3,111,5,119,0,3,123,5,131,66,0,66,197
04/19/2018,LOU,KY,ASO,CE,Towers with Radar,0,1,15,0,16,0,1,82,5,88,0,2,97,5,104,138,0,138,242
04/20/2018,LOU,KY,ASO,CE,Towers with Radar,0,1,28,0,29,0,5,176,2,183,0,6,204,2,212,148,18,166,378
04/21/2018,LOU,KY,ASO,CE,Towers with Radar,0,1,23,0,24,0,17,172,4,193,0,18,195,4,217,70,0,70,287
04/22/2018,LOU,KY,ASO,CE,Towers with Radar,0,4,28,0,32,0,4,144,1,149,0,8,172,1,181,156,2,158,339
04/23/2018,LOU,KY,ASO,CE,Towers with Radar,0,2,13,0,15,0,1,26,0,27,0,3,39,0,42,64,0,64,106
04/24/2018,LOU,KY,ASO,CE,Towers with Radar,0,0,22,0,22,0,0,0,0,0,0,0,22,0,22,0,0,0,22
04/25/2018,LOU,KY,ASO,CE,Towers with Radar,0,2,28,0,30,0,10,78,0,88,0,12,106,0,118,164,0,164,282
04/26/2018,LOU,KY,ASO,CE,Towers with Radar,0,1,24,0,25,0,13,170,0,183,0,14,194,0,208,212,0,212,420
04/27/2018,LOU,KY,ASO,CE,Towers with Radar,0,0,42,0,42,0,7,163,2,172,0,7,205,2,214,90,0,90,304
04/28/2018,LOU,KY,ASO,CE,Towers with Radar,0,2,23,0,25,0,7,141,0,148,0,9,164,0,173,74,0,74,247
04/29/2018,LOU,KY,ASO,CE,Towers with Radar,0,1,15,0,16,0,10,206,0,216,0,11,221,0,232,248,0,248,480
04/30/2018,LOU,KY,ASO,CE,Towers with Radar,0,2,32,0,34,0,1,159,2,162,0,3,191,2,196,216,0,216,412
05/01/2018,LOU,KY,ASO,CE,Towers with Radar,0,1,17,5,23,0,3,103,3,109,0,4,120,8,132,102,4,106,238
05/02/2018,LOU,KY,ASO,CE,Towers with Radar,0,2,29,0,31,0,0,96,0,96,0,2,125,0,127,62,0,62,189
05/03/2018,LOU,KY,ASO,CE,Towers with Radar,0,20,48,0,68,0,5,83,4,92,0,25,131,4,160,144,0,144,304
05/04/2018,LOU,KY,ASO,CE,Towers with Radar,0,8,49,0,57,0,9,66,6,81,0,17,115,6,138,26,0,26,164
05/05/2018,LOU,KY,ASO,CE,Towers with Radar,0,9,53,2,64,0,0,4,0,4,0,9,57,2,68,0,0,0,68
05/06/2018,LOU,KY,ASO,CE,Towers with Radar,0,21,89,0,110,0,2,95,0,97,0,23,184,0,207,50,0,50,257
05/07/2018,LOU,KY,ASO,CE,Towers with Radar,0,1,14,0,15,0,9,140,0,149,0,10,154,0,164,262,0,262,426
05/08/2018,LOU,KY,ASO,CE,Towers with Radar,0,1,21,0,22,0,12,135,0,147,0,13,156,0,169,204,0,204,373
05/09/2018,LOU,KY,ASO,CE,Towers with Radar,0,1,22,0,23,0,1,121,0,122,0,2,143,0,145,82,0,82,227
05/10/2018,LOU,KY,ASO,CE,Towers with Radar,0,1,30,1,32,0,4,139,1,144,0,5,169,2,176,132,0,132,308
05/11/2018,LOU,KY,ASO,CE,Towers with Radar,0,0,33,0,33,0,1,124,0,125,0,1,157,0,158,150,0,150,308
05/12/2018,LOU,KY,ASO,CE,Towers with Radar,0,0,16,0,16,0,5,204,0,209,0,5,220,0,225,228,0,228,453
05/13/2018,LOU,KY,ASO,CE,Towers with Radar,0,1,12,0,13,0,5,117,0,122,0,6,129,0,135,208,0,208,343
05/14/2018,LOU,KY,ASO,CE,Towers with Radar,0,1,16,0,17,0,3,176,0,179,0,4,192,0,196,274,0,274,470
05/15/2018,LOU,KY,ASO,CE,Towers with Radar,0,0,19,0,19,0,8,155,0,163,0,8,174,0,182,266,0,266,448
05/16/2018,LOU,KY,ASO,CE,Towers with Radar,0,1,17,0,18,0,3,81,0,84,0,4,98,0,102,192,0,192,294
05/17/2018,LOU,KY,ASO,CE,Towers with Radar,0,2,15,1,18,0,2,44,0,46,0,4,59,1,64,56,0,56,120
05/18/2018,LOU,KY,ASO,CE,Towers with Radar,0,1,22,0,23,0,0,47,0,47,0,1,69,0,70,136,0,136,206
05/19/2018,LOU,KY,ASO,CE,Towers with Radar,0,1,27,0,28,0,10,69,2,81,0,11,96,2,109,202,0,202,311
05/20/2018,LOU,KY,ASO,CE,Towers with Radar,0,2,22,0,24,0,5,168,0,173,0,7,190,0,197,186,0,186,383
05/21/2018,LOU,KY,ASO,CE,Towers with Radar,0,1,20,0,21,0,5,112,1,118,0,6,132,1,139,193,4,197,336
05/22/2018,LOU,KY,ASO,CE,Towers with Radar,0,0,23,3,26,0,1,63,2,66,0,1,86,5,92,240,0,240,332
05/23/2018,LOU,KY,ASO,CE,Towers with Radar,0,0,35,0,35,0,5,155,3,163,0,5,190,3,198,270,0,270,468
05/24/2018,LOU,KY,ASO,CE,Towers with Radar,0,2,22,0,24,0,0,191,0,191,0,2,213,0,215,280,0,280,495
05/25/2018,LOU,KY,ASO,CE,Towers with Radar,0,0,42,0,42,0,5,162,0,167,0,5,204,0,209,194,0,194,403
05/26/2018,LOU,KY,ASO,CE,Towers with Radar,0,2,23,0,25,1,10,95,0,106,1,12,118,0,131,134,0,134,265
05/27/2018,LOU,KY,ASO,CE,Towers with Radar,0,0,9,0,9,0,8,86,0,94,0,8,95,0,103,178,0,178,281
05/28/2018,LOU,KY,ASO,CE,Towers with Radar,0,3,21,0,24,0,0,93,0,93,0,3,114,0,117,90,0,90,207
05/29/2018,LOU,KY,ASO,CE,Towers with Radar,0,1,15,0,16,0,1,89,0,90,0,2,104,0,106,158,0,158,264
05/30/2018,LOU,KY,ASO,CE,Towers with Radar,0,0,16,0,16,0,3,10,0,13,0,3,26,0,29,78,0,78,107
05/31/2018,LOU,KY,ASO,CE,Towers with Radar,0,0,10,0,10,0,0,41,0,41,0,0,51,0,51,82,0,82,133
06/01/2018,LOU,KY,ASO,CE,Towers with Radar,0,0,27,0,27,0,1,75,0,76,0,1,102,0,103,176,0,176,279
06/02/2018,LOU,KY,ASO,CE,Towers with Radar,0,0,20,0,20,0,2,132,0,134,0,2,152,0,154,126,0,126,280
06/03/2018,LOU,KY,ASO,CE,Towers with Radar,0,1,24,0,25,0,5,123,0,128,0,6,147,0,153,92,0,92,245
06/04/2018,LOU,KY,ASO,CE,Towers with Radar,0,1,23,0,24,0,4,195,0,199,0,5,218,0,223,214,0,214,437
06/05/2018,LOU,KY,ASO,CE,Towers with Radar,0,0,28,0,28,0,13,173,1,187,0,13,201,1,215,342,0,342,557
06/06/2018,LOU,KY,ASO,CE,Towers with Radar,0,1,30,0,31,0,4,162,0,166,0,5,192,0,197,266,0,266,463
06/07/2018,LOU,KY,ASO,CE,Towers with Radar,0,1,27,0,28,0,6,181,5,192,0,7,208,5,220,180,0,180,400
06/08/2018,LOU,KY,ASO,CE,Towers with Radar,0,0,18,0,18,0,8,157,1,166,0,8,175,1,184,216,4,220,404
06/09/2018,LOU,KY,ASO,CE,Towers with Radar,0,0,14,0,14,0,10,159,0,169,0,10,173,0,183,172,0,172,355
06/10/2018,LOU,KY,ASO,CE,Towers with Radar,0,0,19,0,19,0,9,82,0,91,0,9,101,0,110,150,0,150,260
06/11/2018,LOU,KY,ASO,CE,Towers with Radar,0,4,8,0,12,0,0,80,0,80,0,4,88,0,92,234,0,234,326
06/12/2018,LOU,KY,ASO,CE,Towers with Radar,0,3,11,0,14,0,6,42,0,48,0,9,53,0,62,138,0,138,200
06/13/2018,LOU,KY,ASO,CE,Towers with Radar,0,2,35,1,38,0,6,68,4,78,0,8,103,5,116,296,0,296,412
06/14/2018,LOU,KY,ASO,CE,Towers with Radar,0,1,21,0,22,0,6,204,1,211,0,7,225,1,233,318,0,318,551
06/15/2018,LOU,KY,ASO,CE,Towers with Radar,0,1,28,0,29,0,10,219,0,229,0,11,247,0,258,320,0,320,578
06/16/2018,LOU,KY,ASO,CE,Towers with Radar,0,1,21,0,22,0,13,141,0,154,0,14,162,0,176,118,0,118,294
06/17/2018,LOU,KY,ASO,CE,Towers with Radar,0,1,18,0,19,0,7,110,1,118,0,8,128,1,137,50,0,50,187
06/18/2018,LOU,KY,ASO,CE,Towers with Radar,0,1,17,0,18,0,10,151,0,161,0,11,168,0,179,222,0,222,401
06/19/2018,LOU,KY,ASO,CE,Towers with Radar,0,1,15,1,17,0,0,124,1,125,0,1,139,2,142,218,0,218,360
06/20/2018,LOU,KY,ASO,CE,Towers with Radar,0,2,18,0,20,0,1,97,2,100,0,3,115,2,120,190,0,190,310
06/21/2018,LOU,KY,ASO,CE,Towers with Radar,0,1,23,0,24,0,7,7,1,15,0,8,30,1,39,38,0,38,77
06/22/2018,LOU,KY,ASO,CE,Towers with Radar,0,3,16,0,19,0,0,57,0,57,0,3,73,0,76,86,0,86,162
06/23/2018,LOU,KY,ASO,CE,Towers with Radar,0,0,23,0,23,0,13,98,0,111,0,13,121,0,134,200,0,200,334
06/24/2018,LOU,KY,ASO,CE,Towers with Radar,0,1,23,0,24,0,6,116,0,122,0,7,139,0,146,114,0,114,260
06/25/2018,LOU,KY,ASO,CE,Towers with Radar,0,1,27,0,28,0,1,21,1,23,0,2,48,1,51,40,0,40,91
06/26/2018,LOU,KY,ASO,CE,Towers with Radar,0,2,21,2,25,0,9,30,4,43,0,11,51,6,68,90,2,92,160
06/27/2018,LOU,KY,ASO,CE,Towers with Radar,0,1,14,1,16,0,13,80,1,94,0,14,94,2,110,303,0,303,413
06/28/2018,LOU,KY,ASO,CE,Towers with Radar,0,2,41,0,43,0,4,139,0,143,0,6,180,0,186,238,0,238,424
06/29/2018,LOU,KY,ASO,CE,Towers with Radar,0,0,34,0,34,0,0,152,1,153,0,0,186,1,187,262,0,262,449
06/30/2018,LOU,KY,ASO,CE,Towers with Radar,0,0,25,0,25,0,18,145,0,163,0,18,170,0,188,138,0,138,326
07/01/2018,LOU,KY,ASO,CE,Towers with Radar,0,1,16,0,17,0,6,95,0,101,0,7,111,0,118,76,0,76,194
07/02/2018,LOU,KY,ASO,CE,Towers with Radar,0,2,16,0,18,0,12,92,0,104,0,14,108,0,122,188,0,188,310
07/03/2018,LOU,KY,ASO,CE,Towers with Radar,0,1,22,0,23,0,2,76,0,78,0,3,98,0,101,154,0,154,255
07/04/2018,LOU,KY,ASO,CE,Towers with Radar,0,0,15,0,15,0,8,120,0,128,0,8,135,0,143,162,0,162,305
07/05/2018,LOU,KY,ASO,CE,Towers with Radar,0,0,22,0,22,0,8,86,0,94,0,8,108,0,116,130,0,130,246
07/06/2018,LOU,KY,ASO,CE,Towers with Radar,0,1,20,0,21,0,7,77,0,84,0,8,97,0,105,138,0,138,243
07/07/2018,LOU,KY,ASO,CE,Towers with Radar,0,0,25,0,25,0,3,218,0,221,0,3,243,0,246,166,0,166,412
07/08/2018,LOU,KY,ASO,CE,Towers with Radar,0,9,30,0,39,0,2,143,0,145,0,11,173,0,184,95,0,95,279
07/09/2018,LOU,KY,ASO,CE,Towers with Radar,0,2,27,0,29,0,1,187,0,188,0,3,214,0,217,278,0,278,495
07/10/2018,LOU,KY,ASO,CE,Towers with Radar,0,1,16,0,17,0,5,149,0,154,0,6,165,0,171,218,0,218,389
07/11/2018,LOU,KY,ASO,CE,Towers with Radar,0,0,30,0,30,0,8,126,0,134,0,8,156,0,164,278,0,278,442
07/12/2018,LOU,KY,ASO,CE,Towers with Radar,0,2,34,0,36,0,8,165,6,179,0,10,199,6,215,176,0,176,391
07/13/2018,LOU,KY,ASO,CE,Towers with Radar,0,0,28,1,29,0,5,153,0,158,0,5,181,1,187,160,0,160,347
07/14/2018,LOU,KY,ASO,CE,Towers with Radar,0,0,13,0,13,0,4,158,2,164,0,4,171,2,177,166,0,166,343
07/15/2018,LOU,KY,ASO,CE,Towers with Radar,0,0,20,0,20,0,0,30,0,30,0,0,50,0,50,62,0,62,112
07/16/2018,LOU,KY,ASO,CE,Towers with Radar,0,1,21,0,22,0,5,43,1,49,0,6,64,1,71,118,0,118,189
07/17/2018,LOU,KY,ASO,CE,Towers with Radar,0,1,17,0,18,0,4,138,0,142,0,5,155,0,160,200,0,200,360
07/18/2018,LOU,KY,ASO,CE,Towers with Radar,0,5,33,0,38,0,14,176,2,192,0,19,209,2,230,106,0,106,336
07/19/2018,LOU,KY,ASO,CE,Towers with Radar,0,0,31,1,32,0,5,169,0,174,0,5,200,1,206,216,0,216,422
07/20/2018,LOU,KY,ASO,CE,Towers with Radar,0,2,10,0,12,0,10,34,0,44,0,12,44,0,56,84,0,84,140
07/21/2018,LOU,KY,ASO,CE,Towers with Radar,0,1,21,0,22,0,9,58,0,67,0,10,79,0,89,134,0,134,223
07/22/2018,LOU,KY,ASO,CE,Towers with Radar,0,1,27,0,28,0,4,7,0,11,0,5,34,0,39,6,0,6,45
07/23/2018,LOU,KY,ASO,CE,Towers with Radar,0,1,33,0,34,0,4,99,1,104,0,5,132,1,138,130,0,130,268
07/24/2018,LOU,KY,ASO,CE,Towers with Radar,0,1,31,0,32,0,3,106,0,109,0,4,137,0,141,272,0,272,413
07/25/2018,LOU,KY,ASO,CE,Towers with Radar,0,3,23,0,26,0,2,139,0,141,0,5,162,0,167,138,0,138,305
07/26/2018,LOU,KY,ASO,CE,Towers with Radar,0,0,26,0,26,0,0,107,0,107,0,0,133,0,133,162,0,162,295
07/27/2018,LOU,KY,ASO,CE,Towers with Radar,0,2,23,0,25,0,4,111,2,117,0,6,134,2,142,120,0,120,262
07/28/2018,LOU,KY,ASO,CE,Towers with Radar,0,0,21,0,21,0,0,130,0,130,0,0,151,0,151,152,0,152,303
07/29/2018,LOU,KY,ASO,CE,Towers with Radar,0,0,31,0,31,0,6,130,0,136,0,6,161,0,167,110,0,110,277
07/30/2018,LOU,KY,ASO,CE,Towers with Radar,0,2,12,0,14,0,4,77,0,81,0,6,89,0,95,141,0,141,236
07/31/2018,LOU,KY,ASO,CE,Towers with Radar,0,0,10,0,10,0,0,65,4,69,0,0,75,4,79,234,0,234,313
08/01/2018,LOU,KY,ASO,CE,Towers with Radar,0,1,21,0,22,0,0,53,0,53,0,1,74,0,75,94,0,94,169
08/02/2018,LOU,KY,ASO,CE,Towers with Radar,0,4,34,0,38,0,4,144,0,148,0,8,178,0,186,204,0,204,390
08/03/2018,LOU,KY,ASO,CE,Towers with Radar,0,1,36,0,37,0,8,147,0,155,0,9,183,0,192,224,0,224,416
08/04/2018,LOU,KY,ASO,CE,Towers with Radar,0,0,21,0,21,0,7,149,0,156,0,7,170,0,177,162,0,162,339
08/05/2018,LOU,KY,ASO,CE,Towers with Radar,0,1,29,0,30,0,7,131,0,138,0,8,160,0,168,122,0,122,290
08/06/2018,LOU,KY,ASO,CE,Towers with Radar,0,1,21,0,22,0,6,122,0,128,0,7,143,0,150,126,0,126,276
08/07/2018,LOU,KY,ASO,CE,Towers with Radar,0,0,18,0,18,0,7,66,2,75,0,7,84,2,93,134,0,134,227
08/08/2018,LOU,KY,ASO,CE,Towers with Radar,0,1,19,0,20,0,11,62,0,73,0,12,81,0,93,132,0,132,225
08/09/2018,LOU,KY,ASO,CE,Towers with Radar,0,1,33,0,34,0,11,145,0,156,0,12,178,0,190,172,0,172,362
08/10/2018,LOU,KY,ASO,CE,Towers with Radar,0,0,27,0,27,0,5,132,0,137,0,5,159,0,164,216,0,216,380
08/11/2018,LOU,KY,ASO,CE,Towers with Radar,0,2,16,0,18,0,7,134,0,141,0,9,150,0,159,120,0,120,279
08/12/2018,LOU,KY,ASO,CE,Towers with Radar,0,3,21,0,24,0,3,155,0,158,0,6,176,0,182,114,0,114,296
08/13/2018,LOU,KY,ASO,CE,Towers with Radar,0,2,27,0,29,0,3,194,1,198,0,5,221,1,227,228,0,228,455
08/14/2018,LOU,KY,ASO,CE,Towers with Radar,0,1,39,0,40,0,7,168,0,175,0,8,207,0,215,190,0,190,405
08/15/2018,LOU,KY,ASO,CE,Towers with Radar,0,2,26,0,28,0,1,39,0,40,0,3,65,0,68,106,0,106,174
08/16/2018,LOU,KY,ASO,CE,Towers with Radar,0,2,27,0,29,0,2,28,0,30,0,4,55,0,59,36,0,36,95
08/17/2018,LOU,KY,ASO,CE,Towers with Radar,0,0,29,0,29,0,2,58,0,60,0,2,87,0,89,190,0,190,279
08/18/2018,LOU,KY,ASO,CE,Towers with Radar,0,0,22,0,22,0,5,81,0,86,0,5,103,0,108,182,0,182,290
08/19/2018,LOU,KY,ASO,CE,Towers with Radar,0,0,22,0,22,0,6,162,0,168,0,6,184,0,190,86,0,86,276
08/20/2018,LOU,KY,ASO,CE,Towers with Radar,0,0,17,0,17,0,1,44,0,45,0,1,61,0,62,93,0,93,155
08/21/2018,LOU,KY,ASO,CE,Towers with Radar,0,2,21,2,25,0,0,24,0,24,0,2,45,2,49,52,0,52,101
08/22/2018,LOU,KY,ASO,CE,Towers with Radar,0,4,38,0,42,0,4,105,2,111,0,8,143,2,153,174,0,174,327
08/23/2018,LOU,KY,ASO,CE,Towers with Radar,0,3,25,0,28,0,10,188,2,200,0,13,213,2,228,70,0,70,298
08/24/2018,LOU,KY,ASO,CE,Towers with Radar,0,0,28,0,28,0,0,118,0,118,0,0,146,0,146,180,0,180,326
08/25/2018,LOU,KY,ASO,CE,Towers with Radar,0,0,5,0,5,0,0,83,0,83,0,0,88,0,88,84,0,84,172
08/26/2018,LOU,KY,ASO,CE,Towers with Radar,0,2,22,0,24,0,0,118,0,118,0,2,140,0,142,80,0,80,222
08/27/2018,LOU,KY,ASO,CE,Towers with Radar,0,0,16,0,16,0,1,142,0,143,0,1,158,0,159,92,0,92,251
08/28/2018,LOU,KY,ASO,CE,Towers with Radar,0,0,19,1,20,0,2,118,1,121,0,2,137,2,141,82,0,82,223
08/29/2018,LOU,KY,ASO,CE,Towers with Radar,0,2,16,1,19,0,0,53,0,53,0,2,69,1,72,54,0,54,126
08/30/2018,LOU,KY,ASO,CE,Towers with Radar,0,3,33,0,36,0,4,82,0,86,0,7,115,0,122,134,0,134,256
08/31/2018,LOU,KY,ASO,CE,Towers with Radar,0,1,15,0,16,0,6,70,0,76,0,7,85,0,92,86,0,86,178
09/01/2018,LOU,KY,ASO,CE,Towers with Radar,0,0,11,0,11,0,9,115,0,124,0,9,126,0,135,109,0,109,244
09/02/2018,LOU,KY,ASO,CE,Towers with Radar,0,0,16,0,16,0,1,112,0,113,0,1,128,0,129,74,0,74,203
09/03/2018,LOU,KY,ASO,CE,Towers with Radar,0,1,22,0,23,0,6,131,0,137,0,7,153,0,160,128,0,128,288
09/04/2018,LOU,KY,ASO,CE,Towers with Radar,0,2,17,0,19,0,8,124,0,132,0,10,141,0,151,110,0,110,261
09/05/2018,LOU,KY,ASO,CE,Towers with Radar,0,0,30,0,30,0,3,100,0,103,0,3,130,0,133,156,0,156,289
09/06/2018,LOU,KY,ASO,CE,Towers with Radar,0,1,24,1,26,0,0,81,0,81,0,1,105,1,107,66,0,66,173
09/07/2018,LOU,KY,ASO,CE,Towers with Radar,0,3,20,0,23,0,0,78,0,78,0,3,98,0,101,178,0,178,279
09/08/2018,LOU,KY,ASO,CE,Towers with Radar,0,0,9,0,9,0,0,3,0,3,0,0,12,0,12,0,0,0,12
09/09/2018,LOU,KY,ASO,CE,Towers with Radar,0,1,13,0,14,0,0,0,0,0,0,1,13,0,14,0,0,0,14
09/10/2018,LOU,KY,ASO,CE,Towers with Radar,0,3,23,0,26,0,0,47,0,47,0,3,70,0,73,134,0,134,207
09/11/2018,LOU,KY,ASO,CE,Towers with Radar,0,0,21,0,21,0,0,77,0,77,0,0,98,0,98,120,0,120,218
09/12/2018,LOU,KY,ASO,CE,Towers with Radar,0,0,26,0,26,0,6,122,1,129,0,6,148,1,155,240,0,240,395
09/13/2018,LOU,KY,ASO,CE,Towers with Radar,0,1,28,1,30,0,4,138,0,142,0,5,166,1,172,104,0,104,276
09/14/2018,LOU,KY,ASO,CE,Towers with Radar,0,2,48,0,50,0,1,147,0,148,0,3,195,0,198,94,0,94,292
09/15/2018,LOU,KY,ASO,CE,Towers with Radar,0,1,16,0,17,0,0,195,0,195,0,1,211,0,212,142,0,142,354
09/16/2018,LOU,KY,ASO,CE,Towers with Radar,0,3,22,0,25,0,2,95,0,97,0,5,117,0,122,56,0,56,178
09/17/2018,LOU,KY,ASO,CE,Towers with Radar,0,1,18,0,19,0,0,42,0,42,0,1,60,0,61,66,0,66,127
09/18/2018,LOU,KY,ASO,CE,Towers with Radar,0,1,21,0,22,0,5,117,1,123,0,6,138,1,145,124,0,124,269
09/19/2018,LOU,KY,ASO,CE,Towers with Radar,0,2,33,0,35,0,0,126,2,128,0,2,159,2,163,132,0,132,295
09/20/2018,LOU,KY,ASO,CE,Towers with Radar,0,6,21,0,27,0,2,149,0,151,0,8,170,0,178,70,0,70,248
09/21/2018,LOU,KY,ASO,CE,Towers with Radar,0,2,25,0,27,0,4,46,0,50,0,6,71,0,77,50,0,50,127
09/22/2018,LOU,KY,ASO,CE,Towers with Radar,0,2,20,0,22,0,6,43,0,49,0,8,63,0,71,44,0,44,115
09/23/2018,LOU,KY,ASO,CE,Towers with Radar,0,0,26,0,26,0,0,1,0,1,0,0,27,0,27,0,0,0,27
09/24/2018,LOU,KY,ASO,CE,Towers with Radar,0,1,7,0,8,0,0,0,0,0,0,1,7,0,8,0,0,0,8
09/25/2018,LOU,KY,ASO,CE,Towers with Radar,0,0,19,0,19,0,5,12,3,20,0,5,31,3,39,10,0,10,49
09/26/2018,LOU,KY,ASO,CE,Towers with Radar,0,3,24,0,27,0,0,72,0,72,0,3,96,0,99,120,0,120,219
09/27/2018,LOU,KY,ASO,CE,Towers with Radar,0,5,29,0,34,0,1,43,1,45,0,6,72,1,79,62,0,62,141
09/28/2018,LOU,KY,ASO,CE,Towers with Radar,0,0,36,0,36,0,3,137,0,140,0,3,173,0,176,74,0,74,250
09/29/2018,LOU,KY,ASO,CE,Towers with Radar,0,0,15,0,15,0,12,206,0,218,0,12,221,0,233,58,0,58,291
09/30/2018,LOU,KY,ASO,CE,Towers with Radar,0,0,29,0,29,0,6,189,0,195,0,6,218,0,224,90,0,90,314
10/01/2018,LOU,KY,ASO,CE,Towers with Radar,0,3,19,0,22,0,0,152,0,152,0,3,171,0,174,78,0,78,252
10/02/2018,LOU,KY,ASO,CE,Towers with Radar,0,0,16,0,16,0,2,102,4,108,0,2,118,4,124,196,0,196,320
10/03/2018,LOU,KY,ASO,CE,Towers with Radar,0,2,24,2,28,0,2,144,0,146,0,4,168,2,174,158,0,158,332
10/04/2018,LOU,KY,ASO,CE,Towers with Radar,0,4,28,0,32,0,2,69,4,75,0,6,97,4,107,52,0,52,159
10/05/2018,LOU,KY,ASO,CE,Towers with Radar,0,2,26,0,28,0,11,163,2,176,0,13,189,2,204,66,0,66,270
10/06/2018,LOU,KY,ASO,CE,Towers with Radar,0,0,15,0,15,0,17,323,0,340,0,17,338,0,355,36,0,36,391
10/07/2018,LOU,KY,ASO,CE,Towers with Radar,0,2,18,0,20,0,30,345,0,375,0,32,363,0,395,36,0,36,431
10/08/2018,LOU,KY,ASO,CE,Towers with Radar,0,1,24,0,25,0,1,134,1,136,0,2,158,1,161,85,0,85,246
10/09/2018,LOU,KY,ASO,CE,Towers with Radar,0,0,30,0,30,0,2,139,0,141,0,2,169,0,171,162,0,162,333
10/10/2018,LOU,KY,ASO,CE,Towers with Radar,0,2,19,0,21,0,7,40,0,47,0,9,59,0,68,54,0,54,122
10/11/2018,LOU,KY,ASO,CE,Towers with Radar,0,0,25,0,25,0,7,132,0,139,0,7,157,0,164,66,0,66,230
10/12/2018,LOU,KY,ASO,CE,Towers with Radar,0,0,21,0,21,0,10,156,0,166,0,10,177,0,187,172,0,172,359
10/13/2018,LOU,KY,ASO,CE,Towers with Radar,0,0,15,0,15,0,3,142,0,145,0,3,157,0,160,90,0,90,250
10/14/2018,LOU,KY,ASO,CE,Towers with Radar,0,1,27,0,28,0,0,3,0,3,0,1,30,0,31,0,0,0,31
10/15/2018,LOU,KY,ASO,CE,Towers with Radar,0,1,10,0,11,0,4,4,0,8,0,5,14,0,19,0,0,0,19
10/16/2018,LOU,KY,ASO,CE,Towers with Radar,0,0,17,0,17,0,3,161,2,166,0,3,178,2,183,164,0,164,347
10/17/2018,LOU,KY,ASO,CE,Towers with Radar,0,3,30,0,33,0,0,126,2,128,0,3,156,2,161,136,0,136,297
10/18/2018,LOU,KY,ASO,CE,Towers with Radar,0,3,36,0,39,0,6,159,1,166,0,9,195,1,205,130,0,130,335
10/19/2018,LOU,KY,ASO,CE,Towers with Radar,0,0,32,0,32,0,0,109,0,109,0,0,141,0,141,132,0,132,273
10/20/2018,LOU,KY,ASO,CE,Towers with Radar,0,0,19,0,19,0,5,34,0,39,0,5,53,0,58,20,0,20,78
10/21/2018,LOU,KY,ASO,CE,Towers with Radar,0,3,32,0,35,0,14,152,0,166,0,17,184,0,201,72,0,72,273
10/22/2018,LOU,KY,ASO,CE,Towers with Radar,0,4,30,0,34,0,1,166,0,167,0,5,196,0,201,156,0,156,357
10/23/2018,LOU,KY,ASO,CE,Towers with Radar,0,1,33,0,34,0,8,145,0,153,0,9,178,0,187,126,0,126,313
10/24/2018,LOU,KY,ASO,CE,Towers with Radar,0,2,14,0,16,0,4,147,0,151,0,6,161,0,167,76,0,76,243
10/25/2018,LOU,KY,ASO,CE,Towers with Radar,0,5,16,0,21,0,5,122,0,127,0,10,138,0,148,160,0,160,308
10/26/2018,LOU,KY,ASO,CE,Towers with Radar,0,0,9,0,9,0,0,0,0,0,0,0,9,0,9,0,0,0,9
10/27/2018,LOU,KY,ASO,CE,Towers with Radar,0,2,22,0,24,0,5,28,0,33,0,7,50,0,57,34,0,34,91
10/28/2018,LOU,KY,ASO,CE,Towers with Radar,0,3,9,0,12,0,4,36,0,40,0,7,45,0,52,32,0,32,84
10/29/2018,LOU,KY,ASO,CE,Towers with Radar,0,1,22,0,23,0,4,125,0,129,0,5,147,0,152,120,0,120,272
10/30/2018,LOU,KY,ASO,CE,Towers with Radar,0,4,22,0,26,0,7,138,0,145,0,11,160,0,171,130,0,130,301
10/31/2018,LOU,KY,ASO,CE,Towers with Radar,0,3,6,0,9,0,0,2,0,2,0,3,8,0,11,6,0,6,17
11/01/2018,LOU,KY,ASO,CE,Towers with Radar,0,2,19,0,21,0,0,3,0,3,0,2,22,0,24,0,0,0,24
11/02/2018,LOU,KY,ASO,CE,Towers with Radar,0,3,23,0,26,0,2,56,0,58,0,5,79,0,84,96,0,96,180
11/03/2018,LOU,KY,ASO,CE,Towers with Radar,0,1,22,0,23,0,8,240,0,248,0,9,262,0,271,74,0,74,345
11/04/2018,LOU,KY,ASO,CE,Towers with Radar,0,2,32,0,34,0,0,70,0,70,0,2,102,0,104,92,0,92,196
11/05/2018,LOU,KY,ASO,CE,Towers with Radar,0,1,18,0,19,0,2,51,0,53,0,3,69,0,72,102,0,102,174
11/06/2018,LOU,KY,ASO,CE,Towers with Radar,0,3,19,2,24,0,4,56,2,62,0,7,75,4,86,124,0,124,210
11/07/2018,LOU,KY,ASO,CE,Towers with Radar,0,4,13,0,17,0,3,172,0,175,0,7,185,0,192,168,0,168,360
11/08/2018,LOU,KY,ASO,CE,Towers with Radar,0,0,26,0,26,0,2,145,0,147,0,2,171,0,173,138,0,138,311
11/09/2018,LOU,KY,ASO,CE,Towers with Radar,0,0,13,0,13,0,0,28,0,28,0,0,41,0,41,20,0,20,61
11/10/2018,LOU,KY,ASO,CE,Towers with Radar,0,1,25,0,26,0,3,140,0,143,0,4,165,0,169,86,0,86,255
11/11/2018,LOU,KY,ASO,CE,Towers with Radar,0,2,21,0,23,0,0,144,0,144,0,2,165,0,167,114,0,114,281
11/12/2018,LOU,KY,ASO,CE,Towers with Radar,0,1,6,0,7,0,0,56,0,56,0,1,62,0,63,78,0,78,141
11/13/2018,LOU,KY,ASO,CE,Towers with Radar,0,2,6,0,8,0,0,7,0,7,0,2,13,0,15,0,0,0,15
11/14/2018,LOU,KY,ASO,CE,Towers with Radar,0,2,15,0,17,0,1,64,0,65,0,3,79,0,82,196,0,196,278
11/15/2018,LOU,KY,ASO,CE,Towers with Radar,0,0,10,0,10,0,0,3,0,3,0,0,13,0,13,0,0,0,13
11/16/2018,LOU,KY,ASO,CE,Towers with Radar,0,3,25,0,28,0,3,72,0,75,0,6,97,0,103,288,0,288,391
11/17/2018,LOU,KY,ASO,CE,Towers with Radar,0,0,24,0,24,0,3,83,0,86,0,3,107,0,110,54,0,54,164
11/18/2018,LOU,KY,ASO,CE,Towers with Radar,0,1,15,0,16,0,0,132,0,132,0,1,147,0,148,98,0,98,246
11/19/2018,LOU,KY,ASO,CE,Towers with Radar,0,3,18,0,21,0,0,2,0,2,0,3,20,0,23,6,0,6,29
11/20/2018,LOU,KY,ASO,CE,Towers with Radar,0,0,16,0,16,0,0,68,2,70,0,0,84,2,86,270,0,270,356
11/21/2018,LOU,KY,ASO,CE,Towers with Radar,0,1,34,0,35,0,6,194,0,200,0,7,228,0,235,200,0,200,435
11/22/2018,LOU,KY,ASO,CE,Towers with Radar,0,0,9,0,9,0,5,50,0,55,0,5,59,0,64,52,0,52,116
11/23/2018,LOU,KY,ASO,CE,Towers with Radar,0,2,29,0,31,0,2,116,0,118,0,4,145,0,149,100,0,100,249
11/24/2018,LOU,KY,ASO,CE,Towers with Radar,0,2,22,0,24,0,0,11,0,11,0,2,33,0,35,0,0,0,35
11/25/2018,LOU,KY,ASO,CE,Towers with Radar,0,0,28,0,28,0,5,50,0,55,0,5,78,0,83,14,0,14,97
11/26/2018,LOU,KY,ASO,CE,Towers with Radar,0,1,5,0,6,0,0,2,3,5,0,1,7,3,11,4,0,4,15
11/27/2018,LOU,KY,ASO,CE,Towers with Radar,0,4,16,0,20,0,0,17,0,17,0,4,33,0,37,46,0,46,83
11/28/2018,LOU,KY,ASO,CE,Towers with Radar,0,4,22,0,26,0,0,143,0,143,0,4,165,0,169,160,0,160,329
11/29/2018,LOU,KY,ASO,CE,Towers with Radar,0,0,10,2,12,0,0,22,0,22,0,0,32,2,34,66,0,66,100
11/30/2018,LOU,KY,ASO,CE,Towers with Radar,0,2,12,0,14,0,0,3,0,3,0,2,15,0,17,0,0,0,17
12/01/2018,LOU,KY,ASO,CE,Towers with Radar,0,1,5,0,6,0,0,1,0,1,0,1,6,0,7,0,0,0,7
12/02/2018,LOU,KY,ASO,CE,Towers with Radar,0,2,23,0,25,0,2,39,0,41,0,4,62,0,66,16,0,16,82
12/03/2018,LOU,KY,ASO,CE,Towers with Radar,0,1,13,0,14,0,2,24,0,26,0,3,37,0,40,70,0,70,110
12/04/2018,LOU,KY,ASO,CE,Towers with Radar,0,0,17,0,17,0,2,69,0,71,0,2,86,0,88,216,0,216,304
12/05/2018,LOU,KY,ASO,CE,Towers with Radar,0,0,21,0,21,0,0,76,0,76,0,0,97,0,97,216,0,216,313
12/06/2018,LOU,KY,ASO,CE,Towers with Radar,0,1,24,0,25,0,0,70,0,70,0,1,94,0,95,112,0,112,207
12/07/2018,LOU,KY,ASO,CE,Towers with Radar,0,1,30,0,31,0,0,131,0,131,0,1,161,0,162,146,0,146,308
12/08/2018,LOU,KY,ASO,CE,Towers with Radar,0,0,11,0,11,0,6,116,0,122,0,6,127,0,133,72,0,72,205
12/09/2018,LOU,KY,ASO,CE,Towers with Radar,0,1,12,0,13,0,0,85,0,85,0,1,97,0,98,96,0,96,194
12/10/2018,LOU,KY,ASO,CE,Towers with Radar,0,1,20,0,21,0,0,103,2,105,0,1,123,2,126,106,0,106,232
12/11/2018,LOU,KY,ASO,CE,Towers with Radar,0,1,32,0,33,0,1,126,0,127,0,2,158,0,160,124,0,124,284
12/12/2018,LOU,KY,ASO,CE,Towers with Radar,0,0,25,0,25,0,1,65,0,66,0,1,90,0,91,78,0,78,169
12/13/2018,LOU,KY,ASO,CE,Towers with Radar,0,2,22,0,24,0,7,51,1,59,0,9,73,1,83,88,0,88,171
12/14/2018,LOU,KY,ASO,CE,Towers with Radar,0,0,23,3,26,0,0,22,3,25,0,0,45,6,51,34,0,34,85
12/15/2018,LOU,KY,ASO,CE,Towers with Radar,0,0,5,0,5,0,0,0,0,0,0,0,5,0,5,0,0,0,5
12/16/2018,LOU,KY,ASO,CE,Towers with Radar,0,0,20,0,20,0,0,20,0,20,0,0,40,0,40,16,0,16,56
12/17/2018,LOU,KY,ASO,CE,Towers with Radar,0,1,26,0,27,0,0,156,0,156,0,1,182,0,183,146,0,146,329
12/18/2018,LOU,KY,ASO,CE,Towers with Radar,0,2,22,0,24,0,2,189,0,191,0,4,211,0,215,176,0,176,391
12/19/2018,LOU,KY,ASO,CE,Towers with Radar,0,1,25,0,26,0,2,152,0,154,0,3,177,0,180,186,0,186,366
12/20/2018,LOU,KY,ASO,CE,Towers with Radar,0,0,11,0,11,0,0,1,0,1,0,0,12,0,12,12,0,12,24
12/21/2018,LOU,KY,ASO,CE,Towers with Radar,0,2,9,0,11,0,0,1,0,1,0,2,10,0,12,0,0,0,12
12/22/2018,LOU,KY,ASO,CE,Towers with Radar,0,0,15,0,15,0,3,143,0,146,0,3,158,0,161,146,0,146,307
12/23/2018,LOU,KY,ASO,CE,Towers with Radar,0,2,19,0,21,0,0,27,0,27,0,2,46,0,48,24,0,24,72
12/24/2018,LOU,KY,ASO,CE,Towers with Radar,0,0,11,0,11,0,2,78,0,80,0,2,89,0,91,50,0,50,141
12/25/2018,LOU,KY,ASO,CE,Towers with Radar,0,0,5,0,5,0,0,37,0,37,0,0,42,0,42,10,0,10,52
12/26/2018,LOU,KY,ASO,CE,Towers with Radar,0,0,14,0,14,0,4,158,0,162,0,4,172,0,176,106,0,106,282
12/27/2018,LOU,KY,ASO,CE,Towers with Radar,0,1,10,0,11,0,0,10,0,10,0,1,20,0,21,28,0,28,49
12/28/2018,LOU,KY,ASO,CE,Towers with Radar,0,1,10,0,11,0,1,26,0,27,0,2,36,0,38,0,0,0,38
12/29/2018,LOU,KY,ASO,CE,Towers with Radar,2,1,14,0,17,0,0,87,0,87,2,1,101,0,104,84,0,84,188
12/30/2018,LOU,KY,ASO,CE,Towers with Radar,0,1,22,0,23,0,0,185,0,185,0,1,207,0,208,94,0,94,302
12/31/2018,LOU,KY,ASO,CE,Towers with Radar,0,0,7,0,7,0,0,0,0,0,0,0,7,0,7,0,0,0,7
01/01/2019,LOU,KY,ASO,CE,Towers with Radar,0,0,8,0,8,0,0,31,0,31,0,0,39,0,39,98,0,98,137
01/02/2019,LOU,KY,ASO,CE,Towers with Radar,0,0,12,0,12,0,0,35,0,35,0,0,47,0,47,92,0,92,139
01/03/2019,LOU,KY,ASO,CE,Towers with Radar,0,2,21,0,23,0,4,98,0,102,0,6,119,0,125,114,0,114,239
01/04/2019,LOU,KY,ASO,CE,Towers with Radar,0,0,14,0,14,0,0,25,0,25,0,0,39,0,39,72,0,72,111
01/05/2019,LOU,KY,ASO,CE,Towers with Radar,0,0,28,0,28,0,3,227,0,230,0,3,255,0,258,168,0,168,426
01/06/2019,LOU,KY,ASO,CE,Towers with Radar,0,0,17,0,17,0,0,149,0,149,0,0,166,0,166,102,0,102,268
01/07/2019,LOU,KY,ASO,CE,Towers with Radar,0,0,6,0,6,0,0,25,0,25,0,0,31,0,31,34,0,34,65
01/08/2019,LOU,KY,ASO,CE,Towers with Radar,0,0,12,0,12,0,3,14,0,17,0,3,26,0,29,62,0,62,91
01/09/2019,LOU,KY,ASO,CE,Towers with Radar,0,2,15,0,17,0,1,30,0,31,0,3,45,0,48,42,0,42,90
01/10/2019,LOU,KY,ASO,CE,Towers with Radar,0,1,25,1,27,0,0,108,7,115,0,1,133,8,142,77,0,77,219
01/11/2019,LOU,KY,ASO,CE,Towers with Radar,0,0,27,0,27,0,0,137,0,137,0,0,164,0,164,119,0,119,283
01/12/2019,LOU,KY,ASO,CE,Towers with Radar,0,2,4,0,6,0,0,9,0,9,0,2,13,0,15,10,0,10,25
01/13/2019,LOU,KY,ASO,CE,Towers with Radar,0,0,3,0,3,0,0,4,0,4,0,0,7,0,7,2,0,2,9
01/14/2019,LOU,KY,ASO,CE,Towers with Radar,0,2,6,0,8,0,2,33,0,35,0,4,39,0,43,46,0,46,89
01/15/2019,LOU,KY,ASO,CE,Towers with Radar,0,0,15,0,15,0,0,7,0,7,0,0,22,0,22,38,0,38,60
01/16/2019,LOU,KY,ASO,CE,Towers with Radar,0,2,7,0,9,0,0,7,0,7,0,2,14,0,16,0,0,0,16
01/17/2019,LOU,KY,ASO,CE,Towers with Radar,0,0,7,0,7,0,0,0,0,0,0,0,7,0,7,0,0,0,7
01/18/2019,LOU,KY,ASO,CE,Towers with Radar,0,0,22,0,22,0,4,19,0,23,0,4,41,0,45,22,0,22,67
01/19/2019,LOU,KY,ASO,CE,Towers with Radar,0,0,6,0,6,0,0,0,0,0,0,0,6,0,6,0,0,0,6
01/20/2019,LOU,KY,ASO,CE,Towers with Radar,0,0,9,0,9,0,2,41,0,43,0,2,50,0,52,80,0,80,132
01/21/2019,LOU,KY,ASO,CE,Towers with Radar,0,2,15,0,17,0,0,96,0,96,0,2,111,0,113,76,0,76,189
01/22/2019,LOU,KY,ASO,CE,Towers with Radar,0,0,12,0,12,0,0,72,0,72,0,0,84,0,84,128,0,128,212
01/23/2019,LOU,KY,ASO,CE,Towers with Radar,0,0,4,0,4,0,0,0,0,0,0,0,4,0,4,0,0,0,4
01/24/2019,LOU,KY,ASO,CE,Towers with Radar,0,1,20,0,21,0,0,55,0,55,0,1,75,0,76,124,0,124,200
01/25/2019,LOU,KY,ASO,CE,Towers with Radar,0,1,21,0,22,0,1,133,0,134,0,2,154,0,156,86,0,86,242
01/26/2019,LOU,KY,ASO,CE,Towers with Radar,0,0,7,0,7,0,0,87,0,87,0,0,94,0,94,174,0,174,268
01/27/2019,LOU,KY,ASO,CE,Towers with Radar,0,0,15,0,15,0,1,146,0,147,0,1,161,0,162,146,0,146,308
01/28/2019,LOU,KY,ASO,CE,Towers with Radar,0,1,5,0,6,0,1,39,0,40,0,2,44,0,46,56,0,56,102
01/29/2019,LOU,KY,ASO,CE,Towers with Radar,0,1,10,0,11,0,0,29,0,29,0,1,39,0,40,84,0,84,124
01/30/2019,LOU,KY,ASO,CE,Towers with Radar,0,0,5,0,5,0,0,21,0,21,0,0,26,0,26,28,0,28,54
01/31/2019,LOU,KY,ASO,CE,Towers with Radar,0,1,20,0,21,0,0,87,0,87,0,1,107,0,108,112,0,112,220
02/01/2019,LOU,KY,ASO,CE,Towers with Radar,0,1,7,0,8,0,0,26,0,26,0,1,33,0,34,48,0,48,82
02/02/2019,LOU,KY,ASO,CE,Towers with Radar,0,0,17,0,17,0,0,131,0,131,0,0,148,0,148,114,0,114,262
02/03/2019,LOU,KY,ASO,CE,Towers with Radar,0,0,17,0,17,0,1,207,0,208,0,1,224,0,225,160,0,160,385
02/04/2019,LOU,KY,ASO,CE,Towers with Radar,0,2,12,0,14,0,0,25,0,25,0,2,37,0,39,98,0,98,137
02/05/2019,LOU,KY,ASO,CE,Towers with Radar,0,3,14,0,17,0,0,0,0,0,0,3,14,0,17,0,0,0,17
02/06/2019,LOU,KY,ASO,CE,Towers with Radar,0,0,17,0,17,0,1,17,0,18,0,1,34,0,35,60,0,60,95
02/07/2019,LOU,KY,ASO,CE,Towers with Radar,0,0,9,0,9,0,0,3,0,3,0,0,12,0,12,0,0,0,12
02/08/2019,LOU,KY,ASO,CE,Towers with Radar,0,3,15,0,18,0,0,108,0,108,0,3,123,0,126,197,0,197,323
02/09/2019,LOU,KY,ASO,CE,Towers with Radar,0,2,14,0,16,0,1,170,2,173,0,3,184,2,189,88,0,88,277
02/10/2019,LOU,KY,ASO,CE,Towers with Radar,0,1,5,0,6,0,0,3,0,3,0,1,8,0,9,0,0,0,9
02/11/2019,LOU,KY,ASO,CE,Towers with Radar,0,0,7,0,7,0,0,0,0,0,0,0,7,0,7,0,0,0,7
02/12/2019,LOU,KY,ASO,CE,Towers with Radar,0,0,7,0,7,0,0,0,0,0,0,0,7,0,7,0,0,0,7
02/13/2019,LOU,KY,ASO,CE,Towers with Radar,0,2,33,0,35,0,4,100,0,104,0,6,133,0,139,112,0,112,251
02/14/2019,LOU,KY,ASO,CE,Towers with Radar,0,2,14,0,16,0,2,51,0,53,0,4,65,0,69,2,0,2,71
02/15/2019,LOU,KY,ASO,CE,Towers with Radar,0,0,14,0,14,0,0,65,0,65,0,0,79,0,79,22,0,22,101
02/16/2019,LOU,KY,ASO,CE,Towers with Radar,0,1,25,0,26,0,1,177,0,178,0,2,202,0,204,170,0,170,374
02/17/2019,LOU,KY,ASO,CE,Towers with Radar,0,2,15,0,17,0,0,0,0,0,0,2,15,0,17,0,0,0,17
02/18/2019,LOU,KY,ASO,CE,Towers with Radar,0,1,20,0,21,0,2,54,2,58,0,3,74,2,79,288,0,288,367
02/19/2019,LOU,KY,ASO,CE,Towers with Radar,0,0,11,0,11,0,0,113,0,113,0,0,124,0,124,208,0,208,332
02/20/2019,LOU,KY,ASO,CE,Towers with Radar,0,0,2,0,2,0,0,2,0,2,0,0,4,0,4,0,0,0,4
02/21/2019,LOU,KY,ASO,CE,Towers with Radar,0,0,16,0,16,0,0,134,1,135,0,0,150,1,151,208,0,208,359
02/22/2019,LOU,KY,ASO,CE,Towers with Radar,0,1,15,0,16,0,2,103,0,105,0,3,118,0,121,114,0,114,235
02/23/2019,LOU,KY,ASO,CE,Towers with Radar,0,0,5,0,5,0,0,4,0,4,0,0,9,0,9,2,0,2,11
02/24/2019,LOU,KY,ASO,CE,Towers with Radar,0,0,5,0,5,0,0,7,0,7,0,0,12,0,12,24,0,24,36
02/25/2019,LOU,KY,ASO,CE,Towers with Radar,0,1,26,0,27,0,0,145,1,146,0,1,171,1,173,166,0,166,339
02/26/2019,LOU,KY,ASO,CE,Towers with Radar,0,1,16,0,17,0,1,148,3,152,0,2,164,3,169,228,0,228,397
02/27/2019,LOU,KY,ASO,CE,Towers with Radar,0,1,21,0,22,0,0,129,0,129,0,1,150,0,151,142,0,142,293
02/28/2019,LOU,KY,ASO,CE,Towers with Radar,0,1,14,0,15,0,0,14,0,14,0,1,28,0,29,46,0,46,75
03/01/2019,LOU,KY,ASO,CE,Towers with Radar,0,1,19,0,20,0,0,6,0,6,0,1,25,0,26,0,0,0,26
03/02/2019,LOU,KY,ASO,CE,Towers with Radar,0,0,21,0,21,0,0,80,0,80,0,0,101,0,101,206,0,206,307
03/03/2019,LOU,KY,ASO,CE,Towers with Radar,0,0,3,0,3,0,0,4,0,4,0,0,7,0,7,0,0,0,7
03/04/2019,LOU,KY,ASO,CE,Towers with Radar,0,1,15,0,16,0,0,88,0,88,0,1,103,0,104,102,0,102,206
03/05/2019,LOU,KY,ASO,CE,Towers with Radar,0,3,9,0,12,0,3,72,2,77,0,6,81,2,89,146,0,146,235
03/06/2019,LOU,KY,ASO,CE,Towers with Radar,0,0,19,0,19,0,2,133,1,136,0,2,152,1,155,130,0,130,285
03/07/2019,LOU,KY,ASO,CE,Towers with Radar,0,1,20,0,21,0,0,45,0,45,0,1,65,0,66,136,0,136,202
03/08/2019,LOU,KY,ASO,CE,Towers with Radar,0,4,12,0,16,0,0,8,0,8,0,4,20,0,24,22,0,22,46
03/09/2019,LOU,KY,ASO,CE,Towers with Radar,0,0,3,0,3,0,0,0,0,0,0,0,3,0,3,0,0,0,3
03/10/2019,LOU,KY,ASO,CE,Towers with Radar,0,0,20,0,20,0,0,108,0,108,0,0,128,0,128,128,0,128,256
03/11/2019,LOU,KY,ASO,CE,Towers with Radar,0,2,21,0,23,0,1,159,0,160,0,3,180,0,183,168,0,168,351
03/12/2019,LOU,KY,ASO,CE,Towers with Radar,0,0,30,0,30,0,1,149,0,150,0,1,179,0,180,81,0,81,261
03/13/2019,LOU,KY,ASO,CE,Towers with Radar,0,4,9,0,13,0,2,77,0,79,0,6,86,0,92,82,0,82,174
03/14/2019,LOU,KY,ASO,CE,Towers with Radar,0,2,6,0,8,0,0,3,0,3,0,2,9,0,11,0,0,0,11
03/15/2019,LOU,KY,ASO,CE,Towers with Radar,0,0,13,0,13,0,0,46,0,46,0,0,59,0,59,14,0,14,73
03/16/2019,LOU,KY,ASO,CE,Towers with Radar,0,0,25,0,25,0,6,156,0,162,0,6,181,0,187,126,0,126,313
03/17/2019,LOU,KY,ASO,CE,Towers with Radar,0,0,15,0,15,0,0,106,0,106,0,0,121,0,121,204,0,204,325
03/18/2019,LOU,KY,ASO,CE,Towers with Radar,0,0,21,0,21,0,0,149,0,149,0,0,170,0,170,166,0,166,336
03/19/2019,LOU,KY,ASO,CE,Towers with Radar,0,0,24,0,24,0,1,108,0,109,0,1,132,0,133,128,0,128,261
03/20/2019,LOU,KY,ASO,CE,Towers with Radar,0,5,16,0,21,0,0,116,0,116,0,5,132,0,137,194,0,194,331
03/21/2019,LOU,KY,ASO,CE,Towers with Radar,0,0,23,0,23,0,1,12,0,13,0,1,35,0,36,54,0,54,90
03/22/2019,LOU,KY,ASO,CE,Towers with Radar,0,1,19,0,20,0,0,110,0,110,0,1,129,0,130,110,0,110,240
03/23/2019,LOU,KY,ASO,CE,Towers with Radar,0,2,21,0,23,0,1,191,2,194,0,3,212,2,217,190,0,190,407
03/24/2019,LOU,KY,ASO,CE,Towers with Radar,0,1,23,0,24,0,2,88,0,90,0,3,111,0,114,130,0,130,244
03/25/2019,LOU,KY,ASO,CE,Towers with Radar,0,0,5,0,5,0,0,6,0,6,0,0,11,0,11,0,0,0,11
03/26/2019,LOU,KY,ASO,CE,Towers with Radar,0,0,13,0,13,0,2,132,0,134,0,2,145,0,147,146,0,146,293
03/27/2019,LOU,KY,ASO,CE,Towers with Radar,0,0,15,0,15,0,5,176,1,182,0,5,191,1,197,150,0,150,347
03/28/2019,LOU,KY,ASO,CE,Towers with Radar,0,2,33,0,35,0,0,116,1,117,0,2,149,1,152,92,0,92,244
03/29/2019,LOU,KY,ASO,CE,Towers with Radar,0,0,30,0,30,0,3,54,0,57,0,3,84,0,87,126,0,126,213
03/30/2019,LOU,KY,ASO,CE,Towers with Radar,0,0,12,0,12,0,0,6,0,6,0,0,18,0,18,0,0,0,18
03/31/2019,LOU,KY,ASO,CE,Towers with Radar,0,0,26,0,26,0,0,101,0,101,0,0,127,0,127,84,0,84,211
04/01/2019,LOU,KY,ASO,CE,Towers with Radar,0,1,11,0,12,0,6,137,1,144,0,7,148,1,156,174,0,174,330
04/02/2019,LOU,KY,ASO,CE,Towers with Radar,0,3,14,0,17,0,0,141,0,141,0,3,155,0,158,126,0,126,284
04/03/2019,LOU,KY,ASO,CE,Towers with Radar,0,0,13,0,13,0,0,139,0,139,0,0,152,0,152,208,0,208,360
04/04/2019,LOU,KY,ASO,CE,Towers with Radar,0,2,18,0,20,0,3,78,0,81,0,5,96,0,101,44,0,44,145
04/05/2019,LOU,KY,ASO,CE,Towers with Radar,0,1,21,0,22,0,0,31,0,31,0,1,52,0,53,94,0,94,147
04/06/2019,LOU,KY,ASO,CE,Towers with Radar,0,1,26,0,27,0,1,148,0,149,0,2,174,0,176,192,0,192,368
04/07/2019,LOU,KY,ASO,CE,Towers with Radar,0,0,8,0,8,0,0,26,0,26,0,0,34,0,34,40,0,40,74
04/08/2019,LOU,KY,ASO,CE,Towers with Radar,0,3,18,0,21,0,1,79,0,80,0,4,97,0,101,136,0,136,237
04/09/2019,LOU,KY,ASO,CE,Towers with Radar,0,1,22,0,23,0,2,171,0,173,0,3,193,0,196,148,0,148,344
04/10/2019,LOU,KY,ASO,CE,Towers with Radar,0,1,29,0,30,0,1,165,1,167,0,2,194,1,197,222,0,222,419
04/11/2019,LOU,KY,ASO,CE,Towers with Radar,0,0,23,0,23,0,2,29,0,31,0,2,52,0,54,20,0,20,74
04/12/2019,LOU,KY,ASO,CE,Towers with Radar,0,1,9,0,10,0,0,44,0,44,0,1,53,0,54,8,0,8,62
04/13/2019,LOU,KY,ASO,CE,Towers with Radar,0,2,8,0,10,0,1,181,0,182,0,3,189,0,192,231,0,231,423
04/14/2019,LOU,KY,ASO,CE,Towers with Radar,0,1,12,0,13,0,0,12,1,13,0,1,24,1,26,0,0,0,26
04/15/2019,LOU,KY,ASO,CE,Towers with Radar,0,3,21,0,24,0,1,112,0,113,0,4,133,0,137,278,0,278,415
04/16/2019,LOU,KY,ASO,CE,Towers with Radar,0,3,27,0,30,0,1,121,0,122,0,4,148,0,152,228,0,228,380
04/17/2019,LOU,KY,ASO,CE,Towers with Radar,0,0,8,2,10,0,6,143,0,149,0,6,151,2,159,230,0,230,389
04/18/2019,LOU,KY,ASO,CE,Towers with Radar,0,0,18,0,18,0,20,4,0,24,0,20,22,0,42,6,0,6,48
04/19/2019,LOU,KY,ASO,CE,Towers with Radar,0,0,5,0,5,0,0,0,0,0,0,0,5,0,5,0,0,0,5
04/20/2019,LOU,KY,ASO,CE,Towers with Radar,0,0,10,0,10,0,0,2,0,2,0,0,12,0,12,0,0,0,12
04/21/2019,LOU,KY,ASO,CE,Towers with Radar,0,0,9,0,9,0,2,134,0,136,0,2,143,0,145,138,0,138,283
04/22/2019,LOU,KY,ASO,CE,Towers with Radar,0,0,25,0,25,0,5,175,0,180,0,5,200,0,205,170,0,170,375
04/23/2019,LOU,KY,ASO,CE,Towers with Radar,0,0,20,0,20,0,4,95,0,99,0,4,115,0,119,134,0,134,253
04/24/2019,LOU,KY,ASO,CE,Towers with Radar,0,0,37,1,38,0,7,108,0,115,0,7,145,1,153,182,0,182,335
04/25/2019,LOU,KY,ASO,CE,Towers with Radar,0,0,32,0,32,0,0,47,0,47,0,0,79,0,79,184,0,184,263
04/26/2019,LOU,KY,ASO,CE,Towers with Radar,0,6,24,0,30,0,4,18,0,22,0,10,42,0,52,2,0,2,54
04/27/2019,LOU,KY,ASO,CE,Towers with Radar,0,1,19,0,20,0,10,161,0,171,0,11,180,0,191,134,0,134,325
04/28/2019,LOU,KY,ASO,CE,Towers with Radar,0,1,24,0,25,0,7,65,0,72,0,8,89,0,97,116,0,116,213
04/29/2019,LOU,KY,ASO,CE,Towers with Radar,0,2,21,0,23,0,1,102,0,103,0,3,123,0,126,142,0,142,268
04/30/2019,LOU,KY,ASO,CE,Towers with Radar,0,0,25,0,25,0,3,143,0,146,0,3,168,0,171,168,0,168,339
05/01/2019,LOU,KY,ASO,CE,Towers with Radar,0,1,15,0,16,0,4,26,0,30,0,5,41,0,46,4,0,4,50
05/02/2019,LOU,KY,ASO,CE,Towers with Radar,0,4,62,0,66,0,5,89,0,94,0,9,151,0,160,184,0,184,344
05/03/2019,LOU,KY,ASO,CE,Towers with Radar,0,7,46,0,53,0,0,79,8,87,0,7,125,8,140,128,0,128,268
05/04/2019,LOU,KY,ASO,CE,Towers with Radar,0,6,29,0,35,0,1,9,0,10,0,7,38,0,45,0,0,0,45
05/05/2019,LOU,KY,ASO,CE,Towers with Radar,0,8,80,0,88,0,0,100,0,100,0,8,180,0,188,86,0,86,274
05/06/2019,LOU,KY,ASO,CE,Towers with Radar,0,0,16,0,16,0,0,187,0,187,0,0,203,0,203,250,0,250,453
05/07/2019,LOU,KY,ASO,CE,Towers with Radar,0,0,11,0,11,0,0,163,0,163,0,0,174,0,174,318,0,318,492
05/08/2019,LOU,KY,ASO,CE,Towers with Radar,0,0,16,0,16,0,0,145,0,145,0,0,161,0,161,210,0,210,371
05/09/2019,LOU,KY,ASO,CE,Towers with Radar,0,0,15,0,15,0,0,9,0,9,0,0,24,0,24,46,0,46,70
05/10/2019,LOU,KY,ASO,CE,Towers with Radar,0,0,25,0,25,0,0,78,0,78,0,0,103,0,103,196,0,196,299
05/11/2019,LOU,KY,ASO,CE,Towers with Radar,0,0,20,0,20,0,1,191,0,192,0,1,211,0,212,136,0,136,348
05/12/2019,LOU,KY,ASO,CE,Towers with Radar,0,2,18,0,20,0,0,2,0,2,0,2,20,0,22,6,0,6,28
05/13/2019,LOU,KY,ASO,CE,Towers with Radar,0,0,20,0,20,0,4,138,0,142,0,4,158,0,162,202,0,202,364
05/14/2019,LOU,KY,ASO,CE,Towers with Radar,0,0,24,0,24,0,4,188,1,193,0,4,212,1,217,214,2,216,433
05/15/2019,LOU,KY,ASO,CE,Towers with Radar,0,0,16,0,16,0,2,140,3,145,0,2,156,3,161,292,0,292,453
05/16/2019,LOU,KY,ASO,CE,Towers with Radar,0,0,19,0,19,0,1,157,0,158,0,1,176,0,177,230,0,230,407
05/17/2019,LOU,KY,ASO,CE,Towers with Radar,0,0,36,0,36,0,5,145,0,150,0,5,181,0,186,206,0,206,392
05/18/2019,LOU,KY,ASO,CE,Towers with Radar,0,0,18,0,18,0,6,182,0,188,0,6,200,0,206,142,0,142,348
05/19/2019,LOU,KY,ASO,CE,Towers with Radar,0,0,19,0,19,0,0,32,0,32,0,0,51,0,51,22,0,22,73
05/20/2019,LOU,KY,ASO,CE,Towers with Radar,0,1,33,0,34,0,2,161,1,164,0,3,194,1,198,218,0,218,416
05/21/2019,LOU,KY,ASO,CE,Towers with Radar,0,1,34,0,35,0,6,176,2,184,0,7,210,2,219,304,0,304,523
05/22/2019,LOU,KY,ASO,CE,Towers with Radar,0,2,19,0,21,0,1,101,1,103,0,3,120,1,124,200,0,200,324
05/23/2019,LOU,KY,ASO,CE,Towers with Radar,0,2,25,0,27,0,3,80,2,85,0,5,105,2,112,108,0,108,220
05/24/2019,LOU,KY,ASO,CE,Towers with Radar,0,2,15,0,17,0,1,152,0,153,0,3,167,0,170,264,0,264,434
05/25/2019,LOU,KY,ASO,CE,Towers with Radar,0,0,17,0,17,0,19,126,0,145,0,19,143,0,162,112,0,112,274
05/26/2019,LOU,KY,ASO,CE,Towers with Radar,0,0,12,0,12,0,2,80,0,82,0,2,92,0,94,64,0,64,158
05/27/2019,LOU,KY,ASO,CE,Towers with Radar,0,0,23,0,23,0,2,87,0,89,0,2,110,0,112,104,0,104,216
05/28/2019,LOU,KY,ASO,CE,Towers with Radar,0,0,24,0,24,0,8,182,0,190,0,8,206,0,214,210,0,210,424
05/29/2019,LOU,KY,ASO,CE,Towers with Radar,0,2,9,0,11,0,0,65,0,65,0,2,74,0,76,140,0,140,216
05/30/2019,LOU,KY,ASO,CE,Towers with Radar,0,0,37,0,37,0,0,63,0,63,0,0,100,0,100,222,0,222,322
05/31/2019,LOU,KY,ASO,CE,Towers with Radar,0,0,12,0,12,0,2,165,0,167,0,2,177,0,179,356,0,356,535
06/01/2019,LOU,KY,ASO,CE,Towers with Radar,0,1,22,0,23,0,0,139,0,139,0,1,161,0,162,180,0,180,342
06/02/2019,LOU,KY,ASO,CE,Towers with Radar,0,0,24,0,24,0,2,142,0,144,0,2,166,0,168,102,0,102,270
06/03/2019,LOU,KY,ASO,CE,Towers with Radar,0,0,15,0,15,0,5,229,0,234,0,5,244,0,249,336,0,336,585
06/04/2019,LOU,KY,ASO,CE,Towers with Radar,0,0,18,1,19,0,4,219,2,225,0,4,237,3,244,151,2,153,397
06/05/2019,LOU,KY,ASO,CE,Towers with Radar,0,0,6,0,6,0,6,70,0,76,0,6,76,0,82,194,0,194,276
06/06/2019,LOU,KY,ASO,CE,Towers with Radar,0,0,28,0,28,0,4,86,0,90,0,4,114,0,118,220,0,220,338
06/07/2019,LOU,KY,ASO,CE,Towers with Radar,0,0,9,0,9,0,3,23,0,26,0,3,32,0,35,20,0,20,55
06/08/2019,LOU,KY,ASO,CE,Towers with Radar,0,0,17,0,17,0,2,48,0,50,0,2,65,0,67,46,0,46,113
06/09/2019,LOU,KY,ASO,CE,Towers with Radar,0,0,18,0,18,0,0,12,0,12,0,0,30,0,30,30,0,30,60
06/10/2019,LOU,KY,ASO,CE,Towers with Radar,0,1,19,0,20,0,5,62,0,67,0,6,81,0,87,162,0,162,249
06/11/2019,LOU,KY,ASO,CE,Towers with Radar,0,1,21,0,22,0,4,233,0,237,0,5,254,0,259,290,0,290,549
06/12/2019,LOU,KY,ASO,CE,Towers with Radar,0,2,21,0,23,0,3,170,0,173,0,5,191,0,196,198,0,198,394
06/13/2019,LOU,KY,ASO,CE,Towers with Radar,0,0,12,0,12,0,9,43,0,52,0,9,55,0,64,112,0,112,176
06/14/2019,LOU,KY,ASO,CE,Towers with Radar,0,2,28,0,30,0,3,217,0,220,0,5,245,0,250,170,0,170,420
06/15/2019,LOU,KY,ASO,CE,Towers with Radar,0,0,14,0,14,0,0,50,0,50,0,0,64,0,64,62,0,62,126
06/16/2019,LOU,KY,ASO,CE,Towers with Radar,0,0,5,0,5,0,0,34,0,34,0,0,39,0,39,132,0,132,171
06/17/2019,LOU,KY,ASO,CE,Towers with Radar,0,3,15,0,18,0,0,71,0,71,0,3,86,0,89,118,0,118,207
06/18/2019,LOU,KY,ASO,CE,Towers with Radar,0,1,32,0,33,0,2,31,0,33,0,3,63,0,66,136,0,136,202
06/19/2019,LOU,KY,ASO,CE,Towers with Radar,0,0,24,0,24,0,0,59,0,59,0,0,83,0,83,194,0,194,277
06/20/2019,LOU,KY,ASO,CE,Towers with Radar,0,3,30,0,33,0,0,61,3,64,0,3,91,3,97,126,8,134,231
06/21/2019,LOU,KY,ASO,CE,Towers with Radar,0,1,21,0,22,0,4,252,0,256,0,5,273,0,278,290,0,290,568
06/22/2019,LOU,KY,ASO,CE,Towers with Radar,0,0,10,0,10,0,2,52,0,54,0,2,62,0,64,122,0,122,186
06/23/2019,LOU,KY,ASO,CE,Towers with Radar,0,0,20,0,20,0,1,73,0,74,0,1,93,0,94,90,0,90,184
06/24/2019,LOU,KY,ASO,CE,Towers with Radar,0,0,17,0,17,0,0,68,0,68,0,0,85,0,85,100,0,100,185
06/25/2019,LOU,KY,ASO,CE,Towers with Radar,0,2,27,0,29,0,4,205,0,209,0,6,232,0,238,286,0,286,524
06/26/2019,LOU,KY,ASO,CE,Towers with Radar,0,0,31,0,31,0,1,193,1,195,0,1,224,1,226,306,0,306,532
06/27/2019,LOU,KY,ASO,CE,Towers with Radar,0,4,21,0,25,0,8,201,0,209,0,12,222,0,234,308,0,308,542
06/28/2019,LOU,KY,ASO,CE,Towers with Radar,0,2,34,0,36,0,4,172,0,176,0,6,206,0,212,192,0,192,404
06/29/2019,LOU,KY,ASO,CE,Towers with Radar,0,4,21,0,25,0,8,203,0,211,0,12,224,0,236,148,0,148,384
06/30/2019,LOU,KY,ASO,CE,Towers with Radar,0,0,16,0,16,0,0,136,0,136,0,0,152,0,152,74,0,74,226
07/01/2019,LOU,KY,ASO,CE,Towers with Radar,0,1,12,0,13,0,4,124,0,128,0,5,136,0,141,152,0,152,293
07/02/2019,LOU,KY,ASO,CE,Towers with Radar,0,0,12,0,12,0,4,94,0,98,0,4,106,0,110,176,0,176,286
07/03/2019,LOU,KY,ASO,CE,Towers with Radar,0,0,18,0,18,0,5,90,0,95,0,5,108,0,113,216,0,216,329
07/04/2019,LOU,KY,ASO,CE,Towers with Radar,0,3,12,0,15,0,2,76,0,78,0,5,88,0,93,126,0,126,219
07/05/2019,LOU,KY,ASO,CE,Towers with Radar,0,1,10,0,11,0,6,128,0,134,0,7,138,0,145,178,0,178,323
07/06/2019,LOU,KY,ASO,CE,Towers with Radar,0,0,20,0,20,0,3,94,0,97,0,3,114,0,117,164,0,164,281
07/07/2019,LOU,KY,ASO,CE,Towers with Radar,0,2,26,0,28,0,0,114,0,114,0,2,140,0,142,76,0,76,218
07/08/2019,LOU,KY,ASO,CE,Towers with Radar,0,4,13,2,19,0,0,203,0,203,0,4,216,2,222,220,0,220,442
07/09/2019,LOU,KY,ASO,CE,Towers with Radar,0,0,37,0,37,0,5,201,0,206,0,5,238,0,243,202,0,202,445
07/10/2019,LOU,KY,ASO,CE,Towers with Radar,0,0,31,0,31,0,9,129,0,138,0,9,160,0,169,220,0,220,389
07/11/2019,LOU,KY,ASO,CE,Towers with Radar,0,0,26,0,26,0,11,165,4,180,0,11,191,4,206,284,0,284,490
07/12/2019,LOU,KY,ASO,CE,Towers with Radar,0,0,28,0,28,0,10,216,0,226,0,10,244,0,254,198,0,198,452
07/13/2019,LOU,KY,ASO,CE,Towers with Radar,0,0,26,0,26,0,0,180,0,180,0,0,206,0,206,130,0,130,336
07/14/2019,LOU,KY,ASO,CE,Towers with Radar,0,0,19,0,19,0,2,133,0,135,0,2,152,0,154,160,0,160,314
07/15/2019,LOU,KY,ASO,CE,Towers with Radar,0,2,16,0,18,0,2,111,0,113,0,4,127,0,131,304,0,304,435
07/16/2019,LOU,KY,ASO,CE,Towers with Radar,0,0,15,0,15,0,0,57,0,57,0,0,72,0,72,12,0,12,84
07/17/2019,LOU,KY,ASO,CE,Towers with Radar,0,2,18,0,20,0,0,73,0,73,0,2,91,0,93,198,0,198,291
07/18/2019,LOU,KY,ASO,CE,Towers with Radar,0,4,40,0,44,0,0,128,3,131,0,4,168,3,175,156,0,156,331
07/19/2019,LOU,KY,ASO,CE,Towers with Radar,0,2,35,0,37,0,0,155,0,155,0,2,190,0,192,280,0,280,472
07/20/2019,LOU,KY,ASO,CE,Towers with Radar,0,2,14,0,16,0,10,143,2,155,0,12,157,2,171,104,0,104,275
07/21/2019,LOU,KY,ASO,CE,Towers with Radar,0,0,19,0,19,0,2,92,0,94,0,2,111,0,113,48,0,48,161
07/22/2019,LOU,KY,ASO,CE,Towers with Radar,0,1,9,0,10,0,3,41,1,45,0,4,50,1,55,112,0,112,167
07/23/2019,LOU,KY,ASO,CE,Towers with Radar,0,0,8,0,8,0,5,146,0,151,0,5,154,0,159,110,0,110,269
07/24/2019,LOU,KY,ASO,CE,Towers with Radar,0,1,17,0,18,0,1,183,0,184,0,2,200,0,202,218,0,218,420
07/25/2019,LOU,KY,ASO,CE,Towers with Radar,0,2,10,0,12,0,3,200,1,204,0,5,210,1,216,210,0,210,426
07/26/2019,LOU,KY,ASO,CE,Towers with Radar,0,0,23,0,23,0,2,157,0,159,0,2,180,0,182,240,0,240,422
07/27/2019,LOU,KY,ASO,CE,Towers with Radar,0,0,20,0,20,0,7,175,1,183,0,7,195,1,203,180,0,180,383
07/28/2019,LOU,KY,ASO,CE,Towers with Radar,0,0,26,0,26,0,6,164,0,170,0,6,190,0,196,260,0,260,456
07/29/2019,LOU,KY,ASO,CE,Towers with Radar,0,0,14,0,14,0,8,89,0,97,0,8,103,0,111,66,0,66,177
07/30/2019,LOU,KY,ASO,CE,Towers with Radar,0,1,15,0,16,0,3,101,0,104,0,4,116,0,120,220,0,220,340
07/31/2019,LOU,KY,ASO,CE,Towers with Radar,0,2,29,0,31,0,0,95,0,95,0,2,124,0,126,166,0,166,292
08/01/2019,LOU,KY,ASO,CE,Towers with Radar,0,2,33,0,35,0,2,180,1,183,0,4,213,1,218,212,0,212,430
08/02/2019,LOU,KY,ASO,CE,Towers with Radar,0,1,16,0,17,0,6,186,0,192,0,7,202,0,209,154,0,154,363
08/03/2019,LOU,KY,ASO,CE,Towers with Radar,0,0,26,0,26,0,3,203,0,206,0,3,229,0,232,176,0,176,408
08/04/2019,LOU,KY,ASO,CE,Towers with Radar,0,1,23,0,24,0,0,166,0,166,0,1,189,0,190,134,0,134,324
08/05/2019,LOU,KY,ASO,CE,Towers with Radar,0,0,28,1,29,0,2,172,0,174,0,2,200,1,203,216,0,216,419
08/06/2019,LOU,KY,ASO,CE,Towers with Radar,0,0,10,1,11,0,1,80,2,83,0,1,90,3,94,46,0,46,140
08/07/2019,LOU,KY,ASO,CE,Towers with Radar,0,0,21,1,22,0,9,143,6,158,0,9,164,7,180,172,0,172,352
08/08/2019,LOU,KY,ASO,CE,Towers with Radar,0,0,21,0,21,0,6,159,0,165,0,6,180,0,186,50,0,50,236
08/09/2019,LOU,KY,ASO,CE,Towers with Radar,0,2,23,0,25,0,8,177,0,185,0,10,200,0,210,172,0,172,382
08/10/2019,LOU,KY,ASO,CE,Towers with Radar,0,0,13,0,13,0,3,203,0,206,0,3,216,0,219,152,0,152,371
08/11/2019,LOU,KY,ASO,CE,Towers with Radar,0,0,16,0,16,0,4,190,0,194,0,4,206,0,210,192,0,192,402
08/12/2019,LOU,KY,ASO,CE,Towers with Radar,0,0,15,0,15,0,0,152,0,152,0,0,167,0,167,242,0,242,409
08/13/2019,LOU,KY,ASO,CE,Towers with Radar,0,0,17,0,17,0,1,78,0,79,0,1,95,0,96,160,0,160,256
08/14/2019,LOU,KY,ASO,CE,Towers with Radar,0,0,15,0,15,0,2,161,0,163,0,2,176,0,178,230,0,230,408
08/15/2019,LOU,KY,ASO,CE,Towers with Radar,0,0,28,1,29,0,0,139,0,139,0,0,167,1,168,106,0,106,274
08/16/2019,LOU,KY,ASO,CE,Towers with Radar,0,0,15,0,15,0,1,156,0,157,0,1,171,0,172,218,0,218,390
08/17/2019,LOU,KY,ASO,CE,Towers with Radar,0,0,7,0,7,0,0,208,0,208,0,0,215,0,215,164,0,164,379
08/18/2019,LOU,KY,ASO,CE,Towers with Radar,0,0,14,0,14,0,0,146,2,148,0,0,160,2,162,130,0,130,292
08/19/2019,LOU,KY,ASO,CE,Towers with Radar,0,0,20,0,20,0,8,132,0,140,0,8,152,0,160,206,0,206,366
08/20/2019,LOU,KY,ASO,CE,Towers with Radar,0,3,15,0,18,0,2,64,0,66,0,5,79,0,84,98,0,98,182
08/21/2019,LOU,KY,ASO,CE,Towers with Radar,0,3,15,0,18,0,0,71,0,71,0,3,86,0,89,120,0,120,209
08/22/2019,LOU,KY,ASO,CE,Towers with Radar,0,0,18,0,18,0,0,116,0,116,0,0,134,0,134,282,0,282,416
08/23/2019,LOU,KY,ASO,CE,Towers with Radar,0,0,33,0,33,0,0,29,0,29,0,0,62,0,62,58,0,58,120
08/24/2019,LOU,KY,ASO,CE,Towers with Radar,0,0,20,0,20,0,12,159,0,171,0,12,179,0,191,87,0,87,278
08/25/2019,LOU,KY,ASO,CE,Towers with Radar,0,0,17,0,17,0,6,138,0,144,0,6,155,0,161,154,0,154,315
08/26/2019,LOU,KY,ASO,CE,Towers with Radar,0,0,18,0,18,0,0,0,0,0,0,0,18,0,18,0,0,0,18
08/27/2019,LOU,KY,ASO,CE,Towers with Radar,0,0,22,0,22,0,0,38,0,38,0,0,60,0,60,70,0,70,130
08/28/2019,LOU,KY,ASO,CE,Towers with Radar,0,0,33,0,33,0,5,208,1,214,0,5,241,1,247,266,0,266,513
08/29/2019,LOU,KY,ASO,CE,Towers with Radar,0,2,20,0,22,0,2,196,0,198,0,4,216,0,220,124,0,124,344
08/30/2019,LOU,KY,ASO,CE,Towers with Radar,0,0,24,0,24,0,4,199,0,203,0,4,223,0,227,144,0,144,371
08/31/2019,LOU,KY,ASO,CE,Towers with Radar,0,2,18,1,21,0,13,184,0,197,0,15,202,1,218,240,0,240,458
09/01/2019,LOU,KY,ASO,CE,Towers with Radar,0,0,16,0,16,0,8,152,1,161,0,8,168,1,177,170,0,170,347
09/02/2019,LOU,KY,ASO,CE,Towers with Radar,0,0,29,0,29,0,0,128,0,128,0,0,157,0,157,96,0,96,253
09/03/2019,LOU,KY,ASO,CE,Towers with Radar,0,0,19,0,19,0,0,147,0,147,0,0,166,0,166,194,0,194,360
09/04/2019,LOU,KY,ASO,CE,Towers with Radar,0,0,25,0,25,0,0,144,0,144,0,0,169,0,169,228,0,228,397
09/05/2019,LOU,KY,ASO,CE,Towers with Radar,0,0,20,0,20,0,5,147,1,153,0,5,167,1,173,112,0,112,285
09/06/2019,LOU,KY,ASO,CE,Towers with Radar,0,2,4,0,6,0,0,137,0,137,0,2,141,0,143,120,0,120,263
09/07/2019,LOU,KY,ASO,CE,Towers with Radar,0,3,24,0,27,0,0,128,0,128,0,3,152,0,155,102,0,102,257
09/08/2019,LOU,KY,ASO,CE,Towers with Radar,0,3,18,0,21,0,0,160,0,160,0,3,178,0,181,146,0,146,327
09/09/2019,LOU,KY,ASO,CE,Towers with Radar,0,1,28,0,29,0,0,133,4,137,0,1,161,4,166,164,0,164,330
09/10/2019,LOU,KY,ASO,CE,Towers with Radar,0,4,20,0,24,0,1,124,0,125,0,5,144,0,149,78,0,78,227
09/11/2019,LOU,KY,ASO,CE,Towers with Radar,0,2,15,0,17,0,1,142,1,144,0,3,157,1,161,84,0,84,245
09/12/2019,LOU,KY,ASO,CE,Towers with Radar,0,2,33,0,35,0,4,128,2,134,0,6,161,2,169,86,0,86,255
09/13/2019,LOU,KY,ASO,CE,Towers with Radar,0,3,25,0,28,0,0,128,0,128,0,3,153,0,156,88,0,88,244
09/14/2019,LOU,KY,ASO,CE,Towers with Radar,0,0,18,0,18,0,4,168,0,172,0,4,186,0,190,128,0,128,318
09/15/2019,LOU,KY,ASO,CE,Towers with Radar,0,0,15,0,15,0,5,160,0,165,0,5,175,0,180,104,0,104,284
09/16/2019,LOU,KY,ASO,CE,Towers with Radar,0,0,19,0,19,0,2,134,2,138,0,2,153,2,157,136,2,138,295
09/17/2019,LOU,KY,ASO,CE,Towers with Radar,0,3,22,0,25,0,2,124,0,126,0,5,146,0,151,82,0,82,233
09/18/2019,LOU,KY,ASO,CE,Towers with Radar,0,3,22,0,25,0,3,131,0,134,0,6,153,0,159,120,0,120,279
09/19/2019,LOU,KY,ASO,CE,Towers with Radar,0,4,36,0,40,0,5,136,0,141,0,9,172,0,181,166,0,166,347
09/20/2019,LOU,KY,ASO,CE,Towers with Radar,0,2,20,0,22,0,0,107,0,107,0,2,127,0,129,82,0,82,211
09/21/2019,LOU,KY,ASO,CE,Towers with Radar,0,0,23,0,23,0,3,167,0,170,0,3,190,0,193,26,0,26,219
09/22/2019,LOU,KY,ASO,CE,Towers with Radar,0,4,21,0,25,0,2,105,0,107,0,6,126,0,132,100,0,100,232
09/23/2019,LOU,KY,ASO,CE,Towers with Radar,0,0,16,0,16,0,2,64,0,66,0,2,80,0,82,66,0,66,148
09/24/2019,LOU,KY,ASO,CE,Towers with Radar,0,2,24,0,26,0,0,162,0,162,0,2,186,0,188,146,0,146,334
09/25/2019,LOU,KY,ASO,CE,Towers with Radar,0,5,32,0,37,0,6,147,0,153,0,11,179,0,190,112,0,112,302
09/26/2019,LOU,KY,ASO,CE,Towers with Radar,0,5,26,0,31,0,5,176,1,182,0,10,202,1,213,110,0,110,323
09/27/2019,LOU,KY,ASO,CE,Towers with Radar,0,1,20,0,21,0,12,130,0,142,0,13,150,0,163,72,0,72,235
09/28/2019,LOU,KY,ASO,CE,Towers with Radar,0,1,21,0,22,0,11,160,0,171,0,12,181,0,193,56,0,56,249
09/29/2019,LOU,KY,ASO,CE,Towers with Radar,0,2,28,0,30,0,12,125,0,137,0,14,153,0,167,86,0,86,253
09/30/2019,LOU,KY,ASO,CE,Towers with Radar,0,2,26,0,28,0,0,132,0,132,0,2,158,0,160,152,0,152,312
10/01/2019,LOU,KY,ASO,CE,Towers with Radar,0,0,23,0,23,0,1,94,0,95,0,1,117,0,118,118,0,118,236
10/02/2019,LOU,KY,ASO,CE,Towers with Radar,0,5,10,0,15,0,2,118,0,120,0,7,128,0,135,138,0,138,273
10/03/2019,LOU,KY,ASO,CE,Towers with Radar,0,3,41,0,44,0,8,103,0,111,0,11,144,0,155,152,0,152,307
10/04/2019,LOU,KY,ASO,CE,Towers with Radar,0,0,26,0,26,0,5,157,1,163,0,5,183,1,189,106,0,106,295
10/05/2019,LOU,KY,ASO,CE,Towers with Radar,0,0,15,0,15,0,4,361,2,367,0,4,376,2,382,38,0,38,420
10/06/2019,LOU,KY,ASO,CE,Towers with Radar,0,2,16,0,18,0,0,247,2,249,0,2,263,2,267,30,0,30,297
10/07/2019,LOU,KY,ASO,CE,Towers with Radar,0,1,24,0,25,0,0,53,1,54,0,1,77,1,79,36,0,36,115
10/08/2019,LOU,KY,ASO,CE,Towers with Radar,0,1,23,0,24,0,4,134,1,139,0,5,157,1,163,70,0,70,233
10/09/2019,LOU,KY,ASO,CE,Towers with Radar,0,1,26,1,28,0,0,27,1,28,0,1,53,2,56,80,0,80,136
10/10/2019,LOU,KY,ASO,CE,Towers with Radar,0,1,40,0,41,0,1,166,0,167,0,2,206,0,208,150,0,150,358
10/11/2019,LOU,KY,ASO,CE,Towers with Radar,0,1,24,0,25,0,1,37,0,38,0,2,61,0,63,68,0,68,131
10/12/2019,LOU,KY,ASO,CE,Towers with Radar,0,1,22,0,23,0,10,163,0,173,0,11,185,0,196,94,0,94,290
10/13/2019,LOU,KY,ASO,CE,Towers with Radar,0,1,26,0,27,0,12,150,0,162,0,13,176,0,189,120,0,120,309
10/14/2019,LOU,KY,ASO,CE,Towers with Radar,0,1,18,0,19,0,4,161,0,165,0,5,179,0,184,200,0,200,384
10/15/2019,LOU,KY,ASO,CE,Towers with Radar,0,0,29,0,29,0,1,75,0,76,0,1,104,0,105,56,0,56,161
10/16/2019,LOU,KY,ASO,CE,Towers with Radar,0,3,16,0,19,0,5,43,0,48,0,8,59,0,67,32,0,32,99
10/17/2019,LOU,KY,ASO,CE,Towers with Radar,0,1,34,0,35,0,2,162,0,164,0,3,196,0,199,196,0,196,395
10/18/2019,LOU,KY,ASO,CE,Towers with Radar,0,2,34,0,36,0,5,192,0,197,0,7,226,0,233,130,0,130,363
10/19/2019,LOU,KY,ASO,CE,Towers with Radar,0,0,24,0,24,0,0,153,3,156,0,0,177,3,180,90,0,90,270
10/20/2019,LOU,KY,ASO,CE,Towers with Radar,0,0,36,0,36,0,6,113,0,119,0,6,149,0,155,80,0,80,235
10/21/2019,LOU,KY,ASO,CE,Towers with Radar,0,2,6,0,8,0,0,5,0,5,0,2,11,0,13,0,0,0,13
10/22/2019,LOU,KY,ASO,CE,Towers with Radar,0,0,17,3,20,0,6,86,0,92,0,6,103,3,112,28,0,28,140
10/23/2019,LOU,KY,ASO,CE,Towers with Radar,0,0,26,0,26,0,2,155,2,159,0,2,181,2,185,128,0,128,313
10/24/2019,LOU,KY,ASO,CE,Towers with Radar,0,2,25,0,27,0,2,169,0,171,0,4,194,0,198,172,0,172,370
10/25/2019,LOU,KY,ASO,CE,Towers with Radar,0,0,21,0,21,0,1,120,0,121,0,1,141,0,142,164,0,164,306
10/26/2019,LOU,KY,ASO,CE,Towers with Radar,0,0,8,0,8,0,0,2,0,2,0,0,10,0,10,0,0,0,10
10/27/2019,LOU,KY,ASO,CE,Towers with Radar,0,0,20,0,20,0,5,118,0,123,0,5,138,0,143,146,0,146,289
10/28/2019,LOU,KY,ASO,CE,Towers with Radar,0,3,31,0,34,0,2,114,0,116,0,5,145,0,150,142,0,142,292
10/29/2019,LOU,KY,ASO,CE,Towers with Radar,0,0,44,0,44,0,0,78,0,78,0,0,122,0,122,228,0,228,350
10/30/2019,LOU,KY,ASO,CE,Towers with Radar,0,8,22,0,30,0,0,2,0,2,0,8,24,0,32,2,0,2,34
10/31/2019,LOU,KY,ASO,CE,Towers with Radar,0,4,10,0,14,0,0,1,0,1,0,4,11,0,15,0,0,0,15
11/01/2019,LOU,KY,ASO,CE,Towers with Radar,0,2,23,0,25,0,0,149,0,149,0,2,172,0,174,112,0,112,286
11/02/2019,LOU,KY,ASO,CE,Towers with Radar,0,0,23,0,23,0,5,250,0,255,0,5,273,0,278,12,0,12,290
11/03/2019,LOU,KY,ASO,CE,Towers with Radar,0,0,27,0,27,0,1,125,0,126,0,1,152,0,153,72,0,72,225
11/04/2019,LOU,KY,ASO,CE,Towers with Radar,0,2,9,0,11,0,3,104,0,107,0,5,113,0,118,114,0,114,232
11/05/2019,LOU,KY,ASO,CE,Towers with Radar,0,3,33,0,36,0,1,84,0,85,0,4,117,0,121,100,0,100,221
11/06/2019,LOU,KY,ASO,CE,Towers with Radar,0,3,23,0,26,0,0,112,0,112,0,3,135,0,138,112,0,112,250
11/07/2019,LOU,KY,ASO,CE,Towers with Radar,0,2,10,0,12,0,0,7,0,7,0,2,17,0,19,4,0,4,23
11/08/2019,LOU,KY,ASO,CE,Towers with Radar,0,0,22,0,22,0,0,142,0,142,0,0,164,0,164,113,0,113,277
11/09/2019,LOU,KY,ASO,CE,Towers with Radar,0,0,11,0,11,0,3,149,0,152,0,3,160,0,163,48,0,48,211
11/10/2019,LOU,KY,ASO,CE,Towers with Radar,0,0,26,0,26,0,3,116,0,119,0,3,142,0,145,123,0,123,268
11/11/2019,LOU,KY,ASO,CE,Towers with Radar,0,0,10,0,10,0,0,62,0,62,0,0,72,0,72,60,0,60,132
11/12/2019,LOU,KY,ASO,CE,Towers with Radar,0,0,12,0,12,0,3,52,0,55,0,3,64,0,67,62,0,62,129
11/13/2019,LOU,KY,ASO,CE,Towers with Radar,0,0,22,0,22,0,0,104,0,104,0,0,126,0,126,33,0,33,159
11/14/2019,LOU,KY,ASO,CE,Towers with Radar,1,0,24,0,25,0,3,134,0,137,1,3,158,0,162,64,0,64,226
11/15/2019,LOU,KY,ASO,CE,Towers with Radar,0,3,29,0,32,0,2,154,0,156,0,5,183,0,188,78,0,78,266
11/16/2019,LOU,KY,ASO,CE,Towers with Radar,0,0,14,0,14,0,9,167,0,176,0,9,181,0,190,80,0,80,270
11/17/2019,LOU,KY,ASO,CE,Towers with Radar,0,1,27,0,28,0,2,134,0,136,0,3,161,0,164,118,0,118,282
11/18/2019,LOU,KY,ASO,CE,Towers with Radar,0,0,19,0,19,0,3,54,0,57,0,3,73,0,76,158,0,158,234
11/19/2019,LOU,KY,ASO,CE,Towers with Radar,0,0,13,0,13,0,0,26,0,26,0,0,39,0,39,14,0,14,53
11/20/2019,LOU,KY,ASO,CE,Towers with Radar,0,0,29,2,31,0,1,68,0,69,0,1,97,2,100,150,0,150,250
11/21/2019,LOU,KY,ASO,CE,Towers with Radar,0,1,21,0,22,0,0,30,0,30,0,1,51,0,52,54,0,54,106
11/22/2019,LOU,KY,ASO,CE,Towers with Radar,0,2,18,0,20,0,0,59,0,59,0,2,77,0,79,112,0,112,191
11/23/2019,LOU,KY,ASO,CE,Towers with Radar,0,1,14,0,15,0,0,0,0,0,0,1,14,0,15,0,0,0,15
11/24/2019,LOU,KY,ASO,CE,Towers with Radar,0,1,16,0,17,0,4,145,0,149,0,5,161,0,166,94,0,94,260
11/25/2019,LOU,KY,ASO,CE,Towers with Radar,0,1,20,0,21,0,3,160,3,166,0,4,180,3,187,140,0,140,327
11/26/2019,LOU,KY,ASO,CE,Towers with Radar,0,8,20,0,28,0,0,86,0,86,0,8,106,0,114,130,0,130,244
11/27/2019,LOU,KY,ASO,CE,Towers with Radar,0,0,7,0,7,0,0,4,0,4,0,0,11,0,11,4,0,4,15
11/28/2019,LOU,KY,ASO,CE,Towers with Radar,0,0,3,0,3,0,1,34,0,35,0,1,37,0,38,38,0,38,76
11/29/2019,LOU,KY,ASO,CE,Towers with Radar,0,0,13,0,13,0,4,112,0,116,0,4,125,0,129,80,0,80,209
11/30/2019,LOU,KY,ASO,CE,Towers with Radar,0,0,7,0,7,0,0,0,0,0,0,0,7,0,7,0,0,0,7
12/01/2019,LOU,KY,ASO,CE,Towers with Radar,0,3,8,0,11,0,5,23,0,28,0,8,31,0,39,10,0,10,49
12/02/2019,LOU,KY,ASO,CE,Towers with Radar,0,0,5,0,5,0,2,13,0,15,0,2,18,0,20,2,0,2,22
12/03/2019,LOU,KY,ASO,CE,Towers with Radar,0,0,14,0,14,0,6,78,0,84,0,6,92,0,98,172,0,172,270
12/04/2019,LOU,KY,ASO,CE,Towers with Radar,0,2,24,0,26,0,1,74,0,75,0,3,98,0,101,32,0,32,133
12/05/2019,LOU,KY,ASO,CE,Towers with Radar,0,0,18,0,18,0,2,174,0,176,0,2,192,0,194,104,0,104,298
12/06/2019,LOU,KY,ASO,CE,Towers with Radar,0,1,19,0,20,0,0,40,0,40,0,1,59,0,60,90,0,90,150
12/07/2019,LOU,KY,ASO,CE,Towers with Radar,0,1,15,0,16,0,1,166,1,168,0,2,181,1,184,134,0,134,318
12/08/2019,LOU,KY,ASO,CE,Towers with Radar,0,1,18,0,19,0,2,87,0,89,0,3,105,0,108,116,0,116,224
12/09/2019,LOU,KY,ASO,CE,Towers with Radar,0,1,2,0,3,0,3,0,0,3,0,4,2,0,6,0,0,0,6
12/10/2019,LOU,KY,ASO,CE,Towers with Radar,0,0,12,0,12,0,0,73,0,73,0,0,85,0,85,60,0,60,145
12/11/2019,LOU,KY,ASO,CE,Towers with Radar,0,0,20,0,20,0,1,118,0,119,0,1,138,0,139,94,0,94,233
12/12/2019,LOU,KY,ASO,CE,Towers with Radar,0,2,16,0,18,0,1,157,0,158,0,3,173,0,176,106,0,106,282
12/13/2019,LOU,KY,ASO,CE,Towers with Radar,0,0,6,0,6,0,0,53,0,53,0,0,59,0,59,80,0,80,139
12/14/2019,LOU,KY,ASO,CE,Towers with Radar,0,0,6,0,6,0,0,22,0,22,0,0,28,0,28,30,0,30,58
12/15/2019,LOU,KY,ASO,CE,Towers with Radar,0,0,8,0,8,0,0,103,0,103,0,0,111,0,111,184,0,184,295
12/16/2019,LOU,KY,ASO,CE,Towers with Radar,0,0,3,0,3,0,0,0,0,0,0,0,3,0,3,0,0,0,3
12/17/2019,LOU,KY,ASO,CE,Towers with Radar,0,2,5,0,7,0,1,49,0,50,0,3,54,0,57,92,0,92,149
12/18/2019,LOU,KY,ASO,CE,Towers with Radar,0,1,15,0,16,0,0,85,0,85,0,1,100,0,101,198,0,198,299
12/19/2019,LOU,KY,ASO,CE,Towers with Radar,0,0,16,0,16,0,5,193,0,198,0,5,209,0,214,70,0,70,284
12/20/2019,LOU,KY,ASO,CE,Towers with Radar,0,0,21,0,21,0,4,170,0,174,0,4,191,0,195,226,0,226,421
12/21/2019,LOU,KY,ASO,CE,Towers with Radar,0,0,19,0,19,0,1,158,0,159,0,1,177,0,178,110,0,110,288
12/22/2019,LOU,KY,ASO,CE,Towers with Radar,0,0,17,0,17,0,0,129,0,129,0,0,146,0,146,136,0,136,282
12/23/2019,LOU,KY,ASO,CE,Towers with Radar,0,0,6,0,6,0,0,137,0,137,0,0,143,0,143,110,0,110,253
12/24/2019,LOU,KY,ASO,CE,Towers with Radar,0,0,10,0,10,0,1,85,0,86,0,1,95,0,96,122,0,122,218
12/25/2019,LOU,KY,ASO,CE,Towers with Radar,0,0,5,0,5,0,0,33,0,33,0,0,38,0,38,18,0,18,56
12/26/2019,LOU,KY,ASO,CE,Towers with Radar,0,0,17,0,17,0,1,108,0,109,0,1,125,0,126,106,0,106,232
12/27/2019,LOU,KY,ASO,CE,Towers with Radar,0,0,18,0,18,0,0,49,0,49,0,0,67,0,67,106,0,106,173
12/28/2019,LOU,KY,ASO,CE,Towers with Radar,0,0,18,0,18,0,2,54,0,56,0,2,72,0,74,122,0,122,196
12/29/2019,LOU,KY,ASO,CE,Towers with Radar,0,0,3,0,3,0,0,4,0,4,0,0,7,0,7,0,0,0,7
12/30/2019,LOU,KY,ASO,CE,Towers with Radar,0,0,16,0,16,0,1,17,0,18,0,1,33,0,34,0,0,0,34
12/31/2019,LOU,KY,ASO,CE,Towers with Radar,0,0,10,0,10,0,0,31,0,31,0,0,41,0,41,38,0,38,79
01/01/2020,LOU,KY,ASO,CE,Towers with Radar,0,1,11,0,12,0,8,147,0,155,0,9,158,0,167,52,0,52,219
01/02/2020,LOU,KY,ASO,CE,Towers with Radar,0,0,5,0,5,0,0,19,0,19,0,0,24,0,24,88,0,88,112
01/03/2020,LOU,KY,ASO,CE,Towers with Radar,0,1,8,0,9,0,0,0,0,0,0,1,8,0,9,0,0,0,9
01/04/2020,LOU,KY,ASO,CE,Towers with Radar,0,2,4,0,6,0,0,31,0,31,0,2,35,0,37,22,0,22,59
01/05/2020,LOU,KY,ASO,CE,Towers with Radar,0,0,23,0,23,0,1,112,0,113,0,1,135,0,136,48,0,48,184
01/06/2020,LOU,KY,ASO,CE,Towers with Radar,0,0,20,0,20,0,0,174,0,174,0,0,194,0,194,136,0,136,330
01/07/2020,LOU,KY,ASO,CE,Towers with Radar,0,0,13,0,13,0,3,100,1,104,0,3,113,1,117,116,0,116,233
01/08/2020,LOU,KY,ASO,CE,Towers with Radar,0,0,24,0,24,0,3,160,1,164,0,3,184,1,188,194,0,194,382
01/09/2020,LOU,KY,ASO,CE,Towers with Radar,0,0,5,0,5,0,2,67,0,69,0,2,72,0,74,124,0,124,198
01/10/2020,LOU,KY,ASO,CE,Towers with Radar,0,0,16,0,16,0,0,15,0,15,0,0,31,0,31,2,0,2,33
01/11/2020,LOU,KY,ASO,CE,Towers with Radar,0,0,4,0,4,0,0,0,0,0,0,0,4,0,4,0,0,0,4
01/12/2020,LOU,KY,ASO,CE,Towers with Radar,0,0,13,0,13,0,2,100,0,102,0,2,113,0,115,234,0,234,349
01/13/2020,LOU,KY,ASO,CE,Towers with Radar,0,0,19,0,19,0,0,141,0,141,0,0,160,0,160,200,0,200,360
01/14/2020,LOU,KY,ASO,CE,Towers with Radar,0,0,23,0,23,0,0,134,0,134,0,0,157,0,157,282,0,282,439
01/15/2020,LOU,KY,ASO,CE,Towers with Radar,0,0,14,0,14,0,1,4,0,5,0,1,18,0,19,4,0,4,23
01/16/2020,LOU,KY,ASO,CE,Towers with Radar,0,0,21,0,21,0,1,155,0,156,0,1,176,0,177,110,0,110,287
01/17/2020,LOU,KY,ASO,CE,Towers with Radar,0,0,24,0,24,0,0,147,0,147,0,0,171,0,171,94,0,94,265
01/18/2020,LOU,KY,ASO,CE,Towers with Radar,0,1,4,0,5,0,0,1,0,1,0,1,5,0,6,0,0,0,6
01/19/2020,LOU,KY,ASO,CE,Towers with Radar,0,0,5,0,5,0,0,82,0,82,0,0,87,0,87,130,0,130,217
01/20/2020,LOU,KY,ASO,CE,Towers with Radar,0,1,18,0,19,0,3,38,0,41,0,4,56,0,60,186,0,186,246
01/21/2020,LOU,KY,ASO,CE,Towers with Radar,0,0,26,0,26,0,5,135,0,140,0,5,161,0,166,158,0,158,324
01/22/2020,LOU,KY,ASO,CE,Towers with Radar,0,0,21,0,21,0,2,123,0,125,0,2,144,0,146,110,0,110,256
01/23/2020,LOU,KY,ASO,CE,Towers with Radar,0,2,23,0,25,0,0,86,0,86,0,2,109,0,111,116,0,116,227
01/24/2020,LOU,KY,ASO,CE,Towers with Radar,0,0,6,0,6,0,0,6,0,6,0,0,12,0,12,32,0,32,44
01/25/2020,LOU,KY,ASO,CE,Towers with Radar,0,1,2,0,3,0,0,12,0,12,0,1,14,0,15,78,0,78,93
01/26/2020,LOU,KY,ASO,CE,Towers with Radar,0,1,4,0,5,0,0,100,0,100,0,1,104,0,105,164,0,164,269
01/27/2020,LOU,KY,ASO,CE,Towers with Radar,0,1,24,0,25,0,0,89,0,89,0,1,113,0,114,230,0,230,344
01/28/2020,LOU,KY,ASO,CE,Towers with Radar,0,3,10,0,13,0,0,44,0,44,0,3,54,0,57,248,0,248,305
01/29/2020,LOU,KY,ASO,CE,Towers with Radar,0,0,18,0,18,0,3,75,0,78,0,3,93,0,96,212,0,212,308
01/30/2020,LOU,KY,ASO,CE,Towers with Radar,0,4,26,0,30,0,0,129,0,129,0,4,155,0,159,168,0,168,327
01/31/2020,LOU,KY,ASO,CE,Towers with Radar,0,0,8,0,8,0,0,0,0,0,0,0,8,0,8,0,0,0,8
02/01/2020,LOU,KY,ASO,CE,Towers with Radar,0,0,9,0,9,0,0,47,0,47,0,0,56,0,56,60,0,60,116
02/02/2020,LOU,KY,ASO,CE,Towers with Radar,0,0,13,0,13,0,2,89,0,91,0,2,102,0,104,58,0,58,162
02/03/2020,LOU,KY,ASO,CE,Towers with Radar,0,0,16,0,16,0,1,88,1,90,0,1,104,1,106,62,0,62,168
02/04/2020,LOU,KY,ASO,CE,Towers with Radar,0,0,20,0,20,0,0,1,0,1,0,0,21,0,21,0,0,0,21
02/05/2020,LOU,KY,ASO,CE,Towers with Radar,0,0,14,0,14,0,0,2,0,2,0,0,16,0,16,0,0,0,16
02/06/2020,LOU,KY,ASO,CE,Towers with Radar,0,1,3,0,4,0,0,2,0,2,0,1,5,0,6,0,0,0,6
02/07/2020,LOU,KY,ASO,CE,Towers with Radar,0,1,10,0,11,0,0,54,0,54,0,1,64,0,65,90,0,90,155
02/08/2020,LOU,KY,ASO,CE,Towers with Radar,0,0,9,0,9,0,3,90,0,93,0,3,99,0,102,154,0,154,256
02/09/2020,LOU,KY,ASO,CE,Towers with Radar,0,0,17,0,17,0,0,81,0,81,0,0,98,0,98,62,0,62,160
02/10/2020,LOU,KY,ASO,CE,Towers with Radar,0,0,7,0,7,0,0,0,0,0,0,0,7,0,7,0,0,0,7
02/11/2020,LOU,KY,ASO,CE,Towers with Radar,0,0,24,0,24,0,0,94,0,94,0,0,118,0,118,159,0,159,277
02/12/2020,LOU,KY,ASO,CE,Towers with Radar,0,0,10,0,10,0,0,30,0,30,0,0,40,0,40,74,0,74,114
02/13/2020,LOU,KY,ASO,CE,Towers with Radar,0,1,11,0,12,0,0,25,0,25,0,1,36,0,37,42,0,42,79
02/14/2020,LOU,KY,ASO,CE,Towers with Radar,0,1,25,0,26,0,0,158,3,161,0,1,183,3,187,142,0,142,329
02/15/2020,LOU,KY,ASO,CE,Towers with Radar,0,0,18,0,18,0,3,181,0,184,0,3,199,0,202,120,0,120,322
02/16/2020,LOU,KY,ASO,CE,Towers with Radar,0,2,21,0,23,0,0,168,0,168,0,2,189,0,191,220,0,220,411
02/17/2020,LOU,KY,ASO,CE,Towers with Radar,0,0,27,0,27,0,0,167,0,167,0,0,194,0,194,164,0,164,358
02/18/2020,LOU,KY,ASO,CE,Towers with Radar,0,1,23,0,24,0,1,8,0,9,0,2,31,0,33,20,0,20,53
02/19/2020,LOU,KY,ASO,CE,Towers with Radar,0,0,30,0,30,0,4,145,0,149,0,4,175,0,179,128,0,128,307
02/20/2020,LOU,KY,ASO,CE,Towers with Radar,0,2,25,0,27,0,0,118,0,118,0,2,143,0,145,124,0,124,269
02/21/2020,LOU,KY,ASO,CE,Towers with Radar,0,0,20,0,20,0,1,173,0,174,0,1,193,0,194,276,0,276,470
02/22/2020,LOU,KY,ASO,CE,Towers with Radar,0,0,29,0,29,0,8,214,0,222,0,8,243,0,251,112,0,112,363
02/23/2020,LOU,KY,ASO,CE,Towers with Radar,0,4,18,0,22,0,4,135,0,139,0,8,153,0,161,120,0,120,281
02/24/2020,LOU,KY,ASO,CE,Towers with Radar,0,1,5,0,6,0,0,7,0,7,0,1,12,0,13,30,0,30,43
02/25/2020,LOU,KY,ASO,CE,Towers with Radar,0,4,6,0,10,0,0,7,0,7,0,4,13,0,17,0,0,0,17
02/26/2020,LOU,KY,ASO,CE,Towers with Radar,0,0,12,0,12,0,0,20,0,20,0,0,32,0,32,36,0,36,68
02/27/2020,LOU,KY,ASO,CE,Towers with Radar,0,3,21,0,24,0,0,100,0,100,0,3,121,0,124,172,0,172,296
02/28/2020,LOU,KY,ASO,CE,Towers with Radar,0,0,17,0,17,0,0,123,0,123,0,0,140,0,140,168,0,168,308
02/29/2020,LOU,KY,ASO,CE,Towers with Radar,0,0,14,0,14,0,6,236,2,244,0,6,250,2,258,172,0,172,430
03/01/2020,LOU,KY,ASO,CE,Towers with Radar,0,0,17,0,17,0,1,116,0,117,0,1,133,0,134,52,0,52,186
03/02/2020,LOU,KY,ASO,CE,Towers with Radar,0,4,13,0,17,0,0,4,0,4,0,4,17,0,21,24,0,24,45
03/03/2020,LOU,KY,ASO,CE,Towers with Radar,0,2,15,0,17,0,0,27,0,27,0,2,42,0,44,18,0,18,62
03/04/2020,LOU,KY,ASO,CE,Towers with Radar,0,2,10,0,12,0,0,86,0,86,0,2,96,0,98,140,0,140,238
03/05/2020,LOU,KY,ASO,CE,Towers with Radar,0,1,23,0,24,0,0,192,0,192,0,1,215,0,216,250,0,250,466
03/06/2020,LOU,KY,ASO,CE,Towers with Radar,0,0,7,0,7,0,0,10,1,11,0,0,17,1,18,20,0,20,38
03/07/2020,LOU,KY,ASO,CE,Towers with Radar,0,0,14,0,14,0,0,198,2,200,0,0,212,2,214,252,0,252,466
03/08/2020,LOU,KY,ASO,CE,Towers with Radar,0,0,9,0,9,0,0,159,0,159,0,0,168,0,168,166,0,166,334
03/09/2020,LOU,KY,ASO,CE,Towers with Radar,0,1,8,0,9,0,0,37,0,37,0,1,45,0,46,0,0,0,46
03/10/2020,LOU,KY,ASO,CE,Towers with Radar,0,2,21,0,23,0,0,18,0,18,0,2,39,0,41,152,0,152,193
03/11/2020,LOU,KY,ASO,CE,Towers with Radar,0,1,16,0,17,0,1,106,0,107,0,2,122,0,124,296,0,296,420
03/12/2020,LOU,KY,ASO,CE,Towers with Radar,0,0,6,0,6,0,1,48,0,49,0,1,54,0,55,32,0,32,87
03/13/2020,LOU,KY,ASO,CE,Towers with Radar,0,0,15,0,15,0,0,157,0,157,0,0,172,0,172,190,0,190,362
03/14/2020,LOU,KY,ASO,CE,Towers with Radar,0,0,3,0,3,0,0,34,0,34,0,0,37,0,37,92,0,92,129
03/15/2020,LOU,KY,ASO,CE,Towers with Radar,0,3,17,0,20,0,0,60,0,60,0,3,77,0,80,104,0,104,184
03/16/2020,LOU,KY,ASO,CE,Towers with Radar,0,2,11,0,13,0,2,70,0,72,0,4,81,0,85,132,0,132,217
03/17/2020,LOU,KY,ASO,CE,Towers with Radar,0,1,17,0,18,0,0,107,0,107,0,1,124,0,125,230,0,230,355
03/18/2020,LOU,KY,ASO,CE,Towers with Radar,0,0,11,0,11,0,0,0,0,0,0,0,11,0,11,0,0,0,11
03/19/2020,LOU,KY,ASO,CE,Towers with Radar,0,0,6,0,6,0,0,3,0,3,0,0,9,0,9,0,0,0,9
03/20/2020,LOU,KY,ASO,CE,Towers with Radar,0,2,12,0,14,0,1,50,0,51,0,3,62,0,65,58,0,58,123
03/21/2020,LOU,KY,ASO,CE,Towers with Radar,0,0,2,0,2,0,0,115,0,115,0,0,117,0,117,282,0,282,399
03/22/2020,LOU,KY,ASO,CE,Towers with Radar,0,0,12,0,12,0,0,124,0,124,0,0,136,0,136,118,0,118,254
03/23/2020,LOU,KY,ASO,CE,Towers with Radar,0,0,16,0,16,0,0,75,0,75,0,0,91,0,91,100,0,100,191
03/24/2020,LOU,KY,ASO,CE,Towers with Radar,0,0,12,0,12,0,0,86,0,86,0,0,98,0,98,116,0,116,214
03/25/2020,LOU,KY,ASO,CE,Towers with Radar,0,0,5,0,5,0,0,129,0,129,0,0,134,0,134,92,0,92,226
03/26/2020,LOU,KY,ASO,CE,Towers with Radar,0,0,11,0,11,0,0,118,0,118,0,0,129,0,129,146,0,146,275
03/27/2020,LOU,KY,ASO,CE,Towers with Radar,0,0,7,0,7,0,0,91,0,91,0,0,98,0,98,70,0,70,168
03/28/2020,LOU,KY,ASO,CE,Towers with Radar,0,0,7,0,7,0,0,52,0,52,0,0,59,0,59,14,0,14,73
03/29/2020,LOU,KY,ASO,CE,Towers with Radar,0,0,3,0,3,0,0,12,0,12,0,0,15,0,15,0,0,0,15
03/30/2020,LOU,KY,ASO,CE,Towers with Radar,0,0,4,0,4,0,0,91,0,91,0,0,95,0,95,84,0,84,179
03/31/2020,LOU,KY,ASO,CE,Towers with Radar,0,1,10,0,11,0,0,51,0,51,0,1,61,0,62,98,0,98,160
04/01/2020,LOU,KY,ASO,CE,Towers with Radar,0,0,8,0,8,0,4,71,0,75,0,4,79,0,83,78,0,78,161
04/02/2020,LOU,KY,ASO,CE,Towers with Radar,0,0,5,0,5,0,3,155,0,158,0,3,160,0,163,74,0,74,237
04/03/2020,LOU,KY,ASO,CE,Towers with Radar,0,0,4,0,4,0,0,146,0,146,0,0,150,0,150,72,0,72,222
04/04/2020,LOU,KY,ASO,CE,Towers with Radar,0,0,3,0,3,0,0,161,0,161,0,0,164,0,164,74,0,74,238
04/05/2020,LOU,KY,ASO,CE,Towers with Radar,0,0,6,0,6,0,0,60,0,60,0,0,66,0,66,24,0,24,90
04/06/2020,LOU,KY,ASO,CE,Towers with Radar,0,0,17,0,17,0,0,86,1,87,0,0,103,1,104,56,0,56,160
04/07/2020,LOU,KY,ASO,CE,Towers with Radar,0,0,4,0,4,0,2,47,0,49,0,2,51,0,53,18,0,18,71
04/08/2020,LOU,KY,ASO,CE,Towers with Radar,0,0,12,0,12,0,0,83,2,85,0,0,95,2,97,14,0,14,111
04/09/2020,LOU,KY,ASO,CE,Towers with Radar,0,0,1,0,1,0,0,18,0,18,0,0,19,0,19,0,0,0,19
04/10/2020,LOU,KY,ASO,CE,Towers with Radar,0,0,14,0,14,0,0,89,0,89,0,0,103,0,103,58,0,58,161
04/11/2020,LOU,KY,ASO,CE,Towers with Radar,0,0,9,0,9,0,0,125,0,125,0,0,134,0,134,66,0,66,200
04/12/2020,LOU,KY,ASO,CE,Towers with Radar,0,0,2,0,2,0,3,13,0,16,0,3,15,0,18,8,0,8,26
04/13/2020,LOU,KY,ASO,CE,Towers with Radar,0,0,3,0,3,0,0,33,0,33,0,0,36,0,36,1,0,1,37
04/14/2020,LOU,KY,ASO,CE,Towers with Radar,0,0,7,0,7,0,0,85,0,85,0,0,92,0,92,84,0,84,176
04/15/2020,LOU,KY,ASO,CE,Towers with Radar,0,0,4,0,4,0,2,72,0,74,0,2,76,0,78,36,0,36,114
04/16/2020,LOU,KY,ASO,CE,Towers with Radar,0,1,10,0,11,0,0,176,0,176,0,1,186,0,187,66,0,66,253
04/17/2020,LOU,KY,ASO,CE,Towers with Radar,0,1,2,0,3,0,0,13,0,13,0,1,15,0,16,16,0,16,32
04/18/2020,LOU,KY,ASO,CE,Towers with Radar,0,0,22,0,22,0,0,191,0,191,0,0,213,0,213,144,0,144,357
04/19/2020,LOU,KY,ASO,CE,Towers with Radar,0,0,7,0,7,0,1,82,0,83,0,1,89,0,90,122,0,122,212
04/20/2020,LOU,KY,ASO,CE,Towers with Radar,0,0,7,0,7,0,2,143,0,145,0,2,150,0,152,68,0,68,220
04/21/2020,LOU,KY,ASO,CE,Towers with Radar,0,0,4,0,4,0,1,65,0,66,0,1,69,0,70,24,0,24,94
04/22/2020,LOU,KY,ASO,CE,Towers with Radar,0,2,20,0,22,0,1,144,0,145,0,3,164,0,167,96,0,96,263
04/23/2020,LOU,KY,ASO,CE,Towers with Radar,0,1,2,0,3,0,0,0,0,0,0,1,2,0,3,0,0,0,3
04/24/2020,LOU,KY,ASO,CE,Towers with Radar,0,0,18,0,18,0,1,110,0,111,0,1,128,0,129,124,0,124,253
04/25/2020,LOU,KY,ASO,CE,Towers with Radar,0,0,8,0,8,0,0,34,0,34,0,0,42,0,42,76,0,76,118
04/26/2020,LOU,KY,ASO,CE,Towers with Radar,0,0,7,0,7,0,0,9,0,9,0,0,16,0,16,16,0,16,32
04/27/2020,LOU,KY,ASO,CE,Towers with Radar,0,0,15,0,15,0,0,192,2,194,0,0,207,2,209,104,0,104,313
04/28/2020,LOU,KY,ASO,CE,Towers with Radar,0,0,8,0,8,0,0,89,1,90,0,0,97,1,98,46,0,46,144
04/29/2020,LOU,KY,ASO,CE,Towers with Radar,0,0,3,0,3,0,0,6,0,6,0,0,9,0,9,16,0,16,25
04/30/2020,LOU,KY,ASO,CE,Towers with Radar,0,0,16,0,16,0,0,12,0,12,0,0,28,0,28,18,0,18,46
05/01/2020,LOU,KY,ASO,CE,Towers with Radar,0,0,21,0,21,0,0,196,0,196,0,0,217,0,217,66,0,66,283
05/02/2020,LOU,KY,ASO,CE,Towers with Radar,0,0,16,0,16,0,0,146,0,146,0,0,162,0,162,56,0,56,218
05/03/2020,LOU,KY,ASO,CE,Towers with Radar,0,0,7,0,7,0,1,52,0,53,0,1,59,0,60,54,0,54,114
05/04/2020,LOU,KY,ASO,CE,Towers with Radar,0,2,11,0,13,0,0,171,0,171,0,2,182,0,184,150,0,150,334
05/05/2020,LOU,KY,ASO,CE,Towers with Radar,0,0,24,0,24,0,0,1,0,1,0,0,25,0,25,0,0,0,25
05/06/2020,LOU,KY,ASO,CE,Towers with Radar,0,0,15,0,15,0,0,111,0,111,0,0,126,0,126,90,0,90,216
05/07/2020,LOU,KY,ASO,CE,Towers with Radar,0,0,17,0,17,0,0,147,2,149,0,0,164,2,166,166,0,166,332
05/08/2020,LOU,KY,ASO,CE,Towers with Radar,0,0,10,0,10,0,0,20,0,20,0,0,30,0,30,56,0,56,86
05/09/2020,LOU,KY,ASO,CE,Towers with Radar,0,0,19,0,19,0,0,219,0,219,0,0,238,0,238,128,0,128,366
05/10/2020,LOU,KY,ASO,CE,Towers with Radar,0,0,5,0,5,0,2,12,0,14,0,2,17,0,19,0,0,0,19
05/11/2020,LOU,KY,ASO,CE,Towers with Radar,0,0,11,0,11,0,0,95,0,95,0,0,106,0,106,134,0,134,240
05/12/2020,LOU,KY,ASO,CE,Towers with Radar,0,0,14,0,14,0,0,172,0,172,0,0,186,0,186,146,0,146,332
05/13/2020,LOU,KY,ASO,CE,Towers with Radar,0,0,19,0,19,0,0,10,0,10,0,0,29,0,29,2,0,2,31
05/14/2020,LOU,KY,ASO,CE,Towers with Radar,0,0,4,0,4,0,0,84,0,84,0,0,88,0,88,144,0,144,232
05/15/2020,LOU,KY,ASO,CE,Towers with Radar,0,0,6,0,6,0,0,16,0,16,0,0,22,0,22,38,0,38,60
05/16/2020,LOU,KY,ASO,CE,Towers with Radar,0,0,6,0,6,0,11,72,0,83,0,11,78,0,89,170,0,170,259
05/17/2020,LOU,KY,ASO,CE,Towers with Radar,0,0,11,0,11,0,2,69,0,71,0,2,80,0,82,42,0,42,124
05/18/2020,LOU,KY,ASO,CE,Towers with Radar,0,0,3,0,3,0,0,3,0,3,0,0,6,0,6,2,0,2,8
05/19/2020,LOU,KY,ASO,CE,Towers with Radar,0,0,19,0,19,0,0,64,0,64,0,0,83,0,83,248,0,248,331
05/20/2020,LOU,KY,ASO,CE,Towers with Radar,0,0,22,0,22,0,0,36,0,36,0,0,58,0,58,90,0,90,148
05/21/2020,LOU,KY,ASO,CE,Towers with Radar,0,0,13,0,13,0,2,136,0,138,0,2,149,0,151,246,0,246,397
05/22/2020,LOU,KY,ASO,CE,Towers with Radar,0,0,23,0,23,0,6,197,0,203,0,6,220,0,226,206,0,206,432
05/23/2020,LOU,KY,ASO,CE,Towers with Radar,0,0,6,0,6,0,4,78,0,82,0,4,84,0,88,74,0,74,162
05/24/2020,LOU,KY,ASO,CE,Towers with Radar,0,0,2,0,2,0,4,127,0,131,0,4,129,0,133,180,0,180,313
05/25/2020,LOU,KY,ASO,CE,Towers with Radar,0,0,12,0,12,0,4,158,0,162,0,4,170,0,174,206,0,206,380
05/26/2020,LOU,KY,ASO,CE,Towers with Radar,0,0,14,0,14,0,2,109,0,111,0,2,123,0,125,98,0,98,223
05/27/2020,LOU,KY,ASO,CE,Towers with Radar,0,2,20,0,22,0,0,66,0,66,0,2,86,0,88,94,0,94,182
05/28/2020,LOU,KY,ASO,CE,Towers with Radar,0,0,9,0,9,0,0,102,3,105,0,0,111,3,114,140,0,140,254
05/29/2020,LOU,KY,ASO,CE,Towers with Radar,0,0,14,2,16,0,4,100,2,106,0,4,114,4,122,138,0,138,260
05/30/2020,LOU,KY,ASO,CE,Towers with Radar,0,0,22,0,22,0,4,205,3,212,0,4,227,3,234,196,0,196,430
05/31/2020,LOU,KY,ASO,CE,Towers with Radar,0,2,17,0,19,0,9,170,4,183,0,11,187,4,202,114,0,114,316
06/01/2020,LOU,KY,ASO,CE,Towers with Radar,0,0,21,0,21,0,0,203,4,207,0,0,224,4,228,116,0,116,344
06/02/2020,LOU,KY,ASO,CE,Towers with Radar,0,0,13,0,13,0,1,163,3,167,0,1,176,3,180,174,0,174,354
06/03/2020,LOU,KY,ASO,CE,Towers with Radar,0,0,17,0,17,0,1,165,2,168,0,1,182,2,185,96,0,96,281
06/04/2020,LOU,KY,ASO,CE,Towers with Radar,0,0,15,0,15,0,2,94,0,96,0,2,109,0,111,56,0,56,167
06/05/2020,LOU,KY,ASO,CE,Towers with Radar,0,0,16,0,16,0,4,155,1,160,0,4,171,1,176,156,0,156,332
06/06/2020,LOU,KY,ASO,CE,Towers with Radar,0,0,15,0,15,0,12,205,1,218,0,12,220,1,233,195,0,195,428
06/07/2020,LOU,KY,ASO,CE,Towers with Radar,0,1,8,0,9,0,6,196,0,202,0,7,204,0,211,124,0,124,335
06/08/2020,LOU,KY,ASO,CE,Towers with Radar,0,0,12,0,12,0,0,171,1,172,0,0,183,1,184,82,0,82,266
06/09/2020,LOU,KY,ASO,CE,Towers with Radar,0,0,9,0,9,0,0,28,0,28,0,0,37,0,37,2,0,2,39
06/10/2020,LOU,KY,ASO,CE,Towers with Radar,0,1,11,0,12,0,0,26,0,26,0,1,37,0,38,0,0,0,38
06/11/2020,LOU,KY,ASO,CE,Towers with Radar,0,0,13,0,13,0,6,222,1,229,0,6,235,1,242,136,0,136,378
06/12/2020,LOU,KY,ASO,CE,Towers with Radar,0,0,11,0,11,0,1,222,0,223,0,1,233,0,234,116,0,116,350
06/13/2020,LOU,KY,ASO,CE,Towers with Radar,0,0,26,0,26,0,10,188,0,198,0,10,214,0,224,80,0,80,304
06/14/2020,LOU,KY,ASO,CE,Towers with Radar,0,2,18,0,20,0,7,116,0,123,0,9,134,0,143,174,0,174,317
06/15/2020,LOU,KY,ASO,CE,Towers with Radar,0,2,17,0,19,0,1,216,1,218,0,3,233,1,237,176,0,176,413
06/16/2020,LOU,KY,ASO,CE,Towers with Radar,0,0,20,0,20,0,1,148,0,149,0,1,168,0,169,120,0,120,289
06/17/2020,LOU,KY,ASO,CE,Towers with Radar,0,2,22,0,24,0,0,186,0,186,0,2,208,0,210,178,0,178,388
06/18/2020,LOU,KY,ASO,CE,Towers with Radar,0,2,13,0,15,0,0,161,0,161,0,2,174,0,176,160,0,160,336
06/19/2020,LOU,KY,ASO,CE,Towers with Radar,0,0,24,0,24,0,1,150,0,151,0,1,174,0,175,92,0,92,267
06/20/2020,LOU,KY,ASO,CE,Towers with Radar,0,0,19,0,19,0,8,140,0,148,0,8,159,0,167,106,0,106,273
06/21/2020,LOU,KY,ASO,CE,Towers with Radar,0,0,7,0,7,0,4,54,0,58,0,4,61,0,65,20,0,20,85
06/22/2020,LOU,KY,ASO,CE,Towers with Radar,0,4,22,0,26,0,0,92,0,92,0,4,114,0,118,174,0,174,292
06/23/2020,LOU,KY,ASO,CE,Towers with Radar,0,2,17,0,19,0,4,51,0,55,0,6,68,0,74,64,0,64,138
06/24/2020,LOU,KY,ASO,CE,Towers with Radar,0,0,22,1,23,0,1,189,0,190,0,1,211,1,213,214,0,214,427
06/25/2020,LOU,KY,ASO,CE,Towers with Radar,0,0,20,0,20,0,2,244,0,246,0,2,264,0,266,226,0,226,492
06/26/2020,LOU,KY,ASO,CE,Towers with Radar,0,2,19,0,21,0,5,140,0,145,0,7,159,0,166,182,0,182,348
06/27/2020,LOU,KY,ASO,CE,Towers with Radar,0,1,25,0,26,0,4,46,0,50,0,5,71,0,76,150,0,150,226
06/28/2020,LOU,KY,ASO,CE,Towers with Radar,0,0,9,0,9,0,0,30,0,30,0,0,39,0,39,28,0,28,67
06/29/2020,LOU,KY,ASO,CE,Towers with Radar,0,0,17,0,17,0,0,45,0,45,0,0,62,0,62,110,0,110,172
06/30/2020,LOU,KY,ASO,CE,Towers with Radar,0,2,14,0,16,0,0,118,0,118,0,2,132,0,134,186,0,186,320
07/01/2020,LOU,KY,ASO,CE,Towers with Radar,0,0,20,0,20,0,0,106,0,106,0,0,126,0,126,286,0,286,412
07/02/2020,LOU,KY,ASO,CE,Towers with Radar,0,0,15,0,15,0,8,180,0,188,0,8,195,0,203,197,0,197,400
07/03/2020,LOU,KY,ASO,CE,Towers with Radar,0,0,24,0,24,0,2,143,0,145,0,2,167,0,169,104,0,104,273
07/04/2020,LOU,KY,ASO,CE,Towers with Radar,0,0,13,0,13,0,1,146,0,147,0,1,159,0,160,98,0,98,258
07/05/2020,LOU,KY,ASO,CE,Towers with Radar,0,0,16,0,16,0,7,127,0,134,0,7,143,0,150,8,0,8,158
07/06/2020,LOU,KY,ASO,CE,Towers with Radar,0,3,14,0,17,0,0,108,0,108,0,3,122,0,125,132,0,132,257
07/07/2020,LOU,KY,ASO,CE,Towers with Radar,0,2,12,0,14,0,0,128,0,128,0,2,140,0,142,102,0,102,244
07/08/2020,LOU,KY,ASO,CE,Towers with Radar,0,1,20,0,21,0,0,106,0,106,0,1,126,0,127,142,0,142,269
07/09/2020,LOU,KY,ASO,CE,Towers with Radar,0,0,16,0,16,0,0,110,0,110,0,0,126,0,126,126,0,126,252
07/10/2020,LOU,KY,ASO,CE,Towers with Radar,0,0,19,0,19,0,6,101,0,107,0,6,120,0,126,102,0,102,228
07/11/2020,LOU,KY,ASO,CE,Towers with Radar,0,2,12,0,14,0,2,173,0,175,0,4,185,0,189,124,0,124,313
07/12/2020,LOU,KY,ASO,CE,Towers with Radar,0,0,12,0,12,0,6,77,0,83,0,6,89,0,95,102,0,102,197
07/13/2020,LOU,KY,ASO,CE,Towers with Radar,0,0,18,0,18,0,5,192,0,197,0,5,210,0,215,176,0,176,391
07/14/2020,LOU,KY,ASO,CE,Towers with Radar,0,0,20,0,20,0,1,191,2,194,0,1,211,2,214,114,0,114,328
07/15/2020,LOU,KY,ASO,CE,Towers with Radar,0,2,11,0,13,0,6,171,1,178,0,8,182,1,191,146,0,146,337
07/16/2020,LOU,KY,ASO,CE,Towers with Radar,0,0,23,0,23,0,0,84,0,84,0,0,107,0,107,128,0,128,235
07/17/2020,LOU,KY,ASO,CE,Towers with Radar,0,0,6,0,6,0,0,134,0,134,0,0,140,0,140,220,0,220,360
07/18/2020,LOU,KY,ASO,CE,Towers with Radar,0,1,25,0,26,0,7,157,2,166,0,8,182,2,192,150,0,150,342
07/19/2020,LOU,KY,ASO,CE,Towers with Radar,0,1,19,0,20,0,3,103,0,106,0,4,122,0,126,56,0,56,182
07/20/2020,LOU,KY,ASO,CE,Towers with Radar,0,2,10,0,12,0,0,102,0,102,0,2,112,0,114,142,0,142,256
07/21/2020,LOU,KY,ASO,CE,Towers with Radar,0,0,33,0,33,0,1,153,0,154,0,1,186,0,187,172,0,172,359
07/22/2020,LOU,KY,ASO,CE,Towers with Radar,0,3,25,0,28,0,4,49,0,53,0,7,74,0,81,96,0,96,177
07/23/2020,LOU,KY,ASO,CE,Towers with Radar,0,3,22,0,25,0,6,13,3,22,0,9,35,3,47,48,0,48,95
07/24/2020,LOU,KY,ASO,CE,Towers with Radar,0,2,22,0,24,0,9,202,0,211,0,11,224,0,235,125,0,125,360
07/25/2020,LOU,KY,ASO,CE,Towers with Radar,0,2,16,0,18,0,8,228,0,236,0,10,244,0,254,208,0,208,462
07/26/2020,LOU,KY,ASO,CE,Towers with Radar,0,1,16,0,17,0,0,122,0,122,0,1,138,0,139,90,0,90,229
07/27/2020,LOU,KY,ASO,CE,Towers with Radar,0,0,12,0,12,0,0,126,0,126,0,0,138,0,138,92,0,92,230
07/28/2020,LOU,KY,ASO,CE,Towers with Radar,0,0,28,0,28,0,3,127,0,130,0,3,155,0,158,208,0,208,366
07/29/2020,LOU,KY,ASO,CE,Towers with Radar,0,0,19,0,19,0,1,177,0,178,0,1,196,0,197,252,0,252,449
07/30/2020,LOU,KY,ASO,CE,Towers with Radar,0,0,9,0,9,0,0,6,0,6,0,0,15,0,15,16,0,16,31
07/31/2020,LOU,KY,ASO,CE,Towers with Radar,0,2,28,0,30,0,0,19,0,19,0,2,47,0,49,40,0,40,89
08/01/2020,LOU,KY,ASO,CE,Towers with Radar,0,2,9,0,11,0,0,15,0,15,0,2,24,0,26,18,0,18,44
08/02/2020,LOU,KY,ASO,CE,Towers with Radar,0,0,21,0,21,0,8,133,0,141,0,8,154,0,162,132,0,132,294
08/03/2020,LOU,KY,ASO,CE,Towers with Radar,0,0,13,0,13,0,0,48,0,48,0,0,61,0,61,116,0,116,177
08/04/2020,LOU,KY,ASO,CE,Towers with Radar,0,0,20,0,20,0,1,85,1,87,0,1,105,1,107,152,0,152,259
08/05/2020,LOU,KY,ASO,CE,Towers with Radar,0,2,22,0,24,0,3,223,0,226,0,5,245,0,250,200,0,200,450
08/06/2020,LOU,KY,ASO,CE,Towers with Radar,0,0,26,0,26,0,2,195,6,203,0,2,221,6,229,170,0,170,399
08/07/2020,LOU,KY,ASO,CE,Towers with Radar,0,0,29,0,29,0,4,208,0,212,0,4,237,0,241,146,0,146,387
08/08/2020,LOU,KY,ASO,CE,Towers with Radar,0,0,19,0,19,0,1,216,2,219,0,1,235,2,238,138,0,138,376
08/09/2020,LOU,KY,ASO,CE,Towers with Radar,0,0,14,0,14,0,5,156,0,161,0,5,170,0,175,104,0,104,279
08/10/2020,LOU,KY,ASO,CE,Towers with Radar,0,0,4,0,4,0,2,71,0,73,0,2,75,0,77,50,0,50,127
08/11/2020,LOU,KY,ASO,CE,Towers with Radar,0,0,29,0,29,0,2,145,2,149,0,2,174,2,178,127,0,127,305
08/12/2020,LOU,KY,ASO,CE,Towers with Radar,0,0,13,0,13,0,5,146,0,151,0,5,159,0,164,64,0,64,228
08/13/2020,LOU,KY,ASO,CE,Towers with Radar,0,0,23,0,23,0,0,81,0,81,0,0,104,0,104,142,0,142,246
08/14/2020,LOU,KY,ASO,CE,Towers with Radar,0,0,19,0,19,0,1,46,0,47,0,1,65,0,66,48,0,48,114
08/15/2020,LOU,KY,ASO,CE,Towers with Radar,0,3,7,0,10,0,11,119,4,134,0,14,126,4,144,54,0,54,198
08/16/2020,LOU,KY,ASO,CE,Towers with Radar,0,0,21,0,21,0,2,91,0,93,0,2,112,0,114,80,0,80,194
08/17/2020,LOU,KY,ASO,CE,Towers with Radar,0,0,18,0,18,0,6,144,0,150,0,6,162,0,168,52,0,52,220
08/18/2020,LOU,KY,ASO,CE,Towers with Radar,0,0,10,0,10,0,0,74,0,74,0,0,84,0,84,72,0,72,156
08/19/2020,LOU,KY,ASO,CE,Towers with Radar,0,0,22,2,24,0,0,190,0,190,0,0,212,2,214,198,0,198,412
08/20/2020,LOU,KY,ASO,CE,Towers with Radar,0,0,7,0,7,0,6,213,0,219,0,6,220,0,226,212,0,212,438
08/21/2020,LOU,KY,ASO,CE,Towers with Radar,0,0,13,0,13,0,3,106,0,109,0,3,119,0,122,130,0,130,252
08/22/2020,LOU,KY,ASO,CE,Towers with Radar,0,0,12,0,12,0,8,84,0,92,0,8,96,0,104,152,0,152,256
08/23/2020,LOU,KY,ASO,CE,Towers with Radar,0,0,20,0,20,0,6,61,0,67,0,6,81,0,87,76,0,76,163
08/24/2020,LOU,KY,ASO,CE,Towers with Radar,0,3,24,0,27,0,15,150,0,165,0,18,174,0,192,152,0,152,344
08/25/2020,LOU,KY,ASO,CE,Towers with Radar,0,0,13,0,13,0,2,172,0,174,0,2,185,0,187,136,0,136,323
08/26/2020,LOU,KY,ASO,CE,Towers with Radar,0,0,23,0,23,0,1,135,1,137,0,1,158,1,160,140,0,140,300
08/27/2020,LOU,KY,ASO,CE,Towers with Radar,0,0,21,0,21,0,0,104,0,104,0,0,125,0,125,164,0,164,289
08/28/2020,LOU,KY,ASO,CE,Towers with Radar,0,0,16,0,16,0,0,26,0,26,0,0,42,0,42,22,0,22,64
08/29/2020,LOU,KY,ASO,CE,Towers with Radar,0,0,25,0,25,0,0,41,0,41,0,0,66,0,66,78,0,78,144
08/30/2020,LOU,KY,ASO,CE,Towers with Radar,0,2,18,0,20,0,6,196,0,202,0,8,214,0,222,74,0,74,296
08/31/2020,LOU,KY,ASO,CE,Towers with Radar,0,0,11,0,11,0,0,37,0,37,0,0,48,0,48,60,0,60,108
09/01/2020,LOU,KY,ASO,CE,Towers with Radar,0,0,13,0,13,0,2,46,0,48,0,2,59,0,61,78,0,78,139
09/02/2020,LOU,KY,ASO,CE,Towers with Radar,0,0,33,0,33,0,1,63,0,64,0,1,96,0,97,210,0,210,307
09/03/2020,LOU,KY,ASO,CE,Towers with Radar,0,1,17,0,18,0,2,59,0,61,0,3,76,0,79,148,0,148,227
09/04/2020,LOU,KY,ASO,CE,Towers with Radar,0,0,30,0,30,0,7,215,0,222,0,7,245,0,252,128,0,128,380
09/05/2020,LOU,KY,ASO,CE,Towers with Radar,0,0,15,0,15,0,7,217,0,224,0,7,232,0,239,168,0,168,407
09/06/2020,LOU,KY,ASO,CE,Towers with Radar,0,1,17,0,18,0,4,167,0,171,0,5,184,0,189,86,0,86,275
09/07/2020,LOU,KY,ASO,CE,Towers with Radar,0,0,15,0,15,0,2,130,5,137,0,2,145,5,152,94,18,112,264
09/08/2020,LOU,KY,ASO,CE,Towers with Radar,0,0,12,0,12,0,5,171,1,177,0,5,183,1,189,134,0,134,323
09/09/2020,LOU,KY,ASO,CE,Towers with Radar,0,0,15,0,15,0,1,132,0,133,0,1,147,0,148,100,0,100,248
09/10/2020,LOU,KY,ASO,CE,Towers with Radar,0,2,23,0,25,0,3,130,0,133,0,5,153,0,158,124,0,124,282
09/11/2020,LOU,KY,ASO,CE,Towers with Radar,0,2,36,0,38,0,0,38,0,38,0,2,74,0,76,96,0,96,172
09/12/2020,LOU,KY,ASO,CE,Towers with Radar,0,0,21,0,21,0,9,42,0,51,0,9,63,0,72,32,6,38,110
09/13/2020,LOU,KY,ASO,CE,Towers with Radar,0,0,20,0,20,0,11,61,0,72,0,11,81,0,92,96,0,96,188
09/14/2020,LOU,KY,ASO,CE,Towers with Radar,0,3,19,0,22,0,9,146,0,155,0,12,165,0,177,90,0,90,267
09/15/2020,LOU,KY,ASO,CE,Towers with Radar,0,2,13,0,15,0,1,184,0,185,0,3,197,0,200,192,0,192,392
09/16/2020,LOU,KY,ASO,CE,Towers with Radar,0,2,46,0,48,0,2,149,0,151,0,4,195,0,199,114,0,114,313
09/17/2020,LOU,KY,ASO,CE,Towers with Radar,0,0,27,0,27,0,1,114,0,115,0,1,141,0,142,43,0,43,185
09/18/2020,LOU,KY,ASO,CE,Towers with Radar,0,0,17,0,17,0,3,127,2,132,0,3,144,2,149,154,0,154,303
09/19/2020,LOU,KY,ASO,CE,Towers with Radar,0,2,18,0,20,0,1,207,0,208,0,3,225,0,228,144,0,144,372
09/20/2020,LOU,KY,ASO,CE,Towers with Radar,0,1,17,0,18,0,0,159,0,159,0,1,176,0,177,84,0,84,261
09/21/2020,LOU,KY,ASO,CE,Towers with Radar,0,0,12,0,12,0,5,162,0,167,0,5,174,0,179,98,0,98,277
09/22/2020,LOU,KY,ASO,CE,Towers with Radar,0,0,18,0,18,0,5,147,0,152,0,5,165,0,170,118,0,118,288
09/23/2020,LOU,KY,ASO,CE,Towers with Radar,0,1,20,0,21,0,2,167,2,171,0,3,187,2,192,150,0,150,342
09/24/2020,LOU,KY,ASO,CE,Towers with Radar,0,1,32,0,33,0,0,169,0,169,0,1,201,0,202,156,0,156,358
09/25/2020,LOU,KY,ASO,CE,Towers with Radar,0,4,25,0,29,0,8,184,0,192,0,12,209,0,221,124,0,124,345
09/26/2020,LOU,KY,ASO,CE,Towers with Radar,0,0,32,0,32,0,11,149,0,160,0,11,181,0,192,162,0,162,354
09/27/2020,LOU,KY,ASO,CE,Towers with Radar,0,5,24,0,29,0,6,106,0,112,0,11,130,0,141,80,0,80,221
09/28/2020,LOU,KY,ASO,CE,Towers with Radar,0,2,11,0,13,0,0,14,0,14,0,2,25,0,27,6,0,6,33
09/29/2020,LOU,KY,ASO,CE,Towers with Radar,0,1,18,0,19,0,2,104,0,106,0,3,122,0,125,132,0,132,257
09/30/2020,LOU,KY,ASO,CE,Towers with Radar,0,2,12,0,14,0,3,57,0,60,0,5,69,0,74,10,0,10,84
10/01/2020,LOU,KY,ASO,CE,Towers with Radar,0,5,27,0,32,0,0,144,0,144,0,5,171,0,176,186,0,186,362
10/02/2020,LOU,KY,ASO,CE,Towers with Radar,0,2,30,0,32,0,5,165,0,170,0,7,195,0,202,150,0,150,352
10/03/2020,LOU,KY,ASO,CE,Towers with Radar,0,0,12,0,12,0,2,236,2,240,0,2,248,2,252,162,0,162,414
10/04/2020,LOU,KY,ASO,CE,Towers with Radar,0,5,21,0,26,0,4,86,0,90,0,9,107,0,116,48,0,48,164
10/05/2020,LOU,KY,ASO,CE,Towers with Radar,0,1,23,0,24,0,1,166,0,167,0,2,189,0,191,150,0,150,341
10/06/2020,LOU,KY,ASO,CE,Towers with Radar,0,3,15,0,18,0,2,155,2,159,0,5,170,2,177,150,0,150,327
10/07/2020,LOU,KY,ASO,CE,Towers with Radar,0,0,18,0,18,0,6,165,0,171,0,6,183,0,189,98,0,98,287
10/08/2020,LOU,KY,ASO,CE,Towers with Radar,0,1,32,0,33,0,3,163,0,166,0,4,195,0,199,138,0,138,337
10/09/2020,LOU,KY,ASO,CE,Towers with Radar,0,0,27,0,27,0,8,164,0,172,0,8,191,0,199,128,0,128,327
10/10/2020,LOU,KY,ASO,CE,Towers with Radar,0,0,18,0,18,0,0,91,0,91,0,0,109,0,109,102,0,102,211
10/11/2020,LOU,KY,ASO,CE,Towers with Radar,0,2,29,0,31,0,0,37,0,37,0,2,66,0,68,44,0,44,112
10/12/2020,LOU,KY,ASO,CE,Towers with Radar,0,2,23,0,25,0,2,27,0,29,0,4,50,0,54,20,0,20,74
10/13/2020,LOU,KY,ASO,CE,Towers with Radar,0,0,22,0,22,0,2,183,0,185,0,2,205,0,207,202,0,202,409
10/14/2020,LOU,KY,ASO,CE,Towers with Radar,0,0,12,0,12,0,4,150,0,154,0,4,162,0,166,186,0,186,352
10/15/2020,LOU,KY,ASO,CE,Towers with Radar,0,1,38,0,39,0,1,78,0,79,0,2,116,0,118,74,0,74,192
10/16/2020,LOU,KY,ASO,CE,Towers with Radar,0,0,31,4,35,0,4,157,0,161,0,4,188,4,196,90,0,90,286
10/17/2020,LOU,KY,ASO,CE,Towers with Radar,0,0,18,0,18,0,12,196,0,208,0,12,214,0,226,62,0,62,288
10/18/2020,LOU,KY,ASO,CE,Towers with Radar,0,2,34,0,36,0,5,77,0,82,0,7,111,0,118,50,0,50,168
10/19/2020,LOU,KY,ASO,CE,Towers with Radar,0,0,15,0,15,0,0,1,0,1,0,0,16,0,16,0,0,0,16
10/20/2020,LOU,KY,ASO,CE,Towers with Radar,0,0,29,0,29,0,0,0,0,0,0,0,29,0,29,0,0,0,29
10/21/2020,LOU,KY,ASO,CE,Towers with Radar,0,0,14,0,14,0,0,161,2,163,0,0,175,2,177,168,0,168,345
10/22/2020,LOU,KY,ASO,CE,Towers with Radar,0,0,31,0,31,0,0,176,0,176,0,0,207,0,207,196,0,196,403
10/23/2020,LOU,KY,ASO,CE,Towers with Radar,0,0,15,0,15,0,1,65,1,67,0,1,80,1,82,144,0,144,226
10/24/2020,LOU,KY,ASO,CE,Towers with Radar,0,0,28,0,28,0,0,88,0,88,0,0,116,0,116,94,0,94,210
10/25/2020,LOU,KY,ASO,CE,Towers with Radar,0,1,18,0,19,0,0,0,0,0,0,1,18,0,19,0,0,0,19
10/26/2020,LOU,KY,ASO,CE,Towers with Radar,0,0,22,0,22,0,0,13,0,13,0,0,35,0,35,48,0,48,83
10/27/2020,LOU,KY,ASO,CE,Towers with Radar,0,0,27,0,27,0,0,7,0,7,0,0,34,0,34,54,0,54,88
10/28/2020,LOU,KY,ASO,CE,Towers with Radar,0,0,17,0,17,0,0,4,0,4,0,0,21,0,21,8,0,8,29
10/29/2020,LOU,KY,ASO,CE,Towers with Radar,0,0,13,0,13,0,0,0,0,0,0,0,13,0,13,0,0,0,13
10/30/2020,LOU,KY,ASO,CE,Towers with Radar,0,0,29,0,29,0,4,134,0,138,0,4,163,0,167,156,0,156,323
10/31/2020,LOU,KY,ASO,CE,Towers with Radar,0,0,14,0,14,0,11,204,2,217,0,11,218,2,231,102,0,102,333
11/01/2020,LOU,KY,ASO,CE,Towers with Radar,0,0,9,0,9,0,1,23,0,24,0,1,32,0,33,0,0,0,33
11/02/2020,LOU,KY,ASO,CE,Towers with Radar,0,0,21,0,21,0,0,104,0,104,0,0,125,0,125,152,0,152,277
11/03/2020,LOU,KY,ASO,CE,Towers with Radar,0,0,13,0,13,0,0,180,0,180,0,0,193,0,193,158,0,158,351
11/04/2020,LOU,KY,ASO,CE,Towers with Radar,0,2,7,0,9,0,2,153,3,158,0,4,160,3,167,82,0,82,249
11/05/2020,LOU,KY,ASO,CE,Towers with Radar,0,4,25,0,29,0,3,152,0,155,0,7,177,0,184,176,0,176,360
11/06/2020,LOU,KY,ASO,CE,Towers with Radar,0,0,17,0,17,0,2,192,0,194,0,2,209,0,211,80,0,80,291
11/07/2020,LOU,KY,ASO,CE,Towers with Radar,0,1,13,0,14,0,9,236,0,245,0,10,249,0,259,212,0,212,471
11/08/2020,LOU,KY,ASO,CE,Towers with Radar,0,1,18,0,19,0,1,192,0,193,0,2,210,0,212,116,0,116,328
11/09/2020,LOU,KY,ASO,CE,Towers with Radar,0,0,10,0,10,0,2,145,0,147,0,2,155,0,157,156,0,156,313
11/10/2020,LOU,KY,ASO,CE,Towers with Radar,0,0,11,0,11,0,0,27,0,27,0,0,38,0,38,40,0,40,78
11/11/2020,LOU,KY,ASO,CE,Towers with Radar,0,0,21,0,21,0,0,96,0,96,0,0,117,0,117,94,0,94,211
11/12/2020,LOU,KY,ASO,CE,Towers with Radar,0,0,16,0,16,0,5,120,0,125,0,5,136,0,141,162,0,162,303
11/13/2020,LOU,KY,ASO,CE,Towers with Radar,0,0,17,0,17,0,4,144,2,150,0,4,161,2,167,116,0,116,283
11/14/2020,LOU,KY,ASO,CE,Towers with Radar,0,0,17,0,17,0,5,10,0,15,0,5,27,0,32,0,0,0,32
11/15/2020,LOU,KY,ASO,CE,Towers with Radar,0,0,8,0,8,0,0,110,0,110,0,0,118,0,118,160,0,160,278
11/16/2020,LOU,KY,ASO,CE,Towers with Radar,0,0,23,0,23,0,1,108,0,109,0,1,131,0,132,62,0,62,194
11/17/2020,LOU,KY,ASO,CE,Towers with Radar,0,0,11,0,11,0,0,60,0,60,0,0,71,0,71,48,0,48,119
11/18/2020,LOU,KY,ASO,CE,Towers with Radar,0,2,21,0,23,0,0,137,2,139,0,2,158,2,162,58,0,58,220
11/19/2020,LOU,KY,ASO,CE,Towers with Radar,0,1,12,0,13,0,1,22,0,23,0,2,34,0,36,30,0,30,66
11/20/2020,LOU,KY,ASO,CE,Towers with Radar,0,1,19,0,20,0,2,107,0,109,0,3,126,0,129,94,0,94,223
11/21/2020,LOU,KY,ASO,CE,Towers with Radar,0,0,17,0,17,0,0,1,0,1,0,0,18,0,18,0,0,0,18
11/22/2020,LOU,KY,ASO,CE,Towers with Radar,0,0,10,0,10,0,0,3,0,3,0,0,13,0,13,2,0,2,15
11/23/2020,LOU,KY,ASO,CE,Towers with Radar,0,0,31,0,31,0,5,115,0,120,0,5,146,0,151,166,0,166,317
11/24/2020,LOU,KY,ASO,CE,Towers with Radar,0,0,11,0,11,0,1,116,0,117,0,1,127,0,128,32,0,32,160
11/25/2020,LOU,KY,ASO,CE,Towers with Radar,0,1,5,0,6,0,0,4,0,4,0,1,9,0,10,10,0,10,20
11/26/2020,LOU,KY,ASO,CE,Towers with Radar,0,1,6,0,7,0,0,10,0,10,0,1,16,0,17,62,0,62,79
11/27/2020,LOU,KY,ASO,CE,Towers with Radar,0,0,12,0,12,0,2,152,0,154,0,2,164,0,166,105,0,105,271
11/28/2020,LOU,KY,ASO,CE,Towers with Radar,0,1,12,0,13,0,5,205,0,210,0,6,217,0,223,104,0,104,327
11/29/2020,LOU,KY,ASO,CE,Towers with Radar,0,1,19,0,20,0,0,98,0,98,0,1,117,0,118,66,0,66,184
11/30/2020,LOU,KY,ASO,CE,Towers with Radar,0,0,4,0,4,0,0,4,0,4,0,0,8,0,8,4,0,4,12
12/01/2020,LOU,KY,ASO,CE,Towers with Radar,0,0,9,0,9,0,5,67,0,72,0,5,76,0,81,64,0,64,145
12/02/2020,LOU,KY,ASO,CE,Towers with Radar,0,0,28,0,28,0,0,175,0,175,0,0,203,0,203,118,0,118,321
12/03/2020,LOU,KY,ASO,CE,Towers with Radar,0,0,13,0,13,0,0,131,0,131,0,0,144,0,144,134,0,134,278
12/04/2020,LOU,KY,ASO,CE,Towers with Radar,0,0,7,0,7,0,0,5,0,5,0,0,12,0,12,0,0,0,12
12/05/2020,LOU,KY,ASO,CE,Towers with Radar,0,0,12,0,12,0,2,198,0,200,0,2,210,0,212,130,0,130,342
12/06/2020,LOU,KY,ASO,CE,Towers with Radar,0,0,12,0,12,0,1,130,0,131,0,1,142,0,143,176,0,176,319
12/07/2020,LOU,KY,ASO,CE,Towers with Radar,0,0,6,0,6,0,2,69,0,71,0,2,75,0,77,93,0,93,170
12/08/2020,LOU,KY,ASO,CE,Towers with Radar,0,0,12,0,12,0,0,104,0,104,0,0,116,0,116,160,0,160,276
12/09/2020,LOU,KY,ASO,CE,Towers with Radar,0,2,11,0,13,0,2,139,0,141,0,4,150,0,154,88,0,88,242
12/10/2020,LOU,KY,ASO,CE,Towers with Radar,0,2,21,0,23,0,1,165,0,166,0,3,186,0,189,114,0,114,303
12/11/2020,LOU,KY,ASO,CE,Towers with Radar,0,0,21,0,21,0,0,159,0,159,0,0,180,0,180,78,0,78,258
12/12/2020,LOU,KY,ASO,CE,Towers with Radar,0,0,1,0,1,0,0,20,2,22,0,0,21,2,23,26,0,26,49
12/13/2020,LOU,KY,ASO,CE,Towers with Radar,0,4,15,0,19,0,1,77,0,78,0,5,92,0,97,210,0,210,307
12/14/2020,LOU,KY,ASO,CE,Towers with Radar,0,2,7,0,9,0,2,52,0,54,0,4,59,0,63,98,0,98,161
12/15/2020,LOU,KY,ASO,CE,Towers with Radar,0,0,11,0,11,0,3,123,0,126,0,3,134,0,137,133,0,133,270
12/16/2020,LOU,KY,ASO,CE,Towers with Radar,0,0,2,0,2,0,0,0,0,0,0,0,2,0,2,0,0,0,2
12/17/2020,LOU,KY,ASO,CE,Towers with Radar,0,0,11,0,11,0,0,38,0,38,0,0,49,0,49,114,0,114,163
12/18/2020,LOU,KY,ASO,CE,Towers with Radar,0,0,23,0,23,0,1,201,0,202,0,1,224,0,225,128,0,128,353
12/19/2020,LOU,KY,ASO,CE,Towers with Radar,0,0,14,0,14,0,1,116,0,117,0,1,130,0,131,136,0,136,267
12/20/2020,LOU,KY,ASO,CE,Towers with Radar,0,0,14,0,14,0,0,47,0,47,0,0,61,0,61,80,0,80,141
12/21/2020,LOU,KY,ASO,CE,Towers with Radar,0,1,13,0,14,0,0,16,0,16,0,1,29,0,30,24,0,24,54
12/22/2020,LOU,KY,ASO,CE,Towers with Radar,0,2,9,0,11,0,0,216,0,216,0,2,225,0,227,128,0,128,355
12/23/2020,LOU,KY,ASO,CE,Towers with Radar,0,0,5,0,5,0,1,23,0,24,0,1,28,0,29,10,0,10,39
12/24/2020,LOU,KY,ASO,CE,Towers with Radar,0,0,8,0,8,0,0,11,0,11,0,0,19,0,19,4,0,4,23
12/25/2020,LOU,KY,ASO,CE,Towers with Radar,0,0,2,0,2,0,0,7,0,7,0,0,9,0,9,2,0,2,11
12/26/2020,LOU,KY,ASO,CE,Towers with Radar,0,0,16,0,16,0,4,157,0,161,0,4,173,0,177,80,0,80,257
12/27/2020,LOU,KY,ASO,CE,Towers with Radar,0,2,17,0,19,0,2,76,0,78,0,4,93,0,97,27,0,27,124
12/28/2020,LOU,KY,ASO,CE,Towers with Radar,0,0,17,0,17,0,2,85,0,87,0,2,102,0,104,134,0,134,238
12/29/2020,LOU,KY,ASO,CE,Towers with Radar,0,0,18,0,18,0,0,156,1,157,0,0,174,1,175,58,0,58,233
12/30/2020,LOU,KY,ASO,CE,Towers with Radar,0,0,5,0,5,0,0,6,0,6,0,0,11,0,11,0,0,0,11
12/31/2020,LOU,KY,ASO,CE,Towers with Radar,0,0,3,0,3,0,0,0,0,0,0,0,3,0,3,0,0,0,3
01/01/2021,LOU,KY,ASO,CE,Towers with Radar,0,0,7,0,7,0,1,21,0,22,0,1,28,0,29,20,0,20,49
01/02/2021,LOU,KY,ASO,CE,Towers with Radar,0,0,12,0,12,0,0,76,0,76,0,0,88,0,88,84,0,84,172
01/03/2021,LOU,KY,ASO,CE,Towers with Radar,0,0,9,0,9,0,1,50,0,51,0,1,59,0,60,136,0,136,196
01/04/2021,LOU,KY,ASO,CE,Towers with Radar,0,0,17,0,17,0,2,149,0,151,0,2,166,0,168,130,0,130,298
01/05/2021,LOU,KY,ASO,CE,Towers with Radar,0,0,6,0,6,0,2,33,0,35,0,2,39,0,41,62,0,62,103
01/06/2021,LOU,KY,ASO,CE,Towers with Radar,0,1,11,0,12,0,1,103,0,104,0,2,114,0,116,168,0,168,284
01/07/2021,LOU,KY,ASO,CE,Towers with Radar,0,0,13,0,13,0,1,124,2,127,0,1,137,2,140,102,0,102,242
01/08/2021,LOU,KY,ASO,CE,Towers with Radar,0,0,6,0,6,0,2,61,0,63,0,2,67,0,69,86,0,86,155
01/09/2021,LOU,KY,ASO,CE,Towers with Radar,0,2,8,0,10,0,1,133,0,134,0,3,141,0,144,188,0,188,332
01/10/2021,LOU,KY,ASO,CE,Towers with Radar,0,0,8,0,8,0,4,130,0,134,0,4,138,0,142,188,0,188,330
01/11/2021,LOU,KY,ASO,CE,Towers with Radar,0,0,8,0,8,0,0,119,0,119,0,0,127,0,127,218,0,218,345
01/12/2021,LOU,KY,ASO,CE,Towers with Radar,0,0,19,0,19,0,1,137,1,139,0,1,156,1,158,156,0,156,314
01/13/2021,LOU,KY,ASO,CE,Towers with Radar,0,0,20,1,21,0,0,162,1,163,0,0,182,2,184,172,0,172,356
01/14/2021,LOU,KY,ASO,CE,Towers with Radar,0,1,24,0,25,0,2,136,0,138,0,3,160,0,163,100,0,100,263
01/15/2021,LOU,KY,ASO,CE,Towers with Radar,0,2,9,0,11,0,0,67,0,67,0,2,76,0,78,24,0,24,102
01/16/2021,LOU,KY,ASO,CE,Towers with Radar,0,1,6,0,7,0,0,10,0,10,0,1,16,0,17,8,0,8,25
01/17/2021,LOU,KY,ASO,CE,Towers with Radar,0,0,3,0,3,0,0,0,0,0,0,0,3,0,3,0,0,0,3
01/18/2021,LOU,KY,ASO,CE,Towers with Radar,0,1,8,0,9,0,2,118,0,120,0,3,126,0,129,176,0,176,305
01/19/2021,LOU,KY,ASO,CE,Towers with Radar,0,4,13,0,17,0,0,145,0,145,0,4,158,0,162,124,0,124,286
01/20/2021,LOU,KY,ASO,CE,Towers with Radar,0,0,27,0,27,0,3,187,0,190,0,3,214,0,217,164,0,164,381
01/21/2021,LOU,KY,ASO,CE,Towers with Radar,0,2,19,0,21,0,1,131,0,132,0,3,150,0,153,154,0,154,307
01/22/2021,LOU,KY,ASO,CE,Towers with Radar,0,3,17,0,20,0,4,163,0,167,0,7,180,0,187,92,0,92,279
01/23/2021,LOU,KY,ASO,CE,Towers with Radar,0,1,25,0,26,0,2,254,0,256,0,3,279,0,282,98,0,98,380
01/24/2021,LOU,KY,ASO,CE,Towers with Radar,0,0,5,0,5,0,0,0,0,0,0,0,5,0,5,0,0,0,5
01/25/2021,LOU,KY,ASO,CE,Towers with Radar,0,0,0,0,0,0,0,0,0,0,0,0,0,0,0,0,0,0,0
01/26/2021,LOU,KY,ASO,CE,Towers with Radar,0,0,11,0,11,0,2,40,1,43,0,2,51,1,54,48,0,48,102
01/27/2021,LOU,KY,ASO,CE,Towers with Radar,0,0,1,0,1,0,2,32,0,34,0,2,33,0,35,114,0,114,149
01/28/2021,LOU,KY,ASO,CE,Towers with Radar,0,0,22,0,22,0,3,124,1,128,0,3,146,1,150,104,0,104,254
01/29/2021,LOU,KY,ASO,CE,Towers with Radar,0,1,20,0,21,0,2,230,0,232,0,3,250,0,253,112,0,112,365
01/30/2021,LOU,KY,ASO,CE,Towers with Radar,0,1,8,0,9,0,0,115,0,115,0,1,123,0,124,110,0,110,234
01/31/2021,LOU,KY,ASO,CE,Towers with Radar,0,0,8,0,8,0,0,0,0,0,0,0,8,0,8,0,0,0,8
02/01/2021,LOU,KY,ASO,CE,Towers with Radar,0,0,2,0,2,0,0,29,0,29,0,0,31,0,31,48,0,48,79
02/02/2021,LOU,KY,ASO,CE,Towers with Radar,0,0,20,0,20,0,2,109,0,111,0,2,129,0,131,70,0,70,201
02/03/2021,LOU,KY,ASO,CE,Towers with Radar,0,0,21,0,21,0,0,159,1,160,0,0,180,1,181,112,0,112,293
02/04/2021,LOU,KY,ASO,CE,Towers with Radar,0,2,4,0,6,0,0,35,0,35,0,2,39,0,41,60,0,60,101
02/05/2021,LOU,KY,ASO,CE,Towers with Radar,0,0,21,1,22,0,3,87,1,91,0,3,108,2,113,64,0,64,177
02/06/2021,LOU,KY,ASO,CE,Towers with Radar,0,0,13,0,13,0,1,231,1,233,0,1,244,1,246,106,0,106,352
02/07/2021,LOU,KY,ASO,CE,Towers with Radar,0,2,14,3,19,0,0,109,0,109,0,2,123,3,128,62,0,62,190
02/08/2021,LOU,KY,ASO,CE,Towers with Radar,0,0,11,0,11,0,0,115,0,115,0,0,126,0,126,90,0,90,216
02/09/2021,LOU,KY,ASO,CE,Towers with Radar,0,0,5,0,5,0,3,29,0,32,0,3,34,0,37,46,0,46,83
02/10/2021,LOU,KY,ASO,CE,Towers with Radar,0,0,3,0,3,0,0,0,0,0,0,0,3,0,3,0,0,0,3
02/11/2021,LOU,KY,ASO,CE,Towers with Radar,0,0,2,0,2,0,1,25,0,26,0,1,27,0,28,20,0,20,48
02/12/2021,LOU,KY,ASO,CE,Towers with Radar,0,0,18,0,18,0,1,57,0,58,0,1,75,0,76,244,0,244,320
02/13/2021,LOU,KY,ASO,CE,Towers with Radar,0,0,2,0,2,0,0,86,0,86,0,0,88,0,88,402,0,402,490
02/14/2021,LOU,KY,ASO,CE,Towers with Radar,0,0,10,0,10,0,0,61,0,61,0,0,71,0,71,82,0,82,153
02/15/2021,LOU,KY,ASO,CE,Towers with Radar,0,0,0,0,0,0,0,2,0,2,0,0,2,0,2,0,0,0,2
02/16/2021,LOU,KY,ASO,CE,Towers with Radar,0,0,5,0,5,0,0,15,0,15,0,0,20,0,20,0,0,0,20
02/17/2021,LOU,KY,ASO,CE,Towers with Radar,0,0,6,0,6,0,1,50,0,51,0,1,56,0,57,92,0,92,149
02/18/2021,LOU,KY,ASO,CE,Towers with Radar,0,0,1,0,1,0,0,6,0,6,0,0,7,0,7,0,0,0,7
02/19/2021,LOU,KY,ASO,CE,Towers with Radar,0,0,12,0,12,0,0,102,0,102,0,0,114,0,114,86,0,86,200
02/20/2021,LOU,KY,ASO,CE,Towers with Radar,0,0,19,0,19,0,1,151,3,155,0,1,170,3,174,102,0,102,276
02/21/2021,LOU,KY,ASO,CE,Towers with Radar,0,0,11,0,11,0,2,113,0,115,0,2,124,0,126,62,0,62,188
02/22/2021,LOU,KY,ASO,CE,Towers with Radar,0,1,11,0,12,0,1,52,0,53,0,2,63,0,65,46,0,46,111
02/23/2021,LOU,KY,ASO,CE,Towers with Radar,0,5,18,0,23,0,2,167,0,169,0,7,185,0,192,110,0,110,302
02/24/2021,LOU,KY,ASO,CE,Towers with Radar,0,0,15,0,15,0,0,70,0,70,0,0,85,0,85,30,0,30,115
02/25/2021,LOU,KY,ASO,CE,Towers with Radar,0,2,16,0,18,0,0,205,0,205,0,2,221,0,223,88,0,88,311
02/26/2021,LOU,KY,ASO,CE,Towers with Radar,0,2,14,0,16,0,1,82,0,83,0,3,96,0,99,54,0,54,153
02/27/2021,LOU,KY,ASO,CE,Towers with Radar,0,0,27,0,27,0,0,88,0,88,0,0,115,0,115,156,0,156,271
02/28/2021,LOU,KY,ASO,CE,Towers with Radar,0,0,6,1,7,0,0,6,1,7,0,0,12,2,14,8,0,8,22
03/01/2021,LOU,KY,ASO,CE,Towers with Radar,0,2,15,0,17,0,1,115,2,118,0,3,130,2,135,28,0,28,163
03/02/2021,LOU,KY,ASO,CE,Towers with Radar,0,0,24,0,24,0,0,184,0,184,0,0,208,0,208,140,0,140,348
03/03/2021,LOU,KY,ASO,CE,Towers with Radar,0,2,18,0,20,0,0,185,0,185,0,2,203,0,205,174,0,174,379
03/04/2021,LOU,KY,ASO,CE,Towers with Radar,0,0,9,0,9,0,1,170,0,171,0,1,179,0,180,146,0,146,326
03/05/2021,LOU,KY,ASO,CE,Towers with Radar,0,0,25,0,25,0,0,227,0,227,0,0,252,0,252,136,0,136,388
03/06/2021,LOU,KY,ASO,CE,Towers with Radar,0,0,18,0,18,0,0,217,2,219,0,0,235,2,237,126,0,126,363
03/07/2021,LOU,KY,ASO,CE,Towers with Radar,0,1,20,0,21,0,0,211,0,211,0,1,231,0,232,120,0,120,352
03/08/2021,LOU,KY,ASO,CE,Towers with Radar,0,0,24,0,24,0,1,170,0,171,0,1,194,0,195,150,0,150,345
03/09/2021,LOU,KY,ASO,CE,Towers with Radar,0,1,17,0,18,0,1,131,0,132,0,2,148,0,150,96,0,96,246
03/10/2021,LOU,KY,ASO,CE,Towers with Radar,0,2,21,0,23,0,3,56,0,59,0,5,77,0,82,6,0,6,88
03/11/2021,LOU,KY,ASO,CE,Towers with Radar,0,4,18,0,22,0,0,23,1,24,0,4,41,1,46,14,0,14,60
03/12/2021,LOU,KY,ASO,CE,Towers with Radar,0,1,12,0,13,0,2,122,0,124,0,3,134,0,137,66,0,66,203
03/13/2021,LOU,KY,ASO,CE,Towers with Radar,0,1,21,0,22,0,0,208,0,208,0,1,229,0,230,124,0,124,354
03/14/2021,LOU,KY,ASO,CE,Towers with Radar,0,0,28,0,28,0,2,107,0,109,0,2,135,0,137,134,0,134,271
03/15/2021,LOU,KY,ASO,CE,Towers with Radar,0,0,4,0,4,0,0,0,0,0,0,0,4,0,4,0,0,0,4
03/16/2021,LOU,KY,ASO,CE,Towers with Radar,0,0,26,0,26,0,0,124,0,124,0,0,150,0,150,70,0,70,220
03/17/2021,LOU,KY,ASO,CE,Towers with Radar,0,0,23,0,23,0,4,82,0,86,0,4,105,0,109,190,0,190,299
03/18/2021,LOU,KY,ASO,CE,Towers with Radar,0,0,22,0,22,0,4,9,0,13,0,4,31,0,35,6,0,6,41
03/19/2021,LOU,KY,ASO,CE,Towers with Radar,0,2,19,0,21,0,0,60,0,60,0,2,79,0,81,68,0,68,149
03/20/2021,LOU,KY,ASO,CE,Towers with Radar,0,0,19,0,19,0,2,275,4,281,0,2,294,4,300,154,0,154,454
03/21/2021,LOU,KY,ASO,CE,Towers with Radar,0,0,41,0,41,0,2,187,0,189,0,2,228,0,230,116,0,116,346
03/22/2021,LOU,KY,ASO,CE,Towers with Radar,0,0,27,0,27,0,1,175,2,178,0,1,202,2,205,90,0,90,295
03/23/2021,LOU,KY,ASO,CE,Towers with Radar,0,3,22,0,25,0,7,81,0,88,0,10,103,0,113,132,0,132,245
03/24/2021,LOU,KY,ASO,CE,Towers with Radar,0,5,20,0,25,0,6,89,0,95,0,11,109,0,120,124,0,124,244
03/25/2021,LOU,KY,ASO,CE,Towers with Radar,0,3,5,0,8,0,0,25,0,25,0,3,30,0,33,54,0,54,87
03/26/2021,LOU,KY,ASO,CE,Towers with Radar,0,1,40,0,41,0,5,121,4,130,0,6,161,4,171,184,0,184,355
03/27/2021,LOU,KY,ASO,CE,Towers with Radar,0,3,20,0,23,0,3,208,7,218,0,6,228,7,241,152,0,152,393
03/28/2021,LOU,KY,ASO,CE,Towers with Radar,0,0,9,0,9,0,1,2,0,3,0,1,11,0,12,0,0,0,12
03/29/2021,LOU,KY,ASO,CE,Towers with Radar,0,0,19,0,19,0,4,183,0,187,0,4,202,0,206,142,0,142,348
03/30/2021,LOU,KY,ASO,CE,Towers with Radar,0,0,13,0,13,0,3,55,0,58,0,3,68,0,71,0,0,0,71
03/31/2021,LOU,KY,ASO,CE,Towers with Radar,0,0,17,0,17,0,6,58,0,64,0,6,75,0,81,46,0,46,127
04/01/2021,LOU,KY,ASO,CE,Towers with Radar,0,1,19,0,20,0,1,103,0,104,0,2,122,0,124,74,0,74,198
04/02/2021,LOU,KY,ASO,CE,Towers with Radar,1,0,23,0,24,0,9,208,0,217,1,9,231,0,241,148,0,148,389
04/03/2021,LOU,KY,ASO,CE,Towers with Radar,0,3,24,0,27,0,5,196,4,205,0,8,220,4,232,154,0,154,386
04/04/2021,LOU,KY,ASO,CE,Towers with Radar,0,1,23,0,24,0,0,126,0,126,0,1,149,0,150,94,0,94,244
04/05/2021,LOU,KY,ASO,CE,Towers with Radar,0,6,23,0,29,0,4,161,0,165,0,10,184,0,194,140,0,140,334
04/06/2021,LOU,KY,ASO,CE,Towers with Radar,0,0,20,0,20,0,7,173,1,181,0,7,193,1,201,200,0,200,401
04/07/2021,LOU,KY,ASO,CE,Towers with Radar,0,0,19,0,19,0,4,80,0,84,0,4,99,0,103,48,0,48,151
04/08/2021,LOU,KY,ASO,CE,Towers with Radar,0,0,21,0,21,0,0,13,2,15,0,0,34,2,36,40,0,40,76
04/09/2021,LOU,KY,ASO,CE,Towers with Radar,0,0,21,0,21,0,0,87,0,87,0,0,108,0,108,56,0,56,164
04/10/2021,LOU,KY,ASO,CE,Towers with Radar,0,0,3,0,3,0,0,12,0,12,0,0,15,0,15,34,0,34,49
04/11/2021,LOU,KY,ASO,CE,Towers with Radar,0,0,19,0,19,0,1,21,0,22,0,1,40,0,41,4,0,4,45
04/12/2021,LOU,KY,ASO,CE,Towers with Radar,0,3,28,0,31,0,1,145,0,146,0,4,173,0,177,126,0,126,303
04/13/2021,LOU,KY,ASO,CE,Towers with Radar,0,3,34,0,37,0,0,152,0,152,0,3,186,0,189,154,0,154,343
04/14/2021,LOU,KY,ASO,CE,Towers with Radar,0,0,41,2,43,0,0,149,2,151,0,0,190,4,194,210,0,210,404
04/15/2021,LOU,KY,ASO,CE,Towers with Radar,0,0,38,1,39,0,3,157,4,164,0,3,195,5,203,132,0,132,335
04/16/2021,LOU,KY,ASO,CE,Towers with Radar,0,2,16,0,18,0,0,196,0,196,0,2,212,0,214,136,0,136,350
04/17/2021,LOU,KY,ASO,CE,Towers with Radar,0,2,7,1,10,4,7,84,8,103,4,9,91,9,113,92,0,92,205
04/18/2021,LOU,KY,ASO,CE,Towers with Radar,0,0,22,1,23,0,2,182,0,184,0,2,204,1,207,192,0,192,399
04/19/2021,LOU,KY,ASO,CE,Towers with Radar,0,1,25,2,28,0,4,160,0,164,0,5,185,2,192,170,0,170,362
04/20/2021,LOU,KY,ASO,CE,Towers with Radar,0,3,21,0,24,0,1,129,0,130,0,4,150,0,154,78,0,78,232
04/21/2021,LOU,KY,ASO,CE,Towers with Radar,0,0,26,0,26,0,3,91,0,94,0,3,117,0,120,319,0,319,439
04/22/2021,LOU,KY,ASO,CE,Towers with Radar,0,2,24,0,26,0,5,191,0,196,0,7,215,0,222,168,0,168,390
04/23/2021,LOU,KY,ASO,CE,Towers with Radar,0,2,33,0,35,0,3,173,0,176,0,5,206,0,211,100,0,100,311
04/24/2021,LOU,KY,ASO,CE,Towers with Radar,0,0,25,0,25,0,0,19,0,19,0,0,44,0,44,22,0,22,66
04/25/2021,LOU,KY,ASO,CE,Towers with Radar,0,2,39,0,41,0,7,107,0,114,0,9,146,0,155,54,0,54,209
04/26/2021,LOU,KY,ASO,CE,Towers with Radar,0,0,23,0,23,0,4,187,2,193,0,4,210,2,216,85,0,85,301
04/27/2021,LOU,KY,ASO,CE,Towers with Radar,0,0,24,0,24,0,5,99,3,107,0,5,123,3,131,60,0,60,191
04/28/2021,LOU,KY,ASO,CE,Towers with Radar,0,2,25,0,27,0,0,30,0,30,0,2,55,0,57,50,0,50,107
04/29/2021,LOU,KY,ASO,CE,Towers with Radar,0,2,43,0,45,0,1,4,1,6,0,3,47,1,51,12,0,12,63
04/30/2021,LOU,KY,ASO,CE,Towers with Radar,0,9,31,0,40,0,10,114,1,125,0,19,145,1,165,48,0,48,213
05/01/2021,LOU,KY,ASO,CE,Towers with Radar,0,10,27,0,37,0,8,175,1,184,0,18,202,1,221,175,0,175,396
05/02/2021,LOU,KY,ASO,CE,Towers with Radar,0,13,73,0,86,0,8,155,0,163,0,21,228,0,249,104,0,104,353
05/03/2021,LOU,KY,ASO,CE,Towers with Radar,0,1,16,0,17,0,1,47,0,48,0,2,63,0,65,162,0,162,227
05/04/2021,LOU,KY,ASO,CE,Towers with Radar,0,1,10,0,11,0,0,30,0,30,0,1,40,0,41,84,0,84,125
05/05/2021,LOU,KY,ASO,CE,Towers with Radar,0,6,45,0,51,0,4,141,0,145,0,10,186,0,196,242,0,242,438
05/06/2021,LOU,KY,ASO,CE,Towers with Radar,0,4,21,0,25,0,3,161,3,167,0,7,182,3,192,182,0,182,374
05/07/2021,LOU,KY,ASO,CE,Towers with Radar,0,0,38,0,38,0,3,141,0,144,0,3,179,0,182,146,0,146,328
05/08/2021,LOU,KY,ASO,CE,Towers with Radar,0,2,18,0,20,0,13,216,0,229,0,15,234,0,249,138,0,138,387
05/09/2021,LOU,KY,ASO,CE,Towers with Radar,0,1,7,0,8,0,3,4,0,7,0,4,11,0,15,0,0,0,15
05/10/2021,LOU,KY,ASO,CE,Towers with Radar,0,3,19,0,22,0,2,137,0,139,0,5,156,0,161,102,0,102,263
05/11/2021,LOU,KY,ASO,CE,Towers with Radar,0,3,24,0,27,0,4,155,1,160,0,7,179,1,187,146,0,146,333
05/12/2021,LOU,KY,ASO,CE,Towers with Radar,0,7,27,0,34,0,9,139,0,148,0,16,166,0,182,138,0,138,320
05/13/2021,LOU,KY,ASO,CE,Towers with Radar,0,0,19,0,19,0,8,205,0,213,0,8,224,0,232,150,0,150,382
05/14/2021,LOU,KY,ASO,CE,Towers with Radar,0,0,16,2,18,0,5,214,5,224,0,5,230,7,242,254,0,254,496
05/15/2021,LOU,KY,ASO,CE,Towers with Radar,0,0,24,0,24,0,8,213,2,223,0,8,237,2,247,160,0,160,407
05/16/2021,LOU,KY,ASO,CE,Towers with Radar,0,0,31,0,31,0,8,77,2,87,0,8,108,2,118,176,0,176,294
05/17/2021,LOU,KY,ASO,CE,Towers with Radar,0,4,13,0,17,0,1,111,0,112,0,5,124,0,129,183,0,183,312
05/18/2021,LOU,KY,ASO,CE,Towers with Radar,0,2,23,2,27,0,3,112,1,116,0,5,135,3,143,130,0,130,273
05/19/2021,LOU,KY,ASO,CE,Towers with Radar,0,0,36,0,36,0,6,155,1,162,0,6,191,1,198,240,0,240,438
05/20/2021,LOU,KY,ASO,CE,Towers with Radar,0,2,16,0,18,0,9,194,1,204,0,11,210,1,222,178,0,178,400
05/21/2021,LOU,KY,ASO,CE,Towers with Radar,0,0,21,0,21,0,4,167,0,171,0,4,188,0,192,150,0,150,342
05/22/2021,LOU,KY,ASO,CE,Towers with Radar,0,0,16,0,16,0,2,191,2,195,0,2,207,2,211,132,0,132,343
05/23/2021,LOU,KY,ASO,CE,Towers with Radar,0,0,23,0,23,0,8,175,2,185,0,8,198,2,208,162,0,162,370
05/24/2021,LOU,KY,ASO,CE,Towers with Radar,0,2,22,0,24,0,3,330,0,333,0,5,352,0,357,101,0,101,458
05/25/2021,LOU,KY,ASO,CE,Towers with Radar,0,0,19,0,19,0,9,172,0,181,0,9,191,0,200,149,0,149,349
05/26/2021,LOU,KY,ASO,CE,Towers with Radar,0,1,23,0,24,0,3,35,0,38,0,4,58,0,62,118,0,118,180
05/27/2021,LOU,KY,ASO,CE,Towers with Radar,0,1,22,1,24,0,11,128,0,139,0,12,150,1,163,70,0,70,233
05/28/2021,LOU,KY,ASO,CE,Towers with Radar,0,2,18,0,20,0,7,45,1,53,0,9,63,1,73,60,0,60,133
05/29/2021,LOU,KY,ASO,CE,Towers with Radar,0,0,25,0,25,0,10,43,0,53,0,10,68,0,78,80,0,80,158
05/30/2021,LOU,KY,ASO,CE,Towers with Radar,0,2,16,0,18,0,11,147,0,158,0,13,163,0,176,84,0,84,260
05/31/2021,LOU,KY,ASO,CE,Towers with Radar,0,2,14,0,16,0,9,186,1,196,0,11,200,1,212,232,0,232,444
06/01/2021,LOU,KY,ASO,CE,Towers with Radar,0,1,23,0,24,0,7,149,0,156,0,8,172,0,180,290,0,290,470
06/02/2021,LOU,KY,ASO,CE,Towers with Radar,0,3,14,0,17,0,0,5,0,5,0,3,19,0,22,0,0,0,22
06/03/2021,LOU,KY,ASO,CE,Towers with Radar,0,2,13,0,15,0,3,10,0,13,0,5,23,0,28,40,0,40,68
06/04/2021,LOU,KY,ASO,CE,Towers with Radar,0,2,17,2,21,0,8,201,0,209,0,10,218,2,230,176,0,176,406
06/05/2021,LOU,KY,ASO,CE,Towers with Radar,0,2,20,0,22,0,7,258,2,267,0,9,278,2,289,148,0,148,437
06/06/2021,LOU,KY,ASO,CE,Towers with Radar,0,1,18,0,19,0,1,87,0,88,0,2,105,0,107,112,0,112,219
06/07/2021,LOU,KY,ASO,CE,Towers with Radar,0,1,34,2,37,0,5,46,0,51,0,6,80,2,88,182,0,182,270
06/08/2021,LOU,KY,ASO,CE,Towers with Radar,0,2,15,0,17,0,1,81,0,82,0,3,96,0,99,144,0,144,243
06/09/2021,LOU,KY,ASO,CE,Towers with Radar,0,2,30,0,32,0,3,42,0,45,0,5,72,0,77,208,0,208,285
06/10/2021,LOU,KY,ASO,CE,Towers with Radar,0,0,24,0,24,0,6,48,0,54,0,6,72,0,78,186,0,186,264
06/11/2021,LOU,KY,ASO,CE,Towers with Radar,0,0,31,0,31,0,4,50,0,54,0,4,81,0,85,156,0,156,241
06/12/2021,LOU,KY,ASO,CE,Towers with Radar,0,0,22,0,22,0,9,175,0,184,0,9,197,0,206,147,0,147,353
06/13/2021,LOU,KY,ASO,CE,Towers with Radar,0,2,18,0,20,0,6,146,0,152,0,8,164,0,172,194,0,194,366
06/14/2021,LOU,KY,ASO,CE,Towers with Radar,0,0,19,0,19,0,3,160,0,163,0,3,179,0,182,218,0,218,400
06/15/2021,LOU,KY,ASO,CE,Towers with Radar,0,0,15,0,15,0,2,185,2,189,0,2,200,2,204,210,0,210,414
06/16/2021,LOU,KY,ASO,CE,Towers with Radar,0,2,31,0,33,0,10,209,2,221,0,12,240,2,254,344,0,344,598
06/17/2021,LOU,KY,ASO,CE,Towers with Radar,0,0,24,0,24,0,6,221,1,228,0,6,245,1,252,235,0,235,487
06/18/2021,LOU,KY,ASO,CE,Towers with Radar,0,1,46,0,47,0,5,102,0,107,0,6,148,0,154,158,0,158,312
06/19/2021,LOU,KY,ASO,CE,Towers with Radar,0,2,20,0,22,0,16,84,2,102,0,18,104,2,124,46,0,46,170
06/20/2021,LOU,KY,ASO,CE,Towers with Radar,0,2,17,0,19,0,15,101,0,116,0,17,118,0,135,48,0,48,183
06/21/2021,LOU,KY,ASO,CE,Towers with Radar,0,2,25,0,27,0,0,19,0,19,0,2,44,0,46,8,0,8,54
06/22/2021,LOU,KY,ASO,CE,Towers with Radar,0,4,14,0,18,0,8,202,0,210,0,12,216,0,228,216,0,216,444
06/23/2021,LOU,KY,ASO,CE,Towers with Radar,0,4,25,0,29,0,5,208,0,213,0,9,233,0,242,200,0,200,442
06/24/2021,LOU,KY,ASO,CE,Towers with Radar,0,1,28,0,29,0,6,170,2,178,0,7,198,2,207,104,0,104,311
06/25/2021,LOU,KY,ASO,CE,Towers with Radar,0,0,15,0,15,0,16,77,0,93,0,16,92,0,108,74,0,74,182
06/26/2021,LOU,KY,ASO,CE,Towers with Radar,0,0,20,0,20,0,14,124,0,138,0,14,144,0,158,34,0,34,192
06/27/2021,LOU,KY,ASO,CE,Towers with Radar,0,1,33,1,35,0,6,112,0,118,0,7,145,1,153,52,0,52,205
06/28/2021,LOU,KY,ASO,CE,Towers with Radar,0,1,13,0,14,0,0,167,0,167,0,1,180,0,181,368,0,368,549
06/29/2021,LOU,KY,ASO,CE,Towers with Radar,0,3,16,0,19,0,10,136,1,147,0,13,152,1,166,241,0,241,407
06/30/2021,LOU,KY,ASO,CE,Towers with Radar,0,1,29,0,30,0,3,120,0,123,0,4,149,0,153,242,0,242,395
07/01/2021,LOU,KY,ASO,CE,Towers with Radar,0,1,10,0,11,0,1,35,0,36,0,2,45,0,47,66,0,66,113
07/02/2021,LOU,KY,ASO,CE,Towers with Radar,0,0,45,0,45,0,2,123,0,125,0,2,168,0,170,164,0,164,334
07/03/2021,LOU,KY,ASO,CE,Towers with Radar,0,2,4,0,6,0,23,187,0,210,0,25,191,0,216,178,0,178,394
07/04/2021,LOU,KY,ASO,CE,Towers with Radar,0,1,8,2,11,0,5,96,0,101,0,6,104,2,112,82,0,82,194
07/05/2021,LOU,KY,ASO,CE,Towers with Radar,0,1,23,0,24,0,12,137,3,152,0,13,160,3,176,176,0,176,352
07/06/2021,LOU,KY,ASO,CE,Towers with Radar,0,0,19,0,19,0,6,106,0,112,0,6,125,0,131,236,0,236,367
07/07/2021,LOU,KY,ASO,CE,Towers with Radar,0,0,26,0,26,0,0,90,0,90,0,0,116,0,116,174,0,174,290
07/08/2021,LOU,KY,ASO,CE,Towers with Radar,0,0,28,0,28,0,6,49,0,55,0,6,77,0,83,94,0,94,177
07/09/2021,LOU,KY,ASO,CE,Towers with Radar,0,0,27,0,27,0,10,208,1,219,0,10,235,1,246,250,0,250,496
07/10/2021,LOU,KY,ASO,CE,Towers with Radar,0,0,15,5,20,0,4,50,2,56,0,4,65,7,76,94,0,94,170
07/11/2021,LOU,KY,ASO,CE,Towers with Radar,0,0,16,0,16,0,2,32,0,34,0,2,48,0,50,116,0,116,166
07/12/2021,LOU,KY,ASO,CE,Towers with Radar,0,0,21,0,21,0,1,43,0,44,0,1,64,0,65,48,0,48,113
07/13/2021,LOU,KY,ASO,CE,Towers with Radar,0,2,26,0,28,0,2,45,0,47,0,4,71,0,75,76,0,76,151
07/14/2021,LOU,KY,ASO,CE,Towers with Radar,0,0,35,0,35,0,4,222,0,226,0,4,257,0,261,256,0,256,517
07/15/2021,LOU,KY,ASO,CE,Towers with Radar,0,0,35,0,35,0,4,187,0,191,0,4,222,0,226,180,0,180,406
07/16/2021,LOU,KY,ASO,CE,Towers with Radar,0,0,11,0,11,0,2,83,0,85,0,2,94,0,96,144,0,144,240
07/17/2021,LOU,KY,ASO,CE,Towers with Radar,0,0,22,0,22,0,11,74,0,85,0,11,96,0,107,178,0,178,285
07/18/2021,LOU,KY,ASO,CE,Towers with Radar,0,1,19,0,20,0,9,132,0,141,0,10,151,0,161,138,0,138,299
07/19/2021,LOU,KY,ASO,CE,Towers with Radar,0,3,18,0,21,0,5,168,0,173,0,8,186,0,194,182,0,182,376
07/20/2021,LOU,KY,ASO,CE,Towers with Radar,0,0,42,0,42,0,5,194,0,199,0,5,236,0,241,232,0,232,473
07/21/2021,LOU,KY,ASO,CE,Towers with Radar,0,2,25,0,27,0,3,172,0,175,0,5,197,0,202,254,0,254,456
07/22/2021,LOU,KY,ASO,CE,Towers with Radar,0,5,24,0,29,0,6,184,0,190,0,11,208,0,219,130,0,130,349
07/23/2021,LOU,KY,ASO,CE,Towers with Radar,0,6,22,2,30,0,2,170,0,172,0,8,192,2,202,186,0,186,388
07/24/2021,LOU,KY,ASO,CE,Towers with Radar,0,0,25,0,25,0,10,179,0,189,0,10,204,0,214,87,0,87,301
07/25/2021,LOU,KY,ASO,CE,Towers with Radar,0,4,16,0,20,0,10,62,0,72,0,14,78,0,92,104,0,104,196
07/26/2021,LOU,KY,ASO,CE,Towers with Radar,0,0,18,0,18,0,4,139,0,143,0,4,157,0,161,110,0,110,271
07/27/2021,LOU,KY,ASO,CE,Towers with Radar,0,0,18,0,18,0,10,155,0,165,0,10,173,0,183,134,0,134,317
07/28/2021,LOU,KY,ASO,CE,Towers with Radar,0,4,28,0,32,0,7,151,2,160,0,11,179,2,192,250,0,250,442
07/29/2021,LOU,KY,ASO,CE,Towers with Radar,0,0,34,0,34,0,4,113,0,117,0,4,147,0,151,132,0,132,283
07/30/2021,LOU,KY,ASO,CE,Towers with Radar,0,0,41,0,41,0,8,110,1,119,0,8,151,1,160,220,0,220,380
07/31/2021,LOU,KY,ASO,CE,Towers with Radar,0,5,12,0,17,0,13,70,0,83,0,18,82,0,100,224,0,224,324
08/01/2021,LOU,KY,ASO,CE,Towers with Radar,0,3,14,0,17,0,16,122,1,139,0,19,136,1,156,140,0,140,296
08/02/2021,LOU,KY,ASO,CE,Towers with Radar,0,0,19,0,19,0,4,149,0,153,0,4,168,0,172,88,0,88,260
08/03/2021,LOU,KY,ASO,CE,Towers with Radar,0,0,27,0,27,0,9,153,0,162,0,9,180,0,189,216,0,216,405
08/04/2021,LOU,KY,ASO,CE,Towers with Radar,0,1,33,0,34,0,7,151,0,158,0,8,184,0,192,114,0,114,306
08/05/2021,LOU,KY,ASO,CE,Towers with Radar,0,1,34,0,35,0,2,157,2,161,0,3,191,2,196,168,0,168,364
08/06/2021,LOU,KY,ASO,CE,Towers with Radar,0,0,21,0,21,0,5,142,1,148,0,5,163,1,169,268,0,268,437
08/07/2021,LOU,KY,ASO,CE,Towers with Radar,0,2,28,0,30,0,3,147,2,152,0,5,175,2,182,120,0,120,302
08/08/2021,LOU,KY,ASO,CE,Towers with Radar,0,2,22,0,24,0,6,165,0,171,0,8,187,0,195,74,0,74,269
08/09/2021,LOU,KY,ASO,CE,Towers with Radar,0,0,20,0,20,0,0,56,0,56,0,0,76,0,76,146,0,146,222
08/10/2021,LOU,KY,ASO,CE,Towers with Radar,0,1,30,0,31,0,5,94,2,101,0,6,124,2,132,228,0,228,360
08/11/2021,LOU,KY,ASO,CE,Towers with Radar,0,2,21,0,23,0,4,141,0,145,0,6,162,0,168,152,0,152,320
08/12/2021,LOU,KY,ASO,CE,Towers with Radar,0,0,29,0,29,0,3,146,2,151,0,3,175,2,180,102,0,102,282
08/13/2021,LOU,KY,ASO,CE,Towers with Radar,0,0,22,0,22,0,7,118,0,125,0,7,140,0,147,186,0,186,333
08/14/2021,LOU,KY,ASO,CE,Towers with Radar,0,0,25,0,25,0,8,71,0,79,0,8,96,0,104,58,0,58,162
08/15/2021,LOU,KY,ASO,CE,Towers with Radar,0,0,23,0,23,0,2,62,0,64,0,2,85,0,87,278,0,278,365
08/16/2021,LOU,KY,ASO,CE,Towers with Radar,0,0,28,2,30,0,1,40,0,41,0,1,68,2,71,144,0,144,215
08/17/2021,LOU,KY,ASO,CE,Towers with Radar,0,0,25,0,25,0,1,86,0,87,0,1,111,0,112,208,0,208,320
08/18/2021,LOU,KY,ASO,CE,Towers with Radar,0,0,23,0,23,0,3,169,0,172,0,3,192,0,195,208,0,208,403
08/19/2021,LOU,KY,ASO,CE,Towers with Radar,0,0,19,0,19,0,5,79,0,84,0,5,98,0,103,138,0,138,241
08/20/2021,LOU,KY,ASO,CE,Towers with Radar,0,2,25,0,27,0,9,170,0,179,0,11,195,0,206,168,0,168,374
08/21/2021,LOU,KY,ASO,CE,Towers with Radar,0,0,21,0,21,0,1,177,0,178,0,1,198,0,199,124,0,124,323
08/22/2021,LOU,KY,ASO,CE,Towers with Radar,0,4,16,0,20,0,5,134,0,139,0,9,150,0,159,152,0,152,311
08/23/2021,LOU,KY,ASO,CE,Towers with Radar,0,2,16,0,18,0,0,163,0,163,0,2,179,0,181,186,0,186,367
08/24/2021,LOU,KY,ASO,CE,Towers with Radar,0,0,32,0,32,0,4,143,0,147,0,4,175,0,179,140,0,140,319
08/25/2021,LOU,KY,ASO,CE,Towers with Radar,0,1,30,0,31,0,3,88,2,93,0,4,118,2,124,140,0,140,264
08/26/2021,LOU,KY,ASO,CE,Towers with Radar,0,1,14,0,15,0,10,172,0,182,0,11,186,0,197,152,0,152,349
08/27/2021,LOU,KY,ASO,CE,Towers with Radar,0,1,26,0,27,0,1,102,0,103,0,2,128,0,130,118,0,118,248
08/28/2021,LOU,KY,ASO,CE,Towers with Radar,0,0,18,2,20,0,10,176,0,186,0,10,194,2,206,182,0,182,388
08/29/2021,LOU,KY,ASO,CE,Towers with Radar,0,0,32,0,32,0,13,145,0,158,0,13,177,0,190,104,0,104,294
08/30/2021,LOU,KY,ASO,CE,Towers with Radar,0,1,18,0,19,0,2,25,0,27,0,3,43,0,46,38,0,38,84
08/31/2021,LOU,KY,ASO,CE,Towers with Radar,0,1,9,0,10,0,0,4,0,4,0,1,13,0,14,2,0,2,16
09/01/2021,LOU,KY,ASO,CE,Towers with Radar,0,1,27,0,28,0,8,97,2,107,0,9,124,2,135,80,0,80,215
09/02/2021,LOU,KY,ASO,CE,Towers with Radar,0,1,23,0,24,0,2,185,0,187,0,3,208,0,211,142,0,142,353
09/03/2021,LOU,KY,ASO,CE,Towers with Radar,0,2,26,0,28,0,9,171,0,180,0,11,197,0,208,128,0,128,336
09/04/2021,LOU,KY,ASO,CE,Towers with Radar,0,0,9,0,9,0,14,153,2,169,0,14,162,2,178,126,0,126,304
09/05/2021,LOU,KY,ASO,CE,Towers with Radar,0,0,23,0,23,0,4,42,0,46,0,4,65,0,69,82,0,82,151
09/06/2021,LOU,KY,ASO,CE,Towers with Radar,0,1,21,0,22,0,2,214,2,218,0,3,235,2,240,216,0,216,456
09/07/2021,LOU,KY,ASO,CE,Towers with Radar,0,1,22,1,24,0,6,162,1,169,0,7,184,2,193,152,0,152,345
09/08/2021,LOU,KY,ASO,CE,Towers with Radar,1,0,31,0,32,0,0,97,0,97,1,0,128,0,129,52,0,52,181
09/09/2021,LOU,KY,ASO,CE,Towers with Radar,0,2,29,0,31,0,0,175,2,177,0,2,204,2,208,166,0,166,374
09/10/2021,LOU,KY,ASO,CE,Towers with Radar,0,2,26,0,28,0,6,178,0,184,0,8,204,0,212,118,0,118,330
09/11/2021,LOU,KY,ASO,CE,Towers with Radar,0,0,16,0,16,0,10,144,2,156,0,10,160,2,172,128,0,128,300
09/12/2021,LOU,KY,ASO,CE,Towers with Radar,0,0,21,0,21,0,9,132,0,141,0,9,153,0,162,86,0,86,248
09/13/2021,LOU,KY,ASO,CE,Towers with Radar,0,2,21,0,23,0,3,142,1,146,0,5,163,1,169,132,0,132,301
09/14/2021,LOU,KY,ASO,CE,Towers with Radar,0,2,13,0,15,0,3,112,0,115,0,5,125,0,130,70,0,70,200
09/15/2021,LOU,KY,ASO,CE,Towers with Radar,0,2,16,0,18,0,3,70,0,73,0,5,86,0,91,100,0,100,191
09/16/2021,LOU,KY,ASO,CE,Towers with Radar,0,1,22,0,23,0,4,97,0,101,0,5,119,0,124,180,0,180,304
09/17/2021,LOU,KY,ASO,CE,Towers with Radar,0,0,31,0,31,0,5,163,0,168,0,5,194,0,199,128,0,128,327
09/18/2021,LOU,KY,ASO,CE,Towers with Radar,0,0,16,0,16,0,2,196,1,199,0,2,212,1,215,49,0,49,264
09/19/2021,LOU,KY,ASO,CE,Towers with Radar,0,2,24,0,26,0,3,101,1,105,0,5,125,1,131,134,0,134,265
09/20/2021,LOU,KY,ASO,CE,Towers with Radar,0,1,19,0,20,0,1,17,0,18,0,2,36,0,38,0,0,0,38
09/21/2021,LOU,KY,ASO,CE,Towers with Radar,0,1,23,0,24,0,2,19,0,21,0,3,42,0,45,136,0,136,181
09/22/2021,LOU,KY,ASO,CE,Towers with Radar,0,0,14,0,14,0,0,2,0,2,0,0,16,0,16,0,0,0,16
09/23/2021,LOU,KY,ASO,CE,Towers with Radar,0,0,36,2,38,0,5,148,1,154,0,5,184,3,192,156,0,156,348
09/24/2021,LOU,KY,ASO,CE,Towers with Radar,0,0,29,0,29,0,13,183,0,196,0,13,212,0,225,118,0,118,343
09/25/2021,LOU,KY,ASO,CE,Towers with Radar,0,0,19,0,19,0,11,125,0,136,0,11,144,0,155,112,0,112,267
09/26/2021,LOU,KY,ASO,CE,Towers with Radar,0,0,25,0,25,0,12,207,0,219,0,12,232,0,244,126,0,126,370
09/27/2021,LOU,KY,ASO,CE,Towers with Radar,0,2,27,0,29,0,2,86,0,88,0,4,113,0,117,126,0,126,243
09/28/2021,LOU,KY,ASO,CE,Towers with Radar,0,1,30,0,31,0,6,163,1,170,0,7,193,1,201,132,0,132,333
09/29/2021,LOU,KY,ASO,CE,Towers with Radar,0,0,45,0,45,0,4,141,2,147,0,4,186,2,192,174,0,174,366
09/30/2021,LOU,KY,ASO,CE,Towers with Radar,0,3,17,0,20,0,8,145,0,153,0,11,162,0,173,180,0,180,353
10/01/2021,LOU,KY,ASO,CE,Towers with Radar,0,0,20,0,20,0,2,152,2,156,0,2,172,2,176,114,0,114,290
10/02/2021,LOU,KY,ASO,CE,Towers with Radar,0,0,13,0,13,0,8,107,1,116,0,8,120,1,129,180,0,180,309
10/03/2021,LOU,KY,ASO,CE,Towers with Radar,0,0,13,0,13,0,0,7,0,7,0,0,20,0,20,36,0,36,56
10/04/2021,LOU,KY,ASO,CE,Towers with Radar,0,1,40,0,41,0,3,56,0,59,0,4,96,0,100,170,0,170,270
10/05/2021,LOU,KY,ASO,CE,Towers with Radar,0,1,30,0,31,0,6,94,0,100,0,7,124,0,131,206,0,206,337
10/06/2021,LOU,KY,ASO,CE,Towers with Radar,0,3,25,0,28,0,0,32,0,32,0,3,57,0,60,44,0,44,104
10/07/2021,LOU,KY,ASO,CE,Towers with Radar,0,1,17,0,18,0,2,102,0,104,0,3,119,0,122,212,0,212,334
10/08/2021,LOU,KY,ASO,CE,Towers with Radar,0,0,24,0,24,0,4,138,0,142,0,4,162,0,166,302,0,302,468
10/09/2021,LOU,KY,ASO,CE,Towers with Radar,0,0,20,0,20,0,11,180,0,191,0,11,200,0,211,234,0,234,445
10/10/2021,LOU,KY,ASO,CE,Towers with Radar,0,0,27,0,27,0,18,171,0,189,0,18,198,0,216,138,0,138,354
10/11/2021,LOU,KY,ASO,CE,Towers with Radar,0,0,9,0,9,0,0,57,0,57,0,0,66,0,66,46,0,46,112
10/12/2021,LOU,KY,ASO,CE,Towers with Radar,0,0,24,0,24,0,15,121,1,137,0,15,145,1,161,136,0,136,297
10/13/2021,LOU,KY,ASO,CE,Towers with Radar,0,2,41,0,43,0,10,41,0,51,0,12,82,0,94,114,0,114,208
10/14/2021,LOU,KY,ASO,CE,Towers with Radar,0,2,33,0,35,0,4,158,0,162,0,6,191,0,197,184,0,184,381
10/15/2021,LOU,KY,ASO,CE,Towers with Radar,0,2,19,0,21,0,4,17,0,21,0,6,36,0,42,58,0,58,100
10/16/2021,LOU,KY,ASO,CE,Towers with Radar,0,0,18,0,18,0,14,86,0,100,0,14,104,0,118,60,0,60,178
10/17/2021,LOU,KY,ASO,CE,Towers with Radar,0,3,19,0,22,0,2,154,0,156,0,5,173,0,178,204,0,204,382
10/18/2021,LOU,KY,ASO,CE,Towers with Radar,0,2,29,0,31,0,6,174,0,180,0,8,203,0,211,236,0,236,447
10/19/2021,LOU,KY,ASO,CE,Towers with Radar,0,1,33,0,34,0,2,150,0,152,0,3,183,0,186,172,0,172,358
10/20/2021,LOU,KY,ASO,CE,Towers with Radar,0,1,25,0,26,0,2,151,0,153,0,3,176,0,179,226,0,226,405
10/21/2021,LOU,KY,ASO,CE,Towers with Radar,0,0,31,2,33,0,2,52,0,54,0,2,83,2,87,102,0,102,189
10/22/2021,LOU,KY,ASO,CE,Towers with Radar,0,0,44,0,44,0,2,68,3,73,0,2,112,3,117,214,0,214,331
10/23/2021,LOU,KY,ASO,CE,Towers with Radar,0,0,25,0,25,0,8,201,0,209,0,8,226,0,234,174,0,174,408
10/24/2021,LOU,KY,ASO,CE,Towers with Radar,0,2,17,0,19,0,4,27,0,31,0,6,44,0,50,34,0,34,84
10/25/2021,LOU,KY,ASO,CE,Towers with Radar,0,0,8,0,8,0,2,12,0,14,0,2,20,0,22,22,0,22,44
10/26/2021,LOU,KY,ASO,CE,Towers with Radar,0,0,39,2,41,0,2,137,0,139,0,2,176,2,180,132,0,132,312
10/27/2021,LOU,KY,ASO,CE,Towers with Radar,0,2,27,2,31,0,8,189,2,199,0,10,216,4,230,232,0,232,462
10/28/2021,LOU,KY,ASO,CE,Towers with Radar,0,0,13,0,13,0,0,8,0,8,0,0,21,0,21,14,0,14,35
10/29/2021,LOU,KY,ASO,CE,Towers with Radar,0,0,42,0,42,0,0,27,0,27,0,0,69,0,69,86,0,86,155
10/30/2021,LOU,KY,ASO,CE,Towers with Radar,0,0,18,0,18,0,5,4,0,9,0,5,22,0,27,14,0,14,41
10/31/2021,LOU,KY,ASO,CE,Towers with Radar,0,2,17,0,19,0,7,142,0,149,0,9,159,0,168,276,0,276,444
11/01/2021,LOU,KY,ASO,CE,Towers with Radar,0,2,18,0,20,0,9,162,0,171,0,11,180,0,191,180,0,180,371
11/02/2021,LOU,KY,ASO,CE,Towers with Radar,0,2,19,0,21,0,3,133,3,139,0,5,152,3,160,179,0,179,339
11/03/2021,LOU,KY,ASO,CE,Towers with Radar,0,0,17,0,17,0,9,159,0,168,0,9,176,0,185,250,0,250,435
11/04/2021,LOU,KY,ASO,CE,Towers with Radar,0,2,18,2,22,0,3,181,0,184,0,5,199,2,206,204,0,204,410
11/05/2021,LOU,KY,ASO,CE,Towers with Radar,0,0,18,2,20,0,6,161,0,167,0,6,179,2,187,254,0,254,441
11/06/2021,LOU,KY,ASO,CE,Towers with Radar,0,3,17,0,20,0,7,213,0,220,0,10,230,0,240,166,0,166,406
11/07/2021,LOU,KY,ASO,CE,Towers with Radar,0,2,21,0,23,0,11,207,1,219,0,13,228,1,242,186,0,186,428
11/08/2021,LOU,KY,ASO,CE,Towers with Radar,0,4,17,2,23,0,3,151,0,154,0,7,168,2,177,170,0,170,347
11/09/2021,LOU,KY,ASO,CE,Towers with Radar,0,2,21,2,25,0,0,140,0,140,0,2,161,2,165,166,0,166,331
11/10/2021,LOU,KY,ASO,CE,Towers with Radar,0,1,24,0,25,0,3,169,0,172,0,4,193,0,197,202,0,202,399
11/11/2021,LOU,KY,ASO,CE,Towers with Radar,0,0,9,0,9,0,1,4,0,5,0,1,13,0,14,0,0,0,14
11/12/2021,LOU,KY,ASO,CE,Towers with Radar,0,1,17,0,18,0,2,40,0,42,0,3,57,0,60,110,0,110,170
11/13/2021,LOU,KY,ASO,CE,Towers with Radar,0,0,21,0,21,0,2,125,2,129,0,2,146,2,150,130,0,130,280
11/14/2021,LOU,KY,ASO,CE,Towers with Radar,0,3,13,0,16,0,2,12,0,14,0,5,25,0,30,26,0,26,56
11/15/2021,LOU,KY,ASO,CE,Towers with Radar,0,1,26,0,27,0,4,125,1,130,0,5,151,1,157,188,0,188,345
11/16/2021,LOU,KY,ASO,CE,Towers with Radar,0,4,14,0,18,0,8,150,1,159,0,12,164,1,177,196,0,196,373
11/17/2021,LOU,KY,ASO,CE,Towers with Radar,0,3,22,0,25,0,4,25,0,29,0,7,47,0,54,8,0,8,62
11/18/2021,LOU,KY,ASO,CE,Towers with Radar,0,0,16,2,18,0,2,81,0,83,0,2,97,2,101,124,0,124,225
11/19/2021,LOU,KY,ASO,CE,Towers with Radar,0,0,27,0,27,0,3,203,0,206,0,3,230,0,233,200,0,200,433
11/20/2021,LOU,KY,ASO,CE,Towers with Radar,0,0,23,0,23,0,9,155,0,164,0,9,178,0,187,226,0,226,413
11/21/2021,LOU,KY,ASO,CE,Towers with Radar,0,0,11,0,11,0,1,1,0,2,0,1,12,0,13,0,0,0,13
11/22/2021,LOU,KY,ASO,CE,Towers with Radar,0,0,25,0,25,0,3,140,0,143,0,3,165,0,168,206,0,206,374
11/23/2021,LOU,KY,ASO,CE,Towers with Radar,0,0,36,0,36,0,2,182,1,185,0,2,218,1,221,134,0,134,355
11/24/2021,LOU,KY,ASO,CE,Towers with Radar,0,0,22,0,22,0,2,85,0,87,0,2,107,0,109,166,0,166,275
11/25/2021,LOU,KY,ASO,CE,Towers with Radar,0,0,3,0,3,0,0,1,0,1,0,0,4,0,4,0,0,0,4
11/26/2021,LOU,KY,ASO,CE,Towers with Radar,0,0,19,0,19,0,11,101,0,112,0,11,120,0,131,118,0,118,249
11/27/2021,LOU,KY,ASO,CE,Towers with Radar,0,0,9,0,9,0,5,112,0,117,0,5,121,0,126,76,0,76,202
11/28/2021,LOU,KY,ASO,CE,Towers with Radar,0,1,18,0,19,0,6,99,0,105,0,7,117,0,124,148,0,148,272
11/29/2021,LOU,KY,ASO,CE,Towers with Radar,0,1,12,0,13,0,3,118,0,121,0,4,130,0,134,112,0,112,246
11/30/2021,LOU,KY,ASO,CE,Towers with Radar,0,0,19,0,19,0,3,125,0,128,0,3,144,0,147,272,0,272,419
12/01/2021,LOU,KY,ASO,CE,Towers with Radar,0,1,31,0,32,0,8,81,0,89,0,9,112,0,121,158,0,158,279
12/02/2021,LOU,KY,ASO,CE,Towers with Radar,1,3,11,0,15,0,0,109,1,110,1,3,120,1,125,134,0,134,259
12/03/2021,LOU,KY,ASO,CE,Towers with Radar,0,2,29,0,31,0,9,199,0,208,0,11,228,0,239,150,0,150,389
12/04/2021,LOU,KY,ASO,CE,Towers with Radar,0,0,17,0,17,0,4,194,0,198,0,4,211,0,215,172,0,172,387
12/05/2021,LOU,KY,ASO,CE,Towers with Radar,0,1,15,0,16,0,4,52,0,56,0,5,67,0,72,54,0,54,126
12/06/2021,LOU,KY,ASO,CE,Towers with Radar,0,1,15,0,16,0,4,23,0,27,0,5,38,0,43,0,6,6,49
12/07/2021,LOU,KY,ASO,CE,Towers with Radar,0,1,15,0,16,0,6,96,0,102,0,7,111,0,118,150,0,150,268
12/08/2021,LOU,KY,ASO,CE,Towers with Radar,0,0,19,0,19,0,93,35,0,128,0,93,54,0,147,232,0,232,379
12/09/2021,LOU,KY,ASO,CE,Towers with Radar,0,0,24,0,24,0,8,59,0,67,0,8,83,0,91,62,0,62,153
12/10/2021,LOU,KY,ASO,CE,Towers with Radar,0,1,28,0,29,0,0,5,0,5,0,1,33,0,34,10,0,10,44
12/11/2021,LOU,KY,ASO,CE,Towers with Radar,0,1,2,0,3,0,10,4,0,14,0,11,6,0,17,0,0,0,17
12/12/2021,LOU,KY,ASO,CE,Towers with Radar,0,1,25,0,26,0,6,197,0,203,0,7,222,0,229,158,0,158,387
12/13/2021,LOU,KY,ASO,CE,Towers with Radar,0,3,24,0,27,0,7,160,0,167,0,10,184,0,194,238,0,238,432
12/14/2021,LOU,KY,ASO,CE,Towers with Radar,0,0,17,0,17,0,2,213,0,215,0,2,230,0,232,312,0,312,544
12/15/2021,LOU,KY,ASO,CE,Towers with Radar,0,1,16,0,17,0,3,91,0,94,0,4,107,0,111,58,0,58,169
12/16/2021,LOU,KY,ASO,CE,Towers with Radar,0,0,13,0,13,0,1,6,0,7,0,1,19,0,20,0,0,0,20
12/17/2021,LOU,KY,ASO,CE,Towers with Radar,0,0,17,0,17,0,2,17,0,19,0,2,34,0,36,16,0,16,52
12/18/2021,LOU,KY,ASO,CE,Towers with Radar,0,0,9,0,9,0,0,0,0,0,0,0,9,0,9,0,0,0,9
12/19/2021,LOU,KY,ASO,CE,Towers with Radar,0,2,22,0,24,0,0,72,0,72,0,2,94,0,96,116,0,116,212
12/20/2021,LOU,KY,ASO,CE,Towers with Radar,0,0,26,0,26,0,6,140,2,148,0,6,166,2,174,102,2,104,278
12/21/2021,LOU,KY,ASO,CE,Towers with Radar,0,3,32,0,35,0,4,145,1,150,0,7,177,1,185,254,0,254,439
12/22/2021,LOU,KY,ASO,CE,Towers with Radar,0,3,23,0,26,0,6,168,0,174,0,9,191,0,200,186,0,186,386
12/23/2021,LOU,KY,ASO,CE,Towers with Radar,0,0,29,0,29,0,9,115,0,124,0,9,144,0,153,174,0,174,327
12/24/2021,LOU,KY,ASO,CE,Towers with Radar,0,0,10,0,10,0,3,8,0,11,0,3,18,0,21,0,0,0,21
12/25/2021,LOU,KY,ASO,CE,Towers with Radar,0,0,3,0,3,0,1,5,0,6,0,1,8,0,9,8,0,8,17
12/26/2021,LOU,KY,ASO,CE,Towers with Radar,0,1,28,0,29,0,2,113,0,115,0,3,141,0,144,100,0,100,244
12/27/2021,LOU,KY,ASO,CE,Towers with Radar,0,2,24,0,26,0,1,52,0,53,0,3,76,0,79,80,0,80,159
12/28/2021,LOU,KY,ASO,CE,Towers with Radar,0,0,12,0,12,0,1,12,0,13,0,1,24,0,25,2,0,2,27
12/29/2021,LOU,KY,ASO,CE,Towers with Radar,0,0,30,0,30,0,0,23,0,23,0,0,53,0,53,100,0,100,153
12/30/2021,LOU,KY,ASO,CE,Towers with Radar,0,0,30,0,30,0,0,1,0,1,0,0,31,0,31,0,0,0,31
12/31/2021,LOU,KY,ASO,CE,Towers with Radar,0,0,19,0,19,0,2,111,0,113,0,2,130,0,132,190,0,190,322
01/01/2022,LOU,KY,ASO,CE,Towers with Radar,0,0,3,0,3,0,0,0,0,0,0,0,3,0,3,0,0,0,3
01/02/2022,LOU,KY,ASO,CE,Towers with Radar,0,0,6,0,6,0,1,3,0,4,0,1,9,0,10,10,0,10,20
01/03/2022,LOU,KY,ASO,CE,Towers with Radar,0,0,18,0,18,0,3,154,0,157,0,3,172,0,175,210,0,210,385
01/04/2022,LOU,KY,ASO,CE,Towers with Radar,0,0,34,0,34,0,2,121,0,123,0,2,155,0,157,118,0,118,275
01/05/2022,LOU,KY,ASO,CE,Towers with Radar,0,0,11,2,13,0,2,41,0,43,0,2,52,2,56,32,0,32,88
01/06/2022,LOU,KY,ASO,CE,Towers with Radar,0,0,4,0,4,0,0,8,0,8,0,0,12,0,12,12,0,12,24
01/07/2022,LOU,KY,ASO,CE,Towers with Radar,0,0,19,0,19,0,4,111,0,115,0,4,130,0,134,135,0,135,269
01/08/2022,LOU,KY,ASO,CE,Towers with Radar,0,4,13,0,17,0,3,95,0,98,0,7,108,0,115,232,0,232,347
01/09/2022,LOU,KY,ASO,CE,Towers with Radar,0,0,8,0,8,0,2,20,0,22,0,2,28,0,30,46,0,46,76
01/10/2022,LOU,KY,ASO,CE,Towers with Radar,0,0,32,0,32,0,4,121,0,125,0,4,153,0,157,146,0,146,303
01/11/2022,LOU,KY,ASO,CE,Towers with Radar,0,0,24,2,26,0,4,129,0,133,0,4,153,2,159,132,0,132,291
01/12/2022,LOU,KY,ASO,CE,Towers with Radar,0,0,15,0,15,0,2,100,0,102,0,2,115,0,117,88,0,88,205
01/13/2022,LOU,KY,ASO,CE,Towers with Radar,0,1,16,0,17,0,6,148,0,154,0,7,164,0,171,194,0,194,365
01/14/2022,LOU,KY,ASO,CE,Towers with Radar,0,0,19,0,19,0,1,16,0,17,0,1,35,0,36,74,0,74,110
01/15/2022,LOU,KY,ASO,CE,Towers with Radar,0,0,7,0,7,0,2,52,0,54,0,2,59,0,61,220,0,220,281
01/16/2022,LOU,KY,ASO,CE,Towers with Radar,0,0,5,0,5,0,2,70,0,72,0,2,75,0,77,78,0,78,155
01/17/2022,LOU,KY,ASO,CE,Towers with Radar,0,0,13,0,13,0,1,10,0,11,0,1,23,0,24,38,0,38,62
01/18/2022,LOU,KY,ASO,CE,Towers with Radar,0,0,21,0,21,0,2,155,1,158,0,2,176,1,179,234,0,234,413
01/19/2022,LOU,KY,ASO,CE,Towers with Radar,0,2,6,0,8,0,1,15,0,16,0,3,21,0,24,6,0,6,30
01/20/2022,LOU,KY,ASO,CE,Towers with Radar,0,1,15,0,16,0,7,41,0,48,0,8,56,0,64,44,0,44,108
01/21/2022,LOU,KY,ASO,CE,Towers with Radar,0,2,13,1,16,0,2,148,1,151,0,4,161,2,167,250,0,250,417
01/22/2022,LOU,KY,ASO,CE,Towers with Radar,0,0,14,0,14,0,6,172,0,178,0,6,186,0,192,221,0,221,413
01/23/2022,LOU,KY,ASO,CE,Towers with Radar,0,0,12,0,12,0,3,76,0,79,0,3,88,0,91,58,0,58,149
01/24/2022,LOU,KY,ASO,CE,Towers with Radar,0,0,18,0,18,0,3,80,0,83,0,3,98,0,101,126,0,126,227
01/25/2022,LOU,KY,ASO,CE,Towers with Radar,0,0,21,0,21,0,3,125,0,128,0,3,146,0,149,238,0,238,387
01/26/2022,LOU,KY,ASO,CE,Towers with Radar,0,3,8,0,11,0,2,165,0,167,0,5,173,0,178,242,0,242,420
01/27/2022,LOU,KY,ASO,CE,Towers with Radar,0,0,21,0,21,0,1,95,0,96,0,1,116,0,117,314,0,314,431
01/28/2022,LOU,KY,ASO,CE,Towers with Radar,0,0,7,0,7,0,1,0,0,1,0,1,7,0,8,0,0,0,8
01/29/2022,LOU,KY,ASO,CE,Towers with Radar,0,3,12,0,15,0,3,114,0,117,0,6,126,0,132,194,0,194,326
01/30/2022,LOU,KY,ASO,CE,Towers with Radar,0,0,21,0,21,0,3,141,0,144,0,3,162,0,165,148,0,148,313
01/31/2022,LOU,KY,ASO,CE,Towers with Radar,0,0,24,0,24,0,3,175,1,179,0,3,199,1,203,146,0,146,349
02/01/2022,LOU,KY,ASO,CE,Towers with Radar,0,0,17,0,17,0,0,148,0,148,0,0,165,0,165,90,0,90,255
02/02/2022,LOU,KY,ASO,CE,Towers with Radar,0,0,10,0,10,0,0,2,0,2,0,0,12,0,12,0,0,0,12
02/03/2022,LOU,KY,ASO,CE,Towers with Radar,0,0,0,0,0,0,0,0,0,0,0,0,0,0,0,0,0,0,0
02/04/2022,LOU,KY,ASO,CE,Towers with Radar,0,0,3,0,3,0,0,5,0,5,0,0,8,0,8,18,0,18,26
02/05/2022,LOU,KY,ASO,CE,Towers with Radar,0,0,21,0,21,0,1,115,0,116,0,1,136,0,137,318,0,318,455
02/06/2022,LOU,KY,ASO,CE,Towers with Radar,0,0,20,0,20,0,1,149,0,150,0,1,169,0,170,114,0,114,284
02/07/2022,LOU,KY,ASO,CE,Towers with Radar,0,0,17,2,19,0,1,121,1,123,0,1,138,3,142,180,0,180,322
02/08/2022,LOU,KY,ASO,CE,Towers with Radar,0,0,20,0,20,0,9,154,0,163,0,9,174,0,183,198,0,198,381
02/09/2022,LOU,KY,ASO,CE,Towers with Radar,0,0,28,0,28,0,3,148,0,151,0,3,176,0,179,142,0,142,321
02/10/2022,LOU,KY,ASO,CE,Towers with Radar,0,2,19,0,21,0,0,163,0,163,0,2,182,0,184,208,0,208,392
02/11/2022,LOU,KY,ASO,CE,Towers with Radar,0,0,8,2,10,0,1,27,0,28,0,1,35,2,38,32,0,32,70
02/12/2022,LOU,KY,ASO,CE,Towers with Radar,0,2,10,0,12,0,1,60,0,61,0,3,70,0,73,174,0,174,247
02/13/2022,LOU,KY,ASO,CE,Towers with Radar,0,4,11,0,15,0,1,126,0,127,0,5,137,0,142,252,0,252,394
02/14/2022,LOU,KY,ASO,CE,Towers with Radar,0,1,23,0,24,0,4,141,0,145,0,5,164,0,169,188,0,188,357
02/15/2022,LOU,KY,ASO,CE,Towers with Radar,0,1,26,0,27,0,0,170,0,170,0,1,196,0,197,188,0,188,385
02/16/2022,LOU,KY,ASO,CE,Towers with Radar,0,0,12,0,12,0,2,16,0,18,0,2,28,0,30,2,0,2,32
02/17/2022,LOU,KY,ASO,CE,Towers with Radar,0,0,5,0,5,0,0,0,0,0,0,0,5,0,5,0,0,0,5
02/18/2022,LOU,KY,ASO,CE,Towers with Radar,0,0,26,0,26,0,2,159,0,161,0,2,185,0,187,352,0,352,539
02/19/2022,LOU,KY,ASO,CE,Towers with Radar,0,1,24,0,25,0,1,143,2,146,0,2,167,2,171,145,0,145,316
02/20/2022,LOU,KY,ASO,CE,Towers with Radar,0,1,36,0,37,0,3,161,0,164,0,4,197,0,201,80,0,80,281
02/21/2022,LOU,KY,ASO,CE,Towers with Radar,0,0,20,0,20,0,3,116,0,119,0,3,136,0,139,122,0,122,261
02/22/2022,LOU,KY,ASO,CE,Towers with Radar,0,0,5,0,5,0,0,0,0,0,0,0,5,0,5,0,0,0,5
02/23/2022,LOU,KY,ASO,CE,Towers with Radar,0,4,9,0,13,0,1,81,3,85,0,5,90,3,98,300,0,300,398
02/24/2022,LOU,KY,ASO,CE,Towers with Radar,0,0,5,0,5,0,0,3,0,3,0,0,8,0,8,6,0,6,14
02/25/2022,LOU,KY,ASO,CE,Towers with Radar,0,0,15,0,15,0,3,43,0,46,0,3,58,0,61,192,0,192,253
02/26/2022,LOU,KY,ASO,CE,Towers with Radar,0,0,20,0,20,0,3,208,0,211,0,3,228,0,231,296,0,296,527
02/27/2022,LOU,KY,ASO,CE,Towers with Radar,0,0,34,0,34,0,3,211,0,214,0,3,245,0,248,324,0,324,572
02/28/2022,LOU,KY,ASO,CE,Towers with Radar,0,2,23,0,25,0,4,196,0,200,0,6,219,0,225,301,0,301,526
03/01/2022,LOU,KY,ASO,CE,Towers with Radar,0,2,28,0,30,0,6,164,0,170,0,8,192,0,200,226,0,226,426
03/02/2022,LOU,KY,ASO,CE,Towers with Radar,0,1,24,0,25,0,0,191,0,191,0,1,215,0,216,178,0,178,394
03/03/2022,LOU,KY,ASO,CE,Towers with Radar,0,0,20,0,20,0,5,143,0,148,0,5,163,0,168,212,0,212,380
03/04/2022,LOU,KY,ASO,CE,Towers with Radar,0,1,19,0,20,0,7,202,0,209,0,8,221,0,229,182,0,182,411
03/05/2022,LOU,KY,ASO,CE,Towers with Radar,0,0,13,0,13,0,5,60,0,65,0,5,73,0,78,32,0,32,110
03/06/2022,LOU,KY,ASO,CE,Towers with Radar,0,0,9,0,9,0,0,5,0,5,0,0,14,0,14,6,0,6,20
03/07/2022,LOU,KY,ASO,CE,Towers with Radar,0,0,10,0,10,0,2,5,0,7,0,2,15,0,17,0,0,0,17
03/08/2022,LOU,KY,ASO,CE,Towers with Radar,0,0,24,0,24,0,2,163,2,167,0,2,187,2,191,334,0,334,525
03/09/2022,LOU,KY,ASO,CE,Towers with Radar,0,1,30,0,31,0,4,156,2,162,0,5,186,2,193,234,0,234,427
03/10/2022,LOU,KY,ASO,CE,Towers with Radar,0,0,28,0,28,0,3,196,0,199,0,3,224,0,227,194,0,194,421
03/11/2022,LOU,KY,ASO,CE,Towers with Radar,0,0,17,0,17,0,4,91,0,95,0,4,108,0,112,174,0,174,286
03/12/2022,LOU,KY,ASO,CE,Towers with Radar,0,0,11,0,11,0,4,19,0,23,0,4,30,0,34,12,0,12,46
03/13/2022,LOU,KY,ASO,CE,Towers with Radar,0,0,16,0,16,0,2,40,0,42,0,2,56,0,58,32,0,32,90
03/14/2022,LOU,KY,ASO,CE,Towers with Radar,0,0,15,0,15,0,3,162,1,166,0,3,177,1,181,122,0,122,303
03/15/2022,LOU,KY,ASO,CE,Towers with Radar,0,0,23,0,23,0,15,192,0,207,0,15,215,0,230,282,0,282,512
03/16/2022,LOU,KY,ASO,CE,Towers with Radar,0,0,31,0,31,0,8,165,0,173,0,8,196,0,204,238,0,238,442
03/17/2022,LOU,KY,ASO,CE,Towers with Radar,0,0,30,0,30,0,1,192,0,193,0,1,222,0,223,155,0,155,378
03/18/2022,LOU,KY,ASO,CE,Towers with Radar,0,1,25,0,26,0,1,38,0,39,0,2,63,0,65,116,0,116,181
03/19/2022,LOU,KY,ASO,CE,Towers with Radar,0,2,8,0,10,0,1,3,3,7,0,3,11,3,17,6,0,6,23
03/20/2022,LOU,KY,ASO,CE,Towers with Radar,0,2,25,0,27,0,5,223,0,228,0,7,248,0,255,292,0,292,547
03/21/2022,LOU,KY,ASO,CE,Towers with Radar,0,0,28,0,28,0,0,214,0,214,0,0,242,0,242,206,0,206,448
03/22/2022,LOU,KY,ASO,CE,Towers with Radar,0,0,19,2,21,0,3,36,0,39,0,3,55,2,60,182,0,182,242
03/23/2022,LOU,KY,ASO,CE,Towers with Radar,0,3,23,0,26,0,3,11,1,15,0,6,34,1,41,0,0,0,41
03/24/2022,LOU,KY,ASO,CE,Towers with Radar,0,0,22,0,22,0,0,42,0,42,0,0,64,0,64,82,0,82,146
03/25/2022,LOU,KY,ASO,CE,Towers with Radar,0,1,28,0,29,0,1,79,0,80,0,2,107,0,109,112,0,112,221
03/26/2022,LOU,KY,ASO,CE,Towers with Radar,0,1,19,0,20,0,0,11,0,11,0,1,30,0,31,6,0,6,37
03/27/2022,LOU,KY,ASO,CE,Towers with Radar,0,0,29,0,29,0,5,179,0,184,0,5,208,0,213,222,0,222,435
03/28/2022,LOU,KY,ASO,CE,Towers with Radar,0,0,15,0,15,0,3,152,0,155,0,3,167,0,170,234,0,234,404
03/29/2022,LOU,KY,ASO,CE,Towers with Radar,0,2,18,2,22,0,2,129,0,131,0,4,147,2,153,232,0,232,385
03/30/2022,LOU,KY,ASO,CE,Towers with Radar,0,2,5,0,7,0,1,10,4,15,0,3,15,4,22,0,0,0,22
03/31/2022,LOU,KY,ASO,CE,Towers with Radar,0,2,10,0,12,0,1,14,0,15,0,3,24,0,27,0,0,0,27
04/01/2022,LOU,KY,ASO,CE,Towers with Radar,0,2,26,0,28,0,3,136,0,139,0,5,162,0,167,236,0,236,403
04/02/2022,LOU,KY,ASO,CE,Towers with Radar,0,0,22,0,22,0,4,156,0,160,0,4,178,0,182,186,0,186,368
04/03/2022,LOU,KY,ASO,CE,Towers with Radar,0,0,29,0,29,0,0,202,1,203,0,0,231,1,232,172,0,172,404
04/04/2022,LOU,KY,ASO,CE,Towers with Radar,0,1,19,0,20,0,3,124,6,133,0,4,143,6,153,200,0,200,353
04/05/2022,LOU,KY,ASO,CE,Towers with Radar,0,1,15,0,16,0,0,28,0,28,0,1,43,0,44,86,0,86,130
04/06/2022,LOU,KY,ASO,CE,Towers with Radar,0,0,16,0,16,0,0,9,0,9,0,0,25,0,25,6,0,6,31
04/07/2022,LOU,KY,ASO,CE,Towers with Radar,0,0,25,0,25,0,2,102,2,106,0,2,127,2,131,63,0,63,194
04/08/2022,LOU,KY,ASO,CE,Towers with Radar,0,0,20,0,20,0,1,21,0,22,0,1,41,0,42,70,0,70,112
04/09/2022,LOU,KY,ASO,CE,Towers with Radar,0,0,6,0,6,0,1,18,0,19,0,1,24,0,25,10,0,10,35
04/10/2022,LOU,KY,ASO,CE,Towers with Radar,0,1,34,0,35,0,0,261,0,261,0,1,295,0,296,182,0,182,478
04/11/2022,LOU,KY,ASO,CE,Towers with Radar,0,4,7,0,11,0,1,9,0,10,0,5,16,0,21,0,0,0,21
04/12/2022,LOU,KY,ASO,CE,Towers with Radar,0,6,23,0,29,0,1,22,0,23,0,7,45,0,52,20,0,20,72
04/13/2022,LOU,KY,ASO,CE,Towers with Radar,0,3,9,0,12,0,1,6,0,7,0,4,15,0,19,30,0,30,49
04/14/2022,LOU,KY,ASO,CE,Towers with Radar,0,0,26,0,26,0,4,207,0,211,0,4,233,0,237,228,0,228,465
04/15/2022,LOU,KY,ASO,CE,Towers with Radar,0,0,14,0,14,0,4,142,0,146,0,4,156,0,160,88,0,88,248
04/16/2022,LOU,KY,ASO,CE,Towers with Radar,0,0,28,0,28,0,1,172,0,173,0,1,200,0,201,180,0,180,381
04/17/2022,LOU,KY,ASO,CE,Towers with Radar,0,1,19,0,20,0,4,107,0,111,0,5,126,0,131,142,0,142,273
04/18/2022,LOU,KY,ASO,CE,Towers with Radar,0,0,18,0,18,0,4,27,0,31,0,4,45,0,49,52,0,52,101
04/19/2022,LOU,KY,ASO,CE,Towers with Radar,0,4,33,0,37,0,1,219,2,222,0,5,252,2,259,224,0,224,483
04/20/2022,LOU,KY,ASO,CE,Towers with Radar,0,2,36,0,38,0,9,128,0,137,0,11,164,0,175,132,0,132,307
04/21/2022,LOU,KY,ASO,CE,Towers with Radar,0,3,61,0,64,0,0,68,0,68,0,3,129,0,132,145,0,145,277
04/22/2022,LOU,KY,ASO,CE,Towers with Radar,0,5,49,0,54,0,1,156,0,157,0,6,205,0,211,124,0,124,335
04/23/2022,LOU,KY,ASO,CE,Towers with Radar,0,0,20,0,20,0,1,99,2,102,0,1,119,2,122,8,0,8,130
04/24/2022,LOU,KY,ASO,CE,Towers with Radar,0,0,20,0,20,0,2,87,0,89,0,2,107,0,109,58,0,58,167
04/25/2022,LOU,KY,ASO,CE,Towers with Radar,0,2,17,0,19,0,5,19,0,24,0,7,36,0,43,4,0,4,47
04/26/2022,LOU,KY,ASO,CE,Towers with Radar,0,0,32,0,32,0,0,172,2,174,0,0,204,2,206,222,0,222,428
04/27/2022,LOU,KY,ASO,CE,Towers with Radar,0,0,45,0,45,0,12,263,0,275,0,12,308,0,320,320,0,320,640
04/28/2022,LOU,KY,ASO,CE,Towers with Radar,0,0,43,0,43,0,5,205,2,212,0,5,248,2,255,306,0,306,561
04/29/2022,LOU,KY,ASO,CE,Towers with Radar,0,3,24,0,27,0,7,115,6,128,0,10,139,6,155,184,0,184,339
04/30/2022,LOU,KY,ASO,CE,Towers with Radar,0,2,30,0,32,0,5,91,0,96,0,7,121,0,128,81,0,81,209
05/01/2022,LOU,KY,ASO,CE,Towers with Radar,0,3,22,0,25,0,7,71,0,78,0,10,93,0,103,52,0,52,155
05/02/2022,LOU,KY,ASO,CE,Towers with Radar,0,0,17,0,17,0,4,204,0,208,0,4,221,0,225,270,0,270,495
05/03/2022,LOU,KY,ASO,CE,Towers with Radar,0,0,8,0,8,0,2,15,0,17,0,2,23,0,25,6,0,6,31
05/04/2022,LOU,KY,ASO,CE,Towers with Radar,0,0,48,0,48,0,2,54,0,56,0,2,102,0,104,58,0,58,162
05/05/2022,LOU,KY,ASO,CE,Towers with Radar,0,7,103,0,110,0,1,94,0,95,0,8,197,0,205,29,0,29,234
05/06/2022,LOU,KY,ASO,CE,Towers with Radar,0,4,30,0,34,0,1,27,0,28,0,5,57,0,62,6,0,6,68
05/07/2022,LOU,KY,ASO,CE,Towers with Radar,0,6,63,0,69,0,4,63,3,70,0,10,126,3,139,20,0,20,159
05/08/2022,LOU,KY,ASO,CE,Towers with Radar,0,9,102,0,111,0,9,180,0,189,0,18,282,0,300,54,0,54,354
05/09/2022,LOU,KY,ASO,CE,Towers with Radar,0,4,32,0,36,0,3,148,2,153,0,7,180,2,189,144,0,144,333
05/10/2022,LOU,KY,ASO,CE,Towers with Radar,0,0,33,0,33,0,4,170,0,174,0,4,203,0,207,222,0,222,429
05/11/2022,LOU,KY,ASO,CE,Towers with Radar,0,0,24,0,24,0,4,163,0,167,0,4,187,0,191,193,0,193,384
05/12/2022,LOU,KY,ASO,CE,Towers with Radar,0,0,40,0,40,0,1,176,1,178,0,1,216,1,218,170,0,170,388
05/13/2022,LOU,KY,ASO,CE,Towers with Radar,0,0,43,0,43,0,7,173,0,180,0,7,216,0,223,146,0,146,369
05/14/2022,LOU,KY,ASO,CE,Towers with Radar,0,0,20,0,20,0,16,106,0,122,0,16,126,0,142,56,0,56,198
05/15/2022,LOU,KY,ASO,CE,Towers with Radar,0,0,29,0,29,0,6,149,0,155,0,6,178,0,184,188,0,188,372
05/16/2022,LOU,KY,ASO,CE,Towers with Radar,0,0,25,0,25,0,6,162,0,168,0,6,187,0,193,188,0,188,381
05/17/2022,LOU,KY,ASO,CE,Towers with Radar,0,1,24,0,25,0,6,179,0,185,0,7,203,0,210,180,0,180,390
05/18/2022,LOU,KY,ASO,CE,Towers with Radar,0,0,13,0,13,0,4,70,0,74,0,4,83,0,87,88,0,88,175
05/19/2022,LOU,KY,ASO,CE,Towers with Radar,0,1,23,0,24,0,2,80,1,83,0,3,103,1,107,207,0,207,314
05/20/2022,LOU,KY,ASO,CE,Towers with Radar,0,3,25,0,28,0,3,31,0,34,0,6,56,0,62,4,0,4,66
05/21/2022,LOU,KY,ASO,CE,Towers with Radar,0,0,18,0,18,0,8,163,2,173,0,8,181,2,191,66,0,66,257
05/22/2022,LOU,KY,ASO,CE,Towers with Radar,0,0,38,0,38,0,6,87,1,94,0,6,125,1,132,132,0,132,264
05/23/2022,LOU,KY,ASO,CE,Towers with Radar,0,1,29,0,30,0,1,132,0,133,0,2,161,0,163,226,0,226,389
05/24/2022,LOU,KY,ASO,CE,Towers with Radar,0,2,30,0,32,0,6,176,1,183,0,8,206,1,215,328,0,328,543
05/25/2022,LOU,KY,ASO,CE,Towers with Radar,0,1,24,0,25,0,6,50,1,57,0,7,74,1,82,70,0,70,152
05/26/2022,LOU,KY,ASO,CE,Towers with Radar,0,0,16,0,16,0,0,5,0,5,0,0,21,0,21,0,0,0,21
05/27/2022,LOU,KY,ASO,CE,Towers with Radar,0,0,35,0,35,0,3,48,0,51,0,3,83,0,86,88,0,88,174
05/28/2022,LOU,KY,ASO,CE,Towers with Radar,0,2,23,0,25,0,13,214,0,227,0,15,237,0,252,188,0,188,440
05/29/2022,LOU,KY,ASO,CE,Towers with Radar,0,3,10,0,13,0,5,167,0,172,0,8,177,0,185,126,0,126,311
05/30/2022,LOU,KY,ASO,CE,Towers with Radar,0,0,18,0,18,0,9,127,1,137,0,9,145,1,155,104,0,104,259
05/31/2022,LOU,KY,ASO,CE,Towers with Radar,0,1,23,0,24,0,2,216,1,219,0,3,239,1,243,188,0,188,431
06/01/2022,LOU,KY,ASO,CE,Towers with Radar,0,0,21,0,21,0,2,103,0,105,0,2,124,0,126,152,0,152,278
06/02/2022,LOU,KY,ASO,CE,Towers with Radar,0,1,21,0,22,0,3,76,0,79,0,4,97,0,101,194,0,194,295
06/03/2022,LOU,KY,ASO,CE,Towers with Radar,0,0,27,0,27,0,4,222,0,226,0,4,249,0,253,166,0,166,419
06/04/2022,LOU,KY,ASO,CE,Towers with Radar,0,6,18,0,24,0,13,228,0,241,0,19,246,0,265,136,0,136,401
06/05/2022,LOU,KY,ASO,CE,Towers with Radar,0,3,33,0,36,0,0,143,0,143,0,3,176,0,179,226,0,226,405
06/06/2022,LOU,KY,ASO,CE,Towers with Radar,0,3,17,0,20,0,3,54,0,57,0,6,71,0,77,94,0,94,171
06/07/2022,LOU,KY,ASO,CE,Towers with Radar,0,0,35,0,35,0,2,96,0,98,0,2,131,0,133,222,0,222,355
06/08/2022,LOU,KY,ASO,CE,Towers with Radar,0,2,15,0,17,0,3,65,0,68,0,5,80,0,85,149,0,149,234
06/09/2022,LOU,KY,ASO,CE,Towers with Radar,0,2,27,0,29,0,3,200,0,203,0,5,227,0,232,300,0,300,532
06/10/2022,LOU,KY,ASO,CE,Towers with Radar,0,0,33,0,33,0,2,103,3,108,0,2,136,3,141,188,0,188,329
06/11/2022,LOU,KY,ASO,CE,Towers with Radar,0,2,23,0,25,0,11,269,5,285,0,13,292,5,310,130,0,130,440
06/12/2022,LOU,KY,ASO,CE,Towers with Radar,0,0,22,0,22,0,10,130,0,140,0,10,152,0,162,110,0,110,272
06/13/2022,LOU,KY,ASO,CE,Towers with Radar,0,0,29,0,29,0,6,120,0,126,0,6,149,0,155,172,0,172,327
06/14/2022,LOU,KY,ASO,CE,Towers with Radar,0,0,22,0,22,0,3,166,0,169,0,3,188,0,191,112,0,112,303
06/15/2022,LOU,KY,ASO,CE,Towers with Radar,0,2,25,0,27,0,2,156,1,159,0,4,181,1,186,194,0,194,380
06/16/2022,LOU,KY,ASO,CE,Towers with Radar,0,0,16,0,16,0,2,144,0,146,0,2,160,0,162,156,0,156,318
06/17/2022,LOU,KY,ASO,CE,Towers with Radar,0,0,23,0,23,0,2,102,0,104,0,2,125,0,127,114,0,114,241
06/18/2022,LOU,KY,ASO,CE,Towers with Radar,0,0,27,0,27,0,6,243,0,249,0,6,270,0,276,116,0,116,392
06/19/2022,LOU,KY,ASO,CE,Towers with Radar,0,0,23,0,23,0,9,171,1,181,0,9,194,1,204,147,0,147,351
06/20/2022,LOU,KY,ASO,CE,Towers with Radar,0,2,22,0,24,0,4,190,0,194,0,6,212,0,218,320,0,320,538
06/21/2022,LOU,KY,ASO,CE,Towers with Radar,0,1,24,0,25,0,6,218,0,224,0,7,242,0,249,202,0,202,451
06/22/2022,LOU,KY,ASO,CE,Towers with Radar,0,2,22,0,24,0,10,129,0,139,0,12,151,0,163,176,0,176,339
06/23/2022,LOU,KY,ASO,CE,Towers with Radar,0,3,36,0,39,0,12,211,2,225,0,15,247,2,264,176,0,176,440
06/24/2022,LOU,KY,ASO,CE,Towers with Radar,0,0,27,0,27,0,8,202,0,210,0,8,229,0,237,284,0,284,521
06/25/2022,LOU,KY,ASO,CE,Towers with Radar,0,0,25,0,25,0,5,187,0,192,0,5,212,0,217,196,0,196,413
06/26/2022,LOU,KY,ASO,CE,Towers with Radar,0,0,20,0,20,0,5,74,0,79,0,5,94,0,99,70,0,70,169
06/27/2022,LOU,KY,ASO,CE,Towers with Radar,0,1,19,0,20,0,12,219,0,231,0,13,238,0,251,306,0,306,557
06/28/2022,LOU,KY,ASO,CE,Towers with Radar,0,1,28,0,29,0,1,235,0,236,0,2,263,0,265,274,0,274,539
06/29/2022,LOU,KY,ASO,CE,Towers with Radar,0,0,40,1,41,0,8,181,8,197,0,8,221,9,238,224,0,224,462
06/30/2022,LOU,KY,ASO,CE,Towers with Radar,0,2,30,0,32,0,4,236,1,241,0,6,266,1,273,252,0,252,525
07/01/2022,LOU,KY,ASO,CE,Towers with Radar,0,1,23,0,24,0,8,108,0,116,0,9,131,0,140,156,0,156,296
07/02/2022,LOU,KY,ASO,CE,Towers with Radar,0,0,11,0,11,0,7,103,1,111,0,7,114,1,122,162,0,162,284
07/03/2022,LOU,KY,ASO,CE,Towers with Radar,0,0,15,0,15,0,7,87,4,98,0,7,102,4,113,62,0,62,175
07/04/2022,LOU,KY,ASO,CE,Towers with Radar,0,0,8,0,8,0,4,83,0,87,0,4,91,0,95,50,0,50,145
07/05/2022,LOU,KY,ASO,CE,Towers with Radar,0,0,31,0,31,0,6,165,0,171,0,6,196,0,202,310,0,310,512
07/06/2022,LOU,KY,ASO,CE,Towers with Radar,0,0,19,0,19,0,5,140,0,145,0,5,159,0,164,202,0,202,366
07/07/2022,LOU,KY,ASO,CE,Towers with Radar,0,4,18,0,22,0,2,18,0,20,0,6,36,0,42,32,0,32,74
07/08/2022,LOU,KY,ASO,CE,Towers with Radar,0,0,18,0,18,0,2,15,0,17,0,2,33,0,35,24,0,24,59
07/09/2022,LOU,KY,ASO,CE,Towers with Radar,0,0,15,0,15,0,1,17,0,18,0,1,32,0,33,10,0,10,43
07/10/2022,LOU,KY,ASO,CE,Towers with Radar,0,2,26,1,29,0,8,235,0,243,0,10,261,1,272,174,0,174,446
07/11/2022,LOU,KY,ASO,CE,Towers with Radar,0,1,23,0,24,0,2,239,2,243,0,3,262,2,267,256,0,256,523
07/12/2022,LOU,KY,ASO,CE,Towers with Radar,0,1,23,0,24,0,9,179,0,188,0,10,202,0,212,192,0,192,404
07/13/2022,LOU,KY,ASO,CE,Towers with Radar,0,4,19,0,23,0,9,216,0,225,0,13,235,0,248,226,0,226,474
07/14/2022,LOU,KY,ASO,CE,Towers with Radar,1,0,18,0,19,0,7,208,0,215,1,7,226,0,234,150,0,150,384
07/15/2022,LOU,KY,ASO,CE,Towers with Radar,0,0,17,0,17,0,6,162,0,168,0,6,179,0,185,198,0,198,383
07/16/2022,LOU,KY,ASO,CE,Towers with Radar,0,1,8,0,9,0,8,156,2,166,0,9,164,2,175,100,0,100,275
07/17/2022,LOU,KY,ASO,CE,Towers with Radar,0,1,16,0,17,0,1,10,0,11,0,2,26,0,28,10,0,10,38
07/18/2022,LOU,KY,ASO,CE,Towers with Radar,0,0,33,0,33,0,1,67,0,68,0,1,100,0,101,122,0,122,223
07/19/2022,LOU,KY,ASO,CE,Towers with Radar,0,0,46,0,46,0,3,209,0,212,0,3,255,0,258,288,0,288,546
07/20/2022,LOU,KY,ASO,CE,Towers with Radar,0,2,27,0,29,0,1,124,7,132,0,3,151,7,161,174,0,174,335
07/21/2022,LOU,KY,ASO,CE,Towers with Radar,0,0,42,0,42,0,1,169,1,171,0,1,211,1,213,196,0,196,409
07/22/2022,LOU,KY,ASO,CE,Towers with Radar,0,2,34,0,36,0,4,180,0,184,0,6,214,0,220,166,0,166,386
07/23/2022,LOU,KY,ASO,CE,Towers with Radar,0,0,24,0,24,0,11,172,1,184,0,11,196,1,208,112,0,112,320
07/24/2022,LOU,KY,ASO,CE,Towers with Radar,0,2,19,0,21,0,4,123,0,127,0,6,142,0,148,90,0,90,238
07/25/2022,LOU,KY,ASO,CE,Towers with Radar,0,3,28,0,31,0,3,74,0,77,0,6,102,0,108,240,4,244,352
07/26/2022,LOU,KY,ASO,CE,Towers with Radar,0,1,14,0,15,0,0,13,0,13,0,1,27,0,28,40,0,40,68
07/27/2022,LOU,KY,ASO,CE,Towers with Radar,0,0,31,0,31,0,0,80,4,84,0,0,111,4,115,142,0,142,257
07/28/2022,LOU,KY,ASO,CE,Towers with Radar,0,3,24,0,27,0,2,97,0,99,0,5,121,0,126,192,0,192,318
07/29/2022,LOU,KY,ASO,CE,Towers with Radar,0,0,30,1,31,0,3,113,3,119,0,3,143,4,150,192,0,192,342
07/30/2022,LOU,KY,ASO,CE,Towers with Radar,0,0,25,0,25,0,10,220,0,230,0,10,245,0,255,208,0,208,463
07/31/2022,LOU,KY,ASO,CE,Towers with Radar,0,3,22,0,25,0,5,23,0,28,0,8,45,0,53,46,0,46,99
08/01/2022,LOU,KY,ASO,CE,Towers with Radar,0,1,17,0,18,0,3,45,0,48,0,4,62,0,66,92,0,92,158
08/02/2022,LOU,KY,ASO,CE,Towers with Radar,0,1,32,0,33,0,2,215,0,217,0,3,247,0,250,220,0,220,470
08/03/2022,LOU,KY,ASO,CE,Towers with Radar,0,4,31,1,36,0,11,215,0,226,0,15,246,1,262,126,0,126,388
08/04/2022,LOU,KY,ASO,CE,Towers with Radar,0,2,18,0,20,0,8,86,3,97,0,10,104,3,117,158,0,158,275
08/05/2022,LOU,KY,ASO,CE,Towers with Radar,0,0,10,0,10,0,2,17,0,19,0,2,27,0,29,24,0,24,53
08/06/2022,LOU,KY,ASO,CE,Towers with Radar,0,0,17,6,23,0,3,107,0,110,0,3,124,6,133,188,0,188,321
08/07/2022,LOU,KY,ASO,CE,Towers with Radar,0,0,20,0,20,0,14,130,1,145,0,14,150,1,165,134,0,134,299
08/08/2022,LOU,KY,ASO,CE,Towers with Radar,0,1,13,0,14,0,5,163,2,170,0,6,176,2,184,230,0,230,414
08/09/2022,LOU,KY,ASO,CE,Towers with Radar,0,3,29,2,34,0,4,115,6,125,0,7,144,8,159,136,6,142,301
08/10/2022,LOU,KY,ASO,CE,Towers with Radar,0,0,35,0,35,0,1,47,2,50,0,1,82,2,85,34,0,34,119
08/11/2022,LOU,KY,ASO,CE,Towers with Radar,0,3,22,1,26,0,7,206,5,218,0,10,228,6,244,118,2,120,364
08/12/2022,LOU,KY,ASO,CE,Towers with Radar,0,1,36,0,37,0,8,203,0,211,0,9,239,0,248,226,0,226,474
08/13/2022,LOU,KY,ASO,CE,Towers with Radar,0,0,23,0,23,0,20,208,6,234,0,20,231,6,257,148,0,148,405
08/14/2022,LOU,KY,ASO,CE,Towers with Radar,0,0,21,0,21,0,3,130,0,133,0,3,151,0,154,178,0,178,332
08/15/2022,LOU,KY,ASO,CE,Towers with Radar,0,1,28,0,29,0,3,101,0,104,0,4,129,0,133,136,0,136,269
08/16/2022,LOU,KY,ASO,CE,Towers with Radar,0,1,22,0,23,0,3,196,0,199,0,4,218,0,222,160,0,160,382
08/17/2022,LOU,KY,ASO,CE,Towers with Radar,0,0,18,0,18,0,1,183,0,184,0,1,201,0,202,240,0,240,442
08/18/2022,LOU,KY,ASO,CE,Towers with Radar,0,1,31,0,32,0,5,190,2,197,0,6,221,2,229,206,0,206,435
08/19/2022,LOU,KY,ASO,CE,Towers with Radar,0,1,23,0,24,0,7,165,1,173,0,8,188,1,197,168,0,168,365
08/20/2022,LOU,KY,ASO,CE,Towers with Radar,0,0,24,0,24,0,12,151,0,163,0,12,175,0,187,154,0,154,341
08/21/2022,LOU,KY,ASO,CE,Towers with Radar,0,0,10,1,11,0,6,7,0,13,0,6,17,1,24,26,0,26,50
08/22/2022,LOU,KY,ASO,CE,Towers with Radar,0,1,29,3,33,0,2,72,1,75,0,3,101,4,108,162,0,162,270
08/23/2022,LOU,KY,ASO,CE,Towers with Radar,0,0,34,2,36,0,8,172,3,183,0,8,206,5,219,256,0,256,475
08/24/2022,LOU,KY,ASO,CE,Towers with Radar,0,2,22,0,24,0,0,196,0,196,0,2,218,0,220,214,0,214,434
08/25/2022,LOU,KY,ASO,CE,Towers with Radar,0,3,29,0,32,0,2,209,2,213,0,5,238,2,245,168,0,168,413
08/26/2022,LOU,KY,ASO,CE,Towers with Radar,0,1,28,1,30,0,3,157,1,161,0,4,185,2,191,214,0,214,405
08/27/2022,LOU,KY,ASO,CE,Towers with Radar,0,0,20,0,20,0,10,193,3,206,0,10,213,3,226,172,0,172,398
08/28/2022,LOU,KY,ASO,CE,Towers with Radar,0,0,30,0,30,0,5,144,0,149,0,5,174,0,179,110,0,110,289
08/29/2022,LOU,KY,ASO,CE,Towers with Radar,0,0,13,0,13,0,2,54,0,56,0,2,67,0,69,54,0,54,123
08/30/2022,LOU,KY,ASO,CE,Towers with Radar,0,2,25,0,27,0,3,118,3,124,0,5,143,3,151,150,0,150,301
08/31/2022,LOU,KY,ASO,CE,Towers with Radar,0,0,26,0,26,0,2,165,2,169,0,2,191,2,195,226,0,226,421
09/01/2022,LOU,KY,ASO,CE,Towers with Radar,0,2,20,0,22,0,10,159,0,169,0,12,179,0,191,220,1,221,412
09/02/2022,LOU,KY,ASO,CE,Towers with Radar,0,0,24,0,24,0,3,153,0,156,0,3,177,0,180,232,0,232,412
09/03/2022,LOU,KY,ASO,CE,Towers with Radar,0,0,5,0,5,0,10,55,0,65,0,10,60,0,70,148,0,148,218
09/04/2022,LOU,KY,ASO,CE,Towers with Radar,0,2,20,0,22,0,4,14,0,18,0,6,34,0,40,32,0,32,72
09/05/2022,LOU,KY,ASO,CE,Towers with Radar,0,0,22,0,22,0,3,17,0,20,0,3,39,0,42,64,0,64,106
09/06/2022,LOU,KY,ASO,CE,Towers with Radar,0,2,27,0,29,0,1,21,0,22,0,3,48,0,51,48,0,48,99
09/07/2022,LOU,KY,ASO,CE,Towers with Radar,0,0,26,0,26,0,2,177,2,181,0,2,203,2,207,154,0,154,361
09/08/2022,LOU,KY,ASO,CE,Towers with Radar,0,2,21,0,23,0,1,220,4,225,0,3,241,4,248,192,0,192,440
09/09/2022,LOU,KY,ASO,CE,Towers with Radar,0,0,30,0,30,0,4,178,0,182,0,4,208,0,212,212,0,212,424
09/10/2022,LOU,KY,ASO,CE,Towers with Radar,0,1,18,0,19,0,12,153,1,166,0,13,171,1,185,152,0,152,337
09/11/2022,LOU,KY,ASO,CE,Towers with Radar,0,0,24,1,25,0,2,4,0,6,0,2,28,1,31,14,0,14,45
09/12/2022,LOU,KY,ASO,CE,Towers with Radar,0,2,36,1,39,0,6,115,2,123,0,8,151,3,162,124,0,124,286
09/13/2022,LOU,KY,ASO,CE,Towers with Radar,0,3,22,0,25,0,7,204,0,211,0,10,226,0,236,280,0,280,516
09/14/2022,LOU,KY,ASO,CE,Towers with Radar,0,1,27,1,29,0,6,188,2,196,0,7,215,3,225,186,0,186,411
09/15/2022,LOU,KY,ASO,CE,Towers with Radar,0,4,27,0,31,0,7,200,2,209,0,11,227,2,240,218,0,218,458
09/16/2022,LOU,KY,ASO,CE,Towers with Radar,0,1,33,2,36,0,4,166,1,171,0,5,199,3,207,136,0,136,343
09/17/2022,LOU,KY,ASO,CE,Towers with Radar,0,2,26,0,28,0,9,282,0,291,0,11,308,0,319,120,0,120,439
09/18/2022,LOU,KY,ASO,CE,Towers with Radar,0,0,23,0,23,0,3,175,1,179,0,3,198,1,202,134,0,134,336
09/19/2022,LOU,KY,ASO,CE,Towers with Radar,0,3,30,1,34,0,5,118,6,129,0,8,148,7,163,152,4,156,319
09/20/2022,LOU,KY,ASO,CE,Towers with Radar,0,1,24,0,25,0,8,172,2,182,0,9,196,2,207,212,0,212,419
09/21/2022,LOU,KY,ASO,CE,Towers with Radar,0,6,36,0,42,0,11,83,0,94,0,17,119,0,136,122,0,122,258
09/22/2022,LOU,KY,ASO,CE,Towers with Radar,0,2,32,0,34,0,5,75,0,80,0,7,107,0,114,50,0,50,164
09/23/2022,LOU,KY,ASO,CE,Towers with Radar,0,1,28,0,29,0,6,167,1,174,0,7,195,1,203,194,0,194,397
09/24/2022,LOU,KY,ASO,CE,Towers with Radar,0,0,12,0,12,0,20,136,0,156,0,20,148,0,168,124,0,124,292
09/25/2022,LOU,KY,ASO,CE,Towers with Radar,0,1,19,0,20,0,6,58,0,64,0,7,77,0,84,32,0,32,116
09/26/2022,LOU,KY,ASO,CE,Towers with Radar,0,1,25,0,26,0,8,81,0,89,0,9,106,0,115,42,0,42,157
09/27/2022,LOU,KY,ASO,CE,Towers with Radar,0,1,23,0,24,0,6,131,5,142,0,7,154,5,166,66,0,66,232
09/28/2022,LOU,KY,ASO,CE,Towers with Radar,0,2,24,0,26,0,6,154,1,161,0,8,178,1,187,256,0,256,443
09/29/2022,LOU,KY,ASO,CE,Towers with Radar,0,1,27,0,28,0,10,157,1,168,0,11,184,1,196,164,0,164,360
09/30/2022,LOU,KY,ASO,CE,Towers with Radar,0,4,26,0,30,0,8,175,3,186,0,12,201,3,216,153,0,153,369
10/01/2022,LOU,KY,ASO,CE,Towers with Radar,0,3,8,0,11,0,0,239,2,241,0,3,247,2,252,10,0,10,262
10/02/2022,LOU,KY,ASO,CE,Towers with Radar,0,2,10,0,12,0,3,266,2,271,0,5,276,2,283,34,0,34,317
10/03/2022,LOU,KY,ASO,CE,Towers with Radar,0,1,17,0,18,0,6,165,0,171,0,7,182,0,189,190,0,190,379
10/04/2022,LOU,KY,ASO,CE,Towers with Radar,0,2,28,2,32,0,7,183,0,190,0,9,211,2,222,264,0,264,486
10/05/2022,LOU,KY,ASO,CE,Towers with Radar,0,2,39,0,41,0,5,199,2,206,0,7,238,2,247,250,0,250,497
10/06/2022,LOU,KY,ASO,CE,Towers with Radar,0,1,19,0,20,0,2,182,2,186,0,3,201,2,206,248,0,248,454
10/07/2022,LOU,KY,ASO,CE,Towers with Radar,0,1,32,0,33,0,13,98,0,111,0,14,130,0,144,134,0,134,278
10/08/2022,LOU,KY,ASO,CE,Towers with Radar,0,0,22,0,22,0,7,196,0,203,0,7,218,0,225,168,0,168,393
10/09/2022,LOU,KY,ASO,CE,Towers with Radar,0,0,21,0,21,0,5,169,2,176,0,5,190,2,197,124,0,124,321
10/10/2022,LOU,KY,ASO,CE,Towers with Radar,0,0,25,0,25,0,6,194,1,201,0,6,219,1,226,246,0,246,472
10/11/2022,LOU,KY,ASO,CE,Towers with Radar,0,2,29,1,32,0,9,169,1,179,0,11,198,2,211,180,0,180,391
10/12/2022,LOU,KY,ASO,CE,Towers with Radar,0,1,17,0,18,0,0,35,0,35,0,1,52,0,53,66,0,66,119
10/13/2022,LOU,KY,ASO,CE,Towers with Radar,0,3,25,0,28,0,11,71,0,82,0,14,96,0,110,54,0,54,164
10/14/2022,LOU,KY,ASO,CE,Towers with Radar,0,0,24,0,24,0,3,85,0,88,0,3,109,0,112,50,0,50,162
10/15/2022,LOU,KY,ASO,CE,Towers with Radar,0,2,22,0,24,0,12,200,2,214,0,14,222,2,238,110,0,110,348
10/16/2022,LOU,KY,ASO,CE,Towers with Radar,0,6,27,0,33,0,2,166,0,168,0,8,193,0,201,158,0,158,359
10/17/2022,LOU,KY,ASO,CE,Towers with Radar,0,3,24,0,27,0,4,79,2,85,0,7,103,2,112,110,0,110,222
10/18/2022,LOU,KY,ASO,CE,Towers with Radar,0,1,24,0,25,0,4,29,0,33,0,5,53,0,58,48,0,48,106
10/19/2022,LOU,KY,ASO,CE,Towers with Radar,0,2,32,0,34,0,9,142,0,151,0,11,174,0,185,184,0,184,369
10/20/2022,LOU,KY,ASO,CE,Towers with Radar,0,1,22,2,25,0,1,134,2,137,0,2,156,4,162,158,0,158,320
10/21/2022,LOU,KY,ASO,CE,Towers with Radar,0,1,26,0,27,0,4,131,0,135,0,5,157,0,162,120,0,120,282
10/22/2022,LOU,KY,ASO,CE,Towers with Radar,0,0,18,0,18,0,7,182,3,192,0,7,200,3,210,102,0,102,312
10/23/2022,LOU,KY,ASO,CE,Towers with Radar,0,0,30,0,30,0,7,150,2,159,0,7,180,2,189,96,0,96,285
10/24/2022,LOU,KY,ASO,CE,Towers with Radar,0,1,13,0,14,0,9,164,0,173,0,10,177,0,187,256,0,256,443
10/25/2022,LOU,KY,ASO,CE,Towers with Radar,0,2,23,0,25,0,6,55,0,61,0,8,78,0,86,54,0,54,140
10/26/2022,LOU,KY,ASO,CE,Towers with Radar,0,1,19,0,20,0,6,20,1,27,0,7,39,1,47,46,0,46,93
10/27/2022,LOU,KY,ASO,CE,Towers with Radar,0,1,10,0,11,0,2,166,0,168,0,3,176,0,179,158,0,158,337
10/28/2022,LOU,KY,ASO,CE,Towers with Radar,0,2,22,0,24,0,6,228,0,234,0,8,250,0,258,310,0,310,568
10/29/2022,LOU,KY,ASO,CE,Towers with Radar,0,1,16,0,17,0,6,220,1,227,0,7,236,1,244,222,0,222,466
10/30/2022,LOU,KY,ASO,CE,Towers with Radar,0,4,17,0,21,0,2,3,0,5,0,6,20,0,26,0,0,0,26
10/31/2022,LOU,KY,ASO,CE,Towers with Radar,0,1,9,0,10,0,0,22,0,22,0,1,31,0,32,62,0,62,94
11/01/2022,LOU,KY,ASO,CE,Towers with Radar,0,1,18,0,19,0,3,109,0,112,0,4,127,0,131,248,0,248,379
11/02/2022,LOU,KY,ASO,CE,Towers with Radar,0,0,10,0,10,0,6,145,0,151,0,6,155,0,161,240,0,240,401
11/03/2022,LOU,KY,ASO,CE,Towers with Radar,0,2,30,0,32,0,6,153,0,159,0,8,183,0,191,226,0,226,417
11/04/2022,LOU,KY,ASO,CE,Towers with Radar,0,0,16,0,16,0,5,102,5,112,0,5,118,5,128,146,0,146,274
11/05/2022,LOU,KY,ASO,CE,Towers with Radar,0,0,3,0,3,0,1,1,0,2,0,1,4,0,5,0,0,0,5
11/06/2022,LOU,KY,ASO,CE,Towers with Radar,0,0,14,0,14,0,4,121,0,125,0,4,135,0,139,128,0,128,267
11/07/2022,LOU,KY,ASO,CE,Towers with Radar,0,1,23,0,24,0,4,100,0,104,0,5,123,0,128,134,0,134,262
11/08/2022,LOU,KY,ASO,CE,Towers with Radar,0,1,19,0,20,0,11,123,0,134,0,12,142,0,154,130,0,130,284
11/09/2022,LOU,KY,ASO,CE,Towers with Radar,0,0,27,0,27,0,2,136,2,140,0,2,163,2,167,250,0,250,417
11/10/2022,LOU,KY,ASO,CE,Towers with Radar,0,1,21,0,22,0,11,165,0,176,0,12,186,0,198,300,0,300,498
11/11/2022,LOU,KY,ASO,CE,Towers with Radar,0,0,17,0,17,0,2,37,0,39,0,2,54,0,56,42,0,42,98
11/12/2022,LOU,KY,ASO,CE,Towers with Radar,0,0,3,0,3,0,0,7,0,7,0,0,10,0,10,0,0,0,10
11/13/2022,LOU,KY,ASO,CE,Towers with Radar,0,0,15,0,15,0,3,98,0,101,0,3,113,0,116,220,0,220,336
11/14/2022,LOU,KY,ASO,CE,Towers with Radar,0,3,24,0,27,0,2,150,0,152,0,5,174,0,179,178,0,178,357
11/15/2022,LOU,KY,ASO,CE,Towers with Radar,0,1,11,0,12,0,0,1,0,1,0,1,12,0,13,0,0,0,13
11/16/2022,LOU,KY,ASO,CE,Towers with Radar,0,2,16,0,18,0,3,16,0,19,0,5,32,0,37,0,0,0,37
11/17/2022,LOU,KY,ASO,CE,Towers with Radar,0,0,15,0,15,0,0,99,0,99,0,0,114,0,114,240,0,240,354
11/18/2022,LOU,KY,ASO,CE,Towers with Radar,0,0,22,0,22,0,9,41,0,50,0,9,63,0,72,30,0,30,102
11/19/2022,LOU,KY,ASO,CE,Towers with Radar,0,0,18,0,18,0,1,83,2,86,0,1,101,2,104,26,0,26,130
11/20/2022,LOU,KY,ASO,CE,Towers with Radar,0,1,21,0,22,0,2,167,0,169,0,3,188,0,191,153,0,153,344
11/21/2022,LOU,KY,ASO,CE,Towers with Radar,0,0,16,0,16,0,6,171,0,177,0,6,187,0,193,166,0,166,359
11/22/2022,LOU,KY,ASO,CE,Towers with Radar,0,0,17,0,17,0,7,172,0,179,0,7,189,0,196,123,0,123,319
11/23/2022,LOU,KY,ASO,CE,Towers with Radar,0,1,17,0,18,0,3,173,0,176,0,4,190,0,194,264,0,264,458
11/24/2022,LOU,KY,ASO,CE,Towers with Radar,0,2,5,0,7,0,1,25,0,26,0,3,30,0,33,50,0,50,83
11/25/2022,LOU,KY,ASO,CE,Towers with Radar,0,0,9,0,9,0,0,66,0,66,0,0,75,0,75,130,0,130,205
11/26/2022,LOU,KY,ASO,CE,Towers with Radar,0,0,13,0,13,0,8,146,0,154,0,8,159,0,167,154,0,154,321
11/27/2022,LOU,KY,ASO,CE,Towers with Radar,0,0,9,0,9,0,0,0,0,0,0,0,9,0,9,0,0,0,9
11/28/2022,LOU,KY,ASO,CE,Towers with Radar,0,1,22,0,23,0,0,34,1,35,0,1,56,1,58,100,0,100,158
11/29/2022,LOU,KY,ASO,CE,Towers with Radar,0,1,16,2,19,0,5,61,0,66,0,6,77,2,85,44,0,44,129
11/30/2022,LOU,KY,ASO,CE,Towers with Radar,0,0,11,0,11,0,7,31,0,38,0,7,42,0,49,62,0,62,111
12/01/2022,LOU,KY,ASO,CE,Towers with Radar,0,0,27,0,27,0,6,196,0,202,0,6,223,0,229,210,0,210,439
12/02/2022,LOU,KY,ASO,CE,Towers with Radar,0,1,9,1,11,0,4,32,1,37,0,5,41,2,48,44,0,44,92
12/03/2022,LOU,KY,ASO,CE,Towers with Radar,0,3,14,0,17,0,8,56,0,64,0,11,70,0,81,52,0,52,133
12/04/2022,LOU,KY,ASO,CE,Towers with Radar,0,2,23,0,25,0,2,175,2,179,0,4,198,2,204,212,0,212,416
12/05/2022,LOU,KY,ASO,CE,Towers with Radar,0,1,14,0,15,0,1,54,0,55,0,2,68,0,70,200,0,200,270
12/06/2022,LOU,KY,ASO,CE,Towers with Radar,0,3,13,0,16,0,0,0,0,0,0,3,13,0,16,0,0,0,16
12/07/2022,LOU,KY,ASO,CE,Towers with Radar,0,0,9,0,9,0,0,0,0,0,0,0,9,0,9,0,0,0,9
12/08/2022,LOU,KY,ASO,CE,Towers with Radar,0,0,3,0,3,0,0,0,0,0,0,0,3,0,3,0,0,0,3
12/09/2022,LOU,KY,ASO,CE,Towers with Radar,0,0,17,0,17,0,0,0,0,0,0,0,17,0,17,0,0,0,17
12/10/2022,LOU,KY,ASO,CE,Towers with Radar,0,0,8,0,8,0,0,0,0,0,0,0,8,0,8,0,0,0,8
12/11/2022,LOU,KY,ASO,CE,Towers with Radar,0,0,23,0,23,0,3,95,2,100,0,3,118,2,123,308,0,308,431
12/12/2022,LOU,KY,ASO,CE,Towers with Radar,0,1,16,0,17,0,3,151,0,154,0,4,167,0,171,312,0,312,483
12/13/2022,LOU,KY,ASO,CE,Towers with Radar,0,1,23,0,24,0,7,139,1,147,0,8,162,1,171,220,0,220,391
12/14/2022,LOU,KY,ASO,CE,Towers with Radar,0,0,10,0,10,0,0,1,0,1,0,0,11,0,11,0,0,0,11
12/15/2022,LOU,KY,ASO,CE,Towers with Radar,0,3,22,0,25,0,1,114,1,116,0,4,136,1,141,244,0,244,385
12/16/2022,LOU,KY,ASO,CE,Towers with Radar,0,3,18,0,21,0,2,64,1,67,0,5,82,1,88,52,0,52,140
12/17/2022,LOU,KY,ASO,CE,Towers with Radar,0,0,9,0,9,0,4,101,2,107,0,4,110,2,116,194,0,194,310
12/18/2022,LOU,KY,ASO,CE,Towers with Radar,0,1,17,0,18,0,1,134,2,137,0,2,151,2,155,220,0,220,375
12/19/2022,LOU,KY,ASO,CE,Towers with Radar,0,1,24,0,25,0,3,193,0,196,0,4,217,0,221,168,0,168,389
12/20/2022,LOU,KY,ASO,CE,Towers with Radar,0,4,19,0,23,0,2,213,0,215,0,6,232,0,238,304,0,304,542
12/21/2022,LOU,KY,ASO,CE,Towers with Radar,0,0,12,0,12,0,5,178,0,183,0,5,190,0,195,270,0,270,465
12/22/2022,LOU,KY,ASO,CE,Towers with Radar,0,3,1,0,4,0,0,1,0,1,0,3,2,0,5,0,0,0,5
12/23/2022,LOU,KY,ASO,CE,Towers with Radar,0,1,1,0,2,0,0,0,0,0,0,1,1,0,2,0,0,0,2
12/24/2022,LOU,KY,ASO,CE,Towers with Radar,0,0,2,0,2,0,4,3,0,7,0,4,5,0,9,0,0,0,9
12/25/2022,LOU,KY,ASO,CE,Towers with Radar,0,0,1,0,1,0,3,0,0,3,0,3,1,0,4,0,0,0,4
12/26/2022,LOU,KY,ASO,CE,Towers with Radar,0,0,9,0,9,0,0,1,0,1,0,0,10,0,10,0,0,0,10
12/27/2022,LOU,KY,ASO,CE,Towers with Radar,0,1,16,0,17,0,0,0,0,0,0,1,16,0,17,0,0,0,17
12/28/2022,LOU,KY,ASO,CE,Towers with Radar,0,0,18,0,18,0,1,100,0,101,0,1,118,0,119,56,0,56,175
12/29/2022,LOU,KY,ASO,CE,Towers with Radar,0,1,13,0,14,0,3,35,0,38,0,4,48,0,52,64,0,64,116
12/30/2022,LOU,KY,ASO,CE,Towers with Radar,0,0,12,0,12,0,2,89,0,91,0,2,101,0,103,92,0,92,195
12/31/2022,LOU,KY,ASO,CE,Towers with Radar,0,0,11,0,11,0,0,8,0,8,0,0,19,0,19,60,0,60,79
01/01/2023,LOU,KY,ASO,CE,Towers with Radar,0,2,9,0,11,0,0,2,0,2,0,2,11,0,13,0,0,0,13
01/02/2023,LOU,KY,ASO,CE,Towers with Radar,0,1,10,0,11,0,0,28,0,28,0,1,38,0,39,150,0,150,189
01/03/2023,LOU,KY,ASO,CE,Towers with Radar,0,0,5,1,6,0,4,19,1,24,0,4,24,2,30,64,0,64,94
01/04/2023,LOU,KY,ASO,CE,Towers with Radar,0,1,25,0,26,0,1,121,0,122,0,2,146,0,148,228,0,228,376
01/05/2023,LOU,KY,ASO,CE,Towers with Radar,0,2,20,0,22,0,0,118,0,118,0,2,138,0,140,118,0,118,258
01/06/2023,LOU,KY,ASO,CE,Towers with Radar,0,0,15,0,15,0,1,176,1,178,0,1,191,1,193,128,0,128,321
01/07/2023,LOU,KY,ASO,CE,Towers with Radar,0,0,10,0,10,0,2,150,0,152,0,2,160,0,162,246,0,246,408
01/08/2023,LOU,KY,ASO,CE,Towers with Radar,0,0,4,0,4,0,1,32,0,33,0,1,36,0,37,198,0,198,235
01/09/2023,LOU,KY,ASO,CE,Towers with Radar,0,0,16,0,16,0,3,149,0,152,0,3,165,0,168,234,0,234,402
01/10/2023,LOU,KY,ASO,CE,Towers with Radar,0,2,20,0,22,0,1,136,1,138,0,3,156,1,160,180,0,180,340
01/11/2023,LOU,KY,ASO,CE,Towers with Radar,0,0,16,0,16,0,2,25,0,27,0,2,41,0,43,66,0,66,109
01/12/2023,LOU,KY,ASO,CE,Towers with Radar,0,1,5,0,6,0,1,6,0,7,0,2,11,0,13,2,0,2,15
01/13/2023,LOU,KY,ASO,CE,Towers with Radar,0,2,5,0,7,0,0,3,0,3,0,2,8,0,10,16,0,16,26
01/14/2023,LOU,KY,ASO,CE,Towers with Radar,0,0,7,0,7,0,5,168,0,173,0,5,175,0,180,372,0,372,552
01/15/2023,LOU,KY,ASO,CE,Towers with Radar,0,2,18,0,20,0,3,195,0,198,0,5,213,0,218,130,0,130,348
01/16/2023,LOU,KY,ASO,CE,Towers with Radar,0,0,14,0,14,0,0,51,0,51,0,0,65,0,65,80,0,80,145
01/17/2023,LOU,KY,ASO,CE,Towers with Radar,0,3,28,0,31,0,3,94,0,97,0,6,122,0,128,62,0,62,190
01/18/2023,LOU,KY,ASO,CE,Towers with Radar,0,3,18,0,21,0,3,84,2,89,0,6,102,2,110,166,0,166,276
01/19/2023,LOU,KY,ASO,CE,Towers with Radar,0,2,17,0,19,0,0,43,0,43,0,2,60,0,62,50,0,50,112
01/20/2023,LOU,KY,ASO,CE,Towers with Radar,0,0,10,0,10,0,4,82,0,86,0,4,92,0,96,118,0,118,214
01/21/2023,LOU,KY,ASO,CE,Towers with Radar,0,0,21,0,21,0,2,141,2,145,0,2,162,2,166,338,0,338,504
01/22/2023,LOU,KY,ASO,CE,Towers with Radar,0,0,5,0,5,0,0,0,0,0,0,0,5,0,5,0,0,0,5
01/23/2023,LOU,KY,ASO,CE,Towers with Radar,0,1,12,0,13,0,0,39,0,39,0,1,51,0,52,116,0,116,168
01/24/2023,LOU,KY,ASO,CE,Towers with Radar,0,1,22,0,23,0,6,158,1,165,0,7,180,1,188,182,0,182,370
01/25/2023,LOU,KY,ASO,CE,Towers with Radar,0,0,2,0,2,0,0,1,0,1,0,0,3,0,3,0,0,0,3
01/26/2023,LOU,KY,ASO,CE,Towers with Radar,0,3,12,0,15,0,0,20,2,22,0,3,32,2,37,6,0,6,43
01/27/2023,LOU,KY,ASO,CE,Towers with Radar,0,0,23,0,23,0,4,66,0,70,0,4,89,0,93,88,0,88,181
01/28/2023,LOU,KY,ASO,CE,Towers with Radar,0,1,30,0,31,0,5,132,0,137,0,6,162,0,168,168,0,168,336
01/29/2023,LOU,KY,ASO,CE,Towers with Radar,0,3,14,0,17,0,0,0,0,0,0,3,14,0,17,0,0,0,17
01/30/2023,LOU,KY,ASO,CE,Towers with Radar,0,1,6,0,7,0,0,0,0,0,0,1,6,0,7,0,0,0,7
01/31/2023,LOU,KY,ASO,CE,Towers with Radar,0,1,6,0,7,0,1,1,0,2,0,2,7,0,9,0,0,0,9
02/01/2023,LOU,KY,ASO,CE,Towers with Radar,0,3,20,0,23,0,4,154,0,158,0,7,174,0,181,206,0,206,387
02/02/2023,LOU,KY,ASO,CE,Towers with Radar,0,0,15,0,15,0,4,154,0,158,0,4,169,0,173,302,0,302,475
02/03/2023,LOU,KY,ASO,CE,Towers with Radar,0,0,12,0,12,0,0,157,0,157,0,0,169,0,169,228,0,228,397
02/04/2023,LOU,KY,ASO,CE,Towers with Radar,0,0,11,0,11,0,3,105,0,108,0,3,116,0,119,174,0,174,293
02/05/2023,LOU,KY,ASO,CE,Towers with Radar,0,1,4,0,5,0,0,27,0,27,0,1,31,0,32,16,0,16,48
02/06/2023,LOU,KY,ASO,CE,Towers with Radar,0,2,20,0,22,0,1,183,3,187,0,3,203,3,209,251,2,253,462
02/07/2023,LOU,KY,ASO,CE,Towers with Radar,0,0,18,0,18,0,8,35,0,43,0,8,53,0,61,106,0,106,167
02/08/2023,LOU,KY,ASO,CE,Towers with Radar,0,0,19,0,19,0,0,103,0,103,0,0,122,0,122,350,0,350,472
02/09/2023,LOU,KY,ASO,CE,Towers with Radar,0,1,8,0,9,0,0,0,0,0,0,1,8,0,9,0,0,0,9
02/10/2023,LOU,KY,ASO,CE,Towers with Radar,0,1,23,0,24,0,1,91,0,92,0,2,114,0,116,456,0,456,572
02/11/2023,LOU,KY,ASO,CE,Towers with Radar,0,0,23,0,23,0,3,235,2,240,0,3,258,2,263,248,0,248,511
02/12/2023,LOU,KY,ASO,CE,Towers with Radar,0,0,15,0,15,0,2,172,0,174,0,2,187,0,189,116,0,116,305
02/13/2023,LOU,KY,ASO,CE,Towers with Radar,0,1,13,0,14,0,2,168,2,172,0,3,181,2,186,280,0,280,466
02/14/2023,LOU,KY,ASO,CE,Towers with Radar,0,1,17,0,18,0,7,82,0,89,0,8,99,0,107,150,0,150,257
02/15/2023,LOU,KY,ASO,CE,Towers with Radar,0,1,24,0,25,0,8,74,0,82,0,9,98,0,107,86,0,86,193
02/16/2023,LOU,KY,ASO,CE,Towers with Radar,0,2,11,0,13,0,0,0,0,0,0,2,11,0,13,0,0,0,13
02/17/2023,LOU,KY,ASO,CE,Towers with Radar,0,1,14,0,15,0,0,47,0,47,0,1,61,0,62,64,0,64,126
02/18/2023,LOU,KY,ASO,CE,Towers with Radar,0,0,32,0,32,0,2,210,0,212,0,2,242,0,244,254,0,254,498
02/19/2023,LOU,KY,ASO,CE,Towers with Radar,0,1,12,0,13,0,5,34,0,39,0,6,46,0,52,8,0,8,60
02/20/2023,LOU,KY,ASO,CE,Towers with Radar,0,1,13,0,14,0,0,153,0,153,0,1,166,0,167,204,0,204,371
02/21/2023,LOU,KY,ASO,CE,Towers with Radar,0,6,28,0,34,0,7,148,0,155,0,13,176,0,189,186,0,186,375
02/22/2023,LOU,KY,ASO,CE,Towers with Radar,0,2,5,0,7,0,0,1,0,1,0,2,6,0,8,0,0,0,8
02/23/2023,LOU,KY,ASO,CE,Towers with Radar,0,4,26,0,30,0,8,44,0,52,0,12,70,0,82,31,0,31,113
02/24/2023,LOU,KY,ASO,CE,Towers with Radar,0,1,22,0,23,0,4,209,1,214,0,5,231,1,237,253,2,255,492
02/25/2023,LOU,KY,ASO,CE,Towers with Radar,0,1,20,0,21,0,6,171,0,177,0,7,191,0,198,269,0,269,467
02/26/2023,LOU,KY,ASO,CE,Towers with Radar,0,1,18,0,19,0,2,196,0,198,0,3,214,0,217,246,0,246,463
02/27/2023,LOU,KY,ASO,CE,Towers with Radar,0,1,11,0,12,0,1,0,0,1,0,2,11,0,13,0,0,0,13
02/28/2023,LOU,KY,ASO,CE,Towers with Radar,0,2,22,2,26,0,4,217,0,221,0,6,239,2,247,266,0,266,513
03/01/2023,LOU,KY,ASO,CE,Towers with Radar,0,0,17,2,19,0,4,124,0,128,0,4,141,2,147,136,4,140,287
03/02/2023,LOU,KY,ASO,CE,Towers with Radar,0,1,28,0,29,0,7,171,0,178,0,8,199,0,207,182,0,182,389
03/03/2023,LOU,KY,ASO,CE,Towers with Radar,0,0,3,0,3,0,0,0,0,0,0,0,3,0,3,0,0,0,3
03/04/2023,LOU,KY,ASO,CE,Towers with Radar,0,0,27,0,27,0,4,191,0,195,0,4,218,0,222,160,0,160,382
03/05/2023,LOU,KY,ASO,CE,Towers with Radar,0,1,30,0,31,0,4,222,0,226,0,5,252,0,257,216,0,216,473
03/06/2023,LOU,KY,ASO,CE,Towers with Radar,0,1,17,0,18,0,3,79,0,82,0,4,96,0,100,91,0,91,191
03/07/2023,LOU,KY,ASO,CE,Towers with Radar,0,2,19,0,21,0,4,103,0,107,0,6,122,0,128,246,0,246,374
03/08/2023,LOU,KY,ASO,CE,Towers with Radar,0,1,24,0,25,0,3,125,0,128,0,4,149,0,153,232,0,232,385
03/09/2023,LOU,KY,ASO,CE,Towers with Radar,0,1,15,0,16,0,2,144,0,146,0,3,159,0,162,312,0,312,474
03/10/2023,LOU,KY,ASO,CE,Towers with Radar,0,1,14,0,15,0,7,15,0,22,0,8,29,0,37,0,0,0,37
03/11/2023,LOU,KY,ASO,CE,Towers with Radar,0,0,21,0,21,0,5,194,0,199,0,5,215,0,220,220,0,220,440
03/12/2023,LOU,KY,ASO,CE,Towers with Radar,0,1,6,0,7,0,3,6,0,9,0,4,12,0,16,0,0,0,16
03/13/2023,LOU,KY,ASO,CE,Towers with Radar,0,1,9,0,10,0,2,21,0,23,0,3,30,0,33,44,0,44,77
03/14/2023,LOU,KY,ASO,CE,Towers with Radar,0,0,11,0,11,0,10,117,0,127,0,10,128,0,138,136,0,136,274
03/15/2023,LOU,KY,ASO,CE,Towers with Radar,0,0,22,0,22,0,8,161,0,169,0,8,183,0,191,324,0,324,515
03/16/2023,LOU,KY,ASO,CE,Towers with Radar,0,2,14,0,16,0,6,78,0,84,0,8,92,0,100,94,0,94,194
03/17/2023,LOU,KY,ASO,CE,Towers with Radar,0,0,8,0,8,0,3,9,0,12,0,3,17,0,20,0,0,0,20
03/18/2023,LOU,KY,ASO,CE,Towers with Radar,0,0,15,0,15,0,5,68,0,73,0,5,83,0,88,62,0,62,150
03/19/2023,LOU,KY,ASO,CE,Towers with Radar,0,4,20,0,24,0,9,157,0,166,0,13,177,0,190,152,0,152,342
03/20/2023,LOU,KY,ASO,CE,Towers with Radar,0,1,21,0,22,0,4,153,0,157,0,5,174,0,179,212,0,212,391
03/21/2023,LOU,KY,ASO,CE,Towers with Radar,0,2,14,0,16,0,2,110,1,113,0,4,124,1,129,202,0,202,331
03/22/2023,LOU,KY,ASO,CE,Towers with Radar,0,3,12,0,15,0,6,2,0,8,0,9,14,0,23,0,0,0,23
03/23/2023,LOU,KY,ASO,CE,Towers with Radar,0,5,19,0,24,0,4,25,1,30,0,9,44,1,54,52,0,52,106
03/24/2023,LOU,KY,ASO,CE,Towers with Radar,0,3,9,0,12,0,1,0,0,1,0,4,9,0,13,0,0,0,13
03/25/2023,LOU,KY,ASO,CE,Towers with Radar,0,2,11,0,13,0,3,10,0,13,0,5,21,0,26,2,0,2,28
03/26/2023,LOU,KY,ASO,CE,Towers with Radar,0,2,13,0,15,0,29,241,2,272,0,31,254,2,287,188,0,188,475
03/27/2023,LOU,KY,ASO,CE,Towers with Radar,0,2,21,0,23,0,6,110,0,116,0,8,131,0,139,236,0,236,375
03/28/2023,LOU,KY,ASO,CE,Towers with Radar,0,4,30,0,34,0,21,172,0,193,0,25,202,0,227,277,0,277,504
03/29/2023,LOU,KY,ASO,CE,Towers with Radar,0,0,26,0,26,0,43,174,3,220,0,43,200,3,246,348,0,348,594
03/30/2023,LOU,KY,ASO,CE,Towers with Radar,0,1,28,0,29,0,29,202,0,231,0,30,230,0,260,290,0,290,550
03/31/2023,LOU,KY,ASO,CE,Towers with Radar,0,1,8,0,9,0,0,2,0,2,0,1,10,0,11,0,0,0,11
04/01/2023,LOU,KY,ASO,CE,Towers with Radar,0,1,10,0,11,0,4,4,0,8,0,5,14,0,19,0,0,0,19
04/02/2023,LOU,KY,ASO,CE,Towers with Radar,0,1,35,0,36,0,19,160,2,181,0,20,195,2,217,174,0,174,391
04/03/2023,LOU,KY,ASO,CE,Towers with Radar,0,1,21,0,22,0,31,99,0,130,0,32,120,0,152,92,0,92,244
04/04/2023,LOU,KY,ASO,CE,Towers with Radar,0,0,22,0,22,0,20,22,0,42,0,20,44,0,64,29,0,29,93
04/05/2023,LOU,KY,ASO,CE,Towers with Radar,0,1,0,0,1,0,10,4,0,14,0,11,4,0,15,4,0,4,19
04/06/2023,LOU,KY,ASO,CE,Towers with Radar,0,1,9,0,10,0,35,95,0,130,0,36,104,0,140,244,0,244,384
04/07/2023,LOU,KY,ASO,CE,Towers with Radar,0,2,9,0,11,0,29,150,0,179,0,31,159,0,190,294,0,294,484
04/08/2023,LOU,KY,ASO,CE,Towers with Radar,0,0,24,0,24,0,32,121,0,153,0,32,145,0,177,81,0,81,258
04/09/2023,LOU,KY,ASO,CE,Towers with Radar,0,0,11,0,11,0,12,90,9,111,0,12,101,9,122,65,0,65,187
04/10/2023,LOU,KY,ASO,CE,Towers with Radar,0,1,23,0,24,0,42,213,0,255,0,43,236,0,279,294,0,294,573
04/11/2023,LOU,KY,ASO,CE,Towers with Radar,0,1,24,0,25,0,21,168,0,189,0,22,192,0,214,268,0,268,482
04/12/2023,LOU,KY,ASO,CE,Towers with Radar,0,2,23,0,25,0,18,167,1,186,0,20,190,1,211,266,0,266,477
04/13/2023,LOU,KY,ASO,CE,Towers with Radar,0,4,28,0,32,0,43,164,0,207,0,47,192,0,239,326,0,326,565
04/14/2023,LOU,KY,ASO,CE,Towers with Radar,0,2,25,0,27,0,20,131,0,151,0,22,156,0,178,282,0,282,460
04/15/2023,LOU,KY,ASO,CE,Towers with Radar,0,0,31,0,31,0,13,194,0,207,0,13,225,0,238,326,0,326,564
04/16/2023,LOU,KY,ASO,CE,Towers with Radar,0,4,19,0,23,0,13,7,0,20,0,17,26,0,43,12,0,12,55
04/17/2023,LOU,KY,ASO,CE,Towers with Radar,0,1,8,0,9,0,0,17,2,19,0,1,25,2,28,4,0,4,32
04/18/2023,LOU,KY,ASO,CE,Towers with Radar,0,1,19,0,20,0,42,201,1,244,0,43,220,1,264,476,0,476,740
04/19/2023,LOU,KY,ASO,CE,Towers with Radar,0,4,25,0,29,0,32,158,3,193,0,36,183,3,222,226,0,226,448
04/20/2023,LOU,KY,ASO,CE,Towers with Radar,0,1,29,0,30,0,26,105,0,131,0,27,134,0,161,62,0,62,223
04/21/2023,LOU,KY,ASO,CE,Towers with Radar,0,1,20,0,21,0,4,35,0,39,0,5,55,0,60,46,0,46,106
04/22/2023,LOU,KY,ASO,CE,Towers with Radar,1,0,6,1,8,0,45,67,2,114,1,45,73,3,122,36,0,36,158
04/23/2023,LOU,KY,ASO,CE,Towers with Radar,0,3,23,0,26,0,21,152,1,174,0,24,175,1,200,150,0,150,350
04/24/2023,LOU,KY,ASO,CE,Towers with Radar,0,2,15,0,17,0,20,157,0,177,0,22,172,0,194,248,0,248,442
04/25/2023,LOU,KY,ASO,CE,Towers with Radar,0,2,18,0,20,0,14,215,0,229,0,16,233,0,249,380,0,380,629
04/26/2023,LOU,KY,ASO,CE,Towers with Radar,0,1,22,0,23,0,21,195,2,218,0,22,217,2,241,312,0,312,553
04/27/2023,LOU,KY,ASO,CE,Towers with Radar,0,2,14,0,16,0,3,93,0,96,0,5,107,0,112,130,0,130,242
04/28/2023,LOU,KY,ASO,CE,Towers with Radar,0,5,22,0,27,0,15,32,0,47,0,20,54,0,74,66,0,66,140
04/29/2023,LOU,KY,ASO,CE,Towers with Radar,0,0,17,0,17,0,6,132,0,138,0,6,149,0,155,284,0,284,439
04/30/2023,LOU,KY,ASO,CE,Towers with Radar,0,0,15,0,15,0,12,39,0,51,0,12,54,0,66,24,0,24,90
05/01/2023,LOU,KY,ASO,CE,Towers with Radar,0,1,7,0,8,0,9,6,0,15,0,10,13,0,23,0,0,0,23
05/02/2023,LOU,KY,ASO,CE,Towers with Radar,0,1,16,0,17,0,5,27,0,32,0,6,43,0,49,0,0,0,49
05/03/2023,LOU,KY,ASO,CE,Towers with Radar,0,2,30,0,32,0,18,165,0,183,0,20,195,0,215,134,0,134,349
05/04/2023,LOU,KY,ASO,CE,Towers with Radar,0,14,94,0,108,0,26,179,1,206,0,40,273,1,314,102,0,102,416
05/05/2023,LOU,KY,ASO,CE,Towers with Radar,0,7,47,0,54,0,29,94,4,127,0,36,141,4,181,60,0,60,241
05/06/2023,LOU,KY,ASO,CE,Towers with Radar,0,17,50,0,67,0,36,96,4,136,0,53,146,4,203,34,0,34,237
05/07/2023,LOU,KY,ASO,CE,Towers with Radar,0,9,98,0,107,0,2,8,0,10,0,11,106,0,117,0,0,0,117
05/08/2023,LOU,KY,ASO,CE,Towers with Radar,0,1,23,0,24,0,15,58,1,74,0,16,81,1,98,182,0,182,280
05/09/2023,LOU,KY,ASO,CE,Towers with Radar,0,7,40,0,47,0,20,87,6,113,0,27,127,6,160,180,0,180,340
05/10/2023,LOU,KY,ASO,CE,Towers with Radar,0,0,16,0,16,0,14,154,0,168,0,14,170,0,184,220,0,220,404
05/11/2023,LOU,KY,ASO,CE,Towers with Radar,0,2,23,2,27,0,17,172,0,189,0,19,195,2,216,272,0,272,488
05/12/2023,LOU,KY,ASO,CE,Towers with Radar,0,2,22,0,24,0,4,35,0,39,0,6,57,0,63,58,0,58,121
05/13/2023,LOU,KY,ASO,CE,Towers with Radar,0,0,25,0,25,0,14,32,0,46,0,14,57,0,71,106,0,106,177
05/14/2023,LOU,KY,ASO,CE,Towers with Radar,0,0,21,0,21,0,25,97,0,122,0,25,118,0,143,158,0,158,301
05/15/2023,LOU,KY,ASO,CE,Towers with Radar,0,3,25,0,28,0,17,197,1,215,0,20,222,1,243,210,0,210,453
05/16/2023,LOU,KY,ASO,CE,Towers with Radar,0,2,10,1,13,0,4,12,0,16,0,6,22,1,29,18,0,18,47
05/17/2023,LOU,KY,ASO,CE,Towers with Radar,0,2,11,0,13,0,29,245,3,277,0,31,256,3,290,346,0,346,636
05/18/2023,LOU,KY,ASO,CE,Towers with Radar,0,2,9,0,11,0,30,201,0,231,0,32,210,0,242,234,0,234,476
05/19/2023,LOU,KY,ASO,CE,Towers with Radar,0,1,28,0,29,0,14,139,0,153,0,15,167,0,182,358,0,358,540
05/20/2023,LOU,KY,ASO,CE,Towers with Radar,0,1,13,2,16,0,25,77,0,102,0,26,90,2,118,74,0,74,192
05/21/2023,LOU,KY,ASO,CE,Towers with Radar,0,2,27,0,29,0,33,183,2,218,0,35,210,2,247,200,0,200,447
05/22/2023,LOU,KY,ASO,CE,Towers with Radar,0,1,22,0,23,0,31,170,0,201,0,32,192,0,224,90,0,90,314
05/23/2023,LOU,KY,ASO,CE,Towers with Radar,0,2,24,0,26,0,23,189,1,213,0,25,213,1,239,255,0,255,494
05/24/2023,LOU,KY,ASO,CE,Towers with Radar,0,0,16,2,18,0,22,159,1,182,0,22,175,3,200,200,0,200,400
05/25/2023,LOU,KY,ASO,CE,Towers with Radar,0,2,23,0,25,0,29,127,0,156,0,31,150,0,181,80,0,80,261
05/26/2023,LOU,KY,ASO,CE,Towers with Radar,0,0,24,0,24,0,22,155,0,177,0,22,179,0,201,290,0,290,491
05/27/2023,LOU,KY,ASO,CE,Towers with Radar,0,1,7,0,8,0,17,157,2,176,0,18,164,2,184,240,0,240,424
05/28/2023,LOU,KY,ASO,CE,Towers with Radar,0,1,20,0,21,0,12,84,0,96,0,13,104,0,117,98,0,98,215
05/29/2023,LOU,KY,ASO,CE,Towers with Radar,0,0,19,0,19,0,5,169,0,174,0,5,188,0,193,172,0,172,365
05/30/2023,LOU,KY,ASO,CE,Towers with Radar,0,1,12,0,13,0,18,134,2,154,0,19,146,2,167,308,0,308,475
05/31/2023,LOU,KY,ASO,CE,Towers with Radar,0,1,22,0,23,0,21,154,1,176,0,22,176,1,199,194,0,194,393
06/01/2023,LOU,KY,ASO,CE,Towers with Radar,0,3,25,0,28,0,19,196,0,215,0,22,221,0,243,222,0,222,465
06/02/2023,LOU,KY,ASO,CE,Towers with Radar,0,0,20,0,20,0,21,187,0,208,0,21,207,0,228,156,0,156,384
06/03/2023,LOU,KY,ASO,CE,Towers with Radar,0,0,20,0,20,0,20,172,6,198,0,20,192,6,218,213,0,213,431
06/04/2023,LOU,KY,ASO,CE,Towers with Radar,0,0,10,0,10,0,12,129,0,141,0,12,139,0,151,109,0,109,260
06/05/2023,LOU,KY,ASO,CE,Towers with Radar,0,1,18,0,19,0,20,157,2,179,0,21,175,2,198,168,0,168,366
06/06/2023,LOU,KY,ASO,CE,Towers with Radar,0,4,14,0,18,0,34,153,8,195,0,38,167,8,213,392,0,392,605
06/07/2023,LOU,KY,ASO,CE,Towers with Radar,0,5,32,0,37,0,11,46,0,57,0,16,78,0,94,186,0,186,280
06/08/2023,LOU,KY,ASO,CE,Towers with Radar,0,7,17,0,24,0,16,160,0,176,0,23,177,0,200,365,0,365,565
06/09/2023,LOU,KY,ASO,CE,Towers with Radar,0,4,16,0,20,0,30,195,0,225,0,34,211,0,245,346,0,346,591
06/10/2023,LOU,KY,ASO,CE,Towers with Radar,0,1,17,0,18,0,19,217,0,236,0,20,234,0,254,168,0,168,422
06/11/2023,LOU,KY,ASO,CE,Towers with Radar,0,0,10,0,10,0,15,66,0,81,0,15,76,0,91,64,0,64,155
06/12/2023,LOU,KY,ASO,CE,Towers with Radar,0,2,18,0,20,0,25,61,0,86,0,27,79,0,106,150,0,150,256
06/13/2023,LOU,KY,ASO,CE,Towers with Radar,0,0,15,0,15,0,12,54,0,66,0,12,69,0,81,124,0,124,205
06/14/2023,LOU,KY,ASO,CE,Towers with Radar,0,2,14,0,16,0,38,155,2,195,0,40,169,2,211,212,0,212,423
06/15/2023,LOU,KY,ASO,CE,Towers with Radar,0,2,15,0,17,0,25,171,0,196,0,27,186,0,213,394,0,394,607
06/16/2023,LOU,KY,ASO,CE,Towers with Radar,0,0,28,0,28,0,27,189,0,216,0,27,217,0,244,264,0,264,508
06/17/2023,LOU,KY,ASO,CE,Towers with Radar,0,2,17,0,19,0,31,171,6,208,0,33,188,6,227,308,0,308,535
06/18/2023,LOU,KY,ASO,CE,Towers with Radar,0,4,10,0,14,0,24,106,23,153,0,28,116,23,167,164,0,164,331
06/19/2023,LOU,KY,ASO,CE,Towers with Radar,0,0,10,0,10,0,3,3,0,6,0,3,13,0,16,0,0,0,16
06/20/2023,LOU,KY,ASO,CE,Towers with Radar,0,0,21,0,21,0,15,44,0,59,0,15,65,0,80,42,0,42,122
06/21/2023,LOU,KY,ASO,CE,Towers with Radar,0,0,31,0,31,0,10,48,0,58,0,10,79,0,89,188,0,188,277
06/22/2023,LOU,KY,ASO,CE,Towers with Radar,0,2,26,0,28,0,29,133,0,162,0,31,159,0,190,394,0,394,584
06/23/2023,LOU,KY,ASO,CE,Towers with Radar,0,0,25,0,25,0,12,131,375,518,0,12,156,375,543,0,0,0,543
06/24/2023,LOU,KY,ASO,CE,Towers with Radar,0,0,20,0,20,0,31,172,0,203,0,31,192,0,223,166,0,166,389
06/25/2023,LOU,KY,ASO,CE,Towers with Radar,0,4,10,0,14,0,12,28,0,40,0,16,38,0,54,34,0,34,88
06/26/2023,LOU,KY,ASO,CE,Towers with Radar,0,1,14,0,15,0,32,81,0,113,0,33,95,0,128,40,0,40,168
06/27/2023,LOU,KY,ASO,CE,Towers with Radar,0,3,26,0,29,0,28,125,2,155,0,31,151,2,184,236,0,236,420
06/28/2023,LOU,KY,ASO,CE,Towers with Radar,0,4,25,2,31,0,1,11,1,13,0,5,36,3,44,32,0,32,76
06/29/2023,LOU,KY,ASO,CE,Towers with Radar,0,2,23,0,25,0,0,18,0,18,0,2,41,0,43,60,0,60,103
06/30/2023,LOU,KY,ASO,CE,Towers with Radar,0,0,25,0,25,0,24,113,2,139,0,24,138,2,164,368,0,368,532
07/01/2023,LOU,KY,ASO,CE,Towers with Radar,0,0,8,0,8,0,10,27,0,37,0,10,35,0,45,48,0,48,93
07/02/2023,LOU,KY,ASO,CE,Towers with Radar,0,0,7,0,7,0,3,24,0,27,0,3,31,0,34,20,0,20,54
07/03/2023,LOU,KY,ASO,CE,Towers with Radar,0,0,23,0,23,0,26,130,2,158,0,26,153,2,181,174,0,174,355
07/04/2023,LOU,KY,ASO,CE,Towers with Radar,0,0,8,0,8,0,15,151,0,166,0,15,159,0,174,298,0,298,472
07/05/2023,LOU,KY,ASO,CE,Towers with Radar,0,0,18,0,18,0,17,177,2,196,0,17,195,2,214,342,0,342,556
07/06/2023,LOU,KY,ASO,CE,Towers with Radar,0,0,16,0,16,0,26,139,11,176,0,26,155,11,192,332,0,332,524
07/07/2023,LOU,KY,ASO,CE,Towers with Radar,0,1,20,0,21,0,11,186,0,197,0,12,206,0,218,418,0,418,636
07/08/2023,LOU,KY,ASO,CE,Towers with Radar,0,1,12,0,13,0,4,76,0,80,0,5,88,0,93,82,0,82,175
07/09/2023,LOU,KY,ASO,CE,Towers with Radar,0,0,24,0,24,0,17,74,2,93,0,17,98,2,117,320,0,320,437
07/10/2023,LOU,KY,ASO,CE,Towers with Radar,0,4,44,0,48,0,41,186,0,227,0,45,230,0,275,520,0,520,795
07/11/2023,LOU,KY,ASO,CE,Towers with Radar,0,1,24,0,25,0,16,231,0,247,0,17,255,0,272,366,0,366,638
07/12/2023,LOU,KY,ASO,CE,Towers with Radar,0,0,18,0,18,0,22,200,2,224,0,22,218,2,242,386,0,386,628
07/13/2023,LOU,KY,ASO,CE,Towers with Radar,0,2,15,0,17,3,10,102,7,122,3,12,117,7,139,292,0,292,431
07/14/2023,LOU,KY,ASO,CE,Towers with Radar,0,2,15,0,17,0,17,168,0,185,0,19,183,0,202,344,0,344,546
07/15/2023,LOU,KY,ASO,CE,Towers with Radar,0,1,10,0,11,0,2,17,0,19,0,3,27,0,30,14,0,14,44
07/16/2023,LOU,KY,ASO,CE,Towers with Radar,0,1,26,0,27,0,12,123,0,135,0,13,149,0,162,382,0,382,544
07/17/2023,LOU,KY,ASO,CE,Towers with Radar,0,1,20,0,21,0,16,83,9,108,0,17,103,9,129,248,0,248,377
07/18/2023,LOU,KY,ASO,CE,Towers with Radar,0,3,23,0,26,0,14,81,0,95,0,17,104,0,121,190,0,190,311
07/19/2023,LOU,KY,ASO,CE,Towers with Radar,0,1,32,0,33,0,11,69,1,81,0,12,101,1,114,191,0,191,305
07/20/2023,LOU,KY,ASO,CE,Towers with Radar,0,4,18,0,22,0,16,116,0,132,0,20,134,0,154,370,0,370,524
07/21/2023,LOU,KY,ASO,CE,Towers with Radar,0,0,24,0,24,0,20,210,0,230,0,20,234,0,254,246,0,246,500
07/22/2023,LOU,KY,ASO,CE,Towers with Radar,0,3,10,0,13,0,13,235,0,248,0,16,245,0,261,268,0,268,529
07/23/2023,LOU,KY,ASO,CE,Towers with Radar,0,3,33,0,36,0,8,159,0,167,0,11,192,0,203,282,0,282,485
07/24/2023,LOU,KY,ASO,CE,Towers with Radar,0,1,10,0,11,0,25,106,0,131,0,26,116,0,142,128,0,128,270
07/25/2023,LOU,KY,ASO,CE,Towers with Radar,0,1,17,0,18,0,22,180,1,203,0,23,197,1,221,450,0,450,671
07/26/2023,LOU,KY,ASO,CE,Towers with Radar,0,5,17,0,22,1,10,131,0,142,1,15,148,0,164,204,0,204,368
07/27/2023,LOU,KY,ASO,CE,Towers with Radar,0,0,11,0,11,0,23,121,5,149,0,23,132,5,160,242,0,242,402
07/28/2023,LOU,KY,ASO,CE,Towers with Radar,0,0,14,0,14,0,18,144,0,162,0,18,158,0,176,310,0,310,486
07/29/2023,LOU,KY,ASO,CE,Towers with Radar,0,2,13,0,15,0,17,96,0,113,0,19,109,0,128,134,0,134,262
07/30/2023,LOU,KY,ASO,CE,Towers with Radar,0,2,18,0,20,0,22,135,0,157,0,24,153,0,177,168,0,168,345
07/31/2023,LOU,KY,ASO,CE,Towers with Radar,0,5,19,0,24,0,7,188,0,195,0,12,207,0,219,241,0,241,460
08/01/2023,LOU,KY,ASO,CE,Towers with Radar,0,1,18,0,19,0,27,196,1,224,0,28,214,1,243,372,0,372,615
08/02/2023,LOU,KY,ASO,CE,Towers with Radar,0,3,26,0,29,0,27,183,0,210,0,30,209,0,239,434,0,434,673
08/03/2023,LOU,KY,ASO,CE,Towers with Radar,0,1,33,0,34,0,7,46,0,53,0,8,79,0,87,150,0,150,237
08/04/2023,LOU,KY,ASO,CE,Towers with Radar,0,1,22,0,23,0,22,159,0,181,0,23,181,0,204,322,0,322,526
08/05/2023,LOU,KY,ASO,CE,Towers with Radar,0,0,14,0,14,0,23,135,0,158,0,23,149,0,172,160,0,160,332
08/06/2023,LOU,KY,ASO,CE,Towers with Radar,0,3,22,0,25,0,17,95,0,112,0,20,117,0,137,139,0,139,276
08/07/2023,LOU,KY,ASO,CE,Towers with Radar,0,0,14,0,14,0,5,27,0,32,0,5,41,0,46,62,0,62,108
08/08/2023,LOU,KY,ASO,CE,Towers with Radar,0,0,27,0,27,0,23,203,0,226,0,23,230,0,253,334,0,334,587
08/09/2023,LOU,KY,ASO,CE,Towers with Radar,0,0,15,0,15,0,25,107,0,132,0,25,122,0,147,362,0,362,509
08/10/2023,LOU,KY,ASO,CE,Towers with Radar,0,4,30,1,35,0,17,100,0,117,0,21,130,1,152,352,0,352,504
08/11/2023,LOU,KY,ASO,CE,Towers with Radar,0,0,22,0,22,0,23,198,1,222,0,23,220,1,244,358,0,358,602
08/12/2023,LOU,KY,ASO,CE,Towers with Radar,0,0,10,1,11,0,19,70,3,92,0,19,80,4,103,100,0,100,203
08/13/2023,LOU,KY,ASO,CE,Towers with Radar,0,0,32,0,32,0,16,131,0,147,0,16,163,0,179,296,0,296,475
08/14/2023,LOU,KY,ASO,CE,Towers with Radar,0,0,13,0,13,0,4,12,0,16,0,4,25,0,29,14,0,14,43
08/15/2023,LOU,KY,ASO,CE,Towers with Radar,0,2,28,0,30,0,22,104,3,129,0,24,132,3,159,297,0,297,456
08/16/2023,LOU,KY,ASO,CE,Towers with Radar,0,0,29,0,29,0,25,218,3,246,0,25,247,3,275,438,0,438,713
08/17/2023,LOU,KY,ASO,CE,Towers with Radar,0,2,20,0,22,0,22,123,4,149,0,24,143,4,171,254,0,254,425
08/18/2023,LOU,KY,ASO,CE,Towers with Radar,0,3,20,0,23,0,15,195,0,210,0,18,215,0,233,332,0,332,565
08/19/2023,LOU,KY,ASO,CE,Towers with Radar,0,1,17,0,18,0,6,217,1,224,0,7,234,1,242,259,0,259,501
08/20/2023,LOU,KY,ASO,CE,Towers with Radar,0,3,29,0,32,0,13,150,4,167,0,16,179,4,199,220,0,220,419
08/21/2023,LOU,KY,ASO,CE,Towers with Radar,0,3,18,0,21,0,21,174,10,205,0,24,192,10,226,302,0,302,528
08/22/2023,LOU,KY,ASO,CE,Towers with Radar,0,3,35,0,38,0,1,161,0,162,0,4,196,0,200,304,0,304,504
08/23/2023,LOU,KY,ASO,CE,Towers with Radar,0,0,20,0,20,0,28,188,0,216,0,28,208,0,236,256,0,256,492
08/24/2023,LOU,KY,ASO,CE,Towers with Radar,0,2,24,0,26,0,24,86,0,110,0,26,110,0,136,232,0,232,368
08/25/2023,LOU,KY,ASO,CE,Towers with Radar,0,0,19,0,19,0,4,98,0,102,0,4,117,0,121,144,0,144,265
08/26/2023,LOU,KY,ASO,CE,Towers with Radar,0,1,26,0,27,0,7,85,0,92,0,8,111,0,119,244,0,244,363
08/27/2023,LOU,KY,ASO,CE,Towers with Radar,0,1,29,0,30,0,16,64,3,83,0,17,93,3,113,148,0,148,261
08/28/2023,LOU,KY,ASO,CE,Towers with Radar,0,0,20,0,20,0,15,170,6,191,0,15,190,6,211,262,0,262,473
08/29/2023,LOU,KY,ASO,CE,Towers with Radar,1,0,26,0,27,0,24,175,7,206,1,24,201,7,233,306,0,306,539
08/30/2023,LOU,KY,ASO,CE,Towers with Radar,0,0,27,0,27,0,32,146,5,183,0,32,173,5,210,270,0,270,480
08/31/2023,LOU,KY,ASO,CE,Towers with Radar,0,0,23,0,23,0,26,133,8,167,0,26,156,8,190,238,0,238,428
