01/01/2000,LRD,TX,ASW,CE,Federal Contract Tower,0,11,13,0,24,0,5,18,0,23,0,16,31,0,47,2,0,2,49
01/02/2000,LRD,TX,ASW,CE,Federal Contract Tower,5,20,26,0,51,0,0,26,0,26,5,20,52,0,77,0,0,0,77
01/03/2000,LRD,TX,ASW,CE,Federal Contract Tower,11,43,47,0,101,2,3,52,0,57,13,46,99,0,158,0,0,0,158
01/04/2000,LRD,TX,ASW,CE,Federal Contract Tower,9,37,40,9,95,0,20,51,3,74,9,57,91,12,169,26,36,62,231
01/05/2000,LRD,TX,ASW,CE,Federal Contract Tower,9,33,36,9,87,1,14,36,5,56,10,47,72,14,143,54,44,98,241
01/06/2000,LRD,TX,ASW,CE,Federal Contract Tower,13,48,52,12,125,4,0,35,16,55,17,48,87,28,180,2,68,70,250
01/07/2000,LRD,TX,ASW,CE,Federal Contract Tower,13,49,53,8,123,3,0,9,0,12,16,49,62,8,135,14,0,14,149
01/08/2000,LRD,TX,ASW,CE,Federal Contract Tower,3,17,19,2,41,0,6,13,0,19,3,23,32,2,60,12,0,12,72
01/09/2000,LRD,TX,ASW,CE,Federal Contract Tower,2,17,22,5,46,0,0,27,3,30,2,17,49,8,76,4,16,20,96
01/10/2000,LRD,TX,ASW,CE,Federal Contract Tower,9,38,41,9,97,0,11,36,11,58,9,49,77,20,155,6,6,12,167
01/11/2000,LRD,TX,ASW,CE,Federal Contract Tower,11,44,46,6,107,5,3,41,0,49,16,47,87,6,156,8,0,8,164
01/12/2000,LRD,TX,ASW,CE,Federal Contract Tower,11,51,53,13,128,0,8,34,5,47,11,59,87,18,175,14,14,28,203
01/13/2000,LRD,TX,ASW,CE,Federal Contract Tower,6,50,52,13,121,0,2,36,7,45,6,52,88,20,166,4,12,16,182
01/14/2000,LRD,TX,ASW,CE,Federal Contract Tower,12,46,48,0,106,0,6,25,0,31,12,52,73,0,137,8,0,8,145
01/15/2000,LRD,TX,ASW,CE,Federal Contract Tower,2,14,14,0,30,0,9,9,0,18,2,23,23,0,48,0,0,0,48
01/16/2000,LRD,TX,ASW,CE,Federal Contract Tower,3,16,17,0,36,0,0,27,0,27,3,16,44,0,63,8,0,8,71
01/17/2000,LRD,TX,ASW,CE,Federal Contract Tower,7,31,32,0,70,5,4,40,0,49,12,35,72,0,119,6,0,6,125
01/18/2000,LRD,TX,ASW,CE,Federal Contract Tower,8,36,37,10,91,1,9,36,16,62,9,45,73,26,153,0,68,68,221
01/19/2000,LRD,TX,ASW,CE,Federal Contract Tower,11,43,47,12,113,3,0,47,16,66,14,43,94,28,179,8,128,136,315
01/20/2000,LRD,TX,ASW,CE,Federal Contract Tower,8,40,42,11,101,0,12,44,3,59,8,52,86,14,160,2,22,24,184
01/21/2000,LRD,TX,ASW,CE,Federal Contract Tower,9,39,40,6,94,3,1,37,0,41,12,40,77,6,135,4,26,30,165
01/22/2000,LRD,TX,ASW,CE,Federal Contract Tower,2,15,15,0,32,0,6,22,0,28,2,21,37,0,60,18,0,18,78
01/23/2000,LRD,TX,ASW,CE,Federal Contract Tower,2,18,18,0,38,0,3,43,0,46,2,21,61,0,84,8,0,8,92
01/24/2000,LRD,TX,ASW,CE,Federal Contract Tower,8,38,46,11,103,0,0,34,23,57,8,38,80,34,160,30,82,112,272
01/25/2000,LRD,TX,ASW,CE,Federal Contract Tower,9,40,42,10,101,5,9,35,22,71,14,49,77,32,172,10,58,68,240
01/26/2000,LRD,TX,ASW,CE,Federal Contract Tower,11,46,50,12,119,1,0,8,6,15,12,46,58,18,134,10,32,42,176
01/27/2000,LRD,TX,ASW,CE,Federal Contract Tower,8,42,50,12,112,0,0,3,31,34,8,42,53,43,146,4,272,276,422
01/28/2000,LRD,TX,ASW,CE,Federal Contract Tower,18,69,78,19,184,1,0,5,23,29,19,69,83,42,213,0,190,190,403
01/29/2000,LRD,TX,ASW,CE,Federal Contract Tower,4,19,20,0,43,4,3,7,0,14,8,22,27,0,57,0,0,0,57
01/30/2000,LRD,TX,ASW,CE,Federal Contract Tower,2,18,24,0,44,0,0,20,0,20,2,18,44,0,64,0,0,0,64
01/31/2000,LRD,TX,ASW,CE,Federal Contract Tower,8,34,36,2,80,1,6,13,0,20,9,40,49,2,100,0,0,0,100
02/01/2000,LRD,TX,ASW,CE,Federal Contract Tower,11,47,47,20,125,0,10,0,0,10,11,57,47,20,135,2,0,2,137
02/02/2000,LRD,TX,ASW,CE,Federal Contract Tower,11,38,28,4,81,10,17,0,0,27,21,55,28,4,108,0,0,0,108
02/03/2000,LRD,TX,ASW,CE,Federal Contract Tower,12,39,43,18,112,3,10,68,3,84,15,49,111,21,196,30,0,30,226
02/04/2000,LRD,TX,ASW,CE,Federal Contract Tower,10,34,37,6,87,6,8,43,0,57,16,42,80,6,144,0,8,8,152
02/05/2000,LRD,TX,ASW,CE,Federal Contract Tower,1,7,8,0,16,0,12,46,0,58,1,19,54,0,74,18,0,18,92
02/06/2000,LRD,TX,ASW,CE,Federal Contract Tower,3,19,25,10,57,0,0,37,7,44,3,19,62,17,101,8,10,18,119
02/07/2000,LRD,TX,ASW,CE,Federal Contract Tower,12,43,46,17,118,11,2,16,0,29,23,45,62,17,147,0,0,0,147
02/08/2000,LRD,TX,ASW,CE,Federal Contract Tower,12,41,45,19,117,3,8,32,12,55,15,49,77,31,172,14,38,52,224
02/09/2000,LRD,TX,ASW,CE,Federal Contract Tower,10,44,51,21,126,0,0,40,19,59,10,44,91,40,185,18,8,26,211
02/10/2000,LRD,TX,ASW,CE,Federal Contract Tower,12,47,48,21,128,0,1,62,10,73,12,48,110,31,201,0,116,116,317
02/11/2000,LRD,TX,ASW,CE,Federal Contract Tower,13,45,46,19,123,5,15,32,9,61,18,60,78,28,184,2,112,114,298
02/12/2000,LRD,TX,ASW,CE,Federal Contract Tower,4,22,23,0,49,0,1,22,0,23,4,23,45,0,72,2,0,2,74
02/13/2000,LRD,TX,ASW,CE,Federal Contract Tower,5,22,23,11,61,0,0,32,2,34,5,22,55,13,95,0,2,2,97
02/14/2000,LRD,TX,ASW,CE,Federal Contract Tower,10,37,38,17,102,5,18,31,1,55,15,55,69,18,157,0,60,60,217
02/15/2000,LRD,TX,ASW,CE,Federal Contract Tower,10,46,50,22,128,0,0,38,21,59,10,46,88,43,187,14,48,62,249
02/16/2000,LRD,TX,ASW,CE,Federal Contract Tower,9,48,55,24,136,0,0,39,13,52,9,48,94,37,188,2,96,98,286
02/17/2000,LRD,TX,ASW,CE,Federal Contract Tower,8,56,59,26,149,0,2,33,11,46,8,58,92,37,195,0,96,96,291
02/18/2000,LRD,TX,ASW,CE,Federal Contract Tower,12,48,50,18,128,0,17,41,0,58,12,65,91,18,186,2,50,52,238
02/19/2000,LRD,TX,ASW,CE,Federal Contract Tower,2,18,18,7,45,0,3,42,0,45,2,21,60,7,90,28,86,114,204
02/20/2000,LRD,TX,ASW,CE,Federal Contract Tower,4,16,17,3,40,0,4,51,0,55,4,20,68,3,95,210,44,254,349
02/21/2000,LRD,TX,ASW,CE,Federal Contract Tower,10,42,43,19,114,0,1,18,2,21,10,43,61,21,135,0,0,0,135
02/22/2000,LRD,TX,ASW,CE,Federal Contract Tower,12,43,46,20,121,5,0,22,8,35,17,43,68,28,156,0,82,82,238
02/23/2000,LRD,TX,ASW,CE,Federal Contract Tower,11,49,52,18,130,0,9,39,0,48,11,58,91,18,178,50,0,50,228
02/24/2000,LRD,TX,ASW,CE,Federal Contract Tower,14,53,57,25,149,0,0,38,7,45,14,53,95,32,194,12,104,116,310
02/25/2000,LRD,TX,ASW,CE,Federal Contract Tower,15,41,64,27,147,0,0,18,52,70,15,41,82,79,217,0,256,256,473
02/26/2000,LRD,TX,ASW,CE,Federal Contract Tower,2,15,16,4,37,0,6,21,0,27,2,21,37,4,64,2,0,2,66
02/27/2000,LRD,TX,ASW,CE,Federal Contract Tower,2,18,37,12,69,0,0,27,0,27,2,18,64,12,96,2,12,14,110
02/28/2000,LRD,TX,ASW,CE,Federal Contract Tower,7,35,37,15,94,0,8,21,24,53,7,43,58,39,147,0,176,176,323
02/29/2000,LRD,TX,ASW,CE,Federal Contract Tower,12,45,48,20,125,0,0,41,5,46,12,45,89,25,171,18,152,170,341
03/01/2000,LRD,TX,ASW,CE,Federal Contract Tower,16,56,55,22,149,0,0,41,0,41,16,56,96,22,190,0,28,28,218
03/02/2000,LRD,TX,ASW,CE,Federal Contract Tower,17,51,58,24,150,0,0,37,19,56,17,51,95,43,206,4,130,134,340
03/03/2000,LRD,TX,ASW,CE,Federal Contract Tower,14,43,43,10,110,0,0,50,0,50,14,43,93,10,160,0,56,56,216
03/04/2000,LRD,TX,ASW,CE,Federal Contract Tower,3,20,20,8,51,0,4,30,0,34,3,24,50,8,85,2,0,2,87
03/05/2000,LRD,TX,ASW,CE,Federal Contract Tower,3,20,19,8,50,0,1,14,4,19,3,21,33,12,69,6,16,22,91
03/06/2000,LRD,TX,ASW,CE,Federal Contract Tower,9,40,40,9,98,0,9,34,0,43,9,49,74,9,141,0,10,10,151
03/07/2000,LRD,TX,ASW,CE,Federal Contract Tower,12,58,57,23,150,0,0,15,28,43,12,58,72,51,193,2,140,142,335
03/08/2000,LRD,TX,ASW,CE,Federal Contract Tower,20,54,62,25,161,5,0,39,12,56,25,54,101,37,217,26,22,48,265
03/09/2000,LRD,TX,ASW,CE,Federal Contract Tower,14,45,45,10,114,0,3,33,0,36,14,48,78,10,150,4,0,4,154
03/10/2000,LRD,TX,ASW,CE,Federal Contract Tower,13,41,41,9,104,7,2,48,0,57,20,43,89,9,161,8,16,24,185
03/11/2000,LRD,TX,ASW,CE,Federal Contract Tower,5,17,17,1,40,0,7,40,0,47,5,24,57,1,87,4,0,4,91
03/12/2000,LRD,TX,ASW,CE,Federal Contract Tower,4,19,21,4,48,0,0,40,0,40,4,19,61,4,88,18,0,18,106
03/13/2000,LRD,TX,ASW,CE,Federal Contract Tower,12,38,38,6,94,2,5,20,0,27,14,43,58,6,121,10,8,18,139
03/14/2000,LRD,TX,ASW,CE,Federal Contract Tower,11,34,34,0,79,5,6,7,0,18,16,40,41,0,97,12,0,12,109
03/15/2000,LRD,TX,ASW,CE,Federal Contract Tower,17,52,51,21,141,5,4,27,8,44,22,56,78,29,185,94,96,190,375
03/16/2000,LRD,TX,ASW,CE,Federal Contract Tower,13,57,60,26,156,0,0,21,59,80,13,57,81,85,236,24,200,224,460
03/17/2000,LRD,TX,ASW,CE,Federal Contract Tower,14,48,46,14,122,6,5,29,0,40,20,53,75,14,162,0,38,38,200
03/18/2000,LRD,TX,ASW,CE,Federal Contract Tower,4,27,30,0,61,0,0,54,0,54,4,27,84,0,115,0,0,0,115
03/19/2000,LRD,TX,ASW,CE,Federal Contract Tower,5,20,23,8,56,0,0,40,0,40,5,20,63,8,96,6,16,22,118
03/20/2000,LRD,TX,ASW,CE,Federal Contract Tower,10,35,33,15,93,4,2,33,5,44,14,37,66,20,137,4,28,32,169
03/21/2000,LRD,TX,ASW,CE,Federal Contract Tower,11,40,46,21,118,0,0,30,7,37,11,40,76,28,155,12,56,68,223
03/22/2000,LRD,TX,ASW,CE,Federal Contract Tower,13,53,50,22,138,0,9,12,6,27,13,62,62,28,165,0,0,0,165
03/23/2000,LRD,TX,ASW,CE,Federal Contract Tower,13,47,45,20,125,0,8,32,8,48,13,55,77,28,173,0,154,154,327
03/24/2000,LRD,TX,ASW,CE,Federal Contract Tower,14,47,45,13,119,1,14,31,0,46,15,61,76,13,165,8,2,10,175
03/25/2000,LRD,TX,ASW,CE,Federal Contract Tower,3,23,22,0,48,0,6,30,0,36,3,29,52,0,84,0,0,0,84
03/26/2000,LRD,TX,ASW,CE,Federal Contract Tower,4,14,23,6,47,0,0,36,0,36,4,14,59,6,83,0,6,6,89
03/27/2000,LRD,TX,ASW,CE,Federal Contract Tower,9,43,40,18,110,0,22,27,7,56,9,65,67,25,166,162,30,192,358
03/28/2000,LRD,TX,ASW,CE,Federal Contract Tower,15,50,49,20,134,1,2,28,8,39,16,52,77,28,173,24,26,50,223
03/29/2000,LRD,TX,ASW,CE,Federal Contract Tower,13,46,44,18,121,4,26,40,2,72,17,72,84,20,193,0,52,52,245
03/30/2000,LRD,TX,ASW,CE,Federal Contract Tower,13,45,43,18,119,7,21,31,4,63,20,66,74,22,182,6,108,114,296
03/31/2000,LRD,TX,ASW,CE,Federal Contract Tower,18,60,54,24,156,8,4,0,11,23,26,64,54,35,179,0,82,82,261
04/01/2000,LRD,TX,ASW,CE,Federal Contract Tower,6,23,21,0,50,0,13,15,0,28,6,36,36,0,78,16,0,16,94
04/02/2000,LRD,TX,ASW,CE,Federal Contract Tower,6,17,17,0,40,0,1,9,0,10,6,18,26,0,50,0,0,0,50
04/03/2000,LRD,TX,ASW,CE,Federal Contract Tower,16,50,46,18,130,0,12,10,17,39,16,62,56,35,169,4,72,76,245
04/04/2000,LRD,TX,ASW,CE,Federal Contract Tower,14,55,50,21,140,0,4,64,7,75,14,59,114,28,215,6,142,148,363
04/05/2000,LRD,TX,ASW,CE,Federal Contract Tower,15,47,43,18,123,2,21,18,12,53,17,68,61,30,176,0,136,136,312
04/06/2000,LRD,TX,ASW,CE,Federal Contract Tower,17,55,50,13,135,11,9,52,0,72,28,64,102,13,207,8,138,146,353
04/07/2000,LRD,TX,ASW,CE,Federal Contract Tower,15,47,43,17,122,1,22,20,1,44,16,69,63,18,166,0,100,100,266
04/08/2000,LRD,TX,ASW,CE,Federal Contract Tower,7,23,22,8,60,0,1,18,4,23,7,24,40,12,83,0,46,46,129
04/09/2000,LRD,TX,ASW,CE,Federal Contract Tower,6,19,18,0,43,1,0,33,0,34,7,19,51,0,77,10,0,10,87
04/10/2000,LRD,TX,ASW,CE,Federal Contract Tower,12,38,35,14,99,6,12,12,8,38,18,50,47,22,137,4,74,78,215
04/11/2000,LRD,TX,ASW,CE,Federal Contract Tower,13,58,55,22,148,0,0,6,40,46,13,58,61,62,194,2,164,166,360
04/12/2000,LRD,TX,ASW,CE,Federal Contract Tower,15,45,42,3,105,1,23,5,0,29,16,68,47,3,134,0,0,0,134
04/13/2000,LRD,TX,ASW,CE,Federal Contract Tower,13,42,43,18,116,0,0,42,10,52,13,42,85,28,168,12,78,90,258
04/14/2000,LRD,TX,ASW,CE,Federal Contract Tower,10,46,49,20,125,0,0,38,11,49,10,46,87,31,174,0,120,120,294
04/15/2000,LRD,TX,ASW,CE,Federal Contract Tower,3,24,28,0,55,0,0,49,0,49,3,24,77,0,104,0,0,0,104
04/16/2000,LRD,TX,ASW,CE,Federal Contract Tower,2,21,17,0,40,0,0,28,0,28,2,21,45,0,68,0,10,10,78
04/17/2000,LRD,TX,ASW,CE,Federal Contract Tower,10,32,28,11,81,0,2,45,1,48,10,34,73,12,129,12,0,12,141
04/18/2000,LRD,TX,ASW,CE,Federal Contract Tower,11,36,46,19,112,0,0,45,11,56,11,36,91,30,168,24,44,68,236
04/19/2000,LRD,TX,ASW,CE,Federal Contract Tower,15,49,44,19,127,5,0,51,4,60,20,49,95,23,187,2,134,136,323
04/20/2000,LRD,TX,ASW,CE,Federal Contract Tower,11,36,32,8,87,6,0,53,0,59,17,36,85,8,146,30,74,104,250
04/21/2000,LRD,TX,ASW,CE,Federal Contract Tower,7,33,28,10,78,0,12,26,0,38,7,45,54,10,116,4,0,4,120
04/22/2000,LRD,TX,ASW,CE,Federal Contract Tower,3,12,9,0,24,1,3,20,0,24,4,15,29,0,48,0,0,0,48
04/23/2000,LRD,TX,ASW,CE,Federal Contract Tower,5,19,17,0,41,2,0,35,0,37,7,19,52,0,78,0,0,0,78
04/24/2000,LRD,TX,ASW,CE,Federal Contract Tower,13,43,38,16,110,1,0,30,12,43,14,43,68,28,153,0,116,116,269
04/25/2000,LRD,TX,ASW,CE,Federal Contract Tower,10,36,32,6,84,3,18,44,0,65,13,54,76,6,149,10,26,36,185
04/26/2000,LRD,TX,ASW,CE,Federal Contract Tower,12,43,38,14,107,5,10,51,0,66,17,53,89,14,173,48,124,172,345
04/27/2000,LRD,TX,ASW,CE,Federal Contract Tower,14,48,43,18,123,0,0,40,22,62,14,48,83,40,185,20,128,148,333
04/28/2000,LRD,TX,ASW,CE,Federal Contract Tower,11,39,35,15,100,1,5,18,7,31,12,44,53,22,131,22,28,50,181
04/29/2000,LRD,TX,ASW,CE,Federal Contract Tower,1,16,14,0,31,0,6,31,0,37,1,22,45,0,68,6,0,6,74
04/30/2000,LRD,TX,ASW,CE,Federal Contract Tower,2,19,20,8,49,0,0,17,4,21,2,19,37,12,70,0,10,10,80
05/01/2000,LRD,TX,ASW,CE,Federal Contract Tower,6,32,35,14,87,0,0,19,6,25,6,32,54,20,112,10,88,98,210
05/02/2000,LRD,TX,ASW,CE,Federal Contract Tower,16,41,45,0,102,1,12,16,0,29,17,53,61,0,131,22,0,22,153
05/03/2000,LRD,TX,ASW,CE,Federal Contract Tower,18,48,51,15,132,4,6,43,0,53,22,54,94,15,185,2,64,66,251
05/04/2000,LRD,TX,ASW,CE,Federal Contract Tower,14,39,42,14,109,3,11,27,0,41,17,50,69,14,150,0,22,22,172
05/05/2000,LRD,TX,ASW,CE,Federal Contract Tower,15,41,44,17,117,0,7,37,1,45,15,48,81,18,162,0,24,24,186
05/06/2000,LRD,TX,ASW,CE,Federal Contract Tower,2,15,17,0,34,0,11,35,0,46,2,26,52,0,80,0,0,0,80
05/07/2000,LRD,TX,ASW,CE,Federal Contract Tower,1,18,20,0,39,0,4,39,0,43,1,22,59,0,82,46,0,46,128
05/08/2000,LRD,TX,ASW,CE,Federal Contract Tower,13,34,38,2,87,7,10,48,0,65,20,44,86,2,152,2,0,2,154
05/09/2000,LRD,TX,ASW,CE,Federal Contract Tower,14,34,39,16,103,1,0,46,5,52,15,34,85,21,155,12,42,54,209
05/10/2000,LRD,TX,ASW,CE,Federal Contract Tower,15,39,42,17,113,8,2,37,3,50,23,41,79,20,163,0,116,116,279
05/11/2000,LRD,TX,ASW,CE,Federal Contract Tower,15,39,44,8,106,1,0,49,0,50,16,39,93,8,156,0,0,0,156
05/12/2000,LRD,TX,ASW,CE,Federal Contract Tower,16,43,47,12,118,0,0,80,0,80,16,43,127,12,198,8,30,38,236
05/13/2000,LRD,TX,ASW,CE,Federal Contract Tower,6,16,16,0,38,1,7,24,0,32,7,23,40,0,70,18,0,18,88
05/14/2000,LRD,TX,ASW,CE,Federal Contract Tower,2,13,13,0,28,0,4,12,0,16,2,17,25,0,44,2,0,2,46
05/15/2000,LRD,TX,ASW,CE,Federal Contract Tower,11,40,43,17,111,0,0,35,25,60,11,40,78,42,171,14,146,160,331
05/16/2000,LRD,TX,ASW,CE,Federal Contract Tower,18,46,63,26,153,0,0,36,52,88,18,46,99,78,241,16,164,180,421
05/17/2000,LRD,TX,ASW,CE,Federal Contract Tower,20,52,61,26,159,7,0,78,21,106,27,52,139,47,265,48,158,206,471
05/18/2000,LRD,TX,ASW,CE,Federal Contract Tower,18,41,55,24,138,0,0,83,18,101,18,41,138,42,239,34,118,152,391
05/19/2000,LRD,TX,ASW,CE,Federal Contract Tower,11,51,53,23,138,0,8,27,18,53,11,59,80,41,191,8,56,64,255
05/20/2000,LRD,TX,ASW,CE,Federal Contract Tower,5,19,19,1,44,0,7,13,0,20,5,26,32,1,64,0,0,0,64
05/21/2000,LRD,TX,ASW,CE,Federal Contract Tower,2,16,19,8,45,0,0,32,4,36,2,16,51,12,81,4,0,4,85
05/22/2000,LRD,TX,ASW,CE,Federal Contract Tower,13,49,51,22,135,0,3,36,36,75,13,52,87,58,210,24,184,208,418
05/23/2000,LRD,TX,ASW,CE,Federal Contract Tower,15,46,47,20,128,0,4,41,22,67,15,50,88,42,195,32,114,146,341
05/24/2000,LRD,TX,ASW,CE,Federal Contract Tower,15,44,45,19,123,9,0,72,3,84,24,44,117,22,207,78,6,84,291
05/25/2000,LRD,TX,ASW,CE,Federal Contract Tower,16,48,49,21,134,1,5,48,3,57,17,53,97,24,191,10,50,60,251
05/26/2000,LRD,TX,ASW,CE,Federal Contract Tower,13,40,41,17,111,0,13,14,3,30,13,53,55,20,141,42,116,158,299
05/27/2000,LRD,TX,ASW,CE,Federal Contract Tower,3,18,18,0,39,0,4,30,0,34,3,22,48,0,73,0,0,0,73
05/28/2000,LRD,TX,ASW,CE,Federal Contract Tower,3,10,10,0,23,0,0,27,0,27,3,10,37,0,50,6,0,6,56
05/29/2000,LRD,TX,ASW,CE,Federal Contract Tower,3,17,18,0,38,0,6,37,0,43,3,23,55,0,81,2,0,2,83
05/30/2000,LRD,TX,ASW,CE,Federal Contract Tower,14,40,43,17,114,0,1,32,19,52,14,41,75,36,166,6,74,80,246
05/31/2000,LRD,TX,ASW,CE,Federal Contract Tower,14,39,42,6,101,6,19,52,0,77,20,58,94,6,178,32,84,116,294
06/01/2000,LRD,TX,ASW,CE,Federal Contract Tower,17,49,40,9,115,8,10,59,0,77,25,59,99,9,192,38,52,90,282
06/02/2000,LRD,TX,ASW,CE,Federal Contract Tower,17,47,45,27,136,0,0,13,50,63,17,47,58,77,199,0,207,207,406
06/03/2000,LRD,TX,ASW,CE,Federal Contract Tower,4,21,17,10,52,0,10,21,0,31,4,31,38,10,83,0,0,0,83
06/04/2000,LRD,TX,ASW,CE,Federal Contract Tower,2,16,17,4,39,0,0,41,0,41,2,16,58,4,80,12,0,12,92
06/05/2000,LRD,TX,ASW,CE,Federal Contract Tower,13,45,37,22,117,0,7,26,13,46,13,52,63,35,163,32,24,56,219
06/06/2000,LRD,TX,ASW,CE,Federal Contract Tower,19,44,44,24,131,2,0,48,0,50,21,44,92,24,181,12,48,60,241
06/07/2000,LRD,TX,ASW,CE,Federal Contract Tower,17,53,44,26,140,0,2,32,8,42,17,55,76,34,182,4,22,26,208
06/08/2000,LRD,TX,ASW,CE,Federal Contract Tower,23,61,54,33,171,2,0,36,14,52,25,61,90,47,223,0,104,104,327
06/09/2000,LRD,TX,ASW,CE,Federal Contract Tower,15,43,36,0,94,4,1,39,0,44,19,44,75,0,138,2,0,2,140
06/10/2000,LRD,TX,ASW,CE,Federal Contract Tower,7,18,16,0,41,2,8,6,0,16,9,26,22,0,57,0,0,0,57
06/11/2000,LRD,TX,ASW,CE,Federal Contract Tower,1,17,15,8,41,0,6,12,0,18,1,23,27,8,59,0,6,6,65
06/12/2000,LRD,TX,ASW,CE,Federal Contract Tower,14,51,43,26,134,0,8,33,5,46,14,59,76,31,180,2,16,18,198
06/13/2000,LRD,TX,ASW,CE,Federal Contract Tower,17,54,45,28,144,0,16,35,5,56,17,70,80,33,200,8,108,116,316
06/14/2000,LRD,TX,ASW,CE,Federal Contract Tower,12,57,51,32,152,0,0,50,7,57,12,57,101,39,209,2,188,190,399
06/15/2000,LRD,TX,ASW,CE,Federal Contract Tower,24,72,65,42,203,0,0,40,25,65,24,72,105,67,268,12,122,134,402
06/16/2000,LRD,TX,ASW,CE,Federal Contract Tower,13,41,33,9,96,3,6,33,0,42,16,47,66,9,138,0,86,86,224
06/17/2000,LRD,TX,ASW,CE,Federal Contract Tower,4,21,16,11,52,0,6,21,0,27,4,27,37,11,79,14,0,14,93
06/18/2000,LRD,TX,ASW,CE,Federal Contract Tower,0,13,9,0,22,0,10,13,0,23,0,23,22,0,45,20,0,20,65
06/19/2000,LRD,TX,ASW,CE,Federal Contract Tower,14,52,47,29,142,0,0,4,51,55,14,52,51,80,197,10,332,342,539
06/20/2000,LRD,TX,ASW,CE,Federal Contract Tower,21,67,54,33,175,4,4,32,34,74,25,71,86,67,249,26,196,222,471
06/21/2000,LRD,TX,ASW,CE,Federal Contract Tower,20,61,49,15,145,1,10,58,0,69,21,71,107,15,214,20,66,86,300
06/22/2000,LRD,TX,ASW,CE,Federal Contract Tower,17,53,43,4,117,6,14,49,0,69,23,67,92,4,186,18,30,48,234
06/23/2000,LRD,TX,ASW,CE,Federal Contract Tower,18,56,46,19,139,1,8,49,0,58,19,64,95,19,197,28,36,64,261
06/24/2000,LRD,TX,ASW,CE,Federal Contract Tower,4,16,13,0,33,0,15,15,0,30,4,31,28,0,63,2,0,2,65
06/25/2000,LRD,TX,ASW,CE,Federal Contract Tower,6,18,14,0,38,2,0,36,0,38,8,18,50,0,76,48,0,48,124
06/26/2000,LRD,TX,ASW,CE,Federal Contract Tower,12,37,29,16,94,4,11,49,0,64,16,48,78,16,158,68,22,90,248
06/27/2000,LRD,TX,ASW,CE,Federal Contract Tower,20,62,51,30,163,6,2,35,22,65,26,64,86,52,228,60,120,180,408
06/28/2000,LRD,TX,ASW,CE,Federal Contract Tower,23,70,57,35,185,5,4,59,17,85,28,74,116,52,270,62,218,280,550
06/29/2000,LRD,TX,ASW,CE,Federal Contract Tower,14,62,50,30,156,0,0,49,16,65,14,62,99,46,221,8,208,216,437
06/30/2000,LRD,TX,ASW,CE,Federal Contract Tower,17,54,44,27,142,2,8,35,12,57,19,62,79,39,199,50,164,214,413
07/01/2000,LRD,TX,ASW,CE,Federal Contract Tower,5,19,14,0,38,0,6,22,0,28,5,25,36,0,66,26,0,26,92
07/02/2000,LRD,TX,ASW,CE,Federal Contract Tower,4,15,11,0,30,0,2,25,0,27,4,17,36,0,57,0,0,0,57
07/03/2000,LRD,TX,ASW,CE,Federal Contract Tower,10,29,21,0,60,4,14,23,0,41,14,43,44,0,101,4,0,4,105
07/04/2000,LRD,TX,ASW,CE,Federal Contract Tower,8,22,16,2,48,0,6,24,0,30,8,28,40,2,78,52,0,52,130
07/05/2000,LRD,TX,ASW,CE,Federal Contract Tower,11,42,30,14,97,0,11,22,12,45,11,53,52,26,142,0,32,32,174
07/06/2000,LRD,TX,ASW,CE,Federal Contract Tower,17,54,43,21,135,0,0,35,31,66,17,54,78,52,201,2,68,70,271
07/07/2000,LRD,TX,ASW,CE,Federal Contract Tower,12,38,28,13,91,0,5,33,5,43,12,43,61,18,134,18,72,90,224
07/08/2000,LRD,TX,ASW,CE,Federal Contract Tower,5,17,13,0,35,0,9,30,0,39,5,26,43,0,74,10,0,10,84
07/09/2000,LRD,TX,ASW,CE,Federal Contract Tower,2,15,13,4,34,0,0,35,0,35,2,15,48,4,69,2,0,2,71
07/10/2000,LRD,TX,ASW,CE,Federal Contract Tower,12,53,40,19,124,0,0,35,34,69,12,53,75,53,193,10,130,140,333
07/11/2000,LRD,TX,ASW,CE,Federal Contract Tower,17,50,36,17,120,0,14,50,11,75,17,64,86,28,195,26,62,88,283
07/12/2000,LRD,TX,ASW,CE,Federal Contract Tower,15,53,38,18,124,0,13,46,20,79,15,66,84,38,203,20,184,204,407
07/13/2000,LRD,TX,ASW,CE,Federal Contract Tower,16,47,32,12,107,4,9,50,0,63,20,56,82,12,170,0,48,48,218
07/14/2000,LRD,TX,ASW,CE,Federal Contract Tower,20,55,49,24,148,0,0,23,43,66,20,55,72,67,214,54,200,254,468
07/15/2000,LRD,TX,ASW,CE,Federal Contract Tower,2,16,11,0,29,0,5,30,0,35,2,21,41,0,64,6,0,6,70
07/16/2000,LRD,TX,ASW,CE,Federal Contract Tower,1,20,18,9,48,0,0,21,9,30,1,20,39,18,78,6,12,18,96
07/17/2000,LRD,TX,ASW,CE,Federal Contract Tower,14,48,33,17,112,0,4,54,9,67,14,52,87,26,179,48,166,214,393
07/18/2000,LRD,TX,ASW,CE,Federal Contract Tower,14,44,30,9,97,0,36,22,0,58,14,80,52,9,155,26,26,52,207
07/19/2000,LRD,TX,ASW,CE,Federal Contract Tower,20,66,45,23,154,0,13,31,9,53,20,79,76,32,207,4,52,56,263
07/20/2000,LRD,TX,ASW,CE,Federal Contract Tower,16,53,36,18,123,10,3,54,1,68,26,56,90,19,191,0,100,100,291
07/21/2000,LRD,TX,ASW,CE,Federal Contract Tower,16,50,34,16,116,1,0,35,0,36,17,50,69,16,152,0,6,6,158
07/22/2000,LRD,TX,ASW,CE,Federal Contract Tower,5,20,12,0,37,0,6,18,0,24,5,26,30,0,61,2,0,2,63
07/23/2000,LRD,TX,ASW,CE,Federal Contract Tower,3,12,8,0,23,0,1,19,0,20,3,13,27,0,43,0,0,0,43
07/24/2000,LRD,TX,ASW,CE,Federal Contract Tower,14,45,31,16,106,0,9,21,5,35,14,54,52,21,141,0,92,92,233
07/25/2000,LRD,TX,ASW,CE,Federal Contract Tower,17,58,39,8,122,0,6,52,0,58,17,64,91,8,180,4,26,30,210
07/26/2000,LRD,TX,ASW,CE,Federal Contract Tower,17,55,37,12,121,13,2,61,0,76,30,57,98,12,197,8,56,64,261
07/27/2000,LRD,TX,ASW,CE,Federal Contract Tower,14,47,32,12,105,7,15,27,0,49,21,62,59,12,154,2,40,42,196
07/28/2000,LRD,TX,ASW,CE,Federal Contract Tower,14,42,29,12,97,8,0,56,0,64,22,42,85,12,161,8,36,44,205
07/29/2000,LRD,TX,ASW,CE,Federal Contract Tower,8,25,18,6,57,1,0,23,0,24,9,25,41,6,81,0,78,78,159
07/30/2000,LRD,TX,ASW,CE,Federal Contract Tower,4,10,14,6,34,0,0,36,7,43,4,10,50,13,77,8,80,88,165
07/31/2000,LRD,TX,ASW,CE,Federal Contract Tower,11,42,28,14,95,0,5,36,2,43,11,47,64,16,138,14,0,14,152
08/01/2000,LRD,TX,ASW,CE,Federal Contract Tower,12,51,41,14,118,0,0,28,37,65,12,51,69,51,183,4,130,134,317
08/02/2000,LRD,TX,ASW,CE,Federal Contract Tower,19,54,41,14,128,3,11,26,14,54,22,65,67,28,182,20,12,32,214
08/03/2000,LRD,TX,ASW,CE,Federal Contract Tower,16,46,36,12,110,3,10,43,11,67,19,56,79,23,177,8,52,60,237
08/04/2000,LRD,TX,ASW,CE,Federal Contract Tower,15,43,35,11,104,1,0,32,9,42,16,43,67,20,146,10,48,58,204
08/05/2000,LRD,TX,ASW,CE,Federal Contract Tower,5,22,17,4,48,0,3,46,0,49,5,25,63,4,97,78,0,78,175
08/06/2000,LRD,TX,ASW,CE,Federal Contract Tower,1,19,15,0,35,0,6,36,0,42,1,25,51,0,77,54,0,54,131
08/07/2000,LRD,TX,ASW,CE,Federal Contract Tower,14,47,36,12,109,0,2,43,2,47,14,49,79,14,156,4,34,38,194
08/08/2000,LRD,TX,ASW,CE,Federal Contract Tower,15,42,32,11,100,0,15,57,1,73,15,57,89,12,173,48,22,70,243
08/09/2000,LRD,TX,ASW,CE,Federal Contract Tower,18,52,40,13,123,3,1,67,3,74,21,53,107,16,197,46,60,106,303
08/10/2000,LRD,TX,ASW,CE,Federal Contract Tower,16,46,35,12,109,6,1,74,10,91,22,47,109,22,200,20,54,74,274
08/11/2000,LRD,TX,ASW,CE,Federal Contract Tower,14,50,38,12,114,0,11,52,0,63,14,61,90,12,177,60,0,60,237
08/12/2000,LRD,TX,ASW,CE,Federal Contract Tower,3,17,13,0,33,0,4,41,0,45,3,21,54,0,78,0,0,0,78
08/13/2000,LRD,TX,ASW,CE,Federal Contract Tower,3,13,11,0,27,0,6,18,0,24,3,19,29,0,51,0,0,0,51
08/14/2000,LRD,TX,ASW,CE,Federal Contract Tower,13,53,44,16,126,0,0,59,18,77,13,53,103,34,203,34,104,138,341
08/15/2000,LRD,TX,ASW,CE,Federal Contract Tower,18,57,43,14,132,0,8,23,0,31,18,65,66,14,163,0,2,2,165
08/16/2000,LRD,TX,ASW,CE,Federal Contract Tower,19,66,50,18,153,0,18,45,5,68,19,84,95,23,221,0,20,20,241
08/17/2000,LRD,TX,ASW,CE,Federal Contract Tower,14,61,48,17,140,0,0,56,21,77,14,61,104,38,217,10,50,60,277
08/18/2000,LRD,TX,ASW,CE,Federal Contract Tower,18,53,39,12,122,1,11,25,0,37,19,64,64,12,159,2,116,118,277
08/19/2000,LRD,TX,ASW,CE,Federal Contract Tower,4,25,18,0,47,0,7,43,0,50,4,32,61,0,97,0,0,0,97
08/20/2000,LRD,TX,ASW,CE,Federal Contract Tower,3,17,12,0,32,0,0,34,0,34,3,17,46,0,66,0,0,0,66
08/21/2000,LRD,TX,ASW,CE,Federal Contract Tower,13,44,32,12,101,0,11,34,8,53,13,55,66,20,154,0,68,68,222
08/22/2000,LRD,TX,ASW,CE,Federal Contract Tower,22,65,48,17,152,3,13,27,4,47,25,78,75,21,199,4,118,122,321
08/23/2000,LRD,TX,ASW,CE,Federal Contract Tower,25,75,58,21,179,3,0,44,17,64,28,75,102,38,243,8,88,96,339
08/24/2000,LRD,TX,ASW,CE,Federal Contract Tower,22,67,51,18,158,3,0,69,0,72,25,67,120,18,230,14,34,48,278
08/25/2000,LRD,TX,ASW,CE,Federal Contract Tower,16,46,38,13,113,2,0,68,2,72,18,46,106,15,185,20,0,20,205
08/26/2000,LRD,TX,ASW,CE,Federal Contract Tower,5,18,13,0,36,5,10,18,0,33,10,28,31,0,69,8,0,8,77
08/27/2000,LRD,TX,ASW,CE,Federal Contract Tower,2,19,18,0,39,0,0,39,0,39,2,19,57,0,78,24,0,24,102
08/28/2000,LRD,TX,ASW,CE,Federal Contract Tower,16,46,37,12,111,4,0,45,8,57,20,46,82,20,168,0,74,74,242
08/29/2000,LRD,TX,ASW,CE,Federal Contract Tower,17,45,39,13,114,6,0,46,31,83,23,45,85,44,197,38,108,146,343
08/30/2000,LRD,TX,ASW,CE,Federal Contract Tower,17,55,41,14,127,9,4,27,24,64,26,59,68,38,191,14,80,94,285
08/31/2000,LRD,TX,ASW,CE,Federal Contract Tower,20,61,46,15,142,1,15,45,5,66,21,76,91,20,208,6,8,14,222
09/01/2000,LRD,TX,ASW,CE,Federal Contract Tower,19,49,38,10,116,0,14,41,0,55,19,63,79,10,171,4,42,46,217
09/02/2000,LRD,TX,ASW,CE,Federal Contract Tower,8,21,17,0,46,5,10,15,0,30,13,31,32,0,76,20,0,20,96
09/03/2000,LRD,TX,ASW,CE,Federal Contract Tower,4,12,10,0,26,0,3,17,0,20,4,15,27,0,46,2,0,2,48
09/04/2000,LRD,TX,ASW,CE,Federal Contract Tower,4,19,16,0,39,0,11,42,0,53,4,30,58,0,92,0,0,0,92
09/05/2000,LRD,TX,ASW,CE,Federal Contract Tower,17,42,34,19,112,13,0,19,8,40,30,42,53,27,152,4,130,134,286
09/06/2000,LRD,TX,ASW,CE,Federal Contract Tower,18,46,35,14,113,2,7,46,0,55,20,53,81,14,168,22,44,66,234
09/07/2000,LRD,TX,ASW,CE,Federal Contract Tower,22,50,43,23,138,5,0,49,13,67,27,50,92,36,205,30,78,108,313
09/08/2000,LRD,TX,ASW,CE,Federal Contract Tower,12,43,33,16,104,0,12,48,0,60,12,55,81,16,164,6,56,62,226
09/09/2000,LRD,TX,ASW,CE,Federal Contract Tower,5,21,16,6,48,0,4,41,0,45,5,25,57,6,93,28,40,68,161
09/10/2000,LRD,TX,ASW,CE,Federal Contract Tower,3,14,11,0,28,0,1,36,0,37,3,15,47,0,65,46,0,46,111
09/11/2000,LRD,TX,ASW,CE,Federal Contract Tower,16,43,35,19,113,0,0,40,28,68,16,43,75,47,181,18,206,224,405
09/12/2000,LRD,TX,ASW,CE,Federal Contract Tower,22,57,44,24,147,1,1,27,10,39,23,58,71,34,186,14,80,94,280
09/13/2000,LRD,TX,ASW,CE,Federal Contract Tower,22,57,44,23,146,1,0,37,8,46,23,57,81,31,192,32,34,66,258
09/14/2000,LRD,TX,ASW,CE,Federal Contract Tower,16,46,36,18,116,0,17,27,0,44,16,63,63,18,160,10,0,10,170
09/15/2000,LRD,TX,ASW,CE,Federal Contract Tower,15,38,30,0,83,6,12,20,0,38,21,50,50,0,121,0,0,0,121
09/16/2000,LRD,TX,ASW,CE,Federal Contract Tower,3,18,13,0,34,0,7,35,0,42,3,25,48,0,76,34,0,34,110
09/17/2000,LRD,TX,ASW,CE,Federal Contract Tower,3,15,10,0,28,0,1,57,0,58,3,16,67,0,86,30,0,30,116
09/18/2000,LRD,TX,ASW,CE,Federal Contract Tower,12,45,34,20,111,0,1,60,24,85,12,46,94,44,196,92,170,262,458
09/19/2000,LRD,TX,ASW,CE,Federal Contract Tower,19,62,47,27,155,0,0,53,35,88,19,62,100,62,243,90,218,308,551
09/20/2000,LRD,TX,ASW,CE,Federal Contract Tower,17,57,43,25,142,0,0,48,18,66,17,57,91,43,208,64,198,262,470
09/21/2000,LRD,TX,ASW,CE,Federal Contract Tower,20,51,48,28,147,0,0,64,14,78,20,51,112,42,225,10,14,24,249
09/22/2000,LRD,TX,ASW,CE,Federal Contract Tower,14,47,34,20,115,0,1,52,7,60,14,48,86,27,175,0,110,110,285
09/23/2000,LRD,TX,ASW,CE,Federal Contract Tower,9,27,20,12,68,0,1,29,0,30,9,28,49,12,98,6,2,8,106
09/24/2000,LRD,TX,ASW,CE,Federal Contract Tower,1,18,18,11,48,0,0,25,10,35,1,18,43,21,83,0,20,20,103
09/25/2000,LRD,TX,ASW,CE,Federal Contract Tower,14,44,32,13,103,0,6,36,0,42,14,50,68,13,145,4,10,14,159
09/26/2000,LRD,TX,ASW,CE,Federal Contract Tower,15,43,33,17,108,4,7,53,5,69,19,50,86,22,177,14,58,72,249
09/27/2000,LRD,TX,ASW,CE,Federal Contract Tower,21,51,45,24,141,1,0,45,31,77,22,51,90,55,218,0,150,150,368
09/28/2000,LRD,TX,ASW,CE,Federal Contract Tower,18,49,37,20,124,6,1,57,6,70,24,50,94,26,194,10,68,78,272
09/29/2000,LRD,TX,ASW,CE,Federal Contract Tower,16,43,33,8,100,5,8,63,0,76,21,51,96,8,176,2,8,10,186
09/30/2000,LRD,TX,ASW,CE,Federal Contract Tower,8,24,19,0,51,5,13,30,0,48,13,37,49,0,99,34,0,34,133
10/01/2000,LRD,TX,ASW,CE,Federal Contract Tower,5,17,15,0,37,0,7,23,0,30,5,24,38,0,67,4,0,4,71
10/02/2000,LRD,TX,ASW,CE,Federal Contract Tower,14,46,49,20,129,0,0,5,49,54,14,46,54,69,183,4,148,152,335
10/03/2000,LRD,TX,ASW,CE,Federal Contract Tower,15,47,46,18,126,8,0,32,29,69,23,47,78,47,195,38,78,116,311
10/04/2000,LRD,TX,ASW,CE,Federal Contract Tower,15,48,44,18,125,4,13,44,13,74,19,61,88,31,199,70,92,162,361
10/05/2000,LRD,TX,ASW,CE,Federal Contract Tower,20,66,60,24,170,3,0,41,8,52,23,66,101,32,222,44,90,134,356
10/06/2000,LRD,TX,ASW,CE,Federal Contract Tower,12,38,35,0,85,2,13,22,0,37,14,51,57,0,122,12,0,12,134
10/07/2000,LRD,TX,ASW,CE,Federal Contract Tower,5,18,12,4,39,0,7,0,0,7,5,25,12,4,46,0,0,0,46
10/08/2000,LRD,TX,ASW,CE,Federal Contract Tower,2,21,19,2,44,0,2,8,0,10,2,23,27,2,54,0,0,0,54
10/09/2000,LRD,TX,ASW,CE,Federal Contract Tower,12,40,37,0,89,2,3,11,0,16,14,43,48,0,105,0,0,0,105
10/10/2000,LRD,TX,ASW,CE,Federal Contract Tower,17,52,50,2,121,5,0,17,0,22,22,52,67,2,143,0,0,0,143
10/11/2000,LRD,TX,ASW,CE,Federal Contract Tower,15,54,49,2,120,0,18,1,0,19,15,72,50,2,139,0,0,0,139
10/12/2000,LRD,TX,ASW,CE,Federal Contract Tower,18,60,54,6,138,1,4,20,0,25,19,64,74,6,163,0,0,0,163
10/13/2000,LRD,TX,ASW,CE,Federal Contract Tower,14,51,46,16,127,0,11,31,0,42,14,62,77,16,169,0,88,88,257
10/14/2000,LRD,TX,ASW,CE,Federal Contract Tower,8,29,26,0,63,3,2,29,0,34,11,31,55,0,97,6,0,6,103
10/15/2000,LRD,TX,ASW,CE,Federal Contract Tower,1,19,22,10,52,0,0,16,11,27,1,19,38,21,79,10,16,26,105
10/16/2000,LRD,TX,ASW,CE,Federal Contract Tower,11,40,37,16,104,0,8,35,31,74,11,48,72,47,178,4,252,256,434
10/17/2000,LRD,TX,ASW,CE,Federal Contract Tower,19,56,65,27,167,0,0,40,32,72,19,56,105,59,239,26,10,36,275
10/18/2000,LRD,TX,ASW,CE,Federal Contract Tower,16,64,55,11,146,0,9,37,0,46,16,73,92,11,192,6,2,8,200
10/19/2000,LRD,TX,ASW,CE,Federal Contract Tower,13,57,51,22,143,0,0,38,1,39,13,57,89,23,182,30,18,48,230
10/20/2000,LRD,TX,ASW,CE,Federal Contract Tower,13,48,42,19,122,2,5,13,9,29,15,53,55,28,151,20,98,118,269
10/21/2000,LRD,TX,ASW,CE,Federal Contract Tower,6,22,18,0,46,3,7,22,0,32,9,29,40,0,78,0,0,0,78
10/22/2000,LRD,TX,ASW,CE,Federal Contract Tower,2,19,16,4,41,0,1,22,0,23,2,20,38,4,64,8,0,8,72
10/23/2000,LRD,TX,ASW,CE,Federal Contract Tower,12,42,37,15,106,2,2,8,16,28,14,44,45,31,134,2,74,76,210
10/24/2000,LRD,TX,ASW,CE,Federal Contract Tower,14,57,57,23,151,0,0,39,19,58,14,57,96,42,209,4,14,18,227
10/25/2000,LRD,TX,ASW,CE,Federal Contract Tower,15,55,49,19,138,1,4,28,10,43,16,59,77,29,181,6,44,50,231
10/26/2000,LRD,TX,ASW,CE,Federal Contract Tower,18,66,59,22,165,4,5,28,0,37,22,71,87,22,202,6,32,38,240
10/27/2000,LRD,TX,ASW,CE,Federal Contract Tower,13,47,42,16,118,1,4,17,8,30,14,51,59,24,148,0,30,30,178
10/28/2000,LRD,TX,ASW,CE,Federal Contract Tower,4,23,20,2,49,0,12,18,0,30,4,35,38,2,79,36,10,46,125
10/29/2000,LRD,TX,ASW,CE,Federal Contract Tower,0,23,20,6,49,0,2,35,0,37,0,25,55,6,86,6,12,18,104
10/30/2000,LRD,TX,ASW,CE,Federal Contract Tower,12,47,44,18,121,0,0,18,26,44,12,47,62,44,165,2,92,94,259
10/31/2000,LRD,TX,ASW,CE,Federal Contract Tower,14,49,44,18,125,1,3,14,27,45,15,52,58,45,170,0,180,180,350
11/01/2000,LRD,TX,ASW,CE,Federal Contract Tower,18,61,71,24,174,6,0,12,27,45,24,61,83,51,219,4,178,182,401
11/02/2000,LRD,TX,ASW,CE,Federal Contract Tower,13,43,53,15,124,4,0,34,0,38,17,43,87,15,162,14,34,48,210
11/03/2000,LRD,TX,ASW,CE,Federal Contract Tower,10,47,50,16,123,0,5,9,10,24,10,52,59,26,147,6,120,126,273
11/04/2000,LRD,TX,ASW,CE,Federal Contract Tower,5,15,17,0,37,0,9,1,0,10,5,24,18,0,47,0,0,0,47
11/05/2000,LRD,TX,ASW,CE,Federal Contract Tower,2,13,14,4,33,0,2,4,2,8,2,15,18,6,41,0,0,0,41
11/06/2000,LRD,TX,ASW,CE,Federal Contract Tower,8,38,43,14,103,0,0,32,36,68,8,38,75,50,171,22,188,210,381
11/07/2000,LRD,TX,ASW,CE,Federal Contract Tower,17,38,66,23,144,0,0,0,51,51,17,38,66,74,195,0,110,110,305
11/08/2000,LRD,TX,ASW,CE,Federal Contract Tower,11,40,43,14,108,0,5,22,2,29,11,45,65,16,137,38,64,102,239
11/09/2000,LRD,TX,ASW,CE,Federal Contract Tower,11,40,43,13,107,0,13,49,0,62,11,53,92,13,169,24,38,62,231
11/10/2000,LRD,TX,ASW,CE,Federal Contract Tower,10,38,41,0,89,3,9,41,0,53,13,47,82,0,142,8,0,8,150
11/11/2000,LRD,TX,ASW,CE,Federal Contract Tower,4,19,21,0,44,0,8,30,0,38,4,27,51,0,82,6,0,6,88
11/12/2000,LRD,TX,ASW,CE,Federal Contract Tower,1,16,18,0,35,0,1,39,0,40,1,17,57,0,75,24,0,24,99
11/13/2000,LRD,TX,ASW,CE,Federal Contract Tower,10,40,44,15,109,0,0,39,12,51,10,40,83,27,160,0,116,116,276
11/14/2000,LRD,TX,ASW,CE,Federal Contract Tower,11,41,42,13,107,2,10,30,0,42,13,51,72,13,149,0,50,50,199
11/15/2000,LRD,TX,ASW,CE,Federal Contract Tower,11,49,53,16,129,0,0,24,0,24,11,49,77,16,153,8,0,8,161
11/16/2000,LRD,TX,ASW,CE,Federal Contract Tower,11,46,51,2,110,0,0,29,0,29,11,46,80,2,139,0,0,0,139
11/17/2000,LRD,TX,ASW,CE,Federal Contract Tower,10,42,43,10,105,5,1,8,0,14,15,43,51,10,119,0,0,0,119
11/18/2000,LRD,TX,ASW,CE,Federal Contract Tower,5,21,17,6,49,4,2,0,0,6,9,23,17,6,55,0,0,0,55
11/19/2000,LRD,TX,ASW,CE,Federal Contract Tower,1,17,18,4,40,0,0,28,0,28,1,17,46,4,68,74,8,82,150
11/20/2000,LRD,TX,ASW,CE,Federal Contract Tower,9,32,47,17,105,0,0,59,27,86,9,32,106,44,191,52,134,186,377
11/21/2000,LRD,TX,ASW,CE,Federal Contract Tower,14,50,56,20,140,2,0,57,10,69,16,50,113,30,209,6,76,82,291
11/22/2000,LRD,TX,ASW,CE,Federal Contract Tower,12,46,48,17,123,4,1,17,8,30,16,47,65,25,153,12,116,128,281
11/23/2000,LRD,TX,ASW,CE,Federal Contract Tower,3,13,13,0,29,0,5,20,0,25,3,18,33,0,54,24,0,24,78
11/24/2000,LRD,TX,ASW,CE,Federal Contract Tower,5,23,23,0,51,2,12,22,0,36,7,35,45,0,87,6,0,6,93
11/25/2000,LRD,TX,ASW,CE,Federal Contract Tower,2,15,16,0,33,0,13,21,0,34,2,28,37,0,67,10,0,10,77
11/26/2000,LRD,TX,ASW,CE,Federal Contract Tower,0,19,21,0,40,0,0,45,0,45,0,19,66,0,85,0,0,0,85
11/27/2000,LRD,TX,ASW,CE,Federal Contract Tower,6,32,34,10,82,0,13,19,0,32,6,45,53,10,114,0,60,60,174
11/28/2000,LRD,TX,ASW,CE,Federal Contract Tower,9,39,41,4,93,5,1,40,0,46,14,40,81,4,139,8,2,10,149
11/29/2000,LRD,TX,ASW,CE,Federal Contract Tower,11,49,52,17,129,0,5,25,5,35,11,54,77,22,164,0,32,32,196
11/30/2000,LRD,TX,ASW,CE,Federal Contract Tower,13,61,64,14,152,0,1,11,0,12,13,62,75,14,164,0,0,0,164
12/01/2000,LRD,TX,ASW,CE,Federal Contract Tower,14,42,46,6,108,2,7,2,0,11,16,49,48,6,119,0,6,6,125
12/02/2000,LRD,TX,ASW,CE,Federal Contract Tower,4,24,27,0,55,0,11,17,0,28,4,35,44,0,83,4,0,4,87
12/03/2000,LRD,TX,ASW,CE,Federal Contract Tower,0,11,13,3,27,0,3,4,0,7,0,14,17,3,34,0,0,0,34
12/04/2000,LRD,TX,ASW,CE,Federal Contract Tower,11,34,39,10,94,0,0,4,12,16,11,34,43,22,110,2,0,2,112
12/05/2000,LRD,TX,ASW,CE,Federal Contract Tower,18,52,58,15,143,0,0,0,36,36,18,52,58,51,179,4,154,158,337
12/06/2000,LRD,TX,ASW,CE,Federal Contract Tower,19,56,60,15,150,2,3,15,12,32,21,59,75,27,182,16,24,40,222
12/07/2000,LRD,TX,ASW,CE,Federal Contract Tower,20,59,63,16,158,4,2,52,22,80,24,61,115,38,238,2,170,172,410
12/08/2000,LRD,TX,ASW,CE,Federal Contract Tower,17,56,62,16,151,0,0,55,30,85,17,56,117,46,236,6,152,158,394
12/09/2000,LRD,TX,ASW,CE,Federal Contract Tower,5,22,24,5,56,0,0,25,0,25,5,22,49,5,81,10,0,10,91
12/10/2000,LRD,TX,ASW,CE,Federal Contract Tower,6,20,26,1,53,0,0,32,0,32,6,20,58,1,85,100,0,100,185
12/11/2000,LRD,TX,ASW,CE,Federal Contract Tower,12,45,50,14,121,0,0,13,6,19,12,45,63,20,140,0,26,26,166
12/12/2000,LRD,TX,ASW,CE,Federal Contract Tower,12,36,39,11,98,2,2,7,1,12,14,38,46,12,110,0,6,6,116
12/13/2000,LRD,TX,ASW,CE,Federal Contract Tower,14,54,54,15,137,0,6,0,1,7,14,60,54,16,144,0,0,0,144
12/14/2000,LRD,TX,ASW,CE,Federal Contract Tower,20,60,67,0,147,0,0,21,0,21,20,60,88,0,168,0,0,0,168
12/15/2000,LRD,TX,ASW,CE,Federal Contract Tower,12,51,60,0,123,0,0,28,0,28,12,51,88,0,151,0,0,0,151
12/16/2000,LRD,TX,ASW,CE,Federal Contract Tower,7,21,22,0,50,1,4,27,0,32,8,25,49,0,82,0,0,0,82
12/17/2000,LRD,TX,ASW,CE,Federal Contract Tower,2,17,21,6,46,0,0,40,2,42,2,17,61,8,88,12,14,26,114
12/18/2000,LRD,TX,ASW,CE,Federal Contract Tower,8,40,46,12,106,0,0,50,16,66,8,40,96,28,172,2,36,38,210
12/19/2000,LRD,TX,ASW,CE,Federal Contract Tower,15,54,57,15,141,0,3,72,17,92,15,57,129,32,233,14,62,76,309
12/20/2000,LRD,TX,ASW,CE,Federal Contract Tower,15,47,52,14,128,6,0,42,19,67,21,47,94,33,195,24,142,166,361
12/21/2000,LRD,TX,ASW,CE,Federal Contract Tower,14,49,52,14,129,0,9,33,8,50,14,58,85,22,179,20,126,146,325
12/22/2000,LRD,TX,ASW,CE,Federal Contract Tower,15,43,49,0,107,12,0,20,0,32,27,43,69,0,139,4,0,4,143
12/23/2000,LRD,TX,ASW,CE,Federal Contract Tower,7,22,25,0,54,4,6,1,0,11,11,28,26,0,65,6,0,6,71
12/24/2000,LRD,TX,ASW,CE,Federal Contract Tower,1,9,10,0,20,0,4,0,0,4,1,13,10,0,24,0,0,0,24
12/25/2000,LRD,TX,ASW,CE,Federal Contract Tower,3,9,8,0,20,3,1,0,0,4,6,10,8,0,24,0,0,0,24
12/26/2000,LRD,TX,ASW,CE,Federal Contract Tower,11,33,36,0,80,0,10,0,0,10,11,43,36,0,90,0,0,0,90
12/27/2000,LRD,TX,ASW,CE,Federal Contract Tower,13,40,45,11,109,2,0,0,23,25,15,40,45,34,134,0,26,26,160
12/28/2000,LRD,TX,ASW,CE,Federal Contract Tower,11,36,40,6,93,0,22,19,0,41,11,58,59,6,134,12,0,12,146
12/29/2000,LRD,TX,ASW,CE,Federal Contract Tower,11,36,39,0,86,13,6,28,0,47,24,42,67,0,133,42,0,42,175
12/30/2000,LRD,TX,ASW,CE,Federal Contract Tower,9,28,31,0,68,2,3,42,0,47,11,31,73,0,115,10,0,10,125
12/31/2000,LRD,TX,ASW,CE,Federal Contract Tower,0,9,11,0,20,0,5,9,0,14,0,14,20,0,34,40,0,40,74
01/01/2001,LRD,TX,ASW,CE,Federal Contract Tower,2,13,23,0,38,0,0,19,0,19,2,13,42,0,57,0,0,0,57
01/02/2001,LRD,TX,ASW,CE,Federal Contract Tower,7,37,45,0,89,0,7,14,0,21,7,44,59,0,110,0,0,0,110
01/03/2001,LRD,TX,ASW,CE,Federal Contract Tower,10,38,46,16,110,0,14,18,0,32,10,52,64,16,142,0,54,54,196
01/04/2001,LRD,TX,ASW,CE,Federal Contract Tower,13,42,53,19,127,0,0,31,26,57,13,42,84,45,184,0,120,120,304
01/05/2001,LRD,TX,ASW,CE,Federal Contract Tower,12,36,44,12,104,3,9,48,0,60,15,45,92,12,164,132,72,204,368
01/06/2001,LRD,TX,ASW,CE,Federal Contract Tower,7,22,28,0,57,0,8,46,0,54,7,30,74,0,111,22,0,22,133
01/07/2001,LRD,TX,ASW,CE,Federal Contract Tower,0,18,29,0,47,0,0,45,0,45,0,18,74,0,92,0,0,0,92
01/08/2001,LRD,TX,ASW,CE,Federal Contract Tower,10,32,39,15,96,0,3,30,10,43,10,35,69,25,139,60,114,174,313
01/09/2001,LRD,TX,ASW,CE,Federal Contract Tower,11,38,49,17,115,0,0,15,27,42,11,38,64,44,157,4,118,122,279
01/10/2001,LRD,TX,ASW,CE,Federal Contract Tower,13,42,51,19,125,2,11,1,9,23,15,53,52,28,148,50,62,112,260
01/11/2001,LRD,TX,ASW,CE,Federal Contract Tower,13,42,49,18,122,1,0,25,9,35,14,42,74,27,157,4,68,72,229
01/12/2001,LRD,TX,ASW,CE,Federal Contract Tower,16,50,61,6,133,6,0,31,0,37,22,50,92,6,170,0,0,0,170
01/13/2001,LRD,TX,ASW,CE,Federal Contract Tower,4,19,22,6,51,0,4,0,0,4,4,23,22,6,55,0,4,4,59
01/14/2001,LRD,TX,ASW,CE,Federal Contract Tower,1,19,21,0,41,0,2,62,0,64,1,21,83,0,105,12,0,12,117
01/15/2001,LRD,TX,ASW,CE,Federal Contract Tower,7,28,33,0,68,0,7,39,0,46,7,35,72,0,114,10,0,10,124
01/16/2001,LRD,TX,ASW,CE,Federal Contract Tower,9,32,34,0,75,2,14,0,0,16,11,46,34,0,91,0,0,0,91
01/17/2001,LRD,TX,ASW,CE,Federal Contract Tower,18,52,67,31,168,0,0,0,44,44,18,52,67,75,212,2,0,2,214
01/18/2001,LRD,TX,ASW,CE,Federal Contract Tower,13,45,52,14,124,0,7,0,0,7,13,52,52,14,131,0,2,2,133
01/19/2001,LRD,TX,ASW,CE,Federal Contract Tower,12,42,49,18,121,9,7,39,3,58,21,49,88,21,179,90,26,116,295
01/20/2001,LRD,TX,ASW,CE,Federal Contract Tower,4,14,16,2,36,2,11,34,0,47,6,25,50,2,83,20,0,20,103
01/21/2001,LRD,TX,ASW,CE,Federal Contract Tower,1,20,23,4,48,0,3,35,0,38,1,23,58,4,86,0,0,0,86
01/22/2001,LRD,TX,ASW,CE,Federal Contract Tower,8,30,34,14,86,1,9,65,0,75,9,39,99,14,161,18,38,56,217
01/23/2001,LRD,TX,ASW,CE,Federal Contract Tower,13,44,53,21,131,2,0,44,7,53,15,44,97,28,184,38,60,98,282
01/24/2001,LRD,TX,ASW,CE,Federal Contract Tower,12,40,48,5,105,6,4,69,0,79,18,44,117,5,184,70,104,174,358
01/25/2001,LRD,TX,ASW,CE,Federal Contract Tower,12,38,50,10,110,2,0,54,0,56,14,38,104,10,166,18,32,50,216
01/26/2001,LRD,TX,ASW,CE,Federal Contract Tower,13,38,53,19,123,1,0,33,1,35,14,38,86,20,158,30,74,104,262
01/27/2001,LRD,TX,ASW,CE,Federal Contract Tower,6,20,24,2,52,6,4,10,0,20,12,24,34,2,72,52,0,52,124
01/28/2001,LRD,TX,ASW,CE,Federal Contract Tower,1,21,26,10,58,0,0,5,10,15,1,21,31,20,73,4,2,6,79
01/29/2001,LRD,TX,ASW,CE,Federal Contract Tower,8,38,45,16,107,0,0,15,45,60,8,38,60,61,167,20,228,248,415
01/30/2001,LRD,TX,ASW,CE,Federal Contract Tower,10,37,43,15,105,1,1,40,17,59,11,38,83,32,164,0,146,146,310
01/31/2001,LRD,TX,ASW,CE,Federal Contract Tower,12,41,49,17,119,4,11,29,3,47,16,52,78,20,166,16,40,56,222
02/01/2001,LRD,TX,ASW,CE,Federal Contract Tower,12,46,54,26,138,0,7,27,13,47,12,53,81,39,185,6,68,74,259
02/02/2001,LRD,TX,ASW,CE,Federal Contract Tower,12,33,40,2,87,2,9,36,0,47,14,42,76,2,134,68,0,68,202
02/03/2001,LRD,TX,ASW,CE,Federal Contract Tower,5,14,18,0,37,1,6,48,0,55,6,20,66,0,92,6,0,6,98
02/04/2001,LRD,TX,ASW,CE,Federal Contract Tower,2,16,21,10,49,0,0,42,8,50,2,16,63,18,99,16,20,36,135
02/05/2001,LRD,TX,ASW,CE,Federal Contract Tower,4,31,39,20,94,0,0,36,10,46,4,31,75,30,140,74,56,130,270
02/06/2001,LRD,TX,ASW,CE,Federal Contract Tower,13,38,45,14,110,1,18,21,0,40,14,56,66,14,150,52,20,72,222
02/07/2001,LRD,TX,ASW,CE,Federal Contract Tower,10,36,42,21,109,0,8,29,8,45,10,44,71,29,154,56,72,128,282
02/08/2001,LRD,TX,ASW,CE,Federal Contract Tower,13,39,67,32,151,0,0,3,46,49,13,39,70,78,200,50,92,142,342
02/09/2001,LRD,TX,ASW,CE,Federal Contract Tower,10,33,39,16,98,0,10,28,0,38,10,43,67,16,136,22,18,40,176
02/10/2001,LRD,TX,ASW,CE,Federal Contract Tower,5,13,16,0,34,5,5,38,0,48,10,18,54,0,82,38,0,38,120
02/11/2001,LRD,TX,ASW,CE,Federal Contract Tower,0,19,20,6,45,0,2,12,0,14,0,21,32,6,59,0,0,0,59
02/12/2001,LRD,TX,ASW,CE,Federal Contract Tower,6,24,27,0,57,0,13,5,0,18,6,37,32,0,75,6,0,6,81
02/13/2001,LRD,TX,ASW,CE,Federal Contract Tower,11,33,37,4,85,8,6,13,0,27,19,39,50,4,112,100,0,100,212
02/14/2001,LRD,TX,ASW,CE,Federal Contract Tower,13,40,45,16,114,5,3,38,0,46,18,43,83,16,160,72,12,84,244
02/15/2001,LRD,TX,ASW,CE,Federal Contract Tower,15,43,60,29,147,0,0,4,41,45,15,43,64,70,192,52,172,224,416
02/16/2001,LRD,TX,ASW,CE,Federal Contract Tower,11,35,39,20,105,4,0,56,14,74,15,35,95,34,179,152,90,242,421
02/17/2001,LRD,TX,ASW,CE,Federal Contract Tower,7,18,26,8,59,1,0,61,0,62,8,18,87,8,121,70,84,154,275
02/18/2001,LRD,TX,ASW,CE,Federal Contract Tower,0,10,10,6,26,0,4,71,5,80,0,14,81,11,106,240,14,254,360
02/19/2001,LRD,TX,ASW,CE,Federal Contract Tower,7,24,26,4,61,5,7,41,0,53,12,31,67,4,114,60,0,60,174
02/20/2001,LRD,TX,ASW,CE,Federal Contract Tower,9,31,34,18,92,8,6,36,4,54,17,37,70,22,146,32,28,60,206
02/21/2001,LRD,TX,ASW,CE,Federal Contract Tower,19,34,70,35,158,2,0,38,33,73,21,34,108,68,231,72,210,282,513
02/22/2001,LRD,TX,ASW,CE,Federal Contract Tower,14,44,65,31,154,0,0,13,15,28,14,44,78,46,182,2,18,20,202
02/23/2001,LRD,TX,ASW,CE,Federal Contract Tower,11,37,43,9,100,3,6,14,0,23,14,43,57,9,123,0,54,54,177
02/24/2001,LRD,TX,ASW,CE,Federal Contract Tower,5,16,18,1,40,1,10,20,0,31,6,26,38,1,71,42,20,62,133
02/25/2001,LRD,TX,ASW,CE,Federal Contract Tower,2,21,24,8,55,0,6,32,0,38,2,27,56,8,93,96,4,100,193
02/26/2001,LRD,TX,ASW,CE,Federal Contract Tower,9,29,33,11,82,3,7,10,0,20,12,36,43,11,102,0,6,6,108
02/27/2001,LRD,TX,ASW,CE,Federal Contract Tower,12,44,63,31,150,0,0,15,38,53,12,44,78,69,203,28,190,218,421
02/28/2001,LRD,TX,ASW,CE,Federal Contract Tower,15,45,56,20,136,2,0,8,0,10,17,45,64,20,146,0,0,0,146
03/01/2001,LRD,TX,ASW,CE,Federal Contract Tower,11,35,50,4,100,5,0,36,0,41,16,35,86,4,141,70,0,70,211
03/02/2001,LRD,TX,ASW,CE,Federal Contract Tower,9,29,41,6,85,11,12,22,0,45,20,41,63,6,130,54,0,54,184
03/03/2001,LRD,TX,ASW,CE,Federal Contract Tower,5,14,21,8,48,5,3,19,0,27,10,17,40,8,75,70,2,72,147
03/04/2001,LRD,TX,ASW,CE,Federal Contract Tower,1,13,18,0,32,0,3,45,0,48,1,16,63,0,80,114,0,114,194
03/05/2001,LRD,TX,ASW,CE,Federal Contract Tower,7,30,43,23,103,0,6,63,3,72,7,36,106,26,175,78,52,130,305
03/06/2001,LRD,TX,ASW,CE,Federal Contract Tower,12,39,54,29,134,0,0,47,18,65,12,39,101,47,199,52,72,124,323
03/07/2001,LRD,TX,ASW,CE,Federal Contract Tower,8,32,44,24,108,0,4,33,27,64,8,36,77,51,172,30,44,74,246
03/08/2001,LRD,TX,ASW,CE,Federal Contract Tower,8,39,72,45,164,0,0,0,86,86,8,39,72,131,250,56,264,320,570
03/09/2001,LRD,TX,ASW,CE,Federal Contract Tower,11,38,50,27,126,6,3,37,13,59,17,41,87,40,185,24,46,70,255
03/10/2001,LRD,TX,ASW,CE,Federal Contract Tower,5,21,27,0,53,0,4,36,0,40,5,25,63,0,93,12,0,12,105
03/11/2001,LRD,TX,ASW,CE,Federal Contract Tower,2,17,25,4,48,0,0,32,0,32,2,17,57,4,80,46,0,46,126
03/12/2001,LRD,TX,ASW,CE,Federal Contract Tower,4,32,43,23,102,0,1,65,7,73,4,33,108,30,175,110,72,182,357
03/13/2001,LRD,TX,ASW,CE,Federal Contract Tower,10,42,56,30,138,0,3,22,27,52,10,45,78,57,190,34,126,160,350
03/14/2001,LRD,TX,ASW,CE,Federal Contract Tower,7,31,41,22,101,0,8,26,2,36,7,39,67,24,137,84,26,110,247
03/15/2001,LRD,TX,ASW,CE,Federal Contract Tower,10,37,62,34,143,0,0,52,24,76,10,37,114,58,219,52,208,260,479
03/16/2001,LRD,TX,ASW,CE,Federal Contract Tower,9,34,45,26,114,9,4,38,22,73,18,38,83,48,187,96,138,234,421
03/17/2001,LRD,TX,ASW,CE,Federal Contract Tower,2,14,17,0,33,0,6,19,0,25,2,20,36,0,58,10,0,10,68
03/18/2001,LRD,TX,ASW,CE,Federal Contract Tower,0,17,23,0,40,0,0,27,0,27,0,17,50,0,67,0,0,0,67
03/19/2001,LRD,TX,ASW,CE,Federal Contract Tower,5,26,34,20,85,0,2,38,0,40,5,28,72,20,125,36,48,84,209
03/20/2001,LRD,TX,ASW,CE,Federal Contract Tower,8,30,40,23,101,2,9,62,9,82,10,39,102,32,183,50,144,194,377
03/21/2001,LRD,TX,ASW,CE,Federal Contract Tower,7,31,41,24,103,0,0,62,18,80,7,31,103,42,183,18,150,168,351
03/22/2001,LRD,TX,ASW,CE,Federal Contract Tower,8,30,41,23,102,4,0,51,17,72,12,30,92,40,174,34,74,108,282
03/23/2001,LRD,TX,ASW,CE,Federal Contract Tower,9,33,44,25,111,1,1,32,21,55,10,34,76,46,166,82,98,180,346
03/24/2001,LRD,TX,ASW,CE,Federal Contract Tower,5,20,32,18,75,0,0,11,19,30,5,20,43,37,105,38,22,60,165
03/25/2001,LRD,TX,ASW,CE,Federal Contract Tower,2,22,34,10,68,0,0,28,0,28,2,22,62,10,96,0,10,10,106
03/26/2001,LRD,TX,ASW,CE,Federal Contract Tower,10,25,45,27,107,0,0,0,29,29,10,25,45,56,136,44,92,136,272
03/27/2001,LRD,TX,ASW,CE,Federal Contract Tower,9,31,43,6,89,3,9,5,0,17,12,40,48,6,106,0,0,0,106
03/28/2001,LRD,TX,ASW,CE,Federal Contract Tower,8,30,40,6,84,9,8,3,0,20,17,38,43,6,104,2,0,2,106
03/29/2001,LRD,TX,ASW,CE,Federal Contract Tower,8,33,45,12,98,0,5,46,0,51,8,38,91,12,149,10,16,26,175
03/30/2001,LRD,TX,ASW,CE,Federal Contract Tower,9,33,44,8,94,0,26,12,0,38,9,59,56,8,132,18,26,44,176
03/31/2001,LRD,TX,ASW,CE,Federal Contract Tower,3,12,16,0,31,0,12,32,0,44,3,24,48,0,75,20,0,20,95
04/01/2001,LRD,TX,ASW,CE,Federal Contract Tower,2,16,24,10,52,1,0,13,0,14,3,16,37,10,66,8,32,40,106
04/02/2001,LRD,TX,ASW,CE,Federal Contract Tower,6,36,27,16,85,1,2,28,4,35,7,38,55,20,120,24,104,128,248
04/03/2001,LRD,TX,ASW,CE,Federal Contract Tower,10,49,44,20,123,0,3,34,0,37,10,52,78,20,160,10,0,10,170
04/04/2001,LRD,TX,ASW,CE,Federal Contract Tower,19,37,28,8,92,0,4,32,0,36,19,41,60,8,128,48,86,134,262
04/05/2001,LRD,TX,ASW,CE,Federal Contract Tower,10,36,47,39,132,0,4,34,0,38,10,40,81,39,170,20,182,202,372
04/06/2001,LRD,TX,ASW,CE,Federal Contract Tower,11,30,52,47,140,0,3,30,1,34,11,33,82,48,174,30,154,184,358
04/07/2001,LRD,TX,ASW,CE,Federal Contract Tower,5,16,51,0,72,0,3,25,0,28,5,19,76,0,100,6,0,6,106
04/08/2001,LRD,TX,ASW,CE,Federal Contract Tower,2,18,11,14,45,0,0,28,0,28,2,18,39,14,73,4,6,10,83
04/09/2001,LRD,TX,ASW,CE,Federal Contract Tower,6,27,25,30,88,0,2,31,9,42,6,29,56,39,130,10,82,92,222
04/10/2001,LRD,TX,ASW,CE,Federal Contract Tower,9,35,23,40,107,0,4,38,12,54,9,39,61,52,161,10,94,104,265
04/11/2001,LRD,TX,ASW,CE,Federal Contract Tower,12,33,40,28,113,0,5,32,0,37,12,38,72,28,150,26,74,100,250
04/12/2001,LRD,TX,ASW,CE,Federal Contract Tower,8,29,53,4,94,0,2,32,2,36,8,31,85,6,130,22,0,22,152
04/13/2001,LRD,TX,ASW,CE,Federal Contract Tower,9,24,12,40,85,0,3,21,0,24,9,27,33,40,109,28,140,168,277
04/14/2001,LRD,TX,ASW,CE,Federal Contract Tower,2,14,21,0,37,0,2,21,0,23,2,16,42,0,60,4,0,4,64
04/15/2001,LRD,TX,ASW,CE,Federal Contract Tower,2,15,30,0,47,0,0,14,0,14,2,15,44,0,61,0,0,0,61
04/16/2001,LRD,TX,ASW,CE,Federal Contract Tower,8,25,40,8,81,0,6,28,4,38,8,31,68,12,119,22,52,74,193
04/17/2001,LRD,TX,ASW,CE,Federal Contract Tower,12,28,54,20,114,0,6,16,2,24,12,34,70,22,138,8,126,134,272
04/18/2001,LRD,TX,ASW,CE,Federal Contract Tower,10,35,41,20,106,0,6,29,6,41,10,41,70,26,147,106,26,132,279
04/19/2001,LRD,TX,ASW,CE,Federal Contract Tower,11,29,68,12,120,0,3,26,2,31,11,32,94,14,151,14,56,70,221
04/20/2001,LRD,TX,ASW,CE,Federal Contract Tower,10,36,40,10,96,0,2,40,1,43,10,38,80,11,139,14,46,60,199
04/21/2001,LRD,TX,ASW,CE,Federal Contract Tower,3,24,22,1,50,0,1,23,1,25,3,25,45,2,75,14,8,22,97
04/22/2001,LRD,TX,ASW,CE,Federal Contract Tower,2,13,27,2,44,0,0,16,1,17,2,13,43,3,61,0,0,0,61
04/23/2001,LRD,TX,ASW,CE,Federal Contract Tower,11,37,33,8,89,0,1,4,0,5,11,38,37,8,94,0,0,0,94
04/24/2001,LRD,TX,ASW,CE,Federal Contract Tower,7,36,45,14,102,0,2,21,2,25,7,38,66,16,127,36,32,68,195
04/25/2001,LRD,TX,ASW,CE,Federal Contract Tower,8,39,47,26,120,0,5,42,6,53,8,44,89,32,173,44,66,110,283
04/26/2001,LRD,TX,ASW,CE,Federal Contract Tower,8,40,50,23,121,0,0,49,19,68,8,40,99,42,189,50,96,146,335
04/27/2001,LRD,TX,ASW,CE,Federal Contract Tower,6,29,35,23,93,0,3,36,2,41,6,32,71,25,134,44,116,160,294
04/28/2001,LRD,TX,ASW,CE,Federal Contract Tower,3,16,11,0,30,0,2,21,0,23,3,18,32,0,53,10,0,10,63
04/29/2001,LRD,TX,ASW,CE,Federal Contract Tower,1,13,20,2,36,0,0,21,0,21,1,13,41,2,57,14,2,16,73
04/30/2001,LRD,TX,ASW,CE,Federal Contract Tower,7,21,17,14,59,0,3,32,11,46,7,24,49,25,105,44,0,44,149
05/01/2001,LRD,TX,ASW,CE,Federal Contract Tower,9,28,27,18,82,1,3,40,7,51,10,31,67,25,133,26,0,26,159
05/02/2001,LRD,TX,ASW,CE,Federal Contract Tower,9,34,37,15,95,1,5,38,1,45,10,39,75,16,140,0,8,8,148
05/03/2001,LRD,TX,ASW,CE,Federal Contract Tower,12,35,49,7,103,0,1,21,1,23,12,36,70,8,126,22,2,24,150
05/04/2001,LRD,TX,ASW,CE,Federal Contract Tower,10,36,46,37,129,0,0,0,22,22,10,36,46,59,151,32,112,144,295
05/05/2001,LRD,TX,ASW,CE,Federal Contract Tower,4,15,13,30,62,0,3,8,0,11,4,18,21,30,73,0,70,70,143
05/06/2001,LRD,TX,ASW,CE,Federal Contract Tower,4,12,20,21,57,0,1,8,0,9,4,13,28,21,66,0,18,18,84
05/07/2001,LRD,TX,ASW,CE,Federal Contract Tower,9,25,31,52,117,0,3,28,20,51,9,28,59,72,168,10,170,180,348
05/08/2001,LRD,TX,ASW,CE,Federal Contract Tower,12,32,33,48,125,0,5,32,15,52,12,37,65,63,177,46,220,266,443
05/09/2001,LRD,TX,ASW,CE,Federal Contract Tower,6,28,41,28,103,0,3,48,6,57,6,31,89,34,160,0,70,70,230
05/10/2001,LRD,TX,ASW,CE,Federal Contract Tower,12,32,53,39,136,0,6,39,2,47,12,38,92,41,183,18,170,188,371
05/11/2001,LRD,TX,ASW,CE,Federal Contract Tower,8,23,33,66,130,0,2,40,1,43,8,25,73,67,173,20,128,148,321
05/12/2001,LRD,TX,ASW,CE,Federal Contract Tower,3,15,7,0,25,0,2,25,0,27,3,17,32,0,52,18,0,18,70
05/13/2001,LRD,TX,ASW,CE,Federal Contract Tower,2,17,10,4,33,0,0,18,0,18,2,17,28,4,51,0,0,0,51
05/14/2001,LRD,TX,ASW,CE,Federal Contract Tower,10,36,18,50,114,0,1,48,10,59,10,37,66,60,173,46,124,170,343
05/15/2001,LRD,TX,ASW,CE,Federal Contract Tower,9,30,36,36,111,0,2,65,12,79,9,32,101,48,190,24,128,152,342
05/16/2001,LRD,TX,ASW,CE,Federal Contract Tower,18,38,33,22,111,0,6,37,4,47,18,44,70,26,158,0,22,22,180
05/17/2001,LRD,TX,ASW,CE,Federal Contract Tower,10,42,39,41,132,0,2,54,7,63,10,44,93,48,195,20,144,164,359
05/18/2001,LRD,TX,ASW,CE,Federal Contract Tower,10,26,33,2,71,0,3,40,0,43,10,29,73,2,114,0,0,0,114
05/19/2001,LRD,TX,ASW,CE,Federal Contract Tower,3,16,21,1,41,0,2,19,0,21,3,18,40,1,62,16,0,16,78
05/20/2001,LRD,TX,ASW,CE,Federal Contract Tower,1,15,32,29,77,0,0,15,1,16,1,15,47,30,93,0,18,18,111
05/21/2001,LRD,TX,ASW,CE,Federal Contract Tower,9,23,25,13,70,0,0,22,1,23,9,23,47,14,93,4,22,26,119
05/22/2001,LRD,TX,ASW,CE,Federal Contract Tower,9,28,46,20,103,0,7,27,10,44,9,35,73,30,147,0,6,6,153
05/23/2001,LRD,TX,ASW,CE,Federal Contract Tower,9,32,31,33,105,0,5,65,12,82,9,37,96,45,187,20,108,128,315
05/24/2001,LRD,TX,ASW,CE,Federal Contract Tower,9,35,38,31,113,0,0,42,8,50,9,35,80,39,163,2,78,80,243
05/25/2001,LRD,TX,ASW,CE,Federal Contract Tower,6,33,46,5,90,0,5,27,1,33,6,38,73,6,123,0,10,10,133
05/26/2001,LRD,TX,ASW,CE,Federal Contract Tower,4,17,14,0,35,0,2,20,0,22,4,19,34,0,57,0,0,0,57
05/27/2001,LRD,TX,ASW,CE,Federal Contract Tower,0,12,15,0,27,0,0,12,0,12,0,12,27,0,39,0,0,0,39
05/28/2001,LRD,TX,ASW,CE,Federal Contract Tower,3,16,31,0,50,0,1,29,0,30,3,17,60,0,80,0,0,0,80
05/29/2001,LRD,TX,ASW,CE,Federal Contract Tower,7,28,46,50,131,0,2,40,25,67,7,30,86,75,198,32,160,192,390
05/30/2001,LRD,TX,ASW,CE,Federal Contract Tower,11,39,56,44,150,0,0,8,2,10,11,39,64,46,160,78,256,334,494
05/31/2001,LRD,TX,ASW,CE,Federal Contract Tower,13,36,55,59,163,0,2,32,10,44,13,38,87,69,207,4,166,170,377
06/01/2001,LRD,TX,ASW,CE,Federal Contract Tower,14,31,27,55,127,0,2,39,9,50,14,33,66,64,177,34,94,128,305
06/02/2001,LRD,TX,ASW,CE,Federal Contract Tower,6,27,10,16,59,0,2,23,2,27,6,29,33,18,86,0,4,4,90
06/03/2001,LRD,TX,ASW,CE,Federal Contract Tower,1,14,15,10,40,0,0,31,0,31,1,14,46,10,71,26,10,36,107
06/04/2001,LRD,TX,ASW,CE,Federal Contract Tower,7,38,19,14,78,0,2,44,10,56,7,40,63,24,134,10,118,128,262
06/05/2001,LRD,TX,ASW,CE,Federal Contract Tower,8,48,32,37,125,0,3,41,22,66,8,51,73,59,191,48,130,178,369
06/06/2001,LRD,TX,ASW,CE,Federal Contract Tower,18,31,34,35,118,0,3,42,12,57,18,34,76,47,175,22,72,94,269
06/07/2001,LRD,TX,ASW,CE,Federal Contract Tower,16,32,44,29,121,0,1,26,3,30,16,33,70,32,151,6,80,86,237
06/08/2001,LRD,TX,ASW,CE,Federal Contract Tower,14,29,43,14,100,0,2,38,8,48,14,31,81,22,148,14,80,94,242
06/09/2001,LRD,TX,ASW,CE,Federal Contract Tower,3,10,23,7,43,0,1,15,0,16,3,11,38,7,59,6,6,12,71
06/10/2001,LRD,TX,ASW,CE,Federal Contract Tower,2,15,11,0,28,0,0,23,0,23,2,15,34,0,51,0,0,0,51
06/11/2001,LRD,TX,ASW,CE,Federal Contract Tower,8,23,22,30,83,0,3,36,6,45,8,26,58,36,128,0,102,102,230
06/12/2001,LRD,TX,ASW,CE,Federal Contract Tower,11,34,28,25,98,0,3,33,7,43,11,37,61,32,141,30,28,58,199
06/13/2001,LRD,TX,ASW,CE,Federal Contract Tower,15,38,25,41,119,0,2,44,8,54,15,40,69,49,173,44,120,164,337
06/14/2001,LRD,TX,ASW,CE,Federal Contract Tower,12,35,57,9,113,0,0,48,1,49,12,35,105,10,162,8,110,118,280
06/15/2001,LRD,TX,ASW,CE,Federal Contract Tower,13,35,50,18,116,0,4,25,1,30,13,39,75,19,146,18,64,82,228
06/16/2001,LRD,TX,ASW,CE,Federal Contract Tower,4,23,22,8,57,0,3,57,2,62,4,26,79,10,119,58,10,68,187
06/17/2001,LRD,TX,ASW,CE,Federal Contract Tower,1,15,24,8,48,0,0,38,5,43,1,15,62,13,91,38,4,42,133
06/18/2001,LRD,TX,ASW,CE,Federal Contract Tower,4,30,38,26,98,0,4,51,14,69,4,34,89,40,167,66,150,216,383
06/19/2001,LRD,TX,ASW,CE,Federal Contract Tower,8,38,43,31,120,0,1,46,18,65,8,39,89,49,185,24,62,86,271
06/20/2001,LRD,TX,ASW,CE,Federal Contract Tower,16,35,33,20,104,0,1,35,4,40,16,36,68,24,144,36,98,134,278
06/21/2001,LRD,TX,ASW,CE,Federal Contract Tower,14,32,40,38,124,0,1,58,10,69,14,33,98,48,193,36,88,124,317
06/22/2001,LRD,TX,ASW,CE,Federal Contract Tower,15,39,25,32,111,0,4,54,6,64,15,43,79,38,175,42,62,104,279
06/23/2001,LRD,TX,ASW,CE,Federal Contract Tower,7,16,14,7,44,0,2,33,0,35,7,18,47,7,79,30,0,30,109
06/24/2001,LRD,TX,ASW,CE,Federal Contract Tower,4,14,16,3,37,0,0,21,3,24,4,14,37,6,61,0,2,2,63
06/25/2001,LRD,TX,ASW,CE,Federal Contract Tower,9,32,26,38,105,0,3,30,9,42,9,35,56,47,147,28,86,114,261
06/26/2001,LRD,TX,ASW,CE,Federal Contract Tower,13,43,25,45,126,0,2,36,20,58,13,45,61,65,184,10,140,150,334
06/27/2001,LRD,TX,ASW,CE,Federal Contract Tower,15,32,38,17,102,0,4,41,1,46,15,36,79,18,148,2,68,70,218
06/28/2001,LRD,TX,ASW,CE,Federal Contract Tower,23,37,40,26,126,0,3,53,12,68,23,40,93,38,194,0,44,44,238
06/29/2001,LRD,TX,ASW,CE,Federal Contract Tower,11,36,21,30,98,0,2,48,6,56,11,38,69,36,154,0,148,148,302
06/30/2001,LRD,TX,ASW,CE,Federal Contract Tower,4,14,9,3,30,0,4,14,0,18,4,18,23,3,48,2,0,2,50
07/01/2001,LRD,TX,ASW,CE,Federal Contract Tower,2,12,19,8,41,0,1,34,2,37,2,13,53,10,78,34,0,34,112
07/02/2001,LRD,TX,ASW,CE,Federal Contract Tower,4,21,17,5,47,0,4,24,8,36,4,25,41,13,83,18,6,24,107
07/03/2001,LRD,TX,ASW,CE,Federal Contract Tower,6,28,15,9,58,0,1,22,1,24,6,29,37,10,82,36,50,86,168
07/04/2001,LRD,TX,ASW,CE,Federal Contract Tower,2,14,11,0,27,0,0,25,0,25,2,14,36,0,52,50,0,50,102
07/05/2001,LRD,TX,ASW,CE,Federal Contract Tower,8,22,30,3,63,0,7,39,4,50,8,29,69,7,113,34,0,34,147
07/06/2001,LRD,TX,ASW,CE,Federal Contract Tower,9,28,25,39,101,0,1,35,1,37,9,29,60,40,138,26,96,122,260
07/07/2001,LRD,TX,ASW,CE,Federal Contract Tower,3,16,15,0,34,0,2,29,0,31,3,18,44,0,65,30,0,30,95
07/08/2001,LRD,TX,ASW,CE,Federal Contract Tower,3,17,19,2,41,0,0,26,1,27,3,17,45,3,68,0,0,0,68
07/09/2001,LRD,TX,ASW,CE,Federal Contract Tower,8,21,18,28,75,0,4,34,10,48,8,25,52,38,123,30,144,174,297
07/10/2001,LRD,TX,ASW,CE,Federal Contract Tower,7,36,24,50,117,0,5,31,9,45,7,41,55,59,162,72,242,314,476
07/11/2001,LRD,TX,ASW,CE,Federal Contract Tower,13,42,24,27,106,0,0,56,9,65,13,42,80,36,171,24,14,38,209
07/12/2001,LRD,TX,ASW,CE,Federal Contract Tower,12,42,30,51,135,0,0,55,5,60,12,42,85,56,195,18,132,150,345
07/13/2001,LRD,TX,ASW,CE,Federal Contract Tower,12,33,17,25,87,0,0,38,4,42,12,33,55,29,129,16,148,164,293
07/14/2001,LRD,TX,ASW,CE,Federal Contract Tower,4,16,10,1,31,0,2,30,1,33,4,18,40,2,64,0,0,0,64
07/15/2001,LRD,TX,ASW,CE,Federal Contract Tower,1,14,20,0,35,0,0,25,0,25,1,14,45,0,60,0,0,0,60
07/16/2001,LRD,TX,ASW,CE,Federal Contract Tower,15,23,29,32,99,0,6,50,18,74,15,29,79,50,173,16,172,188,361
07/17/2001,LRD,TX,ASW,CE,Federal Contract Tower,7,34,46,24,111,0,3,37,8,48,7,37,83,32,159,46,160,206,365
07/18/2001,LRD,TX,ASW,CE,Federal Contract Tower,12,44,22,44,122,0,3,47,3,53,12,47,69,47,175,86,172,258,433
07/19/2001,LRD,TX,ASW,CE,Federal Contract Tower,7,31,27,40,105,0,0,54,2,56,7,31,81,42,161,62,116,178,339
07/20/2001,LRD,TX,ASW,CE,Federal Contract Tower,10,36,17,11,74,0,2,48,4,54,10,38,65,15,128,74,56,130,258
07/21/2001,LRD,TX,ASW,CE,Federal Contract Tower,3,15,16,0,34,0,1,30,0,31,3,16,46,0,65,0,0,0,65
07/22/2001,LRD,TX,ASW,CE,Federal Contract Tower,1,13,15,1,30,0,0,19,3,22,1,13,34,4,52,28,2,30,82
07/23/2001,LRD,TX,ASW,CE,Federal Contract Tower,4,33,21,27,85,0,6,29,10,45,4,39,50,37,130,38,106,144,274
07/24/2001,LRD,TX,ASW,CE,Federal Contract Tower,10,33,33,38,114,0,4,38,15,57,10,37,71,53,171,70,128,198,369
07/25/2001,LRD,TX,ASW,CE,Federal Contract Tower,12,33,40,36,121,0,3,39,21,63,12,36,79,57,184,32,154,186,370
07/26/2001,LRD,TX,ASW,CE,Federal Contract Tower,7,41,31,49,128,0,0,30,34,64,7,41,61,83,192,16,104,120,312
07/27/2001,LRD,TX,ASW,CE,Federal Contract Tower,12,44,23,35,114,0,1,35,5,41,12,45,58,40,155,52,216,268,423
07/28/2001,LRD,TX,ASW,CE,Federal Contract Tower,3,19,13,0,35,0,3,31,0,34,3,22,44,0,69,46,0,46,115
07/29/2001,LRD,TX,ASW,CE,Federal Contract Tower,4,18,14,3,39,1,0,20,4,25,5,18,34,7,64,32,40,72,136
07/30/2001,LRD,TX,ASW,CE,Federal Contract Tower,7,34,37,25,103,0,5,41,18,64,7,39,78,43,167,76,152,228,395
07/31/2001,LRD,TX,ASW,CE,Federal Contract Tower,9,40,28,48,125,0,3,38,6,47,9,43,66,54,172,84,138,222,394
08/01/2001,LRD,TX,ASW,CE,Federal Contract Tower,11,35,36,6,88,0,3,38,4,45,11,38,74,10,133,6,0,6,139
08/02/2001,LRD,TX,ASW,CE,Federal Contract Tower,9,41,28,16,94,0,4,28,10,42,9,45,56,26,136,0,136,136,272
08/03/2001,LRD,TX,ASW,CE,Federal Contract Tower,12,32,46,6,96,0,3,28,0,31,12,35,74,6,127,14,28,42,169
08/04/2001,LRD,TX,ASW,CE,Federal Contract Tower,3,16,20,0,39,0,0,25,0,25,3,16,45,0,64,0,0,0,64
08/05/2001,LRD,TX,ASW,CE,Federal Contract Tower,2,13,8,6,29,0,0,29,0,29,2,13,37,6,58,0,0,0,58
08/06/2001,LRD,TX,ASW,CE,Federal Contract Tower,11,29,21,43,104,0,2,32,7,41,11,31,53,50,145,14,240,254,399
08/07/2001,LRD,TX,ASW,CE,Federal Contract Tower,9,39,27,45,120,0,1,47,11,59,9,40,74,56,179,64,188,252,431
08/08/2001,LRD,TX,ASW,CE,Federal Contract Tower,13,38,33,41,125,0,2,42,10,54,13,40,75,51,179,58,152,210,389
08/09/2001,LRD,TX,ASW,CE,Federal Contract Tower,8,47,32,71,158,0,4,48,7,59,8,51,80,78,217,64,210,274,491
08/10/2001,LRD,TX,ASW,CE,Federal Contract Tower,9,31,29,13,82,0,3,44,3,50,9,34,73,16,132,22,142,164,296
08/11/2001,LRD,TX,ASW,CE,Federal Contract Tower,3,18,22,0,43,0,2,32,0,34,3,20,54,0,77,38,0,38,115
08/12/2001,LRD,TX,ASW,CE,Federal Contract Tower,3,13,17,1,34,0,0,26,0,26,3,13,43,1,60,12,0,12,72
08/13/2001,LRD,TX,ASW,CE,Federal Contract Tower,6,28,25,41,100,0,2,33,13,48,6,30,58,54,148,26,148,174,322
08/14/2001,LRD,TX,ASW,CE,Federal Contract Tower,7,36,29,46,118,0,3,60,15,78,7,39,89,61,196,54,204,258,454
08/15/2001,LRD,TX,ASW,CE,Federal Contract Tower,7,42,17,30,96,0,2,44,6,52,7,44,61,36,148,28,56,84,232
08/16/2001,LRD,TX,ASW,CE,Federal Contract Tower,12,40,35,52,139,0,0,47,16,63,12,40,82,68,202,24,150,174,376
08/17/2001,LRD,TX,ASW,CE,Federal Contract Tower,8,35,25,61,129,0,2,42,5,49,8,37,67,66,178,16,110,126,304
08/18/2001,LRD,TX,ASW,CE,Federal Contract Tower,3,17,11,0,31,0,3,13,0,16,3,20,24,0,47,0,0,0,47
08/19/2001,LRD,TX,ASW,CE,Federal Contract Tower,1,14,28,11,54,0,0,22,3,25,1,14,50,14,79,20,0,20,99
08/20/2001,LRD,TX,ASW,CE,Federal Contract Tower,6,33,36,30,105,0,2,31,14,47,6,35,67,44,152,38,96,134,286
08/21/2001,LRD,TX,ASW,CE,Federal Contract Tower,8,38,35,26,107,0,1,59,10,70,8,39,94,36,177,28,80,108,285
08/22/2001,LRD,TX,ASW,CE,Federal Contract Tower,17,36,25,28,106,0,0,52,14,66,17,36,77,42,172,70,132,202,374
08/23/2001,LRD,TX,ASW,CE,Federal Contract Tower,12,34,41,42,129,0,1,54,4,59,12,35,95,46,188,66,114,180,368
08/24/2001,LRD,TX,ASW,CE,Federal Contract Tower,8,35,19,9,71,0,6,51,1,58,8,41,70,10,129,4,44,48,177
08/25/2001,LRD,TX,ASW,CE,Federal Contract Tower,7,17,13,0,37,0,1,39,0,40,7,18,52,0,77,14,0,14,91
08/26/2001,LRD,TX,ASW,CE,Federal Contract Tower,1,13,21,6,41,0,0,30,0,30,1,13,51,6,71,12,0,12,83
08/27/2001,LRD,TX,ASW,CE,Federal Contract Tower,6,29,27,59,121,0,3,24,12,39,6,32,51,71,160,32,156,188,348
08/28/2001,LRD,TX,ASW,CE,Federal Contract Tower,9,28,55,60,152,0,1,20,5,26,9,29,75,65,178,6,38,44,222
08/29/2001,LRD,TX,ASW,CE,Federal Contract Tower,17,37,42,17,113,0,0,22,3,25,17,37,64,20,138,42,20,62,200
08/30/2001,LRD,TX,ASW,CE,Federal Contract Tower,14,46,56,19,135,0,4,33,2,39,14,50,89,21,174,60,44,104,278
08/31/2001,LRD,TX,ASW,CE,Federal Contract Tower,13,44,37,8,102,0,2,25,6,33,13,46,62,14,135,58,50,108,243
09/01/2001,LRD,TX,ASW,CE,Federal Contract Tower,2,14,19,0,35,1,0,26,0,27,3,14,45,0,62,34,0,34,96
09/02/2001,LRD,TX,ASW,CE,Federal Contract Tower,1,8,9,4,22,2,0,18,0,20,3,8,27,4,42,0,0,0,42
09/03/2001,LRD,TX,ASW,CE,Federal Contract Tower,0,16,20,0,36,1,0,28,0,29,1,16,48,0,65,32,0,32,97
09/04/2001,LRD,TX,ASW,CE,Federal Contract Tower,10,31,28,15,84,0,3,53,4,60,10,34,81,19,144,26,4,30,174
09/05/2001,LRD,TX,ASW,CE,Federal Contract Tower,10,32,34,57,133,0,1,65,6,72,10,33,99,63,205,26,178,204,409
09/06/2001,LRD,TX,ASW,CE,Federal Contract Tower,6,40,57,15,118,0,3,55,12,70,6,43,112,27,188,30,18,48,236
09/07/2001,LRD,TX,ASW,CE,Federal Contract Tower,11,38,26,48,123,0,1,50,7,58,11,39,76,55,181,90,164,254,435
09/08/2001,LRD,TX,ASW,CE,Federal Contract Tower,4,18,8,10,40,0,0,25,4,29,4,18,33,14,69,0,14,14,83
09/09/2001,LRD,TX,ASW,CE,Federal Contract Tower,1,14,12,6,33,0,0,20,0,20,1,14,32,6,53,20,10,30,83
09/10/2001,LRD,TX,ASW,CE,Federal Contract Tower,10,33,39,8,90,0,1,9,4,14,10,34,48,12,104,2,0,2,106
09/11/2001,LRD,TX,ASW,CE,Federal Contract Tower,3,5,3,0,11,0,0,2,0,2,3,5,5,0,13,0,0,0,13
09/12/2001,LRD,TX,ASW,CE,Federal Contract Tower,2,0,3,0,5,0,0,0,0,0,2,0,3,0,5,0,0,0,5
09/13/2001,LRD,TX,ASW,CE,Federal Contract Tower,3,7,3,2,15,0,0,24,4,28,3,7,27,6,43,10,0,10,53
09/14/2001,LRD,TX,ASW,CE,Federal Contract Tower,10,50,10,26,96,0,1,9,0,10,10,51,19,26,106,0,172,172,278
09/15/2001,LRD,TX,ASW,CE,Federal Contract Tower,5,15,21,0,41,0,0,3,0,3,5,15,24,0,44,0,0,0,44
09/16/2001,LRD,TX,ASW,CE,Federal Contract Tower,1,14,16,0,31,0,0,5,0,5,1,14,21,0,36,0,0,0,36
09/17/2001,LRD,TX,ASW,CE,Federal Contract Tower,5,27,27,50,109,0,0,5,8,13,5,27,32,58,122,2,188,190,312
09/18/2001,LRD,TX,ASW,CE,Federal Contract Tower,7,30,30,27,94,0,0,8,19,27,7,30,38,46,121,2,132,134,255
09/19/2001,LRD,TX,ASW,CE,Federal Contract Tower,10,39,37,52,138,0,0,2,8,10,10,39,39,60,148,2,150,152,300
09/20/2001,LRD,TX,ASW,CE,Federal Contract Tower,12,40,29,30,111,0,0,12,0,12,12,40,41,30,123,10,120,130,253
09/21/2001,LRD,TX,ASW,CE,Federal Contract Tower,8,43,21,28,100,0,4,10,0,14,8,47,31,28,114,0,178,178,292
09/22/2001,LRD,TX,ASW,CE,Federal Contract Tower,2,22,12,12,48,0,1,11,0,12,2,23,23,12,60,10,0,10,70
09/23/2001,LRD,TX,ASW,CE,Federal Contract Tower,1,10,20,0,31,0,0,10,0,10,1,10,30,0,41,4,0,4,45
09/24/2001,LRD,TX,ASW,CE,Federal Contract Tower,4,31,26,17,78,0,2,13,15,30,4,33,39,32,108,2,58,60,168
09/25/2001,LRD,TX,ASW,CE,Federal Contract Tower,7,29,27,37,100,0,4,26,18,48,7,33,53,55,148,40,272,312,460
09/26/2001,LRD,TX,ASW,CE,Federal Contract Tower,14,38,30,40,122,0,4,41,18,63,14,42,71,58,185,10,260,270,455
09/27/2001,LRD,TX,ASW,CE,Federal Contract Tower,6,37,33,25,101,0,2,22,30,54,6,39,55,55,155,32,178,210,365
09/28/2001,LRD,TX,ASW,CE,Federal Contract Tower,10,32,28,12,82,0,5,32,1,38,10,37,60,13,120,8,62,70,190
09/29/2001,LRD,TX,ASW,CE,Federal Contract Tower,3,17,10,0,30,0,2,26,0,28,3,19,36,0,58,0,0,0,58
09/30/2001,LRD,TX,ASW,CE,Federal Contract Tower,1,13,16,0,30,0,0,18,0,18,1,13,34,0,48,20,0,20,68
10/01/2001,LRD,TX,ASW,CE,Federal Contract Tower,7,30,12,20,69,0,4,28,9,41,7,34,40,29,110,4,74,78,188
10/02/2001,LRD,TX,ASW,CE,Federal Contract Tower,12,33,35,33,113,0,2,27,6,35,12,35,62,39,148,36,128,164,312
10/03/2001,LRD,TX,ASW,CE,Federal Contract Tower,10,36,31,34,111,0,3,41,2,46,10,39,72,36,157,38,66,104,261
10/04/2001,LRD,TX,ASW,CE,Federal Contract Tower,8,38,38,31,115,0,1,34,9,44,8,39,72,40,159,18,78,96,255
10/05/2001,LRD,TX,ASW,CE,Federal Contract Tower,9,30,35,44,118,0,1,30,0,31,9,31,65,44,149,42,184,226,375
10/06/2001,LRD,TX,ASW,CE,Federal Contract Tower,3,22,20,0,45,0,0,20,0,20,3,22,40,0,65,12,0,12,77
10/07/2001,LRD,TX,ASW,CE,Federal Contract Tower,1,10,23,0,34,0,0,15,0,15,1,10,38,0,49,4,0,4,53
10/08/2001,LRD,TX,ASW,CE,Federal Contract Tower,9,29,26,4,68,0,1,16,0,17,9,30,42,4,85,56,0,56,141
10/09/2001,LRD,TX,ASW,CE,Federal Contract Tower,13,26,51,35,125,0,0,22,3,25,13,26,73,38,150,42,44,86,236
10/10/2001,LRD,TX,ASW,CE,Federal Contract Tower,9,31,25,62,127,0,4,27,7,38,9,35,52,69,165,28,304,332,497
10/11/2001,LRD,TX,ASW,CE,Federal Contract Tower,10,34,40,20,104,0,2,23,4,29,10,36,63,24,133,22,48,70,203
10/12/2001,LRD,TX,ASW,CE,Federal Contract Tower,9,29,30,6,74,0,1,32,0,33,9,30,62,6,107,24,28,52,159
10/13/2001,LRD,TX,ASW,CE,Federal Contract Tower,5,13,16,0,34,0,0,24,0,24,5,13,40,0,58,26,0,26,84
10/14/2001,LRD,TX,ASW,CE,Federal Contract Tower,1,13,14,1,29,0,0,27,0,27,1,13,41,1,56,22,0,22,78
10/15/2001,LRD,TX,ASW,CE,Federal Contract Tower,6,24,43,12,85,0,4,39,8,51,6,28,82,20,136,18,58,76,212
10/16/2001,LRD,TX,ASW,CE,Federal Contract Tower,10,34,32,10,86,0,5,21,7,33,10,39,53,17,119,0,78,78,197
10/17/2001,LRD,TX,ASW,CE,Federal Contract Tower,10,32,30,16,88,0,2,49,8,59,10,34,79,24,147,30,38,68,215
10/18/2001,LRD,TX,ASW,CE,Federal Contract Tower,9,30,42,4,85,0,5,49,2,56,9,35,91,6,141,26,16,42,183
10/19/2001,LRD,TX,ASW,CE,Federal Contract Tower,8,27,30,0,65,0,3,33,0,36,8,30,63,0,101,6,0,6,107
10/20/2001,LRD,TX,ASW,CE,Federal Contract Tower,3,17,10,0,30,0,0,30,0,30,3,17,40,0,60,48,0,48,108
10/21/2001,LRD,TX,ASW,CE,Federal Contract Tower,3,12,15,0,30,0,0,19,0,19,3,12,34,0,49,10,0,10,59
10/22/2001,LRD,TX,ASW,CE,Federal Contract Tower,7,23,38,14,82,0,5,34,14,53,7,28,72,28,135,12,40,52,187
10/23/2001,LRD,TX,ASW,CE,Federal Contract Tower,8,30,39,3,80,0,5,36,13,54,8,35,75,16,134,26,14,40,174
10/24/2001,LRD,TX,ASW,CE,Federal Contract Tower,21,27,40,9,97,0,3,37,8,48,21,30,77,17,145,10,26,36,181
10/25/2001,LRD,TX,ASW,CE,Federal Contract Tower,7,30,46,14,97,0,5,30,4,39,7,35,76,18,136,38,54,92,228
10/26/2001,LRD,TX,ASW,CE,Federal Contract Tower,10,31,21,0,62,0,3,39,0,42,10,34,60,0,104,8,0,8,112
10/27/2001,LRD,TX,ASW,CE,Federal Contract Tower,3,12,15,0,30,0,2,29,0,31,3,14,44,0,61,26,0,26,87
10/28/2001,LRD,TX,ASW,CE,Federal Contract Tower,1,12,33,0,46,0,8,18,0,26,1,20,51,0,72,6,0,6,78
10/29/2001,LRD,TX,ASW,CE,Federal Contract Tower,6,30,38,0,74,0,3,27,6,36,6,33,65,6,110,24,0,24,134
10/30/2001,LRD,TX,ASW,CE,Federal Contract Tower,8,26,42,2,78,0,4,41,4,49,8,30,83,6,127,76,10,86,213
10/31/2001,LRD,TX,ASW,CE,Federal Contract Tower,13,25,41,8,87,0,2,39,0,41,13,27,80,8,128,140,26,166,294
11/01/2001,LRD,TX,ASW,CE,Federal Contract Tower,9,32,37,7,85,0,6,53,6,65,9,38,90,13,150,92,40,132,282
11/02/2001,LRD,TX,ASW,CE,Federal Contract Tower,9,29,38,8,84,0,2,27,4,33,9,31,65,12,117,22,22,44,161
11/03/2001,LRD,TX,ASW,CE,Federal Contract Tower,2,13,20,0,35,0,0,24,0,24,2,13,44,0,59,20,0,20,79
11/04/2001,LRD,TX,ASW,CE,Federal Contract Tower,5,18,19,0,42,0,0,36,0,36,5,18,55,0,78,74,0,74,152
11/05/2001,LRD,TX,ASW,CE,Federal Contract Tower,5,30,35,4,74,0,4,43,4,51,5,34,78,8,125,10,14,24,149
11/06/2001,LRD,TX,ASW,CE,Federal Contract Tower,8,29,37,8,82,0,4,42,11,57,8,33,79,19,139,24,22,46,185
11/07/2001,LRD,TX,ASW,CE,Federal Contract Tower,16,49,35,10,110,0,3,42,7,52,16,52,77,17,162,42,26,68,230
11/08/2001,LRD,TX,ASW,CE,Federal Contract Tower,11,34,43,18,106,0,1,44,16,61,11,35,87,34,167,16,58,74,241
11/09/2001,LRD,TX,ASW,CE,Federal Contract Tower,9,41,28,3,81,0,2,12,2,16,9,43,40,5,97,24,0,24,121
11/10/2001,LRD,TX,ASW,CE,Federal Contract Tower,2,16,18,0,36,0,4,22,0,26,2,20,40,0,62,0,0,0,62
11/11/2001,LRD,TX,ASW,CE,Federal Contract Tower,1,15,11,0,27,0,0,16,0,16,1,15,27,0,43,0,0,0,43
11/12/2001,LRD,TX,ASW,CE,Federal Contract Tower,8,30,21,0,59,0,1,30,0,31,8,31,51,0,90,22,0,22,112
11/13/2001,LRD,TX,ASW,CE,Federal Contract Tower,14,29,45,5,93,0,3,50,9,62,14,32,95,14,155,42,0,42,197
11/14/2001,LRD,TX,ASW,CE,Federal Contract Tower,8,33,46,16,103,0,1,32,2,35,8,34,78,18,138,34,54,88,226
11/15/2001,LRD,TX,ASW,CE,Federal Contract Tower,15,39,40,12,106,0,0,26,2,28,15,39,66,14,134,52,46,98,232
11/16/2001,LRD,TX,ASW,CE,Federal Contract Tower,8,31,37,0,76,0,1,7,0,8,8,32,44,0,84,22,0,22,106
11/17/2001,LRD,TX,ASW,CE,Federal Contract Tower,3,16,28,0,47,0,0,15,0,15,3,16,43,0,62,36,0,36,98
11/18/2001,LRD,TX,ASW,CE,Federal Contract Tower,0,21,29,0,50,0,0,31,0,31,0,21,60,0,81,14,0,14,95
11/19/2001,LRD,TX,ASW,CE,Federal Contract Tower,7,32,31,16,86,0,0,22,7,29,7,32,53,23,115,26,46,72,187
11/20/2001,LRD,TX,ASW,CE,Federal Contract Tower,10,34,40,5,89,0,3,29,1,33,10,37,69,6,122,26,8,34,156
11/21/2001,LRD,TX,ASW,CE,Federal Contract Tower,8,34,38,0,80,0,2,28,0,30,8,36,66,0,110,72,0,72,182
11/22/2001,LRD,TX,ASW,CE,Federal Contract Tower,4,15,8,0,27,0,1,25,0,26,4,16,33,0,53,6,0,6,59
11/23/2001,LRD,TX,ASW,CE,Federal Contract Tower,0,18,25,0,43,0,3,26,0,29,0,21,51,0,72,4,0,4,76
11/24/2001,LRD,TX,ASW,CE,Federal Contract Tower,0,14,14,0,28,0,0,26,0,26,0,14,40,0,54,10,0,10,64
11/25/2001,LRD,TX,ASW,CE,Federal Contract Tower,1,14,26,0,41,0,0,34,0,34,1,14,60,0,75,8,0,8,83
11/26/2001,LRD,TX,ASW,CE,Federal Contract Tower,4,25,22,10,61,0,3,18,12,33,4,28,40,22,94,0,0,0,94
11/27/2001,LRD,TX,ASW,CE,Federal Contract Tower,8,43,42,30,123,0,0,12,2,14,8,43,54,32,137,0,32,32,169
11/28/2001,LRD,TX,ASW,CE,Federal Contract Tower,9,34,30,12,85,0,0,14,0,14,9,34,44,12,99,0,6,6,105
11/29/2001,LRD,TX,ASW,CE,Federal Contract Tower,7,34,51,6,98,0,9,41,11,61,7,43,92,17,159,6,22,28,187
11/30/2001,LRD,TX,ASW,CE,Federal Contract Tower,6,30,41,21,98,0,5,33,1,39,6,35,74,22,137,16,74,90,227
12/01/2001,LRD,TX,ASW,CE,Federal Contract Tower,11,15,30,0,56,0,4,0,0,4,11,19,30,0,60,4,0,4,64
12/02/2001,LRD,TX,ASW,CE,Federal Contract Tower,1,16,34,0,51,0,0,0,0,0,1,16,34,0,51,0,0,0,51
12/03/2001,LRD,TX,ASW,CE,Federal Contract Tower,5,31,59,4,99,0,1,8,0,9,5,32,67,4,108,0,0,0,108
12/04/2001,LRD,TX,ASW,CE,Federal Contract Tower,7,34,54,7,102,0,3,26,3,32,7,37,80,10,134,8,10,18,152
12/05/2001,LRD,TX,ASW,CE,Federal Contract Tower,11,41,48,21,121,0,3,39,5,47,11,44,87,26,168,72,46,118,286
12/06/2001,LRD,TX,ASW,CE,Federal Contract Tower,8,47,37,27,119,0,3,29,3,35,8,50,66,30,154,2,78,80,234
12/07/2001,LRD,TX,ASW,CE,Federal Contract Tower,10,36,40,21,107,0,2,31,1,34,10,38,71,22,141,4,0,4,145
12/08/2001,LRD,TX,ASW,CE,Federal Contract Tower,4,15,17,0,36,0,0,4,0,4,4,15,21,0,40,0,0,0,40
12/09/2001,LRD,TX,ASW,CE,Federal Contract Tower,0,14,24,2,40,0,0,37,0,37,0,14,61,2,77,36,26,62,139
12/10/2001,LRD,TX,ASW,CE,Federal Contract Tower,2,34,25,25,86,0,4,56,3,63,2,38,81,28,149,40,106,146,295
12/11/2001,LRD,TX,ASW,CE,Federal Contract Tower,8,41,38,24,111,0,1,15,2,18,8,42,53,26,129,0,128,128,257
12/12/2001,LRD,TX,ASW,CE,Federal Contract Tower,9,47,54,34,144,0,3,16,5,24,9,50,70,39,168,16,116,132,300
12/13/2001,LRD,TX,ASW,CE,Federal Contract Tower,8,33,42,41,124,0,5,37,7,49,8,38,79,48,173,0,122,122,295
12/14/2001,LRD,TX,ASW,CE,Federal Contract Tower,6,30,49,32,117,0,6,39,5,50,6,36,88,37,167,0,108,108,275
12/15/2001,LRD,TX,ASW,CE,Federal Contract Tower,3,22,21,0,46,0,0,12,0,12,3,22,33,0,58,24,0,24,82
12/16/2001,LRD,TX,ASW,CE,Federal Contract Tower,0,19,26,16,61,0,0,18,1,19,0,19,44,17,80,32,18,50,130
12/17/2001,LRD,TX,ASW,CE,Federal Contract Tower,3,26,41,26,96,0,4,38,15,57,3,30,79,41,153,26,62,88,241
12/18/2001,LRD,TX,ASW,CE,Federal Contract Tower,8,29,38,20,95,0,4,41,14,59,8,33,79,34,154,8,44,52,206
12/19/2001,LRD,TX,ASW,CE,Federal Contract Tower,13,47,54,14,128,0,4,42,8,54,13,51,96,22,182,28,82,110,292
12/20/2001,LRD,TX,ASW,CE,Federal Contract Tower,10,43,52,13,118,0,3,47,9,59,10,46,99,22,177,44,54,98,275
12/21/2001,LRD,TX,ASW,CE,Federal Contract Tower,3,36,43,25,107,0,5,43,6,54,3,41,86,31,161,14,116,130,291
12/22/2001,LRD,TX,ASW,CE,Federal Contract Tower,2,18,22,0,42,0,0,22,0,22,2,18,44,0,64,4,0,4,68
12/23/2001,LRD,TX,ASW,CE,Federal Contract Tower,0,16,21,0,37,0,0,15,0,15,0,16,36,0,52,0,0,0,52
12/24/2001,LRD,TX,ASW,CE,Federal Contract Tower,0,12,5,0,17,0,4,11,0,15,0,16,16,0,32,0,0,0,32
12/25/2001,LRD,TX,ASW,CE,Federal Contract Tower,0,15,9,0,24,0,0,10,0,10,0,15,19,0,34,0,0,0,34
12/26/2001,LRD,TX,ASW,CE,Federal Contract Tower,3,35,33,0,71,0,5,31,0,36,3,40,64,0,107,10,0,10,117
12/27/2001,LRD,TX,ASW,CE,Federal Contract Tower,8,29,34,2,73,0,3,23,0,26,8,32,57,2,99,0,0,0,99
12/28/2001,LRD,TX,ASW,CE,Federal Contract Tower,7,30,20,12,69,0,5,31,1,37,7,35,51,13,106,8,16,24,130
12/29/2001,LRD,TX,ASW,CE,Federal Contract Tower,1,16,16,0,33,0,1,31,0,32,1,17,47,0,65,4,0,4,69
12/30/2001,LRD,TX,ASW,CE,Federal Contract Tower,0,17,23,0,40,0,0,17,0,17,0,17,40,0,57,18,0,18,75
12/31/2001,LRD,TX,ASW,CE,Federal Contract Tower,0,17,19,0,36,0,2,24,0,26,0,19,43,0,62,16,0,16,78
01/01/2002,LRD,TX,ASW,CE,Federal Contract Tower,0,13,27,0,40,0,1,9,0,10,0,14,36,0,50,0,0,0,50
01/02/2002,LRD,TX,ASW,CE,Federal Contract Tower,2,35,43,0,80,1,4,20,0,25,3,39,63,0,105,26,0,26,131
01/03/2002,LRD,TX,ASW,CE,Federal Contract Tower,6,33,35,13,87,1,4,34,4,43,7,37,69,17,130,18,86,104,234
01/04/2002,LRD,TX,ASW,CE,Federal Contract Tower,7,31,48,14,100,1,2,29,4,36,8,33,77,18,136,12,150,162,298
01/05/2002,LRD,TX,ASW,CE,Federal Contract Tower,5,17,22,0,44,0,1,15,0,16,5,18,37,0,60,6,0,6,66
01/06/2002,LRD,TX,ASW,CE,Federal Contract Tower,0,17,44,0,61,0,1,40,0,41,0,18,84,0,102,26,0,26,128
01/07/2002,LRD,TX,ASW,CE,Federal Contract Tower,3,24,26,35,88,0,4,37,5,46,3,28,63,40,134,24,148,172,306
01/08/2002,LRD,TX,ASW,CE,Federal Contract Tower,9,39,33,46,127,0,5,44,7,56,9,44,77,53,183,0,128,128,311
01/09/2002,LRD,TX,ASW,CE,Federal Contract Tower,9,30,32,17,88,0,4,36,1,41,9,34,68,18,129,20,136,156,285
01/10/2002,LRD,TX,ASW,CE,Federal Contract Tower,10,31,41,50,132,0,3,41,4,48,10,34,82,54,180,54,62,116,296
01/11/2002,LRD,TX,ASW,CE,Federal Contract Tower,7,41,49,7,104,0,4,35,1,40,7,45,84,8,144,2,48,50,194
01/12/2002,LRD,TX,ASW,CE,Federal Contract Tower,1,20,25,0,46,0,1,44,0,45,1,21,69,0,91,72,0,72,163
01/13/2002,LRD,TX,ASW,CE,Federal Contract Tower,0,21,28,6,55,0,0,55,0,55,0,21,83,6,110,72,12,84,194
01/14/2002,LRD,TX,ASW,CE,Federal Contract Tower,5,39,38,45,127,0,4,36,2,42,5,43,74,47,169,12,136,148,317
01/15/2002,LRD,TX,ASW,CE,Federal Contract Tower,7,36,37,34,114,0,2,57,2,61,7,38,94,36,175,48,138,186,361
01/16/2002,LRD,TX,ASW,CE,Federal Contract Tower,11,38,50,30,129,0,3,30,2,35,11,41,80,32,164,16,30,46,210
01/17/2002,LRD,TX,ASW,CE,Federal Contract Tower,13,38,50,54,155,0,4,51,2,57,13,42,101,56,212,28,34,62,274
01/18/2002,LRD,TX,ASW,CE,Federal Contract Tower,5,46,53,13,117,0,2,22,1,25,5,48,75,14,142,16,16,32,174
01/19/2002,LRD,TX,ASW,CE,Federal Contract Tower,4,15,23,0,42,0,2,24,0,26,4,17,47,0,68,2,0,2,70
01/20/2002,LRD,TX,ASW,CE,Federal Contract Tower,0,12,30,0,42,0,0,27,0,27,0,12,57,0,69,36,0,36,105
01/21/2002,LRD,TX,ASW,CE,Federal Contract Tower,5,33,40,0,78,0,2,15,0,17,5,35,55,0,95,0,0,0,95
01/22/2002,LRD,TX,ASW,CE,Federal Contract Tower,9,30,38,28,105,0,1,43,4,48,9,31,81,32,153,30,26,56,209
01/23/2002,LRD,TX,ASW,CE,Federal Contract Tower,12,37,49,21,119,0,4,36,5,45,12,41,85,26,164,10,42,52,216
01/24/2002,LRD,TX,ASW,CE,Federal Contract Tower,12,35,55,48,150,0,2,17,0,19,12,37,72,48,169,0,40,40,209
01/25/2002,LRD,TX,ASW,CE,Federal Contract Tower,8,34,33,19,94,0,5,50,2,57,8,39,83,21,151,0,134,134,285
01/26/2002,LRD,TX,ASW,CE,Federal Contract Tower,3,17,19,0,39,0,1,43,0,44,3,18,62,0,83,54,0,54,137
01/27/2002,LRD,TX,ASW,CE,Federal Contract Tower,0,14,23,9,46,0,0,42,0,42,0,14,65,9,88,54,12,66,154
01/28/2002,LRD,TX,ASW,CE,Federal Contract Tower,7,23,34,40,104,0,1,24,1,26,7,24,58,41,130,0,68,68,198
01/29/2002,LRD,TX,ASW,CE,Federal Contract Tower,11,37,39,24,111,0,2,35,2,39,11,39,74,26,150,0,168,168,318
01/30/2002,LRD,TX,ASW,CE,Federal Contract Tower,9,45,43,105,202,0,3,11,28,42,9,48,54,133,244,38,210,248,492
01/31/2002,LRD,TX,ASW,CE,Federal Contract Tower,7,40,40,24,111,0,2,36,7,45,7,42,76,31,156,50,54,104,260
02/01/2002,LRD,TX,ASW,CE,Federal Contract Tower,6,35,45,0,86,0,5,30,0,35,6,40,75,0,121,12,0,12,133
02/02/2002,LRD,TX,ASW,CE,Federal Contract Tower,2,12,22,0,36,0,0,38,0,38,2,12,60,0,74,38,0,38,112
02/03/2002,LRD,TX,ASW,CE,Federal Contract Tower,0,14,27,0,41,0,0,36,0,36,0,14,63,0,77,70,0,70,147
02/04/2002,LRD,TX,ASW,CE,Federal Contract Tower,6,26,53,25,110,0,2,36,3,41,6,28,89,28,151,24,92,116,267
02/05/2002,LRD,TX,ASW,CE,Federal Contract Tower,6,31,51,44,132,0,2,3,0,5,6,33,54,44,137,0,2,2,139
02/06/2002,LRD,TX,ASW,CE,Federal Contract Tower,13,30,38,16,97,0,5,30,10,45,13,35,68,26,142,16,0,16,158
02/07/2002,LRD,TX,ASW,CE,Federal Contract Tower,8,32,52,20,112,0,5,52,22,79,8,37,104,42,191,22,34,56,247
02/08/2002,LRD,TX,ASW,CE,Federal Contract Tower,7,36,38,24,105,0,2,48,2,52,7,38,86,26,157,68,118,186,343
02/09/2002,LRD,TX,ASW,CE,Federal Contract Tower,4,19,20,0,43,0,0,47,0,47,4,19,67,0,90,42,0,42,132
02/10/2002,LRD,TX,ASW,CE,Federal Contract Tower,0,16,32,5,53,0,0,12,1,13,0,16,44,6,66,0,2,2,68
02/11/2002,LRD,TX,ASW,CE,Federal Contract Tower,5,30,35,12,82,0,2,26,5,33,5,32,61,17,115,2,68,70,185
02/12/2002,LRD,TX,ASW,CE,Federal Contract Tower,13,36,41,68,158,0,3,33,7,43,13,39,74,75,201,10,218,228,429
02/13/2002,LRD,TX,ASW,CE,Federal Contract Tower,11,41,19,6,77,0,2,42,22,66,11,43,61,28,143,38,0,38,181
02/14/2002,LRD,TX,ASW,CE,Federal Contract Tower,6,37,38,37,118,0,2,47,11,60,6,39,85,48,178,4,162,166,344
02/15/2002,LRD,TX,ASW,CE,Federal Contract Tower,9,30,25,35,99,0,3,34,5,42,9,33,59,40,141,14,170,184,325
02/16/2002,LRD,TX,ASW,CE,Federal Contract Tower,1,14,15,8,38,0,0,23,2,25,1,14,38,10,63,6,4,10,73
02/17/2002,LRD,TX,ASW,CE,Federal Contract Tower,0,16,25,0,41,0,0,23,0,23,0,16,48,0,64,0,0,0,64
02/18/2002,LRD,TX,ASW,CE,Federal Contract Tower,3,36,32,0,71,0,1,17,0,18,3,37,49,0,89,0,0,0,89
02/19/2002,LRD,TX,ASW,CE,Federal Contract Tower,8,44,51,60,163,0,4,37,2,43,8,48,88,62,206,2,74,76,282
02/20/2002,LRD,TX,ASW,CE,Federal Contract Tower,10,32,30,67,139,0,5,54,4,63,10,37,84,71,202,4,104,108,310
02/21/2002,LRD,TX,ASW,CE,Federal Contract Tower,8,40,34,20,102,0,2,66,5,73,8,42,100,25,175,90,16,106,281
02/22/2002,LRD,TX,ASW,CE,Federal Contract Tower,6,35,48,12,101,0,3,61,4,68,6,38,109,16,169,48,146,194,363
02/23/2002,LRD,TX,ASW,CE,Federal Contract Tower,1,15,15,7,38,0,1,64,4,69,1,16,79,11,107,64,0,64,171
02/24/2002,LRD,TX,ASW,CE,Federal Contract Tower,0,13,20,1,34,0,0,89,2,91,0,13,109,3,125,276,0,276,401
02/25/2002,LRD,TX,ASW,CE,Federal Contract Tower,12,32,23,21,88,0,0,50,12,62,12,32,73,33,150,30,78,108,258
02/26/2002,LRD,TX,ASW,CE,Federal Contract Tower,9,46,49,30,134,0,1,29,5,35,9,47,78,35,169,80,86,166,335
02/27/2002,LRD,TX,ASW,CE,Federal Contract Tower,9,40,49,26,124,0,3,55,0,58,9,43,104,26,182,78,68,146,328
02/28/2002,LRD,TX,ASW,CE,Federal Contract Tower,6,41,53,40,140,0,1,14,0,15,6,42,67,40,155,16,0,16,171
03/01/2002,LRD,TX,ASW,CE,Federal Contract Tower,7,35,54,39,135,0,3,14,2,19,7,38,68,41,154,16,44,60,214
03/02/2002,LRD,TX,ASW,CE,Federal Contract Tower,4,16,20,25,65,0,0,34,1,35,4,16,54,26,100,14,38,52,152
03/03/2002,LRD,TX,ASW,CE,Federal Contract Tower,0,20,22,0,42,0,0,42,0,42,0,20,64,0,84,132,0,132,216
03/04/2002,LRD,TX,ASW,CE,Federal Contract Tower,6,30,43,37,116,0,3,39,14,56,6,33,82,51,172,74,166,240,412
03/05/2002,LRD,TX,ASW,CE,Federal Contract Tower,13,44,44,7,108,0,0,30,1,31,13,44,74,8,139,42,32,74,213
03/06/2002,LRD,TX,ASW,CE,Federal Contract Tower,13,44,38,34,129,0,4,34,0,38,13,48,72,34,167,58,74,132,299
03/07/2002,LRD,TX,ASW,CE,Federal Contract Tower,8,58,60,40,166,2,2,53,10,67,10,60,113,50,233,40,20,60,293
03/08/2002,LRD,TX,ASW,CE,Federal Contract Tower,9,48,36,23,116,0,2,40,2,44,9,50,76,25,160,10,122,132,292
03/09/2002,LRD,TX,ASW,CE,Federal Contract Tower,5,21,25,0,51,0,0,21,0,21,5,21,46,0,72,12,0,12,84
03/10/2002,LRD,TX,ASW,CE,Federal Contract Tower,5,17,49,2,73,0,0,38,6,44,5,17,87,8,117,88,0,88,205
03/11/2002,LRD,TX,ASW,CE,Federal Contract Tower,9,35,35,23,102,0,2,20,16,38,9,37,55,39,140,30,54,84,224
03/12/2002,LRD,TX,ASW,CE,Federal Contract Tower,8,44,35,26,113,0,3,56,3,62,8,47,91,29,175,74,164,238,413
03/13/2002,LRD,TX,ASW,CE,Federal Contract Tower,12,43,23,44,122,0,4,49,0,53,12,47,72,44,175,20,52,72,247
03/14/2002,LRD,TX,ASW,CE,Federal Contract Tower,12,50,35,36,133,0,4,39,9,52,12,54,74,45,185,18,222,240,425
03/15/2002,LRD,TX,ASW,CE,Federal Contract Tower,12,42,32,33,119,0,5,45,6,56,12,47,77,39,175,48,78,126,301
03/16/2002,LRD,TX,ASW,CE,Federal Contract Tower,3,18,18,0,39,0,2,21,0,23,3,20,39,0,62,36,0,36,98
03/17/2002,LRD,TX,ASW,CE,Federal Contract Tower,2,19,26,2,49,0,0,16,0,16,2,19,42,2,65,46,0,46,111
03/18/2002,LRD,TX,ASW,CE,Federal Contract Tower,12,38,38,47,135,0,5,31,8,44,12,43,69,55,179,48,124,172,351
03/19/2002,LRD,TX,ASW,CE,Federal Contract Tower,11,49,32,56,148,0,0,38,14,52,11,49,70,70,200,44,136,180,380
03/20/2002,LRD,TX,ASW,CE,Federal Contract Tower,22,50,55,14,141,0,2,45,30,77,22,52,100,44,218,24,4,28,246
03/21/2002,LRD,TX,ASW,CE,Federal Contract Tower,15,52,58,25,150,0,3,74,16,93,15,55,132,41,243,54,86,140,383
03/22/2002,LRD,TX,ASW,CE,Federal Contract Tower,16,48,31,10,105,0,7,45,4,56,16,55,76,14,161,40,34,74,235
03/23/2002,LRD,TX,ASW,CE,Federal Contract Tower,9,20,39,0,68,0,0,36,2,38,9,20,75,2,106,54,0,54,160
03/24/2002,LRD,TX,ASW,CE,Federal Contract Tower,5,16,33,0,54,0,3,21,2,26,5,19,54,2,80,30,0,30,110
03/25/2002,LRD,TX,ASW,CE,Federal Contract Tower,9,34,22,62,127,0,3,27,5,35,9,37,49,67,162,30,214,244,406
03/26/2002,LRD,TX,ASW,CE,Federal Contract Tower,14,62,52,34,162,0,2,24,15,41,14,64,76,49,203,10,20,30,233
03/27/2002,LRD,TX,ASW,CE,Federal Contract Tower,17,56,73,31,177,0,3,40,5,48,17,59,113,36,225,46,64,110,335
03/28/2002,LRD,TX,ASW,CE,Federal Contract Tower,10,40,38,42,130,0,2,51,0,53,10,42,89,42,183,66,104,170,353
03/29/2002,LRD,TX,ASW,CE,Federal Contract Tower,12,29,26,51,118,0,2,13,5,20,12,31,39,56,138,18,114,132,270
03/30/2002,LRD,TX,ASW,CE,Federal Contract Tower,4,20,16,0,40,0,0,18,0,18,4,20,34,0,58,4,0,4,62
03/31/2002,LRD,TX,ASW,CE,Federal Contract Tower,5,13,13,0,31,0,0,11,0,11,5,13,24,0,42,0,0,0,42
04/01/2002,LRD,TX,ASW,CE,Federal Contract Tower,10,26,40,19,95,0,1,45,5,51,10,27,85,24,146,14,100,114,260
04/02/2002,LRD,TX,ASW,CE,Federal Contract Tower,10,38,54,15,117,0,1,41,20,62,10,39,95,35,179,18,58,76,255
04/03/2002,LRD,TX,ASW,CE,Federal Contract Tower,8,42,49,25,124,0,3,39,3,45,8,45,88,28,169,4,30,34,203
04/04/2002,LRD,TX,ASW,CE,Federal Contract Tower,6,38,48,38,130,0,0,20,0,20,6,38,68,38,150,62,10,72,222
04/05/2002,LRD,TX,ASW,CE,Federal Contract Tower,5,40,39,13,97,0,1,22,0,23,5,41,61,13,120,20,0,20,140
04/06/2002,LRD,TX,ASW,CE,Federal Contract Tower,7,22,31,0,60,0,0,4,0,4,7,22,35,0,64,14,0,14,78
04/07/2002,LRD,TX,ASW,CE,Federal Contract Tower,2,13,28,12,55,0,0,20,0,20,2,13,48,12,75,62,0,62,137
04/08/2002,LRD,TX,ASW,CE,Federal Contract Tower,5,35,30,6,76,0,2,42,8,52,5,37,72,14,128,34,0,34,162
04/09/2002,LRD,TX,ASW,CE,Federal Contract Tower,11,47,43,24,125,0,3,52,12,67,11,50,95,36,192,112,110,222,414
04/10/2002,LRD,TX,ASW,CE,Federal Contract Tower,10,45,28,14,97,0,2,53,2,57,10,47,81,16,154,44,44,88,242
04/11/2002,LRD,TX,ASW,CE,Federal Contract Tower,10,41,38,16,105,0,4,46,0,50,10,45,84,16,155,60,24,84,239
04/12/2002,LRD,TX,ASW,CE,Federal Contract Tower,6,32,20,19,77,0,3,51,0,54,6,35,71,19,131,26,38,64,195
04/13/2002,LRD,TX,ASW,CE,Federal Contract Tower,6,15,11,4,36,0,0,47,0,47,6,15,58,4,83,48,52,100,183
04/14/2002,LRD,TX,ASW,CE,Federal Contract Tower,2,16,15,0,33,0,0,25,0,25,2,16,40,0,58,76,0,76,134
04/15/2002,LRD,TX,ASW,CE,Federal Contract Tower,9,31,47,18,105,0,3,48,2,53,9,34,95,20,158,66,34,100,258
04/16/2002,LRD,TX,ASW,CE,Federal Contract Tower,14,41,45,36,136,0,0,35,2,37,14,41,80,38,173,32,150,182,355
04/17/2002,LRD,TX,ASW,CE,Federal Contract Tower,10,44,39,24,117,0,0,47,6,53,10,44,86,30,170,6,108,114,284
04/18/2002,LRD,TX,ASW,CE,Federal Contract Tower,10,50,52,24,136,0,5,31,14,50,10,55,83,38,186,8,134,142,328
04/19/2002,LRD,TX,ASW,CE,Federal Contract Tower,8,41,26,47,122,0,1,43,1,45,8,42,69,48,167,44,80,124,291
04/20/2002,LRD,TX,ASW,CE,Federal Contract Tower,6,12,19,0,37,0,0,21,0,21,6,12,40,0,58,4,0,4,62
04/21/2002,LRD,TX,ASW,CE,Federal Contract Tower,2,19,30,0,51,0,2,11,0,13,2,21,41,0,64,14,0,14,78
04/22/2002,LRD,TX,ASW,CE,Federal Contract Tower,7,34,55,4,100,1,3,29,4,37,8,37,84,8,137,26,16,42,179
04/23/2002,LRD,TX,ASW,CE,Federal Contract Tower,9,39,45,12,105,0,2,37,7,46,9,41,82,19,151,36,24,60,211
04/24/2002,LRD,TX,ASW,CE,Federal Contract Tower,8,52,32,13,105,0,1,43,3,47,8,53,75,16,152,14,76,90,242
04/25/2002,LRD,TX,ASW,CE,Federal Contract Tower,11,51,66,25,153,0,2,63,3,68,11,53,129,28,221,34,102,136,357
04/26/2002,LRD,TX,ASW,CE,Federal Contract Tower,7,42,34,42,125,0,3,34,0,37,7,45,68,42,162,36,188,224,386
04/27/2002,LRD,TX,ASW,CE,Federal Contract Tower,5,19,21,0,45,0,0,52,0,52,5,19,73,0,97,4,0,4,101
04/28/2002,LRD,TX,ASW,CE,Federal Contract Tower,2,15,15,0,32,0,0,25,0,25,2,15,40,0,57,28,0,28,85
04/29/2002,LRD,TX,ASW,CE,Federal Contract Tower,7,34,36,27,104,0,4,35,1,40,7,38,71,28,144,20,136,156,300
04/30/2002,LRD,TX,ASW,CE,Federal Contract Tower,10,50,41,30,131,0,3,37,9,49,10,53,78,39,180,30,100,130,310
05/01/2002,LRD,TX,ASW,CE,Federal Contract Tower,7,34,38,29,108,0,2,46,15,63,7,36,84,44,171,32,78,110,281
05/02/2002,LRD,TX,ASW,CE,Federal Contract Tower,15,51,35,18,119,1,4,59,7,71,16,55,94,25,190,62,46,108,298
05/03/2002,LRD,TX,ASW,CE,Federal Contract Tower,5,40,22,36,103,0,2,51,3,56,5,42,73,39,159,80,114,194,353
05/04/2002,LRD,TX,ASW,CE,Federal Contract Tower,5,16,23,0,44,0,1,29,0,30,5,17,52,0,74,4,0,4,78
05/05/2002,LRD,TX,ASW,CE,Federal Contract Tower,2,15,29,2,48,0,0,30,0,30,2,15,59,2,78,40,0,40,118
05/06/2002,LRD,TX,ASW,CE,Federal Contract Tower,4,38,29,30,101,0,4,41,10,55,4,42,70,40,156,40,222,262,418
05/07/2002,LRD,TX,ASW,CE,Federal Contract Tower,8,56,51,31,146,0,5,43,5,53,8,61,94,36,199,20,36,56,255
05/08/2002,LRD,TX,ASW,CE,Federal Contract Tower,13,48,39,37,137,0,1,50,4,55,13,49,89,41,192,0,166,166,358
05/09/2002,LRD,TX,ASW,CE,Federal Contract Tower,13,50,40,34,137,0,1,62,9,72,13,51,102,43,209,52,66,118,327
05/10/2002,LRD,TX,ASW,CE,Federal Contract Tower,10,39,42,6,97,0,4,44,4,52,10,43,86,10,149,56,12,68,217
05/11/2002,LRD,TX,ASW,CE,Federal Contract Tower,5,18,9,0,32,0,0,20,0,20,5,18,29,0,52,6,0,6,58
05/12/2002,LRD,TX,ASW,CE,Federal Contract Tower,2,17,16,0,35,0,0,21,0,21,2,17,37,0,56,60,0,60,116
05/13/2002,LRD,TX,ASW,CE,Federal Contract Tower,8,41,37,12,98,0,10,22,0,32,8,51,59,12,130,34,0,34,164
05/14/2002,LRD,TX,ASW,CE,Federal Contract Tower,12,51,35,32,130,0,3,56,7,66,12,54,91,39,196,36,108,144,340
05/15/2002,LRD,TX,ASW,CE,Federal Contract Tower,14,55,50,19,138,0,2,49,3,54,14,57,99,22,192,78,56,134,326
05/16/2002,LRD,TX,ASW,CE,Federal Contract Tower,13,40,36,35,124,0,4,56,5,65,13,44,92,40,189,38,98,136,325
05/17/2002,LRD,TX,ASW,CE,Federal Contract Tower,11,45,36,27,119,0,1,32,3,36,11,46,68,30,155,44,132,176,331
05/18/2002,LRD,TX,ASW,CE,Federal Contract Tower,6,17,15,2,40,0,1,28,0,29,6,18,43,2,69,42,0,42,111
05/19/2002,LRD,TX,ASW,CE,Federal Contract Tower,6,19,22,0,47,0,0,54,3,57,6,19,76,3,104,34,8,42,146
05/20/2002,LRD,TX,ASW,CE,Federal Contract Tower,4,46,38,24,112,0,4,55,5,64,4,50,93,29,176,68,110,178,354
05/21/2002,LRD,TX,ASW,CE,Federal Contract Tower,7,37,32,25,101,0,2,62,5,69,7,39,94,30,170,30,28,58,228
05/22/2002,LRD,TX,ASW,CE,Federal Contract Tower,9,43,47,37,136,0,2,51,2,55,9,45,98,39,191,64,134,198,389
05/23/2002,LRD,TX,ASW,CE,Federal Contract Tower,11,37,53,26,127,0,2,41,5,48,11,39,94,31,175,36,130,166,341
05/24/2002,LRD,TX,ASW,CE,Federal Contract Tower,9,41,35,1,86,0,3,43,0,46,9,44,78,1,132,50,12,62,194
05/25/2002,LRD,TX,ASW,CE,Federal Contract Tower,7,18,14,0,39,0,0,24,0,24,7,18,38,0,63,22,0,22,85
05/26/2002,LRD,TX,ASW,CE,Federal Contract Tower,4,15,12,0,31,0,0,17,0,17,4,15,29,0,48,4,0,4,52
05/27/2002,LRD,TX,ASW,CE,Federal Contract Tower,2,26,25,0,53,0,0,21,0,21,2,26,46,0,74,4,0,4,78
05/28/2002,LRD,TX,ASW,CE,Federal Contract Tower,9,37,35,50,131,0,1,19,3,23,9,38,54,53,154,2,140,142,296
05/29/2002,LRD,TX,ASW,CE,Federal Contract Tower,11,45,26,35,117,0,0,57,6,63,11,45,83,41,180,102,70,172,352
05/30/2002,LRD,TX,ASW,CE,Federal Contract Tower,12,58,43,19,132,0,3,53,4,60,12,61,96,23,192,16,74,90,282
05/31/2002,LRD,TX,ASW,CE,Federal Contract Tower,8,45,31,2,86,0,0,47,4,51,8,45,78,6,137,34,0,34,171
06/01/2002,LRD,TX,ASW,CE,Federal Contract Tower,11,14,11,0,36,0,1,25,0,26,11,15,36,0,62,10,0,10,72
06/02/2002,LRD,TX,ASW,CE,Federal Contract Tower,2,24,25,0,51,0,0,13,0,13,2,24,38,0,64,16,0,16,80
06/03/2002,LRD,TX,ASW,CE,Federal Contract Tower,5,43,20,28,96,0,6,33,8,47,5,49,53,36,143,44,88,132,275
06/04/2002,LRD,TX,ASW,CE,Federal Contract Tower,10,45,25,23,103,0,3,34,6,43,10,48,59,29,146,14,30,44,190
06/05/2002,LRD,TX,ASW,CE,Federal Contract Tower,10,48,44,32,134,0,2,38,9,49,10,50,82,41,183,92,126,218,401
06/06/2002,LRD,TX,ASW,CE,Federal Contract Tower,11,51,42,17,121,0,2,51,10,63,11,53,93,27,184,16,46,62,246
06/07/2002,LRD,TX,ASW,CE,Federal Contract Tower,5,38,25,36,104,0,4,39,7,50,5,42,64,43,154,58,118,176,330
06/08/2002,LRD,TX,ASW,CE,Federal Contract Tower,6,16,17,0,39,0,0,39,0,39,6,16,56,0,78,24,0,24,102
06/09/2002,LRD,TX,ASW,CE,Federal Contract Tower,2,18,13,14,47,0,0,22,0,22,2,18,35,14,69,12,8,20,89
06/10/2002,LRD,TX,ASW,CE,Federal Contract Tower,8,37,30,32,107,0,4,28,13,45,8,41,58,45,152,0,54,54,206
06/11/2002,LRD,TX,ASW,CE,Federal Contract Tower,7,41,51,45,144,0,2,46,5,53,7,43,97,50,197,36,32,68,265
06/12/2002,LRD,TX,ASW,CE,Federal Contract Tower,13,45,34,13,105,0,1,49,8,58,13,46,83,21,163,36,94,130,293
06/13/2002,LRD,TX,ASW,CE,Federal Contract Tower,10,39,33,12,94,0,2,64,2,68,10,41,97,14,162,16,92,108,270
06/14/2002,LRD,TX,ASW,CE,Federal Contract Tower,8,39,24,52,123,0,1,47,1,49,8,40,71,53,172,4,130,134,306
06/15/2002,LRD,TX,ASW,CE,Federal Contract Tower,10,21,8,0,39,0,0,23,0,23,10,21,31,0,62,6,0,6,68
06/16/2002,LRD,TX,ASW,CE,Federal Contract Tower,2,19,13,0,34,0,0,24,0,24,2,19,37,0,58,10,0,10,68
06/17/2002,LRD,TX,ASW,CE,Federal Contract Tower,10,28,26,24,88,0,3,35,11,49,10,31,61,35,137,8,88,96,233
06/18/2002,LRD,TX,ASW,CE,Federal Contract Tower,11,37,20,43,111,0,5,46,10,61,11,42,66,53,172,34,162,196,368
06/19/2002,LRD,TX,ASW,CE,Federal Contract Tower,13,55,37,15,120,0,11,48,3,62,13,66,85,18,182,42,50,92,274
06/20/2002,LRD,TX,ASW,CE,Federal Contract Tower,9,50,41,31,131,2,2,41,6,51,11,52,82,37,182,20,130,150,332
06/21/2002,LRD,TX,ASW,CE,Federal Contract Tower,7,42,35,29,113,0,4,33,1,38,7,46,68,30,151,0,66,66,217
06/22/2002,LRD,TX,ASW,CE,Federal Contract Tower,9,14,10,2,35,0,0,48,0,48,9,14,58,2,83,48,0,48,131
06/23/2002,LRD,TX,ASW,CE,Federal Contract Tower,4,20,18,4,46,0,0,17,0,17,4,20,35,4,63,16,0,16,79
06/24/2002,LRD,TX,ASW,CE,Federal Contract Tower,5,39,22,11,77,2,6,43,3,54,7,45,65,14,131,38,34,72,203
06/25/2002,LRD,TX,ASW,CE,Federal Contract Tower,7,59,36,23,125,0,4,39,11,54,7,63,75,34,179,40,108,148,327
06/26/2002,LRD,TX,ASW,CE,Federal Contract Tower,14,44,28,43,129,3,0,46,7,56,17,44,74,50,185,14,120,134,319
06/27/2002,LRD,TX,ASW,CE,Federal Contract Tower,16,43,49,12,120,4,2,46,7,59,20,45,95,19,179,36,0,36,215
06/28/2002,LRD,TX,ASW,CE,Federal Contract Tower,13,44,38,11,106,3,0,20,4,27,16,44,58,15,133,24,30,54,187
06/29/2002,LRD,TX,ASW,CE,Federal Contract Tower,6,13,26,0,45,0,0,21,0,21,6,13,47,0,66,70,0,70,136
06/30/2002,LRD,TX,ASW,CE,Federal Contract Tower,2,14,24,7,47,0,0,7,0,7,2,14,31,7,54,6,0,6,60
07/01/2002,LRD,TX,ASW,CE,Federal Contract Tower,6,31,19,3,59,0,3,23,8,34,6,34,42,11,93,36,0,36,129
07/02/2002,LRD,TX,ASW,CE,Federal Contract Tower,7,38,19,13,77,0,1,19,15,35,7,39,38,28,112,24,12,36,148
07/03/2002,LRD,TX,ASW,CE,Federal Contract Tower,9,41,30,0,80,0,0,17,2,19,9,41,47,2,99,16,0,16,115
07/04/2002,LRD,TX,ASW,CE,Federal Contract Tower,5,21,6,0,32,0,0,25,0,25,5,21,31,0,57,4,0,4,61
07/05/2002,LRD,TX,ASW,CE,Federal Contract Tower,3,30,16,0,49,0,3,24,0,27,3,33,40,0,76,8,0,8,84
07/06/2002,LRD,TX,ASW,CE,Federal Contract Tower,5,17,10,0,32,0,0,26,0,26,5,17,36,0,58,16,0,16,74
07/07/2002,LRD,TX,ASW,CE,Federal Contract Tower,3,12,22,0,37,0,0,17,0,17,3,12,39,0,54,0,0,0,54
07/08/2002,LRD,TX,ASW,CE,Federal Contract Tower,7,27,27,22,83,0,3,45,10,58,7,30,72,32,141,14,100,114,255
07/09/2002,LRD,TX,ASW,CE,Federal Contract Tower,10,42,37,4,93,0,3,36,0,39,10,45,73,4,132,42,34,76,208
07/10/2002,LRD,TX,ASW,CE,Federal Contract Tower,21,43,34,16,114,0,3,8,0,11,21,46,42,16,125,4,0,4,129
07/11/2002,LRD,TX,ASW,CE,Federal Contract Tower,10,33,47,18,108,0,0,40,10,50,10,33,87,28,158,4,6,10,168
07/12/2002,LRD,TX,ASW,CE,Federal Contract Tower,7,40,27,23,97,0,1,32,4,37,7,41,59,27,134,18,60,78,212
07/13/2002,LRD,TX,ASW,CE,Federal Contract Tower,6,16,11,0,33,0,0,25,1,26,6,16,36,1,59,4,0,4,63
07/14/2002,LRD,TX,ASW,CE,Federal Contract Tower,4,12,9,6,31,0,0,21,0,21,4,12,30,6,52,4,2,6,58
07/15/2002,LRD,TX,ASW,CE,Federal Contract Tower,8,43,21,0,72,0,1,11,0,12,8,44,32,0,84,4,0,4,88
07/16/2002,LRD,TX,ASW,CE,Federal Contract Tower,14,43,25,0,82,0,1,7,14,22,14,44,32,14,104,0,0,0,104
07/17/2002,LRD,TX,ASW,CE,Federal Contract Tower,10,47,28,19,104,0,5,26,14,45,10,52,54,33,149,16,8,24,173
07/18/2002,LRD,TX,ASW,CE,Federal Contract Tower,8,36,32,11,87,0,7,33,17,57,8,43,65,28,144,2,68,70,214
07/19/2002,LRD,TX,ASW,CE,Federal Contract Tower,7,35,25,21,88,0,1,40,4,45,7,36,65,25,133,44,40,84,217
07/20/2002,LRD,TX,ASW,CE,Federal Contract Tower,7,10,20,0,37,0,0,33,0,33,7,10,53,0,70,56,0,56,126
07/21/2002,LRD,TX,ASW,CE,Federal Contract Tower,5,15,20,0,40,0,0,28,0,28,5,15,48,0,68,86,0,86,154
07/22/2002,LRD,TX,ASW,CE,Federal Contract Tower,4,29,33,24,90,0,2,21,4,27,4,31,54,28,117,30,54,84,201
07/23/2002,LRD,TX,ASW,CE,Federal Contract Tower,10,39,33,19,101,0,3,36,1,40,10,42,69,20,141,22,56,78,219
07/24/2002,LRD,TX,ASW,CE,Federal Contract Tower,16,37,31,30,114,1,5,32,0,38,17,42,63,30,152,24,26,50,202
07/25/2002,LRD,TX,ASW,CE,Federal Contract Tower,15,46,29,28,118,0,5,42,4,51,15,51,71,32,169,24,54,78,247
07/26/2002,LRD,TX,ASW,CE,Federal Contract Tower,7,42,23,21,93,0,1,54,3,58,7,43,77,24,151,48,80,128,279
07/27/2002,LRD,TX,ASW,CE,Federal Contract Tower,8,12,11,6,37,0,0,25,0,25,8,12,36,6,62,8,86,94,156
07/28/2002,LRD,TX,ASW,CE,Federal Contract Tower,4,12,27,10,53,0,0,22,0,22,4,12,49,10,75,0,0,0,75
07/29/2002,LRD,TX,ASW,CE,Federal Contract Tower,7,33,35,65,140,2,4,19,6,31,9,37,54,71,171,14,128,142,313
07/30/2002,LRD,TX,ASW,CE,Federal Contract Tower,9,40,23,34,106,0,4,33,12,49,9,44,56,46,155,22,116,138,293
07/31/2002,LRD,TX,ASW,CE,Federal Contract Tower,9,46,34,21,110,0,5,45,3,53,9,51,79,24,163,44,36,80,243
08/01/2002,LRD,TX,ASW,CE,Federal Contract Tower,14,44,36,40,134,0,4,34,5,43,14,48,70,45,177,16,122,138,315
08/02/2002,LRD,TX,ASW,CE,Federal Contract Tower,4,29,18,32,83,0,2,40,5,47,4,31,58,37,130,58,160,218,348
08/03/2002,LRD,TX,ASW,CE,Federal Contract Tower,8,13,11,4,36,0,0,48,0,48,8,13,59,4,84,22,6,28,112
08/04/2002,LRD,TX,ASW,CE,Federal Contract Tower,2,16,13,4,35,0,0,35,0,35,2,16,48,4,70,26,0,26,96
08/05/2002,LRD,TX,ASW,CE,Federal Contract Tower,6,38,24,36,104,0,4,29,13,46,6,42,53,49,150,16,94,110,260
08/06/2002,LRD,TX,ASW,CE,Federal Contract Tower,8,39,44,25,116,0,3,34,10,47,8,42,78,35,163,36,110,146,309
08/07/2002,LRD,TX,ASW,CE,Federal Contract Tower,16,58,27,16,117,0,2,31,11,44,16,60,58,27,161,0,50,50,211
08/08/2002,LRD,TX,ASW,CE,Federal Contract Tower,13,44,28,15,100,0,0,37,1,38,13,44,65,16,138,30,44,74,212
08/09/2002,LRD,TX,ASW,CE,Federal Contract Tower,9,41,42,5,97,0,2,23,0,25,9,43,65,5,122,70,0,70,192
08/10/2002,LRD,TX,ASW,CE,Federal Contract Tower,9,10,11,0,30,0,4,25,0,29,9,14,36,0,59,52,0,52,111
08/11/2002,LRD,TX,ASW,CE,Federal Contract Tower,4,16,12,2,34,0,0,7,0,7,4,16,19,2,41,0,2,2,43
08/12/2002,LRD,TX,ASW,CE,Federal Contract Tower,11,32,44,23,110,0,5,29,9,43,11,37,73,32,153,16,104,120,273
08/13/2002,LRD,TX,ASW,CE,Federal Contract Tower,16,37,20,49,122,1,3,43,6,53,17,40,63,55,175,34,162,196,371
08/14/2002,LRD,TX,ASW,CE,Federal Contract Tower,17,47,52,33,149,0,4,48,8,60,17,51,100,41,209,72,132,204,413
08/15/2002,LRD,TX,ASW,CE,Federal Contract Tower,25,37,39,22,123,0,1,56,6,63,25,38,95,28,186,42,18,60,246
08/16/2002,LRD,TX,ASW,CE,Federal Contract Tower,16,37,41,27,121,1,5,52,0,58,17,42,93,27,179,92,50,142,321
08/17/2002,LRD,TX,ASW,CE,Federal Contract Tower,7,18,27,0,52,0,2,39,0,41,7,20,66,0,93,36,0,36,129
08/18/2002,LRD,TX,ASW,CE,Federal Contract Tower,3,14,16,12,45,0,0,40,6,46,3,14,56,18,91,80,46,126,217
08/19/2002,LRD,TX,ASW,CE,Federal Contract Tower,11,34,30,14,89,0,5,49,12,66,11,39,79,26,155,12,30,42,197
08/20/2002,LRD,TX,ASW,CE,Federal Contract Tower,17,42,38,16,113,0,5,42,15,62,17,47,80,31,175,32,160,192,367
08/21/2002,LRD,TX,ASW,CE,Federal Contract Tower,21,58,38,45,162,1,0,46,17,64,22,58,84,62,226,18,138,156,382
08/22/2002,LRD,TX,ASW,CE,Federal Contract Tower,28,58,48,7,141,0,5,31,17,53,28,63,79,24,194,10,24,34,228
08/23/2002,LRD,TX,ASW,CE,Federal Contract Tower,18,39,25,29,111,0,2,58,3,63,18,41,83,32,174,54,40,94,268
08/24/2002,LRD,TX,ASW,CE,Federal Contract Tower,11,12,16,15,54,0,0,54,2,56,11,12,70,17,110,30,96,126,236
08/25/2002,LRD,TX,ASW,CE,Federal Contract Tower,4,11,21,0,36,2,0,35,0,37,6,11,56,0,73,48,0,48,121
08/26/2002,LRD,TX,ASW,CE,Federal Contract Tower,12,25,31,23,91,0,2,43,13,58,12,27,74,36,149,26,68,94,243
08/27/2002,LRD,TX,ASW,CE,Federal Contract Tower,18,34,24,20,96,0,2,64,4,70,18,36,88,24,166,32,60,92,258
08/28/2002,LRD,TX,ASW,CE,Federal Contract Tower,15,37,33,12,97,0,3,47,2,52,15,40,80,14,149,6,20,26,175
08/29/2002,LRD,TX,ASW,CE,Federal Contract Tower,18,32,45,14,109,0,4,32,8,44,18,36,77,22,153,4,106,110,263
08/30/2002,LRD,TX,ASW,CE,Federal Contract Tower,9,35,37,8,89,0,3,36,2,41,9,38,73,10,130,6,92,98,228
08/31/2002,LRD,TX,ASW,CE,Federal Contract Tower,6,12,13,0,31,0,0,31,0,31,6,12,44,0,62,10,0,10,72
09/01/2002,LRD,TX,ASW,CE,Federal Contract Tower,0,12,13,0,25,0,0,17,0,17,0,12,30,0,42,36,0,36,78
09/02/2002,LRD,TX,ASW,CE,Federal Contract Tower,2,17,31,0,50,0,1,29,0,30,2,18,60,0,80,52,0,52,132
09/03/2002,LRD,TX,ASW,CE,Federal Contract Tower,11,35,23,13,82,1,4,54,5,64,12,39,77,18,146,24,46,70,216
09/04/2002,LRD,TX,ASW,CE,Federal Contract Tower,13,43,36,10,102,0,2,35,2,39,13,45,71,12,141,50,66,116,257
09/05/2002,LRD,TX,ASW,CE,Federal Contract Tower,8,39,36,37,120,0,4,29,11,44,8,43,65,48,164,0,52,52,216
09/06/2002,LRD,TX,ASW,CE,Federal Contract Tower,10,40,33,15,98,0,0,48,2,50,10,40,81,17,148,18,66,84,232
09/07/2002,LRD,TX,ASW,CE,Federal Contract Tower,4,14,19,0,37,0,0,21,0,21,4,14,40,0,58,8,0,8,66
09/08/2002,LRD,TX,ASW,CE,Federal Contract Tower,0,17,12,1,30,0,0,27,1,28,0,17,39,2,58,32,14,46,104
09/09/2002,LRD,TX,ASW,CE,Federal Contract Tower,8,35,19,0,62,0,0,2,0,2,8,35,21,0,64,0,0,0,64
09/10/2002,LRD,TX,ASW,CE,Federal Contract Tower,11,44,34,0,89,0,1,6,4,11,11,45,40,4,100,0,0,0,100
09/11/2002,LRD,TX,ASW,CE,Federal Contract Tower,12,44,26,31,113,0,0,47,7,54,12,44,73,38,167,52,84,136,303
09/12/2002,LRD,TX,ASW,CE,Federal Contract Tower,10,45,27,19,101,0,0,35,15,50,10,45,62,34,151,6,76,82,233
09/13/2002,LRD,TX,ASW,CE,Federal Contract Tower,11,36,32,7,86,1,3,56,0,60,12,39,88,7,146,30,12,42,188
09/14/2002,LRD,TX,ASW,CE,Federal Contract Tower,6,15,15,6,42,0,2,19,0,21,6,17,34,6,63,28,0,28,91
09/15/2002,LRD,TX,ASW,CE,Federal Contract Tower,0,14,21,2,37,0,0,5,0,5,0,14,26,2,42,0,0,0,42
09/16/2002,LRD,TX,ASW,CE,Federal Contract Tower,4,34,26,2,66,0,0,0,0,0,4,34,26,2,66,0,0,0,66
09/17/2002,LRD,TX,ASW,CE,Federal Contract Tower,13,39,41,16,109,0,2,17,8,27,13,41,58,24,136,6,18,24,160
09/18/2002,LRD,TX,ASW,CE,Federal Contract Tower,14,52,35,11,112,0,5,57,13,75,14,57,92,24,187,36,14,50,237
09/19/2002,LRD,TX,ASW,CE,Federal Contract Tower,17,53,47,14,131,0,1,42,0,43,17,54,89,14,174,84,8,92,266
09/20/2002,LRD,TX,ASW,CE,Federal Contract Tower,14,43,41,17,115,0,2,86,1,89,14,45,127,18,204,26,46,72,276
09/21/2002,LRD,TX,ASW,CE,Federal Contract Tower,6,22,19,0,47,0,0,43,0,43,6,22,62,0,90,16,0,16,106
09/22/2002,LRD,TX,ASW,CE,Federal Contract Tower,3,15,15,0,33,0,0,38,0,38,3,15,53,0,71,56,0,56,127
09/23/2002,LRD,TX,ASW,CE,Federal Contract Tower,9,45,29,26,109,0,2,38,5,45,9,47,67,31,154,48,80,128,282
09/24/2002,LRD,TX,ASW,CE,Federal Contract Tower,19,44,37,0,100,0,3,49,6,58,19,47,86,6,158,16,6,22,180
09/25/2002,LRD,TX,ASW,CE,Federal Contract Tower,20,41,39,0,100,0,7,77,4,88,20,48,116,4,188,62,0,62,250
09/26/2002,LRD,TX,ASW,CE,Federal Contract Tower,14,47,42,15,118,0,1,42,5,48,14,48,84,20,166,44,36,80,246
09/27/2002,LRD,TX,ASW,CE,Federal Contract Tower,11,50,32,6,99,0,3,51,2,56,11,53,83,8,155,8,0,8,163
09/28/2002,LRD,TX,ASW,CE,Federal Contract Tower,11,15,19,0,45,0,3,36,0,39,11,18,55,0,84,8,0,8,92
09/29/2002,LRD,TX,ASW,CE,Federal Contract Tower,3,17,18,0,38,0,0,38,0,38,3,17,56,0,76,0,0,0,76
09/30/2002,LRD,TX,ASW,CE,Federal Contract Tower,5,36,34,0,75,0,3,32,0,35,5,39,66,0,110,6,0,6,116
10/01/2002,LRD,TX,ASW,CE,Federal Contract Tower,15,40,36,25,116,0,1,27,1,29,15,41,63,26,145,2,0,2,147
10/02/2002,LRD,TX,ASW,CE,Federal Contract Tower,19,42,42,21,124,0,1,48,9,58,19,43,90,30,182,18,80,98,280
10/03/2002,LRD,TX,ASW,CE,Federal Contract Tower,18,31,44,29,122,0,2,34,6,42,18,33,78,35,164,28,92,120,284
10/04/2002,LRD,TX,ASW,CE,Federal Contract Tower,18,32,40,9,99,0,2,45,0,47,18,34,85,9,146,20,44,64,210
10/05/2002,LRD,TX,ASW,CE,Federal Contract Tower,11,20,15,6,52,0,0,24,0,24,11,20,39,6,76,60,0,60,136
10/06/2002,LRD,TX,ASW,CE,Federal Contract Tower,0,16,26,0,42,0,0,25,0,25,0,16,51,0,67,18,0,18,85
10/07/2002,LRD,TX,ASW,CE,Federal Contract Tower,8,35,41,30,114,0,3,31,2,36,8,38,72,32,150,6,54,60,210
10/08/2002,LRD,TX,ASW,CE,Federal Contract Tower,10,35,40,36,121,0,2,18,0,20,10,37,58,36,141,30,8,38,179
10/09/2002,LRD,TX,ASW,CE,Federal Contract Tower,12,48,56,23,139,0,1,16,5,22,12,49,72,28,161,16,28,44,205
10/10/2002,LRD,TX,ASW,CE,Federal Contract Tower,10,38,64,4,116,0,2,21,0,23,10,40,85,4,139,38,0,38,177
10/11/2002,LRD,TX,ASW,CE,Federal Contract Tower,7,39,35,22,103,0,0,54,0,54,7,39,89,22,157,14,16,30,187
10/12/2002,LRD,TX,ASW,CE,Federal Contract Tower,6,12,15,0,33,0,2,13,0,15,6,14,28,0,48,0,0,0,48
10/13/2002,LRD,TX,ASW,CE,Federal Contract Tower,0,20,35,0,55,0,0,15,0,15,0,20,50,0,70,14,0,14,84
10/14/2002,LRD,TX,ASW,CE,Federal Contract Tower,5,29,29,0,63,0,0,13,0,13,5,29,42,0,76,10,0,10,86
10/15/2002,LRD,TX,ASW,CE,Federal Contract Tower,10,49,51,15,125,0,1,30,13,44,10,50,81,28,169,36,48,84,253
10/16/2002,LRD,TX,ASW,CE,Federal Contract Tower,8,33,36,21,98,0,0,52,16,68,8,33,88,37,166,14,88,102,268
10/17/2002,LRD,TX,ASW,CE,Federal Contract Tower,10,49,49,25,133,0,1,32,9,42,10,50,81,34,175,26,108,134,309
10/18/2002,LRD,TX,ASW,CE,Federal Contract Tower,4,38,30,56,128,0,0,20,0,20,4,38,50,56,148,16,116,132,280
10/19/2002,LRD,TX,ASW,CE,Federal Contract Tower,6,14,16,4,40,0,0,21,0,21,6,14,37,4,61,6,0,6,67
10/20/2002,LRD,TX,ASW,CE,Federal Contract Tower,1,17,34,0,52,0,0,0,0,0,1,17,34,0,52,0,0,0,52
10/21/2002,LRD,TX,ASW,CE,Federal Contract Tower,4,36,37,50,127,0,0,28,6,34,4,36,65,56,161,32,98,130,291
10/22/2002,LRD,TX,ASW,CE,Federal Contract Tower,8,53,44,57,162,0,2,22,8,32,8,55,66,65,194,78,208,286,480
10/23/2002,LRD,TX,ASW,CE,Federal Contract Tower,10,37,54,24,125,0,1,8,6,15,10,38,62,30,140,26,0,26,166
10/24/2002,LRD,TX,ASW,CE,Federal Contract Tower,7,47,35,15,104,0,1,9,1,11,7,48,44,16,115,70,36,106,221
10/25/2002,LRD,TX,ASW,CE,Federal Contract Tower,4,37,43,18,102,0,0,4,0,4,4,37,47,18,106,14,0,14,120
10/26/2002,LRD,TX,ASW,CE,Federal Contract Tower,7,17,14,0,38,0,0,0,0,0,7,17,14,0,38,0,0,0,38
10/27/2002,LRD,TX,ASW,CE,Federal Contract Tower,1,15,24,0,40,0,0,7,0,7,1,15,31,0,47,0,0,0,47
10/28/2002,LRD,TX,ASW,CE,Federal Contract Tower,8,34,49,20,111,0,0,0,0,0,8,34,49,20,111,0,0,0,111
10/29/2002,LRD,TX,ASW,CE,Federal Contract Tower,6,37,27,2,72,0,4,43,7,54,6,41,70,9,126,52,6,58,184
10/30/2002,LRD,TX,ASW,CE,Federal Contract Tower,7,37,28,54,126,0,1,45,21,67,7,38,73,75,193,2,242,244,437
10/31/2002,LRD,TX,ASW,CE,Federal Contract Tower,12,39,56,8,115,0,0,6,0,6,12,39,62,8,121,0,0,0,121
11/01/2002,LRD,TX,ASW,CE,Federal Contract Tower,7,53,41,8,109,0,0,0,0,0,7,53,41,8,109,0,0,0,109
11/02/2002,LRD,TX,ASW,CE,Federal Contract Tower,7,19,11,0,37,0,0,0,0,0,7,19,11,0,37,0,0,0,37
11/03/2002,LRD,TX,ASW,CE,Federal Contract Tower,0,22,25,0,47,0,0,0,0,0,0,22,25,0,47,0,0,0,47
11/04/2002,LRD,TX,ASW,CE,Federal Contract Tower,3,35,32,0,70,0,0,0,0,0,3,35,32,0,70,0,0,0,70
11/05/2002,LRD,TX,ASW,CE,Federal Contract Tower,12,33,25,16,86,0,2,36,6,44,12,35,61,22,130,32,72,104,234
11/06/2002,LRD,TX,ASW,CE,Federal Contract Tower,12,43,36,15,106,0,2,53,9,64,12,45,89,24,170,58,104,162,332
11/07/2002,LRD,TX,ASW,CE,Federal Contract Tower,13,38,31,14,96,1,1,58,7,67,14,39,89,21,163,82,24,106,269
11/08/2002,LRD,TX,ASW,CE,Federal Contract Tower,9,37,28,6,80,1,0,43,0,44,10,37,71,6,124,2,96,98,222
11/09/2002,LRD,TX,ASW,CE,Federal Contract Tower,6,13,17,1,37,0,0,45,1,46,6,13,62,2,83,22,4,26,109
11/10/2002,LRD,TX,ASW,CE,Federal Contract Tower,4,17,20,0,41,0,0,18,0,18,4,17,38,0,59,0,0,0,59
11/11/2002,LRD,TX,ASW,CE,Federal Contract Tower,2,38,40,2,82,1,0,38,0,39,3,38,78,2,121,56,0,56,177
11/12/2002,LRD,TX,ASW,CE,Federal Contract Tower,10,39,29,14,92,2,2,38,5,47,12,41,67,19,139,30,88,118,257
11/13/2002,LRD,TX,ASW,CE,Federal Contract Tower,12,45,40,23,120,0,2,38,7,47,12,47,78,30,167,4,68,72,239
11/14/2002,LRD,TX,ASW,CE,Federal Contract Tower,8,45,53,14,120,0,2,50,6,58,8,47,103,20,178,40,104,144,322
11/15/2002,LRD,TX,ASW,CE,Federal Contract Tower,7,46,53,12,118,0,2,42,0,44,7,48,95,12,162,54,30,84,246
11/16/2002,LRD,TX,ASW,CE,Federal Contract Tower,6,16,21,1,44,0,0,38,4,42,6,16,59,5,86,28,2,30,116
11/17/2002,LRD,TX,ASW,CE,Federal Contract Tower,1,19,23,0,43,0,0,49,0,49,1,19,72,0,92,20,0,20,112
11/18/2002,LRD,TX,ASW,CE,Federal Contract Tower,3,33,37,20,93,0,1,43,3,47,3,34,80,23,140,44,64,108,248
11/19/2002,LRD,TX,ASW,CE,Federal Contract Tower,9,40,43,11,103,0,1,52,9,62,9,41,95,20,165,42,0,42,207
11/20/2002,LRD,TX,ASW,CE,Federal Contract Tower,4,39,47,21,111,0,5,69,34,108,4,44,116,55,219,8,82,90,309
11/21/2002,LRD,TX,ASW,CE,Federal Contract Tower,11,48,48,10,117,0,3,55,13,71,11,51,103,23,188,46,46,92,280
11/22/2002,LRD,TX,ASW,CE,Federal Contract Tower,6,33,34,24,97,0,2,66,3,71,6,35,100,27,168,40,46,86,254
11/23/2002,LRD,TX,ASW,CE,Federal Contract Tower,6,19,17,0,42,0,1,29,0,30,6,20,46,0,72,4,0,4,76
11/24/2002,LRD,TX,ASW,CE,Federal Contract Tower,0,18,30,4,52,0,2,45,0,47,0,20,75,4,99,42,0,42,141
11/25/2002,LRD,TX,ASW,CE,Federal Contract Tower,5,42,36,12,95,0,0,10,0,10,5,42,46,12,105,28,0,28,133
11/26/2002,LRD,TX,ASW,CE,Federal Contract Tower,7,45,52,0,104,0,1,2,0,3,7,46,54,0,107,2,0,2,109
11/27/2002,LRD,TX,ASW,CE,Federal Contract Tower,8,47,34,8,97,0,2,18,0,20,8,49,52,8,117,16,36,52,169
11/28/2002,LRD,TX,ASW,CE,Federal Contract Tower,3,16,22,0,41,0,0,25,0,25,3,16,47,0,66,22,0,22,88
11/29/2002,LRD,TX,ASW,CE,Federal Contract Tower,1,31,32,0,64,0,3,21,0,24,1,34,53,0,88,18,0,18,106
11/30/2002,LRD,TX,ASW,CE,Federal Contract Tower,1,15,30,0,46,0,0,21,0,21,1,15,51,0,67,22,0,22,89
12/01/2002,LRD,TX,ASW,CE,Federal Contract Tower,0,21,34,0,55,1,0,23,0,24,1,21,57,0,79,22,0,22,101
12/02/2002,LRD,TX,ASW,CE,Federal Contract Tower,3,34,37,13,87,0,3,35,9,47,3,37,72,22,134,118,66,184,318
12/03/2002,LRD,TX,ASW,CE,Federal Contract Tower,9,47,41,32,129,1,0,17,5,23,10,47,58,37,152,20,2,22,174
12/04/2002,LRD,TX,ASW,CE,Federal Contract Tower,11,36,35,32,114,0,0,19,7,26,11,36,54,39,140,28,62,90,230
12/05/2002,LRD,TX,ASW,CE,Federal Contract Tower,12,49,62,52,175,0,6,32,16,54,12,55,94,68,229,10,248,258,487
12/06/2002,LRD,TX,ASW,CE,Federal Contract Tower,5,48,24,20,97,0,1,46,2,49,5,49,70,22,146,142,104,246,392
12/07/2002,LRD,TX,ASW,CE,Federal Contract Tower,5,17,21,0,43,0,0,41,0,41,5,17,62,0,84,74,0,74,158
12/08/2002,LRD,TX,ASW,CE,Federal Contract Tower,0,20,38,2,60,0,1,12,0,13,0,21,50,2,73,44,0,44,117
12/09/2002,LRD,TX,ASW,CE,Federal Contract Tower,5,29,50,24,108,0,1,3,0,4,5,30,53,24,112,0,0,0,112
12/10/2002,LRD,TX,ASW,CE,Federal Contract Tower,10,35,39,35,119,0,1,39,5,45,10,36,78,40,164,108,148,256,420
12/11/2002,LRD,TX,ASW,CE,Federal Contract Tower,12,34,47,26,119,0,2,48,3,53,12,36,95,29,172,58,30,88,260
12/12/2002,LRD,TX,ASW,CE,Federal Contract Tower,12,38,47,43,140,0,3,45,3,51,12,41,92,46,191,36,46,82,273
12/13/2002,LRD,TX,ASW,CE,Federal Contract Tower,7,49,40,14,110,0,4,71,10,85,7,53,111,24,195,56,72,128,323
12/14/2002,LRD,TX,ASW,CE,Federal Contract Tower,10,14,32,0,56,0,7,29,0,36,10,21,61,0,92,12,0,12,104
12/15/2002,LRD,TX,ASW,CE,Federal Contract Tower,2,13,23,6,44,0,1,38,0,39,2,14,61,6,83,26,0,26,109
12/16/2002,LRD,TX,ASW,CE,Federal Contract Tower,5,33,38,13,89,0,2,30,1,33,5,35,68,14,122,76,28,104,226
12/17/2002,LRD,TX,ASW,CE,Federal Contract Tower,12,37,35,13,97,0,3,39,9,51,12,40,74,22,148,44,116,160,308
12/18/2002,LRD,TX,ASW,CE,Federal Contract Tower,13,37,39,26,115,0,3,44,2,49,13,40,83,28,164,44,44,88,252
12/19/2002,LRD,TX,ASW,CE,Federal Contract Tower,8,45,56,4,113,0,15,28,2,45,8,60,84,6,158,8,32,40,198
12/20/2002,LRD,TX,ASW,CE,Federal Contract Tower,3,45,53,17,118,0,7,69,7,83,3,52,122,24,201,22,34,56,257
12/21/2002,LRD,TX,ASW,CE,Federal Contract Tower,6,20,38,0,64,0,1,41,0,42,6,21,79,0,106,80,0,80,186
12/22/2002,LRD,TX,ASW,CE,Federal Contract Tower,0,17,32,0,49,0,1,19,0,20,0,18,51,0,69,4,0,4,73
12/23/2002,LRD,TX,ASW,CE,Federal Contract Tower,7,35,23,0,65,0,1,14,4,19,7,36,37,4,84,0,0,0,84
12/24/2002,LRD,TX,ASW,CE,Federal Contract Tower,6,27,4,0,37,0,5,13,0,18,6,32,17,0,55,0,0,0,55
12/25/2002,LRD,TX,ASW,CE,Federal Contract Tower,0,16,29,0,45,0,0,17,0,17,0,16,46,0,62,6,0,6,68
12/26/2002,LRD,TX,ASW,CE,Federal Contract Tower,6,39,71,0,116,0,0,2,0,2,6,39,73,0,118,2,0,2,120
12/27/2002,LRD,TX,ASW,CE,Federal Contract Tower,6,36,41,2,85,0,1,40,0,41,6,37,81,2,126,12,10,22,148
12/28/2002,LRD,TX,ASW,CE,Federal Contract Tower,7,21,34,0,62,0,0,18,0,18,7,21,52,0,80,4,0,4,84
12/29/2002,LRD,TX,ASW,CE,Federal Contract Tower,0,20,15,0,35,0,0,10,0,10,0,20,25,0,45,0,0,0,45
12/30/2002,LRD,TX,ASW,CE,Federal Contract Tower,5,32,22,0,59,0,1,18,0,19,5,33,40,0,78,6,0,6,84
12/31/2002,LRD,TX,ASW,CE,Federal Contract Tower,6,23,22,0,51,0,0,17,0,17,6,23,39,0,68,0,0,0,68
01/01/2003,LRD,TX,ASW,CE,Federal Contract Tower,0,18,19,0,37,1,0,25,0,26,1,18,44,0,63,0,0,0,63
01/02/2003,LRD,TX,ASW,CE,Federal Contract Tower,6,32,40,13,91,1,9,27,3,40,7,41,67,16,131,2,6,8,139
01/03/2003,LRD,TX,ASW,CE,Federal Contract Tower,3,38,24,13,78,0,4,43,1,48,3,42,67,14,126,22,0,22,148
01/04/2003,LRD,TX,ASW,CE,Federal Contract Tower,5,14,29,2,50,0,0,49,2,51,5,14,78,4,101,8,24,32,133
01/05/2003,LRD,TX,ASW,CE,Federal Contract Tower,0,20,43,0,63,0,1,16,0,17,0,21,59,0,80,26,0,26,106
01/06/2003,LRD,TX,ASW,CE,Federal Contract Tower,2,29,64,5,100,0,0,17,1,18,2,29,81,6,118,14,6,20,138
01/07/2003,LRD,TX,ASW,CE,Federal Contract Tower,8,34,48,13,103,0,0,40,9,49,8,34,88,22,152,22,52,74,226
01/08/2003,LRD,TX,ASW,CE,Federal Contract Tower,6,41,43,26,116,0,1,34,17,52,6,42,77,43,168,44,50,94,262
01/09/2003,LRD,TX,ASW,CE,Federal Contract Tower,10,50,75,36,171,0,2,42,12,56,10,52,117,48,227,28,96,124,351
01/10/2003,LRD,TX,ASW,CE,Federal Contract Tower,9,39,40,39,127,0,1,45,1,47,9,40,85,40,174,24,118,142,316
01/11/2003,LRD,TX,ASW,CE,Federal Contract Tower,7,11,20,0,38,0,0,2,0,2,7,11,22,0,40,0,0,0,40
01/12/2003,LRD,TX,ASW,CE,Federal Contract Tower,1,19,45,6,71,0,0,0,0,0,1,19,45,6,71,0,0,0,71
01/13/2003,LRD,TX,ASW,CE,Federal Contract Tower,2,33,41,33,109,0,0,12,0,12,2,33,53,33,121,12,6,18,139
01/14/2003,LRD,TX,ASW,CE,Federal Contract Tower,7,31,48,24,110,0,1,35,2,38,7,32,83,26,148,54,70,124,272
01/15/2003,LRD,TX,ASW,CE,Federal Contract Tower,9,34,48,35,126,0,1,45,9,55,9,35,93,44,181,38,140,178,359
01/16/2003,LRD,TX,ASW,CE,Federal Contract Tower,10,38,44,18,110,0,4,19,11,34,10,42,63,29,144,12,58,70,214
01/17/2003,LRD,TX,ASW,CE,Federal Contract Tower,3,37,36,12,88,0,2,35,4,41,3,39,71,16,129,22,18,40,169
01/18/2003,LRD,TX,ASW,CE,Federal Contract Tower,6,11,20,2,39,0,1,37,2,40,6,12,57,4,79,28,0,28,107
01/19/2003,LRD,TX,ASW,CE,Federal Contract Tower,0,15,26,0,41,0,0,48,4,52,0,15,74,4,93,20,0,20,113
01/20/2003,LRD,TX,ASW,CE,Federal Contract Tower,5,30,43,4,82,0,1,32,10,43,5,31,75,14,125,18,0,18,143
01/21/2003,LRD,TX,ASW,CE,Federal Contract Tower,7,35,40,40,122,0,1,37,5,43,7,36,77,45,165,68,220,288,453
01/22/2003,LRD,TX,ASW,CE,Federal Contract Tower,5,36,56,14,111,0,1,18,0,19,5,37,74,14,130,32,26,58,188
01/23/2003,LRD,TX,ASW,CE,Federal Contract Tower,11,39,38,9,97,0,2,33,11,46,11,41,71,20,143,46,16,62,205
01/24/2003,LRD,TX,ASW,CE,Federal Contract Tower,6,42,46,5,99,0,3,10,5,18,6,45,56,10,117,36,12,48,165
01/25/2003,LRD,TX,ASW,CE,Federal Contract Tower,8,11,28,7,54,0,0,0,0,0,8,11,28,7,54,0,0,0,54
01/26/2003,LRD,TX,ASW,CE,Federal Contract Tower,0,20,34,0,54,0,0,0,0,0,0,20,34,0,54,0,0,0,54
01/27/2003,LRD,TX,ASW,CE,Federal Contract Tower,13,34,60,1,108,0,0,9,0,9,13,34,69,1,117,8,0,8,125
01/28/2003,LRD,TX,ASW,CE,Federal Contract Tower,8,36,47,18,109,0,0,15,0,15,8,36,62,18,124,14,0,14,138
01/29/2003,LRD,TX,ASW,CE,Federal Contract Tower,10,28,53,3,94,0,1,15,0,16,10,29,68,3,110,14,0,14,124
01/30/2003,LRD,TX,ASW,CE,Federal Contract Tower,12,48,43,28,131,0,2,63,2,67,12,50,106,30,198,20,144,164,362
01/31/2003,LRD,TX,ASW,CE,Federal Contract Tower,5,54,51,24,134,0,2,19,0,21,5,56,70,24,155,42,0,42,197
02/01/2003,LRD,TX,ASW,CE,Federal Contract Tower,8,9,26,0,43,0,0,15,0,15,8,9,41,0,58,20,0,20,78
02/02/2003,LRD,TX,ASW,CE,Federal Contract Tower,0,17,30,0,47,0,0,6,0,6,0,17,36,0,53,14,0,14,67
02/03/2003,LRD,TX,ASW,CE,Federal Contract Tower,4,34,41,39,118,0,0,31,10,41,4,34,72,49,159,24,244,268,427
02/04/2003,LRD,TX,ASW,CE,Federal Contract Tower,11,32,17,11,71,0,0,49,7,56,11,32,66,18,127,20,100,120,247
02/05/2003,LRD,TX,ASW,CE,Federal Contract Tower,11,41,52,2,106,0,0,0,0,0,11,41,52,2,106,0,0,0,106
02/06/2003,LRD,TX,ASW,CE,Federal Contract Tower,12,41,37,16,106,0,0,11,4,15,12,41,48,20,121,8,2,10,131
02/07/2003,LRD,TX,ASW,CE,Federal Contract Tower,5,39,33,0,77,0,0,0,0,0,5,39,33,0,77,0,0,0,77
02/08/2003,LRD,TX,ASW,CE,Federal Contract Tower,7,17,27,0,51,0,0,0,0,0,7,17,27,0,51,0,0,0,51
02/09/2003,LRD,TX,ASW,CE,Federal Contract Tower,0,15,24,0,39,0,0,24,0,24,0,15,48,0,63,70,0,70,133
02/10/2003,LRD,TX,ASW,CE,Federal Contract Tower,9,32,29,24,94,0,1,50,12,63,9,33,79,36,157,44,114,158,315
02/11/2003,LRD,TX,ASW,CE,Federal Contract Tower,13,44,49,20,126,0,1,32,4,37,13,45,81,24,163,8,16,24,187
02/12/2003,LRD,TX,ASW,CE,Federal Contract Tower,13,46,65,2,126,0,1,14,0,15,13,47,79,2,141,40,0,40,181
02/13/2003,LRD,TX,ASW,CE,Federal Contract Tower,15,43,57,67,182,0,1,8,13,22,15,44,65,80,204,22,178,200,404
02/14/2003,LRD,TX,ASW,CE,Federal Contract Tower,12,50,49,16,127,0,2,30,0,32,12,52,79,16,159,54,36,90,249
02/15/2003,LRD,TX,ASW,CE,Federal Contract Tower,9,17,32,0,58,0,0,44,0,44,9,17,76,0,102,20,0,20,122
02/16/2003,LRD,TX,ASW,CE,Federal Contract Tower,0,16,25,0,41,0,0,20,0,20,0,16,45,0,61,18,0,18,79
02/17/2003,LRD,TX,ASW,CE,Federal Contract Tower,9,28,32,0,69,0,1,50,0,51,9,29,82,0,120,28,0,28,148
02/18/2003,LRD,TX,ASW,CE,Federal Contract Tower,13,32,39,16,100,0,3,36,12,51,13,35,75,28,151,66,54,120,271
02/19/2003,LRD,TX,ASW,CE,Federal Contract Tower,13,38,44,38,133,0,0,22,0,22,13,38,66,38,155,28,20,48,203
02/20/2003,LRD,TX,ASW,CE,Federal Contract Tower,9,46,39,4,98,0,0,7,0,7,9,46,46,4,105,14,0,14,119
02/21/2003,LRD,TX,ASW,CE,Federal Contract Tower,7,41,40,0,88,0,0,10,0,10,7,41,50,0,98,0,0,0,98
02/22/2003,LRD,TX,ASW,CE,Federal Contract Tower,9,16,29,2,56,0,14,65,4,83,9,30,94,6,139,86,56,142,281
02/23/2003,LRD,TX,ASW,CE,Federal Contract Tower,0,15,17,0,32,0,0,66,4,70,0,15,83,4,102,226,0,226,328
02/24/2003,LRD,TX,ASW,CE,Federal Contract Tower,10,26,51,7,94,0,0,0,0,0,10,26,51,7,94,0,0,0,94
02/25/2003,LRD,TX,ASW,CE,Federal Contract Tower,16,34,36,12,98,0,0,5,0,5,16,34,41,12,103,34,0,34,137
02/26/2003,LRD,TX,ASW,CE,Federal Contract Tower,25,53,52,10,140,0,0,14,0,14,25,53,66,10,154,24,88,112,266
02/27/2003,LRD,TX,ASW,CE,Federal Contract Tower,27,58,64,19,168,0,0,28,3,31,27,58,92,22,199,6,0,6,205
02/28/2003,LRD,TX,ASW,CE,Federal Contract Tower,8,44,49,28,129,0,3,29,1,33,8,47,78,29,162,34,98,132,294
03/01/2003,LRD,TX,ASW,CE,Federal Contract Tower,7,15,45,4,71,0,0,1,0,1,7,15,46,4,72,0,0,0,72
03/02/2003,LRD,TX,ASW,CE,Federal Contract Tower,0,20,20,2,42,0,0,1,0,1,0,20,21,2,43,0,0,0,43
03/03/2003,LRD,TX,ASW,CE,Federal Contract Tower,5,28,40,4,77,0,0,11,0,11,5,28,51,4,88,62,0,62,150
03/04/2003,LRD,TX,ASW,CE,Federal Contract Tower,16,31,40,18,105,0,0,34,0,34,16,31,74,18,139,68,52,120,259
03/05/2003,LRD,TX,ASW,CE,Federal Contract Tower,10,39,50,5,104,0,0,0,1,1,10,39,50,6,105,0,0,0,105
03/06/2003,LRD,TX,ASW,CE,Federal Contract Tower,14,37,51,11,113,0,0,44,1,45,14,37,95,12,158,72,24,96,254
03/07/2003,LRD,TX,ASW,CE,Federal Contract Tower,9,31,28,12,80,0,0,84,2,86,9,31,112,14,166,26,36,62,228
03/08/2003,LRD,TX,ASW,CE,Federal Contract Tower,10,15,37,0,62,0,1,18,3,22,10,16,55,3,84,38,0,38,122
03/09/2003,LRD,TX,ASW,CE,Federal Contract Tower,0,13,29,0,42,0,1,31,0,32,0,14,60,0,74,30,0,30,104
03/10/2003,LRD,TX,ASW,CE,Federal Contract Tower,4,24,35,17,80,0,0,15,3,18,4,24,50,20,98,6,10,16,114
03/11/2003,LRD,TX,ASW,CE,Federal Contract Tower,11,32,40,25,108,0,0,6,0,6,11,32,46,25,114,0,0,0,114
03/12/2003,LRD,TX,ASW,CE,Federal Contract Tower,10,33,45,20,108,4,5,6,0,15,14,38,51,20,123,0,26,26,149
03/13/2003,LRD,TX,ASW,CE,Federal Contract Tower,13,30,60,11,114,0,1,5,6,12,13,31,65,17,126,0,12,12,138
03/14/2003,LRD,TX,ASW,CE,Federal Contract Tower,9,32,53,12,106,0,1,18,3,22,9,33,71,15,128,20,34,54,182
03/15/2003,LRD,TX,ASW,CE,Federal Contract Tower,8,19,21,8,56,0,0,14,0,14,8,19,35,8,70,36,2,38,108
03/16/2003,LRD,TX,ASW,CE,Federal Contract Tower,2,15,34,4,55,0,0,24,0,24,2,15,58,4,79,62,0,62,141
03/17/2003,LRD,TX,ASW,CE,Federal Contract Tower,5,28,28,28,89,0,2,15,4,21,5,30,43,32,110,30,54,84,194
03/18/2003,LRD,TX,ASW,CE,Federal Contract Tower,13,27,29,40,109,0,1,45,4,50,13,28,74,44,159,20,56,76,235
03/19/2003,LRD,TX,ASW,CE,Federal Contract Tower,13,28,39,24,104,0,4,47,8,59,13,32,86,32,163,16,124,140,303
03/20/2003,LRD,TX,ASW,CE,Federal Contract Tower,14,35,37,34,120,0,2,55,16,73,14,37,92,50,193,14,150,164,357
03/21/2003,LRD,TX,ASW,CE,Federal Contract Tower,9,31,25,36,101,0,2,71,5,78,9,33,96,41,179,104,122,226,405
03/22/2003,LRD,TX,ASW,CE,Federal Contract Tower,7,15,20,16,58,0,0,14,0,14,7,15,34,16,72,16,8,24,96
03/23/2003,LRD,TX,ASW,CE,Federal Contract Tower,2,17,35,0,54,0,0,46,0,46,2,17,81,0,100,22,0,22,122
03/24/2003,LRD,TX,ASW,CE,Federal Contract Tower,3,28,43,16,90,0,1,21,15,37,3,29,64,31,127,6,82,88,215
03/25/2003,LRD,TX,ASW,CE,Federal Contract Tower,11,35,38,36,120,0,0,26,12,38,11,35,64,48,158,0,152,152,310
03/26/2003,LRD,TX,ASW,CE,Federal Contract Tower,11,37,36,25,109,0,2,59,5,66,11,39,95,30,175,38,88,126,301
03/27/2003,LRD,TX,ASW,CE,Federal Contract Tower,13,33,50,52,148,0,0,50,5,55,13,33,100,57,203,18,226,244,447
03/28/2003,LRD,TX,ASW,CE,Federal Contract Tower,10,32,44,8,94,0,2,22,2,26,10,34,66,10,120,0,34,34,154
03/29/2003,LRD,TX,ASW,CE,Federal Contract Tower,5,13,22,0,40,0,0,38,0,38,5,13,60,0,78,82,0,82,160
03/30/2003,LRD,TX,ASW,CE,Federal Contract Tower,4,11,21,0,36,0,0,56,0,56,4,11,77,0,92,162,0,162,254
03/31/2003,LRD,TX,ASW,CE,Federal Contract Tower,8,25,25,28,86,0,1,47,6,54,8,26,72,34,140,40,90,130,270
04/01/2003,LRD,TX,ASW,CE,Federal Contract Tower,10,28,22,14,74,0,0,50,2,52,10,28,72,16,126,46,102,148,274
04/02/2003,LRD,TX,ASW,CE,Federal Contract Tower,14,31,40,42,127,0,2,30,4,36,14,33,70,46,163,54,94,148,311
04/03/2003,LRD,TX,ASW,CE,Federal Contract Tower,14,34,35,8,91,0,4,43,4,51,14,38,78,12,142,26,12,38,180
04/04/2003,LRD,TX,ASW,CE,Federal Contract Tower,8,34,32,14,88,0,1,37,0,38,8,35,69,14,126,6,8,14,140
04/05/2003,LRD,TX,ASW,CE,Federal Contract Tower,7,16,17,0,40,0,0,44,2,46,7,16,61,2,86,94,0,94,180
04/06/2003,LRD,TX,ASW,CE,Federal Contract Tower,0,15,27,0,42,0,0,29,0,29,0,15,56,0,71,98,0,98,169
04/07/2003,LRD,TX,ASW,CE,Federal Contract Tower,6,29,32,25,92,0,0,21,2,23,6,29,53,27,115,60,60,120,235
04/08/2003,LRD,TX,ASW,CE,Federal Contract Tower,15,29,26,16,86,0,0,32,2,34,15,29,58,18,120,16,2,18,138
04/09/2003,LRD,TX,ASW,CE,Federal Contract Tower,11,24,42,37,114,0,1,56,3,60,11,25,98,40,174,48,98,146,320
04/10/2003,LRD,TX,ASW,CE,Federal Contract Tower,12,27,45,32,116,0,5,45,7,57,12,32,90,39,173,54,92,146,319
04/11/2003,LRD,TX,ASW,CE,Federal Contract Tower,5,29,39,28,101,0,2,62,8,72,5,31,101,36,173,0,66,66,239
04/12/2003,LRD,TX,ASW,CE,Federal Contract Tower,5,11,31,0,47,0,7,30,0,37,5,18,61,0,84,14,0,14,98
04/13/2003,LRD,TX,ASW,CE,Federal Contract Tower,0,14,33,0,47,0,0,31,0,31,0,14,64,0,78,68,0,68,146
04/14/2003,LRD,TX,ASW,CE,Federal Contract Tower,5,26,31,31,93,0,0,51,9,60,5,26,82,40,153,48,56,104,257
04/15/2003,LRD,TX,ASW,CE,Federal Contract Tower,10,35,25,53,123,0,2,17,4,23,10,37,42,57,146,4,126,130,276
04/16/2003,LRD,TX,ASW,CE,Federal Contract Tower,8,35,49,45,137,0,0,41,14,55,8,35,90,59,192,8,100,108,300
04/17/2003,LRD,TX,ASW,CE,Federal Contract Tower,11,25,36,11,83,0,0,40,17,57,11,25,76,28,140,52,0,52,192
04/18/2003,LRD,TX,ASW,CE,Federal Contract Tower,6,26,23,20,75,0,1,25,3,29,6,27,48,23,104,64,44,108,212
04/19/2003,LRD,TX,ASW,CE,Federal Contract Tower,6,10,11,0,27,0,0,19,0,19,6,10,30,0,46,22,0,22,68
04/20/2003,LRD,TX,ASW,CE,Federal Contract Tower,0,12,34,0,46,0,1,3,0,4,0,13,37,0,50,28,0,28,78
04/21/2003,LRD,TX,ASW,CE,Federal Contract Tower,3,28,47,8,86,0,0,9,0,9,3,28,56,8,95,0,0,0,95
04/22/2003,LRD,TX,ASW,CE,Federal Contract Tower,10,34,40,19,103,0,0,22,0,22,10,34,62,19,125,16,2,18,143
04/23/2003,LRD,TX,ASW,CE,Federal Contract Tower,6,26,60,36,128,0,0,25,0,25,6,26,85,36,153,10,186,196,349
04/24/2003,LRD,TX,ASW,CE,Federal Contract Tower,9,27,47,31,114,0,0,38,2,40,9,27,85,33,154,8,88,96,250
04/25/2003,LRD,TX,ASW,CE,Federal Contract Tower,7,36,39,15,97,0,2,46,1,49,7,38,85,16,146,8,24,32,178
04/26/2003,LRD,TX,ASW,CE,Federal Contract Tower,7,13,20,0,40,0,0,45,0,45,7,13,65,0,85,16,0,16,101
04/27/2003,LRD,TX,ASW,CE,Federal Contract Tower,3,12,34,2,51,0,1,36,0,37,3,13,70,2,88,40,0,40,128
04/28/2003,LRD,TX,ASW,CE,Federal Contract Tower,5,23,38,28,94,0,2,9,0,11,5,25,47,28,105,0,32,32,137
04/29/2003,LRD,TX,ASW,CE,Federal Contract Tower,10,25,48,2,85,0,1,11,0,12,10,26,59,2,97,16,0,16,113
04/30/2003,LRD,TX,ASW,CE,Federal Contract Tower,9,28,54,27,118,0,0,34,2,36,9,28,88,29,154,14,82,96,250
05/01/2003,LRD,TX,ASW,CE,Federal Contract Tower,12,29,53,26,120,0,0,24,0,24,12,29,77,26,144,30,162,192,336
05/02/2003,LRD,TX,ASW,CE,Federal Contract Tower,6,27,36,10,79,0,2,20,0,22,6,29,56,10,101,8,34,42,143
05/03/2003,LRD,TX,ASW,CE,Federal Contract Tower,6,14,30,0,50,0,0,22,0,22,6,14,52,0,72,56,0,56,128
05/04/2003,LRD,TX,ASW,CE,Federal Contract Tower,0,13,26,8,47,0,0,17,2,19,0,13,43,10,66,4,0,4,70
05/05/2003,LRD,TX,ASW,CE,Federal Contract Tower,2,27,43,29,101,0,2,19,1,22,2,29,62,30,123,4,42,46,169
05/06/2003,LRD,TX,ASW,CE,Federal Contract Tower,14,28,45,26,113,0,1,26,4,31,14,29,71,30,144,8,46,54,198
05/07/2003,LRD,TX,ASW,CE,Federal Contract Tower,8,30,39,24,101,0,0,44,4,48,8,30,83,28,149,90,68,158,307
05/08/2003,LRD,TX,ASW,CE,Federal Contract Tower,10,34,45,20,109,0,0,42,12,54,10,34,87,32,163,56,148,204,367
05/09/2003,LRD,TX,ASW,CE,Federal Contract Tower,6,26,35,28,95,0,1,33,5,39,6,27,68,33,134,22,76,98,232
05/10/2003,LRD,TX,ASW,CE,Federal Contract Tower,6,13,15,0,34,0,0,13,0,13,6,13,28,0,47,48,0,48,95
05/11/2003,LRD,TX,ASW,CE,Federal Contract Tower,0,12,31,0,43,0,0,9,0,9,0,12,40,0,52,22,0,22,74
05/12/2003,LRD,TX,ASW,CE,Federal Contract Tower,7,31,45,24,107,0,0,16,18,34,7,31,61,42,141,22,16,38,179
05/13/2003,LRD,TX,ASW,CE,Federal Contract Tower,11,42,36,34,123,0,1,32,10,43,11,43,68,44,166,0,178,178,344
05/14/2003,LRD,TX,ASW,CE,Federal Contract Tower,13,40,40,22,115,0,0,50,2,52,13,40,90,24,167,44,154,198,365
05/15/2003,LRD,TX,ASW,CE,Federal Contract Tower,17,40,41,16,114,0,1,51,5,57,17,41,92,21,171,56,136,192,363
05/16/2003,LRD,TX,ASW,CE,Federal Contract Tower,9,34,32,26,101,0,0,38,2,40,9,34,70,28,141,20,66,86,227
05/17/2003,LRD,TX,ASW,CE,Federal Contract Tower,7,10,10,0,27,0,0,42,0,42,7,10,52,0,69,60,0,60,129
05/18/2003,LRD,TX,ASW,CE,Federal Contract Tower,0,15,22,2,39,0,1,37,0,38,0,16,59,2,77,62,24,86,163
05/19/2003,LRD,TX,ASW,CE,Federal Contract Tower,5,30,26,26,87,0,2,45,8,55,5,32,71,34,142,80,120,200,342
05/20/2003,LRD,TX,ASW,CE,Federal Contract Tower,11,35,33,42,121,0,0,45,18,63,11,35,78,60,184,28,73,101,285
05/21/2003,LRD,TX,ASW,CE,Federal Contract Tower,17,35,31,44,127,0,1,25,16,42,17,36,56,60,169,40,38,78,247
05/22/2003,LRD,TX,ASW,CE,Federal Contract Tower,11,33,48,38,130,0,1,23,4,28,11,34,71,42,158,10,98,108,266
05/23/2003,LRD,TX,ASW,CE,Federal Contract Tower,6,41,46,6,99,0,0,46,0,46,6,41,92,6,145,46,22,68,213
05/24/2003,LRD,TX,ASW,CE,Federal Contract Tower,2,15,9,0,26,0,1,35,0,36,2,16,44,0,62,84,0,84,146
05/25/2003,LRD,TX,ASW,CE,Federal Contract Tower,0,11,15,0,26,0,0,28,0,28,0,11,43,0,54,0,0,0,54
05/26/2003,LRD,TX,ASW,CE,Federal Contract Tower,1,14,22,0,37,0,0,20,0,20,1,14,42,0,57,10,0,10,67
05/27/2003,LRD,TX,ASW,CE,Federal Contract Tower,12,40,48,14,114,0,0,39,0,39,12,40,87,14,153,18,8,26,179
05/28/2003,LRD,TX,ASW,CE,Federal Contract Tower,10,38,39,6,93,0,0,25,16,41,10,38,64,22,134,10,0,10,144
05/29/2003,LRD,TX,ASW,CE,Federal Contract Tower,11,45,39,17,112,0,0,64,11,75,11,45,103,28,187,2,26,28,215
05/30/2003,LRD,TX,ASW,CE,Federal Contract Tower,9,41,28,46,124,0,2,48,4,54,9,43,76,50,178,92,178,270,448
05/31/2003,LRD,TX,ASW,CE,Federal Contract Tower,6,18,18,7,49,0,0,46,5,51,6,18,64,12,100,102,18,120,220
06/01/2003,LRD,TX,ASW,CE,Federal Contract Tower,2,21,26,2,51,0,0,20,0,20,2,21,46,2,71,24,0,24,95
06/02/2003,LRD,TX,ASW,CE,Federal Contract Tower,3,26,35,27,91,0,6,23,0,29,3,32,58,27,120,12,62,74,194
06/03/2003,LRD,TX,ASW,CE,Federal Contract Tower,14,33,39,0,86,0,2,57,0,59,14,35,96,0,145,24,0,24,169
06/04/2003,LRD,TX,ASW,CE,Federal Contract Tower,14,39,35,0,88,0,0,29,10,39,14,39,64,10,127,18,0,18,145
06/05/2003,LRD,TX,ASW,CE,Federal Contract Tower,18,43,38,0,99,0,0,17,0,17,18,43,55,0,116,0,0,0,116
06/06/2003,LRD,TX,ASW,CE,Federal Contract Tower,9,33,56,0,98,0,0,40,0,40,9,33,96,0,138,16,0,16,154
06/07/2003,LRD,TX,ASW,CE,Federal Contract Tower,13,12,14,0,39,0,0,33,0,33,13,12,47,0,72,32,0,32,104
06/08/2003,LRD,TX,ASW,CE,Federal Contract Tower,0,16,17,0,33,0,1,23,0,24,0,17,40,0,57,10,0,10,67
06/09/2003,LRD,TX,ASW,CE,Federal Contract Tower,3,26,30,6,65,0,0,38,4,42,3,26,68,10,107,4,0,4,111
06/10/2003,LRD,TX,ASW,CE,Federal Contract Tower,14,34,46,2,96,2,0,26,0,28,16,34,72,2,124,0,0,0,124
06/11/2003,LRD,TX,ASW,CE,Federal Contract Tower,10,40,47,13,110,0,1,56,6,63,10,41,103,19,173,18,36,54,227
06/12/2003,LRD,TX,ASW,CE,Federal Contract Tower,15,33,48,12,108,0,1,40,10,51,15,34,88,22,159,32,0,32,191
06/13/2003,LRD,TX,ASW,CE,Federal Contract Tower,6,37,30,8,81,0,0,22,0,22,6,37,52,8,103,2,10,12,115
06/14/2003,LRD,TX,ASW,CE,Federal Contract Tower,9,17,21,0,47,0,0,33,0,33,9,17,54,0,80,94,0,94,174
06/15/2003,LRD,TX,ASW,CE,Federal Contract Tower,0,17,14,0,31,0,0,19,0,19,0,17,33,0,50,68,0,68,118
06/16/2003,LRD,TX,ASW,CE,Federal Contract Tower,5,27,27,6,65,0,0,51,12,63,5,27,78,18,128,34,0,34,162
06/17/2003,LRD,TX,ASW,CE,Federal Contract Tower,12,32,34,11,89,0,0,48,20,68,12,32,82,31,157,40,24,64,221
06/18/2003,LRD,TX,ASW,CE,Federal Contract Tower,9,36,39,2,86,1,0,47,4,52,10,36,86,6,138,26,8,34,172
06/19/2003,LRD,TX,ASW,CE,Federal Contract Tower,14,39,31,0,84,0,0,46,7,53,14,39,77,7,137,26,0,26,163
06/20/2003,LRD,TX,ASW,CE,Federal Contract Tower,8,41,44,1,94,0,3,44,1,48,8,44,88,2,142,22,12,34,176
06/21/2003,LRD,TX,ASW,CE,Federal Contract Tower,6,12,7,2,27,0,0,24,0,24,6,12,31,2,51,18,12,30,81
06/22/2003,LRD,TX,ASW,CE,Federal Contract Tower,2,12,11,2,27,0,0,27,0,27,2,12,38,2,54,64,8,72,126
06/23/2003,LRD,TX,ASW,CE,Federal Contract Tower,6,35,30,0,71,0,0,36,10,46,6,35,66,10,117,18,0,18,135
06/24/2003,LRD,TX,ASW,CE,Federal Contract Tower,9,42,58,6,115,0,1,29,4,34,9,43,87,10,149,22,32,54,203
06/25/2003,LRD,TX,ASW,CE,Federal Contract Tower,12,33,40,6,91,0,0,47,0,47,12,33,87,6,138,36,0,36,174
06/26/2003,LRD,TX,ASW,CE,Federal Contract Tower,11,38,43,8,100,0,0,44,8,52,11,38,87,16,152,40,36,76,228
06/27/2003,LRD,TX,ASW,CE,Federal Contract Tower,12,33,57,0,102,0,0,45,0,45,12,33,102,0,147,34,0,34,181
06/28/2003,LRD,TX,ASW,CE,Federal Contract Tower,10,17,21,0,48,0,0,19,0,19,10,17,40,0,67,10,0,10,77
06/29/2003,LRD,TX,ASW,CE,Federal Contract Tower,3,13,18,0,34,0,0,18,0,18,3,13,36,0,52,10,0,10,62
06/30/2003,LRD,TX,ASW,CE,Federal Contract Tower,5,27,34,1,67,0,2,25,1,28,5,29,59,2,95,44,0,44,139
07/01/2003,LRD,TX,ASW,CE,Federal Contract Tower,13,29,36,9,87,0,2,38,8,48,13,31,74,17,135,60,8,68,203
07/02/2003,LRD,TX,ASW,CE,Federal Contract Tower,11,31,24,15,81,0,0,24,0,24,11,31,48,15,105,8,2,10,115
07/03/2003,LRD,TX,ASW,CE,Federal Contract Tower,8,31,38,0,77,0,0,24,0,24,8,31,62,0,101,20,0,20,121
07/04/2003,LRD,TX,ASW,CE,Federal Contract Tower,0,15,20,0,35,0,0,19,0,19,0,15,39,0,54,0,0,0,54
07/05/2003,LRD,TX,ASW,CE,Federal Contract Tower,1,7,10,0,18,0,0,2,0,2,1,7,12,0,20,0,0,0,20
07/06/2003,LRD,TX,ASW,CE,Federal Contract Tower,2,15,28,0,45,0,0,11,0,11,2,15,39,0,56,0,0,0,56
07/07/2003,LRD,TX,ASW,CE,Federal Contract Tower,5,26,27,12,70,0,0,27,2,29,5,26,54,14,99,10,60,70,169
07/08/2003,LRD,TX,ASW,CE,Federal Contract Tower,12,31,40,24,107,0,0,23,2,25,12,31,63,26,132,10,78,88,220
07/09/2003,LRD,TX,ASW,CE,Federal Contract Tower,13,38,30,28,109,0,0,30,6,36,13,38,60,34,145,26,112,138,283
07/10/2003,LRD,TX,ASW,CE,Federal Contract Tower,11,34,38,23,106,0,8,47,7,62,11,42,85,30,168,36,40,76,244
07/11/2003,LRD,TX,ASW,CE,Federal Contract Tower,8,34,26,35,103,0,1,46,2,49,8,35,72,37,152,54,108,162,314
07/12/2003,LRD,TX,ASW,CE,Federal Contract Tower,8,13,21,0,42,0,0,31,0,31,8,13,52,0,73,44,0,44,117
07/13/2003,LRD,TX,ASW,CE,Federal Contract Tower,3,11,17,0,31,0,0,25,0,25,3,11,42,0,56,36,0,36,92
07/14/2003,LRD,TX,ASW,CE,Federal Contract Tower,5,24,32,21,82,0,0,25,1,26,5,24,57,22,108,16,116,132,240
07/15/2003,LRD,TX,ASW,CE,Federal Contract Tower,13,30,20,2,65,0,1,32,0,33,13,31,52,2,98,60,0,60,158
07/16/2003,LRD,TX,ASW,CE,Federal Contract Tower,9,24,25,4,62,0,1,22,0,23,9,25,47,4,85,0,14,14,99
07/17/2003,LRD,TX,ASW,CE,Federal Contract Tower,14,31,27,3,75,0,2,39,11,52,14,33,66,14,127,0,6,6,133
07/18/2003,LRD,TX,ASW,CE,Federal Contract Tower,8,28,32,8,76,0,1,38,5,44,8,29,70,13,120,0,0,0,120
07/19/2003,LRD,TX,ASW,CE,Federal Contract Tower,6,11,11,0,28,0,0,25,0,25,6,11,36,0,53,8,0,8,61
07/20/2003,LRD,TX,ASW,CE,Federal Contract Tower,2,16,26,0,44,0,0,15,0,15,2,16,41,0,59,12,0,12,71
07/21/2003,LRD,TX,ASW,CE,Federal Contract Tower,7,25,36,32,100,0,3,52,12,67,7,28,88,44,167,18,38,56,223
07/22/2003,LRD,TX,ASW,CE,Federal Contract Tower,10,31,36,36,113,0,2,50,6,58,10,33,86,42,171,24,118,142,313
07/23/2003,LRD,TX,ASW,CE,Federal Contract Tower,12,40,43,45,140,0,0,47,9,56,12,40,90,54,196,66,102,168,364
07/24/2003,LRD,TX,ASW,CE,Federal Contract Tower,10,40,36,45,131,0,0,45,5,50,10,40,81,50,181,60,98,158,339
07/25/2003,LRD,TX,ASW,CE,Federal Contract Tower,7,27,36,20,90,0,0,56,1,57,7,27,92,21,147,26,112,138,285
07/26/2003,LRD,TX,ASW,CE,Federal Contract Tower,7,10,12,0,29,0,0,28,0,28,7,10,40,0,57,44,0,44,101
07/27/2003,LRD,TX,ASW,CE,Federal Contract Tower,4,12,28,0,44,0,0,19,0,19,4,12,47,0,63,4,0,4,67
07/28/2003,LRD,TX,ASW,CE,Federal Contract Tower,9,25,29,30,93,0,1,26,2,29,9,26,55,32,122,22,0,22,144
07/29/2003,LRD,TX,ASW,CE,Federal Contract Tower,9,25,31,28,93,0,2,60,2,64,9,27,91,30,157,26,44,70,227
07/30/2003,LRD,TX,ASW,CE,Federal Contract Tower,10,36,55,28,129,0,1,48,7,56,10,37,103,35,185,96,204,300,485
07/31/2003,LRD,TX,ASW,CE,Federal Contract Tower,14,39,38,18,109,0,0,42,3,45,14,39,80,21,154,34,120,154,308
08/01/2003,LRD,TX,ASW,CE,Federal Contract Tower,8,41,46,28,123,0,0,43,3,46,8,41,89,31,169,12,100,112,281
08/02/2003,LRD,TX,ASW,CE,Federal Contract Tower,5,14,22,0,41,0,3,22,0,25,5,17,44,0,66,6,0,6,72
08/03/2003,LRD,TX,ASW,CE,Federal Contract Tower,5,11,13,0,29,0,0,31,0,31,5,11,44,0,60,10,0,10,70
08/04/2003,LRD,TX,ASW,CE,Federal Contract Tower,6,33,39,30,108,0,0,40,4,44,6,33,79,34,152,6,102,108,260
08/05/2003,LRD,TX,ASW,CE,Federal Contract Tower,11,33,29,22,95,0,3,40,6,49,11,36,69,28,144,28,36,64,208
08/06/2003,LRD,TX,ASW,CE,Federal Contract Tower,11,39,40,45,135,0,0,59,5,64,11,39,99,50,199,26,66,92,291
08/07/2003,LRD,TX,ASW,CE,Federal Contract Tower,9,35,46,28,118,0,0,52,4,56,9,35,98,32,174,24,4,28,202
08/08/2003,LRD,TX,ASW,CE,Federal Contract Tower,9,39,27,27,102,0,0,49,5,54,9,39,76,32,156,44,170,214,370
08/09/2003,LRD,TX,ASW,CE,Federal Contract Tower,5,12,17,0,34,0,0,49,0,49,5,12,66,0,83,6,0,6,89
08/10/2003,LRD,TX,ASW,CE,Federal Contract Tower,2,12,30,0,44,0,0,26,0,26,2,12,56,0,70,10,0,10,80
08/11/2003,LRD,TX,ASW,CE,Federal Contract Tower,8,44,41,37,130,0,0,40,13,53,8,44,81,50,183,60,54,114,297
08/12/2003,LRD,TX,ASW,CE,Federal Contract Tower,17,43,36,46,142,0,0,39,18,57,17,43,75,64,199,10,0,10,209
08/13/2003,LRD,TX,ASW,CE,Federal Contract Tower,18,44,38,24,124,0,1,23,3,27,18,45,61,27,151,32,22,54,205
08/14/2003,LRD,TX,ASW,CE,Federal Contract Tower,19,39,52,8,118,0,0,24,2,26,19,39,76,10,144,0,42,42,186
08/15/2003,LRD,TX,ASW,CE,Federal Contract Tower,9,41,33,14,97,0,0,31,0,31,9,41,64,14,128,74,34,108,236
08/16/2003,LRD,TX,ASW,CE,Federal Contract Tower,9,10,16,0,35,0,0,1,0,1,9,10,17,0,36,0,0,0,36
08/17/2003,LRD,TX,ASW,CE,Federal Contract Tower,3,14,21,0,38,0,0,27,0,27,3,14,48,0,65,22,0,22,87
08/18/2003,LRD,TX,ASW,CE,Federal Contract Tower,5,34,24,19,82,0,0,39,7,46,5,34,63,26,128,68,40,108,236
08/19/2003,LRD,TX,ASW,CE,Federal Contract Tower,9,41,27,37,114,0,1,39,5,45,9,42,66,42,159,10,16,26,185
08/20/2003,LRD,TX,ASW,CE,Federal Contract Tower,16,43,42,40,141,0,1,40,5,46,16,44,82,45,187,12,88,100,287
08/21/2003,LRD,TX,ASW,CE,Federal Contract Tower,20,39,51,23,133,0,0,52,10,62,20,39,103,33,195,126,52,178,373
08/22/2003,LRD,TX,ASW,CE,Federal Contract Tower,11,44,30,19,104,0,1,40,3,44,11,45,70,22,148,44,40,84,232
08/23/2003,LRD,TX,ASW,CE,Federal Contract Tower,6,12,20,0,38,0,0,19,0,19,6,12,39,0,57,40,0,40,97
08/24/2003,LRD,TX,ASW,CE,Federal Contract Tower,4,20,22,1,47,0,0,33,2,35,4,20,55,3,82,36,4,40,122
08/25/2003,LRD,TX,ASW,CE,Federal Contract Tower,8,29,24,18,79,0,0,44,6,50,8,29,68,24,129,48,22,70,199
08/26/2003,LRD,TX,ASW,CE,Federal Contract Tower,13,36,30,62,141,0,0,49,5,54,13,36,79,67,195,14,78,92,287
08/27/2003,LRD,TX,ASW,CE,Federal Contract Tower,12,38,23,64,137,0,0,36,9,45,12,38,59,73,182,38,236,274,456
08/28/2003,LRD,TX,ASW,CE,Federal Contract Tower,12,46,48,36,142,0,5,39,14,58,12,51,87,50,200,60,88,148,348
08/29/2003,LRD,TX,ASW,CE,Federal Contract Tower,9,38,32,43,122,0,1,52,0,53,9,39,84,43,175,8,70,78,253
08/30/2003,LRD,TX,ASW,CE,Federal Contract Tower,7,17,21,0,45,0,0,28,0,28,7,17,49,0,73,4,0,4,77
08/31/2003,LRD,TX,ASW,CE,Federal Contract Tower,3,10,10,12,35,0,1,22,3,26,3,11,32,15,61,0,4,4,65
09/01/2003,LRD,TX,ASW,CE,Federal Contract Tower,2,21,32,2,57,0,0,18,0,18,2,21,50,2,75,60,0,60,135
09/02/2003,LRD,TX,ASW,CE,Federal Contract Tower,5,36,36,6,83,0,3,16,10,29,5,39,52,16,112,0,0,0,112
09/03/2003,LRD,TX,ASW,CE,Federal Contract Tower,21,51,30,10,112,0,0,21,0,21,21,51,51,10,133,32,0,32,165
09/04/2003,LRD,TX,ASW,CE,Federal Contract Tower,12,43,35,13,103,0,3,27,7,37,12,46,62,20,140,54,14,68,208
09/05/2003,LRD,TX,ASW,CE,Federal Contract Tower,15,38,33,18,104,0,0,41,0,41,15,38,74,18,145,50,0,50,195
09/06/2003,LRD,TX,ASW,CE,Federal Contract Tower,7,16,12,7,42,0,0,42,1,43,7,16,54,8,85,66,76,142,227
09/07/2003,LRD,TX,ASW,CE,Federal Contract Tower,2,13,15,1,31,0,0,24,1,25,2,13,39,2,56,22,0,22,78
09/08/2003,LRD,TX,ASW,CE,Federal Contract Tower,10,29,25,37,101,0,1,40,10,51,10,30,65,47,152,42,122,164,316
09/09/2003,LRD,TX,ASW,CE,Federal Contract Tower,14,38,39,20,111,0,1,58,11,70,14,39,97,31,181,116,56,172,353
09/10/2003,LRD,TX,ASW,CE,Federal Contract Tower,10,41,38,59,148,0,0,60,5,65,10,41,98,64,213,76,28,104,317
09/11/2003,LRD,TX,ASW,CE,Federal Contract Tower,10,32,56,55,153,0,0,26,15,41,10,32,82,70,194,46,208,254,448
09/12/2003,LRD,TX,ASW,CE,Federal Contract Tower,10,34,44,10,98,0,1,29,0,30,10,35,73,10,128,74,14,88,216
09/13/2003,LRD,TX,ASW,CE,Federal Contract Tower,8,17,26,0,51,0,0,41,0,41,8,17,67,0,92,18,0,18,110
09/14/2003,LRD,TX,ASW,CE,Federal Contract Tower,3,15,21,4,43,0,0,14,0,14,3,15,35,4,57,10,0,10,67
09/15/2003,LRD,TX,ASW,CE,Federal Contract Tower,7,38,35,8,88,0,0,30,2,32,7,38,65,10,120,42,8,50,170
09/16/2003,LRD,TX,ASW,CE,Federal Contract Tower,13,31,58,27,129,0,1,25,4,30,13,32,83,31,159,32,36,68,227
09/17/2003,LRD,TX,ASW,CE,Federal Contract Tower,14,38,59,35,146,0,8,30,3,41,14,46,89,38,187,82,20,102,289
09/18/2003,LRD,TX,ASW,CE,Federal Contract Tower,16,57,56,0,129,0,0,14,0,14,16,57,70,0,143,0,0,0,143
09/19/2003,LRD,TX,ASW,CE,Federal Contract Tower,10,47,38,0,95,0,0,5,2,7,10,47,43,2,102,22,0,22,124
09/20/2003,LRD,TX,ASW,CE,Federal Contract Tower,7,26,31,0,64,0,0,9,2,11,7,26,40,2,75,0,0,0,75
09/21/2003,LRD,TX,ASW,CE,Federal Contract Tower,3,13,31,0,47,0,0,1,0,1,3,13,32,0,48,10,0,10,58
09/22/2003,LRD,TX,ASW,CE,Federal Contract Tower,6,37,37,21,101,0,0,20,1,21,6,37,57,22,122,54,28,82,204
09/23/2003,LRD,TX,ASW,CE,Federal Contract Tower,17,34,52,26,129,0,0,36,2,38,17,34,88,28,167,34,48,82,249
09/24/2003,LRD,TX,ASW,CE,Federal Contract Tower,11,54,68,35,168,0,4,30,0,34,11,58,98,35,202,64,30,94,296
09/25/2003,LRD,TX,ASW,CE,Federal Contract Tower,20,50,80,32,182,0,1,34,0,35,20,51,114,32,217,30,18,48,265
09/26/2003,LRD,TX,ASW,CE,Federal Contract Tower,12,40,60,23,135,0,0,39,3,42,12,40,99,26,177,32,110,142,319
09/27/2003,LRD,TX,ASW,CE,Federal Contract Tower,7,17,15,0,39,0,0,37,0,37,7,17,52,0,76,4,0,4,80
09/28/2003,LRD,TX,ASW,CE,Federal Contract Tower,3,14,39,4,60,0,0,29,0,29,3,14,68,4,89,28,0,28,117
09/29/2003,LRD,TX,ASW,CE,Federal Contract Tower,7,34,36,8,85,0,0,29,1,30,7,34,65,9,115,10,2,12,127
09/30/2003,LRD,TX,ASW,CE,Federal Contract Tower,14,33,24,2,73,1,1,56,0,58,15,34,80,2,131,44,0,44,175
10/01/2003,LRD,TX,ASW,CE,Federal Contract Tower,8,43,41,55,147,0,1,45,8,54,8,44,86,63,201,52,130,182,383
10/02/2003,LRD,TX,ASW,CE,Federal Contract Tower,14,42,42,38,136,0,0,46,8,54,14,42,88,46,190,52,52,104,294
10/03/2003,LRD,TX,ASW,CE,Federal Contract Tower,9,28,45,12,94,0,1,48,4,53,9,29,93,16,147,16,18,34,181
10/04/2003,LRD,TX,ASW,CE,Federal Contract Tower,6,12,30,0,48,0,1,7,0,8,6,13,37,0,56,8,0,8,64
10/05/2003,LRD,TX,ASW,CE,Federal Contract Tower,3,12,31,0,46,0,0,10,0,10,3,12,41,0,56,12,0,12,68
10/06/2003,LRD,TX,ASW,CE,Federal Contract Tower,3,25,31,41,100,0,0,26,3,29,3,25,57,44,129,10,48,58,187
10/07/2003,LRD,TX,ASW,CE,Federal Contract Tower,12,36,47,4,99,0,0,16,6,22,12,36,63,10,121,20,0,20,141
10/08/2003,LRD,TX,ASW,CE,Federal Contract Tower,11,39,52,36,138,0,0,7,2,9,11,39,59,38,147,42,2,44,191
10/09/2003,LRD,TX,ASW,CE,Federal Contract Tower,14,29,45,55,143,0,0,11,8,19,14,29,56,63,162,22,4,26,188
10/10/2003,LRD,TX,ASW,CE,Federal Contract Tower,16,40,55,0,111,0,0,23,0,23,16,40,78,0,134,20,0,20,154
10/11/2003,LRD,TX,ASW,CE,Federal Contract Tower,8,20,21,0,49,0,1,12,0,13,8,21,33,0,62,44,0,44,106
10/12/2003,LRD,TX,ASW,CE,Federal Contract Tower,2,12,25,0,39,0,0,3,0,3,2,12,28,0,42,0,0,0,42
10/13/2003,LRD,TX,ASW,CE,Federal Contract Tower,7,30,36,0,73,0,0,1,0,1,7,30,37,0,74,0,0,0,74
10/14/2003,LRD,TX,ASW,CE,Federal Contract Tower,9,34,48,23,114,0,0,27,18,45,9,34,75,41,159,54,2,56,215
10/15/2003,LRD,TX,ASW,CE,Federal Contract Tower,12,33,36,13,94,0,0,49,13,62,12,33,85,26,156,84,32,116,272
10/16/2003,LRD,TX,ASW,CE,Federal Contract Tower,12,35,48,33,128,0,4,27,1,32,12,39,75,34,160,0,98,98,258
10/17/2003,LRD,TX,ASW,CE,Federal Contract Tower,10,31,44,4,89,0,1,23,0,24,10,32,67,4,113,26,0,26,139
10/18/2003,LRD,TX,ASW,CE,Federal Contract Tower,7,16,14,2,39,0,0,28,0,28,7,16,42,2,67,24,6,30,97
10/19/2003,LRD,TX,ASW,CE,Federal Contract Tower,2,10,17,6,35,0,0,47,2,49,2,10,64,8,84,36,0,36,120
10/20/2003,LRD,TX,ASW,CE,Federal Contract Tower,8,26,28,13,75,0,0,43,3,46,8,26,71,16,121,14,50,64,185
10/21/2003,LRD,TX,ASW,CE,Federal Contract Tower,16,38,37,34,125,0,1,59,4,64,16,39,96,38,189,28,40,68,257
10/22/2003,LRD,TX,ASW,CE,Federal Contract Tower,12,34,34,19,99,0,1,35,1,37,12,35,69,20,136,8,0,8,144
10/23/2003,LRD,TX,ASW,CE,Federal Contract Tower,12,32,36,18,98,0,1,51,4,56,12,33,87,22,154,14,116,130,284
10/24/2003,LRD,TX,ASW,CE,Federal Contract Tower,8,37,38,12,95,0,1,47,0,48,8,38,85,12,143,24,0,24,167
10/25/2003,LRD,TX,ASW,CE,Federal Contract Tower,9,21,21,2,53,0,0,15,0,15,9,21,36,2,68,22,0,22,90
10/26/2003,LRD,TX,ASW,CE,Federal Contract Tower,2,10,30,0,42,0,0,11,0,11,2,10,41,0,53,6,0,6,59
10/27/2003,LRD,TX,ASW,CE,Federal Contract Tower,5,32,30,35,102,0,0,39,3,42,5,32,69,38,144,74,76,150,294
10/28/2003,LRD,TX,ASW,CE,Federal Contract Tower,12,40,44,22,118,0,0,65,10,75,12,40,109,32,193,32,122,154,347
10/29/2003,LRD,TX,ASW,CE,Federal Contract Tower,12,44,58,27,141,0,0,58,11,69,12,44,116,38,210,28,148,176,386
10/30/2003,LRD,TX,ASW,CE,Federal Contract Tower,13,32,42,30,117,0,2,34,1,37,13,34,76,31,154,18,4,22,176
10/31/2003,LRD,TX,ASW,CE,Federal Contract Tower,7,42,42,14,105,0,0,30,1,31,7,42,72,15,136,2,0,2,138
11/01/2003,LRD,TX,ASW,CE,Federal Contract Tower,9,19,15,0,43,0,0,20,0,20,9,19,35,0,63,10,0,10,73
11/02/2003,LRD,TX,ASW,CE,Federal Contract Tower,4,12,29,8,53,0,0,9,5,14,4,12,38,13,67,0,0,0,67
11/03/2003,LRD,TX,ASW,CE,Federal Contract Tower,6,38,45,18,107,0,0,28,0,28,6,38,73,18,135,52,0,52,187
11/04/2003,LRD,TX,ASW,CE,Federal Contract Tower,10,43,50,5,108,0,0,47,6,53,10,43,97,11,161,28,10,38,199
11/05/2003,LRD,TX,ASW,CE,Federal Contract Tower,19,54,57,37,167,1,0,23,9,33,20,54,80,46,200,4,22,26,226
11/06/2003,LRD,TX,ASW,CE,Federal Contract Tower,17,52,63,82,214,0,0,20,11,31,17,52,83,93,245,22,30,52,297
11/07/2003,LRD,TX,ASW,CE,Federal Contract Tower,9,45,59,21,134,0,1,0,0,1,9,46,59,21,135,4,0,4,139
11/08/2003,LRD,TX,ASW,CE,Federal Contract Tower,12,18,24,0,54,0,0,0,0,0,12,18,24,0,54,0,0,0,54
11/09/2003,LRD,TX,ASW,CE,Federal Contract Tower,5,20,31,0,56,0,0,0,0,0,5,20,31,0,56,0,0,0,56
11/10/2003,LRD,TX,ASW,CE,Federal Contract Tower,5,36,44,4,89,0,0,7,4,11,5,36,51,8,100,4,0,4,104
11/11/2003,LRD,TX,ASW,CE,Federal Contract Tower,9,36,56,0,101,0,1,31,0,32,9,37,87,0,133,18,0,18,151
11/12/2003,LRD,TX,ASW,CE,Federal Contract Tower,10,34,47,21,112,0,0,39,13,52,10,34,86,34,164,74,76,150,314
11/13/2003,LRD,TX,ASW,CE,Federal Contract Tower,12,50,61,26,149,0,1,19,4,24,12,51,80,30,173,26,0,26,199
11/14/2003,LRD,TX,ASW,CE,Federal Contract Tower,15,53,51,24,143,0,0,22,2,24,15,53,73,26,167,46,4,50,217
11/15/2003,LRD,TX,ASW,CE,Federal Contract Tower,7,26,19,5,57,0,0,17,3,20,7,26,36,8,77,18,0,18,95
11/16/2003,LRD,TX,ASW,CE,Federal Contract Tower,5,25,34,3,67,0,0,25,1,26,5,25,59,4,93,22,2,24,117
11/17/2003,LRD,TX,ASW,CE,Federal Contract Tower,3,28,45,16,92,0,0,18,0,18,3,28,63,16,110,36,0,36,146
11/18/2003,LRD,TX,ASW,CE,Federal Contract Tower,10,40,42,25,117,0,0,50,4,54,10,40,92,29,171,44,210,254,425
11/19/2003,LRD,TX,ASW,CE,Federal Contract Tower,14,53,56,32,155,0,0,75,8,83,14,53,131,40,238,36,108,144,382
11/20/2003,LRD,TX,ASW,CE,Federal Contract Tower,14,33,56,50,153,0,0,74,4,78,14,33,130,54,231,50,64,114,345
11/21/2003,LRD,TX,ASW,CE,Federal Contract Tower,8,45,28,27,108,0,0,61,3,64,8,45,89,30,172,88,124,212,384
11/22/2003,LRD,TX,ASW,CE,Federal Contract Tower,7,17,41,11,76,0,0,48,3,51,7,17,89,14,127,44,60,104,231
11/23/2003,LRD,TX,ASW,CE,Federal Contract Tower,2,13,28,2,45,0,0,23,0,23,2,13,51,2,68,0,0,0,68
11/24/2003,LRD,TX,ASW,CE,Federal Contract Tower,7,35,49,25,116,0,0,38,16,54,7,35,87,41,170,34,222,256,426
11/25/2003,LRD,TX,ASW,CE,Federal Contract Tower,14,39,45,33,131,0,0,52,7,59,14,39,97,40,190,26,172,198,388
11/26/2003,LRD,TX,ASW,CE,Federal Contract Tower,7,41,35,2,85,0,0,31,0,31,7,41,66,2,116,76,0,76,192
11/27/2003,LRD,TX,ASW,CE,Federal Contract Tower,5,14,17,0,36,0,0,26,0,26,5,14,43,0,62,0,0,0,62
11/28/2003,LRD,TX,ASW,CE,Federal Contract Tower,5,28,27,0,60,0,0,55,0,55,5,28,82,0,115,34,0,34,149
11/29/2003,LRD,TX,ASW,CE,Federal Contract Tower,3,14,19,0,36,0,3,25,0,28,3,17,44,0,64,20,0,20,84
11/30/2003,LRD,TX,ASW,CE,Federal Contract Tower,2,15,49,0,66,0,0,40,0,40,2,15,89,0,106,16,0,16,122
12/01/2003,LRD,TX,ASW,CE,Federal Contract Tower,6,26,58,35,125,0,0,39,18,57,6,26,97,53,182,44,30,74,256
12/02/2003,LRD,TX,ASW,CE,Federal Contract Tower,10,48,37,37,132,0,1,47,16,64,10,49,84,53,196,76,116,192,388
12/03/2003,LRD,TX,ASW,CE,Federal Contract Tower,13,39,46,47,145,1,0,19,9,29,14,39,65,56,174,0,16,16,190
12/04/2003,LRD,TX,ASW,CE,Federal Contract Tower,12,39,69,25,145,0,0,27,9,36,12,39,96,34,181,52,0,52,233
12/05/2003,LRD,TX,ASW,CE,Federal Contract Tower,12,44,52,20,128,0,0,29,2,31,12,44,81,22,159,28,74,102,261
12/06/2003,LRD,TX,ASW,CE,Federal Contract Tower,10,22,25,0,57,0,0,39,0,39,10,22,64,0,96,42,0,42,138
12/07/2003,LRD,TX,ASW,CE,Federal Contract Tower,3,15,20,4,42,0,0,33,0,33,3,15,53,4,75,24,8,32,107
12/08/2003,LRD,TX,ASW,CE,Federal Contract Tower,9,34,48,32,123,0,1,53,1,55,9,35,101,33,178,38,98,136,314
12/09/2003,LRD,TX,ASW,CE,Federal Contract Tower,16,45,45,18,124,0,0,20,6,26,16,45,65,24,150,18,2,20,170
12/10/2003,LRD,TX,ASW,CE,Federal Contract Tower,11,38,39,24,112,0,0,55,6,61,11,38,94,30,173,12,64,76,249
12/11/2003,LRD,TX,ASW,CE,Federal Contract Tower,12,41,50,22,125,0,0,66,14,80,12,41,116,36,205,18,40,58,263
12/12/2003,LRD,TX,ASW,CE,Federal Contract Tower,8,42,56,45,151,0,5,16,5,26,8,47,72,50,177,2,134,136,313
12/13/2003,LRD,TX,ASW,CE,Federal Contract Tower,12,14,14,10,50,0,0,28,5,33,12,14,42,15,83,16,26,42,125
12/14/2003,LRD,TX,ASW,CE,Federal Contract Tower,4,13,34,0,51,0,0,27,0,27,4,13,61,0,78,0,0,0,78
12/15/2003,LRD,TX,ASW,CE,Federal Contract Tower,7,29,40,67,143,0,0,37,13,50,7,29,77,80,193,4,184,188,381
12/16/2003,LRD,TX,ASW,CE,Federal Contract Tower,13,39,46,29,127,0,0,38,13,51,13,39,84,42,178,0,54,54,232
12/17/2003,LRD,TX,ASW,CE,Federal Contract Tower,18,38,41,27,124,0,0,66,3,69,18,38,107,30,193,24,62,86,279
12/18/2003,LRD,TX,ASW,CE,Federal Contract Tower,17,41,50,19,127,1,0,72,3,76,18,41,122,22,203,18,10,28,231
12/19/2003,LRD,TX,ASW,CE,Federal Contract Tower,9,53,48,18,128,0,2,51,5,58,9,55,99,23,186,28,44,72,258
12/20/2003,LRD,TX,ASW,CE,Federal Contract Tower,9,18,27,0,54,0,0,28,0,28,9,18,55,0,82,12,0,12,94
12/21/2003,LRD,TX,ASW,CE,Federal Contract Tower,4,17,29,0,50,0,0,25,0,25,4,17,54,0,75,22,0,22,97
12/22/2003,LRD,TX,ASW,CE,Federal Contract Tower,9,31,38,10,88,0,0,32,5,37,9,31,70,15,125,46,2,48,173
12/23/2003,LRD,TX,ASW,CE,Federal Contract Tower,12,38,25,4,79,0,0,40,2,42,12,38,65,6,121,0,0,0,121
12/24/2003,LRD,TX,ASW,CE,Federal Contract Tower,5,21,15,0,41,0,1,37,0,38,5,22,52,0,79,8,0,8,87
12/25/2003,LRD,TX,ASW,CE,Federal Contract Tower,2,13,12,0,27,0,0,6,0,6,2,13,18,0,33,0,0,0,33
12/26/2003,LRD,TX,ASW,CE,Federal Contract Tower,5,28,61,0,94,0,0,11,0,11,5,28,72,0,105,0,0,0,105
12/27/2003,LRD,TX,ASW,CE,Federal Contract Tower,3,19,28,0,50,0,0,10,0,10,3,19,38,0,60,0,0,0,60
12/28/2003,LRD,TX,ASW,CE,Federal Contract Tower,2,19,45,0,66,0,0,10,0,10,2,19,55,0,76,12,0,12,88
12/29/2003,LRD,TX,ASW,CE,Federal Contract Tower,7,25,28,0,60,0,0,34,0,34,7,25,62,0,94,14,0,14,108
12/30/2003,LRD,TX,ASW,CE,Federal Contract Tower,13,32,31,0,76,0,0,51,0,51,13,32,82,0,127,4,0,4,131
12/31/2003,LRD,TX,ASW,CE,Federal Contract Tower,5,25,28,0,58,0,1,23,0,24,5,26,51,0,82,16,0,16,98
01/01/2004,LRD,TX,ASW,CE,Federal Contract Tower,2,14,24,0,40,0,0,18,0,18,2,14,42,0,58,10,0,10,68
01/02/2004,LRD,TX,ASW,CE,Federal Contract Tower,3,32,53,0,88,0,1,37,0,38,3,33,90,0,126,10,0,10,136
01/03/2004,LRD,TX,ASW,CE,Federal Contract Tower,1,16,45,0,62,0,0,23,0,23,1,16,68,0,85,46,0,46,131
01/04/2004,LRD,TX,ASW,CE,Federal Contract Tower,2,19,54,0,75,0,0,16,0,16,2,19,70,0,91,0,0,0,91
01/05/2004,LRD,TX,ASW,CE,Federal Contract Tower,7,28,42,5,82,0,0,24,1,25,7,28,66,6,107,0,52,52,159
01/06/2004,LRD,TX,ASW,CE,Federal Contract Tower,13,31,55,8,107,0,0,24,10,34,13,31,79,18,141,10,32,42,183
01/07/2004,LRD,TX,ASW,CE,Federal Contract Tower,14,35,40,12,101,0,0,30,0,30,14,35,70,12,131,8,0,8,139
01/08/2004,LRD,TX,ASW,CE,Federal Contract Tower,8,42,51,34,135,0,0,5,0,5,8,42,56,34,140,0,0,0,140
01/09/2004,LRD,TX,ASW,CE,Federal Contract Tower,10,28,45,22,105,0,1,105,0,106,10,29,150,22,211,62,56,118,329
01/10/2004,LRD,TX,ASW,CE,Federal Contract Tower,5,18,18,6,47,0,1,49,2,52,5,19,67,8,99,42,0,42,141
01/11/2004,LRD,TX,ASW,CE,Federal Contract Tower,2,13,36,2,53,0,0,48,2,50,2,13,84,4,103,30,4,34,137
01/12/2004,LRD,TX,ASW,CE,Federal Contract Tower,8,30,35,10,83,0,0,47,2,49,8,30,82,12,132,36,20,56,188
01/13/2004,LRD,TX,ASW,CE,Federal Contract Tower,13,38,35,29,115,0,0,56,5,61,13,38,91,34,176,20,16,36,212
01/14/2004,LRD,TX,ASW,CE,Federal Contract Tower,12,39,48,5,104,0,1,13,0,14,12,40,61,5,118,0,0,0,118
01/15/2004,LRD,TX,ASW,CE,Federal Contract Tower,9,41,55,28,133,0,0,20,0,20,9,41,75,28,153,10,16,26,179
01/16/2004,LRD,TX,ASW,CE,Federal Contract Tower,8,29,59,0,96,0,0,5,0,5,8,29,64,0,101,4,0,4,105
01/17/2004,LRD,TX,ASW,CE,Federal Contract Tower,8,15,26,0,49,0,0,26,0,26,8,15,52,0,75,32,0,32,107
01/18/2004,LRD,TX,ASW,CE,Federal Contract Tower,2,15,32,6,55,0,0,18,0,18,2,15,50,6,73,6,0,6,79
01/19/2004,LRD,TX,ASW,CE,Federal Contract Tower,4,21,36,4,65,0,0,47,0,47,4,21,83,4,112,44,0,44,156
01/20/2004,LRD,TX,ASW,CE,Federal Contract Tower,11,43,53,35,142,0,2,44,11,57,11,45,97,46,199,18,92,110,309
01/21/2004,LRD,TX,ASW,CE,Federal Contract Tower,6,30,59,21,116,0,0,12,0,12,6,30,71,21,128,0,96,96,224
01/22/2004,LRD,TX,ASW,CE,Federal Contract Tower,9,40,74,2,125,0,0,3,0,3,9,40,77,2,128,0,0,0,128
01/23/2004,LRD,TX,ASW,CE,Federal Contract Tower,9,43,83,8,143,0,0,0,0,0,9,43,83,8,143,0,0,0,143
01/24/2004,LRD,TX,ASW,CE,Federal Contract Tower,9,27,37,0,73,0,0,15,0,15,9,27,52,0,88,8,0,8,96
01/25/2004,LRD,TX,ASW,CE,Federal Contract Tower,2,20,38,4,64,0,0,46,0,46,2,20,84,4,110,34,0,34,144
01/26/2004,LRD,TX,ASW,CE,Federal Contract Tower,4,28,35,32,99,0,2,33,4,39,4,30,68,36,138,8,126,134,272
01/27/2004,LRD,TX,ASW,CE,Federal Contract Tower,10,35,27,14,86,0,0,62,12,74,10,35,89,26,160,36,32,68,228
01/28/2004,LRD,TX,ASW,CE,Federal Contract Tower,11,35,35,15,96,0,0,42,0,42,11,35,77,15,138,38,80,118,256
01/29/2004,LRD,TX,ASW,CE,Federal Contract Tower,10,51,52,12,125,0,0,6,0,6,10,51,58,12,131,0,0,0,131
01/30/2004,LRD,TX,ASW,CE,Federal Contract Tower,10,35,60,25,130,0,0,46,1,47,10,35,106,26,177,30,90,120,297
01/31/2004,LRD,TX,ASW,CE,Federal Contract Tower,8,25,38,0,71,0,0,28,0,28,8,25,66,0,99,20,0,20,119
02/01/2004,LRD,TX,ASW,CE,Federal Contract Tower,1,15,37,0,53,0,0,28,0,28,1,15,65,0,81,36,0,36,117
02/02/2004,LRD,TX,ASW,CE,Federal Contract Tower,7,28,19,21,75,0,0,36,6,42,7,28,55,27,117,48,68,116,233
02/03/2004,LRD,TX,ASW,CE,Federal Contract Tower,13,32,39,21,105,0,0,38,13,51,13,32,77,34,156,6,66,72,228
02/04/2004,LRD,TX,ASW,CE,Federal Contract Tower,11,31,64,29,135,0,1,20,5,26,11,32,84,34,161,24,2,26,187
02/05/2004,LRD,TX,ASW,CE,Federal Contract Tower,12,35,61,19,127,0,0,57,6,63,12,35,118,25,190,20,32,52,242
02/06/2004,LRD,TX,ASW,CE,Federal Contract Tower,12,39,50,2,103,0,0,44,2,46,12,39,94,4,149,20,16,36,185
02/07/2004,LRD,TX,ASW,CE,Federal Contract Tower,6,15,19,7,47,0,1,38,1,40,6,16,57,8,87,66,40,106,193
02/08/2004,LRD,TX,ASW,CE,Federal Contract Tower,4,14,34,0,52,0,0,16,0,16,4,14,50,0,68,10,0,10,78
02/09/2004,LRD,TX,ASW,CE,Federal Contract Tower,6,23,60,24,113,0,0,28,0,28,6,23,88,24,141,66,28,94,235
02/10/2004,LRD,TX,ASW,CE,Federal Contract Tower,13,37,48,10,108,0,0,4,0,4,13,37,52,10,112,0,0,0,112
02/11/2004,LRD,TX,ASW,CE,Federal Contract Tower,15,39,55,37,146,0,0,7,0,7,15,39,62,37,153,4,4,8,161
02/12/2004,LRD,TX,ASW,CE,Federal Contract Tower,13,41,52,23,129,1,0,16,0,17,14,41,68,23,146,0,42,42,188
02/13/2004,LRD,TX,ASW,CE,Federal Contract Tower,11,38,45,6,100,0,0,11,1,12,11,38,56,7,112,0,24,24,136
02/14/2004,LRD,TX,ASW,CE,Federal Contract Tower,10,13,15,1,39,0,1,61,5,67,10,14,76,6,106,250,64,314,420
02/15/2004,LRD,TX,ASW,CE,Federal Contract Tower,4,12,22,1,39,0,0,54,0,54,4,12,76,1,93,12,0,12,105
02/16/2004,LRD,TX,ASW,CE,Federal Contract Tower,5,24,29,0,58,0,0,61,0,61,5,24,90,0,119,114,0,114,233
02/17/2004,LRD,TX,ASW,CE,Federal Contract Tower,14,42,38,12,106,0,0,69,10,79,14,42,107,22,185,54,82,136,321
02/18/2004,LRD,TX,ASW,CE,Federal Contract Tower,12,35,42,23,112,0,0,63,5,68,12,35,105,28,180,76,92,168,348
02/19/2004,LRD,TX,ASW,CE,Federal Contract Tower,14,35,57,50,156,0,0,50,10,60,14,35,107,60,216,24,28,52,268
02/20/2004,LRD,TX,ASW,CE,Federal Contract Tower,11,36,39,31,117,0,0,61,5,66,11,36,100,36,183,52,164,216,399
02/21/2004,LRD,TX,ASW,CE,Federal Contract Tower,6,20,20,2,48,0,0,50,0,50,6,20,70,2,98,40,0,40,138
02/22/2004,LRD,TX,ASW,CE,Federal Contract Tower,2,13,32,2,49,0,0,8,0,8,2,13,40,2,57,8,0,8,65
02/23/2004,LRD,TX,ASW,CE,Federal Contract Tower,4,35,36,27,102,0,0,40,3,43,4,35,76,30,145,70,104,174,319
02/24/2004,LRD,TX,ASW,CE,Federal Contract Tower,13,38,66,29,146,0,1,51,9,61,13,39,117,38,207,34,14,48,255
02/25/2004,LRD,TX,ASW,CE,Federal Contract Tower,10,35,54,38,137,0,1,23,10,34,10,36,77,48,171,18,124,142,313
02/26/2004,LRD,TX,ASW,CE,Federal Contract Tower,11,47,34,14,106,0,0,62,11,73,11,47,96,25,179,58,88,146,325
02/27/2004,LRD,TX,ASW,CE,Federal Contract Tower,8,35,39,4,86,0,0,62,2,64,8,35,101,6,150,88,44,132,282
02/28/2004,LRD,TX,ASW,CE,Federal Contract Tower,6,26,41,0,73,0,0,19,0,19,6,26,60,0,92,10,0,10,102
02/29/2004,LRD,TX,ASW,CE,Federal Contract Tower,5,15,27,6,53,0,0,27,0,27,5,15,54,6,80,44,10,54,134
03/01/2004,LRD,TX,ASW,CE,Federal Contract Tower,9,31,40,6,86,0,0,28,1,29,9,31,68,7,115,22,4,26,141
03/02/2004,LRD,TX,ASW,CE,Federal Contract Tower,18,48,55,4,125,0,0,13,6,19,18,48,68,10,144,8,0,8,152
03/03/2004,LRD,TX,ASW,CE,Federal Contract Tower,11,48,47,100,206,0,0,8,5,13,11,48,55,105,219,0,191,191,410
03/04/2004,LRD,TX,ASW,CE,Federal Contract Tower,11,41,36,5,93,0,0,15,0,15,11,41,51,5,108,8,0,8,116
03/05/2004,LRD,TX,ASW,CE,Federal Contract Tower,15,40,60,23,138,0,1,46,10,57,15,41,106,33,195,50,144,194,389
03/06/2004,LRD,TX,ASW,CE,Federal Contract Tower,6,16,27,0,49,0,0,35,0,35,6,16,62,0,84,26,0,26,110
03/07/2004,LRD,TX,ASW,CE,Federal Contract Tower,2,13,29,4,48,0,0,26,0,26,2,13,55,4,74,46,2,48,122
03/08/2004,LRD,TX,ASW,CE,Federal Contract Tower,5,29,37,12,83,0,0,58,2,60,5,29,95,14,143,40,52,92,235
03/09/2004,LRD,TX,ASW,CE,Federal Contract Tower,15,39,49,15,118,0,0,69,9,78,15,39,118,24,196,36,44,80,276
03/10/2004,LRD,TX,ASW,CE,Federal Contract Tower,14,47,40,14,115,0,0,70,9,79,14,47,110,23,194,28,48,76,270
03/11/2004,LRD,TX,ASW,CE,Federal Contract Tower,16,33,76,16,141,0,0,22,2,24,16,33,98,18,165,38,44,82,247
03/12/2004,LRD,TX,ASW,CE,Federal Contract Tower,14,42,60,10,126,0,0,4,0,4,14,42,64,10,130,0,0,0,130
03/13/2004,LRD,TX,ASW,CE,Federal Contract Tower,6,23,48,2,79,0,0,0,0,0,6,23,48,2,79,0,0,0,79
03/14/2004,LRD,TX,ASW,CE,Federal Contract Tower,5,15,24,0,44,0,0,3,0,3,5,15,27,0,47,0,0,0,47
03/15/2004,LRD,TX,ASW,CE,Federal Contract Tower,11,28,58,20,117,0,0,9,0,9,11,28,67,20,126,0,0,0,126
03/16/2004,LRD,TX,ASW,CE,Federal Contract Tower,11,40,62,12,125,0,0,36,12,48,11,40,98,24,173,54,4,58,231
03/17/2004,LRD,TX,ASW,CE,Federal Contract Tower,20,38,46,12,116,0,0,54,18,72,20,38,100,30,188,56,38,94,282
03/18/2004,LRD,TX,ASW,CE,Federal Contract Tower,24,46,61,20,151,1,2,22,10,35,25,48,83,30,186,34,0,34,220
03/19/2004,LRD,TX,ASW,CE,Federal Contract Tower,14,41,51,0,106,0,0,18,0,18,14,41,69,0,124,32,0,32,156
03/20/2004,LRD,TX,ASW,CE,Federal Contract Tower,10,19,33,1,63,0,0,12,0,12,10,19,45,1,75,30,0,30,105
03/21/2004,LRD,TX,ASW,CE,Federal Contract Tower,2,8,38,5,53,0,0,25,2,27,2,8,63,7,80,0,0,0,80
03/22/2004,LRD,TX,ASW,CE,Federal Contract Tower,16,36,45,22,119,0,0,25,4,29,16,36,70,26,148,22,44,66,214
03/23/2004,LRD,TX,ASW,CE,Federal Contract Tower,17,36,44,16,113,0,5,23,0,28,17,41,67,16,141,22,24,46,187
03/24/2004,LRD,TX,ASW,CE,Federal Contract Tower,15,41,51,14,121,0,1,44,1,46,15,42,95,15,167,32,0,32,199
03/25/2004,LRD,TX,ASW,CE,Federal Contract Tower,13,45,62,27,147,0,0,43,4,47,13,45,105,31,194,72,110,182,376
03/26/2004,LRD,TX,ASW,CE,Federal Contract Tower,8,32,48,26,114,0,0,22,0,22,8,32,70,26,136,44,74,118,254
03/27/2004,LRD,TX,ASW,CE,Federal Contract Tower,9,18,17,13,57,0,0,22,2,24,9,18,39,15,81,66,0,66,147
03/28/2004,LRD,TX,ASW,CE,Federal Contract Tower,5,15,22,1,43,0,0,17,11,28,5,15,39,12,71,24,6,30,101
03/29/2004,LRD,TX,ASW,CE,Federal Contract Tower,9,29,40,6,84,0,0,6,6,12,9,29,46,12,96,0,0,0,96
03/30/2004,LRD,TX,ASW,CE,Federal Contract Tower,16,37,34,10,97,0,0,68,7,75,16,37,102,17,172,72,10,82,254
03/31/2004,LRD,TX,ASW,CE,Federal Contract Tower,13,43,50,14,120,0,0,70,4,74,13,43,120,18,194,94,42,136,330
04/01/2004,LRD,TX,ASW,CE,Federal Contract Tower,18,39,29,33,119,0,2,64,19,85,18,41,93,52,204,44,146,190,394
04/02/2004,LRD,TX,ASW,CE,Federal Contract Tower,9,36,47,4,96,0,0,16,0,16,9,36,63,4,112,36,0,36,148
04/03/2004,LRD,TX,ASW,CE,Federal Contract Tower,10,23,38,0,71,0,1,20,0,21,10,24,58,0,92,8,0,8,100
04/04/2004,LRD,TX,ASW,CE,Federal Contract Tower,4,8,30,0,42,0,0,9,0,9,4,8,39,0,51,0,0,0,51
04/05/2004,LRD,TX,ASW,CE,Federal Contract Tower,12,25,29,22,88,0,0,17,3,20,12,25,46,25,108,46,2,48,156
04/06/2004,LRD,TX,ASW,CE,Federal Contract Tower,15,33,43,38,129,0,1,23,23,47,15,34,66,61,176,38,80,118,294
04/07/2004,LRD,TX,ASW,CE,Federal Contract Tower,16,36,62,13,127,0,0,46,16,62,16,36,108,29,189,0,74,74,263
04/08/2004,LRD,TX,ASW,CE,Federal Contract Tower,18,23,42,10,93,0,0,41,4,45,18,23,83,14,138,60,0,60,198
04/09/2004,LRD,TX,ASW,CE,Federal Contract Tower,6,26,36,12,80,0,0,31,8,39,6,26,67,20,119,6,100,106,225
04/10/2004,LRD,TX,ASW,CE,Federal Contract Tower,8,16,15,0,39,0,0,10,1,11,8,16,25,1,50,24,0,24,74
04/11/2004,LRD,TX,ASW,CE,Federal Contract Tower,1,9,32,4,46,0,0,9,0,9,1,9,41,4,55,8,0,8,63
04/12/2004,LRD,TX,ASW,CE,Federal Contract Tower,8,29,28,9,74,0,0,46,7,53,8,29,74,16,127,32,64,96,223
04/13/2004,LRD,TX,ASW,CE,Federal Contract Tower,13,32,37,18,100,0,0,74,2,76,13,32,111,20,176,52,22,74,250
04/14/2004,LRD,TX,ASW,CE,Federal Contract Tower,14,35,29,22,100,0,0,58,2,60,14,35,87,24,160,6,70,76,236
04/15/2004,LRD,TX,ASW,CE,Federal Contract Tower,14,39,52,14,119,0,1,52,0,53,14,40,104,14,172,38,26,64,236
04/16/2004,LRD,TX,ASW,CE,Federal Contract Tower,9,28,50,7,94,0,0,58,1,59,9,28,108,8,153,30,24,54,207
04/17/2004,LRD,TX,ASW,CE,Federal Contract Tower,5,16,23,2,46,0,0,18,0,18,5,16,41,2,64,0,0,0,64
04/18/2004,LRD,TX,ASW,CE,Federal Contract Tower,1,9,23,17,50,0,0,20,1,21,1,9,43,18,71,14,22,36,107
04/19/2004,LRD,TX,ASW,CE,Federal Contract Tower,6,20,46,44,116,0,0,28,8,36,6,20,74,52,152,60,76,136,288
04/20/2004,LRD,TX,ASW,CE,Federal Contract Tower,12,36,49,33,130,0,0,36,9,45,12,36,85,42,175,14,50,64,239
04/21/2004,LRD,TX,ASW,CE,Federal Contract Tower,13,38,27,41,119,0,1,43,9,53,13,39,70,50,172,70,52,122,294
04/22/2004,LRD,TX,ASW,CE,Federal Contract Tower,16,44,83,38,181,0,0,34,0,34,16,44,117,38,215,20,10,30,245
04/23/2004,LRD,TX,ASW,CE,Federal Contract Tower,12,32,57,24,125,0,0,23,0,23,12,32,80,24,148,58,44,102,250
04/24/2004,LRD,TX,ASW,CE,Federal Contract Tower,10,16,32,2,60,0,0,8,0,8,10,16,40,2,68,0,0,0,68
04/25/2004,LRD,TX,ASW,CE,Federal Contract Tower,3,21,47,0,71,0,0,5,0,5,3,21,52,0,76,2,0,2,78
04/26/2004,LRD,TX,ASW,CE,Federal Contract Tower,4,29,29,8,70,0,0,7,6,13,4,29,36,14,83,2,0,2,85
04/27/2004,LRD,TX,ASW,CE,Federal Contract Tower,10,30,53,49,142,0,0,49,2,51,10,30,102,51,193,20,116,136,329
04/28/2004,LRD,TX,ASW,CE,Federal Contract Tower,16,39,42,32,129,0,1,38,8,47,16,40,80,40,176,24,88,112,288
04/29/2004,LRD,TX,ASW,CE,Federal Contract Tower,18,40,64,34,156,0,0,41,6,47,18,40,105,40,203,0,8,8,211
04/30/2004,LRD,TX,ASW,CE,Federal Contract Tower,10,33,39,12,94,0,0,26,2,28,10,33,65,14,122,28,28,56,178
05/01/2004,LRD,TX,ASW,CE,Federal Contract Tower,9,19,20,2,50,0,0,3,0,3,9,19,23,2,53,6,0,6,59
05/02/2004,LRD,TX,ASW,CE,Federal Contract Tower,4,17,16,2,39,0,0,53,0,53,4,17,69,2,92,36,0,36,128
05/03/2004,LRD,TX,ASW,CE,Federal Contract Tower,6,33,28,31,98,0,0,52,7,59,6,33,80,38,157,8,152,160,317
05/04/2004,LRD,TX,ASW,CE,Federal Contract Tower,13,36,21,28,98,0,2,72,4,78,13,38,93,32,176,30,76,106,282
05/05/2004,LRD,TX,ASW,CE,Federal Contract Tower,17,52,43,33,145,0,1,49,6,56,17,53,92,39,201,4,70,74,275
05/06/2004,LRD,TX,ASW,CE,Federal Contract Tower,13,38,77,12,140,0,0,48,9,57,13,38,125,21,197,38,46,84,281
05/07/2004,LRD,TX,ASW,CE,Federal Contract Tower,10,33,47,20,110,0,1,29,0,30,10,34,76,20,140,2,32,34,174
05/08/2004,LRD,TX,ASW,CE,Federal Contract Tower,6,23,27,0,56,0,0,14,0,14,6,23,41,0,70,24,0,24,94
05/09/2004,LRD,TX,ASW,CE,Federal Contract Tower,2,10,20,5,37,0,0,19,0,19,2,10,39,5,56,24,0,24,80
05/10/2004,LRD,TX,ASW,CE,Federal Contract Tower,7,31,44,13,95,0,0,42,1,43,7,31,86,14,138,40,0,40,178
05/11/2004,LRD,TX,ASW,CE,Federal Contract Tower,14,46,35,6,101,0,0,30,0,30,14,46,65,6,131,40,0,40,171
05/12/2004,LRD,TX,ASW,CE,Federal Contract Tower,11,48,69,10,138,0,3,44,2,49,11,51,113,12,187,54,66,120,307
05/13/2004,LRD,TX,ASW,CE,Federal Contract Tower,10,58,63,11,142,0,1,17,0,18,10,59,80,11,160,12,2,14,174
05/14/2004,LRD,TX,ASW,CE,Federal Contract Tower,7,48,36,17,108,0,0,40,4,44,7,48,76,21,152,24,58,82,234
05/15/2004,LRD,TX,ASW,CE,Federal Contract Tower,16,24,19,1,60,0,0,28,2,30,16,24,47,3,90,38,0,38,128
05/16/2004,LRD,TX,ASW,CE,Federal Contract Tower,5,14,45,0,64,0,0,22,0,22,5,14,67,0,86,32,0,32,118
05/17/2004,LRD,TX,ASW,CE,Federal Contract Tower,8,29,34,30,101,0,0,49,8,57,8,29,83,38,158,32,28,60,218
05/18/2004,LRD,TX,ASW,CE,Federal Contract Tower,11,49,46,20,126,0,0,52,0,52,11,49,98,20,178,48,28,76,254
05/19/2004,LRD,TX,ASW,CE,Federal Contract Tower,13,39,42,32,126,0,0,45,6,51,13,39,87,38,177,6,42,48,225
05/20/2004,LRD,TX,ASW,CE,Federal Contract Tower,8,46,44,8,106,0,0,55,0,55,8,46,99,8,161,8,64,72,233
05/21/2004,LRD,TX,ASW,CE,Federal Contract Tower,8,41,59,14,122,0,1,54,0,55,8,42,113,14,177,8,0,8,185
05/22/2004,LRD,TX,ASW,CE,Federal Contract Tower,10,15,10,0,35,0,0,33,0,33,10,15,43,0,68,0,0,0,68
05/23/2004,LRD,TX,ASW,CE,Federal Contract Tower,4,13,10,0,27,0,0,36,0,36,4,13,46,0,63,44,0,44,107
05/24/2004,LRD,TX,ASW,CE,Federal Contract Tower,7,32,30,3,72,0,0,39,9,48,7,32,69,12,120,12,56,68,188
05/25/2004,LRD,TX,ASW,CE,Federal Contract Tower,13,41,29,13,96,0,0,48,9,57,13,41,77,22,153,0,52,52,205
05/26/2004,LRD,TX,ASW,CE,Federal Contract Tower,12,40,60,40,152,0,1,65,6,72,12,41,125,46,224,28,60,88,312
05/27/2004,LRD,TX,ASW,CE,Federal Contract Tower,15,35,46,61,157,0,0,68,1,69,15,35,114,62,226,8,120,128,354
05/28/2004,LRD,TX,ASW,CE,Federal Contract Tower,10,33,33,5,81,0,2,59,1,62,10,35,92,6,143,56,28,84,227
05/29/2004,LRD,TX,ASW,CE,Federal Contract Tower,5,21,26,0,52,0,0,21,0,21,5,21,47,0,73,0,0,0,73
05/30/2004,LRD,TX,ASW,CE,Federal Contract Tower,4,6,18,0,28,0,0,28,0,28,4,6,46,0,56,38,0,38,94
05/31/2004,LRD,TX,ASW,CE,Federal Contract Tower,3,17,37,0,57,0,0,27,0,27,3,17,64,0,84,6,0,6,90
06/01/2004,LRD,TX,ASW,CE,Federal Contract Tower,8,30,44,19,101,0,0,37,24,61,8,30,81,43,162,26,100,126,288
06/02/2004,LRD,TX,ASW,CE,Federal Contract Tower,15,42,48,21,126,0,5,47,24,76,15,47,95,45,202,30,72,102,304
06/03/2004,LRD,TX,ASW,CE,Federal Contract Tower,11,44,59,26,140,0,0,45,16,61,11,44,104,42,201,38,94,132,333
06/04/2004,LRD,TX,ASW,CE,Federal Contract Tower,9,36,41,17,103,0,3,46,0,49,9,39,87,17,152,38,4,42,194
06/05/2004,LRD,TX,ASW,CE,Federal Contract Tower,6,14,18,6,44,4,0,33,0,37,10,14,51,6,81,26,6,32,113
06/06/2004,LRD,TX,ASW,CE,Federal Contract Tower,5,12,16,0,33,3,0,31,0,34,8,12,47,0,67,26,0,26,93
06/07/2004,LRD,TX,ASW,CE,Federal Contract Tower,13,37,44,20,114,0,0,4,16,20,13,37,48,36,134,6,52,58,192
06/08/2004,LRD,TX,ASW,CE,Federal Contract Tower,10,31,36,12,89,0,13,10,0,23,10,44,46,12,112,14,2,16,128
06/09/2004,LRD,TX,ASW,CE,Federal Contract Tower,12,33,38,14,97,1,3,38,0,42,13,36,76,14,139,24,0,24,163
06/10/2004,LRD,TX,ASW,CE,Federal Contract Tower,10,40,45,20,115,0,1,31,14,46,10,41,76,34,161,68,96,164,325
06/11/2004,LRD,TX,ASW,CE,Federal Contract Tower,10,27,31,4,72,1,13,32,0,46,11,40,63,4,118,30,52,82,200
06/12/2004,LRD,TX,ASW,CE,Federal Contract Tower,5,13,16,0,34,2,3,22,0,27,7,16,38,0,61,26,0,26,87
06/13/2004,LRD,TX,ASW,CE,Federal Contract Tower,5,9,14,0,28,4,0,48,0,52,9,9,62,0,80,92,0,92,172
06/14/2004,LRD,TX,ASW,CE,Federal Contract Tower,12,31,37,16,96,0,1,42,4,47,12,32,79,20,143,36,2,38,181
06/15/2004,LRD,TX,ASW,CE,Federal Contract Tower,12,40,45,20,117,0,9,37,6,52,12,49,82,26,169,96,26,122,291
06/16/2004,LRD,TX,ASW,CE,Federal Contract Tower,12,39,50,23,124,0,0,49,23,72,12,39,99,46,196,62,18,80,276
06/17/2004,LRD,TX,ASW,CE,Federal Contract Tower,14,36,44,20,114,0,0,41,25,66,14,36,85,45,180,58,130,188,368
06/18/2004,LRD,TX,ASW,CE,Federal Contract Tower,12,36,43,20,111,0,0,38,14,52,12,36,81,34,163,50,48,98,261
06/19/2004,LRD,TX,ASW,CE,Federal Contract Tower,6,18,20,0,44,8,2,51,0,61,14,20,71,0,105,162,0,162,267
06/20/2004,LRD,TX,ASW,CE,Federal Contract Tower,5,9,16,0,30,4,0,40,0,44,9,9,56,0,74,124,0,124,198
06/21/2004,LRD,TX,ASW,CE,Federal Contract Tower,10,32,34,17,93,0,2,19,21,42,10,34,53,38,135,0,152,152,287
06/22/2004,LRD,TX,ASW,CE,Federal Contract Tower,13,40,43,2,98,7,16,19,0,42,20,56,62,2,140,50,0,50,190
06/23/2004,LRD,TX,ASW,CE,Federal Contract Tower,12,38,41,3,94,1,14,64,0,79,13,52,105,3,173,72,4,76,249
06/24/2004,LRD,TX,ASW,CE,Federal Contract Tower,13,49,53,25,140,0,1,62,12,75,13,50,115,37,215,78,44,122,337
06/25/2004,LRD,TX,ASW,CE,Federal Contract Tower,10,40,53,25,128,0,0,40,12,52,10,40,93,37,180,38,32,70,250
06/26/2004,LRD,TX,ASW,CE,Federal Contract Tower,6,15,19,6,46,2,0,42,0,44,8,15,61,6,90,28,18,46,136
06/27/2004,LRD,TX,ASW,CE,Federal Contract Tower,5,16,17,5,43,1,1,30,0,32,6,17,47,5,75,68,20,88,163
06/28/2004,LRD,TX,ASW,CE,Federal Contract Tower,6,34,50,23,113,0,0,27,25,52,6,34,77,48,165,72,212,284,449
06/29/2004,LRD,TX,ASW,CE,Federal Contract Tower,15,44,49,18,126,9,0,9,0,18,24,44,58,18,144,28,0,28,172
06/30/2004,LRD,TX,ASW,CE,Federal Contract Tower,12,37,41,4,94,2,1,48,0,51,14,38,89,4,145,88,16,104,249
07/01/2004,LRD,TX,ASW,CE,Federal Contract Tower,16,29,63,30,138,0,0,41,18,59,16,29,104,48,197,28,36,64,261
07/02/2004,LRD,TX,ASW,CE,Federal Contract Tower,6,17,28,0,51,0,9,64,0,73,6,26,92,0,124,52,0,52,176
07/03/2004,LRD,TX,ASW,CE,Federal Contract Tower,1,10,17,0,28,0,10,47,0,57,1,20,64,0,85,70,0,70,155
07/04/2004,LRD,TX,ASW,CE,Federal Contract Tower,0,4,9,0,13,0,2,42,0,44,0,6,51,0,57,50,0,50,107
07/05/2004,LRD,TX,ASW,CE,Federal Contract Tower,1,12,20,0,33,0,7,45,0,52,1,19,65,0,85,92,0,92,177
07/06/2004,LRD,TX,ASW,CE,Federal Contract Tower,7,19,30,15,71,0,1,44,9,54,7,20,74,24,125,42,14,56,181
07/07/2004,LRD,TX,ASW,CE,Federal Contract Tower,10,21,31,15,77,1,8,36,7,52,11,29,67,22,129,62,40,102,231
07/08/2004,LRD,TX,ASW,CE,Federal Contract Tower,15,32,49,21,117,0,0,52,0,52,15,32,101,21,169,4,68,72,241
07/09/2004,LRD,TX,ASW,CE,Federal Contract Tower,10,24,47,23,104,0,0,43,6,49,10,24,90,29,153,20,46,66,219
07/10/2004,LRD,TX,ASW,CE,Federal Contract Tower,4,10,13,4,31,2,4,17,0,23,6,14,30,4,54,4,0,4,58
07/11/2004,LRD,TX,ASW,CE,Federal Contract Tower,5,8,17,1,31,4,0,30,0,34,9,8,47,1,65,24,4,28,93
07/12/2004,LRD,TX,ASW,CE,Federal Contract Tower,8,19,27,13,67,1,10,21,0,32,9,29,48,13,99,0,0,0,99
07/13/2004,LRD,TX,ASW,CE,Federal Contract Tower,14,30,46,22,112,4,0,57,0,61,18,30,103,22,173,32,2,34,207
07/14/2004,LRD,TX,ASW,CE,Federal Contract Tower,12,26,38,19,95,0,4,31,13,48,12,30,69,32,143,46,38,84,227
07/15/2004,LRD,TX,ASW,CE,Federal Contract Tower,15,33,50,24,122,0,0,42,30,72,15,33,92,54,194,48,160,208,402
07/16/2004,LRD,TX,ASW,CE,Federal Contract Tower,11,27,40,20,98,0,8,44,0,52,11,35,84,20,150,22,88,110,260
07/17/2004,LRD,TX,ASW,CE,Federal Contract Tower,6,15,22,12,55,1,3,29,2,35,7,18,51,14,90,24,52,76,166
07/18/2004,LRD,TX,ASW,CE,Federal Contract Tower,2,7,18,0,27,0,0,49,0,49,2,7,67,0,76,66,0,66,142
07/19/2004,LRD,TX,ASW,CE,Federal Contract Tower,6,21,36,18,81,0,0,36,22,58,6,21,72,40,139,52,158,210,349
07/20/2004,LRD,TX,ASW,CE,Federal Contract Tower,10,26,38,18,92,10,2,43,0,55,20,28,81,18,147,50,48,98,245
07/21/2004,LRD,TX,ASW,CE,Federal Contract Tower,8,19,29,14,70,0,3,46,0,49,8,22,75,14,119,30,22,52,171
07/22/2004,LRD,TX,ASW,CE,Federal Contract Tower,11,27,40,6,84,4,3,33,0,40,15,30,73,6,124,28,22,50,174
07/23/2004,LRD,TX,ASW,CE,Federal Contract Tower,7,24,41,20,92,0,0,60,2,62,7,24,101,22,154,18,2,20,174
07/24/2004,LRD,TX,ASW,CE,Federal Contract Tower,4,10,16,0,30,3,2,37,0,42,7,12,53,0,72,36,0,36,108
07/25/2004,LRD,TX,ASW,CE,Federal Contract Tower,3,7,23,11,44,0,0,34,7,41,3,7,57,18,85,14,16,30,115
07/26/2004,LRD,TX,ASW,CE,Federal Contract Tower,4,15,23,6,48,0,5,45,0,50,4,20,68,6,98,78,14,92,190
07/27/2004,LRD,TX,ASW,CE,Federal Contract Tower,17,22,61,29,129,0,0,28,42,70,17,22,89,71,199,54,72,126,325
07/28/2004,LRD,TX,ASW,CE,Federal Contract Tower,14,29,50,24,117,3,0,43,32,78,17,29,93,56,195,56,150,206,401
07/29/2004,LRD,TX,ASW,CE,Federal Contract Tower,12,30,45,22,109,2,6,43,8,59,14,36,88,30,168,58,22,80,248
07/30/2004,LRD,TX,ASW,CE,Federal Contract Tower,9,23,35,8,75,0,7,48,0,55,9,30,83,8,130,10,0,10,140
07/31/2004,LRD,TX,ASW,CE,Federal Contract Tower,5,12,19,8,44,3,0,47,0,50,8,12,66,8,94,40,16,56,150
08/01/2004,LRD,TX,ASW,CE,Federal Contract Tower,2,6,8,0,16,0,3,36,0,39,2,9,44,0,55,12,0,12,67
08/02/2004,LRD,TX,ASW,CE,Federal Contract Tower,9,22,30,14,75,0,1,61,6,68,9,23,91,20,143,32,26,58,201
08/03/2004,LRD,TX,ASW,CE,Federal Contract Tower,12,24,32,15,83,1,13,35,6,55,13,37,67,21,138,14,24,38,176
08/04/2004,LRD,TX,ASW,CE,Federal Contract Tower,13,34,43,21,111,0,6,52,27,85,13,40,95,48,196,44,40,84,280
08/05/2004,LRD,TX,ASW,CE,Federal Contract Tower,9,31,51,26,117,0,0,72,25,97,9,31,123,51,214,60,100,160,374
08/06/2004,LRD,TX,ASW,CE,Federal Contract Tower,11,32,39,20,102,0,0,62,9,71,11,32,101,29,173,0,46,46,219
08/07/2004,LRD,TX,ASW,CE,Federal Contract Tower,5,11,13,2,31,2,0,24,0,26,7,11,37,2,57,32,0,32,89
08/08/2004,LRD,TX,ASW,CE,Federal Contract Tower,7,15,17,0,39,2,2,22,0,26,9,17,39,0,65,0,0,0,65
08/09/2004,LRD,TX,ASW,CE,Federal Contract Tower,13,33,37,16,99,5,1,21,0,27,18,34,58,16,126,8,54,62,188
08/10/2004,LRD,TX,ASW,CE,Federal Contract Tower,12,28,32,14,86,6,4,30,0,40,18,32,62,14,126,16,2,18,144
08/11/2004,LRD,TX,ASW,CE,Federal Contract Tower,10,29,33,18,90,0,0,35,14,49,10,29,68,32,139,4,108,112,251
08/12/2004,LRD,TX,ASW,CE,Federal Contract Tower,10,33,38,20,101,0,7,55,14,76,10,40,93,34,177,38,96,134,311
08/13/2004,LRD,TX,ASW,CE,Federal Contract Tower,14,34,46,23,117,0,0,33,10,43,14,34,79,33,160,22,68,90,250
08/14/2004,LRD,TX,ASW,CE,Federal Contract Tower,6,13,20,11,50,0,0,38,7,45,6,13,58,18,95,50,34,84,179
08/15/2004,LRD,TX,ASW,CE,Federal Contract Tower,2,9,12,0,23,0,0,45,0,45,2,9,57,0,68,48,0,48,116
08/16/2004,LRD,TX,ASW,CE,Federal Contract Tower,6,22,38,18,84,0,0,49,20,69,6,22,87,38,153,26,118,144,297
08/17/2004,LRD,TX,ASW,CE,Federal Contract Tower,12,33,44,21,110,0,0,44,5,49,12,33,88,26,159,54,26,80,239
08/18/2004,LRD,TX,ASW,CE,Federal Contract Tower,11,27,35,17,90,1,0,54,7,62,12,27,89,24,152,66,32,98,250
08/19/2004,LRD,TX,ASW,CE,Federal Contract Tower,15,36,47,23,121,1,0,70,11,82,16,36,117,34,203,90,116,206,409
08/20/2004,LRD,TX,ASW,CE,Federal Contract Tower,9,28,35,17,89,0,13,54,1,68,9,41,89,18,157,86,94,180,337
08/21/2004,LRD,TX,ASW,CE,Federal Contract Tower,7,13,23,4,47,4,0,37,0,41,11,13,60,4,88,52,0,52,140
08/22/2004,LRD,TX,ASW,CE,Federal Contract Tower,3,9,13,6,31,2,0,21,0,23,5,9,34,6,54,58,0,58,112
08/23/2004,LRD,TX,ASW,CE,Federal Contract Tower,8,31,39,19,97,0,0,54,3,57,8,31,93,22,154,18,26,44,198
08/24/2004,LRD,TX,ASW,CE,Federal Contract Tower,13,30,42,21,106,5,0,48,13,66,18,30,90,34,172,86,142,228,400
08/25/2004,LRD,TX,ASW,CE,Federal Contract Tower,10,28,34,12,84,6,3,47,0,56,16,31,81,12,140,34,0,34,174
08/26/2004,LRD,TX,ASW,CE,Federal Contract Tower,10,32,39,18,99,0,4,71,5,80,10,36,110,23,179,84,56,140,319
08/27/2004,LRD,TX,ASW,CE,Federal Contract Tower,11,31,38,18,98,0,9,40,2,51,11,40,78,20,149,44,70,114,263
08/28/2004,LRD,TX,ASW,CE,Federal Contract Tower,5,13,18,1,37,5,0,36,0,41,10,13,54,1,78,14,0,14,92
08/29/2004,LRD,TX,ASW,CE,Federal Contract Tower,4,11,14,0,29,0,0,34,0,34,4,11,48,0,63,24,0,24,87
08/30/2004,LRD,TX,ASW,CE,Federal Contract Tower,9,30,36,10,85,0,9,60,0,69,9,39,96,10,154,72,0,72,226
08/31/2004,LRD,TX,ASW,CE,Federal Contract Tower,14,37,44,8,103,3,6,60,0,69,17,43,104,8,172,50,60,110,282
09/01/2004,LRD,TX,ASW,CE,Federal Contract Tower,12,39,50,10,111,0,11,16,0,27,12,50,66,10,138,10,16,26,164
09/02/2004,LRD,TX,ASW,CE,Federal Contract Tower,12,33,58,8,111,0,0,28,0,28,12,33,86,8,139,0,0,0,139
09/03/2004,LRD,TX,ASW,CE,Federal Contract Tower,4,32,42,0,78,0,8,43,0,51,4,40,85,0,129,68,0,68,197
09/04/2004,LRD,TX,ASW,CE,Federal Contract Tower,2,17,22,0,41,0,2,33,0,35,2,19,55,0,76,48,0,48,124
09/05/2004,LRD,TX,ASW,CE,Federal Contract Tower,2,6,12,0,20,0,0,43,0,43,2,6,55,0,63,12,0,12,75
09/06/2004,LRD,TX,ASW,CE,Federal Contract Tower,1,21,30,0,52,0,0,53,0,53,1,21,83,0,105,38,0,38,143
09/07/2004,LRD,TX,ASW,CE,Federal Contract Tower,9,28,37,8,82,4,4,45,0,53,13,32,82,8,135,22,22,44,179
09/08/2004,LRD,TX,ASW,CE,Federal Contract Tower,15,45,58,18,136,1,1,34,16,52,16,46,92,34,188,16,64,80,268
09/09/2004,LRD,TX,ASW,CE,Federal Contract Tower,17,44,67,21,149,2,0,46,41,89,19,44,113,62,238,42,118,160,398
09/10/2004,LRD,TX,ASW,CE,Federal Contract Tower,12,38,51,16,117,0,2,48,7,57,12,40,99,23,174,58,24,82,256
09/11/2004,LRD,TX,ASW,CE,Federal Contract Tower,4,11,15,5,35,4,4,35,12,55,8,15,50,17,90,14,8,22,112
09/12/2004,LRD,TX,ASW,CE,Federal Contract Tower,3,13,20,5,41,0,0,26,0,26,3,13,46,5,67,20,0,20,87
09/13/2004,LRD,TX,ASW,CE,Federal Contract Tower,11,33,44,14,102,0,0,49,16,65,11,33,93,30,167,114,56,170,337
09/14/2004,LRD,TX,ASW,CE,Federal Contract Tower,12,37,46,12,107,6,2,39,0,47,18,39,85,12,154,14,0,14,168
09/15/2004,LRD,TX,ASW,CE,Federal Contract Tower,13,41,52,17,123,2,0,42,15,59,15,41,94,32,182,56,18,74,256
09/16/2004,LRD,TX,ASW,CE,Federal Contract Tower,13,38,56,18,125,0,0,47,14,61,13,38,103,32,186,58,40,98,284
09/17/2004,LRD,TX,ASW,CE,Federal Contract Tower,8,29,35,4,76,0,9,41,0,50,8,38,76,4,126,22,0,22,148
09/18/2004,LRD,TX,ASW,CE,Federal Contract Tower,5,19,23,8,55,2,2,22,0,26,7,21,45,8,81,38,10,48,129
09/19/2004,LRD,TX,ASW,CE,Federal Contract Tower,4,17,25,9,55,0,0,30,5,35,4,17,55,14,90,40,0,40,130
09/20/2004,LRD,TX,ASW,CE,Federal Contract Tower,8,37,55,19,119,0,0,46,11,57,8,37,101,30,176,50,0,50,226
09/21/2004,LRD,TX,ASW,CE,Federal Contract Tower,13,32,54,18,117,6,0,64,20,90,19,32,118,38,207,98,106,204,411
09/22/2004,LRD,TX,ASW,CE,Federal Contract Tower,12,40,49,16,117,2,11,30,11,54,14,51,79,27,171,100,126,226,397
09/23/2004,LRD,TX,ASW,CE,Federal Contract Tower,12,38,51,18,119,5,0,44,10,59,17,38,95,28,178,28,108,136,314
09/24/2004,LRD,TX,ASW,CE,Federal Contract Tower,8,34,42,15,99,0,2,55,7,64,8,36,97,22,163,60,20,80,243
09/25/2004,LRD,TX,ASW,CE,Federal Contract Tower,2,10,12,0,24,3,5,40,0,48,5,15,52,0,72,18,0,18,90
09/26/2004,LRD,TX,ASW,CE,Federal Contract Tower,3,14,24,0,41,0,0,23,0,23,3,14,47,0,64,0,0,0,64
09/27/2004,LRD,TX,ASW,CE,Federal Contract Tower,5,20,25,2,52,2,2,14,0,18,7,22,39,2,70,20,0,20,90
09/28/2004,LRD,TX,ASW,CE,Federal Contract Tower,11,37,49,15,112,0,0,46,16,62,11,37,95,31,174,166,58,224,398
09/29/2004,LRD,TX,ASW,CE,Federal Contract Tower,10,46,58,18,132,0,5,48,14,67,10,51,106,32,199,170,166,336,535
09/30/2004,LRD,TX,ASW,CE,Federal Contract Tower,11,38,48,14,111,5,10,61,0,76,16,48,109,14,187,168,34,202,389
10/01/2004,LRD,TX,ASW,CE,Federal Contract Tower,5,36,37,16,94,0,1,37,5,43,5,37,74,21,137,34,74,108,245
10/02/2004,LRD,TX,ASW,CE,Federal Contract Tower,6,19,11,0,36,0,1,28,0,29,6,20,39,0,65,78,0,78,143
10/03/2004,LRD,TX,ASW,CE,Federal Contract Tower,3,13,38,0,54,0,0,17,0,17,3,13,55,0,71,36,0,36,107
10/04/2004,LRD,TX,ASW,CE,Federal Contract Tower,4,29,33,57,123,0,0,25,15,40,4,29,58,72,163,8,28,36,199
10/05/2004,LRD,TX,ASW,CE,Federal Contract Tower,21,40,47,2,110,0,1,5,8,14,21,41,52,10,124,0,0,0,124
10/06/2004,LRD,TX,ASW,CE,Federal Contract Tower,17,35,37,18,107,0,2,48,2,52,17,37,85,20,159,20,0,20,179
10/07/2004,LRD,TX,ASW,CE,Federal Contract Tower,16,38,54,38,146,0,0,32,2,34,16,38,86,40,180,80,4,84,264
10/08/2004,LRD,TX,ASW,CE,Federal Contract Tower,12,49,60,6,127,0,2,26,0,28,12,51,86,6,155,30,0,30,185
10/09/2004,LRD,TX,ASW,CE,Federal Contract Tower,6,16,17,0,39,0,1,45,0,46,6,17,62,0,85,132,0,132,217
10/10/2004,LRD,TX,ASW,CE,Federal Contract Tower,6,17,26,0,49,0,0,42,0,42,6,17,68,0,91,72,0,72,163
10/11/2004,LRD,TX,ASW,CE,Federal Contract Tower,12,36,26,0,74,0,0,44,0,44,12,36,70,0,118,52,0,52,170
10/12/2004,LRD,TX,ASW,CE,Federal Contract Tower,22,41,54,18,135,0,1,51,2,54,22,42,105,20,189,66,0,66,255
10/13/2004,LRD,TX,ASW,CE,Federal Contract Tower,17,42,76,24,159,0,0,56,6,62,17,42,132,30,221,136,10,146,367
10/14/2004,LRD,TX,ASW,CE,Federal Contract Tower,23,49,59,14,145,0,0,46,4,50,23,49,105,18,195,26,4,30,225
10/15/2004,LRD,TX,ASW,CE,Federal Contract Tower,26,54,58,20,158,0,0,65,0,65,26,54,123,20,223,40,38,78,301
10/16/2004,LRD,TX,ASW,CE,Federal Contract Tower,10,23,32,0,65,0,1,38,0,39,10,24,70,0,104,6,0,6,110
10/17/2004,LRD,TX,ASW,CE,Federal Contract Tower,6,18,28,0,52,0,0,25,0,25,6,18,53,0,77,18,0,18,95
10/18/2004,LRD,TX,ASW,CE,Federal Contract Tower,15,33,32,19,99,0,2,49,1,52,15,35,81,20,151,12,18,30,181
10/19/2004,LRD,TX,ASW,CE,Federal Contract Tower,25,37,39,14,115,0,0,45,6,51,25,37,84,20,166,44,8,52,218
10/20/2004,LRD,TX,ASW,CE,Federal Contract Tower,28,37,34,13,112,0,0,36,7,43,28,37,70,20,155,0,20,20,175
10/21/2004,LRD,TX,ASW,CE,Federal Contract Tower,26,47,56,2,131,0,5,35,2,42,26,52,91,4,173,30,12,42,215
10/22/2004,LRD,TX,ASW,CE,Federal Contract Tower,16,48,48,42,154,0,0,38,20,58,16,48,86,62,212,50,116,166,378
10/23/2004,LRD,TX,ASW,CE,Federal Contract Tower,10,22,32,2,66,0,0,14,0,14,10,22,46,2,80,0,0,0,80
10/24/2004,LRD,TX,ASW,CE,Federal Contract Tower,3,22,31,0,56,0,0,22,0,22,3,22,53,0,78,0,0,0,78
10/25/2004,LRD,TX,ASW,CE,Federal Contract Tower,12,38,31,30,111,0,3,39,10,52,12,41,70,40,163,56,80,136,299
10/26/2004,LRD,TX,ASW,CE,Federal Contract Tower,27,44,30,35,136,0,0,39,4,43,27,44,69,39,179,64,90,154,333
10/27/2004,LRD,TX,ASW,CE,Federal Contract Tower,30,40,52,61,183,0,2,33,5,40,30,42,85,66,223,38,42,80,303
10/28/2004,LRD,TX,ASW,CE,Federal Contract Tower,25,52,68,10,155,0,0,29,7,36,25,52,97,17,191,16,6,22,213
10/29/2004,LRD,TX,ASW,CE,Federal Contract Tower,17,52,58,8,135,0,0,44,0,44,17,52,102,8,179,2,12,14,193
10/30/2004,LRD,TX,ASW,CE,Federal Contract Tower,13,24,34,1,72,0,0,36,0,36,13,24,70,1,108,22,0,22,130
10/31/2004,LRD,TX,ASW,CE,Federal Contract Tower,8,16,32,5,61,0,0,34,1,35,8,16,66,6,96,20,2,22,118
11/01/2004,LRD,TX,ASW,CE,Federal Contract Tower,9,33,35,18,95,0,0,31,10,41,9,33,66,28,136,70,2,72,208
11/02/2004,LRD,TX,ASW,CE,Federal Contract Tower,18,33,48,64,163,0,1,25,9,35,18,34,73,73,198,22,162,184,382
11/03/2004,LRD,TX,ASW,CE,Federal Contract Tower,19,51,41,24,135,1,9,37,4,51,20,60,78,28,186,22,68,90,276
11/04/2004,LRD,TX,ASW,CE,Federal Contract Tower,16,46,50,18,130,0,1,72,6,79,16,47,122,24,209,34,6,40,249
11/05/2004,LRD,TX,ASW,CE,Federal Contract Tower,10,46,50,13,119,0,1,73,3,77,10,47,123,16,196,30,22,52,248
11/06/2004,LRD,TX,ASW,CE,Federal Contract Tower,9,25,15,0,49,0,0,35,0,35,9,25,50,0,84,6,0,6,90
11/07/2004,LRD,TX,ASW,CE,Federal Contract Tower,2,16,43,0,61,0,1,45,0,46,2,17,88,0,107,42,0,42,149
11/08/2004,LRD,TX,ASW,CE,Federal Contract Tower,14,32,45,28,119,0,2,50,0,52,14,34,95,28,171,6,46,52,223
11/09/2004,LRD,TX,ASW,CE,Federal Contract Tower,21,61,44,20,146,0,6,38,0,44,21,67,82,20,190,6,0,6,196
11/10/2004,LRD,TX,ASW,CE,Federal Contract Tower,19,43,32,12,106,0,1,53,4,58,19,44,85,16,164,16,0,16,180
11/11/2004,LRD,TX,ASW,CE,Federal Contract Tower,15,57,63,0,135,0,1,29,0,30,15,58,92,0,165,6,0,6,171
11/12/2004,LRD,TX,ASW,CE,Federal Contract Tower,21,47,42,15,125,0,0,30,1,31,21,47,72,16,156,10,20,30,186
11/13/2004,LRD,TX,ASW,CE,Federal Contract Tower,7,25,30,0,62,0,0,0,0,0,7,25,30,0,62,0,0,0,62
11/14/2004,LRD,TX,ASW,CE,Federal Contract Tower,6,14,34,0,54,0,0,0,0,0,6,14,34,0,54,0,0,0,54
11/15/2004,LRD,TX,ASW,CE,Federal Contract Tower,10,33,30,14,87,0,0,0,0,0,10,33,30,14,87,0,0,0,87
11/16/2004,LRD,TX,ASW,CE,Federal Contract Tower,20,59,38,42,159,0,1,13,0,14,20,60,51,42,173,6,2,8,181
11/17/2004,LRD,TX,ASW,CE,Federal Contract Tower,18,62,69,41,190,0,0,22,0,22,18,62,91,41,212,26,6,32,244
11/18/2004,LRD,TX,ASW,CE,Federal Contract Tower,20,58,41,35,154,0,0,51,3,54,20,58,92,38,208,40,136,176,384
11/19/2004,LRD,TX,ASW,CE,Federal Contract Tower,13,55,68,12,148,0,0,28,2,30,13,55,96,14,178,44,50,94,272
11/20/2004,LRD,TX,ASW,CE,Federal Contract Tower,6,33,37,3,79,0,0,1,0,1,6,33,38,3,80,8,0,8,88
11/21/2004,LRD,TX,ASW,CE,Federal Contract Tower,5,26,36,16,83,0,0,14,0,14,5,26,50,16,97,4,0,4,101
11/22/2004,LRD,TX,ASW,CE,Federal Contract Tower,11,40,48,47,146,0,0,16,2,18,11,40,64,49,164,22,10,32,196
11/23/2004,LRD,TX,ASW,CE,Federal Contract Tower,23,44,39,28,134,0,0,41,9,50,23,44,80,37,184,46,20,66,250
11/24/2004,LRD,TX,ASW,CE,Federal Contract Tower,19,43,39,2,103,0,0,39,0,39,19,43,78,2,142,10,12,22,164
11/25/2004,LRD,TX,ASW,CE,Federal Contract Tower,9,12,18,0,39,0,0,29,0,29,9,12,47,0,68,48,0,48,116
11/26/2004,LRD,TX,ASW,CE,Federal Contract Tower,11,19,33,0,63,0,0,38,0,38,11,19,71,0,101,24,0,24,125
11/27/2004,LRD,TX,ASW,CE,Federal Contract Tower,4,20,28,0,52,0,0,36,0,36,4,20,64,0,88,28,0,28,116
11/28/2004,LRD,TX,ASW,CE,Federal Contract Tower,2,20,52,0,74,0,0,30,0,30,2,20,82,0,104,0,0,0,104
11/29/2004,LRD,TX,ASW,CE,Federal Contract Tower,6,43,52,25,126,0,3,24,3,30,6,46,76,28,156,0,32,32,188
11/30/2004,LRD,TX,ASW,CE,Federal Contract Tower,14,50,56,29,149,0,2,31,11,44,14,52,87,40,193,44,48,92,285
12/01/2004,LRD,TX,ASW,CE,Federal Contract Tower,16,48,43,19,126,0,0,54,1,55,16,48,97,20,181,16,52,68,249
12/02/2004,LRD,TX,ASW,CE,Federal Contract Tower,20,52,53,14,139,0,0,38,0,38,20,52,91,14,177,60,90,150,327
12/03/2004,LRD,TX,ASW,CE,Federal Contract Tower,7,56,74,0,137,0,0,2,0,2,7,56,76,0,139,8,0,8,147
12/04/2004,LRD,TX,ASW,CE,Federal Contract Tower,17,34,26,32,109,0,2,5,9,16,17,36,31,41,125,12,0,12,137
12/05/2004,LRD,TX,ASW,CE,Federal Contract Tower,3,20,31,2,56,0,0,0,0,0,3,20,31,2,56,0,0,0,56
12/06/2004,LRD,TX,ASW,CE,Federal Contract Tower,7,37,32,16,92,0,0,0,4,4,7,37,32,20,96,0,2,2,98
12/07/2004,LRD,TX,ASW,CE,Federal Contract Tower,19,54,40,24,137,0,4,66,7,77,19,58,106,31,214,30,106,136,350
12/08/2004,LRD,TX,ASW,CE,Federal Contract Tower,23,47,39,10,119,0,0,32,15,47,23,47,71,25,166,0,42,42,208
12/09/2004,LRD,TX,ASW,CE,Federal Contract Tower,30,51,42,16,139,1,0,60,20,81,31,51,102,36,220,60,104,164,384
12/10/2004,LRD,TX,ASW,CE,Federal Contract Tower,10,45,45,24,124,0,4,48,7,59,10,49,93,31,183,20,78,98,281
12/11/2004,LRD,TX,ASW,CE,Federal Contract Tower,6,30,30,0,66,0,1,38,0,39,6,31,68,0,105,14,0,14,119
12/12/2004,LRD,TX,ASW,CE,Federal Contract Tower,9,21,40,0,70,0,1,36,0,37,9,22,76,0,107,32,0,32,139
12/13/2004,LRD,TX,ASW,CE,Federal Contract Tower,6,31,60,16,113,0,0,34,4,38,6,31,94,20,151,32,62,94,245
12/14/2004,LRD,TX,ASW,CE,Federal Contract Tower,25,57,45,30,157,0,1,48,11,60,25,58,93,41,217,72,82,154,371
12/15/2004,LRD,TX,ASW,CE,Federal Contract Tower,24,46,50,15,135,0,0,50,13,63,24,46,100,28,198,80,44,124,322
12/16/2004,LRD,TX,ASW,CE,Federal Contract Tower,21,62,72,31,186,0,0,20,11,31,21,62,92,42,217,40,72,112,329
12/17/2004,LRD,TX,ASW,CE,Federal Contract Tower,16,46,45,24,131,0,0,45,8,53,16,46,90,32,184,2,60,62,246
12/18/2004,LRD,TX,ASW,CE,Federal Contract Tower,14,31,29,12,86,0,0,38,3,41,14,31,67,15,127,18,62,80,207
12/19/2004,LRD,TX,ASW,CE,Federal Contract Tower,4,21,14,0,39,0,2,26,0,28,4,23,40,0,67,38,0,38,105
12/20/2004,LRD,TX,ASW,CE,Federal Contract Tower,13,37,39,10,99,0,0,33,0,33,13,37,72,10,132,56,0,56,188
12/21/2004,LRD,TX,ASW,CE,Federal Contract Tower,26,55,47,14,142,0,0,41,4,45,26,55,88,18,187,20,8,28,215
12/22/2004,LRD,TX,ASW,CE,Federal Contract Tower,23,40,40,29,132,0,0,20,3,23,23,40,60,32,155,12,24,36,191
12/23/2004,LRD,TX,ASW,CE,Federal Contract Tower,13,50,44,4,111,0,0,24,0,24,13,50,68,4,135,0,0,0,135
12/24/2004,LRD,TX,ASW,CE,Federal Contract Tower,3,22,16,0,41,0,0,4,0,4,3,22,20,0,45,6,0,6,51
12/25/2004,LRD,TX,ASW,CE,Federal Contract Tower,0,11,12,0,23,0,1,8,0,9,0,12,20,0,32,8,0,8,40
12/26/2004,LRD,TX,ASW,CE,Federal Contract Tower,2,23,49,0,74,0,1,23,0,24,2,24,72,0,98,28,0,28,126
12/27/2004,LRD,TX,ASW,CE,Federal Contract Tower,4,47,27,0,78,0,0,29,0,29,4,47,56,0,107,4,0,4,111
12/28/2004,LRD,TX,ASW,CE,Federal Contract Tower,15,39,31,0,85,0,0,38,0,38,15,39,69,0,123,16,0,16,139
12/29/2004,LRD,TX,ASW,CE,Federal Contract Tower,14,38,39,4,95,0,0,12,2,14,14,38,51,6,109,0,14,14,123
12/30/2004,LRD,TX,ASW,CE,Federal Contract Tower,12,35,26,0,73,0,1,19,0,20,12,36,45,0,93,10,0,10,103
12/31/2004,LRD,TX,ASW,CE,Federal Contract Tower,4,26,14,0,44,0,0,23,0,23,4,26,37,0,67,4,0,4,71
01/01/2005,LRD,TX,ASW,CE,Federal Contract Tower,0,10,24,0,34,0,0,10,0,10,0,10,34,0,44,0,0,0,44
01/02/2005,LRD,TX,ASW,CE,Federal Contract Tower,1,31,62,0,94,0,0,9,0,9,1,31,71,0,103,0,0,0,103
01/03/2005,LRD,TX,ASW,CE,Federal Contract Tower,12,30,32,9,83,0,1,17,1,19,12,31,49,10,102,8,60,68,170
01/04/2005,LRD,TX,ASW,CE,Federal Contract Tower,17,34,26,32,109,0,2,5,9,16,17,36,31,41,125,12,0,12,137
01/05/2005,LRD,TX,ASW,CE,Federal Contract Tower,11,52,42,18,123,0,0,23,13,36,11,52,65,31,159,14,18,32,191
01/06/2005,LRD,TX,ASW,CE,Federal Contract Tower,18,40,51,23,132,0,0,27,1,28,18,40,78,24,160,16,16,32,192
01/07/2005,LRD,TX,ASW,CE,Federal Contract Tower,8,41,48,27,124,0,0,31,2,33,8,41,79,29,157,64,0,64,221
01/08/2005,LRD,TX,ASW,CE,Federal Contract Tower,7,22,44,0,73,0,0,20,0,20,7,22,64,0,93,36,0,36,129
01/09/2005,LRD,TX,ASW,CE,Federal Contract Tower,4,24,48,0,76,0,0,2,0,2,4,24,50,0,78,12,0,12,90
01/10/2005,LRD,TX,ASW,CE,Federal Contract Tower,7,38,43,4,92,0,0,35,0,35,7,38,78,4,127,14,0,14,141
01/11/2005,LRD,TX,ASW,CE,Federal Contract Tower,10,40,29,8,87,0,0,36,8,44,10,40,65,16,131,8,0,8,139
01/12/2005,LRD,TX,ASW,CE,Federal Contract Tower,13,31,30,50,124,0,0,45,10,55,13,31,75,60,179,8,144,152,331
01/13/2005,LRD,TX,ASW,CE,Federal Contract Tower,9,38,32,14,93,0,0,49,4,53,9,38,81,18,146,20,4,24,170
01/14/2005,LRD,TX,ASW,CE,Federal Contract Tower,7,52,36,26,121,0,1,59,2,62,7,53,95,28,183,46,40,86,269
01/15/2005,LRD,TX,ASW,CE,Federal Contract Tower,7,20,21,0,48,0,1,34,0,35,7,21,55,0,83,36,0,36,119
01/16/2005,LRD,TX,ASW,CE,Federal Contract Tower,2,19,21,1,43,0,0,27,0,27,2,19,48,1,70,52,0,52,122
01/17/2005,LRD,TX,ASW,CE,Federal Contract Tower,4,23,39,5,71,0,0,27,0,27,4,23,66,5,98,0,0,0,98
01/18/2005,LRD,TX,ASW,CE,Federal Contract Tower,10,35,48,6,99,0,0,10,2,12,10,35,58,8,111,0,0,0,111
01/19/2005,LRD,TX,ASW,CE,Federal Contract Tower,12,30,42,4,88,0,0,6,1,7,12,30,48,5,95,18,0,18,113
01/20/2005,LRD,TX,ASW,CE,Federal Contract Tower,14,43,46,0,103,0,1,41,9,51,14,44,87,9,154,20,0,20,174
01/21/2005,LRD,TX,ASW,CE,Federal Contract Tower,8,43,37,0,88,0,1,37,0,38,8,44,74,0,126,18,0,18,144
01/22/2005,LRD,TX,ASW,CE,Federal Contract Tower,7,20,14,0,41,0,0,23,0,23,7,20,37,0,64,8,0,8,72
01/23/2005,LRD,TX,ASW,CE,Federal Contract Tower,5,19,13,0,37,0,0,16,2,18,5,19,29,2,55,0,0,0,55
01/24/2005,LRD,TX,ASW,CE,Federal Contract Tower,7,41,33,30,111,0,0,29,8,37,7,41,62,38,148,50,100,150,298
01/25/2005,LRD,TX,ASW,CE,Federal Contract Tower,12,36,70,20,138,0,0,0,0,0,12,36,70,20,138,12,42,54,192
01/26/2005,LRD,TX,ASW,CE,Federal Contract Tower,15,49,34,13,111,0,0,41,3,44,15,49,75,16,155,16,14,30,185
01/27/2005,LRD,TX,ASW,CE,Federal Contract Tower,10,52,62,2,126,0,0,0,0,0,10,52,62,2,126,0,0,0,126
01/28/2005,LRD,TX,ASW,CE,Federal Contract Tower,10,46,47,6,109,0,1,8,6,15,10,47,55,12,124,0,0,0,124
01/29/2005,LRD,TX,ASW,CE,Federal Contract Tower,7,21,34,0,62,0,0,0,0,0,7,21,34,0,62,0,0,0,62
01/30/2005,LRD,TX,ASW,CE,Federal Contract Tower,4,28,41,0,73,0,0,0,0,0,4,28,41,0,73,0,0,0,73
01/31/2005,LRD,TX,ASW,CE,Federal Contract Tower,6,28,32,0,66,0,0,0,0,0,6,28,32,0,66,0,0,0,66
02/01/2005,LRD,TX,ASW,CE,Federal Contract Tower,8,40,49,16,113,0,0,3,4,7,8,40,52,20,120,0,8,8,128
02/02/2005,LRD,TX,ASW,CE,Federal Contract Tower,14,45,54,19,132,0,0,10,13,23,14,45,64,32,155,0,74,74,229
02/03/2005,LRD,TX,ASW,CE,Federal Contract Tower,16,46,33,6,101,0,0,20,15,35,16,46,53,21,136,12,32,44,180
02/04/2005,LRD,TX,ASW,CE,Federal Contract Tower,6,46,54,7,113,0,1,42,7,50,6,47,96,14,163,42,24,66,229
02/05/2005,LRD,TX,ASW,CE,Federal Contract Tower,4,19,26,0,49,0,0,20,1,21,4,19,46,1,70,30,0,30,100
02/06/2005,LRD,TX,ASW,CE,Federal Contract Tower,3,24,27,0,54,0,0,21,0,21,3,24,48,0,75,28,0,28,103
02/07/2005,LRD,TX,ASW,CE,Federal Contract Tower,4,43,57,14,118,0,0,8,0,8,4,43,65,14,126,4,28,32,158
02/08/2005,LRD,TX,ASW,CE,Federal Contract Tower,8,38,46,0,92,0,0,0,0,0,8,38,46,0,92,0,0,0,92
02/09/2005,LRD,TX,ASW,CE,Federal Contract Tower,10,32,33,0,75,0,0,0,0,0,10,32,33,0,75,0,0,0,75
02/10/2005,LRD,TX,ASW,CE,Federal Contract Tower,12,49,49,9,119,0,0,20,3,23,12,49,69,12,142,14,20,34,176
02/11/2005,LRD,TX,ASW,CE,Federal Contract Tower,8,39,39,4,90,0,0,32,0,32,8,39,71,4,122,46,54,100,222
02/12/2005,LRD,TX,ASW,CE,Federal Contract Tower,6,27,15,3,51,0,0,15,1,16,6,27,30,4,67,162,20,182,249
02/13/2005,LRD,TX,ASW,CE,Federal Contract Tower,2,18,25,5,50,0,0,34,6,40,2,18,59,11,90,320,4,324,414
02/14/2005,LRD,TX,ASW,CE,Federal Contract Tower,3,43,37,21,104,0,0,51,4,55,3,43,88,25,159,44,26,70,229
02/15/2005,LRD,TX,ASW,CE,Federal Contract Tower,11,51,58,20,140,0,1,63,3,67,11,52,121,23,207,28,100,128,335
02/16/2005,LRD,TX,ASW,CE,Federal Contract Tower,22,43,47,11,123,0,0,22,2,24,22,43,69,13,147,4,26,30,177
02/17/2005,LRD,TX,ASW,CE,Federal Contract Tower,18,34,59,12,123,0,0,33,2,35,18,34,92,14,158,18,0,18,176
02/18/2005,LRD,TX,ASW,CE,Federal Contract Tower,16,40,46,10,112,0,0,4,0,4,16,40,50,10,116,0,0,0,116
02/19/2005,LRD,TX,ASW,CE,Federal Contract Tower,9,23,44,2,78,0,0,0,0,0,9,23,44,2,78,0,0,0,78
02/20/2005,LRD,TX,ASW,CE,Federal Contract Tower,3,19,37,5,64,0,0,6,1,7,3,19,43,6,71,20,0,20,91
02/21/2005,LRD,TX,ASW,CE,Federal Contract Tower,11,40,51,0,102,0,0,11,0,11,11,40,62,0,113,26,0,26,139
02/22/2005,LRD,TX,ASW,CE,Federal Contract Tower,13,49,58,22,142,0,0,19,0,19,13,49,77,22,161,6,0,6,167
02/23/2005,LRD,TX,ASW,CE,Federal Contract Tower,17,43,50,6,116,0,0,16,4,20,17,43,66,10,136,0,38,38,174
02/24/2005,LRD,TX,ASW,CE,Federal Contract Tower,13,65,60,46,184,0,0,27,2,29,13,65,87,48,213,16,88,104,317
02/25/2005,LRD,TX,ASW,CE,Federal Contract Tower,14,43,64,6,127,0,0,10,1,11,14,43,74,7,138,22,0,22,160
02/26/2005,LRD,TX,ASW,CE,Federal Contract Tower,11,20,23,0,54,0,0,0,0,0,11,20,23,0,54,0,0,0,54
02/27/2005,LRD,TX,ASW,CE,Federal Contract Tower,3,20,32,0,55,0,0,37,1,38,3,20,69,1,93,40,0,40,133
02/28/2005,LRD,TX,ASW,CE,Federal Contract Tower,3,34,27,33,97,0,0,40,6,46,3,34,67,39,143,8,208,216,359
03/01/2005,LRD,TX,ASW,CE,Federal Contract Tower,9,40,34,16,99,0,1,44,9,54,9,41,78,25,153,0,52,52,205
03/02/2005,LRD,TX,ASW,CE,Federal Contract Tower,11,49,54,12,126,0,0,13,7,20,11,49,67,19,146,12,0,12,158
03/03/2005,LRD,TX,ASW,CE,Federal Contract Tower,12,40,40,7,99,0,1,27,2,30,12,41,67,9,129,20,14,34,163
03/04/2005,LRD,TX,ASW,CE,Federal Contract Tower,10,43,58,18,129,0,0,26,2,28,10,43,84,20,157,0,6,6,163
03/05/2005,LRD,TX,ASW,CE,Federal Contract Tower,11,26,16,0,53,0,0,2,0,2,11,26,18,0,55,0,0,0,55
03/06/2005,LRD,TX,ASW,CE,Federal Contract Tower,3,20,36,0,59,0,0,5,1,6,3,20,41,1,65,4,18,22,87
03/07/2005,LRD,TX,ASW,CE,Federal Contract Tower,4,33,28,18,83,0,0,26,1,27,4,33,54,19,110,2,20,22,132
03/08/2005,LRD,TX,ASW,CE,Federal Contract Tower,10,39,27,10,86,0,0,28,6,34,10,39,55,16,120,2,24,26,146
03/09/2005,LRD,TX,ASW,CE,Federal Contract Tower,14,42,41,25,122,0,0,39,6,45,14,42,80,31,167,24,24,48,215
03/10/2005,LRD,TX,ASW,CE,Federal Contract Tower,15,50,45,18,128,0,2,61,11,74,15,52,106,29,202,4,90,94,296
03/11/2005,LRD,TX,ASW,CE,Federal Contract Tower,10,38,44,4,96,0,0,35,3,38,10,38,79,7,134,2,42,44,178
03/12/2005,LRD,TX,ASW,CE,Federal Contract Tower,7,22,16,22,67,0,0,32,5,37,7,22,48,27,104,8,56,64,168
03/13/2005,LRD,TX,ASW,CE,Federal Contract Tower,5,18,37,0,60,0,0,32,1,33,5,18,69,1,93,18,0,18,111
03/14/2005,LRD,TX,ASW,CE,Federal Contract Tower,6,35,34,6,81,0,0,33,7,40,6,35,67,13,121,14,42,56,177
03/15/2005,LRD,TX,ASW,CE,Federal Contract Tower,15,40,41,48,144,0,2,6,0,8,15,42,47,48,152,18,0,18,170
03/16/2005,LRD,TX,ASW,CE,Federal Contract Tower,10,53,38,15,116,0,0,19,14,33,10,53,57,29,149,0,0,0,149
03/17/2005,LRD,TX,ASW,CE,Federal Contract Tower,17,43,20,28,108,0,0,39,13,52,17,43,59,41,160,24,166,190,350
03/18/2005,LRD,TX,ASW,CE,Federal Contract Tower,8,45,52,8,113,0,0,65,22,87,8,45,117,30,200,54,50,104,304
03/19/2005,LRD,TX,ASW,CE,Federal Contract Tower,7,36,33,9,85,0,0,20,2,22,7,36,53,11,107,4,0,4,111
03/20/2005,LRD,TX,ASW,CE,Federal Contract Tower,4,16,30,8,58,0,1,28,2,31,4,17,58,10,89,8,0,8,97
03/21/2005,LRD,TX,ASW,CE,Federal Contract Tower,6,32,40,24,102,0,0,26,18,44,6,32,66,42,146,8,62,70,216
03/22/2005,LRD,TX,ASW,CE,Federal Contract Tower,15,44,21,10,90,0,2,36,22,60,15,46,57,32,150,32,30,62,212
03/23/2005,LRD,TX,ASW,CE,Federal Contract Tower,19,51,35,12,117,0,0,52,18,70,19,51,87,30,187,42,10,52,239
03/24/2005,LRD,TX,ASW,CE,Federal Contract Tower,19,36,39,24,118,0,0,36,5,41,19,36,75,29,159,28,152,180,339
03/25/2005,LRD,TX,ASW,CE,Federal Contract Tower,11,29,33,0,73,0,4,27,3,34,11,33,60,3,107,30,0,30,137
03/26/2005,LRD,TX,ASW,CE,Federal Contract Tower,9,14,32,2,57,0,0,12,0,12,9,14,44,2,69,8,0,8,77
03/27/2005,LRD,TX,ASW,CE,Federal Contract Tower,3,11,26,0,40,0,0,26,0,26,3,11,52,0,66,10,0,10,76
03/28/2005,LRD,TX,ASW,CE,Federal Contract Tower,12,34,36,17,99,0,0,30,10,40,12,34,66,27,139,0,42,42,181
03/29/2005,LRD,TX,ASW,CE,Federal Contract Tower,19,36,43,40,138,0,1,22,4,27,19,37,65,44,165,8,128,136,301
03/30/2005,LRD,TX,ASW,CE,Federal Contract Tower,14,45,28,6,93,0,0,38,7,45,14,45,66,13,138,46,12,58,196
03/31/2005,LRD,TX,ASW,CE,Federal Contract Tower,17,46,37,4,104,0,0,42,0,42,17,46,79,4,146,78,48,126,272
04/01/2005,LRD,TX,ASW,CE,Federal Contract Tower,7,47,37,1,92,0,1,25,3,29,7,48,62,4,121,6,6,12,133
04/02/2005,LRD,TX,ASW,CE,Federal Contract Tower,11,19,26,2,58,0,0,30,0,30,11,19,56,2,88,42,0,42,130
04/03/2005,LRD,TX,ASW,CE,Federal Contract Tower,1,19,22,0,42,0,0,24,0,24,1,19,46,0,66,50,0,50,116
04/04/2005,LRD,TX,ASW,CE,Federal Contract Tower,13,39,35,16,103,0,0,29,2,31,13,39,64,18,134,10,98,108,242
04/05/2005,LRD,TX,ASW,CE,Federal Contract Tower,19,43,59,34,155,0,6,16,12,34,19,49,75,46,189,14,144,158,347
04/06/2005,LRD,TX,ASW,CE,Federal Contract Tower,9,45,40,21,115,0,0,48,9,57,9,45,88,30,172,2,100,102,274
04/07/2005,LRD,TX,ASW,CE,Federal Contract Tower,18,40,34,14,106,0,1,40,6,47,18,41,74,20,153,0,24,24,177
04/08/2005,LRD,TX,ASW,CE,Federal Contract Tower,8,44,40,14,106,0,2,42,3,47,8,46,82,17,153,4,60,64,217
04/09/2005,LRD,TX,ASW,CE,Federal Contract Tower,7,21,15,0,43,0,0,18,0,18,7,21,33,0,61,22,0,22,83
04/10/2005,LRD,TX,ASW,CE,Federal Contract Tower,1,16,38,0,55,0,0,14,0,14,1,16,52,0,69,10,0,10,79
04/11/2005,LRD,TX,ASW,CE,Federal Contract Tower,6,33,24,5,68,0,0,24,6,30,6,33,48,11,98,14,22,36,134
04/12/2005,LRD,TX,ASW,CE,Federal Contract Tower,16,54,40,14,124,0,0,34,18,52,16,54,74,32,176,26,20,46,222
04/13/2005,LRD,TX,ASW,CE,Federal Contract Tower,12,40,41,9,102,0,0,33,22,55,12,40,74,31,157,6,68,74,231
04/14/2005,LRD,TX,ASW,CE,Federal Contract Tower,10,44,36,4,94,0,1,52,18,71,10,45,88,22,165,52,8,60,225
04/15/2005,LRD,TX,ASW,CE,Federal Contract Tower,13,38,22,10,83,0,0,32,0,32,13,38,54,10,115,6,18,24,139
04/16/2005,LRD,TX,ASW,CE,Federal Contract Tower,8,17,23,0,48,0,4,20,0,24,8,21,43,0,72,8,0,8,80
04/17/2005,LRD,TX,ASW,CE,Federal Contract Tower,0,19,16,4,39,0,2,11,1,14,0,21,27,5,53,34,26,60,113
04/18/2005,LRD,TX,ASW,CE,Federal Contract Tower,13,37,19,14,83,0,1,20,14,35,13,38,39,28,118,30,22,52,170
04/19/2005,LRD,TX,ASW,CE,Federal Contract Tower,11,43,45,10,109,0,1,28,12,41,11,44,73,22,150,4,84,88,238
04/20/2005,LRD,TX,ASW,CE,Federal Contract Tower,11,32,47,20,110,0,1,8,4,13,11,33,55,24,123,0,0,0,123
04/21/2005,LRD,TX,ASW,CE,Federal Contract Tower,9,40,47,6,102,0,1,26,3,30,9,41,73,9,132,0,0,0,132
04/22/2005,LRD,TX,ASW,CE,Federal Contract Tower,9,50,40,14,113,0,0,17,2,19,9,50,57,16,132,14,32,46,178
04/23/2005,LRD,TX,ASW,CE,Federal Contract Tower,8,20,16,0,44,0,0,14,2,16,8,20,30,2,60,10,0,10,70
04/24/2005,LRD,TX,ASW,CE,Federal Contract Tower,0,19,32,7,58,0,0,18,2,20,0,19,50,9,78,4,16,20,98
04/25/2005,LRD,TX,ASW,CE,Federal Contract Tower,3,36,38,2,79,0,1,23,2,26,3,37,61,4,105,70,0,70,175
04/26/2005,LRD,TX,ASW,CE,Federal Contract Tower,8,38,48,12,106,0,0,31,18,49,8,38,79,30,155,6,0,6,161
04/27/2005,LRD,TX,ASW,CE,Federal Contract Tower,10,43,32,16,101,0,1,39,13,53,10,44,71,29,154,14,68,82,236
04/28/2005,LRD,TX,ASW,CE,Federal Contract Tower,11,44,37,32,124,0,1,43,12,56,11,45,80,44,180,8,58,66,246
04/29/2005,LRD,TX,ASW,CE,Federal Contract Tower,7,40,30,16,93,0,2,38,3,43,7,42,68,19,136,14,30,44,180
04/30/2005,LRD,TX,ASW,CE,Federal Contract Tower,5,18,16,4,43,0,0,16,0,16,5,18,32,4,59,16,0,16,75
05/01/2005,LRD,TX,ASW,CE,Federal Contract Tower,0,20,22,8,50,0,0,10,0,10,0,20,32,8,60,62,0,62,122
05/02/2005,LRD,TX,ASW,CE,Federal Contract Tower,9,38,44,9,100,0,0,22,9,31,9,38,66,18,131,0,36,36,167
05/03/2005,LRD,TX,ASW,CE,Federal Contract Tower,10,38,34,20,102,0,0,14,4,18,10,38,48,24,120,4,66,70,190
05/04/2005,LRD,TX,ASW,CE,Federal Contract Tower,19,46,35,13,113,0,0,14,0,14,19,46,49,13,127,20,64,84,211
05/05/2005,LRD,TX,ASW,CE,Federal Contract Tower,15,36,39,25,115,0,2,25,46,73,15,38,64,71,188,2,85,87,275
05/06/2005,LRD,TX,ASW,CE,Federal Contract Tower,10,33,22,18,83,0,1,12,0,13,10,34,34,18,96,12,24,36,132
05/07/2005,LRD,TX,ASW,CE,Federal Contract Tower,5,16,14,0,35,0,0,8,0,8,5,16,22,0,43,0,0,0,43
05/08/2005,LRD,TX,ASW,CE,Federal Contract Tower,2,18,18,18,56,0,0,7,0,7,2,18,25,18,63,0,16,16,79
05/09/2005,LRD,TX,ASW,CE,Federal Contract Tower,8,30,33,16,87,0,3,31,0,34,8,33,64,16,121,0,0,0,121
05/10/2005,LRD,TX,ASW,CE,Federal Contract Tower,16,39,44,15,114,0,1,19,5,25,16,40,63,20,139,6,56,62,201
05/11/2005,LRD,TX,ASW,CE,Federal Contract Tower,12,39,43,11,105,0,0,22,1,23,12,39,65,12,128,0,92,92,220
05/12/2005,LRD,TX,ASW,CE,Federal Contract Tower,14,35,47,12,108,0,1,18,0,19,14,36,65,12,127,14,24,38,165
05/13/2005,LRD,TX,ASW,CE,Federal Contract Tower,12,39,35,18,104,0,0,31,0,31,12,39,66,18,135,30,28,58,193
05/14/2005,LRD,TX,ASW,CE,Federal Contract Tower,7,20,19,0,46,0,1,17,0,18,7,21,36,0,64,18,0,18,82
05/15/2005,LRD,TX,ASW,CE,Federal Contract Tower,1,14,21,0,36,0,0,17,0,17,1,14,38,0,53,14,0,14,67
05/16/2005,LRD,TX,ASW,CE,Federal Contract Tower,5,28,25,38,96,0,0,18,8,26,5,28,43,46,122,0,48,48,170
05/17/2005,LRD,TX,ASW,CE,Federal Contract Tower,8,35,37,5,85,0,1,47,6,54,8,36,84,11,139,6,0,6,145
05/18/2005,LRD,TX,ASW,CE,Federal Contract Tower,16,46,32,10,104,0,2,31,4,37,16,48,63,14,141,12,0,12,153
05/19/2005,LRD,TX,ASW,CE,Federal Contract Tower,10,43,32,25,110,0,0,28,1,29,10,43,60,26,139,0,0,0,139
05/20/2005,LRD,TX,ASW,CE,Federal Contract Tower,5,41,22,2,70,0,0,25,0,25,5,41,47,2,95,12,0,12,107
05/21/2005,LRD,TX,ASW,CE,Federal Contract Tower,9,16,8,0,33,0,0,28,0,28,9,16,36,0,61,6,0,6,67
05/22/2005,LRD,TX,ASW,CE,Federal Contract Tower,0,17,25,0,42,0,0,20,0,20,0,17,45,0,62,6,0,6,68
05/23/2005,LRD,TX,ASW,CE,Federal Contract Tower,5,24,38,12,79,0,2,30,0,32,5,26,68,12,111,36,16,52,163
05/24/2005,LRD,TX,ASW,CE,Federal Contract Tower,10,34,40,29,113,0,1,28,6,35,10,35,68,35,148,0,18,18,166
05/25/2005,LRD,TX,ASW,CE,Federal Contract Tower,13,35,41,17,106,0,2,26,3,31,13,37,67,20,137,0,50,50,187
05/26/2005,LRD,TX,ASW,CE,Federal Contract Tower,10,39,48,4,101,1,0,19,1,21,11,39,67,5,122,4,22,26,148
05/27/2005,LRD,TX,ASW,CE,Federal Contract Tower,4,40,27,0,71,0,1,13,0,14,4,41,40,0,85,10,0,10,95
05/28/2005,LRD,TX,ASW,CE,Federal Contract Tower,3,20,9,0,32,0,0,13,0,13,3,20,22,0,45,4,0,4,49
05/29/2005,LRD,TX,ASW,CE,Federal Contract Tower,1,10,6,0,17,0,0,5,0,5,1,10,11,0,22,0,0,0,22
05/30/2005,LRD,TX,ASW,CE,Federal Contract Tower,3,21,28,0,52,0,0,20,2,22,3,21,48,2,74,4,0,4,78
05/31/2005,LRD,TX,ASW,CE,Federal Contract Tower,4,31,33,30,98,0,1,32,6,39,4,32,65,36,137,0,44,44,181
06/01/2005,LRD,TX,ASW,CE,Federal Contract Tower,14,52,33,22,121,0,1,25,1,27,14,53,58,23,148,12,16,28,176
06/02/2005,LRD,TX,ASW,CE,Federal Contract Tower,13,50,38,6,107,0,0,21,0,21,13,50,59,6,128,0,26,26,154
06/03/2005,LRD,TX,ASW,CE,Federal Contract Tower,8,41,43,17,109,0,0,10,2,12,8,41,53,19,121,0,94,94,215
06/04/2005,LRD,TX,ASW,CE,Federal Contract Tower,6,18,13,5,42,0,0,12,1,13,6,18,25,6,55,6,0,6,61
06/05/2005,LRD,TX,ASW,CE,Federal Contract Tower,1,15,25,0,41,0,0,26,0,26,1,15,51,0,67,14,0,14,81
06/06/2005,LRD,TX,ASW,CE,Federal Contract Tower,14,44,30,40,128,0,0,32,14,46,14,44,62,54,174,10,56,66,240
06/07/2005,LRD,TX,ASW,CE,Federal Contract Tower,10,33,45,12,100,0,0,21,15,36,10,33,66,27,136,4,18,22,158
06/08/2005,LRD,TX,ASW,CE,Federal Contract Tower,18,44,40,26,128,0,0,24,5,29,18,44,64,31,157,20,4,24,181
06/09/2005,LRD,TX,ASW,CE,Federal Contract Tower,17,43,40,14,114,0,0,30,0,30,17,43,70,14,144,0,60,60,204
06/10/2005,LRD,TX,ASW,CE,Federal Contract Tower,12,44,31,19,106,0,0,18,3,21,12,44,49,22,127,0,64,64,191
06/11/2005,LRD,TX,ASW,CE,Federal Contract Tower,9,20,11,7,47,0,0,19,0,19,9,20,30,7,66,0,6,6,72
06/12/2005,LRD,TX,ASW,CE,Federal Contract Tower,0,19,29,3,51,0,1,17,0,18,0,20,46,3,69,0,0,0,69
06/13/2005,LRD,TX,ASW,CE,Federal Contract Tower,13,33,45,4,95,0,0,18,2,20,13,33,63,6,115,16,0,16,131
06/14/2005,LRD,TX,ASW,CE,Federal Contract Tower,10,43,31,21,105,0,1,38,12,51,10,44,69,33,156,12,50,62,218
06/15/2005,LRD,TX,ASW,CE,Federal Contract Tower,18,51,30,18,117,0,0,35,1,36,18,51,65,19,153,4,80,84,237
06/16/2005,LRD,TX,ASW,CE,Federal Contract Tower,14,55,56,25,150,0,3,35,3,41,14,58,91,28,191,26,100,126,317
06/17/2005,LRD,TX,ASW,CE,Federal Contract Tower,6,39,32,12,89,0,0,31,0,31,6,39,63,12,120,28,48,76,196
06/18/2005,LRD,TX,ASW,CE,Federal Contract Tower,5,18,18,0,41,0,0,17,0,17,5,18,35,0,58,0,0,0,58
06/19/2005,LRD,TX,ASW,CE,Federal Contract Tower,0,16,28,7,51,0,0,18,1,19,0,16,46,8,70,2,4,6,76
06/20/2005,LRD,TX,ASW,CE,Federal Contract Tower,15,38,22,34,109,0,2,32,10,44,15,40,54,44,153,26,136,162,315
06/21/2005,LRD,TX,ASW,CE,Federal Contract Tower,20,43,39,6,108,0,0,36,26,62,20,43,75,32,170,0,36,36,206
06/22/2005,LRD,TX,ASW,CE,Federal Contract Tower,19,38,33,23,113,1,0,40,7,48,20,38,73,30,161,10,88,98,259
06/23/2005,LRD,TX,ASW,CE,Federal Contract Tower,17,38,43,6,104,3,0,32,2,37,20,38,75,8,141,0,6,6,147
06/24/2005,LRD,TX,ASW,CE,Federal Contract Tower,12,32,39,5,88,0,2,16,3,21,12,34,55,8,109,0,48,48,157
06/25/2005,LRD,TX,ASW,CE,Federal Contract Tower,10,15,14,0,39,0,0,17,0,17,10,15,31,0,56,0,0,0,56
06/26/2005,LRD,TX,ASW,CE,Federal Contract Tower,5,26,23,0,54,0,0,29,0,29,5,26,52,0,83,0,0,0,83
06/27/2005,LRD,TX,ASW,CE,Federal Contract Tower,13,44,32,13,102,0,0,23,0,23,13,44,55,13,125,14,16,30,155
06/28/2005,LRD,TX,ASW,CE,Federal Contract Tower,12,44,32,10,98,0,1,34,6,41,12,45,66,16,139,2,32,34,173
06/29/2005,LRD,TX,ASW,CE,Federal Contract Tower,14,43,46,18,121,0,0,20,5,25,14,43,66,23,146,4,80,84,230
06/30/2005,LRD,TX,ASW,CE,Federal Contract Tower,15,53,36,11,115,0,0,35,3,38,15,53,71,14,153,44,140,184,337
07/01/2005,LRD,TX,ASW,CE,Federal Contract Tower,10,32,28,10,80,0,0,17,0,17,10,32,45,10,97,0,0,0,97
07/02/2005,LRD,TX,ASW,CE,Federal Contract Tower,5,20,13,0,38,0,0,16,0,16,5,20,29,0,54,12,0,12,66
07/03/2005,LRD,TX,ASW,CE,Federal Contract Tower,0,15,15,0,30,0,0,5,0,5,0,15,20,0,35,0,0,0,35
07/04/2005,LRD,TX,ASW,CE,Federal Contract Tower,0,20,10,2,32,0,0,8,0,8,0,20,18,2,40,0,0,0,40
07/05/2005,LRD,TX,ASW,CE,Federal Contract Tower,14,32,33,16,95,0,2,28,4,34,14,34,61,20,129,0,20,20,149
07/06/2005,LRD,TX,ASW,CE,Federal Contract Tower,20,37,40,33,130,0,0,38,9,47,20,37,78,42,177,0,210,210,387
07/07/2005,LRD,TX,ASW,CE,Federal Contract Tower,12,40,42,12,106,0,0,36,0,36,12,40,78,12,142,18,28,46,188
07/08/2005,LRD,TX,ASW,CE,Federal Contract Tower,8,39,32,13,92,0,0,28,0,28,8,39,60,13,120,4,44,48,168
07/09/2005,LRD,TX,ASW,CE,Federal Contract Tower,6,14,14,0,34,0,0,15,0,15,6,14,29,0,49,36,0,36,85
07/10/2005,LRD,TX,ASW,CE,Federal Contract Tower,1,13,23,0,37,0,0,9,0,9,1,13,32,0,46,28,0,28,74
07/11/2005,LRD,TX,ASW,CE,Federal Contract Tower,6,32,23,27,88,0,0,31,10,41,6,32,54,37,129,20,114,134,263
07/12/2005,LRD,TX,ASW,CE,Federal Contract Tower,14,45,30,20,109,0,0,19,10,29,14,45,49,30,138,2,28,30,168
07/13/2005,LRD,TX,ASW,CE,Federal Contract Tower,20,41,43,11,115,0,0,23,7,30,20,41,66,18,145,14,54,68,213
07/14/2005,LRD,TX,ASW,CE,Federal Contract Tower,11,33,34,14,92,0,0,32,7,39,11,33,66,21,131,6,36,42,173
07/15/2005,LRD,TX,ASW,CE,Federal Contract Tower,11,32,35,2,80,0,0,21,0,21,11,32,56,2,101,16,38,54,155
07/16/2005,LRD,TX,ASW,CE,Federal Contract Tower,5,15,18,2,40,0,0,8,0,8,5,15,26,2,48,0,0,0,48
07/17/2005,LRD,TX,ASW,CE,Federal Contract Tower,0,10,18,4,32,0,0,7,0,7,0,10,25,4,39,26,0,26,65
07/18/2005,LRD,TX,ASW,CE,Federal Contract Tower,8,29,29,11,77,0,0,18,2,20,8,29,47,13,97,6,60,66,163
07/19/2005,LRD,TX,ASW,CE,Federal Contract Tower,14,38,31,4,87,0,0,25,0,25,14,38,56,4,112,0,40,40,152
07/20/2005,LRD,TX,ASW,CE,Federal Contract Tower,16,40,15,0,71,0,0,5,0,5,16,40,20,0,76,0,0,0,76
07/21/2005,LRD,TX,ASW,CE,Federal Contract Tower,23,41,28,2,94,0,0,17,4,21,23,41,45,6,115,4,0,4,119
07/22/2005,LRD,TX,ASW,CE,Federal Contract Tower,12,45,39,0,96,0,0,35,1,36,12,45,74,1,132,4,0,4,136
07/23/2005,LRD,TX,ASW,CE,Federal Contract Tower,6,23,12,0,41,0,0,11,0,11,6,23,23,0,52,8,0,8,60
07/24/2005,LRD,TX,ASW,CE,Federal Contract Tower,3,15,14,0,32,0,0,16,0,16,3,15,30,0,48,2,0,2,50
07/25/2005,LRD,TX,ASW,CE,Federal Contract Tower,18,32,24,2,76,0,0,19,4,23,18,32,43,6,99,16,26,42,141
07/26/2005,LRD,TX,ASW,CE,Federal Contract Tower,19,53,35,5,112,0,0,34,11,45,19,53,69,16,157,32,42,74,231
07/27/2005,LRD,TX,ASW,CE,Federal Contract Tower,24,46,40,7,117,0,0,23,1,24,24,46,63,8,141,14,0,14,155
07/28/2005,LRD,TX,ASW,CE,Federal Contract Tower,23,51,32,0,106,0,3,26,0,29,23,54,58,0,135,0,0,0,135
07/29/2005,LRD,TX,ASW,CE,Federal Contract Tower,12,44,37,4,97,0,0,32,0,32,12,44,69,4,129,0,30,30,159
07/30/2005,LRD,TX,ASW,CE,Federal Contract Tower,11,18,24,0,53,0,0,17,0,17,11,18,41,0,70,4,0,4,74
07/31/2005,LRD,TX,ASW,CE,Federal Contract Tower,2,17,15,2,36,0,0,14,0,14,2,17,29,2,50,4,0,4,54
08/01/2005,LRD,TX,ASW,CE,Federal Contract Tower,14,40,35,4,93,0,0,21,7,28,14,40,56,11,121,4,58,62,183
08/02/2005,LRD,TX,ASW,CE,Federal Contract Tower,14,33,32,0,79,0,0,17,7,24,14,33,49,7,103,2,0,2,105
08/03/2005,LRD,TX,ASW,CE,Federal Contract Tower,18,44,32,4,98,0,1,28,4,33,18,45,60,8,131,2,34,36,167
08/04/2005,LRD,TX,ASW,CE,Federal Contract Tower,16,48,33,1,98,0,0,17,2,19,16,48,50,3,117,0,2,2,119
08/05/2005,LRD,TX,ASW,CE,Federal Contract Tower,11,36,28,5,80,0,2,15,0,17,11,38,43,5,97,0,0,0,97
08/06/2005,LRD,TX,ASW,CE,Federal Contract Tower,3,24,16,0,43,0,0,25,0,25,3,24,41,0,68,20,0,20,88
08/07/2005,LRD,TX,ASW,CE,Federal Contract Tower,4,19,22,0,45,0,0,18,0,18,4,19,40,0,63,12,0,12,75
08/08/2005,LRD,TX,ASW,CE,Federal Contract Tower,11,35,38,12,96,0,1,29,0,30,11,36,67,12,126,0,120,120,246
08/09/2005,LRD,TX,ASW,CE,Federal Contract Tower,11,39,19,18,87,0,0,27,8,35,11,39,46,26,122,26,112,138,260
08/10/2005,LRD,TX,ASW,CE,Federal Contract Tower,16,51,34,0,101,0,2,23,0,25,16,53,57,0,126,0,0,0,126
08/11/2005,LRD,TX,ASW,CE,Federal Contract Tower,19,42,47,7,115,0,0,36,1,37,19,42,83,8,152,20,4,24,176
08/12/2005,LRD,TX,ASW,CE,Federal Contract Tower,10,45,36,0,91,0,0,34,0,34,10,45,70,0,125,6,0,6,131
08/13/2005,LRD,TX,ASW,CE,Federal Contract Tower,6,19,21,0,46,0,0,20,0,20,6,19,41,0,66,22,0,22,88
08/14/2005,LRD,TX,ASW,CE,Federal Contract Tower,5,15,22,16,58,0,0,9,1,10,5,15,31,17,68,2,68,70,138
08/15/2005,LRD,TX,ASW,CE,Federal Contract Tower,9,39,16,72,136,0,0,31,15,46,9,39,47,87,182,60,312,372,554
08/16/2005,LRD,TX,ASW,CE,Federal Contract Tower,15,41,30,24,110,0,0,34,4,38,15,41,64,28,148,0,118,118,266
08/17/2005,LRD,TX,ASW,CE,Federal Contract Tower,16,46,36,11,109,0,0,23,0,23,16,46,59,11,132,12,60,72,204
08/18/2005,LRD,TX,ASW,CE,Federal Contract Tower,17,43,36,4,100,0,1,40,0,41,17,44,76,4,141,52,30,82,223
08/19/2005,LRD,TX,ASW,CE,Federal Contract Tower,12,53,30,5,100,0,0,18,1,19,12,53,48,6,119,24,66,90,209
08/20/2005,LRD,TX,ASW,CE,Federal Contract Tower,6,27,10,0,43,0,0,22,0,22,6,27,32,0,65,24,0,24,89
08/21/2005,LRD,TX,ASW,CE,Federal Contract Tower,5,16,19,8,48,0,0,14,0,14,5,16,33,8,62,8,0,8,70
08/22/2005,LRD,TX,ASW,CE,Federal Contract Tower,11,40,27,2,80,0,0,26,6,32,11,40,53,8,112,20,40,60,172
08/23/2005,LRD,TX,ASW,CE,Federal Contract Tower,13,45,33,14,105,0,0,40,2,42,13,45,73,16,147,30,80,110,257
08/24/2005,LRD,TX,ASW,CE,Federal Contract Tower,18,39,29,8,94,0,0,57,0,57,18,39,86,8,151,16,6,22,173
08/25/2005,LRD,TX,ASW,CE,Federal Contract Tower,23,52,27,24,126,0,0,41,0,41,23,52,68,24,167,16,52,68,235
08/26/2005,LRD,TX,ASW,CE,Federal Contract Tower,9,45,38,7,99,0,0,35,0,35,9,45,73,7,134,38,24,62,196
08/27/2005,LRD,TX,ASW,CE,Federal Contract Tower,3,20,10,0,33,0,0,25,0,25,3,20,35,0,58,4,0,4,62
08/28/2005,LRD,TX,ASW,CE,Federal Contract Tower,3,14,14,0,31,1,0,9,0,10,4,14,23,0,41,0,0,0,41
08/29/2005,LRD,TX,ASW,CE,Federal Contract Tower,15,29,35,2,81,0,1,19,2,22,15,30,54,4,103,0,32,32,135
08/30/2005,LRD,TX,ASW,CE,Federal Contract Tower,11,40,17,4,72,0,0,37,2,39,11,40,54,6,111,24,26,50,161
08/31/2005,LRD,TX,ASW,CE,Federal Contract Tower,31,43,35,8,117,0,0,30,0,30,31,43,65,8,147,16,44,60,207
09/01/2005,LRD,TX,ASW,CE,Federal Contract Tower,25,48,33,6,112,0,1,29,0,30,25,49,62,6,142,52,22,74,216
09/02/2005,LRD,TX,ASW,CE,Federal Contract Tower,14,44,25,8,91,0,4,8,0,12,14,48,33,8,103,36,52,88,191
09/03/2005,LRD,TX,ASW,CE,Federal Contract Tower,6,22,2,0,30,1,0,21,0,22,7,22,23,0,52,2,0,2,54
09/04/2005,LRD,TX,ASW,CE,Federal Contract Tower,7,10,8,0,25,0,1,6,0,7,7,11,14,0,32,0,0,0,32
09/05/2005,LRD,TX,ASW,CE,Federal Contract Tower,7,27,23,0,57,0,0,11,0,11,7,27,34,0,68,0,0,0,68
09/06/2005,LRD,TX,ASW,CE,Federal Contract Tower,9,49,20,12,90,0,0,42,8,50,9,49,62,20,140,0,94,94,234
09/07/2005,LRD,TX,ASW,CE,Federal Contract Tower,25,53,29,0,107,0,0,19,0,19,25,53,48,0,126,6,4,10,136
09/08/2005,LRD,TX,ASW,CE,Federal Contract Tower,27,55,33,2,117,0,0,28,0,28,27,55,61,2,145,10,4,14,159
09/09/2005,LRD,TX,ASW,CE,Federal Contract Tower,11,36,18,1,66,0,0,23,1,24,11,36,41,2,90,0,0,0,90
09/10/2005,LRD,TX,ASW,CE,Federal Contract Tower,5,21,9,0,35,0,0,12,0,12,5,21,21,0,47,6,0,6,53
09/11/2005,LRD,TX,ASW,CE,Federal Contract Tower,3,14,13,0,30,0,0,4,0,4,3,14,17,0,34,0,0,0,34
09/12/2005,LRD,TX,ASW,CE,Federal Contract Tower,16,41,43,2,102,0,0,23,2,25,16,41,66,4,127,48,0,48,175
09/13/2005,LRD,TX,ASW,CE,Federal Contract Tower,21,43,33,9,106,0,0,51,5,56,21,43,84,14,162,38,44,82,244
09/14/2005,LRD,TX,ASW,CE,Federal Contract Tower,22,48,36,11,117,0,0,29,2,31,22,48,65,13,148,0,92,92,240
09/15/2005,LRD,TX,ASW,CE,Federal Contract Tower,16,36,61,2,115,0,0,29,0,29,16,36,90,2,144,4,22,26,170
09/16/2005,LRD,TX,ASW,CE,Federal Contract Tower,11,29,27,23,90,0,1,27,1,29,11,30,54,24,119,4,154,158,277
09/17/2005,LRD,TX,ASW,CE,Federal Contract Tower,5,14,6,0,25,0,0,22,0,22,5,14,28,0,47,18,0,18,65
09/18/2005,LRD,TX,ASW,CE,Federal Contract Tower,2,12,29,0,43,0,0,16,0,16,2,12,45,0,59,18,0,18,77
09/19/2005,LRD,TX,ASW,CE,Federal Contract Tower,16,39,36,20,111,0,0,41,6,47,16,39,77,26,158,4,170,174,332
09/20/2005,LRD,TX,ASW,CE,Federal Contract Tower,30,44,35,2,111,0,0,35,0,35,30,44,70,2,146,14,6,20,166
09/21/2005,LRD,TX,ASW,CE,Federal Contract Tower,26,52,51,2,131,0,0,35,0,35,26,52,86,2,166,0,20,20,186
09/22/2005,LRD,TX,ASW,CE,Federal Contract Tower,20,46,63,2,131,0,1,42,0,43,20,47,105,2,174,4,12,16,190
09/23/2005,LRD,TX,ASW,CE,Federal Contract Tower,24,26,12,0,62,0,0,18,0,18,24,26,30,0,80,6,0,6,86
09/24/2005,LRD,TX,ASW,CE,Federal Contract Tower,11,7,8,0,26,0,1,17,0,18,11,8,25,0,44,8,0,8,52
09/25/2005,LRD,TX,ASW,CE,Federal Contract Tower,6,12,18,0,36,0,0,16,0,16,6,12,34,0,52,2,0,2,54
09/26/2005,LRD,TX,ASW,CE,Federal Contract Tower,15,46,37,4,102,0,0,32,0,32,15,46,69,4,134,0,26,26,160
09/27/2005,LRD,TX,ASW,CE,Federal Contract Tower,23,40,45,4,112,0,1,33,4,38,23,41,78,8,150,0,46,46,196
09/28/2005,LRD,TX,ASW,CE,Federal Contract Tower,23,38,39,0,100,0,0,34,0,34,23,38,73,0,134,12,4,16,150
09/29/2005,LRD,TX,ASW,CE,Federal Contract Tower,22,36,47,0,105,0,0,35,0,35,22,36,82,0,140,14,4,18,158
09/30/2005,LRD,TX,ASW,CE,Federal Contract Tower,23,34,26,0,83,0,0,41,0,41,23,34,67,0,124,0,0,0,124
10/01/2005,LRD,TX,ASW,CE,Federal Contract Tower,5,14,14,0,33,0,0,25,0,25,5,14,39,0,58,4,0,4,62
10/02/2005,LRD,TX,ASW,CE,Federal Contract Tower,3,17,19,0,39,0,0,9,0,9,3,17,28,0,48,0,0,0,48
10/03/2005,LRD,TX,ASW,CE,Federal Contract Tower,14,33,44,0,91,0,0,13,4,17,14,33,57,4,108,0,0,0,108
10/04/2005,LRD,TX,ASW,CE,Federal Contract Tower,23,40,23,2,88,0,0,17,0,17,23,40,40,2,105,0,0,0,105
10/05/2005,LRD,TX,ASW,CE,Federal Contract Tower,29,58,33,2,122,0,0,26,6,32,29,58,59,8,154,10,0,10,164
10/06/2005,LRD,TX,ASW,CE,Federal Contract Tower,37,50,30,12,129,0,0,26,0,26,37,50,56,12,155,0,30,30,185
10/07/2005,LRD,TX,ASW,CE,Federal Contract Tower,18,40,45,2,105,0,0,18,0,18,18,40,63,2,123,6,0,6,129
10/08/2005,LRD,TX,ASW,CE,Federal Contract Tower,4,17,8,0,29,0,0,27,0,27,4,17,35,0,56,0,0,0,56
10/09/2005,LRD,TX,ASW,CE,Federal Contract Tower,2,14,18,0,34,0,0,27,0,27,2,14,45,0,61,8,0,8,69
10/10/2005,LRD,TX,ASW,CE,Federal Contract Tower,8,27,28,4,67,0,0,24,0,24,8,27,52,4,91,6,4,10,101
10/11/2005,LRD,TX,ASW,CE,Federal Contract Tower,25,37,34,1,97,0,0,13,5,18,25,37,47,6,115,6,10,16,131
10/12/2005,LRD,TX,ASW,CE,Federal Contract Tower,28,51,49,4,132,0,7,3,6,16,28,58,52,10,148,10,0,10,158
10/13/2005,LRD,TX,ASW,CE,Federal Contract Tower,37,39,50,2,128,2,0,16,6,24,39,39,66,8,152,0,0,0,152
10/14/2005,LRD,TX,ASW,CE,Federal Contract Tower,25,38,27,0,90,0,0,24,3,27,25,38,51,3,117,6,0,6,123
10/15/2005,LRD,TX,ASW,CE,Federal Contract Tower,6,16,20,0,42,0,0,21,0,21,6,16,41,0,63,4,0,4,67
10/16/2005,LRD,TX,ASW,CE,Federal Contract Tower,6,19,29,0,54,0,0,29,0,29,6,19,58,0,83,12,0,12,95
10/17/2005,LRD,TX,ASW,CE,Federal Contract Tower,20,30,31,8,89,0,0,35,10,45,20,30,66,18,134,2,20,22,156
10/18/2005,LRD,TX,ASW,CE,Federal Contract Tower,18,32,33,7,90,0,0,35,13,48,18,32,68,20,138,14,44,58,196
10/19/2005,LRD,TX,ASW,CE,Federal Contract Tower,29,45,28,6,108,0,0,41,15,56,29,45,69,21,164,0,80,80,244
10/20/2005,LRD,TX,ASW,CE,Federal Contract Tower,21,47,50,14,132,1,5,47,13,66,22,52,97,27,198,20,10,30,228
10/21/2005,LRD,TX,ASW,CE,Federal Contract Tower,17,35,25,2,79,0,0,36,1,37,17,35,61,3,116,2,26,28,144
10/22/2005,LRD,TX,ASW,CE,Federal Contract Tower,3,12,9,0,24,0,0,27,0,27,3,12,36,0,51,0,0,0,51
10/23/2005,LRD,TX,ASW,CE,Federal Contract Tower,1,19,23,3,46,0,0,12,2,14,1,19,35,5,60,8,0,8,68
10/24/2005,LRD,TX,ASW,CE,Federal Contract Tower,12,33,40,9,94,0,1,23,5,29,12,34,63,14,123,14,64,78,201
10/25/2005,LRD,TX,ASW,CE,Federal Contract Tower,14,36,33,6,89,1,0,62,6,69,15,36,95,12,158,26,24,50,208
10/26/2005,LRD,TX,ASW,CE,Federal Contract Tower,31,35,74,14,154,0,0,0,0,0,31,35,74,14,154,0,30,30,184
10/27/2005,LRD,TX,ASW,CE,Federal Contract Tower,25,51,50,6,132,0,0,30,0,30,25,51,80,6,162,12,14,26,188
10/28/2005,LRD,TX,ASW,CE,Federal Contract Tower,25,35,42,11,113,0,0,33,0,33,25,35,75,11,146,6,66,72,218
10/29/2005,LRD,TX,ASW,CE,Federal Contract Tower,3,15,18,0,36,0,0,14,0,14,3,15,32,0,50,0,0,0,50
10/30/2005,LRD,TX,ASW,CE,Federal Contract Tower,4,20,26,0,50,0,0,10,0,10,4,20,36,0,60,0,0,0,60
10/31/2005,LRD,TX,ASW,CE,Federal Contract Tower,14,37,32,13,96,0,0,11,1,12,14,37,43,14,108,0,0,0,108
11/01/2005,LRD,TX,ASW,CE,Federal Contract Tower,18,37,38,6,99,0,6,29,12,47,18,43,67,18,146,0,16,16,162
11/02/2005,LRD,TX,ASW,CE,Federal Contract Tower,27,48,54,2,131,0,0,37,4,41,27,48,91,6,172,0,0,0,172
11/03/2005,LRD,TX,ASW,CE,Federal Contract Tower,31,48,35,6,120,0,0,37,10,47,31,48,72,16,167,0,40,40,207
11/04/2005,LRD,TX,ASW,CE,Federal Contract Tower,21,33,33,10,97,0,0,45,4,49,21,33,78,14,146,0,24,24,170
11/05/2005,LRD,TX,ASW,CE,Federal Contract Tower,10,13,13,0,36,0,0,22,0,22,10,13,35,0,58,0,0,0,58
11/06/2005,LRD,TX,ASW,CE,Federal Contract Tower,2,26,22,8,58,0,0,19,0,19,2,26,41,8,77,0,0,0,77
11/07/2005,LRD,TX,ASW,CE,Federal Contract Tower,8,34,61,0,103,0,0,23,13,36,8,34,84,13,139,0,0,0,139
11/08/2005,LRD,TX,ASW,CE,Federal Contract Tower,22,39,34,2,97,0,1,22,6,29,22,40,56,8,126,24,0,24,150
11/09/2005,LRD,TX,ASW,CE,Federal Contract Tower,19,42,47,4,112,0,0,23,18,41,19,42,70,22,153,12,14,26,179
11/10/2005,LRD,TX,ASW,CE,Federal Contract Tower,15,34,41,4,94,0,0,23,8,31,15,34,64,12,125,10,0,10,135
11/11/2005,LRD,TX,ASW,CE,Federal Contract Tower,12,33,26,0,71,0,0,24,0,24,12,33,50,0,95,4,0,4,99
11/12/2005,LRD,TX,ASW,CE,Federal Contract Tower,3,9,18,0,30,0,0,13,0,13,3,9,31,0,43,0,0,0,43
11/13/2005,LRD,TX,ASW,CE,Federal Contract Tower,3,14,20,0,37,0,0,11,0,11,3,14,31,0,48,2,0,2,50
11/14/2005,LRD,TX,ASW,CE,Federal Contract Tower,7,34,42,0,83,0,0,22,10,32,7,34,64,10,115,4,0,4,119
11/15/2005,LRD,TX,ASW,CE,Federal Contract Tower,12,35,36,6,89,0,2,20,2,24,12,37,56,8,113,4,16,20,133
11/16/2005,LRD,TX,ASW,CE,Federal Contract Tower,16,35,42,4,97,0,0,33,4,37,16,35,75,8,134,16,34,50,184
11/17/2005,LRD,TX,ASW,CE,Federal Contract Tower,19,37,33,24,113,4,3,42,3,52,23,40,75,27,165,4,88,92,257
11/18/2005,LRD,TX,ASW,CE,Federal Contract Tower,8,28,43,0,79,0,2,17,0,19,8,30,60,0,98,0,0,0,98
11/19/2005,LRD,TX,ASW,CE,Federal Contract Tower,4,22,16,0,42,0,0,7,0,7,4,22,23,0,49,0,0,0,49
11/20/2005,LRD,TX,ASW,CE,Federal Contract Tower,2,24,17,0,43,0,0,23,0,23,2,24,40,0,66,0,0,0,66
11/21/2005,LRD,TX,ASW,CE,Federal Contract Tower,10,32,24,14,80,0,0,43,4,47,10,32,67,18,127,6,38,44,171
11/22/2005,LRD,TX,ASW,CE,Federal Contract Tower,19,35,21,2,77,0,1,33,8,42,19,36,54,10,119,8,12,20,139
11/23/2005,LRD,TX,ASW,CE,Federal Contract Tower,14,36,32,6,88,0,0,39,2,41,14,36,71,8,129,6,70,76,205
11/24/2005,LRD,TX,ASW,CE,Federal Contract Tower,6,17,14,0,37,0,0,10,0,10,6,17,24,0,47,0,0,0,47
11/25/2005,LRD,TX,ASW,CE,Federal Contract Tower,5,24,17,0,46,0,4,16,0,20,5,28,33,0,66,0,0,0,66
11/26/2005,LRD,TX,ASW,CE,Federal Contract Tower,3,18,11,0,32,0,0,8,0,8,3,18,19,0,40,22,0,22,62
11/27/2005,LRD,TX,ASW,CE,Federal Contract Tower,0,15,39,0,54,0,0,17,0,17,0,15,56,0,71,14,0,14,85
11/28/2005,LRD,TX,ASW,CE,Federal Contract Tower,6,32,30,2,70,0,0,29,8,37,6,32,59,10,107,12,36,48,155
11/29/2005,LRD,TX,ASW,CE,Federal Contract Tower,12,33,35,11,91,0,0,37,7,44,12,33,72,18,135,14,148,162,297
11/30/2005,LRD,TX,ASW,CE,Federal Contract Tower,15,43,26,10,94,0,0,42,4,46,15,43,68,14,140,0,56,56,196
12/01/2005,LRD,TX,ASW,CE,Federal Contract Tower,15,51,45,12,123,0,0,27,1,28,15,51,72,13,151,20,6,26,177
12/02/2005,LRD,TX,ASW,CE,Federal Contract Tower,8,50,41,2,101,0,0,36,0,36,8,50,77,2,137,36,34,70,207
12/03/2005,LRD,TX,ASW,CE,Federal Contract Tower,5,20,24,0,49,0,0,7,0,7,5,20,31,0,56,2,2,4,60
12/04/2005,LRD,TX,ASW,CE,Federal Contract Tower,1,13,20,0,34,0,0,7,0,7,1,13,27,0,41,0,0,0,41
12/05/2005,LRD,TX,ASW,CE,Federal Contract Tower,7,30,42,10,89,0,0,22,6,28,7,30,64,16,117,0,124,124,241
12/06/2005,LRD,TX,ASW,CE,Federal Contract Tower,17,51,33,16,117,0,0,35,2,37,17,51,68,18,154,8,60,68,222
12/07/2005,LRD,TX,ASW,CE,Federal Contract Tower,19,30,52,2,103,0,0,0,0,0,19,30,52,2,103,0,0,0,103
12/08/2005,LRD,TX,ASW,CE,Federal Contract Tower,19,40,53,3,115,0,0,12,1,13,19,40,65,4,128,0,24,24,152
12/09/2005,LRD,TX,ASW,CE,Federal Contract Tower,18,49,41,8,116,0,0,33,2,35,18,49,74,10,151,6,0,6,157
12/10/2005,LRD,TX,ASW,CE,Federal Contract Tower,5,16,27,0,48,0,0,7,0,7,5,16,34,0,55,0,0,0,55
12/11/2005,LRD,TX,ASW,CE,Federal Contract Tower,2,12,30,0,44,0,0,22,0,22,2,12,52,0,66,10,0,10,76
12/12/2005,LRD,TX,ASW,CE,Federal Contract Tower,15,27,31,8,81,0,0,21,3,24,15,27,52,11,105,0,56,56,161
12/13/2005,LRD,TX,ASW,CE,Federal Contract Tower,21,42,41,5,109,0,0,23,3,26,21,42,64,8,135,6,0,6,141
12/14/2005,LRD,TX,ASW,CE,Federal Contract Tower,20,41,46,4,111,0,0,24,0,24,20,41,70,4,135,0,14,14,149
12/15/2005,LRD,TX,ASW,CE,Federal Contract Tower,19,42,56,13,130,0,3,55,5,63,19,45,111,18,193,0,44,44,237
12/16/2005,LRD,TX,ASW,CE,Federal Contract Tower,9,24,59,10,102,0,0,4,0,4,9,24,63,10,106,2,42,44,150
12/17/2005,LRD,TX,ASW,CE,Federal Contract Tower,6,13,28,0,47,0,0,1,0,1,6,13,29,0,48,0,0,0,48
12/18/2005,LRD,TX,ASW,CE,Federal Contract Tower,0,22,35,0,57,0,0,7,0,7,0,22,42,0,64,2,0,2,66
12/19/2005,LRD,TX,ASW,CE,Federal Contract Tower,9,31,45,13,98,0,0,33,0,33,9,31,78,13,131,32,136,168,299
12/20/2005,LRD,TX,ASW,CE,Federal Contract Tower,18,33,54,16,121,0,0,13,0,13,18,33,67,16,134,50,62,112,246
12/21/2005,LRD,TX,ASW,CE,Federal Contract Tower,17,43,46,5,111,0,4,32,1,37,17,47,78,6,148,0,10,10,158
12/22/2005,LRD,TX,ASW,CE,Federal Contract Tower,20,40,34,0,94,0,1,36,6,43,20,41,70,6,137,24,0,24,161
12/23/2005,LRD,TX,ASW,CE,Federal Contract Tower,16,35,9,0,60,0,0,27,0,27,16,35,36,0,87,2,0,2,89
12/24/2005,LRD,TX,ASW,CE,Federal Contract Tower,5,11,11,0,27,0,0,13,0,13,5,11,24,0,40,0,0,0,40
12/25/2005,LRD,TX,ASW,CE,Federal Contract Tower,0,13,10,0,23,0,0,7,0,7,0,13,17,0,30,2,0,2,32
12/26/2005,LRD,TX,ASW,CE,Federal Contract Tower,4,35,47,0,86,0,2,21,0,23,4,37,68,0,109,2,0,2,111
12/27/2005,LRD,TX,ASW,CE,Federal Contract Tower,8,31,42,0,81,0,3,40,4,47,8,34,82,4,128,0,0,0,128
12/28/2005,LRD,TX,ASW,CE,Federal Contract Tower,15,24,22,3,64,0,1,51,3,55,15,25,73,6,119,0,0,0,119
12/29/2005,LRD,TX,ASW,CE,Federal Contract Tower,12,27,22,0,61,0,0,32,0,32,12,27,54,0,93,74,0,74,167
12/30/2005,LRD,TX,ASW,CE,Federal Contract Tower,16,27,29,2,74,0,0,32,4,36,16,27,61,6,110,0,0,0,110
12/31/2005,LRD,TX,ASW,CE,Federal Contract Tower,5,20,18,0,43,0,0,14,0,14,5,20,32,0,57,0,0,0,57
01/01/2006,LRD,TX,ASW,CE,Federal Contract Tower,0,19,40,0,59,0,0,10,0,10,0,19,50,0,69,0,0,0,69
01/02/2006,LRD,TX,ASW,CE,Federal Contract Tower,0,24,32,0,56,0,0,25,0,25,0,24,57,0,81,0,0,0,81
01/03/2006,LRD,TX,ASW,CE,Federal Contract Tower,7,32,22,12,73,0,0,20,3,23,7,32,42,15,96,0,116,116,212
01/04/2006,LRD,TX,ASW,CE,Federal Contract Tower,14,39,31,0,84,0,0,18,2,20,14,39,49,2,104,0,0,0,104
01/05/2006,LRD,TX,ASW,CE,Federal Contract Tower,11,35,35,6,87,0,0,37,4,41,11,35,72,10,128,0,46,46,174
01/06/2006,LRD,TX,ASW,CE,Federal Contract Tower,9,28,46,5,88,0,0,68,2,70,9,28,114,7,158,72,24,96,254
01/07/2006,LRD,TX,ASW,CE,Federal Contract Tower,8,14,22,4,48,0,0,42,0,42,8,14,64,4,90,6,2,8,98
01/08/2006,LRD,TX,ASW,CE,Federal Contract Tower,0,16,46,6,68,0,0,33,0,33,0,16,79,6,101,8,0,8,109
01/09/2006,LRD,TX,ASW,CE,Federal Contract Tower,5,30,44,7,86,0,0,44,12,56,5,30,88,19,142,18,72,90,232
01/10/2006,LRD,TX,ASW,CE,Federal Contract Tower,13,28,34,8,83,0,2,27,0,29,13,30,61,8,112,0,46,46,158
01/11/2006,LRD,TX,ASW,CE,Federal Contract Tower,12,33,51,12,108,0,0,32,18,50,12,33,83,30,158,0,14,14,172
01/12/2006,LRD,TX,ASW,CE,Federal Contract Tower,13,24,50,10,97,0,0,32,7,39,13,24,82,17,136,2,0,2,138
01/13/2006,LRD,TX,ASW,CE,Federal Contract Tower,10,27,21,14,72,0,1,31,1,33,10,28,52,15,105,4,92,96,201
01/14/2006,LRD,TX,ASW,CE,Federal Contract Tower,6,16,17,0,39,0,0,21,0,21,6,16,38,0,60,0,0,0,60
01/15/2006,LRD,TX,ASW,CE,Federal Contract Tower,0,13,20,0,33,0,0,21,0,21,0,13,41,0,54,10,0,10,64
01/16/2006,LRD,TX,ASW,CE,Federal Contract Tower,8,18,35,4,65,0,0,20,0,20,8,18,55,4,85,0,0,0,85
01/17/2006,LRD,TX,ASW,CE,Federal Contract Tower,17,21,40,14,92,0,6,29,0,35,17,27,69,14,127,0,33,33,160
01/18/2006,LRD,TX,ASW,CE,Federal Contract Tower,12,29,30,5,76,0,1,32,15,48,12,30,62,20,124,0,82,82,206
01/19/2006,LRD,TX,ASW,CE,Federal Contract Tower,11,33,31,12,87,0,1,38,6,45,11,34,69,18,132,0,134,134,266
01/20/2006,LRD,TX,ASW,CE,Federal Contract Tower,8,28,31,4,71,0,1,47,0,48,8,29,78,4,119,0,76,76,195
01/21/2006,LRD,TX,ASW,CE,Federal Contract Tower,5,12,16,0,33,0,3,13,0,16,5,15,29,0,49,0,0,0,49
01/22/2006,LRD,TX,ASW,CE,Federal Contract Tower,0,24,36,4,64,0,0,0,0,0,0,24,36,4,64,2,0,2,66
01/23/2006,LRD,TX,ASW,CE,Federal Contract Tower,7,22,39,10,78,0,0,19,0,19,7,22,58,10,97,0,22,22,119
01/24/2006,LRD,TX,ASW,CE,Federal Contract Tower,11,31,25,2,69,0,0,34,2,36,11,31,59,4,105,6,0,6,111
01/25/2006,LRD,TX,ASW,CE,Federal Contract Tower,15,23,49,4,91,0,0,27,8,35,15,23,76,12,126,26,44,70,196
01/26/2006,LRD,TX,ASW,CE,Federal Contract Tower,12,35,41,9,97,0,2,40,5,47,12,37,81,14,144,0,86,86,230
01/27/2006,LRD,TX,ASW,CE,Federal Contract Tower,8,28,50,4,90,0,0,25,0,25,8,28,75,4,115,0,0,0,115
01/28/2006,LRD,TX,ASW,CE,Federal Contract Tower,4,11,17,0,32,4,1,12,0,17,8,12,29,0,49,16,0,16,65
01/29/2006,LRD,TX,ASW,CE,Federal Contract Tower,0,20,36,0,56,0,0,34,0,34,0,20,70,0,90,4,0,4,94
01/30/2006,LRD,TX,ASW,CE,Federal Contract Tower,5,23,25,6,59,0,1,34,2,37,5,24,59,8,96,10,78,88,184
01/31/2006,LRD,TX,ASW,CE,Federal Contract Tower,14,19,19,4,56,0,6,34,0,40,14,25,53,4,96,4,36,40,136
02/01/2006,LRD,TX,ASW,CE,Federal Contract Tower,17,29,46,0,92,0,0,22,0,22,17,29,68,0,114,2,0,2,116
02/02/2006,LRD,TX,ASW,CE,Federal Contract Tower,12,34,21,4,71,0,3,23,12,38,12,37,44,16,109,46,68,114,223
02/03/2006,LRD,TX,ASW,CE,Federal Contract Tower,9,29,34,5,77,0,0,31,8,39,9,29,65,13,116,4,26,30,146
02/04/2006,LRD,TX,ASW,CE,Federal Contract Tower,5,15,10,0,30,0,0,26,0,26,5,15,36,0,56,2,0,2,58
02/05/2006,LRD,TX,ASW,CE,Federal Contract Tower,0,20,19,4,43,0,1,16,1,18,0,21,35,5,61,2,0,2,63
02/06/2006,LRD,TX,ASW,CE,Federal Contract Tower,5,25,23,22,75,0,1,25,6,32,5,26,48,28,107,4,56,60,167
02/07/2006,LRD,TX,ASW,CE,Federal Contract Tower,14,28,23,0,65,0,0,31,0,31,14,28,54,0,96,0,12,12,108
02/08/2006,LRD,TX,ASW,CE,Federal Contract Tower,23,29,20,4,76,0,0,38,0,38,23,29,58,4,114,24,22,46,160
02/09/2006,LRD,TX,ASW,CE,Federal Contract Tower,17,36,53,6,112,0,0,27,13,40,17,36,80,19,152,4,38,42,194
02/10/2006,LRD,TX,ASW,CE,Federal Contract Tower,12,30,23,13,78,0,1,18,0,19,12,31,41,13,97,4,62,66,163
02/11/2006,LRD,TX,ASW,CE,Federal Contract Tower,5,20,19,0,44,0,5,31,8,44,5,25,50,8,88,82,10,92,180
02/12/2006,LRD,TX,ASW,CE,Federal Contract Tower,1,14,14,1,30,0,0,10,0,10,1,14,24,1,40,304,0,304,344
02/13/2006,LRD,TX,ASW,CE,Federal Contract Tower,5,25,38,18,86,1,0,42,1,44,6,25,80,19,130,0,50,50,180
02/14/2006,LRD,TX,ASW,CE,Federal Contract Tower,14,34,47,12,107,0,0,39,2,41,14,34,86,14,148,10,112,122,270
02/15/2006,LRD,TX,ASW,CE,Federal Contract Tower,19,36,37,21,113,0,1,28,7,36,19,37,65,28,149,2,80,82,231
02/16/2006,LRD,TX,ASW,CE,Federal Contract Tower,11,30,45,16,102,0,0,32,4,36,11,30,77,20,138,12,10,22,160
02/17/2006,LRD,TX,ASW,CE,Federal Contract Tower,9,36,39,8,92,0,2,3,0,5,9,38,42,8,97,0,10,10,107
02/18/2006,LRD,TX,ASW,CE,Federal Contract Tower,2,17,19,0,38,0,0,2,0,2,2,17,21,0,40,0,0,0,40
02/19/2006,LRD,TX,ASW,CE,Federal Contract Tower,0,16,23,12,51,0,0,2,0,2,0,16,25,12,53,0,0,0,53
02/20/2006,LRD,TX,ASW,CE,Federal Contract Tower,18,34,34,6,92,0,0,1,4,5,18,34,35,10,97,0,0,0,97
02/21/2006,LRD,TX,ASW,CE,Federal Contract Tower,13,35,37,16,101,0,0,6,0,6,13,35,43,16,107,24,12,36,143
02/22/2006,LRD,TX,ASW,CE,Federal Contract Tower,15,27,58,2,102,0,0,12,0,12,15,27,70,2,114,2,0,2,116
02/23/2006,LRD,TX,ASW,CE,Federal Contract Tower,10,38,43,30,121,0,0,9,0,9,10,38,52,30,130,0,0,0,130
02/24/2006,LRD,TX,ASW,CE,Federal Contract Tower,12,32,53,2,99,1,1,2,0,4,13,33,55,2,103,0,0,0,103
02/25/2006,LRD,TX,ASW,CE,Federal Contract Tower,3,18,24,0,45,0,0,15,0,15,3,18,39,0,60,2,0,2,62
02/26/2006,LRD,TX,ASW,CE,Federal Contract Tower,2,15,34,4,55,0,0,18,0,18,2,15,52,4,73,8,0,8,81
02/27/2006,LRD,TX,ASW,CE,Federal Contract Tower,5,19,36,2,62,0,1,18,0,19,5,20,54,2,81,22,4,26,107
02/28/2006,LRD,TX,ASW,CE,Federal Contract Tower,12,28,27,24,91,0,0,37,0,37,12,28,64,24,128,8,78,86,214
03/01/2006,LRD,TX,ASW,CE,Federal Contract Tower,14,34,28,0,76,0,1,21,13,35,14,35,49,13,111,0,2,2,113
03/02/2006,LRD,TX,ASW,CE,Federal Contract Tower,14,42,35,1,92,0,0,33,5,38,14,42,68,6,130,60,0,60,190
03/03/2006,LRD,TX,ASW,CE,Federal Contract Tower,9,33,41,3,86,0,0,33,0,33,9,33,74,3,119,32,0,32,151
03/04/2006,LRD,TX,ASW,CE,Federal Contract Tower,5,18,10,0,33,0,0,12,0,12,5,18,22,0,45,0,0,0,45
03/05/2006,LRD,TX,ASW,CE,Federal Contract Tower,0,17,25,0,42,0,0,23,0,23,0,17,48,0,65,2,0,2,67
03/06/2006,LRD,TX,ASW,CE,Federal Contract Tower,7,33,41,6,87,0,0,23,0,23,7,33,64,6,110,0,10,10,120
03/07/2006,LRD,TX,ASW,CE,Federal Contract Tower,16,34,37,6,93,0,0,36,0,36,16,34,73,6,129,0,8,8,137
03/08/2006,LRD,TX,ASW,CE,Federal Contract Tower,10,32,36,16,94,0,0,27,4,31,10,32,63,20,125,6,30,36,161
03/09/2006,LRD,TX,ASW,CE,Federal Contract Tower,12,35,33,13,93,0,1,27,4,32,12,36,60,17,125,6,106,112,237
03/10/2006,LRD,TX,ASW,CE,Federal Contract Tower,8,33,41,22,104,0,1,34,1,36,8,34,75,23,140,0,78,78,218
03/11/2006,LRD,TX,ASW,CE,Federal Contract Tower,4,20,22,0,46,0,0,11,3,14,4,20,33,3,60,8,52,60,120
03/12/2006,LRD,TX,ASW,CE,Federal Contract Tower,0,21,27,4,52,0,0,20,0,20,0,21,47,4,72,0,4,4,76
03/13/2006,LRD,TX,ASW,CE,Federal Contract Tower,7,31,31,2,71,0,1,12,4,17,7,32,43,6,88,0,0,0,88
03/14/2006,LRD,TX,ASW,CE,Federal Contract Tower,15,35,28,4,82,0,0,26,0,26,15,35,54,4,108,0,26,26,134
03/15/2006,LRD,TX,ASW,CE,Federal Contract Tower,11,38,30,18,97,0,0,12,0,12,11,38,42,18,109,40,114,154,263
03/16/2006,LRD,TX,ASW,CE,Federal Contract Tower,18,42,35,22,117,0,0,40,0,40,18,42,75,22,157,0,92,92,249
03/17/2006,LRD,TX,ASW,CE,Federal Contract Tower,8,31,34,6,79,0,0,20,0,20,8,31,54,6,99,10,40,50,149
03/18/2006,LRD,TX,ASW,CE,Federal Contract Tower,5,16,24,29,74,0,0,17,6,23,5,16,41,35,97,0,48,48,145
03/19/2006,LRD,TX,ASW,CE,Federal Contract Tower,3,17,38,3,61,0,0,9,3,12,3,17,47,6,73,0,12,12,85
03/20/2006,LRD,TX,ASW,CE,Federal Contract Tower,7,23,20,38,88,0,0,37,1,38,7,23,57,39,126,8,136,144,270
03/21/2006,LRD,TX,ASW,CE,Federal Contract Tower,14,30,33,15,92,0,0,29,0,29,14,30,62,15,121,0,40,40,161
03/22/2006,LRD,TX,ASW,CE,Federal Contract Tower,17,44,43,8,112,0,0,29,0,29,17,44,72,8,141,0,28,28,169
03/23/2006,LRD,TX,ASW,CE,Federal Contract Tower,15,30,35,26,106,0,0,20,6,26,15,30,55,32,132,40,104,144,276
03/24/2006,LRD,TX,ASW,CE,Federal Contract Tower,10,35,24,9,78,0,0,49,1,50,10,35,73,10,128,14,60,74,202
03/25/2006,LRD,TX,ASW,CE,Federal Contract Tower,3,20,15,5,43,0,0,29,2,31,3,20,44,7,74,8,12,20,94
03/26/2006,LRD,TX,ASW,CE,Federal Contract Tower,0,19,22,4,45,0,0,11,0,11,0,19,33,4,56,0,0,0,56
03/27/2006,LRD,TX,ASW,CE,Federal Contract Tower,10,23,36,24,93,0,0,18,2,20,10,23,54,26,113,4,30,34,147
03/28/2006,LRD,TX,ASW,CE,Federal Contract Tower,21,42,43,30,136,0,0,12,0,12,21,42,55,30,148,0,10,10,158
03/29/2006,LRD,TX,ASW,CE,Federal Contract Tower,18,39,43,16,116,0,0,20,4,24,18,39,63,20,140,0,30,30,170
03/30/2006,LRD,TX,ASW,CE,Federal Contract Tower,13,30,36,19,98,0,0,16,4,20,13,30,52,23,118,0,38,38,156
03/31/2006,LRD,TX,ASW,CE,Federal Contract Tower,8,29,44,10,91,0,0,19,0,19,8,29,63,10,110,0,36,36,146
04/01/2006,LRD,TX,ASW,CE,Federal Contract Tower,3,15,28,0,46,0,0,20,0,20,3,15,48,0,66,0,0,0,66
04/02/2006,LRD,TX,ASW,CE,Federal Contract Tower,0,18,35,0,53,0,0,17,0,17,0,18,52,0,70,0,0,0,70
04/03/2006,LRD,TX,ASW,CE,Federal Contract Tower,7,33,25,6,71,0,0,18,2,20,7,33,43,8,91,48,6,54,145
04/04/2006,LRD,TX,ASW,CE,Federal Contract Tower,16,32,44,13,105,0,0,29,0,29,16,32,73,13,134,30,22,52,186
04/05/2006,LRD,TX,ASW,CE,Federal Contract Tower,19,28,44,6,97,0,0,24,6,30,19,28,68,12,127,4,0,4,131
04/06/2006,LRD,TX,ASW,CE,Federal Contract Tower,21,34,45,70,170,0,0,41,4,45,21,34,86,74,215,18,166,184,399
04/07/2006,LRD,TX,ASW,CE,Federal Contract Tower,17,39,58,4,118,0,0,28,0,28,17,39,86,4,146,0,0,0,146
04/08/2006,LRD,TX,ASW,CE,Federal Contract Tower,8,18,26,0,52,0,0,18,0,18,8,18,44,0,70,0,0,0,70
04/09/2006,LRD,TX,ASW,CE,Federal Contract Tower,4,17,18,4,43,0,0,18,0,18,4,17,36,4,61,6,22,28,89
04/10/2006,LRD,TX,ASW,CE,Federal Contract Tower,15,20,25,4,64,0,0,37,0,37,15,20,62,4,101,0,74,74,175
04/11/2006,LRD,TX,ASW,CE,Federal Contract Tower,23,35,32,4,94,0,0,44,5,49,23,35,76,9,143,2,48,50,193
04/12/2006,LRD,TX,ASW,CE,Federal Contract Tower,19,37,51,4,111,0,1,26,12,39,19,38,77,16,150,14,2,16,166
04/13/2006,LRD,TX,ASW,CE,Federal Contract Tower,10,43,32,9,94,0,0,43,2,45,10,43,75,11,139,0,18,18,157
04/14/2006,LRD,TX,ASW,CE,Federal Contract Tower,9,30,13,2,54,0,0,40,0,40,9,30,53,2,94,62,44,106,200
04/15/2006,LRD,TX,ASW,CE,Federal Contract Tower,3,14,22,1,40,0,0,10,1,11,3,14,32,2,51,4,8,12,63
04/16/2006,LRD,TX,ASW,CE,Federal Contract Tower,0,13,20,0,33,0,0,7,0,7,0,13,27,0,40,0,0,0,40
04/17/2006,LRD,TX,ASW,CE,Federal Contract Tower,8,26,32,12,78,0,2,38,5,45,8,28,70,17,123,30,110,140,263
04/18/2006,LRD,TX,ASW,CE,Federal Contract Tower,11,31,24,8,74,0,1,49,0,50,11,32,73,8,124,52,140,192,316
04/19/2006,LRD,TX,ASW,CE,Federal Contract Tower,14,39,43,2,98,0,0,36,2,38,14,39,79,4,136,18,12,30,166
04/20/2006,LRD,TX,ASW,CE,Federal Contract Tower,12,41,38,20,111,0,0,27,3,30,12,41,65,23,141,0,100,100,241
04/21/2006,LRD,TX,ASW,CE,Federal Contract Tower,15,27,48,3,93,0,0,31,1,32,15,27,79,4,125,20,16,36,161
04/22/2006,LRD,TX,ASW,CE,Federal Contract Tower,5,16,21,0,42,0,0,17,0,17,5,16,38,0,59,0,0,0,59
04/23/2006,LRD,TX,ASW,CE,Federal Contract Tower,3,15,26,0,44,0,2,14,0,16,3,17,40,0,60,2,0,2,62
04/24/2006,LRD,TX,ASW,CE,Federal Contract Tower,5,30,38,10,83,0,0,23,8,31,5,30,61,18,114,22,42,64,178
04/25/2006,LRD,TX,ASW,CE,Federal Contract Tower,18,32,53,8,111,0,0,29,0,29,18,32,82,8,140,26,42,68,208
04/26/2006,LRD,TX,ASW,CE,Federal Contract Tower,20,41,44,2,107,0,1,28,4,33,20,42,72,6,140,30,0,30,170
04/27/2006,LRD,TX,ASW,CE,Federal Contract Tower,11,39,56,6,112,0,0,15,0,15,11,39,71,6,127,0,0,0,127
04/28/2006,LRD,TX,ASW,CE,Federal Contract Tower,11,29,38,34,112,0,0,26,0,26,11,29,64,34,138,0,0,0,138
04/29/2006,LRD,TX,ASW,CE,Federal Contract Tower,6,18,10,0,34,2,2,20,0,24,8,20,30,0,58,24,0,24,82
04/30/2006,LRD,TX,ASW,CE,Federal Contract Tower,5,19,24,0,48,8,0,17,0,25,13,19,41,0,73,30,0,30,103
05/01/2006,LRD,TX,ASW,CE,Federal Contract Tower,8,29,38,13,88,0,0,24,2,26,8,29,62,15,114,0,90,90,204
05/02/2006,LRD,TX,ASW,CE,Federal Contract Tower,10,26,42,2,80,0,0,28,0,28,10,26,70,2,108,30,24,54,162
05/03/2006,LRD,TX,ASW,CE,Federal Contract Tower,12,24,25,4,65,0,2,30,10,42,12,26,55,14,107,34,28,62,169
05/04/2006,LRD,TX,ASW,CE,Federal Contract Tower,17,34,50,16,117,0,0,57,0,57,17,34,107,16,174,28,0,28,202
05/05/2006,LRD,TX,ASW,CE,Federal Contract Tower,19,32,25,15,91,0,0,14,2,16,19,32,39,17,107,10,50,60,167
05/06/2006,LRD,TX,ASW,CE,Federal Contract Tower,5,16,5,0,26,0,0,17,0,17,5,16,22,0,43,16,0,16,59
05/07/2006,LRD,TX,ASW,CE,Federal Contract Tower,3,26,35,2,66,0,0,13,0,13,3,26,48,2,79,8,0,8,87
05/08/2006,LRD,TX,ASW,CE,Federal Contract Tower,10,23,21,4,58,0,0,35,16,51,10,23,56,20,109,0,40,40,149
05/09/2006,LRD,TX,ASW,CE,Federal Contract Tower,15,38,30,2,85,0,0,32,0,32,15,38,62,2,117,2,14,16,133
05/10/2006,LRD,TX,ASW,CE,Federal Contract Tower,19,48,40,6,113,0,0,22,0,22,19,48,62,6,135,0,70,70,205
05/11/2006,LRD,TX,ASW,CE,Federal Contract Tower,16,39,27,0,82,0,0,27,4,31,16,39,54,4,113,2,0,2,115
05/12/2006,LRD,TX,ASW,CE,Federal Contract Tower,8,34,28,8,78,0,0,31,2,33,8,34,59,10,111,0,84,84,195
05/13/2006,LRD,TX,ASW,CE,Federal Contract Tower,4,12,20,0,36,0,4,16,4,24,4,16,36,4,60,0,0,0,60
05/14/2006,LRD,TX,ASW,CE,Federal Contract Tower,1,14,12,3,30,0,0,2,2,4,1,14,14,5,34,2,0,2,36
05/15/2006,LRD,TX,ASW,CE,Federal Contract Tower,7,24,49,5,85,0,2,23,0,25,7,26,72,5,110,0,36,36,146
05/16/2006,LRD,TX,ASW,CE,Federal Contract Tower,15,32,23,10,80,0,0,28,0,28,15,32,51,10,108,0,114,114,222
05/17/2006,LRD,TX,ASW,CE,Federal Contract Tower,16,34,42,14,106,0,0,32,0,32,16,34,74,14,138,0,50,50,188
05/18/2006,LRD,TX,ASW,CE,Federal Contract Tower,16,35,40,12,103,0,0,29,12,41,16,35,69,24,144,0,40,40,184
05/19/2006,LRD,TX,ASW,CE,Federal Contract Tower,12,28,32,7,79,0,0,31,0,31,12,28,63,7,110,12,60,72,182
05/20/2006,LRD,TX,ASW,CE,Federal Contract Tower,4,15,10,2,31,0,0,22,1,23,4,15,32,3,54,0,2,2,56
05/21/2006,LRD,TX,ASW,CE,Federal Contract Tower,0,16,20,0,36,0,0,16,1,17,0,16,36,1,53,0,0,0,53
05/22/2006,LRD,TX,ASW,CE,Federal Contract Tower,12,24,28,12,76,0,0,38,4,42,12,24,66,16,118,0,66,66,184
05/23/2006,LRD,TX,ASW,CE,Federal Contract Tower,17,27,34,16,94,0,7,38,0,45,17,34,72,16,139,44,4,48,187
05/24/2006,LRD,TX,ASW,CE,Federal Contract Tower,14,39,28,13,94,0,1,31,7,39,14,40,59,20,133,6,84,90,223
05/25/2006,LRD,TX,ASW,CE,Federal Contract Tower,16,30,34,13,93,0,0,34,9,43,16,30,68,22,136,4,28,32,168
05/26/2006,LRD,TX,ASW,CE,Federal Contract Tower,12,42,47,0,101,0,0,37,6,43,12,42,84,6,144,0,0,0,144
05/27/2006,LRD,TX,ASW,CE,Federal Contract Tower,3,17,8,0,28,0,0,12,0,12,3,17,20,0,40,2,0,2,42
05/28/2006,LRD,TX,ASW,CE,Federal Contract Tower,0,15,5,0,20,0,0,14,0,14,0,15,19,0,34,2,0,2,36
05/29/2006,LRD,TX,ASW,CE,Federal Contract Tower,0,17,30,1,48,0,0,25,2,27,0,17,55,3,75,18,0,18,93
05/30/2006,LRD,TX,ASW,CE,Federal Contract Tower,7,31,50,14,102,0,0,31,3,34,7,31,81,17,136,0,126,126,262
05/31/2006,LRD,TX,ASW,CE,Federal Contract Tower,12,39,40,23,114,0,1,20,12,33,12,40,60,35,147,10,80,90,237
06/01/2006,LRD,TX,ASW,CE,Federal Contract Tower,12,40,37,8,97,0,0,18,0,18,12,40,55,8,115,6,26,32,147
06/02/2006,LRD,TX,ASW,CE,Federal Contract Tower,9,43,24,4,80,1,0,14,0,15,10,43,38,4,95,12,0,12,107
06/03/2006,LRD,TX,ASW,CE,Federal Contract Tower,8,22,20,2,52,0,0,31,2,33,8,22,51,4,85,44,6,50,135
06/04/2006,LRD,TX,ASW,CE,Federal Contract Tower,1,19,16,0,36,0,0,16,0,16,1,19,32,0,52,4,0,4,56
06/05/2006,LRD,TX,ASW,CE,Federal Contract Tower,9,29,25,18,81,0,0,17,9,26,9,29,42,27,107,0,90,90,197
06/06/2006,LRD,TX,ASW,CE,Federal Contract Tower,15,25,21,8,69,0,0,23,1,24,15,25,44,9,93,2,2,4,97
06/07/2006,LRD,TX,ASW,CE,Federal Contract Tower,17,38,36,0,91,0,0,34,8,42,17,38,70,8,133,2,26,28,161
06/08/2006,LRD,TX,ASW,CE,Federal Contract Tower,14,30,30,8,82,0,0,31,11,42,14,30,61,19,124,12,52,64,188
06/09/2006,LRD,TX,ASW,CE,Federal Contract Tower,10,23,32,6,71,0,1,23,0,24,10,24,55,6,95,4,66,70,165
06/10/2006,LRD,TX,ASW,CE,Federal Contract Tower,4,11,11,0,26,0,0,29,0,29,4,11,40,0,55,0,0,0,55
06/11/2006,LRD,TX,ASW,CE,Federal Contract Tower,7,17,25,2,51,0,0,19,0,19,7,17,44,2,70,0,0,0,70
06/12/2006,LRD,TX,ASW,CE,Federal Contract Tower,7,34,27,10,78,0,2,20,6,28,7,36,47,16,106,0,0,0,106
06/13/2006,LRD,TX,ASW,CE,Federal Contract Tower,14,25,20,12,71,0,8,32,2,42,14,33,52,14,113,0,68,68,181
06/14/2006,LRD,TX,ASW,CE,Federal Contract Tower,25,37,30,6,98,0,0,40,6,46,25,37,70,12,144,0,92,92,236
06/15/2006,LRD,TX,ASW,CE,Federal Contract Tower,18,31,45,6,100,2,12,62,15,91,20,43,107,21,191,14,50,64,255
06/16/2006,LRD,TX,ASW,CE,Federal Contract Tower,13,30,23,14,80,0,0,35,2,37,13,30,58,16,117,0,80,80,197
06/17/2006,LRD,TX,ASW,CE,Federal Contract Tower,8,17,16,0,41,0,0,9,0,9,8,17,25,0,50,0,0,0,50
06/18/2006,LRD,TX,ASW,CE,Federal Contract Tower,2,16,24,0,42,0,0,11,0,11,2,16,35,0,53,0,0,0,53
06/19/2006,LRD,TX,ASW,CE,Federal Contract Tower,6,19,36,14,75,0,0,20,6,26,6,19,56,20,101,0,8,8,109
06/20/2006,LRD,TX,ASW,CE,Federal Contract Tower,16,26,39,4,85,0,0,10,2,12,16,26,49,6,97,0,2,2,99
06/21/2006,LRD,TX,ASW,CE,Federal Contract Tower,20,36,23,12,91,0,1,12,13,26,20,37,35,25,117,0,48,48,165
06/22/2006,LRD,TX,ASW,CE,Federal Contract Tower,18,31,45,6,100,0,2,39,8,49,18,33,84,14,149,4,106,110,259
06/23/2006,LRD,TX,ASW,CE,Federal Contract Tower,9,26,16,16,67,0,1,18,4,23,9,27,34,20,90,0,182,182,272
06/24/2006,LRD,TX,ASW,CE,Federal Contract Tower,3,11,15,0,29,0,0,28,0,28,3,11,43,0,57,0,0,0,57
06/25/2006,LRD,TX,ASW,CE,Federal Contract Tower,1,15,23,0,39,0,0,20,0,20,1,15,43,0,59,12,0,12,71
06/26/2006,LRD,TX,ASW,CE,Federal Contract Tower,8,25,20,0,53,0,0,36,2,38,8,25,56,2,91,0,0,0,91
06/27/2006,LRD,TX,ASW,CE,Federal Contract Tower,18,32,30,9,89,0,0,21,1,22,18,32,51,10,111,0,62,62,173
06/28/2006,LRD,TX,ASW,CE,Federal Contract Tower,17,31,42,7,97,0,0,29,1,30,17,31,71,8,127,0,66,66,193
06/29/2006,LRD,TX,ASW,CE,Federal Contract Tower,19,35,31,9,94,0,1,27,3,31,19,36,58,12,125,8,116,124,249
06/30/2006,LRD,TX,ASW,CE,Federal Contract Tower,12,26,23,3,64,0,0,28,2,30,12,26,51,5,94,0,0,0,94
07/01/2006,LRD,TX,ASW,CE,Federal Contract Tower,4,12,15,0,31,0,0,28,0,28,4,12,43,0,59,10,0,10,69
07/02/2006,LRD,TX,ASW,CE,Federal Contract Tower,1,13,17,0,31,0,0,16,0,16,1,13,33,0,47,0,0,0,47
07/03/2006,LRD,TX,ASW,CE,Federal Contract Tower,4,13,5,2,24,0,0,18,0,18,4,13,23,2,42,0,0,0,42
07/04/2006,LRD,TX,ASW,CE,Federal Contract Tower,1,10,15,0,26,0,1,21,0,22,1,11,36,0,48,10,0,10,58
07/05/2006,LRD,TX,ASW,CE,Federal Contract Tower,14,23,28,10,75,0,1,22,2,25,14,24,50,12,100,0,30,30,130
07/06/2006,LRD,TX,ASW,CE,Federal Contract Tower,14,22,30,2,68,0,0,31,0,31,14,22,61,2,99,0,16,16,115
07/07/2006,LRD,TX,ASW,CE,Federal Contract Tower,8,23,27,4,62,0,0,36,1,37,8,23,63,5,99,10,10,20,119
07/08/2006,LRD,TX,ASW,CE,Federal Contract Tower,5,15,10,0,30,0,2,21,0,23,5,17,31,0,53,0,0,0,53
07/09/2006,LRD,TX,ASW,CE,Federal Contract Tower,0,17,14,0,31,0,2,33,0,35,0,19,47,0,66,10,0,10,76
07/10/2006,LRD,TX,ASW,CE,Federal Contract Tower,7,16,30,18,71,0,5,39,4,48,7,21,69,22,119,10,42,52,171
07/11/2006,LRD,TX,ASW,CE,Federal Contract Tower,12,24,33,4,73,0,0,40,4,44,12,24,73,8,117,6,56,62,179
07/12/2006,LRD,TX,ASW,CE,Federal Contract Tower,12,38,39,19,108,0,0,50,0,50,12,38,89,19,158,6,54,60,218
07/13/2006,LRD,TX,ASW,CE,Federal Contract Tower,14,29,27,18,88,0,2,63,0,65,14,31,90,18,153,0,98,98,251
07/14/2006,LRD,TX,ASW,CE,Federal Contract Tower,11,22,25,2,60,0,0,32,0,32,11,22,57,2,92,4,0,4,96
07/15/2006,LRD,TX,ASW,CE,Federal Contract Tower,4,10,21,0,35,0,0,22,0,22,4,10,43,0,57,0,0,0,57
07/16/2006,LRD,TX,ASW,CE,Federal Contract Tower,2,15,18,0,35,0,0,24,3,27,2,15,42,3,62,2,0,2,64
07/17/2006,LRD,TX,ASW,CE,Federal Contract Tower,6,17,21,2,46,0,0,33,0,33,6,17,54,2,79,4,40,44,123
07/18/2006,LRD,TX,ASW,CE,Federal Contract Tower,14,19,36,4,73,0,0,36,0,36,14,19,72,4,109,0,24,24,133
07/19/2006,LRD,TX,ASW,CE,Federal Contract Tower,21,34,22,12,89,0,0,41,0,41,21,34,63,12,130,0,46,46,176
07/20/2006,LRD,TX,ASW,CE,Federal Contract Tower,17,28,18,2,65,0,0,35,0,35,17,28,53,2,100,2,26,28,128
07/21/2006,LRD,TX,ASW,CE,Federal Contract Tower,8,32,36,4,80,0,0,33,0,33,8,32,69,4,113,2,40,42,155
07/22/2006,LRD,TX,ASW,CE,Federal Contract Tower,4,14,16,0,34,0,0,34,0,34,4,14,50,0,68,10,0,10,78
07/23/2006,LRD,TX,ASW,CE,Federal Contract Tower,0,12,19,0,31,0,0,16,0,16,0,12,35,0,47,20,0,20,67
07/24/2006,LRD,TX,ASW,CE,Federal Contract Tower,6,22,18,16,62,0,0,16,6,22,6,22,34,22,84,2,30,32,116
07/25/2006,LRD,TX,ASW,CE,Federal Contract Tower,13,25,32,5,75,0,1,19,12,32,13,26,51,17,107,6,0,6,113
07/26/2006,LRD,TX,ASW,CE,Federal Contract Tower,13,35,33,13,94,0,0,29,0,29,13,35,62,13,123,2,104,106,229
07/27/2006,LRD,TX,ASW,CE,Federal Contract Tower,17,26,49,10,102,0,0,21,0,21,17,26,70,10,123,0,2,2,125
07/28/2006,LRD,TX,ASW,CE,Federal Contract Tower,12,30,24,4,70,0,0,23,3,26,12,30,47,7,96,20,28,48,144
07/29/2006,LRD,TX,ASW,CE,Federal Contract Tower,5,8,18,0,31,0,0,23,0,23,5,8,41,0,54,10,0,10,64
07/30/2006,LRD,TX,ASW,CE,Federal Contract Tower,3,20,20,0,43,0,0,18,0,18,3,20,38,0,61,0,0,0,61
07/31/2006,LRD,TX,ASW,CE,Federal Contract Tower,8,21,29,12,70,0,0,19,8,27,8,21,48,20,97,6,92,98,195
08/01/2006,LRD,TX,ASW,CE,Federal Contract Tower,15,33,23,6,77,0,0,26,4,30,15,33,49,10,107,20,50,70,177
08/02/2006,LRD,TX,ASW,CE,Federal Contract Tower,12,30,30,10,82,0,0,41,0,41,12,30,71,10,123,16,34,50,173
08/03/2006,LRD,TX,ASW,CE,Federal Contract Tower,11,29,37,4,81,0,0,29,0,29,11,29,66,4,110,74,2,76,186
08/04/2006,LRD,TX,ASW,CE,Federal Contract Tower,10,21,21,2,54,0,0,37,0,37,10,21,58,2,91,2,4,6,97
08/05/2006,LRD,TX,ASW,CE,Federal Contract Tower,5,8,4,0,17,0,0,38,0,38,5,8,42,0,55,56,0,56,111
08/06/2006,LRD,TX,ASW,CE,Federal Contract Tower,0,14,18,6,38,0,0,19,2,21,0,14,37,8,59,10,0,10,69
08/07/2006,LRD,TX,ASW,CE,Federal Contract Tower,5,23,41,10,79,0,0,22,4,26,5,23,63,14,105,24,48,72,177
08/08/2006,LRD,TX,ASW,CE,Federal Contract Tower,10,28,36,0,74,0,0,25,2,27,10,28,61,2,101,28,0,28,129
08/09/2006,LRD,TX,ASW,CE,Federal Contract Tower,15,24,33,21,93,0,0,58,0,58,15,24,91,21,151,72,90,162,313
08/10/2006,LRD,TX,ASW,CE,Federal Contract Tower,11,26,30,15,82,0,0,48,0,48,11,26,78,15,130,20,56,76,206
08/11/2006,LRD,TX,ASW,CE,Federal Contract Tower,10,20,24,26,80,0,0,40,0,40,10,20,64,26,120,4,78,82,202
08/12/2006,LRD,TX,ASW,CE,Federal Contract Tower,5,11,4,0,20,0,0,20,0,20,5,11,24,0,40,0,0,0,40
08/13/2006,LRD,TX,ASW,CE,Federal Contract Tower,2,18,25,0,45,0,0,15,0,15,2,18,40,0,60,16,0,16,76
08/14/2006,LRD,TX,ASW,CE,Federal Contract Tower,8,20,29,14,71,0,0,16,13,29,8,20,45,27,100,0,56,56,156
08/15/2006,LRD,TX,ASW,CE,Federal Contract Tower,17,20,27,10,74,0,0,37,18,55,17,20,64,28,129,6,92,98,227
08/16/2006,LRD,TX,ASW,CE,Federal Contract Tower,17,29,34,2,82,0,0,27,0,27,17,29,61,2,109,48,14,62,171
08/17/2006,LRD,TX,ASW,CE,Federal Contract Tower,13,21,34,2,70,0,0,31,4,35,13,21,65,6,105,6,44,50,155
08/18/2006,LRD,TX,ASW,CE,Federal Contract Tower,10,21,30,13,74,0,1,27,1,29,10,22,57,14,103,0,52,52,155
08/19/2006,LRD,TX,ASW,CE,Federal Contract Tower,7,9,9,0,25,0,1,19,0,20,7,10,28,0,45,50,0,50,95
08/20/2006,LRD,TX,ASW,CE,Federal Contract Tower,0,13,19,1,33,0,0,11,1,12,0,13,30,2,45,4,4,8,53
08/21/2006,LRD,TX,ASW,CE,Federal Contract Tower,10,21,17,24,72,0,0,16,8,24,10,21,33,32,96,4,102,106,202
08/22/2006,LRD,TX,ASW,CE,Federal Contract Tower,12,27,32,12,83,0,0,34,4,38,12,27,66,16,121,82,78,160,281
08/23/2006,LRD,TX,ASW,CE,Federal Contract Tower,12,39,43,17,111,0,0,44,7,51,12,39,87,24,162,108,46,154,316
08/24/2006,LRD,TX,ASW,CE,Federal Contract Tower,13,40,63,26,142,0,0,39,0,39,13,40,102,26,181,30,74,104,285
08/25/2006,LRD,TX,ASW,CE,Federal Contract Tower,9,22,40,11,82,0,0,19,0,19,9,22,59,11,101,10,56,66,167
08/26/2006,LRD,TX,ASW,CE,Federal Contract Tower,3,16,17,2,38,0,0,26,3,29,3,16,43,5,67,0,0,0,67
08/27/2006,LRD,TX,ASW,CE,Federal Contract Tower,1,14,28,4,47,0,0,15,5,20,1,14,43,9,67,0,2,2,69
08/28/2006,LRD,TX,ASW,CE,Federal Contract Tower,9,23,28,17,77,0,0,28,4,32,9,23,56,21,109,8,136,144,253
08/29/2006,LRD,TX,ASW,CE,Federal Contract Tower,11,32,51,22,116,0,0,32,6,38,11,32,83,28,154,6,92,98,252
08/30/2006,LRD,TX,ASW,CE,Federal Contract Tower,13,30,32,9,84,0,0,42,0,42,13,30,74,9,126,0,114,114,240
08/31/2006,LRD,TX,ASW,CE,Federal Contract Tower,19,37,30,16,102,0,0,40,0,40,19,37,70,16,142,10,6,16,158
09/01/2006,LRD,TX,ASW,CE,Federal Contract Tower,15,24,24,4,67,0,0,48,0,48,15,24,72,4,115,2,8,10,125
09/02/2006,LRD,TX,ASW,CE,Federal Contract Tower,3,10,11,0,24,0,1,19,0,20,3,11,30,0,44,2,0,2,46
09/03/2006,LRD,TX,ASW,CE,Federal Contract Tower,1,12,8,0,21,0,0,11,0,11,1,12,19,0,32,0,0,0,32
09/04/2006,LRD,TX,ASW,CE,Federal Contract Tower,3,23,24,0,50,0,0,27,0,27,3,23,51,0,77,12,0,12,89
09/05/2006,LRD,TX,ASW,CE,Federal Contract Tower,8,41,28,42,119,0,0,23,10,33,8,41,51,52,152,10,170,180,332
09/06/2006,LRD,TX,ASW,CE,Federal Contract Tower,11,34,28,0,73,0,0,24,0,24,11,34,52,0,97,2,0,2,99
09/07/2006,LRD,TX,ASW,CE,Federal Contract Tower,18,31,21,18,88,0,0,40,0,40,18,31,61,18,128,0,62,62,190
09/08/2006,LRD,TX,ASW,CE,Federal Contract Tower,9,32,24,4,69,0,0,29,2,31,9,32,53,6,100,16,12,28,128
09/09/2006,LRD,TX,ASW,CE,Federal Contract Tower,2,20,27,0,49,0,0,21,0,21,2,20,48,0,70,14,0,14,84
09/10/2006,LRD,TX,ASW,CE,Federal Contract Tower,1,12,19,3,35,0,0,12,0,12,1,12,31,3,47,0,0,0,47
09/11/2006,LRD,TX,ASW,CE,Federal Contract Tower,11,24,35,4,74,2,0,7,0,9,13,24,42,4,83,0,18,18,101
09/12/2006,LRD,TX,ASW,CE,Federal Contract Tower,23,22,27,9,81,0,0,9,1,10,23,22,36,10,91,0,52,52,143
09/13/2006,LRD,TX,ASW,CE,Federal Contract Tower,19,32,32,16,99,0,0,13,0,13,19,32,45,16,112,0,4,4,116
09/14/2006,LRD,TX,ASW,CE,Federal Contract Tower,23,38,30,4,95,0,0,25,0,25,23,38,55,4,120,0,2,2,122
09/15/2006,LRD,TX,ASW,CE,Federal Contract Tower,15,31,35,8,89,0,0,40,0,40,15,31,75,8,129,72,40,112,241
09/16/2006,LRD,TX,ASW,CE,Federal Contract Tower,4,11,10,0,25,0,0,19,0,19,4,11,29,0,44,10,0,10,54
09/17/2006,LRD,TX,ASW,CE,Federal Contract Tower,3,21,14,0,38,0,0,6,0,6,3,21,20,0,44,8,0,8,52
09/18/2006,LRD,TX,ASW,CE,Federal Contract Tower,12,29,29,12,82,0,0,18,2,20,12,29,47,14,102,2,10,12,114
09/19/2006,LRD,TX,ASW,CE,Federal Contract Tower,24,31,49,13,117,0,0,38,7,45,24,31,87,20,162,12,90,102,264
09/20/2006,LRD,TX,ASW,CE,Federal Contract Tower,21,31,30,12,94,0,0,49,0,49,21,31,79,12,143,0,88,88,231
09/21/2006,LRD,TX,ASW,CE,Federal Contract Tower,20,42,33,22,117,0,0,39,0,39,20,42,72,22,156,22,12,34,190
09/22/2006,LRD,TX,ASW,CE,Federal Contract Tower,18,30,31,16,95,0,0,56,0,56,18,30,87,16,151,0,72,72,223
09/23/2006,LRD,TX,ASW,CE,Federal Contract Tower,4,18,16,0,38,0,0,12,1,13,4,18,28,1,51,0,0,0,51
09/24/2006,LRD,TX,ASW,CE,Federal Contract Tower,3,16,33,0,52,0,1,7,0,8,3,17,40,0,60,0,0,0,60
09/25/2006,LRD,TX,ASW,CE,Federal Contract Tower,25,35,51,8,119,0,0,34,7,41,25,35,85,15,160,4,94,98,258
09/26/2006,LRD,TX,ASW,CE,Federal Contract Tower,16,35,42,21,114,0,0,23,4,27,16,35,65,25,141,6,118,124,265
09/27/2006,LRD,TX,ASW,CE,Federal Contract Tower,20,33,42,34,129,0,0,39,0,39,20,33,81,34,168,86,18,104,272
09/28/2006,LRD,TX,ASW,CE,Federal Contract Tower,20,39,38,4,101,0,0,34,0,34,20,39,72,4,135,26,8,34,169
09/29/2006,LRD,TX,ASW,CE,Federal Contract Tower,10,33,35,10,88,0,0,31,1,32,10,33,66,11,120,20,0,20,140
09/30/2006,LRD,TX,ASW,CE,Federal Contract Tower,3,13,25,0,41,0,0,20,0,20,3,13,45,0,61,0,0,0,61
10/01/2006,LRD,TX,ASW,CE,Federal Contract Tower,1,11,19,0,31,0,0,23,0,23,1,11,42,0,54,0,0,0,54
10/02/2006,LRD,TX,ASW,CE,Federal Contract Tower,11,25,27,30,93,0,0,18,15,33,11,25,45,45,126,4,70,74,200
10/03/2006,LRD,TX,ASW,CE,Federal Contract Tower,17,37,44,16,114,0,0,27,3,30,17,37,71,19,144,8,106,114,258
10/04/2006,LRD,TX,ASW,CE,Federal Contract Tower,20,33,30,6,89,0,0,26,0,26,20,33,56,6,115,2,8,10,125
10/05/2006,LRD,TX,ASW,CE,Federal Contract Tower,22,32,37,13,104,0,0,46,0,46,22,32,83,13,150,2,84,86,236
10/06/2006,LRD,TX,ASW,CE,Federal Contract Tower,20,26,30,34,110,0,0,31,0,31,20,26,61,34,141,0,206,206,347
10/07/2006,LRD,TX,ASW,CE,Federal Contract Tower,6,18,14,2,40,0,0,20,0,20,6,18,34,2,60,2,0,2,62
10/08/2006,LRD,TX,ASW,CE,Federal Contract Tower,0,15,18,0,33,0,0,13,0,13,0,15,31,0,46,0,0,0,46
10/09/2006,LRD,TX,ASW,CE,Federal Contract Tower,12,19,35,0,66,0,0,15,0,15,12,19,50,0,81,0,0,0,81
10/10/2006,LRD,TX,ASW,CE,Federal Contract Tower,14,24,35,32,105,0,0,20,1,21,14,24,55,33,126,8,50,58,184
10/11/2006,LRD,TX,ASW,CE,Federal Contract Tower,21,34,37,12,104,0,2,27,6,35,21,36,64,18,139,10,0,10,149
10/12/2006,LRD,TX,ASW,CE,Federal Contract Tower,20,30,48,22,120,0,0,31,1,32,20,30,79,23,152,10,14,24,176
10/13/2006,LRD,TX,ASW,CE,Federal Contract Tower,10,31,46,8,95,0,0,1,0,1,10,31,47,8,96,0,0,0,96
10/14/2006,LRD,TX,ASW,CE,Federal Contract Tower,4,18,12,0,34,0,0,0,0,0,4,18,12,0,34,0,0,0,34
10/15/2006,LRD,TX,ASW,CE,Federal Contract Tower,3,21,20,2,46,0,0,12,0,12,3,21,32,2,58,0,0,0,58
10/16/2006,LRD,TX,ASW,CE,Federal Contract Tower,16,30,24,21,91,0,0,20,5,25,16,30,44,26,116,6,20,26,142
10/17/2006,LRD,TX,ASW,CE,Federal Contract Tower,19,37,35,2,93,0,0,24,0,24,19,37,59,2,117,6,0,6,123
10/18/2006,LRD,TX,ASW,CE,Federal Contract Tower,19,41,38,4,102,0,0,26,0,26,19,41,64,4,128,0,0,0,128
10/19/2006,LRD,TX,ASW,CE,Federal Contract Tower,18,45,56,2,121,0,0,18,0,18,18,45,74,2,139,0,0,0,139
10/20/2006,LRD,TX,ASW,CE,Federal Contract Tower,15,31,39,2,87,0,0,32,0,32,15,31,71,2,119,6,46,52,171
10/21/2006,LRD,TX,ASW,CE,Federal Contract Tower,10,21,13,0,44,0,0,10,0,10,10,21,23,0,54,0,0,0,54
10/22/2006,LRD,TX,ASW,CE,Federal Contract Tower,2,23,22,4,51,0,0,14,0,14,2,23,36,4,65,0,0,0,65
10/23/2006,LRD,TX,ASW,CE,Federal Contract Tower,17,22,36,3,78,0,0,26,2,28,17,22,62,5,106,6,42,48,154
10/24/2006,LRD,TX,ASW,CE,Federal Contract Tower,16,30,27,0,73,0,0,12,2,14,16,30,39,2,87,6,0,6,93
10/25/2006,LRD,TX,ASW,CE,Federal Contract Tower,27,29,40,0,96,0,0,10,0,10,27,29,50,0,106,2,0,2,108
10/26/2006,LRD,TX,ASW,CE,Federal Contract Tower,19,34,54,2,109,0,0,34,0,34,19,34,88,2,143,8,0,8,151
10/27/2006,LRD,TX,ASW,CE,Federal Contract Tower,18,39,33,4,94,0,0,31,0,31,18,39,64,4,125,0,14,14,139
10/28/2006,LRD,TX,ASW,CE,Federal Contract Tower,5,20,14,4,43,0,0,27,0,27,5,20,41,4,70,2,0,2,72
10/29/2006,LRD,TX,ASW,CE,Federal Contract Tower,4,12,23,0,39,0,0,22,0,22,4,12,45,0,61,0,0,0,61
10/30/2006,LRD,TX,ASW,CE,Federal Contract Tower,19,28,36,6,89,0,0,33,6,39,19,28,69,12,128,30,80,110,238
10/31/2006,LRD,TX,ASW,CE,Federal Contract Tower,17,28,24,4,73,0,0,41,10,51,17,28,65,14,124,0,124,124,248
11/01/2006,LRD,TX,ASW,CE,Federal Contract Tower,22,39,21,1,83,0,0,34,4,38,22,39,55,5,121,4,18,22,143
11/02/2006,LRD,TX,ASW,CE,Federal Contract Tower,15,40,44,0,99,0,0,37,2,39,15,40,81,2,138,22,0,22,160
11/03/2006,LRD,TX,ASW,CE,Federal Contract Tower,16,30,33,0,79,0,1,35,2,38,16,31,68,2,117,2,0,2,119
11/04/2006,LRD,TX,ASW,CE,Federal Contract Tower,11,22,20,1,54,0,2,11,3,16,11,24,31,4,70,0,0,0,70
11/05/2006,LRD,TX,ASW,CE,Federal Contract Tower,3,18,19,0,40,0,0,10,0,10,3,18,29,0,50,0,0,0,50
11/06/2006,LRD,TX,ASW,CE,Federal Contract Tower,9,28,38,8,83,0,1,26,15,42,9,29,64,23,125,0,76,76,201
11/07/2006,LRD,TX,ASW,CE,Federal Contract Tower,19,32,26,2,79,0,0,19,7,26,19,32,45,9,105,4,26,30,135
11/08/2006,LRD,TX,ASW,CE,Federal Contract Tower,18,32,42,0,92,0,2,25,10,37,18,34,67,10,129,0,10,10,139
11/09/2006,LRD,TX,ASW,CE,Federal Contract Tower,20,34,52,4,110,0,0,33,4,37,20,34,85,8,147,2,0,2,149
11/10/2006,LRD,TX,ASW,CE,Federal Contract Tower,8,40,60,0,108,0,1,45,0,46,8,41,105,0,154,0,0,0,154
11/11/2006,LRD,TX,ASW,CE,Federal Contract Tower,4,16,18,0,38,0,0,14,0,14,4,16,32,0,52,0,0,0,52
11/12/2006,LRD,TX,ASW,CE,Federal Contract Tower,0,18,19,0,37,0,0,10,12,22,0,18,29,12,59,0,2,2,61
11/13/2006,LRD,TX,ASW,CE,Federal Contract Tower,12,22,60,0,94,0,0,15,8,23,12,22,75,8,117,0,12,12,129
11/14/2006,LRD,TX,ASW,CE,Federal Contract Tower,14,35,41,0,90,0,0,24,22,46,14,35,65,22,136,0,0,0,136
11/15/2006,LRD,TX,ASW,CE,Federal Contract Tower,17,37,54,2,110,0,2,21,0,23,17,39,75,2,133,4,26,30,163
11/16/2006,LRD,TX,ASW,CE,Federal Contract Tower,15,38,49,6,108,0,1,42,11,54,15,39,91,17,162,8,26,34,196
11/17/2006,LRD,TX,ASW,CE,Federal Contract Tower,8,31,64,4,107,0,0,65,15,80,8,31,129,19,187,16,54,70,257
11/18/2006,LRD,TX,ASW,CE,Federal Contract Tower,4,18,28,0,50,0,0,36,5,41,4,18,64,5,91,4,0,4,95
11/19/2006,LRD,TX,ASW,CE,Federal Contract Tower,0,18,28,2,48,0,0,30,9,39,0,18,58,11,87,2,0,2,89
11/20/2006,LRD,TX,ASW,CE,Federal Contract Tower,9,24,30,2,65,0,0,36,12,48,9,24,66,14,113,54,96,150,263
11/21/2006,LRD,TX,ASW,CE,Federal Contract Tower,24,31,59,16,130,0,4,59,9,72,24,35,118,25,202,34,68,102,304
11/22/2006,LRD,TX,ASW,CE,Federal Contract Tower,15,39,28,10,92,0,3,33,16,52,15,42,61,26,144,0,60,60,204
11/23/2006,LRD,TX,ASW,CE,Federal Contract Tower,2,16,11,0,29,0,0,15,0,15,2,16,26,0,44,18,0,18,62
11/24/2006,LRD,TX,ASW,CE,Federal Contract Tower,10,25,19,0,54,0,0,29,2,31,10,25,48,2,85,20,0,20,105
11/25/2006,LRD,TX,ASW,CE,Federal Contract Tower,2,19,13,0,34,0,0,22,1,23,2,19,35,1,57,18,0,18,75
11/26/2006,LRD,TX,ASW,CE,Federal Contract Tower,2,19,43,0,64,0,0,22,0,22,2,19,65,0,86,0,0,0,86
11/27/2006,LRD,TX,ASW,CE,Federal Contract Tower,11,34,47,8,100,0,0,8,24,32,11,34,55,32,132,4,138,142,274
11/28/2006,LRD,TX,ASW,CE,Federal Contract Tower,17,36,60,7,120,0,0,32,11,43,17,36,92,18,163,4,10,14,177
11/29/2006,LRD,TX,ASW,CE,Federal Contract Tower,14,35,60,3,112,0,0,16,3,19,14,35,76,6,131,0,6,6,137
11/30/2006,LRD,TX,ASW,CE,Federal Contract Tower,20,42,44,12,118,0,3,18,0,21,20,45,62,12,139,0,24,24,163
12/01/2006,LRD,TX,ASW,CE,Federal Contract Tower,13,28,43,0,84,0,0,44,0,44,13,28,87,0,128,8,0,8,136
12/02/2006,LRD,TX,ASW,CE,Federal Contract Tower,6,15,22,0,43,0,0,25,0,25,6,15,47,0,68,0,0,0,68
12/03/2006,LRD,TX,ASW,CE,Federal Contract Tower,1,19,28,0,48,0,0,23,0,23,1,19,51,0,71,0,0,0,71
12/04/2006,LRD,TX,ASW,CE,Federal Contract Tower,10,36,51,9,106,0,3,32,6,41,10,39,83,15,147,4,74,78,225
12/05/2006,LRD,TX,ASW,CE,Federal Contract Tower,19,49,60,4,132,0,0,27,14,41,19,49,87,18,173,4,36,40,213
12/06/2006,LRD,TX,ASW,CE,Federal Contract Tower,21,43,65,10,139,0,3,29,2,34,21,46,94,12,173,0,88,88,261
12/07/2006,LRD,TX,ASW,CE,Federal Contract Tower,22,52,61,0,135,0,0,1,0,1,22,52,62,0,136,0,0,0,136
12/08/2006,LRD,TX,ASW,CE,Federal Contract Tower,13,45,43,4,105,0,0,17,0,17,13,45,60,4,122,4,0,4,126
12/09/2006,LRD,TX,ASW,CE,Federal Contract Tower,12,17,25,0,54,0,0,20,2,22,12,17,45,2,76,14,0,14,90
12/10/2006,LRD,TX,ASW,CE,Federal Contract Tower,10,20,39,0,69,0,0,11,0,11,10,20,50,0,80,20,0,20,100
12/11/2006,LRD,TX,ASW,CE,Federal Contract Tower,20,37,49,0,106,0,0,17,6,23,20,37,66,6,129,2,0,2,131
12/12/2006,LRD,TX,ASW,CE,Federal Contract Tower,23,34,50,6,113,0,0,32,7,39,23,34,82,13,152,18,0,18,170
12/13/2006,LRD,TX,ASW,CE,Federal Contract Tower,19,68,52,12,151,0,0,48,5,53,19,68,100,17,204,40,82,122,326
12/14/2006,LRD,TX,ASW,CE,Federal Contract Tower,27,49,62,0,138,0,0,16,5,21,27,49,78,5,159,0,22,22,181
12/15/2006,LRD,TX,ASW,CE,Federal Contract Tower,12,33,57,4,106,0,0,35,6,41,12,33,92,10,147,6,20,26,173
12/16/2006,LRD,TX,ASW,CE,Federal Contract Tower,9,22,41,0,72,0,0,25,6,31,9,22,66,6,103,58,4,62,165
12/17/2006,LRD,TX,ASW,CE,Federal Contract Tower,5,29,38,0,72,0,0,9,6,15,5,29,47,6,87,2,4,6,93
12/18/2006,LRD,TX,ASW,CE,Federal Contract Tower,12,39,62,17,130,0,0,22,7,29,12,39,84,24,159,10,102,112,271
12/19/2006,LRD,TX,ASW,CE,Federal Contract Tower,40,57,54,25,176,0,0,19,3,22,40,57,73,28,198,18,214,232,430
12/20/2006,LRD,TX,ASW,CE,Federal Contract Tower,25,55,60,15,155,0,0,21,6,27,25,55,81,21,182,8,86,94,276
12/21/2006,LRD,TX,ASW,CE,Federal Contract Tower,23,67,64,0,154,0,3,7,6,16,23,70,71,6,170,0,6,6,176
12/22/2006,LRD,TX,ASW,CE,Federal Contract Tower,10,49,48,0,107,0,0,38,4,42,10,49,86,4,149,2,2,4,153
12/23/2006,LRD,TX,ASW,CE,Federal Contract Tower,6,26,20,0,52,0,0,0,4,4,6,26,20,4,56,0,6,6,62
12/24/2006,LRD,TX,ASW,CE,Federal Contract Tower,1,12,4,0,17,0,0,0,2,2,1,12,4,2,19,0,0,0,19
12/25/2006,LRD,TX,ASW,CE,Federal Contract Tower,0,16,37,0,53,0,0,9,0,9,0,16,46,0,62,0,0,0,62
12/26/2006,LRD,TX,ASW,CE,Federal Contract Tower,10,50,48,0,108,0,0,21,0,21,10,50,69,0,129,0,0,0,129
12/27/2006,LRD,TX,ASW,CE,Federal Contract Tower,12,47,43,2,104,0,0,25,2,27,12,47,68,4,131,2,4,6,137
12/28/2006,LRD,TX,ASW,CE,Federal Contract Tower,14,32,28,4,78,0,0,29,2,31,14,32,57,6,109,26,4,30,139
12/29/2006,LRD,TX,ASW,CE,Federal Contract Tower,10,18,23,0,51,0,0,27,3,30,10,18,50,3,81,8,4,12,93
12/30/2006,LRD,TX,ASW,CE,Federal Contract Tower,7,15,27,0,49,0,0,25,0,25,7,15,52,0,74,10,0,10,84
12/31/2006,LRD,TX,ASW,CE,Federal Contract Tower,2,13,15,0,30,0,0,11,4,15,2,13,26,4,45,4,20,24,69
01/01/2007,LRD,TX,ASW,CE,Federal Contract Tower,1,18,38,0,57,0,0,21,2,23,1,18,59,2,80,30,0,30,110
01/02/2007,LRD,TX,ASW,CE,Federal Contract Tower,9,49,70,0,128,0,0,18,3,21,9,49,88,3,149,10,0,10,159
01/03/2007,LRD,TX,ASW,CE,Federal Contract Tower,15,32,36,0,83,0,0,0,0,0,15,32,36,0,83,0,0,0,83
01/04/2007,LRD,TX,ASW,CE,Federal Contract Tower,19,35,46,0,100,0,0,17,0,17,19,35,63,0,117,30,10,40,157
01/05/2007,LRD,TX,ASW,CE,Federal Contract Tower,18,37,36,4,95,0,0,26,9,35,18,37,62,13,130,24,12,36,166
01/06/2007,LRD,TX,ASW,CE,Federal Contract Tower,13,17,39,0,69,0,0,1,2,3,13,17,40,2,72,0,2,2,74
01/07/2007,LRD,TX,ASW,CE,Federal Contract Tower,0,15,44,10,69,0,0,14,5,19,0,15,58,15,88,10,0,10,98
01/08/2007,LRD,TX,ASW,CE,Federal Contract Tower,19,23,43,4,89,0,2,24,10,36,19,25,67,14,125,4,30,34,159
01/09/2007,LRD,TX,ASW,CE,Federal Contract Tower,11,35,30,13,89,0,0,51,0,51,11,35,81,13,140,22,24,46,186
01/10/2007,LRD,TX,ASW,CE,Federal Contract Tower,12,39,40,10,101,0,0,46,12,58,12,39,86,22,159,22,146,168,327
01/11/2007,LRD,TX,ASW,CE,Federal Contract Tower,16,35,51,7,109,0,0,27,0,27,16,35,78,7,136,0,54,54,190
01/12/2007,LRD,TX,ASW,CE,Federal Contract Tower,10,32,49,15,106,0,0,15,2,17,10,32,64,17,123,0,0,0,123
01/13/2007,LRD,TX,ASW,CE,Federal Contract Tower,5,12,20,14,51,0,2,12,4,18,5,14,32,18,69,2,10,12,81
01/14/2007,LRD,TX,ASW,CE,Federal Contract Tower,0,14,49,0,63,0,0,6,0,6,0,14,55,0,69,0,0,0,69
01/15/2007,LRD,TX,ASW,CE,Federal Contract Tower,6,24,50,0,80,0,0,2,0,2,6,24,52,0,82,0,0,0,82
01/16/2007,LRD,TX,ASW,CE,Federal Contract Tower,11,29,33,0,73,0,0,4,1,5,11,29,37,1,78,0,2,2,80
01/17/2007,LRD,TX,ASW,CE,Federal Contract Tower,13,30,35,0,78,0,0,6,0,6,13,30,41,0,84,6,0,6,90
01/18/2007,LRD,TX,ASW,CE,Federal Contract Tower,15,37,46,0,98,0,0,16,0,16,15,37,62,0,114,0,0,0,114
01/19/2007,LRD,TX,ASW,CE,Federal Contract Tower,10,40,49,14,113,0,0,0,0,0,10,40,49,14,113,0,2,2,115
01/20/2007,LRD,TX,ASW,CE,Federal Contract Tower,6,20,30,0,56,0,0,0,0,0,6,20,30,0,56,0,0,0,56
01/21/2007,LRD,TX,ASW,CE,Federal Contract Tower,1,16,47,4,68,0,0,24,7,31,1,16,71,11,99,12,4,16,115
01/22/2007,LRD,TX,ASW,CE,Federal Contract Tower,10,18,29,8,65,0,0,10,5,15,10,18,39,13,80,0,0,0,80
01/23/2007,LRD,TX,ASW,CE,Federal Contract Tower,11,24,44,6,85,0,0,0,0,0,11,24,44,6,85,0,0,0,85
01/24/2007,LRD,TX,ASW,CE,Federal Contract Tower,13,28,49,4,94,0,0,0,0,0,13,28,49,4,94,0,0,0,94
01/25/2007,LRD,TX,ASW,CE,Federal Contract Tower,12,30,38,18,98,0,0,39,9,48,12,30,77,27,146,0,110,110,256
01/26/2007,LRD,TX,ASW,CE,Federal Contract Tower,9,27,51,10,97,0,0,41,5,46,9,27,92,15,143,12,58,70,213
01/27/2007,LRD,TX,ASW,CE,Federal Contract Tower,5,15,23,0,43,0,0,33,4,37,5,15,56,4,80,20,0,20,100
01/28/2007,LRD,TX,ASW,CE,Federal Contract Tower,1,15,45,0,61,0,0,21,9,30,1,15,66,9,91,0,4,4,95
01/29/2007,LRD,TX,ASW,CE,Federal Contract Tower,6,24,35,12,77,0,0,31,9,40,6,24,66,21,117,58,98,156,273
01/30/2007,LRD,TX,ASW,CE,Federal Contract Tower,18,24,50,9,101,0,0,21,3,24,18,24,71,12,125,36,0,36,161
01/31/2007,LRD,TX,ASW,CE,Federal Contract Tower,14,33,59,2,108,0,0,34,2,36,14,33,93,4,144,78,10,88,232
02/01/2007,LRD,TX,ASW,CE,Federal Contract Tower,15,32,67,8,122,0,0,19,6,25,15,32,86,14,147,16,30,46,193
02/02/2007,LRD,TX,ASW,CE,Federal Contract Tower,14,36,97,7,154,0,0,0,0,0,14,36,97,7,154,0,0,0,154
02/03/2007,LRD,TX,ASW,CE,Federal Contract Tower,4,14,20,0,38,0,0,15,1,16,4,14,35,1,54,10,0,10,64
02/04/2007,LRD,TX,ASW,CE,Federal Contract Tower,3,23,32,0,58,0,0,17,2,19,3,23,49,2,77,0,0,0,77
02/05/2007,LRD,TX,ASW,CE,Federal Contract Tower,9,19,35,4,67,0,0,47,8,55,9,19,82,12,122,86,50,136,258
02/06/2007,LRD,TX,ASW,CE,Federal Contract Tower,15,29,52,17,113,0,1,52,9,62,15,30,104,26,175,118,72,190,365
02/07/2007,LRD,TX,ASW,CE,Federal Contract Tower,10,28,56,4,98,0,3,29,8,40,10,31,85,12,138,24,0,24,162
02/08/2007,LRD,TX,ASW,CE,Federal Contract Tower,11,24,48,17,100,0,0,21,6,27,11,24,69,23,127,4,50,54,181
02/09/2007,LRD,TX,ASW,CE,Federal Contract Tower,18,25,56,7,106,0,0,14,3,17,18,25,70,10,123,2,0,2,125
02/10/2007,LRD,TX,ASW,CE,Federal Contract Tower,6,24,23,1,54,0,0,38,2,40,6,24,61,3,94,194,34,228,322
02/11/2007,LRD,TX,ASW,CE,Federal Contract Tower,1,16,34,7,58,0,0,7,0,7,1,16,41,7,65,90,0,90,155
02/12/2007,LRD,TX,ASW,CE,Federal Contract Tower,8,26,46,5,85,0,0,20,2,22,8,26,66,7,107,12,42,54,161
02/13/2007,LRD,TX,ASW,CE,Federal Contract Tower,18,22,32,18,90,0,0,38,10,48,18,22,70,28,138,0,104,104,242
02/14/2007,LRD,TX,ASW,CE,Federal Contract Tower,10,25,33,30,98,0,0,46,12,58,10,25,79,42,156,2,290,292,448
02/15/2007,LRD,TX,ASW,CE,Federal Contract Tower,14,30,38,28,110,0,0,51,15,66,14,30,89,43,176,18,214,232,408
02/16/2007,LRD,TX,ASW,CE,Federal Contract Tower,10,30,48,10,98,0,0,25,8,33,10,30,73,18,131,0,58,58,189
02/17/2007,LRD,TX,ASW,CE,Federal Contract Tower,5,18,27,0,50,0,0,33,4,37,5,18,60,4,87,0,0,0,87
02/18/2007,LRD,TX,ASW,CE,Federal Contract Tower,1,18,31,0,50,0,0,21,4,25,1,18,52,4,75,2,0,2,77
02/19/2007,LRD,TX,ASW,CE,Federal Contract Tower,10,23,50,0,83,0,0,39,6,45,10,23,89,6,128,52,2,54,182
02/20/2007,LRD,TX,ASW,CE,Federal Contract Tower,12,23,47,11,93,0,0,39,17,56,12,23,86,28,149,10,184,194,343
02/21/2007,LRD,TX,ASW,CE,Federal Contract Tower,10,29,38,2,79,0,1,41,12,54,10,30,79,14,133,42,0,42,175
02/22/2007,LRD,TX,ASW,CE,Federal Contract Tower,17,45,35,10,107,0,1,50,10,61,17,46,85,20,168,104,50,154,322
02/23/2007,LRD,TX,ASW,CE,Federal Contract Tower,10,28,51,29,118,0,0,28,11,39,10,28,79,40,157,0,100,100,257
02/24/2007,LRD,TX,ASW,CE,Federal Contract Tower,5,16,26,5,52,0,2,15,6,23,5,18,41,11,75,2,6,8,83
02/25/2007,LRD,TX,ASW,CE,Federal Contract Tower,0,16,32,0,48,0,0,34,6,40,0,16,66,6,88,32,12,44,132
02/26/2007,LRD,TX,ASW,CE,Federal Contract Tower,6,22,31,4,63,0,0,44,8,52,6,22,75,12,115,18,2,20,135
02/27/2007,LRD,TX,ASW,CE,Federal Contract Tower,18,34,55,23,130,0,0,42,15,57,18,34,97,38,187,138,42,180,367
02/28/2007,LRD,TX,ASW,CE,Federal Contract Tower,15,29,49,26,119,0,0,33,26,59,15,29,82,52,178,0,60,60,238
03/01/2007,LRD,TX,ASW,CE,Federal Contract Tower,18,44,43,20,125,0,0,43,19,62,18,44,86,39,187,182,60,242,429
03/02/2007,LRD,TX,ASW,CE,Federal Contract Tower,10,33,47,14,104,0,3,60,9,72,10,36,107,23,176,60,34,94,270
03/03/2007,LRD,TX,ASW,CE,Federal Contract Tower,8,16,13,0,37,0,1,25,4,30,8,17,38,4,67,38,0,38,105
03/04/2007,LRD,TX,ASW,CE,Federal Contract Tower,3,23,26,6,58,0,0,27,4,31,3,23,53,10,89,60,2,62,151
03/05/2007,LRD,TX,ASW,CE,Federal Contract Tower,8,25,35,3,71,0,0,42,4,46,8,25,77,7,117,10,8,18,135
03/06/2007,LRD,TX,ASW,CE,Federal Contract Tower,10,29,31,14,84,0,0,45,20,65,10,29,76,34,149,6,122,128,277
03/07/2007,LRD,TX,ASW,CE,Federal Contract Tower,13,38,51,15,117,0,0,39,8,47,13,38,90,23,164,10,92,102,266
03/08/2007,LRD,TX,ASW,CE,Federal Contract Tower,17,32,45,2,96,0,0,49,16,65,17,32,94,18,161,46,20,66,227
03/09/2007,LRD,TX,ASW,CE,Federal Contract Tower,12,26,40,12,90,0,0,40,6,46,12,26,80,18,136,2,38,40,176
03/10/2007,LRD,TX,ASW,CE,Federal Contract Tower,8,21,22,2,53,0,0,32,5,37,8,21,54,7,90,32,0,32,122
03/11/2007,LRD,TX,ASW,CE,Federal Contract Tower,2,21,30,0,53,0,2,5,0,7,2,23,35,0,60,2,0,2,62
03/12/2007,LRD,TX,ASW,CE,Federal Contract Tower,9,26,32,28,95,0,0,23,7,30,9,26,55,35,125,62,98,160,285
03/13/2007,LRD,TX,ASW,CE,Federal Contract Tower,16,31,38,2,87,0,0,0,4,4,16,31,38,6,91,0,0,0,91
03/14/2007,LRD,TX,ASW,CE,Federal Contract Tower,9,36,45,2,92,0,0,17,24,41,9,36,62,26,133,66,0,66,199
03/15/2007,LRD,TX,ASW,CE,Federal Contract Tower,15,41,40,6,102,0,0,18,6,24,15,41,58,12,126,16,4,20,146
03/16/2007,LRD,TX,ASW,CE,Federal Contract Tower,11,32,61,8,112,0,0,37,10,47,11,32,98,18,159,2,26,28,187
03/17/2007,LRD,TX,ASW,CE,Federal Contract Tower,6,12,49,0,67,0,0,21,4,25,6,12,70,4,92,4,0,4,96
03/18/2007,LRD,TX,ASW,CE,Federal Contract Tower,1,17,39,0,57,0,0,14,4,18,1,17,53,4,75,2,2,4,79
03/19/2007,LRD,TX,ASW,CE,Federal Contract Tower,10,22,43,14,89,0,0,41,18,59,10,22,84,32,148,10,170,180,328
03/20/2007,LRD,TX,ASW,CE,Federal Contract Tower,14,27,51,13,105,0,1,22,4,27,14,28,73,17,132,2,10,12,144
03/21/2007,LRD,TX,ASW,CE,Federal Contract Tower,11,38,75,10,134,0,0,43,6,49,11,38,118,16,183,38,66,104,287
03/22/2007,LRD,TX,ASW,CE,Federal Contract Tower,14,35,60,10,119,0,0,29,6,35,14,35,89,16,154,0,18,18,172
03/23/2007,LRD,TX,ASW,CE,Federal Contract Tower,8,28,59,25,120,0,0,26,5,31,8,28,85,30,151,2,32,34,185
03/24/2007,LRD,TX,ASW,CE,Federal Contract Tower,10,22,39,0,71,0,0,5,8,13,10,22,44,8,84,46,2,48,132
03/25/2007,LRD,TX,ASW,CE,Federal Contract Tower,2,18,34,0,54,0,0,8,2,10,2,18,42,2,64,0,0,0,64
03/26/2007,LRD,TX,ASW,CE,Federal Contract Tower,4,22,27,0,53,0,0,17,8,25,4,22,44,8,78,46,2,48,126
03/27/2007,LRD,TX,ASW,CE,Federal Contract Tower,14,30,45,0,89,0,0,30,28,58,14,30,75,28,147,28,0,28,175
03/28/2007,LRD,TX,ASW,CE,Federal Contract Tower,13,47,63,26,149,0,2,43,12,57,13,49,106,38,206,14,0,14,220
03/29/2007,LRD,TX,ASW,CE,Federal Contract Tower,17,34,69,6,126,0,0,20,13,33,17,34,89,19,159,4,0,4,163
03/30/2007,LRD,TX,ASW,CE,Federal Contract Tower,12,24,58,0,94,0,0,16,8,24,12,24,74,8,118,2,0,2,120
03/31/2007,LRD,TX,ASW,CE,Federal Contract Tower,7,15,46,0,68,0,0,26,4,30,7,15,72,4,98,40,0,40,138
04/01/2007,LRD,TX,ASW,CE,Federal Contract Tower,0,26,46,2,74,0,0,26,4,30,0,26,72,6,104,38,8,46,150
04/02/2007,LRD,TX,ASW,CE,Federal Contract Tower,7,30,43,13,93,0,0,50,9,59,7,30,93,22,152,8,30,38,190
04/03/2007,LRD,TX,ASW,CE,Federal Contract Tower,10,39,48,8,105,0,0,28,9,37,10,39,76,17,142,26,0,26,168
04/04/2007,LRD,TX,ASW,CE,Federal Contract Tower,9,45,46,0,100,0,0,12,6,18,9,45,58,6,118,12,0,12,130
04/05/2007,LRD,TX,ASW,CE,Federal Contract Tower,12,25,39,18,94,0,0,38,14,52,12,25,77,32,146,102,22,124,270
04/06/2007,LRD,TX,ASW,CE,Federal Contract Tower,8,25,17,8,58,0,0,24,0,24,8,25,41,8,82,0,36,36,118
04/07/2007,LRD,TX,ASW,CE,Federal Contract Tower,4,14,14,0,32,0,0,2,0,2,4,14,16,0,34,0,6,6,40
04/08/2007,LRD,TX,ASW,CE,Federal Contract Tower,0,12,31,0,43,0,0,11,0,11,0,12,42,0,54,0,0,0,54
04/09/2007,LRD,TX,ASW,CE,Federal Contract Tower,6,26,58,0,90,0,0,5,2,7,6,26,63,2,97,0,0,0,97
04/10/2007,LRD,TX,ASW,CE,Federal Contract Tower,12,31,37,10,90,0,0,27,16,43,12,31,64,26,133,10,152,162,295
04/11/2007,LRD,TX,ASW,CE,Federal Contract Tower,12,40,48,2,102,0,1,36,24,61,12,41,84,26,163,0,0,0,163
04/12/2007,LRD,TX,ASW,CE,Federal Contract Tower,14,33,42,2,91,0,1,29,3,33,14,34,71,5,124,6,42,48,172
04/13/2007,LRD,TX,ASW,CE,Federal Contract Tower,8,24,35,33,100,0,0,15,5,20,8,24,50,38,120,0,20,20,140
04/14/2007,LRD,TX,ASW,CE,Federal Contract Tower,7,20,28,0,55,0,0,19,2,21,7,20,47,2,76,0,2,2,78
04/15/2007,LRD,TX,ASW,CE,Federal Contract Tower,1,11,38,0,50,0,0,23,4,27,1,11,61,4,77,30,0,30,107
04/16/2007,LRD,TX,ASW,CE,Federal Contract Tower,8,25,55,13,101,0,0,32,6,38,8,25,87,19,139,64,124,188,327
04/17/2007,LRD,TX,ASW,CE,Federal Contract Tower,16,35,42,29,122,0,0,26,2,28,16,35,68,31,150,0,66,66,216
04/18/2007,LRD,TX,ASW,CE,Federal Contract Tower,22,30,47,4,103,0,0,56,9,65,22,30,103,13,168,62,0,62,230
04/19/2007,LRD,TX,ASW,CE,Federal Contract Tower,17,29,34,12,92,0,0,43,8,51,17,29,77,20,143,62,20,82,225
04/20/2007,LRD,TX,ASW,CE,Federal Contract Tower,13,32,36,6,87,0,0,45,12,57,13,32,81,18,144,22,0,22,166
04/21/2007,LRD,TX,ASW,CE,Federal Contract Tower,4,23,23,0,50,0,0,13,5,18,4,23,36,5,68,0,8,8,76
04/22/2007,LRD,TX,ASW,CE,Federal Contract Tower,1,19,28,0,48,0,0,18,2,20,1,19,46,2,68,2,8,10,78
04/23/2007,LRD,TX,ASW,CE,Federal Contract Tower,10,30,45,4,89,0,0,18,10,28,10,30,63,14,117,12,2,14,131
04/24/2007,LRD,TX,ASW,CE,Federal Contract Tower,18,27,38,14,97,0,0,23,8,31,18,27,61,22,128,2,38,40,168
04/25/2007,LRD,TX,ASW,CE,Federal Contract Tower,20,30,37,6,93,0,0,37,16,53,20,30,74,22,146,0,0,0,146
04/26/2007,LRD,TX,ASW,CE,Federal Contract Tower,22,26,37,3,88,0,6,42,16,64,22,32,79,19,152,14,92,106,258
04/27/2007,LRD,TX,ASW,CE,Federal Contract Tower,17,27,56,22,122,0,0,35,4,39,17,27,91,26,161,88,30,118,279
04/28/2007,LRD,TX,ASW,CE,Federal Contract Tower,9,20,19,0,48,0,0,16,6,22,9,20,35,6,70,2,0,2,72
04/29/2007,LRD,TX,ASW,CE,Federal Contract Tower,1,14,32,0,47,0,0,11,2,13,1,14,43,2,60,8,0,8,68
04/30/2007,LRD,TX,ASW,CE,Federal Contract Tower,11,21,54,8,94,0,0,23,7,30,11,21,77,15,124,16,0,16,140
05/01/2007,LRD,TX,ASW,CE,Federal Contract Tower,10,36,44,14,104,0,0,27,17,44,10,36,71,31,148,0,126,126,274
05/02/2007,LRD,TX,ASW,CE,Federal Contract Tower,16,37,41,17,111,0,0,25,13,38,16,37,66,30,149,0,110,110,259
05/03/2007,LRD,TX,ASW,CE,Federal Contract Tower,18,38,58,20,134,0,0,36,2,38,18,38,94,22,172,0,300,300,472
05/04/2007,LRD,TX,ASW,CE,Federal Contract Tower,14,28,49,6,97,0,0,31,8,39,14,28,80,14,136,24,50,74,210
05/05/2007,LRD,TX,ASW,CE,Federal Contract Tower,12,20,9,0,41,0,0,10,4,14,12,20,19,4,55,4,0,4,59
05/06/2007,LRD,TX,ASW,CE,Federal Contract Tower,4,20,28,0,52,0,0,7,4,11,4,20,35,4,63,0,6,6,69
05/07/2007,LRD,TX,ASW,CE,Federal Contract Tower,11,37,50,6,104,0,1,19,7,27,11,38,69,13,131,6,58,64,195
05/08/2007,LRD,TX,ASW,CE,Federal Contract Tower,19,36,33,11,99,0,0,24,16,40,19,36,57,27,139,0,46,46,185
05/09/2007,LRD,TX,ASW,CE,Federal Contract Tower,11,43,47,25,126,0,0,34,9,43,11,43,81,34,169,2,62,64,233
05/10/2007,LRD,TX,ASW,CE,Federal Contract Tower,32,36,45,15,128,0,0,24,10,34,32,36,69,25,162,0,76,76,238
05/11/2007,LRD,TX,ASW,CE,Federal Contract Tower,11,37,51,0,99,0,0,36,4,40,11,37,87,4,139,28,0,28,167
05/12/2007,LRD,TX,ASW,CE,Federal Contract Tower,6,11,30,0,47,0,0,19,0,19,6,11,49,0,66,10,0,10,76
05/13/2007,LRD,TX,ASW,CE,Federal Contract Tower,6,11,30,0,47,0,0,19,0,19,6,11,49,0,66,10,0,10,76
05/14/2007,LRD,TX,ASW,CE,Federal Contract Tower,10,31,46,0,87,0,0,41,2,43,10,31,87,2,130,2,0,2,132
05/15/2007,LRD,TX,ASW,CE,Federal Contract Tower,15,39,41,5,100,0,0,50,11,61,15,39,91,16,161,4,36,40,201
05/16/2007,LRD,TX,ASW,CE,Federal Contract Tower,21,25,46,23,115,0,0,19,13,32,21,25,65,36,147,14,72,86,233
05/17/2007,LRD,TX,ASW,CE,Federal Contract Tower,18,32,52,16,118,0,0,32,10,42,18,32,84,26,160,2,40,42,202
05/18/2007,LRD,TX,ASW,CE,Federal Contract Tower,18,29,55,9,111,0,0,0,2,2,18,29,55,11,113,0,20,20,133
05/19/2007,LRD,TX,ASW,CE,Federal Contract Tower,6,16,23,4,49,0,0,9,2,11,6,16,32,6,60,0,0,0,60
05/20/2007,LRD,TX,ASW,CE,Federal Contract Tower,2,17,32,0,51,0,0,9,8,17,2,17,41,8,68,0,6,6,74
05/21/2007,LRD,TX,ASW,CE,Federal Contract Tower,9,39,37,0,85,0,0,23,5,28,9,39,60,5,113,16,0,16,129
05/22/2007,LRD,TX,ASW,CE,Federal Contract Tower,17,39,44,18,118,0,0,32,6,38,17,39,76,24,156,26,160,186,342
05/23/2007,LRD,TX,ASW,CE,Federal Contract Tower,12,32,47,18,109,0,0,45,3,48,12,32,92,21,157,2,68,70,227
05/24/2007,LRD,TX,ASW,CE,Federal Contract Tower,13,35,35,27,110,0,0,26,4,30,13,35,61,31,140,4,204,208,348
05/25/2007,LRD,TX,ASW,CE,Federal Contract Tower,12,38,33,4,87,0,0,8,8,16,12,38,41,12,103,0,2,2,105
05/26/2007,LRD,TX,ASW,CE,Federal Contract Tower,4,14,22,0,40,0,0,17,4,21,4,14,39,4,61,8,0,8,69
05/27/2007,LRD,TX,ASW,CE,Federal Contract Tower,0,6,14,0,20,0,0,9,4,13,0,6,23,4,33,8,0,8,41
05/28/2007,LRD,TX,ASW,CE,Federal Contract Tower,4,22,36,0,62,0,0,21,0,21,4,22,57,0,83,6,0,6,89
05/29/2007,LRD,TX,ASW,CE,Federal Contract Tower,13,37,42,3,95,0,0,45,5,50,13,37,87,8,145,4,50,54,199
05/30/2007,LRD,TX,ASW,CE,Federal Contract Tower,16,38,27,37,118,0,0,53,7,60,16,38,80,44,178,66,132,198,376
05/31/2007,LRD,TX,ASW,CE,Federal Contract Tower,15,21,51,20,107,0,4,39,6,49,15,25,90,26,156,16,76,92,248
06/01/2007,LRD,TX,ASW,CE,Federal Contract Tower,17,29,25,0,71,0,0,36,4,40,17,29,61,4,111,20,0,20,131
06/02/2007,LRD,TX,ASW,CE,Federal Contract Tower,8,17,10,0,35,0,0,31,0,31,8,17,41,0,66,8,0,8,74
06/03/2007,LRD,TX,ASW,CE,Federal Contract Tower,0,19,18,8,45,0,0,14,0,14,0,19,32,8,59,0,0,0,59
06/04/2007,LRD,TX,ASW,CE,Federal Contract Tower,10,27,33,4,74,0,0,55,3,58,10,27,88,7,132,8,2,10,142
06/05/2007,LRD,TX,ASW,CE,Federal Contract Tower,13,32,19,8,72,0,0,24,4,28,13,32,43,12,100,0,6,6,106
06/06/2007,LRD,TX,ASW,CE,Federal Contract Tower,22,34,23,2,81,0,0,20,10,30,22,34,43,12,111,0,0,0,111
06/07/2007,LRD,TX,ASW,CE,Federal Contract Tower,11,28,32,14,85,0,0,39,0,39,11,28,71,14,124,24,0,24,148
06/08/2007,LRD,TX,ASW,CE,Federal Contract Tower,17,28,47,11,103,0,0,29,4,33,17,28,76,15,136,10,20,30,166
06/09/2007,LRD,TX,ASW,CE,Federal Contract Tower,5,11,13,3,32,0,0,17,4,21,5,11,30,7,53,32,0,32,85
06/10/2007,LRD,TX,ASW,CE,Federal Contract Tower,3,19,29,0,51,0,0,9,0,9,3,19,38,0,60,0,0,0,60
06/11/2007,LRD,TX,ASW,CE,Federal Contract Tower,13,29,44,12,98,0,0,34,8,42,13,29,78,20,140,28,92,120,260
06/12/2007,LRD,TX,ASW,CE,Federal Contract Tower,12,32,44,18,106,0,0,34,10,44,12,32,78,28,150,24,46,70,220
06/13/2007,LRD,TX,ASW,CE,Federal Contract Tower,18,34,45,11,108,0,0,38,0,38,18,34,83,11,146,38,78,116,262
06/14/2007,LRD,TX,ASW,CE,Federal Contract Tower,10,35,50,11,106,0,1,49,9,59,10,36,99,20,165,42,54,96,261
06/15/2007,LRD,TX,ASW,CE,Federal Contract Tower,11,26,29,40,106,0,0,41,4,45,11,26,70,44,151,52,292,344,495
06/16/2007,LRD,TX,ASW,CE,Federal Contract Tower,6,17,9,1,33,0,0,15,6,21,6,17,24,7,54,4,8,12,66
06/17/2007,LRD,TX,ASW,CE,Federal Contract Tower,3,14,24,0,41,0,0,13,4,17,3,14,37,4,58,4,0,4,62
06/18/2007,LRD,TX,ASW,CE,Federal Contract Tower,13,26,24,23,86,0,0,30,9,39,13,26,54,32,125,6,138,144,269
06/19/2007,LRD,TX,ASW,CE,Federal Contract Tower,12,37,22,14,85,0,0,32,13,45,12,37,54,27,130,12,8,20,150
06/20/2007,LRD,TX,ASW,CE,Federal Contract Tower,14,34,24,6,78,0,0,12,11,23,14,34,36,17,101,0,12,12,113
06/21/2007,LRD,TX,ASW,CE,Federal Contract Tower,11,36,52,3,102,0,2,18,6,26,11,38,70,9,128,10,2,12,140
06/22/2007,LRD,TX,ASW,CE,Federal Contract Tower,11,23,56,3,93,0,0,9,2,11,11,23,65,5,104,0,0,0,104
06/23/2007,LRD,TX,ASW,CE,Federal Contract Tower,6,18,28,0,52,0,0,8,3,11,6,18,36,3,63,0,0,0,63
06/24/2007,LRD,TX,ASW,CE,Federal Contract Tower,6,14,29,8,57,0,0,14,4,18,6,14,43,12,75,22,0,22,97
06/25/2007,LRD,TX,ASW,CE,Federal Contract Tower,18,36,46,16,116,0,0,27,6,33,18,36,73,22,149,22,4,26,175
06/26/2007,LRD,TX,ASW,CE,Federal Contract Tower,15,24,29,15,83,0,0,27,2,29,15,24,56,17,112,2,22,24,136
06/27/2007,LRD,TX,ASW,CE,Federal Contract Tower,20,31,37,14,102,0,0,34,6,40,20,31,71,20,142,14,100,114,256
06/28/2007,LRD,TX,ASW,CE,Federal Contract Tower,15,40,56,4,115,0,0,13,6,19,15,40,69,10,134,0,0,0,134
06/29/2007,LRD,TX,ASW,CE,Federal Contract Tower,14,42,35,4,95,0,0,33,6,39,14,42,68,10,134,8,30,38,172
06/30/2007,LRD,TX,ASW,CE,Federal Contract Tower,7,17,22,0,46,0,0,22,4,26,7,17,44,4,72,0,0,0,72
07/01/2007,LRD,TX,ASW,CE,Federal Contract Tower,1,12,17,10,40,0,0,9,0,9,1,12,26,10,49,0,16,16,65
07/02/2007,LRD,TX,ASW,CE,Federal Contract Tower,10,21,27,1,59,0,0,15,5,20,10,21,42,6,79,0,2,2,81
07/03/2007,LRD,TX,ASW,CE,Federal Contract Tower,7,25,31,9,72,0,0,22,12,34,7,25,53,21,106,0,22,22,128
07/04/2007,LRD,TX,ASW,CE,Federal Contract Tower,4,17,13,1,35,0,0,12,0,12,4,17,25,1,47,0,0,0,47
07/05/2007,LRD,TX,ASW,CE,Federal Contract Tower,13,25,32,12,82,0,0,18,14,32,13,25,50,26,114,18,0,18,132
07/06/2007,LRD,TX,ASW,CE,Federal Contract Tower,14,34,48,7,103,0,0,23,9,32,14,34,71,16,135,12,24,36,171
07/07/2007,LRD,TX,ASW,CE,Federal Contract Tower,7,18,14,2,41,0,0,26,5,31,7,18,40,7,72,18,0,18,90
07/08/2007,LRD,TX,ASW,CE,Federal Contract Tower,0,14,26,0,40,0,0,18,2,20,0,14,44,2,60,18,0,18,78
07/09/2007,LRD,TX,ASW,CE,Federal Contract Tower,8,24,37,17,86,0,2,26,9,37,8,26,63,26,123,18,88,106,229
07/10/2007,LRD,TX,ASW,CE,Federal Contract Tower,12,30,41,16,99,0,0,42,15,57,12,30,83,31,156,64,22,86,242
07/11/2007,LRD,TX,ASW,CE,Federal Contract Tower,17,37,27,0,81,0,1,29,15,45,17,38,56,15,126,10,0,10,136
07/12/2007,LRD,TX,ASW,CE,Federal Contract Tower,14,34,22,2,72,0,0,48,4,52,14,34,70,6,124,8,13,21,145
07/13/2007,LRD,TX,ASW,CE,Federal Contract Tower,11,27,16,22,76,0,0,50,4,54,11,27,66,26,130,0,158,158,288
07/14/2007,LRD,TX,ASW,CE,Federal Contract Tower,5,13,23,2,43,0,3,24,3,30,5,16,47,5,73,0,4,4,77
07/15/2007,LRD,TX,ASW,CE,Federal Contract Tower,0,15,21,2,38,0,0,16,0,16,0,15,37,2,54,0,0,0,54
07/16/2007,LRD,TX,ASW,CE,Federal Contract Tower,10,22,29,6,67,0,0,30,6,36,10,22,59,12,103,0,0,0,103
07/17/2007,LRD,TX,ASW,CE,Federal Contract Tower,8,34,39,2,83,0,0,25,6,31,8,34,64,8,114,26,0,26,140
07/18/2007,LRD,TX,ASW,CE,Federal Contract Tower,10,30,35,1,76,0,0,13,7,20,10,30,48,8,96,0,0,0,96
07/19/2007,LRD,TX,ASW,CE,Federal Contract Tower,12,34,30,12,88,0,0,8,6,14,12,34,38,18,102,0,0,0,102
07/20/2007,LRD,TX,ASW,CE,Federal Contract Tower,13,38,35,2,88,0,0,30,1,31,13,38,65,3,119,80,0,80,199
07/21/2007,LRD,TX,ASW,CE,Federal Contract Tower,9,11,17,0,37,0,0,14,0,14,9,11,31,0,51,14,0,14,65
07/22/2007,LRD,TX,ASW,CE,Federal Contract Tower,0,16,29,0,45,0,0,15,0,15,0,16,44,0,60,12,0,12,72
07/23/2007,LRD,TX,ASW,CE,Federal Contract Tower,14,27,40,2,83,0,0,40,4,44,14,27,80,6,127,22,10,32,159
07/24/2007,LRD,TX,ASW,CE,Federal Contract Tower,14,33,33,12,92,0,0,53,8,61,14,33,86,20,153,110,72,182,335
07/25/2007,LRD,TX,ASW,CE,Federal Contract Tower,18,33,37,4,92,0,0,25,5,30,18,33,62,9,122,24,24,48,170
07/26/2007,LRD,TX,ASW,CE,Federal Contract Tower,14,30,45,0,89,0,0,11,10,21,14,30,56,10,110,10,0,10,120
07/27/2007,LRD,TX,ASW,CE,Federal Contract Tower,21,34,47,10,112,0,0,34,7,41,21,34,81,17,153,22,0,22,175
07/28/2007,LRD,TX,ASW,CE,Federal Contract Tower,9,11,18,0,38,0,0,27,0,27,9,11,45,0,65,28,0,28,93
07/29/2007,LRD,TX,ASW,CE,Federal Contract Tower,7,21,25,0,53,0,0,13,0,13,7,21,38,0,66,0,0,0,66
07/30/2007,LRD,TX,ASW,CE,Federal Contract Tower,17,27,42,13,99,0,0,32,5,37,17,27,74,18,136,26,184,210,346
07/31/2007,LRD,TX,ASW,CE,Federal Contract Tower,16,30,28,9,83,0,4,38,15,57,16,34,66,24,140,14,16,30,170
08/01/2007,LRD,TX,ASW,CE,Federal Contract Tower,37,30,20,12,99,0,0,46,19,65,37,30,66,31,164,48,44,92,256
08/02/2007,LRD,TX,ASW,CE,Federal Contract Tower,14,37,42,34,127,0,0,18,18,36,14,37,60,52,163,2,102,104,267
08/03/2007,LRD,TX,ASW,CE,Federal Contract Tower,12,31,38,12,93,0,2,41,15,58,12,33,79,27,151,16,52,68,219
08/04/2007,LRD,TX,ASW,CE,Federal Contract Tower,4,12,5,0,21,0,0,19,2,21,4,12,24,2,42,0,0,0,42
08/05/2007,LRD,TX,ASW,CE,Federal Contract Tower,4,14,29,0,47,0,0,9,0,9,4,14,38,0,56,0,0,0,56
08/06/2007,LRD,TX,ASW,CE,Federal Contract Tower,13,25,38,16,92,0,0,36,14,50,13,25,74,30,142,18,22,40,182
08/07/2007,LRD,TX,ASW,CE,Federal Contract Tower,19,37,35,5,96,0,1,39,2,42,19,38,74,7,138,6,30,36,174
08/08/2007,LRD,TX,ASW,CE,Federal Contract Tower,17,39,30,14,100,0,0,53,5,58,17,39,83,19,158,2,108,110,268
08/09/2007,LRD,TX,ASW,CE,Federal Contract Tower,14,41,36,15,106,0,0,29,10,39,14,41,65,25,145,6,94,100,245
08/10/2007,LRD,TX,ASW,CE,Federal Contract Tower,13,29,29,4,75,0,0,42,7,49,13,29,71,11,124,16,30,46,170
08/11/2007,LRD,TX,ASW,CE,Federal Contract Tower,9,15,17,9,50,0,0,21,3,24,9,15,38,12,74,14,0,14,88
08/12/2007,LRD,TX,ASW,CE,Federal Contract Tower,0,14,15,0,29,0,0,22,3,25,0,14,37,3,54,0,0,0,54
08/13/2007,LRD,TX,ASW,CE,Federal Contract Tower,9,29,27,14,79,0,0,26,6,32,9,29,53,20,111,8,106,114,225
08/14/2007,LRD,TX,ASW,CE,Federal Contract Tower,14,33,29,12,88,0,0,27,6,33,14,33,56,18,121,0,38,38,159
08/15/2007,LRD,TX,ASW,CE,Federal Contract Tower,17,32,48,2,99,0,0,28,3,31,17,32,76,5,130,2,42,44,174
08/16/2007,LRD,TX,ASW,CE,Federal Contract Tower,15,38,40,2,95,0,0,24,6,30,15,38,64,8,125,10,8,18,143
08/17/2007,LRD,TX,ASW,CE,Federal Contract Tower,17,41,28,34,120,0,0,28,7,35,17,41,56,41,155,10,222,232,387
08/18/2007,LRD,TX,ASW,CE,Federal Contract Tower,8,13,24,0,45,0,0,20,9,29,8,13,44,9,74,8,6,14,88
08/19/2007,LRD,TX,ASW,CE,Federal Contract Tower,2,18,30,8,58,0,0,16,0,16,2,18,46,8,74,10,0,10,84
08/20/2007,LRD,TX,ASW,CE,Federal Contract Tower,11,39,25,12,87,0,0,30,4,34,11,39,55,16,121,0,94,94,215
08/21/2007,LRD,TX,ASW,CE,Federal Contract Tower,15,29,26,4,74,0,0,14,8,22,15,29,40,12,96,30,26,56,152
08/22/2007,LRD,TX,ASW,CE,Federal Contract Tower,15,50,39,0,104,0,0,6,0,6,15,50,45,0,110,0,0,0,110
08/23/2007,LRD,TX,ASW,CE,Federal Contract Tower,11,25,34,2,72,0,0,27,12,39,11,25,61,14,111,2,0,2,113
08/24/2007,LRD,TX,ASW,CE,Federal Contract Tower,16,34,19,2,71,0,1,37,4,42,16,35,56,6,113,2,0,2,115
08/25/2007,LRD,TX,ASW,CE,Federal Contract Tower,7,25,22,0,54,0,0,20,6,26,7,25,42,6,80,0,0,0,80
08/26/2007,LRD,TX,ASW,CE,Federal Contract Tower,2,15,17,6,40,0,0,11,0,11,2,15,28,6,51,0,0,0,51
08/27/2007,LRD,TX,ASW,CE,Federal Contract Tower,11,28,22,0,61,0,0,21,0,21,11,28,43,0,82,0,0,0,82
08/28/2007,LRD,TX,ASW,CE,Federal Contract Tower,11,34,45,8,98,0,0,20,8,28,11,34,65,16,126,0,28,28,154
08/29/2007,LRD,TX,ASW,CE,Federal Contract Tower,14,56,38,6,114,0,0,25,17,42,14,56,63,23,156,30,0,30,186
08/30/2007,LRD,TX,ASW,CE,Federal Contract Tower,13,34,28,4,79,0,0,25,11,36,13,34,53,15,115,2,0,2,117
08/31/2007,LRD,TX,ASW,CE,Federal Contract Tower,13,27,33,4,77,0,0,18,7,25,13,27,51,11,102,10,60,70,172
09/01/2007,LRD,TX,ASW,CE,Federal Contract Tower,4,11,11,0,26,0,0,11,6,17,4,11,22,6,43,0,0,0,43
09/02/2007,LRD,TX,ASW,CE,Federal Contract Tower,0,11,12,0,23,0,0,6,0,6,0,11,18,0,29,0,0,0,29
09/03/2007,LRD,TX,ASW,CE,Federal Contract Tower,4,28,26,5,63,0,0,4,3,7,4,28,30,8,70,2,0,2,72
09/04/2007,LRD,TX,ASW,CE,Federal Contract Tower,6,35,21,4,66,0,0,14,9,23,6,35,35,13,89,0,6,6,95
09/05/2007,LRD,TX,ASW,CE,Federal Contract Tower,18,30,29,14,91,0,0,17,8,25,18,30,46,22,116,0,24,24,140
09/06/2007,LRD,TX,ASW,CE,Federal Contract Tower,18,29,43,8,98,0,0,23,12,35,18,29,66,20,133,4,6,10,143
09/07/2007,LRD,TX,ASW,CE,Federal Contract Tower,11,39,21,15,86,0,1,36,10,47,11,40,57,25,133,20,52,72,205
09/08/2007,LRD,TX,ASW,CE,Federal Contract Tower,6,10,15,0,31,0,0,15,3,18,6,10,30,3,49,0,8,8,57
09/09/2007,LRD,TX,ASW,CE,Federal Contract Tower,2,17,21,1,41,0,0,15,1,16,2,17,36,2,57,0,4,4,61
09/10/2007,LRD,TX,ASW,CE,Federal Contract Tower,9,23,44,35,111,0,0,18,5,23,9,23,62,40,134,2,228,230,364
09/11/2007,LRD,TX,ASW,CE,Federal Contract Tower,13,38,47,10,108,0,0,23,10,33,13,38,70,20,141,38,102,140,281
09/12/2007,LRD,TX,ASW,CE,Federal Contract Tower,10,38,32,30,110,0,0,29,7,36,10,38,61,37,146,26,86,112,258
09/13/2007,LRD,TX,ASW,CE,Federal Contract Tower,12,32,41,6,91,0,0,26,2,28,12,32,67,8,119,0,162,162,281
09/14/2007,LRD,TX,ASW,CE,Federal Contract Tower,18,30,42,2,92,0,0,40,8,48,18,30,82,10,140,4,8,12,152
09/15/2007,LRD,TX,ASW,CE,Federal Contract Tower,4,9,14,0,27,0,0,27,4,31,4,9,41,4,58,38,0,38,96
09/16/2007,LRD,TX,ASW,CE,Federal Contract Tower,3,21,22,0,46,0,0,19,0,19,3,21,41,0,65,8,0,8,73
09/17/2007,LRD,TX,ASW,CE,Federal Contract Tower,11,25,36,10,82,0,0,36,6,42,11,25,72,16,124,2,34,36,160
09/18/2007,LRD,TX,ASW,CE,Federal Contract Tower,16,23,38,8,85,0,1,32,7,40,16,24,70,15,125,4,62,66,191
09/19/2007,LRD,TX,ASW,CE,Federal Contract Tower,19,39,39,21,118,0,0,42,10,52,19,39,81,31,170,4,140,144,314
09/20/2007,LRD,TX,ASW,CE,Federal Contract Tower,11,34,40,10,95,0,0,34,6,40,11,34,74,16,135,0,100,100,235
09/21/2007,LRD,TX,ASW,CE,Federal Contract Tower,13,25,45,5,88,0,2,52,8,62,13,27,97,13,150,52,40,92,242
09/22/2007,LRD,TX,ASW,CE,Federal Contract Tower,4,15,15,0,34,0,0,23,6,29,4,15,38,6,63,0,0,0,63
09/23/2007,LRD,TX,ASW,CE,Federal Contract Tower,0,20,17,6,43,0,0,16,0,16,0,20,33,6,59,0,0,0,59
09/24/2007,LRD,TX,ASW,CE,Federal Contract Tower,18,35,31,8,92,0,0,24,2,26,18,35,55,10,118,8,60,68,186
09/25/2007,LRD,TX,ASW,CE,Federal Contract Tower,14,35,37,13,99,0,0,27,9,36,14,35,64,22,135,4,102,106,241
09/26/2007,LRD,TX,ASW,CE,Federal Contract Tower,17,33,46,7,103,0,0,52,10,62,17,33,98,17,165,4,18,22,187
09/27/2007,LRD,TX,ASW,CE,Federal Contract Tower,16,33,45,4,98,0,0,50,11,61,16,33,95,15,159,26,30,56,215
09/28/2007,LRD,TX,ASW,CE,Federal Contract Tower,17,32,44,0,93,0,0,47,7,54,17,32,91,7,147,6,0,6,153
09/29/2007,LRD,TX,ASW,CE,Federal Contract Tower,11,14,19,0,44,0,0,10,3,13,11,14,29,3,57,0,0,0,57
09/30/2007,LRD,TX,ASW,CE,Federal Contract Tower,4,20,28,4,56,0,0,16,0,16,4,20,44,4,72,4,0,4,76
10/01/2007,LRD,TX,ASW,CE,Federal Contract Tower,11,27,26,9,73,0,0,25,0,25,11,27,51,9,98,0,52,52,150
10/02/2007,LRD,TX,ASW,CE,Federal Contract Tower,13,30,41,20,104,0,0,33,15,48,13,30,74,35,152,62,30,92,244
10/03/2007,LRD,TX,ASW,CE,Federal Contract Tower,16,37,30,25,108,0,0,41,10,51,16,37,71,35,159,0,58,58,217
10/04/2007,LRD,TX,ASW,CE,Federal Contract Tower,14,33,28,8,83,0,0,47,10,57,14,33,75,18,140,4,142,146,286
10/05/2007,LRD,TX,ASW,CE,Federal Contract Tower,12,37,54,4,107,0,0,42,11,53,12,37,96,15,160,0,30,30,190
10/06/2007,LRD,TX,ASW,CE,Federal Contract Tower,4,9,14,0,27,0,0,23,6,29,4,9,37,6,56,6,0,6,62
10/07/2007,LRD,TX,ASW,CE,Federal Contract Tower,4,17,21,9,51,0,0,15,3,18,4,17,36,12,69,0,20,20,89
10/08/2007,LRD,TX,ASW,CE,Federal Contract Tower,7,25,41,2,75,0,0,30,0,30,7,25,71,2,105,16,0,16,121
10/09/2007,LRD,TX,ASW,CE,Federal Contract Tower,13,29,30,8,80,0,0,19,10,29,13,29,49,18,109,10,0,10,119
10/10/2007,LRD,TX,ASW,CE,Federal Contract Tower,12,29,34,12,87,0,0,35,5,40,12,29,69,17,127,14,100,114,241
10/11/2007,LRD,TX,ASW,CE,Federal Contract Tower,9,25,40,21,95,0,0,37,8,45,9,25,77,29,140,36,32,68,208
10/12/2007,LRD,TX,ASW,CE,Federal Contract Tower,16,25,36,16,93,0,0,32,6,38,16,25,68,22,131,0,198,198,329
10/13/2007,LRD,TX,ASW,CE,Federal Contract Tower,4,12,19,0,35,0,0,27,4,31,4,12,46,4,66,22,2,24,90
10/14/2007,LRD,TX,ASW,CE,Federal Contract Tower,1,11,35,0,47,0,0,11,0,11,1,11,46,0,58,0,0,0,58
10/15/2007,LRD,TX,ASW,CE,Federal Contract Tower,14,32,40,12,98,0,0,23,0,23,14,32,63,12,121,0,10,10,131
10/16/2007,LRD,TX,ASW,CE,Federal Contract Tower,22,30,31,29,112,0,0,11,7,18,22,30,42,36,130,0,18,18,148
10/17/2007,LRD,TX,ASW,CE,Federal Contract Tower,17,39,45,31,132,0,0,42,9,51,17,39,87,40,183,12,194,206,389
10/18/2007,LRD,TX,ASW,CE,Federal Contract Tower,16,37,40,16,109,0,0,33,12,45,16,37,73,28,154,4,52,56,210
10/19/2007,LRD,TX,ASW,CE,Federal Contract Tower,25,31,41,11,108,0,0,44,6,50,25,31,85,17,158,0,18,18,176
10/20/2007,LRD,TX,ASW,CE,Federal Contract Tower,5,15,13,2,35,0,0,38,5,43,5,15,51,7,78,10,0,10,88
10/21/2007,LRD,TX,ASW,CE,Federal Contract Tower,1,15,23,0,39,0,1,15,0,16,1,16,38,0,55,4,0,4,59
10/22/2007,LRD,TX,ASW,CE,Federal Contract Tower,15,36,27,0,78,0,0,12,0,12,15,36,39,0,90,0,0,0,90
10/23/2007,LRD,TX,ASW,CE,Federal Contract Tower,19,44,34,16,113,0,0,38,13,51,19,44,72,29,164,2,48,50,214
10/24/2007,LRD,TX,ASW,CE,Federal Contract Tower,25,32,48,30,135,0,0,30,8,38,25,32,78,38,173,14,184,198,371
10/25/2007,LRD,TX,ASW,CE,Federal Contract Tower,22,40,38,21,121,0,0,37,4,41,22,40,75,25,162,16,128,144,306
10/26/2007,LRD,TX,ASW,CE,Federal Contract Tower,19,25,45,0,89,0,0,39,7,46,19,25,84,7,135,4,0,4,139
10/27/2007,LRD,TX,ASW,CE,Federal Contract Tower,5,8,9,0,22,0,0,26,6,32,5,8,35,6,54,34,0,34,88
10/28/2007,LRD,TX,ASW,CE,Federal Contract Tower,3,10,16,0,29,0,0,30,0,30,3,10,46,0,59,6,0,6,65
10/29/2007,LRD,TX,ASW,CE,Federal Contract Tower,20,26,26,12,84,0,0,49,0,49,20,26,75,12,133,10,54,64,197
10/30/2007,LRD,TX,ASW,CE,Federal Contract Tower,25,30,37,2,94,0,0,60,10,70,25,30,97,12,164,26,0,26,190
10/31/2007,LRD,TX,ASW,CE,Federal Contract Tower,21,29,30,2,82,0,0,56,9,65,21,29,86,11,147,78,2,80,227
11/01/2007,LRD,TX,ASW,CE,Federal Contract Tower,17,34,59,6,116,0,0,46,9,55,17,34,105,15,171,162,10,172,343
11/02/2007,LRD,TX,ASW,CE,Federal Contract Tower,16,24,48,17,105,0,0,50,6,56,16,24,98,23,161,106,24,130,291
11/03/2007,LRD,TX,ASW,CE,Federal Contract Tower,4,12,14,0,30,0,0,21,7,28,4,12,35,7,58,4,0,4,62
11/04/2007,LRD,TX,ASW,CE,Federal Contract Tower,0,14,23,0,37,0,0,10,0,10,0,14,33,0,47,8,0,8,55
11/05/2007,LRD,TX,ASW,CE,Federal Contract Tower,13,23,44,13,93,0,0,15,6,21,13,23,59,19,114,2,26,28,142
11/06/2007,LRD,TX,ASW,CE,Federal Contract Tower,19,25,46,9,99,0,0,29,15,44,19,25,75,24,143,54,0,54,197
11/07/2007,LRD,TX,ASW,CE,Federal Contract Tower,14,34,32,17,97,0,0,29,6,35,14,34,61,23,132,72,62,134,266
11/08/2007,LRD,TX,ASW,CE,Federal Contract Tower,17,28,48,8,101,0,0,34,11,45,17,28,82,19,146,58,4,62,208
11/09/2007,LRD,TX,ASW,CE,Federal Contract Tower,15,33,34,10,92,0,0,46,10,56,15,33,80,20,148,42,58,100,248
11/10/2007,LRD,TX,ASW,CE,Federal Contract Tower,8,8,12,0,28,0,0,24,6,30,8,8,36,6,58,40,0,40,98
11/11/2007,LRD,TX,ASW,CE,Federal Contract Tower,2,15,24,2,43,0,0,15,2,17,2,15,39,4,60,10,0,10,70
11/12/2007,LRD,TX,ASW,CE,Federal Contract Tower,10,25,23,4,62,0,0,26,2,28,10,25,49,6,90,108,0,108,198
11/13/2007,LRD,TX,ASW,CE,Federal Contract Tower,14,34,40,0,88,0,0,24,13,37,14,34,64,13,125,60,0,60,185
11/14/2007,LRD,TX,ASW,CE,Federal Contract Tower,15,30,57,14,116,0,0,36,9,45,15,30,93,23,161,64,110,174,335
11/15/2007,LRD,TX,ASW,CE,Federal Contract Tower,16,30,56,4,106,0,0,36,9,45,16,30,92,13,151,20,24,44,195
11/16/2007,LRD,TX,ASW,CE,Federal Contract Tower,12,27,58,17,114,0,0,42,10,52,12,27,100,27,166,0,186,186,352
11/17/2007,LRD,TX,ASW,CE,Federal Contract Tower,7,14,45,6,72,0,0,11,0,11,7,14,56,6,83,0,0,0,83
11/18/2007,LRD,TX,ASW,CE,Federal Contract Tower,0,15,29,2,46,0,0,13,4,17,0,15,42,6,63,0,0,0,63
11/19/2007,LRD,TX,ASW,CE,Federal Contract Tower,11,23,40,3,77,0,0,26,3,29,11,23,66,6,106,88,0,88,194
11/20/2007,LRD,TX,ASW,CE,Federal Contract Tower,17,29,55,16,117,0,0,33,12,45,17,29,88,28,162,48,0,48,210
11/21/2007,LRD,TX,ASW,CE,Federal Contract Tower,12,38,36,6,92,0,0,31,11,42,12,38,67,17,134,66,24,90,224
11/22/2007,LRD,TX,ASW,CE,Federal Contract Tower,3,14,33,0,50,0,0,11,6,17,3,14,44,6,67,4,0,4,71
11/23/2007,LRD,TX,ASW,CE,Federal Contract Tower,15,12,20,0,47,0,0,8,4,12,15,12,28,4,59,32,0,32,91
11/24/2007,LRD,TX,ASW,CE,Federal Contract Tower,6,16,49,0,71,0,0,0,0,0,6,16,49,0,71,0,0,0,71
11/25/2007,LRD,TX,ASW,CE,Federal Contract Tower,0,23,47,0,70,0,0,8,0,8,0,23,55,0,78,0,0,0,78
11/26/2007,LRD,TX,ASW,CE,Federal Contract Tower,11,21,37,5,74,0,0,45,6,51,11,21,82,11,125,10,40,50,175
11/27/2007,LRD,TX,ASW,CE,Federal Contract Tower,13,34,36,9,92,0,0,27,19,46,13,34,63,28,138,6,80,86,224
11/28/2007,LRD,TX,ASW,CE,Federal Contract Tower,16,32,45,7,100,0,0,51,7,58,16,32,96,14,158,34,36,70,228
11/29/2007,LRD,TX,ASW,CE,Federal Contract Tower,17,34,54,0,105,0,0,17,4,21,17,34,71,4,126,4,2,6,132
11/30/2007,LRD,TX,ASW,CE,Federal Contract Tower,18,24,50,0,92,0,0,8,4,12,18,24,58,4,104,0,0,0,104
12/01/2007,LRD,TX,ASW,CE,Federal Contract Tower,3,17,19,6,45,0,0,7,5,12,3,17,26,11,57,0,36,36,93
12/02/2007,LRD,TX,ASW,CE,Federal Contract Tower,0,13,32,2,47,0,0,19,6,25,0,13,51,8,72,14,0,14,86
12/03/2007,LRD,TX,ASW,CE,Federal Contract Tower,14,27,26,4,71,0,0,40,8,48,14,27,66,12,119,96,0,96,215
12/04/2007,LRD,TX,ASW,CE,Federal Contract Tower,17,30,39,12,98,0,0,38,13,51,17,30,77,25,149,34,140,174,323
12/05/2007,LRD,TX,ASW,CE,Federal Contract Tower,15,27,35,24,101,0,0,53,2,55,15,27,88,26,156,8,116,124,280
12/06/2007,LRD,TX,ASW,CE,Federal Contract Tower,10,38,50,8,106,0,0,25,6,31,10,38,75,14,137,36,8,44,181
12/07/2007,LRD,TX,ASW,CE,Federal Contract Tower,13,35,40,12,100,0,0,35,13,48,13,35,75,25,148,12,18,30,178
12/08/2007,LRD,TX,ASW,CE,Federal Contract Tower,7,20,24,0,51,0,0,15,5,20,7,20,39,5,71,14,0,14,85
12/09/2007,LRD,TX,ASW,CE,Federal Contract Tower,0,19,35,8,62,0,0,18,0,18,0,19,53,8,80,22,0,22,102
12/10/2007,LRD,TX,ASW,CE,Federal Contract Tower,14,26,37,4,81,0,0,19,4,23,14,26,56,8,104,0,0,0,104
12/11/2007,LRD,TX,ASW,CE,Federal Contract Tower,14,38,47,22,121,0,0,21,18,39,14,38,68,40,160,22,140,162,322
12/12/2007,LRD,TX,ASW,CE,Federal Contract Tower,23,36,47,6,112,0,0,0,0,0,23,36,47,6,112,0,0,0,112
12/13/2007,LRD,TX,ASW,CE,Federal Contract Tower,10,29,46,10,95,0,0,22,8,30,10,29,68,18,125,6,96,102,227
12/14/2007,LRD,TX,ASW,CE,Federal Contract Tower,18,40,51,18,127,0,0,4,5,9,18,40,55,23,136,2,0,2,138
12/15/2007,LRD,TX,ASW,CE,Federal Contract Tower,3,17,17,0,37,0,0,8,0,8,3,17,25,0,45,2,0,2,47
12/16/2007,LRD,TX,ASW,CE,Federal Contract Tower,3,17,31,6,57,0,0,27,2,29,3,17,58,8,86,26,6,32,118
12/17/2007,LRD,TX,ASW,CE,Federal Contract Tower,15,36,43,16,110,0,0,45,3,48,15,36,88,19,158,60,26,86,244
12/18/2007,LRD,TX,ASW,CE,Federal Contract Tower,15,48,51,9,123,0,0,55,6,61,15,48,106,15,184,58,90,148,332
12/19/2007,LRD,TX,ASW,CE,Federal Contract Tower,17,44,53,0,114,0,0,28,7,35,17,44,81,7,149,6,4,10,159
12/20/2007,LRD,TX,ASW,CE,Federal Contract Tower,10,43,46,14,113,0,2,39,12,53,10,45,85,26,166,44,90,134,300
12/21/2007,LRD,TX,ASW,CE,Federal Contract Tower,13,42,56,1,112,0,0,41,8,49,13,42,97,9,161,2,34,36,197
12/22/2007,LRD,TX,ASW,CE,Federal Contract Tower,5,19,25,0,49,0,2,22,9,33,5,21,47,9,82,0,0,0,82
12/23/2007,LRD,TX,ASW,CE,Federal Contract Tower,0,17,25,0,42,0,0,21,0,21,0,17,46,0,63,0,0,0,63
12/24/2007,LRD,TX,ASW,CE,Federal Contract Tower,5,14,9,0,28,0,0,11,0,11,5,14,20,0,39,0,0,0,39
12/25/2007,LRD,TX,ASW,CE,Federal Contract Tower,0,14,23,0,37,0,0,12,0,12,0,14,35,0,49,0,0,0,49
12/26/2007,LRD,TX,ASW,CE,Federal Contract Tower,10,27,63,2,102,0,0,31,5,36,10,27,94,7,138,0,0,0,138
12/27/2007,LRD,TX,ASW,CE,Federal Contract Tower,10,38,35,0,83,0,0,35,8,43,10,38,70,8,126,0,0,0,126
12/28/2007,LRD,TX,ASW,CE,Federal Contract Tower,10,32,31,0,73,0,0,32,12,44,10,32,63,12,117,48,2,50,167
12/29/2007,LRD,TX,ASW,CE,Federal Contract Tower,5,16,17,0,38,0,0,22,5,27,5,16,39,5,65,0,0,0,65
12/30/2007,LRD,TX,ASW,CE,Federal Contract Tower,2,20,31,0,53,0,0,14,0,14,2,20,45,0,67,10,0,10,77
12/31/2007,LRD,TX,ASW,CE,Federal Contract Tower,5,12,7,0,24,0,0,21,1,22,5,12,28,1,46,0,0,0,46
01/01/2008,LRD,TX,ASW,CE,Federal Contract Tower,0,16,16,0,32,0,0,21,0,21,0,16,37,0,53,0,0,0,53
01/02/2008,LRD,TX,ASW,CE,Federal Contract Tower,12,22,48,0,82,0,0,27,8,35,12,22,75,8,117,2,0,2,119
01/03/2008,LRD,TX,ASW,CE,Federal Contract Tower,12,34,32,12,90,0,0,25,9,34,12,34,57,21,124,6,64,70,194
01/04/2008,LRD,TX,ASW,CE,Federal Contract Tower,15,25,44,17,101,0,0,13,9,22,15,25,57,26,123,0,86,86,209
01/05/2008,LRD,TX,ASW,CE,Federal Contract Tower,4,15,31,0,50,0,0,23,6,29,4,15,54,6,79,2,0,2,81
01/06/2008,LRD,TX,ASW,CE,Federal Contract Tower,0,18,35,4,57,0,0,38,6,44,0,18,73,10,101,8,0,8,109
01/07/2008,LRD,TX,ASW,CE,Federal Contract Tower,12,23,48,8,91,0,0,34,0,34,12,23,82,8,125,46,88,134,259
01/08/2008,LRD,TX,ASW,CE,Federal Contract Tower,10,35,71,10,126,0,0,0,4,4,10,35,71,14,130,44,0,44,174
01/09/2008,LRD,TX,ASW,CE,Federal Contract Tower,15,24,40,16,95,0,0,46,7,53,15,24,86,23,148,30,54,84,232
01/10/2008,LRD,TX,ASW,CE,Federal Contract Tower,14,31,52,0,97,0,0,29,12,41,14,31,81,12,138,16,0,16,154
01/11/2008,LRD,TX,ASW,CE,Federal Contract Tower,14,20,35,17,86,0,0,33,11,44,14,20,68,28,130,22,48,70,200
01/12/2008,LRD,TX,ASW,CE,Federal Contract Tower,4,10,27,2,43,0,0,20,10,30,4,10,47,12,73,2,4,6,79
01/13/2008,LRD,TX,ASW,CE,Federal Contract Tower,0,15,40,3,58,0,0,15,2,17,0,15,55,5,75,0,0,0,75
01/14/2008,LRD,TX,ASW,CE,Federal Contract Tower,11,28,27,3,69,0,0,25,1,26,11,28,52,4,95,0,20,20,115
01/15/2008,LRD,TX,ASW,CE,Federal Contract Tower,14,32,31,7,84,0,0,15,2,17,14,32,46,9,101,0,0,0,101
01/16/2008,LRD,TX,ASW,CE,Federal Contract Tower,14,29,30,14,87,0,0,18,19,37,14,29,48,33,124,10,0,10,134
01/17/2008,LRD,TX,ASW,CE,Federal Contract Tower,15,30,53,8,106,0,0,15,8,23,15,30,68,16,129,40,2,42,171
01/18/2008,LRD,TX,ASW,CE,Federal Contract Tower,17,34,53,3,107,0,0,5,2,7,17,34,58,5,114,8,0,8,122
01/19/2008,LRD,TX,ASW,CE,Federal Contract Tower,5,12,26,0,43,0,0,25,5,30,5,12,51,5,73,8,2,10,83
01/20/2008,LRD,TX,ASW,CE,Federal Contract Tower,0,13,26,0,39,0,0,14,2,16,0,13,40,2,55,2,0,2,57
01/21/2008,LRD,TX,ASW,CE,Federal Contract Tower,8,31,35,0,74,0,1,14,1,16,8,32,49,1,90,14,0,14,104
01/22/2008,LRD,TX,ASW,CE,Federal Contract Tower,17,21,35,34,107,0,0,16,11,27,17,21,51,45,134,12,198,210,344
01/23/2008,LRD,TX,ASW,CE,Federal Contract Tower,13,17,54,0,84,0,0,0,0,0,13,17,54,0,84,0,0,0,84
01/24/2008,LRD,TX,ASW,CE,Federal Contract Tower,18,30,47,8,103,0,0,0,0,0,18,30,47,8,103,0,0,0,103
01/25/2008,LRD,TX,ASW,CE,Federal Contract Tower,14,23,41,10,88,0,0,0,0,0,14,23,41,10,88,0,0,0,88
01/26/2008,LRD,TX,ASW,CE,Federal Contract Tower,4,14,18,0,36,0,0,30,4,34,4,14,48,4,70,38,0,38,108
01/27/2008,LRD,TX,ASW,CE,Federal Contract Tower,0,22,19,0,41,0,0,23,0,23,0,22,42,0,64,0,0,0,64
01/28/2008,LRD,TX,ASW,CE,Federal Contract Tower,10,19,22,13,64,0,0,22,3,25,10,19,44,16,89,0,30,30,119
01/29/2008,LRD,TX,ASW,CE,Federal Contract Tower,11,29,32,40,112,0,0,36,10,46,11,29,68,50,158,36,140,176,334
01/30/2008,LRD,TX,ASW,CE,Federal Contract Tower,12,31,33,12,88,0,0,35,5,40,12,31,68,17,128,10,144,154,282
01/31/2008,LRD,TX,ASW,CE,Federal Contract Tower,10,31,37,22,100,0,0,13,0,13,10,31,50,22,113,0,52,52,165
02/01/2008,LRD,TX,ASW,CE,Federal Contract Tower,14,30,46,2,92,0,0,42,6,48,14,30,88,8,140,0,0,0,140
02/02/2008,LRD,TX,ASW,CE,Federal Contract Tower,4,14,24,0,42,0,0,35,6,41,4,14,59,6,83,0,20,20,103
02/03/2008,LRD,TX,ASW,CE,Federal Contract Tower,0,13,29,0,42,0,0,21,0,21,0,13,50,0,63,0,0,0,63
02/04/2008,LRD,TX,ASW,CE,Federal Contract Tower,9,23,37,6,75,0,0,44,3,47,9,23,81,9,122,24,38,62,184
02/05/2008,LRD,TX,ASW,CE,Federal Contract Tower,12,26,44,13,95,0,0,28,5,33,12,26,72,18,128,16,86,102,230
02/06/2008,LRD,TX,ASW,CE,Federal Contract Tower,10,25,43,10,88,0,0,57,13,70,10,25,100,23,158,20,96,116,274
02/07/2008,LRD,TX,ASW,CE,Federal Contract Tower,12,24,44,7,87,0,0,35,26,61,12,24,79,33,148,20,68,88,236
02/08/2008,LRD,TX,ASW,CE,Federal Contract Tower,11,27,52,10,100,0,0,52,10,62,11,27,104,20,162,6,80,86,248
02/09/2008,LRD,TX,ASW,CE,Federal Contract Tower,7,15,31,0,53,0,0,20,7,27,7,15,51,7,80,6,0,6,86
02/10/2008,LRD,TX,ASW,CE,Federal Contract Tower,0,15,24,4,43,0,0,30,4,34,0,15,54,8,77,28,8,36,113
02/11/2008,LRD,TX,ASW,CE,Federal Contract Tower,15,17,38,0,70,0,0,18,3,21,15,17,56,3,91,8,0,8,99
02/12/2008,LRD,TX,ASW,CE,Federal Contract Tower,11,25,28,18,82,0,0,29,8,37,11,25,57,26,119,24,42,66,185
02/13/2008,LRD,TX,ASW,CE,Federal Contract Tower,13,25,37,12,87,0,0,34,18,52,13,25,71,30,139,54,72,126,265
02/14/2008,LRD,TX,ASW,CE,Federal Contract Tower,12,41,39,17,109,0,0,63,5,68,12,41,102,22,177,20,110,130,307
02/15/2008,LRD,TX,ASW,CE,Federal Contract Tower,15,24,41,14,94,0,0,27,6,33,15,24,68,20,127,8,238,246,373
02/16/2008,LRD,TX,ASW,CE,Federal Contract Tower,4,17,25,2,48,0,0,15,6,21,4,17,40,8,69,54,60,114,183
02/17/2008,LRD,TX,ASW,CE,Federal Contract Tower,1,16,15,5,37,0,0,55,9,64,1,16,70,14,101,238,106,344,445
02/18/2008,LRD,TX,ASW,CE,Federal Contract Tower,11,20,50,2,83,0,0,46,0,46,11,20,96,2,129,34,0,34,163
02/19/2008,LRD,TX,ASW,CE,Federal Contract Tower,15,24,52,12,103,0,0,33,8,41,15,24,85,20,144,18,70,88,232
02/20/2008,LRD,TX,ASW,CE,Federal Contract Tower,16,31,41,6,94,0,0,19,7,26,16,31,60,13,120,0,20,20,140
02/21/2008,LRD,TX,ASW,CE,Federal Contract Tower,14,33,57,15,119,0,0,38,13,51,14,33,95,28,170,10,22,32,202
02/22/2008,LRD,TX,ASW,CE,Federal Contract Tower,18,28,56,10,112,0,0,43,11,54,18,28,99,21,166,0,92,92,258
02/23/2008,LRD,TX,ASW,CE,Federal Contract Tower,6,14,29,8,57,0,0,34,7,41,6,14,63,15,98,0,2,2,100
02/24/2008,LRD,TX,ASW,CE,Federal Contract Tower,0,18,32,2,52,0,0,24,0,24,0,18,56,2,76,0,0,0,76
02/25/2008,LRD,TX,ASW,CE,Federal Contract Tower,13,25,39,18,95,0,0,35,1,36,13,25,74,19,131,178,56,234,365
02/26/2008,LRD,TX,ASW,CE,Federal Contract Tower,16,30,43,7,96,0,0,16,9,25,16,30,59,16,121,0,76,76,197
02/27/2008,LRD,TX,ASW,CE,Federal Contract Tower,17,32,41,6,96,0,0,51,19,70,17,32,92,25,166,0,70,70,236
02/28/2008,LRD,TX,ASW,CE,Federal Contract Tower,14,33,41,13,101,0,0,45,13,58,14,33,86,26,159,20,140,160,319
02/29/2008,LRD,TX,ASW,CE,Federal Contract Tower,20,30,36,10,96,0,1,32,7,40,20,31,68,17,136,0,120,120,256
03/01/2008,LRD,TX,ASW,CE,Federal Contract Tower,8,13,24,4,49,0,0,15,6,21,8,13,39,10,70,0,2,2,72
03/02/2008,LRD,TX,ASW,CE,Federal Contract Tower,3,21,32,0,56,0,0,9,0,9,3,21,41,0,65,0,0,0,65
03/03/2008,LRD,TX,ASW,CE,Federal Contract Tower,10,21,26,5,62,0,0,9,0,9,10,21,35,5,71,0,54,54,125
03/04/2008,LRD,TX,ASW,CE,Federal Contract Tower,12,26,31,9,78,0,0,37,12,49,12,26,68,21,127,2,84,86,213
03/05/2008,LRD,TX,ASW,CE,Federal Contract Tower,20,28,38,5,91,0,2,40,8,50,20,30,78,13,141,64,84,148,289
03/06/2008,LRD,TX,ASW,CE,Federal Contract Tower,17,21,36,13,87,0,0,23,10,33,17,21,59,23,120,48,62,110,230
03/07/2008,LRD,TX,ASW,CE,Federal Contract Tower,16,37,42,8,103,0,0,58,10,68,16,37,100,18,171,8,190,198,369
03/08/2008,LRD,TX,ASW,CE,Federal Contract Tower,6,14,20,0,40,0,0,36,5,41,6,14,56,5,81,8,0,8,89
03/09/2008,LRD,TX,ASW,CE,Federal Contract Tower,2,19,15,8,44,0,0,16,0,16,2,19,31,8,60,0,6,6,66
03/10/2008,LRD,TX,ASW,CE,Federal Contract Tower,16,23,36,7,82,0,1,24,5,30,16,24,60,12,112,0,0,0,112
03/11/2008,LRD,TX,ASW,CE,Federal Contract Tower,20,30,30,8,88,0,6,38,4,48,20,36,68,12,136,0,34,34,170
03/12/2008,LRD,TX,ASW,CE,Federal Contract Tower,19,36,37,34,126,0,0,47,12,59,19,36,84,46,185,0,134,134,319
03/13/2008,LRD,TX,ASW,CE,Federal Contract Tower,14,44,54,26,138,0,0,39,20,59,14,44,93,46,197,0,0,0,197
03/14/2008,LRD,TX,ASW,CE,Federal Contract Tower,18,29,50,12,109,0,1,36,7,44,18,30,86,19,153,34,6,40,193
03/15/2008,LRD,TX,ASW,CE,Federal Contract Tower,4,14,40,0,58,0,0,41,0,41,4,14,81,0,99,10,0,10,109
03/16/2008,LRD,TX,ASW,CE,Federal Contract Tower,3,19,36,0,58,0,0,17,0,17,3,19,53,0,75,0,0,0,75
03/17/2008,LRD,TX,ASW,CE,Federal Contract Tower,17,30,38,17,102,0,0,17,0,17,17,30,55,17,119,0,168,168,287
03/18/2008,LRD,TX,ASW,CE,Federal Contract Tower,18,11,41,7,77,0,0,21,0,21,18,11,62,7,98,0,84,84,182
03/19/2008,LRD,TX,ASW,CE,Federal Contract Tower,23,30,48,12,113,0,2,36,11,49,23,32,84,23,162,0,90,90,252
03/20/2008,LRD,TX,ASW,CE,Federal Contract Tower,19,26,37,8,90,0,0,59,13,72,19,26,96,21,162,18,26,44,206
03/21/2008,LRD,TX,ASW,CE,Federal Contract Tower,11,25,30,18,84,0,0,35,8,43,11,25,65,26,127,4,124,128,255
03/22/2008,LRD,TX,ASW,CE,Federal Contract Tower,4,20,34,0,58,0,0,12,6,18,4,20,46,6,76,16,0,16,92
03/23/2008,LRD,TX,ASW,CE,Federal Contract Tower,0,15,35,1,51,0,0,10,1,11,0,15,45,2,62,4,0,4,66
03/24/2008,LRD,TX,ASW,CE,Federal Contract Tower,17,23,41,16,97,0,0,57,4,61,17,23,98,20,158,4,76,80,238
03/25/2008,LRD,TX,ASW,CE,Federal Contract Tower,19,33,28,15,95,0,0,49,3,52,19,33,77,18,147,2,82,84,231
03/26/2008,LRD,TX,ASW,CE,Federal Contract Tower,18,22,53,17,110,0,0,34,9,43,18,22,87,26,153,0,20,20,173
03/27/2008,LRD,TX,ASW,CE,Federal Contract Tower,15,24,38,2,79,0,0,32,2,34,15,24,70,4,113,0,0,0,113
03/28/2008,LRD,TX,ASW,CE,Federal Contract Tower,13,23,53,28,117,0,0,23,6,29,13,23,76,34,146,2,80,82,228
03/29/2008,LRD,TX,ASW,CE,Federal Contract Tower,6,12,24,1,43,0,0,7,3,10,6,12,31,4,53,0,0,0,53
03/30/2008,LRD,TX,ASW,CE,Federal Contract Tower,6,16,45,6,73,0,0,12,0,12,6,16,57,6,85,0,0,0,85
03/31/2008,LRD,TX,ASW,CE,Federal Contract Tower,10,25,27,14,76,0,0,19,0,19,10,25,46,14,95,38,40,78,173
04/01/2008,LRD,TX,ASW,CE,Federal Contract Tower,14,20,38,4,76,0,0,31,9,40,14,20,69,13,116,38,0,38,154
04/02/2008,LRD,TX,ASW,CE,Federal Contract Tower,18,18,53,3,92,0,0,21,3,24,18,18,74,6,116,24,0,24,140
04/03/2008,LRD,TX,ASW,CE,Federal Contract Tower,8,26,43,2,79,0,0,30,2,32,8,26,73,4,111,14,14,28,139
04/04/2008,LRD,TX,ASW,CE,Federal Contract Tower,13,20,33,18,84,0,0,27,12,39,13,20,60,30,123,0,110,110,233
04/05/2008,LRD,TX,ASW,CE,Federal Contract Tower,4,15,14,6,39,0,0,25,6,31,4,15,39,12,70,8,0,8,78
04/06/2008,LRD,TX,ASW,CE,Federal Contract Tower,0,20,18,0,38,0,3,29,0,32,0,23,47,0,70,24,0,24,94
04/07/2008,LRD,TX,ASW,CE,Federal Contract Tower,8,22,30,11,71,0,0,39,1,40,8,22,69,12,111,0,36,36,147
04/08/2008,LRD,TX,ASW,CE,Federal Contract Tower,13,26,19,4,62,0,0,25,9,34,13,26,44,13,96,0,14,14,110
04/09/2008,LRD,TX,ASW,CE,Federal Contract Tower,16,28,39,20,103,0,0,20,9,29,16,28,59,29,132,44,20,64,196
04/10/2008,LRD,TX,ASW,CE,Federal Contract Tower,11,28,41,37,117,0,0,30,16,46,11,28,71,53,163,0,252,252,415
04/11/2008,LRD,TX,ASW,CE,Federal Contract Tower,10,24,40,20,94,0,0,15,9,24,10,24,55,29,118,0,122,122,240
04/12/2008,LRD,TX,ASW,CE,Federal Contract Tower,4,12,19,0,35,0,0,19,5,24,4,12,38,5,59,8,0,8,67
04/13/2008,LRD,TX,ASW,CE,Federal Contract Tower,0,16,25,4,45,0,0,13,0,13,0,16,38,4,58,2,0,2,60
04/14/2008,LRD,TX,ASW,CE,Federal Contract Tower,11,25,45,16,97,0,0,22,5,27,11,25,67,21,124,0,72,72,196
04/15/2008,LRD,TX,ASW,CE,Federal Contract Tower,12,28,48,8,96,0,0,31,7,38,12,28,79,15,134,0,114,114,248
04/16/2008,LRD,TX,ASW,CE,Federal Contract Tower,17,26,35,11,89,0,0,44,8,52,17,26,79,19,141,0,56,56,197
04/17/2008,LRD,TX,ASW,CE,Federal Contract Tower,10,30,40,11,91,0,0,61,3,64,10,30,101,14,155,6,152,158,313
04/18/2008,LRD,TX,ASW,CE,Federal Contract Tower,12,18,31,0,61,0,0,45,7,52,12,18,76,7,113,4,2,6,119
04/19/2008,LRD,TX,ASW,CE,Federal Contract Tower,4,11,9,0,24,0,0,36,4,40,4,11,45,4,64,0,0,0,64
04/20/2008,LRD,TX,ASW,CE,Federal Contract Tower,0,15,17,14,46,0,0,20,0,20,0,15,37,14,66,0,0,0,66
04/21/2008,LRD,TX,ASW,CE,Federal Contract Tower,12,17,33,18,80,0,0,30,0,30,12,17,63,18,110,2,4,6,116
04/22/2008,LRD,TX,ASW,CE,Federal Contract Tower,11,26,41,24,102,0,0,35,10,45,11,26,76,34,147,12,0,12,159
04/23/2008,LRD,TX,ASW,CE,Federal Contract Tower,12,25,46,12,95,0,1,26,7,34,12,26,72,19,129,8,16,24,153
04/24/2008,LRD,TX,ASW,CE,Federal Contract Tower,9,18,40,12,79,0,0,51,6,57,9,18,91,18,136,34,0,34,170
04/25/2008,LRD,TX,ASW,CE,Federal Contract Tower,11,14,52,2,79,0,0,31,6,37,11,14,83,8,116,6,0,6,122
04/26/2008,LRD,TX,ASW,CE,Federal Contract Tower,6,10,19,4,39,0,0,16,4,20,6,10,35,8,59,0,0,0,59
04/27/2008,LRD,TX,ASW,CE,Federal Contract Tower,1,16,27,0,44,0,0,5,0,5,1,16,32,0,49,0,0,0,49
04/28/2008,LRD,TX,ASW,CE,Federal Contract Tower,11,17,20,6,54,0,0,34,2,36,11,17,54,8,90,20,46,66,156
04/29/2008,LRD,TX,ASW,CE,Federal Contract Tower,14,25,26,27,92,0,0,48,8,56,14,25,74,35,148,10,72,82,230
04/30/2008,LRD,TX,ASW,CE,Federal Contract Tower,10,35,41,11,97,0,0,43,9,52,10,35,84,20,149,2,90,92,241
05/01/2008,LRD,TX,ASW,CE,Federal Contract Tower,15,26,32,18,91,0,0,51,9,60,15,26,83,27,151,0,32,32,183
05/02/2008,LRD,TX,ASW,CE,Federal Contract Tower,15,21,31,0,67,0,0,35,6,41,15,21,66,6,108,2,0,2,110
05/03/2008,LRD,TX,ASW,CE,Federal Contract Tower,5,11,20,2,38,0,0,17,7,24,5,11,37,9,62,0,0,0,62
05/04/2008,LRD,TX,ASW,CE,Federal Contract Tower,0,15,9,0,24,0,0,14,0,14,0,15,23,0,38,48,0,48,86
05/05/2008,LRD,TX,ASW,CE,Federal Contract Tower,8,25,22,2,57,0,0,21,0,21,8,25,43,2,78,120,0,120,198
05/06/2008,LRD,TX,ASW,CE,Federal Contract Tower,14,24,21,0,59,0,0,15,10,25,14,24,36,10,84,14,24,38,122
05/07/2008,LRD,TX,ASW,CE,Federal Contract Tower,13,23,34,21,91,0,0,45,9,54,13,23,79,30,145,20,370,390,535
05/08/2008,LRD,TX,ASW,CE,Federal Contract Tower,17,22,42,4,85,0,2,54,6,62,17,24,96,10,147,4,8,12,159
05/09/2008,LRD,TX,ASW,CE,Federal Contract Tower,11,17,41,1,70,0,0,39,6,45,11,17,80,7,115,2,0,2,117
05/10/2008,LRD,TX,ASW,CE,Federal Contract Tower,5,11,14,0,30,0,0,22,2,24,5,11,36,2,54,4,0,4,58
05/11/2008,LRD,TX,ASW,CE,Federal Contract Tower,0,12,21,2,35,0,0,1,0,1,0,12,22,2,36,0,0,0,36
05/12/2008,LRD,TX,ASW,CE,Federal Contract Tower,12,20,44,10,86,0,0,14,1,15,12,20,58,11,101,2,30,32,133
05/13/2008,LRD,TX,ASW,CE,Federal Contract Tower,8,30,24,8,70,0,0,29,11,40,8,30,53,19,110,6,88,94,204
05/14/2008,LRD,TX,ASW,CE,Federal Contract Tower,10,20,35,8,73,0,0,28,4,32,10,20,63,12,105,0,24,24,129
05/15/2008,LRD,TX,ASW,CE,Federal Contract Tower,15,23,45,4,87,0,0,23,8,31,15,23,68,12,118,0,46,46,164
05/16/2008,LRD,TX,ASW,CE,Federal Contract Tower,10,18,36,0,64,0,0,24,9,33,10,18,60,9,97,0,0,0,97
05/17/2008,LRD,TX,ASW,CE,Federal Contract Tower,4,9,15,0,28,0,0,21,6,27,4,9,36,6,55,4,0,4,59
05/18/2008,LRD,TX,ASW,CE,Federal Contract Tower,0,12,21,4,37,0,0,16,2,18,0,12,37,6,55,0,6,6,61
05/19/2008,LRD,TX,ASW,CE,Federal Contract Tower,11,34,34,6,85,0,0,47,6,53,11,34,81,12,138,2,74,76,214
05/20/2008,LRD,TX,ASW,CE,Federal Contract Tower,10,21,32,14,77,0,0,58,12,70,10,21,90,26,147,0,106,106,253
05/21/2008,LRD,TX,ASW,CE,Federal Contract Tower,13,22,35,5,75,0,0,32,8,40,13,22,67,13,115,0,52,52,167
05/22/2008,LRD,TX,ASW,CE,Federal Contract Tower,10,26,42,0,78,0,1,48,15,64,10,27,90,15,142,34,22,56,198
05/23/2008,LRD,TX,ASW,CE,Federal Contract Tower,9,25,33,16,83,0,0,32,8,40,9,25,65,24,123,2,56,58,181
05/24/2008,LRD,TX,ASW,CE,Federal Contract Tower,4,8,5,6,23,0,0,21,0,21,4,8,26,6,44,16,0,16,60
05/25/2008,LRD,TX,ASW,CE,Federal Contract Tower,0,10,12,0,22,0,0,6,0,6,0,10,18,0,28,4,0,4,32
05/26/2008,LRD,TX,ASW,CE,Federal Contract Tower,2,21,20,0,43,0,0,14,0,14,2,21,34,0,57,0,0,0,57
05/27/2008,LRD,TX,ASW,CE,Federal Contract Tower,7,22,39,6,74,0,0,26,10,36,7,22,65,16,110,0,24,24,134
05/28/2008,LRD,TX,ASW,CE,Federal Contract Tower,20,28,33,15,96,0,0,39,10,49,20,28,72,25,145,2,38,40,185
05/29/2008,LRD,TX,ASW,CE,Federal Contract Tower,14,21,38,10,83,0,0,32,8,40,14,21,70,18,123,0,20,20,143
05/30/2008,LRD,TX,ASW,CE,Federal Contract Tower,15,23,20,25,83,0,0,44,8,52,15,23,64,33,135,0,0,0,135
05/31/2008,LRD,TX,ASW,CE,Federal Contract Tower,7,11,10,0,28,0,0,28,8,36,7,11,38,8,64,0,0,0,64
06/01/2008,LRD,TX,ASW,CE,Federal Contract Tower,0,13,12,2,27,0,0,10,0,10,0,13,22,2,37,2,0,2,39
06/02/2008,LRD,TX,ASW,CE,Federal Contract Tower,8,30,22,10,70,0,0,27,4,31,8,30,49,14,101,0,124,124,225
06/03/2008,LRD,TX,ASW,CE,Federal Contract Tower,17,25,21,8,71,0,0,20,2,22,17,25,41,10,93,0,100,100,193
06/04/2008,LRD,TX,ASW,CE,Federal Contract Tower,16,30,32,22,100,0,0,21,0,21,16,30,53,22,121,6,82,88,209
06/05/2008,LRD,TX,ASW,CE,Federal Contract Tower,14,34,36,0,84,0,0,16,0,16,14,34,52,0,100,2,2,4,104
06/06/2008,LRD,TX,ASW,CE,Federal Contract Tower,15,30,35,10,90,0,0,22,0,22,15,30,57,10,112,4,114,118,230
06/07/2008,LRD,TX,ASW,CE,Federal Contract Tower,7,13,9,0,29,0,0,9,0,9,7,13,18,0,38,0,0,0,38
06/08/2008,LRD,TX,ASW,CE,Federal Contract Tower,0,15,16,0,31,0,0,11,0,11,0,15,27,0,42,0,0,0,42
06/09/2008,LRD,TX,ASW,CE,Federal Contract Tower,14,21,23,16,74,0,2,22,3,27,14,23,45,19,101,0,84,84,185
06/10/2008,LRD,TX,ASW,CE,Federal Contract Tower,17,26,32,4,79,0,0,31,5,36,17,26,63,9,115,0,80,80,195
06/11/2008,LRD,TX,ASW,CE,Federal Contract Tower,17,34,26,2,79,0,0,35,4,39,17,34,61,6,118,0,0,0,118
06/12/2008,LRD,TX,ASW,CE,Federal Contract Tower,19,25,24,6,74,0,0,39,2,41,19,25,63,8,115,10,4,14,129
06/13/2008,LRD,TX,ASW,CE,Federal Contract Tower,16,25,28,8,77,0,0,15,0,15,16,25,43,8,92,10,42,52,144
06/14/2008,LRD,TX,ASW,CE,Federal Contract Tower,4,11,12,0,27,0,0,29,0,29,4,11,41,0,56,2,0,2,58
06/15/2008,LRD,TX,ASW,CE,Federal Contract Tower,5,12,18,2,37,0,0,13,0,13,5,12,31,2,50,0,0,0,50
06/16/2008,LRD,TX,ASW,CE,Federal Contract Tower,7,21,29,4,61,0,0,24,2,26,7,21,53,6,87,10,72,82,169
06/17/2008,LRD,TX,ASW,CE,Federal Contract Tower,13,21,55,18,107,0,0,32,0,32,13,21,87,18,139,38,10,48,187
06/18/2008,LRD,TX,ASW,CE,Federal Contract Tower,16,27,32,8,83,0,0,48,4,52,16,27,80,12,135,6,38,44,179
06/19/2008,LRD,TX,ASW,CE,Federal Contract Tower,13,28,25,34,100,0,0,29,2,31,13,28,54,36,131,4,70,74,205
06/20/2008,LRD,TX,ASW,CE,Federal Contract Tower,15,20,38,4,77,0,0,46,1,47,15,20,84,5,124,30,2,32,156
06/21/2008,LRD,TX,ASW,CE,Federal Contract Tower,6,19,10,0,35,0,0,23,0,23,6,19,33,0,58,2,0,2,60
06/22/2008,LRD,TX,ASW,CE,Federal Contract Tower,2,18,9,0,29,0,0,20,0,20,2,18,29,0,49,0,0,0,49
06/23/2008,LRD,TX,ASW,CE,Federal Contract Tower,10,18,29,14,71,0,0,34,4,38,10,18,63,18,109,14,98,112,221
06/24/2008,LRD,TX,ASW,CE,Federal Contract Tower,14,26,32,19,91,0,0,29,4,33,14,26,61,23,124,20,124,144,268
06/25/2008,LRD,TX,ASW,CE,Federal Contract Tower,14,34,15,13,76,0,0,23,4,27,14,34,38,17,103,0,40,40,143
06/26/2008,LRD,TX,ASW,CE,Federal Contract Tower,19,36,26,0,81,0,0,26,0,26,19,36,52,0,107,2,6,8,115
06/27/2008,LRD,TX,ASW,CE,Federal Contract Tower,16,21,29,9,75,0,0,38,6,44,16,21,67,15,119,0,100,100,219
06/28/2008,LRD,TX,ASW,CE,Federal Contract Tower,7,12,9,4,32,0,0,15,0,15,7,12,24,4,47,0,0,0,47
06/29/2008,LRD,TX,ASW,CE,Federal Contract Tower,4,15,17,0,36,0,0,28,0,28,4,15,45,0,64,2,0,2,66
06/30/2008,LRD,TX,ASW,CE,Federal Contract Tower,11,20,30,28,89,0,0,25,6,31,11,20,55,34,120,2,160,162,282
07/01/2008,LRD,TX,ASW,CE,Federal Contract Tower,12,24,30,7,73,0,0,22,3,25,12,24,52,10,98,10,90,100,198
07/02/2008,LRD,TX,ASW,CE,Federal Contract Tower,19,21,30,2,72,0,0,16,0,16,19,21,46,2,88,6,0,6,94
07/03/2008,LRD,TX,ASW,CE,Federal Contract Tower,11,22,39,8,80,0,0,11,4,15,11,22,50,12,95,0,40,40,135
07/04/2008,LRD,TX,ASW,CE,Federal Contract Tower,5,15,8,0,28,0,0,10,0,10,5,15,18,0,38,2,0,2,40
07/05/2008,LRD,TX,ASW,CE,Federal Contract Tower,8,8,7,0,23,0,0,9,0,9,8,8,16,0,32,0,0,0,32
07/06/2008,LRD,TX,ASW,CE,Federal Contract Tower,0,15,11,0,26,0,0,4,0,4,0,15,15,0,30,0,0,0,30
07/07/2008,LRD,TX,ASW,CE,Federal Contract Tower,8,25,22,0,55,0,0,0,0,0,8,25,22,0,55,0,0,0,55
07/08/2008,LRD,TX,ASW,CE,Federal Contract Tower,11,23,25,10,69,0,0,8,1,9,11,23,33,11,78,0,0,0,78
07/09/2008,LRD,TX,ASW,CE,Federal Contract Tower,17,20,28,9,74,0,0,22,9,31,17,20,50,18,105,0,32,32,137
07/10/2008,LRD,TX,ASW,CE,Federal Contract Tower,9,21,24,8,62,0,0,23,8,31,9,21,47,16,93,2,2,4,97
07/11/2008,LRD,TX,ASW,CE,Federal Contract Tower,13,20,31,1,65,0,0,32,1,33,13,20,63,2,98,0,0,0,98
07/12/2008,LRD,TX,ASW,CE,Federal Contract Tower,9,10,22,0,41,0,0,16,0,16,9,10,38,0,57,0,0,0,57
07/13/2008,LRD,TX,ASW,CE,Federal Contract Tower,1,10,26,2,39,0,0,17,0,17,1,10,43,2,56,0,0,0,56
07/14/2008,LRD,TX,ASW,CE,Federal Contract Tower,11,23,30,22,86,0,0,21,0,21,11,23,51,22,107,4,6,10,117
07/15/2008,LRD,TX,ASW,CE,Federal Contract Tower,13,23,30,18,84,0,0,30,0,30,13,23,60,18,114,0,52,52,166
07/16/2008,LRD,TX,ASW,CE,Federal Contract Tower,16,22,22,33,93,2,0,30,8,40,18,22,52,41,133,0,46,46,179
07/17/2008,LRD,TX,ASW,CE,Federal Contract Tower,14,18,24,6,62,0,0,23,2,25,14,18,47,8,87,2,0,2,89
07/18/2008,LRD,TX,ASW,CE,Federal Contract Tower,16,22,15,0,53,0,0,30,4,34,16,22,45,4,87,0,4,4,91
07/19/2008,LRD,TX,ASW,CE,Federal Contract Tower,8,13,4,0,25,0,0,23,0,23,8,13,27,0,48,0,0,0,48
07/20/2008,LRD,TX,ASW,CE,Federal Contract Tower,2,15,16,0,33,0,0,12,0,12,2,15,28,0,45,0,0,0,45
07/21/2008,LRD,TX,ASW,CE,Federal Contract Tower,11,26,19,23,79,0,0,30,1,31,11,26,49,24,110,6,136,142,252
07/22/2008,LRD,TX,ASW,CE,Federal Contract Tower,13,23,21,4,61,0,0,49,0,49,13,23,70,4,110,0,120,120,230
07/23/2008,LRD,TX,ASW,CE,Federal Contract Tower,12,17,17,0,46,0,0,8,0,8,12,17,25,0,54,0,0,0,54
07/24/2008,LRD,TX,ASW,CE,Federal Contract Tower,6,11,8,0,25,0,0,3,0,3,6,11,11,0,28,0,0,0,28
07/25/2008,LRD,TX,ASW,CE,Federal Contract Tower,14,22,29,4,69,0,0,39,0,39,14,22,68,4,108,22,44,66,174
07/26/2008,LRD,TX,ASW,CE,Federal Contract Tower,8,11,13,0,32,0,0,32,0,32,8,11,45,0,64,0,0,0,64
07/27/2008,LRD,TX,ASW,CE,Federal Contract Tower,1,11,18,0,30,0,0,16,0,16,1,11,34,0,46,20,0,20,66
07/28/2008,LRD,TX,ASW,CE,Federal Contract Tower,13,16,27,9,65,0,0,35,2,37,13,16,62,11,102,6,88,94,196
07/29/2008,LRD,TX,ASW,CE,Federal Contract Tower,15,22,28,22,87,0,0,36,1,37,15,22,64,23,124,0,68,68,192
07/30/2008,LRD,TX,ASW,CE,Federal Contract Tower,22,27,24,41,114,0,0,32,7,39,22,27,56,48,153,0,92,92,245
07/31/2008,LRD,TX,ASW,CE,Federal Contract Tower,17,26,28,27,98,0,0,40,2,42,17,26,68,29,140,0,40,40,180
08/01/2008,LRD,TX,ASW,CE,Federal Contract Tower,18,19,30,12,79,0,2,38,0,40,18,21,68,12,119,18,32,50,169
08/02/2008,LRD,TX,ASW,CE,Federal Contract Tower,10,9,17,0,36,0,0,26,0,26,10,9,43,0,62,14,0,14,76
08/03/2008,LRD,TX,ASW,CE,Federal Contract Tower,3,12,17,5,37,0,0,16,1,17,3,12,33,6,54,0,0,0,54
08/04/2008,LRD,TX,ASW,CE,Federal Contract Tower,12,19,29,10,70,0,0,27,2,29,12,19,56,12,99,0,44,44,143
08/05/2008,LRD,TX,ASW,CE,Federal Contract Tower,12,18,17,23,70,0,0,21,0,21,12,18,38,23,91,0,282,282,373
08/06/2008,LRD,TX,ASW,CE,Federal Contract Tower,23,21,21,30,95,0,0,26,10,36,23,21,47,40,131,10,148,158,289
08/07/2008,LRD,TX,ASW,CE,Federal Contract Tower,15,24,18,22,79,0,0,46,5,51,15,24,64,27,130,12,88,100,230
08/08/2008,LRD,TX,ASW,CE,Federal Contract Tower,18,22,28,10,78,0,0,40,0,40,18,22,68,10,118,2,14,16,134
08/09/2008,LRD,TX,ASW,CE,Federal Contract Tower,9,10,3,2,24,0,0,29,0,29,9,10,32,2,53,18,10,28,81
08/10/2008,LRD,TX,ASW,CE,Federal Contract Tower,2,12,23,4,41,0,0,20,1,21,2,12,43,5,62,0,0,0,62
08/11/2008,LRD,TX,ASW,CE,Federal Contract Tower,16,20,29,12,77,0,0,51,14,65,16,20,80,26,142,0,100,100,242
08/12/2008,LRD,TX,ASW,CE,Federal Contract Tower,12,17,28,25,82,0,0,26,2,28,12,17,54,27,110,2,130,132,242
08/13/2008,LRD,TX,ASW,CE,Federal Contract Tower,19,25,23,21,88,0,0,32,14,46,19,25,55,35,134,2,164,166,300
08/14/2008,LRD,TX,ASW,CE,Federal Contract Tower,17,17,22,11,67,0,0,28,2,30,17,17,50,13,97,6,80,86,183
08/15/2008,LRD,TX,ASW,CE,Federal Contract Tower,11,16,16,3,46,0,0,31,1,32,11,16,47,4,78,0,36,36,114
08/16/2008,LRD,TX,ASW,CE,Federal Contract Tower,6,10,20,10,46,0,0,22,2,24,6,10,42,12,70,0,0,0,70
08/17/2008,LRD,TX,ASW,CE,Federal Contract Tower,1,10,14,0,25,0,0,2,0,2,1,10,16,0,27,0,0,0,27
08/18/2008,LRD,TX,ASW,CE,Federal Contract Tower,6,29,31,9,75,0,0,11,4,15,6,29,42,13,90,0,6,6,96
08/19/2008,LRD,TX,ASW,CE,Federal Contract Tower,12,20,30,0,62,0,0,18,8,26,12,20,48,8,88,16,0,16,104
08/20/2008,LRD,TX,ASW,CE,Federal Contract Tower,12,28,32,7,79,0,0,24,4,28,12,28,56,11,107,6,38,44,151
08/21/2008,LRD,TX,ASW,CE,Federal Contract Tower,12,25,40,7,84,0,0,26,4,30,12,25,66,11,114,0,0,0,114
08/22/2008,LRD,TX,ASW,CE,Federal Contract Tower,15,22,40,7,84,0,0,19,0,19,15,22,59,7,103,0,2,2,105
08/23/2008,LRD,TX,ASW,CE,Federal Contract Tower,4,11,9,0,24,0,0,5,0,5,4,11,14,0,29,2,0,2,31
08/24/2008,LRD,TX,ASW,CE,Federal Contract Tower,4,14,20,0,38,0,0,11,0,11,4,14,31,0,49,0,0,0,49
08/25/2008,LRD,TX,ASW,CE,Federal Contract Tower,10,20,31,8,69,0,0,39,0,39,10,20,70,8,108,2,4,6,114
08/26/2008,LRD,TX,ASW,CE,Federal Contract Tower,14,20,24,16,74,0,0,35,0,35,14,20,59,16,109,2,46,48,157
08/27/2008,LRD,TX,ASW,CE,Federal Contract Tower,14,30,28,2,74,0,0,12,7,19,14,30,40,9,93,0,32,32,125
08/28/2008,LRD,TX,ASW,CE,Federal Contract Tower,15,25,54,2,96,0,0,23,2,25,15,25,77,4,121,24,0,24,145
08/29/2008,LRD,TX,ASW,CE,Federal Contract Tower,18,19,25,0,62,0,0,17,0,17,18,19,42,0,79,12,0,12,91
08/30/2008,LRD,TX,ASW,CE,Federal Contract Tower,7,10,15,0,32,0,0,9,0,9,7,10,24,0,41,2,0,2,43
08/31/2008,LRD,TX,ASW,CE,Federal Contract Tower,0,13,9,0,22,0,0,5,0,5,0,13,14,0,27,0,0,0,27
09/01/2008,LRD,TX,ASW,CE,Federal Contract Tower,6,19,15,0,40,0,0,23,0,23,6,19,38,0,63,4,0,4,67
09/02/2008,LRD,TX,ASW,CE,Federal Contract Tower,9,32,20,18,79,0,1,37,0,38,9,33,57,18,117,0,118,118,235
09/03/2008,LRD,TX,ASW,CE,Federal Contract Tower,8,24,28,19,79,0,0,39,6,45,8,24,67,25,124,8,102,110,234
09/04/2008,LRD,TX,ASW,CE,Federal Contract Tower,14,28,20,10,72,0,0,47,6,53,14,28,67,16,125,4,50,54,179
09/05/2008,LRD,TX,ASW,CE,Federal Contract Tower,12,23,28,8,71,0,0,36,0,36,12,23,64,8,107,2,82,84,191
09/06/2008,LRD,TX,ASW,CE,Federal Contract Tower,6,11,20,0,37,0,0,26,0,26,6,11,46,0,63,0,0,0,63
09/07/2008,LRD,TX,ASW,CE,Federal Contract Tower,1,17,16,0,34,0,0,7,0,7,1,17,23,0,41,0,0,0,41
09/08/2008,LRD,TX,ASW,CE,Federal Contract Tower,9,18,25,10,62,0,0,10,0,10,9,18,35,10,72,2,20,22,94
09/09/2008,LRD,TX,ASW,CE,Federal Contract Tower,13,25,29,10,77,0,0,21,0,21,13,25,50,10,98,20,24,44,142
09/10/2008,LRD,TX,ASW,CE,Federal Contract Tower,11,23,38,10,82,0,1,17,14,32,11,24,55,24,114,0,2,2,116
09/11/2008,LRD,TX,ASW,CE,Federal Contract Tower,16,25,45,3,89,0,0,38,7,45,16,25,83,10,134,0,0,0,134
09/12/2008,LRD,TX,ASW,CE,Federal Contract Tower,17,15,43,20,95,0,0,21,23,44,17,15,64,43,139,0,116,116,255
09/13/2008,LRD,TX,ASW,CE,Federal Contract Tower,8,8,4,0,20,0,0,20,0,20,8,8,24,0,40,0,0,0,40
09/14/2008,LRD,TX,ASW,CE,Federal Contract Tower,0,11,7,0,18,0,0,17,9,26,0,11,24,9,44,58,0,58,102
09/15/2008,LRD,TX,ASW,CE,Federal Contract Tower,10,16,20,11,57,0,0,14,3,17,10,16,34,14,74,2,0,2,76
09/16/2008,LRD,TX,ASW,CE,Federal Contract Tower,22,22,25,12,81,0,0,27,0,27,22,22,52,12,108,12,22,34,142
09/17/2008,LRD,TX,ASW,CE,Federal Contract Tower,24,27,34,15,100,0,0,43,3,46,24,27,77,18,146,8,68,76,222
09/18/2008,LRD,TX,ASW,CE,Federal Contract Tower,16,29,31,19,95,0,0,25,5,30,16,29,56,24,125,2,104,106,231
09/19/2008,LRD,TX,ASW,CE,Federal Contract Tower,12,21,26,12,71,0,0,44,0,44,12,21,70,12,115,4,160,164,279
09/20/2008,LRD,TX,ASW,CE,Federal Contract Tower,4,10,10,2,26,0,0,30,0,30,4,10,40,2,56,18,0,18,74
09/21/2008,LRD,TX,ASW,CE,Federal Contract Tower,2,12,20,1,35,0,0,14,1,15,2,12,34,2,50,0,0,0,50
09/22/2008,LRD,TX,ASW,CE,Federal Contract Tower,8,20,24,0,52,0,0,23,0,23,8,20,47,0,75,0,0,0,75
09/23/2008,LRD,TX,ASW,CE,Federal Contract Tower,19,27,33,12,91,0,0,19,0,19,19,27,52,12,110,6,0,6,116
09/24/2008,LRD,TX,ASW,CE,Federal Contract Tower,26,20,45,8,99,0,0,9,0,9,26,20,54,8,108,0,0,0,108
09/25/2008,LRD,TX,ASW,CE,Federal Contract Tower,18,30,33,23,104,0,0,35,5,40,18,30,68,28,144,10,38,48,192
09/26/2008,LRD,TX,ASW,CE,Federal Contract Tower,19,26,32,15,92,0,0,43,0,43,19,26,75,15,135,24,80,104,239
09/27/2008,LRD,TX,ASW,CE,Federal Contract Tower,4,11,11,0,26,0,0,26,0,26,4,11,37,0,52,8,0,8,60
09/28/2008,LRD,TX,ASW,CE,Federal Contract Tower,4,13,13,0,30,0,0,27,0,27,4,13,40,0,57,12,0,12,69
09/29/2008,LRD,TX,ASW,CE,Federal Contract Tower,11,19,32,8,70,0,0,38,0,38,11,19,70,8,108,10,122,132,240
09/30/2008,LRD,TX,ASW,CE,Federal Contract Tower,11,19,18,8,56,0,0,54,3,57,11,19,72,11,113,4,54,58,171
10/01/2008,LRD,TX,ASW,CE,Federal Contract Tower,12,26,48,6,92,0,0,60,0,60,12,26,108,6,152,46,0,46,198
10/02/2008,LRD,TX,ASW,CE,Federal Contract Tower,8,18,28,18,72,0,0,33,2,35,8,18,61,20,107,10,192,202,309
10/03/2008,LRD,TX,ASW,CE,Federal Contract Tower,17,19,27,18,81,0,0,52,0,52,17,19,79,18,133,16,204,220,353
10/04/2008,LRD,TX,ASW,CE,Federal Contract Tower,4,14,14,0,32,0,0,38,0,38,4,14,52,0,70,0,0,0,70
10/05/2008,LRD,TX,ASW,CE,Federal Contract Tower,0,13,20,0,33,0,0,18,0,18,0,13,38,0,51,0,0,0,51
10/06/2008,LRD,TX,ASW,CE,Federal Contract Tower,8,19,24,14,65,0,0,31,0,31,8,19,55,14,96,0,4,4,100
10/07/2008,LRD,TX,ASW,CE,Federal Contract Tower,10,23,25,19,77,0,0,27,2,29,10,23,52,21,106,2,10,12,118
10/08/2008,LRD,TX,ASW,CE,Federal Contract Tower,10,20,32,16,78,0,0,50,0,50,10,20,82,16,128,28,30,58,186
10/09/2008,LRD,TX,ASW,CE,Federal Contract Tower,10,17,25,12,64,0,0,58,0,58,10,17,83,12,122,2,18,20,142
10/10/2008,LRD,TX,ASW,CE,Federal Contract Tower,9,22,32,22,85,0,0,37,3,40,9,22,69,25,125,6,74,80,205
10/11/2008,LRD,TX,ASW,CE,Federal Contract Tower,4,15,4,4,27,0,0,24,0,24,4,15,28,4,51,10,0,10,61
10/12/2008,LRD,TX,ASW,CE,Federal Contract Tower,0,15,26,0,41,0,0,13,2,15,0,15,39,2,56,4,4,8,64
10/13/2008,LRD,TX,ASW,CE,Federal Contract Tower,6,16,27,4,53,0,0,22,0,22,6,16,49,4,75,10,0,10,85
10/14/2008,LRD,TX,ASW,CE,Federal Contract Tower,11,19,26,15,71,0,0,22,6,28,11,19,48,21,99,30,60,90,189
10/15/2008,LRD,TX,ASW,CE,Federal Contract Tower,8,22,28,32,90,0,0,23,1,24,8,22,51,33,114,8,16,24,138
10/16/2008,LRD,TX,ASW,CE,Federal Contract Tower,14,27,26,16,83,0,0,23,2,25,14,27,49,18,108,20,38,58,166
10/17/2008,LRD,TX,ASW,CE,Federal Contract Tower,12,22,41,11,86,0,0,42,0,42,12,22,83,11,128,6,18,24,152
10/18/2008,LRD,TX,ASW,CE,Federal Contract Tower,4,8,10,1,23,0,0,32,3,35,4,8,42,4,58,6,8,14,72
10/19/2008,LRD,TX,ASW,CE,Federal Contract Tower,0,19,21,4,44,0,0,15,3,18,0,19,36,7,62,2,2,4,66
10/20/2008,LRD,TX,ASW,CE,Federal Contract Tower,8,16,30,8,62,0,0,23,10,33,8,16,53,18,95,8,2,10,105
10/21/2008,LRD,TX,ASW,CE,Federal Contract Tower,10,18,24,5,57,0,50,4,0,54,10,68,28,5,111,26,28,54,165
10/22/2008,LRD,TX,ASW,CE,Federal Contract Tower,10,13,18,4,45,0,0,48,0,48,10,13,66,4,93,40,8,48,141
10/23/2008,LRD,TX,ASW,CE,Federal Contract Tower,10,21,35,13,79,0,0,38,4,42,10,21,73,17,121,0,4,4,125
10/24/2008,LRD,TX,ASW,CE,Federal Contract Tower,14,18,23,14,69,0,0,57,4,61,14,18,80,18,130,32,90,122,252
10/25/2008,LRD,TX,ASW,CE,Federal Contract Tower,4,11,15,2,32,0,0,18,0,18,4,11,33,2,50,20,0,20,70
10/26/2008,LRD,TX,ASW,CE,Federal Contract Tower,2,13,35,4,54,0,0,6,0,6,2,13,41,4,60,0,0,0,60
10/27/2008,LRD,TX,ASW,CE,Federal Contract Tower,9,22,18,8,57,0,0,20,12,32,9,22,38,20,89,10,10,20,109
10/28/2008,LRD,TX,ASW,CE,Federal Contract Tower,10,25,13,4,52,0,0,46,10,56,10,25,59,14,108,4,62,66,174
10/29/2008,LRD,TX,ASW,CE,Federal Contract Tower,12,24,24,7,67,0,0,33,2,35,12,24,57,9,102,2,46,48,150
10/30/2008,LRD,TX,ASW,CE,Federal Contract Tower,12,23,27,12,74,0,0,45,4,49,12,23,72,16,123,2,40,42,165
10/31/2008,LRD,TX,ASW,CE,Federal Contract Tower,10,20,13,13,56,0,0,29,2,31,10,20,42,15,87,20,68,88,175
11/01/2008,LRD,TX,ASW,CE,Federal Contract Tower,4,9,4,0,17,0,0,44,3,47,4,9,48,3,64,28,2,30,94
11/02/2008,LRD,TX,ASW,CE,Federal Contract Tower,0,16,27,0,43,0,0,20,0,20,0,16,47,0,63,20,0,20,83
11/03/2008,LRD,TX,ASW,CE,Federal Contract Tower,11,14,26,2,53,2,0,44,5,51,13,14,70,7,104,58,68,126,230
11/04/2008,LRD,TX,ASW,CE,Federal Contract Tower,17,15,25,12,69,0,0,35,2,37,17,15,60,14,106,0,0,0,106
11/05/2008,LRD,TX,ASW,CE,Federal Contract Tower,12,18,25,26,81,0,0,34,10,44,12,18,59,36,125,16,98,114,239
11/06/2008,LRD,TX,ASW,CE,Federal Contract Tower,17,28,36,8,89,0,0,23,4,27,17,28,59,12,116,0,0,0,116
11/07/2008,LRD,TX,ASW,CE,Federal Contract Tower,17,24,43,10,94,0,0,41,4,45,17,24,84,14,139,0,40,40,179
11/08/2008,LRD,TX,ASW,CE,Federal Contract Tower,5,10,11,0,26,0,0,33,0,33,5,10,44,0,59,6,0,6,65
11/09/2008,LRD,TX,ASW,CE,Federal Contract Tower,2,13,16,2,33,0,0,21,2,23,2,13,37,4,56,10,0,10,66
11/10/2008,LRD,TX,ASW,CE,Federal Contract Tower,8,19,22,4,53,0,0,23,0,23,8,19,45,4,76,6,0,6,82
11/11/2008,LRD,TX,ASW,CE,Federal Contract Tower,10,25,29,6,70,0,0,37,4,41,10,25,66,10,111,0,2,2,113
11/12/2008,LRD,TX,ASW,CE,Federal Contract Tower,9,25,34,5,73,0,0,46,16,62,9,25,80,21,135,30,2,32,167
11/13/2008,LRD,TX,ASW,CE,Federal Contract Tower,12,23,28,12,75,0,0,28,14,42,12,23,56,26,117,6,0,6,123
11/14/2008,LRD,TX,ASW,CE,Federal Contract Tower,12,16,40,14,82,0,0,28,4,32,12,16,68,18,114,6,0,6,120
11/15/2008,LRD,TX,ASW,CE,Federal Contract Tower,4,9,19,1,33,0,0,21,9,30,4,9,40,10,63,2,2,4,67
11/16/2008,LRD,TX,ASW,CE,Federal Contract Tower,0,20,9,0,29,0,0,27,16,43,0,20,36,16,72,0,6,6,78
11/17/2008,LRD,TX,ASW,CE,Federal Contract Tower,8,19,18,3,48,0,0,48,5,53,8,19,66,8,101,0,2,2,103
11/18/2008,LRD,TX,ASW,CE,Federal Contract Tower,10,16,31,32,89,0,0,29,12,41,10,16,60,44,130,6,52,58,188
11/19/2008,LRD,TX,ASW,CE,Federal Contract Tower,10,18,25,14,67,0,0,38,13,51,10,18,63,27,118,28,36,64,182
11/20/2008,LRD,TX,ASW,CE,Federal Contract Tower,14,21,38,8,81,0,0,42,8,50,14,21,80,16,131,30,2,32,163
11/21/2008,LRD,TX,ASW,CE,Federal Contract Tower,12,23,32,2,69,0,1,20,1,22,12,24,52,3,91,26,0,26,117
11/22/2008,LRD,TX,ASW,CE,Federal Contract Tower,6,10,32,4,52,0,0,19,0,19,6,10,51,4,71,0,0,0,71
11/23/2008,LRD,TX,ASW,CE,Federal Contract Tower,1,16,19,2,38,0,0,13,0,13,1,16,32,2,51,10,0,10,61
11/24/2008,LRD,TX,ASW,CE,Federal Contract Tower,8,19,39,12,78,0,0,10,0,10,8,19,49,12,88,0,0,0,88
11/25/2008,LRD,TX,ASW,CE,Federal Contract Tower,10,27,25,16,78,0,0,30,10,40,10,27,55,26,118,0,40,40,158
11/26/2008,LRD,TX,ASW,CE,Federal Contract Tower,13,20,27,0,60,0,0,31,2,33,13,20,58,2,93,12,0,12,105
11/27/2008,LRD,TX,ASW,CE,Federal Contract Tower,0,17,17,0,34,0,0,5,0,5,0,17,22,0,39,8,0,8,47
11/28/2008,LRD,TX,ASW,CE,Federal Contract Tower,12,23,19,0,54,0,1,2,0,3,12,24,21,0,57,2,0,2,59
11/29/2008,LRD,TX,ASW,CE,Federal Contract Tower,5,8,19,0,32,0,0,9,0,9,5,8,28,0,41,0,0,0,41
11/30/2008,LRD,TX,ASW,CE,Federal Contract Tower,1,14,25,0,40,0,0,15,0,15,1,14,40,0,55,0,0,0,55
12/01/2008,LRD,TX,ASW,CE,Federal Contract Tower,12,21,27,12,72,0,0,28,1,29,12,21,55,13,101,4,2,6,107
12/02/2008,LRD,TX,ASW,CE,Federal Contract Tower,9,16,19,12,56,0,0,45,19,64,9,16,64,31,120,0,54,54,174
12/03/2008,LRD,TX,ASW,CE,Federal Contract Tower,6,23,34,28,91,0,0,23,6,29,6,23,57,34,120,2,82,84,204
12/04/2008,LRD,TX,ASW,CE,Federal Contract Tower,8,23,28,20,79,0,0,49,11,60,8,23,77,31,139,0,44,44,183
12/05/2008,LRD,TX,ASW,CE,Federal Contract Tower,8,21,42,8,79,0,0,43,4,47,8,21,85,12,126,16,80,96,222
12/06/2008,LRD,TX,ASW,CE,Federal Contract Tower,3,10,14,0,27,0,0,37,3,40,3,10,51,3,67,4,0,4,71
12/07/2008,LRD,TX,ASW,CE,Federal Contract Tower,0,17,18,0,35,0,0,23,2,25,0,17,41,2,60,12,0,12,72
12/08/2008,LRD,TX,ASW,CE,Federal Contract Tower,7,26,31,4,68,0,0,15,15,30,7,26,46,19,98,0,0,0,98
12/09/2008,LRD,TX,ASW,CE,Federal Contract Tower,6,22,26,19,73,0,0,17,2,19,6,22,43,21,92,4,30,34,126
12/10/2008,LRD,TX,ASW,CE,Federal Contract Tower,8,22,31,6,67,0,0,27,12,39,8,22,58,18,106,0,0,0,106
12/11/2008,LRD,TX,ASW,CE,Federal Contract Tower,11,23,51,9,94,0,0,63,6,69,11,23,114,15,163,0,270,270,433
12/12/2008,LRD,TX,ASW,CE,Federal Contract Tower,9,18,28,10,65,0,0,46,5,51,9,18,74,15,116,6,72,78,194
12/13/2008,LRD,TX,ASW,CE,Federal Contract Tower,5,13,13,0,31,0,0,22,4,26,5,13,35,4,57,0,0,0,57
12/14/2008,LRD,TX,ASW,CE,Federal Contract Tower,0,16,26,0,42,0,0,17,1,18,0,16,43,1,60,0,0,0,60
12/15/2008,LRD,TX,ASW,CE,Federal Contract Tower,7,21,38,12,78,0,0,7,2,9,7,21,45,14,87,16,0,16,103
12/16/2008,LRD,TX,ASW,CE,Federal Contract Tower,9,22,36,16,83,0,0,13,4,17,9,22,49,20,100,2,26,28,128
12/17/2008,LRD,TX,ASW,CE,Federal Contract Tower,10,32,35,0,77,0,0,2,0,2,10,32,37,0,79,0,0,0,79
12/18/2008,LRD,TX,ASW,CE,Federal Contract Tower,10,24,24,0,58,0,0,4,0,4,10,24,28,0,62,0,0,0,62
12/19/2008,LRD,TX,ASW,CE,Federal Contract Tower,7,25,40,0,72,0,0,9,1,10,7,25,49,1,82,6,0,6,88
12/20/2008,LRD,TX,ASW,CE,Federal Contract Tower,4,19,22,0,45,0,0,19,0,19,4,19,41,0,64,2,0,2,66
12/21/2008,LRD,TX,ASW,CE,Federal Contract Tower,3,17,21,0,41,0,0,12,0,12,3,17,33,0,53,0,0,0,53
12/22/2008,LRD,TX,ASW,CE,Federal Contract Tower,4,18,41,9,72,0,0,21,1,22,4,18,62,10,94,4,10,14,108
12/23/2008,LRD,TX,ASW,CE,Federal Contract Tower,8,21,26,0,55,0,0,1,0,1,8,21,27,0,56,0,0,0,56
12/24/2008,LRD,TX,ASW,CE,Federal Contract Tower,8,19,24,2,53,0,0,13,0,13,8,19,37,2,66,14,0,14,80
12/25/2008,LRD,TX,ASW,CE,Federal Contract Tower,0,18,15,0,33,0,0,1,0,1,0,18,16,0,34,0,0,0,34
12/26/2008,LRD,TX,ASW,CE,Federal Contract Tower,5,29,41,0,75,0,0,10,0,10,5,29,51,0,85,0,0,0,85
12/27/2008,LRD,TX,ASW,CE,Federal Contract Tower,3,25,16,0,44,0,0,10,0,10,3,25,26,0,54,0,0,0,54
12/28/2008,LRD,TX,ASW,CE,Federal Contract Tower,0,18,25,0,43,0,0,22,0,22,0,18,47,0,65,0,0,0,65
12/29/2008,LRD,TX,ASW,CE,Federal Contract Tower,6,21,23,8,58,0,0,26,6,32,6,21,49,14,90,0,0,0,90
12/30/2008,LRD,TX,ASW,CE,Federal Contract Tower,6,21,21,4,52,0,0,30,7,37,6,21,51,11,89,0,4,4,93
12/31/2008,LRD,TX,ASW,CE,Federal Contract Tower,6,18,15,2,41,0,0,5,0,5,6,18,20,2,46,0,0,0,46
01/01/2009,LRD,TX,ASW,CE,Federal Contract Tower,0,13,26,0,39,0,0,11,0,11,0,13,37,0,50,0,0,0,50
01/02/2009,LRD,TX,ASW,CE,Federal Contract Tower,5,24,30,2,61,0,0,13,4,17,5,24,43,6,78,0,0,0,78
01/03/2009,LRD,TX,ASW,CE,Federal Contract Tower,4,17,22,0,43,0,0,21,0,21,4,17,43,0,64,2,0,2,66
01/04/2009,LRD,TX,ASW,CE,Federal Contract Tower,0,22,37,5,64,0,0,12,0,12,0,22,49,5,76,0,0,0,76
01/05/2009,LRD,TX,ASW,CE,Federal Contract Tower,11,16,35,20,82,0,0,9,0,9,11,16,44,20,91,0,120,120,211
01/06/2009,LRD,TX,ASW,CE,Federal Contract Tower,10,19,24,23,76,0,0,33,10,43,10,19,57,33,119,30,492,522,641
01/07/2009,LRD,TX,ASW,CE,Federal Contract Tower,6,20,21,10,57,0,1,66,8,75,6,21,87,18,132,10,70,80,212
01/08/2009,LRD,TX,ASW,CE,Federal Contract Tower,8,31,25,6,70,0,0,36,5,41,8,31,61,11,111,10,72,82,193
01/09/2009,LRD,TX,ASW,CE,Federal Contract Tower,8,21,40,2,71,0,0,34,6,40,8,21,74,8,111,10,0,10,121
01/10/2009,LRD,TX,ASW,CE,Federal Contract Tower,5,8,24,0,37,0,0,9,3,12,5,8,33,3,49,2,0,2,51
01/11/2009,LRD,TX,ASW,CE,Federal Contract Tower,0,15,34,0,49,0,0,27,3,30,0,15,61,3,79,30,0,30,109
01/12/2009,LRD,TX,ASW,CE,Federal Contract Tower,8,17,24,12,61,0,0,39,9,48,8,17,63,21,109,10,190,200,309
01/13/2009,LRD,TX,ASW,CE,Federal Contract Tower,9,21,16,17,63,0,0,48,9,57,9,21,64,26,120,6,2,8,128
01/14/2009,LRD,TX,ASW,CE,Federal Contract Tower,8,16,32,16,72,0,0,43,9,52,8,16,75,25,124,4,30,34,158
01/15/2009,LRD,TX,ASW,CE,Federal Contract Tower,8,21,25,24,78,0,0,22,8,30,8,21,47,32,108,10,0,10,118
01/16/2009,LRD,TX,ASW,CE,Federal Contract Tower,8,19,31,2,60,0,0,19,5,24,8,19,50,7,84,12,0,12,96
01/17/2009,LRD,TX,ASW,CE,Federal Contract Tower,3,12,15,4,34,0,0,7,4,11,3,12,22,8,45,12,0,12,57
01/18/2009,LRD,TX,ASW,CE,Federal Contract Tower,0,16,25,0,41,0,0,14,3,17,0,16,39,3,58,60,0,60,118
01/19/2009,LRD,TX,ASW,CE,Federal Contract Tower,9,18,15,6,48,0,0,25,15,40,9,18,40,21,88,0,0,0,88
01/20/2009,LRD,TX,ASW,CE,Federal Contract Tower,7,17,21,17,62,0,0,42,7,49,7,17,63,24,111,22,210,232,343
01/21/2009,LRD,TX,ASW,CE,Federal Contract Tower,11,21,21,18,71,0,1,25,10,36,11,22,46,28,107,6,20,26,133
01/22/2009,LRD,TX,ASW,CE,Federal Contract Tower,8,22,27,14,71,0,0,54,10,64,8,22,81,24,135,0,224,224,359
01/23/2009,LRD,TX,ASW,CE,Federal Contract Tower,8,18,28,10,64,0,0,20,3,23,8,18,48,13,87,0,110,110,197
01/24/2009,LRD,TX,ASW,CE,Federal Contract Tower,3,8,11,4,26,0,0,24,5,29,3,8,35,9,55,0,20,20,75
01/25/2009,LRD,TX,ASW,CE,Federal Contract Tower,0,15,38,0,53,0,0,25,2,27,0,15,63,2,80,40,0,40,120
01/26/2009,LRD,TX,ASW,CE,Federal Contract Tower,5,16,14,6,41,0,0,23,5,28,5,16,37,11,69,0,60,60,129
01/27/2009,LRD,TX,ASW,CE,Federal Contract Tower,8,10,31,28,77,0,0,21,10,31,8,10,52,38,108,0,150,150,258
01/28/2009,LRD,TX,ASW,CE,Federal Contract Tower,14,21,25,20,80,0,0,30,15,45,14,21,55,35,125,0,140,140,265
01/29/2009,LRD,TX,ASW,CE,Federal Contract Tower,8,22,42,15,87,0,0,34,8,42,8,22,76,23,129,0,124,124,253
01/30/2009,LRD,TX,ASW,CE,Federal Contract Tower,8,19,35,2,64,0,0,46,1,47,8,19,81,3,111,0,0,0,111
01/31/2009,LRD,TX,ASW,CE,Federal Contract Tower,3,10,16,4,33,0,0,13,0,13,3,10,29,4,46,0,0,0,46
02/01/2009,LRD,TX,ASW,CE,Federal Contract Tower,0,15,16,0,31,0,0,12,0,12,0,15,28,0,43,0,0,0,43
02/02/2009,LRD,TX,ASW,CE,Federal Contract Tower,10,16,19,12,57,0,0,29,1,30,10,16,48,13,87,0,52,52,139
02/03/2009,LRD,TX,ASW,CE,Federal Contract Tower,9,15,12,7,43,0,0,28,1,29,9,15,40,8,72,12,24,36,108
02/04/2009,LRD,TX,ASW,CE,Federal Contract Tower,10,20,20,25,75,0,0,30,8,38,10,20,50,33,113,0,254,254,367
02/05/2009,LRD,TX,ASW,CE,Federal Contract Tower,10,28,42,9,89,0,0,39,14,53,10,28,81,23,142,32,54,86,228
02/06/2009,LRD,TX,ASW,CE,Federal Contract Tower,8,25,22,21,76,0,0,44,0,44,8,25,66,21,120,0,156,156,276
02/07/2009,LRD,TX,ASW,CE,Federal Contract Tower,5,10,13,1,29,0,0,33,1,34,5,10,46,2,63,4,0,4,67
02/08/2009,LRD,TX,ASW,CE,Federal Contract Tower,0,13,28,0,41,0,0,14,0,14,0,13,42,0,55,0,0,0,55
02/09/2009,LRD,TX,ASW,CE,Federal Contract Tower,7,16,32,32,87,0,0,29,3,32,7,16,61,35,119,12,230,242,361
02/10/2009,LRD,TX,ASW,CE,Federal Contract Tower,9,15,16,25,65,0,0,15,10,25,9,15,31,35,90,36,102,138,228
02/11/2009,LRD,TX,ASW,CE,Federal Contract Tower,12,25,21,6,64,0,1,28,2,31,12,26,49,8,95,0,2,2,97
02/12/2009,LRD,TX,ASW,CE,Federal Contract Tower,9,21,36,15,81,0,0,47,4,51,9,21,83,19,132,0,84,84,216
02/13/2009,LRD,TX,ASW,CE,Federal Contract Tower,9,23,20,24,76,0,0,42,2,44,9,23,62,26,120,20,44,64,184
02/14/2009,LRD,TX,ASW,CE,Federal Contract Tower,3,7,14,2,26,0,0,11,3,14,3,7,25,5,40,0,0,0,40
02/15/2009,LRD,TX,ASW,CE,Federal Contract Tower,0,13,10,5,28,0,0,16,2,18,0,13,26,7,46,20,0,20,66
02/16/2009,LRD,TX,ASW,CE,Federal Contract Tower,5,21,37,0,63,0,0,2,2,4,5,21,39,2,67,0,0,0,67
02/17/2009,LRD,TX,ASW,CE,Federal Contract Tower,9,19,15,11,54,0,0,4,0,4,9,19,19,11,58,26,0,26,84
02/18/2009,LRD,TX,ASW,CE,Federal Contract Tower,9,18,25,2,54,0,0,30,0,30,9,18,55,2,84,8,0,8,92
02/19/2009,LRD,TX,ASW,CE,Federal Contract Tower,8,26,35,10,79,0,0,40,14,54,8,26,75,24,133,0,0,0,133
02/20/2009,LRD,TX,ASW,CE,Federal Contract Tower,10,20,27,7,64,0,0,37,2,39,10,20,64,9,103,0,20,20,123
02/21/2009,LRD,TX,ASW,CE,Federal Contract Tower,3,14,28,0,45,0,0,7,0,7,3,14,35,0,52,26,0,26,78
02/22/2009,LRD,TX,ASW,CE,Federal Contract Tower,0,14,20,0,34,0,0,36,0,36,0,14,56,0,70,0,0,0,70
02/23/2009,LRD,TX,ASW,CE,Federal Contract Tower,7,21,15,9,52,0,0,27,8,35,7,21,42,17,87,6,40,46,133
02/24/2009,LRD,TX,ASW,CE,Federal Contract Tower,10,16,9,17,52,0,0,53,6,59,10,16,62,23,111,0,150,150,261
02/25/2009,LRD,TX,ASW,CE,Federal Contract Tower,8,18,22,21,69,0,0,44,9,53,8,18,66,30,122,2,112,114,236
02/26/2009,LRD,TX,ASW,CE,Federal Contract Tower,8,18,43,6,75,0,0,47,12,59,8,18,90,18,134,14,30,44,178
02/27/2009,LRD,TX,ASW,CE,Federal Contract Tower,10,22,26,14,72,0,0,34,0,34,10,22,60,14,106,10,10,20,126
02/28/2009,LRD,TX,ASW,CE,Federal Contract Tower,3,12,19,0,34,0,0,7,0,7,3,12,26,0,41,0,0,0,41
03/01/2009,LRD,TX,ASW,CE,Federal Contract Tower,0,18,19,0,37,0,0,19,0,19,0,18,38,0,56,0,0,0,56
03/02/2009,LRD,TX,ASW,CE,Federal Contract Tower,7,17,19,4,47,0,0,31,2,33,7,17,50,6,80,6,8,14,94
03/03/2009,LRD,TX,ASW,CE,Federal Contract Tower,8,23,14,29,74,0,0,30,16,46,8,23,44,45,120,0,124,124,244
03/04/2009,LRD,TX,ASW,CE,Federal Contract Tower,9,25,16,16,66,0,0,20,10,30,9,25,36,26,96,0,58,58,154
03/05/2009,LRD,TX,ASW,CE,Federal Contract Tower,6,18,23,17,64,0,1,30,7,38,6,19,53,24,102,4,62,66,168
03/06/2009,LRD,TX,ASW,CE,Federal Contract Tower,11,18,29,8,66,0,1,34,0,35,11,19,63,8,101,36,44,80,181
03/07/2009,LRD,TX,ASW,CE,Federal Contract Tower,3,13,15,0,31,0,0,28,0,28,3,13,43,0,59,4,0,4,63
03/08/2009,LRD,TX,ASW,CE,Federal Contract Tower,0,16,15,8,39,0,0,19,4,23,0,16,34,12,62,0,80,80,142
03/09/2009,LRD,TX,ASW,CE,Federal Contract Tower,11,15,30,10,66,0,0,31,4,35,11,15,61,14,101,12,64,76,177
03/10/2009,LRD,TX,ASW,CE,Federal Contract Tower,9,21,20,0,50,0,0,19,10,29,9,21,39,10,79,4,0,4,83
03/11/2009,LRD,TX,ASW,CE,Federal Contract Tower,12,22,19,24,77,0,0,20,0,20,12,22,39,24,97,0,0,0,97
03/12/2009,LRD,TX,ASW,CE,Federal Contract Tower,5,22,26,6,59,0,0,0,0,0,5,22,26,6,59,0,0,0,59
03/13/2009,LRD,TX,ASW,CE,Federal Contract Tower,9,23,29,8,69,0,0,4,0,4,9,23,33,8,73,0,0,0,73
03/14/2009,LRD,TX,ASW,CE,Federal Contract Tower,4,17,19,2,42,0,0,4,0,4,4,17,23,2,46,0,0,0,46
03/15/2009,LRD,TX,ASW,CE,Federal Contract Tower,1,16,14,0,31,0,0,14,0,14,1,16,28,0,45,30,0,30,75
03/16/2009,LRD,TX,ASW,CE,Federal Contract Tower,8,15,14,5,42,0,1,32,10,43,8,16,46,15,85,0,4,4,89
03/17/2009,LRD,TX,ASW,CE,Federal Contract Tower,8,23,12,6,49,0,0,29,2,31,8,23,41,8,80,0,0,0,80
03/18/2009,LRD,TX,ASW,CE,Federal Contract Tower,11,23,27,11,72,0,0,25,14,39,11,23,52,25,111,24,14,38,149
03/19/2009,LRD,TX,ASW,CE,Federal Contract Tower,8,22,31,14,75,0,0,24,30,54,8,22,55,44,129,0,8,8,137
03/20/2009,LRD,TX,ASW,CE,Federal Contract Tower,8,23,23,4,58,0,0,19,0,19,8,23,42,4,77,30,26,56,133
03/21/2009,LRD,TX,ASW,CE,Federal Contract Tower,5,11,25,4,45,0,0,12,11,23,5,11,37,15,68,12,6,18,86
03/22/2009,LRD,TX,ASW,CE,Federal Contract Tower,0,17,27,0,44,0,0,11,0,11,0,17,38,0,55,10,0,10,65
03/23/2009,LRD,TX,ASW,CE,Federal Contract Tower,4,18,17,14,53,0,0,19,1,20,4,18,36,15,73,0,30,30,103
03/24/2009,LRD,TX,ASW,CE,Federal Contract Tower,8,21,21,3,53,0,0,41,10,51,8,21,62,13,104,6,6,12,116
03/25/2009,LRD,TX,ASW,CE,Federal Contract Tower,12,23,25,2,62,0,0,24,10,34,12,23,49,12,96,0,6,6,102
03/26/2009,LRD,TX,ASW,CE,Federal Contract Tower,10,23,20,15,68,0,0,18,13,31,10,23,38,28,99,0,0,0,99
03/27/2009,LRD,TX,ASW,CE,Federal Contract Tower,10,17,26,12,65,0,1,32,8,41,10,18,58,20,106,10,214,224,330
03/28/2009,LRD,TX,ASW,CE,Federal Contract Tower,3,9,10,0,22,0,0,11,0,11,3,9,21,0,33,8,0,8,41
03/29/2009,LRD,TX,ASW,CE,Federal Contract Tower,0,14,12,0,26,0,0,16,0,16,0,14,28,0,42,0,0,0,42
03/30/2009,LRD,TX,ASW,CE,Federal Contract Tower,7,17,16,24,64,0,0,28,6,34,7,17,44,30,98,0,332,332,430
03/31/2009,LRD,TX,ASW,CE,Federal Contract Tower,6,21,20,14,61,0,0,21,2,23,6,21,41,16,84,12,22,34,118
04/01/2009,LRD,TX,ASW,CE,Federal Contract Tower,8,19,16,20,63,0,0,36,8,44,8,19,52,28,107,0,62,62,169
04/02/2009,LRD,TX,ASW,CE,Federal Contract Tower,8,21,36,21,86,0,0,27,6,33,8,21,63,27,119,0,266,266,385
04/03/2009,LRD,TX,ASW,CE,Federal Contract Tower,8,20,24,10,62,0,38,0,38,76,8,58,24,48,138,0,73,73,211
04/04/2009,LRD,TX,ASW,CE,Federal Contract Tower,4,12,23,0,39,0,0,30,0,30,4,12,53,0,69,4,0,4,73
04/05/2009,LRD,TX,ASW,CE,Federal Contract Tower,0,13,23,2,38,0,0,18,0,18,0,13,41,2,56,0,0,0,56
04/06/2009,LRD,TX,ASW,CE,Federal Contract Tower,9,17,20,11,57,0,0,9,0,9,9,17,29,11,66,0,92,92,158
04/07/2009,LRD,TX,ASW,CE,Federal Contract Tower,8,15,9,11,43,0,0,63,1,64,8,15,72,12,107,38,60,98,205
04/08/2009,LRD,TX,ASW,CE,Federal Contract Tower,8,22,13,27,70,0,0,41,2,43,8,22,54,29,113,0,172,172,285
04/09/2009,LRD,TX,ASW,CE,Federal Contract Tower,8,16,32,41,97,0,0,36,7,43,8,16,68,48,140,2,262,264,404
04/10/2009,LRD,TX,ASW,CE,Federal Contract Tower,8,18,12,8,46,0,0,26,0,26,8,18,38,8,72,0,72,72,144
04/11/2009,LRD,TX,ASW,CE,Federal Contract Tower,3,11,12,0,26,0,0,11,0,11,3,11,23,0,37,0,0,0,37
04/12/2009,LRD,TX,ASW,CE,Federal Contract Tower,0,14,14,0,28,0,0,14,0,14,0,14,28,0,42,0,0,0,42
04/13/2009,LRD,TX,ASW,CE,Federal Contract Tower,7,18,23,11,59,0,0,26,6,32,7,18,49,17,91,0,72,72,163
04/14/2009,LRD,TX,ASW,CE,Federal Contract Tower,8,18,17,12,55,0,0,43,2,45,8,18,60,14,100,46,78,124,224
04/15/2009,LRD,TX,ASW,CE,Federal Contract Tower,8,17,21,12,58,0,1,18,8,27,8,18,39,20,85,10,2,12,97
04/16/2009,LRD,TX,ASW,CE,Federal Contract Tower,8,18,37,1,64,0,0,16,3,19,8,18,53,4,83,0,0,0,83
04/17/2009,LRD,TX,ASW,CE,Federal Contract Tower,8,19,23,10,60,0,0,17,6,23,8,19,40,16,83,0,0,0,83
04/18/2009,LRD,TX,ASW,CE,Federal Contract Tower,3,6,18,5,32,0,0,6,2,8,3,6,24,7,40,0,0,0,40
04/19/2009,LRD,TX,ASW,CE,Federal Contract Tower,0,12,18,0,30,0,0,12,0,12,0,12,30,0,42,0,0,0,42
04/20/2009,LRD,TX,ASW,CE,Federal Contract Tower,7,20,13,16,56,0,0,28,6,34,7,20,41,22,90,0,60,60,150
04/21/2009,LRD,TX,ASW,CE,Federal Contract Tower,8,15,12,21,56,0,0,39,1,40,8,15,51,22,96,0,64,64,160
04/22/2009,LRD,TX,ASW,CE,Federal Contract Tower,8,21,18,22,69,0,0,27,4,31,8,21,45,26,100,0,80,80,180
04/23/2009,LRD,TX,ASW,CE,Federal Contract Tower,8,22,28,13,71,0,0,32,16,48,8,22,60,29,119,0,22,22,141
04/24/2009,LRD,TX,ASW,CE,Federal Contract Tower,6,21,35,29,91,0,0,28,0,28,6,21,63,29,119,10,2,12,131
04/25/2009,LRD,TX,ASW,CE,Federal Contract Tower,3,11,17,0,31,0,0,13,0,13,3,11,30,0,44,0,0,0,44
04/26/2009,LRD,TX,ASW,CE,Federal Contract Tower,2,13,12,4,31,0,0,11,0,11,2,13,23,4,42,0,0,0,42
04/27/2009,LRD,TX,ASW,CE,Federal Contract Tower,7,13,26,13,59,0,0,13,2,15,7,13,39,15,74,0,120,120,194
04/28/2009,LRD,TX,ASW,CE,Federal Contract Tower,12,15,32,54,113,0,0,24,6,30,12,15,56,60,143,0,222,222,365
04/29/2009,LRD,TX,ASW,CE,Federal Contract Tower,10,12,33,39,94,0,0,27,12,39,10,12,60,51,133,0,108,108,241
04/30/2009,LRD,TX,ASW,CE,Federal Contract Tower,6,22,37,23,88,0,0,30,19,49,6,22,67,42,137,0,60,60,197
05/01/2009,LRD,TX,ASW,CE,Federal Contract Tower,10,19,15,15,59,0,0,20,6,26,10,19,35,21,85,0,28,28,113
05/02/2009,LRD,TX,ASW,CE,Federal Contract Tower,3,9,8,10,30,0,0,12,0,12,3,9,20,10,42,0,0,0,42
05/03/2009,LRD,TX,ASW,CE,Federal Contract Tower,0,11,10,0,21,0,0,10,0,10,0,11,20,0,31,0,0,0,31
05/04/2009,LRD,TX,ASW,CE,Federal Contract Tower,7,17,36,4,64,0,0,9,9,18,7,17,45,13,82,2,4,6,88
05/05/2009,LRD,TX,ASW,CE,Federal Contract Tower,8,18,20,16,62,0,0,18,2,20,8,18,38,18,82,8,42,50,132
05/06/2009,LRD,TX,ASW,CE,Federal Contract Tower,13,19,23,29,84,0,0,26,8,34,13,19,49,37,118,0,44,44,162
05/07/2009,LRD,TX,ASW,CE,Federal Contract Tower,15,20,25,19,79,0,0,26,3,29,15,20,51,22,108,0,28,28,136
05/08/2009,LRD,TX,ASW,CE,Federal Contract Tower,8,20,17,9,54,0,0,25,5,30,8,20,42,14,84,0,18,18,102
05/09/2009,LRD,TX,ASW,CE,Federal Contract Tower,3,10,10,0,23,0,0,14,0,14,3,10,24,0,37,0,0,0,37
05/10/2009,LRD,TX,ASW,CE,Federal Contract Tower,0,14,9,10,33,0,0,11,0,11,0,14,20,10,44,0,0,0,44
05/11/2009,LRD,TX,ASW,CE,Federal Contract Tower,10,18,20,20,68,0,0,23,4,27,10,18,43,24,95,18,114,132,227
05/12/2009,LRD,TX,ASW,CE,Federal Contract Tower,11,16,23,18,68,0,0,44,18,62,11,16,67,36,130,0,230,230,360
05/13/2009,LRD,TX,ASW,CE,Federal Contract Tower,10,19,17,22,68,0,0,29,8,37,10,19,46,30,105,0,0,0,105
05/14/2009,LRD,TX,ASW,CE,Federal Contract Tower,11,16,39,10,76,0,0,39,20,59,11,16,78,30,135,0,0,0,135
05/15/2009,LRD,TX,ASW,CE,Federal Contract Tower,12,22,41,2,77,0,0,23,2,25,12,22,64,4,102,14,50,64,166
05/16/2009,LRD,TX,ASW,CE,Federal Contract Tower,3,12,4,0,19,0,0,5,5,10,3,12,9,5,29,0,0,0,29
05/17/2009,LRD,TX,ASW,CE,Federal Contract Tower,0,12,9,7,28,0,0,8,2,10,0,12,17,9,38,0,12,12,50
05/18/2009,LRD,TX,ASW,CE,Federal Contract Tower,8,14,20,7,49,0,0,31,8,39,8,14,51,15,88,0,30,30,118
05/19/2009,LRD,TX,ASW,CE,Federal Contract Tower,8,15,11,25,59,0,0,34,8,42,8,15,45,33,101,2,60,62,163
05/20/2009,LRD,TX,ASW,CE,Federal Contract Tower,12,20,25,8,65,0,0,54,7,61,12,20,79,15,126,4,22,26,152
05/21/2009,LRD,TX,ASW,CE,Federal Contract Tower,9,24,21,22,76,0,0,29,14,43,9,24,50,36,119,2,28,30,149
05/22/2009,LRD,TX,ASW,CE,Federal Contract Tower,5,22,22,17,66,0,0,38,1,39,5,22,60,18,105,0,10,10,115
05/23/2009,LRD,TX,ASW,CE,Federal Contract Tower,2,10,14,0,26,0,0,15,1,16,2,10,29,1,42,0,0,0,42
05/24/2009,LRD,TX,ASW,CE,Federal Contract Tower,0,10,11,0,21,0,0,18,1,19,0,10,29,1,40,0,0,0,40
05/25/2009,LRD,TX,ASW,CE,Federal Contract Tower,2,17,20,0,39,0,0,23,2,25,2,17,43,2,64,0,0,0,64
05/26/2009,LRD,TX,ASW,CE,Federal Contract Tower,6,23,15,10,54,0,0,10,4,14,6,23,25,14,68,0,0,0,68
05/27/2009,LRD,TX,ASW,CE,Federal Contract Tower,8,23,24,27,82,0,0,16,4,20,8,23,40,31,102,0,0,0,102
05/28/2009,LRD,TX,ASW,CE,Federal Contract Tower,10,20,20,15,65,0,0,22,11,33,10,20,42,26,98,0,12,12,110
05/29/2009,LRD,TX,ASW,CE,Federal Contract Tower,7,21,22,14,64,0,0,33,1,34,7,21,55,15,98,0,0,0,98
05/30/2009,LRD,TX,ASW,CE,Federal Contract Tower,2,9,9,0,20,0,0,7,0,7,2,9,16,0,27,0,0,0,27
05/31/2009,LRD,TX,ASW,CE,Federal Contract Tower,0,12,16,0,28,0,0,19,0,19,0,12,35,0,47,20,0,20,67
06/01/2009,LRD,TX,ASW,CE,Federal Contract Tower,5,17,28,14,64,0,0,16,0,16,5,17,44,14,80,0,92,92,172
06/02/2009,LRD,TX,ASW,CE,Federal Contract Tower,9,21,21,19,70,0,0,27,1,28,9,21,48,20,98,0,64,64,162
06/03/2009,LRD,TX,ASW,CE,Federal Contract Tower,11,16,19,8,54,0,0,19,0,19,11,16,38,8,73,0,64,64,137
06/04/2009,LRD,TX,ASW,CE,Federal Contract Tower,8,21,38,10,77,0,0,48,1,49,8,21,86,11,126,0,0,0,126
06/05/2009,LRD,TX,ASW,CE,Federal Contract Tower,4,19,22,4,49,0,1,36,6,43,4,20,58,10,92,0,0,0,92
06/06/2009,LRD,TX,ASW,CE,Federal Contract Tower,2,7,12,0,21,0,0,14,21,35,2,7,26,21,56,0,0,0,56
06/07/2009,LRD,TX,ASW,CE,Federal Contract Tower,0,11,17,18,46,0,0,10,9,19,0,11,27,27,65,0,6,6,71
06/08/2009,LRD,TX,ASW,CE,Federal Contract Tower,5,19,18,2,44,0,1,15,4,20,5,20,33,6,64,10,0,10,74
06/09/2009,LRD,TX,ASW,CE,Federal Contract Tower,9,19,12,6,46,0,0,31,5,36,9,19,43,11,82,12,54,66,148
06/10/2009,LRD,TX,ASW,CE,Federal Contract Tower,7,21,7,15,50,0,0,33,6,39,7,21,40,21,89,14,0,14,103
06/11/2009,LRD,TX,ASW,CE,Federal Contract Tower,8,16,18,14,56,0,0,31,2,33,8,16,49,16,89,0,0,0,89
06/12/2009,LRD,TX,ASW,CE,Federal Contract Tower,7,22,13,7,49,0,1,40,6,47,7,23,53,13,96,4,0,4,100
06/13/2009,LRD,TX,ASW,CE,Federal Contract Tower,2,7,5,1,15,0,0,30,14,44,2,7,35,15,59,16,0,16,75
06/14/2009,LRD,TX,ASW,CE,Federal Contract Tower,1,12,16,6,35,0,0,14,11,25,1,12,30,17,60,0,0,0,60
06/15/2009,LRD,TX,ASW,CE,Federal Contract Tower,10,16,12,11,49,0,0,22,4,26,10,16,34,15,75,0,0,0,75
06/16/2009,LRD,TX,ASW,CE,Federal Contract Tower,8,18,16,2,44,0,0,34,11,45,8,18,50,13,89,0,4,4,93
06/17/2009,LRD,TX,ASW,CE,Federal Contract Tower,8,20,27,4,59,0,0,43,6,49,8,20,70,10,108,0,46,46,154
06/18/2009,LRD,TX,ASW,CE,Federal Contract Tower,9,19,29,10,67,0,0,43,6,49,9,19,72,16,116,0,0,0,116
06/19/2009,LRD,TX,ASW,CE,Federal Contract Tower,7,18,28,5,58,0,1,28,4,33,7,19,56,9,91,5,0,5,96
06/20/2009,LRD,TX,ASW,CE,Federal Contract Tower,2,10,5,1,18,0,0,17,17,34,2,10,22,18,52,8,0,8,60
06/21/2009,LRD,TX,ASW,CE,Federal Contract Tower,0,13,9,0,22,0,0,10,9,19,0,13,19,9,41,0,0,0,41
06/22/2009,LRD,TX,ASW,CE,Federal Contract Tower,7,22,26,27,82,0,0,20,7,27,7,22,46,34,109,0,110,110,219
06/23/2009,LRD,TX,ASW,CE,Federal Contract Tower,8,23,17,8,56,0,0,26,4,30,8,23,43,12,86,0,10,10,96
06/24/2009,LRD,TX,ASW,CE,Federal Contract Tower,8,25,30,10,73,0,0,26,13,39,8,25,56,23,112,45,0,45,157
06/25/2009,LRD,TX,ASW,CE,Federal Contract Tower,10,26,27,20,83,0,0,42,8,50,10,26,69,28,133,0,60,60,193
06/26/2009,LRD,TX,ASW,CE,Federal Contract Tower,8,18,14,7,47,0,2,44,7,53,8,20,58,14,100,10,20,30,130
06/27/2009,LRD,TX,ASW,CE,Federal Contract Tower,2,10,22,0,34,0,0,13,16,29,2,10,35,16,63,0,0,0,63
06/28/2009,LRD,TX,ASW,CE,Federal Contract Tower,0,15,12,1,28,0,2,18,16,36,0,17,30,17,64,0,0,0,64
06/29/2009,LRD,TX,ASW,CE,Federal Contract Tower,7,18,17,49,91,0,0,35,4,39,7,18,52,53,130,0,306,306,436
06/30/2009,LRD,TX,ASW,CE,Federal Contract Tower,10,24,20,38,92,0,0,24,2,26,10,24,44,40,118,10,142,152,270
07/01/2009,LRD,TX,ASW,CE,Federal Contract Tower,10,23,21,32,86,0,1,22,3,26,10,24,43,35,112,0,110,110,222
07/02/2009,LRD,TX,ASW,CE,Federal Contract Tower,9,16,24,0,49,0,0,34,0,34,9,16,58,0,83,0,0,0,83
07/03/2009,LRD,TX,ASW,CE,Federal Contract Tower,4,17,13,0,34,0,0,25,0,25,4,17,38,0,59,0,0,0,59
07/04/2009,LRD,TX,ASW,CE,Federal Contract Tower,0,10,3,0,13,0,0,5,6,11,0,10,8,6,24,0,0,0,24
07/05/2009,LRD,TX,ASW,CE,Federal Contract Tower,1,17,8,0,26,0,0,14,2,16,1,17,22,2,42,0,0,0,42
07/06/2009,LRD,TX,ASW,CE,Federal Contract Tower,9,21,32,10,72,0,0,17,5,22,9,21,49,15,94,2,0,2,96
07/07/2009,LRD,TX,ASW,CE,Federal Contract Tower,12,19,11,4,46,0,0,20,5,25,12,19,31,9,71,0,30,30,101
07/08/2009,LRD,TX,ASW,CE,Federal Contract Tower,10,18,21,29,78,0,0,20,5,25,10,18,41,34,103,2,90,92,195
07/09/2009,LRD,TX,ASW,CE,Federal Contract Tower,11,22,11,7,51,0,0,15,2,17,11,22,26,9,68,0,0,0,68
07/10/2009,LRD,TX,ASW,CE,Federal Contract Tower,11,22,20,4,57,0,0,29,0,29,11,22,49,4,86,4,0,4,90
07/11/2009,LRD,TX,ASW,CE,Federal Contract Tower,2,12,4,6,24,0,0,10,0,10,2,12,14,6,34,0,0,0,34
07/12/2009,LRD,TX,ASW,CE,Federal Contract Tower,0,19,7,1,27,0,0,16,0,16,0,19,23,1,43,0,0,0,43
07/13/2009,LRD,TX,ASW,CE,Federal Contract Tower,8,28,12,12,60,0,0,33,4,37,8,28,45,16,97,0,144,144,241
07/14/2009,LRD,TX,ASW,CE,Federal Contract Tower,9,19,10,8,46,0,0,28,1,29,9,19,38,9,75,0,64,64,139
07/15/2009,LRD,TX,ASW,CE,Federal Contract Tower,11,26,17,6,60,0,0,19,3,22,11,26,36,9,82,0,38,38,120
07/16/2009,LRD,TX,ASW,CE,Federal Contract Tower,11,21,17,4,53,0,0,13,0,13,11,21,30,4,66,0,0,0,66
07/17/2009,LRD,TX,ASW,CE,Federal Contract Tower,9,17,17,11,54,0,0,25,2,27,9,17,42,13,81,0,144,144,225
07/18/2009,LRD,TX,ASW,CE,Federal Contract Tower,2,8,10,2,22,0,0,9,0,9,2,8,19,2,31,0,0,0,31
07/19/2009,LRD,TX,ASW,CE,Federal Contract Tower,0,12,3,4,19,0,0,7,0,7,0,12,10,4,26,0,0,0,26
07/20/2009,LRD,TX,ASW,CE,Federal Contract Tower,5,20,14,16,55,0,0,22,0,22,5,20,36,16,77,10,226,236,313
07/21/2009,LRD,TX,ASW,CE,Federal Contract Tower,7,22,17,8,54,0,0,25,5,30,7,22,42,13,84,0,266,266,350
07/22/2009,LRD,TX,ASW,CE,Federal Contract Tower,12,27,29,15,83,0,0,16,2,18,12,27,45,17,101,0,34,34,135
07/23/2009,LRD,TX,ASW,CE,Federal Contract Tower,9,27,26,12,74,0,0,30,2,32,9,27,56,14,106,0,254,254,360
07/24/2009,LRD,TX,ASW,CE,Federal Contract Tower,8,17,20,6,51,0,0,43,2,45,8,17,63,8,96,0,20,20,116
07/25/2009,LRD,TX,ASW,CE,Federal Contract Tower,2,9,10,0,21,0,0,19,0,19,2,9,29,0,40,0,0,0,40
07/26/2009,LRD,TX,ASW,CE,Federal Contract Tower,0,12,9,0,21,0,0,6,0,6,0,12,15,0,27,0,0,0,27
07/27/2009,LRD,TX,ASW,CE,Federal Contract Tower,7,16,10,23,56,0,0,22,5,27,7,16,32,28,83,18,42,60,143
07/28/2009,LRD,TX,ASW,CE,Federal Contract Tower,9,28,17,8,62,0,0,27,1,28,9,28,44,9,90,0,54,54,144
07/29/2009,LRD,TX,ASW,CE,Federal Contract Tower,9,33,28,6,76,0,0,30,4,34,9,33,58,10,110,0,42,42,152
07/30/2009,LRD,TX,ASW,CE,Federal Contract Tower,12,25,25,17,79,0,0,20,0,20,12,25,45,17,99,0,90,90,189
07/31/2009,LRD,TX,ASW,CE,Federal Contract Tower,8,19,20,9,56,0,0,17,1,18,8,19,37,10,74,0,50,50,124
08/01/2009,LRD,TX,ASW,CE,Federal Contract Tower,3,8,11,0,22,0,0,11,0,11,3,8,22,0,33,0,0,0,33
08/02/2009,LRD,TX,ASW,CE,Federal Contract Tower,0,15,8,0,23,0,0,14,0,14,0,15,22,0,37,0,0,0,37
08/03/2009,LRD,TX,ASW,CE,Federal Contract Tower,5,25,25,6,61,0,0,26,3,29,5,25,51,9,90,0,0,0,90
08/04/2009,LRD,TX,ASW,CE,Federal Contract Tower,8,33,16,4,61,0,0,31,13,44,8,33,47,17,105,2,20,22,127
08/05/2009,LRD,TX,ASW,CE,Federal Contract Tower,8,25,18,4,55,0,0,23,0,23,8,25,41,4,78,0,10,10,88
08/06/2009,LRD,TX,ASW,CE,Federal Contract Tower,15,19,25,2,61,0,0,41,1,42,15,19,66,3,103,0,0,0,103
08/07/2009,LRD,TX,ASW,CE,Federal Contract Tower,7,21,15,4,47,0,0,36,7,43,7,21,51,11,90,0,70,70,160
08/08/2009,LRD,TX,ASW,CE,Federal Contract Tower,5,10,13,2,30,0,0,13,0,13,5,10,26,2,43,0,0,0,43
08/09/2009,LRD,TX,ASW,CE,Federal Contract Tower,0,13,5,0,18,0,0,8,0,8,0,13,13,0,26,0,0,0,26
08/10/2009,LRD,TX,ASW,CE,Federal Contract Tower,7,24,20,9,60,0,0,11,1,12,7,24,31,10,72,0,176,176,248
08/11/2009,LRD,TX,ASW,CE,Federal Contract Tower,13,27,15,5,60,0,0,14,12,26,13,27,29,17,86,0,50,50,136
08/12/2009,LRD,TX,ASW,CE,Federal Contract Tower,14,24,27,5,70,0,0,24,12,36,14,24,51,17,106,2,26,28,134
08/13/2009,LRD,TX,ASW,CE,Federal Contract Tower,10,25,19,5,59,0,0,18,11,29,10,25,37,16,88,0,36,36,124
08/14/2009,LRD,TX,ASW,CE,Federal Contract Tower,7,20,19,4,50,0,0,36,13,49,7,20,55,17,99,6,58,64,163
08/15/2009,LRD,TX,ASW,CE,Federal Contract Tower,2,14,8,1,25,0,0,15,8,23,2,14,23,9,48,0,0,0,48
08/16/2009,LRD,TX,ASW,CE,Federal Contract Tower,1,11,10,2,24,0,0,16,2,18,1,11,26,4,42,0,0,0,42
08/17/2009,LRD,TX,ASW,CE,Federal Contract Tower,7,24,25,18,74,0,0,21,16,37,7,24,46,34,111,20,174,194,305
08/18/2009,LRD,TX,ASW,CE,Federal Contract Tower,11,21,13,13,58,0,0,33,9,42,11,21,46,22,100,0,80,80,180
08/19/2009,LRD,TX,ASW,CE,Federal Contract Tower,12,25,28,8,73,0,0,49,5,54,12,25,77,13,127,46,60,106,233
08/20/2009,LRD,TX,ASW,CE,Federal Contract Tower,13,29,23,4,69,0,0,21,6,27,13,29,44,10,96,30,0,30,126
08/21/2009,LRD,TX,ASW,CE,Federal Contract Tower,6,26,18,3,53,0,0,36,3,39,6,26,54,6,92,30,40,70,162
08/22/2009,LRD,TX,ASW,CE,Federal Contract Tower,1,9,5,0,15,0,0,23,3,26,1,9,28,3,41,0,0,0,41
08/23/2009,LRD,TX,ASW,CE,Federal Contract Tower,3,22,4,0,29,0,0,23,4,27,3,22,27,4,56,10,0,10,66
08/24/2009,LRD,TX,ASW,CE,Federal Contract Tower,14,21,10,7,52,0,0,28,8,36,14,21,38,15,88,12,54,66,154
08/25/2009,LRD,TX,ASW,CE,Federal Contract Tower,17,32,17,4,70,0,0,38,11,49,17,32,55,15,119,50,22,72,191
08/26/2009,LRD,TX,ASW,CE,Federal Contract Tower,14,31,22,10,77,0,0,35,4,39,14,31,57,14,116,32,98,130,246
08/27/2009,LRD,TX,ASW,CE,Federal Contract Tower,15,31,39,25,110,0,0,35,4,39,15,31,74,29,149,10,154,164,313
08/28/2009,LRD,TX,ASW,CE,Federal Contract Tower,11,26,18,2,57,0,38,2,0,40,11,64,20,2,97,2,78,80,177
08/29/2009,LRD,TX,ASW,CE,Federal Contract Tower,10,14,10,0,34,0,0,30,0,30,10,14,40,0,64,0,0,0,64
08/30/2009,LRD,TX,ASW,CE,Federal Contract Tower,1,18,10,0,29,0,0,21,0,21,1,18,31,0,50,0,0,0,50
08/31/2009,LRD,TX,ASW,CE,Federal Contract Tower,12,32,19,0,63,0,0,19,2,21,12,32,38,2,84,0,0,0,84
09/01/2009,LRD,TX,ASW,CE,Federal Contract Tower,13,30,13,6,62,0,0,16,0,16,13,30,29,6,78,0,0,0,78
09/02/2009,LRD,TX,ASW,CE,Federal Contract Tower,12,35,20,10,77,0,0,25,0,25,12,35,45,10,102,34,24,58,160
09/03/2009,LRD,TX,ASW,CE,Federal Contract Tower,19,29,24,4,76,0,0,34,12,46,19,29,58,16,122,2,120,122,244
09/04/2009,LRD,TX,ASW,CE,Federal Contract Tower,9,28,18,2,57,0,0,32,0,32,9,28,50,2,89,22,40,62,151
09/05/2009,LRD,TX,ASW,CE,Federal Contract Tower,2,15,11,0,28,0,0,10,0,10,2,15,21,0,38,0,0,0,38
09/06/2009,LRD,TX,ASW,CE,Federal Contract Tower,0,14,7,0,21,0,0,9,0,9,0,14,16,0,30,0,0,0,30
09/07/2009,LRD,TX,ASW,CE,Federal Contract Tower,4,20,16,0,40,0,0,16,0,16,4,20,32,0,56,0,0,0,56
09/08/2009,LRD,TX,ASW,CE,Federal Contract Tower,5,34,21,6,66,0,0,18,1,19,5,34,39,7,85,12,140,152,237
09/09/2009,LRD,TX,ASW,CE,Federal Contract Tower,15,26,15,20,76,0,0,18,0,18,15,26,33,20,94,0,138,138,232
09/10/2009,LRD,TX,ASW,CE,Federal Contract Tower,12,25,35,0,72,0,0,8,0,8,12,25,43,0,80,0,0,0,80
09/11/2009,LRD,TX,ASW,CE,Federal Contract Tower,13,34,26,1,74,0,0,16,1,17,13,34,42,2,91,0,0,0,91
09/12/2009,LRD,TX,ASW,CE,Federal Contract Tower,8,17,16,0,41,0,0,9,0,9,8,17,25,0,50,0,0,0,50
09/13/2009,LRD,TX,ASW,CE,Federal Contract Tower,5,20,18,2,45,0,0,16,1,17,5,20,34,3,62,0,0,0,62
09/14/2009,LRD,TX,ASW,CE,Federal Contract Tower,14,25,29,26,94,0,0,37,6,43,14,25,66,32,137,0,380,380,517
09/15/2009,LRD,TX,ASW,CE,Federal Contract Tower,17,47,20,7,91,0,0,30,8,38,17,47,50,15,129,0,70,70,199
09/16/2009,LRD,TX,ASW,CE,Federal Contract Tower,17,36,42,16,111,0,0,40,5,45,17,36,82,21,156,0,308,308,464
09/17/2009,LRD,TX,ASW,CE,Federal Contract Tower,15,39,29,10,93,0,0,46,1,47,15,39,75,11,140,0,208,208,348
09/18/2009,LRD,TX,ASW,CE,Federal Contract Tower,10,37,31,10,88,0,0,35,0,35,10,37,66,10,123,22,44,66,189
09/19/2009,LRD,TX,ASW,CE,Federal Contract Tower,2,8,8,1,19,0,0,18,0,18,2,8,26,1,37,0,0,0,37
09/20/2009,LRD,TX,ASW,CE,Federal Contract Tower,2,20,13,0,35,0,0,12,0,12,2,20,25,0,47,26,0,26,73
09/21/2009,LRD,TX,ASW,CE,Federal Contract Tower,8,36,24,10,78,0,0,28,6,34,8,36,52,16,112,0,150,150,262
09/22/2009,LRD,TX,ASW,CE,Federal Contract Tower,17,37,29,2,85,0,0,12,0,12,17,37,41,2,97,0,0,0,97
09/23/2009,LRD,TX,ASW,CE,Federal Contract Tower,13,37,59,0,109,0,0,9,0,9,13,37,68,0,118,0,0,0,118
09/24/2009,LRD,TX,ASW,CE,Federal Contract Tower,23,36,29,4,92,0,0,8,0,8,23,36,37,4,100,12,0,12,112
09/25/2009,LRD,TX,ASW,CE,Federal Contract Tower,11,46,32,2,91,0,0,14,0,14,11,46,46,2,105,0,0,0,105
09/26/2009,LRD,TX,ASW,CE,Federal Contract Tower,6,12,17,0,35,0,0,14,0,14,6,12,31,0,49,4,0,4,53
09/27/2009,LRD,TX,ASW,CE,Federal Contract Tower,5,21,23,0,49,0,0,16,0,16,5,21,39,0,65,4,0,4,69
09/28/2009,LRD,TX,ASW,CE,Federal Contract Tower,14,51,13,0,78,0,0,25,6,31,14,51,38,6,109,2,0,2,111
09/29/2009,LRD,TX,ASW,CE,Federal Contract Tower,19,48,22,0,89,0,0,12,8,20,19,48,34,8,109,0,0,0,109
09/30/2009,LRD,TX,ASW,CE,Federal Contract Tower,18,44,34,4,100,0,0,19,12,31,18,44,53,16,131,0,4,4,135
10/01/2009,LRD,TX,ASW,CE,Federal Contract Tower,13,35,56,7,111,0,0,31,5,36,13,35,87,12,147,0,44,44,191
10/02/2009,LRD,TX,ASW,CE,Federal Contract Tower,13,39,15,0,67,0,0,24,2,26,13,39,39,2,93,0,0,0,93
10/03/2009,LRD,TX,ASW,CE,Federal Contract Tower,2,15,12,0,29,0,0,7,0,7,2,15,19,0,36,0,0,0,36
10/04/2009,LRD,TX,ASW,CE,Federal Contract Tower,1,18,11,10,40,0,0,6,3,9,1,18,17,13,49,0,16,16,65
10/05/2009,LRD,TX,ASW,CE,Federal Contract Tower,10,36,22,13,81,0,0,27,8,35,10,36,49,21,116,20,406,426,542
10/06/2009,LRD,TX,ASW,CE,Federal Contract Tower,8,40,20,26,94,0,0,20,9,29,8,40,40,35,123,0,138,138,261
10/07/2009,LRD,TX,ASW,CE,Federal Contract Tower,13,36,22,13,84,0,0,32,15,47,13,36,54,28,131,0,0,0,131
10/08/2009,LRD,TX,ASW,CE,Federal Contract Tower,18,34,28,6,86,0,0,16,9,25,18,34,44,15,111,4,48,52,163
10/09/2009,LRD,TX,ASW,CE,Federal Contract Tower,15,27,26,4,72,0,0,20,6,26,15,27,46,10,98,13,0,13,111
10/10/2009,LRD,TX,ASW,CE,Federal Contract Tower,7,14,14,1,36,0,0,13,4,17,7,14,27,5,53,0,0,0,53
10/11/2009,LRD,TX,ASW,CE,Federal Contract Tower,2,10,17,0,29,0,0,1,0,1,2,10,18,0,30,0,0,0,30
10/12/2009,LRD,TX,ASW,CE,Federal Contract Tower,7,29,28,2,66,0,0,8,0,8,7,29,36,2,74,6,0,6,80
10/13/2009,LRD,TX,ASW,CE,Federal Contract Tower,7,34,33,0,74,0,0,14,11,25,7,34,47,11,99,0,0,0,99
10/14/2009,LRD,TX,ASW,CE,Federal Contract Tower,12,43,16,6,77,0,0,30,13,43,12,43,46,19,120,0,76,76,196
10/15/2009,LRD,TX,ASW,CE,Federal Contract Tower,16,20,33,14,83,0,0,30,17,47,16,20,63,31,130,12,248,260,390
10/16/2009,LRD,TX,ASW,CE,Federal Contract Tower,12,42,36,4,94,0,0,19,11,30,12,42,55,15,124,0,38,38,162
10/17/2009,LRD,TX,ASW,CE,Federal Contract Tower,3,15,12,0,30,0,0,17,2,19,3,15,29,2,49,0,0,0,49
10/18/2009,LRD,TX,ASW,CE,Federal Contract Tower,1,16,11,0,28,0,0,8,5,13,1,16,19,5,41,0,0,0,41
10/19/2009,LRD,TX,ASW,CE,Federal Contract Tower,13,24,23,9,69,0,0,24,4,28,13,24,47,13,97,10,214,224,321
10/20/2009,LRD,TX,ASW,CE,Federal Contract Tower,16,36,14,10,76,0,0,22,3,25,16,36,36,13,101,18,40,58,159
10/21/2009,LRD,TX,ASW,CE,Federal Contract Tower,10,28,29,15,82,0,0,29,11,40,10,28,58,26,122,0,262,262,384
10/22/2009,LRD,TX,ASW,CE,Federal Contract Tower,11,29,28,2,70,0,0,17,5,22,11,29,45,7,92,0,0,0,92
10/23/2009,LRD,TX,ASW,CE,Federal Contract Tower,16,29,30,0,75,0,0,38,3,41,16,29,68,3,116,0,0,0,116
10/24/2009,LRD,TX,ASW,CE,Federal Contract Tower,8,12,9,0,29,0,0,36,1,37,8,12,45,1,66,4,0,4,70
10/25/2009,LRD,TX,ASW,CE,Federal Contract Tower,2,16,17,0,35,0,0,31,2,33,2,16,48,2,68,10,0,10,78
10/26/2009,LRD,TX,ASW,CE,Federal Contract Tower,14,30,19,0,63,0,0,8,2,10,14,30,27,2,73,0,0,0,73
10/27/2009,LRD,TX,ASW,CE,Federal Contract Tower,19,45,31,1,96,0,0,40,8,48,19,45,71,9,144,4,104,108,252
10/28/2009,LRD,TX,ASW,CE,Federal Contract Tower,17,48,27,2,94,1,2,41,25,69,18,50,68,27,163,12,32,44,207
10/29/2009,LRD,TX,ASW,CE,Federal Contract Tower,10,38,28,18,94,0,0,31,9,40,10,38,59,27,134,0,284,284,418
10/30/2009,LRD,TX,ASW,CE,Federal Contract Tower,9,32,32,7,80,0,2,40,3,45,9,34,72,10,125,0,50,50,175
10/31/2009,LRD,TX,ASW,CE,Federal Contract Tower,9,11,15,0,35,0,0,25,0,25,9,11,40,0,60,0,0,0,60
11/01/2009,LRD,TX,ASW,CE,Federal Contract Tower,0,16,8,0,24,0,26,0,0,26,0,42,8,0,50,0,0,0,50
11/02/2009,LRD,TX,ASW,CE,Federal Contract Tower,11,22,11,4,48,0,0,32,8,40,11,22,43,12,88,0,60,60,148
11/03/2009,LRD,TX,ASW,CE,Federal Contract Tower,14,27,17,0,58,0,0,34,4,38,14,27,51,4,96,10,0,10,106
11/04/2009,LRD,TX,ASW,CE,Federal Contract Tower,11,38,25,4,78,0,0,41,2,43,11,38,66,6,121,4,80,84,205
11/05/2009,LRD,TX,ASW,CE,Federal Contract Tower,11,45,28,0,84,0,0,44,2,46,11,45,72,2,130,10,0,10,140
11/06/2009,LRD,TX,ASW,CE,Federal Contract Tower,7,35,19,13,74,0,0,34,1,35,7,35,53,14,109,6,74,80,189
11/07/2009,LRD,TX,ASW,CE,Federal Contract Tower,2,19,7,0,28,0,0,17,0,17,2,19,24,0,45,0,0,0,45
11/08/2009,LRD,TX,ASW,CE,Federal Contract Tower,5,20,23,0,48,0,0,12,0,12,5,20,35,0,60,0,0,0,60
11/09/2009,LRD,TX,ASW,CE,Federal Contract Tower,12,27,36,2,77,0,0,21,6,27,12,27,57,8,104,0,0,0,104
11/10/2009,LRD,TX,ASW,CE,Federal Contract Tower,15,23,26,2,66,0,0,41,6,47,15,23,67,8,113,10,60,70,183
11/11/2009,LRD,TX,ASW,CE,Federal Contract Tower,8,35,29,0,72,0,0,38,0,38,8,35,67,0,110,4,0,4,114
11/12/2009,LRD,TX,ASW,CE,Federal Contract Tower,14,41,34,5,94,0,0,18,12,30,14,41,52,17,124,0,80,80,204
11/13/2009,LRD,TX,ASW,CE,Federal Contract Tower,14,32,32,2,80,0,0,42,1,43,14,32,74,3,123,6,60,66,189
11/14/2009,LRD,TX,ASW,CE,Federal Contract Tower,3,18,10,2,33,0,0,31,0,31,3,18,41,2,64,10,0,10,74
11/15/2009,LRD,TX,ASW,CE,Federal Contract Tower,2,24,27,0,53,0,0,9,0,9,2,24,36,0,62,0,0,0,62
11/16/2009,LRD,TX,ASW,CE,Federal Contract Tower,7,22,25,2,56,0,0,31,3,34,7,22,56,5,90,0,80,80,170
11/17/2009,LRD,TX,ASW,CE,Federal Contract Tower,15,28,16,0,59,0,0,29,0,29,15,28,45,0,88,0,0,0,88
11/18/2009,LRD,TX,ASW,CE,Federal Contract Tower,16,42,34,2,94,0,0,42,2,44,16,42,76,4,138,4,0,4,142
11/19/2009,LRD,TX,ASW,CE,Federal Contract Tower,17,55,29,13,114,0,0,28,7,35,17,55,57,20,149,0,12,12,161
11/20/2009,LRD,TX,ASW,CE,Federal Contract Tower,8,35,34,2,79,0,0,4,0,4,8,35,38,2,83,0,0,0,83
11/21/2009,LRD,TX,ASW,CE,Federal Contract Tower,3,19,21,0,43,0,0,29,4,33,3,19,50,4,76,0,4,4,80
11/22/2009,LRD,TX,ASW,CE,Federal Contract Tower,0,17,15,0,32,0,0,21,0,21,0,17,36,0,53,0,0,0,53
11/23/2009,LRD,TX,ASW,CE,Federal Contract Tower,10,33,15,0,58,0,0,25,2,27,10,33,40,2,85,4,0,4,89
11/24/2009,LRD,TX,ASW,CE,Federal Contract Tower,24,42,29,0,95,0,0,21,0,21,24,42,50,0,116,6,0,6,122
11/25/2009,LRD,TX,ASW,CE,Federal Contract Tower,15,41,27,0,83,0,0,40,0,40,15,41,67,0,123,0,0,0,123
11/26/2009,LRD,TX,ASW,CE,Federal Contract Tower,10,14,14,0,38,0,0,18,0,18,10,14,32,0,56,0,0,0,56
11/27/2009,LRD,TX,ASW,CE,Federal Contract Tower,16,22,17,0,55,0,1,22,0,23,16,23,39,0,78,10,0,10,88
11/28/2009,LRD,TX,ASW,CE,Federal Contract Tower,5,15,12,0,32,0,0,24,0,24,5,15,36,0,56,4,0,4,60
11/29/2009,LRD,TX,ASW,CE,Federal Contract Tower,5,16,28,0,49,0,0,12,0,12,5,16,40,0,61,0,0,0,61
11/30/2009,LRD,TX,ASW,CE,Federal Contract Tower,10,25,21,2,58,0,0,7,0,7,10,25,28,2,65,20,0,20,85
12/01/2009,LRD,TX,ASW,CE,Federal Contract Tower,16,51,21,0,88,0,0,6,0,6,16,51,27,0,94,20,0,20,114
12/02/2009,LRD,TX,ASW,CE,Federal Contract Tower,21,35,31,20,107,0,0,41,14,55,21,35,72,34,162,30,230,260,422
12/03/2009,LRD,TX,ASW,CE,Federal Contract Tower,14,32,24,13,83,0,0,34,6,40,14,32,58,19,123,0,150,150,273
12/04/2009,LRD,TX,ASW,CE,Federal Contract Tower,14,34,24,0,72,0,0,25,0,25,14,34,49,0,97,0,0,0,97
12/05/2009,LRD,TX,ASW,CE,Federal Contract Tower,7,13,8,0,28,0,0,23,0,23,7,13,31,0,51,10,0,10,61
12/06/2009,LRD,TX,ASW,CE,Federal Contract Tower,4,19,10,2,35,0,0,25,1,26,4,19,35,3,61,0,0,0,61
12/07/2009,LRD,TX,ASW,CE,Federal Contract Tower,7,9,11,0,27,0,0,0,0,0,7,9,11,0,27,0,0,0,27
12/08/2009,LRD,TX,ASW,CE,Federal Contract Tower,13,30,42,12,97,0,0,3,7,10,13,30,45,19,107,0,0,0,107
12/09/2009,LRD,TX,ASW,CE,Federal Contract Tower,17,39,38,2,96,0,1,32,23,56,17,40,70,25,152,4,0,4,156
12/10/2009,LRD,TX,ASW,CE,Federal Contract Tower,22,40,35,12,109,0,0,39,5,44,22,40,74,17,153,20,80,100,253
12/11/2009,LRD,TX,ASW,CE,Federal Contract Tower,11,46,47,0,104,0,0,0,0,0,11,46,47,0,104,0,0,0,104
12/12/2009,LRD,TX,ASW,CE,Federal Contract Tower,8,16,24,0,48,0,0,7,1,8,8,16,31,1,56,0,0,0,56
12/13/2009,LRD,TX,ASW,CE,Federal Contract Tower,2,21,25,0,48,0,0,6,3,9,2,21,31,3,57,0,0,0,57
12/14/2009,LRD,TX,ASW,CE,Federal Contract Tower,5,25,25,0,55,0,0,0,0,0,5,25,25,0,55,0,0,0,55
12/15/2009,LRD,TX,ASW,CE,Federal Contract Tower,14,34,31,0,79,0,0,0,0,0,14,34,31,0,79,0,0,0,79
12/16/2009,LRD,TX,ASW,CE,Federal Contract Tower,23,67,29,0,119,0,0,19,6,25,23,67,48,6,144,14,0,14,158
12/17/2009,LRD,TX,ASW,CE,Federal Contract Tower,24,50,42,9,125,0,0,15,17,32,24,50,57,26,157,2,14,16,173
12/18/2009,LRD,TX,ASW,CE,Federal Contract Tower,15,47,43,2,107,0,0,22,3,25,15,47,65,5,132,0,0,0,132
12/19/2009,LRD,TX,ASW,CE,Federal Contract Tower,11,30,20,1,62,0,0,37,2,39,11,30,57,3,101,4,0,4,105
12/20/2009,LRD,TX,ASW,CE,Federal Contract Tower,6,21,23,0,50,0,0,12,0,12,6,21,35,0,62,0,0,0,62
12/21/2009,LRD,TX,ASW,CE,Federal Contract Tower,11,46,14,6,77,0,0,37,6,43,11,46,51,12,120,0,160,160,280
12/22/2009,LRD,TX,ASW,CE,Federal Contract Tower,21,20,36,1,78,0,0,26,5,31,21,20,62,6,109,10,4,14,123
12/23/2009,LRD,TX,ASW,CE,Federal Contract Tower,7,24,14,2,47,0,0,30,9,39,7,24,44,11,86,0,0,0,86
12/24/2009,LRD,TX,ASW,CE,Federal Contract Tower,7,21,7,0,35,0,1,9,0,10,7,22,16,0,45,0,0,0,45
12/25/2009,LRD,TX,ASW,CE,Federal Contract Tower,0,15,4,0,19,0,0,21,0,21,0,15,25,0,40,0,0,0,40
12/26/2009,LRD,TX,ASW,CE,Federal Contract Tower,2,28,37,0,67,0,0,15,0,15,2,28,52,0,82,0,0,0,82
12/27/2009,LRD,TX,ASW,CE,Federal Contract Tower,2,32,23,0,57,0,0,19,0,19,2,32,42,0,76,0,0,0,76
12/28/2009,LRD,TX,ASW,CE,Federal Contract Tower,7,27,13,0,47,0,0,19,0,19,7,27,32,0,66,0,0,0,66
12/29/2009,LRD,TX,ASW,CE,Federal Contract Tower,10,17,17,0,44,0,0,3,0,3,10,17,20,0,47,0,0,0,47
12/30/2009,LRD,TX,ASW,CE,Federal Contract Tower,8,19,28,2,57,0,0,19,0,19,8,19,47,2,76,24,0,24,100
12/31/2009,LRD,TX,ASW,CE,Federal Contract Tower,7,19,17,0,43,0,2,9,0,11,7,21,26,0,54,0,0,0,54
01/01/2010,LRD,TX,ASW,CE,Federal Contract Tower,0,24,13,0,37,0,0,17,0,17,0,24,30,0,54,10,0,10,64
01/02/2010,LRD,TX,ASW,CE,Federal Contract Tower,3,22,33,0,58,0,0,14,0,14,3,22,47,0,72,0,0,0,72
01/03/2010,LRD,TX,ASW,CE,Federal Contract Tower,3,21,40,0,64,0,0,8,0,8,3,21,48,0,72,0,0,0,72
01/04/2010,LRD,TX,ASW,CE,Federal Contract Tower,5,19,42,3,69,0,0,34,7,41,5,19,76,10,110,0,0,0,110
01/05/2010,LRD,TX,ASW,CE,Federal Contract Tower,11,27,20,4,62,0,0,35,7,42,11,27,55,11,104,44,0,44,148
01/06/2010,LRD,TX,ASW,CE,Federal Contract Tower,11,26,36,0,73,0,0,24,6,30,11,26,60,6,103,24,0,24,127
01/07/2010,LRD,TX,ASW,CE,Federal Contract Tower,14,24,30,0,68,0,0,54,14,68,14,24,84,14,136,0,0,0,136
01/08/2010,LRD,TX,ASW,CE,Federal Contract Tower,7,30,20,13,70,0,0,44,1,45,7,30,64,14,115,90,400,490,605
01/09/2010,LRD,TX,ASW,CE,Federal Contract Tower,2,14,17,4,37,0,1,15,0,16,2,15,32,4,53,0,0,0,53
01/10/2010,LRD,TX,ASW,CE,Federal Contract Tower,0,21,29,0,50,0,0,22,0,22,0,21,51,0,72,2,0,2,74
01/11/2010,LRD,TX,ASW,CE,Federal Contract Tower,7,33,18,14,72,0,0,31,3,34,7,33,49,17,106,58,90,148,254
01/12/2010,LRD,TX,ASW,CE,Federal Contract Tower,8,25,42,2,77,0,0,6,0,6,8,25,48,2,83,0,0,0,83
01/13/2010,LRD,TX,ASW,CE,Federal Contract Tower,11,34,42,0,87,0,0,5,2,7,11,34,47,2,94,20,0,20,114
01/14/2010,LRD,TX,ASW,CE,Federal Contract Tower,9,29,33,0,71,0,0,4,0,4,9,29,37,0,75,0,0,0,75
01/15/2010,LRD,TX,ASW,CE,Federal Contract Tower,10,33,20,0,63,0,0,2,0,2,10,33,22,0,65,0,0,0,65
01/16/2010,LRD,TX,ASW,CE,Federal Contract Tower,3,15,16,4,38,0,0,21,5,26,3,15,37,9,64,0,0,0,64
01/17/2010,LRD,TX,ASW,CE,Federal Contract Tower,0,18,19,0,37,0,0,11,4,15,0,18,30,4,52,0,0,0,52
01/18/2010,LRD,TX,ASW,CE,Federal Contract Tower,5,27,24,0,56,0,0,11,6,17,5,27,35,6,73,10,0,10,83
01/19/2010,LRD,TX,ASW,CE,Federal Contract Tower,9,29,22,7,67,0,0,30,15,45,9,29,52,22,112,48,20,68,180
01/20/2010,LRD,TX,ASW,CE,Federal Contract Tower,6,23,40,25,94,0,0,8,7,15,6,23,48,32,109,20,24,44,153
01/21/2010,LRD,TX,ASW,CE,Federal Contract Tower,11,33,48,18,110,0,0,24,7,31,11,33,72,25,141,0,110,110,251
01/22/2010,LRD,TX,ASW,CE,Federal Contract Tower,8,32,30,5,75,0,1,29,2,32,8,33,59,7,107,2,28,30,137
01/23/2010,LRD,TX,ASW,CE,Federal Contract Tower,2,9,26,0,37,0,0,22,0,22,2,9,48,0,59,0,0,0,59
01/24/2010,LRD,TX,ASW,CE,Federal Contract Tower,0,17,12,2,31,0,0,15,2,17,0,17,27,4,48,2,2,4,52
01/25/2010,LRD,TX,ASW,CE,Federal Contract Tower,12,20,19,13,64,0,0,34,5,39,12,20,53,18,103,0,60,60,163
01/26/2010,LRD,TX,ASW,CE,Federal Contract Tower,12,27,32,13,84,0,0,37,21,58,12,27,69,34,142,20,54,74,216
01/27/2010,LRD,TX,ASW,CE,Federal Contract Tower,12,24,26,12,74,0,0,19,12,31,12,24,45,24,105,30,0,30,135
01/28/2010,LRD,TX,ASW,CE,Federal Contract Tower,11,34,34,10,89,0,0,11,1,12,11,34,45,11,101,5,40,45,146
01/29/2010,LRD,TX,ASW,CE,Federal Contract Tower,10,23,27,43,103,0,2,22,1,25,10,25,49,44,128,10,312,322,450
01/30/2010,LRD,TX,ASW,CE,Federal Contract Tower,2,12,15,2,31,0,0,22,0,22,2,12,37,2,53,22,0,22,75
01/31/2010,LRD,TX,ASW,CE,Federal Contract Tower,1,16,22,6,45,0,0,13,0,13,1,16,35,6,58,6,0,6,64
02/01/2010,LRD,TX,ASW,CE,Federal Contract Tower,8,27,30,17,82,0,0,9,2,11,8,27,39,19,93,0,10,10,103
02/02/2010,LRD,TX,ASW,CE,Federal Contract Tower,13,27,38,0,78,0,0,0,0,0,13,27,38,0,78,0,0,0,78
02/03/2010,LRD,TX,ASW,CE,Federal Contract Tower,10,22,10,0,42,0,0,0,0,0,10,22,10,0,42,0,0,0,42
02/04/2010,LRD,TX,ASW,CE,Federal Contract Tower,12,18,18,6,54,0,0,2,0,2,12,18,20,6,56,0,0,0,56
02/05/2010,LRD,TX,ASW,CE,Federal Contract Tower,11,30,29,0,70,0,0,31,0,31,11,30,60,0,101,0,0,0,101
02/06/2010,LRD,TX,ASW,CE,Federal Contract Tower,4,14,8,0,26,0,0,12,0,12,4,14,20,0,38,0,0,0,38
02/07/2010,LRD,TX,ASW,CE,Federal Contract Tower,1,22,20,0,43,0,0,11,0,11,1,22,31,0,54,0,0,0,54
02/08/2010,LRD,TX,ASW,CE,Federal Contract Tower,10,34,30,34,108,0,0,19,5,24,10,34,49,39,132,0,222,222,354
02/09/2010,LRD,TX,ASW,CE,Federal Contract Tower,9,33,24,20,86,0,1,44,6,51,9,34,68,26,137,12,110,122,259
02/10/2010,LRD,TX,ASW,CE,Federal Contract Tower,11,29,28,8,76,0,0,17,0,17,11,29,45,8,93,20,0,20,113
02/11/2010,LRD,TX,ASW,CE,Federal Contract Tower,10,18,28,9,65,0,0,0,0,0,10,18,28,9,65,0,0,0,65
02/12/2010,LRD,TX,ASW,CE,Federal Contract Tower,8,24,41,3,76,0,0,39,3,42,8,24,80,6,118,0,38,38,156
02/13/2010,LRD,TX,ASW,CE,Federal Contract Tower,16,16,5,3,40,0,0,33,2,35,16,16,38,5,75,10,0,10,85
02/14/2010,LRD,TX,ASW,CE,Federal Contract Tower,2,22,7,6,37,0,0,11,1,12,2,22,18,7,49,0,0,0,49
02/15/2010,LRD,TX,ASW,CE,Federal Contract Tower,10,30,34,0,74,0,0,24,0,24,10,30,58,0,98,0,0,0,98
02/16/2010,LRD,TX,ASW,CE,Federal Contract Tower,12,37,23,6,78,0,0,24,4,28,12,37,47,10,106,14,60,74,180
02/17/2010,LRD,TX,ASW,CE,Federal Contract Tower,23,44,20,10,97,0,0,29,7,36,23,44,49,17,133,30,120,150,283
02/18/2010,LRD,TX,ASW,CE,Federal Contract Tower,22,45,34,9,110,0,0,20,0,20,22,45,54,9,130,0,130,130,260
02/19/2010,LRD,TX,ASW,CE,Federal Contract Tower,10,38,30,9,87,0,0,6,0,6,10,38,36,9,93,10,0,10,103
02/20/2010,LRD,TX,ASW,CE,Federal Contract Tower,2,10,29,1,42,0,0,21,0,21,2,10,50,1,63,0,0,0,63
02/21/2010,LRD,TX,ASW,CE,Federal Contract Tower,0,14,28,2,44,0,0,12,0,12,0,14,40,2,56,0,0,0,56
02/22/2010,LRD,TX,ASW,CE,Federal Contract Tower,15,29,25,32,101,0,0,30,17,47,15,29,55,49,148,20,300,320,468
02/23/2010,LRD,TX,ASW,CE,Federal Contract Tower,10,25,22,12,69,0,0,5,4,9,10,25,27,16,78,0,14,14,92
02/24/2010,LRD,TX,ASW,CE,Federal Contract Tower,7,27,27,10,71,0,0,71,14,85,7,27,98,24,156,50,180,230,386
02/25/2010,LRD,TX,ASW,CE,Federal Contract Tower,7,33,18,7,65,0,3,53,4,60,7,36,71,11,125,0,52,52,177
02/26/2010,LRD,TX,ASW,CE,Federal Contract Tower,8,23,24,16,71,0,1,48,23,72,8,24,72,39,143,4,250,254,397
02/27/2010,LRD,TX,ASW,CE,Federal Contract Tower,6,11,9,0,26,0,0,25,4,29,6,11,34,4,55,0,0,0,55
02/28/2010,LRD,TX,ASW,CE,Federal Contract Tower,4,22,12,1,39,0,0,24,3,27,4,22,36,4,66,6,0,6,72
03/01/2010,LRD,TX,ASW,CE,Federal Contract Tower,9,21,20,35,85,0,0,13,1,14,9,21,33,36,99,0,544,544,643
03/02/2010,LRD,TX,ASW,CE,Federal Contract Tower,13,29,27,8,77,0,0,34,4,38,13,29,61,12,115,20,12,32,147
03/03/2010,LRD,TX,ASW,CE,Federal Contract Tower,11,25,19,21,76,0,0,38,10,48,11,25,57,31,124,30,180,210,334
03/04/2010,LRD,TX,ASW,CE,Federal Contract Tower,12,29,19,10,70,0,0,38,0,38,12,29,57,10,108,28,72,100,208
03/05/2010,LRD,TX,ASW,CE,Federal Contract Tower,8,31,39,0,78,0,0,14,0,14,8,31,53,0,92,0,0,0,92
03/06/2010,LRD,TX,ASW,CE,Federal Contract Tower,2,11,7,0,20,0,0,5,0,5,2,11,12,0,25,0,0,0,25
03/07/2010,LRD,TX,ASW,CE,Federal Contract Tower,2,18,14,6,40,0,0,7,0,7,2,18,21,6,47,0,0,0,47
03/08/2010,LRD,TX,ASW,CE,Federal Contract Tower,7,25,13,49,94,0,0,11,1,12,7,25,24,50,106,10,52,62,168
03/09/2010,LRD,TX,ASW,CE,Federal Contract Tower,12,32,18,22,84,0,0,51,6,57,12,32,69,28,141,14,90,104,245
03/10/2010,LRD,TX,ASW,CE,Federal Contract Tower,8,22,31,17,78,0,0,38,6,44,8,22,69,23,122,0,270,270,392
03/11/2010,LRD,TX,ASW,CE,Federal Contract Tower,16,32,34,6,88,0,1,25,2,28,16,33,59,8,116,0,130,130,246
03/12/2010,LRD,TX,ASW,CE,Federal Contract Tower,7,28,26,16,77,0,1,57,3,61,7,29,83,19,138,2,102,104,242
03/13/2010,LRD,TX,ASW,CE,Federal Contract Tower,4,21,27,0,52,0,0,32,0,32,4,21,59,0,84,16,0,16,100
03/14/2010,LRD,TX,ASW,CE,Federal Contract Tower,2,16,17,2,37,0,0,20,0,20,2,16,37,2,57,0,0,0,57
03/15/2010,LRD,TX,ASW,CE,Federal Contract Tower,12,25,16,24,77,0,0,21,1,22,12,25,37,25,99,0,30,30,129
03/16/2010,LRD,TX,ASW,CE,Federal Contract Tower,12,19,17,18,66,0,0,15,0,15,12,19,32,18,81,0,36,36,117
03/17/2010,LRD,TX,ASW,CE,Federal Contract Tower,15,34,19,8,76,0,0,48,2,50,15,34,67,10,126,46,70,116,242
03/18/2010,LRD,TX,ASW,CE,Federal Contract Tower,14,36,26,19,95,0,1,56,5,62,14,37,82,24,157,20,76,96,253
03/19/2010,LRD,TX,ASW,CE,Federal Contract Tower,8,26,27,6,67,0,0,29,7,36,8,26,56,13,103,0,16,16,119
03/20/2010,LRD,TX,ASW,CE,Federal Contract Tower,5,13,25,0,43,0,0,14,4,18,5,13,39,4,61,0,0,0,61
03/21/2010,LRD,TX,ASW,CE,Federal Contract Tower,5,12,21,4,42,0,0,28,6,34,5,12,49,10,76,0,0,0,76
03/22/2010,LRD,TX,ASW,CE,Federal Contract Tower,8,26,13,11,58,0,0,40,15,55,8,26,53,26,113,0,60,60,173
03/23/2010,LRD,TX,ASW,CE,Federal Contract Tower,11,22,21,13,67,0,1,40,13,54,11,23,61,26,121,10,70,80,201
03/24/2010,LRD,TX,ASW,CE,Federal Contract Tower,12,32,29,3,76,0,0,36,2,38,12,32,65,5,114,0,0,0,114
03/25/2010,LRD,TX,ASW,CE,Federal Contract Tower,18,38,27,2,85,0,0,31,0,31,18,38,58,2,116,0,60,60,176
03/26/2010,LRD,TX,ASW,CE,Federal Contract Tower,8,31,36,13,88,0,0,48,2,50,8,31,84,15,138,0,84,84,222
03/27/2010,LRD,TX,ASW,CE,Federal Contract Tower,6,19,26,2,53,0,0,30,4,34,6,19,56,6,87,0,0,0,87
03/28/2010,LRD,TX,ASW,CE,Federal Contract Tower,3,17,20,0,40,0,0,21,9,30,3,17,41,9,70,0,10,10,80
03/29/2010,LRD,TX,ASW,CE,Federal Contract Tower,9,26,19,12,66,0,0,54,12,66,9,26,73,24,132,4,30,34,166
03/30/2010,LRD,TX,ASW,CE,Federal Contract Tower,7,33,22,16,78,0,0,50,8,58,7,33,72,24,136,10,82,92,228
03/31/2010,LRD,TX,ASW,CE,Federal Contract Tower,12,27,25,26,90,0,0,52,17,69,12,27,77,43,159,0,330,330,489
04/01/2010,LRD,TX,ASW,CE,Federal Contract Tower,10,26,36,20,92,0,0,41,14,55,10,26,77,34,147,0,0,0,147
04/02/2010,LRD,TX,ASW,CE,Federal Contract Tower,7,18,11,23,59,0,2,41,6,49,7,20,52,29,108,10,20,30,138
04/03/2010,LRD,TX,ASW,CE,Federal Contract Tower,2,11,21,0,34,0,1,21,4,26,2,12,42,4,60,0,0,0,60
04/04/2010,LRD,TX,ASW,CE,Federal Contract Tower,0,13,24,0,37,0,0,13,0,13,0,13,37,0,50,0,0,0,50
04/05/2010,LRD,TX,ASW,CE,Federal Contract Tower,9,28,32,6,75,0,1,16,8,25,9,29,48,14,100,0,230,230,330
04/06/2010,LRD,TX,ASW,CE,Federal Contract Tower,13,42,27,13,95,0,0,42,8,50,13,42,69,21,145,10,72,82,227
04/07/2010,LRD,TX,ASW,CE,Federal Contract Tower,10,56,29,10,105,0,0,19,6,25,10,56,48,16,130,0,0,0,130
04/08/2010,LRD,TX,ASW,CE,Federal Contract Tower,14,38,27,1,80,0,4,61,13,78,14,42,88,14,158,0,0,0,158
04/09/2010,LRD,TX,ASW,CE,Federal Contract Tower,18,25,32,5,80,0,1,44,10,55,18,26,76,15,135,0,14,14,149
04/10/2010,LRD,TX,ASW,CE,Federal Contract Tower,2,19,15,4,40,0,0,36,6,42,2,19,51,10,82,0,0,0,82
04/11/2010,LRD,TX,ASW,CE,Federal Contract Tower,0,19,18,6,43,0,0,21,2,23,0,19,39,8,66,10,0,10,76
04/12/2010,LRD,TX,ASW,CE,Federal Contract Tower,11,31,12,6,60,0,0,18,6,24,11,31,30,12,84,0,0,0,84
04/13/2010,LRD,TX,ASW,CE,Federal Contract Tower,13,36,27,0,76,0,0,10,0,10,13,36,37,0,86,0,0,0,86
04/14/2010,LRD,TX,ASW,CE,Federal Contract Tower,13,36,28,0,77,0,0,18,0,18,13,36,46,0,95,4,0,4,99
04/15/2010,LRD,TX,ASW,CE,Federal Contract Tower,8,35,18,0,61,0,0,8,4,12,8,35,26,4,73,0,0,0,73
04/16/2010,LRD,TX,ASW,CE,Federal Contract Tower,11,25,19,2,57,0,0,22,2,24,11,25,41,4,81,5,38,43,124
04/17/2010,LRD,TX,ASW,CE,Federal Contract Tower,2,16,19,2,39,0,0,20,2,22,2,16,39,4,61,50,0,50,111
04/18/2010,LRD,TX,ASW,CE,Federal Contract Tower,2,19,24,6,51,0,0,18,1,19,2,19,42,7,70,10,0,10,80
04/19/2010,LRD,TX,ASW,CE,Federal Contract Tower,10,19,20,10,59,0,0,46,0,46,10,19,66,10,105,6,139,145,250
04/20/2010,LRD,TX,ASW,CE,Federal Contract Tower,14,27,29,9,79,0,0,31,1,32,14,27,60,10,111,40,0,40,151
04/21/2010,LRD,TX,ASW,CE,Federal Contract Tower,12,43,37,9,101,0,0,49,12,61,12,43,86,21,162,20,0,20,182
04/22/2010,LRD,TX,ASW,CE,Federal Contract Tower,16,36,33,2,87,0,1,35,2,38,16,37,68,4,125,18,0,18,143
04/23/2010,LRD,TX,ASW,CE,Federal Contract Tower,8,25,33,22,88,0,0,44,0,44,8,25,77,22,132,0,240,240,372
04/24/2010,LRD,TX,ASW,CE,Federal Contract Tower,2,16,18,0,36,0,0,45,0,45,2,16,63,0,81,10,0,10,91
04/25/2010,LRD,TX,ASW,CE,Federal Contract Tower,3,17,17,4,41,0,0,19,8,27,3,17,36,12,68,0,10,10,78
04/26/2010,LRD,TX,ASW,CE,Federal Contract Tower,9,23,20,22,74,0,0,0,0,0,9,23,20,22,74,30,124,154,228
04/27/2010,LRD,TX,ASW,CE,Federal Contract Tower,10,40,33,2,85,0,0,44,14,58,10,40,77,16,143,72,40,112,255
04/28/2010,LRD,TX,ASW,CE,Federal Contract Tower,14,34,22,8,78,0,0,60,5,65,14,34,82,13,143,28,82,110,253
04/29/2010,LRD,TX,ASW,CE,Federal Contract Tower,12,34,29,6,81,0,0,34,4,38,12,34,63,10,119,18,112,130,249
04/30/2010,LRD,TX,ASW,CE,Federal Contract Tower,8,27,26,15,76,0,0,32,10,42,8,27,58,25,118,10,80,90,208
05/01/2010,LRD,TX,ASW,CE,Federal Contract Tower,3,15,19,1,38,0,0,25,12,37,3,15,44,13,75,24,0,24,99
05/02/2010,LRD,TX,ASW,CE,Federal Contract Tower,0,16,11,4,31,0,0,21,13,34,0,16,32,17,65,0,0,0,65
05/03/2010,LRD,TX,ASW,CE,Federal Contract Tower,13,26,23,10,72,0,0,50,5,55,13,26,73,15,127,16,320,336,463
05/04/2010,LRD,TX,ASW,CE,Federal Contract Tower,9,26,18,13,66,0,0,53,5,58,9,26,71,18,124,40,172,212,336
05/05/2010,LRD,TX,ASW,CE,Federal Contract Tower,9,26,16,18,69,0,0,45,8,53,9,26,61,26,122,96,58,154,276
05/06/2010,LRD,TX,ASW,CE,Federal Contract Tower,10,39,31,5,85,0,0,36,8,44,10,39,67,13,129,30,86,116,245
05/07/2010,LRD,TX,ASW,CE,Federal Contract Tower,9,42,28,14,93,0,0,33,18,51,9,42,61,32,144,42,116,158,302
05/08/2010,LRD,TX,ASW,CE,Federal Contract Tower,2,15,14,2,33,0,0,17,8,25,2,15,31,10,58,0,0,0,58
05/09/2010,LRD,TX,ASW,CE,Federal Contract Tower,8,21,28,7,64,0,0,16,3,19,8,21,44,10,83,20,0,20,103
05/10/2010,LRD,TX,ASW,CE,Federal Contract Tower,11,30,33,14,88,0,0,38,4,42,11,30,71,18,130,62,134,196,326
05/11/2010,LRD,TX,ASW,CE,Federal Contract Tower,13,30,34,8,85,0,0,36,6,42,13,30,70,14,127,34,32,66,193
05/12/2010,LRD,TX,ASW,CE,Federal Contract Tower,9,35,35,12,91,0,1,31,7,39,9,36,66,19,130,20,162,182,312
05/13/2010,LRD,TX,ASW,CE,Federal Contract Tower,19,50,30,11,110,0,1,29,7,37,19,51,59,18,147,0,178,178,325
05/14/2010,LRD,TX,ASW,CE,Federal Contract Tower,7,28,43,12,90,0,0,24,0,24,7,28,67,12,114,20,2,22,136
05/15/2010,LRD,TX,ASW,CE,Federal Contract Tower,3,14,23,0,40,0,0,13,0,13,3,14,36,0,53,20,0,20,73
05/16/2010,LRD,TX,ASW,CE,Federal Contract Tower,1,14,16,0,31,0,0,18,2,20,1,14,34,2,51,10,0,10,61
05/17/2010,LRD,TX,ASW,CE,Federal Contract Tower,8,31,27,6,72,0,0,33,6,39,8,31,60,12,111,40,0,40,151
05/18/2010,LRD,TX,ASW,CE,Federal Contract Tower,20,25,23,7,75,0,0,34,14,48,20,25,57,21,123,170,20,190,313
05/19/2010,LRD,TX,ASW,CE,Federal Contract Tower,12,33,35,4,84,0,0,33,10,43,12,33,68,14,127,130,0,130,257
05/20/2010,LRD,TX,ASW,CE,Federal Contract Tower,16,33,35,5,89,0,0,29,1,30,16,33,64,6,119,20,4,24,143
05/21/2010,LRD,TX,ASW,CE,Federal Contract Tower,11,39,31,0,81,0,0,0,0,0,11,39,31,0,81,52,0,52,133
05/22/2010,LRD,TX,ASW,CE,Federal Contract Tower,3,23,9,3,38,0,0,15,1,16,3,23,24,4,54,20,20,40,94
05/23/2010,LRD,TX,ASW,CE,Federal Contract Tower,3,21,20,0,44,0,0,17,0,17,3,21,37,0,61,20,0,20,81
05/24/2010,LRD,TX,ASW,CE,Federal Contract Tower,11,30,21,6,68,0,0,25,5,30,11,30,46,11,98,55,0,55,153
05/25/2010,LRD,TX,ASW,CE,Federal Contract Tower,14,30,34,34,112,0,0,25,2,27,14,30,59,36,139,90,0,90,229
05/26/2010,LRD,TX,ASW,CE,Federal Contract Tower,16,40,40,23,119,0,0,45,10,55,16,40,85,33,174,4,124,128,302
05/27/2010,LRD,TX,ASW,CE,Federal Contract Tower,20,35,41,31,127,0,0,29,7,36,20,35,70,38,163,14,162,176,339
05/28/2010,LRD,TX,ASW,CE,Federal Contract Tower,14,34,40,6,94,0,0,28,5,33,14,34,68,11,127,2,0,2,129
05/29/2010,LRD,TX,ASW,CE,Federal Contract Tower,3,15,6,0,24,0,0,14,2,16,3,15,20,2,40,10,0,10,50
05/30/2010,LRD,TX,ASW,CE,Federal Contract Tower,4,11,3,0,18,0,0,16,0,16,4,11,19,0,34,0,0,0,34
05/31/2010,LRD,TX,ASW,CE,Federal Contract Tower,6,21,16,0,43,0,0,29,0,29,6,21,45,0,72,4,0,4,76
06/01/2010,LRD,TX,ASW,CE,Federal Contract Tower,14,35,16,5,70,0,0,42,22,64,14,35,58,27,134,58,0,58,192
06/02/2010,LRD,TX,ASW,CE,Federal Contract Tower,11,38,28,24,101,0,0,17,4,21,11,38,45,28,122,10,40,50,172
06/03/2010,LRD,TX,ASW,CE,Federal Contract Tower,15,35,34,2,86,0,0,45,12,57,15,35,79,14,143,38,0,38,181
06/04/2010,LRD,TX,ASW,CE,Federal Contract Tower,14,40,22,5,81,0,1,40,3,44,14,41,62,8,125,10,56,66,191
06/05/2010,LRD,TX,ASW,CE,Federal Contract Tower,5,14,7,4,30,0,0,23,0,23,5,14,30,4,53,20,0,20,73
06/06/2010,LRD,TX,ASW,CE,Federal Contract Tower,5,15,3,0,23,0,0,9,2,11,5,15,12,2,34,0,0,0,34
06/07/2010,LRD,TX,ASW,CE,Federal Contract Tower,20,26,28,0,74,0,0,18,3,21,20,26,46,3,95,18,0,18,113
06/08/2010,LRD,TX,ASW,CE,Federal Contract Tower,18,37,20,27,102,0,0,35,6,41,18,37,55,33,143,16,62,78,221
06/09/2010,LRD,TX,ASW,CE,Federal Contract Tower,19,43,44,9,115,0,0,28,5,33,19,43,72,14,148,62,0,62,210
06/10/2010,LRD,TX,ASW,CE,Federal Contract Tower,21,32,32,6,91,0,0,27,0,27,21,32,59,6,118,8,10,18,136
06/11/2010,LRD,TX,ASW,CE,Federal Contract Tower,16,39,33,2,90,0,0,25,7,32,16,39,58,9,122,80,38,118,240
06/12/2010,LRD,TX,ASW,CE,Federal Contract Tower,6,10,11,0,27,0,0,11,0,11,6,10,22,0,38,22,0,22,60
06/13/2010,LRD,TX,ASW,CE,Federal Contract Tower,7,13,18,0,38,0,0,14,3,17,7,13,32,3,55,0,0,0,55
06/14/2010,LRD,TX,ASW,CE,Federal Contract Tower,18,33,22,9,82,0,0,26,1,27,18,33,48,10,109,40,152,192,301
06/15/2010,LRD,TX,ASW,CE,Federal Contract Tower,26,50,29,11,116,0,0,40,6,46,26,50,69,17,162,0,312,312,474
06/16/2010,LRD,TX,ASW,CE,Federal Contract Tower,25,45,40,15,125,0,0,26,7,33,25,45,66,22,158,12,104,116,274
06/17/2010,LRD,TX,ASW,CE,Federal Contract Tower,24,32,18,10,84,0,1,35,0,36,24,33,53,10,120,0,130,130,250
06/18/2010,LRD,TX,ASW,CE,Federal Contract Tower,22,36,24,18,100,0,0,38,1,39,22,36,62,19,139,0,124,124,263
06/19/2010,LRD,TX,ASW,CE,Federal Contract Tower,12,15,11,0,38,0,0,18,0,18,12,15,29,0,56,0,0,0,56
06/20/2010,LRD,TX,ASW,CE,Federal Contract Tower,14,15,19,0,48,0,0,21,0,21,14,15,40,0,69,0,0,0,69
06/21/2010,LRD,TX,ASW,CE,Federal Contract Tower,24,29,20,2,75,0,0,47,13,60,24,29,67,15,135,16,76,92,227
06/22/2010,LRD,TX,ASW,CE,Federal Contract Tower,25,39,22,12,98,0,0,42,5,47,25,39,64,17,145,10,26,36,181
06/23/2010,LRD,TX,ASW,CE,Federal Contract Tower,25,41,27,13,106,0,1,28,7,36,25,42,55,20,142,10,90,100,242
06/24/2010,LRD,TX,ASW,CE,Federal Contract Tower,28,60,34,16,138,0,0,38,11,49,28,60,72,27,187,8,94,102,289
06/25/2010,LRD,TX,ASW,CE,Federal Contract Tower,26,32,25,8,91,0,0,25,5,30,26,32,50,13,121,10,42,52,173
06/26/2010,LRD,TX,ASW,CE,Federal Contract Tower,5,15,10,0,30,0,0,19,0,19,5,15,29,0,49,5,0,5,54
06/27/2010,LRD,TX,ASW,CE,Federal Contract Tower,6,16,23,0,45,0,0,22,0,22,6,16,45,0,67,0,0,0,67
06/28/2010,LRD,TX,ASW,CE,Federal Contract Tower,15,30,19,15,79,0,0,29,8,37,15,30,48,23,116,24,4,28,144
06/29/2010,LRD,TX,ASW,CE,Federal Contract Tower,24,37,15,3,79,0,0,31,2,33,24,37,46,5,112,4,144,148,260
06/30/2010,LRD,TX,ASW,CE,Federal Contract Tower,19,34,18,0,71,0,0,7,0,7,19,34,25,0,78,0,0,0,78
07/01/2010,LRD,TX,ASW,CE,Federal Contract Tower,17,42,8,0,67,0,0,5,0,5,17,42,13,0,72,0,0,0,72
07/02/2010,LRD,TX,ASW,CE,Federal Contract Tower,10,31,18,0,59,0,0,13,0,13,10,31,31,0,72,0,0,0,72
07/03/2010,LRD,TX,ASW,CE,Federal Contract Tower,3,12,10,0,25,0,0,13,0,13,3,12,23,0,38,0,0,0,38
07/04/2010,LRD,TX,ASW,CE,Federal Contract Tower,5,11,14,0,30,0,0,7,0,7,5,11,21,0,37,0,0,0,37
07/05/2010,LRD,TX,ASW,CE,Federal Contract Tower,9,19,21,0,49,0,0,21,2,23,9,19,42,2,72,0,0,0,72
07/06/2010,LRD,TX,ASW,CE,Federal Contract Tower,14,24,12,12,62,0,0,38,10,48,14,24,50,22,110,20,0,20,130
07/07/2010,LRD,TX,ASW,CE,Federal Contract Tower,16,29,31,16,92,0,0,36,8,44,16,29,67,24,136,10,20,30,166
07/08/2010,LRD,TX,ASW,CE,Federal Contract Tower,23,27,23,0,73,0,0,32,4,36,23,27,55,4,109,0,0,0,109
07/09/2010,LRD,TX,ASW,CE,Federal Contract Tower,17,33,20,10,80,0,0,31,9,40,17,33,51,19,120,0,10,10,130
07/10/2010,LRD,TX,ASW,CE,Federal Contract Tower,14,35,23,0,72,0,0,30,6,36,14,35,53,6,108,0,0,0,108
07/11/2010,LRD,TX,ASW,CE,Federal Contract Tower,16,39,21,0,76,0,0,21,2,23,16,39,42,2,99,20,0,20,119
07/12/2010,LRD,TX,ASW,CE,Federal Contract Tower,18,52,13,10,93,0,0,52,0,52,18,52,65,10,145,10,80,90,235
07/13/2010,LRD,TX,ASW,CE,Federal Contract Tower,34,72,38,14,158,0,0,33,10,43,34,72,71,24,201,0,0,0,201
07/14/2010,LRD,TX,ASW,CE,Federal Contract Tower,39,81,40,6,166,0,2,24,2,28,39,83,64,8,194,0,40,40,234
07/15/2010,LRD,TX,ASW,CE,Federal Contract Tower,33,85,33,4,155,0,0,49,0,49,33,85,82,4,204,8,18,26,230
07/16/2010,LRD,TX,ASW,CE,Federal Contract Tower,31,62,24,5,122,0,0,38,0,38,31,62,62,5,160,0,0,0,160
07/17/2010,LRD,TX,ASW,CE,Federal Contract Tower,22,30,13,1,66,0,0,41,9,50,22,30,54,10,116,30,0,30,146
07/18/2010,LRD,TX,ASW,CE,Federal Contract Tower,13,21,17,20,71,0,0,22,2,24,13,21,39,22,95,40,0,40,135
07/19/2010,LRD,TX,ASW,CE,Federal Contract Tower,14,39,14,3,70,0,0,25,0,25,14,39,39,3,95,0,50,50,145
07/20/2010,LRD,TX,ASW,CE,Federal Contract Tower,15,36,25,12,88,0,0,55,0,55,15,36,80,12,143,0,0,0,143
07/21/2010,LRD,TX,ASW,CE,Federal Contract Tower,14,42,27,16,99,0,2,55,8,65,14,44,82,24,164,0,30,30,194
07/22/2010,LRD,TX,ASW,CE,Federal Contract Tower,24,36,24,2,86,0,0,30,2,32,24,36,54,4,118,10,0,10,128
07/23/2010,LRD,TX,ASW,CE,Federal Contract Tower,12,34,29,2,77,0,0,28,0,28,12,34,57,2,105,20,10,30,135
07/24/2010,LRD,TX,ASW,CE,Federal Contract Tower,4,18,15,4,41,0,0,22,0,22,4,18,37,4,63,50,0,50,113
07/25/2010,LRD,TX,ASW,CE,Federal Contract Tower,2,12,16,3,33,0,0,31,0,31,2,12,47,3,64,0,0,0,64
07/26/2010,LRD,TX,ASW,CE,Federal Contract Tower,14,24,23,33,94,0,0,41,2,43,14,24,64,35,137,0,190,190,327
07/27/2010,LRD,TX,ASW,CE,Federal Contract Tower,10,36,16,16,78,0,0,21,11,32,10,36,37,27,110,30,64,94,204
07/28/2010,LRD,TX,ASW,CE,Federal Contract Tower,19,46,30,19,114,0,0,23,16,39,19,46,53,35,153,30,6,36,189
07/29/2010,LRD,TX,ASW,CE,Federal Contract Tower,13,51,22,14,100,0,0,54,4,58,13,51,76,18,158,38,44,82,240
07/30/2010,LRD,TX,ASW,CE,Federal Contract Tower,9,27,37,7,80,0,0,38,0,38,9,27,75,7,118,14,200,214,332
07/31/2010,LRD,TX,ASW,CE,Federal Contract Tower,6,9,10,0,25,0,0,35,0,35,6,9,45,0,60,0,0,0,60
08/01/2010,LRD,TX,ASW,CE,Federal Contract Tower,4,12,16,4,36,0,0,21,0,21,4,12,37,4,57,0,0,0,57
08/02/2010,LRD,TX,ASW,CE,Federal Contract Tower,17,27,18,10,72,0,0,35,0,35,17,27,53,10,107,60,130,190,297
08/03/2010,LRD,TX,ASW,CE,Federal Contract Tower,12,42,17,9,80,1,0,41,7,49,13,42,58,16,129,10,16,26,155
08/04/2010,LRD,TX,ASW,CE,Federal Contract Tower,17,37,20,9,83,0,0,47,3,50,17,37,67,12,133,44,0,44,177
08/05/2010,LRD,TX,ASW,CE,Federal Contract Tower,21,45,20,6,92,0,1,50,0,51,21,46,70,6,143,74,14,88,231
08/06/2010,LRD,TX,ASW,CE,Federal Contract Tower,14,37,21,8,80,0,0,55,1,56,14,37,76,9,136,30,260,290,426
08/07/2010,LRD,TX,ASW,CE,Federal Contract Tower,7,9,19,0,35,0,0,27,2,29,7,9,46,2,64,10,0,10,74
08/08/2010,LRD,TX,ASW,CE,Federal Contract Tower,5,11,13,0,29,0,0,17,2,19,5,11,30,2,48,0,0,0,48
08/09/2010,LRD,TX,ASW,CE,Federal Contract Tower,10,37,28,8,83,0,0,35,0,35,10,37,63,8,118,12,98,110,228
08/10/2010,LRD,TX,ASW,CE,Federal Contract Tower,14,28,29,8,79,0,0,39,6,45,14,28,68,14,124,34,44,78,202
08/11/2010,LRD,TX,ASW,CE,Federal Contract Tower,17,39,20,26,102,0,0,31,9,40,17,39,51,35,142,20,202,222,364
08/12/2010,LRD,TX,ASW,CE,Federal Contract Tower,18,27,21,12,78,0,0,58,11,69,18,27,79,23,147,64,68,132,279
08/13/2010,LRD,TX,ASW,CE,Federal Contract Tower,11,29,26,12,78,0,0,43,9,52,11,29,69,21,130,34,48,82,212
08/14/2010,LRD,TX,ASW,CE,Federal Contract Tower,4,9,11,0,24,0,0,35,2,37,4,9,46,2,61,24,0,24,85
08/15/2010,LRD,TX,ASW,CE,Federal Contract Tower,3,21,9,0,33,0,0,12,0,12,3,21,21,0,45,0,0,0,45
08/16/2010,LRD,TX,ASW,CE,Federal Contract Tower,7,26,19,7,59,0,0,43,0,43,7,26,62,7,102,16,94,110,212
08/17/2010,LRD,TX,ASW,CE,Federal Contract Tower,15,33,33,11,92,0,0,33,7,40,15,33,66,18,132,12,116,128,260
08/18/2010,LRD,TX,ASW,CE,Federal Contract Tower,15,44,24,12,95,0,0,46,9,55,15,44,70,21,150,24,64,88,238
08/19/2010,LRD,TX,ASW,CE,Federal Contract Tower,12,40,32,24,108,0,0,47,1,48,12,40,79,25,156,14,72,86,242
08/20/2010,LRD,TX,ASW,CE,Federal Contract Tower,14,30,20,1,65,0,0,37,0,37,14,30,57,1,102,16,12,28,130
08/21/2010,LRD,TX,ASW,CE,Federal Contract Tower,7,10,6,0,23,0,0,23,0,23,7,10,29,0,46,0,0,0,46
08/22/2010,LRD,TX,ASW,CE,Federal Contract Tower,2,13,7,2,24,0,0,15,0,15,2,13,22,2,39,20,0,20,59
08/23/2010,LRD,TX,ASW,CE,Federal Contract Tower,15,30,17,4,66,0,0,30,7,37,15,30,47,11,103,16,4,20,123
08/24/2010,LRD,TX,ASW,CE,Federal Contract Tower,11,40,31,14,96,0,0,34,0,34,11,40,65,14,130,52,120,172,302
08/25/2010,LRD,TX,ASW,CE,Federal Contract Tower,16,51,32,11,110,1,0,42,5,48,17,51,74,16,158,14,40,54,212
08/26/2010,LRD,TX,ASW,CE,Federal Contract Tower,21,51,30,10,112,0,0,47,2,49,21,51,77,12,161,36,16,52,213
08/27/2010,LRD,TX,ASW,CE,Federal Contract Tower,13,33,39,17,102,0,0,45,1,46,13,33,84,18,148,0,184,184,332
08/28/2010,LRD,TX,ASW,CE,Federal Contract Tower,2,18,9,0,29,0,0,20,0,20,2,18,29,0,49,0,0,0,49
08/29/2010,LRD,TX,ASW,CE,Federal Contract Tower,0,15,16,0,31,0,0,21,0,21,0,15,37,0,52,10,0,10,62
08/30/2010,LRD,TX,ASW,CE,Federal Contract Tower,15,39,21,9,84,0,0,33,0,33,15,39,54,9,117,20,60,80,197
08/31/2010,LRD,TX,ASW,CE,Federal Contract Tower,16,35,23,17,91,0,0,51,13,64,16,35,74,30,155,20,0,20,175
09/01/2010,LRD,TX,ASW,CE,Federal Contract Tower,11,45,21,8,85,0,1,28,12,41,11,46,49,20,126,32,0,32,158
09/02/2010,LRD,TX,ASW,CE,Federal Contract Tower,12,45,34,40,131,0,0,39,2,41,12,45,73,42,172,18,210,228,400
09/03/2010,LRD,TX,ASW,CE,Federal Contract Tower,11,32,16,0,59,0,0,23,0,23,11,32,39,0,82,0,0,0,82
09/04/2010,LRD,TX,ASW,CE,Federal Contract Tower,4,14,18,0,36,0,0,14,2,16,4,14,32,2,52,20,0,20,72
09/05/2010,LRD,TX,ASW,CE,Federal Contract Tower,7,9,13,0,29,0,0,14,0,14,7,9,27,0,43,0,0,0,43
09/06/2010,LRD,TX,ASW,CE,Federal Contract Tower,7,14,17,0,38,0,0,31,0,31,7,14,48,0,69,20,0,20,89
09/07/2010,LRD,TX,ASW,CE,Federal Contract Tower,11,33,7,32,83,0,0,18,0,18,11,33,25,32,101,0,10,10,111
09/08/2010,LRD,TX,ASW,CE,Federal Contract Tower,14,37,28,46,125,0,0,24,9,33,14,37,52,55,158,50,162,212,370
09/09/2010,LRD,TX,ASW,CE,Federal Contract Tower,12,37,33,11,93,0,0,45,7,52,12,37,78,18,145,74,0,74,219
09/10/2010,LRD,TX,ASW,CE,Federal Contract Tower,14,44,18,2,78,0,0,32,0,32,14,44,50,2,110,0,0,0,110
09/11/2010,LRD,TX,ASW,CE,Federal Contract Tower,3,18,14,4,39,0,0,23,0,23,3,18,37,4,62,0,0,0,62
09/12/2010,LRD,TX,ASW,CE,Federal Contract Tower,3,16,11,3,33,0,0,31,0,31,3,16,42,3,64,0,0,0,64
09/13/2010,LRD,TX,ASW,CE,Federal Contract Tower,11,27,27,22,87,0,0,46,1,47,11,27,73,23,134,24,118,142,276
09/14/2010,LRD,TX,ASW,CE,Federal Contract Tower,16,38,29,5,88,0,0,49,0,49,16,38,78,5,137,24,96,120,257
09/15/2010,LRD,TX,ASW,CE,Federal Contract Tower,19,50,37,20,126,0,0,55,6,61,19,50,92,26,187,56,20,76,263
09/16/2010,LRD,TX,ASW,CE,Federal Contract Tower,18,22,40,18,98,0,0,37,12,49,18,22,77,30,147,20,30,50,197
09/17/2010,LRD,TX,ASW,CE,Federal Contract Tower,16,36,26,0,78,0,0,5,0,5,16,36,31,0,83,0,0,0,83
09/18/2010,LRD,TX,ASW,CE,Federal Contract Tower,6,13,5,0,24,0,0,9,0,9,6,13,14,0,33,0,0,0,33
09/19/2010,LRD,TX,ASW,CE,Federal Contract Tower,4,14,14,2,34,0,0,0,0,0,4,14,14,2,34,0,0,0,34
09/20/2010,LRD,TX,ASW,CE,Federal Contract Tower,12,39,37,7,95,0,0,9,7,16,12,39,46,14,111,0,0,0,111
09/21/2010,LRD,TX,ASW,CE,Federal Contract Tower,11,43,27,15,96,0,0,19,11,30,11,43,46,26,126,0,0,0,126
09/22/2010,LRD,TX,ASW,CE,Federal Contract Tower,19,45,44,14,122,0,1,23,4,28,19,46,67,18,150,30,50,80,230
09/23/2010,LRD,TX,ASW,CE,Federal Contract Tower,19,40,30,10,99,0,1,40,13,54,19,41,70,23,153,6,28,34,187
09/24/2010,LRD,TX,ASW,CE,Federal Contract Tower,15,47,26,20,108,0,0,34,13,47,15,47,60,33,155,4,130,134,289
09/25/2010,LRD,TX,ASW,CE,Federal Contract Tower,3,26,10,6,45,0,0,9,2,11,3,26,19,8,56,0,10,10,66
09/26/2010,LRD,TX,ASW,CE,Federal Contract Tower,5,18,23,2,48,0,0,18,4,22,5,18,41,6,70,0,0,0,70
09/27/2010,LRD,TX,ASW,CE,Federal Contract Tower,15,26,19,18,78,0,0,30,16,46,15,26,49,34,124,30,60,90,214
09/28/2010,LRD,TX,ASW,CE,Federal Contract Tower,16,41,22,17,96,0,0,51,15,66,16,41,73,32,162,20,144,164,326
09/29/2010,LRD,TX,ASW,CE,Federal Contract Tower,19,41,27,12,99,0,1,57,11,69,19,42,84,23,168,22,4,26,194
09/30/2010,LRD,TX,ASW,CE,Federal Contract Tower,20,46,46,4,116,0,0,54,3,57,20,46,100,7,173,70,38,108,281
10/01/2010,LRD,TX,ASW,CE,Federal Contract Tower,11,41,29,9,90,0,0,56,1,57,11,41,85,10,147,10,50,60,207
10/02/2010,LRD,TX,ASW,CE,Federal Contract Tower,6,10,12,4,32,0,0,31,4,35,6,10,43,8,67,0,0,0,67
10/03/2010,LRD,TX,ASW,CE,Federal Contract Tower,4,16,21,1,42,0,0,10,1,11,4,16,31,2,53,0,0,0,53
10/04/2010,LRD,TX,ASW,CE,Federal Contract Tower,10,27,32,18,87,0,0,38,12,50,10,27,70,30,137,0,60,60,197
10/05/2010,LRD,TX,ASW,CE,Federal Contract Tower,13,39,17,11,80,0,0,59,13,72,13,39,76,24,152,24,50,74,226
10/06/2010,LRD,TX,ASW,CE,Federal Contract Tower,17,44,34,19,114,0,0,33,9,42,17,44,67,28,156,0,70,70,226
10/07/2010,LRD,TX,ASW,CE,Federal Contract Tower,18,52,25,2,97,0,0,67,11,78,18,52,92,13,175,0,0,0,175
10/08/2010,LRD,TX,ASW,CE,Federal Contract Tower,14,41,31,5,91,0,0,44,22,66,14,41,75,27,157,0,72,72,229
10/09/2010,LRD,TX,ASW,CE,Federal Contract Tower,4,15,8,0,27,0,0,32,0,32,4,15,40,0,59,20,0,20,79
10/10/2010,LRD,TX,ASW,CE,Federal Contract Tower,7,27,7,0,41,0,0,31,0,31,7,27,38,0,72,30,0,30,102
10/11/2010,LRD,TX,ASW,CE,Federal Contract Tower,10,38,28,0,76,0,0,25,8,33,10,38,53,8,109,10,0,10,119
10/12/2010,LRD,TX,ASW,CE,Federal Contract Tower,13,35,27,0,75,0,0,36,12,48,13,35,63,12,123,14,0,14,137
10/13/2010,LRD,TX,ASW,CE,Federal Contract Tower,21,34,35,0,90,0,0,62,10,72,21,34,97,10,162,20,0,20,182
10/14/2010,LRD,TX,ASW,CE,Federal Contract Tower,25,56,25,3,109,0,0,31,9,40,25,56,56,12,149,22,10,32,181
10/15/2010,LRD,TX,ASW,CE,Federal Contract Tower,12,37,27,13,89,0,1,44,3,48,12,38,71,16,137,10,88,98,235
10/16/2010,LRD,TX,ASW,CE,Federal Contract Tower,8,22,9,2,41,0,0,27,0,27,8,22,36,2,68,0,0,0,68
10/17/2010,LRD,TX,ASW,CE,Federal Contract Tower,10,19,14,0,43,0,0,22,0,22,10,19,36,0,65,0,0,0,65
10/18/2010,LRD,TX,ASW,CE,Federal Contract Tower,12,40,41,3,96,0,0,24,6,30,12,40,65,9,126,2,170,172,298
10/19/2010,LRD,TX,ASW,CE,Federal Contract Tower,15,47,26,14,102,0,0,49,15,64,15,47,75,29,166,0,134,134,300
10/20/2010,LRD,TX,ASW,CE,Federal Contract Tower,23,41,38,6,108,0,0,38,10,48,23,41,76,16,156,0,0,0,156
10/21/2010,LRD,TX,ASW,CE,Federal Contract Tower,22,43,46,1,112,0,0,58,10,68,22,43,104,11,180,94,0,94,274
10/22/2010,LRD,TX,ASW,CE,Federal Contract Tower,13,45,39,10,107,0,0,40,8,48,13,45,79,18,155,20,130,150,305
10/23/2010,LRD,TX,ASW,CE,Federal Contract Tower,5,10,14,4,33,0,0,19,0,19,5,10,33,4,52,0,0,0,52
10/24/2010,LRD,TX,ASW,CE,Federal Contract Tower,10,14,19,4,47,0,0,18,0,18,10,14,37,4,65,0,0,0,65
10/25/2010,LRD,TX,ASW,CE,Federal Contract Tower,11,35,20,9,75,0,0,37,4,41,11,35,57,13,116,48,128,176,292
10/26/2010,LRD,TX,ASW,CE,Federal Contract Tower,24,27,22,3,76,0,0,47,8,55,24,27,69,11,131,30,0,30,161
10/27/2010,LRD,TX,ASW,CE,Federal Contract Tower,18,41,39,6,104,0,0,33,0,33,18,41,72,6,137,24,0,24,161
10/28/2010,LRD,TX,ASW,CE,Federal Contract Tower,18,38,35,6,97,0,0,50,0,50,18,38,85,6,147,10,2,12,159
10/29/2010,LRD,TX,ASW,CE,Federal Contract Tower,11,36,18,6,71,0,0,45,0,45,11,36,63,6,116,20,76,96,212
10/30/2010,LRD,TX,ASW,CE,Federal Contract Tower,8,18,8,2,36,0,0,21,0,21,8,18,29,2,57,0,0,0,57
10/31/2010,LRD,TX,ASW,CE,Federal Contract Tower,7,14,21,2,44,0,0,25,3,28,7,14,46,5,72,0,0,0,72
11/01/2010,LRD,TX,ASW,CE,Federal Contract Tower,8,33,25,34,100,0,0,29,0,29,8,33,54,34,129,30,30,60,189
11/02/2010,LRD,TX,ASW,CE,Federal Contract Tower,14,24,23,7,68,0,2,41,9,52,14,26,64,16,120,20,0,20,140
11/03/2010,LRD,TX,ASW,CE,Federal Contract Tower,14,28,26,13,81,0,0,22,7,29,14,28,48,20,110,0,18,18,128
11/04/2010,LRD,TX,ASW,CE,Federal Contract Tower,16,27,26,6,75,0,1,32,3,36,16,28,58,9,111,20,40,60,171
11/05/2010,LRD,TX,ASW,CE,Federal Contract Tower,15,30,21,0,66,0,0,36,0,36,15,30,57,0,102,0,0,0,102
11/06/2010,LRD,TX,ASW,CE,Federal Contract Tower,10,15,11,0,36,0,0,19,0,19,10,15,30,0,55,0,0,0,55
11/07/2010,LRD,TX,ASW,CE,Federal Contract Tower,7,23,13,4,47,0,0,30,0,30,7,23,43,4,77,0,0,0,77
11/08/2010,LRD,TX,ASW,CE,Federal Contract Tower,13,34,24,5,76,0,0,29,7,36,13,34,53,12,112,0,40,40,152
11/09/2010,LRD,TX,ASW,CE,Federal Contract Tower,15,44,35,10,104,0,0,41,4,45,15,44,76,14,149,20,210,230,379
11/10/2010,LRD,TX,ASW,CE,Federal Contract Tower,22,50,47,6,125,0,1,26,0,27,22,51,73,6,152,20,30,50,202
11/11/2010,LRD,TX,ASW,CE,Federal Contract Tower,20,50,45,0,115,0,0,29,0,29,20,50,74,0,144,0,0,0,144
11/12/2010,LRD,TX,ASW,CE,Federal Contract Tower,13,38,42,9,102,0,0,33,0,33,13,38,75,9,135,0,0,0,135
11/13/2010,LRD,TX,ASW,CE,Federal Contract Tower,8,19,9,0,36,0,0,31,2,33,8,19,40,2,69,0,0,0,69
11/14/2010,LRD,TX,ASW,CE,Federal Contract Tower,5,14,27,0,46,0,0,22,5,27,5,14,49,5,73,0,20,20,93
11/15/2010,LRD,TX,ASW,CE,Federal Contract Tower,15,35,46,18,114,0,0,32,15,47,15,35,78,33,161,0,0,0,161
11/16/2010,LRD,TX,ASW,CE,Federal Contract Tower,21,32,24,6,83,0,2,57,10,69,21,34,81,16,152,20,0,20,172
11/17/2010,LRD,TX,ASW,CE,Federal Contract Tower,14,36,28,2,80,0,0,67,14,81,14,36,95,16,161,16,80,96,257
11/18/2010,LRD,TX,ASW,CE,Federal Contract Tower,14,33,40,10,97,0,1,64,8,73,14,34,104,18,170,0,0,0,170
11/19/2010,LRD,TX,ASW,CE,Federal Contract Tower,11,27,31,3,72,0,0,53,5,58,11,27,84,8,130,10,0,10,140
11/20/2010,LRD,TX,ASW,CE,Federal Contract Tower,3,21,13,3,40,0,0,39,0,39,3,21,52,3,79,0,0,0,79
11/21/2010,LRD,TX,ASW,CE,Federal Contract Tower,7,24,22,1,54,0,0,8,1,9,7,24,30,2,63,0,0,0,63
11/22/2010,LRD,TX,ASW,CE,Federal Contract Tower,8,35,23,16,82,0,0,23,0,23,8,35,46,16,105,0,0,0,105
11/23/2010,LRD,TX,ASW,CE,Federal Contract Tower,14,46,40,25,125,0,0,16,0,16,14,46,56,25,141,10,0,10,151
11/24/2010,LRD,TX,ASW,CE,Federal Contract Tower,20,33,39,0,92,0,0,15,0,15,20,33,54,0,107,4,0,4,111
11/25/2010,LRD,TX,ASW,CE,Federal Contract Tower,6,26,18,0,50,0,0,13,0,13,6,26,31,0,63,0,0,0,63
11/26/2010,LRD,TX,ASW,CE,Federal Contract Tower,9,18,17,0,44,0,0,26,0,26,9,18,43,0,70,0,0,0,70
11/27/2010,LRD,TX,ASW,CE,Federal Contract Tower,9,19,10,0,38,0,0,17,0,17,9,19,27,0,55,20,0,20,75
11/28/2010,LRD,TX,ASW,CE,Federal Contract Tower,7,20,31,0,58,0,0,25,0,25,7,20,56,0,83,0,0,0,83
11/29/2010,LRD,TX,ASW,CE,Federal Contract Tower,8,35,20,24,87,0,0,17,4,21,8,35,37,28,108,0,8,8,116
11/30/2010,LRD,TX,ASW,CE,Federal Contract Tower,19,41,28,7,95,0,0,36,0,36,19,41,64,7,131,0,80,80,211
12/01/2010,LRD,TX,ASW,CE,Federal Contract Tower,18,41,23,13,95,0,0,33,9,42,18,41,56,22,137,10,224,234,371
12/02/2010,LRD,TX,ASW,CE,Federal Contract Tower,22,44,29,8,103,0,1,47,8,56,22,45,76,16,159,0,64,64,223
12/03/2010,LRD,TX,ASW,CE,Federal Contract Tower,13,34,24,10,81,0,0,42,1,43,13,34,66,11,124,10,52,62,186
12/04/2010,LRD,TX,ASW,CE,Federal Contract Tower,4,14,15,0,33,0,0,16,0,16,4,14,31,0,49,0,0,0,49
12/05/2010,LRD,TX,ASW,CE,Federal Contract Tower,5,22,22,8,57,0,0,12,0,12,5,22,34,8,69,0,0,0,69
12/06/2010,LRD,TX,ASW,CE,Federal Contract Tower,11,28,21,8,68,0,0,17,2,19,11,28,38,10,87,0,240,240,327
12/07/2010,LRD,TX,ASW,CE,Federal Contract Tower,20,21,24,19,84,0,0,15,0,15,20,21,39,19,99,30,60,90,189
12/08/2010,LRD,TX,ASW,CE,Federal Contract Tower,26,32,33,3,94,0,0,23,3,26,26,32,56,6,120,14,82,96,216
12/09/2010,LRD,TX,ASW,CE,Federal Contract Tower,23,37,42,10,112,0,0,21,0,21,23,37,63,10,133,10,160,170,303
12/10/2010,LRD,TX,ASW,CE,Federal Contract Tower,13,33,33,5,84,0,0,46,0,46,13,33,79,5,130,160,150,310,440
12/11/2010,LRD,TX,ASW,CE,Federal Contract Tower,4,24,19,0,47,0,0,19,0,19,4,24,38,0,66,10,0,10,76
12/12/2010,LRD,TX,ASW,CE,Federal Contract Tower,5,24,17,6,52,0,1,22,0,23,5,25,39,6,75,8,4,12,87
12/13/2010,LRD,TX,ASW,CE,Federal Contract Tower,6,32,44,14,96,0,0,38,2,40,6,32,82,16,136,20,130,150,286
12/14/2010,LRD,TX,ASW,CE,Federal Contract Tower,21,40,44,12,117,0,0,25,2,27,21,40,69,14,144,22,0,22,166
12/15/2010,LRD,TX,ASW,CE,Federal Contract Tower,23,44,28,17,112,0,0,55,0,55,23,44,83,17,167,56,130,186,353
12/16/2010,LRD,TX,ASW,CE,Federal Contract Tower,20,41,29,14,104,0,0,34,9,43,20,41,63,23,147,0,0,0,147
12/17/2010,LRD,TX,ASW,CE,Federal Contract Tower,13,37,41,3,94,0,0,38,0,38,13,37,79,3,132,36,0,36,168
12/18/2010,LRD,TX,ASW,CE,Federal Contract Tower,6,22,31,5,64,0,0,54,1,55,6,22,85,6,119,60,0,60,179
12/19/2010,LRD,TX,ASW,CE,Federal Contract Tower,11,30,9,20,70,0,0,17,0,17,11,30,26,20,87,10,0,10,97
12/20/2010,LRD,TX,ASW,CE,Federal Contract Tower,12,40,27,10,89,0,0,44,0,44,12,40,71,10,133,40,0,40,173
12/21/2010,LRD,TX,ASW,CE,Federal Contract Tower,22,48,23,10,103,0,0,16,2,18,22,48,39,12,121,20,0,20,141
12/22/2010,LRD,TX,ASW,CE,Federal Contract Tower,26,52,41,8,127,0,0,11,0,11,26,52,52,8,138,2,0,2,140
12/23/2010,LRD,TX,ASW,CE,Federal Contract Tower,15,29,46,0,90,0,0,28,0,28,15,29,74,0,118,6,0,6,124
12/24/2010,LRD,TX,ASW,CE,Federal Contract Tower,6,18,15,0,39,0,0,20,0,20,6,18,35,0,59,60,0,60,119
12/25/2010,LRD,TX,ASW,CE,Federal Contract Tower,0,12,15,1,28,0,0,18,0,18,0,12,33,1,46,0,0,0,46
12/26/2010,LRD,TX,ASW,CE,Federal Contract Tower,2,21,23,0,46,0,0,15,0,15,2,21,38,0,61,0,0,0,61
12/27/2010,LRD,TX,ASW,CE,Federal Contract Tower,4,32,30,0,66,0,0,27,0,27,4,32,57,0,93,0,0,0,93
12/28/2010,LRD,TX,ASW,CE,Federal Contract Tower,10,29,17,0,56,0,0,13,0,13,10,29,30,0,69,0,0,0,69
12/29/2010,LRD,TX,ASW,CE,Federal Contract Tower,13,28,26,0,67,0,0,24,0,24,13,28,50,0,91,42,0,42,133
12/30/2010,LRD,TX,ASW,CE,Federal Contract Tower,11,23,29,2,65,0,0,35,0,35,11,23,64,2,100,20,0,20,120
12/31/2010,LRD,TX,ASW,CE,Federal Contract Tower,6,26,12,0,44,0,0,20,0,20,6,26,32,0,64,18,0,18,82
01/01/2011,LRD,TX,ASW,CE,Federal Contract Tower,2,15,9,0,26,0,0,37,0,37,2,15,46,0,63,0,0,0,63
01/02/2011,LRD,TX,ASW,CE,Federal Contract Tower,1,17,28,0,46,0,0,14,0,14,1,17,42,0,60,20,0,20,80
01/03/2011,LRD,TX,ASW,CE,Federal Contract Tower,8,29,37,2,76,0,0,21,2,23,8,29,58,4,99,22,0,22,121
01/04/2011,LRD,TX,ASW,CE,Federal Contract Tower,17,25,34,8,84,0,0,6,0,6,17,25,40,8,90,0,56,56,146
01/05/2011,LRD,TX,ASW,CE,Federal Contract Tower,15,22,30,14,81,0,0,27,4,31,15,22,57,18,112,14,0,14,126
01/06/2011,LRD,TX,ASW,CE,Federal Contract Tower,15,32,26,7,80,0,0,29,2,31,15,32,55,9,111,0,94,94,205
01/07/2011,LRD,TX,ASW,CE,Federal Contract Tower,7,32,25,18,82,0,0,47,3,50,7,32,72,21,132,8,100,108,240
01/08/2011,LRD,TX,ASW,CE,Federal Contract Tower,2,13,17,0,32,0,0,4,0,4,2,13,21,0,36,0,0,0,36
01/09/2011,LRD,TX,ASW,CE,Federal Contract Tower,2,17,32,5,56,0,0,35,1,36,2,17,67,6,92,0,0,0,92
01/10/2011,LRD,TX,ASW,CE,Federal Contract Tower,11,34,40,0,85,0,0,9,0,9,11,34,49,0,94,0,0,0,94
01/11/2011,LRD,TX,ASW,CE,Federal Contract Tower,24,28,47,4,103,0,0,16,2,18,24,28,63,6,121,4,0,4,125
01/12/2011,LRD,TX,ASW,CE,Federal Contract Tower,21,35,13,18,87,0,0,44,0,44,21,35,57,18,131,6,104,110,241
01/13/2011,LRD,TX,ASW,CE,Federal Contract Tower,19,26,23,14,82,0,0,22,0,22,19,26,45,14,104,0,100,100,204
01/14/2011,LRD,TX,ASW,CE,Federal Contract Tower,13,29,48,0,90,0,0,0,0,0,13,29,48,0,90,0,0,0,90
01/15/2011,LRD,TX,ASW,CE,Federal Contract Tower,4,12,11,0,27,0,0,0,0,0,4,12,11,0,27,0,0,0,27
01/16/2011,LRD,TX,ASW,CE,Federal Contract Tower,4,13,33,0,50,0,0,16,1,17,4,13,49,1,67,0,0,0,67
01/17/2011,LRD,TX,ASW,CE,Federal Contract Tower,9,26,36,3,74,0,0,17,1,18,9,26,53,4,92,20,0,20,112
01/18/2011,LRD,TX,ASW,CE,Federal Contract Tower,18,24,43,14,99,0,0,37,3,40,18,24,80,17,139,36,0,36,175
01/19/2011,LRD,TX,ASW,CE,Federal Contract Tower,16,33,35,5,89,0,0,40,17,57,16,33,75,22,146,10,0,10,156
01/20/2011,LRD,TX,ASW,CE,Federal Contract Tower,11,43,37,12,103,0,0,16,11,27,11,43,53,23,130,6,20,26,156
01/21/2011,LRD,TX,ASW,CE,Federal Contract Tower,12,29,22,15,78,0,0,42,8,50,12,29,64,23,128,20,30,50,178
01/22/2011,LRD,TX,ASW,CE,Federal Contract Tower,2,10,6,0,18,0,0,23,0,23,2,10,29,0,41,10,0,10,51
01/23/2011,LRD,TX,ASW,CE,Federal Contract Tower,6,20,33,5,64,0,0,17,4,21,6,20,50,9,85,0,0,0,85
01/24/2011,LRD,TX,ASW,CE,Federal Contract Tower,5,20,20,14,59,0,0,14,21,35,5,20,34,35,94,10,0,10,104
01/25/2011,LRD,TX,ASW,CE,Federal Contract Tower,16,23,29,10,78,0,0,30,17,47,16,23,59,27,125,0,200,200,325
01/26/2011,LRD,TX,ASW,CE,Federal Contract Tower,14,35,27,2,78,0,0,38,22,60,14,35,65,24,138,0,154,154,292
01/27/2011,LRD,TX,ASW,CE,Federal Contract Tower,20,40,29,17,106,0,0,48,7,55,20,40,77,24,161,4,202,206,367
01/28/2011,LRD,TX,ASW,CE,Federal Contract Tower,8,42,35,7,92,0,0,38,8,46,8,42,73,15,138,0,98,98,236
01/29/2011,LRD,TX,ASW,CE,Federal Contract Tower,2,15,17,0,34,0,0,7,1,8,2,15,24,1,42,0,0,0,42
01/30/2011,LRD,TX,ASW,CE,Federal Contract Tower,1,16,16,6,39,0,0,10,2,12,1,16,26,8,51,0,0,0,51
01/31/2011,LRD,TX,ASW,CE,Federal Contract Tower,14,28,30,8,80,0,0,16,0,16,14,28,46,8,96,10,60,70,166
02/01/2011,LRD,TX,ASW,CE,Federal Contract Tower,14,26,15,10,65,0,0,15,2,17,14,26,30,12,82,0,80,80,162
02/02/2011,LRD,TX,ASW,CE,Federal Contract Tower,19,30,17,10,76,0,0,25,0,25,19,30,42,10,101,10,280,290,391
02/03/2011,LRD,TX,ASW,CE,Federal Contract Tower,11,21,30,6,68,0,0,35,0,35,11,21,65,6,103,10,200,210,313
02/04/2011,LRD,TX,ASW,CE,Federal Contract Tower,16,43,65,0,124,0,0,27,0,27,16,43,92,0,151,70,0,70,221
02/05/2011,LRD,TX,ASW,CE,Federal Contract Tower,4,15,42,0,61,0,0,22,0,22,4,15,64,0,83,10,0,10,93
02/06/2011,LRD,TX,ASW,CE,Federal Contract Tower,8,18,14,0,40,0,1,13,0,14,8,19,27,0,54,0,0,0,54
02/07/2011,LRD,TX,ASW,CE,Federal Contract Tower,9,27,55,5,96,0,0,41,7,48,9,27,96,12,144,42,190,232,376
02/08/2011,LRD,TX,ASW,CE,Federal Contract Tower,18,38,27,6,89,0,0,28,6,34,18,38,55,12,123,2,270,272,395
02/09/2011,LRD,TX,ASW,CE,Federal Contract Tower,22,38,22,4,86,0,0,24,5,29,22,38,46,9,115,40,40,80,195
02/10/2011,LRD,TX,ASW,CE,Federal Contract Tower,18,46,24,12,100,0,0,53,10,63,18,46,77,22,163,50,218,268,431
02/11/2011,LRD,TX,ASW,CE,Federal Contract Tower,15,43,31,11,100,0,7,53,6,66,15,50,84,17,166,180,100,280,446
02/12/2011,LRD,TX,ASW,CE,Federal Contract Tower,4,13,4,1,22,0,0,21,1,22,4,13,25,2,44,0,0,0,44
02/13/2011,LRD,TX,ASW,CE,Federal Contract Tower,1,17,16,3,37,0,0,62,3,65,1,17,78,6,102,0,0,0,102
02/14/2011,LRD,TX,ASW,CE,Federal Contract Tower,11,31,25,10,77,0,0,37,7,44,11,31,62,17,121,60,130,190,311
02/15/2011,LRD,TX,ASW,CE,Federal Contract Tower,14,30,30,8,82,0,2,31,4,37,14,32,61,12,119,60,40,100,219
02/16/2011,LRD,TX,ASW,CE,Federal Contract Tower,14,34,26,10,84,0,0,16,5,21,14,34,42,15,105,0,50,50,155
02/17/2011,LRD,TX,ASW,CE,Federal Contract Tower,12,47,37,0,96,0,0,41,9,50,12,47,78,9,146,10,28,38,184
02/18/2011,LRD,TX,ASW,CE,Federal Contract Tower,9,41,37,4,91,0,2,54,5,61,9,43,91,9,152,10,0,10,162
02/19/2011,LRD,TX,ASW,CE,Federal Contract Tower,5,17,35,0,57,0,0,29,2,31,5,17,64,2,88,0,0,0,88
02/20/2011,LRD,TX,ASW,CE,Federal Contract Tower,0,24,13,0,37,0,0,19,0,19,0,24,32,0,56,0,0,0,56
02/21/2011,LRD,TX,ASW,CE,Federal Contract Tower,11,27,26,0,64,0,0,19,0,19,11,27,45,0,83,0,0,0,83
02/22/2011,LRD,TX,ASW,CE,Federal Contract Tower,15,28,37,6,86,0,0,25,0,25,15,28,62,6,111,0,0,0,111
02/23/2011,LRD,TX,ASW,CE,Federal Contract Tower,11,36,34,8,89,0,0,37,0,37,11,36,71,8,126,40,0,40,166
02/24/2011,LRD,TX,ASW,CE,Federal Contract Tower,18,29,30,11,88,0,0,58,2,60,18,29,88,13,148,26,70,96,244
02/25/2011,LRD,TX,ASW,CE,Federal Contract Tower,17,36,33,12,98,0,0,56,1,57,17,36,89,13,155,0,282,282,437
02/26/2011,LRD,TX,ASW,CE,Federal Contract Tower,3,26,20,3,52,0,0,20,0,20,3,26,40,3,72,22,0,22,94
02/27/2011,LRD,TX,ASW,CE,Federal Contract Tower,5,16,25,3,49,0,0,18,0,18,5,16,43,3,67,0,0,0,67
02/28/2011,LRD,TX,ASW,CE,Federal Contract Tower,7,47,29,21,104,0,0,25,12,37,7,47,54,33,141,0,220,220,361
03/01/2011,LRD,TX,ASW,CE,Federal Contract Tower,15,31,22,2,70,0,0,51,0,51,15,31,73,2,121,14,80,94,215
03/02/2011,LRD,TX,ASW,CE,Federal Contract Tower,17,36,33,2,88,0,3,37,0,40,17,39,70,2,128,8,0,8,136
03/03/2011,LRD,TX,ASW,CE,Federal Contract Tower,22,28,49,2,101,0,1,56,0,57,22,29,105,2,158,6,0,6,164
03/04/2011,LRD,TX,ASW,CE,Federal Contract Tower,10,39,27,11,87,0,0,23,3,26,10,39,50,14,113,0,66,66,179
03/05/2011,LRD,TX,ASW,CE,Federal Contract Tower,2,11,14,4,31,0,0,21,0,21,2,11,35,4,52,10,0,10,62
03/06/2011,LRD,TX,ASW,CE,Federal Contract Tower,3,21,18,0,42,0,0,29,3,32,3,21,47,3,74,0,0,0,74
03/07/2011,LRD,TX,ASW,CE,Federal Contract Tower,13,31,26,11,81,0,0,37,4,41,13,31,63,15,122,0,120,120,242
03/08/2011,LRD,TX,ASW,CE,Federal Contract Tower,20,41,37,6,104,0,1,30,5,36,20,42,67,11,140,0,90,90,230
03/09/2011,LRD,TX,ASW,CE,Federal Contract Tower,20,48,36,10,114,0,0,39,6,45,20,48,75,16,159,6,90,96,255
03/10/2011,LRD,TX,ASW,CE,Federal Contract Tower,19,44,36,7,106,0,0,39,7,46,19,44,75,14,152,14,0,14,166
03/11/2011,LRD,TX,ASW,CE,Federal Contract Tower,11,36,37,6,90,0,0,59,3,62,11,36,96,9,152,38,40,78,230
03/12/2011,LRD,TX,ASW,CE,Federal Contract Tower,3,11,24,2,40,0,0,41,0,41,3,11,65,2,81,22,0,22,103
03/13/2011,LRD,TX,ASW,CE,Federal Contract Tower,5,23,19,2,49,0,0,20,0,20,5,23,39,2,69,50,0,50,119
03/14/2011,LRD,TX,ASW,CE,Federal Contract Tower,14,39,32,0,85,0,0,16,2,18,14,39,48,2,103,18,0,18,121
03/15/2011,LRD,TX,ASW,CE,Federal Contract Tower,27,50,34,0,111,0,0,27,3,30,27,50,61,3,141,6,0,6,147
03/16/2011,LRD,TX,ASW,CE,Federal Contract Tower,17,44,36,0,97,0,0,40,17,57,17,44,76,17,154,8,10,18,172
03/17/2011,LRD,TX,ASW,CE,Federal Contract Tower,19,36,22,0,77,0,0,49,11,60,19,36,71,11,137,4,22,26,163
03/18/2011,LRD,TX,ASW,CE,Federal Contract Tower,15,37,51,0,103,0,0,19,3,22,15,37,70,3,125,30,0,30,155
03/19/2011,LRD,TX,ASW,CE,Federal Contract Tower,5,23,15,0,43,0,0,18,0,18,5,23,33,0,61,10,0,10,71
03/20/2011,LRD,TX,ASW,CE,Federal Contract Tower,5,20,25,1,51,0,0,23,1,24,5,20,48,2,75,0,0,0,75
03/21/2011,LRD,TX,ASW,CE,Federal Contract Tower,13,31,33,5,82,0,0,47,5,52,13,31,80,10,134,20,52,72,206
03/22/2011,LRD,TX,ASW,CE,Federal Contract Tower,20,35,33,1,89,0,0,36,5,41,20,35,69,6,130,70,106,176,306
03/23/2011,LRD,TX,ASW,CE,Federal Contract Tower,19,35,26,4,84,0,0,44,9,53,19,35,70,13,137,4,82,86,223
03/24/2011,LRD,TX,ASW,CE,Federal Contract Tower,22,39,32,7,100,0,0,44,4,48,22,39,76,11,148,0,0,0,148
03/25/2011,LRD,TX,ASW,CE,Federal Contract Tower,15,40,30,4,89,0,0,37,4,41,15,40,67,8,130,12,40,52,182
03/26/2011,LRD,TX,ASW,CE,Federal Contract Tower,3,16,16,0,35,0,1,32,0,33,3,17,48,0,68,0,0,0,68
03/27/2011,LRD,TX,ASW,CE,Federal Contract Tower,2,21,18,2,43,0,0,28,4,32,2,21,46,6,75,0,0,0,75
03/28/2011,LRD,TX,ASW,CE,Federal Contract Tower,13,30,25,9,77,0,0,35,3,38,13,30,60,12,115,10,0,10,125
03/29/2011,LRD,TX,ASW,CE,Federal Contract Tower,20,21,34,4,79,0,0,17,4,21,20,21,51,8,100,0,0,0,100
03/30/2011,LRD,TX,ASW,CE,Federal Contract Tower,25,46,31,4,106,0,1,35,6,42,25,47,66,10,148,28,80,108,256
03/31/2011,LRD,TX,ASW,CE,Federal Contract Tower,23,30,44,10,107,0,0,42,7,49,23,30,86,17,156,16,300,316,472
04/01/2011,LRD,TX,ASW,CE,Federal Contract Tower,12,31,33,5,81,0,0,43,0,43,12,31,76,5,124,0,0,0,124
04/02/2011,LRD,TX,ASW,CE,Federal Contract Tower,4,13,9,2,28,0,0,23,0,23,4,13,32,2,51,0,0,0,51
04/03/2011,LRD,TX,ASW,CE,Federal Contract Tower,4,18,24,0,46,0,0,26,0,26,4,18,50,0,72,0,0,0,72
04/04/2011,LRD,TX,ASW,CE,Federal Contract Tower,17,35,35,15,102,0,0,39,6,45,17,35,74,21,147,10,490,500,647
04/05/2011,LRD,TX,ASW,CE,Federal Contract Tower,27,33,26,18,104,0,0,55,9,64,27,33,81,27,168,40,360,400,568
04/06/2011,LRD,TX,ASW,CE,Federal Contract Tower,27,33,38,10,108,0,0,37,4,41,27,33,75,14,149,32,430,462,611
04/07/2011,LRD,TX,ASW,CE,Federal Contract Tower,21,31,34,2,88,0,0,39,2,41,21,31,73,4,129,50,80,130,259
04/08/2011,LRD,TX,ASW,CE,Federal Contract Tower,12,32,17,4,65,0,0,37,2,39,12,32,54,6,104,0,20,20,124
04/09/2011,LRD,TX,ASW,CE,Federal Contract Tower,14,15,16,0,45,0,0,31,0,31,14,15,47,0,76,10,0,10,86
04/10/2011,LRD,TX,ASW,CE,Federal Contract Tower,3,12,20,0,35,0,0,33,3,36,3,12,53,3,71,0,0,0,71
04/11/2011,LRD,TX,ASW,CE,Federal Contract Tower,8,23,41,2,74,0,0,35,2,37,8,23,76,4,111,110,90,200,311
04/12/2011,LRD,TX,ASW,CE,Federal Contract Tower,14,25,21,8,68,0,0,53,6,59,14,25,74,14,127,4,218,222,349
04/13/2011,LRD,TX,ASW,CE,Federal Contract Tower,22,33,27,5,87,0,0,49,5,54,22,33,76,10,141,0,4,4,145
04/14/2011,LRD,TX,ASW,CE,Federal Contract Tower,28,31,37,2,98,0,0,66,17,83,28,31,103,19,181,76,0,76,257
04/15/2011,LRD,TX,ASW,CE,Federal Contract Tower,15,31,38,3,87,0,0,81,7,88,15,31,119,10,175,6,38,44,219
04/16/2011,LRD,TX,ASW,CE,Federal Contract Tower,3,8,15,0,26,0,0,27,0,27,3,8,42,0,53,0,0,0,53
04/17/2011,LRD,TX,ASW,CE,Federal Contract Tower,3,16,21,1,41,0,0,64,0,64,3,16,85,1,105,0,0,0,105
04/18/2011,LRD,TX,ASW,CE,Federal Contract Tower,15,26,19,4,64,0,0,77,5,82,15,26,96,9,146,0,110,110,256
04/19/2011,LRD,TX,ASW,CE,Federal Contract Tower,22,18,28,7,75,0,0,35,15,50,22,18,63,22,125,10,280,290,415
04/20/2011,LRD,TX,ASW,CE,Federal Contract Tower,19,26,38,0,83,0,0,67,16,83,19,26,105,16,166,10,0,10,176
04/21/2011,LRD,TX,ASW,CE,Federal Contract Tower,17,20,31,4,72,0,0,57,11,68,17,20,88,15,140,0,230,230,370
04/22/2011,LRD,TX,ASW,CE,Federal Contract Tower,6,19,13,6,44,0,0,52,7,59,6,19,65,13,103,60,80,140,243
04/23/2011,LRD,TX,ASW,CE,Federal Contract Tower,2,12,15,0,29,0,0,20,2,22,2,12,35,2,51,0,0,0,51
04/24/2011,LRD,TX,ASW,CE,Federal Contract Tower,3,17,26,0,46,0,0,65,1,66,3,17,91,1,112,0,0,0,112
04/25/2011,LRD,TX,ASW,CE,Federal Contract Tower,12,26,28,19,85,0,0,24,8,32,12,26,52,27,117,10,200,210,327
04/26/2011,LRD,TX,ASW,CE,Federal Contract Tower,14,26,21,8,69,0,0,45,0,45,14,26,66,8,114,0,80,80,194
04/27/2011,LRD,TX,ASW,CE,Federal Contract Tower,17,36,33,2,88,0,0,66,6,72,17,36,99,8,160,10,0,10,170
04/28/2011,LRD,TX,ASW,CE,Federal Contract Tower,17,44,33,4,98,0,0,81,8,89,17,44,114,12,187,100,60,160,347
04/29/2011,LRD,TX,ASW,CE,Federal Contract Tower,7,25,40,6,78,0,0,30,3,33,7,25,70,9,111,26,210,236,347
04/30/2011,LRD,TX,ASW,CE,Federal Contract Tower,2,11,6,0,19,0,0,13,0,13,2,11,19,0,32,0,0,0,32
05/01/2011,LRD,TX,ASW,CE,Federal Contract Tower,3,14,25,0,42,0,0,19,2,21,3,14,44,2,63,0,0,0,63
05/02/2011,LRD,TX,ASW,CE,Federal Contract Tower,9,21,21,6,57,0,0,13,4,17,9,21,34,10,74,0,2,2,76
05/03/2011,LRD,TX,ASW,CE,Federal Contract Tower,15,32,15,5,67,0,0,32,2,34,15,32,47,7,101,30,140,170,271
05/04/2011,LRD,TX,ASW,CE,Federal Contract Tower,19,31,25,6,81,0,0,47,4,51,19,31,72,10,132,64,72,136,268
05/05/2011,LRD,TX,ASW,CE,Federal Contract Tower,19,27,32,6,84,0,0,56,6,62,19,27,88,12,146,130,0,130,276
05/06/2011,LRD,TX,ASW,CE,Federal Contract Tower,12,33,25,3,73,0,1,39,3,43,12,34,64,6,116,30,10,40,156
05/07/2011,LRD,TX,ASW,CE,Federal Contract Tower,4,11,19,0,34,0,0,19,0,19,4,11,38,0,53,0,0,0,53
05/08/2011,LRD,TX,ASW,CE,Federal Contract Tower,2,13,15,0,30,0,0,21,1,22,2,13,36,1,52,0,0,0,52
05/09/2011,LRD,TX,ASW,CE,Federal Contract Tower,8,17,15,8,48,0,0,28,14,42,8,17,43,22,90,20,170,190,280
05/10/2011,LRD,TX,ASW,CE,Federal Contract Tower,11,15,28,2,56,0,0,36,18,54,11,15,64,20,110,24,120,144,254
05/11/2011,LRD,TX,ASW,CE,Federal Contract Tower,11,28,31,2,72,0,0,29,9,38,11,28,60,11,110,0,0,0,110
05/12/2011,LRD,TX,ASW,CE,Federal Contract Tower,16,32,31,0,79,0,0,19,9,28,16,32,50,9,107,0,80,80,187
05/13/2011,LRD,TX,ASW,CE,Federal Contract Tower,13,16,15,2,46,0,0,22,4,26,13,16,37,6,72,16,0,16,88
05/14/2011,LRD,TX,ASW,CE,Federal Contract Tower,2,13,13,2,30,0,0,15,0,15,2,13,28,2,45,10,0,10,55
05/15/2011,LRD,TX,ASW,CE,Federal Contract Tower,3,11,7,0,21,0,0,8,0,8,3,11,15,0,29,30,0,30,59
05/16/2011,LRD,TX,ASW,CE,Federal Contract Tower,9,25,38,10,82,0,0,36,0,36,9,25,74,10,118,50,220,270,388
05/17/2011,LRD,TX,ASW,CE,Federal Contract Tower,15,26,19,4,64,0,1,38,2,41,15,27,57,6,105,60,80,140,245
05/18/2011,LRD,TX,ASW,CE,Federal Contract Tower,12,23,29,12,76,0,0,26,2,28,12,23,55,14,104,10,80,90,194
05/19/2011,LRD,TX,ASW,CE,Federal Contract Tower,18,27,46,0,91,0,0,50,0,50,18,27,96,0,141,280,0,280,421
05/20/2011,LRD,TX,ASW,CE,Federal Contract Tower,16,13,32,2,63,0,0,48,0,48,16,13,80,2,111,380,0,380,491
05/21/2011,LRD,TX,ASW,CE,Federal Contract Tower,4,16,9,1,30,0,0,25,0,25,4,16,34,1,55,20,0,20,75
05/22/2011,LRD,TX,ASW,CE,Federal Contract Tower,5,14,16,1,36,0,0,18,0,18,5,14,34,1,54,0,0,0,54
05/23/2011,LRD,TX,ASW,CE,Federal Contract Tower,16,17,32,3,68,0,0,33,9,42,16,17,65,12,110,190,120,310,420
05/24/2011,LRD,TX,ASW,CE,Federal Contract Tower,19,33,23,4,79,0,0,40,4,44,19,33,63,8,123,50,220,270,393
05/25/2011,LRD,TX,ASW,CE,Federal Contract Tower,20,30,39,3,92,0,0,48,0,48,20,30,87,3,140,40,0,40,180
05/26/2011,LRD,TX,ASW,CE,Federal Contract Tower,17,33,25,2,77,0,0,32,4,36,17,33,57,6,113,0,120,120,233
05/27/2011,LRD,TX,ASW,CE,Federal Contract Tower,13,35,31,4,83,0,0,43,0,43,13,35,74,4,126,30,242,272,398
05/28/2011,LRD,TX,ASW,CE,Federal Contract Tower,7,11,10,0,28,0,0,41,0,41,7,11,51,0,69,0,0,0,69
05/29/2011,LRD,TX,ASW,CE,Federal Contract Tower,2,9,16,0,27,0,0,23,0,23,2,9,39,0,50,20,0,20,70
05/30/2011,LRD,TX,ASW,CE,Federal Contract Tower,5,19,24,0,48,0,0,19,0,19,5,19,43,0,67,0,0,0,67
05/31/2011,LRD,TX,ASW,CE,Federal Contract Tower,9,33,34,2,78,0,0,24,10,34,9,33,58,12,112,20,0,20,132
06/01/2011,LRD,TX,ASW,CE,Federal Contract Tower,16,22,26,2,66,0,0,61,6,67,16,22,87,8,133,20,60,80,213
06/02/2011,LRD,TX,ASW,CE,Federal Contract Tower,13,22,26,4,65,0,0,33,2,35,13,22,59,6,100,10,0,10,110
06/03/2011,LRD,TX,ASW,CE,Federal Contract Tower,10,25,32,9,76,0,0,24,0,24,10,25,56,9,100,10,90,100,200
06/04/2011,LRD,TX,ASW,CE,Federal Contract Tower,4,9,5,0,18,0,0,7,0,7,4,9,12,0,25,0,0,0,25
06/05/2011,LRD,TX,ASW,CE,Federal Contract Tower,2,20,11,0,33,0,0,18,0,18,2,20,29,0,51,0,0,0,51
06/06/2011,LRD,TX,ASW,CE,Federal Contract Tower,10,22,12,8,52,0,0,23,8,31,10,22,35,16,83,10,180,190,273
06/07/2011,LRD,TX,ASW,CE,Federal Contract Tower,12,23,26,17,78,0,0,35,0,35,12,23,61,17,113,22,360,382,495
06/08/2011,LRD,TX,ASW,CE,Federal Contract Tower,8,26,27,6,67,0,0,30,2,32,8,26,57,8,99,20,5,25,124
06/09/2011,LRD,TX,ASW,CE,Federal Contract Tower,17,33,34,7,91,0,2,31,5,38,17,35,65,12,129,0,96,96,225
06/10/2011,LRD,TX,ASW,CE,Federal Contract Tower,11,24,32,4,71,0,0,30,0,30,11,24,62,4,101,30,190,220,321
06/11/2011,LRD,TX,ASW,CE,Federal Contract Tower,2,13,12,0,27,0,0,13,0,13,2,13,25,0,40,0,0,0,40
06/12/2011,LRD,TX,ASW,CE,Federal Contract Tower,2,14,12,0,28,0,0,36,0,36,2,14,48,0,64,80,0,80,144
06/13/2011,LRD,TX,ASW,CE,Federal Contract Tower,8,28,28,14,78,0,0,34,2,36,8,28,62,16,114,40,0,40,154
06/14/2011,LRD,TX,ASW,CE,Federal Contract Tower,19,28,19,4,70,0,2,44,6,52,19,30,63,10,122,40,52,92,214
06/15/2011,LRD,TX,ASW,CE,Federal Contract Tower,16,28,33,2,79,0,0,26,0,26,16,28,59,2,105,0,0,0,105
06/16/2011,LRD,TX,ASW,CE,Federal Contract Tower,19,36,19,6,80,0,0,57,2,59,19,36,76,8,139,222,6,228,367
06/17/2011,LRD,TX,ASW,CE,Federal Contract Tower,10,29,23,12,74,0,0,59,0,59,10,29,82,12,133,160,280,440,573
06/18/2011,LRD,TX,ASW,CE,Federal Contract Tower,4,15,5,0,24,0,0,12,0,12,4,15,17,0,36,2,0,2,38
06/19/2011,LRD,TX,ASW,CE,Federal Contract Tower,5,13,12,0,30,0,0,19,0,19,5,13,31,0,49,70,0,70,119
06/20/2011,LRD,TX,ASW,CE,Federal Contract Tower,23,18,20,4,65,0,0,32,2,34,23,18,52,6,99,80,0,80,179
06/21/2011,LRD,TX,ASW,CE,Federal Contract Tower,18,27,21,8,74,0,0,31,0,31,18,27,52,8,105,72,164,236,341
06/22/2011,LRD,TX,ASW,CE,Federal Contract Tower,23,36,25,0,84,1,0,24,10,35,24,36,49,10,119,40,50,90,209
06/23/2011,LRD,TX,ASW,CE,Federal Contract Tower,26,41,26,13,106,0,0,38,8,46,26,41,64,21,152,130,20,150,302
06/24/2011,LRD,TX,ASW,CE,Federal Contract Tower,13,36,35,4,88,0,0,55,0,55,13,36,90,4,143,140,100,240,383
06/25/2011,LRD,TX,ASW,CE,Federal Contract Tower,9,29,10,0,48,0,0,38,0,38,9,29,48,0,86,36,0,36,122
06/26/2011,LRD,TX,ASW,CE,Federal Contract Tower,7,14,24,0,45,0,0,22,0,22,7,14,46,0,67,60,0,60,127
06/27/2011,LRD,TX,ASW,CE,Federal Contract Tower,23,25,25,6,79,0,0,31,0,31,23,25,56,6,110,60,240,300,410
06/28/2011,LRD,TX,ASW,CE,Federal Contract Tower,21,30,24,9,84,0,0,30,0,30,21,30,54,9,114,16,0,16,130
06/29/2011,LRD,TX,ASW,CE,Federal Contract Tower,21,29,32,13,95,0,0,28,3,31,21,29,60,16,126,210,0,210,336
06/30/2011,LRD,TX,ASW,CE,Federal Contract Tower,24,38,33,0,95,0,0,22,0,22,24,38,55,0,117,10,0,10,127
07/01/2011,LRD,TX,ASW,CE,Federal Contract Tower,12,44,22,0,78,0,0,17,0,17,12,44,39,0,95,0,0,0,95
07/02/2011,LRD,TX,ASW,CE,Federal Contract Tower,6,8,8,0,22,0,0,22,0,22,6,8,30,0,44,0,0,0,44
07/03/2011,LRD,TX,ASW,CE,Federal Contract Tower,6,11,9,5,31,0,0,6,0,6,6,11,15,5,37,0,0,0,37
07/04/2011,LRD,TX,ASW,CE,Federal Contract Tower,8,16,15,0,39,0,0,22,0,22,8,16,37,0,61,0,0,0,61
07/05/2011,LRD,TX,ASW,CE,Federal Contract Tower,12,23,20,2,57,0,0,35,2,37,12,23,55,4,94,10,90,100,194
07/06/2011,LRD,TX,ASW,CE,Federal Contract Tower,13,34,18,18,83,0,0,30,4,34,13,34,48,22,117,90,170,260,377
07/07/2011,LRD,TX,ASW,CE,Federal Contract Tower,15,22,19,4,60,0,0,47,4,51,15,22,66,8,111,2,130,132,243
07/08/2011,LRD,TX,ASW,CE,Federal Contract Tower,12,20,22,6,60,0,0,33,1,34,12,20,55,7,94,10,232,242,336
07/09/2011,LRD,TX,ASW,CE,Federal Contract Tower,6,8,7,0,21,0,0,21,1,22,6,8,28,1,43,0,0,0,43
07/10/2011,LRD,TX,ASW,CE,Federal Contract Tower,2,12,17,0,31,0,0,11,5,16,2,12,28,5,47,0,0,0,47
07/11/2011,LRD,TX,ASW,CE,Federal Contract Tower,8,18,15,13,54,0,0,22,4,26,8,18,37,17,80,20,212,232,312
07/12/2011,LRD,TX,ASW,CE,Federal Contract Tower,17,23,27,5,72,0,0,47,10,57,17,23,74,15,129,8,130,138,267
07/13/2011,LRD,TX,ASW,CE,Federal Contract Tower,16,26,25,0,67,0,0,35,14,49,16,26,60,14,116,10,0,10,126
07/14/2011,LRD,TX,ASW,CE,Federal Contract Tower,12,28,32,6,78,0,0,25,14,39,12,28,57,20,117,82,110,192,309
07/15/2011,LRD,TX,ASW,CE,Federal Contract Tower,8,27,18,12,65,0,0,56,3,59,8,27,74,15,124,32,152,184,308
07/16/2011,LRD,TX,ASW,CE,Federal Contract Tower,5,14,9,0,28,0,0,18,4,22,5,14,27,4,50,0,0,0,50
07/17/2011,LRD,TX,ASW,CE,Federal Contract Tower,2,11,12,0,25,0,0,19,2,21,2,11,31,2,46,10,0,10,56
07/18/2011,LRD,TX,ASW,CE,Federal Contract Tower,9,19,29,16,73,0,0,31,9,40,9,19,60,25,113,120,50,170,283
07/19/2011,LRD,TX,ASW,CE,Federal Contract Tower,13,25,30,6,74,0,0,35,2,37,13,25,65,8,111,30,140,170,281
07/20/2011,LRD,TX,ASW,CE,Federal Contract Tower,15,29,23,12,79,0,2,32,7,41,15,31,55,19,120,0,290,290,410
07/21/2011,LRD,TX,ASW,CE,Federal Contract Tower,23,35,36,2,96,0,0,25,6,31,23,35,61,8,127,22,0,22,149
07/22/2011,LRD,TX,ASW,CE,Federal Contract Tower,14,26,40,2,82,0,1,43,1,45,14,27,83,3,127,0,60,60,187
07/23/2011,LRD,TX,ASW,CE,Federal Contract Tower,6,13,6,0,25,0,0,28,0,28,6,13,34,0,53,10,0,10,63
07/24/2011,LRD,TX,ASW,CE,Federal Contract Tower,4,17,11,3,35,0,0,14,0,14,4,17,25,3,49,14,0,14,63
07/25/2011,LRD,TX,ASW,CE,Federal Contract Tower,14,26,21,6,67,0,0,27,8,35,14,26,48,14,102,0,80,80,182
07/26/2011,LRD,TX,ASW,CE,Federal Contract Tower,13,33,27,0,73,0,0,49,0,49,13,33,76,0,122,60,0,60,182
07/27/2011,LRD,TX,ASW,CE,Federal Contract Tower,12,35,36,8,91,0,0,48,8,56,12,35,84,16,147,60,82,142,289
07/28/2011,LRD,TX,ASW,CE,Federal Contract Tower,12,35,17,4,68,0,0,22,0,22,12,35,39,4,90,20,30,50,140
07/29/2011,LRD,TX,ASW,CE,Federal Contract Tower,9,27,33,2,71,0,1,38,0,39,9,28,71,2,110,8,60,68,178
07/30/2011,LRD,TX,ASW,CE,Federal Contract Tower,4,12,5,0,21,0,0,34,0,34,4,12,39,0,55,66,0,66,121
07/31/2011,LRD,TX,ASW,CE,Federal Contract Tower,3,15,14,0,32,0,0,22,0,22,3,15,36,0,54,0,0,0,54
08/01/2011,LRD,TX,ASW,CE,Federal Contract Tower,11,26,20,5,62,0,1,28,1,30,11,27,48,6,92,0,120,120,212
08/02/2011,LRD,TX,ASW,CE,Federal Contract Tower,10,32,13,0,55,0,0,29,2,31,10,32,42,2,86,0,0,0,86
08/03/2011,LRD,TX,ASW,CE,Federal Contract Tower,14,25,25,9,73,0,2,33,2,37,14,27,58,11,110,64,60,124,234
08/04/2011,LRD,TX,ASW,CE,Federal Contract Tower,27,26,20,2,75,0,0,36,0,36,27,26,56,2,111,0,70,70,181
08/05/2011,LRD,TX,ASW,CE,Federal Contract Tower,10,31,29,4,74,0,0,49,0,49,10,31,78,4,123,40,60,100,223
08/06/2011,LRD,TX,ASW,CE,Federal Contract Tower,4,14,14,1,33,0,0,25,3,28,4,14,39,4,61,0,0,0,61
08/07/2011,LRD,TX,ASW,CE,Federal Contract Tower,4,16,7,0,27,0,0,18,0,18,4,16,25,0,45,0,0,0,45
08/08/2011,LRD,TX,ASW,CE,Federal Contract Tower,11,42,20,11,84,0,0,40,1,41,11,42,60,12,125,40,120,160,285
08/09/2011,LRD,TX,ASW,CE,Federal Contract Tower,20,45,22,4,91,0,0,51,2,53,20,45,73,6,144,0,0,0,144
08/10/2011,LRD,TX,ASW,CE,Federal Contract Tower,17,44,20,4,85,0,1,43,13,57,17,45,63,17,142,46,310,356,498
08/11/2011,LRD,TX,ASW,CE,Federal Contract Tower,20,51,27,11,109,0,0,32,9,41,20,51,59,20,150,0,10,10,160
08/12/2011,LRD,TX,ASW,CE,Federal Contract Tower,12,29,38,6,85,0,1,52,0,53,12,30,90,6,138,20,130,150,288
08/13/2011,LRD,TX,ASW,CE,Federal Contract Tower,4,15,17,0,36,0,0,20,0,20,4,15,37,0,56,0,0,0,56
08/14/2011,LRD,TX,ASW,CE,Federal Contract Tower,2,12,14,0,28,0,0,25,0,25,2,12,39,0,53,0,0,0,53
08/15/2011,LRD,TX,ASW,CE,Federal Contract Tower,13,21,32,12,78,0,0,26,7,33,13,21,58,19,111,0,42,42,153
08/16/2011,LRD,TX,ASW,CE,Federal Contract Tower,18,28,29,11,86,0,0,33,10,43,18,28,62,21,129,64,164,228,357
08/17/2011,LRD,TX,ASW,CE,Federal Contract Tower,19,45,33,6,103,0,0,23,22,45,19,45,56,28,148,0,50,50,198
08/18/2011,LRD,TX,ASW,CE,Federal Contract Tower,22,30,23,16,91,0,0,31,13,44,22,30,54,29,135,4,160,164,299
08/19/2011,LRD,TX,ASW,CE,Federal Contract Tower,22,32,12,2,68,0,1,40,4,45,22,33,52,6,113,190,50,240,353
08/20/2011,LRD,TX,ASW,CE,Federal Contract Tower,5,9,11,0,25,0,0,20,2,22,5,9,31,2,47,86,0,86,133
08/21/2011,LRD,TX,ASW,CE,Federal Contract Tower,2,18,8,0,28,0,0,13,0,13,2,18,21,0,41,0,0,0,41
08/22/2011,LRD,TX,ASW,CE,Federal Contract Tower,19,31,22,11,83,0,0,27,5,32,19,31,49,16,115,0,200,200,315
08/23/2011,LRD,TX,ASW,CE,Federal Contract Tower,21,32,12,9,74,0,0,27,5,32,21,32,39,14,106,10,150,160,266
08/24/2011,LRD,TX,ASW,CE,Federal Contract Tower,18,34,39,10,101,0,0,37,7,44,18,34,76,17,145,10,170,180,325
08/25/2011,LRD,TX,ASW,CE,Federal Contract Tower,27,43,24,1,95,0,0,39,6,45,27,43,63,7,140,70,80,150,290
08/26/2011,LRD,TX,ASW,CE,Federal Contract Tower,18,40,18,3,79,0,0,41,0,41,18,40,59,3,120,64,0,64,184
08/27/2011,LRD,TX,ASW,CE,Federal Contract Tower,12,15,9,0,36,0,0,26,2,28,12,15,35,2,64,0,0,0,64
08/28/2011,LRD,TX,ASW,CE,Federal Contract Tower,10,18,12,0,40,0,0,20,0,20,10,18,32,0,60,0,0,0,60
08/29/2011,LRD,TX,ASW,CE,Federal Contract Tower,12,33,11,8,64,0,0,27,4,31,12,33,38,12,95,10,0,10,105
08/30/2011,LRD,TX,ASW,CE,Federal Contract Tower,19,34,21,6,80,0,0,34,1,35,19,34,55,7,115,0,180,180,295
08/31/2011,LRD,TX,ASW,CE,Federal Contract Tower,23,37,31,8,99,0,1,25,4,30,23,38,56,12,129,10,0,10,139
09/01/2011,LRD,TX,ASW,CE,Federal Contract Tower,29,35,36,9,109,0,1,22,10,33,29,36,58,19,142,0,100,100,242
09/02/2011,LRD,TX,ASW,CE,Federal Contract Tower,11,31,22,0,64,0,0,40,0,40,11,31,62,0,104,2,0,2,106
09/03/2011,LRD,TX,ASW,CE,Federal Contract Tower,8,9,15,0,32,0,0,30,0,30,8,9,45,0,62,0,0,0,62
09/04/2011,LRD,TX,ASW,CE,Federal Contract Tower,1,11,6,0,18,0,0,19,0,19,1,11,25,0,37,40,0,40,77
09/05/2011,LRD,TX,ASW,CE,Federal Contract Tower,6,23,14,0,43,0,0,23,0,23,6,23,37,0,66,0,0,0,66
09/06/2011,LRD,TX,ASW,CE,Federal Contract Tower,19,27,18,2,66,0,0,42,12,54,19,27,60,14,120,0,60,60,180
09/07/2011,LRD,TX,ASW,CE,Federal Contract Tower,27,41,25,6,99,0,0,29,8,37,27,41,54,14,136,0,78,78,214
09/08/2011,LRD,TX,ASW,CE,Federal Contract Tower,26,28,42,4,100,0,1,47,5,53,26,29,89,9,153,90,100,190,343
09/09/2011,LRD,TX,ASW,CE,Federal Contract Tower,18,34,28,6,86,0,0,42,0,42,18,34,70,6,128,0,90,90,218
09/10/2011,LRD,TX,ASW,CE,Federal Contract Tower,4,15,11,0,30,0,0,16,0,16,4,15,27,0,46,4,0,4,50
09/11/2011,LRD,TX,ASW,CE,Federal Contract Tower,5,17,16,0,38,0,0,16,0,16,5,17,32,0,54,0,0,0,54
09/12/2011,LRD,TX,ASW,CE,Federal Contract Tower,14,21,32,2,69,0,0,27,2,29,14,21,59,4,98,10,0,10,108
09/13/2011,LRD,TX,ASW,CE,Federal Contract Tower,23,32,17,7,79,0,0,36,8,44,23,32,53,15,123,10,130,140,263
09/14/2011,LRD,TX,ASW,CE,Federal Contract Tower,22,28,33,8,91,0,0,26,4,30,22,28,59,12,121,80,100,180,301
09/15/2011,LRD,TX,ASW,CE,Federal Contract Tower,22,39,50,9,120,0,1,40,6,47,22,40,90,15,167,0,250,250,417
09/16/2011,LRD,TX,ASW,CE,Federal Contract Tower,17,18,14,8,57,0,0,34,1,35,17,18,48,9,92,100,160,260,352
09/17/2011,LRD,TX,ASW,CE,Federal Contract Tower,4,11,6,0,21,0,0,6,0,6,4,11,12,0,27,0,0,0,27
09/18/2011,LRD,TX,ASW,CE,Federal Contract Tower,4,16,18,0,38,0,0,19,0,19,4,16,37,0,57,20,0,20,77
09/19/2011,LRD,TX,ASW,CE,Federal Contract Tower,13,27,22,2,64,0,0,37,2,39,13,27,59,4,103,60,120,180,283
09/20/2011,LRD,TX,ASW,CE,Federal Contract Tower,20,30,28,12,90,0,0,36,4,40,20,30,64,16,130,0,140,140,270
09/21/2011,LRD,TX,ASW,CE,Federal Contract Tower,24,29,19,6,78,0,0,18,10,28,24,29,37,16,106,10,82,92,198
09/22/2011,LRD,TX,ASW,CE,Federal Contract Tower,23,33,43,10,109,0,2,34,2,38,23,35,77,12,147,0,260,260,407
09/23/2011,LRD,TX,ASW,CE,Federal Contract Tower,13,22,25,8,68,0,0,31,0,31,13,22,56,8,99,0,180,180,279
09/24/2011,LRD,TX,ASW,CE,Federal Contract Tower,6,11,11,0,28,0,0,13,0,13,6,11,24,0,41,0,0,0,41
09/25/2011,LRD,TX,ASW,CE,Federal Contract Tower,3,16,14,0,33,0,0,16,0,16,3,16,30,0,49,0,0,0,49
09/26/2011,LRD,TX,ASW,CE,Federal Contract Tower,13,27,31,6,77,0,0,39,6,45,13,27,70,12,122,30,160,190,312
09/27/2011,LRD,TX,ASW,CE,Federal Contract Tower,22,24,28,5,79,0,0,23,4,27,22,24,51,9,106,40,0,40,146
09/28/2011,LRD,TX,ASW,CE,Federal Contract Tower,25,32,39,15,111,0,0,29,3,32,25,32,68,18,143,50,310,360,503
09/29/2011,LRD,TX,ASW,CE,Federal Contract Tower,23,40,23,1,87,0,0,41,0,41,23,40,64,1,128,340,0,340,468
09/30/2011,LRD,TX,ASW,CE,Federal Contract Tower,21,32,19,4,76,0,0,34,0,34,21,32,53,4,110,10,80,90,200
10/01/2011,LRD,TX,ASW,CE,Federal Contract Tower,5,13,7,0,25,0,0,25,0,25,5,13,32,0,50,40,0,40,90
10/02/2011,LRD,TX,ASW,CE,Federal Contract Tower,4,12,9,0,25,0,0,12,0,12,4,12,21,0,37,10,0,10,47
10/03/2011,LRD,TX,ASW,CE,Federal Contract Tower,15,27,22,15,79,0,0,31,0,31,15,27,53,15,110,160,80,240,350
10/04/2011,LRD,TX,ASW,CE,Federal Contract Tower,19,29,24,7,79,0,0,39,6,45,19,29,63,13,124,0,80,80,204
10/05/2011,LRD,TX,ASW,CE,Federal Contract Tower,22,29,30,6,87,0,0,48,3,51,22,29,78,9,138,10,0,10,148
10/06/2011,LRD,TX,ASW,CE,Federal Contract Tower,25,26,33,9,93,0,0,37,4,41,25,26,70,13,134,160,220,380,514
10/07/2011,LRD,TX,ASW,CE,Federal Contract Tower,15,22,32,12,81,0,0,36,2,38,15,22,68,14,119,240,200,440,559
10/08/2011,LRD,TX,ASW,CE,Federal Contract Tower,5,9,5,2,21,0,0,16,0,16,5,9,21,2,37,80,0,80,117
10/09/2011,LRD,TX,ASW,CE,Federal Contract Tower,3,13,12,0,28,0,0,5,0,5,3,13,17,0,33,0,0,0,33
10/10/2011,LRD,TX,ASW,CE,Federal Contract Tower,12,20,37,0,69,0,0,20,4,24,12,20,57,4,93,80,0,80,173
10/11/2011,LRD,TX,ASW,CE,Federal Contract Tower,17,28,36,8,89,0,0,36,15,51,17,28,72,23,140,200,350,550,690
10/12/2011,LRD,TX,ASW,CE,Federal Contract Tower,24,26,42,21,113,0,0,54,16,70,24,26,96,37,183,240,400,640,823
10/13/2011,LRD,TX,ASW,CE,Federal Contract Tower,20,23,27,4,74,0,0,51,9,60,20,23,78,13,134,40,110,150,284
10/14/2011,LRD,TX,ASW,CE,Federal Contract Tower,15,25,27,16,83,0,0,39,1,40,15,25,66,17,123,0,240,240,363
10/15/2011,LRD,TX,ASW,CE,Federal Contract Tower,2,14,15,0,31,0,0,22,0,22,2,14,37,0,53,0,0,0,53
10/16/2011,LRD,TX,ASW,CE,Federal Contract Tower,1,21,15,0,37,0,0,20,0,20,1,21,35,0,57,0,0,0,57
10/17/2011,LRD,TX,ASW,CE,Federal Contract Tower,11,30,24,8,73,0,0,43,6,49,11,30,67,14,122,30,84,114,236
10/18/2011,LRD,TX,ASW,CE,Federal Contract Tower,14,27,23,4,68,0,0,25,6,31,14,27,48,10,99,30,20,50,149
10/19/2011,LRD,TX,ASW,CE,Federal Contract Tower,14,32,32,6,84,0,0,47,8,55,14,32,79,14,139,40,70,110,249
10/20/2011,LRD,TX,ASW,CE,Federal Contract Tower,16,34,36,9,95,0,0,41,0,41,16,34,77,9,136,0,100,100,236
10/21/2011,LRD,TX,ASW,CE,Federal Contract Tower,10,32,25,11,78,0,0,36,1,37,10,32,61,12,115,10,180,190,305
10/22/2011,LRD,TX,ASW,CE,Federal Contract Tower,2,12,20,0,34,0,0,19,0,19,2,12,39,0,53,0,0,0,53
10/23/2011,LRD,TX,ASW,CE,Federal Contract Tower,0,16,22,0,38,0,0,9,1,10,0,16,31,1,48,14,0,14,62
10/24/2011,LRD,TX,ASW,CE,Federal Contract Tower,10,21,25,10,66,0,0,16,8,24,10,21,41,18,90,0,80,80,170
10/25/2011,LRD,TX,ASW,CE,Federal Contract Tower,16,31,21,13,81,0,0,28,9,37,16,31,49,22,118,0,130,130,248
10/26/2011,LRD,TX,ASW,CE,Federal Contract Tower,15,32,29,10,86,0,0,35,6,41,15,32,64,16,127,80,210,290,417
10/27/2011,LRD,TX,ASW,CE,Federal Contract Tower,19,29,37,30,115,0,0,14,6,20,19,29,51,36,135,0,460,460,595
10/28/2011,LRD,TX,ASW,CE,Federal Contract Tower,15,29,31,11,86,0,0,27,2,29,15,29,58,13,115,2,240,242,357
10/29/2011,LRD,TX,ASW,CE,Federal Contract Tower,2,9,16,0,27,0,0,29,0,29,2,9,45,0,56,2,0,2,58
10/30/2011,LRD,TX,ASW,CE,Federal Contract Tower,1,14,18,0,33,0,0,14,0,14,1,14,32,0,47,0,0,0,47
10/31/2011,LRD,TX,ASW,CE,Federal Contract Tower,9,18,30,2,59,0,0,26,0,26,9,18,56,2,85,0,80,80,165
11/01/2011,LRD,TX,ASW,CE,Federal Contract Tower,14,25,27,0,66,0,0,43,4,47,14,25,70,4,113,252,0,252,365
11/02/2011,LRD,TX,ASW,CE,Federal Contract Tower,14,25,31,10,80,0,1,32,0,33,14,26,63,10,113,24,240,264,377
11/03/2011,LRD,TX,ASW,CE,Federal Contract Tower,16,34,27,6,83,0,0,22,0,22,16,34,49,6,105,80,160,240,345
11/04/2011,LRD,TX,ASW,CE,Federal Contract Tower,17,42,30,2,91,0,0,30,0,30,17,42,60,2,121,0,80,80,201
11/05/2011,LRD,TX,ASW,CE,Federal Contract Tower,3,12,13,0,28,0,0,11,0,11,3,12,24,0,39,0,0,0,39
11/06/2011,LRD,TX,ASW,CE,Federal Contract Tower,2,22,27,0,51,0,0,14,0,14,2,22,41,0,65,0,0,0,65
11/07/2011,LRD,TX,ASW,CE,Federal Contract Tower,10,32,21,22,85,0,1,18,0,19,10,33,39,22,104,200,320,520,624
11/08/2011,LRD,TX,ASW,CE,Federal Contract Tower,15,30,38,8,91,0,0,31,3,34,15,30,69,11,125,4,160,164,289
11/09/2011,LRD,TX,ASW,CE,Federal Contract Tower,12,30,15,11,68,0,0,19,1,20,12,30,34,12,88,0,80,80,168
11/10/2011,LRD,TX,ASW,CE,Federal Contract Tower,21,28,33,12,94,0,0,18,4,22,21,28,51,16,116,0,280,280,396
11/11/2011,LRD,TX,ASW,CE,Federal Contract Tower,13,21,26,0,60,0,0,55,0,55,13,21,81,0,115,40,0,40,155
11/12/2011,LRD,TX,ASW,CE,Federal Contract Tower,4,11,7,0,22,1,0,13,0,14,5,11,20,0,36,0,0,0,36
11/13/2011,LRD,TX,ASW,CE,Federal Contract Tower,2,14,19,0,35,0,0,13,0,13,2,14,32,0,48,0,0,0,48
11/14/2011,LRD,TX,ASW,CE,Federal Contract Tower,7,21,23,5,56,0,0,18,4,22,7,21,41,9,78,160,0,160,238
11/15/2011,LRD,TX,ASW,CE,Federal Contract Tower,17,16,20,8,61,0,0,20,2,22,17,16,40,10,83,0,4,4,87
11/16/2011,LRD,TX,ASW,CE,Federal Contract Tower,14,34,31,13,92,0,0,19,4,23,14,34,50,17,115,4,120,124,239
11/17/2011,LRD,TX,ASW,CE,Federal Contract Tower,16,26,53,2,97,0,0,33,0,33,16,26,86,2,130,50,30,80,210
11/18/2011,LRD,TX,ASW,CE,Federal Contract Tower,15,31,33,8,87,0,0,31,0,31,15,31,64,8,118,0,160,160,278
11/19/2011,LRD,TX,ASW,CE,Federal Contract Tower,3,19,16,0,38,0,0,32,2,34,3,19,48,2,72,0,0,0,72
11/20/2011,LRD,TX,ASW,CE,Federal Contract Tower,2,12,27,8,49,0,0,13,0,13,2,12,40,8,62,10,0,10,72
11/21/2011,LRD,TX,ASW,CE,Federal Contract Tower,9,19,45,20,93,0,0,25,8,33,9,19,70,28,126,20,500,520,646
11/22/2011,LRD,TX,ASW,CE,Federal Contract Tower,12,29,21,20,82,0,0,36,1,37,12,29,57,21,119,10,240,250,369
11/23/2011,LRD,TX,ASW,CE,Federal Contract Tower,16,25,30,5,76,0,0,30,5,35,16,25,60,10,111,10,170,180,291
11/24/2011,LRD,TX,ASW,CE,Federal Contract Tower,5,14,5,1,25,0,0,8,1,9,5,14,13,2,34,0,0,0,34
11/25/2011,LRD,TX,ASW,CE,Federal Contract Tower,15,10,13,0,38,0,0,23,0,23,15,10,36,0,61,0,0,0,61
11/26/2011,LRD,TX,ASW,CE,Federal Contract Tower,2,20,7,0,29,0,0,20,0,20,2,20,27,0,49,0,0,0,49
11/27/2011,LRD,TX,ASW,CE,Federal Contract Tower,0,19,20,0,39,0,0,22,0,22,0,19,42,0,61,0,0,0,61
11/28/2011,LRD,TX,ASW,CE,Federal Contract Tower,10,22,24,6,62,0,0,32,1,33,10,22,56,7,95,0,100,100,195
11/29/2011,LRD,TX,ASW,CE,Federal Contract Tower,16,39,22,12,89,0,0,38,0,38,16,39,60,12,127,20,82,102,229
11/30/2011,LRD,TX,ASW,CE,Federal Contract Tower,13,24,24,4,65,0,0,52,2,54,13,24,76,6,119,60,110,170,289
12/01/2011,LRD,TX,ASW,CE,Federal Contract Tower,13,32,21,2,68,0,0,42,0,42,13,32,63,2,110,40,0,40,150
12/02/2011,LRD,TX,ASW,CE,Federal Contract Tower,16,30,29,0,75,0,0,17,0,17,16,30,46,0,92,0,0,0,92
12/03/2011,LRD,TX,ASW,CE,Federal Contract Tower,3,12,12,0,27,0,0,18,0,18,3,12,30,0,45,0,0,0,45
12/04/2011,LRD,TX,ASW,CE,Federal Contract Tower,0,15,29,7,51,0,0,8,0,8,0,15,37,7,59,0,0,0,59
12/05/2011,LRD,TX,ASW,CE,Federal Contract Tower,15,30,30,10,85,0,0,36,0,36,15,30,66,10,121,4,130,134,255
12/06/2011,LRD,TX,ASW,CE,Federal Contract Tower,22,38,22,12,94,0,0,27,7,34,22,38,49,19,128,0,20,20,148
12/07/2011,LRD,TX,ASW,CE,Federal Contract Tower,17,34,22,4,77,0,0,50,5,55,17,34,72,9,132,86,20,106,238
12/08/2011,LRD,TX,ASW,CE,Federal Contract Tower,13,38,43,11,105,0,0,38,0,38,13,38,81,11,143,0,160,160,303
12/09/2011,LRD,TX,ASW,CE,Federal Contract Tower,16,26,28,8,78,0,0,32,0,32,16,26,60,8,110,0,0,0,110
12/10/2011,LRD,TX,ASW,CE,Federal Contract Tower,3,15,7,0,25,0,0,0,0,0,3,15,7,0,25,0,0,0,25
12/11/2011,LRD,TX,ASW,CE,Federal Contract Tower,0,18,14,0,32,0,0,3,0,3,0,18,17,0,35,0,0,0,35
12/12/2011,LRD,TX,ASW,CE,Federal Contract Tower,3,15,27,2,47,0,0,0,0,0,3,15,27,2,47,0,0,0,47
12/13/2011,LRD,TX,ASW,CE,Federal Contract Tower,17,24,25,2,68,0,0,8,6,14,17,24,33,8,82,2,0,2,84
12/14/2011,LRD,TX,ASW,CE,Federal Contract Tower,27,30,42,2,101,0,0,20,16,36,27,30,62,18,137,0,0,0,137
12/15/2011,LRD,TX,ASW,CE,Federal Contract Tower,28,35,63,2,128,0,0,0,0,0,28,35,63,2,128,0,0,0,128
12/16/2011,LRD,TX,ASW,CE,Federal Contract Tower,25,33,58,1,117,0,0,31,0,31,25,33,89,1,148,10,0,10,158
12/17/2011,LRD,TX,ASW,CE,Federal Contract Tower,5,17,15,2,39,0,0,10,0,10,5,17,25,2,49,0,0,0,49
12/18/2011,LRD,TX,ASW,CE,Federal Contract Tower,2,34,32,4,72,0,0,4,0,4,2,34,36,4,76,0,0,0,76
12/19/2011,LRD,TX,ASW,CE,Federal Contract Tower,27,28,31,12,98,0,0,20,9,29,27,28,51,21,127,10,50,60,187
12/20/2011,LRD,TX,ASW,CE,Federal Contract Tower,28,25,40,20,113,0,0,28,6,34,28,25,68,26,147,92,210,302,449
12/21/2011,LRD,TX,ASW,CE,Federal Contract Tower,40,37,32,9,118,0,1,26,1,28,40,38,58,10,146,6,240,246,392
12/22/2011,LRD,TX,ASW,CE,Federal Contract Tower,40,45,44,11,140,0,1,32,1,34,40,46,76,12,174,0,140,140,314
12/23/2011,LRD,TX,ASW,CE,Federal Contract Tower,26,26,41,4,97,0,0,5,0,5,26,26,46,4,102,0,0,0,102
12/24/2011,LRD,TX,ASW,CE,Federal Contract Tower,2,14,6,0,22,0,0,0,0,0,2,14,6,0,22,0,0,0,22
12/25/2011,LRD,TX,ASW,CE,Federal Contract Tower,0,12,4,0,16,0,0,2,0,2,0,12,6,0,18,0,0,0,18
12/26/2011,LRD,TX,ASW,CE,Federal Contract Tower,2,32,51,2,87,0,0,19,0,19,2,32,70,2,106,0,0,0,106
12/27/2011,LRD,TX,ASW,CE,Federal Contract Tower,10,23,22,3,58,0,0,31,0,31,10,23,53,3,89,0,0,0,89
12/28/2011,LRD,TX,ASW,CE,Federal Contract Tower,15,20,30,1,66,0,0,37,0,37,15,20,67,1,103,80,0,80,183
12/29/2011,LRD,TX,ASW,CE,Federal Contract Tower,15,18,20,0,53,0,0,31,0,31,15,18,51,0,84,70,0,70,154
12/30/2011,LRD,TX,ASW,CE,Federal Contract Tower,12,13,14,0,39,0,0,23,0,23,12,13,37,0,62,0,0,0,62
12/31/2011,LRD,TX,ASW,CE,Federal Contract Tower,2,11,9,0,22,0,0,21,0,21,2,11,30,0,43,0,0,0,43
01/01/2012,LRD,TX,ASW,CE,Federal Contract Tower,0,13,26,0,39,0,0,12,0,12,0,13,38,0,51,2,0,2,53
01/02/2012,LRD,TX,ASW,CE,Federal Contract Tower,2,24,30,1,57,0,0,19,0,19,2,24,49,1,76,0,0,0,76
01/03/2012,LRD,TX,ASW,CE,Federal Contract Tower,13,17,24,4,58,0,0,19,4,23,13,17,43,8,81,0,44,44,125
01/04/2012,LRD,TX,ASW,CE,Federal Contract Tower,19,19,12,4,54,0,0,27,16,43,19,19,39,20,97,0,160,160,257
01/05/2012,LRD,TX,ASW,CE,Federal Contract Tower,20,22,20,0,62,0,0,53,8,61,20,22,73,8,123,40,0,40,163
01/06/2012,LRD,TX,ASW,CE,Federal Contract Tower,17,30,23,13,83,0,0,54,2,56,17,30,77,15,139,0,320,320,459
01/07/2012,LRD,TX,ASW,CE,Federal Contract Tower,4,11,11,1,27,0,0,30,0,30,4,11,41,1,57,0,0,0,57
01/08/2012,LRD,TX,ASW,CE,Federal Contract Tower,1,11,32,0,44,0,0,11,0,11,1,11,43,0,55,0,0,0,55
01/09/2012,LRD,TX,ASW,CE,Federal Contract Tower,7,19,29,24,79,0,0,11,5,16,7,19,40,29,95,0,260,260,355
01/10/2012,LRD,TX,ASW,CE,Federal Contract Tower,14,17,21,9,61,1,0,42,4,47,15,17,63,13,108,0,160,160,268
01/11/2012,LRD,TX,ASW,CE,Federal Contract Tower,20,28,20,13,81,0,0,25,3,28,20,28,45,16,109,0,200,200,309
01/12/2012,LRD,TX,ASW,CE,Federal Contract Tower,24,24,25,7,80,0,0,37,8,45,24,24,62,15,125,0,190,190,315
01/13/2012,LRD,TX,ASW,CE,Federal Contract Tower,19,30,28,9,86,0,0,36,0,36,19,30,64,9,122,0,200,200,322
01/14/2012,LRD,TX,ASW,CE,Federal Contract Tower,3,13,11,2,29,0,0,31,0,31,3,13,42,2,60,0,0,0,60
01/15/2012,LRD,TX,ASW,CE,Federal Contract Tower,0,16,20,1,37,0,0,1,0,1,0,16,21,1,38,0,0,0,38
01/16/2012,LRD,TX,ASW,CE,Federal Contract Tower,9,26,28,0,63,0,0,17,14,31,9,26,45,14,94,10,40,50,144
01/17/2012,LRD,TX,ASW,CE,Federal Contract Tower,16,17,34,11,78,0,0,16,18,34,16,17,50,29,112,30,32,62,174
01/18/2012,LRD,TX,ASW,CE,Federal Contract Tower,21,33,45,6,105,0,0,37,5,42,21,33,82,11,147,44,140,184,331
01/19/2012,LRD,TX,ASW,CE,Federal Contract Tower,16,33,42,8,99,0,0,49,15,64,16,33,91,23,163,4,100,104,267
01/20/2012,LRD,TX,ASW,CE,Federal Contract Tower,15,20,35,5,75,0,0,31,7,38,15,20,66,12,113,0,0,0,113
01/21/2012,LRD,TX,ASW,CE,Federal Contract Tower,3,16,12,0,31,0,0,13,0,13,3,16,25,0,44,0,0,0,44
01/22/2012,LRD,TX,ASW,CE,Federal Contract Tower,4,15,26,0,45,0,0,20,2,22,4,15,46,2,67,60,0,60,127
01/23/2012,LRD,TX,ASW,CE,Federal Contract Tower,7,29,29,12,77,0,1,16,0,17,7,30,45,12,94,0,300,300,394
01/24/2012,LRD,TX,ASW,CE,Federal Contract Tower,15,25,39,8,87,0,0,10,0,10,15,25,49,8,97,0,40,40,137
01/25/2012,LRD,TX,ASW,CE,Federal Contract Tower,18,25,30,19,92,0,1,23,5,29,18,26,53,24,121,0,540,540,661
01/26/2012,LRD,TX,ASW,CE,Federal Contract Tower,21,27,24,4,76,0,0,29,0,29,21,27,53,4,105,10,120,130,235
01/27/2012,LRD,TX,ASW,CE,Federal Contract Tower,14,23,8,8,53,0,0,33,5,38,14,23,41,13,91,0,240,240,331
01/28/2012,LRD,TX,ASW,CE,Federal Contract Tower,2,22,10,0,34,0,0,21,8,29,2,22,31,8,63,0,0,0,63
01/29/2012,LRD,TX,ASW,CE,Federal Contract Tower,1,17,20,0,38,0,0,23,0,23,1,17,43,0,61,4,0,4,65
01/30/2012,LRD,TX,ASW,CE,Federal Contract Tower,15,21,18,0,54,0,0,5,2,7,15,21,23,2,61,0,0,0,61
01/31/2012,LRD,TX,ASW,CE,Federal Contract Tower,13,23,27,3,66,0,0,10,6,16,13,23,37,9,82,0,0,0,82
02/01/2012,LRD,TX,ASW,CE,Federal Contract Tower,20,32,16,12,80,0,0,33,2,35,20,32,49,14,115,122,66,188,303
02/02/2012,LRD,TX,ASW,CE,Federal Contract Tower,17,30,41,6,94,0,0,13,0,13,17,30,54,6,107,0,0,0,107
02/03/2012,LRD,TX,ASW,CE,Federal Contract Tower,17,27,45,14,103,0,0,22,0,22,17,27,67,14,125,10,120,130,255
02/04/2012,LRD,TX,ASW,CE,Federal Contract Tower,5,12,16,0,33,0,0,7,0,7,5,12,23,0,40,0,0,0,40
02/05/2012,LRD,TX,ASW,CE,Federal Contract Tower,1,14,17,0,32,0,0,10,0,10,1,14,27,0,42,0,0,0,42
02/06/2012,LRD,TX,ASW,CE,Federal Contract Tower,17,20,44,17,98,0,0,24,0,24,17,20,68,17,122,30,360,390,512
02/07/2012,LRD,TX,ASW,CE,Federal Contract Tower,17,28,25,20,90,0,0,61,15,76,17,28,86,35,166,80,202,282,448
02/08/2012,LRD,TX,ASW,CE,Federal Contract Tower,22,28,31,4,85,0,0,27,2,29,22,28,58,6,114,20,130,150,264
02/09/2012,LRD,TX,ASW,CE,Federal Contract Tower,18,28,49,6,101,0,0,16,6,22,18,28,65,12,123,0,80,80,203
02/10/2012,LRD,TX,ASW,CE,Federal Contract Tower,14,32,32,28,106,0,0,21,0,21,14,32,53,28,127,22,80,102,229
02/11/2012,LRD,TX,ASW,CE,Federal Contract Tower,4,10,9,2,25,0,0,20,2,22,4,10,29,4,47,10,0,10,57
02/12/2012,LRD,TX,ASW,CE,Federal Contract Tower,0,12,13,3,28,0,0,51,0,51,0,12,64,3,79,26,0,26,105
02/13/2012,LRD,TX,ASW,CE,Federal Contract Tower,10,18,28,7,63,0,0,34,8,42,10,18,62,15,105,20,40,60,165
02/14/2012,LRD,TX,ASW,CE,Federal Contract Tower,12,23,29,2,66,0,0,20,4,24,12,23,49,6,90,64,0,64,154
02/15/2012,LRD,TX,ASW,CE,Federal Contract Tower,18,25,33,10,86,0,0,30,9,39,18,25,63,19,125,60,0,60,185
02/16/2012,LRD,TX,ASW,CE,Federal Contract Tower,21,21,28,8,78,0,0,18,4,22,21,21,46,12,100,40,0,40,140
02/17/2012,LRD,TX,ASW,CE,Federal Contract Tower,13,29,35,3,80,0,0,0,0,0,13,29,35,3,80,0,0,0,80
02/18/2012,LRD,TX,ASW,CE,Federal Contract Tower,5,13,22,7,47,0,0,12,2,14,5,13,34,9,61,20,0,20,81
02/19/2012,LRD,TX,ASW,CE,Federal Contract Tower,0,12,16,0,28,0,0,23,1,24,0,12,39,1,52,52,0,52,104
02/20/2012,LRD,TX,ASW,CE,Federal Contract Tower,11,23,28,2,64,0,0,22,3,25,11,23,50,5,89,0,0,0,89
02/21/2012,LRD,TX,ASW,CE,Federal Contract Tower,21,16,32,2,71,0,0,17,4,21,21,16,49,6,92,6,0,6,98
02/22/2012,LRD,TX,ASW,CE,Federal Contract Tower,21,25,46,2,94,0,0,27,11,38,21,25,73,13,132,20,0,20,152
02/23/2012,LRD,TX,ASW,CE,Federal Contract Tower,15,35,44,4,98,0,0,19,9,28,15,35,63,13,126,10,40,50,176
02/24/2012,LRD,TX,ASW,CE,Federal Contract Tower,20,29,38,4,91,0,0,31,16,47,20,29,69,20,138,0,0,0,138
02/25/2012,LRD,TX,ASW,CE,Federal Contract Tower,4,11,6,0,21,0,0,22,1,23,4,11,28,1,44,0,0,0,44
02/26/2012,LRD,TX,ASW,CE,Federal Contract Tower,3,13,13,2,31,0,0,23,2,25,3,13,36,4,56,2,0,2,58
02/27/2012,LRD,TX,ASW,CE,Federal Contract Tower,18,27,28,3,76,0,0,5,1,6,18,27,33,4,82,0,0,0,82
02/28/2012,LRD,TX,ASW,CE,Federal Contract Tower,19,32,30,0,81,0,0,28,15,43,19,32,58,15,124,0,0,0,124
02/29/2012,LRD,TX,ASW,CE,Federal Contract Tower,17,38,28,10,93,0,0,19,7,26,17,38,47,17,119,0,10,10,129
03/01/2012,LRD,TX,ASW,CE,Federal Contract Tower,19,32,31,11,93,0,3,36,11,50,19,35,67,22,143,40,0,40,183
03/02/2012,LRD,TX,ASW,CE,Federal Contract Tower,18,25,40,18,101,0,0,33,6,39,18,25,73,24,140,20,180,200,340
03/03/2012,LRD,TX,ASW,CE,Federal Contract Tower,4,11,23,0,38,0,0,17,4,21,4,11,40,4,59,50,0,50,109
03/04/2012,LRD,TX,ASW,CE,Federal Contract Tower,2,13,13,0,28,0,0,22,1,23,2,13,35,1,51,10,0,10,61
03/05/2012,LRD,TX,ASW,CE,Federal Contract Tower,9,21,22,19,71,0,0,40,16,56,9,21,62,35,127,0,400,400,527
03/06/2012,LRD,TX,ASW,CE,Federal Contract Tower,14,25,24,16,79,0,0,42,11,53,14,25,66,27,132,20,380,400,532
03/07/2012,LRD,TX,ASW,CE,Federal Contract Tower,15,27,34,13,89,0,0,37,11,48,15,27,71,24,137,82,280,362,499
03/08/2012,LRD,TX,ASW,CE,Federal Contract Tower,17,22,33,37,109,0,0,30,10,40,17,22,63,47,149,10,440,450,599
03/09/2012,LRD,TX,ASW,CE,Federal Contract Tower,16,38,42,13,109,0,0,10,5,15,16,38,52,18,124,0,130,130,254
03/10/2012,LRD,TX,ASW,CE,Federal Contract Tower,4,18,35,6,63,0,0,4,3,7,4,18,39,9,70,0,0,0,70
03/11/2012,LRD,TX,ASW,CE,Federal Contract Tower,2,21,17,9,49,0,0,20,2,22,2,21,37,11,71,0,0,0,71
03/12/2012,LRD,TX,ASW,CE,Federal Contract Tower,6,28,48,2,84,0,0,44,20,64,6,28,92,22,148,30,14,44,192
03/13/2012,LRD,TX,ASW,CE,Federal Contract Tower,13,35,36,11,95,0,0,29,8,37,13,35,65,19,132,24,0,24,156
03/14/2012,LRD,TX,ASW,CE,Federal Contract Tower,12,38,43,10,103,0,0,15,9,24,12,38,58,19,127,0,0,0,127
03/15/2012,LRD,TX,ASW,CE,Federal Contract Tower,22,34,45,19,120,0,0,29,19,48,22,34,74,38,168,0,140,140,308
03/16/2012,LRD,TX,ASW,CE,Federal Contract Tower,15,30,39,17,101,0,0,19,20,39,15,30,58,37,140,0,360,360,500
03/17/2012,LRD,TX,ASW,CE,Federal Contract Tower,3,21,20,0,44,0,0,16,0,16,3,21,36,0,60,0,0,0,60
03/18/2012,LRD,TX,ASW,CE,Federal Contract Tower,5,11,24,2,42,0,0,14,0,14,5,11,38,2,56,0,2,2,58
03/19/2012,LRD,TX,ASW,CE,Federal Contract Tower,10,16,24,24,74,0,0,21,8,29,10,16,45,32,103,0,170,170,273
03/20/2012,LRD,TX,ASW,CE,Federal Contract Tower,23,28,33,5,89,0,0,11,12,23,23,28,44,17,112,0,50,50,162
03/21/2012,LRD,TX,ASW,CE,Federal Contract Tower,23,25,33,15,96,0,1,41,8,50,23,26,74,23,146,0,120,120,266
03/22/2012,LRD,TX,ASW,CE,Federal Contract Tower,23,32,40,8,103,0,0,50,5,55,23,32,90,13,158,0,200,200,358
03/23/2012,LRD,TX,ASW,CE,Federal Contract Tower,21,32,20,7,80,0,0,50,12,62,21,32,70,19,142,40,180,220,362
03/24/2012,LRD,TX,ASW,CE,Federal Contract Tower,7,13,9,2,31,0,1,29,3,33,7,14,38,5,64,100,0,100,164
03/25/2012,LRD,TX,ASW,CE,Federal Contract Tower,7,17,24,0,48,0,0,21,1,22,7,17,45,1,70,16,0,16,86
03/26/2012,LRD,TX,ASW,CE,Federal Contract Tower,13,29,24,5,71,0,0,23,16,39,13,29,47,21,110,0,20,20,130
03/27/2012,LRD,TX,ASW,CE,Federal Contract Tower,18,26,41,12,97,0,0,36,13,49,18,26,77,25,146,28,0,28,174
03/28/2012,LRD,TX,ASW,CE,Federal Contract Tower,18,42,38,2,100,0,0,19,24,43,18,42,57,26,143,0,0,0,143
03/29/2012,LRD,TX,ASW,CE,Federal Contract Tower,23,38,55,14,130,0,0,44,6,50,23,38,99,20,180,10,0,10,190
03/30/2012,LRD,TX,ASW,CE,Federal Contract Tower,19,37,50,8,114,0,1,51,10,62,19,38,101,18,176,40,210,250,426
03/31/2012,LRD,TX,ASW,CE,Federal Contract Tower,7,19,21,0,47,0,0,32,1,33,7,19,53,1,80,0,0,0,80
04/01/2012,LRD,TX,ASW,CE,Federal Contract Tower,7,18,23,0,48,0,0,25,1,26,7,18,48,1,74,4,0,4,78
04/02/2012,LRD,TX,ASW,CE,Federal Contract Tower,12,22,30,20,84,0,0,25,13,38,12,22,55,33,122,0,290,290,412
04/03/2012,LRD,TX,ASW,CE,Federal Contract Tower,23,23,25,9,80,0,0,37,11,48,23,23,62,20,128,20,180,200,328
04/04/2012,LRD,TX,ASW,CE,Federal Contract Tower,19,25,52,11,107,0,0,42,11,53,19,25,94,22,160,0,0,0,160
04/05/2012,LRD,TX,ASW,CE,Federal Contract Tower,15,23,38,16,92,0,0,42,6,48,15,23,80,22,140,0,360,360,500
04/06/2012,LRD,TX,ASW,CE,Federal Contract Tower,10,23,23,4,60,0,0,23,14,37,10,23,46,18,97,40,240,280,377
04/07/2012,LRD,TX,ASW,CE,Federal Contract Tower,4,15,14,1,34,0,1,19,4,24,4,16,33,5,58,0,10,10,68
04/08/2012,LRD,TX,ASW,CE,Federal Contract Tower,2,9,18,0,29,0,0,10,0,10,2,9,28,0,39,0,0,0,39
04/09/2012,LRD,TX,ASW,CE,Federal Contract Tower,18,25,32,13,88,0,0,37,11,48,18,25,69,24,136,40,350,390,526
04/10/2012,LRD,TX,ASW,CE,Federal Contract Tower,21,35,25,10,91,0,0,39,9,48,21,35,64,19,139,20,180,200,339
04/11/2012,LRD,TX,ASW,CE,Federal Contract Tower,14,40,52,8,114,0,1,32,8,41,14,41,84,16,155,10,200,210,365
04/12/2012,LRD,TX,ASW,CE,Federal Contract Tower,19,33,27,6,85,0,0,28,9,37,19,33,55,15,122,10,50,60,182
04/13/2012,LRD,TX,ASW,CE,Federal Contract Tower,16,26,37,7,86,0,1,22,10,33,16,27,59,17,119,0,110,110,229
04/14/2012,LRD,TX,ASW,CE,Federal Contract Tower,14,20,23,0,57,0,0,16,1,17,14,20,39,1,74,20,0,20,94
04/15/2012,LRD,TX,ASW,CE,Federal Contract Tower,7,21,21,0,49,0,0,19,0,19,7,21,40,0,68,0,0,0,68
04/16/2012,LRD,TX,ASW,CE,Federal Contract Tower,21,28,28,7,84,0,0,17,7,24,21,28,45,14,108,10,92,102,210
04/17/2012,LRD,TX,ASW,CE,Federal Contract Tower,18,29,21,8,76,0,0,21,7,28,18,29,42,15,104,100,50,150,254
04/18/2012,LRD,TX,ASW,CE,Federal Contract Tower,21,27,18,8,74,0,0,29,14,43,21,27,47,22,117,10,34,44,161
04/19/2012,LRD,TX,ASW,CE,Federal Contract Tower,24,24,26,7,81,0,0,36,16,52,24,24,62,23,133,20,280,300,433
04/20/2012,LRD,TX,ASW,CE,Federal Contract Tower,18,30,24,3,75,0,1,28,5,34,18,31,52,8,109,20,160,180,289
04/21/2012,LRD,TX,ASW,CE,Federal Contract Tower,5,13,6,0,24,0,0,46,4,50,5,13,52,4,74,0,0,0,74
04/22/2012,LRD,TX,ASW,CE,Federal Contract Tower,3,17,2,0,22,0,0,21,2,23,3,17,23,2,45,20,8,28,73
04/23/2012,LRD,TX,ASW,CE,Federal Contract Tower,21,24,25,10,80,0,1,29,15,45,21,25,54,25,125,120,560,680,805
04/24/2012,LRD,TX,ASW,CE,Federal Contract Tower,20,35,38,0,93,0,0,30,9,39,20,35,68,9,132,0,40,40,172
04/25/2012,LRD,TX,ASW,CE,Federal Contract Tower,28,45,28,4,105,0,0,29,8,37,28,45,57,12,142,30,124,154,296
04/26/2012,LRD,TX,ASW,CE,Federal Contract Tower,22,28,32,18,100,0,0,45,22,67,22,28,77,40,167,0,190,190,357
04/27/2012,LRD,TX,ASW,CE,Federal Contract Tower,20,29,33,0,82,0,0,31,10,41,20,29,64,10,123,0,0,0,123
04/28/2012,LRD,TX,ASW,CE,Federal Contract Tower,8,15,12,0,35,0,0,24,8,32,8,15,36,8,67,6,0,6,73
04/29/2012,LRD,TX,ASW,CE,Federal Contract Tower,3,15,22,2,42,0,0,14,1,15,3,15,36,3,57,0,0,0,57
04/30/2012,LRD,TX,ASW,CE,Federal Contract Tower,12,24,18,10,64,0,0,20,9,29,12,24,38,19,93,0,144,144,237
05/01/2012,LRD,TX,ASW,CE,Federal Contract Tower,18,28,40,2,88,0,1,33,13,47,18,29,73,15,135,20,60,80,215
05/02/2012,LRD,TX,ASW,CE,Federal Contract Tower,21,37,31,7,96,0,0,25,10,35,21,37,56,17,131,0,0,0,131
05/03/2012,LRD,TX,ASW,CE,Federal Contract Tower,29,21,29,4,83,0,0,13,15,28,29,21,42,19,111,80,110,190,301
05/04/2012,LRD,TX,ASW,CE,Federal Contract Tower,17,21,46,6,90,0,1,27,6,34,17,22,73,12,124,10,160,170,294
05/05/2012,LRD,TX,ASW,CE,Federal Contract Tower,5,14,11,0,30,0,0,20,2,22,5,14,31,2,52,10,0,10,62
05/06/2012,LRD,TX,ASW,CE,Federal Contract Tower,3,14,16,4,37,0,0,26,1,27,3,14,42,5,64,0,0,0,64
05/07/2012,LRD,TX,ASW,CE,Federal Contract Tower,8,31,31,8,78,0,0,26,4,30,8,31,57,12,108,0,50,50,158
05/08/2012,LRD,TX,ASW,CE,Federal Contract Tower,23,39,24,2,88,0,0,7,15,22,23,39,31,17,110,0,110,110,220
05/09/2012,LRD,TX,ASW,CE,Federal Contract Tower,35,29,25,4,93,0,0,27,17,44,35,29,52,21,137,40,370,410,547
05/10/2012,LRD,TX,ASW,CE,Federal Contract Tower,24,38,18,0,80,0,0,19,5,24,24,38,37,5,104,0,80,80,184
05/11/2012,LRD,TX,ASW,CE,Federal Contract Tower,22,31,19,9,81,0,0,35,6,41,22,31,54,15,122,0,0,0,122
05/12/2012,LRD,TX,ASW,CE,Federal Contract Tower,5,16,13,0,34,0,0,22,2,24,5,16,35,2,58,10,0,10,68
05/13/2012,LRD,TX,ASW,CE,Federal Contract Tower,6,13,14,0,33,0,0,14,1,15,6,13,28,1,48,2,10,12,60
05/14/2012,LRD,TX,ASW,CE,Federal Contract Tower,10,21,30,10,71,0,0,17,14,31,10,21,47,24,102,20,192,212,314
05/15/2012,LRD,TX,ASW,CE,Federal Contract Tower,26,25,31,4,86,0,1,23,20,44,26,26,54,24,130,20,50,70,200
05/16/2012,LRD,TX,ASW,CE,Federal Contract Tower,24,22,32,13,91,0,0,25,14,39,24,22,57,27,130,0,220,220,350
05/17/2012,LRD,TX,ASW,CE,Federal Contract Tower,21,28,27,12,88,0,0,27,29,56,21,28,54,41,144,40,142,182,326
05/18/2012,LRD,TX,ASW,CE,Federal Contract Tower,18,29,13,18,78,0,1,26,14,41,18,30,39,32,119,20,530,550,669
05/19/2012,LRD,TX,ASW,CE,Federal Contract Tower,4,10,7,0,21,0,0,19,6,25,4,10,26,6,46,0,0,0,46
05/20/2012,LRD,TX,ASW,CE,Federal Contract Tower,5,18,18,0,41,0,0,30,4,34,5,18,48,4,75,0,80,80,155
05/21/2012,LRD,TX,ASW,CE,Federal Contract Tower,10,27,37,6,80,0,0,26,11,37,10,27,63,17,117,102,160,262,379
05/22/2012,LRD,TX,ASW,CE,Federal Contract Tower,20,25,21,14,80,0,0,40,17,57,20,25,61,31,137,130,370,500,637
05/23/2012,LRD,TX,ASW,CE,Federal Contract Tower,25,27,43,10,105,0,0,24,20,44,25,27,67,30,149,20,180,200,349
05/24/2012,LRD,TX,ASW,CE,Federal Contract Tower,18,24,34,3,79,0,0,35,9,44,18,24,69,12,123,106,40,146,269
05/25/2012,LRD,TX,ASW,CE,Federal Contract Tower,16,25,35,2,78,0,0,48,6,54,16,25,83,8,132,244,10,254,386
05/26/2012,LRD,TX,ASW,CE,Federal Contract Tower,6,14,6,0,26,0,0,7,7,14,6,14,13,7,40,0,0,0,40
05/27/2012,LRD,TX,ASW,CE,Federal Contract Tower,2,8,6,0,16,0,0,6,1,7,2,8,12,1,23,0,40,40,63
05/28/2012,LRD,TX,ASW,CE,Federal Contract Tower,3,23,21,0,47,0,0,25,8,33,3,23,46,8,80,4,0,4,84
05/29/2012,LRD,TX,ASW,CE,Federal Contract Tower,11,19,29,9,68,0,0,33,11,44,11,19,62,20,112,0,162,162,274
05/30/2012,LRD,TX,ASW,CE,Federal Contract Tower,11,24,36,3,74,0,0,34,4,38,11,24,70,7,112,0,0,0,112
05/31/2012,LRD,TX,ASW,CE,Federal Contract Tower,16,18,29,6,69,0,0,17,10,27,16,18,46,16,96,0,180,180,276
06/01/2012,LRD,TX,ASW,CE,Federal Contract Tower,12,21,23,3,59,0,0,28,5,33,12,21,51,8,92,20,0,20,112
06/02/2012,LRD,TX,ASW,CE,Federal Contract Tower,4,17,15,0,36,0,0,19,1,20,4,17,34,1,56,10,0,10,66
06/03/2012,LRD,TX,ASW,CE,Federal Contract Tower,3,13,18,0,34,0,0,12,6,18,3,13,30,6,52,0,0,0,52
06/04/2012,LRD,TX,ASW,CE,Federal Contract Tower,14,29,26,16,85,0,0,27,8,35,14,29,53,24,120,40,150,190,310
06/05/2012,LRD,TX,ASW,CE,Federal Contract Tower,16,30,30,6,82,0,0,41,8,49,16,30,71,14,131,66,160,226,357
06/06/2012,LRD,TX,ASW,CE,Federal Contract Tower,23,29,41,15,108,0,0,23,12,35,23,29,64,27,143,0,300,300,443
06/07/2012,LRD,TX,ASW,CE,Federal Contract Tower,20,49,35,15,119,0,0,39,14,53,20,49,74,29,172,10,340,350,522
06/08/2012,LRD,TX,ASW,CE,Federal Contract Tower,20,48,33,9,110,0,0,55,7,62,20,48,88,16,172,30,310,340,512
06/09/2012,LRD,TX,ASW,CE,Federal Contract Tower,4,20,16,0,40,0,0,28,1,29,4,20,44,1,69,20,0,20,89
06/10/2012,LRD,TX,ASW,CE,Federal Contract Tower,6,14,24,2,46,0,0,15,2,17,6,14,39,4,63,0,2,2,65
06/11/2012,LRD,TX,ASW,CE,Federal Contract Tower,12,35,37,6,90,0,1,24,15,40,12,36,61,21,130,0,120,120,250
06/12/2012,LRD,TX,ASW,CE,Federal Contract Tower,20,36,20,7,83,0,0,22,10,32,20,36,42,17,115,0,400,400,515
06/13/2012,LRD,TX,ASW,CE,Federal Contract Tower,26,34,42,4,106,0,0,32,11,43,26,34,74,15,149,0,140,140,289
06/14/2012,LRD,TX,ASW,CE,Federal Contract Tower,24,26,36,10,96,0,0,44,13,57,24,26,80,23,153,34,230,264,417
06/15/2012,LRD,TX,ASW,CE,Federal Contract Tower,18,31,30,0,79,0,0,32,7,39,18,31,62,7,118,0,120,120,238
06/16/2012,LRD,TX,ASW,CE,Federal Contract Tower,6,10,9,2,27,0,0,30,3,33,6,10,39,5,60,40,40,80,140
06/17/2012,LRD,TX,ASW,CE,Federal Contract Tower,9,10,19,2,40,0,0,19,0,19,9,10,38,2,59,70,0,70,129
06/18/2012,LRD,TX,ASW,CE,Federal Contract Tower,17,36,37,4,94,0,0,22,11,33,17,36,59,15,127,10,98,108,235
06/19/2012,LRD,TX,ASW,CE,Federal Contract Tower,27,46,36,14,123,0,0,39,7,46,27,46,75,21,169,50,322,372,541
06/20/2012,LRD,TX,ASW,CE,Federal Contract Tower,30,54,23,11,118,0,0,31,12,43,30,54,54,23,161,100,40,140,301
06/21/2012,LRD,TX,ASW,CE,Federal Contract Tower,40,54,33,8,135,0,1,17,13,31,40,55,50,21,166,40,4,44,210
06/22/2012,LRD,TX,ASW,CE,Federal Contract Tower,33,31,45,6,115,0,0,34,8,42,33,31,79,14,157,80,260,340,497
06/23/2012,LRD,TX,ASW,CE,Federal Contract Tower,14,19,21,0,54,0,0,17,3,20,14,19,38,3,74,10,0,10,84
06/24/2012,LRD,TX,ASW,CE,Federal Contract Tower,4,17,17,0,38,0,0,27,1,28,4,17,44,1,66,0,10,10,76
06/25/2012,LRD,TX,ASW,CE,Federal Contract Tower,12,34,23,12,81,0,0,44,7,51,12,34,67,19,132,0,180,180,312
06/26/2012,LRD,TX,ASW,CE,Federal Contract Tower,22,35,27,9,93,0,0,18,11,29,22,35,45,20,122,0,290,290,412
06/27/2012,LRD,TX,ASW,CE,Federal Contract Tower,26,47,36,13,122,0,1,21,5,27,26,48,57,18,149,0,100,100,249
06/28/2012,LRD,TX,ASW,CE,Federal Contract Tower,28,48,36,9,121,0,0,43,10,53,28,48,79,19,174,0,228,228,402
06/29/2012,LRD,TX,ASW,CE,Federal Contract Tower,20,32,42,2,96,0,0,61,8,69,20,32,103,10,165,0,210,210,375
06/30/2012,LRD,TX,ASW,CE,Federal Contract Tower,6,18,21,2,47,0,0,16,0,16,6,18,37,2,63,20,0,20,83
07/01/2012,LRD,TX,ASW,CE,Federal Contract Tower,5,15,10,2,32,0,0,21,1,22,5,15,31,3,54,40,0,40,94
07/02/2012,LRD,TX,ASW,CE,Federal Contract Tower,11,19,32,2,64,24,15,0,0,39,35,34,32,2,103,0,320,320,423
07/03/2012,LRD,TX,ASW,CE,Federal Contract Tower,17,28,11,7,63,0,0,38,9,47,17,28,49,16,110,0,210,210,320
07/04/2012,LRD,TX,ASW,CE,Federal Contract Tower,8,19,7,0,34,0,0,26,2,28,8,19,33,2,62,0,80,80,142
07/05/2012,LRD,TX,ASW,CE,Federal Contract Tower,14,17,24,0,55,0,0,24,3,27,14,17,48,3,82,10,0,10,92
07/06/2012,LRD,TX,ASW,CE,Federal Contract Tower,14,18,9,6,47,0,0,22,9,31,14,18,31,15,78,20,100,120,198
07/07/2012,LRD,TX,ASW,CE,Federal Contract Tower,6,9,10,0,25,0,0,22,4,26,6,9,32,4,51,0,40,40,91
07/08/2012,LRD,TX,ASW,CE,Federal Contract Tower,3,14,3,0,20,0,0,16,12,28,3,14,19,12,48,0,76,76,124
07/09/2012,LRD,TX,ASW,CE,Federal Contract Tower,11,28,29,11,79,0,0,32,33,65,11,28,61,44,144,0,264,264,408
07/10/2012,LRD,TX,ASW,CE,Federal Contract Tower,17,23,25,17,82,0,0,26,21,47,17,23,51,38,129,0,470,470,599
07/11/2012,LRD,TX,ASW,CE,Federal Contract Tower,20,31,22,4,77,0,0,10,29,39,20,31,32,33,116,0,75,75,191
07/12/2012,LRD,TX,ASW,CE,Federal Contract Tower,12,28,36,11,87,0,0,26,36,62,12,28,62,47,149,10,62,72,221
07/13/2012,LRD,TX,ASW,CE,Federal Contract Tower,6,37,22,14,79,0,0,31,33,64,6,37,53,47,143,10,140,150,293
07/14/2012,LRD,TX,ASW,CE,Federal Contract Tower,9,10,13,0,32,0,0,9,2,11,9,10,22,2,43,0,0,0,43
07/15/2012,LRD,TX,ASW,CE,Federal Contract Tower,3,13,13,0,29,0,0,13,5,18,3,13,26,5,47,0,60,60,107
07/16/2012,LRD,TX,ASW,CE,Federal Contract Tower,5,21,32,14,72,0,0,31,35,66,5,21,63,49,138,0,578,578,716
07/17/2012,LRD,TX,ASW,CE,Federal Contract Tower,11,23,30,5,69,0,0,39,47,86,11,23,69,52,155,40,284,324,479
07/18/2012,LRD,TX,ASW,CE,Federal Contract Tower,16,31,23,5,75,0,0,38,13,51,16,31,61,18,126,112,60,172,298
07/19/2012,LRD,TX,ASW,CE,Federal Contract Tower,23,24,35,0,82,0,0,38,26,64,23,24,73,26,146,40,56,96,242
07/20/2012,LRD,TX,ASW,CE,Federal Contract Tower,9,28,29,7,73,0,0,36,30,66,9,28,65,37,139,0,380,380,519
07/21/2012,LRD,TX,ASW,CE,Federal Contract Tower,6,9,11,0,26,0,0,25,8,33,6,9,36,8,59,6,0,6,65
07/22/2012,LRD,TX,ASW,CE,Federal Contract Tower,2,13,22,0,37,0,0,23,15,38,2,13,45,15,75,0,60,60,135
07/23/2012,LRD,TX,ASW,CE,Federal Contract Tower,11,18,13,5,47,0,0,24,35,59,11,18,37,40,106,20,228,248,354
07/24/2012,LRD,TX,ASW,CE,Federal Contract Tower,19,31,23,11,84,0,0,45,29,74,19,31,68,40,158,120,528,648,806
07/25/2012,LRD,TX,ASW,CE,Federal Contract Tower,17,36,48,8,109,0,0,33,34,67,17,36,81,42,176,20,250,270,446
07/26/2012,LRD,TX,ASW,CE,Federal Contract Tower,18,25,30,21,94,0,0,33,35,68,18,25,63,56,162,60,130,190,352
07/27/2012,LRD,TX,ASW,CE,Federal Contract Tower,12,27,19,1,59,0,0,39,32,71,12,27,58,33,130,30,94,124,254
07/28/2012,LRD,TX,ASW,CE,Federal Contract Tower,4,10,5,0,19,0,0,31,5,36,4,10,36,5,55,60,0,60,115
07/29/2012,LRD,TX,ASW,CE,Federal Contract Tower,8,12,8,0,28,0,0,31,7,38,8,12,39,7,66,120,80,200,266
07/30/2012,LRD,TX,ASW,CE,Federal Contract Tower,11,29,16,4,60,0,0,41,36,77,11,29,57,40,137,116,320,436,573
07/31/2012,LRD,TX,ASW,CE,Federal Contract Tower,18,32,21,10,81,0,2,38,27,67,18,34,59,37,148,50,364,414,562
08/01/2012,LRD,TX,ASW,CE,Federal Contract Tower,15,29,22,7,73,0,0,29,23,52,15,29,51,30,125,30,88,118,243
08/02/2012,LRD,TX,ASW,CE,Federal Contract Tower,21,30,26,14,91,0,2,30,34,66,21,32,56,48,157,20,440,460,617
08/03/2012,LRD,TX,ASW,CE,Federal Contract Tower,10,20,27,2,59,0,0,33,30,63,10,20,60,32,122,60,100,160,282
08/04/2012,LRD,TX,ASW,CE,Federal Contract Tower,4,16,12,0,32,0,0,14,7,21,4,16,26,7,53,0,0,0,53
08/05/2012,LRD,TX,ASW,CE,Federal Contract Tower,2,17,15,4,38,0,0,15,1,16,2,17,30,5,54,2,4,6,60
08/06/2012,LRD,TX,ASW,CE,Federal Contract Tower,13,28,19,8,68,0,0,27,29,56,13,28,46,37,124,0,390,390,514
08/07/2012,LRD,TX,ASW,CE,Federal Contract Tower,24,23,35,11,93,0,0,50,25,75,24,23,85,36,168,140,300,440,608
08/08/2012,LRD,TX,ASW,CE,Federal Contract Tower,25,28,18,13,84,0,0,50,39,89,25,28,68,52,173,0,536,536,709
08/09/2012,LRD,TX,ASW,CE,Federal Contract Tower,17,21,27,23,88,0,1,27,36,64,17,22,54,59,152,26,194,220,372
08/10/2012,LRD,TX,ASW,CE,Federal Contract Tower,21,30,23,5,79,0,0,52,15,67,21,30,75,20,146,40,180,220,366
08/11/2012,LRD,TX,ASW,CE,Federal Contract Tower,4,10,10,0,24,0,0,20,19,39,4,10,30,19,63,0,60,60,123
08/12/2012,LRD,TX,ASW,CE,Federal Contract Tower,6,18,23,0,47,0,0,14,3,17,6,18,37,3,64,0,40,40,104
08/13/2012,LRD,TX,ASW,CE,Federal Contract Tower,10,24,17,9,60,0,0,32,22,54,10,24,49,31,114,2,250,252,366
08/14/2012,LRD,TX,ASW,CE,Federal Contract Tower,16,27,31,6,80,0,1,30,10,41,16,28,61,16,121,0,322,322,443
08/15/2012,LRD,TX,ASW,CE,Federal Contract Tower,14,34,20,9,77,0,0,16,13,29,14,34,36,22,106,20,160,180,286
08/16/2012,LRD,TX,ASW,CE,Federal Contract Tower,32,29,32,14,107,0,0,34,9,43,32,29,66,23,150,0,100,100,250
08/17/2012,LRD,TX,ASW,CE,Federal Contract Tower,19,34,29,6,88,0,0,41,10,51,19,34,70,16,139,60,142,202,341
08/18/2012,LRD,TX,ASW,CE,Federal Contract Tower,7,15,9,2,33,0,0,17,6,23,7,15,26,8,56,20,40,60,116
08/19/2012,LRD,TX,ASW,CE,Federal Contract Tower,10,16,17,0,43,0,0,23,0,23,10,16,40,0,66,0,0,0,66
08/20/2012,LRD,TX,ASW,CE,Federal Contract Tower,25,40,16,2,83,0,0,28,12,40,25,40,44,14,123,0,252,252,375
08/21/2012,LRD,TX,ASW,CE,Federal Contract Tower,21,52,38,16,127,0,0,31,34,65,21,52,69,50,192,80,570,650,842
08/22/2012,LRD,TX,ASW,CE,Federal Contract Tower,22,38,26,15,101,0,0,39,17,56,22,38,65,32,157,12,332,344,501
08/23/2012,LRD,TX,ASW,CE,Federal Contract Tower,23,36,33,6,98,0,0,41,24,65,23,36,74,30,163,30,150,180,343
08/24/2012,LRD,TX,ASW,CE,Federal Contract Tower,21,33,35,13,102,0,0,46,10,56,21,33,81,23,158,70,290,360,518
08/25/2012,LRD,TX,ASW,CE,Federal Contract Tower,8,27,14,0,49,0,0,21,1,22,8,27,35,1,71,0,20,20,91
08/26/2012,LRD,TX,ASW,CE,Federal Contract Tower,12,19,8,0,39,0,0,11,3,14,12,19,19,3,53,0,28,28,81
08/27/2012,LRD,TX,ASW,CE,Federal Contract Tower,14,31,23,16,84,0,0,27,13,40,14,31,50,29,124,70,350,420,544
08/28/2012,LRD,TX,ASW,CE,Federal Contract Tower,30,31,21,17,99,0,0,34,19,53,30,31,55,36,152,0,330,330,482
08/29/2012,LRD,TX,ASW,CE,Federal Contract Tower,23,45,28,7,103,0,0,33,17,50,23,45,61,24,153,10,300,310,463
08/30/2012,LRD,TX,ASW,CE,Federal Contract Tower,23,38,24,6,91,0,0,33,17,50,23,38,57,23,141,10,97,107,248
08/31/2012,LRD,TX,ASW,CE,Federal Contract Tower,20,32,26,6,84,0,0,29,12,41,20,32,55,18,125,30,420,450,575
09/01/2012,LRD,TX,ASW,CE,Federal Contract Tower,6,16,10,0,32,0,0,17,1,18,6,16,27,1,50,80,0,80,130
09/02/2012,LRD,TX,ASW,CE,Federal Contract Tower,1,9,13,0,23,0,0,14,2,16,1,9,27,2,39,0,30,30,69
09/03/2012,LRD,TX,ASW,CE,Federal Contract Tower,5,34,20,0,59,0,0,25,7,32,5,34,45,7,91,44,100,144,235
09/04/2012,LRD,TX,ASW,CE,Federal Contract Tower,14,30,36,13,93,0,0,43,7,50,14,30,79,20,143,40,230,270,413
09/05/2012,LRD,TX,ASW,CE,Federal Contract Tower,17,34,22,4,77,1,0,43,12,56,18,34,65,16,133,10,200,210,343
09/06/2012,LRD,TX,ASW,CE,Federal Contract Tower,21,46,41,12,120,0,1,36,13,50,21,47,77,25,170,60,60,120,290
09/07/2012,LRD,TX,ASW,CE,Federal Contract Tower,12,39,22,10,83,0,0,38,7,45,12,39,60,17,128,20,140,160,288
09/08/2012,LRD,TX,ASW,CE,Federal Contract Tower,7,14,8,0,29,0,0,19,5,24,7,14,27,5,53,0,0,0,53
09/09/2012,LRD,TX,ASW,CE,Federal Contract Tower,5,20,8,0,33,0,0,19,1,20,5,20,27,1,53,28,40,68,121
09/10/2012,LRD,TX,ASW,CE,Federal Contract Tower,9,32,19,14,74,0,0,34,15,49,9,32,53,29,123,0,240,240,363
09/11/2012,LRD,TX,ASW,CE,Federal Contract Tower,14,23,28,12,77,0,0,38,17,55,14,23,66,29,132,0,390,390,522
09/12/2012,LRD,TX,ASW,CE,Federal Contract Tower,18,22,28,10,78,0,0,23,18,41,18,22,51,28,119,0,386,386,505
09/13/2012,LRD,TX,ASW,CE,Federal Contract Tower,24,25,36,31,116,0,1,33,21,55,24,26,69,52,171,170,720,890,1061
09/14/2012,LRD,TX,ASW,CE,Federal Contract Tower,19,32,32,0,83,0,0,13,9,22,19,32,45,9,105,0,140,140,245
09/15/2012,LRD,TX,ASW,CE,Federal Contract Tower,6,14,13,0,33,0,0,23,4,27,6,14,36,4,60,0,40,40,100
09/16/2012,LRD,TX,ASW,CE,Federal Contract Tower,2,15,14,3,34,0,0,2,0,2,2,15,16,3,36,0,0,0,36
09/17/2012,LRD,TX,ASW,CE,Federal Contract Tower,12,29,21,4,66,0,0,27,17,44,12,29,48,21,110,120,126,246,356
09/18/2012,LRD,TX,ASW,CE,Federal Contract Tower,10,35,31,4,80,0,0,25,21,46,10,35,56,25,126,20,80,100,226
09/19/2012,LRD,TX,ASW,CE,Federal Contract Tower,16,29,31,15,91,0,0,39,13,52,16,29,70,28,143,30,60,90,233
09/20/2012,LRD,TX,ASW,CE,Federal Contract Tower,16,32,29,40,117,0,0,55,9,64,16,32,84,49,181,130,410,540,721
09/21/2012,LRD,TX,ASW,CE,Federal Contract Tower,12,28,32,6,78,0,0,41,6,47,12,28,73,12,125,260,190,450,575
09/22/2012,LRD,TX,ASW,CE,Federal Contract Tower,2,15,25,4,46,0,0,33,3,36,2,15,58,7,82,20,60,80,162
09/23/2012,LRD,TX,ASW,CE,Federal Contract Tower,0,15,11,1,27,0,0,24,10,34,0,15,35,11,61,0,42,42,103
09/24/2012,LRD,TX,ASW,CE,Federal Contract Tower,9,28,32,7,76,0,0,36,18,54,9,28,68,25,130,110,270,380,510
09/25/2012,LRD,TX,ASW,CE,Federal Contract Tower,13,40,35,7,95,0,0,32,20,52,13,40,67,27,147,0,130,130,277
09/26/2012,LRD,TX,ASW,CE,Federal Contract Tower,15,33,44,10,102,0,0,45,19,64,15,33,89,29,166,67,210,277,443
09/27/2012,LRD,TX,ASW,CE,Federal Contract Tower,21,47,38,10,116,0,2,32,21,55,21,49,70,31,171,80,190,270,441
09/28/2012,LRD,TX,ASW,CE,Federal Contract Tower,14,44,35,2,95,0,0,17,7,24,14,44,52,9,119,20,80,100,219
09/29/2012,LRD,TX,ASW,CE,Federal Contract Tower,7,20,16,0,43,0,0,12,7,19,7,20,28,7,62,80,140,220,282
09/30/2012,LRD,TX,ASW,CE,Federal Contract Tower,5,21,24,2,52,0,0,20,1,21,5,21,44,3,73,0,40,40,113
10/01/2012,LRD,TX,ASW,CE,Federal Contract Tower,15,57,31,21,124,0,0,28,19,47,15,57,59,40,171,136,266,402,573
10/02/2012,LRD,TX,ASW,CE,Federal Contract Tower,19,49,25,18,111,0,0,46,19,65,19,49,71,37,176,354,340,694,870
10/03/2012,LRD,TX,ASW,CE,Federal Contract Tower,16,43,26,14,99,0,0,61,8,69,16,43,87,22,168,30,220,250,418
10/04/2012,LRD,TX,ASW,CE,Federal Contract Tower,18,42,36,14,110,0,0,56,17,73,18,42,92,31,183,8,230,238,421
10/05/2012,LRD,TX,ASW,CE,Federal Contract Tower,9,49,28,10,96,0,0,45,15,60,9,49,73,25,156,10,440,450,606
10/06/2012,LRD,TX,ASW,CE,Federal Contract Tower,5,21,13,0,39,0,0,37,5,42,5,21,50,5,81,12,60,72,153
10/07/2012,LRD,TX,ASW,CE,Federal Contract Tower,4,14,14,0,32,0,0,14,3,17,4,14,28,3,49,0,24,24,73
10/08/2012,LRD,TX,ASW,CE,Federal Contract Tower,7,27,25,4,63,0,0,18,11,29,7,27,43,15,92,30,26,56,148
10/09/2012,LRD,TX,ASW,CE,Federal Contract Tower,17,30,28,12,87,0,0,33,21,54,17,30,61,33,141,30,68,98,239
10/10/2012,LRD,TX,ASW,CE,Federal Contract Tower,22,42,45,11,120,0,0,53,9,62,22,42,98,20,182,90,75,165,347
10/11/2012,LRD,TX,ASW,CE,Federal Contract Tower,24,49,55,20,148,0,0,44,25,69,24,49,99,45,217,0,410,410,627
10/12/2012,LRD,TX,ASW,CE,Federal Contract Tower,16,35,32,16,99,0,0,19,6,25,16,35,51,22,124,0,140,140,264
10/13/2012,LRD,TX,ASW,CE,Federal Contract Tower,2,17,12,0,31,0,0,16,2,18,2,17,28,2,49,20,0,20,69
10/14/2012,LRD,TX,ASW,CE,Federal Contract Tower,6,18,19,0,43,0,0,21,5,26,6,18,40,5,69,4,50,54,123
10/15/2012,LRD,TX,ASW,CE,Federal Contract Tower,16,18,29,6,69,0,0,25,13,38,16,18,54,19,107,10,10,20,127
10/16/2012,LRD,TX,ASW,CE,Federal Contract Tower,14,25,29,4,72,0,0,34,22,56,14,25,63,26,128,126,135,261,389
10/17/2012,LRD,TX,ASW,CE,Federal Contract Tower,16,24,35,19,94,0,0,61,31,92,16,24,96,50,186,6,203,209,395
10/18/2012,LRD,TX,ASW,CE,Federal Contract Tower,18,37,39,0,94,0,1,68,12,81,18,38,107,12,175,50,48,98,273
10/19/2012,LRD,TX,ASW,CE,Federal Contract Tower,11,22,16,12,61,0,0,42,14,56,11,22,58,26,117,260,220,480,597
10/20/2012,LRD,TX,ASW,CE,Federal Contract Tower,4,15,8,0,27,0,1,28,6,35,4,16,36,6,62,50,20,70,132
10/21/2012,LRD,TX,ASW,CE,Federal Contract Tower,3,10,16,0,29,0,0,17,3,20,3,10,33,3,49,14,0,14,63
10/22/2012,LRD,TX,ASW,CE,Federal Contract Tower,13,28,26,9,76,0,0,27,13,40,13,28,53,22,116,60,440,500,616
10/23/2012,LRD,TX,ASW,CE,Federal Contract Tower,16,45,35,16,112,0,0,23,19,42,16,45,58,35,154,6,202,208,362
10/24/2012,LRD,TX,ASW,CE,Federal Contract Tower,19,41,39,3,102,0,1,63,15,79,19,42,102,18,181,170,80,250,431
10/25/2012,LRD,TX,ASW,CE,Federal Contract Tower,21,32,29,14,96,0,1,66,9,76,21,33,95,23,172,380,430,810,982
10/26/2012,LRD,TX,ASW,CE,Federal Contract Tower,19,27,27,0,73,0,0,15,1,16,19,27,42,1,89,40,10,50,139
10/27/2012,LRD,TX,ASW,CE,Federal Contract Tower,7,15,13,0,35,0,0,17,1,18,7,15,30,1,53,0,0,0,53
10/28/2012,LRD,TX,ASW,CE,Federal Contract Tower,5,10,14,0,29,0,0,17,2,19,5,10,31,2,48,0,16,16,64
10/29/2012,LRD,TX,ASW,CE,Federal Contract Tower,13,26,27,14,80,0,0,33,13,46,13,26,60,27,126,84,160,244,370
10/30/2012,LRD,TX,ASW,CE,Federal Contract Tower,17,35,50,9,111,0,4,45,17,66,17,39,95,26,177,92,430,522,699
10/31/2012,LRD,TX,ASW,CE,Federal Contract Tower,27,27,44,1,99,0,0,26,9,35,27,27,70,10,134,24,30,54,188
11/01/2012,LRD,TX,ASW,CE,Federal Contract Tower,16,30,52,15,113,0,1,17,26,44,16,31,69,41,157,0,10,10,167
11/02/2012,LRD,TX,ASW,CE,Federal Contract Tower,24,24,24,15,87,0,0,29,6,35,24,24,53,21,122,60,150,210,332
11/03/2012,LRD,TX,ASW,CE,Federal Contract Tower,6,15,4,0,25,0,0,20,1,21,6,15,24,1,46,20,20,40,86
11/04/2012,LRD,TX,ASW,CE,Federal Contract Tower,3,16,18,4,41,0,0,21,0,21,3,16,39,4,62,14,0,14,76
11/05/2012,LRD,TX,ASW,CE,Federal Contract Tower,13,27,25,19,84,0,2,37,6,45,13,29,62,25,129,14,84,98,227
11/06/2012,LRD,TX,ASW,CE,Federal Contract Tower,16,34,29,11,90,0,0,31,17,48,16,34,60,28,138,0,80,80,218
11/07/2012,LRD,TX,ASW,CE,Federal Contract Tower,22,32,32,18,104,0,0,48,10,58,22,32,80,28,162,16,100,116,278
11/08/2012,LRD,TX,ASW,CE,Federal Contract Tower,24,34,22,16,96,0,1,39,7,47,24,35,61,23,143,6,60,66,209
11/09/2012,LRD,TX,ASW,CE,Federal Contract Tower,26,22,46,4,98,0,0,45,8,53,26,22,91,12,151,10,180,190,341
11/10/2012,LRD,TX,ASW,CE,Federal Contract Tower,8,12,19,1,40,0,0,39,5,44,8,12,58,6,84,0,30,30,114
11/11/2012,LRD,TX,ASW,CE,Federal Contract Tower,3,14,27,0,44,0,0,29,1,30,3,14,56,1,74,60,0,60,134
11/12/2012,LRD,TX,ASW,CE,Federal Contract Tower,17,30,19,0,66,0,0,25,6,31,17,30,44,6,97,60,50,110,207
11/13/2012,LRD,TX,ASW,CE,Federal Contract Tower,16,26,29,13,84,0,1,12,11,24,16,27,41,24,108,6,160,166,274
11/14/2012,LRD,TX,ASW,CE,Federal Contract Tower,20,23,54,9,106,0,0,29,13,42,20,23,83,22,148,18,50,68,216
11/15/2012,LRD,TX,ASW,CE,Federal Contract Tower,21,25,78,10,134,0,0,39,11,50,21,25,117,21,184,0,100,100,284
11/16/2012,LRD,TX,ASW,CE,Federal Contract Tower,17,24,82,7,130,0,0,34,6,40,17,24,116,13,170,0,10,10,180
11/17/2012,LRD,TX,ASW,CE,Federal Contract Tower,5,15,22,0,42,0,0,24,4,28,5,15,46,4,70,0,0,0,70
11/18/2012,LRD,TX,ASW,CE,Federal Contract Tower,3,19,34,3,59,0,1,13,0,14,3,20,47,3,73,24,0,24,97
11/19/2012,LRD,TX,ASW,CE,Federal Contract Tower,10,21,43,17,91,0,0,23,20,43,10,21,66,37,134,40,266,306,440
11/20/2012,LRD,TX,ASW,CE,Federal Contract Tower,23,29,48,7,107,0,0,25,18,43,23,29,73,25,150,0,122,122,272
11/21/2012,LRD,TX,ASW,CE,Federal Contract Tower,12,27,44,2,85,0,2,32,11,45,12,29,76,13,130,0,50,50,180
11/22/2012,LRD,TX,ASW,CE,Federal Contract Tower,1,18,7,0,26,0,0,31,3,34,1,18,38,3,60,0,0,0,60
11/23/2012,LRD,TX,ASW,CE,Federal Contract Tower,9,15,24,0,48,0,0,15,1,16,9,15,39,1,64,60,20,80,144
11/24/2012,LRD,TX,ASW,CE,Federal Contract Tower,2,9,15,0,26,0,0,20,1,21,2,9,35,1,47,10,0,10,57
11/25/2012,LRD,TX,ASW,CE,Federal Contract Tower,1,11,44,0,56,0,0,15,2,17,1,11,59,2,73,0,30,30,103
11/26/2012,LRD,TX,ASW,CE,Federal Contract Tower,12,25,24,6,67,0,0,18,8,26,12,25,42,14,93,8,28,36,129
11/27/2012,LRD,TX,ASW,CE,Federal Contract Tower,23,27,21,10,81,0,0,30,17,47,23,27,51,27,128,110,84,194,322
11/28/2012,LRD,TX,ASW,CE,Federal Contract Tower,13,38,27,18,96,0,1,26,16,43,13,39,53,34,139,40,220,260,399
11/29/2012,LRD,TX,ASW,CE,Federal Contract Tower,16,27,31,9,83,0,2,31,19,52,16,29,62,28,135,132,154,286,421
11/30/2012,LRD,TX,ASW,CE,Federal Contract Tower,10,36,26,1,73,0,0,39,6,45,10,36,65,7,118,0,6,6,124
12/01/2012,LRD,TX,ASW,CE,Federal Contract Tower,2,11,20,7,40,0,0,14,3,17,2,11,34,10,57,0,0,0,57
12/02/2012,LRD,TX,ASW,CE,Federal Contract Tower,3,21,21,2,47,0,1,20,0,21,3,22,41,2,68,0,0,0,68
12/03/2012,LRD,TX,ASW,CE,Federal Contract Tower,7,22,28,10,67,0,0,20,10,30,7,22,48,20,97,40,34,74,171
12/04/2012,LRD,TX,ASW,CE,Federal Contract Tower,11,24,35,10,80,0,0,32,2,34,11,24,67,12,114,20,0,20,134
12/05/2012,LRD,TX,ASW,CE,Federal Contract Tower,20,23,16,10,69,0,0,35,8,43,20,23,51,18,112,80,160,240,352
12/06/2012,LRD,TX,ASW,CE,Federal Contract Tower,12,30,39,23,104,0,0,57,1,58,12,30,96,24,162,110,240,350,512
12/07/2012,LRD,TX,ASW,CE,Federal Contract Tower,6,26,28,0,60,0,0,33,0,33,6,26,61,0,93,20,0,20,113
12/08/2012,LRD,TX,ASW,CE,Federal Contract Tower,3,16,18,2,39,0,0,15,0,15,3,16,33,2,54,32,0,32,86
12/09/2012,LRD,TX,ASW,CE,Federal Contract Tower,1,19,21,9,50,0,0,23,1,24,1,19,44,10,74,0,82,82,156
12/10/2012,LRD,TX,ASW,CE,Federal Contract Tower,9,21,20,7,57,0,0,22,5,27,9,21,42,12,84,0,60,60,144
12/11/2012,LRD,TX,ASW,CE,Federal Contract Tower,19,37,33,8,97,0,0,30,8,38,19,37,63,16,135,2,280,282,417
12/12/2012,LRD,TX,ASW,CE,Federal Contract Tower,25,38,29,23,115,0,0,28,11,39,25,38,57,34,154,0,300,300,454
12/13/2012,LRD,TX,ASW,CE,Federal Contract Tower,16,37,49,8,110,0,0,30,6,36,16,37,79,14,146,0,0,0,146
12/14/2012,LRD,TX,ASW,CE,Federal Contract Tower,10,32,54,6,102,0,0,22,5,27,10,32,76,11,129,0,0,0,129
12/15/2012,LRD,TX,ASW,CE,Federal Contract Tower,7,14,41,0,62,0,0,24,6,30,7,14,65,6,92,20,0,20,112
12/16/2012,LRD,TX,ASW,CE,Federal Contract Tower,5,20,30,1,56,0,0,28,6,34,5,20,58,7,90,16,26,42,132
12/17/2012,LRD,TX,ASW,CE,Federal Contract Tower,15,41,24,6,86,0,0,56,3,59,15,41,80,9,145,0,230,230,375
12/18/2012,LRD,TX,ASW,CE,Federal Contract Tower,23,52,32,8,115,1,0,34,10,45,24,52,66,18,160,0,34,34,194
12/19/2012,LRD,TX,ASW,CE,Federal Contract Tower,25,40,42,4,111,0,0,65,13,78,25,40,107,17,189,60,0,60,249
12/20/2012,LRD,TX,ASW,CE,Federal Contract Tower,27,42,41,10,120,0,0,28,4,32,27,42,69,14,152,0,210,210,362
12/21/2012,LRD,TX,ASW,CE,Federal Contract Tower,20,45,48,8,121,0,0,38,2,40,20,45,86,10,161,12,160,172,333
12/22/2012,LRD,TX,ASW,CE,Federal Contract Tower,4,23,11,2,40,0,0,18,1,19,4,23,29,3,59,0,0,0,59
12/23/2012,LRD,TX,ASW,CE,Federal Contract Tower,1,27,15,0,43,0,0,20,0,20,1,27,35,0,63,0,0,0,63
12/24/2012,LRD,TX,ASW,CE,Federal Contract Tower,7,13,1,2,23,0,0,38,0,38,7,13,39,2,61,0,0,0,61
12/25/2012,LRD,TX,ASW,CE,Federal Contract Tower,0,12,16,1,29,0,0,12,1,13,0,12,28,2,42,0,0,0,42
12/26/2012,LRD,TX,ASW,CE,Federal Contract Tower,11,21,60,0,92,0,0,30,0,30,11,21,90,0,122,10,0,10,132
12/27/2012,LRD,TX,ASW,CE,Federal Contract Tower,9,33,28,2,72,0,1,30,3,34,9,34,58,5,106,0,0,0,106
12/28/2012,LRD,TX,ASW,CE,Federal Contract Tower,9,24,40,0,73,0,0,18,9,27,9,24,58,9,100,0,0,0,100
12/29/2012,LRD,TX,ASW,CE,Federal Contract Tower,2,17,37,2,58,0,0,22,1,23,2,17,59,3,81,0,40,40,121
12/30/2012,LRD,TX,ASW,CE,Federal Contract Tower,0,17,6,0,23,0,0,12,6,18,0,17,18,6,41,0,200,200,241
12/31/2012,LRD,TX,ASW,CE,Federal Contract Tower,3,20,14,0,37,0,0,10,2,12,3,20,24,2,49,0,20,20,69
01/01/2013,LRD,TX,ASW,CE,Federal Contract Tower,2,17,14,0,33,0,0,23,6,29,2,17,37,6,62,0,100,100,162
01/02/2013,LRD,TX,ASW,CE,Federal Contract Tower,7,29,40,12,88,0,0,14,2,16,7,29,54,14,104,4,0,4,108
01/03/2013,LRD,TX,ASW,CE,Federal Contract Tower,11,24,35,20,90,0,0,28,6,34,11,24,63,26,124,80,320,400,524
01/04/2013,LRD,TX,ASW,CE,Federal Contract Tower,10,24,31,26,91,0,0,13,4,17,10,24,44,30,108,20,400,420,528
01/05/2013,LRD,TX,ASW,CE,Federal Contract Tower,3,18,24,0,45,0,0,17,6,23,3,18,41,6,68,40,40,80,148
01/06/2013,LRD,TX,ASW,CE,Federal Contract Tower,2,23,24,0,49,0,0,20,4,24,2,23,44,4,73,0,52,52,125
01/07/2013,LRD,TX,ASW,CE,Federal Contract Tower,7,36,26,9,78,2,4,20,6,32,9,40,46,15,110,14,160,174,284
01/08/2013,LRD,TX,ASW,CE,Federal Contract Tower,10,35,14,0,59,0,0,0,0,0,10,35,14,0,59,0,0,0,59
01/09/2013,LRD,TX,ASW,CE,Federal Contract Tower,11,34,22,2,69,0,2,18,9,29,11,36,40,11,98,180,40,220,318
01/10/2013,LRD,TX,ASW,CE,Federal Contract Tower,13,34,30,26,103,0,2,69,23,94,13,36,99,49,197,240,670,910,1107
01/11/2013,LRD,TX,ASW,CE,Federal Contract Tower,5,28,23,11,67,0,0,22,5,27,5,28,45,16,94,0,12,12,106
01/12/2013,LRD,TX,ASW,CE,Federal Contract Tower,2,17,12,3,34,0,0,19,4,23,2,17,31,7,57,0,0,0,57
01/13/2013,LRD,TX,ASW,CE,Federal Contract Tower,1,14,21,6,42,0,0,43,0,43,1,14,64,6,85,0,20,20,105
01/14/2013,LRD,TX,ASW,CE,Federal Contract Tower,6,28,42,4,80,0,0,32,7,39,6,28,74,11,119,12,130,142,261
01/15/2013,LRD,TX,ASW,CE,Federal Contract Tower,9,26,20,24,79,0,0,56,4,60,9,26,76,28,139,20,600,620,759
01/16/2013,LRD,TX,ASW,CE,Federal Contract Tower,9,26,23,17,75,0,0,51,10,61,9,26,74,27,136,10,70,80,216
01/17/2013,LRD,TX,ASW,CE,Federal Contract Tower,14,33,30,10,87,0,0,55,18,73,14,33,85,28,160,12,310,322,482
01/18/2013,LRD,TX,ASW,CE,Federal Contract Tower,6,37,35,6,84,0,1,48,6,55,6,38,83,12,139,50,340,390,529
01/19/2013,LRD,TX,ASW,CE,Federal Contract Tower,1,19,18,0,38,0,0,46,7,53,1,19,64,7,91,0,40,40,131
01/20/2013,LRD,TX,ASW,CE,Federal Contract Tower,1,17,22,0,40,0,0,33,5,38,1,17,55,5,78,132,0,132,210
01/21/2013,LRD,TX,ASW,CE,Federal Contract Tower,3,29,24,6,62,0,0,20,13,33,3,29,44,19,95,0,16,16,111
01/22/2013,LRD,TX,ASW,CE,Federal Contract Tower,9,26,26,12,73,0,0,36,15,51,9,26,62,27,124,0,70,70,194
01/23/2013,LRD,TX,ASW,CE,Federal Contract Tower,9,35,35,11,90,0,0,39,13,52,9,35,74,24,142,0,200,200,342
01/24/2013,LRD,TX,ASW,CE,Federal Contract Tower,10,39,32,5,86,0,0,35,16,51,10,39,67,21,137,0,0,0,137
01/25/2013,LRD,TX,ASW,CE,Federal Contract Tower,5,28,35,5,73,0,0,25,5,30,5,28,60,10,103,0,60,60,163
01/26/2013,LRD,TX,ASW,CE,Federal Contract Tower,1,13,13,0,27,0,0,24,4,28,1,13,37,4,55,40,30,70,125
01/27/2013,LRD,TX,ASW,CE,Federal Contract Tower,0,18,25,0,43,0,0,24,2,26,0,18,49,2,69,0,30,30,99
01/28/2013,LRD,TX,ASW,CE,Federal Contract Tower,5,30,27,19,81,0,1,23,8,32,5,31,50,27,113,40,240,280,393
01/29/2013,LRD,TX,ASW,CE,Federal Contract Tower,11,35,40,30,116,0,1,42,10,53,11,36,82,40,169,160,272,432,601
01/30/2013,LRD,TX,ASW,CE,Federal Contract Tower,10,29,30,8,77,0,0,29,9,38,10,29,59,17,115,0,120,120,235
01/31/2013,LRD,TX,ASW,CE,Federal Contract Tower,12,37,40,6,95,0,0,58,10,68,12,37,98,16,163,48,90,138,301
02/01/2013,LRD,TX,ASW,CE,Federal Contract Tower,4,24,33,6,67,0,0,56,4,60,4,24,89,10,127,100,200,300,427
02/02/2013,LRD,TX,ASW,CE,Federal Contract Tower,2,17,20,0,39,0,0,25,2,27,2,17,45,2,66,40,0,40,106
02/03/2013,LRD,TX,ASW,CE,Federal Contract Tower,2,14,21,1,38,0,0,25,0,25,2,14,46,1,63,8,0,8,71
02/04/2013,LRD,TX,ASW,CE,Federal Contract Tower,5,24,32,8,69,0,0,28,18,46,5,24,60,26,115,32,98,130,245
02/05/2013,LRD,TX,ASW,CE,Federal Contract Tower,12,31,28,14,85,0,0,32,15,47,12,31,60,29,132,60,160,220,352
02/06/2013,LRD,TX,ASW,CE,Federal Contract Tower,6,44,37,3,90,0,0,25,7,32,6,44,62,10,122,10,0,10,132
02/07/2013,LRD,TX,ASW,CE,Federal Contract Tower,11,23,36,10,80,0,0,36,4,40,11,23,72,14,120,20,0,20,140
02/08/2013,LRD,TX,ASW,CE,Federal Contract Tower,7,30,26,9,72,0,0,45,15,60,7,30,71,24,132,20,180,200,332
02/09/2013,LRD,TX,ASW,CE,Federal Contract Tower,1,14,12,1,28,0,0,10,2,12,1,14,22,3,40,0,0,0,40
02/10/2013,LRD,TX,ASW,CE,Federal Contract Tower,3,19,16,8,46,0,0,20,2,22,3,19,36,10,68,0,22,22,90
02/11/2013,LRD,TX,ASW,CE,Federal Contract Tower,7,27,38,16,88,0,0,27,12,39,7,27,65,28,127,48,70,118,245
02/12/2013,LRD,TX,ASW,CE,Federal Contract Tower,8,33,27,6,74,0,0,20,11,31,8,33,47,17,105,36,0,36,141
02/13/2013,LRD,TX,ASW,CE,Federal Contract Tower,12,35,30,10,87,0,0,58,12,70,12,35,88,22,157,130,0,130,287
02/14/2013,LRD,TX,ASW,CE,Federal Contract Tower,16,35,26,3,80,0,0,55,11,66,16,35,81,14,146,68,10,78,224
02/15/2013,LRD,TX,ASW,CE,Federal Contract Tower,9,28,35,12,84,0,0,41,16,57,9,28,76,28,141,100,440,540,681
02/16/2013,LRD,TX,ASW,CE,Federal Contract Tower,4,18,9,1,32,0,0,38,3,41,4,18,47,4,73,0,60,60,133
02/17/2013,LRD,TX,ASW,CE,Federal Contract Tower,1,14,10,1,26,0,0,40,2,42,1,14,50,3,68,210,0,210,278
02/18/2013,LRD,TX,ASW,CE,Federal Contract Tower,3,29,42,2,76,0,0,24,7,31,3,29,66,9,107,0,40,40,147
02/19/2013,LRD,TX,ASW,CE,Federal Contract Tower,13,28,34,3,78,0,0,26,8,34,13,28,60,11,112,0,30,30,142
02/20/2013,LRD,TX,ASW,CE,Federal Contract Tower,16,36,27,10,89,0,0,22,18,40,16,36,49,28,129,40,50,90,219
02/21/2013,LRD,TX,ASW,CE,Federal Contract Tower,13,35,30,18,96,0,1,34,14,49,13,36,64,32,145,20,230,250,395
02/22/2013,LRD,TX,ASW,CE,Federal Contract Tower,14,33,28,3,78,0,0,38,19,57,14,33,66,22,135,0,190,190,325
02/23/2013,LRD,TX,ASW,CE,Federal Contract Tower,3,18,22,4,47,0,0,29,3,32,3,18,51,7,79,0,20,20,99
02/24/2013,LRD,TX,ASW,CE,Federal Contract Tower,4,18,24,0,46,0,0,19,6,25,4,18,43,6,71,0,0,0,71
02/25/2013,LRD,TX,ASW,CE,Federal Contract Tower,7,18,15,2,42,0,0,7,6,13,7,18,22,8,55,0,0,0,55
02/26/2013,LRD,TX,ASW,CE,Federal Contract Tower,11,33,22,17,83,0,1,35,16,52,11,34,57,33,135,120,200,320,455
02/27/2013,LRD,TX,ASW,CE,Federal Contract Tower,16,39,17,7,79,0,0,43,7,50,16,39,60,14,129,60,100,160,289
02/28/2013,LRD,TX,ASW,CE,Federal Contract Tower,17,35,30,9,91,0,0,27,7,34,17,35,57,16,125,62,172,234,359
03/01/2013,LRD,TX,ASW,CE,Federal Contract Tower,5,39,16,10,70,0,0,28,10,38,5,39,44,20,108,30,60,90,198
03/02/2013,LRD,TX,ASW,CE,Federal Contract Tower,5,16,14,0,35,0,0,14,9,23,5,16,28,9,58,0,0,0,58
03/03/2013,LRD,TX,ASW,CE,Federal Contract Tower,3,24,18,0,45,0,2,23,5,30,3,26,41,5,75,28,10,38,113
03/04/2013,LRD,TX,ASW,CE,Federal Contract Tower,9,24,20,8,61,0,0,29,8,37,9,24,49,16,98,0,230,230,328
03/05/2013,LRD,TX,ASW,CE,Federal Contract Tower,13,29,11,4,57,0,0,22,13,35,13,29,33,17,92,0,20,20,112
03/06/2013,LRD,TX,ASW,CE,Federal Contract Tower,13,33,34,4,84,0,0,56,7,63,13,33,90,11,147,128,160,288,435
03/07/2013,LRD,TX,ASW,CE,Federal Contract Tower,15,40,29,6,90,0,0,30,7,37,15,40,59,13,127,110,8,118,245
03/08/2013,LRD,TX,ASW,CE,Federal Contract Tower,16,39,42,10,107,0,0,18,8,26,16,39,60,18,133,0,80,80,213
03/09/2013,LRD,TX,ASW,CE,Federal Contract Tower,7,21,32,2,62,0,0,8,3,11,7,21,40,5,73,2,0,2,75
03/10/2013,LRD,TX,ASW,CE,Federal Contract Tower,2,18,27,0,47,0,0,20,5,25,2,18,47,5,72,0,0,0,72
03/11/2013,LRD,TX,ASW,CE,Federal Contract Tower,6,27,22,6,61,0,0,28,10,38,6,27,50,16,99,60,190,250,349
03/12/2013,LRD,TX,ASW,CE,Federal Contract Tower,13,36,22,10,81,0,0,39,15,54,13,36,61,25,135,80,280,360,495
03/13/2013,LRD,TX,ASW,CE,Federal Contract Tower,16,25,15,10,66,0,0,36,21,57,16,25,51,31,123,42,80,122,245
03/14/2013,LRD,TX,ASW,CE,Federal Contract Tower,10,43,21,4,78,0,0,46,13,59,10,43,67,17,137,134,140,274,411
03/15/2013,LRD,TX,ASW,CE,Federal Contract Tower,8,45,28,6,87,0,0,36,7,43,8,45,64,13,130,30,196,226,356
03/16/2013,LRD,TX,ASW,CE,Federal Contract Tower,7,21,25,0,53,0,0,25,0,25,7,21,50,0,78,0,0,0,78
03/17/2013,LRD,TX,ASW,CE,Federal Contract Tower,2,22,15,2,41,0,0,22,4,26,2,22,37,6,67,0,10,10,77
03/18/2013,LRD,TX,ASW,CE,Federal Contract Tower,4,27,26,7,64,0,0,20,14,34,4,27,46,21,98,60,120,180,278
03/19/2013,LRD,TX,ASW,CE,Federal Contract Tower,27,27,40,10,104,0,0,50,7,57,27,27,90,17,161,160,110,270,431
03/20/2013,LRD,TX,ASW,CE,Federal Contract Tower,13,32,29,7,81,0,0,30,18,48,13,32,59,25,129,20,0,20,149
03/21/2013,LRD,TX,ASW,CE,Federal Contract Tower,24,46,35,18,123,0,0,37,13,50,24,46,72,31,173,50,50,100,273
03/22/2013,LRD,TX,ASW,CE,Federal Contract Tower,15,28,77,3,123,0,0,51,14,65,15,28,128,17,188,80,200,280,468
03/23/2013,LRD,TX,ASW,CE,Federal Contract Tower,7,24,17,3,51,0,1,21,11,33,7,25,38,14,84,6,90,96,180
03/24/2013,LRD,TX,ASW,CE,Federal Contract Tower,2,14,19,0,35,0,0,25,2,27,2,14,44,2,62,34,0,34,96
03/25/2013,LRD,TX,ASW,CE,Federal Contract Tower,12,24,29,13,78,0,0,30,10,40,12,24,59,23,118,0,140,140,258
03/26/2013,LRD,TX,ASW,CE,Federal Contract Tower,19,30,30,16,95,0,0,40,9,49,19,30,70,25,144,170,290,460,604
03/27/2013,LRD,TX,ASW,CE,Federal Contract Tower,16,33,26,16,91,0,0,22,3,25,16,33,48,19,116,120,232,352,468
03/28/2013,LRD,TX,ASW,CE,Federal Contract Tower,11,24,42,9,86,0,0,24,10,34,11,24,66,19,120,40,210,250,370
03/29/2013,LRD,TX,ASW,CE,Federal Contract Tower,10,16,11,8,45,0,0,21,5,26,10,16,32,13,71,160,314,474,545
03/30/2013,LRD,TX,ASW,CE,Federal Contract Tower,2,15,6,0,23,0,0,23,9,32,2,15,29,9,55,14,0,14,69
03/31/2013,LRD,TX,ASW,CE,Federal Contract Tower,0,14,29,0,43,0,0,10,1,11,0,14,39,1,54,0,0,0,54
04/01/2013,LRD,TX,ASW,CE,Federal Contract Tower,4,27,11,1,43,0,0,23,7,30,4,27,34,8,73,60,0,60,133
04/02/2013,LRD,TX,ASW,CE,Federal Contract Tower,9,27,25,8,69,0,0,26,6,32,9,27,51,14,101,110,120,230,331
04/03/2013,LRD,TX,ASW,CE,Federal Contract Tower,9,38,20,2,69,0,0,19,8,27,9,38,39,10,96,0,70,70,166
04/04/2013,LRD,TX,ASW,CE,Federal Contract Tower,12,37,36,7,92,0,1,36,9,46,12,38,72,16,138,150,130,280,418
04/05/2013,LRD,TX,ASW,CE,Federal Contract Tower,8,30,23,12,73,0,0,42,14,56,8,30,65,26,129,0,280,280,409
04/06/2013,LRD,TX,ASW,CE,Federal Contract Tower,11,16,11,0,38,0,0,17,9,26,11,16,28,9,64,10,0,10,74
04/07/2013,LRD,TX,ASW,CE,Federal Contract Tower,1,17,26,0,44,0,0,21,8,29,1,17,47,8,73,20,10,30,103
04/08/2013,LRD,TX,ASW,CE,Federal Contract Tower,13,24,18,20,75,0,0,32,11,43,13,24,50,31,118,80,560,640,758
04/09/2013,LRD,TX,ASW,CE,Federal Contract Tower,10,26,24,11,71,0,2,41,10,53,10,28,65,21,124,270,60,330,454
04/10/2013,LRD,TX,ASW,CE,Federal Contract Tower,10,34,26,5,75,0,0,21,3,24,10,34,47,8,99,100,190,290,389
04/11/2013,LRD,TX,ASW,CE,Federal Contract Tower,16,25,35,24,100,0,0,46,6,52,16,25,81,30,152,90,360,450,602
04/12/2013,LRD,TX,ASW,CE,Federal Contract Tower,10,29,11,7,57,0,0,40,10,50,10,29,51,17,107,80,130,210,317
04/13/2013,LRD,TX,ASW,CE,Federal Contract Tower,8,17,12,0,37,0,0,17,2,19,8,17,29,2,56,0,0,0,56
04/14/2013,LRD,TX,ASW,CE,Federal Contract Tower,2,12,8,4,26,0,0,21,3,24,2,12,29,7,50,4,4,8,58
04/15/2013,LRD,TX,ASW,CE,Federal Contract Tower,5,22,16,4,47,0,0,24,10,34,5,22,40,14,81,20,80,100,181
04/16/2013,LRD,TX,ASW,CE,Federal Contract Tower,11,22,24,11,68,0,0,31,11,42,11,22,55,22,110,200,160,360,470
04/17/2013,LRD,TX,ASW,CE,Federal Contract Tower,11,37,8,13,69,0,4,26,3,33,11,41,34,16,102,190,100,290,392
04/18/2013,LRD,TX,ASW,CE,Federal Contract Tower,10,34,27,13,84,0,0,18,7,25,10,34,45,20,109,20,100,120,229
04/19/2013,LRD,TX,ASW,CE,Federal Contract Tower,8,24,35,4,71,0,0,34,5,39,8,24,69,9,110,140,120,260,370
04/20/2013,LRD,TX,ASW,CE,Federal Contract Tower,2,13,9,0,24,0,0,31,1,32,2,13,40,1,56,0,0,0,56
04/21/2013,LRD,TX,ASW,CE,Federal Contract Tower,1,14,24,0,39,0,0,30,4,34,1,14,54,4,73,60,40,100,173
04/22/2013,LRD,TX,ASW,CE,Federal Contract Tower,7,25,17,9,58,0,0,15,5,20,7,25,32,14,78,0,160,160,238
04/23/2013,LRD,TX,ASW,CE,Federal Contract Tower,12,24,26,19,81,0,0,29,10,39,12,24,55,29,120,30,260,290,410
04/24/2013,LRD,TX,ASW,CE,Federal Contract Tower,14,26,20,0,60,0,0,13,6,19,14,26,33,6,79,100,20,120,199
04/25/2013,LRD,TX,ASW,CE,Federal Contract Tower,8,33,43,4,88,0,0,31,7,38,8,33,74,11,126,30,40,70,196
04/26/2013,LRD,TX,ASW,CE,Federal Contract Tower,9,35,24,7,75,0,0,9,4,13,9,35,33,11,88,10,20,30,118
04/27/2013,LRD,TX,ASW,CE,Federal Contract Tower,6,16,6,0,28,0,0,17,4,21,6,16,23,4,49,0,0,0,49
04/28/2013,LRD,TX,ASW,CE,Federal Contract Tower,3,13,16,0,32,0,0,9,3,12,3,13,25,3,44,0,0,0,44
04/29/2013,LRD,TX,ASW,CE,Federal Contract Tower,7,24,31,27,89,0,0,38,9,47,7,24,69,36,136,0,234,234,370
04/30/2013,LRD,TX,ASW,CE,Federal Contract Tower,10,32,15,8,65,0,0,41,8,49,10,32,56,16,114,200,80,280,394
05/01/2013,LRD,TX,ASW,CE,Federal Contract Tower,13,28,29,11,81,0,0,37,9,46,13,28,66,20,127,160,314,474,601
05/02/2013,LRD,TX,ASW,CE,Federal Contract Tower,15,35,33,13,96,0,0,24,7,31,15,35,57,20,127,0,230,230,357
05/03/2013,LRD,TX,ASW,CE,Federal Contract Tower,11,25,22,10,68,0,0,34,13,47,11,25,56,23,115,10,330,340,455
05/04/2013,LRD,TX,ASW,CE,Federal Contract Tower,5,14,10,1,30,0,0,44,3,47,5,14,54,4,77,10,0,10,87
05/05/2013,LRD,TX,ASW,CE,Federal Contract Tower,0,10,5,2,17,0,0,19,2,21,0,10,24,4,38,10,0,10,48
05/06/2013,LRD,TX,ASW,CE,Federal Contract Tower,4,21,34,14,73,0,0,47,5,52,4,21,81,19,125,40,310,350,475
05/07/2013,LRD,TX,ASW,CE,Federal Contract Tower,17,32,25,12,86,0,0,36,12,48,17,32,61,24,134,60,240,300,434
05/08/2013,LRD,TX,ASW,CE,Federal Contract Tower,10,26,28,0,64,0,0,21,15,36,10,26,49,15,100,80,80,160,260
05/09/2013,LRD,TX,ASW,CE,Federal Contract Tower,12,27,32,18,89,0,0,31,8,39,12,27,63,26,128,60,180,240,368
05/10/2013,LRD,TX,ASW,CE,Federal Contract Tower,5,26,20,24,75,0,0,19,5,24,5,26,39,29,99,0,130,130,229
05/11/2013,LRD,TX,ASW,CE,Federal Contract Tower,7,15,6,0,28,0,0,11,2,13,7,15,17,2,41,0,0,0,41
05/12/2013,LRD,TX,ASW,CE,Federal Contract Tower,2,13,13,0,28,0,0,8,6,14,2,13,21,6,42,0,0,0,42
05/13/2013,LRD,TX,ASW,CE,Federal Contract Tower,8,28,35,2,73,0,0,38,11,49,8,28,73,13,122,20,100,120,242
05/14/2013,LRD,TX,ASW,CE,Federal Contract Tower,10,24,29,8,71,0,0,28,13,41,10,24,57,21,112,130,160,290,402
05/15/2013,LRD,TX,ASW,CE,Federal Contract Tower,15,34,27,15,91,0,0,26,7,33,15,34,53,22,124,40,130,170,294
05/16/2013,LRD,TX,ASW,CE,Federal Contract Tower,19,35,28,15,97,0,0,39,12,51,19,35,67,27,148,60,180,240,388
05/17/2013,LRD,TX,ASW,CE,Federal Contract Tower,21,26,27,12,86,0,0,34,11,45,21,26,61,23,131,40,90,130,261
05/18/2013,LRD,TX,ASW,CE,Federal Contract Tower,8,23,13,4,48,0,2,36,1,39,8,25,49,5,87,6,0,6,93
05/19/2013,LRD,TX,ASW,CE,Federal Contract Tower,1,15,18,0,34,0,0,19,4,23,1,15,37,4,57,10,0,10,67
05/20/2013,LRD,TX,ASW,CE,Federal Contract Tower,10,29,25,16,80,0,0,17,11,28,10,29,42,27,108,40,200,240,348
05/21/2013,LRD,TX,ASW,CE,Federal Contract Tower,17,27,26,20,90,0,0,17,15,32,17,27,43,35,122,0,180,180,302
05/22/2013,LRD,TX,ASW,CE,Federal Contract Tower,17,32,35,21,105,0,0,39,10,49,17,32,74,31,154,130,240,370,524
05/23/2013,LRD,TX,ASW,CE,Federal Contract Tower,23,39,24,4,90,0,0,33,8,41,23,39,57,12,131,60,0,60,191
05/24/2013,LRD,TX,ASW,CE,Federal Contract Tower,16,27,28,0,71,0,0,25,6,31,16,27,53,6,102,20,50,70,172
05/25/2013,LRD,TX,ASW,CE,Federal Contract Tower,7,19,7,2,35,0,0,25,6,31,7,19,32,8,66,2,0,2,68
05/26/2013,LRD,TX,ASW,CE,Federal Contract Tower,1,13,11,0,25,0,0,8,3,11,1,13,19,3,36,10,0,10,46
05/27/2013,LRD,TX,ASW,CE,Federal Contract Tower,16,28,20,0,64,0,0,26,4,30,16,28,46,4,94,0,0,0,94
05/28/2013,LRD,TX,ASW,CE,Federal Contract Tower,22,38,27,24,111,0,0,31,7,38,22,38,58,31,149,120,430,550,699
05/29/2013,LRD,TX,ASW,CE,Federal Contract Tower,20,47,26,5,98,0,0,27,13,40,20,47,53,18,138,230,200,430,568
05/30/2013,LRD,TX,ASW,CE,Federal Contract Tower,20,39,74,25,158,0,0,45,17,62,20,39,119,42,220,196,450,646,866
05/31/2013,LRD,TX,ASW,CE,Federal Contract Tower,17,25,22,12,76,4,0,44,7,55,21,25,66,19,131,174,160,334,465
06/01/2013,LRD,TX,ASW,CE,Federal Contract Tower,2,11,9,1,23,0,0,28,3,31,2,11,37,4,54,90,0,90,144
06/02/2013,LRD,TX,ASW,CE,Federal Contract Tower,4,15,6,0,25,0,0,25,3,28,4,15,31,3,53,174,30,204,257
06/03/2013,LRD,TX,ASW,CE,Federal Contract Tower,3,25,25,5,58,0,0,30,17,47,3,25,55,22,105,0,160,160,265
06/04/2013,LRD,TX,ASW,CE,Federal Contract Tower,10,30,18,10,68,0,0,27,25,52,10,30,45,35,120,80,90,170,290
06/05/2013,LRD,TX,ASW,CE,Federal Contract Tower,13,35,20,5,73,0,0,38,18,56,13,35,58,23,129,120,200,320,449
06/06/2013,LRD,TX,ASW,CE,Federal Contract Tower,15,31,30,14,90,0,0,50,7,57,15,31,80,21,147,172,360,532,679
06/07/2013,LRD,TX,ASW,CE,Federal Contract Tower,14,35,31,3,83,0,0,32,10,42,14,35,63,13,125,60,10,70,195
06/08/2013,LRD,TX,ASW,CE,Federal Contract Tower,3,14,6,0,23,0,0,15,7,22,3,14,21,7,45,40,0,40,85
06/09/2013,LRD,TX,ASW,CE,Federal Contract Tower,3,16,28,2,49,0,0,31,2,33,3,16,59,4,82,30,0,30,112
06/10/2013,LRD,TX,ASW,CE,Federal Contract Tower,13,25,33,8,79,0,0,34,12,46,13,25,67,20,125,200,460,660,785
06/11/2013,LRD,TX,ASW,CE,Federal Contract Tower,12,41,30,16,99,0,0,29,19,48,12,41,59,35,147,340,620,960,1107
06/12/2013,LRD,TX,ASW,CE,Federal Contract Tower,13,35,25,12,85,0,0,26,14,40,13,35,51,26,125,220,200,420,545
06/13/2013,LRD,TX,ASW,CE,Federal Contract Tower,20,35,24,2,81,0,0,20,6,26,20,35,44,8,107,120,120,240,347
06/14/2013,LRD,TX,ASW,CE,Federal Contract Tower,15,32,23,4,74,0,0,4,4,8,15,32,27,8,82,40,40,80,162
06/15/2013,LRD,TX,ASW,CE,Federal Contract Tower,4,21,8,7,40,0,1,37,2,40,4,22,45,9,80,100,0,100,180
06/16/2013,LRD,TX,ASW,CE,Federal Contract Tower,4,18,18,1,41,0,2,10,5,17,4,20,28,6,58,10,0,10,68
06/17/2013,LRD,TX,ASW,CE,Federal Contract Tower,19,34,25,21,99,0,0,32,5,37,19,34,57,26,136,0,320,320,456
06/18/2013,LRD,TX,ASW,CE,Federal Contract Tower,11,37,23,16,87,0,0,49,13,62,11,37,72,29,149,20,300,320,469
06/19/2013,LRD,TX,ASW,CE,Federal Contract Tower,24,40,28,9,101,0,1,34,30,65,24,41,62,39,166,400,120,520,686
06/20/2013,LRD,TX,ASW,CE,Federal Contract Tower,20,36,27,8,91,0,0,55,9,64,20,36,82,17,155,120,360,480,635
06/21/2013,LRD,TX,ASW,CE,Federal Contract Tower,10,32,22,12,76,0,1,30,4,35,10,33,52,16,111,160,0,160,271
06/22/2013,LRD,TX,ASW,CE,Federal Contract Tower,4,17,12,0,33,0,0,28,1,29,4,17,40,1,62,0,0,0,62
06/23/2013,LRD,TX,ASW,CE,Federal Contract Tower,1,12,15,2,30,0,0,22,5,27,1,12,37,7,57,22,0,22,79
06/24/2013,LRD,TX,ASW,CE,Federal Contract Tower,7,32,27,11,77,0,1,45,4,50,7,33,72,15,127,220,280,500,627
06/25/2013,LRD,TX,ASW,CE,Federal Contract Tower,15,34,22,5,76,0,4,46,5,55,15,38,68,10,131,440,200,640,771
06/26/2013,LRD,TX,ASW,CE,Federal Contract Tower,17,41,28,15,101,0,3,47,9,59,17,44,75,24,160,280,480,760,920
06/27/2013,LRD,TX,ASW,CE,Federal Contract Tower,13,38,33,14,98,0,2,51,14,67,13,40,84,28,165,330,260,590,755
06/28/2013,LRD,TX,ASW,CE,Federal Contract Tower,12,24,27,23,86,0,0,36,13,49,12,24,63,36,135,240,440,680,815
06/29/2013,LRD,TX,ASW,CE,Federal Contract Tower,16,15,39,0,70,0,0,14,3,17,16,15,53,3,87,80,0,80,167
06/30/2013,LRD,TX,ASW,CE,Federal Contract Tower,3,11,19,2,35,0,0,19,3,22,3,11,38,5,57,38,0,38,95
07/01/2013,LRD,TX,ASW,CE,Federal Contract Tower,10,23,21,9,63,0,0,30,21,51,10,23,51,30,114,80,240,320,434
07/02/2013,LRD,TX,ASW,CE,Federal Contract Tower,9,18,19,17,63,0,1,26,17,44,9,19,45,34,107,40,320,360,467
07/03/2013,LRD,TX,ASW,CE,Federal Contract Tower,17,24,13,7,61,0,0,41,10,51,17,24,54,17,112,200,480,680,792
07/04/2013,LRD,TX,ASW,CE,Federal Contract Tower,12,13,13,0,38,0,0,30,1,31,12,13,43,1,69,80,40,120,189
07/05/2013,LRD,TX,ASW,CE,Federal Contract Tower,10,19,19,2,50,0,0,30,5,35,10,19,49,7,85,40,0,40,125
07/06/2013,LRD,TX,ASW,CE,Federal Contract Tower,4,9,14,0,27,0,0,23,6,29,4,9,37,6,56,0,0,0,56
07/07/2013,LRD,TX,ASW,CE,Federal Contract Tower,5,12,9,1,27,0,0,13,3,16,5,12,22,4,43,0,0,0,43
07/08/2013,LRD,TX,ASW,CE,Federal Contract Tower,7,20,27,8,62,0,0,34,4,38,7,20,61,12,100,40,80,120,220
07/09/2013,LRD,TX,ASW,CE,Federal Contract Tower,7,26,20,4,57,0,0,26,10,36,7,26,46,14,93,20,40,60,153
07/10/2013,LRD,TX,ASW,CE,Federal Contract Tower,12,23,19,28,82,0,0,41,8,49,12,23,60,36,131,220,400,620,751
07/11/2013,LRD,TX,ASW,CE,Federal Contract Tower,16,24,12,10,62,0,0,28,11,39,16,24,40,21,101,180,240,420,521
07/12/2013,LRD,TX,ASW,CE,Federal Contract Tower,11,32,26,6,75,0,0,50,8,58,11,32,76,14,133,66,40,106,239
07/13/2013,LRD,TX,ASW,CE,Federal Contract Tower,4,12,15,8,39,0,0,35,9,44,4,12,50,17,83,84,0,84,167
07/14/2013,LRD,TX,ASW,CE,Federal Contract Tower,2,14,14,8,38,0,0,12,2,14,2,14,26,10,52,0,10,10,62
07/15/2013,LRD,TX,ASW,CE,Federal Contract Tower,5,18,15,31,69,0,0,22,7,29,5,18,37,38,98,70,440,510,608
07/16/2013,LRD,TX,ASW,CE,Federal Contract Tower,7,15,16,14,52,0,0,33,13,46,7,15,49,27,98,80,500,580,678
07/17/2013,LRD,TX,ASW,CE,Federal Contract Tower,12,19,15,3,49,0,0,39,11,50,12,19,54,14,99,260,240,500,599
07/18/2013,LRD,TX,ASW,CE,Federal Contract Tower,15,24,16,16,71,0,0,31,13,44,15,24,47,29,115,180,140,320,435
07/19/2013,LRD,TX,ASW,CE,Federal Contract Tower,9,19,29,14,71,0,0,28,5,33,9,19,57,19,104,40,80,120,224
07/20/2013,LRD,TX,ASW,CE,Federal Contract Tower,5,11,24,0,40,0,0,19,8,27,5,11,43,8,67,0,0,0,67
07/21/2013,LRD,TX,ASW,CE,Federal Contract Tower,2,11,13,2,28,0,0,6,9,15,2,11,19,11,43,6,30,36,79
07/22/2013,LRD,TX,ASW,CE,Federal Contract Tower,5,21,22,13,61,0,0,33,5,38,5,21,55,18,99,30,140,170,269
07/23/2013,LRD,TX,ASW,CE,Federal Contract Tower,9,30,26,9,74,0,2,32,11,45,9,32,58,20,119,40,240,280,399
07/24/2013,LRD,TX,ASW,CE,Federal Contract Tower,18,25,10,26,79,0,0,38,15,53,18,25,48,41,132,240,340,580,712
07/25/2013,LRD,TX,ASW,CE,Federal Contract Tower,15,23,16,11,65,0,1,48,19,68,15,24,64,30,133,50,140,190,323
07/26/2013,LRD,TX,ASW,CE,Federal Contract Tower,9,21,25,5,60,0,0,35,3,38,9,21,60,8,98,0,20,20,118
07/27/2013,LRD,TX,ASW,CE,Federal Contract Tower,7,13,7,0,27,0,0,16,2,18,7,13,23,2,45,10,0,10,55
07/28/2013,LRD,TX,ASW,CE,Federal Contract Tower,3,16,9,2,30,0,0,10,4,14,3,16,19,6,44,0,0,0,44
07/29/2013,LRD,TX,ASW,CE,Federal Contract Tower,5,30,15,10,60,0,0,20,18,38,5,30,35,28,98,0,80,80,178
07/30/2013,LRD,TX,ASW,CE,Federal Contract Tower,15,25,35,19,94,0,1,20,33,54,15,26,55,52,148,0,120,120,268
07/31/2013,LRD,TX,ASW,CE,Federal Contract Tower,14,33,26,22,95,0,0,25,13,38,14,33,51,35,133,120,640,760,893
08/01/2013,LRD,TX,ASW,CE,Federal Contract Tower,16,35,24,22,97,0,0,38,12,50,16,35,62,34,147,140,490,630,777
08/02/2013,LRD,TX,ASW,CE,Federal Contract Tower,16,38,25,7,86,0,0,32,8,40,16,38,57,15,126,80,110,190,316
08/03/2013,LRD,TX,ASW,CE,Federal Contract Tower,3,14,14,0,31,0,0,40,5,45,3,14,54,5,76,30,40,70,146
08/04/2013,LRD,TX,ASW,CE,Federal Contract Tower,2,14,14,1,31,0,0,13,1,14,2,14,27,2,45,0,0,0,45
08/05/2013,LRD,TX,ASW,CE,Federal Contract Tower,9,30,17,7,63,0,0,27,7,34,9,30,44,14,97,50,320,370,467
08/06/2013,LRD,TX,ASW,CE,Federal Contract Tower,10,25,24,16,75,0,0,43,5,48,10,25,67,21,123,260,320,580,703
08/07/2013,LRD,TX,ASW,CE,Federal Contract Tower,23,29,25,17,94,0,0,38,14,52,23,29,63,31,146,280,380,660,806
08/08/2013,LRD,TX,ASW,CE,Federal Contract Tower,23,37,32,14,106,0,0,46,7,53,23,37,78,21,159,260,180,440,599
08/09/2013,LRD,TX,ASW,CE,Federal Contract Tower,8,27,15,12,62,0,0,30,7,37,8,27,45,19,99,40,320,360,459
08/10/2013,LRD,TX,ASW,CE,Federal Contract Tower,4,17,17,3,41,0,0,19,3,22,4,17,36,6,63,20,160,180,243
08/11/2013,LRD,TX,ASW,CE,Federal Contract Tower,2,9,15,0,26,0,0,7,4,11,2,9,22,4,37,0,0,0,37
08/12/2013,LRD,TX,ASW,CE,Federal Contract Tower,13,28,24,4,69,0,0,26,7,33,13,28,50,11,102,120,60,180,282
08/13/2013,LRD,TX,ASW,CE,Federal Contract Tower,21,29,28,20,98,0,0,23,9,32,21,29,51,29,130,80,360,440,570
08/14/2013,LRD,TX,ASW,CE,Federal Contract Tower,20,36,31,22,109,0,0,41,6,47,20,36,72,28,156,280,660,940,1096
08/15/2013,LRD,TX,ASW,CE,Federal Contract Tower,23,36,43,13,115,0,0,58,14,72,23,36,101,27,187,40,280,320,507
08/16/2013,LRD,TX,ASW,CE,Federal Contract Tower,27,24,17,2,70,0,0,43,10,53,27,24,60,12,123,100,360,460,583
08/17/2013,LRD,TX,ASW,CE,Federal Contract Tower,4,10,4,0,18,0,3,16,3,22,4,13,20,3,40,200,120,320,360
08/18/2013,LRD,TX,ASW,CE,Federal Contract Tower,0,15,14,0,29,0,0,10,9,19,0,15,24,9,48,0,220,220,268
08/19/2013,LRD,TX,ASW,CE,Federal Contract Tower,16,23,18,6,63,0,0,36,15,51,16,23,54,21,114,160,40,200,314
08/20/2013,LRD,TX,ASW,CE,Federal Contract Tower,31,28,33,16,108,0,0,32,26,58,31,28,65,42,166,240,340,580,746
08/21/2013,LRD,TX,ASW,CE,Federal Contract Tower,18,33,23,18,92,0,0,28,19,47,18,33,51,37,139,240,660,900,1039
08/22/2013,LRD,TX,ASW,CE,Federal Contract Tower,24,34,23,4,85,0,0,41,20,61,24,34,64,24,146,200,380,580,726
08/23/2013,LRD,TX,ASW,CE,Federal Contract Tower,14,36,23,12,85,0,4,27,13,44,14,40,50,25,129,120,440,560,689
08/24/2013,LRD,TX,ASW,CE,Federal Contract Tower,3,10,6,8,27,0,0,13,4,17,3,10,19,12,44,100,160,260,304
08/25/2013,LRD,TX,ASW,CE,Federal Contract Tower,1,12,14,4,31,0,0,15,4,19,1,12,29,8,50,0,0,0,50
08/26/2013,LRD,TX,ASW,CE,Federal Contract Tower,13,30,23,12,78,0,1,24,9,34,13,31,47,21,112,160,120,280,392
08/27/2013,LRD,TX,ASW,CE,Federal Contract Tower,16,29,28,27,100,0,0,49,14,63,16,29,77,41,163,320,120,440,603
08/28/2013,LRD,TX,ASW,CE,Federal Contract Tower,24,24,17,6,71,0,0,71,9,80,24,24,88,15,151,122,480,602,753
08/29/2013,LRD,TX,ASW,CE,Federal Contract Tower,25,21,27,11,84,0,0,50,12,62,25,21,77,23,146,130,440,570,716
08/30/2013,LRD,TX,ASW,CE,Federal Contract Tower,13,30,22,5,70,0,0,54,10,64,13,30,76,15,134,100,160,260,394
08/31/2013,LRD,TX,ASW,CE,Federal Contract Tower,1,8,7,2,18,0,0,28,4,32,1,8,35,6,50,0,40,40,90
09/01/2013,LRD,TX,ASW,CE,Federal Contract Tower,12,7,8,2,29,0,0,20,4,24,12,7,28,6,53,0,60,60,113
09/02/2013,LRD,TX,ASW,CE,Federal Contract Tower,10,12,11,0,33,0,0,16,2,18,10,12,27,2,51,40,0,40,91
09/03/2013,LRD,TX,ASW,CE,Federal Contract Tower,16,21,19,8,64,0,0,47,6,53,16,21,66,14,117,10,200,210,327
09/04/2013,LRD,TX,ASW,CE,Federal Contract Tower,17,28,16,9,70,0,0,58,9,67,17,28,74,18,137,160,120,280,417
09/05/2013,LRD,TX,ASW,CE,Federal Contract Tower,23,32,29,16,100,0,0,43,13,56,23,32,72,29,156,80,280,360,516
09/06/2013,LRD,TX,ASW,CE,Federal Contract Tower,9,28,25,2,64,0,0,32,9,41,9,28,57,11,105,80,240,320,425
09/07/2013,LRD,TX,ASW,CE,Federal Contract Tower,7,13,10,0,30,0,0,22,5,27,7,13,32,5,57,80,140,220,277
09/08/2013,LRD,TX,ASW,CE,Federal Contract Tower,1,16,11,2,30,0,0,17,1,18,1,16,28,3,48,202,40,242,290
09/09/2013,LRD,TX,ASW,CE,Federal Contract Tower,9,21,34,4,68,0,0,24,8,32,9,21,58,12,100,140,0,140,240
09/10/2013,LRD,TX,ASW,CE,Federal Contract Tower,20,34,21,4,79,0,0,31,7,38,20,34,52,11,117,240,40,280,397
09/11/2013,LRD,TX,ASW,CE,Federal Contract Tower,12,28,30,25,95,0,0,15,9,24,12,28,45,34,119,88,140,228,347
09/12/2013,LRD,TX,ASW,CE,Federal Contract Tower,25,34,32,2,93,0,0,38,14,52,25,34,70,16,145,160,160,320,465
09/13/2013,LRD,TX,ASW,CE,Federal Contract Tower,20,25,28,6,79,0,0,56,17,73,20,25,84,23,152,160,440,600,752
09/14/2013,LRD,TX,ASW,CE,Federal Contract Tower,8,14,9,0,31,0,0,20,4,24,8,14,29,4,55,140,40,180,235
09/15/2013,LRD,TX,ASW,CE,Federal Contract Tower,1,14,14,2,31,0,0,19,2,21,1,14,33,4,52,20,20,40,92
09/16/2013,LRD,TX,ASW,CE,Federal Contract Tower,17,17,16,0,50,0,0,1,7,8,17,17,17,7,58,0,40,40,98
09/17/2013,LRD,TX,ASW,CE,Federal Contract Tower,22,29,20,2,73,0,0,14,8,22,22,29,34,10,95,0,0,0,95
09/18/2013,LRD,TX,ASW,CE,Federal Contract Tower,20,36,31,0,87,0,0,24,6,30,20,36,55,6,117,100,40,140,257
09/19/2013,LRD,TX,ASW,CE,Federal Contract Tower,31,30,37,8,106,0,0,20,6,26,31,30,57,14,132,100,80,180,312
09/20/2013,LRD,TX,ASW,CE,Federal Contract Tower,15,20,33,6,74,0,0,10,7,17,15,20,43,13,91,20,160,180,271
09/21/2013,LRD,TX,ASW,CE,Federal Contract Tower,4,16,15,0,35,0,0,17,1,18,4,16,32,1,53,80,40,120,173
09/22/2013,LRD,TX,ASW,CE,Federal Contract Tower,3,13,16,0,32,0,0,21,0,21,3,13,37,0,53,20,0,20,73
09/23/2013,LRD,TX,ASW,CE,Federal Contract Tower,14,25,31,18,88,0,0,31,8,39,14,25,62,26,127,0,320,320,447
09/24/2013,LRD,TX,ASW,CE,Federal Contract Tower,22,24,22,12,80,0,0,31,15,46,22,24,53,27,126,120,320,440,566
09/25/2013,LRD,TX,ASW,CE,Federal Contract Tower,18,31,29,14,92,0,0,39,12,51,18,31,68,26,143,160,240,400,543
09/26/2013,LRD,TX,ASW,CE,Federal Contract Tower,23,25,35,20,103,0,0,30,25,55,23,25,65,45,158,90,450,540,698
09/27/2013,LRD,TX,ASW,CE,Federal Contract Tower,13,31,18,10,72,0,0,26,9,35,13,31,44,19,107,80,560,640,747
09/28/2013,LRD,TX,ASW,CE,Federal Contract Tower,3,18,9,2,32,0,0,12,4,16,3,18,21,6,48,60,120,180,228
09/29/2013,LRD,TX,ASW,CE,Federal Contract Tower,2,19,18,0,39,0,0,4,4,8,2,19,22,4,47,0,80,80,127
09/30/2013,LRD,TX,ASW,CE,Federal Contract Tower,19,28,24,5,76,0,0,28,11,39,19,28,52,16,115,200,330,530,645
10/01/2013,LRD,TX,ASW,CE,Federal Contract Tower,22,32,19,3,76,0,0,35,6,41,22,32,54,9,117,80,130,210,327
10/02/2013,LRD,TX,ASW,CE,Federal Contract Tower,24,33,28,2,87,0,1,42,13,56,24,34,70,15,143,440,80,520,663
10/03/2013,LRD,TX,ASW,CE,Federal Contract Tower,34,45,33,8,120,0,0,48,11,59,34,45,81,19,179,160,140,300,479
10/04/2013,LRD,TX,ASW,CE,Federal Contract Tower,27,43,35,12,117,0,0,29,10,39,27,43,64,22,156,140,360,500,656
10/05/2013,LRD,TX,ASW,CE,Federal Contract Tower,3,27,11,0,41,0,0,12,4,16,3,27,23,4,57,0,40,40,97
10/06/2013,LRD,TX,ASW,CE,Federal Contract Tower,5,16,16,0,37,0,0,18,1,19,5,16,34,1,56,60,0,60,116
10/07/2013,LRD,TX,ASW,CE,Federal Contract Tower,23,22,29,6,80,0,0,28,8,36,23,22,57,14,116,120,440,560,676
10/08/2013,LRD,TX,ASW,CE,Federal Contract Tower,30,30,9,9,78,0,0,40,12,52,30,30,49,21,130,110,410,520,650
10/09/2013,LRD,TX,ASW,CE,Federal Contract Tower,34,45,16,4,99,0,0,33,11,44,34,45,49,15,143,280,240,520,663
10/10/2013,LRD,TX,ASW,CE,Federal Contract Tower,38,39,25,21,123,0,0,43,12,55,38,39,68,33,178,70,540,610,788
10/11/2013,LRD,TX,ASW,CE,Federal Contract Tower,32,42,32,1,107,0,1,21,23,45,32,43,53,24,152,70,520,590,742
10/12/2013,LRD,TX,ASW,CE,Federal Contract Tower,18,11,5,1,35,0,0,18,16,34,18,11,23,17,69,0,400,400,469
10/13/2013,LRD,TX,ASW,CE,Federal Contract Tower,8,16,27,0,51,0,0,6,4,10,8,16,33,4,61,20,40,60,121
10/14/2013,LRD,TX,ASW,CE,Federal Contract Tower,32,30,37,2,101,0,0,36,12,48,32,30,73,14,149,0,80,80,229
10/15/2013,LRD,TX,ASW,CE,Federal Contract Tower,25,37,20,23,105,0,0,19,29,48,25,37,39,52,153,200,780,980,1133
10/16/2013,LRD,TX,ASW,CE,Federal Contract Tower,27,42,33,0,102,0,0,6,0,6,27,42,39,0,108,0,0,0,108
10/17/2013,LRD,TX,ASW,CE,Federal Contract Tower,34,46,15,3,98,0,1,35,7,43,34,47,50,10,141,150,140,290,431
10/18/2013,LRD,TX,ASW,CE,Federal Contract Tower,12,35,15,8,70,0,0,34,28,62,12,35,49,36,132,80,640,720,852
10/19/2013,LRD,TX,ASW,CE,Federal Contract Tower,8,11,17,0,36,0,0,14,7,21,8,11,31,7,57,40,240,280,337
10/20/2013,LRD,TX,ASW,CE,Federal Contract Tower,2,19,13,0,34,0,0,25,0,25,2,19,38,0,59,20,0,20,79
10/21/2013,LRD,TX,ASW,CE,Federal Contract Tower,5,31,21,12,69,0,0,19,10,29,5,31,40,22,98,40,200,240,338
10/22/2013,LRD,TX,ASW,CE,Federal Contract Tower,14,32,18,3,67,0,1,33,7,41,14,33,51,10,108,20,80,100,208
10/23/2013,LRD,TX,ASW,CE,Federal Contract Tower,26,31,20,6,83,0,1,46,12,59,26,32,66,18,142,100,260,360,502
10/24/2013,LRD,TX,ASW,CE,Federal Contract Tower,28,26,25,18,97,0,0,42,10,52,28,26,67,28,149,0,320,320,469
10/25/2013,LRD,TX,ASW,CE,Federal Contract Tower,8,28,23,31,90,0,0,51,16,67,8,28,74,47,157,80,680,760,917
10/26/2013,LRD,TX,ASW,CE,Federal Contract Tower,2,19,18,1,40,0,0,17,4,21,2,19,35,5,61,0,40,40,101
10/27/2013,LRD,TX,ASW,CE,Federal Contract Tower,5,12,20,0,37,0,0,14,2,16,5,12,34,2,53,20,120,140,193
10/28/2013,LRD,TX,ASW,CE,Federal Contract Tower,2,35,11,37,85,0,0,24,13,37,2,35,35,50,122,160,400,560,682
10/29/2013,LRD,TX,ASW,CE,Federal Contract Tower,12,29,29,23,93,0,0,29,16,45,12,29,58,39,138,160,360,520,658
10/30/2013,LRD,TX,ASW,CE,Federal Contract Tower,15,33,27,15,90,0,0,29,13,42,15,33,56,28,132,120,320,440,572
10/31/2013,LRD,TX,ASW,CE,Federal Contract Tower,14,47,30,5,96,0,0,28,7,35,14,47,58,12,131,0,160,160,291
11/01/2013,LRD,TX,ASW,CE,Federal Contract Tower,8,31,27,6,72,0,0,54,12,66,8,31,81,18,138,320,520,840,978
11/02/2013,LRD,TX,ASW,CE,Federal Contract Tower,6,15,8,8,37,0,0,21,16,37,6,15,29,24,74,80,440,520,594
11/03/2013,LRD,TX,ASW,CE,Federal Contract Tower,4,13,20,0,37,0,0,20,4,24,4,13,40,4,61,50,40,90,151
11/04/2013,LRD,TX,ASW,CE,Federal Contract Tower,9,21,24,10,64,0,0,20,30,50,9,21,44,40,114,40,360,400,514
11/05/2013,LRD,TX,ASW,CE,Federal Contract Tower,19,38,20,27,104,0,0,17,14,31,19,38,37,41,135,0,440,440,575
11/06/2013,LRD,TX,ASW,CE,Federal Contract Tower,30,23,26,8,87,0,0,16,9,25,30,23,42,17,112,0,200,200,312
11/07/2013,LRD,TX,ASW,CE,Federal Contract Tower,20,35,30,4,89,0,0,28,8,36,20,35,58,12,125,120,160,280,405
11/08/2013,LRD,TX,ASW,CE,Federal Contract Tower,16,28,37,6,87,0,0,49,9,58,16,28,86,15,145,340,480,820,965
11/09/2013,LRD,TX,ASW,CE,Federal Contract Tower,7,14,16,0,37,0,0,25,5,30,7,14,41,5,67,170,160,330,397
11/10/2013,LRD,TX,ASW,CE,Federal Contract Tower,3,24,18,1,46,0,0,18,5,23,3,24,36,6,69,0,120,120,189
11/11/2013,LRD,TX,ASW,CE,Federal Contract Tower,13,23,28,2,66,0,0,29,7,36,13,23,57,9,102,160,160,320,422
11/12/2013,LRD,TX,ASW,CE,Federal Contract Tower,26,35,24,15,100,0,0,15,6,21,26,35,39,21,121,80,520,600,721
11/13/2013,LRD,TX,ASW,CE,Federal Contract Tower,32,43,37,6,118,0,0,35,9,44,32,43,72,15,162,280,40,320,482
11/14/2013,LRD,TX,ASW,CE,Federal Contract Tower,32,47,39,10,128,0,0,53,10,63,32,47,92,20,191,140,200,340,531
11/15/2013,LRD,TX,ASW,CE,Federal Contract Tower,13,30,47,9,99,0,0,59,11,70,13,30,106,20,169,280,320,600,769
11/16/2013,LRD,TX,ASW,CE,Federal Contract Tower,5,17,25,0,47,0,0,34,4,38,5,17,59,4,85,0,40,40,125
11/17/2013,LRD,TX,ASW,CE,Federal Contract Tower,0,19,13,1,33,0,0,18,10,28,0,19,31,11,61,0,80,80,141
11/18/2013,LRD,TX,ASW,CE,Federal Contract Tower,9,27,29,13,78,0,0,35,7,42,9,27,64,20,120,120,120,240,360
11/19/2013,LRD,TX,ASW,CE,Federal Contract Tower,19,39,26,10,94,0,0,57,6,63,19,39,83,16,157,540,40,580,737
11/20/2013,LRD,TX,ASW,CE,Federal Contract Tower,19,45,46,18,128,0,0,22,18,40,19,45,68,36,168,80,120,200,368
11/21/2013,LRD,TX,ASW,CE,Federal Contract Tower,22,39,29,33,123,0,0,44,6,50,22,39,73,39,173,280,180,460,633
11/22/2013,LRD,TX,ASW,CE,Federal Contract Tower,17,49,35,1,102,0,0,6,0,6,17,49,41,1,108,0,0,0,108
11/23/2013,LRD,TX,ASW,CE,Federal Contract Tower,7,25,15,0,47,0,0,8,2,10,7,25,23,2,57,40,80,120,177
11/24/2013,LRD,TX,ASW,CE,Federal Contract Tower,9,14,25,2,50,0,0,0,0,0,9,14,25,2,50,0,0,0,50
11/25/2013,LRD,TX,ASW,CE,Federal Contract Tower,8,46,18,4,76,0,0,4,4,8,8,46,22,8,84,40,80,120,204
11/26/2013,LRD,TX,ASW,CE,Federal Contract Tower,17,47,43,5,112,0,0,18,24,42,17,47,61,29,154,40,320,360,514
11/27/2013,LRD,TX,ASW,CE,Federal Contract Tower,16,35,15,7,73,0,0,52,16,68,16,35,67,23,141,160,540,700,841
11/28/2013,LRD,TX,ASW,CE,Federal Contract Tower,2,21,10,0,33,0,0,22,9,31,2,21,32,9,64,40,80,120,184
11/29/2013,LRD,TX,ASW,CE,Federal Contract Tower,7,22,21,0,50,0,0,36,20,56,7,22,57,20,106,0,440,440,546
11/30/2013,LRD,TX,ASW,CE,Federal Contract Tower,2,15,11,0,28,0,0,16,8,24,2,15,27,8,52,40,200,240,292
12/01/2013,LRD,TX,ASW,CE,Federal Contract Tower,0,15,39,0,54,0,0,20,5,25,0,15,59,5,79,40,200,240,319
12/02/2013,LRD,TX,ASW,CE,Federal Contract Tower,5,31,19,6,61,0,0,23,16,39,5,31,42,22,100,0,40,40,140
12/03/2013,LRD,TX,ASW,CE,Federal Contract Tower,11,32,24,18,85,0,0,47,23,70,11,32,71,41,155,60,160,220,375
12/04/2013,LRD,TX,ASW,CE,Federal Contract Tower,12,50,38,15,115,0,0,16,21,37,12,50,54,36,152,60,200,260,412
12/05/2013,LRD,TX,ASW,CE,Federal Contract Tower,13,37,29,19,98,0,0,9,11,20,13,37,38,30,118,80,200,280,398
12/06/2013,LRD,TX,ASW,CE,Federal Contract Tower,15,24,29,11,79,0,0,16,13,29,15,24,45,24,108,40,400,440,548
12/07/2013,LRD,TX,ASW,CE,Federal Contract Tower,5,11,10,0,26,0,0,20,8,28,5,11,30,8,54,0,120,120,174
12/08/2013,LRD,TX,ASW,CE,Federal Contract Tower,4,14,20,0,38,0,0,8,0,8,4,14,28,0,46,0,0,0,46
12/09/2013,LRD,TX,ASW,CE,Federal Contract Tower,15,37,39,0,91,0,0,0,0,0,15,37,39,0,91,0,0,0,91
12/10/2013,LRD,TX,ASW,CE,Federal Contract Tower,20,41,28,5,94,0,0,28,28,56,20,41,56,33,150,0,140,140,290
12/11/2013,LRD,TX,ASW,CE,Federal Contract Tower,18,37,43,7,105,0,2,29,19,50,18,39,72,26,155,40,360,400,555
12/12/2013,LRD,TX,ASW,CE,Federal Contract Tower,16,32,41,10,99,0,0,29,33,62,16,32,70,43,161,44,200,244,405
12/13/2013,LRD,TX,ASW,CE,Federal Contract Tower,17,31,49,13,110,0,0,7,9,16,17,31,56,22,126,40,200,240,366
12/14/2013,LRD,TX,ASW,CE,Federal Contract Tower,9,18,29,10,66,0,0,17,15,32,9,18,46,25,98,40,280,320,418
12/15/2013,LRD,TX,ASW,CE,Federal Contract Tower,2,17,33,1,53,0,0,20,9,29,2,17,53,10,82,0,120,120,202
12/16/2013,LRD,TX,ASW,CE,Federal Contract Tower,27,43,25,4,99,0,0,33,15,48,27,43,58,19,147,0,80,80,227
12/17/2013,LRD,TX,ASW,CE,Federal Contract Tower,29,29,28,1,87,0,1,43,12,56,29,30,71,13,143,40,160,200,343
12/18/2013,LRD,TX,ASW,CE,Federal Contract Tower,47,36,30,2,115,0,0,70,12,82,47,36,100,14,197,520,120,640,837
12/19/2013,LRD,TX,ASW,CE,Federal Contract Tower,40,36,31,3,110,0,0,47,11,58,40,36,78,14,168,0,80,80,248
12/20/2013,LRD,TX,ASW,CE,Federal Contract Tower,24,35,42,13,114,0,0,46,3,49,24,35,88,16,163,160,640,800,963
12/21/2013,LRD,TX,ASW,CE,Federal Contract Tower,6,19,6,0,31,0,0,41,3,44,6,19,47,3,75,160,0,160,235
12/22/2013,LRD,TX,ASW,CE,Federal Contract Tower,0,13,27,0,40,0,0,0,0,0,0,13,27,0,40,0,0,0,40
12/23/2013,LRD,TX,ASW,CE,Federal Contract Tower,8,14,19,0,41,0,0,47,0,47,8,14,66,0,88,80,0,80,168
12/24/2013,LRD,TX,ASW,CE,Federal Contract Tower,5,13,3,0,21,2,0,37,2,41,7,13,40,2,62,300,0,300,362
12/25/2013,LRD,TX,ASW,CE,Federal Contract Tower,0,8,11,0,19,0,0,20,0,20,0,8,31,0,39,20,0,20,59
12/26/2013,LRD,TX,ASW,CE,Federal Contract Tower,8,25,28,0,61,0,0,0,0,0,8,25,28,0,61,0,0,0,61
12/27/2013,LRD,TX,ASW,CE,Federal Contract Tower,7,16,28,0,51,0,0,0,0,0,7,16,28,0,51,0,0,0,51
12/28/2013,LRD,TX,ASW,CE,Federal Contract Tower,6,7,21,0,34,0,0,14,0,14,6,7,35,0,48,0,0,0,48
12/29/2013,LRD,TX,ASW,CE,Federal Contract Tower,1,19,9,0,29,0,0,17,0,17,1,19,26,0,46,0,0,0,46
12/30/2013,LRD,TX,ASW,CE,Federal Contract Tower,3,18,17,0,38,0,0,24,0,24,3,18,41,0,62,80,0,80,142
12/31/2013,LRD,TX,ASW,CE,Federal Contract Tower,9,10,9,0,28,0,0,18,1,19,9,10,27,1,47,80,0,80,127
01/01/2014,LRD,TX,ASW,CE,Federal Contract Tower,0,11,15,0,26,0,0,20,0,20,0,11,35,0,46,200,0,200,246
01/02/2014,LRD,TX,ASW,CE,Federal Contract Tower,8,23,23,0,54,0,0,53,0,53,8,23,76,0,107,360,0,360,467
01/03/2014,LRD,TX,ASW,CE,Federal Contract Tower,6,29,44,2,81,0,0,48,0,48,6,29,92,2,129,360,40,400,529
01/04/2014,LRD,TX,ASW,CE,Federal Contract Tower,1,11,19,1,32,0,0,29,3,32,1,11,48,4,64,160,0,160,224
01/05/2014,LRD,TX,ASW,CE,Federal Contract Tower,1,10,28,0,39,0,0,18,0,18,1,10,46,0,57,0,0,0,57
01/06/2014,LRD,TX,ASW,CE,Federal Contract Tower,3,16,39,0,58,0,0,43,4,47,3,16,82,4,105,0,80,80,185
01/07/2014,LRD,TX,ASW,CE,Federal Contract Tower,7,25,34,9,75,0,0,30,9,39,7,25,64,18,114,240,280,520,634
01/08/2014,LRD,TX,ASW,CE,Federal Contract Tower,10,23,32,7,72,0,0,17,2,19,10,23,49,9,91,160,0,160,251
01/09/2014,LRD,TX,ASW,CE,Federal Contract Tower,12,27,27,2,68,0,0,26,0,26,12,27,53,2,94,120,0,120,214
01/10/2014,LRD,TX,ASW,CE,Federal Contract Tower,11,30,35,6,82,0,0,26,6,32,11,30,61,12,114,80,160,240,354
01/11/2014,LRD,TX,ASW,CE,Federal Contract Tower,2,8,14,2,26,0,0,41,6,47,2,8,55,8,73,200,40,240,313
01/12/2014,LRD,TX,ASW,CE,Federal Contract Tower,0,10,10,7,27,0,0,29,0,29,0,10,39,7,56,240,0,240,296
01/13/2014,LRD,TX,ASW,CE,Federal Contract Tower,7,27,10,2,46,0,0,26,13,39,7,27,36,15,85,100,80,180,265
01/14/2014,LRD,TX,ASW,CE,Federal Contract Tower,13,32,22,18,85,0,0,40,10,50,13,32,62,28,135,280,400,680,815
01/15/2014,LRD,TX,ASW,CE,Federal Contract Tower,8,30,30,14,82,0,0,69,22,91,8,30,99,36,173,200,440,640,813
01/16/2014,LRD,TX,ASW,CE,Federal Contract Tower,9,23,20,4,56,0,0,47,18,65,9,23,67,22,121,120,200,320,441
01/17/2014,LRD,TX,ASW,CE,Federal Contract Tower,8,23,38,9,78,0,0,42,24,66,8,23,80,33,144,40,840,880,1024
01/18/2014,LRD,TX,ASW,CE,Federal Contract Tower,1,7,20,2,30,0,0,19,5,24,1,7,39,7,54,40,40,80,134
01/19/2014,LRD,TX,ASW,CE,Federal Contract Tower,0,10,18,0,28,0,0,27,4,31,0,10,45,4,59,0,80,80,139
01/20/2014,LRD,TX,ASW,CE,Federal Contract Tower,2,23,16,2,43,0,0,56,4,60,2,23,72,6,103,440,0,440,543
01/21/2014,LRD,TX,ASW,CE,Federal Contract Tower,8,29,20,12,69,0,0,64,9,73,8,29,84,21,142,380,280,660,802
01/22/2014,LRD,TX,ASW,CE,Federal Contract Tower,7,19,16,13,55,0,0,58,9,67,7,19,74,22,122,320,360,680,802
01/23/2014,LRD,TX,ASW,CE,Federal Contract Tower,10,28,23,0,61,0,0,13,0,13,10,28,36,0,74,80,0,80,154
01/24/2014,LRD,TX,ASW,CE,Federal Contract Tower,12,18,15,2,47,0,0,18,12,30,12,18,33,14,77,40,360,400,477
01/25/2014,LRD,TX,ASW,CE,Federal Contract Tower,3,7,21,0,31,0,0,35,12,47,3,7,56,12,78,80,240,320,398
01/26/2014,LRD,TX,ASW,CE,Federal Contract Tower,0,15,11,0,26,0,0,25,6,31,0,15,36,6,57,0,80,80,137
01/27/2014,LRD,TX,ASW,CE,Federal Contract Tower,6,23,27,13,69,0,0,35,6,41,6,23,62,19,110,160,240,400,510
01/28/2014,LRD,TX,ASW,CE,Federal Contract Tower,10,19,19,17,65,0,0,24,9,33,10,19,43,26,98,200,160,360,458
01/29/2014,LRD,TX,ASW,CE,Federal Contract Tower,21,28,18,13,80,0,0,30,12,42,21,28,48,25,122,40,280,320,442
01/30/2014,LRD,TX,ASW,CE,Federal Contract Tower,15,28,22,20,85,0,1,54,13,68,15,29,76,33,153,0,360,360,513
01/31/2014,LRD,TX,ASW,CE,Federal Contract Tower,8,30,29,8,75,0,1,56,14,71,8,31,85,22,146,280,440,720,866
02/01/2014,LRD,TX,ASW,CE,Federal Contract Tower,44,16,23,2,85,0,0,26,3,29,44,16,49,5,114,160,80,240,354
02/02/2014,LRD,TX,ASW,CE,Federal Contract Tower,2,5,9,0,16,0,0,2,0,2,2,5,11,0,18,40,0,40,58
02/03/2014,LRD,TX,ASW,CE,Federal Contract Tower,8,23,32,12,75,0,0,11,0,11,8,23,43,12,86,120,0,120,206
02/04/2014,LRD,TX,ASW,CE,Federal Contract Tower,15,27,24,18,84,0,0,25,8,33,15,27,49,26,117,120,200,320,437
02/05/2014,LRD,TX,ASW,CE,Federal Contract Tower,11,31,34,11,87,0,0,35,9,44,11,31,69,20,131,160,40,200,331
02/06/2014,LRD,TX,ASW,CE,Federal Contract Tower,19,17,30,2,68,0,0,28,3,31,19,17,58,5,99,360,240,600,699
02/07/2014,LRD,TX,ASW,CE,Federal Contract Tower,11,15,23,2,51,0,0,1,0,1,11,15,24,2,52,0,0,0,52
02/08/2014,LRD,TX,ASW,CE,Federal Contract Tower,3,9,28,0,40,0,0,13,1,14,3,9,41,1,54,0,0,0,54
02/09/2014,LRD,TX,ASW,CE,Federal Contract Tower,0,11,22,0,33,0,2,21,0,23,0,13,43,0,56,40,0,40,96
02/10/2014,LRD,TX,ASW,CE,Federal Contract Tower,4,19,30,4,57,0,0,10,0,10,4,19,40,4,67,0,0,0,67
02/11/2014,LRD,TX,ASW,CE,Federal Contract Tower,19,29,24,0,72,0,0,4,0,4,19,29,28,0,76,0,0,0,76
02/12/2014,LRD,TX,ASW,CE,Federal Contract Tower,17,21,30,16,84,0,0,61,8,69,17,21,91,24,153,80,80,160,313
02/13/2014,LRD,TX,ASW,CE,Federal Contract Tower,18,25,27,15,85,0,0,62,10,72,18,25,89,25,157,40,200,240,397
02/14/2014,LRD,TX,ASW,CE,Federal Contract Tower,11,19,22,4,56,0,0,63,7,70,11,19,85,11,126,190,120,310,436
02/15/2014,LRD,TX,ASW,CE,Federal Contract Tower,3,10,2,0,15,0,0,37,4,41,3,10,39,4,56,120,80,200,256
02/16/2014,LRD,TX,ASW,CE,Federal Contract Tower,0,11,8,0,19,0,0,21,1,22,0,11,29,1,41,120,0,120,161
02/17/2014,LRD,TX,ASW,CE,Federal Contract Tower,8,19,28,0,55,2,1,32,4,39,10,20,60,4,94,0,0,0,94
02/18/2014,LRD,TX,ASW,CE,Federal Contract Tower,13,21,22,18,74,0,0,45,15,60,13,21,67,33,134,160,80,240,374
02/19/2014,LRD,TX,ASW,CE,Federal Contract Tower,11,28,31,23,93,0,0,42,15,57,11,28,73,38,150,120,160,280,430
02/20/2014,LRD,TX,ASW,CE,Federal Contract Tower,16,26,31,30,103,0,0,55,16,71,16,26,86,46,174,160,210,370,544
02/21/2014,LRD,TX,ASW,CE,Federal Contract Tower,6,25,24,15,70,0,0,52,3,55,6,25,76,18,125,160,240,400,525
02/22/2014,LRD,TX,ASW,CE,Federal Contract Tower,8,6,17,2,33,0,0,25,1,26,8,6,42,3,59,400,40,440,499
02/23/2014,LRD,TX,ASW,CE,Federal Contract Tower,0,11,14,2,27,0,0,33,6,39,0,11,47,8,66,200,80,280,346
02/24/2014,LRD,TX,ASW,CE,Federal Contract Tower,6,25,24,9,64,0,0,12,17,29,6,25,36,26,93,80,160,240,333
02/25/2014,LRD,TX,ASW,CE,Federal Contract Tower,15,23,22,64,124,0,0,18,15,33,15,23,40,79,157,160,160,320,477
02/26/2014,LRD,TX,ASW,CE,Federal Contract Tower,13,40,29,6,88,0,0,21,9,30,13,40,50,15,118,120,40,160,278
02/27/2014,LRD,TX,ASW,CE,Federal Contract Tower,15,26,25,6,72,0,0,66,17,83,15,26,91,23,155,120,480,600,755
02/28/2014,LRD,TX,ASW,CE,Federal Contract Tower,13,27,34,21,95,0,0,64,19,83,13,27,98,40,178,280,560,840,1018
03/01/2014,LRD,TX,ASW,CE,Federal Contract Tower,3,8,4,0,15,0,0,25,13,38,3,8,29,13,53,120,160,280,333
03/02/2014,LRD,TX,ASW,CE,Federal Contract Tower,0,9,19,26,54,0,0,14,13,27,0,9,33,39,81,80,280,360,441
03/03/2014,LRD,TX,ASW,CE,Federal Contract Tower,9,20,28,5,62,0,0,25,21,46,9,20,53,26,108,40,120,160,268
03/04/2014,LRD,TX,ASW,CE,Federal Contract Tower,17,39,21,28,105,0,0,44,7,51,17,39,65,35,156,300,280,580,736
03/05/2014,LRD,TX,ASW,CE,Federal Contract Tower,23,34,29,17,103,0,0,23,0,23,23,34,52,17,126,0,120,120,246
03/06/2014,LRD,TX,ASW,CE,Federal Contract Tower,15,32,24,8,79,0,0,43,12,55,15,32,67,20,134,200,0,200,334
03/07/2014,LRD,TX,ASW,CE,Federal Contract Tower,16,22,32,16,86,0,0,53,16,69,16,22,85,32,155,360,560,920,1075
03/08/2014,LRD,TX,ASW,CE,Federal Contract Tower,4,12,16,0,32,0,0,25,2,27,4,12,41,2,59,320,40,360,419
03/09/2014,LRD,TX,ASW,CE,Federal Contract Tower,0,10,18,0,28,0,0,2,0,2,0,10,20,0,30,0,0,0,30
03/10/2014,LRD,TX,ASW,CE,Federal Contract Tower,4,25,17,14,60,0,0,2,2,4,4,25,19,16,64,80,40,120,184
03/11/2014,LRD,TX,ASW,CE,Federal Contract Tower,25,31,28,2,86,0,0,30,28,58,25,31,58,30,144,120,120,240,384
03/12/2014,LRD,TX,ASW,CE,Federal Contract Tower,23,26,22,8,79,0,3,50,16,69,23,29,72,24,148,200,520,720,868
03/13/2014,LRD,TX,ASW,CE,Federal Contract Tower,17,47,30,13,107,0,3,67,15,85,17,50,97,28,192,240,600,840,1032
03/14/2014,LRD,TX,ASW,CE,Federal Contract Tower,16,28,33,7,84,0,1,45,12,58,16,29,78,19,142,320,320,640,782
03/15/2014,LRD,TX,ASW,CE,Federal Contract Tower,9,13,25,3,50,0,0,31,5,36,9,13,56,8,86,110,80,190,276
03/16/2014,LRD,TX,ASW,CE,Federal Contract Tower,11,15,14,2,42,0,0,23,0,23,11,15,37,2,65,160,0,160,225
03/17/2014,LRD,TX,ASW,CE,Federal Contract Tower,19,20,22,15,76,0,2,47,11,60,19,22,69,26,136,60,120,180,316
03/18/2014,LRD,TX,ASW,CE,Federal Contract Tower,30,24,15,13,82,0,0,60,22,82,30,24,75,35,164,200,480,680,844
03/19/2014,LRD,TX,ASW,CE,Federal Contract Tower,24,26,42,10,102,0,0,52,9,61,24,26,94,19,163,160,320,480,643
03/20/2014,LRD,TX,ASW,CE,Federal Contract Tower,29,34,33,15,111,0,0,36,10,46,29,34,69,25,157,200,360,560,717
03/21/2014,LRD,TX,ASW,CE,Federal Contract Tower,20,24,37,11,92,0,0,34,8,42,20,24,71,19,134,60,40,100,234
03/22/2014,LRD,TX,ASW,CE,Federal Contract Tower,17,10,17,0,44,0,1,14,1,16,17,11,31,1,60,0,0,0,60
03/23/2014,LRD,TX,ASW,CE,Federal Contract Tower,9,11,10,2,32,0,0,1,0,1,9,11,11,2,33,0,0,0,33
03/24/2014,LRD,TX,ASW,CE,Federal Contract Tower,19,22,23,19,83,0,0,24,5,29,19,22,47,24,112,0,0,0,112
03/25/2014,LRD,TX,ASW,CE,Federal Contract Tower,24,27,27,8,86,0,0,25,11,36,24,27,52,19,122,240,80,320,442
03/26/2014,LRD,TX,ASW,CE,Federal Contract Tower,35,37,30,10,112,0,0,16,0,16,35,37,46,10,128,40,40,80,208
03/27/2014,LRD,TX,ASW,CE,Federal Contract Tower,36,34,27,34,131,0,0,28,9,37,36,34,55,43,168,120,520,640,808
03/28/2014,LRD,TX,ASW,CE,Federal Contract Tower,24,33,21,6,84,0,0,40,6,46,24,33,61,12,130,40,200,240,370
03/29/2014,LRD,TX,ASW,CE,Federal Contract Tower,19,10,9,1,39,0,0,28,1,29,19,10,37,2,68,120,40,160,228
03/30/2014,LRD,TX,ASW,CE,Federal Contract Tower,13,17,11,0,41,0,0,24,3,27,13,17,35,3,68,10,0,10,78
03/31/2014,LRD,TX,ASW,CE,Federal Contract Tower,31,29,19,7,86,0,0,34,10,44,31,29,53,17,130,40,400,440,570
04/01/2014,LRD,TX,ASW,CE,Federal Contract Tower,33,30,18,9,90,0,0,16,6,22,33,30,34,15,112,40,0,40,152
04/02/2014,LRD,TX,ASW,CE,Federal Contract Tower,26,34,21,6,87,0,0,28,9,37,26,34,49,15,124,40,240,280,404
04/03/2014,LRD,TX,ASW,CE,Federal Contract Tower,34,31,28,11,104,0,0,28,7,35,34,31,56,18,139,200,240,440,579
04/04/2014,LRD,TX,ASW,CE,Federal Contract Tower,13,23,29,5,70,0,0,42,9,51,13,23,71,14,121,160,120,280,401
04/05/2014,LRD,TX,ASW,CE,Federal Contract Tower,3,6,13,3,25,0,0,12,6,18,3,6,25,9,43,160,120,280,323
04/06/2014,LRD,TX,ASW,CE,Federal Contract Tower,1,9,23,2,35,0,0,7,3,10,1,9,30,5,45,0,40,40,85
04/07/2014,LRD,TX,ASW,CE,Federal Contract Tower,12,21,21,27,81,0,0,26,4,30,12,21,47,31,111,80,400,480,591
04/08/2014,LRD,TX,ASW,CE,Federal Contract Tower,15,23,28,20,86,0,0,38,12,50,15,23,66,32,136,120,320,440,576
04/09/2014,LRD,TX,ASW,CE,Federal Contract Tower,10,28,33,6,77,0,1,48,15,64,10,29,81,21,141,120,240,360,501
04/10/2014,LRD,TX,ASW,CE,Federal Contract Tower,14,40,23,13,90,0,0,58,12,70,14,40,81,25,160,240,320,560,720
04/11/2014,LRD,TX,ASW,CE,Federal Contract Tower,12,30,28,7,77,0,0,73,7,80,12,30,101,14,157,160,160,320,477
04/12/2014,LRD,TX,ASW,CE,Federal Contract Tower,1,10,18,1,30,0,0,29,5,34,1,10,47,6,64,40,40,80,144
04/13/2014,LRD,TX,ASW,CE,Federal Contract Tower,0,9,20,0,29,0,3,23,1,27,0,12,43,1,56,40,0,40,96
04/14/2014,LRD,TX,ASW,CE,Federal Contract Tower,7,30,32,10,79,0,0,17,7,24,7,30,49,17,103,80,40,120,223
04/15/2014,LRD,TX,ASW,CE,Federal Contract Tower,16,41,27,12,96,0,0,35,7,42,16,41,62,19,138,0,200,200,338
04/16/2014,LRD,TX,ASW,CE,Federal Contract Tower,14,27,19,18,78,0,0,53,7,60,14,27,72,25,138,120,280,400,538
04/17/2014,LRD,TX,ASW,CE,Federal Contract Tower,10,38,32,9,89,0,0,29,6,35,10,38,61,15,124,200,280,480,604
04/18/2014,LRD,TX,ASW,CE,Federal Contract Tower,7,16,21,12,56,0,0,17,6,23,7,16,38,18,79,0,200,200,279
04/19/2014,LRD,TX,ASW,CE,Federal Contract Tower,4,10,11,4,29,0,0,32,3,35,4,10,43,7,64,240,80,320,384
04/20/2014,LRD,TX,ASW,CE,Federal Contract Tower,3,12,25,0,40,0,0,17,2,19,3,12,42,2,59,0,0,0,59
04/21/2014,LRD,TX,ASW,CE,Federal Contract Tower,7,23,14,13,57,0,0,28,10,38,7,23,42,23,95,120,80,200,295
04/22/2014,LRD,TX,ASW,CE,Federal Contract Tower,14,24,19,13,70,0,0,48,36,84,14,24,67,49,154,200,120,320,474
04/23/2014,LRD,TX,ASW,CE,Federal Contract Tower,9,29,20,19,77,0,0,45,10,55,9,29,65,29,132,200,320,520,652
04/24/2014,LRD,TX,ASW,CE,Federal Contract Tower,17,22,31,8,78,0,0,32,11,43,17,22,63,19,121,120,120,240,361
04/25/2014,LRD,TX,ASW,CE,Federal Contract Tower,8,20,19,11,58,0,0,45,8,53,8,20,64,19,111,120,120,240,351
04/26/2014,LRD,TX,ASW,CE,Federal Contract Tower,5,11,6,3,25,0,0,34,2,36,5,11,40,5,61,200,40,240,301
04/27/2014,LRD,TX,ASW,CE,Federal Contract Tower,6,9,24,3,42,0,0,20,8,28,6,9,44,11,70,80,0,80,150
04/28/2014,LRD,TX,ASW,CE,Federal Contract Tower,5,18,24,8,55,0,2,35,7,44,5,20,59,15,99,240,160,400,499
04/29/2014,LRD,TX,ASW,CE,Federal Contract Tower,9,24,17,14,64,0,0,46,12,58,9,24,63,26,122,160,440,600,722
04/30/2014,LRD,TX,ASW,CE,Federal Contract Tower,7,22,48,7,84,0,2,65,20,87,7,24,113,27,171,160,120,280,451
05/01/2014,LRD,TX,ASW,CE,Federal Contract Tower,11,25,27,0,63,0,0,47,9,56,11,25,74,9,119,40,40,80,199
05/02/2014,LRD,TX,ASW,CE,Federal Contract Tower,6,30,18,6,60,0,0,58,6,64,6,30,76,12,124,240,120,360,484
05/03/2014,LRD,TX,ASW,CE,Federal Contract Tower,1,13,5,0,19,0,0,34,3,37,1,13,39,3,56,240,0,240,296
05/04/2014,LRD,TX,ASW,CE,Federal Contract Tower,2,12,16,8,38,0,0,41,1,42,2,12,57,9,80,0,0,0,80
05/05/2014,LRD,TX,ASW,CE,Federal Contract Tower,3,17,23,11,54,0,0,49,6,55,3,17,72,17,109,40,200,240,349
05/06/2014,LRD,TX,ASW,CE,Federal Contract Tower,28,26,25,12,91,0,0,47,6,53,28,26,72,18,144,80,80,160,304
05/07/2014,LRD,TX,ASW,CE,Federal Contract Tower,13,43,34,21,111,0,0,38,14,52,13,43,72,35,163,240,160,400,563
05/08/2014,LRD,TX,ASW,CE,Federal Contract Tower,17,48,29,6,100,0,0,20,5,25,17,48,49,11,125,0,140,140,265
05/09/2014,LRD,TX,ASW,CE,Federal Contract Tower,14,30,27,18,89,0,0,23,5,28,14,30,50,23,117,120,40,160,277
05/10/2014,LRD,TX,ASW,CE,Federal Contract Tower,4,16,11,0,31,0,0,19,1,20,4,16,30,1,51,0,0,0,51
05/11/2014,LRD,TX,ASW,CE,Federal Contract Tower,2,14,19,0,35,0,0,14,1,15,2,14,33,1,50,40,40,80,130
05/12/2014,LRD,TX,ASW,CE,Federal Contract Tower,3,19,24,6,52,0,0,22,0,22,3,19,46,6,74,0,160,160,234
05/13/2014,LRD,TX,ASW,CE,Federal Contract Tower,18,25,26,2,71,0,0,1,4,5,18,25,27,6,76,0,80,80,156
05/14/2014,LRD,TX,ASW,CE,Federal Contract Tower,18,24,20,4,66,0,2,58,22,82,18,26,78,26,148,400,340,740,888
05/15/2014,LRD,TX,ASW,CE,Federal Contract Tower,18,47,26,33,124,0,1,52,12,65,18,48,78,45,189,60,300,360,549
05/16/2014,LRD,TX,ASW,CE,Federal Contract Tower,9,31,31,13,84,0,0,51,8,59,9,31,82,21,143,200,420,620,763
05/17/2014,LRD,TX,ASW,CE,Federal Contract Tower,11,13,12,0,36,0,0,26,1,27,11,13,38,1,63,80,80,160,223
05/18/2014,LRD,TX,ASW,CE,Federal Contract Tower,3,17,12,0,32,0,0,29,0,29,3,17,41,0,61,40,0,40,101
05/19/2014,LRD,TX,ASW,CE,Federal Contract Tower,24,20,35,21,100,0,0,30,10,40,24,20,65,31,140,120,160,280,420
05/20/2014,LRD,TX,ASW,CE,Federal Contract Tower,23,35,31,4,93,1,1,55,10,67,24,36,86,14,160,200,0,200,360
05/21/2014,LRD,TX,ASW,CE,Federal Contract Tower,15,28,38,0,81,0,0,44,18,62,15,28,82,18,143,120,200,320,463
05/22/2014,LRD,TX,ASW,CE,Federal Contract Tower,23,25,36,6,90,0,0,42,4,46,23,25,78,10,136,480,240,720,856
05/23/2014,LRD,TX,ASW,CE,Federal Contract Tower,9,27,21,3,60,0,0,20,4,24,9,27,41,7,84,200,0,200,284
05/24/2014,LRD,TX,ASW,CE,Federal Contract Tower,10,13,7,0,30,0,2,40,1,43,10,15,47,1,73,320,0,320,393
05/25/2014,LRD,TX,ASW,CE,Federal Contract Tower,5,10,5,0,20,0,1,16,1,18,5,11,21,1,38,120,0,120,158
05/26/2014,LRD,TX,ASW,CE,Federal Contract Tower,6,18,11,3,38,0,0,29,3,32,6,18,40,6,70,320,0,320,390
05/27/2014,LRD,TX,ASW,CE,Federal Contract Tower,12,24,23,21,80,0,0,24,5,29,12,24,47,26,109,40,280,320,429
05/28/2014,LRD,TX,ASW,CE,Federal Contract Tower,17,30,31,28,106,0,2,56,13,71,17,32,87,41,177,320,300,620,797
05/29/2014,LRD,TX,ASW,CE,Federal Contract Tower,21,35,31,7,94,0,0,48,15,63,21,35,79,22,157,460,300,760,917
05/30/2014,LRD,TX,ASW,CE,Federal Contract Tower,15,26,21,11,73,0,1,61,4,66,15,27,82,15,139,200,360,560,699
05/31/2014,LRD,TX,ASW,CE,Federal Contract Tower,5,11,5,0,21,0,0,24,1,25,5,11,29,1,46,240,40,280,326
06/01/2014,LRD,TX,ASW,CE,Federal Contract Tower,14,14,17,0,45,0,0,16,1,17,14,14,33,1,62,40,40,80,142
06/02/2014,LRD,TX,ASW,CE,Federal Contract Tower,6,32,27,37,102,0,0,25,16,41,6,32,52,53,143,80,340,420,563
06/03/2014,LRD,TX,ASW,CE,Federal Contract Tower,24,27,23,6,80,0,2,49,20,71,24,29,72,26,151,200,40,240,391
06/04/2014,LRD,TX,ASW,CE,Federal Contract Tower,11,23,31,10,75,0,1,56,15,72,11,24,87,25,147,160,40,200,347
06/05/2014,LRD,TX,ASW,CE,Federal Contract Tower,26,31,27,9,93,0,0,28,7,35,26,31,55,16,128,160,0,160,288
06/06/2014,LRD,TX,ASW,CE,Federal Contract Tower,16,18,15,6,55,0,0,32,8,40,16,18,47,14,95,0,160,160,255
06/07/2014,LRD,TX,ASW,CE,Federal Contract Tower,7,10,7,0,24,0,0,21,2,23,7,10,28,2,47,240,0,240,287
06/08/2014,LRD,TX,ASW,CE,Federal Contract Tower,4,12,8,4,28,0,0,19,1,20,4,12,27,5,48,120,0,120,168
06/09/2014,LRD,TX,ASW,CE,Federal Contract Tower,11,26,23,14,74,0,0,22,9,31,11,26,45,23,105,80,400,480,585
06/10/2014,LRD,TX,ASW,CE,Federal Contract Tower,18,30,17,6,71,0,0,30,7,37,18,30,47,13,108,160,160,320,428
06/11/2014,LRD,TX,ASW,CE,Federal Contract Tower,10,27,29,3,69,0,0,55,7,62,10,27,84,10,131,320,0,320,451
06/12/2014,LRD,TX,ASW,CE,Federal Contract Tower,18,29,20,2,69,0,0,26,10,36,18,29,46,12,105,120,240,360,465
06/13/2014,LRD,TX,ASW,CE,Federal Contract Tower,13,27,21,0,61,0,0,20,4,24,13,27,41,4,85,120,0,120,205
06/14/2014,LRD,TX,ASW,CE,Federal Contract Tower,12,11,14,4,41,0,0,17,0,17,12,11,31,4,58,0,0,0,58
06/15/2014,LRD,TX,ASW,CE,Federal Contract Tower,3,17,10,6,36,17,0,0,0,17,20,17,10,6,53,40,0,40,93
06/16/2014,LRD,TX,ASW,CE,Federal Contract Tower,9,28,21,11,69,0,0,28,9,37,9,28,49,20,106,40,280,320,426
06/17/2014,LRD,TX,ASW,CE,Federal Contract Tower,12,30,22,8,72,0,0,21,17,38,12,30,43,25,110,40,120,160,270
06/18/2014,LRD,TX,ASW,CE,Federal Contract Tower,11,30,21,15,77,0,0,33,1,34,11,30,54,16,111,120,360,480,591
06/19/2014,LRD,TX,ASW,CE,Federal Contract Tower,25,38,22,8,93,0,0,31,3,34,25,38,53,11,127,40,40,80,207
06/20/2014,LRD,TX,ASW,CE,Federal Contract Tower,12,30,23,4,69,0,0,26,4,30,12,30,49,8,99,200,240,440,539
06/21/2014,LRD,TX,ASW,CE,Federal Contract Tower,4,16,16,0,36,0,1,19,1,21,4,17,35,1,57,80,40,120,177
06/22/2014,LRD,TX,ASW,CE,Federal Contract Tower,7,19,6,8,40,0,0,33,2,35,7,19,39,10,75,120,0,120,195
06/23/2014,LRD,TX,ASW,CE,Federal Contract Tower,21,36,12,13,82,0,2,37,13,52,21,38,49,26,134,120,280,400,534
06/24/2014,LRD,TX,ASW,CE,Federal Contract Tower,25,32,23,18,98,0,0,29,6,35,25,32,52,24,133,60,480,540,673
06/25/2014,LRD,TX,ASW,CE,Federal Contract Tower,29,32,24,4,89,0,0,43,11,54,29,32,67,15,143,300,80,380,523
06/26/2014,LRD,TX,ASW,CE,Federal Contract Tower,23,32,21,25,101,0,1,24,17,42,23,33,45,42,143,0,600,600,743
06/27/2014,LRD,TX,ASW,CE,Federal Contract Tower,19,31,31,19,100,0,0,29,13,42,19,31,60,32,142,80,500,580,722
06/28/2014,LRD,TX,ASW,CE,Federal Contract Tower,4,21,14,2,41,0,0,21,2,23,4,21,35,4,64,160,80,240,304
06/29/2014,LRD,TX,ASW,CE,Federal Contract Tower,3,16,7,0,26,0,0,15,1,16,3,16,22,1,42,120,40,160,202
06/30/2014,LRD,TX,ASW,CE,Federal Contract Tower,6,27,13,20,66,0,0,36,23,59,6,27,49,43,125,80,440,520,645
07/01/2014,LRD,TX,ASW,CE,Federal Contract Tower,16,39,27,13,95,0,0,67,34,101,16,39,94,47,196,200,150,350,546
07/02/2014,LRD,TX,ASW,CE,Federal Contract Tower,16,46,24,11,97,0,0,44,31,75,16,46,68,42,172,80,240,320,492
07/03/2014,LRD,TX,ASW,CE,Federal Contract Tower,20,30,16,5,71,0,2,34,6,42,20,32,50,11,113,200,200,400,513
07/04/2014,LRD,TX,ASW,CE,Federal Contract Tower,4,12,8,0,24,0,0,35,0,35,4,12,43,0,59,80,0,80,139
07/05/2014,LRD,TX,ASW,CE,Federal Contract Tower,5,12,10,0,27,0,0,18,1,19,5,12,28,1,46,100,0,100,146
07/06/2014,LRD,TX,ASW,CE,Federal Contract Tower,6,18,11,0,35,0,0,25,1,26,6,18,36,1,61,40,0,40,101
07/07/2014,LRD,TX,ASW,CE,Federal Contract Tower,6,30,16,3,55,0,1,29,14,44,6,31,45,17,99,120,120,240,339
07/08/2014,LRD,TX,ASW,CE,Federal Contract Tower,20,22,7,23,72,0,0,30,24,54,20,22,37,47,126,200,440,640,766
07/09/2014,LRD,TX,ASW,CE,Federal Contract Tower,15,22,35,10,82,0,0,66,13,79,15,22,101,23,161,140,360,500,661
07/10/2014,LRD,TX,ASW,CE,Federal Contract Tower,17,29,24,3,73,0,0,26,11,37,17,29,50,14,110,130,170,300,410
07/11/2014,LRD,TX,ASW,CE,Federal Contract Tower,10,50,22,12,94,0,1,22,8,31,10,51,44,20,125,280,240,520,645
07/12/2014,LRD,TX,ASW,CE,Federal Contract Tower,10,20,16,4,50,0,0,25,1,26,10,20,41,5,76,40,40,80,156
07/13/2014,LRD,TX,ASW,CE,Federal Contract Tower,5,14,11,4,34,0,0,18,1,19,5,14,29,5,53,80,0,80,133
07/14/2014,LRD,TX,ASW,CE,Federal Contract Tower,7,25,25,23,80,0,0,59,6,65,7,25,84,29,145,160,160,320,465
07/15/2014,LRD,TX,ASW,CE,Federal Contract Tower,17,28,13,17,75,0,0,32,14,46,17,28,45,31,121,40,320,360,481
07/16/2014,LRD,TX,ASW,CE,Federal Contract Tower,17,24,23,6,70,0,0,43,11,54,17,24,66,17,124,40,160,200,324
07/17/2014,LRD,TX,ASW,CE,Federal Contract Tower,17,21,16,11,65,0,0,35,14,49,17,21,51,25,114,40,200,240,354
07/18/2014,LRD,TX,ASW,CE,Federal Contract Tower,10,19,31,5,65,0,0,15,7,22,10,19,46,12,87,0,120,120,207
07/19/2014,LRD,TX,ASW,CE,Federal Contract Tower,6,12,14,0,32,0,0,27,2,29,6,12,41,2,61,0,0,0,61
07/20/2014,LRD,TX,ASW,CE,Federal Contract Tower,4,10,13,1,28,0,0,33,0,33,4,10,46,1,61,0,0,0,61
07/21/2014,LRD,TX,ASW,CE,Federal Contract Tower,8,24,19,21,72,0,0,26,10,36,8,24,45,31,108,40,80,120,228
07/22/2014,LRD,TX,ASW,CE,Federal Contract Tower,14,19,23,19,75,0,0,31,6,37,14,19,54,25,112,160,120,280,392
07/23/2014,LRD,TX,ASW,CE,Federal Contract Tower,18,25,33,7,83,0,0,31,6,37,18,25,64,13,120,10,160,170,290
07/24/2014,LRD,TX,ASW,CE,Federal Contract Tower,9,29,27,13,78,0,0,37,4,41,9,29,64,17,119,70,70,140,259
07/25/2014,LRD,TX,ASW,CE,Federal Contract Tower,9,29,24,9,71,0,0,20,2,22,9,29,44,11,93,0,330,330,423
07/26/2014,LRD,TX,ASW,CE,Federal Contract Tower,3,17,8,0,28,0,1,27,1,29,3,18,35,1,57,80,0,80,137
07/27/2014,LRD,TX,ASW,CE,Federal Contract Tower,6,16,9,1,32,0,0,19,0,19,6,16,28,1,51,0,0,0,51
07/28/2014,LRD,TX,ASW,CE,Federal Contract Tower,11,27,22,8,68,0,0,30,12,42,11,27,52,20,110,40,200,240,350
07/29/2014,LRD,TX,ASW,CE,Federal Contract Tower,19,35,17,5,76,0,2,24,10,36,19,37,41,15,112,120,160,280,392
07/30/2014,LRD,TX,ASW,CE,Federal Contract Tower,17,31,22,12,82,0,2,53,11,66,17,33,75,23,148,0,120,120,268
07/31/2014,LRD,TX,ASW,CE,Federal Contract Tower,18,36,29,18,101,0,1,39,8,48,18,37,68,26,149,160,240,400,549
08/01/2014,LRD,TX,ASW,CE,Federal Contract Tower,12,38,17,6,73,0,0,27,4,31,12,38,44,10,104,0,80,80,184
08/02/2014,LRD,TX,ASW,CE,Federal Contract Tower,7,18,9,1,35,0,0,48,1,49,7,18,57,2,84,120,40,160,244
08/03/2014,LRD,TX,ASW,CE,Federal Contract Tower,14,16,19,2,51,0,0,27,1,28,14,16,46,3,79,280,40,320,399
08/04/2014,LRD,TX,ASW,CE,Federal Contract Tower,14,30,26,10,80,0,1,30,13,44,14,31,56,23,124,40,300,340,464
08/05/2014,LRD,TX,ASW,CE,Federal Contract Tower,18,43,19,16,96,0,1,29,19,49,18,44,48,35,145,80,240,320,465
08/06/2014,LRD,TX,ASW,CE,Federal Contract Tower,21,55,20,7,103,0,0,63,9,72,21,55,83,16,175,0,360,360,535
08/07/2014,LRD,TX,ASW,CE,Federal Contract Tower,16,48,22,13,99,0,0,30,8,38,16,48,52,21,137,60,280,340,477
08/08/2014,LRD,TX,ASW,CE,Federal Contract Tower,17,35,18,4,74,0,1,34,7,42,17,36,52,11,116,200,240,440,556
08/09/2014,LRD,TX,ASW,CE,Federal Contract Tower,11,25,12,0,48,0,1,25,1,27,11,26,37,1,75,140,0,140,215
08/10/2014,LRD,TX,ASW,CE,Federal Contract Tower,15,14,17,23,69,0,0,24,1,25,15,14,41,24,94,80,0,80,174
08/11/2014,LRD,TX,ASW,CE,Federal Contract Tower,23,37,16,27,103,0,0,28,16,44,23,37,44,43,147,80,320,400,547
08/12/2014,LRD,TX,ASW,CE,Federal Contract Tower,19,37,18,5,79,0,0,45,7,52,19,37,63,12,131,40,280,320,451
08/13/2014,LRD,TX,ASW,CE,Federal Contract Tower,18,34,28,8,88,0,0,49,18,67,18,34,77,26,155,160,240,400,555
08/14/2014,LRD,TX,ASW,CE,Federal Contract Tower,25,35,19,18,97,0,0,39,10,49,25,35,58,28,146,120,96,216,362
08/15/2014,LRD,TX,ASW,CE,Federal Contract Tower,15,34,30,12,91,0,0,63,2,65,15,34,93,14,156,160,240,400,556
08/16/2014,LRD,TX,ASW,CE,Federal Contract Tower,5,13,14,0,32,0,1,36,0,37,5,14,50,0,69,140,0,140,209
08/17/2014,LRD,TX,ASW,CE,Federal Contract Tower,11,21,7,13,52,0,0,25,1,26,11,21,32,14,78,80,0,80,158
08/18/2014,LRD,TX,ASW,CE,Federal Contract Tower,11,39,17,9,76,0,0,45,6,51,11,39,62,15,127,80,200,280,407
08/19/2014,LRD,TX,ASW,CE,Federal Contract Tower,18,38,15,21,92,0,0,46,11,57,18,38,61,32,149,40,120,160,309
08/20/2014,LRD,TX,ASW,CE,Federal Contract Tower,13,36,25,16,90,0,1,42,11,54,13,37,67,27,144,120,160,280,424
08/21/2014,LRD,TX,ASW,CE,Federal Contract Tower,17,27,26,4,74,0,0,59,5,64,17,27,85,9,138,40,120,160,298
08/22/2014,LRD,TX,ASW,CE,Federal Contract Tower,29,38,16,20,103,0,1,29,3,33,29,39,45,23,136,0,360,360,496
08/23/2014,LRD,TX,ASW,CE,Federal Contract Tower,9,22,6,4,41,0,0,30,0,30,9,22,36,4,71,40,0,40,111
08/24/2014,LRD,TX,ASW,CE,Federal Contract Tower,12,16,8,0,36,0,0,30,4,34,12,16,38,4,70,100,80,180,250
08/25/2014,LRD,TX,ASW,CE,Federal Contract Tower,16,37,25,5,83,0,2,29,16,47,16,39,54,21,130,80,160,240,370
08/26/2014,LRD,TX,ASW,CE,Federal Contract Tower,33,33,19,9,94,0,0,27,9,36,33,33,46,18,130,280,260,540,670
08/27/2014,LRD,TX,ASW,CE,Federal Contract Tower,21,23,22,14,80,0,2,43,2,47,21,25,65,16,127,120,200,320,447
08/28/2014,LRD,TX,ASW,CE,Federal Contract Tower,23,42,21,4,90,0,1,51,8,60,23,43,72,12,150,160,40,200,350
08/29/2014,LRD,TX,ASW,CE,Federal Contract Tower,16,33,29,5,83,0,0,45,5,50,16,33,74,10,133,0,400,400,533
08/30/2014,LRD,TX,ASW,CE,Federal Contract Tower,4,20,7,0,31,0,2,29,0,31,4,22,36,0,62,140,0,140,202
08/31/2014,LRD,TX,ASW,CE,Federal Contract Tower,5,13,6,0,24,0,0,37,3,40,5,13,43,3,64,100,40,140,204
09/01/2014,LRD,TX,ASW,CE,Federal Contract Tower,14,18,19,0,51,0,0,39,0,39,14,18,58,0,90,20,0,20,110
09/02/2014,LRD,TX,ASW,CE,Federal Contract Tower,20,29,18,2,69,0,0,49,10,59,20,29,67,12,128,160,160,320,448
09/03/2014,LRD,TX,ASW,CE,Federal Contract Tower,23,40,24,3,90,0,1,18,8,27,23,41,42,11,117,40,240,280,397
09/04/2014,LRD,TX,ASW,CE,Federal Contract Tower,17,29,25,14,85,0,0,31,4,35,17,29,56,18,120,120,120,240,360
09/05/2014,LRD,TX,ASW,CE,Federal Contract Tower,13,21,29,8,71,0,0,18,2,20,13,21,47,10,91,0,360,360,451
09/06/2014,LRD,TX,ASW,CE,Federal Contract Tower,9,14,14,0,37,0,0,11,3,14,9,14,25,3,51,40,0,40,91
09/07/2014,LRD,TX,ASW,CE,Federal Contract Tower,2,9,9,12,32,0,0,17,1,18,2,9,26,13,50,40,0,40,90
09/08/2014,LRD,TX,ASW,CE,Federal Contract Tower,12,33,19,16,80,0,0,26,15,41,12,33,45,31,121,80,320,400,521
09/09/2014,LRD,TX,ASW,CE,Federal Contract Tower,18,32,19,15,84,0,0,17,17,34,18,32,36,32,118,0,240,240,358
09/10/2014,LRD,TX,ASW,CE,Federal Contract Tower,11,40,24,9,84,0,1,45,21,67,11,41,69,30,151,280,320,600,751
09/11/2014,LRD,TX,ASW,CE,Federal Contract Tower,14,41,33,36,124,0,0,48,10,58,14,41,81,46,182,80,240,320,502
09/12/2014,LRD,TX,ASW,CE,Federal Contract Tower,18,37,31,17,103,0,1,25,0,26,18,38,56,17,129,0,360,360,489
09/13/2014,LRD,TX,ASW,CE,Federal Contract Tower,4,19,10,0,33,0,0,1,0,1,4,19,11,0,34,0,0,0,34
09/14/2014,LRD,TX,ASW,CE,Federal Contract Tower,3,14,15,0,32,0,0,3,0,3,3,14,18,0,35,0,0,0,35
09/15/2014,LRD,TX,ASW,CE,Federal Contract Tower,10,30,21,12,73,0,1,22,6,29,10,31,43,18,102,80,120,200,302
09/16/2014,LRD,TX,ASW,CE,Federal Contract Tower,15,30,30,7,82,0,0,25,2,27,15,30,55,9,109,120,40,160,269
09/17/2014,LRD,TX,ASW,CE,Federal Contract Tower,21,43,20,14,98,0,0,12,3,15,21,43,32,17,113,40,80,120,233
09/18/2014,LRD,TX,ASW,CE,Federal Contract Tower,21,41,38,27,127,0,0,47,6,53,21,41,85,33,180,40,80,120,300
09/19/2014,LRD,TX,ASW,CE,Federal Contract Tower,11,37,27,4,79,0,0,22,2,24,11,37,49,6,103,80,0,80,183
09/20/2014,LRD,TX,ASW,CE,Federal Contract Tower,5,14,10,0,29,0,1,23,1,25,5,15,33,1,54,120,0,120,174
09/21/2014,LRD,TX,ASW,CE,Federal Contract Tower,13,10,11,0,34,0,0,20,0,20,13,10,31,0,54,40,0,40,94
09/22/2014,LRD,TX,ASW,CE,Federal Contract Tower,11,36,19,2,68,0,0,22,7,29,11,36,41,9,97,80,120,200,297
09/23/2014,LRD,TX,ASW,CE,Federal Contract Tower,18,38,19,10,85,0,0,48,16,64,18,38,67,26,149,200,200,400,549
09/24/2014,LRD,TX,ASW,CE,Federal Contract Tower,18,28,28,6,80,0,1,29,8,38,18,29,57,14,118,200,160,360,478
09/25/2014,LRD,TX,ASW,CE,Federal Contract Tower,22,42,22,7,93,0,1,47,9,57,22,43,69,16,150,20,320,340,490
09/26/2014,LRD,TX,ASW,CE,Federal Contract Tower,12,33,38,0,83,0,0,11,0,11,12,33,49,0,94,0,0,0,94
09/27/2014,LRD,TX,ASW,CE,Federal Contract Tower,5,11,15,0,31,0,0,0,0,0,5,11,15,0,31,0,0,0,31
09/28/2014,LRD,TX,ASW,CE,Federal Contract Tower,3,15,24,0,42,0,0,43,4,47,3,15,67,4,89,160,0,160,249
09/29/2014,LRD,TX,ASW,CE,Federal Contract Tower,18,28,15,29,90,0,0,37,4,41,18,28,52,33,131,160,360,520,651
09/30/2014,LRD,TX,ASW,CE,Federal Contract Tower,17,44,21,10,92,0,0,41,8,49,17,44,62,18,141,240,280,520,661
10/01/2014,LRD,TX,ASW,CE,Federal Contract Tower,23,41,25,4,93,0,0,55,9,64,23,41,80,13,157,360,240,600,757
10/02/2014,LRD,TX,ASW,CE,Federal Contract Tower,17,41,32,18,108,0,1,37,7,45,17,42,69,25,153,80,400,480,633
10/03/2014,LRD,TX,ASW,CE,Federal Contract Tower,17,38,20,4,79,0,1,24,4,29,17,39,44,8,108,40,80,120,228
10/04/2014,LRD,TX,ASW,CE,Federal Contract Tower,2,17,14,2,35,0,1,20,1,22,2,18,34,3,57,40,80,120,177
10/05/2014,LRD,TX,ASW,CE,Federal Contract Tower,2,15,10,0,27,0,0,30,1,31,2,15,40,1,58,0,40,40,98
10/06/2014,LRD,TX,ASW,CE,Federal Contract Tower,6,28,18,16,68,0,0,20,18,38,6,28,38,34,106,40,200,240,346
10/07/2014,LRD,TX,ASW,CE,Federal Contract Tower,14,38,26,2,80,0,0,32,9,41,14,38,58,11,121,160,120,280,401
10/08/2014,LRD,TX,ASW,CE,Federal Contract Tower,14,40,22,9,85,0,0,36,6,42,14,40,58,15,127,40,120,160,287
10/09/2014,LRD,TX,ASW,CE,Federal Contract Tower,21,34,21,4,80,0,1,45,10,56,21,35,66,14,136,160,120,280,416
10/10/2014,LRD,TX,ASW,CE,Federal Contract Tower,14,31,25,5,75,0,0,45,4,49,14,31,70,9,124,80,160,240,364
10/11/2014,LRD,TX,ASW,CE,Federal Contract Tower,6,15,6,2,29,0,0,20,1,21,6,15,26,3,50,120,0,120,170
10/12/2014,LRD,TX,ASW,CE,Federal Contract Tower,4,13,13,0,30,0,3,16,0,19,4,16,29,0,49,160,0,160,209
10/13/2014,LRD,TX,ASW,CE,Federal Contract Tower,12,32,37,2,83,0,0,22,6,28,12,32,59,8,111,40,0,40,151
10/14/2014,LRD,TX,ASW,CE,Federal Contract Tower,24,32,33,12,101,0,1,61,20,82,24,33,94,32,183,280,320,600,783
10/15/2014,LRD,TX,ASW,CE,Federal Contract Tower,18,30,37,8,93,0,0,58,8,66,18,30,95,16,159,80,240,320,479
10/16/2014,LRD,TX,ASW,CE,Federal Contract Tower,22,45,25,9,101,0,1,51,16,68,22,46,76,25,169,120,160,280,449
10/17/2014,LRD,TX,ASW,CE,Federal Contract Tower,15,41,18,14,88,0,0,43,5,48,15,41,61,19,136,40,80,120,256
10/18/2014,LRD,TX,ASW,CE,Federal Contract Tower,7,15,17,1,40,0,0,26,2,28,7,15,43,3,68,360,0,360,428
10/19/2014,LRD,TX,ASW,CE,Federal Contract Tower,6,24,16,0,46,0,1,20,0,21,6,25,36,0,67,80,0,80,147
10/20/2014,LRD,TX,ASW,CE,Federal Contract Tower,15,40,13,1,69,1,0,20,13,34,16,40,33,14,103,80,0,80,183
10/21/2014,LRD,TX,ASW,CE,Federal Contract Tower,24,37,21,16,98,0,0,21,21,42,24,37,42,37,140,200,160,360,500
10/22/2014,LRD,TX,ASW,CE,Federal Contract Tower,19,35,21,6,81,0,2,25,10,37,19,37,46,16,118,40,160,200,318
10/23/2014,LRD,TX,ASW,CE,Federal Contract Tower,24,25,37,8,94,0,0,38,10,48,24,25,75,18,142,80,240,320,462
10/24/2014,LRD,TX,ASW,CE,Federal Contract Tower,13,39,23,3,78,0,0,37,7,44,13,39,60,10,122,280,200,480,602
10/25/2014,LRD,TX,ASW,CE,Federal Contract Tower,4,9,9,0,22,0,0,34,2,36,4,9,43,2,58,200,0,200,258
10/26/2014,LRD,TX,ASW,CE,Federal Contract Tower,8,15,8,0,31,0,0,22,3,25,8,15,30,3,56,80,0,80,136
10/27/2014,LRD,TX,ASW,CE,Federal Contract Tower,13,39,18,3,73,0,0,39,10,49,13,39,57,13,122,280,80,360,482
10/28/2014,LRD,TX,ASW,CE,Federal Contract Tower,23,28,22,2,75,0,1,45,7,53,23,29,67,9,128,200,80,280,408
10/29/2014,LRD,TX,ASW,CE,Federal Contract Tower,13,38,43,9,103,0,3,40,6,49,13,41,83,15,152,200,80,280,432
10/30/2014,LRD,TX,ASW,CE,Federal Contract Tower,16,28,37,13,94,0,0,36,5,41,16,28,73,18,135,80,160,240,375
10/31/2014,LRD,TX,ASW,CE,Federal Contract Tower,13,26,40,4,83,0,0,27,6,33,13,26,67,10,116,0,160,160,276
11/01/2014,LRD,TX,ASW,CE,Federal Contract Tower,1,19,13,0,33,0,1,12,3,16,1,20,25,3,49,0,80,80,129
11/02/2014,LRD,TX,ASW,CE,Federal Contract Tower,3,21,22,0,46,0,0,19,2,21,3,21,41,2,67,120,40,160,227
11/03/2014,LRD,TX,ASW,CE,Federal Contract Tower,5,35,18,18,76,0,0,46,7,53,5,35,64,25,129,160,480,640,769
11/04/2014,LRD,TX,ASW,CE,Federal Contract Tower,18,32,17,27,94,0,0,26,3,29,18,32,43,30,123,120,320,440,563
11/05/2014,LRD,TX,ASW,CE,Federal Contract Tower,9,26,26,0,61,0,1,0,0,1,9,27,26,0,62,0,0,0,62
11/06/2014,LRD,TX,ASW,CE,Federal Contract Tower,21,44,34,7,106,0,0,2,0,2,21,44,36,7,108,0,0,0,108
11/07/2014,LRD,TX,ASW,CE,Federal Contract Tower,13,39,18,5,75,0,0,41,3,44,13,39,59,8,119,360,80,440,559
11/08/2014,LRD,TX,ASW,CE,Federal Contract Tower,9,21,12,0,42,0,1,41,1,43,9,22,53,1,85,280,40,320,405
11/09/2014,LRD,TX,ASW,CE,Federal Contract Tower,10,18,7,2,37,0,1,36,3,40,10,19,43,5,77,160,40,200,277
11/10/2014,LRD,TX,ASW,CE,Federal Contract Tower,13,23,18,8,62,0,0,27,10,37,13,23,45,18,99,160,120,280,379
11/11/2014,LRD,TX,ASW,CE,Federal Contract Tower,18,30,10,0,58,0,1,30,2,33,18,31,40,2,91,200,80,280,371
11/12/2014,LRD,TX,ASW,CE,Federal Contract Tower,25,35,16,5,81,0,1,27,3,31,25,36,43,8,112,40,80,120,232
11/13/2014,LRD,TX,ASW,CE,Federal Contract Tower,16,39,20,6,81,0,0,29,5,34,16,39,49,11,115,40,160,200,315
11/14/2014,LRD,TX,ASW,CE,Federal Contract Tower,17,43,31,7,98,0,0,25,4,29,17,43,56,11,127,60,120,180,307
11/15/2014,LRD,TX,ASW,CE,Federal Contract Tower,10,16,11,0,37,0,0,1,0,1,10,16,12,0,38,0,0,0,38
11/16/2014,LRD,TX,ASW,CE,Federal Contract Tower,7,20,24,0,51,0,0,3,0,3,7,20,27,0,54,0,0,0,54
11/17/2014,LRD,TX,ASW,CE,Federal Contract Tower,18,35,21,6,80,0,0,44,5,49,18,35,65,11,129,120,40,160,289
11/18/2014,LRD,TX,ASW,CE,Federal Contract Tower,26,44,24,3,97,0,1,45,5,51,26,45,69,8,148,120,120,240,388
11/19/2014,LRD,TX,ASW,CE,Federal Contract Tower,13,39,21,17,90,0,1,52,12,65,13,40,73,29,155,240,40,280,435
11/20/2014,LRD,TX,ASW,CE,Federal Contract Tower,20,36,28,3,87,0,0,14,1,15,20,36,42,4,102,0,120,120,222
11/21/2014,LRD,TX,ASW,CE,Federal Contract Tower,12,32,26,2,72,0,0,22,2,24,12,32,48,4,96,200,120,320,416
11/22/2014,LRD,TX,ASW,CE,Federal Contract Tower,6,25,7,9,47,0,0,12,0,12,6,25,19,9,59,80,40,120,179
11/23/2014,LRD,TX,ASW,CE,Federal Contract Tower,6,18,7,3,34,0,0,29,1,30,6,18,36,4,64,80,80,160,224
11/24/2014,LRD,TX,ASW,CE,Federal Contract Tower,17,27,15,5,64,0,0,27,14,41,17,27,42,19,105,280,80,360,465
11/25/2014,LRD,TX,ASW,CE,Federal Contract Tower,21,48,20,9,98,0,1,47,8,56,21,49,67,17,154,280,160,440,594
11/26/2014,LRD,TX,ASW,CE,Federal Contract Tower,21,33,18,5,77,0,1,42,7,50,21,34,60,12,127,240,280,520,647
11/27/2014,LRD,TX,ASW,CE,Federal Contract Tower,6,24,7,0,37,0,0,26,4,30,6,24,33,4,67,80,40,120,187
11/28/2014,LRD,TX,ASW,CE,Federal Contract Tower,14,18,8,0,40,0,0,36,4,40,14,18,44,4,80,160,0,160,240
11/29/2014,LRD,TX,ASW,CE,Federal Contract Tower,4,17,15,0,36,0,0,24,1,25,4,17,39,1,61,0,40,40,101
11/30/2014,LRD,TX,ASW,CE,Federal Contract Tower,6,14,21,1,42,0,0,31,1,32,6,14,52,2,74,80,80,160,234
12/01/2014,LRD,TX,ASW,CE,Federal Contract Tower,9,26,24,8,67,0,0,27,2,29,9,26,51,10,96,0,40,40,136
12/02/2014,LRD,TX,ASW,CE,Federal Contract Tower,26,36,34,1,97,0,0,3,1,4,26,36,37,2,101,0,0,0,101
12/03/2014,LRD,TX,ASW,CE,Federal Contract Tower,14,44,41,6,105,0,0,2,0,2,14,44,43,6,107,0,0,0,107
12/04/2014,LRD,TX,ASW,CE,Federal Contract Tower,24,38,29,14,105,0,0,19,8,27,24,38,48,22,132,80,120,200,332
12/05/2014,LRD,TX,ASW,CE,Federal Contract Tower,11,40,24,1,76,0,0,21,4,25,11,40,45,5,101,80,80,160,261
12/06/2014,LRD,TX,ASW,CE,Federal Contract Tower,6,20,17,1,44,0,0,15,1,16,6,20,32,2,60,40,80,120,180
12/07/2014,LRD,TX,ASW,CE,Federal Contract Tower,1,12,23,0,36,0,0,5,0,5,1,12,28,0,41,40,0,40,81
12/08/2014,LRD,TX,ASW,CE,Federal Contract Tower,5,39,25,3,72,0,0,8,18,26,5,39,33,21,98,0,40,40,138
12/09/2014,LRD,TX,ASW,CE,Federal Contract Tower,18,30,15,6,69,0,0,37,24,61,18,30,52,30,130,40,120,160,290
12/10/2014,LRD,TX,ASW,CE,Federal Contract Tower,16,40,29,0,85,0,0,40,8,48,16,40,69,8,133,160,120,280,413
12/11/2014,LRD,TX,ASW,CE,Federal Contract Tower,16,38,39,3,96,0,0,46,7,53,16,38,85,10,149,40,200,240,389
12/12/2014,LRD,TX,ASW,CE,Federal Contract Tower,6,34,26,17,83,0,0,28,3,31,6,34,54,20,114,40,720,760,874
12/13/2014,LRD,TX,ASW,CE,Federal Contract Tower,4,16,13,0,33,0,0,30,1,31,4,16,43,1,64,80,0,80,144
12/14/2014,LRD,TX,ASW,CE,Federal Contract Tower,4,10,22,0,36,0,0,34,1,35,4,10,56,1,71,40,0,40,111
12/15/2014,LRD,TX,ASW,CE,Federal Contract Tower,7,33,33,4,77,0,0,14,5,19,7,33,47,9,96,40,40,80,176
12/16/2014,LRD,TX,ASW,CE,Federal Contract Tower,29,34,36,4,103,0,0,67,14,81,29,34,103,18,184,480,120,600,784
12/17/2014,LRD,TX,ASW,CE,Federal Contract Tower,21,46,36,6,109,0,0,11,5,16,21,46,47,11,125,0,160,160,285
12/18/2014,LRD,TX,ASW,CE,Federal Contract Tower,19,41,46,1,107,0,0,0,0,0,19,41,46,1,107,0,0,0,107
12/19/2014,LRD,TX,ASW,CE,Federal Contract Tower,18,51,30,14,113,0,0,14,7,21,18,51,44,21,134,0,120,120,254
12/20/2014,LRD,TX,ASW,CE,Federal Contract Tower,5,22,34,0,61,0,0,13,7,20,5,22,47,7,81,40,0,40,121
12/21/2014,LRD,TX,ASW,CE,Federal Contract Tower,5,18,26,0,49,0,0,23,4,27,5,18,49,4,76,0,40,40,116
12/22/2014,LRD,TX,ASW,CE,Federal Contract Tower,8,30,27,0,65,0,0,26,1,27,8,30,53,1,92,40,0,40,132
12/23/2014,LRD,TX,ASW,CE,Federal Contract Tower,10,23,21,16,70,0,1,25,2,28,10,24,46,18,98,120,160,280,378
12/24/2014,LRD,TX,ASW,CE,Federal Contract Tower,10,14,5,3,32,0,1,28,3,32,10,15,33,6,64,100,0,100,164
12/25/2014,LRD,TX,ASW,CE,Federal Contract Tower,0,13,11,0,24,0,0,8,2,10,0,13,19,2,34,60,120,180,214
12/26/2014,LRD,TX,ASW,CE,Federal Contract Tower,6,24,32,0,62,0,0,33,2,35,6,24,65,2,97,40,40,80,177
12/27/2014,LRD,TX,ASW,CE,Federal Contract Tower,2,7,35,0,44,0,0,18,0,18,2,7,53,0,62,0,0,0,62
12/28/2014,LRD,TX,ASW,CE,Federal Contract Tower,2,17,19,0,38,0,0,5,1,6,2,17,24,1,44,0,0,0,44
12/29/2014,LRD,TX,ASW,CE,Federal Contract Tower,3,17,18,2,40,0,0,28,0,28,3,17,46,2,68,80,0,80,148
12/30/2014,LRD,TX,ASW,CE,Federal Contract Tower,10,22,23,1,56,0,0,0,0,0,10,22,23,1,56,0,0,0,56
12/31/2014,LRD,TX,ASW,CE,Federal Contract Tower,10,17,9,2,38,0,0,0,0,0,10,17,9,2,38,0,0,0,38
01/01/2015,LRD,TX,ASW,CE,Federal Contract Tower,0,9,6,0,15,0,0,0,0,0,0,9,6,0,15,0,0,0,15
01/02/2015,LRD,TX,ASW,CE,Federal Contract Tower,6,13,22,2,43,0,0,0,0,0,6,13,22,2,43,0,0,0,43
01/03/2015,LRD,TX,ASW,CE,Federal Contract Tower,2,18,17,0,37,0,0,34,0,34,2,18,51,0,71,80,0,80,151
01/04/2015,LRD,TX,ASW,CE,Federal Contract Tower,2,14,29,0,45,0,0,16,1,17,2,14,45,1,62,40,0,40,102
01/05/2015,LRD,TX,ASW,CE,Federal Contract Tower,2,16,22,4,44,0,0,26,7,33,2,16,48,11,77,80,0,80,157
01/06/2015,LRD,TX,ASW,CE,Federal Contract Tower,17,27,19,5,68,0,0,44,13,57,17,27,63,18,125,120,120,240,365
01/07/2015,LRD,TX,ASW,CE,Federal Contract Tower,6,26,17,13,62,0,0,29,2,31,6,26,46,15,93,80,360,440,533
01/08/2015,LRD,TX,ASW,CE,Federal Contract Tower,18,28,23,11,80,0,0,39,5,44,18,28,62,16,124,60,440,500,624
01/09/2015,LRD,TX,ASW,CE,Federal Contract Tower,8,25,17,4,54,0,0,0,0,0,8,25,17,4,54,0,0,0,54
01/10/2015,LRD,TX,ASW,CE,Federal Contract Tower,4,15,5,2,26,0,0,0,0,0,4,15,5,2,26,0,0,0,26
01/11/2015,LRD,TX,ASW,CE,Federal Contract Tower,2,6,23,0,31,0,0,14,1,15,2,6,37,1,46,0,0,0,46
01/12/2015,LRD,TX,ASW,CE,Federal Contract Tower,6,21,33,8,68,0,2,21,2,25,6,23,54,10,93,120,120,240,333
01/13/2015,LRD,TX,ASW,CE,Federal Contract Tower,11,32,26,10,79,0,0,34,3,37,11,32,60,13,116,40,240,280,396
01/14/2015,LRD,TX,ASW,CE,Federal Contract Tower,9,25,34,4,72,0,0,5,0,5,9,25,39,4,77,0,0,0,77
01/15/2015,LRD,TX,ASW,CE,Federal Contract Tower,21,34,30,8,93,0,1,27,7,35,21,35,57,15,128,80,160,240,368
01/16/2015,LRD,TX,ASW,CE,Federal Contract Tower,11,29,26,7,73,0,0,36,3,39,11,29,62,10,112,200,360,560,672
01/17/2015,LRD,TX,ASW,CE,Federal Contract Tower,4,16,13,0,33,0,1,32,1,34,4,17,45,1,67,280,0,280,347
01/18/2015,LRD,TX,ASW,CE,Federal Contract Tower,5,16,16,1,38,0,0,27,2,29,5,16,43,3,67,80,0,80,147
01/19/2015,LRD,TX,ASW,CE,Federal Contract Tower,7,24,21,0,52,0,0,46,6,52,7,24,67,6,104,40,40,80,184
01/20/2015,LRD,TX,ASW,CE,Federal Contract Tower,15,35,26,4,80,0,0,63,16,79,15,35,89,20,159,120,120,240,399
01/21/2015,LRD,TX,ASW,CE,Federal Contract Tower,11,29,22,2,64,0,0,21,3,24,11,29,43,5,88,80,0,80,168
01/22/2015,LRD,TX,ASW,CE,Federal Contract Tower,22,38,33,0,93,0,0,43,2,45,22,38,76,2,138,200,80,280,418
01/23/2015,LRD,TX,ASW,CE,Federal Contract Tower,13,25,28,6,72,0,0,30,7,37,13,25,58,13,109,200,60,260,369
01/24/2015,LRD,TX,ASW,CE,Federal Contract Tower,3,19,13,0,35,0,0,32,1,33,3,19,45,1,68,40,0,40,108
01/25/2015,LRD,TX,ASW,CE,Federal Contract Tower,3,10,12,0,25,0,0,21,1,22,3,10,33,1,47,80,0,80,127
01/26/2015,LRD,TX,ASW,CE,Federal Contract Tower,6,18,12,3,39,0,0,44,13,57,6,18,56,16,96,40,120,160,256
01/27/2015,LRD,TX,ASW,CE,Federal Contract Tower,12,18,19,16,65,0,0,65,11,76,12,18,84,27,141,640,240,880,1021
01/28/2015,LRD,TX,ASW,CE,Federal Contract Tower,11,28,33,9,81,0,0,69,12,81,11,28,102,21,162,280,400,680,842
01/29/2015,LRD,TX,ASW,CE,Federal Contract Tower,11,27,25,9,72,0,4,33,18,55,11,31,58,27,127,200,240,440,567
01/30/2015,LRD,TX,ASW,CE,Federal Contract Tower,10,17,20,7,54,0,0,41,9,50,10,17,61,16,104,40,40,80,184
01/31/2015,LRD,TX,ASW,CE,Federal Contract Tower,1,19,16,0,36,0,0,13,4,17,1,19,29,4,53,120,80,200,253
02/01/2015,LRD,TX,ASW,CE,Federal Contract Tower,3,11,15,0,29,0,0,20,2,22,3,11,35,2,51,0,40,40,91
02/02/2015,LRD,TX,ASW,CE,Federal Contract Tower,2,18,32,15,67,0,1,50,11,62,2,19,82,26,129,320,400,720,849
02/03/2015,LRD,TX,ASW,CE,Federal Contract Tower,12,35,37,16,100,0,0,6,2,8,12,35,43,18,108,0,40,40,148
02/04/2015,LRD,TX,ASW,CE,Federal Contract Tower,12,33,25,4,74,0,1,30,3,34,12,34,55,7,108,320,40,360,468
02/05/2015,LRD,TX,ASW,CE,Federal Contract Tower,15,30,28,2,75,0,0,13,0,13,15,30,41,2,88,0,0,0,88
02/06/2015,LRD,TX,ASW,CE,Federal Contract Tower,14,34,28,4,80,0,0,52,4,56,14,34,80,8,136,80,120,200,336
02/07/2015,LRD,TX,ASW,CE,Federal Contract Tower,2,12,7,6,27,0,0,46,2,48,2,12,53,8,75,0,0,0,75
02/08/2015,LRD,TX,ASW,CE,Federal Contract Tower,6,20,11,4,41,0,0,30,4,34,6,20,41,8,75,200,80,280,355
02/09/2015,LRD,TX,ASW,CE,Federal Contract Tower,4,27,15,17,63,0,0,70,10,80,4,27,85,27,143,120,440,560,703
02/10/2015,LRD,TX,ASW,CE,Federal Contract Tower,13,22,36,17,88,0,0,74,8,82,13,22,110,25,170,400,240,640,810
02/11/2015,LRD,TX,ASW,CE,Federal Contract Tower,10,23,14,19,66,0,0,43,6,49,10,23,57,25,115,0,400,400,515
02/12/2015,LRD,TX,ASW,CE,Federal Contract Tower,12,32,26,10,80,0,0,24,4,28,12,32,50,14,108,60,60,120,228
02/13/2015,LRD,TX,ASW,CE,Federal Contract Tower,6,22,19,8,55,0,0,52,6,58,6,22,71,14,113,0,160,160,273
02/14/2015,LRD,TX,ASW,CE,Federal Contract Tower,4,12,8,1,25,0,0,12,1,13,4,12,20,2,38,0,0,0,38
02/15/2015,LRD,TX,ASW,CE,Federal Contract Tower,5,13,9,1,28,0,0,19,0,19,5,13,28,1,47,0,0,0,47
02/16/2015,LRD,TX,ASW,CE,Federal Contract Tower,3,22,31,0,56,0,0,13,4,17,3,22,44,4,73,0,0,0,73
02/17/2015,LRD,TX,ASW,CE,Federal Contract Tower,10,23,28,31,92,0,0,57,5,62,10,23,85,36,154,80,320,400,554
02/18/2015,LRD,TX,ASW,CE,Federal Contract Tower,12,27,27,18,84,0,0,44,9,53,12,27,71,27,137,160,200,360,497
02/19/2015,LRD,TX,ASW,CE,Federal Contract Tower,15,29,35,7,86,0,0,57,9,66,15,29,92,16,152,80,80,160,312
02/20/2015,LRD,TX,ASW,CE,Federal Contract Tower,12,29,32,0,73,0,0,42,4,46,12,29,74,4,119,120,40,160,279
02/21/2015,LRD,TX,ASW,CE,Federal Contract Tower,3,20,24,13,60,0,1,29,1,31,3,21,53,14,91,80,0,80,171
02/22/2015,LRD,TX,ASW,CE,Federal Contract Tower,6,12,19,33,70,0,0,23,2,25,6,12,42,35,95,0,40,40,135
02/23/2015,LRD,TX,ASW,CE,Federal Contract Tower,7,16,16,2,41,0,0,4,0,4,7,16,20,2,45,0,0,0,45
02/24/2015,LRD,TX,ASW,CE,Federal Contract Tower,21,24,28,0,73,0,0,24,4,28,21,24,52,4,101,40,0,40,141
02/25/2015,LRD,TX,ASW,CE,Federal Contract Tower,14,26,14,11,65,0,2,56,8,66,14,28,70,19,131,200,520,720,851
02/26/2015,LRD,TX,ASW,CE,Federal Contract Tower,20,26,24,38,108,0,0,49,7,56,20,26,73,45,164,120,680,800,964
02/27/2015,LRD,TX,ASW,CE,Federal Contract Tower,7,17,31,0,55,0,0,13,0,13,7,17,44,0,68,0,0,0,68
02/28/2015,LRD,TX,ASW,CE,Federal Contract Tower,4,3,12,2,21,0,0,0,0,0,4,3,12,2,21,0,0,0,21
03/01/2015,LRD,TX,ASW,CE,Federal Contract Tower,3,9,13,0,25,0,0,2,0,2,3,9,15,0,27,0,0,0,27
03/02/2015,LRD,TX,ASW,CE,Federal Contract Tower,8,18,27,0,53,0,0,0,0,0,8,18,27,0,53,0,0,0,53
03/03/2015,LRD,TX,ASW,CE,Federal Contract Tower,14,28,28,2,72,0,0,15,6,21,14,28,43,8,93,0,0,0,93
03/04/2015,LRD,TX,ASW,CE,Federal Contract Tower,10,15,26,8,59,0,0,12,3,15,10,15,38,11,74,0,0,0,74
03/05/2015,LRD,TX,ASW,CE,Federal Contract Tower,8,19,29,15,71,0,0,32,10,42,8,19,61,25,113,120,0,120,233
03/06/2015,LRD,TX,ASW,CE,Federal Contract Tower,12,28,29,8,77,0,0,34,3,37,12,28,63,11,114,80,80,160,274
03/07/2015,LRD,TX,ASW,CE,Federal Contract Tower,3,12,18,0,33,0,0,23,6,29,3,12,41,6,62,40,80,120,182
03/08/2015,LRD,TX,ASW,CE,Federal Contract Tower,4,14,19,0,37,0,0,7,0,7,4,14,26,0,44,0,0,0,44
03/09/2015,LRD,TX,ASW,CE,Federal Contract Tower,5,22,27,5,59,0,0,8,4,12,5,22,35,9,71,60,0,60,131
03/10/2015,LRD,TX,ASW,CE,Federal Contract Tower,14,27,23,6,70,0,0,19,11,30,14,27,42,17,100,120,40,160,260
03/11/2015,LRD,TX,ASW,CE,Federal Contract Tower,14,33,33,9,89,0,0,19,5,24,14,33,52,14,113,0,160,160,273
03/12/2015,LRD,TX,ASW,CE,Federal Contract Tower,13,29,19,6,67,0,1,51,15,67,13,30,70,21,134,0,200,200,334
03/13/2015,LRD,TX,ASW,CE,Federal Contract Tower,10,27,21,11,69,0,0,18,6,24,10,27,39,17,93,40,200,240,333
03/14/2015,LRD,TX,ASW,CE,Federal Contract Tower,6,14,11,0,31,0,0,16,1,17,6,14,27,1,48,40,0,40,88
03/15/2015,LRD,TX,ASW,CE,Federal Contract Tower,3,16,14,14,47,0,0,21,5,26,3,16,35,19,73,80,80,160,233
03/16/2015,LRD,TX,ASW,CE,Federal Contract Tower,16,22,24,8,70,0,0,4,0,4,16,22,28,8,74,0,0,0,74
03/17/2015,LRD,TX,ASW,CE,Federal Contract Tower,16,22,24,8,70,0,0,4,0,4,16,22,28,8,74,0,0,0,74
03/18/2015,LRD,TX,ASW,CE,Federal Contract Tower,13,24,36,10,83,0,0,14,7,21,13,24,50,17,104,0,200,200,304
03/19/2015,LRD,TX,ASW,CE,Federal Contract Tower,13,30,32,4,79,0,0,22,6,28,13,30,54,10,107,120,40,160,267
03/20/2015,LRD,TX,ASW,CE,Federal Contract Tower,13,28,23,6,70,0,0,17,1,18,13,28,40,7,88,120,0,120,208
03/21/2015,LRD,TX,ASW,CE,Federal Contract Tower,6,14,6,2,28,0,0,5,3,8,6,14,11,5,36,0,0,0,36
03/22/2015,LRD,TX,ASW,CE,Federal Contract Tower,5,10,20,0,35,0,0,26,1,27,5,10,46,1,62,160,0,160,222
03/23/2015,LRD,TX,ASW,CE,Federal Contract Tower,8,18,15,0,41,0,0,34,10,44,8,18,49,10,85,80,0,80,165
03/24/2015,LRD,TX,ASW,CE,Federal Contract Tower,20,25,28,11,84,0,1,34,10,45,20,26,62,21,129,120,80,200,329
03/25/2015,LRD,TX,ASW,CE,Federal Contract Tower,10,28,30,6,74,0,0,13,8,21,10,28,43,14,95,0,160,160,255
03/26/2015,LRD,TX,ASW,CE,Federal Contract Tower,12,31,35,8,86,0,0,34,8,42,12,31,69,16,128,160,160,320,448
03/27/2015,LRD,TX,ASW,CE,Federal Contract Tower,12,20,38,2,72,0,2,52,7,61,12,22,90,9,133,80,160,240,373
03/28/2015,LRD,TX,ASW,CE,Federal Contract Tower,1,11,16,0,28,0,0,46,4,50,1,11,62,4,78,280,40,320,398
03/29/2015,LRD,TX,ASW,CE,Federal Contract Tower,3,11,18,7,39,0,0,33,1,34,3,11,51,8,73,60,0,60,133
03/30/2015,LRD,TX,ASW,CE,Federal Contract Tower,7,27,21,3,58,0,0,32,12,44,7,27,53,15,102,220,80,300,402
03/31/2015,LRD,TX,ASW,CE,Federal Contract Tower,17,23,36,10,86,0,0,49,23,72,17,23,85,33,158,240,0,240,398
04/01/2015,LRD,TX,ASW,CE,Federal Contract Tower,16,23,36,16,91,0,0,28,7,35,16,23,64,23,126,80,80,160,286
04/02/2015,LRD,TX,ASW,CE,Federal Contract Tower,13,15,29,0,57,0,0,38,11,49,13,15,67,11,106,120,80,200,306
04/03/2015,LRD,TX,ASW,CE,Federal Contract Tower,6,14,14,0,34,0,0,26,5,31,6,14,40,5,65,120,40,160,225
04/04/2015,LRD,TX,ASW,CE,Federal Contract Tower,3,16,9,0,28,0,0,10,2,12,3,16,19,2,40,80,80,160,200
04/05/2015,LRD,TX,ASW,CE,Federal Contract Tower,5,11,16,2,34,0,0,14,6,20,5,11,30,8,54,120,80,200,254
04/06/2015,LRD,TX,ASW,CE,Federal Contract Tower,11,19,19,2,51,0,0,31,6,37,11,19,50,8,88,80,0,80,168
04/07/2015,LRD,TX,ASW,CE,Federal Contract Tower,13,26,28,13,80,0,0,39,5,44,13,26,67,18,124,170,20,190,314
04/08/2015,LRD,TX,ASW,CE,Federal Contract Tower,8,21,31,6,66,0,0,31,4,35,8,21,62,10,101,120,0,120,221
04/09/2015,LRD,TX,ASW,CE,Federal Contract Tower,14,29,31,14,88,0,0,23,5,28,14,29,54,19,116,0,240,240,356
04/10/2015,LRD,TX,ASW,CE,Federal Contract Tower,10,17,24,2,53,0,1,17,4,22,10,18,41,6,75,80,120,200,275
04/11/2015,LRD,TX,ASW,CE,Federal Contract Tower,0,16,8,0,24,0,0,5,2,7,0,16,13,2,31,0,0,0,31
04/12/2015,LRD,TX,ASW,CE,Federal Contract Tower,2,10,13,10,35,0,0,33,3,36,2,10,46,13,71,400,40,440,511
04/13/2015,LRD,TX,ASW,CE,Federal Contract Tower,10,24,30,3,67,0,0,34,1,35,10,24,64,4,102,90,0,90,192
04/14/2015,LRD,TX,ASW,CE,Federal Contract Tower,12,31,21,5,69,0,0,33,5,38,12,31,54,10,107,80,40,120,227
04/15/2015,LRD,TX,ASW,CE,Federal Contract Tower,11,31,28,13,83,0,0,41,9,50,11,31,69,22,133,120,440,560,693
04/16/2015,LRD,TX,ASW,CE,Federal Contract Tower,11,37,27,6,81,0,0,9,5,14,11,37,36,11,95,0,80,80,175
04/17/2015,LRD,TX,ASW,CE,Federal Contract Tower,7,20,23,0,50,0,0,11,4,15,7,20,34,4,65,80,80,160,225
04/18/2015,LRD,TX,ASW,CE,Federal Contract Tower,1,21,24,4,50,0,0,4,0,4,1,21,28,4,54,0,0,0,54
04/19/2015,LRD,TX,ASW,CE,Federal Contract Tower,2,11,13,0,26,0,0,27,5,32,2,11,40,5,58,120,80,200,258
04/20/2015,LRD,TX,ASW,CE,Federal Contract Tower,6,16,20,4,46,0,0,29,8,37,6,16,49,12,83,0,80,80,163
04/21/2015,LRD,TX,ASW,CE,Federal Contract Tower,11,19,28,3,61,0,0,21,5,26,11,19,49,8,87,0,0,0,87
04/22/2015,LRD,TX,ASW,CE,Federal Contract Tower,9,28,46,10,93,0,0,10,6,16,9,28,56,16,109,20,60,80,189
04/23/2015,LRD,TX,ASW,CE,Federal Contract Tower,12,30,35,2,79,0,0,35,2,37,12,30,70,4,116,40,40,80,196
04/24/2015,LRD,TX,ASW,CE,Federal Contract Tower,6,29,24,14,73,0,0,11,7,18,6,29,35,21,91,0,40,40,131
04/25/2015,LRD,TX,ASW,CE,Federal Contract Tower,1,19,9,5,34,0,0,16,1,17,1,19,25,6,51,40,0,40,91
04/26/2015,LRD,TX,ASW,CE,Federal Contract Tower,2,16,21,0,39,0,0,13,10,23,2,16,34,10,62,10,40,50,112
04/27/2015,LRD,TX,ASW,CE,Federal Contract Tower,4,28,28,13,73,0,0,25,8,33,4,28,53,21,106,100,280,380,486
04/28/2015,LRD,TX,ASW,CE,Federal Contract Tower,15,20,28,22,85,0,1,25,10,36,15,21,53,32,121,40,440,480,601
04/29/2015,LRD,TX,ASW,CE,Federal Contract Tower,9,29,29,5,72,0,0,49,8,57,9,29,78,13,129,80,110,190,319
04/30/2015,LRD,TX,ASW,CE,Federal Contract Tower,14,32,37,11,94,0,0,49,6,55,14,32,86,17,149,200,240,440,589
05/01/2015,LRD,TX,ASW,CE,Federal Contract Tower,5,22,24,10,61,0,0,47,8,55,5,22,71,18,116,80,360,440,556
05/02/2015,LRD,TX,ASW,CE,Federal Contract Tower,1,16,4,2,23,0,2,34,5,41,1,18,38,7,64,0,46,46,110
05/03/2015,LRD,TX,ASW,CE,Federal Contract Tower,2,15,11,0,28,0,0,33,6,39,2,15,44,6,67,200,80,280,347
05/04/2015,LRD,TX,ASW,CE,Federal Contract Tower,5,24,25,5,59,0,0,23,4,27,5,24,48,9,86,200,0,200,286
05/05/2015,LRD,TX,ASW,CE,Federal Contract Tower,8,25,34,18,85,0,0,37,6,43,8,25,71,24,128,200,0,200,328
05/06/2015,LRD,TX,ASW,CE,Federal Contract Tower,29,41,32,6,108,0,0,38,4,42,29,41,70,10,150,160,120,280,430
05/07/2015,LRD,TX,ASW,CE,Federal Contract Tower,17,35,36,6,94,0,1,38,7,46,17,36,74,13,140,200,280,480,620
05/08/2015,LRD,TX,ASW,CE,Federal Contract Tower,10,28,30,9,77,0,0,21,4,25,10,28,51,13,102,160,200,360,462
05/09/2015,LRD,TX,ASW,CE,Federal Contract Tower,4,9,19,0,32,0,2,25,1,28,4,11,44,1,60,120,0,120,180
05/10/2015,LRD,TX,ASW,CE,Federal Contract Tower,3,7,17,29,56,0,0,30,6,36,3,7,47,35,92,200,120,320,412
05/11/2015,LRD,TX,ASW,CE,Federal Contract Tower,8,23,26,4,61,0,0,12,0,12,8,23,38,4,73,0,10,10,83
05/12/2015,LRD,TX,ASW,CE,Federal Contract Tower,23,38,17,14,92,0,0,20,2,22,23,38,37,16,114,80,40,120,234
05/13/2015,LRD,TX,ASW,CE,Federal Contract Tower,15,37,23,1,76,0,0,12,3,15,15,37,35,4,91,0,0,0,91
05/14/2015,LRD,TX,ASW,CE,Federal Contract Tower,26,41,19,9,95,0,0,19,5,24,26,41,38,14,119,0,40,40,159
05/15/2015,LRD,TX,ASW,CE,Federal Contract Tower,8,29,34,0,71,0,0,12,6,18,8,29,46,6,89,0,40,40,129
05/16/2015,LRD,TX,ASW,CE,Federal Contract Tower,4,10,5,0,19,0,1,9,2,12,4,11,14,2,31,0,0,0,31
05/17/2015,LRD,TX,ASW,CE,Federal Contract Tower,6,17,16,0,39,0,0,6,0,6,6,17,22,0,45,0,0,0,45
05/18/2015,LRD,TX,ASW,CE,Federal Contract Tower,9,34,39,14,96,0,0,31,7,38,9,34,70,21,134,40,260,300,434
05/19/2015,LRD,TX,ASW,CE,Federal Contract Tower,18,31,26,2,77,0,0,43,14,57,18,31,69,16,134,40,40,80,214
05/20/2015,LRD,TX,ASW,CE,Federal Contract Tower,21,30,31,10,92,0,0,28,8,36,21,30,59,18,128,120,240,360,488
05/21/2015,LRD,TX,ASW,CE,Federal Contract Tower,16,46,23,18,103,0,0,26,8,34,16,46,49,26,137,40,540,580,717
05/22/2015,LRD,TX,ASW,CE,Federal Contract Tower,17,39,22,0,78,0,0,27,10,37,17,39,49,10,115,80,120,200,315
05/23/2015,LRD,TX,ASW,CE,Federal Contract Tower,5,10,8,0,23,0,0,20,0,20,5,10,28,0,43,40,0,40,83
05/24/2015,LRD,TX,ASW,CE,Federal Contract Tower,6,18,4,0,28,0,0,26,4,30,6,18,30,4,58,80,80,160,218
05/25/2015,LRD,TX,ASW,CE,Federal Contract Tower,12,15,28,2,57,0,0,21,12,33,12,15,49,14,90,80,0,80,170
05/26/2015,LRD,TX,ASW,CE,Federal Contract Tower,10,26,26,2,64,0,0,26,7,33,10,26,52,9,97,82,80,162,259
05/27/2015,LRD,TX,ASW,CE,Federal Contract Tower,16,36,22,8,82,0,1,35,8,44,16,37,57,16,126,23,80,103,229
05/28/2015,LRD,TX,ASW,CE,Federal Contract Tower,12,26,36,16,90,0,0,25,8,33,12,26,61,24,123,40,160,200,323
05/29/2015,LRD,TX,ASW,CE,Federal Contract Tower,12,34,31,8,85,0,0,23,9,32,12,34,54,17,117,120,280,400,517
05/30/2015,LRD,TX,ASW,CE,Federal Contract Tower,1,14,9,0,24,0,0,14,0,14,1,14,23,0,38,20,0,20,58
05/31/2015,LRD,TX,ASW,CE,Federal Contract Tower,6,17,7,2,32,0,0,33,6,39,6,17,40,8,71,80,80,160,231
06/01/2015,LRD,TX,ASW,CE,Federal Contract Tower,5,27,23,10,65,0,0,41,13,54,5,27,64,23,119,20,140,160,279
06/02/2015,LRD,TX,ASW,CE,Federal Contract Tower,12,41,24,11,88,0,0,37,18,55,12,41,61,29,143,40,80,120,263
06/03/2015,LRD,TX,ASW,CE,Federal Contract Tower,11,43,21,14,89,0,0,62,6,68,11,43,83,20,157,80,0,80,237
06/04/2015,LRD,TX,ASW,CE,Federal Contract Tower,13,32,24,5,74,0,1,59,14,74,13,33,83,19,148,160,40,200,348
06/05/2015,LRD,TX,ASW,CE,Federal Contract Tower,13,45,16,3,77,0,1,22,7,30,13,46,38,10,107,40,0,40,147
06/06/2015,LRD,TX,ASW,CE,Federal Contract Tower,1,10,1,0,12,0,0,21,1,22,1,10,22,1,34,0,0,0,34
06/07/2015,LRD,TX,ASW,CE,Federal Contract Tower,2,13,15,0,30,0,0,16,3,19,2,13,31,3,49,0,0,0,49
06/08/2015,LRD,TX,ASW,CE,Federal Contract Tower,14,25,21,15,75,0,1,32,3,36,14,26,53,18,111,120,40,160,271
06/09/2015,LRD,TX,ASW,CE,Federal Contract Tower,17,34,14,8,73,0,0,39,12,51,17,34,53,20,124,124,0,124,248
06/10/2015,LRD,TX,ASW,CE,Federal Contract Tower,11,26,37,13,87,0,2,57,5,64,11,28,94,18,151,294,80,374,525
06/11/2015,LRD,TX,ASW,CE,Federal Contract Tower,18,31,28,6,83,0,0,55,13,68,18,31,83,19,151,200,40,240,391
06/12/2015,LRD,TX,ASW,CE,Federal Contract Tower,12,19,29,6,66,0,1,42,5,48,12,20,71,11,114,361,0,361,475
06/13/2015,LRD,TX,ASW,CE,Federal Contract Tower,3,10,13,18,44,0,0,23,3,26,3,10,36,21,70,0,0,0,70
06/14/2015,LRD,TX,ASW,CE,Federal Contract Tower,2,17,17,3,39,0,0,28,6,34,2,17,45,9,73,80,0,80,153
06/15/2015,LRD,TX,ASW,CE,Federal Contract Tower,11,20,35,22,88,0,0,43,14,57,11,20,78,36,145,180,200,380,525
06/16/2015,LRD,TX,ASW,CE,Federal Contract Tower,19,24,21,10,74,0,0,45,10,55,19,24,66,20,129,240,400,640,769
06/17/2015,LRD,TX,ASW,CE,Federal Contract Tower,15,30,13,4,62,0,0,37,8,45,15,30,50,12,107,280,120,400,507
06/18/2015,LRD,TX,ASW,CE,Federal Contract Tower,20,39,22,9,90,0,0,37,5,42,20,39,59,14,132,205,0,205,337
06/19/2015,LRD,TX,ASW,CE,Federal Contract Tower,18,42,25,3,88,0,0,15,4,19,18,42,40,7,107,0,80,80,187
06/20/2015,LRD,TX,ASW,CE,Federal Contract Tower,7,11,15,5,38,0,0,17,9,26,7,11,32,14,64,240,0,240,304
06/21/2015,LRD,TX,ASW,CE,Federal Contract Tower,5,14,12,0,31,0,0,5,3,8,5,14,17,3,39,0,0,0,39
06/22/2015,LRD,TX,ASW,CE,Federal Contract Tower,11,28,34,0,73,0,0,20,5,25,11,28,54,5,98,40,0,40,138
06/23/2015,LRD,TX,ASW,CE,Federal Contract Tower,27,42,20,10,99,0,1,29,11,41,27,43,49,21,140,160,180,340,480
06/24/2015,LRD,TX,ASW,CE,Federal Contract Tower,21,38,37,9,105,0,0,51,25,76,21,38,88,34,181,100,200,300,481
06/25/2015,LRD,TX,ASW,CE,Federal Contract Tower,25,32,30,13,100,0,0,44,21,65,25,32,74,34,165,40,210,250,415
06/26/2015,LRD,TX,ASW,CE,Federal Contract Tower,23,30,19,14,86,0,1,34,13,48,23,31,53,27,134,50,80,130,264
06/27/2015,LRD,TX,ASW,CE,Federal Contract Tower,10,15,6,4,35,0,0,23,11,34,10,15,29,15,69,120,120,240,309
06/28/2015,LRD,TX,ASW,CE,Federal Contract Tower,7,19,1,24,51,0,1,17,8,26,7,20,18,32,77,40,40,80,157
06/29/2015,LRD,TX,ASW,CE,Federal Contract Tower,12,22,17,5,56,0,0,39,9,48,12,22,56,14,104,120,0,120,224
06/30/2015,LRD,TX,ASW,CE,Federal Contract Tower,18,24,14,7,63,0,0,41,12,53,18,24,55,19,116,240,80,320,436
07/01/2015,LRD,TX,ASW,CE,Federal Contract Tower,11,23,24,12,70,0,0,41,7,48,11,23,65,19,118,120,0,120,238
07/02/2015,LRD,TX,ASW,CE,Federal Contract Tower,17,25,14,11,67,0,0,63,12,75,17,25,77,23,142,160,150,310,452
07/03/2015,LRD,TX,ASW,CE,Federal Contract Tower,5,15,18,0,38,0,0,24,5,29,5,15,42,5,67,40,0,40,107
07/04/2015,LRD,TX,ASW,CE,Federal Contract Tower,0,9,8,0,17,0,0,16,1,17,0,9,24,1,34,0,0,0,34
07/05/2015,LRD,TX,ASW,CE,Federal Contract Tower,4,10,18,0,32,0,0,14,7,21,4,10,32,7,53,160,40,200,253
07/06/2015,LRD,TX,ASW,CE,Federal Contract Tower,7,17,23,2,49,0,0,37,6,43,7,17,60,8,92,200,40,240,332
07/07/2015,LRD,TX,ASW,CE,Federal Contract Tower,10,19,20,9,58,0,0,40,11,51,10,19,60,20,109,170,160,330,439
07/08/2015,LRD,TX,ASW,CE,Federal Contract Tower,11,18,31,11,71,0,0,59,9,68,11,18,90,20,139,40,280,320,459
07/09/2015,LRD,TX,ASW,CE,Federal Contract Tower,13,27,33,13,86,0,0,45,8,53,13,27,78,21,139,320,10,330,469
07/10/2015,LRD,TX,ASW,CE,Federal Contract Tower,9,22,29,13,73,0,2,41,3,46,9,24,70,16,119,80,170,250,369
07/11/2015,LRD,TX,ASW,CE,Federal Contract Tower,2,11,12,0,25,0,0,36,0,36,2,11,48,0,61,80,0,80,141
07/12/2015,LRD,TX,ASW,CE,Federal Contract Tower,8,13,5,2,28,0,0,25,0,25,8,13,30,2,53,0,0,0,53
07/13/2015,LRD,TX,ASW,CE,Federal Contract Tower,21,19,26,6,72,0,0,32,7,39,21,19,58,13,111,40,40,80,191
07/14/2015,LRD,TX,ASW,CE,Federal Contract Tower,19,24,14,20,77,0,0,42,5,47,19,24,56,25,124,120,40,160,284
07/15/2015,LRD,TX,ASW,CE,Federal Contract Tower,17,27,22,2,68,0,0,58,6,64,17,27,80,8,132,80,0,80,212
07/16/2015,LRD,TX,ASW,CE,Federal Contract Tower,18,27,14,8,67,0,1,59,5,65,18,28,73,13,132,120,40,160,292
07/17/2015,LRD,TX,ASW,CE,Federal Contract Tower,8,22,27,2,59,0,1,23,2,26,8,23,50,4,85,0,0,0,85
07/18/2015,LRD,TX,ASW,CE,Federal Contract Tower,3,11,5,4,23,0,1,26,0,27,3,12,31,4,50,40,0,40,90
07/19/2015,LRD,TX,ASW,CE,Federal Contract Tower,6,13,12,0,31,0,0,17,0,17,6,13,29,0,48,0,0,0,48
07/20/2015,LRD,TX,ASW,CE,Federal Contract Tower,12,18,24,4,58,0,0,38,5,43,12,18,62,9,101,130,0,130,231
07/21/2015,LRD,TX,ASW,CE,Federal Contract Tower,17,21,16,2,56,0,0,34,6,40,17,21,50,8,96,40,0,40,136
07/22/2015,LRD,TX,ASW,CE,Federal Contract Tower,8,18,22,11,59,0,0,17,6,23,8,18,39,17,82,10,120,130,212
07/23/2015,LRD,TX,ASW,CE,Federal Contract Tower,13,29,22,13,77,0,0,37,8,45,13,29,59,21,122,40,120,160,282
07/24/2015,LRD,TX,ASW,CE,Federal Contract Tower,11,31,27,3,72,0,2,29,3,34,11,33,56,6,106,0,0,0,106
07/25/2015,LRD,TX,ASW,CE,Federal Contract Tower,1,9,2,15,27,0,0,27,0,27,1,9,29,15,54,50,0,50,104
07/27/2015,LRD,TX,ASW,CE,Federal Contract Tower,7,22,22,6,57,0,2,32,5,39,7,24,54,11,96,160,0,160,256
07/28/2015,LRD,TX,ASW,CE,Federal Contract Tower,14,26,23,0,63,0,0,51,4,55,14,26,74,4,118,240,0,240,358
07/29/2015,LRD,TX,ASW,CE,Federal Contract Tower,12,27,23,13,75,0,0,37,6,43,12,27,60,19,118,250,50,300,418
07/30/2015,LRD,TX,ASW,CE,Federal Contract Tower,17,28,28,7,80,0,0,54,7,61,17,28,82,14,141,80,200,280,421
07/31/2015,LRD,TX,ASW,CE,Federal Contract Tower,8,26,26,8,68,0,0,41,2,43,8,26,67,10,111,0,200,200,311
08/01/2015,LRD,TX,ASW,CE,Federal Contract Tower,3,13,6,0,22,0,0,26,0,26,3,13,32,0,48,0,0,0,48
08/02/2015,LRD,TX,ASW,CE,Federal Contract Tower,3,12,12,8,35,0,0,17,0,17,3,12,29,8,52,40,80,120,172
08/03/2015,LRD,TX,ASW,CE,Federal Contract Tower,5,22,19,18,64,0,0,37,8,45,5,22,56,26,109,0,120,120,229
08/04/2015,LRD,TX,ASW,CE,Federal Contract Tower,12,44,29,8,93,0,1,32,5,38,12,45,61,13,131,40,80,120,251
08/05/2015,LRD,TX,ASW,CE,Federal Contract Tower,13,24,32,8,77,0,0,49,4,53,13,24,81,12,130,200,120,320,450
08/06/2015,LRD,TX,ASW,CE,Federal Contract Tower,15,29,25,15,84,0,0,34,8,42,15,29,59,23,126,160,120,280,406
08/07/2015,LRD,TX,ASW,CE,Federal Contract Tower,18,24,21,2,65,0,0,22,3,25,18,24,43,5,90,10,0,10,100
08/08/2015,LRD,TX,ASW,CE,Federal Contract Tower,4,14,5,4,27,0,0,23,0,23,4,14,28,4,50,80,0,80,130
08/09/2015,LRD,TX,ASW,CE,Federal Contract Tower,6,12,15,0,33,0,0,19,0,19,6,12,34,0,52,40,0,40,92
08/10/2015,LRD,TX,ASW,CE,Federal Contract Tower,10,24,23,9,66,0,8,45,3,56,10,32,68,12,122,160,0,160,282
08/11/2015,LRD,TX,ASW,CE,Federal Contract Tower,12,25,15,14,66,0,0,54,4,58,12,25,69,18,124,180,280,460,584
08/12/2015,LRD,TX,ASW,CE,Federal Contract Tower,13,26,24,21,84,0,0,53,4,57,13,26,77,25,141,80,400,480,621
08/13/2015,LRD,TX,ASW,CE,Federal Contract Tower,18,23,28,32,101,0,0,48,5,53,18,23,76,37,154,160,600,760,914
08/14/2015,LRD,TX,ASW,CE,Federal Contract Tower,11,23,26,6,66,0,0,46,3,49,11,23,72,9,115,120,40,160,275
08/15/2015,LRD,TX,ASW,CE,Federal Contract Tower,3,16,12,2,33,0,0,29,0,29,3,16,41,2,62,0,0,0,62
08/16/2015,LRD,TX,ASW,CE,Federal Contract Tower,6,12,14,0,32,0,0,21,0,21,6,12,35,0,53,40,0,40,93
08/17/2015,LRD,TX,ASW,CE,Federal Contract Tower,10,28,23,11,72,0,0,17,5,22,10,28,40,16,94,30,120,150,244
08/18/2015,LRD,TX,ASW,CE,Federal Contract Tower,17,27,30,25,99,0,0,38,4,42,17,27,68,29,141,20,360,380,521
08/19/2015,LRD,TX,ASW,CE,Federal Contract Tower,19,31,27,16,93,0,0,29,9,38,19,31,56,25,131,0,340,340,471
08/20/2015,LRD,TX,ASW,CE,Federal Contract Tower,22,40,35,0,97,0,0,27,2,29,22,40,62,2,126,120,0,120,246
08/21/2015,LRD,TX,ASW,CE,Federal Contract Tower,12,25,14,13,64,0,0,15,5,20,12,25,29,18,84,90,140,230,314
08/22/2015,LRD,TX,ASW,CE,Federal Contract Tower,4,8,6,0,18,0,0,23,0,23,4,8,29,0,41,10,0,10,51
08/23/2015,LRD,TX,ASW,CE,Federal Contract Tower,6,17,15,0,38,0,0,28,0,28,6,17,43,0,66,80,0,80,146
08/24/2015,LRD,TX,ASW,CE,Federal Contract Tower,11,20,20,19,70,0,0,30,5,35,11,20,50,24,105,40,40,80,185
08/25/2015,LRD,TX,ASW,CE,Federal Contract Tower,21,22,38,10,91,0,0,51,2,53,21,22,89,12,144,80,80,160,304
08/26/2015,LRD,TX,ASW,CE,Federal Contract Tower,14,32,21,41,108,0,1,36,3,40,14,33,57,44,148,80,280,360,508
08/27/2015,LRD,TX,ASW,CE,Federal Contract Tower,13,29,22,2,66,0,0,29,6,35,13,29,51,8,101,120,0,120,221
08/28/2015,LRD,TX,ASW,CE,Federal Contract Tower,13,20,25,4,62,0,0,24,3,27,13,20,49,7,89,80,80,160,249
08/29/2015,LRD,TX,ASW,CE,Federal Contract Tower,3,10,7,0,20,0,0,23,0,23,3,10,30,0,43,40,0,40,83
08/30/2015,LRD,TX,ASW,CE,Federal Contract Tower,2,13,9,4,28,0,0,15,0,15,2,13,24,4,43,50,0,50,93
08/31/2015,LRD,TX,ASW,CE,Federal Contract Tower,10,27,11,8,56,0,0,27,3,30,10,27,38,11,86,0,40,40,126
09/01/2015,LRD,TX,ASW,CE,Federal Contract Tower,16,35,10,15,76,0,1,30,3,34,16,36,40,18,110,120,80,200,310
09/02/2015,LRD,TX,ASW,CE,Federal Contract Tower,18,31,30,3,82,0,2,44,3,49,18,33,74,6,131,0,40,40,171
09/03/2015,LRD,TX,ASW,CE,Federal Contract Tower,16,41,25,6,88,0,0,36,9,45,16,41,61,15,133,60,0,60,193
09/04/2015,LRD,TX,ASW,CE,Federal Contract Tower,13,32,20,5,70,0,0,28,3,31,13,32,48,8,101,160,0,160,261
09/05/2015,LRD,TX,ASW,CE,Federal Contract Tower,7,13,3,0,23,0,1,25,0,26,7,14,28,0,49,0,0,0,49
09/06/2015,LRD,TX,ASW,CE,Federal Contract Tower,4,11,4,0,19,0,0,18,0,18,4,11,22,0,37,0,0,0,37
09/07/2015,LRD,TX,ASW,CE,Federal Contract Tower,3,24,13,0,40,0,0,21,3,24,3,24,34,3,64,0,0,0,64
09/08/2015,LRD,TX,ASW,CE,Federal Contract Tower,9,28,20,7,64,0,1,26,7,34,9,29,46,14,98,60,120,180,278
09/09/2015,LRD,TX,ASW,CE,Federal Contract Tower,23,34,21,17,95,0,0,49,10,59,23,34,70,27,154,160,280,440,594
09/10/2015,LRD,TX,ASW,CE,Federal Contract Tower,14,23,22,2,61,0,0,23,4,27,14,23,45,6,88,50,0,50,138
09/11/2015,LRD,TX,ASW,CE,Federal Contract Tower,13,26,21,7,67,0,0,24,0,24,13,26,45,7,91,0,0,0,91
09/12/2015,LRD,TX,ASW,CE,Federal Contract Tower,2,9,9,0,20,0,0,15,0,15,2,9,24,0,35,10,0,10,45
09/13/2015,LRD,TX,ASW,CE,Federal Contract Tower,2,12,10,0,24,0,0,35,3,38,2,12,45,3,62,0,0,0,62
09/14/2015,LRD,TX,ASW,CE,Federal Contract Tower,4,20,22,13,59,0,0,22,5,27,4,20,44,18,86,50,0,50,136
09/15/2015,LRD,TX,ASW,CE,Federal Contract Tower,12,27,39,11,89,0,0,26,5,31,12,27,65,16,120,50,0,50,170
09/16/2015,LRD,TX,ASW,CE,Federal Contract Tower,12,24,21,7,64,0,2,27,2,31,12,26,48,9,95,0,0,0,95
09/17/2015,LRD,TX,ASW,CE,Federal Contract Tower,12,35,23,22,92,0,0,10,5,15,12,35,33,27,107,0,0,0,107
09/18/2015,LRD,TX,ASW,CE,Federal Contract Tower,8,51,23,8,90,0,0,17,1,18,8,51,40,9,108,20,80,100,208
09/19/2015,LRD,TX,ASW,CE,Federal Contract Tower,3,8,4,4,19,0,0,20,0,20,3,8,24,4,39,40,0,40,79
09/20/2015,LRD,TX,ASW,CE,Federal Contract Tower,4,11,13,4,32,0,0,22,0,22,4,11,35,4,54,60,0,60,114
09/21/2015,LRD,TX,ASW,CE,Federal Contract Tower,11,25,17,6,59,0,0,27,2,29,11,25,44,8,88,40,80,120,208
09/22/2015,LRD,TX,ASW,CE,Federal Contract Tower,18,30,27,9,84,0,0,54,8,62,18,30,81,17,146,50,160,210,356
09/23/2015,LRD,TX,ASW,CE,Federal Contract Tower,12,33,37,20,102,0,1,41,4,46,12,34,78,24,148,50,240,290,438
09/24/2015,LRD,TX,ASW,CE,Federal Contract Tower,15,38,25,11,89,0,0,37,12,49,15,38,62,23,138,20,80,100,238
09/25/2015,LRD,TX,ASW,CE,Federal Contract Tower,10,27,24,16,77,0,0,21,1,22,10,27,45,17,99,0,200,200,299
09/26/2015,LRD,TX,ASW,CE,Federal Contract Tower,4,20,4,4,32,0,0,18,1,19,4,20,22,5,51,0,0,0,51
09/27/2015,LRD,TX,ASW,CE,Federal Contract Tower,2,9,17,2,30,0,0,23,2,25,2,9,40,4,55,80,20,100,155
09/28/2015,LRD,TX,ASW,CE,Federal Contract Tower,8,27,26,26,87,0,1,14,7,22,8,28,40,33,109,40,120,160,269
09/29/2015,LRD,TX,ASW,CE,Federal Contract Tower,15,23,17,32,87,0,0,47,15,62,15,23,64,47,149,50,520,570,719
09/30/2015,LRD,TX,ASW,CE,Federal Contract Tower,9,36,26,10,81,0,0,43,6,49,9,36,69,16,130,200,180,380,510
10/01/2015,LRD,TX,ASW,CE,Federal Contract Tower,22,49,26,18,115,0,0,55,0,55,22,49,81,18,170,130,160,290,460
10/02/2015,LRD,TX,ASW,CE,Federal Contract Tower,13,21,29,8,71,0,0,35,3,38,13,21,64,11,109,0,120,120,229
10/03/2015,LRD,TX,ASW,CE,Federal Contract Tower,3,14,7,4,28,0,0,21,1,22,3,14,28,5,50,20,0,20,70
10/04/2015,LRD,TX,ASW,CE,Federal Contract Tower,4,12,9,6,31,0,0,19,2,21,4,12,28,8,52,40,0,40,92
10/05/2015,LRD,TX,ASW,CE,Federal Contract Tower,5,22,17,12,56,0,0,32,8,40,5,22,49,20,96,20,80,100,196
10/06/2015,LRD,TX,ASW,CE,Federal Contract Tower,13,34,23,8,78,0,1,39,4,44,13,35,62,12,122,190,40,230,352
10/07/2015,LRD,TX,ASW,CE,Federal Contract Tower,17,34,17,29,97,0,0,25,5,30,17,34,42,34,127,20,240,260,387
10/08/2015,LRD,TX,ASW,CE,Federal Contract Tower,13,39,25,9,86,0,0,19,8,27,13,39,44,17,113,120,40,160,273
10/09/2015,LRD,TX,ASW,CE,Federal Contract Tower,11,30,20,0,61,0,0,10,3,13,11,30,30,3,74,60,0,60,134
10/10/2015,LRD,TX,ASW,CE,Federal Contract Tower,5,9,18,0,32,0,0,15,0,15,5,9,33,0,47,40,0,40,87
10/11/2015,LRD,TX,ASW,CE,Federal Contract Tower,0,15,20,4,39,0,0,17,0,17,0,15,37,4,56,90,0,90,146
10/12/2015,LRD,TX,ASW,CE,Federal Contract Tower,10,27,18,0,55,0,0,21,4,25,10,27,39,4,80,0,0,0,80
10/13/2015,LRD,TX,ASW,CE,Federal Contract Tower,11,34,40,22,107,0,0,50,7,57,11,34,90,29,164,140,80,220,384
10/14/2015,LRD,TX,ASW,CE,Federal Contract Tower,11,26,29,19,85,0,0,32,6,38,11,26,61,25,123,20,120,140,263
10/15/2015,LRD,TX,ASW,CE,Federal Contract Tower,13,30,29,29,101,0,2,29,8,39,13,32,58,37,140,40,80,120,260
10/16/2015,LRD,TX,ASW,CE,Federal Contract Tower,7,27,20,8,62,0,0,30,6,36,7,27,50,14,98,40,0,40,138
10/17/2015,LRD,TX,ASW,CE,Federal Contract Tower,2,8,11,0,21,0,0,16,0,16,2,8,27,0,37,0,0,0,37
10/18/2015,LRD,TX,ASW,CE,Federal Contract Tower,0,12,25,0,37,0,0,22,0,22,0,12,47,0,59,40,0,40,99
10/19/2015,LRD,TX,ASW,CE,Federal Contract Tower,3,25,33,10,71,0,2,21,3,26,3,27,54,13,97,40,80,120,217
10/20/2015,LRD,TX,ASW,CE,Federal Contract Tower,11,22,30,2,65,0,0,49,3,52,11,22,79,5,117,180,80,260,377
10/21/2015,LRD,TX,ASW,CE,Federal Contract Tower,15,33,33,22,103,0,0,20,3,23,15,33,53,25,126,80,0,80,206
10/22/2015,LRD,TX,ASW,CE,Federal Contract Tower,15,33,25,6,79,0,0,19,3,22,15,33,44,9,101,40,40,80,181
10/23/2015,LRD,TX,ASW,CE,Federal Contract Tower,14,18,18,4,54,0,0,21,2,23,14,18,39,6,77,100,0,100,177
10/24/2015,LRD,TX,ASW,CE,Federal Contract Tower,2,12,6,0,20,0,0,2,0,2,2,12,8,0,22,0,0,0,22
10/25/2015,LRD,TX,ASW,CE,Federal Contract Tower,0,21,16,0,37,0,0,22,1,23,0,21,38,1,60,40,0,40,100
10/26/2015,LRD,TX,ASW,CE,Federal Contract Tower,5,29,17,14,65,0,0,31,5,36,5,29,48,19,101,40,180,220,321
10/27/2015,LRD,TX,ASW,CE,Federal Contract Tower,13,31,30,23,97,0,0,41,7,48,13,31,71,30,145,120,240,360,505
10/28/2015,LRD,TX,ASW,CE,Federal Contract Tower,16,32,23,12,83,0,0,16,6,22,16,32,39,18,105,0,120,120,225
10/29/2015,LRD,TX,ASW,CE,Federal Contract Tower,18,44,40,14,116,0,0,22,6,28,18,44,62,20,144,40,0,40,184
10/30/2015,LRD,TX,ASW,CE,Federal Contract Tower,21,25,17,4,67,0,0,10,3,13,21,25,27,7,80,0,0,0,80
10/31/2015,LRD,TX,ASW,CE,Federal Contract Tower,5,15,10,4,34,0,0,13,1,14,5,15,23,5,48,40,0,40,88
11/01/2015,LRD,TX,ASW,CE,Federal Contract Tower,4,14,13,6,37,0,0,21,0,21,4,14,34,6,58,40,0,40,98
11/02/2015,LRD,TX,ASW,CE,Federal Contract Tower,18,25,29,24,96,0,0,33,3,36,18,25,62,27,132,20,320,340,472
11/03/2015,LRD,TX,ASW,CE,Federal Contract Tower,32,59,31,21,143,0,0,27,5,32,32,59,58,26,175,90,240,330,505
11/04/2015,LRD,TX,ASW,CE,Federal Contract Tower,26,66,26,11,129,0,2,22,6,30,26,68,48,17,159,40,0,40,199
11/05/2015,LRD,TX,ASW,CE,Federal Contract Tower,22,65,31,24,142,0,0,24,16,40,22,65,55,40,182,10,80,90,272
11/06/2015,LRD,TX,ASW,CE,Federal Contract Tower,28,51,29,6,114,0,0,17,2,19,28,51,46,8,133,60,0,60,193
11/07/2015,LRD,TX,ASW,CE,Federal Contract Tower,14,23,8,0,45,0,0,4,0,4,14,23,12,0,49,0,0,0,49
11/08/2015,LRD,TX,ASW,CE,Federal Contract Tower,7,28,8,0,43,0,0,20,0,20,7,28,28,0,63,0,0,0,63
11/09/2015,LRD,TX,ASW,CE,Federal Contract Tower,13,40,28,7,88,0,0,41,3,44,13,40,69,10,132,40,60,100,232
11/10/2015,LRD,TX,ASW,CE,Federal Contract Tower,22,46,26,4,98,0,0,47,4,51,22,46,73,8,149,210,80,290,439
11/11/2015,LRD,TX,ASW,CE,Federal Contract Tower,21,44,24,0,89,0,0,35,5,40,21,44,59,5,129,20,0,20,149
11/12/2015,LRD,TX,ASW,CE,Federal Contract Tower,25,42,31,20,118,0,1,41,5,47,25,43,72,25,165,100,100,200,365
11/13/2015,LRD,TX,ASW,CE,Federal Contract Tower,20,46,28,8,102,0,0,41,5,46,20,46,69,13,148,40,240,280,428
11/14/2015,LRD,TX,ASW,CE,Federal Contract Tower,14,15,15,7,51,0,0,19,1,20,14,15,34,8,71,70,0,70,141
11/15/2015,LRD,TX,ASW,CE,Federal Contract Tower,9,18,20,8,55,0,0,13,2,15,9,18,33,10,70,20,0,20,90
11/16/2015,LRD,TX,ASW,CE,Federal Contract Tower,16,29,15,45,105,0,0,3,4,7,16,29,18,49,112,40,170,210,322
11/17/2015,LRD,TX,ASW,CE,Federal Contract Tower,24,38,28,26,116,0,1,48,5,54,24,39,76,31,170,90,560,650,820
11/18/2015,LRD,TX,ASW,CE,Federal Contract Tower,18,34,41,12,105,0,0,38,8,46,18,34,79,20,151,70,80,150,301
11/19/2015,LRD,TX,ASW,CE,Federal Contract Tower,23,43,34,15,115,0,1,36,11,48,23,44,70,26,163,20,60,80,243
11/20/2015,LRD,TX,ASW,CE,Federal Contract Tower,18,28,27,2,75,0,0,28,3,31,18,28,55,5,106,40,0,40,146
11/21/2015,LRD,TX,ASW,CE,Federal Contract Tower,7,19,14,0,40,0,0,9,1,10,7,19,23,1,50,40,0,40,90
11/22/2015,LRD,TX,ASW,CE,Federal Contract Tower,8,19,13,4,44,0,0,20,3,23,8,19,33,7,67,0,0,0,67
11/23/2015,LRD,TX,ASW,CE,Federal Contract Tower,13,13,34,13,73,0,0,31,4,35,13,13,65,17,108,0,280,280,388
11/24/2015,LRD,TX,ASW,CE,Federal Contract Tower,23,29,34,4,90,0,0,34,3,37,23,29,68,7,127,0,40,40,167
11/25/2015,LRD,TX,ASW,CE,Federal Contract Tower,13,23,37,12,85,0,0,23,2,25,13,23,60,14,110,40,240,280,390
11/26/2015,LRD,TX,ASW,CE,Federal Contract Tower,1,13,5,0,19,0,0,11,6,17,1,13,16,6,36,40,40,80,116
11/27/2015,LRD,TX,ASW,CE,Federal Contract Tower,12,14,17,4,47,0,0,6,3,9,12,14,23,7,56,30,0,30,86
11/28/2015,LRD,TX,ASW,CE,Federal Contract Tower,7,12,3,0,22,0,0,2,0,2,7,12,5,0,24,0,0,0,24
11/29/2015,LRD,TX,ASW,CE,Federal Contract Tower,3,12,22,2,39,0,0,1,0,1,3,12,23,2,40,0,0,0,40
11/30/2015,LRD,TX,ASW,CE,Federal Contract Tower,19,23,28,20,90,0,0,11,2,13,19,23,39,22,103,0,120,120,223
12/01/2015,LRD,TX,ASW,CE,Federal Contract Tower,22,28,25,5,80,0,0,26,2,28,22,28,51,7,108,120,55,175,283
12/02/2015,LRD,TX,ASW,CE,Federal Contract Tower,9,34,25,9,77,0,1,54,14,69,9,35,79,23,146,100,40,140,286
12/03/2015,LRD,TX,ASW,CE,Federal Contract Tower,13,32,34,6,85,0,0,76,16,92,13,32,110,22,177,20,280,300,477
12/04/2015,LRD,TX,ASW,CE,Federal Contract Tower,14,29,15,3,61,0,0,42,4,46,14,29,57,7,107,80,120,200,307
12/05/2015,LRD,TX,ASW,CE,Federal Contract Tower,1,15,13,0,29,0,0,42,1,43,1,15,55,1,72,40,0,40,112
12/06/2015,LRD,TX,ASW,CE,Federal Contract Tower,5,16,16,6,43,0,0,13,3,16,5,16,29,9,59,0,0,0,59
12/07/2015,LRD,TX,ASW,CE,Federal Contract Tower,11,27,35,13,86,0,0,38,14,52,11,27,73,27,138,50,160,210,348
12/08/2015,LRD,TX,ASW,CE,Federal Contract Tower,29,32,26,14,101,0,0,57,17,74,29,32,83,31,175,50,200,250,425
12/09/2015,LRD,TX,ASW,CE,Federal Contract Tower,18,34,29,12,93,0,0,52,5,57,18,34,81,17,150,20,160,180,330
12/10/2015,LRD,TX,ASW,CE,Federal Contract Tower,20,33,34,12,99,0,0,47,14,61,20,33,81,26,160,80,120,200,360
12/11/2015,LRD,TX,ASW,CE,Federal Contract Tower,12,37,21,21,91,0,0,37,5,42,12,37,58,26,133,20,240,260,393
12/12/2015,LRD,TX,ASW,CE,Federal Contract Tower,4,16,27,0,47,0,0,8,1,9,4,16,35,1,56,40,0,40,96
12/13/2015,LRD,TX,ASW,CE,Federal Contract Tower,4,12,15,0,31,0,0,23,2,25,4,12,38,2,56,0,0,0,56
12/14/2015,LRD,TX,ASW,CE,Federal Contract Tower,8,29,21,18,76,0,0,24,8,32,8,29,45,26,108,0,360,360,468
12/15/2015,LRD,TX,ASW,CE,Federal Contract Tower,15,36,28,8,87,0,0,48,9,57,15,36,76,17,144,60,0,60,204
12/16/2015,LRD,TX,ASW,CE,Federal Contract Tower,14,40,28,16,98,0,0,40,5,45,14,40,68,21,143,20,200,220,363
12/17/2015,LRD,TX,ASW,CE,Federal Contract Tower,23,44,31,20,118,0,0,45,0,45,23,44,76,20,163,0,160,160,323
12/18/2015,LRD,TX,ASW,CE,Federal Contract Tower,14,30,30,6,80,0,0,38,8,46,14,30,68,14,126,20,160,180,306
12/19/2015,LRD,TX,ASW,CE,Federal Contract Tower,3,22,15,0,40,0,0,26,2,28,3,22,41,2,68,70,0,70,138
12/20/2015,LRD,TX,ASW,CE,Federal Contract Tower,5,15,4,4,28,0,0,23,0,23,5,15,27,4,51,40,0,40,91
12/21/2015,LRD,TX,ASW,CE,Federal Contract Tower,13,37,25,17,92,0,2,32,13,47,13,39,57,30,139,80,80,160,299
12/22/2015,LRD,TX,ASW,CE,Federal Contract Tower,20,37,18,10,85,0,0,30,0,30,20,37,48,10,115,0,70,70,185
12/23/2015,LRD,TX,ASW,CE,Federal Contract Tower,18,19,31,0,68,0,0,38,10,48,18,19,69,10,116,40,0,40,156
12/24/2015,LRD,TX,ASW,CE,Federal Contract Tower,12,13,14,0,39,0,0,13,0,13,12,13,27,0,52,40,0,40,92
12/25/2015,LRD,TX,ASW,CE,Federal Contract Tower,0,11,15,0,26,0,0,8,0,8,0,11,23,0,34,0,0,0,34
12/26/2015,LRD,TX,ASW,CE,Federal Contract Tower,1,10,50,0,61,0,0,12,0,12,1,10,62,0,73,10,0,10,83
12/27/2015,LRD,TX,ASW,CE,Federal Contract Tower,2,9,24,0,35,0,0,3,0,3,2,9,27,0,38,0,0,0,38
12/28/2015,LRD,TX,ASW,CE,Federal Contract Tower,10,20,28,2,60,0,0,27,2,29,10,20,55,4,89,20,0,20,109
12/29/2015,LRD,TX,ASW,CE,Federal Contract Tower,12,15,31,0,58,0,0,16,0,16,12,15,47,0,74,10,0,10,84
12/30/2015,LRD,TX,ASW,CE,Federal Contract Tower,12,23,30,6,71,0,2,13,0,15,12,25,43,6,86,90,0,90,176
12/31/2015,LRD,TX,ASW,CE,Federal Contract Tower,8,12,13,0,33,0,0,14,0,14,8,12,27,0,47,100,0,100,147
01/01/2016,LRD,TX,ASW,CE,Federal Contract Tower,0,16,10,0,26,0,0,2,0,2,0,16,12,0,28,0,0,0,28
01/02/2016,LRD,TX,ASW,CE,Federal Contract Tower,1,8,23,0,32,0,0,1,0,1,1,8,24,0,33,0,0,0,33
01/03/2016,LRD,TX,ASW,CE,Federal Contract Tower,0,14,23,0,37,0,0,15,0,15,0,14,38,0,52,0,0,0,52
01/04/2016,LRD,TX,ASW,CE,Federal Contract Tower,2,16,35,10,63,0,0,25,2,27,2,16,60,12,90,0,80,80,170
01/05/2016,LRD,TX,ASW,CE,Federal Contract Tower,9,20,19,12,60,0,0,40,0,40,9,20,59,12,100,40,130,170,270
01/06/2016,LRD,TX,ASW,CE,Federal Contract Tower,8,24,31,2,65,0,0,1,0,1,8,24,32,2,66,0,0,0,66
01/07/2016,LRD,TX,ASW,CE,Federal Contract Tower,18,32,32,10,92,0,0,41,0,41,18,32,73,10,133,100,80,180,313
01/08/2016,LRD,TX,ASW,CE,Federal Contract Tower,9,31,37,5,82,0,2,39,0,41,9,33,76,5,123,0,0,0,123
01/09/2016,LRD,TX,ASW,CE,Federal Contract Tower,2,12,11,0,25,0,0,20,2,22,2,12,31,2,47,20,0,20,67
01/10/2016,LRD,TX,ASW,CE,Federal Contract Tower,2,18,14,0,34,0,1,33,0,34,2,19,47,0,68,0,0,0,68
01/11/2016,LRD,TX,ASW,CE,Federal Contract Tower,3,37,26,6,72,0,0,13,0,13,3,37,39,6,85,0,200,200,285
01/12/2016,LRD,TX,ASW,CE,Federal Contract Tower,11,32,26,12,81,0,0,30,0,30,11,32,56,12,111,70,200,270,381
01/13/2016,LRD,TX,ASW,CE,Federal Contract Tower,11,28,15,6,60,0,0,20,10,30,11,28,35,16,90,160,80,240,330
01/14/2016,LRD,TX,ASW,CE,Federal Contract Tower,10,20,26,26,82,0,0,19,16,35,10,20,45,42,117,80,200,280,397
01/15/2016,LRD,TX,ASW,CE,Federal Contract Tower,15,21,26,9,71,0,0,46,1,47,15,21,72,10,118,82,160,242,360
01/16/2016,LRD,TX,ASW,CE,Federal Contract Tower,6,11,18,0,35,0,1,20,0,21,6,12,38,0,56,0,0,0,56
01/17/2016,LRD,TX,ASW,CE,Federal Contract Tower,2,7,17,0,26,0,0,22,0,22,2,7,39,0,48,70,0,70,118
01/18/2016,LRD,TX,ASW,CE,Federal Contract Tower,4,19,33,0,56,0,0,31,0,31,4,19,64,0,87,40,0,40,127
01/19/2016,LRD,TX,ASW,CE,Federal Contract Tower,10,25,38,7,80,0,0,32,3,35,10,25,70,10,115,64,80,144,259
01/20/2016,LRD,TX,ASW,CE,Federal Contract Tower,14,20,31,5,70,0,0,18,3,21,14,20,49,8,91,28,0,28,119
01/21/2016,LRD,TX,ASW,CE,Federal Contract Tower,17,21,25,4,67,0,0,18,9,27,17,21,43,13,94,20,0,20,114
01/22/2016,LRD,TX,ASW,CE,Federal Contract Tower,13,23,26,14,76,0,0,44,7,51,13,23,70,21,127,0,212,212,339
01/23/2016,LRD,TX,ASW,CE,Federal Contract Tower,5,8,5,4,22,0,0,38,1,39,5,8,43,5,61,10,0,10,71
01/24/2016,LRD,TX,ASW,CE,Federal Contract Tower,3,7,17,0,27,0,0,49,0,49,3,7,66,0,76,0,0,0,76
01/25/2016,LRD,TX,ASW,CE,Federal Contract Tower,11,22,23,2,58,0,0,28,3,31,11,22,51,5,89,0,0,0,89
01/26/2016,LRD,TX,ASW,CE,Federal Contract Tower,18,29,26,10,83,0,0,32,2,34,18,29,58,12,117,130,60,190,307
01/27/2016,LRD,TX,ASW,CE,Federal Contract Tower,10,21,21,0,52,0,0,56,17,73,10,21,77,17,125,110,60,170,295
01/28/2016,LRD,TX,ASW,CE,Federal Contract Tower,17,25,43,10,95,0,0,33,8,41,17,25,76,18,136,0,160,160,296
01/29/2016,LRD,TX,ASW,CE,Federal Contract Tower,10,16,24,35,85,0,0,33,1,34,10,16,57,36,119,40,420,460,579
01/30/2016,LRD,TX,ASW,CE,Federal Contract Tower,2,11,12,0,25,0,0,30,0,30,2,11,42,0,55,10,0,10,65
01/31/2016,LRD,TX,ASW,CE,Federal Contract Tower,3,8,17,0,28,0,0,20,0,20,3,8,37,0,48,0,0,0,48
02/01/2016,LRD,TX,ASW,CE,Federal Contract Tower,5,18,42,10,75,0,0,22,4,26,5,18,64,14,101,60,400,460,561
02/02/2016,LRD,TX,ASW,CE,Federal Contract Tower,10,28,27,30,95,0,0,42,5,47,10,28,69,35,142,120,280,400,542
02/03/2016,LRD,TX,ASW,CE,Federal Contract Tower,12,21,36,4,73,0,0,27,4,31,12,21,63,8,104,50,200,250,354
02/04/2016,LRD,TX,ASW,CE,Federal Contract Tower,10,21,33,12,76,0,0,42,8,50,10,21,75,20,126,80,170,250,376
02/05/2016,LRD,TX,ASW,CE,Federal Contract Tower,8,25,20,21,74,0,0,33,6,39,8,25,53,27,113,0,200,200,313
02/06/2016,LRD,TX,ASW,CE,Federal Contract Tower,2,9,15,0,26,0,0,20,0,20,2,9,35,0,46,0,0,0,46
02/07/2016,LRD,TX,ASW,CE,Federal Contract Tower,2,11,17,0,30,0,0,12,7,19,2,11,29,7,49,0,0,0,49
02/08/2016,LRD,TX,ASW,CE,Federal Contract Tower,6,21,19,12,58,0,1,11,6,18,6,22,30,18,76,0,240,240,316
02/09/2016,LRD,TX,ASW,CE,Federal Contract Tower,10,20,17,27,74,0,0,23,12,35,10,20,40,39,109,20,380,400,509
02/10/2016,LRD,TX,ASW,CE,Federal Contract Tower,12,25,19,15,71,0,0,29,18,47,12,25,48,33,118,60,370,430,548
02/11/2016,LRD,TX,ASW,CE,Federal Contract Tower,12,26,27,24,89,0,43,19,0,62,12,69,46,24,151,45,210,255,406
02/12/2016,LRD,TX,ASW,CE,Federal Contract Tower,9,21,24,7,61,0,0,42,7,49,9,21,66,14,110,10,80,90,200
02/13/2016,LRD,TX,ASW,CE,Federal Contract Tower,1,19,16,3,39,0,0,13,1,14,1,19,29,4,53,0,0,0,53
02/14/2016,LRD,TX,ASW,CE,Federal Contract Tower,3,12,10,2,27,0,0,45,3,48,3,12,55,5,75,30,0,30,105
02/15/2016,LRD,TX,ASW,CE,Federal Contract Tower,4,19,26,0,49,0,0,20,3,23,4,19,46,3,72,20,0,20,92
02/16/2016,LRD,TX,ASW,CE,Federal Contract Tower,11,25,21,4,61,0,0,32,2,34,11,25,53,6,95,100,0,100,195
02/17/2016,LRD,TX,ASW,CE,Federal Contract Tower,12,32,21,7,72,0,0,28,5,33,12,32,49,12,105,60,80,140,245
02/18/2016,LRD,TX,ASW,CE,Federal Contract Tower,15,26,25,10,76,0,0,35,7,42,15,26,60,17,118,10,0,10,128
02/19/2016,LRD,TX,ASW,CE,Federal Contract Tower,11,27,26,8,72,0,0,30,4,34,11,27,56,12,106,10,50,60,166
02/20/2016,LRD,TX,ASW,CE,Federal Contract Tower,2,15,18,3,38,0,0,19,1,20,2,15,37,4,58,0,0,0,58
02/21/2016,LRD,TX,ASW,CE,Federal Contract Tower,0,14,20,8,42,0,0,22,0,22,0,14,42,8,64,0,0,0,64
02/22/2016,LRD,TX,ASW,CE,Federal Contract Tower,4,25,30,6,65,0,0,10,8,18,4,25,40,14,83,0,120,120,203
02/23/2016,LRD,TX,ASW,CE,Federal Contract Tower,14,24,14,9,61,0,0,36,16,52,14,24,50,25,113,218,80,298,411
02/24/2016,LRD,TX,ASW,CE,Federal Contract Tower,8,29,29,0,66,0,0,39,5,44,8,29,68,5,110,80,20,100,210
02/25/2016,LRD,TX,ASW,CE,Federal Contract Tower,9,28,33,12,82,0,0,60,6,66,9,28,93,18,148,50,0,50,198
02/26/2016,LRD,TX,ASW,CE,Federal Contract Tower,10,34,19,6,69,0,1,43,3,47,10,35,62,9,116,0,0,0,116
02/27/2016,LRD,TX,ASW,CE,Federal Contract Tower,2,10,9,0,21,0,0,12,2,14,2,10,21,2,35,20,0,20,55
02/28/2016,LRD,TX,ASW,CE,Federal Contract Tower,0,10,6,4,20,0,0,23,4,27,0,10,29,8,47,0,0,0,47
02/29/2016,LRD,TX,ASW,CE,Federal Contract Tower,11,24,21,0,56,0,0,16,9,25,11,24,37,9,81,20,0,20,101
03/01/2016,LRD,TX,ASW,CE,Federal Contract Tower,10,25,15,6,56,0,0,35,3,38,10,25,50,9,94,140,0,140,234
03/02/2016,LRD,TX,ASW,CE,Federal Contract Tower,8,25,34,10,77,0,0,31,7,38,8,25,65,17,115,10,50,60,175
03/03/2016,LRD,TX,ASW,CE,Federal Contract Tower,11,20,34,16,81,0,0,33,20,53,11,20,67,36,134,90,0,90,224
03/04/2016,LRD,TX,ASW,CE,Federal Contract Tower,9,23,28,11,71,0,0,29,4,33,9,23,57,15,104,20,0,20,124
03/05/2016,LRD,TX,ASW,CE,Federal Contract Tower,4,12,13,0,29,0,0,14,1,15,4,12,27,1,44,0,0,0,44
03/06/2016,LRD,TX,ASW,CE,Federal Contract Tower,4,10,23,2,39,0,0,5,0,5,4,10,28,2,44,10,0,10,54
03/07/2016,LRD,TX,ASW,CE,Federal Contract Tower,8,24,33,27,92,0,0,21,11,32,8,24,54,38,124,0,250,250,374
03/08/2016,LRD,TX,ASW,CE,Federal Contract Tower,14,21,16,12,63,0,0,18,6,24,14,21,34,18,87,40,0,40,127
03/09/2016,LRD,TX,ASW,CE,Federal Contract Tower,12,28,29,10,79,0,0,19,0,19,12,28,48,10,98,60,80,140,238
03/10/2016,LRD,TX,ASW,CE,Federal Contract Tower,17,29,36,8,90,0,0,2,0,2,17,29,38,8,92,0,0,0,92
03/11/2016,LRD,TX,ASW,CE,Federal Contract Tower,18,33,36,2,89,0,1,5,3,9,18,34,41,5,98,0,0,0,98
03/12/2016,LRD,TX,ASW,CE,Federal Contract Tower,10,17,22,0,49,0,1,24,2,27,10,18,46,2,76,100,0,100,176
03/13/2016,LRD,TX,ASW,CE,Federal Contract Tower,7,16,15,4,42,0,0,20,0,20,7,16,35,4,62,40,0,40,102
03/14/2016,LRD,TX,ASW,CE,Federal Contract Tower,19,33,11,8,71,0,0,23,7,30,19,33,34,15,101,0,200,200,301
03/15/2016,LRD,TX,ASW,CE,Federal Contract Tower,21,30,28,2,81,0,0,18,11,29,21,30,46,13,110,0,0,0,110
03/16/2016,LRD,TX,ASW,CE,Federal Contract Tower,18,32,32,9,91,0,0,12,7,19,18,32,44,16,110,30,110,140,250
03/17/2016,LRD,TX,ASW,CE,Federal Contract Tower,9,31,25,18,83,0,1,15,10,26,9,32,40,28,109,20,40,60,169
03/18/2016,LRD,TX,ASW,CE,Federal Contract Tower,16,34,36,2,88,0,0,9,2,11,16,34,45,4,99,0,0,0,99
03/19/2016,LRD,TX,ASW,CE,Federal Contract Tower,4,20,25,0,49,0,0,13,1,14,4,20,38,1,63,0,0,0,63
03/20/2016,LRD,TX,ASW,CE,Federal Contract Tower,2,17,24,4,47,0,0,18,0,18,2,17,42,4,65,0,0,0,65
03/21/2016,LRD,TX,ASW,CE,Federal Contract Tower,10,27,17,15,69,0,1,42,19,62,10,28,59,34,131,140,160,300,431
03/22/2016,LRD,TX,ASW,CE,Federal Contract Tower,21,34,32,16,103,0,0,39,17,56,21,34,71,33,159,40,380,420,579
03/23/2016,LRD,TX,ASW,CE,Federal Contract Tower,11,27,19,8,65,0,0,46,13,59,11,27,65,21,124,150,120,270,394
03/24/2016,LRD,TX,ASW,CE,Federal Contract Tower,8,27,25,20,80,0,0,48,20,68,8,27,73,40,148,80,250,330,478
03/25/2016,LRD,TX,ASW,CE,Federal Contract Tower,8,16,10,16,50,0,0,26,3,29,8,16,36,19,79,0,240,240,319
03/26/2016,LRD,TX,ASW,CE,Federal Contract Tower,4,8,18,0,30,0,0,18,0,18,4,8,36,0,48,0,0,0,48
03/27/2016,LRD,TX,ASW,CE,Federal Contract Tower,1,10,12,0,23,0,0,10,0,10,1,10,22,0,33,0,0,0,33
03/28/2016,LRD,TX,ASW,CE,Federal Contract Tower,5,18,18,29,70,0,0,13,8,21,5,18,31,37,91,0,120,120,211
03/29/2016,LRD,TX,ASW,CE,Federal Contract Tower,10,38,34,23,105,0,0,16,3,19,10,38,50,26,124,60,200,260,384
03/30/2016,LRD,TX,ASW,CE,Federal Contract Tower,12,27,38,17,94,0,0,22,7,29,12,27,60,24,123,40,120,160,283
03/31/2016,LRD,TX,ASW,CE,Federal Contract Tower,10,29,43,13,95,0,0,19,10,29,10,29,62,23,124,0,200,200,324
04/01/2016,LRD,TX,ASW,CE,Federal Contract Tower,8,22,23,14,67,0,0,32,4,36,8,22,55,18,103,40,210,250,353
04/02/2016,LRD,TX,ASW,CE,Federal Contract Tower,3,12,8,0,23,0,0,30,0,30,3,12,38,0,53,0,0,0,53
04/03/2016,LRD,TX,ASW,CE,Federal Contract Tower,3,12,12,0,27,0,0,10,0,10,3,12,22,0,37,0,0,0,37
04/04/2016,LRD,TX,ASW,CE,Federal Contract Tower,12,17,25,12,66,0,0,27,2,29,12,17,52,14,95,20,220,240,335
04/05/2016,LRD,TX,ASW,CE,Federal Contract Tower,14,30,22,13,79,0,0,41,4,45,14,30,63,17,124,80,150,230,354
04/06/2016,LRD,TX,ASW,CE,Federal Contract Tower,8,24,21,5,58,0,1,32,6,39,8,25,53,11,97,100,60,160,257
04/07/2016,LRD,TX,ASW,CE,Federal Contract Tower,18,22,37,14,91,0,0,30,5,35,18,22,67,19,126,40,320,360,486
04/08/2016,LRD,TX,ASW,CE,Federal Contract Tower,14,20,30,4,68,0,0,23,5,28,14,20,53,9,96,20,0,20,116
04/09/2016,LRD,TX,ASW,CE,Federal Contract Tower,6,12,10,0,28,0,0,5,1,6,6,12,15,1,34,0,0,0,34
04/10/2016,LRD,TX,ASW,CE,Federal Contract Tower,4,12,17,0,33,0,0,17,1,18,4,12,34,1,51,0,0,0,51
04/11/2016,LRD,TX,ASW,CE,Federal Contract Tower,9,22,28,8,67,0,0,25,5,30,9,22,53,13,97,20,40,60,157
04/12/2016,LRD,TX,ASW,CE,Federal Contract Tower,13,25,24,12,74,0,0,19,8,27,13,25,43,20,101,90,160,250,351
04/13/2016,LRD,TX,ASW,CE,Federal Contract Tower,9,21,40,2,72,0,0,14,6,20,9,21,54,8,92,20,80,100,192
04/14/2016,LRD,TX,ASW,CE,Federal Contract Tower,11,20,29,4,64,0,0,25,12,37,11,20,54,16,101,90,80,170,271
04/15/2016,LRD,TX,ASW,CE,Federal Contract Tower,12,25,24,15,76,0,0,44,3,47,12,25,68,18,123,40,140,180,303
04/16/2016,LRD,TX,ASW,CE,Federal Contract Tower,7,10,18,1,36,0,0,4,0,4,7,10,22,1,40,0,0,0,40
04/17/2016,LRD,TX,ASW,CE,Federal Contract Tower,2,9,15,0,26,0,0,3,0,3,2,9,18,0,29,0,0,0,29
04/18/2016,LRD,TX,ASW,CE,Federal Contract Tower,6,22,10,6,44,0,0,18,0,18,6,22,28,6,62,60,20,80,142
04/19/2016,LRD,TX,ASW,CE,Federal Contract Tower,9,25,26,20,80,0,0,31,8,39,9,25,57,28,119,90,110,200,319
04/20/2016,LRD,TX,ASW,CE,Federal Contract Tower,10,21,27,3,61,0,0,47,5,52,10,21,74,8,113,110,120,230,343
04/21/2016,LRD,TX,ASW,CE,Federal Contract Tower,10,24,27,12,73,0,0,29,3,32,10,24,56,15,105,60,40,100,205
04/22/2016,LRD,TX,ASW,CE,Federal Contract Tower,11,26,11,2,50,0,1,27,4,32,11,27,38,6,82,50,0,50,132
04/23/2016,LRD,TX,ASW,CE,Federal Contract Tower,1,15,6,0,22,0,0,32,0,32,1,15,38,0,54,30,0,30,84
04/24/2016,LRD,TX,ASW,CE,Federal Contract Tower,0,9,12,8,29,0,0,18,0,18,0,9,30,8,47,0,0,0,47
04/25/2016,LRD,TX,ASW,CE,Federal Contract Tower,5,21,25,10,61,0,0,28,3,31,5,21,53,13,92,0,30,30,122
04/26/2016,LRD,TX,ASW,CE,Federal Contract Tower,13,22,35,13,83,0,0,28,7,35,13,22,63,20,118,100,100,200,318
04/27/2016,LRD,TX,ASW,CE,Federal Contract Tower,9,25,29,10,73,0,0,45,5,50,9,25,74,15,123,30,130,160,283
04/28/2016,LRD,TX,ASW,CE,Federal Contract Tower,9,19,28,5,61,0,0,31,4,35,9,19,59,9,96,40,40,80,176
04/29/2016,LRD,TX,ASW,CE,Federal Contract Tower,10,22,24,9,65,0,0,24,5,29,10,22,48,14,94,20,140,160,254
04/30/2016,LRD,TX,ASW,CE,Federal Contract Tower,2,13,18,6,39,0,0,27,0,27,2,13,45,6,66,20,0,20,86
05/01/2016,LRD,TX,ASW,CE,Federal Contract Tower,1,14,8,1,24,0,0,28,0,28,1,14,36,1,52,0,0,0,52
05/02/2016,LRD,TX,ASW,CE,Federal Contract Tower,6,13,22,18,59,0,0,17,2,19,6,13,39,20,78,0,0,0,78
05/03/2016,LRD,TX,ASW,CE,Federal Contract Tower,15,29,33,15,92,0,0,31,14,45,15,29,64,29,137,250,240,490,627
05/04/2016,LRD,TX,ASW,CE,Federal Contract Tower,16,36,23,13,88,0,0,50,3,53,16,36,73,16,141,200,280,480,621
05/05/2016,LRD,TX,ASW,CE,Federal Contract Tower,13,30,22,21,86,0,1,36,5,42,13,31,58,26,128,60,80,140,268
05/06/2016,LRD,TX,ASW,CE,Federal Contract Tower,11,34,32,14,91,0,0,47,4,51,11,34,79,18,142,0,200,200,342
05/07/2016,LRD,TX,ASW,CE,Federal Contract Tower,2,15,3,0,20,0,1,20,0,21,2,16,23,0,41,0,0,0,41
05/08/2016,LRD,TX,ASW,CE,Federal Contract Tower,0,16,14,0,30,0,1,10,0,11,0,17,24,0,41,0,0,0,41
05/09/2016,LRD,TX,ASW,CE,Federal Contract Tower,11,16,26,25,78,0,0,23,1,24,11,16,49,26,102,0,120,120,222
05/10/2016,LRD,TX,ASW,CE,Federal Contract Tower,13,16,21,19,69,0,0,34,19,53,13,16,55,38,122,60,120,180,302
05/11/2016,LRD,TX,ASW,CE,Federal Contract Tower,9,19,28,19,75,0,0,32,7,39,9,19,60,26,114,240,200,440,554
05/12/2016,LRD,TX,ASW,CE,Federal Contract Tower,11,20,41,17,89,0,0,28,3,31,11,20,69,20,120,20,260,280,400
05/13/2016,LRD,TX,ASW,CE,Federal Contract Tower,10,17,19,6,52,0,0,21,2,23,10,17,40,8,75,0,60,60,135
05/14/2016,LRD,TX,ASW,CE,Federal Contract Tower,2,18,7,0,27,0,0,14,0,14,2,18,21,0,41,0,0,0,41
05/15/2016,LRD,TX,ASW,CE,Federal Contract Tower,1,11,15,2,29,0,0,3,0,3,1,11,18,2,32,0,0,0,32
05/16/2016,LRD,TX,ASW,CE,Federal Contract Tower,12,18,32,18,80,0,0,26,2,28,12,18,58,20,108,10,60,70,178
05/17/2016,LRD,TX,ASW,CE,Federal Contract Tower,18,26,17,9,70,0,0,25,2,27,18,26,42,11,97,260,130,390,487
05/18/2016,LRD,TX,ASW,CE,Federal Contract Tower,11,27,28,3,69,0,0,19,3,22,11,27,47,6,91,130,0,130,221
05/19/2016,LRD,TX,ASW,CE,Federal Contract Tower,13,26,22,15,76,0,0,13,5,18,13,26,35,20,94,10,0,10,104
05/20/2016,LRD,TX,ASW,CE,Federal Contract Tower,12,19,15,10,56,0,0,18,0,18,12,19,33,10,74,25,0,25,99
05/21/2016,LRD,TX,ASW,CE,Federal Contract Tower,3,10,11,0,24,0,2,11,0,13,3,12,22,0,37,0,0,0,37
05/22/2016,LRD,TX,ASW,CE,Federal Contract Tower,0,11,20,0,31,0,0,19,1,20,0,11,39,1,51,0,0,0,51
05/23/2016,LRD,TX,ASW,CE,Federal Contract Tower,5,21,41,19,86,0,0,27,6,33,5,21,68,25,119,0,271,271,390
05/24/2016,LRD,TX,ASW,CE,Federal Contract Tower,13,27,33,24,97,0,0,30,11,41,13,27,63,35,138,90,250,340,478
05/25/2016,LRD,TX,ASW,CE,Federal Contract Tower,9,31,30,4,74,0,0,23,0,23,9,31,53,4,97,44,0,44,141
05/26/2016,LRD,TX,ASW,CE,Federal Contract Tower,14,27,31,8,80,0,0,21,10,31,14,27,52,18,111,0,120,120,231
05/27/2016,LRD,TX,ASW,CE,Federal Contract Tower,9,24,17,4,54,0,1,46,3,50,9,25,63,7,104,0,10,10,114
05/28/2016,LRD,TX,ASW,CE,Federal Contract Tower,1,12,15,0,28,0,0,9,2,11,1,12,24,2,39,0,0,0,39
05/29/2016,LRD,TX,ASW,CE,Federal Contract Tower,2,10,11,0,23,0,0,10,0,10,2,10,21,0,33,20,0,20,53
05/30/2016,LRD,TX,ASW,CE,Federal Contract Tower,2,15,8,0,25,0,0,16,4,20,2,15,24,4,45,40,0,40,85
05/31/2016,LRD,TX,ASW,CE,Federal Contract Tower,6,21,32,3,62,0,0,21,4,25,6,21,53,7,87,120,6,126,213
06/01/2016,LRD,TX,ASW,CE,Federal Contract Tower,13,26,20,13,72,0,0,21,0,21,13,26,41,13,93,4,10,14,107
06/02/2016,LRD,TX,ASW,CE,Federal Contract Tower,14,26,21,18,79,0,0,24,8,32,14,26,45,26,111,0,22,22,133
06/03/2016,LRD,TX,ASW,CE,Federal Contract Tower,12,24,19,21,76,0,0,22,1,23,12,24,41,22,99,20,80,100,199
06/04/2016,LRD,TX,ASW,CE,Federal Contract Tower,3,17,9,0,29,0,0,4,0,4,3,17,13,0,33,0,0,0,33
06/05/2016,LRD,TX,ASW,CE,Federal Contract Tower,4,10,14,6,34,0,0,21,2,23,4,10,35,8,57,0,0,0,57
06/06/2016,LRD,TX,ASW,CE,Federal Contract Tower,5,18,26,7,56,0,0,40,11,51,5,18,66,18,107,240,0,240,347
06/07/2016,LRD,TX,ASW,CE,Federal Contract Tower,12,24,23,12,71,0,0,27,18,45,12,24,50,30,116,140,210,350,466
06/08/2016,LRD,TX,ASW,CE,Federal Contract Tower,13,26,25,12,76,0,0,25,11,36,13,26,50,23,112,0,180,180,292
06/09/2016,LRD,TX,ASW,CE,Federal Contract Tower,10,25,25,12,72,0,0,44,12,56,10,25,69,24,128,36,0,36,164
06/10/2016,LRD,TX,ASW,CE,Federal Contract Tower,11,19,25,6,61,0,0,23,9,32,11,19,48,15,93,20,50,70,163
06/11/2016,LRD,TX,ASW,CE,Federal Contract Tower,7,13,16,0,36,0,0,8,1,9,7,13,24,1,45,0,0,0,45
06/12/2016,LRD,TX,ASW,CE,Federal Contract Tower,2,10,11,2,25,0,1,17,2,20,2,11,28,4,45,8,0,8,53
06/13/2016,LRD,TX,ASW,CE,Federal Contract Tower,11,20,25,12,68,0,0,20,10,30,11,20,45,22,98,20,30,50,148
06/14/2016,LRD,TX,ASW,CE,Federal Contract Tower,16,23,20,4,63,0,0,33,12,45,16,23,53,16,108,40,0,40,148
06/15/2016,LRD,TX,ASW,CE,Federal Contract Tower,12,25,26,18,81,0,0,37,19,56,12,25,63,37,137,40,200,240,377
06/16/2016,LRD,TX,ASW,CE,Federal Contract Tower,14,26,31,9,80,0,0,32,13,45,14,26,63,22,125,80,120,200,325
06/17/2016,LRD,TX,ASW,CE,Federal Contract Tower,15,23,17,10,65,0,0,31,2,33,15,23,48,12,98,0,0,0,98
06/18/2016,LRD,TX,ASW,CE,Federal Contract Tower,5,11,17,0,33,0,0,16,0,16,5,11,33,0,49,0,0,0,49
06/19/2016,LRD,TX,ASW,CE,Federal Contract Tower,2,10,7,0,19,0,0,17,4,21,2,10,24,4,40,24,0,24,64
06/20/2016,LRD,TX,ASW,CE,Federal Contract Tower,10,25,16,8,59,0,1,36,3,40,10,26,52,11,99,40,0,40,139
06/21/2016,LRD,TX,ASW,CE,Federal Contract Tower,20,22,31,19,92,0,0,26,8,34,20,22,57,27,126,0,230,230,356
06/22/2016,LRD,TX,ASW,CE,Federal Contract Tower,21,27,25,20,93,0,0,34,16,50,21,27,59,36,143,120,160,280,423
06/23/2016,LRD,TX,ASW,CE,Federal Contract Tower,18,32,32,28,110,0,0,34,11,45,18,32,66,39,155,40,80,120,275
06/24/2016,LRD,TX,ASW,CE,Federal Contract Tower,19,24,28,0,71,0,1,25,3,29,19,25,53,3,100,20,0,20,120
06/25/2016,LRD,TX,ASW,CE,Federal Contract Tower,5,13,16,6,40,0,0,9,0,9,5,13,25,6,49,0,0,0,49
06/26/2016,LRD,TX,ASW,CE,Federal Contract Tower,10,12,11,0,33,0,0,19,0,19,10,12,30,0,52,20,0,20,72
06/27/2016,LRD,TX,ASW,CE,Federal Contract Tower,18,20,19,13,70,0,0,33,20,53,18,20,52,33,123,40,0,40,163
06/28/2016,LRD,TX,ASW,CE,Federal Contract Tower,16,23,26,8,73,0,0,46,6,52,16,23,72,14,125,110,160,270,395
06/29/2016,LRD,TX,ASW,CE,Federal Contract Tower,13,40,26,2,81,0,0,45,14,59,13,40,71,16,140,70,0,70,210
06/30/2016,LRD,TX,ASW,CE,Federal Contract Tower,21,33,24,12,90,0,0,26,17,43,21,33,50,29,133,10,140,150,283
07/01/2016,LRD,TX,ASW,CE,Federal Contract Tower,13,20,22,1,56,0,0,33,7,40,13,20,55,8,96,86,20,106,202
07/02/2016,LRD,TX,ASW,CE,Federal Contract Tower,6,9,8,0,23,0,0,21,0,21,6,9,29,0,44,0,0,0,44
07/03/2016,LRD,TX,ASW,CE,Federal Contract Tower,4,13,8,0,25,0,0,19,0,19,4,13,27,0,44,40,0,40,84
07/04/2016,LRD,TX,ASW,CE,Federal Contract Tower,7,11,7,0,25,0,0,22,0,22,7,11,29,0,47,10,0,10,57
07/05/2016,LRD,TX,ASW,CE,Federal Contract Tower,8,25,15,6,54,0,0,26,6,32,8,25,41,12,86,10,0,10,96
07/06/2016,LRD,TX,ASW,CE,Federal Contract Tower,6,27,21,9,63,0,0,20,4,24,6,27,41,13,87,200,280,480,567
07/07/2016,LRD,TX,ASW,CE,Federal Contract Tower,14,31,24,11,80,0,0,22,8,30,14,31,46,19,110,80,48,128,238
07/08/2016,LRD,TX,ASW,CE,Federal Contract Tower,13,21,15,4,53,0,0,20,6,26,13,21,35,10,79,20,30,50,129
07/09/2016,LRD,TX,ASW,CE,Federal Contract Tower,2,16,16,6,40,0,0,19,0,19,2,16,35,6,59,40,0,40,99
07/10/2016,LRD,TX,ASW,CE,Federal Contract Tower,5,10,11,12,38,0,0,13,0,13,5,10,24,12,51,0,0,0,51
07/11/2016,LRD,TX,ASW,CE,Federal Contract Tower,6,21,25,2,54,0,0,17,5,22,6,21,42,7,76,20,0,20,96
07/12/2016,LRD,TX,ASW,CE,Federal Contract Tower,9,22,14,8,53,0,0,31,12,43,9,22,45,20,96,20,120,140,236
07/13/2016,LRD,TX,ASW,CE,Federal Contract Tower,11,27,21,28,87,0,0,27,6,33,11,27,48,34,120,20,360,380,500
07/14/2016,LRD,TX,ASW,CE,Federal Contract Tower,14,17,24,4,59,0,0,39,4,43,14,17,63,8,102,90,160,250,352
07/15/2016,LRD,TX,ASW,CE,Federal Contract Tower,12,33,13,6,64,0,0,21,4,25,12,33,34,10,89,0,0,0,89
07/16/2016,LRD,TX,ASW,CE,Federal Contract Tower,3,12,9,0,24,0,0,8,0,8,3,12,17,0,32,0,0,0,32
07/17/2016,LRD,TX,ASW,CE,Federal Contract Tower,2,16,4,10,32,0,0,12,1,13,2,16,16,11,45,0,0,0,45
07/18/2016,LRD,TX,ASW,CE,Federal Contract Tower,6,19,16,2,43,0,0,27,8,35,6,19,43,10,78,140,55,195,273
07/19/2016,LRD,TX,ASW,CE,Federal Contract Tower,10,36,17,2,65,0,0,44,3,47,10,36,61,5,112,20,60,80,192
07/20/2016,LRD,TX,ASW,CE,Federal Contract Tower,10,25,24,4,63,0,2,30,9,41,10,27,54,13,104,20,160,180,284
07/21/2016,LRD,TX,ASW,CE,Federal Contract Tower,15,28,16,0,59,0,0,40,8,48,15,28,56,8,107,30,0,30,137
07/22/2016,LRD,TX,ASW,CE,Federal Contract Tower,10,19,28,0,57,0,0,22,8,30,10,19,50,8,87,20,20,40,127
07/23/2016,LRD,TX,ASW,CE,Federal Contract Tower,1,10,10,0,21,0,0,12,0,12,1,10,22,0,33,0,0,0,33
07/24/2016,LRD,TX,ASW,CE,Federal Contract Tower,4,17,5,6,32,0,0,17,2,19,4,17,22,8,51,0,0,0,51
07/25/2016,LRD,TX,ASW,CE,Federal Contract Tower,5,21,16,10,52,0,0,32,10,42,5,21,48,20,94,25,20,45,139
07/26/2016,LRD,TX,ASW,CE,Federal Contract Tower,16,23,19,4,62,0,0,25,6,31,16,23,44,10,93,0,100,100,193
07/27/2016,LRD,TX,ASW,CE,Federal Contract Tower,9,24,18,8,59,0,0,39,3,42,9,24,57,11,101,170,0,170,271
07/28/2016,LRD,TX,ASW,CE,Federal Contract Tower,14,23,27,0,64,0,0,22,0,22,14,23,49,0,86,40,0,40,126
07/29/2016,LRD,TX,ASW,CE,Federal Contract Tower,7,24,24,0,55,0,0,19,4,23,7,24,43,4,78,0,0,0,78
07/30/2016,LRD,TX,ASW,CE,Federal Contract Tower,2,11,11,0,24,0,0,14,0,14,2,11,25,0,38,40,0,40,78
07/31/2016,LRD,TX,ASW,CE,Federal Contract Tower,5,9,13,4,31,0,0,21,3,24,5,9,34,7,55,10,0,10,65
08/01/2016,LRD,TX,ASW,CE,Federal Contract Tower,9,21,9,2,41,0,0,26,6,32,9,21,35,8,73,60,0,60,133
08/02/2016,LRD,TX,ASW,CE,Federal Contract Tower,10,23,28,11,72,0,1,40,6,47,10,24,68,17,119,60,70,130,249
08/03/2016,LRD,TX,ASW,CE,Federal Contract Tower,15,26,20,12,73,0,0,43,3,46,15,26,63,15,119,40,80,120,239
08/05/2016,LRD,TX,ASW,CE,Federal Contract Tower,12,27,22,3,64,0,0,39,3,42,12,27,61,6,106,20,80,100,206
08/06/2016,LRD,TX,ASW,CE,Federal Contract Tower,5,16,5,0,26,0,0,18,0,18,5,16,23,0,44,0,0,0,44
08/07/2016,LRD,TX,ASW,CE,Federal Contract Tower,10,17,8,0,35,0,0,17,4,21,10,17,25,4,56,20,0,20,76
08/08/2016,LRD,TX,ASW,CE,Federal Contract Tower,13,28,14,8,63,0,0,26,0,26,13,28,40,8,89,0,0,0,89
08/09/2016,LRD,TX,ASW,CE,Federal Contract Tower,19,29,21,18,87,0,0,32,6,38,19,29,53,24,125,90,240,330,455
08/10/2016,LRD,TX,ASW,CE,Federal Contract Tower,12,35,28,4,79,0,0,42,3,45,12,35,70,7,124,0,80,80,204
08/11/2016,LRD,TX,ASW,CE,Federal Contract Tower,22,39,30,8,99,0,0,37,6,43,22,39,67,14,142,5,240,245,387
08/12/2016,LRD,TX,ASW,CE,Federal Contract Tower,17,27,22,31,97,0,0,31,2,33,17,27,53,33,130,0,0,0,130
08/13/2016,LRD,TX,ASW,CE,Federal Contract Tower,5,21,9,8,43,0,0,15,0,15,5,21,24,8,58,0,0,0,58
08/14/2016,LRD,TX,ASW,CE,Federal Contract Tower,4,17,8,0,29,0,0,0,0,0,4,17,8,0,29,0,0,0,29
08/15/2016,LRD,TX,ASW,CE,Federal Contract Tower,8,33,13,4,58,0,0,8,1,9,8,33,21,5,67,20,0,20,87
08/16/2016,LRD,TX,ASW,CE,Federal Contract Tower,11,47,15,7,80,0,0,16,2,18,11,47,31,9,98,40,20,60,158
08/17/2016,LRD,TX,ASW,CE,Federal Contract Tower,11,41,38,2,92,0,0,17,7,24,11,41,55,9,116,60,0,60,176
08/18/2016,LRD,TX,ASW,CE,Federal Contract Tower,16,32,15,30,93,0,0,18,13,31,16,32,33,43,124,0,214,214,338
08/19/2016,LRD,TX,ASW,CE,Federal Contract Tower,21,38,29,22,110,0,0,26,7,33,21,38,55,29,143,0,350,350,493
08/20/2016,LRD,TX,ASW,CE,Federal Contract Tower,6,15,8,2,31,0,1,12,4,17,6,16,20,6,48,0,0,0,48
08/21/2016,LRD,TX,ASW,CE,Federal Contract Tower,6,15,12,0,33,0,0,6,0,6,6,15,18,0,39,0,0,0,39
08/22/2016,LRD,TX,ASW,CE,Federal Contract Tower,7,46,16,14,83,0,0,18,6,24,7,46,34,20,107,40,140,180,287
08/23/2016,LRD,TX,ASW,CE,Federal Contract Tower,30,42,22,28,122,0,0,36,13,49,30,42,58,41,171,70,380,450,621
08/24/2016,LRD,TX,ASW,CE,Federal Contract Tower,15,40,16,7,78,0,1,34,10,45,15,41,50,17,123,200,130,330,453
08/25/2016,LRD,TX,ASW,CE,Federal Contract Tower,12,34,32,7,85,0,0,18,4,22,12,34,50,11,107,0,200,200,307
08/26/2016,LRD,TX,ASW,CE,Federal Contract Tower,8,38,18,4,68,0,1,37,5,43,8,39,55,9,111,40,120,160,271
08/27/2016,LRD,TX,ASW,CE,Federal Contract Tower,3,23,16,14,56,0,0,24,0,24,3,23,40,14,80,0,0,0,80
08/28/2016,LRD,TX,ASW,CE,Federal Contract Tower,4,21,13,0,38,0,0,31,3,34,4,21,44,3,72,50,20,70,142
08/29/2016,LRD,TX,ASW,CE,Federal Contract Tower,11,28,23,18,80,0,0,14,2,16,11,28,37,20,96,40,320,360,456
08/30/2016,LRD,TX,ASW,CE,Federal Contract Tower,23,35,30,14,102,0,0,14,4,18,23,35,44,18,120,20,0,20,140
08/31/2016,LRD,TX,ASW,CE,Federal Contract Tower,17,42,21,12,92,0,0,26,7,33,17,42,47,19,125,150,60,210,335
09/02/2016,LRD,TX,ASW,CE,Federal Contract Tower,14,36,26,2,78,0,0,19,11,30,14,36,45,13,108,0,0,0,108
09/03/2016,LRD,TX,ASW,CE,Federal Contract Tower,4,19,6,0,29,0,0,13,0,13,4,19,19,0,42,30,0,30,72
09/04/2016,LRD,TX,ASW,CE,Federal Contract Tower,4,13,10,0,27,0,0,8,0,8,4,13,18,0,35,0,0,0,35
09/05/2016,LRD,TX,ASW,CE,Federal Contract Tower,6,25,21,0,52,0,0,10,6,16,6,25,31,6,68,0,20,20,88
09/06/2016,LRD,TX,ASW,CE,Federal Contract Tower,14,24,15,5,58,0,0,15,11,26,14,24,30,16,84,0,80,80,164
09/07/2016,LRD,TX,ASW,CE,Federal Contract Tower,17,31,23,23,94,0,0,34,26,60,17,31,57,49,154,60,140,200,354
09/08/2016,LRD,TX,ASW,CE,Federal Contract Tower,17,38,24,8,87,47,21,0,0,68,64,59,24,8,155,120,100,220,375
09/09/2016,LRD,TX,ASW,CE,Federal Contract Tower,23,28,19,11,81,0,0,44,2,46,23,28,63,13,127,120,160,280,407
09/10/2016,LRD,TX,ASW,CE,Federal Contract Tower,6,21,16,2,45,0,0,34,4,38,6,21,50,6,83,0,0,0,83
09/11/2016,LRD,TX,ASW,CE,Federal Contract Tower,6,14,23,0,43,0,0,26,0,26,6,14,49,0,69,0,0,0,69
09/12/2016,LRD,TX,ASW,CE,Federal Contract Tower,14,32,22,8,76,0,0,27,6,33,14,32,49,14,109,0,360,360,469
09/13/2016,LRD,TX,ASW,CE,Federal Contract Tower,27,40,35,2,104,0,0,40,12,52,27,40,75,14,156,200,80,280,436
09/14/2016,LRD,TX,ASW,CE,Federal Contract Tower,19,35,22,14,90,0,0,39,10,49,19,35,61,24,139,160,60,220,359
09/16/2016,LRD,TX,ASW,CE,Federal Contract Tower,13,23,19,8,63,0,0,46,6,52,13,23,65,14,115,100,140,240,355
09/17/2016,LRD,TX,ASW,CE,Federal Contract Tower,3,19,8,2,32,0,1,17,0,18,3,20,25,2,50,0,0,0,50
09/18/2016,LRD,TX,ASW,CE,Federal Contract Tower,4,20,10,7,41,0,0,22,1,23,4,20,32,8,64,0,0,0,64
09/19/2016,LRD,TX,ASW,CE,Federal Contract Tower,22,28,29,8,87,0,0,33,4,37,22,28,62,12,124,40,340,380,504
09/20/2016,LRD,TX,ASW,CE,Federal Contract Tower,22,40,29,10,101,0,0,45,2,47,22,40,74,12,148,240,40,280,428
09/21/2016,LRD,TX,ASW,CE,Federal Contract Tower,20,35,38,6,99,0,0,34,8,42,20,35,72,14,141,70,100,170,311
09/22/2016,LRD,TX,ASW,CE,Federal Contract Tower,30,43,46,26,145,0,0,56,8,64,30,43,102,34,209,320,200,520,729
09/23/2016,LRD,TX,ASW,CE,Federal Contract Tower,27,38,20,9,94,0,0,44,8,52,27,38,64,17,146,100,240,340,486
09/24/2016,LRD,TX,ASW,CE,Federal Contract Tower,12,26,7,0,45,0,0,26,0,26,12,26,33,0,71,0,0,0,71
09/25/2016,LRD,TX,ASW,CE,Federal Contract Tower,7,10,9,4,30,0,0,18,3,21,7,10,27,7,51,0,0,0,51
09/26/2016,LRD,TX,ASW,CE,Federal Contract Tower,22,28,14,2,66,0,0,3,0,3,22,28,17,2,69,0,0,0,69
09/27/2016,LRD,TX,ASW,CE,Federal Contract Tower,33,36,31,10,110,0,0,28,6,34,33,36,59,16,144,40,0,40,184
09/28/2016,LRD,TX,ASW,CE,Federal Contract Tower,33,56,37,12,138,0,0,55,16,71,33,56,92,28,209,340,160,500,709
09/29/2016,LRD,TX,ASW,CE,Federal Contract Tower,40,38,17,13,108,0,0,42,19,61,40,38,59,32,169,200,320,520,689
09/30/2016,LRD,TX,ASW,CE,Federal Contract Tower,22,26,26,6,80,0,0,47,1,48,22,26,73,7,128,120,0,120,248
10/01/2016,LRD,TX,ASW,CE,Federal Contract Tower,9,16,8,4,37,0,0,16,0,16,9,16,24,4,53,40,0,40,93
10/02/2016,LRD,TX,ASW,CE,Federal Contract Tower,8,15,20,0,43,0,0,21,0,21,8,15,41,0,64,10,0,10,74
10/03/2016,LRD,TX,ASW,CE,Federal Contract Tower,19,24,20,6,69,0,0,27,3,30,19,24,47,9,99,10,80,90,189
10/04/2016,LRD,TX,ASW,CE,Federal Contract Tower,30,29,25,9,93,0,0,32,9,41,30,29,57,18,134,160,200,360,494
10/05/2016,LRD,TX,ASW,CE,Federal Contract Tower,24,24,21,1,70,0,0,45,2,47,24,24,66,3,117,240,40,280,397
10/06/2016,LRD,TX,ASW,CE,Federal Contract Tower,26,30,19,9,84,0,0,37,10,47,26,30,56,19,131,160,240,400,531
10/07/2016,LRD,TX,ASW,CE,Federal Contract Tower,15,30,21,8,74,0,1,27,5,33,15,31,48,13,107,120,80,200,307
10/08/2016,LRD,TX,ASW,CE,Federal Contract Tower,6,21,16,0,43,0,0,22,0,22,6,21,38,0,65,40,0,40,105
10/09/2016,LRD,TX,ASW,CE,Federal Contract Tower,3,17,17,0,37,0,0,19,0,19,3,17,36,0,56,80,0,80,136
10/10/2016,LRD,TX,ASW,CE,Federal Contract Tower,18,22,30,0,70,0,0,21,3,24,18,22,51,3,94,0,0,0,94
10/11/2016,LRD,TX,ASW,CE,Federal Contract Tower,28,22,35,16,101,0,0,23,2,25,28,22,58,18,126,80,130,210,336
10/12/2016,LRD,TX,ASW,CE,Federal Contract Tower,24,30,22,4,80,0,0,35,12,47,24,30,57,16,127,20,126,146,273
10/13/2016,LRD,TX,ASW,CE,Federal Contract Tower,30,32,37,13,112,0,0,39,22,61,30,32,76,35,173,165,580,745,918
10/14/2016,LRD,TX,ASW,CE,Federal Contract Tower,23,30,24,6,83,0,0,41,16,57,23,30,65,22,140,160,380,540,680
10/15/2016,LRD,TX,ASW,CE,Federal Contract Tower,9,24,7,2,42,0,0,17,3,20,9,24,24,5,62,120,90,210,272
10/16/2016,LRD,TX,ASW,CE,Federal Contract Tower,3,12,15,2,32,0,0,9,0,9,3,12,24,2,41,0,0,0,41
10/17/2016,LRD,TX,ASW,CE,Federal Contract Tower,16,30,31,13,90,0,0,35,20,55,16,30,66,33,145,0,120,120,265
10/18/2016,LRD,TX,ASW,CE,Federal Contract Tower,26,25,23,18,92,0,0,39,21,60,26,25,62,39,152,150,278,428,580
10/19/2016,LRD,TX,ASW,CE,Federal Contract Tower,16,24,21,21,82,0,0,36,14,50,16,24,57,35,132,66,250,316,448
10/20/2016,LRD,TX,ASW,CE,Federal Contract Tower,20,49,28,12,109,0,0,23,23,46,20,49,51,35,155,20,850,870,1025
10/21/2016,LRD,TX,ASW,CE,Federal Contract Tower,13,40,14,4,71,0,0,41,5,46,13,40,55,9,117,20,50,70,187
10/22/2016,LRD,TX,ASW,CE,Federal Contract Tower,15,14,17,7,53,0,1,35,1,37,15,15,52,8,90,90,40,130,220
10/23/2016,LRD,TX,ASW,CE,Federal Contract Tower,9,14,14,6,43,0,0,24,0,24,9,14,38,6,67,0,0,0,67
10/24/2016,LRD,TX,ASW,CE,Federal Contract Tower,22,16,29,16,83,0,0,29,13,42,22,16,58,29,125,80,240,320,445
10/25/2016,LRD,TX,ASW,CE,Federal Contract Tower,30,24,20,13,87,0,0,44,19,63,30,24,64,32,150,20,260,280,430
10/26/2016,LRD,TX,ASW,CE,Federal Contract Tower,19,35,21,4,79,0,0,41,8,49,19,35,62,12,128,50,110,160,288
10/27/2016,LRD,TX,ASW,CE,Federal Contract Tower,20,26,27,25,98,0,0,48,18,66,20,26,75,43,164,180,300,480,644
10/28/2016,LRD,TX,ASW,CE,Federal Contract Tower,15,22,24,4,65,0,0,37,10,47,15,22,61,14,112,120,120,240,352
10/29/2016,LRD,TX,ASW,CE,Federal Contract Tower,4,15,7,0,26,0,0,17,0,17,4,15,24,0,43,20,0,20,63
10/30/2016,LRD,TX,ASW,CE,Federal Contract Tower,1,10,11,0,22,0,0,14,0,14,1,10,25,0,36,40,0,40,76
10/31/2016,LRD,TX,ASW,CE,Federal Contract Tower,8,20,21,18,67,0,0,21,0,21,8,20,42,18,88,80,0,80,168
11/01/2016,LRD,TX,ASW,CE,Federal Contract Tower,19,32,38,6,95,0,0,24,10,34,19,32,62,16,129,0,40,40,169
11/02/2016,LRD,TX,ASW,CE,Federal Contract Tower,13,27,21,26,87,0,0,26,4,30,13,27,47,30,117,80,240,320,437
11/03/2016,LRD,TX,ASW,CE,Federal Contract Tower,16,44,25,28,113,0,0,29,4,33,16,44,54,32,146,50,330,380,526
11/04/2016,LRD,TX,ASW,CE,Federal Contract Tower,10,23,22,2,57,0,0,5,3,8,10,23,27,5,65,0,0,0,65
11/05/2016,LRD,TX,ASW,CE,Federal Contract Tower,4,15,17,0,36,0,0,7,0,7,4,15,24,0,43,0,0,0,43
11/06/2016,LRD,TX,ASW,CE,Federal Contract Tower,3,13,21,12,49,0,0,8,0,8,3,13,29,12,57,20,0,20,77
11/07/2016,LRD,TX,ASW,CE,Federal Contract Tower,12,25,22,28,87,0,0,29,4,33,12,25,51,32,120,280,160,440,560
11/08/2016,LRD,TX,ASW,CE,Federal Contract Tower,16,35,19,19,89,0,0,23,0,23,16,35,42,19,112,160,0,160,272
11/09/2016,LRD,TX,ASW,CE,Federal Contract Tower,11,27,29,26,93,0,0,17,0,17,11,27,46,26,110,140,120,260,370
11/10/2016,LRD,TX,ASW,CE,Federal Contract Tower,11,36,34,1,82,0,0,35,3,38,11,36,69,4,120,80,0,80,200
11/11/2016,LRD,TX,ASW,CE,Federal Contract Tower,7,25,24,6,62,0,0,30,3,33,7,25,54,9,95,40,0,40,135
11/12/2016,LRD,TX,ASW,CE,Federal Contract Tower,1,12,16,0,29,0,0,24,1,25,1,12,40,1,54,40,0,40,94
11/13/2016,LRD,TX,ASW,CE,Federal Contract Tower,1,10,16,0,27,0,0,12,5,17,1,10,28,5,44,0,0,0,44
11/15/2016,LRD,TX,ASW,CE,Federal Contract Tower,19,28,17,11,75,0,0,24,2,26,19,28,41,13,101,20,0,20,121
11/16/2016,LRD,TX,ASW,CE,Federal Contract Tower,7,32,37,16,92,0,0,41,6,47,7,32,78,22,139,160,160,320,459
11/17/2016,LRD,TX,ASW,CE,Federal Contract Tower,17,21,44,6,88,0,29,0,0,29,17,50,44,6,117,90,60,150,267
11/18/2016,LRD,TX,ASW,CE,Federal Contract Tower,11,30,32,24,97,0,0,38,1,39,11,30,70,25,136,60,440,500,636
11/19/2016,LRD,TX,ASW,CE,Federal Contract Tower,10,12,16,0,38,0,0,17,0,17,10,12,33,0,55,20,0,20,75
11/20/2016,LRD,TX,ASW,CE,Federal Contract Tower,6,7,19,0,32,0,0,20,0,20,6,7,39,0,52,0,0,0,52
11/21/2016,LRD,TX,ASW,CE,Federal Contract Tower,4,24,44,10,82,0,0,23,4,27,4,24,67,14,109,0,40,40,149
11/22/2016,LRD,TX,ASW,CE,Federal Contract Tower,15,30,25,22,92,0,0,41,3,44,15,30,66,25,136,160,240,400,536
11/23/2016,LRD,TX,ASW,CE,Federal Contract Tower,16,32,12,0,60,0,0,43,0,43,16,32,55,0,103,220,0,220,323
11/24/2016,LRD,TX,ASW,CE,Federal Contract Tower,5,15,12,0,32,0,0,19,0,19,5,15,31,0,51,70,0,70,121
11/25/2016,LRD,TX,ASW,CE,Federal Contract Tower,13,12,7,0,32,0,0,20,0,20,13,12,27,0,52,0,0,0,52
11/26/2016,LRD,TX,ASW,CE,Federal Contract Tower,7,11,8,0,26,0,0,12,1,13,7,11,20,1,39,0,0,0,39
11/27/2016,LRD,TX,ASW,CE,Federal Contract Tower,4,14,36,0,54,0,0,10,0,10,4,14,46,0,64,0,0,0,64
11/28/2016,LRD,TX,ASW,CE,Federal Contract Tower,13,29,32,41,115,0,0,39,6,45,13,29,71,47,160,160,420,580,740
11/29/2016,LRD,TX,ASW,CE,Federal Contract Tower,15,31,37,18,101,0,1,47,6,54,15,32,84,24,155,60,240,300,455
11/30/2016,LRD,TX,ASW,CE,Federal Contract Tower,16,34,24,14,88,0,0,36,8,44,16,34,60,22,132,160,280,440,572
12/01/2016,LRD,TX,ASW,CE,Federal Contract Tower,16,40,36,10,102,0,0,34,9,43,16,40,70,19,145,120,140,260,405
12/02/2016,LRD,TX,ASW,CE,Federal Contract Tower,19,33,34,11,97,0,0,22,0,22,19,33,56,11,119,80,0,80,199
12/03/2016,LRD,TX,ASW,CE,Federal Contract Tower,8,20,9,2,39,0,0,0,0,0,8,20,9,2,39,0,0,0,39
12/04/2016,LRD,TX,ASW,CE,Federal Contract Tower,5,7,7,2,21,0,0,0,0,0,5,7,7,2,21,0,0,0,21
12/05/2016,LRD,TX,ASW,CE,Federal Contract Tower,14,29,17,27,87,0,0,25,6,31,14,29,42,33,118,80,0,80,198
12/06/2016,LRD,TX,ASW,CE,Federal Contract Tower,16,42,30,16,104,0,0,70,10,80,16,42,100,26,184,200,320,520,704
12/07/2016,LRD,TX,ASW,CE,Federal Contract Tower,17,47,29,25,118,0,0,19,0,19,17,47,48,25,137,40,0,40,177
12/08/2016,LRD,TX,ASW,CE,Federal Contract Tower,17,40,44,11,112,0,0,6,3,9,17,40,50,14,121,0,0,0,121
12/09/2016,LRD,TX,ASW,CE,Federal Contract Tower,10,42,29,4,85,0,0,43,0,43,10,42,72,4,128,80,40,120,248
12/10/2016,LRD,TX,ASW,CE,Federal Contract Tower,9,19,25,2,55,0,0,3,0,3,9,19,28,2,58,20,0,20,78
12/11/2016,LRD,TX,ASW,CE,Federal Contract Tower,2,15,27,0,44,0,0,0,4,4,2,15,27,4,48,0,0,0,48
12/12/2016,LRD,TX,ASW,CE,Federal Contract Tower,16,52,34,8,110,0,0,0,0,0,16,52,34,8,110,0,0,0,110
12/13/2016,LRD,TX,ASW,CE,Federal Contract Tower,19,47,40,8,114,0,0,0,0,0,19,47,40,8,114,0,0,0,114
12/14/2016,LRD,TX,ASW,CE,Federal Contract Tower,17,43,27,0,87,0,0,14,0,14,17,43,41,0,101,20,0,20,121
12/15/2016,LRD,TX,ASW,CE,Federal Contract Tower,22,44,33,8,107,0,0,27,0,27,22,44,60,8,134,120,0,120,254
12/16/2016,LRD,TX,ASW,CE,Federal Contract Tower,24,36,46,6,112,0,0,6,0,6,24,36,52,6,118,0,0,0,118
12/17/2016,LRD,TX,ASW,CE,Federal Contract Tower,9,22,21,2,54,0,0,16,0,16,9,22,37,2,70,20,0,20,90
12/18/2016,LRD,TX,ASW,CE,Federal Contract Tower,5,22,26,8,61,0,0,21,5,26,5,22,47,13,87,20,0,20,107
12/19/2016,LRD,TX,ASW,CE,Federal Contract Tower,8,39,16,4,67,0,0,22,2,24,8,39,38,6,91,40,120,160,251
12/20/2016,LRD,TX,ASW,CE,Federal Contract Tower,26,50,50,8,134,0,0,44,0,44,26,50,94,8,178,100,160,260,438
12/21/2016,LRD,TX,ASW,CE,Federal Contract Tower,26,47,25,15,113,0,0,38,2,40,26,47,63,17,153,200,80,280,433
12/22/2016,LRD,TX,ASW,CE,Federal Contract Tower,23,39,24,3,89,0,0,0,0,0,23,39,24,3,89,0,0,0,89
12/23/2016,LRD,TX,ASW,CE,Federal Contract Tower,15,19,15,4,53,0,0,2,0,2,15,19,17,4,55,0,0,0,55
12/24/2016,LRD,TX,ASW,CE,Federal Contract Tower,3,7,8,0,18,0,0,6,0,6,3,7,14,0,24,0,0,0,24
12/25/2016,LRD,TX,ASW,CE,Federal Contract Tower,0,9,7,0,16,0,0,23,0,23,0,9,30,0,39,0,0,0,39
12/26/2016,LRD,TX,ASW,CE,Federal Contract Tower,2,16,38,0,56,0,0,15,0,15,2,16,53,0,71,0,0,0,71
12/27/2016,LRD,TX,ASW,CE,Federal Contract Tower,7,16,29,4,56,0,0,26,0,26,7,16,55,4,82,80,0,80,162
12/28/2016,LRD,TX,ASW,CE,Federal Contract Tower,15,13,30,4,62,0,0,34,10,44,15,13,64,14,106,80,0,80,186
12/29/2016,LRD,TX,ASW,CE,Federal Contract Tower,11,16,22,2,51,0,0,41,0,41,11,16,63,2,92,300,0,300,392
12/30/2016,LRD,TX,ASW,CE,Federal Contract Tower,7,25,21,0,53,0,0,27,0,27,7,25,48,0,80,120,0,120,200
12/31/2016,LRD,TX,ASW,CE,Federal Contract Tower,3,7,17,0,27,0,0,26,0,26,3,7,43,0,53,0,0,0,53
01/01/2017,LRD,TX,ASW,CE,Federal Contract Tower,1,11,9,0,21,0,0,19,0,19,1,11,28,0,40,0,0,0,40
01/02/2017,LRD,TX,ASW,CE,Federal Contract Tower,2,16,38,0,56,0,0,42,0,42,2,16,80,0,98,50,0,50,148
01/03/2017,LRD,TX,ASW,CE,Federal Contract Tower,8,19,21,2,50,0,0,37,0,37,8,19,58,2,87,0,0,0,87
01/04/2017,LRD,TX,ASW,CE,Federal Contract Tower,20,19,22,10,71,0,0,28,6,34,20,19,50,16,105,40,60,100,205
01/05/2017,LRD,TX,ASW,CE,Federal Contract Tower,32,20,45,15,112,0,0,36,4,40,32,20,81,19,152,160,0,160,312
01/06/2017,LRD,TX,ASW,CE,Federal Contract Tower,25,25,26,2,78,0,0,12,0,12,25,25,38,2,90,10,0,10,100
01/07/2017,LRD,TX,ASW,CE,Federal Contract Tower,2,15,23,3,43,0,0,19,0,19,2,15,42,3,62,20,0,20,82
01/08/2017,LRD,TX,ASW,CE,Federal Contract Tower,2,14,17,1,34,0,0,23,0,23,2,14,40,1,57,0,0,0,57
01/09/2017,LRD,TX,ASW,CE,Federal Contract Tower,8,20,21,14,63,0,0,35,1,36,8,20,56,15,99,140,200,340,439
01/10/2017,LRD,TX,ASW,CE,Federal Contract Tower,15,17,19,15,66,0,0,41,2,43,15,17,60,17,109,80,280,360,469
01/11/2017,LRD,TX,ASW,CE,Federal Contract Tower,9,23,26,27,85,0,0,35,4,39,9,23,61,31,124,80,280,360,484
01/12/2017,LRD,TX,ASW,CE,Federal Contract Tower,14,30,24,19,87,0,0,63,2,65,14,30,87,21,152,720,160,880,1032
01/13/2017,LRD,TX,ASW,CE,Federal Contract Tower,8,20,33,15,76,0,0,11,0,11,8,20,44,15,87,20,200,220,307
01/14/2017,LRD,TX,ASW,CE,Federal Contract Tower,2,14,25,0,41,0,0,10,0,10,2,14,35,0,51,40,0,40,91
01/15/2017,LRD,TX,ASW,CE,Federal Contract Tower,1,10,27,14,52,0,0,14,1,15,1,10,41,15,67,0,20,20,87
01/16/2017,LRD,TX,ASW,CE,Federal Contract Tower,3,19,40,1,63,0,0,23,2,25,3,19,63,3,88,80,0,80,168
01/17/2017,LRD,TX,ASW,CE,Federal Contract Tower,11,17,25,0,53,0,0,15,0,15,11,17,40,0,68,120,0,120,188
01/18/2017,LRD,TX,ASW,CE,Federal Contract Tower,8,24,28,26,86,0,0,15,0,15,8,24,43,26,101,240,200,440,541
01/19/2017,LRD,TX,ASW,CE,Federal Contract Tower,16,25,28,18,87,0,0,40,6,46,16,25,68,24,133,280,220,500,633
01/20/2017,LRD,TX,ASW,CE,Federal Contract Tower,7,23,28,7,65,0,0,6,2,8,7,23,34,9,73,40,120,160,233
01/21/2017,LRD,TX,ASW,CE,Federal Contract Tower,10,10,9,2,31,0,0,19,0,19,10,10,28,2,50,80,0,80,130
01/22/2017,LRD,TX,ASW,CE,Federal Contract Tower,0,11,22,2,35,0,0,6,0,6,0,11,28,2,41,0,0,0,41
01/23/2017,LRD,TX,ASW,CE,Federal Contract Tower,5,23,26,14,68,0,0,34,5,39,5,23,60,19,107,80,240,320,427
01/24/2017,LRD,TX,ASW,CE,Federal Contract Tower,13,22,23,16,74,0,0,35,4,39,13,22,58,20,113,0,280,280,393
01/25/2017,LRD,TX,ASW,CE,Federal Contract Tower,7,39,24,2,72,0,0,35,3,38,7,39,59,5,110,40,0,40,150
01/26/2017,LRD,TX,ASW,CE,Federal Contract Tower,11,19,23,2,55,0,0,42,3,45,11,19,65,5,100,80,40,120,220
01/27/2017,LRD,TX,ASW,CE,Federal Contract Tower,5,35,33,4,77,0,0,30,4,34,5,35,63,8,111,0,120,120,231
01/28/2017,LRD,TX,ASW,CE,Federal Contract Tower,3,16,6,4,29,0,0,10,0,10,3,16,16,4,39,0,0,0,39
01/29/2017,LRD,TX,ASW,CE,Federal Contract Tower,3,10,19,2,34,0,0,13,5,18,3,10,32,7,52,10,0,10,62
01/30/2017,LRD,TX,ASW,CE,Federal Contract Tower,6,23,19,7,55,0,0,45,8,53,6,23,64,15,108,40,80,120,228
01/31/2017,LRD,TX,ASW,CE,Federal Contract Tower,12,13,27,6,58,0,0,51,14,65,12,13,78,20,123,120,0,120,243
02/01/2017,LRD,TX,ASW,CE,Federal Contract Tower,7,22,19,14,62,0,0,32,16,48,7,22,51,30,110,80,0,80,190
02/02/2017,LRD,TX,ASW,CE,Federal Contract Tower,11,20,30,4,65,0,0,22,2,24,11,20,52,6,89,80,0,80,169
02/03/2017,LRD,TX,ASW,CE,Federal Contract Tower,7,20,29,6,62,0,0,10,0,10,7,20,39,6,72,80,0,80,152
02/04/2017,LRD,TX,ASW,CE,Federal Contract Tower,5,10,19,2,36,0,0,1,0,1,5,10,20,2,37,0,0,0,37
02/05/2017,LRD,TX,ASW,CE,Federal Contract Tower,4,12,11,0,27,0,0,6,0,6,4,12,17,0,33,20,0,20,53
02/06/2017,LRD,TX,ASW,CE,Federal Contract Tower,5,20,30,8,63,0,0,26,2,28,5,20,56,10,91,120,160,280,371
02/07/2017,LRD,TX,ASW,CE,Federal Contract Tower,19,27,23,6,75,0,0,40,6,46,19,27,63,12,121,40,0,40,161
02/08/2017,LRD,TX,ASW,CE,Federal Contract Tower,7,37,18,6,68,0,0,38,4,42,7,37,56,10,110,200,160,360,470
02/09/2017,LRD,TX,ASW,CE,Federal Contract Tower,11,39,24,5,79,0,0,47,2,49,11,39,71,7,128,0,60,60,188
02/10/2017,LRD,TX,ASW,CE,Federal Contract Tower,10,34,16,5,65,0,0,26,0,26,10,34,42,5,91,40,20,60,151
02/11/2017,LRD,TX,ASW,CE,Federal Contract Tower,2,11,9,3,25,0,0,12,1,13,2,11,21,4,38,0,0,0,38
02/12/2017,LRD,TX,ASW,CE,Federal Contract Tower,0,13,12,2,27,0,0,20,0,20,0,13,32,2,47,40,0,40,87
02/13/2017,LRD,TX,ASW,CE,Federal Contract Tower,3,24,34,26,87,0,0,16,9,25,3,24,50,35,112,0,440,440,552
02/14/2017,LRD,TX,ASW,CE,Federal Contract Tower,18,23,13,27,81,0,0,30,2,32,18,23,43,29,113,60,560,620,733
02/15/2017,LRD,TX,ASW,CE,Federal Contract Tower,7,29,38,8,82,0,0,46,2,48,7,29,84,10,130,160,0,160,290
02/16/2017,LRD,TX,ASW,CE,Federal Contract Tower,11,16,25,19,71,0,0,39,8,47,11,16,64,27,118,60,240,300,418
02/17/2017,LRD,TX,ASW,CE,Federal Contract Tower,7,26,14,4,51,0,0,38,2,40,7,26,52,6,91,0,0,0,91
02/18/2017,LRD,TX,ASW,CE,Federal Contract Tower,3,13,18,4,38,0,0,29,0,29,3,13,47,4,67,0,0,0,67
02/19/2017,LRD,TX,ASW,CE,Federal Contract Tower,0,16,13,0,29,0,0,17,0,17,0,16,30,0,46,0,0,0,46
02/20/2017,LRD,TX,ASW,CE,Federal Contract Tower,7,22,35,7,71,0,0,26,0,26,7,22,61,7,97,0,0,0,97
02/21/2017,LRD,TX,ASW,CE,Federal Contract Tower,14,23,47,4,88,0,0,39,8,47,14,23,86,12,135,120,0,120,255
02/22/2017,LRD,TX,ASW,CE,Federal Contract Tower,5,28,25,14,72,0,0,35,0,35,5,28,60,14,107,120,0,120,227
02/23/2017,LRD,TX,ASW,CE,Federal Contract Tower,13,35,26,16,90,0,0,35,6,41,13,35,61,22,131,160,280,440,571
02/24/2017,LRD,TX,ASW,CE,Federal Contract Tower,10,30,13,5,58,0,0,51,4,55,10,30,64,9,113,20,120,140,253
02/25/2017,LRD,TX,ASW,CE,Federal Contract Tower,4,7,18,0,29,0,0,28,0,28,4,7,46,0,57,20,0,20,77
02/26/2017,LRD,TX,ASW,CE,Federal Contract Tower,0,16,13,8,37,0,0,15,4,19,0,16,28,12,56,10,0,10,66
02/27/2017,LRD,TX,ASW,CE,Federal Contract Tower,5,20,35,16,76,0,0,15,14,29,5,20,50,30,105,0,50,50,155
02/28/2017,LRD,TX,ASW,CE,Federal Contract Tower,16,25,21,2,64,0,0,16,16,32,16,25,37,18,96,120,0,120,216
03/01/2017,LRD,TX,ASW,CE,Federal Contract Tower,9,38,23,0,70,0,1,38,4,43,9,39,61,4,113,30,0,30,143
03/02/2017,LRD,TX,ASW,CE,Federal Contract Tower,13,24,26,4,67,0,0,30,6,36,13,24,56,10,103,80,0,80,183
03/03/2017,LRD,TX,ASW,CE,Federal Contract Tower,9,25,28,5,67,0,1,35,1,37,9,26,63,6,104,60,100,160,264
03/04/2017,LRD,TX,ASW,CE,Federal Contract Tower,4,12,5,2,23,0,0,0,0,0,4,12,5,2,23,0,0,0,23
03/05/2017,LRD,TX,ASW,CE,Federal Contract Tower,2,13,15,6,36,0,0,7,0,7,2,13,22,6,43,20,0,20,63
03/06/2017,LRD,TX,ASW,CE,Federal Contract Tower,4,27,32,10,73,0,0,37,6,43,4,27,69,16,116,120,50,170,286
03/07/2017,LRD,TX,ASW,CE,Federal Contract Tower,24,37,19,23,103,0,0,44,6,50,24,37,63,29,153,40,100,140,293
03/08/2017,LRD,TX,ASW,CE,Federal Contract Tower,14,31,26,4,75,0,0,11,6,17,14,31,37,10,92,0,0,0,92
03/09/2017,LRD,TX,ASW,CE,Federal Contract Tower,18,29,35,0,82,0,0,10,0,10,18,29,45,0,92,80,0,80,172
03/10/2017,LRD,TX,ASW,CE,Federal Contract Tower,8,17,22,2,49,0,0,16,1,17,8,17,38,3,66,60,0,60,126
03/11/2017,LRD,TX,ASW,CE,Federal Contract Tower,3,21,15,4,43,0,0,20,0,20,3,21,35,4,63,20,0,20,83
03/12/2017,LRD,TX,ASW,CE,Federal Contract Tower,1,15,18,0,34,0,0,12,0,12,1,15,30,0,46,40,0,40,86
03/13/2017,LRD,TX,ASW,CE,Federal Contract Tower,6,25,22,12,65,0,0,17,5,22,6,25,39,17,87,20,0,20,107
03/14/2017,LRD,TX,ASW,CE,Federal Contract Tower,16,43,18,2,79,0,0,35,17,52,16,43,53,19,131,160,60,220,351
03/15/2017,LRD,TX,ASW,CE,Federal Contract Tower,8,29,37,4,78,0,0,39,6,45,8,29,76,10,123,60,0,60,183
03/16/2017,LRD,TX,ASW,CE,Federal Contract Tower,15,30,31,5,81,0,0,25,1,26,15,30,56,6,107,80,120,200,307
03/17/2017,LRD,TX,ASW,CE,Federal Contract Tower,5,32,31,2,70,0,0,13,0,13,5,32,44,2,83,20,60,80,163
03/18/2017,LRD,TX,ASW,CE,Federal Contract Tower,8,19,12,0,39,0,0,15,0,15,8,19,27,0,54,0,0,0,54
03/19/2017,LRD,TX,ASW,CE,Federal Contract Tower,1,17,14,6,38,0,0,11,0,11,1,17,25,6,49,0,0,0,49
03/20/2017,LRD,TX,ASW,CE,Federal Contract Tower,5,18,39,11,73,0,0,30,2,32,5,18,69,13,105,140,160,300,405
03/21/2017,LRD,TX,ASW,CE,Federal Contract Tower,13,34,26,18,91,0,0,23,2,25,13,34,49,20,116,40,200,240,356
03/22/2017,LRD,TX,ASW,CE,Federal Contract Tower,14,31,27,10,82,0,0,46,3,49,14,31,73,13,131,160,160,320,451
03/23/2017,LRD,TX,ASW,CE,Federal Contract Tower,39,42,28,22,131,0,0,20,4,24,39,42,48,26,155,20,130,150,305
03/24/2017,LRD,TX,ASW,CE,Federal Contract Tower,24,22,15,26,87,0,0,32,4,36,24,22,47,30,123,80,280,360,483
03/25/2017,LRD,TX,ASW,CE,Federal Contract Tower,2,14,15,3,34,0,0,24,0,24,2,14,39,3,58,0,0,0,58
03/26/2017,LRD,TX,ASW,CE,Federal Contract Tower,3,12,3,1,19,0,0,7,1,8,3,12,10,2,27,80,0,80,107
03/27/2017,LRD,TX,ASW,CE,Federal Contract Tower,3,35,33,4,75,0,0,15,9,24,3,35,48,13,99,40,80,120,219
03/28/2017,LRD,TX,ASW,CE,Federal Contract Tower,9,27,29,21,86,0,0,36,11,47,9,27,65,32,133,120,160,280,413
03/29/2017,LRD,TX,ASW,CE,Federal Contract Tower,10,37,25,23,95,0,0,35,3,38,10,37,60,26,133,20,400,420,553
03/30/2017,LRD,TX,ASW,CE,Federal Contract Tower,21,36,20,7,84,0,1,28,4,33,21,37,48,11,117,0,50,50,167
03/31/2017,LRD,TX,ASW,CE,Federal Contract Tower,13,30,19,6,68,0,0,36,2,38,13,30,55,8,106,60,200,260,366
04/01/2017,LRD,TX,ASW,CE,Federal Contract Tower,4,16,3,0,23,0,0,18,0,18,4,16,21,0,41,10,0,10,51
04/02/2017,LRD,TX,ASW,CE,Federal Contract Tower,5,11,5,6,27,0,0,11,0,11,5,11,16,6,38,0,0,0,38
04/03/2017,LRD,TX,ASW,CE,Federal Contract Tower,9,36,23,8,76,0,0,29,2,31,9,36,52,10,107,0,40,40,147
04/04/2017,LRD,TX,ASW,CE,Federal Contract Tower,20,32,19,20,91,0,0,51,4,55,20,32,70,24,146,90,360,450,596
04/05/2017,LRD,TX,ASW,CE,Federal Contract Tower,20,28,31,8,87,0,0,53,0,53,20,28,84,8,140,290,360,650,790
04/06/2017,LRD,TX,ASW,CE,Federal Contract Tower,18,26,31,6,81,0,0,40,0,40,18,26,71,6,121,70,40,110,231
04/07/2017,LRD,TX,ASW,CE,Federal Contract Tower,11,22,35,6,74,0,0,44,0,44,11,22,79,6,118,110,240,350,468
04/08/2017,LRD,TX,ASW,CE,Federal Contract Tower,3,9,32,0,44,0,0,27,0,27,3,9,59,0,71,40,0,40,111
04/09/2017,LRD,TX,ASW,CE,Federal Contract Tower,0,18,18,0,36,0,0,15,0,15,0,18,33,0,51,0,0,0,51
04/10/2017,LRD,TX,ASW,CE,Federal Contract Tower,10,19,40,4,73,0,0,21,0,21,10,19,61,4,94,110,40,150,244
04/11/2017,LRD,TX,ASW,CE,Federal Contract Tower,21,19,28,0,68,0,0,20,0,20,21,19,48,0,88,120,0,120,208
04/12/2017,LRD,TX,ASW,CE,Federal Contract Tower,20,26,25,4,75,0,0,25,0,25,20,26,50,4,100,0,80,80,180
04/13/2017,LRD,TX,ASW,CE,Federal Contract Tower,22,21,37,8,88,0,0,27,0,27,22,21,64,8,115,100,160,260,375
04/14/2017,LRD,TX,ASW,CE,Federal Contract Tower,13,17,11,4,45,0,0,30,0,30,13,17,41,4,75,180,100,280,355
04/15/2017,LRD,TX,ASW,CE,Federal Contract Tower,6,6,9,0,21,0,0,6,0,6,6,6,15,0,27,0,0,0,27
04/16/2017,LRD,TX,ASW,CE,Federal Contract Tower,6,5,14,0,25,0,0,10,0,10,6,5,24,0,35,20,0,20,55
04/17/2017,LRD,TX,ASW,CE,Federal Contract Tower,10,21,24,0,55,0,0,20,2,22,10,21,44,2,77,60,0,60,137
04/18/2017,LRD,TX,ASW,CE,Federal Contract Tower,23,14,24,3,64,0,0,41,3,44,23,14,65,6,108,40,0,40,148
04/19/2017,LRD,TX,ASW,CE,Federal Contract Tower,18,15,34,24,91,0,0,51,5,56,18,15,85,29,147,50,420,470,617
04/20/2017,LRD,TX,ASW,CE,Federal Contract Tower,21,24,36,16,97,0,0,50,4,54,21,24,86,20,151,340,100,440,591
04/21/2017,LRD,TX,ASW,CE,Federal Contract Tower,17,14,37,11,79,0,1,25,6,32,17,15,62,17,111,60,200,260,371
04/22/2017,LRD,TX,ASW,CE,Federal Contract Tower,11,10,13,1,35,0,0,18,0,18,11,10,31,1,53,0,0,0,53
04/23/2017,LRD,TX,ASW,CE,Federal Contract Tower,7,14,17,0,38,0,0,19,3,22,7,14,36,3,60,0,10,10,70
04/24/2017,LRD,TX,ASW,CE,Federal Contract Tower,8,22,31,8,69,0,2,33,3,38,8,24,64,11,107,110,160,270,377
04/25/2017,LRD,TX,ASW,CE,Federal Contract Tower,20,26,21,4,71,0,0,25,6,31,20,26,46,10,102,0,80,80,182
04/26/2017,LRD,TX,ASW,CE,Federal Contract Tower,17,23,25,3,68,0,0,13,2,15,17,23,38,5,83,40,40,80,163
04/27/2017,LRD,TX,ASW,CE,Federal Contract Tower,26,30,46,13,115,0,0,37,12,49,26,30,83,25,164,160,200,360,524
04/28/2017,LRD,TX,ASW,CE,Federal Contract Tower,16,21,20,3,60,0,0,22,0,22,16,21,42,3,82,0,40,40,122
04/29/2017,LRD,TX,ASW,CE,Federal Contract Tower,7,6,6,4,23,0,0,25,2,27,7,6,31,6,50,160,40,200,250
04/30/2017,LRD,TX,ASW,CE,Federal Contract Tower,5,5,8,2,20,0,0,17,1,18,5,5,25,3,38,0,40,40,78
05/01/2017,LRD,TX,ASW,CE,Federal Contract Tower,10,6,24,7,47,0,0,35,6,41,10,6,59,13,88,120,120,240,328
05/02/2017,LRD,TX,ASW,CE,Federal Contract Tower,25,34,23,9,91,0,0,35,4,39,25,34,58,13,130,220,240,460,590
05/03/2017,LRD,TX,ASW,CE,Federal Contract Tower,23,23,28,9,83,0,0,30,2,32,23,23,58,11,115,160,200,360,475
05/04/2017,LRD,TX,ASW,CE,Federal Contract Tower,29,25,25,10,89,0,0,25,4,29,29,25,50,14,118,130,280,410,528
05/05/2017,LRD,TX,ASW,CE,Federal Contract Tower,13,29,12,7,61,0,0,36,0,36,13,29,48,7,97,100,120,220,317
05/06/2017,LRD,TX,ASW,CE,Federal Contract Tower,8,15,3,0,26,0,0,25,0,25,8,15,28,0,51,40,0,40,91
05/07/2017,LRD,TX,ASW,CE,Federal Contract Tower,5,12,19,0,36,0,0,16,0,16,5,12,35,0,52,0,0,0,52
05/08/2017,LRD,TX,ASW,CE,Federal Contract Tower,19,25,26,9,79,0,0,27,1,28,19,25,53,10,107,80,200,280,387
05/09/2017,LRD,TX,ASW,CE,Federal Contract Tower,23,38,27,6,94,0,0,19,2,21,23,38,46,8,115,80,120,200,315
05/10/2017,LRD,TX,ASW,CE,Federal Contract Tower,18,24,24,11,77,0,0,23,0,23,18,24,47,11,100,40,200,240,340
05/11/2017,LRD,TX,ASW,CE,Federal Contract Tower,18,30,32,11,91,0,0,52,0,52,18,30,84,11,143,80,200,280,423
05/12/2017,LRD,TX,ASW,CE,Federal Contract Tower,28,23,16,11,78,0,0,47,1,48,28,23,63,12,126,40,160,200,326
05/13/2017,LRD,TX,ASW,CE,Federal Contract Tower,7,18,7,0,32,0,0,16,0,16,7,18,23,0,48,0,0,0,48
05/14/2017,LRD,TX,ASW,CE,Federal Contract Tower,4,13,5,0,22,0,0,23,0,23,4,13,28,0,45,0,0,0,45
05/15/2017,LRD,TX,ASW,CE,Federal Contract Tower,11,24,39,4,78,0,0,22,0,22,11,24,61,4,100,80,80,160,260
05/16/2017,LRD,TX,ASW,CE,Federal Contract Tower,25,18,23,13,79,0,0,35,1,36,25,18,58,14,115,80,240,320,435
05/17/2017,LRD,TX,ASW,CE,Federal Contract Tower,19,30,24,0,73,0,0,25,0,25,19,30,49,0,98,140,0,140,238
05/18/2017,LRD,TX,ASW,CE,Federal Contract Tower,21,42,16,2,81,0,0,34,0,34,21,42,50,2,115,200,0,200,315
05/19/2017,LRD,TX,ASW,CE,Federal Contract Tower,15,22,23,2,62,0,0,23,0,23,15,22,46,2,85,40,40,80,165
05/20/2017,LRD,TX,ASW,CE,Federal Contract Tower,6,22,15,0,43,0,2,9,0,11,6,24,24,0,54,90,0,90,144
05/21/2017,LRD,TX,ASW,CE,Federal Contract Tower,7,15,15,0,37,0,0,8,0,8,7,15,23,0,45,0,0,0,45
05/22/2017,LRD,TX,ASW,CE,Federal Contract Tower,29,31,32,2,94,0,0,16,0,16,29,31,48,2,110,0,40,40,150
05/23/2017,LRD,TX,ASW,CE,Federal Contract Tower,35,78,9,18,140,0,0,26,0,26,35,78,35,18,166,160,60,220,386
05/24/2017,LRD,TX,ASW,CE,Federal Contract Tower,35,73,22,5,135,0,0,58,1,59,35,73,80,6,194,160,160,320,514
05/25/2017,LRD,TX,ASW,CE,Federal Contract Tower,38,41,30,10,119,0,0,54,0,54,38,41,84,10,173,120,160,280,453
05/26/2017,LRD,TX,ASW,CE,Federal Contract Tower,37,39,34,2,112,0,0,33,0,33,37,39,67,2,145,0,0,0,145
05/27/2017,LRD,TX,ASW,CE,Federal Contract Tower,11,11,9,0,31,0,0,17,0,17,11,11,26,0,48,0,0,0,48
05/28/2017,LRD,TX,ASW,CE,Federal Contract Tower,15,9,15,2,41,0,0,16,0,16,15,9,31,2,57,5,0,5,62
05/29/2017,LRD,TX,ASW,CE,Federal Contract Tower,17,18,26,4,65,0,0,18,0,18,17,18,44,4,83,40,0,40,123
05/30/2017,LRD,TX,ASW,CE,Federal Contract Tower,19,24,34,8,85,0,0,27,0,27,19,24,61,8,112,60,200,260,372
05/31/2017,LRD,TX,ASW,CE,Federal Contract Tower,38,33,25,0,96,0,0,7,0,7,38,33,32,0,103,10,0,10,113
06/01/2017,LRD,TX,ASW,CE,Federal Contract Tower,45,26,22,16,109,0,0,11,0,11,45,26,33,16,120,0,120,120,240
06/02/2017,LRD,TX,ASW,CE,Federal Contract Tower,26,32,21,4,83,0,0,20,0,20,26,32,41,4,103,0,40,40,143
06/03/2017,LRD,TX,ASW,CE,Federal Contract Tower,5,20,8,0,33,0,0,28,0,28,5,20,36,0,61,40,0,40,101
06/04/2017,LRD,TX,ASW,CE,Federal Contract Tower,12,16,5,6,39,0,0,16,1,17,12,16,21,7,56,0,0,0,56
06/05/2017,LRD,TX,ASW,CE,Federal Contract Tower,26,34,15,18,93,0,0,17,1,18,26,34,32,19,111,80,280,360,471
06/06/2017,LRD,TX,ASW,CE,Federal Contract Tower,35,30,30,8,103,0,0,13,0,13,35,30,43,8,116,40,120,160,276
06/07/2017,LRD,TX,ASW,CE,Federal Contract Tower,36,30,23,9,98,0,0,33,0,33,36,30,56,9,131,140,80,220,351
06/08/2017,LRD,TX,ASW,CE,Federal Contract Tower,28,26,20,11,85,0,0,23,1,24,28,26,43,12,109,40,540,580,689
06/09/2017,LRD,TX,ASW,CE,Federal Contract Tower,37,24,19,5,85,0,0,28,0,28,37,24,47,5,113,60,160,220,333
06/10/2017,LRD,TX,ASW,CE,Federal Contract Tower,18,14,6,0,38,0,0,17,0,17,18,14,23,0,55,0,0,0,55
06/11/2017,LRD,TX,ASW,CE,Federal Contract Tower,7,12,12,0,31,0,0,20,0,20,7,12,32,0,51,0,0,0,51
06/12/2017,LRD,TX,ASW,CE,Federal Contract Tower,31,42,27,8,108,0,0,28,0,28,31,42,55,8,136,110,160,270,406
06/13/2017,LRD,TX,ASW,CE,Federal Contract Tower,38,48,17,9,112,0,0,33,3,36,38,48,50,12,148,40,40,80,228
06/14/2017,LRD,TX,ASW,CE,Federal Contract Tower,32,50,33,12,127,0,0,31,0,31,32,50,64,12,158,20,280,300,458
06/15/2017,LRD,TX,ASW,CE,Federal Contract Tower,31,51,25,5,112,0,0,33,0,33,31,51,58,5,145,120,80,200,345
06/16/2017,LRD,TX,ASW,CE,Federal Contract Tower,25,30,30,6,91,0,2,27,0,29,25,32,57,6,120,10,0,10,130
06/17/2017,LRD,TX,ASW,CE,Federal Contract Tower,16,12,14,0,42,0,0,12,0,12,16,12,26,0,54,0,0,0,54
06/18/2017,LRD,TX,ASW,CE,Federal Contract Tower,13,14,9,0,36,0,0,12,0,12,13,14,21,0,48,0,0,0,48
06/19/2017,LRD,TX,ASW,CE,Federal Contract Tower,24,18,16,30,88,0,0,43,0,43,24,18,59,30,131,240,640,880,1011
06/20/2017,LRD,TX,ASW,CE,Federal Contract Tower,36,39,29,4,108,0,1,36,1,38,36,40,65,5,146,120,40,160,306
06/21/2017,LRD,TX,ASW,CE,Federal Contract Tower,25,44,16,8,93,0,0,25,0,25,25,44,41,8,118,0,240,240,358
06/22/2017,LRD,TX,ASW,CE,Federal Contract Tower,28,27,21,2,78,0,0,31,0,31,28,27,52,2,109,120,0,120,229
06/23/2017,LRD,TX,ASW,CE,Federal Contract Tower,24,40,14,22,100,0,1,22,0,23,24,41,36,22,123,20,200,220,343
06/24/2017,LRD,TX,ASW,CE,Federal Contract Tower,8,11,20,0,39,0,0,14,0,14,8,11,34,0,53,0,0,0,53
06/25/2017,LRD,TX,ASW,CE,Federal Contract Tower,8,17,13,0,38,0,0,11,0,11,8,17,24,0,49,10,0,10,59
06/26/2017,LRD,TX,ASW,CE,Federal Contract Tower,17,41,20,3,81,0,0,21,1,22,17,41,41,4,103,0,80,80,183
06/27/2017,LRD,TX,ASW,CE,Federal Contract Tower,31,32,21,12,96,0,0,19,2,21,31,32,40,14,117,20,40,60,177
06/28/2017,LRD,TX,ASW,CE,Federal Contract Tower,22,49,23,2,96,0,0,31,0,31,22,49,54,2,127,160,0,160,287
06/29/2017,LRD,TX,ASW,CE,Federal Contract Tower,27,32,22,12,93,0,0,24,0,24,27,32,46,12,117,120,320,440,557
06/30/2017,LRD,TX,ASW,CE,Federal Contract Tower,20,27,15,8,70,0,1,27,0,28,20,28,42,8,98,40,140,180,278
07/01/2017,LRD,TX,ASW,CE,Federal Contract Tower,5,7,19,0,31,0,0,23,0,23,5,7,42,0,54,0,0,0,54
07/02/2017,LRD,TX,ASW,CE,Federal Contract Tower,7,5,8,0,20,0,0,10,0,10,7,5,18,0,30,0,0,0,30
07/03/2017,LRD,TX,ASW,CE,Federal Contract Tower,17,14,5,0,36,0,0,32,0,32,17,14,37,0,68,210,0,210,278
07/04/2017,LRD,TX,ASW,CE,Federal Contract Tower,12,8,11,0,31,0,0,23,0,23,12,8,34,0,54,120,0,120,174
07/05/2017,LRD,TX,ASW,CE,Federal Contract Tower,17,27,18,11,73,0,0,37,0,37,17,27,55,11,110,20,280,300,410
07/06/2017,LRD,TX,ASW,CE,Federal Contract Tower,34,20,16,7,77,0,0,24,1,25,34,20,40,8,102,0,160,160,262
07/08/2017,LRD,TX,ASW,CE,Federal Contract Tower,11,10,3,0,24,0,0,16,0,16,11,10,19,0,40,0,0,0,40
07/09/2017,LRD,TX,ASW,CE,Federal Contract Tower,5,7,11,4,27,0,0,12,2,14,5,7,23,6,41,0,0,0,41
07/10/2017,LRD,TX,ASW,CE,Federal Contract Tower,22,18,13,7,60,0,0,29,0,29,22,18,42,7,89,240,200,440,529
07/11/2017,LRD,TX,ASW,CE,Federal Contract Tower,29,27,15,1,72,0,0,24,12,36,29,27,39,13,108,160,200,360,468
07/12/2017,LRD,TX,ASW,CE,Federal Contract Tower,26,37,10,1,74,0,0,16,1,17,26,37,26,2,91,140,0,140,231
07/13/2017,LRD,TX,ASW,CE,Federal Contract Tower,27,36,10,3,76,0,0,13,2,15,27,36,23,5,91,120,80,200,291
07/14/2017,LRD,TX,ASW,CE,Federal Contract Tower,21,23,26,21,91,0,0,31,1,32,21,23,57,22,123,440,420,860,983
07/15/2017,LRD,TX,ASW,CE,Federal Contract Tower,7,12,11,0,30,0,1,9,0,10,7,13,20,0,40,0,0,0,40
07/16/2017,LRD,TX,ASW,CE,Federal Contract Tower,9,5,8,0,22,0,0,11,0,11,9,5,19,0,33,0,0,0,33
07/17/2017,LRD,TX,ASW,CE,Federal Contract Tower,19,10,9,14,52,0,33,4,0,37,19,43,13,14,89,200,220,420,509
07/18/2017,LRD,TX,ASW,CE,Federal Contract Tower,19,36,20,2,77,0,0,28,8,36,19,36,48,10,113,160,280,440,553
07/19/2017,LRD,TX,ASW,CE,Federal Contract Tower,23,36,22,4,85,0,0,30,1,31,23,36,52,5,116,80,160,240,356
07/20/2017,LRD,TX,ASW,CE,Federal Contract Tower,26,20,13,9,68,0,0,53,3,56,26,20,66,12,124,120,320,440,564
07/21/2017,LRD,TX,ASW,CE,Federal Contract Tower,20,17,18,6,61,0,0,26,3,29,20,17,44,9,90,80,160,240,330
07/22/2017,LRD,TX,ASW,CE,Federal Contract Tower,6,6,15,0,27,0,1,22,0,23,6,7,37,0,50,20,0,20,70
07/23/2017,LRD,TX,ASW,CE,Federal Contract Tower,7,10,4,0,21,0,0,18,0,18,7,10,22,0,39,20,0,20,59
07/24/2017,LRD,TX,ASW,CE,Federal Contract Tower,26,23,15,6,70,0,0,28,6,34,26,23,43,12,104,0,120,120,224
07/25/2017,LRD,TX,ASW,CE,Federal Contract Tower,29,30,26,7,92,0,0,26,4,30,29,30,52,11,122,0,40,40,162
07/26/2017,LRD,TX,ASW,CE,Federal Contract Tower,26,37,12,3,78,0,0,43,0,43,26,37,55,3,121,240,40,280,401
07/27/2017,LRD,TX,ASW,CE,Federal Contract Tower,23,31,12,3,69,0,0,31,2,33,23,31,43,5,102,180,40,220,322
07/28/2017,LRD,TX,ASW,CE,Federal Contract Tower,16,23,20,7,66,0,0,32,0,32,16,23,52,7,98,120,160,280,378
07/29/2017,LRD,TX,ASW,CE,Federal Contract Tower,10,4,9,1,24,0,0,18,0,18,10,4,27,1,42,0,0,0,42
07/30/2017,LRD,TX,ASW,CE,Federal Contract Tower,7,7,7,0,21,0,0,35,0,35,7,7,42,0,56,40,0,40,96
07/31/2017,LRD,TX,ASW,CE,Federal Contract Tower,14,21,20,11,66,0,0,18,2,20,14,21,38,13,86,10,120,130,216
08/01/2017,LRD,TX,ASW,CE,Federal Contract Tower,31,18,20,27,96,0,0,36,19,55,31,18,56,46,151,40,320,360,511
08/02/2017,LRD,TX,ASW,CE,Federal Contract Tower,21,18,22,31,92,0,0,22,4,26,21,18,44,35,118,160,360,520,638
08/03/2017,LRD,TX,ASW,CE,Federal Contract Tower,22,40,12,0,74,0,0,27,0,27,22,40,39,0,101,100,0,100,201
08/04/2017,LRD,TX,ASW,CE,Federal Contract Tower,14,18,8,2,42,0,0,19,2,21,14,18,27,4,63,90,40,130,193
08/05/2017,LRD,TX,ASW,CE,Federal Contract Tower,8,10,7,0,25,0,0,27,0,27,8,10,34,0,52,0,0,0,52
08/06/2017,LRD,TX,ASW,CE,Federal Contract Tower,9,6,13,0,28,0,0,18,0,18,9,6,31,0,46,0,0,0,46
08/07/2017,LRD,TX,ASW,CE,Federal Contract Tower,21,12,23,9,65,0,0,9,2,11,21,12,32,11,76,0,80,80,156
08/08/2017,LRD,TX,ASW,CE,Federal Contract Tower,24,31,23,13,91,0,0,16,11,27,24,31,39,24,118,80,320,400,518
08/09/2017,LRD,TX,ASW,CE,Federal Contract Tower,25,28,32,10,95,0,0,26,6,32,25,28,58,16,127,120,40,160,287
08/10/2017,LRD,TX,ASW,CE,Federal Contract Tower,29,27,24,5,85,0,1,23,2,26,29,28,47,7,111,120,0,120,231
08/11/2017,LRD,TX,ASW,CE,Federal Contract Tower,19,22,23,2,66,0,0,32,2,34,19,22,55,4,100,0,0,0,100
08/12/2017,LRD,TX,ASW,CE,Federal Contract Tower,6,10,8,4,28,0,0,36,0,36,6,10,44,4,64,160,0,160,224
08/13/2017,LRD,TX,ASW,CE,Federal Contract Tower,6,8,10,0,24,0,0,22,0,22,6,8,32,0,46,80,0,80,126
08/14/2017,LRD,TX,ASW,CE,Federal Contract Tower,26,14,16,21,77,0,0,24,3,27,26,14,40,24,104,160,120,280,384
08/15/2017,LRD,TX,ASW,CE,Federal Contract Tower,25,29,18,4,76,0,0,27,9,36,25,29,45,13,112,40,0,40,152
08/16/2017,LRD,TX,ASW,CE,Federal Contract Tower,21,25,22,9,77,0,0,38,11,49,21,25,60,20,126,120,320,440,566
08/17/2017,LRD,TX,ASW,CE,Federal Contract Tower,31,25,22,7,85,0,0,53,4,57,31,25,75,11,142,120,120,240,382
08/18/2017,LRD,TX,ASW,CE,Federal Contract Tower,18,23,14,6,61,0,0,27,4,31,18,23,41,10,92,40,80,120,212
08/19/2017,LRD,TX,ASW,CE,Federal Contract Tower,9,11,12,0,32,0,0,15,0,15,9,11,27,0,47,0,0,0,47
08/20/2017,LRD,TX,ASW,CE,Federal Contract Tower,9,7,8,0,24,0,0,24,2,26,9,7,32,2,50,40,0,40,90
08/21/2017,LRD,TX,ASW,CE,Federal Contract Tower,18,19,23,5,65,0,0,30,2,32,18,19,53,7,97,230,100,330,427
08/22/2017,LRD,TX,ASW,CE,Federal Contract Tower,22,22,33,5,82,0,0,27,15,42,22,22,60,20,124,140,160,300,424
08/23/2017,LRD,TX,ASW,CE,Federal Contract Tower,24,31,34,10,99,0,0,34,7,41,24,31,68,17,140,20,200,220,360
08/24/2017,LRD,TX,ASW,CE,Federal Contract Tower,25,44,32,15,116,0,0,0,0,0,25,44,32,15,116,40,220,260,376
08/25/2017,LRD,TX,ASW,CE,Federal Contract Tower,24,22,14,2,62,0,0,12,0,12,24,22,26,2,74,0,0,0,74
08/26/2017,LRD,TX,ASW,CE,Federal Contract Tower,4,16,2,2,24,0,0,12,0,12,4,16,14,2,36,40,0,40,76
08/27/2017,LRD,TX,ASW,CE,Federal Contract Tower,9,7,13,1,30,0,0,13,1,14,9,7,26,2,44,0,0,0,44
08/28/2017,LRD,TX,ASW,CE,Federal Contract Tower,16,18,19,4,57,0,0,24,0,24,16,18,43,4,81,160,160,320,401
08/29/2017,LRD,TX,ASW,CE,Federal Contract Tower,18,30,9,0,57,0,0,36,0,36,18,30,45,0,93,80,0,80,173
08/30/2017,LRD,TX,ASW,CE,Federal Contract Tower,25,24,17,8,74,0,0,37,0,37,25,24,54,8,111,100,80,180,291
09/01/2017,LRD,TX,ASW,CE,Federal Contract Tower,24,19,19,2,64,0,0,40,0,40,24,19,59,2,104,80,0,80,184
09/02/2017,LRD,TX,ASW,CE,Federal Contract Tower,7,7,8,0,22,0,0,12,0,12,7,7,20,0,34,20,0,20,54
09/03/2017,LRD,TX,ASW,CE,Federal Contract Tower,6,1,7,0,14,0,0,6,0,6,6,1,13,0,20,20,0,20,40
09/04/2017,LRD,TX,ASW,CE,Federal Contract Tower,13,17,11,0,41,0,0,13,0,13,13,17,24,0,54,0,0,0,54
09/05/2017,LRD,TX,ASW,CE,Federal Contract Tower,16,19,20,25,80,0,0,48,3,51,16,19,68,28,131,120,120,240,371
09/06/2017,LRD,TX,ASW,CE,Federal Contract Tower,25,19,24,23,91,0,0,16,8,24,25,19,40,31,115,0,80,80,195
09/07/2017,LRD,TX,ASW,CE,Federal Contract Tower,28,31,16,13,88,0,0,39,11,50,28,31,55,24,138,70,340,410,548
09/08/2017,LRD,TX,ASW,CE,Federal Contract Tower,26,28,19,2,75,0,1,38,1,40,26,29,57,3,115,40,140,180,295
09/09/2017,LRD,TX,ASW,CE,Federal Contract Tower,12,9,15,2,38,0,0,22,0,22,12,9,37,2,60,0,0,0,60
09/10/2017,LRD,TX,ASW,CE,Federal Contract Tower,6,11,6,0,23,0,0,14,0,14,6,11,20,0,37,60,0,60,97
09/11/2017,LRD,TX,ASW,CE,Federal Contract Tower,22,18,9,14,63,0,0,23,8,31,22,18,32,22,94,0,440,440,534
09/12/2017,LRD,TX,ASW,CE,Federal Contract Tower,36,30,18,20,104,0,0,29,8,37,36,30,47,28,141,40,280,320,461
09/13/2017,LRD,TX,ASW,CE,Federal Contract Tower,26,26,27,12,91,0,0,26,0,26,26,26,53,12,117,0,200,200,317
09/14/2017,LRD,TX,ASW,CE,Federal Contract Tower,29,25,28,6,88,0,0,40,2,42,29,25,68,8,130,140,120,260,390
09/15/2017,LRD,TX,ASW,CE,Federal Contract Tower,24,22,23,14,83,0,0,21,0,21,24,22,44,14,104,0,280,280,384
09/16/2017,LRD,TX,ASW,CE,Federal Contract Tower,8,6,13,4,31,0,0,14,2,16,8,6,27,6,47,0,0,0,47
09/17/2017,LRD,TX,ASW,CE,Federal Contract Tower,4,7,15,2,28,0,0,15,0,15,4,7,30,2,43,0,0,0,43
09/18/2017,LRD,TX,ASW,CE,Federal Contract Tower,21,21,33,31,106,0,0,28,2,30,21,21,61,33,136,0,80,80,216
09/19/2017,LRD,TX,ASW,CE,Federal Contract Tower,22,25,30,13,90,0,0,27,11,38,22,25,57,24,128,40,160,200,328
09/20/2017,LRD,TX,ASW,CE,Federal Contract Tower,32,30,16,13,91,0,0,34,5,39,32,30,50,18,130,0,58,58,188
09/21/2017,LRD,TX,ASW,CE,Federal Contract Tower,37,34,34,18,123,0,0,31,0,31,37,34,65,18,154,40,90,130,284
09/22/2017,LRD,TX,ASW,CE,Federal Contract Tower,28,37,14,5,84,0,1,19,0,20,28,38,33,5,104,40,240,280,384
09/23/2017,LRD,TX,ASW,CE,Federal Contract Tower,11,12,13,0,36,0,0,23,0,23,11,12,36,0,59,40,0,40,99
09/24/2017,LRD,TX,ASW,CE,Federal Contract Tower,7,7,12,4,30,0,0,10,2,12,7,7,22,6,42,40,0,40,82
09/25/2017,LRD,TX,ASW,CE,Federal Contract Tower,13,18,18,4,53,0,0,12,0,12,13,18,30,4,65,0,0,0,65
09/26/2017,LRD,TX,ASW,CE,Federal Contract Tower,18,36,16,0,70,0,0,9,0,9,18,36,25,0,79,0,0,0,79
09/27/2017,LRD,TX,ASW,CE,Federal Contract Tower,30,41,18,0,89,0,0,9,0,9,30,41,27,0,98,0,0,0,98
09/28/2017,LRD,TX,ASW,CE,Federal Contract Tower,41,50,23,2,116,0,0,18,0,18,41,50,41,2,134,70,0,70,204
09/29/2017,LRD,TX,ASW,CE,Federal Contract Tower,28,52,15,0,95,0,0,19,0,19,28,52,34,0,114,80,0,80,194
09/30/2017,LRD,TX,ASW,CE,Federal Contract Tower,13,21,7,0,41,0,0,19,0,19,13,21,26,0,60,0,0,0,60
10/01/2017,LRD,TX,ASW,CE,Federal Contract Tower,12,12,13,4,41,0,0,17,0,17,12,12,30,4,58,40,0,40,98
10/02/2017,LRD,TX,ASW,CE,Federal Contract Tower,14,30,18,17,79,0,0,26,3,29,14,30,44,20,108,40,180,220,328
10/03/2017,LRD,TX,ASW,CE,Federal Contract Tower,32,43,16,15,106,0,0,15,2,17,32,43,31,17,123,40,0,40,163
10/04/2017,LRD,TX,ASW,CE,Federal Contract Tower,34,54,29,4,121,0,0,31,0,31,34,54,60,4,152,60,0,60,212
10/05/2017,LRD,TX,ASW,CE,Federal Contract Tower,29,44,20,5,98,0,0,11,2,13,29,44,31,7,111,80,0,80,191
10/06/2017,LRD,TX,ASW,CE,Federal Contract Tower,22,38,18,14,92,0,0,32,0,32,22,38,50,14,124,40,280,320,444
10/07/2017,LRD,TX,ASW,CE,Federal Contract Tower,15,11,13,0,39,0,0,24,0,24,15,11,37,0,63,60,0,60,123
10/08/2017,LRD,TX,ASW,CE,Federal Contract Tower,7,13,25,0,45,0,0,21,0,21,7,13,46,0,66,0,0,0,66
10/09/2017,LRD,TX,ASW,CE,Federal Contract Tower,21,41,10,0,72,0,0,37,0,37,21,41,47,0,109,40,0,40,149
10/10/2017,LRD,TX,ASW,CE,Federal Contract Tower,14,29,15,8,66,0,0,15,0,15,14,29,30,8,81,0,10,10,91
10/11/2017,LRD,TX,ASW,CE,Federal Contract Tower,29,33,25,15,102,0,0,36,0,36,29,33,61,15,138,40,160,200,338
10/12/2017,LRD,TX,ASW,CE,Federal Contract Tower,22,47,28,8,105,0,0,33,3,36,22,47,61,11,141,40,240,280,421
10/13/2017,LRD,TX,ASW,CE,Federal Contract Tower,12,33,35,0,80,0,0,25,0,25,12,33,60,0,105,40,0,40,145
10/14/2017,LRD,TX,ASW,CE,Federal Contract Tower,8,11,16,0,35,0,0,12,0,12,8,11,28,0,47,0,0,0,47
10/15/2017,LRD,TX,ASW,CE,Federal Contract Tower,2,14,10,3,29,0,0,17,0,17,2,14,27,3,46,0,10,10,56
10/16/2017,LRD,TX,ASW,CE,Federal Contract Tower,17,33,22,5,77,0,0,21,4,25,17,33,43,9,102,20,40,60,162
10/17/2017,LRD,TX,ASW,CE,Federal Contract Tower,30,40,7,30,107,0,0,56,6,62,30,40,63,36,169,20,380,400,569
10/18/2017,LRD,TX,ASW,CE,Federal Contract Tower,24,45,21,30,120,0,0,31,9,40,24,45,52,39,160,0,300,300,460
10/19/2017,LRD,TX,ASW,CE,Federal Contract Tower,26,33,16,16,91,0,0,26,2,28,26,33,42,18,119,0,280,280,399
10/20/2017,LRD,TX,ASW,CE,Federal Contract Tower,17,32,33,10,92,0,0,20,0,20,17,32,53,10,112,0,0,0,112
10/21/2017,LRD,TX,ASW,CE,Federal Contract Tower,11,10,10,0,31,0,0,25,0,25,11,10,35,0,56,0,0,0,56
10/22/2017,LRD,TX,ASW,CE,Federal Contract Tower,4,11,15,0,30,0,0,8,0,8,4,11,23,0,38,0,0,0,38
10/23/2017,LRD,TX,ASW,CE,Federal Contract Tower,15,37,38,20,110,0,0,26,2,28,15,37,64,22,138,20,320,340,478
10/24/2017,LRD,TX,ASW,CE,Federal Contract Tower,22,34,28,8,92,0,0,39,0,39,22,34,67,8,131,60,280,340,471
10/25/2017,LRD,TX,ASW,CE,Federal Contract Tower,15,34,24,16,89,0,0,42,0,42,15,34,66,16,131,60,120,180,311
10/26/2017,LRD,TX,ASW,CE,Federal Contract Tower,26,29,28,12,95,0,0,55,0,55,26,29,83,12,150,40,200,240,390
10/27/2017,LRD,TX,ASW,CE,Federal Contract Tower,12,36,27,0,75,0,0,16,0,16,12,36,43,0,91,0,0,0,91
10/28/2017,LRD,TX,ASW,CE,Federal Contract Tower,9,20,19,0,48,0,0,13,0,13,9,20,32,0,61,0,0,0,61
10/29/2017,LRD,TX,ASW,CE,Federal Contract Tower,4,17,7,0,28,0,0,13,0,13,4,17,20,0,41,0,0,0,41
10/30/2017,LRD,TX,ASW,CE,Federal Contract Tower,12,23,11,15,61,0,1,14,6,21,12,24,25,21,82,10,280,290,372
10/31/2017,LRD,TX,ASW,CE,Federal Contract Tower,19,41,18,18,96,0,0,10,0,10,19,41,28,18,106,80,0,80,186
11/01/2017,LRD,TX,ASW,CE,Federal Contract Tower,16,41,21,19,97,0,0,34,12,46,16,41,55,31,143,100,400,500,643
11/02/2017,LRD,TX,ASW,CE,Federal Contract Tower,20,32,15,10,77,0,0,26,6,32,20,32,41,16,109,20,260,280,389
11/03/2017,LRD,TX,ASW,CE,Federal Contract Tower,20,39,16,14,89,0,0,13,0,13,20,39,29,14,102,0,20,20,122
11/04/2017,LRD,TX,ASW,CE,Federal Contract Tower,3,14,5,3,25,0,0,15,0,15,3,14,20,3,40,0,0,0,40
11/05/2017,LRD,TX,ASW,CE,Federal Contract Tower,7,18,12,0,37,0,0,17,0,17,7,18,29,0,54,40,0,40,94
11/06/2017,LRD,TX,ASW,CE,Federal Contract Tower,15,29,30,10,84,0,0,36,2,38,15,29,66,12,122,0,40,40,162
11/07/2017,LRD,TX,ASW,CE,Federal Contract Tower,21,34,30,14,99,0,0,43,9,52,21,34,73,23,151,70,250,320,471
11/08/2017,LRD,TX,ASW,CE,Federal Contract Tower,27,36,33,22,118,0,0,13,10,23,27,36,46,32,141,80,560,640,781
11/09/2017,LRD,TX,ASW,CE,Federal Contract Tower,29,41,27,4,101,0,0,18,1,19,29,41,45,5,120,0,0,0,120
11/10/2017,LRD,TX,ASW,CE,Federal Contract Tower,31,35,30,0,96,0,0,18,0,18,31,35,48,0,114,0,0,0,114
11/11/2017,LRD,TX,ASW,CE,Federal Contract Tower,5,22,10,0,37,0,0,1,0,1,5,22,11,0,38,0,0,0,38
11/12/2017,LRD,TX,ASW,CE,Federal Contract Tower,9,20,22,0,51,0,0,8,0,8,9,20,30,0,59,40,0,40,99
11/13/2017,LRD,TX,ASW,CE,Federal Contract Tower,16,29,34,11,90,0,0,15,0,15,16,29,49,11,105,0,80,80,185
11/14/2017,LRD,TX,ASW,CE,Federal Contract Tower,34,29,29,15,107,0,0,28,6,34,34,29,57,21,141,40,0,40,181
11/15/2017,LRD,TX,ASW,CE,Federal Contract Tower,21,38,30,11,100,0,0,34,8,42,21,38,64,19,142,30,0,30,172
11/16/2017,LRD,TX,ASW,CE,Federal Contract Tower,27,39,34,14,114,0,0,20,8,28,27,39,54,22,142,0,0,0,142
11/17/2017,LRD,TX,ASW,CE,Federal Contract Tower,20,27,33,17,97,0,0,37,0,37,20,27,70,17,134,40,40,80,214
11/18/2017,LRD,TX,ASW,CE,Federal Contract Tower,8,15,15,0,38,0,0,12,0,12,8,15,27,0,50,40,0,40,90
11/19/2017,LRD,TX,ASW,CE,Federal Contract Tower,1,19,15,4,39,0,0,28,0,28,1,19,43,4,67,20,0,20,87
11/20/2017,LRD,TX,ASW,CE,Federal Contract Tower,15,22,23,13,73,0,0,34,5,39,15,22,57,18,112,0,200,200,312
11/21/2017,LRD,TX,ASW,CE,Federal Contract Tower,16,50,25,2,93,0,0,24,2,26,16,50,49,4,119,40,0,40,159
11/22/2017,LRD,TX,ASW,CE,Federal Contract Tower,27,24,20,0,71,0,0,19,1,20,27,24,39,1,91,80,0,80,171
11/23/2017,LRD,TX,ASW,CE,Federal Contract Tower,17,7,7,0,31,0,0,26,0,26,17,7,33,0,57,20,0,20,77
11/24/2017,LRD,TX,ASW,CE,Federal Contract Tower,17,14,13,0,44,0,0,18,0,18,17,14,31,0,62,30,0,30,92
11/25/2017,LRD,TX,ASW,CE,Federal Contract Tower,9,15,12,0,36,0,0,13,0,13,9,15,25,0,49,40,0,40,89
11/26/2017,LRD,TX,ASW,CE,Federal Contract Tower,6,14,27,0,47,0,0,9,0,9,6,14,36,0,56,0,0,0,56
11/27/2017,LRD,TX,ASW,CE,Federal Contract Tower,15,37,14,11,77,0,0,20,0,20,15,37,34,11,97,40,180,220,317
11/28/2017,LRD,TX,ASW,CE,Federal Contract Tower,20,35,18,9,82,0,0,40,10,50,20,35,58,19,132,20,160,180,312
11/29/2017,LRD,TX,ASW,CE,Federal Contract Tower,25,43,28,7,103,0,0,13,2,15,25,43,41,9,118,0,80,80,198
11/30/2017,LRD,TX,ASW,CE,Federal Contract Tower,28,61,30,6,125,0,1,29,0,30,28,62,59,6,155,30,0,30,185
12/01/2017,LRD,TX,ASW,CE,Federal Contract Tower,22,28,25,2,77,0,2,38,2,42,22,30,63,4,119,70,0,70,189
12/02/2017,LRD,TX,ASW,CE,Federal Contract Tower,11,17,8,0,36,0,0,24,0,24,11,17,32,0,60,30,0,30,90
12/03/2017,LRD,TX,ASW,CE,Federal Contract Tower,22,33,25,0,80,0,0,37,6,43,22,33,62,6,123,10,30,40,163
12/04/2017,LRD,TX,ASW,CE,Federal Contract Tower,22,33,25,0,80,0,0,37,6,43,22,33,62,6,123,10,30,40,163
12/05/2017,LRD,TX,ASW,CE,Federal Contract Tower,28,45,20,8,101,0,0,24,0,24,28,45,44,8,125,20,0,20,145
12/06/2017,LRD,TX,ASW,CE,Federal Contract Tower,28,46,30,23,127,0,0,5,3,8,28,46,35,26,135,0,240,240,375
12/07/2017,LRD,TX,ASW,CE,Federal Contract Tower,26,52,30,0,108,0,0,0,0,0,26,52,30,0,108,0,0,0,108
12/08/2017,LRD,TX,ASW,CE,Federal Contract Tower,30,45,29,10,114,0,0,36,0,36,30,45,65,10,150,30,0,30,180
12/09/2017,LRD,TX,ASW,CE,Federal Contract Tower,18,25,16,0,59,0,0,23,2,25,18,25,39,2,84,40,0,40,124
12/10/2017,LRD,TX,ASW,CE,Federal Contract Tower,20,21,11,0,52,0,0,23,0,23,20,21,34,0,75,0,0,0,75
12/11/2017,LRD,TX,ASW,CE,Federal Contract Tower,33,62,23,8,126,0,0,40,7,47,33,62,63,15,173,40,80,120,293
12/12/2017,LRD,TX,ASW,CE,Federal Contract Tower,42,67,34,14,157,0,0,36,5,41,42,67,70,19,198,40,320,360,558
12/13/2017,LRD,TX,ASW,CE,Federal Contract Tower,40,77,30,14,161,0,0,41,9,50,40,77,71,23,211,120,320,440,651
12/14/2017,LRD,TX,ASW,CE,Federal Contract Tower,35,74,41,8,158,0,0,45,2,47,35,74,86,10,205,0,80,80,285
12/15/2017,LRD,TX,ASW,CE,Federal Contract Tower,37,52,31,1,121,0,0,11,2,13,37,52,42,3,134,0,0,0,134
12/16/2017,LRD,TX,ASW,CE,Federal Contract Tower,13,33,12,0,58,0,0,4,0,4,13,33,16,0,62,0,0,0,62
12/17/2017,LRD,TX,ASW,CE,Federal Contract Tower,19,24,12,2,57,0,0,7,0,7,19,24,19,2,64,0,0,0,64
12/18/2017,LRD,TX,ASW,CE,Federal Contract Tower,26,52,19,0,97,0,0,0,0,0,26,52,19,0,97,0,0,0,97
12/19/2017,LRD,TX,ASW,CE,Federal Contract Tower,40,54,33,1,128,0,0,0,0,0,40,54,33,1,128,0,0,0,128
12/20/2017,LRD,TX,ASW,CE,Federal Contract Tower,41,66,40,6,153,0,0,24,6,30,41,66,64,12,183,0,0,0,183
12/21/2017,LRD,TX,ASW,CE,Federal Contract Tower,55,73,20,1,149,0,0,23,0,23,55,73,43,1,172,50,0,50,222
12/22/2017,LRD,TX,ASW,CE,Federal Contract Tower,28,45,39,8,120,0,0,14,0,14,28,45,53,8,134,0,60,60,194
12/23/2017,LRD,TX,ASW,CE,Federal Contract Tower,12,19,13,0,44,0,0,15,0,15,12,19,28,0,59,10,0,10,69
12/24/2017,LRD,TX,ASW,CE,Federal Contract Tower,2,14,4,0,20,0,0,7,0,7,2,14,11,0,27,40,0,40,67
12/25/2017,LRD,TX,ASW,CE,Federal Contract Tower,0,9,8,0,17,0,0,10,0,10,0,9,18,0,27,0,0,0,27
12/26/2017,LRD,TX,ASW,CE,Federal Contract Tower,8,22,27,0,57,0,0,2,0,2,8,22,29,0,59,0,0,0,59
12/27/2017,LRD,TX,ASW,CE,Federal Contract Tower,9,11,33,0,53,0,0,0,0,0,9,11,33,0,53,0,0,0,53
12/28/2017,LRD,TX,ASW,CE,Federal Contract Tower,13,22,24,0,59,0,0,11,0,11,13,22,35,0,70,20,0,20,90
12/29/2017,LRD,TX,ASW,CE,Federal Contract Tower,8,22,20,2,52,0,0,4,0,4,8,22,24,2,56,0,0,0,56
12/30/2017,LRD,TX,ASW,CE,Federal Contract Tower,5,13,12,0,30,0,0,7,0,7,5,13,19,0,37,0,0,0,37
12/31/2017,LRD,TX,ASW,CE,Federal Contract Tower,0,5,7,0,12,0,0,3,0,3,0,5,10,0,15,0,0,0,15
01/01/2018,LRD,TX,ASW,CE,Federal Contract Tower,2,4,11,0,17,0,0,2,0,2,2,4,13,0,19,0,0,0,19
01/02/2018,LRD,TX,ASW,CE,Federal Contract Tower,16,31,27,8,82,0,0,24,0,24,16,31,51,8,106,0,120,120,226
01/03/2018,LRD,TX,ASW,CE,Federal Contract Tower,26,28,28,4,86,0,0,22,0,22,26,28,50,4,108,40,0,40,148
01/04/2018,LRD,TX,ASW,CE,Federal Contract Tower,16,41,19,4,80,0,0,25,0,25,16,41,44,4,105,60,80,140,245
01/05/2018,LRD,TX,ASW,CE,Federal Contract Tower,10,26,27,14,77,0,0,31,1,32,10,26,58,15,109,0,80,80,189
01/06/2018,LRD,TX,ASW,CE,Federal Contract Tower,2,20,24,0,46,0,0,45,2,47,2,20,69,2,93,120,20,140,233
01/07/2018,LRD,TX,ASW,CE,Federal Contract Tower,3,9,30,12,54,0,0,13,0,13,3,9,43,12,67,0,0,0,67
01/08/2018,LRD,TX,ASW,CE,Federal Contract Tower,13,30,12,6,61,0,0,26,8,34,13,30,38,14,95,70,0,70,165
01/09/2018,LRD,TX,ASW,CE,Federal Contract Tower,23,27,28,4,82,0,0,29,0,29,23,27,57,4,111,0,80,80,191
01/10/2018,LRD,TX,ASW,CE,Federal Contract Tower,23,25,14,2,64,0,0,30,5,35,23,25,44,7,99,40,0,40,139
01/11/2018,LRD,TX,ASW,CE,Federal Contract Tower,26,36,19,12,93,0,0,28,0,28,26,36,47,12,121,40,40,80,201
01/12/2018,LRD,TX,ASW,CE,Federal Contract Tower,15,33,35,6,89,0,0,54,5,59,15,33,89,11,148,180,80,260,408
01/13/2018,LRD,TX,ASW,CE,Federal Contract Tower,7,16,11,2,36,0,0,29,0,29,7,16,40,2,65,90,0,90,155
01/14/2018,LRD,TX,ASW,CE,Federal Contract Tower,1,11,14,0,26,0,0,21,1,22,1,11,35,1,48,40,0,40,88
01/15/2018,LRD,TX,ASW,CE,Federal Contract Tower,10,25,22,0,57,0,0,28,3,31,10,25,50,3,88,0,0,0,88
01/16/2018,LRD,TX,ASW,CE,Federal Contract Tower,12,19,11,0,42,0,0,6,0,6,12,19,17,0,48,20,0,20,68
01/17/2018,LRD,TX,ASW,CE,Federal Contract Tower,28,36,19,7,90,0,0,17,13,30,28,36,36,20,120,40,80,120,240
01/18/2018,LRD,TX,ASW,CE,Federal Contract Tower,22,43,24,3,92,0,0,26,0,26,22,43,50,3,118,180,0,180,298
01/19/2018,LRD,TX,ASW,CE,Federal Contract Tower,16,38,26,3,83,0,0,11,0,11,16,38,37,3,94,80,0,80,174
01/20/2018,LRD,TX,ASW,CE,Federal Contract Tower,5,19,14,0,38,0,0,10,0,10,5,19,24,0,48,40,0,40,88
01/21/2018,LRD,TX,ASW,CE,Federal Contract Tower,0,12,12,0,24,0,0,8,4,12,0,12,20,4,36,0,0,0,36
01/22/2018,LRD,TX,ASW,CE,Federal Contract Tower,11,34,22,6,73,0,0,24,4,28,11,34,46,10,101,0,80,80,181
01/23/2018,LRD,TX,ASW,CE,Federal Contract Tower,18,30,22,9,79,0,6,20,4,30,18,36,42,13,109,144,200,344,453
01/24/2018,LRD,TX,ASW,CE,Federal Contract Tower,19,22,34,14,89,0,0,37,6,43,19,22,71,20,132,0,80,80,212
01/25/2018,LRD,TX,ASW,CE,Federal Contract Tower,15,31,23,6,75,0,0,25,0,25,15,31,48,6,100,20,140,160,260
01/26/2018,LRD,TX,ASW,CE,Federal Contract Tower,14,27,29,0,70,0,0,3,0,3,14,27,32,0,73,0,0,0,73
01/27/2018,LRD,TX,ASW,CE,Federal Contract Tower,10,17,12,0,39,0,0,7,0,7,10,17,19,0,46,10,0,10,56
01/28/2018,LRD,TX,ASW,CE,Federal Contract Tower,5,12,25,0,42,0,0,28,0,28,5,12,53,0,70,30,0,30,100
01/29/2018,LRD,TX,ASW,CE,Federal Contract Tower,13,35,12,13,73,0,0,44,5,49,13,35,56,18,122,0,130,130,252
01/30/2018,LRD,TX,ASW,CE,Federal Contract Tower,26,22,24,8,80,0,0,40,16,56,26,22,64,24,136,0,0,0,136
01/31/2018,LRD,TX,ASW,CE,Federal Contract Tower,27,34,30,2,93,0,0,38,4,42,27,34,68,6,135,4,40,44,179
02/01/2018,LRD,TX,ASW,CE,Federal Contract Tower,24,31,20,11,86,0,0,54,4,58,24,31,74,15,144,40,240,280,424
02/02/2018,LRD,TX,ASW,CE,Federal Contract Tower,20,24,48,4,96,0,0,22,2,24,20,24,70,6,120,100,200,300,420
02/04/2018,LRD,TX,ASW,CE,Federal Contract Tower,3,19,12,2,36,0,0,18,0,18,3,19,30,2,54,0,0,0,54
02/05/2018,LRD,TX,ASW,CE,Federal Contract Tower,13,20,31,2,66,0,1,6,0,7,13,21,37,2,73,0,0,0,73
02/06/2018,LRD,TX,ASW,CE,Federal Contract Tower,35,24,30,4,93,0,0,10,0,10,35,24,40,4,103,0,0,0,103
02/07/2018,LRD,TX,ASW,CE,Federal Contract Tower,20,35,15,4,74,0,0,5,0,5,20,35,20,4,79,0,0,0,79
02/08/2018,LRD,TX,ASW,CE,Federal Contract Tower,22,38,29,4,93,0,0,36,7,43,22,38,65,11,136,20,60,80,216
02/09/2018,LRD,TX,ASW,CE,Federal Contract Tower,24,53,40,26,143,0,0,30,0,30,24,53,70,26,173,110,160,270,443
02/10/2018,LRD,TX,ASW,CE,Federal Contract Tower,13,21,11,3,48,0,0,12,0,12,13,21,23,3,60,80,0,80,140
02/11/2018,LRD,TX,ASW,CE,Federal Contract Tower,8,11,11,11,41,0,0,5,0,5,8,11,16,11,46,0,0,0,46
02/13/2018,LRD,TX,ASW,CE,Federal Contract Tower,22,51,15,10,98,0,0,5,0,5,22,51,20,10,103,0,0,0,103
02/14/2018,LRD,TX,ASW,CE,Federal Contract Tower,21,39,20,6,86,0,0,16,0,16,21,39,36,6,102,10,0,10,112
02/15/2018,LRD,TX,ASW,CE,Federal Contract Tower,21,48,33,20,122,0,0,26,0,26,21,48,59,20,148,20,0,20,168
02/16/2018,LRD,TX,ASW,CE,Federal Contract Tower,12,30,33,6,81,0,0,29,0,29,12,30,62,6,110,10,80,90,200
02/17/2018,LRD,TX,ASW,CE,Federal Contract Tower,10,23,7,0,40,0,0,8,0,8,10,23,15,0,48,40,0,40,88
02/18/2018,LRD,TX,ASW,CE,Federal Contract Tower,16,14,18,0,48,0,0,10,0,10,16,14,28,0,58,40,0,40,98
02/19/2018,LRD,TX,ASW,CE,Federal Contract Tower,24,40,18,1,83,0,0,14,2,16,24,40,32,3,99,0,0,0,99
02/20/2018,LRD,TX,ASW,CE,Federal Contract Tower,27,43,25,11,106,0,0,11,5,16,27,43,36,16,122,0,130,130,252
02/21/2018,LRD,TX,ASW,CE,Federal Contract Tower,22,50,31,22,125,0,0,5,2,7,22,50,36,24,132,0,0,0,132
02/22/2018,LRD,TX,ASW,CE,Federal Contract Tower,36,33,39,4,112,0,0,2,4,6,36,33,41,8,118,0,80,80,198
02/23/2018,LRD,TX,ASW,CE,Federal Contract Tower,20,41,33,0,94,0,0,1,0,1,20,41,34,0,95,0,0,0,95
02/24/2018,LRD,TX,ASW,CE,Federal Contract Tower,16,23,15,0,54,0,0,24,0,24,16,23,39,0,78,80,0,80,158
02/25/2018,LRD,TX,ASW,CE,Federal Contract Tower,4,19,22,2,47,0,0,6,3,9,4,19,28,5,56,0,0,0,56
02/26/2018,LRD,TX,ASW,CE,Federal Contract Tower,17,34,14,11,76,0,0,17,6,23,17,34,31,17,99,150,40,190,289
02/27/2018,LRD,TX,ASW,CE,Federal Contract Tower,38,45,29,12,124,0,0,11,10,21,38,45,40,22,145,50,0,50,195
02/28/2018,LRD,TX,ASW,CE,Federal Contract Tower,28,37,23,23,111,0,0,24,2,26,28,37,47,25,137,60,260,320,457
03/01/2018,LRD,TX,ASW,CE,Federal Contract Tower,24,52,25,14,115,0,0,28,1,29,24,52,53,15,144,0,260,260,404
03/02/2018,LRD,TX,ASW,CE,Federal Contract Tower,26,39,18,6,89,0,0,27,2,29,26,39,45,8,118,40,0,40,158
03/03/2018,LRD,TX,ASW,CE,Federal Contract Tower,9,24,19,0,52,0,1,7,0,8,9,25,26,0,60,0,0,0,60
03/04/2018,LRD,TX,ASW,CE,Federal Contract Tower,7,25,15,14,61,0,0,21,2,23,7,25,36,16,84,0,10,10,94
03/05/2018,LRD,TX,ASW,CE,Federal Contract Tower,21,40,38,15,114,0,0,11,0,11,21,40,49,15,125,40,80,120,245
03/06/2018,LRD,TX,ASW,CE,Federal Contract Tower,33,37,20,0,90,0,0,38,8,46,33,37,58,8,136,100,0,100,236
03/07/2018,LRD,TX,ASW,CE,Federal Contract Tower,25,47,26,8,106,0,0,47,10,57,25,47,73,18,163,80,200,280,443
03/08/2018,LRD,TX,ASW,CE,Federal Contract Tower,17,39,18,23,97,0,0,19,0,19,17,39,37,23,116,0,160,160,276
03/09/2018,LRD,TX,ASW,CE,Federal Contract Tower,31,29,19,0,79,0,0,15,0,15,31,29,34,0,94,0,0,0,94
03/10/2018,LRD,TX,ASW,CE,Federal Contract Tower,7,14,22,0,43,0,0,16,0,16,7,14,38,0,59,0,0,0,59
03/11/2018,LRD,TX,ASW,CE,Federal Contract Tower,8,17,14,0,39,0,0,11,0,11,8,17,25,0,50,0,0,0,50
03/12/2018,LRD,TX,ASW,CE,Federal Contract Tower,20,37,27,8,92,0,0,18,11,29,20,37,45,19,121,0,120,120,241
03/13/2018,LRD,TX,ASW,CE,Federal Contract Tower,34,33,14,6,87,0,0,28,12,40,34,33,42,18,127,0,170,170,297
03/14/2018,LRD,TX,ASW,CE,Federal Contract Tower,27,34,14,8,83,0,0,22,10,32,27,34,36,18,115,20,120,140,255
03/15/2018,LRD,TX,ASW,CE,Federal Contract Tower,33,57,40,9,139,0,0,21,0,21,33,57,61,9,160,20,40,60,220
03/16/2018,LRD,TX,ASW,CE,Federal Contract Tower,17,58,46,8,129,0,0,34,2,36,17,58,80,10,165,0,180,180,345
03/17/2018,LRD,TX,ASW,CE,Federal Contract Tower,6,22,29,0,57,0,0,26,0,26,6,22,55,0,83,100,0,100,183
03/18/2018,LRD,TX,ASW,CE,Federal Contract Tower,9,25,33,1,68,0,0,27,1,28,9,25,60,2,96,0,10,10,106
03/19/2018,LRD,TX,ASW,CE,Federal Contract Tower,18,22,15,15,70,0,0,17,19,36,18,22,32,34,106,0,280,280,386
03/20/2018,LRD,TX,ASW,CE,Federal Contract Tower,35,46,31,16,128,0,0,49,10,59,35,46,80,26,187,100,320,420,607
03/21/2018,LRD,TX,ASW,CE,Federal Contract Tower,33,52,19,21,125,0,0,37,8,45,33,52,56,29,170,50,140,190,360
03/22/2018,LRD,TX,ASW,CE,Federal Contract Tower,24,41,28,18,111,0,0,43,5,48,24,41,71,23,159,0,160,160,319
03/23/2018,LRD,TX,ASW,CE,Federal Contract Tower,23,42,39,27,131,0,0,36,3,39,23,42,75,30,170,100,180,280,450
03/24/2018,LRD,TX,ASW,CE,Federal Contract Tower,14,16,27,2,59,0,0,26,3,29,14,16,53,5,88,0,0,0,88
03/25/2018,LRD,TX,ASW,CE,Federal Contract Tower,10,24,6,7,47,0,0,23,8,31,10,24,29,15,78,0,180,180,258
03/26/2018,LRD,TX,ASW,CE,Federal Contract Tower,19,49,15,18,101,0,0,13,13,26,19,49,28,31,127,20,240,260,387
03/27/2018,LRD,TX,ASW,CE,Federal Contract Tower,23,34,29,10,96,0,0,26,0,26,23,34,55,10,122,20,100,120,242
03/28/2018,LRD,TX,ASW,CE,Federal Contract Tower,28,43,35,8,114,0,0,3,0,3,28,43,38,8,117,0,0,0,117
03/29/2018,LRD,TX,ASW,CE,Federal Contract Tower,24,44,16,13,97,0,0,16,2,18,24,44,32,15,115,80,280,360,475
03/30/2018,LRD,TX,ASW,CE,Federal Contract Tower,11,29,14,8,62,0,1,25,2,28,11,30,39,10,90,0,220,220,310
03/31/2018,LRD,TX,ASW,CE,Federal Contract Tower,7,8,9,0,24,0,0,21,0,21,7,8,30,0,45,0,0,0,45
04/01/2018,LRD,TX,ASW,CE,Federal Contract Tower,4,17,24,0,45,0,0,10,0,10,4,17,34,0,55,10,0,10,65
04/02/2018,LRD,TX,ASW,CE,Federal Contract Tower,11,40,15,12,78,0,0,18,3,21,11,40,33,15,99,50,140,190,289
04/03/2018,LRD,TX,ASW,CE,Federal Contract Tower,29,31,24,3,87,0,0,31,1,32,29,31,55,4,119,70,100,170,289
04/04/2018,LRD,TX,ASW,CE,Federal Contract Tower,23,37,30,10,100,0,0,21,6,27,23,37,51,16,127,70,80,150,277
04/05/2018,LRD,TX,ASW,CE,Federal Contract Tower,27,43,41,35,146,0,0,26,1,27,27,43,67,36,173,40,0,40,213
04/06/2018,LRD,TX,ASW,CE,Federal Contract Tower,25,28,37,12,102,0,0,17,1,18,25,28,54,13,120,30,0,30,150
04/07/2018,LRD,TX,ASW,CE,Federal Contract Tower,11,13,6,0,30,0,0,9,1,10,11,13,15,1,40,0,0,0,40
04/09/2018,LRD,TX,ASW,CE,Federal Contract Tower,11,28,23,2,64,0,0,34,4,38,11,28,57,6,102,300,0,300,402
04/10/2018,LRD,TX,ASW,CE,Federal Contract Tower,21,36,25,14,96,0,0,26,5,31,21,36,51,19,127,101,80,181,308
04/11/2018,LRD,TX,ASW,CE,Federal Contract Tower,17,47,20,27,111,0,0,41,12,53,17,47,61,39,164,90,360,450,614
04/12/2018,LRD,TX,ASW,CE,Federal Contract Tower,20,36,26,15,97,0,1,27,7,35,20,37,53,22,132,120,80,200,332
04/13/2018,LRD,TX,ASW,CE,Federal Contract Tower,12,33,25,23,93,0,0,22,2,24,12,33,47,25,117,0,300,300,417
04/14/2018,LRD,TX,ASW,CE,Federal Contract Tower,3,10,17,6,36,0,0,21,0,21,3,10,38,6,57,0,0,0,57
04/15/2018,LRD,TX,ASW,CE,Federal Contract Tower,8,18,11,6,43,0,0,11,0,11,8,18,22,6,54,60,0,60,114
04/16/2018,LRD,TX,ASW,CE,Federal Contract Tower,26,31,21,5,83,0,0,32,9,41,26,31,53,14,124,40,40,80,204
04/17/2018,LRD,TX,ASW,CE,Federal Contract Tower,23,35,19,15,92,0,0,31,9,40,23,35,50,24,132,90,280,370,502
04/18/2018,LRD,TX,ASW,CE,Federal Contract Tower,17,45,25,4,91,0,0,41,6,47,17,45,66,10,138,120,40,160,298
04/19/2018,LRD,TX,ASW,CE,Federal Contract Tower,39,39,20,9,107,0,0,15,8,23,39,39,35,17,130,0,0,0,130
04/20/2018,LRD,TX,ASW,CE,Federal Contract Tower,17,40,27,12,96,0,0,22,3,25,17,40,49,15,121,0,200,200,321
04/21/2018,LRD,TX,ASW,CE,Federal Contract Tower,5,14,13,5,37,0,0,14,1,15,5,14,27,6,52,80,10,90,142
04/22/2018,LRD,TX,ASW,CE,Federal Contract Tower,8,20,10,0,38,0,0,18,0,18,8,20,28,0,56,40,0,40,96
04/23/2018,LRD,TX,ASW,CE,Federal Contract Tower,16,27,25,6,74,0,0,15,6,21,16,27,40,12,95,60,280,340,435
04/24/2018,LRD,TX,ASW,CE,Federal Contract Tower,36,34,32,11,113,0,0,43,11,54,36,34,75,22,167,80,320,400,567
04/25/2018,LRD,TX,ASW,CE,Federal Contract Tower,25,40,21,9,95,0,0,19,3,22,25,40,40,12,117,160,240,400,517
04/26/2018,LRD,TX,ASW,CE,Federal Contract Tower,27,34,37,0,98,0,0,24,3,27,27,34,61,3,125,110,0,110,235
04/27/2018,LRD,TX,ASW,CE,Federal Contract Tower,10,39,17,7,73,0,0,34,2,36,10,39,51,9,109,80,40,120,229
04/28/2018,LRD,TX,ASW,CE,Federal Contract Tower,12,17,10,2,41,0,0,7,0,7,12,17,17,2,48,0,0,0,48
04/29/2018,LRD,TX,ASW,CE,Federal Contract Tower,6,19,13,2,40,0,0,13,0,13,6,19,26,2,53,40,0,40,93
04/30/2018,LRD,TX,ASW,CE,Federal Contract Tower,20,31,15,16,82,0,0,25,4,29,20,31,40,20,111,40,140,180,291
05/01/2018,LRD,TX,ASW,CE,Federal Contract Tower,19,22,45,16,102,0,0,41,2,43,19,22,86,18,145,70,80,150,295
05/02/2018,LRD,TX,ASW,CE,Federal Contract Tower,27,49,27,8,111,0,0,46,3,49,27,49,73,11,160,0,240,240,400
05/03/2018,LRD,TX,ASW,CE,Federal Contract Tower,30,35,24,26,115,0,0,29,3,32,30,35,53,29,147,20,240,260,407
05/04/2018,LRD,TX,ASW,CE,Federal Contract Tower,26,40,27,6,99,0,0,16,0,16,26,40,43,6,115,0,0,0,115
05/05/2018,LRD,TX,ASW,CE,Federal Contract Tower,10,19,15,0,44,0,0,14,1,15,10,19,29,1,59,0,0,0,59
05/06/2018,LRD,TX,ASW,CE,Federal Contract Tower,7,20,6,0,33,0,0,21,4,25,7,20,27,4,58,10,0,10,68
05/07/2018,LRD,TX,ASW,CE,Federal Contract Tower,8,23,29,12,72,0,0,34,7,41,8,23,63,19,113,0,160,160,273
05/08/2018,LRD,TX,ASW,CE,Federal Contract Tower,18,41,24,38,121,0,0,44,22,66,18,41,68,60,187,20,40,60,247
05/09/2018,LRD,TX,ASW,CE,Federal Contract Tower,28,29,20,16,93,0,1,35,4,40,28,30,55,20,133,0,280,280,413
05/10/2018,LRD,TX,ASW,CE,Federal Contract Tower,27,41,23,8,99,0,0,35,2,37,27,41,58,10,136,50,80,130,266
05/11/2018,LRD,TX,ASW,CE,Federal Contract Tower,26,30,18,7,81,0,0,31,7,38,26,30,49,14,119,0,20,20,139
05/12/2018,LRD,TX,ASW,CE,Federal Contract Tower,5,12,5,6,28,0,0,7,0,7,5,12,12,6,35,20,0,20,55
05/13/2018,LRD,TX,ASW,CE,Federal Contract Tower,4,11,5,0,20,0,0,10,0,10,4,11,15,0,30,0,0,0,30
05/14/2018,LRD,TX,ASW,CE,Federal Contract Tower,20,46,30,0,96,0,0,41,5,46,20,46,71,5,142,90,0,90,232
05/15/2018,LRD,TX,ASW,CE,Federal Contract Tower,28,45,17,28,118,0,0,51,19,70,28,45,68,47,188,290,130,420,608
05/16/2018,LRD,TX,ASW,CE,Federal Contract Tower,17,44,27,14,102,0,0,49,11,60,17,44,76,25,162,80,160,240,402
05/17/2018,LRD,TX,ASW,CE,Federal Contract Tower,27,51,28,9,115,0,0,39,2,41,27,51,67,11,156,220,80,300,456
05/18/2018,LRD,TX,ASW,CE,Federal Contract Tower,19,34,32,21,106,0,0,44,8,52,19,34,76,29,158,60,100,160,318
05/19/2018,LRD,TX,ASW,CE,Federal Contract Tower,7,13,6,3,29,0,0,14,0,14,7,13,20,3,43,20,0,20,63
05/20/2018,LRD,TX,ASW,CE,Federal Contract Tower,1,14,14,2,31,0,0,13,4,17,1,14,27,6,48,20,0,20,68
05/21/2018,LRD,TX,ASW,CE,Federal Contract Tower,13,41,28,15,97,0,0,22,8,30,13,41,50,23,127,40,380,420,547
05/22/2018,LRD,TX,ASW,CE,Federal Contract Tower,45,61,33,16,155,0,0,26,11,37,45,61,59,27,192,60,440,500,692
05/23/2018,LRD,TX,ASW,CE,Federal Contract Tower,32,54,20,22,128,0,0,28,5,33,32,54,48,27,161,80,0,80,241
05/24/2018,LRD,TX,ASW,CE,Federal Contract Tower,33,48,39,12,132,0,0,59,6,65,33,48,98,18,197,160,80,240,437
05/25/2018,LRD,TX,ASW,CE,Federal Contract Tower,17,36,13,0,66,0,0,29,1,30,17,36,42,1,96,60,0,60,156
05/26/2018,LRD,TX,ASW,CE,Federal Contract Tower,5,13,10,0,28,0,0,8,0,8,5,13,18,0,36,40,0,40,76
05/27/2018,LRD,TX,ASW,CE,Federal Contract Tower,1,14,17,0,32,0,0,9,2,11,1,14,26,2,43,20,10,30,73
05/28/2018,LRD,TX,ASW,CE,Federal Contract Tower,9,26,13,2,50,0,1,26,5,32,9,27,39,7,82,80,0,80,162
05/29/2018,LRD,TX,ASW,CE,Federal Contract Tower,9,35,15,22,81,0,0,21,4,25,9,35,36,26,106,20,0,20,126
05/30/2018,LRD,TX,ASW,CE,Federal Contract Tower,18,30,18,10,76,0,0,29,4,33,18,30,47,14,109,40,0,40,149
05/31/2018,LRD,TX,ASW,CE,Federal Contract Tower,16,36,23,19,94,0,0,29,6,35,16,36,52,25,129,20,120,140,269
06/01/2018,LRD,TX,ASW,CE,Federal Contract Tower,19,41,22,5,87,0,0,35,10,45,19,41,57,15,132,20,60,80,212
06/02/2018,LRD,TX,ASW,CE,Federal Contract Tower,5,15,3,0,23,0,0,11,0,11,5,15,14,0,34,0,0,0,34
06/03/2018,LRD,TX,ASW,CE,Federal Contract Tower,3,14,11,8,36,0,0,19,2,21,3,14,30,10,57,0,0,0,57
06/04/2018,LRD,TX,ASW,CE,Federal Contract Tower,13,37,15,20,85,0,0,18,9,27,13,37,33,29,112,0,720,720,832
06/05/2018,LRD,TX,ASW,CE,Federal Contract Tower,26,45,13,5,89,0,0,41,12,53,26,45,54,17,142,100,200,300,442
06/06/2018,LRD,TX,ASW,CE,Federal Contract Tower,26,42,26,7,101,0,0,48,9,57,26,42,74,16,158,70,240,310,468
06/07/2018,LRD,TX,ASW,CE,Federal Contract Tower,23,51,31,1,106,0,1,40,18,59,23,52,71,19,165,40,0,40,205
06/08/2018,LRD,TX,ASW,CE,Federal Contract Tower,18,40,21,8,87,0,0,34,5,39,18,40,55,13,126,130,0,130,256
06/09/2018,LRD,TX,ASW,CE,Federal Contract Tower,7,17,6,0,30,0,0,17,2,19,7,17,23,2,49,0,0,0,49
06/10/2018,LRD,TX,ASW,CE,Federal Contract Tower,3,21,10,4,38,0,0,18,0,18,3,21,28,4,56,10,0,10,66
06/11/2018,LRD,TX,ASW,CE,Federal Contract Tower,19,36,21,13,89,0,0,46,12,58,19,36,67,25,147,0,240,240,387
06/12/2018,LRD,TX,ASW,CE,Federal Contract Tower,24,39,29,11,103,0,0,46,8,54,24,39,75,19,157,40,160,200,357
06/13/2018,LRD,TX,ASW,CE,Federal Contract Tower,10,44,12,5,71,0,0,30,9,39,10,44,42,14,110,20,0,20,130
06/14/2018,LRD,TX,ASW,CE,Federal Contract Tower,26,49,24,6,105,0,0,42,11,53,26,49,66,17,158,140,120,260,418
06/15/2018,LRD,TX,ASW,CE,Federal Contract Tower,14,42,18,2,76,0,0,32,8,40,14,42,50,10,116,50,0,50,166
06/16/2018,LRD,TX,ASW,CE,Federal Contract Tower,11,9,11,0,31,0,0,11,0,11,11,9,22,0,42,0,0,0,42
06/17/2018,LRD,TX,ASW,CE,Federal Contract Tower,6,14,2,2,24,0,0,17,0,17,6,14,19,2,41,40,0,40,81
06/18/2018,LRD,TX,ASW,CE,Federal Contract Tower,9,33,17,4,63,0,0,19,16,35,9,33,36,20,98,40,160,200,298
06/19/2018,LRD,TX,ASW,CE,Federal Contract Tower,21,34,14,29,98,0,0,27,3,30,21,34,41,32,128,60,40,100,228
06/20/2018,LRD,TX,ASW,CE,Federal Contract Tower,17,49,23,6,95,0,0,12,15,27,17,49,35,21,122,40,100,140,262
06/21/2018,LRD,TX,ASW,CE,Federal Contract Tower,20,44,34,2,100,0,0,12,2,14,20,44,46,4,114,0,0,0,114
06/22/2018,LRD,TX,ASW,CE,Federal Contract Tower,16,26,20,6,68,0,0,21,1,22,16,26,41,7,90,0,0,0,90
06/23/2018,LRD,TX,ASW,CE,Federal Contract Tower,1,16,10,0,27,0,0,15,1,16,1,16,25,1,43,80,0,80,123
06/24/2018,LRD,TX,ASW,CE,Federal Contract Tower,8,17,6,11,42,0,0,10,1,11,8,17,16,12,53,0,0,0,53
06/25/2018,LRD,TX,ASW,CE,Federal Contract Tower,20,26,15,15,76,0,0,15,4,19,20,26,30,19,95,0,120,120,215
06/26/2018,LRD,TX,ASW,CE,Federal Contract Tower,16,56,26,19,117,0,0,33,2,35,16,56,59,21,152,0,200,200,352
06/27/2018,LRD,TX,ASW,CE,Federal Contract Tower,16,39,24,6,85,0,0,49,9,58,16,39,73,15,143,0,0,0,143
06/28/2018,LRD,TX,ASW,CE,Federal Contract Tower,19,49,24,3,95,0,0,58,12,70,19,49,82,15,165,20,0,20,185
06/29/2018,LRD,TX,ASW,CE,Federal Contract Tower,14,27,21,10,72,0,0,48,6,54,14,27,69,16,126,0,240,240,366
06/30/2018,LRD,TX,ASW,CE,Federal Contract Tower,9,12,4,0,25,0,0,18,0,18,9,12,22,0,43,0,0,0,43
07/01/2018,LRD,TX,ASW,CE,Federal Contract Tower,3,12,2,6,23,0,0,15,0,15,3,12,17,6,38,40,0,40,78
07/02/2018,LRD,TX,ASW,CE,Federal Contract Tower,8,30,5,3,46,0,0,25,1,26,8,30,30,4,72,70,0,70,142
07/03/2018,LRD,TX,ASW,CE,Federal Contract Tower,14,22,11,7,54,0,0,35,5,40,14,22,46,12,94,40,200,240,334
07/04/2018,LRD,TX,ASW,CE,Federal Contract Tower,9,10,11,0,30,0,0,24,0,24,9,10,35,0,54,20,0,20,74
07/05/2018,LRD,TX,ASW,CE,Federal Contract Tower,18,17,10,7,52,0,0,25,3,28,18,17,35,10,80,60,30,90,170
07/06/2018,LRD,TX,ASW,CE,Federal Contract Tower,9,26,15,4,54,0,0,32,1,33,9,26,47,5,87,40,145,185,272
07/07/2018,LRD,TX,ASW,CE,Federal Contract Tower,5,5,11,0,21,0,0,11,0,11,5,5,22,0,32,0,0,0,32
07/08/2018,LRD,TX,ASW,CE,Federal Contract Tower,2,19,8,0,29,0,0,13,0,13,2,19,21,0,42,10,0,10,52
07/09/2018,LRD,TX,ASW,CE,Federal Contract Tower,10,34,18,18,80,0,0,28,1,29,10,34,46,19,109,0,80,80,189
07/10/2018,LRD,TX,ASW,CE,Federal Contract Tower,16,32,20,21,89,0,0,36,9,45,16,32,56,30,134,40,220,260,394
07/11/2018,LRD,TX,ASW,CE,Federal Contract Tower,15,34,18,9,76,0,0,46,2,48,15,34,64,11,124,60,90,150,274
07/12/2018,LRD,TX,ASW,CE,Federal Contract Tower,16,25,27,15,83,0,2,35,6,43,16,27,62,21,126,100,209,309,435
07/13/2018,LRD,TX,ASW,CE,Federal Contract Tower,10,19,29,9,67,0,0,32,4,36,10,19,61,13,103,60,320,380,483
07/14/2018,LRD,TX,ASW,CE,Federal Contract Tower,10,9,9,0,28,0,0,25,0,25,10,9,34,0,53,40,0,40,93
07/15/2018,LRD,TX,ASW,CE,Federal Contract Tower,1,10,5,2,18,0,0,21,0,21,1,10,26,2,39,0,0,0,39
07/16/2018,LRD,TX,ASW,CE,Federal Contract Tower,13,23,13,12,61,0,0,32,9,41,13,23,45,21,102,20,130,150,252
07/17/2018,LRD,TX,ASW,CE,Federal Contract Tower,13,26,24,16,79,0,0,44,11,55,13,26,68,27,134,120,200,320,454
07/18/2018,LRD,TX,ASW,CE,Federal Contract Tower,12,24,35,14,85,0,0,38,10,48,12,24,73,24,133,0,120,120,253
07/19/2018,LRD,TX,ASW,CE,Federal Contract Tower,14,15,19,4,52,0,1,34,8,43,14,16,53,12,95,40,20,60,155
07/20/2018,LRD,TX,ASW,CE,Federal Contract Tower,6,25,19,19,69,0,0,30,7,37,6,25,49,26,106,20,160,180,286
07/21/2018,LRD,TX,ASW,CE,Federal Contract Tower,2,10,8,8,28,0,0,23,2,25,2,10,31,10,53,0,0,0,53
07/22/2018,LRD,TX,ASW,CE,Federal Contract Tower,0,11,11,4,26,0,0,16,0,16,0,11,27,4,42,20,0,20,62
07/23/2018,LRD,TX,ASW,CE,Federal Contract Tower,7,25,11,20,63,0,0,30,11,41,7,25,41,31,104,40,240,280,384
07/24/2018,LRD,TX,ASW,CE,Federal Contract Tower,22,21,23,4,70,0,0,46,4,50,22,21,69,8,120,20,200,220,340
07/25/2018,LRD,TX,ASW,CE,Federal Contract Tower,12,25,31,2,70,0,0,37,7,44,12,25,68,9,114,60,40,100,214
07/26/2018,LRD,TX,ASW,CE,Federal Contract Tower,23,33,18,9,83,0,0,35,10,45,23,33,53,19,128,100,120,220,348
07/27/2018,LRD,TX,ASW,CE,Federal Contract Tower,11,21,16,12,60,0,0,40,4,44,11,21,56,16,104,120,240,360,464
07/28/2018,LRD,TX,ASW,CE,Federal Contract Tower,3,11,6,0,20,0,0,22,0,22,3,11,28,0,42,40,0,40,82
07/29/2018,LRD,TX,ASW,CE,Federal Contract Tower,0,14,13,4,31,0,0,16,0,16,0,14,29,4,47,0,0,0,47
07/30/2018,LRD,TX,ASW,CE,Federal Contract Tower,10,33,25,13,81,0,0,20,21,41,10,33,45,34,122,70,180,250,372
07/31/2018,LRD,TX,ASW,CE,Federal Contract Tower,22,41,22,9,94,0,0,35,3,38,22,41,57,12,132,120,80,200,332
08/01/2018,LRD,TX,ASW,CE,Federal Contract Tower,12,29,15,15,71,0,0,31,11,42,12,29,46,26,113,130,320,450,563
08/02/2018,LRD,TX,ASW,CE,Federal Contract Tower,16,39,16,18,89,0,0,46,6,52,16,39,62,24,141,40,120,160,301
08/03/2018,LRD,TX,ASW,CE,Federal Contract Tower,14,28,21,5,68,0,0,35,3,38,14,28,56,8,106,20,0,20,126
08/04/2018,LRD,TX,ASW,CE,Federal Contract Tower,7,11,3,7,28,0,0,19,1,20,7,11,22,8,48,20,40,60,108
08/05/2018,LRD,TX,ASW,CE,Federal Contract Tower,3,15,13,0,31,0,0,10,0,10,3,15,23,0,41,20,0,20,61
08/06/2018,LRD,TX,ASW,CE,Federal Contract Tower,16,26,35,17,94,0,0,20,7,27,16,26,55,24,121,0,240,240,361
08/07/2018,LRD,TX,ASW,CE,Federal Contract Tower,15,48,28,18,109,0,0,44,5,49,15,48,72,23,158,10,160,170,328
08/08/2018,LRD,TX,ASW,CE,Federal Contract Tower,9,51,14,16,90,0,2,34,5,41,9,53,48,21,131,0,360,360,491
08/09/2018,LRD,TX,ASW,CE,Federal Contract Tower,17,25,25,22,89,0,1,37,5,43,17,26,62,27,132,0,240,240,372
08/10/2018,LRD,TX,ASW,CE,Federal Contract Tower,13,28,19,51,111,0,0,17,5,22,13,28,36,56,133,20,300,320,453
08/11/2018,LRD,TX,ASW,CE,Federal Contract Tower,3,4,9,8,24,0,0,4,0,4,3,4,13,8,28,20,0,20,48
08/12/2018,LRD,TX,ASW,CE,Federal Contract Tower,4,11,7,14,36,0,0,10,2,12,4,11,17,16,48,0,0,0,48
08/13/2018,LRD,TX,ASW,CE,Federal Contract Tower,12,26,30,43,111,0,0,31,6,37,12,26,61,49,148,40,680,720,868
08/14/2018,LRD,TX,ASW,CE,Federal Contract Tower,17,35,22,20,94,0,1,53,6,60,17,36,75,26,154,10,260,270,424
08/15/2018,LRD,TX,ASW,CE,Federal Contract Tower,23,18,25,36,102,0,0,34,12,46,23,18,59,48,148,30,180,210,358
08/16/2018,LRD,TX,ASW,CE,Federal Contract Tower,24,30,16,28,98,0,0,54,11,65,24,30,70,39,163,40,100,140,303
08/17/2018,LRD,TX,ASW,CE,Federal Contract Tower,9,25,8,29,71,0,0,30,2,32,9,25,38,31,103,0,0,0,103
08/18/2018,LRD,TX,ASW,CE,Federal Contract Tower,9,8,10,4,31,0,0,18,0,18,9,8,28,4,49,20,0,20,69
08/19/2018,LRD,TX,ASW,CE,Federal Contract Tower,5,14,16,24,59,0,0,17,0,17,5,14,33,24,76,0,0,0,76
08/20/2018,LRD,TX,ASW,CE,Federal Contract Tower,15,40,12,32,99,0,0,25,3,28,15,40,37,35,127,0,360,360,487
08/21/2018,LRD,TX,ASW,CE,Federal Contract Tower,24,27,24,14,89,0,0,40,8,48,24,27,64,22,137,40,80,120,257
08/22/2018,LRD,TX,ASW,CE,Federal Contract Tower,18,34,23,16,91,0,0,32,15,47,18,34,55,31,138,0,200,200,338
08/23/2018,LRD,TX,ASW,CE,Federal Contract Tower,22,29,21,18,90,0,0,44,11,55,22,29,65,29,145,30,160,190,335
08/24/2018,LRD,TX,ASW,CE,Federal Contract Tower,12,25,22,18,77,0,0,29,3,32,12,25,51,21,109,20,200,220,329
08/25/2018,LRD,TX,ASW,CE,Federal Contract Tower,9,15,3,0,27,0,0,25,1,26,9,15,28,1,53,20,0,20,73
08/26/2018,LRD,TX,ASW,CE,Federal Contract Tower,1,11,7,8,27,0,0,18,0,18,1,11,25,8,45,0,0,0,45
08/27/2018,LRD,TX,ASW,CE,Federal Contract Tower,11,21,19,21,72,0,0,34,7,41,11,21,53,28,113,0,240,240,353
08/28/2018,LRD,TX,ASW,CE,Federal Contract Tower,23,37,29,12,101,0,0,29,3,32,23,37,58,15,133,40,160,200,333
08/29/2018,LRD,TX,ASW,CE,Federal Contract Tower,27,35,12,21,95,0,0,56,5,61,27,35,68,26,156,55,160,215,371
08/30/2018,LRD,TX,ASW,CE,Federal Contract Tower,31,40,18,23,112,0,0,48,7,55,31,40,66,30,167,60,540,600,767
08/31/2018,LRD,TX,ASW,CE,Federal Contract Tower,20,17,29,0,66,0,0,49,2,51,20,17,78,2,117,90,0,90,207
09/01/2018,LRD,TX,ASW,CE,Federal Contract Tower,4,4,11,0,19,0,0,29,0,29,4,4,40,0,48,0,0,0,48
09/02/2018,LRD,TX,ASW,CE,Federal Contract Tower,10,6,6,0,22,0,0,9,0,9,10,6,15,0,31,20,0,20,51
09/03/2018,LRD,TX,ASW,CE,Federal Contract Tower,10,17,11,0,38,0,0,23,0,23,10,17,34,0,61,20,0,20,81
09/04/2018,LRD,TX,ASW,CE,Federal Contract Tower,13,17,22,25,77,0,0,37,8,45,13,17,59,33,122,20,160,180,302
09/05/2018,LRD,TX,ASW,CE,Federal Contract Tower,20,22,23,37,102,0,0,47,16,63,20,22,70,53,165,90,800,890,1055
09/06/2018,LRD,TX,ASW,CE,Federal Contract Tower,31,22,39,2,94,0,0,27,6,33,31,22,66,8,127,0,20,20,147
09/07/2018,LRD,TX,ASW,CE,Federal Contract Tower,22,25,18,18,83,0,0,25,2,27,22,25,43,20,110,20,0,20,130
09/08/2018,LRD,TX,ASW,CE,Federal Contract Tower,15,10,10,0,35,0,0,23,0,23,15,10,33,0,58,0,0,0,58
09/09/2018,LRD,TX,ASW,CE,Federal Contract Tower,7,12,15,3,37,0,0,5,1,6,7,12,20,4,43,10,0,10,53
09/10/2018,LRD,TX,ASW,CE,Federal Contract Tower,18,28,29,12,87,0,0,7,0,7,18,28,36,12,94,0,0,0,94
09/11/2018,LRD,TX,ASW,CE,Federal Contract Tower,23,24,24,21,92,0,0,36,2,38,23,24,60,23,130,250,20,270,400
09/12/2018,LRD,TX,ASW,CE,Federal Contract Tower,25,31,19,8,83,0,0,33,2,35,25,31,52,10,118,60,0,60,178
09/13/2018,LRD,TX,ASW,CE,Federal Contract Tower,30,36,38,6,110,0,0,14,4,18,30,36,52,10,128,0,0,0,128
09/14/2018,LRD,TX,ASW,CE,Federal Contract Tower,20,18,28,6,72,0,0,12,0,12,20,18,40,6,84,0,0,0,84
09/15/2018,LRD,TX,ASW,CE,Federal Contract Tower,12,11,11,0,34,0,0,0,0,0,12,11,11,0,34,0,0,0,34
09/16/2018,LRD,TX,ASW,CE,Federal Contract Tower,10,10,15,6,41,0,0,15,3,18,10,10,30,9,59,40,0,40,99
09/17/2018,LRD,TX,ASW,CE,Federal Contract Tower,23,25,19,16,83,0,0,26,1,27,23,25,45,17,110,20,0,20,130
09/18/2018,LRD,TX,ASW,CE,Federal Contract Tower,32,33,15,18,98,0,0,46,12,58,32,33,61,30,156,100,0,100,256
09/19/2018,LRD,TX,ASW,CE,Federal Contract Tower,24,41,23,7,95,0,0,21,8,29,24,41,44,15,124,0,40,40,164
09/20/2018,LRD,TX,ASW,CE,Federal Contract Tower,33,27,27,0,87,0,0,45,6,51,33,27,72,6,138,0,0,0,138
09/21/2018,LRD,TX,ASW,CE,Federal Contract Tower,27,28,26,18,99,0,0,39,1,40,27,28,65,19,139,30,0,30,169
09/22/2018,LRD,TX,ASW,CE,Federal Contract Tower,26,16,12,0,54,0,0,17,0,17,26,16,29,0,71,0,0,0,71
09/23/2018,LRD,TX,ASW,CE,Federal Contract Tower,19,22,7,6,54,0,0,27,5,32,19,22,34,11,86,10,20,30,116
09/24/2018,LRD,TX,ASW,CE,Federal Contract Tower,17,14,16,38,85,0,0,28,4,32,17,14,44,42,117,20,340,360,477
09/25/2018,LRD,TX,ASW,CE,Federal Contract Tower,32,33,24,25,114,0,0,49,4,53,32,33,73,29,167,140,560,700,867
09/26/2018,LRD,TX,ASW,CE,Federal Contract Tower,30,39,38,23,130,0,0,38,5,43,30,39,76,28,173,140,560,700,873
09/27/2018,LRD,TX,ASW,CE,Federal Contract Tower,36,40,34,10,120,0,0,32,8,40,36,40,66,18,160,40,0,40,200
09/28/2018,LRD,TX,ASW,CE,Federal Contract Tower,24,36,18,0,78,0,0,32,2,34,24,36,50,2,112,20,0,20,132
09/29/2018,LRD,TX,ASW,CE,Federal Contract Tower,18,15,9,0,42,0,0,16,2,18,18,15,25,2,60,20,0,20,80
09/30/2018,LRD,TX,ASW,CE,Federal Contract Tower,12,17,15,0,44,0,0,16,0,16,12,17,31,0,60,0,0,0,60
10/01/2018,LRD,TX,ASW,CE,Federal Contract Tower,19,30,23,25,97,0,0,15,6,21,19,30,38,31,118,10,0,10,128
10/02/2018,LRD,TX,ASW,CE,Federal Contract Tower,28,47,28,2,105,0,0,42,6,48,28,47,70,8,153,0,0,0,153
10/03/2018,LRD,TX,ASW,CE,Federal Contract Tower,28,35,33,9,105,0,0,51,9,60,28,35,84,18,165,80,0,80,245
10/04/2018,LRD,TX,ASW,CE,Federal Contract Tower,23,28,30,14,95,0,0,53,6,59,23,28,83,20,154,40,80,120,274
10/05/2018,LRD,TX,ASW,CE,Federal Contract Tower,16,24,26,11,77,0,0,36,5,41,16,24,62,16,118,90,0,90,208
10/06/2018,LRD,TX,ASW,CE,Federal Contract Tower,10,20,8,2,40,0,0,26,3,29,10,20,34,5,69,0,0,0,69
10/07/2018,LRD,TX,ASW,CE,Federal Contract Tower,12,12,13,2,39,0,0,27,0,27,12,12,40,2,66,0,0,0,66
10/08/2018,LRD,TX,ASW,CE,Federal Contract Tower,24,35,24,0,83,0,0,46,2,48,24,35,70,2,131,40,0,40,171
10/09/2018,LRD,TX,ASW,CE,Federal Contract Tower,31,39,23,4,97,0,0,42,6,48,31,39,65,10,145,110,0,110,255
10/10/2018,LRD,TX,ASW,CE,Federal Contract Tower,31,29,24,12,96,0,0,26,13,39,31,29,50,25,135,60,40,100,235
10/11/2018,LRD,TX,ASW,CE,Federal Contract Tower,32,38,29,1,100,0,1,55,6,62,32,39,84,7,162,180,120,300,462
10/12/2018,LRD,TX,ASW,CE,Federal Contract Tower,40,19,16,26,101,0,0,65,12,77,40,19,81,38,178,40,0,40,218
10/13/2018,LRD,TX,ASW,CE,Federal Contract Tower,11,4,16,21,52,0,0,25,3,28,11,4,41,24,80,40,0,40,120
10/14/2018,LRD,TX,ASW,CE,Federal Contract Tower,8,11,20,25,64,0,0,23,5,28,8,11,43,30,92,0,50,50,142
10/15/2018,LRD,TX,ASW,CE,Federal Contract Tower,26,36,22,0,84,0,0,0,0,0,26,36,22,0,84,0,0,0,84
10/16/2018,LRD,TX,ASW,CE,Federal Contract Tower,36,39,20,32,127,0,0,28,0,28,36,39,48,32,155,100,0,100,255
10/17/2018,LRD,TX,ASW,CE,Federal Contract Tower,39,37,37,18,131,0,0,29,2,31,39,37,66,20,162,0,0,0,162
10/18/2018,LRD,TX,ASW,CE,Federal Contract Tower,36,39,38,2,115,0,0,1,0,1,36,39,39,2,116,20,0,20,136
10/19/2018,LRD,TX,ASW,CE,Federal Contract Tower,23,20,18,6,67,0,0,14,0,14,23,20,32,6,81,50,0,50,131
10/20/2018,LRD,TX,ASW,CE,Federal Contract Tower,10,14,10,4,38,0,0,15,0,15,10,14,25,4,53,20,0,20,73
10/21/2018,LRD,TX,ASW,CE,Federal Contract Tower,13,13,24,0,50,0,0,29,3,32,13,13,53,3,82,0,0,0,82
10/22/2018,LRD,TX,ASW,CE,Federal Contract Tower,14,32,13,11,70,0,0,34,6,40,14,32,47,17,110,20,0,20,130
10/23/2018,LRD,TX,ASW,CE,Federal Contract Tower,33,20,28,2,83,0,0,0,0,0,33,20,28,2,83,0,0,0,83
10/24/2018,LRD,TX,ASW,CE,Federal Contract Tower,26,31,18,2,77,0,0,3,0,3,26,31,21,2,80,0,0,0,80
10/25/2018,LRD,TX,ASW,CE,Federal Contract Tower,31,38,33,1,103,0,0,41,6,47,31,38,74,7,150,40,0,40,190
10/26/2018,LRD,TX,ASW,CE,Federal Contract Tower,23,23,18,10,74,0,0,20,3,23,23,23,38,13,97,0,0,0,97
10/27/2018,LRD,TX,ASW,CE,Federal Contract Tower,8,10,9,2,29,0,0,40,3,43,8,10,49,5,72,50,0,50,122
10/28/2018,LRD,TX,ASW,CE,Federal Contract Tower,14,14,17,4,49,0,0,33,3,36,14,14,50,7,85,0,40,40,125
10/29/2018,LRD,TX,ASW,CE,Federal Contract Tower,14,30,31,17,92,0,0,34,6,40,14,30,65,23,132,70,60,130,262
10/30/2018,LRD,TX,ASW,CE,Federal Contract Tower,28,32,40,5,105,0,0,40,14,54,28,32,80,19,159,40,55,95,254
10/31/2018,LRD,TX,ASW,CE,Federal Contract Tower,27,33,19,28,107,0,0,32,4,36,27,33,51,32,143,20,30,50,193
11/01/2018,LRD,TX,ASW,CE,Federal Contract Tower,27,30,31,9,97,0,0,38,12,50,27,30,69,21,147,60,90,150,297
11/02/2018,LRD,TX,ASW,CE,Federal Contract Tower,21,24,20,2,67,0,0,60,7,67,21,24,80,9,134,20,40,60,194
11/03/2018,LRD,TX,ASW,CE,Federal Contract Tower,7,13,12,0,32,0,0,44,0,44,7,13,56,0,76,0,0,0,76
11/05/2018,LRD,TX,ASW,CE,Federal Contract Tower,19,23,35,3,80,0,0,40,12,52,19,23,75,15,132,10,20,30,162
11/06/2018,LRD,TX,ASW,CE,Federal Contract Tower,31,31,34,2,98,0,1,46,8,55,31,32,80,10,153,100,0,100,253
11/07/2018,LRD,TX,ASW,CE,Federal Contract Tower,25,52,31,7,115,0,0,48,4,52,25,52,79,11,167,0,30,30,197
11/08/2018,LRD,TX,ASW,CE,Federal Contract Tower,27,33,39,13,112,0,0,30,8,38,27,33,69,21,150,0,40,40,190
11/09/2018,LRD,TX,ASW,CE,Federal Contract Tower,25,38,33,0,96,0,0,3,0,3,25,38,36,0,99,0,0,0,99
11/10/2018,LRD,TX,ASW,CE,Federal Contract Tower,17,17,13,6,53,0,0,17,0,17,17,17,30,6,70,0,0,0,70
11/11/2018,LRD,TX,ASW,CE,Federal Contract Tower,11,16,13,0,40,0,0,0,0,0,11,16,13,0,40,0,0,0,40
11/12/2018,LRD,TX,ASW,CE,Federal Contract Tower,17,31,29,3,80,0,0,6,0,6,17,31,35,3,86,0,0,0,86
11/13/2018,LRD,TX,ASW,CE,Federal Contract Tower,29,27,22,2,80,0,0,53,18,71,29,27,75,20,151,70,0,70,221
11/14/2018,LRD,TX,ASW,CE,Federal Contract Tower,24,37,15,6,82,0,0,63,5,68,24,37,78,11,150,0,40,40,190
11/15/2018,LRD,TX,ASW,CE,Federal Contract Tower,26,24,28,4,82,0,0,41,8,49,26,24,69,12,131,40,0,40,171
11/16/2018,LRD,TX,ASW,CE,Federal Contract Tower,27,27,26,4,84,0,2,57,3,62,27,29,83,7,146,10,0,10,156
11/17/2018,LRD,TX,ASW,CE,Federal Contract Tower,15,13,18,0,46,0,0,44,2,46,15,13,62,2,92,0,0,0,92
11/18/2018,LRD,TX,ASW,CE,Federal Contract Tower,9,16,24,2,51,0,0,12,0,12,9,16,36,2,63,0,0,0,63
11/19/2018,LRD,TX,ASW,CE,Federal Contract Tower,18,30,25,4,77,0,0,17,0,17,18,30,42,4,94,0,10,10,104
11/20/2018,LRD,TX,ASW,CE,Federal Contract Tower,18,35,25,4,82,0,0,38,12,50,18,35,63,16,132,20,0,20,152
11/21/2018,LRD,TX,ASW,CE,Federal Contract Tower,18,29,23,0,70,0,0,13,0,13,18,29,36,0,83,0,0,0,83
11/22/2018,LRD,TX,ASW,CE,Federal Contract Tower,9,11,17,0,37,0,0,14,3,17,9,11,31,3,54,0,10,10,64
11/23/2018,LRD,TX,ASW,CE,Federal Contract Tower,9,14,10,0,33,0,0,11,3,14,9,14,21,3,47,20,0,20,67
11/24/2018,LRD,TX,ASW,CE,Federal Contract Tower,9,12,14,2,37,0,0,20,2,22,9,12,34,4,59,30,0,30,89
11/25/2018,LRD,TX,ASW,CE,Federal Contract Tower,8,15,29,0,52,0,0,15,3,18,8,15,44,3,70,0,0,0,70
11/26/2018,LRD,TX,ASW,CE,Federal Contract Tower,12,22,30,12,76,0,0,34,18,52,12,22,64,30,128,0,60,60,188
11/27/2018,LRD,TX,ASW,CE,Federal Contract Tower,21,17,29,4,71,0,0,36,19,55,21,17,65,23,126,110,80,190,316
11/28/2018,LRD,TX,ASW,CE,Federal Contract Tower,23,32,29,5,89,0,0,24,9,33,23,32,53,14,122,20,60,80,202
11/29/2018,LRD,TX,ASW,CE,Federal Contract Tower,28,24,30,14,96,0,0,22,16,38,28,24,52,30,134,0,0,0,134
11/30/2018,LRD,TX,ASW,CE,Federal Contract Tower,22,14,25,4,65,0,0,49,5,54,22,14,74,9,119,30,60,90,209
12/01/2018,LRD,TX,ASW,CE,Federal Contract Tower,7,9,17,3,36,0,0,33,1,34,7,9,50,4,70,30,0,30,100
12/02/2018,LRD,TX,ASW,CE,Federal Contract Tower,8,18,15,4,45,0,0,38,4,42,8,18,53,8,87,50,60,110,197
12/03/2018,LRD,TX,ASW,CE,Federal Contract Tower,13,20,27,10,70,0,0,29,2,31,13,20,56,12,101,0,0,0,101
12/04/2018,LRD,TX,ASW,CE,Federal Contract Tower,17,26,18,10,71,0,0,43,24,67,17,26,61,34,138,50,350,400,538
12/05/2018,LRD,TX,ASW,CE,Federal Contract Tower,17,43,27,0,87,0,0,25,0,25,17,43,52,0,112,20,0,20,132
12/06/2018,LRD,TX,ASW,CE,Federal Contract Tower,30,27,38,30,125,0,0,20,0,20,30,27,58,30,145,90,340,430,575
12/07/2018,LRD,TX,ASW,CE,Federal Contract Tower,16,18,18,0,52,0,0,0,0,0,16,18,18,0,52,0,0,0,52
12/08/2018,LRD,TX,ASW,CE,Federal Contract Tower,14,7,20,4,45,0,0,26,4,30,14,7,46,8,75,50,0,50,125
12/09/2018,LRD,TX,ASW,CE,Federal Contract Tower,13,8,13,0,34,0,0,34,3,37,13,8,47,3,71,40,0,40,111
12/10/2018,LRD,TX,ASW,CE,Federal Contract Tower,21,33,28,10,92,0,0,34,3,37,21,33,62,13,129,30,200,230,359
12/11/2018,LRD,TX,ASW,CE,Federal Contract Tower,20,27,24,27,98,0,0,62,13,75,20,27,86,40,173,0,220,220,393
12/12/2018,LRD,TX,ASW,CE,Federal Contract Tower,21,46,29,17,113,0,0,44,18,62,21,46,73,35,175,30,160,190,365
12/13/2018,LRD,TX,ASW,CE,Federal Contract Tower,28,40,46,1,115,0,0,15,2,17,28,40,61,3,132,0,0,0,132
12/14/2018,LRD,TX,ASW,CE,Federal Contract Tower,27,28,38,4,97,0,0,27,9,36,27,28,65,13,133,0,30,30,163
12/15/2018,LRD,TX,ASW,CE,Federal Contract Tower,15,11,19,0,45,0,0,27,2,29,15,11,46,2,74,40,0,40,114
12/16/2018,LRD,TX,ASW,CE,Federal Contract Tower,11,14,18,8,51,0,0,24,2,26,11,14,42,10,77,20,20,40,117
12/17/2018,LRD,TX,ASW,CE,Federal Contract Tower,14,24,22,15,75,0,0,33,5,38,14,24,55,20,113,40,220,260,373
12/18/2018,LRD,TX,ASW,CE,Federal Contract Tower,32,34,21,6,93,0,0,33,5,38,32,34,54,11,131,50,0,50,181
12/19/2018,LRD,TX,ASW,CE,Federal Contract Tower,39,35,34,18,126,0,0,34,2,36,39,35,68,20,162,40,200,240,402
12/20/2018,LRD,TX,ASW,CE,Federal Contract Tower,29,31,34,24,118,0,0,37,2,39,29,31,71,26,157,0,440,440,597
12/21/2018,LRD,TX,ASW,CE,Federal Contract Tower,19,18,10,11,58,0,0,41,2,43,19,18,51,13,101,40,240,280,381
12/22/2018,LRD,TX,ASW,CE,Federal Contract Tower,15,6,31,0,52,0,0,38,4,42,15,6,69,4,94,20,0,20,114
12/23/2018,LRD,TX,ASW,CE,Federal Contract Tower,8,9,18,0,35,0,0,27,0,27,8,9,45,0,62,20,0,20,82
12/24/2018,LRD,TX,ASW,CE,Federal Contract Tower,8,8,5,0,21,0,0,25,0,25,8,8,30,0,46,20,0,20,66
12/25/2018,LRD,TX,ASW,CE,Federal Contract Tower,4,4,9,0,17,0,0,21,0,21,4,4,30,0,38,10,0,10,48
12/26/2018,LRD,TX,ASW,CE,Federal Contract Tower,8,8,44,3,63,0,0,27,0,27,8,8,71,3,90,90,0,90,180
12/27/2018,LRD,TX,ASW,CE,Federal Contract Tower,16,16,27,1,60,0,0,49,0,49,16,16,76,1,109,60,0,60,169
12/28/2018,LRD,TX,ASW,CE,Federal Contract Tower,13,11,27,0,51,0,0,42,0,42,13,11,69,0,93,20,0,20,113
12/29/2018,LRD,TX,ASW,CE,Federal Contract Tower,9,6,20,0,35,0,0,20,0,20,9,6,40,0,55,0,0,0,55
12/30/2018,LRD,TX,ASW,CE,Federal Contract Tower,6,6,11,0,23,0,0,8,0,8,6,6,19,0,31,0,0,0,31
12/31/2018,LRD,TX,ASW,CE,Federal Contract Tower,7,4,9,0,20,0,0,36,0,36,7,4,45,0,56,40,0,40,96
01/01/2019,LRD,TX,ASW,CE,Federal Contract Tower,6,7,15,0,28,0,0,26,0,26,6,7,41,0,54,20,0,20,74
01/02/2019,LRD,TX,ASW,CE,Federal Contract Tower,16,15,28,0,59,0,0,0,0,0,16,15,28,0,59,0,0,0,59
01/03/2019,LRD,TX,ASW,CE,Federal Contract Tower,20,59,21,39,139,0,0,49,8,57,20,59,70,47,196,40,280,320,516
01/04/2019,LRD,TX,ASW,CE,Federal Contract Tower,13,9,19,10,51,0,0,34,4,38,13,9,53,14,89,50,120,170,259
01/05/2019,LRD,TX,ASW,CE,Federal Contract Tower,14,9,34,0,57,0,0,60,6,66,14,9,94,6,123,50,0,50,173
01/06/2019,LRD,TX,ASW,CE,Federal Contract Tower,7,8,11,6,32,0,0,38,2,40,7,8,49,8,72,30,0,30,102
01/07/2019,LRD,TX,ASW,CE,Federal Contract Tower,15,24,24,0,63,0,0,22,0,22,15,24,46,0,85,0,0,0,85
01/08/2019,LRD,TX,ASW,CE,Federal Contract Tower,17,28,26,1,72,0,0,24,7,31,17,28,50,8,103,20,0,20,123
01/09/2019,LRD,TX,ASW,CE,Federal Contract Tower,28,23,20,6,77,0,0,31,10,41,28,23,51,16,118,90,80,170,288
01/10/2019,LRD,TX,ASW,CE,Federal Contract Tower,25,34,27,38,124,0,0,44,23,67,25,34,71,61,191,40,180,220,411
01/11/2019,LRD,TX,ASW,CE,Federal Contract Tower,16,23,28,4,71,0,0,13,0,13,16,23,41,4,84,0,0,0,84
01/12/2019,LRD,TX,ASW,CE,Federal Contract Tower,13,8,17,0,38,0,0,56,3,59,13,8,73,3,97,0,0,0,97
01/13/2019,LRD,TX,ASW,CE,Federal Contract Tower,11,17,10,0,38,0,0,51,5,56,11,17,61,5,94,30,20,50,144
01/14/2019,LRD,TX,ASW,CE,Federal Contract Tower,31,29,16,13,89,0,0,31,5,36,31,29,47,18,125,50,260,310,435
01/15/2019,LRD,TX,ASW,CE,Federal Contract Tower,31,25,22,0,78,0,0,0,0,0,31,25,22,0,78,0,0,0,78
01/16/2019,LRD,TX,ASW,CE,Federal Contract Tower,36,30,28,9,103,0,0,7,2,9,36,30,35,11,112,0,0,0,112
01/17/2019,LRD,TX,ASW,CE,Federal Contract Tower,26,20,38,3,87,0,0,16,7,23,26,20,54,10,110,20,40,60,170
01/18/2019,LRD,TX,ASW,CE,Federal Contract Tower,23,28,21,4,76,0,0,17,5,22,23,28,38,9,98,40,20,60,158
01/19/2019,LRD,TX,ASW,CE,Federal Contract Tower,15,6,19,4,44,0,0,8,6,14,15,6,27,10,58,0,0,0,58
01/20/2019,LRD,TX,ASW,CE,Federal Contract Tower,8,6,26,0,40,0,0,41,3,44,8,6,67,3,84,40,0,40,124
01/21/2019,LRD,TX,ASW,CE,Federal Contract Tower,19,17,9,0,45,0,0,49,2,51,19,17,58,2,96,30,0,30,126
01/22/2019,LRD,TX,ASW,CE,Federal Contract Tower,23,24,24,16,87,0,0,38,7,45,23,24,62,23,132,40,280,320,452
01/23/2019,LRD,TX,ASW,CE,Federal Contract Tower,36,23,29,8,96,0,0,49,8,57,36,23,78,16,153,2,70,72,225
01/24/2019,LRD,TX,ASW,CE,Federal Contract Tower,32,32,28,14,106,0,0,66,11,77,32,32,94,25,183,70,370,440,623
01/25/2019,LRD,TX,ASW,CE,Federal Contract Tower,25,25,15,6,71,0,0,33,3,36,25,25,48,9,107,31,100,131,238
01/26/2019,LRD,TX,ASW,CE,Federal Contract Tower,24,13,10,0,47,0,0,28,0,28,24,13,38,0,75,0,0,0,75
01/27/2019,LRD,TX,ASW,CE,Federal Contract Tower,16,13,14,0,43,0,0,27,0,27,16,13,41,0,70,10,0,10,80
01/28/2019,LRD,TX,ASW,CE,Federal Contract Tower,26,16,18,8,68,0,0,54,15,69,26,16,72,23,137,30,100,130,267
01/29/2019,LRD,TX,ASW,CE,Federal Contract Tower,32,28,22,13,95,0,0,50,7,57,32,28,72,20,152,60,330,390,542
01/30/2019,LRD,TX,ASW,CE,Federal Contract Tower,43,17,26,4,90,0,0,33,0,33,43,17,59,4,123,20,120,140,263
01/31/2019,LRD,TX,ASW,CE,Federal Contract Tower,33,27,30,11,101,0,0,0,0,0,33,27,30,11,101,0,0,0,101
02/01/2019,LRD,TX,ASW,CE,Federal Contract Tower,31,16,37,2,86,0,0,22,0,22,31,16,59,2,108,100,0,100,208
02/02/2019,LRD,TX,ASW,CE,Federal Contract Tower,13,7,17,0,37,0,8,27,0,35,13,15,44,0,72,200,0,200,272
02/03/2019,LRD,TX,ASW,CE,Federal Contract Tower,17,13,17,4,51,0,0,21,4,25,17,13,38,8,76,60,0,60,136
02/04/2019,LRD,TX,ASW,CE,Federal Contract Tower,10,15,24,22,71,0,0,29,4,33,10,15,53,26,104,20,40,60,164
02/05/2019,LRD,TX,ASW,CE,Federal Contract Tower,20,29,24,9,82,0,0,25,0,25,20,29,49,9,107,0,40,40,147
02/06/2019,LRD,TX,ASW,CE,Federal Contract Tower,26,25,27,16,94,0,0,28,7,35,26,25,55,23,129,20,40,60,189
02/07/2019,LRD,TX,ASW,CE,Federal Contract Tower,35,40,41,7,123,0,0,36,3,39,35,40,77,10,162,60,80,140,302
02/08/2019,LRD,TX,ASW,CE,Federal Contract Tower,23,23,27,16,89,0,0,32,5,37,23,23,59,21,126,0,80,80,206
02/09/2019,LRD,TX,ASW,CE,Federal Contract Tower,17,9,16,6,48,0,0,13,0,13,17,9,29,6,61,0,20,20,81
02/10/2019,LRD,TX,ASW,CE,Federal Contract Tower,15,12,22,7,56,0,0,14,0,14,15,12,36,7,70,30,0,30,100
02/11/2019,LRD,TX,ASW,CE,Federal Contract Tower,21,34,36,15,106,0,0,15,0,15,21,34,51,15,121,0,0,0,121
02/12/2019,LRD,TX,ASW,CE,Federal Contract Tower,31,20,21,4,76,0,0,46,26,72,31,20,67,30,148,30,120,150,298
02/13/2019,LRD,TX,ASW,CE,Federal Contract Tower,34,21,20,12,87,0,0,69,23,92,34,21,89,35,179,80,40,120,299
02/14/2019,LRD,TX,ASW,CE,Federal Contract Tower,30,32,27,26,115,0,0,26,21,47,30,32,53,47,162,50,410,460,622
02/15/2019,LRD,TX,ASW,CE,Federal Contract Tower,24,15,27,24,90,0,0,54,13,67,24,15,81,37,157,0,370,370,527
02/16/2019,LRD,TX,ASW,CE,Federal Contract Tower,6,5,12,8,31,0,0,13,5,18,6,5,25,13,49,0,0,0,49
02/17/2019,LRD,TX,ASW,CE,Federal Contract Tower,7,16,9,7,39,0,0,29,1,30,7,16,38,8,69,20,20,40,109
02/18/2019,LRD,TX,ASW,CE,Federal Contract Tower,18,21,21,2,62,0,0,35,2,37,18,21,56,4,99,0,0,0,99
02/19/2019,LRD,TX,ASW,CE,Federal Contract Tower,36,18,33,30,117,0,0,2,0,2,36,18,35,30,119,0,0,0,119
02/20/2019,LRD,TX,ASW,CE,Federal Contract Tower,30,23,19,14,86,0,1,60,27,88,30,24,79,41,174,30,210,240,414
02/21/2019,LRD,TX,ASW,CE,Federal Contract Tower,26,31,31,16,104,0,0,24,19,43,26,31,55,35,147,0,400,400,547
02/22/2019,LRD,TX,ASW,CE,Federal Contract Tower,24,24,30,15,93,0,0,38,5,43,24,24,68,20,136,100,160,260,396
02/23/2019,LRD,TX,ASW,CE,Federal Contract Tower,14,17,17,6,54,0,0,43,10,53,14,17,60,16,107,40,20,60,167
02/24/2019,LRD,TX,ASW,CE,Federal Contract Tower,21,10,16,2,49,0,0,34,13,47,21,10,50,15,96,0,60,60,156
02/25/2019,LRD,TX,ASW,CE,Federal Contract Tower,18,23,29,16,86,0,0,55,11,66,18,23,84,27,152,180,340,520,672
02/26/2019,LRD,TX,ASW,CE,Federal Contract Tower,22,23,20,29,94,0,0,35,4,39,22,23,55,33,133,85,160,245,378
02/27/2019,LRD,TX,ASW,CE,Federal Contract Tower,24,19,42,23,108,0,0,22,8,30,24,19,64,31,138,0,20,20,158
02/28/2019,LRD,TX,ASW,CE,Federal Contract Tower,26,27,40,8,101,0,0,5,0,5,26,27,45,8,106,0,0,0,106
03/01/2019,LRD,TX,ASW,CE,Federal Contract Tower,23,25,32,0,80,0,0,18,0,18,23,25,50,0,98,0,0,0,98
03/02/2019,LRD,TX,ASW,CE,Federal Contract Tower,10,13,10,0,33,0,0,7,0,7,10,13,17,0,40,10,0,10,50
03/04/2019,LRD,TX,ASW,CE,Federal Contract Tower,15,23,26,2,66,0,0,32,2,34,15,23,58,4,100,30,0,30,130
03/05/2019,LRD,TX,ASW,CE,Federal Contract Tower,15,16,14,9,54,1,0,64,8,73,16,16,78,17,127,165,260,425,552
03/06/2019,LRD,TX,ASW,CE,Federal Contract Tower,26,22,30,12,90,0,0,35,16,51,26,22,65,28,141,10,230,240,381
03/07/2019,LRD,TX,ASW,CE,Federal Contract Tower,27,26,33,18,104,0,0,41,8,49,27,26,74,26,153,120,170,290,443
03/08/2019,LRD,TX,ASW,CE,Federal Contract Tower,15,24,32,20,91,0,0,34,3,37,15,24,66,23,128,30,110,140,268
03/09/2019,LRD,TX,ASW,CE,Federal Contract Tower,15,13,15,1,44,0,0,31,2,33,15,13,46,3,77,40,0,40,117
03/10/2019,LRD,TX,ASW,CE,Federal Contract Tower,16,17,12,6,51,0,0,27,0,27,16,17,39,6,78,40,0,40,118
03/11/2019,LRD,TX,ASW,CE,Federal Contract Tower,13,19,18,11,61,0,0,17,1,18,13,19,35,12,79,40,180,220,299
03/12/2019,LRD,TX,ASW,CE,Federal Contract Tower,24,15,24,18,81,0,0,25,0,25,24,15,49,18,106,40,480,520,626
03/13/2019,LRD,TX,ASW,CE,Federal Contract Tower,27,24,11,21,83,0,0,37,13,50,27,24,48,34,133,110,400,510,643
03/14/2019,LRD,TX,ASW,CE,Federal Contract Tower,29,31,21,19,100,0,0,54,15,69,29,31,75,34,169,80,120,200,369
03/15/2019,LRD,TX,ASW,CE,Federal Contract Tower,20,26,26,8,80,0,0,29,3,32,20,26,55,11,112,20,160,180,292
03/16/2019,LRD,TX,ASW,CE,Federal Contract Tower,13,6,4,2,25,0,0,30,1,31,13,6,34,3,56,20,0,20,76
03/17/2019,LRD,TX,ASW,CE,Federal Contract Tower,12,13,17,0,42,0,0,19,0,19,12,13,36,0,61,0,0,0,61
03/18/2019,LRD,TX,ASW,CE,Federal Contract Tower,19,18,16,8,61,0,0,35,6,41,19,18,51,14,102,40,180,220,322
03/19/2019,LRD,TX,ASW,CE,Federal Contract Tower,37,20,26,2,85,0,0,57,2,59,37,20,83,4,144,60,80,140,284
03/20/2019,LRD,TX,ASW,CE,Federal Contract Tower,33,27,44,2,106,0,0,26,2,28,33,27,70,4,134,0,0,0,134
03/21/2019,LRD,TX,ASW,CE,Federal Contract Tower,25,23,29,7,84,0,0,44,3,47,25,23,73,10,131,0,40,40,171
03/22/2019,LRD,TX,ASW,CE,Federal Contract Tower,18,22,13,6,59,0,3,44,8,55,18,25,57,14,114,80,50,130,244
03/23/2019,LRD,TX,ASW,CE,Federal Contract Tower,8,11,21,4,44,1,0,40,1,42,9,11,61,5,86,60,0,60,146
03/24/2019,LRD,TX,ASW,CE,Federal Contract Tower,13,15,11,0,39,0,0,25,4,29,13,15,36,4,68,10,0,10,78
03/25/2019,LRD,TX,ASW,CE,Federal Contract Tower,15,23,26,4,68,0,0,38,1,39,15,23,64,5,107,40,0,40,147
03/26/2019,LRD,TX,ASW,CE,Federal Contract Tower,25,22,36,4,87,0,0,31,9,40,25,22,67,13,127,60,0,60,187
03/27/2019,LRD,TX,ASW,CE,Federal Contract Tower,24,21,18,5,68,0,0,51,8,59,24,21,69,13,127,20,80,100,227
03/28/2019,LRD,TX,ASW,CE,Federal Contract Tower,31,30,32,8,101,0,0,27,12,39,31,30,59,20,140,20,80,100,240
03/29/2019,LRD,TX,ASW,CE,Federal Contract Tower,28,14,25,11,78,0,0,42,6,48,28,14,67,17,126,80,120,200,326
03/30/2019,LRD,TX,ASW,CE,Federal Contract Tower,10,15,11,10,46,0,0,20,4,24,10,15,31,14,70,30,0,30,100
03/31/2019,LRD,TX,ASW,CE,Federal Contract Tower,7,9,21,0,37,0,0,0,0,0,7,9,21,0,37,10,0,10,47
04/01/2019,LRD,TX,ASW,CE,Federal Contract Tower,12,23,17,12,64,0,1,35,18,54,12,24,52,30,118,0,120,120,238
04/02/2019,LRD,TX,ASW,CE,Federal Contract Tower,23,21,16,6,66,0,0,48,4,52,23,21,64,10,118,70,200,270,388
04/03/2019,LRD,TX,ASW,CE,Federal Contract Tower,24,18,27,2,71,0,0,5,0,5,24,18,32,2,76,0,0,0,76
04/04/2019,LRD,TX,ASW,CE,Federal Contract Tower,24,37,33,1,95,0,0,43,6,49,24,37,76,7,144,30,0,30,174
04/05/2019,LRD,TX,ASW,CE,Federal Contract Tower,21,21,16,17,75,0,0,28,9,37,21,21,44,26,112,40,240,280,392
04/06/2019,LRD,TX,ASW,CE,Federal Contract Tower,23,13,15,0,51,0,0,23,0,23,23,13,38,0,74,10,0,10,84
04/07/2019,LRD,TX,ASW,CE,Federal Contract Tower,8,8,17,5,38,0,0,20,1,21,8,8,37,6,59,20,0,20,79
04/08/2019,LRD,TX,ASW,CE,Federal Contract Tower,16,29,26,28,99,0,0,41,4,45,16,29,67,32,144,40,480,520,664
04/09/2019,LRD,TX,ASW,CE,Federal Contract Tower,22,21,30,16,89,0,0,34,5,39,22,21,64,21,128,70,90,160,288
04/10/2019,LRD,TX,ASW,CE,Federal Contract Tower,28,15,20,19,82,1,0,36,6,43,29,15,56,25,125,40,470,510,635
04/11/2019,LRD,TX,ASW,CE,Federal Contract Tower,28,18,15,2,63,0,0,32,6,38,28,18,47,8,101,10,40,50,151
04/12/2019,LRD,TX,ASW,CE,Federal Contract Tower,16,18,29,17,80,0,0,47,0,47,16,18,76,17,127,20,80,100,227
04/13/2019,LRD,TX,ASW,CE,Federal Contract Tower,9,12,24,0,45,0,0,12,0,12,9,12,36,0,57,0,0,0,57
04/14/2019,LRD,TX,ASW,CE,Federal Contract Tower,6,12,14,4,36,0,0,30,3,33,6,12,44,7,69,10,20,30,99
04/15/2019,LRD,TX,ASW,CE,Federal Contract Tower,21,14,19,7,61,0,0,33,5,38,21,14,52,12,99,0,240,240,339
04/16/2019,LRD,TX,ASW,CE,Federal Contract Tower,26,21,22,14,83,0,0,35,13,48,26,21,57,27,131,40,0,40,171
04/17/2019,LRD,TX,ASW,CE,Federal Contract Tower,33,24,22,18,97,0,0,49,12,61,33,24,71,30,158,0,240,240,398
04/18/2019,LRD,TX,ASW,CE,Federal Contract Tower,20,12,17,24,73,0,0,36,10,46,20,12,53,34,119,20,30,50,169
04/19/2019,LRD,TX,ASW,CE,Federal Contract Tower,10,15,13,8,46,0,0,33,7,40,10,15,46,15,86,30,120,150,236
04/20/2019,LRD,TX,ASW,CE,Federal Contract Tower,5,8,4,0,17,0,0,25,4,29,5,8,29,4,46,0,0,0,46
04/21/2019,LRD,TX,ASW,CE,Federal Contract Tower,6,8,7,0,21,0,0,27,3,30,6,8,34,3,51,20,0,20,71
04/22/2019,LRD,TX,ASW,CE,Federal Contract Tower,12,26,27,4,69,0,0,23,8,31,12,26,50,12,100,40,0,40,140
04/23/2019,LRD,TX,ASW,CE,Federal Contract Tower,14,19,26,8,67,0,0,28,1,29,14,19,54,9,96,40,130,170,266
04/24/2019,LRD,TX,ASW,CE,Federal Contract Tower,18,27,16,2,63,0,0,20,0,20,18,27,36,2,83,20,0,20,103
04/25/2019,LRD,TX,ASW,CE,Federal Contract Tower,16,18,36,10,80,0,0,33,17,50,16,18,69,27,130,30,160,190,320
04/26/2019,LRD,TX,ASW,CE,Federal Contract Tower,19,21,16,10,66,0,0,38,4,42,19,21,54,14,108,60,120,180,288
04/27/2019,LRD,TX,ASW,CE,Federal Contract Tower,7,7,15,0,29,0,0,22,2,24,7,7,37,2,53,0,0,0,53
04/28/2019,LRD,TX,ASW,CE,Federal Contract Tower,7,10,12,6,35,0,0,28,3,31,7,10,40,9,66,0,0,0,66
04/29/2019,LRD,TX,ASW,CE,Federal Contract Tower,10,17,24,11,62,0,0,25,7,32,10,17,49,18,94,60,20,80,174
04/30/2019,LRD,TX,ASW,CE,Federal Contract Tower,13,25,31,38,107,0,0,35,13,48,13,25,66,51,155,0,120,120,275
05/01/2019,LRD,TX,ASW,CE,Federal Contract Tower,15,17,21,29,82,0,0,34,8,42,15,17,55,37,124,30,0,30,154
05/02/2019,LRD,TX,ASW,CE,Federal Contract Tower,25,22,36,12,95,0,0,27,2,29,25,22,63,14,124,0,30,30,154
05/03/2019,LRD,TX,ASW,CE,Federal Contract Tower,20,21,13,0,54,0,1,18,0,19,20,22,31,0,73,0,0,0,73
05/04/2019,LRD,TX,ASW,CE,Federal Contract Tower,15,16,8,0,39,0,0,29,0,29,15,16,37,0,68,80,0,80,148
05/05/2019,LRD,TX,ASW,CE,Federal Contract Tower,6,15,13,5,39,0,0,28,9,37,6,15,41,14,76,20,40,60,136
05/06/2019,LRD,TX,ASW,CE,Federal Contract Tower,9,17,18,24,68,0,0,13,5,18,9,17,31,29,86,0,0,0,86
05/07/2019,LRD,TX,ASW,CE,Federal Contract Tower,20,30,26,21,97,0,0,13,7,20,20,30,39,28,117,10,0,10,127
05/08/2019,LRD,TX,ASW,CE,Federal Contract Tower,14,23,24,33,94,0,0,20,6,26,14,23,44,39,120,20,140,160,280
05/09/2019,LRD,TX,ASW,CE,Federal Contract Tower,20,33,22,8,83,0,0,11,0,11,20,33,33,8,94,0,20,20,114
05/10/2019,LRD,TX,ASW,CE,Federal Contract Tower,18,18,13,16,65,0,0,5,0,5,18,18,18,16,70,20,0,20,90
05/11/2019,LRD,TX,ASW,CE,Federal Contract Tower,7,12,13,8,40,0,0,17,3,20,7,12,30,11,60,40,40,80,140
05/12/2019,LRD,TX,ASW,CE,Federal Contract Tower,6,13,23,4,46,0,0,30,3,33,6,13,53,7,79,20,0,20,99
05/13/2019,LRD,TX,ASW,CE,Federal Contract Tower,17,18,20,7,62,0,0,36,2,38,17,18,56,9,100,0,80,80,180
05/14/2019,LRD,TX,ASW,CE,Federal Contract Tower,22,23,23,28,96,0,0,28,5,33,22,23,51,33,129,50,60,110,239
05/15/2019,LRD,TX,ASW,CE,Federal Contract Tower,10,21,22,11,64,0,0,27,6,33,10,21,49,17,97,0,0,0,97
05/16/2019,LRD,TX,ASW,CE,Federal Contract Tower,23,20,22,30,95,0,0,23,6,29,23,20,45,36,124,0,140,140,264
05/17/2019,LRD,TX,ASW,CE,Federal Contract Tower,10,18,22,5,55,0,0,23,1,24,10,18,45,6,79,40,0,40,119
05/18/2019,LRD,TX,ASW,CE,Federal Contract Tower,10,10,19,27,66,0,0,17,2,19,10,10,36,29,85,0,0,0,85
05/19/2019,LRD,TX,ASW,CE,Federal Contract Tower,7,11,18,0,36,0,0,16,2,18,7,11,34,2,54,0,0,0,54
05/20/2019,LRD,TX,ASW,CE,Federal Contract Tower,14,25,36,27,102,0,0,20,5,25,14,25,56,32,127,0,240,240,367
05/21/2019,LRD,TX,ASW,CE,Federal Contract Tower,22,20,29,36,107,0,0,52,11,63,22,20,81,47,170,0,590,590,760
05/22/2019,LRD,TX,ASW,CE,Federal Contract Tower,17,29,22,34,102,0,0,23,6,29,17,29,45,40,131,0,40,40,171
05/23/2019,LRD,TX,ASW,CE,Federal Contract Tower,20,33,22,16,91,0,0,20,8,28,20,33,42,24,119,20,160,180,299
05/24/2019,LRD,TX,ASW,CE,Federal Contract Tower,17,20,21,6,64,0,0,23,0,23,17,20,44,6,87,20,0,20,107
05/25/2019,LRD,TX,ASW,CE,Federal Contract Tower,9,18,13,0,40,0,0,16,0,16,9,18,29,0,56,40,0,40,96
05/26/2019,LRD,TX,ASW,CE,Federal Contract Tower,6,11,8,0,25,0,0,7,0,7,6,11,15,0,32,0,0,0,32
05/27/2019,LRD,TX,ASW,CE,Federal Contract Tower,4,17,15,0,36,0,0,14,1,15,4,17,29,1,51,0,0,0,51
05/29/2019,LRD,TX,ASW,CE,Federal Contract Tower,30,19,14,35,98,0,0,37,10,47,30,19,51,45,145,0,240,240,385
05/30/2019,LRD,TX,ASW,CE,Federal Contract Tower,20,25,31,33,109,0,0,17,6,23,20,25,48,39,132,0,50,50,182
05/31/2019,LRD,TX,ASW,CE,Federal Contract Tower,16,16,21,28,81,0,0,19,4,23,16,16,40,32,104,0,40,40,144
06/01/2019,LRD,TX,ASW,CE,Federal Contract Tower,5,12,3,10,30,0,0,19,0,19,5,12,22,10,49,0,0,0,49
06/02/2019,LRD,TX,ASW,CE,Federal Contract Tower,6,21,18,17,62,0,0,28,1,29,6,21,46,18,91,0,40,40,131
06/03/2019,LRD,TX,ASW,CE,Federal Contract Tower,12,26,15,2,55,0,0,24,6,30,12,26,39,8,85,40,80,120,205
06/04/2019,LRD,TX,ASW,CE,Federal Contract Tower,16,22,20,33,91,0,0,22,5,27,16,22,42,38,118,10,0,10,128
06/05/2019,LRD,TX,ASW,CE,Federal Contract Tower,23,32,33,17,105,0,0,21,12,33,23,32,54,29,138,100,140,240,378
06/06/2019,LRD,TX,ASW,CE,Federal Contract Tower,28,23,15,16,82,0,0,24,6,30,28,23,39,22,112,0,160,160,272
06/07/2019,LRD,TX,ASW,CE,Federal Contract Tower,15,18,17,8,58,0,0,26,4,30,15,18,43,12,88,70,50,120,208
06/08/2019,LRD,TX,ASW,CE,Federal Contract Tower,6,16,9,0,31,0,0,19,5,24,6,16,28,5,55,0,0,0,55
06/09/2019,LRD,TX,ASW,CE,Federal Contract Tower,6,16,15,0,37,0,0,23,2,25,6,16,38,2,62,0,0,0,62
06/10/2019,LRD,TX,ASW,CE,Federal Contract Tower,18,22,20,10,70,0,0,25,4,29,18,22,45,14,99,0,0,0,99
06/11/2019,LRD,TX,ASW,CE,Federal Contract Tower,32,29,23,6,90,0,0,35,4,39,32,29,58,10,129,10,60,70,199
06/12/2019,LRD,TX,ASW,CE,Federal Contract Tower,22,29,27,4,82,0,0,43,6,49,22,29,70,10,131,30,0,30,161
06/13/2019,LRD,TX,ASW,CE,Federal Contract Tower,26,25,21,14,86,0,0,23,8,31,26,25,44,22,117,40,140,180,297
06/14/2019,LRD,TX,ASW,CE,Federal Contract Tower,12,16,19,9,56,0,0,37,2,39,12,16,56,11,95,50,110,160,255
06/15/2019,LRD,TX,ASW,CE,Federal Contract Tower,6,15,7,0,28,0,0,20,3,23,6,15,27,3,51,0,0,0,51
06/16/2019,LRD,TX,ASW,CE,Federal Contract Tower,7,15,12,10,44,0,0,21,0,21,7,15,33,10,65,0,0,0,65
06/17/2019,LRD,TX,ASW,CE,Federal Contract Tower,13,21,26,38,98,0,1,26,7,34,13,22,52,45,132,60,220,280,412
06/18/2019,LRD,TX,ASW,CE,Federal Contract Tower,21,25,23,13,82,0,0,36,12,48,21,25,59,25,130,50,220,270,400
06/19/2019,LRD,TX,ASW,CE,Federal Contract Tower,19,30,19,10,78,0,0,28,1,29,19,30,47,11,107,40,160,200,307
06/20/2019,LRD,TX,ASW,CE,Federal Contract Tower,21,26,24,8,79,0,0,39,7,46,21,26,63,15,125,20,80,100,225
06/21/2019,LRD,TX,ASW,CE,Federal Contract Tower,17,31,16,4,68,0,0,43,1,44,17,31,59,5,112,40,50,90,202
06/22/2019,LRD,TX,ASW,CE,Federal Contract Tower,14,20,13,2,49,0,0,23,6,29,14,20,36,8,78,40,0,40,118
06/23/2019,LRD,TX,ASW,CE,Federal Contract Tower,9,16,10,16,51,0,0,22,2,24,9,16,32,18,75,0,0,0,75
06/24/2019,LRD,TX,ASW,CE,Federal Contract Tower,14,18,18,5,55,0,0,30,1,31,14,18,48,6,86,10,0,10,96
06/25/2019,LRD,TX,ASW,CE,Federal Contract Tower,21,23,23,17,84,0,0,27,1,28,21,23,50,18,112,0,80,80,192
06/26/2019,LRD,TX,ASW,CE,Federal Contract Tower,20,42,12,2,76,0,2,18,1,21,20,44,30,3,97,30,0,30,127
06/27/2019,LRD,TX,ASW,CE,Federal Contract Tower,21,33,21,5,80,2,1,20,10,33,23,34,41,15,113,40,40,80,193
06/28/2019,LRD,TX,ASW,CE,Federal Contract Tower,23,24,21,5,73,0,1,22,10,33,23,25,43,15,106,30,40,70,176
06/29/2019,LRD,TX,ASW,CE,Federal Contract Tower,10,20,13,8,51,0,0,19,3,22,10,20,32,11,73,0,0,0,73
06/30/2019,LRD,TX,ASW,CE,Federal Contract Tower,8,12,16,0,36,0,0,30,1,31,8,12,46,1,67,0,0,0,67
07/01/2019,LRD,TX,ASW,CE,Federal Contract Tower,24,19,21,4,68,0,0,26,11,37,24,19,47,15,105,20,140,160,265
07/02/2019,LRD,TX,ASW,CE,Federal Contract Tower,25,20,26,11,82,0,0,38,11,49,25,20,64,22,131,90,50,140,271
07/03/2019,LRD,TX,ASW,CE,Federal Contract Tower,21,14,9,18,62,0,0,28,9,37,21,14,37,27,99,70,160,230,329
07/04/2019,LRD,TX,ASW,CE,Federal Contract Tower,9,20,4,0,33,0,3,23,0,26,9,23,27,0,59,30,0,30,89
07/05/2019,LRD,TX,ASW,CE,Federal Contract Tower,14,14,10,0,38,0,0,34,0,34,14,14,44,0,72,40,0,40,112
07/06/2019,LRD,TX,ASW,CE,Federal Contract Tower,4,12,16,0,32,0,0,17,2,19,4,12,33,2,51,0,0,0,51
07/07/2019,LRD,TX,ASW,CE,Federal Contract Tower,6,13,12,4,35,0,0,15,2,17,6,13,27,6,52,0,0,0,52
07/08/2019,LRD,TX,ASW,CE,Federal Contract Tower,14,17,13,7,51,0,0,20,9,29,14,17,33,16,80,0,260,260,340
07/09/2019,LRD,TX,ASW,CE,Federal Contract Tower,16,20,22,10,68,0,0,46,7,53,16,20,68,17,121,20,240,260,381
07/10/2019,LRD,TX,ASW,CE,Federal Contract Tower,12,18,21,15,66,0,0,17,9,26,12,18,38,24,92,0,100,100,192
07/11/2019,LRD,TX,ASW,CE,Federal Contract Tower,28,12,22,12,74,0,0,27,8,35,28,12,49,20,109,80,80,160,269
07/12/2019,LRD,TX,ASW,CE,Federal Contract Tower,12,14,17,18,61,0,0,32,5,37,12,14,49,23,98,110,80,190,288
07/13/2019,LRD,TX,ASW,CE,Federal Contract Tower,5,12,11,6,34,0,0,22,2,24,5,12,33,8,58,20,0,20,78
07/14/2019,LRD,TX,ASW,CE,Federal Contract Tower,6,13,19,1,39,0,0,22,3,25,6,13,41,4,64,0,0,0,64
07/15/2019,LRD,TX,ASW,CE,Federal Contract Tower,10,22,14,6,52,0,0,25,10,35,10,22,39,16,87,120,0,120,207
07/16/2019,LRD,TX,ASW,CE,Federal Contract Tower,18,16,17,14,65,0,0,42,5,47,18,16,59,19,112,30,230,260,372
07/17/2019,LRD,TX,ASW,CE,Federal Contract Tower,13,32,22,9,76,0,0,35,4,39,13,32,57,13,115,0,80,80,195
07/18/2019,LRD,TX,ASW,CE,Federal Contract Tower,17,30,14,6,67,0,0,34,14,48,17,30,48,20,115,20,100,120,235
07/19/2019,LRD,TX,ASW,CE,Federal Contract Tower,11,27,30,38,106,0,2,39,5,46,11,29,69,43,152,60,380,440,592
07/20/2019,LRD,TX,ASW,CE,Federal Contract Tower,4,17,16,0,37,0,0,24,3,27,4,17,40,3,64,20,0,20,84
07/21/2019,LRD,TX,ASW,CE,Federal Contract Tower,10,18,22,14,64,0,0,22,2,24,10,18,44,16,88,20,0,20,108
07/23/2019,LRD,TX,ASW,CE,Federal Contract Tower,17,39,22,3,81,0,0,22,9,31,17,39,44,12,112,60,0,60,172
07/24/2019,LRD,TX,ASW,CE,Federal Contract Tower,16,27,36,23,102,0,0,32,14,46,16,27,68,37,148,0,220,220,368
07/25/2019,LRD,TX,ASW,CE,Federal Contract Tower,22,24,18,17,81,0,8,26,9,43,22,32,44,26,124,10,230,240,364
07/26/2019,LRD,TX,ASW,CE,Federal Contract Tower,14,27,29,25,95,0,3,41,2,46,14,30,70,27,141,60,160,220,361
07/27/2019,LRD,TX,ASW,CE,Federal Contract Tower,10,16,13,0,39,0,0,21,3,24,10,16,34,3,63,40,0,40,103
07/28/2019,LRD,TX,ASW,CE,Federal Contract Tower,5,20,21,21,67,0,0,27,0,27,5,20,48,21,94,40,0,40,134
07/29/2019,LRD,TX,ASW,CE,Federal Contract Tower,12,27,20,21,80,0,0,29,10,39,12,27,49,31,119,0,280,280,399
07/30/2019,LRD,TX,ASW,CE,Federal Contract Tower,24,23,20,18,85,0,0,50,3,53,24,23,70,21,138,20,250,270,408
07/31/2019,LRD,TX,ASW,CE,Federal Contract Tower,8,21,25,14,68,0,0,36,11,47,8,21,61,25,115,20,380,400,515
08/01/2019,LRD,TX,ASW,CE,Federal Contract Tower,25,20,24,14,83,0,1,20,13,34,25,21,44,27,117,60,340,400,517
08/02/2019,LRD,TX,ASW,CE,Federal Contract Tower,18,14,7,18,57,0,0,49,2,51,18,14,56,20,108,100,100,200,308
08/03/2019,LRD,TX,ASW,CE,Federal Contract Tower,11,15,6,8,40,0,0,33,2,35,11,15,39,10,75,50,0,50,125
08/04/2019,LRD,TX,ASW,CE,Federal Contract Tower,14,12,8,7,41,0,0,13,3,16,14,12,21,10,57,0,0,0,57
08/05/2019,LRD,TX,ASW,CE,Federal Contract Tower,14,16,33,20,83,0,0,33,4,37,14,16,66,24,120,40,360,400,520
08/06/2019,LRD,TX,ASW,CE,Federal Contract Tower,16,25,30,4,75,0,0,39,2,41,16,25,69,6,116,60,140,200,316
08/07/2019,LRD,TX,ASW,CE,Federal Contract Tower,14,21,24,11,70,0,0,31,5,36,14,21,55,16,106,0,280,280,386
08/08/2019,LRD,TX,ASW,CE,Federal Contract Tower,17,26,24,0,67,0,0,19,25,44,17,26,43,25,111,20,60,80,191
08/09/2019,LRD,TX,ASW,CE,Federal Contract Tower,13,24,13,2,52,0,1,33,5,39,13,25,46,7,91,30,0,30,121
08/10/2019,LRD,TX,ASW,CE,Federal Contract Tower,13,12,10,0,35,0,0,23,2,25,13,12,33,2,60,0,0,0,60
08/11/2019,LRD,TX,ASW,CE,Federal Contract Tower,9,14,14,0,37,0,0,16,2,18,9,14,30,2,55,0,0,0,55
08/12/2019,LRD,TX,ASW,CE,Federal Contract Tower,15,18,26,5,64,0,0,33,7,40,15,18,59,12,104,0,60,60,164
08/13/2019,LRD,TX,ASW,CE,Federal Contract Tower,17,20,26,12,75,0,0,17,2,19,17,20,43,14,94,30,190,220,314
08/14/2019,LRD,TX,ASW,CE,Federal Contract Tower,14,23,24,11,72,0,0,23,6,29,14,23,47,17,101,50,180,230,331
08/15/2019,LRD,TX,ASW,CE,Federal Contract Tower,21,19,17,6,63,0,0,27,6,33,21,19,44,12,96,30,130,160,256
08/16/2019,LRD,TX,ASW,CE,Federal Contract Tower,17,18,21,18,74,0,0,41,8,49,17,18,62,26,123,40,120,160,283
08/17/2019,LRD,TX,ASW,CE,Federal Contract Tower,9,15,6,2,32,0,0,33,2,35,9,15,39,4,67,120,0,120,187
08/18/2019,LRD,TX,ASW,CE,Federal Contract Tower,10,14,9,15,48,0,0,15,3,18,10,14,24,18,66,0,0,0,66
08/19/2019,LRD,TX,ASW,CE,Federal Contract Tower,18,17,15,7,57,0,0,19,6,25,18,17,34,13,82,50,40,90,172
08/20/2019,LRD,TX,ASW,CE,Federal Contract Tower,18,18,22,9,67,0,3,37,2,42,18,21,59,11,109,90,140,230,339
08/21/2019,LRD,TX,ASW,CE,Federal Contract Tower,16,24,20,14,74,0,0,36,4,40,16,24,56,18,114,20,150,170,284
08/22/2019,LRD,TX,ASW,CE,Federal Contract Tower,18,19,21,18,76,0,0,22,2,24,18,19,43,20,100,0,100,100,200
08/23/2019,LRD,TX,ASW,CE,Federal Contract Tower,19,26,25,12,82,0,0,37,4,41,19,26,62,16,123,40,180,220,343
08/24/2019,LRD,TX,ASW,CE,Federal Contract Tower,9,13,8,10,40,0,0,30,4,34,9,13,38,14,74,30,30,60,134
08/25/2019,LRD,TX,ASW,CE,Federal Contract Tower,9,15,10,10,44,0,0,25,3,28,9,15,35,13,72,0,0,0,72
08/26/2019,LRD,TX,ASW,CE,Federal Contract Tower,17,21,21,17,76,0,0,36,8,44,17,21,57,25,120,20,210,230,350
08/27/2019,LRD,TX,ASW,CE,Federal Contract Tower,19,28,11,49,107,0,1,41,7,49,19,29,52,56,156,50,520,570,726
08/28/2019,LRD,TX,ASW,CE,Federal Contract Tower,36,15,19,36,106,0,0,33,2,35,36,15,52,38,141,20,300,320,461
08/29/2019,LRD,TX,ASW,CE,Federal Contract Tower,27,29,20,18,94,0,1,39,12,52,27,30,59,30,146,70,0,70,216
08/30/2019,LRD,TX,ASW,CE,Federal Contract Tower,21,20,27,6,74,0,0,30,4,34,21,20,57,10,108,60,0,60,168
08/31/2019,LRD,TX,ASW,CE,Federal Contract Tower,15,10,7,0,32,0,0,18,0,18,15,10,25,0,50,30,0,30,80
09/01/2019,LRD,TX,ASW,CE,Federal Contract Tower,7,9,12,4,32,0,0,24,0,24,7,9,36,4,56,60,0,60,116
09/02/2019,LRD,TX,ASW,CE,Federal Contract Tower,11,11,19,0,41,0,0,36,1,37,11,11,55,1,78,20,0,20,98
09/03/2019,LRD,TX,ASW,CE,Federal Contract Tower,17,22,27,19,85,0,0,28,8,36,17,22,55,27,121,0,150,150,271
09/04/2019,LRD,TX,ASW,CE,Federal Contract Tower,13,19,18,2,52,0,0,6,4,10,13,19,24,6,62,60,0,60,122
09/05/2019,LRD,TX,ASW,CE,Federal Contract Tower,21,18,18,2,59,0,0,25,0,25,21,18,43,2,84,60,0,60,144
09/06/2019,LRD,TX,ASW,CE,Federal Contract Tower,20,18,24,9,71,0,0,12,3,15,20,18,36,12,86,0,0,0,86
09/07/2019,LRD,TX,ASW,CE,Federal Contract Tower,10,10,11,10,41,0,0,24,1,25,10,10,35,11,66,0,0,0,66
09/08/2019,LRD,TX,ASW,CE,Federal Contract Tower,9,23,9,6,47,0,0,30,1,31,9,23,39,7,78,10,0,10,88
09/09/2019,LRD,TX,ASW,CE,Federal Contract Tower,20,19,18,10,67,0,0,22,15,37,20,19,40,25,104,0,0,0,104
09/10/2019,LRD,TX,ASW,CE,Federal Contract Tower,22,15,33,27,97,0,0,11,3,14,22,15,44,30,111,0,20,20,131
09/11/2019,LRD,TX,ASW,CE,Federal Contract Tower,19,22,29,11,81,0,0,16,5,21,19,22,45,16,102,20,160,180,282
09/12/2019,LRD,TX,ASW,CE,Federal Contract Tower,26,25,38,10,99,0,0,32,2,34,26,25,70,12,133,50,0,50,183
09/13/2019,LRD,TX,ASW,CE,Federal Contract Tower,18,21,25,0,64,0,0,29,1,30,18,21,54,1,94,60,0,60,154
09/14/2019,LRD,TX,ASW,CE,Federal Contract Tower,9,10,9,2,30,0,0,18,0,18,9,10,27,2,48,20,0,20,68
09/15/2019,LRD,TX,ASW,CE,Federal Contract Tower,14,13,6,4,37,0,0,24,3,27,14,13,30,7,64,100,0,100,164
09/16/2019,LRD,TX,ASW,CE,Federal Contract Tower,21,19,24,20,84,0,0,28,2,30,21,19,52,22,114,20,20,40,154
09/17/2019,LRD,TX,ASW,CE,Federal Contract Tower,17,22,19,30,88,0,0,36,1,37,17,22,55,31,125,10,60,70,195
09/18/2019,LRD,TX,ASW,CE,Federal Contract Tower,11,26,22,24,83,0,0,20,9,29,11,26,42,33,112,10,120,130,242
09/19/2019,LRD,TX,ASW,CE,Federal Contract Tower,19,16,22,14,71,0,0,32,7,39,19,16,54,21,110,30,120,150,260
09/20/2019,LRD,TX,ASW,CE,Federal Contract Tower,17,11,25,27,80,0,0,21,4,25,17,11,46,31,105,0,80,80,185
09/21/2019,LRD,TX,ASW,CE,Federal Contract Tower,15,19,18,6,58,0,0,16,2,18,15,19,34,8,76,0,0,0,76
09/22/2019,LRD,TX,ASW,CE,Federal Contract Tower,12,11,20,2,45,0,0,18,3,21,12,11,38,5,66,0,8,8,74
09/23/2019,LRD,TX,ASW,CE,Federal Contract Tower,15,22,20,38,95,0,0,27,5,32,15,22,47,43,127,0,140,140,267
09/24/2019,LRD,TX,ASW,CE,Federal Contract Tower,16,22,29,25,92,0,0,31,1,32,16,22,60,26,124,10,50,60,184
09/25/2019,LRD,TX,ASW,CE,Federal Contract Tower,21,27,24,6,78,0,0,30,10,40,21,27,54,16,118,60,0,60,178
09/26/2019,LRD,TX,ASW,CE,Federal Contract Tower,29,24,22,14,89,0,5,24,4,33,29,29,46,18,122,0,140,140,262
09/27/2019,LRD,TX,ASW,CE,Federal Contract Tower,11,19,15,13,58,0,0,31,8,39,11,19,46,21,97,0,60,60,157
09/28/2019,LRD,TX,ASW,CE,Federal Contract Tower,11,8,5,6,30,0,0,23,4,27,11,8,28,10,57,0,0,0,57
09/29/2019,LRD,TX,ASW,CE,Federal Contract Tower,10,16,7,0,33,0,0,14,0,14,10,16,21,0,47,0,0,0,47
09/30/2019,LRD,TX,ASW,CE,Federal Contract Tower,16,24,17,4,61,0,5,13,0,18,16,29,30,4,79,10,30,40,119
10/01/2019,LRD,TX,ASW,CE,Federal Contract Tower,24,24,23,3,74,0,0,41,3,44,24,24,64,6,118,41,30,71,189
10/02/2019,LRD,TX,ASW,CE,Federal Contract Tower,17,20,29,13,79,0,0,29,4,33,17,20,58,17,112,80,160,240,352
10/03/2019,LRD,TX,ASW,CE,Federal Contract Tower,19,26,30,6,81,0,0,42,14,56,19,26,72,20,137,20,80,100,237
10/04/2019,LRD,TX,ASW,CE,Federal Contract Tower,17,20,28,16,81,0,0,24,6,30,17,20,52,22,111,0,120,120,231
10/05/2019,LRD,TX,ASW,CE,Federal Contract Tower,13,7,19,4,43,0,0,31,4,35,13,7,50,8,78,80,0,80,158
10/06/2019,LRD,TX,ASW,CE,Federal Contract Tower,6,9,14,2,31,0,0,32,10,42,6,9,46,12,73,0,100,100,173
10/07/2019,LRD,TX,ASW,CE,Federal Contract Tower,8,28,21,9,66,0,0,28,7,35,8,28,49,16,101,30,90,120,221
10/08/2019,LRD,TX,ASW,CE,Federal Contract Tower,12,17,11,13,53,0,0,27,14,41,12,17,38,27,94,0,70,70,164
10/09/2019,LRD,TX,ASW,CE,Federal Contract Tower,9,22,35,14,80,0,0,29,13,42,9,22,64,27,122,10,20,30,152
10/10/2019,LRD,TX,ASW,CE,Federal Contract Tower,13,20,23,16,72,0,0,35,15,50,13,20,58,31,122,90,50,140,262
10/11/2019,LRD,TX,ASW,CE,Federal Contract Tower,8,21,22,10,61,0,0,16,2,18,8,21,38,12,79,0,0,0,79
10/12/2019,LRD,TX,ASW,CE,Federal Contract Tower,9,10,21,0,40,0,0,30,0,30,9,10,51,0,70,50,0,50,120
10/13/2019,LRD,TX,ASW,CE,Federal Contract Tower,8,11,10,0,29,0,0,26,2,28,8,11,36,2,57,20,0,20,77
10/14/2019,LRD,TX,ASW,CE,Federal Contract Tower,9,20,18,1,48,0,0,32,3,35,9,20,50,4,83,0,0,0,83
10/15/2019,LRD,TX,ASW,CE,Federal Contract Tower,16,20,18,24,78,0,0,28,9,37,16,20,46,33,115,0,200,200,315
10/16/2019,LRD,TX,ASW,CE,Federal Contract Tower,19,28,16,1,64,0,0,8,1,9,19,28,24,2,73,40,0,40,113
10/17/2019,LRD,TX,ASW,CE,Federal Contract Tower,19,23,28,4,74,0,1,24,8,33,19,24,52,12,107,30,0,30,137
10/18/2019,LRD,TX,ASW,CE,Federal Contract Tower,7,18,31,2,58,0,0,27,6,33,7,18,58,8,91,0,0,0,91
10/19/2019,LRD,TX,ASW,CE,Federal Contract Tower,9,8,12,0,29,0,0,16,0,16,9,8,28,0,45,30,0,30,75
10/20/2019,LRD,TX,ASW,CE,Federal Contract Tower,6,18,14,0,38,0,0,17,0,17,6,18,31,0,55,0,0,0,55
10/21/2019,LRD,TX,ASW,CE,Federal Contract Tower,15,17,25,10,67,0,0,20,3,23,15,17,45,13,90,0,200,200,290
10/22/2019,LRD,TX,ASW,CE,Federal Contract Tower,14,22,12,11,59,0,0,28,10,38,14,22,40,21,97,0,190,190,287
10/23/2019,LRD,TX,ASW,CE,Federal Contract Tower,16,17,24,10,67,0,0,39,3,42,16,17,63,13,109,40,100,140,249
10/24/2019,LRD,TX,ASW,CE,Federal Contract Tower,16,13,24,37,90,0,0,41,5,46,16,13,65,42,136,60,160,220,356
10/25/2019,LRD,TX,ASW,CE,Federal Contract Tower,12,23,24,10,69,0,0,14,5,19,12,23,38,15,88,10,40,50,138
10/26/2019,LRD,TX,ASW,CE,Federal Contract Tower,13,8,5,0,26,0,0,37,0,37,13,8,42,0,63,0,0,0,63
10/27/2019,LRD,TX,ASW,CE,Federal Contract Tower,7,16,20,0,43,0,0,28,0,28,7,16,48,0,71,20,0,20,91
10/28/2019,LRD,TX,ASW,CE,Federal Contract Tower,13,27,24,27,91,0,0,42,7,49,13,27,66,34,140,60,290,350,490
10/29/2019,LRD,TX,ASW,CE,Federal Contract Tower,16,19,34,48,117,0,0,23,2,25,16,19,57,50,142,0,270,270,412
10/30/2019,LRD,TX,ASW,CE,Federal Contract Tower,26,25,29,10,90,0,0,0,0,0,26,25,29,10,90,0,0,0,90
10/31/2019,LRD,TX,ASW,CE,Federal Contract Tower,24,21,24,11,80,0,0,46,8,54,24,21,70,19,134,40,60,100,234
11/01/2019,LRD,TX,ASW,CE,Federal Contract Tower,28,21,29,3,81,0,0,31,7,38,28,21,60,10,119,40,60,100,219
11/02/2019,LRD,TX,ASW,CE,Federal Contract Tower,19,11,6,0,36,0,0,46,0,46,19,11,52,0,82,0,0,0,82
11/03/2019,LRD,TX,ASW,CE,Federal Contract Tower,10,16,11,0,37,0,0,25,0,25,10,16,36,0,62,20,0,20,82
11/04/2019,LRD,TX,ASW,CE,Federal Contract Tower,20,26,12,1,59,0,0,49,6,55,20,26,61,7,114,40,0,40,154
11/05/2019,LRD,TX,ASW,CE,Federal Contract Tower,13,25,27,4,69,0,0,38,9,47,13,25,65,13,116,20,70,90,206
11/06/2019,LRD,TX,ASW,CE,Federal Contract Tower,14,23,29,16,82,0,0,20,10,30,14,23,49,26,112,5,160,165,277
11/07/2019,LRD,TX,ASW,CE,Federal Contract Tower,23,26,29,20,98,0,13,17,4,34,23,39,46,24,132,20,0,20,152
11/08/2019,LRD,TX,ASW,CE,Federal Contract Tower,10,25,25,4,64,0,0,10,0,10,10,25,35,4,74,0,0,0,74
11/09/2019,LRD,TX,ASW,CE,Federal Contract Tower,8,15,19,0,42,0,0,17,0,17,8,15,36,0,59,10,0,10,69
11/10/2019,LRD,TX,ASW,CE,Federal Contract Tower,12,13,22,0,47,0,0,27,0,27,12,13,49,0,74,40,0,40,114
11/11/2019,LRD,TX,ASW,CE,Federal Contract Tower,14,23,23,1,61,0,0,14,4,18,14,23,37,5,79,30,0,30,109
11/12/2019,LRD,TX,ASW,CE,Federal Contract Tower,21,24,16,4,65,0,0,30,0,30,21,24,46,4,95,0,0,0,95
11/13/2019,LRD,TX,ASW,CE,Federal Contract Tower,19,31,21,19,90,0,0,25,1,26,19,31,46,20,116,0,0,0,116
11/14/2019,LRD,TX,ASW,CE,Federal Contract Tower,23,20,31,40,114,0,0,13,6,19,23,20,44,46,133,0,110,110,243
11/15/2019,LRD,TX,ASW,CE,Federal Contract Tower,27,31,33,8,99,0,0,29,5,34,27,31,62,13,133,0,0,0,133
11/16/2019,LRD,TX,ASW,CE,Federal Contract Tower,24,20,15,16,75,0,0,23,0,23,24,20,38,16,98,0,0,0,98
11/17/2019,LRD,TX,ASW,CE,Federal Contract Tower,14,19,19,9,61,0,0,17,1,18,14,19,36,10,79,0,0,0,79
11/18/2019,LRD,TX,ASW,CE,Federal Contract Tower,12,20,20,13,65,0,0,56,8,64,12,20,76,21,129,10,230,240,369
11/19/2019,LRD,TX,ASW,CE,Federal Contract Tower,19,27,23,6,75,0,0,36,10,46,19,27,59,16,121,0,130,130,251
11/20/2019,LRD,TX,ASW,CE,Federal Contract Tower,21,24,16,21,82,0,0,41,5,46,21,24,57,26,128,60,100,160,288
11/21/2019,LRD,TX,ASW,CE,Federal Contract Tower,22,29,30,31,112,0,0,37,3,40,22,29,67,34,152,30,330,360,512
11/22/2019,LRD,TX,ASW,CE,Federal Contract Tower,16,32,25,12,85,0,0,6,0,6,16,32,31,12,91,0,0,0,91
11/23/2019,LRD,TX,ASW,CE,Federal Contract Tower,15,15,13,0,43,0,0,40,4,44,15,15,53,4,87,30,0,30,117
11/24/2019,LRD,TX,ASW,CE,Federal Contract Tower,20,18,18,0,56,0,0,25,2,27,20,18,43,2,83,0,0,0,83
11/25/2019,LRD,TX,ASW,CE,Federal Contract Tower,12,19,22,16,69,0,0,45,9,54,12,19,67,25,123,40,152,192,315
11/26/2019,LRD,TX,ASW,CE,Federal Contract Tower,26,30,32,6,94,0,0,35,3,38,26,30,67,9,132,40,0,40,172
11/27/2019,LRD,TX,ASW,CE,Federal Contract Tower,14,33,30,0,77,0,0,29,5,34,14,33,59,5,111,60,0,60,171
11/28/2019,LRD,TX,ASW,CE,Federal Contract Tower,9,10,14,0,33,0,0,24,2,26,9,10,38,2,59,80,0,80,139
11/29/2019,LRD,TX,ASW,CE,Federal Contract Tower,12,19,7,4,42,0,0,9,0,9,12,19,16,4,51,0,0,0,51
11/30/2019,LRD,TX,ASW,CE,Federal Contract Tower,8,20,17,2,47,0,0,26,0,26,8,20,43,2,73,0,0,0,73
12/01/2019,LRD,TX,ASW,CE,Federal Contract Tower,5,18,18,0,41,0,0,40,0,40,5,18,58,0,81,40,0,40,121
12/02/2019,LRD,TX,ASW,CE,Federal Contract Tower,11,35,19,6,71,0,0,30,9,39,11,35,49,15,110,10,60,70,180
12/03/2019,LRD,TX,ASW,CE,Federal Contract Tower,19,26,12,12,69,0,0,45,4,49,19,26,57,16,118,40,190,230,348
12/04/2019,LRD,TX,ASW,CE,Federal Contract Tower,17,24,18,15,74,0,0,53,11,64,17,24,71,26,138,30,90,120,258
12/05/2019,LRD,TX,ASW,CE,Federal Contract Tower,22,26,34,3,85,0,0,28,2,30,22,26,62,5,115,0,60,60,175
12/06/2019,LRD,TX,ASW,CE,Federal Contract Tower,12,27,33,1,73,0,0,17,5,22,12,27,50,6,95,0,0,0,95
12/07/2019,LRD,TX,ASW,CE,Federal Contract Tower,18,18,8,0,44,0,0,25,0,25,18,18,33,0,69,10,0,10,79
12/08/2019,LRD,TX,ASW,CE,Federal Contract Tower,7,20,16,0,43,0,0,33,3,36,7,20,49,3,79,0,0,0,79
12/09/2019,LRD,TX,ASW,CE,Federal Contract Tower,15,14,36,9,74,0,2,29,4,35,15,16,65,13,109,20,70,90,199
12/10/2019,LRD,TX,ASW,CE,Federal Contract Tower,22,23,25,2,72,0,0,25,2,27,22,23,50,4,99,20,0,20,119
12/11/2019,LRD,TX,ASW,CE,Federal Contract Tower,22,24,17,28,91,0,0,36,7,43,22,24,53,35,134,0,210,210,344
12/12/2019,LRD,TX,ASW,CE,Federal Contract Tower,18,21,22,11,72,0,1,33,5,39,18,22,55,16,111,20,150,170,281
12/13/2019,LRD,TX,ASW,CE,Federal Contract Tower,18,25,23,14,80,0,0,26,12,38,18,25,49,26,118,0,180,180,298
12/14/2019,LRD,TX,ASW,CE,Federal Contract Tower,14,18,17,8,57,0,0,14,0,14,14,18,31,8,71,0,10,10,81
12/15/2019,LRD,TX,ASW,CE,Federal Contract Tower,14,13,13,4,44,0,0,13,3,16,14,13,26,7,60,0,0,0,60
12/16/2019,LRD,TX,ASW,CE,Federal Contract Tower,18,22,22,13,75,0,0,21,3,24,18,22,43,16,99,0,130,130,229
12/17/2019,LRD,TX,ASW,CE,Federal Contract Tower,33,22,19,6,80,0,0,37,6,43,33,22,56,12,123,10,102,112,235
12/18/2019,LRD,TX,ASW,CE,Federal Contract Tower,23,18,27,14,82,0,0,27,15,42,23,18,54,29,124,0,120,120,244
12/19/2019,LRD,TX,ASW,CE,Federal Contract Tower,18,22,41,16,97,0,0,30,6,36,18,22,71,22,133,40,100,140,273
12/20/2019,LRD,TX,ASW,CE,Federal Contract Tower,14,32,22,8,76,0,1,0,0,1,14,33,22,8,77,0,0,0,77
12/21/2019,LRD,TX,ASW,CE,Federal Contract Tower,11,22,34,1,68,0,1,24,2,27,11,23,58,3,95,0,0,0,95
12/22/2019,LRD,TX,ASW,CE,Federal Contract Tower,7,17,25,0,49,0,0,34,0,34,7,17,59,0,83,50,0,50,133
12/23/2019,LRD,TX,ASW,CE,Federal Contract Tower,7,16,19,4,46,0,0,26,4,30,7,16,45,8,76,10,0,10,86
12/24/2019,LRD,TX,ASW,CE,Federal Contract Tower,15,9,9,0,33,0,9,17,6,32,15,18,26,6,65,2,0,2,67
12/25/2019,LRD,TX,ASW,CE,Federal Contract Tower,2,16,6,0,24,0,0,23,0,23,2,16,29,0,47,0,0,0,47
12/26/2019,LRD,TX,ASW,CE,Federal Contract Tower,8,17,17,18,60,0,0,32,1,33,8,17,49,19,93,20,0,20,113
12/27/2019,LRD,TX,ASW,CE,Federal Contract Tower,7,17,31,6,61,0,3,20,2,25,7,20,51,8,86,14,0,14,100
12/28/2019,LRD,TX,ASW,CE,Federal Contract Tower,5,24,23,0,52,0,2,21,0,23,5,26,44,0,75,40,0,40,115
12/29/2019,LRD,TX,ASW,CE,Federal Contract Tower,4,22,14,0,40,0,3,15,0,18,4,25,29,0,58,0,0,0,58
12/30/2019,LRD,TX,ASW,CE,Federal Contract Tower,5,14,14,4,37,0,10,40,2,52,5,24,54,6,89,20,0,20,109
12/31/2019,LRD,TX,ASW,CE,Federal Contract Tower,10,18,18,0,46,0,9,16,0,25,10,27,34,0,71,0,0,0,71
01/01/2020,LRD,TX,ASW,CE,Federal Contract Tower,2,11,19,0,32,0,0,0,0,0,2,11,19,0,32,0,0,0,32
01/02/2020,LRD,TX,ASW,CE,Federal Contract Tower,9,13,13,1,36,0,3,23,7,33,9,16,36,8,69,10,0,10,79
01/03/2020,LRD,TX,ASW,CE,Federal Contract Tower,8,19,20,2,49,0,1,34,4,39,8,20,54,6,88,0,0,0,88
01/04/2020,LRD,TX,ASW,CE,Federal Contract Tower,4,18,20,0,42,0,2,42,0,44,4,20,62,0,86,0,0,0,86
01/05/2020,LRD,TX,ASW,CE,Federal Contract Tower,4,13,21,0,38,0,1,30,1,32,4,14,51,1,70,0,0,0,70
01/06/2020,LRD,TX,ASW,CE,Federal Contract Tower,5,20,17,14,56,0,0,29,13,42,5,20,46,27,98,0,250,250,348
01/07/2020,LRD,TX,ASW,CE,Federal Contract Tower,16,16,13,6,51,0,0,33,8,41,16,16,46,14,92,10,160,170,262
01/08/2020,LRD,TX,ASW,CE,Federal Contract Tower,8,17,25,23,73,0,1,18,5,24,8,18,43,28,97,30,210,240,337
01/09/2020,LRD,TX,ASW,CE,Federal Contract Tower,6,23,27,26,82,0,5,27,7,39,6,28,54,33,121,10,180,190,311
01/10/2020,LRD,TX,ASW,CE,Federal Contract Tower,5,21,22,15,63,0,7,11,1,19,5,28,33,16,82,0,314,314,396
01/11/2020,LRD,TX,ASW,CE,Federal Contract Tower,2,22,8,3,35,0,0,21,0,21,2,22,29,3,56,4,0,4,60
01/12/2020,LRD,TX,ASW,CE,Federal Contract Tower,2,30,10,4,46,0,3,28,3,34,2,33,38,7,80,20,0,20,100
01/14/2020,LRD,TX,ASW,CE,Federal Contract Tower,14,17,20,26,77,0,0,32,3,35,14,17,52,29,112,20,0,20,132
01/15/2020,LRD,TX,ASW,CE,Federal Contract Tower,11,15,15,2,43,0,0,27,8,35,11,15,42,10,78,0,60,60,138
01/16/2020,LRD,TX,ASW,CE,Federal Contract Tower,10,18,20,10,58,0,0,21,0,21,10,18,41,10,79,0,240,240,319
01/17/2020,LRD,TX,ASW,CE,Federal Contract Tower,7,33,24,21,85,0,0,0,0,0,7,33,24,21,85,0,0,0,85
01/18/2020,LRD,TX,ASW,CE,Federal Contract Tower,3,16,12,6,37,0,0,11,0,11,3,16,23,6,48,0,0,0,48
01/19/2020,LRD,TX,ASW,CE,Federal Contract Tower,2,19,29,0,50,0,0,29,2,31,2,19,58,2,81,0,0,0,81
01/20/2020,LRD,TX,ASW,CE,Federal Contract Tower,4,27,16,0,47,0,14,31,7,52,4,41,47,7,99,10,0,10,109
01/21/2020,LRD,TX,ASW,CE,Federal Contract Tower,15,21,24,12,72,0,0,42,9,51,15,21,66,21,123,40,160,200,323
01/22/2020,LRD,TX,ASW,CE,Federal Contract Tower,10,14,28,10,62,0,0,14,4,18,10,14,42,14,80,0,0,0,80
01/23/2020,LRD,TX,ASW,CE,Federal Contract Tower,9,21,18,2,50,0,0,31,10,41,9,21,49,12,91,30,0,30,121
01/24/2020,LRD,TX,ASW,CE,Federal Contract Tower,8,27,29,11,75,0,8,38,4,50,8,35,67,15,125,30,200,230,355
01/25/2020,LRD,TX,ASW,CE,Federal Contract Tower,2,15,8,0,25,0,0,31,0,31,2,15,39,0,56,0,0,0,56
01/26/2020,LRD,TX,ASW,CE,Federal Contract Tower,3,14,12,1,30,0,0,30,1,31,3,14,42,2,61,50,0,50,111
01/27/2020,LRD,TX,ASW,CE,Federal Contract Tower,9,14,15,7,45,0,2,27,4,33,9,16,42,11,78,0,180,180,258
01/28/2020,LRD,TX,ASW,CE,Federal Contract Tower,12,24,25,33,94,0,6,18,11,35,12,30,43,44,129,0,210,210,339
01/29/2020,LRD,TX,ASW,CE,Federal Contract Tower,12,14,17,18,61,0,4,46,5,55,12,18,63,23,116,110,320,430,546
01/30/2020,LRD,TX,ASW,CE,Federal Contract Tower,11,28,27,15,81,0,2,11,6,19,11,30,38,21,100,10,0,10,110
01/31/2020,LRD,TX,ASW,CE,Federal Contract Tower,8,28,26,2,64,0,10,42,5,57,8,38,68,7,121,30,0,30,151
02/01/2020,LRD,TX,ASW,CE,Federal Contract Tower,2,11,16,0,29,0,6,27,0,33,2,17,43,0,62,10,0,10,72
02/02/2020,LRD,TX,ASW,CE,Federal Contract Tower,1,18,13,0,32,0,0,15,0,15,1,18,28,0,47,60,0,60,107
02/03/2020,LRD,TX,ASW,CE,Federal Contract Tower,8,25,23,18,74,0,6,12,5,23,8,31,35,23,97,0,220,220,317
02/04/2020,LRD,TX,ASW,CE,Federal Contract Tower,18,23,30,44,115,0,0,29,9,38,18,23,59,53,153,0,372,372,525
02/05/2020,LRD,TX,ASW,CE,Federal Contract Tower,14,27,35,32,108,0,3,15,5,23,14,30,50,37,131,10,120,130,261
02/06/2020,LRD,TX,ASW,CE,Federal Contract Tower,9,33,26,13,81,0,7,33,5,45,9,40,59,18,126,80,90,170,296
02/07/2020,LRD,TX,ASW,CE,Federal Contract Tower,8,28,41,18,95,0,3,27,4,34,8,31,68,22,129,165,220,385,514
02/08/2020,LRD,TX,ASW,CE,Federal Contract Tower,5,18,12,0,35,0,2,20,0,22,5,20,32,0,57,0,0,0,57
02/09/2020,LRD,TX,ASW,CE,Federal Contract Tower,8,22,18,8,56,0,1,16,0,17,8,23,34,8,73,22,0,22,95
02/10/2020,LRD,TX,ASW,CE,Federal Contract Tower,7,27,22,13,69,0,2,18,6,26,7,29,40,19,95,0,60,60,155
02/11/2020,LRD,TX,ASW,CE,Federal Contract Tower,10,12,29,0,51,0,0,1,0,1,10,12,30,0,52,0,0,0,52
02/12/2020,LRD,TX,ASW,CE,Federal Contract Tower,11,18,27,16,72,0,0,27,5,32,11,18,54,21,104,30,100,130,234
02/13/2020,LRD,TX,ASW,CE,Federal Contract Tower,11,29,19,22,81,0,6,24,6,36,11,35,43,28,117,20,226,246,363
02/14/2020,LRD,TX,ASW,CE,Federal Contract Tower,8,23,22,20,73,0,0,31,6,37,8,23,53,26,110,10,220,230,340
02/15/2020,LRD,TX,ASW,CE,Federal Contract Tower,4,13,10,2,29,0,7,26,1,34,4,20,36,3,63,10,10,20,83
02/16/2020,LRD,TX,ASW,CE,Federal Contract Tower,1,17,5,2,25,0,0,26,1,27,1,17,31,3,52,0,0,0,52
02/17/2020,LRD,TX,ASW,CE,Federal Contract Tower,9,30,20,2,61,0,3,25,0,28,9,33,45,2,89,0,0,0,89
02/18/2020,LRD,TX,ASW,CE,Federal Contract Tower,11,26,26,14,77,0,13,26,2,41,11,39,52,16,118,0,60,60,178
02/19/2020,LRD,TX,ASW,CE,Federal Contract Tower,8,29,48,17,102,0,0,9,0,9,8,29,57,17,111,0,60,60,171
02/20/2020,LRD,TX,ASW,CE,Federal Contract Tower,12,35,30,4,81,0,0,0,0,0,12,35,30,4,81,0,0,0,81
02/21/2020,LRD,TX,ASW,CE,Federal Contract Tower,9,23,15,16,63,0,7,33,4,44,9,30,48,20,107,0,150,150,257
02/22/2020,LRD,TX,ASW,CE,Federal Contract Tower,3,17,13,0,33,0,6,32,0,38,3,23,45,0,71,0,0,0,71
02/23/2020,LRD,TX,ASW,CE,Federal Contract Tower,1,13,16,4,34,0,6,18,0,24,1,19,34,4,58,0,0,0,58
02/24/2020,LRD,TX,ASW,CE,Federal Contract Tower,8,31,11,13,63,0,10,30,8,48,8,41,41,21,111,0,80,80,191
02/25/2020,LRD,TX,ASW,CE,Federal Contract Tower,7,25,28,11,71,0,2,34,2,38,7,27,62,13,109,0,4,4,113
02/26/2020,LRD,TX,ASW,CE,Federal Contract Tower,7,19,26,21,73,0,0,22,4,26,7,19,48,25,99,0,130,130,229
02/27/2020,LRD,TX,ASW,CE,Federal Contract Tower,11,25,25,21,82,0,0,42,0,42,11,25,67,21,124,24,310,334,458
02/28/2020,LRD,TX,ASW,CE,Federal Contract Tower,10,22,24,21,77,0,5,41,2,48,10,27,65,23,125,20,160,180,305
02/29/2020,LRD,TX,ASW,CE,Federal Contract Tower,6,14,12,0,32,0,0,23,0,23,6,14,35,0,55,44,0,44,99
03/01/2020,LRD,TX,ASW,CE,Federal Contract Tower,3,19,27,2,51,0,0,27,0,27,3,19,54,2,78,56,0,56,134
03/02/2020,LRD,TX,ASW,CE,Federal Contract Tower,6,22,32,35,95,0,5,17,0,22,6,27,49,35,117,0,190,190,307
03/03/2020,LRD,TX,ASW,CE,Federal Contract Tower,15,28,14,25,82,0,6,24,4,34,15,34,38,29,116,0,200,200,316
03/04/2020,LRD,TX,ASW,CE,Federal Contract Tower,11,28,29,18,86,0,0,39,13,52,11,28,68,31,138,20,30,50,188
03/05/2020,LRD,TX,ASW,CE,Federal Contract Tower,7,30,22,19,78,0,11,42,5,58,7,41,64,24,136,0,120,120,256
03/06/2020,LRD,TX,ASW,CE,Federal Contract Tower,9,28,13,7,57,0,2,40,5,47,9,30,53,12,104,0,140,140,244
03/07/2020,LRD,TX,ASW,CE,Federal Contract Tower,4,17,11,0,32,0,0,8,20,28,4,17,19,20,60,0,0,0,60
03/08/2020,LRD,TX,ASW,CE,Federal Contract Tower,2,20,10,6,38,0,9,19,2,30,2,29,29,8,68,0,0,0,68
03/09/2020,LRD,TX,ASW,CE,Federal Contract Tower,6,26,14,5,51,0,2,20,5,27,6,28,34,10,78,10,40,50,128
03/10/2020,LRD,TX,ASW,CE,Federal Contract Tower,14,26,15,46,101,0,13,19,3,35,14,39,34,49,136,20,160,180,316
03/11/2020,LRD,TX,ASW,CE,Federal Contract Tower,9,26,34,29,98,0,3,37,10,50,9,29,71,39,148,40,160,200,348
03/12/2020,LRD,TX,ASW,CE,Federal Contract Tower,17,17,24,2,60,0,0,26,3,29,17,17,50,5,89,4,0,4,93
03/13/2020,LRD,TX,ASW,CE,Federal Contract Tower,8,18,18,16,60,0,0,27,4,31,8,18,45,20,91,0,200,200,291
03/14/2020,LRD,TX,ASW,CE,Federal Contract Tower,3,9,19,16,47,0,2,18,0,20,3,11,37,16,67,40,0,40,107
03/15/2020,LRD,TX,ASW,CE,Federal Contract Tower,1,22,9,18,50,0,0,17,0,17,1,22,26,18,67,60,0,60,127
03/16/2020,LRD,TX,ASW,CE,Federal Contract Tower,8,22,30,7,67,0,2,15,2,19,8,24,45,9,86,60,180,240,326
03/17/2020,LRD,TX,ASW,CE,Federal Contract Tower,12,21,24,7,64,0,4,15,3,22,12,25,39,10,86,10,110,120,206
03/18/2020,LRD,TX,ASW,CE,Federal Contract Tower,6,25,14,19,64,0,4,17,6,27,6,29,31,25,91,0,40,40,131
03/19/2020,LRD,TX,ASW,CE,Federal Contract Tower,9,18,12,12,51,0,0,11,4,15,9,18,23,16,66,0,200,200,266
03/20/2020,LRD,TX,ASW,CE,Federal Contract Tower,7,18,14,4,43,0,0,6,0,6,7,18,20,4,49,0,0,0,49
03/21/2020,LRD,TX,ASW,CE,Federal Contract Tower,3,16,7,0,26,0,0,0,0,0,3,16,7,0,26,0,0,0,26
03/22/2020,LRD,TX,ASW,CE,Federal Contract Tower,0,12,6,0,18,0,0,10,0,10,0,12,16,0,28,10,0,10,38
03/23/2020,LRD,TX,ASW,CE,Federal Contract Tower,3,9,6,16,34,0,5,12,1,18,3,14,18,17,52,0,20,20,72
03/24/2020,LRD,TX,ASW,CE,Federal Contract Tower,8,15,8,8,39,0,6,20,3,29,8,21,28,11,68,30,10,40,108
03/25/2020,LRD,TX,ASW,CE,Federal Contract Tower,5,14,7,1,27,0,1,39,14,54,5,15,46,15,81,10,2,12,93
03/26/2020,LRD,TX,ASW,CE,Federal Contract Tower,7,13,6,2,28,0,4,65,4,73,7,17,71,6,101,30,0,30,131
03/27/2020,LRD,TX,ASW,CE,Federal Contract Tower,4,10,6,6,26,0,0,18,2,20,4,10,24,8,46,18,20,38,84
03/28/2020,LRD,TX,ASW,CE,Federal Contract Tower,2,4,2,4,12,0,0,14,0,14,2,4,16,4,26,0,0,0,26
03/29/2020,LRD,TX,ASW,CE,Federal Contract Tower,0,10,0,0,10,0,0,19,0,19,0,10,19,0,29,10,0,10,39
03/30/2020,LRD,TX,ASW,CE,Federal Contract Tower,3,7,5,7,22,0,0,17,3,20,3,7,22,10,42,20,0,20,62
03/31/2020,LRD,TX,ASW,CE,Federal Contract Tower,8,6,4,9,27,0,0,26,5,31,8,6,30,14,58,26,50,76,134
04/01/2020,LRD,TX,ASW,CE,Federal Contract Tower,6,14,5,14,39,0,0,22,5,27,6,14,27,19,66,100,50,150,216
04/02/2020,LRD,TX,ASW,CE,Federal Contract Tower,4,7,6,34,51,0,0,23,3,26,4,7,29,37,77,20,40,60,137
04/03/2020,LRD,TX,ASW,CE,Federal Contract Tower,5,7,1,2,15,0,4,10,2,16,5,11,11,4,31,30,0,30,61
04/04/2020,LRD,TX,ASW,CE,Federal Contract Tower,2,8,1,0,11,0,0,0,0,0,2,8,1,0,11,0,0,0,11
04/05/2020,LRD,TX,ASW,CE,Federal Contract Tower,0,10,4,0,14,0,0,10,0,10,0,10,14,0,24,0,0,0,24
04/06/2020,LRD,TX,ASW,CE,Federal Contract Tower,6,7,0,0,13,0,0,10,0,10,6,7,10,0,23,16,0,16,39
04/07/2020,LRD,TX,ASW,CE,Federal Contract Tower,7,9,4,17,37,0,0,7,2,9,7,9,11,19,46,30,160,190,236
04/08/2020,LRD,TX,ASW,CE,Federal Contract Tower,5,6,2,35,48,0,4,31,6,41,5,10,33,41,89,172,90,262,351
04/09/2020,LRD,TX,ASW,CE,Federal Contract Tower,7,8,9,8,32,0,8,16,4,28,7,16,25,12,60,30,60,90,150
04/10/2020,LRD,TX,ASW,CE,Federal Contract Tower,4,4,3,5,16,0,2,10,4,16,4,6,13,9,32,0,0,0,32
04/11/2020,LRD,TX,ASW,CE,Federal Contract Tower,2,5,4,24,35,0,0,17,0,17,2,5,21,24,52,0,260,260,312
04/12/2020,LRD,TX,ASW,CE,Federal Contract Tower,0,7,3,0,10,0,0,24,0,24,0,7,27,0,34,12,0,12,46
04/13/2020,LRD,TX,ASW,CE,Federal Contract Tower,3,9,3,16,31,0,0,27,2,29,3,9,30,18,60,10,130,140,200
04/14/2020,LRD,TX,ASW,CE,Federal Contract Tower,5,10,2,25,42,0,0,25,6,31,5,10,27,31,73,10,80,90,163
04/15/2020,LRD,TX,ASW,CE,Federal Contract Tower,5,9,6,19,39,0,0,18,3,21,5,9,24,22,60,20,100,120,180
04/16/2020,LRD,TX,ASW,CE,Federal Contract Tower,5,7,7,35,54,0,3,16,6,25,5,10,23,41,79,0,40,40,119
04/17/2020,LRD,TX,ASW,CE,Federal Contract Tower,4,7,7,26,44,0,4,19,3,26,4,11,26,29,70,0,10,10,80
04/18/2020,LRD,TX,ASW,CE,Federal Contract Tower,2,5,10,2,19,0,0,6,0,6,2,5,16,2,25,0,0,0,25
04/19/2020,LRD,TX,ASW,CE,Federal Contract Tower,0,6,2,14,22,0,0,14,0,14,0,6,16,14,36,10,0,10,46
04/20/2020,LRD,TX,ASW,CE,Federal Contract Tower,3,4,7,33,47,0,0,22,7,29,3,4,29,40,76,24,180,204,280
04/21/2020,LRD,TX,ASW,CE,Federal Contract Tower,5,5,11,30,51,0,2,22,4,28,5,7,33,34,79,0,0,0,79
04/22/2020,LRD,TX,ASW,CE,Federal Contract Tower,4,10,6,38,58,0,0,21,1,22,4,10,27,39,80,50,210,260,340
04/23/2020,LRD,TX,ASW,CE,Federal Contract Tower,5,4,5,34,48,0,0,32,3,35,5,4,37,37,83,40,150,190,273
04/24/2020,LRD,TX,ASW,CE,Federal Contract Tower,4,4,10,36,54,0,0,28,7,35,4,4,38,43,89,0,170,170,259
04/25/2020,LRD,TX,ASW,CE,Federal Contract Tower,2,4,0,0,6,0,0,10,0,10,2,4,10,0,16,0,0,0,16
04/26/2020,LRD,TX,ASW,CE,Federal Contract Tower,0,5,1,6,12,0,0,28,0,28,0,5,29,6,40,0,0,0,40
04/27/2020,LRD,TX,ASW,CE,Federal Contract Tower,3,4,9,26,42,0,1,20,7,28,3,5,29,33,70,10,144,154,224
04/28/2020,LRD,TX,ASW,CE,Federal Contract Tower,7,3,9,26,45,0,2,33,7,42,7,5,42,33,87,30,202,232,319
04/29/2020,LRD,TX,ASW,CE,Federal Contract Tower,6,7,10,40,63,0,0,30,1,31,6,7,40,41,94,80,70,150,244
04/30/2020,LRD,TX,ASW,CE,Federal Contract Tower,6,5,17,44,72,0,2,40,5,47,6,7,57,49,119,88,6,94,213
05/01/2020,LRD,TX,ASW,CE,Federal Contract Tower,5,5,6,37,53,0,2,36,3,41,5,7,42,40,94,0,275,275,369
05/02/2020,LRD,TX,ASW,CE,Federal Contract Tower,2,4,1,19,26,0,8,40,0,48,2,12,41,19,74,0,100,100,174
05/03/2020,LRD,TX,ASW,CE,Federal Contract Tower,0,7,4,8,19,0,1,19,0,20,0,8,23,8,39,10,0,10,49
05/04/2020,LRD,TX,ASW,CE,Federal Contract Tower,3,6,5,36,50,0,2,22,2,26,3,8,27,38,76,0,240,240,316
05/05/2020,LRD,TX,ASW,CE,Federal Contract Tower,7,9,11,27,54,0,5,41,8,54,7,14,52,35,108,20,220,240,348
05/06/2020,LRD,TX,ASW,CE,Federal Contract Tower,5,4,7,56,72,0,0,31,9,40,5,4,38,65,112,30,0,30,142
05/07/2020,LRD,TX,ASW,CE,Federal Contract Tower,5,7,9,33,54,0,3,13,3,19,5,10,22,36,73,0,50,50,123
05/08/2020,LRD,TX,ASW,CE,Federal Contract Tower,4,7,13,12,36,0,0,25,4,29,4,7,38,16,65,10,130,140,205
05/09/2020,LRD,TX,ASW,CE,Federal Contract Tower,2,6,2,12,22,0,5,23,0,28,2,11,25,12,50,10,0,10,60
05/10/2020,LRD,TX,ASW,CE,Federal Contract Tower,1,4,2,9,16,0,4,21,0,25,1,8,23,9,41,0,0,0,41
05/11/2020,LRD,TX,ASW,CE,Federal Contract Tower,5,8,9,32,54,0,1,19,5,25,5,9,28,37,79,0,100,100,179
05/12/2020,LRD,TX,ASW,CE,Federal Contract Tower,7,6,14,22,49,0,1,22,7,30,7,7,36,29,79,0,160,160,239
05/13/2020,LRD,TX,ASW,CE,Federal Contract Tower,5,6,10,14,35,0,0,19,4,23,5,6,29,18,58,0,0,0,58
05/14/2020,LRD,TX,ASW,CE,Federal Contract Tower,10,3,10,48,71,0,2,28,6,36,10,5,38,54,107,60,300,360,467
05/15/2020,LRD,TX,ASW,CE,Federal Contract Tower,5,4,20,16,45,0,3,7,3,13,5,7,27,19,58,0,0,0,58
05/16/2020,LRD,TX,ASW,CE,Federal Contract Tower,4,11,4,34,53,0,1,18,0,19,4,12,22,34,72,0,40,40,112
05/17/2020,LRD,TX,ASW,CE,Federal Contract Tower,0,6,5,13,24,0,0,23,2,25,0,6,28,15,49,20,0,20,69
05/18/2020,LRD,TX,ASW,CE,Federal Contract Tower,3,5,3,24,35,0,1,21,5,27,3,6,24,29,62,10,20,30,92
05/19/2020,LRD,TX,ASW,CE,Federal Contract Tower,10,7,15,21,53,0,1,21,2,24,10,8,36,23,77,10,80,90,167
05/20/2020,LRD,TX,ASW,CE,Federal Contract Tower,5,8,15,31,59,0,2,25,10,37,5,10,40,41,96,40,230,270,366
05/21/2020,LRD,TX,ASW,CE,Federal Contract Tower,6,9,10,36,61,0,0,21,7,28,6,9,31,43,89,10,40,50,139
05/22/2020,LRD,TX,ASW,CE,Federal Contract Tower,7,4,9,10,30,0,1,23,2,26,7,5,32,12,56,0,0,0,56
05/23/2020,LRD,TX,ASW,CE,Federal Contract Tower,4,4,6,6,20,0,0,0,0,0,4,4,6,6,20,20,0,20,40
05/24/2020,LRD,TX,ASW,CE,Federal Contract Tower,2,9,4,2,17,0,0,15,0,15,2,9,19,2,32,0,0,0,32
05/25/2020,LRD,TX,ASW,CE,Federal Contract Tower,0,8,5,6,19,0,2,12,7,21,0,10,17,13,40,0,0,0,40
05/26/2020,LRD,TX,ASW,CE,Federal Contract Tower,9,7,6,37,59,0,5,24,4,33,9,12,30,41,92,0,20,20,112
05/27/2020,LRD,TX,ASW,CE,Federal Contract Tower,7,12,11,33,63,0,0,10,10,20,7,12,21,43,83,0,280,280,363
05/28/2020,LRD,TX,ASW,CE,Federal Contract Tower,6,9,8,28,51,0,2,24,1,27,6,11,32,29,78,30,60,90,168
05/29/2020,LRD,TX,ASW,CE,Federal Contract Tower,7,8,16,7,38,0,16,17,3,36,7,24,33,10,74,0,30,30,104
05/30/2020,LRD,TX,ASW,CE,Federal Contract Tower,2,8,5,7,22,0,0,20,0,20,2,8,25,7,42,40,0,40,82
05/31/2020,LRD,TX,ASW,CE,Federal Contract Tower,0,8,4,4,16,0,1,8,0,9,0,9,12,4,25,0,0,0,25
06/01/2020,LRD,TX,ASW,CE,Federal Contract Tower,6,8,16,33,63,0,0,15,0,15,6,8,31,33,78,0,0,0,78
06/02/2020,LRD,TX,ASW,CE,Federal Contract Tower,10,10,13,23,56,0,0,20,9,29,10,10,33,32,85,20,50,70,155
06/03/2020,LRD,TX,ASW,CE,Federal Contract Tower,6,13,17,53,89,0,1,28,5,34,6,14,45,58,123,60,60,120,243
06/04/2020,LRD,TX,ASW,CE,Federal Contract Tower,10,10,18,16,54,0,0,26,3,29,10,10,44,19,83,10,0,10,93
06/05/2020,LRD,TX,ASW,CE,Federal Contract Tower,10,6,11,22,49,0,5,28,6,39,10,11,39,28,88,0,182,182,270
06/06/2020,LRD,TX,ASW,CE,Federal Contract Tower,2,11,6,4,23,0,5,18,0,23,2,16,24,4,46,20,0,20,66
06/07/2020,LRD,TX,ASW,CE,Federal Contract Tower,5,9,4,8,26,0,5,19,0,24,5,14,23,8,50,0,0,0,50
06/08/2020,LRD,TX,ASW,CE,Federal Contract Tower,3,16,10,34,63,0,8,22,3,33,3,24,32,37,96,0,280,280,376
06/09/2020,LRD,TX,ASW,CE,Federal Contract Tower,11,8,5,23,47,0,2,22,11,35,11,10,27,34,82,40,170,210,292
06/10/2020,LRD,TX,ASW,CE,Federal Contract Tower,10,15,13,45,83,0,0,17,6,23,10,15,30,51,106,10,0,10,116
06/11/2020,LRD,TX,ASW,CE,Federal Contract Tower,9,15,14,25,63,0,3,31,10,44,9,18,45,35,107,0,270,270,377
06/12/2020,LRD,TX,ASW,CE,Federal Contract Tower,9,16,19,10,54,0,2,22,5,29,9,18,41,15,83,0,272,272,355
06/13/2020,LRD,TX,ASW,CE,Federal Contract Tower,2,5,7,6,20,0,11,14,0,25,2,16,21,6,45,0,0,0,45
06/14/2020,LRD,TX,ASW,CE,Federal Contract Tower,2,8,4,8,22,0,1,19,0,20,2,9,23,8,42,4,0,4,46
06/15/2020,LRD,TX,ASW,CE,Federal Contract Tower,5,10,8,16,39,0,2,21,6,29,5,12,29,22,68,20,260,280,348
06/16/2020,LRD,TX,ASW,CE,Federal Contract Tower,7,14,18,20,59,0,3,23,6,32,7,17,41,26,91,10,0,10,101
06/17/2020,LRD,TX,ASW,CE,Federal Contract Tower,9,13,11,12,45,0,1,19,13,33,9,14,30,25,78,10,20,30,108
06/18/2020,LRD,TX,ASW,CE,Federal Contract Tower,10,12,11,18,51,0,0,14,5,19,10,12,25,23,70,0,50,50,120
06/19/2020,LRD,TX,ASW,CE,Federal Contract Tower,7,11,15,19,52,0,8,16,3,27,7,19,31,22,79,0,100,100,179
06/20/2020,LRD,TX,ASW,CE,Federal Contract Tower,2,6,11,10,29,0,2,14,0,16,2,8,25,10,45,20,0,20,65
06/21/2020,LRD,TX,ASW,CE,Federal Contract Tower,2,5,2,41,50,0,1,13,0,14,2,6,15,41,64,0,0,0,64
06/22/2020,LRD,TX,ASW,CE,Federal Contract Tower,7,15,14,41,77,0,7,25,5,37,7,22,39,46,114,10,200,210,324
06/23/2020,LRD,TX,ASW,CE,Federal Contract Tower,14,10,13,80,117,0,4,25,3,32,14,14,38,83,149,0,0,0,149
06/24/2020,LRD,TX,ASW,CE,Federal Contract Tower,8,10,16,8,42,0,0,22,5,27,8,10,38,13,69,20,0,20,89
06/25/2020,LRD,TX,ASW,CE,Federal Contract Tower,7,12,17,51,87,0,2,15,5,22,7,14,32,56,109,20,260,280,389
06/26/2020,LRD,TX,ASW,CE,Federal Contract Tower,7,15,9,17,48,0,0,6,3,9,7,15,15,20,57,0,0,0,57
06/27/2020,LRD,TX,ASW,CE,Federal Contract Tower,3,8,4,16,31,0,2,12,0,14,3,10,16,16,45,0,0,0,45
06/28/2020,LRD,TX,ASW,CE,Federal Contract Tower,2,4,8,8,22,0,4,11,0,15,2,8,19,8,37,0,0,0,37
06/29/2020,LRD,TX,ASW,CE,Federal Contract Tower,6,12,15,34,67,0,2,23,2,27,6,14,38,36,94,20,200,220,314
06/30/2020,LRD,TX,ASW,CE,Federal Contract Tower,12,10,12,38,72,0,1,17,10,28,12,11,29,48,100,2,240,242,342
07/01/2020,LRD,TX,ASW,CE,Federal Contract Tower,7,8,11,25,51,0,3,13,12,28,7,11,24,37,79,0,150,150,229
07/02/2020,LRD,TX,ASW,CE,Federal Contract Tower,7,15,15,9,46,0,3,25,6,34,7,18,40,15,80,20,60,80,160
07/03/2020,LRD,TX,ASW,CE,Federal Contract Tower,2,7,10,10,29,0,11,19,4,34,2,18,29,14,63,0,0,0,63
07/04/2020,LRD,TX,ASW,CE,Federal Contract Tower,0,5,5,0,10,0,4,17,0,21,0,9,22,0,31,0,0,0,31
07/05/2020,LRD,TX,ASW,CE,Federal Contract Tower,2,6,5,4,17,0,1,12,0,13,2,7,17,4,30,0,0,0,30
07/06/2020,LRD,TX,ASW,CE,Federal Contract Tower,5,9,9,0,23,0,1,19,9,29,5,10,28,9,52,20,10,30,82
07/07/2020,LRD,TX,ASW,CE,Federal Contract Tower,10,9,10,93,122,0,3,9,9,21,10,12,19,102,143,0,90,90,233
07/08/2020,LRD,TX,ASW,CE,Federal Contract Tower,11,18,20,52,101,0,0,27,9,36,11,18,47,61,137,20,60,80,217
07/09/2020,LRD,TX,ASW,CE,Federal Contract Tower,8,19,12,22,61,0,3,18,9,30,8,22,30,31,91,10,120,130,221
07/10/2020,LRD,TX,ASW,CE,Federal Contract Tower,5,16,14,47,82,0,9,22,18,49,5,25,36,65,131,0,180,180,311
07/11/2020,LRD,TX,ASW,CE,Federal Contract Tower,2,9,5,8,24,0,2,17,0,19,2,11,22,8,43,0,0,0,43
07/12/2020,LRD,TX,ASW,CE,Federal Contract Tower,1,12,7,29,49,0,5,9,0,14,1,17,16,29,63,0,0,0,63
07/13/2020,LRD,TX,ASW,CE,Federal Contract Tower,5,15,7,15,42,0,0,13,13,26,5,15,20,28,68,0,0,0,68
07/14/2020,LRD,TX,ASW,CE,Federal Contract Tower,9,16,10,13,48,0,1,13,5,19,9,17,23,18,67,0,6,6,73
07/15/2020,LRD,TX,ASW,CE,Federal Contract Tower,11,17,10,41,79,0,0,17,6,23,11,17,27,47,102,10,60,70,172
07/16/2020,LRD,TX,ASW,CE,Federal Contract Tower,9,12,15,5,41,0,2,9,7,18,9,14,24,12,59,0,0,0,59
07/17/2020,LRD,TX,ASW,CE,Federal Contract Tower,4,19,11,12,46,0,3,11,3,17,4,22,22,15,63,0,20,20,83
07/18/2020,LRD,TX,ASW,CE,Federal Contract Tower,3,23,5,10,41,0,3,8,0,11,3,26,13,10,52,0,0,0,52
07/19/2020,LRD,TX,ASW,CE,Federal Contract Tower,3,27,9,18,57,0,3,9,0,12,3,30,18,18,69,20,0,20,89
07/20/2020,LRD,TX,ASW,CE,Federal Contract Tower,9,21,7,44,81,2,1,17,6,26,11,22,24,50,107,10,110,120,227
07/21/2020,LRD,TX,ASW,CE,Federal Contract Tower,22,16,9,19,66,0,5,17,5,27,22,21,26,24,93,0,240,240,333
07/22/2020,LRD,TX,ASW,CE,Federal Contract Tower,13,15,22,38,88,0,7,14,15,36,13,22,36,53,124,20,200,220,344
07/23/2020,LRD,TX,ASW,CE,Federal Contract Tower,18,18,7,16,59,0,1,15,4,20,18,19,22,20,79,0,120,120,199
07/24/2020,LRD,TX,ASW,CE,Federal Contract Tower,9,29,8,17,63,0,8,20,1,29,9,37,28,18,92,30,220,250,342
07/25/2020,LRD,TX,ASW,CE,Federal Contract Tower,4,13,8,0,25,0,1,6,0,7,4,14,14,0,32,10,0,10,42
07/26/2020,LRD,TX,ASW,CE,Federal Contract Tower,2,7,0,0,9,0,0,0,0,0,2,7,0,0,9,0,0,0,9
07/27/2020,LRD,TX,ASW,CE,Federal Contract Tower,5,18,10,8,41,0,0,8,4,12,5,18,18,12,53,0,20,20,73
07/28/2020,LRD,TX,ASW,CE,Federal Contract Tower,13,17,6,14,50,0,0,12,3,15,13,17,18,17,65,0,0,0,65
07/29/2020,LRD,TX,ASW,CE,Federal Contract Tower,17,28,4,36,85,0,0,17,5,22,17,28,21,41,107,0,40,40,147
07/30/2020,LRD,TX,ASW,CE,Federal Contract Tower,14,18,20,15,67,0,3,24,8,35,14,21,44,23,102,0,0,0,102
08/01/2020,LRD,TX,ASW,CE,Federal Contract Tower,2,12,9,0,23,0,4,19,0,23,2,16,28,0,46,0,0,0,46
08/02/2020,LRD,TX,ASW,CE,Federal Contract Tower,2,15,14,9,40,0,0,18,0,18,2,15,32,9,58,40,0,40,98
08/03/2020,LRD,TX,ASW,CE,Federal Contract Tower,6,17,14,47,84,0,2,19,11,32,6,19,33,58,116,0,280,280,396
08/05/2020,LRD,TX,ASW,CE,Federal Contract Tower,9,21,19,38,87,0,24,27,12,63,9,45,46,50,150,0,210,210,360
08/06/2020,LRD,TX,ASW,CE,Federal Contract Tower,12,27,29,24,92,0,5,16,5,26,12,32,45,29,118,0,160,160,278
08/07/2020,LRD,TX,ASW,CE,Federal Contract Tower,15,24,20,11,70,0,18,24,3,45,15,42,44,14,115,10,0,10,125
08/08/2020,LRD,TX,ASW,CE,Federal Contract Tower,3,15,8,16,42,0,0,7,20,27,3,15,15,36,69,0,0,0,69
08/09/2020,LRD,TX,ASW,CE,Federal Contract Tower,2,7,9,18,36,0,7,15,0,22,2,14,24,18,58,30,0,30,88
08/10/2020,LRD,TX,ASW,CE,Federal Contract Tower,8,16,11,28,63,0,2,26,3,31,8,18,37,31,94,6,160,166,260
08/11/2020,LRD,TX,ASW,CE,Federal Contract Tower,19,18,8,28,73,0,2,19,3,24,19,20,27,31,97,0,270,270,367
08/12/2020,LRD,TX,ASW,CE,Federal Contract Tower,10,17,14,22,63,0,2,28,13,43,10,19,42,35,106,70,190,260,366
08/13/2020,LRD,TX,ASW,CE,Federal Contract Tower,13,16,13,20,62,0,8,29,4,41,13,24,42,24,103,10,260,270,373
08/14/2020,LRD,TX,ASW,CE,Federal Contract Tower,12,21,14,18,65,0,0,29,3,32,12,21,43,21,97,10,90,100,197
08/15/2020,LRD,TX,ASW,CE,Federal Contract Tower,5,12,14,5,36,0,5,17,1,23,5,17,31,6,59,10,0,10,69
08/16/2020,LRD,TX,ASW,CE,Federal Contract Tower,2,17,10,2,31,0,7,21,0,28,2,24,31,2,59,10,0,10,69
08/17/2020,LRD,TX,ASW,CE,Federal Contract Tower,6,21,10,8,45,0,2,29,2,33,6,23,39,10,78,0,150,150,228
08/18/2020,LRD,TX,ASW,CE,Federal Contract Tower,15,21,8,8,52,0,6,15,5,26,15,27,23,13,78,0,44,44,122
08/19/2020,LRD,TX,ASW,CE,Federal Contract Tower,9,21,13,24,67,0,14,31,9,54,9,35,44,33,121,100,80,180,301
08/20/2020,LRD,TX,ASW,CE,Federal Contract Tower,9,22,18,10,59,0,10,28,4,42,9,32,46,14,101,30,80,110,211
08/21/2020,LRD,TX,ASW,CE,Federal Contract Tower,5,15,17,22,59,0,0,24,6,30,5,15,41,28,89,0,200,200,289
08/22/2020,LRD,TX,ASW,CE,Federal Contract Tower,2,18,9,15,44,0,5,21,1,27,2,23,30,16,71,0,10,10,81
08/23/2020,LRD,TX,ASW,CE,Federal Contract Tower,2,13,8,9,32,0,7,20,0,27,2,20,28,9,59,0,0,0,59
08/24/2020,LRD,TX,ASW,CE,Federal Contract Tower,10,19,11,13,53,0,4,10,3,17,10,23,21,16,70,0,0,0,70
08/25/2020,LRD,TX,ASW,CE,Federal Contract Tower,14,33,11,39,97,0,1,25,10,36,14,34,36,49,133,20,170,190,323
08/26/2020,LRD,TX,ASW,CE,Federal Contract Tower,13,15,16,31,75,0,0,18,5,23,13,15,34,36,98,0,104,104,202
08/27/2020,LRD,TX,ASW,CE,Federal Contract Tower,15,20,12,47,94,0,0,25,3,28,15,20,37,50,122,0,60,60,182
08/28/2020,LRD,TX,ASW,CE,Federal Contract Tower,6,27,14,28,75,0,2,20,10,32,6,29,34,38,107,0,256,256,363
08/29/2020,LRD,TX,ASW,CE,Federal Contract Tower,7,16,5,0,28,0,7,18,0,25,7,23,23,0,53,0,0,0,53
08/30/2020,LRD,TX,ASW,CE,Federal Contract Tower,2,20,10,0,32,0,5,24,0,29,2,25,34,0,61,0,0,0,61
08/31/2020,LRD,TX,ASW,CE,Federal Contract Tower,10,25,10,40,85,0,2,33,3,38,10,27,43,43,123,30,220,250,373
09/01/2020,LRD,TX,ASW,CE,Federal Contract Tower,23,13,22,22,80,0,1,25,1,27,23,14,47,23,107,30,50,80,187
09/02/2020,LRD,TX,ASW,CE,Federal Contract Tower,18,35,12,35,100,0,1,31,5,37,18,36,43,40,137,70,120,190,327
09/03/2020,LRD,TX,ASW,CE,Federal Contract Tower,14,33,14,22,83,0,0,19,9,28,14,33,33,31,111,0,40,40,151
09/04/2020,LRD,TX,ASW,CE,Federal Contract Tower,9,18,20,2,49,0,0,18,3,21,9,18,38,5,70,20,2,22,92
09/05/2020,LRD,TX,ASW,CE,Federal Contract Tower,6,7,5,0,18,0,0,1,0,1,6,7,6,0,19,20,0,20,39
09/06/2020,LRD,TX,ASW,CE,Federal Contract Tower,2,10,11,0,23,0,14,13,0,27,2,24,24,0,50,20,0,20,70
09/07/2020,LRD,TX,ASW,CE,Federal Contract Tower,5,7,13,0,25,0,0,33,4,37,5,7,46,4,62,26,0,26,88
09/08/2020,LRD,TX,ASW,CE,Federal Contract Tower,17,27,19,18,81,0,2,19,6,27,17,29,38,24,108,20,130,150,258
09/09/2020,LRD,TX,ASW,CE,Federal Contract Tower,20,28,16,38,102,0,1,21,7,29,20,29,37,45,131,90,70,160,291
09/10/2020,LRD,TX,ASW,CE,Federal Contract Tower,17,29,25,37,108,0,0,17,3,20,17,29,42,40,128,0,40,40,168
09/11/2020,LRD,TX,ASW,CE,Federal Contract Tower,21,42,24,2,89,0,4,24,0,28,21,46,48,2,117,0,0,0,117
09/12/2020,LRD,TX,ASW,CE,Federal Contract Tower,8,18,9,5,40,0,0,28,0,28,8,18,37,5,68,0,0,0,68
09/13/2020,LRD,TX,ASW,CE,Federal Contract Tower,6,13,13,16,48,0,0,26,0,26,6,13,39,16,74,40,40,80,154
09/14/2020,LRD,TX,ASW,CE,Federal Contract Tower,20,18,12,13,63,0,3,14,4,21,20,21,26,17,84,0,120,120,204
09/15/2020,LRD,TX,ASW,CE,Federal Contract Tower,28,32,13,11,84,0,1,23,7,31,28,33,36,18,115,0,10,10,125
09/16/2020,LRD,TX,ASW,CE,Federal Contract Tower,20,19,11,30,80,0,0,26,6,32,20,19,37,36,112,30,260,290,402
09/17/2020,LRD,TX,ASW,CE,Federal Contract Tower,20,32,18,4,74,0,0,16,3,19,20,32,34,7,93,20,20,40,133
09/18/2020,LRD,TX,ASW,CE,Federal Contract Tower,24,30,10,13,77,0,0,20,2,22,24,30,30,15,99,20,140,160,259
09/19/2020,LRD,TX,ASW,CE,Federal Contract Tower,18,13,10,0,41,0,6,23,0,29,18,19,33,0,70,10,0,10,80
09/20/2020,LRD,TX,ASW,CE,Federal Contract Tower,4,11,13,2,30,0,5,21,0,26,4,16,34,2,56,0,0,0,56
09/21/2020,LRD,TX,ASW,CE,Federal Contract Tower,15,24,12,24,75,0,0,16,6,22,15,24,28,30,97,18,124,142,239
09/22/2020,LRD,TX,ASW,CE,Federal Contract Tower,22,32,16,41,111,0,0,10,10,20,22,32,26,51,131,0,530,530,661
09/23/2020,LRD,TX,ASW,CE,Federal Contract Tower,34,35,16,35,120,0,1,24,7,32,34,36,40,42,152,10,232,242,394
09/24/2020,LRD,TX,ASW,CE,Federal Contract Tower,33,33,14,10,90,0,1,30,2,33,33,34,44,12,123,0,140,140,263
09/25/2020,LRD,TX,ASW,CE,Federal Contract Tower,18,22,17,2,59,0,4,15,3,22,18,26,32,5,81,0,0,0,81
09/26/2020,LRD,TX,ASW,CE,Federal Contract Tower,17,10,16,2,45,0,1,13,4,18,17,11,29,6,63,0,0,0,63
09/27/2020,LRD,TX,ASW,CE,Federal Contract Tower,10,14,11,10,45,0,1,12,0,13,10,15,23,10,58,0,0,0,58
09/28/2020,LRD,TX,ASW,CE,Federal Contract Tower,19,23,12,33,87,0,1,6,5,12,19,24,18,38,99,0,40,40,139
09/29/2020,LRD,TX,ASW,CE,Federal Contract Tower,25,30,9,20,84,0,2,21,5,28,25,32,30,25,112,0,340,340,452
09/30/2020,LRD,TX,ASW,CE,Federal Contract Tower,19,48,13,22,102,0,1,22,5,28,19,49,35,27,130,46,250,296,426
10/01/2020,LRD,TX,ASW,CE,Federal Contract Tower,25,54,13,16,108,0,0,33,5,38,25,54,46,21,146,0,250,250,396
10/02/2020,LRD,TX,ASW,CE,Federal Contract Tower,27,30,33,7,97,0,4,35,3,42,27,34,68,10,139,10,130,140,279
10/03/2020,LRD,TX,ASW,CE,Federal Contract Tower,15,13,17,6,51,0,0,33,0,33,15,13,50,6,84,0,0,0,84
10/04/2020,LRD,TX,ASW,CE,Federal Contract Tower,13,16,15,0,44,0,4,33,0,37,13,20,48,0,81,0,0,0,81
10/05/2020,LRD,TX,ASW,CE,Federal Contract Tower,22,27,20,16,85,0,1,18,8,27,22,28,38,24,112,0,240,240,352
10/06/2020,LRD,TX,ASW,CE,Federal Contract Tower,25,45,13,25,108,0,7,30,17,54,25,52,43,42,162,40,80,120,282
10/07/2020,LRD,TX,ASW,CE,Federal Contract Tower,30,33,13,19,95,0,7,19,11,37,30,40,32,30,132,30,120,150,282
10/08/2020,LRD,TX,ASW,CE,Federal Contract Tower,25,26,18,32,101,0,4,32,11,47,25,30,50,43,148,0,210,210,358
10/09/2020,LRD,TX,ASW,CE,Federal Contract Tower,20,27,24,25,96,0,0,20,16,36,20,27,44,41,132,40,344,384,516
10/10/2020,LRD,TX,ASW,CE,Federal Contract Tower,13,21,10,10,54,0,7,28,0,35,13,28,38,10,89,0,0,0,89
10/11/2020,LRD,TX,ASW,CE,Federal Contract Tower,14,20,14,10,58,0,5,20,0,25,14,25,34,10,83,0,0,0,83
10/12/2020,LRD,TX,ASW,CE,Federal Contract Tower,15,35,21,5,76,0,0,16,4,20,15,35,37,9,96,0,0,0,96
10/13/2020,LRD,TX,ASW,CE,Federal Contract Tower,32,43,28,12,115,0,7,10,9,26,32,50,38,21,141,0,80,80,221
10/14/2020,LRD,TX,ASW,CE,Federal Contract Tower,25,37,17,9,88,0,4,19,11,34,25,41,36,20,122,20,30,50,172
10/15/2020,LRD,TX,ASW,CE,Federal Contract Tower,23,38,23,20,104,0,8,32,22,62,23,46,55,42,166,0,100,100,266
10/17/2020,LRD,TX,ASW,CE,Federal Contract Tower,15,16,19,9,59,0,0,13,6,19,15,16,32,15,78,10,0,10,88
10/18/2020,LRD,TX,ASW,CE,Federal Contract Tower,9,20,11,0,40,0,9,24,7,40,9,29,35,7,80,0,20,20,100
10/19/2020,LRD,TX,ASW,CE,Federal Contract Tower,15,25,21,20,81,0,9,17,14,40,15,34,38,34,121,0,180,180,301
10/20/2020,LRD,TX,ASW,CE,Federal Contract Tower,20,29,25,19,93,0,0,26,9,35,20,29,51,28,128,40,90,130,258
10/21/2020,LRD,TX,ASW,CE,Federal Contract Tower,21,35,21,15,92,0,1,26,4,31,21,36,47,19,123,10,0,10,133
10/22/2020,LRD,TX,ASW,CE,Federal Contract Tower,22,33,21,20,96,0,0,38,4,42,22,33,59,24,138,60,30,90,228
10/23/2020,LRD,TX,ASW,CE,Federal Contract Tower,16,33,26,27,102,0,5,28,14,47,16,38,54,41,149,0,230,230,379
10/24/2020,LRD,TX,ASW,CE,Federal Contract Tower,17,19,4,3,43,0,4,17,1,22,17,23,21,4,65,0,0,0,65
10/25/2020,LRD,TX,ASW,CE,Federal Contract Tower,19,28,12,0,59,0,0,16,2,18,19,28,28,2,77,0,0,0,77
10/26/2020,LRD,TX,ASW,CE,Federal Contract Tower,26,37,25,19,107,0,0,21,1,22,26,37,46,20,129,0,250,250,379
10/27/2020,LRD,TX,ASW,CE,Federal Contract Tower,27,42,26,23,118,0,0,4,0,4,27,42,30,23,122,0,0,0,122
10/28/2020,LRD,TX,ASW,CE,Federal Contract Tower,38,41,20,38,137,0,1,27,5,33,38,42,47,43,170,50,300,350,520
10/29/2020,LRD,TX,ASW,CE,Federal Contract Tower,37,33,11,22,103,0,1,36,5,42,37,34,47,27,145,0,140,140,285
10/30/2020,LRD,TX,ASW,CE,Federal Contract Tower,15,29,24,13,81,0,3,19,3,25,15,32,43,16,106,10,110,120,226
10/31/2020,LRD,TX,ASW,CE,Federal Contract Tower,21,15,9,1,46,0,15,23,1,39,21,30,32,2,85,30,0,30,115
11/01/2020,LRD,TX,ASW,CE,Federal Contract Tower,11,16,10,0,37,0,4,16,7,27,11,20,26,7,64,0,0,0,64
11/02/2020,LRD,TX,ASW,CE,Federal Contract Tower,13,17,20,11,61,0,0,22,3,25,13,17,42,14,86,60,170,230,316
11/03/2020,LRD,TX,ASW,CE,Federal Contract Tower,19,45,21,9,94,0,2,29,6,37,19,47,50,15,131,80,90,170,301
11/04/2020,LRD,TX,ASW,CE,Federal Contract Tower,25,43,21,24,113,0,7,28,3,38,25,50,49,27,151,0,100,100,251
11/05/2020,LRD,TX,ASW,CE,Federal Contract Tower,25,38,16,11,90,0,1,26,2,29,25,39,42,13,119,10,110,120,239
11/06/2020,LRD,TX,ASW,CE,Federal Contract Tower,23,53,12,11,99,0,13,27,1,41,23,66,39,12,140,0,130,130,270
11/07/2020,LRD,TX,ASW,CE,Federal Contract Tower,20,25,19,4,68,0,0,29,1,30,20,25,48,5,98,20,0,20,118
11/08/2020,LRD,TX,ASW,CE,Federal Contract Tower,11,28,14,6,59,0,0,21,1,22,11,28,35,7,81,0,0,0,81
11/09/2020,LRD,TX,ASW,CE,Federal Contract Tower,21,25,15,18,79,0,3,16,1,20,21,28,31,19,99,0,130,130,229
11/10/2020,LRD,TX,ASW,CE,Federal Contract Tower,13,26,29,23,91,0,0,22,2,24,13,26,51,25,115,10,10,20,135
11/11/2020,LRD,TX,ASW,CE,Federal Contract Tower,18,48,13,6,85,0,2,23,1,26,18,50,36,7,111,10,0,10,121
11/12/2020,LRD,TX,ASW,CE,Federal Contract Tower,16,41,19,0,76,0,1,24,1,26,16,42,43,1,102,30,0,30,132
11/13/2020,LRD,TX,ASW,CE,Federal Contract Tower,16,27,18,8,69,0,5,19,2,26,16,32,37,10,95,20,30,50,145
11/14/2020,LRD,TX,ASW,CE,Federal Contract Tower,10,23,9,8,50,0,3,19,2,24,10,26,28,10,74,20,0,20,94
11/15/2020,LRD,TX,ASW,CE,Federal Contract Tower,12,19,8,8,47,0,4,24,1,29,12,23,32,9,76,20,0,20,96
11/16/2020,LRD,TX,ASW,CE,Federal Contract Tower,14,26,34,13,87,0,10,31,0,41,14,36,65,13,128,10,170,180,308
11/17/2020,LRD,TX,ASW,CE,Federal Contract Tower,11,53,14,16,94,0,3,36,3,42,11,56,50,19,136,40,200,240,376
11/18/2020,LRD,TX,ASW,CE,Federal Contract Tower,22,47,25,18,112,0,37,4,0,41,22,84,29,18,153,30,80,110,263
11/19/2020,LRD,TX,ASW,CE,Federal Contract Tower,17,49,22,21,109,0,3,25,2,30,17,52,47,23,139,50,150,200,339
11/20/2020,LRD,TX,ASW,CE,Federal Contract Tower,23,50,11,10,94,0,9,28,2,39,23,59,39,12,133,10,60,70,203
11/21/2020,LRD,TX,ASW,CE,Federal Contract Tower,11,25,21,2,59,0,7,16,4,27,11,32,37,6,86,25,60,85,171
11/22/2020,LRD,TX,ASW,CE,Federal Contract Tower,20,24,19,4,67,0,3,34,1,38,20,27,53,5,105,0,0,0,105
11/23/2020,LRD,TX,ASW,CE,Federal Contract Tower,17,25,9,35,86,0,5,25,4,34,17,30,34,39,120,0,184,184,304
11/24/2020,LRD,TX,ASW,CE,Federal Contract Tower,21,55,22,19,117,0,7,25,8,40,21,62,47,27,157,20,80,100,257
11/25/2020,LRD,TX,ASW,CE,Federal Contract Tower,17,36,21,9,83,0,16,25,1,42,17,52,46,10,125,20,0,20,145
11/26/2020,LRD,TX,ASW,CE,Federal Contract Tower,15,14,11,0,40,0,0,21,0,21,15,14,32,0,61,20,0,20,81
11/27/2020,LRD,TX,ASW,CE,Federal Contract Tower,10,23,4,0,37,0,0,16,0,16,10,23,20,0,53,0,0,0,53
11/28/2020,LRD,TX,ASW,CE,Federal Contract Tower,19,15,11,0,45,0,0,0,0,0,19,15,11,0,45,0,0,0,45
11/29/2020,LRD,TX,ASW,CE,Federal Contract Tower,11,22,10,1,44,0,10,28,1,39,11,32,38,2,83,10,0,10,93
11/30/2020,LRD,TX,ASW,CE,Federal Contract Tower,12,42,18,12,84,0,5,20,3,28,12,47,38,15,112,20,80,100,212
12/01/2020,LRD,TX,ASW,CE,Federal Contract Tower,24,31,26,16,97,0,3,32,7,42,24,34,58,23,139,50,160,210,349
12/02/2020,LRD,TX,ASW,CE,Federal Contract Tower,21,48,19,36,124,0,1,22,3,26,21,49,41,39,150,0,160,160,310
12/03/2020,LRD,TX,ASW,CE,Federal Contract Tower,24,41,26,11,102,0,0,42,6,48,24,41,68,17,150,26,152,178,328
12/04/2020,LRD,TX,ASW,CE,Federal Contract Tower,19,32,29,8,88,0,1,29,2,32,19,33,58,10,120,0,100,100,220
12/05/2020,LRD,TX,ASW,CE,Federal Contract Tower,14,14,6,7,41,0,0,33,0,33,14,14,39,7,74,0,0,0,74
12/06/2020,LRD,TX,ASW,CE,Federal Contract Tower,15,20,16,2,53,0,1,34,2,37,15,21,50,4,90,0,0,0,90
12/07/2020,LRD,TX,ASW,CE,Federal Contract Tower,32,44,16,2,94,0,9,26,0,35,32,53,42,2,129,0,50,50,179
12/08/2020,LRD,TX,ASW,CE,Federal Contract Tower,33,40,10,8,91,0,0,30,0,30,33,40,40,8,121,20,40,60,181
12/09/2020,LRD,TX,ASW,CE,Federal Contract Tower,30,33,17,12,92,0,2,37,5,44,30,35,54,17,136,0,40,40,176
12/10/2020,LRD,TX,ASW,CE,Federal Contract Tower,22,51,20,8,101,0,2,35,2,39,22,53,55,10,140,10,20,30,170
12/11/2020,LRD,TX,ASW,CE,Federal Contract Tower,17,44,21,16,98,0,0,31,4,35,17,44,52,20,133,10,180,190,323
12/12/2020,LRD,TX,ASW,CE,Federal Contract Tower,12,39,11,11,73,0,0,30,5,35,12,39,41,16,108,0,20,20,128
12/13/2020,LRD,TX,ASW,CE,Federal Contract Tower,14,22,17,12,65,0,10,20,2,32,14,32,37,14,97,0,0,0,97
12/14/2020,LRD,TX,ASW,CE,Federal Contract Tower,28,49,18,6,101,0,2,28,2,32,28,51,46,8,133,0,120,120,253
12/15/2020,LRD,TX,ASW,CE,Federal Contract Tower,33,40,21,16,110,0,4,37,0,41,33,44,58,16,151,0,60,60,211
12/16/2020,LRD,TX,ASW,CE,Federal Contract Tower,31,46,35,18,130,0,0,40,4,44,31,46,75,22,174,20,50,70,244
12/17/2020,LRD,TX,ASW,CE,Federal Contract Tower,30,50,18,13,111,0,7,35,5,47,30,57,53,18,158,0,140,140,298
12/18/2020,LRD,TX,ASW,CE,Federal Contract Tower,22,40,21,3,86,0,4,23,2,29,22,44,44,5,115,10,0,10,125
12/19/2020,LRD,TX,ASW,CE,Federal Contract Tower,26,38,10,4,78,0,3,20,1,24,26,41,30,5,102,0,0,0,102
12/20/2020,LRD,TX,ASW,CE,Federal Contract Tower,22,25,18,0,65,0,0,18,1,19,22,25,36,1,84,0,0,0,84
12/21/2020,LRD,TX,ASW,CE,Federal Contract Tower,15,36,19,7,77,0,1,28,0,29,15,37,47,7,106,0,140,140,246
12/22/2020,LRD,TX,ASW,CE,Federal Contract Tower,14,33,15,4,66,0,8,24,1,33,14,41,39,5,99,0,90,90,189
12/23/2020,LRD,TX,ASW,CE,Federal Contract Tower,25,33,26,0,84,0,0,26,1,27,25,33,52,1,111,0,0,0,111
12/24/2020,LRD,TX,ASW,CE,Federal Contract Tower,14,18,13,0,45,0,3,15,1,19,14,21,28,1,64,0,0,0,64
12/25/2020,LRD,TX,ASW,CE,Federal Contract Tower,3,13,6,0,22,0,9,17,2,28,3,22,23,2,50,0,0,0,50
12/26/2020,LRD,TX,ASW,CE,Federal Contract Tower,4,21,34,0,59,0,14,28,1,43,4,35,62,1,102,0,0,0,102
12/27/2020,LRD,TX,ASW,CE,Federal Contract Tower,0,17,21,0,38,0,1,14,4,19,0,18,35,4,57,0,0,0,57
12/28/2020,LRD,TX,ASW,CE,Federal Contract Tower,5,29,16,0,50,0,3,9,1,13,5,32,25,1,63,0,0,0,63
12/29/2020,LRD,TX,ASW,CE,Federal Contract Tower,7,17,17,0,41,0,8,20,3,31,7,25,37,3,72,0,0,0,72
12/30/2020,LRD,TX,ASW,CE,Federal Contract Tower,14,23,12,0,49,0,3,14,0,17,14,26,26,0,66,0,0,0,66
12/31/2020,LRD,TX,ASW,CE,Federal Contract Tower,7,9,13,0,29,0,1,14,1,16,7,10,27,1,45,0,0,0,45
01/01/2021,LRD,TX,ASW,CE,Federal Contract Tower,2,9,6,0,17,0,10,16,1,27,2,19,22,1,44,0,0,0,44
01/02/2021,LRD,TX,ASW,CE,Federal Contract Tower,7,12,24,0,43,0,4,26,1,31,7,16,50,1,74,0,0,0,74
01/03/2021,LRD,TX,ASW,CE,Federal Contract Tower,2,11,29,4,46,0,8,20,1,29,2,19,49,5,75,0,0,0,75
01/04/2021,LRD,TX,ASW,CE,Federal Contract Tower,6,20,18,1,45,0,3,20,1,24,6,23,38,2,69,0,0,0,69
01/05/2021,LRD,TX,ASW,CE,Federal Contract Tower,21,27,21,3,72,0,0,24,6,30,21,27,45,9,102,40,50,90,192
01/06/2021,LRD,TX,ASW,CE,Federal Contract Tower,20,32,26,14,92,0,0,25,5,30,20,32,51,19,122,20,50,70,192
01/07/2021,LRD,TX,ASW,CE,Federal Contract Tower,25,23,14,6,68,0,16,21,6,43,25,39,35,12,111,40,0,40,151
01/08/2021,LRD,TX,ASW,CE,Federal Contract Tower,21,37,19,5,82,0,2,38,2,42,21,39,57,7,124,0,100,100,224
01/09/2021,LRD,TX,ASW,CE,Federal Contract Tower,15,18,22,17,72,0,1,14,2,17,15,19,36,19,89,0,50,50,139
01/10/2021,LRD,TX,ASW,CE,Federal Contract Tower,9,21,12,2,44,0,0,5,3,8,9,21,17,5,52,0,0,0,52
01/11/2021,LRD,TX,ASW,CE,Federal Contract Tower,28,35,10,15,88,0,6,13,1,20,28,41,23,16,108,0,100,100,208
01/12/2021,LRD,TX,ASW,CE,Federal Contract Tower,27,46,19,13,105,0,5,36,1,42,27,51,55,14,147,20,160,180,327
01/13/2021,LRD,TX,ASW,CE,Federal Contract Tower,23,49,33,11,116,0,1,28,3,32,23,50,61,14,148,0,0,0,148
01/14/2021,LRD,TX,ASW,CE,Federal Contract Tower,21,39,26,9,95,1,10,32,3,46,22,49,58,12,141,0,0,0,141
01/15/2021,LRD,TX,ASW,CE,Federal Contract Tower,15,39,23,8,85,0,18,34,3,55,15,57,57,11,140,20,60,80,220
01/16/2021,LRD,TX,ASW,CE,Federal Contract Tower,9,27,16,8,60,0,5,24,0,29,9,32,40,8,89,0,0,0,89
01/17/2021,LRD,TX,ASW,CE,Federal Contract Tower,6,24,20,0,50,0,11,19,10,40,6,35,39,10,90,20,0,20,110
01/18/2021,LRD,TX,ASW,CE,Federal Contract Tower,11,29,24,6,70,0,4,21,0,25,11,33,45,6,95,0,0,0,95
01/19/2021,LRD,TX,ASW,CE,Federal Contract Tower,12,31,27,11,81,0,1,35,1,37,12,32,62,12,118,0,0,0,118
01/20/2021,LRD,TX,ASW,CE,Federal Contract Tower,18,38,22,0,78,0,0,0,0,0,18,38,22,0,78,0,0,0,78
01/21/2021,LRD,TX,ASW,CE,Federal Contract Tower,18,37,27,29,111,0,2,14,2,18,18,39,41,31,129,0,130,130,259
01/22/2021,LRD,TX,ASW,CE,Federal Contract Tower,9,45,28,33,115,0,8,41,5,54,9,53,69,38,169,0,240,240,409
01/23/2021,LRD,TX,ASW,CE,Federal Contract Tower,7,23,16,3,49,0,0,7,0,7,7,23,23,3,56,0,0,0,56
01/24/2021,LRD,TX,ASW,CE,Federal Contract Tower,12,21,24,12,69,0,0,17,2,19,12,21,41,14,88,0,0,0,88
01/25/2021,LRD,TX,ASW,CE,Federal Contract Tower,6,33,25,34,98,0,2,20,3,25,6,35,45,37,123,0,202,202,325
01/26/2021,LRD,TX,ASW,CE,Federal Contract Tower,14,38,26,20,98,0,2,30,2,34,14,40,56,22,132,10,90,100,232
01/27/2021,LRD,TX,ASW,CE,Federal Contract Tower,10,31,22,13,76,0,14,31,12,57,10,45,53,25,133,10,72,82,215
01/28/2021,LRD,TX,ASW,CE,Federal Contract Tower,20,41,33,17,111,0,5,45,3,53,20,46,78,20,164,34,110,144,308
01/29/2021,LRD,TX,ASW,CE,Federal Contract Tower,6,34,21,22,83,0,4,28,2,34,6,38,49,24,117,0,220,220,337
01/30/2021,LRD,TX,ASW,CE,Federal Contract Tower,7,24,14,2,47,0,7,27,1,35,7,31,41,3,82,10,0,10,92
01/31/2021,LRD,TX,ASW,CE,Federal Contract Tower,2,25,13,2,42,0,1,21,5,27,2,26,34,7,69,0,0,0,69
02/01/2021,LRD,TX,ASW,CE,Federal Contract Tower,5,18,19,19,61,1,3,19,4,27,6,21,38,23,88,0,150,150,238
02/02/2021,LRD,TX,ASW,CE,Federal Contract Tower,7,37,44,24,112,0,0,37,5,42,7,37,81,29,154,96,160,256,410
02/03/2021,LRD,TX,ASW,CE,Federal Contract Tower,25,55,22,18,120,0,3,28,3,34,25,58,50,21,154,0,216,216,370
02/04/2021,LRD,TX,ASW,CE,Federal Contract Tower,16,35,23,18,92,0,0,21,1,22,16,35,44,19,114,0,0,0,114
02/05/2021,LRD,TX,ASW,CE,Federal Contract Tower,11,42,24,12,89,0,0,15,2,17,11,42,39,14,106,10,60,70,176
02/06/2021,LRD,TX,ASW,CE,Federal Contract Tower,3,12,24,22,61,0,0,7,0,7,3,12,31,22,68,0,0,0,68
02/07/2021,LRD,TX,ASW,CE,Federal Contract Tower,7,30,8,8,53,0,4,28,1,33,7,34,36,9,86,20,0,20,106
02/08/2021,LRD,TX,ASW,CE,Federal Contract Tower,9,30,17,10,66,0,3,26,1,30,9,33,43,11,96,0,60,60,156
02/09/2021,LRD,TX,ASW,CE,Federal Contract Tower,14,37,27,2,80,0,0,13,2,15,14,37,40,4,95,30,150,180,275
02/10/2021,LRD,TX,ASW,CE,Federal Contract Tower,17,51,41,77,186,0,0,19,0,19,17,51,60,77,205,0,200,200,405
02/11/2021,LRD,TX,ASW,CE,Federal Contract Tower,23,48,30,2,103,0,0,0,0,0,23,48,30,2,103,0,0,0,103
02/12/2021,LRD,TX,ASW,CE,Federal Contract Tower,20,45,32,5,102,0,0,2,0,2,20,45,34,5,104,0,0,0,104
02/13/2021,LRD,TX,ASW,CE,Federal Contract Tower,6,23,7,0,36,0,0,4,0,4,6,23,11,0,40,0,0,0,40
02/14/2021,LRD,TX,ASW,CE,Federal Contract Tower,5,14,17,0,36,0,0,0,0,0,5,14,17,0,36,0,0,0,36
02/18/2021,LRD,TX,ASW,CE,Federal Contract Tower,7,36,16,0,59,0,0,15,1,16,7,36,31,1,75,0,0,0,75
02/19/2021,LRD,TX,ASW,CE,Federal Contract Tower,19,26,19,0,64,0,7,28,1,36,19,33,47,1,100,0,0,0,100
02/20/2021,LRD,TX,ASW,CE,Federal Contract Tower,12,25,14,10,61,0,2,38,2,42,12,27,52,12,103,0,50,50,153
02/21/2021,LRD,TX,ASW,CE,Federal Contract Tower,11,28,22,13,74,0,3,34,4,41,11,31,56,17,115,30,10,40,155
02/22/2021,LRD,TX,ASW,CE,Federal Contract Tower,13,39,24,3,79,0,3,35,4,42,13,42,59,7,121,10,20,30,151
02/23/2021,LRD,TX,ASW,CE,Federal Contract Tower,18,50,39,7,114,0,0,31,1,32,18,50,70,8,146,0,0,0,146
02/24/2021,LRD,TX,ASW,CE,Federal Contract Tower,14,55,24,12,105,0,1,35,1,37,14,56,59,13,142,0,0,0,142
02/25/2021,LRD,TX,ASW,CE,Federal Contract Tower,18,36,27,22,103,0,0,33,0,33,18,36,60,22,136,0,64,64,200
02/26/2021,LRD,TX,ASW,CE,Federal Contract Tower,12,36,50,14,112,0,0,22,1,23,12,36,72,15,135,170,0,170,305
02/27/2021,LRD,TX,ASW,CE,Federal Contract Tower,8,32,16,13,69,0,3,31,3,37,8,35,47,16,106,40,50,90,196
02/28/2021,LRD,TX,ASW,CE,Federal Contract Tower,3,22,24,0,49,0,6,16,2,24,3,28,40,2,73,0,0,0,73
03/01/2021,LRD,TX,ASW,CE,Federal Contract Tower,12,37,24,16,89,0,0,9,0,9,12,37,33,16,98,0,150,150,248
03/02/2021,LRD,TX,ASW,CE,Federal Contract Tower,13,34,26,11,84,0,1,33,2,36,13,35,59,13,120,0,0,0,120
03/03/2021,LRD,TX,ASW,CE,Federal Contract Tower,22,32,26,21,101,0,2,32,4,38,22,34,58,25,139,10,340,350,489
03/04/2021,LRD,TX,ASW,CE,Federal Contract Tower,16,48,38,29,131,0,0,28,4,32,16,48,66,33,163,10,80,90,253
03/05/2021,LRD,TX,ASW,CE,Federal Contract Tower,27,35,28,18,108,0,9,36,3,48,27,44,64,21,156,0,50,50,206
03/06/2021,LRD,TX,ASW,CE,Federal Contract Tower,22,19,21,8,70,0,4,19,1,24,22,23,40,9,94,0,0,0,94
03/07/2021,LRD,TX,ASW,CE,Federal Contract Tower,12,35,26,6,79,0,3,17,1,21,12,38,43,7,100,20,0,20,120
03/08/2021,LRD,TX,ASW,CE,Federal Contract Tower,18,44,21,8,91,0,3,25,1,29,18,47,46,9,120,10,60,70,190
03/09/2021,LRD,TX,ASW,CE,Federal Contract Tower,14,44,18,9,85,0,2,20,7,29,14,46,38,16,114,0,120,120,234
03/10/2021,LRD,TX,ASW,CE,Federal Contract Tower,22,59,30,14,125,0,4,31,2,37,22,63,61,16,162,10,30,40,202
03/11/2021,LRD,TX,ASW,CE,Federal Contract Tower,27,53,30,16,126,0,3,36,4,43,27,56,66,20,169,20,110,130,299
03/12/2021,LRD,TX,ASW,CE,Federal Contract Tower,18,34,29,10,91,0,8,24,6,38,18,42,53,16,129,0,110,110,239
03/13/2021,LRD,TX,ASW,CE,Federal Contract Tower,13,26,9,10,58,0,4,13,0,17,13,30,22,10,75,0,0,0,75
03/14/2021,LRD,TX,ASW,CE,Federal Contract Tower,5,36,19,0,60,0,5,15,4,24,5,41,34,4,84,0,10,10,94
03/15/2021,LRD,TX,ASW,CE,Federal Contract Tower,8,50,37,21,116,0,1,17,5,23,8,51,54,26,139,0,576,576,715
03/16/2021,LRD,TX,ASW,CE,Federal Contract Tower,16,37,48,2,103,0,5,18,0,23,16,42,66,2,126,20,0,20,146
03/17/2021,LRD,TX,ASW,CE,Federal Contract Tower,18,38,37,21,114,0,1,25,14,40,18,39,62,35,154,30,200,230,384
03/18/2021,LRD,TX,ASW,CE,Federal Contract Tower,22,43,34,6,105,0,4,28,3,35,22,47,62,9,140,18,200,218,358
03/19/2021,LRD,TX,ASW,CE,Federal Contract Tower,24,55,28,9,116,0,2,34,1,37,24,57,62,10,153,0,90,90,243
03/20/2021,LRD,TX,ASW,CE,Federal Contract Tower,18,36,30,2,86,0,2,23,1,26,18,38,53,3,112,0,56,56,168
03/21/2021,LRD,TX,ASW,CE,Federal Contract Tower,8,41,13,4,66,0,5,24,0,29,8,46,37,4,95,0,0,0,95
03/22/2021,LRD,TX,ASW,CE,Federal Contract Tower,13,29,38,40,120,0,2,30,3,35,13,31,68,43,155,30,500,530,685
03/23/2021,LRD,TX,ASW,CE,Federal Contract Tower,17,44,27,9,97,0,2,32,4,38,17,46,59,13,135,0,100,100,235
03/24/2021,LRD,TX,ASW,CE,Federal Contract Tower,25,45,27,15,112,0,0,27,7,34,25,45,54,22,146,0,90,90,236
03/25/2021,LRD,TX,ASW,CE,Federal Contract Tower,12,53,25,6,96,0,7,32,4,43,12,60,57,10,139,10,60,70,209
03/26/2021,LRD,TX,ASW,CE,Federal Contract Tower,21,40,25,19,105,0,3,33,3,39,21,43,58,22,144,10,310,320,464
03/27/2021,LRD,TX,ASW,CE,Federal Contract Tower,18,29,21,10,78,0,5,24,1,30,18,34,45,11,108,10,40,50,158
03/28/2021,LRD,TX,ASW,CE,Federal Contract Tower,13,24,18,8,63,0,3,17,0,20,13,27,35,8,83,0,0,0,83
03/29/2021,LRD,TX,ASW,CE,Federal Contract Tower,26,35,30,18,109,0,2,29,1,32,26,37,59,19,141,20,360,380,521
03/30/2021,LRD,TX,ASW,CE,Federal Contract Tower,27,34,24,21,106,0,1,36,4,41,27,35,60,25,147,0,60,60,207
03/31/2021,LRD,TX,ASW,CE,Federal Contract Tower,20,46,40,8,114,1,0,15,1,17,21,46,55,9,131,0,0,0,131
04/01/2021,LRD,TX,ASW,CE,Federal Contract Tower,17,26,24,9,76,0,10,30,4,44,17,36,54,13,120,0,160,160,280
04/02/2021,LRD,TX,ASW,CE,Federal Contract Tower,15,28,14,2,59,0,7,19,5,31,15,35,33,7,90,0,0,0,90
04/03/2021,LRD,TX,ASW,CE,Federal Contract Tower,4,9,13,0,26,0,3,5,2,10,4,12,18,2,36,0,0,0,36
04/04/2021,LRD,TX,ASW,CE,Federal Contract Tower,5,15,16,0,36,0,2,15,0,17,5,17,31,0,53,0,0,0,53
04/05/2021,LRD,TX,ASW,CE,Federal Contract Tower,12,25,37,2,76,0,10,21,1,32,12,35,58,3,108,30,20,50,158
04/06/2021,LRD,TX,ASW,CE,Federal Contract Tower,17,35,21,20,93,0,6,26,5,37,17,41,47,25,130,40,320,360,490
04/07/2021,LRD,TX,ASW,CE,Federal Contract Tower,21,30,30,11,92,0,7,38,6,51,21,37,68,17,143,30,0,30,173
04/08/2021,LRD,TX,ASW,CE,Federal Contract Tower,12,38,35,2,87,0,0,34,9,43,12,38,69,11,130,0,90,90,220
04/09/2021,LRD,TX,ASW,CE,Federal Contract Tower,14,31,31,0,76,0,3,24,7,34,14,34,55,7,110,0,60,60,170
04/10/2021,LRD,TX,ASW,CE,Federal Contract Tower,11,17,22,0,50,0,5,28,3,36,11,22,50,3,86,0,0,0,86
04/11/2021,LRD,TX,ASW,CE,Federal Contract Tower,5,12,18,1,36,0,17,27,1,45,5,29,45,2,81,0,12,12,93
04/12/2021,LRD,TX,ASW,CE,Federal Contract Tower,14,28,44,0,86,0,7,32,1,40,14,35,76,1,126,0,0,0,126
04/13/2021,LRD,TX,ASW,CE,Federal Contract Tower,18,44,44,27,133,0,0,14,3,17,18,44,58,30,150,0,240,240,390
04/14/2021,LRD,TX,ASW,CE,Federal Contract Tower,13,22,37,12,84,0,8,28,4,40,13,30,65,16,124,20,40,60,184
04/15/2021,LRD,TX,ASW,CE,Federal Contract Tower,8,35,39,18,100,0,2,18,2,22,8,37,57,20,122,0,120,120,242
04/16/2021,LRD,TX,ASW,CE,Federal Contract Tower,10,32,27,4,73,0,2,28,0,30,10,34,55,4,103,0,0,0,103
04/17/2021,LRD,TX,ASW,CE,Federal Contract Tower,5,16,13,21,55,0,5,24,1,30,5,21,37,22,85,0,0,0,85
04/18/2021,LRD,TX,ASW,CE,Federal Contract Tower,1,19,11,8,39,0,20,31,0,51,1,39,42,8,90,74,0,74,164
04/19/2021,LRD,TX,ASW,CE,Federal Contract Tower,12,27,20,1,60,0,13,21,2,36,12,40,41,3,96,20,0,20,116
04/20/2021,LRD,TX,ASW,CE,Federal Contract Tower,14,28,26,16,84,0,6,36,12,54,14,34,62,28,138,20,200,220,358
04/21/2021,LRD,TX,ASW,CE,Federal Contract Tower,16,28,21,8,73,0,3,32,16,51,16,31,53,24,124,10,20,30,154
04/22/2021,LRD,TX,ASW,CE,Federal Contract Tower,9,32,23,4,68,0,4,18,8,30,9,36,41,12,98,0,60,60,158
04/23/2021,LRD,TX,ASW,CE,Federal Contract Tower,10,24,23,0,57,0,5,24,4,33,10,29,47,4,90,0,0,0,90
04/24/2021,LRD,TX,ASW,CE,Federal Contract Tower,10,15,12,12,49,0,8,31,6,45,10,23,43,18,94,0,0,0,94
04/25/2021,LRD,TX,ASW,CE,Federal Contract Tower,5,12,18,12,47,0,0,19,0,19,5,12,37,12,66,0,0,0,66
04/26/2021,LRD,TX,ASW,CE,Federal Contract Tower,18,32,40,2,92,0,4,27,4,35,18,36,67,6,127,20,100,120,247
04/27/2021,LRD,TX,ASW,CE,Federal Contract Tower,18,25,44,14,101,0,0,16,8,24,18,25,60,22,125,10,60,70,195
04/28/2021,LRD,TX,ASW,CE,Federal Contract Tower,21,41,39,20,121,0,5,34,12,51,21,46,73,32,172,0,200,200,372
04/29/2021,LRD,TX,ASW,CE,Federal Contract Tower,10,38,25,32,105,0,14,31,5,50,10,52,56,37,155,0,340,340,495
04/30/2021,LRD,TX,ASW,CE,Federal Contract Tower,13,23,17,8,61,0,0,7,2,9,13,23,24,10,70,0,0,0,70
05/01/2021,LRD,TX,ASW,CE,Federal Contract Tower,10,17,8,4,39,0,6,14,0,20,10,23,22,4,59,0,0,0,59
05/02/2021,LRD,TX,ASW,CE,Federal Contract Tower,1,21,25,5,52,0,6,22,4,32,1,27,47,9,84,0,0,0,84
05/03/2021,LRD,TX,ASW,CE,Federal Contract Tower,13,34,27,18,92,0,0,32,3,35,13,34,59,21,127,30,130,160,287
05/04/2021,LRD,TX,ASW,CE,Federal Contract Tower,25,33,29,17,104,0,6,25,4,35,25,39,54,21,139,0,80,80,219
05/05/2021,LRD,TX,ASW,CE,Federal Contract Tower,17,34,39,10,100,0,1,30,12,43,17,35,69,22,143,0,60,60,203
05/06/2021,LRD,TX,ASW,CE,Federal Contract Tower,16,49,18,8,91,0,5,40,2,47,16,54,58,10,138,10,70,80,218
05/07/2021,LRD,TX,ASW,CE,Federal Contract Tower,14,42,19,0,75,0,4,35,2,41,14,46,54,2,116,0,0,0,116
05/09/2021,LRD,TX,ASW,CE,Federal Contract Tower,5,30,28,7,70,0,6,18,1,25,5,36,46,8,95,10,0,10,105
05/10/2021,LRD,TX,ASW,CE,Federal Contract Tower,17,33,26,31,107,2,3,20,4,29,19,36,46,35,136,0,390,390,526
05/11/2021,LRD,TX,ASW,CE,Federal Contract Tower,11,29,28,4,72,0,4,21,2,27,11,33,49,6,99,0,0,0,99
05/12/2021,LRD,TX,ASW,CE,Federal Contract Tower,21,54,19,5,99,0,5,10,4,19,21,59,29,9,118,20,0,20,138
05/13/2021,LRD,TX,ASW,CE,Federal Contract Tower,9,43,26,16,94,0,2,36,10,48,9,45,62,26,142,0,180,180,322
05/14/2021,LRD,TX,ASW,CE,Federal Contract Tower,14,36,18,2,70,0,15,23,1,39,14,51,41,3,109,0,0,0,109
05/15/2021,LRD,TX,ASW,CE,Federal Contract Tower,14,29,11,0,54,0,0,27,1,28,14,29,38,1,82,10,0,10,92
05/16/2021,LRD,TX,ASW,CE,Federal Contract Tower,7,15,24,8,54,0,4,10,2,16,7,19,34,10,70,0,0,0,70
05/17/2021,LRD,TX,ASW,CE,Federal Contract Tower,8,36,16,10,70,0,4,28,2,34,8,40,44,12,104,16,48,64,168
05/18/2021,LRD,TX,ASW,CE,Federal Contract Tower,11,36,19,24,90,0,1,28,3,32,11,37,47,27,122,10,80,90,212
05/19/2021,LRD,TX,ASW,CE,Federal Contract Tower,23,46,14,1,84,0,2,19,5,26,23,48,33,6,110,20,16,36,146
05/20/2021,LRD,TX,ASW,CE,Federal Contract Tower,9,41,21,25,96,0,3,25,7,35,9,44,46,32,131,0,252,252,383
05/21/2021,LRD,TX,ASW,CE,Federal Contract Tower,15,46,23,6,90,0,2,22,6,30,15,48,45,12,120,0,60,60,180
05/22/2021,LRD,TX,ASW,CE,Federal Contract Tower,8,33,11,8,60,0,4,18,0,22,8,37,29,8,82,0,0,0,82
05/23/2021,LRD,TX,ASW,CE,Federal Contract Tower,0,33,19,27,79,0,6,22,1,29,0,39,41,28,108,12,18,30,138
05/25/2021,LRD,TX,ASW,CE,Federal Contract Tower,14,47,24,46,131,0,0,27,4,31,14,47,51,50,162,10,260,270,432
05/26/2021,LRD,TX,ASW,CE,Federal Contract Tower,16,42,31,8,97,0,0,25,13,38,16,42,56,21,135,0,0,0,135
05/27/2021,LRD,TX,ASW,CE,Federal Contract Tower,13,41,24,1,79,0,0,28,5,33,13,41,52,6,112,0,106,106,218
05/28/2021,LRD,TX,ASW,CE,Federal Contract Tower,9,40,20,1,70,0,2,15,6,23,9,42,35,7,93,0,20,20,113
05/29/2021,LRD,TX,ASW,CE,Federal Contract Tower,3,27,8,0,38,0,0,16,1,17,3,27,24,1,55,10,0,10,65
05/30/2021,LRD,TX,ASW,CE,Federal Contract Tower,2,19,14,1,36,0,0,13,1,14,2,19,27,2,50,0,0,0,50
05/31/2021,LRD,TX,ASW,CE,Federal Contract Tower,5,32,28,0,65,0,0,12,2,14,5,32,40,2,79,0,0,0,79
06/01/2021,LRD,TX,ASW,CE,Federal Contract Tower,9,25,28,16,78,0,0,21,4,25,9,25,49,20,103,0,0,0,103
06/02/2021,LRD,TX,ASW,CE,Federal Contract Tower,17,38,16,14,85,0,0,20,18,38,17,38,36,32,123,40,0,40,163
06/03/2021,LRD,TX,ASW,CE,Federal Contract Tower,15,34,41,6,96,0,0,9,2,11,15,34,50,8,107,0,0,0,107
06/04/2021,LRD,TX,ASW,CE,Federal Contract Tower,17,49,21,8,95,0,2,21,4,27,17,51,42,12,122,0,0,0,122
06/05/2021,LRD,TX,ASW,CE,Federal Contract Tower,6,25,4,0,35,0,0,17,5,22,6,25,21,5,57,0,0,0,57
06/06/2021,LRD,TX,ASW,CE,Federal Contract Tower,8,19,18,22,67,0,6,20,1,27,8,25,38,23,94,0,0,0,94
06/07/2021,LRD,TX,ASW,CE,Federal Contract Tower,15,26,27,22,90,0,6,29,4,39,15,32,56,26,129,0,200,200,329
06/08/2021,LRD,TX,ASW,CE,Federal Contract Tower,24,44,19,13,100,0,1,26,5,32,24,45,45,18,132,0,130,130,262
06/09/2021,LRD,TX,ASW,CE,Federal Contract Tower,28,38,40,17,123,0,4,30,9,43,28,42,70,26,166,30,30,60,226
06/10/2021,LRD,TX,ASW,CE,Federal Contract Tower,22,36,25,8,91,0,8,25,4,37,22,44,50,12,128,0,0,0,128
06/11/2021,LRD,TX,ASW,CE,Federal Contract Tower,20,41,26,20,107,0,9,21,4,34,20,50,47,24,141,0,144,144,285
06/12/2021,LRD,TX,ASW,CE,Federal Contract Tower,8,19,9,0,36,0,5,40,1,46,8,24,49,1,82,0,0,0,82
06/13/2021,LRD,TX,ASW,CE,Federal Contract Tower,11,29,15,0,55,0,7,36,1,44,11,36,51,1,99,30,0,30,129
06/14/2021,LRD,TX,ASW,CE,Federal Contract Tower,17,25,11,12,65,0,1,24,1,26,17,26,35,13,91,34,150,184,275
06/15/2021,LRD,TX,ASW,CE,Federal Contract Tower,27,33,27,16,103,0,4,33,8,45,27,37,60,24,148,0,0,0,148
06/16/2021,LRD,TX,ASW,CE,Federal Contract Tower,25,31,18,20,94,0,5,32,5,42,25,36,50,25,136,22,34,56,192
06/17/2021,LRD,TX,ASW,CE,Federal Contract Tower,27,42,28,12,109,0,3,31,1,35,27,45,59,13,144,0,0,0,144
06/18/2021,LRD,TX,ASW,CE,Federal Contract Tower,17,39,25,3,84,0,0,32,4,36,17,39,57,7,120,10,10,20,140
06/19/2021,LRD,TX,ASW,CE,Federal Contract Tower,10,17,17,0,44,0,14,38,0,52,10,31,55,0,96,0,0,0,96
06/20/2021,LRD,TX,ASW,CE,Federal Contract Tower,7,15,6,2,30,0,4,12,2,18,7,19,18,4,48,0,0,0,48
06/21/2021,LRD,TX,ASW,CE,Federal Contract Tower,17,39,24,27,107,0,1,9,1,11,17,40,33,28,118,0,40,40,158
06/22/2021,LRD,TX,ASW,CE,Federal Contract Tower,18,37,36,2,93,0,3,18,4,25,18,40,54,6,118,0,0,0,118
06/23/2021,LRD,TX,ASW,CE,Federal Contract Tower,29,28,32,26,115,0,6,38,5,49,29,34,70,31,164,0,20,20,184
06/24/2021,LRD,TX,ASW,CE,Federal Contract Tower,17,37,25,25,104,0,4,14,2,20,17,41,39,27,124,0,60,60,184
06/25/2021,LRD,TX,ASW,CE,Federal Contract Tower,14,38,20,18,90,0,2,46,7,55,14,40,66,25,145,0,0,0,145
06/26/2021,LRD,TX,ASW,CE,Federal Contract Tower,9,23,15,1,48,0,3,31,1,35,9,26,46,2,83,0,0,0,83
06/27/2021,LRD,TX,ASW,CE,Federal Contract Tower,9,27,8,51,95,0,0,34,1,35,9,27,42,52,130,0,0,0,130
06/28/2021,LRD,TX,ASW,CE,Federal Contract Tower,16,36,19,12,83,0,2,20,5,27,16,38,39,17,110,0,220,220,330
06/29/2021,LRD,TX,ASW,CE,Federal Contract Tower,23,28,25,29,105,0,0,26,6,32,23,28,51,35,137,0,30,30,167
06/30/2021,LRD,TX,ASW,CE,Federal Contract Tower,21,33,18,18,90,0,0,26,13,39,21,33,44,31,129,0,10,10,139
07/01/2021,LRD,TX,ASW,CE,Federal Contract Tower,8,30,28,23,89,0,2,28,6,36,8,32,56,29,125,4,0,4,129
07/02/2021,LRD,TX,ASW,CE,Federal Contract Tower,17,19,29,1,66,0,1,30,4,35,17,20,59,5,101,20,0,20,121
07/03/2021,LRD,TX,ASW,CE,Federal Contract Tower,6,17,17,0,40,0,1,32,1,34,6,18,49,1,74,0,0,0,74
07/04/2021,LRD,TX,ASW,CE,Federal Contract Tower,6,14,17,0,37,0,0,36,1,37,6,14,53,1,74,0,0,0,74
07/05/2021,LRD,TX,ASW,CE,Federal Contract Tower,7,27,29,0,63,0,0,19,2,21,7,27,48,2,84,0,0,0,84
07/06/2021,LRD,TX,ASW,CE,Federal Contract Tower,15,32,13,1,61,0,0,19,3,22,15,32,32,4,83,0,10,10,93
07/07/2021,LRD,TX,ASW,CE,Federal Contract Tower,17,37,16,12,82,0,0,16,1,17,17,37,32,13,99,0,0,0,99
07/08/2021,LRD,TX,ASW,CE,Federal Contract Tower,17,38,19,6,80,0,0,4,0,4,17,38,23,6,84,0,0,0,84
07/09/2021,LRD,TX,ASW,CE,Federal Contract Tower,17,33,32,19,101,0,0,24,2,26,17,33,56,21,127,10,0,10,137
07/10/2021,LRD,TX,ASW,CE,Federal Contract Tower,10,19,16,10,55,0,0,17,1,18,10,19,33,11,73,0,0,0,73
07/11/2021,LRD,TX,ASW,CE,Federal Contract Tower,6,26,16,0,48,0,2,26,1,29,6,28,42,1,77,36,0,36,113
07/12/2021,LRD,TX,ASW,CE,Federal Contract Tower,13,36,19,33,101,0,0,28,2,30,13,36,47,35,131,60,60,120,251
07/13/2021,LRD,TX,ASW,CE,Federal Contract Tower,24,20,25,5,74,0,0,20,4,24,24,20,45,9,98,0,60,60,158
07/14/2021,LRD,TX,ASW,CE,Federal Contract Tower,18,39,22,16,95,0,0,33,15,48,18,39,55,31,143,0,30,30,173
07/15/2021,LRD,TX,ASW,CE,Federal Contract Tower,19,38,33,15,105,0,4,42,12,58,19,42,75,27,163,26,120,146,309
07/16/2021,LRD,TX,ASW,CE,Federal Contract Tower,14,25,19,5,63,0,0,30,4,34,14,25,49,9,97,0,6,6,103
07/17/2021,LRD,TX,ASW,CE,Federal Contract Tower,8,21,18,0,47,0,0,23,1,24,8,21,41,1,71,0,0,0,71
07/18/2021,LRD,TX,ASW,CE,Federal Contract Tower,8,19,11,2,40,0,2,18,1,21,8,21,29,3,61,0,0,0,61
07/19/2021,LRD,TX,ASW,CE,Federal Contract Tower,11,28,30,14,83,0,3,34,5,42,11,31,64,19,125,0,10,10,135
07/20/2021,LRD,TX,ASW,CE,Federal Contract Tower,19,27,21,0,67,0,0,32,4,36,19,27,53,4,103,0,10,10,113
07/21/2021,LRD,TX,ASW,CE,Federal Contract Tower,26,36,17,14,93,0,0,36,10,46,26,36,53,24,139,10,80,90,229
07/22/2021,LRD,TX,ASW,CE,Federal Contract Tower,14,36,23,4,77,0,0,29,5,34,14,36,52,9,111,32,2,34,145
07/23/2021,LRD,TX,ASW,CE,Federal Contract Tower,14,27,31,4,76,0,0,39,6,45,14,27,70,10,121,0,90,90,211
07/24/2021,LRD,TX,ASW,CE,Federal Contract Tower,7,29,5,4,45,0,6,28,5,39,7,35,33,9,84,16,0,16,100
07/25/2021,LRD,TX,ASW,CE,Federal Contract Tower,10,24,4,12,50,0,0,19,7,26,10,24,23,19,76,0,0,0,76
07/26/2021,LRD,TX,ASW,CE,Federal Contract Tower,14,24,18,19,75,0,0,31,5,36,14,24,49,24,111,0,40,40,151
07/27/2021,LRD,TX,ASW,CE,Federal Contract Tower,22,29,25,24,100,0,0,43,7,50,22,29,68,31,150,0,140,140,290
07/28/2021,LRD,TX,ASW,CE,Federal Contract Tower,25,47,20,14,106,0,5,41,6,52,25,52,61,20,158,20,120,140,298
07/29/2021,LRD,TX,ASW,CE,Federal Contract Tower,27,46,17,35,125,0,5,23,4,32,27,51,40,39,157,20,260,280,437
07/30/2021,LRD,TX,ASW,CE,Federal Contract Tower,19,45,16,16,96,0,0,38,2,40,19,45,54,18,136,6,46,52,188
07/31/2021,LRD,TX,ASW,CE,Federal Contract Tower,13,26,14,4,57,0,0,23,4,27,13,26,37,8,84,8,10,18,102
08/01/2021,LRD,TX,ASW,CE,Federal Contract Tower,16,21,24,10,71,0,0,15,1,16,16,21,39,11,87,0,0,0,87
08/02/2021,LRD,TX,ASW,CE,Federal Contract Tower,19,36,17,15,87,0,0,16,2,18,19,36,33,17,105,0,0,0,105
08/03/2021,LRD,TX,ASW,CE,Federal Contract Tower,32,37,15,0,84,0,0,25,5,30,32,37,40,5,114,0,0,0,114
08/04/2021,LRD,TX,ASW,CE,Federal Contract Tower,31,45,24,6,106,0,1,34,5,40,31,46,58,11,146,0,0,0,146
08/05/2021,LRD,TX,ASW,CE,Federal Contract Tower,22,44,15,6,87,0,3,24,4,31,22,47,39,10,118,0,0,0,118
08/06/2021,LRD,TX,ASW,CE,Federal Contract Tower,21,48,28,19,116,0,1,27,3,31,21,49,55,22,147,0,0,0,147
08/07/2021,LRD,TX,ASW,CE,Federal Contract Tower,11,27,13,4,55,0,0,33,2,35,11,27,46,6,90,10,0,10,100
08/08/2021,LRD,TX,ASW,CE,Federal Contract Tower,16,25,6,2,49,0,0,17,1,18,16,25,23,3,67,0,0,0,67
08/09/2021,LRD,TX,ASW,CE,Federal Contract Tower,17,33,11,18,79,0,3,32,3,38,17,36,43,21,117,0,124,124,241
08/10/2021,LRD,TX,ASW,CE,Federal Contract Tower,24,33,25,18,100,0,0,28,4,32,24,33,53,22,132,50,90,140,272
08/11/2021,LRD,TX,ASW,CE,Federal Contract Tower,22,53,27,20,122,0,1,22,3,26,22,54,49,23,148,0,110,110,258
08/12/2021,LRD,TX,ASW,CE,Federal Contract Tower,17,38,33,12,100,0,1,25,3,29,17,39,58,15,129,0,210,210,339
08/13/2021,LRD,TX,ASW,CE,Federal Contract Tower,15,37,26,11,89,0,0,37,2,39,15,37,63,13,128,0,80,80,208
08/14/2021,LRD,TX,ASW,CE,Federal Contract Tower,10,26,14,12,62,0,0,32,2,34,10,26,46,14,96,0,20,20,116
08/15/2021,LRD,TX,ASW,CE,Federal Contract Tower,10,30,14,23,77,0,1,33,2,36,10,31,47,25,113,0,10,10,123
08/16/2021,LRD,TX,ASW,CE,Federal Contract Tower,17,33,20,38,108,0,1,35,5,41,17,34,55,43,149,0,474,474,623
08/17/2021,LRD,TX,ASW,CE,Federal Contract Tower,24,37,47,47,155,0,0,34,4,38,24,37,81,51,193,0,220,220,413
08/18/2021,LRD,TX,ASW,CE,Federal Contract Tower,26,35,27,63,151,0,0,40,10,50,26,35,67,73,201,20,316,336,537
08/19/2021,LRD,TX,ASW,CE,Federal Contract Tower,27,38,34,25,124,0,6,26,5,37,27,44,60,30,161,0,50,50,211
08/20/2021,LRD,TX,ASW,CE,Federal Contract Tower,23,43,17,17,100,0,0,34,6,40,23,43,51,23,140,0,206,206,346
08/21/2021,LRD,TX,ASW,CE,Federal Contract Tower,17,30,7,5,59,0,0,32,1,33,17,30,39,6,92,34,0,34,126
08/22/2021,LRD,TX,ASW,CE,Federal Contract Tower,23,27,9,16,75,0,0,16,1,17,23,27,25,17,92,0,0,0,92
08/23/2021,LRD,TX,ASW,CE,Federal Contract Tower,19,38,30,10,97,0,0,33,5,38,19,38,63,15,135,0,146,146,281
08/24/2021,LRD,TX,ASW,CE,Federal Contract Tower,25,51,20,1,97,0,0,44,7,51,25,51,64,8,148,8,0,8,156
08/25/2021,LRD,TX,ASW,CE,Federal Contract Tower,28,47,27,14,116,0,0,33,5,38,28,47,60,19,154,0,80,80,234
08/26/2021,LRD,TX,ASW,CE,Federal Contract Tower,20,48,22,13,103,0,2,34,5,41,20,50,56,18,144,0,180,180,324
08/27/2021,LRD,TX,ASW,CE,Federal Contract Tower,21,45,15,10,91,0,0,19,5,24,21,45,34,15,115,0,242,242,357
08/28/2021,LRD,TX,ASW,CE,Federal Contract Tower,9,32,4,4,49,0,7,25,0,32,9,39,29,4,81,0,0,0,81
08/29/2021,LRD,TX,ASW,CE,Federal Contract Tower,13,29,11,10,63,0,6,20,2,28,13,35,31,12,91,0,0,0,91
08/30/2021,LRD,TX,ASW,CE,Federal Contract Tower,22,27,14,23,86,0,1,26,7,34,22,28,40,30,120,0,162,162,282
08/31/2021,LRD,TX,ASW,CE,Federal Contract Tower,23,34,27,18,102,0,0,43,5,48,23,34,70,23,150,0,132,132,282
09/01/2021,LRD,TX,ASW,CE,Federal Contract Tower,22,41,27,21,111,0,3,32,1,36,22,44,59,22,147,10,230,240,387
09/02/2021,LRD,TX,ASW,CE,Federal Contract Tower,15,41,19,22,97,0,0,38,5,43,15,41,57,27,140,0,170,170,310
09/03/2021,LRD,TX,ASW,CE,Federal Contract Tower,14,40,18,0,72,0,13,37,2,52,14,53,55,2,124,0,0,0,124
09/04/2021,LRD,TX,ASW,CE,Federal Contract Tower,8,27,2,0,37,0,0,31,3,34,8,27,33,3,71,0,0,0,71
09/05/2021,LRD,TX,ASW,CE,Federal Contract Tower,7,10,19,0,36,0,2,37,1,40,7,12,56,1,76,30,0,30,106
09/06/2021,LRD,TX,ASW,CE,Federal Contract Tower,15,28,13,0,56,0,6,21,3,30,15,34,34,3,86,0,50,50,136
09/07/2021,LRD,TX,ASW,CE,Federal Contract Tower,13,43,16,6,78,0,0,28,2,30,13,43,44,8,108,0,60,60,168
09/08/2021,LRD,TX,ASW,CE,Federal Contract Tower,28,35,23,10,96,0,0,30,4,34,28,35,53,14,130,0,90,90,220
09/09/2021,LRD,TX,ASW,CE,Federal Contract Tower,21,36,18,12,87,0,0,36,4,40,21,36,54,16,127,0,60,60,187
09/10/2021,LRD,TX,ASW,CE,Federal Contract Tower,15,42,9,10,76,0,0,34,2,36,15,42,43,12,112,0,40,40,152
09/11/2021,LRD,TX,ASW,CE,Federal Contract Tower,13,16,13,4,46,0,4,40,1,45,13,20,53,5,91,0,0,0,91
09/12/2021,LRD,TX,ASW,CE,Federal Contract Tower,7,26,16,3,52,0,5,13,2,20,7,31,29,5,72,0,6,6,78
09/13/2021,LRD,TX,ASW,CE,Federal Contract Tower,12,32,21,0,65,0,2,23,2,27,12,34,44,2,92,0,30,30,122
09/14/2021,LRD,TX,ASW,CE,Federal Contract Tower,15,46,36,12,109,0,2,24,2,28,15,48,60,14,137,0,90,90,227
09/15/2021,LRD,TX,ASW,CE,Federal Contract Tower,23,33,22,19,97,0,0,27,4,31,23,33,49,23,128,26,284,310,438
09/16/2021,LRD,TX,ASW,CE,Federal Contract Tower,18,45,14,7,84,0,0,47,2,49,18,45,61,9,133,40,100,140,273
09/17/2021,LRD,TX,ASW,CE,Federal Contract Tower,11,39,24,8,82,0,0,29,4,33,11,39,53,12,115,18,136,154,269
09/18/2021,LRD,TX,ASW,CE,Federal Contract Tower,15,24,8,4,51,0,0,21,0,21,15,24,29,4,72,0,0,0,72
09/19/2021,LRD,TX,ASW,CE,Federal Contract Tower,21,20,25,2,68,0,0,13,3,16,21,20,38,5,84,0,0,0,84
09/20/2021,LRD,TX,ASW,CE,Federal Contract Tower,17,32,22,9,80,0,0,30,0,30,17,32,52,9,110,0,150,150,260
09/21/2021,LRD,TX,ASW,CE,Federal Contract Tower,30,38,12,4,84,0,0,23,2,25,30,38,35,6,109,10,110,120,229
09/22/2021,LRD,TX,ASW,CE,Federal Contract Tower,34,48,17,4,103,0,0,23,2,25,34,48,40,6,128,0,6,6,134
09/23/2021,LRD,TX,ASW,CE,Federal Contract Tower,29,50,12,10,101,0,0,32,2,34,29,50,44,12,135,0,180,180,315
09/24/2021,LRD,TX,ASW,CE,Federal Contract Tower,19,38,18,11,86,0,0,22,5,27,19,38,40,16,113,6,140,146,259
09/25/2021,LRD,TX,ASW,CE,Federal Contract Tower,20,26,15,0,61,0,0,21,2,23,20,26,36,2,84,0,0,0,84
09/26/2021,LRD,TX,ASW,CE,Federal Contract Tower,22,17,11,0,50,0,0,14,1,15,22,17,25,1,65,4,0,4,69
09/27/2021,LRD,TX,ASW,CE,Federal Contract Tower,31,31,23,26,111,0,0,25,5,30,31,31,48,31,141,0,52,52,193
09/28/2021,LRD,TX,ASW,CE,Federal Contract Tower,27,39,24,6,96,0,0,35,9,44,27,39,59,15,140,8,56,64,204
09/29/2021,LRD,TX,ASW,CE,Federal Contract Tower,30,33,35,7,105,0,0,18,0,18,30,33,53,7,123,0,22,22,145
09/30/2021,LRD,TX,ASW,CE,Federal Contract Tower,25,40,22,15,102,0,1,27,2,30,25,41,49,17,132,0,44,44,176
10/01/2021,LRD,TX,ASW,CE,Federal Contract Tower,23,33,28,16,100,0,0,26,1,27,23,33,54,17,127,0,20,20,147
10/02/2021,LRD,TX,ASW,CE,Federal Contract Tower,13,23,10,6,52,0,0,22,1,23,13,23,32,7,75,0,0,0,75
10/03/2021,LRD,TX,ASW,CE,Federal Contract Tower,14,17,18,6,55,0,0,21,1,22,14,17,39,7,77,0,0,0,77
10/04/2021,LRD,TX,ASW,CE,Federal Contract Tower,26,35,18,6,85,0,0,20,5,25,26,35,38,11,110,0,24,24,134
10/05/2021,LRD,TX,ASW,CE,Federal Contract Tower,32,34,10,4,80,0,2,53,4,59,32,36,63,8,139,0,26,26,165
10/06/2021,LRD,TX,ASW,CE,Federal Contract Tower,26,54,17,22,119,0,1,34,8,43,26,55,51,30,162,16,114,130,292
10/07/2021,LRD,TX,ASW,CE,Federal Contract Tower,28,47,27,13,115,0,2,32,1,35,28,49,59,14,150,8,14,22,172
10/08/2021,LRD,TX,ASW,CE,Federal Contract Tower,32,38,22,10,102,0,0,33,6,39,32,38,55,16,141,20,108,128,269
10/09/2021,LRD,TX,ASW,CE,Federal Contract Tower,24,33,6,0,63,0,0,34,6,40,24,33,40,6,103,0,0,0,103
10/10/2021,LRD,TX,ASW,CE,Federal Contract Tower,22,32,14,3,71,0,1,19,5,25,22,33,33,8,96,0,0,0,96
10/11/2021,LRD,TX,ASW,CE,Federal Contract Tower,30,59,51,2,142,0,0,19,3,22,30,59,70,5,164,0,0,0,164
10/12/2021,LRD,TX,ASW,CE,Federal Contract Tower,27,56,19,4,106,0,5,21,0,26,27,61,40,4,132,0,24,24,156
10/13/2021,LRD,TX,ASW,CE,Federal Contract Tower,28,41,24,5,98,0,2,25,1,28,28,43,49,6,126,16,4,20,146
10/14/2021,LRD,TX,ASW,CE,Federal Contract Tower,33,46,33,21,133,0,0,33,2,35,33,46,66,23,168,14,2,16,184
10/15/2021,LRD,TX,ASW,CE,Federal Contract Tower,26,48,23,0,97,0,0,19,1,20,26,48,42,1,117,0,0,0,117
10/16/2021,LRD,TX,ASW,CE,Federal Contract Tower,23,30,16,6,75,0,0,21,0,21,23,30,37,6,96,0,20,20,116
10/17/2021,LRD,TX,ASW,CE,Federal Contract Tower,25,26,18,0,69,0,6,24,1,31,25,32,42,1,100,0,0,0,100
10/18/2021,LRD,TX,ASW,CE,Federal Contract Tower,18,43,21,23,105,0,1,42,4,47,18,44,63,27,152,0,176,176,328
10/19/2021,LRD,TX,ASW,CE,Federal Contract Tower,31,55,20,22,128,0,0,33,4,37,31,55,53,26,165,8,74,82,247
10/20/2021,LRD,TX,ASW,CE,Federal Contract Tower,34,62,43,24,163,0,0,27,2,29,34,62,70,26,192,3,64,67,259
10/21/2021,LRD,TX,ASW,CE,Federal Contract Tower,35,52,24,16,127,0,1,45,8,54,35,53,69,24,181,0,36,36,217
10/22/2021,LRD,TX,ASW,CE,Federal Contract Tower,24,53,33,9,119,0,0,37,1,38,24,53,70,10,157,0,190,190,347
10/23/2021,LRD,TX,ASW,CE,Federal Contract Tower,23,22,26,0,71,0,0,19,0,19,23,22,45,0,90,2,0,2,92
10/24/2021,LRD,TX,ASW,CE,Federal Contract Tower,24,27,24,4,79,0,0,26,1,27,24,27,50,5,106,4,0,4,110
10/25/2021,LRD,TX,ASW,CE,Federal Contract Tower,24,40,26,9,99,0,3,33,1,37,24,43,59,10,136,0,2,2,138
10/26/2021,LRD,TX,ASW,CE,Federal Contract Tower,30,36,23,20,109,0,1,37,5,43,30,37,60,25,152,12,60,72,224
10/27/2021,LRD,TX,ASW,CE,Federal Contract Tower,29,43,23,0,95,0,6,40,7,53,29,49,63,7,148,0,8,8,156
10/28/2021,LRD,TX,ASW,CE,Federal Contract Tower,34,50,17,12,113,0,1,49,7,57,34,51,66,19,170,8,140,148,318
10/29/2021,LRD,TX,ASW,CE,Federal Contract Tower,19,52,23,22,116,0,0,44,9,53,19,52,67,31,169,24,332,356,525
10/30/2021,LRD,TX,ASW,CE,Federal Contract Tower,21,30,19,0,70,0,0,25,5,30,21,30,44,5,100,20,0,20,120
10/31/2021,LRD,TX,ASW,CE,Federal Contract Tower,23,27,24,0,74,0,0,22,1,23,23,27,46,1,97,0,0,0,97
11/01/2021,LRD,TX,ASW,CE,Federal Contract Tower,20,33,13,19,85,0,0,18,4,22,20,33,31,23,107,0,102,102,209
11/02/2021,LRD,TX,ASW,CE,Federal Contract Tower,17,52,33,38,140,0,0,39,2,41,17,52,72,40,181,24,254,278,459
11/03/2021,LRD,TX,ASW,CE,Federal Contract Tower,25,70,26,21,142,0,1,18,3,22,25,71,44,24,164,0,46,46,210
11/04/2021,LRD,TX,ASW,CE,Federal Contract Tower,26,50,34,14,124,0,9,7,0,16,26,59,41,14,140,0,0,0,140
11/05/2021,LRD,TX,ASW,CE,Federal Contract Tower,22,44,26,16,108,0,5,16,5,26,22,49,42,21,134,0,22,22,156
11/06/2021,LRD,TX,ASW,CE,Federal Contract Tower,26,37,9,0,72,0,1,30,2,33,26,38,39,2,105,4,0,4,109
11/07/2021,LRD,TX,ASW,CE,Federal Contract Tower,29,32,27,10,98,0,6,21,1,28,29,38,48,11,126,8,0,8,134
11/08/2021,LRD,TX,ASW,CE,Federal Contract Tower,26,51,38,22,137,0,1,29,2,32,26,52,67,24,169,6,38,44,213
11/09/2021,LRD,TX,ASW,CE,Federal Contract Tower,25,60,21,22,128,0,0,16,7,23,25,60,37,29,151,6,70,76,227
11/10/2021,LRD,TX,ASW,CE,Federal Contract Tower,23,50,28,2,103,0,0,32,15,47,23,50,60,17,150,2,20,22,172
11/11/2021,LRD,TX,ASW,CE,Federal Contract Tower,32,41,42,1,116,0,11,39,5,55,32,52,81,6,171,8,0,8,179
11/12/2021,LRD,TX,ASW,CE,Federal Contract Tower,20,45,19,6,90,0,2,31,7,40,20,47,50,13,130,0,0,0,130
11/13/2021,LRD,TX,ASW,CE,Federal Contract Tower,18,37,16,0,71,0,0,26,5,31,18,37,42,5,102,0,0,0,102
11/14/2021,LRD,TX,ASW,CE,Federal Contract Tower,15,32,21,0,68,0,1,34,1,36,15,33,55,1,104,10,0,10,114
11/15/2021,LRD,TX,ASW,CE,Federal Contract Tower,20,41,8,11,80,0,0,22,2,24,20,41,30,13,104,0,24,24,128
11/16/2021,LRD,TX,ASW,CE,Federal Contract Tower,29,47,19,27,122,0,0,40,4,44,29,47,59,31,166,0,70,70,236
11/17/2021,LRD,TX,ASW,CE,Federal Contract Tower,32,47,30,16,125,0,0,38,3,41,32,47,68,19,166,0,138,138,304
11/18/2021,LRD,TX,ASW,CE,Federal Contract Tower,39,44,21,18,122,0,3,23,1,27,39,47,44,19,149,0,0,0,149
11/19/2021,LRD,TX,ASW,CE,Federal Contract Tower,31,51,36,2,120,0,1,47,6,54,31,52,83,8,174,14,0,14,188
11/20/2021,LRD,TX,ASW,CE,Federal Contract Tower,24,44,28,0,96,0,0,29,8,37,24,44,57,8,133,18,16,34,167
11/21/2021,LRD,TX,ASW,CE,Federal Contract Tower,14,28,23,9,74,0,0,17,2,19,14,28,40,11,93,0,0,0,93
11/22/2021,LRD,TX,ASW,CE,Federal Contract Tower,27,60,23,10,120,0,0,25,8,33,27,60,48,18,153,0,0,0,153
11/23/2021,LRD,TX,ASW,CE,Federal Contract Tower,27,50,25,5,107,0,2,29,6,37,27,52,54,11,144,0,0,0,144
11/24/2021,LRD,TX,ASW,CE,Federal Contract Tower,23,56,13,0,92,0,5,18,2,25,23,61,31,2,117,0,0,0,117
11/25/2021,LRD,TX,ASW,CE,Federal Contract Tower,16,33,4,0,53,0,6,12,0,18,16,39,16,0,71,0,0,0,71
11/26/2021,LRD,TX,ASW,CE,Federal Contract Tower,16,30,9,0,55,0,0,23,3,26,16,30,32,3,81,0,0,0,81
11/27/2021,LRD,TX,ASW,CE,Federal Contract Tower,19,30,20,0,69,0,0,14,0,14,19,30,34,0,83,0,0,0,83
11/28/2021,LRD,TX,ASW,CE,Federal Contract Tower,14,36,35,10,95,0,0,24,1,25,14,36,59,11,120,0,4,4,124
11/29/2021,LRD,TX,ASW,CE,Federal Contract Tower,20,50,44,14,128,0,0,35,5,40,20,50,79,19,168,0,28,28,196
11/30/2021,LRD,TX,ASW,CE,Federal Contract Tower,23,49,25,18,115,0,3,33,8,44,23,52,58,26,159,14,4,18,177
12/01/2021,LRD,TX,ASW,CE,Federal Contract Tower,22,58,16,20,116,0,6,35,9,50,22,64,51,29,166,8,66,74,240
12/02/2021,LRD,TX,ASW,CE,Federal Contract Tower,33,46,28,9,116,0,1,34,12,47,33,47,62,21,163,0,50,50,213
12/03/2021,LRD,TX,ASW,CE,Federal Contract Tower,22,56,23,24,125,0,8,36,4,48,22,64,59,28,173,0,68,68,241
12/04/2021,LRD,TX,ASW,CE,Federal Contract Tower,22,26,34,2,84,0,9,29,6,44,22,35,63,8,128,0,0,0,128
12/05/2021,LRD,TX,ASW,CE,Federal Contract Tower,17,32,29,4,82,0,0,19,3,22,17,32,48,7,104,0,0,0,104
12/06/2021,LRD,TX,ASW,CE,Federal Contract Tower,22,46,23,10,101,0,7,21,3,31,22,53,44,13,132,0,0,0,132
12/07/2021,LRD,TX,ASW,CE,Federal Contract Tower,26,56,26,13,121,0,0,35,7,42,26,56,61,20,163,12,140,152,315
12/08/2021,LRD,TX,ASW,CE,Federal Contract Tower,19,62,30,14,125,0,6,20,5,31,19,68,50,19,156,0,98,98,254
12/09/2021,LRD,TX,ASW,CE,Federal Contract Tower,34,43,37,17,131,0,2,41,3,46,34,45,78,20,177,18,78,96,273
12/10/2021,LRD,TX,ASW,CE,Federal Contract Tower,22,46,48,18,134,0,8,42,4,54,22,54,90,22,188,0,32,32,220
12/11/2021,LRD,TX,ASW,CE,Federal Contract Tower,32,31,24,0,87,1,13,26,0,40,33,44,50,0,127,0,0,0,127
12/12/2021,LRD,TX,ASW,CE,Federal Contract Tower,25,33,27,0,85,0,0,28,1,29,25,33,55,1,114,8,0,8,122
12/13/2021,LRD,TX,ASW,CE,Federal Contract Tower,20,42,18,12,92,0,1,21,2,24,20,43,39,14,116,0,0,0,116
12/14/2021,LRD,TX,ASW,CE,Federal Contract Tower,32,37,34,5,108,0,0,36,5,41,32,37,70,10,149,0,10,10,159
12/15/2021,LRD,TX,ASW,CE,Federal Contract Tower,39,59,40,38,176,0,4,17,8,29,39,63,57,46,205,0,150,150,355
12/16/2021,LRD,TX,ASW,CE,Federal Contract Tower,45,63,33,21,162,0,0,29,5,34,45,63,62,26,196,0,52,52,248
12/17/2021,LRD,TX,ASW,CE,Federal Contract Tower,35,63,23,1,122,0,0,17,4,21,35,63,40,5,143,0,0,0,143
12/18/2021,LRD,TX,ASW,CE,Federal Contract Tower,30,51,25,1,107,0,0,13,0,13,30,51,38,1,120,0,0,0,120
12/19/2021,LRD,TX,ASW,CE,Federal Contract Tower,30,50,23,0,103,0,0,8,0,8,30,50,31,0,111,0,0,0,111
12/20/2021,LRD,TX,ASW,CE,Federal Contract Tower,23,60,31,8,122,0,1,24,5,30,23,61,55,13,152,0,0,0,152
12/21/2021,LRD,TX,ASW,CE,Federal Contract Tower,32,72,26,5,135,0,4,33,4,41,32,76,59,9,176,0,128,128,304
12/22/2021,LRD,TX,ASW,CE,Federal Contract Tower,34,52,15,7,108,0,0,36,3,39,34,52,51,10,147,10,78,88,235
12/23/2021,LRD,TX,ASW,CE,Federal Contract Tower,29,39,30,0,98,0,0,26,7,33,29,39,56,7,131,12,4,16,147
12/24/2021,LRD,TX,ASW,CE,Federal Contract Tower,15,18,5,1,39,0,8,23,4,35,15,26,28,5,74,0,0,0,74
12/25/2021,LRD,TX,ASW,CE,Federal Contract Tower,3,22,5,0,30,0,16,12,0,28,3,38,17,0,58,0,0,0,58
12/26/2021,LRD,TX,ASW,CE,Federal Contract Tower,9,33,29,2,73,0,2,22,1,25,9,35,51,3,98,0,0,0,98
12/27/2021,LRD,TX,ASW,CE,Federal Contract Tower,11,27,24,0,62,0,5,30,3,38,11,32,54,3,100,2,0,2,102
12/28/2021,LRD,TX,ASW,CE,Federal Contract Tower,18,30,21,0,69,0,0,28,1,29,18,30,49,1,98,0,0,0,98
12/29/2021,LRD,TX,ASW,CE,Federal Contract Tower,22,31,18,2,73,0,4,15,1,20,22,35,33,3,93,0,0,0,93
12/30/2021,LRD,TX,ASW,CE,Federal Contract Tower,23,28,25,0,76,0,0,27,1,28,23,28,52,1,104,0,0,0,104
12/31/2021,LRD,TX,ASW,CE,Federal Contract Tower,14,21,14,0,49,0,8,19,1,28,14,29,33,1,77,16,0,16,93
01/01/2022,LRD,TX,ASW,CE,Federal Contract Tower,4,12,19,0,35,0,3,17,1,21,4,15,36,1,56,0,0,0,56
01/02/2022,LRD,TX,ASW,CE,Federal Contract Tower,7,13,23,0,43,0,0,12,0,12,7,13,35,0,55,0,0,0,55
01/03/2022,LRD,TX,ASW,CE,Federal Contract Tower,10,27,27,0,64,0,0,26,2,28,10,27,53,2,92,0,0,0,92
01/04/2022,LRD,TX,ASW,CE,Federal Contract Tower,21,31,17,5,74,0,9,29,3,41,21,40,46,8,115,0,0,0,115
01/05/2022,LRD,TX,ASW,CE,Federal Contract Tower,26,32,33,12,103,0,0,24,2,26,26,32,57,14,129,0,28,28,157
01/06/2022,LRD,TX,ASW,CE,Federal Contract Tower,34,33,16,6,89,0,1,23,11,35,34,34,39,17,124,0,34,34,158
01/07/2022,LRD,TX,ASW,CE,Federal Contract Tower,28,44,16,2,90,0,1,10,2,13,28,45,26,4,103,0,20,20,123
01/08/2022,LRD,TX,ASW,CE,Federal Contract Tower,17,20,21,0,58,0,0,8,2,10,17,20,29,2,68,0,1,1,69
01/09/2022,LRD,TX,ASW,CE,Federal Contract Tower,21,26,17,4,68,0,9,13,1,23,21,35,30,5,91,0,0,0,91
01/10/2022,LRD,TX,ASW,CE,Federal Contract Tower,22,37,16,13,88,0,0,33,1,34,22,37,49,14,122,0,52,52,174
01/11/2022,LRD,TX,ASW,CE,Federal Contract Tower,36,35,32,17,120,0,0,14,3,17,36,35,46,20,137,0,142,142,279
01/12/2022,LRD,TX,ASW,CE,Federal Contract Tower,27,35,17,5,84,0,4,28,3,35,27,39,45,8,119,0,44,44,163
01/13/2022,LRD,TX,ASW,CE,Federal Contract Tower,33,40,42,7,122,0,1,23,7,31,33,41,65,14,153,0,22,22,175
01/14/2022,LRD,TX,ASW,CE,Federal Contract Tower,23,42,21,15,101,0,1,37,3,41,23,43,58,18,142,0,74,74,216
01/15/2022,LRD,TX,ASW,CE,Federal Contract Tower,13,29,2,0,44,0,0,17,0,17,13,29,19,0,61,0,0,0,61
01/16/2022,LRD,TX,ASW,CE,Federal Contract Tower,5,28,28,2,63,0,1,27,1,29,5,29,55,3,92,14,0,14,106
01/17/2022,LRD,TX,ASW,CE,Federal Contract Tower,18,33,34,0,85,0,7,24,2,33,18,40,58,2,118,0,0,0,118
01/18/2022,LRD,TX,ASW,CE,Federal Contract Tower,37,43,19,26,125,0,0,29,4,33,37,43,48,30,158,0,98,98,256
01/19/2022,LRD,TX,ASW,CE,Federal Contract Tower,36,46,21,9,112,0,1,27,3,31,36,47,48,12,143,0,40,40,183
01/20/2022,LRD,TX,ASW,CE,Federal Contract Tower,36,33,32,2,103,0,0,14,2,16,36,33,46,4,119,0,10,10,129
01/21/2022,LRD,TX,ASW,CE,Federal Contract Tower,24,42,14,2,82,0,10,13,4,27,24,52,27,6,109,0,0,0,109
01/22/2022,LRD,TX,ASW,CE,Federal Contract Tower,20,27,12,4,63,0,2,17,1,20,20,29,29,5,83,0,0,0,83
01/23/2022,LRD,TX,ASW,CE,Federal Contract Tower,8,27,28,6,69,0,0,25,0,25,8,27,53,6,94,6,0,6,100
01/24/2022,LRD,TX,ASW,CE,Federal Contract Tower,19,33,14,10,76,0,0,8,1,9,19,33,22,11,85,0,0,0,85
01/25/2022,LRD,TX,ASW,CE,Federal Contract Tower,31,48,20,21,120,0,2,19,1,22,31,50,39,22,142,18,28,46,188
01/26/2022,LRD,TX,ASW,CE,Federal Contract Tower,31,32,20,10,93,0,0,22,6,28,31,32,42,16,121,20,96,116,237
01/27/2022,LRD,TX,ASW,CE,Federal Contract Tower,37,57,27,1,122,0,0,17,1,18,37,57,44,2,140,0,12,12,152
01/28/2022,LRD,TX,ASW,CE,Federal Contract Tower,32,41,19,3,95,0,9,25,1,35,32,50,44,4,130,0,0,0,130
01/29/2022,LRD,TX,ASW,CE,Federal Contract Tower,32,25,14,0,71,0,0,33,3,36,32,25,47,3,107,22,14,36,143
01/30/2022,LRD,TX,ASW,CE,Federal Contract Tower,26,28,18,2,74,0,0,20,1,21,26,28,38,3,95,14,0,14,109
01/31/2022,LRD,TX,ASW,CE,Federal Contract Tower,34,38,11,20,103,0,0,25,6,31,34,38,36,26,134,0,110,110,244
02/01/2022,LRD,TX,ASW,CE,Federal Contract Tower,31,54,24,19,128,0,4,30,4,38,31,58,54,23,166,6,108,114,280
02/02/2022,LRD,TX,ASW,CE,Federal Contract Tower,34,50,22,14,120,0,0,15,7,22,34,50,37,21,142,0,16,16,158
02/03/2022,LRD,TX,ASW,CE,Federal Contract Tower,22,33,18,2,75,0,0,15,6,21,22,33,33,8,96,0,6,6,102
02/04/2022,LRD,TX,ASW,CE,Federal Contract Tower,30,43,22,3,98,0,6,32,4,42,30,49,54,7,140,12,40,52,192
02/05/2022,LRD,TX,ASW,CE,Federal Contract Tower,25,26,8,0,59,0,0,42,3,45,25,26,50,3,104,16,4,20,124
02/06/2022,LRD,TX,ASW,CE,Federal Contract Tower,27,35,16,2,80,0,0,30,3,33,27,35,46,5,113,30,20,50,163
02/07/2022,LRD,TX,ASW,CE,Federal Contract Tower,20,40,21,7,88,0,1,32,6,39,20,41,53,13,127,0,54,54,181
02/08/2022,LRD,TX,ASW,CE,Federal Contract Tower,47,50,26,6,129,0,0,42,4,46,47,50,68,10,175,26,28,54,229
02/09/2022,LRD,TX,ASW,CE,Federal Contract Tower,33,51,32,6,122,0,1,37,3,41,33,52,69,9,163,34,0,34,197
02/10/2022,LRD,TX,ASW,CE,Federal Contract Tower,30,44,33,8,115,0,1,46,8,55,30,45,79,16,170,6,56,62,232
02/11/2022,LRD,TX,ASW,CE,Federal Contract Tower,26,35,22,14,97,0,0,30,8,38,26,35,52,22,135,0,116,116,251
02/12/2022,LRD,TX,ASW,CE,Federal Contract Tower,25,23,13,0,61,0,3,14,1,18,25,26,27,1,79,8,0,8,87
02/13/2022,LRD,TX,ASW,CE,Federal Contract Tower,24,25,14,6,69,0,1,28,1,30,24,26,42,7,99,0,0,0,99
02/14/2022,LRD,TX,ASW,CE,Federal Contract Tower,26,27,27,15,95,0,5,24,4,33,26,32,51,19,128,0,16,16,144
02/15/2022,LRD,TX,ASW,CE,Federal Contract Tower,33,32,24,22,111,0,2,31,4,37,33,34,55,26,148,0,174,174,322
02/16/2022,LRD,TX,ASW,CE,Federal Contract Tower,31,35,31,23,120,0,6,30,10,46,31,41,61,33,166,20,196,216,382
02/17/2022,LRD,TX,ASW,CE,Federal Contract Tower,21,41,30,14,106,0,0,24,7,31,21,41,54,21,137,0,94,94,231
02/18/2022,LRD,TX,ASW,CE,Federal Contract Tower,33,26,26,10,95,0,3,34,3,40,33,29,60,13,135,2,68,70,205
02/19/2022,LRD,TX,ASW,CE,Federal Contract Tower,24,27,8,2,61,0,0,24,1,25,24,27,32,3,86,18,0,18,104
02/20/2022,LRD,TX,ASW,CE,Federal Contract Tower,22,23,20,0,65,0,4,21,2,27,22,27,41,2,92,0,0,0,92
02/21/2022,LRD,TX,ASW,CE,Federal Contract Tower,27,34,29,0,90,0,0,22,4,26,27,34,51,4,116,0,0,0,116
02/22/2022,LRD,TX,ASW,CE,Federal Contract Tower,34,45,22,7,108,0,1,34,4,39,34,46,56,11,147,64,0,64,211
02/23/2022,LRD,TX,ASW,CE,Federal Contract Tower,31,34,32,8,105,0,0,6,2,8,31,34,38,10,113,0,22,22,135
02/24/2022,LRD,TX,ASW,CE,Federal Contract Tower,34,36,19,13,102,0,0,12,0,12,34,36,31,13,114,0,0,0,114
02/25/2022,LRD,TX,ASW,CE,Federal Contract Tower,20,50,23,3,96,0,0,7,0,7,20,50,30,3,103,0,0,0,103
02/26/2022,LRD,TX,ASW,CE,Federal Contract Tower,20,22,10,0,52,0,1,8,0,9,20,23,18,0,61,14,0,14,75
02/27/2022,LRD,TX,ASW,CE,Federal Contract Tower,22,18,8,1,49,0,0,11,2,13,22,18,19,3,62,0,0,0,62
02/28/2022,LRD,TX,ASW,CE,Federal Contract Tower,21,36,16,7,80,0,0,31,4,35,21,36,47,11,115,0,0,0,115
03/01/2022,LRD,TX,ASW,CE,Federal Contract Tower,30,53,23,4,110,0,0,35,4,39,30,53,58,8,149,26,0,26,175
03/02/2022,LRD,TX,ASW,CE,Federal Contract Tower,35,27,36,14,112,0,1,43,6,50,35,28,79,20,162,74,30,104,266
03/03/2022,LRD,TX,ASW,CE,Federal Contract Tower,41,37,26,4,108,0,0,15,7,22,41,37,41,11,130,0,30,30,160
03/04/2022,LRD,TX,ASW,CE,Federal Contract Tower,30,33,29,12,104,0,2,28,4,34,30,35,57,16,138,0,104,104,242
03/05/2022,LRD,TX,ASW,CE,Federal Contract Tower,16,28,10,0,54,0,2,27,0,29,16,30,37,0,83,14,0,14,97
03/06/2022,LRD,TX,ASW,CE,Federal Contract Tower,32,27,15,9,83,0,4,15,2,21,32,31,30,11,104,0,0,0,104
03/07/2022,LRD,TX,ASW,CE,Federal Contract Tower,22,22,20,16,80,0,1,33,2,36,22,23,53,18,116,0,32,32,148
03/08/2022,LRD,TX,ASW,CE,Federal Contract Tower,33,33,28,32,126,0,0,26,6,32,33,33,54,38,158,18,124,142,300
03/09/2022,LRD,TX,ASW,CE,Federal Contract Tower,26,39,36,20,121,0,6,32,4,42,26,45,68,24,163,0,10,10,173
03/10/2022,LRD,TX,ASW,CE,Federal Contract Tower,36,46,28,10,120,0,3,32,2,37,36,49,60,12,157,0,58,58,215
03/11/2022,LRD,TX,ASW,CE,Federal Contract Tower,27,39,47,13,126,0,0,19,2,21,27,39,66,15,147,0,10,10,157
03/12/2022,LRD,TX,ASW,CE,Federal Contract Tower,19,40,25,3,87,0,6,30,9,45,19,46,55,12,132,8,8,16,148
03/13/2022,LRD,TX,ASW,CE,Federal Contract Tower,23,17,19,2,61,0,0,21,1,22,23,17,40,3,83,0,0,0,83
03/14/2022,LRD,TX,ASW,CE,Federal Contract Tower,33,41,15,30,119,0,0,21,2,23,33,41,36,32,142,18,152,170,312
03/15/2022,LRD,TX,ASW,CE,Federal Contract Tower,38,36,25,17,116,0,0,37,3,40,38,36,62,20,156,24,96,120,276
03/16/2022,LRD,TX,ASW,CE,Federal Contract Tower,36,39,21,6,102,0,2,24,6,32,36,41,45,12,134,0,18,18,152
03/17/2022,LRD,TX,ASW,CE,Federal Contract Tower,48,49,20,27,144,0,0,22,10,32,48,49,42,37,176,0,18,18,194
03/18/2022,LRD,TX,ASW,CE,Federal Contract Tower,30,42,33,2,107,0,1,17,6,24,30,43,50,8,131,0,0,0,131
03/19/2022,LRD,TX,ASW,CE,Federal Contract Tower,29,33,33,0,95,0,10,26,1,37,29,43,59,1,132,26,0,26,158
03/20/2022,LRD,TX,ASW,CE,Federal Contract Tower,19,24,36,2,81,1,6,32,1,40,20,30,68,3,121,0,0,0,121
03/21/2022,LRD,TX,ASW,CE,Federal Contract Tower,27,30,13,35,105,0,0,21,1,22,27,30,34,36,127,0,8,8,135
03/22/2022,LRD,TX,ASW,CE,Federal Contract Tower,32,32,27,2,93,0,3,36,3,42,32,35,63,5,135,0,16,16,151
03/23/2022,LRD,TX,ASW,CE,Federal Contract Tower,47,35,37,12,131,0,0,37,8,45,47,35,74,20,176,16,112,128,304
03/24/2022,LRD,TX,ASW,CE,Federal Contract Tower,41,47,26,11,125,0,2,29,4,35,41,49,55,15,160,0,18,18,178
03/25/2022,LRD,TX,ASW,CE,Federal Contract Tower,27,39,22,10,98,0,6,26,4,36,27,45,48,14,134,0,44,44,178
03/26/2022,LRD,TX,ASW,CE,Federal Contract Tower,33,24,15,0,72,0,0,27,2,29,33,24,42,2,101,4,0,4,105
03/27/2022,LRD,TX,ASW,CE,Federal Contract Tower,35,23,36,6,100,0,0,26,1,27,35,23,62,7,127,6,0,6,133
03/28/2022,LRD,TX,ASW,CE,Federal Contract Tower,33,32,13,2,80,0,1,35,2,38,33,33,48,4,118,6,18,24,142
03/29/2022,LRD,TX,ASW,CE,Federal Contract Tower,30,39,16,31,116,0,0,8,6,14,30,39,24,37,130,0,68,68,198
03/30/2022,LRD,TX,ASW,CE,Federal Contract Tower,39,46,22,5,112,0,0,23,6,29,39,46,45,11,141,0,24,24,165
03/31/2022,LRD,TX,ASW,CE,Federal Contract Tower,46,39,36,11,132,0,7,36,10,53,46,46,72,21,185,0,28,28,213
04/01/2022,LRD,TX,ASW,CE,Federal Contract Tower,28,21,35,8,92,0,0,28,11,39,28,21,63,19,131,0,0,0,131
04/02/2022,LRD,TX,ASW,CE,Federal Contract Tower,22,15,15,14,66,0,5,18,5,28,22,20,33,19,94,0,10,10,104
04/03/2022,LRD,TX,ASW,CE,Federal Contract Tower,34,24,15,0,73,2,2,12,3,19,36,26,27,3,92,0,0,0,92
04/04/2022,LRD,TX,ASW,CE,Federal Contract Tower,39,26,18,13,96,2,0,13,1,16,41,26,31,14,112,0,38,38,150
04/05/2022,LRD,TX,ASW,CE,Federal Contract Tower,32,54,26,26,138,6,0,22,8,36,38,54,48,34,174,20,90,110,284
04/06/2022,LRD,TX,ASW,CE,Federal Contract Tower,42,46,22,6,116,6,0,29,6,41,48,46,51,12,157,0,0,0,157
04/07/2022,LRD,TX,ASW,CE,Federal Contract Tower,50,38,38,14,140,2,0,20,9,31,52,38,58,23,171,0,64,64,235
04/08/2022,LRD,TX,ASW,CE,Federal Contract Tower,38,41,30,11,120,2,6,39,6,53,40,47,69,17,173,40,12,52,225
04/09/2022,LRD,TX,ASW,CE,Federal Contract Tower,24,28,11,0,63,0,5,20,2,27,24,33,31,2,90,4,0,4,94
04/10/2022,LRD,TX,ASW,CE,Federal Contract Tower,27,21,23,2,73,0,0,14,2,16,27,21,37,4,89,10,0,10,99
04/11/2022,LRD,TX,ASW,CE,Federal Contract Tower,32,47,22,11,112,0,6,27,3,36,32,53,49,14,148,8,36,44,192
04/12/2022,LRD,TX,ASW,CE,Federal Contract Tower,27,50,26,24,127,0,0,23,6,29,27,50,49,30,156,32,54,86,242
04/13/2022,LRD,TX,ASW,CE,Federal Contract Tower,39,52,26,15,132,0,1,33,3,37,39,53,59,18,169,0,34,34,203
04/14/2022,LRD,TX,ASW,CE,Federal Contract Tower,37,37,22,0,96,0,5,35,4,44,37,42,57,4,140,34,0,34,174
04/15/2022,LRD,TX,ASW,CE,Federal Contract Tower,18,18,12,13,61,0,1,26,5,32,18,19,38,18,93,10,56,66,159
04/16/2022,LRD,TX,ASW,CE,Federal Contract Tower,23,14,1,0,38,0,5,14,2,21,23,19,15,2,59,0,0,0,59
04/17/2022,LRD,TX,ASW,CE,Federal Contract Tower,19,16,23,0,58,0,1,12,0,13,19,17,35,0,71,0,0,0,71
04/18/2022,LRD,TX,ASW,CE,Federal Contract Tower,33,32,21,2,88,0,0,37,10,47,33,32,58,12,135,0,8,8,143
04/19/2022,LRD,TX,ASW,CE,Federal Contract Tower,37,48,15,11,111,0,1,21,3,25,37,49,36,14,136,12,10,22,158
04/20/2022,LRD,TX,ASW,CE,Federal Contract Tower,36,42,33,2,113,0,8,35,3,46,36,50,68,5,159,8,30,38,197
04/21/2022,LRD,TX,ASW,CE,Federal Contract Tower,40,38,36,9,123,0,5,22,5,32,40,43,58,14,155,18,0,18,173
04/22/2022,LRD,TX,ASW,CE,Federal Contract Tower,36,32,28,8,104,0,0,20,8,28,36,32,48,16,132,0,40,40,172
04/23/2022,LRD,TX,ASW,CE,Federal Contract Tower,28,23,14,0,65,0,2,14,2,18,28,25,28,2,83,0,0,0,83
04/24/2022,LRD,TX,ASW,CE,Federal Contract Tower,24,34,18,0,76,0,3,9,0,12,24,37,27,0,88,0,0,0,88
04/25/2022,LRD,TX,ASW,CE,Federal Contract Tower,30,22,23,0,75,0,0,13,0,13,30,22,36,0,88,0,0,0,88
04/26/2022,LRD,TX,ASW,CE,Federal Contract Tower,34,36,17,4,91,0,0,16,0,16,34,36,33,4,107,0,0,0,107
04/27/2022,LRD,TX,ASW,CE,Federal Contract Tower,29,67,33,2,131,0,4,19,8,31,29,71,52,10,162,0,4,4,166
04/28/2022,LRD,TX,ASW,CE,Federal Contract Tower,36,36,25,10,107,0,5,35,6,46,36,41,60,16,153,16,36,52,205
04/29/2022,LRD,TX,ASW,CE,Federal Contract Tower,30,27,20,4,81,0,0,20,4,24,30,27,40,8,105,0,12,12,117
04/30/2022,LRD,TX,ASW,CE,Federal Contract Tower,32,26,9,0,67,0,7,15,2,24,32,33,24,2,91,0,0,0,91
05/01/2022,LRD,TX,ASW,CE,Federal Contract Tower,29,23,28,2,82,0,2,18,1,21,29,25,46,3,103,0,0,0,103
05/02/2022,LRD,TX,ASW,CE,Federal Contract Tower,27,33,33,1,94,0,5,24,3,32,27,38,57,4,126,0,16,16,142
05/03/2022,LRD,TX,ASW,CE,Federal Contract Tower,39,47,20,13,119,0,1,30,12,43,39,48,50,25,162,10,30,40,202
05/04/2022,LRD,TX,ASW,CE,Federal Contract Tower,46,50,33,15,144,0,1,28,5,34,46,51,61,20,178,10,10,20,198
05/05/2022,LRD,TX,ASW,CE,Federal Contract Tower,44,45,24,3,116,0,2,20,3,25,44,47,44,6,141,0,6,6,147
05/06/2022,LRD,TX,ASW,CE,Federal Contract Tower,35,36,24,3,98,0,6,35,6,47,35,42,59,9,145,14,26,40,185
05/07/2022,LRD,TX,ASW,CE,Federal Contract Tower,39,19,5,0,63,0,6,26,2,34,39,25,31,2,97,0,0,0,97
05/08/2022,LRD,TX,ASW,CE,Federal Contract Tower,26,23,12,4,65,0,0,24,2,26,26,23,36,6,91,0,0,0,91
05/09/2022,LRD,TX,ASW,CE,Federal Contract Tower,31,27,16,3,77,0,3,30,4,37,31,30,46,7,114,0,0,0,114
05/10/2022,LRD,TX,ASW,CE,Federal Contract Tower,35,24,14,7,80,0,2,27,4,33,35,26,41,11,113,18,2,20,133
05/11/2022,LRD,TX,ASW,CE,Federal Contract Tower,33,47,20,3,103,0,6,32,17,55,33,53,52,20,158,0,10,10,168
05/12/2022,LRD,TX,ASW,CE,Federal Contract Tower,42,37,23,7,109,0,0,25,10,35,42,37,48,17,144,12,84,96,240
05/13/2022,LRD,TX,ASW,CE,Federal Contract Tower,29,33,23,2,87,0,0,37,3,40,29,33,60,5,127,0,0,0,127
05/14/2022,LRD,TX,ASW,CE,Federal Contract Tower,23,19,9,0,51,0,0,21,2,23,23,19,30,2,74,0,0,0,74
05/15/2022,LRD,TX,ASW,CE,Federal Contract Tower,18,19,12,0,49,0,0,34,2,36,18,19,46,2,85,12,0,12,97
05/16/2022,LRD,TX,ASW,CE,Federal Contract Tower,33,40,17,0,90,0,6,29,2,37,33,46,46,2,127,8,0,8,135
05/17/2022,LRD,TX,ASW,CE,Federal Contract Tower,31,36,21,2,90,0,7,39,9,55,31,43,60,11,145,8,4,12,157
05/18/2022,LRD,TX,ASW,CE,Federal Contract Tower,31,45,34,23,133,1,0,28,13,42,32,45,62,36,175,8,10,18,193
05/19/2022,LRD,TX,ASW,CE,Federal Contract Tower,47,35,25,23,130,2,3,23,15,43,49,38,48,38,173,14,84,98,271
05/20/2022,LRD,TX,ASW,CE,Federal Contract Tower,44,28,21,17,110,3,0,23,11,37,47,28,44,28,147,0,98,98,245
05/21/2022,LRD,TX,ASW,CE,Federal Contract Tower,36,16,8,0,60,3,1,12,1,17,39,17,20,1,77,14,0,14,91
05/22/2022,LRD,TX,ASW,CE,Federal Contract Tower,27,25,17,0,69,0,0,8,2,10,27,25,25,2,79,0,0,0,79
05/23/2022,LRD,TX,ASW,CE,Federal Contract Tower,37,24,10,0,71,0,2,16,0,18,37,26,26,0,89,0,0,0,89
05/24/2022,LRD,TX,ASW,CE,Federal Contract Tower,36,33,16,6,91,3,8,19,2,32,39,41,35,8,123,0,0,0,123
05/25/2022,LRD,TX,ASW,CE,Federal Contract Tower,37,40,16,1,94,0,0,19,13,32,37,40,35,14,126,8,0,8,134
05/26/2022,LRD,TX,ASW,CE,Federal Contract Tower,45,30,20,3,98,0,6,25,8,39,45,36,45,11,137,2,20,22,159
05/27/2022,LRD,TX,ASW,CE,Federal Contract Tower,22,23,16,0,61,0,5,11,2,18,22,28,27,2,79,0,0,0,79
05/28/2022,LRD,TX,ASW,CE,Federal Contract Tower,24,17,10,0,51,0,12,20,1,33,24,29,30,1,84,4,0,4,88
05/29/2022,LRD,TX,ASW,CE,Federal Contract Tower,16,20,8,0,44,0,3,16,0,19,16,23,24,0,63,2,0,2,65
05/30/2022,LRD,TX,ASW,CE,Federal Contract Tower,16,16,25,0,57,0,0,15,2,17,16,16,40,2,74,0,0,0,74
05/31/2022,LRD,TX,ASW,CE,Federal Contract Tower,22,30,22,8,82,0,0,39,7,46,22,30,61,15,128,8,25,33,161
06/01/2022,LRD,TX,ASW,CE,Federal Contract Tower,31,44,23,2,100,0,2,16,4,22,31,46,39,6,122,10,0,10,132
06/02/2022,LRD,TX,ASW,CE,Federal Contract Tower,36,22,20,32,110,0,2,32,5,39,36,24,52,37,149,0,168,168,317
06/03/2022,LRD,TX,ASW,CE,Federal Contract Tower,27,24,16,11,78,0,0,26,6,32,27,24,42,17,110,0,108,108,218
06/04/2022,LRD,TX,ASW,CE,Federal Contract Tower,20,26,13,6,65,0,2,20,2,24,20,28,33,8,89,0,0,0,89
06/05/2022,LRD,TX,ASW,CE,Federal Contract Tower,17,18,19,0,54,0,0,15,1,16,17,18,34,1,70,0,0,0,70
06/06/2022,LRD,TX,ASW,CE,Federal Contract Tower,44,19,13,6,82,0,3,30,4,37,44,22,43,10,119,0,0,0,119
06/07/2022,LRD,TX,ASW,CE,Federal Contract Tower,36,37,23,12,108,0,1,27,9,37,36,38,50,21,145,0,0,0,145
06/08/2022,LRD,TX,ASW,CE,Federal Contract Tower,39,45,30,13,127,0,0,14,4,18,39,45,44,17,145,0,0,0,145
06/09/2022,LRD,TX,ASW,CE,Federal Contract Tower,36,40,23,9,108,0,1,27,4,32,36,41,50,13,140,0,0,0,140
06/10/2022,LRD,TX,ASW,CE,Federal Contract Tower,25,26,18,5,74,0,0,23,2,25,25,26,41,7,99,2,42,44,143
06/11/2022,LRD,TX,ASW,CE,Federal Contract Tower,25,36,8,0,69,0,5,16,1,22,25,41,24,1,91,0,0,0,91
06/12/2022,LRD,TX,ASW,CE,Federal Contract Tower,23,18,11,0,52,0,6,15,4,25,23,24,26,4,77,0,10,10,87
06/13/2022,LRD,TX,ASW,CE,Federal Contract Tower,28,32,22,2,84,0,1,19,2,22,28,33,41,4,106,22,34,56,162
06/14/2022,LRD,TX,ASW,CE,Federal Contract Tower,35,50,20,10,115,0,2,35,4,41,35,52,55,14,156,0,2,2,158
06/15/2022,LRD,TX,ASW,CE,Federal Contract Tower,41,64,31,8,144,0,1,20,3,24,41,65,51,11,168,0,58,58,226
06/16/2022,LRD,TX,ASW,CE,Federal Contract Tower,36,39,39,16,130,0,2,21,4,27,36,41,60,20,157,0,56,56,213
06/17/2022,LRD,TX,ASW,CE,Federal Contract Tower,25,25,21,0,71,0,2,30,4,36,25,27,51,4,107,8,0,8,115
06/18/2022,LRD,TX,ASW,CE,Federal Contract Tower,22,20,12,0,54,0,2,31,2,35,22,22,43,2,89,0,0,0,89
06/19/2022,LRD,TX,ASW,CE,Federal Contract Tower,16,27,12,0,55,0,5,7,0,12,16,32,19,0,67,0,0,0,67
06/20/2022,LRD,TX,ASW,CE,Federal Contract Tower,27,37,26,0,90,0,6,26,3,35,27,43,52,3,125,0,0,0,125
06/21/2022,LRD,TX,ASW,CE,Federal Contract Tower,27,42,25,11,105,0,0,19,6,25,27,42,44,17,130,0,12,12,142
06/22/2022,LRD,TX,ASW,CE,Federal Contract Tower,21,46,20,3,90,0,1,24,4,29,21,47,44,7,119,3,20,23,142
06/23/2022,LRD,TX,ASW,CE,Federal Contract Tower,38,42,25,4,109,0,0,35,3,38,38,42,60,7,147,20,38,58,205
06/24/2022,LRD,TX,ASW,CE,Federal Contract Tower,28,32,17,4,81,0,0,28,6,34,28,32,45,10,115,4,20,24,139
06/25/2022,LRD,TX,ASW,CE,Federal Contract Tower,25,26,14,0,65,0,0,30,2,32,25,26,44,2,97,0,0,0,97
06/26/2022,LRD,TX,ASW,CE,Federal Contract Tower,17,16,8,2,43,0,3,25,2,30,17,19,33,4,73,10,0,10,83
06/27/2022,LRD,TX,ASW,CE,Federal Contract Tower,29,29,22,27,107,0,2,19,2,23,29,31,41,29,130,0,34,34,164
06/28/2022,LRD,TX,ASW,CE,Federal Contract Tower,31,41,19,9,100,0,11,33,4,48,31,52,52,13,148,3,18,21,169
06/29/2022,LRD,TX,ASW,CE,Federal Contract Tower,33,31,23,20,107,0,7,23,3,33,33,38,46,23,140,16,34,50,190
06/30/2022,LRD,TX,ASW,CE,Federal Contract Tower,30,31,18,13,92,0,3,34,4,41,30,34,52,17,133,1,40,41,174
07/01/2022,LRD,TX,ASW,CE,Federal Contract Tower,19,24,21,6,70,0,1,17,8,26,19,25,38,14,96,0,4,4,100
07/02/2022,LRD,TX,ASW,CE,Federal Contract Tower,16,15,17,0,48,0,0,29,5,34,16,15,46,5,82,0,0,0,82
07/03/2022,LRD,TX,ASW,CE,Federal Contract Tower,8,13,16,0,37,0,0,11,2,13,8,13,27,2,50,6,0,6,56
07/04/2022,LRD,TX,ASW,CE,Federal Contract Tower,7,14,11,0,32,0,4,17,0,21,7,18,28,0,53,16,0,16,69
07/05/2022,LRD,TX,ASW,CE,Federal Contract Tower,14,19,19,4,56,0,0,29,7,36,14,19,48,11,92,0,24,24,116
07/06/2022,LRD,TX,ASW,CE,Federal Contract Tower,22,26,18,3,69,0,9,20,3,32,22,35,38,6,101,0,14,14,115
07/07/2022,LRD,TX,ASW,CE,Federal Contract Tower,33,26,24,8,91,0,0,30,3,33,33,26,54,11,124,0,24,24,148
07/08/2022,LRD,TX,ASW,CE,Federal Contract Tower,19,27,22,3,71,0,6,46,7,59,19,33,68,10,130,0,0,0,130
07/09/2022,LRD,TX,ASW,CE,Federal Contract Tower,16,17,12,2,47,0,6,19,6,31,16,23,31,8,78,6,0,6,84
07/10/2022,LRD,TX,ASW,CE,Federal Contract Tower,12,13,10,0,35,1,0,15,2,18,13,13,25,2,53,6,0,6,59
07/11/2022,LRD,TX,ASW,CE,Federal Contract Tower,20,20,31,0,71,0,5,26,4,35,20,25,57,4,106,0,0,0,106
07/12/2022,LRD,TX,ASW,CE,Federal Contract Tower,22,18,14,10,64,0,4,19,12,35,22,22,33,22,99,0,38,38,137
07/13/2022,LRD,TX,ASW,CE,Federal Contract Tower,20,27,21,1,69,0,2,9,9,20,20,29,30,10,89,0,0,0,89
07/14/2022,LRD,TX,ASW,CE,Federal Contract Tower,30,25,16,29,100,0,3,21,12,36,30,28,37,41,136,0,94,94,230
07/15/2022,LRD,TX,ASW,CE,Federal Contract Tower,21,19,12,7,59,0,0,20,8,28,21,19,32,15,87,0,8,8,95
07/16/2022,LRD,TX,ASW,CE,Federal Contract Tower,12,13,8,0,33,0,3,16,1,20,12,16,24,1,53,0,0,0,53
07/17/2022,LRD,TX,ASW,CE,Federal Contract Tower,18,18,15,0,51,0,0,22,1,23,18,18,37,1,74,12,0,12,86
07/18/2022,LRD,TX,ASW,CE,Federal Contract Tower,16,22,22,12,72,0,6,32,5,43,16,28,54,17,115,0,48,48,163
07/19/2022,LRD,TX,ASW,CE,Federal Contract Tower,24,26,26,8,84,0,4,29,4,37,24,30,55,12,121,2,0,2,123
07/20/2022,LRD,TX,ASW,CE,Federal Contract Tower,26,31,17,7,81,2,0,27,10,39,28,31,44,17,120,0,28,28,148
07/21/2022,LRD,TX,ASW,CE,Federal Contract Tower,27,31,26,14,98,0,0,18,4,22,27,31,44,18,120,0,48,48,168
07/22/2022,LRD,TX,ASW,CE,Federal Contract Tower,16,28,21,10,75,0,11,28,10,49,16,39,49,20,124,0,60,60,184
07/23/2022,LRD,TX,ASW,CE,Federal Contract Tower,20,22,9,0,51,0,3,21,3,27,20,25,30,3,78,0,0,0,78
07/24/2022,LRD,TX,ASW,CE,Federal Contract Tower,20,18,10,0,48,0,0,23,2,25,20,18,33,2,73,0,0,0,73
07/25/2022,LRD,TX,ASW,CE,Federal Contract Tower,26,30,12,0,68,0,18,13,2,33,26,48,25,2,101,0,0,0,101
07/26/2022,LRD,TX,ASW,CE,Federal Contract Tower,24,34,21,9,88,0,10,23,6,39,24,44,44,15,127,0,92,92,219
07/27/2022,LRD,TX,ASW,CE,Federal Contract Tower,25,39,21,8,93,0,1,29,4,34,25,40,50,12,127,0,44,44,171
07/28/2022,LRD,TX,ASW,CE,Federal Contract Tower,25,31,23,5,84,0,1,24,7,32,25,32,47,12,116,0,0,0,116
07/29/2022,LRD,TX,ASW,CE,Federal Contract Tower,23,38,18,6,85,0,4,28,6,38,23,42,46,12,123,0,8,8,131
07/30/2022,LRD,TX,ASW,CE,Federal Contract Tower,24,23,13,0,60,0,1,26,2,29,24,24,39,2,89,0,0,0,89
07/31/2022,LRD,TX,ASW,CE,Federal Contract Tower,15,13,15,0,43,0,9,27,1,37,15,22,42,1,80,14,0,14,94
08/01/2022,LRD,TX,ASW,CE,Federal Contract Tower,23,31,18,4,76,0,7,35,3,45,23,38,53,7,121,10,0,10,131
08/02/2022,LRD,TX,ASW,CE,Federal Contract Tower,25,24,21,2,72,0,0,32,3,35,25,24,53,5,107,24,22,46,153
08/03/2022,LRD,TX,ASW,CE,Federal Contract Tower,25,43,36,8,112,0,0,24,6,30,25,43,60,14,142,0,0,0,142
08/04/2022,LRD,TX,ASW,CE,Federal Contract Tower,34,44,17,17,112,0,0,15,5,20,34,44,32,22,132,0,40,40,172
08/05/2022,LRD,TX,ASW,CE,Federal Contract Tower,27,33,19,4,83,0,7,32,4,43,27,40,51,8,126,0,30,30,156
08/06/2022,LRD,TX,ASW,CE,Federal Contract Tower,23,22,12,10,67,0,3,15,0,18,23,25,27,10,85,0,0,0,85
08/07/2022,LRD,TX,ASW,CE,Federal Contract Tower,17,15,15,0,47,0,1,10,2,13,17,16,25,2,60,0,0,0,60
08/08/2022,LRD,TX,ASW,CE,Federal Contract Tower,23,23,16,7,69,0,0,14,3,17,23,23,30,10,86,0,86,86,172
08/09/2022,LRD,TX,ASW,CE,Federal Contract Tower,34,30,14,5,83,0,1,27,10,38,34,31,41,15,121,0,126,126,247
08/10/2022,LRD,TX,ASW,CE,Federal Contract Tower,35,30,28,22,115,0,5,33,5,43,35,35,61,27,158,0,68,68,226
08/11/2022,LRD,TX,ASW,CE,Federal Contract Tower,41,43,22,6,112,0,0,20,3,23,41,43,42,9,135,0,28,28,163
08/12/2022,LRD,TX,ASW,CE,Federal Contract Tower,25,42,18,4,89,0,0,16,3,19,25,42,34,7,108,0,0,0,108
08/13/2022,LRD,TX,ASW,CE,Federal Contract Tower,19,14,13,2,48,0,21,16,3,40,19,35,29,5,88,0,0,0,88
08/14/2022,LRD,TX,ASW,CE,Federal Contract Tower,10,21,6,0,37,0,0,10,0,10,10,21,16,0,47,0,0,0,47
08/15/2022,LRD,TX,ASW,CE,Federal Contract Tower,9,21,11,0,41,0,0,0,0,0,9,21,11,0,41,0,0,0,41
08/16/2022,LRD,TX,ASW,CE,Federal Contract Tower,22,38,26,12,98,0,4,18,4,26,22,42,44,16,124,0,0,0,124
08/17/2022,LRD,TX,ASW,CE,Federal Contract Tower,28,49,31,5,113,0,0,31,6,37,28,49,62,11,150,24,32,56,206
08/18/2022,LRD,TX,ASW,CE,Federal Contract Tower,31,32,23,25,111,0,0,44,3,47,31,32,67,28,158,18,48,66,224
08/19/2022,LRD,TX,ASW,CE,Federal Contract Tower,24,33,13,22,92,0,2,23,4,29,24,35,36,26,121,0,24,24,145
08/20/2022,LRD,TX,ASW,CE,Federal Contract Tower,21,11,12,6,50,0,6,23,3,32,21,17,35,9,82,0,16,16,98
08/21/2022,LRD,TX,ASW,CE,Federal Contract Tower,14,13,10,6,43,0,4,18,2,24,14,17,28,8,67,2,12,14,81
08/22/2022,LRD,TX,ASW,CE,Federal Contract Tower,33,42,19,18,112,0,1,27,6,34,33,43,46,24,146,0,26,26,172
08/23/2022,LRD,TX,ASW,CE,Federal Contract Tower,26,31,17,6,80,0,2,23,7,32,26,33,40,13,112,0,0,0,112
08/24/2022,LRD,TX,ASW,CE,Federal Contract Tower,32,33,33,0,98,0,0,18,3,21,32,33,51,3,119,0,0,0,119
08/25/2022,LRD,TX,ASW,CE,Federal Contract Tower,33,38,27,9,107,0,0,12,5,17,33,38,39,14,124,0,0,0,124
08/26/2022,LRD,TX,ASW,CE,Federal Contract Tower,33,26,20,1,80,0,0,17,3,20,33,26,37,4,100,0,0,0,100
08/27/2022,LRD,TX,ASW,CE,Federal Contract Tower,23,29,10,0,62,0,0,32,1,33,23,29,42,1,95,0,0,0,95
08/28/2022,LRD,TX,ASW,CE,Federal Contract Tower,14,14,18,0,46,0,4,22,2,28,14,18,40,2,74,0,0,0,74
08/29/2022,LRD,TX,ASW,CE,Federal Contract Tower,23,37,15,10,85,0,11,38,8,57,23,48,53,18,142,10,0,10,152
08/30/2022,LRD,TX,ASW,CE,Federal Contract Tower,20,38,19,2,79,0,0,13,2,15,20,38,32,4,94,4,8,12,106
08/31/2022,LRD,TX,ASW,CE,Federal Contract Tower,28,21,19,8,76,0,6,16,5,27,28,27,35,13,103,0,22,22,125
09/01/2022,LRD,TX,ASW,CE,Federal Contract Tower,23,30,26,19,98,0,0,32,4,36,23,30,58,23,134,2,170,172,306
09/02/2022,LRD,TX,ASW,CE,Federal Contract Tower,19,20,16,0,55,0,1,29,0,30,19,21,45,0,85,0,0,0,85
09/03/2022,LRD,TX,ASW,CE,Federal Contract Tower,21,12,11,0,44,0,0,15,0,15,21,12,26,0,59,0,0,0,59
09/04/2022,LRD,TX,ASW,CE,Federal Contract Tower,6,17,3,0,26,0,0,13,0,13,6,17,16,0,39,0,0,0,39
09/05/2022,LRD,TX,ASW,CE,Federal Contract Tower,13,21,11,2,47,0,5,16,0,21,13,26,27,2,68,0,0,0,68
09/06/2022,LRD,TX,ASW,CE,Federal Contract Tower,16,38,22,22,98,0,1,21,2,24,16,39,43,24,122,0,74,74,196
09/07/2022,LRD,TX,ASW,CE,Federal Contract Tower,22,32,23,6,83,0,0,13,7,20,22,32,36,13,103,4,0,4,107
09/08/2022,LRD,TX,ASW,CE,Federal Contract Tower,27,35,28,4,94,0,1,16,1,18,27,36,44,5,112,26,46,72,184
09/09/2022,LRD,TX,ASW,CE,Federal Contract Tower,19,25,33,10,87,0,2,27,4,33,19,27,60,14,120,6,46,52,172
09/10/2022,LRD,TX,ASW,CE,Federal Contract Tower,15,13,13,0,41,0,0,24,3,27,15,13,37,3,68,14,16,30,98
09/11/2022,LRD,TX,ASW,CE,Federal Contract Tower,11,25,14,0,50,0,3,32,4,39,11,28,46,4,89,0,0,0,89
09/12/2022,LRD,TX,ASW,CE,Federal Contract Tower,23,26,18,4,71,0,2,24,7,33,23,28,42,11,104,0,26,26,130
09/13/2022,LRD,TX,ASW,CE,Federal Contract Tower,23,51,31,5,110,0,3,33,9,45,23,54,64,14,155,0,46,46,201
09/14/2022,LRD,TX,ASW,CE,Federal Contract Tower,25,39,31,4,99,0,1,32,8,41,25,40,63,12,140,0,0,0,140
09/15/2022,LRD,TX,ASW,CE,Federal Contract Tower,31,32,32,10,105,0,3,34,4,41,31,35,66,14,146,20,22,42,188
09/16/2022,LRD,TX,ASW,CE,Federal Contract Tower,24,16,22,5,67,0,0,12,4,16,24,16,34,9,83,0,34,34,117
09/17/2022,LRD,TX,ASW,CE,Federal Contract Tower,11,19,6,0,36,0,7,16,2,25,11,26,22,2,61,0,0,0,61
09/18/2022,LRD,TX,ASW,CE,Federal Contract Tower,15,12,10,0,37,0,7,24,1,32,15,19,34,1,69,6,0,6,75
09/19/2022,LRD,TX,ASW,CE,Federal Contract Tower,25,38,26,9,98,0,10,26,6,42,25,48,52,15,140,0,0,0,140
09/20/2022,LRD,TX,ASW,CE,Federal Contract Tower,34,46,21,7,108,0,10,38,7,55,34,56,59,14,163,7,6,13,176
09/21/2022,LRD,TX,ASW,CE,Federal Contract Tower,30,49,23,10,112,0,0,33,7,40,30,49,56,17,152,0,88,88,240
09/22/2022,LRD,TX,ASW,CE,Federal Contract Tower,35,49,28,14,126,0,2,39,9,50,35,51,67,23,176,4,42,46,222
09/23/2022,LRD,TX,ASW,CE,Federal Contract Tower,24,33,24,9,90,0,1,19,3,23,24,34,43,12,113,0,64,64,177
09/24/2022,LRD,TX,ASW,CE,Federal Contract Tower,30,33,14,2,79,0,0,23,4,27,30,33,37,6,106,0,20,20,126
09/25/2022,LRD,TX,ASW,CE,Federal Contract Tower,21,12,11,2,46,0,0,21,2,23,21,12,32,4,69,0,0,0,69
09/26/2022,LRD,TX,ASW,CE,Federal Contract Tower,21,21,19,4,65,0,0,26,2,28,21,21,45,6,93,0,0,0,93
09/27/2022,LRD,TX,ASW,CE,Federal Contract Tower,23,32,16,12,83,0,5,43,8,56,23,37,59,20,139,4,43,47,186
09/28/2022,LRD,TX,ASW,CE,Federal Contract Tower,35,51,21,4,111,0,6,45,4,55,35,57,66,8,166,0,50,50,216
09/29/2022,LRD,TX,ASW,CE,Federal Contract Tower,45,51,20,8,124,0,4,39,3,46,45,55,59,11,170,14,6,20,190
09/30/2022,LRD,TX,ASW,CE,Federal Contract Tower,29,19,9,6,63,0,3,31,3,37,29,22,40,9,100,0,0,0,100
10/01/2022,LRD,TX,ASW,CE,Federal Contract Tower,25,21,7,0,53,0,9,34,8,51,25,30,41,8,104,0,20,20,124
10/02/2022,LRD,TX,ASW,CE,Federal Contract Tower,30,19,8,0,57,0,0,19,0,19,30,19,27,0,76,4,0,4,80
10/03/2022,LRD,TX,ASW,CE,Federal Contract Tower,27,28,19,6,80,0,1,26,0,27,27,29,45,6,107,8,20,28,135
10/04/2022,LRD,TX,ASW,CE,Federal Contract Tower,30,40,23,1,94,0,0,33,5,38,30,40,56,6,132,6,10,16,148
10/05/2022,LRD,TX,ASW,CE,Federal Contract Tower,27,40,13,7,87,0,9,28,6,43,27,49,41,13,130,14,0,14,144
10/06/2022,LRD,TX,ASW,CE,Federal Contract Tower,37,27,23,6,93,0,7,32,2,41,37,34,55,8,134,6,28,34,168
10/07/2022,LRD,TX,ASW,CE,Federal Contract Tower,35,29,15,2,81,0,0,19,3,22,35,29,34,5,103,0,0,0,103
10/08/2022,LRD,TX,ASW,CE,Federal Contract Tower,25,17,4,0,46,0,13,19,0,32,25,30,23,0,78,0,0,0,78
10/09/2022,LRD,TX,ASW,CE,Federal Contract Tower,25,14,15,0,54,0,4,17,0,21,25,18,32,0,75,0,0,0,75
10/10/2022,LRD,TX,ASW,CE,Federal Contract Tower,24,36,21,0,81,0,5,31,1,37,24,41,52,1,118,2,0,2,120
10/11/2022,LRD,TX,ASW,CE,Federal Contract Tower,39,23,16,17,95,0,0,29,4,33,39,23,45,21,128,4,18,22,150
10/12/2022,LRD,TX,ASW,CE,Federal Contract Tower,41,45,22,6,114,0,0,30,5,35,41,45,52,11,149,0,38,38,187
10/13/2022,LRD,TX,ASW,CE,Federal Contract Tower,50,15,23,6,94,0,7,25,12,44,50,22,48,18,138,0,56,56,194
10/14/2022,LRD,TX,ASW,CE,Federal Contract Tower,30,18,27,0,75,0,3,27,7,37,30,21,54,7,112,0,0,0,112
10/15/2022,LRD,TX,ASW,CE,Federal Contract Tower,29,19,20,2,70,0,0,15,7,22,29,19,35,9,92,0,0,0,92
10/16/2022,LRD,TX,ASW,CE,Federal Contract Tower,20,8,20,0,48,0,4,14,7,25,20,12,34,7,73,0,0,0,73
10/17/2022,LRD,TX,ASW,CE,Federal Contract Tower,27,29,14,0,70,0,0,4,0,4,27,29,18,0,74,0,0,0,74
10/18/2022,LRD,TX,ASW,CE,Federal Contract Tower,51,29,20,2,102,0,0,24,2,26,51,29,44,4,128,10,0,10,138
10/19/2022,LRD,TX,ASW,CE,Federal Contract Tower,51,49,23,4,127,0,3,29,4,36,51,52,52,8,163,0,50,50,213
10/20/2022,LRD,TX,ASW,CE,Federal Contract Tower,57,44,33,7,141,0,1,37,4,42,57,45,70,11,183,54,125,179,362
10/21/2022,LRD,TX,ASW,CE,Federal Contract Tower,34,36,29,4,103,0,0,52,0,52,34,36,81,4,155,0,88,88,243
10/22/2022,LRD,TX,ASW,CE,Federal Contract Tower,42,18,16,2,78,0,2,17,0,19,42,20,33,2,97,0,0,0,97
10/23/2022,LRD,TX,ASW,CE,Federal Contract Tower,30,16,17,0,63,0,0,19,0,19,30,16,36,0,82,0,0,0,82
10/24/2022,LRD,TX,ASW,CE,Federal Contract Tower,23,43,27,16,109,0,4,24,7,35,23,47,51,23,144,0,96,96,240
10/25/2022,LRD,TX,ASW,CE,Federal Contract Tower,40,53,18,12,123,0,6,38,9,53,40,59,56,21,176,0,84,84,260
10/26/2022,LRD,TX,ASW,CE,Federal Contract Tower,42,52,28,8,130,0,0,29,8,37,42,52,57,16,167,0,50,50,217
10/27/2022,LRD,TX,ASW,CE,Federal Contract Tower,43,43,32,8,126,0,0,31,2,33,43,43,63,10,159,26,40,66,225
10/28/2022,LRD,TX,ASW,CE,Federal Contract Tower,31,40,31,4,106,0,1,12,8,21,31,41,43,12,127,0,10,10,137
10/29/2022,LRD,TX,ASW,CE,Federal Contract Tower,25,24,8,0,57,0,0,10,2,12,25,24,18,2,69,0,0,0,69
10/30/2022,LRD,TX,ASW,CE,Federal Contract Tower,24,20,21,0,65,0,3,29,1,33,24,23,50,1,98,14,0,14,112
10/31/2022,LRD,TX,ASW,CE,Federal Contract Tower,25,22,23,8,78,0,1,28,2,31,25,23,51,10,109,26,58,84,193
11/01/2022,LRD,TX,ASW,CE,Federal Contract Tower,26,43,15,4,88,0,0,4,0,4,26,43,19,4,92,0,0,0,92
11/02/2022,LRD,TX,ASW,CE,Federal Contract Tower,33,36,36,0,105,0,1,14,0,15,33,37,50,0,120,0,0,0,120
11/03/2022,LRD,TX,ASW,CE,Federal Contract Tower,33,54,32,2,121,0,4,35,13,52,33,58,67,15,173,0,78,78,251
11/04/2022,LRD,TX,ASW,CE,Federal Contract Tower,43,27,33,9,112,0,3,39,3,45,43,30,72,12,157,2,242,244,401
11/05/2022,LRD,TX,ASW,CE,Federal Contract Tower,38,17,19,12,86,0,0,26,0,26,38,17,45,12,112,2,0,2,114
11/06/2022,LRD,TX,ASW,CE,Federal Contract Tower,21,17,20,8,66,0,1,21,3,25,21,18,41,11,91,0,0,0,91
11/07/2022,LRD,TX,ASW,CE,Federal Contract Tower,24,34,37,7,102,0,1,26,6,33,24,35,63,13,135,0,0,0,135
11/08/2022,LRD,TX,ASW,CE,Federal Contract Tower,33,30,22,10,95,0,3,27,11,41,33,33,49,21,136,0,50,50,186
11/09/2022,LRD,TX,ASW,CE,Federal Contract Tower,32,27,43,33,135,0,3,31,9,43,32,30,74,42,178,0,102,102,280
11/10/2022,LRD,TX,ASW,CE,Federal Contract Tower,42,33,32,13,120,0,4,36,6,46,42,37,68,19,166,8,78,86,252
11/11/2022,LRD,TX,ASW,CE,Federal Contract Tower,35,28,28,0,91,0,15,16,1,32,35,43,44,1,123,0,0,0,123
11/12/2022,LRD,TX,ASW,CE,Federal Contract Tower,36,15,10,4,65,0,5,0,5,10,36,20,10,9,75,0,0,0,75
11/13/2022,LRD,TX,ASW,CE,Federal Contract Tower,26,13,17,1,57,0,3,20,3,26,26,16,37,4,83,0,9,9,92
11/14/2022,LRD,TX,ASW,CE,Federal Contract Tower,33,31,16,2,82,0,5,16,3,24,33,36,32,5,106,0,0,0,106
11/15/2022,LRD,TX,ASW,CE,Federal Contract Tower,40,33,19,4,96,0,12,25,4,41,40,45,44,8,137,20,0,20,157
11/16/2022,LRD,TX,ASW,CE,Federal Contract Tower,56,36,34,0,126,0,11,26,9,46,56,47,60,9,172,0,2,2,174
11/17/2022,LRD,TX,ASW,CE,Federal Contract Tower,40,31,22,3,96,0,0,38,7,45,40,31,60,10,141,0,0,0,141
11/18/2022,LRD,TX,ASW,CE,Federal Contract Tower,40,20,42,0,102,0,0,7,0,7,40,20,49,0,109,0,0,0,109
11/19/2022,LRD,TX,ASW,CE,Federal Contract Tower,14,23,17,0,54,0,0,0,0,0,14,23,17,0,54,0,0,0,54
11/20/2022,LRD,TX,ASW,CE,Federal Contract Tower,27,28,12,0,67,0,0,5,2,7,27,28,17,2,74,8,10,18,92
11/21/2022,LRD,TX,ASW,CE,Federal Contract Tower,28,16,31,2,77,0,0,1,0,1,28,16,32,2,78,8,0,8,86
11/22/2022,LRD,TX,ASW,CE,Federal Contract Tower,23,28,26,5,82,0,0,0,0,0,23,28,26,5,82,0,0,0,82
11/23/2022,LRD,TX,ASW,CE,Federal Contract Tower,17,13,14,0,44,0,0,0,0,0,17,13,14,0,44,0,0,0,44
11/24/2022,LRD,TX,ASW,CE,Federal Contract Tower,10,12,25,0,47,0,0,0,0,0,10,12,25,0,47,0,0,0,47
11/25/2022,LRD,TX,ASW,CE,Federal Contract Tower,9,9,13,0,31,0,0,0,0,0,9,9,13,0,31,0,0,0,31
11/26/2022,LRD,TX,ASW,CE,Federal Contract Tower,31,14,16,1,62,0,1,22,3,26,31,15,38,4,88,0,0,0,88
11/27/2022,LRD,TX,ASW,CE,Federal Contract Tower,17,15,23,0,55,0,0,31,0,31,17,15,54,0,86,0,0,0,86
11/28/2022,LRD,TX,ASW,CE,Federal Contract Tower,19,24,27,2,72,0,0,21,0,21,19,24,48,2,93,26,0,26,119
11/29/2022,LRD,TX,ASW,CE,Federal Contract Tower,48,47,20,5,120,0,3,37,3,43,48,50,57,8,163,0,40,40,203
11/30/2022,LRD,TX,ASW,CE,Federal Contract Tower,42,44,31,1,118,0,2,32,4,38,42,46,63,5,156,0,12,12,168
12/01/2022,LRD,TX,ASW,CE,Federal Contract Tower,38,46,26,4,114,0,0,13,0,13,38,46,39,4,127,0,0,0,127
12/02/2022,LRD,TX,ASW,CE,Federal Contract Tower,37,33,28,1,99,1,1,1,0,3,38,34,29,1,102,0,0,0,102
12/03/2022,LRD,TX,ASW,CE,Federal Contract Tower,21,10,16,0,47,0,0,0,0,0,21,10,16,0,47,0,0,0,47
12/04/2022,LRD,TX,ASW,CE,Federal Contract Tower,6,7,10,0,23,0,0,0,0,0,6,7,10,0,23,0,0,0,23
12/05/2022,LRD,TX,ASW,CE,Federal Contract Tower,18,35,22,4,79,0,2,6,2,10,18,37,28,6,89,0,0,0,89
12/06/2022,LRD,TX,ASW,CE,Federal Contract Tower,31,38,24,6,99,0,7,21,0,28,31,45,45,6,127,0,6,6,133
12/07/2022,LRD,TX,ASW,CE,Federal Contract Tower,55,52,39,2,148,0,0,34,2,36,55,52,73,4,184,0,0,0,184
12/08/2022,LRD,TX,ASW,CE,Federal Contract Tower,57,65,34,3,159,0,4,25,4,33,57,69,59,7,192,22,0,22,214
12/09/2022,LRD,TX,ASW,CE,Federal Contract Tower,44,58,42,0,144,0,1,16,1,18,44,59,58,1,162,10,0,10,172
12/10/2022,LRD,TX,ASW,CE,Federal Contract Tower,38,32,16,0,86,0,6,8,2,16,38,38,24,2,102,0,0,0,102
12/11/2022,LRD,TX,ASW,CE,Federal Contract Tower,24,20,23,0,67,0,2,17,0,19,24,22,40,0,86,6,0,6,92
12/12/2022,LRD,TX,ASW,CE,Federal Contract Tower,48,47,33,1,129,0,0,29,3,32,48,47,62,4,161,0,0,0,161
12/13/2022,LRD,TX,ASW,CE,Federal Contract Tower,46,50,34,1,131,0,3,41,7,51,46,53,75,8,182,0,0,0,182
12/14/2022,LRD,TX,ASW,CE,Federal Contract Tower,59,64,30,2,155,0,0,39,9,48,59,64,69,11,203,0,40,40,243
12/15/2022,LRD,TX,ASW,CE,Federal Contract Tower,51,54,35,8,148,0,0,35,5,40,51,54,70,13,188,0,18,18,206
12/16/2022,LRD,TX,ASW,CE,Federal Contract Tower,40,49,39,0,128,0,0,23,0,23,40,49,62,0,151,0,0,0,151
12/17/2022,LRD,TX,ASW,CE,Federal Contract Tower,50,38,12,0,100,0,6,12,1,19,50,44,24,1,119,0,0,0,119
12/18/2022,LRD,TX,ASW,CE,Federal Contract Tower,34,36,28,0,98,0,5,17,0,22,34,41,45,0,120,0,0,0,120
12/19/2022,LRD,TX,ASW,CE,Federal Contract Tower,44,43,33,7,127,0,0,11,0,11,44,43,44,7,138,0,0,0,138
12/20/2022,LRD,TX,ASW,CE,Federal Contract Tower,55,60,45,6,166,0,0,18,0,18,55,60,63,6,184,4,36,40,224
12/21/2022,LRD,TX,ASW,CE,Federal Contract Tower,56,50,28,0,134,0,0,18,3,21,56,50,46,3,155,0,0,0,155
12/22/2022,LRD,TX,ASW,CE,Federal Contract Tower,41,44,34,2,121,0,1,24,6,31,41,45,58,8,152,0,4,4,156
12/23/2022,LRD,TX,ASW,CE,Federal Contract Tower,35,19,22,0,76,0,2,23,4,29,35,21,45,4,105,0,0,0,105
12/24/2022,LRD,TX,ASW,CE,Federal Contract Tower,33,9,8,1,51,0,0,5,5,10,33,9,13,6,61,0,0,0,61
12/25/2022,LRD,TX,ASW,CE,Federal Contract Tower,10,13,2,0,25,0,3,22,0,25,10,16,24,0,50,0,0,0,50
12/26/2022,LRD,TX,ASW,CE,Federal Contract Tower,18,30,55,2,105,0,1,23,2,26,18,31,78,4,131,0,0,0,131
12/27/2022,LRD,TX,ASW,CE,Federal Contract Tower,27,20,24,0,71,0,0,45,6,51,27,20,69,6,122,0,0,0,122
12/28/2022,LRD,TX,ASW,CE,Federal Contract Tower,32,17,22,0,71,0,0,58,7,65,32,17,80,7,136,22,24,46,182
12/29/2022,LRD,TX,ASW,CE,Federal Contract Tower,31,15,24,0,70,0,0,12,5,17,31,15,36,5,87,2,0,2,89
12/30/2022,LRD,TX,ASW,CE,Federal Contract Tower,26,15,19,0,60,0,11,25,2,38,26,26,44,2,98,0,0,0,98
12/31/2022,LRD,TX,ASW,CE,Federal Contract Tower,21,10,5,0,36,0,11,15,0,26,21,21,20,0,62,0,0,0,62
01/01/2023,LRD,TX,ASW,CE,Federal Contract Tower,10,13,12,0,35,0,1,15,0,16,10,14,27,0,51,0,0,0,51
01/02/2023,LRD,TX,ASW,CE,Federal Contract Tower,10,23,47,0,80,0,5,21,2,28,10,28,68,2,108,0,0,0,108
01/03/2023,LRD,TX,ASW,CE,Federal Contract Tower,20,25,27,6,78,0,0,26,3,29,20,25,53,9,107,0,0,0,107
01/04/2023,LRD,TX,ASW,CE,Federal Contract Tower,25,12,39,1,77,0,1,20,4,25,25,13,59,5,102,12,28,40,142
01/05/2023,LRD,TX,ASW,CE,Federal Contract Tower,35,32,30,6,103,0,0,39,3,42,35,32,69,9,145,0,0,0,145
01/06/2023,LRD,TX,ASW,CE,Federal Contract Tower,26,13,30,0,69,0,0,22,2,24,26,13,52,2,93,0,0,0,93
01/07/2023,LRD,TX,ASW,CE,Federal Contract Tower,20,22,17,1,60,0,1,5,2,8,20,23,22,3,68,0,0,0,68
01/08/2023,LRD,TX,ASW,CE,Federal Contract Tower,21,15,19,0,55,0,10,31,2,43,21,25,50,2,98,4,0,4,102
01/09/2023,LRD,TX,ASW,CE,Federal Contract Tower,31,15,12,2,60,0,5,29,4,38,31,20,41,6,98,4,30,34,132
01/10/2023,LRD,TX,ASW,CE,Federal Contract Tower,31,24,19,2,76,0,0,20,3,23,31,24,39,5,99,0,38,38,137
01/11/2023,LRD,TX,ASW,CE,Federal Contract Tower,26,28,16,7,77,0,4,18,3,25,26,32,34,10,102,0,54,54,156
01/12/2023,LRD,TX,ASW,CE,Federal Contract Tower,50,26,31,3,110,0,0,34,3,37,50,26,65,6,147,0,28,28,175
01/13/2023,LRD,TX,ASW,CE,Federal Contract Tower,33,29,29,3,94,0,0,25,3,28,33,29,54,6,122,0,0,0,122
01/14/2023,LRD,TX,ASW,CE,Federal Contract Tower,28,15,14,0,57,0,2,15,2,19,28,17,29,2,76,0,0,0,76
01/15/2023,LRD,TX,ASW,CE,Federal Contract Tower,13,10,18,0,41,0,3,19,0,22,13,13,37,0,63,4,0,4,67
01/16/2023,LRD,TX,ASW,CE,Federal Contract Tower,29,25,36,0,90,0,0,42,3,45,29,25,78,3,135,2,0,2,137
01/17/2023,LRD,TX,ASW,CE,Federal Contract Tower,34,34,20,1,89,0,0,33,7,40,34,34,53,8,129,18,0,18,147
01/18/2023,LRD,TX,ASW,CE,Federal Contract Tower,24,32,36,15,107,0,0,25,6,31,24,32,61,21,138,0,33,33,171
01/19/2023,LRD,TX,ASW,CE,Federal Contract Tower,34,32,35,6,107,0,6,35,6,47,34,38,70,12,154,0,2,2,156
01/20/2023,LRD,TX,ASW,CE,Federal Contract Tower,24,16,22,0,62,0,0,28,1,29,24,16,50,1,91,0,0,0,91
01/21/2023,LRD,TX,ASW,CE,Federal Contract Tower,22,13,7,0,42,0,0,10,3,13,22,13,17,3,55,0,0,0,55
01/22/2023,LRD,TX,ASW,CE,Federal Contract Tower,14,16,21,0,51,0,2,23,1,26,14,18,44,1,77,2,0,2,79
01/23/2023,LRD,TX,ASW,CE,Federal Contract Tower,34,23,35,12,104,0,8,23,0,31,34,31,58,12,135,0,18,18,153
01/24/2023,LRD,TX,ASW,CE,Federal Contract Tower,34,48,19,14,115,0,5,21,2,28,34,53,40,16,143,0,0,0,143
01/25/2023,LRD,TX,ASW,CE,Federal Contract Tower,37,38,20,17,112,0,0,41,3,44,37,38,61,20,156,2,22,24,180
01/26/2023,LRD,TX,ASW,CE,Federal Contract Tower,52,39,35,10,136,0,1,28,4,33,52,40,63,14,169,0,0,0,169
01/27/2023,LRD,TX,ASW,CE,Federal Contract Tower,41,26,29,6,102,0,11,25,0,36,41,37,54,6,138,0,0,0,138
01/28/2023,LRD,TX,ASW,CE,Federal Contract Tower,37,27,17,0,81,0,0,9,2,11,37,27,26,2,92,6,0,6,98
01/29/2023,LRD,TX,ASW,CE,Federal Contract Tower,15,17,22,6,60,0,0,22,0,22,15,17,44,6,82,0,0,0,82
01/30/2023,LRD,TX,ASW,CE,Federal Contract Tower,16,24,35,0,75,0,0,0,0,0,16,24,35,0,75,0,0,0,75
01/31/2023,LRD,TX,ASW,CE,Federal Contract Tower,11,34,26,0,71,0,0,0,0,0,11,34,26,0,71,0,0,0,71
02/01/2023,LRD,TX,ASW,CE,Federal Contract Tower,33,34,11,0,78,0,0,0,0,0,33,34,11,0,78,0,0,0,78
02/02/2023,LRD,TX,ASW,CE,Federal Contract Tower,40,62,37,12,151,0,5,31,4,40,40,67,68,16,191,0,20,20,211
02/03/2023,LRD,TX,ASW,CE,Federal Contract Tower,34,39,30,7,110,0,2,35,5,42,34,41,65,12,152,64,22,86,238
02/04/2023,LRD,TX,ASW,CE,Federal Contract Tower,25,26,15,6,72,0,1,7,2,10,25,27,22,8,82,0,0,0,82
02/05/2023,LRD,TX,ASW,CE,Federal Contract Tower,24,32,14,0,70,0,4,16,6,26,24,36,30,6,96,12,0,12,108
02/06/2023,LRD,TX,ASW,CE,Federal Contract Tower,29,25,17,6,77,0,3,28,2,33,29,28,45,8,110,18,0,18,128
02/07/2023,LRD,TX,ASW,CE,Federal Contract Tower,34,57,31,5,127,0,3,15,1,19,34,60,46,6,146,0,20,20,166
02/08/2023,LRD,TX,ASW,CE,Federal Contract Tower,56,41,32,19,148,0,1,19,5,25,56,42,51,24,173,0,93,93,266
02/09/2023,LRD,TX,ASW,CE,Federal Contract Tower,51,48,36,0,135,0,7,41,5,53,51,55,77,5,188,0,0,0,188
02/10/2023,LRD,TX,ASW,CE,Federal Contract Tower,42,29,19,2,92,0,11,29,3,43,42,40,48,5,135,0,0,0,135
02/11/2023,LRD,TX,ASW,CE,Federal Contract Tower,38,19,16,0,73,0,0,17,4,21,38,19,33,4,94,6,0,6,100
02/12/2023,LRD,TX,ASW,CE,Federal Contract Tower,22,20,7,0,49,0,0,12,1,13,22,20,19,1,62,0,0,0,62
02/13/2023,LRD,TX,ASW,CE,Federal Contract Tower,30,38,29,22,119,0,9,27,0,36,30,47,56,22,155,0,40,40,195
02/14/2023,LRD,TX,ASW,CE,Federal Contract Tower,41,55,21,18,135,0,7,37,7,51,41,62,58,25,186,2,58,60,246
02/15/2023,LRD,TX,ASW,CE,Federal Contract Tower,48,47,31,12,138,0,1,34,1,36,48,48,65,13,174,0,28,28,202
02/16/2023,LRD,TX,ASW,CE,Federal Contract Tower,50,46,29,1,126,0,3,22,14,39,50,49,51,15,165,0,50,50,215
02/17/2023,LRD,TX,ASW,CE,Federal Contract Tower,59,37,32,6,134,0,1,21,5,27,59,38,53,11,161,0,0,0,161
02/18/2023,LRD,TX,ASW,CE,Federal Contract Tower,38,18,8,0,64,0,2,18,4,24,38,20,26,4,88,0,0,0,88
02/19/2023,LRD,TX,ASW,CE,Federal Contract Tower,21,28,6,4,59,0,0,20,1,21,21,28,26,5,80,0,0,0,80
02/20/2023,LRD,TX,ASW,CE,Federal Contract Tower,45,32,26,0,103,0,2,10,6,18,45,34,36,6,121,10,0,10,131
02/21/2023,LRD,TX,ASW,CE,Federal Contract Tower,50,38,29,2,119,0,7,36,4,47,50,45,65,6,166,0,0,0,166
02/22/2023,LRD,TX,ASW,CE,Federal Contract Tower,43,34,32,20,129,0,1,30,5,36,43,35,62,25,165,4,52,56,221
02/23/2023,LRD,TX,ASW,CE,Federal Contract Tower,44,39,24,2,109,0,0,21,3,24,44,39,45,5,133,0,0,0,133
02/24/2023,LRD,TX,ASW,CE,Federal Contract Tower,43,42,34,5,124,0,0,19,0,19,43,42,53,5,143,10,0,10,153
02/25/2023,LRD,TX,ASW,CE,Federal Contract Tower,20,22,13,0,55,0,1,5,2,8,20,23,18,2,63,0,0,0,63
02/26/2023,LRD,TX,ASW,CE,Federal Contract Tower,12,23,16,5,56,0,1,16,0,17,12,24,32,5,73,0,0,0,73
02/27/2023,LRD,TX,ASW,CE,Federal Contract Tower,34,33,25,5,97,0,4,25,4,33,34,37,50,9,130,0,22,22,152
02/28/2023,LRD,TX,ASW,CE,Federal Contract Tower,50,42,34,9,135,0,1,23,3,27,50,43,57,12,162,0,0,0,162
03/01/2023,LRD,TX,ASW,CE,Federal Contract Tower,58,48,30,0,136,0,3,34,6,43,58,51,64,6,179,6,0,6,185
03/02/2023,LRD,TX,ASW,CE,Federal Contract Tower,40,52,35,19,146,0,2,17,8,27,40,54,52,27,173,0,8,8,181
03/03/2023,LRD,TX,ASW,CE,Federal Contract Tower,47,37,24,4,112,0,4,15,10,29,47,41,39,14,141,6,26,32,173
03/04/2023,LRD,TX,ASW,CE,Federal Contract Tower,30,23,12,4,69,0,0,8,1,9,30,23,20,5,78,10,0,10,88
03/05/2023,LRD,TX,ASW,CE,Federal Contract Tower,22,21,24,1,68,0,0,12,2,14,22,21,36,3,82,0,0,0,82
03/06/2023,LRD,TX,ASW,CE,Federal Contract Tower,34,29,16,11,90,0,1,17,5,23,34,30,33,16,113,3,50,53,166
03/07/2023,LRD,TX,ASW,CE,Federal Contract Tower,49,39,27,6,121,0,1,20,4,25,49,40,47,10,146,6,0,6,152
03/08/2023,LRD,TX,ASW,CE,Federal Contract Tower,54,46,35,11,146,0,2,32,6,40,54,48,67,17,186,0,16,16,202
03/09/2023,LRD,TX,ASW,CE,Federal Contract Tower,48,36,38,33,155,0,3,26,11,40,48,39,64,44,195,0,42,42,237
03/10/2023,LRD,TX,ASW,CE,Federal Contract Tower,45,24,30,17,116,0,5,25,1,31,45,29,55,18,147,0,18,18,165
03/11/2023,LRD,TX,ASW,CE,Federal Contract Tower,33,26,17,0,76,0,0,20,2,22,33,26,37,2,98,0,0,0,98
03/12/2023,LRD,TX,ASW,CE,Federal Contract Tower,11,16,33,4,64,0,1,14,0,15,11,17,47,4,79,0,0,0,79
03/13/2023,LRD,TX,ASW,CE,Federal Contract Tower,24,31,26,6,87,0,4,17,1,22,24,35,43,7,109,0,0,0,109
03/14/2023,LRD,TX,ASW,CE,Federal Contract Tower,34,40,25,2,101,0,0,9,0,9,34,40,34,2,110,0,0,0,110
03/15/2023,LRD,TX,ASW,CE,Federal Contract Tower,47,34,44,4,129,0,0,12,0,12,47,34,56,4,141,0,0,0,141
03/16/2023,LRD,TX,ASW,CE,Federal Contract Tower,47,41,21,23,132,0,0,16,1,17,47,41,37,24,149,4,0,4,153
03/17/2023,LRD,TX,ASW,CE,Federal Contract Tower,29,26,28,6,89,0,0,13,5,18,29,26,41,11,107,0,48,48,155
03/18/2023,LRD,TX,ASW,CE,Federal Contract Tower,26,21,19,0,66,0,0,8,0,8,26,21,27,0,74,0,0,0,74
03/19/2023,LRD,TX,ASW,CE,Federal Contract Tower,13,21,20,0,54,0,1,5,2,8,13,22,25,2,62,0,0,0,62
03/20/2023,LRD,TX,ASW,CE,Federal Contract Tower,18,48,25,2,93,0,6,22,0,28,18,54,47,2,121,14,0,14,135
03/21/2023,LRD,TX,ASW,CE,Federal Contract Tower,39,42,29,10,120,0,0,15,5,20,39,42,44,15,140,0,20,20,160
03/22/2023,LRD,TX,ASW,CE,Federal Contract Tower,49,38,33,8,128,2,2,21,0,25,51,40,54,8,153,0,18,18,171
03/23/2023,LRD,TX,ASW,CE,Federal Contract Tower,43,39,28,6,116,0,6,26,3,35,43,45,54,9,151,0,0,0,151
03/24/2023,LRD,TX,ASW,CE,Federal Contract Tower,31,26,18,9,84,0,1,26,3,30,31,27,44,12,114,0,12,12,126
03/25/2023,LRD,TX,ASW,CE,Federal Contract Tower,21,24,11,3,59,0,3,26,4,33,21,27,37,7,92,4,0,4,96
03/26/2023,LRD,TX,ASW,CE,Federal Contract Tower,11,20,22,2,55,0,0,28,0,28,11,20,50,2,83,0,0,0,83
03/27/2023,LRD,TX,ASW,CE,Federal Contract Tower,28,26,22,2,78,0,3,20,4,27,28,29,42,6,105,6,0,6,111
03/28/2023,LRD,TX,ASW,CE,Federal Contract Tower,47,42,30,6,125,0,11,14,1,26,47,53,44,7,151,0,0,0,151
03/29/2023,LRD,TX,ASW,CE,Federal Contract Tower,49,64,20,6,139,0,4,25,0,29,49,68,45,6,168,0,0,0,168
03/30/2023,LRD,TX,ASW,CE,Federal Contract Tower,49,56,32,4,141,0,0,23,2,25,49,56,55,6,166,2,0,2,168
03/31/2023,LRD,TX,ASW,CE,Federal Contract Tower,42,39,31,21,133,0,1,30,4,35,42,40,61,25,168,2,20,22,190
04/01/2023,LRD,TX,ASW,CE,Federal Contract Tower,35,31,28,0,94,0,0,4,1,5,35,31,32,1,99,0,0,0,99
04/02/2023,LRD,TX,ASW,CE,Federal Contract Tower,15,25,23,19,82,0,1,28,2,31,15,26,51,21,113,0,0,0,113
04/03/2023,LRD,TX,ASW,CE,Federal Contract Tower,34,32,21,18,105,0,7,32,1,40,34,39,53,19,145,0,56,56,201
04/04/2023,LRD,TX,ASW,CE,Federal Contract Tower,47,41,18,10,116,0,13,32,2,47,47,54,50,12,163,12,38,50,213
04/05/2023,LRD,TX,ASW,CE,Federal Contract Tower,44,57,32,4,137,0,1,24,0,25,44,58,56,4,162,0,0,0,162
04/06/2023,LRD,TX,ASW,CE,Federal Contract Tower,43,31,19,0,93,0,0,9,0,9,43,31,28,0,102,0,0,0,102
04/07/2023,LRD,TX,ASW,CE,Federal Contract Tower,15,16,14,0,45,0,0,0,0,0,15,16,14,0,45,0,0,0,45
04/08/2023,LRD,TX,ASW,CE,Federal Contract Tower,20,11,10,0,41,0,4,15,2,21,20,15,25,2,62,0,0,0,62
04/09/2023,LRD,TX,ASW,CE,Federal Contract Tower,6,10,24,2,42,0,3,12,0,15,6,13,36,2,57,0,0,0,57
04/10/2023,LRD,TX,ASW,CE,Federal Contract Tower,18,27,31,0,76,0,0,19,2,21,18,27,50,2,97,0,0,0,97
04/11/2023,LRD,TX,ASW,CE,Federal Contract Tower,30,37,35,6,108,0,5,27,3,35,30,42,62,9,143,0,4,4,147
04/12/2023,LRD,TX,ASW,CE,Federal Contract Tower,37,37,33,12,119,0,2,49,6,57,37,39,82,18,176,0,8,8,184
04/13/2023,LRD,TX,ASW,CE,Federal Contract Tower,32,41,35,19,127,0,5,34,9,48,32,46,69,28,175,18,8,26,201
04/14/2023,LRD,TX,ASW,CE,Federal Contract Tower,19,22,26,24,91,0,0,17,2,19,19,22,43,26,110,0,0,0,110
04/15/2023,LRD,TX,ASW,CE,Federal Contract Tower,12,20,15,2,49,0,1,16,0,17,12,21,31,2,66,0,0,0,66
04/16/2023,LRD,TX,ASW,CE,Federal Contract Tower,13,11,16,1,41,0,6,28,1,35,13,17,44,2,76,0,0,0,76
04/17/2023,LRD,TX,ASW,CE,Federal Contract Tower,12,18,21,25,76,0,0,14,14,28,12,18,35,39,104,1,66,67,171
04/18/2023,LRD,TX,ASW,CE,Federal Contract Tower,38,26,32,0,96,0,0,17,2,19,38,26,49,2,115,0,0,0,115
04/19/2023,LRD,TX,ASW,CE,Federal Contract Tower,34,30,38,13,115,0,1,18,3,22,34,31,56,16,137,0,38,38,175
04/20/2023,LRD,TX,ASW,CE,Federal Contract Tower,38,26,29,17,110,0,4,17,3,24,38,30,46,20,134,0,0,0,134
04/21/2023,LRD,TX,ASW,CE,Federal Contract Tower,36,22,27,4,89,0,3,32,4,39,36,25,59,8,128,0,0,0,128
04/22/2023,LRD,TX,ASW,CE,Federal Contract Tower,21,24,21,0,66,0,0,14,1,15,21,24,35,1,81,0,0,0,81
04/23/2023,LRD,TX,ASW,CE,Federal Contract Tower,11,17,24,0,52,0,0,6,0,6,11,17,30,0,58,0,0,0,58
04/24/2023,LRD,TX,ASW,CE,Federal Contract Tower,33,25,33,9,100,0,0,18,3,21,33,25,51,12,121,14,10,24,145
04/25/2023,LRD,TX,ASW,CE,Federal Contract Tower,43,30,28,13,114,0,1,22,4,27,43,31,50,17,141,0,0,0,141
04/26/2023,LRD,TX,ASW,CE,Federal Contract Tower,50,34,37,10,131,0,7,17,4,28,50,41,54,14,159,0,16,16,175
04/27/2023,LRD,TX,ASW,CE,Federal Contract Tower,46,37,28,11,122,0,4,18,3,25,46,41,46,14,147,0,0,0,147
04/28/2023,LRD,TX,ASW,CE,Federal Contract Tower,30,20,30,0,80,0,0,17,3,20,30,20,47,3,100,0,0,0,100
04/29/2023,LRD,TX,ASW,CE,Federal Contract Tower,21,26,14,0,61,0,3,1,0,4,21,29,15,0,65,0,0,0,65
04/30/2023,LRD,TX,ASW,CE,Federal Contract Tower,14,25,16,0,55,0,0,21,6,27,14,25,37,6,82,6,0,6,88
05/01/2023,LRD,TX,ASW,CE,Federal Contract Tower,31,26,18,16,91,0,9,22,3,34,31,35,40,19,125,0,0,0,125
05/02/2023,LRD,TX,ASW,CE,Federal Contract Tower,37,42,33,12,124,0,2,19,5,26,37,44,52,17,150,0,0,0,150
05/03/2023,LRD,TX,ASW,CE,Federal Contract Tower,50,34,26,8,118,0,0,24,4,28,50,34,50,12,146,0,0,0,146
05/04/2023,LRD,TX,ASW,CE,Federal Contract Tower,55,35,27,44,161,0,0,13,0,13,55,35,40,44,174,0,0,0,174
05/05/2023,LRD,TX,ASW,CE,Federal Contract Tower,29,27,22,25,103,0,5,21,2,28,29,32,43,27,131,0,0,0,131
05/06/2023,LRD,TX,ASW,CE,Federal Contract Tower,23,27,11,0,61,0,3,14,1,18,23,30,25,1,79,0,0,0,79
05/07/2023,LRD,TX,ASW,CE,Federal Contract Tower,16,14,13,41,84,0,0,13,6,19,16,14,26,47,103,0,4,4,107
05/08/2023,LRD,TX,ASW,CE,Federal Contract Tower,26,39,31,36,132,0,0,25,2,27,26,39,56,38,159,8,38,46,205
05/09/2023,LRD,TX,ASW,CE,Federal Contract Tower,40,32,22,8,102,0,0,22,2,24,40,32,44,10,126,34,0,34,160
05/10/2023,LRD,TX,ASW,CE,Federal Contract Tower,47,46,18,42,153,0,0,29,9,38,47,46,47,51,191,0,40,40,231
05/11/2023,LRD,TX,ASW,CE,Federal Contract Tower,39,35,28,4,106,0,0,34,5,39,39,35,62,9,145,0,0,0,145
05/12/2023,LRD,TX,ASW,CE,Federal Contract Tower,21,24,34,8,87,0,6,12,0,18,21,30,46,8,105,0,20,20,125
05/13/2023,LRD,TX,ASW,CE,Federal Contract Tower,20,25,11,0,56,0,0,3,1,4,20,25,14,1,60,0,0,0,60
05/14/2023,LRD,TX,ASW,CE,Federal Contract Tower,17,16,7,2,42,0,0,19,1,20,17,16,26,3,62,12,0,12,74
05/15/2023,LRD,TX,ASW,CE,Federal Contract Tower,24,32,24,14,94,0,0,13,2,15,24,32,37,16,109,0,20,20,129
05/16/2023,LRD,TX,ASW,CE,Federal Contract Tower,36,46,21,10,113,0,0,8,4,12,36,46,29,14,125,0,30,30,155
05/17/2023,LRD,TX,ASW,CE,Federal Contract Tower,49,57,22,8,136,0,1,31,8,40,49,58,53,16,176,0,0,0,176
05/18/2023,LRD,TX,ASW,CE,Federal Contract Tower,49,40,33,4,126,0,2,30,9,41,49,42,63,13,167,0,8,8,175
05/19/2023,LRD,TX,ASW,CE,Federal Contract Tower,23,27,27,21,98,0,2,18,8,28,23,29,45,29,126,0,0,0,126
05/20/2023,LRD,TX,ASW,CE,Federal Contract Tower,24,35,15,0,74,0,5,3,0,8,24,40,18,0,82,0,0,0,82
05/21/2023,LRD,TX,ASW,CE,Federal Contract Tower,22,18,10,2,52,0,0,13,0,13,22,18,23,2,65,0,0,0,65
05/22/2023,LRD,TX,ASW,CE,Federal Contract Tower,33,31,20,8,92,0,6,26,1,33,33,37,46,9,125,0,0,0,125
05/23/2023,LRD,TX,ASW,CE,Federal Contract Tower,34,52,19,13,118,0,1,24,5,30,34,53,43,18,148,0,20,20,168
05/24/2023,LRD,TX,ASW,CE,Federal Contract Tower,40,36,28,6,110,0,3,40,4,47,40,39,68,10,157,0,0,0,157
05/25/2023,LRD,TX,ASW,CE,Federal Contract Tower,44,41,39,9,133,0,3,32,4,39,44,44,71,13,172,0,22,22,194
05/26/2023,LRD,TX,ASW,CE,Federal Contract Tower,27,23,22,0,72,0,2,25,2,29,27,25,47,2,101,0,0,0,101
05/27/2023,LRD,TX,ASW,CE,Federal Contract Tower,18,14,15,1,48,0,1,13,2,16,18,15,28,3,64,0,0,0,64
05/28/2023,LRD,TX,ASW,CE,Federal Contract Tower,13,8,12,0,33,0,6,12,2,20,13,14,24,2,53,0,0,0,53
05/29/2023,LRD,TX,ASW,CE,Federal Contract Tower,12,18,8,0,38,0,4,22,2,28,12,22,30,2,66,0,0,0,66
05/30/2023,LRD,TX,ASW,CE,Federal Contract Tower,31,25,22,20,98,0,0,26,2,28,31,25,48,22,126,0,18,18,144
05/31/2023,LRD,TX,ASW,CE,Federal Contract Tower,24,33,35,6,98,0,0,37,7,44,24,33,72,13,142,0,34,34,176
06/01/2023,LRD,TX,ASW,CE,Federal Contract Tower,21,34,24,2,81,0,0,31,4,35,21,34,55,6,116,6,0,6,122
06/02/2023,LRD,TX,ASW,CE,Federal Contract Tower,19,21,30,0,70,0,0,21,5,26,19,21,51,5,96,0,0,0,96
06/03/2023,LRD,TX,ASW,CE,Federal Contract Tower,14,14,9,0,37,0,7,4,0,11,14,21,13,0,48,0,0,0,48
06/04/2023,LRD,TX,ASW,CE,Federal Contract Tower,17,17,15,0,49,0,0,11,0,11,17,17,26,0,60,0,0,0,60
06/05/2023,LRD,TX,ASW,CE,Federal Contract Tower,19,30,23,16,88,0,0,12,3,15,19,30,35,19,103,0,4,4,107
06/06/2023,LRD,TX,ASW,CE,Federal Contract Tower,40,22,23,0,85,0,2,28,6,36,40,24,51,6,121,6,0,6,127
06/07/2023,LRD,TX,ASW,CE,Federal Contract Tower,37,36,19,16,108,1,0,28,7,36,38,36,47,23,144,0,46,46,190
06/08/2023,LRD,TX,ASW,CE,Federal Contract Tower,35,19,33,10,97,0,0,32,5,37,35,19,65,15,134,0,0,0,134
06/09/2023,LRD,TX,ASW,CE,Federal Contract Tower,29,20,24,6,79,0,0,41,3,44,29,20,65,9,123,4,40,44,167
06/10/2023,LRD,TX,ASW,CE,Federal Contract Tower,23,12,16,2,53,0,0,4,1,5,23,12,20,3,58,0,0,0,58
06/11/2023,LRD,TX,ASW,CE,Federal Contract Tower,15,10,7,0,32,0,4,19,1,24,15,14,26,1,56,0,0,0,56
06/12/2023,LRD,TX,ASW,CE,Federal Contract Tower,28,24,16,2,70,0,1,44,3,48,28,25,60,5,118,0,0,0,118
06/13/2023,LRD,TX,ASW,CE,Federal Contract Tower,38,27,15,16,96,0,0,29,8,37,38,27,44,24,133,0,41,41,174
06/14/2023,LRD,TX,ASW,CE,Federal Contract Tower,51,51,23,6,131,0,1,29,11,41,51,52,52,17,172,0,46,46,218
06/15/2023,LRD,TX,ASW,CE,Federal Contract Tower,42,52,31,4,129,0,0,22,10,32,42,52,53,14,161,0,28,28,189
06/16/2023,LRD,TX,ASW,CE,Federal Contract Tower,35,28,18,6,87,0,5,26,4,35,35,33,44,10,122,0,0,0,122
06/17/2023,LRD,TX,ASW,CE,Federal Contract Tower,28,27,17,0,72,0,3,8,0,11,28,30,25,0,83,6,0,6,89
06/18/2023,LRD,TX,ASW,CE,Federal Contract Tower,13,17,20,0,50,0,1,21,1,23,13,18,41,1,73,0,0,0,73
06/19/2023,LRD,TX,ASW,CE,Federal Contract Tower,30,34,28,0,92,0,3,16,3,22,30,37,44,3,114,0,0,0,114
06/20/2023,LRD,TX,ASW,CE,Federal Contract Tower,29,45,25,0,99,0,0,16,12,28,29,45,41,12,127,0,40,40,167
06/21/2023,LRD,TX,ASW,CE,Federal Contract Tower,43,63,34,2,142,0,4,30,9,43,43,67,64,11,185,0,18,18,203
06/22/2023,LRD,TX,ASW,CE,Federal Contract Tower,46,48,30,11,135,2,2,40,7,51,48,50,70,18,186,0,16,16,202
06/23/2023,LRD,TX,ASW,CE,Federal Contract Tower,35,42,22,4,103,0,0,27,17,44,35,42,49,21,147,0,0,0,147
06/24/2023,LRD,TX,ASW,CE,Federal Contract Tower,37,21,12,1,71,0,6,14,2,22,37,27,26,3,93,0,0,0,93
06/25/2023,LRD,TX,ASW,CE,Federal Contract Tower,14,24,26,0,64,0,5,28,0,33,14,29,54,0,97,0,0,0,97
06/26/2023,LRD,TX,ASW,CE,Federal Contract Tower,33,39,18,16,106,0,0,21,6,27,33,39,39,22,133,0,0,0,133
06/27/2023,LRD,TX,ASW,CE,Federal Contract Tower,42,43,23,6,114,0,15,25,9,49,42,58,48,15,163,0,0,0,163
06/28/2023,LRD,TX,ASW,CE,Federal Contract Tower,50,50,26,29,155,0,13,43,22,78,50,63,69,51,233,0,14,14,247
06/29/2023,LRD,TX,ASW,CE,Federal Contract Tower,39,37,24,2,102,0,2,32,20,54,39,39,56,22,156,0,56,56,212
06/30/2023,LRD,TX,ASW,CE,Federal Contract Tower,33,25,27,2,87,0,0,16,7,23,33,25,43,9,110,6,0,6,116
07/01/2023,LRD,TX,ASW,CE,Federal Contract Tower,14,12,17,0,43,0,0,13,2,15,14,12,30,2,58,0,0,0,58
07/02/2023,LRD,TX,ASW,CE,Federal Contract Tower,11,10,14,0,35,0,0,3,0,3,11,10,17,0,38,0,0,0,38
07/03/2023,LRD,TX,ASW,CE,Federal Contract Tower,12,19,13,0,44,0,0,22,2,24,12,19,35,2,68,0,0,0,68
07/04/2023,LRD,TX,ASW,CE,Federal Contract Tower,14,5,17,0,36,0,0,17,0,17,14,5,34,0,53,0,0,0,53
07/05/2023,LRD,TX,ASW,CE,Federal Contract Tower,16,16,28,11,71,0,0,26,5,31,16,16,54,16,102,34,50,84,186
07/06/2023,LRD,TX,ASW,CE,Federal Contract Tower,17,17,23,16,73,0,0,10,5,15,17,17,33,21,88,0,22,22,110
07/07/2023,LRD,TX,ASW,CE,Federal Contract Tower,17,20,21,0,58,0,0,16,3,19,17,20,37,3,77,0,0,0,77
07/08/2023,LRD,TX,ASW,CE,Federal Contract Tower,11,9,11,8,39,0,3,10,4,17,11,12,21,12,56,2,0,2,58
07/09/2023,LRD,TX,ASW,CE,Federal Contract Tower,11,12,15,4,42,0,3,25,1,29,11,15,40,5,71,0,0,0,71
07/10/2023,LRD,TX,ASW,CE,Federal Contract Tower,18,20,26,6,70,0,4,33,3,40,18,24,59,9,110,0,24,24,134
07/11/2023,LRD,TX,ASW,CE,Federal Contract Tower,31,21,22,10,84,0,0,16,2,18,31,21,38,12,102,0,34,34,136
07/12/2023,LRD,TX,ASW,CE,Federal Contract Tower,18,23,29,16,86,0,7,24,5,36,18,30,53,21,122,0,4,4,126
07/13/2023,LRD,TX,ASW,CE,Federal Contract Tower,26,25,31,14,96,0,1,15,5,21,26,26,46,19,117,0,6,6,123
07/14/2023,LRD,TX,ASW,CE,Federal Contract Tower,17,14,25,7,63,0,2,18,3,23,17,16,43,10,86,0,52,52,138
07/15/2023,LRD,TX,ASW,CE,Federal Contract Tower,16,12,14,0,42,0,3,19,1,23,16,15,33,1,65,14,0,14,79
07/16/2023,LRD,TX,ASW,CE,Federal Contract Tower,14,12,18,0,44,0,0,15,2,17,14,12,33,2,61,0,0,0,61
07/17/2023,LRD,TX,ASW,CE,Federal Contract Tower,20,15,23,13,71,0,0,16,7,23,20,15,39,20,94,0,104,104,198
07/18/2023,LRD,TX,ASW,CE,Federal Contract Tower,38,17,11,13,79,0,1,31,2,34,38,18,42,15,113,0,6,6,119
07/19/2023,LRD,TX,ASW,CE,Federal Contract Tower,28,22,36,2,88,0,3,29,9,41,28,25,65,11,129,0,0,0,129
07/20/2023,LRD,TX,ASW,CE,Federal Contract Tower,23,31,21,9,84,0,0,32,3,35,23,31,53,12,119,0,0,0,119
07/21/2023,LRD,TX,ASW,CE,Federal Contract Tower,21,19,13,4,57,0,4,36,5,45,21,23,49,9,102,0,32,32,134
07/22/2023,LRD,TX,ASW,CE,Federal Contract Tower,14,21,14,0,49,0,1,18,1,20,14,22,32,1,69,0,0,0,69
07/23/2023,LRD,TX,ASW,CE,Federal Contract Tower,24,13,16,10,63,0,0,31,1,32,24,13,47,11,95,0,0,0,95
07/24/2023,LRD,TX,ASW,CE,Federal Contract Tower,21,27,19,4,71,0,0,44,3,47,21,27,63,7,118,0,24,24,142
07/25/2023,LRD,TX,ASW,CE,Federal Contract Tower,31,30,18,4,83,0,0,21,3,24,31,30,39,7,107,0,0,0,107
07/26/2023,LRD,TX,ASW,CE,Federal Contract Tower,30,26,19,7,82,0,6,35,5,46,30,32,54,12,128,0,28,28,156
07/27/2023,LRD,TX,ASW,CE,Federal Contract Tower,38,24,24,4,90,0,3,13,6,22,38,27,37,10,112,0,12,12,124
07/28/2023,LRD,TX,ASW,CE,Federal Contract Tower,35,23,17,4,79,0,0,18,3,21,35,23,35,7,100,6,0,6,106
07/29/2023,LRD,TX,ASW,CE,Federal Contract Tower,29,25,8,2,64,0,0,2,1,3,29,25,10,3,67,1,0,1,68
07/30/2023,LRD,TX,ASW,CE,Federal Contract Tower,15,10,14,0,39,0,0,32,0,32,15,10,46,0,71,0,0,0,71
07/31/2023,LRD,TX,ASW,CE,Federal Contract Tower,24,19,20,12,75,0,0,31,4,35,24,19,51,16,110,0,0,0,110
08/01/2023,LRD,TX,ASW,CE,Federal Contract Tower,39,18,29,9,95,0,0,45,0,45,39,18,74,9,140,46,32,78,218
08/02/2023,LRD,TX,ASW,CE,Federal Contract Tower,23,24,26,18,91,0,0,48,3,51,23,24,74,21,142,14,84,98,240
08/03/2023,LRD,TX,ASW,CE,Federal Contract Tower,44,40,36,11,131,0,4,28,3,35,44,44,64,14,166,0,24,24,190
08/04/2023,LRD,TX,ASW,CE,Federal Contract Tower,29,21,27,8,85,0,10,27,0,37,29,31,54,8,122,0,18,18,140
08/05/2023,LRD,TX,ASW,CE,Federal Contract Tower,18,12,12,2,44,0,8,10,1,19,18,20,22,3,63,6,0,6,69
08/06/2023,LRD,TX,ASW,CE,Federal Contract Tower,19,8,10,0,37,0,3,35,1,39,19,11,45,1,76,0,0,0,76
08/07/2023,LRD,TX,ASW,CE,Federal Contract Tower,28,25,21,16,90,0,5,43,3,51,28,30,64,19,141,12,0,12,153
08/08/2023,LRD,TX,ASW,CE,Federal Contract Tower,37,28,16,1,82,0,0,18,5,23,37,28,34,6,105,0,0,0,105
08/09/2023,LRD,TX,ASW,CE,Federal Contract Tower,38,36,19,20,113,0,1,32,2,35,38,37,51,22,148,0,30,30,178
08/10/2023,LRD,TX,ASW,CE,Federal Contract Tower,28,25,24,12,89,0,3,32,5,40,28,28,56,17,129,0,32,32,161
08/11/2023,LRD,TX,ASW,CE,Federal Contract Tower,25,16,30,10,81,0,7,18,7,32,25,23,48,17,113,0,50,50,163
08/12/2023,LRD,TX,ASW,CE,Federal Contract Tower,20,8,13,0,41,0,0,12,1,13,20,8,25,1,54,0,0,0,54
08/13/2023,LRD,TX,ASW,CE,Federal Contract Tower,23,11,26,0,60,0,0,0,0,0,23,11,26,0,60,18,0,18,78
08/14/2023,LRD,TX,ASW,CE,Federal Contract Tower,28,27,35,15,105,0,15,32,3,50,28,42,67,18,155,14,20,34,189
08/15/2023,LRD,TX,ASW,CE,Federal Contract Tower,25,56,26,14,121,0,0,35,2,37,25,56,61,16,158,0,32,32,190
08/16/2023,LRD,TX,ASW,CE,Federal Contract Tower,28,35,23,6,92,0,6,17,0,23,28,41,40,6,115,0,54,54,169
08/17/2023,LRD,TX,ASW,CE,Federal Contract Tower,40,25,25,5,95,0,1,46,15,62,40,26,71,20,157,6,18,24,181
08/18/2023,LRD,TX,ASW,CE,Federal Contract Tower,37,35,23,6,101,0,0,21,3,24,37,35,44,9,125,0,0,0,125
08/19/2023,LRD,TX,ASW,CE,Federal Contract Tower,18,9,13,0,40,0,6,11,0,17,18,15,24,0,57,6,0,6,63
08/20/2023,LRD,TX,ASW,CE,Federal Contract Tower,16,15,5,1,37,0,6,19,1,26,16,21,24,2,63,0,0,0,63
08/21/2023,LRD,TX,ASW,CE,Federal Contract Tower,16,18,29,2,65,0,2,30,2,34,16,20,59,4,99,0,0,0,99
08/22/2023,LRD,TX,ASW,CE,Federal Contract Tower,24,14,7,0,45,0,0,2,0,2,24,14,9,0,47,0,0,0,47
08/23/2023,LRD,TX,ASW,CE,Federal Contract Tower,28,28,26,2,84,0,6,21,3,30,28,34,47,5,114,0,0,0,114
08/24/2023,LRD,TX,ASW,CE,Federal Contract Tower,43,34,19,10,106,0,0,25,5,30,43,34,44,15,136,0,4,4,140
08/25/2023,LRD,TX,ASW,CE,Federal Contract Tower,40,16,24,0,80,0,2,24,3,29,40,18,48,3,109,0,0,0,109
08/26/2023,LRD,TX,ASW,CE,Federal Contract Tower,23,23,8,0,54,0,4,14,0,18,23,27,22,0,72,0,0,0,72
08/27/2023,LRD,TX,ASW,CE,Federal Contract Tower,12,14,20,3,49,0,3,37,1,41,12,17,57,4,90,10,0,10,100
08/28/2023,LRD,TX,ASW,CE,Federal Contract Tower,28,26,10,12,76,0,4,24,4,32,28,30,34,16,108,6,18,24,132
08/29/2023,LRD,TX,ASW,CE,Federal Contract Tower,39,26,20,10,95,0,0,19,2,21,39,26,39,12,116,0,0,0,116
08/30/2023,LRD,TX,ASW,CE,Federal Contract Tower,29,33,23,16,101,0,3,32,5,40,29,36,55,21,141,0,2,2,143
08/31/2023,LRD,TX,ASW,CE,Federal Contract Tower,30,37,18,14,99,0,0,24,3,27,30,37,42,17,126,0,108,108,234
