01/01/2000,LSE,WI,AGL,CE,Federal Contract Tower,1,9,4,0,14,2,4,27,0,33,3,13,31,0,47,10,0,10,57
01/02/2000,LSE,WI,AGL,CE,Federal Contract Tower,4,17,5,1,27,1,3,0,1,5,5,20,5,2,32,0,0,0,32
01/03/2000,LSE,WI,AGL,CE,Federal Contract Tower,6,20,4,0,30,2,6,0,0,8,8,26,4,0,38,10,0,10,48
01/04/2000,LSE,WI,AGL,CE,Federal Contract Tower,6,22,10,0,38,0,5,17,0,22,6,27,27,0,60,26,0,26,86
01/05/2000,LSE,WI,AGL,CE,Federal Contract Tower,5,26,12,0,43,0,2,6,0,8,5,28,18,0,51,10,0,10,61
01/06/2000,LSE,WI,AGL,CE,Federal Contract Tower,5,31,10,0,46,0,2,23,0,25,5,33,33,0,71,5,0,5,76
01/07/2000,LSE,WI,AGL,CE,Federal Contract Tower,6,28,12,1,47,0,3,46,0,49,6,31,58,1,96,53,0,53,149
01/08/2000,LSE,WI,AGL,CE,Federal Contract Tower,5,16,7,1,29,1,2,95,0,98,6,18,102,1,127,78,0,78,205
01/09/2000,LSE,WI,AGL,CE,Federal Contract Tower,3,14,5,1,23,0,3,0,0,3,3,17,5,1,26,0,0,0,26
01/10/2000,LSE,WI,AGL,CE,Federal Contract Tower,6,22,6,1,35,0,5,0,0,5,6,27,6,1,40,32,0,32,72
01/11/2000,LSE,WI,AGL,CE,Federal Contract Tower,6,28,12,0,46,0,0,28,0,28,6,28,40,0,74,30,0,30,104
01/12/2000,LSE,WI,AGL,CE,Federal Contract Tower,6,18,8,0,32,1,0,14,0,15,7,18,22,0,47,7,0,7,54
01/13/2000,LSE,WI,AGL,CE,Federal Contract Tower,5,28,10,1,44,0,5,28,1,34,5,33,38,2,78,34,2,36,114
01/14/2000,LSE,WI,AGL,CE,Federal Contract Tower,4,21,8,0,33,1,7,17,0,25,5,28,25,0,58,8,0,8,66
01/15/2000,LSE,WI,AGL,CE,Federal Contract Tower,3,17,6,1,27,3,1,70,1,75,6,18,76,2,102,126,0,126,228
01/16/2000,LSE,WI,AGL,CE,Federal Contract Tower,3,15,6,0,24,4,4,40,0,48,7,19,46,0,72,49,1,50,122
01/17/2000,LSE,WI,AGL,CE,Federal Contract Tower,5,29,12,0,46,0,1,5,0,6,5,30,17,0,52,8,0,8,60
01/18/2000,LSE,WI,AGL,CE,Federal Contract Tower,6,25,11,0,42,0,0,20,1,21,6,25,31,1,63,31,0,31,94
01/19/2000,LSE,WI,AGL,CE,Federal Contract Tower,5,18,10,0,33,0,0,9,2,11,5,18,19,2,44,2,0,2,46
01/20/2000,LSE,WI,AGL,CE,Federal Contract Tower,6,30,12,0,48,0,5,23,2,30,6,35,35,2,78,116,2,118,196
01/21/2000,LSE,WI,AGL,CE,Federal Contract Tower,6,29,12,0,47,0,4,17,2,23,6,33,29,2,70,6,0,6,76
01/22/2000,LSE,WI,AGL,CE,Federal Contract Tower,3,15,6,0,24,4,3,5,0,12,7,18,11,0,36,22,0,22,58
01/23/2000,LSE,WI,AGL,CE,Federal Contract Tower,4,18,7,0,29,2,2,12,0,16,6,20,19,0,45,18,0,18,63
01/24/2000,LSE,WI,AGL,CE,Federal Contract Tower,6,25,10,0,41,0,2,15,2,19,6,27,25,2,60,10,0,10,70
01/25/2000,LSE,WI,AGL,CE,Federal Contract Tower,6,27,11,0,44,0,1,12,16,29,6,28,23,16,73,35,22,57,130
01/26/2000,LSE,WI,AGL,CE,Federal Contract Tower,4,27,11,0,42,0,5,46,6,57,4,32,57,6,99,72,4,76,175
01/27/2000,LSE,WI,AGL,CE,Federal Contract Tower,6,31,13,0,50,0,0,12,4,16,6,31,25,4,66,16,2,18,84
01/28/2000,LSE,WI,AGL,CE,Federal Contract Tower,6,24,10,0,40,2,6,9,0,17,8,30,19,0,57,46,0,46,103
01/29/2000,LSE,WI,AGL,CE,Federal Contract Tower,5,15,8,0,28,1,0,31,0,32,6,15,39,0,60,60,0,60,120
01/30/2000,LSE,WI,AGL,CE,Federal Contract Tower,2,11,5,0,18,1,4,16,0,21,3,15,21,0,39,54,0,54,93
01/31/2000,LSE,WI,AGL,CE,Federal Contract Tower,7,26,13,0,46,0,0,14,2,16,7,26,27,2,62,43,6,49,111
02/01/2000,LSE,WI,AGL,CE,Federal Contract Tower,5,25,16,0,46,0,4,40,0,44,5,29,56,0,90,52,0,52,142
02/02/2000,LSE,WI,AGL,CE,Federal Contract Tower,5,22,13,0,40,0,8,0,0,8,5,30,13,0,48,0,0,0,48
02/03/2000,LSE,WI,AGL,CE,Federal Contract Tower,5,27,18,0,50,0,3,5,0,8,5,30,23,0,58,2,0,2,60
02/04/2000,LSE,WI,AGL,CE,Federal Contract Tower,5,23,14,0,42,0,4,19,0,23,5,27,33,0,65,34,0,34,99
02/05/2000,LSE,WI,AGL,CE,Federal Contract Tower,3,17,11,0,31,0,5,65,12,82,3,22,76,12,113,30,8,38,151
02/06/2000,LSE,WI,AGL,CE,Federal Contract Tower,3,12,9,0,24,2,3,5,1,11,5,15,14,1,35,14,2,16,51
02/07/2000,LSE,WI,AGL,CE,Federal Contract Tower,7,28,21,0,56,0,0,29,0,29,7,28,50,0,85,32,0,32,117
02/08/2000,LSE,WI,AGL,CE,Federal Contract Tower,6,27,17,0,50,0,3,6,2,11,6,30,23,2,61,8,0,8,69
02/09/2000,LSE,WI,AGL,CE,Federal Contract Tower,3,31,20,0,54,0,0,12,0,12,3,31,32,0,66,70,0,70,136
02/10/2000,LSE,WI,AGL,CE,Federal Contract Tower,5,28,19,0,52,0,0,10,0,10,5,28,29,0,62,0,0,0,62
02/11/2000,LSE,WI,AGL,CE,Federal Contract Tower,7,28,19,0,54,0,8,42,0,50,7,36,61,0,104,26,0,26,130
02/12/2000,LSE,WI,AGL,CE,Federal Contract Tower,4,18,11,0,33,1,0,22,0,23,5,18,33,0,56,21,0,21,77
02/13/2000,LSE,WI,AGL,CE,Federal Contract Tower,3,14,9,0,26,2,4,3,0,9,5,18,12,0,35,8,0,8,43
02/14/2000,LSE,WI,AGL,CE,Federal Contract Tower,5,24,15,0,44,1,5,14,0,20,6,29,29,0,64,14,0,14,78
02/15/2000,LSE,WI,AGL,CE,Federal Contract Tower,3,21,14,0,38,0,4,0,0,4,3,25,14,0,42,4,0,4,46
02/16/2000,LSE,WI,AGL,CE,Federal Contract Tower,5,25,15,0,45,1,3,41,0,45,6,28,56,0,90,28,0,28,118
02/17/2000,LSE,WI,AGL,CE,Federal Contract Tower,6,27,16,0,49,3,0,7,0,10,9,27,23,0,59,10,0,10,69
02/18/2000,LSE,WI,AGL,CE,Federal Contract Tower,5,24,13,0,42,3,2,4,0,9,8,26,17,0,51,6,0,6,57
02/19/2000,LSE,WI,AGL,CE,Federal Contract Tower,3,15,9,0,27,0,7,31,0,38,3,22,40,0,65,2,0,2,67
02/20/2000,LSE,WI,AGL,CE,Federal Contract Tower,4,19,12,0,35,2,0,135,0,137,6,19,147,0,172,116,0,116,288
02/21/2000,LSE,WI,AGL,CE,Federal Contract Tower,4,21,13,0,38,1,5,12,0,18,5,26,25,0,56,46,0,46,102
02/22/2000,LSE,WI,AGL,CE,Federal Contract Tower,5,23,14,0,42,1,4,20,0,25,6,27,34,0,67,18,0,18,85
02/23/2000,LSE,WI,AGL,CE,Federal Contract Tower,2,26,16,0,44,0,6,13,0,19,2,32,29,0,63,24,0,24,87
02/24/2000,LSE,WI,AGL,CE,Federal Contract Tower,6,24,18,0,48,1,0,9,0,10,7,24,27,0,58,4,0,4,62
02/25/2000,LSE,WI,AGL,CE,Federal Contract Tower,5,23,15,0,43,0,0,7,0,7,5,23,22,0,50,4,0,4,54
02/26/2000,LSE,WI,AGL,CE,Federal Contract Tower,3,14,8,0,25,1,4,25,0,30,4,18,33,0,55,40,4,44,99
02/27/2000,LSE,WI,AGL,CE,Federal Contract Tower,3,14,8,0,25,1,4,41,0,46,4,18,49,0,71,38,0,38,109
02/28/2000,LSE,WI,AGL,CE,Federal Contract Tower,6,28,17,0,51,0,1,32,0,33,6,29,49,0,84,22,0,22,106
02/29/2000,LSE,WI,AGL,CE,Federal Contract Tower,6,28,18,0,52,0,2,32,0,34,6,30,50,0,86,48,0,48,134
03/01/2000,LSE,WI,AGL,CE,Federal Contract Tower,3,35,23,0,61,0,0,35,0,35,3,35,58,0,96,47,0,47,143
03/02/2000,LSE,WI,AGL,CE,Federal Contract Tower,6,31,20,0,57,0,8,77,6,91,6,39,97,6,148,60,12,72,220
03/03/2000,LSE,WI,AGL,CE,Federal Contract Tower,6,24,16,0,46,0,9,66,0,75,6,33,82,0,121,68,0,68,189
03/04/2000,LSE,WI,AGL,CE,Federal Contract Tower,4,17,12,0,33,0,4,81,0,85,4,21,93,0,118,122,0,122,240
03/05/2000,LSE,WI,AGL,CE,Federal Contract Tower,4,18,12,0,34,0,0,77,0,77,4,18,89,0,111,26,0,26,137
03/06/2000,LSE,WI,AGL,CE,Federal Contract Tower,4,25,16,0,45,0,6,22,0,28,4,31,38,0,73,18,0,18,91
03/07/2000,LSE,WI,AGL,CE,Federal Contract Tower,5,28,18,0,51,0,6,24,0,30,5,34,42,0,81,63,0,63,144
03/08/2000,LSE,WI,AGL,CE,Federal Contract Tower,5,25,17,0,47,0,10,1,2,13,5,35,18,2,60,4,0,4,64
03/09/2000,LSE,WI,AGL,CE,Federal Contract Tower,6,28,16,0,50,0,3,0,4,7,6,31,16,4,57,2,0,2,59
03/10/2000,LSE,WI,AGL,CE,Federal Contract Tower,5,24,17,0,46,0,0,36,0,36,5,24,53,0,82,36,0,36,118
03/11/2000,LSE,WI,AGL,CE,Federal Contract Tower,4,16,10,0,30,0,3,107,2,112,4,19,117,2,142,44,0,44,186
03/12/2000,LSE,WI,AGL,CE,Federal Contract Tower,4,15,10,0,29,3,2,18,0,23,7,17,28,0,52,2,0,2,54
03/13/2000,LSE,WI,AGL,CE,Federal Contract Tower,5,24,17,1,47,1,0,25,3,29,6,24,42,4,76,30,2,32,108
03/14/2000,LSE,WI,AGL,CE,Federal Contract Tower,6,29,19,0,54,0,3,26,0,29,6,32,45,0,83,8,0,8,91
03/15/2000,LSE,WI,AGL,CE,Federal Contract Tower,6,35,23,0,64,0,1,12,0,13,6,36,35,0,77,4,0,4,81
03/16/2000,LSE,WI,AGL,CE,Federal Contract Tower,5,28,18,1,52,0,0,47,1,48,5,28,65,2,100,18,0,18,118
03/17/2000,LSE,WI,AGL,CE,Federal Contract Tower,5,24,15,0,44,1,7,22,0,30,6,31,37,0,74,26,0,26,100
03/18/2000,LSE,WI,AGL,CE,Federal Contract Tower,2,14,4,1,21,1,5,0,0,6,3,19,4,1,27,0,0,0,27
03/19/2000,LSE,WI,AGL,CE,Federal Contract Tower,4,17,11,1,33,2,0,5,0,7,6,17,16,1,40,0,0,0,40
03/20/2000,LSE,WI,AGL,CE,Federal Contract Tower,5,23,17,1,46,2,0,4,0,6,7,23,21,1,52,0,0,0,52
03/21/2000,LSE,WI,AGL,CE,Federal Contract Tower,3,30,22,1,56,0,0,14,0,14,3,30,36,1,70,8,0,8,78
03/22/2000,LSE,WI,AGL,CE,Federal Contract Tower,6,30,20,1,57,0,0,9,3,12,6,30,29,4,69,30,6,36,105
03/23/2000,LSE,WI,AGL,CE,Federal Contract Tower,5,28,17,1,51,0,0,14,3,17,5,28,31,4,68,36,10,46,114
03/24/2000,LSE,WI,AGL,CE,Federal Contract Tower,5,25,14,0,44,0,2,0,0,2,5,27,14,0,46,2,0,2,48
03/25/2000,LSE,WI,AGL,CE,Federal Contract Tower,2,15,8,0,25,1,7,22,0,30,3,22,30,0,55,20,0,20,75
03/26/2000,LSE,WI,AGL,CE,Federal Contract Tower,3,17,9,0,29,3,1,28,0,32,6,18,37,0,61,22,0,22,83
03/27/2000,LSE,WI,AGL,CE,Federal Contract Tower,4,22,13,1,40,1,6,7,1,15,5,28,20,2,55,2,4,6,61
03/28/2000,LSE,WI,AGL,CE,Federal Contract Tower,4,23,13,0,40,2,11,0,0,13,6,34,13,0,53,6,0,6,59
03/29/2000,LSE,WI,AGL,CE,Federal Contract Tower,5,27,16,1,49,1,5,45,1,52,6,32,61,2,101,36,6,42,143
03/30/2000,LSE,WI,AGL,CE,Federal Contract Tower,5,28,17,1,51,3,2,53,3,61,8,30,70,4,112,70,0,70,182
03/31/2000,LSE,WI,AGL,CE,Federal Contract Tower,5,24,14,0,43,1,7,32,0,40,6,31,46,0,83,56,0,56,139
04/01/2000,LSE,WI,AGL,CE,Federal Contract Tower,4,15,9,0,28,0,3,33,0,36,4,18,42,0,64,52,0,52,116
04/02/2000,LSE,WI,AGL,CE,Federal Contract Tower,5,17,11,0,33,0,0,51,0,51,5,17,62,0,84,30,0,30,114
04/03/2000,LSE,WI,AGL,CE,Federal Contract Tower,6,25,13,1,45,0,3,4,1,8,6,28,17,2,53,22,4,26,79
04/04/2000,LSE,WI,AGL,CE,Federal Contract Tower,6,25,14,0,45,0,6,16,0,22,6,31,30,0,67,28,0,28,95
04/05/2000,LSE,WI,AGL,CE,Federal Contract Tower,4,23,13,0,40,0,7,9,4,20,4,30,22,4,60,4,2,6,66
04/06/2000,LSE,WI,AGL,CE,Federal Contract Tower,3,34,20,1,58,0,0,42,5,47,3,34,62,6,105,16,20,36,141
04/07/2000,LSE,WI,AGL,CE,Federal Contract Tower,6,25,9,0,40,0,5,0,0,5,6,30,9,0,45,0,0,0,45
04/08/2000,LSE,WI,AGL,CE,Federal Contract Tower,4,16,9,0,29,2,2,40,2,46,6,18,49,2,75,24,0,24,99
04/09/2000,LSE,WI,AGL,CE,Federal Contract Tower,4,15,8,0,27,0,4,77,0,81,4,19,85,0,108,44,0,44,152
04/10/2000,LSE,WI,AGL,CE,Federal Contract Tower,5,25,13,0,43,1,2,4,0,7,6,27,17,0,50,4,0,4,54
04/11/2000,LSE,WI,AGL,CE,Federal Contract Tower,6,30,18,2,56,0,0,15,0,15,6,30,33,2,71,4,0,4,75
04/12/2000,LSE,WI,AGL,CE,Federal Contract Tower,5,28,14,2,49,0,2,35,4,41,5,30,49,6,90,58,2,60,150
04/13/2000,LSE,WI,AGL,CE,Federal Contract Tower,6,31,17,2,56,0,0,20,0,20,6,31,37,2,76,26,0,26,102
04/14/2000,LSE,WI,AGL,CE,Federal Contract Tower,6,29,16,2,53,0,6,31,2,39,6,35,47,4,92,46,4,50,142
04/15/2000,LSE,WI,AGL,CE,Federal Contract Tower,4,16,9,0,29,0,1,9,0,10,4,17,18,0,39,36,0,36,75
04/16/2000,LSE,WI,AGL,CE,Federal Contract Tower,3,17,8,0,28,0,1,0,0,1,3,18,8,0,29,2,0,2,31
04/17/2000,LSE,WI,AGL,CE,Federal Contract Tower,6,29,14,0,49,0,1,2,0,3,6,30,16,0,52,4,0,4,56
04/18/2000,LSE,WI,AGL,CE,Federal Contract Tower,5,28,16,2,51,0,0,38,6,44,5,28,54,8,95,67,28,95,190
04/19/2000,LSE,WI,AGL,CE,Federal Contract Tower,4,33,16,0,53,0,0,6,0,6,4,33,22,0,59,4,0,4,63
04/20/2000,LSE,WI,AGL,CE,Federal Contract Tower,5,25,12,0,42,2,0,7,0,9,7,25,19,0,51,2,0,2,53
04/21/2000,LSE,WI,AGL,CE,Federal Contract Tower,4,20,10,0,34,2,4,74,0,80,6,24,84,0,114,86,0,86,200
04/22/2000,LSE,WI,AGL,CE,Federal Contract Tower,3,15,7,0,25,1,2,103,0,106,4,17,110,0,131,84,0,84,215
04/23/2000,LSE,WI,AGL,CE,Federal Contract Tower,3,16,9,0,28,3,1,22,0,26,6,17,31,0,54,19,0,19,73
04/24/2000,LSE,WI,AGL,CE,Federal Contract Tower,5,27,15,0,47,1,1,63,0,65,6,28,78,0,112,136,0,136,248
04/25/2000,LSE,WI,AGL,CE,Federal Contract Tower,6,35,18,0,59,0,7,65,0,72,6,42,83,0,131,60,0,60,191
04/26/2000,LSE,WI,AGL,CE,Federal Contract Tower,6,30,16,1,53,0,10,86,1,97,6,40,102,2,150,152,0,152,302
04/27/2000,LSE,WI,AGL,CE,Federal Contract Tower,5,27,15,1,48,1,5,28,0,34,6,32,43,1,82,44,0,44,126
04/28/2000,LSE,WI,AGL,CE,Federal Contract Tower,6,29,14,0,49,0,6,21,0,27,6,35,35,0,76,44,0,44,120
04/29/2000,LSE,WI,AGL,CE,Federal Contract Tower,4,21,12,0,37,0,0,60,0,60,4,21,72,0,97,65,0,65,162
04/30/2000,LSE,WI,AGL,CE,Federal Contract Tower,3,15,9,0,27,3,0,40,0,43,6,15,49,0,70,32,0,32,102
05/01/2000,LSE,WI,AGL,CE,Federal Contract Tower,4,19,12,0,35,1,5,27,0,33,5,24,39,0,68,44,0,44,112
05/02/2000,LSE,WI,AGL,CE,Federal Contract Tower,3,24,14,1,42,0,4,18,5,27,3,28,32,6,69,16,2,18,87
05/03/2000,LSE,WI,AGL,CE,Federal Contract Tower,6,28,16,1,51,0,2,24,3,29,6,30,40,4,80,24,4,28,108
05/04/2000,LSE,WI,AGL,CE,Federal Contract Tower,4,30,18,1,53,0,0,4,5,9,4,30,22,6,62,10,18,28,90
05/05/2000,LSE,WI,AGL,CE,Federal Contract Tower,5,27,16,0,48,0,8,19,0,27,5,35,35,0,75,11,0,11,86
05/06/2000,LSE,WI,AGL,CE,Federal Contract Tower,4,18,10,1,33,1,2,22,9,34,5,20,32,10,67,30,6,36,103
05/07/2000,LSE,WI,AGL,CE,Federal Contract Tower,4,15,9,0,28,0,10,18,0,28,4,25,27,0,56,10,0,10,66
05/08/2000,LSE,WI,AGL,CE,Federal Contract Tower,5,23,13,0,41,0,4,4,0,8,5,27,17,0,49,6,0,6,55
05/09/2000,LSE,WI,AGL,CE,Federal Contract Tower,5,26,15,1,47,0,3,21,2,26,5,29,36,3,73,54,0,54,127
05/10/2000,LSE,WI,AGL,CE,Federal Contract Tower,6,30,20,0,56,0,0,40,0,40,6,30,60,0,96,50,0,50,146
05/11/2000,LSE,WI,AGL,CE,Federal Contract Tower,5,27,16,0,48,0,3,2,0,5,5,30,18,0,53,0,0,0,53
05/12/2000,LSE,WI,AGL,CE,Federal Contract Tower,5,29,17,0,51,0,3,27,0,30,5,32,44,0,81,46,0,46,127
05/13/2000,LSE,WI,AGL,CE,Federal Contract Tower,5,25,15,2,47,0,1,22,31,54,5,26,37,33,101,52,0,52,153
05/14/2000,LSE,WI,AGL,CE,Federal Contract Tower,3,17,9,0,29,1,4,36,0,41,4,21,45,0,70,34,0,34,104
05/15/2000,LSE,WI,AGL,CE,Federal Contract Tower,4,21,12,0,37,2,3,43,0,48,6,24,55,0,85,18,0,18,103
05/16/2000,LSE,WI,AGL,CE,Federal Contract Tower,4,30,18,0,52,0,0,20,0,20,4,30,38,0,72,12,0,12,84
05/17/2000,LSE,WI,AGL,CE,Federal Contract Tower,3,21,12,0,36,0,0,7,0,7,3,21,19,0,43,11,0,11,54
05/18/2000,LSE,WI,AGL,CE,Federal Contract Tower,4,22,12,0,38,2,0,6,0,8,6,22,18,0,46,25,0,25,71
05/19/2000,LSE,WI,AGL,CE,Federal Contract Tower,3,30,18,2,53,0,7,65,0,72,3,37,83,2,125,80,4,84,209
05/20/2000,LSE,WI,AGL,CE,Federal Contract Tower,3,19,9,0,31,2,3,53,0,58,5,22,62,0,89,42,0,42,131
05/21/2000,LSE,WI,AGL,CE,Federal Contract Tower,3,17,9,0,29,1,0,47,0,48,4,17,56,0,77,28,0,28,105
05/22/2000,LSE,WI,AGL,CE,Federal Contract Tower,3,21,11,0,35,2,7,26,0,35,5,28,37,0,70,40,0,40,110
05/23/2000,LSE,WI,AGL,CE,Federal Contract Tower,4,26,14,1,45,1,7,50,0,58,5,33,64,1,103,86,0,86,189
05/24/2000,LSE,WI,AGL,CE,Federal Contract Tower,5,27,14,0,46,0,4,33,0,37,5,31,47,0,83,29,2,31,114
05/25/2000,LSE,WI,AGL,CE,Federal Contract Tower,5,34,18,3,60,0,3,85,3,91,5,37,103,6,151,128,2,130,281
05/26/2000,LSE,WI,AGL,CE,Federal Contract Tower,4,25,13,0,42,1,3,53,0,57,5,28,66,0,99,42,0,42,141
05/27/2000,LSE,WI,AGL,CE,Federal Contract Tower,3,19,7,0,29,2,0,0,0,2,5,19,7,0,31,4,0,4,35
05/28/2000,LSE,WI,AGL,CE,Federal Contract Tower,3,20,12,0,35,1,0,21,0,22,4,20,33,0,57,20,0,20,77
05/29/2000,LSE,WI,AGL,CE,Federal Contract Tower,3,16,9,0,28,2,0,34,0,36,5,16,43,0,64,54,0,54,118
05/30/2000,LSE,WI,AGL,CE,Federal Contract Tower,4,24,17,0,45,0,0,10,0,10,4,24,27,0,55,9,0,9,64
05/31/2000,LSE,WI,AGL,CE,Federal Contract Tower,5,24,14,0,43,0,0,24,0,24,5,24,38,0,67,70,0,70,137
06/01/2000,LSE,WI,AGL,CE,Federal Contract Tower,5,19,11,0,35,1,4,0,0,5,6,23,11,0,40,10,0,10,50
06/02/2000,LSE,WI,AGL,CE,Federal Contract Tower,5,30,22,2,59,0,5,49,0,54,5,35,71,2,113,44,0,44,157
06/03/2000,LSE,WI,AGL,CE,Federal Contract Tower,4,18,13,2,37,0,0,92,0,92,4,18,105,2,129,46,0,46,175
06/04/2000,LSE,WI,AGL,CE,Federal Contract Tower,4,14,9,1,28,0,1,0,0,1,4,15,9,1,29,0,0,0,29
06/05/2000,LSE,WI,AGL,CE,Federal Contract Tower,5,25,19,1,50,0,3,38,0,41,5,28,57,1,91,82,2,84,175
06/06/2000,LSE,WI,AGL,CE,Federal Contract Tower,6,25,19,1,51,0,3,113,0,116,6,28,132,1,167,140,4,144,311
06/07/2000,LSE,WI,AGL,CE,Federal Contract Tower,6,26,20,2,54,1,5,40,22,68,7,31,60,24,122,68,8,76,198
06/08/2000,LSE,WI,AGL,CE,Federal Contract Tower,4,17,13,0,34,1,7,37,0,45,5,24,50,0,79,70,0,70,149
06/09/2000,LSE,WI,AGL,CE,Federal Contract Tower,5,29,21,2,57,0,1,44,0,45,5,30,65,2,102,40,0,40,142
06/10/2000,LSE,WI,AGL,CE,Federal Contract Tower,4,18,14,0,36,3,4,20,0,27,7,22,34,0,63,45,0,45,108
06/11/2000,LSE,WI,AGL,CE,Federal Contract Tower,4,15,12,2,33,0,0,97,6,103,4,15,109,8,136,54,0,54,190
06/12/2000,LSE,WI,AGL,CE,Federal Contract Tower,5,26,20,2,53,0,1,22,0,23,5,27,42,2,76,50,0,50,126
06/13/2000,LSE,WI,AGL,CE,Federal Contract Tower,5,24,18,3,50,0,3,3,1,7,5,27,21,4,57,14,0,14,71
06/14/2000,LSE,WI,AGL,CE,Federal Contract Tower,4,24,18,3,49,0,3,49,5,57,4,27,67,8,106,40,32,72,178
06/15/2000,LSE,WI,AGL,CE,Federal Contract Tower,3,23,18,3,47,0,2,39,9,50,3,25,57,12,97,20,50,70,167
06/16/2000,LSE,WI,AGL,CE,Federal Contract Tower,5,25,19,3,52,1,0,59,26,86,6,25,78,29,138,53,78,131,269
06/17/2000,LSE,WI,AGL,CE,Federal Contract Tower,4,17,13,3,37,1,0,219,4,224,5,17,232,7,261,263,36,299,560
06/18/2000,LSE,WI,AGL,CE,Federal Contract Tower,4,15,15,3,37,0,0,107,28,135,4,15,122,31,172,216,38,254,426
06/19/2000,LSE,WI,AGL,CE,Federal Contract Tower,5,25,20,4,54,0,0,56,7,63,5,25,76,11,117,24,12,36,153
06/20/2000,LSE,WI,AGL,CE,Federal Contract Tower,4,22,15,2,43,1,0,17,0,18,5,22,32,2,61,44,0,44,105
06/21/2000,LSE,WI,AGL,CE,Federal Contract Tower,4,23,16,0,43,1,5,19,0,25,5,28,35,0,68,8,0,8,76
06/22/2000,LSE,WI,AGL,CE,Federal Contract Tower,5,25,17,2,49,0,8,53,0,61,5,33,70,2,110,76,2,78,188
06/23/2000,LSE,WI,AGL,CE,Federal Contract Tower,6,27,19,2,54,2,4,27,0,33,8,31,46,2,87,60,0,60,147
06/24/2000,LSE,WI,AGL,CE,Federal Contract Tower,4,16,12,0,32,0,0,30,0,30,4,16,42,0,62,27,0,27,89
06/25/2000,LSE,WI,AGL,CE,Federal Contract Tower,3,15,9,2,29,1,1,60,0,62,4,16,69,2,91,62,0,62,153
06/26/2000,LSE,WI,AGL,CE,Federal Contract Tower,4,24,17,0,45,0,3,28,0,31,4,27,45,0,76,16,0,16,92
06/27/2000,LSE,WI,AGL,CE,Federal Contract Tower,5,24,18,1,48,0,0,73,0,73,5,24,91,1,121,88,0,88,209
06/28/2000,LSE,WI,AGL,CE,Federal Contract Tower,4,23,17,0,44,1,12,27,0,40,5,35,44,0,84,46,0,46,130
06/29/2000,LSE,WI,AGL,CE,Federal Contract Tower,5,27,20,2,54,0,2,76,2,80,5,29,96,4,134,88,0,88,222
06/30/2000,LSE,WI,AGL,CE,Federal Contract Tower,4,23,17,0,44,1,6,68,0,75,5,29,85,0,119,71,1,72,191
07/01/2000,LSE,WI,AGL,CE,Federal Contract Tower,4,15,10,0,29,1,5,62,0,68,5,20,72,0,97,84,0,84,181
07/02/2000,LSE,WI,AGL,CE,Federal Contract Tower,4,10,5,0,19,0,2,21,0,23,4,12,26,0,42,8,0,8,50
07/03/2000,LSE,WI,AGL,CE,Federal Contract Tower,5,17,10,0,32,0,5,10,0,15,5,22,20,0,47,28,0,28,75
07/04/2000,LSE,WI,AGL,CE,Federal Contract Tower,4,13,8,0,25,0,9,22,0,31,4,22,30,0,56,60,0,60,116
07/05/2000,LSE,WI,AGL,CE,Federal Contract Tower,5,20,12,0,37,0,7,16,0,23,5,27,28,0,60,24,0,24,84
07/06/2000,LSE,WI,AGL,CE,Federal Contract Tower,5,27,17,0,49,0,5,18,0,23,5,32,35,0,72,73,0,73,145
07/07/2000,LSE,WI,AGL,CE,Federal Contract Tower,5,25,16,0,46,0,0,41,2,43,5,25,57,2,89,24,2,26,115
07/08/2000,LSE,WI,AGL,CE,Federal Contract Tower,5,19,12,0,36,0,0,29,0,29,5,19,41,0,65,88,0,88,153
07/09/2000,LSE,WI,AGL,CE,Federal Contract Tower,2,13,8,1,24,2,5,29,1,37,4,18,37,2,61,54,0,54,115
07/10/2000,LSE,WI,AGL,CE,Federal Contract Tower,4,19,12,1,36,1,9,16,4,30,5,28,28,5,66,32,4,36,102
07/11/2000,LSE,WI,AGL,CE,Federal Contract Tower,5,23,15,1,44,0,8,52,3,63,5,31,67,4,107,68,8,76,183
07/12/2000,LSE,WI,AGL,CE,Federal Contract Tower,5,26,16,0,47,0,6,25,0,31,5,32,41,0,78,28,0,28,106
07/13/2000,LSE,WI,AGL,CE,Federal Contract Tower,5,34,21,1,61,0,1,95,1,97,5,35,116,2,158,80,0,80,238
07/14/2000,LSE,WI,AGL,CE,Federal Contract Tower,5,31,19,1,56,0,1,88,9,98,5,32,107,10,154,90,12,102,256
07/15/2000,LSE,WI,AGL,CE,Federal Contract Tower,5,23,14,1,43,0,3,76,0,79,5,26,90,1,122,22,0,22,144
07/16/2000,LSE,WI,AGL,CE,Federal Contract Tower,2,13,8,1,24,2,0,42,1,45,4,13,50,2,69,42,0,42,111
07/17/2000,LSE,WI,AGL,CE,Federal Contract Tower,5,23,14,1,43,0,0,46,3,49,5,23,60,4,92,41,16,57,149
07/18/2000,LSE,WI,AGL,CE,Federal Contract Tower,5,30,17,1,53,0,5,71,1,77,5,35,88,2,130,78,0,78,208
07/19/2000,LSE,WI,AGL,CE,Federal Contract Tower,7,26,20,1,54,0,0,48,3,51,7,26,68,4,105,94,0,94,199
07/20/2000,LSE,WI,AGL,CE,Federal Contract Tower,5,32,18,1,56,0,2,48,5,55,5,34,66,6,111,72,2,74,185
07/21/2000,LSE,WI,AGL,CE,Federal Contract Tower,5,30,17,1,53,0,7,54,1,62,5,37,71,2,115,40,0,40,155
07/22/2000,LSE,WI,AGL,CE,Federal Contract Tower,4,21,12,1,38,1,3,104,0,108,5,24,116,1,146,108,0,108,254
07/23/2000,LSE,WI,AGL,CE,Federal Contract Tower,3,17,9,1,30,1,3,78,0,82,4,20,87,1,112,46,0,46,158
07/24/2000,LSE,WI,AGL,CE,Federal Contract Tower,5,24,14,1,44,0,3,62,1,66,5,27,76,2,110,54,14,68,178
07/25/2000,LSE,WI,AGL,CE,Federal Contract Tower,5,28,16,1,50,1,3,58,1,63,6,31,74,2,113,46,0,46,159
07/26/2000,LSE,WI,AGL,CE,Federal Contract Tower,5,26,15,1,47,0,4,30,3,37,5,30,45,4,84,10,4,14,98
07/27/2000,LSE,WI,AGL,CE,Federal Contract Tower,5,28,20,0,53,0,0,73,1,74,5,28,93,1,127,26,2,28,155
07/28/2000,LSE,WI,AGL,CE,Federal Contract Tower,5,24,20,0,49,0,0,74,2,76,5,24,94,2,125,12,10,22,147
07/29/2000,LSE,WI,AGL,CE,Federal Contract Tower,3,16,9,0,28,3,3,16,0,22,6,19,25,0,50,16,0,16,66
07/30/2000,LSE,WI,AGL,CE,Federal Contract Tower,2,11,8,0,21,2,0,72,0,74,4,11,80,0,95,45,0,45,140
07/31/2000,LSE,WI,AGL,CE,Federal Contract Tower,3,19,12,0,34,2,0,72,0,74,5,19,84,0,108,58,0,58,166
08/01/2000,LSE,WI,AGL,CE,Federal Contract Tower,4,15,13,0,32,0,13,29,0,42,4,28,42,0,74,36,0,36,110
08/02/2000,LSE,WI,AGL,CE,Federal Contract Tower,4,24,19,1,48,0,0,45,1,46,4,24,64,2,94,50,6,56,150
08/03/2000,LSE,WI,AGL,CE,Federal Contract Tower,5,21,17,0,43,0,12,71,0,83,5,33,88,0,126,70,0,70,196
08/04/2000,LSE,WI,AGL,CE,Federal Contract Tower,5,22,18,1,46,0,5,49,1,55,5,27,67,2,101,103,0,103,204
08/05/2000,LSE,WI,AGL,CE,Federal Contract Tower,4,15,13,0,32,1,1,3,4,9,5,16,16,4,41,26,3,29,70
08/06/2000,LSE,WI,AGL,CE,Federal Contract Tower,4,14,13,0,31,0,0,73,2,75,4,14,86,2,106,70,0,70,176
08/07/2000,LSE,WI,AGL,CE,Federal Contract Tower,4,16,14,0,34,1,10,30,0,41,5,26,44,0,75,22,0,22,97
08/08/2000,LSE,WI,AGL,CE,Federal Contract Tower,5,21,18,1,45,0,7,48,1,56,5,28,66,2,101,96,0,96,197
08/09/2000,LSE,WI,AGL,CE,Federal Contract Tower,5,27,22,0,54,0,5,73,0,78,5,32,95,0,132,100,0,100,232
08/10/2000,LSE,WI,AGL,CE,Federal Contract Tower,5,26,22,0,53,0,4,68,0,72,5,30,90,0,125,80,0,80,205
08/11/2000,LSE,WI,AGL,CE,Federal Contract Tower,5,28,23,1,57,0,5,104,21,130,5,33,127,22,187,103,24,127,314
08/12/2000,LSE,WI,AGL,CE,Federal Contract Tower,6,19,16,0,41,2,5,99,0,106,8,24,115,0,147,94,0,94,241
08/13/2000,LSE,WI,AGL,CE,Federal Contract Tower,4,12,14,0,30,0,0,54,1,55,4,12,68,1,85,34,0,34,119
08/14/2000,LSE,WI,AGL,CE,Federal Contract Tower,5,24,20,1,50,0,2,26,0,28,5,26,46,1,78,22,0,22,100
08/15/2000,LSE,WI,AGL,CE,Federal Contract Tower,5,25,21,1,52,0,5,50,3,58,5,30,71,4,110,40,0,40,150
08/16/2000,LSE,WI,AGL,CE,Federal Contract Tower,5,31,24,2,62,0,0,73,8,81,5,31,97,10,143,49,6,55,198
08/17/2000,LSE,WI,AGL,CE,Federal Contract Tower,5,27,21,2,55,0,2,9,2,13,5,29,30,4,68,8,0,8,76
08/18/2000,LSE,WI,AGL,CE,Federal Contract Tower,6,30,22,2,60,1,1,75,13,90,7,31,97,15,150,32,0,32,182
08/19/2000,LSE,WI,AGL,CE,Federal Contract Tower,4,23,18,2,47,1,5,69,7,82,5,28,87,9,129,26,16,42,171
08/20/2000,LSE,WI,AGL,CE,Federal Contract Tower,4,19,14,0,37,2,4,62,0,68,6,23,76,0,105,8,0,8,113
08/21/2000,LSE,WI,AGL,CE,Federal Contract Tower,5,24,18,2,49,0,7,20,2,29,5,31,38,4,78,18,0,18,96
08/22/2000,LSE,WI,AGL,CE,Federal Contract Tower,5,27,20,2,54,1,1,2,0,4,6,28,22,2,58,16,0,16,74
08/23/2000,LSE,WI,AGL,CE,Federal Contract Tower,5,27,20,0,52,0,1,8,0,9,5,28,28,0,61,42,0,42,103
08/24/2000,LSE,WI,AGL,CE,Federal Contract Tower,6,28,21,2,57,0,0,37,1,38,6,28,58,3,95,46,4,50,145
08/25/2000,LSE,WI,AGL,CE,Federal Contract Tower,5,31,24,2,62,0,6,28,0,34,5,37,52,2,96,54,0,54,150
08/26/2000,LSE,WI,AGL,CE,Federal Contract Tower,4,23,18,2,47,2,0,39,0,41,6,23,57,2,88,48,0,48,136
08/27/2000,LSE,WI,AGL,CE,Federal Contract Tower,4,20,15,0,39,0,0,42,0,42,4,20,57,0,81,74,0,74,155
08/28/2000,LSE,WI,AGL,CE,Federal Contract Tower,5,26,20,0,51,0,0,6,0,6,5,26,26,0,57,6,0,6,63
08/29/2000,LSE,WI,AGL,CE,Federal Contract Tower,4,20,16,0,40,1,6,41,2,50,5,26,57,2,90,106,4,110,200
08/30/2000,LSE,WI,AGL,CE,Federal Contract Tower,5,26,21,1,53,0,1,45,1,47,5,27,66,2,100,77,0,77,177
08/31/2000,LSE,WI,AGL,CE,Federal Contract Tower,5,29,24,1,59,0,0,4,1,5,5,29,28,2,64,10,2,12,76
09/01/2000,LSE,WI,AGL,CE,Federal Contract Tower,6,27,19,0,52,0,0,12,0,12,6,27,31,0,64,18,0,18,82
09/02/2000,LSE,WI,AGL,CE,Federal Contract Tower,5,20,14,0,39,1,2,1,0,4,6,22,15,0,43,6,0,6,49
09/03/2000,LSE,WI,AGL,CE,Federal Contract Tower,3,12,8,0,23,1,2,46,0,49,4,14,54,0,72,63,0,63,135
09/04/2000,LSE,WI,AGL,CE,Federal Contract Tower,4,19,13,0,36,1,5,45,0,51,5,24,58,0,87,2,0,2,89
09/05/2000,LSE,WI,AGL,CE,Federal Contract Tower,5,25,17,0,47,0,6,48,3,57,5,31,65,3,104,56,10,66,170
09/06/2000,LSE,WI,AGL,CE,Federal Contract Tower,5,31,20,1,57,0,0,66,3,69,5,31,86,4,126,72,22,94,220
09/07/2000,LSE,WI,AGL,CE,Federal Contract Tower,5,29,19,1,54,0,6,29,1,36,5,35,48,2,90,46,0,46,136
09/08/2000,LSE,WI,AGL,CE,Federal Contract Tower,5,34,22,0,61,0,4,43,0,47,5,38,65,0,108,32,0,32,140
09/09/2000,LSE,WI,AGL,CE,Federal Contract Tower,4,20,13,0,37,3,3,31,0,37,7,23,44,0,74,34,0,34,108
09/10/2000,LSE,WI,AGL,CE,Federal Contract Tower,4,20,13,0,37,0,0,62,0,62,4,20,75,0,99,92,0,92,191
09/11/2000,LSE,WI,AGL,CE,Federal Contract Tower,5,24,17,0,46,0,0,24,0,24,5,24,41,0,70,42,0,42,112
09/12/2000,LSE,WI,AGL,CE,Federal Contract Tower,5,24,16,0,45,0,10,74,0,84,5,34,90,0,129,140,0,140,269
09/13/2000,LSE,WI,AGL,CE,Federal Contract Tower,5,29,19,2,55,0,0,81,0,81,5,29,100,2,136,122,0,122,258
09/14/2000,LSE,WI,AGL,CE,Federal Contract Tower,5,32,21,2,60,0,0,64,0,64,5,32,85,2,124,71,2,73,197
09/15/2000,LSE,WI,AGL,CE,Federal Contract Tower,5,27,18,1,51,0,7,89,1,97,5,34,107,2,148,53,8,61,209
09/16/2000,LSE,WI,AGL,CE,Federal Contract Tower,5,24,16,0,45,0,0,67,0,67,5,24,83,0,112,52,0,52,164
09/17/2000,LSE,WI,AGL,CE,Federal Contract Tower,3,18,10,1,32,1,0,79,0,80,4,18,89,1,112,31,0,31,143
09/18/2000,LSE,WI,AGL,CE,Federal Contract Tower,5,27,16,0,48,0,1,12,0,13,5,28,28,0,61,4,0,4,65
09/19/2000,LSE,WI,AGL,CE,Federal Contract Tower,5,26,16,1,48,0,3,4,1,8,5,29,20,2,56,22,0,22,78
09/20/2000,LSE,WI,AGL,CE,Federal Contract Tower,3,31,18,2,54,0,0,20,2,22,3,31,38,4,76,18,2,20,96
09/21/2000,LSE,WI,AGL,CE,Federal Contract Tower,5,27,16,1,49,0,0,59,5,64,5,27,75,6,113,136,24,160,273
09/22/2000,LSE,WI,AGL,CE,Federal Contract Tower,6,29,18,0,53,2,1,3,0,6,8,30,21,0,59,0,0,0,59
09/23/2000,LSE,WI,AGL,CE,Federal Contract Tower,4,21,13,0,38,1,4,9,0,14,5,25,22,0,52,14,0,14,66
09/24/2000,LSE,WI,AGL,CE,Federal Contract Tower,3,18,10,1,32,1,0,73,0,74,4,18,83,1,106,18,0,18,124
09/25/2000,LSE,WI,AGL,CE,Federal Contract Tower,5,24,14,1,44,1,9,46,7,63,6,33,60,8,107,58,6,64,171
09/26/2000,LSE,WI,AGL,CE,Federal Contract Tower,5,28,18,0,51,0,3,47,7,57,5,31,65,7,108,88,26,114,222
09/27/2000,LSE,WI,AGL,CE,Federal Contract Tower,5,32,21,1,59,0,0,75,6,81,5,32,96,7,140,64,8,72,212
09/28/2000,LSE,WI,AGL,CE,Federal Contract Tower,5,26,16,0,47,0,4,46,2,52,5,30,62,2,99,34,2,36,135
09/29/2000,LSE,WI,AGL,CE,Federal Contract Tower,4,24,15,0,43,1,7,39,2,49,5,31,54,2,92,44,6,50,142
09/30/2000,LSE,WI,AGL,CE,Federal Contract Tower,4,21,13,0,38,2,7,38,0,47,6,28,51,0,85,14,0,14,99
10/01/2000,LSE,WI,AGL,CE,Federal Contract Tower,4,17,11,0,32,0,0,64,0,64,4,17,75,0,96,36,0,36,132
10/02/2000,LSE,WI,AGL,CE,Federal Contract Tower,5,27,16,0,48,0,6,19,0,25,5,33,35,0,73,30,0,30,103
10/03/2000,LSE,WI,AGL,CE,Federal Contract Tower,5,28,16,0,49,0,3,16,0,19,5,31,32,0,68,28,0,28,96
10/04/2000,LSE,WI,AGL,CE,Federal Contract Tower,5,30,18,0,53,0,0,97,4,101,5,30,115,4,154,110,12,122,276
10/05/2000,LSE,WI,AGL,CE,Federal Contract Tower,5,25,15,0,45,0,3,12,0,15,5,28,27,0,60,54,0,54,114
10/06/2000,LSE,WI,AGL,CE,Federal Contract Tower,5,26,16,0,47,0,9,45,0,54,5,35,61,0,101,7,0,7,108
10/07/2000,LSE,WI,AGL,CE,Federal Contract Tower,4,18,12,0,34,1,7,28,0,36,5,25,40,0,70,36,0,36,106
10/08/2000,LSE,WI,AGL,CE,Federal Contract Tower,3,18,11,0,32,1,2,93,0,96,4,20,104,0,128,60,0,60,188
10/09/2000,LSE,WI,AGL,CE,Federal Contract Tower,4,20,13,0,37,1,8,55,0,64,5,28,68,0,101,64,0,64,165
10/10/2000,LSE,WI,AGL,CE,Federal Contract Tower,4,22,14,0,40,1,8,30,0,39,5,30,44,0,79,60,0,60,139
10/11/2000,LSE,WI,AGL,CE,Federal Contract Tower,5,30,22,1,58,0,0,58,7,65,5,30,80,8,123,64,14,78,201
10/12/2000,LSE,WI,AGL,CE,Federal Contract Tower,5,27,17,0,49,0,7,59,0,66,5,34,76,0,115,13,0,13,128
10/13/2000,LSE,WI,AGL,CE,Federal Contract Tower,4,27,17,1,49,0,7,37,3,47,4,34,54,4,96,42,8,50,146
10/14/2000,LSE,WI,AGL,CE,Federal Contract Tower,4,21,14,1,40,1,1,31,1,34,5,22,45,2,74,8,0,8,82
10/15/2000,LSE,WI,AGL,CE,Federal Contract Tower,4,20,13,1,38,2,7,63,7,79,6,27,76,8,117,52,12,64,181
10/16/2000,LSE,WI,AGL,CE,Federal Contract Tower,5,26,15,1,47,1,2,30,1,34,6,28,45,2,81,50,0,50,131
10/17/2000,LSE,WI,AGL,CE,Federal Contract Tower,5,30,17,0,52,0,0,40,0,40,5,30,57,0,92,71,0,71,163
10/18/2000,LSE,WI,AGL,CE,Federal Contract Tower,6,27,15,1,49,1,5,38,0,44,7,32,53,1,93,73,0,73,166
10/19/2000,LSE,WI,AGL,CE,Federal Contract Tower,5,31,17,1,54,0,5,57,1,63,5,36,74,2,117,22,2,24,141
10/20/2000,LSE,WI,AGL,CE,Federal Contract Tower,5,27,15,1,48,2,0,54,0,56,7,27,69,1,104,30,0,30,134
10/21/2000,LSE,WI,AGL,CE,Federal Contract Tower,3,20,11,0,34,2,4,57,0,63,5,24,68,0,97,32,0,32,129
10/22/2000,LSE,WI,AGL,CE,Federal Contract Tower,4,21,14,1,40,0,0,109,0,109,4,21,123,1,149,32,0,32,181
10/23/2000,LSE,WI,AGL,CE,Federal Contract Tower,3,19,5,0,27,2,5,0,0,7,5,24,5,0,34,0,0,0,34
10/24/2000,LSE,WI,AGL,CE,Federal Contract Tower,5,32,18,1,56,0,1,5,1,7,5,33,23,2,63,2,0,2,65
10/25/2000,LSE,WI,AGL,CE,Federal Contract Tower,5,30,19,0,54,0,0,15,0,15,5,30,34,0,69,10,0,10,79
10/26/2000,LSE,WI,AGL,CE,Federal Contract Tower,7,24,18,1,50,4,0,29,3,36,11,24,47,4,86,26,0,26,112
10/27/2000,LSE,WI,AGL,CE,Federal Contract Tower,5,28,17,0,50,0,0,9,2,11,5,28,26,2,61,6,0,6,67
10/28/2000,LSE,WI,AGL,CE,Federal Contract Tower,3,17,10,0,30,2,4,33,0,39,5,21,43,0,69,112,0,112,181
10/29/2000,LSE,WI,AGL,CE,Federal Contract Tower,4,22,13,0,39,1,10,11,0,22,5,32,24,0,61,17,0,17,78
10/30/2000,LSE,WI,AGL,CE,Federal Contract Tower,4,16,17,0,37,0,0,55,0,55,4,16,72,0,92,44,0,44,136
10/31/2000,LSE,WI,AGL,CE,Federal Contract Tower,5,31,19,0,55,0,4,40,0,44,5,35,59,0,99,74,0,74,173
11/01/2000,LSE,WI,AGL,CE,Federal Contract Tower,6,37,25,2,70,0,0,20,1,21,6,37,45,3,91,14,0,14,105
11/02/2000,LSE,WI,AGL,CE,Federal Contract Tower,5,29,18,1,53,0,0,26,4,30,5,29,44,5,83,44,0,44,127
11/03/2000,LSE,WI,AGL,CE,Federal Contract Tower,3,30,19,1,53,0,0,16,1,17,3,30,35,2,70,16,0,16,86
11/04/2000,LSE,WI,AGL,CE,Federal Contract Tower,5,23,14,0,42,2,4,63,0,69,7,27,77,0,111,88,0,88,199
11/05/2000,LSE,WI,AGL,CE,Federal Contract Tower,4,16,13,0,33,3,0,54,0,57,7,16,67,0,90,35,0,35,125
11/06/2000,LSE,WI,AGL,CE,Federal Contract Tower,5,23,15,0,43,2,0,2,0,4,7,23,17,0,47,0,0,0,47
11/07/2000,LSE,WI,AGL,CE,Federal Contract Tower,5,25,15,0,45,0,2,5,0,7,5,27,20,0,52,2,0,2,54
11/08/2000,LSE,WI,AGL,CE,Federal Contract Tower,6,29,17,1,53,1,2,6,1,10,7,31,23,2,63,36,0,36,99
11/09/2000,LSE,WI,AGL,CE,Federal Contract Tower,5,26,16,0,47,0,0,4,0,4,5,26,20,0,51,0,0,0,51
11/10/2000,LSE,WI,AGL,CE,Federal Contract Tower,3,24,14,0,41,0,1,7,0,8,3,25,21,0,49,26,0,26,75
11/11/2000,LSE,WI,AGL,CE,Federal Contract Tower,4,20,12,1,37,1,2,46,8,57,5,22,58,9,94,100,6,106,200
11/12/2000,LSE,WI,AGL,CE,Federal Contract Tower,4,17,11,1,33,1,0,0,1,2,5,17,11,2,35,0,0,0,35
11/13/2000,LSE,WI,AGL,CE,Federal Contract Tower,3,17,12,2,34,2,0,3,0,5,5,17,15,2,39,0,0,0,39
11/14/2000,LSE,WI,AGL,CE,Federal Contract Tower,5,28,18,0,51,0,0,6,0,6,5,28,24,0,57,2,0,2,59
11/15/2000,LSE,WI,AGL,CE,Federal Contract Tower,5,31,19,0,55,0,2,50,0,52,5,33,69,0,107,90,0,90,197
11/16/2000,LSE,WI,AGL,CE,Federal Contract Tower,5,29,17,0,51,0,0,5,0,5,5,29,22,0,56,0,0,0,56
11/17/2000,LSE,WI,AGL,CE,Federal Contract Tower,3,25,13,2,43,0,7,12,0,19,3,32,25,2,62,30,2,32,94
11/18/2000,LSE,WI,AGL,CE,Federal Contract Tower,3,19,10,1,33,2,4,3,4,13,5,23,13,5,46,4,0,4,50
11/19/2000,LSE,WI,AGL,CE,Federal Contract Tower,2,12,1,0,15,2,4,0,0,6,4,16,1,0,21,0,0,0,21
11/20/2000,LSE,WI,AGL,CE,Federal Contract Tower,3,18,5,0,26,2,5,0,0,7,5,23,5,0,33,2,0,2,35
11/21/2000,LSE,WI,AGL,CE,Federal Contract Tower,5,27,15,0,47,0,5,41,0,46,5,32,56,0,93,120,0,120,213
11/22/2000,LSE,WI,AGL,CE,Federal Contract Tower,5,26,15,0,46,0,0,51,0,51,5,26,66,0,97,40,0,40,137
11/23/2000,LSE,WI,AGL,CE,Federal Contract Tower,2,15,8,0,25,0,1,5,0,6,2,16,13,0,31,12,0,12,43
11/24/2000,LSE,WI,AGL,CE,Federal Contract Tower,3,14,7,1,25,0,1,42,1,44,3,15,49,2,69,54,0,54,123
11/25/2000,LSE,WI,AGL,CE,Federal Contract Tower,1,15,8,1,25,0,5,24,1,30,1,20,32,2,55,24,0,24,79
11/26/2000,LSE,WI,AGL,CE,Federal Contract Tower,3,21,13,0,37,0,0,15,0,15,3,21,28,0,52,42,0,42,94
11/27/2000,LSE,WI,AGL,CE,Federal Contract Tower,4,23,12,0,39,1,5,0,0,6,5,28,12,0,45,4,0,4,49
11/28/2000,LSE,WI,AGL,CE,Federal Contract Tower,5,30,18,1,54,0,0,25,0,25,5,30,43,1,79,34,0,34,113
11/29/2000,LSE,WI,AGL,CE,Federal Contract Tower,3,28,17,1,49,0,0,10,1,11,3,28,27,2,60,2,0,2,62
11/30/2000,LSE,WI,AGL,CE,Federal Contract Tower,3,24,13,0,40,0,5,11,0,16,3,29,24,0,56,18,0,18,74
12/01/2000,LSE,WI,AGL,CE,Federal Contract Tower,4,22,11,0,37,0,4,37,0,41,4,26,48,0,78,66,0,66,144
12/02/2000,LSE,WI,AGL,CE,Federal Contract Tower,5,24,13,0,42,0,0,93,2,95,5,24,106,2,137,46,0,46,183
12/03/2000,LSE,WI,AGL,CE,Federal Contract Tower,3,15,8,0,26,1,3,20,0,24,4,18,28,0,50,18,0,18,68
12/04/2000,LSE,WI,AGL,CE,Federal Contract Tower,5,26,13,0,44,0,3,12,0,15,5,29,25,0,59,10,0,10,69
12/05/2000,LSE,WI,AGL,CE,Federal Contract Tower,5,30,16,0,51,0,1,31,2,34,5,31,47,2,85,22,2,24,109
12/06/2000,LSE,WI,AGL,CE,Federal Contract Tower,5,28,14,0,47,0,2,0,0,2,5,30,14,0,49,0,0,0,49
12/07/2000,LSE,WI,AGL,CE,Federal Contract Tower,6,27,14,0,47,0,4,5,0,9,6,31,19,0,56,0,0,0,56
12/08/2000,LSE,WI,AGL,CE,Federal Contract Tower,5,28,14,0,47,0,2,23,0,25,5,30,37,0,72,18,0,18,90
12/09/2000,LSE,WI,AGL,CE,Federal Contract Tower,5,21,10,0,36,0,4,5,2,11,5,25,15,2,47,4,0,4,51
12/10/2000,LSE,WI,AGL,CE,Federal Contract Tower,4,13,9,0,26,1,0,17,0,18,5,13,26,0,44,21,0,21,65
12/11/2000,LSE,WI,AGL,CE,Federal Contract Tower,5,16,10,0,31,0,0,5,0,5,5,16,15,0,36,0,0,0,36
12/12/2000,LSE,WI,AGL,CE,Federal Contract Tower,4,24,12,0,40,0,1,26,2,29,4,25,38,2,69,8,0,8,77
12/13/2000,LSE,WI,AGL,CE,Federal Contract Tower,6,28,15,0,49,0,0,10,0,10,6,28,25,0,59,0,0,0,59
12/14/2000,LSE,WI,AGL,CE,Federal Contract Tower,5,38,20,0,63,0,0,19,0,19,5,38,39,0,82,6,0,6,88
12/15/2000,LSE,WI,AGL,CE,Federal Contract Tower,5,26,13,0,44,0,1,4,0,5,5,27,17,0,49,0,0,0,49
12/16/2000,LSE,WI,AGL,CE,Federal Contract Tower,2,14,2,0,18,3,4,0,0,7,5,18,2,0,25,0,0,0,25
12/17/2000,LSE,WI,AGL,CE,Federal Contract Tower,3,15,8,1,27,1,0,15,1,17,4,15,23,2,44,0,0,0,44
12/18/2000,LSE,WI,AGL,CE,Federal Contract Tower,4,18,13,0,35,0,0,10,0,10,4,18,23,0,45,2,0,2,47
12/19/2000,LSE,WI,AGL,CE,Federal Contract Tower,5,30,17,1,53,0,0,46,3,49,5,30,63,4,102,36,0,36,138
12/20/2000,LSE,WI,AGL,CE,Federal Contract Tower,5,26,9,0,40,0,4,0,0,4,5,30,9,0,44,0,0,0,44
12/21/2000,LSE,WI,AGL,CE,Federal Contract Tower,3,30,14,0,47,0,0,6,0,6,3,30,20,0,53,0,0,0,53
12/22/2000,LSE,WI,AGL,CE,Federal Contract Tower,5,27,15,0,47,0,0,17,0,17,5,27,32,0,64,29,0,29,93
12/23/2000,LSE,WI,AGL,CE,Federal Contract Tower,4,20,10,0,34,2,4,7,0,13,6,24,17,0,47,7,0,7,54
12/24/2000,LSE,WI,AGL,CE,Federal Contract Tower,2,11,5,0,18,1,3,1,0,5,3,14,6,0,23,0,0,0,23
12/25/2000,LSE,WI,AGL,CE,Federal Contract Tower,2,15,8,0,25,4,1,5,0,10,6,16,13,0,35,0,0,0,35
12/26/2000,LSE,WI,AGL,CE,Federal Contract Tower,4,22,10,0,36,0,0,8,0,8,4,22,18,0,44,76,0,76,120
12/27/2000,LSE,WI,AGL,CE,Federal Contract Tower,5,35,18,0,58,0,1,19,1,21,5,36,37,1,79,28,1,29,108
12/28/2000,LSE,WI,AGL,CE,Federal Contract Tower,3,18,7,0,28,0,4,0,0,4,3,22,7,0,32,0,2,2,34
12/29/2000,LSE,WI,AGL,CE,Federal Contract Tower,4,20,4,0,28,0,8,0,0,8,4,28,4,0,36,0,0,0,36
12/30/2000,LSE,WI,AGL,CE,Federal Contract Tower,2,14,7,0,23,1,2,0,0,3,3,16,7,0,26,3,0,3,29
12/31/2000,LSE,WI,AGL,CE,Federal Contract Tower,2,13,6,0,21,1,4,4,0,9,3,17,10,0,30,18,0,18,48
01/01/2001,LSE,WI,AGL,CE,Federal Contract Tower,3,14,8,0,25,2,6,42,0,50,5,20,50,0,75,80,0,80,155
01/02/2001,LSE,WI,AGL,CE,Federal Contract Tower,7,24,13,0,44,0,4,1,0,5,7,28,14,0,49,20,0,20,69
01/03/2001,LSE,WI,AGL,CE,Federal Contract Tower,5,28,15,0,48,0,4,1,0,5,5,32,16,0,53,2,0,2,55
01/04/2001,LSE,WI,AGL,CE,Federal Contract Tower,6,31,17,0,54,0,0,12,0,12,6,31,29,0,66,8,0,8,74
01/05/2001,LSE,WI,AGL,CE,Federal Contract Tower,5,26,14,1,46,0,6,12,3,21,5,32,26,4,67,34,2,36,103
01/06/2001,LSE,WI,AGL,CE,Federal Contract Tower,5,19,10,1,35,0,0,24,1,25,5,19,34,2,60,20,2,22,82
01/07/2001,LSE,WI,AGL,CE,Federal Contract Tower,4,15,7,0,26,0,2,14,0,16,4,17,21,0,42,32,0,32,74
01/08/2001,LSE,WI,AGL,CE,Federal Contract Tower,5,21,11,0,37,0,2,23,0,25,5,23,34,0,62,34,0,34,96
01/09/2001,LSE,WI,AGL,CE,Federal Contract Tower,5,30,20,1,56,0,0,57,1,58,5,30,77,2,114,74,0,74,188
01/10/2001,LSE,WI,AGL,CE,Federal Contract Tower,3,31,17,0,51,0,0,47,0,47,3,31,64,0,98,86,0,86,184
01/11/2001,LSE,WI,AGL,CE,Federal Contract Tower,5,29,21,1,56,0,0,10,3,13,5,29,31,4,69,6,6,12,81
01/12/2001,LSE,WI,AGL,CE,Federal Contract Tower,5,26,16,1,48,0,0,4,1,5,5,26,20,2,53,12,0,12,65
01/13/2001,LSE,WI,AGL,CE,Federal Contract Tower,3,17,4,0,24,2,5,0,0,7,5,22,4,0,31,2,0,2,33
01/14/2001,LSE,WI,AGL,CE,Federal Contract Tower,3,16,5,0,24,2,1,0,0,3,5,17,5,0,27,0,0,0,27
01/15/2001,LSE,WI,AGL,CE,Federal Contract Tower,5,26,14,0,45,0,0,4,0,4,5,26,18,0,49,4,0,4,53
01/16/2001,LSE,WI,AGL,CE,Federal Contract Tower,5,31,16,1,53,0,1,13,1,15,5,32,29,2,68,18,0,18,86
01/17/2001,LSE,WI,AGL,CE,Federal Contract Tower,6,29,16,0,51,1,0,36,0,37,7,29,52,0,88,62,0,62,150
01/18/2001,LSE,WI,AGL,CE,Federal Contract Tower,5,28,14,0,47,0,0,6,0,6,5,28,20,0,53,2,0,2,55
01/19/2001,LSE,WI,AGL,CE,Federal Contract Tower,5,24,12,0,41,0,0,8,0,8,5,24,20,0,49,20,0,20,69
01/20/2001,LSE,WI,AGL,CE,Federal Contract Tower,4,20,11,1,36,0,0,82,2,84,4,20,93,3,120,43,1,44,164
01/21/2001,LSE,WI,AGL,CE,Federal Contract Tower,3,16,8,0,27,2,2,16,0,20,5,18,24,0,47,35,0,35,82
01/22/2001,LSE,WI,AGL,CE,Federal Contract Tower,5,27,15,0,47,0,0,28,0,28,5,27,43,0,75,42,0,42,117
01/23/2001,LSE,WI,AGL,CE,Federal Contract Tower,4,23,12,0,39,1,3,29,2,35,5,26,41,2,74,92,0,92,166
01/24/2001,LSE,WI,AGL,CE,Federal Contract Tower,5,26,16,0,47,0,0,30,2,32,5,26,46,2,79,52,0,52,131
01/25/2001,LSE,WI,AGL,CE,Federal Contract Tower,5,24,13,0,42,0,8,41,0,49,5,32,54,0,91,64,0,64,155
01/26/2001,LSE,WI,AGL,CE,Federal Contract Tower,4,24,13,0,41,2,0,0,0,2,6,24,13,0,43,0,0,0,43
01/27/2001,LSE,WI,AGL,CE,Federal Contract Tower,5,23,14,0,42,0,0,81,0,81,5,23,95,0,123,50,0,50,173
01/28/2001,LSE,WI,AGL,CE,Federal Contract Tower,3,17,11,0,31,1,0,15,0,16,4,17,26,0,47,6,0,6,53
01/29/2001,LSE,WI,AGL,CE,Federal Contract Tower,2,14,5,0,21,1,2,0,0,3,3,16,5,0,24,0,0,0,24
01/30/2001,LSE,WI,AGL,CE,Federal Contract Tower,5,25,14,0,44,0,2,9,2,13,5,27,23,2,57,82,2,84,141
01/31/2001,LSE,WI,AGL,CE,Federal Contract Tower,4,25,14,0,43,1,0,7,0,8,5,25,21,0,51,14,0,14,65
02/01/2001,LSE,WI,AGL,CE,Federal Contract Tower,5,26,17,0,48,0,0,8,0,8,5,26,25,0,56,24,0,24,80
02/02/2001,LSE,WI,AGL,CE,Federal Contract Tower,6,27,17,0,50,1,0,10,0,11,7,27,27,0,61,10,0,10,71
02/03/2001,LSE,WI,AGL,CE,Federal Contract Tower,3,16,10,0,29,0,5,1,0,6,3,21,11,0,35,0,0,0,35
02/04/2001,LSE,WI,AGL,CE,Federal Contract Tower,4,16,11,0,31,1,0,0,0,1,5,16,11,0,32,0,0,0,32
02/05/2001,LSE,WI,AGL,CE,Federal Contract Tower,5,21,9,0,35,2,3,0,0,5,7,24,9,0,40,0,0,0,40
02/06/2001,LSE,WI,AGL,CE,Federal Contract Tower,5,27,18,0,50,0,0,16,2,18,5,27,34,2,68,54,0,54,122
02/07/2001,LSE,WI,AGL,CE,Federal Contract Tower,6,23,19,0,48,0,0,10,2,12,6,23,29,2,60,4,0,4,64
02/08/2001,LSE,WI,AGL,CE,Federal Contract Tower,6,23,13,0,42,1,2,3,0,6,7,25,16,0,48,4,0,4,52
02/09/2001,LSE,WI,AGL,CE,Federal Contract Tower,6,24,11,0,41,0,4,0,0,4,6,28,11,0,45,6,0,6,51
02/10/2001,LSE,WI,AGL,CE,Federal Contract Tower,3,17,10,0,30,0,5,35,2,42,3,22,45,2,72,24,0,24,96
02/11/2001,LSE,WI,AGL,CE,Federal Contract Tower,3,12,8,0,23,1,3,74,0,78,4,15,82,0,101,26,0,26,127
02/12/2001,LSE,WI,AGL,CE,Federal Contract Tower,5,20,9,0,34,0,6,0,0,6,5,26,9,0,40,26,0,26,66
02/13/2001,LSE,WI,AGL,CE,Federal Contract Tower,3,29,18,0,50,0,2,7,0,9,3,31,25,0,59,48,0,48,107
02/14/2001,LSE,WI,AGL,CE,Federal Contract Tower,5,26,14,1,46,0,4,20,1,25,5,30,34,2,71,22,0,22,93
02/15/2001,LSE,WI,AGL,CE,Federal Contract Tower,5,28,21,1,55,0,0,40,1,41,5,28,61,2,96,67,0,67,163
02/16/2001,LSE,WI,AGL,CE,Federal Contract Tower,6,27,17,0,50,0,0,51,0,51,6,27,68,0,101,42,0,42,143
02/17/2001,LSE,WI,AGL,CE,Federal Contract Tower,3,19,10,1,33,0,3,59,1,63,3,22,69,2,96,32,0,32,128
02/18/2001,LSE,WI,AGL,CE,Federal Contract Tower,3,17,9,0,29,3,0,33,0,36,6,17,42,0,65,36,0,36,101
02/19/2001,LSE,WI,AGL,CE,Federal Contract Tower,4,20,11,0,35,3,8,1,0,12,7,28,12,0,47,10,0,10,57
02/20/2001,LSE,WI,AGL,CE,Federal Contract Tower,5,27,16,0,48,0,1,41,2,44,5,28,57,2,92,58,2,60,152
02/21/2001,LSE,WI,AGL,CE,Federal Contract Tower,5,24,14,0,43,0,1,41,0,42,5,25,55,0,85,36,0,36,121
02/22/2001,LSE,WI,AGL,CE,Federal Contract Tower,5,25,15,0,45,2,4,6,0,12,7,29,21,0,57,18,0,18,75
02/23/2001,LSE,WI,AGL,CE,Federal Contract Tower,6,30,17,0,53,1,1,29,0,31,7,31,46,0,84,44,0,44,128
02/24/2001,LSE,WI,AGL,CE,Federal Contract Tower,0,12,4,0,16,0,4,0,0,4,0,16,4,0,20,0,0,0,20
02/25/2001,LSE,WI,AGL,CE,Federal Contract Tower,3,15,8,0,26,1,2,0,2,5,4,17,8,2,31,0,0,0,31
02/26/2001,LSE,WI,AGL,CE,Federal Contract Tower,5,26,16,0,47,2,1,16,0,19,7,27,32,0,66,26,0,26,92
02/27/2001,LSE,WI,AGL,CE,Federal Contract Tower,5,28,16,0,49,0,0,38,0,38,5,28,54,0,87,46,0,46,133
02/28/2001,LSE,WI,AGL,CE,Federal Contract Tower,5,26,16,0,47,0,1,36,0,37,5,27,52,0,84,46,0,46,130
03/01/2001,LSE,WI,AGL,CE,Federal Contract Tower,5,28,17,0,50,0,0,34,0,34,5,28,51,0,84,46,0,46,130
03/02/2001,LSE,WI,AGL,CE,Federal Contract Tower,5,22,14,0,41,0,8,21,2,31,5,30,35,2,72,46,0,46,118
03/03/2001,LSE,WI,AGL,CE,Federal Contract Tower,3,18,11,0,32,0,7,83,0,90,3,25,94,0,122,100,0,100,222
03/04/2001,LSE,WI,AGL,CE,Federal Contract Tower,3,14,9,0,26,3,3,52,0,58,6,17,61,0,84,40,0,40,124
03/05/2001,LSE,WI,AGL,CE,Federal Contract Tower,5,20,11,0,36,0,6,20,6,32,5,26,31,6,68,26,10,36,104
03/06/2001,LSE,WI,AGL,CE,Federal Contract Tower,5,23,14,0,42,0,5,30,8,43,5,28,44,8,85,110,12,122,207
03/07/2001,LSE,WI,AGL,CE,Federal Contract Tower,5,25,15,0,45,0,1,14,0,15,5,26,29,0,60,10,0,10,70
03/08/2001,LSE,WI,AGL,CE,Federal Contract Tower,5,27,17,0,49,0,0,13,2,15,5,27,30,2,64,24,16,40,104
03/09/2001,LSE,WI,AGL,CE,Federal Contract Tower,5,24,15,0,44,0,7,63,0,70,5,31,78,0,114,14,0,14,128
03/10/2001,LSE,WI,AGL,CE,Federal Contract Tower,3,17,9,0,29,0,5,0,0,5,3,22,9,0,34,8,0,8,42
03/11/2001,LSE,WI,AGL,CE,Federal Contract Tower,4,18,12,0,34,2,0,75,0,77,6,18,87,0,111,64,0,64,175
03/12/2001,LSE,WI,AGL,CE,Federal Contract Tower,4,18,8,0,30,3,1,0,0,4,7,19,8,0,34,2,0,2,36
03/13/2001,LSE,WI,AGL,CE,Federal Contract Tower,4,23,14,1,42,1,5,6,1,13,5,28,20,2,55,22,0,22,77
03/14/2001,LSE,WI,AGL,CE,Federal Contract Tower,6,30,18,0,54,1,3,18,0,22,7,33,36,0,76,46,0,46,122
03/15/2001,LSE,WI,AGL,CE,Federal Contract Tower,5,28,17,0,50,0,0,17,0,17,5,28,34,0,67,38,0,38,105
03/16/2001,LSE,WI,AGL,CE,Federal Contract Tower,4,24,14,0,42,2,0,15,0,17,6,24,29,0,59,12,0,12,71
03/17/2001,LSE,WI,AGL,CE,Federal Contract Tower,3,22,12,0,37,0,3,64,0,67,3,25,76,0,104,48,0,48,152
03/18/2001,LSE,WI,AGL,CE,Federal Contract Tower,3,16,8,0,27,0,0,84,0,84,3,16,92,0,111,108,0,108,219
03/19/2001,LSE,WI,AGL,CE,Federal Contract Tower,5,24,13,1,43,0,0,39,1,40,5,24,52,2,83,38,0,38,121
03/20/2001,LSE,WI,AGL,CE,Federal Contract Tower,5,30,18,1,54,0,0,35,2,37,5,30,53,3,91,42,0,42,133
03/21/2001,LSE,WI,AGL,CE,Federal Contract Tower,5,25,18,1,49,0,0,18,2,20,5,25,36,3,69,42,0,42,111
03/22/2001,LSE,WI,AGL,CE,Federal Contract Tower,5,26,16,0,47,1,0,17,0,18,6,26,33,0,65,41,0,41,106
03/23/2001,LSE,WI,AGL,CE,Federal Contract Tower,5,26,15,1,47,1,0,15,0,16,6,26,30,1,63,16,0,16,79
03/24/2001,LSE,WI,AGL,CE,Federal Contract Tower,2,18,10,1,31,0,0,61,37,98,2,18,71,38,129,52,2,54,183
03/25/2001,LSE,WI,AGL,CE,Federal Contract Tower,4,20,11,1,36,2,0,57,37,96,6,20,68,38,132,14,0,14,146
03/26/2001,LSE,WI,AGL,CE,Federal Contract Tower,4,22,12,0,38,1,2,25,0,28,5,24,37,0,66,40,0,40,106
03/27/2001,LSE,WI,AGL,CE,Federal Contract Tower,5,26,13,0,44,0,0,51,0,51,5,26,64,0,95,38,0,38,133
03/28/2001,LSE,WI,AGL,CE,Federal Contract Tower,5,26,14,0,45,0,1,17,0,18,5,27,31,0,63,34,6,40,103
03/29/2001,LSE,WI,AGL,CE,Federal Contract Tower,3,31,20,0,54,0,0,11,0,11,3,31,31,0,65,0,0,0,65
03/30/2001,LSE,WI,AGL,CE,Federal Contract Tower,5,25,16,0,46,0,0,2,0,2,5,25,18,0,48,0,0,0,48
03/31/2001,LSE,WI,AGL,CE,Federal Contract Tower,3,18,11,0,32,0,3,3,0,6,3,21,14,0,38,8,0,8,46
04/01/2001,LSE,WI,AGL,CE,Federal Contract Tower,4,16,11,0,31,1,4,36,0,41,5,20,47,0,72,42,0,42,114
04/02/2001,LSE,WI,AGL,CE,Federal Contract Tower,6,24,15,0,45,1,5,27,0,33,7,29,42,0,78,52,0,52,130
04/03/2001,LSE,WI,AGL,CE,Federal Contract Tower,5,28,19,0,52,0,0,32,0,32,5,28,51,0,84,30,0,30,114
04/04/2001,LSE,WI,AGL,CE,Federal Contract Tower,5,28,21,1,55,0,0,61,1,62,5,28,82,2,117,47,2,49,166
04/05/2001,LSE,WI,AGL,CE,Federal Contract Tower,5,29,19,0,53,0,0,3,0,3,5,29,22,0,56,4,0,4,60
04/06/2001,LSE,WI,AGL,CE,Federal Contract Tower,5,26,17,1,49,0,0,14,1,15,5,26,31,2,64,0,0,0,64
04/07/2001,LSE,WI,AGL,CE,Federal Contract Tower,4,16,7,0,27,3,3,0,0,6,7,19,7,0,33,0,0,0,33
04/08/2001,LSE,WI,AGL,CE,Federal Contract Tower,3,13,9,0,25,2,4,78,0,84,5,17,87,0,109,110,2,112,221
04/09/2001,LSE,WI,AGL,CE,Federal Contract Tower,5,19,8,0,32,0,7,0,0,7,5,26,8,0,39,10,0,10,49
04/10/2001,LSE,WI,AGL,CE,Federal Contract Tower,7,30,22,1,60,0,0,18,7,25,7,30,40,8,85,137,30,167,252
04/11/2001,LSE,WI,AGL,CE,Federal Contract Tower,4,20,11,0,35,1,2,0,0,3,5,22,11,0,38,0,0,0,38
04/12/2001,LSE,WI,AGL,CE,Federal Contract Tower,5,29,18,0,52,0,0,6,0,6,5,29,24,0,58,4,0,4,62
04/13/2001,LSE,WI,AGL,CE,Federal Contract Tower,3,19,12,0,34,0,11,51,0,62,3,30,63,0,96,74,0,74,170
04/14/2001,LSE,WI,AGL,CE,Federal Contract Tower,1,16,11,0,28,0,7,75,0,82,1,23,86,0,110,48,0,48,158
04/15/2001,LSE,WI,AGL,CE,Federal Contract Tower,2,16,9,0,27,3,2,9,0,14,5,18,18,0,41,6,0,6,47
04/16/2001,LSE,WI,AGL,CE,Federal Contract Tower,5,26,18,2,51,0,0,9,9,18,5,26,27,11,69,0,8,8,77
04/17/2001,LSE,WI,AGL,CE,Federal Contract Tower,5,30,18,2,55,0,2,61,10,73,5,32,79,12,128,110,8,118,246
04/18/2001,LSE,WI,AGL,CE,Federal Contract Tower,5,28,15,2,50,0,8,123,1,132,5,36,138,3,182,156,8,164,346
04/19/2001,LSE,WI,AGL,CE,Federal Contract Tower,3,28,16,2,49,0,3,38,7,48,3,31,54,9,97,44,6,50,147
04/20/2001,LSE,WI,AGL,CE,Federal Contract Tower,5,30,18,2,55,0,0,22,4,26,5,30,40,6,81,18,6,24,105
04/21/2001,LSE,WI,AGL,CE,Federal Contract Tower,1,22,16,2,41,0,0,18,5,23,1,22,34,7,64,1,0,1,65
04/22/2001,LSE,WI,AGL,CE,Federal Contract Tower,4,17,13,2,36,6,0,10,1,17,10,17,23,3,53,0,0,0,53
04/23/2001,LSE,WI,AGL,CE,Federal Contract Tower,4,20,12,0,36,1,2,5,0,8,5,22,17,0,44,4,0,4,48
04/24/2001,LSE,WI,AGL,CE,Federal Contract Tower,5,30,20,2,57,0,0,89,0,89,5,30,109,2,146,118,2,120,266
04/25/2001,LSE,WI,AGL,CE,Federal Contract Tower,4,28,15,0,47,0,2,79,0,81,4,30,94,0,128,102,0,102,230
04/26/2001,LSE,WI,AGL,CE,Federal Contract Tower,5,26,16,0,47,0,4,50,0,54,5,30,66,0,101,73,0,73,174
04/27/2001,LSE,WI,AGL,CE,Federal Contract Tower,5,31,19,0,55,0,1,88,0,89,5,32,107,0,144,76,0,76,220
04/28/2001,LSE,WI,AGL,CE,Federal Contract Tower,1,18,11,0,30,0,3,59,2,64,1,21,70,2,94,30,2,32,126
04/29/2001,LSE,WI,AGL,CE,Federal Contract Tower,2,13,8,0,23,3,2,51,4,60,5,15,59,4,83,72,2,74,157
04/30/2001,LSE,WI,AGL,CE,Federal Contract Tower,4,22,13,0,39,2,3,4,0,9,6,25,17,0,48,32,0,32,80
05/01/2001,LSE,WI,AGL,CE,Federal Contract Tower,7,31,22,1,61,1,0,16,4,21,8,31,38,5,82,40,24,64,146
05/02/2001,LSE,WI,AGL,CE,Federal Contract Tower,5,21,15,0,41,0,9,0,0,9,5,30,15,0,50,26,0,26,76
05/03/2001,LSE,WI,AGL,CE,Federal Contract Tower,5,25,19,0,49,0,6,2,0,8,5,31,21,0,57,20,0,20,77
05/04/2001,LSE,WI,AGL,CE,Federal Contract Tower,3,26,19,0,48,0,5,27,4,36,3,31,46,4,84,57,2,59,143
05/05/2001,LSE,WI,AGL,CE,Federal Contract Tower,5,19,14,0,38,0,1,17,5,23,5,20,31,5,61,23,2,25,86
05/06/2001,LSE,WI,AGL,CE,Federal Contract Tower,5,15,14,0,34,0,0,21,1,22,5,15,35,1,56,32,0,32,88
05/07/2001,LSE,WI,AGL,CE,Federal Contract Tower,4,20,15,0,39,1,6,7,0,14,5,26,22,0,53,22,0,22,75
05/08/2001,LSE,WI,AGL,CE,Federal Contract Tower,5,32,26,2,65,0,0,33,0,33,5,32,59,2,98,26,0,26,124
05/09/2001,LSE,WI,AGL,CE,Federal Contract Tower,4,27,19,2,52,0,2,51,0,53,4,29,70,2,105,71,6,77,182
05/10/2001,LSE,WI,AGL,CE,Federal Contract Tower,5,29,21,0,55,0,1,23,0,24,5,30,44,0,79,60,0,60,139
05/11/2001,LSE,WI,AGL,CE,Federal Contract Tower,5,32,24,2,63,0,0,23,2,25,5,32,47,4,88,16,24,40,128
05/12/2001,LSE,WI,AGL,CE,Federal Contract Tower,4,18,13,0,35,1,3,179,0,183,5,21,192,0,218,102,0,102,320
05/13/2001,LSE,WI,AGL,CE,Federal Contract Tower,2,16,11,0,29,0,5,47,0,52,2,21,58,0,81,26,0,26,107
05/14/2001,LSE,WI,AGL,CE,Federal Contract Tower,5,28,21,2,56,0,0,25,4,29,5,28,46,6,85,6,18,24,109
05/15/2001,LSE,WI,AGL,CE,Federal Contract Tower,5,25,19,1,50,0,5,36,3,44,5,30,55,4,94,40,14,54,148
05/16/2001,LSE,WI,AGL,CE,Federal Contract Tower,4,25,17,1,47,0,6,39,1,46,4,31,56,2,93,26,2,28,121
05/17/2001,LSE,WI,AGL,CE,Federal Contract Tower,5,28,18,2,53,0,1,37,4,42,5,29,55,6,95,16,0,16,111
05/18/2001,LSE,WI,AGL,CE,Federal Contract Tower,5,25,16,1,47,0,5,54,10,69,5,30,70,11,116,46,6,52,168
05/19/2001,LSE,WI,AGL,CE,Federal Contract Tower,3,17,10,0,30,4,0,64,0,68,7,17,74,0,98,108,0,108,206
05/20/2001,LSE,WI,AGL,CE,Federal Contract Tower,3,16,10,1,30,1,1,46,4,52,4,17,56,5,82,24,0,24,106
05/21/2001,LSE,WI,AGL,CE,Federal Contract Tower,5,23,17,1,46,0,0,7,0,7,5,23,24,1,53,13,0,13,66
05/22/2001,LSE,WI,AGL,CE,Federal Contract Tower,3,27,18,0,48,0,2,11,0,13,3,29,29,0,61,12,0,12,73
05/23/2001,LSE,WI,AGL,CE,Federal Contract Tower,5,25,18,0,48,0,0,11,0,11,5,25,29,0,59,4,0,4,63
05/24/2001,LSE,WI,AGL,CE,Federal Contract Tower,4,23,15,0,42,1,4,9,0,14,5,27,24,0,56,58,0,58,114
05/25/2001,LSE,WI,AGL,CE,Federal Contract Tower,5,28,20,0,53,1,0,9,0,10,6,28,29,0,63,20,0,20,83
05/26/2001,LSE,WI,AGL,CE,Federal Contract Tower,4,22,15,0,41,4,2,25,0,31,8,24,40,0,72,24,0,24,96
05/27/2001,LSE,WI,AGL,CE,Federal Contract Tower,4,16,13,0,33,0,0,21,1,22,4,16,34,1,55,67,0,67,122
05/28/2001,LSE,WI,AGL,CE,Federal Contract Tower,3,16,13,0,32,1,0,78,0,79,4,16,91,0,111,38,0,38,149
05/29/2001,LSE,WI,AGL,CE,Federal Contract Tower,4,26,19,0,49,0,0,54,1,55,4,26,73,1,104,80,0,80,184
05/30/2001,LSE,WI,AGL,CE,Federal Contract Tower,5,27,21,1,54,0,0,53,1,54,5,27,74,2,108,98,0,98,206
05/31/2001,LSE,WI,AGL,CE,Federal Contract Tower,5,22,18,0,45,0,0,34,3,37,5,22,52,3,82,90,2,92,174
06/01/2001,LSE,WI,AGL,CE,Federal Contract Tower,5,25,21,0,51,0,3,15,0,18,5,28,36,0,69,45,0,45,114
06/02/2001,LSE,WI,AGL,CE,Federal Contract Tower,5,16,14,0,35,0,4,4,3,11,5,20,18,3,46,15,0,15,61
06/03/2001,LSE,WI,AGL,CE,Federal Contract Tower,3,11,10,0,24,2,2,16,1,21,5,13,26,1,45,25,0,25,70
06/04/2001,LSE,WI,AGL,CE,Federal Contract Tower,5,21,17,1,44,0,0,18,3,21,5,21,35,4,65,24,0,24,89
06/05/2001,LSE,WI,AGL,CE,Federal Contract Tower,5,17,12,0,34,0,4,0,0,4,5,21,12,0,38,2,0,2,40
06/06/2001,LSE,WI,AGL,CE,Federal Contract Tower,5,19,24,1,49,0,0,12,0,12,5,19,36,1,61,12,0,12,73
06/07/2001,LSE,WI,AGL,CE,Federal Contract Tower,5,23,19,1,48,0,3,18,0,21,5,26,37,1,69,24,0,24,93
06/08/2001,LSE,WI,AGL,CE,Federal Contract Tower,7,24,22,1,54,0,0,67,1,68,7,24,89,2,122,76,0,76,198
06/09/2001,LSE,WI,AGL,CE,Federal Contract Tower,5,16,14,0,35,4,0,152,3,159,9,16,166,3,194,18,0,18,212
06/10/2001,LSE,WI,AGL,CE,Federal Contract Tower,4,15,13,0,32,1,0,70,0,71,5,15,83,0,103,44,0,44,147
06/11/2001,LSE,WI,AGL,CE,Federal Contract Tower,5,22,19,2,48,0,0,22,2,24,5,22,41,4,72,38,8,46,118
06/12/2001,LSE,WI,AGL,CE,Federal Contract Tower,4,23,19,0,46,0,1,8,0,9,4,24,27,0,55,20,0,20,75
06/13/2001,LSE,WI,AGL,CE,Federal Contract Tower,6,20,19,2,47,1,0,20,0,21,7,20,39,2,68,22,20,42,110
06/14/2001,LSE,WI,AGL,CE,Federal Contract Tower,4,16,14,1,35,1,3,21,2,27,5,19,35,3,62,19,4,23,85
06/15/2001,LSE,WI,AGL,CE,Federal Contract Tower,5,24,21,2,52,0,0,65,20,85,5,24,86,22,137,88,58,146,283
06/16/2001,LSE,WI,AGL,CE,Federal Contract Tower,2,10,7,1,20,1,0,45,3,49,3,10,52,4,69,22,12,34,103
06/17/2001,LSE,WI,AGL,CE,Federal Contract Tower,3,10,12,1,26,0,0,33,20,53,3,10,45,21,79,98,54,152,231
06/18/2001,LSE,WI,AGL,CE,Federal Contract Tower,5,18,14,1,38,0,4,22,2,28,5,22,36,3,66,82,0,82,148
06/19/2001,LSE,WI,AGL,CE,Federal Contract Tower,5,25,20,0,50,0,0,42,0,42,5,25,62,0,92,110,0,110,202
06/20/2001,LSE,WI,AGL,CE,Federal Contract Tower,4,17,12,0,33,1,6,50,0,57,5,23,62,0,90,74,0,74,164
06/21/2001,LSE,WI,AGL,CE,Federal Contract Tower,5,27,21,0,53,0,0,41,0,41,5,27,62,0,94,37,0,37,131
06/22/2001,LSE,WI,AGL,CE,Federal Contract Tower,6,25,19,0,50,1,0,49,0,50,7,25,68,0,100,40,0,40,140
06/23/2001,LSE,WI,AGL,CE,Federal Contract Tower,3,15,11,0,29,2,2,98,0,102,5,17,109,0,131,74,0,74,205
06/24/2001,LSE,WI,AGL,CE,Federal Contract Tower,3,13,10,0,26,2,0,56,0,58,5,13,66,0,84,44,0,44,128
06/25/2001,LSE,WI,AGL,CE,Federal Contract Tower,5,19,16,0,40,0,6,25,1,32,5,25,41,1,72,48,2,50,122
06/26/2001,LSE,WI,AGL,CE,Federal Contract Tower,5,26,23,0,54,0,0,55,0,55,5,26,78,0,109,67,0,67,176
06/27/2001,LSE,WI,AGL,CE,Federal Contract Tower,5,25,20,0,50,0,0,66,0,66,5,25,86,0,116,152,0,152,268
06/28/2001,LSE,WI,AGL,CE,Federal Contract Tower,5,25,22,0,52,0,0,31,0,31,5,25,53,0,83,66,0,66,149
06/29/2001,LSE,WI,AGL,CE,Federal Contract Tower,5,18,15,0,38,0,8,26,0,34,5,26,41,0,72,30,0,30,102
06/30/2001,LSE,WI,AGL,CE,Federal Contract Tower,3,14,12,0,29,2,6,26,0,34,5,20,38,0,63,10,0,10,73
07/01/2001,LSE,WI,AGL,CE,Federal Contract Tower,4,12,8,0,24,1,9,59,0,69,5,21,67,0,93,96,0,96,189
07/02/2001,LSE,WI,AGL,CE,Federal Contract Tower,5,14,11,0,30,0,7,38,0,45,5,21,49,0,75,56,0,56,131
07/03/2001,LSE,WI,AGL,CE,Federal Contract Tower,5,22,17,0,44,0,3,72,0,75,5,25,89,0,119,60,0,60,179
07/04/2001,LSE,WI,AGL,CE,Federal Contract Tower,3,9,8,0,20,2,6,46,0,54,5,15,54,0,74,54,0,54,128
07/05/2001,LSE,WI,AGL,CE,Federal Contract Tower,5,14,11,0,30,0,12,96,0,108,5,26,107,0,138,146,0,146,284
07/06/2001,LSE,WI,AGL,CE,Federal Contract Tower,3,20,14,0,37,0,10,35,0,45,3,30,49,0,82,52,0,52,134
07/07/2001,LSE,WI,AGL,CE,Federal Contract Tower,4,14,10,1,29,1,7,43,1,52,5,21,53,2,81,42,0,42,123
07/08/2001,LSE,WI,AGL,CE,Federal Contract Tower,4,13,9,0,26,1,1,38,0,40,5,14,47,0,66,54,0,54,120
07/09/2001,LSE,WI,AGL,CE,Federal Contract Tower,5,19,13,0,37,0,4,43,0,47,5,23,56,0,84,106,0,106,190
07/10/2001,LSE,WI,AGL,CE,Federal Contract Tower,5,25,18,1,49,0,4,56,3,63,5,29,74,4,112,88,12,100,212
07/11/2001,LSE,WI,AGL,CE,Federal Contract Tower,5,23,17,0,45,0,3,95,0,98,5,26,112,0,143,72,0,72,215
07/12/2001,LSE,WI,AGL,CE,Federal Contract Tower,5,23,20,1,49,0,0,55,4,59,5,23,75,5,108,50,12,62,170
07/13/2001,LSE,WI,AGL,CE,Federal Contract Tower,4,22,16,0,42,0,7,71,0,78,4,29,87,0,120,70,0,70,190
07/14/2001,LSE,WI,AGL,CE,Federal Contract Tower,4,18,11,1,34,5,0,91,0,96,9,18,102,1,130,46,0,46,176
07/15/2001,LSE,WI,AGL,CE,Federal Contract Tower,3,13,7,1,24,1,6,70,1,78,4,19,77,2,102,58,2,60,162
07/16/2001,LSE,WI,AGL,CE,Federal Contract Tower,5,20,12,1,38,0,2,27,0,29,5,22,39,1,67,36,0,36,103
07/17/2001,LSE,WI,AGL,CE,Federal Contract Tower,5,22,15,0,42,0,0,42,0,42,5,22,57,0,84,86,0,86,170
07/18/2001,LSE,WI,AGL,CE,Federal Contract Tower,5,27,18,1,51,0,3,52,1,56,5,30,70,2,107,62,0,62,169
07/19/2001,LSE,WI,AGL,CE,Federal Contract Tower,5,24,16,0,45,0,6,37,0,43,5,30,53,0,88,30,0,30,118
07/20/2001,LSE,WI,AGL,CE,Federal Contract Tower,5,23,15,1,44,0,1,23,1,25,5,24,38,2,69,58,0,58,127
07/21/2001,LSE,WI,AGL,CE,Federal Contract Tower,5,20,15,1,41,8,0,26,3,37,13,20,41,4,78,62,0,62,140
07/22/2001,LSE,WI,AGL,CE,Federal Contract Tower,3,13,9,0,25,2,1,35,0,38,5,14,44,0,63,32,0,32,95
07/23/2001,LSE,WI,AGL,CE,Federal Contract Tower,5,15,15,0,35,0,0,63,0,63,5,15,78,0,98,46,0,46,144
07/24/2001,LSE,WI,AGL,CE,Federal Contract Tower,5,25,18,0,48,0,1,63,0,64,5,26,81,0,112,46,0,46,158
07/25/2001,LSE,WI,AGL,CE,Federal Contract Tower,5,26,18,0,49,0,0,69,0,69,5,26,87,0,118,26,0,26,144
07/26/2001,LSE,WI,AGL,CE,Federal Contract Tower,5,22,17,0,44,0,0,86,1,87,5,22,103,1,131,38,0,38,169
07/27/2001,LSE,WI,AGL,CE,Federal Contract Tower,6,25,17,0,48,0,1,67,1,69,6,26,84,1,117,40,0,40,157
07/28/2001,LSE,WI,AGL,CE,Federal Contract Tower,5,20,16,0,41,2,0,49,10,61,7,20,65,10,102,40,2,42,144
07/29/2001,LSE,WI,AGL,CE,Federal Contract Tower,5,13,14,0,32,0,0,99,1,100,5,13,113,1,132,62,0,62,194
07/30/2001,LSE,WI,AGL,CE,Federal Contract Tower,5,22,19,0,46,0,0,73,2,75,5,22,92,2,121,32,0,32,153
07/31/2001,LSE,WI,AGL,CE,Federal Contract Tower,5,23,16,0,44,0,6,43,6,55,5,29,59,6,99,52,6,58,157
08/01/2001,LSE,WI,AGL,CE,Federal Contract Tower,5,25,18,0,48,0,1,14,0,15,5,26,32,0,63,40,0,40,103
08/02/2001,LSE,WI,AGL,CE,Federal Contract Tower,5,27,21,0,53,0,0,33,4,37,5,27,54,4,90,58,12,70,160
08/03/2001,LSE,WI,AGL,CE,Federal Contract Tower,6,22,15,0,43,0,10,41,2,53,6,32,56,2,96,42,0,42,138
08/04/2001,LSE,WI,AGL,CE,Federal Contract Tower,5,18,13,0,36,4,0,56,0,60,9,18,69,0,96,38,0,38,134
08/05/2001,LSE,WI,AGL,CE,Federal Contract Tower,5,17,12,0,34,0,0,55,0,55,5,17,67,0,89,18,0,18,107
08/06/2001,LSE,WI,AGL,CE,Federal Contract Tower,5,23,17,0,45,0,7,17,2,26,5,30,34,2,71,6,0,6,77
08/07/2001,LSE,WI,AGL,CE,Federal Contract Tower,5,20,14,0,39,0,6,8,6,20,5,26,22,6,59,30,6,36,95
08/08/2001,LSE,WI,AGL,CE,Federal Contract Tower,5,26,18,0,49,0,4,37,0,41,5,30,55,0,90,54,0,54,144
08/09/2001,LSE,WI,AGL,CE,Federal Contract Tower,5,28,21,0,54,0,0,62,0,62,5,28,83,0,116,48,0,48,164
08/10/2001,LSE,WI,AGL,CE,Federal Contract Tower,5,23,16,1,45,1,8,51,1,61,6,31,67,2,106,88,0,88,194
08/11/2001,LSE,WI,AGL,CE,Federal Contract Tower,4,17,11,0,32,5,2,94,0,101,9,19,105,0,133,60,0,60,193
08/12/2001,LSE,WI,AGL,CE,Federal Contract Tower,3,14,11,0,28,2,2,44,0,48,5,16,55,0,76,18,0,18,94
08/13/2001,LSE,WI,AGL,CE,Federal Contract Tower,4,19,14,1,38,1,6,55,1,63,5,25,69,2,101,56,0,56,157
08/14/2001,LSE,WI,AGL,CE,Federal Contract Tower,5,25,18,1,49,0,0,40,3,43,5,25,58,4,92,56,12,68,160
08/15/2001,LSE,WI,AGL,CE,Federal Contract Tower,5,25,19,0,49,0,0,10,0,10,5,25,29,0,59,22,0,22,81
08/16/2001,LSE,WI,AGL,CE,Federal Contract Tower,5,24,18,0,47,0,0,23,0,23,5,24,41,0,70,46,0,46,116
08/17/2001,LSE,WI,AGL,CE,Federal Contract Tower,5,23,14,1,43,0,3,81,4,88,5,26,95,5,131,84,2,86,217
08/18/2001,LSE,WI,AGL,CE,Federal Contract Tower,4,18,11,0,33,2,5,11,0,18,6,23,22,0,51,10,0,10,61
08/19/2001,LSE,WI,AGL,CE,Federal Contract Tower,4,16,11,0,31,1,0,62,0,63,5,16,73,0,94,48,0,48,142
08/20/2001,LSE,WI,AGL,CE,Federal Contract Tower,5,24,15,1,45,0,2,36,1,39,5,26,51,2,84,78,2,80,164
08/21/2001,LSE,WI,AGL,CE,Federal Contract Tower,5,23,15,0,43,0,1,24,0,25,5,24,39,0,68,42,0,42,110
08/22/2001,LSE,WI,AGL,CE,Federal Contract Tower,6,24,19,0,49,0,0,69,0,69,6,24,88,0,118,78,0,78,196
08/23/2001,LSE,WI,AGL,CE,Federal Contract Tower,5,26,19,0,50,0,0,17,0,17,5,26,36,0,67,24,0,24,91
08/24/2001,LSE,WI,AGL,CE,Federal Contract Tower,5,29,19,1,54,0,0,18,3,21,5,29,37,4,75,72,10,82,157
08/25/2001,LSE,WI,AGL,CE,Federal Contract Tower,3,14,5,0,22,2,5,0,0,7,5,19,5,0,29,8,0,8,37
08/26/2001,LSE,WI,AGL,CE,Federal Contract Tower,3,17,10,1,31,2,0,60,1,63,5,17,70,2,94,24,4,28,122
08/27/2001,LSE,WI,AGL,CE,Federal Contract Tower,5,22,15,0,42,0,4,31,0,35,5,26,46,0,77,38,0,38,115
08/28/2001,LSE,WI,AGL,CE,Federal Contract Tower,5,26,18,0,49,0,2,63,0,65,5,28,81,0,114,106,0,106,220
08/29/2001,LSE,WI,AGL,CE,Federal Contract Tower,6,27,18,0,51,0,3,50,0,53,6,30,68,0,104,54,0,54,158
08/30/2001,LSE,WI,AGL,CE,Federal Contract Tower,5,26,19,0,50,0,0,19,0,19,5,26,38,0,69,52,0,52,121
08/31/2001,LSE,WI,AGL,CE,Federal Contract Tower,5,23,15,0,43,0,3,32,0,35,5,26,47,0,78,54,0,54,132
09/01/2001,LSE,WI,AGL,CE,Federal Contract Tower,3,17,11,0,31,0,5,63,0,68,3,22,74,0,99,36,0,36,135
09/02/2001,LSE,WI,AGL,CE,Federal Contract Tower,3,13,8,0,24,0,4,59,0,63,3,17,67,0,87,46,0,46,133
09/03/2001,LSE,WI,AGL,CE,Federal Contract Tower,3,17,10,0,30,2,10,43,2,57,5,27,53,2,87,44,0,44,131
09/04/2001,LSE,WI,AGL,CE,Federal Contract Tower,3,27,16,0,46,0,2,34,4,40,3,29,50,4,86,68,10,78,164
09/05/2001,LSE,WI,AGL,CE,Federal Contract Tower,5,27,18,0,50,0,0,45,0,45,5,27,63,0,95,79,0,79,174
09/06/2001,LSE,WI,AGL,CE,Federal Contract Tower,5,33,20,0,58,0,2,22,4,28,5,35,42,4,86,26,10,36,122
09/07/2001,LSE,WI,AGL,CE,Federal Contract Tower,4,24,14,0,42,1,1,12,0,14,5,25,26,0,56,8,0,8,64
09/08/2001,LSE,WI,AGL,CE,Federal Contract Tower,2,20,13,0,35,1,0,15,0,16,3,20,28,0,51,4,0,4,55
09/09/2001,LSE,WI,AGL,CE,Federal Contract Tower,2,19,12,0,33,3,2,17,0,22,5,21,29,0,55,34,0,34,89
09/10/2001,LSE,WI,AGL,CE,Federal Contract Tower,3,23,13,1,40,2,4,39,1,46,5,27,52,2,86,48,0,48,134
09/11/2001,LSE,WI,AGL,CE,Federal Contract Tower,1,12,7,1,21,0,1,7,0,8,1,13,14,1,29,2,0,2,31
09/12/2001,LSE,WI,AGL,CE,Federal Contract Tower,0,2,0,1,3,0,0,0,0,0,0,2,0,1,3,0,0,0,3
09/13/2001,LSE,WI,AGL,CE,Federal Contract Tower,0,4,0,0,4,0,8,0,0,8,0,12,0,0,12,0,0,0,12
09/14/2001,LSE,WI,AGL,CE,Federal Contract Tower,2,23,2,1,28,0,12,0,1,13,2,35,2,2,41,0,0,0,41
09/15/2001,LSE,WI,AGL,CE,Federal Contract Tower,2,19,10,0,31,1,2,0,0,3,3,21,10,0,34,2,0,2,36
09/16/2001,LSE,WI,AGL,CE,Federal Contract Tower,3,21,16,0,40,2,0,5,0,7,5,21,21,0,47,0,0,0,47
09/17/2001,LSE,WI,AGL,CE,Federal Contract Tower,4,26,11,0,41,0,4,0,0,4,4,30,11,0,45,6,0,6,51
09/18/2001,LSE,WI,AGL,CE,Federal Contract Tower,3,24,9,0,36,1,3,0,0,4,4,27,9,0,40,0,0,0,40
09/19/2001,LSE,WI,AGL,CE,Federal Contract Tower,2,24,14,0,40,0,0,5,0,5,2,24,19,0,45,2,0,2,47
09/20/2001,LSE,WI,AGL,CE,Federal Contract Tower,3,24,13,0,40,0,0,17,0,17,3,24,30,0,57,8,0,8,65
09/21/2001,LSE,WI,AGL,CE,Federal Contract Tower,2,21,11,1,35,0,5,27,1,33,2,26,38,2,68,22,4,26,94
09/22/2001,LSE,WI,AGL,CE,Federal Contract Tower,2,19,10,0,31,0,3,30,0,33,2,22,40,0,64,6,0,6,70
09/23/2001,LSE,WI,AGL,CE,Federal Contract Tower,2,15,6,0,23,1,2,0,0,3,3,17,6,0,26,0,0,0,26
09/24/2001,LSE,WI,AGL,CE,Federal Contract Tower,2,21,11,0,34,0,5,36,0,41,2,26,47,0,75,48,0,48,123
09/25/2001,LSE,WI,AGL,CE,Federal Contract Tower,3,26,15,0,44,0,0,39,2,41,3,26,54,2,85,54,8,62,147
09/26/2001,LSE,WI,AGL,CE,Federal Contract Tower,2,32,18,0,52,0,2,65,5,72,2,34,83,5,124,78,6,84,208
09/27/2001,LSE,WI,AGL,CE,Federal Contract Tower,2,25,18,0,45,0,0,64,0,64,2,25,82,0,109,86,0,86,195
09/28/2001,LSE,WI,AGL,CE,Federal Contract Tower,2,30,24,1,57,0,0,60,3,63,2,30,84,4,120,34,0,34,154
09/29/2001,LSE,WI,AGL,CE,Federal Contract Tower,2,20,12,0,34,0,0,31,0,31,2,20,43,0,65,32,0,32,97
09/30/2001,LSE,WI,AGL,CE,Federal Contract Tower,2,17,9,0,28,1,0,27,0,28,3,17,36,0,56,38,0,38,94
10/01/2001,LSE,WI,AGL,CE,Federal Contract Tower,11,20,13,0,44,0,1,48,0,49,11,21,61,0,93,58,0,58,151
10/02/2001,LSE,WI,AGL,CE,Federal Contract Tower,5,25,21,0,51,0,6,25,0,31,5,31,46,0,82,28,0,28,110
10/03/2001,LSE,WI,AGL,CE,Federal Contract Tower,3,26,19,1,49,0,3,21,1,25,3,29,40,2,74,86,0,86,160
10/04/2001,LSE,WI,AGL,CE,Federal Contract Tower,3,26,18,2,49,0,2,40,0,42,3,28,58,2,91,42,0,42,133
10/05/2001,LSE,WI,AGL,CE,Federal Contract Tower,4,18,12,0,34,1,2,40,0,43,5,20,52,0,77,88,0,88,165
10/06/2001,LSE,WI,AGL,CE,Federal Contract Tower,3,17,12,0,32,0,8,49,0,57,3,25,61,0,89,38,0,38,127
10/07/2001,LSE,WI,AGL,CE,Federal Contract Tower,3,14,11,0,28,2,0,82,0,84,5,14,93,0,112,92,0,92,204
10/08/2001,LSE,WI,AGL,CE,Federal Contract Tower,4,21,15,0,40,1,0,28,0,29,5,21,43,0,69,42,0,42,111
10/09/2001,LSE,WI,AGL,CE,Federal Contract Tower,5,20,14,1,40,0,0,14,1,15,5,20,28,2,55,26,6,32,87
10/10/2001,LSE,WI,AGL,CE,Federal Contract Tower,5,19,15,1,40,0,0,3,1,4,5,19,18,2,44,0,0,0,44
10/11/2001,LSE,WI,AGL,CE,Federal Contract Tower,1,27,19,0,47,0,1,65,0,66,1,28,84,0,113,94,0,94,207
10/12/2001,LSE,WI,AGL,CE,Federal Contract Tower,5,24,16,0,45,0,1,33,0,34,5,25,49,0,79,60,0,60,139
10/13/2001,LSE,WI,AGL,CE,Federal Contract Tower,3,15,11,1,30,0,1,0,1,2,3,16,11,2,32,2,0,2,34
10/14/2001,LSE,WI,AGL,CE,Federal Contract Tower,3,16,12,0,31,2,0,20,0,22,5,16,32,0,53,20,0,20,73
10/15/2001,LSE,WI,AGL,CE,Federal Contract Tower,3,15,12,0,30,2,4,2,0,8,5,19,14,0,38,2,0,2,40
10/16/2001,LSE,WI,AGL,CE,Federal Contract Tower,5,22,17,1,45,0,0,31,1,32,5,22,48,2,77,66,20,86,163
10/17/2001,LSE,WI,AGL,CE,Federal Contract Tower,3,22,20,1,46,0,0,84,3,87,3,22,104,4,133,110,14,124,257
10/18/2001,LSE,WI,AGL,CE,Federal Contract Tower,5,23,17,1,46,0,0,23,1,24,5,23,40,2,70,50,2,52,122
10/19/2001,LSE,WI,AGL,CE,Federal Contract Tower,5,20,15,0,40,0,4,41,0,45,5,24,56,0,85,24,0,24,109
10/20/2001,LSE,WI,AGL,CE,Federal Contract Tower,3,15,11,0,29,0,3,29,6,38,3,18,40,6,67,18,0,18,85
10/21/2001,LSE,WI,AGL,CE,Federal Contract Tower,3,15,11,0,29,2,0,82,0,84,5,15,93,0,113,72,0,72,185
10/22/2001,LSE,WI,AGL,CE,Federal Contract Tower,5,20,15,0,40,0,0,8,0,8,5,20,23,0,48,14,0,14,62
10/23/2001,LSE,WI,AGL,CE,Federal Contract Tower,5,20,22,8,55,0,0,7,0,7,5,20,29,8,62,18,8,26,88
10/24/2001,LSE,WI,AGL,CE,Federal Contract Tower,5,20,23,2,50,0,2,22,0,24,5,22,45,2,74,22,6,28,102
10/25/2001,LSE,WI,AGL,CE,Federal Contract Tower,5,22,7,0,34,0,0,0,0,0,5,22,7,0,34,0,0,0,34
10/26/2001,LSE,WI,AGL,CE,Federal Contract Tower,4,21,16,0,41,1,1,9,2,13,5,22,25,2,54,10,10,20,74
10/27/2001,LSE,WI,AGL,CE,Federal Contract Tower,3,16,12,0,31,0,2,69,3,74,3,18,81,3,105,66,0,66,171
10/28/2001,LSE,WI,AGL,CE,Federal Contract Tower,3,14,11,0,28,2,1,29,2,34,5,15,40,2,62,4,0,4,66
10/29/2001,LSE,WI,AGL,CE,Federal Contract Tower,3,16,12,0,31,2,2,35,0,39,5,18,47,0,70,44,0,44,114
10/30/2001,LSE,WI,AGL,CE,Federal Contract Tower,3,22,17,0,42,0,2,8,0,10,3,24,25,0,52,14,0,14,66
10/31/2001,LSE,WI,AGL,CE,Federal Contract Tower,5,19,14,0,38,0,2,9,0,11,5,21,23,0,49,56,0,56,105
11/01/2001,LSE,WI,AGL,CE,Federal Contract Tower,5,23,14,0,42,0,0,32,2,34,5,23,46,2,76,30,0,30,106
11/02/2001,LSE,WI,AGL,CE,Federal Contract Tower,4,19,11,0,34,1,6,42,0,49,5,25,53,0,83,38,0,38,121
11/03/2001,LSE,WI,AGL,CE,Federal Contract Tower,4,17,10,0,31,1,1,56,2,60,5,18,66,2,91,54,0,54,145
11/04/2001,LSE,WI,AGL,CE,Federal Contract Tower,5,17,13,0,35,0,0,57,0,57,5,17,70,0,92,56,0,56,148
11/05/2001,LSE,WI,AGL,CE,Federal Contract Tower,5,26,17,0,48,0,0,26,0,26,5,26,43,0,74,26,0,26,100
11/06/2001,LSE,WI,AGL,CE,Federal Contract Tower,5,22,13,0,40,0,6,35,2,43,5,28,48,2,83,36,14,50,133
11/07/2001,LSE,WI,AGL,CE,Federal Contract Tower,5,26,18,0,49,0,0,17,0,17,5,26,35,0,66,84,0,84,150
11/08/2001,LSE,WI,AGL,CE,Federal Contract Tower,5,24,14,0,43,1,4,20,2,27,6,28,34,2,70,26,16,42,112
11/09/2001,LSE,WI,AGL,CE,Federal Contract Tower,4,15,9,0,28,1,19,39,0,59,5,34,48,0,87,12,0,12,99
11/10/2001,LSE,WI,AGL,CE,Federal Contract Tower,4,18,11,0,33,1,0,49,0,50,5,18,60,0,83,44,0,44,127
11/11/2001,LSE,WI,AGL,CE,Federal Contract Tower,5,21,12,0,38,2,1,56,0,59,7,22,68,0,97,86,0,86,183
11/12/2001,LSE,WI,AGL,CE,Federal Contract Tower,5,25,17,0,47,0,0,24,0,24,5,25,41,0,71,18,0,18,89
11/13/2001,LSE,WI,AGL,CE,Federal Contract Tower,1,28,16,0,45,0,4,10,0,14,1,32,26,0,59,16,0,16,75
11/14/2001,LSE,WI,AGL,CE,Federal Contract Tower,3,25,14,0,42,0,0,8,0,8,3,25,22,0,50,4,0,4,54
11/15/2001,LSE,WI,AGL,CE,Federal Contract Tower,5,20,12,0,37,0,3,32,0,35,5,23,44,0,72,40,0,40,112
11/16/2001,LSE,WI,AGL,CE,Federal Contract Tower,4,19,9,0,32,0,3,23,4,30,4,22,32,4,62,20,0,20,82
11/17/2001,LSE,WI,AGL,CE,Federal Contract Tower,3,15,7,0,25,4,7,18,0,29,7,22,25,0,54,34,0,34,88
11/18/2001,LSE,WI,AGL,CE,Federal Contract Tower,3,18,9,0,30,0,0,10,0,10,3,18,19,0,40,68,0,68,108
11/19/2001,LSE,WI,AGL,CE,Federal Contract Tower,3,21,13,0,37,0,0,15,0,15,3,21,28,0,52,16,0,16,68
11/20/2001,LSE,WI,AGL,CE,Federal Contract Tower,3,17,9,1,30,2,10,36,3,51,5,27,45,4,81,54,12,66,147
11/21/2001,LSE,WI,AGL,CE,Federal Contract Tower,1,9,4,0,14,4,13,51,0,68,5,22,55,0,82,54,0,54,136
11/22/2001,LSE,WI,AGL,CE,Federal Contract Tower,1,8,3,0,12,2,2,14,0,18,3,10,17,0,30,16,0,16,46
11/23/2001,LSE,WI,AGL,CE,Federal Contract Tower,3,15,9,0,27,0,0,24,0,24,3,15,33,0,51,20,0,20,71
11/24/2001,LSE,WI,AGL,CE,Federal Contract Tower,3,18,3,0,24,2,4,0,0,6,5,22,3,0,30,2,0,2,32
11/25/2001,LSE,WI,AGL,CE,Federal Contract Tower,2,15,9,0,26,3,6,15,0,24,5,21,24,0,50,56,0,56,106
11/26/2001,LSE,WI,AGL,CE,Federal Contract Tower,3,18,8,0,29,0,0,0,0,0,3,18,8,0,29,0,0,0,29
11/27/2001,LSE,WI,AGL,CE,Federal Contract Tower,3,23,18,0,44,0,0,1,0,1,3,23,19,0,45,8,0,8,53
11/28/2001,LSE,WI,AGL,CE,Federal Contract Tower,3,27,16,0,46,0,0,0,0,0,3,27,16,0,46,0,0,0,46
11/29/2001,LSE,WI,AGL,CE,Federal Contract Tower,3,26,14,0,43,0,3,10,0,13,3,29,24,0,56,0,0,0,56
11/30/2001,LSE,WI,AGL,CE,Federal Contract Tower,3,25,15,0,43,0,0,5,0,5,3,25,20,0,48,0,0,0,48
12/01/2001,LSE,WI,AGL,CE,Federal Contract Tower,3,19,12,0,34,0,1,11,0,12,3,20,23,0,46,14,0,14,60
12/02/2001,LSE,WI,AGL,CE,Federal Contract Tower,5,16,16,0,37,0,1,47,0,48,5,17,63,0,85,52,0,52,137
12/03/2001,LSE,WI,AGL,CE,Federal Contract Tower,5,25,14,0,44,0,0,12,0,12,5,25,26,0,56,12,0,12,68
12/04/2001,LSE,WI,AGL,CE,Federal Contract Tower,3,27,17,0,47,0,0,14,0,14,3,27,31,0,61,70,0,70,131
12/05/2001,LSE,WI,AGL,CE,Federal Contract Tower,5,29,19,0,53,0,3,5,0,8,5,32,24,0,61,8,0,8,69
12/06/2001,LSE,WI,AGL,CE,Federal Contract Tower,5,24,15,0,44,0,2,22,0,24,5,26,37,0,68,50,2,52,120
12/07/2001,LSE,WI,AGL,CE,Federal Contract Tower,5,25,11,0,41,0,1,13,0,14,5,26,24,0,55,24,0,24,79
12/08/2001,LSE,WI,AGL,CE,Federal Contract Tower,5,17,10,0,32,0,7,38,2,47,5,24,48,2,79,34,0,34,113
12/09/2001,LSE,WI,AGL,CE,Federal Contract Tower,5,17,12,0,34,0,2,45,1,48,5,19,57,1,82,60,0,60,142
12/10/2001,LSE,WI,AGL,CE,Federal Contract Tower,5,21,17,0,43,0,4,33,0,37,5,25,50,0,80,100,0,100,180
12/11/2001,LSE,WI,AGL,CE,Federal Contract Tower,5,21,16,2,44,0,6,41,2,49,5,27,57,4,93,40,0,40,133
12/12/2001,LSE,WI,AGL,CE,Federal Contract Tower,5,28,19,1,53,0,0,0,3,3,5,28,19,4,56,18,0,18,74
12/13/2001,LSE,WI,AGL,CE,Federal Contract Tower,5,28,14,0,47,0,0,7,0,7,5,28,21,0,54,4,0,4,58
12/14/2001,LSE,WI,AGL,CE,Federal Contract Tower,3,24,8,0,35,0,5,8,0,13,3,29,16,0,48,22,0,22,70
12/15/2001,LSE,WI,AGL,CE,Federal Contract Tower,5,18,4,0,27,0,0,20,0,20,5,18,24,0,47,70,4,74,121
12/16/2001,LSE,WI,AGL,CE,Federal Contract Tower,4,17,9,0,30,0,0,0,0,0,4,17,9,0,30,2,0,2,32
12/17/2001,LSE,WI,AGL,CE,Federal Contract Tower,5,22,11,0,38,0,5,17,0,22,5,27,28,0,60,40,0,40,100
12/18/2001,LSE,WI,AGL,CE,Federal Contract Tower,5,25,27,0,57,0,3,39,0,42,5,28,66,0,99,36,0,36,135
12/19/2001,LSE,WI,AGL,CE,Federal Contract Tower,5,26,20,0,51,0,6,42,4,52,5,32,62,4,103,48,0,48,151
12/20/2001,LSE,WI,AGL,CE,Federal Contract Tower,5,33,26,3,67,0,8,69,0,77,5,41,95,3,144,66,0,66,210
12/21/2001,LSE,WI,AGL,CE,Federal Contract Tower,5,28,17,1,51,0,0,20,1,21,5,28,37,2,72,36,10,46,118
12/22/2001,LSE,WI,AGL,CE,Federal Contract Tower,3,20,4,0,27,0,2,5,0,7,3,22,9,0,34,2,0,2,36
12/23/2001,LSE,WI,AGL,CE,Federal Contract Tower,5,17,8,0,30,0,5,3,0,8,5,22,11,0,38,0,6,6,44
12/24/2001,LSE,WI,AGL,CE,Federal Contract Tower,3,18,3,0,24,0,4,11,0,15,3,22,14,0,39,0,0,0,39
12/25/2001,LSE,WI,AGL,CE,Federal Contract Tower,5,17,2,0,24,0,4,13,0,17,5,21,15,0,41,0,0,0,41
12/26/2001,LSE,WI,AGL,CE,Federal Contract Tower,5,27,11,0,43,0,4,13,0,17,5,31,24,0,60,26,0,26,86
12/27/2001,LSE,WI,AGL,CE,Federal Contract Tower,1,24,14,0,39,0,2,7,0,9,1,26,21,0,48,26,0,26,74
12/28/2001,LSE,WI,AGL,CE,Federal Contract Tower,5,21,13,0,39,0,0,7,0,7,5,21,20,0,46,8,0,8,54
12/29/2001,LSE,WI,AGL,CE,Federal Contract Tower,1,17,6,0,24,0,0,32,0,32,1,17,38,0,56,32,0,32,88
12/30/2001,LSE,WI,AGL,CE,Federal Contract Tower,5,17,10,0,32,0,2,10,0,12,5,19,20,0,44,52,0,52,96
12/31/2001,LSE,WI,AGL,CE,Federal Contract Tower,5,18,4,0,27,0,0,30,0,30,5,18,34,0,57,18,0,18,75
01/01/2002,LSE,WI,AGL,CE,Federal Contract Tower,5,18,3,0,26,0,2,8,0,10,5,20,11,0,36,0,0,0,36
01/02/2002,LSE,WI,AGL,CE,Federal Contract Tower,5,24,4,0,33,0,2,24,0,26,5,26,28,0,59,50,0,50,109
01/03/2002,LSE,WI,AGL,CE,Federal Contract Tower,5,24,18,0,47,0,6,35,0,41,5,30,53,0,88,50,0,50,138
01/04/2002,LSE,WI,AGL,CE,Federal Contract Tower,5,27,15,0,47,0,2,25,0,27,5,29,40,0,74,34,0,34,108
01/05/2002,LSE,WI,AGL,CE,Federal Contract Tower,3,20,7,0,30,0,1,27,0,28,3,21,34,0,58,90,0,90,148
01/06/2002,LSE,WI,AGL,CE,Federal Contract Tower,5,18,10,4,37,0,1,10,0,11,5,19,20,4,48,22,0,22,70
01/07/2002,LSE,WI,AGL,CE,Federal Contract Tower,5,22,11,0,38,0,6,37,0,43,5,28,48,0,81,32,0,32,113
01/08/2002,LSE,WI,AGL,CE,Federal Contract Tower,5,26,7,2,40,0,1,30,0,31,5,27,37,2,71,28,2,30,101
01/09/2002,LSE,WI,AGL,CE,Federal Contract Tower,5,21,21,0,47,0,0,27,0,27,5,21,48,0,74,50,0,50,124
01/10/2002,LSE,WI,AGL,CE,Federal Contract Tower,7,24,32,0,63,0,1,20,0,21,7,25,52,0,84,22,0,22,106
01/11/2002,LSE,WI,AGL,CE,Federal Contract Tower,5,22,9,2,38,0,2,26,0,28,5,24,35,2,66,20,0,20,86
01/12/2002,LSE,WI,AGL,CE,Federal Contract Tower,1,20,10,2,33,0,0,28,0,28,1,20,38,2,61,32,0,32,93
01/13/2002,LSE,WI,AGL,CE,Federal Contract Tower,7,16,4,0,27,0,6,20,0,26,7,22,24,0,53,58,0,58,111
01/14/2002,LSE,WI,AGL,CE,Federal Contract Tower,5,23,13,0,41,0,0,0,0,0,5,23,13,0,41,2,0,2,43
01/15/2002,LSE,WI,AGL,CE,Federal Contract Tower,5,23,17,0,45,0,0,4,2,6,5,23,21,2,51,22,2,24,75
01/16/2002,LSE,WI,AGL,CE,Federal Contract Tower,5,23,7,0,35,0,2,18,0,20,5,25,25,0,55,0,0,0,55
01/17/2002,LSE,WI,AGL,CE,Federal Contract Tower,5,26,14,1,46,0,3,21,4,28,5,29,35,5,74,8,0,8,82
01/18/2002,LSE,WI,AGL,CE,Federal Contract Tower,5,23,17,1,46,0,7,28,0,35,5,30,45,1,81,24,0,24,105
01/19/2002,LSE,WI,AGL,CE,Federal Contract Tower,3,18,7,0,28,0,2,6,0,8,3,20,13,0,36,6,0,6,42
01/20/2002,LSE,WI,AGL,CE,Federal Contract Tower,5,16,4,0,25,0,0,29,0,29,5,16,33,0,54,30,0,30,84
01/21/2002,LSE,WI,AGL,CE,Federal Contract Tower,5,20,9,0,34,0,2,24,0,26,5,22,33,0,60,20,0,20,80
01/22/2002,LSE,WI,AGL,CE,Federal Contract Tower,5,21,20,0,46,0,4,29,0,33,5,25,49,0,79,20,0,20,99
01/23/2002,LSE,WI,AGL,CE,Federal Contract Tower,5,25,13,0,43,0,2,8,0,10,5,27,21,0,53,38,2,40,93
01/24/2002,LSE,WI,AGL,CE,Federal Contract Tower,5,23,21,0,49,0,2,29,0,31,5,25,50,0,80,56,0,56,136
01/25/2002,LSE,WI,AGL,CE,Federal Contract Tower,5,24,9,0,38,0,4,28,0,32,5,28,37,0,70,6,0,6,76
01/26/2002,LSE,WI,AGL,CE,Federal Contract Tower,3,18,9,0,30,0,0,98,4,102,3,18,107,4,132,96,0,96,228
01/27/2002,LSE,WI,AGL,CE,Federal Contract Tower,5,15,6,0,26,0,3,79,0,82,5,18,85,0,108,94,0,94,202
01/28/2002,LSE,WI,AGL,CE,Federal Contract Tower,5,20,19,0,44,0,1,7,0,8,5,21,26,0,52,8,0,8,60
01/29/2002,LSE,WI,AGL,CE,Federal Contract Tower,5,21,16,0,42,0,4,11,0,15,5,25,27,0,57,34,0,34,91
01/30/2002,LSE,WI,AGL,CE,Federal Contract Tower,5,22,15,0,42,0,4,7,0,11,5,26,22,0,53,42,0,42,95
01/31/2002,LSE,WI,AGL,CE,Federal Contract Tower,5,22,13,0,40,0,0,0,0,0,5,22,13,0,40,2,0,2,42
02/01/2002,LSE,WI,AGL,CE,Federal Contract Tower,5,23,16,0,44,0,1,17,0,18,5,24,33,0,62,18,0,18,80
02/02/2002,LSE,WI,AGL,CE,Federal Contract Tower,3,19,9,0,31,0,1,9,0,10,3,20,18,0,41,28,0,28,69
02/03/2002,LSE,WI,AGL,CE,Federal Contract Tower,7,15,4,0,26,0,1,16,0,17,7,16,20,0,43,50,0,50,93
02/04/2002,LSE,WI,AGL,CE,Federal Contract Tower,5,19,12,0,36,0,3,26,0,29,5,22,38,0,65,24,0,24,89
02/05/2002,LSE,WI,AGL,CE,Federal Contract Tower,5,25,12,0,42,0,2,20,0,22,5,27,32,0,64,42,0,42,106
02/06/2002,LSE,WI,AGL,CE,Federal Contract Tower,5,22,22,0,49,0,3,21,0,24,5,25,43,0,73,32,0,32,105
02/07/2002,LSE,WI,AGL,CE,Federal Contract Tower,5,23,19,0,47,0,2,31,0,33,5,25,50,0,80,66,0,66,146
02/08/2002,LSE,WI,AGL,CE,Federal Contract Tower,7,22,14,0,43,0,1,32,0,33,7,23,46,0,76,62,0,62,138
02/09/2002,LSE,WI,AGL,CE,Federal Contract Tower,3,24,11,0,38,0,1,4,0,5,3,25,15,0,43,0,0,0,43
02/10/2002,LSE,WI,AGL,CE,Federal Contract Tower,5,16,6,0,27,0,3,7,0,10,5,19,13,0,37,50,0,50,87
02/11/2002,LSE,WI,AGL,CE,Federal Contract Tower,5,20,11,0,36,0,3,7,0,10,5,23,18,0,46,0,0,0,46
02/12/2002,LSE,WI,AGL,CE,Federal Contract Tower,3,24,18,0,45,0,1,8,0,9,3,25,26,0,54,16,0,16,70
02/13/2002,LSE,WI,AGL,CE,Federal Contract Tower,5,21,19,0,45,0,1,22,0,23,5,22,41,0,68,50,0,50,118
02/14/2002,LSE,WI,AGL,CE,Federal Contract Tower,5,25,14,0,44,0,1,18,0,19,5,26,32,0,63,20,0,20,83
02/15/2002,LSE,WI,AGL,CE,Federal Contract Tower,8,24,23,0,55,0,6,22,0,28,8,30,45,0,83,26,0,26,109
02/16/2002,LSE,WI,AGL,CE,Federal Contract Tower,4,20,7,4,35,0,3,11,0,14,4,23,18,4,49,40,0,40,89
02/17/2002,LSE,WI,AGL,CE,Federal Contract Tower,4,16,14,0,34,0,3,98,0,101,4,19,112,0,135,148,0,148,283
02/18/2002,LSE,WI,AGL,CE,Federal Contract Tower,5,24,20,0,49,0,0,11,0,11,5,24,31,0,60,16,0,16,76
02/19/2002,LSE,WI,AGL,CE,Federal Contract Tower,5,28,19,0,52,0,0,0,0,0,5,28,19,0,52,0,0,0,52
02/20/2002,LSE,WI,AGL,CE,Federal Contract Tower,5,24,18,0,47,0,0,0,0,0,5,24,18,0,47,0,0,0,47
02/21/2002,LSE,WI,AGL,CE,Federal Contract Tower,7,26,13,0,46,0,1,20,0,21,7,27,33,0,67,54,0,54,121
02/22/2002,LSE,WI,AGL,CE,Federal Contract Tower,6,22,10,0,38,0,6,46,2,54,6,28,56,2,92,40,0,40,132
02/23/2002,LSE,WI,AGL,CE,Federal Contract Tower,3,21,6,0,30,0,0,23,2,25,3,21,29,2,55,30,0,30,85
02/24/2002,LSE,WI,AGL,CE,Federal Contract Tower,4,17,5,0,26,0,6,23,2,31,4,23,28,2,57,38,0,38,95
02/25/2002,LSE,WI,AGL,CE,Federal Contract Tower,5,22,7,0,34,0,0,6,0,6,5,22,13,0,40,20,0,20,60
02/26/2002,LSE,WI,AGL,CE,Federal Contract Tower,5,25,17,0,47,0,0,1,0,1,5,25,18,0,48,0,0,0,48
02/27/2002,LSE,WI,AGL,CE,Federal Contract Tower,5,21,19,0,45,0,9,26,0,35,5,30,45,0,80,54,0,54,134
02/28/2002,LSE,WI,AGL,CE,Federal Contract Tower,6,30,18,0,54,2,4,25,0,31,8,34,43,0,85,24,0,24,109
03/01/2002,LSE,WI,AGL,CE,Federal Contract Tower,5,25,12,0,42,0,0,24,0,24,5,25,36,0,66,30,0,30,96
03/02/2002,LSE,WI,AGL,CE,Federal Contract Tower,3,18,4,0,25,0,5,0,0,5,3,23,4,0,30,0,0,0,30
03/03/2002,LSE,WI,AGL,CE,Federal Contract Tower,4,18,7,0,29,0,0,4,0,4,4,18,11,0,33,26,0,26,59
03/04/2002,LSE,WI,AGL,CE,Federal Contract Tower,5,23,7,1,36,0,0,6,0,6,5,23,13,1,42,0,0,0,42
03/05/2002,LSE,WI,AGL,CE,Federal Contract Tower,8,25,19,1,53,0,2,17,0,19,8,27,36,1,72,24,0,24,96
03/06/2002,LSE,WI,AGL,CE,Federal Contract Tower,5,22,20,0,47,0,2,4,0,6,5,24,24,0,53,8,0,8,61
03/07/2002,LSE,WI,AGL,CE,Federal Contract Tower,5,24,12,0,41,0,8,11,0,19,5,32,23,0,60,24,0,24,84
03/08/2002,LSE,WI,AGL,CE,Federal Contract Tower,4,20,11,2,37,0,0,0,1,1,4,20,11,3,38,0,0,0,38
03/09/2002,LSE,WI,AGL,CE,Federal Contract Tower,0,16,3,0,19,0,0,0,0,0,0,16,3,0,19,2,2,4,23
03/10/2002,LSE,WI,AGL,CE,Federal Contract Tower,4,16,12,0,32,0,0,41,3,44,4,16,53,3,76,90,2,92,168
03/11/2002,LSE,WI,AGL,CE,Federal Contract Tower,8,20,10,0,38,0,4,24,0,28,8,24,34,0,66,36,0,36,102
03/12/2002,LSE,WI,AGL,CE,Federal Contract Tower,5,22,18,2,47,0,4,32,0,36,5,26,50,2,83,120,0,120,203
03/13/2002,LSE,WI,AGL,CE,Federal Contract Tower,5,30,15,1,51,0,6,23,1,30,5,36,38,2,81,66,2,68,149
03/14/2002,LSE,WI,AGL,CE,Federal Contract Tower,3,21,19,0,43,0,2,7,0,9,3,23,26,0,52,2,0,2,54
03/15/2002,LSE,WI,AGL,CE,Federal Contract Tower,7,29,10,0,46,0,2,11,0,13,7,31,21,0,59,26,0,26,85
03/16/2002,LSE,WI,AGL,CE,Federal Contract Tower,3,22,2,2,29,0,3,71,0,74,3,25,73,2,103,98,0,98,201
03/17/2002,LSE,WI,AGL,CE,Federal Contract Tower,4,17,7,0,28,0,0,22,0,22,4,17,29,0,50,26,0,26,76
03/18/2002,LSE,WI,AGL,CE,Federal Contract Tower,8,20,12,0,40,0,4,13,0,17,8,24,25,0,57,22,0,22,79
03/19/2002,LSE,WI,AGL,CE,Federal Contract Tower,5,31,15,1,52,0,0,0,0,0,5,31,15,1,52,0,0,0,52
03/20/2002,LSE,WI,AGL,CE,Federal Contract Tower,3,25,29,1,58,0,2,48,3,53,3,27,77,4,111,88,8,96,207
03/21/2002,LSE,WI,AGL,CE,Federal Contract Tower,7,23,22,0,52,0,2,5,0,7,7,25,27,0,59,0,0,0,59
03/22/2002,LSE,WI,AGL,CE,Federal Contract Tower,5,21,16,0,42,0,2,26,0,28,5,23,42,0,70,30,0,30,100
03/23/2002,LSE,WI,AGL,CE,Federal Contract Tower,3,20,7,0,30,0,3,48,0,51,3,23,55,0,81,36,0,36,117
03/24/2002,LSE,WI,AGL,CE,Federal Contract Tower,6,18,4,0,28,0,1,21,0,22,6,19,25,0,50,72,0,72,122
03/25/2002,LSE,WI,AGL,CE,Federal Contract Tower,5,20,17,0,42,0,7,33,0,40,5,27,50,0,82,68,0,68,150
03/26/2002,LSE,WI,AGL,CE,Federal Contract Tower,5,22,6,0,33,0,5,59,0,64,5,27,65,0,97,154,0,154,251
03/27/2002,LSE,WI,AGL,CE,Federal Contract Tower,5,23,13,0,41,0,2,49,0,51,5,25,62,0,92,114,0,114,206
03/28/2002,LSE,WI,AGL,CE,Federal Contract Tower,5,28,6,0,39,0,2,14,0,16,5,30,20,0,55,8,0,8,63
03/29/2002,LSE,WI,AGL,CE,Federal Contract Tower,7,22,13,0,42,0,3,31,2,36,7,25,44,2,78,46,0,46,124
03/30/2002,LSE,WI,AGL,CE,Federal Contract Tower,3,20,14,0,37,0,1,34,0,35,3,21,48,0,72,40,0,40,112
03/31/2002,LSE,WI,AGL,CE,Federal Contract Tower,2,18,4,0,24,0,0,7,0,7,2,18,11,0,31,20,0,20,51
04/01/2002,LSE,WI,AGL,CE,Federal Contract Tower,7,14,12,0,33,0,0,2,0,2,7,14,14,0,35,18,0,18,53
04/02/2002,LSE,WI,AGL,CE,Federal Contract Tower,5,22,11,0,38,0,0,2,0,2,5,22,13,0,40,10,0,10,50
04/03/2002,LSE,WI,AGL,CE,Federal Contract Tower,5,24,25,0,54,0,1,4,0,5,5,25,29,0,59,60,0,60,119
04/04/2002,LSE,WI,AGL,CE,Federal Contract Tower,5,21,15,0,41,0,6,19,0,25,5,27,34,0,66,58,0,58,124
04/05/2002,LSE,WI,AGL,CE,Federal Contract Tower,5,22,11,2,40,0,3,32,0,35,5,25,43,2,75,48,0,48,123
04/06/2002,LSE,WI,AGL,CE,Federal Contract Tower,3,20,15,0,38,0,1,45,2,48,3,21,60,2,86,98,6,104,190
04/07/2002,LSE,WI,AGL,CE,Federal Contract Tower,4,15,6,2,27,0,0,4,0,4,4,15,10,2,31,8,0,8,39
04/08/2002,LSE,WI,AGL,CE,Federal Contract Tower,5,22,16,0,43,0,0,0,0,0,5,22,16,0,43,0,0,0,43
04/09/2002,LSE,WI,AGL,CE,Federal Contract Tower,5,22,25,0,52,0,0,53,4,57,5,22,78,4,109,104,2,106,215
04/10/2002,LSE,WI,AGL,CE,Federal Contract Tower,5,24,16,0,45,0,0,19,0,19,5,24,35,0,64,46,0,46,110
04/11/2002,LSE,WI,AGL,CE,Federal Contract Tower,5,23,20,0,48,0,2,8,0,10,5,25,28,0,58,4,0,4,62
04/12/2002,LSE,WI,AGL,CE,Federal Contract Tower,7,25,18,0,50,0,1,34,0,35,7,26,52,0,85,80,0,80,165
04/13/2002,LSE,WI,AGL,CE,Federal Contract Tower,3,23,9,0,35,0,8,47,0,55,3,31,56,0,90,38,0,38,128
04/14/2002,LSE,WI,AGL,CE,Federal Contract Tower,5,17,14,0,36,0,1,19,0,20,5,18,33,0,56,58,0,58,114
04/15/2002,LSE,WI,AGL,CE,Federal Contract Tower,5,22,17,0,44,0,2,24,0,26,5,24,41,0,70,44,0,44,114
04/16/2002,LSE,WI,AGL,CE,Federal Contract Tower,5,25,13,0,43,0,3,37,4,44,5,28,50,4,87,30,0,30,117
04/17/2002,LSE,WI,AGL,CE,Federal Contract Tower,5,24,11,0,40,0,3,40,2,45,5,27,51,2,85,118,2,120,205
04/18/2002,LSE,WI,AGL,CE,Federal Contract Tower,5,25,25,0,55,0,0,4,0,4,5,25,29,0,59,6,0,6,65
04/19/2002,LSE,WI,AGL,CE,Federal Contract Tower,5,26,19,2,52,0,3,33,0,36,5,29,52,2,88,84,2,86,174
04/20/2002,LSE,WI,AGL,CE,Federal Contract Tower,1,21,5,0,27,0,0,61,0,61,1,21,66,0,88,90,0,90,178
04/21/2002,LSE,WI,AGL,CE,Federal Contract Tower,5,17,4,0,26,0,0,0,0,0,5,17,4,0,26,2,0,2,28
04/22/2002,LSE,WI,AGL,CE,Federal Contract Tower,5,22,12,0,39,0,2,14,0,16,5,24,26,0,55,8,0,8,63
04/23/2002,LSE,WI,AGL,CE,Federal Contract Tower,5,27,15,0,47,0,2,41,0,43,5,29,56,0,90,12,0,12,102
04/24/2002,LSE,WI,AGL,CE,Federal Contract Tower,5,23,15,0,43,0,1,7,0,8,5,24,22,0,51,2,0,2,53
04/25/2002,LSE,WI,AGL,CE,Federal Contract Tower,5,22,12,3,42,0,2,24,0,26,5,24,36,3,68,36,2,38,106
04/26/2002,LSE,WI,AGL,CE,Federal Contract Tower,5,26,16,0,47,0,2,62,0,64,5,28,78,0,111,74,2,76,187
04/27/2002,LSE,WI,AGL,CE,Federal Contract Tower,1,19,4,0,24,0,0,2,0,2,1,19,6,0,26,0,0,0,26
04/28/2002,LSE,WI,AGL,CE,Federal Contract Tower,5,17,3,1,26,0,5,2,0,7,5,22,5,1,33,4,0,4,37
04/29/2002,LSE,WI,AGL,CE,Federal Contract Tower,5,20,12,0,37,0,4,15,4,23,5,24,27,4,60,20,10,30,90
04/30/2002,LSE,WI,AGL,CE,Federal Contract Tower,5,25,23,0,53,0,7,54,0,61,5,32,77,0,114,38,0,38,152
05/01/2002,LSE,WI,AGL,CE,Federal Contract Tower,5,23,19,2,49,0,4,13,0,17,5,27,32,2,66,48,0,48,114
05/02/2002,LSE,WI,AGL,CE,Federal Contract Tower,5,23,24,0,52,0,0,21,0,21,5,23,45,0,73,4,0,4,77
05/03/2002,LSE,WI,AGL,CE,Federal Contract Tower,5,23,12,0,40,0,0,48,0,48,5,23,60,0,88,24,0,24,112
05/04/2002,LSE,WI,AGL,CE,Federal Contract Tower,7,19,13,0,39,0,3,35,0,38,7,22,48,0,77,18,0,18,95
05/05/2002,LSE,WI,AGL,CE,Federal Contract Tower,8,17,8,4,37,0,6,31,3,40,8,23,39,7,77,32,0,32,109
05/06/2002,LSE,WI,AGL,CE,Federal Contract Tower,5,20,18,0,43,0,0,13,0,13,5,20,31,0,56,4,0,4,60
05/07/2002,LSE,WI,AGL,CE,Federal Contract Tower,3,23,12,3,41,0,0,13,0,13,3,23,25,3,54,24,2,26,80
05/08/2002,LSE,WI,AGL,CE,Federal Contract Tower,9,25,18,2,54,0,2,4,0,6,9,27,22,2,60,14,0,14,74
05/09/2002,LSE,WI,AGL,CE,Federal Contract Tower,5,28,18,5,56,0,0,5,2,7,5,28,23,7,63,0,2,2,65
05/10/2002,LSE,WI,AGL,CE,Federal Contract Tower,4,23,16,4,47,0,2,59,0,61,4,25,75,4,108,80,0,80,188
05/11/2002,LSE,WI,AGL,CE,Federal Contract Tower,5,20,5,0,30,0,1,4,0,5,5,21,9,0,35,0,0,0,35
05/12/2002,LSE,WI,AGL,CE,Federal Contract Tower,5,18,10,0,33,0,8,11,0,19,5,26,21,0,52,14,0,14,66
05/13/2002,LSE,WI,AGL,CE,Federal Contract Tower,5,21,16,2,44,0,7,22,0,29,5,28,38,2,73,50,0,50,123
05/14/2002,LSE,WI,AGL,CE,Federal Contract Tower,5,25,18,0,48,0,2,45,2,49,5,27,63,2,97,68,4,72,169
05/15/2002,LSE,WI,AGL,CE,Federal Contract Tower,5,23,34,0,62,0,3,25,4,32,5,26,59,4,94,14,2,16,110
05/16/2002,LSE,WI,AGL,CE,Federal Contract Tower,5,24,32,0,61,0,5,26,0,31,5,29,58,0,92,34,0,34,126
05/17/2002,LSE,WI,AGL,CE,Federal Contract Tower,7,23,11,0,41,0,2,57,2,61,7,25,68,2,102,36,0,36,138
05/18/2002,LSE,WI,AGL,CE,Federal Contract Tower,7,20,13,0,40,0,6,41,3,50,7,26,54,3,90,30,0,30,120
05/19/2002,LSE,WI,AGL,CE,Federal Contract Tower,4,17,4,0,25,0,3,38,1,42,4,20,42,1,67,34,0,34,101
05/20/2002,LSE,WI,AGL,CE,Federal Contract Tower,3,22,16,0,41,0,0,24,0,24,3,22,40,0,65,18,0,18,83
05/21/2002,LSE,WI,AGL,CE,Federal Contract Tower,5,23,19,1,48,0,0,31,0,31,5,23,50,1,79,32,0,32,111
05/22/2002,LSE,WI,AGL,CE,Federal Contract Tower,5,26,17,0,48,0,1,6,0,7,5,27,23,0,55,26,0,26,81
05/23/2002,LSE,WI,AGL,CE,Federal Contract Tower,5,26,25,1,57,0,7,15,1,23,5,33,40,2,80,6,0,6,86
05/24/2002,LSE,WI,AGL,CE,Federal Contract Tower,5,23,20,0,48,0,2,33,0,35,5,25,53,0,83,42,0,42,125
05/25/2002,LSE,WI,AGL,CE,Federal Contract Tower,7,18,13,0,38,0,2,21,0,23,7,20,34,0,61,34,0,34,95
05/26/2002,LSE,WI,AGL,CE,Federal Contract Tower,3,13,4,0,20,0,0,6,0,6,3,13,10,0,26,0,0,0,26
05/27/2002,LSE,WI,AGL,CE,Federal Contract Tower,5,15,13,0,33,0,3,53,0,56,5,18,66,0,89,68,0,68,157
05/28/2002,LSE,WI,AGL,CE,Federal Contract Tower,5,21,13,0,39,0,3,26,0,29,5,24,39,0,68,46,0,46,114
05/29/2002,LSE,WI,AGL,CE,Federal Contract Tower,5,24,13,2,44,0,2,25,0,27,5,26,38,2,71,56,0,56,127
05/30/2002,LSE,WI,AGL,CE,Federal Contract Tower,5,26,24,0,55,0,4,33,2,39,5,30,57,2,94,32,4,36,130
05/31/2002,LSE,WI,AGL,CE,Federal Contract Tower,3,24,20,0,47,0,6,51,1,58,3,30,71,1,105,60,0,60,165
06/01/2002,LSE,WI,AGL,CE,Federal Contract Tower,7,20,18,0,45,0,3,40,0,43,7,23,58,0,88,10,0,10,98
06/02/2002,LSE,WI,AGL,CE,Federal Contract Tower,4,17,8,0,29,0,0,19,0,19,4,17,27,0,48,34,0,34,82
06/03/2002,LSE,WI,AGL,CE,Federal Contract Tower,5,20,16,0,41,0,2,6,0,8,5,22,22,0,49,10,0,10,59
06/04/2002,LSE,WI,AGL,CE,Federal Contract Tower,5,27,19,1,52,0,1,5,0,6,5,28,24,1,58,0,0,0,58
06/05/2002,LSE,WI,AGL,CE,Federal Contract Tower,5,26,20,1,52,0,0,49,0,49,5,26,69,1,101,48,0,48,149
06/06/2002,LSE,WI,AGL,CE,Federal Contract Tower,5,27,18,0,50,0,3,47,0,50,5,30,65,0,100,56,0,56,156
06/07/2002,LSE,WI,AGL,CE,Federal Contract Tower,5,25,12,0,42,0,0,18,0,18,5,25,30,0,60,46,0,46,106
06/08/2002,LSE,WI,AGL,CE,Federal Contract Tower,5,18,5,0,28,0,0,59,3,62,5,18,64,3,90,122,0,122,212
06/09/2002,LSE,WI,AGL,CE,Federal Contract Tower,4,15,12,0,31,0,2,40,0,42,4,17,52,0,73,44,0,44,117
06/10/2002,LSE,WI,AGL,CE,Federal Contract Tower,5,22,17,0,44,0,3,8,2,13,5,25,25,2,57,8,2,10,67
06/11/2002,LSE,WI,AGL,CE,Federal Contract Tower,5,22,11,0,38,0,0,20,6,26,5,22,31,6,64,12,2,14,78
06/12/2002,LSE,WI,AGL,CE,Federal Contract Tower,5,26,18,0,49,0,0,45,0,45,5,26,63,0,94,76,0,76,170
06/13/2002,LSE,WI,AGL,CE,Federal Contract Tower,3,25,10,6,44,0,0,31,1,32,3,25,41,7,76,70,26,96,172
06/14/2002,LSE,WI,AGL,CE,Federal Contract Tower,5,30,18,12,65,0,5,29,8,42,5,35,47,20,107,44,24,68,175
06/15/2002,LSE,WI,AGL,CE,Federal Contract Tower,3,16,13,2,34,0,0,40,4,44,3,16,53,6,78,2,2,4,82
06/16/2002,LSE,WI,AGL,CE,Federal Contract Tower,4,11,6,8,29,0,0,40,0,40,4,11,46,8,69,16,2,18,87
06/17/2002,LSE,WI,AGL,CE,Federal Contract Tower,7,19,28,8,62,0,4,61,0,65,7,23,89,8,127,46,0,46,173
06/18/2002,LSE,WI,AGL,CE,Federal Contract Tower,5,23,25,1,54,0,2,20,1,23,5,25,45,2,77,12,0,12,89
06/19/2002,LSE,WI,AGL,CE,Federal Contract Tower,5,20,21,2,48,0,0,0,2,2,5,20,21,4,50,20,0,20,70
06/20/2002,LSE,WI,AGL,CE,Federal Contract Tower,5,22,22,0,49,0,0,31,1,32,5,22,53,1,81,54,2,56,137
06/21/2002,LSE,WI,AGL,CE,Federal Contract Tower,2,18,7,0,27,0,0,4,0,4,2,18,11,0,31,4,0,4,35
06/22/2002,LSE,WI,AGL,CE,Federal Contract Tower,5,19,9,0,33,0,4,43,0,47,5,23,52,0,80,22,0,22,102
06/23/2002,LSE,WI,AGL,CE,Federal Contract Tower,4,16,10,0,30,0,2,32,2,36,4,18,42,2,66,42,2,44,110
06/24/2002,LSE,WI,AGL,CE,Federal Contract Tower,5,19,8,0,32,0,0,28,0,28,5,19,36,0,60,20,0,20,80
06/25/2002,LSE,WI,AGL,CE,Federal Contract Tower,5,21,22,0,48,0,3,32,0,35,5,24,54,0,83,34,0,34,117
06/26/2002,LSE,WI,AGL,CE,Federal Contract Tower,6,23,17,0,46,0,0,25,0,25,6,23,42,0,71,32,0,32,103
06/27/2002,LSE,WI,AGL,CE,Federal Contract Tower,5,25,25,2,57,0,2,60,0,62,5,27,85,2,119,44,0,44,163
06/28/2002,LSE,WI,AGL,CE,Federal Contract Tower,5,23,26,0,54,0,2,32,0,34,5,25,58,0,88,34,0,34,122
06/29/2002,LSE,WI,AGL,CE,Federal Contract Tower,5,18,10,0,33,0,3,59,0,62,5,21,69,0,95,30,0,30,125
06/30/2002,LSE,WI,AGL,CE,Federal Contract Tower,4,16,16,0,36,0,7,61,0,68,4,23,77,0,104,66,0,66,170
07/01/2002,LSE,WI,AGL,CE,Federal Contract Tower,5,21,9,0,35,0,2,39,0,41,5,23,48,0,76,36,0,36,112
07/02/2002,LSE,WI,AGL,CE,Federal Contract Tower,5,28,19,2,54,0,2,61,0,63,5,30,80,2,117,56,0,56,173
07/03/2002,LSE,WI,AGL,CE,Federal Contract Tower,5,27,21,0,53,0,1,25,0,26,5,28,46,0,79,42,0,42,121
07/04/2002,LSE,WI,AGL,CE,Federal Contract Tower,3,17,6,1,27,0,1,57,0,58,3,18,63,1,85,54,0,54,139
07/05/2002,LSE,WI,AGL,CE,Federal Contract Tower,5,16,7,0,28,0,4,56,0,60,5,20,63,0,88,102,0,102,190
07/06/2002,LSE,WI,AGL,CE,Federal Contract Tower,5,20,9,0,34,0,0,23,0,23,5,20,32,0,57,24,0,24,81
07/07/2002,LSE,WI,AGL,CE,Federal Contract Tower,4,17,15,1,37,0,0,66,0,66,4,17,81,1,103,24,0,24,127
07/08/2002,LSE,WI,AGL,CE,Federal Contract Tower,5,23,18,0,46,0,2,11,0,13,5,25,29,0,59,18,0,18,77
07/09/2002,LSE,WI,AGL,CE,Federal Contract Tower,5,28,28,0,61,0,2,37,0,39,5,30,65,0,100,52,0,52,152
07/10/2002,LSE,WI,AGL,CE,Federal Contract Tower,5,27,22,6,60,0,7,18,5,30,5,34,40,11,90,56,2,58,148
07/11/2002,LSE,WI,AGL,CE,Federal Contract Tower,3,32,20,0,55,0,2,52,0,54,3,34,72,0,109,130,0,130,239
07/12/2002,LSE,WI,AGL,CE,Federal Contract Tower,5,27,14,0,46,0,0,63,0,63,5,27,77,0,109,110,0,110,219
07/13/2002,LSE,WI,AGL,CE,Federal Contract Tower,7,21,8,0,36,0,0,78,0,78,7,21,86,0,114,88,0,88,202
07/14/2002,LSE,WI,AGL,CE,Federal Contract Tower,4,17,4,0,25,0,0,49,0,49,4,17,53,0,74,66,0,66,140
07/15/2002,LSE,WI,AGL,CE,Federal Contract Tower,5,23,19,0,47,0,5,28,0,33,5,28,47,0,80,58,0,58,138
07/16/2002,LSE,WI,AGL,CE,Federal Contract Tower,5,30,20,0,55,0,3,39,0,42,5,33,59,0,97,62,0,62,159
07/17/2002,LSE,WI,AGL,CE,Federal Contract Tower,5,26,15,0,46,0,4,39,0,43,5,30,54,0,89,32,0,32,121
07/18/2002,LSE,WI,AGL,CE,Federal Contract Tower,5,27,15,0,47,0,4,33,0,37,5,31,48,0,84,50,0,50,134
07/19/2002,LSE,WI,AGL,CE,Federal Contract Tower,5,26,24,1,56,0,2,19,1,22,5,28,43,2,78,12,0,12,90
07/20/2002,LSE,WI,AGL,CE,Federal Contract Tower,5,23,10,0,38,0,0,61,3,64,5,23,71,3,102,64,0,64,166
07/21/2002,LSE,WI,AGL,CE,Federal Contract Tower,6,12,6,0,24,0,1,59,2,62,6,13,65,2,86,14,0,14,100
07/22/2002,LSE,WI,AGL,CE,Federal Contract Tower,4,27,22,0,53,0,1,59,0,60,4,28,81,0,113,50,0,50,163
07/23/2002,LSE,WI,AGL,CE,Federal Contract Tower,5,27,16,0,48,0,1,60,0,61,5,28,76,0,109,84,0,84,193
07/24/2002,LSE,WI,AGL,CE,Federal Contract Tower,4,26,28,0,58,0,1,50,0,51,4,27,78,0,109,36,0,36,145
07/25/2002,LSE,WI,AGL,CE,Federal Contract Tower,6,25,22,0,53,0,0,39,2,41,6,25,61,2,94,28,0,28,122
07/26/2002,LSE,WI,AGL,CE,Federal Contract Tower,7,26,16,0,49,0,0,64,0,64,7,26,80,0,113,48,0,48,161
07/27/2002,LSE,WI,AGL,CE,Federal Contract Tower,5,18,19,0,42,0,2,25,0,27,5,20,44,0,69,8,0,8,77
07/28/2002,LSE,WI,AGL,CE,Federal Contract Tower,2,16,9,0,27,0,2,39,0,41,2,18,48,0,68,30,0,30,98
07/29/2002,LSE,WI,AGL,CE,Federal Contract Tower,5,21,28,0,54,0,0,43,0,43,5,21,71,0,97,26,0,26,123
07/30/2002,LSE,WI,AGL,CE,Federal Contract Tower,3,25,14,0,42,0,0,50,4,54,3,25,64,4,96,84,0,84,180
07/31/2002,LSE,WI,AGL,CE,Federal Contract Tower,5,25,6,1,37,0,0,35,5,40,5,25,41,6,77,54,0,54,131
08/01/2002,LSE,WI,AGL,CE,Federal Contract Tower,3,29,21,0,53,0,2,35,0,37,3,31,56,0,90,58,0,58,148
08/02/2002,LSE,WI,AGL,CE,Federal Contract Tower,5,27,27,0,59,0,3,46,2,51,5,30,73,2,110,44,0,44,154
08/03/2002,LSE,WI,AGL,CE,Federal Contract Tower,8,20,6,1,35,0,3,34,0,37,8,23,40,1,72,66,0,66,138
08/04/2002,LSE,WI,AGL,CE,Federal Contract Tower,5,15,6,2,28,0,3,24,0,27,5,18,30,2,55,28,0,28,83
08/05/2002,LSE,WI,AGL,CE,Federal Contract Tower,5,25,16,0,46,0,0,16,0,16,5,25,32,0,62,18,0,18,80
08/06/2002,LSE,WI,AGL,CE,Federal Contract Tower,5,28,21,0,54,0,3,43,0,46,5,31,64,0,100,62,0,62,162
08/07/2002,LSE,WI,AGL,CE,Federal Contract Tower,5,28,13,0,46,0,0,59,0,59,5,28,72,0,105,80,0,80,185
08/08/2002,LSE,WI,AGL,CE,Federal Contract Tower,5,26,12,0,43,0,1,51,2,54,5,27,63,2,97,92,0,92,189
08/09/2002,LSE,WI,AGL,CE,Federal Contract Tower,5,26,12,2,45,0,0,41,0,41,5,26,53,2,86,48,0,48,134
08/10/2002,LSE,WI,AGL,CE,Federal Contract Tower,5,21,10,0,36,0,4,66,0,70,5,25,76,0,106,26,0,26,132
08/11/2002,LSE,WI,AGL,CE,Federal Contract Tower,4,18,9,0,31,0,0,51,0,51,4,18,60,0,82,68,0,68,150
08/12/2002,LSE,WI,AGL,CE,Federal Contract Tower,5,23,12,0,40,0,0,15,0,15,5,23,27,0,55,2,0,2,57
08/13/2002,LSE,WI,AGL,CE,Federal Contract Tower,5,24,13,0,42,0,0,7,0,7,5,24,20,0,49,22,0,22,71
08/14/2002,LSE,WI,AGL,CE,Federal Contract Tower,3,29,27,0,59,0,1,59,3,63,3,30,86,3,122,40,0,40,162
08/15/2002,LSE,WI,AGL,CE,Federal Contract Tower,5,29,21,0,55,0,0,35,0,35,5,29,56,0,90,50,0,50,140
08/16/2002,LSE,WI,AGL,CE,Federal Contract Tower,5,24,15,0,44,0,2,35,0,37,5,26,50,0,81,12,0,12,93
08/17/2002,LSE,WI,AGL,CE,Federal Contract Tower,3,20,3,0,26,0,0,6,0,6,3,20,9,0,32,10,0,10,42
08/18/2002,LSE,WI,AGL,CE,Federal Contract Tower,4,18,17,0,39,0,8,91,0,99,4,26,108,0,138,70,0,70,208
08/19/2002,LSE,WI,AGL,CE,Federal Contract Tower,5,22,27,0,54,0,4,52,0,56,5,26,79,0,110,82,0,82,192
08/20/2002,LSE,WI,AGL,CE,Federal Contract Tower,5,29,21,0,55,0,1,60,0,61,5,30,81,0,116,70,0,70,186
08/21/2002,LSE,WI,AGL,CE,Federal Contract Tower,7,27,14,0,48,0,0,0,0,0,7,27,14,0,48,20,0,20,68
08/22/2002,LSE,WI,AGL,CE,Federal Contract Tower,5,25,21,0,51,0,6,14,0,20,5,31,35,0,71,42,0,42,113
08/23/2002,LSE,WI,AGL,CE,Federal Contract Tower,5,29,14,0,48,0,0,3,0,3,5,29,17,0,51,0,0,0,51
08/24/2002,LSE,WI,AGL,CE,Federal Contract Tower,5,21,15,0,41,0,0,35,1,36,5,21,50,1,77,20,0,20,97
08/25/2002,LSE,WI,AGL,CE,Federal Contract Tower,4,18,16,0,38,0,0,65,0,65,4,18,81,0,103,42,0,42,145
08/26/2002,LSE,WI,AGL,CE,Federal Contract Tower,5,22,29,0,56,0,3,35,0,38,5,25,64,0,94,84,2,86,180
08/27/2002,LSE,WI,AGL,CE,Federal Contract Tower,5,26,17,0,48,0,7,55,0,62,5,33,72,0,110,66,0,66,176
08/28/2002,LSE,WI,AGL,CE,Federal Contract Tower,7,26,23,0,56,0,3,43,0,46,7,29,66,0,102,76,0,76,178
08/29/2002,LSE,WI,AGL,CE,Federal Contract Tower,7,27,32,0,66,0,2,37,4,43,7,29,69,4,109,128,0,128,237
08/30/2002,LSE,WI,AGL,CE,Federal Contract Tower,5,26,10,0,41,0,7,70,0,77,5,33,80,0,118,66,0,66,184
08/31/2002,LSE,WI,AGL,CE,Federal Contract Tower,5,15,10,0,30,0,13,43,0,56,5,28,53,0,86,24,0,24,110
09/01/2002,LSE,WI,AGL,CE,Federal Contract Tower,2,12,6,0,20,0,1,24,0,25,2,13,30,0,45,12,0,12,57
09/02/2002,LSE,WI,AGL,CE,Federal Contract Tower,5,18,7,0,30,0,1,12,0,13,5,19,19,0,43,6,0,6,49
09/03/2002,LSE,WI,AGL,CE,Federal Contract Tower,5,23,10,0,38,0,2,37,0,39,5,25,47,0,77,16,0,16,93
09/04/2002,LSE,WI,AGL,CE,Federal Contract Tower,5,22,20,0,47,0,0,54,0,54,5,22,74,0,101,82,0,82,183
09/05/2002,LSE,WI,AGL,CE,Federal Contract Tower,5,23,17,1,46,0,0,33,1,34,5,23,50,2,80,62,2,64,144
09/06/2002,LSE,WI,AGL,CE,Federal Contract Tower,5,26,10,0,41,0,0,29,2,31,5,26,39,2,72,50,0,50,122
09/07/2002,LSE,WI,AGL,CE,Federal Contract Tower,5,21,12,0,38,0,0,51,4,55,5,21,63,4,93,28,14,42,135
09/08/2002,LSE,WI,AGL,CE,Federal Contract Tower,4,18,9,0,31,0,1,55,0,56,4,19,64,0,87,34,0,34,121
09/09/2002,LSE,WI,AGL,CE,Federal Contract Tower,5,20,12,0,37,0,0,25,4,29,5,20,37,4,66,6,0,6,72
09/10/2002,LSE,WI,AGL,CE,Federal Contract Tower,5,19,12,2,38,0,1,19,0,20,5,20,31,2,58,10,0,10,68
09/11/2002,LSE,WI,AGL,CE,Federal Contract Tower,5,14,34,2,55,0,3,36,2,41,5,17,70,4,96,44,0,44,140
09/12/2002,LSE,WI,AGL,CE,Federal Contract Tower,5,23,16,24,68,0,2,24,0,26,5,25,40,24,94,30,0,30,124
09/13/2002,LSE,WI,AGL,CE,Federal Contract Tower,5,26,15,5,51,0,1,26,0,27,5,27,41,5,78,14,0,14,92
09/14/2002,LSE,WI,AGL,CE,Federal Contract Tower,5,20,20,17,62,0,1,3,0,4,5,21,23,17,66,0,0,0,66
09/15/2002,LSE,WI,AGL,CE,Federal Contract Tower,4,20,15,0,39,0,7,137,0,144,4,27,152,0,183,90,0,90,273
09/16/2002,LSE,WI,AGL,CE,Federal Contract Tower,5,23,11,0,39,0,0,46,0,46,5,23,57,0,85,70,0,70,155
09/17/2002,LSE,WI,AGL,CE,Federal Contract Tower,5,24,14,0,43,0,1,29,0,30,5,25,43,0,73,82,0,82,155
09/18/2002,LSE,WI,AGL,CE,Federal Contract Tower,6,23,15,0,44,0,0,5,0,5,6,23,20,0,49,30,0,30,79
09/19/2002,LSE,WI,AGL,CE,Federal Contract Tower,5,22,21,0,48,0,1,8,0,9,5,23,29,0,57,26,0,26,83
09/20/2002,LSE,WI,AGL,CE,Federal Contract Tower,5,24,16,0,45,0,2,13,0,15,5,26,29,0,60,0,0,0,60
09/21/2002,LSE,WI,AGL,CE,Federal Contract Tower,5,22,11,0,38,0,2,76,6,84,5,24,87,6,122,42,6,48,170
09/22/2002,LSE,WI,AGL,CE,Federal Contract Tower,4,18,7,0,29,0,4,48,0,52,4,22,55,0,81,38,0,38,119
09/23/2002,LSE,WI,AGL,CE,Federal Contract Tower,5,24,13,0,42,0,0,8,0,8,5,24,21,0,50,8,0,8,58
09/24/2002,LSE,WI,AGL,CE,Federal Contract Tower,3,27,8,3,41,0,0,46,0,46,3,27,54,3,87,56,0,56,143
09/25/2002,LSE,WI,AGL,CE,Federal Contract Tower,5,26,7,0,38,0,1,34,0,35,5,27,41,0,73,26,0,26,99
09/26/2002,LSE,WI,AGL,CE,Federal Contract Tower,5,24,29,1,59,0,0,0,0,0,5,24,29,1,59,6,0,6,65
09/27/2002,LSE,WI,AGL,CE,Federal Contract Tower,5,22,17,2,46,0,0,53,2,55,5,22,70,4,101,70,0,70,171
09/28/2002,LSE,WI,AGL,CE,Federal Contract Tower,3,23,9,2,37,0,2,29,0,31,3,25,38,2,68,42,0,42,110
09/29/2002,LSE,WI,AGL,CE,Federal Contract Tower,4,19,20,0,43,0,0,14,0,14,4,19,34,0,57,8,0,8,65
09/30/2002,LSE,WI,AGL,CE,Federal Contract Tower,5,23,23,0,51,0,0,0,2,2,5,23,23,2,53,0,0,0,53
10/01/2002,LSE,WI,AGL,CE,Federal Contract Tower,5,24,20,0,49,0,3,47,0,50,5,27,67,0,99,14,0,14,113
10/02/2002,LSE,WI,AGL,CE,Federal Contract Tower,5,29,10,0,44,0,1,5,0,6,5,30,15,0,50,10,0,10,60
10/03/2002,LSE,WI,AGL,CE,Federal Contract Tower,7,26,26,0,59,0,0,0,0,0,7,26,26,0,59,8,0,8,67
10/04/2002,LSE,WI,AGL,CE,Federal Contract Tower,6,22,9,0,37,0,0,2,0,2,6,22,11,0,39,2,0,2,41
10/05/2002,LSE,WI,AGL,CE,Federal Contract Tower,6,20,12,0,38,0,0,88,2,90,6,20,100,2,128,58,0,58,186
10/06/2002,LSE,WI,AGL,CE,Federal Contract Tower,6,18,6,4,34,0,2,9,1,12,6,20,15,5,46,20,4,24,70
10/07/2002,LSE,WI,AGL,CE,Federal Contract Tower,5,22,13,0,40,0,3,38,0,41,5,25,51,0,81,16,0,16,97
10/08/2002,LSE,WI,AGL,CE,Federal Contract Tower,5,24,12,1,42,0,2,33,0,35,5,26,45,1,77,52,0,52,129
10/09/2002,LSE,WI,AGL,CE,Federal Contract Tower,3,26,18,3,50,0,2,65,0,67,3,28,83,3,117,78,0,78,195
10/10/2002,LSE,WI,AGL,CE,Federal Contract Tower,5,24,22,0,51,0,0,71,0,71,5,24,93,0,122,96,0,96,218
10/11/2002,LSE,WI,AGL,CE,Federal Contract Tower,5,24,15,0,44,0,0,42,2,44,5,24,57,2,88,52,0,52,140
10/12/2002,LSE,WI,AGL,CE,Federal Contract Tower,5,18,17,0,40,0,1,3,0,4,5,19,20,0,44,2,0,2,46
10/13/2002,LSE,WI,AGL,CE,Federal Contract Tower,4,19,12,0,35,0,1,68,0,69,4,20,80,0,104,40,0,40,144
10/14/2002,LSE,WI,AGL,CE,Federal Contract Tower,7,23,22,0,52,0,1,11,0,12,7,24,33,0,64,8,0,8,72
10/15/2002,LSE,WI,AGL,CE,Federal Contract Tower,5,25,32,0,62,0,1,70,0,71,5,26,102,0,133,58,0,58,191
10/16/2002,LSE,WI,AGL,CE,Federal Contract Tower,5,24,18,0,47,0,2,72,0,74,5,26,90,0,121,54,0,54,175
10/17/2002,LSE,WI,AGL,CE,Federal Contract Tower,5,26,17,0,48,0,1,15,0,16,5,27,32,0,64,4,0,4,68
10/18/2002,LSE,WI,AGL,CE,Federal Contract Tower,5,23,16,0,44,0,0,5,0,5,5,23,21,0,49,6,0,6,55
10/19/2002,LSE,WI,AGL,CE,Federal Contract Tower,5,19,4,2,30,0,3,55,0,58,5,22,59,2,88,22,4,26,114
10/20/2002,LSE,WI,AGL,CE,Federal Contract Tower,4,18,10,0,32,0,0,40,0,40,4,18,50,0,72,62,0,62,134
10/21/2002,LSE,WI,AGL,CE,Federal Contract Tower,5,22,21,0,48,0,0,1,0,1,5,22,22,0,49,0,0,0,49
10/22/2002,LSE,WI,AGL,CE,Federal Contract Tower,5,24,12,0,41,0,1,15,0,16,5,25,27,0,57,8,0,8,65
10/23/2002,LSE,WI,AGL,CE,Federal Contract Tower,5,26,15,0,46,0,0,16,0,16,5,26,31,0,62,28,0,28,90
10/24/2002,LSE,WI,AGL,CE,Federal Contract Tower,5,24,22,0,51,0,0,0,0,0,5,24,22,0,51,0,0,0,51
10/25/2002,LSE,WI,AGL,CE,Federal Contract Tower,3,26,15,0,44,0,0,0,0,0,3,26,15,0,44,0,0,0,44
10/26/2002,LSE,WI,AGL,CE,Federal Contract Tower,5,18,9,2,34,0,13,35,0,48,5,31,44,2,82,66,0,66,148
10/27/2002,LSE,WI,AGL,CE,Federal Contract Tower,4,18,13,0,35,0,0,46,0,46,4,18,59,0,81,72,0,72,153
10/28/2002,LSE,WI,AGL,CE,Federal Contract Tower,5,23,12,0,40,0,1,11,0,12,5,24,23,0,52,22,0,22,74
10/29/2002,LSE,WI,AGL,CE,Federal Contract Tower,5,31,23,1,60,0,0,18,0,18,5,31,41,1,78,60,2,62,140
10/30/2002,LSE,WI,AGL,CE,Federal Contract Tower,5,25,16,0,46,0,2,39,0,41,5,27,55,0,87,50,0,50,137
10/31/2002,LSE,WI,AGL,CE,Federal Contract Tower,5,28,25,0,58,0,0,22,0,22,5,28,47,0,80,28,0,28,108
11/01/2002,LSE,WI,AGL,CE,Federal Contract Tower,5,26,7,0,38,0,0,44,0,44,5,26,51,0,82,74,0,74,156
11/02/2002,LSE,WI,AGL,CE,Federal Contract Tower,5,20,13,0,38,0,0,81,0,81,5,20,94,0,119,86,0,86,205
11/03/2002,LSE,WI,AGL,CE,Federal Contract Tower,4,18,16,0,38,0,1,58,0,59,4,19,74,0,97,84,0,84,181
11/04/2002,LSE,WI,AGL,CE,Federal Contract Tower,5,25,20,2,52,0,0,12,0,12,5,25,32,2,64,16,0,16,80
11/05/2002,LSE,WI,AGL,CE,Federal Contract Tower,5,25,15,0,45,0,0,0,0,0,5,25,15,0,45,0,0,0,45
11/06/2002,LSE,WI,AGL,CE,Federal Contract Tower,5,29,23,0,57,0,1,16,0,17,5,30,39,0,74,20,0,20,94
11/07/2002,LSE,WI,AGL,CE,Federal Contract Tower,9,27,15,2,53,0,0,30,2,32,9,27,45,4,85,24,0,24,109
11/08/2002,LSE,WI,AGL,CE,Federal Contract Tower,5,26,22,0,53,0,0,54,0,54,5,26,76,0,107,92,0,92,199
11/09/2002,LSE,WI,AGL,CE,Federal Contract Tower,5,23,12,1,41,0,0,53,0,53,5,23,65,1,94,106,0,106,200
11/10/2002,LSE,WI,AGL,CE,Federal Contract Tower,6,17,12,0,35,0,0,17,0,17,6,17,29,0,52,56,0,56,108
11/11/2002,LSE,WI,AGL,CE,Federal Contract Tower,5,25,12,0,42,0,0,2,0,2,5,25,14,0,44,0,0,0,44
11/12/2002,LSE,WI,AGL,CE,Federal Contract Tower,6,26,10,0,42,0,2,39,0,41,6,28,49,0,83,60,0,60,143
11/13/2002,LSE,WI,AGL,CE,Federal Contract Tower,5,25,25,0,55,0,4,30,2,36,5,29,55,2,91,38,0,38,129
11/14/2002,LSE,WI,AGL,CE,Federal Contract Tower,5,23,19,0,47,0,2,21,0,23,5,25,40,0,70,76,0,76,146
11/15/2002,LSE,WI,AGL,CE,Federal Contract Tower,5,28,14,0,47,0,5,57,0,62,5,33,71,0,109,62,0,62,171
11/16/2002,LSE,WI,AGL,CE,Federal Contract Tower,5,22,13,0,40,0,0,15,2,17,5,22,28,2,57,16,0,16,73
11/17/2002,LSE,WI,AGL,CE,Federal Contract Tower,4,18,10,0,32,0,0,37,0,37,4,18,47,0,69,54,0,54,123
11/18/2002,LSE,WI,AGL,CE,Federal Contract Tower,5,22,21,0,48,0,1,9,0,10,5,23,30,0,58,20,0,20,78
11/19/2002,LSE,WI,AGL,CE,Federal Contract Tower,5,24,10,0,39,0,0,61,0,61,5,24,71,0,100,40,2,42,142
11/20/2002,LSE,WI,AGL,CE,Federal Contract Tower,5,25,7,0,37,0,0,35,0,35,5,25,42,0,72,38,0,38,110
11/21/2002,LSE,WI,AGL,CE,Federal Contract Tower,7,25,21,2,55,0,0,7,0,7,7,25,28,2,62,28,0,28,90
11/22/2002,LSE,WI,AGL,CE,Federal Contract Tower,5,25,28,0,58,0,0,32,0,32,5,25,60,0,90,54,0,54,144
11/23/2002,LSE,WI,AGL,CE,Federal Contract Tower,6,23,4,0,33,0,0,35,0,35,6,23,39,0,68,46,0,46,114
11/24/2002,LSE,WI,AGL,CE,Federal Contract Tower,6,20,5,0,31,0,0,18,0,18,6,20,23,0,49,32,0,32,81
11/25/2002,LSE,WI,AGL,CE,Federal Contract Tower,5,23,17,0,45,0,3,17,0,20,5,26,34,0,65,10,0,10,75
11/26/2002,LSE,WI,AGL,CE,Federal Contract Tower,7,28,17,0,52,0,5,36,0,41,7,33,53,0,93,42,0,42,135
11/27/2002,LSE,WI,AGL,CE,Federal Contract Tower,5,25,10,0,40,0,4,43,0,47,5,29,53,0,87,38,0,38,125
11/28/2002,LSE,WI,AGL,CE,Federal Contract Tower,2,11,3,0,16,0,0,4,0,4,2,11,7,0,20,0,0,0,20
11/29/2002,LSE,WI,AGL,CE,Federal Contract Tower,1,15,6,0,22,0,0,16,0,16,1,15,22,0,38,8,0,8,46
11/30/2002,LSE,WI,AGL,CE,Federal Contract Tower,5,15,4,0,24,0,0,8,0,8,5,15,12,0,32,30,0,30,62
12/01/2002,LSE,WI,AGL,CE,Federal Contract Tower,4,18,11,0,33,0,1,27,0,28,4,19,38,0,61,16,0,16,77
12/02/2002,LSE,WI,AGL,CE,Federal Contract Tower,5,21,17,0,43,0,2,11,0,13,5,23,28,0,56,30,0,30,86
12/03/2002,LSE,WI,AGL,CE,Federal Contract Tower,5,25,7,0,37,0,2,25,0,27,5,27,32,0,64,48,0,48,112
12/04/2002,LSE,WI,AGL,CE,Federal Contract Tower,5,28,10,0,43,0,0,9,0,9,5,28,19,0,52,26,0,26,78
12/05/2002,LSE,WI,AGL,CE,Federal Contract Tower,5,25,19,0,49,0,0,10,2,12,5,25,29,2,61,20,0,20,81
12/06/2002,LSE,WI,AGL,CE,Federal Contract Tower,5,26,7,0,38,0,1,24,0,25,5,27,31,0,63,18,0,18,81
12/07/2002,LSE,WI,AGL,CE,Federal Contract Tower,5,19,3,2,29,0,1,28,0,29,5,20,31,2,58,36,2,38,96
12/08/2002,LSE,WI,AGL,CE,Federal Contract Tower,4,18,6,0,28,0,0,42,0,42,4,18,48,0,70,102,0,102,172
12/09/2002,LSE,WI,AGL,CE,Federal Contract Tower,5,23,11,0,39,0,0,10,1,11,5,23,21,1,50,26,4,30,80
12/10/2002,LSE,WI,AGL,CE,Federal Contract Tower,5,26,13,0,44,0,0,32,0,32,5,26,45,0,76,68,0,68,144
12/11/2002,LSE,WI,AGL,CE,Federal Contract Tower,5,29,19,1,54,0,1,19,2,22,5,30,38,3,76,40,12,52,128
12/12/2002,LSE,WI,AGL,CE,Federal Contract Tower,5,26,27,0,58,0,3,4,0,7,5,29,31,0,65,10,0,10,75
12/13/2002,LSE,WI,AGL,CE,Federal Contract Tower,5,21,8,0,34,0,0,0,0,0,5,21,8,0,34,0,0,0,34
12/14/2002,LSE,WI,AGL,CE,Federal Contract Tower,5,20,12,0,37,0,0,36,0,36,5,20,48,0,73,88,0,88,161
12/15/2002,LSE,WI,AGL,CE,Federal Contract Tower,4,18,7,1,30,0,2,36,2,40,4,20,43,3,70,52,0,52,122
12/16/2002,LSE,WI,AGL,CE,Federal Contract Tower,5,25,16,0,46,0,0,7,0,7,5,25,23,0,53,98,0,98,151
12/17/2002,LSE,WI,AGL,CE,Federal Contract Tower,5,28,29,9,71,0,0,2,2,4,5,28,31,11,75,12,16,28,103
12/18/2002,LSE,WI,AGL,CE,Federal Contract Tower,3,26,17,4,50,0,0,3,0,3,3,26,20,4,53,0,6,6,59
12/19/2002,LSE,WI,AGL,CE,Federal Contract Tower,3,28,14,3,48,0,0,2,1,3,3,28,16,4,51,4,0,4,55
12/20/2002,LSE,WI,AGL,CE,Federal Contract Tower,3,27,15,2,47,0,0,0,0,0,3,27,15,2,47,24,0,24,71
12/21/2002,LSE,WI,AGL,CE,Federal Contract Tower,3,20,3,0,26,0,9,13,0,22,3,29,16,0,48,32,0,32,80
12/22/2002,LSE,WI,AGL,CE,Federal Contract Tower,2,20,10,0,32,0,0,2,0,2,2,20,12,0,34,4,0,4,38
12/23/2002,LSE,WI,AGL,CE,Federal Contract Tower,3,25,11,0,39,0,1,28,0,29,3,26,39,0,68,20,0,20,88
12/24/2002,LSE,WI,AGL,CE,Federal Contract Tower,2,17,2,0,21,0,0,17,0,17,2,17,19,0,38,14,0,14,52
12/25/2002,LSE,WI,AGL,CE,Federal Contract Tower,3,16,1,0,20,0,1,4,0,5,3,17,5,0,25,0,0,0,25
12/26/2002,LSE,WI,AGL,CE,Federal Contract Tower,3,27,14,0,44,0,0,32,0,32,3,27,46,0,76,34,0,34,110
12/27/2002,LSE,WI,AGL,CE,Federal Contract Tower,3,25,8,0,36,0,6,39,0,45,3,31,47,0,81,18,0,18,99
12/28/2002,LSE,WI,AGL,CE,Federal Contract Tower,3,21,3,1,28,0,2,29,0,31,3,23,32,1,59,58,2,60,119
12/29/2002,LSE,WI,AGL,CE,Federal Contract Tower,2,20,4,0,26,0,0,11,0,11,2,20,15,0,37,52,0,52,89
12/30/2002,LSE,WI,AGL,CE,Federal Contract Tower,3,27,14,0,44,0,0,5,0,5,3,27,19,0,49,14,0,14,63
12/31/2002,LSE,WI,AGL,CE,Federal Contract Tower,3,18,7,0,28,0,2,61,0,63,3,20,68,0,91,84,0,84,175
01/01/2003,LSE,WI,AGL,CE,Federal Contract Tower,3,15,3,0,21,0,0,17,0,17,3,15,20,0,38,14,0,14,52
01/02/2003,LSE,WI,AGL,CE,Federal Contract Tower,3,26,8,0,37,0,3,22,0,25,3,29,30,0,62,28,0,28,90
01/03/2003,LSE,WI,AGL,CE,Federal Contract Tower,3,27,19,0,49,0,2,29,1,32,3,29,48,1,81,34,2,36,117
01/04/2003,LSE,WI,AGL,CE,Federal Contract Tower,3,23,7,0,33,0,0,3,0,3,3,23,10,0,36,8,0,8,44
01/05/2003,LSE,WI,AGL,CE,Federal Contract Tower,2,20,3,0,25,0,0,1,0,1,2,20,4,0,26,0,0,0,26
01/06/2003,LSE,WI,AGL,CE,Federal Contract Tower,3,25,13,0,41,0,0,15,0,15,3,25,28,0,56,18,0,18,74
01/07/2003,LSE,WI,AGL,CE,Federal Contract Tower,5,23,22,0,50,0,2,35,2,39,5,25,57,2,89,18,0,18,107
01/08/2003,LSE,WI,AGL,CE,Federal Contract Tower,5,23,21,0,49,0,2,57,0,59,5,25,78,0,108,64,0,64,172
01/09/2003,LSE,WI,AGL,CE,Federal Contract Tower,5,23,24,0,52,0,0,0,0,0,5,23,24,0,52,10,0,10,62
01/10/2003,LSE,WI,AGL,CE,Federal Contract Tower,5,23,11,0,39,0,0,2,0,2,5,23,13,0,41,0,0,0,41
01/11/2003,LSE,WI,AGL,CE,Federal Contract Tower,5,17,8,4,34,0,1,13,0,14,5,18,21,4,48,16,0,16,64
01/12/2003,LSE,WI,AGL,CE,Federal Contract Tower,4,16,3,0,23,0,1,23,0,24,4,17,26,0,47,28,0,28,75
01/13/2003,LSE,WI,AGL,CE,Federal Contract Tower,5,21,17,0,43,0,1,17,0,18,5,22,34,0,61,2,0,2,63
01/14/2003,LSE,WI,AGL,CE,Federal Contract Tower,5,23,11,0,39,0,0,13,0,13,5,23,24,0,52,0,0,0,52
01/15/2003,LSE,WI,AGL,CE,Federal Contract Tower,5,23,16,0,44,0,0,8,0,8,5,23,24,0,52,50,0,50,102
01/16/2003,LSE,WI,AGL,CE,Federal Contract Tower,5,23,16,0,44,0,0,11,0,11,5,23,27,0,55,12,0,12,67
01/17/2003,LSE,WI,AGL,CE,Federal Contract Tower,5,25,13,0,43,0,0,15,0,15,5,25,28,0,58,22,0,22,80
01/18/2003,LSE,WI,AGL,CE,Federal Contract Tower,5,17,3,0,25,0,1,4,0,5,5,18,7,0,30,0,0,0,30
01/19/2003,LSE,WI,AGL,CE,Federal Contract Tower,4,16,1,0,21,0,5,5,0,10,4,21,6,0,31,0,0,0,31
01/20/2003,LSE,WI,AGL,CE,Federal Contract Tower,5,21,22,0,48,0,0,24,0,24,5,21,46,0,72,32,0,32,104
01/21/2003,LSE,WI,AGL,CE,Federal Contract Tower,5,23,17,0,45,0,0,9,2,11,5,23,26,2,56,20,0,20,76
01/22/2003,LSE,WI,AGL,CE,Federal Contract Tower,5,25,9,2,41,0,0,9,0,9,5,25,18,2,50,22,0,22,72
01/23/2003,LSE,WI,AGL,CE,Federal Contract Tower,5,23,12,4,44,0,2,6,0,8,5,25,18,4,52,12,0,12,64
01/24/2003,LSE,WI,AGL,CE,Federal Contract Tower,5,25,11,0,41,0,2,3,0,5,5,27,14,0,46,2,0,2,48
01/25/2003,LSE,WI,AGL,CE,Federal Contract Tower,5,17,6,0,28,0,1,7,0,8,5,18,13,0,36,38,0,38,74
01/26/2003,LSE,WI,AGL,CE,Federal Contract Tower,4,16,0,0,20,0,3,24,1,28,4,19,24,1,48,20,0,20,68
01/27/2003,LSE,WI,AGL,CE,Federal Contract Tower,5,21,15,0,41,0,0,2,0,2,5,21,17,0,43,18,0,18,61
01/28/2003,LSE,WI,AGL,CE,Federal Contract Tower,5,20,13,0,38,0,0,0,0,0,5,20,13,0,38,0,0,0,38
01/29/2003,LSE,WI,AGL,CE,Federal Contract Tower,5,23,10,0,38,0,2,18,0,20,5,25,28,0,58,34,0,34,92
01/30/2003,LSE,WI,AGL,CE,Federal Contract Tower,7,23,23,0,53,0,3,11,0,14,7,26,34,0,67,0,0,0,67
01/31/2003,LSE,WI,AGL,CE,Federal Contract Tower,7,22,9,0,38,0,0,0,0,0,7,22,9,0,38,0,0,0,38
02/01/2003,LSE,WI,AGL,CE,Federal Contract Tower,6,15,5,0,26,0,0,0,0,0,6,15,5,0,26,2,0,2,28
02/02/2003,LSE,WI,AGL,CE,Federal Contract Tower,4,16,7,0,27,0,0,0,0,0,4,16,7,0,27,0,0,0,27
02/03/2003,LSE,WI,AGL,CE,Federal Contract Tower,7,16,18,0,41,0,0,0,0,0,7,16,18,0,41,0,0,0,41
02/04/2003,LSE,WI,AGL,CE,Federal Contract Tower,4,21,10,0,35,0,3,3,2,8,4,24,13,2,43,0,0,0,43
02/05/2003,LSE,WI,AGL,CE,Federal Contract Tower,5,23,20,0,48,0,0,6,0,6,5,23,26,0,54,4,0,4,58
02/06/2003,LSE,WI,AGL,CE,Federal Contract Tower,5,23,14,2,44,0,6,24,0,30,5,29,38,2,74,70,0,70,144
02/07/2003,LSE,WI,AGL,CE,Federal Contract Tower,7,23,14,0,44,0,2,19,2,23,7,25,33,2,67,14,0,14,81
02/08/2003,LSE,WI,AGL,CE,Federal Contract Tower,5,15,4,0,24,0,2,20,0,22,5,17,24,0,46,70,0,70,116
02/09/2003,LSE,WI,AGL,CE,Federal Contract Tower,6,18,11,0,35,0,0,34,0,34,6,18,45,0,69,54,0,54,123
02/10/2003,LSE,WI,AGL,CE,Federal Contract Tower,5,21,12,0,38,0,2,10,0,12,5,23,22,0,50,10,0,10,60
02/11/2003,LSE,WI,AGL,CE,Federal Contract Tower,5,21,16,0,42,0,1,2,0,3,5,22,18,0,45,2,0,2,47
02/12/2003,LSE,WI,AGL,CE,Federal Contract Tower,5,22,13,2,42,0,0,14,0,14,5,22,27,2,56,16,0,16,72
02/13/2003,LSE,WI,AGL,CE,Federal Contract Tower,5,23,31,0,59,0,2,57,0,59,5,25,88,0,118,46,0,46,164
02/14/2003,LSE,WI,AGL,CE,Federal Contract Tower,9,24,21,4,58,0,0,9,0,9,9,24,30,4,67,10,0,10,77
02/15/2003,LSE,WI,AGL,CE,Federal Contract Tower,5,17,4,0,26,0,0,26,0,26,5,17,30,0,52,54,0,54,106
02/16/2003,LSE,WI,AGL,CE,Federal Contract Tower,4,16,16,2,38,0,6,43,0,49,4,22,59,2,87,44,0,44,131
02/17/2003,LSE,WI,AGL,CE,Federal Contract Tower,5,23,12,0,40,0,3,11,0,14,5,26,23,0,54,16,0,16,70
02/18/2003,LSE,WI,AGL,CE,Federal Contract Tower,5,25,19,0,49,0,0,12,2,14,5,25,31,2,63,36,0,36,99
02/19/2003,LSE,WI,AGL,CE,Federal Contract Tower,5,23,15,0,43,0,0,58,0,58,5,23,73,0,101,90,0,90,191
02/20/2003,LSE,WI,AGL,CE,Federal Contract Tower,7,24,20,2,53,0,0,16,0,16,7,24,36,2,69,0,0,0,69
02/21/2003,LSE,WI,AGL,CE,Federal Contract Tower,5,23,12,0,40,0,0,16,0,16,5,23,28,0,56,8,0,8,64
02/22/2003,LSE,WI,AGL,CE,Federal Contract Tower,5,17,3,0,25,0,0,6,0,6,5,17,9,0,31,28,0,28,59
02/23/2003,LSE,WI,AGL,CE,Federal Contract Tower,4,15,9,0,28,0,0,31,0,31,4,15,40,0,59,40,0,40,99
02/24/2003,LSE,WI,AGL,CE,Federal Contract Tower,5,21,10,0,36,0,0,6,0,6,5,21,16,0,42,6,0,6,48
02/25/2003,LSE,WI,AGL,CE,Federal Contract Tower,5,23,17,0,45,0,0,8,4,12,5,23,25,4,57,2,0,2,59
02/26/2003,LSE,WI,AGL,CE,Federal Contract Tower,5,23,14,2,44,0,0,28,0,28,5,23,42,2,72,42,0,42,114
02/27/2003,LSE,WI,AGL,CE,Federal Contract Tower,5,24,19,0,48,0,5,28,0,33,5,29,47,0,81,30,0,30,111
02/28/2003,LSE,WI,AGL,CE,Federal Contract Tower,5,22,15,2,44,0,0,20,0,20,5,22,35,2,64,24,6,30,94
03/01/2003,LSE,WI,AGL,CE,Federal Contract Tower,5,23,13,0,41,0,1,29,0,30,5,24,42,0,71,60,0,60,131
03/02/2003,LSE,WI,AGL,CE,Federal Contract Tower,4,19,3,0,26,0,1,23,0,24,4,20,26,0,50,30,0,30,80
03/03/2003,LSE,WI,AGL,CE,Federal Contract Tower,5,18,1,0,24,0,1,3,0,4,5,19,4,0,28,0,0,0,28
03/04/2003,LSE,WI,AGL,CE,Federal Contract Tower,5,20,11,0,36,0,0,4,0,4,5,20,15,0,40,16,0,16,56
03/05/2003,LSE,WI,AGL,CE,Federal Contract Tower,5,22,11,6,44,0,0,18,0,18,5,22,29,6,62,30,0,30,92
03/06/2003,LSE,WI,AGL,CE,Federal Contract Tower,7,23,18,0,48,0,0,12,0,12,7,23,30,0,60,16,0,16,76
03/07/2003,LSE,WI,AGL,CE,Federal Contract Tower,5,24,13,2,44,0,0,0,0,0,5,24,13,2,44,0,0,0,44
03/08/2003,LSE,WI,AGL,CE,Federal Contract Tower,3,15,2,0,20,0,0,0,0,0,3,15,2,0,20,0,0,0,20
03/09/2003,LSE,WI,AGL,CE,Federal Contract Tower,6,16,6,2,30,0,0,19,4,23,6,16,25,6,53,0,0,0,53
03/10/2003,LSE,WI,AGL,CE,Federal Contract Tower,5,21,15,0,41,0,0,16,0,16,5,21,31,0,57,28,0,28,85
03/11/2003,LSE,WI,AGL,CE,Federal Contract Tower,5,21,14,0,40,0,2,0,0,2,5,23,14,0,42,44,0,44,86
03/12/2003,LSE,WI,AGL,CE,Federal Contract Tower,5,25,13,0,43,0,2,8,0,10,5,27,21,0,53,24,0,24,77
03/13/2003,LSE,WI,AGL,CE,Federal Contract Tower,5,24,17,0,46,0,1,35,0,36,5,25,52,0,82,36,0,36,118
03/14/2003,LSE,WI,AGL,CE,Federal Contract Tower,5,23,14,0,42,0,0,40,1,41,5,23,54,1,83,40,0,40,123
03/15/2003,LSE,WI,AGL,CE,Federal Contract Tower,5,17,8,1,31,0,4,41,2,47,5,21,49,3,78,62,0,62,140
03/16/2003,LSE,WI,AGL,CE,Federal Contract Tower,4,15,9,0,28,0,0,46,0,46,4,15,55,0,74,60,0,60,134
03/17/2003,LSE,WI,AGL,CE,Federal Contract Tower,4,15,13,0,32,0,0,2,0,2,4,15,15,0,34,0,0,0,34
03/18/2003,LSE,WI,AGL,CE,Federal Contract Tower,5,22,20,0,47,0,2,2,0,4,5,24,22,0,51,4,0,4,55
03/19/2003,LSE,WI,AGL,CE,Federal Contract Tower,5,22,10,2,39,0,2,1,0,3,5,24,11,2,42,2,0,2,44
03/20/2003,LSE,WI,AGL,CE,Federal Contract Tower,5,23,13,0,41,0,0,0,0,0,5,23,13,0,41,2,0,2,43
03/21/2003,LSE,WI,AGL,CE,Federal Contract Tower,5,24,20,0,49,0,2,0,0,2,5,26,20,0,51,4,0,4,55
03/22/2003,LSE,WI,AGL,CE,Federal Contract Tower,5,17,12,0,34,0,0,29,0,29,5,17,41,0,63,84,0,84,147
03/23/2003,LSE,WI,AGL,CE,Federal Contract Tower,4,16,4,2,26,0,2,82,2,86,4,18,86,4,112,60,14,74,186
03/24/2003,LSE,WI,AGL,CE,Federal Contract Tower,5,22,12,0,39,0,2,12,0,14,5,24,24,0,53,34,0,34,87
03/25/2003,LSE,WI,AGL,CE,Federal Contract Tower,5,25,28,0,58,0,2,34,0,36,5,27,62,0,94,22,0,22,116
03/26/2003,LSE,WI,AGL,CE,Federal Contract Tower,5,23,11,0,39,0,1,63,0,64,5,24,74,0,103,32,0,32,135
03/27/2003,LSE,WI,AGL,CE,Federal Contract Tower,7,20,12,0,39,0,0,0,0,0,7,20,12,0,39,0,0,0,39
03/28/2003,LSE,WI,AGL,CE,Federal Contract Tower,5,18,6,1,30,0,0,0,0,0,5,18,6,1,30,0,0,0,30
03/29/2003,LSE,WI,AGL,CE,Federal Contract Tower,7,18,8,4,37,0,1,5,0,6,7,19,13,4,43,34,0,34,77
03/30/2003,LSE,WI,AGL,CE,Federal Contract Tower,4,16,7,1,28,0,1,53,0,54,4,17,60,1,82,50,0,50,132
03/31/2003,LSE,WI,AGL,CE,Federal Contract Tower,5,21,5,0,31,0,2,19,0,21,5,23,24,0,52,4,0,4,56
04/01/2003,LSE,WI,AGL,CE,Federal Contract Tower,4,23,17,0,44,3,2,53,0,58,7,25,70,0,102,16,0,16,118
04/02/2003,LSE,WI,AGL,CE,Federal Contract Tower,5,22,21,0,48,0,1,17,0,18,5,23,38,0,66,4,0,4,70
04/03/2003,LSE,WI,AGL,CE,Federal Contract Tower,5,21,12,3,41,0,0,0,1,1,5,21,12,4,42,0,0,0,42
04/04/2003,LSE,WI,AGL,CE,Federal Contract Tower,5,21,9,0,35,0,0,0,0,0,5,21,9,0,35,0,0,0,35
04/05/2003,LSE,WI,AGL,CE,Federal Contract Tower,5,15,7,0,27,0,0,14,0,14,5,15,21,0,41,18,0,18,59
04/06/2003,LSE,WI,AGL,CE,Federal Contract Tower,4,14,7,6,31,0,1,13,0,14,4,15,20,6,45,16,0,16,61
04/07/2003,LSE,WI,AGL,CE,Federal Contract Tower,7,17,8,4,36,0,0,0,0,0,7,17,8,4,36,0,0,0,36
04/08/2003,LSE,WI,AGL,CE,Federal Contract Tower,4,22,19,0,45,0,0,27,2,29,4,22,46,2,74,30,0,30,104
04/09/2003,LSE,WI,AGL,CE,Federal Contract Tower,5,22,15,2,44,0,3,22,0,25,5,25,37,2,69,26,0,26,95
04/10/2003,LSE,WI,AGL,CE,Federal Contract Tower,5,20,20,0,45,0,2,46,0,48,5,22,66,0,93,34,6,40,133
04/11/2003,LSE,WI,AGL,CE,Federal Contract Tower,5,23,13,0,41,0,2,52,2,56,5,25,65,2,97,72,0,72,169
04/12/2003,LSE,WI,AGL,CE,Federal Contract Tower,3,16,2,0,21,0,4,83,0,87,3,20,85,0,108,68,0,68,176
04/13/2003,LSE,WI,AGL,CE,Federal Contract Tower,4,15,10,2,31,0,1,34,0,35,4,16,44,2,66,6,0,6,72
04/14/2003,LSE,WI,AGL,CE,Federal Contract Tower,5,21,2,0,28,0,1,8,2,11,5,22,10,2,39,8,0,8,47
04/15/2003,LSE,WI,AGL,CE,Federal Contract Tower,5,19,32,0,56,0,1,14,0,15,5,20,46,0,71,38,0,38,109
04/16/2003,LSE,WI,AGL,CE,Federal Contract Tower,5,19,19,0,43,0,0,0,0,0,5,19,19,0,43,0,0,0,43
04/17/2003,LSE,WI,AGL,CE,Federal Contract Tower,4,21,11,0,36,0,0,3,0,3,4,21,14,0,39,18,0,18,57
04/18/2003,LSE,WI,AGL,CE,Federal Contract Tower,5,21,7,2,35,0,1,11,1,13,5,22,18,3,48,56,0,56,104
04/19/2003,LSE,WI,AGL,CE,Federal Contract Tower,4,17,6,0,27,0,0,0,0,0,4,17,6,0,27,4,0,4,31
04/20/2003,LSE,WI,AGL,CE,Federal Contract Tower,4,15,4,0,23,0,3,0,0,3,4,18,4,0,26,2,0,2,28
04/21/2003,LSE,WI,AGL,CE,Federal Contract Tower,5,18,15,0,38,0,0,0,2,2,5,18,15,2,40,2,0,2,42
04/22/2003,LSE,WI,AGL,CE,Federal Contract Tower,5,25,21,2,53,0,0,19,4,23,5,25,40,6,76,66,0,66,142
04/23/2003,LSE,WI,AGL,CE,Federal Contract Tower,5,24,18,0,47,0,4,50,0,54,5,28,68,0,101,32,0,32,133
04/24/2003,LSE,WI,AGL,CE,Federal Contract Tower,5,20,22,2,49,0,3,35,0,38,5,23,57,2,87,40,0,40,127
04/25/2003,LSE,WI,AGL,CE,Federal Contract Tower,5,21,18,1,45,0,3,73,1,77,5,24,91,2,122,78,0,78,200
04/26/2003,LSE,WI,AGL,CE,Federal Contract Tower,3,15,10,4,32,0,13,71,2,86,3,28,81,6,118,72,0,72,190
04/27/2003,LSE,WI,AGL,CE,Federal Contract Tower,4,15,6,2,27,0,0,51,3,54,4,15,57,5,81,44,0,44,125
04/28/2003,LSE,WI,AGL,CE,Federal Contract Tower,5,19,13,0,37,0,1,17,2,20,5,20,30,2,57,22,0,22,79
04/29/2003,LSE,WI,AGL,CE,Federal Contract Tower,5,23,19,0,47,0,1,20,3,24,5,24,39,3,71,6,0,6,77
04/30/2003,LSE,WI,AGL,CE,Federal Contract Tower,5,24,12,0,41,0,1,0,0,1,5,25,12,0,42,4,0,4,46
05/01/2003,LSE,WI,AGL,CE,Federal Contract Tower,5,24,17,0,46,0,0,29,0,29,5,24,46,0,75,50,0,50,125
05/02/2003,LSE,WI,AGL,CE,Federal Contract Tower,5,27,17,0,49,0,4,39,0,43,5,31,56,0,92,88,0,88,180
05/03/2003,LSE,WI,AGL,CE,Federal Contract Tower,5,21,4,2,32,0,0,46,2,48,5,21,50,4,80,58,0,58,138
05/04/2003,LSE,WI,AGL,CE,Federal Contract Tower,4,18,5,0,27,0,0,4,10,14,4,18,9,10,41,0,0,0,41
05/05/2003,LSE,WI,AGL,CE,Federal Contract Tower,5,19,10,0,34,0,1,4,0,5,5,20,14,0,39,0,0,0,39
05/06/2003,LSE,WI,AGL,CE,Federal Contract Tower,5,24,29,0,58,0,2,28,1,31,5,26,57,1,89,18,0,18,107
05/07/2003,LSE,WI,AGL,CE,Federal Contract Tower,5,24,18,0,47,0,2,12,0,14,5,26,30,0,61,30,0,30,91
05/08/2003,LSE,WI,AGL,CE,Federal Contract Tower,5,24,24,0,53,0,3,23,0,26,5,27,47,0,79,20,0,20,99
05/09/2003,LSE,WI,AGL,CE,Federal Contract Tower,3,21,18,0,42,0,0,6,0,6,3,21,24,0,48,48,0,48,96
05/10/2003,LSE,WI,AGL,CE,Federal Contract Tower,3,20,11,0,34,0,0,78,0,78,3,20,89,0,112,68,0,68,180
05/11/2003,LSE,WI,AGL,CE,Federal Contract Tower,4,11,1,0,16,0,0,0,0,0,4,11,1,0,16,0,0,0,16
05/12/2003,LSE,WI,AGL,CE,Federal Contract Tower,5,20,23,0,48,0,3,30,0,33,5,23,53,0,81,4,0,4,85
05/13/2003,LSE,WI,AGL,CE,Federal Contract Tower,5,23,17,2,47,0,0,69,0,69,5,23,86,2,116,72,0,72,188
05/14/2003,LSE,WI,AGL,CE,Federal Contract Tower,5,21,12,0,38,0,1,5,0,6,5,22,17,0,44,2,0,2,46
05/15/2003,LSE,WI,AGL,CE,Federal Contract Tower,5,28,31,0,64,0,0,51,0,51,5,28,82,0,115,88,0,88,203
05/16/2003,LSE,WI,AGL,CE,Federal Contract Tower,5,23,19,2,49,0,0,51,0,51,5,23,70,2,100,46,0,46,146
05/17/2003,LSE,WI,AGL,CE,Federal Contract Tower,3,20,24,0,47,0,4,28,0,32,3,24,52,0,79,42,0,42,121
05/18/2003,LSE,WI,AGL,CE,Federal Contract Tower,4,17,19,0,40,0,1,30,0,31,4,18,49,0,71,36,0,36,107
05/19/2003,LSE,WI,AGL,CE,Federal Contract Tower,3,17,22,0,42,0,2,5,0,7,3,19,27,0,49,6,0,6,55
05/20/2003,LSE,WI,AGL,CE,Federal Contract Tower,7,24,28,2,61,0,0,32,2,34,7,24,60,4,95,62,0,62,157
05/21/2003,LSE,WI,AGL,CE,Federal Contract Tower,5,23,15,3,46,0,0,23,0,23,5,23,38,3,69,32,4,36,105
05/22/2003,LSE,WI,AGL,CE,Federal Contract Tower,5,28,18,4,55,0,0,53,0,53,5,28,71,4,108,68,4,72,180
05/23/2003,LSE,WI,AGL,CE,Federal Contract Tower,5,23,25,1,54,0,3,43,0,46,5,26,68,1,100,52,0,52,152
05/24/2003,LSE,WI,AGL,CE,Federal Contract Tower,3,17,5,0,25,0,3,63,0,66,3,20,68,0,91,50,0,50,141
05/25/2003,LSE,WI,AGL,CE,Federal Contract Tower,2,16,4,0,22,0,6,35,0,41,2,22,39,0,63,48,0,48,111
05/26/2003,LSE,WI,AGL,CE,Federal Contract Tower,2,18,14,0,34,0,8,38,0,46,2,26,52,0,80,20,0,20,100
05/27/2003,LSE,WI,AGL,CE,Federal Contract Tower,5,21,17,0,43,0,2,25,1,28,5,23,42,1,71,54,0,54,125
05/28/2003,LSE,WI,AGL,CE,Federal Contract Tower,5,20,19,0,44,0,3,25,0,28,5,23,44,0,72,52,0,52,124
05/29/2003,LSE,WI,AGL,CE,Federal Contract Tower,5,23,12,0,40,0,2,58,2,62,5,25,70,2,102,64,0,64,166
05/30/2003,LSE,WI,AGL,CE,Federal Contract Tower,4,23,16,0,43,0,2,8,0,10,4,25,24,0,53,36,0,36,89
05/31/2003,LSE,WI,AGL,CE,Federal Contract Tower,3,19,7,1,30,0,0,43,1,44,3,19,50,2,74,84,2,86,160
06/01/2003,LSE,WI,AGL,CE,Federal Contract Tower,4,17,3,0,24,0,0,72,0,72,4,17,75,0,96,50,0,50,146
06/02/2003,LSE,WI,AGL,CE,Federal Contract Tower,5,20,19,0,44,0,0,23,0,23,5,20,42,0,67,40,0,40,107
06/03/2003,LSE,WI,AGL,CE,Federal Contract Tower,5,22,16,0,43,0,0,22,0,22,5,22,38,0,65,54,0,54,119
06/04/2003,LSE,WI,AGL,CE,Federal Contract Tower,5,26,16,0,47,0,2,55,0,57,5,28,71,0,104,84,0,84,188
06/05/2003,LSE,WI,AGL,CE,Federal Contract Tower,5,24,17,0,46,0,3,46,0,49,5,27,63,0,95,86,0,86,181
06/06/2003,LSE,WI,AGL,CE,Federal Contract Tower,5,23,20,0,48,0,0,8,0,8,5,23,28,0,56,24,0,24,80
06/07/2003,LSE,WI,AGL,CE,Federal Contract Tower,5,18,24,0,47,0,0,33,0,33,5,18,57,0,80,70,0,70,150
06/08/2003,LSE,WI,AGL,CE,Federal Contract Tower,4,15,3,4,26,0,0,21,2,23,4,15,24,6,49,50,0,50,99
06/09/2003,LSE,WI,AGL,CE,Federal Contract Tower,5,23,15,2,45,0,4,37,3,44,5,27,52,5,89,68,0,68,157
06/10/2003,LSE,WI,AGL,CE,Federal Contract Tower,5,21,17,5,48,0,0,23,0,23,5,21,40,5,71,56,6,62,133
06/11/2003,LSE,WI,AGL,CE,Federal Contract Tower,5,25,31,0,61,0,3,23,5,31,5,28,54,5,92,42,2,44,136
06/12/2003,LSE,WI,AGL,CE,Federal Contract Tower,5,23,22,0,50,0,1,25,2,28,5,24,47,2,78,74,4,78,156
06/13/2003,LSE,WI,AGL,CE,Federal Contract Tower,5,25,13,5,48,0,0,78,6,84,5,25,91,11,132,102,18,120,252
06/14/2003,LSE,WI,AGL,CE,Federal Contract Tower,5,18,11,0,34,0,2,126,5,133,5,20,137,5,167,132,4,136,303
06/15/2003,LSE,WI,AGL,CE,Federal Contract Tower,4,15,5,2,26,0,0,39,3,42,4,15,44,5,68,14,4,18,86
06/16/2003,LSE,WI,AGL,CE,Federal Contract Tower,5,21,12,0,38,0,2,46,0,48,5,23,58,0,86,38,0,38,124
06/17/2003,LSE,WI,AGL,CE,Federal Contract Tower,7,27,15,0,49,0,4,55,0,59,7,31,70,0,108,56,0,56,164
06/18/2003,LSE,WI,AGL,CE,Federal Contract Tower,5,22,18,3,48,0,3,40,9,52,5,25,58,12,100,50,12,62,162
06/19/2003,LSE,WI,AGL,CE,Federal Contract Tower,5,21,16,3,45,0,3,44,9,56,5,24,60,12,101,38,8,46,147
06/20/2003,LSE,WI,AGL,CE,Federal Contract Tower,5,19,8,5,37,0,0,59,31,90,5,19,67,36,127,22,48,70,197
06/21/2003,LSE,WI,AGL,CE,Federal Contract Tower,5,16,12,0,33,0,1,215,5,221,5,17,227,5,254,64,6,70,324
06/22/2003,LSE,WI,AGL,CE,Federal Contract Tower,4,16,17,6,43,0,9,110,4,123,4,25,127,10,166,64,6,70,236
06/23/2003,LSE,WI,AGL,CE,Federal Contract Tower,5,21,19,8,53,0,1,34,4,39,5,22,53,12,92,40,20,60,152
06/24/2003,LSE,WI,AGL,CE,Federal Contract Tower,9,27,11,1,48,0,3,22,2,27,9,30,33,3,75,64,2,66,141
06/25/2003,LSE,WI,AGL,CE,Federal Contract Tower,5,22,20,0,47,0,0,14,0,14,5,22,34,0,61,24,0,24,85
06/26/2003,LSE,WI,AGL,CE,Federal Contract Tower,5,24,26,0,55,0,0,39,0,39,5,24,65,0,94,24,0,24,118
06/27/2003,LSE,WI,AGL,CE,Federal Contract Tower,5,22,12,0,39,0,3,81,0,84,5,25,93,0,123,148,0,148,271
06/28/2003,LSE,WI,AGL,CE,Federal Contract Tower,5,16,13,0,34,0,0,29,0,29,5,16,42,0,63,36,0,36,99
06/29/2003,LSE,WI,AGL,CE,Federal Contract Tower,4,16,5,0,25,0,3,77,0,80,4,19,82,0,105,40,0,40,145
06/30/2003,LSE,WI,AGL,CE,Federal Contract Tower,5,21,7,1,34,0,3,51,1,55,5,24,58,2,89,22,0,22,111
07/01/2003,LSE,WI,AGL,CE,Federal Contract Tower,5,23,11,0,39,0,2,56,2,60,5,25,67,2,99,82,0,82,181
07/02/2003,LSE,WI,AGL,CE,Federal Contract Tower,5,23,17,0,45,0,0,62,0,62,5,23,79,0,107,42,0,42,149
07/03/2003,LSE,WI,AGL,CE,Federal Contract Tower,5,23,11,0,39,0,4,44,2,50,5,27,55,2,89,64,0,64,153
07/04/2003,LSE,WI,AGL,CE,Federal Contract Tower,2,12,4,0,18,0,1,33,0,34,2,13,37,0,52,8,0,8,60
07/05/2003,LSE,WI,AGL,CE,Federal Contract Tower,4,13,16,0,33,0,2,62,0,64,4,15,78,0,97,22,0,22,119
07/06/2003,LSE,WI,AGL,CE,Federal Contract Tower,4,15,13,2,34,0,3,20,5,28,4,18,33,7,62,18,0,18,80
07/07/2003,LSE,WI,AGL,CE,Federal Contract Tower,5,18,14,0,37,0,2,14,2,18,5,20,28,2,55,34,0,34,89
07/08/2003,LSE,WI,AGL,CE,Federal Contract Tower,5,20,18,0,43,0,0,27,0,27,5,20,45,0,70,58,0,58,128
07/09/2003,LSE,WI,AGL,CE,Federal Contract Tower,5,20,22,0,47,0,0,5,0,5,5,20,27,0,52,26,0,26,78
07/10/2003,LSE,WI,AGL,CE,Federal Contract Tower,5,24,31,4,64,0,2,4,2,8,5,26,35,6,72,4,0,4,76
07/11/2003,LSE,WI,AGL,CE,Federal Contract Tower,5,24,5,2,36,0,2,32,0,34,5,26,37,2,70,30,0,30,100
07/12/2003,LSE,WI,AGL,CE,Federal Contract Tower,7,16,3,3,29,0,1,123,1,125,7,17,126,4,154,34,0,34,188
07/13/2003,LSE,WI,AGL,CE,Federal Contract Tower,4,17,7,4,32,0,4,48,0,52,4,21,55,4,84,42,0,42,126
07/14/2003,LSE,WI,AGL,CE,Federal Contract Tower,4,16,13,1,34,0,0,11,0,11,4,16,24,1,45,28,0,28,73
07/15/2003,LSE,WI,AGL,CE,Federal Contract Tower,3,24,21,0,48,0,0,26,4,30,3,24,47,4,78,36,0,36,114
07/16/2003,LSE,WI,AGL,CE,Federal Contract Tower,5,25,7,2,39,0,2,64,3,69,5,27,71,5,108,70,0,70,178
07/17/2003,LSE,WI,AGL,CE,Federal Contract Tower,5,24,12,0,41,0,1,53,0,54,5,25,65,0,95,44,0,44,139
07/18/2003,LSE,WI,AGL,CE,Federal Contract Tower,5,23,11,2,41,0,2,66,0,68,5,25,77,2,109,56,0,56,165
07/19/2003,LSE,WI,AGL,CE,Federal Contract Tower,5,15,1,1,22,0,2,69,3,74,5,17,70,4,96,62,16,78,174
07/20/2003,LSE,WI,AGL,CE,Federal Contract Tower,4,14,5,2,25,0,0,9,2,11,4,14,14,4,36,14,2,16,52
07/21/2003,LSE,WI,AGL,CE,Federal Contract Tower,5,20,19,0,44,0,0,17,0,17,5,20,36,0,61,36,0,36,97
07/22/2003,LSE,WI,AGL,CE,Federal Contract Tower,5,22,21,0,48,0,4,54,2,60,5,26,75,2,108,48,0,48,156
07/23/2003,LSE,WI,AGL,CE,Federal Contract Tower,5,27,21,0,53,0,1,82,0,83,5,28,103,0,136,86,0,86,222
07/24/2003,LSE,WI,AGL,CE,Federal Contract Tower,5,24,16,0,45,0,2,70,0,72,5,26,86,0,117,78,0,78,195
07/25/2003,LSE,WI,AGL,CE,Federal Contract Tower,5,24,18,7,54,0,2,57,27,86,5,26,75,34,140,46,0,46,186
07/26/2003,LSE,WI,AGL,CE,Federal Contract Tower,5,16,9,3,33,0,0,51,24,75,5,16,60,27,108,36,0,36,144
07/27/2003,LSE,WI,AGL,CE,Federal Contract Tower,4,14,11,8,37,0,0,111,56,167,4,14,122,64,204,44,0,44,248
07/28/2003,LSE,WI,AGL,CE,Federal Contract Tower,5,21,12,0,38,0,3,69,0,72,5,24,81,0,110,64,0,64,174
07/29/2003,LSE,WI,AGL,CE,Federal Contract Tower,5,24,13,0,42,0,1,67,2,70,5,25,80,2,112,36,0,36,148
07/30/2003,LSE,WI,AGL,CE,Federal Contract Tower,5,23,25,0,53,0,0,80,0,80,5,23,105,0,133,34,0,34,167
07/31/2003,LSE,WI,AGL,CE,Federal Contract Tower,5,27,20,0,52,0,0,46,0,46,5,27,66,0,98,14,0,14,112
08/01/2003,LSE,WI,AGL,CE,Federal Contract Tower,4,22,9,1,36,0,2,51,0,53,4,24,60,1,89,10,0,10,99
08/02/2003,LSE,WI,AGL,CE,Federal Contract Tower,6,14,11,2,33,0,4,46,0,50,6,18,57,2,83,16,0,16,99
08/03/2003,LSE,WI,AGL,CE,Federal Contract Tower,4,12,10,1,27,0,1,27,0,28,4,13,37,1,55,44,2,46,101
08/04/2003,LSE,WI,AGL,CE,Federal Contract Tower,5,23,14,0,42,0,3,26,0,29,5,26,40,0,71,36,0,36,107
08/05/2003,LSE,WI,AGL,CE,Federal Contract Tower,5,22,18,2,47,0,2,42,2,46,5,24,60,4,93,52,0,52,145
08/06/2003,LSE,WI,AGL,CE,Federal Contract Tower,7,25,13,0,45,0,0,15,0,15,7,25,28,0,60,24,0,24,84
08/07/2003,LSE,WI,AGL,CE,Federal Contract Tower,5,29,18,0,52,0,0,52,2,54,5,29,70,2,106,54,0,54,160
08/08/2003,LSE,WI,AGL,CE,Federal Contract Tower,5,23,16,0,44,0,0,52,0,52,5,23,68,0,96,40,0,40,136
08/09/2003,LSE,WI,AGL,CE,Federal Contract Tower,7,16,6,0,29,0,0,54,2,56,7,16,60,2,85,56,0,56,141
08/10/2003,LSE,WI,AGL,CE,Federal Contract Tower,4,15,8,2,29,0,4,81,0,85,4,19,89,2,114,56,0,56,170
08/11/2003,LSE,WI,AGL,CE,Federal Contract Tower,5,20,17,0,42,0,0,42,0,42,5,20,59,0,84,34,0,34,118
08/12/2003,LSE,WI,AGL,CE,Federal Contract Tower,5,24,18,0,47,0,1,50,1,52,5,25,68,1,99,110,0,110,209
08/13/2003,LSE,WI,AGL,CE,Federal Contract Tower,5,24,20,0,49,0,0,61,4,65,5,24,81,4,114,38,0,38,152
08/14/2003,LSE,WI,AGL,CE,Federal Contract Tower,5,23,13,2,43,0,0,43,0,43,5,23,56,2,86,56,0,56,142
08/15/2003,LSE,WI,AGL,CE,Federal Contract Tower,5,23,21,0,49,0,2,26,0,28,5,25,47,0,77,32,0,32,109
08/16/2003,LSE,WI,AGL,CE,Federal Contract Tower,5,17,2,0,24,0,1,33,0,34,5,18,35,0,58,28,0,28,86
08/17/2003,LSE,WI,AGL,CE,Federal Contract Tower,4,18,9,0,31,0,0,50,0,50,4,18,59,0,81,56,0,56,137
08/18/2003,LSE,WI,AGL,CE,Federal Contract Tower,5,21,11,0,37,0,2,40,0,42,5,23,51,0,79,42,0,42,121
08/19/2003,LSE,WI,AGL,CE,Federal Contract Tower,5,24,21,0,50,0,0,31,0,31,5,24,52,0,81,24,0,24,105
08/20/2003,LSE,WI,AGL,CE,Federal Contract Tower,5,24,12,0,41,0,0,34,2,36,5,24,46,2,77,20,0,20,97
08/21/2003,LSE,WI,AGL,CE,Federal Contract Tower,5,25,15,3,48,0,3,50,0,53,5,28,65,3,101,34,6,40,141
08/22/2003,LSE,WI,AGL,CE,Federal Contract Tower,3,23,13,0,39,0,1,49,2,52,3,24,62,2,91,38,0,38,129
08/23/2003,LSE,WI,AGL,CE,Federal Contract Tower,5,15,5,2,27,0,4,70,0,74,5,19,75,2,101,54,0,54,155
08/24/2003,LSE,WI,AGL,CE,Federal Contract Tower,4,15,12,0,31,0,5,37,0,42,4,20,49,0,73,38,0,38,111
08/25/2003,LSE,WI,AGL,CE,Federal Contract Tower,5,22,14,0,41,0,0,12,0,12,5,22,26,0,53,22,0,22,75
08/26/2003,LSE,WI,AGL,CE,Federal Contract Tower,5,22,12,0,39,0,0,31,4,35,5,22,43,4,74,32,0,32,106
08/27/2003,LSE,WI,AGL,CE,Federal Contract Tower,5,22,15,0,42,0,6,66,0,72,5,28,81,0,114,18,0,18,132
08/28/2003,LSE,WI,AGL,CE,Federal Contract Tower,5,22,15,0,42,0,0,17,1,18,5,22,32,1,60,0,0,0,60
08/29/2003,LSE,WI,AGL,CE,Federal Contract Tower,5,23,12,0,40,0,4,50,0,54,5,27,62,0,94,52,0,52,146
08/30/2003,LSE,WI,AGL,CE,Federal Contract Tower,5,11,6,0,22,0,0,79,0,79,5,11,85,0,101,92,0,92,193
08/31/2003,LSE,WI,AGL,CE,Federal Contract Tower,2,10,5,0,17,0,0,68,0,68,2,10,73,0,85,32,0,32,117
09/01/2003,LSE,WI,AGL,CE,Federal Contract Tower,4,16,4,0,24,0,0,57,0,57,4,16,61,0,81,104,0,104,185
09/02/2003,LSE,WI,AGL,CE,Federal Contract Tower,5,21,12,0,38,0,2,18,0,20,5,23,30,0,58,2,0,2,60
09/03/2003,LSE,WI,AGL,CE,Federal Contract Tower,5,23,20,2,50,0,3,34,0,37,5,26,54,2,87,34,0,34,121
09/04/2003,LSE,WI,AGL,CE,Federal Contract Tower,3,24,19,2,48,0,0,39,3,42,3,24,58,5,90,8,0,8,98
09/05/2003,LSE,WI,AGL,CE,Federal Contract Tower,5,25,12,0,42,0,2,55,0,57,5,27,67,0,99,42,0,42,141
09/06/2003,LSE,WI,AGL,CE,Federal Contract Tower,7,23,9,0,39,0,0,68,2,70,7,23,77,2,109,64,0,64,173
09/07/2003,LSE,WI,AGL,CE,Federal Contract Tower,4,14,22,0,40,0,3,131,1,135,4,17,153,1,175,60,0,60,235
09/08/2003,LSE,WI,AGL,CE,Federal Contract Tower,5,20,27,0,52,0,1,25,0,26,5,21,52,0,78,46,0,46,124
09/09/2003,LSE,WI,AGL,CE,Federal Contract Tower,7,21,20,0,48,0,5,29,2,36,7,26,49,2,84,38,0,38,122
09/10/2003,LSE,WI,AGL,CE,Federal Contract Tower,5,22,16,5,48,0,0,15,2,17,5,22,31,7,65,0,2,2,67
09/11/2003,LSE,WI,AGL,CE,Federal Contract Tower,3,23,18,1,45,0,3,22,0,25,3,26,40,1,70,0,0,0,70
09/12/2003,LSE,WI,AGL,CE,Federal Contract Tower,5,27,17,0,49,0,0,8,0,8,5,27,25,0,57,0,0,0,57
09/13/2003,LSE,WI,AGL,CE,Federal Contract Tower,5,19,14,0,38,0,0,12,0,12,5,19,26,0,50,36,0,36,86
09/14/2003,LSE,WI,AGL,CE,Federal Contract Tower,4,18,16,0,38,0,3,57,0,60,4,21,73,0,98,22,0,22,120
09/15/2003,LSE,WI,AGL,CE,Federal Contract Tower,5,20,15,0,40,0,4,34,0,38,5,24,49,0,78,50,0,50,128
09/16/2003,LSE,WI,AGL,CE,Federal Contract Tower,5,21,24,0,50,0,3,38,2,43,5,24,62,2,93,26,4,30,123
09/17/2003,LSE,WI,AGL,CE,Federal Contract Tower,5,23,29,0,57,0,3,12,0,15,5,26,41,0,72,0,0,0,72
09/18/2003,LSE,WI,AGL,CE,Federal Contract Tower,7,26,26,2,61,0,0,17,0,17,7,26,43,2,78,0,0,0,78
09/19/2003,LSE,WI,AGL,CE,Federal Contract Tower,5,23,28,3,59,0,5,11,1,17,5,28,39,4,76,18,0,18,94
09/20/2003,LSE,WI,AGL,CE,Federal Contract Tower,5,23,14,0,42,0,2,72,0,74,5,25,86,0,116,66,0,66,182
09/21/2003,LSE,WI,AGL,CE,Federal Contract Tower,4,15,9,0,28,0,1,44,0,45,4,16,53,0,73,32,0,32,105
09/22/2003,LSE,WI,AGL,CE,Federal Contract Tower,5,20,13,1,39,0,0,16,1,17,5,20,29,2,56,12,0,12,68
09/23/2003,LSE,WI,AGL,CE,Federal Contract Tower,5,23,12,0,40,0,0,59,0,59,5,23,71,0,99,80,0,80,179
09/24/2003,LSE,WI,AGL,CE,Federal Contract Tower,5,22,13,0,40,0,3,6,0,9,5,25,19,0,49,14,0,14,63
09/25/2003,LSE,WI,AGL,CE,Federal Contract Tower,5,23,18,0,46,0,2,46,0,48,5,25,64,0,94,46,0,46,140
09/26/2003,LSE,WI,AGL,CE,Federal Contract Tower,5,21,20,0,46,0,3,23,0,26,5,24,43,0,72,30,0,30,102
09/27/2003,LSE,WI,AGL,CE,Federal Contract Tower,5,19,6,0,30,0,2,31,0,33,5,21,37,0,63,2,0,2,65
09/28/2003,LSE,WI,AGL,CE,Federal Contract Tower,4,16,10,0,30,0,7,23,0,30,4,23,33,0,60,34,0,34,94
09/29/2003,LSE,WI,AGL,CE,Federal Contract Tower,5,20,16,0,41,0,0,22,2,24,5,20,38,2,65,12,0,12,77
09/30/2003,LSE,WI,AGL,CE,Federal Contract Tower,5,22,15,0,42,0,0,18,0,18,5,22,33,0,60,8,0,8,68
10/01/2003,LSE,WI,AGL,CE,Federal Contract Tower,5,22,16,0,43,0,0,39,6,45,5,22,55,6,88,34,0,34,122
10/02/2003,LSE,WI,AGL,CE,Federal Contract Tower,5,21,15,0,41,0,5,65,0,70,5,26,80,0,111,94,0,94,205
10/03/2003,LSE,WI,AGL,CE,Federal Contract Tower,5,21,15,0,41,0,2,16,0,18,5,23,31,0,59,16,0,16,75
10/04/2003,LSE,WI,AGL,CE,Federal Contract Tower,4,16,12,0,32,1,3,43,3,50,5,19,55,3,82,38,4,42,124
10/05/2003,LSE,WI,AGL,CE,Federal Contract Tower,4,14,10,0,28,0,1,82,2,85,4,15,92,2,113,50,2,52,165
10/06/2003,LSE,WI,AGL,CE,Federal Contract Tower,5,20,14,0,39,0,0,46,4,50,5,20,60,4,89,38,0,38,127
10/07/2003,LSE,WI,AGL,CE,Federal Contract Tower,5,18,13,0,36,0,4,51,2,57,5,22,64,2,93,22,2,24,117
10/08/2003,LSE,WI,AGL,CE,Federal Contract Tower,5,21,15,0,41,0,1,33,1,35,5,22,48,1,76,50,0,50,126
10/09/2003,LSE,WI,AGL,CE,Federal Contract Tower,5,23,18,0,46,0,0,36,4,40,5,23,54,4,86,50,2,52,138
10/10/2003,LSE,WI,AGL,CE,Federal Contract Tower,5,27,21,0,53,0,0,40,0,40,5,27,61,0,93,36,0,36,129
10/11/2003,LSE,WI,AGL,CE,Federal Contract Tower,5,19,13,0,37,0,7,17,0,24,5,26,30,0,61,46,0,46,107
10/12/2003,LSE,WI,AGL,CE,Federal Contract Tower,4,16,12,0,32,0,0,92,0,92,4,16,104,0,124,96,0,96,220
10/13/2003,LSE,WI,AGL,CE,Federal Contract Tower,5,24,17,0,46,0,2,25,0,27,5,26,42,0,73,32,0,32,105
10/14/2003,LSE,WI,AGL,CE,Federal Contract Tower,5,20,14,0,39,0,4,23,0,27,5,24,37,0,66,30,0,30,96
10/15/2003,LSE,WI,AGL,CE,Federal Contract Tower,5,23,14,0,42,0,3,31,0,34,5,26,45,0,76,18,0,18,94
10/16/2003,LSE,WI,AGL,CE,Federal Contract Tower,5,24,16,0,45,0,1,49,0,50,5,25,65,0,95,40,0,40,135
10/17/2003,LSE,WI,AGL,CE,Federal Contract Tower,5,22,14,0,41,0,2,45,0,47,5,24,59,0,88,36,0,36,124
10/18/2003,LSE,WI,AGL,CE,Federal Contract Tower,3,17,11,0,31,2,1,89,0,92,5,18,100,0,123,18,0,18,141
10/19/2003,LSE,WI,AGL,CE,Federal Contract Tower,3,14,10,1,28,1,0,100,0,101,4,14,110,1,129,28,0,28,157
10/20/2003,LSE,WI,AGL,CE,Federal Contract Tower,5,21,16,0,42,0,0,10,0,10,5,21,26,0,52,6,0,6,58
10/21/2003,LSE,WI,AGL,CE,Federal Contract Tower,5,23,15,1,44,0,4,30,1,35,5,27,45,2,79,38,6,44,123
10/22/2003,LSE,WI,AGL,CE,Federal Contract Tower,5,23,14,0,42,0,6,69,0,75,5,29,83,0,117,36,0,36,153
10/23/2003,LSE,WI,AGL,CE,Federal Contract Tower,5,25,18,0,48,0,0,39,0,39,5,25,57,0,87,54,0,54,141
10/24/2003,LSE,WI,AGL,CE,Federal Contract Tower,5,22,14,0,41,0,0,18,0,18,5,22,32,0,59,42,0,42,101
10/25/2003,LSE,WI,AGL,CE,Federal Contract Tower,3,17,10,0,30,2,2,61,0,65,5,19,71,0,95,56,0,56,151
10/26/2003,LSE,WI,AGL,CE,Federal Contract Tower,3,18,11,0,32,1,5,21,0,27,4,23,32,0,59,44,0,44,103
10/27/2003,LSE,WI,AGL,CE,Federal Contract Tower,3,17,10,0,30,2,3,19,0,24,5,20,29,0,54,0,0,0,54
10/28/2003,LSE,WI,AGL,CE,Federal Contract Tower,5,24,17,0,46,0,0,7,0,7,5,24,24,0,53,8,0,8,61
10/29/2003,LSE,WI,AGL,CE,Federal Contract Tower,4,19,12,0,35,1,3,23,0,27,5,22,35,0,62,20,0,20,82
10/30/2003,LSE,WI,AGL,CE,Federal Contract Tower,5,25,18,0,48,0,0,17,4,21,5,25,35,4,69,16,40,56,125
10/31/2003,LSE,WI,AGL,CE,Federal Contract Tower,5,22,15,0,42,0,1,3,0,4,5,23,18,0,46,2,0,2,48
11/01/2003,LSE,WI,AGL,CE,Federal Contract Tower,5,16,9,0,30,0,5,30,0,35,5,21,39,0,65,110,0,110,175
11/02/2003,LSE,WI,AGL,CE,Federal Contract Tower,4,17,10,0,31,0,3,4,0,7,4,20,14,0,38,24,0,24,62
11/03/2003,LSE,WI,AGL,CE,Federal Contract Tower,3,17,10,0,30,0,0,1,0,1,3,17,11,0,31,0,0,0,31
11/04/2003,LSE,WI,AGL,CE,Federal Contract Tower,5,21,12,0,38,0,0,0,3,3,5,21,12,3,41,0,14,14,55
11/05/2003,LSE,WI,AGL,CE,Federal Contract Tower,5,23,13,0,41,0,3,8,1,12,5,26,21,1,53,36,0,36,89
11/06/2003,LSE,WI,AGL,CE,Federal Contract Tower,7,24,15,1,47,1,0,45,0,46,8,24,60,1,93,88,10,98,191
11/07/2003,LSE,WI,AGL,CE,Federal Contract Tower,3,22,13,0,38,0,7,27,0,34,3,29,40,0,72,28,0,28,100
11/08/2003,LSE,WI,AGL,CE,Federal Contract Tower,4,16,10,0,30,1,5,103,0,109,5,21,113,0,139,76,0,76,215
11/09/2003,LSE,WI,AGL,CE,Federal Contract Tower,4,18,11,0,33,4,0,55,0,59,8,18,66,0,92,58,0,58,150
11/10/2003,LSE,WI,AGL,CE,Federal Contract Tower,5,20,11,0,36,0,1,15,0,16,5,21,26,0,52,14,0,14,66
11/11/2003,LSE,WI,AGL,CE,Federal Contract Tower,4,18,11,1,34,1,1,21,1,24,5,19,32,2,58,28,0,28,86
11/12/2003,LSE,WI,AGL,CE,Federal Contract Tower,5,20,14,2,41,0,0,6,0,6,5,20,20,2,47,0,0,0,47
11/13/2003,LSE,WI,AGL,CE,Federal Contract Tower,5,27,15,2,49,0,0,44,3,47,5,27,59,5,96,18,6,24,120
11/14/2003,LSE,WI,AGL,CE,Federal Contract Tower,5,22,13,1,41,0,0,32,1,33,5,22,45,2,74,20,4,24,98
11/15/2003,LSE,WI,AGL,CE,Federal Contract Tower,4,16,9,0,29,1,3,6,0,10,5,19,15,0,39,44,0,44,83
11/16/2003,LSE,WI,AGL,CE,Federal Contract Tower,4,15,6,0,25,0,1,0,0,1,4,16,6,0,26,26,0,26,52
11/17/2003,LSE,WI,AGL,CE,Federal Contract Tower,5,20,10,0,35,0,2,7,0,9,5,22,17,0,44,20,0,20,64
11/18/2003,LSE,WI,AGL,CE,Federal Contract Tower,5,23,14,2,44,0,0,26,4,30,5,23,40,6,74,56,0,56,130
11/19/2003,LSE,WI,AGL,CE,Federal Contract Tower,5,23,13,1,42,0,0,60,0,60,5,23,73,1,102,72,0,72,174
11/20/2003,LSE,WI,AGL,CE,Federal Contract Tower,5,25,15,1,46,0,0,40,0,40,5,25,55,1,86,68,0,68,154
11/21/2003,LSE,WI,AGL,CE,Federal Contract Tower,6,22,13,1,42,1,0,43,0,44,7,22,56,1,86,30,2,32,118
11/22/2003,LSE,WI,AGL,CE,Federal Contract Tower,2,11,2,1,16,0,0,0,0,0,2,11,2,1,16,0,0,0,16
11/23/2003,LSE,WI,AGL,CE,Federal Contract Tower,2,9,2,1,14,0,2,0,0,2,2,11,2,1,16,0,0,0,16
11/24/2003,LSE,WI,AGL,CE,Federal Contract Tower,5,18,9,1,33,0,1,15,0,16,5,19,24,1,49,0,0,0,49
11/25/2003,LSE,WI,AGL,CE,Federal Contract Tower,5,22,12,0,39,0,0,16,0,16,5,22,28,0,55,18,0,18,73
11/26/2003,LSE,WI,AGL,CE,Federal Contract Tower,5,18,10,0,33,0,5,34,0,39,5,23,44,0,72,46,0,46,118
11/27/2003,LSE,WI,AGL,CE,Federal Contract Tower,2,9,4,0,15,1,3,6,0,10,3,12,10,0,25,20,0,20,45
11/28/2003,LSE,WI,AGL,CE,Federal Contract Tower,2,12,6,0,20,1,3,0,0,4,3,15,6,0,24,0,0,0,24
11/29/2003,LSE,WI,AGL,CE,Federal Contract Tower,4,19,11,0,34,3,2,18,0,23,7,21,29,0,57,8,0,8,65
11/30/2003,LSE,WI,AGL,CE,Federal Contract Tower,4,17,9,0,30,0,2,25,0,27,4,19,34,0,57,40,0,40,97
12/01/2003,LSE,WI,AGL,CE,Federal Contract Tower,4,20,10,0,34,3,2,14,2,21,7,22,24,2,55,36,0,36,91
12/02/2003,LSE,WI,AGL,CE,Federal Contract Tower,5,21,10,0,36,0,4,27,0,31,5,25,37,0,67,72,0,72,139
12/03/2003,LSE,WI,AGL,CE,Federal Contract Tower,5,24,13,0,42,0,0,10,0,10,5,24,23,0,52,38,0,38,90
12/04/2003,LSE,WI,AGL,CE,Federal Contract Tower,5,24,15,0,44,0,0,17,0,17,5,24,32,0,61,68,0,68,129
12/05/2003,LSE,WI,AGL,CE,Federal Contract Tower,4,23,12,0,39,1,0,15,0,16,5,23,27,0,55,38,2,40,95
12/06/2003,LSE,WI,AGL,CE,Federal Contract Tower,4,19,11,0,34,3,0,6,0,9,7,19,17,0,43,10,0,10,53
12/07/2003,LSE,WI,AGL,CE,Federal Contract Tower,3,16,9,0,28,1,0,42,0,43,4,16,51,0,71,72,0,72,143
12/08/2003,LSE,WI,AGL,CE,Federal Contract Tower,3,20,11,0,34,2,1,6,0,9,5,21,17,0,43,12,0,12,55
12/09/2003,LSE,WI,AGL,CE,Federal Contract Tower,2,14,2,0,18,5,2,0,0,7,7,16,2,0,25,2,0,2,27
12/10/2003,LSE,WI,AGL,CE,Federal Contract Tower,2,16,9,1,28,1,0,3,1,5,3,16,12,2,33,0,0,0,33
12/11/2003,LSE,WI,AGL,CE,Federal Contract Tower,4,23,12,1,40,1,0,23,1,25,5,23,35,2,65,58,0,58,123
12/12/2003,LSE,WI,AGL,CE,Federal Contract Tower,5,22,16,1,44,0,0,25,4,29,5,22,41,5,73,44,14,58,131
12/13/2003,LSE,WI,AGL,CE,Federal Contract Tower,4,19,11,1,35,1,0,36,1,38,5,19,47,2,73,46,0,46,119
12/14/2003,LSE,WI,AGL,CE,Federal Contract Tower,2,15,7,1,25,2,3,0,1,6,4,18,7,2,31,8,0,8,39
12/15/2003,LSE,WI,AGL,CE,Federal Contract Tower,3,19,11,1,34,2,0,4,0,6,5,19,15,1,40,0,0,0,40
12/16/2003,LSE,WI,AGL,CE,Federal Contract Tower,4,25,14,1,44,0,0,8,1,9,4,25,22,2,53,8,0,8,61
12/17/2003,LSE,WI,AGL,CE,Federal Contract Tower,2,24,16,1,43,0,0,21,4,25,2,24,37,5,68,32,8,40,108
12/18/2003,LSE,WI,AGL,CE,Federal Contract Tower,4,26,13,1,44,0,0,5,0,5,4,26,18,1,49,0,0,0,49
12/19/2003,LSE,WI,AGL,CE,Federal Contract Tower,2,29,14,0,45,0,4,32,0,36,2,33,46,0,81,38,0,38,119
12/20/2003,LSE,WI,AGL,CE,Federal Contract Tower,2,23,11,0,36,0,1,41,0,42,2,24,52,0,78,24,0,24,102
12/21/2003,LSE,WI,AGL,CE,Federal Contract Tower,2,18,8,0,28,0,2,63,0,65,2,20,71,0,93,64,0,64,157
12/22/2003,LSE,WI,AGL,CE,Federal Contract Tower,2,19,8,0,29,0,4,26,0,30,2,23,34,0,59,14,0,14,73
12/23/2003,LSE,WI,AGL,CE,Federal Contract Tower,2,23,11,0,36,0,1,11,0,12,2,24,22,0,48,34,0,34,82
12/24/2003,LSE,WI,AGL,CE,Federal Contract Tower,2,16,8,0,26,0,10,14,0,24,2,26,22,0,50,70,0,70,120
12/25/2003,LSE,WI,AGL,CE,Federal Contract Tower,0,12,6,0,18,0,8,4,0,12,0,20,10,0,30,2,0,2,32
12/26/2003,LSE,WI,AGL,CE,Federal Contract Tower,2,21,10,0,33,0,5,48,0,53,2,26,58,0,86,54,0,54,140
12/27/2003,LSE,WI,AGL,CE,Federal Contract Tower,2,20,10,0,32,0,2,9,0,11,2,22,19,0,43,16,0,16,59
12/28/2003,LSE,WI,AGL,CE,Federal Contract Tower,2,13,6,0,21,0,4,15,0,19,2,17,21,0,40,16,0,16,56
12/29/2003,LSE,WI,AGL,CE,Federal Contract Tower,2,19,10,0,31,0,3,2,2,7,2,22,12,2,38,20,0,20,58
12/30/2003,LSE,WI,AGL,CE,Federal Contract Tower,2,19,10,0,31,0,3,15,0,18,2,22,25,0,49,44,0,44,93
12/31/2003,LSE,WI,AGL,CE,Federal Contract Tower,2,19,9,0,30,0,6,17,0,23,2,25,26,0,53,44,0,44,97
01/01/2004,LSE,WI,AGL,CE,Federal Contract Tower,0,11,7,0,18,0,6,10,0,16,0,17,17,0,34,8,0,8,42
01/02/2004,LSE,WI,AGL,CE,Federal Contract Tower,2,13,5,0,20,0,9,0,0,9,2,22,5,0,29,16,0,16,45
01/03/2004,LSE,WI,AGL,CE,Federal Contract Tower,2,14,9,0,25,0,7,33,0,40,2,21,42,0,65,54,0,54,119
01/04/2004,LSE,WI,AGL,CE,Federal Contract Tower,2,13,7,0,22,0,1,3,0,4,2,14,10,0,26,0,0,0,26
01/05/2004,LSE,WI,AGL,CE,Federal Contract Tower,2,19,12,0,33,0,2,8,0,10,2,21,20,0,43,6,0,6,49
01/06/2004,LSE,WI,AGL,CE,Federal Contract Tower,5,26,17,0,48,0,0,15,0,15,5,26,32,0,63,0,0,0,63
01/07/2004,LSE,WI,AGL,CE,Federal Contract Tower,5,21,12,0,38,0,2,38,0,40,5,23,50,0,78,40,0,40,118
01/08/2004,LSE,WI,AGL,CE,Federal Contract Tower,5,21,13,0,39,0,0,19,0,19,5,21,32,0,58,28,0,28,86
01/09/2004,LSE,WI,AGL,CE,Federal Contract Tower,5,22,12,0,39,0,1,27,2,30,5,23,39,2,69,64,0,64,133
01/10/2004,LSE,WI,AGL,CE,Federal Contract Tower,3,11,7,0,21,2,3,43,0,48,5,14,50,0,69,54,0,54,123
01/11/2004,LSE,WI,AGL,CE,Federal Contract Tower,4,14,9,0,27,0,1,0,2,3,4,15,9,2,30,4,0,4,34
01/12/2004,LSE,WI,AGL,CE,Federal Contract Tower,4,20,12,0,36,1,0,22,0,23,5,20,34,0,59,12,0,12,71
01/13/2004,LSE,WI,AGL,CE,Federal Contract Tower,5,23,14,0,42,0,0,23,0,23,5,23,37,0,65,6,0,6,71
01/14/2004,LSE,WI,AGL,CE,Federal Contract Tower,5,21,11,0,37,0,0,19,0,19,5,21,30,0,56,0,0,0,56
01/15/2004,LSE,WI,AGL,CE,Federal Contract Tower,5,24,13,0,42,0,0,16,0,16,5,24,29,0,58,18,0,18,76
01/16/2004,LSE,WI,AGL,CE,Federal Contract Tower,4,18,9,1,32,1,6,8,1,16,5,24,17,2,48,42,0,42,90
01/17/2004,LSE,WI,AGL,CE,Federal Contract Tower,3,14,4,0,21,2,2,0,0,4,5,16,4,0,25,2,0,2,27
01/18/2004,LSE,WI,AGL,CE,Federal Contract Tower,2,12,6,0,20,2,4,13,0,19,4,16,19,0,39,58,0,58,97
01/19/2004,LSE,WI,AGL,CE,Federal Contract Tower,4,19,11,0,34,1,3,12,0,16,5,22,23,0,50,14,0,14,64
01/20/2004,LSE,WI,AGL,CE,Federal Contract Tower,5,22,12,0,39,0,3,9,0,12,5,25,21,0,51,12,0,12,63
01/21/2004,LSE,WI,AGL,CE,Federal Contract Tower,5,22,14,0,41,0,0,4,0,4,5,22,18,0,45,6,0,6,51
01/22/2004,LSE,WI,AGL,CE,Federal Contract Tower,5,23,14,0,42,0,0,4,5,9,5,23,18,5,51,0,8,8,59
01/23/2004,LSE,WI,AGL,CE,Federal Contract Tower,4,17,9,0,30,3,0,0,0,3,7,17,9,0,33,0,0,0,33
01/24/2004,LSE,WI,AGL,CE,Federal Contract Tower,4,19,10,0,33,1,0,44,0,45,5,19,54,0,78,38,0,38,116
01/25/2004,LSE,WI,AGL,CE,Federal Contract Tower,4,14,9,0,27,0,0,16,3,19,4,14,25,3,46,34,0,34,80
01/26/2004,LSE,WI,AGL,CE,Federal Contract Tower,4,15,10,0,29,1,0,3,0,4,5,15,13,0,33,0,0,0,33
01/27/2004,LSE,WI,AGL,CE,Federal Contract Tower,5,19,14,0,38,1,0,22,2,25,6,19,36,2,63,8,0,8,71
01/28/2004,LSE,WI,AGL,CE,Federal Contract Tower,4,20,12,0,36,3,1,10,0,14,7,21,22,0,50,6,0,6,56
01/29/2004,LSE,WI,AGL,CE,Federal Contract Tower,5,25,16,0,46,0,0,12,4,16,5,25,28,4,62,0,4,4,66
01/30/2004,LSE,WI,AGL,CE,Federal Contract Tower,5,23,13,0,41,2,2,11,0,15,7,25,24,0,56,8,2,10,66
01/31/2004,LSE,WI,AGL,CE,Federal Contract Tower,4,18,10,0,32,2,1,6,0,9,6,19,16,0,41,10,0,10,51
02/01/2004,LSE,WI,AGL,CE,Federal Contract Tower,3,11,8,0,22,2,2,1,0,5,5,13,9,0,27,22,0,22,49
02/02/2004,LSE,WI,AGL,CE,Federal Contract Tower,1,9,3,0,13,0,7,0,1,8,1,16,3,1,21,0,0,0,21
02/03/2004,LSE,WI,AGL,CE,Federal Contract Tower,5,19,14,0,38,0,0,10,3,13,5,19,24,3,51,42,0,42,93
02/04/2004,LSE,WI,AGL,CE,Federal Contract Tower,5,20,15,0,40,0,4,15,0,19,5,24,30,0,59,0,0,0,59
02/05/2004,LSE,WI,AGL,CE,Federal Contract Tower,5,18,14,0,37,0,0,7,0,7,5,18,21,0,44,12,0,12,56
02/06/2004,LSE,WI,AGL,CE,Federal Contract Tower,5,23,16,0,44,0,1,7,0,8,5,24,23,0,52,36,0,36,88
02/07/2004,LSE,WI,AGL,CE,Federal Contract Tower,5,16,12,0,33,0,2,45,0,47,5,18,57,0,80,64,0,64,144
02/08/2004,LSE,WI,AGL,CE,Federal Contract Tower,4,13,9,0,26,2,0,14,0,16,6,13,23,0,42,44,0,44,86
02/09/2004,LSE,WI,AGL,CE,Federal Contract Tower,5,15,11,0,31,0,5,11,0,16,5,20,22,0,47,66,0,66,113
02/10/2004,LSE,WI,AGL,CE,Federal Contract Tower,5,22,16,0,43,0,0,29,6,35,5,22,45,6,78,84,0,84,162
02/11/2004,LSE,WI,AGL,CE,Federal Contract Tower,6,21,16,0,43,1,0,8,0,9,7,21,24,0,52,40,0,40,92
02/12/2004,LSE,WI,AGL,CE,Federal Contract Tower,6,23,18,1,48,1,0,45,1,47,7,23,63,2,95,42,2,44,139
02/13/2004,LSE,WI,AGL,CE,Federal Contract Tower,5,19,12,1,37,2,6,37,3,48,7,25,49,4,85,66,12,78,163
02/14/2004,LSE,WI,AGL,CE,Federal Contract Tower,4,17,10,0,31,1,6,77,0,84,5,23,87,0,115,100,0,100,215
02/15/2004,LSE,WI,AGL,CE,Federal Contract Tower,2,11,7,0,20,2,2,35,0,39,4,13,42,0,59,42,0,42,101
02/16/2004,LSE,WI,AGL,CE,Federal Contract Tower,6,24,16,0,46,3,0,27,0,30,9,24,43,0,76,60,0,60,136
02/17/2004,LSE,WI,AGL,CE,Federal Contract Tower,5,23,18,0,46,0,0,37,0,37,5,23,55,0,83,48,0,48,131
02/18/2004,LSE,WI,AGL,CE,Federal Contract Tower,5,24,16,0,45,0,1,24,4,29,5,25,40,4,74,46,0,46,120
02/19/2004,LSE,WI,AGL,CE,Federal Contract Tower,6,22,19,0,47,0,0,14,0,14,6,22,33,0,61,26,0,26,87
02/20/2004,LSE,WI,AGL,CE,Federal Contract Tower,5,20,13,0,38,0,3,1,0,4,5,23,14,0,42,10,0,10,52
02/21/2004,LSE,WI,AGL,CE,Federal Contract Tower,5,18,15,0,38,0,0,44,0,44,5,18,59,0,82,100,0,100,182
02/22/2004,LSE,WI,AGL,CE,Federal Contract Tower,3,12,3,0,18,3,2,0,0,5,6,14,3,0,23,0,0,0,23
02/23/2004,LSE,WI,AGL,CE,Federal Contract Tower,5,20,11,0,36,0,2,0,0,2,5,22,11,0,38,0,0,0,38
02/24/2004,LSE,WI,AGL,CE,Federal Contract Tower,5,26,18,0,49,0,0,32,2,34,5,26,50,2,83,40,0,40,123
02/25/2004,LSE,WI,AGL,CE,Federal Contract Tower,5,25,16,0,46,0,7,34,2,43,5,32,50,2,89,88,10,98,187
02/26/2004,LSE,WI,AGL,CE,Federal Contract Tower,5,22,18,0,45,0,0,79,1,80,5,22,97,1,125,108,8,116,241
02/27/2004,LSE,WI,AGL,CE,Federal Contract Tower,5,24,16,0,45,0,1,27,0,28,5,25,43,0,73,36,0,36,109
02/28/2004,LSE,WI,AGL,CE,Federal Contract Tower,3,14,9,0,26,2,3,66,4,75,5,17,75,4,101,116,18,134,235
02/29/2004,LSE,WI,AGL,CE,Federal Contract Tower,4,16,10,0,30,0,2,34,4,40,4,18,44,4,70,20,16,36,106
03/01/2004,LSE,WI,AGL,CE,Federal Contract Tower,5,18,12,0,35,0,4,0,0,4,5,22,12,0,39,26,0,26,65
03/02/2004,LSE,WI,AGL,CE,Federal Contract Tower,5,19,13,0,37,0,3,3,2,8,5,22,16,2,45,0,0,0,45
03/03/2004,LSE,WI,AGL,CE,Federal Contract Tower,5,25,16,1,47,0,0,5,1,6,5,25,21,2,53,12,0,12,65
03/04/2004,LSE,WI,AGL,CE,Federal Contract Tower,5,19,14,0,38,0,0,11,0,11,5,19,25,0,49,8,0,8,57
03/05/2004,LSE,WI,AGL,CE,Federal Contract Tower,5,20,13,0,38,0,0,1,0,1,5,20,14,0,39,0,0,0,39
03/06/2004,LSE,WI,AGL,CE,Federal Contract Tower,5,17,11,0,33,0,1,12,2,15,5,18,23,2,48,76,4,80,128
03/07/2004,LSE,WI,AGL,CE,Federal Contract Tower,4,13,7,0,24,0,1,0,2,3,4,14,7,2,27,4,0,4,31
03/08/2004,LSE,WI,AGL,CE,Federal Contract Tower,4,16,11,0,31,1,4,0,0,5,5,20,11,0,36,24,0,24,60
03/09/2004,LSE,WI,AGL,CE,Federal Contract Tower,5,22,14,1,42,0,0,55,3,58,5,22,69,4,100,98,0,98,198
03/10/2004,LSE,WI,AGL,CE,Federal Contract Tower,5,20,9,1,35,0,2,0,3,5,5,22,9,4,40,0,6,6,46
03/11/2004,LSE,WI,AGL,CE,Federal Contract Tower,5,20,13,0,38,0,0,4,0,4,5,20,17,0,42,0,0,0,42
03/12/2004,LSE,WI,AGL,CE,Federal Contract Tower,5,22,17,0,44,0,0,47,0,47,5,22,64,0,91,108,0,108,199
03/13/2004,LSE,WI,AGL,CE,Federal Contract Tower,3,14,10,1,28,2,6,1,1,10,5,20,11,2,38,20,0,20,58
03/14/2004,LSE,WI,AGL,CE,Federal Contract Tower,3,12,5,1,21,3,5,0,1,9,6,17,5,2,30,2,0,2,32
03/15/2004,LSE,WI,AGL,CE,Federal Contract Tower,3,14,10,0,27,2,11,21,0,34,5,25,31,0,61,70,2,72,133
03/16/2004,LSE,WI,AGL,CE,Federal Contract Tower,6,23,17,0,46,1,0,43,0,44,7,23,60,0,90,94,0,94,184
03/17/2004,LSE,WI,AGL,CE,Federal Contract Tower,5,20,13,0,38,0,3,10,0,13,5,23,23,0,51,44,0,44,95
03/18/2004,LSE,WI,AGL,CE,Federal Contract Tower,5,24,14,1,44,0,0,4,1,5,5,24,18,2,49,38,0,38,87
03/19/2004,LSE,WI,AGL,CE,Federal Contract Tower,5,22,14,1,42,2,0,11,1,14,7,22,25,2,56,16,0,16,72
03/20/2004,LSE,WI,AGL,CE,Federal Contract Tower,3,16,9,0,28,2,3,8,0,13,5,19,17,0,41,4,0,4,45
03/21/2004,LSE,WI,AGL,CE,Federal Contract Tower,3,14,8,0,25,1,0,48,0,49,4,14,56,0,74,42,0,42,116
03/22/2004,LSE,WI,AGL,CE,Federal Contract Tower,6,21,12,1,40,0,0,23,5,28,6,21,35,6,68,28,0,28,96
03/23/2004,LSE,WI,AGL,CE,Federal Contract Tower,6,23,14,0,43,0,0,40,0,40,6,23,54,0,83,30,0,30,113
03/24/2004,LSE,WI,AGL,CE,Federal Contract Tower,5,23,13,0,41,0,1,12,0,13,5,24,25,0,54,28,2,30,84
03/25/2004,LSE,WI,AGL,CE,Federal Contract Tower,8,27,19,0,54,1,0,8,0,9,9,27,27,0,63,0,2,2,65
03/26/2004,LSE,WI,AGL,CE,Federal Contract Tower,5,24,14,1,44,0,4,51,3,58,5,28,65,4,102,96,0,96,198
03/27/2004,LSE,WI,AGL,CE,Federal Contract Tower,5,20,11,0,36,0,4,4,0,8,5,24,15,0,44,8,0,8,52
03/28/2004,LSE,WI,AGL,CE,Federal Contract Tower,4,14,10,0,28,0,0,24,0,24,4,14,34,0,52,22,0,22,74
03/29/2004,LSE,WI,AGL,CE,Federal Contract Tower,5,20,12,0,37,0,2,10,2,14,5,22,22,2,51,34,28,62,113
03/30/2004,LSE,WI,AGL,CE,Federal Contract Tower,5,23,16,1,45,0,0,21,1,22,5,23,37,2,67,60,0,60,127
03/31/2004,LSE,WI,AGL,CE,Federal Contract Tower,5,22,15,1,43,0,0,56,1,57,5,22,71,2,100,56,6,62,162
04/01/2004,LSE,WI,AGL,CE,Federal Contract Tower,7,23,17,1,48,0,3,82,1,86,7,26,99,2,134,74,0,74,208
04/02/2004,LSE,WI,AGL,CE,Federal Contract Tower,5,19,15,1,40,0,3,45,0,48,5,22,60,1,88,52,0,52,140
04/03/2004,LSE,WI,AGL,CE,Federal Contract Tower,5,16,13,0,34,2,1,13,0,16,7,17,26,0,50,6,0,6,56
04/04/2004,LSE,WI,AGL,CE,Federal Contract Tower,4,12,9,0,25,0,3,74,0,77,4,15,83,0,102,58,0,58,160
04/05/2004,LSE,WI,AGL,CE,Federal Contract Tower,5,21,15,1,42,0,2,18,0,20,5,23,33,1,62,22,0,22,84
04/06/2004,LSE,WI,AGL,CE,Federal Contract Tower,5,23,17,0,45,0,2,36,0,38,5,25,53,0,83,62,0,62,145
04/07/2004,LSE,WI,AGL,CE,Federal Contract Tower,5,21,16,0,42,0,6,49,0,55,5,27,65,0,97,112,0,112,209
04/08/2004,LSE,WI,AGL,CE,Federal Contract Tower,5,17,12,0,34,0,5,27,0,32,5,22,39,0,66,42,0,42,108
04/09/2004,LSE,WI,AGL,CE,Federal Contract Tower,5,20,14,1,40,0,4,56,0,60,5,24,70,1,100,32,14,46,146
04/10/2004,LSE,WI,AGL,CE,Federal Contract Tower,3,14,9,0,26,0,5,49,0,54,3,19,58,0,80,44,0,44,124
04/11/2004,LSE,WI,AGL,CE,Federal Contract Tower,2,10,7,0,19,2,5,12,0,19,4,15,19,0,38,22,0,22,60
04/12/2004,LSE,WI,AGL,CE,Federal Contract Tower,5,20,16,0,41,0,0,45,0,45,5,20,61,0,86,44,0,44,130
04/13/2004,LSE,WI,AGL,CE,Federal Contract Tower,5,23,18,2,48,0,0,50,2,52,5,23,68,4,100,40,2,42,142
04/14/2004,LSE,WI,AGL,CE,Federal Contract Tower,5,26,18,2,51,0,0,58,0,58,5,26,76,2,109,108,0,108,217
04/15/2004,LSE,WI,AGL,CE,Federal Contract Tower,6,24,16,0,46,1,1,28,0,30,7,25,44,0,76,58,0,58,134
04/16/2004,LSE,WI,AGL,CE,Federal Contract Tower,5,22,15,2,44,0,0,28,6,34,5,22,43,8,78,80,8,88,166
04/17/2004,LSE,WI,AGL,CE,Federal Contract Tower,3,17,12,1,33,0,3,49,0,52,3,20,61,1,85,62,12,74,159
04/18/2004,LSE,WI,AGL,CE,Federal Contract Tower,3,12,10,1,26,4,0,4,1,9,7,12,14,2,35,18,0,18,53
04/19/2004,LSE,WI,AGL,CE,Federal Contract Tower,4,18,14,2,38,1,0,18,2,21,5,18,32,4,59,36,0,36,95
04/20/2004,LSE,WI,AGL,CE,Federal Contract Tower,5,24,19,2,50,0,0,15,9,24,5,24,34,11,74,42,0,42,116
04/21/2004,LSE,WI,AGL,CE,Federal Contract Tower,5,26,21,0,52,0,0,12,0,12,5,26,33,0,64,0,0,0,64
04/22/2004,LSE,WI,AGL,CE,Federal Contract Tower,5,22,19,2,48,0,0,38,4,42,5,22,57,6,90,24,0,24,114
04/23/2004,LSE,WI,AGL,CE,Federal Contract Tower,4,17,13,0,34,1,6,60,1,68,5,23,73,1,102,50,0,50,152
04/24/2004,LSE,WI,AGL,CE,Federal Contract Tower,5,17,13,0,35,2,0,59,6,67,7,17,72,6,102,124,0,124,226
04/25/2004,LSE,WI,AGL,CE,Federal Contract Tower,4,16,12,0,32,0,2,3,3,8,4,18,15,3,40,18,0,18,58
04/26/2004,LSE,WI,AGL,CE,Federal Contract Tower,5,23,16,0,44,0,3,27,0,30,5,26,43,0,74,54,0,54,128
04/27/2004,LSE,WI,AGL,CE,Federal Contract Tower,5,22,17,1,45,0,0,41,3,44,5,22,58,4,89,52,16,68,157
04/28/2004,LSE,WI,AGL,CE,Federal Contract Tower,4,20,15,0,39,1,3,26,0,30,5,23,41,0,69,10,0,10,79
04/29/2004,LSE,WI,AGL,CE,Federal Contract Tower,5,21,14,1,41,0,4,34,1,39,5,25,48,2,80,80,0,80,160
04/30/2004,LSE,WI,AGL,CE,Federal Contract Tower,5,19,14,0,38,0,3,5,1,9,5,22,19,1,47,20,2,22,69
05/01/2004,LSE,WI,AGL,CE,Federal Contract Tower,2,10,8,0,20,0,8,40,0,48,2,18,48,0,68,76,0,76,144
05/02/2004,LSE,WI,AGL,CE,Federal Contract Tower,4,12,10,0,26,1,6,23,0,30,5,18,33,0,56,88,0,88,144
05/03/2004,LSE,WI,AGL,CE,Federal Contract Tower,5,17,13,0,35,0,3,49,0,52,5,20,62,0,87,76,0,76,163
05/04/2004,LSE,WI,AGL,CE,Federal Contract Tower,5,22,16,0,43,0,0,47,0,47,5,22,63,0,90,40,0,40,130
05/05/2004,LSE,WI,AGL,CE,Federal Contract Tower,5,20,16,2,43,0,7,33,7,47,5,27,49,9,90,52,0,52,142
05/06/2004,LSE,WI,AGL,CE,Federal Contract Tower,5,25,19,2,51,0,0,35,2,37,5,25,54,4,88,36,0,36,124
05/07/2004,LSE,WI,AGL,CE,Federal Contract Tower,6,22,16,2,46,1,0,26,20,47,7,22,42,22,93,68,36,104,197
05/08/2004,LSE,WI,AGL,CE,Federal Contract Tower,2,17,7,2,28,0,5,0,6,11,2,22,7,8,39,0,0,0,39
05/09/2004,LSE,WI,AGL,CE,Federal Contract Tower,4,15,11,0,30,1,1,8,0,10,5,16,19,0,40,14,0,14,54
05/10/2004,LSE,WI,AGL,CE,Federal Contract Tower,4,18,14,2,38,0,4,33,0,37,4,22,47,2,75,92,6,98,173
05/11/2004,LSE,WI,AGL,CE,Federal Contract Tower,5,27,23,3,58,0,0,43,1,44,5,27,66,4,102,58,16,74,176
05/12/2004,LSE,WI,AGL,CE,Federal Contract Tower,3,18,12,0,33,2,0,30,0,32,5,18,42,0,65,34,10,44,109
05/13/2004,LSE,WI,AGL,CE,Federal Contract Tower,4,21,15,0,40,1,0,6,0,7,5,21,21,0,47,18,0,18,65
05/14/2004,LSE,WI,AGL,CE,Federal Contract Tower,5,24,15,0,44,0,2,29,0,31,5,26,44,0,75,58,0,58,133
05/15/2004,LSE,WI,AGL,CE,Federal Contract Tower,2,18,12,2,34,0,0,117,2,119,2,18,129,4,153,66,2,68,221
05/16/2004,LSE,WI,AGL,CE,Federal Contract Tower,3,16,11,1,31,1,0,21,11,33,4,16,32,12,64,28,0,28,92
05/17/2004,LSE,WI,AGL,CE,Federal Contract Tower,4,20,14,0,38,0,3,11,0,14,4,23,25,0,52,0,0,0,52
05/18/2004,LSE,WI,AGL,CE,Federal Contract Tower,5,25,22,1,53,0,0,42,1,43,5,25,64,2,96,78,6,84,180
05/19/2004,LSE,WI,AGL,CE,Federal Contract Tower,5,27,19,1,52,0,0,45,3,48,5,27,64,4,100,12,10,22,122
05/20/2004,LSE,WI,AGL,CE,Federal Contract Tower,4,19,13,1,37,1,5,4,0,10,5,24,17,1,47,34,0,34,81
05/21/2004,LSE,WI,AGL,CE,Federal Contract Tower,3,19,8,0,30,2,4,0,0,6,5,23,8,0,36,0,0,0,36
05/22/2004,LSE,WI,AGL,CE,Federal Contract Tower,2,20,14,1,37,0,1,10,1,12,2,21,24,2,49,38,0,38,87
05/23/2004,LSE,WI,AGL,CE,Federal Contract Tower,2,14,5,0,21,3,4,0,0,7,5,18,5,0,28,0,0,0,28
05/24/2004,LSE,WI,AGL,CE,Federal Contract Tower,5,19,17,1,42,0,0,23,3,26,5,19,40,4,68,40,4,44,112
05/25/2004,LSE,WI,AGL,CE,Federal Contract Tower,5,29,21,1,56,0,1,39,1,41,5,30,60,2,97,66,12,78,175
05/26/2004,LSE,WI,AGL,CE,Federal Contract Tower,5,27,19,1,52,0,1,65,5,71,5,28,84,6,123,148,34,182,305
05/27/2004,LSE,WI,AGL,CE,Federal Contract Tower,5,27,20,1,53,0,0,23,1,24,5,27,43,2,77,88,8,96,173
05/28/2004,LSE,WI,AGL,CE,Federal Contract Tower,4,21,15,0,40,1,1,99,0,101,5,22,114,0,141,120,0,120,261
05/29/2004,LSE,WI,AGL,CE,Federal Contract Tower,2,14,10,0,26,0,1,2,0,3,2,15,12,0,29,2,0,2,31
05/30/2004,LSE,WI,AGL,CE,Federal Contract Tower,2,11,7,0,20,1,0,0,0,1,3,11,7,0,21,2,0,2,23
05/31/2004,LSE,WI,AGL,CE,Federal Contract Tower,3,13,11,0,27,2,0,11,0,13,5,13,22,0,40,20,0,20,60
06/01/2004,LSE,WI,AGL,CE,Federal Contract Tower,5,25,21,2,53,0,0,10,2,12,5,25,31,4,65,4,2,6,71
06/02/2004,LSE,WI,AGL,CE,Federal Contract Tower,5,24,20,0,49,2,0,42,0,44,7,24,62,0,93,22,0,22,115
06/03/2004,LSE,WI,AGL,CE,Federal Contract Tower,5,27,22,0,54,0,0,82,0,82,5,27,104,0,136,84,10,94,230
06/04/2004,LSE,WI,AGL,CE,Federal Contract Tower,4,23,19,2,48,1,3,75,4,83,5,26,94,6,131,82,4,86,217
06/05/2004,LSE,WI,AGL,CE,Federal Contract Tower,3,16,13,1,33,2,5,40,3,50,5,21,53,4,83,38,0,38,121
06/06/2004,LSE,WI,AGL,CE,Federal Contract Tower,3,13,11,0,27,2,1,30,0,33,5,14,41,0,60,96,0,96,156
06/07/2004,LSE,WI,AGL,CE,Federal Contract Tower,4,22,17,2,45,1,2,25,0,28,5,24,42,2,73,56,0,56,129
06/08/2004,LSE,WI,AGL,CE,Federal Contract Tower,4,23,18,0,45,1,1,38,0,40,5,24,56,0,85,82,0,82,167
06/09/2004,LSE,WI,AGL,CE,Federal Contract Tower,4,22,14,1,41,1,5,0,0,6,5,27,14,1,47,16,0,16,63
06/10/2004,LSE,WI,AGL,CE,Federal Contract Tower,3,23,24,3,53,0,0,0,16,16,3,23,24,19,69,0,0,0,69
06/11/2004,LSE,WI,AGL,CE,Federal Contract Tower,5,24,15,2,46,3,0,0,9,12,8,24,15,11,58,2,6,8,66
06/12/2004,LSE,WI,AGL,CE,Federal Contract Tower,3,19,15,0,37,0,4,97,0,101,3,23,112,0,138,122,0,122,260
06/13/2004,LSE,WI,AGL,CE,Federal Contract Tower,2,15,12,2,31,0,2,54,9,65,2,17,66,11,96,96,0,96,192
06/14/2004,LSE,WI,AGL,CE,Federal Contract Tower,3,25,20,3,51,0,2,40,15,57,3,27,60,18,108,20,12,32,140
06/15/2004,LSE,WI,AGL,CE,Federal Contract Tower,3,23,19,3,48,1,3,57,4,65,4,26,76,7,113,100,8,108,221
06/16/2004,LSE,WI,AGL,CE,Federal Contract Tower,3,19,15,2,39,0,7,19,0,26,3,26,34,2,65,28,6,34,99
06/17/2004,LSE,WI,AGL,CE,Federal Contract Tower,3,26,21,2,52,0,1,65,0,66,3,27,86,2,118,118,0,118,236
06/18/2004,LSE,WI,AGL,CE,Federal Contract Tower,3,20,16,0,39,0,7,56,0,63,3,27,72,0,102,90,2,92,194
06/19/2004,LSE,WI,AGL,CE,Federal Contract Tower,3,17,15,2,37,0,0,115,2,117,3,17,130,4,154,40,0,40,194
06/20/2004,LSE,WI,AGL,CE,Federal Contract Tower,2,16,12,0,30,0,0,67,0,67,2,16,79,0,97,74,0,74,171
06/21/2004,LSE,WI,AGL,CE,Federal Contract Tower,3,22,17,0,42,0,0,36,0,36,3,22,53,0,78,96,4,100,178
06/22/2004,LSE,WI,AGL,CE,Federal Contract Tower,3,27,20,0,50,0,2,61,0,63,3,29,81,0,113,48,0,48,161
06/23/2004,LSE,WI,AGL,CE,Federal Contract Tower,3,28,21,0,52,0,4,43,0,47,3,32,64,0,99,84,0,84,183
06/24/2004,LSE,WI,AGL,CE,Federal Contract Tower,3,29,22,0,54,0,0,22,0,22,3,29,44,0,76,44,0,44,120
06/25/2004,LSE,WI,AGL,CE,Federal Contract Tower,3,21,15,0,39,0,2,67,0,69,3,23,82,0,108,120,0,120,228
06/26/2004,LSE,WI,AGL,CE,Federal Contract Tower,2,15,11,0,28,1,0,62,0,63,3,15,73,0,91,108,0,108,199
06/27/2004,LSE,WI,AGL,CE,Federal Contract Tower,2,13,8,0,23,0,3,49,0,52,2,16,57,0,75,84,0,84,159
06/28/2004,LSE,WI,AGL,CE,Federal Contract Tower,3,21,16,1,41,0,3,48,3,54,3,24,64,4,95,6,8,14,109
06/29/2004,LSE,WI,AGL,CE,Federal Contract Tower,3,26,20,0,49,0,4,65,0,69,3,30,85,0,118,46,0,46,164
06/30/2004,LSE,WI,AGL,CE,Federal Contract Tower,3,26,19,2,50,0,2,45,2,49,3,28,64,4,99,66,0,66,165
07/01/2004,LSE,WI,AGL,CE,Federal Contract Tower,3,23,19,0,45,0,2,39,0,41,3,25,58,0,86,18,0,18,104
07/02/2004,LSE,WI,AGL,CE,Federal Contract Tower,3,19,15,0,37,0,5,59,1,65,3,24,74,1,102,50,0,50,152
07/03/2004,LSE,WI,AGL,CE,Federal Contract Tower,2,11,9,0,22,1,7,12,0,20,3,18,21,0,42,24,0,24,66
07/04/2004,LSE,WI,AGL,CE,Federal Contract Tower,2,12,10,0,24,0,3,14,0,17,2,15,24,0,41,14,0,14,55
07/05/2004,LSE,WI,AGL,CE,Federal Contract Tower,2,11,10,0,23,0,7,13,0,20,2,18,23,0,43,42,0,42,85
07/06/2004,LSE,WI,AGL,CE,Federal Contract Tower,3,20,16,0,39,0,10,5,0,15,3,30,21,0,54,4,0,4,58
07/07/2004,LSE,WI,AGL,CE,Federal Contract Tower,3,23,18,0,44,0,2,0,0,2,3,25,18,0,46,16,0,16,62
07/08/2004,LSE,WI,AGL,CE,Federal Contract Tower,3,24,21,0,48,0,0,87,0,87,3,24,108,0,135,34,0,34,169
07/09/2004,LSE,WI,AGL,CE,Federal Contract Tower,3,26,28,0,57,0,0,9,2,11,3,26,37,2,68,30,0,30,98
07/10/2004,LSE,WI,AGL,CE,Federal Contract Tower,3,18,15,0,36,0,6,55,2,63,3,24,70,2,99,76,0,76,175
07/11/2004,LSE,WI,AGL,CE,Federal Contract Tower,2,9,8,0,19,1,2,5,0,8,3,11,13,0,27,44,0,44,71
07/12/2004,LSE,WI,AGL,CE,Federal Contract Tower,3,24,19,0,46,0,5,54,2,61,3,29,73,2,107,50,0,50,157
07/13/2004,LSE,WI,AGL,CE,Federal Contract Tower,3,22,18,0,43,0,5,56,0,61,3,27,74,0,104,36,0,36,140
07/14/2004,LSE,WI,AGL,CE,Federal Contract Tower,2,18,15,0,35,1,10,101,0,112,3,28,116,0,147,172,0,172,319
07/15/2004,LSE,WI,AGL,CE,Federal Contract Tower,2,28,23,0,53,0,1,69,0,70,2,29,92,0,123,96,0,96,219
07/16/2004,LSE,WI,AGL,CE,Federal Contract Tower,3,22,18,0,43,0,3,35,0,38,3,25,53,0,81,52,0,52,133
07/17/2004,LSE,WI,AGL,CE,Federal Contract Tower,3,18,23,1,45,0,0,50,2,52,3,18,73,3,97,66,10,76,173
07/18/2004,LSE,WI,AGL,CE,Federal Contract Tower,2,18,13,1,34,0,7,46,3,56,2,25,59,4,90,50,0,50,140
07/19/2004,LSE,WI,AGL,CE,Federal Contract Tower,2,19,13,0,34,1,18,25,0,44,3,37,38,0,78,46,0,46,124
07/20/2004,LSE,WI,AGL,CE,Federal Contract Tower,3,23,17,0,43,0,1,48,0,49,3,24,65,0,92,36,0,36,128
07/21/2004,LSE,WI,AGL,CE,Federal Contract Tower,3,22,15,0,40,0,0,29,0,29,3,22,44,0,69,24,0,24,93
07/22/2004,LSE,WI,AGL,CE,Federal Contract Tower,3,30,22,1,56,0,0,64,1,65,3,30,86,2,121,58,0,58,179
07/23/2004,LSE,WI,AGL,CE,Federal Contract Tower,3,23,16,0,42,2,7,89,0,98,5,30,105,0,140,26,0,26,166
07/24/2004,LSE,WI,AGL,CE,Federal Contract Tower,2,17,12,1,32,1,7,81,16,105,3,24,93,17,137,84,10,94,231
07/25/2004,LSE,WI,AGL,CE,Federal Contract Tower,2,21,16,0,39,0,12,118,7,137,2,33,134,7,176,50,0,50,226
07/26/2004,LSE,WI,AGL,CE,Federal Contract Tower,3,21,18,0,42,0,0,88,0,88,3,21,106,0,130,46,0,46,176
07/27/2004,LSE,WI,AGL,CE,Federal Contract Tower,3,25,19,0,47,0,0,92,0,92,3,25,111,0,139,34,0,34,173
07/28/2004,LSE,WI,AGL,CE,Federal Contract Tower,3,22,24,0,49,0,0,55,0,55,3,22,79,0,104,60,0,60,164
07/29/2004,LSE,WI,AGL,CE,Federal Contract Tower,3,26,22,0,51,0,0,74,0,74,3,26,96,0,125,140,0,140,265
07/30/2004,LSE,WI,AGL,CE,Federal Contract Tower,4,27,21,0,52,3,13,66,2,84,7,40,87,2,136,72,0,72,208
07/31/2004,LSE,WI,AGL,CE,Federal Contract Tower,2,17,13,0,32,1,6,59,0,66,3,23,72,0,98,80,0,80,178
08/01/2004,LSE,WI,AGL,CE,Federal Contract Tower,3,13,10,0,26,1,5,61,0,67,4,18,71,0,93,52,0,52,145
08/02/2004,LSE,WI,AGL,CE,Federal Contract Tower,3,22,16,0,41,0,0,36,2,38,3,22,52,2,79,46,0,46,125
08/03/2004,LSE,WI,AGL,CE,Federal Contract Tower,3,22,15,0,40,0,2,10,4,16,3,24,25,4,56,24,0,24,80
08/04/2004,LSE,WI,AGL,CE,Federal Contract Tower,3,21,16,1,41,2,0,27,8,37,5,21,43,9,78,66,0,66,144
08/05/2004,LSE,WI,AGL,CE,Federal Contract Tower,3,28,22,0,53,0,0,68,0,68,3,28,90,0,121,92,0,92,213
08/06/2004,LSE,WI,AGL,CE,Federal Contract Tower,3,26,19,1,49,0,7,71,0,78,3,33,90,1,127,30,0,30,157
08/07/2004,LSE,WI,AGL,CE,Federal Contract Tower,2,15,11,1,29,1,3,65,11,80,3,18,76,12,109,72,4,76,185
08/08/2004,LSE,WI,AGL,CE,Federal Contract Tower,2,16,12,1,31,0,3,65,20,88,2,19,77,21,119,30,28,58,177
08/09/2004,LSE,WI,AGL,CE,Federal Contract Tower,3,20,15,1,39,0,4,27,0,31,3,24,42,1,70,30,0,30,100
08/10/2004,LSE,WI,AGL,CE,Federal Contract Tower,3,19,14,1,37,0,7,16,3,26,3,26,30,4,63,62,24,86,149
08/11/2004,LSE,WI,AGL,CE,Federal Contract Tower,3,25,18,1,47,0,2,23,1,26,3,27,41,2,73,44,0,44,117
08/12/2004,LSE,WI,AGL,CE,Federal Contract Tower,3,24,18,0,45,0,0,57,0,57,3,24,75,0,102,46,0,46,148
08/13/2004,LSE,WI,AGL,CE,Federal Contract Tower,3,21,15,0,39,0,6,105,0,111,3,27,120,0,150,88,0,88,238
08/14/2004,LSE,WI,AGL,CE,Federal Contract Tower,2,14,11,1,28,1,4,79,0,84,3,18,90,1,112,164,0,164,276
08/15/2004,LSE,WI,AGL,CE,Federal Contract Tower,2,18,11,1,32,0,2,67,1,70,2,20,78,2,102,82,0,82,184
08/16/2004,LSE,WI,AGL,CE,Federal Contract Tower,3,24,17,0,44,0,0,4,0,4,3,24,21,0,48,0,0,0,48
08/17/2004,LSE,WI,AGL,CE,Federal Contract Tower,3,21,19,1,44,0,0,28,4,32,3,21,47,5,76,58,6,64,140
08/18/2004,LSE,WI,AGL,CE,Federal Contract Tower,2,25,17,1,45,0,0,21,1,22,2,25,38,2,67,4,0,4,71
08/19/2004,LSE,WI,AGL,CE,Federal Contract Tower,3,23,16,1,43,0,0,49,1,50,3,23,65,2,93,46,0,46,139
08/20/2004,LSE,WI,AGL,CE,Federal Contract Tower,3,24,16,0,43,0,0,63,0,63,3,24,79,0,106,32,0,32,138
08/21/2004,LSE,WI,AGL,CE,Federal Contract Tower,2,14,9,0,25,1,2,70,0,73,3,16,79,0,98,68,0,68,166
08/22/2004,LSE,WI,AGL,CE,Federal Contract Tower,2,16,10,1,29,0,0,13,1,14,2,16,23,2,43,24,0,24,67
08/23/2004,LSE,WI,AGL,CE,Federal Contract Tower,2,17,11,0,30,2,5,13,0,20,4,22,24,0,50,52,0,52,102
08/24/2004,LSE,WI,AGL,CE,Federal Contract Tower,3,27,19,0,49,0,0,7,0,7,3,27,26,0,56,0,0,0,56
08/25/2004,LSE,WI,AGL,CE,Federal Contract Tower,3,22,15,0,40,0,2,6,1,9,3,24,21,1,49,14,0,14,63
08/26/2004,LSE,WI,AGL,CE,Federal Contract Tower,3,24,17,0,44,0,2,27,0,29,3,26,44,0,73,46,0,46,119
08/27/2004,LSE,WI,AGL,CE,Federal Contract Tower,3,26,18,0,47,0,8,26,1,35,3,34,44,1,82,50,0,50,132
08/28/2004,LSE,WI,AGL,CE,Federal Contract Tower,2,17,13,0,32,1,0,35,1,37,3,17,48,1,69,72,0,72,141
08/29/2004,LSE,WI,AGL,CE,Federal Contract Tower,1,11,8,0,20,2,8,40,2,52,3,19,48,2,72,72,0,72,144
08/30/2004,LSE,WI,AGL,CE,Federal Contract Tower,3,21,15,0,39,0,10,50,0,60,3,31,65,0,99,56,0,56,155
08/31/2004,LSE,WI,AGL,CE,Federal Contract Tower,3,25,17,0,45,0,2,65,0,67,3,27,82,0,112,64,0,64,176
09/01/2004,LSE,WI,AGL,CE,Federal Contract Tower,5,21,18,0,44,0,9,60,0,69,5,30,78,0,113,76,0,76,189
09/02/2004,LSE,WI,AGL,CE,Federal Contract Tower,5,21,20,0,46,0,0,53,2,55,5,21,73,2,101,54,0,54,155
09/03/2004,LSE,WI,AGL,CE,Federal Contract Tower,4,20,18,0,42,0,4,60,0,64,4,24,78,0,106,90,0,90,196
09/04/2004,LSE,WI,AGL,CE,Federal Contract Tower,2,17,14,0,33,0,4,34,0,38,2,21,48,0,71,40,0,40,111
09/05/2004,LSE,WI,AGL,CE,Federal Contract Tower,3,11,10,0,24,0,2,42,0,44,3,13,52,0,68,44,0,44,112
09/06/2004,LSE,WI,AGL,CE,Federal Contract Tower,1,16,14,0,31,0,4,15,0,19,1,20,29,0,50,8,0,8,58
09/07/2004,LSE,WI,AGL,CE,Federal Contract Tower,5,19,16,0,40,0,3,85,0,88,5,22,101,0,128,86,0,86,214
09/08/2004,LSE,WI,AGL,CE,Federal Contract Tower,5,20,18,0,43,0,4,51,0,55,5,24,69,0,98,62,0,62,160
09/09/2004,LSE,WI,AGL,CE,Federal Contract Tower,5,25,23,0,53,0,0,62,0,62,5,25,85,0,115,84,0,84,199
09/10/2004,LSE,WI,AGL,CE,Federal Contract Tower,5,18,16,0,39,0,4,35,0,39,5,22,51,0,78,42,0,42,120
09/11/2004,LSE,WI,AGL,CE,Federal Contract Tower,4,17,14,0,35,0,4,66,0,70,4,21,80,0,105,56,0,56,161
09/12/2004,LSE,WI,AGL,CE,Federal Contract Tower,4,15,14,0,33,1,0,93,0,94,5,15,107,0,127,76,0,76,203
09/13/2004,LSE,WI,AGL,CE,Federal Contract Tower,5,19,16,0,40,0,0,31,0,31,5,19,47,0,71,42,0,42,113
09/14/2004,LSE,WI,AGL,CE,Federal Contract Tower,5,18,13,0,36,0,2,0,0,2,5,20,13,0,38,0,0,0,38
09/15/2004,LSE,WI,AGL,CE,Federal Contract Tower,5,19,17,0,41,1,0,9,0,10,6,19,26,0,51,6,0,6,57
09/16/2004,LSE,WI,AGL,CE,Federal Contract Tower,7,25,23,0,55,0,0,92,7,99,7,25,115,7,154,92,2,94,248
09/17/2004,LSE,WI,AGL,CE,Federal Contract Tower,5,23,18,0,46,0,6,90,0,96,5,29,108,0,142,74,2,76,218
09/18/2004,LSE,WI,AGL,CE,Federal Contract Tower,3,14,11,1,29,1,5,80,2,88,4,19,91,3,117,46,0,46,163
09/19/2004,LSE,WI,AGL,CE,Federal Contract Tower,4,15,14,0,33,1,0,59,0,60,5,15,73,0,93,86,0,86,179
09/20/2004,LSE,WI,AGL,CE,Federal Contract Tower,4,20,17,1,42,1,0,48,8,57,5,20,65,9,99,60,2,62,161
09/21/2004,LSE,WI,AGL,CE,Federal Contract Tower,5,22,18,1,46,0,0,48,1,49,5,22,66,2,95,64,0,64,159
09/22/2004,LSE,WI,AGL,CE,Federal Contract Tower,5,22,17,1,45,0,1,25,3,29,5,23,42,4,74,38,12,50,124
09/23/2004,LSE,WI,AGL,CE,Federal Contract Tower,6,27,22,1,56,1,0,38,14,53,7,27,60,15,109,64,36,100,209
09/24/2004,LSE,WI,AGL,CE,Federal Contract Tower,5,24,23,0,52,0,0,39,0,39,5,24,62,0,91,48,0,48,139
09/25/2004,LSE,WI,AGL,CE,Federal Contract Tower,4,20,16,1,41,0,3,88,1,92,4,23,104,2,133,72,0,72,205
09/26/2004,LSE,WI,AGL,CE,Federal Contract Tower,4,19,17,0,40,1,0,60,0,61,5,19,77,0,101,50,0,50,151
09/27/2004,LSE,WI,AGL,CE,Federal Contract Tower,4,20,17,0,41,1,6,39,1,47,5,26,56,1,88,48,0,48,136
09/28/2004,LSE,WI,AGL,CE,Federal Contract Tower,3,17,14,0,34,2,10,62,1,75,5,27,76,1,109,84,0,84,193
09/29/2004,LSE,WI,AGL,CE,Federal Contract Tower,4,21,18,0,43,2,5,53,2,62,6,26,71,2,105,62,0,62,167
09/30/2004,LSE,WI,AGL,CE,Federal Contract Tower,4,19,16,0,39,1,4,64,2,71,5,23,80,2,110,112,0,112,222
10/01/2004,LSE,WI,AGL,CE,Federal Contract Tower,3,26,6,0,35,0,1,6,0,7,3,27,12,0,42,6,0,6,48
10/02/2004,LSE,WI,AGL,CE,Federal Contract Tower,4,18,6,0,28,0,2,61,0,63,4,20,67,0,91,28,0,28,119
10/03/2004,LSE,WI,AGL,CE,Federal Contract Tower,5,14,13,0,32,0,2,28,0,30,5,16,41,0,62,12,0,12,74
10/04/2004,LSE,WI,AGL,CE,Federal Contract Tower,5,25,15,4,49,0,1,50,0,51,5,26,65,4,100,28,0,28,128
10/05/2004,LSE,WI,AGL,CE,Federal Contract Tower,5,22,14,0,41,0,0,65,0,65,5,22,79,0,106,62,0,62,168
10/06/2004,LSE,WI,AGL,CE,Federal Contract Tower,5,23,17,2,47,0,0,64,0,64,5,23,81,2,111,70,2,72,183
10/07/2004,LSE,WI,AGL,CE,Federal Contract Tower,5,21,19,0,45,0,1,43,4,48,5,22,62,4,93,104,0,104,197
10/08/2004,LSE,WI,AGL,CE,Federal Contract Tower,5,22,18,0,45,0,1,11,0,12,5,23,29,0,57,12,0,12,69
10/09/2004,LSE,WI,AGL,CE,Federal Contract Tower,4,18,14,2,38,0,1,133,0,134,4,19,147,2,172,32,0,32,204
10/10/2004,LSE,WI,AGL,CE,Federal Contract Tower,5,14,12,0,31,0,6,77,0,83,5,20,89,0,114,76,0,76,190
10/11/2004,LSE,WI,AGL,CE,Federal Contract Tower,5,23,17,0,45,0,0,51,1,52,5,23,68,1,97,64,0,64,161
10/12/2004,LSE,WI,AGL,CE,Federal Contract Tower,7,24,12,6,49,0,3,55,3,61,7,27,67,9,110,90,32,122,232
10/13/2004,LSE,WI,AGL,CE,Federal Contract Tower,5,23,9,0,37,0,5,23,2,30,5,28,32,2,67,34,18,52,119
10/14/2004,LSE,WI,AGL,CE,Federal Contract Tower,5,27,21,0,53,0,0,11,0,11,5,27,32,0,64,66,0,66,130
10/15/2004,LSE,WI,AGL,CE,Federal Contract Tower,7,23,20,0,50,0,0,22,4,26,7,23,42,4,76,0,0,0,76
10/16/2004,LSE,WI,AGL,CE,Federal Contract Tower,4,19,6,0,29,0,0,1,0,1,4,19,7,0,30,0,0,0,30
10/17/2004,LSE,WI,AGL,CE,Federal Contract Tower,5,14,13,0,32,0,1,68,0,69,5,15,81,0,101,22,0,22,123
10/18/2004,LSE,WI,AGL,CE,Federal Contract Tower,3,20,13,0,36,0,0,32,0,32,3,20,45,0,68,62,0,62,130
10/19/2004,LSE,WI,AGL,CE,Federal Contract Tower,5,26,16,4,51,0,3,9,4,16,5,29,25,8,67,40,18,58,125
10/20/2004,LSE,WI,AGL,CE,Federal Contract Tower,5,27,28,1,61,0,0,25,0,25,5,27,53,1,86,38,2,40,126
10/21/2004,LSE,WI,AGL,CE,Federal Contract Tower,5,29,35,1,70,0,0,23,0,23,5,29,58,1,93,24,0,24,117
10/22/2004,LSE,WI,AGL,CE,Federal Contract Tower,6,26,15,0,47,0,0,0,0,0,6,26,15,0,47,0,0,0,47
10/23/2004,LSE,WI,AGL,CE,Federal Contract Tower,4,18,13,2,37,0,6,12,0,18,4,24,25,2,55,10,0,10,65
10/24/2004,LSE,WI,AGL,CE,Federal Contract Tower,5,16,17,4,42,0,0,82,3,85,5,16,99,7,127,54,0,54,181
10/25/2004,LSE,WI,AGL,CE,Federal Contract Tower,6,22,15,0,43,0,5,27,8,40,6,27,42,8,83,28,10,38,121
10/26/2004,LSE,WI,AGL,CE,Federal Contract Tower,6,31,16,3,56,0,0,0,8,8,6,31,16,11,64,0,36,36,100
10/27/2004,LSE,WI,AGL,CE,Federal Contract Tower,4,22,24,4,54,0,0,0,0,0,4,22,24,4,54,0,0,0,54
10/28/2004,LSE,WI,AGL,CE,Federal Contract Tower,7,26,21,2,56,0,0,1,0,1,7,26,22,2,57,0,0,0,57
10/29/2004,LSE,WI,AGL,CE,Federal Contract Tower,4,23,5,0,32,0,0,20,0,20,4,23,25,0,52,32,0,32,84
10/30/2004,LSE,WI,AGL,CE,Federal Contract Tower,4,21,7,0,32,0,1,6,0,7,4,22,13,0,39,0,0,0,39
10/31/2004,LSE,WI,AGL,CE,Federal Contract Tower,6,13,16,0,35,0,0,50,2,52,6,13,66,2,87,116,0,116,203
11/01/2004,LSE,WI,AGL,CE,Federal Contract Tower,5,22,14,0,41,0,0,8,0,8,5,22,22,0,49,22,0,22,71
11/02/2004,LSE,WI,AGL,CE,Federal Contract Tower,7,21,24,0,52,0,2,16,0,18,7,23,40,0,70,24,0,24,94
11/03/2004,LSE,WI,AGL,CE,Federal Contract Tower,5,24,13,0,42,0,4,22,0,26,5,28,35,0,68,22,0,22,90
11/04/2004,LSE,WI,AGL,CE,Federal Contract Tower,5,23,10,0,38,0,0,58,0,58,5,23,68,0,96,38,0,38,134
11/05/2004,LSE,WI,AGL,CE,Federal Contract Tower,5,24,15,0,44,0,2,34,0,36,5,26,49,0,80,40,0,40,120
11/06/2004,LSE,WI,AGL,CE,Federal Contract Tower,4,18,13,0,35,0,2,89,0,91,4,20,102,0,126,128,0,128,254
11/07/2004,LSE,WI,AGL,CE,Federal Contract Tower,5,14,14,0,33,0,0,47,0,47,5,14,61,0,80,44,0,44,124
11/08/2004,LSE,WI,AGL,CE,Federal Contract Tower,5,17,11,0,33,0,3,25,0,28,5,20,36,0,61,84,0,84,145
11/09/2004,LSE,WI,AGL,CE,Federal Contract Tower,5,23,11,0,39,0,6,36,0,42,5,29,47,0,81,8,0,8,89
11/10/2004,LSE,WI,AGL,CE,Federal Contract Tower,5,22,11,0,38,0,0,13,0,13,5,22,24,0,51,0,0,0,51
11/11/2004,LSE,WI,AGL,CE,Federal Contract Tower,6,22,18,0,46,0,2,41,0,43,6,24,59,0,89,16,0,16,105
11/12/2004,LSE,WI,AGL,CE,Federal Contract Tower,6,22,9,0,37,0,1,44,0,45,6,23,53,0,82,36,0,36,118
11/13/2004,LSE,WI,AGL,CE,Federal Contract Tower,4,19,7,0,30,0,0,73,0,73,4,19,80,0,103,62,0,62,165
11/14/2004,LSE,WI,AGL,CE,Federal Contract Tower,7,14,11,0,32,0,0,64,0,64,7,14,75,0,96,70,0,70,166
11/15/2004,LSE,WI,AGL,CE,Federal Contract Tower,3,20,14,0,37,0,2,12,0,14,3,22,26,0,51,10,0,10,61
11/16/2004,LSE,WI,AGL,CE,Federal Contract Tower,0,24,21,9,54,0,0,0,0,0,0,24,21,9,54,0,0,0,54
11/17/2004,LSE,WI,AGL,CE,Federal Contract Tower,2,39,17,1,59,0,0,8,0,8,2,39,25,1,67,0,0,0,67
11/18/2004,LSE,WI,AGL,CE,Federal Contract Tower,2,31,22,3,58,0,0,3,0,3,2,31,25,3,61,0,20,20,81
11/19/2004,LSE,WI,AGL,CE,Federal Contract Tower,2,25,13,0,40,0,0,0,0,0,2,25,13,0,40,2,0,2,42
11/20/2004,LSE,WI,AGL,CE,Federal Contract Tower,2,20,7,0,29,0,0,0,0,0,2,20,7,0,29,2,0,2,31
11/21/2004,LSE,WI,AGL,CE,Federal Contract Tower,2,16,3,0,21,0,0,39,0,39,2,16,42,0,60,60,0,60,120
11/22/2004,LSE,WI,AGL,CE,Federal Contract Tower,2,23,7,0,32,0,0,32,0,32,2,23,39,0,64,34,0,34,98
11/23/2004,LSE,WI,AGL,CE,Federal Contract Tower,2,28,17,0,47,0,8,41,0,49,2,36,58,0,96,26,0,26,122
11/24/2004,LSE,WI,AGL,CE,Federal Contract Tower,2,21,12,0,35,0,1,30,0,31,2,22,42,0,66,30,0,30,96
11/25/2004,LSE,WI,AGL,CE,Federal Contract Tower,2,15,7,0,24,0,0,9,0,9,2,15,16,0,33,8,0,8,41
11/26/2004,LSE,WI,AGL,CE,Federal Contract Tower,0,20,0,2,22,0,0,3,0,3,0,20,3,2,25,12,0,12,37
11/27/2004,LSE,WI,AGL,CE,Federal Contract Tower,2,20,1,0,23,0,0,0,0,0,2,20,1,0,23,0,0,0,23
11/28/2004,LSE,WI,AGL,CE,Federal Contract Tower,2,19,7,0,28,0,6,45,0,51,2,25,52,0,79,80,0,80,159
11/29/2004,LSE,WI,AGL,CE,Federal Contract Tower,2,25,21,0,48,0,0,16,0,16,2,25,37,0,64,0,0,0,64
11/30/2004,LSE,WI,AGL,CE,Federal Contract Tower,2,27,20,1,50,0,0,44,1,45,2,27,64,2,95,74,0,74,169
12/01/2004,LSE,WI,AGL,CE,Federal Contract Tower,2,24,21,2,49,0,0,39,0,39,2,24,60,2,88,30,0,30,118
12/02/2004,LSE,WI,AGL,CE,Federal Contract Tower,4,26,9,0,39,0,0,7,0,7,4,26,16,0,46,6,0,6,52
12/03/2004,LSE,WI,AGL,CE,Federal Contract Tower,2,25,20,0,47,0,0,12,0,12,2,25,32,0,59,22,0,22,81
12/04/2004,LSE,WI,AGL,CE,Federal Contract Tower,2,20,9,0,31,0,0,42,0,42,2,20,51,0,73,68,0,68,141
12/05/2004,LSE,WI,AGL,CE,Federal Contract Tower,2,21,10,3,36,0,1,49,0,50,2,22,59,3,86,86,0,86,172
12/06/2004,LSE,WI,AGL,CE,Federal Contract Tower,2,28,13,0,43,0,0,1,1,2,2,28,14,1,45,0,0,0,45
12/07/2004,LSE,WI,AGL,CE,Federal Contract Tower,2,26,13,1,42,0,6,1,0,7,2,32,14,1,49,0,0,0,49
12/08/2004,LSE,WI,AGL,CE,Federal Contract Tower,2,20,18,2,42,0,1,12,1,14,2,21,30,3,56,10,4,14,70
12/09/2004,LSE,WI,AGL,CE,Federal Contract Tower,2,21,23,4,50,0,0,0,0,0,2,21,23,4,50,4,0,4,54
12/10/2004,LSE,WI,AGL,CE,Federal Contract Tower,2,24,12,0,38,0,0,0,0,0,2,24,12,0,38,0,0,0,38
12/11/2004,LSE,WI,AGL,CE,Federal Contract Tower,2,20,8,0,30,0,4,32,3,39,2,24,40,3,69,28,0,28,97
12/12/2004,LSE,WI,AGL,CE,Federal Contract Tower,2,18,8,0,28,0,0,0,0,0,2,18,8,0,28,0,0,0,28
12/13/2004,LSE,WI,AGL,CE,Federal Contract Tower,2,23,7,0,32,0,0,7,0,7,2,23,14,0,39,2,0,2,41
12/14/2004,LSE,WI,AGL,CE,Federal Contract Tower,2,28,21,0,51,0,0,54,0,54,2,28,75,0,105,14,0,14,119
12/15/2004,LSE,WI,AGL,CE,Federal Contract Tower,0,23,21,3,47,0,4,13,2,19,0,27,34,5,66,20,0,20,86
12/16/2004,LSE,WI,AGL,CE,Federal Contract Tower,0,24,7,0,31,0,0,25,0,25,0,24,32,0,56,38,0,38,94
12/17/2004,LSE,WI,AGL,CE,Federal Contract Tower,0,27,19,1,47,0,2,37,5,44,0,29,56,6,91,38,4,42,133
12/18/2004,LSE,WI,AGL,CE,Federal Contract Tower,0,21,5,1,27,0,2,21,0,23,0,23,26,1,50,26,0,26,76
12/19/2004,LSE,WI,AGL,CE,Federal Contract Tower,0,17,7,0,24,0,1,40,1,42,0,18,47,1,66,36,0,36,102
12/20/2004,LSE,WI,AGL,CE,Federal Contract Tower,0,23,13,1,37,0,1,0,0,1,0,24,13,1,38,0,0,0,38
12/21/2004,LSE,WI,AGL,CE,Federal Contract Tower,0,28,19,0,47,0,11,3,1,15,0,39,22,1,62,8,0,8,70
12/22/2004,LSE,WI,AGL,CE,Federal Contract Tower,0,27,7,0,34,0,1,24,0,25,0,28,31,0,59,28,4,32,91
12/23/2004,LSE,WI,AGL,CE,Federal Contract Tower,0,18,10,0,28,0,2,18,0,20,0,20,28,0,48,2,0,2,50
12/24/2004,LSE,WI,AGL,CE,Federal Contract Tower,0,17,3,0,20,0,0,4,0,4,0,17,7,0,24,0,0,0,24
12/25/2004,LSE,WI,AGL,CE,Federal Contract Tower,0,14,3,0,17,0,0,1,0,1,0,14,4,0,18,4,0,4,22
12/26/2004,LSE,WI,AGL,CE,Federal Contract Tower,0,20,8,3,31,0,1,55,0,56,0,21,63,3,87,56,0,56,143
12/27/2004,LSE,WI,AGL,CE,Federal Contract Tower,0,24,6,3,33,0,1,19,1,21,0,25,25,4,54,24,0,24,78
12/28/2004,LSE,WI,AGL,CE,Federal Contract Tower,0,26,19,0,45,0,4,22,0,26,0,30,41,0,71,20,0,20,91
12/29/2004,LSE,WI,AGL,CE,Federal Contract Tower,0,20,21,0,41,0,6,2,0,8,0,26,23,0,49,0,0,0,49
12/30/2004,LSE,WI,AGL,CE,Federal Contract Tower,0,24,3,0,27,0,3,0,0,3,0,27,3,0,30,0,0,0,30
12/31/2004,LSE,WI,AGL,CE,Federal Contract Tower,0,25,6,0,31,0,0,30,0,30,0,25,36,0,61,16,0,16,77
01/01/2005,LSE,WI,AGL,CE,Federal Contract Tower,0,15,0,0,15,0,1,6,0,7,0,16,6,0,22,22,0,22,44
01/02/2005,LSE,WI,AGL,CE,Federal Contract Tower,0,17,3,0,20,0,4,18,0,22,0,21,21,0,42,26,0,26,68
01/03/2005,LSE,WI,AGL,CE,Federal Contract Tower,0,26,3,0,29,0,3,29,0,32,0,29,32,0,61,18,0,18,79
01/04/2005,LSE,WI,AGL,CE,Federal Contract Tower,5,26,5,0,36,0,1,12,0,13,5,27,17,0,49,26,0,26,75
01/05/2005,LSE,WI,AGL,CE,Federal Contract Tower,4,18,7,0,29,0,0,2,0,2,4,18,9,0,31,0,0,0,31
01/06/2005,LSE,WI,AGL,CE,Federal Contract Tower,3,19,12,0,34,0,0,9,2,11,3,19,21,2,45,0,12,12,57
01/07/2005,LSE,WI,AGL,CE,Federal Contract Tower,5,21,7,0,33,0,0,2,0,2,5,21,9,0,35,0,0,0,35
01/08/2005,LSE,WI,AGL,CE,Federal Contract Tower,3,18,3,0,24,0,4,4,0,8,3,22,7,0,32,0,0,0,32
01/09/2005,LSE,WI,AGL,CE,Federal Contract Tower,5,14,1,0,20,0,1,0,0,1,5,15,1,0,21,0,0,0,21
01/10/2005,LSE,WI,AGL,CE,Federal Contract Tower,5,20,18,2,45,1,0,18,4,23,6,20,36,6,68,44,4,48,116
01/11/2005,LSE,WI,AGL,CE,Federal Contract Tower,6,22,14,0,42,0,0,2,0,2,6,22,16,0,44,0,0,0,44
01/12/2005,LSE,WI,AGL,CE,Federal Contract Tower,10,23,4,0,37,0,0,0,0,0,10,23,4,0,37,0,0,0,37
01/13/2005,LSE,WI,AGL,CE,Federal Contract Tower,6,23,20,0,49,0,0,4,0,4,6,23,24,0,53,0,0,0,53
01/14/2005,LSE,WI,AGL,CE,Federal Contract Tower,6,20,18,0,44,0,0,6,0,6,6,20,24,0,50,0,0,0,50
01/15/2005,LSE,WI,AGL,CE,Federal Contract Tower,3,18,6,0,27,0,0,4,0,4,3,18,10,0,31,4,0,4,35
01/16/2005,LSE,WI,AGL,CE,Federal Contract Tower,5,10,6,0,21,0,0,16,0,16,5,10,22,0,37,8,0,8,45
01/17/2005,LSE,WI,AGL,CE,Federal Contract Tower,6,16,16,0,38,0,5,36,0,41,6,21,52,0,79,16,0,16,95
01/18/2005,LSE,WI,AGL,CE,Federal Contract Tower,6,20,8,0,34,0,6,8,4,18,6,26,16,4,52,0,0,0,52
01/19/2005,LSE,WI,AGL,CE,Federal Contract Tower,6,20,14,0,40,0,6,15,0,21,6,26,29,0,61,36,0,36,97
01/20/2005,LSE,WI,AGL,CE,Federal Contract Tower,6,20,16,0,42,0,2,0,0,2,6,22,16,0,44,0,0,0,44
01/21/2005,LSE,WI,AGL,CE,Federal Contract Tower,3,12,6,2,23,0,4,0,0,4,3,16,6,2,27,0,20,20,47
01/22/2005,LSE,WI,AGL,CE,Federal Contract Tower,2,15,7,0,24,0,0,3,0,3,2,15,10,0,27,4,0,4,31
01/23/2005,LSE,WI,AGL,CE,Federal Contract Tower,5,12,10,0,27,0,5,49,0,54,5,17,59,0,81,72,0,72,153
01/24/2005,LSE,WI,AGL,CE,Federal Contract Tower,4,20,9,0,33,0,2,58,0,60,4,22,67,0,93,10,0,10,103
01/25/2005,LSE,WI,AGL,CE,Federal Contract Tower,4,23,16,1,44,0,2,14,1,17,4,25,30,2,61,18,2,20,81
01/26/2005,LSE,WI,AGL,CE,Federal Contract Tower,5,21,16,1,43,0,0,14,0,14,5,21,30,1,57,20,0,20,77
01/27/2005,LSE,WI,AGL,CE,Federal Contract Tower,5,24,13,0,42,0,0,36,0,36,5,24,49,0,78,56,0,56,134
01/28/2005,LSE,WI,AGL,CE,Federal Contract Tower,4,23,6,0,33,0,0,34,0,34,4,23,40,0,67,60,0,60,127
01/29/2005,LSE,WI,AGL,CE,Federal Contract Tower,1,21,5,0,27,0,7,28,0,35,1,28,33,0,62,64,0,64,126
01/30/2005,LSE,WI,AGL,CE,Federal Contract Tower,3,17,10,0,30,0,2,31,0,33,3,19,41,0,63,96,0,96,159
01/31/2005,LSE,WI,AGL,CE,Federal Contract Tower,4,18,9,4,35,0,0,0,0,0,4,18,9,4,35,0,0,0,35
02/01/2005,LSE,WI,AGL,CE,Federal Contract Tower,4,26,10,1,41,0,0,0,0,0,4,26,10,1,41,0,0,0,41
02/02/2005,LSE,WI,AGL,CE,Federal Contract Tower,6,23,17,0,46,0,0,17,0,17,6,23,34,0,63,46,0,46,109
02/03/2005,LSE,WI,AGL,CE,Federal Contract Tower,4,26,9,3,42,0,0,36,4,40,4,26,45,7,82,64,0,64,146
02/04/2005,LSE,WI,AGL,CE,Federal Contract Tower,4,23,11,0,38,0,3,56,0,59,4,26,67,0,97,88,0,88,185
02/05/2005,LSE,WI,AGL,CE,Federal Contract Tower,1,22,3,0,26,0,3,43,0,46,1,25,46,0,72,66,0,66,138
02/06/2005,LSE,WI,AGL,CE,Federal Contract Tower,3,15,4,1,23,0,0,9,0,9,3,15,13,1,32,6,0,6,38
02/07/2005,LSE,WI,AGL,CE,Federal Contract Tower,5,20,9,1,35,0,0,16,0,16,5,20,25,1,51,4,0,4,55
02/08/2005,LSE,WI,AGL,CE,Federal Contract Tower,4,23,17,0,44,0,0,15,0,15,4,23,32,0,59,16,0,16,75
02/09/2005,LSE,WI,AGL,CE,Federal Contract Tower,4,21,11,0,36,0,5,0,0,5,4,26,11,0,41,0,0,0,41
02/10/2005,LSE,WI,AGL,CE,Federal Contract Tower,4,27,10,0,41,0,1,34,2,37,4,28,44,2,78,60,0,60,138
02/11/2005,LSE,WI,AGL,CE,Federal Contract Tower,4,22,14,0,40,0,3,54,0,57,4,25,68,0,97,56,0,56,153
02/12/2005,LSE,WI,AGL,CE,Federal Contract Tower,1,21,6,0,28,0,7,111,0,118,1,28,117,0,146,158,0,158,304
02/13/2005,LSE,WI,AGL,CE,Federal Contract Tower,3,16,5,0,24,0,1,5,0,6,3,17,10,0,30,6,0,6,36
02/14/2005,LSE,WI,AGL,CE,Federal Contract Tower,4,18,5,0,27,0,4,4,0,8,4,22,9,0,35,0,0,0,35
02/15/2005,LSE,WI,AGL,CE,Federal Contract Tower,4,25,12,0,41,0,3,31,0,34,4,28,43,0,75,42,0,42,117
02/16/2005,LSE,WI,AGL,CE,Federal Contract Tower,6,23,16,0,45,0,2,17,0,19,6,25,33,0,64,44,0,44,108
02/17/2005,LSE,WI,AGL,CE,Federal Contract Tower,7,21,6,0,34,0,0,11,0,11,7,21,17,0,45,20,0,20,65
02/18/2005,LSE,WI,AGL,CE,Federal Contract Tower,8,21,6,2,37,0,0,16,0,16,8,21,22,2,53,14,0,14,67
02/19/2005,LSE,WI,AGL,CE,Federal Contract Tower,3,19,10,0,32,0,0,41,0,41,3,19,51,0,73,56,0,56,129
02/20/2005,LSE,WI,AGL,CE,Federal Contract Tower,4,13,3,0,20,0,3,0,0,3,4,16,3,0,23,0,0,0,23
02/21/2005,LSE,WI,AGL,CE,Federal Contract Tower,6,17,9,3,35,0,13,13,1,27,6,30,22,4,62,10,0,10,72
02/22/2005,LSE,WI,AGL,CE,Federal Contract Tower,6,21,21,0,48,0,0,20,0,20,6,21,41,0,68,20,0,20,88
02/23/2005,LSE,WI,AGL,CE,Federal Contract Tower,6,22,13,2,43,0,2,23,0,25,6,24,36,2,68,38,2,40,108
02/24/2005,LSE,WI,AGL,CE,Federal Contract Tower,5,28,26,2,61,0,0,9,0,9,5,28,35,2,70,30,0,30,100
02/25/2005,LSE,WI,AGL,CE,Federal Contract Tower,6,24,19,2,51,0,7,24,0,31,6,31,43,2,82,34,0,34,116
02/26/2005,LSE,WI,AGL,CE,Federal Contract Tower,2,18,10,0,30,0,7,69,0,76,2,25,79,0,106,124,0,124,230
02/27/2005,LSE,WI,AGL,CE,Federal Contract Tower,2,12,6,0,20,0,3,0,0,3,2,15,6,0,23,0,0,0,23
02/28/2005,LSE,WI,AGL,CE,Federal Contract Tower,5,20,11,0,36,0,1,2,0,3,5,21,13,0,39,2,0,2,41
03/01/2005,LSE,WI,AGL,CE,Federal Contract Tower,6,22,17,1,46,0,0,19,9,28,6,22,36,10,74,48,0,48,122
03/02/2005,LSE,WI,AGL,CE,Federal Contract Tower,6,22,22,0,50,0,10,40,4,54,6,32,62,4,104,108,14,122,226
03/03/2005,LSE,WI,AGL,CE,Federal Contract Tower,6,19,24,3,52,0,6,36,0,42,6,25,60,3,94,54,8,62,156
03/04/2005,LSE,WI,AGL,CE,Federal Contract Tower,6,23,14,5,48,0,0,42,0,42,6,23,56,5,90,88,6,94,184
03/05/2005,LSE,WI,AGL,CE,Federal Contract Tower,4,17,5,0,26,0,1,57,0,58,4,18,62,0,84,88,0,88,172
03/06/2005,LSE,WI,AGL,CE,Federal Contract Tower,4,13,6,0,23,0,2,83,0,85,4,15,89,0,108,94,0,94,202
03/07/2005,LSE,WI,AGL,CE,Federal Contract Tower,8,17,10,0,35,0,1,1,0,2,8,18,11,0,37,4,0,4,41
03/08/2005,LSE,WI,AGL,CE,Federal Contract Tower,7,24,15,0,46,0,2,28,0,30,7,26,43,0,76,40,0,40,116
03/09/2005,LSE,WI,AGL,CE,Federal Contract Tower,6,21,18,0,45,0,0,33,0,33,6,21,51,0,78,92,0,92,170
03/10/2005,LSE,WI,AGL,CE,Federal Contract Tower,7,23,12,0,42,0,0,0,0,0,7,23,12,0,42,0,0,0,42
03/11/2005,LSE,WI,AGL,CE,Federal Contract Tower,4,30,9,0,43,0,0,3,0,3,4,30,12,0,46,20,0,20,66
03/12/2005,LSE,WI,AGL,CE,Federal Contract Tower,2,18,4,0,24,0,0,27,0,27,2,18,31,0,51,54,0,54,105
03/13/2005,LSE,WI,AGL,CE,Federal Contract Tower,4,12,10,0,26,0,2,52,0,54,4,14,62,0,80,42,0,42,122
03/14/2005,LSE,WI,AGL,CE,Federal Contract Tower,6,21,10,0,37,0,2,16,0,18,6,23,26,0,55,10,0,10,65
03/15/2005,LSE,WI,AGL,CE,Federal Contract Tower,5,23,23,0,51,0,8,15,0,23,5,31,38,0,74,20,0,20,94
03/16/2005,LSE,WI,AGL,CE,Federal Contract Tower,6,24,20,2,52,0,7,25,0,32,6,31,45,2,84,52,0,52,136
03/17/2005,LSE,WI,AGL,CE,Federal Contract Tower,6,23,31,0,60,0,1,18,0,19,6,24,49,0,79,54,0,54,133
03/18/2005,LSE,WI,AGL,CE,Federal Contract Tower,1,11,4,0,16,0,0,0,0,0,1,11,4,0,16,0,0,0,16
03/19/2005,LSE,WI,AGL,CE,Federal Contract Tower,3,20,1,0,24,0,1,7,0,8,3,21,8,0,32,30,0,30,62
03/20/2005,LSE,WI,AGL,CE,Federal Contract Tower,4,13,1,2,20,0,2,32,0,34,4,15,33,2,54,8,0,8,62
03/21/2005,LSE,WI,AGL,CE,Federal Contract Tower,6,21,8,0,35,0,0,19,0,19,6,21,27,0,54,32,2,34,88
03/22/2005,LSE,WI,AGL,CE,Federal Contract Tower,6,22,23,0,51,0,1,34,1,36,6,23,57,1,87,52,0,52,139
03/23/2005,LSE,WI,AGL,CE,Federal Contract Tower,6,23,26,2,57,0,7,36,2,45,6,30,62,4,102,86,0,86,188
03/24/2005,LSE,WI,AGL,CE,Federal Contract Tower,6,24,19,0,49,0,2,28,0,30,6,26,47,0,79,70,0,70,149
03/25/2005,LSE,WI,AGL,CE,Federal Contract Tower,5,20,7,0,32,0,6,41,0,47,5,26,48,0,79,78,0,78,157
03/26/2005,LSE,WI,AGL,CE,Federal Contract Tower,2,12,5,0,19,0,0,58,2,60,2,12,63,2,79,52,2,54,133
03/27/2005,LSE,WI,AGL,CE,Federal Contract Tower,4,15,5,0,24,0,0,43,0,43,4,15,48,0,67,40,0,40,107
03/28/2005,LSE,WI,AGL,CE,Federal Contract Tower,6,22,16,0,44,0,4,22,0,26,6,26,38,0,70,62,0,62,132
03/29/2005,LSE,WI,AGL,CE,Federal Contract Tower,6,23,14,0,43,0,1,20,0,21,6,24,34,0,64,46,0,46,110
03/30/2005,LSE,WI,AGL,CE,Federal Contract Tower,3,15,4,0,22,0,2,13,0,15,3,17,17,0,37,14,0,14,51
03/31/2005,LSE,WI,AGL,CE,Federal Contract Tower,6,23,18,0,47,0,3,9,0,12,6,26,27,0,59,26,0,26,85
04/01/2005,LSE,WI,AGL,CE,Federal Contract Tower,6,22,7,0,35,0,0,23,0,23,6,22,30,0,58,14,0,14,72
04/02/2005,LSE,WI,AGL,CE,Federal Contract Tower,2,20,11,1,34,0,0,89,0,89,2,20,100,1,123,56,0,56,179
04/03/2005,LSE,WI,AGL,CE,Federal Contract Tower,6,13,7,0,26,0,0,93,0,93,6,13,100,0,119,84,0,84,203
04/04/2005,LSE,WI,AGL,CE,Federal Contract Tower,4,23,2,0,29,0,0,30,0,30,4,23,32,0,59,102,0,102,161
04/05/2005,LSE,WI,AGL,CE,Federal Contract Tower,4,25,18,0,47,0,5,28,0,33,4,30,46,0,80,30,0,30,110
04/06/2005,LSE,WI,AGL,CE,Federal Contract Tower,3,26,14,1,44,0,1,14,1,16,3,27,28,2,60,50,0,50,110
04/07/2005,LSE,WI,AGL,CE,Federal Contract Tower,4,26,16,0,46,0,1,33,0,34,4,27,49,0,80,94,0,94,174
04/08/2005,LSE,WI,AGL,CE,Federal Contract Tower,4,24,11,0,39,0,2,36,0,38,4,26,47,0,77,42,0,42,119
04/09/2005,LSE,WI,AGL,CE,Federal Contract Tower,4,20,6,0,30,0,3,47,0,50,4,23,53,0,80,50,0,50,130
04/10/2005,LSE,WI,AGL,CE,Federal Contract Tower,4,15,12,0,31,0,0,45,0,45,4,15,57,0,76,48,0,48,124
04/11/2005,LSE,WI,AGL,CE,Federal Contract Tower,4,19,11,0,34,0,4,2,0,6,4,23,13,0,40,2,0,2,42
04/12/2005,LSE,WI,AGL,CE,Federal Contract Tower,4,26,15,2,47,0,1,1,0,2,4,27,16,2,49,8,0,8,57
04/13/2005,LSE,WI,AGL,CE,Federal Contract Tower,4,24,10,0,38,0,1,24,0,25,4,25,34,0,63,82,0,82,145
04/14/2005,LSE,WI,AGL,CE,Federal Contract Tower,4,23,18,0,45,0,4,59,0,63,4,27,77,0,108,76,0,76,184
04/15/2005,LSE,WI,AGL,CE,Federal Contract Tower,4,26,7,0,37,0,4,59,0,63,4,30,66,0,100,68,0,68,168
04/16/2005,LSE,WI,AGL,CE,Federal Contract Tower,4,20,16,0,40,0,1,29,2,32,4,21,45,2,72,12,0,12,84
04/17/2005,LSE,WI,AGL,CE,Federal Contract Tower,4,13,11,0,28,0,0,40,0,40,4,13,51,0,68,62,0,62,130
04/18/2005,LSE,WI,AGL,CE,Federal Contract Tower,4,21,11,0,36,0,5,19,0,24,4,26,30,0,60,28,0,28,88
04/19/2005,LSE,WI,AGL,CE,Federal Contract Tower,4,25,11,0,40,0,2,1,0,3,4,27,12,0,43,2,0,2,45
04/20/2005,LSE,WI,AGL,CE,Federal Contract Tower,4,24,17,0,45,0,1,9,0,10,4,25,26,0,55,36,0,36,91
04/21/2005,LSE,WI,AGL,CE,Federal Contract Tower,4,26,16,0,46,0,3,36,0,39,4,29,52,0,85,50,0,50,135
04/22/2005,LSE,WI,AGL,CE,Federal Contract Tower,3,23,11,1,38,0,4,20,0,24,3,27,31,1,62,42,0,42,104
04/23/2005,LSE,WI,AGL,CE,Federal Contract Tower,6,19,9,0,34,0,6,16,0,22,6,25,25,0,56,22,0,22,78
04/24/2005,LSE,WI,AGL,CE,Federal Contract Tower,4,15,12,1,32,0,0,19,0,19,4,15,31,1,51,14,0,14,65
04/25/2005,LSE,WI,AGL,CE,Federal Contract Tower,5,23,10,0,38,0,8,13,0,21,5,31,23,0,59,30,0,30,89
04/26/2005,LSE,WI,AGL,CE,Federal Contract Tower,6,22,18,1,47,0,5,13,0,18,6,27,31,1,65,44,2,46,111
04/27/2005,LSE,WI,AGL,CE,Federal Contract Tower,4,26,18,0,48,0,2,16,2,20,4,28,34,2,68,24,0,24,92
04/28/2005,LSE,WI,AGL,CE,Federal Contract Tower,4,25,21,2,52,0,2,52,1,55,4,27,73,3,107,94,0,94,201
04/29/2005,LSE,WI,AGL,CE,Federal Contract Tower,5,24,18,0,47,0,3,44,0,47,5,27,62,0,94,92,0,92,186
04/30/2005,LSE,WI,AGL,CE,Federal Contract Tower,5,20,8,0,33,0,1,33,0,34,5,21,41,0,67,96,0,96,163
05/01/2005,LSE,WI,AGL,CE,Federal Contract Tower,2,18,6,0,26,0,0,0,0,0,2,18,6,0,26,0,0,0,26
05/02/2005,LSE,WI,AGL,CE,Federal Contract Tower,1,24,9,0,34,0,0,14,0,14,1,24,23,0,48,38,0,38,86
05/03/2005,LSE,WI,AGL,CE,Federal Contract Tower,4,24,17,2,47,0,2,46,2,50,4,26,63,4,97,50,22,72,169
05/04/2005,LSE,WI,AGL,CE,Federal Contract Tower,2,28,16,2,48,0,2,80,0,82,2,30,96,2,130,100,0,100,230
05/05/2005,LSE,WI,AGL,CE,Federal Contract Tower,6,25,24,1,56,0,0,32,3,35,6,25,56,4,91,52,14,66,157
05/06/2005,LSE,WI,AGL,CE,Federal Contract Tower,4,22,17,2,45,0,0,28,2,30,4,22,45,4,75,56,2,58,133
05/07/2005,LSE,WI,AGL,CE,Federal Contract Tower,1,19,4,0,24,0,3,15,1,19,1,22,19,1,43,30,0,30,73
05/08/2005,LSE,WI,AGL,CE,Federal Contract Tower,6,16,14,0,36,0,2,24,0,26,6,18,38,0,62,28,0,28,90
05/09/2005,LSE,WI,AGL,CE,Federal Contract Tower,4,23,13,0,40,0,4,10,0,14,4,27,23,0,54,4,0,4,58
05/10/2005,LSE,WI,AGL,CE,Federal Contract Tower,4,26,19,0,49,0,4,37,2,43,4,30,56,2,92,56,0,56,148
05/11/2005,LSE,WI,AGL,CE,Federal Contract Tower,4,21,10,0,35,0,8,2,0,10,4,29,12,0,45,2,0,2,47
05/12/2005,LSE,WI,AGL,CE,Federal Contract Tower,4,26,13,0,43,0,0,2,0,2,4,26,15,0,45,4,0,4,49
05/13/2005,LSE,WI,AGL,CE,Federal Contract Tower,4,32,10,0,46,0,0,5,0,5,4,32,15,0,51,2,0,2,53
05/14/2005,LSE,WI,AGL,CE,Federal Contract Tower,1,18,3,0,22,0,0,27,0,27,1,18,30,0,49,32,0,32,81
05/15/2005,LSE,WI,AGL,CE,Federal Contract Tower,3,17,8,0,28,0,1,46,1,48,3,18,54,1,76,52,0,52,128
05/16/2005,LSE,WI,AGL,CE,Federal Contract Tower,2,24,19,0,45,0,8,45,0,53,2,32,64,0,98,64,0,64,162
05/17/2005,LSE,WI,AGL,CE,Federal Contract Tower,2,27,24,1,54,0,1,26,4,31,2,28,50,5,85,24,4,28,113
05/18/2005,LSE,WI,AGL,CE,Federal Contract Tower,4,28,20,0,52,0,2,11,1,14,4,30,31,1,66,34,0,34,100
05/19/2005,LSE,WI,AGL,CE,Federal Contract Tower,4,24,21,1,50,0,3,21,3,27,4,27,42,4,77,16,0,16,93
05/20/2005,LSE,WI,AGL,CE,Federal Contract Tower,4,27,22,2,55,0,5,33,2,40,4,32,55,4,95,16,0,16,111
05/21/2005,LSE,WI,AGL,CE,Federal Contract Tower,1,21,12,7,41,0,0,23,45,68,1,21,35,52,109,24,0,24,133
05/22/2005,LSE,WI,AGL,CE,Federal Contract Tower,1,18,2,4,25,0,0,36,23,59,1,18,38,27,84,6,0,6,90
05/23/2005,LSE,WI,AGL,CE,Federal Contract Tower,5,22,11,0,38,0,11,29,0,40,5,33,40,0,78,2,0,2,80
05/24/2005,LSE,WI,AGL,CE,Federal Contract Tower,4,26,13,2,45,0,1,59,2,62,4,27,72,4,107,50,12,62,169
05/25/2005,LSE,WI,AGL,CE,Federal Contract Tower,4,25,23,2,54,0,1,33,0,34,4,26,56,2,88,52,12,64,152
05/26/2005,LSE,WI,AGL,CE,Federal Contract Tower,6,23,16,0,45,0,3,31,2,36,6,26,47,2,81,54,16,70,151
05/27/2005,LSE,WI,AGL,CE,Federal Contract Tower,4,31,8,0,43,0,6,25,0,31,4,37,33,0,74,30,0,30,104
05/28/2005,LSE,WI,AGL,CE,Federal Contract Tower,1,17,11,0,29,0,0,61,0,61,1,17,72,0,90,54,0,54,144
05/29/2005,LSE,WI,AGL,CE,Federal Contract Tower,3,13,5,0,21,0,1,75,0,76,3,14,80,0,97,112,0,112,209
05/30/2005,LSE,WI,AGL,CE,Federal Contract Tower,4,19,4,2,29,0,0,52,0,52,4,19,56,2,81,30,0,30,111
05/31/2005,LSE,WI,AGL,CE,Federal Contract Tower,4,22,22,0,48,0,2,49,0,51,4,24,71,0,99,10,0,10,109
06/01/2005,LSE,WI,AGL,CE,Federal Contract Tower,2,25,23,2,52,0,4,59,1,64,2,29,82,3,116,84,0,84,200
06/02/2005,LSE,WI,AGL,CE,Federal Contract Tower,3,26,22,0,51,0,6,28,5,39,3,32,50,5,90,54,8,62,152
06/03/2005,LSE,WI,AGL,CE,Federal Contract Tower,4,29,30,0,63,0,5,31,0,36,4,34,61,0,99,26,0,26,125
06/04/2005,LSE,WI,AGL,CE,Federal Contract Tower,1,21,5,0,27,0,0,3,0,3,1,21,8,0,30,0,0,0,30
06/05/2005,LSE,WI,AGL,CE,Federal Contract Tower,3,18,8,2,31,0,2,18,0,20,3,20,26,2,51,32,0,32,83
06/06/2005,LSE,WI,AGL,CE,Federal Contract Tower,4,31,12,0,47,0,2,52,0,54,4,33,64,0,101,22,0,22,123
06/07/2005,LSE,WI,AGL,CE,Federal Contract Tower,6,30,20,1,57,0,3,16,7,26,6,33,36,8,83,50,14,64,147
06/08/2005,LSE,WI,AGL,CE,Federal Contract Tower,5,30,13,0,48,0,1,20,0,21,5,31,33,0,69,28,0,28,97
06/09/2005,LSE,WI,AGL,CE,Federal Contract Tower,7,22,17,0,46,0,0,37,2,39,7,22,54,2,85,118,0,118,203
06/10/2005,LSE,WI,AGL,CE,Federal Contract Tower,4,23,12,0,39,0,2,45,0,47,4,25,57,0,86,52,0,52,138
06/11/2005,LSE,WI,AGL,CE,Federal Contract Tower,5,21,6,0,32,0,1,85,0,86,5,22,91,0,118,60,0,60,178
06/12/2005,LSE,WI,AGL,CE,Federal Contract Tower,7,14,11,0,32,0,2,63,0,65,7,16,74,0,97,34,0,34,131
06/13/2005,LSE,WI,AGL,CE,Federal Contract Tower,7,18,10,2,37,0,4,21,2,27,7,22,31,4,64,50,6,56,120
06/14/2005,LSE,WI,AGL,CE,Federal Contract Tower,5,23,20,0,48,0,0,17,0,17,5,23,37,0,65,22,0,22,87
06/15/2005,LSE,WI,AGL,CE,Federal Contract Tower,8,22,31,2,63,0,1,37,0,38,8,23,68,2,101,40,8,48,149
06/16/2005,LSE,WI,AGL,CE,Federal Contract Tower,6,22,15,12,55,0,4,67,2,73,6,26,82,14,128,92,74,166,294
06/17/2005,LSE,WI,AGL,CE,Federal Contract Tower,6,21,16,6,49,0,1,46,6,53,6,22,62,12,102,34,42,76,178
06/18/2005,LSE,WI,AGL,CE,Federal Contract Tower,5,18,21,0,44,0,4,175,0,179,5,22,196,0,223,20,0,20,243
06/19/2005,LSE,WI,AGL,CE,Federal Contract Tower,3,13,7,6,29,0,4,196,14,214,3,17,203,20,243,6,0,6,249
06/20/2005,LSE,WI,AGL,CE,Federal Contract Tower,8,19,18,8,53,0,7,52,6,65,8,26,70,14,118,38,0,38,156
06/21/2005,LSE,WI,AGL,CE,Federal Contract Tower,8,25,24,2,59,0,5,59,2,66,8,30,83,4,125,44,2,46,171
06/22/2005,LSE,WI,AGL,CE,Federal Contract Tower,5,25,24,1,55,0,7,47,2,56,5,32,71,3,111,112,2,114,225
06/23/2005,LSE,WI,AGL,CE,Federal Contract Tower,6,23,29,2,60,0,6,49,4,59,6,29,78,6,119,52,24,76,195
06/24/2005,LSE,WI,AGL,CE,Federal Contract Tower,4,23,15,0,42,0,21,23,0,44,4,44,38,0,86,62,0,62,148
06/25/2005,LSE,WI,AGL,CE,Federal Contract Tower,5,19,6,0,30,0,1,31,0,32,5,20,37,0,62,28,0,28,90
06/26/2005,LSE,WI,AGL,CE,Federal Contract Tower,5,13,12,0,30,0,1,25,0,26,5,14,37,0,56,48,0,48,104
06/27/2005,LSE,WI,AGL,CE,Federal Contract Tower,6,20,22,0,48,0,2,11,0,13,6,22,33,0,61,30,0,30,91
06/28/2005,LSE,WI,AGL,CE,Federal Contract Tower,6,24,21,0,51,0,1,33,2,36,6,25,54,2,87,58,0,58,145
06/29/2005,LSE,WI,AGL,CE,Federal Contract Tower,8,24,29,0,61,0,0,18,0,18,8,24,47,0,79,36,0,36,115
06/30/2005,LSE,WI,AGL,CE,Federal Contract Tower,6,23,16,0,45,0,2,33,0,35,6,25,49,0,80,28,0,28,108
07/01/2005,LSE,WI,AGL,CE,Federal Contract Tower,6,26,21,0,53,0,4,61,0,65,6,30,82,0,118,24,0,24,142
07/02/2005,LSE,WI,AGL,CE,Federal Contract Tower,3,18,3,0,24,0,12,59,2,73,3,30,62,2,97,40,0,40,137
07/03/2005,LSE,WI,AGL,CE,Federal Contract Tower,3,12,3,0,18,0,0,10,0,10,3,12,13,0,28,4,0,4,32
07/04/2005,LSE,WI,AGL,CE,Federal Contract Tower,5,14,12,0,31,0,0,25,0,25,5,14,37,0,56,14,0,14,70
07/05/2005,LSE,WI,AGL,CE,Federal Contract Tower,6,22,12,0,40,0,5,29,0,34,6,27,41,0,74,60,0,60,134
07/06/2005,LSE,WI,AGL,CE,Federal Contract Tower,6,25,30,0,61,0,0,43,1,44,6,25,73,1,105,50,0,50,155
07/07/2005,LSE,WI,AGL,CE,Federal Contract Tower,6,22,21,2,51,0,0,45,1,46,6,22,66,3,97,74,0,74,171
07/08/2005,LSE,WI,AGL,CE,Federal Contract Tower,5,25,19,3,52,0,2,38,0,40,5,27,57,3,92,62,0,62,154
07/09/2005,LSE,WI,AGL,CE,Federal Contract Tower,3,21,9,8,41,0,0,67,6,73,3,21,76,14,114,36,4,40,154
07/10/2005,LSE,WI,AGL,CE,Federal Contract Tower,2,24,10,1,37,0,1,48,0,49,2,25,58,1,86,12,0,12,98
07/11/2005,LSE,WI,AGL,CE,Federal Contract Tower,5,21,11,1,38,0,0,39,0,39,5,21,50,1,77,66,0,66,143
07/12/2005,LSE,WI,AGL,CE,Federal Contract Tower,6,23,21,2,52,0,2,46,2,50,6,25,67,4,102,76,22,98,200
07/13/2005,LSE,WI,AGL,CE,Federal Contract Tower,5,27,15,2,49,0,1,48,0,49,5,28,63,2,98,104,40,144,242
07/14/2005,LSE,WI,AGL,CE,Federal Contract Tower,7,23,30,4,64,0,0,29,0,29,7,23,59,4,93,64,42,106,199
07/15/2005,LSE,WI,AGL,CE,Federal Contract Tower,6,22,11,0,39,0,1,32,1,34,6,23,43,1,73,30,4,34,107
07/16/2005,LSE,WI,AGL,CE,Federal Contract Tower,7,18,40,0,65,0,0,31,2,33,7,18,71,2,98,40,0,40,138
07/17/2005,LSE,WI,AGL,CE,Federal Contract Tower,3,12,7,0,22,0,0,27,0,27,3,12,34,0,49,38,0,38,87
07/18/2005,LSE,WI,AGL,CE,Federal Contract Tower,6,22,12,0,40,0,1,26,0,27,6,23,38,0,67,34,0,34,101
07/19/2005,LSE,WI,AGL,CE,Federal Contract Tower,6,23,21,0,50,0,3,62,0,65,6,26,83,0,115,116,2,118,233
07/20/2005,LSE,WI,AGL,CE,Federal Contract Tower,6,27,21,0,54,0,0,33,2,35,6,27,54,2,89,34,2,36,125
07/21/2005,LSE,WI,AGL,CE,Federal Contract Tower,5,20,16,0,41,0,1,35,1,37,5,21,51,1,78,56,0,56,134
07/22/2005,LSE,WI,AGL,CE,Federal Contract Tower,5,24,19,0,48,0,4,79,0,83,5,28,98,0,131,96,0,96,227
07/23/2005,LSE,WI,AGL,CE,Federal Contract Tower,7,19,11,0,37,0,0,35,0,35,7,19,46,0,72,24,0,24,96
07/24/2005,LSE,WI,AGL,CE,Federal Contract Tower,5,17,18,0,40,0,1,58,1,60,5,18,76,1,100,52,0,52,152
07/25/2005,LSE,WI,AGL,CE,Federal Contract Tower,3,15,22,0,40,0,0,27,0,27,3,15,49,0,67,2,0,2,69
07/26/2005,LSE,WI,AGL,CE,Federal Contract Tower,6,21,21,1,49,0,6,47,2,55,6,27,68,3,104,40,0,40,144
07/27/2005,LSE,WI,AGL,CE,Federal Contract Tower,5,26,24,2,57,0,0,69,8,77,5,26,93,10,134,50,16,66,200
07/28/2005,LSE,WI,AGL,CE,Federal Contract Tower,5,24,12,1,42,0,1,70,2,73,5,25,82,3,115,156,0,156,271
07/29/2005,LSE,WI,AGL,CE,Federal Contract Tower,8,33,27,0,68,0,3,49,0,52,8,36,76,0,120,44,0,44,164
07/30/2005,LSE,WI,AGL,CE,Federal Contract Tower,5,21,9,0,35,0,0,52,0,52,5,21,61,0,87,38,0,38,125
07/31/2005,LSE,WI,AGL,CE,Federal Contract Tower,5,17,8,0,30,0,0,74,0,74,5,17,82,0,104,78,0,78,182
08/01/2005,LSE,WI,AGL,CE,Federal Contract Tower,5,20,24,0,49,0,0,54,0,54,5,20,78,0,103,38,0,38,141
08/02/2005,LSE,WI,AGL,CE,Federal Contract Tower,6,20,30,3,59,0,3,30,5,38,6,23,60,8,97,14,50,64,161
08/03/2005,LSE,WI,AGL,CE,Federal Contract Tower,6,22,20,2,50,0,2,22,0,24,6,24,42,2,74,44,6,50,124
08/04/2005,LSE,WI,AGL,CE,Federal Contract Tower,8,23,10,2,43,0,3,39,0,42,8,26,49,2,85,78,0,78,163
08/05/2005,LSE,WI,AGL,CE,Federal Contract Tower,6,26,13,0,45,0,0,68,2,70,6,26,81,2,115,48,0,48,163
08/06/2005,LSE,WI,AGL,CE,Federal Contract Tower,3,23,17,0,43,0,0,40,3,43,3,23,57,3,86,30,16,46,132
08/07/2005,LSE,WI,AGL,CE,Federal Contract Tower,6,16,13,0,35,0,0,67,0,67,6,16,80,0,102,18,0,18,120
08/08/2005,LSE,WI,AGL,CE,Federal Contract Tower,10,23,9,0,42,0,0,19,0,19,10,23,28,0,61,0,0,0,61
08/09/2005,LSE,WI,AGL,CE,Federal Contract Tower,5,23,22,0,50,0,6,24,2,32,5,29,46,2,82,34,0,34,116
08/10/2005,LSE,WI,AGL,CE,Federal Contract Tower,4,24,34,5,67,0,0,56,15,71,4,24,90,20,138,88,6,94,232
08/11/2005,LSE,WI,AGL,CE,Federal Contract Tower,6,22,27,0,55,0,0,7,1,8,6,22,34,1,63,2,2,4,67
08/12/2005,LSE,WI,AGL,CE,Federal Contract Tower,6,21,19,1,47,0,0,16,0,16,6,21,35,1,63,18,0,18,81
08/13/2005,LSE,WI,AGL,CE,Federal Contract Tower,3,19,6,0,28,0,12,54,1,67,3,31,60,1,95,38,0,38,133
08/14/2005,LSE,WI,AGL,CE,Federal Contract Tower,2,17,5,0,24,0,2,60,0,62,2,19,65,0,86,10,0,10,96
08/15/2005,LSE,WI,AGL,CE,Federal Contract Tower,7,23,19,0,49,0,2,31,0,33,7,25,50,0,82,50,0,50,132
08/16/2005,LSE,WI,AGL,CE,Federal Contract Tower,3,25,31,5,64,0,2,62,7,71,3,27,93,12,135,24,10,34,169
08/17/2005,LSE,WI,AGL,CE,Federal Contract Tower,6,24,16,5,51,0,4,32,6,42,6,28,48,11,93,24,38,62,155
08/18/2005,LSE,WI,AGL,CE,Federal Contract Tower,4,22,16,1,43,0,1,4,0,5,4,23,20,1,48,18,0,18,66
08/19/2005,LSE,WI,AGL,CE,Federal Contract Tower,10,29,11,3,53,0,4,22,1,27,10,33,33,4,80,8,4,12,92
08/20/2005,LSE,WI,AGL,CE,Federal Contract Tower,6,20,16,0,42,0,4,24,2,30,6,24,40,2,72,2,2,4,76
08/21/2005,LSE,WI,AGL,CE,Federal Contract Tower,6,15,8,0,29,0,0,50,4,54,6,15,58,4,83,28,0,28,111
08/22/2005,LSE,WI,AGL,CE,Federal Contract Tower,4,25,8,0,37,0,4,39,0,43,4,29,47,0,80,30,0,30,110
08/23/2005,LSE,WI,AGL,CE,Federal Contract Tower,4,25,14,0,43,0,2,39,0,41,4,27,53,0,84,36,0,36,120
08/24/2005,LSE,WI,AGL,CE,Federal Contract Tower,6,24,27,4,61,0,2,36,5,43,6,26,63,9,104,74,22,96,200
08/25/2005,LSE,WI,AGL,CE,Federal Contract Tower,6,25,30,3,64,0,6,13,0,19,6,31,43,3,83,52,4,56,139
08/26/2005,LSE,WI,AGL,CE,Federal Contract Tower,8,24,24,0,56,0,0,0,0,0,8,24,24,0,56,0,0,0,56
08/27/2005,LSE,WI,AGL,CE,Federal Contract Tower,6,18,10,2,36,0,0,77,0,77,6,18,87,2,113,34,0,34,147
08/28/2005,LSE,WI,AGL,CE,Federal Contract Tower,4,17,6,1,28,0,0,91,1,92,4,17,97,2,120,62,0,62,182
08/29/2005,LSE,WI,AGL,CE,Federal Contract Tower,6,20,14,1,41,0,1,34,1,36,6,21,48,2,77,22,4,26,103
08/30/2005,LSE,WI,AGL,CE,Federal Contract Tower,6,23,12,0,41,0,0,37,0,37,6,23,49,0,78,60,0,60,138
08/31/2005,LSE,WI,AGL,CE,Federal Contract Tower,6,23,21,0,50,0,1,33,0,34,6,24,54,0,84,54,0,54,138
09/01/2005,LSE,WI,AGL,CE,Federal Contract Tower,4,26,15,0,45,0,0,46,0,46,4,26,61,0,91,20,8,28,119
09/02/2005,LSE,WI,AGL,CE,Federal Contract Tower,4,23,12,0,39,0,5,39,2,46,4,28,51,2,85,24,0,24,109
09/03/2005,LSE,WI,AGL,CE,Federal Contract Tower,4,16,14,0,34,0,0,47,0,47,4,16,61,0,81,36,0,36,117
09/04/2005,LSE,WI,AGL,CE,Federal Contract Tower,3,16,6,0,25,0,6,14,0,20,3,22,20,0,45,0,0,0,45
09/05/2005,LSE,WI,AGL,CE,Federal Contract Tower,5,19,12,0,36,0,3,28,0,31,5,22,40,0,67,14,0,14,81
09/06/2005,LSE,WI,AGL,CE,Federal Contract Tower,6,21,16,0,43,0,3,27,0,30,6,24,43,0,73,34,0,34,107
09/07/2005,LSE,WI,AGL,CE,Federal Contract Tower,6,27,13,0,46,0,0,7,0,7,6,27,20,0,53,18,0,18,71
09/08/2005,LSE,WI,AGL,CE,Federal Contract Tower,6,26,27,1,60,0,1,7,3,11,6,27,34,4,71,16,0,16,87
09/09/2005,LSE,WI,AGL,CE,Federal Contract Tower,5,21,16,0,42,0,2,29,0,31,5,23,45,0,73,54,18,72,145
09/10/2005,LSE,WI,AGL,CE,Federal Contract Tower,6,19,10,0,35,0,3,48,0,51,6,22,58,0,86,18,0,18,104
09/11/2005,LSE,WI,AGL,CE,Federal Contract Tower,6,18,13,0,37,0,0,20,0,20,6,18,33,0,57,24,0,24,81
09/12/2005,LSE,WI,AGL,CE,Federal Contract Tower,6,21,17,0,44,0,0,7,0,7,6,21,24,0,51,2,0,2,53
09/13/2005,LSE,WI,AGL,CE,Federal Contract Tower,4,20,7,0,31,0,0,5,0,5,4,20,12,0,36,10,0,10,46
09/14/2005,LSE,WI,AGL,CE,Federal Contract Tower,5,16,15,2,38,0,0,54,8,62,5,16,69,10,100,73,18,91,191
09/15/2005,LSE,WI,AGL,CE,Federal Contract Tower,6,21,12,0,39,0,4,38,0,42,6,25,50,0,81,50,0,50,131
09/16/2005,LSE,WI,AGL,CE,Federal Contract Tower,6,17,19,0,42,0,0,44,0,44,6,17,63,0,86,48,0,48,134
09/17/2005,LSE,WI,AGL,CE,Federal Contract Tower,5,16,6,0,27,0,0,41,0,41,5,16,47,0,68,76,0,76,144
09/18/2005,LSE,WI,AGL,CE,Federal Contract Tower,6,14,7,0,27,0,0,55,0,55,6,14,62,0,82,32,0,32,114
09/19/2005,LSE,WI,AGL,CE,Federal Contract Tower,6,20,7,0,33,0,0,9,0,9,6,20,16,0,42,16,0,16,58
09/20/2005,LSE,WI,AGL,CE,Federal Contract Tower,6,20,16,0,42,0,2,55,4,61,6,22,71,4,103,36,12,48,151
09/21/2005,LSE,WI,AGL,CE,Federal Contract Tower,12,22,18,2,54,0,5,39,4,48,12,27,57,6,102,78,22,100,202
09/22/2005,LSE,WI,AGL,CE,Federal Contract Tower,5,27,25,0,57,0,2,7,0,9,5,29,32,0,66,12,0,12,78
09/23/2005,LSE,WI,AGL,CE,Federal Contract Tower,4,23,21,0,48,0,3,62,0,65,4,26,83,0,113,70,0,70,183
09/24/2005,LSE,WI,AGL,CE,Federal Contract Tower,5,17,4,0,26,0,4,2,0,6,5,21,6,0,32,22,0,22,54
09/25/2005,LSE,WI,AGL,CE,Federal Contract Tower,4,16,8,0,28,0,0,0,0,0,4,16,8,0,28,0,0,0,28
09/26/2005,LSE,WI,AGL,CE,Federal Contract Tower,6,21,18,0,45,0,2,28,0,30,6,23,46,0,75,8,0,8,83
09/27/2005,LSE,WI,AGL,CE,Federal Contract Tower,4,22,28,0,54,0,2,54,0,56,4,24,82,0,110,76,0,76,186
09/28/2005,LSE,WI,AGL,CE,Federal Contract Tower,6,22,15,0,43,0,0,4,0,4,6,22,19,0,47,6,0,6,53
09/29/2005,LSE,WI,AGL,CE,Federal Contract Tower,6,23,20,1,50,0,4,32,2,38,6,27,52,3,88,26,0,26,114
09/30/2005,LSE,WI,AGL,CE,Federal Contract Tower,6,17,17,0,40,0,7,37,2,46,6,24,54,2,86,44,0,44,130
10/01/2005,LSE,WI,AGL,CE,Federal Contract Tower,1,20,14,1,36,0,0,78,1,79,1,20,92,2,115,74,0,74,189
10/02/2005,LSE,WI,AGL,CE,Federal Contract Tower,2,20,5,0,27,0,0,38,1,39,2,20,43,1,66,60,0,60,126
10/03/2005,LSE,WI,AGL,CE,Federal Contract Tower,4,21,11,0,36,0,5,27,0,32,4,26,38,0,68,28,0,28,96
10/04/2005,LSE,WI,AGL,CE,Federal Contract Tower,4,22,21,1,48,0,3,2,0,5,4,25,23,1,53,4,8,12,65
10/05/2005,LSE,WI,AGL,CE,Federal Contract Tower,5,23,17,0,45,0,4,9,0,13,5,27,26,0,58,32,0,32,90
10/06/2005,LSE,WI,AGL,CE,Federal Contract Tower,4,23,24,2,53,0,1,11,3,15,4,24,35,5,68,42,0,42,110
10/07/2005,LSE,WI,AGL,CE,Federal Contract Tower,2,24,20,0,46,0,2,41,0,43,2,26,61,0,89,38,0,38,127
10/08/2005,LSE,WI,AGL,CE,Federal Contract Tower,1,21,7,0,29,0,3,91,0,94,1,24,98,0,123,62,0,62,185
10/09/2005,LSE,WI,AGL,CE,Federal Contract Tower,3,18,24,0,45,0,2,50,0,52,3,20,74,0,97,50,0,50,147
10/10/2005,LSE,WI,AGL,CE,Federal Contract Tower,4,21,8,0,33,0,2,45,0,47,4,23,53,0,80,50,0,50,130
10/11/2005,LSE,WI,AGL,CE,Federal Contract Tower,4,22,16,0,42,0,1,14,0,15,4,23,30,0,57,24,0,24,81
10/12/2005,LSE,WI,AGL,CE,Federal Contract Tower,4,25,17,4,50,0,0,15,0,15,4,25,32,4,65,32,50,82,147
10/13/2005,LSE,WI,AGL,CE,Federal Contract Tower,4,27,17,0,48,0,4,19,0,23,4,31,36,0,71,8,0,8,79
10/14/2005,LSE,WI,AGL,CE,Federal Contract Tower,3,26,11,2,42,0,4,55,0,59,3,30,66,2,101,72,0,72,173
10/15/2005,LSE,WI,AGL,CE,Federal Contract Tower,0,21,9,0,30,0,4,65,0,69,0,25,74,0,99,58,0,58,157
10/16/2005,LSE,WI,AGL,CE,Federal Contract Tower,3,18,10,0,31,0,6,89,0,95,3,24,99,0,126,62,0,62,188
10/17/2005,LSE,WI,AGL,CE,Federal Contract Tower,4,22,12,1,39,0,0,25,1,26,4,22,37,2,65,14,8,22,87
10/18/2005,LSE,WI,AGL,CE,Federal Contract Tower,4,25,18,0,47,0,4,61,0,65,4,29,79,0,112,38,2,40,152
10/19/2005,LSE,WI,AGL,CE,Federal Contract Tower,4,23,17,5,49,0,2,44,3,49,4,25,61,8,98,40,26,66,164
10/20/2005,LSE,WI,AGL,CE,Federal Contract Tower,6,24,14,1,45,0,0,58,8,66,6,24,72,9,111,58,10,68,179
10/21/2005,LSE,WI,AGL,CE,Federal Contract Tower,3,29,23,0,55,0,8,61,0,69,3,37,84,0,124,116,0,116,240
10/22/2005,LSE,WI,AGL,CE,Federal Contract Tower,0,23,4,1,28,0,5,40,1,46,0,28,44,2,74,56,0,56,130
10/23/2005,LSE,WI,AGL,CE,Federal Contract Tower,3,15,8,0,26,0,1,11,0,12,3,16,19,0,38,12,0,12,50
10/24/2005,LSE,WI,AGL,CE,Federal Contract Tower,6,21,10,0,37,0,0,31,0,31,6,21,41,0,68,10,0,10,78
10/25/2005,LSE,WI,AGL,CE,Federal Contract Tower,4,24,15,1,44,0,0,21,0,21,4,24,36,1,65,58,6,64,129
10/26/2005,LSE,WI,AGL,CE,Federal Contract Tower,4,27,32,4,67,0,3,18,5,26,4,30,50,9,93,46,28,74,167
10/27/2005,LSE,WI,AGL,CE,Federal Contract Tower,4,23,26,2,55,0,2,21,0,23,4,25,47,2,78,18,10,28,106
10/28/2005,LSE,WI,AGL,CE,Federal Contract Tower,6,25,15,0,46,0,1,28,0,29,6,26,43,0,75,10,0,10,85
10/29/2005,LSE,WI,AGL,CE,Federal Contract Tower,1,20,8,0,29,0,7,61,0,68,1,27,69,0,97,52,0,52,149
10/30/2005,LSE,WI,AGL,CE,Federal Contract Tower,1,17,6,3,27,0,0,3,3,6,1,17,9,6,33,8,2,10,43
10/31/2005,LSE,WI,AGL,CE,Federal Contract Tower,1,21,18,3,43,0,3,7,1,11,1,24,25,4,54,28,10,38,92
11/01/2005,LSE,WI,AGL,CE,Federal Contract Tower,1,15,17,2,35,0,1,12,1,14,1,16,29,3,49,4,20,24,73
11/02/2005,LSE,WI,AGL,CE,Federal Contract Tower,2,16,28,2,48,0,5,20,0,25,2,21,48,2,73,40,20,60,133
11/03/2005,LSE,WI,AGL,CE,Federal Contract Tower,2,16,10,4,32,0,1,36,0,37,2,17,46,4,69,52,4,56,125
11/04/2005,LSE,WI,AGL,CE,Federal Contract Tower,3,18,10,4,35,0,1,13,0,14,3,19,23,4,49,18,0,18,67
11/05/2005,LSE,WI,AGL,CE,Federal Contract Tower,1,14,6,0,21,0,0,23,0,23,1,14,29,0,44,10,0,10,54
11/06/2005,LSE,WI,AGL,CE,Federal Contract Tower,1,14,15,0,30,0,0,22,0,22,1,14,37,0,52,16,0,16,68
11/07/2005,LSE,WI,AGL,CE,Federal Contract Tower,2,19,2,2,25,0,0,47,6,53,2,19,49,8,78,62,14,76,154
11/08/2005,LSE,WI,AGL,CE,Federal Contract Tower,2,17,21,0,40,0,7,26,2,35,2,24,47,2,75,18,0,18,93
11/09/2005,LSE,WI,AGL,CE,Federal Contract Tower,5,18,11,0,34,0,4,3,2,9,5,22,14,2,43,4,0,4,47
11/10/2005,LSE,WI,AGL,CE,Federal Contract Tower,2,17,19,0,38,0,2,40,0,42,2,19,59,0,80,70,0,70,150
11/11/2005,LSE,WI,AGL,CE,Federal Contract Tower,2,18,10,0,30,0,1,45,0,46,2,19,55,0,76,4,0,4,80
11/12/2005,LSE,WI,AGL,CE,Federal Contract Tower,1,15,6,0,22,0,3,30,6,39,1,18,36,6,61,18,12,30,91
11/13/2005,LSE,WI,AGL,CE,Federal Contract Tower,7,13,8,0,28,0,0,0,0,0,7,13,8,0,28,0,0,0,28
11/14/2005,LSE,WI,AGL,CE,Federal Contract Tower,2,18,18,1,39,0,0,12,0,12,2,18,30,1,51,20,10,30,81
11/15/2005,LSE,WI,AGL,CE,Federal Contract Tower,2,19,17,1,39,0,0,0,0,0,2,19,17,1,39,0,0,0,39
11/16/2005,LSE,WI,AGL,CE,Federal Contract Tower,2,16,18,1,37,0,4,0,0,4,2,20,18,1,41,0,0,0,41
11/17/2005,LSE,WI,AGL,CE,Federal Contract Tower,4,17,15,0,36,0,10,16,0,26,4,27,31,0,62,8,0,8,70
11/18/2005,LSE,WI,AGL,CE,Federal Contract Tower,2,19,10,3,34,0,6,18,9,33,2,25,28,12,67,16,10,26,93
11/19/2005,LSE,WI,AGL,CE,Federal Contract Tower,1,13,4,0,18,0,6,43,4,53,1,19,47,4,71,38,26,64,135
11/20/2005,LSE,WI,AGL,CE,Federal Contract Tower,1,14,7,19,41,0,0,12,1,13,1,14,19,20,54,16,0,16,70
11/21/2005,LSE,WI,AGL,CE,Federal Contract Tower,4,18,14,2,38,0,12,18,0,30,4,30,32,2,68,10,0,10,78
11/22/2005,LSE,WI,AGL,CE,Federal Contract Tower,2,19,14,0,35,0,7,26,0,33,2,26,40,0,68,28,0,28,96
11/23/2005,LSE,WI,AGL,CE,Federal Contract Tower,2,17,2,0,21,0,1,30,8,39,2,18,32,8,60,12,16,28,88
11/24/2005,LSE,WI,AGL,CE,Federal Contract Tower,4,8,2,0,14,0,0,0,0,0,4,8,2,0,14,0,0,0,14
11/25/2005,LSE,WI,AGL,CE,Federal Contract Tower,2,16,3,0,21,0,0,1,0,1,2,16,4,0,22,0,0,0,22
11/26/2005,LSE,WI,AGL,CE,Federal Contract Tower,1,15,7,0,23,0,2,31,2,35,1,17,38,2,58,36,10,46,104
11/27/2005,LSE,WI,AGL,CE,Federal Contract Tower,0,18,5,0,23,0,0,0,0,0,0,18,5,0,23,0,0,0,23
11/28/2005,LSE,WI,AGL,CE,Federal Contract Tower,1,19,12,2,34,0,4,0,0,4,1,23,12,2,38,0,0,0,38
11/29/2005,LSE,WI,AGL,CE,Federal Contract Tower,2,21,14,0,37,0,2,0,0,2,2,23,14,0,39,0,0,0,39
11/30/2005,LSE,WI,AGL,CE,Federal Contract Tower,1,17,17,0,35,0,2,27,0,29,1,19,44,0,64,20,0,20,84
12/01/2005,LSE,WI,AGL,CE,Federal Contract Tower,2,17,7,0,26,0,0,5,0,5,2,17,12,0,31,20,0,20,51
12/02/2005,LSE,WI,AGL,CE,Federal Contract Tower,2,15,14,0,31,0,3,16,3,22,2,18,30,3,53,36,6,42,95
12/03/2005,LSE,WI,AGL,CE,Federal Contract Tower,1,16,4,0,21,0,1,8,0,9,1,17,12,0,30,26,0,26,56
12/04/2005,LSE,WI,AGL,CE,Federal Contract Tower,1,15,14,0,30,0,3,7,5,15,1,18,21,5,45,42,4,46,91
12/05/2005,LSE,WI,AGL,CE,Federal Contract Tower,2,17,7,0,26,0,0,2,1,3,2,17,9,1,29,0,0,0,29
12/06/2005,LSE,WI,AGL,CE,Federal Contract Tower,2,18,2,3,25,0,2,17,0,19,2,20,19,3,44,0,2,2,46
12/07/2005,LSE,WI,AGL,CE,Federal Contract Tower,2,20,14,5,41,0,1,17,2,20,2,21,31,7,61,40,8,48,109
12/08/2005,LSE,WI,AGL,CE,Federal Contract Tower,2,22,5,0,29,0,4,0,0,4,2,26,5,0,33,4,0,4,37
12/09/2005,LSE,WI,AGL,CE,Federal Contract Tower,1,16,8,0,25,0,4,14,0,18,1,20,22,0,43,24,0,24,67
12/10/2005,LSE,WI,AGL,CE,Federal Contract Tower,1,16,9,0,26,0,0,4,0,4,1,16,13,0,30,2,0,2,32
12/11/2005,LSE,WI,AGL,CE,Federal Contract Tower,1,15,16,0,32,0,1,9,4,14,1,16,25,4,46,8,2,10,56
12/12/2005,LSE,WI,AGL,CE,Federal Contract Tower,2,20,12,2,36,0,0,0,0,0,2,20,12,2,36,0,0,0,36
12/13/2005,LSE,WI,AGL,CE,Federal Contract Tower,2,20,13,2,37,0,4,3,0,7,2,24,16,2,44,0,0,0,44
12/14/2005,LSE,WI,AGL,CE,Federal Contract Tower,2,12,13,0,27,0,0,0,0,0,2,12,13,0,27,0,0,0,27
12/15/2005,LSE,WI,AGL,CE,Federal Contract Tower,1,25,11,2,39,0,0,0,0,0,1,25,11,2,39,0,0,0,39
12/16/2005,LSE,WI,AGL,CE,Federal Contract Tower,0,24,14,2,40,0,5,2,7,14,0,29,16,9,54,4,36,40,94
12/17/2005,LSE,WI,AGL,CE,Federal Contract Tower,0,13,2,4,19,0,0,47,3,50,0,13,49,7,69,42,8,50,119
12/18/2005,LSE,WI,AGL,CE,Federal Contract Tower,0,16,6,3,25,0,0,17,0,17,0,16,23,3,42,20,0,20,62
12/19/2005,LSE,WI,AGL,CE,Federal Contract Tower,2,17,12,2,33,0,7,17,6,30,2,24,29,8,63,30,8,38,101
12/20/2005,LSE,WI,AGL,CE,Federal Contract Tower,0,24,19,0,43,0,2,11,0,13,0,26,30,0,56,30,0,30,86
12/21/2005,LSE,WI,AGL,CE,Federal Contract Tower,0,19,18,0,37,0,1,16,0,17,0,20,34,0,54,16,0,16,70
12/22/2005,LSE,WI,AGL,CE,Federal Contract Tower,0,21,21,0,42,0,6,15,0,21,0,27,36,0,63,12,0,12,75
12/23/2005,LSE,WI,AGL,CE,Federal Contract Tower,0,25,9,0,34,0,3,38,0,41,0,28,47,0,75,42,0,42,117
12/24/2005,LSE,WI,AGL,CE,Federal Contract Tower,0,14,2,0,16,0,0,0,0,0,0,14,2,0,16,0,0,0,16
12/25/2005,LSE,WI,AGL,CE,Federal Contract Tower,0,12,5,0,17,0,2,0,0,2,0,14,5,0,19,0,0,0,19
12/26/2005,LSE,WI,AGL,CE,Federal Contract Tower,0,20,0,0,20,20,14,0,0,34,20,34,0,0,54,24,0,24,78
12/27/2005,LSE,WI,AGL,CE,Federal Contract Tower,0,20,10,0,30,0,4,0,0,4,0,24,10,0,34,4,0,4,38
12/28/2005,LSE,WI,AGL,CE,Federal Contract Tower,0,20,7,0,27,0,0,0,0,0,0,20,7,0,27,0,0,0,27
12/29/2005,LSE,WI,AGL,CE,Federal Contract Tower,0,22,10,0,32,0,0,8,0,8,0,22,18,0,40,18,0,18,58
12/30/2005,LSE,WI,AGL,CE,Federal Contract Tower,0,15,2,0,17,0,0,0,0,0,0,15,2,0,17,0,0,0,17
12/31/2005,LSE,WI,AGL,CE,Federal Contract Tower,0,11,2,0,13,0,2,4,0,6,0,13,6,0,19,12,0,12,31
01/01/2006,LSE,WI,AGL,CE,Federal Contract Tower,0,12,3,0,15,0,0,4,0,4,0,12,7,0,19,0,0,0,19
01/02/2006,LSE,WI,AGL,CE,Federal Contract Tower,0,12,4,0,16,0,0,0,0,0,0,12,4,0,16,0,0,0,16
01/03/2006,LSE,WI,AGL,CE,Federal Contract Tower,0,20,4,0,24,0,0,0,0,0,0,20,4,0,24,0,0,0,24
01/04/2006,LSE,WI,AGL,CE,Federal Contract Tower,3,17,8,0,28,0,0,4,0,4,3,17,12,0,32,100,0,100,132
01/05/2006,LSE,WI,AGL,CE,Federal Contract Tower,5,16,15,7,43,0,0,11,1,12,5,16,26,8,55,36,24,60,115
01/06/2006,LSE,WI,AGL,CE,Federal Contract Tower,5,18,7,0,30,0,0,2,0,2,5,18,9,0,32,0,0,0,32
01/07/2006,LSE,WI,AGL,CE,Federal Contract Tower,2,12,6,0,20,0,2,64,0,66,2,14,70,0,86,104,0,104,190
01/08/2006,LSE,WI,AGL,CE,Federal Contract Tower,2,13,17,0,32,0,0,13,0,13,2,13,30,0,45,34,0,34,79
01/09/2006,LSE,WI,AGL,CE,Federal Contract Tower,6,14,9,0,29,0,4,19,0,23,6,18,28,0,52,10,0,10,62
01/10/2006,LSE,WI,AGL,CE,Federal Contract Tower,4,16,25,2,47,0,3,42,4,49,4,19,67,6,96,54,14,68,164
01/11/2006,LSE,WI,AGL,CE,Federal Contract Tower,4,21,22,7,54,0,0,26,1,27,4,21,48,8,81,74,8,82,163
01/12/2006,LSE,WI,AGL,CE,Federal Contract Tower,4,19,20,2,45,0,3,26,6,35,4,22,46,8,80,88,8,96,176
01/13/2006,LSE,WI,AGL,CE,Federal Contract Tower,3,18,12,0,33,1,1,12,0,14,4,19,24,0,47,18,0,18,65
01/14/2006,LSE,WI,AGL,CE,Federal Contract Tower,3,11,4,0,18,0,0,48,5,53,3,11,52,5,71,62,2,64,135
01/15/2006,LSE,WI,AGL,CE,Federal Contract Tower,3,12,5,2,22,0,2,37,2,41,3,14,42,4,63,34,0,34,97
01/16/2006,LSE,WI,AGL,CE,Federal Contract Tower,4,14,13,0,31,0,3,6,0,9,4,17,19,0,40,26,0,26,66
01/17/2006,LSE,WI,AGL,CE,Federal Contract Tower,5,17,12,1,35,0,0,7,0,7,5,17,19,1,42,0,2,2,44
01/18/2006,LSE,WI,AGL,CE,Federal Contract Tower,4,15,13,5,37,0,0,17,0,17,4,15,30,5,54,60,32,92,146
01/19/2006,LSE,WI,AGL,CE,Federal Contract Tower,4,18,16,0,38,0,1,33,0,34,4,19,49,0,72,68,0,68,140
01/20/2006,LSE,WI,AGL,CE,Federal Contract Tower,4,16,18,0,38,0,0,1,0,1,4,16,19,0,39,0,0,0,39
01/21/2006,LSE,WI,AGL,CE,Federal Contract Tower,2,12,7,0,21,0,0,41,4,45,2,12,48,4,66,38,26,64,130
01/22/2006,LSE,WI,AGL,CE,Federal Contract Tower,3,12,4,4,23,0,0,2,0,2,3,12,6,4,25,0,0,0,25
01/23/2006,LSE,WI,AGL,CE,Federal Contract Tower,4,14,18,2,38,0,1,11,0,12,4,15,29,2,50,18,14,32,82
01/24/2006,LSE,WI,AGL,CE,Federal Contract Tower,4,16,9,2,31,0,2,3,0,5,4,18,12,2,36,2,0,2,38
01/25/2006,LSE,WI,AGL,CE,Federal Contract Tower,6,15,17,0,38,0,1,25,2,28,6,16,42,2,66,12,8,20,86
01/26/2006,LSE,WI,AGL,CE,Federal Contract Tower,4,15,7,0,26,0,3,23,0,26,4,18,30,0,52,34,0,34,86
01/27/2006,LSE,WI,AGL,CE,Federal Contract Tower,4,15,12,0,31,0,1,14,2,17,4,16,26,2,48,14,0,14,62
01/28/2006,LSE,WI,AGL,CE,Federal Contract Tower,3,11,6,0,20,0,0,5,0,5,3,11,11,0,25,16,0,16,41
01/29/2006,LSE,WI,AGL,CE,Federal Contract Tower,3,10,6,1,20,0,0,0,0,0,3,10,6,1,20,0,0,0,20
01/30/2006,LSE,WI,AGL,CE,Federal Contract Tower,6,16,7,0,29,0,8,6,0,14,6,24,13,0,43,8,0,8,51
01/31/2006,LSE,WI,AGL,CE,Federal Contract Tower,4,16,16,1,37,0,1,9,0,10,4,17,25,1,47,26,0,26,73
02/01/2006,LSE,WI,AGL,CE,Federal Contract Tower,5,15,4,0,24,0,1,13,6,20,5,16,17,6,44,14,12,26,70
02/02/2006,LSE,WI,AGL,CE,Federal Contract Tower,6,16,14,0,36,0,1,28,0,29,6,17,42,0,65,42,2,44,109
02/03/2006,LSE,WI,AGL,CE,Federal Contract Tower,4,17,14,0,35,0,0,1,0,1,4,17,15,0,36,4,0,4,40
02/04/2006,LSE,WI,AGL,CE,Federal Contract Tower,3,10,8,0,21,0,1,11,0,12,3,11,19,0,33,2,0,2,35
02/05/2006,LSE,WI,AGL,CE,Federal Contract Tower,3,14,13,2,32,0,6,48,4,58,3,20,61,6,90,30,14,44,134
02/06/2006,LSE,WI,AGL,CE,Federal Contract Tower,4,14,17,0,35,0,1,19,0,20,4,15,36,0,55,16,0,16,71
02/07/2006,LSE,WI,AGL,CE,Federal Contract Tower,4,16,17,0,37,0,1,29,4,34,4,17,46,4,71,40,0,40,111
02/08/2006,LSE,WI,AGL,CE,Federal Contract Tower,4,15,20,0,39,0,2,31,3,36,4,17,51,3,75,60,0,60,135
02/09/2006,LSE,WI,AGL,CE,Federal Contract Tower,4,18,17,0,39,0,2,8,0,10,4,20,25,0,49,14,0,14,63
02/10/2006,LSE,WI,AGL,CE,Federal Contract Tower,4,18,10,0,32,0,2,12,0,14,4,20,22,0,46,18,0,18,64
02/11/2006,LSE,WI,AGL,CE,Federal Contract Tower,3,10,5,0,18,0,0,22,1,23,3,10,27,1,41,82,0,82,123
02/12/2006,LSE,WI,AGL,CE,Federal Contract Tower,2,12,4,0,18,0,2,21,0,23,2,14,25,0,41,58,0,58,99
02/13/2006,LSE,WI,AGL,CE,Federal Contract Tower,4,12,9,2,27,0,3,13,0,16,4,15,22,2,43,16,0,16,59
02/14/2006,LSE,WI,AGL,CE,Federal Contract Tower,4,15,5,0,24,0,1,15,0,16,4,16,20,0,40,8,0,8,48
02/15/2006,LSE,WI,AGL,CE,Federal Contract Tower,4,16,4,1,25,0,0,23,5,28,4,16,27,6,53,12,0,12,65
02/16/2006,LSE,WI,AGL,CE,Federal Contract Tower,3,4,5,0,12,0,0,0,0,0,3,4,5,0,12,0,0,0,12
02/17/2006,LSE,WI,AGL,CE,Federal Contract Tower,2,17,12,3,34,0,3,15,0,18,2,20,27,3,52,0,0,0,52
02/18/2006,LSE,WI,AGL,CE,Federal Contract Tower,2,8,10,0,20,0,16,13,0,29,2,24,23,0,49,8,0,8,57
02/19/2006,LSE,WI,AGL,CE,Federal Contract Tower,2,16,5,0,23,0,0,27,3,30,2,16,32,3,53,10,12,22,75
02/20/2006,LSE,WI,AGL,CE,Federal Contract Tower,2,17,13,0,32,0,3,17,0,20,2,20,30,0,52,26,0,26,78
02/21/2006,LSE,WI,AGL,CE,Federal Contract Tower,2,17,8,2,29,0,2,30,0,32,2,19,38,2,61,4,0,4,65
02/22/2006,LSE,WI,AGL,CE,Federal Contract Tower,2,17,13,6,38,0,6,30,3,39,2,23,43,9,77,64,12,76,153
02/23/2006,LSE,WI,AGL,CE,Federal Contract Tower,2,17,13,8,40,0,0,16,2,18,2,17,29,10,58,10,16,26,84
02/24/2006,LSE,WI,AGL,CE,Federal Contract Tower,2,21,15,0,38,0,5,16,3,24,2,26,31,3,62,8,4,12,74
02/25/2006,LSE,WI,AGL,CE,Federal Contract Tower,2,13,8,0,23,0,2,47,0,49,2,15,55,0,72,76,0,76,148
02/26/2006,LSE,WI,AGL,CE,Federal Contract Tower,2,14,13,2,31,0,0,35,4,39,2,14,48,6,70,34,6,40,110
02/27/2006,LSE,WI,AGL,CE,Federal Contract Tower,2,19,12,0,33,0,6,16,0,22,2,25,28,0,55,36,0,36,91
02/28/2006,LSE,WI,AGL,CE,Federal Contract Tower,3,19,18,1,41,0,10,32,0,42,3,29,50,1,83,58,0,58,141
03/01/2006,LSE,WI,AGL,CE,Federal Contract Tower,2,18,19,0,39,0,3,24,0,27,2,21,43,0,66,50,0,50,116
03/02/2006,LSE,WI,AGL,CE,Federal Contract Tower,2,18,10,0,30,0,4,15,0,19,2,22,25,0,49,54,0,54,103
03/03/2006,LSE,WI,AGL,CE,Federal Contract Tower,2,20,15,2,39,0,0,33,0,33,2,20,48,2,72,58,0,58,130
03/04/2006,LSE,WI,AGL,CE,Federal Contract Tower,2,16,9,0,27,0,5,82,25,112,2,21,91,25,139,144,12,156,295
03/05/2006,LSE,WI,AGL,CE,Federal Contract Tower,2,9,4,0,15,0,0,0,0,0,2,9,4,0,15,0,0,0,15
03/06/2006,LSE,WI,AGL,CE,Federal Contract Tower,4,17,6,0,27,0,0,8,0,8,4,17,14,0,35,6,0,6,41
03/07/2006,LSE,WI,AGL,CE,Federal Contract Tower,2,19,24,0,45,0,2,13,0,15,2,21,37,0,60,52,0,52,112
03/08/2006,LSE,WI,AGL,CE,Federal Contract Tower,4,26,22,0,52,0,0,0,0,0,4,26,22,0,52,0,0,0,52
03/09/2006,LSE,WI,AGL,CE,Federal Contract Tower,2,19,17,0,38,0,1,0,0,1,2,20,17,0,39,8,0,8,47
03/10/2006,LSE,WI,AGL,CE,Federal Contract Tower,4,20,16,0,40,0,6,44,1,51,4,26,60,1,91,74,0,74,165
03/11/2006,LSE,WI,AGL,CE,Federal Contract Tower,2,15,9,0,26,0,8,31,2,41,2,23,40,2,67,54,0,54,121
03/12/2006,LSE,WI,AGL,CE,Federal Contract Tower,4,14,6,1,25,0,4,14,1,19,4,18,20,2,44,38,0,38,82
03/13/2006,LSE,WI,AGL,CE,Federal Contract Tower,2,19,5,0,26,0,0,0,0,0,2,19,5,0,26,2,0,2,28
03/14/2006,LSE,WI,AGL,CE,Federal Contract Tower,2,16,14,0,32,0,10,27,7,44,2,26,41,7,76,52,4,56,132
03/15/2006,LSE,WI,AGL,CE,Federal Contract Tower,4,23,9,3,39,0,7,32,4,43,4,30,41,7,82,44,8,52,134
03/16/2006,LSE,WI,AGL,CE,Federal Contract Tower,0,13,8,0,21,0,4,0,0,4,0,17,8,0,25,0,0,0,25
03/17/2006,LSE,WI,AGL,CE,Federal Contract Tower,2,17,14,0,33,0,5,46,6,57,2,22,60,6,90,48,0,48,138
03/18/2006,LSE,WI,AGL,CE,Federal Contract Tower,2,16,16,4,38,0,0,82,5,87,2,16,98,9,125,62,0,62,187
03/19/2006,LSE,WI,AGL,CE,Federal Contract Tower,2,14,5,2,23,1,11,63,5,80,3,25,68,7,103,56,0,56,159
03/20/2006,LSE,WI,AGL,CE,Federal Contract Tower,4,17,13,0,34,0,11,19,0,30,4,28,32,0,64,66,0,66,130
03/21/2006,LSE,WI,AGL,CE,Federal Contract Tower,2,18,15,0,35,0,1,32,0,33,2,19,47,0,68,48,0,48,116
03/22/2006,LSE,WI,AGL,CE,Federal Contract Tower,2,16,13,0,31,0,6,54,0,60,2,22,67,0,91,24,0,24,115
03/23/2006,LSE,WI,AGL,CE,Federal Contract Tower,2,19,12,0,33,0,2,14,0,16,2,21,26,0,49,34,0,34,83
03/24/2006,LSE,WI,AGL,CE,Federal Contract Tower,4,19,8,0,31,0,4,28,0,32,4,23,36,0,63,30,0,30,93
03/25/2006,LSE,WI,AGL,CE,Federal Contract Tower,2,15,14,0,31,0,0,47,2,49,2,15,61,2,80,68,0,68,148
03/26/2006,LSE,WI,AGL,CE,Federal Contract Tower,2,14,12,0,28,0,0,39,0,39,2,14,51,0,67,54,0,54,121
03/27/2006,LSE,WI,AGL,CE,Federal Contract Tower,2,17,23,0,42,0,0,8,0,8,2,17,31,0,50,8,0,8,58
03/28/2006,LSE,WI,AGL,CE,Federal Contract Tower,2,17,18,2,39,0,12,32,2,46,2,29,50,4,85,38,4,42,127
03/29/2006,LSE,WI,AGL,CE,Federal Contract Tower,2,17,18,0,37,0,4,17,0,21,2,21,35,0,58,18,0,18,76
03/30/2006,LSE,WI,AGL,CE,Federal Contract Tower,2,19,17,2,40,0,2,8,0,10,2,21,25,2,50,0,0,0,50
03/31/2006,LSE,WI,AGL,CE,Federal Contract Tower,2,20,19,3,44,0,0,0,0,0,2,20,19,3,44,0,0,0,44
04/01/2006,LSE,WI,AGL,CE,Federal Contract Tower,2,14,16,2,34,0,4,41,1,46,2,18,57,3,80,88,0,88,168
04/02/2006,LSE,WI,AGL,CE,Federal Contract Tower,2,14,9,2,27,0,0,0,0,0,2,14,9,2,27,0,0,0,27
04/03/2006,LSE,WI,AGL,CE,Federal Contract Tower,2,15,10,0,27,0,3,16,0,19,2,18,26,0,46,0,0,0,46
04/04/2006,LSE,WI,AGL,CE,Federal Contract Tower,2,19,17,3,41,0,5,30,9,44,2,24,47,12,85,34,10,44,129
04/05/2006,LSE,WI,AGL,CE,Federal Contract Tower,2,18,9,2,31,0,0,47,0,47,2,18,56,2,78,56,0,56,134
04/06/2006,LSE,WI,AGL,CE,Federal Contract Tower,12,16,18,2,48,0,1,6,0,7,12,17,24,2,55,0,2,2,57
04/07/2006,LSE,WI,AGL,CE,Federal Contract Tower,2,21,12,4,39,0,1,19,0,20,2,22,31,4,59,56,0,56,115
04/08/2006,LSE,WI,AGL,CE,Federal Contract Tower,2,17,14,0,33,0,3,58,0,61,2,20,72,0,94,64,0,64,158
04/09/2006,LSE,WI,AGL,CE,Federal Contract Tower,2,16,4,0,22,0,2,34,1,37,2,18,38,1,59,32,6,38,97
04/10/2006,LSE,WI,AGL,CE,Federal Contract Tower,2,17,5,0,24,0,4,21,3,28,2,21,26,3,52,46,2,48,100
04/11/2006,LSE,WI,AGL,CE,Federal Contract Tower,2,18,23,3,46,0,4,21,0,25,2,22,44,3,71,28,2,30,101
04/12/2006,LSE,WI,AGL,CE,Federal Contract Tower,2,19,16,0,37,0,0,26,0,26,2,19,42,0,63,78,0,78,141
04/13/2006,LSE,WI,AGL,CE,Federal Contract Tower,2,20,12,0,34,0,8,16,4,28,2,28,28,4,62,16,2,18,80
04/14/2006,LSE,WI,AGL,CE,Federal Contract Tower,2,17,13,0,32,0,1,66,1,68,2,18,79,1,100,84,4,88,188
04/15/2006,LSE,WI,AGL,CE,Federal Contract Tower,2,15,12,4,33,0,16,38,6,60,2,31,50,10,93,12,4,16,109
04/16/2006,LSE,WI,AGL,CE,Federal Contract Tower,2,11,6,0,19,0,0,3,0,3,2,11,9,0,22,0,0,0,22
04/17/2006,LSE,WI,AGL,CE,Federal Contract Tower,2,15,7,0,24,0,6,37,0,43,2,21,44,0,67,28,0,28,95
04/18/2006,LSE,WI,AGL,CE,Federal Contract Tower,4,20,25,0,49,0,0,29,0,29,4,20,54,0,78,22,0,22,100
04/19/2006,LSE,WI,AGL,CE,Federal Contract Tower,5,19,12,2,38,0,9,22,2,33,5,28,34,4,71,32,22,54,125
04/20/2006,LSE,WI,AGL,CE,Federal Contract Tower,3,20,15,0,38,0,3,32,0,35,3,23,47,0,73,22,0,22,95
04/21/2006,LSE,WI,AGL,CE,Federal Contract Tower,2,17,17,2,38,0,13,9,5,27,2,30,26,7,65,10,8,18,83
04/22/2006,LSE,WI,AGL,CE,Federal Contract Tower,4,16,14,1,35,0,5,17,2,24,4,21,31,3,59,38,0,38,97
04/23/2006,LSE,WI,AGL,CE,Federal Contract Tower,2,17,7,2,28,0,5,39,3,47,2,22,46,5,75,62,0,62,137
04/24/2006,LSE,WI,AGL,CE,Federal Contract Tower,2,16,10,2,30,0,3,21,1,25,2,19,31,3,55,4,0,4,59
04/25/2006,LSE,WI,AGL,CE,Federal Contract Tower,2,19,21,2,44,0,0,61,2,63,2,19,82,4,107,104,0,104,211
04/26/2006,LSE,WI,AGL,CE,Federal Contract Tower,2,17,15,1,35,0,3,34,1,38,2,20,49,2,73,68,0,68,141
04/27/2006,LSE,WI,AGL,CE,Federal Contract Tower,2,16,19,0,37,0,5,56,0,61,2,21,75,0,98,74,2,76,174
04/28/2006,LSE,WI,AGL,CE,Federal Contract Tower,2,17,17,2,38,0,9,22,0,31,2,26,39,2,69,48,0,48,117
04/29/2006,LSE,WI,AGL,CE,Federal Contract Tower,2,16,13,0,31,0,0,0,0,0,2,16,13,0,31,0,0,0,31
04/30/2006,LSE,WI,AGL,CE,Federal Contract Tower,2,17,8,0,27,0,0,2,0,2,2,17,10,0,29,14,0,14,43
05/01/2006,LSE,WI,AGL,CE,Federal Contract Tower,2,19,9,0,30,0,1,0,0,1,2,20,9,0,31,0,0,0,31
05/02/2006,LSE,WI,AGL,CE,Federal Contract Tower,2,21,9,0,32,0,1,26,0,27,2,22,35,0,59,30,0,30,89
05/03/2006,LSE,WI,AGL,CE,Federal Contract Tower,2,19,17,0,38,0,4,11,0,15,2,23,28,0,53,36,0,36,89
05/04/2006,LSE,WI,AGL,CE,Federal Contract Tower,4,20,11,2,37,0,2,29,4,35,4,22,40,6,72,38,0,38,110
05/05/2006,LSE,WI,AGL,CE,Federal Contract Tower,2,18,14,2,36,0,8,19,5,32,2,26,33,7,68,42,0,42,110
05/06/2006,LSE,WI,AGL,CE,Federal Contract Tower,2,16,4,4,26,0,2,55,22,79,2,18,59,26,105,52,0,52,157
05/07/2006,LSE,WI,AGL,CE,Federal Contract Tower,4,17,9,0,30,0,5,59,21,85,4,22,68,21,115,54,0,54,169
05/08/2006,LSE,WI,AGL,CE,Federal Contract Tower,2,17,16,4,39,0,3,5,2,10,2,20,21,6,49,4,2,6,55
05/09/2006,LSE,WI,AGL,CE,Federal Contract Tower,2,21,22,4,49,0,2,3,0,5,2,23,25,4,54,0,0,0,54
05/10/2006,LSE,WI,AGL,CE,Federal Contract Tower,2,19,23,3,47,0,2,24,4,30,2,21,47,7,77,42,0,42,119
05/11/2006,LSE,WI,AGL,CE,Federal Contract Tower,2,21,14,0,37,0,2,3,0,5,2,23,17,0,42,0,0,0,42
05/12/2006,LSE,WI,AGL,CE,Federal Contract Tower,2,21,11,0,34,0,0,1,0,1,2,21,12,0,35,0,0,0,35
05/13/2006,LSE,WI,AGL,CE,Federal Contract Tower,2,17,6,0,25,0,2,1,0,3,2,19,7,0,28,4,0,4,32
05/14/2006,LSE,WI,AGL,CE,Federal Contract Tower,2,14,7,0,23,0,0,0,0,0,2,14,7,0,23,0,0,0,23
05/15/2006,LSE,WI,AGL,CE,Federal Contract Tower,2,15,24,2,43,0,7,20,0,27,2,22,44,2,70,18,0,18,88
05/16/2006,LSE,WI,AGL,CE,Federal Contract Tower,2,18,19,0,39,0,9,17,0,26,2,27,36,0,65,4,0,4,69
05/17/2006,LSE,WI,AGL,CE,Federal Contract Tower,2,19,21,0,42,0,0,13,0,13,2,19,34,0,55,8,0,8,63
05/18/2006,LSE,WI,AGL,CE,Federal Contract Tower,2,19,24,0,45,0,4,39,0,43,2,23,63,0,88,74,0,74,162
05/19/2006,LSE,WI,AGL,CE,Federal Contract Tower,2,17,19,5,43,0,5,39,2,46,2,22,58,7,89,24,16,40,129
05/20/2006,LSE,WI,AGL,CE,Federal Contract Tower,2,15,5,2,24,0,5,30,4,39,2,20,35,6,63,28,4,32,95
05/21/2006,LSE,WI,AGL,CE,Federal Contract Tower,2,13,0,0,15,0,7,50,0,57,2,20,50,0,72,36,0,36,108
05/22/2006,LSE,WI,AGL,CE,Federal Contract Tower,2,16,7,0,25,0,2,35,3,40,2,18,42,3,65,28,0,28,93
05/23/2006,LSE,WI,AGL,CE,Federal Contract Tower,2,16,16,1,35,0,2,33,3,38,2,18,49,4,73,26,22,48,121
05/24/2006,LSE,WI,AGL,CE,Federal Contract Tower,2,16,21,0,39,0,0,8,0,8,2,16,29,0,47,2,0,2,49
05/25/2006,LSE,WI,AGL,CE,Federal Contract Tower,2,15,31,0,48,0,3,9,0,12,2,18,40,0,60,8,0,8,68
05/26/2006,LSE,WI,AGL,CE,Federal Contract Tower,2,16,11,0,29,0,3,25,3,31,2,19,36,3,60,26,0,26,86
05/27/2006,LSE,WI,AGL,CE,Federal Contract Tower,0,14,16,0,30,0,6,33,4,43,0,20,49,4,73,16,0,16,89
05/28/2006,LSE,WI,AGL,CE,Federal Contract Tower,2,12,4,0,18,0,2,22,0,24,2,14,26,0,42,16,0,16,58
05/29/2006,LSE,WI,AGL,CE,Federal Contract Tower,2,11,9,0,22,0,0,14,0,14,2,11,23,0,36,0,0,0,36
05/30/2006,LSE,WI,AGL,CE,Federal Contract Tower,2,15,10,0,27,0,0,7,0,7,2,15,17,0,34,14,0,14,48
05/31/2006,LSE,WI,AGL,CE,Federal Contract Tower,2,13,10,0,25,0,3,37,0,40,2,16,47,0,65,56,0,56,121
06/01/2006,LSE,WI,AGL,CE,Federal Contract Tower,2,17,13,2,34,0,2,27,2,31,2,19,40,4,65,64,6,70,135
06/02/2006,LSE,WI,AGL,CE,Federal Contract Tower,2,19,20,0,41,0,2,42,3,47,2,21,62,3,88,66,10,76,164
06/03/2006,LSE,WI,AGL,CE,Federal Contract Tower,2,14,8,0,24,0,0,41,0,41,2,14,49,0,65,42,0,42,107
06/04/2006,LSE,WI,AGL,CE,Federal Contract Tower,2,14,3,6,25,0,4,39,0,43,2,18,42,6,68,40,12,52,120
06/05/2006,LSE,WI,AGL,CE,Federal Contract Tower,2,16,6,0,24,0,8,36,0,44,2,24,42,0,68,10,0,10,78
06/06/2006,LSE,WI,AGL,CE,Federal Contract Tower,2,17,15,0,34,0,1,15,0,16,2,18,30,0,50,30,4,34,84
06/07/2006,LSE,WI,AGL,CE,Federal Contract Tower,2,17,15,1,35,0,3,17,8,28,2,20,32,9,63,22,12,34,97
06/08/2006,LSE,WI,AGL,CE,Federal Contract Tower,2,16,14,0,32,0,3,29,8,40,2,19,43,8,72,26,8,34,106
06/09/2006,LSE,WI,AGL,CE,Federal Contract Tower,2,17,17,0,36,1,2,30,0,33,3,19,47,0,69,48,0,48,117
06/10/2006,LSE,WI,AGL,CE,Federal Contract Tower,2,15,20,0,37,0,2,71,3,76,2,17,91,3,113,50,2,52,165
06/11/2006,LSE,WI,AGL,CE,Federal Contract Tower,4,13,3,1,21,0,7,53,0,60,4,20,56,1,81,40,2,42,123
06/12/2006,LSE,WI,AGL,CE,Federal Contract Tower,2,16,19,2,39,0,2,40,4,46,2,18,59,6,85,32,4,36,121
06/13/2006,LSE,WI,AGL,CE,Federal Contract Tower,2,17,11,0,30,0,5,39,4,48,2,22,50,4,78,40,8,48,126
06/14/2006,LSE,WI,AGL,CE,Federal Contract Tower,2,18,20,2,42,0,5,52,2,59,2,23,72,4,101,66,0,66,167
06/15/2006,LSE,WI,AGL,CE,Federal Contract Tower,2,20,22,3,47,0,2,46,3,51,2,22,68,6,98,38,74,112,210
06/16/2006,LSE,WI,AGL,CE,Federal Contract Tower,2,15,15,12,44,0,0,42,29,71,2,15,57,41,115,54,118,172,287
06/17/2006,LSE,WI,AGL,CE,Federal Contract Tower,2,15,6,1,24,0,2,44,28,74,2,17,50,29,98,78,55,133,231
06/18/2006,LSE,WI,AGL,CE,Federal Contract Tower,4,14,10,5,33,0,0,28,7,35,4,14,38,12,68,66,22,88,156
06/19/2006,LSE,WI,AGL,CE,Federal Contract Tower,2,16,10,11,39,0,1,31,14,46,2,17,41,25,85,10,22,32,117
06/20/2006,LSE,WI,AGL,CE,Federal Contract Tower,2,17,14,2,35,0,3,12,1,16,2,20,26,3,51,40,8,48,99
06/21/2006,LSE,WI,AGL,CE,Federal Contract Tower,2,19,21,0,42,0,1,23,7,31,2,20,44,7,73,40,4,44,117
06/22/2006,LSE,WI,AGL,CE,Federal Contract Tower,4,19,25,0,48,0,5,46,0,51,4,24,71,0,99,34,0,34,133
06/23/2006,LSE,WI,AGL,CE,Federal Contract Tower,2,18,23,6,49,0,22,83,10,115,2,40,106,16,164,84,4,88,252
06/24/2006,LSE,WI,AGL,CE,Federal Contract Tower,2,14,7,4,27,0,1,41,11,53,2,15,48,15,80,10,2,12,92
06/25/2006,LSE,WI,AGL,CE,Federal Contract Tower,5,17,16,0,38,0,3,6,0,9,5,20,22,0,47,14,0,14,61
06/26/2006,LSE,WI,AGL,CE,Federal Contract Tower,2,16,19,0,37,0,3,37,0,40,2,19,56,0,77,18,0,18,95
06/27/2006,LSE,WI,AGL,CE,Federal Contract Tower,2,17,21,0,40,0,4,29,7,40,2,21,50,7,80,56,6,62,142
06/28/2006,LSE,WI,AGL,CE,Federal Contract Tower,4,21,21,0,46,0,7,37,8,52,4,28,58,8,98,40,8,48,146
06/29/2006,LSE,WI,AGL,CE,Federal Contract Tower,2,18,19,0,39,0,16,49,4,69,2,34,68,4,108,50,0,50,158
06/30/2006,LSE,WI,AGL,CE,Federal Contract Tower,3,18,15,0,36,0,12,66,9,87,3,30,81,9,123,58,6,64,187
07/01/2006,LSE,WI,AGL,CE,Federal Contract Tower,2,19,17,0,38,0,0,16,1,17,2,19,33,1,55,24,0,24,79
07/02/2006,LSE,WI,AGL,CE,Federal Contract Tower,2,14,1,0,17,0,5,66,4,75,2,19,67,4,92,60,0,60,152
07/03/2006,LSE,WI,AGL,CE,Federal Contract Tower,0,18,18,0,36,0,3,28,0,31,0,21,46,0,67,24,0,24,91
07/04/2006,LSE,WI,AGL,CE,Federal Contract Tower,0,16,8,0,24,0,0,55,0,55,0,16,63,0,79,78,0,78,157
07/05/2006,LSE,WI,AGL,CE,Federal Contract Tower,3,19,25,0,47,0,2,48,9,59,3,21,73,9,106,42,4,46,152
07/06/2006,LSE,WI,AGL,CE,Federal Contract Tower,1,20,24,0,45,0,6,26,0,32,1,26,50,0,77,20,0,20,97
07/07/2006,LSE,WI,AGL,CE,Federal Contract Tower,0,21,14,0,35,0,3,42,2,47,0,24,56,2,82,32,4,36,118
07/08/2006,LSE,WI,AGL,CE,Federal Contract Tower,2,21,8,0,31,0,0,26,0,26,2,21,34,0,57,10,0,10,67
07/09/2006,LSE,WI,AGL,CE,Federal Contract Tower,2,13,4,0,19,0,5,36,0,41,2,18,40,0,60,22,0,22,82
07/10/2006,LSE,WI,AGL,CE,Federal Contract Tower,2,18,19,0,39,0,0,28,0,28,2,18,47,0,67,22,0,22,89
07/11/2006,LSE,WI,AGL,CE,Federal Contract Tower,0,20,19,0,39,0,0,29,0,29,0,20,48,0,68,72,0,72,140
07/12/2006,LSE,WI,AGL,CE,Federal Contract Tower,1,19,21,0,41,0,11,39,0,50,1,30,60,0,91,38,4,42,133
07/13/2006,LSE,WI,AGL,CE,Federal Contract Tower,1,18,21,0,40,0,5,33,7,45,1,23,54,7,85,16,0,16,101
07/14/2006,LSE,WI,AGL,CE,Federal Contract Tower,0,21,21,0,42,0,3,38,5,46,0,24,59,5,88,16,0,16,104
07/15/2006,LSE,WI,AGL,CE,Federal Contract Tower,2,14,4,0,20,0,5,36,4,45,2,19,40,4,65,24,0,24,89
07/16/2006,LSE,WI,AGL,CE,Federal Contract Tower,6,14,8,0,28,0,0,33,0,33,6,14,41,0,61,52,0,52,113
07/17/2006,LSE,WI,AGL,CE,Federal Contract Tower,0,22,16,0,38,0,0,28,2,30,0,22,44,2,68,24,4,28,96
07/18/2006,LSE,WI,AGL,CE,Federal Contract Tower,0,21,13,2,36,0,1,45,3,49,0,22,58,5,85,18,0,18,103
07/19/2006,LSE,WI,AGL,CE,Federal Contract Tower,0,17,10,1,28,0,0,4,0,4,0,17,14,1,32,0,0,0,32
07/20/2006,LSE,WI,AGL,CE,Federal Contract Tower,0,20,27,3,50,0,2,44,0,46,0,22,71,3,96,46,2,48,144
07/21/2006,LSE,WI,AGL,CE,Federal Contract Tower,0,19,18,0,37,0,3,34,2,39,0,22,52,2,76,8,0,8,84
07/22/2006,LSE,WI,AGL,CE,Federal Contract Tower,2,13,6,1,22,0,5,48,1,54,2,18,54,2,76,42,10,52,128
07/23/2006,LSE,WI,AGL,CE,Federal Contract Tower,2,14,13,0,29,1,2,57,0,60,3,16,70,0,89,50,0,50,139
07/24/2006,LSE,WI,AGL,CE,Federal Contract Tower,0,17,14,0,31,0,3,36,2,41,0,20,50,2,72,42,2,44,116
07/25/2006,LSE,WI,AGL,CE,Federal Contract Tower,0,21,23,0,44,0,1,33,0,34,0,22,56,0,78,44,0,44,122
07/26/2006,LSE,WI,AGL,CE,Federal Contract Tower,0,20,8,0,28,0,1,35,0,36,0,21,43,0,64,58,2,60,124
07/27/2006,LSE,WI,AGL,CE,Federal Contract Tower,0,17,21,0,38,0,5,45,0,50,0,22,66,0,88,52,0,52,140
07/28/2006,LSE,WI,AGL,CE,Federal Contract Tower,2,18,7,0,27,0,7,32,0,39,2,25,39,0,66,18,0,18,84
07/29/2006,LSE,WI,AGL,CE,Federal Contract Tower,4,15,3,2,24,0,5,64,0,69,4,20,67,2,93,42,0,42,135
07/30/2006,LSE,WI,AGL,CE,Federal Contract Tower,2,17,3,0,22,0,0,27,0,27,2,17,30,0,49,20,0,20,69
07/31/2006,LSE,WI,AGL,CE,Federal Contract Tower,0,20,16,1,37,0,0,56,7,63,0,20,72,8,100,30,0,30,130
08/01/2006,LSE,WI,AGL,CE,Federal Contract Tower,0,19,11,0,30,0,1,12,5,18,0,20,23,5,48,18,4,22,70
08/02/2006,LSE,WI,AGL,CE,Federal Contract Tower,0,20,24,0,44,0,3,23,1,27,0,23,47,1,71,16,0,16,87
08/03/2006,LSE,WI,AGL,CE,Federal Contract Tower,0,22,19,1,42,0,9,32,3,44,0,31,51,4,86,54,28,82,168
08/04/2006,LSE,WI,AGL,CE,Federal Contract Tower,0,17,23,0,40,0,12,36,10,58,0,29,59,10,98,36,38,74,172
08/05/2006,LSE,WI,AGL,CE,Federal Contract Tower,2,19,2,6,29,0,8,35,7,50,2,27,37,13,79,58,12,70,149
08/06/2006,LSE,WI,AGL,CE,Federal Contract Tower,2,15,15,11,43,0,0,18,1,19,2,15,33,12,62,20,6,26,88
08/07/2006,LSE,WI,AGL,CE,Federal Contract Tower,0,19,11,0,30,0,6,24,0,30,0,25,35,0,60,28,0,28,88
08/08/2006,LSE,WI,AGL,CE,Federal Contract Tower,0,18,13,4,35,0,0,59,4,63,0,18,72,8,98,56,14,70,168
08/09/2006,LSE,WI,AGL,CE,Federal Contract Tower,0,23,17,3,43,0,0,10,2,12,0,23,27,5,55,22,0,22,77
08/10/2006,LSE,WI,AGL,CE,Federal Contract Tower,0,25,14,3,42,0,0,22,6,28,0,25,36,9,70,26,6,32,102
08/11/2006,LSE,WI,AGL,CE,Federal Contract Tower,0,20,24,2,46,0,1,21,2,24,0,21,45,4,70,26,2,28,98
08/12/2006,LSE,WI,AGL,CE,Federal Contract Tower,2,15,11,2,30,0,9,88,8,105,2,24,99,10,135,28,0,28,163
08/13/2006,LSE,WI,AGL,CE,Federal Contract Tower,2,12,8,0,22,0,0,32,3,35,2,12,40,3,57,24,4,28,85
08/14/2006,LSE,WI,AGL,CE,Federal Contract Tower,0,21,10,4,35,0,0,32,0,32,0,21,42,4,67,12,0,12,79
08/15/2006,LSE,WI,AGL,CE,Federal Contract Tower,1,20,6,0,27,0,1,33,2,36,1,21,39,2,63,70,18,88,151
08/16/2006,LSE,WI,AGL,CE,Federal Contract Tower,0,21,12,2,35,0,3,44,6,53,0,24,56,8,88,58,20,78,166
08/17/2006,LSE,WI,AGL,CE,Federal Contract Tower,0,21,23,0,44,0,0,7,2,9,0,21,30,2,53,10,0,10,63
08/18/2006,LSE,WI,AGL,CE,Federal Contract Tower,0,15,13,2,30,0,3,4,12,19,0,18,17,14,49,8,0,8,57
08/19/2006,LSE,WI,AGL,CE,Federal Contract Tower,2,16,9,0,27,0,0,24,4,28,2,16,33,4,55,12,0,12,67
08/20/2006,LSE,WI,AGL,CE,Federal Contract Tower,2,15,15,3,35,0,0,62,3,65,2,15,77,6,100,64,0,64,164
08/21/2006,LSE,WI,AGL,CE,Federal Contract Tower,0,20,18,0,38,0,1,44,0,45,0,21,62,0,83,26,0,26,109
08/22/2006,LSE,WI,AGL,CE,Federal Contract Tower,2,21,23,0,46,0,0,40,7,47,2,21,63,7,93,44,0,44,137
08/23/2006,LSE,WI,AGL,CE,Federal Contract Tower,2,25,12,0,39,0,6,34,3,43,2,31,46,3,82,34,0,34,116
08/24/2006,LSE,WI,AGL,CE,Federal Contract Tower,2,18,17,0,37,0,0,3,4,7,2,18,20,4,44,0,0,0,44
08/25/2006,LSE,WI,AGL,CE,Federal Contract Tower,2,17,26,2,47,0,2,17,4,23,2,19,43,6,70,38,2,40,110
08/26/2006,LSE,WI,AGL,CE,Federal Contract Tower,3,14,10,7,34,0,0,8,0,8,3,14,18,7,42,2,4,6,48
08/27/2006,LSE,WI,AGL,CE,Federal Contract Tower,2,14,10,2,28,0,6,60,2,68,2,20,70,4,96,24,0,24,120
08/28/2006,LSE,WI,AGL,CE,Federal Contract Tower,2,18,11,1,32,0,6,19,0,25,2,24,30,1,57,20,0,20,77
08/29/2006,LSE,WI,AGL,CE,Federal Contract Tower,2,19,19,0,40,0,5,27,0,32,2,24,46,0,72,28,0,28,100
08/30/2006,LSE,WI,AGL,CE,Federal Contract Tower,2,17,20,3,42,0,1,29,2,32,2,18,49,5,74,16,4,20,94
08/31/2006,LSE,WI,AGL,CE,Federal Contract Tower,2,15,8,0,25,0,2,60,6,68,2,17,68,6,93,26,0,26,119
09/01/2006,LSE,WI,AGL,CE,Federal Contract Tower,1,20,9,0,30,0,2,45,4,51,1,22,54,4,81,20,20,40,121
09/02/2006,LSE,WI,AGL,CE,Federal Contract Tower,2,16,8,0,26,0,1,52,2,55,2,17,60,2,81,44,0,44,125
09/03/2006,LSE,WI,AGL,CE,Federal Contract Tower,0,10,7,0,17,0,2,4,0,6,0,12,11,0,23,12,0,12,35
09/04/2006,LSE,WI,AGL,CE,Federal Contract Tower,2,15,15,0,32,0,0,12,0,12,2,15,27,0,44,26,0,26,70
09/05/2006,LSE,WI,AGL,CE,Federal Contract Tower,2,17,15,0,34,0,1,31,0,32,2,18,46,0,66,40,0,40,106
09/06/2006,LSE,WI,AGL,CE,Federal Contract Tower,2,21,22,2,47,0,1,60,1,62,2,22,82,3,109,76,4,80,189
09/07/2006,LSE,WI,AGL,CE,Federal Contract Tower,6,17,36,0,59,0,2,48,0,50,6,19,84,0,109,22,0,22,131
09/08/2006,LSE,WI,AGL,CE,Federal Contract Tower,2,18,14,0,34,0,0,32,2,34,2,18,46,2,68,12,8,20,88
09/09/2006,LSE,WI,AGL,CE,Federal Contract Tower,2,15,10,3,30,0,0,12,2,14,2,15,22,5,44,2,0,2,46
09/10/2006,LSE,WI,AGL,CE,Federal Contract Tower,4,11,19,4,38,0,0,3,0,3,4,11,22,4,41,18,0,18,59
09/11/2006,LSE,WI,AGL,CE,Federal Contract Tower,2,20,17,0,39,0,0,0,0,0,2,20,17,0,39,2,0,2,41
09/12/2006,LSE,WI,AGL,CE,Federal Contract Tower,2,17,22,0,41,0,0,2,0,2,2,17,24,0,43,10,0,10,53
09/13/2006,LSE,WI,AGL,CE,Federal Contract Tower,2,20,15,1,38,0,0,33,2,35,2,20,48,3,73,38,4,42,115
09/14/2006,LSE,WI,AGL,CE,Federal Contract Tower,2,17,19,2,40,0,5,37,0,42,2,22,56,2,82,10,10,20,102
09/15/2006,LSE,WI,AGL,CE,Federal Contract Tower,2,21,13,0,36,0,1,48,0,49,2,22,61,0,85,52,0,52,137
09/16/2006,LSE,WI,AGL,CE,Federal Contract Tower,2,12,13,0,27,0,5,15,4,24,2,17,28,4,51,24,8,32,83
09/17/2006,LSE,WI,AGL,CE,Federal Contract Tower,2,13,14,0,29,0,4,14,0,18,2,17,28,0,47,10,0,10,57
09/18/2006,LSE,WI,AGL,CE,Federal Contract Tower,2,20,21,0,43,0,1,15,0,16,2,21,36,0,59,2,0,2,61
09/19/2006,LSE,WI,AGL,CE,Federal Contract Tower,3,20,19,0,42,0,0,5,3,8,3,20,24,3,50,2,8,10,60
09/20/2006,LSE,WI,AGL,CE,Federal Contract Tower,4,18,23,0,45,0,8,45,4,57,4,26,68,4,102,58,16,74,176
09/21/2006,LSE,WI,AGL,CE,Federal Contract Tower,3,21,29,0,53,0,8,40,2,50,3,29,69,2,103,44,2,46,149
09/22/2006,LSE,WI,AGL,CE,Federal Contract Tower,2,19,11,0,32,0,1,4,0,5,2,20,15,0,37,2,0,2,39
09/23/2006,LSE,WI,AGL,CE,Federal Contract Tower,9,11,7,1,28,0,0,24,2,26,9,11,31,3,54,72,2,74,128
09/24/2006,LSE,WI,AGL,CE,Federal Contract Tower,2,12,14,2,30,0,4,69,1,74,2,16,83,3,104,42,0,42,146
09/25/2006,LSE,WI,AGL,CE,Federal Contract Tower,2,17,7,2,28,0,4,42,0,46,2,21,49,2,74,20,0,20,94
09/26/2006,LSE,WI,AGL,CE,Federal Contract Tower,2,19,24,1,46,0,7,48,0,55,2,26,72,1,101,36,0,36,137
09/27/2006,LSE,WI,AGL,CE,Federal Contract Tower,2,26,19,0,47,0,9,7,0,16,2,35,26,0,63,0,0,0,63
09/28/2006,LSE,WI,AGL,CE,Federal Contract Tower,2,23,27,2,54,0,1,46,1,48,2,24,73,3,102,38,0,38,140
09/29/2006,LSE,WI,AGL,CE,Federal Contract Tower,1,22,17,2,42,0,0,19,5,24,1,22,36,7,66,16,0,16,82
09/30/2006,LSE,WI,AGL,CE,Federal Contract Tower,2,13,4,4,23,0,6,53,2,61,2,19,57,6,84,36,0,36,120
10/01/2006,LSE,WI,AGL,CE,Federal Contract Tower,2,14,10,4,30,0,4,67,4,75,2,18,77,8,105,28,0,28,133
10/02/2006,LSE,WI,AGL,CE,Federal Contract Tower,0,18,2,0,20,0,10,43,0,53,0,28,45,0,73,38,0,38,111
10/03/2006,LSE,WI,AGL,CE,Federal Contract Tower,2,16,18,1,37,0,2,37,2,41,2,18,55,3,78,40,0,40,118
10/04/2006,LSE,WI,AGL,CE,Federal Contract Tower,2,19,13,0,34,0,0,9,0,9,2,19,22,0,43,12,0,12,55
10/05/2006,LSE,WI,AGL,CE,Federal Contract Tower,2,21,8,0,31,0,4,47,4,55,2,25,55,4,86,46,22,68,154
10/06/2006,LSE,WI,AGL,CE,Federal Contract Tower,2,21,15,0,38,0,7,48,4,59,2,28,63,4,97,18,18,36,133
10/07/2006,LSE,WI,AGL,CE,Federal Contract Tower,2,12,5,0,19,0,14,41,0,55,2,26,46,0,74,92,0,92,166
10/08/2006,LSE,WI,AGL,CE,Federal Contract Tower,2,16,17,0,35,0,10,59,5,74,2,26,76,5,109,60,2,62,171
10/09/2006,LSE,WI,AGL,CE,Federal Contract Tower,3,21,20,1,45,0,2,38,0,40,3,23,58,1,85,26,0,26,111
10/10/2006,LSE,WI,AGL,CE,Federal Contract Tower,2,19,19,0,40,0,2,47,16,65,2,21,66,16,105,46,68,114,219
10/11/2006,LSE,WI,AGL,CE,Federal Contract Tower,3,20,17,0,40,0,6,2,0,8,3,26,19,0,48,14,0,14,62
10/12/2006,LSE,WI,AGL,CE,Federal Contract Tower,2,14,18,3,37,0,0,14,0,14,2,14,32,3,51,22,8,30,81
10/13/2006,LSE,WI,AGL,CE,Federal Contract Tower,3,18,11,2,34,0,2,5,0,7,3,20,16,2,41,4,0,4,45
10/14/2006,LSE,WI,AGL,CE,Federal Contract Tower,2,14,15,0,31,0,1,69,2,72,2,15,84,2,103,44,0,44,147
10/15/2006,LSE,WI,AGL,CE,Federal Contract Tower,2,15,10,2,29,0,6,86,0,92,2,21,96,2,121,32,0,32,153
10/16/2006,LSE,WI,AGL,CE,Federal Contract Tower,2,19,7,0,28,0,2,2,0,4,2,21,9,0,32,0,0,0,32
10/17/2006,LSE,WI,AGL,CE,Federal Contract Tower,2,19,18,0,39,0,0,3,3,6,2,19,21,3,45,10,0,10,55
10/18/2006,LSE,WI,AGL,CE,Federal Contract Tower,2,20,9,0,31,0,1,1,0,2,2,21,10,0,33,0,0,0,33
10/19/2006,LSE,WI,AGL,CE,Federal Contract Tower,2,23,26,0,51,0,2,34,2,38,2,25,60,2,89,12,2,14,103
10/20/2006,LSE,WI,AGL,CE,Federal Contract Tower,0,17,17,0,34,0,4,33,3,40,0,21,50,3,74,42,6,48,122
10/21/2006,LSE,WI,AGL,CE,Federal Contract Tower,2,13,7,0,22,0,5,21,0,26,2,18,28,0,48,76,0,76,124
10/22/2006,LSE,WI,AGL,CE,Federal Contract Tower,2,15,9,0,26,0,5,28,0,33,2,20,37,0,59,26,0,26,85
10/23/2006,LSE,WI,AGL,CE,Federal Contract Tower,2,18,14,0,34,0,0,12,0,12,2,18,26,0,46,4,0,4,50
10/24/2006,LSE,WI,AGL,CE,Federal Contract Tower,0,17,9,0,26,0,3,33,5,41,0,20,42,5,67,40,12,52,119
10/25/2006,LSE,WI,AGL,CE,Federal Contract Tower,2,18,17,0,37,0,2,43,0,45,2,20,60,0,82,42,0,42,124
10/26/2006,LSE,WI,AGL,CE,Federal Contract Tower,2,18,22,1,43,0,2,17,0,19,2,20,39,1,62,30,2,32,94
10/27/2006,LSE,WI,AGL,CE,Federal Contract Tower,2,20,9,0,31,0,7,57,0,64,2,27,66,0,95,68,0,68,163
10/28/2006,LSE,WI,AGL,CE,Federal Contract Tower,2,14,8,1,25,0,4,12,1,17,2,18,20,2,42,14,0,14,56
10/29/2006,LSE,WI,AGL,CE,Federal Contract Tower,2,13,8,0,23,0,1,47,0,48,2,14,55,0,71,16,0,16,87
10/30/2006,LSE,WI,AGL,CE,Federal Contract Tower,3,16,6,0,25,0,0,32,4,36,3,16,38,4,61,16,0,16,77
10/31/2006,LSE,WI,AGL,CE,Federal Contract Tower,3,17,22,0,42,0,0,6,0,6,3,17,28,0,48,2,0,2,50
11/01/2006,LSE,WI,AGL,CE,Federal Contract Tower,3,19,8,0,30,0,0,25,0,25,3,19,33,0,55,46,0,46,101
11/02/2006,LSE,WI,AGL,CE,Federal Contract Tower,3,16,19,0,38,0,6,19,0,25,3,22,38,0,63,12,0,12,75
11/03/2006,LSE,WI,AGL,CE,Federal Contract Tower,3,15,11,0,29,0,4,50,3,57,3,19,61,3,86,60,0,60,146
11/04/2006,LSE,WI,AGL,CE,Federal Contract Tower,3,14,5,0,22,0,4,7,1,12,3,18,12,1,34,8,0,8,42
11/05/2006,LSE,WI,AGL,CE,Federal Contract Tower,5,13,8,0,26,0,4,35,4,43,5,17,43,4,69,28,0,28,97
11/06/2006,LSE,WI,AGL,CE,Federal Contract Tower,3,17,8,4,32,0,0,8,1,9,3,17,16,5,41,6,4,10,51
11/07/2006,LSE,WI,AGL,CE,Federal Contract Tower,3,20,19,1,43,0,3,24,2,29,3,23,43,3,72,24,12,36,108
11/08/2006,LSE,WI,AGL,CE,Federal Contract Tower,7,19,17,0,43,0,0,35,0,35,7,19,52,0,78,14,0,14,92
11/09/2006,LSE,WI,AGL,CE,Federal Contract Tower,3,18,7,0,28,0,0,31,0,31,3,18,38,0,59,6,0,6,65
11/10/2006,LSE,WI,AGL,CE,Federal Contract Tower,3,15,6,0,24,0,0,1,0,1,3,15,7,0,25,4,0,4,29
11/11/2006,LSE,WI,AGL,CE,Federal Contract Tower,3,13,3,0,19,0,0,24,0,24,3,13,27,0,43,42,0,42,85
11/12/2006,LSE,WI,AGL,CE,Federal Contract Tower,2,12,13,0,27,0,2,14,2,18,2,14,27,2,45,46,0,46,91
11/13/2006,LSE,WI,AGL,CE,Federal Contract Tower,3,18,12,0,33,0,0,7,0,7,3,18,19,0,40,16,0,16,56
11/14/2006,LSE,WI,AGL,CE,Federal Contract Tower,3,15,16,2,36,0,0,9,0,9,3,15,25,2,45,8,2,10,55
11/15/2006,LSE,WI,AGL,CE,Federal Contract Tower,3,16,21,1,41,0,0,13,0,13,3,16,34,1,54,28,0,28,82
11/16/2006,LSE,WI,AGL,CE,Federal Contract Tower,3,16,17,0,36,0,2,2,0,4,3,18,19,0,40,10,0,10,50
11/17/2006,LSE,WI,AGL,CE,Federal Contract Tower,3,16,21,0,40,0,0,20,2,22,3,16,41,2,62,6,2,8,70
11/18/2006,LSE,WI,AGL,CE,Federal Contract Tower,3,13,8,0,24,0,0,15,2,17,3,13,23,2,41,0,0,0,41
11/19/2006,LSE,WI,AGL,CE,Federal Contract Tower,4,15,4,2,25,0,2,69,2,73,4,17,73,4,98,32,0,32,130
11/20/2006,LSE,WI,AGL,CE,Federal Contract Tower,3,16,6,0,25,0,1,36,0,37,3,17,42,0,62,42,0,42,104
11/21/2006,LSE,WI,AGL,CE,Federal Contract Tower,3,16,13,2,34,0,2,25,0,27,3,18,38,2,61,36,0,36,97
11/22/2006,LSE,WI,AGL,CE,Federal Contract Tower,3,19,9,3,34,0,3,31,0,34,3,22,40,3,68,56,0,56,124
11/23/2006,LSE,WI,AGL,CE,Federal Contract Tower,3,9,7,0,19,0,2,28,0,30,3,11,35,0,49,20,0,20,69
11/24/2006,LSE,WI,AGL,CE,Federal Contract Tower,0,17,6,0,23,0,0,40,0,40,0,17,46,0,63,52,0,52,115
11/25/2006,LSE,WI,AGL,CE,Federal Contract Tower,3,15,4,0,22,0,0,24,0,24,3,15,28,0,46,0,0,0,46
11/26/2006,LSE,WI,AGL,CE,Federal Contract Tower,2,14,15,2,33,0,0,0,0,0,2,14,15,2,33,0,0,0,33
11/27/2006,LSE,WI,AGL,CE,Federal Contract Tower,4,16,10,4,34,0,0,0,0,0,4,16,10,4,34,0,0,0,34
11/28/2006,LSE,WI,AGL,CE,Federal Contract Tower,3,18,16,0,37,0,0,0,0,0,3,18,16,0,37,0,0,0,37
11/29/2006,LSE,WI,AGL,CE,Federal Contract Tower,3,16,13,0,32,0,0,5,0,5,3,16,18,0,37,0,0,0,37
11/30/2006,LSE,WI,AGL,CE,Federal Contract Tower,3,17,31,0,51,0,8,17,0,25,3,25,48,0,76,8,0,8,84
12/01/2006,LSE,WI,AGL,CE,Federal Contract Tower,3,12,12,0,27,0,1,15,2,18,3,13,27,2,45,36,6,42,87
12/02/2006,LSE,WI,AGL,CE,Federal Contract Tower,3,13,3,4,23,0,0,25,0,25,3,13,28,4,48,26,0,26,74
12/03/2006,LSE,WI,AGL,CE,Federal Contract Tower,2,13,8,1,24,0,2,9,6,17,2,15,17,7,41,22,0,22,63
12/04/2006,LSE,WI,AGL,CE,Federal Contract Tower,3,17,8,0,28,0,4,0,0,4,3,21,8,0,32,0,0,0,32
12/05/2006,LSE,WI,AGL,CE,Federal Contract Tower,3,17,11,0,31,0,8,3,0,11,3,25,14,0,42,8,0,8,50
12/06/2006,LSE,WI,AGL,CE,Federal Contract Tower,3,17,15,0,35,0,7,5,0,12,3,24,20,0,47,6,2,8,55
12/07/2006,LSE,WI,AGL,CE,Federal Contract Tower,3,19,9,0,31,0,2,13,0,15,3,21,22,0,46,20,0,20,66
12/08/2006,LSE,WI,AGL,CE,Federal Contract Tower,3,17,11,0,31,0,0,34,2,36,3,17,45,2,67,112,0,112,179
12/09/2006,LSE,WI,AGL,CE,Federal Contract Tower,3,17,4,0,24,0,0,62,0,62,3,17,66,0,86,104,0,104,190
12/10/2006,LSE,WI,AGL,CE,Federal Contract Tower,2,13,4,0,19,0,3,42,0,45,2,16,46,0,64,86,0,86,150
12/11/2006,LSE,WI,AGL,CE,Federal Contract Tower,2,16,11,0,29,0,3,7,0,10,2,19,18,0,39,6,0,6,45
12/12/2006,LSE,WI,AGL,CE,Federal Contract Tower,1,13,16,0,30,0,0,0,0,0,1,13,16,0,30,0,0,0,30
12/13/2006,LSE,WI,AGL,CE,Federal Contract Tower,3,19,22,1,45,0,2,16,0,18,3,21,38,1,63,4,0,4,67
12/14/2006,LSE,WI,AGL,CE,Federal Contract Tower,3,18,14,1,36,0,13,16,5,34,3,31,30,6,70,52,6,58,128
12/15/2006,LSE,WI,AGL,CE,Federal Contract Tower,3,19,15,0,37,0,1,20,0,21,3,20,35,0,58,58,0,58,116
12/16/2006,LSE,WI,AGL,CE,Federal Contract Tower,3,16,5,0,24,0,0,5,0,5,3,16,10,0,29,6,0,6,35
12/17/2006,LSE,WI,AGL,CE,Federal Contract Tower,2,13,8,0,23,0,1,34,2,37,2,14,42,2,60,34,0,34,94
12/18/2006,LSE,WI,AGL,CE,Federal Contract Tower,3,21,15,2,41,0,4,27,0,31,3,25,42,2,72,28,0,28,100
12/19/2006,LSE,WI,AGL,CE,Federal Contract Tower,3,23,16,1,43,0,4,27,0,31,3,27,43,1,74,12,0,12,86
12/20/2006,LSE,WI,AGL,CE,Federal Contract Tower,3,20,15,1,39,0,2,23,1,26,3,22,38,2,65,6,0,6,71
12/21/2006,LSE,WI,AGL,CE,Federal Contract Tower,1,15,11,0,27,0,0,0,0,0,1,15,11,0,27,0,0,0,27
12/22/2006,LSE,WI,AGL,CE,Federal Contract Tower,3,13,7,0,23,0,0,0,0,0,3,13,7,0,23,0,0,0,23
12/23/2006,LSE,WI,AGL,CE,Federal Contract Tower,1,15,5,0,21,0,0,1,0,1,1,15,6,0,22,4,0,4,26
12/24/2006,LSE,WI,AGL,CE,Federal Contract Tower,1,15,3,0,19,0,0,16,0,16,1,15,19,0,35,12,0,12,47
12/25/2006,LSE,WI,AGL,CE,Federal Contract Tower,1,13,5,0,19,0,2,4,0,6,1,15,9,0,25,0,0,0,25
12/26/2006,LSE,WI,AGL,CE,Federal Contract Tower,3,20,6,2,31,0,0,16,5,21,3,20,22,7,52,0,18,18,70
12/27/2006,LSE,WI,AGL,CE,Federal Contract Tower,3,20,13,0,36,0,0,25,2,27,3,20,38,2,63,46,0,46,109
12/28/2006,LSE,WI,AGL,CE,Federal Contract Tower,3,17,11,3,34,0,0,17,2,19,3,17,28,5,53,12,10,22,75
12/29/2006,LSE,WI,AGL,CE,Federal Contract Tower,3,18,10,0,31,0,0,0,0,0,3,18,10,0,31,4,0,4,35
12/30/2006,LSE,WI,AGL,CE,Federal Contract Tower,1,17,9,0,27,0,0,0,0,0,1,17,9,0,27,0,0,0,27
12/31/2006,LSE,WI,AGL,CE,Federal Contract Tower,3,10,1,0,14,0,0,0,0,0,3,10,1,0,14,0,0,0,14
01/01/2007,LSE,WI,AGL,CE,Federal Contract Tower,3,13,9,0,25,0,5,19,5,29,3,18,28,5,54,8,16,24,78
01/02/2007,LSE,WI,AGL,CE,Federal Contract Tower,3,22,6,0,31,0,5,30,7,42,3,27,36,7,73,32,12,44,117
01/03/2007,LSE,WI,AGL,CE,Federal Contract Tower,3,18,7,0,28,0,4,20,1,25,3,22,27,1,53,46,0,46,99
01/04/2007,LSE,WI,AGL,CE,Federal Contract Tower,3,18,11,0,32,0,2,8,0,10,3,20,19,0,42,0,0,0,42
01/05/2007,LSE,WI,AGL,CE,Federal Contract Tower,4,18,15,0,37,0,0,1,0,1,4,18,16,0,38,0,0,0,38
01/06/2007,LSE,WI,AGL,CE,Federal Contract Tower,1,16,2,3,22,0,2,13,4,19,1,18,15,7,41,28,0,28,69
01/07/2007,LSE,WI,AGL,CE,Federal Contract Tower,2,12,3,3,20,0,0,8,0,8,2,12,11,3,28,0,0,0,28
01/08/2007,LSE,WI,AGL,CE,Federal Contract Tower,5,19,3,0,27,0,0,17,0,17,5,19,20,0,44,40,0,40,84
01/09/2007,LSE,WI,AGL,CE,Federal Contract Tower,3,22,3,0,28,0,0,0,2,2,3,22,3,2,30,0,0,0,30
01/10/2007,LSE,WI,AGL,CE,Federal Contract Tower,3,19,10,2,34,0,5,5,3,13,3,24,15,5,47,2,0,2,49
01/11/2007,LSE,WI,AGL,CE,Federal Contract Tower,5,23,17,0,45,0,1,14,0,15,5,24,31,0,60,12,0,12,72
01/12/2007,LSE,WI,AGL,CE,Federal Contract Tower,3,17,12,0,32,0,0,15,0,15,3,17,27,0,47,0,0,0,47
01/13/2007,LSE,WI,AGL,CE,Federal Contract Tower,1,16,5,0,22,0,4,9,0,13,1,20,14,0,35,38,0,38,73
01/14/2007,LSE,WI,AGL,CE,Federal Contract Tower,4,13,5,0,22,0,1,10,11,22,4,14,15,11,44,6,4,10,54
01/15/2007,LSE,WI,AGL,CE,Federal Contract Tower,3,15,7,0,25,0,0,0,0,0,3,15,7,0,25,0,0,0,25
01/16/2007,LSE,WI,AGL,CE,Federal Contract Tower,3,20,5,0,28,0,5,11,0,16,3,25,16,0,44,16,0,16,60
01/17/2007,LSE,WI,AGL,CE,Federal Contract Tower,3,21,14,0,38,0,0,32,0,32,3,21,46,0,70,38,0,38,108
01/18/2007,LSE,WI,AGL,CE,Federal Contract Tower,3,20,10,0,33,0,1,6,0,7,3,21,16,0,40,2,0,2,42
01/19/2007,LSE,WI,AGL,CE,Federal Contract Tower,3,19,8,1,31,0,3,24,3,30,3,22,32,4,61,34,0,34,95
01/20/2007,LSE,WI,AGL,CE,Federal Contract Tower,3,16,3,0,22,0,4,27,2,33,3,20,30,2,55,48,2,50,105
01/21/2007,LSE,WI,AGL,CE,Federal Contract Tower,1,10,2,0,13,0,0,0,0,0,1,10,2,0,13,0,0,0,13
01/22/2007,LSE,WI,AGL,CE,Federal Contract Tower,3,17,7,0,27,0,4,0,0,4,3,21,7,0,31,2,0,2,33
01/23/2007,LSE,WI,AGL,CE,Federal Contract Tower,3,18,7,0,28,0,4,11,0,15,3,22,18,0,43,18,0,18,61
01/24/2007,LSE,WI,AGL,CE,Federal Contract Tower,3,19,13,0,35,0,3,5,0,8,3,22,18,0,43,8,0,8,51
01/25/2007,LSE,WI,AGL,CE,Federal Contract Tower,3,20,13,0,36,0,6,31,0,37,3,26,44,0,73,14,0,14,87
01/26/2007,LSE,WI,AGL,CE,Federal Contract Tower,3,18,6,5,32,0,0,22,0,22,3,18,28,5,54,18,18,36,90
01/27/2007,LSE,WI,AGL,CE,Federal Contract Tower,2,17,3,0,22,0,0,0,0,0,2,17,3,0,22,0,0,0,22
01/28/2007,LSE,WI,AGL,CE,Federal Contract Tower,4,12,8,0,24,0,10,21,0,31,4,22,29,0,55,6,0,6,61
01/29/2007,LSE,WI,AGL,CE,Federal Contract Tower,3,17,8,0,28,0,5,4,0,9,3,22,12,0,37,10,0,10,47
01/30/2007,LSE,WI,AGL,CE,Federal Contract Tower,3,17,6,2,28,0,1,10,1,12,3,18,16,3,40,10,0,10,50
01/31/2007,LSE,WI,AGL,CE,Federal Contract Tower,3,18,9,4,34,0,0,8,0,8,3,18,17,4,42,8,0,8,50
02/01/2007,LSE,WI,AGL,CE,Federal Contract Tower,5,18,11,2,36,0,0,11,0,11,5,18,22,2,47,16,0,16,63
02/02/2007,LSE,WI,AGL,CE,Federal Contract Tower,3,19,4,0,26,0,1,3,0,4,3,20,7,0,30,0,0,0,30
02/03/2007,LSE,WI,AGL,CE,Federal Contract Tower,1,15,5,3,24,0,3,4,4,11,1,18,9,7,35,6,2,8,43
02/04/2007,LSE,WI,AGL,CE,Federal Contract Tower,2,12,4,0,18,0,2,0,0,2,2,14,4,0,20,0,0,0,20
02/05/2007,LSE,WI,AGL,CE,Federal Contract Tower,3,15,9,0,27,0,0,5,0,5,3,15,14,0,32,6,0,6,38
02/06/2007,LSE,WI,AGL,CE,Federal Contract Tower,3,13,2,0,18,0,0,0,0,0,3,13,2,0,18,0,0,0,18
02/07/2007,LSE,WI,AGL,CE,Federal Contract Tower,3,18,10,0,31,0,0,8,0,8,3,18,18,0,39,14,0,14,53
02/08/2007,LSE,WI,AGL,CE,Federal Contract Tower,3,20,17,0,40,0,4,9,0,13,3,24,26,0,53,10,0,10,63
02/09/2007,LSE,WI,AGL,CE,Federal Contract Tower,3,18,8,0,29,0,0,6,0,6,3,18,14,0,35,6,0,6,41
02/10/2007,LSE,WI,AGL,CE,Federal Contract Tower,1,16,5,0,22,0,0,24,0,24,1,16,29,0,46,34,0,34,80
02/11/2007,LSE,WI,AGL,CE,Federal Contract Tower,2,11,1,0,14,0,0,0,0,0,2,11,1,0,14,0,0,0,14
02/12/2007,LSE,WI,AGL,CE,Federal Contract Tower,3,20,7,0,30,0,0,2,0,2,3,20,9,0,32,10,0,10,42
02/13/2007,LSE,WI,AGL,CE,Federal Contract Tower,3,15,8,0,26,0,0,0,0,0,3,15,8,0,26,0,0,0,26
02/14/2007,LSE,WI,AGL,CE,Federal Contract Tower,3,20,9,0,32,0,0,9,0,9,3,20,18,0,41,32,0,32,73
02/15/2007,LSE,WI,AGL,CE,Federal Contract Tower,2,20,10,2,34,0,4,19,3,26,2,24,29,5,60,30,8,38,98
02/16/2007,LSE,WI,AGL,CE,Federal Contract Tower,2,20,6,2,30,0,3,10,0,13,2,23,16,2,43,40,0,40,83
02/17/2007,LSE,WI,AGL,CE,Federal Contract Tower,0,16,2,0,18,0,2,18,2,22,0,18,20,2,40,30,0,30,70
02/18/2007,LSE,WI,AGL,CE,Federal Contract Tower,2,13,4,0,19,0,0,18,3,21,2,13,22,3,40,2,0,2,42
02/19/2007,LSE,WI,AGL,CE,Federal Contract Tower,2,19,6,0,27,0,0,12,1,13,2,19,18,1,40,18,0,18,58
02/20/2007,LSE,WI,AGL,CE,Federal Contract Tower,2,21,9,0,32,0,0,34,2,36,2,21,43,2,68,18,0,18,86
02/21/2007,LSE,WI,AGL,CE,Federal Contract Tower,2,21,14,0,37,0,3,22,5,30,2,24,36,5,67,24,4,28,95
02/22/2007,LSE,WI,AGL,CE,Federal Contract Tower,4,24,18,0,46,0,5,15,2,22,4,29,33,2,68,10,2,12,80
02/23/2007,LSE,WI,AGL,CE,Federal Contract Tower,2,20,11,2,35,0,0,5,5,10,2,20,16,7,45,0,14,14,59
02/24/2007,LSE,WI,AGL,CE,Federal Contract Tower,10,5,1,0,16,0,4,0,0,4,10,9,1,0,20,0,0,0,20
02/25/2007,LSE,WI,AGL,CE,Federal Contract Tower,5,8,4,0,17,0,0,0,0,0,5,8,4,0,17,0,0,0,17
02/26/2007,LSE,WI,AGL,CE,Federal Contract Tower,3,17,9,0,29,0,0,0,0,0,3,17,9,0,29,0,0,0,29
02/27/2007,LSE,WI,AGL,CE,Federal Contract Tower,3,21,14,0,38,0,4,7,0,11,3,25,21,0,49,0,0,0,49
02/28/2007,LSE,WI,AGL,CE,Federal Contract Tower,2,18,9,0,29,0,0,7,0,7,2,18,16,0,36,12,0,12,48
03/01/2007,LSE,WI,AGL,CE,Federal Contract Tower,2,8,5,0,15,0,0,0,0,0,2,8,5,0,15,0,0,0,15
03/02/2007,LSE,WI,AGL,CE,Federal Contract Tower,4,14,4,1,23,0,0,0,0,0,4,14,4,1,23,0,0,0,23
03/03/2007,LSE,WI,AGL,CE,Federal Contract Tower,0,13,1,5,19,0,0,16,5,21,0,13,17,10,40,40,14,54,94
03/04/2007,LSE,WI,AGL,CE,Federal Contract Tower,4,15,12,2,33,0,0,33,4,37,4,15,45,6,70,30,18,48,118
03/05/2007,LSE,WI,AGL,CE,Federal Contract Tower,4,22,2,0,28,0,4,16,2,22,4,26,18,2,50,98,12,110,160
03/06/2007,LSE,WI,AGL,CE,Federal Contract Tower,2,19,9,1,31,0,0,12,0,12,2,19,21,1,43,16,0,16,59
03/07/2007,LSE,WI,AGL,CE,Federal Contract Tower,2,20,10,1,33,0,4,44,7,55,2,24,54,8,88,30,12,42,130
03/08/2007,LSE,WI,AGL,CE,Federal Contract Tower,4,21,16,1,42,0,3,7,1,11,4,24,23,2,53,2,0,2,55
03/09/2007,LSE,WI,AGL,CE,Federal Contract Tower,2,19,6,2,29,0,1,2,2,5,2,20,8,4,34,12,0,12,46
03/10/2007,LSE,WI,AGL,CE,Federal Contract Tower,0,14,2,0,16,0,3,63,7,73,0,17,65,7,89,76,10,86,175
03/11/2007,LSE,WI,AGL,CE,Federal Contract Tower,2,15,7,0,24,0,0,33,4,37,2,15,40,4,61,40,4,44,105
03/12/2007,LSE,WI,AGL,CE,Federal Contract Tower,2,20,14,1,37,0,7,11,4,22,2,27,25,5,59,6,2,8,67
03/13/2007,LSE,WI,AGL,CE,Federal Contract Tower,2,18,18,0,38,0,5,20,1,26,2,23,38,1,64,14,0,14,78
03/14/2007,LSE,WI,AGL,CE,Federal Contract Tower,2,25,10,0,37,0,1,7,2,10,2,26,17,2,47,18,0,18,65
03/15/2007,LSE,WI,AGL,CE,Federal Contract Tower,2,20,14,0,36,0,2,22,0,24,2,22,36,0,60,18,0,18,78
03/16/2007,LSE,WI,AGL,CE,Federal Contract Tower,2,22,12,0,36,0,0,6,2,8,2,22,18,2,44,16,4,20,64
03/17/2007,LSE,WI,AGL,CE,Federal Contract Tower,0,16,8,2,26,0,4,45,2,51,0,20,53,4,77,22,0,22,99
03/18/2007,LSE,WI,AGL,CE,Federal Contract Tower,2,16,5,0,23,0,1,14,2,17,2,17,19,2,40,6,6,12,52
03/19/2007,LSE,WI,AGL,CE,Federal Contract Tower,2,18,7,0,27,0,2,10,4,16,2,20,17,4,43,18,8,26,69
03/20/2007,LSE,WI,AGL,CE,Federal Contract Tower,2,20,15,2,39,0,0,33,2,35,2,20,48,4,74,14,6,20,94
03/21/2007,LSE,WI,AGL,CE,Federal Contract Tower,2,19,8,8,37,0,0,2,0,2,2,19,10,8,39,0,0,0,39
03/22/2007,LSE,WI,AGL,CE,Federal Contract Tower,2,19,17,1,39,0,0,27,4,31,2,19,44,5,70,4,16,20,90
03/23/2007,LSE,WI,AGL,CE,Federal Contract Tower,2,20,16,2,40,0,0,39,2,41,2,20,55,4,81,26,4,30,111
03/24/2007,LSE,WI,AGL,CE,Federal Contract Tower,0,14,4,1,19,0,0,10,1,11,0,14,14,2,30,6,0,6,36
03/25/2007,LSE,WI,AGL,CE,Federal Contract Tower,2,15,4,0,21,0,1,7,0,8,2,16,11,0,29,0,0,0,29
03/26/2007,LSE,WI,AGL,CE,Federal Contract Tower,2,16,6,0,24,0,0,14,5,19,2,16,20,5,43,12,6,18,61
03/27/2007,LSE,WI,AGL,CE,Federal Contract Tower,2,18,15,0,35,0,0,10,2,12,2,18,25,2,47,36,2,38,85
03/28/2007,LSE,WI,AGL,CE,Federal Contract Tower,2,17,16,0,35,0,0,0,0,0,2,17,16,0,35,0,0,0,35
03/29/2007,LSE,WI,AGL,CE,Federal Contract Tower,2,20,21,0,43,0,0,17,0,17,2,20,38,0,60,4,0,4,64
03/30/2007,LSE,WI,AGL,CE,Federal Contract Tower,2,24,11,0,37,0,0,1,0,1,2,24,12,0,38,0,0,0,38
03/31/2007,LSE,WI,AGL,CE,Federal Contract Tower,0,13,4,0,17,0,0,2,0,2,0,13,6,0,19,4,0,4,23
04/01/2007,LSE,WI,AGL,CE,Federal Contract Tower,2,16,2,0,20,0,0,0,0,0,2,16,2,0,20,0,0,0,20
04/02/2007,LSE,WI,AGL,CE,Federal Contract Tower,2,19,7,0,28,0,1,20,3,24,2,20,27,3,52,32,6,38,90
04/03/2007,LSE,WI,AGL,CE,Federal Contract Tower,2,17,8,0,27,0,0,0,0,0,2,17,8,0,27,0,0,0,27
04/04/2007,LSE,WI,AGL,CE,Federal Contract Tower,2,20,16,0,38,0,0,0,2,2,2,20,16,2,40,0,0,0,40
04/05/2007,LSE,WI,AGL,CE,Federal Contract Tower,2,20,18,0,40,0,4,8,0,12,2,24,26,0,52,16,0,16,68
04/06/2007,LSE,WI,AGL,CE,Federal Contract Tower,2,18,16,0,36,0,1,16,5,22,2,19,32,5,58,18,2,20,78
04/07/2007,LSE,WI,AGL,CE,Federal Contract Tower,1,16,2,0,19,0,2,14,0,16,1,18,16,0,35,12,0,12,47
04/08/2007,LSE,WI,AGL,CE,Federal Contract Tower,2,13,6,0,21,0,3,34,0,37,2,16,40,0,58,34,0,34,92
04/09/2007,LSE,WI,AGL,CE,Federal Contract Tower,2,20,14,0,36,0,2,51,7,60,2,22,65,7,96,44,0,44,140
04/10/2007,LSE,WI,AGL,CE,Federal Contract Tower,2,23,20,0,45,0,0,13,0,13,2,23,33,0,58,34,0,34,92
04/11/2007,LSE,WI,AGL,CE,Federal Contract Tower,2,18,11,0,31,0,0,0,0,0,2,18,11,0,31,0,0,0,31
04/12/2007,LSE,WI,AGL,CE,Federal Contract Tower,2,20,22,0,44,0,2,3,0,5,2,22,25,0,49,0,0,0,49
04/13/2007,LSE,WI,AGL,CE,Federal Contract Tower,2,22,21,0,45,0,7,25,0,32,2,29,46,0,77,12,0,12,89
04/14/2007,LSE,WI,AGL,CE,Federal Contract Tower,2,14,3,0,19,0,6,37,0,43,2,20,40,0,62,66,0,66,128
04/15/2007,LSE,WI,AGL,CE,Federal Contract Tower,2,13,3,2,20,0,4,37,2,43,2,17,40,4,63,6,0,6,69
04/16/2007,LSE,WI,AGL,CE,Federal Contract Tower,2,18,10,2,32,0,2,30,2,34,2,20,40,4,66,4,6,10,76
04/17/2007,LSE,WI,AGL,CE,Federal Contract Tower,2,21,16,0,39,0,2,24,2,28,2,23,40,2,67,64,4,68,135
04/18/2007,LSE,WI,AGL,CE,Federal Contract Tower,2,20,28,1,51,0,3,67,5,75,2,23,95,6,126,60,6,66,192
04/19/2007,LSE,WI,AGL,CE,Federal Contract Tower,2,25,15,0,42,0,1,47,0,48,2,26,62,0,90,76,0,76,166
04/20/2007,LSE,WI,AGL,CE,Federal Contract Tower,2,19,18,2,41,0,8,49,0,57,2,27,67,2,98,16,0,16,114
04/21/2007,LSE,WI,AGL,CE,Federal Contract Tower,2,15,2,0,19,0,2,34,0,36,2,17,36,0,55,28,0,28,83
04/22/2007,LSE,WI,AGL,CE,Federal Contract Tower,3,14,3,0,20,0,0,9,0,9,3,14,12,0,29,8,0,8,37
04/23/2007,LSE,WI,AGL,CE,Federal Contract Tower,2,18,5,0,25,0,4,19,0,23,2,22,24,0,48,16,0,16,64
04/24/2007,LSE,WI,AGL,CE,Federal Contract Tower,2,17,18,2,39,0,2,11,0,13,2,19,29,2,52,2,2,4,56
04/25/2007,LSE,WI,AGL,CE,Federal Contract Tower,2,18,21,1,42,0,2,25,3,30,2,20,46,4,72,36,6,42,114
04/26/2007,LSE,WI,AGL,CE,Federal Contract Tower,4,17,23,1,45,0,1,13,0,14,4,18,36,1,59,54,0,54,113
04/27/2007,LSE,WI,AGL,CE,Federal Contract Tower,2,19,14,0,35,0,4,44,2,50,2,23,58,2,85,106,0,106,191
04/28/2007,LSE,WI,AGL,CE,Federal Contract Tower,2,14,5,0,21,0,3,43,2,48,2,17,48,2,69,56,0,56,125
04/29/2007,LSE,WI,AGL,CE,Federal Contract Tower,2,14,13,0,29,0,0,43,0,43,2,14,56,0,72,26,0,26,98
04/30/2007,LSE,WI,AGL,CE,Federal Contract Tower,4,20,12,0,36,0,2,27,0,29,4,22,39,0,65,26,0,26,91
05/01/2007,LSE,WI,AGL,CE,Federal Contract Tower,2,23,17,0,42,0,7,30,0,37,2,30,47,0,79,42,0,42,121
05/02/2007,LSE,WI,AGL,CE,Federal Contract Tower,2,25,17,0,44,0,2,36,0,38,2,27,53,0,82,62,0,62,144
05/03/2007,LSE,WI,AGL,CE,Federal Contract Tower,4,22,12,0,38,0,2,22,0,24,4,24,34,0,62,70,0,70,132
05/04/2007,LSE,WI,AGL,CE,Federal Contract Tower,2,19,14,0,35,0,0,17,1,18,2,19,31,1,53,42,4,46,99
05/05/2007,LSE,WI,AGL,CE,Federal Contract Tower,2,14,13,0,29,0,3,19,0,22,2,17,32,0,51,8,0,8,59
05/06/2007,LSE,WI,AGL,CE,Federal Contract Tower,1,14,9,4,28,0,4,13,0,17,1,18,22,4,45,0,0,0,45
05/07/2007,LSE,WI,AGL,CE,Federal Contract Tower,3,20,14,0,37,0,0,25,3,28,3,20,39,3,65,36,16,52,117
05/08/2007,LSE,WI,AGL,CE,Federal Contract Tower,2,23,20,8,53,0,5,13,0,18,2,28,33,8,71,20,8,28,99
05/09/2007,LSE,WI,AGL,CE,Federal Contract Tower,2,20,13,1,36,0,2,55,3,60,2,22,68,4,96,62,2,64,160
05/10/2007,LSE,WI,AGL,CE,Federal Contract Tower,2,16,23,1,42,0,2,39,2,43,2,18,62,3,85,81,4,85,170
05/11/2007,LSE,WI,AGL,CE,Federal Contract Tower,2,21,12,1,36,0,0,39,1,40,2,21,51,2,76,74,12,86,162
05/12/2007,LSE,WI,AGL,CE,Federal Contract Tower,2,17,9,0,28,0,1,70,2,73,2,18,79,2,101,44,0,44,145
05/13/2007,LSE,WI,AGL,CE,Federal Contract Tower,0,15,3,0,18,0,0,22,7,29,0,15,25,7,47,0,0,0,47
05/14/2007,LSE,WI,AGL,CE,Federal Contract Tower,2,18,10,0,30,0,2,11,0,13,2,20,21,0,43,8,0,8,51
05/15/2007,LSE,WI,AGL,CE,Federal Contract Tower,2,23,17,2,44,0,4,17,0,21,2,27,34,2,65,54,0,54,119
05/16/2007,LSE,WI,AGL,CE,Federal Contract Tower,2,24,30,3,59,0,0,22,5,27,2,24,52,8,86,52,2,54,140
05/17/2007,LSE,WI,AGL,CE,Federal Contract Tower,2,20,18,9,49,0,5,44,14,63,2,25,62,23,112,96,54,150,262
05/18/2007,LSE,WI,AGL,CE,Federal Contract Tower,2,18,7,9,36,0,13,81,39,133,2,31,88,48,169,50,212,262,431
05/19/2007,LSE,WI,AGL,CE,Federal Contract Tower,2,14,10,1,27,0,2,149,12,163,2,16,159,13,190,139,22,161,351
05/20/2007,LSE,WI,AGL,CE,Federal Contract Tower,0,15,16,11,42,0,1,70,6,77,0,16,86,17,119,170,0,170,289
05/21/2007,LSE,WI,AGL,CE,Federal Contract Tower,2,16,11,13,42,0,4,30,9,43,2,20,41,22,85,52,2,54,139
05/22/2007,LSE,WI,AGL,CE,Federal Contract Tower,2,22,18,1,43,0,1,32,0,33,2,23,50,1,76,6,0,6,82
05/23/2007,LSE,WI,AGL,CE,Federal Contract Tower,9,15,12,7,43,0,1,4,1,6,9,16,16,8,49,4,0,4,53
05/24/2007,LSE,WI,AGL,CE,Federal Contract Tower,2,21,11,0,34,0,0,0,0,0,2,21,11,0,34,0,0,0,34
05/25/2007,LSE,WI,AGL,CE,Federal Contract Tower,2,20,14,0,36,0,3,97,0,100,2,23,111,0,136,96,0,96,232
05/26/2007,LSE,WI,AGL,CE,Federal Contract Tower,0,16,7,0,23,0,3,3,0,6,0,19,10,0,29,20,0,20,49
05/27/2007,LSE,WI,AGL,CE,Federal Contract Tower,0,18,2,0,20,0,0,24,0,24,0,18,26,0,44,22,0,22,66
05/28/2007,LSE,WI,AGL,CE,Federal Contract Tower,2,15,11,0,28,0,0,30,3,33,2,15,41,3,61,6,2,8,69
05/29/2007,LSE,WI,AGL,CE,Federal Contract Tower,2,18,20,0,40,0,3,17,2,22,2,21,37,2,62,25,10,35,97
05/30/2007,LSE,WI,AGL,CE,Federal Contract Tower,4,20,9,2,35,0,10,22,0,32,4,30,31,2,67,30,0,30,97
05/31/2007,LSE,WI,AGL,CE,Federal Contract Tower,2,21,16,0,39,0,5,38,4,47,2,26,54,4,86,58,2,60,146
06/01/2007,LSE,WI,AGL,CE,Federal Contract Tower,2,18,21,0,41,0,0,17,0,17,2,18,38,0,58,30,0,30,88
06/02/2007,LSE,WI,AGL,CE,Federal Contract Tower,2,12,4,0,18,0,4,32,3,39,2,16,36,3,57,52,10,62,119
06/03/2007,LSE,WI,AGL,CE,Federal Contract Tower,0,10,8,1,19,0,0,5,0,5,0,10,13,1,24,2,0,2,26
06/04/2007,LSE,WI,AGL,CE,Federal Contract Tower,2,18,13,0,33,0,3,14,0,17,2,21,27,0,50,18,0,18,68
06/05/2007,LSE,WI,AGL,CE,Federal Contract Tower,2,19,23,0,44,0,2,50,0,52,2,21,73,0,96,82,0,82,178
06/06/2007,LSE,WI,AGL,CE,Federal Contract Tower,2,23,12,0,37,0,0,1,0,1,2,23,13,0,38,10,0,10,48
06/07/2007,LSE,WI,AGL,CE,Federal Contract Tower,4,16,11,0,31,0,1,0,0,1,4,17,11,0,32,2,0,2,34
06/08/2007,LSE,WI,AGL,CE,Federal Contract Tower,2,21,18,0,41,0,0,31,0,31,2,21,49,0,72,18,0,18,90
06/09/2007,LSE,WI,AGL,CE,Federal Contract Tower,0,18,11,2,31,0,0,61,0,61,0,18,72,2,92,14,0,14,106
06/10/2007,LSE,WI,AGL,CE,Federal Contract Tower,4,15,11,0,30,0,1,52,0,53,4,16,63,0,83,26,0,26,109
06/11/2007,LSE,WI,AGL,CE,Federal Contract Tower,2,20,10,0,32,0,0,37,0,37,2,20,47,0,69,8,0,8,77
06/12/2007,LSE,WI,AGL,CE,Federal Contract Tower,2,21,34,2,59,0,0,40,0,40,2,21,74,2,99,24,2,26,125
06/13/2007,LSE,WI,AGL,CE,Federal Contract Tower,2,20,14,0,36,0,2,33,1,36,2,22,47,1,72,46,2,48,120
06/14/2007,LSE,WI,AGL,CE,Federal Contract Tower,3,23,17,3,46,0,2,54,6,62,3,25,71,9,108,112,0,112,220
06/15/2007,LSE,WI,AGL,CE,Federal Contract Tower,2,24,21,3,50,0,0,34,4,38,2,24,55,7,88,20,4,24,112
06/16/2007,LSE,WI,AGL,CE,Federal Contract Tower,0,17,3,2,22,0,1,5,0,6,0,18,8,2,28,2,0,2,30
06/17/2007,LSE,WI,AGL,CE,Federal Contract Tower,2,15,3,0,20,0,0,20,8,28,2,15,23,8,48,4,10,14,62
06/18/2007,LSE,WI,AGL,CE,Federal Contract Tower,2,15,19,0,36,0,0,3,0,3,2,15,22,0,39,4,2,6,45
06/19/2007,LSE,WI,AGL,CE,Federal Contract Tower,2,22,17,0,41,0,0,24,0,24,2,22,41,0,65,32,0,32,97
06/20/2007,LSE,WI,AGL,CE,Federal Contract Tower,2,20,18,0,40,0,3,25,0,28,2,23,43,0,68,50,0,50,118
06/21/2007,LSE,WI,AGL,CE,Federal Contract Tower,3,24,10,2,39,0,0,19,0,19,3,24,29,2,58,36,0,36,94
06/22/2007,LSE,WI,AGL,CE,Federal Contract Tower,2,22,13,0,37,0,0,7,0,7,2,22,20,0,44,2,0,2,46
06/23/2007,LSE,WI,AGL,CE,Federal Contract Tower,0,17,1,0,18,0,1,49,0,50,0,18,50,0,68,32,8,40,108
06/24/2007,LSE,WI,AGL,CE,Federal Contract Tower,2,14,12,0,28,0,0,30,4,34,2,14,42,4,62,26,1,27,89
06/25/2007,LSE,WI,AGL,CE,Federal Contract Tower,2,20,15,0,37,0,2,7,0,9,2,22,22,0,46,4,0,4,50
06/26/2007,LSE,WI,AGL,CE,Federal Contract Tower,2,15,26,0,43,0,0,18,2,20,2,15,44,2,63,14,0,14,77
06/27/2007,LSE,WI,AGL,CE,Federal Contract Tower,0,21,12,0,33,0,0,39,2,41,0,21,51,2,74,14,0,14,88
06/28/2007,LSE,WI,AGL,CE,Federal Contract Tower,0,26,20,2,48,0,8,38,6,52,0,34,58,8,100,56,6,62,162
06/29/2007,LSE,WI,AGL,CE,Federal Contract Tower,2,21,22,1,46,0,0,32,0,32,2,21,54,1,78,24,0,24,102
06/30/2007,LSE,WI,AGL,CE,Federal Contract Tower,0,15,14,5,34,0,0,54,6,60,0,15,68,11,94,18,18,36,130
07/01/2007,LSE,WI,AGL,CE,Federal Contract Tower,2,14,4,0,20,0,5,36,1,42,2,19,40,1,62,30,0,30,92
07/02/2007,LSE,WI,AGL,CE,Federal Contract Tower,0,19,5,1,25,0,3,47,2,52,0,22,52,3,77,22,0,22,99
07/03/2007,LSE,WI,AGL,CE,Federal Contract Tower,0,21,9,0,30,0,2,27,0,29,0,23,36,0,59,22,0,22,81
07/04/2007,LSE,WI,AGL,CE,Federal Contract Tower,0,13,4,0,17,0,2,23,0,25,0,15,27,0,42,20,0,20,62
07/05/2007,LSE,WI,AGL,CE,Federal Contract Tower,0,23,10,0,33,0,1,49,0,50,0,24,59,0,83,48,0,48,131
07/06/2007,LSE,WI,AGL,CE,Federal Contract Tower,0,24,0,5,29,0,0,42,8,50,0,24,42,13,79,40,6,46,125
07/07/2007,LSE,WI,AGL,CE,Federal Contract Tower,0,17,4,0,21,0,1,40,4,45,0,18,44,4,66,16,4,20,86
07/08/2007,LSE,WI,AGL,CE,Federal Contract Tower,4,13,2,1,20,0,0,24,0,24,4,13,26,1,44,6,0,6,50
07/09/2007,LSE,WI,AGL,CE,Federal Contract Tower,2,26,13,2,43,0,0,27,1,28,2,26,40,3,71,22,6,28,99
07/10/2007,LSE,WI,AGL,CE,Federal Contract Tower,2,19,14,2,37,0,0,15,1,16,2,19,29,3,53,18,10,28,81
07/11/2007,LSE,WI,AGL,CE,Federal Contract Tower,2,23,19,1,45,0,2,43,2,47,2,25,62,3,92,30,2,32,124
07/12/2007,LSE,WI,AGL,CE,Federal Contract Tower,4,21,20,2,47,0,5,32,2,39,4,26,52,4,86,16,28,44,130
07/13/2007,LSE,WI,AGL,CE,Federal Contract Tower,2,26,13,0,41,0,6,62,11,79,2,32,75,11,120,30,4,34,154
07/14/2007,LSE,WI,AGL,CE,Federal Contract Tower,0,17,6,2,25,0,0,32,0,32,0,17,38,2,57,4,0,4,61
07/15/2007,LSE,WI,AGL,CE,Federal Contract Tower,6,16,10,1,33,0,4,41,2,47,6,20,51,3,80,8,6,14,94
07/16/2007,LSE,WI,AGL,CE,Federal Contract Tower,2,20,21,1,44,0,0,18,3,21,2,20,39,4,65,0,0,0,65
07/17/2007,LSE,WI,AGL,CE,Federal Contract Tower,2,20,8,0,30,0,2,5,2,9,2,22,13,2,39,72,0,72,111
07/18/2007,LSE,WI,AGL,CE,Federal Contract Tower,4,19,26,0,49,0,5,17,2,24,4,24,43,2,73,22,0,22,95
07/19/2007,LSE,WI,AGL,CE,Federal Contract Tower,2,19,10,0,31,0,0,26,0,26,2,19,36,0,57,6,0,6,63
07/20/2007,LSE,WI,AGL,CE,Federal Contract Tower,2,21,13,1,37,0,1,42,3,46,2,22,55,4,83,16,4,20,103
07/21/2007,LSE,WI,AGL,CE,Federal Contract Tower,1,17,7,0,25,0,1,63,2,66,1,18,70,2,91,40,0,40,131
07/22/2007,LSE,WI,AGL,CE,Federal Contract Tower,2,15,12,2,31,0,0,50,0,50,2,15,62,2,81,30,0,30,111
07/23/2007,LSE,WI,AGL,CE,Federal Contract Tower,2,23,19,0,44,0,3,27,0,30,2,26,46,0,74,0,0,0,74
07/24/2007,LSE,WI,AGL,CE,Federal Contract Tower,2,27,11,4,44,0,0,35,18,53,2,27,46,22,97,8,0,8,105
07/25/2007,LSE,WI,AGL,CE,Federal Contract Tower,2,22,22,1,47,0,6,71,5,82,2,28,93,6,129,22,0,22,151
07/26/2007,LSE,WI,AGL,CE,Federal Contract Tower,6,24,22,1,53,0,3,36,0,39,6,27,58,1,92,28,16,44,136
07/27/2007,LSE,WI,AGL,CE,Federal Contract Tower,2,18,12,0,32,0,1,18,0,19,2,19,30,0,51,10,0,10,61
07/28/2007,LSE,WI,AGL,CE,Federal Contract Tower,0,17,6,0,23,0,0,44,0,44,0,17,50,0,67,18,0,18,85
07/29/2007,LSE,WI,AGL,CE,Federal Contract Tower,2,20,6,6,34,0,2,50,4,56,2,22,56,10,90,4,6,10,100
07/30/2007,LSE,WI,AGL,CE,Federal Contract Tower,2,22,8,0,32,0,6,54,0,60,2,28,62,0,92,26,0,26,118
07/31/2007,LSE,WI,AGL,CE,Federal Contract Tower,2,22,21,0,45,0,0,28,0,28,2,22,49,0,73,42,0,42,115
08/01/2007,LSE,WI,AGL,CE,Federal Contract Tower,2,23,19,0,44,0,2,26,0,28,2,25,45,0,72,24,0,24,96
08/02/2007,LSE,WI,AGL,CE,Federal Contract Tower,2,24,20,1,47,0,3,31,3,37,2,27,51,4,84,30,0,30,114
08/03/2007,LSE,WI,AGL,CE,Federal Contract Tower,2,25,16,0,43,0,0,45,0,45,2,25,61,0,88,24,0,24,112
08/04/2007,LSE,WI,AGL,CE,Federal Contract Tower,0,16,6,0,22,0,0,10,0,10,0,16,16,0,32,0,0,0,32
08/05/2007,LSE,WI,AGL,CE,Federal Contract Tower,2,17,12,1,32,0,0,10,1,11,2,17,22,2,43,14,0,14,57
08/06/2007,LSE,WI,AGL,CE,Federal Contract Tower,2,20,15,1,38,0,0,14,0,14,2,20,29,1,52,12,0,12,64
08/07/2007,LSE,WI,AGL,CE,Federal Contract Tower,2,22,12,1,37,0,4,15,4,23,2,26,27,5,60,6,4,10,70
08/08/2007,LSE,WI,AGL,CE,Federal Contract Tower,2,22,21,4,49,0,0,35,2,37,2,22,56,6,86,21,62,83,169
08/09/2007,LSE,WI,AGL,CE,Federal Contract Tower,2,24,14,1,41,0,2,33,0,35,2,26,47,1,76,28,8,36,112
08/10/2007,LSE,WI,AGL,CE,Federal Contract Tower,2,23,16,2,43,0,0,29,0,29,2,23,45,2,72,6,0,6,78
08/11/2007,LSE,WI,AGL,CE,Federal Contract Tower,0,19,6,0,25,0,5,23,0,28,0,24,29,0,53,20,0,20,73
08/12/2007,LSE,WI,AGL,CE,Federal Contract Tower,2,15,4,2,23,0,0,37,0,37,2,15,41,2,60,30,0,30,90
08/13/2007,LSE,WI,AGL,CE,Federal Contract Tower,2,22,7,0,31,0,11,26,0,37,2,33,33,0,68,22,0,22,90
08/14/2007,LSE,WI,AGL,CE,Federal Contract Tower,2,22,11,0,35,0,1,12,2,15,2,23,23,2,50,2,0,2,52
08/15/2007,LSE,WI,AGL,CE,Federal Contract Tower,2,20,21,1,44,0,1,10,0,11,2,21,31,1,55,8,0,8,63
08/16/2007,LSE,WI,AGL,CE,Federal Contract Tower,2,26,17,1,46,0,5,50,2,57,2,31,67,3,103,22,2,24,127
08/17/2007,LSE,WI,AGL,CE,Federal Contract Tower,0,21,15,0,36,0,2,45,0,47,0,23,60,0,83,4,0,4,87
08/18/2007,LSE,WI,AGL,CE,Federal Contract Tower,0,11,6,1,18,0,0,1,0,1,0,11,7,1,19,0,0,0,19
08/19/2007,LSE,WI,AGL,CE,Federal Contract Tower,4,13,8,6,31,0,0,0,3,3,4,13,8,9,34,2,0,2,36
08/20/2007,LSE,WI,AGL,CE,Federal Contract Tower,2,11,26,3,42,0,0,9,4,13,2,11,35,7,55,18,6,24,79
08/21/2007,LSE,WI,AGL,CE,Federal Contract Tower,2,15,19,0,36,0,1,17,10,28,2,16,36,10,64,6,0,6,70
08/22/2007,LSE,WI,AGL,CE,Federal Contract Tower,2,18,14,5,39,0,0,17,6,23,2,18,31,11,62,0,0,0,62
08/23/2007,LSE,WI,AGL,CE,Federal Contract Tower,2,20,22,1,45,0,0,3,4,7,2,20,25,5,52,2,0,2,54
08/24/2007,LSE,WI,AGL,CE,Federal Contract Tower,2,16,15,0,33,0,3,17,0,20,2,19,32,0,53,32,0,32,85
08/25/2007,LSE,WI,AGL,CE,Federal Contract Tower,0,15,9,0,24,0,0,67,0,67,0,15,76,0,91,14,0,14,105
08/26/2007,LSE,WI,AGL,CE,Federal Contract Tower,2,16,21,0,39,0,6,36,2,44,2,22,57,2,83,14,0,14,97
08/27/2007,LSE,WI,AGL,CE,Federal Contract Tower,7,20,10,2,39,0,4,19,2,25,7,24,29,4,64,22,0,22,86
08/28/2007,LSE,WI,AGL,CE,Federal Contract Tower,3,18,34,0,55,0,2,38,0,40,3,20,72,0,95,40,0,40,135
08/29/2007,LSE,WI,AGL,CE,Federal Contract Tower,2,25,24,0,51,0,0,26,0,26,2,25,50,0,77,32,0,32,109
08/30/2007,LSE,WI,AGL,CE,Federal Contract Tower,2,30,9,0,41,0,0,45,2,47,2,30,54,2,88,18,0,18,106
08/31/2007,LSE,WI,AGL,CE,Federal Contract Tower,2,21,16,0,39,0,4,49,2,55,2,25,65,2,94,34,8,42,136
09/01/2007,LSE,WI,AGL,CE,Federal Contract Tower,0,16,5,0,21,0,0,33,0,33,0,16,38,0,54,12,0,12,66
09/02/2007,LSE,WI,AGL,CE,Federal Contract Tower,2,13,4,0,19,0,0,40,2,42,2,13,44,2,61,6,0,6,67
09/03/2007,LSE,WI,AGL,CE,Federal Contract Tower,4,16,15,0,35,0,0,38,0,38,4,16,53,0,73,22,0,22,95
09/04/2007,LSE,WI,AGL,CE,Federal Contract Tower,2,21,5,0,28,0,2,20,4,26,2,23,25,4,54,6,4,10,64
09/05/2007,LSE,WI,AGL,CE,Federal Contract Tower,2,20,12,2,36,0,1,34,1,36,2,21,46,3,72,20,2,22,94
09/06/2007,LSE,WI,AGL,CE,Federal Contract Tower,5,19,21,2,47,0,1,19,2,22,5,20,40,4,69,6,10,16,85
09/07/2007,LSE,WI,AGL,CE,Federal Contract Tower,2,17,18,0,37,0,6,19,2,27,2,23,37,2,64,10,6,16,80
09/08/2007,LSE,WI,AGL,CE,Federal Contract Tower,0,14,5,0,19,0,5,68,3,76,0,19,73,3,95,16,0,16,111
09/09/2007,LSE,WI,AGL,CE,Federal Contract Tower,4,16,11,2,33,0,5,30,1,36,4,21,41,3,69,20,0,20,89
09/10/2007,LSE,WI,AGL,CE,Federal Contract Tower,2,18,12,0,32,0,1,3,0,4,2,19,15,0,36,0,0,0,36
09/11/2007,LSE,WI,AGL,CE,Federal Contract Tower,2,22,18,0,42,0,0,4,15,19,2,22,22,15,61,12,22,34,95
09/12/2007,LSE,WI,AGL,CE,Federal Contract Tower,2,21,22,0,45,0,0,41,2,43,2,21,63,2,88,44,2,46,134
09/13/2007,LSE,WI,AGL,CE,Federal Contract Tower,2,19,6,0,27,0,2,16,0,18,2,21,22,0,45,0,0,0,45
09/14/2007,LSE,WI,AGL,CE,Federal Contract Tower,2,20,27,0,49,0,0,23,0,23,2,20,50,0,72,4,0,4,76
09/15/2007,LSE,WI,AGL,CE,Federal Contract Tower,0,14,8,0,22,0,0,38,3,41,0,14,46,3,63,36,0,36,99
09/16/2007,LSE,WI,AGL,CE,Federal Contract Tower,4,15,21,0,40,0,6,42,4,52,4,21,63,4,92,18,2,20,112
09/17/2007,LSE,WI,AGL,CE,Federal Contract Tower,2,19,23,1,45,0,1,8,3,12,2,20,31,4,57,24,6,30,87
09/18/2007,LSE,WI,AGL,CE,Federal Contract Tower,2,16,18,0,36,0,0,3,0,3,2,16,21,0,39,2,0,2,41
09/19/2007,LSE,WI,AGL,CE,Federal Contract Tower,2,17,13,0,32,0,2,38,0,40,2,19,51,0,72,48,0,48,120
09/20/2007,LSE,WI,AGL,CE,Federal Contract Tower,6,21,10,1,38,0,6,35,2,43,6,27,45,3,81,14,0,14,95
09/21/2007,LSE,WI,AGL,CE,Federal Contract Tower,1,15,24,0,40,0,3,11,0,14,1,18,35,0,54,8,0,8,62
09/22/2007,LSE,WI,AGL,CE,Federal Contract Tower,1,19,9,0,29,0,8,38,0,46,1,27,47,0,75,16,0,16,91
09/23/2007,LSE,WI,AGL,CE,Federal Contract Tower,2,15,13,1,31,0,2,56,0,58,2,17,69,1,89,22,6,28,117
09/24/2007,LSE,WI,AGL,CE,Federal Contract Tower,2,17,22,1,42,0,0,22,0,22,2,17,44,1,64,4,0,4,68
09/25/2007,LSE,WI,AGL,CE,Federal Contract Tower,2,21,21,0,44,0,0,8,0,8,2,21,29,0,52,34,0,34,86
09/26/2007,LSE,WI,AGL,CE,Federal Contract Tower,5,23,23,0,51,0,5,34,1,40,5,28,57,1,91,40,10,50,141
09/27/2007,LSE,WI,AGL,CE,Federal Contract Tower,2,21,10,0,33,0,2,41,0,43,2,23,51,0,76,34,0,34,110
09/28/2007,LSE,WI,AGL,CE,Federal Contract Tower,2,21,14,0,37,0,4,60,4,68,2,25,74,4,105,28,2,30,135
09/29/2007,LSE,WI,AGL,CE,Federal Contract Tower,0,15,14,0,29,0,1,9,0,10,0,16,23,0,39,2,0,2,41
09/30/2007,LSE,WI,AGL,CE,Federal Contract Tower,2,12,8,0,22,0,0,19,0,19,2,12,27,0,41,2,0,2,43
10/01/2007,LSE,WI,AGL,CE,Federal Contract Tower,2,20,7,1,30,0,0,6,1,7,2,20,13,2,37,20,0,20,57
10/02/2007,LSE,WI,AGL,CE,Federal Contract Tower,9,16,17,0,42,0,0,6,0,6,9,16,23,0,48,0,0,0,48
10/03/2007,LSE,WI,AGL,CE,Federal Contract Tower,2,21,24,0,47,0,18,55,5,78,2,39,79,5,125,34,6,40,165
10/04/2007,LSE,WI,AGL,CE,Federal Contract Tower,2,24,14,0,40,0,3,42,0,45,2,27,56,0,85,54,0,54,139
10/05/2007,LSE,WI,AGL,CE,Federal Contract Tower,4,18,16,0,38,0,6,26,2,34,4,24,42,2,72,12,0,12,84
10/06/2007,LSE,WI,AGL,CE,Federal Contract Tower,0,14,4,0,18,0,0,30,0,30,0,14,34,0,48,18,0,18,66
10/07/2007,LSE,WI,AGL,CE,Federal Contract Tower,2,15,11,0,28,0,3,15,0,18,2,18,26,0,46,2,0,2,48
10/08/2007,LSE,WI,AGL,CE,Federal Contract Tower,4,16,23,0,43,0,1,12,0,13,4,17,35,0,56,0,0,0,56
10/09/2007,LSE,WI,AGL,CE,Federal Contract Tower,5,23,18,1,47,0,1,19,1,21,5,24,37,2,68,28,0,28,96
10/10/2007,LSE,WI,AGL,CE,Federal Contract Tower,3,22,14,0,39,0,4,17,0,21,3,26,31,0,60,12,0,12,72
10/11/2007,LSE,WI,AGL,CE,Federal Contract Tower,4,18,23,1,46,0,0,30,3,33,4,18,53,4,79,42,0,42,121
10/12/2007,LSE,WI,AGL,CE,Federal Contract Tower,2,21,18,0,41,0,1,15,0,16,2,22,33,0,57,16,0,16,73
10/13/2007,LSE,WI,AGL,CE,Federal Contract Tower,0,11,10,0,21,0,7,71,27,105,0,18,81,27,126,26,10,36,162
10/14/2007,LSE,WI,AGL,CE,Federal Contract Tower,2,14,23,0,39,0,0,0,0,0,2,14,23,0,39,0,0,0,39
10/15/2007,LSE,WI,AGL,CE,Federal Contract Tower,2,15,18,0,35,0,0,0,0,0,2,15,18,0,35,0,0,0,35
10/16/2007,LSE,WI,AGL,CE,Federal Contract Tower,0,17,18,4,39,0,0,3,0,3,0,17,21,4,42,0,4,4,46
10/17/2007,LSE,WI,AGL,CE,Federal Contract Tower,2,14,21,0,37,0,1,12,0,13,2,15,33,0,50,0,0,0,50
10/18/2007,LSE,WI,AGL,CE,Federal Contract Tower,2,13,16,2,33,0,0,0,0,0,2,13,16,2,33,0,0,0,33
10/19/2007,LSE,WI,AGL,CE,Federal Contract Tower,4,22,24,0,50,0,7,0,0,7,4,29,24,0,57,6,0,6,63
10/20/2007,LSE,WI,AGL,CE,Federal Contract Tower,0,14,13,0,27,0,9,59,3,71,0,23,72,3,98,40,6,46,144
10/21/2007,LSE,WI,AGL,CE,Federal Contract Tower,2,13,18,0,33,0,0,23,0,23,2,13,41,0,56,40,0,40,96
10/22/2007,LSE,WI,AGL,CE,Federal Contract Tower,4,25,26,0,55,0,1,12,1,14,4,26,38,1,69,14,0,14,83
10/23/2007,LSE,WI,AGL,CE,Federal Contract Tower,2,18,20,0,40,0,0,37,2,39,2,18,57,2,79,28,10,38,117
10/24/2007,LSE,WI,AGL,CE,Federal Contract Tower,2,25,20,0,47,0,5,53,18,76,2,30,73,18,123,46,8,54,177
10/25/2007,LSE,WI,AGL,CE,Federal Contract Tower,2,22,17,1,42,0,4,46,4,54,2,26,63,5,96,44,6,50,146
10/26/2007,LSE,WI,AGL,CE,Federal Contract Tower,2,19,10,0,31,0,0,4,3,7,2,19,14,3,38,2,2,4,42
10/27/2007,LSE,WI,AGL,CE,Federal Contract Tower,0,16,6,0,22,0,7,41,2,50,0,23,47,2,72,22,0,22,94
10/28/2007,LSE,WI,AGL,CE,Federal Contract Tower,2,18,3,0,23,0,15,60,0,75,2,33,63,0,98,64,0,64,162
10/29/2007,LSE,WI,AGL,CE,Federal Contract Tower,2,18,0,0,20,0,4,21,0,25,2,22,21,0,45,16,0,16,61
10/30/2007,LSE,WI,AGL,CE,Federal Contract Tower,2,19,8,4,33,0,1,33,0,34,2,20,41,4,67,4,26,30,97
10/31/2007,LSE,WI,AGL,CE,Federal Contract Tower,2,24,9,0,35,0,0,7,3,10,2,24,16,3,45,10,6,16,61
11/01/2007,LSE,WI,AGL,CE,Federal Contract Tower,2,21,5,2,30,0,5,44,2,51,2,26,49,4,81,18,4,22,103
11/02/2007,LSE,WI,AGL,CE,Federal Contract Tower,2,21,12,0,35,0,0,18,0,18,2,21,30,0,53,6,0,6,59
11/03/2007,LSE,WI,AGL,CE,Federal Contract Tower,0,18,1,0,19,0,3,62,4,69,0,21,63,4,88,22,0,22,110
11/04/2007,LSE,WI,AGL,CE,Federal Contract Tower,2,16,6,0,24,0,1,28,0,29,2,17,34,0,53,54,0,54,107
11/05/2007,LSE,WI,AGL,CE,Federal Contract Tower,2,20,7,0,29,0,2,1,0,3,2,22,8,0,32,0,0,0,32
11/06/2007,LSE,WI,AGL,CE,Federal Contract Tower,3,20,15,0,38,0,0,9,0,9,3,20,24,0,47,8,0,8,55
11/07/2007,LSE,WI,AGL,CE,Federal Contract Tower,4,18,21,0,43,0,0,42,0,42,4,18,63,0,85,14,0,14,99
11/08/2007,LSE,WI,AGL,CE,Federal Contract Tower,2,28,12,0,42,0,1,35,6,42,2,29,47,6,84,38,8,46,130
11/09/2007,LSE,WI,AGL,CE,Federal Contract Tower,2,19,7,0,28,0,2,20,11,33,2,21,27,11,61,0,28,28,89
11/10/2007,LSE,WI,AGL,CE,Federal Contract Tower,2,15,12,2,31,0,2,20,8,30,2,17,32,10,61,10,0,10,71
11/11/2007,LSE,WI,AGL,CE,Federal Contract Tower,5,22,9,0,36,0,0,11,0,11,5,22,20,0,47,0,0,0,47
11/12/2007,LSE,WI,AGL,CE,Federal Contract Tower,2,17,26,0,45,0,5,22,0,27,2,22,48,0,72,12,0,12,84
11/13/2007,LSE,WI,AGL,CE,Federal Contract Tower,3,20,23,0,46,0,0,22,3,25,3,20,45,3,71,12,4,16,87
11/14/2007,LSE,WI,AGL,CE,Federal Contract Tower,2,25,23,0,50,0,1,8,0,9,2,26,31,0,59,26,0,26,85
11/15/2007,LSE,WI,AGL,CE,Federal Contract Tower,2,19,19,0,40,0,2,8,4,14,2,21,27,4,54,12,14,26,80
11/16/2007,LSE,WI,AGL,CE,Federal Contract Tower,2,23,15,0,40,0,1,24,0,25,2,24,39,0,65,18,0,18,83
11/17/2007,LSE,WI,AGL,CE,Federal Contract Tower,2,17,7,0,26,0,3,2,0,5,2,20,9,0,31,6,0,6,37
11/18/2007,LSE,WI,AGL,CE,Federal Contract Tower,2,14,7,0,23,0,1,18,2,21,2,15,25,2,44,6,0,6,50
11/19/2007,LSE,WI,AGL,CE,Federal Contract Tower,2,17,11,0,30,0,0,0,0,0,2,17,11,0,30,0,0,0,30
11/20/2007,LSE,WI,AGL,CE,Federal Contract Tower,2,18,19,0,39,0,0,8,4,12,2,18,27,4,51,28,16,44,95
11/21/2007,LSE,WI,AGL,CE,Federal Contract Tower,4,19,10,0,33,0,4,8,5,17,4,23,18,5,50,6,30,36,86
11/22/2007,LSE,WI,AGL,CE,Federal Contract Tower,0,10,2,0,12,0,1,4,0,5,0,11,6,0,17,2,0,2,19
11/23/2007,LSE,WI,AGL,CE,Federal Contract Tower,0,14,9,1,24,0,0,39,0,39,0,14,48,1,63,40,0,40,103
11/24/2007,LSE,WI,AGL,CE,Federal Contract Tower,4,17,4,0,25,0,2,35,1,38,4,19,39,1,63,38,0,38,101
11/25/2007,LSE,WI,AGL,CE,Federal Contract Tower,2,17,7,0,26,0,1,22,3,26,2,18,29,3,52,32,8,40,92
11/26/2007,LSE,WI,AGL,CE,Federal Contract Tower,2,17,8,2,29,0,0,20,0,20,2,17,28,2,49,42,0,42,91
11/27/2007,LSE,WI,AGL,CE,Federal Contract Tower,2,20,13,0,35,0,0,20,4,24,2,20,33,4,59,20,0,20,79
11/28/2007,LSE,WI,AGL,CE,Federal Contract Tower,4,20,7,0,31,0,1,2,0,3,4,21,9,0,34,0,0,0,34
11/29/2007,LSE,WI,AGL,CE,Federal Contract Tower,2,21,13,0,36,0,3,25,3,31,2,24,38,3,67,16,4,20,87
11/30/2007,LSE,WI,AGL,CE,Federal Contract Tower,2,21,7,0,30,0,0,12,1,13,2,21,19,1,43,18,0,18,61
12/01/2007,LSE,WI,AGL,CE,Federal Contract Tower,0,3,3,0,6,0,0,1,2,3,0,3,4,2,9,4,8,12,21
12/02/2007,LSE,WI,AGL,CE,Federal Contract Tower,0,12,4,0,16,0,0,0,0,0,0,12,4,0,16,0,0,0,16
12/03/2007,LSE,WI,AGL,CE,Federal Contract Tower,1,19,7,0,27,0,5,18,0,23,1,24,25,0,50,10,0,10,60
12/04/2007,LSE,WI,AGL,CE,Federal Contract Tower,2,15,16,1,34,0,0,0,1,1,2,15,16,2,35,0,0,0,35
12/05/2007,LSE,WI,AGL,CE,Federal Contract Tower,0,20,13,0,33,0,1,10,0,11,0,21,23,0,44,4,0,4,48
12/06/2007,LSE,WI,AGL,CE,Federal Contract Tower,2,22,11,0,35,0,0,4,0,4,2,22,15,0,39,0,0,0,39
12/07/2007,LSE,WI,AGL,CE,Federal Contract Tower,0,20,13,0,33,0,1,3,0,4,0,21,16,0,37,2,0,2,39
12/08/2007,LSE,WI,AGL,CE,Federal Contract Tower,1,14,17,0,32,0,0,0,1,1,1,14,17,1,33,4,4,8,41
12/09/2007,LSE,WI,AGL,CE,Federal Contract Tower,0,17,4,0,21,0,0,0,0,0,0,17,4,0,21,0,0,0,21
12/10/2007,LSE,WI,AGL,CE,Federal Contract Tower,0,17,9,0,26,0,0,6,2,8,0,17,15,2,34,4,0,4,38
12/11/2007,LSE,WI,AGL,CE,Federal Contract Tower,0,20,13,0,33,0,3,0,0,3,0,23,13,0,36,2,0,2,38
12/12/2007,LSE,WI,AGL,CE,Federal Contract Tower,0,27,15,0,42,0,5,25,1,31,0,32,40,1,73,2,0,2,75
12/13/2007,LSE,WI,AGL,CE,Federal Contract Tower,0,23,17,2,42,0,0,2,0,2,0,23,19,2,44,0,0,0,44
12/14/2007,LSE,WI,AGL,CE,Federal Contract Tower,0,23,19,0,42,0,2,12,4,18,0,25,31,4,60,2,8,10,70
12/15/2007,LSE,WI,AGL,CE,Federal Contract Tower,0,16,5,1,22,0,3,2,5,10,0,19,7,6,32,0,0,0,32
12/16/2007,LSE,WI,AGL,CE,Federal Contract Tower,0,15,5,0,20,0,0,1,0,1,0,15,6,0,21,0,0,0,21
12/17/2007,LSE,WI,AGL,CE,Federal Contract Tower,0,18,7,0,25,0,6,9,0,15,0,24,16,0,40,6,0,6,46
12/18/2007,LSE,WI,AGL,CE,Federal Contract Tower,0,25,14,0,39,0,1,10,4,15,0,26,24,4,54,4,8,12,66
12/19/2007,LSE,WI,AGL,CE,Federal Contract Tower,2,23,19,0,44,0,0,0,1,1,2,23,19,1,45,0,0,0,45
12/20/2007,LSE,WI,AGL,CE,Federal Contract Tower,2,29,15,0,46,0,0,0,0,0,2,29,15,0,46,0,0,0,46
12/21/2007,LSE,WI,AGL,CE,Federal Contract Tower,2,19,6,0,27,0,0,0,0,0,2,19,6,0,27,0,0,0,27
12/22/2007,LSE,WI,AGL,CE,Federal Contract Tower,0,10,4,0,14,0,0,0,0,0,0,10,4,0,14,0,0,0,14
12/23/2007,LSE,WI,AGL,CE,Federal Contract Tower,2,1,4,0,7,0,0,0,0,0,2,1,4,0,7,0,0,0,7
12/24/2007,LSE,WI,AGL,CE,Federal Contract Tower,0,12,4,0,16,0,7,2,0,9,0,19,6,0,25,4,0,4,29
12/25/2007,LSE,WI,AGL,CE,Federal Contract Tower,2,10,1,0,13,0,0,1,0,1,2,10,2,0,14,0,0,0,14
12/26/2007,LSE,WI,AGL,CE,Federal Contract Tower,2,18,14,0,34,0,0,0,0,0,2,18,14,0,34,0,0,0,34
12/27/2007,LSE,WI,AGL,CE,Federal Contract Tower,2,20,5,0,27,0,0,2,0,2,2,20,7,0,29,0,0,0,29
12/28/2007,LSE,WI,AGL,CE,Federal Contract Tower,2,12,3,0,17,0,0,0,0,0,2,12,3,0,17,0,0,0,17
12/29/2007,LSE,WI,AGL,CE,Federal Contract Tower,0,16,4,0,20,0,0,0,0,0,0,16,4,0,20,0,0,0,20
12/30/2007,LSE,WI,AGL,CE,Federal Contract Tower,2,11,10,0,23,0,0,0,0,0,2,11,10,0,23,0,0,0,23
12/31/2007,LSE,WI,AGL,CE,Federal Contract Tower,2,16,2,4,24,0,0,0,1,1,2,16,2,5,25,0,26,26,51
01/01/2008,LSE,WI,AGL,CE,Federal Contract Tower,2,12,1,0,15,0,0,4,2,6,2,12,5,2,21,2,20,22,43
01/02/2008,LSE,WI,AGL,CE,Federal Contract Tower,4,23,12,0,39,0,0,23,0,23,4,23,35,0,62,2,0,2,64
01/03/2008,LSE,WI,AGL,CE,Federal Contract Tower,4,20,8,0,32,0,0,13,3,16,4,20,21,3,48,12,0,12,60
01/04/2008,LSE,WI,AGL,CE,Federal Contract Tower,2,20,14,0,36,0,3,11,1,15,2,23,25,1,51,6,0,6,57
01/05/2008,LSE,WI,AGL,CE,Federal Contract Tower,0,23,10,4,37,0,0,5,0,5,0,23,15,4,42,14,2,16,58
01/06/2008,LSE,WI,AGL,CE,Federal Contract Tower,0,9,5,0,14,0,0,0,0,0,0,9,5,0,14,0,0,0,14
01/07/2008,LSE,WI,AGL,CE,Federal Contract Tower,3,10,2,0,15,0,0,0,0,0,3,10,2,0,15,0,0,0,15
01/08/2008,LSE,WI,AGL,CE,Federal Contract Tower,4,16,9,0,29,0,0,0,0,0,4,16,9,0,29,0,0,0,29
01/09/2008,LSE,WI,AGL,CE,Federal Contract Tower,3,19,20,1,43,0,4,25,5,34,3,23,45,6,77,64,14,78,155
01/10/2008,LSE,WI,AGL,CE,Federal Contract Tower,2,23,11,0,36,0,0,2,3,5,2,23,13,3,41,0,8,8,49
01/11/2008,LSE,WI,AGL,CE,Federal Contract Tower,4,20,12,2,38,0,0,0,5,5,4,20,12,7,43,0,10,10,53
01/12/2008,LSE,WI,AGL,CE,Federal Contract Tower,3,13,8,0,24,0,0,0,0,0,3,13,8,0,24,2,0,2,26
01/13/2008,LSE,WI,AGL,CE,Federal Contract Tower,5,15,3,1,24,0,0,14,3,17,5,15,17,4,41,2,4,6,47
01/14/2008,LSE,WI,AGL,CE,Federal Contract Tower,3,19,4,0,26,0,0,8,0,8,3,19,12,0,34,4,0,4,38
01/15/2008,LSE,WI,AGL,CE,Federal Contract Tower,2,20,14,0,36,0,0,18,5,23,2,20,32,5,59,40,30,70,129
01/16/2008,LSE,WI,AGL,CE,Federal Contract Tower,3,19,15,2,39,0,0,3,0,3,3,19,18,2,42,14,26,40,82
01/17/2008,LSE,WI,AGL,CE,Federal Contract Tower,6,14,9,2,31,0,0,0,0,0,6,14,9,2,31,0,0,0,31
01/18/2008,LSE,WI,AGL,CE,Federal Contract Tower,5,18,2,0,25,0,4,9,0,13,5,22,11,0,38,4,0,4,42
01/19/2008,LSE,WI,AGL,CE,Federal Contract Tower,4,13,0,0,17,0,0,11,2,13,4,13,11,2,30,6,2,8,38
01/20/2008,LSE,WI,AGL,CE,Federal Contract Tower,6,15,4,0,25,0,0,9,0,9,6,15,13,0,34,4,0,4,38
01/21/2008,LSE,WI,AGL,CE,Federal Contract Tower,1,8,7,0,16,0,0,0,0,0,1,8,7,0,16,0,0,0,16
01/22/2008,LSE,WI,AGL,CE,Federal Contract Tower,3,14,8,0,25,0,2,8,0,10,3,16,16,0,35,2,0,2,37
01/23/2008,LSE,WI,AGL,CE,Federal Contract Tower,2,15,21,0,38,0,1,0,0,1,2,16,21,0,39,4,0,4,43
01/24/2008,LSE,WI,AGL,CE,Federal Contract Tower,6,17,9,5,37,0,4,9,0,13,6,21,18,5,50,8,14,22,72
01/25/2008,LSE,WI,AGL,CE,Federal Contract Tower,2,17,15,0,34,0,0,7,0,7,2,17,22,0,41,0,0,0,41
01/26/2008,LSE,WI,AGL,CE,Federal Contract Tower,4,12,2,0,18,0,0,0,0,0,4,12,2,0,18,0,0,0,18
01/27/2008,LSE,WI,AGL,CE,Federal Contract Tower,2,13,1,0,16,0,0,38,0,38,2,13,39,0,54,50,0,50,104
01/28/2008,LSE,WI,AGL,CE,Federal Contract Tower,4,17,4,0,25,0,0,4,0,4,4,17,8,0,29,0,0,0,29
01/29/2008,LSE,WI,AGL,CE,Federal Contract Tower,2,8,7,0,17,0,0,0,0,0,2,8,7,0,17,0,0,0,17
01/30/2008,LSE,WI,AGL,CE,Federal Contract Tower,3,19,11,0,33,0,0,0,0,0,3,19,11,0,33,0,0,0,33
01/31/2008,LSE,WI,AGL,CE,Federal Contract Tower,4,16,5,2,27,0,2,9,0,11,4,18,14,2,38,4,0,4,42
02/01/2008,LSE,WI,AGL,CE,Federal Contract Tower,4,15,7,0,26,0,2,4,2,8,4,17,11,2,34,8,14,22,56
02/02/2008,LSE,WI,AGL,CE,Federal Contract Tower,3,15,1,0,19,0,0,0,0,0,3,15,1,0,19,0,0,0,19
02/03/2008,LSE,WI,AGL,CE,Federal Contract Tower,2,13,0,0,15,0,0,0,0,0,2,13,0,0,15,0,0,0,15
02/04/2008,LSE,WI,AGL,CE,Federal Contract Tower,1,11,6,0,18,0,0,0,0,0,1,11,6,0,18,0,0,0,18
02/05/2008,LSE,WI,AGL,CE,Federal Contract Tower,3,12,13,0,28,0,5,0,0,5,3,17,13,0,33,4,0,4,37
02/06/2008,LSE,WI,AGL,CE,Federal Contract Tower,4,12,11,0,27,0,0,1,0,1,4,12,12,0,28,0,0,0,28
02/07/2008,LSE,WI,AGL,CE,Federal Contract Tower,6,16,18,0,40,0,0,1,0,1,6,16,19,0,41,0,0,0,41
02/08/2008,LSE,WI,AGL,CE,Federal Contract Tower,3,15,12,0,30,0,0,0,2,2,3,15,12,2,32,0,16,16,48
02/09/2008,LSE,WI,AGL,CE,Federal Contract Tower,6,10,5,0,21,0,0,0,0,0,6,10,5,0,21,0,0,0,21
02/10/2008,LSE,WI,AGL,CE,Federal Contract Tower,3,14,2,0,19,0,0,1,0,1,3,14,3,0,20,0,0,0,20
02/11/2008,LSE,WI,AGL,CE,Federal Contract Tower,3,15,15,0,33,0,4,1,0,5,3,19,16,0,38,0,0,0,38
02/12/2008,LSE,WI,AGL,CE,Federal Contract Tower,4,20,14,0,38,0,2,1,3,6,4,22,15,3,44,0,16,16,60
02/13/2008,LSE,WI,AGL,CE,Federal Contract Tower,3,14,13,2,32,0,0,17,0,17,3,14,30,2,49,60,0,60,109
02/14/2008,LSE,WI,AGL,CE,Federal Contract Tower,5,17,16,0,38,0,0,12,0,12,5,17,28,0,50,16,0,16,66
02/15/2008,LSE,WI,AGL,CE,Federal Contract Tower,4,17,12,0,33,0,0,17,4,21,4,17,29,4,54,48,0,48,102
02/16/2008,LSE,WI,AGL,CE,Federal Contract Tower,2,17,0,0,19,0,8,40,0,48,2,25,40,0,67,38,0,38,105
02/17/2008,LSE,WI,AGL,CE,Federal Contract Tower,0,4,3,0,7,0,0,0,0,0,0,4,3,0,7,0,0,0,7
02/18/2008,LSE,WI,AGL,CE,Federal Contract Tower,2,18,13,0,33,0,2,0,0,2,2,20,13,0,35,0,0,0,35
02/19/2008,LSE,WI,AGL,CE,Federal Contract Tower,2,15,20,0,37,0,1,9,0,10,2,16,29,0,47,0,0,0,47
02/20/2008,LSE,WI,AGL,CE,Federal Contract Tower,2,19,7,0,28,0,0,9,0,9,2,19,16,0,37,8,0,8,45
02/21/2008,LSE,WI,AGL,CE,Federal Contract Tower,4,19,10,0,33,0,0,8,0,8,4,19,18,0,41,10,0,10,51
02/22/2008,LSE,WI,AGL,CE,Federal Contract Tower,2,19,13,0,34,0,0,16,2,18,2,19,29,2,52,6,0,6,58
02/23/2008,LSE,WI,AGL,CE,Federal Contract Tower,2,16,5,0,23,0,0,38,4,42,2,16,43,4,65,34,2,36,101
02/24/2008,LSE,WI,AGL,CE,Federal Contract Tower,4,17,4,0,25,0,2,12,0,14,4,19,16,0,39,24,0,24,63
02/25/2008,LSE,WI,AGL,CE,Federal Contract Tower,3,16,12,0,31,0,0,0,0,0,3,16,12,0,31,0,0,0,31
02/26/2008,LSE,WI,AGL,CE,Federal Contract Tower,2,15,9,0,26,0,0,7,0,7,2,15,16,0,33,14,0,14,47
02/27/2008,LSE,WI,AGL,CE,Federal Contract Tower,2,19,7,0,28,0,0,13,0,13,2,19,20,0,41,0,0,0,41
02/28/2008,LSE,WI,AGL,CE,Federal Contract Tower,2,15,9,0,26,0,0,0,0,0,2,15,9,0,26,0,0,0,26
02/29/2008,LSE,WI,AGL,CE,Federal Contract Tower,2,20,8,0,30,0,0,0,0,0,2,20,8,0,30,0,26,26,56
03/01/2008,LSE,WI,AGL,CE,Federal Contract Tower,5,14,5,2,26,0,0,37,3,40,5,14,42,5,66,40,6,46,112
03/02/2008,LSE,WI,AGL,CE,Federal Contract Tower,2,12,3,2,19,0,0,3,0,3,2,12,6,2,22,0,0,0,22
03/03/2008,LSE,WI,AGL,CE,Federal Contract Tower,2,13,9,2,26,0,0,0,2,2,2,13,9,4,28,6,0,6,34
03/04/2008,LSE,WI,AGL,CE,Federal Contract Tower,2,17,19,0,38,0,3,11,0,14,2,20,30,0,52,18,2,20,72
03/05/2008,LSE,WI,AGL,CE,Federal Contract Tower,2,21,14,0,37,0,0,0,0,0,2,21,14,0,37,0,0,0,37
03/06/2008,LSE,WI,AGL,CE,Federal Contract Tower,2,19,15,0,36,0,2,13,0,15,2,21,28,0,51,28,28,56,107
03/07/2008,LSE,WI,AGL,CE,Federal Contract Tower,2,18,13,0,33,0,4,17,4,25,2,22,30,4,58,2,6,8,66
03/08/2008,LSE,WI,AGL,CE,Federal Contract Tower,4,13,10,2,29,0,4,34,0,38,4,17,44,2,67,32,0,32,99
03/09/2008,LSE,WI,AGL,CE,Federal Contract Tower,2,16,5,1,24,0,3,5,6,14,2,19,10,7,38,12,10,22,60
03/10/2008,LSE,WI,AGL,CE,Federal Contract Tower,2,16,11,0,29,0,3,13,2,18,2,19,24,2,47,16,8,24,71
03/11/2008,LSE,WI,AGL,CE,Federal Contract Tower,2,20,18,0,40,0,6,24,0,30,2,26,42,0,70,12,0,12,82
03/12/2008,LSE,WI,AGL,CE,Federal Contract Tower,2,24,8,0,34,0,2,9,0,11,2,26,17,0,45,22,0,22,67
03/13/2008,LSE,WI,AGL,CE,Federal Contract Tower,2,18,9,0,29,0,1,5,0,6,2,19,14,0,35,6,0,6,41
03/14/2008,LSE,WI,AGL,CE,Federal Contract Tower,2,18,13,0,33,0,2,36,0,38,2,20,49,0,71,54,0,54,125
03/15/2008,LSE,WI,AGL,CE,Federal Contract Tower,4,17,9,2,32,0,0,50,7,57,4,17,59,9,89,28,0,28,117
03/16/2008,LSE,WI,AGL,CE,Federal Contract Tower,2,15,6,0,23,0,0,36,6,42,2,15,42,6,65,28,10,38,103
03/17/2008,LSE,WI,AGL,CE,Federal Contract Tower,2,16,7,0,25,0,2,4,0,6,2,18,11,0,31,0,0,0,31
03/18/2008,LSE,WI,AGL,CE,Federal Contract Tower,2,22,8,0,32,0,0,0,0,0,2,22,8,0,32,0,0,0,32
03/19/2008,LSE,WI,AGL,CE,Federal Contract Tower,2,18,16,3,39,0,11,18,5,34,2,29,34,8,73,14,4,18,91
03/20/2008,LSE,WI,AGL,CE,Federal Contract Tower,2,20,27,0,49,0,0,18,0,18,2,20,45,0,67,16,0,16,83
03/21/2008,LSE,WI,AGL,CE,Federal Contract Tower,2,8,9,0,19,0,0,0,0,0,2,8,9,0,19,0,0,0,19
03/22/2008,LSE,WI,AGL,CE,Federal Contract Tower,2,16,4,0,22,0,5,11,0,16,2,21,15,0,38,36,0,36,74
03/23/2008,LSE,WI,AGL,CE,Federal Contract Tower,2,21,1,0,24,0,2,1,0,3,2,23,2,0,27,0,0,0,27
03/24/2008,LSE,WI,AGL,CE,Federal Contract Tower,3,17,11,1,32,0,0,13,3,16,3,17,24,4,48,12,0,12,60
03/25/2008,LSE,WI,AGL,CE,Federal Contract Tower,3,19,25,0,47,0,5,9,0,14,3,24,34,0,61,18,0,18,79
03/26/2008,LSE,WI,AGL,CE,Federal Contract Tower,3,25,18,0,46,0,2,16,0,18,3,27,34,0,64,16,0,16,80
03/27/2008,LSE,WI,AGL,CE,Federal Contract Tower,2,14,12,0,28,0,0,4,0,4,2,14,16,0,32,16,0,16,48
03/28/2008,LSE,WI,AGL,CE,Federal Contract Tower,2,19,13,0,34,0,4,27,0,31,2,23,40,0,65,28,0,28,93
03/29/2008,LSE,WI,AGL,CE,Federal Contract Tower,2,17,4,0,23,0,5,41,4,50,2,22,45,4,73,42,8,50,123
03/30/2008,LSE,WI,AGL,CE,Federal Contract Tower,2,14,4,0,20,0,2,4,0,6,2,16,8,0,26,2,0,2,28
03/31/2008,LSE,WI,AGL,CE,Federal Contract Tower,1,11,7,0,19,0,0,0,0,0,1,11,7,0,19,0,0,0,19
04/01/2008,LSE,WI,AGL,CE,Federal Contract Tower,2,17,9,1,29,0,2,11,2,15,2,19,20,3,44,16,0,16,60
04/02/2008,LSE,WI,AGL,CE,Federal Contract Tower,2,17,14,2,35,0,11,23,2,36,2,28,37,4,71,24,6,30,101
04/03/2008,LSE,WI,AGL,CE,Federal Contract Tower,3,23,13,0,39,0,4,22,0,26,3,27,35,0,65,22,0,22,87
04/04/2008,LSE,WI,AGL,CE,Federal Contract Tower,2,22,23,0,47,0,2,17,3,22,2,24,40,3,69,38,2,40,109
04/05/2008,LSE,WI,AGL,CE,Federal Contract Tower,2,18,4,0,24,0,2,35,2,39,2,20,39,2,63,40,0,40,103
04/06/2008,LSE,WI,AGL,CE,Federal Contract Tower,2,15,9,0,26,0,0,4,0,4,2,15,13,0,30,0,0,0,30
04/07/2008,LSE,WI,AGL,CE,Federal Contract Tower,2,22,16,0,40,0,0,7,0,7,2,22,23,0,47,2,0,2,49
04/08/2008,LSE,WI,AGL,CE,Federal Contract Tower,2,20,20,0,42,0,0,8,0,8,2,20,28,0,50,14,0,14,64
04/09/2008,LSE,WI,AGL,CE,Federal Contract Tower,1,17,16,1,35,0,1,6,1,8,1,18,22,2,43,2,0,2,45
04/10/2008,LSE,WI,AGL,CE,Federal Contract Tower,3,13,3,1,20,0,0,0,0,0,3,13,3,1,20,0,0,0,20
04/11/2008,LSE,WI,AGL,CE,Federal Contract Tower,1,20,11,0,32,0,0,0,0,0,1,20,11,0,32,0,0,0,32
04/12/2008,LSE,WI,AGL,CE,Federal Contract Tower,4,15,1,0,20,0,2,0,0,2,4,17,1,0,22,0,0,0,22
04/13/2008,LSE,WI,AGL,CE,Federal Contract Tower,3,16,7,0,26,0,0,25,2,27,3,16,32,2,53,20,0,20,73
04/14/2008,LSE,WI,AGL,CE,Federal Contract Tower,3,18,13,0,34,0,1,22,0,23,3,19,35,0,57,20,0,20,77
04/15/2008,LSE,WI,AGL,CE,Federal Contract Tower,3,20,17,0,40,0,2,8,0,10,3,22,25,0,50,12,0,12,62
04/16/2008,LSE,WI,AGL,CE,Federal Contract Tower,3,15,14,0,32,0,1,20,4,25,3,16,34,4,57,6,0,6,63
04/17/2008,LSE,WI,AGL,CE,Federal Contract Tower,4,20,5,0,29,0,0,12,0,12,4,20,17,0,41,20,0,20,61
04/18/2008,LSE,WI,AGL,CE,Federal Contract Tower,3,21,4,3,31,0,0,0,0,0,3,21,4,3,31,0,0,0,31
04/19/2008,LSE,WI,AGL,CE,Federal Contract Tower,4,17,16,3,40,0,0,0,0,0,4,17,16,3,40,10,2,12,52
04/20/2008,LSE,WI,AGL,CE,Federal Contract Tower,2,16,8,1,27,0,0,47,2,49,2,16,55,3,76,60,6,66,142
04/21/2008,LSE,WI,AGL,CE,Federal Contract Tower,5,14,10,0,29,0,8,16,0,24,5,22,26,0,53,10,0,10,63
04/22/2008,LSE,WI,AGL,CE,Federal Contract Tower,3,21,6,0,30,0,14,21,0,35,3,35,27,0,65,22,0,22,87
04/23/2008,LSE,WI,AGL,CE,Federal Contract Tower,3,16,21,0,40,0,0,50,4,54,3,16,71,4,94,4,4,8,102
04/24/2008,LSE,WI,AGL,CE,Federal Contract Tower,6,17,20,0,43,0,0,0,0,0,6,17,20,0,43,0,0,0,43
04/25/2008,LSE,WI,AGL,CE,Federal Contract Tower,3,16,7,2,28,0,0,0,0,0,3,16,7,2,28,0,0,0,28
04/26/2008,LSE,WI,AGL,CE,Federal Contract Tower,6,14,10,0,30,0,2,2,0,4,6,16,12,0,34,0,0,0,34
04/27/2008,LSE,WI,AGL,CE,Federal Contract Tower,5,15,9,0,29,0,0,23,2,25,5,15,32,2,54,52,2,54,108
04/28/2008,LSE,WI,AGL,CE,Federal Contract Tower,5,16,13,2,36,0,2,9,0,11,5,18,22,2,47,0,0,0,47
04/29/2008,LSE,WI,AGL,CE,Federal Contract Tower,4,19,19,0,42,0,2,23,2,27,4,21,42,2,69,34,0,34,103
04/30/2008,LSE,WI,AGL,CE,Federal Contract Tower,3,19,10,0,32,0,0,20,0,20,3,19,30,0,52,20,0,20,72
05/01/2008,LSE,WI,AGL,CE,Federal Contract Tower,3,17,18,0,38,0,0,10,0,10,3,17,28,0,48,38,0,38,86
05/02/2008,LSE,WI,AGL,CE,Federal Contract Tower,4,14,11,0,29,0,0,1,0,1,4,14,12,0,30,0,0,0,30
05/03/2008,LSE,WI,AGL,CE,Federal Contract Tower,0,18,7,3,28,0,2,10,1,13,0,20,17,4,41,0,0,0,41
05/04/2008,LSE,WI,AGL,CE,Federal Contract Tower,2,16,13,1,32,0,0,38,4,42,2,16,51,5,74,78,4,82,156
05/05/2008,LSE,WI,AGL,CE,Federal Contract Tower,6,17,19,2,44,0,4,24,1,29,6,21,43,3,73,40,0,40,113
05/06/2008,LSE,WI,AGL,CE,Federal Contract Tower,2,18,18,0,38,0,0,11,2,13,2,18,29,2,51,4,1,5,56
05/07/2008,LSE,WI,AGL,CE,Federal Contract Tower,2,20,12,4,38,0,0,23,9,32,2,20,35,13,70,22,16,38,108
05/08/2008,LSE,WI,AGL,CE,Federal Contract Tower,2,18,15,0,35,0,4,17,4,25,2,22,32,4,60,28,0,28,88
05/09/2008,LSE,WI,AGL,CE,Federal Contract Tower,6,17,16,0,39,0,3,44,5,52,6,20,60,5,91,84,4,88,179
05/10/2008,LSE,WI,AGL,CE,Federal Contract Tower,2,17,6,0,25,0,6,39,2,47,2,23,45,2,72,54,0,54,126
05/11/2008,LSE,WI,AGL,CE,Federal Contract Tower,2,16,7,0,25,0,0,23,2,25,2,16,30,2,50,4,0,4,54
05/12/2008,LSE,WI,AGL,CE,Federal Contract Tower,3,24,22,0,49,0,2,22,0,24,3,26,44,0,73,32,2,34,107
05/13/2008,LSE,WI,AGL,CE,Federal Contract Tower,2,19,13,0,34,0,2,3,1,6,2,21,16,1,40,6,0,6,46
05/14/2008,LSE,WI,AGL,CE,Federal Contract Tower,2,20,11,0,33,0,0,37,0,37,2,20,48,0,70,36,0,36,106
05/15/2008,LSE,WI,AGL,CE,Federal Contract Tower,3,20,7,0,30,0,2,10,2,14,3,22,17,2,44,18,2,20,64
05/16/2008,LSE,WI,AGL,CE,Federal Contract Tower,3,22,12,0,37,0,1,18,3,22,3,23,30,3,59,10,16,26,85
05/17/2008,LSE,WI,AGL,CE,Federal Contract Tower,2,17,7,0,26,0,2,3,4,9,2,19,10,4,35,36,6,42,77
05/18/2008,LSE,WI,AGL,CE,Federal Contract Tower,2,19,6,0,27,0,1,33,5,39,2,20,39,5,66,6,0,6,72
05/19/2008,LSE,WI,AGL,CE,Federal Contract Tower,6,21,13,1,41,0,3,14,1,18,6,24,27,2,59,8,2,10,69
05/20/2008,LSE,WI,AGL,CE,Federal Contract Tower,2,23,18,1,44,0,12,17,0,29,2,35,35,1,73,10,2,12,85
05/21/2008,LSE,WI,AGL,CE,Federal Contract Tower,3,18,7,0,28,0,4,46,7,57,3,22,53,7,85,38,8,46,131
05/22/2008,LSE,WI,AGL,CE,Federal Contract Tower,4,19,8,0,31,0,2,40,0,42,4,21,48,0,73,76,0,76,149
05/23/2008,LSE,WI,AGL,CE,Federal Contract Tower,5,20,7,0,32,0,0,41,2,43,5,20,48,2,75,8,0,8,83
05/24/2008,LSE,WI,AGL,CE,Federal Contract Tower,0,19,2,0,21,0,0,33,5,38,0,19,35,5,59,62,14,76,135
05/25/2008,LSE,WI,AGL,CE,Federal Contract Tower,0,14,1,0,15,0,0,4,0,4,0,14,5,0,19,0,0,0,19
05/26/2008,LSE,WI,AGL,CE,Federal Contract Tower,2,15,6,0,23,0,6,19,4,29,2,21,25,4,52,38,10,48,100
05/27/2008,LSE,WI,AGL,CE,Federal Contract Tower,2,21,17,0,40,0,2,26,4,32,2,23,43,4,72,40,6,46,118
05/28/2008,LSE,WI,AGL,CE,Federal Contract Tower,2,18,26,0,46,0,0,40,4,44,2,18,66,4,90,6,2,8,98
05/29/2008,LSE,WI,AGL,CE,Federal Contract Tower,2,26,16,2,46,0,0,5,2,7,2,26,21,4,53,0,6,6,59
05/30/2008,LSE,WI,AGL,CE,Federal Contract Tower,2,15,15,0,32,0,1,7,5,13,2,16,22,5,45,24,12,36,81
05/31/2008,LSE,WI,AGL,CE,Federal Contract Tower,2,17,5,1,25,0,4,25,4,33,2,21,30,5,58,2,8,10,68
06/01/2008,LSE,WI,AGL,CE,Federal Contract Tower,2,20,14,2,38,0,0,26,1,27,2,20,40,3,65,6,0,6,71
06/02/2008,LSE,WI,AGL,CE,Federal Contract Tower,2,21,12,2,37,0,1,15,0,16,2,22,27,2,53,32,0,32,85
06/03/2008,LSE,WI,AGL,CE,Federal Contract Tower,2,15,11,1,29,0,0,2,0,2,2,15,13,1,31,2,0,2,33
06/04/2008,LSE,WI,AGL,CE,Federal Contract Tower,2,28,15,1,46,0,0,0,0,0,2,28,15,1,46,0,0,0,46
06/05/2008,LSE,WI,AGL,CE,Federal Contract Tower,2,17,16,4,39,0,0,1,2,3,2,17,17,6,42,2,38,40,82
06/06/2008,LSE,WI,AGL,CE,Federal Contract Tower,4,15,7,0,26,0,0,4,0,4,4,15,11,0,30,0,0,0,30
06/07/2008,LSE,WI,AGL,CE,Federal Contract Tower,2,14,5,0,21,0,0,10,4,14,2,14,15,4,35,0,0,0,35
06/08/2008,LSE,WI,AGL,CE,Federal Contract Tower,2,5,11,0,18,0,0,2,0,2,2,5,13,0,20,2,0,2,22
06/09/2008,LSE,WI,AGL,CE,Federal Contract Tower,5,19,14,0,38,0,0,24,5,29,5,19,38,5,67,8,2,10,77
06/10/2008,LSE,WI,AGL,CE,Federal Contract Tower,4,19,23,0,46,0,0,41,2,43,4,19,64,2,89,0,0,0,89
06/11/2008,LSE,WI,AGL,CE,Federal Contract Tower,5,17,20,0,42,0,0,1,2,3,5,17,21,2,45,2,0,2,47
06/12/2008,LSE,WI,AGL,CE,Federal Contract Tower,6,18,13,0,37,0,0,4,0,4,6,18,17,0,41,0,0,0,41
06/13/2008,LSE,WI,AGL,CE,Federal Contract Tower,4,20,26,0,50,0,3,26,3,32,4,23,52,3,82,42,10,52,134
06/14/2008,LSE,WI,AGL,CE,Federal Contract Tower,4,16,8,2,30,0,4,45,3,52,4,20,53,5,82,18,20,38,120
06/15/2008,LSE,WI,AGL,CE,Federal Contract Tower,4,20,11,0,35,0,0,22,0,22,4,20,33,0,57,8,0,8,65
06/16/2008,LSE,WI,AGL,CE,Federal Contract Tower,4,17,23,0,44,0,0,17,1,18,4,17,40,1,62,0,0,0,62
06/17/2008,LSE,WI,AGL,CE,Federal Contract Tower,4,18,6,0,28,0,4,25,0,29,4,22,31,0,57,0,0,0,57
06/18/2008,LSE,WI,AGL,CE,Federal Contract Tower,3,17,8,0,28,0,0,19,0,19,3,17,27,0,47,18,0,18,65
06/19/2008,LSE,WI,AGL,CE,Federal Contract Tower,4,21,6,0,31,0,0,29,3,32,4,21,35,3,63,36,0,36,99
06/20/2008,LSE,WI,AGL,CE,Federal Contract Tower,4,17,7,0,28,0,4,27,2,33,4,21,34,2,61,12,14,26,87
06/21/2008,LSE,WI,AGL,CE,Federal Contract Tower,3,15,8,0,26,0,0,24,2,26,3,15,32,2,52,18,0,18,70
06/22/2008,LSE,WI,AGL,CE,Federal Contract Tower,4,15,9,0,28,0,0,23,2,25,4,15,32,2,53,2,8,10,63
06/23/2008,LSE,WI,AGL,CE,Federal Contract Tower,3,24,10,1,38,0,4,26,2,32,3,28,36,3,70,32,2,34,104
06/24/2008,LSE,WI,AGL,CE,Federal Contract Tower,5,18,19,1,43,0,4,64,2,70,5,22,83,3,113,90,14,104,217
06/25/2008,LSE,WI,AGL,CE,Federal Contract Tower,3,22,27,1,53,0,2,15,2,19,3,24,42,3,72,16,0,16,88
06/26/2008,LSE,WI,AGL,CE,Federal Contract Tower,4,21,10,1,36,0,1,39,7,47,4,22,49,8,83,58,2,60,143
06/27/2008,LSE,WI,AGL,CE,Federal Contract Tower,4,18,7,0,29,0,0,15,2,17,4,18,22,2,46,66,0,66,112
06/28/2008,LSE,WI,AGL,CE,Federal Contract Tower,3,15,9,0,27,0,0,19,1,20,3,15,28,1,47,8,0,8,55
06/29/2008,LSE,WI,AGL,CE,Federal Contract Tower,4,14,8,0,26,0,1,12,0,13,4,15,20,0,39,0,0,0,39
06/30/2008,LSE,WI,AGL,CE,Federal Contract Tower,4,16,14,0,34,1,0,33,1,35,5,16,47,1,69,24,0,24,93
07/01/2008,LSE,WI,AGL,CE,Federal Contract Tower,4,21,9,0,34,0,0,25,3,28,4,21,34,3,62,54,6,60,122
07/02/2008,LSE,WI,AGL,CE,Federal Contract Tower,2,21,10,0,33,0,2,21,0,23,2,23,31,0,56,8,0,8,64
07/03/2008,LSE,WI,AGL,CE,Federal Contract Tower,4,21,10,2,37,0,2,40,6,48,4,23,50,8,85,34,36,70,155
07/04/2008,LSE,WI,AGL,CE,Federal Contract Tower,4,13,1,0,18,0,0,30,0,30,4,13,31,0,48,12,0,12,60
07/05/2008,LSE,WI,AGL,CE,Federal Contract Tower,4,15,1,0,20,0,0,30,0,30,4,15,31,0,50,0,0,0,50
07/06/2008,LSE,WI,AGL,CE,Federal Contract Tower,3,22,15,0,40,0,0,18,0,18,3,22,33,0,58,12,0,12,70
07/07/2008,LSE,WI,AGL,CE,Federal Contract Tower,4,18,7,0,29,0,0,5,3,8,4,18,12,3,37,2,0,2,39
07/08/2008,LSE,WI,AGL,CE,Federal Contract Tower,2,19,10,1,32,0,1,15,0,16,2,20,25,1,48,18,6,24,72
07/09/2008,LSE,WI,AGL,CE,Federal Contract Tower,4,18,15,2,39,0,2,34,5,41,4,20,49,7,80,44,22,66,146
07/10/2008,LSE,WI,AGL,CE,Federal Contract Tower,3,23,9,0,35,0,2,6,2,10,3,25,15,2,45,4,0,4,49
07/11/2008,LSE,WI,AGL,CE,Federal Contract Tower,3,16,12,1,32,0,0,11,3,14,3,16,23,4,46,8,6,14,60
07/12/2008,LSE,WI,AGL,CE,Federal Contract Tower,3,20,4,3,30,0,0,0,0,0,3,20,4,3,30,72,55,127,157
07/13/2008,LSE,WI,AGL,CE,Federal Contract Tower,5,19,9,5,38,0,0,28,26,54,5,19,37,31,92,12,16,28,120
07/14/2008,LSE,WI,AGL,CE,Federal Contract Tower,4,19,6,1,30,0,0,41,5,46,4,19,47,6,76,52,6,58,134
07/15/2008,LSE,WI,AGL,CE,Federal Contract Tower,4,16,18,0,38,0,0,49,2,51,4,16,67,2,89,28,0,28,117
07/16/2008,LSE,WI,AGL,CE,Federal Contract Tower,7,24,16,0,47,0,0,24,0,24,7,24,40,0,71,30,0,30,101
07/17/2008,LSE,WI,AGL,CE,Federal Contract Tower,6,21,9,2,38,0,0,3,0,3,6,21,12,2,41,0,0,0,41
07/18/2008,LSE,WI,AGL,CE,Federal Contract Tower,4,22,12,3,41,0,0,17,6,23,4,22,29,9,64,30,36,66,130
07/19/2008,LSE,WI,AGL,CE,Federal Contract Tower,2,17,9,1,29,0,0,15,0,15,2,17,24,1,44,2,4,6,50
07/20/2008,LSE,WI,AGL,CE,Federal Contract Tower,4,18,6,0,28,0,0,11,2,13,4,18,17,2,41,4,6,10,51
07/21/2008,LSE,WI,AGL,CE,Federal Contract Tower,4,17,3,0,24,0,0,19,2,21,4,17,22,2,45,12,0,12,57
07/22/2008,LSE,WI,AGL,CE,Federal Contract Tower,2,21,21,0,44,0,0,26,4,30,2,21,47,4,74,20,0,20,94
07/23/2008,LSE,WI,AGL,CE,Federal Contract Tower,4,18,10,0,32,0,0,56,4,60,4,18,66,4,92,56,4,60,152
07/24/2008,LSE,WI,AGL,CE,Federal Contract Tower,4,22,14,0,40,0,0,35,5,40,4,22,49,5,80,28,30,58,138
07/25/2008,LSE,WI,AGL,CE,Federal Contract Tower,4,20,8,0,32,0,0,11,0,11,4,20,19,0,43,16,0,16,59
07/26/2008,LSE,WI,AGL,CE,Federal Contract Tower,5,17,6,0,28,0,3,60,5,68,5,20,66,5,96,62,6,68,164
07/27/2008,LSE,WI,AGL,CE,Federal Contract Tower,4,14,6,0,24,0,2,44,0,46,4,16,50,0,70,20,0,20,90
07/28/2008,LSE,WI,AGL,CE,Federal Contract Tower,4,17,6,0,27,0,1,48,2,51,4,18,54,2,78,10,8,18,96
07/29/2008,LSE,WI,AGL,CE,Federal Contract Tower,4,15,15,0,34,0,0,30,0,30,4,15,45,0,64,18,0,18,82
07/30/2008,LSE,WI,AGL,CE,Federal Contract Tower,6,21,10,0,37,0,0,26,4,30,6,21,36,4,67,2,22,24,91
07/31/2008,LSE,WI,AGL,CE,Federal Contract Tower,4,22,12,0,38,0,0,12,0,12,4,22,24,0,50,8,2,10,60
08/01/2008,LSE,WI,AGL,CE,Federal Contract Tower,2,24,11,0,37,0,1,41,0,42,2,25,52,0,79,50,0,50,129
08/02/2008,LSE,WI,AGL,CE,Federal Contract Tower,3,16,5,0,24,0,2,43,0,45,3,18,48,0,69,22,0,22,91
08/03/2008,LSE,WI,AGL,CE,Federal Contract Tower,3,16,17,0,36,0,0,24,0,24,3,16,41,0,60,4,0,4,64
08/04/2008,LSE,WI,AGL,CE,Federal Contract Tower,3,12,19,0,34,0,0,5,2,7,3,12,24,2,41,0,10,10,51
08/05/2008,LSE,WI,AGL,CE,Federal Contract Tower,2,21,12,0,35,0,0,17,2,19,2,21,29,2,54,0,0,0,54
08/06/2008,LSE,WI,AGL,CE,Federal Contract Tower,2,27,10,0,39,0,4,33,4,41,2,31,43,4,80,14,12,26,106
08/07/2008,LSE,WI,AGL,CE,Federal Contract Tower,2,22,22,2,48,0,3,29,8,40,2,25,51,10,88,20,10,30,118
08/08/2008,LSE,WI,AGL,CE,Federal Contract Tower,2,20,10,2,34,0,3,40,2,45,2,23,50,4,79,8,2,10,89
08/09/2008,LSE,WI,AGL,CE,Federal Contract Tower,2,18,3,1,24,0,0,50,2,52,2,18,53,3,76,18,6,24,100
08/10/2008,LSE,WI,AGL,CE,Federal Contract Tower,3,15,10,2,30,0,0,34,0,34,3,15,44,2,64,4,0,4,68
08/11/2008,LSE,WI,AGL,CE,Federal Contract Tower,3,19,13,3,38,0,2,30,0,32,3,21,43,3,70,20,0,20,90
08/12/2008,LSE,WI,AGL,CE,Federal Contract Tower,2,21,13,0,36,0,3,16,8,27,2,24,29,8,63,32,20,52,115
08/13/2008,LSE,WI,AGL,CE,Federal Contract Tower,2,26,12,2,42,0,13,6,19,38,2,39,18,21,80,2,6,8,88
08/14/2008,LSE,WI,AGL,CE,Federal Contract Tower,2,24,7,0,33,0,0,20,7,27,2,24,27,7,60,22,8,30,90
08/15/2008,LSE,WI,AGL,CE,Federal Contract Tower,2,20,6,0,28,0,0,22,4,26,2,20,28,4,54,16,2,18,72
08/16/2008,LSE,WI,AGL,CE,Federal Contract Tower,3,16,1,0,20,0,5,40,2,47,3,21,41,2,67,20,0,20,87
08/17/2008,LSE,WI,AGL,CE,Federal Contract Tower,3,13,9,0,25,0,0,36,1,37,3,13,45,1,62,2,0,2,64
08/18/2008,LSE,WI,AGL,CE,Federal Contract Tower,3,22,14,0,39,0,2,38,1,41,3,24,52,1,80,48,0,48,128
08/19/2008,LSE,WI,AGL,CE,Federal Contract Tower,3,22,26,0,51,0,1,26,2,29,3,23,52,2,80,8,4,12,92
08/20/2008,LSE,WI,AGL,CE,Federal Contract Tower,2,23,13,0,38,0,0,25,1,26,2,23,38,1,64,10,0,10,74
08/21/2008,LSE,WI,AGL,CE,Federal Contract Tower,2,22,12,4,40,0,3,7,8,18,2,25,19,12,58,14,8,22,80
08/22/2008,LSE,WI,AGL,CE,Federal Contract Tower,2,21,17,2,42,0,1,20,0,21,2,22,37,2,63,0,0,0,63
08/23/2008,LSE,WI,AGL,CE,Federal Contract Tower,2,17,5,2,26,0,0,38,0,38,2,17,43,2,64,50,10,60,124
08/24/2008,LSE,WI,AGL,CE,Federal Contract Tower,2,18,3,1,24,0,2,48,3,53,2,20,51,4,77,76,0,76,153
08/25/2008,LSE,WI,AGL,CE,Federal Contract Tower,2,18,8,0,28,0,2,34,3,39,2,20,42,3,67,32,0,32,99
08/26/2008,LSE,WI,AGL,CE,Federal Contract Tower,2,21,19,0,42,0,2,30,2,34,2,23,49,2,76,10,0,10,86
08/27/2008,LSE,WI,AGL,CE,Federal Contract Tower,2,23,15,0,40,0,1,39,0,40,2,24,54,0,80,30,0,30,110
08/28/2008,LSE,WI,AGL,CE,Federal Contract Tower,2,23,25,2,52,0,0,8,0,8,2,23,33,2,60,0,0,0,60
08/29/2008,LSE,WI,AGL,CE,Federal Contract Tower,2,22,12,0,36,0,0,32,0,32,2,22,44,0,68,28,0,28,96
08/30/2008,LSE,WI,AGL,CE,Federal Contract Tower,2,17,8,0,27,0,0,30,4,34,2,17,38,4,61,48,10,58,119
08/31/2008,LSE,WI,AGL,CE,Federal Contract Tower,2,16,3,0,21,0,0,30,4,34,2,16,33,4,55,52,4,56,111
09/01/2008,LSE,WI,AGL,CE,Federal Contract Tower,2,17,3,0,22,0,0,11,4,15,2,17,14,4,37,6,0,6,43
09/02/2008,LSE,WI,AGL,CE,Federal Contract Tower,2,22,12,0,36,0,0,7,0,7,2,22,19,0,43,0,0,0,43
09/03/2008,LSE,WI,AGL,CE,Federal Contract Tower,2,24,11,0,37,0,0,25,2,27,2,24,36,2,64,6,0,6,70
09/04/2008,LSE,WI,AGL,CE,Federal Contract Tower,2,18,19,0,39,0,0,5,0,5,2,18,24,0,44,12,0,12,56
09/05/2008,LSE,WI,AGL,CE,Federal Contract Tower,2,22,14,3,41,0,1,26,0,27,2,23,40,3,68,14,0,14,82
09/06/2008,LSE,WI,AGL,CE,Federal Contract Tower,2,18,16,1,37,0,0,33,4,37,2,18,49,5,74,28,6,34,108
09/07/2008,LSE,WI,AGL,CE,Federal Contract Tower,2,15,9,6,32,0,0,13,5,18,2,15,22,11,50,8,8,16,66
09/08/2008,LSE,WI,AGL,CE,Federal Contract Tower,3,22,17,0,42,0,0,13,0,13,3,22,30,0,55,30,0,30,85
09/09/2008,LSE,WI,AGL,CE,Federal Contract Tower,3,22,12,0,37,0,0,33,0,33,3,22,45,0,70,12,0,12,82
09/10/2008,LSE,WI,AGL,CE,Federal Contract Tower,2,20,11,0,33,0,0,26,0,26,2,20,37,0,59,28,0,28,87
09/11/2008,LSE,WI,AGL,CE,Federal Contract Tower,2,20,21,0,43,0,3,1,0,4,2,23,22,0,47,2,0,2,49
09/12/2008,LSE,WI,AGL,CE,Federal Contract Tower,2,18,14,0,34,0,2,0,0,2,2,20,14,0,36,2,0,2,38
09/13/2008,LSE,WI,AGL,CE,Federal Contract Tower,2,17,6,0,25,0,0,0,0,0,2,17,6,0,25,0,0,0,25
09/14/2008,LSE,WI,AGL,CE,Federal Contract Tower,2,18,12,0,32,0,1,2,0,3,2,19,14,0,35,4,0,4,39
09/15/2008,LSE,WI,AGL,CE,Federal Contract Tower,4,19,19,0,42,0,2,17,0,19,4,21,36,0,61,8,0,8,69
09/16/2008,LSE,WI,AGL,CE,Federal Contract Tower,2,17,12,1,32,0,0,0,0,0,2,17,12,1,32,36,14,50,82
09/17/2008,LSE,WI,AGL,CE,Federal Contract Tower,3,21,15,2,41,0,2,33,1,36,3,23,48,3,77,44,0,44,121
09/18/2008,LSE,WI,AGL,CE,Federal Contract Tower,2,21,14,0,37,0,3,40,2,45,2,24,54,2,82,18,4,22,104
09/19/2008,LSE,WI,AGL,CE,Federal Contract Tower,2,20,18,0,40,0,4,39,2,45,2,24,57,2,85,30,0,30,115
09/20/2008,LSE,WI,AGL,CE,Federal Contract Tower,2,20,9,0,31,0,2,39,0,41,2,22,48,0,72,32,0,32,104
09/21/2008,LSE,WI,AGL,CE,Federal Contract Tower,2,16,11,0,29,0,0,24,0,24,2,16,35,0,53,16,0,16,69
09/22/2008,LSE,WI,AGL,CE,Federal Contract Tower,2,16,22,2,42,0,0,23,0,23,2,16,45,2,65,4,0,4,69
09/23/2008,LSE,WI,AGL,CE,Federal Contract Tower,2,22,22,3,49,0,0,17,1,18,2,22,39,4,67,16,0,16,83
09/24/2008,LSE,WI,AGL,CE,Federal Contract Tower,2,21,18,0,41,0,2,16,2,20,2,23,34,2,61,22,0,22,83
09/25/2008,LSE,WI,AGL,CE,Federal Contract Tower,2,21,23,0,46,0,0,35,2,37,2,21,58,2,83,24,0,24,107
09/26/2008,LSE,WI,AGL,CE,Federal Contract Tower,2,21,9,1,33,0,1,56,5,62,2,22,65,6,95,12,2,14,109
09/27/2008,LSE,WI,AGL,CE,Federal Contract Tower,2,14,16,0,32,0,0,20,0,20,2,14,36,0,52,12,0,12,64
09/28/2008,LSE,WI,AGL,CE,Federal Contract Tower,2,18,15,0,35,0,0,31,0,31,2,18,46,0,66,20,0,20,86
09/29/2008,LSE,WI,AGL,CE,Federal Contract Tower,2,19,9,0,30,0,0,3,0,3,2,19,12,0,33,4,0,4,37
09/30/2008,LSE,WI,AGL,CE,Federal Contract Tower,3,23,19,0,45,0,3,24,0,27,3,26,43,0,72,16,0,16,88
10/01/2008,LSE,WI,AGL,CE,Federal Contract Tower,3,22,9,0,34,0,0,18,0,18,3,22,27,0,52,16,0,16,68
10/02/2008,LSE,WI,AGL,CE,Federal Contract Tower,2,23,15,0,40,0,0,33,0,33,2,23,48,0,73,16,0,16,89
10/03/2008,LSE,WI,AGL,CE,Federal Contract Tower,0,24,10,0,34,0,0,41,0,41,0,24,51,0,75,0,0,0,75
10/04/2008,LSE,WI,AGL,CE,Federal Contract Tower,2,21,13,0,36,0,0,39,0,39,2,21,52,0,75,0,0,0,75
10/05/2008,LSE,WI,AGL,CE,Federal Contract Tower,2,19,16,0,37,0,0,2,0,2,2,19,18,0,39,0,0,0,39
10/06/2008,LSE,WI,AGL,CE,Federal Contract Tower,0,21,11,4,36,0,0,14,0,14,0,21,25,4,50,12,0,12,62
10/07/2008,LSE,WI,AGL,CE,Federal Contract Tower,3,21,16,3,43,0,0,3,3,6,3,21,19,6,49,0,0,0,49
10/08/2008,LSE,WI,AGL,CE,Federal Contract Tower,3,21,11,1,36,0,0,31,2,33,3,21,42,3,69,24,0,24,93
10/09/2008,LSE,WI,AGL,CE,Federal Contract Tower,3,20,12,2,37,0,0,37,0,37,3,20,49,2,74,28,0,28,102
10/10/2008,LSE,WI,AGL,CE,Federal Contract Tower,5,20,11,0,36,0,0,31,0,31,5,20,42,0,67,20,0,20,87
10/11/2008,LSE,WI,AGL,CE,Federal Contract Tower,2,20,12,0,34,0,0,66,0,66,2,20,78,0,100,40,0,40,140
10/12/2008,LSE,WI,AGL,CE,Federal Contract Tower,2,21,8,0,31,0,1,14,0,15,2,22,22,0,46,48,0,48,94
10/13/2008,LSE,WI,AGL,CE,Federal Contract Tower,4,21,6,1,32,0,0,3,0,3,4,21,9,1,35,0,0,0,35
10/14/2008,LSE,WI,AGL,CE,Federal Contract Tower,2,20,21,1,44,0,0,45,2,47,2,20,66,3,91,24,0,24,115
10/15/2008,LSE,WI,AGL,CE,Federal Contract Tower,2,23,26,0,51,0,0,5,0,5,2,23,31,0,56,0,0,0,56
10/16/2008,LSE,WI,AGL,CE,Federal Contract Tower,4,22,18,0,44,0,2,47,2,51,4,24,65,2,95,32,0,32,127
10/17/2008,LSE,WI,AGL,CE,Federal Contract Tower,4,21,18,0,43,0,3,10,0,13,4,24,28,0,56,12,10,22,78
10/18/2008,LSE,WI,AGL,CE,Federal Contract Tower,3,15,5,0,23,0,0,42,1,43,3,15,47,1,66,2,0,2,68
10/19/2008,LSE,WI,AGL,CE,Federal Contract Tower,5,19,14,0,38,0,0,9,0,9,5,19,23,0,47,0,0,0,47
10/20/2008,LSE,WI,AGL,CE,Federal Contract Tower,2,28,6,0,36,0,0,22,0,22,2,28,28,0,58,18,0,18,76
10/21/2008,LSE,WI,AGL,CE,Federal Contract Tower,2,24,21,0,47,0,0,34,3,37,2,24,55,3,84,2,0,2,86
10/22/2008,LSE,WI,AGL,CE,Federal Contract Tower,6,21,15,0,42,0,0,7,0,7,6,21,22,0,49,0,0,0,49
10/23/2008,LSE,WI,AGL,CE,Federal Contract Tower,2,20,11,0,33,0,0,14,0,14,2,20,25,0,47,26,0,26,73
10/24/2008,LSE,WI,AGL,CE,Federal Contract Tower,3,26,11,2,42,0,0,3,0,3,3,26,14,2,45,0,0,0,45
10/25/2008,LSE,WI,AGL,CE,Federal Contract Tower,2,20,3,0,25,0,0,9,0,9,2,20,12,0,34,0,0,0,34
10/26/2008,LSE,WI,AGL,CE,Federal Contract Tower,2,16,8,3,29,0,0,2,0,2,2,16,10,3,31,6,0,6,37
10/27/2008,LSE,WI,AGL,CE,Federal Contract Tower,2,20,2,2,26,0,1,2,1,4,2,21,4,3,30,0,0,0,30
10/28/2008,LSE,WI,AGL,CE,Federal Contract Tower,2,19,19,0,40,0,1,26,0,27,2,20,45,0,67,10,0,10,77
10/29/2008,LSE,WI,AGL,CE,Federal Contract Tower,2,19,6,0,27,0,1,14,0,15,2,20,20,0,42,6,0,6,48
10/30/2008,LSE,WI,AGL,CE,Federal Contract Tower,2,20,8,0,30,0,3,24,0,27,2,23,32,0,57,22,0,22,79
10/31/2008,LSE,WI,AGL,CE,Federal Contract Tower,2,19,15,0,36,0,0,33,0,33,2,19,48,0,69,20,0,20,89
11/01/2008,LSE,WI,AGL,CE,Federal Contract Tower,2,17,8,0,27,0,0,57,2,59,2,17,65,2,86,20,0,20,106
11/02/2008,LSE,WI,AGL,CE,Federal Contract Tower,3,16,13,0,32,0,0,12,0,12,3,16,25,0,44,0,0,0,44
11/03/2008,LSE,WI,AGL,CE,Federal Contract Tower,6,15,8,0,29,0,0,17,0,17,6,15,25,0,46,0,0,0,46
11/04/2008,LSE,WI,AGL,CE,Federal Contract Tower,4,16,7,0,27,0,0,17,0,17,4,16,24,0,44,4,0,4,48
11/05/2008,LSE,WI,AGL,CE,Federal Contract Tower,4,16,11,2,33,0,1,4,0,5,4,17,15,2,38,14,0,14,52
11/06/2008,LSE,WI,AGL,CE,Federal Contract Tower,5,18,18,0,41,0,0,8,0,8,5,18,26,0,49,18,0,18,67
11/07/2008,LSE,WI,AGL,CE,Federal Contract Tower,5,15,13,0,33,0,0,0,0,0,5,15,13,0,33,0,0,0,33
11/08/2008,LSE,WI,AGL,CE,Federal Contract Tower,4,16,1,0,21,0,0,0,0,0,4,16,1,0,21,0,0,0,21
11/09/2008,LSE,WI,AGL,CE,Federal Contract Tower,4,15,3,0,22,0,0,3,3,6,4,15,6,3,28,0,6,6,34
11/10/2008,LSE,WI,AGL,CE,Federal Contract Tower,5,14,7,0,26,0,0,12,0,12,5,14,19,0,38,14,0,14,52
11/11/2008,LSE,WI,AGL,CE,Federal Contract Tower,4,18,9,0,31,0,1,1,0,2,4,19,10,0,33,0,0,0,33
11/12/2008,LSE,WI,AGL,CE,Federal Contract Tower,3,20,8,0,31,0,0,0,0,0,3,20,8,0,31,0,0,0,31
11/13/2008,LSE,WI,AGL,CE,Federal Contract Tower,2,22,8,0,32,0,0,8,0,8,2,22,16,0,40,86,0,86,126
11/14/2008,LSE,WI,AGL,CE,Federal Contract Tower,4,15,19,0,38,0,0,4,1,5,4,15,23,1,43,0,0,0,43
11/15/2008,LSE,WI,AGL,CE,Federal Contract Tower,4,11,0,0,15,0,10,4,0,14,4,21,4,0,29,10,4,14,43
11/16/2008,LSE,WI,AGL,CE,Federal Contract Tower,4,13,7,0,24,0,1,8,0,9,4,14,15,0,33,18,0,18,51
11/17/2008,LSE,WI,AGL,CE,Federal Contract Tower,4,15,5,2,26,0,0,3,0,3,4,15,8,2,29,0,0,0,29
11/18/2008,LSE,WI,AGL,CE,Federal Contract Tower,4,14,16,4,38,0,0,38,0,38,4,14,54,4,76,22,0,22,98
11/19/2008,LSE,WI,AGL,CE,Federal Contract Tower,6,14,11,0,31,0,1,5,0,6,6,15,16,0,37,4,0,4,41
11/20/2008,LSE,WI,AGL,CE,Federal Contract Tower,4,18,16,0,38,0,0,14,0,14,4,18,30,0,52,8,0,8,60
11/21/2008,LSE,WI,AGL,CE,Federal Contract Tower,4,16,5,0,25,0,0,35,0,35,4,16,40,0,60,30,0,30,90
11/22/2008,LSE,WI,AGL,CE,Federal Contract Tower,4,12,6,0,22,0,2,13,0,15,4,14,19,0,37,20,0,20,57
11/23/2008,LSE,WI,AGL,CE,Federal Contract Tower,4,11,10,0,25,0,1,36,0,37,4,12,46,0,62,52,0,52,114
11/24/2008,LSE,WI,AGL,CE,Federal Contract Tower,4,16,8,0,28,0,1,7,0,8,4,17,15,0,36,14,0,14,50
11/25/2008,LSE,WI,AGL,CE,Federal Contract Tower,5,16,14,0,35,0,3,26,0,29,5,19,40,0,64,40,0,40,104
11/26/2008,LSE,WI,AGL,CE,Federal Contract Tower,6,19,9,0,34,0,0,28,0,28,6,19,37,0,62,0,0,0,62
11/27/2008,LSE,WI,AGL,CE,Federal Contract Tower,1,9,1,0,11,0,0,4,0,4,1,9,5,0,15,0,0,0,15
11/28/2008,LSE,WI,AGL,CE,Federal Contract Tower,2,14,1,0,17,0,2,16,2,20,2,16,17,2,37,20,16,36,73
11/29/2008,LSE,WI,AGL,CE,Federal Contract Tower,6,13,7,0,26,0,0,31,0,31,6,13,38,0,57,6,0,6,63
11/30/2008,LSE,WI,AGL,CE,Federal Contract Tower,4,11,6,0,21,0,0,0,0,0,4,11,6,0,21,0,0,0,21
12/01/2008,LSE,WI,AGL,CE,Federal Contract Tower,4,12,14,0,30,0,0,1,0,1,4,12,15,0,31,0,0,0,31
12/02/2008,LSE,WI,AGL,CE,Federal Contract Tower,4,16,10,2,32,0,0,13,0,13,4,16,23,2,45,0,0,0,45
12/03/2008,LSE,WI,AGL,CE,Federal Contract Tower,2,19,5,2,28,0,0,0,0,0,2,19,5,2,28,0,0,0,28
12/04/2008,LSE,WI,AGL,CE,Federal Contract Tower,4,19,10,2,35,0,3,5,5,13,4,22,15,7,48,0,4,4,52
12/05/2008,LSE,WI,AGL,CE,Federal Contract Tower,3,18,7,0,28,0,0,4,0,4,3,18,11,0,32,2,0,2,34
12/06/2008,LSE,WI,AGL,CE,Federal Contract Tower,3,12,0,0,15,0,0,0,0,0,3,12,0,0,15,4,0,4,19
12/07/2008,LSE,WI,AGL,CE,Federal Contract Tower,3,14,8,0,25,0,1,1,0,2,3,15,9,0,27,4,0,4,31
12/08/2008,LSE,WI,AGL,CE,Federal Contract Tower,3,9,15,0,27,0,0,0,0,0,3,9,15,0,27,0,0,0,27
12/09/2008,LSE,WI,AGL,CE,Federal Contract Tower,3,19,7,0,29,0,0,0,0,0,3,19,7,0,29,0,0,0,29
12/10/2008,LSE,WI,AGL,CE,Federal Contract Tower,1,18,3,0,22,0,0,9,1,10,1,18,12,1,32,4,2,6,38
12/11/2008,LSE,WI,AGL,CE,Federal Contract Tower,4,15,13,0,32,0,0,13,1,14,4,15,26,1,46,6,4,10,56
12/12/2008,LSE,WI,AGL,CE,Federal Contract Tower,4,16,15,0,35,0,0,10,0,10,4,16,25,0,45,12,0,12,57
12/13/2008,LSE,WI,AGL,CE,Federal Contract Tower,3,12,1,2,18,0,3,14,0,17,3,15,15,2,35,6,0,6,41
12/14/2008,LSE,WI,AGL,CE,Federal Contract Tower,3,14,9,0,26,0,0,0,0,0,3,14,9,0,26,0,0,0,26
12/15/2008,LSE,WI,AGL,CE,Federal Contract Tower,6,17,7,0,30,0,0,5,4,9,6,17,12,4,39,2,0,2,41
12/16/2008,LSE,WI,AGL,CE,Federal Contract Tower,3,9,7,0,19,0,0,0,0,0,3,9,7,0,19,0,0,0,19
12/17/2008,LSE,WI,AGL,CE,Federal Contract Tower,2,16,14,0,32,0,6,16,0,22,2,22,30,0,54,0,0,0,54
12/18/2008,LSE,WI,AGL,CE,Federal Contract Tower,4,19,17,0,40,0,0,5,0,5,4,19,22,0,45,0,0,0,45
12/19/2008,LSE,WI,AGL,CE,Federal Contract Tower,2,17,4,2,25,0,0,0,0,0,2,17,4,2,25,0,0,0,25
12/20/2008,LSE,WI,AGL,CE,Federal Contract Tower,0,15,0,0,15,0,0,0,0,0,0,15,0,0,15,0,0,0,15
12/21/2008,LSE,WI,AGL,CE,Federal Contract Tower,2,13,3,0,18,0,2,2,0,4,2,15,5,0,22,4,0,4,26
12/22/2008,LSE,WI,AGL,CE,Federal Contract Tower,2,14,9,0,25,0,2,8,0,10,2,16,17,0,35,6,0,6,41
12/23/2008,LSE,WI,AGL,CE,Federal Contract Tower,2,14,6,0,22,0,0,2,0,2,2,14,8,0,24,0,0,0,24
12/24/2008,LSE,WI,AGL,CE,Federal Contract Tower,0,19,4,0,23,0,0,0,0,0,0,19,4,0,23,0,0,0,23
12/25/2008,LSE,WI,AGL,CE,Federal Contract Tower,0,10,4,0,14,0,0,4,0,4,0,10,8,0,18,2,0,2,20
12/26/2008,LSE,WI,AGL,CE,Federal Contract Tower,2,15,8,0,25,0,0,0,0,0,2,15,8,0,25,0,0,0,25
12/27/2008,LSE,WI,AGL,CE,Federal Contract Tower,0,12,4,0,16,0,0,1,0,1,0,12,5,0,17,0,0,0,17
12/28/2008,LSE,WI,AGL,CE,Federal Contract Tower,2,14,6,0,22,0,4,23,0,27,2,18,29,0,49,18,0,18,67
12/29/2008,LSE,WI,AGL,CE,Federal Contract Tower,2,15,24,0,41,0,1,4,0,5,2,16,28,0,46,0,0,0,46
12/30/2008,LSE,WI,AGL,CE,Federal Contract Tower,12,13,11,0,36,0,0,1,0,1,12,13,12,0,37,0,0,0,37
12/31/2008,LSE,WI,AGL,CE,Federal Contract Tower,2,14,6,0,22,0,1,15,0,16,2,15,21,0,38,0,0,0,38
01/01/2009,LSE,WI,AGL,CE,Federal Contract Tower,2,13,1,0,16,0,0,0,0,0,2,13,1,0,16,0,0,0,16
01/02/2009,LSE,WI,AGL,CE,Federal Contract Tower,2,16,12,2,32,0,0,12,0,12,2,16,24,2,44,6,0,6,50
01/03/2009,LSE,WI,AGL,CE,Federal Contract Tower,0,10,2,0,12,0,0,2,0,2,0,10,4,0,14,0,0,0,14
01/04/2009,LSE,WI,AGL,CE,Federal Contract Tower,2,9,8,0,19,0,0,4,0,4,2,9,12,0,23,0,0,0,23
01/05/2009,LSE,WI,AGL,CE,Federal Contract Tower,3,15,10,2,30,0,0,11,0,11,3,15,21,2,41,2,0,2,43
01/06/2009,LSE,WI,AGL,CE,Federal Contract Tower,3,18,8,0,29,0,2,18,0,20,3,20,26,0,49,6,0,6,55
01/07/2009,LSE,WI,AGL,CE,Federal Contract Tower,3,17,6,0,26,0,0,0,0,0,3,17,6,0,26,0,0,0,26
01/08/2009,LSE,WI,AGL,CE,Federal Contract Tower,3,19,7,1,30,0,0,14,0,14,3,19,21,1,44,4,0,4,48
01/09/2009,LSE,WI,AGL,CE,Federal Contract Tower,5,18,9,1,33,0,1,0,0,1,5,19,9,1,34,2,0,2,36
01/10/2009,LSE,WI,AGL,CE,Federal Contract Tower,4,8,3,2,17,0,2,17,0,19,4,10,20,2,36,46,0,46,82
01/11/2009,LSE,WI,AGL,CE,Federal Contract Tower,5,14,6,0,25,0,0,8,0,8,5,14,14,0,33,6,0,6,39
01/12/2009,LSE,WI,AGL,CE,Federal Contract Tower,4,13,6,0,23,0,0,0,0,0,4,13,6,0,23,0,0,0,23
01/13/2009,LSE,WI,AGL,CE,Federal Contract Tower,5,17,7,2,31,0,0,11,0,11,5,17,18,2,42,0,0,0,42
01/14/2009,LSE,WI,AGL,CE,Federal Contract Tower,4,14,6,0,24,0,0,0,0,0,4,14,6,0,24,0,0,0,24
01/15/2009,LSE,WI,AGL,CE,Federal Contract Tower,5,15,11,2,33,0,0,2,0,2,5,15,13,2,35,0,0,0,35
01/16/2009,LSE,WI,AGL,CE,Federal Contract Tower,5,17,7,0,29,0,2,1,0,3,5,19,8,0,32,0,0,0,32
01/17/2009,LSE,WI,AGL,CE,Federal Contract Tower,3,13,1,0,17,0,0,0,0,0,3,13,1,0,17,0,0,0,17
01/18/2009,LSE,WI,AGL,CE,Federal Contract Tower,4,14,8,0,26,0,0,0,0,0,4,14,8,0,26,0,0,0,26
01/19/2009,LSE,WI,AGL,CE,Federal Contract Tower,6,13,8,0,27,0,3,0,0,3,6,16,8,0,30,0,0,0,30
01/20/2009,LSE,WI,AGL,CE,Federal Contract Tower,3,16,11,2,32,0,0,23,0,23,3,16,34,2,55,12,0,12,67
01/21/2009,LSE,WI,AGL,CE,Federal Contract Tower,3,16,14,2,35,0,0,0,0,0,3,16,14,2,35,0,0,0,35
01/22/2009,LSE,WI,AGL,CE,Federal Contract Tower,3,17,11,0,31,0,1,6,0,7,3,18,17,0,38,0,0,0,38
01/23/2009,LSE,WI,AGL,CE,Federal Contract Tower,3,16,8,0,27,0,0,4,0,4,3,16,12,0,31,0,0,0,31
01/24/2009,LSE,WI,AGL,CE,Federal Contract Tower,3,17,6,1,27,0,0,10,4,14,3,17,16,5,41,10,6,16,57
01/25/2009,LSE,WI,AGL,CE,Federal Contract Tower,3,16,5,0,24,0,0,9,0,9,3,16,14,0,33,0,0,0,33
01/26/2009,LSE,WI,AGL,CE,Federal Contract Tower,4,15,14,0,33,0,1,2,0,3,4,16,16,0,36,2,0,2,38
01/27/2009,LSE,WI,AGL,CE,Federal Contract Tower,4,15,6,0,25,0,0,11,0,11,4,15,17,0,36,30,0,30,66
01/28/2009,LSE,WI,AGL,CE,Federal Contract Tower,3,16,5,2,26,0,1,9,7,17,3,17,14,9,43,6,14,20,63
01/29/2009,LSE,WI,AGL,CE,Federal Contract Tower,2,18,5,2,27,0,0,37,0,37,2,18,42,2,64,18,0,18,82
01/30/2009,LSE,WI,AGL,CE,Federal Contract Tower,4,16,6,0,26,0,2,28,0,30,4,18,34,0,56,24,0,24,80
01/31/2009,LSE,WI,AGL,CE,Federal Contract Tower,3,17,4,0,24,0,0,26,0,26,3,17,30,0,50,48,0,48,98
02/01/2009,LSE,WI,AGL,CE,Federal Contract Tower,3,15,2,0,20,0,4,27,0,31,3,19,29,0,51,26,0,26,77
02/02/2009,LSE,WI,AGL,CE,Federal Contract Tower,5,17,3,2,27,0,1,3,1,5,5,18,6,3,32,14,0,14,46
02/03/2009,LSE,WI,AGL,CE,Federal Contract Tower,4,17,8,0,29,0,2,13,0,15,4,19,21,0,44,14,0,14,58
02/04/2009,LSE,WI,AGL,CE,Federal Contract Tower,4,16,6,0,26,0,0,6,0,6,4,16,12,0,32,2,0,2,34
02/05/2009,LSE,WI,AGL,CE,Federal Contract Tower,5,16,6,0,27,0,0,7,0,7,5,16,13,0,34,4,0,4,38
02/06/2009,LSE,WI,AGL,CE,Federal Contract Tower,4,16,12,0,32,0,0,32,0,32,4,16,44,0,64,32,0,32,96
02/07/2009,LSE,WI,AGL,CE,Federal Contract Tower,5,12,2,2,21,0,0,23,9,32,5,12,25,11,53,24,10,34,87
02/08/2009,LSE,WI,AGL,CE,Federal Contract Tower,4,14,4,0,22,0,0,57,0,57,4,14,61,0,79,58,0,58,137
02/09/2009,LSE,WI,AGL,CE,Federal Contract Tower,4,17,10,0,31,0,0,0,0,0,4,17,10,0,31,0,0,0,31
02/10/2009,LSE,WI,AGL,CE,Federal Contract Tower,3,15,4,1,23,0,1,1,1,3,3,16,5,2,26,2,0,2,28
02/11/2009,LSE,WI,AGL,CE,Federal Contract Tower,4,13,18,2,37,0,2,11,0,13,4,15,29,2,50,30,0,30,80
02/12/2009,LSE,WI,AGL,CE,Federal Contract Tower,2,19,11,2,34,0,1,12,0,13,2,20,23,2,47,0,0,0,47
02/13/2009,LSE,WI,AGL,CE,Federal Contract Tower,4,19,9,0,32,0,0,7,0,7,4,19,16,0,39,14,0,14,53
02/14/2009,LSE,WI,AGL,CE,Federal Contract Tower,2,15,6,1,24,0,2,30,1,33,2,17,36,2,57,44,0,44,101
02/15/2009,LSE,WI,AGL,CE,Federal Contract Tower,4,16,5,0,25,0,5,27,0,32,4,21,32,0,57,12,0,12,69
02/16/2009,LSE,WI,AGL,CE,Federal Contract Tower,4,19,7,0,30,0,0,7,0,7,4,19,14,0,37,4,0,4,41
02/17/2009,LSE,WI,AGL,CE,Federal Contract Tower,4,18,17,0,39,0,2,13,0,15,4,20,30,0,54,18,0,18,72
02/18/2009,LSE,WI,AGL,CE,Federal Contract Tower,2,13,12,0,27,0,0,1,0,1,2,13,13,0,28,0,0,0,28
02/19/2009,LSE,WI,AGL,CE,Federal Contract Tower,2,15,16,0,33,0,0,7,2,9,2,15,23,2,42,2,0,2,44
02/20/2009,LSE,WI,AGL,CE,Federal Contract Tower,4,17,10,2,33,0,2,12,0,14,4,19,22,2,47,6,0,6,53
02/21/2009,LSE,WI,AGL,CE,Federal Contract Tower,2,14,4,0,20,0,0,2,0,2,2,14,6,0,22,0,0,0,22
02/22/2009,LSE,WI,AGL,CE,Federal Contract Tower,2,11,8,0,21,0,4,21,0,25,2,15,29,0,46,50,0,50,96
02/23/2009,LSE,WI,AGL,CE,Federal Contract Tower,0,19,7,0,26,0,0,15,0,15,0,19,22,0,41,0,0,0,41
02/24/2009,LSE,WI,AGL,CE,Federal Contract Tower,2,15,14,0,31,0,0,15,0,15,2,15,29,0,46,0,0,0,46
02/25/2009,LSE,WI,AGL,CE,Federal Contract Tower,2,19,14,0,35,0,0,4,3,7,2,19,18,3,42,0,0,0,42
02/26/2009,LSE,WI,AGL,CE,Federal Contract Tower,4,11,9,0,24,0,0,0,0,0,4,11,9,0,24,0,0,0,24
02/27/2009,LSE,WI,AGL,CE,Federal Contract Tower,2,20,12,0,34,0,1,12,2,15,2,21,24,2,49,14,0,14,63
02/28/2009,LSE,WI,AGL,CE,Federal Contract Tower,2,15,7,0,24,0,0,24,0,24,2,15,31,0,48,18,0,18,66
03/01/2009,LSE,WI,AGL,CE,Federal Contract Tower,2,16,2,0,20,0,0,36,0,36,2,16,38,0,56,34,2,36,92
03/02/2009,LSE,WI,AGL,CE,Federal Contract Tower,2,20,9,0,31,0,0,5,3,8,2,20,14,3,39,8,0,8,47
03/03/2009,LSE,WI,AGL,CE,Federal Contract Tower,2,21,6,0,29,0,4,13,0,17,2,25,19,0,46,8,0,8,54
03/04/2009,LSE,WI,AGL,CE,Federal Contract Tower,2,19,6,0,27,0,2,5,0,7,2,21,11,0,34,14,0,14,48
03/05/2009,LSE,WI,AGL,CE,Federal Contract Tower,2,17,4,2,25,0,0,2,0,2,2,17,6,2,27,0,0,0,27
03/06/2009,LSE,WI,AGL,CE,Federal Contract Tower,2,21,7,0,30,0,0,10,0,10,2,21,17,0,40,0,0,0,40
03/07/2009,LSE,WI,AGL,CE,Federal Contract Tower,2,16,0,0,18,0,0,15,0,15,2,16,15,0,33,74,0,74,107
03/08/2009,LSE,WI,AGL,CE,Federal Contract Tower,1,14,5,0,20,0,0,0,0,0,1,14,5,0,20,0,0,0,20
03/09/2009,LSE,WI,AGL,CE,Federal Contract Tower,2,27,12,0,41,0,0,8,0,8,2,27,20,0,49,32,0,32,81
03/10/2009,LSE,WI,AGL,CE,Federal Contract Tower,0,19,12,0,31,0,0,0,0,0,0,19,12,0,31,0,0,0,31
03/11/2009,LSE,WI,AGL,CE,Federal Contract Tower,2,18,10,0,30,0,2,6,0,8,2,20,16,0,38,4,0,4,42
03/12/2009,LSE,WI,AGL,CE,Federal Contract Tower,0,17,11,0,28,0,8,28,2,38,0,25,39,2,66,12,0,12,78
03/13/2009,LSE,WI,AGL,CE,Federal Contract Tower,2,22,9,0,33,0,2,17,2,21,2,24,26,2,54,10,0,10,64
03/14/2009,LSE,WI,AGL,CE,Federal Contract Tower,2,19,9,0,30,0,2,60,0,62,2,21,69,0,92,108,0,108,200
03/15/2009,LSE,WI,AGL,CE,Federal Contract Tower,0,20,6,2,28,0,5,67,0,72,0,25,73,2,100,60,4,64,164
03/16/2009,LSE,WI,AGL,CE,Federal Contract Tower,4,16,6,1,27,0,0,16,1,17,4,16,22,2,44,12,0,12,56
03/17/2009,LSE,WI,AGL,CE,Federal Contract Tower,2,17,11,2,32,0,1,17,0,18,2,18,28,2,50,54,0,54,104
03/18/2009,LSE,WI,AGL,CE,Federal Contract Tower,2,18,10,1,31,0,0,26,3,29,2,18,36,4,60,8,0,8,68
03/19/2009,LSE,WI,AGL,CE,Federal Contract Tower,4,17,10,0,31,0,2,29,1,32,4,19,39,1,63,30,0,30,93
03/20/2009,LSE,WI,AGL,CE,Federal Contract Tower,4,20,9,0,33,0,4,4,0,8,4,24,13,0,41,20,0,20,61
03/21/2009,LSE,WI,AGL,CE,Federal Contract Tower,2,19,0,0,21,0,0,33,1,34,2,19,33,1,55,22,0,22,77
03/22/2009,LSE,WI,AGL,CE,Federal Contract Tower,2,17,2,0,21,0,0,13,3,16,2,17,15,3,37,4,4,8,45
03/23/2009,LSE,WI,AGL,CE,Federal Contract Tower,2,17,9,2,30,0,0,3,0,3,2,17,12,2,33,0,0,0,33
03/24/2009,LSE,WI,AGL,CE,Federal Contract Tower,4,19,13,0,36,0,0,0,0,0,4,19,13,0,36,0,0,0,36
03/25/2009,LSE,WI,AGL,CE,Federal Contract Tower,2,16,10,2,30,0,0,0,0,0,2,16,10,2,30,0,0,0,30
03/26/2009,LSE,WI,AGL,CE,Federal Contract Tower,2,18,9,0,29,0,0,4,4,8,2,18,13,4,37,24,0,24,61
03/27/2009,LSE,WI,AGL,CE,Federal Contract Tower,2,22,3,0,27,0,2,13,0,15,2,24,16,0,42,4,0,4,46
03/28/2009,LSE,WI,AGL,CE,Federal Contract Tower,2,16,3,0,21,0,27,8,0,35,2,43,11,0,56,36,4,40,96
03/29/2009,LSE,WI,AGL,CE,Federal Contract Tower,2,15,6,0,23,0,2,15,8,25,2,17,21,8,48,26,0,26,74
03/30/2009,LSE,WI,AGL,CE,Federal Contract Tower,2,20,7,0,29,0,0,10,2,12,2,20,17,2,41,16,0,16,57
03/31/2009,LSE,WI,AGL,CE,Federal Contract Tower,2,19,5,4,30,0,0,2,0,2,2,19,7,4,32,0,48,48,80
04/01/2009,LSE,WI,AGL,CE,Federal Contract Tower,2,19,0,0,21,0,0,2,0,2,2,19,2,0,23,0,0,0,23
04/02/2009,LSE,WI,AGL,CE,Federal Contract Tower,2,16,11,0,29,0,0,11,2,13,2,16,22,2,42,0,2,2,44
04/03/2009,LSE,WI,AGL,CE,Federal Contract Tower,2,18,14,0,34,0,1,31,1,33,2,19,45,1,67,34,2,36,103
04/04/2009,LSE,WI,AGL,CE,Federal Contract Tower,2,16,8,5,31,0,3,15,4,22,2,19,23,9,53,28,4,32,85
04/05/2009,LSE,WI,AGL,CE,Federal Contract Tower,2,16,1,1,20,0,0,1,0,1,2,16,2,1,21,0,0,0,21
04/06/2009,LSE,WI,AGL,CE,Federal Contract Tower,0,19,9,1,29,0,0,5,0,5,0,19,14,1,34,0,0,0,34
04/07/2009,LSE,WI,AGL,CE,Federal Contract Tower,2,19,12,0,33,0,0,13,0,13,2,19,25,0,46,18,0,18,64
04/08/2009,LSE,WI,AGL,CE,Federal Contract Tower,2,20,12,0,34,0,0,8,2,10,2,20,20,2,44,18,10,28,72
04/09/2009,LSE,WI,AGL,CE,Federal Contract Tower,4,25,15,2,46,0,0,31,3,34,4,25,46,5,80,42,4,46,126
04/10/2009,LSE,WI,AGL,CE,Federal Contract Tower,2,21,8,2,33,0,0,25,2,27,2,21,33,4,60,10,18,28,88
04/11/2009,LSE,WI,AGL,CE,Federal Contract Tower,2,15,0,0,17,0,0,43,0,43,2,15,43,0,60,6,0,6,66
04/12/2009,LSE,WI,AGL,CE,Federal Contract Tower,0,24,4,2,30,0,0,34,1,35,0,24,38,3,65,10,0,10,75
04/13/2009,LSE,WI,AGL,CE,Federal Contract Tower,2,15,9,0,26,0,0,10,0,10,2,15,19,0,36,10,0,10,46
04/14/2009,LSE,WI,AGL,CE,Federal Contract Tower,2,20,14,2,38,0,0,11,0,11,2,20,25,2,49,24,0,24,73
04/15/2009,LSE,WI,AGL,CE,Federal Contract Tower,2,21,5,0,28,0,1,16,1,18,2,22,21,1,46,12,6,18,64
04/16/2009,LSE,WI,AGL,CE,Federal Contract Tower,2,21,8,0,31,0,1,23,2,26,2,22,31,2,57,34,8,42,99
04/17/2009,LSE,WI,AGL,CE,Federal Contract Tower,2,22,8,0,32,0,2,32,1,35,2,24,40,1,67,32,2,34,101
04/18/2009,LSE,WI,AGL,CE,Federal Contract Tower,0,18,8,3,29,0,0,26,0,26,0,18,34,3,55,12,0,12,67
04/19/2009,LSE,WI,AGL,CE,Federal Contract Tower,2,17,2,0,21,0,0,0,0,0,2,17,2,0,21,0,0,0,21
04/20/2009,LSE,WI,AGL,CE,Federal Contract Tower,2,17,17,0,36,0,2,0,0,2,2,19,17,0,38,0,0,0,38
04/21/2009,LSE,WI,AGL,CE,Federal Contract Tower,2,20,13,2,37,0,0,2,1,3,2,20,15,3,40,4,2,6,46
04/22/2009,LSE,WI,AGL,CE,Federal Contract Tower,2,20,14,0,36,0,0,32,0,32,2,20,46,0,68,22,0,22,90
04/23/2009,LSE,WI,AGL,CE,Federal Contract Tower,2,22,10,0,34,0,1,21,0,22,2,23,31,0,56,12,0,12,68
04/24/2009,LSE,WI,AGL,CE,Federal Contract Tower,2,22,14,0,38,0,0,13,4,17,2,22,27,4,55,6,2,8,63
04/25/2009,LSE,WI,AGL,CE,Federal Contract Tower,2,13,4,0,19,0,0,0,0,0,2,13,4,0,19,0,0,0,19
04/26/2009,LSE,WI,AGL,CE,Federal Contract Tower,0,18,9,1,28,0,0,0,0,0,0,18,9,1,28,0,0,0,28
04/27/2009,LSE,WI,AGL,CE,Federal Contract Tower,2,23,1,0,26,0,0,0,0,0,2,23,1,0,26,0,0,0,26
04/28/2009,LSE,WI,AGL,CE,Federal Contract Tower,2,21,10,2,35,0,1,27,3,31,2,22,37,5,66,46,0,46,112
04/29/2009,LSE,WI,AGL,CE,Federal Contract Tower,2,21,11,0,34,0,0,5,0,5,2,21,16,0,39,34,0,34,73
04/30/2009,LSE,WI,AGL,CE,Federal Contract Tower,2,21,6,0,29,0,0,0,0,0,2,21,6,0,29,0,0,0,29
05/01/2009,LSE,WI,AGL,CE,Federal Contract Tower,0,22,17,0,39,0,4,25,0,29,0,26,42,0,68,22,0,22,90
05/02/2009,LSE,WI,AGL,CE,Federal Contract Tower,3,14,7,0,24,0,2,45,0,47,3,16,52,0,71,40,0,40,111
05/03/2009,LSE,WI,AGL,CE,Federal Contract Tower,2,18,5,0,25,0,2,40,7,49,2,20,45,7,74,60,12,72,146
05/04/2009,LSE,WI,AGL,CE,Federal Contract Tower,4,19,3,0,26,0,2,24,0,26,4,21,27,0,52,52,0,52,104
05/05/2009,LSE,WI,AGL,CE,Federal Contract Tower,4,20,16,2,42,0,3,10,0,13,4,23,26,2,55,8,0,8,63
05/06/2009,LSE,WI,AGL,CE,Federal Contract Tower,3,14,13,0,30,0,0,4,0,4,3,14,17,0,34,0,0,0,34
05/07/2009,LSE,WI,AGL,CE,Federal Contract Tower,4,23,9,3,39,0,0,7,15,22,4,23,16,18,61,0,0,0,61
05/08/2009,LSE,WI,AGL,CE,Federal Contract Tower,2,19,10,0,31,0,0,31,0,31,2,19,41,0,62,0,0,0,62
05/09/2009,LSE,WI,AGL,CE,Federal Contract Tower,4,12,4,0,20,0,7,30,0,37,4,19,34,0,57,28,0,28,85
05/10/2009,LSE,WI,AGL,CE,Federal Contract Tower,6,16,4,0,26,0,4,13,0,17,6,20,17,0,43,30,0,30,73
05/11/2009,LSE,WI,AGL,CE,Federal Contract Tower,4,20,8,0,32,0,4,35,0,39,4,24,43,0,71,30,0,30,101
05/12/2009,LSE,WI,AGL,CE,Federal Contract Tower,3,24,17,0,44,0,2,14,0,16,3,26,31,0,60,20,0,20,80
05/13/2009,LSE,WI,AGL,CE,Federal Contract Tower,5,14,6,0,25,0,0,0,0,0,5,14,6,0,25,0,0,0,25
05/14/2009,LSE,WI,AGL,CE,Federal Contract Tower,4,19,16,1,40,0,0,26,2,28,4,19,42,3,68,16,0,16,84
05/15/2009,LSE,WI,AGL,CE,Federal Contract Tower,3,15,10,7,35,0,0,11,0,11,3,15,21,7,46,0,4,4,50
05/16/2009,LSE,WI,AGL,CE,Federal Contract Tower,4,14,8,0,26,0,0,8,0,8,4,14,16,0,34,0,0,0,34
05/17/2009,LSE,WI,AGL,CE,Federal Contract Tower,4,18,12,1,35,0,0,47,0,47,4,18,59,1,82,14,0,14,96
05/18/2009,LSE,WI,AGL,CE,Federal Contract Tower,4,17,4,0,25,0,0,14,0,14,4,17,18,0,39,8,0,8,47
05/19/2009,LSE,WI,AGL,CE,Federal Contract Tower,2,22,15,1,40,0,0,35,0,35,2,22,50,1,75,32,0,32,107
05/20/2009,LSE,WI,AGL,CE,Federal Contract Tower,4,19,12,0,35,0,0,3,2,5,4,19,15,2,40,6,0,6,46
05/21/2009,LSE,WI,AGL,CE,Federal Contract Tower,2,21,11,0,34,0,2,15,0,17,2,23,26,0,51,34,0,34,85
05/22/2009,LSE,WI,AGL,CE,Federal Contract Tower,2,19,17,0,38,0,2,19,0,21,2,21,36,0,59,54,0,54,113
05/23/2009,LSE,WI,AGL,CE,Federal Contract Tower,3,15,6,0,24,0,0,29,0,29,3,15,35,0,53,8,0,8,61
05/24/2009,LSE,WI,AGL,CE,Federal Contract Tower,3,17,3,0,23,0,0,72,0,72,3,17,75,0,95,31,0,31,126
05/25/2009,LSE,WI,AGL,CE,Federal Contract Tower,2,13,6,0,21,0,0,25,0,25,2,13,31,0,46,20,0,20,66
05/26/2009,LSE,WI,AGL,CE,Federal Contract Tower,6,17,12,0,35,0,0,0,0,0,6,17,12,0,35,0,0,0,35
05/27/2009,LSE,WI,AGL,CE,Federal Contract Tower,4,17,7,2,30,0,0,0,0,0,4,17,7,2,30,0,0,0,30
05/28/2009,LSE,WI,AGL,CE,Federal Contract Tower,4,22,13,0,39,0,3,21,3,27,4,25,34,3,66,38,2,40,106
05/29/2009,LSE,WI,AGL,CE,Federal Contract Tower,4,20,13,0,37,0,1,42,0,43,4,21,55,0,80,40,0,40,120
05/30/2009,LSE,WI,AGL,CE,Federal Contract Tower,4,15,3,2,24,0,0,3,0,3,4,15,6,2,27,2,0,2,29
05/31/2009,LSE,WI,AGL,CE,Federal Contract Tower,6,20,0,2,28,0,0,51,2,53,6,20,51,4,81,28,0,28,109
06/01/2009,LSE,WI,AGL,CE,Federal Contract Tower,4,18,8,0,30,0,4,20,2,26,4,22,28,2,56,32,0,32,88
06/02/2009,LSE,WI,AGL,CE,Federal Contract Tower,4,17,8,0,29,0,1,18,1,20,4,18,26,1,49,16,6,22,71
06/03/2009,LSE,WI,AGL,CE,Federal Contract Tower,6,17,23,0,46,0,4,22,3,29,6,21,45,3,75,30,0,30,105
06/04/2009,LSE,WI,AGL,CE,Federal Contract Tower,2,20,6,0,28,0,0,36,0,36,2,20,42,0,64,30,0,30,94
06/05/2009,LSE,WI,AGL,CE,Federal Contract Tower,2,24,13,0,39,0,0,40,0,40,2,24,53,0,79,12,0,12,91
06/06/2009,LSE,WI,AGL,CE,Federal Contract Tower,2,14,2,2,20,0,0,4,4,8,2,14,6,6,28,0,0,0,28
06/07/2009,LSE,WI,AGL,CE,Federal Contract Tower,2,18,10,2,32,0,0,10,0,10,2,18,20,2,42,0,0,0,42
06/08/2009,LSE,WI,AGL,CE,Federal Contract Tower,2,16,2,0,20,0,0,0,2,2,2,16,2,2,22,0,6,6,28
06/09/2009,LSE,WI,AGL,CE,Federal Contract Tower,2,21,4,0,27,0,0,24,5,29,2,21,28,5,56,14,12,26,82
06/10/2009,LSE,WI,AGL,CE,Federal Contract Tower,1,20,17,0,38,0,0,29,13,42,1,20,46,13,80,26,8,34,114
06/11/2009,LSE,WI,AGL,CE,Federal Contract Tower,2,19,5,4,30,0,2,30,0,32,2,21,35,4,62,18,0,18,80
06/12/2009,LSE,WI,AGL,CE,Federal Contract Tower,2,20,5,8,35,0,2,30,8,40,2,22,35,16,75,6,10,16,91
06/13/2009,LSE,WI,AGL,CE,Federal Contract Tower,2,16,1,0,19,0,4,89,3,96,2,20,90,3,115,30,10,40,155
06/14/2009,LSE,WI,AGL,CE,Federal Contract Tower,4,17,5,5,31,0,6,24,9,39,4,23,29,14,70,44,4,48,118
06/15/2009,LSE,WI,AGL,CE,Federal Contract Tower,2,22,19,0,43,2,0,32,4,38,4,22,51,4,81,32,4,36,117
06/16/2009,LSE,WI,AGL,CE,Federal Contract Tower,4,20,7,1,32,0,0,2,3,5,4,20,9,4,37,0,14,14,51
06/17/2009,LSE,WI,AGL,CE,Federal Contract Tower,4,21,6,0,31,0,3,20,22,45,4,24,26,22,76,0,0,0,76
06/18/2009,LSE,WI,AGL,CE,Federal Contract Tower,4,20,7,2,33,0,3,18,1,22,4,23,25,3,55,4,8,12,67
06/19/2009,LSE,WI,AGL,CE,Federal Contract Tower,3,12,12,3,30,0,0,25,5,30,3,12,37,8,60,61,8,69,129
06/20/2009,LSE,WI,AGL,CE,Federal Contract Tower,4,14,5,0,23,0,2,152,36,190,4,16,157,36,213,80,58,138,351
06/21/2009,LSE,WI,AGL,CE,Federal Contract Tower,2,20,5,2,29,0,0,85,2,87,2,20,90,4,116,40,32,72,188
06/22/2009,LSE,WI,AGL,CE,Federal Contract Tower,2,20,14,8,44,0,0,16,0,16,2,20,30,8,60,8,0,8,68
06/23/2009,LSE,WI,AGL,CE,Federal Contract Tower,2,24,29,3,58,0,0,27,5,32,2,24,56,8,90,38,2,40,130
06/24/2009,LSE,WI,AGL,CE,Federal Contract Tower,2,21,10,2,35,0,0,24,2,26,2,21,34,4,61,0,0,0,61
06/25/2009,LSE,WI,AGL,CE,Federal Contract Tower,3,20,8,0,31,0,0,25,0,25,3,20,33,0,56,0,0,0,56
06/26/2009,LSE,WI,AGL,CE,Federal Contract Tower,1,22,17,0,40,0,0,24,5,29,1,22,41,5,69,6,0,6,75
06/27/2009,LSE,WI,AGL,CE,Federal Contract Tower,2,15,3,0,20,0,0,5,0,5,2,15,8,0,25,22,0,22,47
06/28/2009,LSE,WI,AGL,CE,Federal Contract Tower,1,21,1,0,23,0,3,14,1,18,1,24,15,1,41,26,0,26,67
06/29/2009,LSE,WI,AGL,CE,Federal Contract Tower,2,22,12,0,36,0,0,43,0,43,2,22,55,0,79,0,0,0,79
06/30/2009,LSE,WI,AGL,CE,Federal Contract Tower,2,29,9,2,42,0,0,50,14,64,2,29,59,16,106,24,22,46,152
07/01/2009,LSE,WI,AGL,CE,Federal Contract Tower,1,22,12,0,35,0,0,61,6,67,1,22,73,6,102,0,24,24,126
07/02/2009,LSE,WI,AGL,CE,Federal Contract Tower,0,26,21,0,47,0,2,70,4,76,0,28,91,4,123,44,0,44,167
07/03/2009,LSE,WI,AGL,CE,Federal Contract Tower,0,24,11,0,35,0,4,31,0,35,0,28,42,0,70,26,0,26,96
07/04/2009,LSE,WI,AGL,CE,Federal Contract Tower,0,13,5,0,18,0,2,8,0,10,0,15,13,0,28,0,0,0,28
07/05/2009,LSE,WI,AGL,CE,Federal Contract Tower,0,20,1,0,21,0,0,29,0,29,0,20,30,0,50,10,0,10,60
07/06/2009,LSE,WI,AGL,CE,Federal Contract Tower,0,21,3,0,24,0,2,38,2,42,0,23,41,2,66,18,8,26,92
07/07/2009,LSE,WI,AGL,CE,Federal Contract Tower,0,21,10,1,32,0,1,23,6,30,0,22,33,7,62,20,6,26,88
07/08/2009,LSE,WI,AGL,CE,Federal Contract Tower,0,250,8,0,258,0,0,6,0,6,0,250,14,0,264,4,0,4,268
07/09/2009,LSE,WI,AGL,CE,Federal Contract Tower,0,20,10,0,30,0,1,23,2,26,0,21,33,2,56,50,0,50,106
07/10/2009,LSE,WI,AGL,CE,Federal Contract Tower,0,23,11,0,34,0,2,10,2,14,0,25,21,2,48,0,0,0,48
07/11/2009,LSE,WI,AGL,CE,Federal Contract Tower,0,19,3,0,22,0,2,82,0,84,0,21,85,0,106,42,0,42,148
07/12/2009,LSE,WI,AGL,CE,Federal Contract Tower,0,20,2,0,22,0,2,57,2,61,0,22,59,2,83,28,0,28,111
07/13/2009,LSE,WI,AGL,CE,Federal Contract Tower,0,22,7,0,29,0,0,52,0,52,0,22,59,0,81,26,0,26,107
07/14/2009,LSE,WI,AGL,CE,Federal Contract Tower,0,24,11,0,35,0,2,9,2,13,0,26,20,2,48,18,0,18,66
07/15/2009,LSE,WI,AGL,CE,Federal Contract Tower,0,25,15,0,40,0,0,17,5,22,0,25,32,5,62,6,8,14,76
07/16/2009,LSE,WI,AGL,CE,Federal Contract Tower,2,23,4,0,29,0,0,26,9,35,2,23,30,9,64,12,28,40,104
07/17/2009,LSE,WI,AGL,CE,Federal Contract Tower,0,20,11,0,31,0,1,10,0,11,0,21,21,0,42,0,0,0,42
07/18/2009,LSE,WI,AGL,CE,Federal Contract Tower,0,20,3,0,23,0,11,0,0,11,0,31,3,0,34,0,0,0,34
07/19/2009,LSE,WI,AGL,CE,Federal Contract Tower,2,23,12,0,37,0,2,41,0,43,2,25,53,0,80,20,0,20,100
07/20/2009,LSE,WI,AGL,CE,Federal Contract Tower,0,21,3,3,27,0,0,24,5,29,0,21,27,8,56,16,16,32,88
07/21/2009,LSE,WI,AGL,CE,Federal Contract Tower,0,21,7,0,28,0,0,18,5,23,0,21,25,5,51,8,4,12,63
07/22/2009,LSE,WI,AGL,CE,Federal Contract Tower,0,20,17,0,37,0,0,24,2,26,0,20,41,2,63,10,0,10,73
07/23/2009,LSE,WI,AGL,CE,Federal Contract Tower,0,21,9,0,30,0,0,37,2,39,0,21,46,2,69,38,0,38,107
07/24/2009,LSE,WI,AGL,CE,Federal Contract Tower,1,20,6,0,27,0,1,17,3,21,1,21,23,3,48,20,4,24,72
07/25/2009,LSE,WI,AGL,CE,Federal Contract Tower,0,16,10,1,27,0,2,42,0,44,0,18,52,1,71,2,0,2,73
07/26/2009,LSE,WI,AGL,CE,Federal Contract Tower,0,19,10,0,29,0,28,4,0,32,0,47,14,0,61,22,4,26,87
07/27/2009,LSE,WI,AGL,CE,Federal Contract Tower,0,19,12,0,31,0,2,20,2,24,0,21,32,2,55,14,2,16,71
07/28/2009,LSE,WI,AGL,CE,Federal Contract Tower,0,21,10,4,35,0,3,37,4,44,0,24,47,8,79,10,10,20,99
07/29/2009,LSE,WI,AGL,CE,Federal Contract Tower,0,23,14,0,37,0,4,36,0,40,0,27,50,0,77,18,0,18,95
07/30/2009,LSE,WI,AGL,CE,Federal Contract Tower,0,21,16,0,37,0,0,10,0,10,0,21,26,0,47,0,0,0,47
07/31/2009,LSE,WI,AGL,CE,Federal Contract Tower,0,21,20,1,42,0,0,56,1,57,0,21,76,2,99,30,0,30,129
08/01/2009,LSE,WI,AGL,CE,Federal Contract Tower,0,16,6,4,26,0,0,19,0,19,0,16,25,4,45,24,0,24,69
08/02/2009,LSE,WI,AGL,CE,Federal Contract Tower,0,19,9,0,28,0,4,41,0,45,0,23,50,0,73,38,0,38,111
08/03/2009,LSE,WI,AGL,CE,Federal Contract Tower,0,19,18,5,42,0,0,14,2,16,0,19,32,7,58,30,0,30,88
08/04/2009,LSE,WI,AGL,CE,Federal Contract Tower,0,22,18,0,40,0,1,18,4,23,0,23,36,4,63,4,12,16,79
08/05/2009,LSE,WI,AGL,CE,Federal Contract Tower,0,22,9,6,37,0,0,38,0,38,0,22,47,6,75,22,4,26,101
08/06/2009,LSE,WI,AGL,CE,Federal Contract Tower,0,22,10,0,32,0,0,20,4,24,0,22,30,4,56,6,8,14,70
08/07/2009,LSE,WI,AGL,CE,Federal Contract Tower,0,21,9,3,33,0,0,0,0,0,0,21,9,3,33,0,0,0,33
08/08/2009,LSE,WI,AGL,CE,Federal Contract Tower,0,19,7,0,26,0,0,43,2,45,0,19,50,2,71,10,2,12,83
08/09/2009,LSE,WI,AGL,CE,Federal Contract Tower,0,20,13,2,35,0,0,41,0,41,0,20,54,2,76,10,0,10,86
08/10/2009,LSE,WI,AGL,CE,Federal Contract Tower,0,21,15,0,36,0,0,12,0,12,0,21,27,0,48,0,0,0,48
08/11/2009,LSE,WI,AGL,CE,Federal Contract Tower,0,22,17,0,39,0,2,51,0,53,0,24,68,0,92,36,0,36,128
08/12/2009,LSE,WI,AGL,CE,Federal Contract Tower,0,21,22,0,43,0,0,28,4,32,0,21,50,4,75,14,2,16,91
08/13/2009,LSE,WI,AGL,CE,Federal Contract Tower,2,21,12,0,35,0,0,21,1,22,2,21,33,1,57,4,0,4,61
08/14/2009,LSE,WI,AGL,CE,Federal Contract Tower,0,20,10,1,31,0,0,35,0,35,0,20,45,1,66,30,0,30,96
08/15/2009,LSE,WI,AGL,CE,Federal Contract Tower,0,21,9,0,30,0,2,25,0,27,0,23,34,0,57,8,0,8,65
08/16/2009,LSE,WI,AGL,CE,Federal Contract Tower,2,18,7,0,27,0,2,7,0,9,2,20,14,0,36,0,0,0,36
08/17/2009,LSE,WI,AGL,CE,Federal Contract Tower,0,21,13,0,34,0,0,30,3,33,0,21,43,3,67,38,22,60,127
08/18/2009,LSE,WI,AGL,CE,Federal Contract Tower,0,21,19,0,40,0,2,44,3,49,0,23,63,3,89,26,8,34,123
08/19/2009,LSE,WI,AGL,CE,Federal Contract Tower,0,20,20,0,40,0,1,15,2,18,0,21,35,2,58,2,0,2,60
08/20/2009,LSE,WI,AGL,CE,Federal Contract Tower,0,20,10,1,31,0,0,1,3,4,0,20,11,4,35,0,0,0,35
08/21/2009,LSE,WI,AGL,CE,Federal Contract Tower,0,24,9,4,37,0,0,13,6,19,0,24,22,10,56,20,10,30,86
08/22/2009,LSE,WI,AGL,CE,Federal Contract Tower,0,14,6,0,20,0,1,48,10,59,0,15,54,10,79,28,2,30,109
08/23/2009,LSE,WI,AGL,CE,Federal Contract Tower,0,21,2,0,23,0,0,38,4,42,0,21,40,4,65,48,0,48,113
08/24/2009,LSE,WI,AGL,CE,Federal Contract Tower,0,21,14,0,35,0,2,47,2,51,0,23,61,2,86,24,2,26,112
08/25/2009,LSE,WI,AGL,CE,Federal Contract Tower,0,24,13,0,37,0,0,4,0,4,0,24,17,0,41,24,0,24,65
08/26/2009,LSE,WI,AGL,CE,Federal Contract Tower,0,21,9,0,30,0,0,28,0,28,0,21,37,0,58,28,0,28,86
08/27/2009,LSE,WI,AGL,CE,Federal Contract Tower,0,23,20,0,43,0,2,30,0,32,0,25,50,0,75,18,0,18,93
08/28/2009,LSE,WI,AGL,CE,Federal Contract Tower,2,19,10,2,33,0,2,15,2,19,2,21,25,4,52,20,0,20,72
08/29/2009,LSE,WI,AGL,CE,Federal Contract Tower,0,13,13,7,33,0,1,17,15,33,0,14,30,22,66,0,0,0,66
08/30/2009,LSE,WI,AGL,CE,Federal Contract Tower,0,18,5,1,24,0,1,41,15,57,0,19,46,16,81,0,0,0,81
08/31/2009,LSE,WI,AGL,CE,Federal Contract Tower,0,21,8,2,31,0,0,26,6,32,0,21,34,8,63,34,4,38,101
09/01/2009,LSE,WI,AGL,CE,Federal Contract Tower,0,24,14,0,38,0,0,32,0,32,0,24,46,0,70,20,0,20,90
09/02/2009,LSE,WI,AGL,CE,Federal Contract Tower,0,23,17,3,43,0,3,44,0,47,0,26,61,3,90,76,0,76,166
09/03/2009,LSE,WI,AGL,CE,Federal Contract Tower,0,23,10,1,34,0,0,21,5,26,0,23,31,6,60,12,2,14,74
09/04/2009,LSE,WI,AGL,CE,Federal Contract Tower,0,27,10,0,37,0,6,33,2,41,0,33,43,2,78,36,0,36,114
09/05/2009,LSE,WI,AGL,CE,Federal Contract Tower,0,13,3,0,16,0,3,21,5,29,0,16,24,5,45,16,8,24,69
09/06/2009,LSE,WI,AGL,CE,Federal Contract Tower,0,16,3,0,19,0,2,26,2,30,0,18,29,2,49,30,6,36,85
09/07/2009,LSE,WI,AGL,CE,Federal Contract Tower,0,20,10,0,30,0,2,31,2,35,0,22,41,2,65,12,2,14,79
09/08/2009,LSE,WI,AGL,CE,Federal Contract Tower,0,23,9,4,36,0,5,15,4,24,0,28,24,8,60,0,8,8,68
09/09/2009,LSE,WI,AGL,CE,Federal Contract Tower,0,24,8,0,32,0,0,19,0,19,0,24,27,0,51,16,6,22,73
09/10/2009,LSE,WI,AGL,CE,Federal Contract Tower,0,21,8,0,29,0,0,20,3,23,0,21,28,3,52,18,0,18,70
09/11/2009,LSE,WI,AGL,CE,Federal Contract Tower,0,19,10,0,29,0,0,20,0,20,0,19,30,0,49,20,0,20,69
09/12/2009,LSE,WI,AGL,CE,Federal Contract Tower,0,14,7,0,21,0,4,37,0,41,0,18,44,0,62,28,0,28,90
09/13/2009,LSE,WI,AGL,CE,Federal Contract Tower,0,17,9,2,28,0,10,27,0,37,0,27,36,2,65,40,0,40,105
09/14/2009,LSE,WI,AGL,CE,Federal Contract Tower,0,21,9,0,30,0,0,27,0,27,0,21,36,0,57,16,0,16,73
09/15/2009,LSE,WI,AGL,CE,Federal Contract Tower,0,22,6,1,29,0,0,22,0,22,0,22,28,1,51,34,0,34,85
09/16/2009,LSE,WI,AGL,CE,Federal Contract Tower,0,25,7,0,32,0,0,28,0,28,0,25,35,0,60,0,0,0,60
09/17/2009,LSE,WI,AGL,CE,Federal Contract Tower,0,24,12,1,37,0,0,44,2,46,0,24,56,3,83,24,0,24,107
09/18/2009,LSE,WI,AGL,CE,Federal Contract Tower,1,22,16,5,44,0,1,26,0,27,1,23,42,5,71,36,0,36,107
09/19/2009,LSE,WI,AGL,CE,Federal Contract Tower,0,14,6,2,22,0,2,45,2,49,0,16,51,4,71,22,0,22,93
09/20/2009,LSE,WI,AGL,CE,Federal Contract Tower,0,19,12,0,31,0,4,22,0,26,0,23,34,0,57,22,0,22,79
09/21/2009,LSE,WI,AGL,CE,Federal Contract Tower,0,21,11,4,36,0,0,6,3,9,0,21,17,7,45,2,0,2,47
09/22/2009,LSE,WI,AGL,CE,Federal Contract Tower,0,23,18,3,44,0,0,0,0,0,0,23,18,3,44,0,0,0,44
09/23/2009,LSE,WI,AGL,CE,Federal Contract Tower,0,25,18,3,46,0,0,6,2,8,0,25,24,5,54,0,0,0,54
09/24/2009,LSE,WI,AGL,CE,Federal Contract Tower,0,26,16,0,42,0,0,11,0,11,0,26,27,0,53,24,0,24,77
09/25/2009,LSE,WI,AGL,CE,Federal Contract Tower,0,20,15,0,35,0,0,0,0,0,0,20,15,0,35,0,0,0,35
09/26/2009,LSE,WI,AGL,CE,Federal Contract Tower,0,15,3,0,18,0,4,32,0,36,0,19,35,0,54,8,0,8,62
09/27/2009,LSE,WI,AGL,CE,Federal Contract Tower,0,22,6,0,28,0,0,11,0,11,0,22,17,0,39,6,0,6,45
09/28/2009,LSE,WI,AGL,CE,Federal Contract Tower,0,23,10,0,33,0,0,0,0,0,0,23,10,0,33,0,0,0,33
09/29/2009,LSE,WI,AGL,CE,Federal Contract Tower,0,22,10,0,32,0,0,28,2,30,0,22,38,2,62,70,0,70,132
09/30/2009,LSE,WI,AGL,CE,Federal Contract Tower,0,25,28,0,53,0,1,31,1,33,0,26,59,1,86,54,0,54,140
10/01/2009,LSE,WI,AGL,CE,Federal Contract Tower,0,24,12,0,36,0,0,2,0,2,0,24,14,0,38,0,0,0,38
10/02/2009,LSE,WI,AGL,CE,Federal Contract Tower,0,18,7,0,25,0,0,1,0,1,0,18,8,0,26,15,0,15,41
10/03/2009,LSE,WI,AGL,CE,Federal Contract Tower,0,15,8,0,23,0,14,2,0,16,0,29,10,0,39,2,0,2,41
10/04/2009,LSE,WI,AGL,CE,Federal Contract Tower,0,26,6,0,32,0,0,0,0,0,0,26,6,0,32,0,0,0,32
10/05/2009,LSE,WI,AGL,CE,Federal Contract Tower,0,25,7,0,32,0,0,12,0,12,0,25,19,0,44,12,0,12,56
10/06/2009,LSE,WI,AGL,CE,Federal Contract Tower,0,21,12,2,35,0,0,0,0,0,0,21,12,2,35,0,8,8,43
10/07/2009,LSE,WI,AGL,CE,Federal Contract Tower,0,24,13,2,39,0,1,28,0,29,0,25,41,2,68,58,0,58,126
10/08/2009,LSE,WI,AGL,CE,Federal Contract Tower,0,23,14,1,38,0,0,9,1,10,0,23,23,2,48,0,0,0,48
10/09/2009,LSE,WI,AGL,CE,Federal Contract Tower,0,19,17,0,36,0,1,37,0,38,0,20,54,0,74,48,0,48,122
10/10/2009,LSE,WI,AGL,CE,Federal Contract Tower,0,18,6,0,24,0,0,30,0,30,0,18,36,0,54,0,0,0,54
10/11/2009,LSE,WI,AGL,CE,Federal Contract Tower,0,22,11,0,33,0,0,62,0,62,0,22,73,0,95,114,0,114,209
10/12/2009,LSE,WI,AGL,CE,Federal Contract Tower,0,30,6,1,37,0,0,0,0,0,0,30,6,1,37,0,0,0,37
10/13/2009,LSE,WI,AGL,CE,Federal Contract Tower,6,26,9,0,41,0,0,43,0,43,6,26,52,0,84,118,4,122,206
10/14/2009,LSE,WI,AGL,CE,Federal Contract Tower,2,24,8,0,34,0,0,3,0,3,2,24,11,0,37,0,0,0,37
10/15/2009,LSE,WI,AGL,CE,Federal Contract Tower,0,22,8,0,30,0,0,0,0,0,0,22,8,0,30,0,0,0,30
10/16/2009,LSE,WI,AGL,CE,Federal Contract Tower,2,28,12,0,42,0,0,20,0,20,2,28,32,0,62,20,0,20,82
10/17/2009,LSE,WI,AGL,CE,Federal Contract Tower,0,17,3,3,23,0,1,12,1,14,0,18,15,4,37,40,0,40,77
10/18/2009,LSE,WI,AGL,CE,Federal Contract Tower,2,21,2,0,25,0,1,25,0,26,2,22,27,0,51,12,0,12,63
10/19/2009,LSE,WI,AGL,CE,Federal Contract Tower,0,23,14,2,39,0,5,27,0,32,0,28,41,2,71,30,0,30,101
10/20/2009,LSE,WI,AGL,CE,Federal Contract Tower,0,24,13,0,37,0,2,11,0,13,0,26,24,0,50,10,0,10,60
10/21/2009,LSE,WI,AGL,CE,Federal Contract Tower,0,23,12,0,35,0,0,0,0,0,0,23,12,0,35,0,0,0,35
10/22/2009,LSE,WI,AGL,CE,Federal Contract Tower,2,25,12,0,39,0,0,2,0,2,2,25,14,0,41,0,0,0,41
10/23/2009,LSE,WI,AGL,CE,Federal Contract Tower,0,19,6,0,25,0,0,0,0,0,0,19,6,0,25,0,0,0,25
10/24/2009,LSE,WI,AGL,CE,Federal Contract Tower,0,16,4,0,20,0,0,38,0,38,0,16,42,0,58,46,0,46,104
10/25/2009,LSE,WI,AGL,CE,Federal Contract Tower,0,20,20,1,41,0,0,6,0,6,0,20,26,1,47,12,0,12,59
10/26/2009,LSE,WI,AGL,CE,Federal Contract Tower,0,24,11,3,38,0,1,4,0,5,0,25,15,3,43,4,0,4,47
10/27/2009,LSE,WI,AGL,CE,Federal Contract Tower,0,23,10,1,34,0,1,39,2,42,0,24,49,3,76,18,4,22,98
10/28/2009,LSE,WI,AGL,CE,Federal Contract Tower,0,19,15,3,37,0,0,3,1,4,0,19,18,4,41,0,0,0,41
10/29/2009,LSE,WI,AGL,CE,Federal Contract Tower,0,19,11,0,30,0,0,0,0,0,0,19,11,0,30,0,0,0,30
10/30/2009,LSE,WI,AGL,CE,Federal Contract Tower,0,19,7,0,26,0,2,1,0,3,0,21,8,0,29,4,0,4,33
10/31/2009,LSE,WI,AGL,CE,Federal Contract Tower,1,14,3,2,20,0,0,6,0,6,1,14,9,2,26,8,2,10,36
11/01/2009,LSE,WI,AGL,CE,Federal Contract Tower,2,23,13,0,38,0,3,30,2,35,2,26,43,2,73,42,12,54,127
11/02/2009,LSE,WI,AGL,CE,Federal Contract Tower,2,21,16,0,39,0,1,30,0,31,2,22,46,0,70,30,0,30,100
11/03/2009,LSE,WI,AGL,CE,Federal Contract Tower,4,21,14,0,39,0,0,37,0,37,4,21,51,0,76,52,0,52,128
11/04/2009,LSE,WI,AGL,CE,Federal Contract Tower,2,26,10,0,38,0,0,24,0,24,2,26,34,0,62,68,0,68,130
11/05/2009,LSE,WI,AGL,CE,Federal Contract Tower,2,24,10,0,36,0,5,42,3,50,2,29,52,3,86,62,0,62,148
11/06/2009,LSE,WI,AGL,CE,Federal Contract Tower,2,22,19,0,43,0,3,22,0,25,2,25,41,0,68,32,0,32,100
11/07/2009,LSE,WI,AGL,CE,Federal Contract Tower,2,15,6,0,23,0,1,71,0,72,2,16,77,0,95,28,0,28,123
11/08/2009,LSE,WI,AGL,CE,Federal Contract Tower,2,18,7,2,29,0,0,39,0,39,2,18,46,2,68,40,8,48,116
11/09/2009,LSE,WI,AGL,CE,Federal Contract Tower,2,23,13,0,38,0,0,27,4,31,2,23,40,4,69,18,0,18,87
11/10/2009,LSE,WI,AGL,CE,Federal Contract Tower,3,22,2,0,27,0,0,39,0,39,3,22,41,0,66,34,0,34,100
11/11/2009,LSE,WI,AGL,CE,Federal Contract Tower,4,23,3,0,30,0,1,30,0,31,4,24,33,0,61,50,0,50,111
11/12/2009,LSE,WI,AGL,CE,Federal Contract Tower,2,22,17,1,42,0,0,10,1,11,2,22,27,2,53,0,0,0,53
11/13/2009,LSE,WI,AGL,CE,Federal Contract Tower,2,22,26,0,50,0,4,16,0,20,2,26,42,0,70,22,0,22,92
11/14/2009,LSE,WI,AGL,CE,Federal Contract Tower,2,15,1,0,18,0,0,0,0,0,2,15,1,0,18,0,0,0,18
11/15/2009,LSE,WI,AGL,CE,Federal Contract Tower,7,18,7,0,32,0,0,47,0,47,7,18,54,0,79,34,0,34,113
11/16/2009,LSE,WI,AGL,CE,Federal Contract Tower,2,22,6,0,30,0,3,15,0,18,2,25,21,0,48,6,0,6,54
11/17/2009,LSE,WI,AGL,CE,Federal Contract Tower,2,23,8,0,33,0,0,34,1,35,2,23,42,1,68,64,4,68,136
11/18/2009,LSE,WI,AGL,CE,Federal Contract Tower,2,24,15,1,42,0,0,12,0,12,2,24,27,1,54,66,2,68,122
11/19/2009,LSE,WI,AGL,CE,Federal Contract Tower,2,18,13,0,33,0,0,2,0,2,2,18,15,0,35,0,0,0,35
11/20/2009,LSE,WI,AGL,CE,Federal Contract Tower,4,21,14,2,41,0,1,11,0,12,4,22,25,2,53,30,6,36,89
11/21/2009,LSE,WI,AGL,CE,Federal Contract Tower,2,14,11,0,27,0,0,0,0,0,2,14,11,0,27,0,0,0,27
11/22/2009,LSE,WI,AGL,CE,Federal Contract Tower,2,17,8,0,27,0,0,15,0,15,2,17,23,0,42,6,0,6,48
11/23/2009,LSE,WI,AGL,CE,Federal Contract Tower,3,21,6,0,30,0,0,5,0,5,3,21,11,0,35,8,0,8,43
11/24/2009,LSE,WI,AGL,CE,Federal Contract Tower,2,20,11,0,33,0,2,0,0,2,2,22,11,0,35,4,0,4,39
11/25/2009,LSE,WI,AGL,CE,Federal Contract Tower,2,20,6,0,28,0,0,2,0,2,2,20,8,0,30,0,0,0,30
11/26/2009,LSE,WI,AGL,CE,Federal Contract Tower,1,9,4,0,14,0,0,2,0,2,1,9,6,0,16,6,0,6,22
11/27/2009,LSE,WI,AGL,CE,Federal Contract Tower,1,15,10,0,26,0,0,27,0,27,1,15,37,0,53,16,0,16,69
11/28/2009,LSE,WI,AGL,CE,Federal Contract Tower,2,19,9,0,30,0,0,41,0,41,2,19,50,0,71,28,0,28,99
11/29/2009,LSE,WI,AGL,CE,Federal Contract Tower,2,20,4,0,26,0,0,14,2,16,2,20,18,2,42,32,4,36,78
11/30/2009,LSE,WI,AGL,CE,Federal Contract Tower,2,20,10,1,33,0,0,27,1,28,2,20,37,2,61,8,0,8,69
12/01/2009,LSE,WI,AGL,CE,Federal Contract Tower,2,20,25,0,47,0,1,33,0,34,2,21,58,0,81,32,0,32,113
12/02/2009,LSE,WI,AGL,CE,Federal Contract Tower,2,21,8,0,31,0,0,9,0,9,2,21,17,0,40,0,0,0,40
12/03/2009,LSE,WI,AGL,CE,Federal Contract Tower,2,19,3,0,24,0,0,0,0,0,2,19,3,0,24,0,0,0,24
12/04/2009,LSE,WI,AGL,CE,Federal Contract Tower,2,20,8,0,30,0,2,10,0,12,2,22,18,0,42,0,0,0,42
12/05/2009,LSE,WI,AGL,CE,Federal Contract Tower,2,15,2,0,19,0,0,22,6,28,2,15,24,6,47,34,4,38,85
12/06/2009,LSE,WI,AGL,CE,Federal Contract Tower,2,18,2,2,24,0,0,27,0,27,2,18,29,2,51,6,0,6,57
12/07/2009,LSE,WI,AGL,CE,Federal Contract Tower,2,20,8,0,30,0,3,16,0,19,2,23,24,0,49,10,0,10,59
12/08/2009,LSE,WI,AGL,CE,Federal Contract Tower,1,12,10,0,23,0,0,0,0,0,1,12,10,0,23,0,0,0,23
12/09/2009,LSE,WI,AGL,CE,Federal Contract Tower,1,3,0,0,4,0,0,0,0,0,1,3,0,0,4,0,0,0,4
12/10/2009,LSE,WI,AGL,CE,Federal Contract Tower,2,22,5,2,31,0,0,4,0,4,2,22,9,2,35,4,0,4,39
12/11/2009,LSE,WI,AGL,CE,Federal Contract Tower,2,20,6,0,28,0,0,14,0,14,2,20,20,0,42,6,0,6,48
12/12/2009,LSE,WI,AGL,CE,Federal Contract Tower,2,14,4,0,20,0,0,23,0,23,2,14,27,0,43,48,0,48,91
12/13/2009,LSE,WI,AGL,CE,Federal Contract Tower,2,16,9,2,29,0,0,0,0,0,2,16,9,2,29,0,0,0,29
12/14/2009,LSE,WI,AGL,CE,Federal Contract Tower,2,17,3,0,22,0,0,0,0,0,2,17,3,0,22,0,0,0,22
12/15/2009,LSE,WI,AGL,CE,Federal Contract Tower,2,20,15,0,37,0,0,17,0,17,2,20,32,0,54,16,0,16,70
12/16/2009,LSE,WI,AGL,CE,Federal Contract Tower,2,21,16,0,39,0,0,12,0,12,2,21,28,0,51,14,0,14,65
12/17/2009,LSE,WI,AGL,CE,Federal Contract Tower,1,23,8,0,32,0,0,17,2,19,1,23,25,2,51,36,18,54,105
12/18/2009,LSE,WI,AGL,CE,Federal Contract Tower,0,22,7,0,29,0,0,0,0,0,0,22,7,0,29,0,0,0,29
12/19/2009,LSE,WI,AGL,CE,Federal Contract Tower,0,13,5,2,20,0,0,0,0,0,0,13,5,2,20,0,0,0,20
12/20/2009,LSE,WI,AGL,CE,Federal Contract Tower,0,17,2,0,19,0,0,0,0,0,0,17,2,0,19,0,0,0,19
12/21/2009,LSE,WI,AGL,CE,Federal Contract Tower,0,21,4,0,25,0,0,0,0,0,0,21,4,0,25,0,0,0,25
12/22/2009,LSE,WI,AGL,CE,Federal Contract Tower,0,19,3,0,22,0,0,3,0,3,0,19,6,0,25,0,0,0,25
12/23/2009,LSE,WI,AGL,CE,Federal Contract Tower,0,18,8,0,26,0,0,2,0,2,0,18,10,0,28,0,0,0,28
12/24/2009,LSE,WI,AGL,CE,Federal Contract Tower,0,13,0,0,13,0,0,0,0,0,0,13,0,0,13,0,0,0,13
12/25/2009,LSE,WI,AGL,CE,Federal Contract Tower,0,12,0,0,12,0,0,0,0,0,0,12,0,0,12,0,0,0,12
12/26/2009,LSE,WI,AGL,CE,Federal Contract Tower,0,13,10,0,23,0,0,6,0,6,0,13,16,0,29,0,0,0,29
12/27/2009,LSE,WI,AGL,CE,Federal Contract Tower,0,14,5,0,19,0,0,0,0,0,0,14,5,0,19,0,0,0,19
12/28/2009,LSE,WI,AGL,CE,Federal Contract Tower,0,25,5,0,30,0,0,17,0,17,0,25,22,0,47,36,0,36,83
12/29/2009,LSE,WI,AGL,CE,Federal Contract Tower,1,23,3,0,27,0,0,23,2,25,1,23,26,2,52,6,2,8,60
12/30/2009,LSE,WI,AGL,CE,Federal Contract Tower,0,17,4,0,21,0,0,0,0,0,0,17,4,0,21,0,0,0,21
12/31/2009,LSE,WI,AGL,CE,Federal Contract Tower,0,14,0,0,14,0,0,12,0,12,0,14,12,0,26,6,0,6,32
01/01/2010,LSE,WI,AGL,CE,Federal Contract Tower,0,15,2,0,17,0,0,7,0,7,0,15,9,0,24,0,0,0,24
01/02/2010,LSE,WI,AGL,CE,Federal Contract Tower,0,18,1,0,19,0,0,4,0,4,0,18,5,0,23,0,0,0,23
01/03/2010,LSE,WI,AGL,CE,Federal Contract Tower,0,21,0,0,21,0,0,1,0,1,0,21,1,0,22,0,0,0,22
01/04/2010,LSE,WI,AGL,CE,Federal Contract Tower,0,21,6,0,27,0,0,6,0,6,0,21,12,0,33,0,0,0,33
01/05/2010,LSE,WI,AGL,CE,Federal Contract Tower,0,21,8,0,29,0,0,11,2,13,0,21,19,2,42,0,0,0,42
01/06/2010,LSE,WI,AGL,CE,Federal Contract Tower,0,19,3,1,23,0,2,3,0,5,0,21,6,1,28,4,0,4,32
01/07/2010,LSE,WI,AGL,CE,Federal Contract Tower,0,11,6,2,19,0,0,0,0,0,0,11,6,2,19,0,0,0,19
01/08/2010,LSE,WI,AGL,CE,Federal Contract Tower,0,19,7,0,26,0,3,5,0,8,0,22,12,0,34,2,0,2,36
01/09/2010,LSE,WI,AGL,CE,Federal Contract Tower,0,15,2,1,18,0,0,3,0,3,0,15,5,1,21,2,0,2,23
01/10/2010,LSE,WI,AGL,CE,Federal Contract Tower,0,20,2,2,24,0,0,14,0,14,0,20,16,2,38,18,0,18,56
01/11/2010,LSE,WI,AGL,CE,Federal Contract Tower,0,21,11,0,32,0,1,4,0,5,0,22,15,0,37,4,0,4,41
01/12/2010,LSE,WI,AGL,CE,Federal Contract Tower,0,22,6,0,28,0,1,12,0,13,0,23,18,0,41,8,0,8,49
01/13/2010,LSE,WI,AGL,CE,Federal Contract Tower,0,23,10,1,34,0,0,22,4,26,0,23,32,5,60,26,8,34,94
01/14/2010,LSE,WI,AGL,CE,Federal Contract Tower,2,23,10,0,35,0,0,0,0,0,2,23,10,0,35,0,0,0,35
01/15/2010,LSE,WI,AGL,CE,Federal Contract Tower,0,24,8,0,32,0,0,1,0,1,0,24,9,0,33,0,0,0,33
01/16/2010,LSE,WI,AGL,CE,Federal Contract Tower,0,17,0,2,19,0,0,13,0,13,0,17,13,2,32,18,0,18,50
01/17/2010,LSE,WI,AGL,CE,Federal Contract Tower,0,21,4,0,25,0,1,12,0,13,0,22,16,0,38,46,0,46,84
01/18/2010,LSE,WI,AGL,CE,Federal Contract Tower,0,20,6,0,26,0,0,0,0,0,0,20,6,0,26,0,0,0,26
01/19/2010,LSE,WI,AGL,CE,Federal Contract Tower,0,19,7,0,26,0,0,0,0,0,0,19,7,0,26,0,0,0,26
01/20/2010,LSE,WI,AGL,CE,Federal Contract Tower,0,22,10,1,33,0,0,8,0,8,0,22,18,1,41,6,0,6,47
01/21/2010,LSE,WI,AGL,CE,Federal Contract Tower,0,15,9,0,24,0,0,0,0,0,0,15,9,0,24,0,0,0,24
01/22/2010,LSE,WI,AGL,CE,Federal Contract Tower,4,20,10,3,37,0,0,0,0,0,4,20,10,3,37,0,0,0,37
01/23/2010,LSE,WI,AGL,CE,Federal Contract Tower,0,20,3,0,23,0,0,0,0,0,0,20,3,0,23,0,0,0,23
01/24/2010,LSE,WI,AGL,CE,Federal Contract Tower,0,19,5,0,24,0,0,0,0,0,0,19,5,0,24,0,0,0,24
01/25/2010,LSE,WI,AGL,CE,Federal Contract Tower,2,19,14,4,39,0,0,2,0,2,2,19,16,4,41,0,0,0,41
01/26/2010,LSE,WI,AGL,CE,Federal Contract Tower,0,24,12,0,36,0,0,7,0,7,0,24,19,0,43,0,0,0,43
01/27/2010,LSE,WI,AGL,CE,Federal Contract Tower,0,25,15,0,40,0,0,21,0,21,0,25,36,0,61,34,0,34,95
01/28/2010,LSE,WI,AGL,CE,Federal Contract Tower,0,23,13,3,39,0,2,6,2,10,0,25,19,5,49,4,4,8,57
01/29/2010,LSE,WI,AGL,CE,Federal Contract Tower,0,22,8,2,32,0,3,15,0,18,0,25,23,2,50,42,0,42,92
01/30/2010,LSE,WI,AGL,CE,Federal Contract Tower,0,16,10,0,26,0,0,44,2,46,0,16,54,2,72,62,6,68,140
01/31/2010,LSE,WI,AGL,CE,Federal Contract Tower,0,17,3,0,20,0,0,39,2,41,0,17,42,2,61,36,2,38,99
02/01/2010,LSE,WI,AGL,CE,Federal Contract Tower,0,21,4,0,25,0,0,6,0,6,0,21,10,0,31,14,0,14,45
02/02/2010,LSE,WI,AGL,CE,Federal Contract Tower,0,22,9,3,34,0,0,0,0,0,0,22,9,3,34,0,0,0,34
02/03/2010,LSE,WI,AGL,CE,Federal Contract Tower,0,24,4,0,28,0,0,18,0,18,0,24,22,0,46,16,0,16,62
02/04/2010,LSE,WI,AGL,CE,Federal Contract Tower,0,21,5,0,26,0,0,6,0,6,0,21,11,0,32,12,0,12,44
02/05/2010,LSE,WI,AGL,CE,Federal Contract Tower,0,18,10,2,30,0,0,0,0,0,0,18,10,2,30,0,0,0,30
02/06/2010,LSE,WI,AGL,CE,Federal Contract Tower,0,17,4,2,23,0,1,18,4,23,0,18,22,6,46,10,20,30,76
02/07/2010,LSE,WI,AGL,CE,Federal Contract Tower,0,20,8,0,28,0,0,0,0,0,0,20,8,0,28,0,0,0,28
02/08/2010,LSE,WI,AGL,CE,Federal Contract Tower,0,19,10,3,32,0,0,0,0,0,0,19,10,3,32,0,0,0,32
02/09/2010,LSE,WI,AGL,CE,Federal Contract Tower,0,17,1,0,18,0,0,0,0,0,0,17,1,0,18,0,0,0,18
02/10/2010,LSE,WI,AGL,CE,Federal Contract Tower,0,20,15,0,35,0,0,8,0,8,0,20,23,0,43,8,0,8,51
02/11/2010,LSE,WI,AGL,CE,Federal Contract Tower,0,21,8,3,32,0,0,30,3,33,0,21,38,6,65,28,6,34,99
02/12/2010,LSE,WI,AGL,CE,Federal Contract Tower,0,20,9,2,31,0,0,16,0,16,0,20,25,2,47,6,0,6,53
02/13/2010,LSE,WI,AGL,CE,Federal Contract Tower,0,20,4,0,24,0,0,31,0,31,0,20,35,0,55,76,0,76,131
02/14/2010,LSE,WI,AGL,CE,Federal Contract Tower,0,15,7,0,22,0,0,9,0,9,0,15,16,0,31,0,0,0,31
02/15/2010,LSE,WI,AGL,CE,Federal Contract Tower,1,20,4,0,25,0,8,1,0,9,1,28,5,0,34,16,0,16,50
02/16/2010,LSE,WI,AGL,CE,Federal Contract Tower,2,22,5,1,30,0,5,35,5,45,2,27,40,6,75,68,10,78,153
02/17/2010,LSE,WI,AGL,CE,Federal Contract Tower,1,21,7,0,29,0,0,36,0,36,1,21,43,0,65,42,0,42,107
02/18/2010,LSE,WI,AGL,CE,Federal Contract Tower,2,22,13,0,37,0,0,23,10,33,2,22,36,10,70,46,14,60,130
02/19/2010,LSE,WI,AGL,CE,Federal Contract Tower,2,23,13,0,38,0,0,22,7,29,2,23,35,7,67,20,4,24,91
02/20/2010,LSE,WI,AGL,CE,Federal Contract Tower,3,18,3,0,24,0,0,0,0,0,3,18,3,0,24,0,0,0,24
02/21/2010,LSE,WI,AGL,CE,Federal Contract Tower,2,18,1,0,21,0,0,15,0,15,2,18,16,0,36,32,0,32,68
02/22/2010,LSE,WI,AGL,CE,Federal Contract Tower,2,20,14,0,36,0,0,3,0,3,2,20,17,0,39,0,0,0,39
02/23/2010,LSE,WI,AGL,CE,Federal Contract Tower,1,21,10,0,32,0,0,8,6,14,1,21,18,6,46,32,4,36,82
02/24/2010,LSE,WI,AGL,CE,Federal Contract Tower,0,0,0,0,0,0,0,0,0,0,0,0,0,0,0,6,26,32,32
02/25/2010,LSE,WI,AGL,CE,Federal Contract Tower,2,22,9,2,35,0,0,18,2,20,2,22,27,4,55,28,0,28,83
02/26/2010,LSE,WI,AGL,CE,Federal Contract Tower,2,20,13,0,35,0,0,20,0,20,2,20,33,0,55,32,0,32,87
02/27/2010,LSE,WI,AGL,CE,Federal Contract Tower,1,17,2,0,20,0,0,39,0,39,1,17,41,0,59,30,0,30,89
02/28/2010,LSE,WI,AGL,CE,Federal Contract Tower,1,19,10,0,30,0,2,24,0,26,1,21,34,0,56,82,0,82,138
03/01/2010,LSE,WI,AGL,CE,Federal Contract Tower,2,19,7,0,28,0,0,20,2,22,2,19,27,2,50,18,0,18,68
03/02/2010,LSE,WI,AGL,CE,Federal Contract Tower,2,21,10,0,33,0,0,8,0,8,2,21,18,0,41,22,0,22,63
03/03/2010,LSE,WI,AGL,CE,Federal Contract Tower,2,23,8,0,33,0,0,14,0,14,2,23,22,0,47,4,0,4,51
03/04/2010,LSE,WI,AGL,CE,Federal Contract Tower,2,21,4,0,27,0,0,18,0,18,2,21,22,0,45,22,0,22,67
03/05/2010,LSE,WI,AGL,CE,Federal Contract Tower,1,20,13,0,34,0,0,38,0,38,1,20,51,0,72,20,0,20,92
03/06/2010,LSE,WI,AGL,CE,Federal Contract Tower,1,20,3,0,24,0,2,23,2,27,1,22,26,2,51,62,0,62,113
03/07/2010,LSE,WI,AGL,CE,Federal Contract Tower,0,18,9,2,29,0,2,7,0,9,0,20,16,2,38,2,0,2,40
03/08/2010,LSE,WI,AGL,CE,Federal Contract Tower,2,16,6,0,24,0,0,0,0,0,2,16,6,0,24,0,0,0,24
03/09/2010,LSE,WI,AGL,CE,Federal Contract Tower,4,21,8,3,36,0,0,0,0,0,4,21,8,3,36,0,0,0,36
03/10/2010,LSE,WI,AGL,CE,Federal Contract Tower,2,27,23,0,52,0,0,0,0,0,2,27,23,0,52,0,0,0,52
03/11/2010,LSE,WI,AGL,CE,Federal Contract Tower,0,21,8,4,33,0,0,0,0,0,0,21,8,4,33,0,0,0,33
03/12/2010,LSE,WI,AGL,CE,Federal Contract Tower,3,20,10,11,44,0,0,2,2,4,3,20,12,13,48,6,24,30,78
03/13/2010,LSE,WI,AGL,CE,Federal Contract Tower,2,15,1,4,22,0,0,0,0,0,2,15,1,4,22,0,0,0,22
03/14/2010,LSE,WI,AGL,CE,Federal Contract Tower,4,17,5,1,27,0,0,23,0,23,4,17,28,1,50,54,0,54,104
03/15/2010,LSE,WI,AGL,CE,Federal Contract Tower,2,18,10,0,30,0,1,32,0,33,2,19,42,0,63,38,0,38,101
03/16/2010,LSE,WI,AGL,CE,Federal Contract Tower,2,20,5,0,27,0,0,4,4,8,2,20,9,4,35,0,6,6,41
03/17/2010,LSE,WI,AGL,CE,Federal Contract Tower,2,17,11,1,31,0,1,25,1,27,2,18,36,2,58,40,0,40,98
03/18/2010,LSE,WI,AGL,CE,Federal Contract Tower,2,25,13,0,40,0,0,24,4,28,2,25,37,4,68,22,4,26,94
03/19/2010,LSE,WI,AGL,CE,Federal Contract Tower,2,19,5,2,28,0,4,4,0,8,2,23,9,2,36,0,0,0,36
03/20/2010,LSE,WI,AGL,CE,Federal Contract Tower,2,16,1,2,21,0,0,21,2,23,2,16,22,4,44,16,14,30,74
03/21/2010,LSE,WI,AGL,CE,Federal Contract Tower,2,17,6,0,25,0,0,60,0,60,2,17,66,0,85,40,0,40,125
03/22/2010,LSE,WI,AGL,CE,Federal Contract Tower,4,23,11,2,40,0,0,28,5,33,4,23,39,7,73,30,6,36,109
03/23/2010,LSE,WI,AGL,CE,Federal Contract Tower,2,20,9,0,31,0,6,46,3,55,2,26,55,3,86,40,0,40,126
03/24/2010,LSE,WI,AGL,CE,Federal Contract Tower,1,21,7,0,29,0,0,19,2,21,1,21,26,2,50,18,4,22,72
03/25/2010,LSE,WI,AGL,CE,Federal Contract Tower,1,21,11,1,34,0,0,10,0,10,1,21,21,1,44,12,4,16,60
03/26/2010,LSE,WI,AGL,CE,Federal Contract Tower,1,20,6,0,27,0,0,24,2,26,1,20,30,2,53,22,0,22,75
03/27/2010,LSE,WI,AGL,CE,Federal Contract Tower,2,17,7,0,26,0,0,24,0,24,2,17,31,0,50,28,0,28,78
03/28/2010,LSE,WI,AGL,CE,Federal Contract Tower,2,18,2,0,22,0,0,20,0,20,2,18,22,0,42,36,0,36,78
03/29/2010,LSE,WI,AGL,CE,Federal Contract Tower,2,19,11,0,32,0,1,22,0,23,2,20,33,0,55,16,0,16,71
03/30/2010,LSE,WI,AGL,CE,Federal Contract Tower,2,21,6,1,30,0,2,12,2,16,2,23,18,3,46,4,0,4,50
03/31/2010,LSE,WI,AGL,CE,Federal Contract Tower,2,23,9,1,35,0,0,22,2,24,2,23,31,3,59,32,0,32,91
04/01/2010,LSE,WI,AGL,CE,Federal Contract Tower,1,22,9,0,32,0,2,26,0,28,1,24,35,0,60,38,0,38,98
04/02/2010,LSE,WI,AGL,CE,Federal Contract Tower,0,22,7,0,29,0,0,4,0,4,0,22,11,0,33,0,0,0,33
04/03/2010,LSE,WI,AGL,CE,Federal Contract Tower,3,19,2,1,25,0,0,9,0,9,3,19,11,1,34,6,0,6,40
04/04/2010,LSE,WI,AGL,CE,Federal Contract Tower,4,17,1,0,22,0,3,18,0,21,4,20,19,0,43,38,0,38,81
04/05/2010,LSE,WI,AGL,CE,Federal Contract Tower,2,19,14,2,37,0,0,15,2,17,2,19,29,4,54,20,0,20,74
04/06/2010,LSE,WI,AGL,CE,Federal Contract Tower,1,19,10,0,30,0,0,0,0,0,1,19,10,0,30,0,0,0,30
04/07/2010,LSE,WI,AGL,CE,Federal Contract Tower,0,20,14,0,34,0,0,5,0,5,0,20,19,0,39,10,0,10,49
04/08/2010,LSE,WI,AGL,CE,Federal Contract Tower,0,25,12,2,39,0,0,13,1,14,0,25,25,3,53,4,0,4,57
04/09/2010,LSE,WI,AGL,CE,Federal Contract Tower,0,28,9,0,37,0,0,42,2,44,0,28,51,2,81,30,4,34,115
04/10/2010,LSE,WI,AGL,CE,Federal Contract Tower,0,21,4,2,27,0,0,60,0,60,0,21,64,2,87,70,0,70,157
04/11/2010,LSE,WI,AGL,CE,Federal Contract Tower,0,21,4,0,25,0,2,40,0,42,0,23,44,0,67,42,0,42,109
04/12/2010,LSE,WI,AGL,CE,Federal Contract Tower,0,22,15,0,37,0,0,8,0,8,0,22,23,0,45,16,0,16,61
04/13/2010,LSE,WI,AGL,CE,Federal Contract Tower,0,23,11,0,34,0,3,12,3,18,0,26,23,3,52,48,4,52,104
04/14/2010,LSE,WI,AGL,CE,Federal Contract Tower,0,24,6,0,30,0,0,11,11,22,0,24,17,11,52,0,0,0,52
04/15/2010,LSE,WI,AGL,CE,Federal Contract Tower,0,24,6,0,30,0,0,10,4,14,0,24,16,4,44,36,0,36,80
04/16/2010,LSE,WI,AGL,CE,Federal Contract Tower,2,22,6,2,32,0,0,11,10,21,2,22,17,12,53,22,4,26,79
04/17/2010,LSE,WI,AGL,CE,Federal Contract Tower,0,19,9,0,28,0,0,18,2,20,0,19,27,2,48,0,14,14,62
04/18/2010,LSE,WI,AGL,CE,Federal Contract Tower,0,22,9,0,31,0,0,44,0,44,0,22,53,0,75,18,0,18,93
04/19/2010,LSE,WI,AGL,CE,Federal Contract Tower,0,21,13,1,35,0,0,33,3,36,0,21,46,4,71,24,4,28,99
04/20/2010,LSE,WI,AGL,CE,Federal Contract Tower,0,27,4,2,33,0,0,32,1,33,0,27,36,3,66,34,2,36,102
04/21/2010,LSE,WI,AGL,CE,Federal Contract Tower,0,25,10,1,36,0,0,35,2,37,0,25,45,3,73,36,12,48,121
04/22/2010,LSE,WI,AGL,CE,Federal Contract Tower,0,26,12,2,40,0,2,42,2,46,0,28,54,4,86,22,30,52,138
04/23/2010,LSE,WI,AGL,CE,Federal Contract Tower,0,26,9,0,35,0,2,13,2,17,0,28,22,2,52,34,4,38,90
04/24/2010,LSE,WI,AGL,CE,Federal Contract Tower,2,18,5,0,25,0,0,0,0,0,2,18,5,0,25,0,0,0,25
04/25/2010,LSE,WI,AGL,CE,Federal Contract Tower,0,20,5,0,25,0,0,1,0,1,0,20,6,0,26,0,0,0,26
04/26/2010,LSE,WI,AGL,CE,Federal Contract Tower,0,25,14,0,39,0,0,11,4,15,0,25,25,4,54,12,0,12,66
04/27/2010,LSE,WI,AGL,CE,Federal Contract Tower,0,24,12,4,40,0,0,20,2,22,0,24,32,6,62,10,2,12,74
04/28/2010,LSE,WI,AGL,CE,Federal Contract Tower,2,27,16,0,45,0,0,35,2,37,2,27,51,2,82,36,0,36,118
04/29/2010,LSE,WI,AGL,CE,Federal Contract Tower,0,24,14,2,40,0,0,4,0,4,0,24,18,2,44,0,0,0,44
04/30/2010,LSE,WI,AGL,CE,Federal Contract Tower,0,22,13,0,35,0,0,0,0,0,0,22,13,0,35,2,0,2,37
05/01/2010,LSE,WI,AGL,CE,Federal Contract Tower,0,18,10,0,28,0,1,9,6,16,0,19,19,6,44,0,8,8,52
05/02/2010,LSE,WI,AGL,CE,Federal Contract Tower,0,21,4,0,25,0,0,10,0,10,0,21,14,0,35,0,0,0,35
05/03/2010,LSE,WI,AGL,CE,Federal Contract Tower,0,22,6,0,28,0,0,15,2,17,0,22,21,2,45,12,8,20,65
05/04/2010,LSE,WI,AGL,CE,Federal Contract Tower,0,24,6,4,34,0,0,15,0,15,0,24,21,4,49,40,0,40,89
05/05/2010,LSE,WI,AGL,CE,Federal Contract Tower,0,24,7,0,31,0,0,6,0,6,0,24,13,0,37,0,0,0,37
05/06/2010,LSE,WI,AGL,CE,Federal Contract Tower,0,28,12,0,40,0,0,24,2,26,0,28,36,2,66,24,6,30,96
05/07/2010,LSE,WI,AGL,CE,Federal Contract Tower,0,21,13,0,34,0,1,2,0,3,0,22,15,0,37,2,0,2,39
05/08/2010,LSE,WI,AGL,CE,Federal Contract Tower,1,21,4,0,26,0,0,2,0,2,1,21,6,0,28,4,0,4,32
05/09/2010,LSE,WI,AGL,CE,Federal Contract Tower,0,21,8,0,29,0,0,43,1,44,0,21,51,1,73,30,0,30,103
05/10/2010,LSE,WI,AGL,CE,Federal Contract Tower,0,19,11,1,31,0,0,12,5,17,0,19,23,6,48,42,18,60,108
05/11/2010,LSE,WI,AGL,CE,Federal Contract Tower,0,22,7,1,30,0,2,1,1,4,0,24,8,2,34,2,0,2,36
05/12/2010,LSE,WI,AGL,CE,Federal Contract Tower,0,23,18,2,43,0,4,0,2,6,0,27,18,4,49,0,2,2,51
05/13/2010,LSE,WI,AGL,CE,Federal Contract Tower,0,20,24,0,44,0,0,0,0,0,0,20,24,0,44,0,0,0,44
05/14/2010,LSE,WI,AGL,CE,Federal Contract Tower,0,24,13,0,37,0,0,10,5,15,0,24,23,5,52,4,0,4,56
05/15/2010,LSE,WI,AGL,CE,Federal Contract Tower,0,19,7,0,26,0,0,63,2,65,0,19,70,2,91,34,0,34,125
05/16/2010,LSE,WI,AGL,CE,Federal Contract Tower,0,24,7,0,31,0,0,24,0,24,0,24,31,0,55,28,12,40,95
05/17/2010,LSE,WI,AGL,CE,Federal Contract Tower,0,23,15,0,38,0,0,15,0,15,0,23,30,0,53,6,0,6,59
05/18/2010,LSE,WI,AGL,CE,Federal Contract Tower,0,23,6,0,29,0,0,31,0,31,0,23,37,0,60,44,0,44,104
05/19/2010,LSE,WI,AGL,CE,Federal Contract Tower,0,23,6,4,33,0,0,19,4,23,0,23,25,8,56,28,0,28,84
05/20/2010,LSE,WI,AGL,CE,Federal Contract Tower,0,23,11,0,34,0,0,28,2,30,0,23,39,2,64,38,4,42,106
05/21/2010,LSE,WI,AGL,CE,Federal Contract Tower,0,24,9,0,33,0,0,1,0,1,0,24,10,0,34,0,0,0,34
05/22/2010,LSE,WI,AGL,CE,Federal Contract Tower,0,19,1,6,26,0,0,19,2,21,0,19,20,8,47,20,0,20,67
05/23/2010,LSE,WI,AGL,CE,Federal Contract Tower,0,20,11,0,31,0,1,19,1,21,0,21,30,1,52,10,0,10,62
05/24/2010,LSE,WI,AGL,CE,Federal Contract Tower,0,22,9,0,31,0,1,12,4,17,0,23,21,4,48,12,12,24,72
05/25/2010,LSE,WI,AGL,CE,Federal Contract Tower,0,23,14,0,37,0,0,17,2,19,0,23,31,2,56,6,0,6,62
05/26/2010,LSE,WI,AGL,CE,Federal Contract Tower,0,21,7,4,32,0,0,28,0,28,0,21,35,4,60,6,0,6,66
05/27/2010,LSE,WI,AGL,CE,Federal Contract Tower,0,21,17,0,38,0,0,28,4,32,0,21,45,4,70,28,4,32,102
05/28/2010,LSE,WI,AGL,CE,Federal Contract Tower,0,23,11,0,34,0,0,48,0,48,0,23,59,0,82,22,0,22,104
05/29/2010,LSE,WI,AGL,CE,Federal Contract Tower,0,19,7,0,26,0,0,51,2,53,0,19,58,2,79,30,0,30,109
05/30/2010,LSE,WI,AGL,CE,Federal Contract Tower,2,16,3,0,21,0,0,21,0,21,2,16,24,0,42,20,0,20,62
05/31/2010,LSE,WI,AGL,CE,Federal Contract Tower,0,21,7,0,28,0,0,40,0,40,0,21,47,0,68,14,0,14,82
06/01/2010,LSE,WI,AGL,CE,Federal Contract Tower,0,21,15,0,36,0,0,15,4,19,0,21,30,4,55,0,0,0,55
06/02/2010,LSE,WI,AGL,CE,Federal Contract Tower,0,25,6,0,31,0,0,10,0,10,0,25,16,0,41,0,0,0,41
06/03/2010,LSE,WI,AGL,CE,Federal Contract Tower,0,25,15,0,40,0,2,27,0,29,0,27,42,0,69,46,0,46,115
06/04/2010,LSE,WI,AGL,CE,Federal Contract Tower,0,26,16,0,42,0,2,10,0,12,0,28,26,0,54,12,0,12,66
06/05/2010,LSE,WI,AGL,CE,Federal Contract Tower,0,18,8,2,28,0,0,15,0,15,0,18,23,2,43,14,0,14,57
06/06/2010,LSE,WI,AGL,CE,Federal Contract Tower,0,21,4,0,25,0,4,21,2,27,0,25,25,2,52,12,0,12,64
06/07/2010,LSE,WI,AGL,CE,Federal Contract Tower,0,23,18,2,43,0,1,32,2,35,0,24,50,4,78,10,10,20,98
06/08/2010,LSE,WI,AGL,CE,Federal Contract Tower,0,25,13,3,41,0,0,0,0,0,0,25,13,3,41,0,0,0,41
06/09/2010,LSE,WI,AGL,CE,Federal Contract Tower,4,24,7,0,35,0,0,24,0,24,4,24,31,0,59,46,0,46,105
06/10/2010,LSE,WI,AGL,CE,Federal Contract Tower,0,25,18,0,43,0,1,24,1,26,0,26,42,1,69,24,0,24,93
06/11/2010,LSE,WI,AGL,CE,Federal Contract Tower,0,26,12,1,39,0,0,0,0,0,0,26,12,1,39,4,0,4,43
06/12/2010,LSE,WI,AGL,CE,Federal Contract Tower,10,24,4,6,44,0,0,0,0,0,10,24,4,6,44,4,0,4,48
06/13/2010,LSE,WI,AGL,CE,Federal Contract Tower,0,21,7,0,28,0,0,0,0,0,0,21,7,0,28,0,0,0,28
06/14/2010,LSE,WI,AGL,CE,Federal Contract Tower,0,20,15,0,35,0,0,0,0,0,0,20,15,0,35,0,0,0,35
06/15/2010,LSE,WI,AGL,CE,Federal Contract Tower,0,29,21,0,50,0,1,7,0,8,0,30,28,0,58,34,0,34,92
06/16/2010,LSE,WI,AGL,CE,Federal Contract Tower,0,22,20,1,43,0,0,34,2,36,0,22,54,3,79,42,6,48,127
06/17/2010,LSE,WI,AGL,CE,Federal Contract Tower,0,24,13,2,39,0,0,21,10,31,0,24,34,12,70,4,16,20,90
06/18/2010,LSE,WI,AGL,CE,Federal Contract Tower,0,22,8,5,35,0,0,22,8,30,0,22,30,13,65,6,82,88,153
06/19/2010,LSE,WI,AGL,CE,Federal Contract Tower,1,24,4,0,29,0,0,137,0,137,1,24,141,0,166,0,0,0,166
06/20/2010,LSE,WI,AGL,CE,Federal Contract Tower,0,22,7,4,33,0,0,27,2,29,0,22,34,6,62,2,0,2,64
06/21/2010,LSE,WI,AGL,CE,Federal Contract Tower,0,19,7,3,29,0,0,12,0,12,0,19,19,3,41,12,0,12,53
06/22/2010,LSE,WI,AGL,CE,Federal Contract Tower,0,24,8,2,34,0,0,17,2,19,0,24,25,4,53,80,8,88,141
06/23/2010,LSE,WI,AGL,CE,Federal Contract Tower,0,28,15,1,44,0,0,19,1,20,0,28,34,2,64,18,16,34,98
06/24/2010,LSE,WI,AGL,CE,Federal Contract Tower,0,23,23,0,46,0,2,30,1,33,0,25,53,1,79,26,0,26,105
06/25/2010,LSE,WI,AGL,CE,Federal Contract Tower,3,23,18,2,46,0,0,28,0,28,3,23,46,2,74,28,0,28,102
06/26/2010,LSE,WI,AGL,CE,Federal Contract Tower,12,23,6,2,43,0,0,10,0,10,12,23,16,2,53,0,0,0,53
06/27/2010,LSE,WI,AGL,CE,Federal Contract Tower,0,19,3,0,22,0,1,4,0,5,0,20,7,0,27,2,0,2,29
06/28/2010,LSE,WI,AGL,CE,Federal Contract Tower,2,22,17,0,41,0,2,21,2,25,2,24,38,2,66,4,0,4,70
06/29/2010,LSE,WI,AGL,CE,Federal Contract Tower,0,24,13,0,37,0,0,58,3,61,0,24,71,3,98,64,0,64,162
06/30/2010,LSE,WI,AGL,CE,Federal Contract Tower,0,27,18,1,46,0,0,56,8,64,0,27,74,9,110,26,26,52,162
07/01/2010,LSE,WI,AGL,CE,Federal Contract Tower,0,27,16,0,43,0,0,38,14,52,0,27,54,14,95,0,26,26,121
07/02/2010,LSE,WI,AGL,CE,Federal Contract Tower,0,22,3,0,25,0,0,31,0,31,0,22,34,0,56,2,0,2,58
07/03/2010,LSE,WI,AGL,CE,Federal Contract Tower,0,21,7,0,28,0,0,28,0,28,0,21,35,0,56,8,0,8,64
07/04/2010,LSE,WI,AGL,CE,Federal Contract Tower,0,16,2,0,18,0,0,6,0,6,0,16,8,0,24,6,0,6,30
07/05/2010,LSE,WI,AGL,CE,Federal Contract Tower,0,20,12,0,32,0,0,4,0,4,0,20,16,0,36,0,0,0,36
07/06/2010,LSE,WI,AGL,CE,Federal Contract Tower,0,18,15,0,33,0,1,12,0,13,0,19,27,0,46,20,4,24,70
07/07/2010,LSE,WI,AGL,CE,Federal Contract Tower,0,26,12,0,38,0,0,8,0,8,0,26,20,0,46,22,0,22,68
07/08/2010,LSE,WI,AGL,CE,Federal Contract Tower,0,26,13,3,42,0,0,33,20,53,0,26,46,23,95,56,4,60,155
07/09/2010,LSE,WI,AGL,CE,Federal Contract Tower,4,26,16,0,46,0,1,45,2,48,4,27,61,2,94,40,0,40,134
07/10/2010,LSE,WI,AGL,CE,Federal Contract Tower,0,23,0,4,27,0,1,50,1,52,0,24,50,5,79,12,8,20,99
07/11/2010,LSE,WI,AGL,CE,Federal Contract Tower,6,23,7,0,36,0,1,7,1,9,6,24,14,1,45,4,0,4,49
07/12/2010,LSE,WI,AGL,CE,Federal Contract Tower,6,22,22,0,50,0,0,28,0,28,6,22,50,0,78,20,0,20,98
07/13/2010,LSE,WI,AGL,CE,Federal Contract Tower,0,28,8,0,36,0,2,26,3,31,0,30,34,3,67,34,16,50,117
07/14/2010,LSE,WI,AGL,CE,Federal Contract Tower,0,26,15,2,43,0,1,3,0,4,0,27,18,2,47,0,0,0,47
07/15/2010,LSE,WI,AGL,CE,Federal Contract Tower,0,27,27,2,56,0,2,27,5,34,0,29,54,7,90,4,10,14,104
07/16/2010,LSE,WI,AGL,CE,Federal Contract Tower,0,27,11,3,41,0,2,43,2,47,0,29,54,5,88,54,8,62,150
07/17/2010,LSE,WI,AGL,CE,Federal Contract Tower,0,25,6,1,32,0,0,43,8,51,0,25,49,9,83,28,8,36,119
07/18/2010,LSE,WI,AGL,CE,Federal Contract Tower,2,26,7,0,35,0,0,25,4,29,2,26,32,4,64,28,4,32,96
07/19/2010,LSE,WI,AGL,CE,Federal Contract Tower,0,24,10,0,34,0,0,36,4,40,0,24,46,4,74,44,0,44,118
07/20/2010,LSE,WI,AGL,CE,Federal Contract Tower,0,28,12,2,42,0,0,26,1,27,0,28,38,3,69,40,0,40,109
07/21/2010,LSE,WI,AGL,CE,Federal Contract Tower,0,28,12,0,40,0,3,45,0,48,0,31,57,0,88,44,0,44,132
07/22/2010,LSE,WI,AGL,CE,Federal Contract Tower,0,23,14,1,38,0,0,8,0,8,0,23,22,1,46,4,4,8,54
07/23/2010,LSE,WI,AGL,CE,Federal Contract Tower,0,29,16,0,45,0,0,24,1,25,0,29,40,1,70,24,0,24,94
07/24/2010,LSE,WI,AGL,CE,Federal Contract Tower,0,21,10,0,31,0,0,30,0,30,0,21,40,0,61,12,0,12,73
07/25/2010,LSE,WI,AGL,CE,Federal Contract Tower,0,23,10,0,33,0,0,70,0,70,0,23,80,0,103,64,0,64,167
07/26/2010,LSE,WI,AGL,CE,Federal Contract Tower,0,23,2,0,25,0,1,43,0,44,0,24,45,0,69,34,0,34,103
07/27/2010,LSE,WI,AGL,CE,Federal Contract Tower,0,28,13,0,41,0,0,33,2,35,0,28,46,2,76,10,2,12,88
07/28/2010,LSE,WI,AGL,CE,Federal Contract Tower,0,27,20,2,49,0,1,27,0,28,0,28,47,2,77,10,0,10,87
07/29/2010,LSE,WI,AGL,CE,Federal Contract Tower,5,25,22,1,53,0,0,36,0,36,5,25,58,1,89,20,8,28,117
07/30/2010,LSE,WI,AGL,CE,Federal Contract Tower,2,26,10,0,38,0,0,24,0,24,2,26,34,0,62,6,0,6,68
07/31/2010,LSE,WI,AGL,CE,Federal Contract Tower,6,21,5,4,36,0,0,39,0,39,6,21,44,4,75,0,10,10,85
08/01/2010,LSE,WI,AGL,CE,Federal Contract Tower,9,21,8,2,40,0,0,36,2,38,9,21,44,4,78,14,14,28,106
08/02/2010,LSE,WI,AGL,CE,Federal Contract Tower,0,22,5,0,27,0,0,7,0,7,0,22,12,0,34,6,0,6,40
08/03/2010,LSE,WI,AGL,CE,Federal Contract Tower,0,24,10,1,35,0,2,21,3,26,0,26,31,4,61,54,14,68,129
08/04/2010,LSE,WI,AGL,CE,Federal Contract Tower,0,21,13,2,36,0,0,21,0,21,0,21,34,2,57,10,0,10,67
08/05/2010,LSE,WI,AGL,CE,Federal Contract Tower,0,27,22,0,49,0,0,27,0,27,0,27,49,0,76,14,0,14,90
08/06/2010,LSE,WI,AGL,CE,Federal Contract Tower,0,29,17,0,46,0,1,36,0,37,0,30,53,0,83,0,0,0,83
08/07/2010,LSE,WI,AGL,CE,Federal Contract Tower,0,23,4,2,29,0,0,8,0,8,0,23,12,2,37,0,0,0,37
08/08/2010,LSE,WI,AGL,CE,Federal Contract Tower,0,25,18,0,43,0,0,7,2,9,0,25,25,2,52,10,0,10,62
08/09/2010,LSE,WI,AGL,CE,Federal Contract Tower,0,20,10,2,32,0,1,17,0,18,0,21,27,2,50,14,0,14,64
08/10/2010,LSE,WI,AGL,CE,Federal Contract Tower,0,26,14,0,40,0,9,1,2,12,0,35,15,2,52,10,0,10,62
08/11/2010,LSE,WI,AGL,CE,Federal Contract Tower,0,31,18,2,51,0,0,34,3,37,0,31,52,5,88,0,10,10,98
08/12/2010,LSE,WI,AGL,CE,Federal Contract Tower,0,23,17,2,42,0,0,23,4,27,0,23,40,6,69,6,0,6,75
08/13/2010,LSE,WI,AGL,CE,Federal Contract Tower,2,23,3,0,28,0,0,2,2,4,2,23,5,2,32,0,0,0,32
08/14/2010,LSE,WI,AGL,CE,Federal Contract Tower,0,19,6,0,25,0,3,34,3,40,0,22,40,3,65,22,26,48,113
08/15/2010,LSE,WI,AGL,CE,Federal Contract Tower,0,23,4,3,30,0,1,19,1,21,0,24,23,4,51,6,0,6,57
08/16/2010,LSE,WI,AGL,CE,Federal Contract Tower,0,0,27,11,38,0,0,40,2,42,0,0,67,13,80,28,6,34,114
08/17/2010,LSE,WI,AGL,CE,Federal Contract Tower,0,27,12,5,44,0,0,25,2,27,0,27,37,7,71,6,6,12,83
08/18/2010,LSE,WI,AGL,CE,Federal Contract Tower,0,27,16,0,43,0,0,17,0,17,0,27,33,0,60,0,0,0,60
08/19/2010,LSE,WI,AGL,CE,Federal Contract Tower,0,25,12,2,39,0,0,10,0,10,0,25,22,2,49,8,0,8,57
08/20/2010,LSE,WI,AGL,CE,Federal Contract Tower,0,26,5,2,33,0,0,8,0,8,0,26,13,2,41,2,0,2,43
08/21/2010,LSE,WI,AGL,CE,Federal Contract Tower,0,16,15,4,35,0,0,9,0,9,0,16,24,4,44,2,2,4,48
08/22/2010,LSE,WI,AGL,CE,Federal Contract Tower,0,21,12,0,33,0,0,34,0,34,0,21,46,0,67,22,0,22,89
08/23/2010,LSE,WI,AGL,CE,Federal Contract Tower,0,22,9,0,31,0,0,17,1,18,0,22,26,1,49,12,6,18,67
08/24/2010,LSE,WI,AGL,CE,Federal Contract Tower,0,26,15,1,42,0,0,5,0,5,0,26,20,1,47,0,0,0,47
08/25/2010,LSE,WI,AGL,CE,Federal Contract Tower,2,26,13,0,41,0,0,35,0,35,2,26,48,0,76,12,0,12,88
08/26/2010,LSE,WI,AGL,CE,Federal Contract Tower,0,30,19,1,50,0,22,46,4,72,0,52,65,5,122,34,10,44,166
08/27/2010,LSE,WI,AGL,CE,Federal Contract Tower,0,29,8,0,37,0,0,41,3,44,0,29,49,3,81,30,4,34,115
08/28/2010,LSE,WI,AGL,CE,Federal Contract Tower,0,21,5,0,26,0,2,28,2,32,0,23,33,2,58,22,0,22,80
08/29/2010,LSE,WI,AGL,CE,Federal Contract Tower,8,22,13,0,43,0,2,27,13,42,8,24,40,13,85,6,2,8,93
08/30/2010,LSE,WI,AGL,CE,Federal Contract Tower,2,22,10,0,34,0,0,14,0,14,2,22,24,0,48,0,0,0,48
08/31/2010,LSE,WI,AGL,CE,Federal Contract Tower,0,27,10,0,37,0,0,0,0,0,0,27,10,0,37,0,0,0,37
09/01/2010,LSE,WI,AGL,CE,Federal Contract Tower,0,26,12,0,38,0,0,31,4,35,0,26,43,4,73,30,4,34,107
09/02/2010,LSE,WI,AGL,CE,Federal Contract Tower,0,26,15,0,41,0,0,5,0,5,0,26,20,0,46,10,0,10,56
09/03/2010,LSE,WI,AGL,CE,Federal Contract Tower,1,26,15,0,42,0,0,2,2,4,1,26,17,2,46,0,0,0,46
09/04/2010,LSE,WI,AGL,CE,Federal Contract Tower,1,21,3,0,25,0,0,28,10,38,1,21,31,10,63,6,8,14,77
09/05/2010,LSE,WI,AGL,CE,Federal Contract Tower,0,19,3,0,22,0,0,28,0,28,0,19,31,0,50,32,0,32,82
09/06/2010,LSE,WI,AGL,CE,Federal Contract Tower,0,16,10,0,26,0,1,13,7,21,0,17,23,7,47,10,30,40,87
09/07/2010,LSE,WI,AGL,CE,Federal Contract Tower,0,27,4,0,31,0,0,2,0,2,0,27,6,0,33,2,0,2,35
09/08/2010,LSE,WI,AGL,CE,Federal Contract Tower,0,25,8,0,33,0,13,21,0,34,0,38,29,0,67,40,0,40,107
09/09/2010,LSE,WI,AGL,CE,Federal Contract Tower,0,24,6,0,30,0,0,15,0,15,0,24,21,0,45,8,0,8,53
09/10/2010,LSE,WI,AGL,CE,Federal Contract Tower,1,24,6,0,31,0,2,20,0,22,1,26,26,0,53,12,0,12,65
09/11/2010,LSE,WI,AGL,CE,Federal Contract Tower,1,17,4,4,26,0,0,12,0,12,1,17,16,4,38,0,0,0,38
09/12/2010,LSE,WI,AGL,CE,Federal Contract Tower,2,21,13,1,37,0,0,56,5,61,2,21,69,6,98,26,0,26,124
09/13/2010,LSE,WI,AGL,CE,Federal Contract Tower,0,22,11,5,38,0,2,23,9,34,0,24,34,14,72,10,0,10,82
09/14/2010,LSE,WI,AGL,CE,Federal Contract Tower,0,26,10,2,38,0,2,19,8,29,0,28,29,10,67,8,32,40,107
09/15/2010,LSE,WI,AGL,CE,Federal Contract Tower,0,26,24,0,50,0,0,8,2,10,0,26,32,2,60,0,8,8,68
09/16/2010,LSE,WI,AGL,CE,Federal Contract Tower,7,26,18,0,51,0,0,2,0,2,7,26,20,0,53,0,0,0,53
09/17/2010,LSE,WI,AGL,CE,Federal Contract Tower,1,24,11,2,38,0,0,14,0,14,1,24,25,2,52,0,0,0,52
09/18/2010,LSE,WI,AGL,CE,Federal Contract Tower,3,19,7,0,29,0,0,16,2,18,3,19,23,2,47,18,0,18,65
09/19/2010,LSE,WI,AGL,CE,Federal Contract Tower,0,18,17,0,35,0,5,22,1,28,0,23,39,1,63,36,0,36,99
09/20/2010,LSE,WI,AGL,CE,Federal Contract Tower,0,21,9,0,30,0,0,1,0,1,0,21,10,0,31,0,0,0,31
09/21/2010,LSE,WI,AGL,CE,Federal Contract Tower,2,26,17,0,45,0,0,9,0,9,2,26,26,0,54,2,0,2,56
09/22/2010,LSE,WI,AGL,CE,Federal Contract Tower,2,25,18,1,46,0,0,20,0,20,2,25,38,1,66,8,0,8,74
09/23/2010,LSE,WI,AGL,CE,Federal Contract Tower,0,27,11,0,38,0,0,0,0,0,0,27,11,0,38,0,0,0,38
09/24/2010,LSE,WI,AGL,CE,Federal Contract Tower,0,28,13,0,41,0,0,4,0,4,0,28,17,0,45,0,0,0,45
09/25/2010,LSE,WI,AGL,CE,Federal Contract Tower,0,16,17,0,33,0,1,25,1,27,0,17,42,1,60,12,4,16,76
09/26/2010,LSE,WI,AGL,CE,Federal Contract Tower,0,22,5,1,28,0,0,66,4,70,0,22,71,5,98,54,8,62,160
09/27/2010,LSE,WI,AGL,CE,Federal Contract Tower,2,23,10,2,37,0,2,43,3,48,2,25,53,5,85,42,16,58,143
09/28/2010,LSE,WI,AGL,CE,Federal Contract Tower,0,29,8,0,37,0,0,11,0,11,0,29,19,0,48,0,0,0,48
09/29/2010,LSE,WI,AGL,CE,Federal Contract Tower,0,23,7,2,32,0,0,19,0,19,0,23,26,2,51,6,2,8,59
09/30/2010,LSE,WI,AGL,CE,Federal Contract Tower,0,26,14,2,42,0,0,27,2,29,0,26,41,4,71,4,12,16,87
10/01/2010,LSE,WI,AGL,CE,Federal Contract Tower,2,21,13,2,38,0,2,16,0,18,2,23,29,2,56,20,0,20,76
10/02/2010,LSE,WI,AGL,CE,Federal Contract Tower,0,17,11,0,28,0,0,15,0,15,0,17,26,0,43,8,0,8,51
10/03/2010,LSE,WI,AGL,CE,Federal Contract Tower,0,22,12,0,34,0,1,51,1,53,0,23,63,1,87,12,0,12,99
10/04/2010,LSE,WI,AGL,CE,Federal Contract Tower,1,23,7,0,31,0,0,46,0,46,1,23,53,0,77,20,0,20,97
10/05/2010,LSE,WI,AGL,CE,Federal Contract Tower,0,25,3,0,28,0,0,20,0,20,0,25,23,0,48,6,0,6,54
10/06/2010,LSE,WI,AGL,CE,Federal Contract Tower,2,23,17,0,42,0,0,15,0,15,2,23,32,0,57,0,0,0,57
10/07/2010,LSE,WI,AGL,CE,Federal Contract Tower,1,27,15,5,48,0,0,47,0,47,1,27,62,5,95,22,0,22,117
10/08/2010,LSE,WI,AGL,CE,Federal Contract Tower,0,25,19,0,44,0,5,31,0,36,0,30,50,0,80,32,0,32,112
10/09/2010,LSE,WI,AGL,CE,Federal Contract Tower,0,16,8,0,24,0,2,68,5,75,0,18,76,5,99,20,0,20,119
10/10/2010,LSE,WI,AGL,CE,Federal Contract Tower,2,19,12,0,33,0,1,37,3,41,2,20,49,3,74,22,0,22,96
10/11/2010,LSE,WI,AGL,CE,Federal Contract Tower,0,26,16,0,42,0,0,39,0,39,0,26,55,0,81,54,0,54,135
10/12/2010,LSE,WI,AGL,CE,Federal Contract Tower,0,28,18,0,46,0,0,20,1,21,0,28,38,1,67,22,0,22,89
10/13/2010,LSE,WI,AGL,CE,Federal Contract Tower,0,26,17,0,43,0,0,27,2,29,0,26,44,2,72,20,0,20,92
10/14/2010,LSE,WI,AGL,CE,Federal Contract Tower,0,28,6,0,34,0,0,10,0,10,0,28,16,0,44,14,0,14,58
10/15/2010,LSE,WI,AGL,CE,Federal Contract Tower,0,27,16,0,43,0,0,37,0,37,0,27,53,0,80,14,0,14,94
10/16/2010,LSE,WI,AGL,CE,Federal Contract Tower,0,16,3,0,19,0,1,18,2,21,0,17,21,2,40,4,0,4,44
10/17/2010,LSE,WI,AGL,CE,Federal Contract Tower,0,21,10,0,31,0,0,46,0,46,0,21,56,0,77,20,0,20,97
10/18/2010,LSE,WI,AGL,CE,Federal Contract Tower,0,20,12,0,32,0,0,19,0,19,0,20,31,0,51,12,0,12,63
10/19/2010,LSE,WI,AGL,CE,Federal Contract Tower,0,27,10,0,37,0,9,29,1,39,0,36,39,1,76,28,2,30,106
10/20/2010,LSE,WI,AGL,CE,Federal Contract Tower,0,25,27,0,52,0,1,4,4,9,0,26,31,4,61,2,4,6,67
10/21/2010,LSE,WI,AGL,CE,Federal Contract Tower,1,21,14,0,36,0,0,15,0,15,1,21,29,0,51,24,0,24,75
10/22/2010,LSE,WI,AGL,CE,Federal Contract Tower,0,22,11,0,33,0,0,20,0,20,0,22,31,0,53,28,0,28,81
10/23/2010,LSE,WI,AGL,CE,Federal Contract Tower,0,16,10,0,26,0,0,0,2,2,0,16,10,2,28,0,0,0,28
10/24/2010,LSE,WI,AGL,CE,Federal Contract Tower,0,22,7,0,29,0,0,0,0,0,0,22,7,0,29,0,0,0,29
10/25/2010,LSE,WI,AGL,CE,Federal Contract Tower,0,19,16,1,36,0,0,6,0,6,0,19,22,1,42,8,0,8,50
10/26/2010,LSE,WI,AGL,CE,Federal Contract Tower,4,22,6,0,32,0,0,0,0,0,4,22,6,0,32,4,0,4,36
10/27/2010,LSE,WI,AGL,CE,Federal Contract Tower,0,18,8,0,26,0,0,0,0,0,0,18,8,0,26,0,0,0,26
10/28/2010,LSE,WI,AGL,CE,Federal Contract Tower,0,19,12,0,31,0,0,1,0,1,0,19,13,0,32,2,0,2,34
10/29/2010,LSE,WI,AGL,CE,Federal Contract Tower,0,26,10,0,36,0,0,25,0,25,0,26,35,0,61,12,0,12,73
10/30/2010,LSE,WI,AGL,CE,Federal Contract Tower,0,18,8,0,26,0,0,39,1,40,0,18,47,1,66,18,0,18,84
10/31/2010,LSE,WI,AGL,CE,Federal Contract Tower,0,16,3,0,19,0,0,32,0,32,0,16,35,0,51,28,0,28,79
11/01/2010,LSE,WI,AGL,CE,Federal Contract Tower,0,22,13,0,35,0,0,16,0,16,0,22,29,0,51,20,2,22,73
11/02/2010,LSE,WI,AGL,CE,Federal Contract Tower,0,28,12,0,40,0,0,20,1,21,0,28,32,1,61,14,0,14,75
11/03/2010,LSE,WI,AGL,CE,Federal Contract Tower,0,28,12,0,40,0,0,18,3,21,0,28,30,3,61,14,0,14,75
11/04/2010,LSE,WI,AGL,CE,Federal Contract Tower,0,28,8,0,36,0,3,4,0,7,0,31,12,0,43,0,0,0,43
11/05/2010,LSE,WI,AGL,CE,Federal Contract Tower,0,29,0,0,29,0,0,17,0,17,0,29,17,0,46,10,0,10,56
11/06/2010,LSE,WI,AGL,CE,Federal Contract Tower,0,16,7,0,23,0,2,25,0,27,0,18,32,0,50,36,0,36,86
11/07/2010,LSE,WI,AGL,CE,Federal Contract Tower,0,19,13,0,32,0,2,29,0,31,0,21,42,0,63,28,0,28,91
11/08/2010,LSE,WI,AGL,CE,Federal Contract Tower,0,22,5,0,27,0,0,21,0,21,0,22,26,0,48,22,0,22,70
11/09/2010,LSE,WI,AGL,CE,Federal Contract Tower,0,25,12,0,37,0,0,21,2,23,0,25,33,2,60,18,0,18,78
11/10/2010,LSE,WI,AGL,CE,Federal Contract Tower,0,27,9,0,36,0,0,14,0,14,0,27,23,0,50,2,0,2,52
11/11/2010,LSE,WI,AGL,CE,Federal Contract Tower,0,25,11,0,36,0,0,25,0,25,0,25,36,0,61,18,0,18,79
11/12/2010,LSE,WI,AGL,CE,Federal Contract Tower,0,25,14,0,39,0,0,1,0,1,0,25,15,0,40,0,0,0,40
11/13/2010,LSE,WI,AGL,CE,Federal Contract Tower,4,16,1,0,21,0,0,0,0,0,4,16,1,0,21,0,0,0,21
11/14/2010,LSE,WI,AGL,CE,Federal Contract Tower,0,21,11,0,32,0,0,4,0,4,0,21,15,0,36,0,0,0,36
11/15/2010,LSE,WI,AGL,CE,Federal Contract Tower,0,23,10,1,34,0,0,16,0,16,0,23,26,1,50,12,0,12,62
11/16/2010,LSE,WI,AGL,CE,Federal Contract Tower,0,25,13,2,40,0,0,0,0,0,0,25,13,2,40,0,4,4,44
11/17/2010,LSE,WI,AGL,CE,Federal Contract Tower,0,25,8,0,33,0,0,1,0,1,0,25,9,0,34,0,0,0,34
11/18/2010,LSE,WI,AGL,CE,Federal Contract Tower,0,10,18,0,28,0,3,77,0,80,0,13,95,0,108,76,0,76,184
11/19/2010,LSE,WI,AGL,CE,Federal Contract Tower,0,26,17,1,44,0,0,12,0,12,0,26,29,1,56,10,0,10,66
11/20/2010,LSE,WI,AGL,CE,Federal Contract Tower,0,17,3,0,20,0,0,19,2,21,0,17,22,2,41,24,4,28,69
11/21/2010,LSE,WI,AGL,CE,Federal Contract Tower,0,21,4,0,25,0,0,0,0,0,0,21,4,0,25,0,0,0,25
11/22/2010,LSE,WI,AGL,CE,Federal Contract Tower,0,18,7,0,25,0,0,1,0,1,0,18,8,0,26,0,0,0,26
11/23/2010,LSE,WI,AGL,CE,Federal Contract Tower,0,22,14,2,38,0,0,22,4,26,0,22,36,6,64,12,4,16,80
11/24/2010,LSE,WI,AGL,CE,Federal Contract Tower,0,26,11,2,39,0,0,4,0,4,0,26,15,2,43,4,4,8,51
11/25/2010,LSE,WI,AGL,CE,Federal Contract Tower,0,14,0,0,14,0,0,0,0,0,0,14,0,0,14,0,0,0,14
11/26/2010,LSE,WI,AGL,CE,Federal Contract Tower,0,18,9,0,27,0,0,16,4,20,0,18,25,4,47,8,2,10,57
11/27/2010,LSE,WI,AGL,CE,Federal Contract Tower,0,22,0,0,22,0,1,26,2,29,0,23,26,2,51,12,0,12,63
11/28/2010,LSE,WI,AGL,CE,Federal Contract Tower,0,26,9,0,35,0,0,7,0,7,0,26,16,0,42,12,0,12,54
11/29/2010,LSE,WI,AGL,CE,Federal Contract Tower,0,21,16,5,42,0,0,7,0,7,0,21,23,5,49,0,0,0,49
11/30/2010,LSE,WI,AGL,CE,Federal Contract Tower,4,24,5,0,33,0,0,4,0,4,4,24,9,0,37,14,0,14,51
12/01/2010,LSE,WI,AGL,CE,Federal Contract Tower,0,18,8,1,27,0,0,7,0,7,0,18,15,1,34,8,0,8,42
12/02/2010,LSE,WI,AGL,CE,Federal Contract Tower,2,24,17,3,46,0,0,6,7,13,2,24,23,10,59,20,14,34,93
12/03/2010,LSE,WI,AGL,CE,Federal Contract Tower,0,26,9,0,35,0,0,2,0,2,0,26,11,0,37,0,0,0,37
12/04/2010,LSE,WI,AGL,CE,Federal Contract Tower,2,19,1,0,22,0,0,8,2,10,2,19,9,2,32,0,0,0,32
12/05/2010,LSE,WI,AGL,CE,Federal Contract Tower,0,19,7,0,26,0,0,6,0,6,0,19,13,0,32,10,0,10,42
12/06/2010,LSE,WI,AGL,CE,Federal Contract Tower,0,20,7,0,27,0,0,1,5,6,0,20,8,5,33,0,2,2,35
12/07/2010,LSE,WI,AGL,CE,Federal Contract Tower,0,26,8,5,39,0,0,18,6,24,0,26,26,11,63,16,0,16,79
12/08/2010,LSE,WI,AGL,CE,Federal Contract Tower,0,22,18,1,41,0,0,17,0,17,0,22,35,1,58,12,0,12,70
12/09/2010,LSE,WI,AGL,CE,Federal Contract Tower,0,23,12,0,35,0,0,1,0,1,0,23,13,0,36,0,0,0,36
12/10/2010,LSE,WI,AGL,CE,Federal Contract Tower,0,22,14,0,36,0,0,20,5,25,0,22,34,5,61,6,8,14,75
12/11/2010,LSE,WI,AGL,CE,Federal Contract Tower,0,3,1,0,4,0,0,0,0,0,0,3,1,0,4,0,0,0,4
12/12/2010,LSE,WI,AGL,CE,Federal Contract Tower,0,4,2,0,6,0,0,1,0,1,0,4,3,0,7,0,0,0,7
12/13/2010,LSE,WI,AGL,CE,Federal Contract Tower,0,18,19,0,37,0,1,5,0,6,0,19,24,0,43,6,0,6,49
12/14/2010,LSE,WI,AGL,CE,Federal Contract Tower,0,25,12,0,37,0,0,8,2,10,0,25,20,2,47,0,2,2,49
12/15/2010,LSE,WI,AGL,CE,Federal Contract Tower,0,27,5,0,32,0,0,8,0,8,0,27,13,0,40,12,0,12,52
12/16/2010,LSE,WI,AGL,CE,Federal Contract Tower,0,20,24,0,44,0,0,15,0,15,0,20,39,0,59,0,0,0,59
12/17/2010,LSE,WI,AGL,CE,Federal Contract Tower,0,25,11,0,36,0,1,19,0,20,0,26,30,0,56,4,0,4,60
12/18/2010,LSE,WI,AGL,CE,Federal Contract Tower,1,18,10,0,29,0,2,16,0,18,1,20,26,0,47,6,0,6,53
12/19/2010,LSE,WI,AGL,CE,Federal Contract Tower,0,19,3,0,22,0,0,24,0,24,0,19,27,0,46,48,0,48,94
12/20/2010,LSE,WI,AGL,CE,Federal Contract Tower,0,16,6,1,23,0,0,1,0,1,0,16,7,1,24,0,0,0,24
12/21/2010,LSE,WI,AGL,CE,Federal Contract Tower,0,19,13,0,32,0,0,0,0,0,0,19,13,0,32,0,0,0,32
12/22/2010,LSE,WI,AGL,CE,Federal Contract Tower,0,22,13,2,37,0,0,10,0,10,0,22,23,2,47,10,0,10,57
12/23/2010,LSE,WI,AGL,CE,Federal Contract Tower,0,23,9,0,32,0,0,0,0,0,0,23,9,0,32,0,0,0,32
12/24/2010,LSE,WI,AGL,CE,Federal Contract Tower,0,17,4,0,21,0,0,0,0,0,0,17,4,0,21,0,0,0,21
12/25/2010,LSE,WI,AGL,CE,Federal Contract Tower,2,17,3,0,22,0,0,0,0,0,2,17,3,0,22,0,0,0,22
12/26/2010,LSE,WI,AGL,CE,Federal Contract Tower,0,19,5,0,24,0,0,4,0,4,0,19,9,0,28,30,0,30,58
12/27/2010,LSE,WI,AGL,CE,Federal Contract Tower,0,20,13,0,33,0,0,20,0,20,0,20,33,0,53,24,0,24,77
12/28/2010,LSE,WI,AGL,CE,Federal Contract Tower,2,21,9,0,32,0,0,9,0,9,2,21,18,0,41,4,0,4,45
12/29/2010,LSE,WI,AGL,CE,Federal Contract Tower,0,26,14,0,40,0,0,3,0,3,0,26,17,0,43,0,0,0,43
12/30/2010,LSE,WI,AGL,CE,Federal Contract Tower,0,19,10,0,29,0,0,0,0,0,0,19,10,0,29,0,0,0,29
12/31/2010,LSE,WI,AGL,CE,Federal Contract Tower,0,19,1,0,20,0,0,0,0,0,0,19,1,0,20,0,0,0,20
01/01/2011,LSE,WI,AGL,CE,Federal Contract Tower,0,18,0,0,18,0,0,0,0,0,0,18,0,0,18,0,0,0,18
01/02/2011,LSE,WI,AGL,CE,Federal Contract Tower,0,22,8,0,30,0,0,22,0,22,0,22,30,0,52,8,0,8,60
01/03/2011,LSE,WI,AGL,CE,Federal Contract Tower,0,23,9,0,32,0,0,0,0,0,0,23,9,0,32,0,0,0,32
01/04/2011,LSE,WI,AGL,CE,Federal Contract Tower,0,25,16,0,41,0,0,12,0,12,0,25,28,0,53,10,0,10,63
01/05/2011,LSE,WI,AGL,CE,Federal Contract Tower,0,21,10,0,31,0,0,0,0,0,0,21,10,0,31,0,0,0,31
01/06/2011,LSE,WI,AGL,CE,Federal Contract Tower,0,23,16,1,40,0,6,13,2,21,0,29,29,3,61,26,2,28,89
01/07/2011,LSE,WI,AGL,CE,Federal Contract Tower,0,24,10,0,34,0,0,1,0,1,0,24,11,0,35,0,0,0,35
01/08/2011,LSE,WI,AGL,CE,Federal Contract Tower,0,15,5,0,20,0,0,15,3,18,0,15,20,3,38,18,8,26,64
01/09/2011,LSE,WI,AGL,CE,Federal Contract Tower,0,19,2,0,21,0,0,25,0,25,0,19,27,0,46,6,0,6,52
01/10/2011,LSE,WI,AGL,CE,Federal Contract Tower,0,21,13,2,36,0,0,8,0,8,0,21,21,2,44,2,4,6,50
01/11/2011,LSE,WI,AGL,CE,Federal Contract Tower,0,16,17,0,33,0,0,0,0,0,0,16,17,0,33,0,0,0,33
01/12/2011,LSE,WI,AGL,CE,Federal Contract Tower,0,28,8,0,36,0,1,5,0,6,0,29,13,0,42,2,0,2,44
01/13/2011,LSE,WI,AGL,CE,Federal Contract Tower,0,24,9,0,33,0,0,2,0,2,0,24,11,0,35,0,0,0,35
01/14/2011,LSE,WI,AGL,CE,Federal Contract Tower,0,23,19,0,42,0,1,2,0,3,0,24,21,0,45,6,0,6,51
01/15/2011,LSE,WI,AGL,CE,Federal Contract Tower,0,21,8,0,29,0,0,6,10,16,0,21,14,10,45,34,0,34,79
01/16/2011,LSE,WI,AGL,CE,Federal Contract Tower,3,19,4,0,26,0,0,21,0,21,3,19,25,0,47,34,0,34,81
01/17/2011,LSE,WI,AGL,CE,Federal Contract Tower,2,16,17,0,35,0,0,0,0,0,2,16,17,0,35,0,0,0,35
01/18/2011,LSE,WI,AGL,CE,Federal Contract Tower,0,17,14,0,31,0,2,0,2,4,0,19,14,2,35,4,0,4,39
01/19/2011,LSE,WI,AGL,CE,Federal Contract Tower,0,22,19,0,41,0,0,17,0,17,0,22,36,0,58,8,0,8,66
01/20/2011,LSE,WI,AGL,CE,Federal Contract Tower,0,24,8,0,32,0,0,1,0,1,0,24,9,0,33,0,0,0,33
01/21/2011,LSE,WI,AGL,CE,Federal Contract Tower,0,23,8,0,31,0,0,6,2,8,0,23,14,2,39,0,0,0,39
01/22/2011,LSE,WI,AGL,CE,Federal Contract Tower,0,19,5,0,24,0,0,2,17,19,0,19,7,17,43,0,38,38,81
01/23/2011,LSE,WI,AGL,CE,Federal Contract Tower,0,20,4,0,24,0,0,7,0,7,0,20,11,0,31,0,0,0,31
01/24/2011,LSE,WI,AGL,CE,Federal Contract Tower,0,20,13,0,33,0,0,0,0,0,0,20,13,0,33,0,0,0,33
01/25/2011,LSE,WI,AGL,CE,Federal Contract Tower,0,23,9,0,32,0,0,0,0,0,0,23,9,0,32,0,0,0,32
01/26/2011,LSE,WI,AGL,CE,Federal Contract Tower,0,22,6,0,28,0,0,5,0,5,0,22,11,0,33,0,0,0,33
01/27/2011,LSE,WI,AGL,CE,Federal Contract Tower,0,18,8,0,26,0,0,0,0,0,0,18,8,0,26,0,0,0,26
01/28/2011,LSE,WI,AGL,CE,Federal Contract Tower,0,23,8,0,31,0,0,0,0,0,0,23,8,0,31,0,0,0,31
01/29/2011,LSE,WI,AGL,CE,Federal Contract Tower,3,15,8,0,26,0,0,0,0,0,3,15,8,0,26,0,0,0,26
01/30/2011,LSE,WI,AGL,CE,Federal Contract Tower,3,16,9,0,28,0,1,4,3,8,3,17,13,3,36,2,0,2,38
01/31/2011,LSE,WI,AGL,CE,Federal Contract Tower,0,23,9,0,32,0,0,0,0,0,0,23,9,0,32,0,0,0,32
02/01/2011,LSE,WI,AGL,CE,Federal Contract Tower,0,18,5,0,23,0,0,0,0,0,0,18,5,0,23,0,0,0,23
02/02/2011,LSE,WI,AGL,CE,Federal Contract Tower,0,10,3,0,13,0,0,2,0,2,0,10,5,0,15,0,0,0,15
02/03/2011,LSE,WI,AGL,CE,Federal Contract Tower,0,16,15,0,31,0,0,13,0,13,0,16,28,0,44,0,0,0,44
02/04/2011,LSE,WI,AGL,CE,Federal Contract Tower,0,22,10,0,32,0,2,8,1,11,0,24,18,1,43,4,0,4,47
02/05/2011,LSE,WI,AGL,CE,Federal Contract Tower,2,17,2,0,21,0,0,0,0,0,2,17,2,0,21,0,0,0,21
02/06/2011,LSE,WI,AGL,CE,Federal Contract Tower,0,14,3,0,17,0,0,2,0,2,0,14,5,0,19,0,0,0,19
02/07/2011,LSE,WI,AGL,CE,Federal Contract Tower,0,22,16,0,38,0,0,3,0,3,0,22,19,0,41,0,0,0,41
02/08/2011,LSE,WI,AGL,CE,Federal Contract Tower,0,25,16,2,43,0,0,11,0,11,0,25,27,2,54,8,0,8,62
02/09/2011,LSE,WI,AGL,CE,Federal Contract Tower,0,24,5,2,31,0,0,4,0,4,0,24,9,2,35,0,0,0,35
02/10/2011,LSE,WI,AGL,CE,Federal Contract Tower,0,23,8,2,33,0,0,14,2,16,0,23,22,4,49,16,4,20,69
02/11/2011,LSE,WI,AGL,CE,Federal Contract Tower,0,20,5,0,25,0,0,0,2,2,0,20,5,2,27,0,12,12,39
02/12/2011,LSE,WI,AGL,CE,Federal Contract Tower,2,17,9,0,28,0,4,7,5,16,2,21,16,5,44,42,8,50,94
02/13/2011,LSE,WI,AGL,CE,Federal Contract Tower,0,19,3,0,22,0,0,14,9,23,0,19,17,9,45,56,40,96,141
02/14/2011,LSE,WI,AGL,CE,Federal Contract Tower,0,19,9,0,28,0,0,3,0,3,0,19,12,0,31,6,0,6,37
02/15/2011,LSE,WI,AGL,CE,Federal Contract Tower,0,23,9,2,34,0,10,2,4,16,0,33,11,6,50,28,4,32,82
02/16/2011,LSE,WI,AGL,CE,Federal Contract Tower,5,23,12,0,40,0,0,27,0,27,5,23,39,0,67,48,2,50,117
02/17/2011,LSE,WI,AGL,CE,Federal Contract Tower,0,19,2,0,21,0,0,0,2,2,0,19,2,2,23,2,12,14,37
02/18/2011,LSE,WI,AGL,CE,Federal Contract Tower,0,20,6,2,28,0,0,3,1,4,0,20,9,3,32,0,0,0,32
02/19/2011,LSE,WI,AGL,CE,Federal Contract Tower,0,16,0,0,16,0,4,48,7,59,0,20,48,7,75,62,36,98,173
02/20/2011,LSE,WI,AGL,CE,Federal Contract Tower,0,1,0,0,1,0,0,0,0,0,0,1,0,0,1,0,0,0,1
02/21/2011,LSE,WI,AGL,CE,Federal Contract Tower,0,15,19,0,34,0,0,0,0,0,0,15,19,0,34,0,0,0,34
02/22/2011,LSE,WI,AGL,CE,Federal Contract Tower,0,19,17,0,36,0,0,10,0,10,0,19,27,0,46,0,0,0,46
02/23/2011,LSE,WI,AGL,CE,Federal Contract Tower,0,22,17,0,39,0,0,2,0,2,0,22,19,0,41,4,0,4,45
02/24/2011,LSE,WI,AGL,CE,Federal Contract Tower,0,26,14,0,40,0,0,9,5,14,0,26,23,5,54,6,0,6,60
02/25/2011,LSE,WI,AGL,CE,Federal Contract Tower,0,21,11,0,32,0,0,3,0,3,0,21,14,0,35,2,0,2,37
02/26/2011,LSE,WI,AGL,CE,Federal Contract Tower,0,16,3,1,20,0,0,2,0,2,0,16,5,1,22,0,0,0,22
02/27/2011,LSE,WI,AGL,CE,Federal Contract Tower,0,17,5,0,22,0,0,0,0,0,0,17,5,0,22,0,0,0,22
02/28/2011,LSE,WI,AGL,CE,Federal Contract Tower,0,24,14,1,39,0,0,12,1,13,0,24,26,2,52,0,6,6,58
03/01/2011,LSE,WI,AGL,CE,Federal Contract Tower,0,20,11,0,31,0,3,10,3,16,0,23,21,3,47,18,16,34,81
03/02/2011,LSE,WI,AGL,CE,Federal Contract Tower,0,23,18,0,41,0,0,7,0,7,0,23,25,0,48,2,0,2,50
03/03/2011,LSE,WI,AGL,CE,Federal Contract Tower,0,20,5,2,27,0,0,0,0,0,0,20,5,2,27,0,0,0,27
03/04/2011,LSE,WI,AGL,CE,Federal Contract Tower,0,21,15,0,36,0,0,0,0,0,0,21,15,0,36,0,0,0,36
03/05/2011,LSE,WI,AGL,CE,Federal Contract Tower,4,13,1,0,18,0,0,12,4,16,4,13,13,4,34,0,58,58,92
03/06/2011,LSE,WI,AGL,CE,Federal Contract Tower,0,17,3,0,20,0,0,23,5,28,0,17,26,5,48,40,18,58,106
03/07/2011,LSE,WI,AGL,CE,Federal Contract Tower,0,18,5,0,23,0,1,0,0,1,0,19,5,0,24,4,0,4,28
03/08/2011,LSE,WI,AGL,CE,Federal Contract Tower,0,21,5,2,28,0,0,4,0,4,0,21,9,2,32,20,0,20,52
03/09/2011,LSE,WI,AGL,CE,Federal Contract Tower,0,20,2,1,23,0,0,0,0,0,0,20,2,1,23,0,0,0,23
03/10/2011,LSE,WI,AGL,CE,Federal Contract Tower,2,22,12,0,36,0,0,14,4,18,2,22,26,4,54,0,0,0,54
03/11/2011,LSE,WI,AGL,CE,Federal Contract Tower,1,20,9,0,30,0,0,14,0,14,1,20,23,0,44,6,0,6,50
03/12/2011,LSE,WI,AGL,CE,Federal Contract Tower,1,23,6,2,32,2,0,0,0,2,3,23,6,2,34,2,0,2,36
03/13/2011,LSE,WI,AGL,CE,Federal Contract Tower,0,19,8,0,27,0,0,17,9,26,0,19,25,9,53,14,12,26,79
03/14/2011,LSE,WI,AGL,CE,Federal Contract Tower,0,22,7,0,29,0,5,8,0,13,0,27,15,0,42,26,0,26,68
03/15/2011,LSE,WI,AGL,CE,Federal Contract Tower,0,19,11,0,30,0,3,10,2,15,0,22,21,2,45,10,14,24,69
03/16/2011,LSE,WI,AGL,CE,Federal Contract Tower,0,23,18,0,41,0,0,16,0,16,0,23,34,0,57,10,0,10,67
03/17/2011,LSE,WI,AGL,CE,Federal Contract Tower,2,22,14,5,43,0,0,0,0,0,2,22,14,5,43,0,0,0,43
03/18/2011,LSE,WI,AGL,CE,Federal Contract Tower,0,21,2,4,27,0,2,12,10,24,0,23,14,14,51,10,0,10,61
03/19/2011,LSE,WI,AGL,CE,Federal Contract Tower,0,18,5,0,23,0,1,63,12,76,0,19,68,12,99,38,30,68,167
03/20/2011,LSE,WI,AGL,CE,Federal Contract Tower,2,18,7,0,27,0,0,0,0,0,2,18,7,0,27,0,0,0,27
03/21/2011,LSE,WI,AGL,CE,Federal Contract Tower,0,19,9,0,28,0,0,4,0,4,0,19,13,0,32,0,0,0,32
03/22/2011,LSE,WI,AGL,CE,Federal Contract Tower,0,21,8,2,31,0,0,0,0,0,0,21,8,2,31,0,0,0,31
03/23/2011,LSE,WI,AGL,CE,Federal Contract Tower,0,16,14,0,30,0,0,0,0,0,0,16,14,0,30,0,0,0,30
03/24/2011,LSE,WI,AGL,CE,Federal Contract Tower,0,24,13,3,40,0,0,11,0,11,0,24,24,3,51,0,0,0,51
03/25/2011,LSE,WI,AGL,CE,Federal Contract Tower,0,24,12,2,38,0,0,10,9,19,0,24,22,11,57,4,2,6,63
03/26/2011,LSE,WI,AGL,CE,Federal Contract Tower,0,17,7,2,26,0,0,16,14,30,0,17,23,16,56,22,10,32,88
03/27/2011,LSE,WI,AGL,CE,Federal Contract Tower,0,20,5,0,25,0,0,29,5,34,0,20,34,5,59,20,28,48,107
03/28/2011,LSE,WI,AGL,CE,Federal Contract Tower,0,23,12,0,35,0,0,7,0,7,0,23,19,0,42,6,0,6,48
03/29/2011,LSE,WI,AGL,CE,Federal Contract Tower,0,21,10,0,31,0,0,4,0,4,0,21,14,0,35,0,0,0,35
03/30/2011,LSE,WI,AGL,CE,Federal Contract Tower,0,21,7,1,29,0,0,14,6,20,0,21,21,7,49,6,10,16,65
03/31/2011,LSE,WI,AGL,CE,Federal Contract Tower,0,22,18,2,42,0,4,21,6,31,0,26,39,8,73,20,4,24,97
04/01/2011,LSE,WI,AGL,CE,Federal Contract Tower,0,23,10,0,33,0,2,2,1,5,0,25,12,1,38,6,0,6,44
04/02/2011,LSE,WI,AGL,CE,Federal Contract Tower,0,16,9,0,25,0,0,25,2,27,0,16,34,2,52,24,10,34,86
04/03/2011,LSE,WI,AGL,CE,Federal Contract Tower,0,17,6,0,23,0,0,4,0,4,0,17,10,0,27,4,0,4,31
04/04/2011,LSE,WI,AGL,CE,Federal Contract Tower,0,16,3,0,19,0,0,0,0,0,0,16,3,0,19,0,0,0,19
04/05/2011,LSE,WI,AGL,CE,Federal Contract Tower,0,24,9,0,33,0,2,11,0,13,0,26,20,0,46,24,0,24,70
04/06/2011,LSE,WI,AGL,CE,Federal Contract Tower,0,20,10,1,31,0,2,23,3,28,0,22,33,4,59,20,16,36,95
04/07/2011,LSE,WI,AGL,CE,Federal Contract Tower,0,20,8,0,28,0,5,21,0,26,0,25,29,0,54,28,0,28,82
04/08/2011,LSE,WI,AGL,CE,Federal Contract Tower,0,25,9,0,34,0,5,6,0,11,0,30,15,0,45,6,0,6,51
04/09/2011,LSE,WI,AGL,CE,Federal Contract Tower,0,17,4,0,21,0,1,4,0,5,0,18,8,0,26,4,0,4,30
04/10/2011,LSE,WI,AGL,CE,Federal Contract Tower,0,15,4,2,21,0,1,0,0,1,0,16,4,2,22,4,0,4,26
04/11/2011,LSE,WI,AGL,CE,Federal Contract Tower,0,21,6,0,27,0,0,0,0,0,0,21,6,0,27,0,0,0,27
04/12/2011,LSE,WI,AGL,CE,Federal Contract Tower,4,20,4,0,28,0,3,27,10,40,4,23,31,10,68,66,24,90,158
04/13/2011,LSE,WI,AGL,CE,Federal Contract Tower,0,21,11,0,32,0,0,3,0,3,0,21,14,0,35,2,0,2,37
04/14/2011,LSE,WI,AGL,CE,Federal Contract Tower,0,18,10,0,28,0,0,0,0,0,0,18,10,0,28,0,0,0,28
04/15/2011,LSE,WI,AGL,CE,Federal Contract Tower,0,18,12,6,36,0,0,0,0,0,0,18,12,6,36,0,0,0,36
04/16/2011,LSE,WI,AGL,CE,Federal Contract Tower,0,17,0,0,17,0,0,0,0,0,0,17,0,0,17,0,0,0,17
04/17/2011,LSE,WI,AGL,CE,Federal Contract Tower,4,15,9,1,29,0,0,13,0,13,4,15,22,1,42,44,0,44,86
04/18/2011,LSE,WI,AGL,CE,Federal Contract Tower,0,18,7,0,25,0,1,11,0,12,0,19,18,0,37,14,0,14,51
04/19/2011,LSE,WI,AGL,CE,Federal Contract Tower,0,10,3,0,13,0,0,0,0,0,0,10,3,0,13,0,0,0,13
04/20/2011,LSE,WI,AGL,CE,Federal Contract Tower,2,19,6,0,27,0,0,2,0,2,2,19,8,0,29,0,0,0,29
04/21/2011,LSE,WI,AGL,CE,Federal Contract Tower,2,20,11,0,33,0,1,9,2,12,2,21,20,2,45,8,10,18,63
04/22/2011,LSE,WI,AGL,CE,Federal Contract Tower,0,19,17,0,36,0,0,2,0,2,0,19,19,0,38,0,0,0,38
04/23/2011,LSE,WI,AGL,CE,Federal Contract Tower,0,15,7,0,22,0,0,4,0,4,0,15,11,0,26,4,0,4,30
04/24/2011,LSE,WI,AGL,CE,Federal Contract Tower,0,16,8,0,24,0,1,22,2,25,0,17,30,2,49,30,0,30,79
04/25/2011,LSE,WI,AGL,CE,Federal Contract Tower,0,23,8,0,31,0,0,19,0,19,0,23,27,0,50,8,0,8,58
04/26/2011,LSE,WI,AGL,CE,Federal Contract Tower,0,20,5,1,26,0,0,6,0,6,0,20,11,1,32,0,0,0,32
04/27/2011,LSE,WI,AGL,CE,Federal Contract Tower,0,23,5,4,32,0,0,3,0,3,0,23,8,4,35,0,20,20,55
04/28/2011,LSE,WI,AGL,CE,Federal Contract Tower,0,24,4,0,28,0,0,6,0,6,0,24,10,0,34,0,0,0,34
04/29/2011,LSE,WI,AGL,CE,Federal Contract Tower,0,25,10,1,36,0,4,37,0,41,0,29,47,1,77,46,0,46,123
04/30/2011,LSE,WI,AGL,CE,Federal Contract Tower,0,16,5,0,21,0,2,7,4,13,0,18,12,4,34,4,0,4,38
05/01/2011,LSE,WI,AGL,CE,Federal Contract Tower,2,19,6,0,27,0,1,1,0,2,2,20,7,0,29,2,0,2,31
05/02/2011,LSE,WI,AGL,CE,Federal Contract Tower,0,25,8,0,33,0,0,8,0,8,0,25,16,0,41,2,0,2,43
05/03/2011,LSE,WI,AGL,CE,Federal Contract Tower,0,25,9,0,34,0,0,26,0,26,0,25,35,0,60,30,0,30,90
05/04/2011,LSE,WI,AGL,CE,Federal Contract Tower,0,23,6,0,29,0,0,16,0,16,0,23,22,0,45,0,0,0,45
05/05/2011,LSE,WI,AGL,CE,Federal Contract Tower,0,22,5,0,27,0,2,8,1,11,0,24,13,1,38,14,0,14,52
05/06/2011,LSE,WI,AGL,CE,Federal Contract Tower,0,24,5,0,29,0,1,45,1,47,0,25,50,1,76,48,0,48,124
05/07/2011,LSE,WI,AGL,CE,Federal Contract Tower,2,13,6,0,21,0,1,11,2,14,2,14,17,2,35,14,0,14,49
05/08/2011,LSE,WI,AGL,CE,Federal Contract Tower,0,18,4,0,22,0,2,18,0,20,0,20,22,0,42,16,0,16,58
05/09/2011,LSE,WI,AGL,CE,Federal Contract Tower,0,28,9,2,39,0,0,5,0,5,0,28,14,2,44,0,0,0,44
05/10/2011,LSE,WI,AGL,CE,Federal Contract Tower,0,27,11,2,40,0,0,18,1,19,0,27,29,3,59,12,0,12,71
05/11/2011,LSE,WI,AGL,CE,Federal Contract Tower,0,27,15,1,43,0,2,10,0,12,0,29,25,1,55,10,0,10,65
05/12/2011,LSE,WI,AGL,CE,Federal Contract Tower,0,27,14,2,43,0,5,3,0,8,0,32,17,2,51,10,0,10,61
05/13/2011,LSE,WI,AGL,CE,Federal Contract Tower,0,21,11,0,32,0,0,3,0,3,0,21,14,0,35,0,0,0,35
05/14/2011,LSE,WI,AGL,CE,Federal Contract Tower,1,14,10,0,25,0,0,0,0,0,1,14,10,0,25,0,0,0,25
05/15/2011,LSE,WI,AGL,CE,Federal Contract Tower,0,21,3,0,24,0,0,15,0,15,0,21,18,0,39,2,0,2,41
05/16/2011,LSE,WI,AGL,CE,Federal Contract Tower,0,22,15,1,38,0,0,23,5,28,0,22,38,6,66,10,18,28,94
05/17/2011,LSE,WI,AGL,CE,Federal Contract Tower,0,23,9,4,36,0,1,36,2,39,0,24,45,6,75,36,0,36,111
05/18/2011,LSE,WI,AGL,CE,Federal Contract Tower,0,24,19,1,44,0,2,21,0,23,0,26,40,1,67,10,0,10,77
05/19/2011,LSE,WI,AGL,CE,Federal Contract Tower,2,24,23,0,49,0,10,2,0,12,2,34,25,0,61,18,16,34,95
05/20/2011,LSE,WI,AGL,CE,Federal Contract Tower,0,22,14,0,36,0,0,13,0,13,0,22,27,0,49,6,2,8,57
05/21/2011,LSE,WI,AGL,CE,Federal Contract Tower,0,13,6,0,19,0,0,23,0,23,0,13,29,0,42,6,0,6,48
05/22/2011,LSE,WI,AGL,CE,Federal Contract Tower,4,12,9,0,25,0,0,8,2,10,4,12,17,2,35,0,0,0,35
05/23/2011,LSE,WI,AGL,CE,Federal Contract Tower,1,15,6,0,22,0,2,6,2,10,1,17,12,2,32,22,14,36,68
05/24/2011,LSE,WI,AGL,CE,Federal Contract Tower,0,20,14,0,34,0,1,14,3,18,0,21,28,3,52,22,18,40,92
05/25/2011,LSE,WI,AGL,CE,Federal Contract Tower,0,17,12,0,29,0,0,2,0,2,0,17,14,0,31,0,0,0,31
05/26/2011,LSE,WI,AGL,CE,Federal Contract Tower,0,21,14,0,35,0,0,23,0,23,0,21,37,0,58,88,0,88,146
05/27/2011,LSE,WI,AGL,CE,Federal Contract Tower,0,22,12,0,34,0,0,23,3,26,0,22,35,3,60,134,10,144,204
05/28/2011,LSE,WI,AGL,CE,Federal Contract Tower,2,16,4,0,22,0,0,13,0,13,2,16,17,0,35,6,0,6,41
05/29/2011,LSE,WI,AGL,CE,Federal Contract Tower,0,13,1,0,14,0,2,8,1,11,0,15,9,1,25,30,0,30,55
05/30/2011,LSE,WI,AGL,CE,Federal Contract Tower,0,18,9,0,27,0,1,4,0,5,0,19,13,0,32,4,0,4,36
05/31/2011,LSE,WI,AGL,CE,Federal Contract Tower,2,21,12,0,35,0,0,3,0,3,2,21,15,0,38,0,0,0,38
06/01/2011,LSE,WI,AGL,CE,Federal Contract Tower,0,21,12,0,33,0,0,22,0,22,0,21,34,0,55,20,0,20,75
06/02/2011,LSE,WI,AGL,CE,Federal Contract Tower,2,23,10,0,35,0,0,13,0,13,2,23,23,0,48,4,0,4,52
06/03/2011,LSE,WI,AGL,CE,Federal Contract Tower,0,22,13,0,35,0,0,8,0,8,0,22,21,0,43,2,0,2,45
06/04/2011,LSE,WI,AGL,CE,Federal Contract Tower,6,16,11,1,34,0,1,26,6,33,6,17,37,7,67,40,36,76,143
06/05/2011,LSE,WI,AGL,CE,Federal Contract Tower,0,19,4,0,23,0,0,36,0,36,0,19,40,0,59,30,0,30,89
06/06/2011,LSE,WI,AGL,CE,Federal Contract Tower,2,24,9,0,35,0,0,19,0,19,2,24,28,0,54,0,0,0,54
06/07/2011,LSE,WI,AGL,CE,Federal Contract Tower,1,20,11,4,36,0,1,27,6,34,1,21,38,10,70,34,6,40,110
06/08/2011,LSE,WI,AGL,CE,Federal Contract Tower,2,24,14,0,40,0,0,20,0,20,2,24,34,0,60,38,0,38,98
06/09/2011,LSE,WI,AGL,CE,Federal Contract Tower,0,25,16,0,41,0,0,16,0,16,0,25,32,0,57,0,0,0,57
06/10/2011,LSE,WI,AGL,CE,Federal Contract Tower,0,26,13,0,39,0,0,0,0,0,0,26,13,0,39,0,0,0,39
06/11/2011,LSE,WI,AGL,CE,Federal Contract Tower,2,24,5,0,31,0,1,19,0,20,2,25,24,0,51,12,0,12,63
06/12/2011,LSE,WI,AGL,CE,Federal Contract Tower,2,25,12,0,39,0,2,49,0,51,2,27,61,0,90,74,0,74,164
06/13/2011,LSE,WI,AGL,CE,Federal Contract Tower,0,21,8,2,31,0,0,24,0,24,0,21,32,2,55,10,0,10,65
06/14/2011,LSE,WI,AGL,CE,Federal Contract Tower,0,30,12,5,47,0,0,17,2,19,0,30,29,7,66,4,22,26,92
06/15/2011,LSE,WI,AGL,CE,Federal Contract Tower,0,26,6,0,32,0,0,0,0,0,0,26,6,0,32,0,0,0,32
06/16/2011,LSE,WI,AGL,CE,Federal Contract Tower,1,25,11,2,39,0,2,20,3,25,1,27,31,5,64,16,8,24,88
06/17/2011,LSE,WI,AGL,CE,Federal Contract Tower,0,20,18,2,40,0,0,21,0,21,0,20,39,2,61,44,0,44,105
06/18/2011,LSE,WI,AGL,CE,Federal Contract Tower,6,22,5,0,33,0,0,15,1,16,6,22,20,1,49,0,0,0,49
06/19/2011,LSE,WI,AGL,CE,Federal Contract Tower,3,16,11,0,30,0,0,7,0,7,3,16,18,0,37,4,0,4,41
06/20/2011,LSE,WI,AGL,CE,Federal Contract Tower,1,24,18,0,43,0,0,0,0,0,1,24,18,0,43,0,0,0,43
06/21/2011,LSE,WI,AGL,CE,Federal Contract Tower,0,23,11,2,36,0,0,5,3,8,0,23,16,5,44,0,36,36,80
06/22/2011,LSE,WI,AGL,CE,Federal Contract Tower,0,23,11,2,36,0,1,8,0,9,0,24,19,2,45,10,0,10,55
06/23/2011,LSE,WI,AGL,CE,Federal Contract Tower,0,25,22,2,49,0,0,1,4,5,0,25,23,6,54,0,10,10,64
06/24/2011,LSE,WI,AGL,CE,Federal Contract Tower,2,19,19,4,44,0,1,31,1,33,2,20,50,5,77,58,0,58,135
06/25/2011,LSE,WI,AGL,CE,Federal Contract Tower,0,19,7,0,26,0,5,23,4,32,0,24,30,4,58,20,0,20,78
06/26/2011,LSE,WI,AGL,CE,Federal Contract Tower,0,19,2,0,21,0,0,17,0,17,0,19,19,0,38,0,0,0,38
06/27/2011,LSE,WI,AGL,CE,Federal Contract Tower,0,24,8,0,32,0,1,8,0,9,0,25,16,0,41,2,0,2,43
06/28/2011,LSE,WI,AGL,CE,Federal Contract Tower,2,26,25,2,55,0,6,41,3,50,2,32,66,5,105,18,16,34,139
06/29/2011,LSE,WI,AGL,CE,Federal Contract Tower,0,23,8,0,31,0,0,27,0,27,0,23,35,0,58,22,0,22,80
06/30/2011,LSE,WI,AGL,CE,Federal Contract Tower,0,23,19,0,42,0,21,16,0,37,0,44,35,0,79,0,2,2,81
07/01/2011,LSE,WI,AGL,CE,Federal Contract Tower,2,20,16,0,38,0,0,18,0,18,2,20,34,0,56,12,0,12,68
07/02/2011,LSE,WI,AGL,CE,Federal Contract Tower,0,15,6,0,21,0,0,43,4,47,0,15,49,4,68,14,4,18,86
07/03/2011,LSE,WI,AGL,CE,Federal Contract Tower,0,13,7,0,20,0,0,28,0,28,0,13,35,0,48,0,0,0,48
07/04/2011,LSE,WI,AGL,CE,Federal Contract Tower,0,20,4,0,24,0,0,39,0,39,0,20,43,0,63,10,0,10,73
07/05/2011,LSE,WI,AGL,CE,Federal Contract Tower,0,25,16,0,41,0,0,10,0,10,0,25,26,0,51,4,0,4,55
07/06/2011,LSE,WI,AGL,CE,Federal Contract Tower,0,25,8,1,34,0,0,16,0,16,0,25,24,1,50,22,0,22,72
07/07/2011,LSE,WI,AGL,CE,Federal Contract Tower,0,23,12,2,37,0,0,12,4,16,0,23,24,6,53,22,4,26,79
07/08/2011,LSE,WI,AGL,CE,Federal Contract Tower,0,22,16,0,38,0,0,31,2,33,0,22,47,2,71,6,2,8,79
07/09/2011,LSE,WI,AGL,CE,Federal Contract Tower,24,21,12,5,62,0,1,48,4,53,24,22,60,9,115,4,0,4,119
07/10/2011,LSE,WI,AGL,CE,Federal Contract Tower,4,19,9,0,32,0,2,5,0,7,4,21,14,0,39,8,0,8,47
07/11/2011,LSE,WI,AGL,CE,Federal Contract Tower,2,21,8,0,31,0,0,13,2,15,2,21,21,2,46,16,0,16,62
07/12/2011,LSE,WI,AGL,CE,Federal Contract Tower,0,23,35,0,58,0,0,9,0,9,0,23,44,0,67,12,0,12,79
07/13/2011,LSE,WI,AGL,CE,Federal Contract Tower,0,24,16,1,41,0,0,36,3,39,0,24,52,4,80,34,0,34,114
07/14/2011,LSE,WI,AGL,CE,Federal Contract Tower,0,25,12,2,39,0,0,16,2,18,0,25,28,4,57,0,10,10,67
07/15/2011,LSE,WI,AGL,CE,Federal Contract Tower,0,21,9,0,30,0,0,25,1,26,0,21,34,1,56,38,0,38,94
07/16/2011,LSE,WI,AGL,CE,Federal Contract Tower,0,16,7,1,24,0,0,5,4,9,0,16,12,5,33,16,32,48,81
07/17/2011,LSE,WI,AGL,CE,Federal Contract Tower,0,19,13,1,33,0,1,41,2,44,0,20,54,3,77,10,4,14,91
07/18/2011,LSE,WI,AGL,CE,Federal Contract Tower,0,18,4,0,22,0,0,2,0,2,0,18,6,0,24,0,0,0,24
07/19/2011,LSE,WI,AGL,CE,Federal Contract Tower,1,23,14,0,38,0,0,6,0,6,1,23,20,0,44,0,0,0,44
07/20/2011,LSE,WI,AGL,CE,Federal Contract Tower,0,23,30,0,53,0,0,30,0,30,0,23,60,0,83,18,0,18,101
07/21/2011,LSE,WI,AGL,CE,Federal Contract Tower,2,22,11,0,35,0,0,28,2,30,2,22,39,2,65,0,6,6,71
07/22/2011,LSE,WI,AGL,CE,Federal Contract Tower,0,21,13,0,34,0,1,21,4,26,0,22,34,4,60,4,4,8,68
07/23/2011,LSE,WI,AGL,CE,Federal Contract Tower,0,16,5,2,23,0,0,31,5,36,0,16,36,7,59,14,22,36,95
07/24/2011,LSE,WI,AGL,CE,Federal Contract Tower,2,19,5,0,26,0,0,25,0,25,2,19,30,0,51,0,0,0,51
07/25/2011,LSE,WI,AGL,CE,Federal Contract Tower,0,23,9,2,34,0,0,32,2,34,0,23,41,4,68,0,2,2,70
07/26/2011,LSE,WI,AGL,CE,Federal Contract Tower,0,28,5,1,34,0,0,36,1,37,0,28,41,2,71,10,0,10,81
07/27/2011,LSE,WI,AGL,CE,Federal Contract Tower,0,19,9,2,30,0,0,3,0,3,0,19,12,2,33,0,0,0,33
07/28/2011,LSE,WI,AGL,CE,Federal Contract Tower,0,24,14,2,40,0,0,12,0,12,0,24,26,2,52,0,0,0,52
07/29/2011,LSE,WI,AGL,CE,Federal Contract Tower,0,27,9,1,37,0,0,35,0,35,0,27,44,1,72,0,0,0,72
07/30/2011,LSE,WI,AGL,CE,Federal Contract Tower,0,18,5,0,23,0,0,19,2,21,0,18,24,2,44,0,0,0,44
07/31/2011,LSE,WI,AGL,CE,Federal Contract Tower,0,20,3,0,23,0,2,23,0,25,0,22,26,0,48,24,0,24,72
08/01/2011,LSE,WI,AGL,CE,Federal Contract Tower,0,23,5,0,28,0,0,16,1,17,0,23,21,1,45,16,0,16,61
08/02/2011,LSE,WI,AGL,CE,Federal Contract Tower,0,24,8,0,32,0,0,7,0,7,0,24,15,0,39,10,0,10,49
08/03/2011,LSE,WI,AGL,CE,Federal Contract Tower,0,25,14,0,39,0,1,31,2,34,0,26,45,2,73,20,0,20,93
08/04/2011,LSE,WI,AGL,CE,Federal Contract Tower,1,23,15,0,39,0,0,34,0,34,1,23,49,0,73,12,10,22,95
08/05/2011,LSE,WI,AGL,CE,Federal Contract Tower,2,22,11,0,35,0,0,31,0,31,2,22,42,0,66,40,2,42,108
08/06/2011,LSE,WI,AGL,CE,Federal Contract Tower,25,27,5,0,57,0,1,28,3,32,25,28,33,3,89,18,16,34,123
08/07/2011,LSE,WI,AGL,CE,Federal Contract Tower,2,18,7,0,27,0,0,10,0,10,2,18,17,0,37,0,0,0,37
08/08/2011,LSE,WI,AGL,CE,Federal Contract Tower,0,22,8,0,30,0,1,17,1,19,0,23,25,1,49,32,6,38,87
08/09/2011,LSE,WI,AGL,CE,Federal Contract Tower,0,24,18,0,42,0,0,21,0,21,0,24,39,0,63,10,0,10,73
08/10/2011,LSE,WI,AGL,CE,Federal Contract Tower,0,27,10,0,37,0,0,40,0,40,0,27,50,0,77,6,0,6,83
08/11/2011,LSE,WI,AGL,CE,Federal Contract Tower,0,24,19,0,43,0,0,31,0,31,0,24,50,0,74,14,0,14,88
08/12/2011,LSE,WI,AGL,CE,Federal Contract Tower,0,24,10,0,34,0,0,12,1,13,0,24,22,1,47,4,0,4,51
08/13/2011,LSE,WI,AGL,CE,Federal Contract Tower,0,16,7,0,23,0,0,5,0,5,0,16,12,0,28,0,0,0,28
08/14/2011,LSE,WI,AGL,CE,Federal Contract Tower,0,23,7,0,30,0,0,77,7,84,0,23,84,7,114,0,66,66,180
08/15/2011,LSE,WI,AGL,CE,Federal Contract Tower,0,25,15,0,40,0,0,30,2,32,0,25,45,2,72,4,0,4,76
08/16/2011,LSE,WI,AGL,CE,Federal Contract Tower,2,20,11,0,33,0,1,18,2,21,2,21,29,2,54,28,12,40,94
08/17/2011,LSE,WI,AGL,CE,Federal Contract Tower,4,25,16,0,45,0,0,18,2,20,4,25,34,2,65,12,0,12,77
08/18/2011,LSE,WI,AGL,CE,Federal Contract Tower,0,25,14,0,39,0,0,33,4,37,0,25,47,4,76,8,6,14,90
08/19/2011,LSE,WI,AGL,CE,Federal Contract Tower,0,26,13,0,39,0,1,20,2,23,0,27,33,2,62,10,0,10,72
08/20/2011,LSE,WI,AGL,CE,Federal Contract Tower,1,14,4,5,24,0,0,15,9,24,1,14,19,14,48,0,52,52,100
08/21/2011,LSE,WI,AGL,CE,Federal Contract Tower,4,24,5,0,33,0,0,39,0,39,4,24,44,0,72,6,0,6,78
08/22/2011,LSE,WI,AGL,CE,Federal Contract Tower,0,22,7,0,29,0,1,23,3,27,0,23,30,3,56,4,4,8,64
08/23/2011,LSE,WI,AGL,CE,Federal Contract Tower,0,23,12,0,35,0,0,5,2,7,0,23,17,2,42,2,0,2,44
08/24/2011,LSE,WI,AGL,CE,Federal Contract Tower,0,21,19,0,40,0,1,23,3,27,0,22,42,3,67,6,0,6,73
08/25/2011,LSE,WI,AGL,CE,Federal Contract Tower,2,22,8,2,34,0,0,27,7,34,2,22,35,9,68,14,12,26,94
08/26/2011,LSE,WI,AGL,CE,Federal Contract Tower,2,24,11,0,37,0,0,22,2,24,2,24,33,2,61,4,0,4,65
08/27/2011,LSE,WI,AGL,CE,Federal Contract Tower,3,16,7,0,26,0,0,35,3,38,3,16,42,3,64,28,2,30,94
08/28/2011,LSE,WI,AGL,CE,Federal Contract Tower,4,19,8,0,31,0,1,17,0,18,4,20,25,0,49,22,0,22,71
08/29/2011,LSE,WI,AGL,CE,Federal Contract Tower,0,22,13,0,35,0,0,22,2,24,0,22,35,2,59,10,2,12,71
08/30/2011,LSE,WI,AGL,CE,Federal Contract Tower,0,28,12,0,40,0,0,7,0,7,0,28,19,0,47,0,0,0,47
08/31/2011,LSE,WI,AGL,CE,Federal Contract Tower,0,23,10,0,33,0,0,18,7,25,0,23,28,7,58,0,0,0,58
09/01/2011,LSE,WI,AGL,CE,Federal Contract Tower,1,25,12,2,40,0,0,27,0,27,1,25,39,2,67,18,22,40,107
09/02/2011,LSE,WI,AGL,CE,Federal Contract Tower,0,24,17,0,41,0,0,16,0,16,0,24,33,0,57,0,6,6,63
09/03/2011,LSE,WI,AGL,CE,Federal Contract Tower,0,15,3,0,18,0,0,0,0,0,0,15,3,0,18,0,0,0,18
09/04/2011,LSE,WI,AGL,CE,Federal Contract Tower,0,11,13,2,26,0,0,8,2,10,0,11,21,4,36,6,0,6,42
09/05/2011,LSE,WI,AGL,CE,Federal Contract Tower,2,17,8,0,27,0,0,29,6,35,2,17,37,6,62,10,4,14,76
09/06/2011,LSE,WI,AGL,CE,Federal Contract Tower,3,31,13,0,47,0,0,25,4,29,3,31,38,4,76,12,0,12,88
09/07/2011,LSE,WI,AGL,CE,Federal Contract Tower,0,22,21,1,44,0,0,23,2,25,0,22,44,3,69,30,0,30,99
09/08/2011,LSE,WI,AGL,CE,Federal Contract Tower,2,26,10,0,38,0,1,32,0,33,2,27,42,0,71,40,10,50,121
09/09/2011,LSE,WI,AGL,CE,Federal Contract Tower,0,24,12,0,36,0,0,24,1,25,0,24,36,1,61,12,0,12,73
09/10/2011,LSE,WI,AGL,CE,Federal Contract Tower,0,16,2,0,18,0,0,48,1,49,0,16,50,1,67,26,0,26,93
09/11/2011,LSE,WI,AGL,CE,Federal Contract Tower,0,18,12,2,32,0,2,37,5,44,0,20,49,7,76,20,16,36,112
09/12/2011,LSE,WI,AGL,CE,Federal Contract Tower,0,23,10,3,36,0,0,16,4,20,0,23,26,7,56,6,32,38,94
09/13/2011,LSE,WI,AGL,CE,Federal Contract Tower,0,26,10,2,38,0,0,19,6,25,0,26,29,8,63,8,34,42,105
09/14/2011,LSE,WI,AGL,CE,Federal Contract Tower,0,23,14,7,44,0,0,10,1,11,0,23,24,8,55,0,40,40,95
09/15/2011,LSE,WI,AGL,CE,Federal Contract Tower,0,19,20,2,41,0,1,28,0,29,0,20,48,2,70,50,2,52,122
09/16/2011,LSE,WI,AGL,CE,Federal Contract Tower,0,21,15,2,38,0,0,30,0,30,0,21,45,2,68,14,0,14,82
09/17/2011,LSE,WI,AGL,CE,Federal Contract Tower,1,17,1,0,19,0,0,29,3,32,1,17,30,3,51,28,10,38,89
09/18/2011,LSE,WI,AGL,CE,Federal Contract Tower,0,16,10,0,26,0,0,2,0,2,0,16,12,0,28,0,0,0,28
09/19/2011,LSE,WI,AGL,CE,Federal Contract Tower,2,21,11,0,34,0,0,24,0,24,2,21,35,0,58,16,0,16,74
09/20/2011,LSE,WI,AGL,CE,Federal Contract Tower,0,21,8,0,29,0,0,4,0,4,0,21,12,0,33,4,0,4,37
09/21/2011,LSE,WI,AGL,CE,Federal Contract Tower,0,24,16,1,41,0,0,0,2,2,0,24,16,3,43,2,8,10,53
09/22/2011,LSE,WI,AGL,CE,Federal Contract Tower,0,23,24,0,47,0,0,16,1,17,0,23,40,1,64,30,0,30,94
09/23/2011,LSE,WI,AGL,CE,Federal Contract Tower,0,24,12,0,36,0,0,19,0,19,0,24,31,0,55,12,0,12,67
09/24/2011,LSE,WI,AGL,CE,Federal Contract Tower,0,18,4,0,22,0,0,7,2,9,0,18,11,2,31,0,0,0,31
09/25/2011,LSE,WI,AGL,CE,Federal Contract Tower,0,17,8,0,25,0,0,4,0,4,0,17,12,0,29,0,0,0,29
09/26/2011,LSE,WI,AGL,CE,Federal Contract Tower,0,22,12,0,34,0,0,0,0,0,0,22,12,0,34,0,0,0,34
09/27/2011,LSE,WI,AGL,CE,Federal Contract Tower,0,26,13,2,41,0,0,2,1,3,0,26,15,3,44,0,2,2,46
09/28/2011,LSE,WI,AGL,CE,Federal Contract Tower,0,21,9,0,30,0,0,0,0,0,0,21,9,0,30,0,0,0,30
09/29/2011,LSE,WI,AGL,CE,Federal Contract Tower,2,26,5,0,33,0,0,4,0,4,2,26,9,0,37,2,0,2,39
09/30/2011,LSE,WI,AGL,CE,Federal Contract Tower,0,25,12,0,37,0,2,14,0,16,0,27,26,0,53,2,0,2,55
10/01/2011,LSE,WI,AGL,CE,Federal Contract Tower,0,19,11,2,32,0,0,69,6,75,0,19,80,8,107,36,0,36,143
10/02/2011,LSE,WI,AGL,CE,Federal Contract Tower,0,18,12,2,32,0,1,60,0,61,0,19,72,2,93,24,0,24,117
10/03/2011,LSE,WI,AGL,CE,Federal Contract Tower,0,23,12,0,35,0,1,32,0,33,0,24,44,0,68,16,0,16,84
10/04/2011,LSE,WI,AGL,CE,Federal Contract Tower,0,26,6,0,32,0,2,30,0,32,0,28,36,0,64,56,0,56,120
10/05/2011,LSE,WI,AGL,CE,Federal Contract Tower,0,24,6,0,30,0,0,34,0,34,0,24,40,0,64,10,0,10,74
10/06/2011,LSE,WI,AGL,CE,Federal Contract Tower,0,24,9,2,35,0,0,26,0,26,0,24,35,2,61,8,0,8,69
10/07/2011,LSE,WI,AGL,CE,Federal Contract Tower,0,22,6,1,29,0,0,16,0,16,0,22,22,1,45,0,0,0,45
10/08/2011,LSE,WI,AGL,CE,Federal Contract Tower,0,15,13,0,28,0,1,65,4,70,0,16,78,4,98,8,0,8,106
10/09/2011,LSE,WI,AGL,CE,Federal Contract Tower,0,19,2,0,21,0,0,31,4,35,0,19,33,4,56,40,0,40,96
10/10/2011,LSE,WI,AGL,CE,Federal Contract Tower,0,22,5,0,27,0,3,23,0,26,0,25,28,0,53,4,0,4,57
10/11/2011,LSE,WI,AGL,CE,Federal Contract Tower,0,21,6,0,27,0,1,13,0,14,0,22,19,0,41,26,0,26,67
10/12/2011,LSE,WI,AGL,CE,Federal Contract Tower,0,20,13,0,33,0,0,6,0,6,0,20,19,0,39,0,0,0,39
10/13/2011,LSE,WI,AGL,CE,Federal Contract Tower,0,20,5,2,27,0,0,0,0,0,0,20,5,2,27,0,0,0,27
10/14/2011,LSE,WI,AGL,CE,Federal Contract Tower,0,28,8,0,36,0,2,5,0,7,0,30,13,0,43,0,0,0,43
10/15/2011,LSE,WI,AGL,CE,Federal Contract Tower,0,16,4,0,20,0,2,11,0,13,0,18,15,0,33,8,0,8,41
10/16/2011,LSE,WI,AGL,CE,Federal Contract Tower,0,17,9,0,26,0,0,16,0,16,0,17,25,0,42,0,8,8,50
10/17/2011,LSE,WI,AGL,CE,Federal Contract Tower,0,24,7,4,35,0,0,10,1,11,0,24,17,5,46,0,0,0,46
10/18/2011,LSE,WI,AGL,CE,Federal Contract Tower,0,24,9,4,37,0,0,6,2,8,0,24,15,6,45,0,0,0,45
10/19/2011,LSE,WI,AGL,CE,Federal Contract Tower,0,21,9,3,33,0,0,4,0,4,0,21,13,3,37,0,0,0,37
10/20/2011,LSE,WI,AGL,CE,Federal Contract Tower,0,23,9,0,32,0,0,4,0,4,0,23,13,0,36,0,0,0,36
10/21/2011,LSE,WI,AGL,CE,Federal Contract Tower,0,24,9,0,33,0,0,28,0,28,0,24,37,0,61,16,0,16,77
10/22/2011,LSE,WI,AGL,CE,Federal Contract Tower,0,14,3,0,17,0,4,46,0,50,0,18,49,0,67,14,0,14,81
10/23/2011,LSE,WI,AGL,CE,Federal Contract Tower,2,22,7,0,31,0,1,11,0,12,2,23,18,0,43,10,0,10,53
10/24/2011,LSE,WI,AGL,CE,Federal Contract Tower,0,23,8,7,38,0,0,28,0,28,0,23,36,7,66,12,22,34,100
10/25/2011,LSE,WI,AGL,CE,Federal Contract Tower,0,24,16,0,40,0,0,2,0,2,0,24,18,0,42,0,0,0,42
10/26/2011,LSE,WI,AGL,CE,Federal Contract Tower,0,21,11,2,34,0,2,7,0,9,0,23,18,2,43,12,2,14,57
10/27/2011,LSE,WI,AGL,CE,Federal Contract Tower,2,23,12,1,38,0,1,32,4,37,2,24,44,5,75,132,34,166,241
10/28/2011,LSE,WI,AGL,CE,Federal Contract Tower,0,21,15,0,36,0,1,30,0,31,0,22,45,0,67,14,0,14,81
10/29/2011,LSE,WI,AGL,CE,Federal Contract Tower,0,18,8,0,26,0,0,60,0,60,0,18,68,0,86,46,0,46,132
10/30/2011,LSE,WI,AGL,CE,Federal Contract Tower,0,18,3,0,21,0,0,2,0,2,0,18,5,0,23,0,0,0,23
10/31/2011,LSE,WI,AGL,CE,Federal Contract Tower,0,23,10,0,33,0,0,8,0,8,0,23,18,0,41,4,0,4,45
11/01/2011,LSE,WI,AGL,CE,Federal Contract Tower,0,24,8,2,34,0,0,18,0,18,0,24,26,2,52,2,0,2,54
11/02/2011,LSE,WI,AGL,CE,Federal Contract Tower,2,25,7,0,34,0,0,0,0,0,2,25,7,0,34,0,0,0,34
11/03/2011,LSE,WI,AGL,CE,Federal Contract Tower,0,25,11,0,36,0,0,17,2,19,0,25,28,2,55,4,0,4,59
11/04/2011,LSE,WI,AGL,CE,Federal Contract Tower,0,21,4,0,25,0,0,22,0,22,0,21,26,0,47,16,0,16,63
11/05/2011,LSE,WI,AGL,CE,Federal Contract Tower,2,15,3,3,23,0,0,9,0,9,2,15,12,3,32,0,0,0,32
11/06/2011,LSE,WI,AGL,CE,Federal Contract Tower,0,20,3,0,23,0,0,0,0,0,0,20,3,0,23,0,0,0,23
11/07/2011,LSE,WI,AGL,CE,Federal Contract Tower,0,24,10,1,35,0,4,29,2,35,0,28,39,3,70,18,2,20,90
11/08/2011,LSE,WI,AGL,CE,Federal Contract Tower,0,22,8,2,32,0,4,2,0,6,0,26,10,2,38,2,0,2,40
11/09/2011,LSE,WI,AGL,CE,Federal Contract Tower,0,27,7,0,34,0,0,1,0,1,0,27,8,0,35,0,0,0,35
11/10/2011,LSE,WI,AGL,CE,Federal Contract Tower,0,24,13,0,37,0,0,14,2,16,0,24,27,2,53,6,0,6,59
11/11/2011,LSE,WI,AGL,CE,Federal Contract Tower,0,27,11,0,38,0,0,32,2,34,0,27,43,2,72,20,4,24,96
11/12/2011,LSE,WI,AGL,CE,Federal Contract Tower,0,20,4,0,24,0,0,61,7,68,0,20,65,7,92,44,20,64,156
11/13/2011,LSE,WI,AGL,CE,Federal Contract Tower,0,19,5,0,24,0,0,12,1,13,0,19,17,1,37,16,2,18,55
11/14/2011,LSE,WI,AGL,CE,Federal Contract Tower,0,20,10,0,30,0,0,3,0,3,0,20,13,0,33,6,0,6,39
11/15/2011,LSE,WI,AGL,CE,Federal Contract Tower,0,23,6,1,30,0,0,10,1,11,0,23,16,2,41,18,0,18,59
11/16/2011,LSE,WI,AGL,CE,Federal Contract Tower,0,22,11,0,33,0,2,11,0,13,0,24,22,0,46,8,0,8,54
11/17/2011,LSE,WI,AGL,CE,Federal Contract Tower,0,26,18,0,44,0,0,9,0,9,0,26,27,0,53,0,0,0,53
11/18/2011,LSE,WI,AGL,CE,Federal Contract Tower,0,23,10,0,33,0,0,14,0,14,0,23,24,0,47,18,0,18,65
11/19/2011,LSE,WI,AGL,CE,Federal Contract Tower,4,21,2,0,27,0,0,3,0,3,4,21,5,0,30,16,0,16,46
11/20/2011,LSE,WI,AGL,CE,Federal Contract Tower,0,13,11,0,24,0,0,2,0,2,0,13,13,0,26,0,0,0,26
11/21/2011,LSE,WI,AGL,CE,Federal Contract Tower,0,16,8,3,27,0,2,4,1,7,0,18,12,4,34,6,0,6,40
11/22/2011,LSE,WI,AGL,CE,Federal Contract Tower,0,24,5,1,30,0,0,11,0,11,0,24,16,1,41,14,0,14,55
11/23/2011,LSE,WI,AGL,CE,Federal Contract Tower,0,19,9,0,28,0,0,0,0,0,0,19,9,0,28,0,0,0,28
11/24/2011,LSE,WI,AGL,CE,Federal Contract Tower,0,10,4,0,14,0,0,5,0,5,0,10,9,0,19,0,0,0,19
11/25/2011,LSE,WI,AGL,CE,Federal Contract Tower,0,12,8,0,20,0,0,5,0,5,0,12,13,0,25,4,0,4,29
11/26/2011,LSE,WI,AGL,CE,Federal Contract Tower,0,16,2,0,18,0,3,0,0,3,0,19,2,0,21,6,0,6,27
11/27/2011,LSE,WI,AGL,CE,Federal Contract Tower,0,22,8,0,30,0,0,2,0,2,0,22,10,0,32,0,0,0,32
11/28/2011,LSE,WI,AGL,CE,Federal Contract Tower,0,23,8,2,33,0,0,30,0,30,0,23,38,2,63,8,4,12,75
11/29/2011,LSE,WI,AGL,CE,Federal Contract Tower,0,21,16,2,39,0,0,15,0,15,0,21,31,2,54,16,20,36,90
11/30/2011,LSE,WI,AGL,CE,Federal Contract Tower,0,16,14,0,30,0,2,26,0,28,0,18,40,0,58,38,0,38,96
12/01/2011,LSE,WI,AGL,CE,Federal Contract Tower,2,18,4,0,24,0,0,5,0,5,2,18,9,0,29,0,0,0,29
12/02/2011,LSE,WI,AGL,CE,Federal Contract Tower,0,19,12,0,31,0,5,38,0,43,0,24,50,0,74,66,0,66,140
12/03/2011,LSE,WI,AGL,CE,Federal Contract Tower,0,12,1,0,13,0,0,0,0,0,0,12,1,0,13,0,0,0,13
12/04/2011,LSE,WI,AGL,CE,Federal Contract Tower,2,17,0,0,19,0,2,0,0,2,2,19,0,0,21,0,0,0,21
12/05/2011,LSE,WI,AGL,CE,Federal Contract Tower,0,17,8,0,25,0,0,0,0,0,0,17,8,0,25,0,0,0,25
12/06/2011,LSE,WI,AGL,CE,Federal Contract Tower,0,15,13,5,33,0,0,1,0,1,0,15,14,5,34,0,16,16,50
12/07/2011,LSE,WI,AGL,CE,Federal Contract Tower,0,17,8,0,25,0,2,11,0,13,0,19,19,0,38,6,0,6,44
12/08/2011,LSE,WI,AGL,CE,Federal Contract Tower,0,24,12,0,36,0,0,3,0,3,0,24,15,0,39,0,0,0,39
12/09/2011,LSE,WI,AGL,CE,Federal Contract Tower,0,17,12,0,29,0,4,15,0,19,0,21,27,0,48,36,0,36,84
12/10/2011,LSE,WI,AGL,CE,Federal Contract Tower,0,10,7,0,17,0,2,29,0,31,0,12,36,0,48,42,0,42,90
12/11/2011,LSE,WI,AGL,CE,Federal Contract Tower,0,16,10,0,26,0,0,19,0,19,0,16,29,0,45,0,0,0,45
12/12/2011,LSE,WI,AGL,CE,Federal Contract Tower,0,22,3,0,25,0,0,0,0,0,0,22,3,0,25,2,0,2,27
12/13/2011,LSE,WI,AGL,CE,Federal Contract Tower,0,17,11,0,28,0,3,0,1,4,0,20,11,1,32,6,0,6,38
12/14/2011,LSE,WI,AGL,CE,Federal Contract Tower,0,24,5,0,29,0,0,0,0,0,0,24,5,0,29,0,0,0,29
12/15/2011,LSE,WI,AGL,CE,Federal Contract Tower,0,23,13,0,36,0,0,3,0,3,0,23,16,0,39,0,0,0,39
12/16/2011,LSE,WI,AGL,CE,Federal Contract Tower,0,20,14,1,35,0,0,24,0,24,0,20,38,1,59,20,0,20,79
12/17/2011,LSE,WI,AGL,CE,Federal Contract Tower,0,11,5,0,16,0,0,5,2,7,0,11,10,2,23,0,14,14,37
12/18/2011,LSE,WI,AGL,CE,Federal Contract Tower,0,12,4,0,16,0,0,22,0,22,0,12,26,0,38,18,0,18,56
12/19/2011,LSE,WI,AGL,CE,Federal Contract Tower,0,19,7,0,26,0,3,8,0,11,0,22,15,0,37,46,0,46,83
12/20/2011,LSE,WI,AGL,CE,Federal Contract Tower,0,18,16,0,34,0,2,16,0,18,0,20,32,0,52,24,0,24,76
12/21/2011,LSE,WI,AGL,CE,Federal Contract Tower,0,18,5,0,23,0,1,20,0,21,0,19,25,0,44,18,0,18,62
12/22/2011,LSE,WI,AGL,CE,Federal Contract Tower,0,24,7,1,32,0,0,2,0,2,0,24,9,1,34,0,0,0,34
12/23/2011,LSE,WI,AGL,CE,Federal Contract Tower,0,18,7,0,25,0,0,3,0,3,0,18,10,0,28,0,0,0,28
12/24/2011,LSE,WI,AGL,CE,Federal Contract Tower,0,11,2,0,13,0,0,13,0,13,0,11,15,0,26,8,0,8,34
12/25/2011,LSE,WI,AGL,CE,Federal Contract Tower,0,10,2,0,12,0,3,2,0,5,0,13,4,0,17,8,0,8,25
12/26/2011,LSE,WI,AGL,CE,Federal Contract Tower,0,16,6,0,22,0,2,4,0,6,0,18,10,0,28,4,0,4,32
12/27/2011,LSE,WI,AGL,CE,Federal Contract Tower,2,17,6,0,25,0,0,10,0,10,2,17,16,0,35,30,0,30,65
12/28/2011,LSE,WI,AGL,CE,Federal Contract Tower,0,18,9,0,27,0,0,18,0,18,0,18,27,0,45,16,0,16,61
12/29/2011,LSE,WI,AGL,CE,Federal Contract Tower,0,17,11,2,30,0,0,9,2,11,0,17,20,4,41,6,12,18,59
12/30/2011,LSE,WI,AGL,CE,Federal Contract Tower,2,18,6,0,26,0,0,0,0,0,2,18,6,0,26,0,0,0,26
12/31/2011,LSE,WI,AGL,CE,Federal Contract Tower,0,11,3,0,14,0,0,0,0,0,0,11,3,0,14,0,0,0,14
01/01/2012,LSE,WI,AGL,CE,Federal Contract Tower,0,12,0,0,12,0,0,1,0,1,0,12,1,0,13,0,0,0,13
01/02/2012,LSE,WI,AGL,CE,Federal Contract Tower,0,17,3,0,20,0,0,2,0,2,0,17,5,0,22,0,0,0,22
01/03/2012,LSE,WI,AGL,CE,Federal Contract Tower,0,22,12,2,36,0,2,25,0,27,0,24,37,2,63,30,0,30,93
01/04/2012,LSE,WI,AGL,CE,Federal Contract Tower,0,17,3,0,20,0,0,17,0,17,0,17,20,0,37,0,0,0,37
01/05/2012,LSE,WI,AGL,CE,Federal Contract Tower,0,18,8,5,31,0,0,18,10,28,0,18,26,15,59,6,52,58,117
01/06/2012,LSE,WI,AGL,CE,Federal Contract Tower,0,18,10,7,35,0,0,22,7,29,0,18,32,14,64,10,68,78,142
01/07/2012,LSE,WI,AGL,CE,Federal Contract Tower,0,11,3,2,16,0,0,31,1,32,0,11,34,3,48,6,0,6,54
01/08/2012,LSE,WI,AGL,CE,Federal Contract Tower,0,12,2,1,15,0,3,30,2,35,0,15,32,3,50,36,8,44,94
01/09/2012,LSE,WI,AGL,CE,Federal Contract Tower,0,18,6,5,29,0,0,9,0,9,0,18,15,5,38,0,4,4,42
01/10/2012,LSE,WI,AGL,CE,Federal Contract Tower,0,16,12,3,31,0,0,31,0,31,0,16,43,3,62,26,4,30,92
01/11/2012,LSE,WI,AGL,CE,Federal Contract Tower,0,17,11,0,28,0,0,8,2,10,0,17,19,2,38,16,10,26,64
01/12/2012,LSE,WI,AGL,CE,Federal Contract Tower,0,11,5,0,16,0,0,0,0,0,0,11,5,0,16,0,0,0,16
01/13/2012,LSE,WI,AGL,CE,Federal Contract Tower,0,17,9,2,28,0,2,0,0,2,0,19,9,2,30,6,0,6,36
01/14/2012,LSE,WI,AGL,CE,Federal Contract Tower,0,11,1,0,12,0,0,7,11,18,0,11,8,11,30,8,10,18,48
01/15/2012,LSE,WI,AGL,CE,Federal Contract Tower,0,12,7,0,19,0,0,14,0,14,0,12,21,0,33,4,0,4,37
01/16/2012,LSE,WI,AGL,CE,Federal Contract Tower,0,16,8,0,24,0,0,6,0,6,0,16,14,0,30,0,0,0,30
01/17/2012,LSE,WI,AGL,CE,Federal Contract Tower,0,14,10,0,24,0,0,0,0,0,0,14,10,0,24,0,0,0,24
01/18/2012,LSE,WI,AGL,CE,Federal Contract Tower,2,16,20,0,38,0,0,11,5,16,2,16,31,5,54,8,8,16,70
01/19/2012,LSE,WI,AGL,CE,Federal Contract Tower,0,23,15,0,38,0,0,0,0,0,0,23,15,0,38,4,0,4,42
01/20/2012,LSE,WI,AGL,CE,Federal Contract Tower,0,7,6,0,13,0,0,0,0,0,0,7,6,0,13,0,0,0,13
01/21/2012,LSE,WI,AGL,CE,Federal Contract Tower,0,10,6,0,16,0,4,13,6,23,0,14,19,6,39,10,26,36,75
01/22/2012,LSE,WI,AGL,CE,Federal Contract Tower,0,8,4,0,12,0,0,0,0,0,0,8,4,0,12,0,0,0,12
01/23/2012,LSE,WI,AGL,CE,Federal Contract Tower,0,21,7,0,28,0,1,0,0,1,0,22,7,0,29,2,0,2,31
01/24/2012,LSE,WI,AGL,CE,Federal Contract Tower,0,18,11,1,30,0,6,12,0,18,0,24,23,1,48,12,0,12,60
01/25/2012,LSE,WI,AGL,CE,Federal Contract Tower,0,18,5,2,25,0,1,7,2,10,0,19,12,4,35,2,24,26,61
01/26/2012,LSE,WI,AGL,CE,Federal Contract Tower,0,19,19,0,38,0,0,4,2,6,0,19,23,2,44,0,26,26,70
01/27/2012,LSE,WI,AGL,CE,Federal Contract Tower,0,16,6,1,23,0,0,4,6,10,0,16,10,7,33,0,8,8,41
01/28/2012,LSE,WI,AGL,CE,Federal Contract Tower,0,12,5,0,17,0,0,4,3,7,0,12,9,3,24,0,10,10,34
01/29/2012,LSE,WI,AGL,CE,Federal Contract Tower,0,13,3,0,16,0,0,12,2,14,0,13,15,2,30,4,18,22,52
01/30/2012,LSE,WI,AGL,CE,Federal Contract Tower,0,22,0,3,25,0,4,7,0,11,0,26,7,3,36,14,24,38,74
01/31/2012,LSE,WI,AGL,CE,Federal Contract Tower,0,14,5,0,19,0,1,6,0,7,0,15,11,0,26,18,0,18,44
02/01/2012,LSE,WI,AGL,CE,Federal Contract Tower,0,18,25,2,45,0,0,0,0,0,0,18,25,2,45,0,0,0,45
02/02/2012,LSE,WI,AGL,CE,Federal Contract Tower,0,18,4,0,22,0,0,0,0,0,0,18,4,0,22,0,0,0,22
02/03/2012,LSE,WI,AGL,CE,Federal Contract Tower,2,17,5,0,24,0,0,0,0,0,2,17,5,0,24,0,0,0,24
02/04/2012,LSE,WI,AGL,CE,Federal Contract Tower,0,13,7,0,20,0,0,22,4,26,0,13,29,4,46,32,12,44,90
02/05/2012,LSE,WI,AGL,CE,Federal Contract Tower,0,14,4,0,18,0,0,3,0,3,0,14,7,0,21,6,0,6,27
02/06/2012,LSE,WI,AGL,CE,Federal Contract Tower,0,15,4,0,19,0,0,7,2,9,0,15,11,2,28,20,6,26,54
02/07/2012,LSE,WI,AGL,CE,Federal Contract Tower,0,18,12,0,30,0,0,11,0,11,0,18,23,0,41,0,0,0,41
02/08/2012,LSE,WI,AGL,CE,Federal Contract Tower,0,17,5,0,22,0,0,18,0,18,0,17,23,0,40,0,0,0,40
02/09/2012,LSE,WI,AGL,CE,Federal Contract Tower,0,20,17,3,40,0,0,6,2,8,0,20,23,5,48,6,54,60,108
02/10/2012,LSE,WI,AGL,CE,Federal Contract Tower,0,17,15,1,33,0,0,0,0,0,0,17,15,1,33,0,0,0,33
02/11/2012,LSE,WI,AGL,CE,Federal Contract Tower,0,17,3,2,22,0,0,13,2,15,0,17,16,4,37,18,0,18,55
02/12/2012,LSE,WI,AGL,CE,Federal Contract Tower,0,14,0,1,15,0,0,37,4,41,0,14,37,5,56,18,0,18,74
02/13/2012,LSE,WI,AGL,CE,Federal Contract Tower,0,16,8,0,24,0,0,2,0,2,0,16,10,0,26,2,0,2,28
02/14/2012,LSE,WI,AGL,CE,Federal Contract Tower,0,15,4,0,19,0,0,3,0,3,0,15,7,0,22,0,0,0,22
02/15/2012,LSE,WI,AGL,CE,Federal Contract Tower,0,20,9,0,29,0,1,14,0,15,0,21,23,0,44,16,0,16,60
02/16/2012,LSE,WI,AGL,CE,Federal Contract Tower,0,18,8,0,26,0,0,12,0,12,0,18,20,0,38,40,0,40,78
02/17/2012,LSE,WI,AGL,CE,Federal Contract Tower,0,18,13,0,31,0,0,14,2,16,0,18,27,2,47,42,8,50,97
02/18/2012,LSE,WI,AGL,CE,Federal Contract Tower,2,10,7,0,19,0,0,37,5,42,2,10,44,5,61,34,2,36,97
02/19/2012,LSE,WI,AGL,CE,Federal Contract Tower,1,17,4,0,22,0,4,74,0,78,1,21,78,0,100,28,2,30,130
02/20/2012,LSE,WI,AGL,CE,Federal Contract Tower,0,19,11,0,30,0,0,8,0,8,0,19,19,0,38,8,0,8,46
02/21/2012,LSE,WI,AGL,CE,Federal Contract Tower,2,16,7,0,25,0,0,0,0,0,2,16,7,0,25,0,0,0,25
02/22/2012,LSE,WI,AGL,CE,Federal Contract Tower,0,17,12,0,29,0,1,10,0,11,0,18,22,0,40,20,0,20,60
02/23/2012,LSE,WI,AGL,CE,Federal Contract Tower,0,19,8,0,27,0,0,3,2,5,0,19,11,2,32,2,4,6,38
02/24/2012,LSE,WI,AGL,CE,Federal Contract Tower,0,18,7,0,25,0,2,2,0,4,0,20,9,0,29,6,0,6,35
02/25/2012,LSE,WI,AGL,CE,Federal Contract Tower,0,9,9,0,18,0,2,28,13,43,0,11,37,13,61,48,32,80,141
02/26/2012,LSE,WI,AGL,CE,Federal Contract Tower,0,14,4,0,18,0,2,2,0,4,0,16,6,0,22,32,0,32,54
02/27/2012,LSE,WI,AGL,CE,Federal Contract Tower,0,21,7,0,28,0,0,4,2,6,0,21,11,2,34,0,0,0,34
02/28/2012,LSE,WI,AGL,CE,Federal Contract Tower,0,11,12,0,23,0,0,2,0,2,0,11,14,0,25,0,0,0,25
02/29/2012,LSE,WI,AGL,CE,Federal Contract Tower,0,20,7,0,27,0,0,0,0,0,0,20,7,0,27,0,0,0,27
03/01/2012,LSE,WI,AGL,CE,Federal Contract Tower,0,20,18,0,38,0,0,11,0,11,0,20,29,0,49,0,0,0,49
03/02/2012,LSE,WI,AGL,CE,Federal Contract Tower,0,16,10,2,28,0,0,2,0,2,0,16,12,2,30,4,0,4,34
03/03/2012,LSE,WI,AGL,CE,Federal Contract Tower,0,13,3,2,18,0,0,0,2,2,0,13,3,4,20,0,16,16,36
03/04/2012,LSE,WI,AGL,CE,Federal Contract Tower,0,15,5,0,20,0,0,16,0,16,0,15,21,0,36,12,0,12,48
03/05/2012,LSE,WI,AGL,CE,Federal Contract Tower,0,19,4,0,23,0,0,16,0,16,0,19,20,0,39,20,0,20,59
03/06/2012,LSE,WI,AGL,CE,Federal Contract Tower,0,20,5,2,27,0,0,16,0,16,0,20,21,2,43,32,0,32,75
03/07/2012,LSE,WI,AGL,CE,Federal Contract Tower,0,18,8,0,26,0,0,3,0,3,0,18,11,0,29,0,0,0,29
03/08/2012,LSE,WI,AGL,CE,Federal Contract Tower,0,20,20,2,42,0,0,6,0,6,0,20,26,2,48,28,36,64,112
03/09/2012,LSE,WI,AGL,CE,Federal Contract Tower,0,17,15,1,33,0,5,34,1,40,0,22,49,2,73,64,0,64,137
03/10/2012,LSE,WI,AGL,CE,Federal Contract Tower,0,13,5,0,18,0,0,7,3,10,0,13,12,3,28,0,0,0,28
03/11/2012,LSE,WI,AGL,CE,Federal Contract Tower,0,18,5,0,23,0,0,32,0,32,0,18,37,0,55,6,0,6,61
03/12/2012,LSE,WI,AGL,CE,Federal Contract Tower,0,17,10,0,27,0,0,5,0,5,0,17,15,0,32,8,0,8,40
03/13/2012,LSE,WI,AGL,CE,Federal Contract Tower,0,15,16,0,31,0,7,27,0,34,0,22,43,0,65,6,0,6,71
03/14/2012,LSE,WI,AGL,CE,Federal Contract Tower,0,17,14,0,31,0,1,16,0,17,0,18,30,0,48,10,0,10,58
03/15/2012,LSE,WI,AGL,CE,Federal Contract Tower,0,20,15,0,35,0,2,16,0,18,0,22,31,0,53,26,0,26,79
03/16/2012,LSE,WI,AGL,CE,Federal Contract Tower,0,18,13,0,31,0,1,13,2,16,0,19,26,2,47,8,0,8,55
03/17/2012,LSE,WI,AGL,CE,Federal Contract Tower,0,12,2,0,14,0,0,17,2,19,0,12,19,2,33,10,0,10,43
03/18/2012,LSE,WI,AGL,CE,Federal Contract Tower,0,16,8,2,26,0,4,10,1,15,0,20,18,3,41,10,0,10,51
03/19/2012,LSE,WI,AGL,CE,Federal Contract Tower,1,21,18,0,40,0,0,14,0,14,1,21,32,0,54,10,0,10,64
03/20/2012,LSE,WI,AGL,CE,Federal Contract Tower,0,17,16,1,34,0,1,11,0,12,0,18,27,1,46,24,2,26,72
03/21/2012,LSE,WI,AGL,CE,Federal Contract Tower,0,19,6,0,25,0,2,14,0,16,0,21,20,0,41,34,0,34,75
03/22/2012,LSE,WI,AGL,CE,Federal Contract Tower,0,21,18,2,41,0,0,5,2,7,0,21,23,4,48,20,30,50,98
03/23/2012,LSE,WI,AGL,CE,Federal Contract Tower,2,22,21,0,45,0,0,0,0,0,2,22,21,0,45,0,0,0,45
03/24/2012,LSE,WI,AGL,CE,Federal Contract Tower,0,14,7,0,21,0,2,0,0,2,0,16,7,0,23,4,0,4,27
03/25/2012,LSE,WI,AGL,CE,Federal Contract Tower,0,18,4,0,22,0,6,44,0,50,0,24,48,0,72,26,0,26,98
03/26/2012,LSE,WI,AGL,CE,Federal Contract Tower,0,18,6,0,24,1,3,4,0,8,1,21,10,0,32,2,0,2,34
03/27/2012,LSE,WI,AGL,CE,Federal Contract Tower,0,19,5,0,24,0,8,0,0,8,0,27,5,0,32,0,0,0,32
03/28/2012,LSE,WI,AGL,CE,Federal Contract Tower,0,17,16,0,33,0,0,17,0,17,0,17,33,0,50,0,0,0,50
03/29/2012,LSE,WI,AGL,CE,Federal Contract Tower,0,21,16,6,43,0,0,24,4,28,0,21,40,10,71,32,80,112,183
03/30/2012,LSE,WI,AGL,CE,Federal Contract Tower,0,18,14,0,32,0,2,0,0,2,0,20,14,0,34,4,2,6,40
03/31/2012,LSE,WI,AGL,CE,Federal Contract Tower,0,12,8,0,20,0,0,0,0,0,0,12,8,0,20,0,0,0,20
04/01/2012,LSE,WI,AGL,CE,Federal Contract Tower,0,16,4,0,20,0,0,12,0,12,0,16,16,0,32,0,0,0,32
04/02/2012,LSE,WI,AGL,CE,Federal Contract Tower,2,24,3,2,31,0,3,19,1,23,2,27,22,3,54,6,0,6,60
04/03/2012,LSE,WI,AGL,CE,Federal Contract Tower,0,23,10,3,36,0,0,10,2,12,0,23,20,5,48,8,10,18,66
04/04/2012,LSE,WI,AGL,CE,Federal Contract Tower,0,24,10,2,36,0,0,34,15,49,0,24,44,17,85,32,36,68,153
04/05/2012,LSE,WI,AGL,CE,Federal Contract Tower,2,24,20,0,46,0,0,38,0,38,2,24,58,0,84,46,0,46,130
04/06/2012,LSE,WI,AGL,CE,Federal Contract Tower,0,20,15,0,35,0,2,49,2,53,0,22,64,2,88,30,0,30,118
04/07/2012,LSE,WI,AGL,CE,Federal Contract Tower,0,16,6,1,23,0,0,25,5,30,0,16,31,6,53,14,0,14,67
04/08/2012,LSE,WI,AGL,CE,Federal Contract Tower,0,19,3,0,22,0,0,15,0,15,0,19,18,0,37,0,0,0,37
04/09/2012,LSE,WI,AGL,CE,Federal Contract Tower,0,21,6,0,27,0,0,9,0,9,0,21,15,0,36,0,0,0,36
04/10/2012,LSE,WI,AGL,CE,Federal Contract Tower,0,19,13,0,32,0,0,9,0,9,0,19,22,0,41,0,0,0,41
04/11/2012,LSE,WI,AGL,CE,Federal Contract Tower,0,24,14,0,38,0,5,28,0,33,0,29,42,0,71,22,0,22,93
04/12/2012,LSE,WI,AGL,CE,Federal Contract Tower,2,24,22,0,48,0,2,41,2,45,2,26,63,2,93,34,0,34,127
04/13/2012,LSE,WI,AGL,CE,Federal Contract Tower,0,29,14,0,43,0,0,8,0,8,0,29,22,0,51,4,0,4,55
04/14/2012,LSE,WI,AGL,CE,Federal Contract Tower,0,18,4,4,26,0,1,25,0,26,0,19,29,4,52,18,0,18,70
04/15/2012,LSE,WI,AGL,CE,Federal Contract Tower,2,18,4,0,24,0,0,0,0,0,2,18,4,0,24,0,0,0,24
04/16/2012,LSE,WI,AGL,CE,Federal Contract Tower,0,21,13,0,34,0,0,4,0,4,0,21,17,0,38,0,0,0,38
04/17/2012,LSE,WI,AGL,CE,Federal Contract Tower,0,20,13,0,33,0,2,35,4,41,0,22,48,4,74,14,10,24,98
04/18/2012,LSE,WI,AGL,CE,Federal Contract Tower,0,25,9,0,34,0,3,10,0,13,0,28,19,0,47,16,0,16,63
04/19/2012,LSE,WI,AGL,CE,Federal Contract Tower,0,24,8,0,32,0,0,2,0,2,0,24,10,0,34,0,8,8,42
04/20/2012,LSE,WI,AGL,CE,Federal Contract Tower,0,22,13,0,35,0,0,16,0,16,0,22,29,0,51,0,10,10,61
04/21/2012,LSE,WI,AGL,CE,Federal Contract Tower,0,19,10,0,29,0,0,19,2,21,0,19,29,2,50,0,4,4,54
04/22/2012,LSE,WI,AGL,CE,Federal Contract Tower,0,17,7,0,24,0,2,35,0,37,0,19,42,0,61,14,0,14,75
04/23/2012,LSE,WI,AGL,CE,Federal Contract Tower,0,22,11,1,34,0,2,33,1,36,0,24,44,2,70,8,0,8,78
04/24/2012,LSE,WI,AGL,CE,Federal Contract Tower,0,25,5,0,30,0,0,28,0,28,0,25,33,0,58,0,0,0,58
04/25/2012,LSE,WI,AGL,CE,Federal Contract Tower,0,21,14,6,41,0,4,17,0,21,0,25,31,6,62,6,79,85,147
04/26/2012,LSE,WI,AGL,CE,Federal Contract Tower,0,26,22,0,48,0,2,15,3,20,0,28,37,3,68,22,0,22,90
04/27/2012,LSE,WI,AGL,CE,Federal Contract Tower,0,25,10,2,37,0,1,12,4,17,0,26,22,6,54,12,0,12,66
04/28/2012,LSE,WI,AGL,CE,Federal Contract Tower,0,16,4,0,20,0,0,3,0,3,0,16,7,0,23,0,0,0,23
04/29/2012,LSE,WI,AGL,CE,Federal Contract Tower,0,20,11,0,31,0,0,19,2,21,0,20,30,2,52,18,6,24,76
04/30/2012,LSE,WI,AGL,CE,Federal Contract Tower,0,21,12,2,35,0,0,2,1,3,0,21,14,3,38,10,0,10,48
05/01/2012,LSE,WI,AGL,CE,Federal Contract Tower,0,19,6,0,25,0,3,11,0,14,0,22,17,0,39,10,0,10,49
05/02/2012,LSE,WI,AGL,CE,Federal Contract Tower,2,22,4,0,28,0,0,14,0,14,2,22,18,0,42,24,0,24,66
05/03/2012,LSE,WI,AGL,CE,Federal Contract Tower,0,19,5,0,24,0,0,0,0,0,0,19,5,0,24,0,0,0,24
05/04/2012,LSE,WI,AGL,CE,Federal Contract Tower,0,24,13,1,38,0,1,22,2,25,0,25,35,3,63,10,2,12,75
05/05/2012,LSE,WI,AGL,CE,Federal Contract Tower,2,19,7,5,33,0,0,0,0,0,2,19,7,5,33,0,0,0,33
05/06/2012,LSE,WI,AGL,CE,Federal Contract Tower,0,15,0,0,15,0,0,1,0,1,0,15,1,0,16,0,0,0,16
05/07/2012,LSE,WI,AGL,CE,Federal Contract Tower,0,21,19,2,42,0,1,13,9,23,0,22,32,11,65,2,6,8,73
05/08/2012,LSE,WI,AGL,CE,Federal Contract Tower,0,19,19,0,38,0,1,13,4,18,0,20,32,4,56,30,0,30,86
05/09/2012,LSE,WI,AGL,CE,Federal Contract Tower,0,23,11,0,34,0,0,29,3,32,0,23,40,3,66,32,4,36,102
05/10/2012,LSE,WI,AGL,CE,Federal Contract Tower,0,25,16,0,41,0,1,30,4,35,0,26,46,4,76,26,0,26,102
05/11/2012,LSE,WI,AGL,CE,Federal Contract Tower,0,25,11,0,36,0,2,18,0,20,0,27,29,0,56,4,0,4,60
05/12/2012,LSE,WI,AGL,CE,Federal Contract Tower,1,16,5,0,22,0,0,84,5,89,1,16,89,5,111,22,0,22,133
05/13/2012,LSE,WI,AGL,CE,Federal Contract Tower,0,23,13,0,36,0,0,40,2,42,0,23,53,2,78,8,0,8,86
05/14/2012,LSE,WI,AGL,CE,Federal Contract Tower,0,20,16,0,36,0,3,33,1,37,0,23,49,1,73,18,0,18,91
05/15/2012,LSE,WI,AGL,CE,Federal Contract Tower,0,19,12,1,32,0,2,18,1,21,0,21,30,2,53,4,0,4,57
05/16/2012,LSE,WI,AGL,CE,Federal Contract Tower,0,28,12,0,40,0,34,1,0,35,0,62,13,0,75,10,4,14,89
05/17/2012,LSE,WI,AGL,CE,Federal Contract Tower,0,22,12,0,34,0,3,16,0,19,0,25,28,0,53,8,2,10,63
05/18/2012,LSE,WI,AGL,CE,Federal Contract Tower,0,23,13,0,36,0,0,18,0,18,0,23,31,0,54,2,0,2,56
05/19/2012,LSE,WI,AGL,CE,Federal Contract Tower,0,17,8,0,25,4,76,4,0,84,4,93,12,0,109,2,0,2,111
05/20/2012,LSE,WI,AGL,CE,Federal Contract Tower,0,15,9,0,24,0,0,1,0,1,0,15,10,0,25,4,0,4,29
05/21/2012,LSE,WI,AGL,CE,Federal Contract Tower,0,21,8,0,29,0,0,34,2,36,0,21,42,2,65,14,0,14,79
05/22/2012,LSE,WI,AGL,CE,Federal Contract Tower,0,21,10,0,31,0,0,18,4,22,0,21,28,4,53,6,10,16,69
05/23/2012,LSE,WI,AGL,CE,Federal Contract Tower,2,27,19,1,49,0,1,16,1,18,2,28,35,2,67,8,4,12,79
05/24/2012,LSE,WI,AGL,CE,Federal Contract Tower,0,25,9,0,34,0,1,6,4,11,0,26,15,4,45,0,4,4,49
05/25/2012,LSE,WI,AGL,CE,Federal Contract Tower,0,26,17,0,43,0,0,20,2,22,0,26,37,2,65,12,0,12,77
05/26/2012,LSE,WI,AGL,CE,Federal Contract Tower,0,13,6,0,19,0,0,6,0,6,0,13,12,0,25,4,0,4,29
05/27/2012,LSE,WI,AGL,CE,Federal Contract Tower,0,10,1,0,11,0,0,17,0,17,0,10,18,0,28,0,0,0,28
05/28/2012,LSE,WI,AGL,CE,Federal Contract Tower,2,17,1,1,21,0,2,22,0,24,2,19,23,1,45,18,2,20,65
05/29/2012,LSE,WI,AGL,CE,Federal Contract Tower,2,21,10,0,33,0,2,8,0,10,2,23,18,0,43,6,0,6,49
05/30/2012,LSE,WI,AGL,CE,Federal Contract Tower,0,22,5,0,27,0,1,13,0,14,0,23,18,0,41,14,0,14,55
05/31/2012,LSE,WI,AGL,CE,Federal Contract Tower,0,19,8,3,30,0,1,11,2,14,0,20,19,5,44,16,16,32,76
06/01/2012,LSE,WI,AGL,CE,Federal Contract Tower,0,21,9,2,32,0,0,36,4,40,0,21,45,6,72,12,6,18,90
06/02/2012,LSE,WI,AGL,CE,Federal Contract Tower,0,19,5,0,24,0,0,38,0,38,0,19,43,0,62,10,0,10,72
06/03/2012,LSE,WI,AGL,CE,Federal Contract Tower,0,18,4,4,26,0,0,40,0,40,0,18,44,4,66,0,0,0,66
06/04/2012,LSE,WI,AGL,CE,Federal Contract Tower,0,21,10,0,31,0,0,35,2,37,0,21,45,2,68,8,4,12,80
06/05/2012,LSE,WI,AGL,CE,Federal Contract Tower,0,22,8,1,31,0,0,19,1,20,0,22,27,2,51,18,0,18,69
06/06/2012,LSE,WI,AGL,CE,Federal Contract Tower,0,21,7,0,28,0,0,2,3,5,0,21,9,3,33,0,0,0,33
06/07/2012,LSE,WI,AGL,CE,Federal Contract Tower,0,25,9,2,36,0,3,41,0,44,0,28,50,2,80,26,0,26,106
06/08/2012,LSE,WI,AGL,CE,Federal Contract Tower,1,23,11,2,37,0,16,13,5,34,1,39,24,7,71,24,20,44,115
06/09/2012,LSE,WI,AGL,CE,Federal Contract Tower,30,18,6,0,54,0,0,47,0,47,30,18,53,0,101,0,0,0,101
06/10/2012,LSE,WI,AGL,CE,Federal Contract Tower,0,20,11,0,31,0,0,20,0,20,0,20,31,0,51,4,2,6,57
06/11/2012,LSE,WI,AGL,CE,Federal Contract Tower,0,24,18,0,42,0,1,4,7,12,0,25,22,7,54,6,6,12,66
06/12/2012,LSE,WI,AGL,CE,Federal Contract Tower,0,24,11,2,37,0,3,25,3,31,0,27,36,5,68,6,0,6,74
06/13/2012,LSE,WI,AGL,CE,Federal Contract Tower,0,23,17,0,40,0,0,21,3,24,0,23,38,3,64,10,0,10,74
06/14/2012,LSE,WI,AGL,CE,Federal Contract Tower,0,22,16,2,40,0,0,16,0,16,0,22,32,2,56,8,0,8,64
06/15/2012,LSE,WI,AGL,CE,Federal Contract Tower,0,23,11,2,36,0,0,35,10,45,0,23,46,12,81,28,23,51,132
06/16/2012,LSE,WI,AGL,CE,Federal Contract Tower,0,19,3,2,24,0,0,3,0,3,0,19,6,2,27,8,0,8,35
06/17/2012,LSE,WI,AGL,CE,Federal Contract Tower,0,20,16,0,36,0,0,39,0,39,0,20,55,0,75,22,0,22,97
06/18/2012,LSE,WI,AGL,CE,Federal Contract Tower,0,23,8,1,32,0,1,12,0,13,0,24,20,1,45,4,0,4,49
06/19/2012,LSE,WI,AGL,CE,Federal Contract Tower,0,22,12,0,34,0,3,6,2,11,0,25,18,2,45,6,0,6,51
06/20/2012,LSE,WI,AGL,CE,Federal Contract Tower,0,18,21,0,39,0,0,6,0,6,0,18,27,0,45,0,0,0,45
06/21/2012,LSE,WI,AGL,CE,Federal Contract Tower,4,20,14,0,38,0,0,38,0,38,4,20,52,0,76,22,0,22,98
06/22/2012,LSE,WI,AGL,CE,Federal Contract Tower,0,23,11,2,36,0,0,31,4,35,0,23,42,6,71,12,2,14,85
06/23/2012,LSE,WI,AGL,CE,Federal Contract Tower,4,20,2,0,26,0,1,10,0,11,4,21,12,0,37,12,0,12,49
06/24/2012,LSE,WI,AGL,CE,Federal Contract Tower,0,19,16,0,35,0,0,41,0,41,0,19,57,0,76,26,4,30,106
06/25/2012,LSE,WI,AGL,CE,Federal Contract Tower,0,22,7,0,29,0,0,34,5,39,0,22,41,5,68,18,4,22,90
06/26/2012,LSE,WI,AGL,CE,Federal Contract Tower,0,20,13,1,34,0,0,31,6,37,0,20,44,7,71,22,0,22,93
06/27/2012,LSE,WI,AGL,CE,Federal Contract Tower,0,24,11,0,35,0,0,21,2,23,0,24,32,2,58,6,0,6,64
06/28/2012,LSE,WI,AGL,CE,Federal Contract Tower,4,22,11,0,37,0,1,16,1,18,4,23,27,1,55,2,0,2,57
06/29/2012,LSE,WI,AGL,CE,Federal Contract Tower,16,17,8,0,41,0,0,24,0,24,16,17,32,0,65,2,0,2,67
06/30/2012,LSE,WI,AGL,CE,Federal Contract Tower,0,18,5,0,23,0,0,24,0,24,0,18,29,0,47,6,0,6,53
07/01/2012,LSE,WI,AGL,CE,Federal Contract Tower,0,20,4,0,24,0,0,19,0,19,0,20,23,0,43,8,0,8,51
07/02/2012,LSE,WI,AGL,CE,Federal Contract Tower,0,23,12,0,35,0,0,18,4,22,0,23,30,4,57,12,0,12,69
07/03/2012,LSE,WI,AGL,CE,Federal Contract Tower,0,22,8,2,32,0,2,8,8,18,0,24,16,10,50,0,12,12,62
07/04/2012,LSE,WI,AGL,CE,Federal Contract Tower,0,12,2,0,14,0,2,10,0,12,0,14,12,0,26,26,0,26,52
07/05/2012,LSE,WI,AGL,CE,Federal Contract Tower,0,20,2,0,22,0,0,26,3,29,0,20,28,3,51,22,0,22,73
07/06/2012,LSE,WI,AGL,CE,Federal Contract Tower,0,24,7,0,31,0,0,26,5,31,0,24,33,5,62,2,0,2,64
07/07/2012,LSE,WI,AGL,CE,Federal Contract Tower,0,18,3,0,21,0,2,12,0,14,0,20,15,0,35,2,0,2,37
07/08/2012,LSE,WI,AGL,CE,Federal Contract Tower,2,20,9,0,31,0,2,59,3,64,2,22,68,3,95,22,0,22,117
07/09/2012,LSE,WI,AGL,CE,Federal Contract Tower,6,25,6,1,38,0,0,28,12,40,6,25,34,13,78,18,8,26,104
07/10/2012,LSE,WI,AGL,CE,Federal Contract Tower,2,20,11,3,36,0,0,14,18,32,2,20,25,21,68,0,2,2,70
07/11/2012,LSE,WI,AGL,CE,Federal Contract Tower,0,24,10,0,34,0,1,19,5,25,0,25,29,5,59,36,8,44,103
07/12/2012,LSE,WI,AGL,CE,Federal Contract Tower,0,23,18,2,43,0,4,42,6,52,0,27,60,8,95,20,6,26,121
07/13/2012,LSE,WI,AGL,CE,Federal Contract Tower,2,26,6,2,36,0,0,26,4,30,2,26,32,6,66,8,0,8,74
07/14/2012,LSE,WI,AGL,CE,Federal Contract Tower,0,18,3,3,24,0,0,53,10,63,0,18,56,13,87,0,10,10,97
07/15/2012,LSE,WI,AGL,CE,Federal Contract Tower,4,20,9,0,33,0,0,22,7,29,4,20,31,7,62,0,0,0,62
07/16/2012,LSE,WI,AGL,CE,Federal Contract Tower,0,21,16,0,37,0,1,28,5,34,0,22,44,5,71,2,14,16,87
07/17/2012,LSE,WI,AGL,CE,Federal Contract Tower,2,19,11,1,33,0,1,16,4,21,2,20,27,5,54,12,2,14,68
07/18/2012,LSE,WI,AGL,CE,Federal Contract Tower,0,26,19,4,49,0,0,6,0,6,0,26,25,4,55,2,0,2,57
07/19/2012,LSE,WI,AGL,CE,Federal Contract Tower,0,24,7,0,31,0,2,11,0,13,0,26,18,0,44,26,0,26,70
07/20/2012,LSE,WI,AGL,CE,Federal Contract Tower,2,21,10,0,33,0,1,26,1,28,2,22,36,1,61,22,0,22,83
07/21/2012,LSE,WI,AGL,CE,Federal Contract Tower,0,18,4,2,24,0,0,23,0,23,0,18,27,2,47,4,0,4,51
07/22/2012,LSE,WI,AGL,CE,Federal Contract Tower,0,18,4,0,22,0,1,31,0,32,0,19,35,0,54,6,0,6,60
07/23/2012,LSE,WI,AGL,CE,Federal Contract Tower,0,27,13,1,41,0,1,31,14,46,0,28,44,15,87,0,20,20,107
07/24/2012,LSE,WI,AGL,CE,Federal Contract Tower,0,21,11,1,33,0,0,6,4,10,0,21,17,5,43,2,0,2,45
07/25/2012,LSE,WI,AGL,CE,Federal Contract Tower,0,23,9,0,32,0,0,14,4,18,0,23,23,4,50,18,0,18,68
07/26/2012,LSE,WI,AGL,CE,Federal Contract Tower,0,23,13,2,38,0,0,26,2,28,0,23,39,4,66,0,24,24,90
07/27/2012,LSE,WI,AGL,CE,Federal Contract Tower,0,24,6,0,30,0,0,17,4,21,0,24,23,4,51,0,0,0,51
07/28/2012,LSE,WI,AGL,CE,Federal Contract Tower,7,17,6,0,30,0,0,33,0,33,7,17,39,0,63,10,0,10,73
07/29/2012,LSE,WI,AGL,CE,Federal Contract Tower,10,19,8,0,37,0,4,33,0,37,10,23,41,0,74,16,0,16,90
07/30/2012,LSE,WI,AGL,CE,Federal Contract Tower,0,21,15,0,36,0,0,23,0,23,0,21,38,0,59,2,0,2,61
07/31/2012,LSE,WI,AGL,CE,Federal Contract Tower,0,20,22,1,43,0,0,30,2,32,0,20,52,3,75,22,0,22,97
08/01/2012,LSE,WI,AGL,CE,Federal Contract Tower,0,24,13,0,37,0,0,16,2,18,0,24,29,2,55,28,0,28,83
08/02/2012,LSE,WI,AGL,CE,Federal Contract Tower,0,19,13,0,32,0,0,9,0,9,0,19,22,0,41,0,0,0,41
08/03/2012,LSE,WI,AGL,CE,Federal Contract Tower,0,20,14,0,34,0,0,21,2,23,0,20,35,2,57,2,0,2,59
08/04/2012,LSE,WI,AGL,CE,Federal Contract Tower,0,11,6,0,17,0,0,1,0,1,0,11,7,0,18,0,0,0,18
08/05/2012,LSE,WI,AGL,CE,Federal Contract Tower,0,22,6,2,30,0,0,33,1,34,0,22,39,3,64,26,0,26,90
08/06/2012,LSE,WI,AGL,CE,Federal Contract Tower,0,21,12,3,36,0,0,31,3,34,0,21,43,6,70,8,36,44,114
08/07/2012,LSE,WI,AGL,CE,Federal Contract Tower,0,21,22,1,44,0,3,24,4,31,0,24,46,5,75,14,16,30,105
08/08/2012,LSE,WI,AGL,CE,Federal Contract Tower,0,23,8,0,31,0,0,1,1,2,0,23,9,1,33,2,4,6,39
08/09/2012,LSE,WI,AGL,CE,Federal Contract Tower,0,23,10,0,33,0,2,4,0,6,0,25,14,0,39,6,0,6,45
08/10/2012,LSE,WI,AGL,CE,Federal Contract Tower,0,23,17,0,40,0,0,36,4,40,0,23,53,4,80,16,4,20,100
08/11/2012,LSE,WI,AGL,CE,Federal Contract Tower,0,16,5,0,21,0,0,74,2,76,0,16,79,2,97,44,0,44,141
08/12/2012,LSE,WI,AGL,CE,Federal Contract Tower,3,21,8,0,32,0,0,32,0,32,3,21,40,0,64,6,0,6,70
08/13/2012,LSE,WI,AGL,CE,Federal Contract Tower,0,21,11,0,32,0,13,0,0,13,0,34,11,0,45,6,0,6,51
08/14/2012,LSE,WI,AGL,CE,Federal Contract Tower,0,20,16,1,37,0,0,13,4,17,0,20,29,5,54,8,16,24,78
08/15/2012,LSE,WI,AGL,CE,Federal Contract Tower,0,36,16,0,52,0,0,24,0,24,0,36,40,0,76,16,18,34,110
08/16/2012,LSE,WI,AGL,CE,Federal Contract Tower,0,19,13,3,35,0,0,8,2,10,0,19,21,5,45,0,10,10,55
08/17/2012,LSE,WI,AGL,CE,Federal Contract Tower,5,22,15,0,42,0,0,31,0,31,5,22,46,0,73,0,4,4,77
08/18/2012,LSE,WI,AGL,CE,Federal Contract Tower,9,14,10,0,33,0,0,24,2,26,9,14,34,2,59,0,0,0,59
08/19/2012,LSE,WI,AGL,CE,Federal Contract Tower,0,20,6,0,26,0,0,0,0,0,0,20,6,0,26,0,0,0,26
08/20/2012,LSE,WI,AGL,CE,Federal Contract Tower,0,22,7,0,29,0,0,37,1,38,0,22,44,1,67,24,0,24,91
08/21/2012,LSE,WI,AGL,CE,Federal Contract Tower,0,22,12,2,36,0,2,31,7,40,0,24,43,9,76,28,10,38,114
08/22/2012,LSE,WI,AGL,CE,Federal Contract Tower,0,23,12,4,39,0,1,15,1,17,0,24,27,5,56,12,20,32,88
08/23/2012,LSE,WI,AGL,CE,Federal Contract Tower,0,24,9,1,34,0,0,16,4,20,0,24,25,5,54,18,30,48,102
08/24/2012,LSE,WI,AGL,CE,Federal Contract Tower,0,21,10,0,31,0,1,10,6,17,0,22,20,6,48,6,0,6,54
08/25/2012,LSE,WI,AGL,CE,Federal Contract Tower,0,18,4,2,24,0,0,20,0,20,0,18,24,2,44,12,12,24,68
08/26/2012,LSE,WI,AGL,CE,Federal Contract Tower,0,20,6,0,26,0,0,3,0,3,0,20,9,0,29,0,0,0,29
08/27/2012,LSE,WI,AGL,CE,Federal Contract Tower,0,23,13,0,36,0,0,25,3,28,0,23,38,3,64,8,0,8,72
08/28/2012,LSE,WI,AGL,CE,Federal Contract Tower,0,21,14,1,36,0,1,16,3,20,0,22,30,4,56,13,6,19,75
08/29/2012,LSE,WI,AGL,CE,Federal Contract Tower,0,22,11,0,33,0,0,11,0,11,0,22,22,0,44,0,0,0,44
08/30/2012,LSE,WI,AGL,CE,Federal Contract Tower,0,25,12,0,37,0,3,10,0,13,0,28,22,0,50,8,0,8,58
08/31/2012,LSE,WI,AGL,CE,Federal Contract Tower,0,23,10,0,33,0,0,37,3,40,0,23,47,3,73,30,0,30,103
09/01/2012,LSE,WI,AGL,CE,Federal Contract Tower,0,16,1,0,17,0,0,16,2,18,0,16,17,2,35,11,0,11,46
09/02/2012,LSE,WI,AGL,CE,Federal Contract Tower,0,10,2,0,12,0,0,14,0,14,0,10,16,0,26,10,0,10,36
09/03/2012,LSE,WI,AGL,CE,Federal Contract Tower,0,21,8,4,33,0,1,13,0,14,0,22,21,4,47,16,6,22,69
09/04/2012,LSE,WI,AGL,CE,Federal Contract Tower,0,22,12,0,34,0,1,8,0,9,0,23,20,0,43,8,0,8,51
09/05/2012,LSE,WI,AGL,CE,Federal Contract Tower,2,16,12,0,30,0,0,26,4,30,2,16,38,4,60,0,4,4,64
09/06/2012,LSE,WI,AGL,CE,Federal Contract Tower,0,22,7,5,34,0,1,35,7,43,0,23,42,12,77,28,14,42,119
09/07/2012,LSE,WI,AGL,CE,Federal Contract Tower,0,17,16,0,33,0,0,10,0,10,0,17,26,0,43,0,0,0,43
09/08/2012,LSE,WI,AGL,CE,Federal Contract Tower,2,17,3,0,22,0,3,45,2,50,2,20,48,2,72,34,6,40,112
09/09/2012,LSE,WI,AGL,CE,Federal Contract Tower,0,21,9,0,30,0,3,10,2,15,0,24,19,2,45,12,0,12,57
09/10/2012,LSE,WI,AGL,CE,Federal Contract Tower,0,27,10,1,38,0,0,15,2,17,0,27,25,3,55,6,20,26,81
09/11/2012,LSE,WI,AGL,CE,Federal Contract Tower,0,21,8,0,29,0,3,2,0,5,0,24,10,0,34,8,0,8,42
09/12/2012,LSE,WI,AGL,CE,Federal Contract Tower,0,19,9,0,28,0,0,8,0,8,0,19,17,0,36,64,0,64,100
09/13/2012,LSE,WI,AGL,CE,Federal Contract Tower,0,25,9,0,34,0,0,11,0,11,0,25,20,0,45,74,0,74,119
09/14/2012,LSE,WI,AGL,CE,Federal Contract Tower,0,23,11,0,34,0,0,22,1,23,0,23,33,1,57,18,6,24,81
09/15/2012,LSE,WI,AGL,CE,Federal Contract Tower,0,16,9,19,44,0,1,38,4,43,0,17,47,23,87,24,0,24,111
09/16/2012,LSE,WI,AGL,CE,Federal Contract Tower,0,23,10,0,33,0,5,37,0,42,0,28,47,0,75,12,0,12,87
09/17/2012,LSE,WI,AGL,CE,Federal Contract Tower,0,19,12,0,31,0,0,10,0,10,0,19,22,0,41,0,0,0,41
09/18/2012,LSE,WI,AGL,CE,Federal Contract Tower,0,19,12,1,32,0,0,21,4,25,0,19,33,5,57,8,6,14,71
09/19/2012,LSE,WI,AGL,CE,Federal Contract Tower,0,17,10,3,30,0,0,10,0,10,0,17,20,3,40,6,0,6,46
09/20/2012,LSE,WI,AGL,CE,Federal Contract Tower,0,23,15,1,39,0,1,23,0,24,0,24,38,1,63,14,0,14,77
09/21/2012,LSE,WI,AGL,CE,Federal Contract Tower,0,21,5,6,32,0,3,11,0,14,0,24,16,6,46,6,0,6,52
09/22/2012,LSE,WI,AGL,CE,Federal Contract Tower,1,16,5,1,23,0,0,8,0,8,1,16,13,1,31,2,8,10,41
09/23/2012,LSE,WI,AGL,CE,Federal Contract Tower,0,20,8,0,28,0,4,64,2,70,0,24,72,2,98,28,0,28,126
09/24/2012,LSE,WI,AGL,CE,Federal Contract Tower,0,21,18,0,39,0,0,17,0,17,0,21,35,0,56,0,0,0,56
09/25/2012,LSE,WI,AGL,CE,Federal Contract Tower,0,18,10,4,32,0,0,35,0,35,0,18,45,4,67,2,4,6,73
09/26/2012,LSE,WI,AGL,CE,Federal Contract Tower,0,20,19,3,42,0,0,19,2,21,0,20,38,5,63,4,0,4,67
09/27/2012,LSE,WI,AGL,CE,Federal Contract Tower,0,18,15,0,33,0,0,47,2,49,0,18,62,2,82,44,8,52,134
09/28/2012,LSE,WI,AGL,CE,Federal Contract Tower,2,22,17,1,42,0,0,43,0,43,2,22,60,1,85,24,0,24,109
09/29/2012,LSE,WI,AGL,CE,Federal Contract Tower,0,20,4,1,25,0,4,47,1,52,0,24,51,2,77,16,0,16,93
09/30/2012,LSE,WI,AGL,CE,Federal Contract Tower,0,16,16,0,32,0,0,38,0,38,0,16,54,0,70,6,0,6,76
10/01/2012,LSE,WI,AGL,CE,Federal Contract Tower,0,20,12,2,34,0,0,19,0,19,0,20,31,2,53,0,0,0,53
10/02/2012,LSE,WI,AGL,CE,Federal Contract Tower,0,15,6,0,21,0,0,58,2,60,0,15,64,2,81,6,0,6,87
10/03/2012,LSE,WI,AGL,CE,Federal Contract Tower,0,15,30,1,46,0,0,25,4,29,0,15,55,5,75,22,0,22,97
10/04/2012,LSE,WI,AGL,CE,Federal Contract Tower,0,19,8,0,27,0,2,11,0,13,0,21,19,0,40,2,0,2,42
10/05/2012,LSE,WI,AGL,CE,Federal Contract Tower,0,25,9,0,34,0,14,17,2,33,0,39,26,2,67,20,0,20,87
10/06/2012,LSE,WI,AGL,CE,Federal Contract Tower,0,15,2,0,17,0,0,16,0,16,0,15,18,0,33,2,0,2,35
10/07/2012,LSE,WI,AGL,CE,Federal Contract Tower,0,21,14,0,35,0,1,25,0,26,0,22,39,0,61,4,0,4,65
10/08/2012,LSE,WI,AGL,CE,Federal Contract Tower,0,21,11,0,32,0,0,11,0,11,0,21,22,0,43,0,0,0,43
10/09/2012,LSE,WI,AGL,CE,Federal Contract Tower,0,17,8,0,25,0,0,0,0,0,0,17,8,0,25,0,0,0,25
10/10/2012,LSE,WI,AGL,CE,Federal Contract Tower,0,18,9,6,33,0,2,33,0,35,0,20,42,6,68,14,6,20,88
10/11/2012,LSE,WI,AGL,CE,Federal Contract Tower,0,24,12,2,38,0,0,6,4,10,0,24,18,6,48,4,10,14,62
10/12/2012,LSE,WI,AGL,CE,Federal Contract Tower,2,19,11,3,35,0,0,14,0,14,2,19,25,3,49,6,0,6,55
10/13/2012,LSE,WI,AGL,CE,Federal Contract Tower,0,15,4,0,19,0,0,0,0,0,0,15,4,0,19,0,0,0,19
10/14/2012,LSE,WI,AGL,CE,Federal Contract Tower,0,16,6,0,22,0,0,2,0,2,0,16,8,0,24,0,0,0,24
10/15/2012,LSE,WI,AGL,CE,Federal Contract Tower,0,18,15,0,33,0,0,25,0,25,0,18,40,0,58,16,0,16,74
10/16/2012,LSE,WI,AGL,CE,Federal Contract Tower,0,16,6,4,26,0,0,7,2,9,0,16,13,6,35,6,22,28,63
10/17/2012,LSE,WI,AGL,CE,Federal Contract Tower,0,17,4,1,22,0,3,4,0,7,0,20,8,1,29,12,6,18,47
10/18/2012,LSE,WI,AGL,CE,Federal Contract Tower,1,22,12,0,35,0,0,13,0,13,1,22,25,0,48,0,0,0,48
10/19/2012,LSE,WI,AGL,CE,Federal Contract Tower,0,21,10,0,31,0,0,7,0,7,0,21,17,0,38,2,0,2,40
10/20/2012,LSE,WI,AGL,CE,Federal Contract Tower,0,14,2,2,18,0,3,29,0,32,0,17,31,2,50,22,0,22,72
10/21/2012,LSE,WI,AGL,CE,Federal Contract Tower,0,17,8,0,25,0,1,35,0,36,0,18,43,0,61,6,0,6,67
10/22/2012,LSE,WI,AGL,CE,Federal Contract Tower,0,15,13,0,28,0,0,4,0,4,0,15,17,0,32,0,0,0,32
10/23/2012,LSE,WI,AGL,CE,Federal Contract Tower,0,20,14,0,34,0,0,0,0,0,0,20,14,0,34,0,0,0,34
10/24/2012,LSE,WI,AGL,CE,Federal Contract Tower,2,24,12,6,44,0,0,5,0,5,2,24,17,6,49,0,0,0,49
10/25/2012,LSE,WI,AGL,CE,Federal Contract Tower,0,16,8,0,24,0,0,0,0,0,0,16,8,0,24,0,0,0,24
10/26/2012,LSE,WI,AGL,CE,Federal Contract Tower,0,20,13,2,35,0,0,21,5,26,0,20,34,7,61,16,0,16,77
10/27/2012,LSE,WI,AGL,CE,Federal Contract Tower,0,14,1,0,15,0,0,32,0,32,0,14,33,0,47,38,0,38,85
10/28/2012,LSE,WI,AGL,CE,Federal Contract Tower,0,16,12,0,28,0,0,36,0,36,0,16,48,0,64,6,0,6,70
10/29/2012,LSE,WI,AGL,CE,Federal Contract Tower,0,19,7,0,26,0,1,21,0,22,0,20,28,0,48,16,0,16,64
10/30/2012,LSE,WI,AGL,CE,Federal Contract Tower,0,18,11,0,29,0,1,6,0,7,0,19,17,0,36,6,0,6,42
10/31/2012,LSE,WI,AGL,CE,Federal Contract Tower,2,15,4,0,21,0,2,16,0,18,2,17,20,0,39,6,0,6,45
11/01/2012,LSE,WI,AGL,CE,Federal Contract Tower,0,23,12,0,35,0,0,17,0,17,0,23,29,0,52,16,0,16,68
11/02/2012,LSE,WI,AGL,CE,Federal Contract Tower,0,23,12,0,35,0,2,9,0,11,0,25,21,0,46,12,0,12,58
11/03/2012,LSE,WI,AGL,CE,Federal Contract Tower,2,14,3,0,19,0,2,37,3,42,2,16,40,3,61,58,8,66,127
11/04/2012,LSE,WI,AGL,CE,Federal Contract Tower,0,18,20,0,38,0,1,3,0,4,0,19,23,0,42,2,0,2,44
11/05/2012,LSE,WI,AGL,CE,Federal Contract Tower,0,19,6,0,25,0,0,9,0,9,0,19,15,0,34,0,0,0,34
11/06/2012,LSE,WI,AGL,CE,Federal Contract Tower,0,21,5,0,26,0,0,0,0,0,0,21,5,0,26,0,0,0,26
11/07/2012,LSE,WI,AGL,CE,Federal Contract Tower,0,21,11,1,33,0,4,3,0,7,0,25,14,1,40,12,0,12,52
11/08/2012,LSE,WI,AGL,CE,Federal Contract Tower,0,22,13,0,35,0,2,14,3,19,0,24,27,3,54,10,6,16,70
11/09/2012,LSE,WI,AGL,CE,Federal Contract Tower,0,21,11,0,32,0,0,25,0,25,0,21,36,0,57,36,0,36,93
11/10/2012,LSE,WI,AGL,CE,Federal Contract Tower,0,14,4,0,18,0,0,9,0,9,0,14,13,0,27,0,0,0,27
11/11/2012,LSE,WI,AGL,CE,Federal Contract Tower,0,17,6,0,23,0,0,0,0,0,0,17,6,0,23,0,0,0,23
11/12/2012,LSE,WI,AGL,CE,Federal Contract Tower,0,20,6,0,26,0,0,0,0,0,0,20,6,0,26,0,0,0,26
11/13/2012,LSE,WI,AGL,CE,Federal Contract Tower,0,18,16,2,36,0,3,24,0,27,0,21,40,2,63,44,6,50,113
11/14/2012,LSE,WI,AGL,CE,Federal Contract Tower,2,19,12,1,34,0,0,19,1,20,2,19,31,2,54,28,4,32,86
11/15/2012,LSE,WI,AGL,CE,Federal Contract Tower,0,20,8,0,28,0,2,9,0,11,0,22,17,0,39,12,4,16,55
11/16/2012,LSE,WI,AGL,CE,Federal Contract Tower,2,18,10,0,30,0,0,22,0,22,2,18,32,0,52,28,0,28,80
11/17/2012,LSE,WI,AGL,CE,Federal Contract Tower,0,11,7,0,18,0,0,14,0,14,0,11,21,0,32,6,0,6,38
11/18/2012,LSE,WI,AGL,CE,Federal Contract Tower,0,13,5,0,18,0,0,13,2,15,0,13,18,2,33,0,0,0,33
11/19/2012,LSE,WI,AGL,CE,Federal Contract Tower,0,14,16,0,30,0,0,7,0,7,0,14,23,0,37,2,0,2,39
11/20/2012,LSE,WI,AGL,CE,Federal Contract Tower,0,10,21,2,33,0,0,0,0,0,0,10,21,2,33,0,0,0,33
11/21/2012,LSE,WI,AGL,CE,Federal Contract Tower,0,19,6,0,25,0,0,24,0,24,0,19,30,0,49,8,0,8,57
11/22/2012,LSE,WI,AGL,CE,Federal Contract Tower,0,9,0,0,9,0,0,2,0,2,0,9,2,0,11,0,0,0,11
11/23/2012,LSE,WI,AGL,CE,Federal Contract Tower,0,12,0,0,12,0,0,1,0,1,0,12,1,0,13,0,0,0,13
11/24/2012,LSE,WI,AGL,CE,Federal Contract Tower,0,15,7,0,22,0,0,18,0,18,0,15,25,0,40,0,0,0,40
11/25/2012,LSE,WI,AGL,CE,Federal Contract Tower,0,17,10,0,27,0,0,23,2,25,0,17,33,2,52,12,2,14,66
11/26/2012,LSE,WI,AGL,CE,Federal Contract Tower,0,17,10,0,27,0,1,9,0,10,0,18,19,0,37,10,0,10,47
11/27/2012,LSE,WI,AGL,CE,Federal Contract Tower,0,20,7,2,29,0,2,14,0,16,0,22,21,2,45,8,0,8,53
11/28/2012,LSE,WI,AGL,CE,Federal Contract Tower,0,16,10,4,30,0,2,10,6,18,0,18,20,10,48,12,0,12,60
11/29/2012,LSE,WI,AGL,CE,Federal Contract Tower,0,18,18,0,36,0,0,18,2,20,0,18,36,2,56,14,0,14,70
11/30/2012,LSE,WI,AGL,CE,Federal Contract Tower,0,18,7,0,25,0,0,4,1,5,0,18,11,1,30,0,0,0,30
12/01/2012,LSE,WI,AGL,CE,Federal Contract Tower,0,9,0,2,11,0,0,1,4,5,0,9,1,6,16,0,4,4,20
12/02/2012,LSE,WI,AGL,CE,Federal Contract Tower,0,20,9,0,29,0,1,1,0,2,0,21,10,0,31,0,0,0,31
12/03/2012,LSE,WI,AGL,CE,Federal Contract Tower,0,17,13,2,32,0,0,2,0,2,0,17,15,2,34,7,0,7,41
12/04/2012,LSE,WI,AGL,CE,Federal Contract Tower,0,16,8,0,24,0,0,15,7,22,0,16,23,7,46,14,8,22,68
12/05/2012,LSE,WI,AGL,CE,Federal Contract Tower,0,18,8,1,27,0,1,10,1,12,0,19,18,2,39,8,2,10,49
12/06/2012,LSE,WI,AGL,CE,Federal Contract Tower,0,20,8,0,28,0,0,10,0,10,0,20,18,0,38,0,0,0,38
12/07/2012,LSE,WI,AGL,CE,Federal Contract Tower,0,16,8,0,24,0,0,16,1,17,0,16,24,1,41,15,1,16,57
12/08/2012,LSE,WI,AGL,CE,Federal Contract Tower,0,10,4,0,14,0,1,26,2,29,0,11,30,2,43,32,0,32,75
12/09/2012,LSE,WI,AGL,CE,Federal Contract Tower,0,6,4,0,10,0,0,0,0,0,0,6,4,0,10,0,0,0,10
12/10/2012,LSE,WI,AGL,CE,Federal Contract Tower,0,17,9,0,26,0,0,10,0,10,0,17,19,0,36,0,0,0,36
12/11/2012,LSE,WI,AGL,CE,Federal Contract Tower,0,14,11,0,25,0,0,10,0,10,0,14,21,0,35,2,0,2,37
12/12/2012,LSE,WI,AGL,CE,Federal Contract Tower,0,15,9,0,24,0,0,7,2,9,0,15,16,2,33,0,0,0,33
12/13/2012,LSE,WI,AGL,CE,Federal Contract Tower,0,19,12,0,31,0,0,20,0,20,0,19,32,0,51,0,0,0,51
12/14/2012,LSE,WI,AGL,CE,Federal Contract Tower,0,16,7,0,23,0,0,24,0,24,0,16,31,0,47,34,0,34,81
12/15/2012,LSE,WI,AGL,CE,Federal Contract Tower,0,8,3,0,11,0,0,0,0,0,0,8,3,0,11,0,0,0,11
12/16/2012,LSE,WI,AGL,CE,Federal Contract Tower,0,13,2,0,15,0,0,0,0,0,0,13,2,0,15,0,0,0,15
12/17/2012,LSE,WI,AGL,CE,Federal Contract Tower,0,16,6,2,24,0,0,0,0,0,0,16,6,2,24,0,6,6,30
12/18/2012,LSE,WI,AGL,CE,Federal Contract Tower,0,14,8,0,22,0,0,2,0,2,0,14,10,0,24,0,0,0,24
12/19/2012,LSE,WI,AGL,CE,Federal Contract Tower,0,19,8,2,29,0,0,0,0,0,0,19,8,2,29,0,0,0,29
12/20/2012,LSE,WI,AGL,CE,Federal Contract Tower,0,7,0,0,7,0,0,0,0,0,0,7,0,0,7,0,0,0,7
12/21/2012,LSE,WI,AGL,CE,Federal Contract Tower,0,12,16,0,28,0,2,16,0,18,0,14,32,0,46,4,0,4,50
12/22/2012,LSE,WI,AGL,CE,Federal Contract Tower,0,9,6,0,15,0,0,34,0,34,0,9,40,0,49,10,0,10,59
12/23/2012,LSE,WI,AGL,CE,Federal Contract Tower,0,10,2,0,12,0,0,5,0,5,0,10,7,0,17,14,0,14,31
12/24/2012,LSE,WI,AGL,CE,Federal Contract Tower,0,9,2,0,11,0,0,0,0,0,0,9,2,0,11,0,0,0,11
12/25/2012,LSE,WI,AGL,CE,Federal Contract Tower,0,9,1,0,10,0,0,2,0,2,0,9,3,0,12,2,0,2,14
12/26/2012,LSE,WI,AGL,CE,Federal Contract Tower,0,15,1,0,16,0,2,12,0,14,0,17,13,0,30,4,8,12,42
12/27/2012,LSE,WI,AGL,CE,Federal Contract Tower,0,17,12,0,29,0,2,16,0,18,0,19,28,0,47,12,0,12,59
12/28/2012,LSE,WI,AGL,CE,Federal Contract Tower,0,14,2,0,16,0,0,0,0,0,0,14,2,0,16,0,0,0,16
12/29/2012,LSE,WI,AGL,CE,Federal Contract Tower,2,11,1,0,14,0,1,2,2,5,2,12,3,2,19,2,12,14,33
12/30/2012,LSE,WI,AGL,CE,Federal Contract Tower,0,9,6,0,15,0,0,12,0,12,0,9,18,0,27,0,0,0,27
12/31/2012,LSE,WI,AGL,CE,Federal Contract Tower,0,12,2,0,14,0,2,11,0,13,0,14,13,0,27,6,0,6,33
01/01/2013,LSE,WI,AGL,CE,Federal Contract Tower,0,11,2,0,13,0,1,9,4,14,0,12,11,4,27,12,18,30,57
01/02/2013,LSE,WI,AGL,CE,Federal Contract Tower,0,19,4,2,25,0,1,9,0,10,0,20,13,2,35,2,4,6,41
01/03/2013,LSE,WI,AGL,CE,Federal Contract Tower,0,18,2,1,21,0,0,0,0,0,0,18,2,1,21,4,0,4,25
01/04/2013,LSE,WI,AGL,CE,Federal Contract Tower,0,17,12,0,29,0,0,34,5,39,0,17,46,5,68,18,8,26,94
01/05/2013,LSE,WI,AGL,CE,Federal Contract Tower,0,11,2,2,15,0,8,27,4,39,0,19,29,6,54,52,26,78,132
01/06/2013,LSE,WI,AGL,CE,Federal Contract Tower,0,12,3,0,15,0,2,29,2,33,0,14,32,2,48,10,0,10,58
01/07/2013,LSE,WI,AGL,CE,Federal Contract Tower,0,18,12,2,32,0,4,6,2,12,0,22,18,4,44,24,8,32,76
01/08/2013,LSE,WI,AGL,CE,Federal Contract Tower,0,18,10,0,28,0,0,9,0,9,0,18,19,0,37,6,0,6,43
01/09/2013,LSE,WI,AGL,CE,Federal Contract Tower,0,18,12,0,30,0,3,9,0,12,0,21,21,0,42,18,0,18,60
01/10/2013,LSE,WI,AGL,CE,Federal Contract Tower,0,16,10,0,26,0,0,4,0,4,0,16,14,0,30,0,0,0,30
01/11/2013,LSE,WI,AGL,CE,Federal Contract Tower,0,12,5,2,19,0,0,0,0,0,0,12,5,2,19,0,0,0,19
01/12/2013,LSE,WI,AGL,CE,Federal Contract Tower,0,12,1,2,15,0,0,0,0,0,0,12,1,2,15,0,0,0,15
01/13/2013,LSE,WI,AGL,CE,Federal Contract Tower,0,13,6,2,21,0,0,4,0,4,0,13,10,2,25,2,0,2,27
01/14/2013,LSE,WI,AGL,CE,Federal Contract Tower,0,17,11,0,28,0,0,6,2,8,0,17,17,2,36,2,4,6,42
01/15/2013,LSE,WI,AGL,CE,Federal Contract Tower,0,13,6,1,20,0,3,14,2,19,0,16,20,3,39,16,0,16,55
01/16/2013,LSE,WI,AGL,CE,Federal Contract Tower,0,9,9,0,18,0,0,5,0,5,0,9,14,0,23,18,0,18,41
01/17/2013,LSE,WI,AGL,CE,Federal Contract Tower,0,17,14,0,31,0,0,19,0,19,0,17,33,0,50,14,2,16,66
01/18/2013,LSE,WI,AGL,CE,Federal Contract Tower,0,23,15,0,38,0,0,1,0,1,0,23,16,0,39,2,0,2,41
01/19/2013,LSE,WI,AGL,CE,Federal Contract Tower,0,9,1,1,11,0,0,15,4,19,0,9,16,5,30,10,4,14,44
01/20/2013,LSE,WI,AGL,CE,Federal Contract Tower,0,11,4,0,15,0,0,4,0,4,0,11,8,0,19,0,0,0,19
01/21/2013,LSE,WI,AGL,CE,Federal Contract Tower,0,15,4,1,20,0,0,2,1,3,0,15,6,2,23,0,0,0,23
01/22/2013,LSE,WI,AGL,CE,Federal Contract Tower,0,16,4,2,22,0,0,9,0,9,0,16,13,2,31,6,0,6,37
01/23/2013,LSE,WI,AGL,CE,Federal Contract Tower,0,15,3,0,18,0,0,0,0,0,0,15,3,0,18,0,0,0,18
01/24/2013,LSE,WI,AGL,CE,Federal Contract Tower,0,16,7,0,23,0,2,2,0,4,0,18,9,0,27,26,0,26,53
01/25/2013,LSE,WI,AGL,CE,Federal Contract Tower,0,14,5,0,19,0,0,0,0,0,0,14,5,0,19,0,0,0,19
01/26/2013,LSE,WI,AGL,CE,Federal Contract Tower,0,9,5,0,14,0,0,20,4,24,0,9,25,4,38,0,0,0,38
01/27/2013,LSE,WI,AGL,CE,Federal Contract Tower,0,4,4,0,8,0,0,0,0,0,0,4,4,0,8,0,0,0,8
01/28/2013,LSE,WI,AGL,CE,Federal Contract Tower,0,21,4,0,25,0,0,0,0,0,0,21,4,0,25,0,0,0,25
01/29/2013,LSE,WI,AGL,CE,Federal Contract Tower,0,16,5,0,21,0,0,0,0,0,0,16,5,0,21,0,0,0,21
01/30/2013,LSE,WI,AGL,CE,Federal Contract Tower,0,7,4,0,11,0,0,0,0,0,0,7,4,0,11,0,0,0,11
01/31/2013,LSE,WI,AGL,CE,Federal Contract Tower,0,16,10,2,28,0,1,2,0,3,0,17,12,2,31,2,0,2,33
02/01/2013,LSE,WI,AGL,CE,Federal Contract Tower,0,15,11,0,26,0,6,5,0,11,0,21,16,0,37,8,0,8,45
02/02/2013,LSE,WI,AGL,CE,Federal Contract Tower,0,10,6,0,16,0,0,2,0,2,0,10,8,0,18,0,0,0,18
02/03/2013,LSE,WI,AGL,CE,Federal Contract Tower,0,17,4,0,21,0,0,13,0,13,0,17,17,0,34,0,0,0,34
02/04/2013,LSE,WI,AGL,CE,Federal Contract Tower,0,10,10,0,20,0,0,19,0,19,0,10,29,0,39,2,0,2,41
02/05/2013,LSE,WI,AGL,CE,Federal Contract Tower,0,14,10,0,24,0,0,0,0,0,0,14,10,0,24,0,0,0,24
02/06/2013,LSE,WI,AGL,CE,Federal Contract Tower,0,15,6,0,21,0,0,5,0,5,0,15,11,0,26,4,0,4,30
02/07/2013,LSE,WI,AGL,CE,Federal Contract Tower,2,13,6,0,21,0,0,0,0,0,2,13,6,0,21,0,0,0,21
02/08/2013,LSE,WI,AGL,CE,Federal Contract Tower,0,20,11,0,31,0,7,66,1,74,0,27,77,1,105,48,0,48,153
02/09/2013,LSE,WI,AGL,CE,Federal Contract Tower,2,8,5,2,17,0,1,3,0,4,2,9,8,2,21,4,0,4,25
02/10/2013,LSE,WI,AGL,CE,Federal Contract Tower,0,11,2,1,14,0,0,0,0,0,0,11,2,1,14,0,0,0,14
02/11/2013,LSE,WI,AGL,CE,Federal Contract Tower,0,13,3,1,17,0,2,0,0,2,0,15,3,1,19,4,0,4,23
02/12/2013,LSE,WI,AGL,CE,Federal Contract Tower,0,14,8,1,23,0,2,16,0,18,0,16,24,1,41,8,0,8,49
02/13/2013,LSE,WI,AGL,CE,Federal Contract Tower,0,14,4,0,18,0,0,18,0,18,0,14,22,0,36,12,0,12,48
02/14/2013,LSE,WI,AGL,CE,Federal Contract Tower,0,17,8,0,25,0,0,0,0,0,0,17,8,0,25,0,0,0,25
02/15/2013,LSE,WI,AGL,CE,Federal Contract Tower,0,19,13,2,34,0,0,19,0,19,0,19,32,2,53,8,0,8,61
02/16/2013,LSE,WI,AGL,CE,Federal Contract Tower,0,8,3,0,11,0,2,16,12,30,0,10,19,12,41,24,0,24,65
02/17/2013,LSE,WI,AGL,CE,Federal Contract Tower,0,10,5,0,15,0,4,27,0,31,0,14,32,0,46,32,0,32,78
02/18/2013,LSE,WI,AGL,CE,Federal Contract Tower,0,14,10,0,24,0,0,2,0,2,0,14,12,0,26,4,0,4,30
02/19/2013,LSE,WI,AGL,CE,Federal Contract Tower,0,16,2,0,18,0,3,0,0,3,0,19,2,0,21,12,0,12,33
02/20/2013,LSE,WI,AGL,CE,Federal Contract Tower,0,15,16,0,31,0,2,25,0,27,0,17,41,0,58,14,0,14,72
02/21/2013,LSE,WI,AGL,CE,Federal Contract Tower,0,20,17,0,37,0,0,17,0,17,0,20,34,0,54,16,0,16,70
02/22/2013,LSE,WI,AGL,CE,Federal Contract Tower,0,12,1,0,13,0,0,0,0,0,0,12,1,0,13,0,0,0,13
02/23/2013,LSE,WI,AGL,CE,Federal Contract Tower,0,11,2,0,13,0,3,3,2,8,0,14,5,2,21,6,0,6,27
02/24/2013,LSE,WI,AGL,CE,Federal Contract Tower,0,11,4,0,15,0,0,33,2,35,0,11,37,2,50,18,2,20,70
02/25/2013,LSE,WI,AGL,CE,Federal Contract Tower,0,13,11,0,24,0,0,4,0,4,0,13,15,0,28,6,0,6,34
02/26/2013,LSE,WI,AGL,CE,Federal Contract Tower,0,17,8,1,26,0,0,4,0,4,0,17,12,1,30,4,2,6,36
02/27/2013,LSE,WI,AGL,CE,Federal Contract Tower,0,14,4,0,18,0,0,0,0,0,0,14,4,0,18,0,0,0,18
02/28/2013,LSE,WI,AGL,CE,Federal Contract Tower,0,17,11,0,28,0,0,5,0,5,0,17,16,0,33,0,0,0,33
03/01/2013,LSE,WI,AGL,CE,Federal Contract Tower,0,12,5,0,17,0,0,9,0,9,0,12,14,0,26,20,0,20,46
03/02/2013,LSE,WI,AGL,CE,Federal Contract Tower,0,11,2,0,13,0,2,38,3,43,0,13,40,3,56,18,2,20,76
03/03/2013,LSE,WI,AGL,CE,Federal Contract Tower,0,16,2,2,20,0,6,39,3,48,0,22,41,5,68,34,0,34,102
03/04/2013,LSE,WI,AGL,CE,Federal Contract Tower,0,16,7,1,24,0,0,2,0,2,0,16,9,1,26,0,0,0,26
03/05/2013,LSE,WI,AGL,CE,Federal Contract Tower,0,8,0,0,8,0,0,0,0,0,0,8,0,0,8,0,0,0,8
03/06/2013,LSE,WI,AGL,CE,Federal Contract Tower,0,15,2,3,20,0,0,8,0,8,0,15,10,3,28,2,0,2,30
03/07/2013,LSE,WI,AGL,CE,Federal Contract Tower,2,16,14,0,32,0,0,20,0,20,2,16,34,0,52,26,0,26,78
03/08/2013,LSE,WI,AGL,CE,Federal Contract Tower,0,16,8,0,24,0,0,22,1,23,0,16,30,1,47,24,2,26,73
03/09/2013,LSE,WI,AGL,CE,Federal Contract Tower,0,11,2,0,13,0,0,0,0,0,0,11,2,0,13,0,0,0,13
03/10/2013,LSE,WI,AGL,CE,Federal Contract Tower,4,11,4,0,19,0,0,0,0,0,4,11,4,0,19,0,0,0,19
03/11/2013,LSE,WI,AGL,CE,Federal Contract Tower,0,17,4,0,21,0,0,0,0,0,0,17,4,0,21,0,0,0,21
03/12/2013,LSE,WI,AGL,CE,Federal Contract Tower,0,16,3,2,21,0,0,0,0,0,0,16,3,2,21,0,0,0,21
03/13/2013,LSE,WI,AGL,CE,Federal Contract Tower,2,17,10,0,29,0,3,8,3,14,2,20,18,3,43,18,6,24,67
03/14/2013,LSE,WI,AGL,CE,Federal Contract Tower,2,17,11,1,31,0,2,12,1,15,2,19,23,2,46,12,0,12,58
03/15/2013,LSE,WI,AGL,CE,Federal Contract Tower,0,14,5,0,19,0,0,0,0,0,0,14,5,0,19,0,0,0,19
03/16/2013,LSE,WI,AGL,CE,Federal Contract Tower,0,11,5,1,17,0,0,3,0,3,0,11,8,1,20,0,0,0,20
03/17/2013,LSE,WI,AGL,CE,Federal Contract Tower,0,14,5,1,20,0,0,22,3,25,0,14,27,4,45,14,16,30,75
03/18/2013,LSE,WI,AGL,CE,Federal Contract Tower,0,7,3,0,10,0,0,0,0,0,0,7,3,0,10,0,0,0,10
03/19/2013,LSE,WI,AGL,CE,Federal Contract Tower,0,17,8,4,29,0,6,4,0,10,0,23,12,4,39,24,0,24,63
03/20/2013,LSE,WI,AGL,CE,Federal Contract Tower,0,17,11,1,29,0,2,1,4,7,0,19,12,5,36,6,4,10,46
03/21/2013,LSE,WI,AGL,CE,Federal Contract Tower,0,21,4,2,27,0,0,22,5,27,0,21,26,7,54,14,6,20,74
03/22/2013,LSE,WI,AGL,CE,Federal Contract Tower,0,15,10,6,31,0,1,34,10,45,0,16,44,16,76,32,20,52,128
03/23/2013,LSE,WI,AGL,CE,Federal Contract Tower,0,11,4,0,15,0,0,30,5,35,0,11,34,5,50,32,0,32,82
03/24/2013,LSE,WI,AGL,CE,Federal Contract Tower,0,11,0,0,11,0,0,0,0,0,0,11,0,0,11,0,0,0,11
03/25/2013,LSE,WI,AGL,CE,Federal Contract Tower,0,9,15,3,27,0,2,7,1,10,0,11,22,4,37,6,2,8,45
03/26/2013,LSE,WI,AGL,CE,Federal Contract Tower,0,16,7,0,23,0,4,7,1,12,0,20,14,1,35,8,0,8,43
03/27/2013,LSE,WI,AGL,CE,Federal Contract Tower,0,15,10,0,25,0,4,6,0,10,0,19,16,0,35,10,0,10,45
03/28/2013,LSE,WI,AGL,CE,Federal Contract Tower,0,18,13,0,31,0,0,15,0,15,0,18,28,0,46,24,0,24,70
03/29/2013,LSE,WI,AGL,CE,Federal Contract Tower,0,16,10,0,26,0,2,26,5,33,0,18,36,5,59,12,2,14,73
03/30/2013,LSE,WI,AGL,CE,Federal Contract Tower,0,10,3,0,13,0,2,5,0,7,0,12,8,0,20,2,0,2,22
03/31/2013,LSE,WI,AGL,CE,Federal Contract Tower,1,13,3,1,18,0,1,16,1,18,1,14,19,2,36,14,2,16,52
04/01/2013,LSE,WI,AGL,CE,Federal Contract Tower,0,18,9,2,29,0,0,16,0,16,0,18,25,2,45,8,0,8,53
04/02/2013,LSE,WI,AGL,CE,Federal Contract Tower,0,25,16,0,41,0,0,11,0,11,0,25,27,0,52,2,0,2,54
04/03/2013,LSE,WI,AGL,CE,Federal Contract Tower,0,19,7,0,26,0,2,31,0,33,0,21,38,0,59,16,0,16,75
04/04/2013,LSE,WI,AGL,CE,Federal Contract Tower,0,17,8,0,25,0,0,12,0,12,0,17,20,0,37,12,0,12,49
04/05/2013,LSE,WI,AGL,CE,Federal Contract Tower,2,18,10,0,30,0,0,36,0,36,2,18,46,0,66,10,2,12,78
04/06/2013,LSE,WI,AGL,CE,Federal Contract Tower,0,13,4,0,17,0,0,6,0,6,0,13,10,0,23,0,0,0,23
04/07/2013,LSE,WI,AGL,CE,Federal Contract Tower,0,18,4,0,22,0,2,14,0,16,0,20,18,0,38,14,0,14,52
04/08/2013,LSE,WI,AGL,CE,Federal Contract Tower,0,17,3,0,20,0,2,2,0,4,0,19,5,0,24,6,0,6,30
04/09/2013,LSE,WI,AGL,CE,Federal Contract Tower,0,16,10,0,26,0,0,0,0,0,0,16,10,0,26,0,0,0,26
04/10/2013,LSE,WI,AGL,CE,Federal Contract Tower,0,18,7,0,25,0,0,0,0,0,0,18,7,0,25,0,0,0,25
04/11/2013,LSE,WI,AGL,CE,Federal Contract Tower,0,16,1,0,17,0,0,0,0,0,0,16,1,0,17,0,0,0,17
04/12/2013,LSE,WI,AGL,CE,Federal Contract Tower,2,15,10,0,27,0,0,2,0,2,2,15,12,0,29,0,0,0,29
04/13/2013,LSE,WI,AGL,CE,Federal Contract Tower,3,13,0,0,16,0,0,7,0,7,3,13,7,0,23,0,0,0,23
04/14/2013,LSE,WI,AGL,CE,Federal Contract Tower,0,20,7,0,27,0,0,0,0,0,0,20,7,0,27,0,0,0,27
04/15/2013,LSE,WI,AGL,CE,Federal Contract Tower,0,17,9,2,28,0,2,16,1,19,0,19,25,3,47,32,0,32,79
04/16/2013,LSE,WI,AGL,CE,Federal Contract Tower,0,18,9,2,29,0,0,19,0,19,0,18,28,2,48,8,8,16,64
04/17/2013,LSE,WI,AGL,CE,Federal Contract Tower,0,11,6,2,19,0,0,0,2,2,0,11,6,4,21,0,32,32,53
04/18/2013,LSE,WI,AGL,CE,Federal Contract Tower,2,15,6,0,23,0,0,0,0,0,2,15,6,0,23,0,0,0,23
04/19/2013,LSE,WI,AGL,CE,Federal Contract Tower,0,20,4,4,28,0,1,0,0,1,0,21,4,4,29,0,0,0,29
04/20/2013,LSE,WI,AGL,CE,Federal Contract Tower,0,14,0,0,14,0,10,42,0,52,0,24,42,0,66,40,0,40,106
04/21/2013,LSE,WI,AGL,CE,Federal Contract Tower,0,17,5,0,22,0,0,2,0,2,0,17,7,0,24,0,0,0,24
04/22/2013,LSE,WI,AGL,CE,Federal Contract Tower,0,23,15,0,38,0,0,4,0,4,0,23,19,0,42,0,0,0,42
04/23/2013,LSE,WI,AGL,CE,Federal Contract Tower,0,20,6,0,26,0,0,3,0,3,0,20,9,0,29,2,0,2,31
04/24/2013,LSE,WI,AGL,CE,Federal Contract Tower,0,19,17,0,36,0,1,27,4,32,0,20,44,4,68,8,4,12,80
04/25/2013,LSE,WI,AGL,CE,Federal Contract Tower,0,20,13,1,34,0,0,18,0,18,0,20,31,1,52,14,0,14,66
04/26/2013,LSE,WI,AGL,CE,Federal Contract Tower,0,19,12,0,31,0,0,0,0,0,0,19,12,0,31,4,0,4,35
04/27/2013,LSE,WI,AGL,CE,Federal Contract Tower,11,13,6,0,30,0,0,42,3,45,11,13,48,3,75,16,4,20,95
04/28/2013,LSE,WI,AGL,CE,Federal Contract Tower,0,17,3,0,20,0,2,33,0,35,0,19,36,0,55,20,20,40,95
04/29/2013,LSE,WI,AGL,CE,Federal Contract Tower,0,20,2,0,22,0,0,15,0,15,0,20,17,0,37,2,0,2,39
04/30/2013,LSE,WI,AGL,CE,Federal Contract Tower,0,21,8,0,29,0,4,11,2,17,0,25,19,2,46,10,2,12,58
05/01/2013,LSE,WI,AGL,CE,Federal Contract Tower,0,22,7,0,29,0,0,28,0,28,0,22,35,0,57,0,0,0,57
05/02/2013,LSE,WI,AGL,CE,Federal Contract Tower,0,23,5,0,28,0,0,0,0,0,0,23,5,0,28,0,0,0,28
05/03/2013,LSE,WI,AGL,CE,Federal Contract Tower,0,15,8,0,23,0,0,0,0,0,0,15,8,0,23,0,0,0,23
05/04/2013,LSE,WI,AGL,CE,Federal Contract Tower,7,16,3,0,26,0,1,10,2,13,7,17,13,2,39,6,0,6,45
05/05/2013,LSE,WI,AGL,CE,Federal Contract Tower,0,18,8,0,26,0,0,58,8,66,0,18,66,8,92,16,10,26,118
05/06/2013,LSE,WI,AGL,CE,Federal Contract Tower,0,22,6,0,28,0,1,16,0,17,0,23,22,0,45,6,0,6,51
05/07/2013,LSE,WI,AGL,CE,Federal Contract Tower,0,20,8,0,28,0,0,15,0,15,0,20,23,0,43,6,0,6,49
05/08/2013,LSE,WI,AGL,CE,Federal Contract Tower,0,23,15,2,40,0,1,29,0,30,0,24,44,2,70,42,0,42,112
05/09/2013,LSE,WI,AGL,CE,Federal Contract Tower,0,20,7,0,27,0,0,0,0,0,0,20,7,0,27,0,0,0,27
05/10/2013,LSE,WI,AGL,CE,Federal Contract Tower,0,17,18,3,38,0,0,27,3,30,0,17,45,6,68,8,2,10,78
05/11/2013,LSE,WI,AGL,CE,Federal Contract Tower,2,18,3,3,26,0,2,10,8,20,2,20,13,11,46,6,0,6,52
05/12/2013,LSE,WI,AGL,CE,Federal Contract Tower,0,21,7,0,28,0,3,18,2,23,0,24,25,2,51,10,0,10,61
05/13/2013,LSE,WI,AGL,CE,Federal Contract Tower,0,24,10,0,34,0,3,16,0,19,0,27,26,0,53,0,0,0,53
05/14/2013,LSE,WI,AGL,CE,Federal Contract Tower,2,22,12,0,36,0,2,23,0,25,2,24,35,0,61,6,0,6,67
05/15/2013,LSE,WI,AGL,CE,Federal Contract Tower,2,20,16,0,38,0,1,35,2,38,2,21,51,2,76,4,4,8,84
05/16/2013,LSE,WI,AGL,CE,Federal Contract Tower,3,21,10,2,36,0,1,33,2,36,3,22,43,4,72,16,4,20,92
05/17/2013,LSE,WI,AGL,CE,Federal Contract Tower,16,17,4,2,39,0,0,0,2,2,16,17,4,4,41,0,0,0,41
05/18/2013,LSE,WI,AGL,CE,Federal Contract Tower,0,19,3,1,23,0,0,36,16,52,0,19,39,17,75,42,0,42,117
05/19/2013,LSE,WI,AGL,CE,Federal Contract Tower,0,16,12,0,28,0,0,0,0,0,0,16,12,0,28,6,0,6,34
05/20/2013,LSE,WI,AGL,CE,Federal Contract Tower,0,16,6,0,22,0,0,9,0,9,0,16,15,0,31,2,0,2,33
05/21/2013,LSE,WI,AGL,CE,Federal Contract Tower,0,23,7,0,30,0,0,2,0,2,0,23,9,0,32,0,0,0,32
05/22/2013,LSE,WI,AGL,CE,Federal Contract Tower,2,15,5,0,22,0,0,2,0,2,2,15,7,0,24,0,0,0,24
05/23/2013,LSE,WI,AGL,CE,Federal Contract Tower,0,23,8,0,31,4,1,14,0,19,4,24,22,0,50,18,0,18,68
05/24/2013,LSE,WI,AGL,CE,Federal Contract Tower,0,19,8,0,27,0,0,42,0,42,0,19,50,0,69,22,0,22,91
05/25/2013,LSE,WI,AGL,CE,Federal Contract Tower,2,18,4,0,24,0,2,12,0,14,2,20,16,0,38,18,0,18,56
05/26/2013,LSE,WI,AGL,CE,Federal Contract Tower,0,11,1,0,12,0,0,9,0,9,0,11,10,0,21,2,0,2,23
05/27/2013,LSE,WI,AGL,CE,Federal Contract Tower,0,15,4,0,19,0,0,2,0,2,0,15,6,0,21,0,0,0,21
05/28/2013,LSE,WI,AGL,CE,Federal Contract Tower,0,20,8,0,28,0,0,1,0,1,0,20,9,0,29,0,0,0,29
05/29/2013,LSE,WI,AGL,CE,Federal Contract Tower,0,19,10,6,35,0,0,6,8,14,0,19,16,14,49,0,8,8,57
05/30/2013,LSE,WI,AGL,CE,Federal Contract Tower,0,16,4,0,20,0,2,4,0,6,0,18,8,0,26,10,2,12,38
05/31/2013,LSE,WI,AGL,CE,Federal Contract Tower,0,21,9,2,32,0,0,3,0,3,0,21,12,2,35,4,0,4,39
06/01/2013,LSE,WI,AGL,CE,Federal Contract Tower,0,16,6,0,22,0,0,15,2,17,0,16,21,2,39,12,0,12,51
06/02/2013,LSE,WI,AGL,CE,Federal Contract Tower,0,20,11,0,31,0,0,25,3,28,0,20,36,3,59,20,4,24,83
06/03/2013,LSE,WI,AGL,CE,Federal Contract Tower,0,20,5,0,25,0,0,70,0,70,0,20,75,0,95,18,2,20,115
06/04/2013,LSE,WI,AGL,CE,Federal Contract Tower,0,20,11,0,31,0,0,0,0,0,0,20,11,0,31,0,0,0,31
06/05/2013,LSE,WI,AGL,CE,Federal Contract Tower,0,22,12,5,39,0,0,0,0,0,0,22,12,5,39,0,0,0,39
06/06/2013,LSE,WI,AGL,CE,Federal Contract Tower,0,20,10,2,32,0,0,0,0,0,0,20,10,2,32,0,2,2,34
06/07/2013,LSE,WI,AGL,CE,Federal Contract Tower,0,23,9,2,34,0,5,22,3,30,0,28,31,5,64,14,6,20,84
06/08/2013,LSE,WI,AGL,CE,Federal Contract Tower,8,15,3,0,26,0,3,46,7,56,8,18,49,7,82,18,6,24,106
06/09/2013,LSE,WI,AGL,CE,Federal Contract Tower,0,20,1,0,21,0,0,1,2,3,0,20,2,2,24,0,4,4,28
06/10/2013,LSE,WI,AGL,CE,Federal Contract Tower,0,17,13,0,30,0,0,12,0,12,0,17,25,0,42,10,0,10,52
06/11/2013,LSE,WI,AGL,CE,Federal Contract Tower,0,22,12,0,34,0,4,25,1,30,0,26,37,1,64,6,14,20,84
06/12/2013,LSE,WI,AGL,CE,Federal Contract Tower,0,19,6,0,25,0,0,1,0,1,0,19,7,0,26,0,0,0,26
06/13/2013,LSE,WI,AGL,CE,Federal Contract Tower,0,24,8,0,32,0,0,42,8,50,0,24,50,8,82,30,0,30,112
06/14/2013,LSE,WI,AGL,CE,Federal Contract Tower,0,25,8,1,34,0,0,0,0,0,0,25,8,1,34,22,0,22,56
06/15/2013,LSE,WI,AGL,CE,Federal Contract Tower,12,19,5,0,36,0,0,4,0,4,12,19,9,0,40,2,2,4,44
06/16/2013,LSE,WI,AGL,CE,Federal Contract Tower,0,21,6,0,27,0,0,30,0,30,0,21,36,0,57,0,0,0,57
06/17/2013,LSE,WI,AGL,CE,Federal Contract Tower,0,21,10,4,35,0,0,18,3,21,0,21,28,7,56,40,6,46,102
06/18/2013,LSE,WI,AGL,CE,Federal Contract Tower,2,24,11,6,43,0,5,25,4,34,2,29,36,10,77,22,0,22,99
06/19/2013,LSE,WI,AGL,CE,Federal Contract Tower,0,22,9,0,31,0,4,28,2,34,0,26,37,2,65,12,2,14,79
06/20/2013,LSE,WI,AGL,CE,Federal Contract Tower,1,29,8,2,40,0,1,24,0,25,1,30,32,2,65,16,0,16,81
06/21/2013,LSE,WI,AGL,CE,Federal Contract Tower,3,18,7,0,28,0,0,8,0,8,3,18,15,0,36,10,0,10,46
06/22/2013,LSE,WI,AGL,CE,Federal Contract Tower,2,17,7,2,28,0,1,4,1,6,2,18,11,3,34,6,0,6,40
06/23/2013,LSE,WI,AGL,CE,Federal Contract Tower,2,17,3,0,22,0,0,6,0,6,2,17,9,0,28,0,0,0,28
06/24/2013,LSE,WI,AGL,CE,Federal Contract Tower,0,20,11,1,32,0,2,10,1,13,0,22,21,2,45,14,0,14,59
06/25/2013,LSE,WI,AGL,CE,Federal Contract Tower,0,17,6,0,23,0,0,7,0,7,0,17,13,0,30,0,0,0,30
06/26/2013,LSE,WI,AGL,CE,Federal Contract Tower,0,18,6,2,26,0,0,8,0,8,0,18,14,2,34,6,4,10,44
06/27/2013,LSE,WI,AGL,CE,Federal Contract Tower,0,24,14,2,40,0,0,20,5,25,0,24,34,7,65,10,4,14,79
06/28/2013,LSE,WI,AGL,CE,Federal Contract Tower,10,23,6,2,41,0,0,20,0,20,10,23,26,2,61,18,0,18,79
06/29/2013,LSE,WI,AGL,CE,Federal Contract Tower,0,19,7,0,26,0,0,2,0,2,0,19,9,0,28,4,0,4,32
06/30/2013,LSE,WI,AGL,CE,Federal Contract Tower,0,18,3,0,21,0,2,52,0,54,0,20,55,0,75,24,0,24,99
07/01/2013,LSE,WI,AGL,CE,Federal Contract Tower,0,16,2,0,18,0,4,28,0,32,0,20,30,0,50,40,0,40,90
07/02/2013,LSE,WI,AGL,CE,Federal Contract Tower,0,20,6,0,26,0,1,48,0,49,0,21,54,0,75,22,0,22,97
07/03/2013,LSE,WI,AGL,CE,Federal Contract Tower,0,20,15,2,37,0,0,35,0,35,0,20,50,2,72,6,4,10,82
07/04/2013,LSE,WI,AGL,CE,Federal Contract Tower,0,12,6,0,18,0,0,22,0,22,0,12,28,0,40,0,0,0,40
07/05/2013,LSE,WI,AGL,CE,Federal Contract Tower,2,18,2,0,22,0,0,23,2,25,2,18,25,2,47,14,12,26,73
07/06/2013,LSE,WI,AGL,CE,Federal Contract Tower,0,19,6,0,25,0,0,33,3,36,0,19,39,3,61,10,0,10,71
07/07/2013,LSE,WI,AGL,CE,Federal Contract Tower,1,21,3,0,25,0,0,25,9,34,1,21,28,9,59,4,16,20,79
07/08/2013,LSE,WI,AGL,CE,Federal Contract Tower,2,22,9,0,33,0,0,11,3,14,2,22,20,3,47,24,0,24,71
07/09/2013,LSE,WI,AGL,CE,Federal Contract Tower,0,17,12,0,29,0,0,9,0,9,0,17,21,0,38,0,0,0,38
07/10/2013,LSE,WI,AGL,CE,Federal Contract Tower,2,21,11,0,34,0,1,30,4,35,2,22,41,4,69,0,0,0,69
07/11/2013,LSE,WI,AGL,CE,Federal Contract Tower,0,20,15,2,37,0,1,32,6,39,0,21,47,8,76,32,12,44,120
07/12/2013,LSE,WI,AGL,CE,Federal Contract Tower,0,18,18,0,36,0,3,22,0,25,0,21,40,0,61,10,0,10,71
07/13/2013,LSE,WI,AGL,CE,Federal Contract Tower,8,18,3,4,33,0,0,23,4,27,8,18,26,8,60,0,4,4,64
07/14/2013,LSE,WI,AGL,CE,Federal Contract Tower,6,28,7,2,43,0,1,24,6,31,6,29,31,8,74,4,6,10,84
07/15/2013,LSE,WI,AGL,CE,Federal Contract Tower,0,22,3,1,26,0,1,19,2,22,0,23,22,3,48,20,8,28,76
07/16/2013,LSE,WI,AGL,CE,Federal Contract Tower,2,25,10,0,37,0,0,20,0,20,2,25,30,0,57,8,0,8,65
07/17/2013,LSE,WI,AGL,CE,Federal Contract Tower,0,22,10,2,34,0,0,23,2,25,0,22,33,4,59,26,4,30,89
07/18/2013,LSE,WI,AGL,CE,Federal Contract Tower,0,22,12,0,34,0,1,19,0,20,0,23,31,0,54,6,12,18,72
07/19/2013,LSE,WI,AGL,CE,Federal Contract Tower,0,22,9,4,35,0,0,20,5,25,0,22,29,9,60,12,16,28,88
07/20/2013,LSE,WI,AGL,CE,Federal Contract Tower,0,16,8,0,24,0,3,37,7,47,0,19,45,7,71,6,6,12,83
07/21/2013,LSE,WI,AGL,CE,Federal Contract Tower,2,15,10,0,27,0,0,16,0,16,2,15,26,0,43,0,0,0,43
07/22/2013,LSE,WI,AGL,CE,Federal Contract Tower,0,24,9,2,35,0,2,10,0,12,0,26,19,2,47,0,0,0,47
07/23/2013,LSE,WI,AGL,CE,Federal Contract Tower,0,23,20,5,48,0,0,30,4,34,0,23,50,9,82,0,8,8,90
07/24/2013,LSE,WI,AGL,CE,Federal Contract Tower,0,23,6,0,29,0,0,30,0,30,0,23,36,0,59,8,0,8,67
07/25/2013,LSE,WI,AGL,CE,Federal Contract Tower,0,22,9,0,31,0,0,15,0,15,0,22,24,0,46,0,0,0,46
07/26/2013,LSE,WI,AGL,CE,Federal Contract Tower,0,22,7,2,31,0,3,27,6,36,0,25,34,8,67,30,12,42,109
07/27/2013,LSE,WI,AGL,CE,Federal Contract Tower,1,19,12,0,32,0,0,36,0,36,1,19,48,0,68,22,0,22,90
07/28/2013,LSE,WI,AGL,CE,Federal Contract Tower,3,21,17,0,41,0,0,37,0,37,3,21,54,0,78,0,0,0,78
07/29/2013,LSE,WI,AGL,CE,Federal Contract Tower,1,21,4,3,29,0,0,34,1,35,1,21,38,4,64,12,0,12,76
07/30/2013,LSE,WI,AGL,CE,Federal Contract Tower,0,21,16,0,37,0,1,24,4,29,0,22,40,4,66,14,0,14,80
07/31/2013,LSE,WI,AGL,CE,Federal Contract Tower,0,23,13,2,38,0,0,6,0,6,0,23,19,2,44,8,0,8,52
08/01/2013,LSE,WI,AGL,CE,Federal Contract Tower,3,25,15,0,43,0,5,34,0,39,3,30,49,0,82,38,0,38,120
08/02/2013,LSE,WI,AGL,CE,Federal Contract Tower,9,21,11,0,41,0,0,22,4,26,9,21,33,4,67,0,4,4,71
08/03/2013,LSE,WI,AGL,CE,Federal Contract Tower,18,19,5,0,42,0,2,38,0,40,18,21,43,0,82,24,0,24,106
08/04/2013,LSE,WI,AGL,CE,Federal Contract Tower,4,24,5,2,35,0,0,34,0,34,4,24,39,2,69,12,0,12,81
08/05/2013,LSE,WI,AGL,CE,Federal Contract Tower,0,25,7,2,34,0,3,7,0,10,0,28,14,2,44,6,0,6,50
08/06/2013,LSE,WI,AGL,CE,Federal Contract Tower,0,22,8,2,32,0,2,21,1,24,0,24,29,3,56,12,20,32,88
08/07/2013,LSE,WI,AGL,CE,Federal Contract Tower,0,30,14,0,44,0,0,7,5,12,0,30,21,5,56,2,10,12,68
08/08/2013,LSE,WI,AGL,CE,Federal Contract Tower,0,27,12,0,39,0,0,25,3,28,0,27,37,3,67,0,4,4,71
08/09/2013,LSE,WI,AGL,CE,Federal Contract Tower,4,28,19,0,51,0,0,53,7,60,4,28,72,7,111,6,4,10,121
08/10/2013,LSE,WI,AGL,CE,Federal Contract Tower,2,19,1,0,22,0,0,89,3,92,2,19,90,3,114,48,2,50,164
08/11/2013,LSE,WI,AGL,CE,Federal Contract Tower,0,20,3,0,23,0,0,11,0,11,0,20,14,0,34,30,0,30,64
08/12/2013,LSE,WI,AGL,CE,Federal Contract Tower,0,21,7,0,28,0,0,18,2,20,0,21,25,2,48,20,10,30,78
08/13/2013,LSE,WI,AGL,CE,Federal Contract Tower,0,24,5,0,29,0,1,24,6,31,0,25,29,6,60,10,10,20,80
08/14/2013,LSE,WI,AGL,CE,Federal Contract Tower,0,19,18,6,43,0,4,15,0,19,0,23,33,6,62,6,0,6,68
08/15/2013,LSE,WI,AGL,CE,Federal Contract Tower,1,23,10,0,34,0,0,29,7,36,1,23,39,7,70,6,0,6,76
08/16/2013,LSE,WI,AGL,CE,Federal Contract Tower,3,24,10,0,37,0,0,24,0,24,3,24,34,0,61,16,0,16,77
08/17/2013,LSE,WI,AGL,CE,Federal Contract Tower,0,21,6,0,27,0,1,27,4,32,0,22,33,4,59,14,0,14,73
08/18/2013,LSE,WI,AGL,CE,Federal Contract Tower,0,22,2,0,24,0,0,27,0,27,0,22,29,0,51,10,0,10,61
08/19/2013,LSE,WI,AGL,CE,Federal Contract Tower,0,21,12,0,33,0,1,19,0,20,0,22,31,0,53,6,0,6,59
08/20/2013,LSE,WI,AGL,CE,Federal Contract Tower,0,22,10,2,34,0,0,7,2,9,0,22,17,4,43,10,0,10,53
08/21/2013,LSE,WI,AGL,CE,Federal Contract Tower,1,20,16,0,37,0,0,8,0,8,1,20,24,0,45,0,0,0,45
08/22/2013,LSE,WI,AGL,CE,Federal Contract Tower,3,19,13,0,35,0,0,13,2,15,3,19,26,2,50,4,0,4,54
08/23/2013,LSE,WI,AGL,CE,Federal Contract Tower,9,26,16,0,51,0,0,19,1,20,9,26,35,1,71,2,0,2,73
08/24/2013,LSE,WI,AGL,CE,Federal Contract Tower,0,19,3,0,22,0,0,18,0,18,0,19,21,0,40,0,0,0,40
08/25/2013,LSE,WI,AGL,CE,Federal Contract Tower,0,20,10,0,30,0,4,16,0,20,0,24,26,0,50,4,0,4,54
08/26/2013,LSE,WI,AGL,CE,Federal Contract Tower,1,23,5,4,33,0,0,17,3,20,1,23,22,7,53,4,6,10,63
08/27/2013,LSE,WI,AGL,CE,Federal Contract Tower,0,22,8,1,31,0,2,18,2,22,0,24,26,3,53,12,4,16,69
08/28/2013,LSE,WI,AGL,CE,Federal Contract Tower,0,21,11,0,32,0,1,6,0,7,0,22,17,0,39,2,0,2,41
08/29/2013,LSE,WI,AGL,CE,Federal Contract Tower,0,23,10,0,33,0,0,9,2,11,0,23,19,2,44,18,0,18,62
08/30/2013,LSE,WI,AGL,CE,Federal Contract Tower,2,20,12,0,34,0,0,12,0,12,2,20,24,0,46,2,0,2,48
08/31/2013,LSE,WI,AGL,CE,Federal Contract Tower,0,14,5,0,19,0,0,25,2,27,0,14,30,2,46,10,0,10,56
09/01/2013,LSE,WI,AGL,CE,Federal Contract Tower,0,11,3,0,14,0,1,5,2,8,0,12,8,2,22,2,0,2,24
09/02/2013,LSE,WI,AGL,CE,Federal Contract Tower,0,17,4,1,22,0,0,34,0,34,0,17,38,1,56,20,8,28,84
09/03/2013,LSE,WI,AGL,CE,Federal Contract Tower,0,20,2,0,22,0,1,15,2,18,0,21,17,2,40,8,0,8,48
09/04/2013,LSE,WI,AGL,CE,Federal Contract Tower,0,21,10,0,31,0,0,16,3,19,0,21,26,3,50,18,2,20,70
09/05/2013,LSE,WI,AGL,CE,Federal Contract Tower,0,23,10,0,33,0,0,15,2,17,0,23,25,2,50,6,2,8,58
09/06/2013,LSE,WI,AGL,CE,Federal Contract Tower,0,22,9,2,33,0,0,25,4,29,0,22,34,6,62,4,10,14,76
09/07/2013,LSE,WI,AGL,CE,Federal Contract Tower,2,15,7,0,24,0,0,35,5,40,2,15,42,5,64,26,6,32,96
09/08/2013,LSE,WI,AGL,CE,Federal Contract Tower,0,17,18,5,40,0,0,24,2,26,0,17,42,7,66,0,6,6,72
09/09/2013,LSE,WI,AGL,CE,Federal Contract Tower,2,21,7,4,34,0,2,5,2,9,2,23,12,6,43,4,4,8,51
09/10/2013,LSE,WI,AGL,CE,Federal Contract Tower,0,20,4,0,24,0,4,23,2,29,0,24,27,2,53,16,0,16,69
09/11/2013,LSE,WI,AGL,CE,Federal Contract Tower,0,18,4,0,22,0,2,20,0,22,0,20,24,0,44,4,0,4,48
09/12/2013,LSE,WI,AGL,CE,Federal Contract Tower,2,32,12,2,48,0,2,10,0,12,2,34,22,2,60,6,0,6,66
09/13/2013,LSE,WI,AGL,CE,Federal Contract Tower,0,29,4,0,33,0,0,36,1,37,0,29,40,1,70,20,0,20,90
09/14/2013,LSE,WI,AGL,CE,Federal Contract Tower,0,17,6,0,23,0,4,57,5,66,0,21,63,5,89,22,0,22,111
09/15/2013,LSE,WI,AGL,CE,Federal Contract Tower,0,23,7,0,30,0,0,5,0,5,0,23,12,0,35,4,0,4,39
09/16/2013,LSE,WI,AGL,CE,Federal Contract Tower,0,16,6,1,23,0,0,22,1,23,0,16,28,2,46,14,0,14,60
09/17/2013,LSE,WI,AGL,CE,Federal Contract Tower,0,22,10,0,32,0,9,13,0,22,0,31,23,0,54,28,0,28,82
09/18/2013,LSE,WI,AGL,CE,Federal Contract Tower,0,18,6,0,24,0,2,5,0,7,0,20,11,0,31,4,0,4,35
09/19/2013,LSE,WI,AGL,CE,Federal Contract Tower,2,19,5,0,26,0,0,3,0,3,2,19,8,0,29,0,0,0,29
09/20/2013,LSE,WI,AGL,CE,Federal Contract Tower,0,23,22,0,45,0,0,5,4,9,0,23,27,4,54,0,4,4,58
09/21/2013,LSE,WI,AGL,CE,Federal Contract Tower,1,16,10,0,27,0,2,36,7,45,1,18,46,7,72,6,2,8,80
09/22/2013,LSE,WI,AGL,CE,Federal Contract Tower,0,20,8,0,28,0,1,35,2,38,0,21,43,2,66,18,8,26,92
09/23/2013,LSE,WI,AGL,CE,Federal Contract Tower,0,24,6,1,31,0,0,19,0,19,0,24,25,1,50,0,0,0,50
09/24/2013,LSE,WI,AGL,CE,Federal Contract Tower,0,21,11,1,33,0,0,21,2,23,0,21,32,3,56,0,0,0,56
09/25/2013,LSE,WI,AGL,CE,Federal Contract Tower,0,21,16,0,37,0,0,22,0,22,0,21,38,0,59,6,0,6,65
09/26/2013,LSE,WI,AGL,CE,Federal Contract Tower,0,23,9,0,32,0,0,11,4,15,0,23,20,4,47,0,4,4,51
09/27/2013,LSE,WI,AGL,CE,Federal Contract Tower,0,23,14,0,37,0,0,24,0,24,0,23,38,0,61,2,0,2,63
09/28/2013,LSE,WI,AGL,CE,Federal Contract Tower,0,15,7,0,22,0,0,8,0,8,0,15,15,0,30,0,0,0,30
09/29/2013,LSE,WI,AGL,CE,Federal Contract Tower,0,20,9,0,29,0,1,19,0,20,0,21,28,0,49,4,0,4,53
09/30/2013,LSE,WI,AGL,CE,Federal Contract Tower,0,21,6,0,27,0,0,24,0,24,0,21,30,0,51,12,0,12,63
10/01/2013,LSE,WI,AGL,CE,Federal Contract Tower,0,18,7,0,25,0,2,20,0,22,0,20,27,0,47,2,0,2,49
10/02/2013,LSE,WI,AGL,CE,Federal Contract Tower,0,19,12,0,31,0,0,32,0,32,0,19,44,0,63,18,0,18,81
10/03/2013,LSE,WI,AGL,CE,Federal Contract Tower,0,19,8,0,27,0,0,2,0,2,0,19,10,0,29,0,0,0,29
10/04/2013,LSE,WI,AGL,CE,Federal Contract Tower,2,20,9,0,31,0,0,0,0,0,2,20,9,0,31,0,0,0,31
10/05/2013,LSE,WI,AGL,CE,Federal Contract Tower,0,15,6,0,21,0,2,2,0,4,0,17,8,0,25,4,0,4,29
10/06/2013,LSE,WI,AGL,CE,Federal Contract Tower,0,17,8,0,25,0,0,16,0,16,0,17,24,0,41,10,0,10,51
10/07/2013,LSE,WI,AGL,CE,Federal Contract Tower,1,28,9,0,38,0,0,24,0,24,1,28,33,0,62,10,0,10,72
10/08/2013,LSE,WI,AGL,CE,Federal Contract Tower,0,23,13,0,36,0,0,24,0,24,0,23,37,0,60,6,0,6,66
10/09/2013,LSE,WI,AGL,CE,Federal Contract Tower,0,17,14,0,31,0,0,23,0,23,0,17,37,0,54,0,0,0,54
10/10/2013,LSE,WI,AGL,CE,Federal Contract Tower,0,22,9,0,31,0,0,24,0,24,0,22,33,0,55,4,0,4,59
10/11/2013,LSE,WI,AGL,CE,Federal Contract Tower,0,18,14,0,32,0,2,9,0,11,0,20,23,0,43,4,0,4,47
10/12/2013,LSE,WI,AGL,CE,Federal Contract Tower,0,14,8,0,22,0,3,23,0,26,0,17,31,0,48,0,0,0,48
10/13/2013,LSE,WI,AGL,CE,Federal Contract Tower,0,15,2,0,17,0,0,42,0,42,0,15,44,0,59,6,0,6,65
10/14/2013,LSE,WI,AGL,CE,Federal Contract Tower,0,19,14,0,33,0,0,28,0,28,0,19,42,0,61,0,0,0,61
10/15/2013,LSE,WI,AGL,CE,Federal Contract Tower,0,19,13,0,32,0,2,3,0,5,0,21,16,0,37,4,0,4,41
10/16/2013,LSE,WI,AGL,CE,Federal Contract Tower,0,24,4,0,28,0,2,4,0,6,0,26,8,0,34,4,0,4,38
10/17/2013,LSE,WI,AGL,CE,Federal Contract Tower,0,20,8,0,28,0,0,8,0,8,0,20,16,0,36,2,0,2,38
10/18/2013,LSE,WI,AGL,CE,Federal Contract Tower,0,20,8,2,30,0,1,13,0,14,0,21,21,2,44,16,0,16,60
10/19/2013,LSE,WI,AGL,CE,Federal Contract Tower,0,14,3,0,17,0,0,14,0,14,0,14,17,0,31,2,0,2,33
10/20/2013,LSE,WI,AGL,CE,Federal Contract Tower,0,20,7,0,27,0,0,6,0,6,0,20,13,0,33,0,0,0,33
10/21/2013,LSE,WI,AGL,CE,Federal Contract Tower,0,20,13,0,33,0,0,14,0,14,0,20,27,0,47,0,0,0,47
10/22/2013,LSE,WI,AGL,CE,Federal Contract Tower,0,19,9,0,28,0,1,21,0,22,0,20,30,0,50,32,0,32,82
10/23/2013,LSE,WI,AGL,CE,Federal Contract Tower,0,18,6,2,26,0,0,6,0,6,0,18,12,2,32,10,0,10,42
10/24/2013,LSE,WI,AGL,CE,Federal Contract Tower,0,21,12,0,33,0,1,17,2,20,0,22,29,2,53,12,4,16,69
10/25/2013,LSE,WI,AGL,CE,Federal Contract Tower,0,23,11,0,34,0,3,15,0,18,0,26,26,0,52,4,0,4,56
10/26/2013,LSE,WI,AGL,CE,Federal Contract Tower,0,14,2,0,16,0,0,5,0,5,0,14,7,0,21,0,0,0,21
10/27/2013,LSE,WI,AGL,CE,Federal Contract Tower,0,17,6,0,23,0,1,36,0,37,0,18,42,0,60,30,0,30,90
10/28/2013,LSE,WI,AGL,CE,Federal Contract Tower,0,22,5,2,29,0,2,15,0,17,0,24,20,2,46,4,0,4,50
10/29/2013,LSE,WI,AGL,CE,Federal Contract Tower,0,19,6,1,26,0,0,16,0,16,0,19,22,1,42,16,0,16,58
10/30/2013,LSE,WI,AGL,CE,Federal Contract Tower,0,20,9,0,29,0,1,1,0,2,0,21,10,0,31,0,0,0,31
10/31/2013,LSE,WI,AGL,CE,Federal Contract Tower,0,16,6,0,22,0,0,1,0,1,0,16,7,0,23,0,0,0,23
11/01/2013,LSE,WI,AGL,CE,Federal Contract Tower,0,22,9,0,31,0,0,8,0,8,0,22,17,0,39,0,0,0,39
11/02/2013,LSE,WI,AGL,CE,Federal Contract Tower,0,14,10,2,26,0,3,10,2,15,0,17,20,4,41,12,0,12,53
11/03/2013,LSE,WI,AGL,CE,Federal Contract Tower,2,15,5,0,22,0,2,16,2,20,2,17,21,2,42,4,2,6,48
11/04/2013,LSE,WI,AGL,CE,Federal Contract Tower,0,21,4,0,25,0,0,7,0,7,0,21,11,0,32,2,0,2,34
11/05/2013,LSE,WI,AGL,CE,Federal Contract Tower,0,19,1,0,20,0,0,1,0,1,0,19,2,0,21,0,0,0,21
11/06/2013,LSE,WI,AGL,CE,Federal Contract Tower,0,18,1,0,19,0,0,3,0,3,0,18,4,0,22,0,0,0,22
11/07/2013,LSE,WI,AGL,CE,Federal Contract Tower,2,19,13,2,36,0,0,16,0,16,2,19,29,2,52,78,0,78,130
11/08/2013,LSE,WI,AGL,CE,Federal Contract Tower,0,23,5,0,28,0,2,3,0,5,0,25,8,0,33,12,0,12,45
11/09/2013,LSE,WI,AGL,CE,Federal Contract Tower,0,14,12,0,26,0,1,5,2,8,0,15,17,2,34,10,0,10,44
11/10/2013,LSE,WI,AGL,CE,Federal Contract Tower,0,20,8,0,28,0,0,45,0,45,0,20,53,0,73,36,0,36,109
11/11/2013,LSE,WI,AGL,CE,Federal Contract Tower,0,17,2,0,19,0,0,1,0,1,0,17,3,0,20,0,0,0,20
11/12/2013,LSE,WI,AGL,CE,Federal Contract Tower,0,18,11,0,29,0,5,23,0,28,0,23,34,0,57,6,0,6,63
11/13/2013,LSE,WI,AGL,CE,Federal Contract Tower,0,18,6,2,26,0,0,10,0,10,0,18,16,2,36,0,0,0,36
11/14/2013,LSE,WI,AGL,CE,Federal Contract Tower,0,17,14,0,31,0,2,5,1,8,0,19,19,1,39,14,0,14,53
11/15/2013,LSE,WI,AGL,CE,Federal Contract Tower,0,19,6,2,27,0,0,32,4,36,0,19,38,6,63,38,0,38,101
11/16/2013,LSE,WI,AGL,CE,Federal Contract Tower,0,16,0,3,19,0,0,0,0,0,0,16,0,3,19,0,0,0,19
11/17/2013,LSE,WI,AGL,CE,Federal Contract Tower,0,14,3,2,19,0,0,0,0,0,0,14,3,2,19,0,0,0,19
11/18/2013,LSE,WI,AGL,CE,Federal Contract Tower,0,22,9,2,33,0,0,9,0,9,0,22,18,2,42,0,0,0,42
11/19/2013,LSE,WI,AGL,CE,Federal Contract Tower,0,20,2,1,23,0,6,28,8,42,0,26,30,9,65,4,10,14,79
11/20/2013,LSE,WI,AGL,CE,Federal Contract Tower,0,17,5,2,24,0,0,1,0,1,0,17,6,2,25,0,0,0,25
11/21/2013,LSE,WI,AGL,CE,Federal Contract Tower,0,17,8,0,25,0,0,0,0,0,0,17,8,0,25,0,0,0,25
11/22/2013,LSE,WI,AGL,CE,Federal Contract Tower,0,19,14,0,33,0,0,12,0,12,0,19,26,0,45,20,0,20,65
11/23/2013,LSE,WI,AGL,CE,Federal Contract Tower,0,10,5,5,20,0,0,4,6,10,0,10,9,11,30,2,12,14,44
11/24/2013,LSE,WI,AGL,CE,Federal Contract Tower,2,13,9,0,24,0,0,6,0,6,2,13,15,0,30,8,0,8,38
11/25/2013,LSE,WI,AGL,CE,Federal Contract Tower,0,11,11,0,22,0,0,2,2,4,0,11,13,2,26,0,0,0,26
11/26/2013,LSE,WI,AGL,CE,Federal Contract Tower,0,16,11,0,27,0,2,3,0,5,0,18,14,0,32,4,0,4,36
11/27/2013,LSE,WI,AGL,CE,Federal Contract Tower,0,18,9,7,34,0,2,21,0,23,0,20,30,7,57,24,12,36,93
11/28/2013,LSE,WI,AGL,CE,Federal Contract Tower,0,5,2,0,7,0,1,2,0,3,0,6,4,0,10,2,0,2,12
11/29/2013,LSE,WI,AGL,CE,Federal Contract Tower,0,9,2,0,11,0,0,29,2,31,0,9,31,2,42,2,6,8,50
11/30/2013,LSE,WI,AGL,CE,Federal Contract Tower,0,12,4,0,16,0,2,21,2,25,0,14,25,2,41,12,14,26,67
12/01/2013,LSE,WI,AGL,CE,Federal Contract Tower,0,17,7,0,24,0,0,24,0,24,0,17,31,0,48,2,0,2,50
12/02/2013,LSE,WI,AGL,CE,Federal Contract Tower,0,17,7,5,29,0,0,9,0,9,0,17,16,5,38,2,0,2,40
12/03/2013,LSE,WI,AGL,CE,Federal Contract Tower,1,16,12,0,29,0,0,0,0,0,1,16,12,0,29,0,0,0,29
12/04/2013,LSE,WI,AGL,CE,Federal Contract Tower,1,15,4,4,24,0,0,0,0,0,1,15,4,4,24,0,0,0,24
12/05/2013,LSE,WI,AGL,CE,Federal Contract Tower,1,14,2,0,17,0,0,6,0,6,1,14,8,0,23,0,0,0,23
12/06/2013,LSE,WI,AGL,CE,Federal Contract Tower,0,16,2,2,20,0,0,9,2,11,0,16,11,4,31,0,0,0,31
12/07/2013,LSE,WI,AGL,CE,Federal Contract Tower,0,11,5,0,16,0,1,5,0,6,0,12,10,0,22,8,0,8,30
12/08/2013,LSE,WI,AGL,CE,Federal Contract Tower,0,9,2,0,11,0,0,0,0,0,0,9,2,0,11,0,0,0,11
12/09/2013,LSE,WI,AGL,CE,Federal Contract Tower,2,16,2,0,20,0,2,0,0,2,2,18,2,0,22,4,0,4,26
12/10/2013,LSE,WI,AGL,CE,Federal Contract Tower,0,16,7,0,23,0,3,5,0,8,0,19,12,0,31,8,0,8,39
12/11/2013,LSE,WI,AGL,CE,Federal Contract Tower,0,14,11,1,26,0,3,2,0,5,0,17,13,1,31,6,0,6,37
12/12/2013,LSE,WI,AGL,CE,Federal Contract Tower,0,20,15,0,35,0,2,10,0,12,0,22,25,0,47,2,0,2,49
12/13/2013,LSE,WI,AGL,CE,Federal Contract Tower,0,18,4,0,22,0,0,5,0,5,0,18,9,0,27,0,0,0,27
12/14/2013,LSE,WI,AGL,CE,Federal Contract Tower,0,15,5,0,20,0,0,1,2,3,0,15,6,2,23,0,14,14,37
12/15/2013,LSE,WI,AGL,CE,Federal Contract Tower,0,13,6,0,19,0,0,13,1,14,0,13,19,1,33,0,0,0,33
12/16/2013,LSE,WI,AGL,CE,Federal Contract Tower,0,18,10,0,28,0,0,0,0,0,0,18,10,0,28,0,0,0,28
12/17/2013,LSE,WI,AGL,CE,Federal Contract Tower,0,14,6,0,20,0,0,5,0,5,0,14,11,0,25,12,0,12,37
12/18/2013,LSE,WI,AGL,CE,Federal Contract Tower,0,19,8,0,27,0,0,14,0,14,0,19,22,0,41,28,0,28,69
12/19/2013,LSE,WI,AGL,CE,Federal Contract Tower,0,19,10,0,29,0,0,3,0,3,0,19,13,0,32,0,0,0,32
12/20/2013,LSE,WI,AGL,CE,Federal Contract Tower,0,13,10,1,24,0,0,0,0,0,0,13,10,1,24,0,0,0,24
12/21/2013,LSE,WI,AGL,CE,Federal Contract Tower,2,18,5,2,27,0,0,0,0,0,2,18,5,2,27,0,0,0,27
12/22/2013,LSE,WI,AGL,CE,Federal Contract Tower,0,6,1,0,7,0,0,1,0,1,0,6,2,0,8,0,0,0,8
12/23/2013,LSE,WI,AGL,CE,Federal Contract Tower,0,16,4,1,21,0,0,1,0,1,0,16,5,1,22,0,0,0,22
12/24/2013,LSE,WI,AGL,CE,Federal Contract Tower,0,14,1,0,15,0,0,0,0,0,0,14,1,0,15,0,0,0,15
12/25/2013,LSE,WI,AGL,CE,Federal Contract Tower,2,9,0,0,11,0,0,0,0,0,2,9,0,0,11,0,0,0,11
12/26/2013,LSE,WI,AGL,CE,Federal Contract Tower,0,21,5,0,26,0,0,1,0,1,0,21,6,0,27,8,0,8,35
12/27/2013,LSE,WI,AGL,CE,Federal Contract Tower,0,18,3,2,23,0,0,6,2,8,0,18,9,4,31,12,6,18,49
12/28/2013,LSE,WI,AGL,CE,Federal Contract Tower,0,15,4,0,19,0,2,29,0,31,0,17,33,0,50,22,0,22,72
12/29/2013,LSE,WI,AGL,CE,Federal Contract Tower,0,10,3,0,13,0,1,2,0,3,0,11,5,0,16,2,0,2,18
12/30/2013,LSE,WI,AGL,CE,Federal Contract Tower,0,14,2,3,19,0,0,3,0,3,0,14,5,3,22,0,4,4,26
12/31/2013,LSE,WI,AGL,CE,Federal Contract Tower,0,9,0,0,9,0,0,2,0,2,0,9,2,0,11,0,0,0,11
01/01/2014,LSE,WI,AGL,CE,Federal Contract Tower,0,9,0,0,9,0,1,2,0,3,0,10,2,0,12,2,0,2,14
01/02/2014,LSE,WI,AGL,CE,Federal Contract Tower,0,14,8,0,22,0,0,5,0,5,0,14,13,0,27,0,0,0,27
01/03/2014,LSE,WI,AGL,CE,Federal Contract Tower,0,16,2,0,18,0,2,1,0,3,0,18,3,0,21,5,0,5,26
01/04/2014,LSE,WI,AGL,CE,Federal Contract Tower,0,12,5,0,17,0,0,6,0,6,0,12,11,0,23,8,0,8,31
01/05/2014,LSE,WI,AGL,CE,Federal Contract Tower,0,12,5,0,17,0,0,4,0,4,0,12,9,0,21,0,0,0,21
01/06/2014,LSE,WI,AGL,CE,Federal Contract Tower,0,8,8,0,16,0,0,4,0,4,0,8,12,0,20,0,0,0,20
01/07/2014,LSE,WI,AGL,CE,Federal Contract Tower,0,12,5,0,17,0,0,5,0,5,0,12,10,0,22,2,0,2,24
01/08/2014,LSE,WI,AGL,CE,Federal Contract Tower,0,11,6,2,19,0,0,2,2,4,0,11,8,4,23,0,0,0,23
01/09/2014,LSE,WI,AGL,CE,Federal Contract Tower,0,17,9,0,26,0,3,21,0,24,0,20,30,0,50,6,0,6,56
01/10/2014,LSE,WI,AGL,CE,Federal Contract Tower,0,15,7,0,22,0,0,0,0,0,0,15,7,0,22,0,0,0,22
01/11/2014,LSE,WI,AGL,CE,Federal Contract Tower,2,12,3,0,17,0,0,0,0,0,2,12,3,0,17,0,0,0,17
01/12/2014,LSE,WI,AGL,CE,Federal Contract Tower,0,14,2,0,16,0,2,16,0,18,0,16,18,0,34,6,0,6,40
01/13/2014,LSE,WI,AGL,CE,Federal Contract Tower,0,17,3,0,20,0,0,9,4,13,0,17,12,4,33,10,2,12,45
01/14/2014,LSE,WI,AGL,CE,Federal Contract Tower,2,14,0,0,16,0,0,0,0,0,2,14,0,0,16,0,0,0,16
01/15/2014,LSE,WI,AGL,CE,Federal Contract Tower,0,15,7,0,22,0,2,13,0,15,0,17,20,0,37,10,0,10,47
01/16/2014,LSE,WI,AGL,CE,Federal Contract Tower,0,14,4,0,18,0,0,0,0,0,0,14,4,0,18,0,0,0,18
01/17/2014,LSE,WI,AGL,CE,Federal Contract Tower,0,17,13,0,30,0,1,10,0,11,0,18,23,0,41,4,0,4,45
01/18/2014,LSE,WI,AGL,CE,Federal Contract Tower,0,11,1,0,12,0,0,1,0,1,0,11,2,0,13,2,0,2,15
01/19/2014,LSE,WI,AGL,CE,Federal Contract Tower,2,11,7,0,20,0,0,22,0,22,2,11,29,0,42,0,0,0,42
01/20/2014,LSE,WI,AGL,CE,Federal Contract Tower,0,18,2,0,20,0,0,0,0,0,0,18,2,0,20,0,0,0,20
01/21/2014,LSE,WI,AGL,CE,Federal Contract Tower,0,15,4,2,21,0,5,2,0,7,0,20,6,2,28,10,0,10,38
01/22/2014,LSE,WI,AGL,CE,Federal Contract Tower,0,15,7,2,24,0,0,0,0,0,0,15,7,2,24,0,0,0,24
01/23/2014,LSE,WI,AGL,CE,Federal Contract Tower,0,15,9,0,24,0,0,2,0,2,0,15,11,0,26,2,0,2,28
01/24/2014,LSE,WI,AGL,CE,Federal Contract Tower,0,11,7,1,19,0,0,0,0,0,0,11,7,1,19,0,0,0,19
01/25/2014,LSE,WI,AGL,CE,Federal Contract Tower,0,10,3,0,13,0,0,8,0,8,0,10,11,0,21,0,0,0,21
01/26/2014,LSE,WI,AGL,CE,Federal Contract Tower,0,15,2,0,17,0,0,0,0,0,0,15,2,0,17,0,0,0,17
01/27/2014,LSE,WI,AGL,CE,Federal Contract Tower,0,13,2,2,17,0,3,0,0,3,0,16,2,2,20,6,0,6,26
01/28/2014,LSE,WI,AGL,CE,Federal Contract Tower,0,15,4,0,19,0,0,4,3,7,0,15,8,3,26,0,0,0,26
01/29/2014,LSE,WI,AGL,CE,Federal Contract Tower,0,18,4,2,24,0,0,13,0,13,0,18,17,2,37,0,0,0,37
01/30/2014,LSE,WI,AGL,CE,Federal Contract Tower,0,14,4,2,20,0,0,0,1,1,0,14,4,3,21,0,0,0,21
01/31/2014,LSE,WI,AGL,CE,Federal Contract Tower,0,16,5,0,21,0,0,8,2,10,0,16,13,2,31,4,0,4,35
02/01/2014,LSE,WI,AGL,CE,Federal Contract Tower,0,10,2,0,12,0,0,3,0,3,0,10,5,0,15,2,0,2,17
02/02/2014,LSE,WI,AGL,CE,Federal Contract Tower,0,11,5,0,16,0,4,6,2,12,0,15,11,2,28,10,0,10,38
02/03/2014,LSE,WI,AGL,CE,Federal Contract Tower,0,15,3,1,19,0,0,8,3,11,0,15,11,4,30,12,0,12,42
02/04/2014,LSE,WI,AGL,CE,Federal Contract Tower,0,13,6,2,21,0,0,7,0,7,0,13,13,2,28,0,0,0,28
02/05/2014,LSE,WI,AGL,CE,Federal Contract Tower,0,13,3,2,18,0,0,4,0,4,0,13,7,2,22,0,0,0,22
02/06/2014,LSE,WI,AGL,CE,Federal Contract Tower,0,16,13,3,32,0,2,2,0,4,0,18,15,3,36,6,0,6,42
02/07/2014,LSE,WI,AGL,CE,Federal Contract Tower,0,20,14,0,34,0,2,5,0,7,0,22,19,0,41,8,0,8,49
02/08/2014,LSE,WI,AGL,CE,Federal Contract Tower,0,9,8,0,17,0,0,0,0,0,0,9,8,0,17,0,0,0,17
02/09/2014,LSE,WI,AGL,CE,Federal Contract Tower,0,14,2,0,16,0,0,12,0,12,0,14,14,0,28,22,0,22,50
02/10/2014,LSE,WI,AGL,CE,Federal Contract Tower,0,19,2,0,21,0,0,6,0,6,0,19,8,0,27,2,0,2,29
02/11/2014,LSE,WI,AGL,CE,Federal Contract Tower,0,13,6,0,19,0,0,8,0,8,0,13,14,0,27,14,0,14,41
02/12/2014,LSE,WI,AGL,CE,Federal Contract Tower,0,19,7,0,26,0,0,3,0,3,0,19,10,0,29,12,0,12,41
02/13/2014,LSE,WI,AGL,CE,Federal Contract Tower,0,20,5,0,25,0,0,7,0,7,0,20,12,0,32,20,0,20,52
02/14/2014,LSE,WI,AGL,CE,Federal Contract Tower,0,17,6,4,27,0,2,17,0,19,0,19,23,4,46,4,0,4,50
02/15/2014,LSE,WI,AGL,CE,Federal Contract Tower,0,12,2,0,14,0,0,4,0,4,0,12,6,0,18,0,0,0,18
02/16/2014,LSE,WI,AGL,CE,Federal Contract Tower,0,12,4,0,16,0,0,26,0,26,0,12,30,0,42,0,0,0,42
02/17/2014,LSE,WI,AGL,CE,Federal Contract Tower,0,12,4,0,16,0,0,0,0,0,0,12,4,0,16,0,0,0,16
02/18/2014,LSE,WI,AGL,CE,Federal Contract Tower,0,19,5,1,25,0,0,5,0,5,0,19,10,1,30,2,0,2,32
02/19/2014,LSE,WI,AGL,CE,Federal Contract Tower,0,15,11,1,27,0,0,8,3,11,0,15,19,4,38,0,8,8,46
02/20/2014,LSE,WI,AGL,CE,Federal Contract Tower,0,7,2,0,9,0,0,0,0,0,0,7,2,0,9,0,0,0,9
02/21/2014,LSE,WI,AGL,CE,Federal Contract Tower,2,18,10,0,30,0,2,3,0,5,2,20,13,0,35,4,0,4,39
02/22/2014,LSE,WI,AGL,CE,Federal Contract Tower,0,11,7,0,18,0,0,3,0,3,0,11,10,0,21,4,0,4,25
02/23/2014,LSE,WI,AGL,CE,Federal Contract Tower,0,14,2,0,16,0,2,5,0,7,0,16,7,0,23,0,0,0,23
02/24/2014,LSE,WI,AGL,CE,Federal Contract Tower,0,19,5,0,24,0,5,10,0,15,0,24,15,0,39,14,0,14,53
02/25/2014,LSE,WI,AGL,CE,Federal Contract Tower,0,14,8,0,22,0,0,5,0,5,0,14,13,0,27,0,0,0,27
02/26/2014,LSE,WI,AGL,CE,Federal Contract Tower,1,18,8,0,27,0,0,2,0,2,1,18,10,0,29,0,0,0,29
02/27/2014,LSE,WI,AGL,CE,Federal Contract Tower,1,22,6,0,29,0,2,0,0,2,1,24,6,0,31,4,0,4,35
02/28/2014,LSE,WI,AGL,CE,Federal Contract Tower,0,17,1,0,18,0,0,1,0,1,0,17,2,0,19,2,0,2,21
03/01/2014,LSE,WI,AGL,CE,Federal Contract Tower,0,9,1,0,10,0,0,0,0,0,0,9,1,0,10,0,0,0,10
03/02/2014,LSE,WI,AGL,CE,Federal Contract Tower,2,13,3,0,18,0,0,4,0,4,2,13,7,0,22,2,0,2,24
03/03/2014,LSE,WI,AGL,CE,Federal Contract Tower,0,16,6,0,22,0,0,5,0,5,0,16,11,0,27,2,0,2,29
03/04/2014,LSE,WI,AGL,CE,Federal Contract Tower,0,15,21,0,36,0,0,4,1,5,0,15,25,1,41,2,0,2,43
03/05/2014,LSE,WI,AGL,CE,Federal Contract Tower,0,13,11,0,24,0,2,4,4,10,0,15,15,4,34,6,0,6,40
03/06/2014,LSE,WI,AGL,CE,Federal Contract Tower,0,19,4,2,25,0,0,8,1,9,0,19,12,3,34,16,0,16,50
03/07/2014,LSE,WI,AGL,CE,Federal Contract Tower,0,16,6,8,30,0,0,0,0,0,0,16,6,8,30,0,12,12,42
03/08/2014,LSE,WI,AGL,CE,Federal Contract Tower,0,10,9,0,19,0,0,23,1,24,0,10,32,1,43,6,0,6,49
03/09/2014,LSE,WI,AGL,CE,Federal Contract Tower,0,12,3,2,17,0,3,15,2,20,0,15,18,4,37,6,0,6,43
03/10/2014,LSE,WI,AGL,CE,Federal Contract Tower,0,18,5,0,23,0,2,14,0,16,0,20,19,0,39,12,0,12,51
03/11/2014,LSE,WI,AGL,CE,Federal Contract Tower,2,17,12,0,31,0,2,0,0,2,2,19,12,0,33,4,0,4,37
03/12/2014,LSE,WI,AGL,CE,Federal Contract Tower,0,9,2,0,11,0,0,6,0,6,0,9,8,0,17,14,0,14,31
03/13/2014,LSE,WI,AGL,CE,Federal Contract Tower,0,16,8,2,26,0,0,3,0,3,0,16,11,2,29,0,0,0,29
03/14/2014,LSE,WI,AGL,CE,Federal Contract Tower,1,18,6,4,29,0,0,6,0,6,1,18,12,4,35,0,0,0,35
03/15/2014,LSE,WI,AGL,CE,Federal Contract Tower,0,9,5,0,14,0,0,14,4,18,0,9,19,4,32,6,16,22,54
03/16/2014,LSE,WI,AGL,CE,Federal Contract Tower,0,12,4,0,16,0,1,13,0,14,0,13,17,0,30,4,0,4,34
03/17/2014,LSE,WI,AGL,CE,Federal Contract Tower,0,20,4,2,26,0,0,5,0,5,0,20,9,2,31,6,12,18,49
03/18/2014,LSE,WI,AGL,CE,Federal Contract Tower,2,19,5,4,30,0,0,4,0,4,2,19,9,4,34,4,0,4,38
03/19/2014,LSE,WI,AGL,CE,Federal Contract Tower,0,14,5,0,19,0,0,0,0,0,0,14,5,0,19,0,0,0,19
03/20/2014,LSE,WI,AGL,CE,Federal Contract Tower,2,21,11,0,34,0,0,23,0,23,2,21,34,0,57,34,0,34,91
03/21/2014,LSE,WI,AGL,CE,Federal Contract Tower,2,17,3,0,22,0,1,3,0,4,2,18,6,0,26,2,0,2,28
03/22/2014,LSE,WI,AGL,CE,Federal Contract Tower,24,9,2,0,35,0,0,4,1,5,24,9,6,1,40,0,0,0,40
03/23/2014,LSE,WI,AGL,CE,Federal Contract Tower,2,16,2,0,20,0,0,20,0,20,2,16,22,0,40,2,0,2,42
03/24/2014,LSE,WI,AGL,CE,Federal Contract Tower,0,14,2,0,16,0,0,3,0,3,0,14,5,0,19,12,0,12,31
03/25/2014,LSE,WI,AGL,CE,Federal Contract Tower,0,17,4,0,21,0,0,8,0,8,0,17,12,0,29,12,0,12,41
03/26/2014,LSE,WI,AGL,CE,Federal Contract Tower,0,14,7,1,22,0,1,9,0,10,0,15,16,1,32,2,6,8,40
03/27/2014,LSE,WI,AGL,CE,Federal Contract Tower,1,18,2,0,21,0,0,0,0,0,1,18,2,0,21,0,0,0,21
03/28/2014,LSE,WI,AGL,CE,Federal Contract Tower,2,17,11,0,30,0,0,19,0,19,2,17,30,0,49,12,0,12,61
03/29/2014,LSE,WI,AGL,CE,Federal Contract Tower,0,9,6,0,15,0,0,53,0,53,0,9,59,0,68,34,0,34,102
03/30/2014,LSE,WI,AGL,CE,Federal Contract Tower,0,12,1,0,13,0,0,25,0,25,0,12,26,0,38,0,0,0,38
03/31/2014,LSE,WI,AGL,CE,Federal Contract Tower,0,19,2,2,23,0,0,6,6,12,0,19,8,8,35,0,16,16,51
04/01/2014,LSE,WI,AGL,CE,Federal Contract Tower,0,15,11,0,26,0,4,9,0,13,0,19,20,0,39,10,0,10,49
04/02/2014,LSE,WI,AGL,CE,Federal Contract Tower,2,14,8,0,24,0,2,19,0,21,2,16,27,0,45,8,0,8,53
04/03/2014,LSE,WI,AGL,CE,Federal Contract Tower,0,18,4,0,22,0,2,1,0,3,0,20,5,0,25,4,0,4,29
04/04/2014,LSE,WI,AGL,CE,Federal Contract Tower,3,15,1,0,19,0,0,0,0,0,3,15,1,0,19,0,0,0,19
04/05/2014,LSE,WI,AGL,CE,Federal Contract Tower,2,11,6,1,20,0,0,24,6,30,2,11,30,7,50,4,12,16,66
04/06/2014,LSE,WI,AGL,CE,Federal Contract Tower,0,19,5,1,25,0,0,9,0,9,0,19,14,1,34,0,0,0,34
04/07/2014,LSE,WI,AGL,CE,Federal Contract Tower,1,20,2,0,23,0,1,10,0,11,1,21,12,0,34,16,0,16,50
04/08/2014,LSE,WI,AGL,CE,Federal Contract Tower,0,19,10,0,29,0,3,15,4,22,0,22,25,4,51,26,6,32,83
04/09/2014,LSE,WI,AGL,CE,Federal Contract Tower,1,20,1,1,23,0,0,25,3,28,1,20,26,4,51,50,4,54,105
04/10/2014,LSE,WI,AGL,CE,Federal Contract Tower,1,21,12,0,34,0,0,17,2,19,1,21,29,2,53,14,0,14,67
04/11/2014,LSE,WI,AGL,CE,Federal Contract Tower,22,20,10,2,54,0,0,40,0,40,22,20,50,2,94,30,6,36,130
04/12/2014,LSE,WI,AGL,CE,Federal Contract Tower,0,11,2,0,13,0,0,2,0,2,0,11,4,0,15,0,0,0,15
04/13/2014,LSE,WI,AGL,CE,Federal Contract Tower,0,24,8,0,32,0,0,0,0,0,0,24,8,0,32,0,0,0,32
04/14/2014,LSE,WI,AGL,CE,Federal Contract Tower,0,17,3,0,20,0,0,10,0,10,0,17,13,0,30,20,0,20,50
04/15/2014,LSE,WI,AGL,CE,Federal Contract Tower,0,20,9,2,31,0,5,22,0,27,0,25,31,2,58,18,0,18,76
04/16/2014,LSE,WI,AGL,CE,Federal Contract Tower,0,21,9,0,30,0,2,2,0,4,0,23,11,0,34,6,0,6,40
04/17/2014,LSE,WI,AGL,CE,Federal Contract Tower,0,23,7,0,30,0,0,9,0,9,0,23,16,0,39,12,0,12,51
04/18/2014,LSE,WI,AGL,CE,Federal Contract Tower,2,20,5,0,27,0,0,32,2,34,2,20,37,2,61,10,10,20,81
04/19/2014,LSE,WI,AGL,CE,Federal Contract Tower,0,12,8,0,20,0,2,19,0,21,0,14,27,0,41,0,0,0,41
04/20/2014,LSE,WI,AGL,CE,Federal Contract Tower,0,12,4,0,16,0,0,1,0,1,0,12,5,0,17,0,0,0,17
04/21/2014,LSE,WI,AGL,CE,Federal Contract Tower,2,20,2,1,25,0,0,18,4,22,2,20,20,5,47,22,0,22,69
04/22/2014,LSE,WI,AGL,CE,Federal Contract Tower,0,18,12,1,31,0,1,32,2,35,0,19,44,3,66,14,8,22,88
04/23/2014,LSE,WI,AGL,CE,Federal Contract Tower,0,20,9,0,29,0,0,3,0,3,0,20,12,0,32,0,0,0,32
04/24/2014,LSE,WI,AGL,CE,Federal Contract Tower,0,17,9,2,28,0,0,0,0,0,0,17,9,2,28,0,0,0,28
04/25/2014,LSE,WI,AGL,CE,Federal Contract Tower,0,19,12,6,37,0,0,5,3,8,0,19,17,9,45,2,2,4,49
04/26/2014,LSE,WI,AGL,CE,Federal Contract Tower,13,9,5,0,27,0,1,47,0,48,13,10,52,0,75,36,0,36,111
04/27/2014,LSE,WI,AGL,CE,Federal Contract Tower,4,13,4,0,21,0,0,0,0,0,4,13,4,0,21,0,0,0,21
04/28/2014,LSE,WI,AGL,CE,Federal Contract Tower,0,18,6,0,24,0,0,0,0,0,0,18,6,0,24,0,0,0,24
04/29/2014,LSE,WI,AGL,CE,Federal Contract Tower,0,10,12,0,22,0,0,0,0,0,0,10,12,0,22,0,0,0,22
04/30/2014,LSE,WI,AGL,CE,Federal Contract Tower,2,15,7,0,24,0,0,0,0,0,2,15,7,0,24,0,0,0,24
05/01/2014,LSE,WI,AGL,CE,Federal Contract Tower,0,17,17,0,34,0,0,2,0,2,0,17,19,0,36,0,0,0,36
05/02/2014,LSE,WI,AGL,CE,Federal Contract Tower,0,17,13,0,30,0,6,5,0,11,0,23,18,0,41,8,4,12,53
05/03/2014,LSE,WI,AGL,CE,Federal Contract Tower,0,9,2,0,11,0,1,22,2,25,0,10,24,2,36,10,0,10,46
05/04/2014,LSE,WI,AGL,CE,Federal Contract Tower,0,14,7,0,21,0,4,54,2,60,0,18,61,2,81,38,20,58,139
05/05/2014,LSE,WI,AGL,CE,Federal Contract Tower,0,18,5,2,25,0,0,28,0,28,0,18,33,2,53,8,0,8,61
05/06/2014,LSE,WI,AGL,CE,Federal Contract Tower,0,22,8,5,35,0,2,34,3,39,0,24,42,8,74,4,2,6,80
05/07/2014,LSE,WI,AGL,CE,Federal Contract Tower,0,13,8,2,23,0,2,6,0,8,0,15,14,2,31,8,0,8,39
05/08/2014,LSE,WI,AGL,CE,Federal Contract Tower,0,16,10,0,26,0,1,4,0,5,0,17,14,0,31,2,0,2,33
05/09/2014,LSE,WI,AGL,CE,Federal Contract Tower,0,20,11,4,35,0,0,10,0,10,0,20,21,4,45,0,0,0,45
05/10/2014,LSE,WI,AGL,CE,Federal Contract Tower,0,11,7,0,18,0,0,71,0,71,0,11,78,0,89,22,0,22,111
05/11/2014,LSE,WI,AGL,CE,Federal Contract Tower,0,13,3,0,16,0,0,11,0,11,0,13,14,0,27,0,0,0,27
05/12/2014,LSE,WI,AGL,CE,Federal Contract Tower,4,14,10,0,28,0,0,3,0,3,4,14,13,0,31,0,0,0,31
05/13/2014,LSE,WI,AGL,CE,Federal Contract Tower,0,14,12,0,26,0,0,4,3,7,0,14,16,3,33,0,34,34,67
05/14/2014,LSE,WI,AGL,CE,Federal Contract Tower,2,21,9,4,36,0,2,19,2,23,2,23,28,6,59,18,4,22,81
05/15/2014,LSE,WI,AGL,CE,Federal Contract Tower,3,16,7,3,29,0,0,8,5,13,3,16,15,8,42,2,24,26,68
05/16/2014,LSE,WI,AGL,CE,Federal Contract Tower,13,16,15,3,47,0,0,11,9,20,13,16,26,12,67,10,0,10,77
05/17/2014,LSE,WI,AGL,CE,Federal Contract Tower,1,14,7,0,22,0,0,26,0,26,1,14,33,0,48,6,0,6,54
05/18/2014,LSE,WI,AGL,CE,Federal Contract Tower,0,18,10,1,29,0,3,29,1,33,0,21,39,2,62,0,0,0,62
05/19/2014,LSE,WI,AGL,CE,Federal Contract Tower,0,18,5,1,24,0,3,5,0,8,0,21,10,1,32,0,0,0,32
05/20/2014,LSE,WI,AGL,CE,Federal Contract Tower,2,14,10,0,26,0,3,26,5,34,2,17,36,5,60,24,2,26,86
05/21/2014,LSE,WI,AGL,CE,Federal Contract Tower,0,18,12,0,30,0,3,33,2,38,0,21,45,2,68,20,0,20,88
05/22/2014,LSE,WI,AGL,CE,Federal Contract Tower,0,19,3,0,22,0,0,27,2,29,0,19,30,2,51,20,0,20,71
05/23/2014,LSE,WI,AGL,CE,Federal Contract Tower,0,16,16,0,32,0,0,47,0,47,0,16,63,0,79,22,0,22,101
05/24/2014,LSE,WI,AGL,CE,Federal Contract Tower,1,12,7,0,20,0,0,32,0,32,1,12,39,0,52,10,0,10,62
05/25/2014,LSE,WI,AGL,CE,Federal Contract Tower,0,10,6,0,16,0,0,25,0,25,0,10,31,0,41,16,0,16,57
05/26/2014,LSE,WI,AGL,CE,Federal Contract Tower,0,10,12,0,22,0,1,11,0,12,0,11,23,0,34,14,0,14,48
05/27/2014,LSE,WI,AGL,CE,Federal Contract Tower,0,15,6,1,22,0,0,9,2,11,0,15,15,3,33,8,0,8,41
05/28/2014,LSE,WI,AGL,CE,Federal Contract Tower,0,16,16,2,34,0,2,20,14,36,0,18,36,16,70,12,6,18,88
05/29/2014,LSE,WI,AGL,CE,Federal Contract Tower,4,15,2,0,21,0,0,39,14,53,4,15,41,14,74,40,60,100,174
05/30/2014,LSE,WI,AGL,CE,Federal Contract Tower,0,15,6,1,22,0,0,53,5,58,0,15,59,6,80,72,102,174,254
05/31/2014,LSE,WI,AGL,CE,Federal Contract Tower,0,12,9,1,22,0,0,135,58,193,0,12,144,59,215,84,36,120,335
06/01/2014,LSE,WI,AGL,CE,Federal Contract Tower,0,11,2,4,17,0,0,9,0,9,0,11,11,4,26,46,48,94,120
06/02/2014,LSE,WI,AGL,CE,Federal Contract Tower,0,16,3,8,27,0,0,7,1,8,0,16,10,9,35,6,4,10,45
06/03/2014,LSE,WI,AGL,CE,Federal Contract Tower,0,17,14,0,31,0,2,35,2,39,0,19,49,2,70,10,12,22,92
06/04/2014,LSE,WI,AGL,CE,Federal Contract Tower,0,19,5,0,24,0,0,11,0,11,0,19,16,0,35,2,0,2,37
06/05/2014,LSE,WI,AGL,CE,Federal Contract Tower,0,14,7,0,21,0,0,19,2,21,0,14,26,2,42,10,2,12,54
06/06/2014,LSE,WI,AGL,CE,Federal Contract Tower,0,18,12,0,30,0,1,24,0,25,0,19,36,0,55,12,0,12,67
06/07/2014,LSE,WI,AGL,CE,Federal Contract Tower,6,14,1,0,21,0,0,1,1,2,6,14,2,1,23,0,0,0,23
06/08/2014,LSE,WI,AGL,CE,Federal Contract Tower,0,14,4,0,18,0,0,33,6,39,0,14,37,6,57,0,0,0,57
06/09/2014,LSE,WI,AGL,CE,Federal Contract Tower,0,16,16,3,35,0,1,31,3,35,0,17,47,6,70,20,16,36,106
06/10/2014,LSE,WI,AGL,CE,Federal Contract Tower,0,14,7,12,33,0,0,25,2,27,0,14,32,14,60,16,6,22,82
06/11/2014,LSE,WI,AGL,CE,Federal Contract Tower,0,20,12,5,37,0,0,38,9,47,0,20,50,14,84,0,18,18,102
06/12/2014,LSE,WI,AGL,CE,Federal Contract Tower,0,22,5,0,27,0,1,4,5,10,0,23,9,5,37,4,10,14,51
06/13/2014,LSE,WI,AGL,CE,Federal Contract Tower,2,18,3,0,23,0,1,20,4,25,2,19,23,4,48,14,6,20,68
06/14/2014,LSE,WI,AGL,CE,Federal Contract Tower,4,18,5,0,27,0,0,27,0,27,4,18,32,0,54,0,0,0,54
06/15/2014,LSE,WI,AGL,CE,Federal Contract Tower,6,14,7,0,27,0,2,8,0,10,6,16,15,0,37,4,0,4,41
06/16/2014,LSE,WI,AGL,CE,Federal Contract Tower,3,20,5,4,32,0,0,0,33,33,3,20,5,37,65,0,0,0,65
06/17/2014,LSE,WI,AGL,CE,Federal Contract Tower,3,15,3,0,21,0,0,18,0,18,3,15,21,0,39,4,0,4,43
06/18/2014,LSE,WI,AGL,CE,Federal Contract Tower,0,16,16,0,32,0,0,3,2,5,0,16,19,2,37,0,0,0,37
06/19/2014,LSE,WI,AGL,CE,Federal Contract Tower,0,10,20,0,30,0,0,2,0,2,0,10,22,0,32,12,0,12,44
06/20/2014,LSE,WI,AGL,CE,Federal Contract Tower,0,18,17,0,35,0,0,11,0,11,0,18,28,0,46,6,0,6,52
06/21/2014,LSE,WI,AGL,CE,Federal Contract Tower,0,17,6,0,23,0,0,20,0,20,0,17,26,0,43,16,0,16,59
06/22/2014,LSE,WI,AGL,CE,Federal Contract Tower,0,18,13,0,31,0,0,11,0,11,0,18,24,0,42,0,0,0,42
06/23/2014,LSE,WI,AGL,CE,Federal Contract Tower,0,21,6,0,27,0,0,10,0,10,0,21,16,0,37,18,0,18,55
06/24/2014,LSE,WI,AGL,CE,Federal Contract Tower,0,15,9,2,26,0,0,18,6,24,0,15,27,8,50,2,4,6,56
06/25/2014,LSE,WI,AGL,CE,Federal Contract Tower,0,15,7,2,24,0,0,12,4,16,0,15,19,6,40,10,20,30,70
06/26/2014,LSE,WI,AGL,CE,Federal Contract Tower,4,21,19,0,44,0,0,15,1,16,4,21,34,1,60,12,2,14,74
06/27/2014,LSE,WI,AGL,CE,Federal Contract Tower,1,19,6,0,26,0,0,13,0,13,1,19,19,0,39,10,0,10,49
06/28/2014,LSE,WI,AGL,CE,Federal Contract Tower,3,17,5,0,25,0,1,6,0,7,3,18,11,0,32,4,0,4,36
06/29/2014,LSE,WI,AGL,CE,Federal Contract Tower,0,16,3,0,19,0,0,4,0,4,0,16,7,0,23,0,0,0,23
06/30/2014,LSE,WI,AGL,CE,Federal Contract Tower,0,14,10,3,27,0,6,5,0,11,0,20,15,3,38,12,0,12,50
07/01/2014,LSE,WI,AGL,CE,Federal Contract Tower,0,15,10,2,27,0,0,10,0,10,0,15,20,2,37,12,0,12,49
07/02/2014,LSE,WI,AGL,CE,Federal Contract Tower,0,21,7,2,30,0,0,23,0,23,0,21,30,2,53,14,6,20,73
07/03/2014,LSE,WI,AGL,CE,Federal Contract Tower,0,20,4,1,25,0,0,39,0,39,0,20,43,1,64,14,0,14,78
07/04/2014,LSE,WI,AGL,CE,Federal Contract Tower,0,10,3,0,13,0,0,25,2,27,0,10,28,2,40,0,0,0,40
07/05/2014,LSE,WI,AGL,CE,Federal Contract Tower,0,14,3,0,17,0,1,27,0,28,0,15,30,0,45,4,0,4,49
07/06/2014,LSE,WI,AGL,CE,Federal Contract Tower,0,17,4,0,21,0,0,4,0,4,0,17,8,0,25,0,0,0,25
07/07/2014,LSE,WI,AGL,CE,Federal Contract Tower,0,20,5,4,29,0,0,24,0,24,0,20,29,4,53,6,8,14,67
07/08/2014,LSE,WI,AGL,CE,Federal Contract Tower,0,17,7,3,27,0,0,14,10,24,0,17,21,13,51,4,48,52,103
07/09/2014,LSE,WI,AGL,CE,Federal Contract Tower,0,24,10,3,37,0,0,37,0,37,0,24,47,3,74,10,30,40,114
07/10/2014,LSE,WI,AGL,CE,Federal Contract Tower,0,21,6,1,28,0,0,45,6,51,0,21,51,7,79,8,30,38,117
07/11/2014,LSE,WI,AGL,CE,Federal Contract Tower,0,27,9,2,38,0,0,6,4,10,0,27,15,6,48,12,10,22,70
07/12/2014,LSE,WI,AGL,CE,Federal Contract Tower,0,15,5,0,20,0,0,14,0,14,0,15,19,0,34,12,0,12,46
07/13/2014,LSE,WI,AGL,CE,Federal Contract Tower,0,18,4,0,22,0,0,13,0,13,0,18,17,0,35,10,0,10,45
07/14/2014,LSE,WI,AGL,CE,Federal Contract Tower,0,19,7,0,26,0,0,15,0,15,0,19,22,0,41,6,0,6,47
07/15/2014,LSE,WI,AGL,CE,Federal Contract Tower,0,19,5,0,24,0,4,22,0,26,0,23,27,0,50,18,0,18,68
07/16/2014,LSE,WI,AGL,CE,Federal Contract Tower,0,22,11,0,33,0,0,62,1,63,0,22,73,1,96,26,0,26,122
07/17/2014,LSE,WI,AGL,CE,Federal Contract Tower,0,19,15,2,36,0,0,29,0,29,0,19,44,2,65,0,0,0,65
07/18/2014,LSE,WI,AGL,CE,Federal Contract Tower,0,20,11,2,33,0,2,30,0,32,0,22,41,2,65,10,0,10,75
07/19/2014,LSE,WI,AGL,CE,Federal Contract Tower,2,17,2,2,23,0,2,27,2,31,2,19,29,4,54,10,0,10,64
07/20/2014,LSE,WI,AGL,CE,Federal Contract Tower,0,18,6,2,26,0,1,27,0,28,0,19,33,2,54,12,2,14,68
07/21/2014,LSE,WI,AGL,CE,Federal Contract Tower,0,22,10,0,32,0,2,20,0,22,0,24,30,0,54,8,0,8,62
07/22/2014,LSE,WI,AGL,CE,Federal Contract Tower,0,19,11,0,30,0,0,18,0,18,0,19,29,0,48,2,0,2,50
07/23/2014,LSE,WI,AGL,CE,Federal Contract Tower,0,19,10,0,29,0,0,37,0,37,0,19,47,0,66,0,0,0,66
07/24/2014,LSE,WI,AGL,CE,Federal Contract Tower,0,22,3,2,27,0,1,31,0,32,0,23,34,2,59,28,0,28,87
07/25/2014,LSE,WI,AGL,CE,Federal Contract Tower,0,21,7,0,28,0,0,8,0,8,0,21,15,0,36,2,0,2,38
07/26/2014,LSE,WI,AGL,CE,Federal Contract Tower,0,16,11,0,27,0,0,19,0,19,0,16,30,0,46,0,0,0,46
07/27/2014,LSE,WI,AGL,CE,Federal Contract Tower,0,16,4,0,20,0,0,26,0,26,0,16,30,0,46,8,0,8,54
07/28/2014,LSE,WI,AGL,CE,Federal Contract Tower,0,20,2,0,22,0,0,26,0,26,0,20,28,0,48,2,0,2,50
07/29/2014,LSE,WI,AGL,CE,Federal Contract Tower,0,20,7,1,28,0,0,27,2,29,0,20,34,3,57,2,0,2,59
07/30/2014,LSE,WI,AGL,CE,Federal Contract Tower,0,20,5,0,25,0,2,38,2,42,0,22,43,2,67,0,0,0,67
07/31/2014,LSE,WI,AGL,CE,Federal Contract Tower,2,19,14,0,35,0,1,58,0,59,2,20,72,0,94,14,2,16,110
08/01/2014,LSE,WI,AGL,CE,Federal Contract Tower,0,22,16,1,39,0,0,32,1,33,0,22,48,2,72,20,0,20,92
08/02/2014,LSE,WI,AGL,CE,Federal Contract Tower,0,16,4,0,20,0,0,25,0,25,0,16,29,0,45,10,0,10,55
08/03/2014,LSE,WI,AGL,CE,Federal Contract Tower,2,17,6,0,25,0,0,27,0,27,2,17,33,0,52,2,0,2,54
08/04/2014,LSE,WI,AGL,CE,Federal Contract Tower,2,17,4,0,23,0,0,4,0,4,2,17,8,0,27,0,0,0,27
08/05/2014,LSE,WI,AGL,CE,Federal Contract Tower,0,18,13,5,36,0,0,0,0,0,0,18,13,5,36,0,6,6,42
08/06/2014,LSE,WI,AGL,CE,Federal Contract Tower,0,23,7,1,31,0,1,12,4,17,0,24,19,5,48,18,6,24,72
08/07/2014,LSE,WI,AGL,CE,Federal Contract Tower,0,21,10,0,31,0,1,33,1,35,0,22,43,1,66,18,4,22,88
08/08/2014,LSE,WI,AGL,CE,Federal Contract Tower,0,18,13,2,33,0,0,37,2,39,0,18,50,4,72,12,8,20,92
08/09/2014,LSE,WI,AGL,CE,Federal Contract Tower,5,20,6,0,31,0,2,56,1,59,5,22,62,1,90,12,0,12,102
08/10/2014,LSE,WI,AGL,CE,Federal Contract Tower,0,18,9,0,27,0,0,72,0,72,0,18,81,0,99,20,0,20,119
08/11/2014,LSE,WI,AGL,CE,Federal Contract Tower,0,17,16,2,35,0,2,1,0,3,0,19,17,2,38,6,0,6,44
08/12/2014,LSE,WI,AGL,CE,Federal Contract Tower,0,18,3,0,21,0,0,18,0,18,0,18,21,0,39,10,0,10,49
08/13/2014,LSE,WI,AGL,CE,Federal Contract Tower,0,24,9,0,33,0,0,23,0,23,0,24,32,0,56,42,0,42,98
08/14/2014,LSE,WI,AGL,CE,Federal Contract Tower,2,21,5,0,28,0,0,36,2,38,2,21,41,2,66,18,2,20,86
08/15/2014,LSE,WI,AGL,CE,Federal Contract Tower,0,19,8,0,27,0,0,31,3,34,0,19,39,3,61,4,0,4,65
08/16/2014,LSE,WI,AGL,CE,Federal Contract Tower,2,14,3,8,27,0,0,2,3,5,2,14,5,11,32,0,30,30,62
08/17/2014,LSE,WI,AGL,CE,Federal Contract Tower,0,17,6,0,23,0,0,5,0,5,0,17,11,0,28,0,0,0,28
08/18/2014,LSE,WI,AGL,CE,Federal Contract Tower,2,15,11,2,30,0,2,4,0,6,2,17,15,2,36,6,0,6,42
08/19/2014,LSE,WI,AGL,CE,Federal Contract Tower,0,14,9,0,23,0,0,25,0,25,0,14,34,0,48,14,0,14,62
08/20/2014,LSE,WI,AGL,CE,Federal Contract Tower,2,18,22,0,42,0,0,40,0,40,2,18,62,0,82,0,0,0,82
08/21/2014,LSE,WI,AGL,CE,Federal Contract Tower,0,17,5,0,22,0,0,1,0,1,0,17,6,0,23,0,0,0,23
08/22/2014,LSE,WI,AGL,CE,Federal Contract Tower,2,19,24,1,46,0,0,3,0,3,2,19,27,1,49,0,0,0,49
08/23/2014,LSE,WI,AGL,CE,Federal Contract Tower,8,17,4,0,29,0,0,4,0,4,8,17,8,0,33,0,0,0,33
08/24/2014,LSE,WI,AGL,CE,Federal Contract Tower,2,18,12,0,32,0,0,14,0,14,2,18,26,0,46,6,0,6,52
08/25/2014,LSE,WI,AGL,CE,Federal Contract Tower,0,14,3,6,23,0,2,20,1,23,0,16,23,7,46,18,6,24,70
08/26/2014,LSE,WI,AGL,CE,Federal Contract Tower,0,16,10,0,26,0,3,23,4,30,0,19,33,4,56,8,2,10,66
08/27/2014,LSE,WI,AGL,CE,Federal Contract Tower,0,20,17,0,37,0,0,34,0,34,0,20,51,0,71,12,0,12,83
08/28/2014,LSE,WI,AGL,CE,Federal Contract Tower,0,21,11,0,32,0,0,11,0,11,0,21,22,0,43,6,0,6,49
08/29/2014,LSE,WI,AGL,CE,Federal Contract Tower,0,22,15,0,37,0,0,5,0,5,0,22,20,0,42,0,0,0,42
08/30/2014,LSE,WI,AGL,CE,Federal Contract Tower,0,12,11,0,23,0,0,1,0,1,0,12,12,0,24,0,0,0,24
08/31/2014,LSE,WI,AGL,CE,Federal Contract Tower,0,11,12,0,23,0,0,44,0,44,0,11,56,0,67,4,0,4,71
09/01/2014,LSE,WI,AGL,CE,Federal Contract Tower,0,14,5,0,19,0,0,37,0,37,0,14,42,0,56,4,0,4,60
09/02/2014,LSE,WI,AGL,CE,Federal Contract Tower,0,21,5,0,26,0,0,38,0,38,0,21,43,0,64,26,0,26,90
09/03/2014,LSE,WI,AGL,CE,Federal Contract Tower,0,14,14,0,28,0,0,30,0,30,0,14,44,0,58,6,0,6,64
09/04/2014,LSE,WI,AGL,CE,Federal Contract Tower,0,15,10,0,25,0,2,10,0,12,0,17,20,0,37,12,0,12,49
09/05/2014,LSE,WI,AGL,CE,Federal Contract Tower,0,12,10,0,22,0,1,8,0,9,0,13,18,0,31,14,0,14,45
09/06/2014,LSE,WI,AGL,CE,Federal Contract Tower,0,12,5,0,17,0,1,48,0,49,0,13,53,0,66,16,0,16,82
09/07/2014,LSE,WI,AGL,CE,Federal Contract Tower,0,15,4,0,19,0,3,38,0,41,0,18,42,0,60,22,0,22,82
09/08/2014,LSE,WI,AGL,CE,Federal Contract Tower,0,19,12,0,31,0,0,18,0,18,0,19,30,0,49,18,0,18,67
09/09/2014,LSE,WI,AGL,CE,Federal Contract Tower,0,17,6,0,23,0,0,8,0,8,0,17,14,0,31,2,0,2,33
09/10/2014,LSE,WI,AGL,CE,Federal Contract Tower,2,16,8,0,26,0,0,0,3,3,2,16,8,3,29,0,0,0,29
09/11/2014,LSE,WI,AGL,CE,Federal Contract Tower,0,17,4,0,21,0,2,15,2,19,0,19,19,2,40,16,0,16,56
09/12/2014,LSE,WI,AGL,CE,Federal Contract Tower,0,17,11,0,28,0,0,10,0,10,0,17,21,0,38,4,0,4,42
09/13/2014,LSE,WI,AGL,CE,Federal Contract Tower,2,13,1,2,18,0,0,40,0,40,2,13,41,2,58,16,0,16,74
09/14/2014,LSE,WI,AGL,CE,Federal Contract Tower,0,17,20,3,40,0,0,30,2,32,0,17,50,5,72,38,36,74,146
09/15/2014,LSE,WI,AGL,CE,Federal Contract Tower,0,17,5,0,22,0,0,11,0,11,0,17,16,0,33,0,0,0,33
09/16/2014,LSE,WI,AGL,CE,Federal Contract Tower,0,18,14,1,33,0,0,15,7,22,0,18,29,8,55,8,34,42,97
09/17/2014,LSE,WI,AGL,CE,Federal Contract Tower,0,17,14,0,31,0,0,20,0,20,0,17,34,0,51,22,0,22,73
09/18/2014,LSE,WI,AGL,CE,Federal Contract Tower,0,16,14,0,30,0,0,18,0,18,0,16,32,0,48,22,0,22,70
09/19/2014,LSE,WI,AGL,CE,Federal Contract Tower,1,18,14,0,33,0,2,15,0,17,1,20,29,0,50,6,0,6,56
09/20/2014,LSE,WI,AGL,CE,Federal Contract Tower,4,14,9,0,27,0,2,10,0,12,4,16,19,0,39,6,0,6,45
09/21/2014,LSE,WI,AGL,CE,Federal Contract Tower,0,15,8,0,23,0,0,8,0,8,0,15,16,0,31,10,0,10,41
09/22/2014,LSE,WI,AGL,CE,Federal Contract Tower,0,16,9,0,25,0,0,23,2,25,0,16,32,2,50,34,0,34,84
09/23/2014,LSE,WI,AGL,CE,Federal Contract Tower,0,17,13,0,30,0,6,13,2,21,0,23,26,2,51,8,2,10,61
09/24/2014,LSE,WI,AGL,CE,Federal Contract Tower,2,17,9,0,28,0,0,9,0,9,2,17,18,0,37,4,0,4,41
09/25/2014,LSE,WI,AGL,CE,Federal Contract Tower,0,18,8,0,26,0,1,29,0,30,0,19,37,0,56,20,0,20,76
09/26/2014,LSE,WI,AGL,CE,Federal Contract Tower,1,11,13,0,25,0,2,32,0,34,1,13,45,0,59,4,0,4,63
09/27/2014,LSE,WI,AGL,CE,Federal Contract Tower,1,12,8,0,21,0,1,35,0,36,1,13,43,0,57,24,0,24,81
09/28/2014,LSE,WI,AGL,CE,Federal Contract Tower,0,11,8,0,19,0,1,42,2,45,0,12,50,2,64,38,0,38,102
09/29/2014,LSE,WI,AGL,CE,Federal Contract Tower,0,18,5,0,23,0,1,6,0,7,0,19,11,0,30,2,0,2,32
09/30/2014,LSE,WI,AGL,CE,Federal Contract Tower,0,23,4,0,27,0,2,16,3,21,0,25,20,3,48,26,8,34,82
10/01/2014,LSE,WI,AGL,CE,Federal Contract Tower,0,19,14,0,33,0,0,1,0,1,0,19,15,0,34,16,0,16,50
10/02/2014,LSE,WI,AGL,CE,Federal Contract Tower,0,13,18,0,31,0,0,0,0,0,0,13,18,0,31,0,0,0,31
10/03/2014,LSE,WI,AGL,CE,Federal Contract Tower,0,13,18,0,31,0,0,9,0,9,0,13,27,0,40,0,0,0,40
10/04/2014,LSE,WI,AGL,CE,Federal Contract Tower,0,12,2,0,14,0,0,7,0,7,0,12,9,0,21,0,0,0,21
10/05/2014,LSE,WI,AGL,CE,Federal Contract Tower,0,9,8,0,17,0,0,21,0,21,0,9,29,0,38,20,0,20,58
10/06/2014,LSE,WI,AGL,CE,Federal Contract Tower,0,15,11,0,26,0,1,16,0,17,0,16,27,0,43,8,0,8,51
10/07/2014,LSE,WI,AGL,CE,Federal Contract Tower,0,14,7,0,21,0,0,36,0,36,0,14,43,0,57,12,4,16,73
10/08/2014,LSE,WI,AGL,CE,Federal Contract Tower,0,16,6,0,22,0,0,16,0,16,0,16,22,0,38,14,0,14,52
10/09/2014,LSE,WI,AGL,CE,Federal Contract Tower,0,14,7,1,22,0,1,44,0,45,0,15,51,1,67,40,0,40,107
10/10/2014,LSE,WI,AGL,CE,Federal Contract Tower,0,13,11,0,24,0,0,19,0,19,0,13,30,0,43,22,0,22,65
10/11/2014,LSE,WI,AGL,CE,Federal Contract Tower,0,13,13,0,26,0,0,82,0,82,0,13,95,0,108,10,0,10,118
10/12/2014,LSE,WI,AGL,CE,Federal Contract Tower,2,11,10,0,23,0,1,18,6,25,2,12,28,6,48,8,4,12,60
10/13/2014,LSE,WI,AGL,CE,Federal Contract Tower,0,18,9,0,27,0,0,1,0,1,0,18,10,0,28,0,0,0,28
10/14/2014,LSE,WI,AGL,CE,Federal Contract Tower,0,14,5,2,21,0,0,1,0,1,0,14,6,2,22,0,0,0,22
10/15/2014,LSE,WI,AGL,CE,Federal Contract Tower,2,14,13,0,29,0,0,22,2,24,2,14,35,2,53,30,0,30,83
10/16/2014,LSE,WI,AGL,CE,Federal Contract Tower,0,14,14,1,29,0,0,24,0,24,0,14,38,1,53,24,0,24,77
10/17/2014,LSE,WI,AGL,CE,Federal Contract Tower,0,15,11,2,28,0,0,5,0,5,0,15,16,2,33,4,0,4,37
10/18/2014,LSE,WI,AGL,CE,Federal Contract Tower,0,13,4,9,26,0,13,12,2,27,0,26,16,11,53,24,40,64,117
10/19/2014,LSE,WI,AGL,CE,Federal Contract Tower,0,16,18,0,34,0,1,45,0,46,0,17,63,0,80,26,0,26,106
10/20/2014,LSE,WI,AGL,CE,Federal Contract Tower,0,13,14,0,27,0,0,23,0,23,0,13,37,0,50,20,0,20,70
10/21/2014,LSE,WI,AGL,CE,Federal Contract Tower,0,20,13,0,33,0,1,30,0,31,0,21,43,0,64,28,0,28,92
10/22/2014,LSE,WI,AGL,CE,Federal Contract Tower,2,18,1,0,21,0,6,24,0,30,2,24,25,0,51,12,0,12,63
10/23/2014,LSE,WI,AGL,CE,Federal Contract Tower,0,24,21,0,45,0,0,0,0,0,0,24,21,0,45,0,0,0,45
10/24/2014,LSE,WI,AGL,CE,Federal Contract Tower,0,14,14,0,28,0,0,18,0,18,0,14,32,0,46,6,6,12,58
10/25/2014,LSE,WI,AGL,CE,Federal Contract Tower,0,10,4,0,14,0,2,28,0,30,0,12,32,0,44,42,4,46,90
10/26/2014,LSE,WI,AGL,CE,Federal Contract Tower,0,11,9,0,20,0,2,40,0,42,0,13,49,0,62,22,0,22,84
10/27/2014,LSE,WI,AGL,CE,Federal Contract Tower,0,13,18,0,31,0,0,15,1,16,0,13,33,1,47,0,0,0,47
10/28/2014,LSE,WI,AGL,CE,Federal Contract Tower,0,15,6,1,22,0,1,4,1,6,0,16,10,2,28,6,0,6,34
10/29/2014,LSE,WI,AGL,CE,Federal Contract Tower,0,13,9,0,22,0,3,5,0,8,0,16,14,0,30,10,0,10,40
10/30/2014,LSE,WI,AGL,CE,Federal Contract Tower,0,10,7,0,17,0,0,16,0,16,0,10,23,0,33,6,0,6,39
10/31/2014,LSE,WI,AGL,CE,Federal Contract Tower,0,6,18,0,24,0,0,5,0,5,0,6,23,0,29,0,0,0,29
11/01/2014,LSE,WI,AGL,CE,Federal Contract Tower,0,15,12,13,40,0,3,40,7,50,0,18,52,20,90,26,26,52,142
11/02/2014,LSE,WI,AGL,CE,Federal Contract Tower,0,12,4,0,16,0,0,8,0,8,0,12,12,0,24,10,0,10,34
11/03/2014,LSE,WI,AGL,CE,Federal Contract Tower,0,14,8,0,22,0,2,9,0,11,0,16,17,0,33,10,0,10,43
11/04/2014,LSE,WI,AGL,CE,Federal Contract Tower,0,15,2,0,17,0,1,8,0,9,0,16,10,0,26,14,0,14,40
11/05/2014,LSE,WI,AGL,CE,Federal Contract Tower,0,12,3,0,15,0,0,14,0,14,0,12,17,0,29,0,0,0,29
11/06/2014,LSE,WI,AGL,CE,Federal Contract Tower,0,17,6,0,23,0,0,3,0,3,0,17,9,0,26,0,0,0,26
11/07/2014,LSE,WI,AGL,CE,Federal Contract Tower,0,17,6,0,23,0,0,16,0,16,0,17,22,0,39,0,0,0,39
11/08/2014,LSE,WI,AGL,CE,Federal Contract Tower,0,9,5,0,14,0,2,17,0,19,0,11,22,0,33,28,0,28,61
11/09/2014,LSE,WI,AGL,CE,Federal Contract Tower,0,12,4,0,16,0,2,18,0,20,0,14,22,0,36,28,0,28,64
11/10/2014,LSE,WI,AGL,CE,Federal Contract Tower,0,12,3,0,15,0,0,2,0,2,0,12,5,0,17,2,0,2,19
11/11/2014,LSE,WI,AGL,CE,Federal Contract Tower,0,13,9,0,22,0,0,0,0,0,0,13,9,0,22,0,0,0,22
11/12/2014,LSE,WI,AGL,CE,Federal Contract Tower,0,14,9,0,23,0,0,6,0,6,0,14,15,0,29,0,0,0,29
11/13/2014,LSE,WI,AGL,CE,Federal Contract Tower,0,14,7,0,21,0,1,8,0,9,0,15,15,0,30,0,0,0,30
11/14/2014,LSE,WI,AGL,CE,Federal Contract Tower,0,17,4,0,21,0,2,13,0,15,0,19,17,0,36,14,0,14,50
11/15/2014,LSE,WI,AGL,CE,Federal Contract Tower,0,10,0,0,10,0,0,5,0,5,0,10,5,0,15,22,0,22,37
11/16/2014,LSE,WI,AGL,CE,Federal Contract Tower,0,13,8,0,21,0,0,6,0,6,0,13,14,0,27,22,0,22,49
11/17/2014,LSE,WI,AGL,CE,Federal Contract Tower,0,14,6,0,20,0,1,6,0,7,0,15,12,0,27,0,0,0,27
11/18/2014,LSE,WI,AGL,CE,Federal Contract Tower,2,13,9,0,24,0,0,13,0,13,2,13,22,0,37,4,0,4,41
11/19/2014,LSE,WI,AGL,CE,Federal Contract Tower,2,13,7,0,22,0,0,3,0,3,2,13,10,0,25,0,0,0,25
11/20/2014,LSE,WI,AGL,CE,Federal Contract Tower,0,16,10,0,26,0,0,11,0,11,0,16,21,0,37,20,4,24,61
11/21/2014,LSE,WI,AGL,CE,Federal Contract Tower,0,13,6,0,19,0,0,24,0,24,0,13,30,0,43,16,0,16,59
11/22/2014,LSE,WI,AGL,CE,Federal Contract Tower,4,10,2,0,16,0,0,0,0,0,4,10,2,0,16,0,0,0,16
11/23/2014,LSE,WI,AGL,CE,Federal Contract Tower,2,16,7,1,26,0,1,0,0,1,2,17,7,1,27,0,0,0,27
11/24/2014,LSE,WI,AGL,CE,Federal Contract Tower,0,6,6,1,13,0,0,0,0,0,0,6,6,1,13,0,0,0,13
11/25/2014,LSE,WI,AGL,CE,Federal Contract Tower,0,19,16,2,37,0,0,22,0,22,0,19,38,2,59,16,0,16,75
11/26/2014,LSE,WI,AGL,CE,Federal Contract Tower,4,13,5,0,22,0,0,16,0,16,4,13,21,0,38,6,0,6,44
11/27/2014,LSE,WI,AGL,CE,Federal Contract Tower,0,6,6,0,12,0,0,1,0,1,0,6,7,0,13,0,0,0,13
11/28/2014,LSE,WI,AGL,CE,Federal Contract Tower,0,12,3,0,15,0,5,2,0,7,0,17,5,0,22,4,0,4,26
11/29/2014,LSE,WI,AGL,CE,Federal Contract Tower,0,13,3,0,16,0,2,52,4,58,0,15,55,4,74,16,8,24,98
11/30/2014,LSE,WI,AGL,CE,Federal Contract Tower,0,15,13,0,28,0,2,12,0,14,0,17,25,0,42,22,0,22,64
12/01/2014,LSE,WI,AGL,CE,Federal Contract Tower,0,15,5,0,20,0,0,11,0,11,0,15,16,0,31,12,0,12,43
12/02/2014,LSE,WI,AGL,CE,Federal Contract Tower,0,14,2,0,16,0,5,2,0,7,0,19,4,0,23,2,0,2,25
12/03/2014,LSE,WI,AGL,CE,Federal Contract Tower,0,23,16,2,41,0,0,11,0,11,0,23,27,2,52,26,0,26,78
12/04/2014,LSE,WI,AGL,CE,Federal Contract Tower,0,18,4,2,24,0,2,16,0,18,0,20,20,2,42,4,0,4,46
12/05/2014,LSE,WI,AGL,CE,Federal Contract Tower,0,15,6,0,21,0,0,0,0,0,0,15,6,0,21,0,0,0,21
12/06/2014,LSE,WI,AGL,CE,Federal Contract Tower,0,15,7,0,22,0,5,30,0,35,0,20,37,0,57,18,0,18,75
12/07/2014,LSE,WI,AGL,CE,Federal Contract Tower,0,16,2,2,20,0,4,17,0,21,0,20,19,2,41,2,0,2,43
12/08/2014,LSE,WI,AGL,CE,Federal Contract Tower,0,16,9,0,25,0,0,1,0,1,0,16,10,0,26,0,0,0,26
12/09/2014,LSE,WI,AGL,CE,Federal Contract Tower,0,15,2,0,17,0,3,4,1,8,0,18,6,1,25,12,0,12,37
12/10/2014,LSE,WI,AGL,CE,Federal Contract Tower,0,18,7,0,25,0,0,12,1,13,0,18,19,1,38,14,0,14,52
12/11/2014,LSE,WI,AGL,CE,Federal Contract Tower,0,16,14,0,30,0,2,3,0,5,0,18,17,0,35,16,0,16,51
12/12/2014,LSE,WI,AGL,CE,Federal Contract Tower,0,16,13,0,29,0,0,0,0,0,0,16,13,0,29,0,0,0,29
12/13/2014,LSE,WI,AGL,CE,Federal Contract Tower,0,11,3,0,14,0,0,0,0,0,0,11,3,0,14,0,0,0,14
12/14/2014,LSE,WI,AGL,CE,Federal Contract Tower,0,14,1,0,15,0,0,0,0,0,0,14,1,0,15,0,0,0,15
12/15/2014,LSE,WI,AGL,CE,Federal Contract Tower,0,16,16,0,32,0,14,0,0,14,0,30,16,0,46,2,0,2,48
12/17/2014,LSE,WI,AGL,CE,Federal Contract Tower,0,20,11,0,31,0,1,18,0,19,0,21,29,0,50,42,0,42,92
12/18/2014,LSE,WI,AGL,CE,Federal Contract Tower,0,15,10,0,25,0,0,8,0,8,0,15,18,0,33,98,0,98,131
12/19/2014,LSE,WI,AGL,CE,Federal Contract Tower,0,14,5,0,19,0,0,14,0,14,0,14,19,0,33,68,0,68,101
12/20/2014,LSE,WI,AGL,CE,Federal Contract Tower,0,15,2,2,19,0,0,7,0,7,0,15,9,2,26,38,0,38,64
12/21/2014,LSE,WI,AGL,CE,Federal Contract Tower,0,16,6,0,22,0,4,0,0,4,0,20,6,0,26,2,0,2,28
12/22/2014,LSE,WI,AGL,CE,Federal Contract Tower,0,15,4,0,19,0,2,0,0,2,0,17,4,0,21,4,0,4,25
12/23/2014,LSE,WI,AGL,CE,Federal Contract Tower,0,17,5,0,22,0,0,0,0,0,0,17,5,0,22,0,0,0,22
12/24/2014,LSE,WI,AGL,CE,Federal Contract Tower,0,11,1,0,12,0,0,6,0,6,0,11,7,0,18,28,0,28,46
12/25/2014,LSE,WI,AGL,CE,Federal Contract Tower,0,9,0,0,9,0,0,11,0,11,0,9,11,0,20,10,0,10,30
12/26/2014,LSE,WI,AGL,CE,Federal Contract Tower,0,16,4,0,20,0,0,15,0,15,0,16,19,0,35,18,0,18,53
12/27/2014,LSE,WI,AGL,CE,Federal Contract Tower,0,13,3,0,16,0,2,1,0,3,0,15,4,0,19,22,0,22,41
12/28/2014,LSE,WI,AGL,CE,Federal Contract Tower,0,14,5,0,19,0,1,31,3,35,0,15,36,3,54,30,6,36,90
12/29/2014,LSE,WI,AGL,CE,Federal Contract Tower,0,13,2,0,15,0,1,24,0,25,0,14,26,0,40,10,0,10,50
12/30/2014,LSE,WI,AGL,CE,Federal Contract Tower,0,18,3,2,23,0,2,24,1,27,0,20,27,3,50,18,12,30,80
12/31/2014,LSE,WI,AGL,CE,Federal Contract Tower,0,11,5,0,16,0,0,3,0,3,0,11,8,0,19,0,0,0,19
01/01/2015,LSE,WI,AGL,CE,Federal Contract Tower,0,8,0,0,8,0,0,20,0,20,0,8,20,0,28,14,0,14,42
01/02/2015,LSE,WI,AGL,CE,Federal Contract Tower,0,17,9,0,26,0,2,30,0,32,0,19,39,0,58,50,0,50,108
01/03/2015,LSE,WI,AGL,CE,Federal Contract Tower,0,11,1,0,12,0,0,0,0,0,0,11,1,0,12,0,0,0,12
01/04/2015,LSE,WI,AGL,CE,Federal Contract Tower,0,11,11,0,22,0,0,4,0,4,0,11,15,0,26,8,0,8,34
01/05/2015,LSE,WI,AGL,CE,Federal Contract Tower,0,9,1,1,11,0,0,2,1,3,0,9,3,2,14,0,0,0,14
01/06/2015,LSE,WI,AGL,CE,Federal Contract Tower,0,10,6,4,20,0,0,4,2,6,0,10,10,6,26,8,6,14,40
01/07/2015,LSE,WI,AGL,CE,Federal Contract Tower,2,11,7,2,22,0,0,0,0,0,2,11,7,2,22,0,0,0,22
01/08/2015,LSE,WI,AGL,CE,Federal Contract Tower,0,10,4,0,14,0,0,0,0,0,0,10,4,0,14,0,0,0,14
01/09/2015,LSE,WI,AGL,CE,Federal Contract Tower,0,12,6,0,18,0,0,5,0,5,0,12,11,0,23,10,2,12,35
01/10/2015,LSE,WI,AGL,CE,Federal Contract Tower,2,7,4,2,15,0,0,16,0,16,2,7,20,2,31,18,0,18,49
01/11/2015,LSE,WI,AGL,CE,Federal Contract Tower,0,9,8,2,19,0,0,14,0,14,0,9,22,2,33,8,0,8,41
01/12/2015,LSE,WI,AGL,CE,Federal Contract Tower,0,13,3,0,16,0,0,13,0,13,0,13,16,0,29,20,0,20,49
01/13/2015,LSE,WI,AGL,CE,Federal Contract Tower,2,14,7,0,23,0,0,13,0,13,2,14,20,0,36,0,0,0,36
01/14/2015,LSE,WI,AGL,CE,Federal Contract Tower,0,18,1,0,19,0,0,15,0,15,0,18,16,0,34,4,0,4,38
01/15/2015,LSE,WI,AGL,CE,Federal Contract Tower,0,15,9,0,24,0,0,10,0,10,0,15,19,0,34,10,0,10,44
01/16/2015,LSE,WI,AGL,CE,Federal Contract Tower,0,15,8,0,23,0,2,10,0,12,0,17,18,0,35,6,0,6,41
01/17/2015,LSE,WI,AGL,CE,Federal Contract Tower,0,13,3,0,16,0,0,12,2,14,0,13,15,2,30,0,18,18,48
01/18/2015,LSE,WI,AGL,CE,Federal Contract Tower,0,9,1,0,10,0,0,35,0,35,0,9,36,0,45,24,0,24,69
01/19/2015,LSE,WI,AGL,CE,Federal Contract Tower,0,14,6,0,20,0,0,19,0,19,0,14,25,0,39,20,0,20,59
01/20/2015,LSE,WI,AGL,CE,Federal Contract Tower,0,12,6,0,18,0,0,6,0,6,0,12,12,0,24,0,0,0,24
01/21/2015,LSE,WI,AGL,CE,Federal Contract Tower,0,12,12,0,24,0,0,6,0,6,0,12,18,0,30,0,0,0,30
01/22/2015,LSE,WI,AGL,CE,Federal Contract Tower,0,14,8,0,22,0,0,5,0,5,0,14,13,0,27,0,0,0,27
01/23/2015,LSE,WI,AGL,CE,Federal Contract Tower,0,13,4,0,17,0,0,29,0,29,0,13,33,0,46,22,0,22,68
01/24/2015,LSE,WI,AGL,CE,Federal Contract Tower,0,12,0,0,12,0,2,24,0,26,0,14,24,0,38,14,14,28,66
01/25/2015,LSE,WI,AGL,CE,Federal Contract Tower,0,9,16,0,25,0,0,26,0,26,0,9,42,0,51,16,0,16,67
01/26/2015,LSE,WI,AGL,CE,Federal Contract Tower,0,17,8,0,25,0,0,2,0,2,0,17,10,0,27,0,0,0,27
01/27/2015,LSE,WI,AGL,CE,Federal Contract Tower,0,15,9,0,24,0,0,4,1,5,0,15,13,1,29,0,0,0,29
01/28/2015,LSE,WI,AGL,CE,Federal Contract Tower,0,11,9,0,20,0,0,3,2,5,0,11,12,2,25,0,2,2,27
01/29/2015,LSE,WI,AGL,CE,Federal Contract Tower,0,17,8,0,25,0,2,9,2,13,0,19,17,2,38,18,4,22,60
01/30/2015,LSE,WI,AGL,CE,Federal Contract Tower,0,13,10,0,23,0,0,25,4,29,0,13,35,4,52,60,12,72,124
01/31/2015,LSE,WI,AGL,CE,Federal Contract Tower,0,14,6,0,20,0,1,13,0,14,0,15,19,0,34,36,0,36,70
02/01/2015,LSE,WI,AGL,CE,Federal Contract Tower,0,4,0,0,4,0,0,0,0,0,0,4,0,0,4,0,0,0,4
02/02/2015,LSE,WI,AGL,CE,Federal Contract Tower,0,7,5,0,12,0,0,13,0,13,0,7,18,0,25,0,0,0,25
02/03/2015,LSE,WI,AGL,CE,Federal Contract Tower,0,10,11,0,21,0,0,7,0,7,0,10,18,0,28,8,0,8,36
02/04/2015,LSE,WI,AGL,CE,Federal Contract Tower,2,14,17,0,33,0,1,10,1,12,2,15,27,1,45,4,0,4,49
02/05/2015,LSE,WI,AGL,CE,Federal Contract Tower,0,14,1,2,17,0,0,16,2,18,0,14,17,4,35,4,0,4,39
02/06/2015,LSE,WI,AGL,CE,Federal Contract Tower,1,13,13,0,27,0,0,34,0,34,1,13,47,0,61,14,0,14,75
02/07/2015,LSE,WI,AGL,CE,Federal Contract Tower,2,13,1,0,16,0,1,30,1,32,2,14,31,1,48,0,6,6,54
02/08/2015,LSE,WI,AGL,CE,Federal Contract Tower,0,9,4,0,13,0,0,4,0,4,0,9,8,0,17,18,0,18,35
02/09/2015,LSE,WI,AGL,CE,Federal Contract Tower,0,11,4,0,15,0,0,19,0,19,0,11,23,0,34,4,0,4,38
02/10/2015,LSE,WI,AGL,CE,Federal Contract Tower,0,13,4,0,17,0,0,8,0,8,0,13,12,0,25,0,0,0,25
02/11/2015,LSE,WI,AGL,CE,Federal Contract Tower,0,16,6,0,22,0,0,1,0,1,0,16,7,0,23,0,0,0,23
02/12/2015,LSE,WI,AGL,CE,Federal Contract Tower,0,14,4,0,18,0,0,8,0,8,0,14,12,0,26,0,0,0,26
02/13/2015,LSE,WI,AGL,CE,Federal Contract Tower,2,15,10,0,27,0,0,14,2,16,2,15,24,2,43,40,0,40,83
02/14/2015,LSE,WI,AGL,CE,Federal Contract Tower,0,8,1,0,9,0,0,4,0,4,0,8,5,0,13,0,0,0,13
02/15/2015,LSE,WI,AGL,CE,Federal Contract Tower,0,6,8,0,14,0,0,29,0,29,0,6,37,0,43,46,0,46,89
02/16/2015,LSE,WI,AGL,CE,Federal Contract Tower,0,16,9,0,25,0,1,14,0,15,0,17,23,0,40,18,0,18,58
02/17/2015,LSE,WI,AGL,CE,Federal Contract Tower,0,15,11,0,26,0,4,6,0,10,0,19,17,0,36,14,0,14,50
02/18/2015,LSE,WI,AGL,CE,Federal Contract Tower,0,15,7,0,22,0,0,0,0,0,0,15,7,0,22,0,0,0,22
02/19/2015,LSE,WI,AGL,CE,Federal Contract Tower,0,16,12,0,28,0,3,10,0,13,0,19,22,0,41,14,0,14,55
02/20/2015,LSE,WI,AGL,CE,Federal Contract Tower,1,14,6,0,21,0,2,2,0,4,1,16,8,0,25,4,0,4,29
02/21/2015,LSE,WI,AGL,CE,Federal Contract Tower,0,9,0,0,9,0,0,2,0,2,0,9,2,0,11,0,0,0,11
02/22/2015,LSE,WI,AGL,CE,Federal Contract Tower,0,12,6,0,18,0,5,12,0,17,0,17,18,0,35,4,0,4,39
02/23/2015,LSE,WI,AGL,CE,Federal Contract Tower,0,15,12,0,27,0,0,8,0,8,0,15,20,0,35,0,0,0,35
02/24/2015,LSE,WI,AGL,CE,Federal Contract Tower,0,15,7,0,22,0,0,3,0,3,0,15,10,0,25,0,0,0,25
02/25/2015,LSE,WI,AGL,CE,Federal Contract Tower,0,18,6,0,24,0,0,6,0,6,0,18,12,0,30,0,0,0,30
02/26/2015,LSE,WI,AGL,CE,Federal Contract Tower,0,13,11,2,26,0,1,9,2,12,0,14,20,4,38,10,0,10,48
02/27/2015,LSE,WI,AGL,CE,Federal Contract Tower,0,15,11,0,26,0,2,7,0,9,0,17,18,0,35,6,0,6,41
02/28/2015,LSE,WI,AGL,CE,Federal Contract Tower,0,9,1,0,10,0,0,21,2,23,0,9,22,2,33,10,16,26,59
03/01/2015,LSE,WI,AGL,CE,Federal Contract Tower,0,11,12,0,23,0,0,13,0,13,0,11,25,0,36,18,0,18,54
03/02/2015,LSE,WI,AGL,CE,Federal Contract Tower,0,16,6,0,22,0,2,42,0,44,0,18,48,0,66,70,0,70,136
03/03/2015,LSE,WI,AGL,CE,Federal Contract Tower,0,16,8,0,24,0,2,0,2,4,0,18,8,2,28,4,0,4,32
03/04/2015,LSE,WI,AGL,CE,Federal Contract Tower,0,19,7,0,26,0,0,17,3,20,0,19,24,3,46,4,0,4,50
03/05/2015,LSE,WI,AGL,CE,Federal Contract Tower,0,17,12,0,29,0,2,21,2,25,0,19,33,2,54,18,4,22,76
03/06/2015,LSE,WI,AGL,CE,Federal Contract Tower,0,16,8,6,30,0,2,17,2,21,0,18,25,8,51,22,12,34,85
03/07/2015,LSE,WI,AGL,CE,Federal Contract Tower,0,9,5,2,16,0,0,20,0,20,0,9,25,2,36,16,0,16,52
03/08/2015,LSE,WI,AGL,CE,Federal Contract Tower,0,12,4,0,16,0,2,37,0,39,0,14,41,0,55,16,0,16,71
03/09/2015,LSE,WI,AGL,CE,Federal Contract Tower,2,15,2,0,19,0,0,19,0,19,2,15,21,0,38,18,0,18,56
03/10/2015,LSE,WI,AGL,CE,Federal Contract Tower,0,18,1,0,19,0,0,18,3,21,0,18,19,3,40,10,0,10,50
03/11/2015,LSE,WI,AGL,CE,Federal Contract Tower,0,15,7,2,24,0,8,38,3,49,0,23,45,5,73,20,11,31,104
03/12/2015,LSE,WI,AGL,CE,Federal Contract Tower,0,17,9,0,26,0,0,34,3,37,0,17,43,3,63,6,0,6,69
03/13/2015,LSE,WI,AGL,CE,Federal Contract Tower,0,16,6,4,26,0,2,40,0,42,0,18,46,4,68,22,0,22,90
03/14/2015,LSE,WI,AGL,CE,Federal Contract Tower,4,11,5,0,20,0,5,28,1,34,4,16,33,1,54,18,0,18,72
03/15/2015,LSE,WI,AGL,CE,Federal Contract Tower,0,11,3,0,14,0,8,16,0,24,0,19,19,0,38,24,0,24,62
03/16/2015,LSE,WI,AGL,CE,Federal Contract Tower,0,15,10,0,25,0,0,21,0,21,0,15,31,0,46,20,0,20,66
03/17/2015,LSE,WI,AGL,CE,Federal Contract Tower,0,16,7,0,23,0,0,13,0,13,0,16,20,0,36,16,0,16,52
03/18/2015,LSE,WI,AGL,CE,Federal Contract Tower,0,17,3,0,20,0,2,16,1,19,0,19,19,1,39,44,2,46,85
03/19/2015,LSE,WI,AGL,CE,Federal Contract Tower,0,21,9,0,30,0,0,15,0,15,0,21,24,0,45,24,0,24,69
03/20/2015,LSE,WI,AGL,CE,Federal Contract Tower,0,15,13,0,28,0,0,27,0,27,0,15,40,0,55,20,0,20,75
03/21/2015,LSE,WI,AGL,CE,Federal Contract Tower,2,9,2,0,13,0,4,32,0,36,2,13,34,0,49,14,0,14,63
03/22/2015,LSE,WI,AGL,CE,Federal Contract Tower,0,14,8,0,22,0,1,6,0,7,0,15,14,0,29,2,0,2,31
03/23/2015,LSE,WI,AGL,CE,Federal Contract Tower,0,12,3,0,15,0,2,5,0,7,0,14,8,0,22,4,0,4,26
03/24/2015,LSE,WI,AGL,CE,Federal Contract Tower,2,14,6,0,22,0,0,8,0,8,2,14,14,0,30,0,0,0,30
03/25/2015,LSE,WI,AGL,CE,Federal Contract Tower,0,21,9,2,32,0,0,8,0,8,0,21,17,2,40,0,0,0,40
03/26/2015,LSE,WI,AGL,CE,Federal Contract Tower,0,17,5,4,26,0,2,8,0,10,0,19,13,4,36,4,0,4,40
03/27/2015,LSE,WI,AGL,CE,Federal Contract Tower,0,19,4,0,23,0,2,52,0,54,0,21,56,0,77,34,0,34,111
03/28/2015,LSE,WI,AGL,CE,Federal Contract Tower,0,9,10,0,19,0,0,40,0,40,0,9,50,0,59,10,0,10,69
03/30/2015,LSE,WI,AGL,CE,Federal Contract Tower,0,17,2,0,19,0,2,13,0,15,0,19,15,0,34,30,0,30,64
03/31/2015,LSE,WI,AGL,CE,Federal Contract Tower,0,19,7,0,26,0,0,31,0,31,0,19,38,0,57,24,0,24,81
04/01/2015,LSE,WI,AGL,CE,Federal Contract Tower,0,17,9,0,26,0,0,9,2,11,0,17,18,2,37,0,8,8,45
04/02/2015,LSE,WI,AGL,CE,Federal Contract Tower,0,16,6,0,22,0,1,10,0,11,0,17,16,0,33,6,0,6,39
04/03/2015,LSE,WI,AGL,CE,Federal Contract Tower,0,14,11,0,25,0,2,9,0,11,0,16,20,0,36,38,0,38,74
04/04/2015,LSE,WI,AGL,CE,Federal Contract Tower,0,10,8,0,18,0,1,20,0,21,0,11,28,0,39,30,0,30,69
04/05/2015,LSE,WI,AGL,CE,Federal Contract Tower,0,11,5,0,16,0,0,17,0,17,0,11,22,0,33,0,0,0,33
04/06/2015,LSE,WI,AGL,CE,Federal Contract Tower,0,15,10,0,25,0,0,22,0,22,0,15,32,0,47,0,0,0,47
04/07/2015,LSE,WI,AGL,CE,Federal Contract Tower,0,17,12,0,29,0,0,3,0,3,0,17,15,0,32,0,0,0,32
04/08/2015,LSE,WI,AGL,CE,Federal Contract Tower,0,15,12,4,31,0,0,5,0,5,0,15,17,4,36,28,0,28,64
04/09/2015,LSE,WI,AGL,CE,Federal Contract Tower,0,13,4,0,17,0,0,0,0,0,0,13,4,0,17,0,0,0,17
04/10/2015,LSE,WI,AGL,CE,Federal Contract Tower,0,14,12,0,26,0,1,21,0,22,0,15,33,0,48,24,0,24,72
04/11/2015,LSE,WI,AGL,CE,Federal Contract Tower,0,14,4,0,18,0,3,54,0,57,0,17,58,0,75,16,0,16,91
04/12/2015,LSE,WI,AGL,CE,Federal Contract Tower,0,14,8,4,26,0,0,14,0,14,0,14,22,4,40,0,0,0,40
04/13/2015,LSE,WI,AGL,CE,Federal Contract Tower,0,16,11,0,27,0,0,15,0,15,0,16,26,0,42,8,0,8,50
04/14/2015,LSE,WI,AGL,CE,Federal Contract Tower,0,18,5,1,24,0,2,38,1,41,0,20,43,2,65,36,34,70,135
04/15/2015,LSE,WI,AGL,CE,Federal Contract Tower,0,18,15,3,36,0,0,31,3,34,0,18,46,6,70,56,20,76,146
04/16/2015,LSE,WI,AGL,CE,Federal Contract Tower,2,21,7,4,34,0,3,32,1,36,2,24,39,5,70,48,18,66,136
04/17/2015,LSE,WI,AGL,CE,Federal Contract Tower,0,20,7,5,32,0,7,48,0,55,0,27,55,5,87,42,0,42,129
04/18/2015,LSE,WI,AGL,CE,Federal Contract Tower,0,11,4,2,17,0,3,21,0,24,0,14,25,2,41,24,0,24,65
04/19/2015,LSE,WI,AGL,CE,Federal Contract Tower,1,11,7,0,19,0,0,4,0,4,1,11,11,0,23,0,0,0,23
04/20/2015,LSE,WI,AGL,CE,Federal Contract Tower,0,18,8,2,28,0,4,2,0,6,0,22,10,2,34,18,0,18,52
04/21/2015,LSE,WI,AGL,CE,Federal Contract Tower,0,16,11,2,29,0,0,4,0,4,0,16,15,2,33,0,0,0,33
04/22/2015,LSE,WI,AGL,CE,Federal Contract Tower,2,18,8,2,30,0,0,14,3,17,2,18,22,5,47,40,0,40,87
04/23/2015,LSE,WI,AGL,CE,Federal Contract Tower,0,22,4,1,27,0,0,21,1,22,0,22,25,2,49,18,0,18,67
04/24/2015,LSE,WI,AGL,CE,Federal Contract Tower,0,21,9,2,32,0,2,23,0,25,0,23,32,2,57,16,0,16,73
04/25/2015,LSE,WI,AGL,CE,Federal Contract Tower,0,13,6,0,19,0,3,19,1,23,0,16,25,1,42,24,4,28,70
04/26/2015,LSE,WI,AGL,CE,Federal Contract Tower,0,15,12,0,27,0,0,34,0,34,0,15,46,0,61,14,0,14,75
04/27/2015,LSE,WI,AGL,CE,Federal Contract Tower,2,24,12,5,43,0,2,20,0,22,2,26,32,5,65,28,0,28,93
04/28/2015,LSE,WI,AGL,CE,Federal Contract Tower,0,17,10,1,28,0,2,55,1,58,0,19,65,2,86,18,0,18,104
04/29/2015,LSE,WI,AGL,CE,Federal Contract Tower,0,17,6,6,29,0,2,20,5,27,0,19,26,11,56,28,24,52,108
04/30/2015,LSE,WI,AGL,CE,Federal Contract Tower,0,20,13,1,34,0,0,22,1,23,0,20,35,2,57,8,0,8,65
05/01/2015,LSE,WI,AGL,CE,Federal Contract Tower,2,15,15,2,34,0,0,21,0,21,2,15,36,2,55,50,0,50,105
05/02/2015,LSE,WI,AGL,CE,Federal Contract Tower,9,9,5,2,25,0,4,36,0,40,9,13,41,2,65,20,0,20,85
05/03/2015,LSE,WI,AGL,CE,Federal Contract Tower,0,10,14,0,24,0,1,24,0,25,0,11,38,0,49,12,0,12,61
05/04/2015,LSE,WI,AGL,CE,Federal Contract Tower,0,14,8,1,23,0,5,22,6,33,0,19,30,7,56,20,14,34,90
05/05/2015,LSE,WI,AGL,CE,Federal Contract Tower,2,12,18,0,32,0,21,4,0,25,2,33,22,0,57,14,0,14,71
05/06/2015,LSE,WI,AGL,CE,Federal Contract Tower,0,14,9,1,24,0,0,11,0,11,0,14,20,1,35,16,0,16,51
05/07/2015,LSE,WI,AGL,CE,Federal Contract Tower,8,13,3,8,32,0,0,13,4,17,8,13,16,12,49,0,4,4,53
05/09/2015,LSE,WI,AGL,CE,Federal Contract Tower,2,10,3,0,15,0,2,59,0,61,2,12,62,0,76,28,0,28,104
05/10/2015,LSE,WI,AGL,CE,Federal Contract Tower,2,12,6,2,22,0,1,10,0,11,2,13,16,2,33,10,0,10,43
05/11/2015,LSE,WI,AGL,CE,Federal Contract Tower,0,12,14,0,26,0,0,15,0,15,0,12,29,0,41,24,0,24,65
05/12/2015,LSE,WI,AGL,CE,Federal Contract Tower,0,13,14,3,30,0,0,17,1,18,0,13,31,4,48,4,0,4,52
05/13/2015,LSE,WI,AGL,CE,Federal Contract Tower,0,14,17,2,33,0,2,50,0,52,0,16,67,2,85,12,0,12,97
05/14/2015,LSE,WI,AGL,CE,Federal Contract Tower,0,16,6,4,26,0,2,8,1,11,0,18,14,5,37,20,0,20,57
05/15/2015,LSE,WI,AGL,CE,Federal Contract Tower,0,14,13,2,29,0,3,22,2,27,0,17,35,4,56,22,6,28,84
05/16/2015,LSE,WI,AGL,CE,Federal Contract Tower,0,11,2,0,13,0,0,8,0,8,0,11,10,0,21,0,0,0,21
05/17/2015,LSE,WI,AGL,CE,Federal Contract Tower,2,13,9,2,26,0,0,3,0,3,2,13,12,2,29,0,0,0,29
05/18/2015,LSE,WI,AGL,CE,Federal Contract Tower,0,18,5,3,26,0,4,12,0,16,0,22,17,3,42,16,0,16,58
05/19/2015,LSE,WI,AGL,CE,Federal Contract Tower,0,14,12,0,26,0,2,57,0,59,0,16,69,0,85,40,0,40,125
05/20/2015,LSE,WI,AGL,CE,Federal Contract Tower,5,10,15,2,32,0,0,25,0,25,5,10,40,2,57,30,36,66,123
05/21/2015,LSE,WI,AGL,CE,Federal Contract Tower,2,15,21,0,38,0,0,29,0,29,2,15,50,0,67,12,0,12,79
05/22/2015,LSE,WI,AGL,CE,Federal Contract Tower,7,12,6,0,25,0,4,46,3,53,7,16,52,3,78,36,6,42,120
05/23/2015,LSE,WI,AGL,CE,Federal Contract Tower,0,10,4,0,14,0,3,34,1,38,0,13,38,1,52,28,0,28,80
05/24/2015,LSE,WI,AGL,CE,Federal Contract Tower,6,6,3,0,15,0,0,4,0,4,6,6,7,0,19,8,0,8,27
05/25/2015,LSE,WI,AGL,CE,Federal Contract Tower,0,14,6,0,20,0,0,5,0,5,0,14,11,0,25,4,0,4,29
05/26/2015,LSE,WI,AGL,CE,Federal Contract Tower,0,12,5,0,17,0,0,3,0,3,0,12,8,0,20,0,0,0,20
05/27/2015,LSE,WI,AGL,CE,Federal Contract Tower,2,16,7,2,27,0,5,21,1,27,2,21,28,3,54,14,10,24,78
05/28/2015,LSE,WI,AGL,CE,Federal Contract Tower,0,14,10,2,26,0,0,32,0,32,0,14,42,2,58,4,0,4,62
05/29/2015,LSE,WI,AGL,CE,Federal Contract Tower,0,15,16,3,34,0,0,13,4,17,0,15,29,7,51,16,0,16,67
05/30/2015,LSE,WI,AGL,CE,Federal Contract Tower,0,11,8,4,23,0,0,5,0,5,0,11,13,4,28,0,16,16,44
05/31/2015,LSE,WI,AGL,CE,Federal Contract Tower,0,10,2,0,12,0,2,37,0,39,0,12,39,0,51,40,0,40,91
06/01/2015,LSE,WI,AGL,CE,Federal Contract Tower,0,17,9,2,28,0,4,28,0,32,0,21,37,2,60,54,0,54,114
06/02/2015,LSE,WI,AGL,CE,Federal Contract Tower,0,13,3,0,16,0,2,31,0,33,0,15,34,0,49,30,0,30,79
06/03/2015,LSE,WI,AGL,CE,Federal Contract Tower,0,10,9,0,19,0,1,15,0,16,0,11,24,0,35,0,0,0,35
06/04/2015,LSE,WI,AGL,CE,Federal Contract Tower,0,13,20,8,41,0,0,20,3,23,0,13,40,11,64,0,20,20,84
06/05/2015,LSE,WI,AGL,CE,Federal Contract Tower,11,17,5,2,35,0,2,10,2,14,11,19,15,4,49,14,4,18,67
06/06/2015,LSE,WI,AGL,CE,Federal Contract Tower,12,12,5,7,36,0,1,41,5,47,12,13,46,12,83,14,12,26,109
06/07/2015,LSE,WI,AGL,CE,Federal Contract Tower,2,13,0,2,17,0,9,9,16,34,2,22,9,18,51,44,16,60,111
06/08/2015,LSE,WI,AGL,CE,Federal Contract Tower,0,13,7,0,20,0,2,24,8,34,0,15,31,8,54,12,26,38,92
06/09/2015,LSE,WI,AGL,CE,Federal Contract Tower,0,16,8,6,30,0,2,36,20,58,0,18,44,26,88,44,36,80,168
06/10/2015,LSE,WI,AGL,CE,Federal Contract Tower,0,12,14,3,29,0,4,26,8,38,0,16,40,11,67,20,46,66,133
06/11/2015,LSE,WI,AGL,CE,Federal Contract Tower,0,14,9,1,24,0,0,0,5,5,0,14,9,6,29,0,2,2,31
06/12/2015,LSE,WI,AGL,CE,Federal Contract Tower,0,12,17,0,29,0,0,30,11,41,0,12,47,11,70,28,34,62,132
06/13/2015,LSE,WI,AGL,CE,Federal Contract Tower,0,12,9,12,33,0,0,4,5,9,0,12,13,17,42,0,28,28,70
06/14/2015,LSE,WI,AGL,CE,Federal Contract Tower,0,10,10,3,23,0,2,16,5,23,0,12,26,8,46,36,10,46,92
06/15/2015,LSE,WI,AGL,CE,Federal Contract Tower,0,8,8,0,16,0,0,15,8,23,0,8,23,8,39,2,0,2,41
06/16/2015,LSE,WI,AGL,CE,Federal Contract Tower,1,12,3,3,19,0,3,76,6,85,1,15,79,9,104,44,2,46,150
06/17/2015,LSE,WI,AGL,CE,Federal Contract Tower,1,11,1,5,18,0,1,14,6,21,1,12,15,11,39,32,32,64,103
06/18/2015,LSE,WI,AGL,CE,Federal Contract Tower,0,14,9,2,25,0,1,31,1,33,0,15,40,3,58,2,14,16,74
06/19/2015,LSE,WI,AGL,CE,Federal Contract Tower,11,11,7,3,32,0,1,46,0,47,11,12,53,3,79,64,0,64,143
06/20/2015,LSE,WI,AGL,CE,Federal Contract Tower,0,12,3,0,15,0,2,9,0,11,0,14,12,0,26,14,0,14,40
06/21/2015,LSE,WI,AGL,CE,Federal Contract Tower,2,9,3,0,14,0,0,45,0,45,2,9,48,0,59,46,0,46,105
06/22/2015,LSE,WI,AGL,CE,Federal Contract Tower,0,7,7,2,16,0,0,7,0,7,0,7,14,2,23,20,10,30,53
06/23/2015,LSE,WI,AGL,CE,Federal Contract Tower,0,12,10,2,24,0,3,42,1,46,0,15,52,3,70,26,20,46,116
06/24/2015,LSE,WI,AGL,CE,Federal Contract Tower,0,11,10,4,25,0,2,24,4,30,0,13,34,8,55,10,10,20,75
06/25/2015,LSE,WI,AGL,CE,Federal Contract Tower,3,13,10,2,28,0,1,20,1,22,3,14,30,3,50,4,14,18,68
06/26/2015,LSE,WI,AGL,CE,Federal Contract Tower,15,11,14,0,40,0,0,25,0,25,15,11,39,0,65,24,0,24,89
06/27/2015,LSE,WI,AGL,CE,Federal Contract Tower,0,13,7,0,20,0,1,25,1,27,0,14,32,1,47,0,18,18,65
06/28/2015,LSE,WI,AGL,CE,Federal Contract Tower,0,11,6,0,17,0,1,9,0,10,0,12,15,0,27,16,0,16,43
06/29/2015,LSE,WI,AGL,CE,Federal Contract Tower,2,12,8,3,25,0,0,10,3,13,2,12,18,6,38,12,0,12,50
06/30/2015,LSE,WI,AGL,CE,Federal Contract Tower,0,12,5,2,19,0,3,20,0,23,0,15,25,2,42,12,0,12,54
07/01/2015,LSE,WI,AGL,CE,Federal Contract Tower,0,13,16,1,30,0,4,25,2,31,0,17,41,3,61,24,0,24,85
07/02/2015,LSE,WI,AGL,CE,Federal Contract Tower,0,12,8,3,23,0,1,11,11,23,0,13,19,14,46,28,12,40,86
07/03/2015,LSE,WI,AGL,CE,Federal Contract Tower,9,10,5,2,26,0,0,48,0,48,9,10,53,2,74,54,0,54,128
07/04/2015,LSE,WI,AGL,CE,Federal Contract Tower,0,8,1,0,9,0,0,13,0,13,0,8,14,0,22,4,0,4,26
07/05/2015,LSE,WI,AGL,CE,Federal Contract Tower,4,11,6,0,21,0,0,32,0,32,4,11,38,0,53,14,0,14,67
07/06/2015,LSE,WI,AGL,CE,Federal Contract Tower,0,12,7,0,19,0,0,2,0,2,0,12,9,0,21,8,0,8,29
07/07/2015,LSE,WI,AGL,CE,Federal Contract Tower,0,10,21,0,31,0,0,31,1,32,0,10,52,1,63,44,26,70,133
07/08/2015,LSE,WI,AGL,CE,Federal Contract Tower,0,9,17,1,27,0,0,26,3,29,0,9,43,4,56,2,8,10,66
07/09/2015,LSE,WI,AGL,CE,Federal Contract Tower,0,15,18,0,33,0,8,55,2,65,0,23,73,2,98,40,2,42,140
07/10/2015,LSE,WI,AGL,CE,Federal Contract Tower,0,12,14,0,26,0,3,36,0,39,0,15,50,0,65,62,0,62,127
07/11/2015,LSE,WI,AGL,CE,Federal Contract Tower,0,9,8,0,17,0,2,35,0,37,0,11,43,0,54,10,0,10,64
07/12/2015,LSE,WI,AGL,CE,Federal Contract Tower,0,13,6,0,19,0,0,8,0,8,0,13,14,0,27,0,0,0,27
07/13/2015,LSE,WI,AGL,CE,Federal Contract Tower,0,12,5,3,20,0,1,22,0,23,0,13,27,3,43,52,16,68,111
07/14/2015,LSE,WI,AGL,CE,Federal Contract Tower,0,10,23,3,36,0,1,8,2,11,0,11,31,5,47,14,8,22,69
07/15/2015,LSE,WI,AGL,CE,Federal Contract Tower,0,10,15,4,29,0,3,28,5,36,0,13,43,9,65,36,28,64,129
07/16/2015,LSE,WI,AGL,CE,Federal Contract Tower,0,16,12,0,28,0,0,2,0,2,0,16,14,0,30,2,0,2,32
07/17/2015,LSE,WI,AGL,CE,Federal Contract Tower,0,13,14,4,31,0,0,37,0,37,0,13,51,4,68,48,0,48,116
07/18/2015,LSE,WI,AGL,CE,Federal Contract Tower,0,10,8,1,19,0,1,64,0,65,0,11,72,1,84,30,4,34,118
07/19/2015,LSE,WI,AGL,CE,Federal Contract Tower,4,11,3,1,19,0,1,42,2,45,4,12,45,3,64,12,2,14,78
07/20/2015,LSE,WI,AGL,CE,Federal Contract Tower,0,12,11,1,24,0,0,15,1,16,0,12,26,2,40,8,0,8,48
07/21/2015,LSE,WI,AGL,CE,Federal Contract Tower,0,15,9,0,24,0,1,46,0,47,0,16,55,0,71,44,0,44,115
07/22/2015,LSE,WI,AGL,CE,Federal Contract Tower,0,11,18,9,38,0,0,35,9,44,0,11,53,18,82,14,30,44,126
07/23/2015,LSE,WI,AGL,CE,Federal Contract Tower,0,13,14,0,27,0,0,39,3,42,0,13,53,3,69,28,12,40,109
07/24/2015,LSE,WI,AGL,CE,Federal Contract Tower,0,13,2,0,15,0,0,15,0,15,0,13,17,0,30,0,0,0,30
07/25/2015,LSE,WI,AGL,CE,Federal Contract Tower,4,12,4,0,20,0,2,41,0,43,4,14,45,0,63,4,0,4,67
07/26/2015,LSE,WI,AGL,CE,Federal Contract Tower,0,11,10,0,21,0,1,20,0,21,0,12,30,0,42,2,0,2,44
07/27/2015,LSE,WI,AGL,CE,Federal Contract Tower,2,12,23,0,37,0,2,21,0,23,2,14,44,0,60,4,0,4,64
07/28/2015,LSE,WI,AGL,CE,Federal Contract Tower,0,18,6,0,24,0,1,6,0,7,0,19,12,0,31,18,0,18,49
07/29/2015,LSE,WI,AGL,CE,Federal Contract Tower,0,11,12,0,23,0,0,23,0,23,0,11,35,0,46,24,0,24,70
07/30/2015,LSE,WI,AGL,CE,Federal Contract Tower,2,13,6,0,21,0,1,45,0,46,2,14,51,0,67,28,0,28,95
07/31/2015,LSE,WI,AGL,CE,Federal Contract Tower,0,14,7,1,22,0,1,28,0,29,0,15,35,1,51,56,0,56,107
08/01/2015,LSE,WI,AGL,CE,Federal Contract Tower,0,18,5,0,23,0,0,26,0,26,0,18,31,0,49,28,0,28,77
08/02/2015,LSE,WI,AGL,CE,Federal Contract Tower,4,9,6,0,19,0,1,18,0,19,4,10,24,0,38,0,0,0,38
08/03/2015,LSE,WI,AGL,CE,Federal Contract Tower,0,14,6,2,22,0,5,45,1,51,0,19,51,3,73,34,0,34,107
08/04/2015,LSE,WI,AGL,CE,Federal Contract Tower,0,13,12,0,25,0,2,31,0,33,0,15,43,0,58,32,0,32,90
08/05/2015,LSE,WI,AGL,CE,Federal Contract Tower,1,13,9,2,25,0,0,29,1,30,1,13,38,3,55,8,4,12,67
08/06/2015,LSE,WI,AGL,CE,Federal Contract Tower,2,13,11,0,26,0,1,25,3,29,2,14,36,3,55,10,0,10,65
08/07/2015,LSE,WI,AGL,CE,Federal Contract Tower,2,12,16,0,30,0,1,9,0,10,2,13,25,0,40,8,0,8,48
08/08/2015,LSE,WI,AGL,CE,Federal Contract Tower,12,13,12,2,39,0,2,7,0,9,12,15,19,2,48,10,0,10,58
08/09/2015,LSE,WI,AGL,CE,Federal Contract Tower,0,11,4,0,15,0,4,18,0,22,0,15,22,0,37,10,0,10,47
08/10/2015,LSE,WI,AGL,CE,Federal Contract Tower,0,10,9,0,19,0,0,22,1,23,0,10,31,1,42,0,18,18,60
08/11/2015,LSE,WI,AGL,CE,Federal Contract Tower,2,12,8,2,24,0,2,37,4,43,2,14,45,6,67,44,20,64,131
08/12/2015,LSE,WI,AGL,CE,Federal Contract Tower,0,11,14,1,26,0,0,14,2,16,0,11,28,3,42,14,0,14,56
08/13/2015,LSE,WI,AGL,CE,Federal Contract Tower,0,15,20,3,38,0,1,30,2,33,0,16,50,5,71,56,12,68,139
08/14/2015,LSE,WI,AGL,CE,Federal Contract Tower,2,16,6,0,24,0,0,28,1,29,2,16,34,1,53,32,4,36,89
08/15/2015,LSE,WI,AGL,CE,Federal Contract Tower,4,12,14,1,31,0,1,20,1,22,4,13,34,2,53,2,0,2,55
08/16/2015,LSE,WI,AGL,CE,Federal Contract Tower,0,11,15,0,26,0,0,40,0,40,0,11,55,0,66,14,0,14,80
08/17/2015,LSE,WI,AGL,CE,Federal Contract Tower,0,12,4,0,16,0,0,5,0,5,0,12,9,0,21,18,0,18,39
08/18/2015,LSE,WI,AGL,CE,Federal Contract Tower,0,9,14,0,23,0,0,5,0,5,0,9,19,0,28,12,0,12,40
08/19/2015,LSE,WI,AGL,CE,Federal Contract Tower,0,9,14,0,23,0,0,6,2,8,0,9,20,2,31,8,0,8,39
08/20/2015,LSE,WI,AGL,CE,Federal Contract Tower,2,10,14,0,26,0,1,26,5,32,2,11,40,5,58,38,0,38,96
08/21/2015,LSE,WI,AGL,CE,Federal Contract Tower,2,11,13,0,26,0,0,28,0,28,2,11,41,0,54,12,0,12,66
08/22/2015,LSE,WI,AGL,CE,Federal Contract Tower,0,8,6,0,14,0,2,11,0,13,0,10,17,0,27,4,0,4,31
08/23/2015,LSE,WI,AGL,CE,Federal Contract Tower,2,9,6,0,17,0,0,7,0,7,2,9,13,0,24,0,0,0,24
08/24/2015,LSE,WI,AGL,CE,Federal Contract Tower,2,12,4,0,18,0,6,6,0,12,2,18,10,0,30,0,0,0,30
08/25/2015,LSE,WI,AGL,CE,Federal Contract Tower,0,12,7,5,24,0,2,32,2,36,0,14,39,7,60,28,2,30,90
08/26/2015,LSE,WI,AGL,CE,Federal Contract Tower,0,11,11,1,23,0,5,48,0,53,0,16,59,1,76,6,0,6,82
08/27/2015,LSE,WI,AGL,CE,Federal Contract Tower,7,17,12,2,38,0,5,38,0,43,7,22,50,2,81,82,0,82,163
08/28/2015,LSE,WI,AGL,CE,Federal Contract Tower,12,11,0,8,31,0,0,13,2,15,12,11,13,10,46,18,8,26,72
08/29/2015,LSE,WI,AGL,CE,Federal Contract Tower,0,7,2,0,9,0,0,13,0,13,0,7,15,0,22,2,0,2,24
08/30/2015,LSE,WI,AGL,CE,Federal Contract Tower,0,10,2,4,16,0,2,27,1,30,0,12,29,5,46,56,8,64,110
08/31/2015,LSE,WI,AGL,CE,Federal Contract Tower,0,11,12,1,24,0,0,17,0,17,0,11,29,1,41,26,0,26,67
09/01/2015,LSE,WI,AGL,CE,Federal Contract Tower,0,11,11,0,22,0,6,19,1,26,0,17,30,1,48,28,0,28,76
09/02/2015,LSE,WI,AGL,CE,Federal Contract Tower,0,10,13,0,23,0,2,19,0,21,0,12,32,0,44,24,0,24,68
09/03/2015,LSE,WI,AGL,CE,Federal Contract Tower,0,15,17,0,32,0,5,31,0,36,0,20,48,0,68,16,0,16,84
09/04/2015,LSE,WI,AGL,CE,Federal Contract Tower,0,11,13,0,24,0,3,33,0,36,0,14,46,0,60,26,2,28,88
09/05/2015,LSE,WI,AGL,CE,Federal Contract Tower,0,10,6,0,16,0,2,27,0,29,0,12,33,0,45,8,0,8,53
09/06/2015,LSE,WI,AGL,CE,Federal Contract Tower,0,6,4,0,10,0,2,4,0,6,0,8,8,0,16,6,0,6,22
09/07/2015,LSE,WI,AGL,CE,Federal Contract Tower,0,10,9,0,19,0,2,11,0,13,0,12,20,0,32,18,0,18,50
09/08/2015,LSE,WI,AGL,CE,Federal Contract Tower,0,11,7,2,20,0,2,16,0,18,0,13,23,2,38,16,0,16,54
09/09/2015,LSE,WI,AGL,CE,Federal Contract Tower,0,16,4,0,20,0,4,43,0,47,0,20,47,0,67,46,0,46,113
09/10/2015,LSE,WI,AGL,CE,Federal Contract Tower,0,20,9,1,30,0,4,19,1,24,0,24,28,2,54,12,12,24,78
09/11/2015,LSE,WI,AGL,CE,Federal Contract Tower,0,12,20,0,32,0,1,18,2,21,0,13,38,2,53,38,6,44,97
09/12/2015,LSE,WI,AGL,CE,Federal Contract Tower,0,13,10,2,25,0,0,63,0,63,0,13,73,2,88,16,2,18,106
09/13/2015,LSE,WI,AGL,CE,Federal Contract Tower,0,10,9,0,19,0,4,54,0,58,0,14,63,0,77,20,0,20,97
09/14/2015,LSE,WI,AGL,CE,Federal Contract Tower,0,11,8,0,19,0,3,27,3,33,0,14,35,3,52,12,14,26,78
09/15/2015,LSE,WI,AGL,CE,Federal Contract Tower,0,14,13,1,28,0,3,12,3,18,0,17,25,4,46,2,18,20,66
09/16/2015,LSE,WI,AGL,CE,Federal Contract Tower,0,13,4,2,19,0,0,19,0,19,0,13,23,2,38,12,0,12,50
09/17/2015,LSE,WI,AGL,CE,Federal Contract Tower,0,11,3,0,14,0,0,2,0,2,0,11,5,0,16,0,0,0,16
09/18/2015,LSE,WI,AGL,CE,Federal Contract Tower,0,13,7,0,20,0,2,20,0,22,0,15,27,0,42,8,0,8,50
09/19/2015,LSE,WI,AGL,CE,Federal Contract Tower,0,9,11,0,20,0,3,33,0,36,0,12,44,0,56,32,0,32,88
09/20/2015,LSE,WI,AGL,CE,Federal Contract Tower,2,10,7,0,19,0,0,41,0,41,2,10,48,0,60,6,0,6,66
09/21/2015,LSE,WI,AGL,CE,Federal Contract Tower,0,11,5,0,16,0,0,39,2,41,0,11,44,2,57,8,0,8,65
09/22/2015,LSE,WI,AGL,CE,Federal Contract Tower,0,12,24,0,36,0,0,31,0,31,0,12,55,0,67,12,0,12,79
09/23/2015,LSE,WI,AGL,CE,Federal Contract Tower,0,12,7,2,21,0,0,16,2,18,0,12,23,4,39,4,18,22,61
09/24/2015,LSE,WI,AGL,CE,Federal Contract Tower,2,14,9,0,25,0,3,10,0,13,2,17,19,0,38,6,0,6,44
09/25/2015,LSE,WI,AGL,CE,Federal Contract Tower,0,14,6,0,20,0,3,27,0,30,0,17,33,0,50,20,0,20,70
09/26/2015,LSE,WI,AGL,CE,Federal Contract Tower,0,10,5,0,15,0,0,23,0,23,0,10,28,0,38,12,0,12,50
09/27/2015,LSE,WI,AGL,CE,Federal Contract Tower,0,13,11,0,24,0,0,45,0,45,0,13,56,0,69,10,0,10,79
09/28/2015,LSE,WI,AGL,CE,Federal Contract Tower,0,12,12,0,24,0,0,17,0,17,0,12,29,0,41,16,0,16,57
09/29/2015,LSE,WI,AGL,CE,Federal Contract Tower,2,12,9,0,23,0,2,16,0,18,2,14,25,0,41,34,0,34,75
09/30/2015,LSE,WI,AGL,CE,Federal Contract Tower,0,12,10,0,22,0,0,24,0,24,0,12,34,0,46,4,4,8,54
10/01/2015,LSE,WI,AGL,CE,Federal Contract Tower,0,12,4,0,16,0,3,23,2,28,0,15,27,2,44,22,0,22,66
10/02/2015,LSE,WI,AGL,CE,Federal Contract Tower,2,12,12,0,26,0,3,20,0,23,2,15,32,0,49,22,0,22,71
10/03/2015,LSE,WI,AGL,CE,Federal Contract Tower,0,9,3,0,12,0,1,25,0,26,0,10,28,0,38,26,0,26,64
10/04/2015,LSE,WI,AGL,CE,Federal Contract Tower,0,11,9,0,20,0,0,24,0,24,0,11,33,0,44,4,0,4,48
10/05/2015,LSE,WI,AGL,CE,Federal Contract Tower,0,9,6,0,15,0,0,13,0,13,0,9,19,0,28,44,0,44,72
10/06/2015,LSE,WI,AGL,CE,Federal Contract Tower,0,17,1,7,25,0,2,7,6,15,0,19,8,13,40,8,44,52,92
10/07/2015,LSE,WI,AGL,CE,Federal Contract Tower,0,13,7,5,25,0,1,28,6,35,0,14,35,11,60,24,16,40,100
10/08/2015,LSE,WI,AGL,CE,Federal Contract Tower,0,14,11,0,25,0,5,12,0,17,0,19,23,0,42,8,0,8,50
10/09/2015,LSE,WI,AGL,CE,Federal Contract Tower,0,12,18,0,30,0,0,44,0,44,0,12,62,0,74,26,0,26,100
10/10/2015,LSE,WI,AGL,CE,Federal Contract Tower,0,10,7,0,17,0,0,50,0,50,0,10,57,0,67,14,0,14,81
10/11/2015,LSE,WI,AGL,CE,Federal Contract Tower,0,9,11,0,20,0,0,46,0,46,0,9,57,0,66,22,0,22,88
10/12/2015,LSE,WI,AGL,CE,Federal Contract Tower,0,14,4,0,18,0,1,8,0,9,0,15,12,0,27,0,0,0,27
10/13/2015,LSE,WI,AGL,CE,Federal Contract Tower,0,15,13,0,28,0,2,16,0,18,0,17,29,0,46,0,0,0,46
10/14/2015,LSE,WI,AGL,CE,Federal Contract Tower,0,12,6,0,18,0,1,56,0,57,0,13,62,0,75,32,0,32,107
10/15/2015,LSE,WI,AGL,CE,Federal Contract Tower,0,10,11,0,21,0,0,22,0,22,0,10,33,0,43,0,0,0,43
10/16/2015,LSE,WI,AGL,CE,Federal Contract Tower,0,12,12,0,24,0,0,27,0,27,0,12,39,0,51,4,0,4,55
10/17/2015,LSE,WI,AGL,CE,Federal Contract Tower,2,11,4,0,17,0,2,33,0,35,2,13,37,0,52,14,0,14,66
10/18/2015,LSE,WI,AGL,CE,Federal Contract Tower,0,12,8,0,20,0,6,41,0,47,0,18,49,0,67,24,0,24,91
10/19/2015,LSE,WI,AGL,CE,Federal Contract Tower,0,11,7,0,18,0,2,9,0,11,0,13,16,0,29,18,0,18,47
10/20/2015,LSE,WI,AGL,CE,Federal Contract Tower,0,15,6,0,21,0,0,35,3,38,0,15,41,3,59,26,0,26,85
10/21/2015,LSE,WI,AGL,CE,Federal Contract Tower,0,16,2,0,18,0,2,20,0,22,0,18,22,0,40,14,0,14,54
10/22/2015,LSE,WI,AGL,CE,Federal Contract Tower,0,12,10,2,24,0,2,32,0,34,0,14,42,2,58,12,0,12,70
10/23/2015,LSE,WI,AGL,CE,Federal Contract Tower,0,16,4,0,20,0,1,9,0,10,0,17,13,0,30,34,0,34,64
10/24/2015,LSE,WI,AGL,CE,Federal Contract Tower,0,9,2,0,11,0,0,2,0,2,0,9,4,0,13,42,0,42,55
10/25/2015,LSE,WI,AGL,CE,Federal Contract Tower,2,10,8,0,20,0,0,85,0,85,2,10,93,0,105,18,0,18,123
10/26/2015,LSE,WI,AGL,CE,Federal Contract Tower,0,15,3,0,18,0,3,21,0,24,0,18,24,0,42,34,0,34,76
10/27/2015,LSE,WI,AGL,CE,Federal Contract Tower,0,13,5,0,18,0,1,10,0,11,0,14,15,0,29,68,0,68,97
10/28/2015,LSE,WI,AGL,CE,Federal Contract Tower,0,15,8,0,23,0,0,0,0,0,0,15,8,0,23,0,0,0,23
10/29/2015,LSE,WI,AGL,CE,Federal Contract Tower,0,15,6,0,21,0,0,1,0,1,0,15,7,0,22,8,0,8,30
10/30/2015,LSE,WI,AGL,CE,Federal Contract Tower,0,15,8,0,23,0,0,12,0,12,0,15,20,0,35,18,0,18,53
10/31/2015,LSE,WI,AGL,CE,Federal Contract Tower,0,8,2,0,10,0,0,4,0,4,0,8,6,0,14,16,0,16,30
11/01/2015,LSE,WI,AGL,CE,Federal Contract Tower,0,12,12,0,24,0,1,51,0,52,0,13,63,0,76,16,0,16,92
11/02/2015,LSE,WI,AGL,CE,Federal Contract Tower,0,11,6,0,17,0,0,16,0,16,0,11,22,0,33,0,0,0,33
11/03/2015,LSE,WI,AGL,CE,Federal Contract Tower,0,14,17,1,32,0,0,30,1,31,0,14,47,2,63,10,10,20,83
11/04/2015,LSE,WI,AGL,CE,Federal Contract Tower,0,13,11,5,29,0,4,18,1,23,0,17,29,6,52,16,26,42,94
11/05/2015,LSE,WI,AGL,CE,Federal Contract Tower,0,17,9,0,26,0,0,3,0,3,0,17,12,0,29,0,0,0,29
11/06/2015,LSE,WI,AGL,CE,Federal Contract Tower,0,12,7,0,19,0,0,9,0,9,0,12,16,0,28,16,0,16,44
11/07/2015,LSE,WI,AGL,CE,Federal Contract Tower,0,13,3,0,16,0,2,22,0,24,0,15,25,0,40,6,0,6,46
11/08/2015,LSE,WI,AGL,CE,Federal Contract Tower,0,12,4,2,18,0,0,51,0,51,0,12,55,2,69,24,0,24,93
11/09/2015,LSE,WI,AGL,CE,Federal Contract Tower,0,13,2,0,15,0,2,27,0,29,0,15,29,0,44,18,0,18,62
11/10/2015,LSE,WI,AGL,CE,Federal Contract Tower,0,14,10,2,26,0,0,16,1,17,0,14,26,3,43,6,0,6,49
11/11/2015,LSE,WI,AGL,CE,Federal Contract Tower,0,13,3,4,20,0,0,11,0,11,0,13,14,4,31,12,0,12,43
11/12/2015,LSE,WI,AGL,CE,Federal Contract Tower,0,13,7,0,20,0,1,0,0,1,0,14,7,0,21,2,0,2,23
11/13/2015,LSE,WI,AGL,CE,Federal Contract Tower,0,12,10,3,25,0,7,5,2,14,0,19,15,5,39,22,6,28,67
11/14/2015,LSE,WI,AGL,CE,Federal Contract Tower,0,8,5,0,13,0,1,45,0,46,0,9,50,0,59,38,0,38,97
11/15/2015,LSE,WI,AGL,CE,Federal Contract Tower,0,9,14,0,23,0,0,39,0,39,0,9,53,0,62,10,0,10,72
11/16/2015,LSE,WI,AGL,CE,Federal Contract Tower,0,15,8,0,23,0,0,1,0,1,0,15,9,0,24,0,0,0,24
11/17/2015,LSE,WI,AGL,CE,Federal Contract Tower,0,14,2,0,16,0,0,0,0,0,0,14,2,0,16,0,0,0,16
11/18/2015,LSE,WI,AGL,CE,Federal Contract Tower,0,11,2,18,31,0,0,0,2,2,0,11,2,20,33,2,32,34,67
11/19/2015,LSE,WI,AGL,CE,Federal Contract Tower,0,14,5,0,19,0,1,0,0,1,0,15,5,0,20,0,0,0,20
11/20/2015,LSE,WI,AGL,CE,Federal Contract Tower,0,14,6,0,20,0,0,22,0,22,0,14,28,0,42,18,0,18,60
11/21/2015,LSE,WI,AGL,CE,Federal Contract Tower,0,6,4,0,10,0,0,7,0,7,0,6,11,0,17,0,0,0,17
11/22/2015,LSE,WI,AGL,CE,Federal Contract Tower,0,8,3,0,11,0,0,21,0,21,0,8,24,0,32,24,0,24,56
11/23/2015,LSE,WI,AGL,CE,Federal Contract Tower,0,10,9,0,19,0,0,15,0,15,0,10,24,0,34,10,0,10,44
11/24/2015,LSE,WI,AGL,CE,Federal Contract Tower,0,17,13,0,30,0,4,27,4,35,0,21,40,4,65,20,0,20,85
11/25/2015,LSE,WI,AGL,CE,Federal Contract Tower,0,12,7,0,19,0,3,4,0,7,0,15,11,0,26,6,0,6,32
11/26/2015,LSE,WI,AGL,CE,Federal Contract Tower,0,8,0,0,8,0,0,0,0,0,0,8,0,0,8,0,0,0,8
11/27/2015,LSE,WI,AGL,CE,Federal Contract Tower,0,7,1,0,8,0,0,2,0,2,0,7,3,0,10,4,0,4,14
11/28/2015,LSE,WI,AGL,CE,Federal Contract Tower,0,13,2,0,15,0,1,45,0,46,0,14,47,0,61,38,0,38,99
11/29/2015,LSE,WI,AGL,CE,Federal Contract Tower,0,13,4,0,17,0,0,13,0,13,0,13,17,0,30,22,0,22,52
11/30/2015,LSE,WI,AGL,CE,Federal Contract Tower,2,13,7,0,22,0,0,2,0,2,2,13,9,0,24,0,0,0,24
12/01/2015,LSE,WI,AGL,CE,Federal Contract Tower,0,21,7,0,28,0,0,4,0,4,0,21,11,0,32,4,0,4,36
12/02/2015,LSE,WI,AGL,CE,Federal Contract Tower,2,15,5,0,22,0,0,2,0,2,2,15,7,0,24,0,0,0,24
12/03/2015,LSE,WI,AGL,CE,Federal Contract Tower,0,14,3,0,17,0,0,23,0,23,0,14,26,0,40,16,0,16,56
12/04/2015,LSE,WI,AGL,CE,Federal Contract Tower,0,15,5,0,20,0,2,13,0,15,0,17,18,0,35,32,0,32,67
12/05/2015,LSE,WI,AGL,CE,Federal Contract Tower,2,10,5,0,17,0,7,27,6,40,2,17,32,6,57,32,10,42,99
12/06/2015,LSE,WI,AGL,CE,Federal Contract Tower,0,16,16,0,32,0,3,14,2,19,0,19,30,2,51,42,6,48,99
12/07/2015,LSE,WI,AGL,CE,Federal Contract Tower,0,14,7,0,21,0,0,2,0,2,0,14,9,0,23,14,0,14,37
12/08/2015,LSE,WI,AGL,CE,Federal Contract Tower,0,15,12,2,29,0,0,17,4,21,0,15,29,6,50,4,6,10,60
12/09/2015,LSE,WI,AGL,CE,Federal Contract Tower,0,15,2,3,20,0,0,11,1,12,0,15,13,4,32,0,2,2,34
12/10/2015,LSE,WI,AGL,CE,Federal Contract Tower,0,20,12,0,32,0,0,5,0,5,0,20,17,0,37,0,0,0,37
12/11/2015,LSE,WI,AGL,CE,Federal Contract Tower,0,15,12,0,27,0,3,12,0,15,0,18,24,0,42,12,0,12,54
12/12/2015,LSE,WI,AGL,CE,Federal Contract Tower,0,9,0,4,13,0,0,0,0,0,0,9,0,4,13,0,0,0,13
12/13/2015,LSE,WI,AGL,CE,Federal Contract Tower,0,13,8,0,21,0,0,0,0,0,0,13,8,0,21,0,0,0,21
12/14/2015,LSE,WI,AGL,CE,Federal Contract Tower,0,18,4,0,22,0,0,0,0,0,0,18,4,0,22,0,0,0,22
12/15/2015,LSE,WI,AGL,CE,Federal Contract Tower,0,14,9,0,23,0,1,5,0,6,0,15,14,0,29,18,0,18,47
12/16/2015,LSE,WI,AGL,CE,Federal Contract Tower,0,14,8,3,25,0,0,1,1,2,0,14,9,4,27,18,0,18,45
12/17/2015,LSE,WI,AGL,CE,Federal Contract Tower,0,16,5,2,23,0,1,3,0,4,0,17,8,2,27,2,26,28,55
12/18/2015,LSE,WI,AGL,CE,Federal Contract Tower,0,14,11,1,26,0,0,19,2,21,0,14,30,3,47,38,2,40,87
12/19/2015,LSE,WI,AGL,CE,Federal Contract Tower,0,10,2,0,12,0,10,25,0,35,0,20,27,0,47,26,8,34,81
12/20/2015,LSE,WI,AGL,CE,Federal Contract Tower,0,11,1,0,12,0,4,19,0,23,0,15,20,0,35,24,0,24,59
12/21/2015,LSE,WI,AGL,CE,Federal Contract Tower,0,11,6,0,17,0,0,0,0,0,0,11,6,0,17,0,0,0,17
12/22/2015,LSE,WI,AGL,CE,Federal Contract Tower,0,11,9,0,20,0,0,0,0,0,0,11,9,0,20,0,0,0,20
12/23/2015,LSE,WI,AGL,CE,Federal Contract Tower,0,14,5,0,19,0,0,0,0,0,0,14,5,0,19,0,0,0,19
12/24/2015,LSE,WI,AGL,CE,Federal Contract Tower,0,13,0,0,13,0,0,5,0,5,0,13,5,0,18,0,0,0,18
12/25/2015,LSE,WI,AGL,CE,Federal Contract Tower,0,8,1,0,9,0,0,3,0,3,0,8,4,0,12,0,0,0,12
12/26/2015,LSE,WI,AGL,CE,Federal Contract Tower,0,18,2,0,20,0,0,0,0,0,0,18,2,0,20,10,0,10,30
12/27/2015,LSE,WI,AGL,CE,Federal Contract Tower,0,11,3,0,14,0,0,22,0,22,0,11,25,0,36,0,0,0,36
12/28/2015,LSE,WI,AGL,CE,Federal Contract Tower,0,3,0,0,3,0,0,1,0,1,0,3,1,0,4,0,0,0,4
12/29/2015,LSE,WI,AGL,CE,Federal Contract Tower,0,14,4,0,18,0,1,0,0,1,0,15,4,0,19,2,0,2,21
12/30/2015,LSE,WI,AGL,CE,Federal Contract Tower,0,14,5,0,19,0,0,0,0,0,0,14,5,0,19,0,0,0,19
12/31/2015,LSE,WI,AGL,CE,Federal Contract Tower,0,10,5,0,15,0,1,9,0,10,0,11,14,0,25,18,0,18,43
01/01/2016,LSE,WI,AGL,CE,Federal Contract Tower,0,7,7,0,14,0,5,0,0,5,0,12,7,0,19,0,0,0,19
01/02/2016,LSE,WI,AGL,CE,Federal Contract Tower,0,11,4,0,15,0,1,33,1,35,0,12,37,1,50,24,2,26,76
01/03/2016,LSE,WI,AGL,CE,Federal Contract Tower,0,16,7,0,23,0,0,6,0,6,0,16,13,0,29,12,0,12,41
01/04/2016,LSE,WI,AGL,CE,Federal Contract Tower,0,11,5,0,16,0,0,23,0,23,0,11,28,0,39,18,0,18,57
01/05/2016,LSE,WI,AGL,CE,Federal Contract Tower,0,9,6,0,15,0,3,19,2,24,0,12,25,2,39,28,0,28,67
01/06/2016,LSE,WI,AGL,CE,Federal Contract Tower,0,12,5,0,17,0,3,8,2,13,0,15,13,2,30,6,0,6,36
01/07/2016,LSE,WI,AGL,CE,Federal Contract Tower,0,12,11,0,23,0,0,0,0,0,0,12,11,0,23,0,0,0,23
01/08/2016,LSE,WI,AGL,CE,Federal Contract Tower,0,9,1,0,10,0,0,0,0,0,0,9,1,0,10,0,0,0,10
01/09/2016,LSE,WI,AGL,CE,Federal Contract Tower,0,11,2,6,19,0,0,4,0,4,0,11,6,6,23,38,0,38,61
01/10/2016,LSE,WI,AGL,CE,Federal Contract Tower,0,9,1,0,10,0,0,2,0,2,0,9,3,0,12,0,0,0,12
01/11/2016,LSE,WI,AGL,CE,Federal Contract Tower,0,10,7,0,17,0,2,2,0,4,0,12,9,0,21,0,0,0,21
01/12/2016,LSE,WI,AGL,CE,Federal Contract Tower,0,15,3,0,18,0,1,7,2,10,0,16,10,2,28,0,0,0,28
01/13/2016,LSE,WI,AGL,CE,Federal Contract Tower,2,12,8,2,24,0,0,11,2,13,2,12,19,4,37,8,0,8,45
01/14/2016,LSE,WI,AGL,CE,Federal Contract Tower,0,13,9,0,22,0,2,10,0,12,0,15,19,0,34,42,0,42,76
01/15/2016,LSE,WI,AGL,CE,Federal Contract Tower,0,12,6,0,18,0,0,4,0,4,0,12,10,0,22,22,0,22,44
01/16/2016,LSE,WI,AGL,CE,Federal Contract Tower,0,13,0,0,13,0,0,18,0,18,0,13,18,0,31,24,0,24,55
01/17/2016,LSE,WI,AGL,CE,Federal Contract Tower,0,13,3,0,16,0,0,6,0,6,0,13,9,0,22,0,0,0,22
01/18/2016,LSE,WI,AGL,CE,Federal Contract Tower,0,10,4,0,14,0,0,3,0,3,0,10,7,0,17,2,0,2,19
01/19/2016,LSE,WI,AGL,CE,Federal Contract Tower,0,13,10,2,25,0,0,7,4,11,0,13,17,6,36,4,10,14,50
01/20/2016,LSE,WI,AGL,CE,Federal Contract Tower,0,14,8,3,25,0,5,9,3,17,0,19,17,6,42,30,30,60,102
01/21/2016,LSE,WI,AGL,CE,Federal Contract Tower,0,17,5,0,22,0,0,0,0,0,0,17,5,0,22,0,0,0,22
01/22/2016,LSE,WI,AGL,CE,Federal Contract Tower,0,14,3,0,17,0,1,9,0,10,0,15,12,0,27,28,0,28,55
01/23/2016,LSE,WI,AGL,CE,Federal Contract Tower,0,11,9,0,20,0,2,28,0,30,0,13,37,0,50,38,0,38,88
01/24/2016,LSE,WI,AGL,CE,Federal Contract Tower,0,11,1,0,12,0,0,1,0,1,0,11,2,0,13,0,0,0,13
01/25/2016,LSE,WI,AGL,CE,Federal Contract Tower,0,14,7,0,21,0,0,0,0,0,0,14,7,0,21,0,0,0,21
01/26/2016,LSE,WI,AGL,CE,Federal Contract Tower,0,13,9,2,24,0,0,0,0,0,0,13,9,2,24,0,12,12,36
01/27/2016,LSE,WI,AGL,CE,Federal Contract Tower,0,14,12,3,29,0,1,10,0,11,0,15,22,3,40,20,4,24,64
01/28/2016,LSE,WI,AGL,CE,Federal Contract Tower,2,11,11,3,27,0,0,6,0,6,2,11,17,3,33,28,16,44,77
01/29/2016,LSE,WI,AGL,CE,Federal Contract Tower,0,16,3,1,20,0,1,9,3,13,0,17,12,4,33,2,0,2,35
01/30/2016,LSE,WI,AGL,CE,Federal Contract Tower,0,11,2,0,13,0,0,35,3,38,0,11,37,3,51,48,2,50,101
01/31/2016,LSE,WI,AGL,CE,Federal Contract Tower,0,12,2,2,16,0,0,2,0,2,0,12,4,2,18,0,0,0,18
02/01/2016,LSE,WI,AGL,CE,Federal Contract Tower,2,25,12,0,39,0,0,4,0,4,2,25,16,0,43,0,0,0,43
02/02/2016,LSE,WI,AGL,CE,Federal Contract Tower,0,10,1,0,11,0,0,0,0,0,0,10,1,0,11,0,0,0,11
02/03/2016,LSE,WI,AGL,CE,Federal Contract Tower,0,11,2,1,14,0,2,7,0,9,0,13,9,1,23,14,0,14,37
02/04/2016,LSE,WI,AGL,CE,Federal Contract Tower,2,15,12,0,29,0,4,14,0,18,2,19,26,0,47,48,0,48,95
02/05/2016,LSE,WI,AGL,CE,Federal Contract Tower,0,11,2,0,13,0,7,19,0,26,0,18,21,0,39,50,0,50,89
02/06/2016,LSE,WI,AGL,CE,Federal Contract Tower,0,13,2,0,15,0,0,14,0,14,0,13,16,0,29,58,0,58,87
02/07/2016,LSE,WI,AGL,CE,Federal Contract Tower,0,12,5,0,17,0,1,9,0,10,0,13,14,0,27,22,0,22,49
02/08/2016,LSE,WI,AGL,CE,Federal Contract Tower,0,14,2,0,16,0,0,2,0,2,0,14,4,0,18,12,0,12,30
02/09/2016,LSE,WI,AGL,CE,Federal Contract Tower,0,16,10,1,27,0,1,5,4,10,0,17,15,5,37,14,8,22,59
02/10/2016,LSE,WI,AGL,CE,Federal Contract Tower,0,21,9,1,31,0,2,13,2,17,0,23,22,3,48,22,6,28,76
02/11/2016,LSE,WI,AGL,CE,Federal Contract Tower,0,12,9,1,22,0,0,24,0,24,0,12,33,1,46,0,12,12,58
02/12/2016,LSE,WI,AGL,CE,Federal Contract Tower,0,12,5,0,17,0,2,8,0,10,0,14,13,0,27,8,0,8,35
02/13/2016,LSE,WI,AGL,CE,Federal Contract Tower,0,10,14,0,24,0,2,8,0,10,0,12,22,0,34,24,0,24,58
02/14/2016,LSE,WI,AGL,CE,Federal Contract Tower,0,5,6,0,11,0,0,2,0,2,0,5,8,0,13,0,0,0,13
02/15/2016,LSE,WI,AGL,CE,Federal Contract Tower,0,13,8,0,21,0,0,0,0,0,0,13,8,0,21,0,0,0,21
02/16/2016,LSE,WI,AGL,CE,Federal Contract Tower,0,12,2,0,14,0,0,2,0,2,0,12,4,0,16,16,4,20,36
02/17/2016,LSE,WI,AGL,CE,Federal Contract Tower,0,19,3,0,22,0,0,28,4,32,0,19,31,4,54,32,12,44,98
02/18/2016,LSE,WI,AGL,CE,Federal Contract Tower,2,15,13,2,32,0,2,6,0,8,2,17,19,2,40,12,0,12,52
02/19/2016,LSE,WI,AGL,CE,Federal Contract Tower,0,15,9,0,24,0,0,1,0,1,0,15,10,0,25,0,0,0,25
02/20/2016,LSE,WI,AGL,CE,Federal Contract Tower,0,11,2,0,13,0,7,23,0,30,0,18,25,0,43,58,0,58,101
02/21/2016,LSE,WI,AGL,CE,Federal Contract Tower,0,14,11,2,27,0,0,12,0,12,0,14,23,2,39,44,0,44,83
02/22/2016,LSE,WI,AGL,CE,Federal Contract Tower,1,12,3,0,16,0,2,4,2,8,1,14,7,2,24,8,0,8,32
02/23/2016,LSE,WI,AGL,CE,Federal Contract Tower,0,13,5,2,20,0,1,10,2,13,0,14,15,4,33,14,32,46,79
02/24/2016,LSE,WI,AGL,CE,Federal Contract Tower,0,11,8,2,21,0,0,8,0,8,0,11,16,2,29,14,0,14,43
02/25/2016,LSE,WI,AGL,CE,Federal Contract Tower,0,11,12,0,23,0,2,8,0,10,0,13,20,0,33,32,0,32,65
02/26/2016,LSE,WI,AGL,CE,Federal Contract Tower,0,14,9,0,23,0,0,21,0,21,0,14,30,0,44,16,0,16,60
02/27/2016,LSE,WI,AGL,CE,Federal Contract Tower,0,10,9,0,19,0,5,39,0,44,0,15,48,0,63,46,0,46,109
02/28/2016,LSE,WI,AGL,CE,Federal Contract Tower,2,12,5,0,19,0,1,8,0,9,2,13,13,0,28,30,0,30,58
02/29/2016,LSE,WI,AGL,CE,Federal Contract Tower,0,15,1,0,16,0,2,13,0,15,0,17,14,0,31,6,0,6,37
03/01/2016,LSE,WI,AGL,CE,Federal Contract Tower,0,12,8,4,24,0,0,6,0,6,0,12,14,4,30,10,12,22,52
03/02/2016,LSE,WI,AGL,CE,Federal Contract Tower,0,16,8,0,24,0,4,26,0,30,0,20,34,0,54,36,0,36,90
03/03/2016,LSE,WI,AGL,CE,Federal Contract Tower,0,16,8,0,24,0,13,2,0,15,0,29,10,0,39,30,0,30,69
03/04/2016,LSE,WI,AGL,CE,Federal Contract Tower,0,14,7,3,24,0,0,8,1,9,0,14,15,4,33,18,8,26,59
03/05/2016,LSE,WI,AGL,CE,Federal Contract Tower,0,8,2,0,10,0,2,10,4,16,0,10,12,4,26,40,0,40,66
03/06/2016,LSE,WI,AGL,CE,Federal Contract Tower,2,15,4,0,21,0,2,9,2,13,2,17,13,2,34,16,0,16,50
03/07/2016,LSE,WI,AGL,CE,Federal Contract Tower,0,12,10,4,26,0,0,18,0,18,0,12,28,4,44,24,0,24,68
03/08/2016,LSE,WI,AGL,CE,Federal Contract Tower,0,16,13,3,32,0,0,15,1,16,0,16,28,4,48,24,0,24,72
03/09/2016,LSE,WI,AGL,CE,Federal Contract Tower,0,16,17,0,33,0,3,6,0,9,0,19,23,0,42,26,0,26,68
03/10/2016,LSE,WI,AGL,CE,Federal Contract Tower,2,14,5,1,22,0,0,16,1,17,2,14,21,2,39,36,4,40,79
03/11/2016,LSE,WI,AGL,CE,Federal Contract Tower,0,15,12,0,27,0,8,25,0,33,0,23,37,0,60,48,0,48,108
03/12/2016,LSE,WI,AGL,CE,Federal Contract Tower,0,12,8,1,21,0,1,23,1,25,0,13,31,2,46,8,24,32,78
03/13/2016,LSE,WI,AGL,CE,Federal Contract Tower,0,12,0,0,12,0,0,15,0,15,0,12,15,0,27,36,0,36,63
03/14/2016,LSE,WI,AGL,CE,Federal Contract Tower,0,14,3,0,17,0,0,5,0,5,0,14,8,0,22,2,0,2,24
03/15/2016,LSE,WI,AGL,CE,Federal Contract Tower,0,14,14,0,28,0,0,0,0,0,0,14,14,0,28,0,0,0,28
03/16/2016,LSE,WI,AGL,CE,Federal Contract Tower,0,18,6,0,24,0,1,0,0,1,0,19,6,0,25,4,0,4,29
03/17/2016,LSE,WI,AGL,CE,Federal Contract Tower,0,16,12,0,28,0,2,13,0,15,0,18,25,0,43,40,0,40,83
03/18/2016,LSE,WI,AGL,CE,Federal Contract Tower,0,15,4,0,19,0,2,7,0,9,0,17,11,0,28,34,0,34,62
03/19/2016,LSE,WI,AGL,CE,Federal Contract Tower,0,7,1,2,10,0,0,13,2,15,0,7,14,4,25,48,4,52,77
03/20/2016,LSE,WI,AGL,CE,Federal Contract Tower,2,12,15,0,29,0,0,38,0,38,2,12,53,0,67,26,0,26,93
03/21/2016,LSE,WI,AGL,CE,Federal Contract Tower,0,12,4,4,20,0,0,23,0,23,0,12,27,4,43,28,0,28,71
03/22/2016,LSE,WI,AGL,CE,Federal Contract Tower,0,15,5,0,20,0,2,20,0,22,0,17,25,0,42,18,0,18,60
03/23/2016,LSE,WI,AGL,CE,Federal Contract Tower,0,14,2,0,16,0,0,0,0,0,0,14,2,0,16,0,0,0,16
03/24/2016,LSE,WI,AGL,CE,Federal Contract Tower,0,15,9,0,24,0,2,8,0,10,0,17,17,0,34,16,0,16,50
03/25/2016,LSE,WI,AGL,CE,Federal Contract Tower,0,15,11,0,26,0,0,28,0,28,0,15,39,0,54,6,0,6,60
03/26/2016,LSE,WI,AGL,CE,Federal Contract Tower,0,8,4,0,12,0,0,12,0,12,0,8,16,0,24,4,0,4,28
03/27/2016,LSE,WI,AGL,CE,Federal Contract Tower,0,12,4,0,16,0,0,0,0,0,0,12,4,0,16,0,0,0,16
03/28/2016,LSE,WI,AGL,CE,Federal Contract Tower,0,17,22,0,39,0,6,36,0,42,0,23,58,0,81,28,0,28,109
03/29/2016,LSE,WI,AGL,CE,Federal Contract Tower,0,20,2,0,22,0,19,36,0,55,0,39,38,0,77,26,0,26,103
03/30/2016,LSE,WI,AGL,CE,Federal Contract Tower,1,17,10,0,28,0,0,0,0,0,1,17,10,0,28,0,0,0,28
03/31/2016,LSE,WI,AGL,CE,Federal Contract Tower,0,14,6,0,20,0,0,0,0,0,0,14,6,0,20,0,0,0,20
04/01/2016,LSE,WI,AGL,CE,Federal Contract Tower,0,15,7,0,22,0,0,4,0,4,0,15,11,0,26,0,0,0,26
04/02/2016,LSE,WI,AGL,CE,Federal Contract Tower,0,8,4,0,12,0,0,3,0,3,0,8,7,0,15,0,0,0,15
04/03/2016,LSE,WI,AGL,CE,Federal Contract Tower,0,14,11,0,25,0,1,17,0,18,0,15,28,0,43,16,0,16,59
04/04/2016,LSE,WI,AGL,CE,Federal Contract Tower,2,11,5,0,18,0,2,26,0,28,2,13,31,0,46,30,0,30,76
04/05/2016,LSE,WI,AGL,CE,Federal Contract Tower,0,15,1,0,16,0,2,3,1,6,0,17,4,1,22,4,4,8,30
04/06/2016,LSE,WI,AGL,CE,Federal Contract Tower,0,14,15,0,29,0,0,2,0,2,0,14,17,0,31,0,0,0,31
04/07/2016,LSE,WI,AGL,CE,Federal Contract Tower,0,17,6,0,23,0,0,7,0,7,0,17,13,0,30,0,0,0,30
04/08/2016,LSE,WI,AGL,CE,Federal Contract Tower,0,16,5,0,21,0,0,0,1,1,0,16,5,1,22,0,0,0,22
04/09/2016,LSE,WI,AGL,CE,Federal Contract Tower,0,7,4,0,11,0,4,46,2,52,0,11,50,2,63,16,0,16,79
04/10/2016,LSE,WI,AGL,CE,Federal Contract Tower,0,14,6,0,20,0,0,13,1,14,0,14,19,1,34,2,0,2,36
04/11/2016,LSE,WI,AGL,CE,Federal Contract Tower,0,15,4,0,19,0,2,4,0,6,0,17,8,0,25,6,0,6,31
04/12/2016,LSE,WI,AGL,CE,Federal Contract Tower,0,17,6,0,23,0,0,25,0,25,0,17,31,0,48,12,0,12,60
04/13/2016,LSE,WI,AGL,CE,Federal Contract Tower,0,16,10,0,26,0,1,23,0,24,0,17,33,0,50,0,0,0,50
04/14/2016,LSE,WI,AGL,CE,Federal Contract Tower,2,14,8,0,24,0,4,19,0,23,2,18,27,0,47,14,0,14,61
04/15/2016,LSE,WI,AGL,CE,Federal Contract Tower,0,18,12,0,30,0,4,20,0,24,0,22,32,0,54,38,0,38,92
04/16/2016,LSE,WI,AGL,CE,Federal Contract Tower,0,8,2,0,10,0,4,31,0,35,0,12,33,0,45,18,0,18,63
04/17/2016,LSE,WI,AGL,CE,Federal Contract Tower,2,14,4,0,20,0,3,39,0,42,2,17,43,0,62,12,0,12,74
04/18/2016,LSE,WI,AGL,CE,Federal Contract Tower,0,9,9,0,18,0,2,20,0,22,0,11,29,0,40,4,0,4,44
04/19/2016,LSE,WI,AGL,CE,Federal Contract Tower,0,17,13,0,30,0,0,4,0,4,0,17,17,0,34,0,0,0,34
04/20/2016,LSE,WI,AGL,CE,Federal Contract Tower,0,18,14,0,32,0,0,9,0,9,0,18,23,0,41,6,0,6,47
04/21/2016,LSE,WI,AGL,CE,Federal Contract Tower,0,17,10,0,27,0,0,13,0,13,0,17,23,0,40,6,0,6,46
04/22/2016,LSE,WI,AGL,CE,Federal Contract Tower,0,17,4,0,21,0,3,14,0,17,0,20,18,0,38,8,0,8,46
04/23/2016,LSE,WI,AGL,CE,Federal Contract Tower,0,8,4,0,12,0,2,31,0,33,0,10,35,0,45,10,0,10,55
04/24/2016,LSE,WI,AGL,CE,Federal Contract Tower,2,16,4,0,22,0,0,15,0,15,2,16,19,0,37,6,0,6,43
04/25/2016,LSE,WI,AGL,CE,Federal Contract Tower,0,19,2,0,21,0,3,13,0,16,0,22,15,0,37,8,0,8,45
04/26/2016,LSE,WI,AGL,CE,Federal Contract Tower,0,17,6,0,23,0,0,10,0,10,0,17,16,0,33,14,0,14,47
04/27/2016,LSE,WI,AGL,CE,Federal Contract Tower,0,20,15,0,35,0,2,8,0,10,0,22,23,0,45,8,0,8,53
04/28/2016,LSE,WI,AGL,CE,Federal Contract Tower,0,15,7,2,24,0,0,1,0,1,0,15,8,2,25,0,6,6,31
04/29/2016,LSE,WI,AGL,CE,Federal Contract Tower,0,16,9,1,26,0,4,16,2,22,0,20,25,3,48,18,0,18,66
04/30/2016,LSE,WI,AGL,CE,Federal Contract Tower,0,8,4,0,12,0,2,5,0,7,0,10,9,0,19,10,0,10,29
05/01/2016,LSE,WI,AGL,CE,Federal Contract Tower,0,13,6,0,19,0,3,21,0,24,0,16,27,0,43,0,0,0,43
05/02/2016,LSE,WI,AGL,CE,Federal Contract Tower,0,13,6,0,19,0,1,16,0,17,0,14,22,0,36,20,4,24,60
05/03/2016,LSE,WI,AGL,CE,Federal Contract Tower,0,16,13,0,29,0,1,18,0,19,0,17,31,0,48,36,4,40,88
05/04/2016,LSE,WI,AGL,CE,Federal Contract Tower,0,16,16,0,32,0,14,19,2,35,0,30,35,2,67,16,4,20,87
05/05/2016,LSE,WI,AGL,CE,Federal Contract Tower,0,16,9,0,25,0,1,45,0,46,0,17,54,0,71,50,0,50,121
05/06/2016,LSE,WI,AGL,CE,Federal Contract Tower,0,14,9,0,23,0,6,27,0,33,0,20,36,0,56,8,0,8,64
05/07/2016,LSE,WI,AGL,CE,Federal Contract Tower,2,8,5,2,17,0,4,5,4,13,2,12,10,6,30,6,0,6,36
05/08/2016,LSE,WI,AGL,CE,Federal Contract Tower,0,15,7,0,22,0,0,31,0,31,0,15,38,0,53,28,0,28,81
05/09/2016,LSE,WI,AGL,CE,Federal Contract Tower,0,14,11,0,25,0,0,3,2,5,0,14,14,2,30,0,0,0,30
05/10/2016,LSE,WI,AGL,CE,Federal Contract Tower,0,17,11,0,28,0,0,0,0,0,0,17,11,0,28,4,0,4,32
05/11/2016,LSE,WI,AGL,CE,Federal Contract Tower,0,19,8,0,27,0,0,2,0,2,0,19,10,0,29,0,0,0,29
05/12/2016,LSE,WI,AGL,CE,Federal Contract Tower,0,17,10,0,27,0,2,17,2,21,0,19,27,2,48,0,4,4,52
05/13/2016,LSE,WI,AGL,CE,Federal Contract Tower,0,15,6,0,21,0,2,2,0,4,0,17,8,0,25,0,0,0,25
05/14/2016,LSE,WI,AGL,CE,Federal Contract Tower,0,9,3,0,12,0,5,32,5,42,0,14,35,5,54,22,6,28,82
05/15/2016,LSE,WI,AGL,CE,Federal Contract Tower,0,18,2,2,22,0,3,20,1,24,0,21,22,3,46,12,4,16,62
05/16/2016,LSE,WI,AGL,CE,Federal Contract Tower,0,18,6,0,24,0,7,14,0,21,0,25,20,0,45,4,0,4,49
05/17/2016,LSE,WI,AGL,CE,Federal Contract Tower,0,15,7,0,22,0,2,19,0,21,0,17,26,0,43,16,0,16,59
05/18/2016,LSE,WI,AGL,CE,Federal Contract Tower,0,17,7,0,24,0,3,50,0,53,0,20,57,0,77,36,0,36,113
05/19/2016,LSE,WI,AGL,CE,Federal Contract Tower,0,20,12,0,32,0,6,49,0,55,0,26,61,0,87,22,0,22,109
05/20/2016,LSE,WI,AGL,CE,Federal Contract Tower,0,17,6,0,23,0,0,27,0,27,0,17,33,0,50,6,0,6,56
05/21/2016,LSE,WI,AGL,CE,Federal Contract Tower,0,8,4,0,12,0,5,53,0,58,0,13,57,0,70,16,4,20,90
05/22/2016,LSE,WI,AGL,CE,Federal Contract Tower,0,12,8,0,20,0,1,31,0,32,0,13,39,0,52,8,0,8,60
05/23/2016,LSE,WI,AGL,CE,Federal Contract Tower,0,17,9,1,27,0,10,17,0,27,0,27,26,1,54,2,0,2,56
05/24/2016,LSE,WI,AGL,CE,Federal Contract Tower,0,17,18,0,35,0,0,19,0,19,0,17,37,0,54,30,0,30,84
05/25/2016,LSE,WI,AGL,CE,Federal Contract Tower,0,14,7,0,21,0,1,9,0,10,0,15,16,0,31,0,0,0,31
05/26/2016,LSE,WI,AGL,CE,Federal Contract Tower,0,18,12,0,30,0,3,16,0,19,0,21,28,0,49,20,0,20,69
05/27/2016,LSE,WI,AGL,CE,Federal Contract Tower,2,19,2,0,23,0,1,1,0,2,2,20,3,0,25,2,0,2,27
05/28/2016,LSE,WI,AGL,CE,Federal Contract Tower,1,9,2,0,12,0,0,1,0,1,1,9,3,0,13,6,0,6,19
05/29/2016,LSE,WI,AGL,CE,Federal Contract Tower,0,11,6,0,17,0,0,7,0,7,0,11,13,0,24,0,0,0,24
05/30/2016,LSE,WI,AGL,CE,Federal Contract Tower,0,15,4,0,19,0,2,40,0,42,0,17,44,0,61,18,0,18,79
05/31/2016,LSE,WI,AGL,CE,Federal Contract Tower,0,11,4,0,15,0,0,3,0,3,0,11,7,0,18,0,0,0,18
06/01/2016,LSE,WI,AGL,CE,Federal Contract Tower,0,17,2,2,21,0,3,24,0,27,0,20,26,2,48,10,24,34,82
06/02/2016,LSE,WI,AGL,CE,Federal Contract Tower,4,15,7,0,26,0,6,18,0,24,4,21,25,0,50,28,2,30,80
06/03/2016,LSE,WI,AGL,CE,Federal Contract Tower,0,17,15,1,33,0,0,16,0,16,0,17,31,1,49,8,0,8,57
06/04/2016,LSE,WI,AGL,CE,Federal Contract Tower,0,12,6,4,22,0,0,5,0,5,0,12,11,4,27,0,0,0,27
06/05/2016,LSE,WI,AGL,CE,Federal Contract Tower,0,13,6,0,19,0,0,23,0,23,0,13,29,0,42,2,0,2,44
06/06/2016,LSE,WI,AGL,CE,Federal Contract Tower,0,13,9,0,22,0,0,5,0,5,0,13,14,0,27,0,0,0,27
06/07/2016,LSE,WI,AGL,CE,Federal Contract Tower,0,15,11,2,28,0,4,29,0,33,0,19,40,2,61,22,4,26,87
06/08/2016,LSE,WI,AGL,CE,Federal Contract Tower,0,23,7,0,30,0,0,31,0,31,0,23,38,0,61,38,4,42,103
06/09/2016,LSE,WI,AGL,CE,Federal Contract Tower,0,18,11,0,29,0,2,14,0,16,0,20,25,0,45,0,0,0,45
06/10/2016,LSE,WI,AGL,CE,Federal Contract Tower,0,14,12,0,26,0,4,17,0,21,0,18,29,0,47,6,0,6,53
06/11/2016,LSE,WI,AGL,CE,Federal Contract Tower,0,11,5,0,16,0,2,40,0,42,0,13,45,0,58,6,0,6,64
06/12/2016,LSE,WI,AGL,CE,Federal Contract Tower,0,14,6,0,20,0,0,17,2,19,0,14,23,2,39,2,0,2,41
06/13/2016,LSE,WI,AGL,CE,Federal Contract Tower,0,17,6,0,23,0,0,2,1,3,0,17,8,1,26,4,8,12,38
06/14/2016,LSE,WI,AGL,CE,Federal Contract Tower,5,9,3,0,17,0,0,5,2,7,5,9,8,2,24,0,0,0,24
06/15/2016,LSE,WI,AGL,CE,Federal Contract Tower,0,12,22,2,36,0,0,8,7,15,0,12,30,9,51,8,22,30,81
06/16/2016,LSE,WI,AGL,CE,Federal Contract Tower,2,13,11,0,26,0,0,31,2,33,2,13,42,2,59,22,4,26,85
06/17/2016,LSE,WI,AGL,CE,Federal Contract Tower,4,13,12,0,29,0,0,27,0,27,4,13,39,0,56,2,0,2,58
06/18/2016,LSE,WI,AGL,CE,Federal Contract Tower,2,11,5,0,18,0,0,28,3,31,2,11,33,3,49,14,4,18,67
06/19/2016,LSE,WI,AGL,CE,Federal Contract Tower,6,12,3,0,21,0,4,25,0,29,6,16,28,0,50,8,0,8,58
06/20/2016,LSE,WI,AGL,CE,Federal Contract Tower,0,13,14,0,27,0,1,24,0,25,0,14,38,0,52,16,0,16,68
06/21/2016,LSE,WI,AGL,CE,Federal Contract Tower,0,14,12,0,26,0,0,38,2,40,0,14,50,2,66,18,0,18,84
06/22/2016,LSE,WI,AGL,CE,Federal Contract Tower,4,14,3,0,21,0,8,7,0,15,4,22,10,0,36,4,4,8,44
06/23/2016,LSE,WI,AGL,CE,Federal Contract Tower,0,16,5,2,23,0,0,10,1,11,0,16,15,3,34,0,6,6,40
06/24/2016,LSE,WI,AGL,CE,Federal Contract Tower,0,13,2,0,15,0,2,45,0,47,0,15,47,0,62,14,0,14,76
06/25/2016,LSE,WI,AGL,CE,Federal Contract Tower,0,10,2,5,17,0,0,17,0,17,0,10,19,5,34,10,10,20,54
06/26/2016,LSE,WI,AGL,CE,Federal Contract Tower,0,11,3,0,14,0,1,19,2,22,0,12,22,2,36,6,0,6,42
06/27/2016,LSE,WI,AGL,CE,Federal Contract Tower,0,12,5,0,17,0,2,15,6,23,0,14,20,6,40,20,0,20,60
06/28/2016,LSE,WI,AGL,CE,Federal Contract Tower,0,14,7,0,21,0,5,24,1,30,0,19,31,1,51,8,2,10,61
06/29/2016,LSE,WI,AGL,CE,Federal Contract Tower,0,15,7,4,26,0,1,49,0,50,0,16,56,4,76,54,8,62,138
06/30/2016,LSE,WI,AGL,CE,Federal Contract Tower,0,14,12,0,26,0,0,10,0,10,0,14,22,0,36,0,0,0,36
07/01/2016,LSE,WI,AGL,CE,Federal Contract Tower,0,18,7,0,25,0,0,33,0,33,0,18,40,0,58,4,0,4,62
07/02/2016,LSE,WI,AGL,CE,Federal Contract Tower,0,9,0,0,9,0,1,20,0,21,0,10,20,0,30,14,0,14,44
07/03/2016,LSE,WI,AGL,CE,Federal Contract Tower,4,9,0,0,13,0,2,32,0,34,4,11,32,0,47,38,0,38,85
07/04/2016,LSE,WI,AGL,CE,Federal Contract Tower,0,9,12,0,21,0,0,2,0,2,0,9,14,0,23,18,0,18,41
07/05/2016,LSE,WI,AGL,CE,Federal Contract Tower,3,14,13,2,32,0,3,12,0,15,3,17,25,2,47,4,0,4,51
07/06/2016,LSE,WI,AGL,CE,Federal Contract Tower,3,14,12,0,29,0,7,13,2,22,3,21,25,2,51,28,0,28,79
07/07/2016,LSE,WI,AGL,CE,Federal Contract Tower,0,19,6,0,25,0,4,14,3,21,0,23,20,3,46,30,4,34,80
07/08/2016,LSE,WI,AGL,CE,Federal Contract Tower,6,16,5,0,27,0,2,18,4,24,6,18,23,4,51,30,0,30,81
07/09/2016,LSE,WI,AGL,CE,Federal Contract Tower,26,11,7,4,48,0,0,93,2,95,26,11,100,6,143,12,0,12,155
07/10/2016,LSE,WI,AGL,CE,Federal Contract Tower,6,11,2,0,19,0,3,10,0,13,6,14,12,0,32,8,0,8,40
07/11/2016,LSE,WI,AGL,CE,Federal Contract Tower,0,16,2,0,18,0,0,19,0,19,0,16,21,0,37,14,0,14,51
07/12/2016,LSE,WI,AGL,CE,Federal Contract Tower,0,17,10,0,27,0,4,17,0,21,0,21,27,0,48,14,0,14,62
07/13/2016,LSE,WI,AGL,CE,Federal Contract Tower,0,16,8,0,24,0,0,12,0,12,0,16,20,0,36,4,2,6,42
07/14/2016,LSE,WI,AGL,CE,Federal Contract Tower,0,23,6,2,31,0,0,11,0,11,0,23,17,2,42,4,0,4,46
07/15/2016,LSE,WI,AGL,CE,Federal Contract Tower,0,14,12,0,26,0,3,27,5,35,0,17,39,5,61,28,2,30,91
07/16/2016,LSE,WI,AGL,CE,Federal Contract Tower,0,12,6,0,18,0,3,54,1,58,0,15,60,1,76,8,0,8,84
07/17/2016,LSE,WI,AGL,CE,Federal Contract Tower,0,12,5,0,17,0,0,9,0,9,0,12,14,0,26,0,0,0,26
07/18/2016,LSE,WI,AGL,CE,Federal Contract Tower,2,15,10,2,29,0,0,36,11,47,2,15,46,13,76,20,26,46,122
07/19/2016,LSE,WI,AGL,CE,Federal Contract Tower,0,14,7,2,23,0,2,17,1,20,0,16,24,3,43,12,4,16,59
07/20/2016,LSE,WI,AGL,CE,Federal Contract Tower,0,14,12,2,28,0,2,7,17,26,0,16,19,19,54,4,10,14,68
07/21/2016,LSE,WI,AGL,CE,Federal Contract Tower,2,17,11,2,32,0,0,17,7,24,2,17,28,9,56,4,0,4,60
07/22/2016,LSE,WI,AGL,CE,Federal Contract Tower,7,11,7,0,25,0,2,24,0,26,7,13,31,0,51,10,0,10,61
07/23/2016,LSE,WI,AGL,CE,Federal Contract Tower,36,8,0,0,44,0,0,0,0,0,36,8,0,0,44,2,0,2,46
07/24/2016,LSE,WI,AGL,CE,Federal Contract Tower,6,9,12,0,27,0,2,59,0,61,6,11,71,0,88,2,0,2,90
07/25/2016,LSE,WI,AGL,CE,Federal Contract Tower,0,14,8,0,22,0,0,47,0,47,0,14,55,0,69,10,0,10,79
07/26/2016,LSE,WI,AGL,CE,Federal Contract Tower,2,14,17,0,33,0,2,36,0,38,2,16,53,0,71,18,0,18,89
07/27/2016,LSE,WI,AGL,CE,Federal Contract Tower,0,20,8,3,31,0,0,23,0,23,0,20,31,3,54,12,4,16,70
07/28/2016,LSE,WI,AGL,CE,Federal Contract Tower,0,14,12,0,26,0,0,1,0,1,0,14,13,0,27,0,0,0,27
07/29/2016,LSE,WI,AGL,CE,Federal Contract Tower,0,11,11,2,24,0,0,33,0,33,0,11,44,2,57,0,0,0,57
07/30/2016,LSE,WI,AGL,CE,Federal Contract Tower,0,9,9,0,18,0,2,48,0,50,0,11,57,0,68,30,0,30,98
07/31/2016,LSE,WI,AGL,CE,Federal Contract Tower,2,13,3,0,18,0,0,38,0,38,2,13,41,0,56,6,0,6,62
08/01/2016,LSE,WI,AGL,CE,Federal Contract Tower,0,16,10,0,26,0,3,31,0,34,0,19,41,0,60,20,0,20,80
08/02/2016,LSE,WI,AGL,CE,Federal Contract Tower,8,15,19,0,42,0,2,8,0,10,8,17,27,0,52,6,0,6,58
08/03/2016,LSE,WI,AGL,CE,Federal Contract Tower,0,18,6,0,24,0,1,24,0,25,0,19,30,0,49,4,0,4,53
08/04/2016,LSE,WI,AGL,CE,Federal Contract Tower,1,16,4,2,23,0,1,3,0,4,1,17,7,2,27,0,0,0,27
08/05/2016,LSE,WI,AGL,CE,Federal Contract Tower,3,16,13,0,32,0,2,29,0,31,3,18,42,0,63,0,0,0,63
08/06/2016,LSE,WI,AGL,CE,Federal Contract Tower,21,12,3,0,36,0,0,55,0,55,21,12,58,0,91,10,0,10,101
08/07/2016,LSE,WI,AGL,CE,Federal Contract Tower,6,12,8,0,26,0,2,29,0,31,6,14,37,0,57,40,0,40,97
08/08/2016,LSE,WI,AGL,CE,Federal Contract Tower,0,13,11,1,25,0,13,25,0,38,0,26,36,1,63,2,0,2,65
08/09/2016,LSE,WI,AGL,CE,Federal Contract Tower,2,15,9,3,29,0,6,17,0,23,2,21,26,3,52,20,0,20,72
08/10/2016,LSE,WI,AGL,CE,Federal Contract Tower,0,18,10,4,32,0,11,3,0,14,0,29,13,4,46,0,0,0,46
08/11/2016,LSE,WI,AGL,CE,Federal Contract Tower,2,15,9,0,26,0,0,4,0,4,2,15,13,0,30,0,0,0,30
08/12/2016,LSE,WI,AGL,CE,Federal Contract Tower,0,20,8,0,28,0,0,5,0,5,0,20,13,0,33,14,0,14,47
08/13/2016,LSE,WI,AGL,CE,Federal Contract Tower,2,7,11,3,23,0,0,30,7,37,2,7,41,10,60,2,26,28,88
08/14/2016,LSE,WI,AGL,CE,Federal Contract Tower,0,13,4,1,18,0,0,29,0,29,0,13,33,1,47,2,0,2,49
08/15/2016,LSE,WI,AGL,CE,Federal Contract Tower,1,13,12,0,26,0,1,15,0,16,1,14,27,0,42,0,0,0,42
08/16/2016,LSE,WI,AGL,CE,Federal Contract Tower,2,16,12,4,34,0,0,26,0,26,2,16,38,4,60,6,0,6,66
08/17/2016,LSE,WI,AGL,CE,Federal Contract Tower,0,20,11,2,33,0,2,16,0,18,0,22,27,2,51,2,0,2,53
08/18/2016,LSE,WI,AGL,CE,Federal Contract Tower,0,16,10,1,27,0,3,5,3,11,0,19,15,4,38,2,0,2,40
08/19/2016,LSE,WI,AGL,CE,Federal Contract Tower,0,14,8,2,24,0,0,0,0,0,0,14,8,2,24,2,0,2,26
08/20/2016,LSE,WI,AGL,CE,Federal Contract Tower,4,9,0,0,13,0,0,3,0,3,4,9,3,0,16,0,0,0,16
08/21/2016,LSE,WI,AGL,CE,Federal Contract Tower,0,14,9,0,23,0,1,40,0,41,0,15,49,0,64,18,0,18,82
08/22/2016,LSE,WI,AGL,CE,Federal Contract Tower,0,15,11,0,26,0,0,10,0,10,0,15,21,0,36,0,0,0,36
08/23/2016,LSE,WI,AGL,CE,Federal Contract Tower,2,14,9,0,25,0,0,24,2,26,2,14,33,2,51,26,26,52,103
08/24/2016,LSE,WI,AGL,CE,Federal Contract Tower,10,16,2,0,28,0,0,6,0,6,10,16,8,0,34,6,0,6,40
08/25/2016,LSE,WI,AGL,CE,Federal Contract Tower,4,14,16,1,35,0,2,10,0,12,4,16,26,1,47,6,0,6,53
08/26/2016,LSE,WI,AGL,CE,Federal Contract Tower,28,14,9,4,55,0,0,9,3,12,28,14,18,7,67,8,8,16,83
08/27/2016,LSE,WI,AGL,CE,Federal Contract Tower,2,7,10,0,19,0,0,2,0,2,2,7,12,0,21,0,0,0,21
08/28/2016,LSE,WI,AGL,CE,Federal Contract Tower,2,14,11,0,27,0,0,14,0,14,2,14,25,0,41,2,0,2,43
08/29/2016,LSE,WI,AGL,CE,Federal Contract Tower,0,11,9,0,20,0,0,8,0,8,0,11,17,0,28,8,0,8,36
08/30/2016,LSE,WI,AGL,CE,Federal Contract Tower,0,12,14,0,26,0,1,13,0,14,0,13,27,0,40,6,0,6,46
08/31/2016,LSE,WI,AGL,CE,Federal Contract Tower,0,13,9,2,24,0,1,22,1,24,0,14,31,3,48,16,10,26,74
09/01/2016,LSE,WI,AGL,CE,Federal Contract Tower,0,17,12,2,31,0,2,54,0,56,0,19,66,2,87,32,0,32,119
09/02/2016,LSE,WI,AGL,CE,Federal Contract Tower,0,13,6,0,19,0,2,57,0,59,0,15,63,0,78,12,0,12,90
09/03/2016,LSE,WI,AGL,CE,Federal Contract Tower,0,10,9,0,19,0,0,24,0,24,0,10,33,0,43,10,0,10,53
09/04/2016,LSE,WI,AGL,CE,Federal Contract Tower,0,6,5,0,11,0,4,22,0,26,0,10,27,0,37,8,0,8,45
09/05/2016,LSE,WI,AGL,CE,Federal Contract Tower,0,9,9,0,18,0,5,3,0,8,0,14,12,0,26,6,0,6,32
09/06/2016,LSE,WI,AGL,CE,Federal Contract Tower,0,12,8,2,22,0,4,10,0,14,0,16,18,2,36,2,0,2,38
09/07/2016,LSE,WI,AGL,CE,Federal Contract Tower,0,12,11,0,23,0,0,0,0,0,0,12,11,0,23,0,0,0,23
09/08/2016,LSE,WI,AGL,CE,Federal Contract Tower,0,14,5,2,21,0,0,11,2,13,0,14,16,4,34,4,30,34,68
09/09/2016,LSE,WI,AGL,CE,Federal Contract Tower,0,13,5,0,18,0,0,1,0,1,0,13,6,0,19,6,0,6,25
09/10/2016,LSE,WI,AGL,CE,Federal Contract Tower,0,9,10,0,19,0,0,50,0,50,0,9,60,0,69,22,0,22,91
09/11/2016,LSE,WI,AGL,CE,Federal Contract Tower,0,10,3,0,13,0,1,18,0,19,0,11,21,0,32,36,0,36,68
09/12/2016,LSE,WI,AGL,CE,Federal Contract Tower,0,14,4,0,18,0,1,16,0,17,0,15,20,0,35,2,0,2,37
09/13/2016,LSE,WI,AGL,CE,Federal Contract Tower,0,14,15,0,29,0,3,12,0,15,0,17,27,0,44,0,0,0,44
09/14/2016,LSE,WI,AGL,CE,Federal Contract Tower,0,12,10,0,22,0,1,48,0,49,0,13,58,0,71,38,0,38,109
09/15/2016,LSE,WI,AGL,CE,Federal Contract Tower,0,14,1,0,15,0,0,19,2,21,0,14,20,2,36,6,0,6,42
09/16/2016,LSE,WI,AGL,CE,Federal Contract Tower,0,12,8,2,22,0,0,9,0,9,0,12,17,2,31,0,0,0,31
09/17/2016,LSE,WI,AGL,CE,Federal Contract Tower,2,7,9,0,18,0,1,11,0,12,2,8,20,0,30,2,0,2,32
09/18/2016,LSE,WI,AGL,CE,Federal Contract Tower,0,13,6,0,19,0,5,26,0,31,0,18,32,0,50,14,0,14,64
09/19/2016,LSE,WI,AGL,CE,Federal Contract Tower,0,12,12,0,24,0,7,14,0,21,0,19,26,0,45,16,0,16,61
09/20/2016,LSE,WI,AGL,CE,Federal Contract Tower,0,16,6,0,22,0,1,19,0,20,0,17,25,0,42,0,0,0,42
09/21/2016,LSE,WI,AGL,CE,Federal Contract Tower,0,9,8,0,17,0,2,5,0,7,0,11,13,0,24,6,0,6,30
09/22/2016,LSE,WI,AGL,CE,Federal Contract Tower,0,13,10,0,23,0,0,7,0,7,0,13,17,0,30,12,0,12,42
09/23/2016,LSE,WI,AGL,CE,Federal Contract Tower,2,10,18,0,30,0,0,0,0,0,2,10,18,0,30,6,0,6,36
09/24/2016,LSE,WI,AGL,CE,Federal Contract Tower,0,7,13,0,20,0,0,2,0,2,0,7,15,0,22,0,0,0,22
09/25/2016,LSE,WI,AGL,CE,Federal Contract Tower,0,10,13,0,23,0,0,7,0,7,0,10,20,0,30,0,0,0,30
09/26/2016,LSE,WI,AGL,CE,Federal Contract Tower,2,16,12,0,30,0,0,10,0,10,2,16,22,0,40,0,0,0,40
09/27/2016,LSE,WI,AGL,CE,Federal Contract Tower,0,14,8,0,22,0,0,14,0,14,0,14,22,0,36,4,0,4,40
09/28/2016,LSE,WI,AGL,CE,Federal Contract Tower,0,19,13,0,32,0,0,6,0,6,0,19,19,0,38,12,0,12,50
09/29/2016,LSE,WI,AGL,CE,Federal Contract Tower,0,15,17,0,32,0,3,31,0,34,0,18,48,0,66,18,0,18,84
09/30/2016,LSE,WI,AGL,CE,Federal Contract Tower,0,17,14,0,31,0,0,17,0,17,0,17,31,0,48,4,0,4,52
10/01/2016,LSE,WI,AGL,CE,Federal Contract Tower,0,6,5,0,11,0,2,14,0,16,0,8,19,0,27,4,0,4,31
10/02/2016,LSE,WI,AGL,CE,Federal Contract Tower,0,12,17,0,29,0,4,30,0,34,0,16,47,0,63,22,0,22,85
10/03/2016,LSE,WI,AGL,CE,Federal Contract Tower,0,10,11,1,22,0,0,35,2,37,0,10,46,3,59,8,0,8,67
10/04/2016,LSE,WI,AGL,CE,Federal Contract Tower,0,11,3,0,14,0,1,9,0,10,0,12,12,0,24,8,0,8,32
10/05/2016,LSE,WI,AGL,CE,Federal Contract Tower,0,9,18,0,27,0,0,15,0,15,0,9,33,0,42,4,0,4,46
10/06/2016,LSE,WI,AGL,CE,Federal Contract Tower,0,11,16,0,27,0,0,18,0,18,0,11,34,0,45,16,0,16,61
10/07/2016,LSE,WI,AGL,CE,Federal Contract Tower,0,11,11,0,22,0,3,14,0,17,0,14,25,0,39,0,0,0,39
10/08/2016,LSE,WI,AGL,CE,Federal Contract Tower,0,7,1,0,8,0,0,46,0,46,0,7,47,0,54,4,0,4,58
10/09/2016,LSE,WI,AGL,CE,Federal Contract Tower,0,10,8,0,18,0,0,45,0,45,0,10,53,0,63,22,0,22,85
10/10/2016,LSE,WI,AGL,CE,Federal Contract Tower,0,12,9,0,21,0,0,20,0,20,0,12,29,0,41,14,0,14,55
10/11/2016,LSE,WI,AGL,CE,Federal Contract Tower,0,13,9,0,22,0,2,29,0,31,0,15,38,0,53,80,2,82,135
10/12/2016,LSE,WI,AGL,CE,Federal Contract Tower,0,11,9,0,20,0,2,2,0,4,0,13,11,0,24,4,4,8,32
10/13/2016,LSE,WI,AGL,CE,Federal Contract Tower,0,12,13,0,25,0,1,26,0,27,0,13,39,0,52,46,4,50,102
10/14/2016,LSE,WI,AGL,CE,Federal Contract Tower,0,11,12,0,23,0,3,21,0,24,0,14,33,0,47,28,0,28,75
10/15/2016,LSE,WI,AGL,CE,Federal Contract Tower,0,11,7,0,18,0,3,1,0,4,0,14,8,0,22,0,0,0,22
10/16/2016,LSE,WI,AGL,CE,Federal Contract Tower,0,14,25,0,39,0,0,30,0,30,0,14,55,0,69,2,0,2,71
10/17/2016,LSE,WI,AGL,CE,Federal Contract Tower,0,13,10,0,23,0,1,1,0,2,0,14,11,0,25,2,0,2,27
10/18/2016,LSE,WI,AGL,CE,Federal Contract Tower,0,11,6,0,17,0,1,24,0,25,0,12,30,0,42,16,0,16,58
10/19/2016,LSE,WI,AGL,CE,Federal Contract Tower,0,14,11,0,25,0,3,27,0,30,0,17,38,0,55,30,0,30,85
10/20/2016,LSE,WI,AGL,CE,Federal Contract Tower,0,13,10,0,23,0,2,12,0,14,0,15,22,0,37,8,0,8,45
10/21/2016,LSE,WI,AGL,CE,Federal Contract Tower,0,12,13,0,25,0,0,24,0,24,0,12,37,0,49,16,0,16,65
10/22/2016,LSE,WI,AGL,CE,Federal Contract Tower,0,7,7,0,14,0,6,49,0,55,0,13,56,0,69,28,0,28,97
10/23/2016,LSE,WI,AGL,CE,Federal Contract Tower,0,10,16,0,26,0,1,39,0,40,0,11,55,0,66,14,0,14,80
10/24/2016,LSE,WI,AGL,CE,Federal Contract Tower,0,10,10,0,20,0,2,23,0,25,0,12,33,0,45,30,2,32,77
10/25/2016,LSE,WI,AGL,CE,Federal Contract Tower,0,11,7,0,18,0,2,16,0,18,0,13,23,0,36,14,4,18,54
10/26/2016,LSE,WI,AGL,CE,Federal Contract Tower,0,12,8,0,20,0,1,0,0,1,0,13,8,0,21,0,0,0,21
10/27/2016,LSE,WI,AGL,CE,Federal Contract Tower,0,12,17,0,29,0,0,6,0,6,0,12,23,0,35,0,0,0,35
10/28/2016,LSE,WI,AGL,CE,Federal Contract Tower,0,11,10,0,21,0,0,3,0,3,0,11,13,0,24,2,0,2,26
10/29/2016,LSE,WI,AGL,CE,Federal Contract Tower,0,7,6,0,13,0,2,16,0,18,0,9,22,0,31,20,0,20,51
10/30/2016,LSE,WI,AGL,CE,Federal Contract Tower,0,10,7,0,17,0,3,3,0,6,0,13,10,0,23,2,0,2,25
10/31/2016,LSE,WI,AGL,CE,Federal Contract Tower,0,11,10,0,21,0,0,2,0,2,0,11,12,0,23,2,0,2,25
11/01/2016,LSE,WI,AGL,CE,Federal Contract Tower,0,11,6,0,17,0,0,30,0,30,0,11,36,0,47,24,0,24,71
11/02/2016,LSE,WI,AGL,CE,Federal Contract Tower,0,11,9,0,20,0,12,0,0,12,0,23,9,0,32,0,0,0,32
11/03/2016,LSE,WI,AGL,CE,Federal Contract Tower,0,12,2,3,17,0,2,43,1,46,0,14,45,4,63,14,0,14,77
11/04/2016,LSE,WI,AGL,CE,Federal Contract Tower,0,12,6,0,18,0,4,22,0,26,0,16,28,0,44,12,0,12,56
11/05/2016,LSE,WI,AGL,CE,Federal Contract Tower,0,6,15,0,21,0,6,37,0,43,0,12,52,0,64,46,0,46,110
11/06/2016,LSE,WI,AGL,CE,Federal Contract Tower,2,10,12,0,24,0,1,48,0,49,2,11,60,0,73,28,0,28,101
11/07/2016,LSE,WI,AGL,CE,Federal Contract Tower,2,11,9,0,22,0,2,13,0,15,2,13,22,0,37,0,0,0,37
11/08/2016,LSE,WI,AGL,CE,Federal Contract Tower,0,9,8,1,18,0,0,15,1,16,0,9,23,2,34,10,16,26,60
11/09/2016,LSE,WI,AGL,CE,Federal Contract Tower,0,12,3,0,15,0,3,22,0,25,0,15,25,0,40,18,0,18,58
11/10/2016,LSE,WI,AGL,CE,Federal Contract Tower,0,15,1,0,16,0,5,11,0,16,0,20,12,0,32,2,0,2,34
11/11/2016,LSE,WI,AGL,CE,Federal Contract Tower,2,15,2,2,21,0,3,16,0,19,2,18,18,2,40,6,0,6,46
11/12/2016,LSE,WI,AGL,CE,Federal Contract Tower,0,8,1,0,9,0,2,24,0,26,0,10,25,0,35,4,0,4,39
11/13/2016,LSE,WI,AGL,CE,Federal Contract Tower,0,12,1,0,13,0,2,21,0,23,0,14,22,0,36,0,0,0,36
11/14/2016,LSE,WI,AGL,CE,Federal Contract Tower,0,13,19,0,32,0,6,10,0,16,0,19,29,0,48,0,0,0,48
11/15/2016,LSE,WI,AGL,CE,Federal Contract Tower,0,10,17,2,29,0,4,25,0,29,0,14,42,2,58,8,0,8,66
11/16/2016,LSE,WI,AGL,CE,Federal Contract Tower,0,15,9,1,25,0,2,9,0,11,0,17,18,1,36,10,0,10,46
11/17/2016,LSE,WI,AGL,CE,Federal Contract Tower,0,15,6,0,21,0,1,7,0,8,0,16,13,0,29,4,0,4,33
11/18/2016,LSE,WI,AGL,CE,Federal Contract Tower,0,13,8,0,21,0,0,3,0,3,0,13,11,0,24,0,0,0,24
11/19/2016,LSE,WI,AGL,CE,Federal Contract Tower,0,10,1,2,13,0,0,5,0,5,0,10,6,2,18,0,0,0,18
11/20/2016,LSE,WI,AGL,CE,Federal Contract Tower,0,11,8,0,19,0,0,30,0,30,0,11,38,0,49,4,0,4,53
11/21/2016,LSE,WI,AGL,CE,Federal Contract Tower,0,12,11,0,23,0,0,11,2,13,0,12,22,2,36,2,0,2,38
11/22/2016,LSE,WI,AGL,CE,Federal Contract Tower,1,14,7,1,23,0,1,3,2,6,1,15,10,3,29,6,0,6,35
11/23/2016,LSE,WI,AGL,CE,Federal Contract Tower,0,14,10,0,24,0,0,0,0,0,0,14,10,0,24,0,0,0,24
11/24/2016,LSE,WI,AGL,CE,Federal Contract Tower,0,6,0,0,6,0,2,0,0,2,0,8,0,0,8,4,0,4,12
11/25/2016,LSE,WI,AGL,CE,Federal Contract Tower,0,7,2,0,9,0,0,2,0,2,0,7,4,0,11,2,0,2,13
11/26/2016,LSE,WI,AGL,CE,Federal Contract Tower,0,13,4,0,17,0,2,18,0,20,0,15,22,0,37,8,0,8,45
11/27/2016,LSE,WI,AGL,CE,Federal Contract Tower,2,11,5,2,20,0,2,14,0,16,2,13,19,2,36,18,0,18,54
11/28/2016,LSE,WI,AGL,CE,Federal Contract Tower,0,13,13,0,26,0,2,0,0,2,0,15,13,0,28,0,0,0,28
11/29/2016,LSE,WI,AGL,CE,Federal Contract Tower,0,12,8,0,20,0,5,2,0,7,0,17,10,0,27,2,0,2,29
11/30/2016,LSE,WI,AGL,CE,Federal Contract Tower,0,13,3,0,16,0,0,0,0,0,0,13,3,0,16,0,0,0,16
12/01/2016,LSE,WI,AGL,CE,Federal Contract Tower,0,14,10,0,24,0,3,5,0,8,0,17,15,0,32,36,0,36,68
12/02/2016,LSE,WI,AGL,CE,Federal Contract Tower,2,14,4,0,20,0,3,2,0,5,2,17,6,0,25,0,0,0,25
12/03/2016,LSE,WI,AGL,CE,Federal Contract Tower,0,7,4,0,11,0,0,9,0,9,0,7,13,0,20,10,0,10,30
12/04/2016,LSE,WI,AGL,CE,Federal Contract Tower,0,8,3,0,11,0,0,0,0,0,0,8,3,0,11,2,0,2,13
12/05/2016,LSE,WI,AGL,CE,Federal Contract Tower,0,14,9,0,23,0,0,0,0,0,0,14,9,0,23,0,0,0,23
12/06/2016,LSE,WI,AGL,CE,Federal Contract Tower,0,14,1,0,15,0,0,1,0,1,0,14,2,0,16,0,0,0,16
12/07/2016,LSE,WI,AGL,CE,Federal Contract Tower,0,16,8,0,24,0,0,0,0,0,0,16,8,0,24,0,0,0,24
12/08/2016,LSE,WI,AGL,CE,Federal Contract Tower,0,14,13,0,27,0,0,3,0,3,0,14,16,0,30,0,0,0,30
12/09/2016,LSE,WI,AGL,CE,Federal Contract Tower,0,12,7,0,19,0,0,4,2,6,0,12,11,2,25,0,0,0,25
12/10/2016,LSE,WI,AGL,CE,Federal Contract Tower,0,6,4,0,10,0,0,2,0,2,0,6,6,0,12,2,0,2,14
12/11/2016,LSE,WI,AGL,CE,Federal Contract Tower,0,6,6,0,12,0,0,0,0,0,0,6,6,0,12,0,0,0,12
12/12/2016,LSE,WI,AGL,CE,Federal Contract Tower,0,15,11,0,26,0,0,0,0,0,0,15,11,0,26,0,0,0,26
12/13/2016,LSE,WI,AGL,CE,Federal Contract Tower,0,12,13,2,27,0,0,8,0,8,0,12,21,2,35,20,0,20,55
12/14/2016,LSE,WI,AGL,CE,Federal Contract Tower,0,16,11,0,27,0,0,3,0,3,0,16,14,0,30,0,0,0,30
12/15/2016,LSE,WI,AGL,CE,Federal Contract Tower,0,12,11,0,23,0,0,6,0,6,0,12,17,0,29,0,0,0,29
12/16/2016,LSE,WI,AGL,CE,Federal Contract Tower,0,18,10,0,28,0,0,0,0,0,0,18,10,0,28,0,0,0,28
12/17/2016,LSE,WI,AGL,CE,Federal Contract Tower,0,5,2,0,7,0,0,0,0,0,0,5,2,0,7,0,0,0,7
12/18/2016,LSE,WI,AGL,CE,Federal Contract Tower,0,6,1,0,7,0,1,0,0,1,0,7,1,0,8,2,0,2,10
12/19/2016,LSE,WI,AGL,CE,Federal Contract Tower,0,7,5,0,12,0,0,29,0,29,0,7,34,0,41,2,0,2,43
12/20/2016,LSE,WI,AGL,CE,Federal Contract Tower,0,12,9,0,21,0,0,12,0,12,0,12,21,0,33,0,0,0,33
12/21/2016,LSE,WI,AGL,CE,Federal Contract Tower,0,12,3,3,18,0,1,7,0,8,0,13,10,3,26,6,0,6,32
12/22/2016,LSE,WI,AGL,CE,Federal Contract Tower,0,10,6,0,16,0,6,17,0,23,0,16,23,0,39,12,0,12,51
12/23/2016,LSE,WI,AGL,CE,Federal Contract Tower,0,10,1,0,11,0,0,0,0,0,0,10,1,0,11,0,0,0,11
12/24/2016,LSE,WI,AGL,CE,Federal Contract Tower,0,9,6,0,15,0,0,0,0,0,0,9,6,0,15,0,0,0,15
12/25/2016,LSE,WI,AGL,CE,Federal Contract Tower,0,8,1,0,9,0,0,0,0,0,0,8,1,0,9,0,0,0,9
12/26/2016,LSE,WI,AGL,CE,Federal Contract Tower,0,9,5,0,14,0,0,1,0,1,0,9,6,0,15,0,0,0,15
12/27/2016,LSE,WI,AGL,CE,Federal Contract Tower,0,10,4,0,14,0,7,6,0,13,0,17,10,0,27,6,0,6,33
12/28/2016,LSE,WI,AGL,CE,Federal Contract Tower,0,12,6,0,18,0,4,9,0,13,0,16,15,0,31,8,0,8,39
12/29/2016,LSE,WI,AGL,CE,Federal Contract Tower,0,13,4,0,17,0,1,1,0,2,0,14,5,0,19,0,0,0,19
12/30/2016,LSE,WI,AGL,CE,Federal Contract Tower,0,12,1,2,15,0,0,19,0,19,0,12,20,2,34,30,0,30,64
12/31/2016,LSE,WI,AGL,CE,Federal Contract Tower,0,8,3,0,11,0,0,1,0,1,0,8,4,0,12,0,0,0,12
01/01/2017,LSE,WI,AGL,CE,Federal Contract Tower,0,7,6,0,13,0,0,35,0,35,0,7,41,0,48,8,0,8,56
01/02/2017,LSE,WI,AGL,CE,Federal Contract Tower,0,12,7,0,19,0,0,0,0,0,0,12,7,0,19,0,0,0,19
01/03/2017,LSE,WI,AGL,CE,Federal Contract Tower,0,9,0,0,9,0,0,0,0,0,0,9,0,0,9,0,0,0,9
01/04/2017,LSE,WI,AGL,CE,Federal Contract Tower,0,11,6,0,17,0,2,2,0,4,0,13,8,0,21,8,0,8,29
01/05/2017,LSE,WI,AGL,CE,Federal Contract Tower,0,10,2,0,12,0,2,0,0,2,0,12,2,0,14,0,0,0,14
01/06/2017,LSE,WI,AGL,CE,Federal Contract Tower,2,10,3,0,15,0,0,4,0,4,2,10,7,0,19,2,0,2,21
01/07/2017,LSE,WI,AGL,CE,Federal Contract Tower,2,7,2,0,11,0,6,6,0,12,2,13,8,0,23,2,0,2,25
01/08/2017,LSE,WI,AGL,CE,Federal Contract Tower,0,8,5,0,13,0,0,5,0,5,0,8,10,0,18,12,0,12,30
01/09/2017,LSE,WI,AGL,CE,Federal Contract Tower,0,9,5,0,14,0,2,2,0,4,0,11,7,0,18,8,0,8,26
01/10/2017,LSE,WI,AGL,CE,Federal Contract Tower,1,6,2,0,9,0,0,0,0,0,1,6,2,0,9,0,0,0,9
01/11/2017,LSE,WI,AGL,CE,Federal Contract Tower,0,5,4,0,9,0,0,2,0,2,0,5,6,0,11,0,0,0,11
01/12/2017,LSE,WI,AGL,CE,Federal Contract Tower,1,6,4,0,11,0,2,3,3,8,1,8,7,3,19,4,4,8,27
01/13/2017,LSE,WI,AGL,CE,Federal Contract Tower,0,11,6,0,17,0,0,2,0,2,0,11,8,0,19,2,0,2,21
01/14/2017,LSE,WI,AGL,CE,Federal Contract Tower,0,7,2,0,9,0,0,8,0,8,0,7,10,0,17,8,0,8,25
01/15/2017,LSE,WI,AGL,CE,Federal Contract Tower,0,8,4,0,12,0,2,4,0,6,0,10,8,0,18,6,0,6,24
01/16/2017,LSE,WI,AGL,CE,Federal Contract Tower,0,5,3,0,8,0,0,0,0,0,0,5,3,0,8,0,0,0,8
01/17/2017,LSE,WI,AGL,CE,Federal Contract Tower,0,4,5,0,9,0,0,0,0,0,0,4,5,0,9,0,0,0,9
01/18/2017,LSE,WI,AGL,CE,Federal Contract Tower,0,10,7,0,17,0,1,8,0,9,0,11,15,0,26,2,0,2,28
01/19/2017,LSE,WI,AGL,CE,Federal Contract Tower,2,14,6,2,24,0,0,3,0,3,2,14,9,2,27,0,0,0,27
01/20/2017,LSE,WI,AGL,CE,Federal Contract Tower,0,10,4,0,14,0,0,0,0,0,0,10,4,0,14,0,0,0,14
01/21/2017,LSE,WI,AGL,CE,Federal Contract Tower,0,10,7,0,17,0,0,0,0,0,0,10,7,0,17,0,0,0,17
01/22/2017,LSE,WI,AGL,CE,Federal Contract Tower,0,7,10,0,17,0,0,0,0,0,0,7,10,0,17,0,0,0,17
01/23/2017,LSE,WI,AGL,CE,Federal Contract Tower,0,10,14,0,24,0,0,2,0,2,0,10,16,0,26,0,0,0,26
01/24/2017,LSE,WI,AGL,CE,Federal Contract Tower,1,11,7,0,19,0,0,4,0,4,1,11,11,0,23,2,0,2,25
01/25/2017,LSE,WI,AGL,CE,Federal Contract Tower,0,10,7,0,17,0,0,0,0,0,0,10,7,0,17,0,0,0,17
01/26/2017,LSE,WI,AGL,CE,Federal Contract Tower,0,14,10,0,24,0,0,6,0,6,0,14,16,0,30,0,0,0,30
01/27/2017,LSE,WI,AGL,CE,Federal Contract Tower,0,10,7,0,17,0,2,14,0,16,0,12,21,0,33,20,0,20,53
01/28/2017,LSE,WI,AGL,CE,Federal Contract Tower,0,11,2,0,13,0,0,5,0,5,0,11,7,0,18,0,0,0,18
01/29/2017,LSE,WI,AGL,CE,Federal Contract Tower,0,8,1,0,9,0,1,6,0,7,0,9,7,0,16,4,0,4,20
01/30/2017,LSE,WI,AGL,CE,Federal Contract Tower,0,11,12,0,23,0,0,0,0,0,0,11,12,0,23,0,0,0,23
01/31/2017,LSE,WI,AGL,CE,Federal Contract Tower,0,10,7,0,17,0,0,8,0,8,0,10,15,0,25,0,0,0,25
02/01/2017,LSE,WI,AGL,CE,Federal Contract Tower,0,11,10,0,21,0,0,10,0,10,0,11,20,0,31,4,0,4,35
02/02/2017,LSE,WI,AGL,CE,Federal Contract Tower,1,10,9,0,20,0,2,5,0,7,1,12,14,0,27,6,0,6,33
02/03/2017,LSE,WI,AGL,CE,Federal Contract Tower,0,10,4,0,14,0,3,11,0,14,0,13,15,0,28,18,0,18,46
02/04/2017,LSE,WI,AGL,CE,Federal Contract Tower,0,9,0,4,13,0,0,3,0,3,0,9,3,4,16,0,0,0,16
02/05/2017,LSE,WI,AGL,CE,Federal Contract Tower,1,8,4,0,13,0,2,18,0,20,1,10,22,0,33,18,0,18,51
02/06/2017,LSE,WI,AGL,CE,Federal Contract Tower,0,11,8,0,19,0,2,5,0,7,0,13,13,0,26,0,0,0,26
02/07/2017,LSE,WI,AGL,CE,Federal Contract Tower,0,11,12,0,23,0,0,0,0,0,0,11,12,0,23,0,0,0,23
02/08/2017,LSE,WI,AGL,CE,Federal Contract Tower,0,12,12,0,24,0,2,5,0,7,0,14,17,0,31,6,0,6,37
02/09/2017,LSE,WI,AGL,CE,Federal Contract Tower,0,10,17,0,27,0,3,2,0,5,0,13,19,0,32,4,0,4,36
02/10/2017,LSE,WI,AGL,CE,Federal Contract Tower,0,16,3,0,19,0,1,4,0,5,0,17,7,0,24,4,0,4,28
02/11/2017,LSE,WI,AGL,CE,Federal Contract Tower,0,8,4,0,12,0,0,16,0,16,0,8,20,0,28,18,0,18,46
02/12/2017,LSE,WI,AGL,CE,Federal Contract Tower,0,10,8,0,18,0,0,4,0,4,0,10,12,0,22,0,0,0,22
02/13/2017,LSE,WI,AGL,CE,Federal Contract Tower,0,11,5,0,16,0,3,10,0,13,0,14,15,0,29,12,0,12,41
02/14/2017,LSE,WI,AGL,CE,Federal Contract Tower,1,11,8,0,20,0,2,4,0,6,1,13,12,0,26,0,0,0,26
02/15/2017,LSE,WI,AGL,CE,Federal Contract Tower,0,10,10,0,20,0,9,10,0,19,0,19,20,0,39,12,0,12,51
02/16/2017,LSE,WI,AGL,CE,Federal Contract Tower,0,11,9,0,20,0,0,4,0,4,0,11,13,0,24,4,0,4,28
02/17/2017,LSE,WI,AGL,CE,Federal Contract Tower,0,12,12,1,25,0,5,36,0,41,0,17,48,1,66,38,0,38,104
02/18/2017,LSE,WI,AGL,CE,Federal Contract Tower,0,11,3,0,14,0,0,32,0,32,0,11,35,0,46,38,0,38,84
02/19/2017,LSE,WI,AGL,CE,Federal Contract Tower,0,12,7,0,19,0,0,31,0,31,0,12,38,0,50,34,0,34,84
02/20/2017,LSE,WI,AGL,CE,Federal Contract Tower,0,9,10,0,19,0,0,0,0,0,0,9,10,0,19,0,0,0,19
02/21/2017,LSE,WI,AGL,CE,Federal Contract Tower,6,23,9,1,39,0,3,11,0,14,6,26,20,1,53,18,0,18,71
02/22/2017,LSE,WI,AGL,CE,Federal Contract Tower,0,11,10,2,23,0,7,18,0,25,0,18,28,2,48,44,0,44,92
02/23/2017,LSE,WI,AGL,CE,Federal Contract Tower,0,10,10,0,20,0,1,4,0,5,0,11,14,0,25,2,0,2,27
02/24/2017,LSE,WI,AGL,CE,Federal Contract Tower,0,9,1,0,10,0,0,0,0,0,0,9,1,0,10,0,0,0,10
02/25/2017,LSE,WI,AGL,CE,Federal Contract Tower,0,8,1,0,9,0,5,1,0,6,0,13,2,0,15,2,0,2,17
02/26/2017,LSE,WI,AGL,CE,Federal Contract Tower,0,10,9,0,19,0,1,2,0,3,0,11,11,0,22,6,0,6,28
02/27/2017,LSE,WI,AGL,CE,Federal Contract Tower,0,9,10,0,19,0,0,10,0,10,0,9,20,0,29,0,0,0,29
02/28/2017,LSE,WI,AGL,CE,Federal Contract Tower,0,10,4,0,14,0,0,0,0,0,0,10,4,0,14,0,0,0,14
03/01/2017,LSE,WI,AGL,CE,Federal Contract Tower,0,11,6,0,17,0,0,2,0,2,0,11,8,0,19,0,0,0,19
03/02/2017,LSE,WI,AGL,CE,Federal Contract Tower,0,11,9,0,20,0,1,5,0,6,0,12,14,0,26,0,0,0,26
03/03/2017,LSE,WI,AGL,CE,Federal Contract Tower,0,12,7,0,19,0,3,14,0,17,0,15,21,0,36,4,0,4,40
03/04/2017,LSE,WI,AGL,CE,Federal Contract Tower,0,7,2,0,9,0,4,18,1,23,0,11,20,1,32,2,2,4,36
03/05/2017,LSE,WI,AGL,CE,Federal Contract Tower,0,13,4,0,17,0,0,0,0,0,0,13,4,0,17,0,0,0,17
03/06/2017,LSE,WI,AGL,CE,Federal Contract Tower,2,12,10,0,24,0,2,0,0,2,2,14,10,0,26,0,0,0,26
03/07/2017,LSE,WI,AGL,CE,Federal Contract Tower,0,11,7,0,18,0,1,0,1,2,0,12,7,1,20,0,0,0,20
03/08/2017,LSE,WI,AGL,CE,Federal Contract Tower,2,12,7,0,21,0,0,2,1,3,2,12,9,1,24,0,0,0,24
03/09/2017,LSE,WI,AGL,CE,Federal Contract Tower,4,15,11,0,30,0,2,15,0,17,4,17,26,0,47,0,0,0,47
03/10/2017,LSE,WI,AGL,CE,Federal Contract Tower,0,15,7,3,25,0,0,14,0,14,0,15,21,3,39,4,16,20,59
03/11/2017,LSE,WI,AGL,CE,Federal Contract Tower,0,8,11,1,20,0,1,19,0,20,0,9,30,1,40,8,0,8,48
03/12/2017,LSE,WI,AGL,CE,Federal Contract Tower,0,12,2,1,15,0,3,7,0,10,0,15,9,1,25,0,0,0,25
03/13/2017,LSE,WI,AGL,CE,Federal Contract Tower,0,9,10,0,19,0,0,2,0,2,0,9,12,0,21,0,0,0,21
03/14/2017,LSE,WI,AGL,CE,Federal Contract Tower,0,13,5,0,18,0,0,5,0,5,0,13,10,0,23,0,0,0,23
03/15/2017,LSE,WI,AGL,CE,Federal Contract Tower,0,11,8,0,19,0,0,6,0,6,0,11,14,0,25,4,0,4,29
03/16/2017,LSE,WI,AGL,CE,Federal Contract Tower,2,13,7,0,22,0,4,4,0,8,2,17,11,0,30,4,0,4,34
03/17/2017,LSE,WI,AGL,CE,Federal Contract Tower,0,16,3,0,19,0,0,4,0,4,0,16,7,0,23,8,0,8,31
03/18/2017,LSE,WI,AGL,CE,Federal Contract Tower,0,7,5,6,18,0,6,4,0,10,0,13,9,6,28,32,0,32,60
03/19/2017,LSE,WI,AGL,CE,Federal Contract Tower,0,13,7,0,20,0,1,11,0,12,0,14,18,0,32,8,0,8,40
03/20/2017,LSE,WI,AGL,CE,Federal Contract Tower,2,13,14,0,29,0,0,9,0,9,2,13,23,0,38,16,0,16,54
03/21/2017,LSE,WI,AGL,CE,Federal Contract Tower,0,13,9,0,22,0,4,12,0,16,0,17,21,0,38,0,0,0,38
03/22/2017,LSE,WI,AGL,CE,Federal Contract Tower,0,12,14,0,26,0,10,12,0,22,0,22,26,0,48,30,0,30,78
03/23/2017,LSE,WI,AGL,CE,Federal Contract Tower,0,12,6,0,18,0,4,5,0,9,0,16,11,0,27,16,0,16,43
03/24/2017,LSE,WI,AGL,CE,Federal Contract Tower,0,10,9,0,19,0,1,0,0,1,0,11,9,0,20,0,0,0,20
03/25/2017,LSE,WI,AGL,CE,Federal Contract Tower,0,8,5,0,13,0,0,1,0,1,0,8,6,0,14,0,0,0,14
03/26/2017,LSE,WI,AGL,CE,Federal Contract Tower,0,10,0,0,10,0,0,0,0,0,0,10,0,0,10,0,0,0,10
03/27/2017,LSE,WI,AGL,CE,Federal Contract Tower,0,14,6,0,20,0,0,3,0,3,0,14,9,0,23,0,0,0,23
03/28/2017,LSE,WI,AGL,CE,Federal Contract Tower,0,16,17,1,34,0,5,18,0,23,0,21,35,1,57,36,0,36,93
03/29/2017,LSE,WI,AGL,CE,Federal Contract Tower,0,16,10,0,26,0,0,3,0,3,0,16,13,0,29,0,0,0,29
03/30/2017,LSE,WI,AGL,CE,Federal Contract Tower,0,13,6,0,19,0,1,2,0,3,0,14,8,0,22,0,0,0,22
03/31/2017,LSE,WI,AGL,CE,Federal Contract Tower,0,12,11,2,25,0,1,30,0,31,0,13,41,2,56,64,0,64,120
04/01/2017,LSE,WI,AGL,CE,Federal Contract Tower,2,7,3,0,12,0,1,44,0,45,2,8,47,0,57,52,0,52,109
04/02/2017,LSE,WI,AGL,CE,Federal Contract Tower,0,14,9,2,25,0,0,6,0,6,0,14,15,2,31,0,0,0,31
04/03/2017,LSE,WI,AGL,CE,Federal Contract Tower,0,13,5,0,18,0,0,0,0,0,0,13,5,0,18,0,0,0,18
04/04/2017,LSE,WI,AGL,CE,Federal Contract Tower,0,12,6,0,18,0,1,7,0,8,0,13,13,0,26,2,0,2,28
04/05/2017,LSE,WI,AGL,CE,Federal Contract Tower,0,15,11,0,26,0,2,9,2,13,0,17,20,2,39,10,0,10,49
04/06/2017,LSE,WI,AGL,CE,Federal Contract Tower,0,15,8,0,23,0,0,8,0,8,0,15,16,0,31,4,0,4,35
04/07/2017,LSE,WI,AGL,CE,Federal Contract Tower,0,13,12,0,25,0,9,43,0,52,0,22,55,0,77,20,0,20,97
04/08/2017,LSE,WI,AGL,CE,Federal Contract Tower,0,10,2,1,13,0,3,30,0,33,0,13,32,1,46,10,4,14,60
04/09/2017,LSE,WI,AGL,CE,Federal Contract Tower,0,15,8,0,23,0,4,5,3,12,0,19,13,3,35,6,0,6,41
04/10/2017,LSE,WI,AGL,CE,Federal Contract Tower,0,9,5,0,14,0,0,2,0,2,0,9,7,0,16,0,0,0,16
04/11/2017,LSE,WI,AGL,CE,Federal Contract Tower,0,15,14,0,29,0,3,9,1,13,0,18,23,1,42,6,0,6,48
04/12/2017,LSE,WI,AGL,CE,Federal Contract Tower,0,12,9,0,21,0,4,13,0,17,0,16,22,0,38,8,0,8,46
04/13/2017,LSE,WI,AGL,CE,Federal Contract Tower,0,14,10,0,24,0,1,9,0,10,0,15,19,0,34,6,0,6,40
04/14/2017,LSE,WI,AGL,CE,Federal Contract Tower,0,16,2,0,18,0,1,13,0,14,0,17,15,0,32,0,0,0,32
04/15/2017,LSE,WI,AGL,CE,Federal Contract Tower,2,7,5,0,14,0,2,1,0,3,2,9,6,0,17,0,0,0,17
04/16/2017,LSE,WI,AGL,CE,Federal Contract Tower,0,10,4,0,14,0,0,7,0,7,0,10,11,0,21,2,0,2,23
04/17/2017,LSE,WI,AGL,CE,Federal Contract Tower,0,14,10,0,24,0,5,26,0,31,0,19,36,0,55,18,0,18,73
04/18/2017,LSE,WI,AGL,CE,Federal Contract Tower,0,12,6,0,18,0,2,3,0,5,0,14,9,0,23,6,0,6,29
04/19/2017,LSE,WI,AGL,CE,Federal Contract Tower,2,14,5,0,21,0,1,0,0,1,2,15,5,0,22,0,0,0,22
04/20/2017,LSE,WI,AGL,CE,Federal Contract Tower,0,14,8,3,25,0,0,1,0,1,0,14,9,3,26,0,2,2,28
04/21/2017,LSE,WI,AGL,CE,Federal Contract Tower,0,12,7,0,19,0,0,10,0,10,0,12,17,0,29,14,0,14,43
04/22/2017,LSE,WI,AGL,CE,Federal Contract Tower,0,9,9,0,18,0,3,16,0,19,0,12,25,0,37,28,0,28,65
04/23/2017,LSE,WI,AGL,CE,Federal Contract Tower,0,11,3,4,18,0,7,36,0,43,0,18,39,4,61,38,0,38,99
04/24/2017,LSE,WI,AGL,CE,Federal Contract Tower,0,13,7,0,20,0,1,4,4,9,0,14,11,4,29,18,4,22,51
04/25/2017,LSE,WI,AGL,CE,Federal Contract Tower,0,11,10,0,21,0,0,12,0,12,0,11,22,0,33,6,0,6,39
04/26/2017,LSE,WI,AGL,CE,Federal Contract Tower,14,12,2,1,29,0,0,0,1,1,14,12,2,2,30,0,0,0,30
04/27/2017,LSE,WI,AGL,CE,Federal Contract Tower,2,12,2,0,16,0,0,0,2,2,2,12,2,2,18,2,0,2,20
04/28/2017,LSE,WI,AGL,CE,Federal Contract Tower,0,15,0,0,15,0,3,22,0,25,0,18,22,0,40,14,0,14,54
04/29/2017,LSE,WI,AGL,CE,Federal Contract Tower,20,10,0,0,30,0,7,13,0,20,20,17,13,0,50,12,0,12,62
04/30/2017,LSE,WI,AGL,CE,Federal Contract Tower,2,10,2,0,14,0,0,0,0,0,2,10,2,0,14,0,0,0,14
05/01/2017,LSE,WI,AGL,CE,Federal Contract Tower,0,16,5,0,21,0,0,0,0,0,0,16,5,0,21,0,0,0,21
05/02/2017,LSE,WI,AGL,CE,Federal Contract Tower,0,12,7,0,19,0,2,3,0,5,0,14,10,0,24,4,0,4,28
05/03/2017,LSE,WI,AGL,CE,Federal Contract Tower,2,17,13,0,32,0,3,12,0,15,2,20,25,0,47,12,0,12,59
05/04/2017,LSE,WI,AGL,CE,Federal Contract Tower,0,14,6,0,20,0,3,13,0,16,0,17,19,0,36,12,0,12,48
05/05/2017,LSE,WI,AGL,CE,Federal Contract Tower,2,17,10,0,29,0,2,34,0,36,2,19,44,0,65,16,0,16,81
05/06/2017,LSE,WI,AGL,CE,Federal Contract Tower,2,7,2,0,11,0,3,40,0,43,2,10,42,0,54,38,0,38,92
05/07/2017,LSE,WI,AGL,CE,Federal Contract Tower,0,12,4,0,16,0,3,47,0,50,0,15,51,0,66,58,0,58,124
05/08/2017,LSE,WI,AGL,CE,Federal Contract Tower,0,11,3,0,14,0,2,8,0,10,0,13,11,0,24,4,0,4,28
05/09/2017,LSE,WI,AGL,CE,Federal Contract Tower,0,14,21,1,36,0,2,7,2,11,0,16,28,3,47,12,0,12,59
05/10/2017,LSE,WI,AGL,CE,Federal Contract Tower,0,11,8,0,19,0,0,0,0,0,0,11,8,0,19,0,0,0,19
05/11/2017,LSE,WI,AGL,CE,Federal Contract Tower,0,15,12,0,27,0,3,53,0,56,0,18,65,0,83,20,0,20,103
05/12/2017,LSE,WI,AGL,CE,Federal Contract Tower,6,12,14,0,32,0,8,42,0,50,6,20,56,0,82,34,0,34,116
05/13/2017,LSE,WI,AGL,CE,Federal Contract Tower,25,9,0,0,34,0,2,67,0,69,25,11,67,0,103,42,0,42,145
05/14/2017,LSE,WI,AGL,CE,Federal Contract Tower,0,12,4,0,16,0,1,25,0,26,0,13,29,0,42,0,0,0,42
05/15/2017,LSE,WI,AGL,CE,Federal Contract Tower,0,15,8,0,23,0,2,3,0,5,0,17,11,0,28,6,0,6,34
05/16/2017,LSE,WI,AGL,CE,Federal Contract Tower,0,17,5,0,22,0,2,6,0,8,0,19,11,0,30,2,0,2,32
05/17/2017,LSE,WI,AGL,CE,Federal Contract Tower,0,12,7,0,19,0,2,9,0,11,0,14,16,0,30,12,0,12,42
05/18/2017,LSE,WI,AGL,CE,Federal Contract Tower,2,15,7,4,28,0,2,5,7,14,2,17,12,11,42,4,2,6,48
05/19/2017,LSE,WI,AGL,CE,Federal Contract Tower,0,13,8,1,22,0,1,2,6,9,0,14,10,7,31,0,18,18,49
05/20/2017,LSE,WI,AGL,CE,Federal Contract Tower,0,10,0,5,15,0,0,1,0,1,0,10,1,5,16,0,8,8,24
05/21/2017,LSE,WI,AGL,CE,Federal Contract Tower,0,12,4,0,16,0,4,2,0,6,0,16,6,0,22,12,0,12,34
05/22/2017,LSE,WI,AGL,CE,Federal Contract Tower,2,11,8,0,21,0,2,17,0,19,2,13,25,0,40,6,0,6,46
05/23/2017,LSE,WI,AGL,CE,Federal Contract Tower,0,14,7,0,21,0,0,1,4,5,0,14,8,4,26,0,0,0,26
05/24/2017,LSE,WI,AGL,CE,Federal Contract Tower,0,19,7,0,26,0,2,5,4,11,0,21,12,4,37,2,0,2,39
05/25/2017,LSE,WI,AGL,CE,Federal Contract Tower,0,16,11,0,27,0,0,42,1,43,0,16,53,1,70,20,0,20,90
05/26/2017,LSE,WI,AGL,CE,Federal Contract Tower,0,12,6,0,18,0,0,10,0,10,0,12,16,0,28,8,0,8,36
05/27/2017,LSE,WI,AGL,CE,Federal Contract Tower,0,9,2,0,11,0,1,40,2,43,0,10,42,2,54,38,0,38,92
05/28/2017,LSE,WI,AGL,CE,Federal Contract Tower,0,7,6,0,13,0,2,15,0,17,0,9,21,0,30,8,0,8,38
05/29/2017,LSE,WI,AGL,CE,Federal Contract Tower,0,11,4,0,15,0,2,8,0,10,0,13,12,0,25,24,0,24,49
05/30/2017,LSE,WI,AGL,CE,Federal Contract Tower,0,12,6,0,18,0,2,13,0,15,0,14,19,0,33,18,0,18,51
05/31/2017,LSE,WI,AGL,CE,Federal Contract Tower,0,13,6,0,19,0,2,35,0,37,0,15,41,0,56,12,0,12,68
06/01/2017,LSE,WI,AGL,CE,Federal Contract Tower,0,12,11,0,23,0,2,41,0,43,0,14,52,0,66,22,0,22,88
06/02/2017,LSE,WI,AGL,CE,Federal Contract Tower,2,12,8,1,23,0,0,25,1,26,2,12,33,2,49,16,0,16,65
06/03/2017,LSE,WI,AGL,CE,Federal Contract Tower,0,9,4,0,13,0,3,24,0,27,0,12,28,0,40,32,0,32,72
06/04/2017,LSE,WI,AGL,CE,Federal Contract Tower,1,11,4,0,16,0,2,28,1,31,1,13,32,1,47,22,0,22,69
06/05/2017,LSE,WI,AGL,CE,Federal Contract Tower,2,16,6,0,24,0,4,17,2,23,2,20,23,2,47,18,0,18,65
06/06/2017,LSE,WI,AGL,CE,Federal Contract Tower,3,18,10,1,32,0,2,28,2,32,3,20,38,3,64,10,0,10,74
06/07/2017,LSE,WI,AGL,CE,Federal Contract Tower,0,20,14,0,34,2,1,35,0,38,2,21,49,0,72,50,0,50,122
06/08/2017,LSE,WI,AGL,CE,Federal Contract Tower,0,14,6,0,20,0,3,18,3,24,0,17,24,3,44,12,6,18,62
06/09/2017,LSE,WI,AGL,CE,Federal Contract Tower,0,17,8,2,27,0,1,24,0,25,0,18,32,2,52,20,2,22,74
06/10/2017,LSE,WI,AGL,CE,Federal Contract Tower,0,9,8,3,20,0,4,19,4,27,0,13,27,7,47,10,12,22,69
06/11/2017,LSE,WI,AGL,CE,Federal Contract Tower,0,12,4,0,16,0,4,6,0,10,0,16,10,0,26,6,0,6,32
06/12/2017,LSE,WI,AGL,CE,Federal Contract Tower,0,19,7,2,28,0,2,11,0,13,0,21,18,2,41,0,0,0,41
06/13/2017,LSE,WI,AGL,CE,Federal Contract Tower,0,18,9,2,29,0,2,8,3,13,0,20,17,5,42,4,4,8,50
06/14/2017,LSE,WI,AGL,CE,Federal Contract Tower,0,12,9,0,21,0,5,9,0,14,0,17,18,0,35,14,4,18,53
06/15/2017,LSE,WI,AGL,CE,Federal Contract Tower,2,16,7,2,27,0,0,27,1,28,2,16,34,3,55,35,6,41,96
06/16/2017,LSE,WI,AGL,CE,Federal Contract Tower,8,16,14,0,38,0,1,28,0,29,8,17,42,0,67,18,0,18,85
06/17/2017,LSE,WI,AGL,CE,Federal Contract Tower,0,11,10,0,21,0,2,20,0,22,0,13,30,0,43,20,0,20,63
06/18/2017,LSE,WI,AGL,CE,Federal Contract Tower,0,12,7,0,19,0,0,6,0,6,0,12,13,0,25,0,0,0,25
06/19/2017,LSE,WI,AGL,CE,Federal Contract Tower,2,12,5,1,20,0,2,22,0,24,2,14,27,1,44,0,0,0,44
06/20/2017,LSE,WI,AGL,CE,Federal Contract Tower,0,14,16,0,30,0,1,9,0,10,0,15,25,0,40,0,0,0,40
06/21/2017,LSE,WI,AGL,CE,Federal Contract Tower,0,14,5,2,21,0,0,29,0,29,0,14,34,2,50,20,0,20,70
06/22/2017,LSE,WI,AGL,CE,Federal Contract Tower,2,16,23,0,41,0,0,3,0,3,2,16,26,0,44,16,0,16,60
06/23/2017,LSE,WI,AGL,CE,Federal Contract Tower,6,13,6,0,25,0,3,29,0,32,6,16,35,0,57,14,0,14,71
06/24/2017,LSE,WI,AGL,CE,Federal Contract Tower,1,11,7,0,19,0,4,30,0,34,1,15,37,0,53,8,12,20,73
06/25/2017,LSE,WI,AGL,CE,Federal Contract Tower,0,12,8,0,20,0,1,14,0,15,0,13,22,0,35,16,0,16,51
06/26/2017,LSE,WI,AGL,CE,Federal Contract Tower,0,13,13,2,28,0,0,23,0,23,0,13,36,2,51,14,0,14,65
06/27/2017,LSE,WI,AGL,CE,Federal Contract Tower,0,14,21,2,37,0,6,31,3,40,0,20,52,5,77,16,0,16,93
06/28/2017,LSE,WI,AGL,CE,Federal Contract Tower,0,15,16,0,31,0,0,1,2,3,0,15,17,2,34,0,0,0,34
06/29/2017,LSE,WI,AGL,CE,Federal Contract Tower,2,15,9,2,28,0,2,37,4,43,2,17,46,6,71,44,0,44,115
06/30/2017,LSE,WI,AGL,CE,Federal Contract Tower,5,16,6,0,27,0,0,0,0,0,5,16,6,0,27,4,0,4,31
07/01/2017,LSE,WI,AGL,CE,Federal Contract Tower,0,9,5,0,14,0,0,26,0,26,0,9,31,0,40,26,0,26,66
07/02/2017,LSE,WI,AGL,CE,Federal Contract Tower,0,10,6,0,16,0,2,43,0,45,0,12,49,0,61,38,0,38,99
07/03/2017,LSE,WI,AGL,CE,Federal Contract Tower,0,11,3,0,14,0,1,27,0,28,0,12,30,0,42,6,0,6,48
07/04/2017,LSE,WI,AGL,CE,Federal Contract Tower,0,8,3,0,11,0,1,26,0,27,0,9,29,0,38,18,12,30,68
07/05/2017,LSE,WI,AGL,CE,Federal Contract Tower,0,14,6,7,27,0,1,17,2,20,0,15,23,9,47,12,4,16,63
07/06/2017,LSE,WI,AGL,CE,Federal Contract Tower,0,16,6,0,22,0,3,8,0,11,0,19,14,0,33,0,0,0,33
07/07/2017,LSE,WI,AGL,CE,Federal Contract Tower,0,14,11,0,25,0,3,17,0,20,0,17,28,0,45,0,0,0,45
07/08/2017,LSE,WI,AGL,CE,Federal Contract Tower,0,9,4,0,13,0,2,52,0,54,0,11,56,0,67,18,0,18,85
07/09/2017,LSE,WI,AGL,CE,Federal Contract Tower,0,13,7,0,20,0,7,21,0,28,0,20,28,0,48,14,0,14,62
07/10/2017,LSE,WI,AGL,CE,Federal Contract Tower,0,14,2,4,20,0,1,26,2,29,0,15,28,6,49,14,4,18,67
07/11/2017,LSE,WI,AGL,CE,Federal Contract Tower,0,15,5,0,20,0,3,11,0,14,0,18,16,0,34,8,0,8,42
07/12/2017,LSE,WI,AGL,CE,Federal Contract Tower,0,7,9,2,18,0,2,14,0,16,0,9,23,2,34,20,0,20,54
07/13/2017,LSE,WI,AGL,CE,Federal Contract Tower,0,17,3,0,20,0,3,17,0,20,0,20,20,0,40,30,0,30,70
07/14/2017,LSE,WI,AGL,CE,Federal Contract Tower,0,15,20,0,35,0,1,22,0,23,0,16,42,0,58,4,0,4,62
07/15/2017,LSE,WI,AGL,CE,Federal Contract Tower,0,11,7,0,18,0,1,22,0,23,0,12,29,0,41,4,4,8,49
07/16/2017,LSE,WI,AGL,CE,Federal Contract Tower,0,14,8,0,22,0,0,21,0,21,0,14,29,0,43,12,4,16,59
07/17/2017,LSE,WI,AGL,CE,Federal Contract Tower,0,14,9,1,24,0,5,18,3,26,0,19,27,4,50,14,12,26,76
07/18/2017,LSE,WI,AGL,CE,Federal Contract Tower,0,15,17,0,32,0,1,20,0,21,0,16,37,0,53,10,0,10,63
07/19/2017,LSE,WI,AGL,CE,Federal Contract Tower,0,14,9,6,29,0,1,24,3,28,0,15,33,9,57,2,10,12,69
07/20/2017,LSE,WI,AGL,CE,Federal Contract Tower,0,12,15,2,29,0,2,14,0,16,0,14,29,2,45,26,2,28,73
07/21/2017,LSE,WI,AGL,CE,Federal Contract Tower,0,12,15,0,27,0,0,6,4,10,0,12,21,4,37,0,0,0,37
07/22/2017,LSE,WI,AGL,CE,Federal Contract Tower,0,11,7,0,18,0,2,24,0,26,0,13,31,0,44,0,0,0,44
07/23/2017,LSE,WI,AGL,CE,Federal Contract Tower,0,12,7,0,19,0,4,70,0,74,0,16,77,0,93,30,0,30,123
07/24/2017,LSE,WI,AGL,CE,Federal Contract Tower,0,14,17,0,31,0,2,43,0,45,0,16,60,0,76,16,0,16,92
07/25/2017,LSE,WI,AGL,CE,Federal Contract Tower,0,17,8,0,25,0,2,20,0,22,0,19,28,0,47,8,0,8,55
07/26/2017,LSE,WI,AGL,CE,Federal Contract Tower,0,15,11,0,26,0,0,17,0,17,0,15,28,0,43,2,0,2,45
07/27/2017,LSE,WI,AGL,CE,Federal Contract Tower,0,17,13,0,30,0,2,29,0,31,0,19,42,0,61,8,0,8,69
07/28/2017,LSE,WI,AGL,CE,Federal Contract Tower,0,14,17,0,31,0,0,28,0,28,0,14,45,0,59,20,0,20,79
07/29/2017,LSE,WI,AGL,CE,Federal Contract Tower,0,11,7,6,24,0,2,53,6,61,0,13,60,12,85,8,14,22,107
07/30/2017,LSE,WI,AGL,CE,Federal Contract Tower,0,12,8,0,20,0,4,38,0,42,0,16,46,0,62,0,0,0,62
07/31/2017,LSE,WI,AGL,CE,Federal Contract Tower,2,15,17,0,34,0,1,21,0,22,2,16,38,0,56,24,0,24,80
08/01/2017,LSE,WI,AGL,CE,Federal Contract Tower,0,13,11,1,25,0,4,20,0,24,0,17,31,1,49,28,0,28,77
08/02/2017,LSE,WI,AGL,CE,Federal Contract Tower,0,15,2,0,17,0,2,12,0,14,0,17,14,0,31,18,0,18,49
08/03/2017,LSE,WI,AGL,CE,Federal Contract Tower,0,13,11,0,24,0,0,3,0,3,0,13,14,0,27,0,0,0,27
08/04/2017,LSE,WI,AGL,CE,Federal Contract Tower,2,15,14,0,31,0,0,29,0,29,2,15,43,0,60,22,0,22,82
08/05/2017,LSE,WI,AGL,CE,Federal Contract Tower,16,9,3,0,28,0,6,35,0,41,16,15,38,0,69,56,0,56,125
08/06/2017,LSE,WI,AGL,CE,Federal Contract Tower,6,18,4,0,28,0,1,29,0,30,6,19,33,0,58,12,0,12,70
08/07/2017,LSE,WI,AGL,CE,Federal Contract Tower,0,16,8,2,26,0,3,35,0,38,0,19,43,2,64,8,0,8,72
08/08/2017,LSE,WI,AGL,CE,Federal Contract Tower,0,25,12,0,37,0,3,33,5,41,0,28,45,5,78,46,0,46,124
08/09/2017,LSE,WI,AGL,CE,Federal Contract Tower,2,16,9,2,29,0,0,17,5,22,2,16,26,7,51,0,12,12,63
08/10/2017,LSE,WI,AGL,CE,Federal Contract Tower,0,14,9,3,26,0,0,17,0,17,0,14,26,3,43,8,0,8,51
08/11/2017,LSE,WI,AGL,CE,Federal Contract Tower,0,14,16,2,32,0,1,28,0,29,0,15,44,2,61,12,2,14,75
08/12/2017,LSE,WI,AGL,CE,Federal Contract Tower,0,9,9,0,18,0,0,80,0,80,0,9,89,0,98,14,0,14,112
08/13/2017,LSE,WI,AGL,CE,Federal Contract Tower,0,12,7,0,19,0,2,22,0,24,0,14,29,0,43,12,0,12,55
08/14/2017,LSE,WI,AGL,CE,Federal Contract Tower,0,13,14,2,29,0,4,10,0,14,0,17,24,2,43,0,0,0,43
08/15/2017,LSE,WI,AGL,CE,Federal Contract Tower,0,12,20,2,34,0,0,13,0,13,0,12,33,2,47,18,0,18,65
08/16/2017,LSE,WI,AGL,CE,Federal Contract Tower,0,21,8,2,31,0,0,12,0,12,0,21,20,2,43,0,0,0,43
08/17/2017,LSE,WI,AGL,CE,Federal Contract Tower,0,16,11,2,29,0,0,0,0,0,0,16,11,2,29,0,0,0,29
08/18/2017,LSE,WI,AGL,CE,Federal Contract Tower,1,15,6,3,25,0,0,16,1,17,1,15,22,4,42,22,0,22,64
08/19/2017,LSE,WI,AGL,CE,Federal Contract Tower,1,11,5,3,20,0,1,30,0,31,1,12,35,3,51,2,0,2,53
08/20/2017,LSE,WI,AGL,CE,Federal Contract Tower,2,12,5,0,19,0,1,15,0,16,2,13,20,0,35,40,0,40,75
08/21/2017,LSE,WI,AGL,CE,Federal Contract Tower,0,13,7,0,20,0,3,9,0,12,0,16,16,0,32,4,0,4,36
08/22/2017,LSE,WI,AGL,CE,Federal Contract Tower,0,13,10,1,24,0,1,18,0,19,0,14,28,1,43,0,4,4,47
08/23/2017,LSE,WI,AGL,CE,Federal Contract Tower,2,15,10,3,30,0,0,17,0,17,2,15,27,3,47,12,0,12,59
08/24/2017,LSE,WI,AGL,CE,Federal Contract Tower,5,13,8,2,28,0,2,29,2,33,5,15,37,4,61,26,8,34,95
08/25/2017,LSE,WI,AGL,CE,Federal Contract Tower,16,12,19,0,47,0,2,16,0,18,16,14,35,0,65,18,0,18,83
08/26/2017,LSE,WI,AGL,CE,Federal Contract Tower,4,10,12,0,26,0,0,10,0,10,4,10,22,0,36,0,0,0,36
08/27/2017,LSE,WI,AGL,CE,Federal Contract Tower,0,12,11,8,31,0,2,3,0,5,0,14,14,8,36,2,36,38,74
08/28/2017,LSE,WI,AGL,CE,Federal Contract Tower,1,12,11,0,24,0,2,2,0,4,1,14,13,0,28,2,0,2,30
08/29/2017,LSE,WI,AGL,CE,Federal Contract Tower,0,12,11,0,23,0,0,13,2,15,0,12,24,2,38,14,0,14,52
08/30/2017,LSE,WI,AGL,CE,Federal Contract Tower,0,13,8,0,21,0,0,17,0,17,0,13,25,0,38,0,0,0,38
08/31/2017,LSE,WI,AGL,CE,Federal Contract Tower,2,12,7,0,21,0,2,28,0,30,2,14,35,0,51,36,0,36,87
09/01/2017,LSE,WI,AGL,CE,Federal Contract Tower,2,12,2,0,16,0,3,21,0,24,2,15,23,0,40,22,0,22,62
09/02/2017,LSE,WI,AGL,CE,Federal Contract Tower,0,11,3,0,14,0,1,10,0,11,0,12,13,0,25,8,0,8,33
09/03/2017,LSE,WI,AGL,CE,Federal Contract Tower,0,15,5,0,20,0,2,27,0,29,0,17,32,0,49,32,0,32,81
09/04/2017,LSE,WI,AGL,CE,Federal Contract Tower,0,9,7,0,16,0,0,6,0,6,0,9,13,0,22,4,0,4,26
09/05/2017,LSE,WI,AGL,CE,Federal Contract Tower,0,15,12,0,27,0,0,11,0,11,0,15,23,0,38,4,0,4,42
09/06/2017,LSE,WI,AGL,CE,Federal Contract Tower,0,20,5,0,25,0,1,17,3,21,0,21,22,3,46,24,0,24,70
09/07/2017,LSE,WI,AGL,CE,Federal Contract Tower,0,13,8,0,21,0,1,15,0,16,0,14,23,0,37,4,0,4,41
09/08/2017,LSE,WI,AGL,CE,Federal Contract Tower,0,16,8,0,24,0,0,34,0,34,0,16,42,0,58,16,4,20,78
09/09/2017,LSE,WI,AGL,CE,Federal Contract Tower,2,9,9,14,34,0,0,85,9,94,2,9,94,23,128,26,40,66,194
09/10/2017,LSE,WI,AGL,CE,Federal Contract Tower,0,12,12,0,24,0,0,29,0,29,0,12,41,0,53,0,0,0,53
09/11/2017,LSE,WI,AGL,CE,Federal Contract Tower,0,11,9,0,20,0,0,21,0,21,0,11,30,0,41,12,0,12,53
09/12/2017,LSE,WI,AGL,CE,Federal Contract Tower,0,12,22,1,35,0,2,17,0,19,0,14,39,1,54,20,0,20,74
09/13/2017,LSE,WI,AGL,CE,Federal Contract Tower,2,12,5,0,19,0,0,27,3,30,2,12,32,3,49,16,0,16,65
09/14/2017,LSE,WI,AGL,CE,Federal Contract Tower,0,13,10,1,24,0,3,9,1,13,0,16,19,2,37,6,0,6,43
09/15/2017,LSE,WI,AGL,CE,Federal Contract Tower,0,17,10,0,27,0,6,27,1,34,0,23,37,1,61,24,0,24,85
09/16/2017,LSE,WI,AGL,CE,Federal Contract Tower,2,13,2,0,17,0,4,10,0,14,2,17,12,0,31,12,0,12,43
09/17/2017,LSE,WI,AGL,CE,Federal Contract Tower,0,12,7,0,19,0,0,15,0,15,0,12,22,0,34,0,0,0,34
09/18/2017,LSE,WI,AGL,CE,Federal Contract Tower,0,14,5,0,19,0,1,17,0,18,0,15,22,0,37,18,0,18,55
09/19/2017,LSE,WI,AGL,CE,Federal Contract Tower,0,13,14,0,27,0,0,23,0,23,0,13,37,0,50,20,0,20,70
09/20/2017,LSE,WI,AGL,CE,Federal Contract Tower,0,14,13,0,27,0,3,8,0,11,0,17,21,0,38,16,0,16,54
09/21/2017,LSE,WI,AGL,CE,Federal Contract Tower,0,12,4,0,16,0,1,13,0,14,0,13,17,0,30,12,0,12,42
09/22/2017,LSE,WI,AGL,CE,Federal Contract Tower,0,12,7,2,21,0,1,14,0,15,0,13,21,2,36,0,0,0,36
09/23/2017,LSE,WI,AGL,CE,Federal Contract Tower,0,11,4,0,15,0,1,18,0,19,0,12,22,0,34,6,0,6,40
09/24/2017,LSE,WI,AGL,CE,Federal Contract Tower,0,10,14,0,24,0,2,41,0,43,0,12,55,0,67,26,0,26,93
09/25/2017,LSE,WI,AGL,CE,Federal Contract Tower,0,16,6,0,22,0,0,2,0,2,0,16,8,0,24,0,0,0,24
09/26/2017,LSE,WI,AGL,CE,Federal Contract Tower,0,14,15,0,29,0,1,2,0,3,0,15,17,0,32,8,0,8,40
09/27/2017,LSE,WI,AGL,CE,Federal Contract Tower,0,15,5,0,20,0,3,22,0,25,0,18,27,0,45,24,0,24,69
09/28/2017,LSE,WI,AGL,CE,Federal Contract Tower,0,14,15,0,29,0,4,36,0,40,0,18,51,0,69,6,0,6,75
09/29/2017,LSE,WI,AGL,CE,Federal Contract Tower,0,16,5,0,21,0,0,51,0,51,0,16,56,0,72,34,0,34,106
09/30/2017,LSE,WI,AGL,CE,Federal Contract Tower,0,12,4,0,16,0,1,41,0,42,0,13,45,0,58,12,0,12,70
10/01/2017,LSE,WI,AGL,CE,Federal Contract Tower,0,13,10,0,23,0,0,16,0,16,0,13,26,0,39,2,0,2,41
10/02/2017,LSE,WI,AGL,CE,Federal Contract Tower,6,11,6,0,23,0,2,11,0,13,6,13,17,0,36,26,0,26,62
10/03/2017,LSE,WI,AGL,CE,Federal Contract Tower,0,14,7,2,23,0,0,5,0,5,0,14,12,2,28,16,34,50,78
10/04/2017,LSE,WI,AGL,CE,Federal Contract Tower,0,12,4,1,17,0,0,37,0,37,0,12,41,1,54,28,0,28,82
10/05/2017,LSE,WI,AGL,CE,Federal Contract Tower,2,15,13,1,31,0,0,16,0,16,2,15,29,1,47,36,0,36,83
10/06/2017,LSE,WI,AGL,CE,Federal Contract Tower,0,12,13,0,25,0,0,0,0,0,0,12,13,0,25,0,0,0,25
10/07/2017,LSE,WI,AGL,CE,Federal Contract Tower,0,9,2,1,12,0,0,1,0,1,0,9,3,1,13,2,0,2,15
10/08/2017,LSE,WI,AGL,CE,Federal Contract Tower,0,10,6,0,16,0,2,33,0,35,0,12,39,0,51,22,0,22,73
10/09/2017,LSE,WI,AGL,CE,Federal Contract Tower,2,13,2,0,17,0,1,24,1,26,2,14,26,1,43,40,0,40,83
10/10/2017,LSE,WI,AGL,CE,Federal Contract Tower,0,13,3,0,16,0,0,15,0,15,0,13,18,0,31,24,0,24,55
10/11/2017,LSE,WI,AGL,CE,Federal Contract Tower,0,11,5,0,16,0,0,15,0,15,0,11,20,0,31,0,0,0,31
10/12/2017,LSE,WI,AGL,CE,Federal Contract Tower,2,15,9,2,28,0,2,10,0,12,2,17,19,2,40,18,0,18,58
10/13/2017,LSE,WI,AGL,CE,Federal Contract Tower,0,14,10,2,26,0,2,1,1,4,0,16,11,3,30,6,0,6,36
10/14/2017,LSE,WI,AGL,CE,Federal Contract Tower,0,8,3,0,11,0,0,3,0,3,0,8,6,0,14,0,0,0,14
10/15/2017,LSE,WI,AGL,CE,Federal Contract Tower,0,12,14,0,26,0,3,6,0,9,0,15,20,0,35,0,0,0,35
10/16/2017,LSE,WI,AGL,CE,Federal Contract Tower,0,11,8,0,19,0,1,49,0,50,0,12,57,0,69,24,0,24,93
10/17/2017,LSE,WI,AGL,CE,Federal Contract Tower,0,12,7,0,19,0,5,54,0,59,0,17,61,0,78,28,0,28,106
10/18/2017,LSE,WI,AGL,CE,Federal Contract Tower,0,15,17,0,32,0,4,27,0,31,0,19,44,0,63,22,0,22,85
10/19/2017,LSE,WI,AGL,CE,Federal Contract Tower,0,16,13,0,29,0,4,36,0,40,0,20,49,0,69,26,0,26,95
10/20/2017,LSE,WI,AGL,CE,Federal Contract Tower,1,12,14,0,27,0,0,27,3,30,1,12,41,3,57,60,6,66,123
10/21/2017,LSE,WI,AGL,CE,Federal Contract Tower,0,11,8,0,19,0,0,4,0,4,0,11,12,0,23,0,0,0,23
10/22/2017,LSE,WI,AGL,CE,Federal Contract Tower,2,8,9,0,19,0,0,11,0,11,2,8,20,0,30,14,0,14,44
10/23/2017,LSE,WI,AGL,CE,Federal Contract Tower,0,17,13,0,30,0,0,16,0,16,0,17,29,0,46,32,0,32,78
10/24/2017,LSE,WI,AGL,CE,Federal Contract Tower,0,12,0,0,12,0,0,3,0,3,0,12,3,0,15,0,0,0,15
10/25/2017,LSE,WI,AGL,CE,Federal Contract Tower,0,13,11,0,24,0,0,27,0,27,0,13,38,0,51,30,0,30,81
10/26/2017,LSE,WI,AGL,CE,Federal Contract Tower,0,17,7,0,24,0,3,16,0,19,0,20,23,0,43,38,0,38,81
10/27/2017,LSE,WI,AGL,CE,Federal Contract Tower,0,14,3,0,17,0,0,0,0,0,0,14,3,0,17,0,0,0,17
10/28/2017,LSE,WI,AGL,CE,Federal Contract Tower,0,11,2,4,17,0,0,3,0,3,0,11,5,4,20,0,0,0,20
10/29/2017,LSE,WI,AGL,CE,Federal Contract Tower,0,10,2,0,12,0,0,20,0,20,0,10,22,0,32,22,0,22,54
10/30/2017,LSE,WI,AGL,CE,Federal Contract Tower,0,11,1,0,12,0,0,4,0,4,0,11,5,0,16,0,0,0,16
10/31/2017,LSE,WI,AGL,CE,Federal Contract Tower,0,14,5,0,19,0,0,15,0,15,0,14,20,0,34,66,0,66,100
11/01/2017,LSE,WI,AGL,CE,Federal Contract Tower,0,13,5,0,18,0,0,5,0,5,0,13,10,0,23,0,0,0,23
11/02/2017,LSE,WI,AGL,CE,Federal Contract Tower,0,13,6,0,19,0,0,6,0,6,0,13,12,0,25,44,0,44,69
11/03/2017,LSE,WI,AGL,CE,Federal Contract Tower,0,15,9,2,26,0,0,35,0,35,0,15,44,2,61,34,0,34,95
11/04/2017,LSE,WI,AGL,CE,Federal Contract Tower,0,9,4,0,13,0,0,0,0,0,0,9,4,0,13,0,0,0,13
11/05/2017,LSE,WI,AGL,CE,Federal Contract Tower,0,11,2,2,15,0,0,0,0,0,0,11,2,2,15,0,0,0,15
11/06/2017,LSE,WI,AGL,CE,Federal Contract Tower,0,12,10,0,22,0,0,7,0,7,0,12,17,0,29,12,0,12,41
11/07/2017,LSE,WI,AGL,CE,Federal Contract Tower,0,14,5,0,19,0,0,22,0,22,0,14,27,0,41,50,12,62,103
11/08/2017,LSE,WI,AGL,CE,Federal Contract Tower,0,15,10,0,25,0,2,31,0,33,0,17,41,0,58,46,0,46,104
11/09/2017,LSE,WI,AGL,CE,Federal Contract Tower,0,17,4,2,23,0,0,7,0,7,0,17,11,2,30,12,0,12,42
11/10/2017,LSE,WI,AGL,CE,Federal Contract Tower,0,13,4,0,17,0,0,11,0,11,0,13,15,0,28,14,0,14,42
11/11/2017,LSE,WI,AGL,CE,Federal Contract Tower,0,10,3,0,13,0,0,1,0,1,0,10,4,0,14,0,0,0,14
11/12/2017,LSE,WI,AGL,CE,Federal Contract Tower,0,10,8,0,18,0,0,16,0,16,0,10,24,0,34,16,0,16,50
11/13/2017,LSE,WI,AGL,CE,Federal Contract Tower,0,13,0,0,13,0,0,17,0,17,0,13,17,0,30,8,0,8,38
11/14/2017,LSE,WI,AGL,CE,Federal Contract Tower,0,12,5,0,17,0,0,1,0,1,0,12,6,0,18,0,0,0,18
11/15/2017,LSE,WI,AGL,CE,Federal Contract Tower,2,13,5,0,20,0,0,0,0,0,2,13,5,0,20,0,0,0,20
11/16/2017,LSE,WI,AGL,CE,Federal Contract Tower,2,13,4,0,19,0,0,14,0,14,2,13,18,0,33,34,0,34,67
11/17/2017,LSE,WI,AGL,CE,Federal Contract Tower,0,12,3,2,17,0,0,0,0,0,0,12,3,2,17,0,0,0,17
11/18/2017,LSE,WI,AGL,CE,Federal Contract Tower,1,11,0,0,12,0,0,4,0,4,1,11,4,0,16,4,0,4,20
11/19/2017,LSE,WI,AGL,CE,Federal Contract Tower,0,10,9,0,19,0,0,44,0,44,0,10,53,0,63,30,0,30,93
11/20/2017,LSE,WI,AGL,CE,Federal Contract Tower,2,13,10,0,25,0,0,26,0,26,2,13,36,0,51,26,0,26,77
11/21/2017,LSE,WI,AGL,CE,Federal Contract Tower,0,15,4,0,19,0,0,1,0,1,0,15,5,0,20,0,0,0,20
11/22/2017,LSE,WI,AGL,CE,Federal Contract Tower,0,13,5,0,18,0,0,30,0,30,0,13,35,0,48,46,0,46,94
11/23/2017,LSE,WI,AGL,CE,Federal Contract Tower,0,5,5,0,10,0,0,3,0,3,0,5,8,0,13,2,0,2,15
11/24/2017,LSE,WI,AGL,CE,Federal Contract Tower,0,11,0,0,11,0,0,11,0,11,0,11,11,0,22,0,0,0,22
11/25/2017,LSE,WI,AGL,CE,Federal Contract Tower,0,10,6,0,16,0,0,14,0,14,0,10,20,0,30,2,0,2,32
11/26/2017,LSE,WI,AGL,CE,Federal Contract Tower,0,16,8,0,24,0,0,43,0,43,0,16,51,0,67,14,0,14,81
11/27/2017,LSE,WI,AGL,CE,Federal Contract Tower,0,12,1,0,13,0,0,21,0,21,0,12,22,0,34,34,0,34,68
11/28/2017,LSE,WI,AGL,CE,Federal Contract Tower,0,16,11,0,27,0,0,24,0,24,0,16,35,0,51,16,0,16,67
11/29/2017,LSE,WI,AGL,CE,Federal Contract Tower,0,12,12,0,24,0,1,20,0,21,0,13,32,0,45,54,2,56,101
11/30/2017,LSE,WI,AGL,CE,Federal Contract Tower,0,14,6,0,20,0,0,12,0,12,0,14,18,0,32,70,0,70,102
12/01/2017,LSE,WI,AGL,CE,Federal Contract Tower,0,12,8,0,20,0,0,30,0,30,0,12,38,0,50,20,0,20,70
12/02/2017,LSE,WI,AGL,CE,Federal Contract Tower,0,10,12,0,22,0,0,35,0,35,0,10,47,0,57,14,0,14,71
12/03/2017,LSE,WI,AGL,CE,Federal Contract Tower,0,10,6,0,16,0,0,14,0,14,0,10,20,0,30,0,0,0,30
12/04/2017,LSE,WI,AGL,CE,Federal Contract Tower,0,12,3,0,15,0,0,4,0,4,0,12,7,0,19,0,0,0,19
12/05/2017,LSE,WI,AGL,CE,Federal Contract Tower,0,14,9,0,23,0,0,1,0,1,0,14,10,0,24,2,0,2,26
12/06/2017,LSE,WI,AGL,CE,Federal Contract Tower,0,13,8,0,21,0,0,4,0,4,0,13,12,0,25,12,0,12,37
12/07/2017,LSE,WI,AGL,CE,Federal Contract Tower,0,14,6,0,20,0,0,23,0,23,0,14,29,0,43,30,0,30,73
12/08/2017,LSE,WI,AGL,CE,Federal Contract Tower,0,15,3,0,18,0,0,7,0,7,0,15,10,0,25,24,0,24,49
12/09/2017,LSE,WI,AGL,CE,Federal Contract Tower,0,9,4,0,13,0,0,14,0,14,0,9,18,0,27,8,0,8,35
12/10/2017,LSE,WI,AGL,CE,Federal Contract Tower,0,13,3,0,16,0,0,12,0,12,0,13,15,0,28,0,0,0,28
12/11/2017,LSE,WI,AGL,CE,Federal Contract Tower,2,18,3,0,23,0,0,0,0,0,2,18,3,0,23,0,0,0,23
12/12/2017,LSE,WI,AGL,CE,Federal Contract Tower,0,14,6,0,20,0,3,9,0,12,0,17,15,0,32,28,0,28,60
12/13/2017,LSE,WI,AGL,CE,Federal Contract Tower,0,14,9,0,23,0,1,0,0,1,0,15,9,0,24,0,0,0,24
12/14/2017,LSE,WI,AGL,CE,Federal Contract Tower,0,13,10,0,23,0,1,7,0,8,0,14,17,0,31,0,2,2,33
12/15/2017,LSE,WI,AGL,CE,Federal Contract Tower,2,17,7,0,26,0,0,10,0,10,2,17,17,0,36,30,0,30,66
12/16/2017,LSE,WI,AGL,CE,Federal Contract Tower,0,10,8,0,18,0,0,17,0,17,0,10,25,0,35,24,0,24,59
12/17/2017,LSE,WI,AGL,CE,Federal Contract Tower,0,13,4,0,17,0,0,0,0,0,0,13,4,0,17,0,0,0,17
12/18/2017,LSE,WI,AGL,CE,Federal Contract Tower,2,11,3,0,16,0,0,1,0,1,2,11,4,0,17,12,0,12,29
12/19/2017,LSE,WI,AGL,CE,Federal Contract Tower,0,12,13,0,25,0,0,35,0,35,0,12,48,0,60,18,0,18,78
12/20/2017,LSE,WI,AGL,CE,Federal Contract Tower,0,15,9,0,24,0,2,14,0,16,0,17,23,0,40,6,0,6,46
12/21/2017,LSE,WI,AGL,CE,Federal Contract Tower,0,16,11,0,27,0,1,0,0,1,0,17,11,0,28,20,0,20,48
12/22/2017,LSE,WI,AGL,CE,Federal Contract Tower,0,13,1,0,14,0,0,0,0,0,0,13,1,0,14,0,0,0,14
12/23/2017,LSE,WI,AGL,CE,Federal Contract Tower,0,11,5,0,16,0,0,9,0,9,0,11,14,0,25,2,0,2,27
12/24/2017,LSE,WI,AGL,CE,Federal Contract Tower,0,9,1,0,10,0,0,3,0,3,0,9,4,0,13,2,0,2,15
12/25/2017,LSE,WI,AGL,CE,Federal Contract Tower,0,8,0,0,8,0,0,0,0,0,0,8,0,0,8,6,0,6,14
12/26/2017,LSE,WI,AGL,CE,Federal Contract Tower,2,14,10,0,26,0,0,2,0,2,2,14,12,0,28,4,0,4,32
12/27/2017,LSE,WI,AGL,CE,Federal Contract Tower,0,14,2,0,16,0,0,4,0,4,0,14,6,0,20,0,0,0,20
12/28/2017,LSE,WI,AGL,CE,Federal Contract Tower,0,10,0,0,10,0,0,0,0,0,0,10,0,0,10,0,0,0,10
12/29/2017,LSE,WI,AGL,CE,Federal Contract Tower,0,14,2,0,16,0,2,2,0,4,0,16,4,0,20,22,0,22,42
12/30/2017,LSE,WI,AGL,CE,Federal Contract Tower,0,12,0,0,12,0,0,16,0,16,0,12,16,0,28,0,0,0,28
12/31/2017,LSE,WI,AGL,CE,Federal Contract Tower,0,10,0,0,10,0,0,0,0,0,0,10,0,0,10,0,0,0,10
01/01/2018,LSE,WI,AGL,CE,Federal Contract Tower,0,8,1,0,9,0,0,1,0,1,0,8,2,0,10,0,0,0,10
01/02/2018,LSE,WI,AGL,CE,Federal Contract Tower,0,13,2,0,15,0,0,0,0,0,0,13,2,0,15,0,0,0,15
01/03/2018,LSE,WI,AGL,CE,Federal Contract Tower,0,9,4,0,13,0,0,6,0,6,0,9,10,0,19,36,0,36,55
01/04/2018,LSE,WI,AGL,CE,Federal Contract Tower,0,9,1,0,10,0,0,1,0,1,0,9,2,0,11,4,0,4,15
01/05/2018,LSE,WI,AGL,CE,Federal Contract Tower,0,9,9,0,18,0,0,5,0,5,0,9,14,0,23,18,0,18,41
01/06/2018,LSE,WI,AGL,CE,Federal Contract Tower,2,10,4,0,16,0,2,9,2,13,2,12,13,2,29,12,0,12,41
01/07/2018,LSE,WI,AGL,CE,Federal Contract Tower,1,8,0,0,9,0,0,18,0,18,1,8,18,0,27,24,0,24,51
01/08/2018,LSE,WI,AGL,CE,Federal Contract Tower,2,9,6,0,17,0,1,30,0,31,2,10,36,0,48,70,0,70,118
01/09/2018,LSE,WI,AGL,CE,Federal Contract Tower,12,9,8,0,29,0,2,19,0,21,12,11,27,0,50,16,0,16,66
01/10/2018,LSE,WI,AGL,CE,Federal Contract Tower,1,9,4,0,14,0,0,0,0,0,1,9,4,0,14,0,0,0,14
01/11/2018,LSE,WI,AGL,CE,Federal Contract Tower,1,10,5,0,16,0,0,0,0,0,1,10,5,0,16,0,0,0,16
01/12/2018,LSE,WI,AGL,CE,Federal Contract Tower,3,7,9,0,19,0,0,10,0,10,3,7,19,0,29,0,0,0,29
01/13/2018,LSE,WI,AGL,CE,Federal Contract Tower,3,9,10,0,22,0,0,6,0,6,3,9,16,0,28,6,0,6,34
01/14/2018,LSE,WI,AGL,CE,Federal Contract Tower,3,7,3,0,13,0,0,5,0,5,3,7,8,0,18,6,0,6,24
01/15/2018,LSE,WI,AGL,CE,Federal Contract Tower,3,8,3,0,14,0,0,0,0,0,3,8,3,0,14,0,0,0,14
01/16/2018,LSE,WI,AGL,CE,Federal Contract Tower,3,10,4,2,19,0,0,6,0,6,3,10,10,2,25,12,0,12,37
01/17/2018,LSE,WI,AGL,CE,Federal Contract Tower,3,11,7,0,21,0,0,12,0,12,3,11,19,0,33,6,0,6,39
01/18/2018,LSE,WI,AGL,CE,Federal Contract Tower,0,12,12,2,26,0,0,24,0,24,0,12,36,2,50,34,0,34,84
01/19/2018,LSE,WI,AGL,CE,Federal Contract Tower,2,8,1,0,11,0,0,38,0,38,2,8,39,0,49,14,0,14,63
01/20/2018,LSE,WI,AGL,CE,Federal Contract Tower,2,10,2,0,14,0,0,13,0,13,2,10,15,0,27,4,0,4,31
01/21/2018,LSE,WI,AGL,CE,Federal Contract Tower,3,7,5,0,15,0,0,0,0,0,3,7,5,0,15,0,0,0,15
01/22/2018,LSE,WI,AGL,CE,Federal Contract Tower,1,8,1,0,10,0,0,0,0,0,1,8,1,0,10,0,0,0,10
01/23/2018,LSE,WI,AGL,CE,Federal Contract Tower,3,10,9,0,22,0,0,4,0,4,3,10,13,0,26,0,0,0,26
01/24/2018,LSE,WI,AGL,CE,Federal Contract Tower,1,11,3,0,15,0,0,5,0,5,1,11,8,0,20,4,0,4,24
01/25/2018,LSE,WI,AGL,CE,Federal Contract Tower,1,6,12,0,19,0,0,5,0,5,1,6,17,0,24,10,0,10,34
01/26/2018,LSE,WI,AGL,CE,Federal Contract Tower,6,11,4,0,21,0,0,15,0,15,6,11,19,0,36,22,0,22,58
01/27/2018,LSE,WI,AGL,CE,Federal Contract Tower,7,9,10,0,26,0,0,32,0,32,7,9,42,0,58,28,0,28,86
01/28/2018,LSE,WI,AGL,CE,Federal Contract Tower,5,10,1,0,16,0,0,13,0,13,5,10,14,0,29,0,0,0,29
01/29/2018,LSE,WI,AGL,CE,Federal Contract Tower,2,8,8,0,18,0,0,12,0,12,2,8,20,0,30,4,0,4,34
01/30/2018,LSE,WI,AGL,CE,Federal Contract Tower,4,14,7,0,25,0,0,10,0,10,4,14,17,0,35,0,0,0,35
01/31/2018,LSE,WI,AGL,CE,Federal Contract Tower,4,14,8,0,26,0,2,25,0,27,4,16,33,0,53,32,0,32,85
02/01/2018,LSE,WI,AGL,CE,Federal Contract Tower,5,10,8,0,23,0,3,20,0,23,5,13,28,0,46,18,0,18,64
02/02/2018,LSE,WI,AGL,CE,Federal Contract Tower,5,8,13,0,26,0,0,13,0,13,5,8,26,0,39,10,0,10,49
02/03/2018,LSE,WI,AGL,CE,Federal Contract Tower,3,12,0,0,15,0,0,0,0,0,3,12,0,0,15,0,0,0,15
02/04/2018,LSE,WI,AGL,CE,Federal Contract Tower,1,7,3,0,11,0,2,5,0,7,1,9,8,0,18,0,0,0,18
02/05/2018,LSE,WI,AGL,CE,Federal Contract Tower,5,12,7,0,24,0,0,4,0,4,5,12,11,0,28,12,0,12,40
02/06/2018,LSE,WI,AGL,CE,Federal Contract Tower,1,10,1,0,12,0,0,7,2,9,1,10,8,2,21,10,0,10,31
02/07/2018,LSE,WI,AGL,CE,Federal Contract Tower,3,9,17,0,29,0,2,9,4,15,3,11,26,4,44,62,0,62,106
02/08/2018,LSE,WI,AGL,CE,Federal Contract Tower,5,13,8,0,26,0,0,16,1,17,5,13,24,1,43,40,0,40,83
02/09/2018,LSE,WI,AGL,CE,Federal Contract Tower,2,7,1,0,10,0,5,7,0,12,2,12,8,0,22,24,0,24,46
02/10/2018,LSE,WI,AGL,CE,Federal Contract Tower,2,10,7,0,19,0,0,19,0,19,2,10,26,0,38,0,0,0,38
02/11/2018,LSE,WI,AGL,CE,Federal Contract Tower,4,10,1,0,15,0,0,16,0,16,4,10,17,0,31,0,0,0,31
02/12/2018,LSE,WI,AGL,CE,Federal Contract Tower,2,7,8,0,17,0,0,17,0,17,2,7,25,0,34,16,0,16,50
02/13/2018,LSE,WI,AGL,CE,Federal Contract Tower,3,11,6,0,20,0,4,25,0,29,3,15,31,0,49,12,0,12,61
02/14/2018,LSE,WI,AGL,CE,Federal Contract Tower,3,7,6,0,16,0,1,31,0,32,3,8,37,0,48,6,0,6,54
02/15/2018,LSE,WI,AGL,CE,Federal Contract Tower,3,11,6,0,20,0,0,4,0,4,3,11,10,0,24,8,0,8,32
02/16/2018,LSE,WI,AGL,CE,Federal Contract Tower,3,14,5,0,22,0,1,16,0,17,3,15,21,0,39,12,0,12,51
02/17/2018,LSE,WI,AGL,CE,Federal Contract Tower,3,7,1,0,11,0,0,0,0,0,3,7,1,0,11,0,0,0,11
02/18/2018,LSE,WI,AGL,CE,Federal Contract Tower,1,9,10,0,20,0,0,8,0,8,1,9,18,0,28,16,0,16,44
02/19/2018,LSE,WI,AGL,CE,Federal Contract Tower,5,9,4,0,18,0,0,1,0,1,5,9,5,0,19,0,0,0,19
02/20/2018,LSE,WI,AGL,CE,Federal Contract Tower,5,6,4,0,15,0,0,0,0,0,5,6,4,0,15,0,0,0,15
02/21/2018,LSE,WI,AGL,CE,Federal Contract Tower,2,11,11,0,24,0,0,15,0,15,2,11,26,0,39,30,0,30,69
02/22/2018,LSE,WI,AGL,CE,Federal Contract Tower,2,12,4,0,18,0,0,4,0,4,2,12,8,0,22,16,0,16,38
02/23/2018,LSE,WI,AGL,CE,Federal Contract Tower,2,9,12,0,23,0,0,8,0,8,2,9,20,0,31,22,0,22,53
02/24/2018,LSE,WI,AGL,CE,Federal Contract Tower,4,7,3,0,14,0,0,2,0,2,4,7,5,0,16,0,0,0,16
02/25/2018,LSE,WI,AGL,CE,Federal Contract Tower,3,8,1,0,12,0,0,8,0,8,3,8,9,0,20,0,0,0,20
02/26/2018,LSE,WI,AGL,CE,Federal Contract Tower,3,8,8,0,19,0,2,31,0,33,3,10,39,0,52,22,0,22,74
02/27/2018,LSE,WI,AGL,CE,Federal Contract Tower,1,12,7,0,20,0,0,11,0,11,1,12,18,0,31,8,6,14,45
02/28/2018,LSE,WI,AGL,CE,Federal Contract Tower,1,12,2,2,17,0,0,4,0,4,1,12,6,2,21,8,0,8,29
03/01/2018,LSE,WI,AGL,CE,Federal Contract Tower,1,14,7,0,22,0,0,13,0,13,1,14,20,0,35,24,0,24,59
03/02/2018,LSE,WI,AGL,CE,Federal Contract Tower,1,11,5,0,17,0,0,23,0,23,1,11,28,0,40,48,0,48,88
03/03/2018,LSE,WI,AGL,CE,Federal Contract Tower,3,6,5,0,14,0,2,21,0,23,3,8,26,0,37,16,0,16,53
03/04/2018,LSE,WI,AGL,CE,Federal Contract Tower,3,7,7,2,19,0,2,17,0,19,3,9,24,2,38,12,0,12,50
03/05/2018,LSE,WI,AGL,CE,Federal Contract Tower,3,7,1,0,11,0,0,0,0,0,3,7,1,0,11,0,0,0,11
03/06/2018,LSE,WI,AGL,CE,Federal Contract Tower,2,9,3,1,15,0,0,0,0,0,2,9,3,1,15,0,0,0,15
03/07/2018,LSE,WI,AGL,CE,Federal Contract Tower,3,10,6,0,19,0,0,19,0,19,3,10,25,0,38,44,0,44,82
03/08/2018,LSE,WI,AGL,CE,Federal Contract Tower,2,9,5,0,16,0,2,29,0,31,2,11,34,0,47,30,0,30,77
03/09/2018,LSE,WI,AGL,CE,Federal Contract Tower,4,9,5,2,20,0,0,27,0,27,4,9,32,2,47,8,0,8,55
03/10/2018,LSE,WI,AGL,CE,Federal Contract Tower,1,8,3,0,12,0,0,26,0,26,1,8,29,0,38,14,0,14,52
03/11/2018,LSE,WI,AGL,CE,Federal Contract Tower,7,9,0,2,18,0,2,6,0,8,7,11,6,2,26,0,0,0,26
03/12/2018,LSE,WI,AGL,CE,Federal Contract Tower,1,13,5,0,19,0,0,7,0,7,1,13,12,0,26,20,0,20,46
03/13/2018,LSE,WI,AGL,CE,Federal Contract Tower,1,12,12,4,29,0,1,10,0,11,1,13,22,4,40,20,0,20,60
03/14/2018,LSE,WI,AGL,CE,Federal Contract Tower,3,10,11,0,24,0,0,17,0,17,3,10,28,0,41,34,0,34,75
03/15/2018,LSE,WI,AGL,CE,Federal Contract Tower,3,9,13,0,25,0,0,42,0,42,3,9,55,0,67,32,0,32,99
03/16/2018,LSE,WI,AGL,CE,Federal Contract Tower,2,8,1,0,11,0,0,20,0,20,2,8,21,0,31,18,0,18,49
03/17/2018,LSE,WI,AGL,CE,Federal Contract Tower,3,9,4,0,16,0,4,36,0,40,3,13,40,0,56,38,0,38,94
03/18/2018,LSE,WI,AGL,CE,Federal Contract Tower,2,9,6,0,17,0,0,39,0,39,2,9,45,0,56,39,0,39,95
03/19/2018,LSE,WI,AGL,CE,Federal Contract Tower,2,11,4,0,17,0,3,10,0,13,2,14,14,0,30,8,0,8,38
03/20/2018,LSE,WI,AGL,CE,Federal Contract Tower,2,10,6,1,19,0,0,7,0,7,2,10,13,1,26,8,0,8,34
03/21/2018,LSE,WI,AGL,CE,Federal Contract Tower,4,12,14,1,31,0,2,14,5,21,4,14,28,6,52,64,0,64,116
03/22/2018,LSE,WI,AGL,CE,Federal Contract Tower,5,13,8,0,26,0,0,16,0,16,5,13,24,0,42,14,0,14,56
03/23/2018,LSE,WI,AGL,CE,Federal Contract Tower,1,13,3,0,17,0,0,16,0,16,1,13,19,0,33,4,0,4,37
03/24/2018,LSE,WI,AGL,CE,Federal Contract Tower,1,9,5,0,15,0,2,2,0,4,1,11,7,0,19,2,0,2,21
03/25/2018,LSE,WI,AGL,CE,Federal Contract Tower,1,9,3,0,13,0,0,24,0,24,1,9,27,0,37,6,0,6,43
03/26/2018,LSE,WI,AGL,CE,Federal Contract Tower,3,10,7,0,20,0,0,10,0,10,3,10,17,0,30,24,0,24,54
03/27/2018,LSE,WI,AGL,CE,Federal Contract Tower,3,9,6,0,18,0,0,4,0,4,3,9,10,0,22,0,0,0,22
03/28/2018,LSE,WI,AGL,CE,Federal Contract Tower,3,9,5,3,20,0,2,22,1,25,3,11,27,4,45,36,2,38,83
03/29/2018,LSE,WI,AGL,CE,Federal Contract Tower,5,10,7,0,22,0,4,22,0,26,5,14,29,0,48,20,0,20,68
03/30/2018,LSE,WI,AGL,CE,Federal Contract Tower,6,12,6,0,24,0,0,14,0,14,6,12,20,0,38,2,0,2,40
03/31/2018,LSE,WI,AGL,CE,Federal Contract Tower,9,7,0,0,16,0,1,2,0,3,9,8,2,0,19,0,0,0,19
04/01/2018,LSE,WI,AGL,CE,Federal Contract Tower,4,11,8,0,23,0,0,3,0,3,4,11,11,0,26,2,0,2,28
04/02/2018,LSE,WI,AGL,CE,Federal Contract Tower,3,9,2,0,14,0,2,7,0,9,3,11,9,0,23,34,0,34,57
04/03/2018,LSE,WI,AGL,CE,Federal Contract Tower,4,4,2,0,10,0,0,0,0,0,4,4,2,0,10,0,0,0,10
04/04/2018,LSE,WI,AGL,CE,Federal Contract Tower,3,13,15,0,31,0,1,7,0,8,3,14,22,0,39,6,0,6,45
04/05/2018,LSE,WI,AGL,CE,Federal Contract Tower,3,17,0,2,22,0,0,9,0,9,3,17,9,2,31,0,0,0,31
04/06/2018,LSE,WI,AGL,CE,Federal Contract Tower,3,11,6,0,20,0,0,0,0,0,3,11,6,0,20,0,0,0,20
04/07/2018,LSE,WI,AGL,CE,Federal Contract Tower,2,8,2,0,12,0,0,0,0,0,2,8,2,0,12,0,0,0,12
04/08/2018,LSE,WI,AGL,CE,Federal Contract Tower,3,7,5,0,15,0,0,7,0,7,3,7,12,0,22,14,0,14,36
04/09/2018,LSE,WI,AGL,CE,Federal Contract Tower,3,7,5,0,15,0,2,6,1,9,3,9,11,1,24,22,0,22,46
04/10/2018,LSE,WI,AGL,CE,Federal Contract Tower,2,16,9,0,27,0,0,12,0,12,2,16,21,0,39,8,0,8,47
04/11/2018,LSE,WI,AGL,CE,Federal Contract Tower,1,13,3,1,18,0,2,8,1,11,1,15,11,2,29,26,0,26,55
04/12/2018,LSE,WI,AGL,CE,Federal Contract Tower,0,14,16,0,30,0,0,20,0,20,0,14,36,0,50,16,0,16,66
04/13/2018,LSE,WI,AGL,CE,Federal Contract Tower,0,11,0,0,11,0,0,0,0,0,0,11,0,0,11,0,0,0,11
04/14/2018,LSE,WI,AGL,CE,Federal Contract Tower,5,7,1,0,13,0,0,0,0,0,5,7,1,0,13,0,0,0,13
04/15/2018,LSE,WI,AGL,CE,Federal Contract Tower,4,9,2,0,15,0,0,0,0,0,4,9,2,0,15,0,0,0,15
04/16/2018,LSE,WI,AGL,CE,Federal Contract Tower,3,8,2,0,13,0,0,2,0,2,3,8,4,0,15,0,0,0,15
04/17/2018,LSE,WI,AGL,CE,Federal Contract Tower,3,12,13,0,28,0,0,8,0,8,3,12,21,0,36,18,0,18,54
04/18/2018,LSE,WI,AGL,CE,Federal Contract Tower,3,4,5,0,12,0,0,0,0,0,3,4,5,0,12,0,0,0,12
04/19/2018,LSE,WI,AGL,CE,Federal Contract Tower,3,10,4,0,17,0,0,14,2,16,3,10,18,2,33,0,0,0,33
04/20/2018,LSE,WI,AGL,CE,Federal Contract Tower,3,9,9,0,21,0,0,35,0,35,3,9,44,0,56,28,0,28,84
04/21/2018,LSE,WI,AGL,CE,Federal Contract Tower,2,7,9,0,18,0,2,23,0,25,2,9,32,0,43,28,0,28,71
04/22/2018,LSE,WI,AGL,CE,Federal Contract Tower,4,7,6,2,19,0,0,39,0,39,4,7,45,2,58,54,0,54,112
04/23/2018,LSE,WI,AGL,CE,Federal Contract Tower,3,10,14,0,27,0,4,17,3,24,3,14,31,3,51,48,0,48,99
04/24/2018,LSE,WI,AGL,CE,Federal Contract Tower,4,7,13,0,24,0,7,19,0,26,4,14,32,0,50,20,0,20,70
04/25/2018,LSE,WI,AGL,CE,Federal Contract Tower,0,13,10,0,23,0,3,33,0,36,0,16,43,0,59,38,0,38,97
04/26/2018,LSE,WI,AGL,CE,Federal Contract Tower,3,10,16,0,29,0,0,24,0,24,3,10,40,0,53,4,0,4,57
04/27/2018,LSE,WI,AGL,CE,Federal Contract Tower,3,11,4,0,18,0,0,16,0,16,3,11,20,0,34,8,0,8,42
04/28/2018,LSE,WI,AGL,CE,Federal Contract Tower,2,6,13,0,21,0,10,32,0,42,2,16,45,0,63,4,0,4,67
04/29/2018,LSE,WI,AGL,CE,Federal Contract Tower,3,9,3,0,15,0,0,20,0,20,3,9,23,0,35,8,0,8,43
04/30/2018,LSE,WI,AGL,CE,Federal Contract Tower,2,13,7,0,22,0,0,4,0,4,2,13,11,0,26,0,0,0,26
05/01/2018,LSE,WI,AGL,CE,Federal Contract Tower,3,11,7,0,21,0,0,5,0,5,3,11,12,0,26,2,0,2,28
05/02/2018,LSE,WI,AGL,CE,Federal Contract Tower,3,9,14,2,28,0,0,5,2,7,3,9,19,4,35,20,0,20,55
05/03/2018,LSE,WI,AGL,CE,Federal Contract Tower,2,9,10,0,21,0,0,16,0,16,2,9,26,0,37,20,0,20,57
05/04/2018,LSE,WI,AGL,CE,Federal Contract Tower,2,13,11,0,26,0,0,14,0,14,2,13,25,0,40,8,0,8,48
05/05/2018,LSE,WI,AGL,CE,Federal Contract Tower,2,8,4,0,14,0,0,19,0,19,2,8,23,0,33,14,0,14,47
05/06/2018,LSE,WI,AGL,CE,Federal Contract Tower,0,10,9,1,20,0,0,23,0,23,0,10,32,1,43,40,0,40,83
05/07/2018,LSE,WI,AGL,CE,Federal Contract Tower,0,12,9,3,24,0,2,0,0,2,0,14,9,3,26,22,6,28,54
05/08/2018,LSE,WI,AGL,CE,Federal Contract Tower,3,10,12,0,25,0,0,11,0,11,3,10,23,0,36,20,0,20,56
05/09/2018,LSE,WI,AGL,CE,Federal Contract Tower,3,10,11,0,24,0,2,6,0,8,3,12,17,0,32,24,0,24,56
05/10/2018,LSE,WI,AGL,CE,Federal Contract Tower,3,8,11,0,22,0,0,12,0,12,3,8,23,0,34,16,0,16,50
05/11/2018,LSE,WI,AGL,CE,Federal Contract Tower,3,10,10,1,24,0,0,1,0,1,3,10,11,1,25,0,0,0,25
05/12/2018,LSE,WI,AGL,CE,Federal Contract Tower,4,5,5,0,14,0,0,18,0,18,4,5,23,0,32,6,0,6,38
05/13/2018,LSE,WI,AGL,CE,Federal Contract Tower,3,11,8,0,22,0,0,7,0,7,3,11,15,0,29,0,0,0,29
05/14/2018,LSE,WI,AGL,CE,Federal Contract Tower,3,7,5,1,16,0,9,10,1,20,3,16,15,2,36,44,0,44,80
05/15/2018,LSE,WI,AGL,CE,Federal Contract Tower,5,12,1,0,18,0,0,13,0,13,5,12,14,0,31,12,0,12,43
05/16/2018,LSE,WI,AGL,CE,Federal Contract Tower,5,13,13,0,31,0,2,36,2,40,5,15,49,2,71,35,0,35,106
05/17/2018,LSE,WI,AGL,CE,Federal Contract Tower,2,13,10,0,25,0,0,16,1,17,2,13,26,1,42,18,0,18,60
05/18/2018,LSE,WI,AGL,CE,Federal Contract Tower,3,10,9,0,22,0,0,28,0,28,3,10,37,0,50,0,0,0,50
05/19/2018,LSE,WI,AGL,CE,Federal Contract Tower,4,9,5,0,18,0,0,8,0,8,4,9,13,0,26,0,0,0,26
05/20/2018,LSE,WI,AGL,CE,Federal Contract Tower,3,8,3,0,14,0,1,5,0,6,3,9,8,0,20,0,0,0,20
05/21/2018,LSE,WI,AGL,CE,Federal Contract Tower,3,11,6,0,20,0,0,4,0,4,3,11,10,0,24,8,0,8,32
05/22/2018,LSE,WI,AGL,CE,Federal Contract Tower,3,9,11,2,25,0,0,3,0,3,3,9,14,2,28,6,0,6,34
05/23/2018,LSE,WI,AGL,CE,Federal Contract Tower,2,10,7,0,19,0,0,15,0,15,2,10,22,0,34,4,0,4,38
05/24/2018,LSE,WI,AGL,CE,Federal Contract Tower,5,8,10,0,23,0,0,33,0,33,5,8,43,0,56,6,0,6,62
05/25/2018,LSE,WI,AGL,CE,Federal Contract Tower,3,11,3,0,17,0,0,21,0,21,3,11,24,0,38,4,0,4,42
05/26/2018,LSE,WI,AGL,CE,Federal Contract Tower,3,7,3,0,13,0,1,20,0,21,3,8,23,0,34,22,0,22,56
05/27/2018,LSE,WI,AGL,CE,Federal Contract Tower,3,5,4,0,12,0,0,21,0,21,3,5,25,0,33,0,0,0,33
05/28/2018,LSE,WI,AGL,CE,Federal Contract Tower,2,12,6,0,20,0,0,13,0,13,2,12,19,0,33,2,0,2,35
05/29/2018,LSE,WI,AGL,CE,Federal Contract Tower,5,12,9,0,26,0,0,14,0,14,5,12,23,0,40,2,0,2,42
05/30/2018,LSE,WI,AGL,CE,Federal Contract Tower,3,12,14,0,29,0,2,2,0,4,3,14,16,0,33,14,0,14,47
05/31/2018,LSE,WI,AGL,CE,Federal Contract Tower,4,13,6,0,23,0,0,13,0,13,4,13,19,0,36,0,0,0,36
06/01/2018,LSE,WI,AGL,CE,Federal Contract Tower,5,9,6,0,20,0,0,49,0,49,5,9,55,0,69,66,0,66,135
06/02/2018,LSE,WI,AGL,CE,Federal Contract Tower,2,6,0,0,8,0,0,7,0,7,2,6,7,0,15,2,0,2,17
06/03/2018,LSE,WI,AGL,CE,Federal Contract Tower,2,10,4,0,16,0,0,2,0,2,2,10,6,0,18,0,0,0,18
06/04/2018,LSE,WI,AGL,CE,Federal Contract Tower,5,13,6,0,24,0,0,16,0,16,5,13,22,0,40,24,0,24,64
06/05/2018,LSE,WI,AGL,CE,Federal Contract Tower,5,9,9,0,23,0,0,44,0,44,5,9,53,0,67,30,2,32,99
06/06/2018,LSE,WI,AGL,CE,Federal Contract Tower,3,11,9,0,23,0,0,10,0,10,3,11,19,0,33,14,0,14,47
06/07/2018,LSE,WI,AGL,CE,Federal Contract Tower,7,10,6,0,23,0,0,25,0,25,7,10,31,0,48,58,0,58,106
06/08/2018,LSE,WI,AGL,CE,Federal Contract Tower,3,11,6,0,20,0,0,14,0,14,3,11,20,0,34,18,0,18,52
06/09/2018,LSE,WI,AGL,CE,Federal Contract Tower,11,11,2,0,24,0,0,24,0,24,11,11,26,0,48,4,0,4,52
06/10/2018,LSE,WI,AGL,CE,Federal Contract Tower,3,12,6,0,21,0,0,7,0,7,3,12,13,0,28,0,0,0,28
06/11/2018,LSE,WI,AGL,CE,Federal Contract Tower,2,11,4,0,17,0,0,8,11,19,2,11,12,11,36,10,4,14,50
06/12/2018,LSE,WI,AGL,CE,Federal Contract Tower,0,12,9,1,22,0,0,11,7,18,0,12,20,8,40,18,6,24,64
06/13/2018,LSE,WI,AGL,CE,Federal Contract Tower,3,11,8,0,22,0,2,38,0,40,3,13,46,0,62,26,0,26,88
06/14/2018,LSE,WI,AGL,CE,Federal Contract Tower,2,13,8,4,27,0,0,25,1,26,2,13,33,5,53,18,6,24,77
06/15/2018,LSE,WI,AGL,CE,Federal Contract Tower,3,11,8,0,22,0,1,12,2,15,3,12,20,2,37,0,0,0,37
06/16/2018,LSE,WI,AGL,CE,Federal Contract Tower,4,9,4,2,19,0,0,14,0,14,4,9,18,2,33,4,0,4,37
06/17/2018,LSE,WI,AGL,CE,Federal Contract Tower,5,8,4,1,18,0,1,14,0,15,5,9,18,1,33,0,0,0,33
06/18/2018,LSE,WI,AGL,CE,Federal Contract Tower,3,12,6,0,21,0,0,2,0,2,3,12,8,0,23,6,0,6,29
06/19/2018,LSE,WI,AGL,CE,Federal Contract Tower,2,10,7,0,19,0,0,3,0,3,2,10,10,0,22,0,0,0,22
06/20/2018,LSE,WI,AGL,CE,Federal Contract Tower,12,10,34,1,57,0,2,11,0,13,12,12,45,1,70,14,0,14,84
06/21/2018,LSE,WI,AGL,CE,Federal Contract Tower,0,14,12,1,27,0,0,5,0,5,0,14,17,1,32,0,0,0,32
06/22/2018,LSE,WI,AGL,CE,Federal Contract Tower,2,14,19,2,37,0,0,23,2,25,2,14,42,4,62,6,0,6,68
06/23/2018,LSE,WI,AGL,CE,Federal Contract Tower,3,7,9,0,19,0,0,20,0,20,3,7,29,0,39,4,0,4,43
06/24/2018,LSE,WI,AGL,CE,Federal Contract Tower,0,19,13,0,32,0,0,15,0,15,0,19,28,0,47,0,0,0,47
06/25/2018,LSE,WI,AGL,CE,Federal Contract Tower,2,11,9,0,22,0,1,27,0,28,2,12,36,0,50,12,0,12,62
06/26/2018,LSE,WI,AGL,CE,Federal Contract Tower,3,7,6,0,16,0,3,0,1,4,3,10,6,1,20,0,0,0,20
06/27/2018,LSE,WI,AGL,CE,Federal Contract Tower,2,13,9,1,25,0,0,14,4,18,2,13,23,5,43,26,0,26,69
06/28/2018,LSE,WI,AGL,CE,Federal Contract Tower,15,10,14,0,39,0,0,14,0,14,15,10,28,0,53,0,0,0,53
06/29/2018,LSE,WI,AGL,CE,Federal Contract Tower,7,14,8,0,29,0,1,32,2,35,7,15,40,2,64,26,0,26,90
06/30/2018,LSE,WI,AGL,CE,Federal Contract Tower,6,9,4,0,19,0,1,5,0,6,6,10,9,0,25,6,0,6,31
07/01/2018,LSE,WI,AGL,CE,Federal Contract Tower,9,9,6,0,24,0,0,1,0,1,9,9,7,0,25,0,0,0,25
07/02/2018,LSE,WI,AGL,CE,Federal Contract Tower,6,7,9,0,22,0,3,31,0,34,6,10,40,0,56,32,0,32,88
07/03/2018,LSE,WI,AGL,CE,Federal Contract Tower,3,6,6,0,15,0,0,21,0,21,3,6,27,0,36,20,0,20,56
07/04/2018,LSE,WI,AGL,CE,Federal Contract Tower,5,6,1,0,12,0,0,13,0,13,5,6,14,0,25,0,0,0,25
07/05/2018,LSE,WI,AGL,CE,Federal Contract Tower,2,6,8,0,16,0,0,23,0,23,2,6,31,0,39,56,0,56,95
07/06/2018,LSE,WI,AGL,CE,Federal Contract Tower,4,8,6,0,18,0,0,36,0,36,4,8,42,0,54,62,0,62,116
07/07/2018,LSE,WI,AGL,CE,Federal Contract Tower,4,8,6,0,18,0,0,32,0,32,4,8,38,0,50,10,0,10,60
07/08/2018,LSE,WI,AGL,CE,Federal Contract Tower,4,11,1,0,16,0,0,34,0,34,4,11,35,0,50,20,0,20,70
07/09/2018,LSE,WI,AGL,CE,Federal Contract Tower,3,10,6,0,19,0,1,13,0,14,3,11,19,0,33,10,0,10,43
07/10/2018,LSE,WI,AGL,CE,Federal Contract Tower,3,12,7,0,22,0,0,22,0,22,3,12,29,0,44,2,0,2,46
07/11/2018,LSE,WI,AGL,CE,Federal Contract Tower,3,12,6,1,22,0,0,52,0,52,3,12,58,1,74,20,0,20,94
07/12/2018,LSE,WI,AGL,CE,Federal Contract Tower,8,20,5,4,37,0,2,6,0,8,8,22,11,4,45,0,0,0,45
07/13/2018,LSE,WI,AGL,CE,Federal Contract Tower,5,9,4,0,18,0,0,11,0,11,5,9,15,0,29,0,0,0,29
07/14/2018,LSE,WI,AGL,CE,Federal Contract Tower,1,10,2,2,15,0,0,16,0,16,1,10,18,2,31,4,0,4,35
07/15/2018,LSE,WI,AGL,CE,Federal Contract Tower,0,13,3,0,16,0,0,8,0,8,0,13,11,0,24,0,0,0,24
07/16/2018,LSE,WI,AGL,CE,Federal Contract Tower,0,9,7,0,16,0,0,31,0,31,0,9,38,0,47,14,0,14,61
07/17/2018,LSE,WI,AGL,CE,Federal Contract Tower,0,15,10,0,25,0,0,40,0,40,0,15,50,0,65,52,0,52,117
07/18/2018,LSE,WI,AGL,CE,Federal Contract Tower,0,14,7,0,21,0,1,37,0,38,0,15,44,0,59,26,0,26,85
07/19/2018,LSE,WI,AGL,CE,Federal Contract Tower,3,13,14,0,30,0,0,15,0,15,3,13,29,0,45,0,0,0,45
07/20/2018,LSE,WI,AGL,CE,Federal Contract Tower,2,10,8,0,20,0,0,36,0,36,2,10,44,0,56,0,0,0,56
07/21/2018,LSE,WI,AGL,CE,Federal Contract Tower,1,10,9,2,22,0,1,94,0,95,1,11,103,2,117,18,0,18,135
07/22/2018,LSE,WI,AGL,CE,Federal Contract Tower,4,9,10,0,23,0,0,43,0,43,4,9,53,0,66,18,0,18,84
07/23/2018,LSE,WI,AGL,CE,Federal Contract Tower,3,10,7,2,22,0,0,28,0,28,3,10,35,2,50,28,0,28,78
07/24/2018,LSE,WI,AGL,CE,Federal Contract Tower,3,12,17,1,33,0,1,35,1,37,3,13,52,2,70,14,24,38,108
07/25/2018,LSE,WI,AGL,CE,Federal Contract Tower,5,13,8,1,27,0,1,33,2,36,5,14,41,3,63,56,0,56,119
07/26/2018,LSE,WI,AGL,CE,Federal Contract Tower,5,14,13,0,32,0,3,22,0,25,5,17,35,0,57,0,0,0,57
07/27/2018,LSE,WI,AGL,CE,Federal Contract Tower,5,10,8,0,23,0,0,17,2,19,5,10,25,2,42,2,0,2,44
07/28/2018,LSE,WI,AGL,CE,Federal Contract Tower,2,8,5,0,15,0,0,33,0,33,2,8,38,0,48,0,0,0,48
07/29/2018,LSE,WI,AGL,CE,Federal Contract Tower,1,12,8,0,21,0,0,28,0,28,1,12,36,0,49,0,0,0,49
07/30/2018,LSE,WI,AGL,CE,Federal Contract Tower,3,10,4,0,17,0,1,20,0,21,3,11,24,0,38,0,0,0,38
07/31/2018,LSE,WI,AGL,CE,Federal Contract Tower,5,9,14,1,29,0,2,29,0,31,5,11,43,1,60,48,0,48,108
08/01/2018,LSE,WI,AGL,CE,Federal Contract Tower,5,7,1,1,14,0,2,11,2,15,5,9,12,3,29,60,0,60,89
08/02/2018,LSE,WI,AGL,CE,Federal Contract Tower,2,12,7,2,23,0,2,2,0,4,2,14,9,2,27,32,0,32,59
08/03/2018,LSE,WI,AGL,CE,Federal Contract Tower,3,11,10,0,24,0,1,18,0,19,3,12,28,0,43,16,0,16,59
08/04/2018,LSE,WI,AGL,CE,Federal Contract Tower,7,11,7,1,26,0,0,26,0,26,7,11,33,1,52,2,0,2,54
08/05/2018,LSE,WI,AGL,CE,Federal Contract Tower,4,9,6,0,19,0,0,12,0,12,4,9,18,0,31,0,0,0,31
08/06/2018,LSE,WI,AGL,CE,Federal Contract Tower,7,11,16,0,34,0,0,11,0,11,7,11,27,0,45,42,0,42,87
08/07/2018,LSE,WI,AGL,CE,Federal Contract Tower,5,10,11,0,26,0,12,8,0,20,5,22,19,0,46,24,0,24,70
08/08/2018,LSE,WI,AGL,CE,Federal Contract Tower,7,13,3,0,23,0,0,15,0,15,7,13,18,0,38,12,0,12,50
08/09/2018,LSE,WI,AGL,CE,Federal Contract Tower,5,8,6,1,20,0,0,26,2,28,5,8,32,3,48,40,10,50,98
08/10/2018,LSE,WI,AGL,CE,Federal Contract Tower,2,13,4,0,19,0,0,31,0,31,2,13,35,0,50,22,0,22,72
08/11/2018,LSE,WI,AGL,CE,Federal Contract Tower,1,7,3,0,11,0,0,115,0,115,1,7,118,0,126,12,0,12,138
08/12/2018,LSE,WI,AGL,CE,Federal Contract Tower,3,8,8,0,19,0,0,22,0,22,3,8,30,0,41,34,0,34,75
08/13/2018,LSE,WI,AGL,CE,Federal Contract Tower,3,17,15,5,40,0,0,36,1,37,3,17,51,6,77,28,0,28,105
08/14/2018,LSE,WI,AGL,CE,Federal Contract Tower,3,11,10,0,24,0,0,14,0,14,3,11,24,0,38,8,0,8,46
08/15/2018,LSE,WI,AGL,CE,Federal Contract Tower,3,12,11,3,29,0,0,13,0,13,3,12,24,3,42,40,0,40,82
08/16/2018,LSE,WI,AGL,CE,Federal Contract Tower,4,10,18,0,32,0,0,14,0,14,4,10,32,0,46,0,0,0,46
08/17/2018,LSE,WI,AGL,CE,Federal Contract Tower,7,12,12,2,33,0,0,6,0,6,7,12,18,2,39,0,0,0,39
08/18/2018,LSE,WI,AGL,CE,Federal Contract Tower,3,7,3,0,13,0,0,14,0,14,3,7,17,0,27,12,0,12,39
08/19/2018,LSE,WI,AGL,CE,Federal Contract Tower,5,9,6,0,20,0,2,38,0,40,5,11,44,0,60,28,0,28,88
08/20/2018,LSE,WI,AGL,CE,Federal Contract Tower,4,8,3,0,15,0,0,6,0,6,4,8,9,0,21,18,0,18,39
08/21/2018,LSE,WI,AGL,CE,Federal Contract Tower,4,12,15,0,31,0,2,12,0,14,4,14,27,0,45,24,0,24,69
08/22/2018,LSE,WI,AGL,CE,Federal Contract Tower,5,13,13,0,31,0,0,37,2,39,5,13,50,2,70,4,0,4,74
08/23/2018,LSE,WI,AGL,CE,Federal Contract Tower,2,14,14,1,31,0,0,22,1,23,2,14,36,2,54,8,0,8,62
08/24/2018,LSE,WI,AGL,CE,Federal Contract Tower,15,7,3,0,25,0,0,0,0,0,15,7,3,0,25,0,0,0,25
08/25/2018,LSE,WI,AGL,CE,Federal Contract Tower,1,14,9,0,24,0,0,13,0,13,1,14,22,0,37,16,0,16,53
08/26/2018,LSE,WI,AGL,CE,Federal Contract Tower,3,10,3,0,16,0,0,9,0,9,3,10,12,0,25,0,0,0,25
08/27/2018,LSE,WI,AGL,CE,Federal Contract Tower,5,10,6,0,21,0,0,5,1,6,5,10,11,1,27,8,0,8,35
08/28/2018,LSE,WI,AGL,CE,Federal Contract Tower,0,11,5,0,16,0,0,6,0,6,0,11,11,0,22,8,0,8,30
08/29/2018,LSE,WI,AGL,CE,Federal Contract Tower,5,9,10,0,24,0,0,35,0,35,5,9,45,0,59,32,0,32,91
08/30/2018,LSE,WI,AGL,CE,Federal Contract Tower,7,12,10,0,29,0,0,60,0,60,7,12,70,0,89,14,0,14,103
08/31/2018,LSE,WI,AGL,CE,Federal Contract Tower,7,10,9,0,26,0,0,12,0,12,7,10,21,0,38,22,0,22,60
09/01/2018,LSE,WI,AGL,CE,Federal Contract Tower,2,7,8,0,17,0,0,8,0,8,2,7,16,0,25,20,0,20,45
09/02/2018,LSE,WI,AGL,CE,Federal Contract Tower,3,6,0,0,9,0,0,6,0,6,3,6,6,0,15,8,0,8,23
09/03/2018,LSE,WI,AGL,CE,Federal Contract Tower,0,12,11,0,23,0,0,0,0,0,0,12,11,0,23,0,0,0,23
09/04/2018,LSE,WI,AGL,CE,Federal Contract Tower,0,16,14,0,30,0,0,11,0,11,0,16,25,0,41,28,0,28,69
09/05/2018,LSE,WI,AGL,CE,Federal Contract Tower,3,14,9,2,28,0,0,8,0,8,3,14,17,2,36,22,0,22,58
09/06/2018,LSE,WI,AGL,CE,Federal Contract Tower,3,14,14,0,31,0,1,74,0,75,3,15,88,0,106,20,0,20,126
09/07/2018,LSE,WI,AGL,CE,Federal Contract Tower,5,10,8,0,23,0,0,23,0,23,5,10,31,0,46,0,0,0,46
09/08/2018,LSE,WI,AGL,CE,Federal Contract Tower,3,7,3,0,13,0,0,54,14,68,3,7,57,14,81,6,10,16,97
09/09/2018,LSE,WI,AGL,CE,Federal Contract Tower,5,10,13,2,30,0,0,28,0,28,5,10,41,2,58,4,0,4,62
09/10/2018,LSE,WI,AGL,CE,Federal Contract Tower,3,10,7,0,20,0,0,36,0,36,3,10,43,0,56,44,0,44,100
09/11/2018,LSE,WI,AGL,CE,Federal Contract Tower,5,11,9,2,27,0,0,39,4,43,5,11,48,6,70,10,12,22,92
09/12/2018,LSE,WI,AGL,CE,Federal Contract Tower,6,14,14,0,34,0,2,59,2,63,6,16,73,2,97,30,0,30,127
09/13/2018,LSE,WI,AGL,CE,Federal Contract Tower,2,8,10,0,20,0,0,11,3,14,2,8,21,3,34,12,0,12,46
09/14/2018,LSE,WI,AGL,CE,Federal Contract Tower,3,16,14,0,33,0,0,32,4,36,3,16,46,4,69,34,0,34,103
09/15/2018,LSE,WI,AGL,CE,Federal Contract Tower,3,9,10,4,26,0,0,31,2,33,3,9,41,6,59,38,0,38,97
09/16/2018,LSE,WI,AGL,CE,Federal Contract Tower,0,11,23,0,34,0,0,33,0,33,0,11,56,0,67,12,0,12,79
09/17/2018,LSE,WI,AGL,CE,Federal Contract Tower,5,9,4,0,18,0,0,20,0,20,5,9,24,0,38,12,0,12,50
09/18/2018,LSE,WI,AGL,CE,Federal Contract Tower,3,14,5,0,22,0,0,4,0,4,3,14,9,0,26,18,0,18,44
09/19/2018,LSE,WI,AGL,CE,Federal Contract Tower,3,9,2,0,14,0,0,2,0,2,3,9,4,0,16,0,0,0,16
09/20/2018,LSE,WI,AGL,CE,Federal Contract Tower,3,15,7,0,25,0,0,0,0,0,3,15,7,0,25,0,0,0,25
09/21/2018,LSE,WI,AGL,CE,Federal Contract Tower,3,14,2,0,19,0,1,0,0,1,3,15,2,0,20,0,0,0,20
09/22/2018,LSE,WI,AGL,CE,Federal Contract Tower,2,7,7,0,16,0,0,22,0,22,2,7,29,0,38,26,0,26,64
09/23/2018,LSE,WI,AGL,CE,Federal Contract Tower,5,6,6,0,17,0,0,44,0,44,5,6,50,0,61,22,0,22,83
09/24/2018,LSE,WI,AGL,CE,Federal Contract Tower,5,6,7,0,18,0,2,41,4,47,5,8,48,4,65,52,0,52,117
09/25/2018,LSE,WI,AGL,CE,Federal Contract Tower,2,9,10,0,21,0,0,3,0,3,2,9,13,0,24,28,0,28,52
09/26/2018,LSE,WI,AGL,CE,Federal Contract Tower,4,7,12,2,25,0,2,27,0,29,4,9,39,2,54,58,6,64,118
09/27/2018,LSE,WI,AGL,CE,Federal Contract Tower,3,10,14,2,29,0,0,9,1,10,3,10,23,3,39,6,0,6,45
09/28/2018,LSE,WI,AGL,CE,Federal Contract Tower,3,11,7,0,21,0,0,17,0,17,3,11,24,0,38,12,0,12,50
09/29/2018,LSE,WI,AGL,CE,Federal Contract Tower,2,8,9,0,19,0,2,26,0,28,2,10,35,0,47,20,0,20,67
09/30/2018,LSE,WI,AGL,CE,Federal Contract Tower,5,6,14,0,25,0,0,3,0,3,5,6,17,0,28,10,0,10,38
10/01/2018,LSE,WI,AGL,CE,Federal Contract Tower,5,7,4,0,16,0,0,2,0,2,5,7,6,0,18,0,0,0,18
10/02/2018,LSE,WI,AGL,CE,Federal Contract Tower,5,8,6,0,19,0,0,0,0,0,5,8,6,0,19,42,0,42,61
10/03/2018,LSE,WI,AGL,CE,Federal Contract Tower,5,7,5,2,19,0,1,6,0,7,5,8,11,2,26,16,0,16,42
10/04/2018,LSE,WI,AGL,CE,Federal Contract Tower,7,12,7,0,26,0,2,42,0,44,7,14,49,0,70,90,0,90,160
10/05/2018,LSE,WI,AGL,CE,Federal Contract Tower,5,10,4,0,19,0,0,4,0,4,5,10,8,0,23,10,0,10,33
10/06/2018,LSE,WI,AGL,CE,Federal Contract Tower,7,6,11,0,24,0,0,15,0,15,7,6,26,0,39,42,0,42,81
10/07/2018,LSE,WI,AGL,CE,Federal Contract Tower,7,7,10,0,24,0,0,0,0,0,7,7,10,0,24,0,0,0,24
10/08/2018,LSE,WI,AGL,CE,Federal Contract Tower,5,7,3,0,15,0,0,1,0,1,5,7,4,0,16,0,0,0,16
10/09/2018,LSE,WI,AGL,CE,Federal Contract Tower,3,12,13,0,28,0,0,0,0,0,3,12,13,0,28,0,0,0,28
10/10/2018,LSE,WI,AGL,CE,Federal Contract Tower,3,11,12,0,26,0,0,11,0,11,3,11,23,0,37,52,0,52,89
10/11/2018,LSE,WI,AGL,CE,Federal Contract Tower,3,8,6,0,17,0,0,4,0,4,3,8,10,0,21,0,0,0,21
10/12/2018,LSE,WI,AGL,CE,Federal Contract Tower,3,9,8,0,20,0,0,46,0,46,3,9,54,0,66,70,0,70,136
10/13/2018,LSE,WI,AGL,CE,Federal Contract Tower,3,6,9,0,18,0,0,46,0,46,3,6,55,0,64,20,0,20,84
10/14/2018,LSE,WI,AGL,CE,Federal Contract Tower,5,7,2,2,16,0,0,0,0,0,5,7,2,2,16,0,0,0,16
10/15/2018,LSE,WI,AGL,CE,Federal Contract Tower,5,10,6,0,21,0,1,22,2,25,5,11,28,2,46,30,0,30,76
10/16/2018,LSE,WI,AGL,CE,Federal Contract Tower,5,7,12,0,24,0,0,48,1,49,5,7,60,1,73,36,2,38,111
10/17/2018,LSE,WI,AGL,CE,Federal Contract Tower,5,10,13,0,28,0,2,27,0,29,5,12,40,0,57,8,0,8,65
10/18/2018,LSE,WI,AGL,CE,Federal Contract Tower,5,8,9,0,22,0,0,47,4,51,5,8,56,4,73,22,4,26,99
10/19/2018,LSE,WI,AGL,CE,Federal Contract Tower,5,9,13,4,31,0,0,2,0,2,5,9,15,4,33,0,0,0,33
10/20/2018,LSE,WI,AGL,CE,Federal Contract Tower,3,6,5,2,16,0,0,11,0,11,3,6,16,2,27,0,0,0,27
10/21/2018,LSE,WI,AGL,CE,Federal Contract Tower,3,7,19,0,29,0,0,63,0,63,3,7,82,0,92,30,0,30,122
10/22/2018,LSE,WI,AGL,CE,Federal Contract Tower,3,11,16,0,30,0,1,58,0,59,3,12,74,0,89,28,0,28,117
10/23/2018,LSE,WI,AGL,CE,Federal Contract Tower,3,10,9,0,22,0,8,53,0,61,3,18,62,0,83,18,0,18,101
10/24/2018,LSE,WI,AGL,CE,Federal Contract Tower,3,11,6,0,20,0,2,74,0,76,3,13,80,0,96,82,0,82,178
10/25/2018,LSE,WI,AGL,CE,Federal Contract Tower,5,7,9,0,21,0,0,46,0,46,5,7,55,0,67,88,0,88,155
10/26/2018,LSE,WI,AGL,CE,Federal Contract Tower,5,7,4,0,16,0,3,19,0,22,5,10,23,0,38,30,0,30,68
10/27/2018,LSE,WI,AGL,CE,Federal Contract Tower,3,8,12,0,23,0,0,13,0,13,3,8,25,0,36,50,0,50,86
10/28/2018,LSE,WI,AGL,CE,Federal Contract Tower,5,4,5,0,14,0,0,3,0,3,5,4,8,0,17,0,0,0,17
10/29/2018,LSE,WI,AGL,CE,Federal Contract Tower,3,8,8,0,19,0,3,28,0,31,3,11,36,0,50,58,0,58,108
10/30/2018,LSE,WI,AGL,CE,Federal Contract Tower,5,10,9,0,24,0,0,36,0,36,5,10,45,0,60,28,0,28,88
10/31/2018,LSE,WI,AGL,CE,Federal Contract Tower,5,9,4,0,18,0,3,29,0,32,5,12,33,0,50,32,0,32,82
11/01/2018,LSE,WI,AGL,CE,Federal Contract Tower,5,8,7,0,20,0,5,28,0,33,5,13,35,0,53,38,0,38,91
11/02/2018,LSE,WI,AGL,CE,Federal Contract Tower,4,12,10,1,27,0,0,24,3,27,4,12,34,4,54,24,12,36,90
11/03/2018,LSE,WI,AGL,CE,Federal Contract Tower,3,6,5,0,14,0,0,3,4,7,3,6,8,4,21,6,0,6,27
11/04/2018,LSE,WI,AGL,CE,Federal Contract Tower,3,12,6,0,21,0,0,0,0,0,3,12,6,0,21,0,0,0,21
11/05/2018,LSE,WI,AGL,CE,Federal Contract Tower,3,10,6,0,19,0,0,14,2,16,3,10,20,2,35,38,0,38,73
11/06/2018,LSE,WI,AGL,CE,Federal Contract Tower,3,9,9,0,21,0,0,4,0,4,3,9,13,0,25,6,0,6,31
11/07/2018,LSE,WI,AGL,CE,Federal Contract Tower,3,12,1,0,16,0,0,3,0,3,3,12,4,0,19,0,0,0,19
11/08/2018,LSE,WI,AGL,CE,Federal Contract Tower,3,8,5,0,16,0,0,10,0,10,3,8,15,0,26,12,0,12,38
11/09/2018,LSE,WI,AGL,CE,Federal Contract Tower,3,10,5,3,21,0,0,2,1,3,3,10,7,4,24,0,0,0,24
11/10/2018,LSE,WI,AGL,CE,Federal Contract Tower,0,10,6,0,16,0,1,14,0,15,0,11,20,0,31,21,0,21,52
11/11/2018,LSE,WI,AGL,CE,Federal Contract Tower,5,7,12,0,24,0,0,11,0,11,5,7,23,0,35,0,0,0,35
11/12/2018,LSE,WI,AGL,CE,Federal Contract Tower,5,8,4,0,17,0,0,10,0,10,5,8,14,0,27,18,0,18,45
11/13/2018,LSE,WI,AGL,CE,Federal Contract Tower,2,10,9,0,21,0,1,25,0,26,2,11,34,0,47,41,0,41,88
11/14/2018,LSE,WI,AGL,CE,Federal Contract Tower,3,12,16,0,31,0,3,36,0,39,3,15,52,0,70,26,0,26,96
11/15/2018,LSE,WI,AGL,CE,Federal Contract Tower,2,14,11,1,28,0,0,32,0,32,2,14,43,1,60,0,0,0,60
11/16/2018,LSE,WI,AGL,CE,Federal Contract Tower,2,9,3,2,16,0,0,3,0,3,2,9,6,2,19,0,0,0,19
11/17/2018,LSE,WI,AGL,CE,Federal Contract Tower,1,6,0,0,7,0,2,2,0,4,1,8,2,0,11,0,0,0,11
11/18/2018,LSE,WI,AGL,CE,Federal Contract Tower,3,8,6,0,17,0,0,27,0,27,3,8,33,0,44,30,0,30,74
11/19/2018,LSE,WI,AGL,CE,Federal Contract Tower,3,12,4,0,19,0,0,13,2,15,3,12,17,2,34,2,0,2,36
11/20/2018,LSE,WI,AGL,CE,Federal Contract Tower,2,10,13,0,25,0,0,10,0,10,2,10,23,0,35,0,0,0,35
11/21/2018,LSE,WI,AGL,CE,Federal Contract Tower,3,9,4,0,16,0,0,14,0,14,3,9,18,0,30,11,0,11,41
11/22/2018,LSE,WI,AGL,CE,Federal Contract Tower,4,4,0,0,8,0,0,0,0,0,4,4,0,0,8,0,0,0,8
11/23/2018,LSE,WI,AGL,CE,Federal Contract Tower,2,7,1,0,10,0,0,10,0,10,2,7,11,0,20,0,0,0,20
11/24/2018,LSE,WI,AGL,CE,Federal Contract Tower,1,9,2,0,12,0,0,4,0,4,1,9,6,0,16,8,0,8,24
11/25/2018,LSE,WI,AGL,CE,Federal Contract Tower,2,8,8,0,18,0,0,5,0,5,2,8,13,0,23,0,0,0,23
11/26/2018,LSE,WI,AGL,CE,Federal Contract Tower,0,6,3,0,9,0,0,10,0,10,0,6,13,0,19,16,0,16,35
11/27/2018,LSE,WI,AGL,CE,Federal Contract Tower,3,10,5,0,18,0,0,14,0,14,3,10,19,0,32,0,0,0,32
11/28/2018,LSE,WI,AGL,CE,Federal Contract Tower,5,16,5,0,26,0,0,20,0,20,5,16,25,0,46,12,0,12,58
11/29/2018,LSE,WI,AGL,CE,Federal Contract Tower,3,13,5,0,21,0,0,5,0,5,3,13,10,0,26,16,0,16,42
11/30/2018,LSE,WI,AGL,CE,Federal Contract Tower,3,10,5,0,18,0,0,3,0,3,3,10,8,0,21,0,0,0,21
12/01/2018,LSE,WI,AGL,CE,Federal Contract Tower,3,9,0,0,12,0,0,0,0,0,3,9,0,0,12,0,0,0,12
12/02/2018,LSE,WI,AGL,CE,Federal Contract Tower,3,9,1,0,13,0,0,0,0,0,3,9,1,0,13,0,0,0,13
12/03/2018,LSE,WI,AGL,CE,Federal Contract Tower,3,9,3,0,15,0,0,14,0,14,3,9,17,0,29,34,0,34,63
12/04/2018,LSE,WI,AGL,CE,Federal Contract Tower,3,9,6,0,18,0,0,7,0,7,3,9,13,0,25,0,0,0,25
12/05/2018,LSE,WI,AGL,CE,Federal Contract Tower,7,12,5,0,24,0,2,20,0,22,7,14,25,0,46,42,0,42,88
12/06/2018,LSE,WI,AGL,CE,Federal Contract Tower,5,10,13,0,28,0,0,13,0,13,5,10,26,0,41,16,0,16,57
12/07/2018,LSE,WI,AGL,CE,Federal Contract Tower,5,7,6,2,20,0,0,19,0,19,5,7,25,2,39,24,0,24,63
12/08/2018,LSE,WI,AGL,CE,Federal Contract Tower,1,9,3,0,13,0,0,2,0,2,1,9,5,0,15,0,0,0,15
12/09/2018,LSE,WI,AGL,CE,Federal Contract Tower,3,10,11,0,24,0,0,19,0,19,3,10,30,0,43,20,0,20,63
12/10/2018,LSE,WI,AGL,CE,Federal Contract Tower,3,12,8,2,25,0,0,1,0,1,3,12,9,2,26,0,0,0,26
12/11/2018,LSE,WI,AGL,CE,Federal Contract Tower,3,7,13,2,25,0,2,12,0,14,3,9,25,2,39,26,0,26,65
12/12/2018,LSE,WI,AGL,CE,Federal Contract Tower,3,14,6,4,27,0,0,0,0,0,3,14,6,4,27,0,0,0,27
12/13/2018,LSE,WI,AGL,CE,Federal Contract Tower,3,9,1,0,13,0,0,0,0,0,3,9,1,0,13,0,0,0,13
12/14/2018,LSE,WI,AGL,CE,Federal Contract Tower,4,6,6,0,16,0,1,17,0,18,4,7,23,0,34,26,0,26,60
12/15/2018,LSE,WI,AGL,CE,Federal Contract Tower,1,7,5,0,13,0,0,51,0,51,1,7,56,0,64,22,0,22,86
12/16/2018,LSE,WI,AGL,CE,Federal Contract Tower,6,5,12,0,23,0,2,56,0,58,6,7,68,0,81,22,0,22,103
12/17/2018,LSE,WI,AGL,CE,Federal Contract Tower,3,12,15,0,30,0,2,41,1,44,3,14,56,1,74,14,0,14,88
12/18/2018,LSE,WI,AGL,CE,Federal Contract Tower,3,8,13,0,24,0,2,19,0,21,3,10,32,0,45,14,0,14,59
12/19/2018,LSE,WI,AGL,CE,Federal Contract Tower,1,17,10,0,28,0,0,2,0,2,1,17,12,0,30,12,0,12,42
12/20/2018,LSE,WI,AGL,CE,Federal Contract Tower,0,15,4,0,19,0,0,0,0,0,0,15,4,0,19,0,0,0,19
12/21/2018,LSE,WI,AGL,CE,Federal Contract Tower,0,13,4,2,19,0,0,0,0,0,0,13,4,2,19,0,0,0,19
12/22/2018,LSE,WI,AGL,CE,Federal Contract Tower,1,7,6,0,14,0,0,1,0,1,1,7,7,0,15,0,0,0,15
12/23/2018,LSE,WI,AGL,CE,Federal Contract Tower,3,7,5,0,15,0,2,7,0,9,3,9,12,0,24,20,0,20,44
12/24/2018,LSE,WI,AGL,CE,Federal Contract Tower,3,9,4,0,16,0,2,11,0,13,3,11,15,0,29,8,0,8,37
12/25/2018,LSE,WI,AGL,CE,Federal Contract Tower,1,4,0,0,5,0,0,0,0,0,1,4,0,0,5,0,0,0,5
12/26/2018,LSE,WI,AGL,CE,Federal Contract Tower,0,16,5,0,21,0,0,4,0,4,0,16,9,0,25,6,0,6,31
12/27/2018,LSE,WI,AGL,CE,Federal Contract Tower,0,12,2,0,14,0,0,0,0,0,0,12,2,0,14,0,0,0,14
12/28/2018,LSE,WI,AGL,CE,Federal Contract Tower,2,10,1,0,13,0,0,0,0,0,2,10,1,0,13,0,0,0,13
12/29/2018,LSE,WI,AGL,CE,Federal Contract Tower,1,9,3,0,13,0,0,7,0,7,1,9,10,0,20,36,0,36,56
12/30/2018,LSE,WI,AGL,CE,Federal Contract Tower,2,9,4,0,15,0,0,14,0,14,2,9,18,0,29,6,0,6,35
12/31/2018,LSE,WI,AGL,CE,Federal Contract Tower,2,11,0,0,13,0,0,10,0,10,2,11,10,0,23,12,0,12,35
01/01/2019,LSE,WI,AGL,CE,Federal Contract Tower,0,5,5,0,10,0,0,14,0,14,0,5,19,0,24,22,0,22,46
01/02/2019,LSE,WI,AGL,CE,Federal Contract Tower,0,11,5,0,16,0,0,9,0,9,0,11,14,0,25,10,0,10,35
01/03/2019,LSE,WI,AGL,CE,Federal Contract Tower,3,10,8,0,21,0,0,48,0,48,3,10,56,0,69,24,0,24,93
01/04/2019,LSE,WI,AGL,CE,Federal Contract Tower,3,12,4,0,19,0,0,50,0,50,3,12,54,0,69,60,0,60,129
01/05/2019,LSE,WI,AGL,CE,Federal Contract Tower,3,7,9,0,19,0,0,47,0,47,3,7,56,0,66,16,0,16,82
01/06/2019,LSE,WI,AGL,CE,Federal Contract Tower,3,5,2,0,10,0,2,1,0,3,3,7,3,0,13,6,0,6,19
01/07/2019,LSE,WI,AGL,CE,Federal Contract Tower,1,9,1,8,19,0,0,0,0,0,1,9,1,8,19,0,0,0,19
01/08/2019,LSE,WI,AGL,CE,Federal Contract Tower,0,12,7,2,21,0,0,1,0,1,0,12,8,2,22,2,0,2,24
01/09/2019,LSE,WI,AGL,CE,Federal Contract Tower,2,8,7,1,18,0,0,6,6,12,2,8,13,7,30,6,4,10,40
01/10/2019,LSE,WI,AGL,CE,Federal Contract Tower,3,8,6,0,17,0,0,20,2,22,3,8,26,2,39,22,0,22,61
01/11/2019,LSE,WI,AGL,CE,Federal Contract Tower,2,8,14,2,26,0,2,27,0,29,2,10,41,2,55,40,0,40,95
01/12/2019,LSE,WI,AGL,CE,Federal Contract Tower,2,11,3,0,16,0,0,10,0,10,2,11,13,0,26,0,0,0,26
01/13/2019,LSE,WI,AGL,CE,Federal Contract Tower,0,12,4,0,16,0,0,30,0,30,0,12,34,0,46,0,0,0,46
01/14/2019,LSE,WI,AGL,CE,Federal Contract Tower,2,8,1,0,11,0,0,0,0,0,2,8,1,0,11,0,0,0,11
01/15/2019,LSE,WI,AGL,CE,Federal Contract Tower,3,8,5,0,16,0,0,2,0,2,3,8,7,0,18,0,0,0,18
01/16/2019,LSE,WI,AGL,CE,Federal Contract Tower,3,6,9,3,21,0,0,18,1,19,3,6,27,4,40,8,0,8,48
01/17/2019,LSE,WI,AGL,CE,Federal Contract Tower,3,10,10,2,25,0,0,4,0,4,3,10,14,2,29,8,0,8,37
01/18/2019,LSE,WI,AGL,CE,Federal Contract Tower,5,6,4,0,15,0,0,2,0,2,5,6,6,0,17,0,0,0,17
01/19/2019,LSE,WI,AGL,CE,Federal Contract Tower,0,10,2,0,12,0,0,28,0,28,0,10,30,0,40,22,0,22,62
01/20/2019,LSE,WI,AGL,CE,Federal Contract Tower,0,8,9,0,17,0,0,21,0,21,0,8,30,0,38,18,0,18,56
01/21/2019,LSE,WI,AGL,CE,Federal Contract Tower,4,11,3,0,18,0,0,7,0,7,4,11,10,0,25,10,0,10,35
01/22/2019,LSE,WI,AGL,CE,Federal Contract Tower,0,7,5,0,12,0,0,0,0,0,0,7,5,0,12,0,0,0,12
01/23/2019,LSE,WI,AGL,CE,Federal Contract Tower,2,14,1,0,17,0,0,4,2,6,2,14,5,2,23,8,0,8,31
01/24/2019,LSE,WI,AGL,CE,Federal Contract Tower,1,13,7,0,21,0,0,0,0,0,1,13,7,0,21,0,0,0,21
01/25/2019,LSE,WI,AGL,CE,Federal Contract Tower,2,12,12,0,26,0,0,13,0,13,2,12,25,0,39,0,0,0,39
01/26/2019,LSE,WI,AGL,CE,Federal Contract Tower,2,10,2,0,14,0,0,1,0,1,2,10,3,0,15,0,0,0,15
01/27/2019,LSE,WI,AGL,CE,Federal Contract Tower,3,6,5,0,14,0,0,15,0,15,3,6,20,0,29,12,0,12,41
01/28/2019,LSE,WI,AGL,CE,Federal Contract Tower,0,6,1,0,7,0,0,0,0,0,0,6,1,0,7,0,0,0,7
01/29/2019,LSE,WI,AGL,CE,Federal Contract Tower,2,6,6,0,14,0,0,0,0,0,2,6,6,0,14,2,0,2,16
01/30/2019,LSE,WI,AGL,CE,Federal Contract Tower,0,5,2,0,7,0,0,0,0,0,0,5,2,0,7,0,0,0,7
01/31/2019,LSE,WI,AGL,CE,Federal Contract Tower,0,7,8,0,15,0,0,3,0,3,0,7,11,0,18,0,0,0,18
02/01/2019,LSE,WI,AGL,CE,Federal Contract Tower,0,12,4,2,18,0,0,2,0,2,0,12,6,2,20,0,0,0,20
02/02/2019,LSE,WI,AGL,CE,Federal Contract Tower,2,9,2,0,13,0,0,0,0,0,2,9,2,0,13,0,0,0,13
02/03/2019,LSE,WI,AGL,CE,Federal Contract Tower,1,4,2,0,7,0,0,0,0,0,1,4,2,0,7,0,0,0,7
02/04/2019,LSE,WI,AGL,CE,Federal Contract Tower,3,5,7,0,15,0,0,0,0,0,3,5,7,0,15,0,0,0,15
02/05/2019,LSE,WI,AGL,CE,Federal Contract Tower,0,7,2,1,10,0,2,9,0,11,0,9,11,1,21,0,0,0,21
02/06/2019,LSE,WI,AGL,CE,Federal Contract Tower,0,10,9,0,19,0,0,2,0,2,0,10,11,0,21,0,0,0,21
02/07/2019,LSE,WI,AGL,CE,Federal Contract Tower,0,4,6,0,10,0,0,0,0,0,0,4,6,0,10,0,0,0,10
02/08/2019,LSE,WI,AGL,CE,Federal Contract Tower,2,7,7,0,16,0,0,13,0,13,2,7,20,0,29,0,0,0,29
02/09/2019,LSE,WI,AGL,CE,Federal Contract Tower,0,11,1,0,12,0,0,13,0,13,0,11,14,0,25,0,0,0,25
02/10/2019,LSE,WI,AGL,CE,Federal Contract Tower,0,10,5,0,15,0,0,0,0,0,0,10,5,0,15,0,0,0,15
02/11/2019,LSE,WI,AGL,CE,Federal Contract Tower,0,11,8,0,19,0,0,0,0,0,0,11,8,0,19,0,0,0,19
02/12/2019,LSE,WI,AGL,CE,Federal Contract Tower,0,8,1,0,9,0,0,0,0,0,0,8,1,0,9,0,0,0,9
02/13/2019,LSE,WI,AGL,CE,Federal Contract Tower,0,14,10,0,24,0,0,33,0,33,0,14,43,0,57,36,0,36,93
02/14/2019,LSE,WI,AGL,CE,Federal Contract Tower,4,10,6,0,20,0,0,0,0,0,4,10,6,0,20,0,0,0,20
02/15/2019,LSE,WI,AGL,CE,Federal Contract Tower,2,7,1,0,10,0,2,20,0,22,2,9,21,0,32,8,0,8,40
02/16/2019,LSE,WI,AGL,CE,Federal Contract Tower,2,8,7,0,17,0,0,10,0,10,2,8,17,0,27,8,0,8,35
02/17/2019,LSE,WI,AGL,CE,Federal Contract Tower,0,6,4,0,10,0,0,0,0,0,0,6,4,0,10,0,0,0,10
02/18/2019,LSE,WI,AGL,CE,Federal Contract Tower,2,8,5,0,15,0,1,21,0,22,2,9,26,0,37,20,0,20,57
02/19/2019,LSE,WI,AGL,CE,Federal Contract Tower,0,9,17,1,27,0,0,17,0,17,0,9,34,1,44,20,2,22,66
02/20/2019,LSE,WI,AGL,CE,Federal Contract Tower,2,4,0,0,6,0,0,0,0,0,2,4,0,0,6,0,0,0,6
02/21/2019,LSE,WI,AGL,CE,Federal Contract Tower,5,10,8,0,23,0,1,15,0,16,5,11,23,0,39,44,0,44,83
02/22/2019,LSE,WI,AGL,CE,Federal Contract Tower,3,12,10,0,25,0,2,20,0,22,3,14,30,0,47,18,0,18,65
02/23/2019,LSE,WI,AGL,CE,Federal Contract Tower,3,10,0,0,13,0,0,0,0,0,3,10,0,0,13,0,0,0,13
02/24/2019,LSE,WI,AGL,CE,Federal Contract Tower,0,1,0,0,1,0,0,0,0,0,0,1,0,0,1,0,0,0,1
02/25/2019,LSE,WI,AGL,CE,Federal Contract Tower,0,5,8,0,13,0,0,13,0,13,0,5,21,0,26,10,0,10,36
02/26/2019,LSE,WI,AGL,CE,Federal Contract Tower,0,14,7,0,21,0,2,2,0,4,0,16,9,0,25,2,0,2,27
02/27/2019,LSE,WI,AGL,CE,Federal Contract Tower,2,13,10,0,25,0,1,7,2,10,2,14,17,2,35,20,0,20,55
02/28/2019,LSE,WI,AGL,CE,Federal Contract Tower,2,12,6,0,20,0,0,17,0,17,2,12,23,0,37,8,0,8,45
03/01/2019,LSE,WI,AGL,CE,Federal Contract Tower,2,9,9,0,20,0,0,2,0,2,2,9,11,0,22,14,0,14,36
03/02/2019,LSE,WI,AGL,CE,Federal Contract Tower,0,13,5,0,18,0,0,8,0,8,0,13,13,0,26,8,0,8,34
03/03/2019,LSE,WI,AGL,CE,Federal Contract Tower,2,8,5,0,15,0,0,15,0,15,2,8,20,0,30,4,0,4,34
03/04/2019,LSE,WI,AGL,CE,Federal Contract Tower,2,9,0,0,11,0,0,3,0,3,2,9,3,0,14,2,0,2,16
03/05/2019,LSE,WI,AGL,CE,Federal Contract Tower,0,17,4,0,21,0,0,3,0,3,0,17,7,0,24,0,0,0,24
03/06/2019,LSE,WI,AGL,CE,Federal Contract Tower,0,12,9,0,21,0,0,8,2,10,0,12,17,2,31,8,0,8,39
03/07/2019,LSE,WI,AGL,CE,Federal Contract Tower,0,14,11,1,26,0,0,25,1,26,0,14,36,2,52,32,0,32,84
03/08/2019,LSE,WI,AGL,CE,Federal Contract Tower,0,20,7,0,27,0,0,15,0,15,0,20,22,0,42,18,0,18,60
03/09/2019,LSE,WI,AGL,CE,Federal Contract Tower,0,11,0,0,11,0,0,2,0,2,0,11,2,0,13,0,0,0,13
03/10/2019,LSE,WI,AGL,CE,Federal Contract Tower,2,10,4,0,16,0,0,0,0,0,2,10,4,0,16,2,0,2,18
03/11/2019,LSE,WI,AGL,CE,Federal Contract Tower,2,9,5,0,16,0,0,18,0,18,2,9,23,0,34,28,0,28,62
03/12/2019,LSE,WI,AGL,CE,Federal Contract Tower,0,10,6,0,16,0,1,3,0,4,0,11,9,0,20,14,0,14,34
03/13/2019,LSE,WI,AGL,CE,Federal Contract Tower,4,15,10,0,29,0,0,0,0,0,4,15,10,0,29,0,0,0,29
03/14/2019,LSE,WI,AGL,CE,Federal Contract Tower,0,20,4,0,24,0,0,0,0,0,0,20,4,0,24,0,0,0,24
03/15/2019,LSE,WI,AGL,CE,Federal Contract Tower,2,14,7,0,23,0,2,9,0,11,2,16,16,0,34,4,0,4,38
03/16/2019,LSE,WI,AGL,CE,Federal Contract Tower,0,15,5,0,20,0,2,46,0,48,0,17,51,0,68,60,0,60,128
03/17/2019,LSE,WI,AGL,CE,Federal Contract Tower,2,9,9,0,20,0,0,12,0,12,2,9,21,0,32,24,0,24,56
03/18/2019,LSE,WI,AGL,CE,Federal Contract Tower,0,13,8,0,21,0,0,13,0,13,0,13,21,0,34,12,0,12,46
03/19/2019,LSE,WI,AGL,CE,Federal Contract Tower,0,10,4,0,14,0,0,30,0,30,0,10,34,0,44,16,0,16,60
03/20/2019,LSE,WI,AGL,CE,Federal Contract Tower,0,12,3,2,17,0,0,15,0,15,0,12,18,2,32,14,0,14,46
03/21/2019,LSE,WI,AGL,CE,Federal Contract Tower,0,14,10,0,24,0,0,25,4,29,0,14,35,4,53,40,0,40,93
03/22/2019,LSE,WI,AGL,CE,Federal Contract Tower,2,12,8,2,24,0,0,29,4,33,2,12,37,6,57,28,0,28,85
03/23/2019,LSE,WI,AGL,CE,Federal Contract Tower,0,15,7,0,22,0,2,51,0,53,0,17,58,0,75,36,0,36,111
03/24/2019,LSE,WI,AGL,CE,Federal Contract Tower,2,10,6,0,18,0,0,17,0,17,2,10,23,0,35,32,0,32,67
03/25/2019,LSE,WI,AGL,CE,Federal Contract Tower,2,9,10,0,21,0,1,24,0,25,2,10,34,0,46,64,0,64,110
03/26/2019,LSE,WI,AGL,CE,Federal Contract Tower,0,12,9,0,21,0,0,28,0,28,0,12,37,0,49,26,0,26,75
03/27/2019,LSE,WI,AGL,CE,Federal Contract Tower,2,12,12,1,27,0,1,1,0,2,2,13,13,1,29,0,0,0,29
03/28/2019,LSE,WI,AGL,CE,Federal Contract Tower,2,15,8,1,26,0,0,31,1,32,2,15,39,2,58,58,0,58,116
03/29/2019,LSE,WI,AGL,CE,Federal Contract Tower,2,9,6,3,20,0,0,41,0,41,2,9,47,3,61,46,0,46,107
03/30/2019,LSE,WI,AGL,CE,Federal Contract Tower,0,12,2,0,14,0,0,3,0,3,0,12,5,0,17,0,0,0,17
03/31/2019,LSE,WI,AGL,CE,Federal Contract Tower,0,12,10,0,22,0,1,28,0,29,0,13,38,0,51,24,0,24,75
04/01/2019,LSE,WI,AGL,CE,Federal Contract Tower,0,12,2,0,14,0,0,13,0,13,0,12,15,0,27,58,0,58,85
04/02/2019,LSE,WI,AGL,CE,Federal Contract Tower,1,15,6,0,22,0,0,11,0,11,1,15,17,0,33,30,0,30,63
04/03/2019,LSE,WI,AGL,CE,Federal Contract Tower,2,13,7,0,22,0,0,19,0,19,2,13,26,0,41,30,0,30,71
04/04/2019,LSE,WI,AGL,CE,Federal Contract Tower,0,14,15,2,31,0,0,3,0,3,0,14,18,2,34,0,0,0,34
04/05/2019,LSE,WI,AGL,CE,Federal Contract Tower,3,13,9,0,25,0,0,2,0,2,3,13,11,0,27,4,0,4,31
04/06/2019,LSE,WI,AGL,CE,Federal Contract Tower,2,12,6,0,20,0,0,3,0,3,2,12,9,0,23,6,0,6,29
04/07/2019,LSE,WI,AGL,CE,Federal Contract Tower,2,10,3,0,15,0,0,8,0,8,2,10,11,0,23,0,0,0,23
04/08/2019,LSE,WI,AGL,CE,Federal Contract Tower,4,8,2,0,14,0,0,35,0,35,4,8,37,0,49,24,0,24,73
04/09/2019,LSE,WI,AGL,CE,Federal Contract Tower,0,17,12,0,29,0,1,11,0,12,0,18,23,0,41,0,0,0,41
04/10/2019,LSE,WI,AGL,CE,Federal Contract Tower,0,13,10,0,23,0,0,0,0,0,0,13,10,0,23,0,0,0,23
04/11/2019,LSE,WI,AGL,CE,Federal Contract Tower,0,12,0,0,12,0,0,0,0,0,0,12,0,0,12,0,0,0,12
04/12/2019,LSE,WI,AGL,CE,Federal Contract Tower,2,15,4,0,21,0,0,3,0,3,2,15,7,0,24,0,0,0,24
04/13/2019,LSE,WI,AGL,CE,Federal Contract Tower,4,13,1,0,18,0,0,7,0,7,4,13,8,0,25,6,0,6,31
04/14/2019,LSE,WI,AGL,CE,Federal Contract Tower,0,10,3,1,14,0,0,14,0,14,0,10,17,1,28,0,0,0,28
04/15/2019,LSE,WI,AGL,CE,Federal Contract Tower,0,11,10,1,22,0,0,33,0,33,0,11,43,1,55,60,0,60,115
04/16/2019,LSE,WI,AGL,CE,Federal Contract Tower,0,15,10,0,25,0,0,30,1,31,0,15,40,1,56,50,0,50,106
04/17/2019,LSE,WI,AGL,CE,Federal Contract Tower,0,14,7,0,21,0,0,2,0,2,0,14,9,0,23,0,0,0,23
04/18/2019,LSE,WI,AGL,CE,Federal Contract Tower,0,12,17,0,29,0,0,5,2,7,0,12,22,2,36,14,0,14,50
04/19/2019,LSE,WI,AGL,CE,Federal Contract Tower,0,14,5,0,19,0,0,44,0,44,0,14,49,0,63,34,0,34,97
04/20/2019,LSE,WI,AGL,CE,Federal Contract Tower,0,16,8,0,24,0,0,26,2,28,0,16,34,2,52,12,0,12,64
04/21/2019,LSE,WI,AGL,CE,Federal Contract Tower,0,8,5,0,13,0,0,8,2,10,0,8,13,2,23,0,0,0,23
04/22/2019,LSE,WI,AGL,CE,Federal Contract Tower,2,15,6,0,23,0,0,8,0,8,2,15,14,0,31,0,0,0,31
04/23/2019,LSE,WI,AGL,CE,Federal Contract Tower,0,12,12,0,24,0,0,33,0,33,0,12,45,0,57,40,0,40,97
04/24/2019,LSE,WI,AGL,CE,Federal Contract Tower,0,12,11,2,25,0,0,40,0,40,0,12,51,2,65,20,0,20,85
04/25/2019,LSE,WI,AGL,CE,Federal Contract Tower,0,14,5,0,19,0,0,12,0,12,0,14,17,0,31,0,0,0,31
04/26/2019,LSE,WI,AGL,CE,Federal Contract Tower,4,15,8,0,27,0,0,17,0,17,4,15,25,0,44,0,0,0,44
04/27/2019,LSE,WI,AGL,CE,Federal Contract Tower,0,11,1,0,12,0,0,0,0,0,0,11,1,0,12,0,0,0,12
04/28/2019,LSE,WI,AGL,CE,Federal Contract Tower,0,12,10,0,22,0,0,31,0,31,0,12,41,0,53,2,0,2,55
04/29/2019,LSE,WI,AGL,CE,Federal Contract Tower,0,26,4,0,30,0,0,7,0,7,0,26,11,0,37,0,0,0,37
04/30/2019,LSE,WI,AGL,CE,Federal Contract Tower,0,12,12,0,24,0,0,1,0,1,0,12,13,0,25,0,0,0,25
05/01/2019,LSE,WI,AGL,CE,Federal Contract Tower,0,15,4,1,20,0,0,1,0,1,0,15,5,1,21,0,0,0,21
05/02/2019,LSE,WI,AGL,CE,Federal Contract Tower,6,12,10,0,28,0,0,21,2,23,6,12,31,2,51,4,0,4,55
05/03/2019,LSE,WI,AGL,CE,Federal Contract Tower,2,17,4,0,23,0,3,72,1,76,2,20,76,1,99,14,0,14,113
05/04/2019,LSE,WI,AGL,CE,Federal Contract Tower,2,8,2,0,12,0,2,46,0,48,2,10,48,0,60,8,0,8,68
05/05/2019,LSE,WI,AGL,CE,Federal Contract Tower,4,11,3,0,18,0,0,17,0,17,4,11,20,0,35,8,0,8,43
05/06/2019,LSE,WI,AGL,CE,Federal Contract Tower,0,12,4,0,16,0,0,9,0,9,0,12,13,0,25,22,0,22,47
05/07/2019,LSE,WI,AGL,CE,Federal Contract Tower,0,16,12,0,28,0,1,38,0,39,0,17,50,0,67,12,0,12,79
05/08/2019,LSE,WI,AGL,CE,Federal Contract Tower,1,18,13,0,32,0,0,0,0,0,1,18,13,0,32,0,0,0,32
05/09/2019,LSE,WI,AGL,CE,Federal Contract Tower,2,13,7,0,22,0,0,0,0,0,2,13,7,0,22,0,0,0,22
05/10/2019,LSE,WI,AGL,CE,Federal Contract Tower,2,16,8,0,26,0,4,34,0,38,2,20,42,0,64,8,0,8,72
05/11/2019,LSE,WI,AGL,CE,Federal Contract Tower,2,10,9,0,21,0,2,53,0,55,2,12,62,0,76,20,0,20,96
05/12/2019,LSE,WI,AGL,CE,Federal Contract Tower,2,10,2,0,14,0,0,17,0,17,2,10,19,0,31,8,0,8,39
05/13/2019,LSE,WI,AGL,CE,Federal Contract Tower,4,13,6,0,23,0,0,32,0,32,4,13,38,0,55,20,0,20,75
05/14/2019,LSE,WI,AGL,CE,Federal Contract Tower,2,11,8,0,21,0,0,26,0,26,2,11,34,0,47,0,0,0,47
05/15/2019,LSE,WI,AGL,CE,Federal Contract Tower,2,11,5,0,18,0,3,24,2,29,2,14,29,2,47,34,0,34,81
05/16/2019,LSE,WI,AGL,CE,Federal Contract Tower,2,14,11,0,27,0,0,19,0,19,2,14,30,0,46,24,0,24,70
05/17/2019,LSE,WI,AGL,CE,Federal Contract Tower,2,14,7,0,23,0,0,31,0,31,2,14,38,0,54,4,0,4,58
05/18/2019,LSE,WI,AGL,CE,Federal Contract Tower,2,11,0,0,13,0,0,0,0,0,2,11,0,0,13,0,0,0,13
05/19/2019,LSE,WI,AGL,CE,Federal Contract Tower,0,18,5,0,23,0,0,1,0,1,0,18,6,0,24,0,0,0,24
05/20/2019,LSE,WI,AGL,CE,Federal Contract Tower,1,16,2,2,21,0,0,37,0,37,1,16,39,2,58,34,0,34,92
05/21/2019,LSE,WI,AGL,CE,Federal Contract Tower,2,14,11,1,28,0,0,10,1,11,2,14,21,2,39,0,0,0,39
05/22/2019,LSE,WI,AGL,CE,Federal Contract Tower,2,13,9,0,24,0,0,2,0,2,2,13,11,0,26,2,0,2,28
05/23/2019,LSE,WI,AGL,CE,Federal Contract Tower,2,12,19,1,34,0,1,11,0,12,2,13,30,1,46,0,0,0,46
05/24/2019,LSE,WI,AGL,CE,Federal Contract Tower,2,11,6,0,19,0,0,0,0,0,2,11,6,0,19,0,0,0,19
05/25/2019,LSE,WI,AGL,CE,Federal Contract Tower,2,10,4,0,16,0,5,31,0,36,2,15,35,0,52,6,0,6,58
05/26/2019,LSE,WI,AGL,CE,Federal Contract Tower,2,9,8,0,19,0,0,46,0,46,2,9,54,0,65,4,0,4,69
05/27/2019,LSE,WI,AGL,CE,Federal Contract Tower,2,7,2,0,11,0,0,1,0,1,2,7,3,0,12,0,0,0,12
05/28/2019,LSE,WI,AGL,CE,Federal Contract Tower,2,13,6,0,21,0,0,2,0,2,2,13,8,0,23,0,0,0,23
05/29/2019,LSE,WI,AGL,CE,Federal Contract Tower,0,15,8,0,23,0,0,73,2,75,0,15,81,2,98,14,0,14,112
05/30/2019,LSE,WI,AGL,CE,Federal Contract Tower,2,17,6,1,26,0,1,29,0,30,2,18,35,1,56,18,0,18,74
05/31/2019,LSE,WI,AGL,CE,Federal Contract Tower,0,16,7,0,23,0,0,52,0,52,0,16,59,0,75,20,0,20,95
06/01/2019,LSE,WI,AGL,CE,Federal Contract Tower,2,8,8,0,18,0,0,16,2,18,2,8,24,2,36,10,6,16,52
06/02/2019,LSE,WI,AGL,CE,Federal Contract Tower,2,10,11,0,23,0,2,38,0,40,2,12,49,0,63,26,0,26,89
06/03/2019,LSE,WI,AGL,CE,Federal Contract Tower,4,12,5,0,21,0,0,28,0,28,4,12,33,0,49,12,0,12,61
06/04/2019,LSE,WI,AGL,CE,Federal Contract Tower,4,12,7,0,23,0,0,0,0,0,4,12,7,0,23,0,0,0,23
06/05/2019,LSE,WI,AGL,CE,Federal Contract Tower,2,17,8,2,29,0,3,19,3,25,2,20,27,5,54,2,0,2,56
06/06/2019,LSE,WI,AGL,CE,Federal Contract Tower,3,16,5,2,26,0,4,36,3,43,3,20,41,5,69,28,18,46,115
06/07/2019,LSE,WI,AGL,CE,Federal Contract Tower,4,12,13,0,29,0,0,52,2,54,4,12,65,2,83,2,0,2,85
06/08/2019,LSE,WI,AGL,CE,Federal Contract Tower,3,10,6,2,21,0,0,62,3,65,3,10,68,5,86,10,12,22,108
06/09/2019,LSE,WI,AGL,CE,Federal Contract Tower,6,15,6,0,27,0,0,27,2,29,6,15,33,2,56,0,10,10,66
06/10/2019,LSE,WI,AGL,CE,Federal Contract Tower,6,9,6,0,21,0,2,35,14,51,6,11,41,14,72,10,16,26,98
06/11/2019,LSE,WI,AGL,CE,Federal Contract Tower,8,7,14,0,29,0,2,25,8,35,8,9,39,8,64,12,2,14,78
06/12/2019,LSE,WI,AGL,CE,Federal Contract Tower,2,7,7,3,19,0,0,5,20,25,2,7,12,23,44,0,38,38,82
06/13/2019,LSE,WI,AGL,CE,Federal Contract Tower,6,9,14,0,29,0,2,34,2,38,6,11,48,2,67,44,12,56,123
06/14/2019,LSE,WI,AGL,CE,Federal Contract Tower,6,8,5,0,19,0,0,10,0,10,6,8,15,0,29,8,8,16,45
06/15/2019,LSE,WI,AGL,CE,Federal Contract Tower,2,8,1,0,11,0,2,11,0,13,2,10,12,0,24,12,4,16,40
06/16/2019,LSE,WI,AGL,CE,Federal Contract Tower,6,9,5,2,22,0,0,11,1,12,6,9,16,3,34,12,6,18,52
06/17/2019,LSE,WI,AGL,CE,Federal Contract Tower,6,9,9,1,25,0,0,17,0,17,6,9,26,1,42,26,0,26,68
06/18/2019,LSE,WI,AGL,CE,Federal Contract Tower,6,14,11,0,31,0,0,17,0,17,6,14,28,0,48,10,0,10,58
06/19/2019,LSE,WI,AGL,CE,Federal Contract Tower,7,16,21,2,46,0,0,39,7,46,7,16,60,9,92,24,26,50,142
06/20/2019,LSE,WI,AGL,CE,Federal Contract Tower,6,9,22,0,37,0,0,23,1,24,6,9,45,1,61,0,0,0,61
06/21/2019,LSE,WI,AGL,CE,Federal Contract Tower,7,12,5,0,24,0,0,16,0,16,7,12,21,0,40,20,0,20,60
06/22/2019,LSE,WI,AGL,CE,Federal Contract Tower,2,9,2,0,13,0,0,14,0,14,2,9,16,0,27,0,0,0,27
06/23/2019,LSE,WI,AGL,CE,Federal Contract Tower,5,9,6,0,20,0,0,1,0,1,5,9,7,0,21,0,0,0,21
06/24/2019,LSE,WI,AGL,CE,Federal Contract Tower,6,9,5,0,20,0,0,13,0,13,6,9,18,0,33,28,0,28,61
06/25/2019,LSE,WI,AGL,CE,Federal Contract Tower,8,9,5,0,22,0,0,41,5,46,8,9,46,5,68,0,20,20,88
06/26/2019,LSE,WI,AGL,CE,Federal Contract Tower,6,9,15,0,30,0,0,34,4,38,6,9,49,4,68,42,22,64,132
06/27/2019,LSE,WI,AGL,CE,Federal Contract Tower,4,9,14,0,27,0,1,16,1,18,4,10,30,1,45,28,0,28,73
06/28/2019,LSE,WI,AGL,CE,Federal Contract Tower,5,9,11,0,25,0,2,28,0,30,5,11,39,0,55,12,0,12,67
06/29/2019,LSE,WI,AGL,CE,Federal Contract Tower,2,8,6,0,16,0,0,33,2,35,2,8,39,2,51,46,0,46,97
06/30/2019,LSE,WI,AGL,CE,Federal Contract Tower,4,6,2,2,14,0,0,7,0,7,4,6,9,2,21,0,0,0,21
07/01/2019,LSE,WI,AGL,CE,Federal Contract Tower,6,5,7,0,18,0,0,9,0,9,6,5,16,0,27,4,0,4,31
07/02/2019,LSE,WI,AGL,CE,Federal Contract Tower,5,11,14,0,30,0,0,11,0,11,5,11,25,0,41,20,0,20,61
07/03/2019,LSE,WI,AGL,CE,Federal Contract Tower,6,7,13,0,26,0,0,22,0,22,6,7,35,0,48,36,0,36,84
07/04/2019,LSE,WI,AGL,CE,Federal Contract Tower,5,8,4,0,17,0,0,15,0,15,5,8,19,0,32,0,0,0,32
07/05/2019,LSE,WI,AGL,CE,Federal Contract Tower,5,7,8,0,20,0,0,30,0,30,5,7,38,0,50,4,0,4,54
07/06/2019,LSE,WI,AGL,CE,Federal Contract Tower,2,11,11,0,24,0,1,49,0,50,2,12,60,0,74,30,0,30,104
07/07/2019,LSE,WI,AGL,CE,Federal Contract Tower,4,9,6,0,19,0,0,43,0,43,4,9,49,0,62,28,0,28,90
07/08/2019,LSE,WI,AGL,CE,Federal Contract Tower,5,10,10,1,26,0,0,38,1,39,5,10,48,2,65,30,0,30,95
07/09/2019,LSE,WI,AGL,CE,Federal Contract Tower,5,11,6,0,22,0,0,18,0,18,5,11,24,0,40,12,0,12,52
07/10/2019,LSE,WI,AGL,CE,Federal Contract Tower,5,11,6,2,24,0,0,73,2,75,5,11,79,4,99,16,20,36,135
07/11/2019,LSE,WI,AGL,CE,Federal Contract Tower,7,11,11,0,29,0,4,38,0,42,7,15,49,0,71,34,0,34,105
07/12/2019,LSE,WI,AGL,CE,Federal Contract Tower,7,13,9,0,29,0,0,35,0,35,7,13,44,0,64,14,0,14,78
07/13/2019,LSE,WI,AGL,CE,Federal Contract Tower,7,10,1,0,18,0,0,77,0,77,7,10,78,0,95,42,0,42,137
07/14/2019,LSE,WI,AGL,CE,Federal Contract Tower,4,9,7,0,20,0,0,45,0,45,4,9,52,0,65,26,0,26,91
07/15/2019,LSE,WI,AGL,CE,Federal Contract Tower,8,7,10,1,26,0,0,31,0,31,8,7,41,1,57,40,0,40,97
07/16/2019,LSE,WI,AGL,CE,Federal Contract Tower,5,10,11,1,27,0,0,17,0,17,5,10,28,1,44,14,0,14,58
07/17/2019,LSE,WI,AGL,CE,Federal Contract Tower,5,13,6,0,24,0,15,0,0,15,5,28,6,0,39,26,0,26,65
07/18/2019,LSE,WI,AGL,CE,Federal Contract Tower,5,11,11,1,28,0,0,17,2,19,5,11,28,3,47,10,8,18,65
07/19/2019,LSE,WI,AGL,CE,Federal Contract Tower,6,12,6,0,24,0,0,40,0,40,6,12,46,0,64,34,0,34,98
07/20/2019,LSE,WI,AGL,CE,Federal Contract Tower,5,13,7,0,25,0,0,11,0,11,5,13,18,0,36,0,0,0,36
07/21/2019,LSE,WI,AGL,CE,Federal Contract Tower,2,9,14,0,25,0,0,41,0,41,2,9,55,0,66,46,0,46,112
07/22/2019,LSE,WI,AGL,CE,Federal Contract Tower,4,9,6,0,19,0,0,38,0,38,4,9,44,0,57,0,0,0,57
07/23/2019,LSE,WI,AGL,CE,Federal Contract Tower,4,15,12,0,31,0,0,43,0,43,4,15,55,0,74,6,0,6,80
07/24/2019,LSE,WI,AGL,CE,Federal Contract Tower,7,10,11,0,28,0,0,46,0,46,7,10,57,0,74,22,0,22,96
07/25/2019,LSE,WI,AGL,CE,Federal Contract Tower,6,8,10,0,24,0,0,58,0,58,6,8,68,0,82,10,0,10,92
07/26/2019,LSE,WI,AGL,CE,Federal Contract Tower,5,12,16,3,36,0,0,90,0,90,5,12,106,3,126,2,0,2,128
07/27/2019,LSE,WI,AGL,CE,Federal Contract Tower,3,13,6,0,22,0,0,51,0,51,3,13,57,0,73,8,0,8,81
07/28/2019,LSE,WI,AGL,CE,Federal Contract Tower,4,8,7,0,19,0,0,37,0,37,4,8,44,0,56,8,0,8,64
07/29/2019,LSE,WI,AGL,CE,Federal Contract Tower,4,11,12,0,27,0,0,41,0,41,4,11,53,0,68,10,0,10,78
07/30/2019,LSE,WI,AGL,CE,Federal Contract Tower,6,14,8,0,28,0,0,57,2,59,6,14,65,2,87,16,20,36,123
07/31/2019,LSE,WI,AGL,CE,Federal Contract Tower,8,11,11,0,30,0,2,43,6,51,8,13,54,6,81,26,70,96,177
08/01/2019,LSE,WI,AGL,CE,Federal Contract Tower,5,11,12,0,28,0,0,40,3,43,5,11,52,3,71,44,0,44,115
08/02/2019,LSE,WI,AGL,CE,Federal Contract Tower,9,12,8,0,29,0,0,52,5,57,9,12,60,5,86,4,0,4,90
08/03/2019,LSE,WI,AGL,CE,Federal Contract Tower,3,12,7,0,22,0,0,36,0,36,3,12,43,0,58,14,0,14,72
08/04/2019,LSE,WI,AGL,CE,Federal Contract Tower,6,8,4,0,18,0,0,24,0,24,6,8,28,0,42,12,0,12,54
08/05/2019,LSE,WI,AGL,CE,Federal Contract Tower,9,8,13,0,30,0,0,16,0,16,9,8,29,0,46,8,0,8,54
08/06/2019,LSE,WI,AGL,CE,Federal Contract Tower,7,11,10,0,28,0,2,30,0,32,7,13,40,0,60,16,0,16,76
08/07/2019,LSE,WI,AGL,CE,Federal Contract Tower,5,14,9,1,29,0,0,29,1,30,5,14,38,2,59,26,0,26,85
08/08/2019,LSE,WI,AGL,CE,Federal Contract Tower,9,12,13,0,34,0,0,42,2,44,9,12,55,2,78,48,0,48,126
08/09/2019,LSE,WI,AGL,CE,Federal Contract Tower,8,16,2,0,26,0,0,46,0,46,8,16,48,0,72,24,0,24,96
08/10/2019,LSE,WI,AGL,CE,Federal Contract Tower,9,10,2,0,21,0,0,51,0,51,9,10,53,0,72,2,0,2,74
08/11/2019,LSE,WI,AGL,CE,Federal Contract Tower,5,12,12,2,31,0,0,3,1,4,5,12,15,3,35,0,0,0,35
08/12/2019,LSE,WI,AGL,CE,Federal Contract Tower,3,13,7,0,23,0,0,11,0,11,3,13,18,0,34,18,0,18,52
08/13/2019,LSE,WI,AGL,CE,Federal Contract Tower,5,11,11,0,27,0,0,2,0,2,5,11,13,0,29,0,0,0,29
08/14/2019,LSE,WI,AGL,CE,Federal Contract Tower,7,7,7,0,21,0,0,13,2,15,7,7,20,2,36,22,0,22,58
08/15/2019,LSE,WI,AGL,CE,Federal Contract Tower,5,10,11,10,36,0,1,37,1,39,5,11,48,11,75,18,0,18,93
08/16/2019,LSE,WI,AGL,CE,Federal Contract Tower,7,8,8,0,23,0,1,6,0,7,7,9,14,0,30,6,0,6,36
08/17/2019,LSE,WI,AGL,CE,Federal Contract Tower,3,10,0,0,13,0,0,41,0,41,3,10,41,0,54,18,0,18,72
08/18/2019,LSE,WI,AGL,CE,Federal Contract Tower,2,8,7,0,17,0,0,7,0,7,2,8,14,0,24,10,0,10,34
08/19/2019,LSE,WI,AGL,CE,Federal Contract Tower,5,13,11,1,30,0,3,58,2,63,5,16,69,3,93,50,12,62,155
08/20/2019,LSE,WI,AGL,CE,Federal Contract Tower,6,12,9,0,27,0,0,7,0,7,6,12,16,0,34,20,0,20,54
08/21/2019,LSE,WI,AGL,CE,Federal Contract Tower,6,12,3,1,22,0,0,36,2,38,6,12,39,3,60,36,0,36,96
08/22/2019,LSE,WI,AGL,CE,Federal Contract Tower,4,11,8,0,23,0,2,32,0,34,4,13,40,0,57,10,0,10,67
08/23/2019,LSE,WI,AGL,CE,Federal Contract Tower,5,11,6,0,22,0,0,45,0,45,5,11,51,0,67,10,0,10,77
08/24/2019,LSE,WI,AGL,CE,Federal Contract Tower,24,9,9,0,42,0,0,82,0,82,24,9,91,0,124,20,0,20,144
08/25/2019,LSE,WI,AGL,CE,Federal Contract Tower,2,10,13,0,25,0,2,28,0,30,2,12,41,0,55,0,0,0,55
08/26/2019,LSE,WI,AGL,CE,Federal Contract Tower,6,8,17,0,31,0,0,5,0,5,6,8,22,0,36,24,0,24,60
08/27/2019,LSE,WI,AGL,CE,Federal Contract Tower,4,19,8,0,31,0,0,13,0,13,4,19,21,0,44,0,0,0,44
08/28/2019,LSE,WI,AGL,CE,Federal Contract Tower,6,11,17,0,34,0,0,15,0,15,6,11,32,0,49,0,0,0,49
08/29/2019,LSE,WI,AGL,CE,Federal Contract Tower,4,10,4,0,18,0,0,15,0,15,4,10,19,0,33,18,0,18,51
08/30/2019,LSE,WI,AGL,CE,Federal Contract Tower,6,11,8,0,25,0,0,77,0,77,6,11,85,0,102,38,0,38,140
08/31/2019,LSE,WI,AGL,CE,Federal Contract Tower,4,12,1,0,17,0,4,21,0,25,4,16,22,0,42,46,0,46,88
09/01/2019,LSE,WI,AGL,CE,Federal Contract Tower,1,8,4,0,13,0,2,29,0,31,1,10,33,0,44,30,0,30,74
09/02/2019,LSE,WI,AGL,CE,Federal Contract Tower,3,8,7,0,18,0,0,34,0,34,3,8,41,0,52,50,0,50,102
09/03/2019,LSE,WI,AGL,CE,Federal Contract Tower,3,11,11,0,25,0,0,1,0,1,3,11,12,0,26,0,0,0,26
09/04/2019,LSE,WI,AGL,CE,Federal Contract Tower,2,11,4,2,19,0,0,31,1,32,2,11,35,3,51,30,0,30,81
09/05/2019,LSE,WI,AGL,CE,Federal Contract Tower,4,9,10,0,23,0,0,22,4,26,4,9,32,4,49,2,0,2,51
09/06/2019,LSE,WI,AGL,CE,Federal Contract Tower,2,9,7,0,18,0,0,13,1,14,2,9,20,1,32,0,0,0,32
09/07/2019,LSE,WI,AGL,CE,Federal Contract Tower,3,10,4,0,17,0,2,19,0,21,3,12,23,0,38,12,0,12,50
09/08/2019,LSE,WI,AGL,CE,Federal Contract Tower,2,7,5,0,14,0,0,4,0,4,2,7,9,0,18,4,0,4,22
09/09/2019,LSE,WI,AGL,CE,Federal Contract Tower,1,11,1,0,13,0,0,0,0,0,1,11,1,0,13,0,0,0,13
09/10/2019,LSE,WI,AGL,CE,Federal Contract Tower,2,14,1,0,17,0,0,29,0,29,2,14,30,0,46,26,0,26,72
09/11/2019,LSE,WI,AGL,CE,Federal Contract Tower,3,11,10,0,24,0,0,0,0,0,3,11,10,0,24,0,0,0,24
09/12/2019,LSE,WI,AGL,CE,Federal Contract Tower,2,8,12,1,23,0,0,0,0,0,2,8,12,1,23,0,0,0,23
09/13/2019,LSE,WI,AGL,CE,Federal Contract Tower,3,9,6,1,19,0,0,10,0,10,3,9,16,1,29,0,0,0,29
09/14/2019,LSE,WI,AGL,CE,Federal Contract Tower,3,10,8,0,21,0,85,0,0,85,3,95,8,0,106,12,0,12,118
09/15/2019,LSE,WI,AGL,CE,Federal Contract Tower,2,10,22,0,34,0,0,26,0,26,2,10,48,0,60,0,0,0,60
09/16/2019,LSE,WI,AGL,CE,Federal Contract Tower,4,8,8,7,27,0,0,24,3,27,4,8,32,10,54,0,6,6,60
09/17/2019,LSE,WI,AGL,CE,Federal Contract Tower,2,11,17,3,33,0,3,29,2,34,2,14,46,5,67,20,0,20,87
09/18/2019,LSE,WI,AGL,CE,Federal Contract Tower,2,12,7,0,21,0,0,12,2,14,2,12,19,2,35,32,0,32,67
09/19/2019,LSE,WI,AGL,CE,Federal Contract Tower,3,9,4,0,16,0,0,9,0,9,3,9,13,0,25,0,0,0,25
09/20/2019,LSE,WI,AGL,CE,Federal Contract Tower,4,11,15,0,30,0,0,16,0,16,4,11,31,0,46,32,0,32,78
09/21/2019,LSE,WI,AGL,CE,Federal Contract Tower,2,8,3,0,13,0,0,4,0,4,2,8,7,0,17,20,0,20,37
09/22/2019,LSE,WI,AGL,CE,Federal Contract Tower,3,12,6,0,21,0,0,8,0,8,3,12,14,0,29,8,0,8,37
09/23/2019,LSE,WI,AGL,CE,Federal Contract Tower,2,9,8,0,19,0,0,34,0,34,2,9,42,0,53,68,0,68,121
09/24/2019,LSE,WI,AGL,CE,Federal Contract Tower,2,13,13,0,28,0,0,28,0,28,2,13,41,0,56,64,0,64,120
09/25/2019,LSE,WI,AGL,CE,Federal Contract Tower,2,12,8,0,22,0,0,31,0,31,2,12,39,0,53,50,0,50,103
09/26/2019,LSE,WI,AGL,CE,Federal Contract Tower,2,12,17,0,31,0,3,46,0,49,2,15,63,0,80,22,0,22,102
09/27/2019,LSE,WI,AGL,CE,Federal Contract Tower,2,10,14,0,26,0,0,6,0,6,2,10,20,0,32,0,0,0,32
09/28/2019,LSE,WI,AGL,CE,Federal Contract Tower,3,9,2,0,14,0,0,32,0,32,3,9,34,0,46,2,0,2,48
09/29/2019,LSE,WI,AGL,CE,Federal Contract Tower,2,12,5,0,19,0,0,0,0,0,2,12,5,0,19,0,0,0,19
09/30/2019,LSE,WI,AGL,CE,Federal Contract Tower,3,7,11,0,21,0,3,16,0,19,3,10,27,0,40,26,0,26,66
10/01/2019,LSE,WI,AGL,CE,Federal Contract Tower,2,12,10,0,24,0,0,0,0,0,2,12,10,0,24,0,0,0,24
10/02/2019,LSE,WI,AGL,CE,Federal Contract Tower,2,11,10,0,23,0,0,2,0,2,2,11,12,0,25,20,0,20,45
10/03/2019,LSE,WI,AGL,CE,Federal Contract Tower,4,11,19,0,34,0,0,4,0,4,4,11,23,0,38,4,0,4,42
10/04/2019,LSE,WI,AGL,CE,Federal Contract Tower,2,9,16,0,27,0,0,32,0,32,2,9,48,0,59,50,0,50,109
10/05/2019,LSE,WI,AGL,CE,Federal Contract Tower,3,8,0,0,11,0,0,0,0,0,3,8,0,0,11,0,0,0,11
10/06/2019,LSE,WI,AGL,CE,Federal Contract Tower,2,8,8,0,18,0,2,15,0,17,2,10,23,0,35,0,0,0,35
10/07/2019,LSE,WI,AGL,CE,Federal Contract Tower,3,15,10,0,28,0,0,53,0,53,3,15,63,0,81,22,0,22,103
10/08/2019,LSE,WI,AGL,CE,Federal Contract Tower,4,13,13,0,30,0,0,42,0,42,4,13,55,0,72,38,0,38,110
10/09/2019,LSE,WI,AGL,CE,Federal Contract Tower,4,9,10,0,23,0,0,21,2,23,4,9,31,2,46,22,0,22,68
10/10/2019,LSE,WI,AGL,CE,Federal Contract Tower,2,13,9,0,24,0,2,13,0,15,2,15,22,0,39,16,0,16,55
10/11/2019,LSE,WI,AGL,CE,Federal Contract Tower,5,9,6,0,20,0,0,3,0,3,5,9,9,0,23,0,0,0,23
10/12/2019,LSE,WI,AGL,CE,Federal Contract Tower,3,8,0,0,11,0,0,0,0,0,3,8,0,0,11,0,0,0,11
10/13/2019,LSE,WI,AGL,CE,Federal Contract Tower,4,9,3,0,16,0,0,10,0,10,4,9,13,0,26,16,0,16,42
10/14/2019,LSE,WI,AGL,CE,Federal Contract Tower,2,10,12,0,24,0,0,35,0,35,2,10,47,0,59,38,0,38,97
10/15/2019,LSE,WI,AGL,CE,Federal Contract Tower,2,9,13,4,28,0,0,12,0,12,2,9,25,4,40,24,0,24,64
10/16/2019,LSE,WI,AGL,CE,Federal Contract Tower,2,11,9,0,22,0,0,15,0,15,2,11,24,0,37,22,0,22,59
10/17/2019,LSE,WI,AGL,CE,Federal Contract Tower,2,10,17,0,29,0,0,57,0,57,2,10,74,0,86,12,0,12,98
10/18/2019,LSE,WI,AGL,CE,Federal Contract Tower,2,11,5,0,18,0,0,10,0,10,2,11,15,0,28,0,0,0,28
10/19/2019,LSE,WI,AGL,CE,Federal Contract Tower,2,10,11,2,25,0,0,4,4,8,2,10,15,6,33,0,0,0,33
10/20/2019,LSE,WI,AGL,CE,Federal Contract Tower,3,7,11,0,21,0,0,19,0,19,3,7,30,0,40,0,0,0,40
10/21/2019,LSE,WI,AGL,CE,Federal Contract Tower,2,10,13,0,25,0,1,5,0,6,2,11,18,0,31,0,0,0,31
10/22/2019,LSE,WI,AGL,CE,Federal Contract Tower,4,9,10,0,23,0,0,0,0,0,4,9,10,0,23,0,0,0,23
10/23/2019,LSE,WI,AGL,CE,Federal Contract Tower,4,9,7,0,20,0,2,23,0,25,4,11,30,0,45,22,0,22,67
10/24/2019,LSE,WI,AGL,CE,Federal Contract Tower,2,10,10,5,27,0,2,30,0,32,2,12,40,5,59,18,0,18,77
10/25/2019,LSE,WI,AGL,CE,Federal Contract Tower,4,9,16,0,29,0,0,47,0,47,4,9,63,0,76,18,0,18,94
10/26/2019,LSE,WI,AGL,CE,Federal Contract Tower,3,8,6,0,17,0,3,44,0,47,3,11,50,0,64,18,0,18,82
10/27/2019,LSE,WI,AGL,CE,Federal Contract Tower,3,7,4,0,14,0,0,43,0,43,3,7,47,0,57,0,0,0,57
10/28/2019,LSE,WI,AGL,CE,Federal Contract Tower,2,10,5,0,17,0,0,23,2,25,2,10,28,2,42,8,0,8,50
10/29/2019,LSE,WI,AGL,CE,Federal Contract Tower,3,12,9,0,24,0,0,43,0,43,3,12,52,0,67,34,0,34,101
10/30/2019,LSE,WI,AGL,CE,Federal Contract Tower,2,11,9,0,22,0,0,8,0,8,2,11,17,0,30,0,0,0,30
10/31/2019,LSE,WI,AGL,CE,Federal Contract Tower,2,10,7,0,19,0,0,9,0,9,2,10,16,0,28,10,0,10,38
11/01/2019,LSE,WI,AGL,CE,Federal Contract Tower,3,10,4,0,17,0,3,5,0,8,3,13,9,0,25,0,0,0,25
11/02/2019,LSE,WI,AGL,CE,Federal Contract Tower,2,8,2,0,12,0,0,6,0,6,2,8,8,0,18,4,0,4,22
11/03/2019,LSE,WI,AGL,CE,Federal Contract Tower,3,7,10,0,20,0,0,42,0,42,3,7,52,0,62,8,0,8,70
11/04/2019,LSE,WI,AGL,CE,Federal Contract Tower,2,11,3,1,17,0,0,0,0,0,2,11,3,1,17,0,0,0,17
11/05/2019,LSE,WI,AGL,CE,Federal Contract Tower,2,9,8,0,19,0,1,13,2,16,2,10,21,2,35,10,0,10,45
11/06/2019,LSE,WI,AGL,CE,Federal Contract Tower,3,10,3,0,16,0,0,0,0,0,3,10,3,0,16,0,0,0,16
11/07/2019,LSE,WI,AGL,CE,Federal Contract Tower,2,10,12,1,25,0,0,24,1,25,2,10,36,2,50,18,0,18,68
11/08/2019,LSE,WI,AGL,CE,Federal Contract Tower,2,10,12,0,24,0,0,9,4,13,2,10,21,4,37,4,0,4,41
11/09/2019,LSE,WI,AGL,CE,Federal Contract Tower,4,7,10,0,21,0,2,19,1,22,4,9,29,1,43,16,0,16,59
11/10/2019,LSE,WI,AGL,CE,Federal Contract Tower,4,9,5,0,18,0,0,5,0,5,4,9,10,0,23,0,0,0,23
11/11/2019,LSE,WI,AGL,CE,Federal Contract Tower,1,10,9,0,20,0,2,5,0,7,1,12,14,0,27,6,0,6,33
11/12/2019,LSE,WI,AGL,CE,Federal Contract Tower,5,10,8,0,23,0,2,4,0,6,5,12,12,0,29,12,0,12,41
11/13/2019,LSE,WI,AGL,CE,Federal Contract Tower,6,8,5,0,19,0,0,2,0,2,6,8,7,0,21,0,0,0,21
11/14/2019,LSE,WI,AGL,CE,Federal Contract Tower,2,12,6,0,20,0,0,10,0,10,2,12,16,0,30,16,0,16,46
11/15/2019,LSE,WI,AGL,CE,Federal Contract Tower,4,10,6,0,20,0,2,28,0,30,4,12,34,0,50,30,0,30,80
11/16/2019,LSE,WI,AGL,CE,Federal Contract Tower,2,9,5,0,16,0,2,26,0,28,2,11,31,0,44,12,0,12,56
11/17/2019,LSE,WI,AGL,CE,Federal Contract Tower,2,8,3,0,13,0,0,0,0,0,2,8,3,0,13,0,0,0,13
11/18/2019,LSE,WI,AGL,CE,Federal Contract Tower,2,12,4,0,18,0,0,0,0,0,2,12,4,0,18,0,0,0,18
11/19/2019,LSE,WI,AGL,CE,Federal Contract Tower,2,14,7,0,23,0,0,0,0,0,2,14,7,0,23,0,0,0,23
11/20/2019,LSE,WI,AGL,CE,Federal Contract Tower,2,11,5,0,18,0,0,4,0,4,2,11,9,0,22,2,0,2,24
11/21/2019,LSE,WI,AGL,CE,Federal Contract Tower,2,9,9,0,20,0,0,0,0,0,2,9,9,0,20,0,0,0,20
11/22/2019,LSE,WI,AGL,CE,Federal Contract Tower,2,9,9,0,20,0,0,46,2,48,2,9,55,2,68,48,0,48,116
11/23/2019,LSE,WI,AGL,CE,Federal Contract Tower,2,6,8,0,16,0,0,24,0,24,2,6,32,0,40,3,0,3,43
11/24/2019,LSE,WI,AGL,CE,Federal Contract Tower,2,7,5,0,14,0,0,22,0,22,2,7,27,0,36,4,0,4,40
11/25/2019,LSE,WI,AGL,CE,Federal Contract Tower,2,11,11,0,24,0,0,26,2,28,2,11,37,2,52,12,0,12,64
11/26/2019,LSE,WI,AGL,CE,Federal Contract Tower,2,8,4,0,14,0,0,7,0,7,2,8,11,0,21,6,0,6,27
11/27/2019,LSE,WI,AGL,CE,Federal Contract Tower,2,10,1,0,13,0,0,0,0,0,2,10,1,0,13,0,0,0,13
11/28/2019,LSE,WI,AGL,CE,Federal Contract Tower,1,5,2,0,8,0,0,0,0,0,1,5,2,0,8,0,0,0,8
11/29/2019,LSE,WI,AGL,CE,Federal Contract Tower,2,6,2,0,10,0,0,0,0,0,2,6,2,0,10,0,0,0,10
11/30/2019,LSE,WI,AGL,CE,Federal Contract Tower,2,8,1,0,11,0,0,0,0,0,2,8,1,0,11,0,0,0,11
12/01/2019,LSE,WI,AGL,CE,Federal Contract Tower,4,8,5,0,17,0,0,0,0,0,4,8,5,0,17,0,0,0,17
12/02/2019,LSE,WI,AGL,CE,Federal Contract Tower,2,10,8,1,21,0,0,26,1,27,2,10,34,2,48,24,12,36,84
12/03/2019,LSE,WI,AGL,CE,Federal Contract Tower,2,10,12,0,24,0,0,24,3,27,2,10,36,3,51,34,4,38,89
12/04/2019,LSE,WI,AGL,CE,Federal Contract Tower,2,11,9,0,22,0,0,33,0,33,2,11,42,0,55,24,0,24,79
12/05/2019,LSE,WI,AGL,CE,Federal Contract Tower,2,11,14,0,27,0,4,19,0,23,2,15,33,0,50,28,0,28,78
12/06/2019,LSE,WI,AGL,CE,Federal Contract Tower,2,10,17,0,29,0,4,35,0,39,2,14,52,0,68,38,0,38,106
12/07/2019,LSE,WI,AGL,CE,Federal Contract Tower,2,7,3,0,12,0,0,20,0,20,2,7,23,0,32,4,0,4,36
12/08/2019,LSE,WI,AGL,CE,Federal Contract Tower,4,7,8,0,19,0,0,20,0,20,4,7,28,0,39,12,0,12,51
12/09/2019,LSE,WI,AGL,CE,Federal Contract Tower,2,12,3,0,17,0,0,0,0,0,2,12,3,0,17,0,0,0,17
12/10/2019,LSE,WI,AGL,CE,Federal Contract Tower,2,17,7,0,26,0,0,7,0,7,2,17,14,0,33,8,0,8,41
12/11/2019,LSE,WI,AGL,CE,Federal Contract Tower,4,12,4,0,20,0,0,14,0,14,4,12,18,0,34,0,0,0,34
12/12/2019,LSE,WI,AGL,CE,Federal Contract Tower,2,16,2,0,20,0,0,0,0,0,2,16,2,0,20,0,0,0,20
12/13/2019,LSE,WI,AGL,CE,Federal Contract Tower,2,13,2,0,17,0,0,0,0,0,2,13,2,0,17,0,0,0,17
12/14/2019,LSE,WI,AGL,CE,Federal Contract Tower,2,6,1,0,9,0,0,1,0,1,2,6,2,0,10,0,0,0,10
12/15/2019,LSE,WI,AGL,CE,Federal Contract Tower,1,14,13,0,28,0,0,31,0,31,1,14,44,0,59,12,0,12,71
12/16/2019,LSE,WI,AGL,CE,Federal Contract Tower,2,11,4,0,17,0,0,0,2,2,2,11,4,2,19,0,0,0,19
12/17/2019,LSE,WI,AGL,CE,Federal Contract Tower,2,8,2,0,12,0,0,3,0,3,2,8,5,0,15,0,0,0,15
12/18/2019,LSE,WI,AGL,CE,Federal Contract Tower,1,13,17,0,31,0,0,13,0,13,1,13,30,0,44,32,0,32,76
12/19/2019,LSE,WI,AGL,CE,Federal Contract Tower,0,18,4,3,25,0,0,20,1,21,0,18,24,4,46,6,0,6,52
12/20/2019,LSE,WI,AGL,CE,Federal Contract Tower,0,12,13,0,25,0,0,13,0,13,0,12,26,0,38,10,0,10,48
12/21/2019,LSE,WI,AGL,CE,Federal Contract Tower,0,13,8,0,21,0,0,22,0,22,0,13,30,0,43,0,0,0,43
12/22/2019,LSE,WI,AGL,CE,Federal Contract Tower,0,10,4,0,14,0,0,45,0,45,0,10,49,0,59,24,0,24,83
12/23/2019,LSE,WI,AGL,CE,Federal Contract Tower,0,16,6,0,22,0,15,6,1,22,0,31,12,1,44,10,0,10,54
12/24/2019,LSE,WI,AGL,CE,Federal Contract Tower,0,13,2,0,15,0,0,3,0,3,0,13,5,0,18,0,0,0,18
12/25/2019,LSE,WI,AGL,CE,Federal Contract Tower,0,9,0,0,9,0,0,1,0,1,0,9,1,0,10,0,0,0,10
12/26/2019,LSE,WI,AGL,CE,Federal Contract Tower,0,15,6,0,21,0,0,0,0,0,0,15,6,0,21,0,0,0,21
12/27/2019,LSE,WI,AGL,CE,Federal Contract Tower,0,16,0,0,16,0,2,15,0,17,0,18,15,0,33,0,0,0,33
12/28/2019,LSE,WI,AGL,CE,Federal Contract Tower,0,10,2,0,12,0,2,1,0,3,0,12,3,0,15,8,0,8,23
12/29/2019,LSE,WI,AGL,CE,Federal Contract Tower,0,12,5,0,17,0,0,7,0,7,0,12,12,0,24,0,0,0,24
12/30/2019,LSE,WI,AGL,CE,Federal Contract Tower,0,11,3,0,14,0,0,0,0,0,0,11,3,0,14,0,0,0,14
12/31/2019,LSE,WI,AGL,CE,Federal Contract Tower,0,11,2,0,13,0,1,15,2,18,0,12,17,2,31,8,0,8,39
01/01/2020,LSE,WI,AGL,CE,Federal Contract Tower,0,15,5,0,20,0,4,27,0,31,0,19,32,0,51,2,0,2,53
01/02/2020,LSE,WI,AGL,CE,Federal Contract Tower,3,10,1,0,14,0,3,2,0,5,3,13,3,0,19,6,0,6,25
01/03/2020,LSE,WI,AGL,CE,Federal Contract Tower,0,18,7,0,25,0,0,0,0,0,0,18,7,0,25,0,0,0,25
01/04/2020,LSE,WI,AGL,CE,Federal Contract Tower,0,16,3,0,19,0,0,9,0,9,0,16,12,0,28,10,0,10,38
01/05/2020,LSE,WI,AGL,CE,Federal Contract Tower,0,12,3,0,15,0,0,2,0,2,0,12,5,0,17,0,0,0,17
01/06/2020,LSE,WI,AGL,CE,Federal Contract Tower,0,17,4,0,21,0,0,23,0,23,0,17,27,0,44,30,0,30,74
01/07/2020,LSE,WI,AGL,CE,Federal Contract Tower,2,12,4,0,18,0,0,3,0,3,2,12,7,0,21,0,0,0,21
01/08/2020,LSE,WI,AGL,CE,Federal Contract Tower,0,12,6,0,18,0,2,26,0,28,0,14,32,0,46,24,0,24,70
01/09/2020,LSE,WI,AGL,CE,Federal Contract Tower,2,15,2,0,19,0,2,3,0,5,2,17,5,0,24,4,0,4,28
01/10/2020,LSE,WI,AGL,CE,Federal Contract Tower,0,14,9,0,23,0,0,7,0,7,0,14,16,0,30,20,0,20,50
01/11/2020,LSE,WI,AGL,CE,Federal Contract Tower,2,12,3,0,17,0,0,21,0,21,2,12,24,0,38,22,0,22,60
01/12/2020,LSE,WI,AGL,CE,Federal Contract Tower,2,16,5,0,23,0,0,3,0,3,2,16,8,0,26,0,0,0,26
01/13/2020,LSE,WI,AGL,CE,Federal Contract Tower,1,15,7,0,23,0,0,0,0,0,1,15,7,0,23,0,0,0,23
01/14/2020,LSE,WI,AGL,CE,Federal Contract Tower,0,13,3,0,16,0,2,0,0,2,0,15,3,0,18,0,0,0,18
01/15/2020,LSE,WI,AGL,CE,Federal Contract Tower,0,20,6,0,26,0,0,0,0,0,0,20,6,0,26,0,0,0,26
01/16/2020,LSE,WI,AGL,CE,Federal Contract Tower,0,12,11,0,23,0,0,18,0,18,0,12,29,0,41,16,0,16,57
01/17/2020,LSE,WI,AGL,CE,Federal Contract Tower,0,10,2,0,12,0,0,4,0,4,0,10,6,0,16,0,0,0,16
01/18/2020,LSE,WI,AGL,CE,Federal Contract Tower,0,10,0,0,10,0,0,0,0,0,0,10,0,0,10,0,0,0,10
01/19/2020,LSE,WI,AGL,CE,Federal Contract Tower,0,10,3,0,13,0,0,0,0,0,0,10,3,0,13,0,0,0,13
01/20/2020,LSE,WI,AGL,CE,Federal Contract Tower,0,11,2,0,13,0,0,15,0,15,0,11,17,0,28,28,0,28,56
01/21/2020,LSE,WI,AGL,CE,Federal Contract Tower,0,15,11,0,26,0,1,36,0,37,0,16,47,0,63,6,0,6,69
01/22/2020,LSE,WI,AGL,CE,Federal Contract Tower,0,13,3,0,16,0,0,1,0,1,0,13,4,0,17,0,0,0,17
01/23/2020,LSE,WI,AGL,CE,Federal Contract Tower,0,18,7,0,25,0,0,0,0,0,0,18,7,0,25,0,0,0,25
01/24/2020,LSE,WI,AGL,CE,Federal Contract Tower,2,10,2,0,14,0,0,0,0,0,2,10,2,0,14,0,0,0,14
01/25/2020,LSE,WI,AGL,CE,Federal Contract Tower,0,11,0,0,11,0,0,0,0,0,0,11,0,0,11,0,0,0,11
01/26/2020,LSE,WI,AGL,CE,Federal Contract Tower,2,10,4,0,16,0,0,1,0,1,2,10,5,0,17,0,0,0,17
01/27/2020,LSE,WI,AGL,CE,Federal Contract Tower,0,13,5,0,18,0,0,0,0,0,0,13,5,0,18,0,0,0,18
01/28/2020,LSE,WI,AGL,CE,Federal Contract Tower,0,11,5,0,16,0,0,0,0,0,0,11,5,0,16,0,0,0,16
01/29/2020,LSE,WI,AGL,CE,Federal Contract Tower,0,17,2,0,19,0,0,0,0,0,0,17,2,0,19,0,0,0,19
01/30/2020,LSE,WI,AGL,CE,Federal Contract Tower,0,12,2,2,16,0,0,2,0,2,0,12,4,2,18,10,0,10,28
01/31/2020,LSE,WI,AGL,CE,Federal Contract Tower,2,14,6,0,22,0,0,0,0,0,2,14,6,0,22,0,0,0,22
02/01/2020,LSE,WI,AGL,CE,Federal Contract Tower,0,10,2,0,12,0,0,19,0,19,0,10,21,0,31,8,0,8,39
02/02/2020,LSE,WI,AGL,CE,Federal Contract Tower,0,12,6,0,18,0,0,11,0,11,0,12,17,0,29,0,0,0,29
02/03/2020,LSE,WI,AGL,CE,Federal Contract Tower,1,14,13,0,28,0,0,34,0,34,1,14,47,0,62,42,0,42,104
02/04/2020,LSE,WI,AGL,CE,Federal Contract Tower,0,12,5,0,17,0,0,14,0,14,0,12,19,0,31,4,0,4,35
02/05/2020,LSE,WI,AGL,CE,Federal Contract Tower,3,13,6,0,22,0,4,14,4,22,3,17,20,4,44,22,4,26,70
02/06/2020,LSE,WI,AGL,CE,Federal Contract Tower,3,13,16,0,32,0,1,9,0,10,3,14,25,0,42,0,0,0,42
02/07/2020,LSE,WI,AGL,CE,Federal Contract Tower,2,15,7,0,24,0,2,17,0,19,2,17,24,0,43,40,0,40,83
02/08/2020,LSE,WI,AGL,CE,Federal Contract Tower,2,10,1,2,15,0,0,22,0,22,2,10,23,2,37,18,0,18,55
02/09/2020,LSE,WI,AGL,CE,Federal Contract Tower,2,7,4,0,13,0,0,0,0,0,2,7,4,0,13,0,0,0,13
02/10/2020,LSE,WI,AGL,CE,Federal Contract Tower,4,13,13,0,30,0,0,18,0,18,4,13,31,0,48,4,0,4,52
02/11/2020,LSE,WI,AGL,CE,Federal Contract Tower,1,12,7,0,20,0,0,12,0,12,1,12,19,0,32,12,0,12,44
02/12/2020,LSE,WI,AGL,CE,Federal Contract Tower,0,18,5,0,23,0,0,4,0,4,0,18,9,0,27,20,0,20,47
02/13/2020,LSE,WI,AGL,CE,Federal Contract Tower,0,16,5,0,21,0,0,7,0,7,0,16,12,0,28,0,0,0,28
02/14/2020,LSE,WI,AGL,CE,Federal Contract Tower,0,13,7,0,20,0,0,6,0,6,0,13,13,0,26,0,0,0,26
02/15/2020,LSE,WI,AGL,CE,Federal Contract Tower,0,15,3,0,18,0,0,3,2,5,0,15,6,2,23,2,0,2,25
02/16/2020,LSE,WI,AGL,CE,Federal Contract Tower,0,11,4,0,15,0,0,22,0,22,0,11,26,0,37,4,0,4,41
02/17/2020,LSE,WI,AGL,CE,Federal Contract Tower,0,13,1,2,16,0,0,5,0,5,0,13,6,2,21,12,0,12,33
02/18/2020,LSE,WI,AGL,CE,Federal Contract Tower,0,13,6,0,19,0,0,10,0,10,0,13,16,0,29,0,0,0,29
02/19/2020,LSE,WI,AGL,CE,Federal Contract Tower,2,13,10,0,25,0,0,17,0,17,2,13,27,0,42,16,0,16,58
02/20/2020,LSE,WI,AGL,CE,Federal Contract Tower,0,16,17,0,33,0,0,17,0,17,0,16,34,0,50,0,0,0,50
02/21/2020,LSE,WI,AGL,CE,Federal Contract Tower,0,17,4,0,21,0,20,4,0,24,0,37,8,0,45,18,0,18,63
02/22/2020,LSE,WI,AGL,CE,Federal Contract Tower,2,14,15,0,31,0,2,44,0,46,2,16,59,0,77,24,0,24,101
02/23/2020,LSE,WI,AGL,CE,Federal Contract Tower,0,12,6,1,19,0,0,47,1,48,0,12,53,2,67,4,0,4,71
02/24/2020,LSE,WI,AGL,CE,Federal Contract Tower,0,14,8,0,22,0,0,18,0,18,0,14,26,0,40,10,0,10,50
02/25/2020,LSE,WI,AGL,CE,Federal Contract Tower,0,16,8,0,24,0,2,28,2,32,0,18,36,2,56,32,8,40,96
02/26/2020,LSE,WI,AGL,CE,Federal Contract Tower,0,14,7,0,21,0,1,15,0,16,0,15,22,0,37,16,0,16,53
02/27/2020,LSE,WI,AGL,CE,Federal Contract Tower,0,13,8,0,21,0,2,17,0,19,0,15,25,0,40,12,0,12,52
02/28/2020,LSE,WI,AGL,CE,Federal Contract Tower,2,12,16,0,30,0,0,28,0,28,2,12,44,0,58,10,0,10,68
02/29/2020,LSE,WI,AGL,CE,Federal Contract Tower,0,13,5,0,18,0,2,40,0,42,0,15,45,0,60,28,0,28,88
03/01/2020,LSE,WI,AGL,CE,Federal Contract Tower,0,10,11,0,21,0,0,27,0,27,0,10,38,0,48,6,0,6,54
03/02/2020,LSE,WI,AGL,CE,Federal Contract Tower,0,14,12,0,26,0,0,7,2,9,0,14,19,2,35,0,0,0,35
03/03/2020,LSE,WI,AGL,CE,Federal Contract Tower,4,13,13,2,32,0,5,2,0,7,4,18,15,2,39,0,0,0,39
03/04/2020,LSE,WI,AGL,CE,Federal Contract Tower,0,16,15,0,31,0,0,10,0,10,0,16,25,0,41,32,0,32,73
03/05/2020,LSE,WI,AGL,CE,Federal Contract Tower,0,15,2,0,17,0,1,0,0,1,0,16,2,0,18,0,0,0,18
03/06/2020,LSE,WI,AGL,CE,Federal Contract Tower,2,12,3,0,17,0,11,18,0,29,2,23,21,0,46,36,0,36,82
03/07/2020,LSE,WI,AGL,CE,Federal Contract Tower,0,14,2,2,18,0,0,10,0,10,0,14,12,2,28,0,0,0,28
03/08/2020,LSE,WI,AGL,CE,Federal Contract Tower,0,16,3,0,19,0,0,8,0,8,0,16,11,0,27,4,0,4,31
03/09/2020,LSE,WI,AGL,CE,Federal Contract Tower,0,14,6,0,20,0,0,0,0,0,0,14,6,0,20,0,0,0,20
03/10/2020,LSE,WI,AGL,CE,Federal Contract Tower,0,14,9,0,23,0,2,34,0,36,0,16,43,0,59,42,0,42,101
03/11/2020,LSE,WI,AGL,CE,Federal Contract Tower,0,14,12,0,26,0,0,7,0,7,0,14,19,0,33,10,0,10,43
03/12/2020,LSE,WI,AGL,CE,Federal Contract Tower,0,15,4,0,19,0,0,0,0,0,0,15,4,0,19,0,0,0,19
03/13/2020,LSE,WI,AGL,CE,Federal Contract Tower,0,14,10,2,26,0,0,22,0,22,0,14,32,2,48,10,0,10,58
03/14/2020,LSE,WI,AGL,CE,Federal Contract Tower,0,11,2,0,13,0,2,13,0,15,0,13,15,0,28,0,0,0,28
03/15/2020,LSE,WI,AGL,CE,Federal Contract Tower,0,17,5,0,22,0,0,26,0,26,0,17,31,0,48,18,0,18,66
03/16/2020,LSE,WI,AGL,CE,Federal Contract Tower,0,16,2,0,18,0,0,0,0,0,0,16,2,0,18,0,0,0,18
03/17/2020,LSE,WI,AGL,CE,Federal Contract Tower,0,15,10,0,25,0,0,30,0,30,0,15,40,0,55,34,0,34,89
03/18/2020,LSE,WI,AGL,CE,Federal Contract Tower,0,15,5,0,20,0,0,0,0,0,0,15,5,0,20,0,0,0,20
03/19/2020,LSE,WI,AGL,CE,Federal Contract Tower,0,14,1,0,15,0,0,0,0,0,0,14,1,0,15,0,0,0,15
03/20/2020,LSE,WI,AGL,CE,Federal Contract Tower,0,16,5,0,21,0,0,0,0,0,0,16,5,0,21,0,0,0,21
03/21/2020,LSE,WI,AGL,CE,Federal Contract Tower,0,11,7,0,18,0,2,16,0,18,0,13,23,0,36,2,0,2,38
03/22/2020,LSE,WI,AGL,CE,Federal Contract Tower,0,10,4,0,14,0,0,4,0,4,0,10,8,0,18,0,0,0,18
03/23/2020,LSE,WI,AGL,CE,Federal Contract Tower,0,10,1,0,11,0,0,0,0,0,0,10,1,0,11,0,0,0,11
03/24/2020,LSE,WI,AGL,CE,Federal Contract Tower,0,8,1,0,9,0,0,2,0,2,0,8,3,0,11,0,0,0,11
03/25/2020,LSE,WI,AGL,CE,Federal Contract Tower,0,9,2,0,11,0,0,0,0,0,0,9,2,0,11,0,0,0,11
03/26/2020,LSE,WI,AGL,CE,Federal Contract Tower,0,8,0,0,8,0,0,0,0,0,0,8,0,0,8,0,0,0,8
03/27/2020,LSE,WI,AGL,CE,Federal Contract Tower,0,8,3,0,11,0,0,22,0,22,0,8,25,0,33,14,0,14,47
03/28/2020,LSE,WI,AGL,CE,Federal Contract Tower,0,8,4,0,12,0,0,0,0,0,0,8,4,0,12,0,0,0,12
03/29/2020,LSE,WI,AGL,CE,Federal Contract Tower,0,9,0,0,9,0,0,0,0,0,0,9,0,0,9,0,0,0,9
03/30/2020,LSE,WI,AGL,CE,Federal Contract Tower,0,11,2,0,13,0,0,22,0,22,0,11,24,0,35,8,0,8,43
03/31/2020,LSE,WI,AGL,CE,Federal Contract Tower,0,14,3,0,17,0,0,12,0,12,0,14,15,0,29,0,0,0,29
04/01/2020,LSE,WI,AGL,CE,Federal Contract Tower,0,8,0,0,8,0,0,6,0,6,0,8,6,0,14,0,0,0,14
04/02/2020,LSE,WI,AGL,CE,Federal Contract Tower,0,5,4,0,9,0,0,2,0,2,0,5,6,0,11,0,0,0,11
04/03/2020,LSE,WI,AGL,CE,Federal Contract Tower,0,6,2,0,8,0,0,0,0,0,0,6,2,0,8,0,0,0,8
04/04/2020,LSE,WI,AGL,CE,Federal Contract Tower,0,6,2,0,8,0,0,10,0,10,0,6,12,0,18,0,0,0,18
04/05/2020,LSE,WI,AGL,CE,Federal Contract Tower,0,3,5,0,8,0,0,46,0,46,0,3,51,0,54,6,0,6,60
04/06/2020,LSE,WI,AGL,CE,Federal Contract Tower,0,4,4,0,8,0,0,0,0,0,0,4,4,0,8,0,0,0,8
04/07/2020,LSE,WI,AGL,CE,Federal Contract Tower,0,6,5,0,11,0,0,1,0,1,0,6,6,0,12,0,0,0,12
04/08/2020,LSE,WI,AGL,CE,Federal Contract Tower,0,8,6,0,14,0,0,3,0,3,0,8,9,0,17,0,0,0,17
04/09/2020,LSE,WI,AGL,CE,Federal Contract Tower,0,9,0,0,9,0,0,0,0,0,0,9,0,0,9,0,0,0,9
04/10/2020,LSE,WI,AGL,CE,Federal Contract Tower,0,8,0,0,8,0,0,24,0,24,0,8,24,0,32,8,0,8,40
04/11/2020,LSE,WI,AGL,CE,Federal Contract Tower,0,7,2,0,9,0,2,22,0,24,0,9,24,0,33,0,0,0,33
04/12/2020,LSE,WI,AGL,CE,Federal Contract Tower,0,2,0,0,2,0,0,0,0,0,0,2,0,0,2,0,0,0,2
04/13/2020,LSE,WI,AGL,CE,Federal Contract Tower,0,7,2,0,9,0,1,2,0,3,0,8,4,0,12,0,0,0,12
04/14/2020,LSE,WI,AGL,CE,Federal Contract Tower,0,8,2,0,10,0,0,2,0,2,0,8,4,0,12,0,0,0,12
04/15/2020,LSE,WI,AGL,CE,Federal Contract Tower,0,8,1,0,9,0,2,11,0,13,0,10,12,0,22,8,0,8,30
04/16/2020,LSE,WI,AGL,CE,Federal Contract Tower,0,6,2,0,8,0,1,20,0,21,0,7,22,0,29,8,0,8,37
04/17/2020,LSE,WI,AGL,CE,Federal Contract Tower,0,7,0,0,7,0,0,14,0,14,0,7,14,0,21,12,0,12,33
04/18/2020,LSE,WI,AGL,CE,Federal Contract Tower,0,4,0,0,4,0,0,15,0,15,0,4,15,0,19,0,0,0,19
04/19/2020,LSE,WI,AGL,CE,Federal Contract Tower,0,2,0,0,2,0,0,19,0,19,0,2,19,0,21,0,0,0,21
04/20/2020,LSE,WI,AGL,CE,Federal Contract Tower,0,4,2,0,6,0,0,8,0,8,0,4,10,0,14,0,0,0,14
04/21/2020,LSE,WI,AGL,CE,Federal Contract Tower,0,7,1,0,8,0,1,17,0,18,0,8,18,0,26,2,0,2,28
04/22/2020,LSE,WI,AGL,CE,Federal Contract Tower,0,8,1,0,9,0,0,14,0,14,0,8,15,0,23,4,0,4,27
04/23/2020,LSE,WI,AGL,CE,Federal Contract Tower,0,8,1,0,9,0,0,2,0,2,0,8,3,0,11,0,0,0,11
04/24/2020,LSE,WI,AGL,CE,Federal Contract Tower,0,5,0,0,5,0,0,10,0,10,0,5,10,0,15,8,0,8,23
04/25/2020,LSE,WI,AGL,CE,Federal Contract Tower,0,5,0,0,5,0,0,20,0,20,0,5,20,0,25,4,0,4,29
04/26/2020,LSE,WI,AGL,CE,Federal Contract Tower,0,5,0,0,5,0,0,33,0,33,0,5,33,0,38,0,0,0,38
04/27/2020,LSE,WI,AGL,CE,Federal Contract Tower,0,6,6,0,12,0,0,0,0,0,0,6,6,0,12,0,0,0,12
04/28/2020,LSE,WI,AGL,CE,Federal Contract Tower,0,8,4,0,12,0,0,2,0,2,0,8,6,0,14,0,0,0,14
04/29/2020,LSE,WI,AGL,CE,Federal Contract Tower,0,5,3,1,9,0,0,0,1,1,0,5,3,2,10,0,0,0,10
04/30/2020,LSE,WI,AGL,CE,Federal Contract Tower,0,7,3,0,10,0,0,15,0,15,0,7,18,0,25,4,0,4,29
05/01/2020,LSE,WI,AGL,CE,Federal Contract Tower,0,6,3,0,9,0,0,6,0,6,0,6,9,0,15,14,0,14,29
05/02/2020,LSE,WI,AGL,CE,Federal Contract Tower,0,2,3,0,5,0,0,8,0,8,0,2,11,0,13,0,0,0,13
05/03/2020,LSE,WI,AGL,CE,Federal Contract Tower,0,4,3,0,7,0,0,22,0,22,0,4,25,0,29,0,0,0,29
05/04/2020,LSE,WI,AGL,CE,Federal Contract Tower,0,5,2,0,7,0,0,4,0,4,0,5,6,0,11,0,0,0,11
05/05/2020,LSE,WI,AGL,CE,Federal Contract Tower,0,4,2,0,6,0,0,0,0,0,0,4,2,0,6,0,0,0,6
05/06/2020,LSE,WI,AGL,CE,Federal Contract Tower,0,5,2,0,7,0,0,0,0,0,0,5,2,0,7,2,0,2,9
05/07/2020,LSE,WI,AGL,CE,Federal Contract Tower,0,8,1,0,9,0,2,25,0,27,0,10,26,0,36,0,0,0,36
05/08/2020,LSE,WI,AGL,CE,Federal Contract Tower,0,8,2,0,10,0,2,12,0,14,0,10,14,0,24,0,0,0,24
05/09/2020,LSE,WI,AGL,CE,Federal Contract Tower,0,5,1,0,6,0,0,26,0,26,0,5,27,0,32,0,0,0,32
05/10/2020,LSE,WI,AGL,CE,Federal Contract Tower,0,3,2,0,5,0,0,0,0,0,0,3,2,0,5,0,0,0,5
05/11/2020,LSE,WI,AGL,CE,Federal Contract Tower,2,4,8,0,14,0,0,10,0,10,2,4,18,0,24,12,0,12,36
05/12/2020,LSE,WI,AGL,CE,Federal Contract Tower,0,3,1,2,6,0,0,22,0,22,0,3,23,2,28,0,4,4,32
05/13/2020,LSE,WI,AGL,CE,Federal Contract Tower,0,6,4,0,10,0,0,1,0,1,0,6,5,0,11,0,0,0,11
05/14/2020,LSE,WI,AGL,CE,Federal Contract Tower,0,8,3,0,11,0,0,4,0,4,0,8,7,0,15,0,0,0,15
05/15/2020,LSE,WI,AGL,CE,Federal Contract Tower,0,6,4,0,10,0,0,13,0,13,0,6,17,0,23,24,0,24,47
05/16/2020,LSE,WI,AGL,CE,Federal Contract Tower,0,4,4,0,8,0,0,17,0,17,0,4,21,0,25,0,0,0,25
05/17/2020,LSE,WI,AGL,CE,Federal Contract Tower,0,4,2,0,6,0,0,0,0,0,0,4,2,0,6,0,0,0,6
05/18/2020,LSE,WI,AGL,CE,Federal Contract Tower,0,4,11,0,15,0,0,5,0,5,0,4,16,0,20,0,0,0,20
05/19/2020,LSE,WI,AGL,CE,Federal Contract Tower,0,3,4,0,7,0,0,0,0,0,0,3,4,0,7,0,0,0,7
05/20/2020,LSE,WI,AGL,CE,Federal Contract Tower,0,6,0,0,6,0,0,27,0,27,0,6,27,0,33,0,0,0,33
05/21/2020,LSE,WI,AGL,CE,Federal Contract Tower,0,6,6,0,12,0,0,6,0,6,0,6,12,0,18,0,0,0,18
05/22/2020,LSE,WI,AGL,CE,Federal Contract Tower,0,6,10,0,16,0,2,5,0,7,0,8,15,0,23,6,0,6,29
05/23/2020,LSE,WI,AGL,CE,Federal Contract Tower,0,3,7,0,10,0,0,2,0,2,0,3,9,0,12,0,0,0,12
05/24/2020,LSE,WI,AGL,CE,Federal Contract Tower,0,3,0,0,3,0,0,0,0,0,0,3,0,0,3,0,0,0,3
05/25/2020,LSE,WI,AGL,CE,Federal Contract Tower,0,3,2,0,5,0,0,4,0,4,0,3,6,0,9,0,0,0,9
05/26/2020,LSE,WI,AGL,CE,Federal Contract Tower,0,5,6,1,12,0,0,5,1,6,0,5,11,2,18,6,6,12,30
05/27/2020,LSE,WI,AGL,CE,Federal Contract Tower,0,6,6,0,12,0,0,5,0,5,0,6,11,0,17,2,0,2,19
05/28/2020,LSE,WI,AGL,CE,Federal Contract Tower,0,6,4,0,10,0,2,2,0,4,0,8,6,0,14,2,0,2,16
05/29/2020,LSE,WI,AGL,CE,Federal Contract Tower,0,9,6,0,15,0,0,13,0,13,0,9,19,0,28,0,0,0,28
05/30/2020,LSE,WI,AGL,CE,Federal Contract Tower,0,2,0,0,2,0,0,35,0,35,0,2,35,0,37,10,0,10,47
05/31/2020,LSE,WI,AGL,CE,Federal Contract Tower,0,4,5,0,9,0,2,27,0,29,0,6,32,0,38,2,0,2,40
06/01/2020,LSE,WI,AGL,CE,Federal Contract Tower,0,7,6,2,15,0,0,5,0,5,0,7,11,2,20,0,0,0,20
06/02/2020,LSE,WI,AGL,CE,Federal Contract Tower,0,2,6,0,8,0,2,12,0,14,0,4,18,0,22,6,0,6,28
06/03/2020,LSE,WI,AGL,CE,Federal Contract Tower,0,8,6,0,14,0,0,20,0,20,0,8,26,0,34,10,0,10,44
06/04/2020,LSE,WI,AGL,CE,Federal Contract Tower,0,10,5,0,15,0,0,26,2,28,0,10,31,2,43,16,0,16,59
06/05/2020,LSE,WI,AGL,CE,Federal Contract Tower,0,11,9,0,20,0,1,10,0,11,0,12,19,0,31,2,0,2,33
06/06/2020,LSE,WI,AGL,CE,Federal Contract Tower,0,2,5,0,7,0,0,40,4,44,0,2,45,4,51,0,0,0,51
06/07/2020,LSE,WI,AGL,CE,Federal Contract Tower,0,3,11,0,14,0,0,12,0,12,0,3,23,0,26,14,0,14,40
06/08/2020,LSE,WI,AGL,CE,Federal Contract Tower,2,5,1,2,10,0,0,16,1,17,2,5,17,3,27,2,6,8,35
06/09/2020,LSE,WI,AGL,CE,Federal Contract Tower,0,6,1,0,7,0,2,11,0,13,0,8,12,0,20,0,0,0,20
06/10/2020,LSE,WI,AGL,CE,Federal Contract Tower,0,9,2,0,11,0,0,2,0,2,0,9,4,0,13,0,0,0,13
06/11/2020,LSE,WI,AGL,CE,Federal Contract Tower,0,6,5,0,11,0,0,27,2,29,0,6,32,2,40,0,0,0,40
06/12/2020,LSE,WI,AGL,CE,Federal Contract Tower,2,6,22,0,30,0,0,30,0,30,2,6,52,0,60,8,0,8,68
06/13/2020,LSE,WI,AGL,CE,Federal Contract Tower,0,3,1,0,4,0,0,19,0,19,0,3,20,0,23,0,0,0,23
06/14/2020,LSE,WI,AGL,CE,Federal Contract Tower,0,3,9,0,12,0,0,12,0,12,0,3,21,0,24,2,0,2,26
06/15/2020,LSE,WI,AGL,CE,Federal Contract Tower,0,7,6,0,13,0,0,33,2,35,0,7,39,2,48,0,2,2,50
06/16/2020,LSE,WI,AGL,CE,Federal Contract Tower,0,9,11,0,20,0,2,16,0,18,0,11,27,0,38,20,0,20,58
06/17/2020,LSE,WI,AGL,CE,Federal Contract Tower,0,4,14,0,18,0,0,18,0,18,0,4,32,0,36,10,0,10,46
06/18/2020,LSE,WI,AGL,CE,Federal Contract Tower,0,7,10,2,19,0,0,22,0,22,0,7,32,2,41,10,0,10,51
06/19/2020,LSE,WI,AGL,CE,Federal Contract Tower,0,8,6,0,14,0,0,4,0,4,0,8,10,0,18,4,0,4,22
06/20/2020,LSE,WI,AGL,CE,Federal Contract Tower,1,1,3,0,5,0,0,6,0,6,1,1,9,0,11,8,0,8,19
06/21/2020,LSE,WI,AGL,CE,Federal Contract Tower,0,2,4,0,6,0,2,38,0,40,0,4,42,0,46,6,0,6,52
06/22/2020,LSE,WI,AGL,CE,Federal Contract Tower,1,5,4,0,10,0,0,1,0,1,1,5,5,0,11,2,0,2,13
06/23/2020,LSE,WI,AGL,CE,Federal Contract Tower,1,11,20,0,32,0,0,9,0,9,1,11,29,0,41,18,0,18,59
06/24/2020,LSE,WI,AGL,CE,Federal Contract Tower,1,6,10,0,17,0,2,7,0,9,1,8,17,0,26,0,0,0,26
06/25/2020,LSE,WI,AGL,CE,Federal Contract Tower,0,10,7,0,17,0,1,50,2,53,0,11,57,2,70,10,0,10,80
06/26/2020,LSE,WI,AGL,CE,Federal Contract Tower,1,5,2,0,8,0,0,2,0,2,1,5,4,0,10,0,0,0,10
06/27/2020,LSE,WI,AGL,CE,Federal Contract Tower,1,3,1,0,5,0,0,45,0,45,1,3,46,0,50,2,0,2,52
06/28/2020,LSE,WI,AGL,CE,Federal Contract Tower,0,3,10,0,13,0,0,27,0,27,0,3,37,0,40,2,0,2,42
06/29/2020,LSE,WI,AGL,CE,Federal Contract Tower,1,14,4,0,19,0,0,2,0,2,1,14,6,0,21,0,0,0,21
06/30/2020,LSE,WI,AGL,CE,Federal Contract Tower,0,5,9,0,14,0,0,15,0,15,0,5,24,0,29,24,0,24,53
07/01/2020,LSE,WI,AGL,CE,Federal Contract Tower,1,5,4,0,10,0,0,14,0,14,1,5,18,0,24,0,0,0,24
07/02/2020,LSE,WI,AGL,CE,Federal Contract Tower,1,8,14,0,23,0,0,26,0,26,1,8,40,0,49,56,0,56,105
07/03/2020,LSE,WI,AGL,CE,Federal Contract Tower,1,5,2,0,8,0,0,21,0,21,1,5,23,0,29,20,0,20,49
07/04/2020,LSE,WI,AGL,CE,Federal Contract Tower,0,2,2,0,4,0,0,12,0,12,0,2,14,0,16,0,0,0,16
07/05/2020,LSE,WI,AGL,CE,Federal Contract Tower,0,8,8,0,16,0,0,16,0,16,0,8,24,0,32,0,0,0,32
07/06/2020,LSE,WI,AGL,CE,Federal Contract Tower,0,12,6,0,18,0,0,13,0,13,0,12,19,0,31,0,0,0,31
07/07/2020,LSE,WI,AGL,CE,Federal Contract Tower,1,6,7,0,14,0,0,14,2,16,1,6,21,2,30,20,18,38,68
07/08/2020,LSE,WI,AGL,CE,Federal Contract Tower,0,13,15,0,28,0,0,29,0,29,0,13,44,0,57,0,0,0,57
07/09/2020,LSE,WI,AGL,CE,Federal Contract Tower,0,14,4,0,18,0,0,16,0,16,0,14,20,0,34,4,0,4,38
07/10/2020,LSE,WI,AGL,CE,Federal Contract Tower,1,10,8,0,19,0,2,28,0,30,1,12,36,0,49,18,0,18,67
07/11/2020,LSE,WI,AGL,CE,Federal Contract Tower,0,7,5,0,12,0,0,11,0,11,0,7,16,0,23,2,0,2,25
07/12/2020,LSE,WI,AGL,CE,Federal Contract Tower,2,6,8,0,16,0,0,28,0,28,2,6,36,0,44,0,0,0,44
07/13/2020,LSE,WI,AGL,CE,Federal Contract Tower,0,9,6,1,16,0,20,2,0,22,0,29,8,1,38,26,10,36,74
07/14/2020,LSE,WI,AGL,CE,Federal Contract Tower,1,10,1,0,12,0,0,0,0,0,1,10,1,0,12,0,0,0,12
07/15/2020,LSE,WI,AGL,CE,Federal Contract Tower,2,8,6,0,16,0,0,5,2,7,2,8,11,2,23,26,18,44,67
07/16/2020,LSE,WI,AGL,CE,Federal Contract Tower,1,14,6,4,25,0,0,24,2,26,1,14,30,6,51,28,40,68,119
07/17/2020,LSE,WI,AGL,CE,Federal Contract Tower,0,15,13,4,32,0,0,16,1,17,0,15,29,5,49,14,0,14,63
07/18/2020,LSE,WI,AGL,CE,Federal Contract Tower,0,8,3,0,11,0,0,10,4,14,0,8,13,4,25,16,50,66,91
07/19/2020,LSE,WI,AGL,CE,Federal Contract Tower,1,7,11,0,19,0,0,16,0,16,1,7,27,0,35,32,0,32,67
07/20/2020,LSE,WI,AGL,CE,Federal Contract Tower,0,9,7,2,18,0,0,31,0,31,0,9,38,2,49,16,0,16,65
07/21/2020,LSE,WI,AGL,CE,Federal Contract Tower,2,6,13,0,21,0,0,8,0,8,2,6,21,0,29,22,0,22,51
07/22/2020,LSE,WI,AGL,CE,Federal Contract Tower,0,13,18,0,31,0,0,23,0,23,0,13,41,0,54,24,0,24,78
07/23/2020,LSE,WI,AGL,CE,Federal Contract Tower,0,13,13,0,26,0,0,20,0,20,0,13,33,0,46,20,0,20,66
07/24/2020,LSE,WI,AGL,CE,Federal Contract Tower,0,12,14,0,26,0,0,37,0,37,0,12,51,0,63,32,0,32,95
07/25/2020,LSE,WI,AGL,CE,Federal Contract Tower,0,6,5,0,11,0,6,15,0,21,0,12,20,0,32,6,0,6,38
07/26/2020,LSE,WI,AGL,CE,Federal Contract Tower,4,10,8,0,22,0,0,9,0,9,4,10,17,0,31,20,0,20,51
07/27/2020,LSE,WI,AGL,CE,Federal Contract Tower,0,11,10,0,21,0,0,25,0,25,0,11,35,0,46,28,0,28,74
07/28/2020,LSE,WI,AGL,CE,Federal Contract Tower,4,8,10,3,25,0,1,29,0,30,4,9,39,3,55,4,0,4,59
07/29/2020,LSE,WI,AGL,CE,Federal Contract Tower,0,14,11,0,25,0,0,40,2,42,0,14,51,2,67,12,24,36,103
07/30/2020,LSE,WI,AGL,CE,Federal Contract Tower,1,13,10,0,24,0,0,29,1,30,1,13,39,1,54,8,0,8,62
07/31/2020,LSE,WI,AGL,CE,Federal Contract Tower,3,11,10,0,24,0,0,28,0,28,3,11,38,0,52,2,0,2,54
08/01/2020,LSE,WI,AGL,CE,Federal Contract Tower,3,3,6,0,12,0,0,34,0,34,3,3,40,0,46,6,0,6,52
08/02/2020,LSE,WI,AGL,CE,Federal Contract Tower,2,6,8,0,16,0,0,4,4,8,2,6,12,4,24,20,6,26,50
08/03/2020,LSE,WI,AGL,CE,Federal Contract Tower,1,9,8,0,18,0,0,30,0,30,1,9,38,0,48,18,0,18,66
08/04/2020,LSE,WI,AGL,CE,Federal Contract Tower,0,8,10,3,21,0,2,29,7,38,0,10,39,10,59,20,32,52,111
08/05/2020,LSE,WI,AGL,CE,Federal Contract Tower,4,4,13,1,22,0,0,29,7,36,4,4,42,8,58,14,6,20,78
08/06/2020,LSE,WI,AGL,CE,Federal Contract Tower,1,10,14,2,27,0,0,32,2,34,1,10,46,4,61,18,0,18,79
08/07/2020,LSE,WI,AGL,CE,Federal Contract Tower,1,10,9,2,22,0,0,18,0,18,1,10,27,2,40,36,0,36,76
08/08/2020,LSE,WI,AGL,CE,Federal Contract Tower,3,5,5,0,13,0,0,16,0,16,3,5,21,0,29,22,0,22,51
08/09/2020,LSE,WI,AGL,CE,Federal Contract Tower,3,7,9,0,19,0,0,1,0,1,3,7,10,0,20,0,0,0,20
08/10/2020,LSE,WI,AGL,CE,Federal Contract Tower,1,7,5,2,15,0,0,16,0,16,1,7,21,2,31,24,0,24,55
08/11/2020,LSE,WI,AGL,CE,Federal Contract Tower,0,11,10,0,21,0,0,60,4,64,0,11,70,4,85,50,18,68,153
08/12/2020,LSE,WI,AGL,CE,Federal Contract Tower,3,4,2,0,9,0,0,31,0,31,3,4,33,0,40,30,0,30,70
08/13/2020,LSE,WI,AGL,CE,Federal Contract Tower,1,16,11,0,28,0,0,25,0,25,1,16,36,0,53,52,0,52,105
08/14/2020,LSE,WI,AGL,CE,Federal Contract Tower,2,7,5,0,14,0,4,24,0,28,2,11,29,0,42,6,0,6,48
08/15/2020,LSE,WI,AGL,CE,Federal Contract Tower,3,3,5,0,11,0,0,32,0,32,3,3,37,0,43,4,0,4,47
08/16/2020,LSE,WI,AGL,CE,Federal Contract Tower,3,4,8,0,15,0,0,38,0,38,3,4,46,0,53,44,0,44,97
08/17/2020,LSE,WI,AGL,CE,Federal Contract Tower,3,7,4,0,14,0,2,36,0,38,3,9,40,0,52,18,0,18,70
08/18/2020,LSE,WI,AGL,CE,Federal Contract Tower,2,9,14,0,25,0,0,48,0,48,2,9,62,0,73,20,0,20,93
08/19/2020,LSE,WI,AGL,CE,Federal Contract Tower,1,6,19,0,26,0,0,43,0,43,1,6,62,0,69,14,0,14,83
08/20/2020,LSE,WI,AGL,CE,Federal Contract Tower,1,12,13,2,28,0,0,31,0,31,1,12,44,2,59,0,0,0,59
08/21/2020,LSE,WI,AGL,CE,Federal Contract Tower,2,7,9,0,18,0,0,20,0,20,2,7,29,0,38,18,0,18,56
08/22/2020,LSE,WI,AGL,CE,Federal Contract Tower,6,3,1,0,10,0,0,31,0,31,6,3,32,0,41,16,0,16,57
08/23/2020,LSE,WI,AGL,CE,Federal Contract Tower,2,5,5,0,12,0,2,39,0,41,2,7,44,0,53,46,0,46,99
08/24/2020,LSE,WI,AGL,CE,Federal Contract Tower,2,10,8,0,20,0,2,19,0,21,2,12,27,0,41,28,0,28,69
08/25/2020,LSE,WI,AGL,CE,Federal Contract Tower,0,8,14,0,22,0,6,34,0,40,0,14,48,0,62,8,0,8,70
08/26/2020,LSE,WI,AGL,CE,Federal Contract Tower,3,7,5,0,15,0,0,35,0,35,3,7,40,0,50,30,0,30,80
08/27/2020,LSE,WI,AGL,CE,Federal Contract Tower,3,6,11,0,20,0,0,13,1,14,3,6,24,1,34,22,0,22,56
08/28/2020,LSE,WI,AGL,CE,Federal Contract Tower,1,10,4,0,15,0,0,6,0,6,1,10,10,0,21,2,0,2,23
08/29/2020,LSE,WI,AGL,CE,Federal Contract Tower,3,6,8,0,17,0,2,26,0,28,3,8,34,0,45,12,0,12,57
08/30/2020,LSE,WI,AGL,CE,Federal Contract Tower,3,4,6,0,13,0,2,47,0,49,3,6,53,0,62,6,0,6,68
08/31/2020,LSE,WI,AGL,CE,Federal Contract Tower,3,10,7,0,20,0,0,11,0,11,3,10,18,0,31,10,0,10,41
09/01/2020,LSE,WI,AGL,CE,Federal Contract Tower,0,13,9,0,22,0,0,18,0,18,0,13,27,0,40,30,0,30,70
09/02/2020,LSE,WI,AGL,CE,Federal Contract Tower,1,11,4,2,18,0,0,23,3,26,1,11,27,5,44,20,0,20,64
09/03/2020,LSE,WI,AGL,CE,Federal Contract Tower,2,8,7,0,17,0,0,5,4,9,2,8,12,4,26,0,0,0,26
09/04/2020,LSE,WI,AGL,CE,Federal Contract Tower,2,8,10,0,20,0,0,40,2,42,2,8,50,2,62,14,0,14,76
09/05/2020,LSE,WI,AGL,CE,Federal Contract Tower,1,5,4,0,10,0,0,28,0,28,1,5,32,0,38,6,0,6,44
09/06/2020,LSE,WI,AGL,CE,Federal Contract Tower,3,2,8,1,14,0,0,10,6,16,3,2,18,7,30,0,0,0,30
09/07/2020,LSE,WI,AGL,CE,Federal Contract Tower,2,8,2,5,17,0,0,0,5,5,2,8,2,10,22,0,0,0,22
09/08/2020,LSE,WI,AGL,CE,Federal Contract Tower,3,8,4,3,18,0,0,1,3,4,3,8,5,6,22,0,0,0,22
09/09/2020,LSE,WI,AGL,CE,Federal Contract Tower,1,11,7,0,19,0,0,0,0,0,1,11,7,0,19,0,0,0,19
09/10/2020,LSE,WI,AGL,CE,Federal Contract Tower,1,11,7,3,22,0,0,2,0,2,1,11,9,3,24,0,0,0,24
09/11/2020,LSE,WI,AGL,CE,Federal Contract Tower,1,13,9,0,23,0,0,17,0,17,1,13,26,0,40,0,0,0,40
09/12/2020,LSE,WI,AGL,CE,Federal Contract Tower,1,13,7,0,21,0,0,2,0,2,1,13,9,0,23,0,0,0,23
09/13/2020,LSE,WI,AGL,CE,Federal Contract Tower,3,10,8,0,21,0,5,37,0,42,3,15,45,0,63,28,0,28,91
09/14/2020,LSE,WI,AGL,CE,Federal Contract Tower,3,8,17,0,28,0,1,11,0,12,3,9,28,0,40,4,0,4,44
09/15/2020,LSE,WI,AGL,CE,Federal Contract Tower,0,13,5,0,18,0,2,12,0,14,0,15,17,0,32,16,0,16,48
09/16/2020,LSE,WI,AGL,CE,Federal Contract Tower,1,8,16,0,25,0,0,16,2,18,1,8,32,2,43,12,0,12,55
09/17/2020,LSE,WI,AGL,CE,Federal Contract Tower,1,13,8,2,24,0,0,32,2,34,1,13,40,4,58,14,6,20,78
09/18/2020,LSE,WI,AGL,CE,Federal Contract Tower,3,9,6,0,18,0,3,32,2,37,3,12,38,2,55,18,0,18,73
09/19/2020,LSE,WI,AGL,CE,Federal Contract Tower,1,11,9,0,21,0,1,35,0,36,1,12,44,0,57,10,0,10,67
09/20/2020,LSE,WI,AGL,CE,Federal Contract Tower,2,10,8,0,20,0,0,22,0,22,2,10,30,0,42,4,0,4,46
09/21/2020,LSE,WI,AGL,CE,Federal Contract Tower,1,7,9,0,17,0,0,22,0,22,1,7,31,0,39,4,0,4,43
09/22/2020,LSE,WI,AGL,CE,Federal Contract Tower,1,11,5,0,17,0,2,28,0,30,1,13,33,0,47,0,0,0,47
09/23/2020,LSE,WI,AGL,CE,Federal Contract Tower,2,10,12,0,24,0,0,25,0,25,2,10,37,0,49,30,0,30,79
09/24/2020,LSE,WI,AGL,CE,Federal Contract Tower,2,12,5,0,19,0,0,4,0,4,2,12,9,0,23,0,0,0,23
09/25/2020,LSE,WI,AGL,CE,Federal Contract Tower,2,13,7,0,22,0,4,14,0,18,2,17,21,0,40,10,0,10,50
09/28/2020,LSE,WI,AGL,CE,Federal Contract Tower,5,5,7,0,17,0,0,21,0,21,5,5,28,0,38,34,0,34,72
09/29/2020,LSE,WI,AGL,CE,Federal Contract Tower,1,14,19,1,35,0,0,9,2,11,1,14,28,3,46,24,0,24,70
09/30/2020,LSE,WI,AGL,CE,Federal Contract Tower,0,11,17,3,31,0,0,4,3,7,0,11,21,6,38,0,0,0,38
10/01/2020,LSE,WI,AGL,CE,Federal Contract Tower,0,12,5,0,17,0,1,5,0,6,0,13,10,0,23,14,0,14,37
10/02/2020,LSE,WI,AGL,CE,Federal Contract Tower,2,15,2,4,23,0,0,38,0,38,2,15,40,4,61,10,0,10,71
10/03/2020,LSE,WI,AGL,CE,Federal Contract Tower,0,12,4,2,18,0,1,15,0,16,0,13,19,2,34,0,0,0,34
10/04/2020,LSE,WI,AGL,CE,Federal Contract Tower,2,12,9,0,23,0,0,50,0,50,2,12,59,0,73,36,0,36,109
10/05/2020,LSE,WI,AGL,CE,Federal Contract Tower,3,11,3,0,17,0,2,7,0,9,3,13,10,0,26,0,0,0,26
10/06/2020,LSE,WI,AGL,CE,Federal Contract Tower,0,15,6,0,21,0,2,18,0,20,0,17,24,0,41,12,0,12,53
10/07/2020,LSE,WI,AGL,CE,Federal Contract Tower,1,10,4,0,15,0,0,20,0,20,1,10,24,0,35,16,0,16,51
10/08/2020,LSE,WI,AGL,CE,Federal Contract Tower,1,11,8,0,20,0,1,32,0,33,1,12,40,0,53,6,0,6,59
10/09/2020,LSE,WI,AGL,CE,Federal Contract Tower,2,14,7,0,23,0,1,8,0,9,2,15,15,0,32,4,0,4,36
10/10/2020,LSE,WI,AGL,CE,Federal Contract Tower,0,10,6,0,16,0,2,41,0,43,0,12,47,0,59,0,0,0,59
10/11/2020,LSE,WI,AGL,CE,Federal Contract Tower,0,11,12,0,23,0,0,25,0,25,0,11,37,0,48,32,0,32,80
10/12/2020,LSE,WI,AGL,CE,Federal Contract Tower,2,14,4,0,20,0,0,5,0,5,2,14,9,0,25,16,0,16,41
10/13/2020,LSE,WI,AGL,CE,Federal Contract Tower,0,11,6,0,17,0,3,13,0,16,0,14,19,0,33,0,0,0,33
10/14/2020,LSE,WI,AGL,CE,Federal Contract Tower,2,7,5,1,15,0,1,4,0,5,2,8,9,1,20,0,0,0,20
10/15/2020,LSE,WI,AGL,CE,Federal Contract Tower,0,13,5,1,19,0,0,10,2,12,0,13,15,3,31,0,0,0,31
10/16/2020,LSE,WI,AGL,CE,Federal Contract Tower,0,16,6,0,22,0,2,17,0,19,0,18,23,0,41,20,0,20,61
10/17/2020,LSE,WI,AGL,CE,Federal Contract Tower,0,12,2,0,14,0,0,6,0,6,0,12,8,0,20,0,0,0,20
10/18/2020,LSE,WI,AGL,CE,Federal Contract Tower,2,11,7,0,20,0,2,12,0,14,2,13,19,0,34,2,0,2,36
10/19/2020,LSE,WI,AGL,CE,Federal Contract Tower,0,12,7,0,19,0,0,16,0,16,0,12,23,0,35,0,0,0,35
10/20/2020,LSE,WI,AGL,CE,Federal Contract Tower,0,15,6,2,23,0,1,6,0,7,0,16,12,2,30,0,0,0,30
10/21/2020,LSE,WI,AGL,CE,Federal Contract Tower,4,8,8,1,21,0,3,9,1,13,4,11,17,2,34,12,2,14,48
10/22/2020,LSE,WI,AGL,CE,Federal Contract Tower,9,12,2,0,23,0,0,0,0,0,9,12,2,0,23,0,0,0,23
10/23/2020,LSE,WI,AGL,CE,Federal Contract Tower,0,15,7,0,22,0,0,0,0,0,0,15,7,0,22,0,0,0,22
10/24/2020,LSE,WI,AGL,CE,Federal Contract Tower,0,12,11,0,23,0,2,24,2,28,0,14,35,2,51,0,0,0,51
10/25/2020,LSE,WI,AGL,CE,Federal Contract Tower,5,7,8,0,20,0,0,0,0,0,5,7,8,0,20,0,0,0,20
10/26/2020,LSE,WI,AGL,CE,Federal Contract Tower,0,11,4,8,23,0,0,7,5,12,0,11,11,13,35,14,26,40,75
10/27/2020,LSE,WI,AGL,CE,Federal Contract Tower,0,13,5,4,22,0,0,12,6,18,0,13,17,10,40,0,0,0,40
10/28/2020,LSE,WI,AGL,CE,Federal Contract Tower,5,2,10,6,23,0,0,26,3,29,5,2,36,9,52,14,0,14,66
10/29/2020,LSE,WI,AGL,CE,Federal Contract Tower,0,14,2,0,16,0,0,8,0,8,0,14,10,0,24,6,0,6,30
10/30/2020,LSE,WI,AGL,CE,Federal Contract Tower,1,18,17,0,36,0,0,62,0,62,1,18,79,0,98,0,0,0,98
10/31/2020,LSE,WI,AGL,CE,Federal Contract Tower,1,5,2,0,8,0,0,3,0,3,1,5,5,0,11,0,0,0,11
11/01/2020,LSE,WI,AGL,CE,Federal Contract Tower,0,13,10,0,23,0,0,1,0,1,0,13,11,0,24,0,0,0,24
11/02/2020,LSE,WI,AGL,CE,Federal Contract Tower,0,13,9,0,22,0,3,23,0,26,0,16,32,0,48,4,0,4,52
11/03/2020,LSE,WI,AGL,CE,Federal Contract Tower,0,8,12,2,22,0,2,43,2,47,0,10,55,4,69,0,2,2,71
11/04/2020,LSE,WI,AGL,CE,Federal Contract Tower,0,10,3,0,13,0,0,30,2,32,0,10,33,2,45,8,0,8,53
11/05/2020,LSE,WI,AGL,CE,Federal Contract Tower,0,13,6,0,19,0,0,39,2,41,0,13,45,2,60,22,0,22,82
11/06/2020,LSE,WI,AGL,CE,Federal Contract Tower,0,13,8,0,21,0,0,38,0,38,0,13,46,0,59,8,0,8,67
11/07/2020,LSE,WI,AGL,CE,Federal Contract Tower,1,7,4,0,12,0,0,19,0,19,1,7,23,0,31,2,0,2,33
11/08/2020,LSE,WI,AGL,CE,Federal Contract Tower,0,8,4,0,12,0,0,16,0,16,0,8,20,0,28,2,0,2,30
11/09/2020,LSE,WI,AGL,CE,Federal Contract Tower,1,9,2,0,12,0,0,0,0,0,1,9,2,0,12,0,0,0,12
11/10/2020,LSE,WI,AGL,CE,Federal Contract Tower,0,14,6,0,20,0,0,0,0,0,0,14,6,0,20,0,0,0,20
11/11/2020,LSE,WI,AGL,CE,Federal Contract Tower,3,8,5,0,16,0,3,10,0,13,3,11,15,0,29,34,0,34,63
11/12/2020,LSE,WI,AGL,CE,Federal Contract Tower,0,11,5,0,16,0,0,2,0,2,0,11,7,0,18,0,0,0,18
11/13/2020,LSE,WI,AGL,CE,Federal Contract Tower,0,15,11,0,26,0,0,29,0,29,0,15,40,0,55,22,0,22,77
11/14/2020,LSE,WI,AGL,CE,Federal Contract Tower,5,5,1,0,11,0,0,0,0,0,5,5,1,0,11,0,0,0,11
11/15/2020,LSE,WI,AGL,CE,Federal Contract Tower,0,9,1,0,10,0,0,0,0,0,0,9,1,0,10,0,0,0,10
11/16/2020,LSE,WI,AGL,CE,Federal Contract Tower,0,12,5,0,17,0,0,11,2,13,0,12,16,2,30,2,0,2,32
11/17/2020,LSE,WI,AGL,CE,Federal Contract Tower,0,9,16,0,25,0,0,27,0,27,0,9,43,0,52,8,0,8,60
11/18/2020,LSE,WI,AGL,CE,Federal Contract Tower,0,13,5,0,18,0,0,2,2,4,0,13,7,2,22,0,0,0,22
11/19/2020,LSE,WI,AGL,CE,Federal Contract Tower,0,14,7,0,21,0,0,24,0,24,0,14,31,0,45,16,0,16,61
11/20/2020,LSE,WI,AGL,CE,Federal Contract Tower,0,14,7,2,23,0,0,17,0,17,0,14,24,2,40,2,0,2,42
11/21/2020,LSE,WI,AGL,CE,Federal Contract Tower,0,12,2,0,14,0,2,34,0,36,0,14,36,0,50,10,0,10,60
11/22/2020,LSE,WI,AGL,CE,Federal Contract Tower,0,12,3,0,15,0,0,3,0,3,0,12,6,0,18,6,0,6,24
11/23/2020,LSE,WI,AGL,CE,Federal Contract Tower,0,8,6,0,14,0,0,19,0,19,0,8,25,0,33,6,0,6,39
11/24/2020,LSE,WI,AGL,CE,Federal Contract Tower,0,13,3,0,16,0,0,0,0,0,0,13,3,0,16,0,0,0,16
11/25/2020,LSE,WI,AGL,CE,Federal Contract Tower,2,14,6,0,22,0,0,0,0,0,2,14,6,0,22,0,0,0,22
11/26/2020,LSE,WI,AGL,CE,Federal Contract Tower,0,5,1,0,6,0,0,2,0,2,0,5,3,0,8,0,0,0,8
11/27/2020,LSE,WI,AGL,CE,Federal Contract Tower,0,8,4,0,12,0,0,20,0,20,0,8,24,0,32,14,0,14,46
11/28/2020,LSE,WI,AGL,CE,Federal Contract Tower,2,10,0,0,12,0,0,52,0,52,2,10,52,0,64,12,0,12,76
11/29/2020,LSE,WI,AGL,CE,Federal Contract Tower,0,10,8,0,18,0,0,3,0,3,0,10,11,0,21,0,0,0,21
11/30/2020,LSE,WI,AGL,CE,Federal Contract Tower,0,11,4,0,15,0,0,12,0,12,0,11,16,0,27,0,0,0,27
12/01/2020,LSE,WI,AGL,CE,Federal Contract Tower,0,8,9,0,17,0,0,15,2,17,0,8,24,2,34,0,0,0,34
12/02/2020,LSE,WI,AGL,CE,Federal Contract Tower,0,13,6,0,19,0,0,13,0,13,0,13,19,0,32,0,0,0,32
12/03/2020,LSE,WI,AGL,CE,Federal Contract Tower,1,12,8,0,21,0,0,14,0,14,1,12,22,0,35,16,0,16,51
12/04/2020,LSE,WI,AGL,CE,Federal Contract Tower,0,14,4,0,18,0,0,31,0,31,0,14,35,0,49,0,0,0,49
12/05/2020,LSE,WI,AGL,CE,Federal Contract Tower,0,10,3,0,13,0,0,38,0,38,0,10,41,0,51,10,0,10,61
12/06/2020,LSE,WI,AGL,CE,Federal Contract Tower,0,11,1,0,12,0,0,19,0,19,0,11,20,0,31,0,0,0,31
12/07/2020,LSE,WI,AGL,CE,Federal Contract Tower,1,9,2,0,12,0,0,1,0,1,1,9,3,0,13,0,0,0,13
12/08/2020,LSE,WI,AGL,CE,Federal Contract Tower,1,7,4,0,12,0,0,4,0,4,1,7,8,0,16,2,0,2,18
12/09/2020,LSE,WI,AGL,CE,Federal Contract Tower,0,16,16,2,34,0,1,38,2,41,0,17,54,4,75,8,0,8,83
12/10/2020,LSE,WI,AGL,CE,Federal Contract Tower,0,12,9,0,21,0,4,33,0,37,0,16,42,0,58,18,0,18,76
12/11/2020,LSE,WI,AGL,CE,Federal Contract Tower,0,12,5,0,17,0,0,4,0,4,0,12,9,0,21,4,0,4,25
12/12/2020,LSE,WI,AGL,CE,Federal Contract Tower,0,10,4,0,14,0,0,0,0,0,0,10,4,0,14,0,0,0,14
12/13/2020,LSE,WI,AGL,CE,Federal Contract Tower,0,11,2,2,15,0,0,3,0,3,0,11,5,2,18,0,0,0,18
12/14/2020,LSE,WI,AGL,CE,Federal Contract Tower,0,10,1,0,11,0,0,12,0,12,0,10,13,0,23,10,0,10,33
12/15/2020,LSE,WI,AGL,CE,Federal Contract Tower,0,9,23,0,32,0,2,14,0,16,0,11,37,0,48,8,0,8,56
12/16/2020,LSE,WI,AGL,CE,Federal Contract Tower,1,8,10,2,21,0,0,6,2,8,1,8,16,4,29,0,0,0,29
12/17/2020,LSE,WI,AGL,CE,Federal Contract Tower,0,12,10,0,22,0,0,22,0,22,0,12,32,0,44,12,0,12,56
12/18/2020,LSE,WI,AGL,CE,Federal Contract Tower,0,15,0,0,15,0,0,5,2,7,0,15,5,2,22,0,0,0,22
12/19/2020,LSE,WI,AGL,CE,Federal Contract Tower,0,12,1,0,13,0,0,0,0,0,0,12,1,0,13,0,0,0,13
12/20/2020,LSE,WI,AGL,CE,Federal Contract Tower,0,11,4,0,15,0,7,37,0,44,0,18,41,0,59,23,0,23,82
12/21/2020,LSE,WI,AGL,CE,Federal Contract Tower,0,12,4,0,16,0,0,2,4,6,0,12,6,4,22,0,2,2,24
12/22/2020,LSE,WI,AGL,CE,Federal Contract Tower,0,16,9,0,25,0,3,8,0,11,0,19,17,0,36,0,0,0,36
12/23/2020,LSE,WI,AGL,CE,Federal Contract Tower,0,16,7,0,23,0,0,0,0,0,0,16,7,0,23,0,0,0,23
12/24/2020,LSE,WI,AGL,CE,Federal Contract Tower,0,12,0,0,12,0,0,2,0,2,0,12,2,0,14,0,0,0,14
12/25/2020,LSE,WI,AGL,CE,Federal Contract Tower,0,6,0,0,6,0,0,7,0,7,0,6,7,0,13,4,0,4,17
12/26/2020,LSE,WI,AGL,CE,Federal Contract Tower,0,14,9,0,23,0,0,13,0,13,0,14,22,0,36,36,0,36,72
12/27/2020,LSE,WI,AGL,CE,Federal Contract Tower,0,12,2,0,14,0,0,3,0,3,0,12,5,0,17,0,0,0,17
12/28/2020,LSE,WI,AGL,CE,Federal Contract Tower,0,15,3,0,18,0,2,0,0,2,0,17,3,0,20,10,0,10,30
12/29/2020,LSE,WI,AGL,CE,Federal Contract Tower,0,13,2,0,15,0,0,3,0,3,0,13,5,0,18,0,0,0,18
12/30/2020,LSE,WI,AGL,CE,Federal Contract Tower,1,14,6,0,21,0,0,0,0,0,1,14,6,0,21,0,0,0,21
12/31/2020,LSE,WI,AGL,CE,Federal Contract Tower,0,11,8,0,19,0,0,0,0,0,0,11,8,0,19,0,0,0,19
01/01/2021,LSE,WI,AGL,CE,Federal Contract Tower,0,10,0,0,10,0,0,0,0,0,0,10,0,0,10,0,0,0,10
01/02/2021,LSE,WI,AGL,CE,Federal Contract Tower,0,17,1,0,18,0,0,0,0,0,0,17,1,0,18,0,0,0,18
01/03/2021,LSE,WI,AGL,CE,Federal Contract Tower,0,16,7,0,23,0,0,0,0,0,0,16,7,0,23,0,0,0,23
01/04/2021,LSE,WI,AGL,CE,Federal Contract Tower,0,10,11,0,21,0,0,0,0,0,0,10,11,0,21,0,0,0,21
01/05/2021,LSE,WI,AGL,CE,Federal Contract Tower,0,10,2,0,12,0,0,30,0,30,0,10,32,0,42,36,0,36,78
01/06/2021,LSE,WI,AGL,CE,Federal Contract Tower,0,8,1,0,9,0,0,0,0,0,0,8,1,0,9,0,0,0,9
01/07/2021,LSE,WI,AGL,CE,Federal Contract Tower,0,10,3,0,13,0,0,0,0,0,0,10,3,0,13,0,0,0,13
01/08/2021,LSE,WI,AGL,CE,Federal Contract Tower,0,12,3,0,15,0,0,0,0,0,0,12,3,0,15,0,0,0,15
01/09/2021,LSE,WI,AGL,CE,Federal Contract Tower,0,11,10,0,21,0,0,0,0,0,0,11,10,0,21,0,0,0,21
01/10/2021,LSE,WI,AGL,CE,Federal Contract Tower,0,10,2,0,12,0,0,0,0,0,0,10,2,0,12,0,0,0,12
01/11/2021,LSE,WI,AGL,CE,Federal Contract Tower,0,14,6,4,24,0,0,24,0,24,0,14,30,4,48,24,0,24,72
01/12/2021,LSE,WI,AGL,CE,Federal Contract Tower,0,12,11,1,24,0,0,39,0,39,0,12,50,1,63,66,0,66,129
01/13/2021,LSE,WI,AGL,CE,Federal Contract Tower,0,11,0,3,14,0,0,12,0,12,0,11,12,3,26,10,2,12,38
01/14/2021,LSE,WI,AGL,CE,Federal Contract Tower,0,11,2,0,13,0,0,0,0,0,0,11,2,0,13,0,0,0,13
01/15/2021,LSE,WI,AGL,CE,Federal Contract Tower,0,13,5,0,18,0,0,0,0,0,0,13,5,0,18,0,0,0,18
01/16/2021,LSE,WI,AGL,CE,Federal Contract Tower,0,12,1,0,13,0,0,0,0,0,0,12,1,0,13,0,0,0,13
01/17/2021,LSE,WI,AGL,CE,Federal Contract Tower,0,9,1,0,10,0,0,0,0,0,0,9,1,0,10,0,0,0,10
01/18/2021,LSE,WI,AGL,CE,Federal Contract Tower,0,10,2,0,12,0,0,8,0,8,0,10,10,0,20,16,0,16,36
01/19/2021,LSE,WI,AGL,CE,Federal Contract Tower,0,11,1,0,12,0,0,0,0,0,0,11,1,0,12,0,0,0,12
01/20/2021,LSE,WI,AGL,CE,Federal Contract Tower,0,11,6,0,17,0,2,16,2,20,0,13,22,2,37,14,2,16,53
01/21/2021,LSE,WI,AGL,CE,Federal Contract Tower,0,13,4,2,19,0,0,8,2,10,0,13,12,4,29,12,12,24,53
01/22/2021,LSE,WI,AGL,CE,Federal Contract Tower,0,13,5,0,18,0,2,38,0,40,0,15,43,0,58,2,0,2,60
01/23/2021,LSE,WI,AGL,CE,Federal Contract Tower,0,10,5,0,15,0,0,14,0,14,0,10,19,0,29,28,0,28,57
01/24/2021,LSE,WI,AGL,CE,Federal Contract Tower,0,11,2,0,13,0,0,4,0,4,0,11,6,0,17,0,0,0,17
01/25/2021,LSE,WI,AGL,CE,Federal Contract Tower,0,10,9,0,19,0,0,7,0,7,0,10,16,0,26,0,0,0,26
01/26/2021,LSE,WI,AGL,CE,Federal Contract Tower,2,11,2,0,15,0,2,13,0,15,2,13,15,0,30,12,0,12,42
01/27/2021,LSE,WI,AGL,CE,Federal Contract Tower,0,9,6,2,17,0,0,31,4,35,0,9,37,6,52,12,4,16,68
01/28/2021,LSE,WI,AGL,CE,Federal Contract Tower,0,16,1,0,17,0,0,20,0,20,0,16,21,0,37,16,0,16,53
01/29/2021,LSE,WI,AGL,CE,Federal Contract Tower,0,13,7,0,20,0,0,5,0,5,0,13,12,0,25,4,0,4,29
01/30/2021,LSE,WI,AGL,CE,Federal Contract Tower,2,10,3,0,15,0,1,3,0,4,2,11,6,0,19,0,0,0,19
01/31/2021,LSE,WI,AGL,CE,Federal Contract Tower,0,11,0,0,11,0,0,0,0,0,0,11,0,0,11,2,0,2,13
02/01/2021,LSE,WI,AGL,CE,Federal Contract Tower,0,10,0,0,10,0,0,2,0,2,0,10,2,0,12,0,0,0,12
02/02/2021,LSE,WI,AGL,CE,Federal Contract Tower,1,10,5,0,16,0,2,7,0,9,1,12,12,0,25,16,0,16,41
02/03/2021,LSE,WI,AGL,CE,Federal Contract Tower,1,15,11,4,31,0,9,22,2,33,1,24,33,6,64,26,0,26,90
02/04/2021,LSE,WI,AGL,CE,Federal Contract Tower,0,9,0,0,9,0,0,0,0,0,0,9,0,0,9,0,0,0,9
02/05/2021,LSE,WI,AGL,CE,Federal Contract Tower,0,16,9,0,25,0,1,2,0,3,0,17,11,0,28,0,0,0,28
02/06/2021,LSE,WI,AGL,CE,Federal Contract Tower,0,12,3,2,17,0,0,6,0,6,0,12,9,2,23,4,0,4,27
02/07/2021,LSE,WI,AGL,CE,Federal Contract Tower,0,10,7,0,17,0,21,7,0,28,0,31,14,0,45,0,0,0,45
02/08/2021,LSE,WI,AGL,CE,Federal Contract Tower,0,12,1,1,14,0,0,2,0,2,0,12,3,1,16,0,0,0,16
02/09/2021,LSE,WI,AGL,CE,Federal Contract Tower,0,15,8,3,26,0,1,10,0,11,0,16,18,3,37,0,0,0,37
02/10/2021,LSE,WI,AGL,CE,Federal Contract Tower,0,11,7,2,20,0,0,13,0,13,0,11,20,2,33,10,0,10,43
02/11/2021,LSE,WI,AGL,CE,Federal Contract Tower,0,12,6,0,18,0,0,0,0,0,0,12,6,0,18,0,0,0,18
02/12/2021,LSE,WI,AGL,CE,Federal Contract Tower,0,11,6,0,17,0,0,22,0,22,0,11,28,0,39,8,0,8,47
02/13/2021,LSE,WI,AGL,CE,Federal Contract Tower,0,14,2,0,16,0,0,0,0,0,0,14,2,0,16,0,0,0,16
02/14/2021,LSE,WI,AGL,CE,Federal Contract Tower,0,8,3,0,11,0,0,1,0,1,0,8,4,0,12,0,0,0,12
02/15/2021,LSE,WI,AGL,CE,Federal Contract Tower,0,7,4,2,13,0,1,3,0,4,0,8,7,2,17,6,4,10,27
02/16/2021,LSE,WI,AGL,CE,Federal Contract Tower,0,8,4,0,12,0,1,15,0,16,0,9,19,0,28,12,0,12,40
02/17/2021,LSE,WI,AGL,CE,Federal Contract Tower,0,8,2,0,10,0,0,8,0,8,0,8,10,0,18,40,0,40,58
02/18/2021,LSE,WI,AGL,CE,Federal Contract Tower,0,13,0,6,19,0,0,8,1,9,0,13,8,7,28,26,4,30,58
02/19/2021,LSE,WI,AGL,CE,Federal Contract Tower,0,13,3,0,16,0,0,13,0,13,0,13,16,0,29,4,0,4,33
02/20/2021,LSE,WI,AGL,CE,Federal Contract Tower,0,13,5,0,18,0,0,36,0,36,0,13,41,0,54,12,0,12,66
02/21/2021,LSE,WI,AGL,CE,Federal Contract Tower,0,10,1,0,11,0,0,1,0,1,0,10,2,0,12,4,0,4,16
02/22/2021,LSE,WI,AGL,CE,Federal Contract Tower,0,10,5,0,15,0,0,17,0,17,0,10,22,0,32,0,0,0,32
02/23/2021,LSE,WI,AGL,CE,Federal Contract Tower,0,9,4,0,13,0,0,4,0,4,0,9,8,0,17,20,0,20,37
02/24/2021,LSE,WI,AGL,CE,Federal Contract Tower,0,11,7,0,18,0,0,6,0,6,0,11,13,0,24,12,0,12,36
02/25/2021,LSE,WI,AGL,CE,Federal Contract Tower,0,11,10,0,21,0,2,25,2,29,0,13,35,2,50,12,0,12,62
02/26/2021,LSE,WI,AGL,CE,Federal Contract Tower,0,13,7,0,20,0,0,12,0,12,0,13,19,0,32,6,0,6,38
02/27/2021,LSE,WI,AGL,CE,Federal Contract Tower,0,13,5,0,18,0,0,34,0,34,0,13,39,0,52,30,0,30,82
02/28/2021,LSE,WI,AGL,CE,Federal Contract Tower,0,9,2,0,11,0,0,0,0,0,0,9,2,0,11,0,0,0,11
03/01/2021,LSE,WI,AGL,CE,Federal Contract Tower,0,11,19,0,30,0,0,25,0,25,0,11,44,0,55,68,0,68,123
03/02/2021,LSE,WI,AGL,CE,Federal Contract Tower,0,10,3,0,13,0,0,6,0,6,0,10,9,0,19,2,0,2,21
03/03/2021,LSE,WI,AGL,CE,Federal Contract Tower,0,12,19,0,31,0,0,40,0,40,0,12,59,0,71,26,0,26,97
03/04/2021,LSE,WI,AGL,CE,Federal Contract Tower,0,13,6,2,21,0,0,26,0,26,0,13,32,2,47,40,0,40,87
03/05/2021,LSE,WI,AGL,CE,Federal Contract Tower,0,13,7,0,20,0,3,35,2,40,0,16,42,2,60,42,14,56,116
03/06/2021,LSE,WI,AGL,CE,Federal Contract Tower,0,12,2,0,14,0,0,35,0,35,0,12,37,0,49,28,0,28,77
03/07/2021,LSE,WI,AGL,CE,Federal Contract Tower,0,10,6,0,16,0,1,6,0,7,0,11,12,0,23,2,0,2,25
03/08/2021,LSE,WI,AGL,CE,Federal Contract Tower,0,19,4,4,27,0,4,34,0,38,0,23,38,4,65,34,0,34,99
03/09/2021,LSE,WI,AGL,CE,Federal Contract Tower,0,12,9,0,21,0,1,13,0,14,0,13,22,0,35,0,0,0,35
03/10/2021,LSE,WI,AGL,CE,Federal Contract Tower,0,15,5,0,20,0,0,0,0,0,0,15,5,0,20,0,0,0,20
03/11/2021,LSE,WI,AGL,CE,Federal Contract Tower,0,15,11,0,26,0,0,5,2,7,0,15,16,2,33,0,0,0,33
03/12/2021,LSE,WI,AGL,CE,Federal Contract Tower,0,16,5,0,21,0,0,30,0,30,0,16,35,0,51,36,0,36,87
03/13/2021,LSE,WI,AGL,CE,Federal Contract Tower,0,10,11,0,21,0,0,39,0,39,0,10,50,0,60,36,0,36,96
03/14/2021,LSE,WI,AGL,CE,Federal Contract Tower,0,9,0,0,9,0,4,5,0,9,0,13,5,0,18,12,0,12,30
03/15/2021,LSE,WI,AGL,CE,Federal Contract Tower,0,12,2,0,14,0,0,0,0,0,0,12,2,0,14,0,0,0,14
03/16/2021,LSE,WI,AGL,CE,Federal Contract Tower,0,12,5,2,19,0,0,2,0,2,0,12,7,2,21,0,0,0,21
03/17/2021,LSE,WI,AGL,CE,Federal Contract Tower,0,13,4,0,17,0,0,5,0,5,0,13,9,0,22,0,0,0,22
03/18/2021,LSE,WI,AGL,CE,Federal Contract Tower,0,16,9,0,25,0,4,8,0,12,0,20,17,0,37,16,0,16,53
03/19/2021,LSE,WI,AGL,CE,Federal Contract Tower,0,12,7,0,19,0,4,57,0,61,0,16,64,0,80,28,0,28,108
03/20/2021,LSE,WI,AGL,CE,Federal Contract Tower,0,14,1,0,15,0,2,23,0,25,0,16,24,0,40,10,0,10,50
03/21/2021,LSE,WI,AGL,CE,Federal Contract Tower,0,10,4,0,14,0,0,6,0,6,0,10,10,0,20,2,0,2,22
03/22/2021,LSE,WI,AGL,CE,Federal Contract Tower,0,11,8,0,19,0,0,20,0,20,0,11,28,0,39,2,0,2,41
03/23/2021,LSE,WI,AGL,CE,Federal Contract Tower,0,15,7,2,24,0,0,6,0,6,0,15,13,2,30,22,0,22,52
03/24/2021,LSE,WI,AGL,CE,Federal Contract Tower,2,16,7,0,25,0,0,0,0,0,2,16,7,0,25,0,0,0,25
03/25/2021,LSE,WI,AGL,CE,Federal Contract Tower,0,15,8,0,23,0,0,11,0,11,0,15,19,0,34,36,0,36,70
03/26/2021,LSE,WI,AGL,CE,Federal Contract Tower,0,11,10,2,23,0,2,34,0,36,0,13,44,2,59,36,0,36,95
03/27/2021,LSE,WI,AGL,CE,Federal Contract Tower,0,12,3,0,15,0,0,0,0,0,0,12,3,0,15,0,0,0,15
03/28/2021,LSE,WI,AGL,CE,Federal Contract Tower,0,13,3,0,16,0,0,16,0,16,0,13,19,0,32,12,0,12,44
03/29/2021,LSE,WI,AGL,CE,Federal Contract Tower,0,11,4,0,15,0,0,5,1,6,0,11,9,1,21,0,2,2,23
03/30/2021,LSE,WI,AGL,CE,Federal Contract Tower,0,22,2,0,24,0,0,3,0,3,0,22,5,0,27,2,0,2,29
03/31/2021,LSE,WI,AGL,CE,Federal Contract Tower,2,17,3,2,24,0,0,5,1,6,2,17,8,3,30,2,2,4,34
04/01/2021,LSE,WI,AGL,CE,Federal Contract Tower,0,16,6,0,22,0,0,30,2,32,0,16,36,2,54,42,2,44,98
04/02/2021,LSE,WI,AGL,CE,Federal Contract Tower,2,17,3,0,22,0,0,16,0,16,2,17,19,0,38,2,0,2,40
04/03/2021,LSE,WI,AGL,CE,Federal Contract Tower,0,11,2,0,13,0,0,66,0,66,0,11,68,0,79,32,0,32,111
04/04/2021,LSE,WI,AGL,CE,Federal Contract Tower,2,10,3,0,15,0,4,27,0,31,2,14,30,0,46,14,0,14,60
04/05/2021,LSE,WI,AGL,CE,Federal Contract Tower,0,8,17,0,25,0,0,18,0,18,0,8,35,0,43,8,0,8,51
04/06/2021,LSE,WI,AGL,CE,Federal Contract Tower,0,14,8,0,22,0,0,9,0,9,0,14,17,0,31,0,0,0,31
04/07/2021,LSE,WI,AGL,CE,Federal Contract Tower,2,9,10,0,21,0,0,12,0,12,2,9,22,0,33,16,0,16,49
04/08/2021,LSE,WI,AGL,CE,Federal Contract Tower,1,17,10,2,30,0,0,6,2,8,1,17,16,4,38,0,10,10,48
04/09/2021,LSE,WI,AGL,CE,Federal Contract Tower,0,14,5,0,19,0,2,0,0,2,0,16,5,0,21,0,0,0,21
04/10/2021,LSE,WI,AGL,CE,Federal Contract Tower,0,11,5,2,18,0,0,1,0,1,0,11,6,2,19,0,0,0,19
04/11/2021,LSE,WI,AGL,CE,Federal Contract Tower,4,13,7,0,24,0,0,7,0,7,4,13,14,0,31,0,0,0,31
04/12/2021,LSE,WI,AGL,CE,Federal Contract Tower,2,22,7,0,31,0,0,5,0,5,2,22,12,0,36,18,0,18,54
04/13/2021,LSE,WI,AGL,CE,Federal Contract Tower,0,11,13,0,24,0,1,4,0,5,0,12,17,0,29,12,0,12,41
04/14/2021,LSE,WI,AGL,CE,Federal Contract Tower,0,16,3,0,19,0,1,5,0,6,0,17,8,0,25,2,0,2,27
04/15/2021,LSE,WI,AGL,CE,Federal Contract Tower,0,23,11,2,36,0,0,6,1,7,0,23,17,3,43,6,0,6,49
04/16/2021,LSE,WI,AGL,CE,Federal Contract Tower,2,12,18,0,32,0,4,50,1,55,2,16,68,1,87,74,0,74,161
04/17/2021,LSE,WI,AGL,CE,Federal Contract Tower,0,9,3,0,12,0,6,39,0,45,0,15,42,0,57,22,0,22,79
04/18/2021,LSE,WI,AGL,CE,Federal Contract Tower,0,7,9,0,16,0,0,17,0,17,0,7,26,0,33,16,0,16,49
04/19/2021,LSE,WI,AGL,CE,Federal Contract Tower,2,13,7,0,22,0,0,3,1,4,2,13,10,1,26,0,0,0,26
04/20/2021,LSE,WI,AGL,CE,Federal Contract Tower,0,13,9,1,23,0,0,17,0,17,0,13,26,1,40,22,0,22,62
04/21/2021,LSE,WI,AGL,CE,Federal Contract Tower,0,11,5,1,17,0,2,14,2,18,0,13,19,3,35,20,0,20,55
04/22/2021,LSE,WI,AGL,CE,Federal Contract Tower,0,14,8,4,26,0,0,23,0,23,0,14,31,4,49,26,0,26,75
04/23/2021,LSE,WI,AGL,CE,Federal Contract Tower,0,10,6,0,16,0,2,9,0,11,0,12,15,0,27,0,0,0,27
04/24/2021,LSE,WI,AGL,CE,Federal Contract Tower,2,12,4,0,18,0,0,1,0,1,2,12,5,0,19,0,0,0,19
04/25/2021,LSE,WI,AGL,CE,Federal Contract Tower,2,18,7,0,27,0,0,9,0,9,2,18,16,0,36,28,0,28,64
04/26/2021,LSE,WI,AGL,CE,Federal Contract Tower,0,10,4,0,14,0,0,16,0,16,0,10,20,0,30,10,0,10,40
04/27/2021,LSE,WI,AGL,CE,Federal Contract Tower,0,7,5,0,12,0,0,12,0,12,0,7,17,0,24,18,0,18,42
04/28/2021,LSE,WI,AGL,CE,Federal Contract Tower,0,9,11,0,20,0,0,0,0,0,0,9,11,0,20,0,0,0,20
04/29/2021,LSE,WI,AGL,CE,Federal Contract Tower,0,14,3,0,17,0,2,31,0,33,0,16,34,0,50,26,11,37,87
04/30/2021,LSE,WI,AGL,CE,Federal Contract Tower,2,15,10,0,27,0,0,39,0,39,2,15,49,0,66,22,12,34,100
05/01/2021,LSE,WI,AGL,CE,Federal Contract Tower,2,10,10,0,22,0,0,11,0,11,2,10,21,0,33,12,0,12,45
05/02/2021,LSE,WI,AGL,CE,Federal Contract Tower,0,13,11,0,24,0,0,25,0,25,0,13,36,0,49,24,0,24,73
05/03/2021,LSE,WI,AGL,CE,Federal Contract Tower,0,15,12,0,27,0,0,3,0,3,0,15,15,0,30,0,0,0,30
05/04/2021,LSE,WI,AGL,CE,Federal Contract Tower,0,11,5,0,16,0,0,2,0,2,0,11,7,0,18,2,0,2,20
05/05/2021,LSE,WI,AGL,CE,Federal Contract Tower,0,14,16,0,30,0,0,52,2,54,0,14,68,2,84,6,0,6,90
05/06/2021,LSE,WI,AGL,CE,Federal Contract Tower,0,15,10,0,25,0,0,18,0,18,0,15,28,0,43,4,0,4,47
05/07/2021,LSE,WI,AGL,CE,Federal Contract Tower,0,17,7,0,24,0,0,12,0,12,0,17,19,0,36,2,0,2,38
05/08/2021,LSE,WI,AGL,CE,Federal Contract Tower,0,11,11,0,22,0,2,32,0,34,0,13,43,0,56,28,0,28,84
05/09/2021,LSE,WI,AGL,CE,Federal Contract Tower,2,11,8,0,21,0,0,12,0,12,2,11,20,0,33,16,0,16,49
05/10/2021,LSE,WI,AGL,CE,Federal Contract Tower,2,17,1,0,20,0,0,11,2,13,2,17,12,2,33,12,2,14,47
05/11/2021,LSE,WI,AGL,CE,Federal Contract Tower,0,10,11,1,22,0,0,43,1,44,0,10,54,2,66,2,30,32,98
05/12/2021,LSE,WI,AGL,CE,Federal Contract Tower,0,17,19,1,37,0,1,39,2,42,0,18,58,3,79,0,34,34,113
05/13/2021,LSE,WI,AGL,CE,Federal Contract Tower,0,15,12,2,29,0,0,33,0,33,0,15,45,2,62,20,2,22,84
05/14/2021,LSE,WI,AGL,CE,Federal Contract Tower,2,20,12,0,34,0,0,26,0,26,2,20,38,0,60,6,0,6,66
05/15/2021,LSE,WI,AGL,CE,Federal Contract Tower,0,11,7,0,18,0,0,10,0,10,0,11,17,0,28,38,0,38,66
05/16/2021,LSE,WI,AGL,CE,Federal Contract Tower,0,10,11,0,21,0,0,19,0,19,0,10,30,0,40,44,0,44,84
05/17/2021,LSE,WI,AGL,CE,Federal Contract Tower,2,15,3,0,20,0,2,26,0,28,2,17,29,0,48,16,0,16,64
05/18/2021,LSE,WI,AGL,CE,Federal Contract Tower,0,16,15,0,31,0,0,4,0,4,0,16,19,0,35,0,0,0,35
05/19/2021,LSE,WI,AGL,CE,Federal Contract Tower,0,14,15,0,29,0,0,0,0,0,0,14,15,0,29,0,0,0,29
05/20/2021,LSE,WI,AGL,CE,Federal Contract Tower,0,20,10,0,30,0,0,0,0,0,0,20,10,0,30,0,0,0,30
05/21/2021,LSE,WI,AGL,CE,Federal Contract Tower,2,16,12,0,30,0,0,1,2,3,2,16,13,2,33,0,0,0,33
05/22/2021,LSE,WI,AGL,CE,Federal Contract Tower,0,11,14,0,25,0,0,17,0,17,0,11,31,0,42,0,0,0,42
05/23/2021,LSE,WI,AGL,CE,Federal Contract Tower,2,10,9,0,21,0,0,0,0,0,2,10,9,0,21,0,0,0,21
05/24/2021,LSE,WI,AGL,CE,Federal Contract Tower,0,17,16,0,33,0,0,32,4,36,0,17,48,4,69,14,0,14,83
05/25/2021,LSE,WI,AGL,CE,Federal Contract Tower,0,16,7,0,23,0,0,2,0,2,0,16,9,0,25,22,0,22,47
05/26/2021,LSE,WI,AGL,CE,Federal Contract Tower,0,22,15,0,37,0,0,16,0,16,0,22,31,0,53,12,0,12,65
05/27/2021,LSE,WI,AGL,CE,Federal Contract Tower,0,12,4,0,16,0,0,0,0,0,0,12,4,0,16,0,0,0,16
05/28/2021,LSE,WI,AGL,CE,Federal Contract Tower,0,11,3,0,14,0,0,12,0,12,0,11,15,0,26,0,0,0,26
05/29/2021,LSE,WI,AGL,CE,Federal Contract Tower,0,15,11,0,26,0,2,27,0,29,0,17,38,0,55,2,0,2,57
05/30/2021,LSE,WI,AGL,CE,Federal Contract Tower,0,11,9,0,20,0,0,4,0,4,0,11,13,0,24,0,0,0,24
05/31/2021,LSE,WI,AGL,CE,Federal Contract Tower,2,10,3,0,15,0,0,14,0,14,2,10,17,0,29,0,0,0,29
06/01/2021,LSE,WI,AGL,CE,Federal Contract Tower,0,14,8,0,22,0,2,31,0,33,0,16,39,0,55,6,0,6,61
06/02/2021,LSE,WI,AGL,CE,Federal Contract Tower,0,25,21,2,48,0,2,12,0,14,0,27,33,2,62,8,0,8,70
06/03/2021,LSE,WI,AGL,CE,Federal Contract Tower,0,12,9,0,21,0,4,16,0,20,0,16,25,0,41,36,0,36,77
06/04/2021,LSE,WI,AGL,CE,Federal Contract Tower,0,16,13,0,29,0,2,23,0,25,0,18,36,0,54,0,0,0,54
06/05/2021,LSE,WI,AGL,CE,Federal Contract Tower,2,14,7,0,23,0,0,7,0,7,2,14,14,0,30,8,0,8,38
06/06/2021,LSE,WI,AGL,CE,Federal Contract Tower,2,15,6,0,23,0,0,15,0,15,2,15,21,0,38,8,0,8,46
06/07/2021,LSE,WI,AGL,CE,Federal Contract Tower,0,19,7,0,26,0,2,24,0,26,0,21,31,0,52,18,0,18,70
06/08/2021,LSE,WI,AGL,CE,Federal Contract Tower,0,16,4,0,20,0,0,12,0,12,0,16,16,0,32,10,0,10,42
06/09/2021,LSE,WI,AGL,CE,Federal Contract Tower,4,15,10,3,32,0,1,21,1,23,4,16,31,4,55,2,0,2,57
06/10/2021,LSE,WI,AGL,CE,Federal Contract Tower,2,18,4,10,34,0,5,26,10,41,2,23,30,20,75,0,106,106,181
06/11/2021,LSE,WI,AGL,CE,Federal Contract Tower,2,11,2,2,17,0,0,9,6,15,2,11,11,8,32,42,106,148,180
06/12/2021,LSE,WI,AGL,CE,Federal Contract Tower,0,13,7,2,22,0,0,44,18,62,0,13,51,20,84,94,128,222,306
06/13/2021,LSE,WI,AGL,CE,Federal Contract Tower,0,12,7,3,22,0,1,56,15,72,0,13,63,18,94,62,110,172,266
06/14/2021,LSE,WI,AGL,CE,Federal Contract Tower,0,17,4,4,25,0,2,18,2,22,0,19,22,6,47,26,0,26,73
06/15/2021,LSE,WI,AGL,CE,Federal Contract Tower,0,15,9,3,27,0,2,30,0,32,0,17,39,3,59,10,0,10,69
06/16/2021,LSE,WI,AGL,CE,Federal Contract Tower,1,16,8,1,26,0,1,43,2,46,1,17,51,3,72,14,0,14,86
06/17/2021,LSE,WI,AGL,CE,Federal Contract Tower,0,17,9,1,27,0,0,12,0,12,0,17,21,1,39,4,0,4,43
06/18/2021,LSE,WI,AGL,CE,Federal Contract Tower,0,13,11,0,24,0,2,31,0,33,0,15,42,0,57,12,0,12,69
06/19/2021,LSE,WI,AGL,CE,Federal Contract Tower,2,20,0,0,22,0,2,54,1,57,2,22,54,1,79,10,0,10,89
06/20/2021,LSE,WI,AGL,CE,Federal Contract Tower,0,14,6,0,20,0,0,5,0,5,0,14,11,0,25,0,0,0,25
06/21/2021,LSE,WI,AGL,CE,Federal Contract Tower,0,18,3,0,21,0,0,22,0,22,0,18,25,0,43,0,0,0,43
06/22/2021,LSE,WI,AGL,CE,Federal Contract Tower,0,17,7,0,24,0,2,40,2,44,0,19,47,2,68,0,18,18,86
06/23/2021,LSE,WI,AGL,CE,Federal Contract Tower,0,18,6,1,25,0,0,15,0,15,0,18,21,1,40,8,6,14,54
06/24/2021,LSE,WI,AGL,CE,Federal Contract Tower,0,19,8,0,27,0,0,6,3,9,0,19,14,3,36,10,18,28,64
06/25/2021,LSE,WI,AGL,CE,Federal Contract Tower,0,17,15,2,34,0,0,9,2,11,0,17,24,4,45,2,0,2,47
06/26/2021,LSE,WI,AGL,CE,Federal Contract Tower,0,14,5,7,26,0,0,0,0,0,0,14,5,7,26,0,0,0,26
06/27/2021,LSE,WI,AGL,CE,Federal Contract Tower,4,22,17,0,43,0,2,15,2,19,4,24,32,2,62,38,0,38,100
06/28/2021,LSE,WI,AGL,CE,Federal Contract Tower,0,10,14,5,29,0,0,145,0,145,0,10,159,5,174,0,0,0,174
06/29/2021,LSE,WI,AGL,CE,Federal Contract Tower,0,15,7,6,28,0,0,0,13,13,0,15,7,19,41,0,0,0,41
06/30/2021,LSE,WI,AGL,CE,Federal Contract Tower,0,18,14,3,35,0,0,99,1,100,0,18,113,4,135,22,2,24,159
07/01/2021,LSE,WI,AGL,CE,Federal Contract Tower,1,21,19,0,41,0,0,38,0,38,1,21,57,0,79,2,4,6,85
07/02/2021,LSE,WI,AGL,CE,Federal Contract Tower,0,15,3,3,21,0,0,31,0,31,0,15,34,3,52,12,0,12,64
07/03/2021,LSE,WI,AGL,CE,Federal Contract Tower,0,14,1,0,15,0,0,44,0,44,0,14,45,0,59,32,0,32,91
07/05/2021,LSE,WI,AGL,CE,Federal Contract Tower,2,13,7,0,22,0,0,13,0,13,2,13,20,0,35,6,0,6,41
07/06/2021,LSE,WI,AGL,CE,Federal Contract Tower,7,18,11,0,36,0,0,7,0,7,7,18,18,0,43,0,0,0,43
07/07/2021,LSE,WI,AGL,CE,Federal Contract Tower,4,15,1,2,22,0,0,0,0,0,4,15,1,2,22,0,0,0,22
07/08/2021,LSE,WI,AGL,CE,Federal Contract Tower,0,25,21,0,46,0,0,15,0,15,0,25,36,0,61,42,0,42,103
07/09/2021,LSE,WI,AGL,CE,Federal Contract Tower,0,23,19,0,42,0,0,32,0,32,0,23,51,0,74,12,0,12,86
07/10/2021,LSE,WI,AGL,CE,Federal Contract Tower,8,17,11,2,38,0,2,86,0,88,8,19,97,2,126,18,0,18,144
07/11/2021,LSE,WI,AGL,CE,Federal Contract Tower,0,16,8,0,24,0,0,39,0,39,0,16,47,0,63,4,0,4,67
07/12/2021,LSE,WI,AGL,CE,Federal Contract Tower,1,14,9,3,27,0,0,6,0,6,1,14,15,3,33,12,0,12,45
07/13/2021,LSE,WI,AGL,CE,Federal Contract Tower,0,20,7,2,29,0,1,37,0,38,0,21,44,2,67,24,0,24,91
07/14/2021,LSE,WI,AGL,CE,Federal Contract Tower,4,13,7,0,24,0,0,2,0,2,4,13,9,0,26,0,0,0,26
07/15/2021,LSE,WI,AGL,CE,Federal Contract Tower,10,17,23,2,52,0,0,20,0,20,10,17,43,2,72,0,0,0,72
07/16/2021,LSE,WI,AGL,CE,Federal Contract Tower,0,18,10,2,30,0,2,56,0,58,0,20,66,2,88,8,0,8,96
07/17/2021,LSE,WI,AGL,CE,Federal Contract Tower,0,17,6,0,23,0,4,53,0,57,0,21,59,0,80,28,0,28,108
07/18/2021,LSE,WI,AGL,CE,Federal Contract Tower,2,13,11,2,28,0,0,24,0,24,2,13,35,2,52,2,0,2,54
07/19/2021,LSE,WI,AGL,CE,Federal Contract Tower,1,16,12,0,29,0,4,23,0,27,1,20,35,0,56,12,0,12,68
07/20/2021,LSE,WI,AGL,CE,Federal Contract Tower,0,16,9,4,29,0,4,29,0,33,0,20,38,4,62,24,2,26,88
07/21/2021,LSE,WI,AGL,CE,Federal Contract Tower,0,20,16,2,38,0,0,3,2,5,0,20,19,4,43,14,0,14,57
07/22/2021,LSE,WI,AGL,CE,Federal Contract Tower,0,18,22,1,41,0,0,37,1,38,0,18,59,2,79,12,0,12,91
07/23/2021,LSE,WI,AGL,CE,Federal Contract Tower,1,15,27,0,43,0,0,253,0,253,1,15,280,0,296,0,0,0,296
07/24/2021,LSE,WI,AGL,CE,Federal Contract Tower,17,12,5,0,34,0,0,175,0,175,17,12,180,0,209,0,0,0,209
07/25/2021,LSE,WI,AGL,CE,Federal Contract Tower,1,11,3,0,15,0,2,36,0,38,1,13,39,0,53,6,0,6,59
07/26/2021,LSE,WI,AGL,CE,Federal Contract Tower,0,12,6,0,18,0,2,30,0,32,0,14,36,0,50,26,0,26,76
07/27/2021,LSE,WI,AGL,CE,Federal Contract Tower,0,14,3,0,17,0,0,11,0,11,0,14,14,0,28,0,0,0,28
07/28/2021,LSE,WI,AGL,CE,Federal Contract Tower,0,17,6,1,24,0,0,35,0,35,0,17,41,1,59,14,0,14,73
07/29/2021,LSE,WI,AGL,CE,Federal Contract Tower,0,17,20,1,38,0,1,30,2,33,0,18,50,3,71,30,4,34,105
07/30/2021,LSE,WI,AGL,CE,Federal Contract Tower,0,12,16,2,30,0,0,21,0,21,0,12,37,2,51,40,0,40,91
07/31/2021,LSE,WI,AGL,CE,Federal Contract Tower,2,15,12,0,29,0,0,7,0,7,2,15,19,0,36,0,0,0,36
08/01/2021,LSE,WI,AGL,CE,Federal Contract Tower,4,17,9,0,30,0,0,30,0,30,4,17,39,0,60,4,0,4,64
08/02/2021,LSE,WI,AGL,CE,Federal Contract Tower,0,17,18,0,35,0,0,42,0,42,0,17,60,0,77,0,0,0,77
08/03/2021,LSE,WI,AGL,CE,Federal Contract Tower,0,18,7,1,26,0,1,40,0,41,0,19,47,1,67,14,0,14,81
08/04/2021,LSE,WI,AGL,CE,Federal Contract Tower,0,26,1,2,29,0,2,28,0,30,0,28,29,2,59,52,0,52,111
08/05/2021,LSE,WI,AGL,CE,Federal Contract Tower,0,14,10,2,26,0,0,0,0,0,0,14,10,2,26,0,0,0,26
08/06/2021,LSE,WI,AGL,CE,Federal Contract Tower,0,17,10,0,27,0,0,12,2,14,0,17,22,2,41,24,0,24,65
08/07/2021,LSE,WI,AGL,CE,Federal Contract Tower,8,15,7,2,32,0,0,0,0,0,8,15,7,2,32,0,0,0,32
08/08/2021,LSE,WI,AGL,CE,Federal Contract Tower,0,13,6,2,21,0,0,16,0,16,0,13,22,2,37,0,0,0,37
08/09/2021,LSE,WI,AGL,CE,Federal Contract Tower,2,12,11,4,29,0,3,12,0,15,2,15,23,4,44,6,0,6,50
08/10/2021,LSE,WI,AGL,CE,Federal Contract Tower,0,15,8,6,29,0,0,6,0,6,0,15,14,6,35,14,0,14,49
08/11/2021,LSE,WI,AGL,CE,Federal Contract Tower,0,14,6,4,24,0,0,6,1,7,0,14,12,5,31,24,0,24,55
08/12/2021,LSE,WI,AGL,CE,Federal Contract Tower,0,15,7,2,24,0,1,40,4,45,0,16,47,6,69,34,0,34,103
08/13/2021,LSE,WI,AGL,CE,Federal Contract Tower,0,16,5,0,21,0,1,34,0,35,0,17,39,0,56,6,0,6,62
08/14/2021,LSE,WI,AGL,CE,Federal Contract Tower,2,16,13,9,40,0,0,83,1,84,2,16,96,10,124,10,0,10,134
08/15/2021,LSE,WI,AGL,CE,Federal Contract Tower,2,14,8,0,24,0,0,18,0,18,2,14,26,0,42,30,0,30,72
08/16/2021,LSE,WI,AGL,CE,Federal Contract Tower,0,15,4,0,19,0,0,37,0,37,0,15,41,0,56,26,0,26,82
08/17/2021,LSE,WI,AGL,CE,Federal Contract Tower,0,12,11,0,23,0,0,19,0,19,0,12,30,0,42,6,0,6,48
08/18/2021,LSE,WI,AGL,CE,Federal Contract Tower,0,18,8,0,26,0,4,35,0,39,0,22,43,0,65,18,0,18,83
08/19/2021,LSE,WI,AGL,CE,Federal Contract Tower,0,20,10,5,35,0,2,27,0,29,0,22,37,5,64,6,0,6,70
08/20/2021,LSE,WI,AGL,CE,Federal Contract Tower,1,15,10,1,27,0,2,20,4,26,1,17,30,5,53,14,0,14,67
08/21/2021,LSE,WI,AGL,CE,Federal Contract Tower,9,12,6,4,31,0,0,10,4,14,9,12,16,8,45,0,0,0,45
08/22/2021,LSE,WI,AGL,CE,Federal Contract Tower,0,17,9,1,27,0,0,39,2,41,0,17,48,3,68,30,0,30,98
08/23/2021,LSE,WI,AGL,CE,Federal Contract Tower,0,16,12,0,28,0,5,9,0,14,0,21,21,0,42,10,0,10,52
08/24/2021,LSE,WI,AGL,CE,Federal Contract Tower,1,12,5,2,20,0,0,3,0,3,1,12,8,2,23,0,0,0,23
08/25/2021,LSE,WI,AGL,CE,Federal Contract Tower,0,16,10,0,26,0,4,31,0,35,0,20,41,0,61,14,2,16,77
08/26/2021,LSE,WI,AGL,CE,Federal Contract Tower,0,16,7,0,23,0,0,11,0,11,0,16,18,0,34,12,0,12,46
08/27/2021,LSE,WI,AGL,CE,Federal Contract Tower,0,19,3,2,24,0,0,0,0,0,0,19,3,2,24,0,0,0,24
08/28/2021,LSE,WI,AGL,CE,Federal Contract Tower,0,15,8,0,23,0,0,21,0,21,0,15,29,0,44,0,0,0,44
08/29/2021,LSE,WI,AGL,CE,Federal Contract Tower,0,13,2,0,15,0,0,8,0,8,0,13,10,0,23,0,0,0,23
08/30/2021,LSE,WI,AGL,CE,Federal Contract Tower,2,19,8,0,29,0,6,26,0,32,2,25,34,0,61,24,0,24,85
08/31/2021,LSE,WI,AGL,CE,Federal Contract Tower,0,22,1,0,23,0,0,30,0,30,0,22,31,0,53,4,0,4,57
09/01/2021,LSE,WI,AGL,CE,Federal Contract Tower,3,24,7,0,34,0,0,46,0,46,3,24,53,0,80,0,0,0,80
09/02/2021,LSE,WI,AGL,CE,Federal Contract Tower,1,22,6,0,29,0,2,26,0,28,1,24,32,0,57,6,0,6,63
09/03/2021,LSE,WI,AGL,CE,Federal Contract Tower,0,32,7,0,39,0,0,0,0,0,0,32,7,0,39,0,0,0,39
09/04/2021,LSE,WI,AGL,CE,Federal Contract Tower,0,20,4,0,24,0,0,4,0,4,0,20,8,0,28,4,0,4,32
09/05/2021,LSE,WI,AGL,CE,Federal Contract Tower,0,15,3,0,18,0,1,17,0,18,0,16,20,0,36,0,0,0,36
09/06/2021,LSE,WI,AGL,CE,Federal Contract Tower,1,10,7,0,18,0,3,21,0,24,1,13,28,0,42,0,0,0,42
09/07/2021,LSE,WI,AGL,CE,Federal Contract Tower,0,17,6,0,23,0,0,21,0,21,0,17,27,0,44,8,0,8,52
09/08/2021,LSE,WI,AGL,CE,Federal Contract Tower,0,14,11,0,25,0,0,13,0,13,0,14,24,0,38,0,0,0,38
09/09/2021,LSE,WI,AGL,CE,Federal Contract Tower,0,18,16,4,38,0,4,33,0,37,0,22,49,4,75,22,24,46,121
09/10/2021,LSE,WI,AGL,CE,Federal Contract Tower,0,20,13,0,33,0,0,25,0,25,0,20,38,0,58,10,0,10,68
09/11/2021,LSE,WI,AGL,CE,Federal Contract Tower,1,18,9,0,28,0,0,88,0,88,1,18,97,0,116,24,0,24,140
09/12/2021,LSE,WI,AGL,CE,Federal Contract Tower,0,15,12,0,27,0,0,22,0,22,0,15,34,0,49,24,0,24,73
09/13/2021,LSE,WI,AGL,CE,Federal Contract Tower,0,18,1,0,19,0,2,16,0,18,0,20,17,0,37,10,0,10,47
09/14/2021,LSE,WI,AGL,CE,Federal Contract Tower,0,19,12,0,31,0,0,21,0,21,0,19,33,0,52,0,0,0,52
09/15/2021,LSE,WI,AGL,CE,Federal Contract Tower,0,17,11,0,28,0,2,29,0,31,0,19,40,0,59,46,0,46,105
09/16/2021,LSE,WI,AGL,CE,Federal Contract Tower,0,17,5,0,22,0,0,22,0,22,0,17,27,0,44,34,0,34,78
09/17/2021,LSE,WI,AGL,CE,Federal Contract Tower,0,21,16,0,37,0,0,20,0,20,0,21,36,0,57,4,0,4,61
09/18/2021,LSE,WI,AGL,CE,Federal Contract Tower,3,13,6,0,22,0,0,55,0,55,3,13,61,0,77,14,0,14,91
09/19/2021,LSE,WI,AGL,CE,Federal Contract Tower,1,15,8,0,24,0,8,52,0,60,1,23,60,0,84,0,0,0,84
09/20/2021,LSE,WI,AGL,CE,Federal Contract Tower,0,19,10,2,31,0,0,4,0,4,0,19,14,2,35,0,0,0,35
09/21/2021,LSE,WI,AGL,CE,Federal Contract Tower,0,14,10,4,28,0,0,25,0,25,0,14,35,4,53,28,0,28,81
09/22/2021,LSE,WI,AGL,CE,Federal Contract Tower,0,21,4,0,25,0,2,28,0,30,0,23,32,0,55,36,0,36,91
09/23/2021,LSE,WI,AGL,CE,Federal Contract Tower,0,29,1,0,30,0,4,29,0,33,0,33,30,0,63,25,0,25,88
09/24/2021,LSE,WI,AGL,CE,Federal Contract Tower,0,19,15,0,34,0,1,10,0,11,0,20,25,0,45,2,0,2,47
09/25/2021,LSE,WI,AGL,CE,Federal Contract Tower,0,13,4,0,17,0,0,13,0,13,0,13,17,0,30,12,0,12,42
09/26/2021,LSE,WI,AGL,CE,Federal Contract Tower,0,14,12,0,26,0,0,26,0,26,0,14,38,0,52,40,0,40,92
09/27/2021,LSE,WI,AGL,CE,Federal Contract Tower,0,18,7,2,27,0,2,20,0,22,0,20,27,2,49,32,0,32,81
09/28/2021,LSE,WI,AGL,CE,Federal Contract Tower,0,18,3,0,21,0,2,27,0,29,0,20,30,0,50,34,0,34,84
09/29/2021,LSE,WI,AGL,CE,Federal Contract Tower,0,19,11,0,30,0,1,46,0,47,0,20,57,0,77,50,0,50,127
09/30/2021,LSE,WI,AGL,CE,Federal Contract Tower,0,19,10,0,29,0,0,48,2,50,0,19,58,2,79,16,0,16,95
10/01/2021,LSE,WI,AGL,CE,Federal Contract Tower,2,18,11,0,31,0,0,19,0,19,2,18,30,0,50,0,0,0,50
10/02/2021,LSE,WI,AGL,CE,Federal Contract Tower,1,10,7,0,18,0,0,2,2,4,1,10,9,2,22,0,2,2,24
10/03/2021,LSE,WI,AGL,CE,Federal Contract Tower,0,14,11,0,25,0,0,0,0,0,0,14,11,0,25,0,0,0,25
10/04/2021,LSE,WI,AGL,CE,Federal Contract Tower,0,23,15,0,38,0,0,12,0,12,0,23,27,0,50,14,0,14,64
10/05/2021,LSE,WI,AGL,CE,Federal Contract Tower,0,18,6,0,24,0,1,18,0,19,0,19,24,0,43,30,0,30,73
10/06/2021,LSE,WI,AGL,CE,Federal Contract Tower,1,24,11,1,37,0,2,28,1,31,1,26,39,2,68,28,0,28,96
10/07/2021,LSE,WI,AGL,CE,Federal Contract Tower,0,34,1,0,35,0,0,0,0,0,0,34,1,0,35,0,0,0,35
10/08/2021,LSE,WI,AGL,CE,Federal Contract Tower,0,22,12,0,34,0,4,3,0,7,0,26,15,0,41,10,0,10,51
10/09/2021,LSE,WI,AGL,CE,Federal Contract Tower,0,15,12,0,27,0,0,58,0,58,0,15,70,0,85,40,0,40,125
10/10/2021,LSE,WI,AGL,CE,Federal Contract Tower,0,16,3,0,19,0,0,29,0,29,0,16,32,0,48,16,0,16,64
10/11/2021,LSE,WI,AGL,CE,Federal Contract Tower,0,19,4,0,23,0,1,0,0,1,0,20,4,0,24,2,0,2,26
10/12/2021,LSE,WI,AGL,CE,Federal Contract Tower,0,17,9,0,26,0,0,5,0,5,0,17,14,0,31,0,0,0,31
10/13/2021,LSE,WI,AGL,CE,Federal Contract Tower,0,19,10,6,35,0,0,0,0,0,0,19,10,6,35,0,0,0,35
10/14/2021,LSE,WI,AGL,CE,Federal Contract Tower,0,21,6,0,27,0,0,42,6,48,0,21,48,6,75,34,0,34,109
10/15/2021,LSE,WI,AGL,CE,Federal Contract Tower,2,20,10,0,32,0,0,33,0,33,2,20,43,0,65,26,0,26,91
10/16/2021,LSE,WI,AGL,CE,Federal Contract Tower,0,12,7,1,20,0,0,11,4,15,0,12,18,5,35,8,0,8,43
10/17/2021,LSE,WI,AGL,CE,Federal Contract Tower,2,15,5,0,22,0,5,51,0,56,2,20,56,0,78,36,0,36,114
10/18/2021,LSE,WI,AGL,CE,Federal Contract Tower,2,18,9,0,29,0,0,34,0,34,2,18,43,0,63,22,0,22,85
10/19/2021,LSE,WI,AGL,CE,Federal Contract Tower,0,21,9,0,30,0,1,36,2,39,0,22,45,2,69,36,0,36,105
10/20/2021,LSE,WI,AGL,CE,Federal Contract Tower,0,17,9,0,26,0,0,8,0,8,0,17,17,0,34,0,0,0,34
10/21/2021,LSE,WI,AGL,CE,Federal Contract Tower,0,15,13,6,34,0,0,6,0,6,0,15,19,6,40,0,2,2,42
10/22/2021,LSE,WI,AGL,CE,Federal Contract Tower,0,17,7,0,24,0,1,19,0,20,0,18,26,0,44,22,0,22,66
10/23/2021,LSE,WI,AGL,CE,Federal Contract Tower,0,18,6,0,24,0,0,49,0,49,0,18,55,0,73,44,0,44,117
10/24/2021,LSE,WI,AGL,CE,Federal Contract Tower,2,15,13,0,30,0,2,27,0,29,2,17,40,0,59,20,0,20,79
10/25/2021,LSE,WI,AGL,CE,Federal Contract Tower,0,14,9,0,23,0,0,25,2,27,0,14,34,2,50,10,0,10,60
10/26/2021,LSE,WI,AGL,CE,Federal Contract Tower,0,16,8,0,24,0,0,41,0,41,0,16,49,0,65,24,0,24,89
10/27/2021,LSE,WI,AGL,CE,Federal Contract Tower,0,17,15,0,32,0,0,4,0,4,0,17,19,0,36,10,0,10,46
10/28/2021,LSE,WI,AGL,CE,Federal Contract Tower,4,18,8,0,30,0,0,0,0,0,4,18,8,0,30,16,0,16,46
10/29/2021,LSE,WI,AGL,CE,Federal Contract Tower,0,13,8,2,23,0,0,1,0,1,0,13,9,2,24,0,0,0,24
10/30/2021,LSE,WI,AGL,CE,Federal Contract Tower,0,13,6,0,19,0,1,38,0,39,0,14,44,0,58,16,0,16,74
10/31/2021,LSE,WI,AGL,CE,Federal Contract Tower,0,9,5,0,14,0,0,15,0,15,0,9,20,0,29,0,0,0,29
11/01/2021,LSE,WI,AGL,CE,Federal Contract Tower,0,23,7,0,30,0,0,17,0,17,0,23,24,0,47,14,0,14,61
11/02/2021,LSE,WI,AGL,CE,Federal Contract Tower,0,20,7,0,27,0,0,20,0,20,0,20,27,0,47,16,2,18,65
11/03/2021,LSE,WI,AGL,CE,Federal Contract Tower,0,27,3,2,32,0,0,14,0,14,0,27,17,2,46,0,0,0,46
11/04/2021,LSE,WI,AGL,CE,Federal Contract Tower,0,13,6,2,21,0,1,16,2,19,0,14,22,4,40,22,0,22,62
11/05/2021,LSE,WI,AGL,CE,Federal Contract Tower,0,21,0,0,21,0,0,8,0,8,0,21,8,0,29,6,0,6,35
11/06/2021,LSE,WI,AGL,CE,Federal Contract Tower,4,10,2,0,16,0,2,37,0,39,4,12,39,0,55,40,0,40,95
11/07/2021,LSE,WI,AGL,CE,Federal Contract Tower,0,16,3,0,19,0,0,27,0,27,0,16,30,0,46,10,0,10,56
11/08/2021,LSE,WI,AGL,CE,Federal Contract Tower,4,16,1,0,21,0,0,21,0,21,4,16,22,0,42,30,0,30,72
11/09/2021,LSE,WI,AGL,CE,Federal Contract Tower,0,13,11,0,24,0,0,18,0,18,0,13,29,0,42,22,0,22,64
11/10/2021,LSE,WI,AGL,CE,Federal Contract Tower,0,15,6,0,21,0,1,14,0,15,0,16,20,0,36,18,0,18,54
11/11/2021,LSE,WI,AGL,CE,Federal Contract Tower,0,15,2,1,18,0,0,0,1,1,0,15,2,2,19,0,0,0,19
11/12/2021,LSE,WI,AGL,CE,Federal Contract Tower,0,13,10,0,23,0,0,1,0,1,0,13,11,0,24,0,0,0,24
11/13/2021,LSE,WI,AGL,CE,Federal Contract Tower,0,15,2,0,17,0,0,8,0,8,0,15,10,0,25,14,0,14,39
11/14/2021,LSE,WI,AGL,CE,Federal Contract Tower,0,16,16,0,32,0,0,1,0,1,0,16,17,0,33,0,0,0,33
11/15/2021,LSE,WI,AGL,CE,Federal Contract Tower,0,17,7,0,24,0,0,7,0,7,0,17,14,0,31,10,0,10,41
11/16/2021,LSE,WI,AGL,CE,Federal Contract Tower,0,17,5,2,24,0,2,11,0,13,0,19,16,2,37,6,0,6,43
11/17/2021,LSE,WI,AGL,CE,Federal Contract Tower,0,18,16,0,34,0,0,11,0,11,0,18,27,0,45,0,0,0,45
11/18/2021,LSE,WI,AGL,CE,Federal Contract Tower,0,16,10,0,26,0,0,0,0,0,0,16,10,0,26,0,0,0,26
11/19/2021,LSE,WI,AGL,CE,Federal Contract Tower,0,17,6,0,23,0,0,21,0,21,0,17,27,0,44,18,0,18,62
11/20/2021,LSE,WI,AGL,CE,Federal Contract Tower,0,11,5,0,16,0,0,25,0,25,0,11,30,0,41,12,0,12,53
11/21/2021,LSE,WI,AGL,CE,Federal Contract Tower,0,13,2,0,15,0,0,5,0,5,0,13,7,0,20,4,0,4,24
11/22/2021,LSE,WI,AGL,CE,Federal Contract Tower,0,4,20,0,24,0,1,7,0,8,0,5,27,0,32,4,0,4,36
11/23/2021,LSE,WI,AGL,CE,Federal Contract Tower,0,15,6,2,23,0,0,7,1,8,0,15,13,3,31,0,2,2,33
11/24/2021,LSE,WI,AGL,CE,Federal Contract Tower,0,18,7,0,25,0,0,11,0,11,0,18,18,0,36,30,0,30,66
11/25/2021,LSE,WI,AGL,CE,Federal Contract Tower,0,7,3,0,10,0,0,9,0,9,0,7,12,0,19,2,0,2,21
11/26/2021,LSE,WI,AGL,CE,Federal Contract Tower,0,16,2,0,18,0,0,29,0,29,0,16,31,0,47,20,0,20,67
11/27/2021,LSE,WI,AGL,CE,Federal Contract Tower,0,14,4,0,18,0,0,19,0,19,0,14,23,0,37,0,0,0,37
11/28/2021,LSE,WI,AGL,CE,Federal Contract Tower,1,17,6,0,24,0,0,19,0,19,1,17,25,0,43,4,0,4,47
11/29/2021,LSE,WI,AGL,CE,Federal Contract Tower,5,14,6,0,25,0,0,14,0,14,5,14,20,0,39,0,0,0,39
11/30/2021,LSE,WI,AGL,CE,Federal Contract Tower,4,19,12,0,35,0,0,52,4,56,4,19,64,4,91,28,0,28,119
12/01/2021,LSE,WI,AGL,CE,Federal Contract Tower,0,25,11,0,36,0,2,17,0,19,0,27,28,0,55,6,0,6,61
12/02/2021,LSE,WI,AGL,CE,Federal Contract Tower,0,28,10,0,38,0,2,14,0,16,0,30,24,0,54,22,0,22,76
12/03/2021,LSE,WI,AGL,CE,Federal Contract Tower,2,17,5,0,24,0,0,29,0,29,2,17,34,0,53,10,0,10,63
12/04/2021,LSE,WI,AGL,CE,Federal Contract Tower,0,14,5,0,19,0,1,36,0,37,0,15,41,0,56,14,0,14,70
12/05/2021,LSE,WI,AGL,CE,Federal Contract Tower,0,15,7,0,22,0,0,0,0,0,0,15,7,0,22,0,0,0,22
12/06/2021,LSE,WI,AGL,CE,Federal Contract Tower,0,13,9,0,22,0,0,0,0,0,0,13,9,0,22,0,0,0,22
12/07/2021,LSE,WI,AGL,CE,Federal Contract Tower,0,13,4,0,17,0,0,0,0,0,0,13,4,0,17,0,0,0,17
12/08/2021,LSE,WI,AGL,CE,Federal Contract Tower,0,19,4,1,24,0,0,27,1,28,0,19,31,2,52,40,0,40,92
12/09/2021,LSE,WI,AGL,CE,Federal Contract Tower,0,20,7,0,27,0,0,10,0,10,0,20,17,0,37,4,0,4,41
12/10/2021,LSE,WI,AGL,CE,Federal Contract Tower,0,21,5,0,26,0,0,3,0,3,0,21,8,0,29,4,0,4,33
12/11/2021,LSE,WI,AGL,CE,Federal Contract Tower,0,15,4,0,19,0,2,6,0,8,0,17,10,0,27,12,0,12,39
12/12/2021,LSE,WI,AGL,CE,Federal Contract Tower,2,11,4,0,17,0,2,25,0,27,2,13,29,0,44,2,0,2,46
12/13/2021,LSE,WI,AGL,CE,Federal Contract Tower,0,15,3,2,20,0,0,45,0,45,0,15,48,2,65,12,0,12,77
12/14/2021,LSE,WI,AGL,CE,Federal Contract Tower,2,19,4,0,25,0,3,4,0,7,2,22,8,0,32,6,0,6,38
12/15/2021,LSE,WI,AGL,CE,Federal Contract Tower,2,11,3,0,16,0,0,0,0,0,2,11,3,0,16,0,0,0,16
12/16/2021,LSE,WI,AGL,CE,Federal Contract Tower,0,14,8,0,22,0,2,2,0,4,0,16,10,0,26,0,0,0,26
12/17/2021,LSE,WI,AGL,CE,Federal Contract Tower,0,18,17,0,35,0,2,30,0,32,0,20,47,0,67,24,0,24,91
12/18/2021,LSE,WI,AGL,CE,Federal Contract Tower,0,15,0,0,15,0,0,7,0,7,0,15,7,0,22,22,0,22,44
12/19/2021,LSE,WI,AGL,CE,Federal Contract Tower,0,9,3,0,12,0,0,2,0,2,0,9,5,0,14,0,0,0,14
12/20/2021,LSE,WI,AGL,CE,Federal Contract Tower,0,10,5,0,15,0,1,12,4,17,0,11,17,4,32,16,0,16,48
12/21/2021,LSE,WI,AGL,CE,Federal Contract Tower,0,18,3,0,21,0,0,14,0,14,0,18,17,0,35,6,0,6,41
12/22/2021,LSE,WI,AGL,CE,Federal Contract Tower,0,20,3,0,23,0,0,11,0,11,0,20,14,0,34,10,0,10,44
12/23/2021,LSE,WI,AGL,CE,Federal Contract Tower,0,15,11,0,26,0,0,32,0,32,0,15,43,0,58,14,0,14,72
12/24/2021,LSE,WI,AGL,CE,Federal Contract Tower,0,9,1,0,10,0,0,0,0,0,0,9,1,0,10,0,0,0,10
12/25/2021,LSE,WI,AGL,CE,Federal Contract Tower,0,9,3,0,12,0,2,4,0,6,0,11,7,0,18,6,0,6,24
12/26/2021,LSE,WI,AGL,CE,Federal Contract Tower,0,11,5,0,16,0,0,12,0,12,0,11,17,0,28,14,0,14,42
12/27/2021,LSE,WI,AGL,CE,Federal Contract Tower,0,16,4,0,20,0,0,2,0,2,0,16,6,0,22,0,0,0,22
12/28/2021,LSE,WI,AGL,CE,Federal Contract Tower,0,13,0,0,13,0,0,0,0,0,0,13,0,0,13,0,0,0,13
12/29/2021,LSE,WI,AGL,CE,Federal Contract Tower,0,14,2,0,16,0,0,7,0,7,0,14,9,0,23,8,0,8,31
12/30/2021,LSE,WI,AGL,CE,Federal Contract Tower,0,14,4,0,18,0,0,3,0,3,0,14,7,0,21,10,0,10,31
12/31/2021,LSE,WI,AGL,CE,Federal Contract Tower,0,8,0,0,8,0,0,2,0,2,0,8,2,0,10,0,0,0,10
01/01/2022,LSE,WI,AGL,CE,Federal Contract Tower,0,9,1,0,10,0,0,1,0,1,0,9,2,0,11,0,0,0,11
01/02/2022,LSE,WI,AGL,CE,Federal Contract Tower,0,12,12,0,24,0,0,6,0,6,0,12,18,0,30,0,0,0,30
01/03/2022,LSE,WI,AGL,CE,Federal Contract Tower,0,13,4,0,17,0,0,21,0,21,0,13,25,0,38,20,0,20,58
01/04/2022,LSE,WI,AGL,CE,Federal Contract Tower,0,13,1,0,14,0,0,7,0,7,0,13,8,0,21,8,0,8,29
01/05/2022,LSE,WI,AGL,CE,Federal Contract Tower,0,14,3,0,17,0,0,0,0,0,0,14,3,0,17,0,0,0,17
01/06/2022,LSE,WI,AGL,CE,Federal Contract Tower,0,14,2,0,16,0,0,2,0,2,0,14,4,0,18,4,0,4,22
01/07/2022,LSE,WI,AGL,CE,Federal Contract Tower,0,10,3,0,13,0,0,5,0,5,0,10,8,0,18,10,0,10,28
01/08/2022,LSE,WI,AGL,CE,Federal Contract Tower,0,17,2,0,19,0,0,0,0,0,0,17,2,0,19,0,0,0,19
01/09/2022,LSE,WI,AGL,CE,Federal Contract Tower,0,18,6,0,24,0,0,14,0,14,0,18,20,0,38,0,0,0,38
01/10/2022,LSE,WI,AGL,CE,Federal Contract Tower,0,16,6,0,22,0,0,6,0,6,0,16,12,0,28,14,0,14,42
01/11/2022,LSE,WI,AGL,CE,Federal Contract Tower,0,18,4,2,24,0,0,12,0,12,0,18,16,2,36,0,0,0,36
01/12/2022,LSE,WI,AGL,CE,Federal Contract Tower,0,18,7,0,25,0,0,42,0,42,0,18,49,0,67,50,0,50,117
01/13/2022,LSE,WI,AGL,CE,Federal Contract Tower,2,14,7,0,23,0,0,7,0,7,2,14,14,0,30,8,0,8,38
01/14/2022,LSE,WI,AGL,CE,Federal Contract Tower,0,11,3,0,14,0,0,0,0,0,0,11,3,0,14,0,0,0,14
01/15/2022,LSE,WI,AGL,CE,Federal Contract Tower,0,10,7,0,17,0,2,43,0,45,0,12,50,0,62,20,0,20,82
01/16/2022,LSE,WI,AGL,CE,Federal Contract Tower,2,13,4,0,19,0,0,0,0,0,2,13,4,0,19,0,0,0,19
01/17/2022,LSE,WI,AGL,CE,Federal Contract Tower,2,9,0,0,11,0,2,8,0,10,2,11,8,0,21,20,0,20,41
01/18/2022,LSE,WI,AGL,CE,Federal Contract Tower,0,12,4,0,16,0,0,11,0,11,0,12,15,0,27,4,0,4,31
01/19/2022,LSE,WI,AGL,CE,Federal Contract Tower,0,18,9,0,27,0,0,6,0,6,0,18,15,0,33,4,0,4,37
01/20/2022,LSE,WI,AGL,CE,Federal Contract Tower,0,15,1,0,16,0,4,1,0,5,0,19,2,0,21,0,2,2,23
01/21/2022,LSE,WI,AGL,CE,Federal Contract Tower,2,11,7,0,20,0,0,5,0,5,2,11,12,0,25,2,0,2,27
01/22/2022,LSE,WI,AGL,CE,Federal Contract Tower,0,10,5,0,15,0,0,4,0,4,0,10,9,0,19,12,0,12,31
01/23/2022,LSE,WI,AGL,CE,Federal Contract Tower,0,7,6,0,13,0,1,8,0,9,0,8,14,0,22,0,0,0,22
01/24/2022,LSE,WI,AGL,CE,Federal Contract Tower,1,24,3,0,28,0,0,4,0,4,1,24,7,0,32,6,0,6,38
01/25/2022,LSE,WI,AGL,CE,Federal Contract Tower,0,14,2,0,16,0,0,0,0,0,0,14,2,0,16,0,0,0,16
01/26/2022,LSE,WI,AGL,CE,Federal Contract Tower,0,12,6,4,22,0,0,8,0,8,0,12,14,4,30,2,2,4,34
01/27/2022,LSE,WI,AGL,CE,Federal Contract Tower,0,10,3,0,13,0,0,12,0,12,0,10,15,0,25,0,0,0,25
01/28/2022,LSE,WI,AGL,CE,Federal Contract Tower,0,12,6,0,18,0,2,18,0,20,0,14,24,0,38,10,0,10,48
01/29/2022,LSE,WI,AGL,CE,Federal Contract Tower,6,9,6,0,21,0,0,9,0,9,6,9,15,0,30,14,0,14,44
01/30/2022,LSE,WI,AGL,CE,Federal Contract Tower,0,10,6,0,16,0,0,14,0,14,0,10,20,0,30,42,0,42,72
01/31/2022,LSE,WI,AGL,CE,Federal Contract Tower,0,11,1,0,12,0,3,7,0,10,0,14,8,0,22,4,0,4,26
02/01/2022,LSE,WI,AGL,CE,Federal Contract Tower,0,10,8,0,18,0,0,6,0,6,0,10,14,0,24,12,0,12,36
02/02/2022,LSE,WI,AGL,CE,Federal Contract Tower,0,10,5,0,15,0,0,7,0,7,0,10,12,0,22,4,0,4,26
02/03/2022,LSE,WI,AGL,CE,Federal Contract Tower,2,12,0,0,14,0,2,9,0,11,2,14,9,0,25,0,0,0,25
02/04/2022,LSE,WI,AGL,CE,Federal Contract Tower,0,17,8,0,25,0,0,3,0,3,0,17,11,0,28,0,0,0,28
02/05/2022,LSE,WI,AGL,CE,Federal Contract Tower,4,9,2,0,15,0,0,10,0,10,4,9,12,0,25,16,0,16,41
02/06/2022,LSE,WI,AGL,CE,Federal Contract Tower,0,8,3,0,11,0,0,3,1,4,0,8,6,1,15,22,0,22,37
02/07/2022,LSE,WI,AGL,CE,Federal Contract Tower,0,11,9,0,20,0,0,20,2,22,0,11,29,2,42,18,0,18,60
02/08/2022,LSE,WI,AGL,CE,Federal Contract Tower,0,12,0,3,15,0,0,39,0,39,0,12,39,3,54,40,2,42,96
02/09/2022,LSE,WI,AGL,CE,Federal Contract Tower,0,15,3,0,18,0,0,2,0,2,0,15,5,0,20,0,0,0,20
02/10/2022,LSE,WI,AGL,CE,Federal Contract Tower,0,18,9,0,27,0,0,3,0,3,0,18,12,0,30,0,0,0,30
02/11/2022,LSE,WI,AGL,CE,Federal Contract Tower,0,15,3,0,18,0,0,1,0,1,0,15,4,0,19,0,0,0,19
02/12/2022,LSE,WI,AGL,CE,Federal Contract Tower,2,14,5,0,21,0,0,27,0,27,2,14,32,0,48,36,0,36,84
02/13/2022,LSE,WI,AGL,CE,Federal Contract Tower,0,10,0,0,10,0,0,3,0,3,0,10,3,0,13,16,0,16,29
02/14/2022,LSE,WI,AGL,CE,Federal Contract Tower,0,13,6,0,19,0,0,15,0,15,0,13,21,0,34,24,0,24,58
02/15/2022,LSE,WI,AGL,CE,Federal Contract Tower,0,15,8,0,23,0,2,17,0,19,0,17,25,0,42,8,0,8,50
02/16/2022,LSE,WI,AGL,CE,Federal Contract Tower,0,21,9,0,30,0,0,2,0,2,0,21,11,0,32,8,0,8,40
02/17/2022,LSE,WI,AGL,CE,Federal Contract Tower,0,12,7,0,19,0,0,21,2,23,0,12,28,2,42,6,0,6,48
02/18/2022,LSE,WI,AGL,CE,Federal Contract Tower,0,12,5,10,27,0,0,0,0,0,0,12,5,10,27,0,0,0,27
02/19/2022,LSE,WI,AGL,CE,Federal Contract Tower,3,13,4,0,20,0,2,6,0,8,3,15,10,0,28,16,0,16,44
02/20/2022,LSE,WI,AGL,CE,Federal Contract Tower,0,10,3,2,15,0,2,13,0,15,0,12,16,2,30,16,0,16,46
02/21/2022,LSE,WI,AGL,CE,Federal Contract Tower,0,18,2,0,20,0,0,0,0,0,0,18,2,0,20,0,0,0,20
02/22/2022,LSE,WI,AGL,CE,Federal Contract Tower,0,12,2,0,14,0,0,0,0,0,0,12,2,0,14,0,0,0,14
02/23/2022,LSE,WI,AGL,CE,Federal Contract Tower,0,17,8,0,25,0,0,14,0,14,0,17,22,0,39,6,0,6,45
02/24/2022,LSE,WI,AGL,CE,Federal Contract Tower,0,11,10,0,21,0,0,2,0,2,0,11,12,0,23,10,0,10,33
02/25/2022,LSE,WI,AGL,CE,Federal Contract Tower,1,17,5,2,25,0,1,15,0,16,1,18,20,2,41,50,0,50,91
02/26/2022,LSE,WI,AGL,CE,Federal Contract Tower,3,10,4,0,17,0,1,19,0,20,3,11,23,0,37,22,0,22,59
02/27/2022,LSE,WI,AGL,CE,Federal Contract Tower,0,16,5,0,21,0,10,38,0,48,0,26,43,0,69,20,0,20,89
02/28/2022,LSE,WI,AGL,CE,Federal Contract Tower,0,15,12,0,27,0,0,70,0,70,0,15,82,0,97,64,0,64,161
03/01/2022,LSE,WI,AGL,CE,Federal Contract Tower,0,20,11,0,31,0,0,18,0,18,0,20,29,0,49,10,0,10,59
03/02/2022,LSE,WI,AGL,CE,Federal Contract Tower,0,23,4,0,27,0,0,3,0,3,0,23,7,0,30,0,0,0,30
03/03/2022,LSE,WI,AGL,CE,Federal Contract Tower,0,16,16,0,32,0,0,16,0,16,0,16,32,0,48,40,0,40,88
03/04/2022,LSE,WI,AGL,CE,Federal Contract Tower,0,15,9,0,24,0,2,15,0,17,0,17,24,0,41,12,0,12,53
03/05/2022,LSE,WI,AGL,CE,Federal Contract Tower,2,8,0,0,10,0,0,0,0,0,2,8,0,0,10,0,0,0,10
03/06/2022,LSE,WI,AGL,CE,Federal Contract Tower,0,8,4,0,12,0,0,2,0,2,0,8,6,0,14,0,0,0,14
03/07/2022,LSE,WI,AGL,CE,Federal Contract Tower,0,10,4,0,14,0,0,5,0,5,0,10,9,0,19,8,0,8,27
03/08/2022,LSE,WI,AGL,CE,Federal Contract Tower,0,18,6,0,24,0,0,15,0,15,0,18,21,0,39,6,8,14,53
03/09/2022,LSE,WI,AGL,CE,Federal Contract Tower,2,19,13,4,38,0,0,6,0,6,2,19,19,4,44,6,0,6,50
03/10/2022,LSE,WI,AGL,CE,Federal Contract Tower,0,16,6,0,22,0,0,14,0,14,0,16,20,0,36,8,0,8,44
03/11/2022,LSE,WI,AGL,CE,Federal Contract Tower,2,18,5,0,25,0,0,0,0,0,2,18,5,0,25,0,0,0,25
03/12/2022,LSE,WI,AGL,CE,Federal Contract Tower,0,12,2,0,14,0,1,30,0,31,0,13,32,0,45,6,0,6,51
03/13/2022,LSE,WI,AGL,CE,Federal Contract Tower,2,12,5,0,19,0,0,22,0,22,2,12,27,0,41,0,0,0,41
03/14/2022,LSE,WI,AGL,CE,Federal Contract Tower,0,9,4,0,13,0,0,11,0,11,0,9,15,0,24,8,0,8,32
03/15/2022,LSE,WI,AGL,CE,Federal Contract Tower,0,14,6,0,20,0,0,17,0,17,0,14,23,0,37,6,0,6,43
03/16/2022,LSE,WI,AGL,CE,Federal Contract Tower,0,15,14,2,31,0,4,28,0,32,0,19,42,2,63,6,0,6,69
03/17/2022,LSE,WI,AGL,CE,Federal Contract Tower,2,20,0,0,22,0,2,6,0,8,2,22,6,0,30,18,0,18,48
03/18/2022,LSE,WI,AGL,CE,Federal Contract Tower,0,13,11,0,24,0,0,0,0,0,0,13,11,0,24,0,0,0,24
03/19/2022,LSE,WI,AGL,CE,Federal Contract Tower,0,10,3,0,13,0,1,23,0,24,0,11,26,0,37,0,0,0,37
03/20/2022,LSE,WI,AGL,CE,Federal Contract Tower,0,9,8,0,17,0,0,42,1,43,0,9,50,1,60,22,0,22,82
03/21/2022,LSE,WI,AGL,CE,Federal Contract Tower,0,19,7,0,26,0,0,14,2,16,0,19,21,2,42,2,2,4,46
03/22/2022,LSE,WI,AGL,CE,Federal Contract Tower,0,16,4,0,20,0,0,0,0,0,0,16,4,0,20,0,0,0,20
03/23/2022,LSE,WI,AGL,CE,Federal Contract Tower,0,14,11,0,25,0,0,0,0,0,0,14,11,0,25,0,0,0,25
03/24/2022,LSE,WI,AGL,CE,Federal Contract Tower,0,15,6,0,21,0,0,1,0,1,0,15,7,0,22,0,0,0,22
03/25/2022,LSE,WI,AGL,CE,Federal Contract Tower,0,12,0,0,12,0,0,0,0,0,0,12,0,0,12,0,0,0,12
03/26/2022,LSE,WI,AGL,CE,Federal Contract Tower,0,11,7,0,18,0,0,6,0,6,0,11,13,0,24,0,0,0,24
03/27/2022,LSE,WI,AGL,CE,Federal Contract Tower,0,18,2,0,20,0,0,42,0,42,0,18,44,0,62,4,0,4,66
03/28/2022,LSE,WI,AGL,CE,Federal Contract Tower,0,17,4,0,21,0,4,30,0,34,0,21,34,0,55,36,0,36,91
03/29/2022,LSE,WI,AGL,CE,Federal Contract Tower,0,14,3,0,17,0,0,5,1,6,0,14,8,1,23,0,2,2,25
03/30/2022,LSE,WI,AGL,CE,Federal Contract Tower,0,14,5,0,19,0,0,0,0,0,0,14,5,0,19,0,0,0,19
03/31/2022,LSE,WI,AGL,CE,Federal Contract Tower,0,12,3,0,15,0,0,0,0,0,0,12,3,0,15,0,0,0,15
04/01/2022,LSE,WI,AGL,CE,Federal Contract Tower,0,17,15,0,32,0,2,28,0,30,0,19,43,0,62,48,0,48,110
04/02/2022,LSE,WI,AGL,CE,Federal Contract Tower,0,9,0,0,9,0,0,2,0,2,0,9,2,0,11,0,0,0,11
04/03/2022,LSE,WI,AGL,CE,Federal Contract Tower,0,11,11,0,22,0,0,26,0,26,0,11,37,0,48,10,0,10,58
04/04/2022,LSE,WI,AGL,CE,Federal Contract Tower,0,11,4,0,15,0,0,7,0,7,0,11,11,0,22,0,0,0,22
04/05/2022,LSE,WI,AGL,CE,Federal Contract Tower,0,13,6,0,19,0,0,2,0,2,0,13,8,0,21,0,0,0,21
04/06/2022,LSE,WI,AGL,CE,Federal Contract Tower,0,9,7,0,16,0,0,0,0,0,0,9,7,0,16,0,0,0,16
04/07/2022,LSE,WI,AGL,CE,Federal Contract Tower,0,11,2,0,13,0,0,0,0,0,0,11,2,0,13,0,0,0,13
04/08/2022,LSE,WI,AGL,CE,Federal Contract Tower,0,8,7,0,15,0,0,0,0,0,0,8,7,0,15,0,0,0,15
04/09/2022,LSE,WI,AGL,CE,Federal Contract Tower,0,14,11,0,25,0,0,111,0,111,0,14,122,0,136,60,0,60,196
04/10/2022,LSE,WI,AGL,CE,Federal Contract Tower,0,8,5,0,13,0,0,7,0,7,0,8,12,0,20,0,0,0,20
04/11/2022,LSE,WI,AGL,CE,Federal Contract Tower,0,9,9,0,18,0,0,19,0,19,0,9,28,0,37,42,0,42,79
04/12/2022,LSE,WI,AGL,CE,Federal Contract Tower,2,20,4,0,26,0,0,4,0,4,2,20,8,0,30,0,0,0,30
04/13/2022,LSE,WI,AGL,CE,Federal Contract Tower,0,14,4,0,18,0,0,0,0,0,0,14,4,0,18,0,0,0,18
04/14/2022,LSE,WI,AGL,CE,Federal Contract Tower,0,16,7,0,23,0,0,0,0,0,0,16,7,0,23,0,0,0,23
04/15/2022,LSE,WI,AGL,CE,Federal Contract Tower,0,10,3,0,13,0,2,11,0,13,0,12,14,0,26,0,0,0,26
04/16/2022,LSE,WI,AGL,CE,Federal Contract Tower,0,7,4,0,11,0,0,15,0,15,0,7,19,0,26,0,0,0,26
04/17/2022,LSE,WI,AGL,CE,Federal Contract Tower,0,7,6,0,13,0,2,18,0,20,0,9,24,0,33,18,0,18,51
04/18/2022,LSE,WI,AGL,CE,Federal Contract Tower,2,12,5,0,19,0,0,0,0,0,2,12,5,0,19,0,0,0,19
04/19/2022,LSE,WI,AGL,CE,Federal Contract Tower,0,13,10,0,23,0,0,28,0,28,0,13,38,0,51,56,0,56,107
04/20/2022,LSE,WI,AGL,CE,Federal Contract Tower,0,12,5,0,17,0,0,0,0,0,0,12,5,0,17,0,0,0,17
04/21/2022,LSE,WI,AGL,CE,Federal Contract Tower,0,9,8,1,18,0,4,47,3,54,0,13,55,4,72,16,4,20,92
04/22/2022,LSE,WI,AGL,CE,Federal Contract Tower,2,12,8,0,22,0,0,0,0,0,2,12,8,0,22,0,0,0,22
04/23/2022,LSE,WI,AGL,CE,Federal Contract Tower,0,7,3,0,10,0,0,2,0,2,0,7,5,0,12,16,0,16,28
04/24/2022,LSE,WI,AGL,CE,Federal Contract Tower,0,10,3,0,13,0,0,2,0,2,0,10,5,0,15,0,0,0,15
04/25/2022,LSE,WI,AGL,CE,Federal Contract Tower,0,14,7,0,21,0,1,8,0,9,0,15,15,0,30,10,0,10,40
04/26/2022,LSE,WI,AGL,CE,Federal Contract Tower,0,14,13,0,27,0,0,8,2,10,0,14,21,2,37,12,0,12,49
04/27/2022,LSE,WI,AGL,CE,Federal Contract Tower,1,15,11,0,27,0,6,22,1,29,1,21,33,1,56,22,10,32,88
04/28/2022,LSE,WI,AGL,CE,Federal Contract Tower,0,15,8,0,23,0,0,4,0,4,0,15,12,0,27,0,0,0,27
04/29/2022,LSE,WI,AGL,CE,Federal Contract Tower,0,14,10,0,24,0,0,5,0,5,0,14,15,0,29,10,0,10,39
04/30/2022,LSE,WI,AGL,CE,Federal Contract Tower,0,16,0,0,16,0,0,0,0,0,0,16,0,0,16,0,0,0,16
05/01/2022,LSE,WI,AGL,CE,Federal Contract Tower,0,12,5,0,17,0,0,0,0,0,0,12,5,0,17,0,0,0,17
05/02/2022,LSE,WI,AGL,CE,Federal Contract Tower,0,17,4,2,23,0,2,8,0,10,0,19,12,2,33,48,0,48,81
05/03/2022,LSE,WI,AGL,CE,Federal Contract Tower,2,15,8,0,25,0,0,2,0,2,2,15,10,0,27,4,0,4,31
05/04/2022,LSE,WI,AGL,CE,Federal Contract Tower,0,21,13,0,34,0,0,62,0,62,0,21,75,0,96,46,0,46,142
05/05/2022,LSE,WI,AGL,CE,Federal Contract Tower,0,22,6,0,28,0,0,16,0,16,0,22,22,0,44,6,0,6,50
05/06/2022,LSE,WI,AGL,CE,Federal Contract Tower,0,18,9,0,27,0,0,26,0,26,0,18,35,0,53,6,0,6,59
05/07/2022,LSE,WI,AGL,CE,Federal Contract Tower,3,9,4,0,16,0,3,50,0,53,3,12,54,0,69,18,0,18,87
05/08/2022,LSE,WI,AGL,CE,Federal Contract Tower,0,7,3,0,10,0,0,3,0,3,0,7,6,0,13,0,0,0,13
05/09/2022,LSE,WI,AGL,CE,Federal Contract Tower,0,11,2,0,13,0,0,0,0,0,0,11,2,0,13,0,0,0,13
05/10/2022,LSE,WI,AGL,CE,Federal Contract Tower,2,13,6,0,21,0,0,9,0,9,2,13,15,0,30,0,0,0,30
05/11/2022,LSE,WI,AGL,CE,Federal Contract Tower,3,10,10,0,23,0,0,13,4,17,3,10,23,4,40,22,0,22,62
05/12/2022,LSE,WI,AGL,CE,Federal Contract Tower,1,10,4,2,17,0,0,11,3,14,1,10,15,5,31,0,12,12,43
05/13/2022,LSE,WI,AGL,CE,Federal Contract Tower,0,17,4,1,22,0,0,8,1,9,0,17,12,2,31,10,14,24,55
05/14/2022,LSE,WI,AGL,CE,Federal Contract Tower,0,13,4,0,17,0,0,51,0,51,0,13,55,0,68,24,2,26,94
05/15/2022,LSE,WI,AGL,CE,Federal Contract Tower,0,12,8,0,20,0,4,35,1,40,0,16,43,1,60,56,0,56,116
05/16/2022,LSE,WI,AGL,CE,Federal Contract Tower,0,16,6,0,22,0,5,19,2,26,0,21,25,2,48,10,0,10,58
05/17/2022,LSE,WI,AGL,CE,Federal Contract Tower,0,16,7,0,23,0,0,24,2,26,0,16,31,2,49,0,0,0,49
05/18/2022,LSE,WI,AGL,CE,Federal Contract Tower,2,12,7,0,21,0,0,7,2,9,2,12,14,2,30,0,0,0,30
05/19/2022,LSE,WI,AGL,CE,Federal Contract Tower,2,13,5,0,20,0,0,10,1,11,2,13,15,1,31,8,0,8,39
05/20/2022,LSE,WI,AGL,CE,Federal Contract Tower,0,11,7,0,18,0,0,6,0,6,0,11,13,0,24,0,0,0,24
05/21/2022,LSE,WI,AGL,CE,Federal Contract Tower,0,13,5,0,18,0,5,15,0,20,0,18,20,0,38,0,0,0,38
05/22/2022,LSE,WI,AGL,CE,Federal Contract Tower,2,11,4,0,17,0,2,43,0,45,2,13,47,0,62,0,0,0,62
05/23/2022,LSE,WI,AGL,CE,Federal Contract Tower,0,14,7,2,23,0,5,31,0,36,0,19,38,2,59,22,0,22,81
05/24/2022,LSE,WI,AGL,CE,Federal Contract Tower,0,12,12,0,24,0,0,19,0,19,0,12,31,0,43,2,0,2,45
05/25/2022,LSE,WI,AGL,CE,Federal Contract Tower,0,19,9,0,28,0,0,0,0,0,0,19,9,0,28,0,0,0,28
05/26/2022,LSE,WI,AGL,CE,Federal Contract Tower,0,20,7,2,29,0,0,0,0,0,0,20,7,2,29,0,0,0,29
05/27/2022,LSE,WI,AGL,CE,Federal Contract Tower,0,12,7,0,19,0,2,46,0,48,0,14,53,0,67,30,0,30,97
05/28/2022,LSE,WI,AGL,CE,Federal Contract Tower,0,11,4,0,15,0,0,15,0,15,0,11,19,0,30,0,0,0,30
05/29/2022,LSE,WI,AGL,CE,Federal Contract Tower,0,7,2,0,9,0,0,1,0,1,0,7,3,0,10,0,0,0,10
05/30/2022,LSE,WI,AGL,CE,Federal Contract Tower,0,6,2,0,8,0,2,7,0,9,0,8,9,0,17,0,0,0,17
05/31/2022,LSE,WI,AGL,CE,Federal Contract Tower,0,14,8,0,22,0,2,6,0,8,0,16,14,0,30,16,0,16,46
06/01/2022,LSE,WI,AGL,CE,Federal Contract Tower,0,9,16,0,25,0,2,31,0,33,0,11,47,0,58,8,0,8,66
06/02/2022,LSE,WI,AGL,CE,Federal Contract Tower,0,13,9,0,22,0,0,22,0,22,0,13,31,0,44,6,0,6,50
06/03/2022,LSE,WI,AGL,CE,Federal Contract Tower,1,14,17,0,32,0,0,39,0,39,1,14,56,0,71,8,0,8,79
06/04/2022,LSE,WI,AGL,CE,Federal Contract Tower,0,14,3,0,17,0,1,6,0,7,0,15,9,0,24,0,0,0,24
06/05/2022,LSE,WI,AGL,CE,Federal Contract Tower,0,12,5,0,17,0,0,4,0,4,0,12,9,0,21,0,0,0,21
06/06/2022,LSE,WI,AGL,CE,Federal Contract Tower,0,11,8,0,19,0,0,4,0,4,0,11,12,0,23,0,0,0,23
06/07/2022,LSE,WI,AGL,CE,Federal Contract Tower,0,14,10,0,24,0,0,30,0,30,0,14,40,0,54,14,0,14,68
06/08/2022,LSE,WI,AGL,CE,Federal Contract Tower,0,10,9,0,19,0,1,13,0,14,0,11,22,0,33,6,0,6,39
06/09/2022,LSE,WI,AGL,CE,Federal Contract Tower,0,14,13,2,29,0,3,42,0,45,0,17,55,2,74,46,4,50,124
06/10/2022,LSE,WI,AGL,CE,Federal Contract Tower,2,10,4,0,16,0,0,11,4,15,2,10,15,4,31,4,0,4,35
06/11/2022,LSE,WI,AGL,CE,Federal Contract Tower,0,9,8,0,17,0,0,2,0,2,0,9,10,0,19,0,0,0,19
06/12/2022,LSE,WI,AGL,CE,Federal Contract Tower,0,11,4,0,15,0,0,5,0,5,0,11,9,0,20,12,0,12,32
06/13/2022,LSE,WI,AGL,CE,Federal Contract Tower,0,10,4,0,14,0,0,3,0,3,0,10,7,0,17,10,0,10,27
06/14/2022,LSE,WI,AGL,CE,Federal Contract Tower,0,14,9,0,23,0,4,19,0,23,0,18,28,0,46,14,6,20,66
06/15/2022,LSE,WI,AGL,CE,Federal Contract Tower,0,12,4,0,16,0,0,6,0,6,0,12,10,0,22,0,0,0,22
06/16/2022,LSE,WI,AGL,CE,Federal Contract Tower,0,14,13,0,27,0,2,13,0,15,0,16,26,0,42,0,0,0,42
06/17/2022,LSE,WI,AGL,CE,Federal Contract Tower,0,14,14,0,28,0,0,52,0,52,0,14,66,0,80,0,0,0,80
06/18/2022,LSE,WI,AGL,CE,Federal Contract Tower,0,6,4,0,10,0,0,33,0,33,0,6,37,0,43,16,0,16,59
06/19/2022,LSE,WI,AGL,CE,Federal Contract Tower,0,13,3,0,16,0,3,23,0,26,0,16,26,0,42,14,0,14,56
06/20/2022,LSE,WI,AGL,CE,Federal Contract Tower,0,23,18,0,41,0,0,29,0,29,0,23,47,0,70,8,0,8,78
06/21/2022,LSE,WI,AGL,CE,Federal Contract Tower,0,10,17,0,27,0,0,23,0,23,0,10,40,0,50,26,0,26,76
06/22/2022,LSE,WI,AGL,CE,Federal Contract Tower,0,13,3,0,16,0,4,23,0,27,0,17,26,0,43,4,0,4,47
06/23/2022,LSE,WI,AGL,CE,Federal Contract Tower,0,18,7,0,25,0,2,24,0,26,0,20,31,0,51,20,0,20,71
06/24/2022,LSE,WI,AGL,CE,Federal Contract Tower,0,14,11,3,28,0,4,18,0,22,0,18,29,3,50,2,0,2,52
06/25/2022,LSE,WI,AGL,CE,Federal Contract Tower,0,6,0,0,6,0,0,2,0,2,0,6,2,0,8,0,0,0,8
06/26/2022,LSE,WI,AGL,CE,Federal Contract Tower,0,12,6,0,18,0,4,17,0,21,0,16,23,0,39,0,0,0,39
06/27/2022,LSE,WI,AGL,CE,Federal Contract Tower,0,18,4,0,22,0,7,47,0,54,0,25,51,0,76,48,0,48,124
06/28/2022,LSE,WI,AGL,CE,Federal Contract Tower,0,17,1,0,18,0,2,10,0,12,0,19,11,0,30,4,0,4,34
06/29/2022,LSE,WI,AGL,CE,Federal Contract Tower,2,15,7,1,25,0,0,25,0,25,2,15,32,1,50,14,34,48,98
06/30/2022,LSE,WI,AGL,CE,Federal Contract Tower,0,16,9,4,29,0,0,7,0,7,0,16,16,4,36,4,8,12,48
07/01/2022,LSE,WI,AGL,CE,Federal Contract Tower,0,9,4,0,13,0,0,36,0,36,0,9,40,0,49,36,0,36,85
07/02/2022,LSE,WI,AGL,CE,Federal Contract Tower,0,9,6,0,15,0,2,23,0,25,0,11,29,0,40,0,0,0,40
07/03/2022,LSE,WI,AGL,CE,Federal Contract Tower,0,8,0,0,8,0,2,28,0,30,0,10,28,0,38,2,0,2,40
07/04/2022,LSE,WI,AGL,CE,Federal Contract Tower,0,6,1,0,7,0,0,1,0,1,0,6,2,0,8,0,0,0,8
07/05/2022,LSE,WI,AGL,CE,Federal Contract Tower,0,12,7,0,19,0,4,8,0,12,0,16,15,0,31,4,0,4,35
07/06/2022,LSE,WI,AGL,CE,Federal Contract Tower,0,17,12,2,31,0,1,7,0,8,0,18,19,2,39,0,0,0,39
07/07/2022,LSE,WI,AGL,CE,Federal Contract Tower,0,12,8,2,22,0,0,15,0,15,0,12,23,2,37,6,0,6,43
07/08/2022,LSE,WI,AGL,CE,Federal Contract Tower,0,11,6,2,19,0,0,19,0,19,0,11,25,2,38,18,0,18,56
07/09/2022,LSE,WI,AGL,CE,Federal Contract Tower,0,10,11,0,21,0,0,55,0,55,0,10,66,0,76,30,0,30,106
07/10/2022,LSE,WI,AGL,CE,Federal Contract Tower,0,10,1,0,11,0,0,26,0,26,0,10,27,0,37,4,0,4,41
07/11/2022,LSE,WI,AGL,CE,Federal Contract Tower,0,12,6,10,28,0,0,7,2,9,0,12,13,12,37,0,18,18,55
07/12/2022,LSE,WI,AGL,CE,Federal Contract Tower,0,11,5,8,24,0,0,38,0,38,0,11,43,8,62,42,0,42,104
07/13/2022,LSE,WI,AGL,CE,Federal Contract Tower,0,11,12,9,32,0,0,36,1,37,0,11,48,10,69,30,0,30,99
07/14/2022,LSE,WI,AGL,CE,Federal Contract Tower,0,13,20,0,33,0,2,38,0,40,0,15,58,0,73,6,0,6,79
07/15/2022,LSE,WI,AGL,CE,Federal Contract Tower,0,11,6,0,17,0,0,8,0,8,0,11,14,0,25,8,0,8,33
07/16/2022,LSE,WI,AGL,CE,Federal Contract Tower,0,5,3,0,8,0,0,9,0,9,0,5,12,0,17,4,0,4,21
07/17/2022,LSE,WI,AGL,CE,Federal Contract Tower,0,8,3,0,11,0,0,21,0,21,0,8,24,0,32,8,0,8,40
07/18/2022,LSE,WI,AGL,CE,Federal Contract Tower,0,16,10,0,26,0,0,28,0,28,0,16,38,0,54,22,0,22,76
07/19/2022,LSE,WI,AGL,CE,Federal Contract Tower,0,10,10,0,20,0,2,13,0,15,0,12,23,0,35,8,0,8,43
07/20/2022,LSE,WI,AGL,CE,Federal Contract Tower,0,15,19,2,36,0,1,30,0,31,0,16,49,2,67,42,0,42,109
07/21/2022,LSE,WI,AGL,CE,Federal Contract Tower,0,18,9,0,27,0,2,99,0,101,0,20,108,0,128,6,0,6,134
07/22/2022,LSE,WI,AGL,CE,Federal Contract Tower,0,21,29,0,50,0,0,242,0,242,0,21,271,0,292,0,0,0,292
07/23/2022,LSE,WI,AGL,CE,Federal Contract Tower,0,12,10,0,22,0,0,150,0,150,0,12,160,0,172,0,0,0,172
07/24/2022,LSE,WI,AGL,CE,Federal Contract Tower,0,10,7,0,17,0,0,55,2,57,0,10,62,2,74,10,0,10,84
07/25/2022,LSE,WI,AGL,CE,Federal Contract Tower,2,13,4,2,21,0,4,35,2,41,2,17,39,4,62,18,2,20,82
07/26/2022,LSE,WI,AGL,CE,Federal Contract Tower,0,15,7,0,22,0,2,29,0,31,0,17,36,0,53,10,14,24,77
07/27/2022,LSE,WI,AGL,CE,Federal Contract Tower,0,14,13,6,33,0,0,32,0,32,0,14,45,6,65,0,0,0,65
07/28/2022,LSE,WI,AGL,CE,Federal Contract Tower,0,10,14,4,28,0,0,42,0,42,0,10,56,4,70,28,0,28,98
07/29/2022,LSE,WI,AGL,CE,Federal Contract Tower,0,13,11,0,24,0,0,32,0,32,0,13,43,0,56,0,0,0,56
07/30/2022,LSE,WI,AGL,CE,Federal Contract Tower,0,11,2,0,13,0,0,34,0,34,0,11,36,0,47,22,0,22,69
07/31/2022,LSE,WI,AGL,CE,Federal Contract Tower,0,6,3,0,9,0,2,21,0,23,0,8,24,0,32,0,0,0,32
08/01/2022,LSE,WI,AGL,CE,Federal Contract Tower,0,11,11,2,24,0,2,27,0,29,0,13,38,2,53,24,0,24,77
08/02/2022,LSE,WI,AGL,CE,Federal Contract Tower,0,14,9,1,24,0,2,20,0,22,0,16,29,1,46,0,0,0,46
08/03/2022,LSE,WI,AGL,CE,Federal Contract Tower,0,10,7,1,18,0,0,21,2,23,0,10,28,3,41,44,0,44,85
08/04/2022,LSE,WI,AGL,CE,Federal Contract Tower,0,12,9,0,21,0,0,39,8,47,0,12,48,8,68,20,4,24,92
08/05/2022,LSE,WI,AGL,CE,Federal Contract Tower,0,12,10,2,24,0,1,45,2,48,0,13,55,4,72,24,8,32,104
08/06/2022,LSE,WI,AGL,CE,Federal Contract Tower,5,7,14,0,26,0,0,5,0,5,5,7,19,0,31,0,0,0,31
08/07/2022,LSE,WI,AGL,CE,Federal Contract Tower,0,7,2,0,9,0,0,1,0,1,0,7,3,0,10,0,0,0,10
08/08/2022,LSE,WI,AGL,CE,Federal Contract Tower,0,11,13,0,24,0,0,11,0,11,0,11,24,0,35,4,0,4,39
08/09/2022,LSE,WI,AGL,CE,Federal Contract Tower,1,13,6,5,25,0,0,52,18,70,1,13,58,23,95,2,0,2,97
08/10/2022,LSE,WI,AGL,CE,Federal Contract Tower,2,19,13,2,36,0,0,47,2,49,2,19,60,4,85,32,0,32,117
08/11/2022,LSE,WI,AGL,CE,Federal Contract Tower,0,15,9,0,24,0,0,47,0,47,0,15,56,0,71,24,0,24,95
08/12/2022,LSE,WI,AGL,CE,Federal Contract Tower,0,17,4,0,21,0,0,9,0,9,0,17,13,0,30,16,0,16,46
08/13/2022,LSE,WI,AGL,CE,Federal Contract Tower,0,14,9,2,25,0,0,6,0,6,0,14,15,2,31,8,0,8,39
08/14/2022,LSE,WI,AGL,CE,Federal Contract Tower,2,11,5,8,26,0,0,5,0,5,2,11,10,8,31,0,0,0,31
08/15/2022,LSE,WI,AGL,CE,Federal Contract Tower,2,5,9,2,18,0,0,9,8,17,2,5,18,10,35,0,8,8,43
08/16/2022,LSE,WI,AGL,CE,Federal Contract Tower,2,9,9,0,20,0,0,34,0,34,2,9,43,0,54,28,0,28,82
08/17/2022,LSE,WI,AGL,CE,Federal Contract Tower,2,9,11,2,24,0,1,24,0,25,2,10,35,2,49,34,0,34,83
08/18/2022,LSE,WI,AGL,CE,Federal Contract Tower,5,12,4,0,21,0,0,12,0,12,5,12,16,0,33,0,0,0,33
08/19/2022,LSE,WI,AGL,CE,Federal Contract Tower,4,5,9,2,20,0,0,10,0,10,4,5,19,2,30,38,0,38,68
08/20/2022,LSE,WI,AGL,CE,Federal Contract Tower,7,7,4,0,18,0,0,4,0,4,7,7,8,0,22,2,0,2,24
08/21/2022,LSE,WI,AGL,CE,Federal Contract Tower,4,5,5,0,14,0,0,8,0,8,4,5,13,0,22,0,0,0,22
08/22/2022,LSE,WI,AGL,CE,Federal Contract Tower,4,8,9,0,21,0,0,41,8,49,4,8,50,8,70,8,8,16,86
08/23/2022,LSE,WI,AGL,CE,Federal Contract Tower,4,6,10,0,20,0,0,31,0,31,4,6,41,0,51,8,0,8,59
08/24/2022,LSE,WI,AGL,CE,Federal Contract Tower,4,9,6,2,21,0,0,16,0,16,4,9,22,2,37,8,6,14,51
08/25/2022,LSE,WI,AGL,CE,Federal Contract Tower,3,10,9,2,24,0,0,2,0,2,3,10,11,2,26,0,0,0,26
08/26/2022,LSE,WI,AGL,CE,Federal Contract Tower,3,8,8,0,19,0,0,40,0,40,3,8,48,0,59,0,0,0,59
08/27/2022,LSE,WI,AGL,CE,Federal Contract Tower,3,5,5,1,14,0,0,2,0,2,3,5,7,1,16,18,0,18,34
08/28/2022,LSE,WI,AGL,CE,Federal Contract Tower,3,2,6,1,12,0,0,2,0,2,3,2,8,1,14,0,0,0,14
08/29/2022,LSE,WI,AGL,CE,Federal Contract Tower,3,11,8,0,22,0,0,18,0,18,3,11,26,0,40,4,0,4,44
08/30/2022,LSE,WI,AGL,CE,Federal Contract Tower,3,7,18,1,29,0,0,30,0,30,3,7,48,1,59,24,0,24,83
08/31/2022,LSE,WI,AGL,CE,Federal Contract Tower,4,13,13,5,35,0,0,31,4,35,4,13,44,9,70,58,28,86,156
09/01/2022,LSE,WI,AGL,CE,Federal Contract Tower,3,14,6,0,23,0,0,18,0,18,3,14,24,0,41,4,0,4,45
09/02/2022,LSE,WI,AGL,CE,Federal Contract Tower,3,5,12,0,20,0,0,10,0,10,3,5,22,0,30,0,0,0,30
09/03/2022,LSE,WI,AGL,CE,Federal Contract Tower,4,5,9,0,18,0,0,31,0,31,4,5,40,0,49,0,0,0,49
09/04/2022,LSE,WI,AGL,CE,Federal Contract Tower,3,4,2,0,9,0,0,21,0,21,3,4,23,0,30,0,0,0,30
09/05/2022,LSE,WI,AGL,CE,Federal Contract Tower,3,7,3,0,13,0,0,20,0,20,3,7,23,0,33,0,0,0,33
09/06/2022,LSE,WI,AGL,CE,Federal Contract Tower,3,12,1,0,16,0,0,17,0,17,3,12,18,0,33,0,0,0,33
09/07/2022,LSE,WI,AGL,CE,Federal Contract Tower,4,9,5,0,18,0,0,35,0,35,4,9,40,0,53,24,0,24,77
09/08/2022,LSE,WI,AGL,CE,Federal Contract Tower,3,12,10,0,25,0,0,30,0,30,3,12,40,0,55,0,0,0,55
09/09/2022,LSE,WI,AGL,CE,Federal Contract Tower,3,9,8,2,22,0,0,26,0,26,3,9,34,2,48,0,12,12,60
09/10/2022,LSE,WI,AGL,CE,Federal Contract Tower,6,5,6,0,17,0,0,1,0,1,6,5,7,0,18,0,0,0,18
09/11/2022,LSE,WI,AGL,CE,Federal Contract Tower,3,7,14,0,24,0,0,17,0,17,3,7,31,0,41,0,0,0,41
09/12/2022,LSE,WI,AGL,CE,Federal Contract Tower,3,13,9,0,25,0,0,31,0,31,3,13,40,0,56,33,0,33,89
09/13/2022,LSE,WI,AGL,CE,Federal Contract Tower,4,13,9,3,29,0,2,28,4,34,4,15,37,7,63,24,8,32,95
09/14/2022,LSE,WI,AGL,CE,Federal Contract Tower,4,16,10,3,33,0,0,42,2,44,4,16,52,5,77,24,14,38,115
09/15/2022,LSE,WI,AGL,CE,Federal Contract Tower,3,15,17,4,39,0,0,19,0,19,3,15,36,4,58,6,0,6,64
09/16/2022,LSE,WI,AGL,CE,Federal Contract Tower,3,11,7,1,22,0,2,29,0,31,3,13,36,1,53,18,0,18,71
09/17/2022,LSE,WI,AGL,CE,Federal Contract Tower,4,7,5,1,17,0,4,19,0,23,4,11,24,1,40,6,0,6,46
09/18/2022,LSE,WI,AGL,CE,Federal Contract Tower,3,10,11,0,24,0,2,6,0,8,3,12,17,0,32,0,0,0,32
09/19/2022,LSE,WI,AGL,CE,Federal Contract Tower,2,6,2,0,10,0,0,20,0,20,2,6,22,0,30,20,0,20,50
09/20/2022,LSE,WI,AGL,CE,Federal Contract Tower,6,8,6,0,20,0,0,17,0,17,6,8,23,0,37,4,0,4,41
09/21/2022,LSE,WI,AGL,CE,Federal Contract Tower,4,9,13,1,27,0,0,19,6,25,4,9,32,7,52,16,26,42,94
09/22/2022,LSE,WI,AGL,CE,Federal Contract Tower,3,12,8,0,23,0,2,26,0,28,3,14,34,0,51,2,4,6,57
09/23/2022,LSE,WI,AGL,CE,Federal Contract Tower,3,7,15,0,25,0,0,16,0,16,3,7,31,0,41,8,0,8,49
09/24/2022,LSE,WI,AGL,CE,Federal Contract Tower,7,10,12,0,29,0,0,1,0,1,7,10,13,0,30,0,0,0,30
09/25/2022,LSE,WI,AGL,CE,Federal Contract Tower,3,6,4,0,13,0,2,0,0,2,3,8,4,0,15,0,0,0,15
09/26/2022,LSE,WI,AGL,CE,Federal Contract Tower,3,8,6,0,17,0,0,14,1,15,3,8,20,1,32,0,0,0,32
09/27/2022,LSE,WI,AGL,CE,Federal Contract Tower,4,13,10,0,27,0,0,20,2,22,4,13,30,2,49,16,0,16,65
09/28/2022,LSE,WI,AGL,CE,Federal Contract Tower,4,11,6,0,21,0,2,30,0,32,4,13,36,0,53,28,0,28,81
09/29/2022,LSE,WI,AGL,CE,Federal Contract Tower,3,9,11,0,23,0,2,15,0,17,3,11,26,0,40,4,0,4,44
09/30/2022,LSE,WI,AGL,CE,Federal Contract Tower,5,11,11,0,27,0,0,44,0,44,5,11,55,0,71,16,0,16,87
10/01/2022,LSE,WI,AGL,CE,Federal Contract Tower,4,4,7,0,15,0,0,27,0,27,4,4,34,0,42,8,0,8,50
10/02/2022,LSE,WI,AGL,CE,Federal Contract Tower,3,4,23,0,30,0,0,34,0,34,3,4,57,0,64,4,0,4,68
10/03/2022,LSE,WI,AGL,CE,Federal Contract Tower,1,9,7,2,19,0,1,41,0,42,1,10,48,2,61,40,0,40,101
10/04/2022,LSE,WI,AGL,CE,Federal Contract Tower,4,6,8,0,18,0,0,23,0,23,4,6,31,0,41,14,0,14,55
10/05/2022,LSE,WI,AGL,CE,Federal Contract Tower,4,5,6,0,15,0,0,33,0,33,4,5,39,0,48,52,0,52,100
10/06/2022,LSE,WI,AGL,CE,Federal Contract Tower,1,7,13,0,21,0,0,5,0,5,1,7,18,0,26,2,0,2,28
10/07/2022,LSE,WI,AGL,CE,Federal Contract Tower,0,11,15,0,26,0,0,8,0,8,0,11,23,0,34,8,0,8,42
10/08/2022,LSE,WI,AGL,CE,Federal Contract Tower,0,19,5,0,24,0,2,48,0,50,0,21,53,0,74,0,0,0,74
10/09/2022,LSE,WI,AGL,CE,Federal Contract Tower,0,9,2,0,11,0,0,39,0,39,0,9,41,0,50,8,0,8,58
10/10/2022,LSE,WI,AGL,CE,Federal Contract Tower,0,15,1,0,16,0,0,29,0,29,0,15,30,0,45,16,0,16,61
10/11/2022,LSE,WI,AGL,CE,Federal Contract Tower,0,21,3,2,26,0,0,5,0,5,0,21,8,2,31,8,0,8,39
10/12/2022,LSE,WI,AGL,CE,Federal Contract Tower,0,11,3,0,14,0,0,4,0,4,0,11,7,0,18,0,0,0,18
10/13/2022,LSE,WI,AGL,CE,Federal Contract Tower,0,11,3,0,14,0,1,4,0,5,0,12,7,0,19,42,0,42,61
10/14/2022,LSE,WI,AGL,CE,Federal Contract Tower,0,11,9,0,20,0,0,4,0,4,0,11,13,0,24,0,0,0,24
10/15/2022,LSE,WI,AGL,CE,Federal Contract Tower,0,7,9,0,16,0,0,26,0,26,0,7,35,0,42,0,0,0,42
10/16/2022,LSE,WI,AGL,CE,Federal Contract Tower,0,8,7,0,15,0,0,10,0,10,0,8,17,0,25,2,0,2,27
10/17/2022,LSE,WI,AGL,CE,Federal Contract Tower,0,9,7,0,16,0,0,3,0,3,0,9,10,0,19,0,0,0,19
10/18/2022,LSE,WI,AGL,CE,Federal Contract Tower,0,11,4,0,15,0,0,10,0,10,0,11,14,0,25,6,0,6,31
10/19/2022,LSE,WI,AGL,CE,Federal Contract Tower,0,12,11,0,23,0,0,25,0,25,0,12,36,0,48,26,0,26,74
10/20/2022,LSE,WI,AGL,CE,Federal Contract Tower,0,14,10,2,26,0,2,35,0,37,0,16,45,2,63,0,0,0,63
10/21/2022,LSE,WI,AGL,CE,Federal Contract Tower,0,13,14,0,27,0,0,45,0,45,0,13,59,0,72,6,0,6,78
10/22/2022,LSE,WI,AGL,CE,Federal Contract Tower,0,10,4,0,14,0,0,34,0,34,0,10,38,0,48,12,0,12,60
10/23/2022,LSE,WI,AGL,CE,Federal Contract Tower,0,9,8,0,17,0,0,7,0,7,0,9,15,0,24,0,0,0,24
10/24/2022,LSE,WI,AGL,CE,Federal Contract Tower,0,9,7,0,16,0,0,2,0,2,0,9,9,0,18,0,0,0,18
10/25/2022,LSE,WI,AGL,CE,Federal Contract Tower,0,10,6,0,16,0,2,16,0,18,0,12,22,0,34,18,0,18,52
10/26/2022,LSE,WI,AGL,CE,Federal Contract Tower,0,15,9,0,24,0,4,51,0,55,0,19,60,0,79,106,0,106,185
10/27/2022,LSE,WI,AGL,CE,Federal Contract Tower,0,9,15,0,24,0,0,36,0,36,0,9,51,0,60,42,0,42,102
10/28/2022,LSE,WI,AGL,CE,Federal Contract Tower,0,11,11,2,24,0,0,32,0,32,0,11,43,2,56,18,28,46,102
10/29/2022,LSE,WI,AGL,CE,Federal Contract Tower,0,7,3,0,10,0,0,55,0,55,0,7,58,0,65,46,2,48,113
10/30/2022,LSE,WI,AGL,CE,Federal Contract Tower,0,7,4,0,11,0,0,20,0,20,0,7,24,0,31,16,8,24,55
10/31/2022,LSE,WI,AGL,CE,Federal Contract Tower,0,7,5,0,12,0,0,34,0,34,0,7,39,0,46,10,0,10,56
11/01/2022,LSE,WI,AGL,CE,Federal Contract Tower,0,18,12,0,30,0,0,35,4,39,0,18,47,4,69,16,2,18,87
11/02/2022,LSE,WI,AGL,CE,Federal Contract Tower,0,10,6,0,16,0,0,22,0,22,0,10,28,0,38,0,0,0,38
11/03/2022,LSE,WI,AGL,CE,Federal Contract Tower,0,14,5,0,19,0,0,9,0,9,0,14,14,0,28,0,0,0,28
11/04/2022,LSE,WI,AGL,CE,Federal Contract Tower,0,9,8,0,17,0,0,0,0,0,0,9,8,0,17,0,0,0,17
11/05/2022,LSE,WI,AGL,CE,Federal Contract Tower,0,7,1,0,8,0,0,0,0,0,0,7,1,0,8,0,0,0,8
11/06/2022,LSE,WI,AGL,CE,Federal Contract Tower,2,4,5,0,11,0,0,19,0,19,2,4,24,0,30,0,0,0,30
11/07/2022,LSE,WI,AGL,CE,Federal Contract Tower,0,8,15,0,23,0,4,30,0,34,0,12,45,0,57,8,0,8,65
11/08/2022,LSE,WI,AGL,CE,Federal Contract Tower,0,10,5,0,15,0,0,18,0,18,0,10,23,0,33,12,0,12,45
11/09/2022,LSE,WI,AGL,CE,Federal Contract Tower,0,10,5,0,15,0,0,0,0,0,0,10,5,0,15,0,0,0,15
11/10/2022,LSE,WI,AGL,CE,Federal Contract Tower,2,12,6,0,20,0,0,0,0,0,2,12,6,0,20,0,0,0,20
11/11/2022,LSE,WI,AGL,CE,Federal Contract Tower,0,9,2,0,11,0,0,13,0,13,0,9,15,0,24,24,0,24,48
11/12/2022,LSE,WI,AGL,CE,Federal Contract Tower,0,7,6,0,13,0,0,2,0,2,0,7,8,0,15,6,0,6,21
11/13/2022,LSE,WI,AGL,CE,Federal Contract Tower,2,9,3,0,14,0,2,33,0,35,2,11,36,0,49,14,0,14,63
11/14/2022,LSE,WI,AGL,CE,Federal Contract Tower,0,11,7,0,18,0,0,6,0,6,0,11,13,0,24,0,0,0,24
11/15/2022,LSE,WI,AGL,CE,Federal Contract Tower,2,13,10,0,25,0,0,0,0,0,2,13,10,0,25,0,0,0,25
11/16/2022,LSE,WI,AGL,CE,Federal Contract Tower,0,10,12,1,23,0,0,1,1,2,0,10,13,2,25,0,0,0,25
11/17/2022,LSE,WI,AGL,CE,Federal Contract Tower,2,15,13,2,32,0,0,2,0,2,2,15,15,2,34,8,0,8,42
11/18/2022,LSE,WI,AGL,CE,Federal Contract Tower,2,11,9,0,22,0,0,6,0,6,2,11,15,0,28,0,0,0,28
11/19/2022,LSE,WI,AGL,CE,Federal Contract Tower,2,7,3,0,12,0,0,2,0,2,2,7,5,0,14,8,0,8,22
11/20/2022,LSE,WI,AGL,CE,Federal Contract Tower,2,4,2,0,8,0,0,16,0,16,2,4,18,0,24,16,0,16,40
11/21/2022,LSE,WI,AGL,CE,Federal Contract Tower,0,18,3,0,21,0,3,17,2,22,0,21,20,2,43,28,0,28,71
11/22/2022,LSE,WI,AGL,CE,Federal Contract Tower,0,13,6,0,19,0,8,28,0,36,0,21,34,0,55,36,0,36,91
11/23/2022,LSE,WI,AGL,CE,Federal Contract Tower,0,14,5,2,21,0,0,41,4,45,0,14,46,6,66,38,32,70,136
11/24/2022,LSE,WI,AGL,CE,Federal Contract Tower,0,4,0,0,4,0,0,0,0,0,0,4,0,0,4,0,0,0,4
11/25/2022,LSE,WI,AGL,CE,Federal Contract Tower,0,9,2,0,11,0,0,26,0,26,0,9,28,0,37,0,0,0,37
11/26/2022,LSE,WI,AGL,CE,Federal Contract Tower,2,9,4,0,15,0,0,10,0,10,2,9,14,0,25,0,0,0,25
11/27/2022,LSE,WI,AGL,CE,Federal Contract Tower,0,9,3,0,12,0,0,25,0,25,0,9,28,0,37,10,0,10,47
11/28/2022,LSE,WI,AGL,CE,Federal Contract Tower,0,16,2,0,18,0,2,6,0,8,0,18,8,0,26,0,24,24,50
11/29/2022,LSE,WI,AGL,CE,Federal Contract Tower,0,8,10,0,18,0,0,0,0,0,0,8,10,0,18,0,0,0,18
11/30/2022,LSE,WI,AGL,CE,Federal Contract Tower,2,11,8,0,21,0,0,0,0,0,2,11,8,0,21,0,0,0,21
12/01/2022,LSE,WI,AGL,CE,Federal Contract Tower,2,12,15,0,29,0,0,2,0,2,2,12,17,0,31,0,0,0,31
12/02/2022,LSE,WI,AGL,CE,Federal Contract Tower,0,13,2,0,15,0,0,4,0,4,0,13,6,0,19,0,0,0,19
12/03/2022,LSE,WI,AGL,CE,Federal Contract Tower,2,5,1,0,8,0,2,18,0,20,2,7,19,0,28,12,0,12,40
12/04/2022,LSE,WI,AGL,CE,Federal Contract Tower,2,7,6,0,15,0,0,42,0,42,2,7,48,0,57,20,0,20,77
12/05/2022,LSE,WI,AGL,CE,Federal Contract Tower,2,10,10,0,22,0,2,4,0,6,2,12,14,0,28,22,0,22,50
12/06/2022,LSE,WI,AGL,CE,Federal Contract Tower,0,11,5,0,16,0,0,13,0,13,0,11,18,0,29,26,0,26,55
12/07/2022,LSE,WI,AGL,CE,Federal Contract Tower,0,18,4,0,22,0,0,11,0,11,0,18,15,0,33,0,0,0,33
12/08/2022,LSE,WI,AGL,CE,Federal Contract Tower,2,13,15,0,30,0,0,6,0,6,2,13,21,0,36,0,0,0,36
12/09/2022,LSE,WI,AGL,CE,Federal Contract Tower,0,11,2,0,13,0,0,0,0,0,0,11,2,0,13,0,0,0,13
12/10/2022,LSE,WI,AGL,CE,Federal Contract Tower,0,15,2,0,17,0,0,0,0,0,0,15,2,0,17,0,0,0,17
12/11/2022,LSE,WI,AGL,CE,Federal Contract Tower,2,9,0,0,11,0,0,3,0,3,2,9,3,0,14,4,0,4,18
12/12/2022,LSE,WI,AGL,CE,Federal Contract Tower,2,10,2,0,14,0,0,2,0,2,2,10,4,0,16,18,0,18,34
12/13/2022,LSE,WI,AGL,CE,Federal Contract Tower,2,9,5,0,16,0,0,0,0,0,2,9,5,0,16,0,0,0,16
12/14/2022,LSE,WI,AGL,CE,Federal Contract Tower,0,10,9,0,19,0,0,0,0,0,0,10,9,0,19,0,0,0,19
12/15/2022,LSE,WI,AGL,CE,Federal Contract Tower,0,13,9,0,22,0,0,0,0,0,0,13,9,0,22,0,0,0,22
12/16/2022,LSE,WI,AGL,CE,Federal Contract Tower,0,11,8,0,19,0,0,0,0,0,0,11,8,0,19,0,0,0,19
12/17/2022,LSE,WI,AGL,CE,Federal Contract Tower,2,7,2,0,11,0,0,0,0,0,2,7,2,0,11,0,0,0,11
12/18/2022,LSE,WI,AGL,CE,Federal Contract Tower,2,11,6,0,19,0,2,20,0,22,2,13,26,0,41,52,0,52,93
12/19/2022,LSE,WI,AGL,CE,Federal Contract Tower,0,10,3,0,13,0,0,3,0,3,0,10,6,0,16,0,0,0,16
12/20/2022,LSE,WI,AGL,CE,Federal Contract Tower,2,15,3,0,20,0,9,14,0,23,2,24,17,0,43,0,0,0,43
12/21/2022,LSE,WI,AGL,CE,Federal Contract Tower,1,15,6,0,22,0,0,2,0,2,1,15,8,0,24,2,0,2,26
12/22/2022,LSE,WI,AGL,CE,Federal Contract Tower,3,6,2,0,11,0,0,0,0,0,3,6,2,0,11,0,0,0,11
12/23/2022,LSE,WI,AGL,CE,Federal Contract Tower,2,7,2,0,11,0,0,3,0,3,2,7,5,0,14,0,0,0,14
12/24/2022,LSE,WI,AGL,CE,Federal Contract Tower,1,5,1,0,7,0,0,1,0,1,1,5,2,0,8,0,0,0,8
12/25/2022,LSE,WI,AGL,CE,Federal Contract Tower,0,5,1,0,6,0,0,2,0,2,0,5,3,0,8,0,0,0,8
12/26/2022,LSE,WI,AGL,CE,Federal Contract Tower,2,7,4,0,13,0,2,5,0,7,2,9,9,0,20,6,0,6,26
12/27/2022,LSE,WI,AGL,CE,Federal Contract Tower,2,13,1,0,16,0,0,7,0,7,2,13,8,0,23,0,0,0,23
12/28/2022,LSE,WI,AGL,CE,Federal Contract Tower,2,14,0,0,16,0,0,17,0,17,2,14,17,0,33,10,0,10,43
12/29/2022,LSE,WI,AGL,CE,Federal Contract Tower,2,15,4,0,21,0,0,11,0,11,2,15,15,0,32,30,0,30,62
12/30/2022,LSE,WI,AGL,CE,Federal Contract Tower,2,11,2,0,15,0,1,2,0,3,2,12,4,0,18,0,0,0,18
12/31/2022,LSE,WI,AGL,CE,Federal Contract Tower,0,5,4,0,9,0,0,13,0,13,0,5,17,0,22,0,0,0,22
01/01/2023,LSE,WI,AGL,CE,Federal Contract Tower,0,9,6,0,15,0,0,27,0,27,0,9,33,0,42,0,0,0,42
01/02/2023,LSE,WI,AGL,CE,Federal Contract Tower,2,7,6,0,15,0,0,0,0,0,2,7,6,0,15,0,0,0,15
01/03/2023,LSE,WI,AGL,CE,Federal Contract Tower,1,5,3,0,9,0,0,0,0,0,1,5,3,0,9,0,0,0,9
01/04/2023,LSE,WI,AGL,CE,Federal Contract Tower,2,6,0,0,8,0,0,0,0,0,2,6,0,0,8,0,0,0,8
01/05/2023,LSE,WI,AGL,CE,Federal Contract Tower,2,6,6,0,14,0,0,0,0,0,2,6,6,0,14,0,0,0,14
01/06/2023,LSE,WI,AGL,CE,Federal Contract Tower,2,8,4,0,14,0,0,2,0,2,2,8,6,0,16,10,0,10,26
01/07/2023,LSE,WI,AGL,CE,Federal Contract Tower,2,5,2,0,9,0,0,23,0,23,2,5,25,0,32,28,0,28,60
01/08/2023,LSE,WI,AGL,CE,Federal Contract Tower,2,5,5,0,12,0,0,0,0,0,2,5,5,0,12,0,0,0,12
01/09/2023,LSE,WI,AGL,CE,Federal Contract Tower,2,6,18,0,26,0,0,15,0,15,2,6,33,0,41,0,0,0,41
01/10/2023,LSE,WI,AGL,CE,Federal Contract Tower,3,4,7,0,14,0,0,0,0,0,3,4,7,0,14,0,0,0,14
01/11/2023,LSE,WI,AGL,CE,Federal Contract Tower,4,4,11,0,19,0,0,0,0,0,4,4,11,0,19,0,0,0,19
01/12/2023,LSE,WI,AGL,CE,Federal Contract Tower,6,3,8,0,17,0,0,0,0,0,6,3,8,0,17,0,0,0,17
01/13/2023,LSE,WI,AGL,CE,Federal Contract Tower,6,4,7,0,17,0,0,0,0,0,6,4,7,0,17,0,0,0,17
01/14/2023,LSE,WI,AGL,CE,Federal Contract Tower,4,7,6,0,17,0,0,14,0,14,4,7,20,0,31,16,0,16,47
01/15/2023,LSE,WI,AGL,CE,Federal Contract Tower,6,4,4,0,14,0,0,16,0,16,6,4,20,0,30,8,0,8,38
01/16/2023,LSE,WI,AGL,CE,Federal Contract Tower,4,5,0,0,9,0,0,0,0,0,4,5,0,0,9,0,0,0,9
01/17/2023,LSE,WI,AGL,CE,Federal Contract Tower,4,2,5,0,11,0,0,0,0,0,4,2,5,0,11,0,0,0,11
01/18/2023,LSE,WI,AGL,CE,Federal Contract Tower,5,6,0,0,11,0,0,4,0,4,5,6,4,0,15,0,0,0,15
01/19/2023,LSE,WI,AGL,CE,Federal Contract Tower,6,8,14,0,28,0,0,0,0,0,6,8,14,0,28,0,0,0,28
01/20/2023,LSE,WI,AGL,CE,Federal Contract Tower,6,5,5,0,16,0,0,4,0,4,6,5,9,0,20,0,0,0,20
01/21/2023,LSE,WI,AGL,CE,Federal Contract Tower,4,7,1,0,12,0,0,0,0,0,4,7,1,0,12,0,0,0,12
01/22/2023,LSE,WI,AGL,CE,Federal Contract Tower,5,3,4,0,12,0,0,0,0,0,5,3,4,0,12,0,0,0,12
01/23/2023,LSE,WI,AGL,CE,Federal Contract Tower,4,7,6,0,17,0,0,11,0,11,4,7,17,0,28,18,0,18,46
01/24/2023,LSE,WI,AGL,CE,Federal Contract Tower,4,3,5,0,12,0,1,8,0,9,4,4,13,0,21,16,0,16,37
01/25/2023,LSE,WI,AGL,CE,Federal Contract Tower,4,8,5,0,17,0,0,0,0,0,4,8,5,0,17,0,0,0,17
01/26/2023,LSE,WI,AGL,CE,Federal Contract Tower,5,8,2,0,15,0,0,3,0,3,5,8,5,0,18,20,0,20,38
01/27/2023,LSE,WI,AGL,CE,Federal Contract Tower,6,7,8,0,21,0,0,0,0,0,6,7,8,0,21,0,0,0,21
01/28/2023,LSE,WI,AGL,CE,Federal Contract Tower,4,3,4,0,11,0,0,3,0,3,4,3,7,0,14,2,0,2,16
01/29/2023,LSE,WI,AGL,CE,Federal Contract Tower,5,4,5,0,14,0,2,22,0,24,5,6,27,0,38,26,0,26,64
01/30/2023,LSE,WI,AGL,CE,Federal Contract Tower,3,5,10,0,18,0,0,23,0,23,3,5,33,0,41,12,0,12,53
01/31/2023,LSE,WI,AGL,CE,Federal Contract Tower,4,9,5,0,18,0,4,8,0,12,4,13,13,0,30,0,0,0,30
02/01/2023,LSE,WI,AGL,CE,Federal Contract Tower,4,10,6,2,22,0,5,15,0,20,4,15,21,2,42,16,0,16,58
02/02/2023,LSE,WI,AGL,CE,Federal Contract Tower,7,6,7,0,20,0,1,10,0,11,7,7,17,0,31,20,0,20,51
02/03/2023,LSE,WI,AGL,CE,Federal Contract Tower,7,8,12,0,27,0,0,7,0,7,7,8,19,0,34,26,0,26,60
02/04/2023,LSE,WI,AGL,CE,Federal Contract Tower,3,7,2,0,12,0,0,22,0,22,3,7,24,0,34,22,0,22,56
02/05/2023,LSE,WI,AGL,CE,Federal Contract Tower,6,10,2,0,18,0,0,12,10,22,6,10,14,10,40,36,0,36,76
02/06/2023,LSE,WI,AGL,CE,Federal Contract Tower,2,8,6,0,16,0,0,5,2,7,2,8,11,2,23,0,0,0,23
02/07/2023,LSE,WI,AGL,CE,Federal Contract Tower,2,9,3,0,14,0,0,8,1,9,2,9,11,1,23,20,0,20,43
02/08/2023,LSE,WI,AGL,CE,Federal Contract Tower,2,13,1,0,16,0,1,25,0,26,2,14,26,0,42,54,0,54,96
02/09/2023,LSE,WI,AGL,CE,Federal Contract Tower,3,11,0,0,14,0,0,4,0,4,3,11,4,0,18,12,0,12,30
02/10/2023,LSE,WI,AGL,CE,Federal Contract Tower,2,6,5,0,13,0,0,16,0,16,2,6,21,0,29,28,0,28,57
02/11/2023,LSE,WI,AGL,CE,Federal Contract Tower,2,8,4,0,14,0,0,5,0,5,2,8,9,0,19,2,0,2,21
02/12/2023,LSE,WI,AGL,CE,Federal Contract Tower,2,12,3,0,17,0,1,15,0,16,2,13,18,0,33,18,0,18,51
02/13/2023,LSE,WI,AGL,CE,Federal Contract Tower,2,10,5,0,17,0,2,15,0,17,2,12,20,0,34,10,0,10,44
02/14/2023,LSE,WI,AGL,CE,Federal Contract Tower,2,7,3,0,12,0,0,1,0,1,2,7,4,0,13,2,0,2,15
02/15/2023,LSE,WI,AGL,CE,Federal Contract Tower,2,10,4,0,16,0,0,2,0,2,2,10,6,0,18,18,0,18,36
02/16/2023,LSE,WI,AGL,CE,Federal Contract Tower,3,8,1,0,12,0,0,3,0,3,3,8,4,0,15,2,0,2,17
02/17/2023,LSE,WI,AGL,CE,Federal Contract Tower,2,13,11,0,26,0,2,26,0,28,2,15,37,0,54,10,0,10,64
02/18/2023,LSE,WI,AGL,CE,Federal Contract Tower,2,7,8,0,17,0,0,29,0,29,2,7,37,0,46,4,0,4,50
02/19/2023,LSE,WI,AGL,CE,Federal Contract Tower,4,13,7,0,24,0,0,16,0,16,4,13,23,0,40,20,0,20,60
02/20/2023,LSE,WI,AGL,CE,Federal Contract Tower,2,8,2,0,12,0,0,3,0,3,2,8,5,0,15,10,0,10,25
02/21/2023,LSE,WI,AGL,CE,Federal Contract Tower,0,7,6,0,13,0,0,2,0,2,0,7,8,0,15,0,0,0,15
02/22/2023,LSE,WI,AGL,CE,Federal Contract Tower,0,7,2,0,9,0,0,0,0,0,0,7,2,0,9,0,0,0,9
02/23/2023,LSE,WI,AGL,CE,Federal Contract Tower,0,2,12,0,14,0,0,0,0,0,0,2,12,0,14,0,0,0,14
02/24/2023,LSE,WI,AGL,CE,Federal Contract Tower,2,11,4,1,18,0,0,11,0,11,2,11,15,1,29,6,0,6,35
02/25/2023,LSE,WI,AGL,CE,Federal Contract Tower,3,8,3,0,14,0,2,24,0,26,3,10,27,0,40,2,0,2,42
02/26/2023,LSE,WI,AGL,CE,Federal Contract Tower,2,11,1,0,14,0,6,34,0,40,2,17,35,0,54,46,0,46,100
02/27/2023,LSE,WI,AGL,CE,Federal Contract Tower,2,7,0,0,9,0,0,0,0,0,2,7,0,0,9,0,0,0,9
02/28/2023,LSE,WI,AGL,CE,Federal Contract Tower,2,3,8,0,13,0,0,24,0,24,2,3,32,0,37,22,0,22,59
03/01/2023,LSE,WI,AGL,CE,Federal Contract Tower,2,8,6,0,16,0,1,0,0,1,2,9,6,0,17,4,0,4,21
03/02/2023,LSE,WI,AGL,CE,Federal Contract Tower,2,10,10,1,23,0,3,16,1,20,2,13,26,2,43,74,0,74,117
03/03/2023,LSE,WI,AGL,CE,Federal Contract Tower,2,10,12,0,24,0,0,6,0,6,2,10,18,0,30,12,0,12,42
03/04/2023,LSE,WI,AGL,CE,Federal Contract Tower,2,7,2,0,11,0,0,14,0,14,2,7,16,0,25,56,0,56,81
03/05/2023,LSE,WI,AGL,CE,Federal Contract Tower,2,8,4,0,14,0,2,7,0,9,2,10,11,0,23,2,0,2,25
03/06/2023,LSE,WI,AGL,CE,Federal Contract Tower,2,6,11,0,19,0,0,0,0,0,2,6,11,0,19,0,0,0,19
03/07/2023,LSE,WI,AGL,CE,Federal Contract Tower,3,6,10,1,20,0,0,31,2,33,3,6,41,3,53,44,10,54,107
03/08/2023,LSE,WI,AGL,CE,Federal Contract Tower,2,14,17,0,33,0,0,17,0,17,2,14,34,0,50,30,0,30,80
03/09/2023,LSE,WI,AGL,CE,Federal Contract Tower,2,8,8,0,18,0,0,0,0,0,2,8,8,0,18,0,0,0,18
03/10/2023,LSE,WI,AGL,CE,Federal Contract Tower,2,11,1,6,20,0,0,0,0,0,2,11,1,6,20,0,0,0,20
03/11/2023,LSE,WI,AGL,CE,Federal Contract Tower,2,8,4,0,14,0,0,0,0,0,2,8,4,0,14,0,0,0,14
03/12/2023,LSE,WI,AGL,CE,Federal Contract Tower,2,13,4,0,19,0,0,0,0,0,2,13,4,0,19,0,0,0,19
03/13/2023,LSE,WI,AGL,CE,Federal Contract Tower,2,10,7,0,19,0,0,1,0,1,2,10,8,0,20,2,0,2,22
03/14/2023,LSE,WI,AGL,CE,Federal Contract Tower,2,13,2,0,17,0,0,35,0,35,2,13,37,0,52,48,0,48,100
03/15/2023,LSE,WI,AGL,CE,Federal Contract Tower,2,7,6,0,15,0,0,11,0,11,2,7,17,0,26,28,0,28,54
03/16/2023,LSE,WI,AGL,CE,Federal Contract Tower,0,12,3,0,15,0,0,0,0,0,0,12,3,0,15,0,0,0,15
03/17/2023,LSE,WI,AGL,CE,Federal Contract Tower,2,12,4,0,18,0,0,2,0,2,2,12,6,0,20,0,0,0,20
03/18/2023,LSE,WI,AGL,CE,Federal Contract Tower,2,9,3,0,14,0,0,2,0,2,2,9,5,0,16,0,0,0,16
03/19/2023,LSE,WI,AGL,CE,Federal Contract Tower,4,10,3,1,18,0,0,28,2,30,4,10,31,3,48,26,0,26,74
03/20/2023,LSE,WI,AGL,CE,Federal Contract Tower,2,14,6,0,22,0,0,19,3,22,2,14,25,3,44,30,0,30,74
03/21/2023,LSE,WI,AGL,CE,Federal Contract Tower,2,9,0,0,11,0,0,0,0,0,2,9,0,0,11,4,0,4,15
03/22/2023,LSE,WI,AGL,CE,Federal Contract Tower,2,13,5,0,20,0,0,2,0,2,2,13,7,0,22,0,0,0,22
03/23/2023,LSE,WI,AGL,CE,Federal Contract Tower,2,14,12,2,30,0,0,17,0,17,2,14,29,2,47,12,0,12,59
03/24/2023,LSE,WI,AGL,CE,Federal Contract Tower,2,8,6,0,16,0,1,38,2,41,2,9,44,2,57,42,0,42,99
03/25/2023,LSE,WI,AGL,CE,Federal Contract Tower,2,7,4,0,13,0,0,23,2,25,2,7,27,2,38,0,0,0,38
03/26/2023,LSE,WI,AGL,CE,Federal Contract Tower,2,10,7,0,19,0,0,26,5,31,2,10,33,5,50,42,0,42,92
03/27/2023,LSE,WI,AGL,CE,Federal Contract Tower,2,9,5,0,16,0,1,15,0,16,2,10,20,0,32,20,0,20,52
03/29/2023,LSE,WI,AGL,CE,Federal Contract Tower,2,15,4,0,21,0,0,15,0,15,2,15,19,0,36,6,0,6,42
03/30/2023,LSE,WI,AGL,CE,Federal Contract Tower,2,11,1,0,14,0,0,3,0,3,2,11,4,0,17,26,0,26,43
03/31/2023,LSE,WI,AGL,CE,Federal Contract Tower,2,6,7,0,15,0,0,0,0,0,2,6,7,0,15,0,0,0,15
04/01/2023,LSE,WI,AGL,CE,Federal Contract Tower,2,8,2,0,12,0,0,19,0,19,2,8,21,0,31,26,0,26,57
04/02/2023,LSE,WI,AGL,CE,Federal Contract Tower,3,9,2,0,14,0,0,12,0,12,3,9,14,0,26,10,0,10,36
04/03/2023,LSE,WI,AGL,CE,Federal Contract Tower,2,9,3,1,15,0,0,18,0,18,2,9,21,1,33,32,34,66,99
04/04/2023,LSE,WI,AGL,CE,Federal Contract Tower,2,9,3,0,14,0,0,0,0,0,2,9,3,0,14,0,0,0,14
04/05/2023,LSE,WI,AGL,CE,Federal Contract Tower,2,9,3,0,14,0,0,1,0,1,2,9,4,0,15,0,0,0,15
04/06/2023,LSE,WI,AGL,CE,Federal Contract Tower,0,15,2,0,17,0,0,32,0,32,0,15,34,0,49,2,0,2,51
04/07/2023,LSE,WI,AGL,CE,Federal Contract Tower,0,10,5,0,15,0,4,49,0,53,0,14,54,0,68,28,0,28,96
04/08/2023,LSE,WI,AGL,CE,Federal Contract Tower,0,9,11,0,20,0,0,22,0,22,0,9,33,0,42,28,0,28,70
04/09/2023,LSE,WI,AGL,CE,Federal Contract Tower,2,4,1,0,7,0,0,10,0,10,2,4,11,0,17,0,0,0,17
04/10/2023,LSE,WI,AGL,CE,Federal Contract Tower,3,9,10,0,22,0,1,16,0,17,3,10,26,0,39,2,4,6,45
04/11/2023,LSE,WI,AGL,CE,Federal Contract Tower,2,15,5,0,22,0,0,16,0,16,2,15,21,0,38,26,0,26,64
04/12/2023,LSE,WI,AGL,CE,Federal Contract Tower,2,9,5,0,16,0,0,22,0,22,2,9,27,0,38,34,0,34,72
04/13/2023,LSE,WI,AGL,CE,Federal Contract Tower,2,15,7,2,26,0,0,23,2,25,2,15,30,4,51,2,8,10,61
04/14/2023,LSE,WI,AGL,CE,Federal Contract Tower,2,11,5,0,18,0,0,26,5,31,2,11,31,5,49,22,0,22,71
04/15/2023,LSE,WI,AGL,CE,Federal Contract Tower,2,7,4,0,13,0,0,5,5,10,2,7,9,5,23,42,0,42,65
04/16/2023,LSE,WI,AGL,CE,Federal Contract Tower,0,6,0,0,6,0,0,0,0,0,0,6,0,0,6,0,0,0,6
04/17/2023,LSE,WI,AGL,CE,Federal Contract Tower,2,15,2,0,19,0,0,0,2,2,2,15,2,2,21,0,0,0,21
04/18/2023,LSE,WI,AGL,CE,Federal Contract Tower,2,9,3,0,14,0,2,42,0,44,2,11,45,0,58,64,0,64,122
04/19/2023,LSE,WI,AGL,CE,Federal Contract Tower,2,12,3,0,17,0,0,0,0,0,2,12,3,0,17,0,0,0,17
04/20/2023,LSE,WI,AGL,CE,Federal Contract Tower,2,10,10,0,22,0,0,1,0,1,2,10,11,0,23,0,0,0,23
04/21/2023,LSE,WI,AGL,CE,Federal Contract Tower,2,8,7,0,17,0,0,7,0,7,2,8,14,0,24,10,0,10,34
04/22/2023,LSE,WI,AGL,CE,Federal Contract Tower,2,10,3,0,15,0,0,0,0,0,2,10,3,0,15,0,0,0,15
04/24/2023,LSE,WI,AGL,CE,Federal Contract Tower,2,8,7,0,17,0,0,7,0,7,2,8,14,0,24,0,0,0,24
04/25/2023,LSE,WI,AGL,CE,Federal Contract Tower,2,13,7,0,22,0,0,22,0,22,2,13,29,0,44,26,0,26,70
04/26/2023,LSE,WI,AGL,CE,Federal Contract Tower,2,13,9,0,24,0,1,87,0,88,2,14,96,0,112,64,0,64,176
04/27/2023,LSE,WI,AGL,CE,Federal Contract Tower,4,12,6,0,22,0,0,17,0,17,4,12,23,0,39,66,0,66,105
04/28/2023,LSE,WI,AGL,CE,Federal Contract Tower,2,15,11,0,28,0,0,24,2,26,2,15,35,2,54,42,0,42,96
04/29/2023,LSE,WI,AGL,CE,Federal Contract Tower,2,8,1,0,11,0,0,1,0,1,2,8,2,0,12,0,0,0,12
04/30/2023,LSE,WI,AGL,CE,Federal Contract Tower,2,12,3,0,17,0,0,0,0,0,2,12,3,0,17,0,0,0,17
05/01/2023,LSE,WI,AGL,CE,Federal Contract Tower,4,9,0,0,13,0,0,0,0,0,4,9,0,0,13,0,0,0,13
05/02/2023,LSE,WI,AGL,CE,Federal Contract Tower,2,13,12,0,27,0,0,3,0,3,2,13,15,0,30,6,0,6,36
05/03/2023,LSE,WI,AGL,CE,Federal Contract Tower,2,10,5,0,17,0,3,48,0,51,2,13,53,0,68,94,0,94,162
05/04/2023,LSE,WI,AGL,CE,Federal Contract Tower,2,13,11,0,26,0,2,29,0,31,2,15,40,0,57,10,0,10,67
05/05/2023,LSE,WI,AGL,CE,Federal Contract Tower,2,7,5,0,14,0,0,9,2,11,2,7,14,2,25,12,0,12,37
05/06/2023,LSE,WI,AGL,CE,Federal Contract Tower,3,5,0,0,8,0,0,0,0,0,3,5,0,0,8,0,0,0,8
05/07/2023,LSE,WI,AGL,CE,Federal Contract Tower,2,7,5,0,14,0,0,4,0,4,2,7,9,0,18,2,0,2,20
05/08/2023,LSE,WI,AGL,CE,Federal Contract Tower,2,9,6,0,17,0,0,2,0,2,2,9,8,0,19,0,0,0,19
05/09/2023,LSE,WI,AGL,CE,Federal Contract Tower,2,8,9,0,19,0,0,16,2,18,2,8,25,2,37,56,0,56,93
05/10/2023,LSE,WI,AGL,CE,Federal Contract Tower,2,9,10,0,21,0,0,32,0,32,2,9,42,0,53,58,0,58,111
05/11/2023,LSE,WI,AGL,CE,Federal Contract Tower,2,13,10,0,25,0,2,19,2,23,2,15,29,2,48,60,16,76,124
05/12/2023,LSE,WI,AGL,CE,Federal Contract Tower,2,14,5,0,21,0,0,1,0,1,2,14,6,0,22,14,0,14,36
05/13/2023,LSE,WI,AGL,CE,Federal Contract Tower,3,11,4,0,18,0,0,4,0,4,3,11,8,0,22,12,0,12,34
05/14/2023,LSE,WI,AGL,CE,Federal Contract Tower,2,8,8,0,18,0,0,4,0,4,2,8,12,0,22,0,0,0,22
05/15/2023,LSE,WI,AGL,CE,Federal Contract Tower,2,10,13,0,25,0,2,43,0,45,2,12,56,0,70,64,0,64,134
05/16/2023,LSE,WI,AGL,CE,Federal Contract Tower,2,12,13,0,27,0,0,38,0,38,2,12,51,0,65,98,0,98,163
05/17/2023,LSE,WI,AGL,CE,Federal Contract Tower,2,8,6,0,16,0,0,35,0,35,2,8,41,0,51,22,0,22,73
05/18/2023,LSE,WI,AGL,CE,Federal Contract Tower,2,8,7,1,18,0,0,11,0,11,2,8,18,1,29,0,0,0,29
05/19/2023,LSE,WI,AGL,CE,Federal Contract Tower,2,11,6,2,21,0,0,17,0,17,2,11,23,2,38,50,0,50,88
05/20/2023,LSE,WI,AGL,CE,Federal Contract Tower,2,7,5,2,16,0,0,0,0,0,2,7,5,2,16,32,0,32,48
05/21/2023,LSE,WI,AGL,CE,Federal Contract Tower,2,9,1,0,12,0,2,23,0,25,2,11,24,0,37,8,0,8,45
05/22/2023,LSE,WI,AGL,CE,Federal Contract Tower,2,6,4,2,14,0,0,24,0,24,2,6,28,2,38,14,0,14,52
05/23/2023,LSE,WI,AGL,CE,Federal Contract Tower,2,9,6,0,17,0,0,35,0,35,2,9,41,0,52,111,0,111,163
05/24/2023,LSE,WI,AGL,CE,Federal Contract Tower,2,6,11,0,19,0,0,27,2,29,2,6,38,2,48,26,0,26,74
05/25/2023,LSE,WI,AGL,CE,Federal Contract Tower,2,8,3,0,13,0,0,19,0,19,2,8,22,0,32,24,0,24,56
05/26/2023,LSE,WI,AGL,CE,Federal Contract Tower,2,8,9,0,19,0,0,43,0,43,2,8,52,0,62,60,0,60,122
05/27/2023,LSE,WI,AGL,CE,Federal Contract Tower,2,6,4,0,12,0,0,36,0,36,2,6,40,0,48,26,0,26,74
05/28/2023,LSE,WI,AGL,CE,Federal Contract Tower,2,4,6,0,12,0,0,42,0,42,2,4,48,0,54,28,0,28,82
05/29/2023,LSE,WI,AGL,CE,Federal Contract Tower,2,6,4,0,12,0,0,11,0,11,2,6,15,0,23,24,0,24,47
05/30/2023,LSE,WI,AGL,CE,Federal Contract Tower,4,7,8,0,19,0,0,18,0,18,4,7,26,0,37,38,0,38,75
05/31/2023,LSE,WI,AGL,CE,Federal Contract Tower,2,6,7,0,15,0,0,20,0,20,2,6,27,0,35,30,0,30,65
06/01/2023,LSE,WI,AGL,CE,Federal Contract Tower,2,7,3,0,12,0,0,27,0,27,2,7,30,0,39,24,0,24,63
06/02/2023,LSE,WI,AGL,CE,Federal Contract Tower,2,5,3,0,10,0,0,19,0,19,2,5,22,0,29,18,0,18,47
06/03/2023,LSE,WI,AGL,CE,Federal Contract Tower,4,6,4,0,14,0,0,21,0,21,4,6,25,0,35,22,0,22,57
06/04/2023,LSE,WI,AGL,CE,Federal Contract Tower,2,5,6,0,13,0,0,20,0,20,2,5,26,0,33,16,0,16,49
06/05/2023,LSE,WI,AGL,CE,Federal Contract Tower,0,8,4,0,12,0,2,21,0,23,0,10,25,0,35,14,0,14,49
06/06/2023,LSE,WI,AGL,CE,Federal Contract Tower,0,6,6,0,12,0,0,19,0,19,0,6,25,0,31,38,0,38,69
06/07/2023,LSE,WI,AGL,CE,Federal Contract Tower,0,8,10,0,18,0,0,32,0,32,0,8,42,0,50,18,0,18,68
06/08/2023,LSE,WI,AGL,CE,Federal Contract Tower,0,7,18,0,25,0,4,45,0,49,0,11,63,0,74,18,0,18,92
06/09/2023,LSE,WI,AGL,CE,Federal Contract Tower,0,11,10,0,21,0,1,34,0,35,0,12,44,0,56,62,0,62,118
06/10/2023,LSE,WI,AGL,CE,Federal Contract Tower,1,4,3,1,9,0,0,48,3,51,1,4,51,4,60,18,0,18,78
06/11/2023,LSE,WI,AGL,CE,Federal Contract Tower,1,3,3,0,7,0,2,15,0,17,1,5,18,0,24,8,0,8,32
06/12/2023,LSE,WI,AGL,CE,Federal Contract Tower,0,4,5,2,11,0,0,18,0,18,0,4,23,2,29,12,0,12,41
06/13/2023,LSE,WI,AGL,CE,Federal Contract Tower,0,7,9,2,18,0,0,12,0,12,0,7,21,2,30,22,0,22,52
06/14/2023,LSE,WI,AGL,CE,Federal Contract Tower,0,13,9,2,24,0,0,23,1,24,0,13,32,3,48,20,10,30,78
06/15/2023,LSE,WI,AGL,CE,Federal Contract Tower,0,11,9,0,20,0,0,35,0,35,0,11,44,0,55,26,0,26,81
06/16/2023,LSE,WI,AGL,CE,Federal Contract Tower,0,7,10,0,17,0,0,22,0,22,0,7,32,0,39,24,0,24,63
06/17/2023,LSE,WI,AGL,CE,Federal Contract Tower,0,8,5,0,13,0,0,25,0,25,0,8,30,0,38,2,0,2,40
06/18/2023,LSE,WI,AGL,CE,Federal Contract Tower,0,5,7,0,12,0,0,7,0,7,0,5,14,0,19,0,0,0,19
06/19/2023,LSE,WI,AGL,CE,Federal Contract Tower,0,17,7,0,24,0,0,26,0,26,0,17,33,0,50,0,6,6,56
06/20/2023,LSE,WI,AGL,CE,Federal Contract Tower,0,10,8,4,22,0,2,24,0,26,0,12,32,4,48,32,4,36,84
06/21/2023,LSE,WI,AGL,CE,Federal Contract Tower,0,9,9,4,22,0,2,23,2,27,0,11,32,6,49,6,4,10,59
06/22/2023,LSE,WI,AGL,CE,Federal Contract Tower,1,7,7,3,18,0,0,30,2,32,1,7,37,5,50,28,0,28,78
06/23/2023,LSE,WI,AGL,CE,Federal Contract Tower,1,15,9,1,26,0,2,24,1,27,1,17,33,2,53,2,4,6,59
06/24/2023,LSE,WI,AGL,CE,Federal Contract Tower,0,4,6,0,10,0,0,14,0,14,0,4,20,0,24,0,0,0,24
06/25/2023,LSE,WI,AGL,CE,Federal Contract Tower,0,5,8,0,13,0,0,2,0,2,0,5,10,0,15,2,0,2,17
06/26/2023,LSE,WI,AGL,CE,Federal Contract Tower,0,14,15,0,29,0,0,6,0,6,0,14,21,0,35,8,0,8,43
06/27/2023,LSE,WI,AGL,CE,Federal Contract Tower,0,11,2,3,16,0,3,6,3,12,0,14,8,6,28,12,0,12,40
06/28/2023,LSE,WI,AGL,CE,Federal Contract Tower,0,11,14,0,25,0,0,1,0,1,0,11,15,0,26,0,0,0,26
06/29/2023,LSE,WI,AGL,CE,Federal Contract Tower,0,12,5,0,17,0,0,9,0,9,0,12,14,0,26,0,0,0,26
06/30/2023,LSE,WI,AGL,CE,Federal Contract Tower,0,9,11,0,20,0,0,20,0,20,0,9,31,0,40,48,0,48,88
07/01/2023,LSE,WI,AGL,CE,Federal Contract Tower,0,7,4,0,11,0,0,27,0,27,0,7,31,0,38,14,0,14,52
07/02/2023,LSE,WI,AGL,CE,Federal Contract Tower,2,6,0,0,8,0,0,21,0,21,2,6,21,0,29,0,0,0,29
07/03/2023,LSE,WI,AGL,CE,Federal Contract Tower,0,10,5,0,15,0,0,33,0,33,0,10,38,0,48,16,0,16,64
07/04/2023,LSE,WI,AGL,CE,Federal Contract Tower,0,2,2,0,4,0,0,29,0,29,0,2,31,0,33,24,0,24,57
07/05/2023,LSE,WI,AGL,CE,Federal Contract Tower,0,8,9,0,17,0,0,9,0,9,0,8,18,0,26,2,0,2,28
07/06/2023,LSE,WI,AGL,CE,Federal Contract Tower,2,8,4,0,14,0,0,30,0,30,2,8,34,0,44,4,0,4,48
07/07/2023,LSE,WI,AGL,CE,Federal Contract Tower,0,13,9,1,23,0,0,28,1,29,0,13,37,2,52,30,0,30,82
07/08/2023,LSE,WI,AGL,CE,Federal Contract Tower,0,8,4,0,12,0,0,50,0,50,0,8,54,0,62,38,0,38,100
07/09/2023,LSE,WI,AGL,CE,Federal Contract Tower,0,7,0,0,7,0,0,33,0,33,0,7,33,0,40,6,0,6,46
07/10/2023,LSE,WI,AGL,CE,Federal Contract Tower,0,17,8,0,25,0,0,29,0,29,0,17,37,0,54,2,0,2,56
07/11/2023,LSE,WI,AGL,CE,Federal Contract Tower,0,17,7,0,24,0,1,37,0,38,0,18,44,0,62,18,0,18,80
07/12/2023,LSE,WI,AGL,CE,Federal Contract Tower,0,9,5,0,14,0,0,1,0,1,0,9,6,0,15,2,0,2,17
07/13/2023,LSE,WI,AGL,CE,Federal Contract Tower,0,10,11,0,21,0,0,5,0,5,0,10,16,0,26,0,0,0,26
07/14/2023,LSE,WI,AGL,CE,Federal Contract Tower,0,9,6,0,15,0,0,27,0,27,0,9,33,0,42,16,0,16,58
07/15/2023,LSE,WI,AGL,CE,Federal Contract Tower,0,9,7,0,16,0,0,28,0,28,0,9,35,0,44,10,0,10,54
07/16/2023,LSE,WI,AGL,CE,Federal Contract Tower,0,10,2,0,12,0,1,16,0,17,0,11,18,0,29,12,0,12,41
07/17/2023,LSE,WI,AGL,CE,Federal Contract Tower,0,11,12,0,23,0,0,21,0,21,0,11,33,0,44,30,0,30,74
07/18/2023,LSE,WI,AGL,CE,Federal Contract Tower,0,9,9,0,18,0,0,46,2,48,0,9,55,2,66,42,0,42,108
07/19/2023,LSE,WI,AGL,CE,Federal Contract Tower,0,11,9,0,20,0,0,28,3,31,0,11,37,3,51,38,0,38,89
07/20/2023,LSE,WI,AGL,CE,Federal Contract Tower,0,16,21,0,37,0,0,54,0,54,0,16,75,0,91,0,0,0,91
07/21/2023,LSE,WI,AGL,CE,Federal Contract Tower,0,10,21,0,31,0,12,202,0,214,0,22,223,0,245,4,0,4,249
07/22/2023,LSE,WI,AGL,CE,Federal Contract Tower,0,9,11,0,20,0,0,154,0,154,0,9,165,0,174,0,0,0,174
07/23/2023,LSE,WI,AGL,CE,Federal Contract Tower,0,7,6,0,13,0,0,30,2,32,0,7,36,2,45,0,0,0,45
07/24/2023,LSE,WI,AGL,CE,Federal Contract Tower,0,9,6,4,19,0,0,30,1,31,0,9,36,5,50,12,0,12,62
07/25/2023,LSE,WI,AGL,CE,Federal Contract Tower,0,9,8,0,17,0,0,41,0,41,0,9,49,0,58,26,0,26,84
07/26/2023,LSE,WI,AGL,CE,Federal Contract Tower,0,10,5,0,15,0,0,34,0,34,0,10,39,0,49,0,0,0,49
07/27/2023,LSE,WI,AGL,CE,Federal Contract Tower,0,8,8,4,20,0,1,42,2,45,0,9,50,6,65,4,8,12,77
07/28/2023,LSE,WI,AGL,CE,Federal Contract Tower,0,9,4,0,13,0,0,40,0,40,0,9,44,0,53,32,0,32,85
07/29/2023,LSE,WI,AGL,CE,Federal Contract Tower,0,6,5,0,11,0,0,26,0,26,0,6,31,0,37,26,0,26,63
07/30/2023,LSE,WI,AGL,CE,Federal Contract Tower,0,6,7,0,13,0,0,31,4,35,0,6,38,4,48,32,2,34,82
07/31/2023,LSE,WI,AGL,CE,Federal Contract Tower,0,8,7,0,15,0,0,34,0,34,0,8,41,0,49,22,0,22,71
08/01/2023,LSE,WI,AGL,CE,Federal Contract Tower,0,8,6,0,14,0,0,26,0,26,0,8,32,0,40,12,0,12,52
08/02/2023,LSE,WI,AGL,CE,Federal Contract Tower,0,18,7,2,27,0,0,28,0,28,0,18,35,2,55,8,16,24,79
08/03/2023,LSE,WI,AGL,CE,Federal Contract Tower,0,10,9,2,21,0,2,11,3,16,0,12,20,5,37,2,30,32,69
08/04/2023,LSE,WI,AGL,CE,Federal Contract Tower,0,10,9,6,25,0,0,30,0,30,0,10,39,6,55,6,2,8,63
08/05/2023,LSE,WI,AGL,CE,Federal Contract Tower,0,6,8,0,14,0,0,28,0,28,0,6,36,0,42,26,0,26,68
08/06/2023,LSE,WI,AGL,CE,Federal Contract Tower,0,7,3,0,10,0,0,11,0,11,0,7,14,0,21,40,0,40,61
08/07/2023,LSE,WI,AGL,CE,Federal Contract Tower,0,9,5,2,16,0,0,26,8,34,0,9,31,10,50,10,8,18,68
08/08/2023,LSE,WI,AGL,CE,Federal Contract Tower,0,9,6,0,15,0,0,34,0,34,0,9,40,0,49,24,0,24,73
08/09/2023,LSE,WI,AGL,CE,Federal Contract Tower,2,8,5,0,15,0,0,17,0,17,2,8,22,0,32,2,0,2,34
08/10/2023,LSE,WI,AGL,CE,Federal Contract Tower,0,11,10,4,25,0,0,30,0,30,0,11,40,4,55,32,6,38,93
08/11/2023,LSE,WI,AGL,CE,Federal Contract Tower,2,14,7,0,23,0,0,14,0,14,2,14,21,0,37,10,0,10,47
08/12/2023,LSE,WI,AGL,CE,Federal Contract Tower,21,13,2,0,36,0,0,51,0,51,21,13,53,0,87,10,2,12,99
08/13/2023,LSE,WI,AGL,CE,Federal Contract Tower,2,10,6,0,18,0,1,8,3,12,2,11,14,3,30,6,0,6,36
08/14/2023,LSE,WI,AGL,CE,Federal Contract Tower,0,6,6,2,14,0,1,2,0,3,0,7,8,2,17,0,0,0,17
08/15/2023,LSE,WI,AGL,CE,Federal Contract Tower,0,8,9,0,17,0,1,37,0,38,0,9,46,0,55,24,12,36,91
08/16/2023,LSE,WI,AGL,CE,Federal Contract Tower,0,12,7,0,19,0,0,12,3,15,0,12,19,3,34,18,10,28,62
08/17/2023,LSE,WI,AGL,CE,Federal Contract Tower,0,9,11,0,20,0,0,19,2,21,0,9,30,2,41,2,24,26,67
08/18/2023,LSE,WI,AGL,CE,Federal Contract Tower,0,5,10,2,17,0,0,44,2,46,0,5,54,4,63,48,8,56,119
08/19/2023,LSE,WI,AGL,CE,Federal Contract Tower,0,12,1,0,13,0,0,18,0,18,0,12,19,0,31,2,0,2,33
08/20/2023,LSE,WI,AGL,CE,Federal Contract Tower,0,3,3,0,6,0,0,34,0,34,0,3,37,0,40,14,0,14,54
08/21/2023,LSE,WI,AGL,CE,Federal Contract Tower,0,6,10,4,20,0,0,13,1,14,0,6,23,5,34,18,2,20,54
08/22/2023,LSE,WI,AGL,CE,Federal Contract Tower,0,13,8,2,23,0,0,11,1,12,0,13,19,3,35,18,0,18,53
08/23/2023,LSE,WI,AGL,CE,Federal Contract Tower,0,11,4,0,15,0,0,23,2,25,0,11,27,2,40,2,0,2,42
08/24/2023,LSE,WI,AGL,CE,Federal Contract Tower,0,13,12,0,25,0,0,17,0,17,0,13,29,0,42,16,0,16,58
08/25/2023,LSE,WI,AGL,CE,Federal Contract Tower,2,5,17,0,24,0,0,12,0,12,2,5,29,0,36,32,0,32,68
08/26/2023,LSE,WI,AGL,CE,Federal Contract Tower,23,9,9,0,41,0,0,6,0,6,23,9,15,0,47,0,0,0,47
08/27/2023,LSE,WI,AGL,CE,Federal Contract Tower,0,4,8,0,12,0,0,30,1,31,0,4,38,1,43,16,0,16,59
08/28/2023,LSE,WI,AGL,CE,Federal Contract Tower,0,5,3,0,8,0,1,40,0,41,0,6,43,0,49,20,0,20,69
08/29/2023,LSE,WI,AGL,CE,Federal Contract Tower,0,8,10,0,18,0,0,34,0,34,0,8,44,0,52,34,0,34,86
08/30/2023,LSE,WI,AGL,CE,Federal Contract Tower,0,9,4,0,13,0,0,24,0,24,0,9,28,0,37,20,0,20,57
08/31/2023,LSE,WI,AGL,CE,Federal Contract Tower,0,5,9,0,14,0,0,44,0,44,0,5,53,0,58,32,0,32,90
